dep;jour;n_dose1;n_complet;n_cum_dose1;n_cum_complet;couv_dose1;couv_complet
01;2020-12-27;0;0;0;0;0.0;0.0
01;2020-12-28;0;0;0;0;0.0;0.0
01;2020-12-29;0;0;0;0;0.0;0.0
01;2020-12-30;0;0;0;0;0.0;0.0
01;2020-12-31;0;0;0;0;0.0;0.0
01;2021-01-01;0;0;0;0;0.0;0.0
01;2021-01-02;0;0;0;0;0.0;0.0
01;2021-01-03;0;0;0;0;0.0;0.0
01;2021-01-04;0;0;0;0;0.0;0.0
01;2021-01-05;2;0;2;0;0.0;0.0
01;2021-01-06;1;0;3;0;0.0;0.0
01;2021-01-07;67;0;70;0;0.0;0.0
01;2021-01-08;159;0;229;0;0.0;0.0
01;2021-01-09;2;1;231;1;0.0;0.0
01;2021-01-10;0;0;231;1;0.0;0.0
01;2021-01-11;147;0;378;1;0.1;0.0
01;2021-01-12;317;2;695;3;0.1;0.0
01;2021-01-13;444;1;1139;4;0.2;0.0
01;2021-01-14;527;3;1666;7;0.3;0.0
01;2021-01-15;396;3;2062;10;0.3;0.0
01;2021-01-16;202;0;2264;10;0.3;0.0
01;2021-01-17;128;0;2392;10;0.4;0.0
01;2021-01-18;378;1;2770;11;0.4;0.0
01;2021-01-19;1039;1;3809;12;0.6;0.0
01;2021-01-20;1261;2;5070;14;0.8;0.0
01;2021-01-21;1096;4;6166;18;0.9;0.0
01;2021-01-22;645;0;6811;18;1.0;0.0
01;2021-01-23;222;0;7033;18;1.1;0.0
01;2021-01-24;71;1;7104;19;1.1;0.0
01;2021-01-25;481;1;7585;20;1.2;0.0
01;2021-01-26;738;3;8323;23;1.3;0.0
01;2021-01-27;517;5;8840;28;1.3;0.0
01;2021-01-28;681;54;9521;82;1.4;0.0
01;2021-01-29;636;101;10157;183;1.5;0.0
01;2021-01-30;235;15;10392;198;1.6;0.0
01;2021-01-31;61;0;10453;198;1.6;0.0
01;2021-02-01;449;75;10902;273;1.7;0.0
01;2021-02-02;513;184;11415;457;1.7;0.1
01;2021-02-03;373;298;11788;755;1.8;0.1
01;2021-02-04;477;418;12265;1173;1.9;0.2
01;2021-02-05;437;281;12702;1454;1.9;0.2
01;2021-02-06;260;139;12962;1593;2.0;0.2
01;2021-02-07;2;113;12964;1706;2.0;0.3
01;2021-02-08;505;407;13469;2113;2.1;0.3
01;2021-02-09;771;857;14240;2970;2.2;0.5
01;2021-02-10;948;718;15188;3688;2.3;0.6
01;2021-02-11;788;777;15976;4465;2.4;0.7
01;2021-02-12;636;554;16612;5019;2.5;0.8
01;2021-02-13;159;149;16771;5168;2.6;0.8
01;2021-02-14;0;9;16771;5177;2.6;0.8
01;2021-02-15;436;445;17207;5622;2.6;0.9
01;2021-02-16;656;414;17863;6036;2.7;0.9
01;2021-02-17;518;244;18381;6280;2.8;1.0
01;2021-02-18;589;565;18970;6845;2.9;1.0
01;2021-02-19;577;245;19547;7090;3.0;1.1
01;2021-02-20;200;154;19747;7244;3.0;1.1
01;2021-02-21;0;1;19747;7245;3.0;1.1
01;2021-02-22;427;555;20174;7800;3.1;1.2
01;2021-02-23;482;522;20656;8322;3.1;1.3
01;2021-02-24;433;465;21089;8787;3.2;1.3
01;2021-02-25;817;608;21906;9395;3.3;1.4
01;2021-02-26;870;546;22776;9941;3.5;1.5
01;2021-02-27;480;114;23256;10055;3.5;1.5
01;2021-02-28;20;3;23276;10058;3.5;1.5
01;2021-03-01;625;451;23901;10509;3.6;1.6
01;2021-03-02;960;555;24861;11064;3.8;1.7
01;2021-03-03;935;664;25796;11728;3.9;1.8
01;2021-03-04;1194;633;26990;12361;4.1;1.9
01;2021-03-05;1353;492;28343;12853;4.3;2.0
01;2021-03-06;780;96;29123;12949;4.4;2.0
01;2021-03-07;43;1;29166;12950;4.4;2.0
01;2021-03-08;665;622;29831;13572;4.5;2.1
01;2021-03-09;1332;605;31163;14177;4.7;2.2
01;2021-03-10;1161;530;32324;14707;4.9;2.2
01;2021-03-11;1677;637;34001;15344;5.2;2.3
01;2021-03-12;2001;624;36002;15968;5.5;2.4
01;2021-03-13;1498;85;37500;16053;5.7;2.4
01;2021-03-14;131;57;37631;16110;5.7;2.5
01;2021-03-15;1155;397;38786;16507;5.9;2.5
01;2021-03-16;1006;557;39792;17064;6.1;2.6
01;2021-03-17;836;339;40628;17403;6.2;2.6
01;2021-03-18;1287;461;41915;17864;6.4;2.7
01;2021-03-19;1746;527;43661;18391;6.6;2.8
01;2021-03-20;1446;124;45107;18515;6.9;2.8
01;2021-03-21;97;10;45204;18525;6.9;2.8
01;2021-03-22;1575;486;46779;19011;7.1;2.9
01;2021-03-23;2195;642;48974;19653;7.5;3.0
01;2021-03-24;1611;402;50585;20055;7.7;3.1
01;2021-03-25;2907;596;53492;20651;8.1;3.1
01;2021-03-26;2866;605;56358;21256;8.6;3.2
01;2021-03-27;1307;148;57665;21404;8.8;3.3
01;2021-03-28;21;1;57686;21405;8.8;3.3
01;2021-03-29;1928;543;59614;21948;9.1;3.3
01;2021-03-30;2512;749;62126;22697;9.5;3.5
01;2021-03-31;1866;619;63992;23316;9.7;3.5
01;2021-04-01;2561;840;66553;24156;10.1;3.7
01;2021-04-02;2816;698;69369;24854;10.6;3.8
01;2021-04-03;1256;126;70625;24980;10.8;3.8
01;2021-04-04;2;0;70627;24980;10.8;3.8
01;2021-04-05;1260;56;71887;25036;10.9;3.8
01;2021-04-06;2814;785;74701;25821;11.4;3.9
01;2021-04-07;2735;700;77436;26521;11.8;4.0
01;2021-04-08;3239;986;80675;27507;12.3;4.2
01;2021-04-09;3980;1322;84655;28829;12.9;4.4
01;2021-04-10;1822;296;86477;29125;13.2;4.4
01;2021-04-11;44;22;86521;29147;13.2;4.4
01;2021-04-12;2712;1215;89233;30362;13.6;4.6
01;2021-04-13;2931;1306;92164;31668;14.0;4.8
01;2021-04-14;3116;1075;95280;32743;14.5;5.0
01;2021-04-15;3071;1466;98351;34209;15.0;5.2
01;2021-04-16;2860;1566;101211;35775;15.4;5.4
01;2021-04-17;1653;678;102864;36453;15.7;5.5
01;2021-04-18;13;0;102877;36453;15.7;5.5
01;2021-04-19;2038;1521;104915;37974;16.0;5.8
01;2021-04-20;2660;1567;107575;39541;16.4;6.0
01;2021-04-21;2685;1340;110260;40881;16.8;6.2
01;2021-04-22;2833;1522;113093;42403;17.2;6.5
01;2021-04-23;2759;1518;115852;43921;17.6;6.7
01;2021-04-24;1446;648;117298;44569;17.9;6.8
01;2021-04-25;9;0;117307;44569;17.9;6.8
01;2021-04-26;1970;1718;119277;46287;18.2;7.0
01;2021-04-27;2569;1543;121846;47830;18.5;7.3
01;2021-04-28;2498;1567;124344;49397;18.9;7.5
01;2021-04-29;2719;1767;127063;51164;19.3;7.8
01;2021-04-30;2982;2236;130045;53400;19.8;8.1
01;2021-05-01;1470;856;131515;54256;20.0;8.3
01;2021-05-02;545;73;132060;54329;20.1;8.3
01;2021-05-03;2293;2476;134353;56805;20.5;8.6
01;2021-05-04;2544;2652;136897;59457;20.8;9.1
01;2021-05-05;2527;2492;139424;61949;21.2;9.4
01;2021-05-06;2993;2515;142417;64464;21.7;9.8
01;2021-05-07;3220;2781;145637;67245;22.2;10.2
01;2021-05-08;1644;922;147281;68167;22.4;10.4
01;2021-05-09;1023;158;148304;68325;22.6;10.4
01;2021-05-10;2500;3067;150804;71392;23.0;10.9
01;2021-05-11;3579;3050;154383;74442;23.5;11.3
01;2021-05-12;3650;2989;158033;77431;24.1;11.8
01;2021-05-13;4086;1495;162119;78926;24.7;12.0
01;2021-05-14;4271;2341;166390;81267;25.3;12.4
01;2021-05-15;3155;1432;169545;82699;25.8;12.6
01;2021-05-16;1410;150;170955;82849;26.0;12.6
01;2021-05-17;3434;2466;174389;85315;26.5;13.0
01;2021-05-18;4069;1952;178458;87267;27.2;13.3
01;2021-05-19;3970;1897;182428;89164;27.8;13.6
01;2021-05-20;4527;2011;186955;91175;28.5;13.9
01;2021-05-21;4613;2196;191568;93371;29.2;14.2
01;2021-05-22;3367;950;194935;94321;29.7;14.4
01;2021-05-23;831;81;195766;94402;29.8;14.4
01;2021-05-24;2765;498;198531;94900;30.2;14.4
01;2021-05-25;3554;2422;202085;97322;30.8;14.8
01;2021-05-26;3567;2245;205652;99567;31.3;15.2
01;2021-05-27;3847;2098;209499;101665;31.9;15.5
01;2021-05-28;3663;2638;213162;104303;32.4;15.9
01;2021-05-29;3059;1301;216221;105604;32.9;16.1
01;2021-05-30;613;88;216834;105692;33.0;16.1
01;2021-05-31;2402;2514;219236;108206;33.4;16.5
01;2021-06-01;2765;2578;222001;110784;33.8;16.9
01;2021-06-02;2878;2178;224879;112962;34.2;17.2
01;2021-06-03;3361;2426;228240;115388;34.7;17.6
01;2021-06-04;4501;3347;232741;118735;35.4;18.1
01;2021-06-05;3249;1717;235990;120452;35.9;18.3
01;2021-06-06;669;78;236659;120530;36.0;18.3
01;2021-06-07;3386;2870;240045;123400;36.5;18.8
01;2021-06-08;3647;2704;243692;126104;37.1;19.2
01;2021-06-09;2942;2628;246634;128732;37.5;19.6
01;2021-06-10;2758;2040;249392;130772;38.0;19.9
01;2021-06-11;3066;3363;252458;134135;38.4;20.4
01;2021-06-12;2403;2196;254861;136331;38.8;20.8
01;2021-06-13;200;478;255061;136809;38.8;20.8
01;2021-06-14;2122;3161;257183;139970;39.1;21.3
01;2021-06-15;2003;3358;259186;143328;39.5;21.8
01;2021-06-16;2177;3283;261363;146611;39.8;22.3
01;2021-06-17;1957;3168;263320;149779;40.1;22.8
01;2021-06-18;2593;4157;265913;153936;40.5;23.4
01;2021-06-19;1727;2553;267640;156489;40.7;23.8
01;2021-06-20;159;497;267799;156986;40.8;23.9
01;2021-06-21;1798;3705;269597;160691;41.0;24.5
01;2021-06-22;1547;3997;271144;164688;41.3;25.1
01;2021-06-23;1581;3755;272725;168443;41.5;25.6
01;2021-06-24;1469;3564;274194;172007;41.7;26.2
01;2021-06-25;1888;4567;276082;176574;42.0;26.9
01;2021-06-26;1203;2945;277285;179519;42.2;27.3
01;2021-06-27;170;340;277455;179859;42.2;27.4
01;2021-06-28;1377;4021;278832;183880;42.4;28.0
01;2021-06-29;1395;3848;280227;187728;42.7;28.6
01;2021-06-30;1372;4155;281599;191883;42.9;29.2
01;2021-07-01;1373;4083;282972;195966;43.1;29.8
01;2021-07-02;1578;4988;284550;200954;43.3;30.6
01;2021-07-03;857;3375;285407;204329;43.4;31.1
01;2021-07-04;103;498;285510;204827;43.5;31.2
01;2021-07-05;1465;4088;286975;208915;43.7;31.8
01;2021-07-06;1091;4286;288066;213201;43.8;32.5
01;2021-07-07;1628;3705;289694;216906;44.1;33.0
01;2021-07-08;1453;3677;291147;220583;44.3;33.6
01;2021-07-09;1875;4365;293022;224948;44.6;34.2
01;2021-07-10;1112;3445;294134;228393;44.8;34.8
01;2021-07-11;104;419;294238;228812;44.8;34.8
01;2021-07-12;1410;3846;295648;232658;45.0;35.4
01;2021-07-13;2042;4121;297690;236779;45.3;36.0
01;2021-07-14;136;180;297826;236959;45.3;36.1
01;2021-07-15;3074;4185;300900;241144;45.8;36.7
01;2021-07-16;3732;4829;304632;245973;46.4;37.4
01;2021-07-17;2176;3037;306808;249010;46.7;37.9
01;2021-07-18;286;553;307094;249563;46.7;38.0
01;2021-07-19;2900;3853;309994;253416;47.2;38.6
01;2021-07-20;3272;3685;313266;257101;47.7;39.1
01;2021-07-21;3916;3553;317182;260654;48.3;39.7
01;2021-07-22;4170;3472;321352;264126;48.9;40.2
01;2021-07-23;3912;4195;325264;268321;49.5;40.8
01;2021-07-24;2713;2707;327977;271028;49.9;41.3
01;2021-07-25;58;57;328035;271085;49.9;41.3
01;2021-07-26;3325;3235;331360;274320;50.4;41.8
01;2021-07-27;4083;2757;335443;277077;51.1;42.2
01;2021-07-28;3963;2629;339406;279706;51.7;42.6
01;2021-07-29;4668;2412;344074;282118;52.4;42.9
01;2021-07-30;4433;3399;348507;285517;53.0;43.5
01;2021-07-31;3600;1741;352107;287258;53.6;43.7
01;2021-08-01;380;58;352487;287316;53.7;43.7
02;2020-12-27;0;0;0;0;0.0;0.0
02;2020-12-28;0;0;0;0;0.0;0.0
02;2020-12-29;0;0;0;0;0.0;0.0
02;2020-12-30;0;0;0;0;0.0;0.0
02;2020-12-31;0;0;0;0;0.0;0.0
02;2021-01-01;0;0;0;0;0.0;0.0
02;2021-01-02;0;0;0;0;0.0;0.0
02;2021-01-03;0;0;0;0;0.0;0.0
02;2021-01-04;0;0;0;0;0.0;0.0
02;2021-01-05;0;0;0;0;0.0;0.0
02;2021-01-06;22;0;22;0;0.0;0.0
02;2021-01-07;261;1;283;1;0.1;0.0
02;2021-01-08;489;3;772;4;0.1;0.0
02;2021-01-09;74;0;846;4;0.2;0.0
02;2021-01-10;49;0;895;4;0.2;0.0
02;2021-01-11;267;0;1162;4;0.2;0.0
02;2021-01-12;355;1;1517;5;0.3;0.0
02;2021-01-13;468;4;1985;9;0.4;0.0
02;2021-01-14;651;11;2636;20;0.5;0.0
02;2021-01-15;630;7;3266;27;0.6;0.0
02;2021-01-16;333;4;3599;31;0.7;0.0
02;2021-01-17;62;0;3661;31;0.7;0.0
02;2021-01-18;810;5;4471;36;0.8;0.0
02;2021-01-19;942;5;5413;41;1.0;0.0
02;2021-01-20;1429;5;6842;46;1.3;0.0
02;2021-01-21;2598;4;9440;50;1.8;0.0
02;2021-01-22;1419;1;10859;51;2.1;0.0
02;2021-01-23;291;1;11150;52;2.1;0.0
02;2021-01-24;67;0;11217;52;2.1;0.0
02;2021-01-25;432;10;11649;62;2.2;0.0
02;2021-01-26;704;14;12353;76;2.3;0.0
02;2021-01-27;159;2;12512;78;2.4;0.0
02;2021-01-28;69;247;12581;325;2.4;0.1
02;2021-01-29;119;421;12700;746;2.4;0.1
02;2021-01-30;4;14;12704;760;2.4;0.1
02;2021-01-31;0;10;12704;770;2.4;0.1
02;2021-02-01;11;213;12715;983;2.4;0.2
02;2021-02-02;45;331;12760;1314;2.4;0.2
02;2021-02-03;124;339;12884;1653;2.4;0.3
02;2021-02-04;226;359;13110;2012;2.5;0.4
02;2021-02-05;178;418;13288;2430;2.5;0.5
02;2021-02-06;65;175;13353;2605;2.5;0.5
02;2021-02-07;9;0;13362;2605;2.5;0.5
02;2021-02-08;305;436;13667;3041;2.6;0.6
02;2021-02-09;322;681;13989;3722;2.7;0.7
02;2021-02-10;485;1046;14474;4768;2.8;0.9
02;2021-02-11;941;1908;15415;6676;2.9;1.3
02;2021-02-12;885;1121;16300;7797;3.1;1.5
02;2021-02-13;290;129;16590;7926;3.2;1.5
02;2021-02-14;1;5;16591;7931;3.2;1.5
02;2021-02-15;344;681;16935;8612;3.2;1.6
02;2021-02-16;413;571;17348;9183;3.3;1.7
02;2021-02-17;498;636;17846;9819;3.4;1.9
02;2021-02-18;507;446;18353;10265;3.5;2.0
02;2021-02-19;444;572;18797;10837;3.6;2.1
02;2021-02-20;372;231;19169;11068;3.6;2.1
02;2021-02-21;39;17;19208;11085;3.7;2.1
02;2021-02-22;377;317;19585;11402;3.7;2.2
02;2021-02-23;432;363;20017;11765;3.8;2.2
02;2021-02-24;600;146;20617;11911;3.9;2.3
02;2021-02-25;870;136;21487;12047;4.1;2.3
02;2021-02-26;808;71;22295;12118;4.2;2.3
02;2021-02-27;444;11;22739;12129;4.3;2.3
02;2021-02-28;55;2;22794;12131;4.3;2.3
02;2021-03-01;637;24;23431;12155;4.5;2.3
02;2021-03-02;1033;104;24464;12259;4.7;2.3
02;2021-03-03;752;204;25216;12463;4.8;2.4
02;2021-03-04;1160;668;26376;13131;5.0;2.5
02;2021-03-05;1048;505;27424;13636;5.2;2.6
02;2021-03-06;2137;94;29561;13730;5.6;2.6
02;2021-03-07;1503;39;31064;13769;5.9;2.6
02;2021-03-08;570;367;31634;14136;6.0;2.7
02;2021-03-09;998;398;32632;14534;6.2;2.8
02;2021-03-10;894;466;33526;15000;6.4;2.9
02;2021-03-11;1294;387;34820;15387;6.6;2.9
02;2021-03-12;1704;408;36524;15795;6.9;3.0
02;2021-03-13;2591;226;39115;16021;7.4;3.0
02;2021-03-14;1455;36;40570;16057;7.7;3.1
02;2021-03-15;612;449;41182;16506;7.8;3.1
02;2021-03-16;863;394;42045;16900;8.0;3.2
02;2021-03-17;759;450;42804;17350;8.1;3.3
02;2021-03-18;607;620;43411;17970;8.3;3.4
02;2021-03-19;1172;299;44583;18269;8.5;3.5
02;2021-03-20;2429;147;47012;18416;8.9;3.5
02;2021-03-21;1488;69;48500;18485;9.2;3.5
02;2021-03-22;761;500;49261;18985;9.4;3.6
02;2021-03-23;1194;545;50455;19530;9.6;3.7
02;2021-03-24;1581;492;52036;20022;9.9;3.8
02;2021-03-25;1693;592;53729;20614;10.2;3.9
02;2021-03-26;2411;480;56140;21094;10.7;4.0
02;2021-03-27;2495;122;58635;21216;11.1;4.0
02;2021-03-28;637;13;59272;21229;11.3;4.0
02;2021-03-29;1037;859;60309;22088;11.5;4.2
02;2021-03-30;1554;838;61863;22926;11.8;4.4
02;2021-03-31;1299;718;63162;23644;12.0;4.5
02;2021-04-01;1290;848;64452;24492;12.3;4.7
02;2021-04-02;1181;1227;65633;25719;12.5;4.9
02;2021-04-03;2647;849;68280;26568;13.0;5.1
02;2021-04-04;727;237;69007;26805;13.1;5.1
02;2021-04-05;1508;130;70515;26935;13.4;5.1
02;2021-04-06;1541;852;72056;27787;13.7;5.3
02;2021-04-07;1862;773;73918;28560;14.1;5.4
02;2021-04-08;1919;1101;75837;29661;14.4;5.6
02;2021-04-09;2433;1079;78270;30740;14.9;5.8
02;2021-04-10;2429;1198;80699;31938;15.3;6.1
02;2021-04-11;476;416;81175;32354;15.4;6.2
02;2021-04-12;1824;625;82999;32979;15.8;6.3
02;2021-04-13;1599;920;84598;33899;16.1;6.4
02;2021-04-14;2584;956;87182;34855;16.6;6.6
02;2021-04-15;2495;765;89677;35620;17.0;6.8
02;2021-04-16;2439;1119;92116;36739;17.5;7.0
02;2021-04-17;1889;2139;94005;38878;17.9;7.4
02;2021-04-18;270;814;94275;39692;17.9;7.5
02;2021-04-19;1159;634;95434;40326;18.1;7.7
02;2021-04-20;1676;758;97110;41084;18.5;7.8
02;2021-04-21;1549;987;98659;42071;18.8;8.0
02;2021-04-22;1749;699;100408;42770;19.1;8.1
02;2021-04-23;1929;1407;102337;44177;19.5;8.4
02;2021-04-24;1713;1637;104050;45814;19.8;8.7
02;2021-04-25;462;235;104512;46049;19.9;8.8
02;2021-04-26;1340;558;105852;46607;20.1;8.9
02;2021-04-27;1627;1091;107479;47698;20.4;9.1
02;2021-04-28;1593;1432;109072;49130;20.7;9.3
02;2021-04-29;1884;1175;110956;50305;21.1;9.6
02;2021-04-30;2716;1652;113672;51957;21.6;9.9
02;2021-05-01;1990;1221;115662;53178;22.0;10.1
02;2021-05-02;1983;408;117645;53586;22.4;10.2
02;2021-05-03;2223;982;119868;54568;22.8;10.4
02;2021-05-04;1525;1317;121393;55885;23.1;10.6
02;2021-05-05;2330;1835;123723;57720;23.5;11.0
02;2021-05-06;2123;1729;125846;59449;23.9;11.3
02;2021-05-07;2358;2173;128204;61622;24.4;11.7
02;2021-05-08;2919;936;131123;62558;24.9;11.9
02;2021-05-09;1822;421;132945;62979;25.3;12.0
02;2021-05-10;2374;1478;135319;64457;25.7;12.3
02;2021-05-11;2876;1564;138195;66021;26.3;12.6
02;2021-05-12;2672;1621;140867;67642;26.8;12.9
02;2021-05-13;2989;1036;143856;68678;27.3;13.1
02;2021-05-14;3379;1206;147235;69884;28.0;13.3
02;2021-05-15;4375;1083;151610;70967;28.8;13.5
02;2021-05-16;2797;210;154407;71177;29.4;13.5
02;2021-05-17;2146;658;156553;71835;29.8;13.7
02;2021-05-18;2634;967;159187;72802;30.3;13.8
02;2021-05-19;2852;986;162039;73788;30.8;14.0
02;2021-05-20;3552;1225;165591;75013;31.5;14.3
02;2021-05-21;3817;1060;169408;76073;32.2;14.5
02;2021-05-22;5849;960;175257;77033;33.3;14.6
02;2021-05-23;2659;237;177916;77270;33.8;14.7
02;2021-05-24;3541;538;181457;77808;34.5;14.8
02;2021-05-25;2261;1157;183718;78965;34.9;15.0
02;2021-05-26;3080;1490;186798;80455;35.5;15.3
02;2021-05-27;3651;1485;190449;81940;36.2;15.6
02;2021-05-28;3513;1580;193962;83520;36.9;15.9
02;2021-05-29;4081;1573;198043;85093;37.6;16.2
02;2021-05-30;1449;185;199492;85278;37.9;16.2
02;2021-05-31;2578;1194;202070;86472;38.4;16.4
02;2021-06-01;2866;1869;204936;88341;39.0;16.8
02;2021-06-02;3161;1645;208097;89986;39.6;17.1
02;2021-06-03;2854;1831;210951;91817;40.1;17.5
02;2021-06-04;3140;2053;214091;93870;40.7;17.8
02;2021-06-05;3436;1727;217527;95597;41.4;18.2
02;2021-06-06;1733;258;219260;95855;41.7;18.2
02;2021-06-07;1613;1497;220873;97352;42.0;18.5
02;2021-06-08;2061;1845;222934;99197;42.4;18.9
02;2021-06-09;2053;1649;224987;100846;42.8;19.2
02;2021-06-10;2010;1832;226997;102678;43.2;19.5
02;2021-06-11;2197;3070;229194;105748;43.6;20.1
02;2021-06-12;2312;2590;231506;108338;44.0;20.6
02;2021-06-13;683;1387;232189;109725;44.1;20.9
02;2021-06-14;1048;2394;233237;112119;44.3;21.3
02;2021-06-15;1518;2462;234755;114581;44.6;21.8
02;2021-06-16;1533;2747;236288;117328;44.9;22.3
02;2021-06-17;1777;2856;238065;120184;45.3;22.8
02;2021-06-18;2311;3565;240376;123749;45.7;23.5
02;2021-06-19;1840;3820;242216;127569;46.0;24.3
02;2021-06-20;643;1521;242859;129090;46.2;24.5
02;2021-06-21;805;3197;243664;132287;46.3;25.1
02;2021-06-22;1151;3666;244815;135953;46.5;25.8
02;2021-06-23;1213;3591;246028;139544;46.8;26.5
02;2021-06-24;1323;3150;247351;142694;47.0;27.1
02;2021-06-25;1394;4548;248745;147242;47.3;28.0
02;2021-06-26;1346;4223;250091;151465;47.5;28.8
02;2021-06-27;600;2331;250691;153796;47.7;29.2
02;2021-06-28;876;3024;251567;156820;47.8;29.8
02;2021-06-29;908;2927;252475;159747;48.0;30.4
02;2021-06-30;1440;3158;253915;162905;48.3;31.0
02;2021-07-01;1187;3586;255102;166491;48.5;31.6
02;2021-07-02;1313;5137;256415;171628;48.7;32.6
02;2021-07-03;992;5986;257407;177614;48.9;33.8
02;2021-07-04;508;2371;257915;179985;49.0;34.2
02;2021-07-05;655;3945;258570;183930;49.2;35.0
02;2021-07-06;665;3047;259235;186977;49.3;35.5
02;2021-07-07;1315;3734;260550;190711;49.5;36.3
02;2021-07-08;1390;3880;261940;194591;49.8;37.0
02;2021-07-09;1277;4216;263217;198807;50.0;37.8
02;2021-07-10;1328;4612;264545;203419;50.3;38.7
02;2021-07-11;478;1965;265023;205384;50.4;39.0
02;2021-07-12;1405;3727;266428;209111;50.6;39.8
02;2021-07-13;2058;3662;268486;212773;51.0;40.4
02;2021-07-14;1751;1595;270237;214368;51.4;40.8
02;2021-07-15;2711;3545;272948;217913;51.9;41.4
02;2021-07-16;3141;4217;276089;222130;52.5;42.2
02;2021-07-17;3548;4213;279637;226343;53.2;43.0
02;2021-07-18;2035;1608;281672;227951;53.5;43.3
02;2021-07-19;3424;3022;285096;230973;54.2;43.9
02;2021-07-20;3487;3291;288583;234264;54.9;44.5
02;2021-07-21;3898;2932;292481;237196;55.6;45.1
02;2021-07-22;3304;2800;295785;239996;56.2;45.6
02;2021-07-23;3167;3548;298952;243544;56.8;46.3
02;2021-07-24;4433;3702;303385;247246;57.7;47.0
02;2021-07-25;2180;1080;305565;248326;58.1;47.2
02;2021-07-26;3862;2232;309427;250558;58.8;47.6
02;2021-07-27;3611;2134;313038;252692;59.5;48.0
02;2021-07-28;3268;2086;316306;254778;60.1;48.4
02;2021-07-29;2564;2200;318870;256978;60.6;48.9
02;2021-07-30;3287;2288;322157;259266;61.2;49.3
02;2021-07-31;4154;2240;326311;261506;62.0;49.7
02;2021-08-01;1460;681;327771;262187;62.3;49.8
03;2020-12-27;0;0;0;0;0.0;0.0
03;2020-12-28;0;0;0;0;0.0;0.0
03;2020-12-29;0;0;0;0;0.0;0.0
03;2020-12-30;0;0;0;0;0.0;0.0
03;2020-12-31;0;0;0;0;0.0;0.0
03;2021-01-01;0;0;0;0;0.0;0.0
03;2021-01-02;0;0;0;0;0.0;0.0
03;2021-01-03;0;0;0;0;0.0;0.0
03;2021-01-04;0;0;0;0;0.0;0.0
03;2021-01-05;0;0;0;0;0.0;0.0
03;2021-01-06;10;0;10;0;0.0;0.0
03;2021-01-07;61;0;71;0;0.0;0.0
03;2021-01-08;146;1;217;1;0.1;0.0
03;2021-01-09;122;0;339;1;0.1;0.0
03;2021-01-10;6;0;345;1;0.1;0.0
03;2021-01-11;412;1;757;2;0.2;0.0
03;2021-01-12;631;0;1388;2;0.4;0.0
03;2021-01-13;669;2;2057;4;0.6;0.0
03;2021-01-14;860;5;2917;9;0.9;0.0
03;2021-01-15;388;2;3305;11;1.0;0.0
03;2021-01-16;278;0;3583;11;1.1;0.0
03;2021-01-17;42;0;3625;11;1.1;0.0
03;2021-01-18;879;0;4504;11;1.4;0.0
03;2021-01-19;1149;1;5653;12;1.7;0.0
03;2021-01-20;1289;2;6942;14;2.1;0.0
03;2021-01-21;1199;8;8141;22;2.5;0.0
03;2021-01-22;1117;5;9258;27;2.8;0.0
03;2021-01-23;466;0;9724;27;2.9;0.0
03;2021-01-24;0;0;9724;27;2.9;0.0
03;2021-01-25;187;0;9911;27;3.0;0.0
03;2021-01-26;678;14;10589;41;3.2;0.0
03;2021-01-27;695;11;11284;52;3.4;0.0
03;2021-01-28;1018;45;12302;97;3.7;0.0
03;2021-01-29;856;83;13158;180;4.0;0.1
03;2021-01-30;600;2;13758;182;4.2;0.1
03;2021-01-31;0;0;13758;182;4.2;0.1
03;2021-02-01;160;76;13918;258;4.2;0.1
03;2021-02-02;765;269;14683;527;4.4;0.2
03;2021-02-03;1055;493;15738;1020;4.8;0.3
03;2021-02-04;1545;632;17283;1652;5.2;0.5
03;2021-02-05;944;317;18227;1969;5.5;0.6
03;2021-02-06;151;13;18378;1982;5.5;0.6
03;2021-02-07;5;0;18383;1982;5.5;0.6
03;2021-02-08;128;56;18511;2038;5.6;0.6
03;2021-02-09;611;444;19122;2482;5.8;0.7
03;2021-02-10;483;340;19605;2822;5.9;0.9
03;2021-02-11;1025;581;20630;3403;6.2;1.0
03;2021-02-12;1075;550;21705;3953;6.6;1.2
03;2021-02-13;126;168;21831;4121;6.6;1.2
03;2021-02-14;0;1;21831;4122;6.6;1.2
03;2021-02-15;308;862;22139;4984;6.7;1.5
03;2021-02-16;547;1172;22686;6156;6.8;1.9
03;2021-02-17;453;1364;23139;7520;7.0;2.3
03;2021-02-18;367;1273;23506;8793;7.1;2.7
03;2021-02-19;496;798;24002;9591;7.2;2.9
03;2021-02-20;128;184;24130;9775;7.3;3.0
03;2021-02-21;2;1;24132;9776;7.3;3.0
03;2021-02-22;159;205;24291;9981;7.3;3.0
03;2021-02-23;721;951;25012;10932;7.5;3.3
03;2021-02-24;609;1022;25621;11954;7.7;3.6
03;2021-02-25;1090;1838;26711;13792;8.1;4.2
03;2021-02-26;819;1375;27530;15167;8.3;4.6
03;2021-02-27;96;258;27626;15425;8.3;4.7
03;2021-02-28;0;15;27626;15440;8.3;4.7
03;2021-03-01;178;240;27804;15680;8.4;4.7
03;2021-03-02;818;663;28622;16343;8.6;4.9
03;2021-03-03;893;446;29515;16789;8.9;5.1
03;2021-03-04;1529;585;31044;17374;9.4;5.2
03;2021-03-05;1120;721;32164;18095;9.7;5.5
03;2021-03-06;915;112;33079;18207;10.0;5.5
03;2021-03-07;2;0;33081;18207;10.0;5.5
03;2021-03-08;239;245;33320;18452;10.1;5.6
03;2021-03-09;1016;436;34336;18888;10.4;5.7
03;2021-03-10;941;549;35277;19437;10.6;5.9
03;2021-03-11;1676;646;36953;20083;11.2;6.1
03;2021-03-12;1301;862;38254;20945;11.5;6.3
03;2021-03-13;861;108;39115;21053;11.8;6.4
03;2021-03-14;2;9;39117;21062;11.8;6.4
03;2021-03-15;249;200;39366;21262;11.9;6.4
03;2021-03-16;650;399;40016;21661;12.1;6.5
03;2021-03-17;1300;443;41316;22104;12.5;6.7
03;2021-03-18;1719;391;43035;22495;13.0;6.8
03;2021-03-19;1727;355;44762;22850;13.5;6.9
03;2021-03-20;301;24;45063;22874;13.6;6.9
03;2021-03-21;0;0;45063;22874;13.6;6.9
03;2021-03-22;222;396;45285;23270;13.7;7.0
03;2021-03-23;1354;352;46639;23622;14.1;7.1
03;2021-03-24;1821;349;48460;23971;14.6;7.2
03;2021-03-25;2366;560;50826;24531;15.3;7.4
03;2021-03-26;2232;439;53058;24970;16.0;7.5
03;2021-03-27;817;20;53875;24990;16.3;7.5
03;2021-03-28;1;39;53876;25029;16.3;7.6
03;2021-03-29;657;176;54533;25205;16.5;7.6
03;2021-03-30;1908;444;56441;25649;17.0;7.7
03;2021-03-31;1011;987;57452;26636;17.3;8.0
03;2021-04-01;1332;1091;58784;27727;17.7;8.4
03;2021-04-02;1707;609;60491;28336;18.3;8.6
03;2021-04-03;366;95;60857;28431;18.4;8.6
03;2021-04-04;2;0;60859;28431;18.4;8.6
03;2021-04-05;18;14;60877;28445;18.4;8.6
03;2021-04-06;1072;407;61949;28852;18.7;8.7
03;2021-04-07;1562;506;63511;29358;19.2;8.9
03;2021-04-08;2120;471;65631;29829;19.8;9.0
03;2021-04-09;2057;1155;67688;30984;20.4;9.4
03;2021-04-10;1012;71;68700;31055;20.7;9.4
03;2021-04-11;478;9;69178;31064;20.9;9.4
03;2021-04-12;985;223;70163;31287;21.2;9.4
03;2021-04-13;1871;964;72034;32251;21.7;9.7
03;2021-04-14;2334;1208;74368;33459;22.4;10.1
03;2021-04-15;2621;1392;76989;34851;23.2;10.5
03;2021-04-16;2832;1161;79821;36012;24.1;10.9
03;2021-04-17;1082;433;80903;36445;24.4;11.0
03;2021-04-18;0;0;80903;36445;24.4;11.0
03;2021-04-19;1192;584;82095;37029;24.8;11.2
03;2021-04-20;1749;1270;83844;38299;25.3;11.6
03;2021-04-21;1123;1288;84967;39587;25.6;11.9
03;2021-04-22;1673;988;86640;40575;26.2;12.2
03;2021-04-23;2475;1249;89115;41824;26.9;12.6
03;2021-04-24;1301;903;90416;42727;27.3;12.9
03;2021-04-25;350;15;90766;42742;27.4;12.9
03;2021-04-26;1331;458;92097;43200;27.8;13.0
03;2021-04-27;1764;1513;93861;44713;28.3;13.5
03;2021-04-28;1929;1112;95790;45825;28.9;13.8
03;2021-04-29;2371;1236;98161;47061;29.6;14.2
03;2021-04-30;1931;799;100092;47860;30.2;14.4
03;2021-05-01;437;485;100529;48345;30.3;14.6
03;2021-05-02;1;1;100530;48346;30.3;14.6
03;2021-05-03;1909;771;102439;49117;30.9;14.8
03;2021-05-04;2840;1618;105279;50735;31.8;15.3
03;2021-05-05;2603;1313;107882;52048;32.6;15.7
03;2021-05-06;3095;2005;110977;54053;33.5;16.3
03;2021-05-07;4727;1781;115704;55834;34.9;16.9
03;2021-05-08;659;379;116363;56213;35.1;17.0
03;2021-05-09;49;512;116412;56725;35.1;17.1
03;2021-05-10;1890;1460;118302;58185;35.7;17.6
03;2021-05-11;3901;1830;122203;60015;36.9;18.1
03;2021-05-12;2970;1518;125173;61533;37.8;18.6
03;2021-05-13;4377;398;129550;61931;39.1;18.7
03;2021-05-14;3655;1690;133205;63621;40.2;19.2
03;2021-05-15;1942;487;135147;64108;40.8;19.3
03;2021-05-16;517;56;135664;64164;40.9;19.4
03;2021-05-17;1276;861;136940;65025;41.3;19.6
03;2021-05-18;3070;1496;140010;66521;42.3;20.1
03;2021-05-19;2616;961;142626;67482;43.0;20.4
03;2021-05-20;3330;1132;145956;68614;44.1;20.7
03;2021-05-21;4190;1275;150146;69889;45.3;21.1
03;2021-05-22;2012;358;152158;70247;45.9;21.2
03;2021-05-23;641;73;152799;70320;46.1;21.2
03;2021-05-24;2653;211;155452;70531;46.9;21.3
03;2021-05-25;3069;1684;158521;72215;47.8;21.8
03;2021-05-26;2338;1042;160859;73257;48.6;22.1
03;2021-05-27;2944;1122;163803;74379;49.4;22.4
03;2021-05-28;3842;2270;167645;76649;50.6;23.1
03;2021-05-29;1746;598;169391;77247;51.1;23.3
03;2021-05-30;242;23;169633;77270;51.2;23.3
03;2021-05-31;694;571;170327;77841;51.4;23.5
03;2021-06-01;2301;2342;172628;80183;52.1;24.2
03;2021-06-02;1532;1747;174160;81930;52.6;24.7
03;2021-06-03;2056;2753;176216;84683;53.2;25.6
03;2021-06-04;1698;2503;177914;87186;53.7;26.3
03;2021-06-05;1076;1141;178990;88327;54.0;26.7
03;2021-06-06;58;6;179048;88333;54.0;26.7
03;2021-06-07;782;1811;179830;90144;54.3;27.2
03;2021-06-08;1453;2549;181283;92693;54.7;28.0
03;2021-06-09;1264;1871;182547;94564;55.1;28.5
03;2021-06-10;1374;2118;183921;96682;55.5;29.2
03;2021-06-11;1502;3449;185423;100131;56.0;30.2
03;2021-06-12;830;824;186253;100955;56.2;30.5
03;2021-06-13;20;10;186273;100965;56.2;30.5
03;2021-06-14;380;2178;186653;103143;56.3;31.1
03;2021-06-15;1317;3835;187970;106978;56.7;32.3
03;2021-06-16;788;2887;188758;109865;57.0;33.2
03;2021-06-17;1084;3332;189842;113197;57.3;34.2
03;2021-06-18;1111;3976;190953;117173;57.6;35.4
03;2021-06-19;640;1615;191593;118788;57.8;35.9
03;2021-06-20;20;8;191613;118796;57.8;35.9
03;2021-06-21;429;2637;192042;121433;58.0;36.7
03;2021-06-22;1021;4001;193063;125434;58.3;37.9
03;2021-06-23;701;3283;193764;128717;58.5;38.9
03;2021-06-24;974;3862;194738;132579;58.8;40.0
03;2021-06-25;1001;3888;195739;136467;59.1;41.2
03;2021-06-26;511;2040;196250;138507;59.2;41.8
03;2021-06-27;66;486;196316;138993;59.3;42.0
03;2021-06-28;633;2097;196949;141090;59.4;42.6
03;2021-06-29;1016;3332;197965;144422;59.8;43.6
03;2021-06-30;828;3117;198793;147539;60.0;44.5
03;2021-07-01;966;2940;199759;150479;60.3;45.4
03;2021-07-02;892;4092;200651;154571;60.6;46.7
03;2021-07-03;470;1883;201121;156454;60.7;47.2
03;2021-07-04;19;333;201140;156787;60.7;47.3
03;2021-07-05;759;2380;201899;159167;60.9;48.0
03;2021-07-06;1096;3459;202995;162626;61.3;49.1
03;2021-07-07;797;2613;203792;165239;61.5;49.9
03;2021-07-08;1048;3038;204840;168277;61.8;50.8
03;2021-07-09;1424;3626;206264;171903;62.3;51.9
03;2021-07-10;488;1927;206752;173830;62.4;52.5
03;2021-07-11;60;493;206812;174323;62.4;52.6
03;2021-07-12;919;1153;207731;175476;62.7;53.0
03;2021-07-13;2514;3152;210245;178628;63.5;53.9
03;2021-07-14;194;23;210439;178651;63.5;53.9
03;2021-07-15;2556;2452;212995;181103;64.3;54.7
03;2021-07-16;2688;2263;215683;183366;65.1;55.3
03;2021-07-17;1023;1624;216706;184990;65.4;55.8
03;2021-07-18;31;6;216737;184996;65.4;55.8
03;2021-07-19;2377;1264;219114;186260;66.1;56.2
03;2021-07-20;3062;3033;222176;189293;67.1;57.1
03;2021-07-21;3200;1432;225376;190725;68.0;57.6
03;2021-07-22;2843;1867;228219;192592;68.9;58.1
03;2021-07-23;3185;1282;231404;193874;69.8;58.5
03;2021-07-24;586;578;231990;194452;70.0;58.7
03;2021-07-25;17;5;232007;194457;70.0;58.7
03;2021-07-26;2036;1576;234043;196033;70.6;59.2
03;2021-07-27;3301;2210;237344;198243;71.6;59.8
03;2021-07-28;2699;1104;240043;199347;72.5;60.2
03;2021-07-29;2434;1650;242477;200997;73.2;60.7
03;2021-07-30;2113;1431;244590;202428;73.8;61.1
03;2021-07-31;946;872;245536;203300;74.1;61.4
03;2021-08-01;13;20;245549;203320;74.1;61.4
04;2020-12-27;0;0;0;0;0.0;0.0
04;2020-12-28;1;0;1;0;0.0;0.0
04;2020-12-29;0;0;1;0;0.0;0.0
04;2020-12-30;0;0;1;0;0.0;0.0
04;2020-12-31;0;0;1;0;0.0;0.0
04;2021-01-01;0;0;1;0;0.0;0.0
04;2021-01-02;0;0;1;0;0.0;0.0
04;2021-01-03;0;0;1;0;0.0;0.0
04;2021-01-04;0;0;1;0;0.0;0.0
04;2021-01-05;4;0;5;0;0.0;0.0
04;2021-01-06;0;0;5;0;0.0;0.0
04;2021-01-07;61;0;66;0;0.0;0.0
04;2021-01-08;88;0;154;0;0.1;0.0
04;2021-01-09;56;0;210;0;0.1;0.0
04;2021-01-10;0;0;210;0;0.1;0.0
04;2021-01-11;76;0;286;0;0.2;0.0
04;2021-01-12;418;1;704;1;0.4;0.0
04;2021-01-13;245;1;949;2;0.6;0.0
04;2021-01-14;90;2;1039;4;0.6;0.0
04;2021-01-15;165;3;1204;7;0.7;0.0
04;2021-01-16;105;2;1309;9;0.8;0.0
04;2021-01-17;14;0;1323;9;0.8;0.0
04;2021-01-18;235;9;1558;18;0.9;0.0
04;2021-01-19;466;4;2024;22;1.2;0.0
04;2021-01-20;572;6;2596;28;1.6;0.0
04;2021-01-21;612;6;3208;34;1.9;0.0
04;2021-01-22;638;1;3846;35;2.3;0.0
04;2021-01-23;109;0;3955;35;2.4;0.0
04;2021-01-24;0;0;3955;35;2.4;0.0
04;2021-01-25;239;0;4194;35;2.5;0.0
04;2021-01-26;656;0;4850;35;2.9;0.0
04;2021-01-27;480;0;5330;35;3.2;0.0
04;2021-01-28;665;21;5995;56;3.6;0.0
04;2021-01-29;367;41;6362;97;3.9;0.1
04;2021-01-30;65;41;6427;138;3.9;0.1
04;2021-01-31;1;5;6428;143;3.9;0.1
04;2021-02-01;239;149;6667;292;4.0;0.2
04;2021-02-02;552;224;7219;516;4.4;0.3
04;2021-02-03;368;162;7587;678;4.6;0.4
04;2021-02-04;355;53;7942;731;4.8;0.4
04;2021-02-05;379;224;8321;955;5.0;0.6
04;2021-02-06;50;95;8371;1050;5.1;0.6
04;2021-02-07;2;22;8373;1072;5.1;0.6
04;2021-02-08;163;71;8536;1143;5.2;0.7
04;2021-02-09;193;144;8729;1287;5.3;0.8
04;2021-02-10;252;171;8981;1458;5.4;0.9
04;2021-02-11;364;291;9345;1749;5.7;1.1
04;2021-02-12;293;318;9638;2067;5.8;1.3
04;2021-02-13;26;94;9664;2161;5.8;1.3
04;2021-02-14;0;0;9664;2161;5.8;1.3
04;2021-02-15;31;165;9695;2326;5.9;1.4
04;2021-02-16;81;522;9776;2848;5.9;1.7
04;2021-02-17;67;433;9843;3281;6.0;2.0
04;2021-02-18;45;612;9888;3893;6.0;2.4
04;2021-02-19;51;377;9939;4270;6.0;2.6
04;2021-02-20;5;71;9944;4341;6.0;2.6
04;2021-02-21;0;0;9944;4341;6.0;2.6
04;2021-02-22;7;298;9951;4639;6.0;2.8
04;2021-02-23;19;595;9970;5234;6.0;3.2
04;2021-02-24;38;428;10008;5662;6.1;3.4
04;2021-02-25;70;378;10078;6040;6.1;3.7
04;2021-02-26;215;332;10293;6372;6.2;3.9
04;2021-02-27;179;75;10472;6447;6.3;3.9
04;2021-02-28;1;0;10473;6447;6.3;3.9
04;2021-03-01;18;74;10491;6521;6.4;3.9
04;2021-03-02;135;41;10626;6562;6.4;4.0
04;2021-03-03;375;644;11001;7206;6.7;4.4
04;2021-03-04;208;491;11209;7697;6.8;4.7
04;2021-03-05;234;359;11443;8056;6.9;4.9
04;2021-03-06;912;69;12355;8125;7.5;4.9
04;2021-03-07;498;24;12853;8149;7.8;4.9
04;2021-03-08;44;83;12897;8232;7.8;5.0
04;2021-03-09;215;257;13112;8489;7.9;5.1
04;2021-03-10;400;372;13512;8861;8.2;5.4
04;2021-03-11;495;341;14007;9202;8.5;5.6
04;2021-03-12;699;205;14706;9407;8.9;5.7
04;2021-03-13;1087;61;15793;9468;9.6;5.7
04;2021-03-14;459;3;16252;9471;9.8;5.7
04;2021-03-15;92;13;16344;9484;9.9;5.7
04;2021-03-16;74;9;16418;9493;9.9;5.7
04;2021-03-17;531;73;16949;9566;10.3;5.8
04;2021-03-18;815;22;17764;9588;10.8;5.8
04;2021-03-19;723;30;18487;9618;11.2;5.8
04;2021-03-20;159;3;18646;9621;11.3;5.8
04;2021-03-21;0;0;18646;9621;11.3;5.8
04;2021-03-22;105;12;18751;9633;11.4;5.8
04;2021-03-23;244;6;18995;9639;11.5;5.8
04;2021-03-24;1022;51;20017;9690;12.1;5.9
04;2021-03-25;1326;45;21343;9735;12.9;5.9
04;2021-03-26;1448;66;22791;9801;13.8;5.9
04;2021-03-27;264;19;23055;9820;14.0;5.9
04;2021-03-28;2;0;23057;9820;14.0;5.9
04;2021-03-29;678;12;23735;9832;14.4;6.0
04;2021-03-30;1085;144;24820;9976;15.0;6.0
04;2021-03-31;1327;100;26147;10076;15.8;6.1
04;2021-04-01;1131;122;27278;10198;16.5;6.2
04;2021-04-02;1184;108;28462;10306;17.2;6.2
04;2021-04-03;250;20;28712;10326;17.4;6.3
04;2021-04-04;1;0;28713;10326;17.4;6.3
04;2021-04-05;35;1;28748;10327;17.4;6.3
04;2021-04-06;927;143;29675;10470;18.0;6.3
04;2021-04-07;882;431;30557;10901;18.5;6.6
04;2021-04-08;926;697;31483;11598;19.1;7.0
04;2021-04-09;675;415;32158;12013;19.5;7.3
04;2021-04-10;231;192;32389;12205;19.6;7.4
04;2021-04-11;153;65;32542;12270;19.7;7.4
04;2021-04-12;594;98;33136;12368;20.1;7.5
04;2021-04-13;1190;237;34326;12605;20.8;7.6
04;2021-04-14;991;498;35317;13103;21.4;7.9
04;2021-04-15;921;666;36238;13769;21.9;8.3
04;2021-04-16;817;457;37055;14226;22.4;8.6
04;2021-04-17;211;69;37266;14295;22.6;8.7
04;2021-04-18;0;13;37266;14308;22.6;8.7
04;2021-04-19;338;290;37604;14598;22.8;8.8
04;2021-04-20;1005;443;38609;15041;23.4;9.1
04;2021-04-21;654;747;39263;15788;23.8;9.6
04;2021-04-22;759;856;40022;16644;24.2;10.1
04;2021-04-23;695;532;40717;17176;24.6;10.4
04;2021-04-24;165;65;40882;17241;24.7;10.4
04;2021-04-25;0;0;40882;17241;24.7;10.4
04;2021-04-26;171;612;41053;17853;24.9;10.8
04;2021-04-27;394;967;41447;18820;25.1;11.4
04;2021-04-28;431;1088;41878;19908;25.4;12.1
04;2021-04-29;687;1127;42565;21035;25.8;12.7
04;2021-04-30;435;849;43000;21884;26.0;13.2
04;2021-05-01;104;22;43104;21906;26.1;13.3
04;2021-05-02;8;132;43112;22038;26.1;13.3
04;2021-05-03;151;552;43263;22590;26.2;13.7
04;2021-05-04;564;838;43827;23428;26.5;14.2
04;2021-05-05;514;928;44341;24356;26.8;14.7
04;2021-05-06;1160;589;45501;24945;27.5;15.1
04;2021-05-07;658;761;46159;25706;27.9;15.6
04;2021-05-08;48;98;46207;25804;28.0;15.6
04;2021-05-09;0;0;46207;25804;28.0;15.6
04;2021-05-10;466;297;46673;26101;28.3;15.8
04;2021-05-11;1203;907;47876;27008;29.0;16.3
04;2021-05-12;1389;737;49265;27745;29.8;16.8
04;2021-05-13;378;130;49643;27875;30.1;16.9
04;2021-05-14;441;295;50084;28170;30.3;17.1
04;2021-05-15;99;163;50183;28333;30.4;17.2
04;2021-05-16;3;6;50186;28339;30.4;17.2
04;2021-05-17;155;298;50341;28637;30.5;17.3
04;2021-05-18;392;975;50733;29612;30.7;17.9
04;2021-05-19;773;688;51506;30300;31.2;18.3
04;2021-05-20;1258;553;52764;30853;31.9;18.7
04;2021-05-21;849;786;53613;31639;32.5;19.2
04;2021-05-22;105;146;53718;31785;32.5;19.2
04;2021-05-23;1;1;53719;31786;32.5;19.2
04;2021-05-24;0;36;53719;31822;32.5;19.3
04;2021-05-25;867;595;54586;32417;33.0;19.6
04;2021-05-26;1047;787;55633;33204;33.7;20.1
04;2021-05-27;1356;631;56989;33835;34.5;20.5
04;2021-05-28;1120;659;58109;34494;35.2;20.9
04;2021-05-29;88;397;58197;34891;35.2;21.1
04;2021-05-30;3;1;58200;34892;35.2;21.1
04;2021-05-31;421;418;58621;35310;35.5;21.4
04;2021-06-01;641;636;59262;35946;35.9;21.8
04;2021-06-02;867;1062;60129;37008;36.4;22.4
04;2021-06-03;1195;853;61324;37861;37.1;22.9
04;2021-06-04;977;779;62301;38640;37.7;23.4
04;2021-06-05;141;201;62442;38841;37.8;23.5
04;2021-06-06;6;13;62448;38854;37.8;23.5
04;2021-06-07;564;318;63012;39172;38.1;23.7
04;2021-06-08;843;597;63855;39769;38.7;24.1
04;2021-06-09;1149;687;65004;40456;39.3;24.5
04;2021-06-10;1146;583;66150;41039;40.0;24.8
04;2021-06-11;945;610;67095;41649;40.6;25.2
04;2021-06-12;210;148;67305;41797;40.7;25.3
04;2021-06-13;1;1;67306;41798;40.7;25.3
04;2021-06-14;478;304;67784;42102;41.0;25.5
04;2021-06-15;642;1000;68426;43102;41.4;26.1
04;2021-06-16;1021;784;69447;43886;42.0;26.6
04;2021-06-17;998;960;70445;44846;42.6;27.1
04;2021-06-18;765;885;71210;45731;43.1;27.7
04;2021-06-19;39;85;71249;45816;43.1;27.7
04;2021-06-20;7;9;71256;45825;43.1;27.7
04;2021-06-21;306;612;71562;46437;43.3;28.1
04;2021-06-22;360;1307;71922;47744;43.5;28.9
04;2021-06-23;473;1313;72395;49057;43.8;29.7
04;2021-06-24;848;818;73243;49875;44.3;30.2
04;2021-06-25;461;637;73704;50512;44.6;30.6
04;2021-06-26;56;129;73760;50641;44.6;30.7
04;2021-06-27;4;4;73764;50645;44.7;30.7
04;2021-06-28;159;340;73923;50985;44.7;30.9
04;2021-06-29;370;832;74293;51817;45.0;31.4
04;2021-06-30;541;1121;74834;52938;45.3;32.0
04;2021-07-01;575;1214;75409;54152;45.6;32.8
04;2021-07-02;555;1085;75964;55237;46.0;33.4
04;2021-07-03;65;162;76029;55399;46.0;33.5
04;2021-07-04;6;6;76035;55405;46.0;33.5
04;2021-07-05;105;295;76140;55700;46.1;33.7
04;2021-07-06;505;1386;76645;57086;46.4;34.6
04;2021-07-07;487;1344;77132;58430;46.7;35.4
04;2021-07-08;721;1354;77853;59784;47.1;36.2
04;2021-07-09;579;1063;78432;60847;47.5;36.8
04;2021-07-10;91;175;78523;61022;47.5;36.9
04;2021-07-11;0;21;78523;61043;47.5;37.0
04;2021-07-12;125;654;78648;61697;47.6;37.3
04;2021-07-13;871;1538;79519;63235;48.1;38.3
04;2021-07-14;24;43;79543;63278;48.2;38.3
04;2021-07-15;1211;1730;80754;65008;48.9;39.4
04;2021-07-16;1076;1112;81830;66120;49.5;40.0
04;2021-07-17;442;232;82272;66352;49.8;40.2
04;2021-07-18;112;18;82384;66370;49.9;40.2
04;2021-07-19;483;651;82867;67021;50.2;40.6
04;2021-07-20;1305;1455;84172;68476;51.0;41.5
04;2021-07-21;1119;1165;85291;69641;51.6;42.2
04;2021-07-22;1495;1357;86786;70998;52.5;43.0
04;2021-07-23;1149;1140;87935;72138;53.2;43.7
04;2021-07-24;679;208;88614;72346;53.6;43.8
04;2021-07-25;42;20;88656;72366;53.7;43.8
04;2021-07-26;439;638;89095;73004;53.9;44.2
04;2021-07-27;1359;1039;90454;74043;54.8;44.8
04;2021-07-28;1067;1034;91521;75077;55.4;45.4
04;2021-07-29;1542;1299;93063;76376;56.3;46.2
04;2021-07-30;1245;916;94308;77292;57.1;46.8
04;2021-07-31;248;171;94556;77463;57.2;46.9
04;2021-08-01;48;18;94604;77481;57.3;46.9
05;2020-12-27;0;0;0;0;0.0;0.0
05;2020-12-28;1;0;1;0;0.0;0.0
05;2020-12-29;1;0;2;0;0.0;0.0
05;2020-12-30;0;0;2;0;0.0;0.0
05;2020-12-31;0;0;2;0;0.0;0.0
05;2021-01-01;2;0;4;0;0.0;0.0
05;2021-01-02;2;0;6;0;0.0;0.0
05;2021-01-03;1;0;7;0;0.0;0.0
05;2021-01-04;2;0;9;0;0.0;0.0
05;2021-01-05;0;0;9;0;0.0;0.0
05;2021-01-06;21;0;30;0;0.0;0.0
05;2021-01-07;128;0;158;0;0.1;0.0
05;2021-01-08;146;0;304;0;0.2;0.0
05;2021-01-09;11;0;315;0;0.2;0.0
05;2021-01-10;0;0;315;0;0.2;0.0
05;2021-01-11;44;0;359;0;0.3;0.0
05;2021-01-12;105;0;464;0;0.3;0.0
05;2021-01-13;140;0;604;0;0.4;0.0
05;2021-01-14;166;0;770;0;0.5;0.0
05;2021-01-15;128;1;898;1;0.6;0.0
05;2021-01-16;13;0;911;1;0.6;0.0
05;2021-01-17;0;0;911;1;0.6;0.0
05;2021-01-18;225;1;1136;2;0.8;0.0
05;2021-01-19;227;0;1363;2;1.0;0.0
05;2021-01-20;213;0;1576;2;1.1;0.0
05;2021-01-21;255;0;1831;2;1.3;0.0
05;2021-01-22;194;1;2025;3;1.4;0.0
05;2021-01-23;112;0;2137;3;1.5;0.0
05;2021-01-24;0;0;2137;3;1.5;0.0
05;2021-01-25;315;0;2452;3;1.7;0.0
05;2021-01-26;485;0;2937;3;2.1;0.0
05;2021-01-27;389;4;3326;7;2.3;0.0
05;2021-01-28;363;55;3689;62;2.6;0.0
05;2021-01-29;363;112;4052;174;2.9;0.1
05;2021-01-30;97;8;4149;182;2.9;0.1
05;2021-01-31;4;0;4153;182;2.9;0.1
05;2021-02-01;176;21;4329;203;3.1;0.1
05;2021-02-02;186;122;4515;325;3.2;0.2
05;2021-02-03;206;65;4721;390;3.3;0.3
05;2021-02-04;197;128;4918;518;3.5;0.4
05;2021-02-05;183;111;5101;629;3.6;0.4
05;2021-02-06;73;23;5174;652;3.6;0.5
05;2021-02-07;0;5;5174;657;3.6;0.5
05;2021-02-08;84;125;5258;782;3.7;0.6
05;2021-02-09;97;118;5355;900;3.8;0.6
05;2021-02-10;81;178;5436;1078;3.8;0.8
05;2021-02-11;87;138;5523;1216;3.9;0.9
05;2021-02-12;84;150;5607;1366;4.0;1.0
05;2021-02-13;75;32;5682;1398;4.0;1.0
05;2021-02-14;0;0;5682;1398;4.0;1.0
05;2021-02-15;97;191;5779;1589;4.1;1.1
05;2021-02-16;110;286;5889;1875;4.2;1.3
05;2021-02-17;136;233;6025;2108;4.3;1.5
05;2021-02-18;154;299;6179;2407;4.4;1.7
05;2021-02-19;158;323;6337;2730;4.5;1.9
05;2021-02-20;31;87;6368;2817;4.5;2.0
05;2021-02-21;0;0;6368;2817;4.5;2.0
05;2021-02-22;70;245;6438;3062;4.5;2.2
05;2021-02-23;18;239;6456;3301;4.6;2.3
05;2021-02-24;21;196;6477;3497;4.6;2.5
05;2021-02-25;56;177;6533;3674;4.6;2.6
05;2021-02-26;145;213;6678;3887;4.7;2.7
05;2021-02-27;65;171;6743;4058;4.8;2.9
05;2021-02-28;10;0;6753;4058;4.8;2.9
05;2021-03-01;90;170;6843;4228;4.8;3.0
05;2021-03-02;92;198;6935;4426;4.9;3.1
05;2021-03-03;111;232;7046;4658;5.0;3.3
05;2021-03-04;241;165;7287;4823;5.1;3.4
05;2021-03-05;578;190;7865;5013;5.5;3.5
05;2021-03-06;668;58;8533;5071;6.0;3.6
05;2021-03-07;515;17;9048;5088;6.4;3.6
05;2021-03-08;556;136;9604;5224;6.8;3.7
05;2021-03-09;518;160;10122;5384;7.1;3.8
05;2021-03-10;497;142;10619;5526;7.5;3.9
05;2021-03-11;374;135;10993;5661;7.8;4.0
05;2021-03-12;435;86;11428;5747;8.1;4.1
05;2021-03-13;794;85;12222;5832;8.6;4.1
05;2021-03-14;668;8;12890;5840;9.1;4.1
05;2021-03-15;353;125;13243;5965;9.3;4.2
05;2021-03-16;148;140;13391;6105;9.4;4.3
05;2021-03-17;262;120;13653;6225;9.6;4.4
05;2021-03-18;364;34;14017;6259;9.9;4.4
05;2021-03-19;449;59;14466;6318;10.2;4.5
05;2021-03-20;167;31;14633;6349;10.3;4.5
05;2021-03-21;0;0;14633;6349;10.3;4.5
05;2021-03-22;715;30;15348;6379;10.8;4.5
05;2021-03-23;804;11;16152;6390;11.4;4.5
05;2021-03-24;786;73;16938;6463;11.9;4.6
05;2021-03-25;899;57;17837;6520;12.6;4.6
05;2021-03-26;1022;42;18859;6562;13.3;4.6
05;2021-03-27;466;34;19325;6596;13.6;4.7
05;2021-03-28;10;0;19335;6596;13.6;4.7
05;2021-03-29;903;62;20238;6658;14.3;4.7
05;2021-03-30;1141;68;21379;6726;15.1;4.7
05;2021-03-31;823;252;22202;6978;15.7;4.9
05;2021-04-01;899;237;23101;7215;16.3;5.1
05;2021-04-02;665;375;23766;7590;16.8;5.4
05;2021-04-03;550;182;24316;7772;17.2;5.5
05;2021-04-04;350;63;24666;7835;17.4;5.5
05;2021-04-05;158;11;24824;7846;17.5;5.5
05;2021-04-06;646;267;25470;8113;18.0;5.7
05;2021-04-07;773;324;26243;8437;18.5;6.0
05;2021-04-08;735;333;26978;8770;19.0;6.2
05;2021-04-09;882;399;27860;9169;19.7;6.5
05;2021-04-10;713;385;28573;9554;20.2;6.7
05;2021-04-11;190;174;28763;9728;20.3;6.9
05;2021-04-12;732;258;29495;9986;20.8;7.0
05;2021-04-13;919;227;30414;10213;21.5;7.2
05;2021-04-14;665;326;31079;10539;21.9;7.4
05;2021-04-15;765;397;31844;10936;22.5;7.7
05;2021-04-16;730;411;32574;11347;23.0;8.0
05;2021-04-17;670;236;33244;11583;23.5;8.2
05;2021-04-18;305;23;33549;11606;23.7;8.2
05;2021-04-19;363;537;33912;12143;23.9;8.6
05;2021-04-20;481;630;34393;12773;24.3;9.0
05;2021-04-21;494;629;34887;13402;24.6;9.5
05;2021-04-22;385;546;35272;13948;24.9;9.8
05;2021-04-23;522;649;35794;14597;25.3;10.3
05;2021-04-24;346;383;36140;14980;25.5;10.6
05;2021-04-25;288;23;36428;15003;25.7;10.6
05;2021-04-26;365;706;36793;15709;26.0;11.1
05;2021-04-27;657;749;37450;16458;26.4;11.6
05;2021-04-28;468;719;37918;17177;26.7;12.1
05;2021-04-29;703;749;38621;17926;27.2;12.6
05;2021-04-30;508;751;39129;18677;27.6;13.2
05;2021-05-01;138;110;39267;18787;27.7;13.3
05;2021-05-02;266;114;39533;18901;27.9;13.3
05;2021-05-03;457;495;39990;19396;28.2;13.7
05;2021-05-04;384;502;40374;19898;28.5;14.0
05;2021-05-05;462;670;40836;20568;28.8;14.5
05;2021-05-06;647;717;41483;21285;29.3;15.0
05;2021-05-07;595;802;42078;22087;29.7;15.6
05;2021-05-08;481;174;42559;22261;30.0;15.7
05;2021-05-09;208;57;42767;22318;30.2;15.7
05;2021-05-10;498;693;43265;23011;30.5;16.2
05;2021-05-11;669;912;43934;23923;31.0;16.9
05;2021-05-12;647;733;44581;24656;31.4;17.4
05;2021-05-13;959;114;45540;24770;32.1;17.5
05;2021-05-14;826;492;46366;25262;32.7;17.8
05;2021-05-15;1043;354;47409;25616;33.4;18.1
05;2021-05-16;235;52;47644;25668;33.6;18.1
05;2021-05-17;484;431;48128;26099;34.0;18.4
05;2021-05-18;516;419;48644;26518;34.3;18.7
05;2021-05-19;724;457;49368;26975;34.8;19.0
05;2021-05-20;746;433;50114;27408;35.4;19.3
05;2021-05-21;705;511;50819;27919;35.8;19.7
05;2021-05-22;606;238;51425;28157;36.3;19.9
05;2021-05-23;277;59;51702;28216;36.5;19.9
05;2021-05-24;508;156;52210;28372;36.8;20.0
05;2021-05-25;514;482;52724;28854;37.2;20.4
05;2021-05-26;694;360;53418;29214;37.7;20.6
05;2021-05-27;799;571;54217;29785;38.2;21.0
05;2021-05-28;664;646;54881;30431;38.7;21.5
05;2021-05-29;566;546;55447;30977;39.1;21.9
05;2021-05-30;212;82;55659;31059;39.3;21.9
05;2021-05-31;575;496;56234;31555;39.7;22.3
05;2021-06-01;589;584;56823;32139;40.1;22.7
05;2021-06-02;683;702;57506;32841;40.6;23.2
05;2021-06-03;714;651;58220;33492;41.1;23.6
05;2021-06-04;1017;816;59237;34308;41.8;24.2
05;2021-06-05;807;505;60044;34813;42.4;24.6
05;2021-06-06;200;88;60244;34901;42.5;24.6
05;2021-06-07;605;834;60849;35735;42.9;25.2
05;2021-06-08;697;656;61546;36391;43.4;25.7
05;2021-06-09;649;782;62195;37173;43.9;26.2
05;2021-06-10;543;718;62738;37891;44.3;26.7
05;2021-06-11;763;721;63501;38612;44.8;27.2
05;2021-06-12;589;485;64090;39097;45.2;27.6
05;2021-06-13;112;91;64202;39188;45.3;27.6
05;2021-06-14;400;669;64602;39857;45.6;28.1
05;2021-06-15;543;912;65145;40769;46.0;28.8
05;2021-06-16;433;672;65578;41441;46.3;29.2
05;2021-06-17;359;802;65937;42243;46.5;29.8
05;2021-06-18;396;724;66333;42967;46.8;30.3
05;2021-06-19;421;572;66754;43539;47.1;30.7
05;2021-06-20;62;77;66816;43616;47.1;30.8
05;2021-06-21;319;642;67135;44258;47.4;31.2
05;2021-06-22;353;830;67488;45088;47.6;31.8
05;2021-06-23;353;761;67841;45849;47.9;32.3
05;2021-06-24;386;1020;68227;46869;48.1;33.1
05;2021-06-25;226;894;68453;47763;48.3;33.7
05;2021-06-26;291;1074;68744;48837;48.5;34.5
05;2021-06-27;128;170;68872;49007;48.6;34.6
05;2021-06-28;251;792;69123;49799;48.8;35.1
05;2021-06-29;250;785;69373;50584;48.9;35.7
05;2021-06-30;324;790;69697;51374;49.2;36.2
05;2021-07-01;381;792;70078;52166;49.4;36.8
05;2021-07-02;368;869;70446;53035;49.7;37.4
05;2021-07-03;302;740;70748;53775;49.9;37.9
05;2021-07-04;178;176;70926;53951;50.0;38.1
05;2021-07-05;264;784;71190;54735;50.2;38.6
05;2021-07-06;333;860;71523;55595;50.5;39.2
05;2021-07-07;393;783;71916;56378;50.7;39.8
05;2021-07-08;429;851;72345;57229;51.0;40.4
05;2021-07-09;421;998;72766;58227;51.3;41.1
05;2021-07-10;312;728;73078;58955;51.6;41.6
05;2021-07-11;175;119;73253;59074;51.7;41.7
05;2021-07-12;412;1013;73665;60087;52.0;42.4
05;2021-07-13;478;873;74143;60960;52.3;43.0
05;2021-07-14;834;299;74977;61259;52.9;43.2
05;2021-07-15;707;993;75684;62252;53.4;43.9
05;2021-07-16;1020;1448;76704;63700;54.1;44.9
05;2021-07-17;669;1299;77373;64999;54.6;45.9
05;2021-07-18;284;126;77657;65125;54.8;45.9
05;2021-07-19;566;794;78223;65919;55.2;46.5
05;2021-07-20;753;800;78976;66719;55.7;47.1
05;2021-07-21;878;843;79854;67562;56.3;47.7
05;2021-07-22;805;865;80659;68427;56.9;48.3
05;2021-07-23;1442;1230;82101;69657;57.9;49.1
05;2021-07-24;855;828;82956;70485;58.5;49.7
05;2021-07-25;305;159;83261;70644;58.7;49.8
05;2021-07-26;771;558;84032;71202;59.3;50.2
05;2021-07-27;1253;743;85285;71945;60.2;50.8
05;2021-07-28;1513;707;86798;72652;61.2;51.3
05;2021-07-29;1337;712;88135;73364;62.2;51.8
05;2021-07-30;954;586;89089;73950;62.8;52.2
05;2021-07-31;775;515;89864;74465;63.4;52.5
05;2021-08-01;187;174;90051;74639;63.5;52.7
06;2020-12-27;3;0;3;0;0.0;0.0
06;2020-12-28;3;0;6;0;0.0;0.0
06;2020-12-29;1;0;7;0;0.0;0.0
06;2020-12-30;4;0;11;0;0.0;0.0
06;2020-12-31;22;0;33;0;0.0;0.0
06;2021-01-01;13;0;46;0;0.0;0.0
06;2021-01-02;4;0;50;0;0.0;0.0
06;2021-01-03;3;0;53;0;0.0;0.0
06;2021-01-04;140;1;193;1;0.0;0.0
06;2021-01-05;175;1;368;2;0.0;0.0
06;2021-01-06;215;0;583;2;0.1;0.0
06;2021-01-07;499;0;1082;2;0.1;0.0
06;2021-01-08;666;2;1748;4;0.2;0.0
06;2021-01-09;391;2;2139;6;0.2;0.0
06;2021-01-10;73;0;2212;6;0.2;0.0
06;2021-01-11;1130;0;3342;6;0.3;0.0
06;2021-01-12;2205;4;5547;10;0.5;0.0
06;2021-01-13;1732;6;7279;16;0.7;0.0
06;2021-01-14;2074;16;9353;32;0.9;0.0
06;2021-01-15;1859;5;11212;37;1.0;0.0
06;2021-01-16;972;3;12184;40;1.1;0.0
06;2021-01-17;232;0;12416;40;1.2;0.0
06;2021-01-18;2457;7;14873;47;1.4;0.0
06;2021-01-19;2732;7;17605;54;1.6;0.0
06;2021-01-20;3328;7;20933;61;1.9;0.0
06;2021-01-21;3008;26;23941;87;2.2;0.0
06;2021-01-22;2823;12;26764;99;2.5;0.0
06;2021-01-23;1297;3;28061;102;2.6;0.0
06;2021-01-24;29;0;28090;102;2.6;0.0
06;2021-01-25;2054;14;30144;116;2.8;0.0
06;2021-01-26;3373;37;33517;153;3.1;0.0
06;2021-01-27;2537;101;36054;254;3.3;0.0
06;2021-01-28;2796;200;38850;454;3.6;0.0
06;2021-01-29;2490;311;41340;765;3.8;0.1
06;2021-01-30;666;43;42006;808;3.9;0.1
06;2021-01-31;2;0;42008;808;3.9;0.1
06;2021-02-01;1021;481;43029;1289;4.0;0.1
06;2021-02-02;1489;413;44518;1702;4.1;0.2
06;2021-02-03;330;136;44848;1838;4.2;0.2
06;2021-02-04;711;897;45559;2735;4.2;0.3
06;2021-02-05;1010;1118;46569;3853;4.3;0.4
06;2021-02-06;150;462;46719;4315;4.3;0.4
06;2021-02-07;6;49;46725;4364;4.3;0.4
06;2021-02-08;526;1089;47251;5453;4.4;0.5
06;2021-02-09;309;739;47560;6192;4.4;0.6
06;2021-02-10;367;668;47927;6860;4.4;0.6
06;2021-02-11;467;1075;48394;7935;4.5;0.7
06;2021-02-12;651;1315;49045;9250;4.5;0.9
06;2021-02-13;206;525;49251;9775;4.6;0.9
06;2021-02-14;4;2;49255;9777;4.6;0.9
06;2021-02-15;462;1283;49717;11060;4.6;1.0
06;2021-02-16;861;2032;50578;13092;4.7;1.2
06;2021-02-17;823;2157;51401;15249;4.8;1.4
06;2021-02-18;1791;2709;53192;17958;4.9;1.7
06;2021-02-19;1760;2152;54952;20110;5.1;1.9
06;2021-02-20;275;530;55227;20640;5.1;1.9
06;2021-02-21;20;55;55247;20695;5.1;1.9
06;2021-02-22;1074;1628;56321;22323;5.2;2.1
06;2021-02-23;1744;1562;58065;23885;5.4;2.2
06;2021-02-24;2098;1300;60163;25185;5.6;2.3
06;2021-02-25;3827;1718;63990;26903;5.9;2.5
06;2021-02-26;3383;1607;67373;28510;6.2;2.6
06;2021-02-27;1421;329;68794;28839;6.4;2.7
06;2021-02-28;84;23;68878;28862;6.4;2.7
06;2021-03-01;2394;816;71272;29678;6.6;2.7
06;2021-03-02;2444;985;73716;30663;6.8;2.8
06;2021-03-03;2828;561;76544;31224;7.1;2.9
06;2021-03-04;4593;605;81137;31829;7.5;2.9
06;2021-03-05;3889;1017;85026;32846;7.9;3.0
06;2021-03-06;11863;336;96889;33182;9.0;3.1
06;2021-03-07;10150;279;107039;33461;9.9;3.1
06;2021-03-08;4126;1188;111165;34649;10.3;3.2
06;2021-03-09;4949;918;116114;35567;10.8;3.3
06;2021-03-10;4668;826;120782;36393;11.2;3.4
06;2021-03-11;6698;870;127480;37263;11.8;3.5
06;2021-03-12;6839;983;134319;38246;12.4;3.5
06;2021-03-13;11174;316;145493;38562;13.5;3.6
06;2021-03-14;492;48;145985;38610;13.5;3.6
06;2021-03-15;4808;752;150793;39362;14.0;3.6
06;2021-03-16;3723;1040;154516;40402;14.3;3.7
06;2021-03-17;6182;1869;160698;42271;14.9;3.9
06;2021-03-18;5098;1814;165796;44085;15.4;4.1
06;2021-03-19;6796;2005;172592;46090;16.0;4.3
06;2021-03-20;2360;559;174952;46649;16.2;4.3
06;2021-03-21;403;24;175355;46673;16.2;4.3
06;2021-03-22;3945;686;179300;47359;16.6;4.4
06;2021-03-23;5957;1197;185257;48556;17.2;4.5
06;2021-03-24;4200;3327;189457;51883;17.6;4.8
06;2021-03-25;5834;3225;195291;55108;18.1;5.1
06;2021-03-26;6333;1988;201624;57096;18.7;5.3
06;2021-03-27;2027;366;203651;57462;18.9;5.3
06;2021-03-28;204;3;203855;57465;18.9;5.3
06;2021-03-29;3186;2082;207041;59547;19.2;5.5
06;2021-03-30;5171;2527;212212;62074;19.7;5.8
06;2021-03-31;7994;1626;220206;63700;20.4;5.9
06;2021-04-01;7607;2433;227813;66133;21.1;6.1
06;2021-04-02;7196;2685;235009;68818;21.8;6.4
06;2021-04-03;2706;1363;237715;70181;22.0;6.5
06;2021-04-04;297;547;238012;70728;22.1;6.6
06;2021-04-05;1388;690;239400;71418;22.2;6.6
06;2021-04-06;6614;3298;246014;74716;22.8;6.9
06;2021-04-07;6199;3870;252213;78586;23.4;7.3
06;2021-04-08;5710;5630;257923;84216;23.9;7.8
06;2021-04-09;9301;5799;267224;90015;24.8;8.3
06;2021-04-10;2388;2783;269612;92798;25.0;8.6
06;2021-04-11;176;56;269788;92854;25.0;8.6
06;2021-04-12;4360;3517;274148;96371;25.4;8.9
06;2021-04-13;6297;5098;280445;101469;26.0;9.4
06;2021-04-14;5436;4468;285881;105937;26.5;9.8
06;2021-04-15;5524;4366;291405;110303;27.0;10.2
06;2021-04-16;7042;5167;298447;115470;27.6;10.7
06;2021-04-17;2768;3079;301215;118549;27.9;11.0
06;2021-04-18;259;222;301474;118771;27.9;11.0
06;2021-04-19;5455;4030;306929;122801;28.4;11.4
06;2021-04-20;5617;4835;312546;127636;29.0;11.8
06;2021-04-21;8278;4136;320824;131772;29.7;12.2
06;2021-04-22;8529;4150;329353;135922;30.5;12.6
06;2021-04-23;8701;4149;338054;140071;31.3;13.0
06;2021-04-24;2327;1476;340381;141547;31.5;13.1
06;2021-04-25;119;28;340500;141575;31.5;13.1
06;2021-04-26;4125;2293;344625;143868;31.9;13.3
06;2021-04-27;4559;3995;349184;147863;32.3;13.7
06;2021-04-28;4120;4546;353304;152409;32.7;14.1
06;2021-04-29;6047;5424;359351;157833;33.3;14.6
06;2021-04-30;6730;5140;366081;162973;33.9;15.1
06;2021-05-01;4127;797;370208;163770;34.3;15.2
06;2021-05-02;487;157;370695;163927;34.3;15.2
06;2021-05-03;6859;3503;377554;167430;35.0;15.5
06;2021-05-04;5716;5338;383270;172768;35.5;16.0
06;2021-05-05;4513;3874;387783;176642;35.9;16.4
06;2021-05-06;5197;4712;392980;181354;36.4;16.8
06;2021-05-07;5628;5647;398608;187001;36.9;17.3
06;2021-05-08;4835;1287;403443;188288;37.4;17.4
06;2021-05-09;188;307;403631;188595;37.4;17.5
06;2021-05-10;4788;5030;408419;193625;37.8;17.9
06;2021-05-11;4903;5531;413322;199156;38.3;18.5
06;2021-05-12;9031;4804;422353;203960;39.1;18.9
06;2021-05-13;9202;2060;431555;206020;40.0;19.1
06;2021-05-14;10789;3284;442344;209304;41.0;19.4
06;2021-05-15;9195;2177;451539;211481;41.8;19.6
06;2021-05-16;1493;285;453032;211766;42.0;19.6
06;2021-05-17;7472;3731;460504;215497;42.7;20.0
06;2021-05-18;9687;3151;470191;218648;43.6;20.3
06;2021-05-19;7631;2892;477822;221540;44.3;20.5
06;2021-05-20;7783;3625;485605;225165;45.0;20.9
06;2021-05-21;8759;3881;494364;229046;45.8;21.2
06;2021-05-22;3021;1319;497385;230365;46.1;21.3
06;2021-05-23;129;628;497514;230993;46.1;21.4
06;2021-05-24;3168;991;500682;231984;46.4;21.5
06;2021-05-25;4754;4931;505436;236915;46.8;21.9
06;2021-05-26;5609;6573;511045;243488;47.3;22.6
06;2021-05-27;5529;6255;516574;249743;47.9;23.1
06;2021-05-28;4959;7257;521533;257000;48.3;23.8
06;2021-05-29;1625;2934;523158;259934;48.5;24.1
06;2021-05-30;256;1124;523414;261058;48.5;24.2
06;2021-05-31;4384;5085;527798;266143;48.9;24.7
06;2021-06-01;5667;7373;533465;273516;49.4;25.3
06;2021-06-02;3263;8520;536728;282036;49.7;26.1
06;2021-06-03;4460;8298;541188;290334;50.1;26.9
06;2021-06-04;5439;7720;546627;298054;50.6;27.6
06;2021-06-05;2437;3341;549064;301395;50.9;27.9
06;2021-06-06;175;235;549239;301630;50.9;27.9
06;2021-06-07;4118;5584;553357;307214;51.3;28.5
06;2021-06-08;4438;5170;557795;312384;51.7;28.9
06;2021-06-09;4057;7338;561852;319722;52.1;29.6
06;2021-06-10;4647;6837;566499;326559;52.5;30.3
06;2021-06-11;3822;8351;570321;334910;52.8;31.0
06;2021-06-12;1726;3745;572047;338655;53.0;31.4
06;2021-06-13;143;436;572190;339091;53.0;31.4
06;2021-06-14;2669;8579;574859;347670;53.3;32.2
06;2021-06-15;3182;9468;578041;357138;53.6;33.1
06;2021-06-16;3462;6984;581503;364122;53.9;33.7
06;2021-06-17;3593;7155;585096;371277;54.2;34.4
06;2021-06-18;2571;5922;587667;377199;54.4;34.9
06;2021-06-19;1285;1671;588952;378870;54.6;35.1
06;2021-06-20;205;345;589157;379215;54.6;35.1
06;2021-06-21;1605;6289;590762;385504;54.7;35.7
06;2021-06-22;2305;7352;593067;392856;54.9;36.4
06;2021-06-23;2029;6537;595096;399393;55.1;37.0
06;2021-06-24;3395;8948;598491;408341;55.4;37.8
06;2021-06-25;2256;9597;600747;417938;55.7;38.7
06;2021-06-26;875;2280;601622;420218;55.7;38.9
06;2021-06-27;374;1185;601996;421403;55.8;39.0
06;2021-06-28;2435;8115;604431;429518;56.0;39.8
06;2021-06-29;2313;7707;606744;437225;56.2;40.5
06;2021-06-30;1326;7680;608070;444905;56.3;41.2
06;2021-07-01;3229;7462;611299;452367;56.6;41.9
06;2021-07-02;3921;8207;615220;460574;57.0;42.7
06;2021-07-03;1183;4306;616403;464880;57.1;43.1
06;2021-07-04;305;298;616708;465178;57.1;43.1
06;2021-07-05;3529;5111;620237;470289;57.5;43.6
06;2021-07-06;1892;5824;622129;476113;57.6;44.1
06;2021-07-07;3352;5949;625481;482062;57.9;44.7
06;2021-07-08;3397;6289;628878;488351;58.3;45.2
06;2021-07-09;3853;6202;632731;494553;58.6;45.8
06;2021-07-10;1646;2321;634377;496874;58.8;46.0
06;2021-07-11;315;322;634692;497196;58.8;46.1
06;2021-07-12;3662;7120;638354;504316;59.1;46.7
06;2021-07-13;5576;8965;643930;513281;59.7;47.6
06;2021-07-14;942;422;644872;513703;59.7;47.6
06;2021-07-15;6180;7964;651052;521667;60.3;48.3
06;2021-07-16;7229;8962;658281;530629;61.0;49.2
06;2021-07-17;3059;5446;661340;536075;61.3;49.7
06;2021-07-18;1046;5328;662386;541403;61.4;50.2
06;2021-07-19;5604;7975;667990;549378;61.9;50.9
06;2021-07-20;7088;10172;675078;559550;62.5;51.8
06;2021-07-21;7547;8629;682625;568179;63.2;52.6
06;2021-07-22;9808;7747;692433;575926;64.2;53.4
06;2021-07-23;8741;6797;701174;582723;65.0;54.0
06;2021-07-24;3185;3195;704359;585918;65.3;54.3
06;2021-07-25;970;466;705329;586384;65.3;54.3
06;2021-07-26;6943;6776;712272;593160;66.0;55.0
06;2021-07-27;8609;5446;720881;598606;66.8;55.5
06;2021-07-28;6685;5304;727566;603910;67.4;55.9
06;2021-07-29;7254;5587;734820;609497;68.1;56.5
06;2021-07-30;6917;5336;741737;614833;68.7;57.0
06;2021-07-31;2663;3025;744400;617858;69.0;57.2
06;2021-08-01;685;430;745085;618288;69.0;57.3
07;2020-12-27;0;0;0;0;0.0;0.0
07;2020-12-28;0;0;0;0;0.0;0.0
07;2020-12-29;0;0;0;0;0.0;0.0
07;2020-12-30;0;0;0;0;0.0;0.0
07;2020-12-31;0;0;0;0;0.0;0.0
07;2021-01-01;7;0;7;0;0.0;0.0
07;2021-01-02;0;0;7;0;0.0;0.0
07;2021-01-03;0;0;7;0;0.0;0.0
07;2021-01-04;0;0;7;0;0.0;0.0
07;2021-01-05;0;0;7;0;0.0;0.0
07;2021-01-06;31;0;38;0;0.0;0.0
07;2021-01-07;129;1;167;1;0.1;0.0
07;2021-01-08;45;1;212;2;0.1;0.0
07;2021-01-09;17;0;229;2;0.1;0.0
07;2021-01-10;0;0;229;2;0.1;0.0
07;2021-01-11;157;1;386;3;0.1;0.0
07;2021-01-12;308;0;694;3;0.2;0.0
07;2021-01-13;304;1;998;4;0.3;0.0
07;2021-01-14;478;0;1476;4;0.5;0.0
07;2021-01-15;187;0;1663;4;0.5;0.0
07;2021-01-16;17;0;1680;4;0.5;0.0
07;2021-01-17;2;0;1682;4;0.5;0.0
07;2021-01-18;363;1;2045;5;0.6;0.0
07;2021-01-19;829;1;2874;6;0.9;0.0
07;2021-01-20;596;1;3470;7;1.1;0.0
07;2021-01-21;451;1;3921;8;1.2;0.0
07;2021-01-22;291;0;4212;8;1.3;0.0
07;2021-01-23;107;0;4319;8;1.3;0.0
07;2021-01-24;0;0;4319;8;1.3;0.0
07;2021-01-25;164;0;4483;8;1.4;0.0
07;2021-01-26;491;1;4974;9;1.5;0.0
07;2021-01-27;552;7;5526;16;1.7;0.0
07;2021-01-28;1204;100;6730;116;2.1;0.0
07;2021-01-29;706;17;7436;133;2.3;0.0
07;2021-01-30;213;4;7649;137;2.3;0.0
07;2021-01-31;7;0;7656;137;2.3;0.0
07;2021-02-01;267;32;7923;169;2.4;0.1
07;2021-02-02;646;241;8569;410;2.6;0.1
07;2021-02-03;1044;222;9613;632;2.9;0.2
07;2021-02-04;719;261;10332;893;3.2;0.3
07;2021-02-05;482;254;10814;1147;3.3;0.4
07;2021-02-06;96;2;10910;1149;3.3;0.4
07;2021-02-07;12;1;10922;1150;3.3;0.4
07;2021-02-08;239;179;11161;1329;3.4;0.4
07;2021-02-09;485;326;11646;1655;3.6;0.5
07;2021-02-10;537;396;12183;2051;3.7;0.6
07;2021-02-11;400;285;12583;2336;3.8;0.7
07;2021-02-12;268;160;12851;2496;3.9;0.8
07;2021-02-13;69;20;12920;2516;4.0;0.8
07;2021-02-14;0;0;12920;2516;4.0;0.8
07;2021-02-15;270;131;13190;2647;4.0;0.8
07;2021-02-16;345;365;13535;3012;4.1;0.9
07;2021-02-17;466;334;14001;3346;4.3;1.0
07;2021-02-18;560;766;14561;4112;4.5;1.3
07;2021-02-19;455;504;15016;4616;4.6;1.4
07;2021-02-20;108;68;15124;4684;4.6;1.4
07;2021-02-21;15;0;15139;4684;4.6;1.4
07;2021-02-22;423;216;15562;4900;4.8;1.5
07;2021-02-23;645;617;16207;5517;5.0;1.7
07;2021-02-24;927;701;17134;6218;5.2;1.9
07;2021-02-25;709;535;17843;6753;5.5;2.1
07;2021-02-26;843;292;18686;7045;5.7;2.2
07;2021-02-27;190;143;18876;7188;5.8;2.2
07;2021-02-28;1;0;18877;7188;5.8;2.2
07;2021-03-01;433;216;19310;7404;5.9;2.3
07;2021-03-02;654;565;19964;7969;6.1;2.4
07;2021-03-03;690;534;20654;8503;6.3;2.6
07;2021-03-04;1098;356;21752;8859;6.7;2.7
07;2021-03-05;1083;368;22835;9227;7.0;2.8
07;2021-03-06;1124;91;23959;9318;7.3;2.9
07;2021-03-07;717;20;24676;9338;7.5;2.9
07;2021-03-08;349;314;25025;9652;7.7;3.0
07;2021-03-09;1087;431;26112;10083;8.0;3.1
07;2021-03-10;857;512;26969;10595;8.3;3.2
07;2021-03-11;1368;461;28337;11056;8.7;3.4
07;2021-03-12;1613;556;29950;11612;9.2;3.6
07;2021-03-13;679;99;30629;11711;9.4;3.6
07;2021-03-14;4;0;30633;11711;9.4;3.6
07;2021-03-15;527;293;31160;12004;9.5;3.7
07;2021-03-16;1202;479;32362;12483;9.9;3.8
07;2021-03-17;1187;778;33549;13261;10.3;4.1
07;2021-03-18;1219;410;34768;13671;10.6;4.2
07;2021-03-19;1266;418;36034;14089;11.0;4.3
07;2021-03-20;467;106;36501;14195;11.2;4.3
07;2021-03-21;3;2;36504;14197;11.2;4.3
07;2021-03-22;789;533;37293;14730;11.4;4.5
07;2021-03-23;1513;716;38806;15446;11.9;4.7
07;2021-03-24;1272;660;40078;16106;12.3;4.9
07;2021-03-25;1847;507;41925;16613;12.8;5.1
07;2021-03-26;1834;430;43759;17043;13.4;5.2
07;2021-03-27;383;97;44142;17140;13.5;5.2
07;2021-03-28;6;1;44148;17141;13.5;5.2
07;2021-03-29;784;353;44932;17494;13.7;5.4
07;2021-03-30;1524;508;46456;18002;14.2;5.5
07;2021-03-31;1655;496;48111;18498;14.7;5.7
07;2021-04-01;1574;656;49685;19154;15.2;5.9
07;2021-04-02;1521;425;51206;19579;15.7;6.0
07;2021-04-03;228;105;51434;19684;15.7;6.0
07;2021-04-04;1;1;51435;19685;15.7;6.0
07;2021-04-05;0;66;51435;19751;15.7;6.0
07;2021-04-06;1161;755;52596;20506;16.1;6.3
07;2021-04-07;1317;886;53913;21392;16.5;6.5
07;2021-04-08;1971;1169;55884;22561;17.1;6.9
07;2021-04-09;2421;564;58305;23125;17.8;7.1
07;2021-04-10;808;157;59113;23282;18.1;7.1
07;2021-04-11;339;13;59452;23295;18.2;7.1
07;2021-04-12;1276;585;60728;23880;18.6;7.3
07;2021-04-13;1765;1329;62493;25209;19.1;7.7
07;2021-04-14;1672;977;64165;26186;19.6;8.0
07;2021-04-15;1443;840;65608;27026;20.1;8.3
07;2021-04-16;1506;896;67114;27922;20.5;8.5
07;2021-04-17;868;212;67982;28134;20.8;8.6
07;2021-04-18;700;35;68682;28169;21.0;8.6
07;2021-04-19;1161;567;69843;28736;21.4;8.8
07;2021-04-20;1440;1316;71283;30052;21.8;9.2
07;2021-04-21;1713;911;72996;30963;22.3;9.5
07;2021-04-22;1815;960;74811;31923;22.9;9.8
07;2021-04-23;1410;970;76221;32893;23.3;10.1
07;2021-04-24;958;247;77179;33140;23.6;10.1
07;2021-04-25;715;66;77894;33206;23.8;10.2
07;2021-04-26;1138;681;79032;33887;24.2;10.4
07;2021-04-27;1393;1564;80425;35451;24.6;10.8
07;2021-04-28;1632;1749;82057;37200;25.1;11.4
07;2021-04-29;1938;1532;83995;38732;25.7;11.8
07;2021-04-30;1660;1479;85655;40211;26.2;12.3
07;2021-05-01;960;113;86615;40324;26.5;12.3
07;2021-05-02;845;154;87460;40478;26.8;12.4
07;2021-05-03;1282;431;88742;40909;27.1;12.5
07;2021-05-04;2169;1558;90911;42467;27.8;13.0
07;2021-05-05;1743;1384;92654;43851;28.3;13.4
07;2021-05-06;2103;1586;94757;45437;29.0;13.9
07;2021-05-07;1593;1553;96350;46990;29.5;14.4
07;2021-05-08;1224;406;97574;47396;29.9;14.5
07;2021-05-09;1030;326;98604;47722;30.2;14.6
07;2021-05-10;1402;1174;100006;48896;30.6;15.0
07;2021-05-11;2473;1699;102479;50595;31.4;15.5
07;2021-05-12;2161;1275;104640;51870;32.0;15.9
07;2021-05-13;1711;269;106351;52139;32.5;16.0
07;2021-05-14;1733;998;108084;53137;33.1;16.3
07;2021-05-15;1626;495;109710;53632;33.6;16.4
07;2021-05-16;1442;208;111152;53840;34.0;16.5
07;2021-05-17;1772;857;112924;54697;34.5;16.7
07;2021-05-18;2295;1305;115219;56002;35.2;17.1
07;2021-05-19;2376;994;117595;56996;36.0;17.4
07;2021-05-20;2161;1309;119756;58305;36.6;17.8
07;2021-05-21;1758;1316;121514;59621;37.2;18.2
07;2021-05-22;938;544;122452;60165;37.5;18.4
07;2021-05-23;859;156;123311;60321;37.7;18.5
07;2021-05-24;1650;341;124961;60662;38.2;18.6
07;2021-05-25;2187;1478;127148;62140;38.9;19.0
07;2021-05-26;1527;1383;128675;63523;39.4;19.4
07;2021-05-27;2020;1404;130695;64927;40.0;19.9
07;2021-05-28;1768;2081;132463;67008;40.5;20.5
07;2021-05-29;943;683;133406;67691;40.8;20.7
07;2021-05-30;623;570;134029;68261;41.0;20.9
07;2021-05-31;1132;1286;135161;69547;41.3;21.3
07;2021-06-01;2155;2005;137316;71552;42.0;21.9
07;2021-06-02;1530;1653;138846;73205;42.5;22.4
07;2021-06-03;1710;1259;140556;74464;43.0;22.8
07;2021-06-04;1675;1595;142231;76059;43.5;23.3
07;2021-06-05;988;955;143219;77014;43.8;23.6
07;2021-06-06;598;623;143817;77637;44.0;23.8
07;2021-06-07;959;1196;144776;78833;44.3;24.1
07;2021-06-08;1548;1771;146324;80604;44.8;24.7
07;2021-06-09;1029;1422;147353;82026;45.1;25.1
07;2021-06-10;789;1391;148142;83417;45.3;25.5
07;2021-06-11;1154;2036;149296;85453;45.7;26.1
07;2021-06-12;643;1218;149939;86671;45.9;26.5
07;2021-06-13;393;444;150332;87115;46.0;26.7
07;2021-06-14;566;1964;150898;89079;46.2;27.3
07;2021-06-15;933;2553;151831;91632;46.4;28.0
07;2021-06-16;1019;1852;152850;93484;46.8;28.6
07;2021-06-17;884;1950;153734;95434;47.0;29.2
07;2021-06-18;871;2285;154605;97719;47.3;29.9
07;2021-06-19;606;1457;155211;99176;47.5;30.3
07;2021-06-20;369;729;155580;99905;47.6;30.6
07;2021-06-21;512;2144;156092;102049;47.8;31.2
07;2021-06-22;654;2663;156746;104712;48.0;32.0
07;2021-06-23;676;1961;157422;106673;48.2;32.6
07;2021-06-24;646;1855;158068;108528;48.4;33.2
07;2021-06-25;699;2177;158767;110705;48.6;33.9
07;2021-06-26;357;1429;159124;112134;48.7;34.3
07;2021-06-27;284;1072;159408;113206;48.8;34.6
07;2021-06-28;503;2243;159911;115449;48.9;35.3
07;2021-06-29;540;2990;160451;118439;49.1;36.2
07;2021-06-30;818;2288;161269;120727;49.3;36.9
07;2021-07-01;772;1978;162041;122705;49.6;37.5
07;2021-07-02;878;2303;162919;125008;49.8;38.2
07;2021-07-03;420;1140;163339;126148;50.0;38.6
07;2021-07-04;210;854;163549;127002;50.0;38.9
07;2021-07-05;669;1686;164218;128688;50.2;39.4
07;2021-07-06;876;2637;165094;131325;50.5;40.2
07;2021-07-07;956;1946;166050;133271;50.8;40.8
07;2021-07-08;926;1969;166976;135240;51.1;41.4
07;2021-07-09;994;2262;167970;137502;51.4;42.1
07;2021-07-10;595;1103;168565;138605;51.6;42.4
07;2021-07-11;237;615;168802;139220;51.6;42.6
07;2021-07-12;801;1768;169603;140988;51.9;43.1
07;2021-07-13;1751;3172;171354;144160;52.4;44.1
07;2021-07-14;166;133;171520;144293;52.5;44.1
07;2021-07-15;1937;2452;173457;146745;53.1;44.9
07;2021-07-16;2049;1977;175506;148722;53.7;45.5
07;2021-07-17;1479;1241;176985;149963;54.1;45.9
07;2021-07-18;770;483;177755;150446;54.4;46.0
07;2021-07-19;1513;1707;179268;152153;54.8;46.5
07;2021-07-20;2454;2661;181722;154814;55.6;47.4
07;2021-07-21;1847;1902;183569;156716;56.2;47.9
07;2021-07-22;1908;1361;185477;158077;56.7;48.4
07;2021-07-23;2250;1683;187727;159760;57.4;48.9
07;2021-07-24;1631;1098;189358;160858;57.9;49.2
07;2021-07-25;32;21;189390;160879;57.9;49.2
07;2021-07-26;2185;1531;191575;162410;58.6;49.7
07;2021-07-27;2959;1889;194534;164299;59.5;50.3
07;2021-07-28;1620;1294;196154;165593;60.0;50.7
07;2021-07-29;2516;1250;198670;166843;60.8;51.0
07;2021-07-30;1332;1411;200002;168254;61.2;51.5
07;2021-07-31;1487;911;201489;169165;61.6;51.8
07;2021-08-01;70;26;201559;169191;61.7;51.8
08;2020-12-27;1;0;1;0;0.0;0.0
08;2020-12-28;0;0;1;0;0.0;0.0
08;2020-12-29;0;0;1;0;0.0;0.0
08;2020-12-30;0;0;1;0;0.0;0.0
08;2020-12-31;0;0;1;0;0.0;0.0
08;2021-01-01;0;0;1;0;0.0;0.0
08;2021-01-02;0;0;1;0;0.0;0.0
08;2021-01-03;2;0;3;0;0.0;0.0
08;2021-01-04;22;0;25;0;0.0;0.0
08;2021-01-05;1;0;26;0;0.0;0.0
08;2021-01-06;0;0;26;0;0.0;0.0
08;2021-01-07;188;0;214;0;0.1;0.0
08;2021-01-08;314;0;528;0;0.2;0.0
08;2021-01-09;113;0;641;0;0.2;0.0
08;2021-01-10;1;0;642;0;0.2;0.0
08;2021-01-11;67;0;709;0;0.3;0.0
08;2021-01-12;156;0;865;0;0.3;0.0
08;2021-01-13;477;1;1342;1;0.5;0.0
08;2021-01-14;533;9;1875;10;0.7;0.0
08;2021-01-15;287;2;2162;12;0.8;0.0
08;2021-01-16;106;0;2268;12;0.9;0.0
08;2021-01-17;1;0;2269;12;0.9;0.0
08;2021-01-18;365;2;2634;14;1.0;0.0
08;2021-01-19;868;1;3502;15;1.3;0.0
08;2021-01-20;910;2;4412;17;1.7;0.0
08;2021-01-21;743;1;5155;18;1.9;0.0
08;2021-01-22;678;0;5833;18;2.2;0.0
08;2021-01-23;237;0;6070;18;2.3;0.0
08;2021-01-24;0;0;6070;18;2.3;0.0
08;2021-01-25;205;0;6275;18;2.4;0.0
08;2021-01-26;302;2;6577;20;2.5;0.0
08;2021-01-27;411;0;6988;20;2.6;0.0
08;2021-01-28;565;185;7553;205;2.8;0.1
08;2021-01-29;587;182;8140;387;3.1;0.1
08;2021-01-30;222;63;8362;450;3.1;0.2
08;2021-01-31;0;0;8362;450;3.1;0.2
08;2021-02-01;80;46;8442;496;3.2;0.2
08;2021-02-02;190;174;8632;670;3.3;0.3
08;2021-02-03;140;170;8772;840;3.3;0.3
08;2021-02-04;309;287;9081;1127;3.4;0.4
08;2021-02-05;499;359;9580;1486;3.6;0.6
08;2021-02-06;148;75;9728;1561;3.7;0.6
08;2021-02-07;8;0;9736;1561;3.7;0.6
08;2021-02-08;40;174;9776;1735;3.7;0.7
08;2021-02-09;216;648;9992;2383;3.8;0.9
08;2021-02-10;333;640;10325;3023;3.9;1.1
08;2021-02-11;463;363;10788;3386;4.1;1.3
08;2021-02-12;676;386;11464;3772;4.3;1.4
08;2021-02-13;140;118;11604;3890;4.4;1.5
08;2021-02-14;3;60;11607;3950;4.4;1.5
08;2021-02-15;227;210;11834;4160;4.5;1.6
08;2021-02-16;130;376;11964;4536;4.5;1.7
08;2021-02-17;112;417;12076;4953;4.5;1.9
08;2021-02-18;215;521;12291;5474;4.6;2.1
08;2021-02-19;304;424;12595;5898;4.7;2.2
08;2021-02-20;7;209;12602;6107;4.7;2.3
08;2021-02-21;0;0;12602;6107;4.7;2.3
08;2021-02-22;132;180;12734;6287;4.8;2.4
08;2021-02-23;150;321;12884;6608;4.9;2.5
08;2021-02-24;164;389;13048;6997;4.9;2.6
08;2021-02-25;500;527;13548;7524;5.1;2.8
08;2021-02-26;603;628;14151;8152;5.3;3.1
08;2021-02-27;317;193;14468;8345;5.4;3.1
08;2021-02-28;19;1;14487;8346;5.5;3.1
08;2021-03-01;197;106;14684;8452;5.5;3.2
08;2021-03-02;653;278;15337;8730;5.8;3.3
08;2021-03-03;895;200;16232;8930;6.1;3.4
08;2021-03-04;733;328;16965;9258;6.4;3.5
08;2021-03-05;1022;538;17987;9796;6.8;3.7
08;2021-03-06;692;136;18679;9932;7.0;3.7
08;2021-03-07;75;1;18754;9933;7.1;3.7
08;2021-03-08;217;114;18971;10047;7.1;3.8
08;2021-03-09;686;136;19657;10183;7.4;3.8
08;2021-03-10;1037;115;20694;10298;7.8;3.9
08;2021-03-11;980;245;21674;10543;8.2;4.0
08;2021-03-12;1630;507;23304;11050;8.8;4.2
08;2021-03-13;793;120;24097;11170;9.1;4.2
08;2021-03-14;22;0;24119;11170;9.1;4.2
08;2021-03-15;291;72;24410;11242;9.2;4.2
08;2021-03-16;563;36;24973;11278;9.4;4.2
08;2021-03-17;802;58;25775;11336;9.7;4.3
08;2021-03-18;814;154;26589;11490;10.0;4.3
08;2021-03-19;1133;281;27722;11771;10.4;4.4
08;2021-03-20;506;17;28228;11788;10.6;4.4
08;2021-03-21;13;0;28241;11788;10.6;4.4
08;2021-03-22;367;43;28608;11831;10.8;4.5
08;2021-03-23;733;61;29341;11892;11.0;4.5
08;2021-03-24;1328;67;30669;11959;11.6;4.5
08;2021-03-25;1903;87;32572;12046;12.3;4.5
08;2021-03-26;2564;167;35136;12213;13.2;4.6
08;2021-03-27;898;121;36034;12334;13.6;4.6
08;2021-03-28;228;6;36262;12340;13.7;4.6
08;2021-03-29;260;180;36522;12520;13.8;4.7
08;2021-03-30;832;483;37354;13003;14.1;4.9
08;2021-03-31;852;528;38206;13531;14.4;5.1
08;2021-04-01;1682;446;39888;13977;15.0;5.3
08;2021-04-02;1499;514;41387;14491;15.6;5.5
08;2021-04-03;1327;193;42714;14684;16.1;5.5
08;2021-04-04;134;4;42848;14688;16.1;5.5
08;2021-04-05;16;0;42864;14688;16.1;5.5
08;2021-04-06;701;478;43565;15166;16.4;5.7
08;2021-04-07;910;700;44475;15866;16.7;6.0
08;2021-04-08;1742;518;46217;16384;17.4;6.2
08;2021-04-09;2347;715;48564;17099;18.3;6.4
08;2021-04-10;1449;216;50013;17315;18.8;6.5
08;2021-04-11;10;6;50023;17321;18.8;6.5
08;2021-04-12;671;226;50694;17547;19.1;6.6
08;2021-04-13;1306;608;52000;18155;19.6;6.8
08;2021-04-14;1281;862;53281;19017;20.1;7.2
08;2021-04-15;1607;794;54888;19811;20.7;7.5
08;2021-04-16;1873;872;56761;20683;21.4;7.8
08;2021-04-17;1112;400;57873;21083;21.8;7.9
08;2021-04-18;23;14;57896;21097;21.8;7.9
08;2021-04-19;1147;299;59043;21396;22.2;8.1
08;2021-04-20;1118;541;60161;21937;22.7;8.3
08;2021-04-21;1139;737;61300;22674;23.1;8.5
08;2021-04-22;1328;878;62628;23552;23.6;8.9
08;2021-04-23;1674;1170;64302;24722;24.2;9.3
08;2021-04-24;1323;642;65625;25364;24.7;9.6
08;2021-04-25;26;198;65651;25562;24.7;9.6
08;2021-04-26;1040;154;66691;25716;25.1;9.7
08;2021-04-27;1337;599;68028;26315;25.6;9.9
08;2021-04-28;1453;680;69481;26995;26.2;10.2
08;2021-04-29;1174;1309;70655;28304;26.6;10.7
08;2021-04-30;1769;1620;72424;29924;27.3;11.3
08;2021-05-01;1049;488;73473;30412;27.7;11.5
08;2021-05-02;626;180;74099;30592;27.9;11.5
08;2021-05-03;1168;371;75267;30963;28.3;11.7
08;2021-05-04;1328;861;76595;31824;28.8;12.0
08;2021-05-05;1567;1327;78162;33151;29.4;12.5
08;2021-05-06;1971;1653;80133;34804;30.2;13.1
08;2021-05-07;1860;2095;81993;36899;30.9;13.9
08;2021-05-08;923;765;82916;37664;31.2;14.2
08;2021-05-09;443;71;83359;37735;31.4;14.2
08;2021-05-10;1191;665;84550;38400;31.8;14.5
08;2021-05-11;1909;938;86459;39338;32.6;14.8
08;2021-05-12;1810;1235;88269;40573;33.2;15.3
08;2021-05-13;1306;618;89575;41191;33.7;15.5
08;2021-05-14;2535;1032;92110;42223;34.7;15.9
08;2021-05-15;1821;713;93931;42936;35.4;16.2
08;2021-05-16;820;102;94751;43038;35.7;16.2
08;2021-05-17;699;908;95450;43946;35.9;16.6
08;2021-05-18;1250;838;96700;44784;36.4;16.9
08;2021-05-19;1609;958;98309;45742;37.0;17.2
08;2021-05-20;2147;960;100456;46702;37.8;17.6
08;2021-05-21;2336;1276;102792;47978;38.7;18.1
08;2021-05-22;1820;761;104612;48739;39.4;18.4
08;2021-05-23;863;90;105475;48829;39.7;18.4
08;2021-05-24;714;103;106189;48932;40.0;18.4
08;2021-05-25;1453;672;107642;49604;40.5;18.7
08;2021-05-26;1513;1007;109155;50611;41.1;19.1
08;2021-05-27;2006;1146;111161;51757;41.9;19.5
08;2021-05-28;1974;1822;113135;53579;42.6;20.2
08;2021-05-29;1769;968;114904;54547;43.3;20.5
08;2021-05-30;836;102;115740;54649;43.6;20.6
08;2021-05-31;755;574;116495;55223;43.9;20.8
08;2021-06-01;1349;881;117844;56104;44.4;21.1
08;2021-06-02;1296;1196;119140;57300;44.9;21.6
08;2021-06-03;1385;1520;120525;58820;45.4;22.2
08;2021-06-04;1777;2426;122302;61246;46.1;23.1
08;2021-06-05;1177;1378;123479;62624;46.5;23.6
08;2021-06-06;906;107;124385;62731;46.8;23.6
08;2021-06-07;660;1173;125045;63904;47.1;24.1
08;2021-06-08;925;1496;125970;65400;47.4;24.6
08;2021-06-09;823;1392;126793;66792;47.8;25.2
08;2021-06-10;1717;1554;128510;68346;48.4;25.7
08;2021-06-11;1720;2210;130230;70556;49.0;26.6
08;2021-06-12;1416;1527;131646;72083;49.6;27.1
08;2021-06-13;386;598;132032;72681;49.7;27.4
08;2021-06-14;380;1303;132412;73984;49.9;27.9
08;2021-06-15;740;1554;133152;75538;50.1;28.4
08;2021-06-16;804;2055;133956;77593;50.4;29.2
08;2021-06-17;1283;1853;135239;79446;50.9;29.9
08;2021-06-18;1608;2597;136847;82043;51.5;30.9
08;2021-06-19;1324;1406;138171;83449;52.0;31.4
08;2021-06-20;117;423;138288;83872;52.1;31.6
08;2021-06-21;494;1398;138782;85270;52.3;32.1
08;2021-06-22;808;2021;139590;87291;52.6;32.9
08;2021-06-23;853;1673;140443;88964;52.9;33.5
08;2021-06-24;1038;1923;141481;90887;53.3;34.2
08;2021-06-25;1079;2735;142560;93622;53.7;35.3
08;2021-06-26;1013;1784;143573;95406;54.1;35.9
08;2021-06-27;351;644;143924;96050;54.2;36.2
08;2021-06-28;397;1320;144321;97370;54.4;36.7
08;2021-06-29;627;1470;144948;98840;54.6;37.2
08;2021-06-30;853;1689;145801;100529;54.9;37.9
08;2021-07-01;881;2194;146682;102723;55.2;38.7
08;2021-07-02;937;2644;147619;105367;55.6;39.7
08;2021-07-03;782;2143;148401;107510;55.9;40.5
08;2021-07-04;128;861;148529;108371;55.9;40.8
08;2021-07-05;102;1195;148631;109566;56.0;41.3
08;2021-07-06;424;1835;149055;111401;56.1;42.0
08;2021-07-07;364;1782;149419;113183;56.3;42.6
08;2021-07-08;714;2014;150133;115197;56.5;43.4
08;2021-07-09;730;2442;150863;117639;56.8;44.3
08;2021-07-10;651;2000;151514;119639;57.1;45.1
08;2021-07-11;238;727;151752;120366;57.2;45.3
08;2021-07-12;309;1194;152061;121560;57.3;45.8
08;2021-07-13;939;1789;153000;123349;57.6;46.5
08;2021-07-14;177;331;153177;123680;57.7;46.6
08;2021-07-15;756;2451;153933;126131;58.0;47.5
08;2021-07-16;1074;2414;155007;128545;58.4;48.4
08;2021-07-17;991;2108;155998;130653;58.7;49.2
08;2021-07-18;344;737;156342;131390;58.9;49.5
08;2021-07-19;455;921;156797;132311;59.1;49.8
08;2021-07-20;875;1438;157672;133749;59.4;50.4
08;2021-07-21;1228;1719;158900;135468;59.8;51.0
08;2021-07-22;1140;2166;160040;137634;60.3;51.8
08;2021-07-23;1579;2449;161619;140083;60.9;52.8
08;2021-07-24;1305;1922;162924;142005;61.4;53.5
08;2021-07-25;771;440;163695;142445;61.6;53.6
08;2021-07-26;1306;840;165001;143285;62.1;54.0
08;2021-07-27;2170;1392;167171;144677;63.0;54.5
08;2021-07-28;2404;1445;169575;146122;63.9;55.0
08;2021-07-29;2590;1333;172165;147455;64.8;55.5
08;2021-07-30;2589;1570;174754;149025;65.8;56.1
08;2021-07-31;1967;1050;176721;150075;66.6;56.5
08;2021-08-01;927;287;177648;150362;66.9;56.6
09;2020-12-27;0;0;0;0;0.0;0.0
09;2020-12-28;1;0;1;0;0.0;0.0
09;2020-12-29;0;0;1;0;0.0;0.0
09;2020-12-30;0;0;1;0;0.0;0.0
09;2020-12-31;0;0;1;0;0.0;0.0
09;2021-01-01;0;0;1;0;0.0;0.0
09;2021-01-02;0;0;1;0;0.0;0.0
09;2021-01-03;0;0;1;0;0.0;0.0
09;2021-01-04;2;1;3;1;0.0;0.0
09;2021-01-05;0;0;3;1;0.0;0.0
09;2021-01-06;3;0;6;1;0.0;0.0
09;2021-01-07;257;2;263;3;0.2;0.0
09;2021-01-08;228;0;491;3;0.3;0.0
09;2021-01-09;103;0;594;3;0.4;0.0
09;2021-01-10;59;0;653;3;0.4;0.0
09;2021-01-11;175;0;828;3;0.5;0.0
09;2021-01-12;304;0;1132;3;0.7;0.0
09;2021-01-13;196;0;1328;3;0.9;0.0
09;2021-01-14;432;8;1760;11;1.2;0.0
09;2021-01-15;223;1;1983;12;1.3;0.0
09;2021-01-16;194;2;2177;14;1.4;0.0
09;2021-01-17;123;0;2300;14;1.5;0.0
09;2021-01-18;267;1;2567;15;1.7;0.0
09;2021-01-19;257;0;2824;15;1.9;0.0
09;2021-01-20;346;1;3170;16;2.1;0.0
09;2021-01-21;333;1;3503;17;2.3;0.0
09;2021-01-22;330;1;3833;18;2.5;0.0
09;2021-01-23;236;0;4069;18;2.7;0.0
09;2021-01-24;85;1;4154;19;2.7;0.0
09;2021-01-25;204;12;4358;31;2.9;0.0
09;2021-01-26;633;25;4991;56;3.3;0.0
09;2021-01-27;471;41;5462;97;3.6;0.1
09;2021-01-28;285;206;5747;303;3.8;0.2
09;2021-01-29;250;129;5997;432;3.9;0.3
09;2021-01-30;143;57;6140;489;4.0;0.3
09;2021-01-31;56;10;6196;499;4.1;0.3
09;2021-02-01;81;143;6277;642;4.1;0.4
09;2021-02-02;57;295;6334;937;4.2;0.6
09;2021-02-03;87;206;6421;1143;4.2;0.8
09;2021-02-04;49;299;6470;1442;4.2;0.9
09;2021-02-05;89;157;6559;1599;4.3;1.0
09;2021-02-06;68;50;6627;1649;4.3;1.1
09;2021-02-07;6;73;6633;1722;4.4;1.1
09;2021-02-08;22;177;6655;1899;4.4;1.2
09;2021-02-09;54;289;6709;2188;4.4;1.4
09;2021-02-10;15;196;6724;2384;4.4;1.6
09;2021-02-11;6;221;6730;2605;4.4;1.7
09;2021-02-12;149;174;6879;2779;4.5;1.8
09;2021-02-13;7;144;6886;2923;4.5;1.9
09;2021-02-14;0;54;6886;2977;4.5;2.0
09;2021-02-15;75;134;6961;3111;4.6;2.0
09;2021-02-16;227;510;7188;3621;4.7;2.4
09;2021-02-17;82;388;7270;4009;4.8;2.6
09;2021-02-18;88;450;7358;4459;4.8;2.9
09;2021-02-19;65;285;7423;4744;4.9;3.1
09;2021-02-20;59;200;7482;4944;4.9;3.2
09;2021-02-21;0;51;7482;4995;4.9;3.3
09;2021-02-22;127;218;7609;5213;5.0;3.4
09;2021-02-23;161;145;7770;5358;5.1;3.5
09;2021-02-24;74;178;7844;5536;5.1;3.6
09;2021-02-25;211;169;8055;5705;5.3;3.7
09;2021-02-26;162;174;8217;5879;5.4;3.9
09;2021-02-27;65;71;8282;5950;5.4;3.9
09;2021-02-28;43;17;8325;5967;5.5;3.9
09;2021-03-01;247;97;8572;6064;5.6;4.0
09;2021-03-02;284;76;8856;6140;5.8;4.0
09;2021-03-03;252;132;9108;6272;6.0;4.1
09;2021-03-04;413;30;9521;6302;6.2;4.1
09;2021-03-05;332;64;9853;6366;6.5;4.2
09;2021-03-06;396;45;10249;6411;6.7;4.2
09;2021-03-07;124;4;10373;6415;6.8;4.2
09;2021-03-08;380;64;10753;6479;7.1;4.3
09;2021-03-09;437;140;11190;6619;7.3;4.3
09;2021-03-10;562;71;11752;6690;7.7;4.4
09;2021-03-11;695;74;12447;6764;8.2;4.4
09;2021-03-12;658;31;13105;6795;8.6;4.5
09;2021-03-13;385;3;13490;6798;8.9;4.5
09;2021-03-14;120;3;13610;6801;8.9;4.5
09;2021-03-15;467;48;14077;6849;9.2;4.5
09;2021-03-16;370;80;14447;6929;9.5;4.5
09;2021-03-17;399;72;14846;7001;9.7;4.6
09;2021-03-18;453;42;15299;7043;10.0;4.6
09;2021-03-19;524;54;15823;7097;10.4;4.7
09;2021-03-20;313;39;16136;7136;10.6;4.7
09;2021-03-21;105;0;16241;7136;10.7;4.7
09;2021-03-22;424;117;16665;7253;10.9;4.8
09;2021-03-23;565;173;17230;7426;11.3;4.9
09;2021-03-24;711;41;17941;7467;11.8;4.9
09;2021-03-25;869;138;18810;7605;12.3;5.0
09;2021-03-26;751;44;19561;7649;12.8;5.0
09;2021-03-27;622;69;20183;7718;13.2;5.1
09;2021-03-28;132;24;20315;7742;13.3;5.1
09;2021-03-29;497;278;20812;8020;13.7;5.3
09;2021-03-30;729;153;21541;8173;14.1;5.4
09;2021-03-31;801;180;22342;8353;14.7;5.5
09;2021-04-01;734;254;23076;8607;15.1;5.6
09;2021-04-02;693;266;23769;8873;15.6;5.8
09;2021-04-03;770;117;24539;8990;16.1;5.9
09;2021-04-04;122;57;24661;9047;16.2;5.9
09;2021-04-05;237;58;24898;9105;16.3;6.0
09;2021-04-06;1056;391;25954;9496;17.0;6.2
09;2021-04-07;1209;359;27163;9855;17.8;6.5
09;2021-04-08;1468;396;28631;10251;18.8;6.7
09;2021-04-09;1139;412;29770;10663;19.5;7.0
09;2021-04-10;1349;193;31119;10856;20.4;7.1
09;2021-04-11;173;102;31292;10958;20.5;7.2
09;2021-04-12;736;342;32028;11300;21.0;7.4
09;2021-04-13;1047;407;33075;11707;21.7;7.7
09;2021-04-14;1331;507;34406;12214;22.6;8.0
09;2021-04-15;1148;500;35554;12714;23.3;8.3
09;2021-04-16;1033;414;36587;13128;24.0;8.6
09;2021-04-17;1194;355;37781;13483;24.8;8.8
09;2021-04-18;102;96;37883;13579;24.9;8.9
09;2021-04-19;697;404;38580;13983;25.3;9.2
09;2021-04-20;766;533;39346;14516;25.8;9.5
09;2021-04-21;941;591;40287;15107;26.4;9.9
09;2021-04-22;667;607;40954;15714;26.9;10.3
09;2021-04-23;772;425;41726;16139;27.4;10.6
09;2021-04-24;740;669;42466;16808;27.9;11.0
09;2021-04-25;75;113;42541;16921;27.9;11.1
09;2021-04-26;382;535;42923;17456;28.2;11.5
09;2021-04-27;443;720;43366;18176;28.5;11.9
09;2021-04-28;806;795;44172;18971;29.0;12.4
09;2021-04-29;550;771;44722;19742;29.3;13.0
09;2021-04-30;621;723;45343;20465;29.8;13.4
09;2021-05-01;478;453;45821;20918;30.1;13.7
09;2021-05-02;51;100;45872;21018;30.1;13.8
09;2021-05-03;522;663;46394;21681;30.4;14.2
09;2021-05-04;557;1346;46951;23027;30.8;15.1
09;2021-05-05;823;1347;47774;24374;31.3;16.0
09;2021-05-06;849;1034;48623;25408;31.9;16.7
09;2021-05-07;978;823;49601;26231;32.5;17.2
09;2021-05-08;395;461;49996;26692;32.8;17.5
09;2021-05-09;264;84;50260;26776;33.0;17.6
09;2021-05-10;504;967;50764;27743;33.3;18.2
09;2021-05-11;740;1052;51504;28795;33.8;18.9
09;2021-05-12;1535;1407;53039;30202;34.8;19.8
09;2021-05-13;1383;425;54422;30627;35.7;20.1
09;2021-05-14;987;653;55409;31280;36.4;20.5
09;2021-05-15;1236;790;56645;32070;37.2;21.0
09;2021-05-16;296;48;56941;32118;37.4;21.1
09;2021-05-17;875;413;57816;32531;37.9;21.3
09;2021-05-18;1291;392;59107;32923;38.8;21.6
09;2021-05-19;1495;367;60602;33290;39.8;21.8
09;2021-05-20;1380;406;61982;33696;40.7;22.1
09;2021-05-21;1164;496;63146;34192;41.4;22.4
09;2021-05-22;1546;363;64692;34555;42.4;22.7
09;2021-05-23;272;25;64964;34580;42.6;22.7
09;2021-05-24;177;99;65141;34679;42.7;22.8
09;2021-05-25;997;499;66138;35178;43.4;23.1
09;2021-05-26;1286;446;67424;35624;44.2;23.4
09;2021-05-27;966;403;68390;36027;44.9;23.6
09;2021-05-28;958;512;69348;36539;45.5;24.0
09;2021-05-29;1797;596;71145;37135;46.7;24.4
09;2021-05-30;541;197;71686;37332;47.0;24.5
09;2021-05-31;717;594;72403;37926;47.5;24.9
09;2021-06-01;967;641;73370;38567;48.1;25.3
09;2021-06-02;1007;897;74377;39464;48.8;25.9
09;2021-06-03;810;682;75187;40146;49.3;26.3
09;2021-06-04;877;799;76064;40945;49.9;26.9
09;2021-06-05;1320;874;77384;41819;50.8;27.4
09;2021-06-06;304;108;77688;41927;51.0;27.5
09;2021-06-07;623;516;78311;42443;51.4;27.9
09;2021-06-08;823;490;79134;42933;51.9;28.2
09;2021-06-09;807;830;79941;43763;52.5;28.7
09;2021-06-10;640;532;80581;44295;52.9;29.1
09;2021-06-11;830;760;81411;45055;53.4;29.6
09;2021-06-12;636;807;82047;45862;53.8;30.1
09;2021-06-13;94;130;82141;45992;53.9;30.2
09;2021-06-14;626;707;82767;46699;54.3;30.6
09;2021-06-15;824;890;83591;47589;54.9;31.2
09;2021-06-16;627;1078;84218;48667;55.3;31.9
09;2021-06-17;780;856;84998;49523;55.8;32.5
09;2021-06-18;635;1149;85633;50672;56.2;33.2
09;2021-06-19;515;1576;86148;52248;56.5;34.3
09;2021-06-20;8;279;86156;52527;56.5;34.5
09;2021-06-21;474;699;86630;53226;56.8;34.9
09;2021-06-22;462;1066;87092;54292;57.1;35.6
09;2021-06-23;435;1224;87527;55516;57.4;36.4
09;2021-06-24;580;772;88107;56288;57.8;36.9
09;2021-06-25;411;1063;88518;57351;58.1;37.6
09;2021-06-26;442;1088;88960;58439;58.4;38.3
09;2021-06-27;2;275;88962;58714;58.4;38.5
09;2021-06-28;239;1048;89201;59762;58.5;39.2
09;2021-06-29;312;1230;89513;60992;58.7;40.0
09;2021-06-30;457;1491;89970;62483;59.0;41.0
09;2021-07-01;383;1431;90353;63914;59.3;41.9
09;2021-07-02;308;1163;90661;65077;59.5;42.7
09;2021-07-03;209;1619;90870;66696;59.6;43.8
09;2021-07-04;3;254;90873;66950;59.6;43.9
09;2021-07-05;188;714;91061;67664;59.8;44.4
09;2021-07-06;292;1225;91353;68889;59.9;45.2
09;2021-07-07;415;1395;91768;70284;60.2;46.1
09;2021-07-08;321;1061;92089;71345;60.4;46.8
09;2021-07-09;290;1156;92379;72501;60.6;47.6
09;2021-07-10;344;1726;92723;74227;60.8;48.7
09;2021-07-11;147;391;92870;74618;60.9;49.0
09;2021-07-12;182;1072;93052;75690;61.1;49.7
09;2021-07-13;642;1306;93694;76996;61.5;50.5
09;2021-07-14;485;220;94179;77216;61.8;50.7
09;2021-07-15;814;1167;94993;78383;62.3;51.4
09;2021-07-16;608;1193;95601;79576;62.7;52.2
09;2021-07-17;1016;1445;96617;81021;63.4;53.2
09;2021-07-18;299;220;96916;81241;63.6;53.3
09;2021-07-19;482;969;97398;82210;63.9;53.9
09;2021-07-20;828;1256;98226;83466;64.5;54.8
09;2021-07-21;1013;1167;99239;84633;65.1;55.5
09;2021-07-22;844;907;100083;85540;65.7;56.1
09;2021-07-23;723;906;100806;86446;66.1;56.7
09;2021-07-24;919;460;101725;86906;66.7;57.0
09;2021-07-25;555;132;102280;87038;67.1;57.1
09;2021-07-26;645;767;102925;87805;67.5;57.6
09;2021-07-27;1164;941;104089;88746;68.3;58.2
09;2021-07-28;1189;981;105278;89727;69.1;58.9
09;2021-07-29;1023;733;106301;90460;69.8;59.4
09;2021-07-30;772;614;107073;91074;70.3;59.8
09;2021-07-31;1366;409;108439;91483;71.2;60.0
09;2021-08-01;141;125;108580;91608;71.2;60.1
10;2020-12-27;0;0;0;0;0.0;0.0
10;2020-12-28;0;0;0;0;0.0;0.0
10;2020-12-29;0;0;0;0;0.0;0.0
10;2020-12-30;0;0;0;0;0.0;0.0
10;2020-12-31;0;0;0;0;0.0;0.0
10;2021-01-01;0;0;0;0;0.0;0.0
10;2021-01-02;0;0;0;0;0.0;0.0
10;2021-01-03;0;0;0;0;0.0;0.0
10;2021-01-04;0;0;0;0;0.0;0.0
10;2021-01-05;1;0;1;0;0.0;0.0
10;2021-01-06;0;0;1;0;0.0;0.0
10;2021-01-07;84;0;85;0;0.0;0.0
10;2021-01-08;254;0;339;0;0.1;0.0
10;2021-01-09;0;0;339;0;0.1;0.0
10;2021-01-10;0;0;339;0;0.1;0.0
10;2021-01-11;117;0;456;0;0.1;0.0
10;2021-01-12;191;0;647;0;0.2;0.0
10;2021-01-13;313;0;960;0;0.3;0.0
10;2021-01-14;391;7;1351;7;0.4;0.0
10;2021-01-15;359;2;1710;9;0.6;0.0
10;2021-01-16;55;0;1765;9;0.6;0.0
10;2021-01-17;0;0;1765;9;0.6;0.0
10;2021-01-18;699;1;2464;10;0.8;0.0
10;2021-01-19;1361;2;3825;12;1.2;0.0
10;2021-01-20;1070;5;4895;17;1.6;0.0
10;2021-01-21;1145;1;6040;18;1.9;0.0
10;2021-01-22;818;0;6858;18;2.2;0.0
10;2021-01-23;309;0;7167;18;2.3;0.0
10;2021-01-24;0;0;7167;18;2.3;0.0
10;2021-01-25;445;9;7612;27;2.5;0.0
10;2021-01-26;487;17;8099;44;2.6;0.0
10;2021-01-27;459;15;8558;59;2.8;0.0
10;2021-01-28;357;48;8915;107;2.9;0.0
10;2021-01-29;430;194;9345;301;3.0;0.1
10;2021-01-30;30;0;9375;301;3.0;0.1
10;2021-01-31;0;0;9375;301;3.0;0.1
10;2021-02-01;404;141;9779;442;3.2;0.1
10;2021-02-02;182;152;9961;594;3.2;0.2
10;2021-02-03;345;217;10306;811;3.3;0.3
10;2021-02-04;342;271;10648;1082;3.4;0.3
10;2021-02-05;327;321;10975;1403;3.5;0.5
10;2021-02-06;3;35;10978;1438;3.5;0.5
10;2021-02-07;0;0;10978;1438;3.5;0.5
10;2021-02-08;190;411;11168;1849;3.6;0.6
10;2021-02-09;480;585;11648;2434;3.8;0.8
10;2021-02-10;666;474;12314;2908;4.0;0.9
10;2021-02-11;768;598;13082;3506;4.2;1.1
10;2021-02-12;580;552;13662;4058;4.4;1.3
10;2021-02-13;36;120;13698;4178;4.4;1.3
10;2021-02-14;0;0;13698;4178;4.4;1.3
10;2021-02-15;142;448;13840;4626;4.5;1.5
10;2021-02-16;116;546;13956;5172;4.5;1.7
10;2021-02-17;129;605;14085;5777;4.5;1.9
10;2021-02-18;216;553;14301;6330;4.6;2.0
10;2021-02-19;187;472;14488;6802;4.7;2.2
10;2021-02-20;24;183;14512;6985;4.7;2.3
10;2021-02-21;0;0;14512;6985;4.7;2.3
10;2021-02-22;77;448;14589;7433;4.7;2.4
10;2021-02-23;76;563;14665;7996;4.7;2.6
10;2021-02-24;104;375;14769;8371;4.8;2.7
10;2021-02-25;323;375;15092;8746;4.9;2.8
10;2021-02-26;351;283;15443;9029;5.0;2.9
10;2021-02-27;275;130;15718;9159;5.1;3.0
10;2021-02-28;0;0;15718;9159;5.1;3.0
10;2021-03-01;257;334;15975;9493;5.2;3.1
10;2021-03-02;434;370;16409;9863;5.3;3.2
10;2021-03-03;453;580;16862;10443;5.4;3.4
10;2021-03-04;634;500;17496;10943;5.6;3.5
10;2021-03-05;677;253;18173;11196;5.9;3.6
10;2021-03-06;948;40;19121;11236;6.2;3.6
10;2021-03-07;769;5;19890;11241;6.4;3.6
10;2021-03-08;502;442;20392;11683;6.6;3.8
10;2021-03-09;673;436;21065;12119;6.8;3.9
10;2021-03-10;661;363;21726;12482;7.0;4.0
10;2021-03-11;1174;234;22900;12716;7.4;4.1
10;2021-03-12;1338;238;24238;12954;7.8;4.2
10;2021-03-13;892;36;25130;12990;8.1;4.2
10;2021-03-14;1381;13;26511;13003;8.6;4.2
10;2021-03-15;821;80;27332;13083;8.8;4.2
10;2021-03-16;688;59;28020;13142;9.0;4.2
10;2021-03-17;831;64;28851;13206;9.3;4.3
10;2021-03-18;885;78;29736;13284;9.6;4.3
10;2021-03-19;951;67;30687;13351;9.9;4.3
10;2021-03-20;552;16;31239;13367;10.1;4.3
10;2021-03-21;1845;35;33084;13402;10.7;4.3
10;2021-03-22;879;68;33963;13470;11.0;4.3
10;2021-03-23;1245;90;35208;13560;11.4;4.4
10;2021-03-24;1308;53;36516;13613;11.8;4.4
10;2021-03-25;1677;227;38193;13840;12.3;4.5
10;2021-03-26;1431;114;39624;13954;12.8;4.5
10;2021-03-27;762;77;40386;14031;13.0;4.5
10;2021-03-28;1221;26;41607;14057;13.4;4.5
10;2021-03-29;648;305;42255;14362;13.6;4.6
10;2021-03-30;926;374;43181;14736;13.9;4.8
10;2021-03-31;617;359;43798;15095;14.1;4.9
10;2021-04-01;883;681;44681;15776;14.4;5.1
10;2021-04-02;1068;587;45749;16363;14.8;5.3
10;2021-04-03;540;607;46289;16970;14.9;5.5
10;2021-04-04;1826;255;48115;17225;15.5;5.6
10;2021-04-05;1843;34;49958;17259;16.1;5.6
10;2021-04-06;514;649;50472;17908;16.3;5.8
10;2021-04-07;589;539;51061;18447;16.5;6.0
10;2021-04-08;1057;602;52118;19049;16.8;6.1
10;2021-04-09;1130;608;53248;19657;17.2;6.3
10;2021-04-10;1770;349;55018;20006;17.8;6.5
10;2021-04-11;55;1224;55073;21230;17.8;6.9
10;2021-04-12;1003;807;56076;22037;18.1;7.1
10;2021-04-13;1505;883;57581;22920;18.6;7.4
10;2021-04-14;820;598;58401;23518;18.8;7.6
10;2021-04-15;1432;888;59833;24406;19.3;7.9
10;2021-04-16;1107;695;60940;25101;19.7;8.1
10;2021-04-17;2391;355;63331;25456;20.4;8.2
10;2021-04-18;1421;1781;64752;27237;20.9;8.8
10;2021-04-19;838;836;65590;28073;21.2;9.1
10;2021-04-20;545;1034;66135;29107;21.3;9.4
10;2021-04-21;637;985;66772;30092;21.5;9.7
10;2021-04-22;932;970;67704;31062;21.8;10.0
10;2021-04-23;2171;775;69875;31837;22.5;10.3
10;2021-04-24;2296;371;72171;32208;23.3;10.4
10;2021-04-25;1989;1216;74160;33424;23.9;10.8
10;2021-04-26;773;619;74933;34043;24.2;11.0
10;2021-04-27;895;535;75828;34578;24.5;11.2
10;2021-04-28;873;403;76701;34981;24.7;11.3
10;2021-04-29;1432;669;78133;35650;25.2;11.5
10;2021-04-30;2172;758;80305;36408;25.9;11.7
10;2021-05-01;1988;2162;82293;38570;26.6;12.4
10;2021-05-02;1948;1893;84241;40463;27.2;13.1
10;2021-05-03;622;445;84863;40908;27.4;13.2
10;2021-05-04;1145;1248;86008;42156;27.8;13.6
10;2021-05-05;1754;1019;87762;43175;28.3;13.9
10;2021-05-06;2255;938;90017;44113;29.0;14.2
10;2021-05-07;2217;1135;92234;45248;29.8;14.6
10;2021-05-08;2270;856;94504;46104;30.5;14.9
10;2021-05-09;2004;99;96508;46203;31.1;14.9
10;2021-05-10;528;1092;97036;47295;31.3;15.3
10;2021-05-11;1051;1023;98087;48318;31.7;15.6
10;2021-05-12;2061;882;100148;49200;32.3;15.9
10;2021-05-13;2183;431;102331;49631;33.0;16.0
10;2021-05-14;2730;667;105061;50298;33.9;16.2
10;2021-05-15;2427;2039;107488;52337;34.7;16.9
10;2021-05-16;2081;1449;109569;53786;35.4;17.4
10;2021-05-17;1451;439;111020;54225;35.8;17.5
10;2021-05-18;2510;636;113530;54861;36.6;17.7
10;2021-05-19;1553;638;115083;55499;37.1;17.9
10;2021-05-20;1891;848;116974;56347;37.7;18.2
10;2021-05-21;2318;615;119292;56962;38.5;18.4
10;2021-05-22;2181;419;121473;57381;39.2;18.5
10;2021-05-23;1817;139;123290;57520;39.8;18.6
10;2021-05-24;1968;179;125258;57699;40.4;18.6
10;2021-05-25;2193;488;127451;58187;41.1;18.8
10;2021-05-26;1677;419;129128;58606;41.7;18.9
10;2021-05-27;1660;753;130788;59359;42.2;19.2
10;2021-05-28;1719;1185;132507;60544;42.8;19.5
10;2021-05-29;2170;639;134677;61183;43.5;19.7
10;2021-05-30;1029;133;135706;61316;43.8;19.8
10;2021-05-31;1039;746;136745;62062;44.1;20.0
10;2021-06-01;1133;883;137878;62945;44.5;20.3
10;2021-06-02;1032;714;138910;63659;44.8;20.5
10;2021-06-03;1473;1070;140383;64729;45.3;20.9
10;2021-06-04;1768;2601;142151;67330;45.9;21.7
10;2021-06-05;1512;2452;143663;69782;46.4;22.5
10;2021-06-06;1005;1875;144668;71657;46.7;23.1
10;2021-06-07;698;1112;145366;72769;46.9;23.5
10;2021-06-08;895;1168;146261;73937;47.2;23.9
10;2021-06-09;877;910;147138;74847;47.5;24.2
10;2021-06-10;677;1071;147815;75918;47.7;24.5
10;2021-06-11;1199;2210;149014;78128;48.1;25.2
10;2021-06-12;855;2387;149869;80515;48.4;26.0
10;2021-06-13;401;1837;150270;82352;48.5;26.6
10;2021-06-14;534;742;150804;83094;48.7;26.8
10;2021-06-15;740;2132;151544;85226;48.9;27.5
10;2021-06-16;740;1859;152284;87085;49.1;28.1
10;2021-06-17;847;2458;153131;89543;49.4;28.9
10;2021-06-18;1030;2474;154161;92017;49.7;29.7
10;2021-06-19;981;2595;155142;94612;50.1;30.5
10;2021-06-20;549;1600;155691;96212;50.2;31.0
10;2021-06-21;680;1046;156371;97258;50.5;31.4
10;2021-06-22;741;1525;157112;98783;50.7;31.9
10;2021-06-23;647;2408;157759;101191;50.9;32.7
10;2021-06-24;782;2618;158541;103809;51.2;33.5
10;2021-06-25;731;3036;159272;106845;51.4;34.5
10;2021-06-26;514;2742;159786;109587;51.6;35.4
10;2021-06-27;402;1939;160188;111526;51.7;36.0
10;2021-06-28;683;1786;160871;113312;51.9;36.6
10;2021-06-29;616;2696;161487;116008;52.1;37.4
10;2021-06-30;536;1526;162023;117534;52.3;37.9
10;2021-07-01;550;2173;162573;119707;52.5;38.6
10;2021-07-02;666;2727;163239;122434;52.7;39.5
10;2021-07-03;528;2600;163767;125034;52.8;40.3
10;2021-07-04;411;1729;164178;126763;53.0;40.9
10;2021-07-05;664;2223;164842;128986;53.2;41.6
10;2021-07-06;647;2187;165489;131173;53.4;42.3
10;2021-07-07;629;1702;166118;132875;53.6;42.9
10;2021-07-08;747;1457;166865;134332;53.8;43.3
10;2021-07-09;814;1945;167679;136277;54.1;44.0
10;2021-07-10;631;2097;168310;138374;54.3;44.7
10;2021-07-11;500;1377;168810;139751;54.5;45.1
10;2021-07-12;777;1624;169587;141375;54.7;45.6
10;2021-07-13;1122;1875;170709;143250;55.1;46.2
10;2021-07-14;1171;1055;171880;144305;55.5;46.6
10;2021-07-15;1468;1978;173348;146283;55.9;47.2
10;2021-07-16;1239;2272;174587;148555;56.3;47.9
10;2021-07-17;1284;1736;175871;150291;56.7;48.5
10;2021-07-18;941;1225;176812;151516;57.1;48.9
10;2021-07-19;1356;1616;178168;153132;57.5;49.4
10;2021-07-20;1680;1426;179848;154558;58.0;49.9
10;2021-07-21;1391;1483;181239;156041;58.5;50.4
10;2021-07-22;1932;1589;183171;157630;59.1;50.9
10;2021-07-23;1592;1540;184763;159170;59.6;51.4
10;2021-07-24;1386;1215;186149;160385;60.1;51.8
10;2021-07-25;1251;784;187400;161169;60.5;52.0
10;2021-07-26;1909;1312;189309;162481;61.1;52.4
10;2021-07-27;2116;1081;191425;163562;61.8;52.8
10;2021-07-28;2090;1000;193515;164562;62.4;53.1
10;2021-07-29;2425;1197;195940;165759;63.2;53.5
10;2021-07-30;2147;1294;198087;167053;63.9;53.9
10;2021-07-31;1671;925;199758;167978;64.5;54.2
10;2021-08-01;1231;567;200989;168545;64.9;54.4
11;2020-12-27;0;0;0;0;0.0;0.0
11;2020-12-28;1;0;1;0;0.0;0.0
11;2020-12-29;1;0;2;0;0.0;0.0
11;2020-12-30;0;0;2;0;0.0;0.0
11;2020-12-31;0;0;2;0;0.0;0.0
11;2021-01-01;0;0;2;0;0.0;0.0
11;2021-01-02;5;0;7;0;0.0;0.0
11;2021-01-03;0;0;7;0;0.0;0.0
11;2021-01-04;0;0;7;0;0.0;0.0
11;2021-01-05;94;0;101;0;0.0;0.0
11;2021-01-06;25;0;126;0;0.0;0.0
11;2021-01-07;119;0;245;0;0.1;0.0
11;2021-01-08;90;1;335;1;0.1;0.0
11;2021-01-09;86;0;421;1;0.1;0.0
11;2021-01-10;67;0;488;1;0.1;0.0
11;2021-01-11;136;0;624;1;0.2;0.0
11;2021-01-12;544;3;1168;4;0.3;0.0
11;2021-01-13;410;1;1578;5;0.4;0.0
11;2021-01-14;643;8;2221;13;0.6;0.0
11;2021-01-15;342;4;2563;17;0.7;0.0
11;2021-01-16;77;1;2640;18;0.7;0.0
11;2021-01-17;46;1;2686;19;0.7;0.0
11;2021-01-18;387;0;3073;19;0.8;0.0
11;2021-01-19;525;4;3598;23;1.0;0.0
11;2021-01-20;691;6;4289;29;1.2;0.0
11;2021-01-21;646;4;4935;33;1.3;0.0
11;2021-01-22;524;1;5459;34;1.5;0.0
11;2021-01-23;155;0;5614;34;1.5;0.0
11;2021-01-24;139;0;5753;34;1.5;0.0
11;2021-01-25;372;20;6125;54;1.6;0.0
11;2021-01-26;837;84;6962;138;1.9;0.0
11;2021-01-27;798;23;7760;161;2.1;0.0
11;2021-01-28;644;61;8404;222;2.3;0.1
11;2021-01-29;433;124;8837;346;2.4;0.1
11;2021-01-30;131;0;8968;346;2.4;0.1
11;2021-01-31;81;0;9049;346;2.4;0.1
11;2021-02-01;344;196;9393;542;2.5;0.1
11;2021-02-02;408;407;9801;949;2.6;0.3
11;2021-02-03;390;352;10191;1301;2.7;0.3
11;2021-02-04;373;497;10564;1798;2.8;0.5
11;2021-02-05;310;338;10874;2136;2.9;0.6
11;2021-02-06;204;62;11078;2198;3.0;0.6
11;2021-02-07;108;13;11186;2211;3.0;0.6
11;2021-02-08;311;160;11497;2371;3.1;0.6
11;2021-02-09;296;280;11793;2651;3.2;0.7
11;2021-02-10;336;447;12129;3098;3.3;0.8
11;2021-02-11;610;630;12739;3728;3.4;1.0
11;2021-02-12;398;379;13137;4107;3.5;1.1
11;2021-02-13;193;120;13330;4227;3.6;1.1
11;2021-02-14;66;27;13396;4254;3.6;1.1
11;2021-02-15;238;210;13634;4464;3.7;1.2
11;2021-02-16;262;514;13896;4978;3.7;1.3
11;2021-02-17;452;620;14348;5598;3.8;1.5
11;2021-02-18;456;574;14804;6172;4.0;1.7
11;2021-02-19;300;540;15104;6712;4.1;1.8
11;2021-02-20;146;75;15250;6787;4.1;1.8
11;2021-02-21;57;45;15307;6832;4.1;1.8
11;2021-02-22;125;332;15432;7164;4.1;1.9
11;2021-02-23;283;322;15715;7486;4.2;2.0
11;2021-02-24;251;374;15966;7860;4.3;2.1
11;2021-02-25;561;324;16527;8184;4.4;2.2
11;2021-02-26;523;321;17050;8505;4.6;2.3
11;2021-02-27;318;98;17368;8603;4.7;2.3
11;2021-02-28;95;24;17463;8627;4.7;2.3
11;2021-03-01;339;319;17802;8946;4.8;2.4
11;2021-03-02;562;392;18364;9338;4.9;2.5
11;2021-03-03;599;435;18963;9773;5.1;2.6
11;2021-03-04;1075;408;20038;10181;5.4;2.7
11;2021-03-05;1002;408;21040;10589;5.6;2.8
11;2021-03-06;1094;202;22134;10791;5.9;2.9
11;2021-03-07;657;35;22791;10826;6.1;2.9
11;2021-03-08;377;353;23168;11179;6.2;3.0
11;2021-03-09;996;394;24164;11573;6.5;3.1
11;2021-03-10;1169;547;25333;12120;6.8;3.3
11;2021-03-11;1571;440;26904;12560;7.2;3.4
11;2021-03-12;1453;438;28357;12998;7.6;3.5
11;2021-03-13;1158;237;29515;13235;7.9;3.6
11;2021-03-14;524;51;30039;13286;8.1;3.6
11;2021-03-15;651;241;30690;13527;8.2;3.6
11;2021-03-16;852;200;31542;13727;8.5;3.7
11;2021-03-17;908;220;32450;13947;8.7;3.7
11;2021-03-18;1172;283;33622;14230;9.0;3.8
11;2021-03-19;1370;245;34992;14475;9.4;3.9
11;2021-03-20;788;168;35780;14643;9.6;3.9
11;2021-03-21;225;65;36005;14708;9.7;3.9
11;2021-03-22;809;215;36814;14923;9.9;4.0
11;2021-03-23;1801;389;38615;15312;10.4;4.1
11;2021-03-24;1843;317;40458;15629;10.9;4.2
11;2021-03-25;2189;371;42647;16000;11.4;4.3
11;2021-03-26;2124;440;44771;16440;12.0;4.4
11;2021-03-27;1177;144;45948;16584;12.3;4.4
11;2021-03-28;265;43;46213;16627;12.4;4.5
11;2021-03-29;1181;218;47394;16845;12.7;4.5
11;2021-03-30;1990;318;49384;17163;13.3;4.6
11;2021-03-31;1613;382;50997;17545;13.7;4.7
11;2021-04-01;2146;423;53143;17968;14.3;4.8
11;2021-04-02;1641;430;54784;18398;14.7;4.9
11;2021-04-03;719;143;55503;18541;14.9;5.0
11;2021-04-04;198;73;55701;18614;14.9;5.0
11;2021-04-05;257;4;55958;18618;15.0;5.0
11;2021-04-06;1571;547;57529;19165;15.4;5.1
11;2021-04-07;1776;571;59305;19736;15.9;5.3
11;2021-04-08;1785;681;61090;20417;16.4;5.5
11;2021-04-09;2260;597;63350;21014;17.0;5.6
11;2021-04-10;1168;176;64518;21190;17.3;5.7
11;2021-04-11;547;107;65065;21297;17.5;5.7
11;2021-04-12;1611;530;66676;21827;17.9;5.9
11;2021-04-13;2259;881;68935;22708;18.5;6.1
11;2021-04-14;1660;1008;70595;23716;18.9;6.4
11;2021-04-15;1838;1124;72433;24840;19.4;6.7
11;2021-04-16;1834;844;74267;25684;19.9;6.9
11;2021-04-17;1771;559;76038;26243;20.4;7.0
11;2021-04-18;114;155;76152;26398;20.4;7.1
11;2021-04-19;1383;734;77535;27132;20.8;7.3
11;2021-04-20;1726;1284;79261;28416;21.3;7.6
11;2021-04-21;1777;1319;81038;29735;21.7;8.0
11;2021-04-22;1748;1320;82786;31055;22.2;8.3
11;2021-04-23;2007;1224;84793;32279;22.8;8.7
11;2021-04-24;1734;467;86527;32746;23.2;8.8
11;2021-04-25;658;178;87185;32924;23.4;8.8
11;2021-04-26;1376;836;88561;33760;23.8;9.1
11;2021-04-27;1834;1545;90395;35305;24.3;9.5
11;2021-04-28;2001;1467;92396;36772;24.8;9.9
11;2021-04-29;2246;1633;94642;38405;25.4;10.3
11;2021-04-30;2153;1424;96795;39829;26.0;10.7
11;2021-05-01;1338;341;98133;40170;26.3;10.8
11;2021-05-02;586;336;98719;40506;26.5;10.9
11;2021-05-03;1486;737;100205;41243;26.9;11.1
11;2021-05-04;1878;1429;102083;42672;27.4;11.4
11;2021-05-05;1892;1432;103975;44104;27.9;11.8
11;2021-05-06;2190;1472;106165;45576;28.5;12.2
11;2021-05-07;2103;1554;108268;47130;29.0;12.6
11;2021-05-08;894;726;109162;47856;29.3;12.8
11;2021-05-09;627;543;109789;48399;29.5;13.0
11;2021-05-10;1328;1650;111117;50049;29.8;13.4
11;2021-05-11;2036;1864;113153;51913;30.4;13.9
11;2021-05-12;1830;1633;114983;53546;30.9;14.4
11;2021-05-13;1405;414;116388;53960;31.2;14.5
11;2021-05-14;1712;1184;118100;55144;31.7;14.8
11;2021-05-15;1156;901;119256;56045;32.0;15.0
11;2021-05-16;806;165;120062;56210;32.2;15.1
11;2021-05-17;1469;1048;121531;57258;32.6;15.4
11;2021-05-18;1899;1196;123430;58454;33.1;15.7
11;2021-05-19;1848;1120;125278;59574;33.6;16.0
11;2021-05-20;1968;1091;127246;60665;34.1;16.3
11;2021-05-21;2277;1088;129523;61753;34.8;16.6
11;2021-05-22;1483;723;131006;62476;35.2;16.8
11;2021-05-23;768;67;131774;62543;35.4;16.8
11;2021-05-24;1410;226;133184;62769;35.7;16.8
11;2021-05-25;1810;1354;134994;64123;36.2;17.2
11;2021-05-26;1933;1303;136927;65426;36.7;17.6
11;2021-05-27;1984;1720;138911;67146;37.3;18.0
11;2021-05-28;1758;1896;140669;69042;37.7;18.5
11;2021-05-29;1428;1597;142097;70639;38.1;19.0
11;2021-05-30;486;395;142583;71034;38.3;19.1
11;2021-05-31;1259;1621;143842;72655;38.6;19.5
11;2021-06-01;1855;1906;145697;74561;39.1;20.0
11;2021-06-02;1760;2075;147457;76636;39.6;20.6
11;2021-06-03;2599;2411;150056;79047;40.3;21.2
11;2021-06-04;2144;2671;152200;81718;40.8;21.9
11;2021-06-05;1589;1902;153789;83620;41.3;22.4
11;2021-06-06;877;861;154666;84481;41.5;22.7
11;2021-06-07;1526;1713;156192;86194;41.9;23.1
11;2021-06-08;2037;1993;158229;88187;42.5;23.7
11;2021-06-09;1788;2191;160017;90378;42.9;24.2
11;2021-06-10;1806;2427;161823;92805;43.4;24.9
11;2021-06-11;1862;2491;163685;95296;43.9;25.6
11;2021-06-12;1454;1621;165139;96917;44.3;26.0
11;2021-06-13;711;722;165850;97639;44.5;26.2
11;2021-06-14;1033;1967;166883;99606;44.8;26.7
11;2021-06-15;1392;2682;168275;102288;45.1;27.4
11;2021-06-16;1338;2529;169613;104817;45.5;28.1
11;2021-06-17;1470;2537;171083;107354;45.9;28.8
11;2021-06-18;1518;2490;172601;109844;46.3;29.5
11;2021-06-19;1235;1409;173836;111253;46.6;29.9
11;2021-06-20;299;600;174135;111853;46.7;30.0
11;2021-06-21;839;2120;174974;113973;46.9;30.6
11;2021-06-22;1015;2606;175989;116579;47.2;31.3
11;2021-06-23;1095;2086;177084;118665;47.5;31.8
11;2021-06-24;907;2247;177991;120912;47.8;32.4
11;2021-06-25;991;2541;178982;123453;48.0;33.1
11;2021-06-26;773;1655;179755;125108;48.2;33.6
11;2021-06-27;208;688;179963;125796;48.3;33.8
11;2021-06-28;697;2300;180660;128096;48.5;34.4
11;2021-06-29;961;2597;181621;130693;48.7;35.1
11;2021-06-30;904;2522;182525;133215;49.0;35.7
11;2021-07-01;991;1885;183516;135100;49.2;36.2
11;2021-07-02;961;2540;184477;137640;49.5;36.9
11;2021-07-03;726;1800;185203;139440;49.7;37.4
11;2021-07-04;338;1108;185541;140548;49.8;37.7
11;2021-07-05;691;2131;186232;142679;50.0;38.3
11;2021-07-06;967;2520;187199;145199;50.2;39.0
11;2021-07-07;938;2512;188137;147711;50.5;39.6
11;2021-07-08;1181;1905;189318;149616;50.8;40.1
11;2021-07-09;821;1792;190139;151408;51.0;40.6
11;2021-07-10;366;1300;190505;152708;51.1;41.0
11;2021-07-11;311;562;190816;153270;51.2;41.1
11;2021-07-12;494;2666;191310;155936;51.3;41.8
11;2021-07-13;1293;3066;192603;159002;51.7;42.7
11;2021-07-14;204;234;192807;159236;51.7;42.7
11;2021-07-15;1408;2960;194215;162196;52.1;43.5
11;2021-07-16;1834;2724;196049;164920;52.6;44.2
11;2021-07-17;1073;2162;197122;167082;52.9;44.8
11;2021-07-18;650;945;197772;168027;53.1;45.1
11;2021-07-19;1325;2092;199097;170119;53.4;45.6
11;2021-07-20;1968;2401;201065;172520;53.9;46.3
11;2021-07-21;1985;2426;203050;174946;54.5;46.9
11;2021-07-22;2384;1861;205434;176807;55.1;47.4
11;2021-07-23;2212;2262;207646;179069;55.7;48.0
11;2021-07-24;1269;1619;208915;180688;56.1;48.5
11;2021-07-25;746;688;209661;181376;56.3;48.7
11;2021-07-26;1653;1412;211314;182788;56.7;49.0
11;2021-07-27;2304;1981;213618;184769;57.3;49.6
11;2021-07-28;2438;1973;216056;186742;58.0;50.1
11;2021-07-29;2722;1769;218778;188511;58.7;50.6
11;2021-07-30;2534;1772;221312;190283;59.4;51.1
11;2021-07-31;1980;1113;223292;191396;59.9;51.4
11;2021-08-01;1003;472;224295;191868;60.2;51.5
12;2020-12-27;0;0;0;0;0.0;0.0
12;2020-12-28;0;0;0;0;0.0;0.0
12;2020-12-29;0;0;0;0;0.0;0.0
12;2020-12-30;0;0;0;0;0.0;0.0
12;2020-12-31;0;0;0;0;0.0;0.0
12;2021-01-01;0;0;0;0;0.0;0.0
12;2021-01-02;0;0;0;0;0.0;0.0
12;2021-01-03;0;0;0;0;0.0;0.0
12;2021-01-04;1;0;1;0;0.0;0.0
12;2021-01-05;0;0;1;0;0.0;0.0
12;2021-01-06;12;0;13;0;0.0;0.0
12;2021-01-07;202;0;215;0;0.1;0.0
12;2021-01-08;65;0;280;0;0.1;0.0
12;2021-01-09;0;0;280;0;0.1;0.0
12;2021-01-10;1;0;281;0;0.1;0.0
12;2021-01-11;99;0;380;0;0.1;0.0
12;2021-01-12;360;1;740;1;0.3;0.0
12;2021-01-13;285;0;1025;1;0.4;0.0
12;2021-01-14;598;9;1623;10;0.6;0.0
12;2021-01-15;366;10;1989;20;0.7;0.0
12;2021-01-16;138;2;2127;22;0.8;0.0
12;2021-01-17;0;0;2127;22;0.8;0.0
12;2021-01-18;452;0;2579;22;0.9;0.0
12;2021-01-19;603;3;3182;25;1.1;0.0
12;2021-01-20;877;2;4059;27;1.5;0.0
12;2021-01-21;733;0;4792;27;1.7;0.0
12;2021-01-22;798;1;5590;28;2.0;0.0
12;2021-01-23;381;0;5971;28;2.1;0.0
12;2021-01-24;0;0;5971;28;2.1;0.0
12;2021-01-25;452;0;6423;28;2.3;0.0
12;2021-01-26;649;0;7072;28;2.5;0.0
12;2021-01-27;1876;18;8948;46;3.2;0.0
12;2021-01-28;1883;210;10831;256;3.9;0.1
12;2021-01-29;1329;43;12160;299;4.4;0.1
12;2021-01-30;359;2;12519;301;4.5;0.1
12;2021-01-31;0;0;12519;301;4.5;0.1
12;2021-02-01;333;89;12852;390;4.6;0.1
12;2021-02-02;457;243;13309;633;4.8;0.2
12;2021-02-03;457;166;13766;799;4.9;0.3
12;2021-02-04;458;525;14224;1324;5.1;0.5
12;2021-02-05;449;183;14673;1507;5.3;0.5
12;2021-02-06;219;68;14892;1575;5.3;0.6
12;2021-02-07;8;0;14900;1575;5.4;0.6
12;2021-02-08;105;316;15005;1891;5.4;0.7
12;2021-02-09;208;341;15213;2232;5.5;0.8
12;2021-02-10;464;471;15677;2703;5.6;1.0
12;2021-02-11;538;346;16215;3049;5.8;1.1
12;2021-02-12;570;345;16785;3394;6.0;1.2
12;2021-02-13;175;133;16960;3527;6.1;1.3
12;2021-02-14;0;0;16960;3527;6.1;1.3
12;2021-02-15;175;379;17135;3906;6.2;1.4
12;2021-02-16;171;513;17306;4419;6.2;1.6
12;2021-02-17;363;1437;17669;5856;6.3;2.1
12;2021-02-18;676;1662;18345;7518;6.6;2.7
12;2021-02-19;593;972;18938;8490;6.8;3.1
12;2021-02-20;103;397;19041;8887;6.8;3.2
12;2021-02-21;0;0;19041;8887;6.8;3.2
12;2021-02-22;149;404;19190;9291;6.9;3.3
12;2021-02-23;157;560;19347;9851;7.0;3.5
12;2021-02-24;157;689;19504;10540;7.0;3.8
12;2021-02-25;201;768;19705;11308;7.1;4.1
12;2021-02-26;320;652;20025;11960;7.2;4.3
12;2021-02-27;190;350;20215;12310;7.3;4.4
12;2021-02-28;13;0;20228;12310;7.3;4.4
12;2021-03-01;50;350;20278;12660;7.3;4.5
12;2021-03-02;190;505;20468;13165;7.4;4.7
12;2021-03-03;243;388;20711;13553;7.4;4.9
12;2021-03-04;277;361;20988;13914;7.5;5.0
12;2021-03-05;421;369;21409;14283;7.7;5.1
12;2021-03-06;793;126;22202;14409;8.0;5.2
12;2021-03-07;140;31;22342;14440;8.0;5.2
12;2021-03-08;234;210;22576;14650;8.1;5.3
12;2021-03-09;716;234;23292;14884;8.4;5.3
12;2021-03-10;782;739;24074;15623;8.6;5.6
12;2021-03-11;917;657;24991;16280;9.0;5.8
12;2021-03-12;1257;524;26248;16804;9.4;6.0
12;2021-03-13;896;136;27144;16940;9.8;6.1
12;2021-03-14;45;2;27189;16942;9.8;6.1
12;2021-03-15;558;155;27747;17097;10.0;6.1
12;2021-03-16;817;158;28564;17255;10.3;6.2
12;2021-03-17;1504;160;30068;17415;10.8;6.3
12;2021-03-18;995;251;31063;17666;11.2;6.3
12;2021-03-19;1382;275;32445;17941;11.7;6.4
12;2021-03-20;724;79;33169;18020;11.9;6.5
12;2021-03-21;263;10;33432;18030;12.0;6.5
12;2021-03-22;606;173;34038;18203;12.2;6.5
12;2021-03-23;1215;171;35253;18374;12.7;6.6
12;2021-03-24;1421;197;36674;18571;13.2;6.7
12;2021-03-25;1844;201;38518;18772;13.8;6.7
12;2021-03-26;1977;222;40495;18994;14.5;6.8
12;2021-03-27;979;65;41474;19059;14.9;6.8
12;2021-03-28;60;1;41534;19060;14.9;6.8
12;2021-03-29;962;81;42496;19141;15.3;6.9
12;2021-03-30;1736;117;44232;19258;15.9;6.9
12;2021-03-31;1459;102;45691;19360;16.4;7.0
12;2021-04-01;1958;154;47649;19514;17.1;7.0
12;2021-04-02;1614;338;49263;19852;17.7;7.1
12;2021-04-03;882;94;50145;19946;18.0;7.2
12;2021-04-04;1;0;50146;19946;18.0;7.2
12;2021-04-05;645;11;50791;19957;18.2;7.2
12;2021-04-06;1153;537;51944;20494;18.7;7.4
12;2021-04-07;1649;628;53593;21122;19.3;7.6
12;2021-04-08;2096;554;55689;21676;20.0;7.8
12;2021-04-09;2111;637;57800;22313;20.8;8.0
12;2021-04-10;1427;216;59227;22529;21.3;8.1
12;2021-04-11;120;1;59347;22530;21.3;8.1
12;2021-04-12;1837;500;61184;23030;22.0;8.3
12;2021-04-13;1905;774;63089;23804;22.7;8.6
12;2021-04-14;1831;1317;64920;25121;23.3;9.0
12;2021-04-15;1938;897;66858;26018;24.0;9.3
12;2021-04-16;1675;1200;68533;27218;24.6;9.8
12;2021-04-17;1554;564;70087;27782;25.2;10.0
12;2021-04-18;0;0;70087;27782;25.2;10.0
12;2021-04-19;1687;547;71774;28329;25.8;10.2
12;2021-04-20;1545;982;73319;29311;26.3;10.5
12;2021-04-21;1690;1178;75009;30489;26.9;11.0
12;2021-04-22;1689;1094;76698;31583;27.6;11.3
12;2021-04-23;1384;1330;78082;32913;28.1;11.8
12;2021-04-24;1451;719;79533;33632;28.6;12.1
12;2021-04-25;60;0;79593;33632;28.6;12.1
12;2021-04-26;1460;898;81053;34530;29.1;12.4
12;2021-04-27;1320;1279;82373;35809;29.6;12.9
12;2021-04-28;1113;1870;83486;37679;30.0;13.5
12;2021-04-29;1571;1912;85057;39591;30.6;14.2
12;2021-04-30;1812;1832;86869;41423;31.2;14.9
12;2021-05-01;1614;259;88483;41682;31.8;15.0
12;2021-05-02;2;0;88485;41682;31.8;15.0
12;2021-05-03;1712;1245;90197;42927;32.4;15.4
12;2021-05-04;1481;1392;91678;44319;32.9;15.9
12;2021-05-05;1290;1675;92968;45994;33.4;16.5
12;2021-05-06;1753;1377;94721;47371;34.0;17.0
12;2021-05-07;1481;1773;96202;49144;34.6;17.7
12;2021-05-08;1330;461;97532;49605;35.0;17.8
12;2021-05-09;13;34;97545;49639;35.0;17.8
12;2021-05-10;826;2217;98371;51856;35.3;18.6
12;2021-05-11;931;1852;99302;53708;35.7;19.3
12;2021-05-12;949;1821;100251;55529;36.0;19.9
12;2021-05-13;1587;811;101838;56340;36.6;20.2
12;2021-05-14;1236;1532;103074;57872;37.0;20.8
12;2021-05-15;1066;1112;104140;58984;37.4;21.2
12;2021-05-16;2;19;104142;59003;37.4;21.2
12;2021-05-17;1082;1811;105224;60814;37.8;21.8
12;2021-05-18;1427;1534;106651;62348;38.3;22.4
12;2021-05-19;1915;1327;108566;63675;39.0;22.9
12;2021-05-20;2114;873;110680;64548;39.8;23.2
12;2021-05-21;1822;1253;112502;65801;40.4;23.6
12;2021-05-22;1206;1013;113708;66814;40.8;24.0
12;2021-05-23;7;12;113715;66826;40.9;24.0
12;2021-05-24;1955;539;115670;67365;41.6;24.2
12;2021-05-25;1737;1161;117407;68526;42.2;24.6
12;2021-05-26;1997;778;119404;69304;42.9;24.9
12;2021-05-27;2164;743;121568;70047;43.7;25.2
12;2021-05-28;1928;1032;123496;71079;44.4;25.5
12;2021-05-29;1636;804;125132;71883;45.0;25.8
12;2021-05-30;9;43;125141;71926;45.0;25.8
12;2021-05-31;1699;814;126840;72740;45.6;26.1
12;2021-06-01;1889;1027;128729;73767;46.2;26.5
12;2021-06-02;1978;1049;130707;74816;47.0;26.9
12;2021-06-03;2120;830;132827;75646;47.7;27.2
12;2021-06-04;1966;1416;134793;77062;48.4;27.7
12;2021-06-05;1737;982;136530;78044;49.0;28.0
12;2021-06-06;5;6;136535;78050;49.0;28.0
12;2021-06-07;1091;1802;137626;79852;49.4;28.7
12;2021-06-08;1333;1200;138959;81052;49.9;29.1
12;2021-06-09;894;1289;139853;82341;50.2;29.6
12;2021-06-10;1022;918;140875;83259;50.6;29.9
12;2021-06-11;1201;2080;142076;85339;51.0;30.7
12;2021-06-12;1033;1319;143109;86658;51.4;31.1
12;2021-06-13;6;47;143115;86705;51.4;31.1
12;2021-06-14;661;1830;143776;88535;51.7;31.8
12;2021-06-15;745;1883;144521;90418;51.9;32.5
12;2021-06-16;821;1815;145342;92233;52.2;33.1
12;2021-06-17;678;995;146020;93228;52.5;33.5
12;2021-06-18;1133;1836;147153;95064;52.9;34.2
12;2021-06-19;914;1404;148067;96468;53.2;34.7
12;2021-06-20;3;10;148070;96478;53.2;34.7
12;2021-06-21;509;1738;148579;98216;53.4;35.3
12;2021-06-22;502;1474;149081;99690;53.6;35.8
12;2021-06-23;579;1307;149660;100997;53.8;36.3
12;2021-06-24;248;544;149908;101541;53.9;36.5
12;2021-06-25;870;1836;150778;103377;54.2;37.1
12;2021-06-26;672;1526;151450;104903;54.4;37.7
12;2021-06-27;1;9;151451;104912;54.4;37.7
12;2021-06-28;468;2452;151919;107364;54.6;38.6
12;2021-06-29;565;1956;152484;109320;54.8;39.3
12;2021-06-30;830;2132;153314;111452;55.1;40.0
12;2021-07-01;342;1085;153656;112537;55.2;40.4
12;2021-07-02;792;2624;154448;115161;55.5;41.4
12;2021-07-03;563;1872;155011;117033;55.7;42.0
12;2021-07-04;0;0;155011;117033;55.7;42.0
12;2021-07-05;438;2409;155449;119442;55.8;42.9
12;2021-07-06;637;2501;156086;121943;56.1;43.8
12;2021-07-07;684;2119;156770;124062;56.3;44.6
12;2021-07-08;291;913;157061;124975;56.4;44.9
12;2021-07-09;714;2591;157775;127566;56.7;45.8
12;2021-07-10;442;2076;158217;129642;56.8;46.6
12;2021-07-11;0;0;158217;129642;56.8;46.6
12;2021-07-12;578;2443;158795;132085;57.0;47.5
12;2021-07-13;834;2591;159629;134676;57.3;48.4
12;2021-07-14;43;25;159672;134701;57.4;48.4
12;2021-07-15;787;2109;160459;136810;57.6;49.1
12;2021-07-16;1236;2557;161695;139367;58.1;50.1
12;2021-07-17;783;2009;162478;141376;58.4;50.8
12;2021-07-18;22;11;162500;141387;58.4;50.8
12;2021-07-19;1306;2002;163806;143389;58.8;51.5
12;2021-07-20;1416;1473;165222;144862;59.4;52.0
12;2021-07-21;1008;937;166230;145799;59.7;52.4
12;2021-07-22;2214;1297;168444;147096;60.5;52.8
12;2021-07-23;1854;2065;170298;149161;61.2;53.6
12;2021-07-24;1597;1565;171895;150726;61.8;54.1
12;2021-07-25;96;29;171991;150755;61.8;54.2
12;2021-07-26;1910;1432;173901;152187;62.5;54.7
12;2021-07-27;2204;1007;176105;153194;63.3;55.0
12;2021-07-28;1698;665;177803;153859;63.9;55.3
12;2021-07-29;1172;791;178975;154650;64.3;55.6
12;2021-07-30;2482;1276;181457;155926;65.2;56.0
12;2021-07-31;1953;1002;183410;156928;65.9;56.4
12;2021-08-01;225;37;183635;156965;66.0;56.4
13;2020-12-27;3;0;3;0;0.0;0.0
13;2020-12-28;1;0;4;0;0.0;0.0
13;2020-12-29;0;0;4;0;0.0;0.0
13;2020-12-30;0;0;4;0;0.0;0.0
13;2020-12-31;3;0;7;0;0.0;0.0
13;2021-01-01;3;0;10;0;0.0;0.0
13;2021-01-02;3;0;13;0;0.0;0.0
13;2021-01-03;2;0;15;0;0.0;0.0
13;2021-01-04;0;0;15;0;0.0;0.0
13;2021-01-05;78;0;93;0;0.0;0.0
13;2021-01-06;118;0;211;0;0.0;0.0
13;2021-01-07;173;1;384;1;0.0;0.0
13;2021-01-08;187;0;571;1;0.0;0.0
13;2021-01-09;10;0;581;1;0.0;0.0
13;2021-01-10;2;0;583;1;0.0;0.0
13;2021-01-11;480;1;1063;2;0.1;0.0
13;2021-01-12;812;1;1875;3;0.1;0.0
13;2021-01-13;1083;1;2958;4;0.1;0.0
13;2021-01-14;1566;17;4524;21;0.2;0.0
13;2021-01-15;1534;6;6058;27;0.3;0.0
13;2021-01-16;407;2;6465;29;0.3;0.0
13;2021-01-17;41;0;6506;29;0.3;0.0
13;2021-01-18;2372;9;8878;38;0.4;0.0
13;2021-01-19;7401;27;16279;65;0.8;0.0
13;2021-01-20;5551;16;21830;81;1.1;0.0
13;2021-01-21;5348;26;27178;107;1.3;0.0
13;2021-01-22;3989;17;31167;124;1.5;0.0
13;2021-01-23;1335;6;32502;130;1.6;0.0
13;2021-01-24;489;3;32991;133;1.6;0.0
13;2021-01-25;2333;24;35324;157;1.7;0.0
13;2021-01-26;2947;89;38271;246;1.9;0.0
13;2021-01-27;3111;121;41382;367;2.0;0.0
13;2021-01-28;3235;191;44617;558;2.2;0.0
13;2021-01-29;2506;124;47123;682;2.3;0.0
13;2021-01-30;1021;10;48144;692;2.4;0.0
13;2021-01-31;246;0;48390;692;2.4;0.0
13;2021-02-01;1853;295;50243;987;2.5;0.0
13;2021-02-02;2253;616;52496;1603;2.6;0.1
13;2021-02-03;1859;580;54355;2183;2.7;0.1
13;2021-02-04;1898;931;56253;3114;2.8;0.2
13;2021-02-05;2624;1560;58877;4674;2.9;0.2
13;2021-02-06;846;313;59723;4987;2.9;0.2
13;2021-02-07;274;6;59997;4993;2.9;0.2
13;2021-02-08;1895;1548;61892;6541;3.0;0.3
13;2021-02-09;3306;4450;65198;10991;3.2;0.5
13;2021-02-10;3217;3430;68415;14421;3.4;0.7
13;2021-02-11;3572;3584;71987;18005;3.5;0.9
13;2021-02-12;2827;3155;74814;21160;3.7;1.0
13;2021-02-13;731;597;75545;21757;3.7;1.1
13;2021-02-14;71;378;75616;22135;3.7;1.1
13;2021-02-15;965;2035;76581;24170;3.8;1.2
13;2021-02-16;1391;2646;77972;26816;3.8;1.3
13;2021-02-17;1343;3011;79315;29827;3.9;1.5
13;2021-02-18;1897;2691;81212;32518;4.0;1.6
13;2021-02-19;1514;2191;82726;34709;4.1;1.7
13;2021-02-20;456;789;83182;35498;4.1;1.7
13;2021-02-21;30;286;83212;35784;4.1;1.8
13;2021-02-22;1022;2270;84234;38054;4.1;1.9
13;2021-02-23;1276;2680;85510;40734;4.2;2.0
13;2021-02-24;1504;2626;87014;43360;4.3;2.1
13;2021-02-25;2382;2158;89396;45518;4.4;2.2
13;2021-02-26;2455;2115;91851;47633;4.5;2.3
13;2021-02-27;980;746;92831;48379;4.6;2.4
13;2021-02-28;192;204;93023;48583;4.6;2.4
13;2021-03-01;1914;1533;94937;50116;4.7;2.5
13;2021-03-02;3002;2618;97939;52734;4.8;2.6
13;2021-03-03;3478;2622;101417;55356;5.0;2.7
13;2021-03-04;4191;3160;105608;58516;5.2;2.9
13;2021-03-05;4044;2792;109652;61308;5.4;3.0
13;2021-03-06;5292;826;114944;62134;5.6;3.1
13;2021-03-07;4290;359;119234;62493;5.9;3.1
13;2021-03-08;3923;1989;123157;64482;6.1;3.2
13;2021-03-09;5067;2259;128224;66741;6.3;3.3
13;2021-03-10;5171;1965;133395;68706;6.6;3.4
13;2021-03-11;7299;2113;140694;70819;6.9;3.5
13;2021-03-12;8315;2073;149009;72892;7.3;3.6
13;2021-03-13;6372;700;155381;73592;7.6;3.6
13;2021-03-14;2309;152;157690;73744;7.8;3.6
13;2021-03-15;6347;1281;164037;75025;8.1;3.7
13;2021-03-16;5070;1508;169107;76533;8.3;3.8
13;2021-03-17;5171;1383;174278;77916;8.6;3.8
13;2021-03-18;5814;1858;180092;79774;8.9;3.9
13;2021-03-19;6802;1602;186894;81376;9.2;4.0
13;2021-03-20;4035;689;190929;82065;9.4;4.0
13;2021-03-21;721;81;191650;82146;9.4;4.0
13;2021-03-22;7290;1545;198940;83691;9.8;4.1
13;2021-03-23;9119;1728;208059;85419;10.2;4.2
13;2021-03-24;8849;2173;216908;87592;10.7;4.3
13;2021-03-25;10899;2077;227807;89669;11.2;4.4
13;2021-03-26;10704;1872;238511;91541;11.7;4.5
13;2021-03-27;4863;824;243374;92365;12.0;4.5
13;2021-03-28;1115;80;244489;92445;12.0;4.5
13;2021-03-29;7571;1977;252060;94422;12.4;4.6
13;2021-03-30;12593;2471;264653;96893;13.0;4.8
13;2021-03-31;10804;3120;275457;100013;13.5;4.9
13;2021-04-01;12247;3036;287704;103049;14.1;5.1
13;2021-04-02;9789;3868;297493;106917;14.6;5.3
13;2021-04-03;4000;2803;301493;109720;14.8;5.4
13;2021-04-04;628;303;302121;110023;14.9;5.4
13;2021-04-05;3522;716;305643;110739;15.0;5.4
13;2021-04-06;8508;4231;314151;114970;15.4;5.7
13;2021-04-07;10074;4662;324225;119632;15.9;5.9
13;2021-04-08;10101;5442;334326;125074;16.4;6.1
13;2021-04-09;11250;5086;345576;130160;17.0;6.4
13;2021-04-10;7298;2076;352874;132236;17.3;6.5
13;2021-04-11;1378;532;354252;132768;17.4;6.5
13;2021-04-12;7972;4771;362224;137539;17.8;6.8
13;2021-04-13;9136;5459;371360;142998;18.3;7.0
13;2021-04-14;9527;5789;380887;148787;18.7;7.3
13;2021-04-15;9869;5934;390756;154721;19.2;7.6
13;2021-04-16;9963;5543;400719;160264;19.7;7.9
13;2021-04-17;4079;2011;404798;162275;19.9;8.0
13;2021-04-18;2524;1420;407322;163695;20.0;8.0
13;2021-04-19;6445;6397;413767;170092;20.3;8.4
13;2021-04-20;7397;7588;421164;177680;20.7;8.7
13;2021-04-21;7773;7358;428937;185038;21.1;9.1
13;2021-04-22;8460;7908;437397;192946;21.5;9.5
13;2021-04-23;8360;6759;445757;199705;21.9;9.8
13;2021-04-24;4619;3816;450376;203521;22.1;10.0
13;2021-04-25;872;524;451248;204045;22.2;10.0
13;2021-04-26;6165;7109;457413;211154;22.5;10.4
13;2021-04-27;7256;8016;464669;219170;22.8;10.8
13;2021-04-28;9447;7704;474116;226874;23.3;11.2
13;2021-04-29;11402;7530;485518;234404;23.9;11.5
13;2021-04-30;10919;7301;496437;241705;24.4;11.9
13;2021-05-01;5367;3784;501804;245489;24.7;12.1
13;2021-05-02;2097;747;503901;246236;24.8;12.1
13;2021-05-03;7302;7855;511203;254091;25.1;12.5
13;2021-05-04;8440;8511;519643;262602;25.5;12.9
13;2021-05-05;8224;8956;527867;271558;25.9;13.3
13;2021-05-06;10135;8576;538002;280134;26.4;13.8
13;2021-05-07;8844;10017;546846;290151;26.9;14.3
13;2021-05-08;4564;3925;551410;294076;27.1;14.5
13;2021-05-09;936;684;552346;294760;27.1;14.5
13;2021-05-10;7713;8758;560059;303518;27.5;14.9
13;2021-05-11;10974;9558;571033;313076;28.1;15.4
13;2021-05-12;12839;8712;583872;321788;28.7;15.8
13;2021-05-13;9507;3625;593379;325413;29.2;16.0
13;2021-05-14;13660;6444;607039;331857;29.8;16.3
13;2021-05-15;10201;4523;617240;336380;30.3;16.5
13;2021-05-16;3123;788;620363;337168;30.5;16.6
13;2021-05-17;10841;6809;631204;343977;31.0;16.9
13;2021-05-18;11906;6459;643110;350436;31.6;17.2
13;2021-05-19;12156;6329;655266;356765;32.2;17.5
13;2021-05-20;13444;6447;668710;363212;32.9;17.9
13;2021-05-21;12986;6767;681696;369979;33.5;18.2
13;2021-05-22;7514;3631;689210;373610;33.9;18.4
13;2021-05-23;863;639;690073;374249;33.9;18.4
13;2021-05-24;6763;2472;696836;376721;34.3;18.5
13;2021-05-25;9268;7590;706104;384311;34.7;18.9
13;2021-05-26;10134;7836;716238;392147;35.2;19.3
13;2021-05-27;10347;8413;726585;400560;35.7;19.7
13;2021-05-28;8986;9162;735571;409722;36.2;20.1
13;2021-05-29;7172;4626;742743;414348;36.5;20.4
13;2021-05-30;890;527;743633;414875;36.6;20.4
13;2021-05-31;8185;8026;751818;422901;37.0;20.8
13;2021-06-01;9577;9294;761395;432195;37.4;21.2
13;2021-06-02;10076;8785;771471;440980;37.9;21.7
13;2021-06-03;12277;9473;783748;450453;38.5;22.1
13;2021-06-04;12032;10035;795780;460488;39.1;22.6
13;2021-06-05;7818;5579;803598;466067;39.5;22.9
13;2021-06-06;1667;882;805265;466949;39.6;23.0
13;2021-06-07;6679;9879;811944;476828;39.9;23.4
13;2021-06-08;8311;9980;820255;486808;40.3;23.9
13;2021-06-09;8386;9727;828641;496535;40.7;24.4
13;2021-06-10;8932;9751;837573;506286;41.2;24.9
13;2021-06-11;8230;12692;845803;518978;41.6;25.5
13;2021-06-12;5783;6700;851586;525678;41.9;25.8
13;2021-06-13;950;1213;852536;526891;41.9;25.9
13;2021-06-14;5994;11135;858530;538026;42.2;26.4
13;2021-06-15;7275;11393;865805;549419;42.6;27.0
13;2021-06-16;7334;9867;873139;559286;42.9;27.5
13;2021-06-17;7417;10690;880556;569976;43.3;28.0
13;2021-06-18;7492;11067;888048;581043;43.7;28.6
13;2021-06-19;4607;7480;892655;588523;43.9;28.9
13;2021-06-20;955;1044;893610;589567;43.9;29.0
13;2021-06-21;4456;12250;898066;601817;44.1;29.6
13;2021-06-22;4925;13863;902991;615680;44.4;30.3
13;2021-06-23;5119;13559;908110;629239;44.6;30.9
13;2021-06-24;5305;12827;913415;642066;44.9;31.6
13;2021-06-25;5179;14667;918594;656733;45.2;32.3
13;2021-06-26;3012;9661;921606;666394;45.3;32.8
13;2021-06-27;533;929;922139;667323;45.3;32.8
13;2021-06-28;3707;12549;925846;679872;45.5;33.4
13;2021-06-29;4410;12888;930256;692760;45.7;34.1
13;2021-06-30;4802;12676;935058;705436;46.0;34.7
13;2021-07-01;5382;11461;940440;716897;46.2;35.2
13;2021-07-02;5444;12385;945884;729282;46.5;35.8
13;2021-07-03;3477;9154;949361;738436;46.7;36.3
13;2021-07-04;472;869;949833;739305;46.7;36.3
13;2021-07-05;3678;11779;953511;751084;46.9;36.9
13;2021-07-06;5403;11676;958914;762760;47.1;37.5
13;2021-07-07;5558;10678;964472;773438;47.4;38.0
13;2021-07-08;6168;10307;970640;783745;47.7;38.5
13;2021-07-09;5861;11898;976501;795643;48.0;39.1
13;2021-07-10;3138;8637;979639;804280;48.2;39.5
13;2021-07-11;428;1012;980067;805292;48.2;39.6
13;2021-07-12;4417;10955;984484;816247;48.4;40.1
13;2021-07-13;8864;13095;993348;829342;48.8;40.8
13;2021-07-14;5564;4821;998912;834163;49.1;41.0
13;2021-07-15;11305;12857;1010217;847020;49.7;41.6
13;2021-07-16;12063;12838;1022280;859858;50.2;42.3
13;2021-07-17;6536;8428;1028816;868286;50.6;42.7
13;2021-07-18;716;1056;1029532;869342;50.6;42.7
13;2021-07-19;9715;11103;1039247;880445;51.1;43.3
13;2021-07-20;12164;11589;1051411;892034;51.7;43.8
13;2021-07-21;12548;10223;1063959;902257;52.3;44.3
13;2021-07-22;14445;10324;1078404;912581;53.0;44.9
13;2021-07-23;14316;10813;1092720;923394;53.7;45.4
13;2021-07-24;8266;7899;1100986;931293;54.1;45.8
13;2021-07-25;1007;777;1101993;932070;54.2;45.8
13;2021-07-26;11536;8980;1113529;941050;54.7;46.3
13;2021-07-27;13408;9242;1126937;950292;55.4;46.7
13;2021-07-28;12174;8044;1139111;958336;56.0;47.1
13;2021-07-29;13607;7976;1152718;966312;56.7;47.5
13;2021-07-30;13191;8404;1165909;974716;57.3;47.9
13;2021-07-31;8548;5704;1174457;980420;57.7;48.2
13;2021-08-01;1089;700;1175546;981120;57.8;48.2
14;2020-12-27;0;0;0;0;0.0;0.0
14;2020-12-28;1;1;1;1;0.0;0.0
14;2020-12-29;0;0;1;1;0.0;0.0
14;2020-12-30;0;0;1;1;0.0;0.0
14;2020-12-31;3;0;4;1;0.0;0.0
14;2021-01-01;1;0;5;1;0.0;0.0
14;2021-01-02;1;0;6;1;0.0;0.0
14;2021-01-03;0;0;6;1;0.0;0.0
14;2021-01-04;4;0;10;1;0.0;0.0
14;2021-01-05;13;0;23;1;0.0;0.0
14;2021-01-06;348;0;371;1;0.1;0.0
14;2021-01-07;396;2;767;3;0.1;0.0
14;2021-01-08;613;2;1380;5;0.2;0.0
14;2021-01-09;125;0;1505;5;0.2;0.0
14;2021-01-10;41;0;1546;5;0.2;0.0
14;2021-01-11;663;1;2209;6;0.3;0.0
14;2021-01-12;934;0;3143;6;0.5;0.0
14;2021-01-13;846;1;3989;7;0.6;0.0
14;2021-01-14;2799;17;6788;24;1.0;0.0
14;2021-01-15;1876;21;8664;45;1.3;0.0
14;2021-01-16;271;2;8935;47;1.3;0.0
14;2021-01-17;145;4;9080;51;1.3;0.0
14;2021-01-18;1084;3;10164;54;1.5;0.0
14;2021-01-19;1149;2;11313;56;1.6;0.0
14;2021-01-20;1987;4;13300;60;1.9;0.0
14;2021-01-21;1811;5;15111;65;2.2;0.0
14;2021-01-22;1487;2;16598;67;2.4;0.0
14;2021-01-23;297;1;16895;68;2.4;0.0
14;2021-01-24;71;0;16966;68;2.5;0.0
14;2021-01-25;910;10;17876;78;2.6;0.0
14;2021-01-26;846;37;18722;115;2.7;0.0
14;2021-01-27;882;158;19604;273;2.8;0.0
14;2021-01-28;781;144;20385;417;2.9;0.1
14;2021-01-29;781;229;21166;646;3.1;0.1
14;2021-01-30;269;12;21435;658;3.1;0.1
14;2021-01-31;58;3;21493;661;3.1;0.1
14;2021-02-01;726;230;22219;891;3.2;0.1
14;2021-02-02;824;424;23043;1315;3.3;0.2
14;2021-02-03;746;389;23789;1704;3.4;0.2
14;2021-02-04;1168;2060;24957;3764;3.6;0.5
14;2021-02-05;1293;1316;26250;5080;3.8;0.7
14;2021-02-06;393;240;26643;5320;3.9;0.8
14;2021-02-07;178;73;26821;5393;3.9;0.8
14;2021-02-08;773;825;27594;6218;4.0;0.9
14;2021-02-09;719;1009;28313;7227;4.1;1.0
14;2021-02-10;824;1611;29137;8838;4.2;1.3
14;2021-02-11;1350;1433;30487;10271;4.4;1.5
14;2021-02-12;1379;1082;31866;11353;4.6;1.6
14;2021-02-13;308;185;32174;11538;4.7;1.7
14;2021-02-14;84;68;32258;11606;4.7;1.7
14;2021-02-15;442;1087;32700;12693;4.7;1.8
14;2021-02-16;675;983;33375;13676;4.8;2.0
14;2021-02-17;405;984;33780;14660;4.9;2.1
14;2021-02-18;705;884;34485;15544;5.0;2.2
14;2021-02-19;733;780;35218;16324;5.1;2.4
14;2021-02-20;88;271;35306;16595;5.1;2.4
14;2021-02-21;6;90;35312;16685;5.1;2.4
14;2021-02-22;432;1049;35744;17734;5.2;2.6
14;2021-02-23;486;920;36230;18654;5.2;2.7
14;2021-02-24;439;897;36669;19551;5.3;2.8
14;2021-02-25;1221;1177;37890;20728;5.5;3.0
14;2021-02-26;1576;1165;39466;21893;5.7;3.2
14;2021-02-27;506;270;39972;22163;5.8;3.2
14;2021-02-28;27;42;39999;22205;5.8;3.2
14;2021-03-01;520;929;40519;23134;5.9;3.3
14;2021-03-02;967;811;41486;23945;6.0;3.5
14;2021-03-03;1078;833;42564;24778;6.2;3.6
14;2021-03-04;1947;785;44511;25563;6.4;3.7
14;2021-03-05;2429;869;46940;26432;6.8;3.8
14;2021-03-06;3074;197;50014;26629;7.2;3.9
14;2021-03-07;1195;60;51209;26689;7.4;3.9
14;2021-03-08;1249;812;52458;27501;7.6;4.0
14;2021-03-09;1741;694;54199;28195;7.8;4.1
14;2021-03-10;1834;586;56033;28781;8.1;4.2
14;2021-03-11;2749;467;58782;29248;8.5;4.2
14;2021-03-12;4043;555;62825;29803;9.1;4.3
14;2021-03-13;1849;171;64674;29974;9.4;4.3
14;2021-03-14;30;39;64704;30013;9.4;4.3
14;2021-03-15;2005;134;66709;30147;9.6;4.4
14;2021-03-16;1399;277;68108;30424;9.8;4.4
14;2021-03-17;1155;194;69263;30618;10.0;4.4
14;2021-03-18;1479;304;70742;30922;10.2;4.5
14;2021-03-19;2602;264;73344;31186;10.6;4.5
14;2021-03-20;2655;33;75999;31219;11.0;4.5
14;2021-03-21;453;8;76452;31227;11.1;4.5
14;2021-03-22;1870;356;78322;31583;11.3;4.6
14;2021-03-23;2173;320;80495;31903;11.6;4.6
14;2021-03-24;2431;193;82926;32096;12.0;4.6
14;2021-03-25;3290;315;86216;32411;12.5;4.7
14;2021-03-26;4604;462;90820;32873;13.1;4.8
14;2021-03-27;2231;225;93051;33098;13.5;4.8
14;2021-03-28;36;1;93087;33099;13.5;4.8
14;2021-03-29;1607;479;94694;33578;13.7;4.9
14;2021-03-30;2718;514;97412;34092;14.1;4.9
14;2021-03-31;2321;910;99733;35002;14.4;5.1
14;2021-04-01;4173;1665;103906;36667;15.0;5.3
14;2021-04-02;3864;1262;107770;37929;15.6;5.5
14;2021-04-03;1129;1202;108899;39131;15.7;5.7
14;2021-04-04;25;482;108924;39613;15.8;5.7
14;2021-04-05;1217;321;110141;39934;15.9;5.8
14;2021-04-06;2383;992;112524;40926;16.3;5.9
14;2021-04-07;2724;1028;115248;41954;16.7;6.1
14;2021-04-08;4299;1109;119547;43063;17.3;6.2
14;2021-04-09;6028;1164;125575;44227;18.2;6.4
14;2021-04-10;2894;429;128469;44656;18.6;6.5
14;2021-04-11;628;120;129097;44776;18.7;6.5
14;2021-04-12;2912;1579;132009;46355;19.1;6.7
14;2021-04-13;3469;1438;135478;47793;19.6;6.9
14;2021-04-14;3111;1164;138589;48957;20.0;7.1
14;2021-04-15;4396;1510;142985;50467;20.7;7.3
14;2021-04-16;4601;1552;147586;52019;21.3;7.5
14;2021-04-17;2313;1662;149899;53681;21.7;7.8
14;2021-04-18;539;325;150438;54006;21.8;7.8
14;2021-04-19;2757;1705;153195;55711;22.2;8.1
14;2021-04-20;3388;1827;156583;57538;22.6;8.3
14;2021-04-21;3007;1465;159590;59003;23.1;8.5
14;2021-04-22;4222;2076;163812;61079;23.7;8.8
14;2021-04-23;4641;2282;168453;63361;24.4;9.2
14;2021-04-24;1850;1751;170303;65112;24.6;9.4
14;2021-04-25;456;27;170759;65139;24.7;9.4
14;2021-04-26;3372;1566;174131;66705;25.2;9.6
14;2021-04-27;3500;2569;177631;69274;25.7;10.0
14;2021-04-28;3239;1894;180870;71168;26.2;10.3
14;2021-04-29;4544;2308;185414;73476;26.8;10.6
14;2021-04-30;5119;2636;190533;76112;27.6;11.0
14;2021-05-01;3554;192;194087;76304;28.1;11.0
14;2021-05-02;1237;54;195324;76358;28.2;11.0
14;2021-05-03;2481;2765;197805;79123;28.6;11.4
14;2021-05-04;3128;2905;200933;82028;29.1;11.9
14;2021-05-05;3683;2754;204616;84782;29.6;12.3
14;2021-05-06;4931;3478;209547;88260;30.3;12.8
14;2021-05-07;4866;3853;214413;92113;31.0;13.3
14;2021-05-08;2728;1261;217141;93374;31.4;13.5
14;2021-05-09;1915;666;219056;94040;31.7;13.6
14;2021-05-10;3630;3149;222686;97189;32.2;14.1
14;2021-05-11;4345;3601;227031;100790;32.8;14.6
14;2021-05-12;4048;3215;231079;104005;33.4;15.0
14;2021-05-13;4691;1131;235770;105136;34.1;15.2
14;2021-05-14;6671;2627;242441;107763;35.1;15.6
14;2021-05-15;5142;772;247583;108535;35.8;15.7
14;2021-05-16;2318;121;249901;108656;36.1;15.7
14;2021-05-17;2822;2264;252723;110920;36.5;16.0
14;2021-05-18;4086;2240;256809;113160;37.1;16.4
14;2021-05-19;3747;2017;260556;115177;37.7;16.7
14;2021-05-20;4477;2761;265033;117938;38.3;17.1
14;2021-05-21;4270;3526;269303;121464;38.9;17.6
14;2021-05-22;1669;866;270972;122330;39.2;17.7
14;2021-05-23;648;71;271620;122401;39.3;17.7
14;2021-05-24;2843;747;274463;123148;39.7;17.8
14;2021-05-25;3629;3389;278092;126537;40.2;18.3
14;2021-05-26;3432;2407;281524;128944;40.7;18.6
14;2021-05-27;4770;3236;286294;132180;41.4;19.1
14;2021-05-28;5087;3892;291381;136072;42.1;19.7
14;2021-05-29;2341;2456;293722;138528;42.5;20.0
14;2021-05-30;758;239;294480;138767;42.6;20.1
14;2021-05-31;4092;2965;298572;141732;43.2;20.5
14;2021-06-01;5739;3215;304311;144947;44.0;21.0
14;2021-06-02;5030;2850;309341;147797;44.7;21.4
14;2021-06-03;6658;4012;315999;151809;45.7;22.0
14;2021-06-04;6443;5135;322442;156944;46.6;22.7
14;2021-06-05;4351;1865;326793;158809;47.3;23.0
14;2021-06-06;2042;83;328835;158892;47.6;23.0
14;2021-06-07;4247;3450;333082;162342;48.2;23.5
14;2021-06-08;5235;3127;338317;165469;48.9;23.9
14;2021-06-09;4272;2965;342589;168434;49.5;24.4
14;2021-06-10;5078;2968;347667;171402;50.3;24.8
14;2021-06-11;4837;4887;352504;176289;51.0;25.5
14;2021-06-12;3680;4507;356184;180796;51.5;26.1
14;2021-06-13;848;1090;357032;181886;51.6;26.3
14;2021-06-14;2185;3791;359217;185677;52.0;26.9
14;2021-06-15;3310;3968;362527;189645;52.4;27.4
14;2021-06-16;3446;4552;365973;194197;52.9;28.1
14;2021-06-17;4231;5262;370204;199459;53.5;28.8
14;2021-06-18;3729;6117;373933;205576;54.1;29.7
14;2021-06-19;2587;2949;376520;208525;54.5;30.2
14;2021-06-20;576;1556;377096;210081;54.5;30.4
14;2021-06-21;2119;4358;379215;214439;54.8;31.0
14;2021-06-22;2575;5176;381790;219615;55.2;31.8
14;2021-06-23;2498;4344;384288;223959;55.6;32.4
14;2021-06-24;3436;5799;387724;229758;56.1;33.2
14;2021-06-25;2735;7276;390459;237034;56.5;34.3
14;2021-06-26;2171;4539;392630;241573;56.8;34.9
14;2021-06-27;440;1829;393070;243402;56.8;35.2
14;2021-06-28;1302;3968;394372;247370;57.0;35.8
14;2021-06-29;1781;5362;396153;252732;57.3;36.6
14;2021-06-30;1967;4616;398120;257348;57.6;37.2
14;2021-07-01;2919;5070;401039;262418;58.0;38.0
14;2021-07-02;2577;6666;403616;269084;58.4;38.9
14;2021-07-03;1421;2649;405037;271733;58.6;39.3
14;2021-07-04;417;714;405454;272447;58.6;39.4
14;2021-07-05;1182;4786;406636;277233;58.8;40.1
14;2021-07-06;2069;6006;408705;283239;59.1;41.0
14;2021-07-07;2245;4585;410950;287824;59.4;41.6
14;2021-07-08;2894;5525;413844;293349;59.9;42.4
14;2021-07-09;2750;6448;416594;299797;60.2;43.4
14;2021-07-10;2027;3204;418621;303001;60.5;43.8
14;2021-07-11;895;873;419516;303874;60.7;43.9
14;2021-07-12;1617;5911;421133;309785;60.9;44.8
14;2021-07-13;3049;7341;424182;317126;61.3;45.9
14;2021-07-14;2230;3051;426412;320177;61.7;46.3
14;2021-07-15;4137;7660;430549;327837;62.3;47.4
14;2021-07-16;4676;7698;435225;335535;62.9;48.5
14;2021-07-17;2097;4206;437322;339741;63.2;49.1
14;2021-07-18;806;1868;438128;341609;63.4;49.4
14;2021-07-19;2565;6119;440693;347728;63.7;50.3
14;2021-07-20;3230;7260;443923;354988;64.2;51.3
14;2021-07-21;4077;5831;448000;360819;64.8;52.2
14;2021-07-22;4741;6588;452741;367407;65.5;53.1
14;2021-07-23;5352;6751;458093;374158;66.3;54.1
14;2021-07-24;3068;3780;461161;377938;66.7;54.7
14;2021-07-25;1498;1244;462659;379182;66.9;54.8
14;2021-07-26;4658;4176;467317;383358;67.6;55.4
14;2021-07-27;5351;4343;472668;387701;68.4;56.1
14;2021-07-28;5073;3953;477741;391654;69.1;56.6
14;2021-07-29;6380;4867;484121;396521;70.0;57.3
14;2021-07-30;5779;5147;489900;401668;70.9;58.1
14;2021-07-31;2746;2490;492646;404158;71.2;58.5
14;2021-08-01;1856;922;494502;405080;71.5;58.6
15;2020-12-27;2;0;2;0;0.0;0.0
15;2020-12-28;0;0;2;0;0.0;0.0
15;2020-12-29;0;0;2;0;0.0;0.0
15;2020-12-30;0;0;2;0;0.0;0.0
15;2020-12-31;0;0;2;0;0.0;0.0
15;2021-01-01;1;0;3;0;0.0;0.0
15;2021-01-02;0;0;3;0;0.0;0.0
15;2021-01-03;0;0;3;0;0.0;0.0
15;2021-01-04;0;0;3;0;0.0;0.0
15;2021-01-05;0;0;3;0;0.0;0.0
15;2021-01-06;0;0;3;0;0.0;0.0
15;2021-01-07;71;0;74;0;0.1;0.0
15;2021-01-08;108;0;182;0;0.1;0.0
15;2021-01-09;0;0;182;0;0.1;0.0
15;2021-01-10;1;0;183;0;0.1;0.0
15;2021-01-11;99;0;282;0;0.2;0.0
15;2021-01-12;92;0;374;0;0.3;0.0
15;2021-01-13;230;0;604;0;0.4;0.0
15;2021-01-14;307;1;911;1;0.6;0.0
15;2021-01-15;138;0;1049;1;0.7;0.0
15;2021-01-16;90;0;1139;1;0.8;0.0
15;2021-01-17;0;0;1139;1;0.8;0.0
15;2021-01-18;404;2;1543;3;1.1;0.0
15;2021-01-19;550;0;2093;3;1.5;0.0
15;2021-01-20;628;1;2721;4;1.9;0.0
15;2021-01-21;575;3;3296;7;2.3;0.0
15;2021-01-22;503;2;3799;9;2.7;0.0
15;2021-01-23;432;1;4231;10;3.0;0.0
15;2021-01-24;6;0;4237;10;3.0;0.0
15;2021-01-25;399;0;4636;10;3.2;0.0
15;2021-01-26;437;0;5073;10;3.6;0.0
15;2021-01-27;727;0;5800;10;4.1;0.0
15;2021-01-28;625;51;6425;61;4.5;0.0
15;2021-01-29;332;82;6757;143;4.7;0.1
15;2021-01-30;218;3;6975;146;4.9;0.1
15;2021-01-31;0;0;6975;146;4.9;0.1
15;2021-02-01;237;89;7212;235;5.1;0.2
15;2021-02-02;189;90;7401;325;5.2;0.2
15;2021-02-03;266;158;7667;483;5.4;0.3
15;2021-02-04;663;205;8330;688;5.8;0.5
15;2021-02-05;297;256;8627;944;6.0;0.7
15;2021-02-06;98;76;8725;1020;6.1;0.7
15;2021-02-07;0;0;8725;1020;6.1;0.7
15;2021-02-08;233;107;8958;1127;6.3;0.8
15;2021-02-09;205;118;9163;1245;6.4;0.9
15;2021-02-10;338;299;9501;1544;6.7;1.1
15;2021-02-11;115;240;9616;1784;6.7;1.2
15;2021-02-12;136;160;9752;1944;6.8;1.4
15;2021-02-13;92;78;9844;2022;6.9;1.4
15;2021-02-14;0;0;9844;2022;6.9;1.4
15;2021-02-15;63;215;9907;2237;6.9;1.6
15;2021-02-16;52;294;9959;2531;7.0;1.8
15;2021-02-17;142;471;10101;3002;7.1;2.1
15;2021-02-18;87;747;10188;3749;7.1;2.6
15;2021-02-19;90;432;10278;4181;7.2;2.9
15;2021-02-20;20;259;10298;4440;7.2;3.1
15;2021-02-21;0;0;10298;4440;7.2;3.1
15;2021-02-22;23;497;10321;4937;7.2;3.5
15;2021-02-23;180;457;10501;5394;7.4;3.8
15;2021-02-24;31;456;10532;5850;7.4;4.1
15;2021-02-25;228;1002;10760;6852;7.5;4.8
15;2021-02-26;186;475;10946;7327;7.7;5.1
15;2021-02-27;146;88;11092;7415;7.8;5.2
15;2021-02-28;1;0;11093;7415;7.8;5.2
15;2021-03-01;121;222;11214;7637;7.9;5.3
15;2021-03-02;249;307;11463;7944;8.0;5.6
15;2021-03-03;207;29;11670;7973;8.2;5.6
15;2021-03-04;246;247;11916;8220;8.3;5.8
15;2021-03-05;347;170;12263;8390;8.6;5.9
15;2021-03-06;680;11;12943;8401;9.1;5.9
15;2021-03-07;80;0;13023;8401;9.1;5.9
15;2021-03-08;93;106;13116;8507;9.2;6.0
15;2021-03-09;280;285;13396;8792;9.4;6.2
15;2021-03-10;416;161;13812;8953;9.7;6.3
15;2021-03-11;434;296;14246;9249;10.0;6.5
15;2021-03-12;524;93;14770;9342;10.3;6.5
15;2021-03-13;355;8;15125;9350;10.6;6.5
15;2021-03-14;18;0;15143;9350;10.6;6.5
15;2021-03-15;542;62;15685;9412;11.0;6.6
15;2021-03-16;328;20;16013;9432;11.2;6.6
15;2021-03-17;130;53;16143;9485;11.3;6.6
15;2021-03-18;250;95;16393;9580;11.5;6.7
15;2021-03-19;668;30;17061;9610;11.9;6.7
15;2021-03-20;148;36;17209;9646;12.1;6.8
15;2021-03-21;6;0;17215;9646;12.1;6.8
15;2021-03-22;573;76;17788;9722;12.5;6.8
15;2021-03-23;775;95;18563;9817;13.0;6.9
15;2021-03-24;936;33;19499;9850;13.7;6.9
15;2021-03-25;1282;24;20781;9874;14.6;6.9
15;2021-03-26;1009;53;21790;9927;15.3;7.0
15;2021-03-27;301;6;22091;9933;15.5;7.0
15;2021-03-28;20;0;22111;9933;15.5;7.0
15;2021-03-29;781;14;22892;9947;16.0;7.0
15;2021-03-30;1133;198;24025;10145;16.8;7.1
15;2021-03-31;937;21;24962;10166;17.5;7.1
15;2021-04-01;1233;54;26195;10220;18.3;7.2
15;2021-04-02;1141;57;27336;10277;19.1;7.2
15;2021-04-03;120;18;27456;10295;19.2;7.2
15;2021-04-04;0;0;27456;10295;19.2;7.2
15;2021-04-05;33;1;27489;10296;19.2;7.2
15;2021-04-06;834;80;28323;10376;19.8;7.3
15;2021-04-07;663;101;28986;10477;20.3;7.3
15;2021-04-08;1247;133;30233;10610;21.2;7.4
15;2021-04-09;1277;96;31510;10706;22.1;7.5
15;2021-04-10;364;19;31874;10725;22.3;7.5
15;2021-04-11;14;0;31888;10725;22.3;7.5
15;2021-04-12;644;458;32532;11183;22.8;7.8
15;2021-04-13;1124;322;33656;11505;23.6;8.1
15;2021-04-14;1038;197;34694;11702;24.3;8.2
15;2021-04-15;1183;305;35877;12007;25.1;8.4
15;2021-04-16;1038;555;36915;12562;25.8;8.8
15;2021-04-17;443;12;37358;12574;26.2;8.8
15;2021-04-18;0;10;37358;12584;26.2;8.8
15;2021-04-19;540;513;37898;13097;26.5;9.2
15;2021-04-20;847;614;38745;13711;27.1;9.6
15;2021-04-21;598;649;39343;14360;27.5;10.1
15;2021-04-22;728;773;40071;15133;28.1;10.6
15;2021-04-23;730;679;40801;15812;28.6;11.1
15;2021-04-24;363;123;41164;15935;28.8;11.2
15;2021-04-25;1;3;41165;15938;28.8;11.2
15;2021-04-26;324;632;41489;16570;29.1;11.6
15;2021-04-27;469;934;41958;17504;29.4;12.3
15;2021-04-28;378;788;42336;18292;29.6;12.8
15;2021-04-29;586;1010;42922;19302;30.1;13.5
15;2021-04-30;547;1078;43469;20380;30.4;14.3
15;2021-05-01;283;30;43752;20410;30.6;14.3
15;2021-05-02;0;0;43752;20410;30.6;14.3
15;2021-05-03;881;331;44633;20741;31.3;14.5
15;2021-05-04;802;857;45435;21598;31.8;15.1
15;2021-05-05;676;678;46111;22276;32.3;15.6
15;2021-05-06;826;967;46937;23243;32.9;16.3
15;2021-05-07;1152;906;48089;24149;33.7;16.9
15;2021-05-08;491;55;48580;24204;34.0;16.9
15;2021-05-09;23;9;48603;24213;34.0;17.0
15;2021-05-10;705;911;49308;25124;34.5;17.6
15;2021-05-11;1185;1184;50493;26308;35.4;18.4
15;2021-05-12;1147;833;51640;27141;36.2;19.0
15;2021-05-13;1165;439;52805;27580;37.0;19.3
15;2021-05-14;1504;581;54309;28161;38.0;19.7
15;2021-05-15;1410;417;55719;28578;39.0;20.0
15;2021-05-16;1;10;55720;28588;39.0;20.0
15;2021-05-17;1000;606;56720;29194;39.7;20.4
15;2021-05-18;1222;970;57942;30164;40.6;21.1
15;2021-05-19;1020;458;58962;30622;41.3;21.4
15;2021-05-20;1239;776;60201;31398;42.2;22.0
15;2021-05-21;1349;748;61550;32146;43.1;22.5
15;2021-05-22;526;186;62076;32332;43.5;22.6
15;2021-05-23;2;11;62078;32343;43.5;22.6
15;2021-05-24;693;257;62771;32600;44.0;22.8
15;2021-05-25;1151;620;63922;33220;44.8;23.3
15;2021-05-26;1095;459;65017;33679;45.5;23.6
15;2021-05-27;1269;662;66286;34341;46.4;24.0
15;2021-05-28;1509;886;67795;35227;47.5;24.7
15;2021-05-29;984;361;68779;35588;48.2;24.9
15;2021-05-30;14;25;68793;35613;48.2;24.9
15;2021-05-31;1201;478;69994;36091;49.0;25.3
15;2021-06-01;1399;571;71393;36662;50.0;25.7
15;2021-06-02;865;419;72258;37081;50.6;26.0
15;2021-06-03;931;706;73189;37787;51.2;26.5
15;2021-06-04;1076;718;74265;38505;52.0;27.0
15;2021-06-05;651;263;74916;38768;52.5;27.1
15;2021-06-06;16;20;74932;38788;52.5;27.2
15;2021-06-07;797;350;75729;39138;53.0;27.4
15;2021-06-08;474;396;76203;39534;53.4;27.7
15;2021-06-09;376;376;76579;39910;53.6;27.9
15;2021-06-10;272;426;76851;40336;53.8;28.2
15;2021-06-11;661;1097;77512;41433;54.3;29.0
15;2021-06-12;377;466;77889;41899;54.5;29.3
15;2021-06-13;12;6;77901;41905;54.5;29.3
15;2021-06-14;542;976;78443;42881;54.9;30.0
15;2021-06-15;450;1163;78893;44044;55.2;30.8
15;2021-06-16;541;897;79434;44941;55.6;31.5
15;2021-06-17;287;935;79721;45876;55.8;32.1
15;2021-06-18;741;1203;80462;47079;56.3;33.0
15;2021-06-19;543;705;81005;47784;56.7;33.5
15;2021-06-20;11;1;81016;47785;56.7;33.5
15;2021-06-21;278;1036;81294;48821;56.9;34.2
15;2021-06-22;230;1479;81524;50300;57.1;35.2
15;2021-06-23;342;1445;81866;51745;57.3;36.2
15;2021-06-24;292;1093;82158;52838;57.5;37.0
15;2021-06-25;378;1641;82536;54479;57.8;38.1
15;2021-06-26;165;908;82701;55387;57.9;38.8
15;2021-06-27;0;0;82701;55387;57.9;38.8
15;2021-06-28;175;1226;82876;56613;58.0;39.6
15;2021-06-29;301;1264;83177;57877;58.2;40.5
15;2021-06-30;268;981;83445;58858;58.4;41.2
15;2021-07-01;379;1223;83824;60081;58.7;42.1
15;2021-07-02;407;1350;84231;61431;59.0;43.0
15;2021-07-03;251;707;84482;62138;59.2;43.5
15;2021-07-04;0;1;84482;62139;59.2;43.5
15;2021-07-05;246;1259;84728;63398;59.3;44.4
15;2021-07-06;271;1470;84999;64868;59.5;45.4
15;2021-07-07;252;1347;85251;66215;59.7;46.4
15;2021-07-08;488;1352;85739;67567;60.0;47.3
15;2021-07-09;480;1790;86219;69357;60.4;48.6
15;2021-07-10;215;866;86434;70223;60.5;49.2
15;2021-07-11;7;5;86441;70228;60.5;49.2
15;2021-07-12;268;1486;86709;71714;60.7;50.2
15;2021-07-13;577;1770;87286;73484;61.1;51.5
15;2021-07-14;8;130;87294;73614;61.1;51.5
15;2021-07-15;1130;730;88424;74344;61.9;52.1
15;2021-07-16;1126;1340;89550;75684;62.7;53.0
15;2021-07-17;816;949;90366;76633;63.3;53.7
15;2021-07-18;0;3;90366;76636;63.3;53.7
15;2021-07-19;1057;1270;91423;77906;64.0;54.6
15;2021-07-20;1607;569;93030;78475;65.1;55.0
15;2021-07-21;1173;601;94203;79076;66.0;55.4
15;2021-07-22;889;513;95092;79589;66.6;55.7
15;2021-07-23;1330;1060;96422;80649;67.5;56.5
15;2021-07-24;626;767;97048;81416;68.0;57.0
15;2021-07-25;1;24;97049;81440;68.0;57.0
15;2021-07-26;1235;594;98284;82034;68.8;57.4
15;2021-07-27;1682;565;99966;82599;70.0;57.8
15;2021-07-28;1228;583;101194;83182;70.9;58.2
15;2021-07-29;830;392;102024;83574;71.4;58.5
15;2021-07-30;1003;1128;103027;84702;72.1;59.3
15;2021-07-31;592;634;103619;85336;72.6;59.8
15;2021-08-01;21;12;103640;85348;72.6;59.8
16;2020-12-27;0;0;0;0;0.0;0.0
16;2020-12-28;0;0;0;0;0.0;0.0
16;2020-12-29;0;0;0;0;0.0;0.0
16;2020-12-30;0;0;0;0;0.0;0.0
16;2020-12-31;0;0;0;0;0.0;0.0
16;2021-01-01;0;0;0;0;0.0;0.0
16;2021-01-02;0;0;0;0;0.0;0.0
16;2021-01-03;0;0;0;0;0.0;0.0
16;2021-01-04;1;0;1;0;0.0;0.0
16;2021-01-05;1;0;2;0;0.0;0.0
16;2021-01-06;88;0;90;0;0.0;0.0
16;2021-01-07;239;0;329;0;0.1;0.0
16;2021-01-08;464;2;793;2;0.2;0.0
16;2021-01-09;1;0;794;2;0.2;0.0
16;2021-01-10;1;0;795;2;0.2;0.0
16;2021-01-11;303;0;1098;2;0.3;0.0
16;2021-01-12;436;1;1534;3;0.4;0.0
16;2021-01-13;479;0;2013;3;0.6;0.0
16;2021-01-14;596;6;2609;9;0.7;0.0
16;2021-01-15;504;4;3113;13;0.9;0.0
16;2021-01-16;0;0;3113;13;0.9;0.0
16;2021-01-17;0;0;3113;13;0.9;0.0
16;2021-01-18;431;5;3544;18;1.0;0.0
16;2021-01-19;831;2;4375;20;1.3;0.0
16;2021-01-20;1181;2;5556;22;1.6;0.0
16;2021-01-21;1350;3;6906;25;2.0;0.0
16;2021-01-22;1110;0;8016;25;2.3;0.0
16;2021-01-23;183;0;8199;25;2.4;0.0
16;2021-01-24;0;0;8199;25;2.4;0.0
16;2021-01-25;641;2;8840;27;2.5;0.0
16;2021-01-26;1025;0;9865;27;2.8;0.0
16;2021-01-27;1400;105;11265;132;3.2;0.0
16;2021-01-28;1255;60;12520;192;3.6;0.1
16;2021-01-29;743;141;13263;333;3.8;0.1
16;2021-01-30;36;0;13299;333;3.8;0.1
16;2021-01-31;0;0;13299;333;3.8;0.1
16;2021-02-01;395;205;13694;538;3.9;0.2
16;2021-02-02;576;174;14270;712;4.1;0.2
16;2021-02-03;620;352;14890;1064;4.3;0.3
16;2021-02-04;462;271;15352;1335;4.4;0.4
16;2021-02-05;504;277;15856;1612;4.6;0.5
16;2021-02-06;1;81;15857;1693;4.6;0.5
16;2021-02-07;41;2;15898;1695;4.6;0.5
16;2021-02-08;355;219;16253;1914;4.7;0.5
16;2021-02-09;649;294;16902;2208;4.9;0.6
16;2021-02-10;693;679;17595;2887;5.1;0.8
16;2021-02-11;797;616;18392;3503;5.3;1.0
16;2021-02-12;623;834;19015;4337;5.5;1.2
16;2021-02-13;42;78;19057;4415;5.5;1.3
16;2021-02-14;2;7;19059;4422;5.5;1.3
16;2021-02-15;216;667;19275;5089;5.5;1.5
16;2021-02-16;374;958;19649;6047;5.6;1.7
16;2021-02-17;351;1312;20000;7359;5.7;2.1
16;2021-02-18;510;1255;20510;8614;5.9;2.5
16;2021-02-19;389;800;20899;9414;6.0;2.7
16;2021-02-20;1;8;20900;9422;6.0;2.7
16;2021-02-21;0;0;20900;9422;6.0;2.7
16;2021-02-22;135;542;21035;9964;6.0;2.9
16;2021-02-23;205;928;21240;10892;6.1;3.1
16;2021-02-24;274;900;21514;11792;6.2;3.4
16;2021-02-25;395;690;21909;12482;6.3;3.6
16;2021-02-26;478;503;22387;12985;6.4;3.7
16;2021-02-27;249;1;22636;12986;6.5;3.7
16;2021-02-28;5;5;22641;12991;6.5;3.7
16;2021-03-01;152;327;22793;13318;6.5;3.8
16;2021-03-02;272;671;23065;13989;6.6;4.0
16;2021-03-03;392;727;23457;14716;6.7;4.2
16;2021-03-04;806;570;24263;15286;7.0;4.4
16;2021-03-05;1142;541;25405;15827;7.3;4.5
16;2021-03-06;751;13;26156;15840;7.5;4.5
16;2021-03-07;94;18;26250;15858;7.5;4.6
16;2021-03-08;437;319;26687;16177;7.7;4.6
16;2021-03-09;771;701;27458;16878;7.9;4.8
16;2021-03-10;606;668;28064;17546;8.1;5.0
16;2021-03-11;1445;531;29509;18077;8.5;5.2
16;2021-03-12;1164;460;30673;18537;8.8;5.3
16;2021-03-13;764;13;31437;18550;9.0;5.3
16;2021-03-14;1;0;31438;18550;9.0;5.3
16;2021-03-15;461;182;31899;18732;9.2;5.4
16;2021-03-16;859;421;32758;19153;9.4;5.5
16;2021-03-17;589;287;33347;19440;9.6;5.6
16;2021-03-18;1031;283;34378;19723;9.9;5.7
16;2021-03-19;1102;247;35480;19970;10.2;5.7
16;2021-03-20;395;2;35875;19972;10.3;5.7
16;2021-03-21;9;0;35884;19972;10.3;5.7
16;2021-03-22;727;100;36611;20072;10.5;5.8
16;2021-03-23;1462;102;38073;20174;10.9;5.8
16;2021-03-24;1119;184;39192;20358;11.3;5.8
16;2021-03-25;2046;90;41238;20448;11.8;5.9
16;2021-03-26;1915;94;43153;20542;12.4;5.9
16;2021-03-27;432;21;43585;20563;12.5;5.9
16;2021-03-28;0;0;43585;20563;12.5;5.9
16;2021-03-29;924;61;44509;20624;12.8;5.9
16;2021-03-30;1881;177;46390;20801;13.3;6.0
16;2021-03-31;1514;131;47904;20932;13.8;6.0
16;2021-04-01;2007;400;49911;21332;14.3;6.1
16;2021-04-02;1442;379;51353;21711;14.7;6.2
16;2021-04-03;288;5;51641;21716;14.8;6.2
16;2021-04-04;1;0;51642;21716;14.8;6.2
16;2021-04-05;2;0;51644;21716;14.8;6.2
16;2021-04-06;2010;542;53654;22258;15.4;6.4
16;2021-04-07;1952;400;55606;22658;16.0;6.5
16;2021-04-08;2824;588;58430;23246;16.8;6.7
16;2021-04-09;2694;552;61124;23798;17.6;6.8
16;2021-04-10;1290;37;62414;23835;17.9;6.8
16;2021-04-11;2;0;62416;23835;17.9;6.8
16;2021-04-12;1430;316;63846;24151;18.3;6.9
16;2021-04-13;2123;839;65969;24990;18.9;7.2
16;2021-04-14;1951;632;67920;25622;19.5;7.4
16;2021-04-15;2101;984;70021;26606;20.1;7.6
16;2021-04-16;2036;779;72057;27385;20.7;7.9
16;2021-04-17;1504;84;73561;27469;21.1;7.9
16;2021-04-18;197;3;73758;27472;21.2;7.9
16;2021-04-19;1439;522;75197;27994;21.6;8.0
16;2021-04-20;2053;1232;77250;29226;22.2;8.4
16;2021-04-21;1776;740;79026;29966;22.7;8.6
16;2021-04-22;2293;1003;81319;30969;23.4;8.9
16;2021-04-23;2360;1167;83679;32136;24.0;9.2
16;2021-04-24;829;37;84508;32173;24.3;9.2
16;2021-04-25;117;9;84625;32182;24.3;9.2
16;2021-04-26;1401;806;86026;32988;24.7;9.5
16;2021-04-27;2057;1417;88083;34405;25.3;9.9
16;2021-04-28;1590;1125;89673;35530;25.8;10.2
16;2021-04-29;2244;1495;91917;37025;26.4;10.6
16;2021-04-30;2853;1340;94770;38365;27.2;11.0
16;2021-05-01;353;59;95123;38424;27.3;11.0
16;2021-05-02;155;13;95278;38437;27.4;11.0
16;2021-05-03;2610;533;97888;38970;28.1;11.2
16;2021-05-04;2062;2045;99950;41015;28.7;11.8
16;2021-05-05;1689;1831;101639;42846;29.2;12.3
16;2021-05-06;1885;2238;103524;45084;29.7;12.9
16;2021-05-07;3069;2123;106593;47207;30.6;13.6
16;2021-05-08;1196;468;107789;47675;31.0;13.7
16;2021-05-09;530;26;108319;47701;31.1;13.7
16;2021-05-10;1929;1626;110248;49327;31.7;14.2
16;2021-05-11;2354;1959;112602;51286;32.3;14.7
16;2021-05-12;1731;1798;114333;53084;32.8;15.2
16;2021-05-13;1461;354;115794;53438;33.3;15.3
16;2021-05-14;1989;1560;117783;54998;33.8;15.8
16;2021-05-15;595;897;118378;55895;34.0;16.1
16;2021-05-16;132;6;118510;55901;34.0;16.1
16;2021-05-17;1609;1286;120119;57187;34.5;16.4
16;2021-05-18;2759;1421;122878;58608;35.3;16.8
16;2021-05-19;2005;1237;124883;59845;35.9;17.2
16;2021-05-20;2837;1387;127720;61232;36.7;17.6
16;2021-05-21;2945;1396;130665;62628;37.5;18.0
16;2021-05-22;412;711;131077;63339;37.6;18.2
16;2021-05-23;210;11;131287;63350;37.7;18.2
16;2021-05-24;1261;236;132548;63586;38.1;18.3
16;2021-05-25;2764;1459;135312;65045;38.9;18.7
16;2021-05-26;1832;1186;137144;66231;39.4;19.0
16;2021-05-27;2419;1583;139563;67814;40.1;19.5
16;2021-05-28;2893;1568;142456;69382;40.9;19.9
16;2021-05-29;814;883;143270;70265;41.1;20.2
16;2021-05-30;1;4;143271;70269;41.1;20.2
16;2021-05-31;1983;1102;145254;71371;41.7;20.5
16;2021-06-01;2345;1715;147599;73086;42.4;21.0
16;2021-06-02;1822;1505;149421;74591;42.9;21.4
16;2021-06-03;2621;1761;152042;76352;43.7;21.9
16;2021-06-04;2835;2035;154877;78387;44.5;22.5
16;2021-06-05;1003;549;155880;78936;44.8;22.7
16;2021-06-06;160;28;156040;78964;44.8;22.7
16;2021-06-07;1990;1284;158030;80248;45.4;23.0
16;2021-06-08;2392;1997;160422;82245;46.1;23.6
16;2021-06-09;2528;1610;162950;83855;46.8;24.1
16;2021-06-10;2573;2002;165523;85857;47.5;24.7
16;2021-06-11;2151;2734;167674;88591;48.2;25.4
16;2021-06-12;1611;515;169285;89106;48.6;25.6
16;2021-06-13;261;72;169546;89178;48.7;25.6
16;2021-06-14;796;2797;170342;91975;48.9;26.4
16;2021-06-15;1865;2622;172207;94597;49.5;27.2
16;2021-06-16;1576;2089;173783;96686;49.9;27.8
16;2021-06-17;2042;2508;175825;99194;50.5;28.5
16;2021-06-18;2061;3219;177886;102413;51.1;29.4
16;2021-06-19;1349;1313;179235;103726;51.5;29.8
16;2021-06-20;243;28;179478;103754;51.5;29.8
16;2021-06-21;1406;2173;180884;105927;52.0;30.4
16;2021-06-22;1670;2942;182554;108869;52.4;31.3
16;2021-06-23;1562;2019;184116;110888;52.9;31.8
16;2021-06-24;1922;2168;186038;113056;53.4;32.5
16;2021-06-25;1986;2728;188024;115784;54.0;33.3
16;2021-06-26;1054;721;189078;116505;54.3;33.5
16;2021-06-27;130;25;189208;116530;54.3;33.5
16;2021-06-28;1160;1964;190368;118494;54.7;34.0
16;2021-06-29;1275;3360;191643;121854;55.0;35.0
16;2021-06-30;1332;2712;192975;124566;55.4;35.8
16;2021-07-01;1853;3155;194828;127721;56.0;36.7
16;2021-07-02;1421;3585;196249;131306;56.4;37.7
16;2021-07-03;690;1114;196939;132420;56.6;38.0
16;2021-07-04;3;15;196942;132435;56.6;38.0
16;2021-07-05;811;2303;197753;134738;56.8;38.7
16;2021-07-06;1272;3369;199025;138107;57.2;39.7
16;2021-07-07;858;2277;199883;140384;57.4;40.3
16;2021-07-08;1230;2739;201113;143123;57.8;41.1
16;2021-07-09;1112;3718;202225;146841;58.1;42.2
16;2021-07-10;338;1341;202563;148182;58.2;42.6
16;2021-07-11;2;13;202565;148195;58.2;42.6
16;2021-07-12;631;2445;203196;150640;58.4;43.3
16;2021-07-13;1371;3533;204567;154173;58.8;44.3
16;2021-07-14;797;877;205364;155050;59.0;44.5
16;2021-07-15;1236;3409;206600;158459;59.3;45.5
16;2021-07-16;1491;3386;208091;161845;59.8;46.5
16;2021-07-17;530;1190;208621;163035;59.9;46.8
16;2021-07-18;13;6;208634;163041;59.9;46.8
16;2021-07-19;614;2860;209248;165901;60.1;47.6
16;2021-07-20;1119;3296;210367;169197;60.4;48.6
16;2021-07-21;1115;2618;211482;171815;60.7;49.3
16;2021-07-22;1860;2863;213342;174678;61.3;50.2
16;2021-07-23;1540;3546;214882;178224;61.7;51.2
16;2021-07-24;636;1212;215518;179436;61.9;51.5
16;2021-07-25;11;11;215529;179447;61.9;51.5
16;2021-07-26;1525;2126;217054;181573;62.3;52.1
16;2021-07-27;1847;2821;218901;184394;62.9;53.0
16;2021-07-28;1847;2308;220748;186702;63.4;53.6
16;2021-07-29;2231;2473;222979;189175;64.0;54.3
16;2021-07-30;2340;3105;225319;192280;64.7;55.2
16;2021-07-31;933;1332;226252;193612;65.0;55.6
16;2021-08-01;182;22;226434;193634;65.0;55.6
17;2020-12-27;0;0;0;0;0.0;0.0
17;2020-12-28;0;0;0;0;0.0;0.0
17;2020-12-29;0;0;0;0;0.0;0.0
17;2020-12-30;1;0;1;0;0.0;0.0
17;2020-12-31;0;0;1;0;0.0;0.0
17;2021-01-01;0;0;1;0;0.0;0.0
17;2021-01-02;0;0;1;0;0.0;0.0
17;2021-01-03;0;0;1;0;0.0;0.0
17;2021-01-04;56;0;57;0;0.0;0.0
17;2021-01-05;98;0;155;0;0.0;0.0
17;2021-01-06;132;0;287;0;0.0;0.0
17;2021-01-07;485;2;772;2;0.1;0.0
17;2021-01-08;418;0;1190;2;0.2;0.0
17;2021-01-09;0;0;1190;2;0.2;0.0
17;2021-01-10;1;0;1191;2;0.2;0.0
17;2021-01-11;380;1;1571;3;0.2;0.0
17;2021-01-12;746;1;2317;4;0.4;0.0
17;2021-01-13;652;2;2969;6;0.5;0.0
17;2021-01-14;615;9;3584;15;0.6;0.0
17;2021-01-15;679;1;4263;16;0.7;0.0
17;2021-01-16;127;2;4390;18;0.7;0.0
17;2021-01-17;17;0;4407;18;0.7;0.0
17;2021-01-18;882;1;5289;19;0.8;0.0
17;2021-01-19;1907;2;7196;21;1.1;0.0
17;2021-01-20;2390;2;9586;23;1.5;0.0
17;2021-01-21;2497;2;12083;25;1.9;0.0
17;2021-01-22;1881;5;13964;30;2.2;0.0
17;2021-01-23;738;1;14702;31;2.3;0.0
17;2021-01-24;48;0;14750;31;2.3;0.0
17;2021-01-25;1383;5;16133;36;2.5;0.0
17;2021-01-26;2110;3;18243;39;2.8;0.0
17;2021-01-27;1674;31;19917;70;3.1;0.0
17;2021-01-28;2474;230;22391;300;3.5;0.0
17;2021-01-29;1737;220;24128;520;3.7;0.1
17;2021-01-30;528;5;24656;525;3.8;0.1
17;2021-01-31;36;1;24692;526;3.8;0.1
17;2021-02-01;740;211;25432;737;3.9;0.1
17;2021-02-02;1200;348;26632;1085;4.1;0.2
17;2021-02-03;1283;409;27915;1494;4.3;0.2
17;2021-02-04;1157;503;29072;1997;4.5;0.3
17;2021-02-05;601;756;29673;2753;4.6;0.4
17;2021-02-06;20;42;29693;2795;4.6;0.4
17;2021-02-07;31;13;29724;2808;4.6;0.4
17;2021-02-08;707;402;30431;3210;4.7;0.5
17;2021-02-09;1099;1318;31530;4528;4.9;0.7
17;2021-02-10;863;1285;32393;5813;5.0;0.9
17;2021-02-11;1239;1399;33632;7212;5.2;1.1
17;2021-02-12;772;968;34404;8180;5.3;1.3
17;2021-02-13;42;104;34446;8284;5.3;1.3
17;2021-02-14;0;10;34446;8294;5.3;1.3
17;2021-02-15;620;1226;35066;9520;5.4;1.5
17;2021-02-16;748;1836;35814;11356;5.5;1.8
17;2021-02-17;796;1361;36610;12717;5.7;2.0
17;2021-02-18;966;2186;37576;14903;5.8;2.3
17;2021-02-19;1066;1545;38642;16448;6.0;2.5
17;2021-02-20;103;308;38745;16756;6.0;2.6
17;2021-02-21;9;2;38754;16758;6.0;2.6
17;2021-02-22;645;1631;39399;18389;6.1;2.8
17;2021-02-23;780;1536;40179;19925;6.2;3.1
17;2021-02-24;1077;1594;41256;21519;6.4;3.3
17;2021-02-25;1084;1709;42340;23228;6.5;3.6
17;2021-02-26;1306;1295;43646;24523;6.7;3.8
17;2021-02-27;525;247;44171;24770;6.8;3.8
17;2021-02-28;19;9;44190;24779;6.8;3.8
17;2021-03-01;634;1044;44824;25823;6.9;4.0
17;2021-03-02;1091;869;45915;26692;7.1;4.1
17;2021-03-03;1614;796;47529;27488;7.3;4.2
17;2021-03-04;2424;1137;49953;28625;7.7;4.4
17;2021-03-05;2660;678;52613;29303;8.1;4.5
17;2021-03-06;1026;25;53639;29328;8.3;4.5
17;2021-03-07;181;47;53820;29375;8.3;4.5
17;2021-03-08;1015;834;54835;30209;8.5;4.7
17;2021-03-09;1745;614;56580;30823;8.7;4.8
17;2021-03-10;2046;642;58626;31465;9.1;4.9
17;2021-03-11;3229;995;61855;32460;9.6;5.0
17;2021-03-12;3353;625;65208;33085;10.1;5.1
17;2021-03-13;1198;11;66406;33096;10.3;5.1
17;2021-03-14;31;0;66437;33096;10.3;5.1
17;2021-03-15;1239;994;67676;34090;10.5;5.3
17;2021-03-16;891;537;68567;34627;10.6;5.4
17;2021-03-17;1457;701;70024;35328;10.8;5.5
17;2021-03-18;1681;762;71705;36090;11.1;5.6
17;2021-03-19;2095;543;73800;36633;11.4;5.7
17;2021-03-20;1080;56;74880;36689;11.6;5.7
17;2021-03-21;36;42;74916;36731;11.6;5.7
17;2021-03-22;1575;688;76491;37419;11.8;5.8
17;2021-03-23;2488;580;78979;37999;12.2;5.9
17;2021-03-24;3544;850;82523;38849;12.8;6.0
17;2021-03-25;4704;641;87227;39490;13.5;6.1
17;2021-03-26;4939;466;92166;39956;14.2;6.2
17;2021-03-27;1734;69;93900;40025;14.5;6.2
17;2021-03-28;365;45;94265;40070;14.6;6.2
17;2021-03-29;2360;563;96625;40633;14.9;6.3
17;2021-03-30;2650;984;99275;41617;15.3;6.4
17;2021-03-31;3838;902;103113;42519;15.9;6.6
17;2021-04-01;4013;1150;107126;43669;16.6;6.7
17;2021-04-02;3702;828;110828;44497;17.1;6.9
17;2021-04-03;1151;186;111979;44683;17.3;6.9
17;2021-04-04;500;6;112479;44689;17.4;6.9
17;2021-04-05;444;128;112923;44817;17.5;6.9
17;2021-04-06;3480;1027;116403;45844;18.0;7.1
17;2021-04-07;4127;1142;120530;46986;18.6;7.3
17;2021-04-08;4567;1465;125097;48451;19.3;7.5
17;2021-04-09;6493;838;131590;49289;20.3;7.6
17;2021-04-10;2582;64;134172;49353;20.7;7.6
17;2021-04-11;787;16;134959;49369;20.9;7.6
17;2021-04-12;2887;1612;137846;50981;21.3;7.9
17;2021-04-13;4145;1281;141991;52262;21.9;8.1
17;2021-04-14;4415;1189;146406;53451;22.6;8.3
17;2021-04-15;4591;1136;150997;54587;23.3;8.4
17;2021-04-16;4294;1151;155291;55738;24.0;8.6
17;2021-04-17;1679;382;156970;56120;24.3;8.7
17;2021-04-18;472;81;157442;56201;24.3;8.7
17;2021-04-19;2341;2061;159783;58262;24.7;9.0
17;2021-04-20;2922;2549;162705;60811;25.1;9.4
17;2021-04-21;2972;1939;165677;62750;25.6;9.7
17;2021-04-22;3114;2357;168791;65107;26.1;10.1
17;2021-04-23;2444;2724;171235;67831;26.5;10.5
17;2021-04-24;1665;922;172900;68753;26.7;10.6
17;2021-04-25;664;244;173564;68997;26.8;10.7
17;2021-04-26;2573;2625;176137;71622;27.2;11.1
17;2021-04-27;3153;2672;179290;74294;27.7;11.5
17;2021-04-28;3101;2941;182391;77235;28.2;11.9
17;2021-04-29;4128;2860;186519;80095;28.8;12.4
17;2021-04-30;4349;2630;190868;82725;29.5;12.8
17;2021-05-01;849;542;191717;83267;29.6;12.9
17;2021-05-02;550;840;192267;84107;29.7;13.0
17;2021-05-03;2544;2953;194811;87060;30.1;13.5
17;2021-05-04;2319;3729;197130;90789;30.5;14.0
17;2021-05-05;2908;3699;200038;94488;30.9;14.6
17;2021-05-06;4123;3404;204161;97892;31.6;15.1
17;2021-05-07;4351;3632;208512;101524;32.2;15.7
17;2021-05-08;1296;754;209808;102278;32.4;15.8
17;2021-05-09;1307;702;211115;102980;32.6;15.9
17;2021-05-10;2721;3686;213836;106666;33.0;16.5
17;2021-05-11;3504;3996;217340;110662;33.6;17.1
17;2021-05-12;3532;3810;220872;114472;34.1;17.7
17;2021-05-13;2548;691;223420;115163;34.5;17.8
17;2021-05-14;3035;2395;226455;117558;35.0;18.2
17;2021-05-15;2124;662;228579;118220;35.3;18.3
17;2021-05-16;1735;316;230314;118536;35.6;18.3
17;2021-05-17;4286;1988;234600;120524;36.3;18.6
17;2021-05-18;4741;1634;239341;122158;37.0;18.9
17;2021-05-19;5062;1266;244403;123424;37.8;19.1
17;2021-05-20;4945;1946;249348;125370;38.5;19.4
17;2021-05-21;4997;1958;254345;127328;39.3;19.7
17;2021-05-22;2394;532;256739;127860;39.7;19.8
17;2021-05-23;1899;126;258638;127986;40.0;19.8
17;2021-05-24;1424;207;260062;128193;40.2;19.8
17;2021-05-25;4030;1769;264092;129962;40.8;20.1
17;2021-05-26;4365;2036;268457;131998;41.5;20.4
17;2021-05-27;5213;2131;273670;134129;42.3;20.7
17;2021-05-28;4461;3431;278131;137560;43.0;21.3
17;2021-05-29;1558;1703;279689;139263;43.2;21.5
17;2021-05-30;856;406;280545;139669;43.4;21.6
17;2021-05-31;2941;3014;283486;142683;43.8;22.1
17;2021-06-01;4291;2924;287777;145607;44.5;22.5
17;2021-06-02;4193;3169;291970;148776;45.1;23.0
17;2021-06-03;5058;3164;297028;151940;45.9;23.5
17;2021-06-04;4516;3853;301544;155793;46.6;24.1
17;2021-06-05;1989;1603;303533;157396;46.9;24.3
17;2021-06-06;848;732;304381;158128;47.0;24.4
17;2021-06-07;3132;4340;307513;162468;47.5;25.1
17;2021-06-08;3791;4490;311304;166958;48.1;25.8
17;2021-06-09;4347;3046;315651;170004;48.8;26.3
17;2021-06-10;4922;2786;320573;172790;49.5;26.7
17;2021-06-11;4782;3682;325355;176472;50.3;27.3
17;2021-06-12;1812;1398;327167;177870;50.6;27.5
17;2021-06-13;608;414;327775;178284;50.7;27.6
17;2021-06-14;2833;4532;330608;182816;51.1;28.3
17;2021-06-15;3623;4374;334231;187190;51.7;28.9
17;2021-06-16;4131;3684;338362;190874;52.3;29.5
17;2021-06-17;4358;4114;342720;194988;53.0;30.1
17;2021-06-18;4048;4433;346768;199421;53.6;30.8
17;2021-06-19;1453;1988;348221;201409;53.8;31.1
17;2021-06-20;594;1033;348815;202442;53.9;31.3
17;2021-06-21;2555;4365;351370;206807;54.3;32.0
17;2021-06-22;3521;4443;354891;211250;54.8;32.6
17;2021-06-23;3780;3976;358671;215226;55.4;33.3
17;2021-06-24;3585;3953;362256;219179;56.0;33.9
17;2021-06-25;2706;4980;364962;224159;56.4;34.6
17;2021-06-26;899;2336;365861;226495;56.5;35.0
17;2021-06-27;396;1904;366257;228399;56.6;35.3
17;2021-06-28;1517;5416;367774;233815;56.8;36.1
17;2021-06-29;1677;5882;369451;239697;57.1;37.0
17;2021-06-30;2024;5548;371475;245245;57.4;37.9
17;2021-07-01;2250;5563;373725;250808;57.8;38.8
17;2021-07-02;2478;5989;376203;256797;58.1;39.7
17;2021-07-03;624;2547;376827;259344;58.2;40.1
17;2021-07-04;153;1251;376980;260595;58.3;40.3
17;2021-07-05;1871;5187;378851;265782;58.5;41.1
17;2021-07-06;2124;5601;380975;271383;58.9;41.9
17;2021-07-07;2390;5503;383365;276886;59.2;42.8
17;2021-07-08;2901;5446;386266;282332;59.7;43.6
17;2021-07-09;2510;6090;388776;288422;60.1;44.6
17;2021-07-10;823;2477;389599;290899;60.2;45.0
17;2021-07-11;367;903;389966;291802;60.3;45.1
17;2021-07-12;1990;5633;391956;297435;60.6;46.0
17;2021-07-13;2348;6722;394304;304157;60.9;47.0
17;2021-07-14;64;71;394368;304228;60.9;47.0
17;2021-07-15;2167;6862;396535;311090;61.3;48.1
17;2021-07-16;2746;6977;399281;318067;61.7;49.2
17;2021-07-17;999;2278;400280;320345;61.9;49.5
17;2021-07-18;309;1040;400589;321385;61.9;49.7
17;2021-07-19;2616;5918;403205;327303;62.3;50.6
17;2021-07-20;3268;6328;406473;333631;62.8;51.6
17;2021-07-21;3749;6020;410222;339651;63.4;52.5
17;2021-07-22;4208;6277;414430;345928;64.0;53.5
17;2021-07-23;3787;6566;418217;352494;64.6;54.5
17;2021-07-24;2065;1399;420282;353893;65.0;54.7
17;2021-07-25;1034;412;421316;354305;65.1;54.8
17;2021-07-26;3667;5418;424983;359723;65.7;55.6
17;2021-07-27;4668;5435;429651;365158;66.4;56.4
17;2021-07-28;5146;5163;434797;370321;67.2;57.2
17;2021-07-29;5104;5305;439901;375626;68.0;58.0
17;2021-07-30;5420;5552;445321;381178;68.8;58.9
17;2021-07-31;2046;1195;447367;382373;69.1;59.1
17;2021-08-01;1069;352;448436;382725;69.3;59.1
18;2020-12-27;0;0;0;0;0.0;0.0
18;2020-12-28;0;0;0;0;0.0;0.0
18;2020-12-29;0;0;0;0;0.0;0.0
18;2020-12-30;1;0;1;0;0.0;0.0
18;2020-12-31;0;0;1;0;0.0;0.0
18;2021-01-01;0;0;1;0;0.0;0.0
18;2021-01-02;0;0;1;0;0.0;0.0
18;2021-01-03;0;0;1;0;0.0;0.0
18;2021-01-04;3;0;4;0;0.0;0.0
18;2021-01-05;0;0;4;0;0.0;0.0
18;2021-01-06;1;0;5;0;0.0;0.0
18;2021-01-07;30;1;35;1;0.0;0.0
18;2021-01-08;65;0;100;1;0.0;0.0
18;2021-01-09;225;0;325;1;0.1;0.0
18;2021-01-10;146;0;471;1;0.2;0.0
18;2021-01-11;170;1;641;2;0.2;0.0
18;2021-01-12;373;0;1014;2;0.3;0.0
18;2021-01-13;270;2;1284;4;0.4;0.0
18;2021-01-14;269;2;1553;6;0.5;0.0
18;2021-01-15;332;1;1885;7;0.6;0.0
18;2021-01-16;288;3;2173;10;0.7;0.0
18;2021-01-17;1;0;2174;10;0.7;0.0
18;2021-01-18;290;0;2464;10;0.8;0.0
18;2021-01-19;1375;5;3839;15;1.3;0.0
18;2021-01-20;1239;1;5078;16;1.7;0.0
18;2021-01-21;961;0;6039;16;2.0;0.0
18;2021-01-22;780;1;6819;17;2.3;0.0
18;2021-01-23;249;2;7068;19;2.4;0.0
18;2021-01-24;0;0;7068;19;2.4;0.0
18;2021-01-25;509;0;7577;19;2.6;0.0
18;2021-01-26;395;1;7972;20;2.7;0.0
18;2021-01-27;390;2;8362;22;2.8;0.0
18;2021-01-28;566;7;8928;29;3.0;0.0
18;2021-01-29;492;72;9420;101;3.2;0.0
18;2021-01-30;432;167;9852;268;3.3;0.1
18;2021-01-31;82;121;9934;389;3.4;0.1
18;2021-02-01;328;142;10262;531;3.5;0.2
18;2021-02-02;506;244;10768;775;3.6;0.3
18;2021-02-03;398;204;11166;979;3.8;0.3
18;2021-02-04;630;226;11796;1205;4.0;0.4
18;2021-02-05;449;194;12245;1399;4.1;0.5
18;2021-02-06;283;103;12528;1502;4.2;0.5
18;2021-02-07;107;1;12635;1503;4.3;0.5
18;2021-02-08;268;231;12903;1734;4.4;0.6
18;2021-02-09;582;781;13485;2515;4.5;0.8
18;2021-02-10;740;700;14225;3215;4.8;1.1
18;2021-02-11;655;448;14880;3663;5.0;1.2
18;2021-02-12;502;326;15382;3989;5.2;1.3
18;2021-02-13;286;124;15668;4113;5.3;1.4
18;2021-02-14;364;97;16032;4210;5.4;1.4
18;2021-02-15;379;392;16411;4602;5.5;1.6
18;2021-02-16;399;399;16810;5001;5.7;1.7
18;2021-02-17;403;458;17213;5459;5.8;1.8
18;2021-02-18;344;544;17557;6003;5.9;2.0
18;2021-02-19;471;303;18028;6306;6.1;2.1
18;2021-02-20;719;238;18747;6544;6.3;2.2
18;2021-02-21;316;0;19063;6544;6.4;2.2
18;2021-02-22;217;372;19280;6916;6.5;2.3
18;2021-02-23;204;351;19484;7267;6.6;2.5
18;2021-02-24;240;271;19724;7538;6.7;2.5
18;2021-02-25;293;521;20017;8059;6.8;2.7
18;2021-02-26;582;236;20599;8295;6.9;2.8
18;2021-02-27;510;389;21109;8684;7.1;2.9
18;2021-02-28;6;68;21115;8752;7.1;3.0
18;2021-03-01;235;414;21350;9166;7.2;3.1
18;2021-03-02;283;520;21633;9686;7.3;3.3
18;2021-03-03;346;586;21979;10272;7.4;3.5
18;2021-03-04;475;573;22454;10845;7.6;3.7
18;2021-03-05;524;375;22978;11220;7.8;3.8
18;2021-03-06;1070;340;24048;11560;8.1;3.9
18;2021-03-07;7;140;24055;11700;8.1;3.9
18;2021-03-08;334;362;24389;12062;8.2;4.1
18;2021-03-09;409;368;24798;12430;8.4;4.2
18;2021-03-10;423;453;25221;12883;8.5;4.3
18;2021-03-11;517;421;25738;13304;8.7;4.5
18;2021-03-12;704;302;26442;13606;8.9;4.6
18;2021-03-13;1163;246;27605;13852;9.3;4.7
18;2021-03-14;299;212;27904;14064;9.4;4.7
18;2021-03-15;491;377;28395;14441;9.6;4.9
18;2021-03-16;392;314;28787;14755;9.7;5.0
18;2021-03-17;383;413;29170;15168;9.8;5.1
18;2021-03-18;512;229;29682;15397;10.0;5.2
18;2021-03-19;755;225;30437;15622;10.3;5.3
18;2021-03-20;986;616;31423;16238;10.6;5.5
18;2021-03-21;309;307;31732;16545;10.7;5.6
18;2021-03-22;601;296;32333;16841;10.9;5.7
18;2021-03-23;706;290;33039;17131;11.1;5.8
18;2021-03-24;1052;296;34091;17427;11.5;5.9
18;2021-03-25;1049;296;35140;17723;11.9;6.0
18;2021-03-26;1210;345;36350;18068;12.3;6.1
18;2021-03-27;1489;319;37839;18387;12.8;6.2
18;2021-03-28;215;0;38054;18387;12.8;6.2
18;2021-03-29;1101;196;39155;18583;13.2;6.3
18;2021-03-30;1085;302;40240;18885;13.6;6.4
18;2021-03-31;1306;251;41546;19136;14.0;6.5
18;2021-04-01;1376;343;42922;19479;14.5;6.6
18;2021-04-02;1229;305;44151;19784;14.9;6.7
18;2021-04-03;581;179;44732;19963;15.1;6.7
18;2021-04-04;71;5;44803;19968;15.1;6.7
18;2021-04-05;199;0;45002;19968;15.2;6.7
18;2021-04-06;1026;340;46028;20308;15.5;6.9
18;2021-04-07;1322;362;47350;20670;16.0;7.0
18;2021-04-08;1691;330;49041;21000;16.5;7.1
18;2021-04-09;1832;276;50873;21276;17.2;7.2
18;2021-04-10;2632;650;53505;21926;18.1;7.4
18;2021-04-11;1985;312;55490;22238;18.7;7.5
18;2021-04-12;1402;392;56892;22630;19.2;7.6
18;2021-04-13;1784;463;58676;23093;19.8;7.8
18;2021-04-14;1378;516;60054;23609;20.3;8.0
18;2021-04-15;1532;527;61586;24136;20.8;8.1
18;2021-04-16;1614;587;63200;24723;21.3;8.3
18;2021-04-17;1599;519;64799;25242;21.9;8.5
18;2021-04-18;377;232;65176;25474;22.0;8.6
18;2021-04-19;1316;590;66492;26064;22.4;8.8
18;2021-04-20;1446;704;67938;26768;22.9;9.0
18;2021-04-21;1271;900;69209;27668;23.3;9.3
18;2021-04-22;1401;701;70610;28369;23.8;9.6
18;2021-04-23;1386;733;71996;29102;24.3;9.8
18;2021-04-24;1355;1267;73351;30369;24.7;10.2
18;2021-04-25;288;216;73639;30585;24.8;10.3
18;2021-04-26;1206;942;74845;31527;25.3;10.6
18;2021-04-27;1544;760;76389;32287;25.8;10.9
18;2021-04-28;1357;872;77746;33159;26.2;11.2
18;2021-04-29;1847;732;79593;33891;26.9;11.4
18;2021-04-30;1569;992;81162;34883;27.4;11.8
18;2021-05-01;787;209;81949;35092;27.6;11.8
18;2021-05-02;806;58;82755;35150;27.9;11.9
18;2021-05-03;1626;1001;84381;36151;28.5;12.2
18;2021-05-04;1729;1273;86110;37424;29.1;12.6
18;2021-05-05;1735;1211;87845;38635;29.6;13.0
18;2021-05-06;2165;1353;90010;39988;30.4;13.5
18;2021-05-07;1234;1399;91244;41387;30.8;14.0
18;2021-05-08;994;1460;92238;42847;31.1;14.5
18;2021-05-09;501;2261;92739;45108;31.3;15.2
18;2021-05-10;1155;1507;93894;46615;31.7;15.7
18;2021-05-11;1694;1752;95588;48367;32.2;16.3
18;2021-05-12;1808;1491;97396;49858;32.9;16.8
18;2021-05-13;1061;370;98457;50228;33.2;16.9
18;2021-05-14;1345;942;99802;51170;33.7;17.3
18;2021-05-15;1810;1158;101612;52328;34.3;17.7
18;2021-05-16;538;582;102150;52910;34.5;17.9
18;2021-05-17;1245;1092;103395;54002;34.9;18.2
18;2021-05-18;2147;930;105542;54932;35.6;18.5
18;2021-05-19;2163;916;107705;55848;36.3;18.8
18;2021-05-20;2275;979;109980;56827;37.1;19.2
18;2021-05-21;1498;762;111478;57589;37.6;19.4
18;2021-05-22;1724;1074;113202;58663;38.2;19.8
18;2021-05-23;485;336;113687;58999;38.4;19.9
18;2021-05-24;462;292;114149;59291;38.5;20.0
18;2021-05-25;1842;1065;115991;60356;39.1;20.4
18;2021-05-26;2152;837;118143;61193;39.9;20.6
18;2021-05-27;2207;1230;120350;62423;40.6;21.1
18;2021-05-28;1713;1305;122063;63728;41.2;21.5
18;2021-05-29;2620;1660;124683;65388;42.1;22.1
18;2021-05-30;1483;503;126166;65891;42.6;22.2
18;2021-05-31;1786;694;127952;66585;43.2;22.5
18;2021-06-01;2040;948;129992;67533;43.9;22.8
18;2021-06-02;2006;1022;131998;68555;44.5;23.1
18;2021-06-03;2284;1196;134282;69751;45.3;23.5
18;2021-06-04;1909;1125;136191;70876;45.9;23.9
18;2021-06-05;2803;1450;138994;72326;46.9;24.4
18;2021-06-06;365;381;139359;72707;47.0;24.5
18;2021-06-07;1296;1230;140655;73937;47.5;24.9
18;2021-06-08;1492;1392;142147;75329;48.0;25.4
18;2021-06-09;1327;1066;143474;76395;48.4;25.8
18;2021-06-10;1632;1408;145106;77803;49.0;26.2
18;2021-06-11;1496;1404;146602;79207;49.5;26.7
18;2021-06-12;1243;2509;147845;81716;49.9;27.6
18;2021-06-13;126;262;147971;81978;49.9;27.7
18;2021-06-14;657;1828;148628;83806;50.1;28.3
18;2021-06-15;1092;1821;149720;85627;50.5;28.9
18;2021-06-16;1252;1439;150972;87066;50.9;29.4
18;2021-06-17;1204;1670;152176;88736;51.3;29.9
18;2021-06-18;1291;1663;153467;90399;51.8;30.5
18;2021-06-19;1564;1251;155031;91650;52.3;30.9
18;2021-06-20;247;159;155278;91809;52.4;31.0
18;2021-06-21;665;1597;155943;93406;52.6;31.5
18;2021-06-22;1066;1640;157009;95046;53.0;32.1
18;2021-06-23;941;1640;157950;96686;53.3;32.6
18;2021-06-24;1030;1059;158980;97745;53.6;33.0
18;2021-06-25;889;1745;159869;99490;53.9;33.6
18;2021-06-26;1097;1475;160966;100965;54.3;34.1
18;2021-06-27;30;373;160996;101338;54.3;34.2
18;2021-06-28;421;1924;161417;103262;54.5;34.8
18;2021-06-29;593;2381;162010;105643;54.7;35.6
18;2021-06-30;600;2546;162610;108189;54.9;36.5
18;2021-07-01;951;2151;163561;110340;55.2;37.2
18;2021-07-02;611;1684;164172;112024;55.4;37.8
18;2021-07-03;751;2578;164923;114602;55.6;38.7
18;2021-07-04;164;1034;165087;115636;55.7;39.0
18;2021-07-05;763;1883;165850;117519;56.0;39.6
18;2021-07-06;554;2308;166404;119827;56.1;40.4
18;2021-07-07;765;2117;167169;121944;56.4;41.1
18;2021-07-08;1028;1985;168197;123929;56.7;41.8
18;2021-07-09;701;2307;168898;126236;57.0;42.6
18;2021-07-10;778;3181;169676;129417;57.2;43.7
18;2021-07-11;79;664;169755;130081;57.3;43.9
18;2021-07-12;220;2250;169975;132331;57.3;44.6
18;2021-07-13;617;2910;170592;135241;57.6;45.6
18;2021-07-14;194;939;170786;136180;57.6;45.9
18;2021-07-15;1388;2816;172174;138996;58.1;46.9
18;2021-07-16;1174;2132;173348;141128;58.5;47.6
18;2021-07-17;1121;2477;174469;143605;58.9;48.4
18;2021-07-18;228;330;174697;143935;58.9;48.6
18;2021-07-19;1048;1660;175745;145595;59.3;49.1
18;2021-07-20;1621;2266;177366;147861;59.8;49.9
18;2021-07-21;1886;2049;179252;149910;60.5;50.6
18;2021-07-22;2204;1884;181456;151794;61.2;51.2
18;2021-07-23;1387;1609;182843;153403;61.7;51.8
18;2021-07-24;881;1534;183724;154937;62.0;52.3
18;2021-07-25;189;399;183913;155336;62.0;52.4
18;2021-07-26;1394;1503;185307;156839;62.5;52.9
18;2021-07-27;1809;1537;187116;158376;63.1;53.4
18;2021-07-28;2190;1793;189306;160169;63.9;54.0
18;2021-07-29;2135;1817;191441;161986;64.6;54.7
18;2021-07-30;1571;1339;193012;163325;65.1;55.1
18;2021-07-31;1227;1275;194239;164600;65.5;55.5
18;2021-08-01;86;31;194325;164631;65.6;55.5
19;2020-12-27;0;0;0;0;0.0;0.0
19;2020-12-28;0;0;0;0;0.0;0.0
19;2020-12-29;0;0;0;0;0.0;0.0
19;2020-12-30;0;0;0;0;0.0;0.0
19;2020-12-31;0;0;0;0;0.0;0.0
19;2021-01-01;0;0;0;0;0.0;0.0
19;2021-01-02;0;0;0;0;0.0;0.0
19;2021-01-03;0;0;0;0;0.0;0.0
19;2021-01-04;0;0;0;0;0.0;0.0
19;2021-01-05;0;0;0;0;0.0;0.0
19;2021-01-06;0;0;0;0;0.0;0.0
19;2021-01-07;343;1;343;1;0.1;0.0
19;2021-01-08;247;1;590;2;0.2;0.0
19;2021-01-09;0;0;590;2;0.2;0.0
19;2021-01-10;1;0;591;2;0.2;0.0
19;2021-01-11;38;0;629;2;0.3;0.0
19;2021-01-12;413;1;1042;3;0.4;0.0
19;2021-01-13;422;3;1464;6;0.6;0.0
19;2021-01-14;473;1;1937;7;0.8;0.0
19;2021-01-15;224;0;2161;7;0.9;0.0
19;2021-01-16;0;0;2161;7;0.9;0.0
19;2021-01-17;1;0;2162;7;0.9;0.0
19;2021-01-18;251;1;2413;8;1.0;0.0
19;2021-01-19;518;0;2931;8;1.2;0.0
19;2021-01-20;920;1;3851;9;1.6;0.0
19;2021-01-21;505;3;4356;12;1.8;0.0
19;2021-01-22;1316;3;5672;15;2.4;0.0
19;2021-01-23;281;0;5953;15;2.5;0.0
19;2021-01-24;36;0;5989;15;2.5;0.0
19;2021-01-25;233;0;6222;15;2.6;0.0
19;2021-01-26;607;4;6829;19;2.8;0.0
19;2021-01-27;334;3;7163;22;3.0;0.0
19;2021-01-28;297;249;7460;271;3.1;0.1
19;2021-01-29;346;60;7806;331;3.2;0.1
19;2021-01-30;130;24;7936;355;3.3;0.1
19;2021-01-31;41;0;7977;355;3.3;0.1
19;2021-02-01;155;96;8132;451;3.4;0.2
19;2021-02-02;303;429;8435;880;3.5;0.4
19;2021-02-03;283;247;8718;1127;3.6;0.5
19;2021-02-04;255;376;8973;1503;3.7;0.6
19;2021-02-05;310;75;9283;1578;3.9;0.7
19;2021-02-06;210;1;9493;1579;3.9;0.7
19;2021-02-07;48;1;9541;1580;4.0;0.7
19;2021-02-08;177;150;9718;1730;4.0;0.7
19;2021-02-09;333;275;10051;2005;4.2;0.8
19;2021-02-10;515;296;10566;2301;4.4;1.0
19;2021-02-11;411;326;10977;2627;4.6;1.1
19;2021-02-12;798;1166;11775;3793;4.9;1.6
19;2021-02-13;351;184;12126;3977;5.0;1.7
19;2021-02-14;98;13;12224;3990;5.1;1.7
19;2021-02-15;200;247;12424;4237;5.2;1.8
19;2021-02-16;385;172;12809;4409;5.3;1.8
19;2021-02-17;306;469;13115;4878;5.5;2.0
19;2021-02-18;174;511;13289;5389;5.5;2.2
19;2021-02-19;469;301;13758;5690;5.7;2.4
19;2021-02-20;133;208;13891;5898;5.8;2.5
19;2021-02-21;20;40;13911;5938;5.8;2.5
19;2021-02-22;219;211;14130;6149;5.9;2.6
19;2021-02-23;268;362;14398;6511;6.0;2.7
19;2021-02-24;359;210;14757;6721;6.1;2.8
19;2021-02-25;519;379;15276;7100;6.4;3.0
19;2021-02-26;395;317;15671;7417;6.5;3.1
19;2021-02-27;348;161;16019;7578;6.7;3.2
19;2021-02-28;68;36;16087;7614;6.7;3.2
19;2021-03-01;266;221;16353;7835;6.8;3.3
19;2021-03-02;428;257;16781;8092;7.0;3.4
19;2021-03-03;689;337;17470;8429;7.3;3.5
19;2021-03-04;824;350;18294;8779;7.6;3.7
19;2021-03-05;892;734;19186;9513;8.0;4.0
19;2021-03-06;1072;214;20258;9727;8.4;4.0
19;2021-03-07;463;37;20721;9764;8.6;4.1
19;2021-03-08;636;159;21357;9923;8.9;4.1
19;2021-03-09;835;248;22192;10171;9.2;4.2
19;2021-03-10;1154;318;23346;10489;9.7;4.4
19;2021-03-11;1272;309;24618;10798;10.2;4.5
19;2021-03-12;1134;402;25752;11200;10.7;4.7
19;2021-03-13;1109;164;26861;11364;11.2;4.7
19;2021-03-14;159;84;27020;11448;11.2;4.8
19;2021-03-15;699;135;27719;11583;11.5;4.8
19;2021-03-16;688;301;28407;11884;11.8;4.9
19;2021-03-17;837;280;29244;12164;12.2;5.1
19;2021-03-18;766;282;30010;12446;12.5;5.2
19;2021-03-19;1013;487;31023;12933;12.9;5.4
19;2021-03-20;782;130;31805;13063;13.2;5.4
19;2021-03-21;128;4;31933;13067;13.3;5.4
19;2021-03-22;547;177;32480;13244;13.5;5.5
19;2021-03-23;1044;231;33524;13475;13.9;5.6
19;2021-03-24;1169;372;34693;13847;14.4;5.8
19;2021-03-25;1187;414;35880;14261;14.9;5.9
19;2021-03-26;1323;272;37203;14533;15.5;6.0
19;2021-03-27;855;186;38058;14719;15.8;6.1
19;2021-03-28;63;60;38121;14779;15.9;6.1
19;2021-03-29;610;177;38731;14956;16.1;6.2
19;2021-03-30;970;342;39701;15298;16.5;6.4
19;2021-03-31;1156;498;40857;15796;17.0;6.6
19;2021-04-01;1493;422;42350;16218;17.6;6.7
19;2021-04-02;1006;522;43356;16740;18.0;7.0
19;2021-04-03;597;283;43953;17023;18.3;7.1
19;2021-04-04;130;3;44083;17026;18.3;7.1
19;2021-04-05;40;75;44123;17101;18.4;7.1
19;2021-04-06;737;601;44860;17702;18.7;7.4
19;2021-04-07;978;731;45838;18433;19.1;7.7
19;2021-04-08;1115;1013;46953;19446;19.5;8.1
19;2021-04-09;1641;609;48594;20055;20.2;8.3
19;2021-04-10;945;554;49539;20609;20.6;8.6
19;2021-04-11;558;75;50097;20684;20.8;8.6
19;2021-04-12;680;521;50777;21205;21.1;8.8
19;2021-04-13;915;577;51692;21782;21.5;9.1
19;2021-04-14;1333;838;53025;22620;22.1;9.4
19;2021-04-15;1229;869;54254;23489;22.6;9.8
19;2021-04-16;1504;819;55758;24308;23.2;10.1
19;2021-04-17;761;476;56519;24784;23.5;10.3
19;2021-04-18;659;69;57178;24853;23.8;10.3
19;2021-04-19;729;439;57907;25292;24.1;10.5
19;2021-04-20;977;747;58884;26039;24.5;10.8
19;2021-04-21;1271;696;60155;26735;25.0;11.1
19;2021-04-22;1189;890;61344;27625;25.5;11.5
19;2021-04-23;1127;1020;62471;28645;26.0;11.9
19;2021-04-24;678;671;63149;29316;26.3;12.2
19;2021-04-25;675;67;63824;29383;26.6;12.2
19;2021-04-26;1056;326;64880;29709;27.0;12.4
19;2021-04-27;1028;570;65908;30279;27.4;12.6
19;2021-04-28;1552;552;67460;30831;28.1;12.8
19;2021-04-29;1452;1194;68912;32025;28.7;13.3
19;2021-04-30;1877;1057;70789;33082;29.5;13.8
19;2021-05-01;669;168;71458;33250;29.7;13.8
19;2021-05-02;550;149;72008;33399;30.0;13.9
19;2021-05-03;854;548;72862;33947;30.3;14.1
19;2021-05-04;1025;706;73887;34653;30.7;14.4
19;2021-05-05;1254;739;75141;35392;31.3;14.7
19;2021-05-06;1127;1202;76268;36594;31.7;15.2
19;2021-05-07;1665;1189;77933;37783;32.4;15.7
19;2021-05-08;711;212;78644;37995;32.7;15.8
19;2021-05-09;487;545;79131;38540;32.9;16.0
19;2021-05-10;1164;670;80295;39210;33.4;16.3
19;2021-05-11;1636;856;81931;40066;34.1;16.7
19;2021-05-12;1943;1318;83874;41384;34.9;17.2
19;2021-05-13;570;242;84444;41626;35.1;17.3
19;2021-05-14;1645;987;86089;42613;35.8;17.7
19;2021-05-15;1443;589;87532;43202;36.4;18.0
19;2021-05-16;349;82;87881;43284;36.6;18.0
19;2021-05-17;1497;544;89378;43828;37.2;18.2
19;2021-05-18;1670;486;91048;44314;37.9;18.4
19;2021-05-19;1997;815;93045;45129;38.7;18.8
19;2021-05-20;1720;888;94765;46017;39.4;19.1
19;2021-05-21;1964;813;96729;46830;40.2;19.5
19;2021-05-22;1272;652;98001;47482;40.8;19.8
19;2021-05-23;324;130;98325;47612;40.9;19.8
19;2021-05-24;139;46;98464;47658;41.0;19.8
19;2021-05-25;1503;487;99967;48145;41.6;20.0
19;2021-05-26;1926;663;101893;48808;42.4;20.3
19;2021-05-27;1786;831;103679;49639;43.1;20.7
19;2021-05-28;1938;987;105617;50626;43.9;21.1
19;2021-05-29;1372;705;106989;51331;44.5;21.4
19;2021-05-30;190;497;107179;51828;44.6;21.6
19;2021-05-31;1200;537;108379;52365;45.1;21.8
19;2021-06-01;1281;883;109660;53248;45.6;22.2
19;2021-06-02;1817;958;111477;54206;46.4;22.6
19;2021-06-03;1447;1253;112924;55459;47.0;23.1
19;2021-06-04;1847;1348;114771;56807;47.8;23.6
19;2021-06-05;1209;814;115980;57621;48.3;24.0
19;2021-06-06;87;649;116067;58270;48.3;24.2
19;2021-06-07;922;933;116989;59203;48.7;24.6
19;2021-06-08;1105;907;118094;60110;49.1;25.0
19;2021-06-09;1328;1462;119422;61572;49.7;25.6
19;2021-06-10;1282;1581;120704;63153;50.2;26.3
19;2021-06-11;1315;1916;122019;65069;50.8;27.1
19;2021-06-12;1355;1317;123374;66386;51.3;27.6
19;2021-06-13;543;422;123917;66808;51.6;27.8
19;2021-06-14;736;1017;124653;67825;51.9;28.2
19;2021-06-15;979;1142;125632;68967;52.3;28.7
19;2021-06-16;1224;1360;126856;70327;52.8;29.3
19;2021-06-17;869;1792;127725;72119;53.1;30.0
19;2021-06-18;1057;2137;128782;74256;53.6;30.9
19;2021-06-19;918;1300;129700;75556;54.0;31.4
19;2021-06-20;395;325;130095;75881;54.1;31.6
19;2021-06-21;499;1075;130594;76956;54.3;32.0
19;2021-06-22;697;1492;131291;78448;54.6;32.6
19;2021-06-23;741;1984;132032;80432;54.9;33.5
19;2021-06-24;685;1664;132717;82096;55.2;34.2
19;2021-06-25;562;2215;133279;84311;55.5;35.1
19;2021-06-26;468;1738;133747;86049;55.7;35.8
19;2021-06-27;288;443;134035;86492;55.8;36.0
19;2021-06-28;315;1499;134350;87991;55.9;36.6
19;2021-06-29;352;1890;134702;89881;56.0;37.4
19;2021-06-30;785;2153;135487;92034;56.4;38.3
19;2021-07-01;356;2318;135843;94352;56.5;39.3
19;2021-07-02;777;2318;136620;96670;56.8;40.2
19;2021-07-03;511;1737;137131;98407;57.1;40.9
19;2021-07-04;1;73;137132;98480;57.1;41.0
19;2021-07-05;599;1014;137731;99494;57.3;41.4
19;2021-07-06;504;1539;138235;101033;57.5;42.0
19;2021-07-07;706;2047;138941;103080;57.8;42.9
19;2021-07-08;766;2150;139707;105230;58.1;43.8
19;2021-07-09;713;2659;140420;107889;58.4;44.9
19;2021-07-10;586;1705;141006;109594;58.7;45.6
19;2021-07-11;45;212;141051;109806;58.7;45.7
19;2021-07-12;446;1489;141497;111295;58.9;46.3
19;2021-07-13;676;1831;142173;113126;59.2;47.1
19;2021-07-14;199;273;142372;113399;59.2;47.2
19;2021-07-15;864;2052;143236;115451;59.6;48.0
19;2021-07-16;1219;2436;144455;117887;60.1;49.1
19;2021-07-17;700;1717;145155;119604;60.4;49.8
19;2021-07-18;363;665;145518;120269;60.5;50.0
19;2021-07-19;960;1403;146478;121672;60.9;50.6
19;2021-07-20;960;1672;147438;123344;61.3;51.3
19;2021-07-21;1067;1709;148505;125053;61.8;52.0
19;2021-07-22;1383;1853;149888;126906;62.4;52.8
19;2021-07-23;1773;1986;151661;128892;63.1;53.6
19;2021-07-24;904;1751;152565;130643;63.5;54.4
19;2021-07-25;157;513;152722;131156;63.5;54.6
19;2021-07-26;896;908;153618;132064;63.9;54.9
19;2021-07-27;1416;1109;155034;133173;64.5;55.4
19;2021-07-28;2036;1218;157070;134391;65.4;55.9
19;2021-07-29;1600;1188;158670;135579;66.0;56.4
19;2021-07-30;1896;1014;160566;136593;66.8;56.8
19;2021-07-31;1114;1013;161680;137606;67.3;57.3
19;2021-08-01;326;364;162006;137970;67.4;57.4
21;2020-12-27;4;0;4;0;0.0;0.0
21;2020-12-28;1;0;5;0;0.0;0.0
21;2020-12-29;19;0;24;0;0.0;0.0
21;2020-12-30;22;0;46;0;0.0;0.0
21;2020-12-31;0;0;46;0;0.0;0.0
21;2021-01-01;0;0;46;0;0.0;0.0
21;2021-01-02;1;0;47;0;0.0;0.0
21;2021-01-03;0;0;47;0;0.0;0.0
21;2021-01-04;22;0;69;0;0.0;0.0
21;2021-01-05;250;2;319;2;0.1;0.0
21;2021-01-06;300;0;619;2;0.1;0.0
21;2021-01-07;387;0;1006;2;0.2;0.0
21;2021-01-08;456;3;1462;5;0.3;0.0
21;2021-01-09;251;0;1713;5;0.3;0.0
21;2021-01-10;1;0;1714;5;0.3;0.0
21;2021-01-11;623;1;2337;6;0.4;0.0
21;2021-01-12;651;0;2988;6;0.6;0.0
21;2021-01-13;702;2;3690;8;0.7;0.0
21;2021-01-14;1185;5;4875;13;0.9;0.0
21;2021-01-15;715;4;5590;17;1.0;0.0
21;2021-01-16;162;0;5752;17;1.1;0.0
21;2021-01-17;4;0;5756;17;1.1;0.0
21;2021-01-18;1315;7;7071;24;1.3;0.0
21;2021-01-19;1362;1;8433;25;1.6;0.0
21;2021-01-20;1295;46;9728;71;1.8;0.0
21;2021-01-21;1535;2;11263;73;2.1;0.0
21;2021-01-22;1240;3;12503;76;2.3;0.0
21;2021-01-23;488;0;12991;76;2.4;0.0
21;2021-01-24;122;0;13113;76;2.5;0.0
21;2021-01-25;924;18;14037;94;2.6;0.0
21;2021-01-26;1537;147;15574;241;2.9;0.0
21;2021-01-27;2039;152;17613;393;3.3;0.1
21;2021-01-28;1447;226;19060;619;3.6;0.1
21;2021-01-29;1023;212;20083;831;3.8;0.2
21;2021-01-30;467;31;20550;862;3.9;0.2
21;2021-01-31;97;5;20647;867;3.9;0.2
21;2021-02-01;451;288;21098;1155;4.0;0.2
21;2021-02-02;453;441;21551;1596;4.0;0.3
21;2021-02-03;439;283;21990;1879;4.1;0.4
21;2021-02-04;416;551;22406;2430;4.2;0.5
21;2021-02-05;487;526;22893;2956;4.3;0.6
21;2021-02-06;153;223;23046;3179;4.3;0.6
21;2021-02-07;2;2;23048;3181;4.3;0.6
21;2021-02-08;434;391;23482;3572;4.4;0.7
21;2021-02-09;514;519;23996;4091;4.5;0.8
21;2021-02-10;460;584;24456;4675;4.6;0.9
21;2021-02-11;480;737;24936;5412;4.7;1.0
21;2021-02-12;356;941;25292;6353;4.7;1.2
21;2021-02-13;360;323;25652;6676;4.8;1.3
21;2021-02-14;237;147;25889;6823;4.9;1.3
21;2021-02-15;117;1433;26006;8256;4.9;1.5
21;2021-02-16;207;1578;26213;9834;4.9;1.8
21;2021-02-17;395;1988;26608;11822;5.0;2.2
21;2021-02-18;602;1361;27210;13183;5.1;2.5
21;2021-02-19;215;1145;27425;14328;5.1;2.7
21;2021-02-20;122;429;27547;14757;5.2;2.8
21;2021-02-21;1;83;27548;14840;5.2;2.8
21;2021-02-22;81;780;27629;15620;5.2;2.9
21;2021-02-23;169;1043;27798;16663;5.2;3.1
21;2021-02-24;224;750;28022;17413;5.3;3.3
21;2021-02-25;646;836;28668;18249;5.4;3.4
21;2021-02-26;925;724;29593;18973;5.6;3.6
21;2021-02-27;535;301;30128;19274;5.7;3.6
21;2021-02-28;24;134;30152;19408;5.7;3.6
21;2021-03-01;678;630;30830;20038;5.8;3.8
21;2021-03-02;1054;551;31884;20589;6.0;3.9
21;2021-03-03;1160;437;33044;21026;6.2;3.9
21;2021-03-04;1682;518;34726;21544;6.5;4.0
21;2021-03-05;2195;651;36921;22195;6.9;4.2
21;2021-03-06;1592;196;38513;22391;7.2;4.2
21;2021-03-07;4;16;38517;22407;7.2;4.2
21;2021-03-08;770;444;39287;22851;7.4;4.3
21;2021-03-09;1566;567;40853;23418;7.7;4.4
21;2021-03-10;1625;556;42478;23974;8.0;4.5
21;2021-03-11;2185;691;44663;24665;8.4;4.6
21;2021-03-12;2891;429;47554;25094;8.9;4.7
21;2021-03-13;1932;187;49486;25281;9.3;4.7
21;2021-03-14;38;50;49524;25331;9.3;4.8
21;2021-03-15;1407;81;50931;25412;9.6;4.8
21;2021-03-16;1878;143;52809;25555;9.9;4.8
21;2021-03-17;1799;106;54608;25661;10.2;4.8
21;2021-03-18;2120;253;56728;25914;10.6;4.9
21;2021-03-19;1961;140;58689;26054;11.0;4.9
21;2021-03-20;1228;36;59917;26090;11.2;4.9
21;2021-03-21;1;0;59918;26090;11.2;4.9
21;2021-03-22;1555;85;61473;26175;11.5;4.9
21;2021-03-23;2689;99;64162;26274;12.0;4.9
21;2021-03-24;2889;153;67051;26427;12.6;5.0
21;2021-03-25;3711;228;70762;26655;13.3;5.0
21;2021-03-26;3656;179;74418;26834;14.0;5.0
21;2021-03-27;1728;55;76146;26889;14.3;5.0
21;2021-03-28;200;37;76346;26926;14.3;5.1
21;2021-03-29;1789;515;78135;27441;14.7;5.1
21;2021-03-30;2349;798;80484;28239;15.1;5.3
21;2021-03-31;2715;655;83199;28894;15.6;5.4
21;2021-04-01;2689;716;85888;29610;16.1;5.6
21;2021-04-02;2244;744;88132;30354;16.5;5.7
21;2021-04-03;1017;273;89149;30627;16.7;5.7
21;2021-04-04;2;12;89151;30639;16.7;5.7
21;2021-04-05;6;0;89157;30639;16.7;5.7
21;2021-04-06;1355;1147;90512;31786;17.0;6.0
21;2021-04-07;1746;973;92258;32759;17.3;6.1
21;2021-04-08;3215;1121;95473;33880;17.9;6.4
21;2021-04-09;3478;1182;98951;35062;18.6;6.6
21;2021-04-10;1378;736;100329;35798;18.8;6.7
21;2021-04-11;144;2;100473;35800;18.9;6.7
21;2021-04-12;1115;1360;101588;37160;19.1;7.0
21;2021-04-13;1655;1786;103243;38946;19.4;7.3
21;2021-04-14;1479;1485;104722;40431;19.7;7.6
21;2021-04-15;1898;1594;106620;42025;20.0;7.9
21;2021-04-16;2318;1314;108938;43339;20.4;8.1
21;2021-04-17;1017;973;109955;44312;20.6;8.3
21;2021-04-18;15;4;109970;44316;20.6;8.3
21;2021-04-19;1110;1330;111080;45646;20.8;8.6
21;2021-04-20;1241;1842;112321;47488;21.1;8.9
21;2021-04-21;1093;1732;113414;49220;21.3;9.2
21;2021-04-22;1275;2216;114689;51436;21.5;9.7
21;2021-04-23;1979;1727;116668;53163;21.9;10.0
21;2021-04-24;1000;864;117668;54027;22.1;10.1
21;2021-04-25;8;168;117676;54195;22.1;10.2
21;2021-04-26;1011;1598;118687;55793;22.3;10.5
21;2021-04-27;1836;1949;120523;57742;22.6;10.8
21;2021-04-28;2231;2229;122754;59971;23.0;11.3
21;2021-04-29;3128;2259;125882;62230;23.6;11.7
21;2021-04-30;3555;1868;129437;64098;24.3;12.0
21;2021-05-01;963;225;130400;64323;24.5;12.1
21;2021-05-02;2;5;130402;64328;24.5;12.1
21;2021-05-03;2082;1347;132484;65675;24.9;12.3
21;2021-05-04;2578;1648;135062;67323;25.3;12.6
21;2021-05-05;2251;1689;137313;69012;25.8;13.0
21;2021-05-06;3009;2241;140322;71253;26.3;13.4
21;2021-05-07;2808;2179;143130;73432;26.9;13.8
21;2021-05-08;1066;265;144196;73697;27.1;13.8
21;2021-05-09;26;175;144222;73872;27.1;13.9
21;2021-05-10;3169;1719;147391;75591;27.7;14.2
21;2021-05-11;4917;2003;152308;77594;28.6;14.6
21;2021-05-12;4797;1737;157105;79331;29.5;14.9
21;2021-05-13;3847;363;160952;79694;30.2;15.0
21;2021-05-14;5199;1462;166151;81156;31.2;15.2
21;2021-05-15;3429;648;169580;81804;31.8;15.4
21;2021-05-16;48;4;169628;81808;31.8;15.4
21;2021-05-17;4130;1242;173758;83050;32.6;15.6
21;2021-05-18;4359;1486;178117;84536;33.4;15.9
21;2021-05-19;3472;1110;181589;85646;34.1;16.1
21;2021-05-20;3894;1343;185483;86989;34.8;16.3
21;2021-05-21;3624;2154;189107;89143;35.5;16.7
21;2021-05-22;1669;767;190776;89910;35.8;16.9
21;2021-05-23;4;17;190780;89927;35.8;16.9
21;2021-05-24;1816;265;192596;90192;36.1;16.9
21;2021-05-25;2646;1961;195242;92153;36.6;17.3
21;2021-05-26;2604;1987;197846;94140;37.1;17.7
21;2021-05-27;4013;2104;201859;96244;37.9;18.1
21;2021-05-28;3569;2815;205428;99059;38.6;18.6
21;2021-05-29;1927;1464;207355;100523;38.9;18.9
21;2021-05-30;96;13;207451;100536;38.9;18.9
21;2021-05-31;2499;1775;209950;102311;39.4;19.2
21;2021-06-01;3450;2249;213400;104560;40.0;19.6
21;2021-06-02;2612;1758;216012;106318;40.5;20.0
21;2021-06-03;3145;2070;219157;108388;41.1;20.3
21;2021-06-04;3278;2586;222435;110974;41.7;20.8
21;2021-06-05;2924;1654;225359;112628;42.3;21.1
21;2021-06-06;51;85;225410;112713;42.3;21.2
21;2021-06-07;4312;1344;229722;114057;43.1;21.4
21;2021-06-08;4939;2130;234661;116187;44.0;21.8
21;2021-06-09;4501;1611;239162;117798;44.9;22.1
21;2021-06-10;3929;2591;243091;120389;45.6;22.6
21;2021-06-11;4163;3105;247254;123494;46.4;23.2
21;2021-06-12;2199;1606;249453;125100;46.8;23.5
21;2021-06-13;29;11;249482;125111;46.8;23.5
21;2021-06-14;2196;2565;251678;127676;47.2;24.0
21;2021-06-15;2959;3089;254637;130765;47.8;24.5
21;2021-06-16;2852;2605;257489;133370;48.3;25.0
21;2021-06-17;3420;3043;260909;136413;49.0;25.6
21;2021-06-18;2426;3796;263335;140209;49.4;26.3
21;2021-06-19;2042;1863;265377;142072;49.8;26.7
21;2021-06-20;26;13;265403;142085;49.8;26.7
21;2021-06-21;1834;3406;267237;145491;50.1;27.3
21;2021-06-22;1874;5832;269111;151323;50.5;28.4
21;2021-06-23;2021;5007;271132;156330;50.9;29.3
21;2021-06-24;2359;4660;273491;160990;51.3;30.2
21;2021-06-25;1522;5894;275013;166884;51.6;31.3
21;2021-06-26;1439;3897;276452;170781;51.9;32.0
21;2021-06-27;17;125;276469;170906;51.9;32.1
21;2021-06-28;1389;4016;277858;174922;52.1;32.8
21;2021-06-29;1629;4174;279487;179096;52.4;33.6
21;2021-06-30;1565;3369;281052;182465;52.7;34.2
21;2021-07-01;1640;4144;282692;186609;53.0;35.0
21;2021-07-02;2165;4226;284857;190835;53.5;35.8
21;2021-07-03;1093;2099;285950;192934;53.7;36.2
21;2021-07-04;36;55;285986;192989;53.7;36.2
21;2021-07-05;1600;3628;287586;196617;54.0;36.9
21;2021-07-06;1345;3594;288931;200211;54.2;37.6
21;2021-07-07;1450;3240;290381;203451;54.5;38.2
21;2021-07-08;1869;4162;292250;207613;54.8;39.0
21;2021-07-09;2066;4352;294316;211965;55.2;39.8
21;2021-07-10;1088;2550;295404;214515;55.4;40.3
21;2021-07-11;19;74;295423;214589;55.4;40.3
21;2021-07-12;1641;3727;297064;218316;55.7;41.0
21;2021-07-13;2255;4891;299319;223207;56.2;41.9
21;2021-07-14;2865;2011;302184;225218;56.7;42.3
21;2021-07-15;3747;4556;305931;229774;57.4;43.1
21;2021-07-16;3873;5256;309804;235030;58.1;44.1
21;2021-07-17;2764;4162;312568;239192;58.7;44.9
21;2021-07-18;155;81;312723;239273;58.7;44.9
21;2021-07-19;2358;4625;315081;243898;59.1;45.8
21;2021-07-20;2722;5495;317803;249393;59.6;46.8
21;2021-07-21;2861;4785;320664;254178;60.2;47.7
21;2021-07-22;2956;4715;323620;258893;60.7;48.6
21;2021-07-23;4253;4870;327873;263763;61.5;49.5
21;2021-07-24;3030;3002;330903;266765;62.1;50.1
21;2021-07-25;63;39;330966;266804;62.1;50.1
21;2021-07-26;2614;3578;333580;270382;62.6;50.7
21;2021-07-27;3345;3767;336925;274149;63.2;51.4
21;2021-07-28;3504;3332;340429;277481;63.9;52.1
21;2021-07-29;4000;3348;344429;280829;64.6;52.7
21;2021-07-30;4485;3327;348914;284156;65.5;53.3
21;2021-07-31;3352;2343;352266;286499;66.1;53.8
21;2021-08-01;327;53;352593;286552;66.2;53.8
22;2020-12-27;0;0;0;0;0.0;0.0
22;2020-12-28;0;0;0;0;0.0;0.0
22;2020-12-29;0;0;0;0;0.0;0.0
22;2020-12-30;0;0;0;0;0.0;0.0
22;2020-12-31;0;0;0;0;0.0;0.0
22;2021-01-01;0;0;0;0;0.0;0.0
22;2021-01-02;2;0;2;0;0.0;0.0
22;2021-01-03;0;0;2;0;0.0;0.0
22;2021-01-04;4;0;6;0;0.0;0.0
22;2021-01-05;61;0;67;0;0.0;0.0
22;2021-01-06;114;1;181;1;0.0;0.0
22;2021-01-07;67;0;248;1;0.0;0.0
22;2021-01-08;174;0;422;1;0.1;0.0
22;2021-01-09;1;0;423;1;0.1;0.0
22;2021-01-10;0;0;423;1;0.1;0.0
22;2021-01-11;233;3;656;4;0.1;0.0
22;2021-01-12;627;0;1283;4;0.2;0.0
22;2021-01-13;673;1;1956;5;0.3;0.0
22;2021-01-14;713;8;2669;13;0.4;0.0
22;2021-01-15;527;2;3196;15;0.5;0.0
22;2021-01-16;97;0;3293;15;0.6;0.0
22;2021-01-17;1;0;3294;15;0.6;0.0
22;2021-01-18;309;1;3603;16;0.6;0.0
22;2021-01-19;680;1;4283;17;0.7;0.0
22;2021-01-20;598;0;4881;17;0.8;0.0
22;2021-01-21;947;1;5828;18;1.0;0.0
22;2021-01-22;838;2;6666;20;1.1;0.0
22;2021-01-23;218;0;6884;20;1.2;0.0
22;2021-01-24;1;0;6885;20;1.2;0.0
22;2021-01-25;748;10;7633;30;1.3;0.0
22;2021-01-26;1015;59;8648;89;1.5;0.0
22;2021-01-27;3854;108;12502;197;2.1;0.0
22;2021-01-28;4467;84;16969;281;2.8;0.0
22;2021-01-29;1884;129;18853;410;3.2;0.1
22;2021-01-30;287;0;19140;410;3.2;0.1
22;2021-01-31;2;0;19142;410;3.2;0.1
22;2021-02-01;641;81;19783;491;3.3;0.1
22;2021-02-02;903;436;20686;927;3.5;0.2
22;2021-02-03;690;504;21376;1431;3.6;0.2
22;2021-02-04;966;636;22342;2067;3.7;0.3
22;2021-02-05;721;563;23063;2630;3.9;0.4
22;2021-02-06;249;0;23312;2630;3.9;0.4
22;2021-02-07;0;0;23312;2630;3.9;0.4
22;2021-02-08;531;135;23843;2765;4.0;0.5
22;2021-02-09;615;344;24458;3109;4.1;0.5
22;2021-02-10;425;202;24883;3311;4.2;0.6
22;2021-02-11;1086;324;25969;3635;4.4;0.6
22;2021-02-12;594;329;26563;3964;4.5;0.7
22;2021-02-13;318;78;26881;4042;4.5;0.7
22;2021-02-14;0;5;26881;4047;4.5;0.7
22;2021-02-15;671;428;27552;4475;4.6;0.8
22;2021-02-16;1041;705;28593;5180;4.8;0.9
22;2021-02-17;1203;2460;29796;7640;5.0;1.3
22;2021-02-18;2139;3002;31935;10642;5.4;1.8
22;2021-02-19;1635;1943;33570;12585;5.6;2.1
22;2021-02-20;479;212;34049;12797;5.7;2.1
22;2021-02-21;4;49;34053;12846;5.7;2.2
22;2021-02-22;401;721;34454;13567;5.8;2.3
22;2021-02-23;662;931;35116;14498;5.9;2.4
22;2021-02-24;695;945;35811;15443;6.0;2.6
22;2021-02-25;1201;1207;37012;16650;6.2;2.8
22;2021-02-26;1065;709;38077;17359;6.4;2.9
22;2021-02-27;563;284;38640;17643;6.5;3.0
22;2021-02-28;16;8;38656;17651;6.5;3.0
22;2021-03-01;954;523;39610;18174;6.6;3.0
22;2021-03-02;1204;875;40814;19049;6.8;3.2
22;2021-03-03;1325;861;42139;19910;7.1;3.3
22;2021-03-04;1594;929;43733;20839;7.3;3.5
22;2021-03-05;2103;805;45836;21644;7.7;3.6
22;2021-03-06;1113;294;46949;21938;7.9;3.7
22;2021-03-07;219;1;47168;21939;7.9;3.7
22;2021-03-08;1291;654;48459;22593;8.1;3.8
22;2021-03-09;1824;747;50283;23340;8.4;3.9
22;2021-03-10;1982;1002;52265;24342;8.8;4.1
22;2021-03-11;2371;1651;54636;25993;9.2;4.4
22;2021-03-12;3096;955;57732;26948;9.7;4.5
22;2021-03-13;1707;288;59439;27236;10.0;4.6
22;2021-03-14;245;23;59684;27259;10.0;4.6
22;2021-03-15;1616;565;61300;27824;10.3;4.7
22;2021-03-16;1594;852;62894;28676;10.5;4.8
22;2021-03-17;2643;699;65537;29375;11.0;4.9
22;2021-03-18;2550;1109;68087;30484;11.4;5.1
22;2021-03-19;3278;795;71365;31279;12.0;5.2
22;2021-03-20;2208;284;73573;31563;12.3;5.3
22;2021-03-21;16;0;73589;31563;12.3;5.3
22;2021-03-22;2365;360;75954;31923;12.7;5.4
22;2021-03-23;3145;776;79099;32699;13.3;5.5
22;2021-03-24;3484;683;82583;33382;13.9;5.6
22;2021-03-25;3951;599;86534;33981;14.5;5.7
22;2021-03-26;4002;476;90536;34457;15.2;5.8
22;2021-03-27;2080;179;92616;34636;15.5;5.8
22;2021-03-28;67;1;92683;34637;15.5;5.8
22;2021-03-29;2769;909;95452;35546;16.0;6.0
22;2021-03-30;3559;1153;99011;36699;16.6;6.2
22;2021-03-31;3673;1087;102684;37786;17.2;6.3
22;2021-04-01;4920;1114;107604;38900;18.0;6.5
22;2021-04-02;4389;1032;111993;39932;18.8;6.7
22;2021-04-03;1996;404;113989;40336;19.1;6.8
22;2021-04-04;34;0;114023;40336;19.1;6.8
22;2021-04-05;14;0;114037;40336;19.1;6.8
22;2021-04-06;3288;1140;117325;41476;19.7;7.0
22;2021-04-07;3424;1364;120749;42840;20.3;7.2
22;2021-04-08;4443;1315;125192;44155;21.0;7.4
22;2021-04-09;5185;1348;130377;45503;21.9;7.6
22;2021-04-10;2443;364;132820;45867;22.3;7.7
22;2021-04-11;477;8;133297;45875;22.4;7.7
22;2021-04-12;2985;994;136282;46869;22.9;7.9
22;2021-04-13;3321;1516;139603;48385;23.4;8.1
22;2021-04-14;3167;2482;142770;50867;23.9;8.5
22;2021-04-15;3596;2433;146366;53300;24.6;8.9
22;2021-04-16;3625;2487;149991;55787;25.2;9.4
22;2021-04-17;1914;1785;151905;57572;25.5;9.7
22;2021-04-18;17;0;151922;57572;25.5;9.7
22;2021-04-19;3020;2142;154942;59714;26.0;10.0
22;2021-04-20;3305;2786;158247;62500;26.5;10.5
22;2021-04-21;3223;2732;161470;65232;27.1;10.9
22;2021-04-22;3588;3129;165058;68361;27.7;11.5
22;2021-04-23;3727;3165;168785;71526;28.3;12.0
22;2021-04-24;1992;1962;170777;73488;28.6;12.3
22;2021-04-25;17;0;170794;73488;28.6;12.3
22;2021-04-26;3207;2845;174001;76333;29.2;12.8
22;2021-04-27;3374;3142;177375;79475;29.8;13.3
22;2021-04-28;3490;3148;180865;82623;30.3;13.9
22;2021-04-29;4080;3271;184945;85894;31.0;14.4
22;2021-04-30;3904;3226;188849;89120;31.7;14.9
22;2021-05-01;60;69;188909;89189;31.7;15.0
22;2021-05-02;1237;57;190146;89246;31.9;15.0
22;2021-05-03;2030;2708;192176;91954;32.2;15.4
22;2021-05-04;2155;2896;194331;94850;32.6;15.9
22;2021-05-05;2047;3008;196378;97858;32.9;16.4
22;2021-05-06;2510;3494;198888;101352;33.4;17.0
22;2021-05-07;2828;3405;201716;104757;33.8;17.6
22;2021-05-08;45;122;201761;104879;33.8;17.6
22;2021-05-09;600;435;202361;105314;33.9;17.7
22;2021-05-10;4475;2723;206836;108037;34.7;18.1
22;2021-05-11;5104;2899;211940;110936;35.5;18.6
22;2021-05-12;6598;1016;218538;111952;36.7;18.8
22;2021-05-13;528;35;219066;111987;36.7;18.8
22;2021-05-14;6398;1080;225464;113067;37.8;19.0
22;2021-05-15;3987;426;229451;113493;38.5;19.0
22;2021-05-16;419;36;229870;113529;38.6;19.0
22;2021-05-17;5665;516;235535;114045;39.5;19.1
22;2021-05-18;6006;946;241541;114991;40.5;19.3
22;2021-05-19;6125;701;247666;115692;41.5;19.4
22;2021-05-20;6587;1373;254253;117065;42.6;19.6
22;2021-05-21;5887;1461;260140;118526;43.6;19.9
22;2021-05-22;4082;770;264222;119296;44.3;20.0
22;2021-05-23;406;14;264628;119310;44.4;20.0
22;2021-05-24;5303;218;269931;119528;45.3;20.0
22;2021-05-25;5630;1175;275561;120703;46.2;20.2
22;2021-05-26;4211;2804;279772;123507;46.9;20.7
22;2021-05-27;4501;3837;284273;127344;47.7;21.4
22;2021-05-28;4386;4438;288659;131782;48.4;22.1
22;2021-05-29;3045;1770;291704;133552;48.9;22.4
22;2021-05-30;19;7;291723;133559;48.9;22.4
22;2021-05-31;3647;3154;295370;136713;49.5;22.9
22;2021-06-01;3519;3690;298889;140403;50.1;23.6
22;2021-06-02;3078;3384;301967;143787;50.6;24.1
22;2021-06-03;3183;4098;305150;147885;51.2;24.8
22;2021-06-04;3363;4548;308513;152433;51.7;25.6
22;2021-06-05;3541;2027;312054;154460;52.3;25.9
22;2021-06-06;213;29;312267;154489;52.4;25.9
22;2021-06-07;3036;3252;315303;157741;52.9;26.5
22;2021-06-08;2789;3528;318092;161269;53.4;27.1
22;2021-06-09;2534;3507;320626;164776;53.8;27.6
22;2021-06-10;2514;4250;323140;169026;54.2;28.4
22;2021-06-11;2540;4227;325680;173253;54.6;29.1
22;2021-06-12;2411;1453;328091;174706;55.0;29.3
22;2021-06-13;133;1093;328224;175799;55.1;29.5
22;2021-06-14;2635;2467;330859;178266;55.5;29.9
22;2021-06-15;3093;2997;333952;181263;56.0;30.4
22;2021-06-16;3003;2809;336955;184072;56.5;30.9
22;2021-06-17;2566;3178;339521;187250;56.9;31.4
22;2021-06-18;3095;4112;342616;191362;57.5;32.1
22;2021-06-19;2981;1454;345597;192816;58.0;32.3
22;2021-06-20;153;8;345750;192824;58.0;32.3
22;2021-06-21;1766;5019;347516;197843;58.3;33.2
22;2021-06-22;2390;5552;349906;203395;58.7;34.1
22;2021-06-23;1267;6206;351173;209601;58.9;35.2
22;2021-06-24;2563;3917;353736;213518;59.3;35.8
22;2021-06-25;1548;6813;355284;220331;59.6;37.0
22;2021-06-26;781;3857;356065;224188;59.7;37.6
22;2021-06-27;4;512;356069;224700;59.7;37.7
22;2021-06-28;1044;5590;357113;230290;59.9;38.6
22;2021-06-29;1364;5956;358477;236246;60.1;39.6
22;2021-06-30;1114;5738;359591;241984;60.3;40.6
22;2021-07-01;1351;6044;360942;248028;60.5;41.6
22;2021-07-02;1650;6090;362592;254118;60.8;42.6
22;2021-07-03;984;3815;363576;257933;61.0;43.3
22;2021-07-04;144;363;363720;258296;61.0;43.3
22;2021-07-05;1550;5805;365270;264101;61.3;44.3
22;2021-07-06;2295;6000;367565;270101;61.7;45.3
22;2021-07-07;2237;4936;369802;275037;62.0;46.1
22;2021-07-08;2484;5100;372286;280137;62.4;47.0
22;2021-07-09;2456;5384;374742;285521;62.9;47.9
22;2021-07-10;1766;3354;376508;288875;63.2;48.5
22;2021-07-11;477;71;376985;288946;63.2;48.5
22;2021-07-12;2272;4733;379257;293679;63.6;49.3
22;2021-07-13;3738;5045;382995;298724;64.2;50.1
22;2021-07-14;690;2498;383685;301222;64.4;50.5
22;2021-07-15;3780;4628;387465;305850;65.0;51.3
22;2021-07-16;3777;5293;391242;311143;65.6;52.2
22;2021-07-17;2519;3414;393761;314557;66.0;52.8
22;2021-07-18;561;85;394322;314642;66.1;52.8
22;2021-07-19;2715;4103;397037;318745;66.6;53.5
22;2021-07-20;3825;4126;400862;322871;67.2;54.2
22;2021-07-21;3936;3405;404798;326276;67.9;54.7
22;2021-07-22;4780;3701;409578;329977;68.7;55.3
22;2021-07-23;4399;4207;413977;334184;69.4;56.1
22;2021-07-24;2227;2616;416204;336800;69.8;56.5
22;2021-07-25;117;150;416321;336950;69.8;56.5
22;2021-07-26;2981;3909;419302;340859;70.3;57.2
22;2021-07-27;3640;4912;422942;345771;70.9;58.0
22;2021-07-28;3636;3638;426578;349409;71.6;58.6
22;2021-07-29;4242;3762;430820;353171;72.3;59.2
22;2021-07-30;3967;3967;434787;357138;72.9;59.9
22;2021-07-31;2354;2779;437141;359917;73.3;60.4
22;2021-08-01;114;155;437255;360072;73.3;60.4
23;2020-12-27;0;0;0;0;0.0;0.0
23;2020-12-28;1;0;1;0;0.0;0.0
23;2020-12-29;0;0;1;0;0.0;0.0
23;2020-12-30;0;0;1;0;0.0;0.0
23;2020-12-31;0;0;1;0;0.0;0.0
23;2021-01-01;0;0;1;0;0.0;0.0
23;2021-01-02;1;0;2;0;0.0;0.0
23;2021-01-03;0;0;2;0;0.0;0.0
23;2021-01-04;1;0;3;0;0.0;0.0
23;2021-01-05;3;0;6;0;0.0;0.0
23;2021-01-06;10;0;16;0;0.0;0.0
23;2021-01-07;116;0;132;0;0.1;0.0
23;2021-01-08;116;0;248;0;0.2;0.0
23;2021-01-09;35;0;283;0;0.2;0.0
23;2021-01-10;1;0;284;0;0.2;0.0
23;2021-01-11;173;0;457;0;0.4;0.0
23;2021-01-12;234;1;691;1;0.6;0.0
23;2021-01-13;308;0;999;1;0.9;0.0
23;2021-01-14;290;3;1289;4;1.1;0.0
23;2021-01-15;334;5;1623;9;1.4;0.0
23;2021-01-16;163;1;1786;10;1.5;0.0
23;2021-01-17;0;0;1786;10;1.5;0.0
23;2021-01-18;341;1;2127;11;1.8;0.0
23;2021-01-19;497;2;2624;13;2.3;0.0
23;2021-01-20;362;1;2986;14;2.6;0.0
23;2021-01-21;697;1;3683;15;3.2;0.0
23;2021-01-22;477;0;4160;15;3.6;0.0
23;2021-01-23;368;1;4528;16;3.9;0.0
23;2021-01-24;0;0;4528;16;3.9;0.0
23;2021-01-25;382;17;4910;33;4.2;0.0
23;2021-01-26;300;5;5210;38;4.5;0.0
23;2021-01-27;228;3;5438;41;4.7;0.0
23;2021-01-28;233;47;5671;88;4.9;0.1
23;2021-01-29;303;103;5974;191;5.1;0.2
23;2021-01-30;100;28;6074;219;5.2;0.2
23;2021-01-31;2;34;6076;253;5.2;0.2
23;2021-02-01;147;106;6223;359;5.4;0.3
23;2021-02-02;157;123;6380;482;5.5;0.4
23;2021-02-03;105;211;6485;693;5.6;0.6
23;2021-02-04;78;265;6563;958;5.6;0.8
23;2021-02-05;115;314;6678;1272;5.7;1.1
23;2021-02-06;14;168;6692;1440;5.8;1.2
23;2021-02-07;1;0;6693;1440;5.8;1.2
23;2021-02-08;125;218;6818;1658;5.9;1.4
23;2021-02-09;85;296;6903;1954;5.9;1.7
23;2021-02-10;89;283;6992;2237;6.0;1.9
23;2021-02-11;244;590;7236;2827;6.2;2.4
23;2021-02-12;174;284;7410;3111;6.4;2.7
23;2021-02-13;8;192;7418;3303;6.4;2.8
23;2021-02-14;8;0;7426;3303;6.4;2.8
23;2021-02-15;157;367;7583;3670;6.5;3.2
23;2021-02-16;103;444;7686;4114;6.6;3.5
23;2021-02-17;65;493;7751;4607;6.7;4.0
23;2021-02-18;142;372;7893;4979;6.8;4.3
23;2021-02-19;109;253;8002;5232;6.9;4.5
23;2021-02-20;2;93;8004;5325;6.9;4.6
23;2021-02-21;0;0;8004;5325;6.9;4.6
23;2021-02-22;104;212;8108;5537;7.0;4.8
23;2021-02-23;107;220;8215;5757;7.1;5.0
23;2021-02-24;174;169;8389;5926;7.2;5.1
23;2021-02-25;183;108;8572;6034;7.4;5.2
23;2021-02-26;286;165;8858;6199;7.6;5.3
23;2021-02-27;112;10;8970;6209;7.7;5.3
23;2021-02-28;1;31;8971;6240;7.7;5.4
23;2021-03-01;88;201;9059;6441;7.8;5.5
23;2021-03-02;229;132;9288;6573;8.0;5.7
23;2021-03-03;131;90;9419;6663;8.1;5.7
23;2021-03-04;307;138;9726;6801;8.4;5.8
23;2021-03-05;517;111;10243;6912;8.8;5.9
23;2021-03-06;494;4;10737;6916;9.2;5.9
23;2021-03-07;313;2;11050;6918;9.5;5.9
23;2021-03-08;196;72;11246;6990;9.7;6.0
23;2021-03-09;421;96;11667;7086;10.0;6.1
23;2021-03-10;348;39;12015;7125;10.3;6.1
23;2021-03-11;324;48;12339;7173;10.6;6.2
23;2021-03-12;617;33;12956;7206;11.1;6.2
23;2021-03-13;285;12;13241;7218;11.4;6.2
23;2021-03-14;45;34;13286;7252;11.4;6.2
23;2021-03-15;220;126;13506;7378;11.6;6.3
23;2021-03-16;192;90;13698;7468;11.8;6.4
23;2021-03-17;131;101;13829;7569;11.9;6.5
23;2021-03-18;192;97;14021;7666;12.1;6.6
23;2021-03-19;205;121;14226;7787;12.2;6.7
23;2021-03-20;630;35;14856;7822;12.8;6.7
23;2021-03-21;128;0;14984;7822;12.9;6.7
23;2021-03-22;264;147;15248;7969;13.1;6.9
23;2021-03-23;503;105;15751;8074;13.5;6.9
23;2021-03-24;422;125;16173;8199;13.9;7.1
23;2021-03-25;818;185;16991;8384;14.6;7.2
23;2021-03-26;733;194;17724;8578;15.2;7.4
23;2021-03-27;505;47;18229;8625;15.7;7.4
23;2021-03-28;3;9;18232;8634;15.7;7.4
23;2021-03-29;358;111;18590;8745;16.0;7.5
23;2021-03-30;537;175;19127;8920;16.5;7.7
23;2021-03-31;411;172;19538;9092;16.8;7.8
23;2021-04-01;600;169;20138;9261;17.3;8.0
23;2021-04-02;497;296;20635;9557;17.7;8.2
23;2021-04-03;715;43;21350;9600;18.4;8.3
23;2021-04-04;4;0;21354;9600;18.4;8.3
23;2021-04-05;0;3;21354;9603;18.4;8.3
23;2021-04-06;381;294;21735;9897;18.7;8.5
23;2021-04-07;705;307;22440;10204;19.3;8.8
23;2021-04-08;803;230;23243;10434;20.0;9.0
23;2021-04-09;939;357;24182;10791;20.8;9.3
23;2021-04-10;1097;108;25279;10899;21.7;9.4
23;2021-04-11;21;2;25300;10901;21.8;9.4
23;2021-04-12;692;231;25992;11132;22.4;9.6
23;2021-04-13;667;301;26659;11433;22.9;9.8
23;2021-04-14;586;174;27245;11607;23.4;10.0
23;2021-04-15;928;182;28173;11789;24.2;10.1
23;2021-04-16;902;206;29075;11995;25.0;10.3
23;2021-04-17;994;551;30069;12546;25.9;10.8
23;2021-04-18;3;136;30072;12682;25.9;10.9
23;2021-04-19;611;296;30683;12978;26.4;11.2
23;2021-04-20;721;289;31404;13267;27.0;11.4
23;2021-04-21;733;388;32137;13655;27.6;11.7
23;2021-04-22;657;474;32794;14129;28.2;12.2
23;2021-04-23;592;340;33386;14469;28.7;12.4
23;2021-04-24;855;448;34241;14917;29.4;12.8
23;2021-04-25;0;0;34241;14917;29.4;12.8
23;2021-04-26;615;252;34856;15169;30.0;13.0
23;2021-04-27;676;425;35532;15594;30.6;13.4
23;2021-04-28;628;274;36160;15868;31.1;13.6
23;2021-04-29;883;379;37043;16247;31.9;14.0
23;2021-04-30;719;786;37762;17033;32.5;14.6
23;2021-05-01;1223;37;38985;17070;33.5;14.7
23;2021-05-02;14;0;38999;17070;33.5;14.7
23;2021-05-03;431;520;39430;17590;33.9;15.1
23;2021-05-04;616;511;40046;18101;34.4;15.6
23;2021-05-05;538;711;40584;18812;34.9;16.2
23;2021-05-06;727;700;41311;19512;35.5;16.8
23;2021-05-07;682;640;41993;20152;36.1;17.3
23;2021-05-08;1410;586;43403;20738;37.3;17.8
23;2021-05-09;3;0;43406;20738;37.3;17.8
23;2021-05-10;555;656;43961;21394;37.8;18.4
23;2021-05-11;561;764;44522;22158;38.3;19.1
23;2021-05-12;720;661;45242;22819;38.9;19.6
23;2021-05-13;536;56;45778;22875;39.4;19.7
23;2021-05-14;788;459;46566;23334;40.0;20.1
23;2021-05-15;994;232;47560;23566;40.9;20.3
23;2021-05-16;0;0;47560;23566;40.9;20.3
23;2021-05-17;567;448;48127;24014;41.4;20.7
23;2021-05-18;773;291;48900;24305;42.1;20.9
23;2021-05-19;1050;256;49950;24561;43.0;21.1
23;2021-05-20;836;316;50786;24877;43.7;21.4
23;2021-05-21;1104;310;51890;25187;44.6;21.7
23;2021-05-22;740;125;52630;25312;45.3;21.8
23;2021-05-23;2;20;52632;25332;45.3;21.8
23;2021-05-24;362;163;52994;25495;45.6;21.9
23;2021-05-25;904;336;53898;25831;46.4;22.2
23;2021-05-26;1076;226;54974;26057;47.3;22.4
23;2021-05-27;931;433;55905;26490;48.1;22.8
23;2021-05-28;781;744;56686;27234;48.8;23.4
23;2021-05-29;638;1097;57324;28331;49.3;24.4
23;2021-05-30;6;63;57330;28394;49.3;24.4
23;2021-05-31;432;540;57762;28934;49.7;24.9
23;2021-06-01;581;824;58343;29758;50.2;25.6
23;2021-06-02;624;521;58967;30279;50.7;26.0
23;2021-06-03;705;549;59672;30828;51.3;26.5
23;2021-06-04;779;613;60451;31441;52.0;27.0
23;2021-06-05;546;777;60997;32218;52.5;27.7
23;2021-06-06;0;0;60997;32218;52.5;27.7
23;2021-06-07;393;696;61390;32914;52.8;28.3
23;2021-06-08;321;774;61711;33688;53.1;29.0
23;2021-06-09;283;649;61994;34337;53.3;29.5
23;2021-06-10;372;692;62366;35029;53.6;30.1
23;2021-06-11;379;808;62745;35837;54.0;30.8
23;2021-06-12;383;1265;63128;37102;54.3;31.9
23;2021-06-13;13;5;63141;37107;54.3;31.9
23;2021-06-14;234;590;63375;37697;54.5;32.4
23;2021-06-15;230;861;63605;38558;54.7;33.2
23;2021-06-16;362;581;63967;39139;55.0;33.7
23;2021-06-17;338;810;64305;39949;55.3;34.4
23;2021-06-18;355;766;64660;40715;55.6;35.0
23;2021-06-19;490;1524;65150;42239;56.0;36.3
23;2021-06-20;2;11;65152;42250;56.0;36.3
23;2021-06-21;203;620;65355;42870;56.2;36.9
23;2021-06-22;215;683;65570;43553;56.4;37.5
23;2021-06-23;220;749;65790;44302;56.6;38.1
23;2021-06-24;197;606;65987;44908;56.8;38.6
23;2021-06-25;304;814;66291;45722;57.0;39.3
23;2021-06-26;221;999;66512;46721;57.2;40.2
23;2021-06-27;3;0;66515;46721;57.2;40.2
23;2021-06-28;115;693;66630;47414;57.3;40.8
23;2021-06-29;189;823;66819;48237;57.5;41.5
23;2021-06-30;165;944;66984;49181;57.6;42.3
23;2021-07-01;168;869;67152;50050;57.8;43.0
23;2021-07-02;190;1070;67342;51120;57.9;44.0
23;2021-07-03;249;979;67591;52099;58.1;44.8
23;2021-07-04;1;0;67592;52099;58.1;44.8
23;2021-07-05;158;805;67750;52904;58.3;45.5
23;2021-07-06;212;1044;67962;53948;58.5;46.4
23;2021-07-07;209;854;68171;54802;58.6;47.1
23;2021-07-08;251;740;68422;55542;58.8;47.8
23;2021-07-09;272;1010;68694;56552;59.1;48.6
23;2021-07-10;234;646;68928;57198;59.3;49.2
23;2021-07-11;0;0;68928;57198;59.3;49.2
23;2021-07-12;232;701;69160;57899;59.5;49.8
23;2021-07-13;469;920;69629;58819;59.9;50.6
23;2021-07-14;208;321;69837;59140;60.1;50.9
23;2021-07-15;474;811;70311;59951;60.5;51.6
23;2021-07-16;758;570;71069;60521;61.1;52.1
23;2021-07-17;218;479;71287;61000;61.3;52.5
23;2021-07-18;0;1;71287;61001;61.3;52.5
23;2021-07-19;702;629;71989;61630;61.9;53.0
23;2021-07-20;630;567;72619;62197;62.5;53.5
23;2021-07-21;696;634;73315;62831;63.1;54.0
23;2021-07-22;936;436;74251;63267;63.9;54.4
23;2021-07-23;838;504;75089;63771;64.6;54.8
23;2021-07-24;1007;435;76096;64206;65.4;55.2
23;2021-07-25;11;16;76107;64222;65.5;55.2
23;2021-07-26;783;568;76890;64790;66.1;55.7
23;2021-07-27;908;438;77798;65228;66.9;56.1
23;2021-07-28;867;412;78665;65640;67.7;56.5
23;2021-07-29;1044;397;79709;66037;68.6;56.8
23;2021-07-30;937;518;80646;66555;69.4;57.2
23;2021-07-31;1156;303;81802;66858;70.4;57.5
23;2021-08-01;18;8;81820;66866;70.4;57.5
24;2020-12-27;0;0;0;0;0.0;0.0
24;2020-12-28;0;0;0;0;0.0;0.0
24;2020-12-29;2;0;2;0;0.0;0.0
24;2020-12-30;1;0;3;0;0.0;0.0
24;2020-12-31;0;0;3;0;0.0;0.0
24;2021-01-01;0;0;3;0;0.0;0.0
24;2021-01-02;0;0;3;0;0.0;0.0
24;2021-01-03;0;0;3;0;0.0;0.0
24;2021-01-04;0;0;3;0;0.0;0.0
24;2021-01-05;1;0;4;0;0.0;0.0
24;2021-01-06;0;0;4;0;0.0;0.0
24;2021-01-07;190;0;194;0;0.0;0.0
24;2021-01-08;280;0;474;0;0.1;0.0
24;2021-01-09;185;0;659;0;0.2;0.0
24;2021-01-10;35;0;694;0;0.2;0.0
24;2021-01-11;269;0;963;0;0.2;0.0
24;2021-01-12;281;0;1244;0;0.3;0.0
24;2021-01-13;233;1;1477;1;0.4;0.0
24;2021-01-14;1012;9;2489;10;0.6;0.0
24;2021-01-15;602;3;3091;13;0.8;0.0
24;2021-01-16;86;0;3177;13;0.8;0.0
24;2021-01-17;1;1;3178;14;0.8;0.0
24;2021-01-18;298;0;3476;14;0.9;0.0
24;2021-01-19;467;1;3943;15;1.0;0.0
24;2021-01-20;550;0;4493;15;1.1;0.0
24;2021-01-21;644;6;5137;21;1.3;0.0
24;2021-01-22;513;0;5650;21;1.4;0.0
24;2021-01-23;151;1;5801;22;1.4;0.0
24;2021-01-24;2;0;5803;22;1.4;0.0
24;2021-01-25;440;0;6243;22;1.5;0.0
24;2021-01-26;633;66;6876;88;1.7;0.0
24;2021-01-27;1261;12;8137;100;2.0;0.0
24;2021-01-28;983;123;9120;223;2.2;0.1
24;2021-01-29;932;139;10052;362;2.5;0.1
24;2021-01-30;281;1;10333;363;2.5;0.1
24;2021-01-31;0;0;10333;363;2.5;0.1
24;2021-02-01;377;173;10710;536;2.6;0.1
24;2021-02-02;611;313;11321;849;2.8;0.2
24;2021-02-03;650;493;11971;1342;2.9;0.3
24;2021-02-04;975;392;12946;1734;3.2;0.4
24;2021-02-05;686;449;13632;2183;3.3;0.5
24;2021-02-06;137;35;13769;2218;3.4;0.5
24;2021-02-07;33;0;13802;2218;3.4;0.5
24;2021-02-08;309;233;14111;2451;3.5;0.6
24;2021-02-09;451;230;14562;2681;3.6;0.7
24;2021-02-10;372;110;14934;2791;3.7;0.7
24;2021-02-11;556;518;15490;3309;3.8;0.8
24;2021-02-12;495;394;15985;3703;3.9;0.9
24;2021-02-13;202;46;16187;3749;4.0;0.9
24;2021-02-14;89;1;16276;3750;4.0;0.9
24;2021-02-15;187;243;16463;3993;4.0;1.0
24;2021-02-16;334;522;16797;4515;4.1;1.1
24;2021-02-17;579;827;17376;5342;4.3;1.3
24;2021-02-18;441;730;17817;6072;4.4;1.5
24;2021-02-19;460;677;18277;6749;4.5;1.7
24;2021-02-20;163;143;18440;6892;4.5;1.7
24;2021-02-21;107;0;18547;6892;4.5;1.7
24;2021-02-22;426;529;18973;7421;4.6;1.8
24;2021-02-23;563;682;19536;8103;4.8;2.0
24;2021-02-24;534;831;20070;8934;4.9;2.2
24;2021-02-25;725;864;20795;9798;5.1;2.4
24;2021-02-26;974;972;21769;10770;5.3;2.6
24;2021-02-27;363;265;22132;11035;5.4;2.7
24;2021-02-28;24;4;22156;11039;5.4;2.7
24;2021-03-01;292;373;22448;11412;5.5;2.8
24;2021-03-02;538;417;22986;11829;5.6;2.9
24;2021-03-03;679;342;23665;12171;5.8;3.0
24;2021-03-04;913;508;24578;12679;6.0;3.1
24;2021-03-05;1065;563;25643;13242;6.3;3.2
24;2021-03-06;1122;141;26765;13383;6.6;3.3
24;2021-03-07;232;62;26997;13445;6.6;3.3
24;2021-03-08;530;257;27527;13702;6.7;3.4
24;2021-03-09;1172;441;28699;14143;7.0;3.5
24;2021-03-10;1140;447;29839;14590;7.3;3.6
24;2021-03-11;1603;460;31442;15050;7.7;3.7
24;2021-03-12;2048;441;33490;15491;8.2;3.8
24;2021-03-13;1344;202;34834;15693;8.5;3.8
24;2021-03-14;141;92;34975;15785;8.6;3.9
24;2021-03-15;949;169;35924;15954;8.8;3.9
24;2021-03-16;1139;230;37063;16184;9.1;4.0
24;2021-03-17;1215;284;38278;16468;9.4;4.0
24;2021-03-18;1055;555;39333;17023;9.6;4.2
24;2021-03-19;1253;535;40586;17558;9.9;4.3
24;2021-03-20;1055;148;41641;17706;10.2;4.3
24;2021-03-21;25;11;41666;17717;10.2;4.3
24;2021-03-22;1223;420;42889;18137;10.5;4.4
24;2021-03-23;1879;399;44768;18536;11.0;4.5
24;2021-03-24;1888;385;46656;18921;11.4;4.6
24;2021-03-25;1988;467;48644;19388;11.9;4.7
24;2021-03-26;2373;283;51017;19671;12.5;4.8
24;2021-03-27;1349;40;52366;19711;12.8;4.8
24;2021-03-28;61;9;52427;19720;12.8;4.8
24;2021-03-29;1673;325;54100;20045;13.2;4.9
24;2021-03-30;2408;395;56508;20440;13.8;5.0
24;2021-03-31;2181;311;58689;20751;14.4;5.1
24;2021-04-01;2195;311;60884;21062;14.9;5.2
24;2021-04-02;2072;395;62956;21457;15.4;5.3
24;2021-04-03;1373;122;64329;21579;15.8;5.3
24;2021-04-04;73;0;64402;21579;15.8;5.3
24;2021-04-05;946;58;65348;21637;16.0;5.3
24;2021-04-06;2351;699;67699;22336;16.6;5.5
24;2021-04-07;2714;685;70413;23021;17.2;5.6
24;2021-04-08;3004;953;73417;23974;18.0;5.9
24;2021-04-09;3485;1001;76902;24975;18.8;6.1
24;2021-04-10;2593;307;79495;25282;19.5;6.2
24;2021-04-11;1101;18;80596;25300;19.7;6.2
24;2021-04-12;2493;815;83089;26115;20.3;6.4
24;2021-04-13;2903;1199;85992;27314;21.1;6.7
24;2021-04-14;2935;1188;88927;28502;21.8;7.0
24;2021-04-15;2791;1077;91718;29579;22.5;7.2
24;2021-04-16;3265;954;94983;30533;23.3;7.5
24;2021-04-17;2268;499;97251;31032;23.8;7.6
24;2021-04-18;424;5;97675;31037;23.9;7.6
24;2021-04-19;1598;1008;99273;32045;24.3;7.8
24;2021-04-20;2265;1427;101538;33472;24.9;8.2
24;2021-04-21;2144;1439;103682;34911;25.4;8.5
24;2021-04-22;2061;1254;105743;36165;25.9;8.9
24;2021-04-23;1956;1332;107699;37497;26.4;9.2
24;2021-04-24;857;723;108556;38220;26.6;9.4
24;2021-04-25;54;4;108610;38224;26.6;9.4
24;2021-04-26;1295;1481;109905;39705;26.9;9.7
24;2021-04-27;1852;1878;111757;41583;27.4;10.2
24;2021-04-28;1504;1954;113261;43537;27.7;10.7
24;2021-04-29;1725;1887;114986;45424;28.2;11.1
24;2021-04-30;2268;1776;117254;47200;28.7;11.6
24;2021-05-01;2053;1065;119307;48265;29.2;11.8
24;2021-05-02;1923;208;121230;48473;29.7;11.9
24;2021-05-03;1474;1833;122704;50306;30.0;12.3
24;2021-05-04;2227;2290;124931;52596;30.6;12.9
24;2021-05-05;1887;2719;126818;55315;31.1;13.5
24;2021-05-06;1888;2766;128706;58081;31.5;14.2
24;2021-05-07;2263;2780;130969;60861;32.1;14.9
24;2021-05-08;1282;1152;132251;62013;32.4;15.2
24;2021-05-09;1166;899;133417;62912;32.7;15.4
24;2021-05-10;1095;2628;134512;65540;32.9;16.0
24;2021-05-11;2034;2793;136546;68333;33.4;16.7
24;2021-05-12;1925;2253;138471;70586;33.9;17.3
24;2021-05-13;1465;1214;139936;71800;34.3;17.6
24;2021-05-14;2378;1332;142314;73132;34.8;17.9
24;2021-05-15;2048;809;144362;73941;35.3;18.1
24;2021-05-16;1170;347;145532;74288;35.6;18.2
24;2021-05-17;2243;1254;147775;75542;36.2;18.5
24;2021-05-18;2481;1816;150256;77358;36.8;18.9
24;2021-05-19;2284;1377;152540;78735;37.4;19.3
24;2021-05-20;2373;1578;154913;80313;37.9;19.7
24;2021-05-21;2432;1413;157345;81726;38.5;20.0
24;2021-05-22;1719;406;159064;82132;38.9;20.1
24;2021-05-23;951;72;160015;82204;39.2;20.1
24;2021-05-24;1514;335;161529;82539;39.6;20.2
24;2021-05-25;2297;1383;163826;83922;40.1;20.5
24;2021-05-26;2145;1313;165971;85235;40.6;20.9
24;2021-05-27;1748;2196;167719;87431;41.1;21.4
24;2021-05-28;2145;2002;169864;89433;41.6;21.9
24;2021-05-29;1150;2089;171014;91522;41.9;22.4
24;2021-05-30;1418;171;172432;91693;42.2;22.5
24;2021-05-31;1742;1365;174174;93058;42.6;22.8
24;2021-06-01;2573;1971;176747;95029;43.3;23.3
24;2021-06-02;2652;1785;179399;96814;43.9;23.7
24;2021-06-03;2290;1465;181689;98279;44.5;24.1
24;2021-06-04;2378;1891;184067;100170;45.1;24.5
24;2021-06-05;2005;1417;186072;101587;45.6;24.9
24;2021-06-06;766;223;186838;101810;45.7;24.9
24;2021-06-07;1432;1492;188270;103302;46.1;25.3
24;2021-06-08;1675;1909;189945;105211;46.5;25.8
24;2021-06-09;1322;1596;191267;106807;46.8;26.2
24;2021-06-10;1574;1908;192841;108715;47.2;26.6
24;2021-06-11;1326;2079;194167;110794;47.5;27.1
24;2021-06-12;1125;2543;195292;113337;47.8;27.8
24;2021-06-13;1238;921;196530;114258;48.1;28.0
24;2021-06-14;1165;1858;197695;116116;48.4;28.4
24;2021-06-15;1486;2992;199181;119108;48.8;29.2
24;2021-06-16;1670;2732;200851;121840;49.2;29.8
24;2021-06-17;1542;2182;202393;124022;49.6;30.4
24;2021-06-18;1398;2862;203791;126884;49.9;31.1
24;2021-06-19;1274;1520;205065;128404;50.2;31.4
24;2021-06-20;513;497;205578;128901;50.3;31.6
24;2021-06-21;931;1838;206509;130739;50.6;32.0
24;2021-06-22;1451;2589;207960;133328;50.9;32.6
24;2021-06-23;1425;2421;209385;135749;51.3;33.2
24;2021-06-24;1131;1912;210516;137661;51.5;33.7
24;2021-06-25;964;2817;211480;140478;51.8;34.4
24;2021-06-26;861;2104;212341;142582;52.0;34.9
24;2021-06-27;401;975;212742;143557;52.1;35.2
24;2021-06-28;810;2482;213552;146039;52.3;35.8
24;2021-06-29;933;2867;214485;148906;52.5;36.5
24;2021-06-30;1104;2458;215589;151364;52.8;37.1
24;2021-07-01;1115;2296;216704;153660;53.1;37.6
24;2021-07-02;1089;2743;217793;156403;53.3;38.3
24;2021-07-03;807;1901;218600;158304;53.5;38.8
24;2021-07-04;410;1011;219010;159315;53.6;39.0
24;2021-07-05;786;2322;219796;161637;53.8;39.6
24;2021-07-06;877;3355;220673;164992;54.0;40.4
24;2021-07-07;1079;3044;221752;168036;54.3;41.1
24;2021-07-08;1338;2122;223090;170158;54.6;41.7
24;2021-07-09;1170;3224;224260;173382;54.9;42.5
24;2021-07-10;479;1962;224739;175344;55.0;42.9
24;2021-07-11;584;1189;225323;176533;55.2;43.2
24;2021-07-12;893;2524;226216;179057;55.4;43.8
24;2021-07-13;1319;3219;227535;182276;55.7;44.6
24;2021-07-14;611;1190;228146;183466;55.9;44.9
24;2021-07-15;1683;2779;229829;186245;56.3;45.6
24;2021-07-16;2137;2604;231966;188849;56.8;46.2
24;2021-07-17;1519;2235;233485;191084;57.2;46.8
24;2021-07-18;706;885;234191;191969;57.3;47.0
24;2021-07-19;1561;2182;235752;194151;57.7;47.5
24;2021-07-20;2004;2444;237756;196595;58.2;48.1
24;2021-07-21;1871;2326;239627;198921;58.7;48.7
24;2021-07-22;2333;2446;241960;201367;59.2;49.3
24;2021-07-23;2274;2621;244234;203988;59.8;49.9
24;2021-07-24;1802;1539;246036;205527;60.2;50.3
24;2021-07-25;809;864;246845;206391;60.4;50.5
24;2021-07-26;1561;2018;248406;208409;60.8;51.0
24;2021-07-27;2828;2275;251234;210684;61.5;51.6
24;2021-07-28;2722;1933;253956;212617;62.2;52.1
24;2021-07-29;2977;2202;256933;214819;62.9;52.6
24;2021-07-30;2412;1890;259345;216709;63.5;53.1
24;2021-07-31;1609;1540;260954;218249;63.9;53.4
24;2021-08-01;1095;642;262049;218891;64.2;53.6
25;2020-12-27;0;0;0;0;0.0;0.0
25;2020-12-28;1;0;1;0;0.0;0.0
25;2020-12-29;0;0;1;0;0.0;0.0
25;2020-12-30;0;0;1;0;0.0;0.0
25;2020-12-31;2;0;3;0;0.0;0.0
25;2021-01-01;0;0;3;0;0.0;0.0
25;2021-01-02;0;0;3;0;0.0;0.0
25;2021-01-03;0;0;3;0;0.0;0.0
25;2021-01-04;0;0;3;0;0.0;0.0
25;2021-01-05;1;0;4;0;0.0;0.0
25;2021-01-06;75;1;79;1;0.0;0.0
25;2021-01-07;236;1;315;2;0.1;0.0
25;2021-01-08;342;1;657;3;0.1;0.0
25;2021-01-09;102;0;759;3;0.1;0.0
25;2021-01-10;0;0;759;3;0.1;0.0
25;2021-01-11;499;4;1258;7;0.2;0.0
25;2021-01-12;675;2;1933;9;0.4;0.0
25;2021-01-13;626;0;2559;9;0.5;0.0
25;2021-01-14;896;15;3455;24;0.6;0.0
25;2021-01-15;784;6;4239;30;0.8;0.0
25;2021-01-16;206;1;4445;31;0.8;0.0
25;2021-01-17;112;0;4557;31;0.8;0.0
25;2021-01-18;1294;7;5851;38;1.1;0.0
25;2021-01-19;1411;4;7262;42;1.3;0.0
25;2021-01-20;1419;4;8681;46;1.6;0.0
25;2021-01-21;1795;1;10476;47;1.9;0.0
25;2021-01-22;1503;3;11979;50;2.2;0.0
25;2021-01-23;499;1;12478;51;2.3;0.0
25;2021-01-24;119;0;12597;51;2.3;0.0
25;2021-01-25;990;0;13587;51;2.5;0.0
25;2021-01-26;1487;42;15074;93;2.8;0.0
25;2021-01-27;1247;70;16321;163;3.0;0.0
25;2021-01-28;1089;75;17410;238;3.2;0.0
25;2021-01-29;905;231;18315;469;3.4;0.1
25;2021-01-30;293;92;18608;561;3.4;0.1
25;2021-01-31;2;0;18610;561;3.4;0.1
25;2021-02-01;610;221;19220;782;3.6;0.1
25;2021-02-02;674;414;19894;1196;3.7;0.2
25;2021-02-03;759;248;20653;1444;3.8;0.3
25;2021-02-04;715;445;21368;1889;4.0;0.4
25;2021-02-05;517;464;21885;2353;4.1;0.4
25;2021-02-06;198;157;22083;2510;4.1;0.5
25;2021-02-07;2;34;22085;2544;4.1;0.5
25;2021-02-08;613;507;22698;3051;4.2;0.6
25;2021-02-09;616;491;23314;3542;4.3;0.7
25;2021-02-10;817;485;24131;4027;4.5;0.7
25;2021-02-11;586;852;24717;4879;4.6;0.9
25;2021-02-12;413;549;25130;5428;4.7;1.0
25;2021-02-13;97;140;25227;5568;4.7;1.0
25;2021-02-14;0;0;25227;5568;4.7;1.0
25;2021-02-15;187;1040;25414;6608;4.7;1.2
25;2021-02-16;214;1457;25628;8065;4.8;1.5
25;2021-02-17;110;1343;25738;9408;4.8;1.7
25;2021-02-18;146;1437;25884;10845;4.8;2.0
25;2021-02-19;102;1271;25986;12116;4.8;2.2
25;2021-02-20;26;493;26012;12609;4.8;2.3
25;2021-02-21;1;143;26013;12752;4.8;2.4
25;2021-02-22;83;1067;26096;13819;4.8;2.6
25;2021-02-23;196;1082;26292;14901;4.9;2.8
25;2021-02-24;104;976;26396;15877;4.9;2.9
25;2021-02-25;522;1005;26918;16882;5.0;3.1
25;2021-02-26;607;1004;27525;17886;5.1;3.3
25;2021-02-27;227;374;27752;18260;5.1;3.4
25;2021-02-28;5;0;27757;18260;5.1;3.4
25;2021-03-01;444;620;28201;18880;5.2;3.5
25;2021-03-02;651;833;28852;19713;5.3;3.7
25;2021-03-03;541;732;29393;20445;5.4;3.8
25;2021-03-04;1154;651;30547;21096;5.7;3.9
25;2021-03-05;1852;371;32399;21467;6.0;4.0
25;2021-03-06;1168;224;33567;21691;6.2;4.0
25;2021-03-07;9;6;33576;21697;6.2;4.0
25;2021-03-08;547;709;34123;22406;6.3;4.2
25;2021-03-09;1039;774;35162;23180;6.5;4.3
25;2021-03-10;1150;646;36312;23826;6.7;4.4
25;2021-03-11;1657;574;37969;24400;7.0;4.5
25;2021-03-12;1996;435;39965;24835;7.4;4.6
25;2021-03-13;1114;94;41079;24929;7.6;4.6
25;2021-03-14;35;0;41114;24929;7.6;4.6
25;2021-03-15;1123;127;42237;25056;7.8;4.6
25;2021-03-16;1276;111;43513;25167;8.1;4.7
25;2021-03-17;1414;133;44927;25300;8.3;4.7
25;2021-03-18;1527;77;46454;25377;8.6;4.7
25;2021-03-19;1596;122;48050;25499;8.9;4.7
25;2021-03-20;822;30;48872;25529;9.1;4.7
25;2021-03-21;24;0;48896;25529;9.1;4.7
25;2021-03-22;1486;79;50382;25608;9.3;4.7
25;2021-03-23;2160;131;52542;25739;9.7;4.8
25;2021-03-24;2417;87;54959;25826;10.2;4.8
25;2021-03-25;2838;183;57797;26009;10.7;4.8
25;2021-03-26;3155;165;60952;26174;11.3;4.9
25;2021-03-27;1110;83;62062;26257;11.5;4.9
25;2021-03-28;121;62;62183;26319;11.5;4.9
25;2021-03-29;1786;276;63969;26595;11.9;4.9
25;2021-03-30;2212;385;66181;26980;12.3;5.0
25;2021-03-31;2218;343;68399;27323;12.7;5.1
25;2021-04-01;2451;514;70850;27837;13.1;5.2
25;2021-04-02;2027;591;72877;28428;13.5;5.3
25;2021-04-03;447;107;73324;28535;13.6;5.3
25;2021-04-04;39;21;73363;28556;13.6;5.3
25;2021-04-05;145;4;73508;28560;13.6;5.3
25;2021-04-06;1932;671;75440;29231;14.0;5.4
25;2021-04-07;1878;845;77318;30076;14.3;5.6
25;2021-04-08;2430;812;79748;30888;14.8;5.7
25;2021-04-09;2594;982;82342;31870;15.3;5.9
25;2021-04-10;978;288;83320;32158;15.4;6.0
25;2021-04-11;104;28;83424;32186;15.5;6.0
25;2021-04-12;1559;958;84983;33144;15.8;6.1
25;2021-04-13;1985;1306;86968;34450;16.1;6.4
25;2021-04-14;1750;1191;88718;35641;16.4;6.6
25;2021-04-15;1998;1325;90716;36966;16.8;6.9
25;2021-04-16;2085;991;92801;37957;17.2;7.0
25;2021-04-17;1106;412;93907;38369;17.4;7.1
25;2021-04-18;118;18;94025;38387;17.4;7.1
25;2021-04-19;1326;1248;95351;39635;17.7;7.3
25;2021-04-20;1614;1457;96965;41092;18.0;7.6
25;2021-04-21;1716;1625;98681;42717;18.3;7.9
25;2021-04-22;1857;1704;100538;44421;18.6;8.2
25;2021-04-23;1901;1755;102439;46176;19.0;8.6
25;2021-04-24;1281;705;103720;46881;19.2;8.7
25;2021-04-25;139;113;103859;46994;19.3;8.7
25;2021-04-26;1723;1676;105582;48670;19.6;9.0
25;2021-04-27;2803;1522;108385;50192;20.1;9.3
25;2021-04-28;2425;1550;110810;51742;20.5;9.6
25;2021-04-29;2649;1830;113459;53572;21.0;9.9
25;2021-04-30;3102;1577;116561;55149;21.6;10.2
25;2021-05-01;1789;328;118350;55477;21.9;10.3
25;2021-05-02;442;21;118792;55498;22.0;10.3
25;2021-05-03;2900;832;121692;56330;22.6;10.4
25;2021-05-04;2641;1883;124333;58213;23.0;10.8
25;2021-05-05;2591;1659;126924;59872;23.5;11.1
25;2021-05-06;2927;2162;129851;62034;24.1;11.5
25;2021-05-07;3063;2125;132914;64159;24.6;11.9
25;2021-05-08;1334;227;134248;64386;24.9;11.9
25;2021-05-09;244;87;134492;64473;24.9;12.0
25;2021-05-10;3131;1638;137623;66111;25.5;12.3
25;2021-05-11;3748;2035;141371;68146;26.2;12.6
25;2021-05-12;3685;1789;145056;69935;26.9;13.0
25;2021-05-13;3519;598;148575;70533;27.5;13.1
25;2021-05-14;4482;1302;153057;71835;28.4;13.3
25;2021-05-15;3277;703;156334;72538;29.0;13.4
25;2021-05-16;722;92;157056;72630;29.1;13.5
25;2021-05-17;4091;1090;161147;73720;29.9;13.7
25;2021-05-18;5203;1181;166350;74901;30.8;13.9
25;2021-05-19;5248;1126;171598;76027;31.8;14.1
25;2021-05-20;5132;1447;176730;77474;32.8;14.4
25;2021-05-21;5766;1969;182496;79443;33.8;14.7
25;2021-05-22;3176;722;185672;80165;34.4;14.9
25;2021-05-23;781;154;186453;80319;34.6;14.9
25;2021-05-24;1528;149;187981;80468;34.8;14.9
25;2021-05-25;3514;1643;191495;82111;35.5;15.2
25;2021-05-26;3975;1556;195470;83667;36.2;15.5
25;2021-05-27;4514;1897;199984;85564;37.1;15.9
25;2021-05-28;3990;2627;203974;88191;37.8;16.3
25;2021-05-29;2013;1017;205987;89208;38.2;16.5
25;2021-05-30;174;96;206161;89304;38.2;16.6
25;2021-05-31;2673;1710;208834;91014;38.7;16.9
25;2021-06-01;2729;2155;211563;93169;39.2;17.3
25;2021-06-02;2608;2248;214171;95417;39.7;17.7
25;2021-06-03;3275;2044;217446;97461;40.3;18.1
25;2021-06-04;3206;2407;220652;99868;40.9;18.5
25;2021-06-05;1487;1391;222139;101259;41.2;18.8
25;2021-06-06;985;255;223124;101514;41.4;18.8
25;2021-06-07;2783;2566;225907;104080;41.9;19.3
25;2021-06-08;2604;2760;228511;106840;42.4;19.8
25;2021-06-09;2381;2762;230892;109602;42.8;20.3
25;2021-06-10;2323;2650;233215;112252;43.2;20.8
25;2021-06-11;2712;3305;235927;115557;43.7;21.4
25;2021-06-12;1571;1860;237498;117417;44.0;21.8
25;2021-06-13;496;254;237994;117671;44.1;21.8
25;2021-06-14;1419;3761;239413;121432;44.4;22.5
25;2021-06-15;1641;3566;241054;124998;44.7;23.2
25;2021-06-16;1950;3266;243004;128264;45.0;23.8
25;2021-06-17;1473;3324;244477;131588;45.3;24.4
25;2021-06-18;2278;4291;246755;135879;45.7;25.2
25;2021-06-19;1350;1975;248105;137854;46.0;25.6
25;2021-06-20;57;239;248162;138093;46.0;25.6
25;2021-06-21;1131;4137;249293;142230;46.2;26.4
25;2021-06-22;1139;4676;250432;146906;46.4;27.2
25;2021-06-23;1390;4076;251822;150982;46.7;28.0
25;2021-06-24;1177;4080;252999;155062;46.9;28.7
25;2021-06-25;1633;5608;254632;160670;47.2;29.8
25;2021-06-26;626;3380;255258;164050;47.3;30.4
25;2021-06-27;450;877;255708;164927;47.4;30.6
25;2021-06-28;904;4472;256612;169399;47.6;31.4
25;2021-06-29;1118;5468;257730;174867;47.8;32.4
25;2021-06-30;1305;5368;259035;180235;48.0;33.4
25;2021-07-01;1686;5224;260721;185459;48.3;34.4
25;2021-07-02;1690;5061;262411;190520;48.6;35.3
25;2021-07-03;1031;2695;263442;193215;48.8;35.8
25;2021-07-04;409;722;263851;193937;48.9;36.0
25;2021-07-05;1275;2574;265126;196511;49.1;36.4
25;2021-07-06;1564;4743;266690;201254;49.4;37.3
25;2021-07-07;1567;4503;268257;205757;49.7;38.1
25;2021-07-08;1533;3934;269790;209691;50.0;38.9
25;2021-07-09;1725;4581;271515;214272;50.3;39.7
25;2021-07-10;778;2371;272293;216643;50.5;40.2
25;2021-07-11;124;305;272417;216948;50.5;40.2
25;2021-07-12;1385;3856;273802;220804;50.8;40.9
25;2021-07-13;2447;4772;276249;225576;51.2;41.8
25;2021-07-14;376;561;276625;226137;51.3;41.9
25;2021-07-15;2382;3656;279007;229793;51.7;42.6
25;2021-07-16;3465;3827;282472;233620;52.4;43.3
25;2021-07-17;2192;2023;284664;235643;52.8;43.7
25;2021-07-18;803;1293;285467;236936;52.9;43.9
25;2021-07-19;2527;4195;287994;241131;53.4;44.7
25;2021-07-20;3357;3708;291351;244839;54.0;45.4
25;2021-07-21;3277;3362;294628;248201;54.6;46.0
25;2021-07-22;3306;2961;297934;251162;55.2;46.6
25;2021-07-23;3545;3342;301479;254504;55.9;47.2
25;2021-07-24;1402;2258;302881;256762;56.1;47.6
25;2021-07-25;672;700;303553;257462;56.3;47.7
25;2021-07-26;3038;3008;306591;260470;56.8;48.3
25;2021-07-27;3806;2087;310397;262557;57.5;48.7
25;2021-07-28;3647;2086;314044;264643;58.2;49.1
25;2021-07-29;4298;2066;318342;266709;59.0;49.4
25;2021-07-30;4210;2451;322552;269160;59.8;49.9
25;2021-07-31;1798;1451;324350;270611;60.1;50.2
25;2021-08-01;1341;183;325691;270794;60.4;50.2
26;2020-12-27;0;0;0;0;0.0;0.0
26;2020-12-28;0;0;0;0;0.0;0.0
26;2020-12-29;0;0;0;0;0.0;0.0
26;2020-12-30;0;0;0;0;0.0;0.0
26;2020-12-31;0;0;0;0;0.0;0.0
26;2021-01-01;0;0;0;0;0.0;0.0
26;2021-01-02;0;0;0;0;0.0;0.0
26;2021-01-03;0;0;0;0;0.0;0.0
26;2021-01-04;0;0;0;0;0.0;0.0
26;2021-01-05;0;0;0;0;0.0;0.0
26;2021-01-06;0;0;0;0;0.0;0.0
26;2021-01-07;168;0;168;0;0.0;0.0
26;2021-01-08;125;0;293;0;0.1;0.0
26;2021-01-09;2;0;295;0;0.1;0.0
26;2021-01-10;0;0;295;0;0.1;0.0
26;2021-01-11;266;1;561;1;0.1;0.0
26;2021-01-12;175;1;736;2;0.1;0.0
26;2021-01-13;416;1;1152;3;0.2;0.0
26;2021-01-14;487;1;1639;4;0.3;0.0
26;2021-01-15;562;1;2201;5;0.4;0.0
26;2021-01-16;250;0;2451;5;0.5;0.0
26;2021-01-17;0;0;2451;5;0.5;0.0
26;2021-01-18;636;1;3087;6;0.6;0.0
26;2021-01-19;782;4;3869;10;0.7;0.0
26;2021-01-20;742;0;4611;10;0.9;0.0
26;2021-01-21;805;5;5416;15;1.0;0.0
26;2021-01-22;787;4;6203;19;1.2;0.0
26;2021-01-23;563;2;6766;21;1.3;0.0
26;2021-01-24;24;0;6790;21;1.3;0.0
26;2021-01-25;696;1;7486;22;1.4;0.0
26;2021-01-26;801;2;8287;24;1.6;0.0
26;2021-01-27;822;8;9109;32;1.7;0.0
26;2021-01-28;1328;170;10437;202;2.0;0.0
26;2021-01-29;970;64;11407;266;2.2;0.1
26;2021-01-30;605;5;12012;271;2.3;0.1
26;2021-01-31;24;0;12036;271;2.3;0.1
26;2021-02-01;706;189;12742;460;2.4;0.1
26;2021-02-02;1274;202;14016;662;2.7;0.1
26;2021-02-03;1231;256;15247;918;2.9;0.2
26;2021-02-04;984;452;16231;1370;3.1;0.3
26;2021-02-05;671;335;16902;1705;3.2;0.3
26;2021-02-06;407;241;17309;1946;3.3;0.4
26;2021-02-07;57;2;17366;1948;3.3;0.4
26;2021-02-08;544;416;17910;2364;3.4;0.5
26;2021-02-09;617;478;18527;2842;3.6;0.5
26;2021-02-10;664;338;19191;3180;3.7;0.6
26;2021-02-11;753;329;19944;3509;3.8;0.7
26;2021-02-12;589;454;20533;3963;3.9;0.8
26;2021-02-13;388;337;20921;4300;4.0;0.8
26;2021-02-14;36;0;20957;4300;4.0;0.8
26;2021-02-15;413;531;21370;4831;4.1;0.9
26;2021-02-16;294;561;21664;5392;4.2;1.0
26;2021-02-17;193;742;21857;6134;4.2;1.2
26;2021-02-18;337;902;22194;7036;4.3;1.4
26;2021-02-19;341;808;22535;7844;4.3;1.5
26;2021-02-20;95;491;22630;8335;4.3;1.6
26;2021-02-21;3;24;22633;8359;4.3;1.6
26;2021-02-22;144;719;22777;9078;4.4;1.7
26;2021-02-23;397;998;23174;10076;4.5;1.9
26;2021-02-24;341;1223;23515;11299;4.5;2.2
26;2021-02-25;729;1069;24244;12368;4.7;2.4
26;2021-02-26;924;636;25168;13004;4.8;2.5
26;2021-02-27;279;512;25447;13516;4.9;2.6
26;2021-02-28;3;30;25450;13546;4.9;2.6
26;2021-03-01;457;660;25907;14206;5.0;2.7
26;2021-03-02;741;633;26648;14839;5.1;2.9
26;2021-03-03;730;687;27378;15526;5.3;3.0
26;2021-03-04;1043;581;28421;16107;5.5;3.1
26;2021-03-05;1709;516;30130;16623;5.8;3.2
26;2021-03-06;2771;492;32901;17115;6.3;3.3
26;2021-03-07;2987;198;35888;17313;6.9;3.3
26;2021-03-08;907;649;36795;17962;7.1;3.5
26;2021-03-09;1322;549;38117;18511;7.3;3.6
26;2021-03-10;1219;511;39336;19022;7.6;3.7
26;2021-03-11;1608;644;40944;19666;7.9;3.8
26;2021-03-12;2216;463;43160;20129;8.3;3.9
26;2021-03-13;1885;337;45045;20466;8.7;3.9
26;2021-03-14;68;39;45113;20505;8.7;3.9
26;2021-03-15;1652;245;46765;20750;9.0;4.0
26;2021-03-16;1232;510;47997;21260;9.2;4.1
26;2021-03-17;1367;301;49364;21561;9.5;4.1
26;2021-03-18;1587;281;50951;21842;9.8;4.2
26;2021-03-19;2441;344;53392;22186;10.3;4.3
26;2021-03-20;1289;144;54681;22330;10.5;4.3
26;2021-03-21;61;20;54742;22350;10.5;4.3
26;2021-03-22;1844;190;56586;22540;10.9;4.3
26;2021-03-23;2475;266;59061;22806;11.3;4.4
26;2021-03-24;2551;241;61612;23047;11.8;4.4
26;2021-03-25;3040;331;64652;23378;12.4;4.5
26;2021-03-26;3047;343;67699;23721;13.0;4.6
26;2021-03-27;1244;150;68943;23871;13.2;4.6
26;2021-03-28;93;6;69036;23877;13.3;4.6
26;2021-03-29;1907;402;70943;24279;13.6;4.7
26;2021-03-30;2382;537;73325;24816;14.1;4.8
26;2021-03-31;2228;575;75553;25391;14.5;4.9
26;2021-04-01;2273;772;77826;26163;15.0;5.0
26;2021-04-02;2214;980;80040;27143;15.4;5.2
26;2021-04-03;552;1204;80592;28347;15.5;5.4
26;2021-04-04;214;887;80806;29234;15.5;5.6
26;2021-04-05;554;54;81360;29288;15.6;5.6
26;2021-04-06;1486;831;82846;30119;15.9;5.8
26;2021-04-07;1791;902;84637;31021;16.3;6.0
26;2021-04-08;2996;921;87633;31942;16.8;6.1
26;2021-04-09;3413;996;91046;32938;17.5;6.3
26;2021-04-10;1355;918;92401;33856;17.8;6.5
26;2021-04-11;89;35;92490;33891;17.8;6.5
26;2021-04-12;1712;1123;94202;35014;18.1;6.7
26;2021-04-13;2795;1442;96997;36456;18.6;7.0
26;2021-04-14;2206;1463;99203;37919;19.1;7.3
26;2021-04-15;2275;1577;101478;39496;19.5;7.6
26;2021-04-16;2271;1584;103749;41080;19.9;7.9
26;2021-04-17;1097;841;104846;41921;20.1;8.1
26;2021-04-18;35;52;104881;41973;20.1;8.1
26;2021-04-19;1546;1571;106427;43544;20.4;8.4
26;2021-04-20;1798;1727;108225;45271;20.8;8.7
26;2021-04-21;2010;1506;110235;46777;21.2;9.0
26;2021-04-22;2288;1602;112523;48379;21.6;9.3
26;2021-04-23;2008;1629;114531;50008;22.0;9.6
26;2021-04-24;1653;843;116184;50851;22.3;9.8
26;2021-04-25;628;91;116812;50942;22.4;9.8
26;2021-04-26;1376;1599;118188;52541;22.7;10.1
26;2021-04-27;1985;1684;120173;54225;23.1;10.4
26;2021-04-28;1867;1538;122040;55763;23.4;10.7
26;2021-04-29;2866;1888;124906;57651;24.0;11.1
26;2021-04-30;2622;1758;127528;59409;24.5;11.4
26;2021-05-01;1537;382;129065;59791;24.8;11.5
26;2021-05-02;1085;114;130150;59905;25.0;11.5
26;2021-05-03;2201;1785;132351;61690;25.4;11.9
26;2021-05-04;2611;2349;134962;64039;25.9;12.3
26;2021-05-05;2773;2192;137735;66231;26.5;12.7
26;2021-05-06;3320;2211;141055;68442;27.1;13.1
26;2021-05-07;2856;2260;143911;70702;27.6;13.6
26;2021-05-08;1954;625;145865;71327;28.0;13.7
26;2021-05-09;711;124;146576;71451;28.2;13.7
26;2021-05-10;3020;1824;149596;73275;28.7;14.1
26;2021-05-11;4442;2189;154038;75464;29.6;14.5
26;2021-05-12;4825;1688;158863;77152;30.5;14.8
26;2021-05-13;4364;605;163227;77757;31.4;14.9
26;2021-05-14;4643;1545;167870;79302;32.2;15.2
26;2021-05-15;4468;628;172338;79930;33.1;15.4
26;2021-05-16;3630;340;175968;80270;33.8;15.4
26;2021-05-17;3657;1482;179625;81752;34.5;15.7
26;2021-05-18;4476;1741;184101;83493;35.4;16.0
26;2021-05-19;4482;1445;188583;84938;36.2;16.3
26;2021-05-20;4680;1742;193263;86680;37.1;16.7
26;2021-05-21;4727;1796;197990;88476;38.0;17.0
26;2021-05-22;3189;687;201179;89163;38.6;17.1
26;2021-05-23;1598;183;202777;89346;39.0;17.2
26;2021-05-24;3788;744;206565;90090;39.7;17.3
26;2021-05-25;3591;2335;210156;92425;40.4;17.8
26;2021-05-26;4181;2263;214337;94688;41.2;18.2
26;2021-05-27;4217;2462;218554;97150;42.0;18.7
26;2021-05-28;3773;2766;222327;99916;42.7;19.2
26;2021-05-29;3087;1644;225414;101560;43.3;19.5
26;2021-05-30;322;71;225736;101631;43.4;19.5
26;2021-05-31;3080;1854;228816;103485;44.0;19.9
26;2021-06-01;3108;2304;231924;105789;44.6;20.3
26;2021-06-02;2869;2213;234793;108002;45.1;20.7
26;2021-06-03;2849;2490;237642;110492;45.7;21.2
26;2021-06-04;2660;2905;240302;113397;46.2;21.8
26;2021-06-05;1802;1693;242104;115090;46.5;22.1
26;2021-06-06;7;0;242111;115090;46.5;22.1
26;2021-06-07;2347;2426;244458;117516;47.0;22.6
26;2021-06-08;2455;2292;246913;119808;47.4;23.0
26;2021-06-09;2093;2381;249006;122189;47.8;23.5
26;2021-06-10;1976;2760;250982;124949;48.2;24.0
26;2021-06-11;1896;3273;252878;128222;48.6;24.6
26;2021-06-12;1218;1791;254096;130013;48.8;25.0
26;2021-06-13;96;214;254192;130227;48.8;25.0
26;2021-06-14;1415;3495;255607;133722;49.1;25.7
26;2021-06-15;1583;3963;257190;137685;49.4;26.4
26;2021-06-16;1787;3466;258977;141151;49.7;27.1
26;2021-06-17;1510;3168;260487;144319;50.0;27.7
26;2021-06-18;1798;4368;262285;148687;50.4;28.6
26;2021-06-19;933;3181;263218;151868;50.6;29.2
26;2021-06-20;264;875;263482;152743;50.6;29.3
26;2021-06-21;1006;4551;264488;157294;50.8;30.2
26;2021-06-22;1061;5122;265549;162416;51.0;31.2
26;2021-06-23;1167;5074;266716;167490;51.2;32.2
26;2021-06-24;1261;4540;267977;172030;51.5;33.0
26;2021-06-25;1013;5543;268990;177573;51.7;34.1
26;2021-06-26;662;3822;269652;181395;51.8;34.8
26;2021-06-27;300;1272;269952;182667;51.9;35.1
26;2021-06-28;776;4753;270728;187420;52.0;36.0
26;2021-06-29;1097;4960;271825;192380;52.2;37.0
26;2021-06-30;1411;4887;273236;197267;52.5;37.9
26;2021-07-01;1634;4395;274870;201662;52.8;38.7
26;2021-07-02;1322;5167;276192;206829;53.1;39.7
26;2021-07-03;768;3329;276960;210158;53.2;40.4
26;2021-07-04;330;631;277290;210789;53.3;40.5
26;2021-07-05;878;4675;278168;215464;53.4;41.4
26;2021-07-06;1268;4212;279436;219676;53.7;42.2
26;2021-07-07;1405;3799;280841;223475;53.9;42.9
26;2021-07-08;2362;3330;283203;226805;54.4;43.6
26;2021-07-09;1554;4794;284757;231599;54.7;44.5
26;2021-07-10;905;2919;285662;234518;54.9;45.1
26;2021-07-11;334;352;285996;234870;54.9;45.1
26;2021-07-12;1107;4221;287103;239091;55.2;45.9
26;2021-07-13;2289;4340;289392;243431;55.6;46.8
26;2021-07-14;1054;813;290446;244244;55.8;46.9
26;2021-07-15;3155;3652;293601;247896;56.4;47.6
26;2021-07-16;2946;3689;296547;251585;57.0;48.3
26;2021-07-17;1869;1799;298416;253384;57.3;48.7
26;2021-07-18;17;24;298433;253408;57.3;48.7
26;2021-07-19;2711;3257;301144;256665;57.9;49.3
26;2021-07-20;3685;3357;304829;260022;58.6;50.0
26;2021-07-21;3568;3088;308397;263110;59.2;50.5
26;2021-07-22;4103;2946;312500;266056;60.0;51.1
26;2021-07-23;3842;3382;316342;269438;60.8;51.8
26;2021-07-24;2338;1342;318680;270780;61.2;52.0
26;2021-07-25;606;90;319286;270870;61.3;52.0
26;2021-07-26;3415;2570;322701;273440;62.0;52.5
26;2021-07-27;4796;2595;327497;276035;62.9;53.0
26;2021-07-28;4507;2358;332004;278393;63.8;53.5
26;2021-07-29;3879;2865;335883;281258;64.5;54.0
26;2021-07-30;3461;2654;339344;283912;65.2;54.5
26;2021-07-31;1141;1000;340485;284912;65.4;54.7
26;2021-08-01;391;96;340876;285008;65.5;54.8
27;2020-12-27;0;0;0;0;0.0;0.0
27;2020-12-28;0;0;0;0;0.0;0.0
27;2020-12-29;1;0;1;0;0.0;0.0
27;2020-12-30;0;0;1;0;0.0;0.0
27;2020-12-31;0;0;1;0;0.0;0.0
27;2021-01-01;0;0;1;0;0.0;0.0
27;2021-01-02;0;0;1;0;0.0;0.0
27;2021-01-03;1;0;2;0;0.0;0.0
27;2021-01-04;0;0;2;0;0.0;0.0
27;2021-01-05;15;0;17;0;0.0;0.0
27;2021-01-06;161;0;178;0;0.0;0.0
27;2021-01-07;370;0;548;0;0.1;0.0
27;2021-01-08;441;0;989;0;0.2;0.0
27;2021-01-09;72;1;1061;1;0.2;0.0
27;2021-01-10;101;0;1162;1;0.2;0.0
27;2021-01-11;382;0;1544;1;0.3;0.0
27;2021-01-12;409;2;1953;3;0.3;0.0
27;2021-01-13;839;1;2792;4;0.5;0.0
27;2021-01-14;1626;25;4418;29;0.7;0.0
27;2021-01-15;1220;5;5638;34;0.9;0.0
27;2021-01-16;332;2;5970;36;1.0;0.0
27;2021-01-17;204;0;6174;36;1.0;0.0
27;2021-01-18;798;2;6972;38;1.2;0.0
27;2021-01-19;773;2;7745;40;1.3;0.0
27;2021-01-20;870;0;8615;40;1.4;0.0
27;2021-01-21;654;1;9269;41;1.5;0.0
27;2021-01-22;778;4;10047;45;1.7;0.0
27;2021-01-23;350;0;10397;45;1.7;0.0
27;2021-01-24;169;7;10566;52;1.8;0.0
27;2021-01-25;635;16;11201;68;1.9;0.0
27;2021-01-26;461;17;11662;85;1.9;0.0
27;2021-01-27;505;104;12167;189;2.0;0.0
27;2021-01-28;516;298;12683;487;2.1;0.1
27;2021-01-29;507;109;13190;596;2.2;0.1
27;2021-01-30;241;31;13431;627;2.2;0.1
27;2021-01-31;27;24;13458;651;2.2;0.1
27;2021-02-01;348;196;13806;847;2.3;0.1
27;2021-02-02;307;283;14113;1130;2.3;0.2
27;2021-02-03;488;403;14601;1533;2.4;0.3
27;2021-02-04;719;890;15320;2423;2.6;0.4
27;2021-02-05;662;1156;15982;3579;2.7;0.6
27;2021-02-06;125;223;16107;3802;2.7;0.6
27;2021-02-07;25;42;16132;3844;2.7;0.6
27;2021-02-08;310;380;16442;4224;2.7;0.7
27;2021-02-09;341;562;16783;4786;2.8;0.8
27;2021-02-10;302;529;17085;5315;2.8;0.9
27;2021-02-11;318;461;17403;5776;2.9;1.0
27;2021-02-12;229;547;17632;6323;2.9;1.1
27;2021-02-13;152;134;17784;6457;3.0;1.1
27;2021-02-14;6;96;17790;6553;3.0;1.1
27;2021-02-15;388;601;18178;7154;3.0;1.2
27;2021-02-16;295;734;18473;7888;3.1;1.3
27;2021-02-17;247;640;18720;8528;3.1;1.4
27;2021-02-18;363;683;19083;9211;3.2;1.5
27;2021-02-19;219;683;19302;9894;3.2;1.6
27;2021-02-20;129;251;19431;10145;3.2;1.7
27;2021-02-21;12;140;19443;10285;3.2;1.7
27;2021-02-22;483;566;19926;10851;3.3;1.8
27;2021-02-23;496;629;20422;11480;3.4;1.9
27;2021-02-24;543;653;20965;12133;3.5;2.0
27;2021-02-25;843;757;21808;12890;3.6;2.1
27;2021-02-26;954;690;22762;13580;3.8;2.3
27;2021-02-27;406;159;23168;13739;3.9;2.3
27;2021-02-28;171;32;23339;13771;3.9;2.3
27;2021-03-01;484;443;23823;14214;4.0;2.4
27;2021-03-02;764;363;24587;14577;4.1;2.4
27;2021-03-03;851;364;25438;14941;4.2;2.5
27;2021-03-04;883;234;26321;15175;4.4;2.5
27;2021-03-05;1303;233;27624;15408;4.6;2.6
27;2021-03-06;1636;102;29260;15510;4.9;2.6
27;2021-03-07;620;8;29880;15518;5.0;2.6
27;2021-03-08;1204;307;31084;15825;5.2;2.6
27;2021-03-09;1822;262;32906;16087;5.5;2.7
27;2021-03-10;2115;342;35021;16429;5.8;2.7
27;2021-03-11;2147;217;37168;16646;6.2;2.8
27;2021-03-12;2818;182;39986;16828;6.7;2.8
27;2021-03-13;1919;113;41905;16941;7.0;2.8
27;2021-03-14;655;12;42560;16953;7.1;2.8
27;2021-03-15;1550;207;44110;17160;7.3;2.9
27;2021-03-16;1484;231;45594;17391;7.6;2.9
27;2021-03-17;1851;332;47445;17723;7.9;3.0
27;2021-03-18;1684;338;49129;18061;8.2;3.0
27;2021-03-19;1830;166;50959;18227;8.5;3.0
27;2021-03-20;900;39;51859;18266;8.6;3.0
27;2021-03-21;258;2;52117;18268;8.7;3.0
27;2021-03-22;1234;544;53351;18812;8.9;3.1
27;2021-03-23;1627;461;54978;19273;9.2;3.2
27;2021-03-24;1522;473;56500;19746;9.4;3.3
27;2021-03-25;2163;503;58663;20249;9.8;3.4
27;2021-03-26;2529;436;61192;20685;10.2;3.4
27;2021-03-27;1567;195;62759;20880;10.4;3.5
27;2021-03-28;1149;49;63908;20929;10.6;3.5
27;2021-03-29;1376;825;65284;21754;10.9;3.6
27;2021-03-30;1391;847;66675;22601;11.1;3.8
27;2021-03-31;1488;875;68163;23476;11.3;3.9
27;2021-04-01;1956;806;70119;24282;11.7;4.0
27;2021-04-02;1999;1182;72118;25464;12.0;4.2
27;2021-04-03;1561;737;73679;26201;12.3;4.4
27;2021-04-04;977;171;74656;26372;12.4;4.4
27;2021-04-05;282;6;74938;26378;12.5;4.4
27;2021-04-06;1414;1802;76352;28180;12.7;4.7
27;2021-04-07;1321;1744;77673;29924;12.9;5.0
27;2021-04-08;1682;1670;79355;31594;13.2;5.3
27;2021-04-09;2947;1551;82302;33145;13.7;5.5
27;2021-04-10;2034;980;84336;34125;14.0;5.7
27;2021-04-11;946;209;85282;34334;14.2;5.7
27;2021-04-12;2436;1506;87718;35840;14.6;6.0
27;2021-04-13;2392;1548;90110;37388;15.0;6.2
27;2021-04-14;2085;1620;92195;39008;15.3;6.5
27;2021-04-15;1877;1655;94072;40663;15.7;6.8
27;2021-04-16;2752;1112;96824;41775;16.1;7.0
27;2021-04-17;2168;488;98992;42263;16.5;7.0
27;2021-04-18;452;16;99444;42279;16.6;7.0
27;2021-04-19;1714;1171;101158;43450;16.8;7.2
27;2021-04-20;2386;1295;103544;44745;17.2;7.4
27;2021-04-21;2209;1076;105753;45821;17.6;7.6
27;2021-04-22;2179;1409;107932;47230;18.0;7.9
27;2021-04-23;2446;1172;110378;48402;18.4;8.1
27;2021-04-24;3258;1135;113636;49537;18.9;8.2
27;2021-04-25;1128;1045;114764;50582;19.1;8.4
27;2021-04-26;1921;1141;116685;51723;19.4;8.6
27;2021-04-27;2524;1085;119209;52808;19.8;8.8
27;2021-04-28;2390;1308;121599;54116;20.2;9.0
27;2021-04-29;2492;1467;124091;55583;20.7;9.3
27;2021-04-30;2370;1607;126461;57190;21.1;9.5
27;2021-05-01;2637;884;129098;58074;21.5;9.7
27;2021-05-02;1953;892;131051;58966;21.8;9.8
27;2021-05-03;3065;870;134116;59836;22.3;10.0
27;2021-05-04;2781;1640;136897;61476;22.8;10.2
27;2021-05-05;2818;1647;139715;63123;23.3;10.5
27;2021-05-06;3184;1289;142899;64412;23.8;10.7
27;2021-05-07;3322;1999;146221;66411;24.3;11.1
27;2021-05-08;2793;1326;149014;67737;24.8;11.3
27;2021-05-09;1697;296;150711;68033;25.1;11.3
27;2021-05-10;2952;2268;153663;70301;25.6;11.7
27;2021-05-11;3354;1754;157017;72055;26.1;12.0
27;2021-05-12;3461;1726;160478;73781;26.7;12.3
27;2021-05-13;1892;253;162370;74034;27.0;12.3
27;2021-05-14;3882;1786;166252;75820;27.7;12.6
27;2021-05-15;6600;952;172852;76772;28.8;12.8
27;2021-05-16;3668;434;176520;77206;29.4;12.9
27;2021-05-17;2772;1157;179292;78363;29.8;13.0
27;2021-05-18;3845;1283;183137;79646;30.5;13.3
27;2021-05-19;3967;1147;187104;80793;31.1;13.5
27;2021-05-20;3872;1164;190976;81957;31.8;13.6
27;2021-05-21;3966;1796;194942;83753;32.5;13.9
27;2021-05-22;4364;797;199306;84550;33.2;14.1
27;2021-05-23;800;173;200106;84723;33.3;14.1
27;2021-05-24;1490;337;201596;85060;33.6;14.2
27;2021-05-25;3514;1605;205110;86665;34.1;14.4
27;2021-05-26;3854;1736;208964;88401;34.8;14.7
27;2021-05-27;3787;1486;212751;89887;35.4;15.0
27;2021-05-28;3398;2630;216149;92517;36.0;15.4
27;2021-05-29;4825;2294;220974;94811;36.8;15.8
27;2021-05-30;1119;248;222093;95059;37.0;15.8
27;2021-05-31;3464;2275;225557;97334;37.5;16.2
27;2021-06-01;3813;2245;229370;99579;38.2;16.6
27;2021-06-02;3340;2182;232710;101761;38.7;16.9
27;2021-06-03;4431;2126;237141;103887;39.5;17.3
27;2021-06-04;3602;2973;240743;106860;40.1;17.8
27;2021-06-05;3212;3346;243955;110206;40.6;18.3
27;2021-06-06;2004;1010;245959;111216;40.9;18.5
27;2021-06-07;2565;2354;248524;113570;41.4;18.9
27;2021-06-08;3120;2374;251644;115944;41.9;19.3
27;2021-06-09;2301;2469;253945;118413;42.3;19.7
27;2021-06-10;2431;2039;256376;120452;42.7;20.1
27;2021-06-11;2888;3765;259264;124217;43.2;20.7
27;2021-06-12;1984;4189;261248;128406;43.5;21.4
27;2021-06-13;1082;2685;262330;131091;43.7;21.8
27;2021-06-14;1994;3114;264324;134205;44.0;22.3
27;2021-06-15;2687;3019;267011;137224;44.5;22.8
27;2021-06-16;2503;3260;269514;140484;44.9;23.4
27;2021-06-17;2296;3285;271810;143769;45.2;23.9
27;2021-06-18;2744;4419;274554;148188;45.7;24.7
27;2021-06-19;1860;3386;276414;151574;46.0;25.2
27;2021-06-20;608;710;277022;152284;46.1;25.4
27;2021-06-21;1700;3493;278722;155777;46.4;25.9
27;2021-06-22;2381;3723;281103;159500;46.8;26.6
27;2021-06-23;2069;3565;283172;163065;47.1;27.1
27;2021-06-24;2252;3415;285424;166480;47.5;27.7
27;2021-06-25;1929;4456;287353;170936;47.8;28.5
27;2021-06-26;881;5352;288234;176288;48.0;29.3
27;2021-06-27;377;1425;288611;177713;48.0;29.6
27;2021-06-28;1127;3404;289738;181117;48.2;30.2
27;2021-06-29;1698;4368;291436;185485;48.5;30.9
27;2021-06-30;2112;4096;293548;189581;48.9;31.6
27;2021-07-01;2222;3901;295770;193482;49.2;32.2
27;2021-07-02;1582;4616;297352;198098;49.5;33.0
27;2021-07-03;1295;4764;298647;202862;49.7;33.8
27;2021-07-04;504;1404;299151;204266;49.8;34.0
27;2021-07-05;1419;3529;300570;207795;50.0;34.6
27;2021-07-06;1366;4181;301936;211976;50.3;35.3
27;2021-07-07;1753;4897;303689;216873;50.6;36.1
27;2021-07-08;2078;4341;305767;221214;50.9;36.8
27;2021-07-09;1982;5281;307749;226495;51.2;37.7
27;2021-07-10;1164;4175;308913;230670;51.4;38.4
27;2021-07-11;424;1142;309337;231812;51.5;38.6
27;2021-07-12;1238;4374;310575;236186;51.7;39.3
27;2021-07-13;2751;5351;313326;241537;52.2;40.2
27;2021-07-14;1514;1747;314840;243284;52.4;40.5
27;2021-07-15;3027;5467;317867;248751;52.9;41.4
27;2021-07-16;3798;5282;321665;254033;53.5;42.3
27;2021-07-17;2721;3872;324386;257905;54.0;42.9
27;2021-07-18;550;1262;324936;259167;54.1;43.1
27;2021-07-19;3678;3784;328614;262951;54.7;43.8
27;2021-07-20;3429;3585;332043;266536;55.3;44.4
27;2021-07-21;4229;3888;336272;270424;56.0;45.0
27;2021-07-22;4726;3685;340998;274109;56.8;45.6
27;2021-07-23;3560;3385;344558;277494;57.4;46.2
27;2021-07-24;3105;2319;347663;279813;57.9;46.6
27;2021-07-25;491;545;348154;280358;58.0;46.7
27;2021-07-26;3052;3179;351206;283537;58.5;47.2
27;2021-07-27;3567;3096;354773;286633;59.1;47.7
27;2021-07-28;3567;3232;358340;289865;59.7;48.3
27;2021-07-29;4569;3486;362909;293351;60.4;48.8
27;2021-07-30;3780;3130;366689;296481;61.0;49.4
27;2021-07-31;3035;2553;369724;299034;61.6;49.8
27;2021-08-01;535;496;370259;299530;61.6;49.9
28;2020-12-27;0;0;0;0;0.0;0.0
28;2020-12-28;0;0;0;0;0.0;0.0
28;2020-12-29;0;0;0;0;0.0;0.0
28;2020-12-30;0;0;0;0;0.0;0.0
28;2020-12-31;0;0;0;0;0.0;0.0
28;2021-01-01;1;0;1;0;0.0;0.0
28;2021-01-02;0;0;1;0;0.0;0.0
28;2021-01-03;0;0;1;0;0.0;0.0
28;2021-01-04;0;0;1;0;0.0;0.0
28;2021-01-05;5;0;6;0;0.0;0.0
28;2021-01-06;84;0;90;0;0.0;0.0
28;2021-01-07;102;0;192;0;0.0;0.0
28;2021-01-08;134;2;326;2;0.1;0.0
28;2021-01-09;78;0;404;2;0.1;0.0
28;2021-01-10;1;0;405;2;0.1;0.0
28;2021-01-11;204;0;609;2;0.1;0.0
28;2021-01-12;265;2;874;4;0.2;0.0
28;2021-01-13;398;3;1272;7;0.3;0.0
28;2021-01-14;449;5;1721;12;0.4;0.0
28;2021-01-15;374;3;2095;15;0.5;0.0
28;2021-01-16;206;2;2301;17;0.5;0.0
28;2021-01-17;21;0;2322;17;0.5;0.0
28;2021-01-18;372;2;2694;19;0.6;0.0
28;2021-01-19;503;3;3197;22;0.7;0.0
28;2021-01-20;636;1;3833;23;0.9;0.0
28;2021-01-21;797;3;4630;26;1.1;0.0
28;2021-01-22;477;1;5107;27;1.2;0.0
28;2021-01-23;352;0;5459;27;1.3;0.0
28;2021-01-24;1;0;5460;27;1.3;0.0
28;2021-01-25;455;3;5915;30;1.4;0.0
28;2021-01-26;718;4;6633;34;1.5;0.0
28;2021-01-27;1210;47;7843;81;1.8;0.0
28;2021-01-28;1585;90;9428;171;2.2;0.0
28;2021-01-29;896;99;10324;270;2.4;0.1
28;2021-01-30;248;54;10572;324;2.5;0.1
28;2021-01-31;3;22;10575;346;2.5;0.1
28;2021-02-01;324;125;10899;471;2.5;0.1
28;2021-02-02;368;240;11267;711;2.6;0.2
28;2021-02-03;473;259;11740;970;2.7;0.2
28;2021-02-04;525;278;12265;1248;2.9;0.3
28;2021-02-05;435;226;12700;1474;3.0;0.3
28;2021-02-06;198;128;12898;1602;3.0;0.4
28;2021-02-07;0;0;12898;1602;3.0;0.4
28;2021-02-08;331;250;13229;1852;3.1;0.4
28;2021-02-09;281;347;13510;2199;3.1;0.5
28;2021-02-10;440;402;13950;2601;3.2;0.6
28;2021-02-11;562;489;14512;3090;3.4;0.7
28;2021-02-12;453;434;14965;3524;3.5;0.8
28;2021-02-13;181;193;15146;3717;3.5;0.9
28;2021-02-14;0;2;15146;3719;3.5;0.9
28;2021-02-15;280;476;15426;4195;3.6;1.0
28;2021-02-16;395;711;15821;4906;3.7;1.1
28;2021-02-17;581;1148;16402;6054;3.8;1.4
28;2021-02-18;665;1400;17067;7454;4.0;1.7
28;2021-02-19;546;764;17613;8218;4.1;1.9
28;2021-02-20;114;145;17727;8363;4.1;1.9
28;2021-02-21;7;33;17734;8396;4.1;2.0
28;2021-02-22;224;520;17958;8916;4.2;2.1
28;2021-02-23;203;379;18161;9295;4.2;2.2
28;2021-02-24;244;479;18405;9774;4.3;2.3
28;2021-02-25;574;452;18979;10226;4.4;2.4
28;2021-02-26;764;375;19743;10601;4.6;2.5
28;2021-02-27;265;86;20008;10687;4.7;2.5
28;2021-02-28;23;17;20031;10704;4.7;2.5
28;2021-03-01;291;215;20322;10919;4.7;2.5
28;2021-03-02;395;277;20717;11196;4.8;2.6
28;2021-03-03;369;400;21086;11596;4.9;2.7
28;2021-03-04;718;487;21804;12083;5.1;2.8
28;2021-03-05;1320;415;23124;12498;5.4;2.9
28;2021-03-06;1999;81;25123;12579;5.9;2.9
28;2021-03-07;974;25;26097;12604;6.1;2.9
28;2021-03-08;398;308;26495;12912;6.2;3.0
28;2021-03-09;980;356;27475;13268;6.4;3.1
28;2021-03-10;1356;538;28831;13806;6.7;3.2
28;2021-03-11;1533;696;30364;14502;7.1;3.4
28;2021-03-12;2257;633;32621;15135;7.6;3.5
28;2021-03-13;1235;131;33856;15266;7.9;3.6
28;2021-03-14;518;17;34374;15283;8.0;3.6
28;2021-03-15;755;228;35129;15511;8.2;3.6
28;2021-03-16;714;221;35843;15732;8.3;3.7
28;2021-03-17;747;287;36590;16019;8.5;3.7
28;2021-03-18;1199;278;37789;16297;8.8;3.8
28;2021-03-19;1558;327;39347;16624;9.2;3.9
28;2021-03-20;639;19;39986;16643;9.3;3.9
28;2021-03-21;28;7;40014;16650;9.3;3.9
28;2021-03-22;767;321;40781;16971;9.5;4.0
28;2021-03-23;1025;193;41806;17164;9.7;4.0
28;2021-03-24;1311;275;43117;17439;10.0;4.1
28;2021-03-25;1797;283;44914;17722;10.5;4.1
28;2021-03-26;2082;338;46996;18060;10.9;4.2
28;2021-03-27;402;37;47398;18097;11.0;4.2
28;2021-03-28;12;0;47410;18097;11.0;4.2
28;2021-03-29;1140;348;48550;18445;11.3;4.3
28;2021-03-30;1713;242;50263;18687;11.7;4.4
28;2021-03-31;2016;472;52279;19159;12.2;4.5
28;2021-04-01;1794;583;54073;19742;12.6;4.6
28;2021-04-02;1584;1316;55657;21058;13.0;4.9
28;2021-04-03;607;1072;56264;22130;13.1;5.2
28;2021-04-04;33;302;56297;22432;13.1;5.2
28;2021-04-05;40;3;56337;22435;13.1;5.2
28;2021-04-06;1225;460;57562;22895;13.4;5.3
28;2021-04-07;1892;998;59454;23893;13.8;5.6
28;2021-04-08;2075;1067;61529;24960;14.3;5.8
28;2021-04-09;3235;910;64764;25870;15.1;6.0
28;2021-04-10;1582;193;66346;26063;15.4;6.1
28;2021-04-11;140;452;66486;26515;15.5;6.2
28;2021-04-12;1673;553;68159;27068;15.9;6.3
28;2021-04-13;1875;666;70034;27734;16.3;6.5
28;2021-04-14;2772;899;72806;28633;17.0;6.7
28;2021-04-15;2554;1132;75360;29765;17.5;6.9
28;2021-04-16;2552;796;77912;30561;18.1;7.1
28;2021-04-17;2307;128;80219;30689;18.7;7.1
28;2021-04-18;45;8;80264;30697;18.7;7.1
28;2021-04-19;1578;644;81842;31341;19.1;7.3
28;2021-04-20;1840;587;83682;31928;19.5;7.4
28;2021-04-21;2678;955;86360;32883;20.1;7.7
28;2021-04-22;1782;1206;88142;34089;20.5;7.9
28;2021-04-23;2323;1102;90465;35191;21.1;8.2
28;2021-04-24;3652;127;94117;35318;21.9;8.2
28;2021-04-25;1011;30;95128;35348;22.2;8.2
28;2021-04-26;1331;920;96459;36268;22.5;8.4
28;2021-04-27;1435;1270;97894;37538;22.8;8.7
28;2021-04-28;2369;1816;100263;39354;23.3;9.2
28;2021-04-29;2129;1483;102392;40837;23.8;9.5
28;2021-04-30;2972;1215;105364;42052;24.5;9.8
28;2021-05-01;127;120;105491;42172;24.6;9.8
28;2021-05-02;2;65;105493;42237;24.6;9.8
28;2021-05-03;1045;1014;106538;43251;24.8;10.1
28;2021-05-04;1360;1669;107898;44920;25.1;10.5
28;2021-05-05;2830;1647;110728;46567;25.8;10.8
28;2021-05-06;2457;1471;113185;48038;26.4;11.2
28;2021-05-07;2311;1933;115496;49971;26.9;11.6
28;2021-05-08;1077;114;116573;50085;27.1;11.7
28;2021-05-09;104;610;116677;50695;27.2;11.8
28;2021-05-10;1306;1890;117983;52585;27.5;12.2
28;2021-05-11;2029;2344;120012;54929;27.9;12.8
28;2021-05-12;2620;3228;122632;58157;28.6;13.5
28;2021-05-13;289;452;122921;58609;28.6;13.6
28;2021-05-14;1899;1617;124820;60226;29.1;14.0
28;2021-05-15;1436;1674;126256;61900;29.4;14.4
28;2021-05-16;1986;126;128242;62026;29.9;14.4
28;2021-05-17;2875;1493;131117;63519;30.5;14.8
28;2021-05-18;3379;1377;134496;64896;31.3;15.1
28;2021-05-19;5074;1281;139570;66177;32.5;15.4
28;2021-05-20;4151;1230;143721;67407;33.5;15.7
28;2021-05-21;3466;1577;147187;68984;34.3;16.1
28;2021-05-22;725;1160;147912;70144;34.4;16.3
28;2021-05-23;1957;136;149869;70280;34.9;16.4
28;2021-05-24;1428;394;151297;70674;35.2;16.5
28;2021-05-25;1877;1408;153174;72082;35.7;16.8
28;2021-05-26;2766;1343;155940;73425;36.3;17.1
28;2021-05-27;2755;1229;158695;74654;37.0;17.4
28;2021-05-28;3081;1734;161776;76388;37.7;17.8
28;2021-05-29;1867;873;163643;77261;38.1;18.0
28;2021-05-30;16;47;163659;77308;38.1;18.0
28;2021-05-31;2014;937;165673;78245;38.6;18.2
28;2021-06-01;2133;1663;167806;79908;39.1;18.6
28;2021-06-02;2070;2455;169876;82363;39.6;19.2
28;2021-06-03;2497;1564;172373;83927;40.1;19.5
28;2021-06-04;2609;2355;174982;86282;40.7;20.1
28;2021-06-05;1910;2527;176892;88809;41.2;20.7
28;2021-06-06;1060;1041;177952;89850;41.4;20.9
28;2021-06-07;3573;1570;181525;91420;42.3;21.3
28;2021-06-08;3194;1516;184719;92936;43.0;21.6
28;2021-06-09;3675;2129;188394;95065;43.9;22.1
28;2021-06-10;3141;1264;191535;96329;44.6;22.4
28;2021-06-11;3795;2131;195330;98460;45.5;22.9
28;2021-06-12;1301;561;196631;99021;45.8;23.1
28;2021-06-13;385;107;197016;99128;45.9;23.1
28;2021-06-14;2208;1994;199224;101122;46.4;23.5
28;2021-06-15;2091;2222;201315;103344;46.9;24.1
28;2021-06-16;2509;3980;203824;107324;47.5;25.0
28;2021-06-17;1924;3132;205748;110456;47.9;25.7
28;2021-06-18;2470;3785;208218;114241;48.5;26.6
28;2021-06-19;776;1611;208994;115852;48.7;27.0
28;2021-06-20;23;22;209017;115874;48.7;27.0
28;2021-06-21;1683;1987;210700;117861;49.1;27.4
28;2021-06-22;1368;2108;212068;119969;49.4;27.9
28;2021-06-23;1777;3165;213845;123134;49.8;28.7
28;2021-06-24;733;930;214578;124064;50.0;28.9
28;2021-06-25;1889;3021;216467;127085;50.4;29.6
28;2021-06-26;311;2116;216778;129201;50.5;30.1
28;2021-06-27;588;1284;217366;130485;50.6;30.4
28;2021-06-28;1227;3654;218593;134139;50.9;31.2
28;2021-06-29;1342;3797;219935;137936;51.2;32.1
28;2021-06-30;1492;4252;221427;142188;51.6;33.1
28;2021-07-01;1274;3464;222701;145652;51.9;33.9
28;2021-07-02;1311;4654;224012;150306;52.2;35.0
28;2021-07-03;1131;2371;225143;152677;52.4;35.6
28;2021-07-04;146;1324;225289;154001;52.5;35.9
28;2021-07-05;1361;2510;226650;156511;52.8;36.4
28;2021-07-06;1502;2867;228152;159378;53.1;37.1
28;2021-07-07;1636;4145;229788;163523;53.5;38.1
28;2021-07-08;1464;3236;231252;166759;53.9;38.8
28;2021-07-09;1390;4528;232642;171287;54.2;39.9
28;2021-07-10;526;2210;233168;173497;54.3;40.4
28;2021-07-11;1;1;233169;173498;54.3;40.4
28;2021-07-12;1521;3941;234690;177439;54.7;41.3
28;2021-07-13;2250;4140;236940;181579;55.2;42.3
28;2021-07-14;1328;1394;238268;182973;55.5;42.6
28;2021-07-15;2969;3974;241237;186947;56.2;43.5
28;2021-07-16;2438;4761;243675;191708;56.7;44.6
28;2021-07-17;1264;2424;244939;194132;57.0;45.2
28;2021-07-18;371;941;245310;195073;57.1;45.4
28;2021-07-19;1794;4338;247104;199411;57.5;46.4
28;2021-07-20;2464;4083;249568;203494;58.1;47.4
28;2021-07-21;2955;4274;252523;207768;58.8;48.4
28;2021-07-22;3632;3419;256155;211187;59.7;49.2
28;2021-07-23;2940;3992;259095;215179;60.3;50.1
28;2021-07-24;1692;1466;260787;216645;60.7;50.5
28;2021-07-25;68;60;260855;216705;60.7;50.5
28;2021-07-26;2921;3366;263776;220071;61.4;51.2
28;2021-07-27;3870;2599;267646;222670;62.3;51.9
28;2021-07-28;3936;2711;271582;225381;63.2;52.5
28;2021-07-29;4451;2067;276033;227448;64.3;53.0
28;2021-07-30;3449;2816;279482;230264;65.1;53.6
28;2021-07-31;759;820;280241;231084;65.3;53.8
28;2021-08-01;361;62;280602;231146;65.3;53.8
29;2020-12-27;0;0;0;0;0.0;0.0
29;2020-12-28;0;0;0;0;0.0;0.0
29;2020-12-29;0;0;0;0;0.0;0.0
29;2020-12-30;0;0;0;0;0.0;0.0
29;2020-12-31;0;0;0;0;0.0;0.0
29;2021-01-01;1;0;1;0;0.0;0.0
29;2021-01-02;0;0;1;0;0.0;0.0
29;2021-01-03;1;0;2;0;0.0;0.0
29;2021-01-04;30;0;32;0;0.0;0.0
29;2021-01-05;31;0;63;0;0.0;0.0
29;2021-01-06;43;0;106;0;0.0;0.0
29;2021-01-07;136;0;242;0;0.0;0.0
29;2021-01-08;408;0;650;0;0.1;0.0
29;2021-01-09;1;0;651;0;0.1;0.0
29;2021-01-10;2;0;653;0;0.1;0.0
29;2021-01-11;666;0;1319;0;0.1;0.0
29;2021-01-12;1120;0;2439;0;0.3;0.0
29;2021-01-13;1097;2;3536;2;0.4;0.0
29;2021-01-14;894;4;4430;6;0.5;0.0
29;2021-01-15;1218;9;5648;15;0.6;0.0
29;2021-01-16;168;1;5816;16;0.6;0.0
29;2021-01-17;112;1;5928;17;0.7;0.0
29;2021-01-18;838;3;6766;20;0.7;0.0
29;2021-01-19;1285;0;8051;20;0.9;0.0
29;2021-01-20;2391;2;10442;22;1.2;0.0
29;2021-01-21;5543;1;15985;23;1.8;0.0
29;2021-01-22;3745;3;19730;26;2.2;0.0
29;2021-01-23;537;0;20267;26;2.2;0.0
29;2021-01-24;200;1;20467;27;2.3;0.0
29;2021-01-25;572;7;21039;34;2.3;0.0
29;2021-01-26;950;34;21989;68;2.4;0.0
29;2021-01-27;1284;54;23273;122;2.6;0.0
29;2021-01-28;799;136;24072;258;2.7;0.0
29;2021-01-29;777;206;24849;464;2.7;0.1
29;2021-01-30;281;4;25130;468;2.8;0.1
29;2021-01-31;80;5;25210;473;2.8;0.1
29;2021-02-01;429;450;25639;923;2.8;0.1
29;2021-02-02;876;825;26515;1748;2.9;0.2
29;2021-02-03;811;894;27326;2642;3.0;0.3
29;2021-02-04;865;642;28191;3284;3.1;0.4
29;2021-02-05;673;585;28864;3869;3.2;0.4
29;2021-02-06;243;102;29107;3971;3.2;0.4
29;2021-02-07;78;105;29185;4076;3.2;0.4
29;2021-02-08;382;448;29567;4524;3.3;0.5
29;2021-02-09;862;853;30429;5377;3.4;0.6
29;2021-02-10;1147;1020;31576;6397;3.5;0.7
29;2021-02-11;1790;4164;33366;10561;3.7;1.2
29;2021-02-12;2312;2505;35678;13066;3.9;1.4
29;2021-02-13;638;414;36316;13480;4.0;1.5
29;2021-02-14;13;229;36329;13709;4.0;1.5
29;2021-02-15;266;948;36595;14657;4.0;1.6
29;2021-02-16;882;1061;37477;15718;4.1;1.7
29;2021-02-17;801;860;38278;16578;4.2;1.8
29;2021-02-18;1529;850;39807;17428;4.4;1.9
29;2021-02-19;1410;1004;41217;18432;4.5;2.0
29;2021-02-20;204;367;41421;18799;4.6;2.1
29;2021-02-21;160;169;41581;18968;4.6;2.1
29;2021-02-22;774;563;42355;19531;4.7;2.2
29;2021-02-23;1269;910;43624;20441;4.8;2.3
29;2021-02-24;1467;838;45091;21279;5.0;2.3
29;2021-02-25;2499;907;47590;22186;5.2;2.4
29;2021-02-26;2672;714;50262;22900;5.5;2.5
29;2021-02-27;1283;280;51545;23180;5.7;2.6
29;2021-02-28;199;72;51744;23252;5.7;2.6
29;2021-03-01;944;484;52688;23736;5.8;2.6
29;2021-03-02;1811;801;54499;24537;6.0;2.7
29;2021-03-03;2089;1018;56588;25555;6.2;2.8
29;2021-03-04;2839;1553;59427;27108;6.6;3.0
29;2021-03-05;3538;1676;62965;28784;6.9;3.2
29;2021-03-06;1999;437;64964;29221;7.2;3.2
29;2021-03-07;412;83;65376;29304;7.2;3.2
29;2021-03-08;1274;590;66650;29894;7.4;3.3
29;2021-03-09;2605;980;69255;30874;7.6;3.4
29;2021-03-10;2426;873;71681;31747;7.9;3.5
29;2021-03-11;4515;1000;76196;32747;8.4;3.6
29;2021-03-12;5267;959;81463;33706;9.0;3.7
29;2021-03-13;2820;403;84283;34109;9.3;3.8
29;2021-03-14;365;2;84648;34111;9.3;3.8
29;2021-03-15;2051;270;86699;34381;9.6;3.8
29;2021-03-16;1821;762;88520;35143;9.8;3.9
29;2021-03-17;1857;722;90377;35865;10.0;4.0
29;2021-03-18;1861;1039;92238;36904;10.2;4.1
29;2021-03-19;3261;897;95499;37801;10.5;4.2
29;2021-03-20;1912;222;97411;38023;10.7;4.2
29;2021-03-21;132;11;97543;38034;10.8;4.2
29;2021-03-22;1645;554;99188;38588;10.9;4.3
29;2021-03-23;3443;1030;102631;39618;11.3;4.4
29;2021-03-24;3775;1025;106406;40643;11.7;4.5
29;2021-03-25;4816;1068;111222;41711;12.3;4.6
29;2021-03-26;5419;1163;116641;42874;12.9;4.7
29;2021-03-27;2428;330;119069;43204;13.1;4.8
29;2021-03-28;198;50;119267;43254;13.2;4.8
29;2021-03-29;2039;822;121306;44076;13.4;4.9
29;2021-03-30;3972;1324;125278;45400;13.8;5.0
29;2021-03-31;3929;1147;129207;46547;14.3;5.1
29;2021-04-01;5016;1141;134223;47688;14.8;5.3
29;2021-04-02;4765;1170;138988;48858;15.3;5.4
29;2021-04-03;2500;538;141488;49396;15.6;5.4
29;2021-04-04;146;30;141634;49426;15.6;5.5
29;2021-04-05;971;331;142605;49757;15.7;5.5
29;2021-04-06;3190;1233;145795;50990;16.1;5.6
29;2021-04-07;3650;938;149445;51928;16.5;5.7
29;2021-04-08;5288;2058;154733;53986;17.1;6.0
29;2021-04-09;6748;1564;161481;55550;17.8;6.1
29;2021-04-10;3496;702;164977;56252;18.2;6.2
29;2021-04-11;120;80;165097;56332;18.2;6.2
29;2021-04-12;3836;1482;168933;57814;18.6;6.4
29;2021-04-13;5860;1748;174793;59562;19.3;6.6
29;2021-04-14;4755;1743;179548;61305;19.8;6.8
29;2021-04-15;7159;1726;186707;63031;20.6;7.0
29;2021-04-16;6700;1348;193407;64379;21.3;7.1
29;2021-04-17;3823;966;197230;65345;21.8;7.2
29;2021-04-18;489;40;197719;65385;21.8;7.2
29;2021-04-19;3878;1462;201597;66847;22.2;7.4
29;2021-04-20;4394;2132;205991;68979;22.7;7.6
29;2021-04-21;4370;2191;210361;71170;23.2;7.9
29;2021-04-22;6646;2852;217007;74022;23.9;8.2
29;2021-04-23;6042;2190;223049;76212;24.6;8.4
29;2021-04-24;4004;1316;227053;77528;25.0;8.6
29;2021-04-25;433;169;227486;77697;25.1;8.6
29;2021-04-26;5260;1869;232746;79566;25.7;8.8
29;2021-04-27;5333;3193;238079;82759;26.3;9.1
29;2021-04-28;5354;2893;243433;85652;26.9;9.4
29;2021-04-29;6586;3345;250019;88997;27.6;9.8
29;2021-04-30;6259;3910;256278;92907;28.3;10.2
29;2021-05-01;1983;978;258261;93885;28.5;10.4
29;2021-05-02;1249;195;259510;94080;28.6;10.4
29;2021-05-03;4536;2287;264046;96367;29.1;10.6
29;2021-05-04;4107;3736;268153;100103;29.6;11.0
29;2021-05-05;4515;3406;272668;103509;30.1;11.4
29;2021-05-06;6232;3710;278900;107219;30.8;11.8
29;2021-05-07;5980;4614;284880;111833;31.4;12.3
29;2021-05-08;2092;566;286972;112399;31.7;12.4
29;2021-05-09;1724;137;288696;112536;31.8;12.4
29;2021-05-10;4761;3768;293457;116304;32.4;12.8
29;2021-05-11;4713;4998;298170;121302;32.9;13.4
29;2021-05-12;5023;4357;303193;125659;33.4;13.9
29;2021-05-13;3438;1502;306631;127161;33.8;14.0
29;2021-05-14;5649;3999;312280;131160;34.4;14.5
29;2021-05-15;4044;2315;316324;133475;34.9;14.7
29;2021-05-16;1587;294;317911;133769;35.1;14.8
29;2021-05-17;5562;3133;323473;136902;35.7;15.1
29;2021-05-18;5733;3093;329206;139995;36.3;15.4
29;2021-05-19;6203;2964;335409;142959;37.0;15.8
29;2021-05-20;7171;4563;342580;147522;37.8;16.3
29;2021-05-21;7213;3812;349793;151334;38.6;16.7
29;2021-05-22;5335;2128;355128;153462;39.2;16.9
29;2021-05-23;1630;65;356758;153527;39.4;16.9
29;2021-05-24;3486;533;360244;154060;39.7;17.0
29;2021-05-25;5826;3034;366070;157094;40.4;17.3
29;2021-05-26;5890;2996;371960;160090;41.0;17.7
29;2021-05-27;6824;3986;378784;164076;41.8;18.1
29;2021-05-28;6538;4450;385322;168526;42.5;18.6
29;2021-05-29;4380;2803;389702;171329;43.0;18.9
29;2021-05-30;1115;361;390817;171690;43.1;18.9
29;2021-05-31;6385;3454;397202;175144;43.8;19.3
29;2021-06-01;6601;4349;403803;179493;44.5;19.8
29;2021-06-02;6160;4130;409963;183623;45.2;20.3
29;2021-06-03;7693;4519;417656;188142;46.1;20.8
29;2021-06-04;6809;6164;424465;194306;46.8;21.4
29;2021-06-05;5350;3035;429815;197341;47.4;21.8
29;2021-06-06;1284;538;431099;197879;47.6;21.8
29;2021-06-07;4659;5563;435758;203442;48.1;22.4
29;2021-06-08;7169;5207;442927;208649;48.9;23.0
29;2021-06-09;6406;4749;449333;213398;49.6;23.5
29;2021-06-10;7775;5058;457108;218456;50.4;24.1
29;2021-06-11;8476;5874;465584;224330;51.4;24.7
29;2021-06-12;6565;2806;472149;227136;52.1;25.1
29;2021-06-13;2351;1371;474500;228507;52.3;25.2
29;2021-06-14;4030;6302;478530;234809;52.8;25.9
29;2021-06-15;5470;6170;484000;240979;53.4;26.6
29;2021-06-16;5558;5629;489558;246608;54.0;27.2
29;2021-06-17;6355;6301;495913;252909;54.7;27.9
29;2021-06-18;6110;7489;502023;260398;55.4;28.7
29;2021-06-19;4618;3525;506641;263923;55.9;29.1
29;2021-06-20;888;1454;507529;265377;56.0;29.3
29;2021-06-21;3741;6494;511270;271871;56.4;30.0
29;2021-06-22;4471;6421;515741;278292;56.9;30.7
29;2021-06-23;4652;6128;520393;284420;57.4;31.4
29;2021-06-24;4786;6743;525179;291163;57.9;32.1
29;2021-06-25;3589;7528;528768;298691;58.3;32.9
29;2021-06-26;2116;4094;530884;302785;58.6;33.4
29;2021-06-27;965;1631;531849;304416;58.7;33.6
29;2021-06-28;2818;6869;534667;311285;59.0;34.3
29;2021-06-29;2777;7731;537444;319016;59.3;35.2
29;2021-06-30;3018;7514;540462;326530;59.6;36.0
29;2021-07-01;3743;8426;544205;334956;60.0;36.9
29;2021-07-02;3593;9676;547798;344632;60.4;38.0
29;2021-07-03;2315;6062;550113;350694;60.7;38.7
29;2021-07-04;807;1771;550920;352465;60.8;38.9
29;2021-07-05;1898;7170;552818;359635;61.0;39.7
29;2021-07-06;1525;8025;554343;367660;61.1;40.6
29;2021-07-07;1687;7048;556030;374708;61.3;41.3
29;2021-07-08;2423;8216;558453;382924;61.6;42.2
29;2021-07-09;2554;9091;561007;392015;61.9;43.2
29;2021-07-10;1907;6111;562914;398126;62.1;43.9
29;2021-07-11;439;1065;563353;399191;62.1;44.0
29;2021-07-12;1949;8386;565302;407577;62.4;45.0
29;2021-07-13;2716;8658;568018;416235;62.7;45.9
29;2021-07-14;2064;3365;570082;419600;62.9;46.3
29;2021-07-15;3811;9733;573893;429333;63.3;47.4
29;2021-07-16;4566;9198;578459;438531;63.8;48.4
29;2021-07-17;3209;6112;581668;444643;64.2;49.0
29;2021-07-18;660;1078;582328;445721;64.2;49.2
29;2021-07-19;3123;7557;585451;453278;64.6;50.0
29;2021-07-20;3510;9443;588961;462721;65.0;51.0
29;2021-07-21;3617;7728;592578;470449;65.4;51.9
29;2021-07-22;3367;8541;595945;478990;65.7;52.8
29;2021-07-23;4012;10709;599957;489699;66.2;54.0
29;2021-07-24;2519;5954;602476;495653;66.5;54.7
29;2021-07-25;649;2363;603125;498016;66.5;54.9
29;2021-07-26;3351;7279;606476;505295;66.9;55.7
29;2021-07-27;3678;7106;610154;512401;67.3;56.5
29;2021-07-28;4164;6033;614318;518434;67.8;57.2
29;2021-07-29;5622;6346;619940;524780;68.4;57.9
29;2021-07-30;5292;6514;625232;531294;69.0;58.6
29;2021-07-31;2834;4917;628066;536211;69.3;59.1
29;2021-08-01;643;922;628709;537133;69.4;59.2
2A;2020-12-27;0;0;0;0;0.0;0.0
2A;2020-12-28;0;0;0;0;0.0;0.0
2A;2020-12-29;0;0;0;0;0.0;0.0
2A;2020-12-30;0;0;0;0;0.0;0.0
2A;2020-12-31;0;0;0;0;0.0;0.0
2A;2021-01-01;0;0;0;0;0.0;0.0
2A;2021-01-02;0;0;0;0;0.0;0.0
2A;2021-01-03;0;0;0;0;0.0;0.0
2A;2021-01-04;0;0;0;0;0.0;0.0
2A;2021-01-05;0;0;0;0;0.0;0.0
2A;2021-01-06;5;0;5;0;0.0;0.0
2A;2021-01-07;122;1;127;1;0.1;0.0
2A;2021-01-08;113;0;240;1;0.1;0.0
2A;2021-01-09;39;0;279;1;0.2;0.0
2A;2021-01-10;33;0;312;1;0.2;0.0
2A;2021-01-11;76;0;388;1;0.2;0.0
2A;2021-01-12;85;0;473;1;0.3;0.0
2A;2021-01-13;111;0;584;1;0.4;0.0
2A;2021-01-14;192;1;776;2;0.5;0.0
2A;2021-01-15;149;0;925;2;0.6;0.0
2A;2021-01-16;157;1;1082;3;0.7;0.0
2A;2021-01-17;84;1;1166;4;0.7;0.0
2A;2021-01-18;200;2;1366;6;0.8;0.0
2A;2021-01-19;486;0;1852;6;1.1;0.0
2A;2021-01-20;352;0;2204;6;1.4;0.0
2A;2021-01-21;451;1;2655;7;1.6;0.0
2A;2021-01-22;367;0;3022;7;1.9;0.0
2A;2021-01-23;183;0;3205;7;2.0;0.0
2A;2021-01-24;118;1;3323;8;2.0;0.0
2A;2021-01-25;213;0;3536;8;2.2;0.0
2A;2021-01-26;402;6;3938;14;2.4;0.0
2A;2021-01-27;322;5;4260;19;2.6;0.0
2A;2021-01-28;335;80;4595;99;2.8;0.1
2A;2021-01-29;341;65;4936;164;3.0;0.1
2A;2021-01-30;124;40;5060;204;3.1;0.1
2A;2021-01-31;92;12;5152;216;3.2;0.1
2A;2021-02-01;229;53;5381;269;3.3;0.2
2A;2021-02-02;287;118;5668;387;3.5;0.2
2A;2021-02-03;265;75;5933;462;3.7;0.3
2A;2021-02-04;256;121;6189;583;3.8;0.4
2A;2021-02-05;267;107;6456;690;4.0;0.4
2A;2021-02-06;120;60;6576;750;4.0;0.5
2A;2021-02-07;67;58;6643;808;4.1;0.5
2A;2021-02-08;91;209;6734;1017;4.1;0.6
2A;2021-02-09;127;301;6861;1318;4.2;0.8
2A;2021-02-10;158;236;7019;1554;4.3;1.0
2A;2021-02-11;296;369;7315;1923;4.5;1.2
2A;2021-02-12;345;305;7660;2228;4.7;1.4
2A;2021-02-13;224;59;7884;2287;4.9;1.4
2A;2021-02-14;133;77;8017;2364;4.9;1.5
2A;2021-02-15;190;182;8207;2546;5.1;1.6
2A;2021-02-16;380;321;8587;2867;5.3;1.8
2A;2021-02-17;283;166;8870;3033;5.5;1.9
2A;2021-02-18;334;199;9204;3232;5.7;2.0
2A;2021-02-19;146;300;9350;3532;5.8;2.2
2A;2021-02-20;243;138;9593;3670;5.9;2.3
2A;2021-02-21;58;55;9651;3725;5.9;2.3
2A;2021-02-22;77;215;9728;3940;6.0;2.4
2A;2021-02-23;122;290;9850;4230;6.1;2.6
2A;2021-02-24;71;297;9921;4527;6.1;2.8
2A;2021-02-25;105;266;10026;4793;6.2;3.0
2A;2021-02-26;123;273;10149;5066;6.2;3.1
2A;2021-02-27;308;68;10457;5134;6.4;3.2
2A;2021-02-28;69;66;10526;5200;6.5;3.2
2A;2021-03-01;116;152;10642;5352;6.6;3.3
2A;2021-03-02;197;266;10839;5618;6.7;3.5
2A;2021-03-03;238;256;11077;5874;6.8;3.6
2A;2021-03-04;507;228;11584;6102;7.1;3.8
2A;2021-03-05;971;288;12555;6390;7.7;3.9
2A;2021-03-06;1164;75;13719;6465;8.4;4.0
2A;2021-03-07;1021;45;14740;6510;9.1;4.0
2A;2021-03-08;931;87;15671;6597;9.6;4.1
2A;2021-03-09;936;151;16607;6748;10.2;4.2
2A;2021-03-10;629;136;17236;6884;10.6;4.2
2A;2021-03-11;723;281;17959;7165;11.1;4.4
2A;2021-03-12;560;318;18519;7483;11.4;4.6
2A;2021-03-13;611;198;19130;7681;11.8;4.7
2A;2021-03-14;311;126;19441;7807;12.0;4.8
2A;2021-03-15;373;202;19814;8009;12.2;4.9
2A;2021-03-16;495;368;20309;8377;12.5;5.2
2A;2021-03-17;699;273;21008;8650;12.9;5.3
2A;2021-03-18;446;305;21454;8955;13.2;5.5
2A;2021-03-19;484;156;21938;9111;13.5;5.6
2A;2021-03-20;1078;261;23016;9372;14.2;5.8
2A;2021-03-21;696;53;23712;9425;14.6;5.8
2A;2021-03-22;345;67;24057;9492;14.8;5.8
2A;2021-03-23;517;57;24574;9549;15.1;5.9
2A;2021-03-24;862;91;25436;9640;15.7;5.9
2A;2021-03-25;930;139;26366;9779;16.2;6.0
2A;2021-03-26;1075;162;27441;9941;16.9;6.1
2A;2021-03-27;1188;198;28629;10139;17.6;6.2
2A;2021-03-28;241;99;28870;10238;17.8;6.3
2A;2021-03-29;281;138;29151;10376;17.9;6.4
2A;2021-03-30;382;235;29533;10611;18.2;6.5
2A;2021-03-31;446;226;29979;10837;18.5;6.7
2A;2021-04-01;637;452;30616;11289;18.8;7.0
2A;2021-04-02;902;783;31518;12072;19.4;7.4
2A;2021-04-03;646;982;32164;13054;19.8;8.0
2A;2021-04-04;578;783;32742;13837;20.2;8.5
2A;2021-04-05;522;698;33264;14535;20.5;8.9
2A;2021-04-06;550;556;33814;15091;20.8;9.3
2A;2021-04-07;786;423;34600;15514;21.3;9.6
2A;2021-04-08;1049;355;35649;15869;21.9;9.8
2A;2021-04-09;934;394;36583;16263;22.5;10.0
2A;2021-04-10;1056;380;37639;16643;23.2;10.2
2A;2021-04-11;362;256;38001;16899;23.4;10.4
2A;2021-04-12;668;342;38669;17241;23.8;10.6
2A;2021-04-13;326;379;38995;17620;24.0;10.8
2A;2021-04-14;1046;587;40041;18207;24.7;11.2
2A;2021-04-15;1040;524;41081;18731;25.3;11.5
2A;2021-04-16;871;395;41952;19126;25.8;11.8
2A;2021-04-17;1366;936;43318;20062;26.7;12.4
2A;2021-04-18;982;943;44300;21005;27.3;12.9
2A;2021-04-19;269;343;44569;21348;27.4;13.1
2A;2021-04-20;353;344;44922;21692;27.7;13.4
2A;2021-04-21;730;733;45652;22425;28.1;13.8
2A;2021-04-22;895;649;46547;23074;28.7;14.2
2A;2021-04-23;987;776;47534;23850;29.3;14.7
2A;2021-04-24;1748;978;49282;24828;30.3;15.3
2A;2021-04-25;977;304;50259;25132;30.9;15.5
2A;2021-04-26;308;227;50567;25359;31.1;15.6
2A;2021-04-27;344;349;50911;25708;31.3;15.8
2A;2021-04-28;1669;423;52580;26131;32.4;16.1
2A;2021-04-29;1053;358;53633;26489;33.0;16.3
2A;2021-04-30;1131;1058;54764;27547;33.7;17.0
2A;2021-05-01;969;576;55733;28123;34.3;17.3
2A;2021-05-02;675;706;56408;28829;34.7;17.7
2A;2021-05-03;583;576;56991;29405;35.1;18.1
2A;2021-05-04;751;534;57742;29939;35.6;18.4
2A;2021-05-05;1008;982;58750;30921;36.2;19.0
2A;2021-05-06;906;911;59656;31832;36.7;19.6
2A;2021-05-07;1155;835;60811;32667;37.4;20.1
2A;2021-05-08;422;500;61233;33167;37.7;20.4
2A;2021-05-09;783;638;62016;33805;38.2;20.8
2A;2021-05-10;453;740;62469;34545;38.5;21.3
2A;2021-05-11;651;415;63120;34960;38.9;21.5
2A;2021-05-12;919;488;64039;35448;39.4;21.8
2A;2021-05-13;918;138;64957;35586;40.0;21.9
2A;2021-05-14;798;682;65755;36268;40.5;22.3
2A;2021-05-15;780;646;66535;36914;41.0;22.7
2A;2021-05-16;737;499;67272;37413;41.4;23.0
2A;2021-05-17;583;561;67855;37974;41.8;23.4
2A;2021-05-18;616;476;68471;38450;42.2;23.7
2A;2021-05-19;788;481;69259;38931;42.6;24.0
2A;2021-05-20;692;540;69951;39471;43.1;24.3
2A;2021-05-21;533;480;70484;39951;43.4;24.6
2A;2021-05-22;442;309;70926;40260;43.7;24.8
2A;2021-05-23;533;283;71459;40543;44.0;25.0
2A;2021-05-24;125;33;71584;40576;44.1;25.0
2A;2021-05-25;415;503;71999;41079;44.3;25.3
2A;2021-05-26;426;1166;72425;42245;44.6;26.0
2A;2021-05-27;435;1112;72860;43357;44.9;26.7
2A;2021-05-28;297;915;73157;44272;45.0;27.3
2A;2021-05-29;336;900;73493;45172;45.2;27.8
2A;2021-05-30;182;506;73675;45678;45.4;28.1
2A;2021-05-31;189;413;73864;46091;45.5;28.4
2A;2021-06-01;337;729;74201;46820;45.7;28.8
2A;2021-06-02;282;939;74483;47759;45.9;29.4
2A;2021-06-03;304;848;74787;48607;46.0;29.9
2A;2021-06-04;272;1093;75059;49700;46.2;30.6
2A;2021-06-05;319;1443;75378;51143;46.4;31.5
2A;2021-06-06;173;910;75551;52053;46.5;32.0
2A;2021-06-07;170;661;75721;52714;46.6;32.5
2A;2021-06-08;321;705;76042;53419;46.8;32.9
2A;2021-06-09;297;1318;76339;54737;47.0;33.7
2A;2021-06-10;329;856;76668;55593;47.2;34.2
2A;2021-06-11;278;1021;76946;56614;47.4;34.9
2A;2021-06-12;228;664;77174;57278;47.5;35.3
2A;2021-06-13;188;797;77362;58075;47.6;35.8
2A;2021-06-14;249;922;77611;58997;47.8;36.3
2A;2021-06-15;217;506;77828;59503;47.9;36.6
2A;2021-06-16;209;776;78037;60279;48.0;37.1
2A;2021-06-17;233;592;78270;60871;48.2;37.5
2A;2021-06-18;244;914;78514;61785;48.3;38.0
2A;2021-06-19;207;689;78721;62474;48.5;38.5
2A;2021-06-20;149;692;78870;63166;48.6;38.9
2A;2021-06-21;179;791;79049;63957;48.7;39.4
2A;2021-06-22;235;842;79284;64799;48.8;39.9
2A;2021-06-23;215;567;79499;65366;48.9;40.2
2A;2021-06-24;147;371;79646;65737;49.0;40.5
2A;2021-06-25;167;473;79813;66210;49.1;40.8
2A;2021-06-26;201;872;80014;67082;49.3;41.3
2A;2021-06-27;172;794;80186;67876;49.4;41.8
2A;2021-06-28;192;704;80378;68580;49.5;42.2
2A;2021-06-29;211;688;80589;69268;49.6;42.6
2A;2021-06-30;240;493;80829;69761;49.8;43.0
2A;2021-07-01;206;485;81035;70246;49.9;43.2
2A;2021-07-02;169;371;81204;70617;50.0;43.5
2A;2021-07-03;207;618;81411;71235;50.1;43.9
2A;2021-07-04;173;664;81584;71899;50.2;44.3
2A;2021-07-05;161;235;81745;72134;50.3;44.4
2A;2021-07-06;247;389;81992;72523;50.5;44.7
2A;2021-07-07;427;609;82419;73132;50.7;45.0
2A;2021-07-08;587;703;83006;73835;51.1;45.5
2A;2021-07-09;373;424;83379;74259;51.3;45.7
2A;2021-07-10;281;345;83660;74604;51.5;45.9
2A;2021-07-11;91;163;83751;74767;51.6;46.0
2A;2021-07-12;306;350;84057;75117;51.8;46.2
2A;2021-07-13;1174;511;85231;75628;52.5;46.6
2A;2021-07-14;1606;309;86837;75937;53.5;46.8
2A;2021-07-15;1414;823;88251;76760;54.3;47.3
2A;2021-07-16;1156;463;89407;77223;55.0;47.5
2A;2021-07-17;1094;336;90501;77559;55.7;47.8
2A;2021-07-18;632;131;91133;77690;56.1;47.8
2A;2021-07-19;911;427;92044;78117;56.7;48.1
2A;2021-07-20;1256;468;93300;78585;57.4;48.4
2A;2021-07-21;1421;704;94721;79289;58.3;48.8
2A;2021-07-22;1375;758;96096;80047;59.2;49.3
2A;2021-07-23;1424;455;97520;80502;60.0;49.6
2A;2021-07-24;870;287;98390;80789;60.6;49.7
2A;2021-07-25;446;68;98836;80857;60.9;49.8
2A;2021-07-26;1143;493;99979;81350;61.6;50.1
2A;2021-07-27;1253;503;101232;81853;62.3;50.4
2A;2021-07-28;1195;582;102427;82435;63.1;50.8
2A;2021-07-29;1205;647;103632;83082;63.8;51.2
2A;2021-07-30;919;599;104551;83681;64.4;51.5
2A;2021-07-31;497;335;105048;84016;64.7;51.7
2A;2021-08-01;545;115;105593;84131;65.0;51.8
2B;2020-12-27;0;0;0;0;0.0;0.0
2B;2020-12-28;0;0;0;0;0.0;0.0
2B;2020-12-29;0;0;0;0;0.0;0.0
2B;2020-12-30;0;0;0;0;0.0;0.0
2B;2020-12-31;0;0;0;0;0.0;0.0
2B;2021-01-01;0;0;0;0;0.0;0.0
2B;2021-01-02;0;0;0;0;0.0;0.0
2B;2021-01-03;0;0;0;0;0.0;0.0
2B;2021-01-04;2;0;2;0;0.0;0.0
2B;2021-01-05;0;0;2;0;0.0;0.0
2B;2021-01-06;48;1;50;1;0.0;0.0
2B;2021-01-07;211;0;261;1;0.1;0.0
2B;2021-01-08;196;0;457;1;0.3;0.0
2B;2021-01-09;39;0;496;1;0.3;0.0
2B;2021-01-10;1;0;497;1;0.3;0.0
2B;2021-01-11;75;0;572;1;0.3;0.0
2B;2021-01-12;128;1;700;2;0.4;0.0
2B;2021-01-13;93;0;793;2;0.4;0.0
2B;2021-01-14;72;0;865;2;0.5;0.0
2B;2021-01-15;258;0;1123;2;0.6;0.0
2B;2021-01-16;43;0;1166;2;0.6;0.0
2B;2021-01-17;8;0;1174;2;0.6;0.0
2B;2021-01-18;271;0;1445;2;0.8;0.0
2B;2021-01-19;499;0;1944;2;1.1;0.0
2B;2021-01-20;461;2;2405;4;1.3;0.0
2B;2021-01-21;357;0;2762;4;1.5;0.0
2B;2021-01-22;370;0;3132;4;1.7;0.0
2B;2021-01-23;60;0;3192;4;1.8;0.0
2B;2021-01-24;29;0;3221;4;1.8;0.0
2B;2021-01-25;210;2;3431;6;1.9;0.0
2B;2021-01-26;388;1;3819;7;2.1;0.0
2B;2021-01-27;342;50;4161;57;2.3;0.0
2B;2021-01-28;365;149;4526;206;2.5;0.1
2B;2021-01-29;288;164;4814;370;2.6;0.2
2B;2021-01-30;80;33;4894;403;2.7;0.2
2B;2021-01-31;60;0;4954;403;2.7;0.2
2B;2021-02-01;229;94;5183;497;2.8;0.3
2B;2021-02-02;357;78;5540;575;3.0;0.3
2B;2021-02-03;519;92;6059;667;3.3;0.4
2B;2021-02-04;458;176;6517;843;3.6;0.5
2B;2021-02-05;393;95;6910;938;3.8;0.5
2B;2021-02-06;87;14;6997;952;3.8;0.5
2B;2021-02-07;59;0;7056;952;3.9;0.5
2B;2021-02-08;230;157;7286;1109;4.0;0.6
2B;2021-02-09;586;314;7872;1423;4.3;0.8
2B;2021-02-10;485;195;8357;1618;4.6;0.9
2B;2021-02-11;382;128;8739;1746;4.8;1.0
2B;2021-02-12;298;125;9037;1871;5.0;1.0
2B;2021-02-13;77;13;9114;1884;5.0;1.0
2B;2021-02-14;62;0;9176;1884;5.0;1.0
2B;2021-02-15;190;128;9366;2012;5.1;1.1
2B;2021-02-16;252;285;9618;2297;5.3;1.3
2B;2021-02-17;312;317;9930;2614;5.4;1.4
2B;2021-02-18;215;347;10145;2961;5.6;1.6
2B;2021-02-19;164;309;10309;3270;5.7;1.8
2B;2021-02-20;32;63;10341;3333;5.7;1.8
2B;2021-02-21;27;29;10368;3362;5.7;1.8
2B;2021-02-22;133;190;10501;3552;5.8;1.9
2B;2021-02-23;230;359;10731;3911;5.9;2.1
2B;2021-02-24;228;312;10959;4223;6.0;2.3
2B;2021-02-25;245;341;11204;4564;6.1;2.5
2B;2021-02-26;299;282;11503;4846;6.3;2.7
2B;2021-02-27;60;84;11563;4930;6.3;2.7
2B;2021-02-28;1;57;11564;4987;6.3;2.7
2B;2021-03-01;246;261;11810;5248;6.5;2.9
2B;2021-03-02;351;390;12161;5638;6.7;3.1
2B;2021-03-03;297;437;12458;6075;6.8;3.3
2B;2021-03-04;447;409;12905;6484;7.1;3.6
2B;2021-03-05;618;387;13523;6871;7.4;3.8
2B;2021-03-06;682;98;14205;6969;7.8;3.8
2B;2021-03-07;361;59;14566;7028;8.0;3.9
2B;2021-03-08;301;239;14867;7267;8.2;4.0
2B;2021-03-09;383;506;15250;7773;8.4;4.3
2B;2021-03-10;630;447;15880;8220;8.7;4.5
2B;2021-03-11;584;355;16464;8575;9.0;4.7
2B;2021-03-12;965;226;17429;8801;9.6;4.8
2B;2021-03-13;510;110;17939;8911;9.8;4.9
2B;2021-03-14;226;61;18165;8972;10.0;4.9
2B;2021-03-15;514;200;18679;9172;10.2;5.0
2B;2021-03-16;570;277;19249;9449;10.6;5.2
2B;2021-03-17;529;263;19778;9712;10.9;5.3
2B;2021-03-18;550;228;20328;9940;11.2;5.5
2B;2021-03-19;804;194;21132;10134;11.6;5.6
2B;2021-03-20;655;36;21787;10170;12.0;5.6
2B;2021-03-21;429;35;22216;10205;12.2;5.6
2B;2021-03-22;546;124;22762;10329;12.5;5.7
2B;2021-03-23;788;264;23550;10593;12.9;5.8
2B;2021-03-24;831;218;24381;10811;13.4;5.9
2B;2021-03-25;824;164;25205;10975;13.8;6.0
2B;2021-03-26;958;192;26163;11167;14.4;6.1
2B;2021-03-27;1089;36;27252;11203;15.0;6.1
2B;2021-03-28;830;123;28082;11326;15.4;6.2
2B;2021-03-29;745;180;28827;11506;15.8;6.3
2B;2021-03-30;970;323;29797;11829;16.3;6.5
2B;2021-03-31;981;265;30778;12094;16.9;6.6
2B;2021-04-01;1001;231;31779;12325;17.4;6.8
2B;2021-04-02;964;414;32743;12739;18.0;7.0
2B;2021-04-03;1246;151;33989;12890;18.6;7.1
2B;2021-04-04;196;60;34185;12950;18.8;7.1
2B;2021-04-05;108;113;34293;13063;18.8;7.2
2B;2021-04-06;1033;361;35326;13424;19.4;7.4
2B;2021-04-07;1230;430;36556;13854;20.1;7.6
2B;2021-04-08;1127;410;37683;14264;20.7;7.8
2B;2021-04-09;1168;565;38851;14829;21.3;8.1
2B;2021-04-10;1351;261;40202;15090;22.1;8.3
2B;2021-04-11;812;65;41014;15155;22.5;8.3
2B;2021-04-12;852;562;41866;15717;23.0;8.6
2B;2021-04-13;1061;631;42927;16348;23.6;9.0
2B;2021-04-14;1044;492;43971;16840;24.1;9.2
2B;2021-04-15;885;517;44856;17357;24.6;9.5
2B;2021-04-16;911;650;45767;18007;25.1;9.9
2B;2021-04-17;386;445;46153;18452;25.3;10.1
2B;2021-04-18;252;340;46405;18792;25.5;10.3
2B;2021-04-19;822;437;47227;19229;25.9;10.6
2B;2021-04-20;898;847;48125;20076;26.4;11.0
2B;2021-04-21;1054;608;49179;20684;27.0;11.3
2B;2021-04-22;937;732;50116;21416;27.5;11.8
2B;2021-04-23;661;629;50777;22045;27.9;12.1
2B;2021-04-24;287;772;51064;22817;28.0;12.5
2B;2021-04-25;285;477;51349;23294;28.2;12.8
2B;2021-04-26;708;920;52057;24214;28.6;13.3
2B;2021-04-27;965;875;53022;25089;29.1;13.8
2B;2021-04-28;918;861;53940;25950;29.6;14.2
2B;2021-04-29;921;868;54861;26818;30.1;14.7
2B;2021-04-30;1131;831;55992;27649;30.7;15.2
2B;2021-05-01;459;1115;56451;28764;31.0;15.8
2B;2021-05-02;336;244;56787;29008;31.2;15.9
2B;2021-05-03;1019;494;57806;29502;31.7;16.2
2B;2021-05-04;809;1151;58615;30653;32.2;16.8
2B;2021-05-05;804;1375;59419;32028;32.6;17.6
2B;2021-05-06;1287;904;60706;32932;33.3;18.1
2B;2021-05-07;1062;987;61768;33919;33.9;18.6
2B;2021-05-08;459;855;62227;34774;34.1;19.1
2B;2021-05-09;394;683;62621;35457;34.4;19.5
2B;2021-05-10;925;797;63546;36254;34.9;19.9
2B;2021-05-11;933;1161;64479;37415;35.4;20.5
2B;2021-05-12;856;891;65335;38306;35.8;21.0
2B;2021-05-13;1026;376;66361;38682;36.4;21.2
2B;2021-05-14;718;579;67079;39261;36.8;21.5
2B;2021-05-15;702;353;67781;39614;37.2;21.7
2B;2021-05-16;299;180;68080;39794;37.4;21.8
2B;2021-05-17;1003;406;69083;40200;37.9;22.1
2B;2021-05-18;991;383;70074;40583;38.4;22.3
2B;2021-05-19;771;416;70845;40999;38.9;22.5
2B;2021-05-20;670;359;71515;41358;39.2;22.7
2B;2021-05-21;705;502;72220;41860;39.6;23.0
2B;2021-05-22;573;391;72793;42251;39.9;23.2
2B;2021-05-23;168;46;72961;42297;40.0;23.2
2B;2021-05-24;40;115;73001;42412;40.1;23.3
2B;2021-05-25;548;353;73549;42765;40.4;23.5
2B;2021-05-26;544;789;74093;43554;40.7;23.9
2B;2021-05-27;407;1131;74500;44685;40.9;24.5
2B;2021-05-28;554;906;75054;45591;41.2;25.0
2B;2021-05-29;312;352;75366;45943;41.4;25.2
2B;2021-05-30;46;45;75412;45988;41.4;25.2
2B;2021-05-31;376;829;75788;46817;41.6;25.7
2B;2021-06-01;414;1039;76202;47856;41.8;26.3
2B;2021-06-02;364;991;76566;48847;42.0;26.8
2B;2021-06-03;497;808;77063;49655;42.3;27.2
2B;2021-06-04;343;1255;77406;50910;42.5;27.9
2B;2021-06-05;258;494;77664;51404;42.6;28.2
2B;2021-06-06;50;129;77714;51533;42.6;28.3
2B;2021-06-07;280;949;77994;52482;42.8;28.8
2B;2021-06-08;398;1169;78392;53651;43.0;29.4
2B;2021-06-09;518;1178;78910;54829;43.3;30.1
2B;2021-06-10;367;938;79277;55767;43.5;30.6
2B;2021-06-11;432;1274;79709;57041;43.7;31.3
2B;2021-06-12;151;545;79860;57586;43.8;31.6
2B;2021-06-13;25;59;79885;57645;43.8;31.6
2B;2021-06-14;195;1116;80080;58761;43.9;32.2
2B;2021-06-15;345;1220;80425;59981;44.1;32.9
2B;2021-06-16;380;937;80805;60918;44.3;33.4
2B;2021-06-17;399;1047;81204;61965;44.6;34.0
2B;2021-06-18;346;959;81550;62924;44.7;34.5
2B;2021-06-19;142;327;81692;63251;44.8;34.7
2B;2021-06-20;44;194;81736;63445;44.8;34.8
2B;2021-06-21;264;961;82000;64406;45.0;35.3
2B;2021-06-22;314;1111;82314;65517;45.2;35.9
2B;2021-06-23;210;871;82524;66388;45.3;36.4
2B;2021-06-24;334;756;82858;67144;45.5;36.8
2B;2021-06-25;212;1075;83070;68219;45.6;37.4
2B;2021-06-26;105;552;83175;68771;45.6;37.7
2B;2021-06-27;32;215;83207;68986;45.7;37.9
2B;2021-06-28;328;952;83535;69938;45.8;38.4
2B;2021-06-29;268;987;83803;70925;46.0;38.9
2B;2021-06-30;377;948;84180;71873;46.2;39.4
2B;2021-07-01;223;508;84403;72381;46.3;39.7
2B;2021-07-02;212;558;84615;72939;46.4;40.0
2B;2021-07-03;90;396;84705;73335;46.5;40.2
2B;2021-07-04;2;0;84707;73335;46.5;40.2
2B;2021-07-05;263;662;84970;73997;46.6;40.6
2B;2021-07-06;447;708;85417;74705;46.9;41.0
2B;2021-07-07;371;906;85788;75611;47.1;41.5
2B;2021-07-08;181;347;85969;75958;47.2;41.7
2B;2021-07-09;244;372;86213;76330;47.3;41.9
2B;2021-07-10;194;198;86407;76528;47.4;42.0
2B;2021-07-11;13;14;86420;76542;47.4;42.0
2B;2021-07-12;491;739;86911;77281;47.7;42.4
2B;2021-07-13;818;1011;87729;78292;48.1;43.0
2B;2021-07-14;337;97;88066;78389;48.3;43.0
2B;2021-07-15;1248;575;89314;78964;49.0;43.3
2B;2021-07-16;1105;552;90419;79516;49.6;43.6
2B;2021-07-17;706;312;91125;79828;50.0;43.8
2B;2021-07-18;179;46;91304;79874;50.1;43.8
2B;2021-07-19;839;693;92143;80567;50.6;44.2
2B;2021-07-20;1193;676;93336;81243;51.2;44.6
2B;2021-07-21;1376;716;94712;81959;52.0;45.0
2B;2021-07-22;1315;596;96027;82555;52.7;45.3
2B;2021-07-23;1310;493;97337;83048;53.4;45.6
2B;2021-07-24;529;314;97866;83362;53.7;45.7
2B;2021-07-25;203;71;98069;83433;53.8;45.8
2B;2021-07-26;910;628;98979;84061;54.3;46.1
2B;2021-07-27;1551;693;100530;84754;55.2;46.5
2B;2021-07-28;1158;616;101688;85370;55.8;46.8
2B;2021-07-29;1110;437;102798;85807;56.4;47.1
2B;2021-07-30;711;331;103509;86138;56.8;47.3
2B;2021-07-31;525;221;104034;86359;57.1;47.4
2B;2021-08-01;229;56;104263;86415;57.2;47.4
30;2020-12-27;0;0;0;0;0.0;0.0
30;2020-12-28;0;0;0;0;0.0;0.0
30;2020-12-29;0;0;0;0;0.0;0.0
30;2020-12-30;0;0;0;0;0.0;0.0
30;2020-12-31;0;0;0;0;0.0;0.0
30;2021-01-01;0;0;0;0;0.0;0.0
30;2021-01-02;0;0;0;0;0.0;0.0
30;2021-01-03;0;0;0;0;0.0;0.0
30;2021-01-04;1;0;1;0;0.0;0.0
30;2021-01-05;3;0;4;0;0.0;0.0
30;2021-01-06;128;0;132;0;0.0;0.0
30;2021-01-07;311;0;443;0;0.1;0.0
30;2021-01-08;531;0;974;0;0.1;0.0
30;2021-01-09;270;0;1244;0;0.2;0.0
30;2021-01-10;0;0;1244;0;0.2;0.0
30;2021-01-11;537;0;1781;0;0.2;0.0
30;2021-01-12;796;3;2577;3;0.3;0.0
30;2021-01-13;639;0;3216;3;0.4;0.0
30;2021-01-14;647;5;3863;8;0.5;0.0
30;2021-01-15;756;2;4619;10;0.6;0.0
30;2021-01-16;313;0;4932;10;0.7;0.0
30;2021-01-17;3;0;4935;10;0.7;0.0
30;2021-01-18;937;5;5872;15;0.8;0.0
30;2021-01-19;1735;7;7607;22;1.0;0.0
30;2021-01-20;1303;2;8910;24;1.2;0.0
30;2021-01-21;1225;2;10135;26;1.4;0.0
30;2021-01-22;1074;5;11209;31;1.5;0.0
30;2021-01-23;634;2;11843;33;1.6;0.0
30;2021-01-24;0;0;11843;33;1.6;0.0
30;2021-01-25;830;4;12673;37;1.7;0.0
30;2021-01-26;1057;15;13730;52;1.8;0.0
30;2021-01-27;977;112;14707;164;2.0;0.0
30;2021-01-28;712;274;15419;438;2.1;0.1
30;2021-01-29;668;448;16087;886;2.1;0.1
30;2021-01-30;471;288;16558;1174;2.2;0.2
30;2021-01-31;3;7;16561;1181;2.2;0.2
30;2021-02-01;813;437;17374;1618;2.3;0.2
30;2021-02-02;1873;672;19247;2290;2.6;0.3
30;2021-02-03;1183;490;20430;2780;2.7;0.4
30;2021-02-04;967;663;21397;3443;2.9;0.5
30;2021-02-05;597;766;21994;4209;2.9;0.6
30;2021-02-06;289;262;22283;4471;3.0;0.6
30;2021-02-07;2;8;22285;4479;3.0;0.6
30;2021-02-08;574;738;22859;5217;3.1;0.7
30;2021-02-09;981;1007;23840;6224;3.2;0.8
30;2021-02-10;985;1102;24825;7326;3.3;1.0
30;2021-02-11;926;1037;25751;8363;3.4;1.1
30;2021-02-12;615;993;26366;9356;3.5;1.3
30;2021-02-13;434;388;26800;9744;3.6;1.3
30;2021-02-14;1;21;26801;9765;3.6;1.3
30;2021-02-15;448;622;27249;10387;3.6;1.4
30;2021-02-16;459;850;27708;11237;3.7;1.5
30;2021-02-17;681;624;28389;11861;3.8;1.6
30;2021-02-18;795;528;29184;12389;3.9;1.7
30;2021-02-19;573;672;29757;13061;4.0;1.7
30;2021-02-20;223;228;29980;13289;4.0;1.8
30;2021-02-21;5;3;29985;13292;4.0;1.8
30;2021-02-22;501;765;30486;14057;4.1;1.9
30;2021-02-23;974;1466;31460;15523;4.2;2.1
30;2021-02-24;926;1192;32386;16715;4.3;2.2
30;2021-02-25;1207;891;33593;17606;4.5;2.4
30;2021-02-26;1338;600;34931;18206;4.7;2.4
30;2021-02-27;564;546;35495;18752;4.7;2.5
30;2021-02-28;1;7;35496;18759;4.7;2.5
30;2021-03-01;1339;830;36835;19589;4.9;2.6
30;2021-03-02;1710;912;38545;20501;5.1;2.7
30;2021-03-03;2306;758;40851;21259;5.5;2.8
30;2021-03-04;2632;866;43483;22125;5.8;3.0
30;2021-03-05;2756;607;46239;22732;6.2;3.0
30;2021-03-06;2997;358;49236;23090;6.6;3.1
30;2021-03-07;1859;41;51095;23131;6.8;3.1
30;2021-03-08;1547;780;52642;23911;7.0;3.2
30;2021-03-09;2274;866;54916;24777;7.3;3.3
30;2021-03-10;2347;650;57263;25427;7.7;3.4
30;2021-03-11;3055;678;60318;26105;8.1;3.5
30;2021-03-12;3111;380;63429;26485;8.5;3.5
30;2021-03-13;2224;290;65653;26775;8.8;3.6
30;2021-03-14;83;3;65736;26778;8.8;3.6
30;2021-03-15;1566;563;67302;27341;9.0;3.7
30;2021-03-16;1299;1064;68601;28405;9.2;3.8
30;2021-03-17;1454;641;70055;29046;9.4;3.9
30;2021-03-18;1643;713;71698;29759;9.6;4.0
30;2021-03-19;2249;539;73947;30298;9.9;4.0
30;2021-03-20;1398;140;75345;30438;10.1;4.1
30;2021-03-21;57;8;75402;30446;10.1;4.1
30;2021-03-22;2392;715;77794;31161;10.4;4.2
30;2021-03-23;3507;797;81301;31958;10.9;4.3
30;2021-03-24;3634;803;84935;32761;11.3;4.4
30;2021-03-25;4402;838;89337;33599;11.9;4.5
30;2021-03-26;4359;628;93696;34227;12.5;4.6
30;2021-03-27;1970;374;95666;34601;12.8;4.6
30;2021-03-28;35;29;95701;34630;12.8;4.6
30;2021-03-29;2811;1647;98512;36277;13.2;4.8
30;2021-03-30;3779;1871;102291;38148;13.7;5.1
30;2021-03-31;3505;1635;105796;39783;14.1;5.3
30;2021-04-01;4014;1453;109810;41236;14.7;5.5
30;2021-04-02;3599;1222;113409;42458;15.2;5.7
30;2021-04-03;1061;1223;114470;43681;15.3;5.8
30;2021-04-04;29;188;114499;43869;15.3;5.9
30;2021-04-05;764;284;115263;44153;15.4;5.9
30;2021-04-06;3038;1569;118301;45722;15.8;6.1
30;2021-04-07;2716;1627;121017;47349;16.2;6.3
30;2021-04-08;3914;1479;124931;48828;16.7;6.5
30;2021-04-09;4883;1512;129814;50340;17.3;6.7
30;2021-04-10;2424;1172;132238;51512;17.7;6.9
30;2021-04-11;949;54;133187;51566;17.8;6.9
30;2021-04-12;3147;1482;136334;53048;18.2;7.1
30;2021-04-13;4015;1919;140349;54967;18.8;7.3
30;2021-04-14;3378;1535;143727;56502;19.2;7.5
30;2021-04-15;3831;1455;147558;57957;19.7;7.7
30;2021-04-16;3704;1522;151262;59479;20.2;7.9
30;2021-04-17;1492;946;152754;60425;20.4;8.1
30;2021-04-18;959;66;153713;60491;20.5;8.1
30;2021-04-19;2449;2295;156162;62786;20.9;8.4
30;2021-04-20;2813;2827;158975;65613;21.2;8.8
30;2021-04-21;2596;2564;161571;68177;21.6;9.1
30;2021-04-22;3518;2315;165089;70492;22.1;9.4
30;2021-04-23;3576;2301;168665;72793;22.5;9.7
30;2021-04-24;1346;1230;170011;74023;22.7;9.9
30;2021-04-25;748;89;170759;74112;22.8;9.9
30;2021-04-26;2014;2385;172773;76497;23.1;10.2
30;2021-04-27;2947;2604;175720;79101;23.5;10.6
30;2021-04-28;2835;2480;178555;81581;23.9;10.9
30;2021-04-29;3614;2307;182169;83888;24.3;11.2
30;2021-04-30;3407;2019;185576;85907;24.8;11.5
30;2021-05-01;1749;605;187325;86512;25.0;11.6
30;2021-05-02;663;245;187988;86757;25.1;11.6
30;2021-05-03;3753;2498;191741;89255;25.6;11.9
30;2021-05-04;3974;3517;195715;92772;26.1;12.4
30;2021-05-05;3936;3123;199651;95895;26.7;12.8
30;2021-05-06;4192;3354;203843;99249;27.2;13.3
30;2021-05-07;4076;3054;207919;102303;27.8;13.7
30;2021-05-08;1602;719;209521;103022;28.0;13.8
30;2021-05-09;372;611;209893;103633;28.0;13.8
30;2021-05-10;2915;3113;212808;106746;28.4;14.3
30;2021-05-11;5386;3652;218194;110398;29.2;14.7
30;2021-05-12;5299;3211;223493;113609;29.9;15.2
30;2021-05-13;3230;1024;226723;114633;30.3;15.3
30;2021-05-14;4887;2449;231610;117082;30.9;15.6
30;2021-05-15;3407;1203;235017;118285;31.4;15.8
30;2021-05-16;397;339;235414;118624;31.5;15.8
30;2021-05-17;3798;3033;239212;121657;32.0;16.3
30;2021-05-18;4821;3034;244033;124691;32.6;16.7
30;2021-05-19;4770;2545;248803;127236;33.2;17.0
30;2021-05-20;5009;2574;253812;129810;33.9;17.3
30;2021-05-21;4886;2467;258698;132277;34.6;17.7
30;2021-05-22;3155;1290;261853;133567;35.0;17.8
30;2021-05-23;288;345;262141;133912;35.0;17.9
30;2021-05-24;783;767;262924;134679;35.1;18.0
30;2021-05-25;2657;3161;265581;137840;35.5;18.4
30;2021-05-26;2886;2563;268467;140403;35.9;18.8
30;2021-05-27;3758;2717;272225;143120;36.4;19.1
30;2021-05-28;3324;3288;275549;146408;36.8;19.6
30;2021-05-29;1685;1802;277234;148210;37.0;19.8
30;2021-05-30;360;589;277594;148799;37.1;19.9
30;2021-05-31;2829;2294;280423;151093;37.5;20.2
30;2021-06-01;3654;2793;284077;153886;38.0;20.6
30;2021-06-02;3313;2444;287390;156330;38.4;20.9
30;2021-06-03;4129;3346;291519;159676;38.9;21.3
30;2021-06-04;3900;3398;295419;163074;39.5;21.8
30;2021-06-05;1906;1312;297325;164386;39.7;22.0
30;2021-06-06;683;263;298008;164649;39.8;22.0
30;2021-06-07;4722;2522;302730;167171;40.4;22.3
30;2021-06-08;4828;3319;307558;170490;41.1;22.8
30;2021-06-09;4145;2980;311703;173470;41.6;23.2
30;2021-06-10;4600;3348;316303;176818;42.3;23.6
30;2021-06-11;4583;3808;320886;180626;42.9;24.1
30;2021-06-12;2482;1706;323368;182332;43.2;24.4
30;2021-06-13;494;340;323862;182672;43.3;24.4
30;2021-06-14;2467;4706;326329;187378;43.6;25.0
30;2021-06-15;3199;5302;329528;192680;44.0;25.7
30;2021-06-16;3108;4642;332636;197322;44.4;26.4
30;2021-06-17;3923;4364;336559;201686;45.0;26.9
30;2021-06-18;3709;4691;340268;206377;45.5;27.6
30;2021-06-19;1437;1998;341705;208375;45.7;27.8
30;2021-06-20;357;489;342062;208864;45.7;27.9
30;2021-06-21;2373;4903;344435;213767;46.0;28.6
30;2021-06-22;2356;5738;346791;219505;46.3;29.3
30;2021-06-23;2517;5335;349308;224840;46.7;30.0
30;2021-06-24;2332;4698;351640;229538;47.0;30.7
30;2021-06-25;2606;5596;354246;235134;47.3;31.4
30;2021-06-26;907;2935;355153;238069;47.5;31.8
30;2021-06-27;221;525;355374;238594;47.5;31.9
30;2021-06-28;1662;6016;357036;244610;47.7;32.7
30;2021-06-29;1832;6021;358868;250631;47.9;33.5
30;2021-06-30;1988;5253;360856;255884;48.2;34.2
30;2021-07-01;2973;4712;363829;260596;48.6;34.8
30;2021-07-02;2824;4617;366653;265213;49.0;35.4
30;2021-07-03;1146;3045;367799;268258;49.1;35.8
30;2021-07-04;112;392;367911;268650;49.2;35.9
30;2021-07-05;2014;4026;369925;272676;49.4;36.4
30;2021-07-06;2647;4971;372572;277647;49.8;37.1
30;2021-07-07;2526;4221;375098;281868;50.1;37.7
30;2021-07-08;2003;3422;377101;285290;50.4;38.1
30;2021-07-09;2398;5318;379499;290608;50.7;38.8
30;2021-07-10;1489;2156;380988;292764;50.9;39.1
30;2021-07-11;43;416;381031;293180;50.9;39.2
30;2021-07-12;2507;5151;383538;298331;51.2;39.9
30;2021-07-13;3261;6023;386799;304354;51.7;40.7
30;2021-07-14;491;543;387290;304897;51.7;40.7
30;2021-07-15;4096;5457;391386;310354;52.3;41.5
30;2021-07-16;4937;5701;396323;316055;53.0;42.2
30;2021-07-17;1693;2457;398016;318512;53.2;42.6
30;2021-07-18;145;602;398161;319114;53.2;42.6
30;2021-07-19;3354;6283;401515;325397;53.6;43.5
30;2021-07-20;4619;6494;406134;331891;54.3;44.3
30;2021-07-21;4037;5392;410171;337283;54.8;45.1
30;2021-07-22;4866;5696;415037;342979;55.5;45.8
30;2021-07-23;4943;5833;419980;348812;56.1;46.6
30;2021-07-24;2224;3257;422204;352069;56.4;47.0
30;2021-07-25;134;308;422338;352377;56.4;47.1
30;2021-07-26;4381;4095;426719;356472;57.0;47.6
30;2021-07-27;4804;4611;431523;361083;57.7;48.2
30;2021-07-28;4837;3970;436360;365053;58.3;48.8
30;2021-07-29;5870;4080;442230;369133;59.1;49.3
30;2021-07-30;5294;4327;447524;373460;59.8;49.9
30;2021-07-31;2570;1921;450094;375381;60.1;50.2
30;2021-08-01;687;297;450781;375678;60.2;50.2
31;2020-12-27;0;0;0;0;0.0;0.0
31;2020-12-28;1;0;1;0;0.0;0.0
31;2020-12-29;0;0;1;0;0.0;0.0
31;2020-12-30;0;0;1;0;0.0;0.0
31;2020-12-31;0;0;1;0;0.0;0.0
31;2021-01-01;2;0;3;0;0.0;0.0
31;2021-01-02;0;0;3;0;0.0;0.0
31;2021-01-03;2;0;5;0;0.0;0.0
31;2021-01-04;3;0;8;0;0.0;0.0
31;2021-01-05;50;0;58;0;0.0;0.0
31;2021-01-06;211;1;269;1;0.0;0.0
31;2021-01-07;284;1;553;2;0.0;0.0
31;2021-01-08;544;1;1097;3;0.1;0.0
31;2021-01-09;274;0;1371;3;0.1;0.0
31;2021-01-10;286;0;1657;3;0.1;0.0
31;2021-01-11;977;3;2634;6;0.2;0.0
31;2021-01-12;1190;0;3824;6;0.3;0.0
31;2021-01-13;1156;3;4980;9;0.4;0.0
31;2021-01-14;1176;17;6156;26;0.4;0.0
31;2021-01-15;1046;3;7202;29;0.5;0.0
31;2021-01-16;243;1;7445;30;0.5;0.0
31;2021-01-17;176;0;7621;30;0.5;0.0
31;2021-01-18;1608;4;9229;34;0.7;0.0
31;2021-01-19;2931;11;12160;45;0.9;0.0
31;2021-01-20;3662;10;15822;55;1.1;0.0
31;2021-01-21;2990;5;18812;60;1.3;0.0
31;2021-01-22;2271;5;21083;65;1.5;0.0
31;2021-01-23;728;1;21811;66;1.6;0.0
31;2021-01-24;212;1;22023;67;1.6;0.0
31;2021-01-25;1742;9;23765;76;1.7;0.0
31;2021-01-26;1838;64;25603;140;1.8;0.0
31;2021-01-27;1573;153;27176;293;1.9;0.0
31;2021-01-28;1382;303;28558;596;2.0;0.0
31;2021-01-29;1355;349;29913;945;2.1;0.1
31;2021-01-30;444;187;30357;1132;2.2;0.1
31;2021-01-31;61;210;30418;1342;2.2;0.1
31;2021-02-01;1157;735;31575;2077;2.3;0.1
31;2021-02-02;3033;805;34608;2882;2.5;0.2
31;2021-02-03;1916;779;36524;3661;2.6;0.3
31;2021-02-04;1805;845;38329;4506;2.7;0.3
31;2021-02-05;1340;574;39669;5080;2.8;0.4
31;2021-02-06;378;55;40047;5135;2.9;0.4
31;2021-02-07;36;41;40083;5176;2.9;0.4
31;2021-02-08;1115;667;41198;5843;2.9;0.4
31;2021-02-09;1675;1576;42873;7419;3.1;0.5
31;2021-02-10;1959;2475;44832;9894;3.2;0.7
31;2021-02-11;1814;1823;46646;11717;3.3;0.8
31;2021-02-12;1536;799;48182;12516;3.4;0.9
31;2021-02-13;503;230;48685;12746;3.5;0.9
31;2021-02-14;55;217;48740;12963;3.5;0.9
31;2021-02-15;443;1376;49183;14339;3.5;1.0
31;2021-02-16;465;1554;49648;15893;3.5;1.1
31;2021-02-17;471;1684;50119;17577;3.6;1.3
31;2021-02-18;477;1830;50596;19407;3.6;1.4
31;2021-02-19;391;1573;50987;20980;3.6;1.5
31;2021-02-20;69;532;51056;21512;3.6;1.5
31;2021-02-21;77;161;51133;21673;3.6;1.5
31;2021-02-22;433;1759;51566;23432;3.7;1.7
31;2021-02-23;867;3017;52433;26449;3.7;1.9
31;2021-02-24;653;2197;53086;28646;3.8;2.0
31;2021-02-25;1430;1840;54516;30486;3.9;2.2
31;2021-02-26;1710;1235;56226;31721;4.0;2.3
31;2021-02-27;637;406;56863;32127;4.1;2.3
31;2021-02-28;78;54;56941;32181;4.1;2.3
31;2021-03-01;870;1135;57811;33316;4.1;2.4
31;2021-03-02;1232;1669;59043;34985;4.2;2.5
31;2021-03-03;1356;1818;60399;36803;4.3;2.6
31;2021-03-04;2420;1506;62819;38309;4.5;2.7
31;2021-03-05;3052;1601;65871;39910;4.7;2.8
31;2021-03-06;2833;411;68704;40321;4.9;2.9
31;2021-03-07;5366;100;74070;40421;5.3;2.9
31;2021-03-08;1596;1098;75666;41519;5.4;3.0
31;2021-03-09;2776;1190;78442;42709;5.6;3.0
31;2021-03-10;2572;1089;81014;43798;5.8;3.1
31;2021-03-11;4376;1164;85390;44962;6.1;3.2
31;2021-03-12;5312;1190;90702;46152;6.5;3.3
31;2021-03-13;2835;502;93537;46654;6.7;3.3
31;2021-03-14;233;49;93770;46703;6.7;3.3
31;2021-03-15;2581;426;96351;47129;6.9;3.4
31;2021-03-16;1742;814;98093;47943;7.0;3.4
31;2021-03-17;1654;556;99747;48499;7.1;3.5
31;2021-03-18;1987;711;101734;49210;7.3;3.5
31;2021-03-19;3181;524;104915;49734;7.5;3.6
31;2021-03-20;1794;141;106709;49875;7.6;3.6
31;2021-03-21;210;35;106919;49910;7.6;3.6
31;2021-03-22;2577;363;109496;50273;7.8;3.6
31;2021-03-23;4052;316;113548;50589;8.1;3.6
31;2021-03-24;4352;287;117900;50876;8.4;3.6
31;2021-03-25;6039;514;123939;51390;8.8;3.7
31;2021-03-26;5466;512;129405;51902;9.2;3.7
31;2021-03-27;4347;202;133752;52104;9.5;3.7
31;2021-03-28;2288;45;136040;52149;9.7;3.7
31;2021-03-29;4205;426;140245;52575;10.0;3.8
31;2021-03-30;6592;546;146837;53121;10.5;3.8
31;2021-03-31;5641;364;152478;53485;10.9;3.8
31;2021-04-01;6960;542;159438;54027;11.4;3.9
31;2021-04-02;6100;580;165538;54607;11.8;3.9
31;2021-04-03;3922;150;169460;54757;12.1;3.9
31;2021-04-04;2058;111;171518;54868;12.2;3.9
31;2021-04-05;480;69;171998;54937;12.3;3.9
31;2021-04-06;4157;1142;176155;56079;12.6;4.0
31;2021-04-07;5982;972;182137;57051;13.0;4.1
31;2021-04-08;7561;1025;189698;58076;13.5;4.1
31;2021-04-09;8382;1242;198080;59318;14.1;4.2
31;2021-04-10;4714;540;202794;59858;14.5;4.3
31;2021-04-11;2066;139;204860;59997;14.6;4.3
31;2021-04-12;5994;1829;210854;61826;15.1;4.4
31;2021-04-13;8029;2019;218883;63845;15.6;4.6
31;2021-04-14;6645;1923;225528;65768;16.1;4.7
31;2021-04-15;7769;2232;233297;68000;16.7;4.9
31;2021-04-16;7174;2086;240471;70086;17.2;5.0
31;2021-04-17;4412;898;244883;70984;17.5;5.1
31;2021-04-18;2510;354;247393;71338;17.7;5.1
31;2021-04-19;5216;2023;252609;73361;18.0;5.2
31;2021-04-20;6070;2847;258679;76208;18.5;5.4
31;2021-04-21;5970;2789;264649;78997;18.9;5.6
31;2021-04-22;6380;3235;271029;82232;19.3;5.9
31;2021-04-23;6273;2576;277302;84808;19.8;6.1
31;2021-04-24;1613;3133;278915;87941;19.9;6.3
31;2021-04-25;685;2094;279600;90035;20.0;6.4
31;2021-04-26;3791;3220;283391;93255;20.2;6.7
31;2021-04-27;4513;3900;287904;97155;20.6;6.9
31;2021-04-28;4546;3500;292450;100655;20.9;7.2
31;2021-04-29;5179;4025;297629;104680;21.2;7.5
31;2021-04-30;5034;4133;302663;108813;21.6;7.8
31;2021-05-01;1488;3119;304151;111932;21.7;8.0
31;2021-05-02;1412;1981;305563;113913;21.8;8.1
31;2021-05-03;5652;2419;311215;116332;22.2;8.3
31;2021-05-04;4779;4736;315994;121068;22.6;8.6
31;2021-05-05;2984;5720;318978;126788;22.8;9.1
31;2021-05-06;3628;7381;322606;134169;23.0;9.6
31;2021-05-07;5257;7175;327863;141344;23.4;10.1
31;2021-05-08;3634;3101;331497;144445;23.7;10.3
31;2021-05-09;3758;2310;335255;146755;23.9;10.5
31;2021-05-10;5685;5473;340940;152228;24.3;10.9
31;2021-05-11;6645;6696;347585;158924;24.8;11.3
31;2021-05-12;6169;5916;353754;164840;25.3;11.8
31;2021-05-13;4644;2060;358398;166900;25.6;11.9
31;2021-05-14;6907;3982;365305;170882;26.1;12.2
31;2021-05-15;5142;1753;370447;172635;26.4;12.3
31;2021-05-16;3296;631;373743;173266;26.7;12.4
31;2021-05-17;5143;4147;378886;177413;27.0;12.7
31;2021-05-18;5587;4272;384473;181685;27.4;13.0
31;2021-05-19;5778;3763;390251;185448;27.9;13.2
31;2021-05-20;6473;4802;396724;190250;28.3;13.6
31;2021-05-21;5983;4608;402707;194858;28.7;13.9
31;2021-05-22;4081;1628;406788;196486;29.0;14.0
31;2021-05-23;3584;343;410372;196829;29.3;14.0
31;2021-05-24;3877;708;414249;197537;29.6;14.1
31;2021-05-25;6191;3608;420440;201145;30.0;14.4
31;2021-05-26;5601;4644;426041;205789;30.4;14.7
31;2021-05-27;4777;6194;430818;211983;30.8;15.1
31;2021-05-28;4115;6344;434933;218327;31.0;15.6
31;2021-05-29;1918;4030;436851;222357;31.2;15.9
31;2021-05-30;747;2362;437598;224719;31.2;16.0
31;2021-05-31;4394;5085;441992;229804;31.5;16.4
31;2021-06-01;5948;6561;447940;236365;32.0;16.9
31;2021-06-02;5788;6303;453728;242668;32.4;17.3
31;2021-06-03;7302;8141;461030;250809;32.9;17.9
31;2021-06-04;7532;7159;468562;257968;33.4;18.4
31;2021-06-05;9077;2772;477639;260740;34.1;18.6
31;2021-06-06;8106;1577;485745;262317;34.7;18.7
31;2021-06-07;7985;5468;493730;267785;35.2;19.1
31;2021-06-08;9098;6048;502828;273833;35.9;19.5
31;2021-06-09;8914;5517;511742;279350;36.5;19.9
31;2021-06-10;9770;6331;521512;285681;37.2;20.4
31;2021-06-11;10047;6634;531559;292315;37.9;20.9
31;2021-06-12;8792;3005;540351;295320;38.6;21.1
31;2021-06-13;8374;2002;548725;297322;39.2;21.2
31;2021-06-14;8418;6727;557143;304049;39.8;21.7
31;2021-06-15;9757;7428;566900;311477;40.5;22.2
31;2021-06-16;8723;5251;575623;316728;41.1;22.6
31;2021-06-17;8268;6589;583891;323317;41.7;23.1
31;2021-06-18;8538;7738;592429;331055;42.3;23.6
31;2021-06-19;7361;5429;599790;336484;42.8;24.0
31;2021-06-20;5569;3724;605359;340208;43.2;24.3
31;2021-06-21;5368;6910;610727;347118;43.6;24.8
31;2021-06-22;4967;8220;615694;355338;43.9;25.4
31;2021-06-23;5097;7265;620791;362603;44.3;25.9
31;2021-06-24;4615;8318;625406;370921;44.6;26.5
31;2021-06-25;5010;9306;630416;380227;45.0;27.1
31;2021-06-26;4279;6392;634695;386619;45.3;27.6
31;2021-06-27;3597;4097;638292;390716;45.6;27.9
31;2021-06-28;4094;6645;642386;397361;45.9;28.4
31;2021-06-29;3783;7559;646169;404920;46.1;28.9
31;2021-06-30;4260;7797;650429;412717;46.4;29.5
31;2021-07-01;4028;8460;654457;421177;46.7;30.1
31;2021-07-02;4094;9323;658551;430500;47.0;30.7
31;2021-07-03;4092;6107;662643;436607;47.3;31.2
31;2021-07-04;3203;4800;665846;441407;47.5;31.5
31;2021-07-05;4030;7093;669876;448500;47.8;32.0
31;2021-07-06;3776;8363;673652;456863;48.1;32.6
31;2021-07-07;3937;7983;677589;464846;48.4;33.2
31;2021-07-08;4019;8542;681608;473388;48.7;33.8
31;2021-07-09;4438;8792;686046;482180;49.0;34.4
31;2021-07-10;3909;5488;689955;487668;49.2;34.8
31;2021-07-11;3131;4122;693086;491790;49.5;35.1
31;2021-07-12;3797;8612;696883;500402;49.7;35.7
31;2021-07-13;6876;9404;703759;509806;50.2;36.4
31;2021-07-14;6115;3901;709874;513707;50.7;36.7
31;2021-07-15;8424;9398;718298;523105;51.3;37.3
31;2021-07-16;7717;9868;726015;532973;51.8;38.0
31;2021-07-17;8320;10501;734335;543474;52.4;38.8
31;2021-07-18;6605;9424;740940;552898;52.9;39.5
31;2021-07-19;4768;10771;745708;563669;53.2;40.2
31;2021-07-20;7105;11442;752813;575111;53.7;41.1
31;2021-07-21;6974;11503;759787;586614;54.2;41.9
31;2021-07-22;8128;11716;767915;598330;54.8;42.7
31;2021-07-23;7403;11763;775318;610093;55.3;43.5
31;2021-07-24;10250;10480;785568;620573;56.1;44.3
31;2021-07-25;7523;8749;793091;629322;56.6;44.9
31;2021-07-26;5489;9493;798580;638815;57.0;45.6
31;2021-07-27;7920;9135;806500;647950;57.6;46.3
31;2021-07-28;8622;8226;815122;656176;58.2;46.8
31;2021-07-29;8783;7975;823905;664151;58.8;47.4
31;2021-07-30;7581;7908;831486;672059;59.4;48.0
31;2021-07-31;5947;7330;837433;679389;59.8;48.5
31;2021-08-01;4334;4236;841767;683625;60.1;48.8
32;2020-12-27;0;0;0;0;0.0;0.0
32;2020-12-28;0;0;0;0;0.0;0.0
32;2020-12-29;0;0;0;0;0.0;0.0
32;2020-12-30;0;0;0;0;0.0;0.0
32;2020-12-31;0;0;0;0;0.0;0.0
32;2021-01-01;0;0;0;0;0.0;0.0
32;2021-01-02;0;0;0;0;0.0;0.0
32;2021-01-03;0;0;0;0;0.0;0.0
32;2021-01-04;3;0;3;0;0.0;0.0
32;2021-01-05;1;0;4;0;0.0;0.0
32;2021-01-06;2;0;6;0;0.0;0.0
32;2021-01-07;152;0;158;0;0.1;0.0
32;2021-01-08;70;0;228;0;0.1;0.0
32;2021-01-09;5;0;233;0;0.1;0.0
32;2021-01-10;0;0;233;0;0.1;0.0
32;2021-01-11;11;0;244;0;0.1;0.0
32;2021-01-12;96;0;340;0;0.2;0.0
32;2021-01-13;325;0;665;0;0.3;0.0
32;2021-01-14;377;3;1042;3;0.5;0.0
32;2021-01-15;448;0;1490;3;0.8;0.0
32;2021-01-16;16;2;1506;5;0.8;0.0
32;2021-01-17;1;0;1507;5;0.8;0.0
32;2021-01-18;344;1;1851;6;1.0;0.0
32;2021-01-19;417;0;2268;6;1.2;0.0
32;2021-01-20;358;0;2626;6;1.4;0.0
32;2021-01-21;582;0;3208;6;1.7;0.0
32;2021-01-22;371;0;3579;6;1.9;0.0
32;2021-01-23;180;0;3759;6;2.0;0.0
32;2021-01-24;4;0;3763;6;2.0;0.0
32;2021-01-25;463;1;4226;7;2.2;0.0
32;2021-01-26;604;0;4830;7;2.5;0.0
32;2021-01-27;705;4;5535;11;2.9;0.0
32;2021-01-28;686;17;6221;28;3.3;0.0
32;2021-01-29;460;52;6681;80;3.5;0.0
32;2021-01-30;260;0;6941;80;3.7;0.0
32;2021-01-31;4;5;6945;85;3.7;0.0
32;2021-02-01;288;58;7233;143;3.8;0.1
32;2021-02-02;639;139;7872;282;4.1;0.1
32;2021-02-03;338;201;8210;483;4.3;0.3
32;2021-02-04;424;278;8634;761;4.5;0.4
32;2021-02-05;348;360;8982;1121;4.7;0.6
32;2021-02-06;147;0;9129;1121;4.8;0.6
32;2021-02-07;0;36;9129;1157;4.8;0.6
32;2021-02-08;278;122;9407;1279;5.0;0.7
32;2021-02-09;309;229;9716;1508;5.1;0.8
32;2021-02-10;269;253;9985;1761;5.3;0.9
32;2021-02-11;380;318;10365;2079;5.5;1.1
32;2021-02-12;297;280;10662;2359;5.6;1.2
32;2021-02-13;249;1;10911;2360;5.7;1.2
32;2021-02-14;0;28;10911;2388;5.7;1.3
32;2021-02-15;25;212;10936;2600;5.8;1.4
32;2021-02-16;393;368;11329;2968;6.0;1.6
32;2021-02-17;190;474;11519;3442;6.1;1.8
32;2021-02-18;329;492;11848;3934;6.2;2.1
32;2021-02-19;183;281;12031;4215;6.3;2.2
32;2021-02-20;1;120;12032;4335;6.3;2.3
32;2021-02-21;0;0;12032;4335;6.3;2.3
32;2021-02-22;158;385;12190;4720;6.4;2.5
32;2021-02-23;431;564;12621;5284;6.6;2.8
32;2021-02-24;277;381;12898;5665;6.8;3.0
32;2021-02-25;480;519;13378;6184;7.0;3.3
32;2021-02-26;443;386;13821;6570;7.3;3.5
32;2021-02-27;157;246;13978;6816;7.4;3.6
32;2021-02-28;4;0;13982;6816;7.4;3.6
32;2021-03-01;51;299;14033;7115;7.4;3.7
32;2021-03-02;413;445;14446;7560;7.6;4.0
32;2021-03-03;274;292;14720;7852;7.7;4.1
32;2021-03-04;538;338;15258;8190;8.0;4.3
32;2021-03-05;436;249;15694;8439;8.3;4.4
32;2021-03-06;521;167;16215;8606;8.5;4.5
32;2021-03-07;25;5;16240;8611;8.5;4.5
32;2021-03-08;234;293;16474;8904;8.7;4.7
32;2021-03-09;642;330;17116;9234;9.0;4.9
32;2021-03-10;482;328;17598;9562;9.3;5.0
32;2021-03-11;853;293;18451;9855;9.7;5.2
32;2021-03-12;881;340;19332;10195;10.2;5.4
32;2021-03-13;490;248;19822;10443;10.4;5.5
32;2021-03-14;1;0;19823;10443;10.4;5.5
32;2021-03-15;265;25;20088;10468;10.6;5.5
32;2021-03-16;312;307;20400;10775;10.7;5.7
32;2021-03-17;149;155;20549;10930;10.8;5.8
32;2021-03-18;374;308;20923;11238;11.0;5.9
32;2021-03-19;402;183;21325;11421;11.2;6.0
32;2021-03-20;136;33;21461;11454;11.3;6.0
32;2021-03-21;0;0;21461;11454;11.3;6.0
32;2021-03-22;340;167;21801;11621;11.5;6.1
32;2021-03-23;559;399;22360;12020;11.8;6.3
32;2021-03-24;644;270;23004;12290;12.1;6.5
32;2021-03-25;896;417;23900;12707;12.6;6.7
32;2021-03-26;657;294;24557;13001;12.9;6.8
32;2021-03-27;165;3;24722;13004;13.0;6.8
32;2021-03-28;0;1;24722;13005;13.0;6.8
32;2021-03-29;371;48;25093;13053;13.2;6.9
32;2021-03-30;766;289;25859;13342;13.6;7.0
32;2021-03-31;654;172;26513;13514;14.0;7.1
32;2021-04-01;1238;320;27751;13834;14.6;7.3
32;2021-04-02;575;168;28326;14002;14.9;7.4
32;2021-04-03;114;0;28440;14002;15.0;7.4
32;2021-04-04;0;0;28440;14002;15.0;7.4
32;2021-04-05;0;0;28440;14002;15.0;7.4
32;2021-04-06;2644;306;31084;14308;16.4;7.5
32;2021-04-07;1177;201;32261;14509;17.0;7.6
32;2021-04-08;1737;405;33998;14914;17.9;7.8
32;2021-04-09;882;217;34880;15131;18.4;8.0
32;2021-04-10;808;28;35688;15159;18.8;8.0
32;2021-04-11;14;0;35702;15159;18.8;8.0
32;2021-04-12;476;20;36178;15179;19.0;8.0
32;2021-04-13;2467;382;38645;15561;20.3;8.2
32;2021-04-14;1227;264;39872;15825;21.0;8.3
32;2021-04-15;1702;391;41574;16216;21.9;8.5
32;2021-04-16;638;282;42212;16498;22.2;8.7
32;2021-04-17;781;37;42993;16535;22.6;8.7
32;2021-04-18;13;1;43006;16536;22.6;8.7
32;2021-04-19;502;44;43508;16580;22.9;8.7
32;2021-04-20;2471;387;45979;16967;24.2;8.9
32;2021-04-21;1009;295;46988;17262;24.7;9.1
32;2021-04-22;1662;320;48650;17582;25.6;9.3
32;2021-04-23;546;158;49196;17740;25.9;9.3
32;2021-04-24;1391;54;50587;17794;26.6;9.4
32;2021-04-25;0;11;50587;17805;26.6;9.4
32;2021-04-26;387;360;50974;18165;26.8;9.6
32;2021-04-27;2548;550;53522;18715;28.2;9.8
32;2021-04-28;969;354;54491;19069;28.7;10.0
32;2021-04-29;1010;885;55501;19954;29.2;10.5
32;2021-04-30;453;361;55954;20315;29.4;10.7
32;2021-05-01;2604;95;58558;20410;30.8;10.7
32;2021-05-02;0;0;58558;20410;30.8;10.7
32;2021-05-03;170;321;58728;20731;30.9;10.9
32;2021-05-04;794;2496;59522;23227;31.3;12.2
32;2021-05-05;2360;1094;61882;24321;32.6;12.8
32;2021-05-06;516;1662;62398;25983;32.8;13.7
32;2021-05-07;2285;536;64683;26519;34.0;14.0
32;2021-05-08;71;517;64754;27036;34.1;14.2
32;2021-05-09;21;179;64775;27215;34.1;14.3
32;2021-05-10;1989;549;66764;27764;35.1;14.6
32;2021-05-11;654;2275;67418;30039;35.5;15.8
32;2021-05-12;2312;1138;69730;31177;36.7;16.4
32;2021-05-13;281;1414;70011;32591;36.8;17.1
32;2021-05-14;2222;325;72233;32916;38.0;17.3
32;2021-05-15;134;712;72367;33628;38.1;17.7
32;2021-05-16;1;0;72368;33628;38.1;17.7
32;2021-05-17;353;170;72721;33798;38.3;17.8
32;2021-05-18;1641;296;74362;34094;39.1;17.9
32;2021-05-19;2472;273;76834;34367;40.4;18.1
32;2021-05-20;2887;469;79721;34836;41.9;18.3
32;2021-05-21;2533;498;82254;35334;43.3;18.6
32;2021-05-22;335;111;82589;35445;43.5;18.7
32;2021-05-23;2;13;82591;35458;43.5;18.7
32;2021-05-24;2;0;82593;35458;43.5;18.7
32;2021-05-25;1980;372;84573;35830;44.5;18.9
32;2021-05-26;2545;555;87118;36385;45.8;19.1
32;2021-05-27;2876;625;89994;37010;47.4;19.5
32;2021-05-28;2310;766;92304;37776;48.6;19.9
32;2021-05-29;372;311;92676;38087;48.8;20.0
32;2021-05-30;4;6;92680;38093;48.8;20.0
32;2021-05-31;1412;625;94092;38718;49.5;20.4
32;2021-06-01;564;2888;94656;41606;49.8;21.9
32;2021-06-02;1577;1354;96233;42960;50.6;22.6
32;2021-06-03;397;2086;96630;45046;50.8;23.7
32;2021-06-04;1837;830;98467;45876;51.8;24.1
32;2021-06-05;208;1663;98675;47539;51.9;25.0
32;2021-06-06;8;14;98683;47553;51.9;25.0
32;2021-06-07;103;418;98786;47971;52.0;25.2
32;2021-06-08;662;2540;99448;50511;52.3;26.6
32;2021-06-09;1191;1053;100639;51564;53.0;27.1
32;2021-06-10;683;1220;101322;52784;53.3;27.8
32;2021-06-11;927;662;102249;53446;53.8;28.1
32;2021-06-12;152;2679;102401;56125;53.9;29.5
32;2021-06-13;1;1;102402;56126;53.9;29.5
32;2021-06-14;528;208;102930;56334;54.2;29.6
32;2021-06-15;1727;1024;104657;57358;55.1;30.2
32;2021-06-16;849;2777;105506;60135;55.5;31.6
32;2021-06-17;860;828;106366;60963;56.0;32.1
32;2021-06-18;313;2722;106679;63685;56.1;33.5
32;2021-06-19;914;437;107593;64122;56.6;33.7
32;2021-06-20;5;13;107598;64135;56.6;33.7
32;2021-06-21;68;1994;107666;66129;56.7;34.8
32;2021-06-22;1040;963;108706;67092;57.2;35.3
32;2021-06-23;511;2184;109217;69276;57.5;36.5
32;2021-06-24;522;516;109739;69792;57.7;36.7
32;2021-06-25;486;2356;110225;72148;58.0;38.0
32;2021-06-26;107;171;110332;72319;58.1;38.1
32;2021-06-27;2;5;110334;72324;58.1;38.1
32;2021-06-28;626;602;110960;72926;58.4;38.4
32;2021-06-29;799;1983;111759;74909;58.8;39.4
32;2021-06-30;756;2721;112515;77630;59.2;40.8
32;2021-07-01;537;2639;113052;80269;59.5;42.2
32;2021-07-02;639;2333;113691;82602;59.8;43.5
32;2021-07-03;479;509;114170;83111;60.1;43.7
32;2021-07-04;1;12;114171;83123;60.1;43.7
32;2021-07-05;68;390;114239;83513;60.1;43.9
32;2021-07-06;869;2080;115108;85593;60.6;45.0
32;2021-07-07;776;2751;115884;88344;61.0;46.5
32;2021-07-08;473;2265;116357;90609;61.2;47.7
32;2021-07-09;609;2221;116966;92830;61.5;48.8
32;2021-07-10;533;521;117499;93351;61.8;49.1
32;2021-07-11;0;5;117499;93356;61.8;49.1
32;2021-07-12;522;1240;118021;94596;62.1;49.8
32;2021-07-13;1685;1813;119706;96409;63.0;50.7
32;2021-07-14;482;32;120188;96441;63.2;50.7
32;2021-07-15;2085;877;122273;97318;64.3;51.2
32;2021-07-16;1162;1906;123435;99224;65.0;52.2
32;2021-07-17;76;127;123511;99351;65.0;52.3
32;2021-07-18;2;5;123513;99356;65.0;52.3
32;2021-07-19;1987;145;125500;99501;66.0;52.4
32;2021-07-20;2022;1254;127522;100755;67.1;53.0
32;2021-07-21;1605;1676;129127;102431;67.9;53.9
32;2021-07-22;1942;495;131069;102926;69.0;54.2
32;2021-07-23;1397;1721;132466;104647;69.7;55.1
32;2021-07-24;138;119;132604;104766;69.8;55.1
32;2021-07-25;34;10;132638;104776;69.8;55.1
32;2021-07-26;1068;1057;133706;105833;70.4;55.7
32;2021-07-27;1715;2086;135421;107919;71.3;56.8
32;2021-07-28;687;973;136108;108892;71.6;57.3
32;2021-07-29;1680;1590;137788;110482;72.5;58.1
32;2021-07-30;353;348;138141;110830;72.7;58.3
32;2021-07-31;168;335;138309;111165;72.8;58.5
32;2021-08-01;17;4;138326;111169;72.8;58.5
33;2020-12-27;2;0;2;0;0.0;0.0
33;2020-12-28;1;0;3;0;0.0;0.0
33;2020-12-29;0;0;3;0;0.0;0.0
33;2020-12-30;0;0;3;0;0.0;0.0
33;2020-12-31;0;0;3;0;0.0;0.0
33;2021-01-01;0;0;3;0;0.0;0.0
33;2021-01-02;1;0;4;0;0.0;0.0
33;2021-01-03;0;0;4;0;0.0;0.0
33;2021-01-04;1;0;5;0;0.0;0.0
33;2021-01-05;0;0;5;0;0.0;0.0
33;2021-01-06;134;0;139;0;0.0;0.0
33;2021-01-07;1305;1;1444;1;0.1;0.0
33;2021-01-08;1199;2;2643;3;0.2;0.0
33;2021-01-09;296;1;2939;4;0.2;0.0
33;2021-01-10;229;0;3168;4;0.2;0.0
33;2021-01-11;626;0;3794;4;0.2;0.0
33;2021-01-12;1415;2;5209;6;0.3;0.0
33;2021-01-13;1313;8;6522;14;0.4;0.0
33;2021-01-14;1278;13;7800;27;0.5;0.0
33;2021-01-15;1595;10;9395;37;0.6;0.0
33;2021-01-16;565;8;9960;45;0.6;0.0
33;2021-01-17;406;4;10366;49;0.6;0.0
33;2021-01-18;1194;10;11560;59;0.7;0.0
33;2021-01-19;2920;4;14480;63;0.9;0.0
33;2021-01-20;3394;9;17874;72;1.1;0.0
33;2021-01-21;2854;5;20728;77;1.3;0.0
33;2021-01-22;2319;8;23047;85;1.4;0.0
33;2021-01-23;847;0;23894;85;1.5;0.0
33;2021-01-24;526;2;24420;87;1.5;0.0
33;2021-01-25;2167;61;26587;148;1.6;0.0
33;2021-01-26;2230;160;28817;308;1.8;0.0
33;2021-01-27;2248;210;31065;518;1.9;0.0
33;2021-01-28;2153;443;33218;961;2.0;0.1
33;2021-01-29;1816;693;35034;1654;2.1;0.1
33;2021-01-30;702;175;35736;1829;2.2;0.1
33;2021-01-31;387;157;36123;1986;2.2;0.1
33;2021-02-01;1456;653;37579;2639;2.3;0.2
33;2021-02-02;2642;1105;40221;3744;2.5;0.2
33;2021-02-03;2906;865;43127;4609;2.6;0.3
33;2021-02-04;4019;1347;47146;5956;2.9;0.4
33;2021-02-05;2187;1166;49333;7122;3.0;0.4
33;2021-02-06;642;201;49975;7323;3.1;0.4
33;2021-02-07;218;232;50193;7555;3.1;0.5
33;2021-02-08;1259;761;51452;8316;3.1;0.5
33;2021-02-09;1321;1691;52773;10007;3.2;0.6
33;2021-02-10;1261;1754;54034;11761;3.3;0.7
33;2021-02-11;1289;1448;55323;13209;3.4;0.8
33;2021-02-12;1115;1261;56438;14470;3.5;0.9
33;2021-02-13;199;294;56637;14764;3.5;0.9
33;2021-02-14;44;247;56681;15011;3.5;0.9
33;2021-02-15;689;1732;57370;16743;3.5;1.0
33;2021-02-16;804;2053;58174;18796;3.6;1.2
33;2021-02-17;667;2049;58841;20845;3.6;1.3
33;2021-02-18;898;2269;59739;23114;3.7;1.4
33;2021-02-19;915;2025;60654;25139;3.7;1.5
33;2021-02-20;77;659;60731;25798;3.7;1.6
33;2021-02-21;35;464;60766;26262;3.7;1.6
33;2021-02-22;702;1896;61468;28158;3.8;1.7
33;2021-02-23;1235;2749;62703;30907;3.8;1.9
33;2021-02-24;1360;2533;64063;33440;3.9;2.0
33;2021-02-25;2828;3760;66891;37200;4.1;2.3
33;2021-02-26;4054;2331;70945;39531;4.3;2.4
33;2021-02-27;1359;724;72304;40255;4.4;2.5
33;2021-02-28;123;521;72427;40776;4.4;2.5
33;2021-03-01;1530;1853;73957;42629;4.5;2.6
33;2021-03-02;2325;1748;76282;44377;4.7;2.7
33;2021-03-03;2299;1707;78581;46084;4.8;2.8
33;2021-03-04;3931;1672;82512;47756;5.1;2.9
33;2021-03-05;5753;1746;88265;49502;5.4;3.0
33;2021-03-06;3412;556;91677;50058;5.6;3.1
33;2021-03-07;739;158;92416;50216;5.7;3.1
33;2021-03-08;2711;1155;95127;51371;5.8;3.1
33;2021-03-09;4395;1337;99522;52708;6.1;3.2
33;2021-03-10;5115;1234;104637;53942;6.4;3.3
33;2021-03-11;7536;1223;112173;55165;6.9;3.4
33;2021-03-12;10105;1152;122278;56317;7.5;3.4
33;2021-03-13;5148;205;127426;56522;7.8;3.5
33;2021-03-14;711;22;128137;56544;7.8;3.5
33;2021-03-15;4435;681;132572;57225;8.1;3.5
33;2021-03-16;3580;874;136152;58099;8.3;3.6
33;2021-03-17;3629;939;139781;59038;8.6;3.6
33;2021-03-18;4029;1406;143810;60444;8.8;3.7
33;2021-03-19;6264;1013;150074;61457;9.2;3.8
33;2021-03-20;3360;98;153434;61555;9.4;3.8
33;2021-03-21;457;27;153891;61582;9.4;3.8
33;2021-03-22;4898;439;158789;62021;9.7;3.8
33;2021-03-23;6313;601;165102;62622;10.1;3.8
33;2021-03-24;7070;522;172172;63144;10.5;3.9
33;2021-03-25;8829;645;181001;63789;11.1;3.9
33;2021-03-26;10032;844;191033;64633;11.7;4.0
33;2021-03-27;3618;80;194651;64713;11.9;4.0
33;2021-03-28;577;32;195228;64745;12.0;4.0
33;2021-03-29;6761;694;201989;65439;12.4;4.0
33;2021-03-30;8090;1035;210079;66474;12.9;4.1
33;2021-03-31;7572;1059;217651;67533;13.3;4.1
33;2021-04-01;8806;1181;226457;68714;13.9;4.2
33;2021-04-02;8398;1542;234855;70256;14.4;4.3
33;2021-04-03;2829;523;237684;70779;14.6;4.3
33;2021-04-04;214;160;237898;70939;14.6;4.3
33;2021-04-05;687;122;238585;71061;14.6;4.4
33;2021-04-06;6048;2702;244633;73763;15.0;4.5
33;2021-04-07;7415;2558;252048;76321;15.4;4.7
33;2021-04-08;10319;2778;262367;79099;16.1;4.8
33;2021-04-09;12679;3080;275046;82179;16.8;5.0
33;2021-04-10;5346;1393;280392;83572;17.2;5.1
33;2021-04-11;1001;353;281393;83925;17.2;5.1
33;2021-04-12;7414;3276;288807;87201;17.7;5.3
33;2021-04-13;9309;3472;298116;90673;18.3;5.6
33;2021-04-14;9031;3635;307147;94308;18.8;5.8
33;2021-04-15;10086;3863;317233;98171;19.4;6.0
33;2021-04-16;9712;4231;326945;102402;20.0;6.3
33;2021-04-17;4650;1657;331595;104059;20.3;6.4
33;2021-04-18;927;414;332522;104473;20.4;6.4
33;2021-04-19;5605;3840;338127;108313;20.7;6.6
33;2021-04-20;7288;4255;345415;112568;21.1;6.9
33;2021-04-21;6590;4347;352005;116915;21.5;7.2
33;2021-04-22;7342;4467;359347;121382;22.0;7.4
33;2021-04-23;7694;4796;367041;126178;22.5;7.7
33;2021-04-24;4497;1800;371538;127978;22.7;7.8
33;2021-04-25;1649;418;373187;128396;22.8;7.9
33;2021-04-26;5257;5080;378444;133476;23.2;8.2
33;2021-04-27;6564;5594;385008;139070;23.6;8.5
33;2021-04-28;6770;5565;391778;144635;24.0;8.9
33;2021-04-29;8412;6220;400190;150855;24.5;9.2
33;2021-04-30;8733;6139;408923;156994;25.0;9.6
33;2021-05-01;2895;513;411818;157507;25.2;9.6
33;2021-05-02;1834;344;413652;157851;25.3;9.7
33;2021-05-03;7011;5222;420663;163073;25.8;10.0
33;2021-05-04;6826;6661;427489;169734;26.2;10.4
33;2021-05-05;7137;7567;434626;177301;26.6;10.9
33;2021-05-06;8702;8235;443328;185536;27.1;11.4
33;2021-05-07;8603;8907;451931;194443;27.7;11.9
33;2021-05-08;3541;1597;455472;196040;27.9;12.0
33;2021-05-09;1115;968;456587;197008;28.0;12.1
33;2021-05-10;6872;7288;463459;204296;28.4;12.5
33;2021-05-11;8637;7816;472096;212112;28.9;13.0
33;2021-05-12;9168;6686;481264;218798;29.5;13.4
33;2021-05-13;5205;2106;486469;220904;29.8;13.5
33;2021-05-14;8129;5361;494598;226265;30.3;13.9
33;2021-05-15;5173;2874;499771;229139;30.6;14.0
33;2021-05-16;1838;805;501609;229944;30.7;14.1
33;2021-05-17;8854;5092;510463;235036;31.3;14.4
33;2021-05-18;10611;4870;521074;239906;31.9;14.7
33;2021-05-19;10899;4780;531973;244686;32.6;15.0
33;2021-05-20;10896;5582;542869;250268;33.2;15.3
33;2021-05-21;10915;6259;553784;256527;33.9;15.7
33;2021-05-22;5115;2752;558899;259279;34.2;15.9
33;2021-05-23;1742;381;560641;259660;34.3;15.9
33;2021-05-24;5410;995;566051;260655;34.7;16.0
33;2021-05-25;9381;5766;575432;266421;35.2;16.3
33;2021-05-26;9678;6027;585110;272448;35.8;16.7
33;2021-05-27;10902;7721;596012;280169;36.5;17.2
33;2021-05-28;10065;9539;606077;289708;37.1;17.7
33;2021-05-29;5039;4110;611116;293818;37.4;18.0
33;2021-05-30;1701;665;612817;294483;37.5;18.0
33;2021-05-31;8554;6426;621371;300909;38.0;18.4
33;2021-06-01;11795;8723;633166;309632;38.8;19.0
33;2021-06-02;11709;8217;644875;317849;39.5;19.5
33;2021-06-03;12698;9188;657573;327037;40.3;20.0
33;2021-06-04;12928;10948;670501;337985;41.0;20.7
33;2021-06-05;5269;5063;675770;343048;41.4;21.0
33;2021-06-06;2522;1191;678292;344239;41.5;21.1
33;2021-06-07;9753;8489;688045;352728;42.1;21.6
33;2021-06-08;11930;9453;699975;362181;42.9;22.2
33;2021-06-09;11766;8531;711741;370712;43.6;22.7
33;2021-06-10;12943;8378;724684;379090;44.4;23.2
33;2021-06-11;12505;11180;737189;390270;45.1;23.9
33;2021-06-12;6179;4474;743368;394744;45.5;24.2
33;2021-06-13;2614;1281;745982;396025;45.7;24.2
33;2021-06-14;8574;10151;754556;406176;46.2;24.9
33;2021-06-15;12051;10267;766607;416443;46.9;25.5
33;2021-06-16;12034;8851;778641;425294;47.7;26.0
33;2021-06-17;13062;9605;791703;434899;48.5;26.6
33;2021-06-18;11783;11436;803486;446335;49.2;27.3
33;2021-06-19;5606;4811;809092;451146;49.5;27.6
33;2021-06-20;2941;1467;812033;452613;49.7;27.7
33;2021-06-21;7851;10157;819884;462770;50.2;28.3
33;2021-06-22;9030;11076;828914;473846;50.7;29.0
33;2021-06-23;8628;10835;837542;484681;51.3;29.7
33;2021-06-24;9708;9968;847250;494649;51.9;30.3
33;2021-06-25;8009;13706;855259;508355;52.4;31.1
33;2021-06-26;4330;5918;859589;514273;52.6;31.5
33;2021-06-27;2462;1957;862051;516230;52.8;31.6
33;2021-06-28;4860;12774;866911;529004;53.1;32.4
33;2021-06-29;6410;13644;873321;542648;53.5;33.2
33;2021-06-30;6636;13380;879957;556028;53.9;34.0
33;2021-07-01;7973;11802;887930;567830;54.4;34.8
33;2021-07-02;6763;15114;894693;582944;54.8;35.7
33;2021-07-03;3161;6773;897854;589717;55.0;36.1
33;2021-07-04;2056;2377;899910;592094;55.1;36.2
33;2021-07-05;4308;12915;904218;605009;55.4;37.0
33;2021-07-06;6087;14604;910305;619613;55.7;37.9
33;2021-07-07;6665;13056;916970;632669;56.1;38.7
33;2021-07-08;7880;12752;924850;645421;56.6;39.5
33;2021-07-09;6311;15110;931161;660531;57.0;40.4
33;2021-07-10;3070;7155;934231;667686;57.2;40.9
33;2021-07-11;1834;2298;936065;669984;57.3;41.0
33;2021-07-12;3877;14714;939942;684698;57.5;41.9
33;2021-07-13;7081;16106;947023;700804;58.0;42.9
33;2021-07-14;3651;5308;950674;706112;58.2;43.2
33;2021-07-15;7509;15960;958183;722072;58.7;44.2
33;2021-07-16;8470;15136;966653;737208;59.2;45.1
33;2021-07-17;3083;6426;969736;743634;59.4;45.5
33;2021-07-18;1677;3203;971413;746837;59.5;45.7
33;2021-07-19;5768;15097;977181;761934;59.8;46.6
33;2021-07-20;7357;16124;984538;778058;60.3;47.6
33;2021-07-21;8297;14532;992835;792590;60.8;48.5
33;2021-07-22;9283;15103;1002118;807693;61.4;49.4
33;2021-07-23;9562;16345;1011680;824038;61.9;50.4
33;2021-07-24;3791;7542;1015471;831580;62.2;50.9
33;2021-07-25;2079;2657;1017550;834237;62.3;51.1
33;2021-07-26;6882;13401;1024432;847638;62.7;51.9
33;2021-07-27;9953;13366;1034385;861004;63.3;52.7
33;2021-07-28;10841;11939;1045226;872943;64.0;53.4
33;2021-07-29;11577;11869;1056803;884812;64.7;54.2
33;2021-07-30;11232;12164;1068035;896976;65.4;54.9
33;2021-07-31;4626;5620;1072661;902596;65.7;55.3
33;2021-08-01;2451;1930;1075112;904526;65.8;55.4
34;2020-12-27;1;0;1;0;0.0;0.0
34;2020-12-28;1;0;2;0;0.0;0.0
34;2020-12-29;0;0;2;0;0.0;0.0
34;2020-12-30;0;0;2;0;0.0;0.0
34;2020-12-31;0;0;2;0;0.0;0.0
34;2021-01-01;1;0;3;0;0.0;0.0
34;2021-01-02;2;0;5;0;0.0;0.0
34;2021-01-03;0;0;5;0;0.0;0.0
34;2021-01-04;21;0;26;0;0.0;0.0
34;2021-01-05;106;1;132;1;0.0;0.0
34;2021-01-06;198;1;330;2;0.0;0.0
34;2021-01-07;363;0;693;2;0.1;0.0
34;2021-01-08;606;0;1299;2;0.1;0.0
34;2021-01-09;244;0;1543;2;0.1;0.0
34;2021-01-10;93;1;1636;3;0.1;0.0
34;2021-01-11;560;1;2196;4;0.2;0.0
34;2021-01-12;1006;1;3202;5;0.3;0.0
34;2021-01-13;1098;6;4300;11;0.4;0.0
34;2021-01-14;1948;13;6248;24;0.5;0.0
34;2021-01-15;1468;5;7716;29;0.7;0.0
34;2021-01-16;331;6;8047;35;0.7;0.0
34;2021-01-17;233;1;8280;36;0.7;0.0
34;2021-01-18;1124;4;9404;40;0.8;0.0
34;2021-01-19;1609;7;11013;47;0.9;0.0
34;2021-01-20;2061;8;13074;55;1.1;0.0
34;2021-01-21;4204;9;17278;64;1.5;0.0
34;2021-01-22;2547;8;19825;72;1.7;0.0
34;2021-01-23;598;1;20423;73;1.7;0.0
34;2021-01-24;2;0;20425;73;1.7;0.0
34;2021-01-25;1242;5;21667;78;1.8;0.0
34;2021-01-26;1458;21;23125;99;2.0;0.0
34;2021-01-27;1466;23;24591;122;2.1;0.0
34;2021-01-28;1391;123;25982;245;2.2;0.0
34;2021-01-29;1258;138;27240;383;2.3;0.0
34;2021-01-30;479;25;27719;408;2.4;0.0
34;2021-01-31;4;0;27723;408;2.4;0.0
34;2021-02-01;1027;253;28750;661;2.4;0.1
34;2021-02-02;1455;444;30205;1105;2.6;0.1
34;2021-02-03;2646;527;32851;1632;2.8;0.1
34;2021-02-04;2303;886;35154;2518;3.0;0.2
34;2021-02-05;1887;1184;37041;3702;3.1;0.3
34;2021-02-06;491;242;37532;3944;3.2;0.3
34;2021-02-07;31;108;37563;4052;3.2;0.3
34;2021-02-08;860;1067;38423;5119;3.3;0.4
34;2021-02-09;1031;1313;39454;6432;3.4;0.5
34;2021-02-10;1287;1514;40741;7946;3.5;0.7
34;2021-02-11;1777;2711;42518;10657;3.6;0.9
34;2021-02-12;1913;1646;44431;12303;3.8;1.0
34;2021-02-13;353;513;44784;12816;3.8;1.1
34;2021-02-14;21;287;44805;13103;3.8;1.1
34;2021-02-15;671;1213;45476;14316;3.9;1.2
34;2021-02-16;666;1535;46142;15851;3.9;1.3
34;2021-02-17;710;1531;46852;17382;4.0;1.5
34;2021-02-18;835;1500;47687;18882;4.1;1.6
34;2021-02-19;817;1232;48504;20114;4.1;1.7
34;2021-02-20;301;485;48805;20599;4.1;1.8
34;2021-02-21;62;18;48867;20617;4.2;1.8
34;2021-02-22;629;1316;49496;21933;4.2;1.9
34;2021-02-23;560;1484;50056;23417;4.3;2.0
34;2021-02-24;930;2339;50986;25756;4.3;2.2
34;2021-02-25;1601;2281;52587;28037;4.5;2.4
34;2021-02-26;1848;1623;54435;29660;4.6;2.5
34;2021-02-27;701;434;55136;30094;4.7;2.6
34;2021-02-28;86;64;55222;30158;4.7;2.6
34;2021-03-01;928;1166;56150;31324;4.8;2.7
34;2021-03-02;1588;1291;57738;32615;4.9;2.8
34;2021-03-03;1830;1413;59568;34028;5.1;2.9
34;2021-03-04;2858;1622;62426;35650;5.3;3.0
34;2021-03-05;3677;1541;66103;37191;5.6;3.2
34;2021-03-06;2639;203;68742;37394;5.8;3.2
34;2021-03-07;1242;74;69984;37468;6.0;3.2
34;2021-03-08;2777;1016;72761;38484;6.2;3.3
34;2021-03-09;4010;1453;76771;39937;6.5;3.4
34;2021-03-10;3991;1334;80762;41271;6.9;3.5
34;2021-03-11;5425;1288;86187;42559;7.3;3.6
34;2021-03-12;6490;918;92677;43477;7.9;3.7
34;2021-03-13;3131;173;95808;43650;8.1;3.7
34;2021-03-14;999;54;96807;43704;8.2;3.7
34;2021-03-15;3296;561;100103;44265;8.5;3.8
34;2021-03-16;2907;656;103010;44921;8.8;3.8
34;2021-03-17;3303;727;106313;45648;9.0;3.9
34;2021-03-18;3443;903;109756;46551;9.3;4.0
34;2021-03-19;4689;779;114445;47330;9.7;4.0
34;2021-03-20;3139;59;117584;47389;10.0;4.0
34;2021-03-21;1992;54;119576;47443;10.2;4.0
34;2021-03-22;3681;464;123257;47907;10.5;4.1
34;2021-03-23;4954;528;128211;48435;10.9;4.1
34;2021-03-24;5212;637;133423;49072;11.3;4.2
34;2021-03-25;7191;707;140614;49779;12.0;4.2
34;2021-03-26;7164;565;147778;50344;12.6;4.3
34;2021-03-27;2368;74;150146;50418;12.8;4.3
34;2021-03-28;698;15;150844;50433;12.8;4.3
34;2021-03-29;4177;752;155021;51185;13.2;4.4
34;2021-03-30;5216;963;160237;52148;13.6;4.4
34;2021-03-31;5064;1193;165301;53341;14.1;4.5
34;2021-04-01;7027;996;172328;54337;14.7;4.6
34;2021-04-02;5815;1170;178143;55507;15.1;4.7
34;2021-04-03;1137;85;179280;55592;15.2;4.7
34;2021-04-04;163;5;179443;55597;15.3;4.7
34;2021-04-05;430;26;179873;55623;15.3;4.7
34;2021-04-06;3128;2453;183001;58076;15.6;4.9
34;2021-04-07;3383;2641;186384;60717;15.8;5.2
34;2021-04-08;5247;2817;191631;63534;16.3;5.4
34;2021-04-09;8066;2482;199697;66016;17.0;5.6
34;2021-04-10;3165;1362;202862;67378;17.2;5.7
34;2021-04-11;1713;804;204575;68182;17.4;5.8
34;2021-04-12;4480;2521;209055;70703;17.8;6.0
34;2021-04-13;5234;3053;214289;73756;18.2;6.3
34;2021-04-14;5614;3228;219903;76984;18.7;6.5
34;2021-04-15;6988;3153;226891;80137;19.3;6.8
34;2021-04-16;6567;3153;233458;83290;19.8;7.1
34;2021-04-17;2371;2067;235829;85357;20.1;7.3
34;2021-04-18;989;1718;236818;87075;20.1;7.4
34;2021-04-19;3418;3126;240236;90201;20.4;7.7
34;2021-04-20;3762;3668;243998;93869;20.7;8.0
34;2021-04-21;4237;3716;248235;97585;21.1;8.3
34;2021-04-22;4482;4614;252717;102199;21.5;8.7
34;2021-04-23;5362;3516;258079;105715;21.9;9.0
34;2021-04-24;3160;1574;261239;107289;22.2;9.1
34;2021-04-25;1919;643;263158;107932;22.4;9.2
34;2021-04-26;4214;3474;267372;111406;22.7;9.5
34;2021-04-27;5124;4016;272496;115422;23.2;9.8
34;2021-04-28;5759;3541;278255;118963;23.7;10.1
34;2021-04-29;6417;3941;284672;122904;24.2;10.4
34;2021-04-30;7865;3285;292537;126189;24.9;10.7
34;2021-05-01;2402;501;294939;126690;25.1;10.8
34;2021-05-02;3258;317;298197;127007;25.4;10.8
34;2021-05-03;6574;2890;304771;129897;25.9;11.0
34;2021-05-04;7112;3792;311883;133689;26.5;11.4
34;2021-05-05;6497;4528;318380;138217;27.1;11.8
34;2021-05-06;6940;5209;325320;143426;27.7;12.2
34;2021-05-07;6923;5669;332243;149095;28.2;12.7
34;2021-05-08;3604;1165;335847;150260;28.6;12.8
34;2021-05-09;2176;1287;338023;151547;28.7;12.9
34;2021-05-10;5862;4798;343885;156345;29.2;13.3
34;2021-05-11;7412;5316;351297;161661;29.9;13.7
34;2021-05-12;7746;4461;359043;166122;30.5;14.1
34;2021-05-13;6119;774;365162;166896;31.0;14.2
34;2021-05-14;7481;3732;372643;170628;31.7;14.5
34;2021-05-15;4865;1683;377508;172311;32.1;14.7
34;2021-05-16;4945;457;382453;172768;32.5;14.7
34;2021-05-17;8690;1982;391143;174750;33.3;14.9
34;2021-05-18;9135;1968;400278;176718;34.0;15.0
34;2021-05-19;8622;1801;408900;178519;34.8;15.2
34;2021-05-20;8865;2507;417765;181026;35.5;15.4
34;2021-05-21;8778;3219;426543;184245;36.3;15.7
34;2021-05-22;5786;1148;432329;185393;36.8;15.8
34;2021-05-23;3881;544;436210;185937;37.1;15.8
34;2021-05-24;1896;852;438106;186789;37.2;15.9
34;2021-05-25;7138;3809;445244;190598;37.9;16.2
34;2021-05-26;8315;3018;453559;193616;38.6;16.5
34;2021-05-27;8317;4297;461876;197913;39.3;16.8
34;2021-05-28;8043;5440;469919;203353;40.0;17.3
34;2021-05-29;4003;3106;473922;206459;40.3;17.6
34;2021-05-30;1988;1392;475910;207851;40.5;17.7
34;2021-05-31;5874;5249;481784;213100;41.0;18.1
34;2021-06-01;6940;6105;488724;219205;41.6;18.6
34;2021-06-02;6126;5806;494850;225011;42.1;19.1
34;2021-06-03;7706;6491;502556;231502;42.7;19.7
34;2021-06-04;7654;7591;510210;239093;43.4;20.3
34;2021-06-05;4136;3671;514346;242764;43.7;20.6
34;2021-06-06;3268;1866;517614;244630;44.0;20.8
34;2021-06-07;4410;6762;522024;251392;44.4;21.4
34;2021-06-08;5855;6815;527879;258207;44.9;22.0
34;2021-06-09;5821;6823;533700;265030;45.4;22.5
34;2021-06-10;6313;6870;540013;271900;45.9;23.1
34;2021-06-11;5395;9270;545408;281170;46.4;23.9
34;2021-06-12;3169;4724;548577;285894;46.6;24.3
34;2021-06-13;1077;1904;549654;287798;46.7;24.5
34;2021-06-14;3439;7816;553093;295614;47.0;25.1
34;2021-06-15;3944;8786;557037;304400;47.4;25.9
34;2021-06-16;4601;7848;561638;312248;47.8;26.5
34;2021-06-17;4206;7954;565844;320202;48.1;27.2
34;2021-06-18;4340;9323;570184;329525;48.5;28.0
34;2021-06-19;2732;4400;572916;333925;48.7;28.4
34;2021-06-20;887;2871;573803;336796;48.8;28.6
34;2021-06-21;2164;8552;575967;345348;49.0;29.4
34;2021-06-22;2967;9408;578934;354756;49.2;30.2
34;2021-06-23;3506;8968;582440;363724;49.5;30.9
34;2021-06-24;3541;8671;585981;372395;49.8;31.7
34;2021-06-25;3341;10426;589322;382821;50.1;32.5
34;2021-06-26;1636;6192;590958;389013;50.2;33.1
34;2021-06-27;305;4271;591263;393284;50.3;33.4
34;2021-06-28;2257;9431;593520;402715;50.5;34.2
34;2021-06-29;2665;10288;596185;413003;50.7;35.1
34;2021-06-30;3256;9549;599441;422552;51.0;35.9
34;2021-07-01;3412;9435;602853;431987;51.3;36.7
34;2021-07-02;3339;9734;606192;441721;51.5;37.6
34;2021-07-03;1658;6166;607850;447887;51.7;38.1
34;2021-07-04;310;2764;608160;450651;51.7;38.3
34;2021-07-05;3181;7999;611341;458650;52.0;39.0
34;2021-07-06;3407;9167;614748;467817;52.3;39.8
34;2021-07-07;3224;8625;617972;476442;52.5;40.5
34;2021-07-08;4244;8846;622216;485288;52.9;41.3
34;2021-07-09;3888;9324;626104;494612;53.2;42.1
34;2021-07-10;2090;5702;628194;500314;53.4;42.5
34;2021-07-11;917;2574;629111;502888;53.5;42.8
34;2021-07-12;2821;8965;631932;511853;53.7;43.5
34;2021-07-13;4507;10006;636439;521859;54.1;44.4
34;2021-07-14;736;344;637175;522203;54.2;44.4
34;2021-07-15;5765;10354;642940;532557;54.7;45.3
34;2021-07-16;5690;10672;648630;543229;55.1;46.2
34;2021-07-17;4439;4385;653069;547614;55.5;46.6
34;2021-07-18;226;197;653295;547811;55.5;46.6
34;2021-07-19;5020;8284;658315;556095;56.0;47.3
34;2021-07-20;6747;8344;665062;564439;56.5;48.0
34;2021-07-21;7478;7755;672540;572194;57.2;48.6
34;2021-07-22;7346;8117;679886;580311;57.8;49.3
34;2021-07-23;7728;8089;687614;588400;58.5;50.0
34;2021-07-24;5970;3006;693584;591406;59.0;50.3
34;2021-07-25;3192;527;696776;591933;59.2;50.3
34;2021-07-26;6193;6399;702969;598332;59.8;50.9
34;2021-07-27;8319;5977;711288;604309;60.5;51.4
34;2021-07-28;9173;5844;720461;610153;61.3;51.9
34;2021-07-29;11186;5941;731647;616094;62.2;52.4
34;2021-07-30;9657;6422;741304;622516;63.0;52.9
34;2021-07-31;6347;2118;747651;624634;63.6;53.1
34;2021-08-01;3208;550;750859;625184;63.8;53.2
35;2020-12-27;0;0;0;0;0.0;0.0
35;2020-12-28;0;0;0;0;0.0;0.0
35;2020-12-29;2;0;2;0;0.0;0.0
35;2020-12-30;0;0;2;0;0.0;0.0
35;2020-12-31;1;0;3;0;0.0;0.0
35;2021-01-01;2;0;5;0;0.0;0.0
35;2021-01-02;0;0;5;0;0.0;0.0
35;2021-01-03;0;0;5;0;0.0;0.0
35;2021-01-04;10;0;15;0;0.0;0.0
35;2021-01-05;108;0;123;0;0.0;0.0
35;2021-01-06;175;0;298;0;0.0;0.0
35;2021-01-07;438;1;736;1;0.1;0.0
35;2021-01-08;513;1;1249;2;0.1;0.0
35;2021-01-09;31;0;1280;2;0.1;0.0
35;2021-01-10;1;0;1281;2;0.1;0.0
35;2021-01-11;538;0;1819;2;0.2;0.0
35;2021-01-12;885;2;2704;4;0.2;0.0
35;2021-01-13;967;1;3671;5;0.3;0.0
35;2021-01-14;1259;18;4930;23;0.5;0.0
35;2021-01-15;728;2;5658;25;0.5;0.0
35;2021-01-16;186;2;5844;27;0.5;0.0
35;2021-01-17;43;0;5887;27;0.5;0.0
35;2021-01-18;1221;2;7108;29;0.7;0.0
35;2021-01-19;5369;10;12477;39;1.2;0.0
35;2021-01-20;3202;7;15679;46;1.4;0.0
35;2021-01-21;3626;5;19305;51;1.8;0.0
35;2021-01-22;2086;10;21391;61;2.0;0.0
35;2021-01-23;421;1;21812;62;2.0;0.0
35;2021-01-24;49;0;21861;62;2.0;0.0
35;2021-01-25;914;17;22775;79;2.1;0.0
35;2021-01-26;1127;138;23902;217;2.2;0.0
35;2021-01-27;1030;129;24932;346;2.3;0.0
35;2021-01-28;915;300;25847;646;2.4;0.1
35;2021-01-29;724;292;26571;938;2.5;0.1
35;2021-01-30;139;20;26710;958;2.5;0.1
35;2021-01-31;0;0;26710;958;2.5;0.1
35;2021-02-01;667;335;27377;1293;2.5;0.1
35;2021-02-02;723;489;28100;1782;2.6;0.2
35;2021-02-03;658;506;28758;2288;2.7;0.2
35;2021-02-04;589;657;29347;2945;2.7;0.3
35;2021-02-05;624;563;29971;3508;2.8;0.3
35;2021-02-06;168;5;30139;3513;2.8;0.3
35;2021-02-07;1;0;30140;3513;2.8;0.3
35;2021-02-08;447;659;30587;4172;2.8;0.4
35;2021-02-09;1714;3554;32301;7726;3.0;0.7
35;2021-02-10;1368;2710;33669;10436;3.1;1.0
35;2021-02-11;1919;3219;35588;13655;3.3;1.3
35;2021-02-12;1637;1742;37225;15397;3.4;1.4
35;2021-02-13;57;254;37282;15651;3.4;1.4
35;2021-02-14;7;68;37289;15719;3.4;1.5
35;2021-02-15;771;1103;38060;16822;3.5;1.6
35;2021-02-16;918;1029;38978;17851;3.6;1.6
35;2021-02-17;888;1100;39866;18951;3.7;1.8
35;2021-02-18;1015;999;40881;19950;3.8;1.8
35;2021-02-19;1010;972;41891;20922;3.9;1.9
35;2021-02-20;143;49;42034;20971;3.9;1.9
35;2021-02-21;5;0;42039;20971;3.9;1.9
35;2021-02-22;774;834;42813;21805;4.0;2.0
35;2021-02-23;1287;864;44100;22669;4.1;2.1
35;2021-02-24;1403;818;45503;23487;4.2;2.2
35;2021-02-25;2244;782;47747;24269;4.4;2.2
35;2021-02-26;2598;733;50345;25002;4.7;2.3
35;2021-02-27;868;103;51213;25105;4.7;2.3
35;2021-02-28;9;0;51222;25105;4.7;2.3
35;2021-03-01;959;693;52181;25798;4.8;2.4
35;2021-03-02;1632;1995;53813;27793;5.0;2.6
35;2021-03-03;1907;967;55720;28760;5.1;2.7
35;2021-03-04;2916;1408;58636;30168;5.4;2.8
35;2021-03-05;3710;1332;62346;31500;5.8;2.9
35;2021-03-06;1340;87;63686;31587;5.9;2.9
35;2021-03-07;1;40;63687;31627;5.9;2.9
35;2021-03-08;1469;579;65156;32206;6.0;3.0
35;2021-03-09;3230;593;68386;32799;6.3;3.0
35;2021-03-10;2901;562;71287;33361;6.6;3.1
35;2021-03-11;4191;704;75478;34065;7.0;3.1
35;2021-03-12;6046;591;81524;34656;7.5;3.2
35;2021-03-13;2424;131;83948;34787;7.8;3.2
35;2021-03-14;18;25;83966;34812;7.8;3.2
35;2021-03-15;1965;668;85931;35480;7.9;3.3
35;2021-03-16;2500;727;88431;36207;8.2;3.3
35;2021-03-17;2389;601;90820;36808;8.4;3.4
35;2021-03-18;2331;594;93151;37402;8.6;3.5
35;2021-03-19;3541;498;96692;37900;8.9;3.5
35;2021-03-20;1536;111;98228;38011;9.1;3.5
35;2021-03-21;36;1;98264;38012;9.1;3.5
35;2021-03-22;1747;841;100011;38853;9.2;3.6
35;2021-03-23;3622;1179;103633;40032;9.6;3.7
35;2021-03-24;3727;987;107360;41019;9.9;3.8
35;2021-03-25;5330;985;112690;42004;10.4;3.9
35;2021-03-26;5840;807;118530;42811;11.0;4.0
35;2021-03-27;1414;205;119944;43016;11.1;4.0
35;2021-03-28;4;0;119948;43016;11.1;4.0
35;2021-03-29;2779;909;122727;43925;11.3;4.1
35;2021-03-30;4288;1329;127015;45254;11.7;4.2
35;2021-03-31;3467;1336;130482;46590;12.1;4.3
35;2021-04-01;4247;1227;134729;47817;12.5;4.4
35;2021-04-02;4861;1204;139590;49021;12.9;4.5
35;2021-04-03;762;214;140352;49235;13.0;4.6
35;2021-04-04;5;0;140357;49235;13.0;4.6
35;2021-04-05;18;1;140375;49236;13.0;4.6
35;2021-04-06;3269;2042;143644;51278;13.3;4.7
35;2021-04-07;3956;1844;147600;53122;13.6;4.9
35;2021-04-08;5803;1584;153403;54706;14.2;5.1
35;2021-04-09;7423;1408;160826;56114;14.9;5.2
35;2021-04-10;1859;248;162685;56362;15.0;5.2
35;2021-04-11;35;23;162720;56385;15.0;5.2
35;2021-04-12;5133;1598;167853;57983;15.5;5.4
35;2021-04-13;7612;2783;175465;60766;16.2;5.6
35;2021-04-14;6315;2292;181780;63058;16.8;5.8
35;2021-04-15;7560;2156;189340;65214;17.5;6.0
35;2021-04-16;8079;1735;197419;66949;18.2;6.2
35;2021-04-17;1569;217;198988;67166;18.4;6.2
35;2021-04-18;10;4;198998;67170;18.4;6.2
35;2021-04-19;4814;1670;203812;68840;18.8;6.4
35;2021-04-20;5157;2633;208969;71473;19.3;6.6
35;2021-04-21;5127;2199;214096;73672;19.8;6.8
35;2021-04-22;6424;2316;220520;75988;20.4;7.0
35;2021-04-23;6815;2348;227335;78336;21.0;7.2
35;2021-04-24;1127;261;228462;78597;21.1;7.3
35;2021-04-25;7;16;228469;78613;21.1;7.3
35;2021-04-26;5095;2149;233564;80762;21.6;7.5
35;2021-04-27;6085;3202;239649;83964;22.1;7.8
35;2021-04-28;6170;2555;245819;86519;22.7;8.0
35;2021-04-29;7114;2750;252933;89269;23.4;8.2
35;2021-04-30;7548;2527;260481;91796;24.1;8.5
35;2021-05-01;616;239;261097;92035;24.1;8.5
35;2021-05-02;13;21;261110;92056;24.1;8.5
35;2021-05-03;5308;2329;266418;94385;24.6;8.7
35;2021-05-04;5078;5336;271496;99721;25.1;9.2
35;2021-05-05;4876;4437;276372;104158;25.5;9.6
35;2021-05-06;6165;5267;282537;109425;26.1;10.1
35;2021-05-07;5618;5248;288155;114673;26.6;10.6
35;2021-05-08;1720;136;289875;114809;26.8;10.6
35;2021-05-09;695;75;290570;114884;26.9;10.6
35;2021-05-10;3715;4961;294285;119845;27.2;11.1
35;2021-05-11;4770;5797;299055;125642;27.6;11.6
35;2021-05-12;5282;5496;304337;131138;28.1;12.1
35;2021-05-13;2693;1427;307030;132565;28.4;12.3
35;2021-05-14;5457;4281;312487;136846;28.9;12.6
35;2021-05-15;2928;716;315415;137562;29.1;12.7
35;2021-05-16;995;60;316410;137622;29.2;12.7
35;2021-05-17;4477;3884;320887;141506;29.7;13.1
35;2021-05-18;5833;4322;326720;145828;30.2;13.5
35;2021-05-19;5860;3619;332580;149447;30.7;13.8
35;2021-05-20;6443;4010;339023;153457;31.3;14.2
35;2021-05-21;6130;4766;345153;158223;31.9;14.6
35;2021-05-22;2115;739;347268;158962;32.1;14.7
35;2021-05-23;689;46;347957;159008;32.2;14.7
35;2021-05-24;3204;1295;351161;160303;32.5;14.8
35;2021-05-25;5542;4274;356703;164577;33.0;15.2
35;2021-05-26;5720;4167;362423;168744;33.5;15.6
35;2021-05-27;6522;4777;368945;173521;34.1;16.0
35;2021-05-28;6329;5577;375274;179098;34.7;16.6
35;2021-05-29;2874;1148;378148;180246;34.9;16.7
35;2021-05-30;876;39;379024;180285;35.0;16.7
35;2021-05-31;6309;4386;385333;184671;35.6;17.1
35;2021-06-01;7365;5119;392698;189790;36.3;17.5
35;2021-06-02;7212;3790;399910;193580;37.0;17.9
35;2021-06-03;8153;4993;408063;198573;37.7;18.4
35;2021-06-04;7271;7463;415334;206036;38.4;19.0
35;2021-06-05;4140;1579;419474;207615;38.8;19.2
35;2021-06-06;3054;148;422528;207763;39.0;19.2
35;2021-06-07;5774;5768;428302;213531;39.6;19.7
35;2021-06-08;7592;5948;435894;219479;40.3;20.3
35;2021-06-09;8456;4817;444350;224296;41.1;20.7
35;2021-06-10;9338;4744;453688;229040;41.9;21.2
35;2021-06-11;8632;7471;462320;236511;42.7;21.9
35;2021-06-12;4687;1204;467007;237715;43.2;22.0
35;2021-06-13;3383;222;470390;237937;43.5;22.0
35;2021-06-14;6229;6514;476619;244451;44.0;22.6
35;2021-06-15;7502;6959;484121;251410;44.7;23.2
35;2021-06-16;8312;5626;492433;257036;45.5;23.8
35;2021-06-17;8882;5897;501315;262933;46.3;24.3
35;2021-06-18;8707;8100;510022;271033;47.1;25.0
35;2021-06-19;1500;2510;511522;273543;47.3;25.3
35;2021-06-20;2955;885;514477;274428;47.5;25.4
35;2021-06-21;5912;6372;520389;280800;48.1;26.0
35;2021-06-22;6799;7498;527188;288298;48.7;26.6
35;2021-06-23;7211;6144;534399;294442;49.4;27.2
35;2021-06-24;8321;5904;542720;300346;50.2;27.8
35;2021-06-25;6598;8462;549318;308808;50.8;28.5
35;2021-06-26;1100;3081;550418;311889;50.9;28.8
35;2021-06-27;2625;1026;553043;312915;51.1;28.9
35;2021-06-28;4267;7753;557310;320668;51.5;29.6
35;2021-06-29;5048;7972;562358;328640;52.0;30.4
35;2021-06-30;5561;7888;567919;336528;52.5;31.1
35;2021-07-01;6477;7539;574396;344067;53.1;31.8
35;2021-07-02;5305;9855;579701;353922;53.6;32.7
35;2021-07-03;1072;2842;580773;356764;53.7;33.0
35;2021-07-04;2144;1552;582917;358316;53.9;33.1
35;2021-07-05;3705;8211;586622;366527;54.2;33.9
35;2021-07-06;4724;9476;591346;376003;54.6;34.7
35;2021-07-07;4990;8333;596336;384336;55.1;35.5
35;2021-07-08;5319;8488;601655;392824;55.6;36.3
35;2021-07-09;3848;11545;605503;404369;56.0;37.4
35;2021-07-10;888;3149;606391;407518;56.0;37.7
35;2021-07-11;1290;2360;607681;409878;56.2;37.9
35;2021-07-12;3030;9159;610711;419037;56.4;38.7
35;2021-07-13;3933;10745;614644;429782;56.8;39.7
35;2021-07-14;2133;4451;616777;434233;57.0;40.1
35;2021-07-15;4235;10180;621012;444413;57.4;41.1
35;2021-07-16;4675;11005;625687;455418;57.8;42.1
35;2021-07-17;1969;4069;627656;459487;58.0;42.5
35;2021-07-18;841;2569;628497;462056;58.1;42.7
35;2021-07-19;3221;8982;631718;471038;58.4;43.5
35;2021-07-20;4177;10592;635895;481630;58.8;44.5
35;2021-07-21;4274;9379;640169;491009;59.2;45.4
35;2021-07-22;4784;9657;644953;500666;59.6;46.3
35;2021-07-23;4512;11006;649465;511672;60.0;47.3
35;2021-07-24;1580;4264;651045;515936;60.2;47.7
35;2021-07-25;809;2844;651854;518780;60.2;47.9
35;2021-07-26;3835;8733;655689;527513;60.6;48.8
35;2021-07-27;5152;9643;660841;537156;61.1;49.6
35;2021-07-28;5272;8666;666113;545822;61.6;50.4
35;2021-07-29;6044;8322;672157;554144;62.1;51.2
35;2021-07-30;5813;9050;677970;563194;62.7;52.0
35;2021-07-31;2286;3650;680256;566844;62.9;52.4
35;2021-08-01;1513;2410;681769;569254;63.0;52.6
36;2020-12-27;0;0;0;0;0.0;0.0
36;2020-12-28;0;0;0;0;0.0;0.0
36;2020-12-29;0;0;0;0;0.0;0.0
36;2020-12-30;0;0;0;0;0.0;0.0
36;2020-12-31;0;0;0;0;0.0;0.0
36;2021-01-01;0;0;0;0;0.0;0.0
36;2021-01-02;0;0;0;0;0.0;0.0
36;2021-01-03;0;0;0;0;0.0;0.0
36;2021-01-04;0;0;0;0;0.0;0.0
36;2021-01-05;0;0;0;0;0.0;0.0
36;2021-01-06;24;0;24;0;0.0;0.0
36;2021-01-07;51;0;75;0;0.0;0.0
36;2021-01-08;111;0;186;0;0.1;0.0
36;2021-01-09;83;0;269;0;0.1;0.0
36;2021-01-10;142;0;411;0;0.2;0.0
36;2021-01-11;239;1;650;1;0.3;0.0
36;2021-01-12;282;0;932;1;0.4;0.0
36;2021-01-13;198;1;1130;2;0.5;0.0
36;2021-01-14;505;4;1635;6;0.8;0.0
36;2021-01-15;179;1;1814;7;0.8;0.0
36;2021-01-16;24;0;1838;7;0.8;0.0
36;2021-01-17;19;2;1857;9;0.9;0.0
36;2021-01-18;613;5;2470;14;1.1;0.0
36;2021-01-19;1164;3;3634;17;1.7;0.0
36;2021-01-20;1098;3;4732;20;2.2;0.0
36;2021-01-21;720;0;5452;20;2.5;0.0
36;2021-01-22;856;4;6308;24;2.9;0.0
36;2021-01-23;295;0;6603;24;3.0;0.0
36;2021-01-24;185;1;6788;25;3.1;0.0
36;2021-01-25;640;5;7428;30;3.4;0.0
36;2021-01-26;609;1;8037;31;3.7;0.0
36;2021-01-27;848;19;8885;50;4.1;0.0
36;2021-01-28;477;47;9362;97;4.3;0.0
36;2021-01-29;573;98;9935;195;4.6;0.1
36;2021-01-30;288;73;10223;268;4.7;0.1
36;2021-01-31;115;136;10338;404;4.8;0.2
36;2021-02-01;378;100;10716;504;4.9;0.2
36;2021-02-02;410;175;11126;679;5.1;0.3
36;2021-02-03;471;264;11597;943;5.3;0.4
36;2021-02-04;275;280;11872;1223;5.5;0.6
36;2021-02-05;302;164;12174;1387;5.6;0.6
36;2021-02-06;0;0;12174;1387;5.6;0.6
36;2021-02-07;1;0;12175;1387;5.6;0.6
36;2021-02-08;280;259;12455;1646;5.7;0.8
36;2021-02-09;327;609;12782;2255;5.9;1.0
36;2021-02-10;487;656;13269;2911;6.1;1.3
36;2021-02-11;385;600;13654;3511;6.3;1.6
36;2021-02-12;301;461;13955;3972;6.4;1.8
36;2021-02-13;126;83;14081;4055;6.5;1.9
36;2021-02-14;22;45;14103;4100;6.5;1.9
36;2021-02-15;42;576;14145;4676;6.5;2.2
36;2021-02-16;105;419;14250;5095;6.6;2.3
36;2021-02-17;117;626;14367;5721;6.6;2.6
36;2021-02-18;162;620;14529;6341;6.7;2.9
36;2021-02-19;181;541;14710;6882;6.8;3.2
36;2021-02-20;85;239;14795;7121;6.8;3.3
36;2021-02-21;87;157;14882;7278;6.9;3.4
36;2021-02-22;162;507;15044;7785;6.9;3.6
36;2021-02-23;62;575;15106;8360;7.0;3.9
36;2021-02-24;111;682;15217;9042;7.0;4.2
36;2021-02-25;251;283;15468;9325;7.1;4.3
36;2021-02-26;339;474;15807;9799;7.3;4.5
36;2021-02-27;72;277;15879;10076;7.3;4.6
36;2021-02-28;13;97;15892;10173;7.3;4.7
36;2021-03-01;218;342;16110;10515;7.4;4.8
36;2021-03-02;352;362;16462;10877;7.6;5.0
36;2021-03-03;393;531;16855;11408;7.8;5.3
36;2021-03-04;662;356;17517;11764;8.1;5.4
36;2021-03-05;799;295;18316;12059;8.4;5.6
36;2021-03-06;410;16;18726;12075;8.6;5.6
36;2021-03-07;340;7;19066;12082;8.8;5.6
36;2021-03-08;251;315;19317;12397;8.9;5.7
36;2021-03-09;446;268;19763;12665;9.1;5.8
36;2021-03-10;722;409;20485;13074;9.4;6.0
36;2021-03-11;837;242;21322;13316;9.8;6.1
36;2021-03-12;1445;292;22767;13608;10.5;6.3
36;2021-03-13;573;125;23340;13733;10.7;6.3
36;2021-03-14;113;0;23453;13733;10.8;6.3
36;2021-03-15;648;157;24101;13890;11.1;6.4
36;2021-03-16;447;65;24548;13955;11.3;6.4
36;2021-03-17;764;88;25312;14043;11.7;6.5
36;2021-03-18;414;71;25726;14114;11.8;6.5
36;2021-03-19;738;39;26464;14153;12.2;6.5
36;2021-03-20;451;27;26915;14180;12.4;6.5
36;2021-03-21;0;0;26915;14180;12.4;6.5
36;2021-03-22;496;58;27411;14238;12.6;6.6
36;2021-03-23;777;56;28188;14294;13.0;6.6
36;2021-03-24;1088;74;29276;14368;13.5;6.6
36;2021-03-25;1333;89;30609;14457;14.1;6.7
36;2021-03-26;1419;154;32028;14611;14.7;6.7
36;2021-03-27;475;42;32503;14653;15.0;6.7
36;2021-03-28;68;57;32571;14710;15.0;6.8
36;2021-03-29;461;183;33032;14893;15.2;6.9
36;2021-03-30;582;264;33614;15157;15.5;7.0
36;2021-03-31;1262;168;34876;15325;16.1;7.1
36;2021-04-01;1084;428;35960;15753;16.6;7.3
36;2021-04-02;964;136;36924;15889;17.0;7.3
36;2021-04-03;282;176;37206;16065;17.1;7.4
36;2021-04-04;42;2;37248;16067;17.2;7.4
36;2021-04-05;15;46;37263;16113;17.2;7.4
36;2021-04-06;821;362;38084;16475;17.5;7.6
36;2021-04-07;1073;537;39157;17012;18.0;7.8
36;2021-04-08;1347;478;40504;17490;18.7;8.1
36;2021-04-09;1938;400;42442;17890;19.5;8.2
36;2021-04-10;591;240;43033;18130;19.8;8.3
36;2021-04-11;256;91;43289;18221;19.9;8.4
36;2021-04-12;849;561;44138;18782;20.3;8.6
36;2021-04-13;1138;518;45276;19300;20.9;8.9
36;2021-04-14;1581;861;46857;20161;21.6;9.3
36;2021-04-15;1653;467;48510;20628;22.3;9.5
36;2021-04-16;1488;466;49998;21094;23.0;9.7
36;2021-04-17;893;247;50891;21341;23.4;9.8
36;2021-04-18;383;7;51274;21348;23.6;9.8
36;2021-04-19;874;441;52148;21789;24.0;10.0
36;2021-04-20;1145;519;53293;22308;24.5;10.3
36;2021-04-21;1240;875;54533;23183;25.1;10.7
36;2021-04-22;1593;869;56126;24052;25.8;11.1
36;2021-04-23;1327;618;57453;24670;26.5;11.4
36;2021-04-24;678;379;58131;25049;26.8;11.5
36;2021-04-25;413;95;58544;25144;27.0;11.6
36;2021-04-26;1134;448;59678;25592;27.5;11.8
36;2021-04-27;1280;553;60958;26145;28.1;12.0
36;2021-04-28;1490;1061;62448;27206;28.8;12.5
36;2021-04-29;2015;704;64463;27910;29.7;12.9
36;2021-04-30;1553;456;66016;28366;30.4;13.1
36;2021-05-01;724;64;66740;28430;30.7;13.1
36;2021-05-02;498;61;67238;28491;31.0;13.1
36;2021-05-03;1292;306;68530;28797;31.6;13.3
36;2021-05-04;780;807;69310;29604;31.9;13.6
36;2021-05-05;1281;1308;70591;30912;32.5;14.2
36;2021-05-06;2138;793;72729;31705;33.5;14.6
36;2021-05-07;1469;764;74198;32469;34.2;15.0
36;2021-05-08;306;104;74504;32573;34.3;15.0
36;2021-05-09;175;343;74679;32916;34.4;15.2
36;2021-05-10;1215;813;75894;33729;35.0;15.5
36;2021-05-11;1726;1242;77620;34971;35.7;16.1
36;2021-05-12;1825;1481;79445;36452;36.6;16.8
36;2021-05-13;548;306;79993;36758;36.8;16.9
36;2021-05-14;700;1038;80693;37796;37.2;17.4
36;2021-05-15;635;591;81328;38387;37.5;17.7
36;2021-05-16;337;377;81665;38764;37.6;17.9
36;2021-05-17;614;944;82279;39708;37.9;18.3
36;2021-05-18;874;938;83153;40646;38.3;18.7
36;2021-05-19;1332;843;84485;41489;38.9;19.1
36;2021-05-20;1611;1208;86096;42697;39.7;19.7
36;2021-05-21;1106;1069;87202;43766;40.2;20.2
36;2021-05-22;678;342;87880;44108;40.5;20.3
36;2021-05-23;425;294;88305;44402;40.7;20.4
36;2021-05-24;504;468;88809;44870;40.9;20.7
36;2021-05-25;1045;685;89854;45555;41.4;21.0
36;2021-05-26;1473;1165;91327;46720;42.1;21.5
36;2021-05-27;1398;976;92725;47696;42.7;22.0
36;2021-05-28;921;1480;93646;49176;43.1;22.6
36;2021-05-29;700;507;94346;49683;43.4;22.9
36;2021-05-30;111;574;94457;50257;43.5;23.1
36;2021-05-31;1137;762;95594;51019;44.0;23.5
36;2021-06-01;1410;825;97004;51844;44.7;23.9
36;2021-06-02;2058;613;99062;52457;45.6;24.2
36;2021-06-03;1897;1199;100959;53656;46.5;24.7
36;2021-06-04;1773;1045;102732;54701;47.3;25.2
36;2021-06-05;692;657;103424;55358;47.6;25.5
36;2021-06-06;336;272;103760;55630;47.8;25.6
36;2021-06-07;983;809;104743;56439;48.2;26.0
36;2021-06-08;958;980;105701;57419;48.7;26.4
36;2021-06-09;1672;1069;107373;58488;49.4;26.9
36;2021-06-10;1533;1375;108906;59863;50.2;27.6
36;2021-06-11;1288;1499;110194;61362;50.7;28.3
36;2021-06-12;919;781;111113;62143;51.2;28.6
36;2021-06-13;343;269;111456;62412;51.3;28.7
36;2021-06-14;605;1270;112061;63682;51.6;29.3
36;2021-06-15;731;1216;112792;64898;51.9;29.9
36;2021-06-16;900;1518;113692;66416;52.4;30.6
36;2021-06-17;750;1906;114442;68322;52.7;31.5
36;2021-06-18;704;1880;115146;70202;53.0;32.3
36;2021-06-19;294;395;115440;70597;53.2;32.5
36;2021-06-20;235;327;115675;70924;53.3;32.7
36;2021-06-21;684;1449;116359;72373;53.6;33.3
36;2021-06-22;840;1550;117199;73923;54.0;34.0
36;2021-06-23;772;1792;117971;75715;54.3;34.9
36;2021-06-24;852;1524;118823;77239;54.7;35.6
36;2021-06-25;940;1220;119763;78459;55.2;36.1
36;2021-06-26;322;602;120085;79061;55.3;36.4
36;2021-06-27;105;267;120190;79328;55.4;36.5
36;2021-06-28;697;929;120887;80257;55.7;37.0
36;2021-06-29;683;1458;121570;81715;56.0;37.6
36;2021-06-30;829;2155;122399;83870;56.4;38.6
36;2021-07-01;351;1086;122750;84956;56.5;39.1
36;2021-07-02;740;1847;123490;86803;56.9;40.0
36;2021-07-03;466;884;123956;87687;57.1;40.4
36;2021-07-04;183;326;124139;88013;57.2;40.5
36;2021-07-05;493;1334;124632;89347;57.4;41.1
36;2021-07-06;490;1221;125122;90568;57.6;41.7
36;2021-07-07;582;1795;125704;92363;57.9;42.5
36;2021-07-08;542;1704;126246;94067;58.1;43.3
36;2021-07-09;778;1655;127024;95722;58.5;44.1
36;2021-07-10;464;1119;127488;96841;58.7;44.6
36;2021-07-11;256;155;127744;96996;58.8;44.7
36;2021-07-12;326;1631;128070;98627;59.0;45.4
36;2021-07-13;308;1938;128378;100565;59.1;46.3
36;2021-07-14;375;763;128753;101328;59.3;46.7
36;2021-07-15;912;2168;129665;103496;59.7;47.7
36;2021-07-16;625;1880;130290;105376;60.0;48.5
36;2021-07-17;396;859;130686;106235;60.2;48.9
36;2021-07-18;194;407;130880;106642;60.3;49.1
36;2021-07-19;549;1458;131429;108100;60.5;49.8
36;2021-07-20;776;1406;132205;109506;60.9;50.4
36;2021-07-21;709;1980;132914;111486;61.2;51.3
36;2021-07-22;1135;1685;134049;113171;61.7;52.1
36;2021-07-23;964;1744;135013;114915;62.2;52.9
36;2021-07-24;607;804;135620;115719;62.5;53.3
36;2021-07-25;147;403;135767;116122;62.5;53.5
36;2021-07-26;944;1085;136711;117207;63.0;54.0
36;2021-07-27;805;1349;137516;118556;63.3;54.6
36;2021-07-28;1373;1394;138889;119950;64.0;55.2
36;2021-07-29;1705;1307;140594;121257;64.7;55.8
36;2021-07-30;1434;1309;142028;122566;65.4;56.4
36;2021-07-31;931;531;142959;123097;65.8;56.7
36;2021-08-01;203;241;143162;123338;65.9;56.8
37;2020-12-27;0;0;0;0;0.0;0.0
37;2020-12-28;17;0;17;0;0.0;0.0
37;2020-12-29;10;0;27;0;0.0;0.0
37;2020-12-30;0;0;27;0;0.0;0.0
37;2020-12-31;0;0;27;0;0.0;0.0
37;2021-01-01;0;0;27;0;0.0;0.0
37;2021-01-02;0;0;27;0;0.0;0.0
37;2021-01-03;0;0;27;0;0.0;0.0
37;2021-01-04;21;0;48;0;0.0;0.0
37;2021-01-05;47;0;95;0;0.0;0.0
37;2021-01-06;79;0;174;0;0.0;0.0
37;2021-01-07;115;0;289;0;0.0;0.0
37;2021-01-08;442;0;731;0;0.1;0.0
37;2021-01-09;79;0;810;0;0.1;0.0
37;2021-01-10;83;0;893;0;0.1;0.0
37;2021-01-11;280;0;1173;0;0.2;0.0
37;2021-01-12;659;4;1832;4;0.3;0.0
37;2021-01-13;560;1;2392;5;0.4;0.0
37;2021-01-14;521;3;2913;8;0.5;0.0
37;2021-01-15;627;1;3540;9;0.6;0.0
37;2021-01-16;303;2;3843;11;0.6;0.0
37;2021-01-17;262;1;4105;12;0.7;0.0
37;2021-01-18;733;8;4838;20;0.8;0.0
37;2021-01-19;1244;10;6082;30;1.0;0.0
37;2021-01-20;1038;3;7120;33;1.2;0.0
37;2021-01-21;854;0;7974;33;1.3;0.0
37;2021-01-22;767;2;8741;35;1.4;0.0
37;2021-01-23;173;0;8914;35;1.5;0.0
37;2021-01-24;0;0;8914;35;1.5;0.0
37;2021-01-25;536;13;9450;48;1.6;0.0
37;2021-01-26;1812;65;11262;113;1.9;0.0
37;2021-01-27;1520;76;12782;189;2.1;0.0
37;2021-01-28;1528;92;14310;281;2.4;0.0
37;2021-01-29;632;309;14942;590;2.5;0.1
37;2021-01-30;202;63;15144;653;2.5;0.1
37;2021-01-31;15;65;15159;718;2.5;0.1
37;2021-02-01;332;200;15491;918;2.6;0.2
37;2021-02-02;523;529;16014;1447;2.6;0.2
37;2021-02-03;661;354;16675;1801;2.8;0.3
37;2021-02-04;546;411;17221;2212;2.8;0.4
37;2021-02-05;465;444;17686;2656;2.9;0.4
37;2021-02-06;189;2;17875;2658;3.0;0.4
37;2021-02-07;20;1;17895;2659;3.0;0.4
37;2021-02-08;331;320;18226;2979;3.0;0.5
37;2021-02-09;625;722;18851;3701;3.1;0.6
37;2021-02-10;662;513;19513;4214;3.2;0.7
37;2021-02-11;611;561;20124;4775;3.3;0.8
37;2021-02-12;489;553;20613;5328;3.4;0.9
37;2021-02-13;154;207;20767;5535;3.4;0.9
37;2021-02-14;1;71;20768;5606;3.4;0.9
37;2021-02-15;425;482;21193;6088;3.5;1.0
37;2021-02-16;842;1448;22035;7536;3.6;1.2
37;2021-02-17;633;1377;22668;8913;3.7;1.5
37;2021-02-18;903;1415;23571;10328;3.9;1.7
37;2021-02-19;795;839;24366;11167;4.0;1.8
37;2021-02-20;245;212;24611;11379;4.1;1.9
37;2021-02-21;5;1;24616;11380;4.1;1.9
37;2021-02-22;337;584;24953;11964;4.1;2.0
37;2021-02-23;604;631;25557;12595;4.2;2.1
37;2021-02-24;571;620;26128;13215;4.3;2.2
37;2021-02-25;874;613;27002;13828;4.5;2.3
37;2021-02-26;1114;578;28116;14406;4.6;2.4
37;2021-02-27;584;187;28700;14593;4.7;2.4
37;2021-02-28;23;0;28723;14593;4.7;2.4
37;2021-03-01;603;361;29326;14954;4.8;2.5
37;2021-03-02;1090;541;30416;15495;5.0;2.6
37;2021-03-03;970;548;31386;16043;5.2;2.7
37;2021-03-04;1602;479;32988;16522;5.4;2.7
37;2021-03-05;2128;554;35116;17076;5.8;2.8
37;2021-03-06;1166;211;36282;17287;6.0;2.9
37;2021-03-07;471;64;36753;17351;6.1;2.9
37;2021-03-08;666;401;37419;17752;6.2;2.9
37;2021-03-09;1652;706;39071;18458;6.5;3.0
37;2021-03-10;1607;744;40678;19202;6.7;3.2
37;2021-03-11;2045;696;42723;19898;7.1;3.3
37;2021-03-12;3207;464;45930;20362;7.6;3.4
37;2021-03-13;1951;189;47881;20551;7.9;3.4
37;2021-03-14;206;4;48087;20555;7.9;3.4
37;2021-03-15;1069;248;49156;20803;8.1;3.4
37;2021-03-16;1048;527;50204;21330;8.3;3.5
37;2021-03-17;935;277;51139;21607;8.4;3.6
37;2021-03-18;1031;525;52170;22132;8.6;3.7
37;2021-03-19;2218;337;54388;22469;9.0;3.7
37;2021-03-20;1331;139;55719;22608;9.2;3.7
37;2021-03-21;202;4;55921;22612;9.2;3.7
37;2021-03-22;1287;242;57208;22854;9.4;3.8
37;2021-03-23;2253;564;59461;23418;9.8;3.9
37;2021-03-24;2244;459;61705;23877;10.2;3.9
37;2021-03-25;2982;444;64687;24321;10.7;4.0
37;2021-03-26;3524;400;68211;24721;11.3;4.1
37;2021-03-27;1172;127;69383;24848;11.5;4.1
37;2021-03-28;139;1;69522;24849;11.5;4.1
37;2021-03-29;1604;341;71126;25190;11.7;4.2
37;2021-03-30;2524;622;73650;25812;12.2;4.3
37;2021-03-31;2045;483;75695;26295;12.5;4.3
37;2021-04-01;2600;968;78295;27263;12.9;4.5
37;2021-04-02;2813;661;81108;27924;13.4;4.6
37;2021-04-03;817;220;81925;28144;13.5;4.6
37;2021-04-04;102;1;82027;28145;13.5;4.6
37;2021-04-05;3;0;82030;28145;13.6;4.6
37;2021-04-06;2235;778;84265;28923;13.9;4.8
37;2021-04-07;3167;851;87432;29774;14.4;4.9
37;2021-04-08;4038;963;91470;30737;15.1;5.1
37;2021-04-09;4542;936;96012;31673;15.9;5.2
37;2021-04-10;1328;429;97340;32102;16.1;5.3
37;2021-04-11;104;1;97444;32103;16.1;5.3
37;2021-04-12;2640;671;100084;32774;16.5;5.4
37;2021-04-13;4112;1150;104196;33924;17.2;5.6
37;2021-04-14;3043;893;107239;34817;17.7;5.8
37;2021-04-15;3757;1011;110996;35828;18.3;5.9
37;2021-04-16;4358;1213;115354;37041;19.1;6.1
37;2021-04-17;1147;217;116501;37258;19.2;6.2
37;2021-04-18;96;3;116597;37261;19.3;6.2
37;2021-04-19;2480;848;119077;38109;19.7;6.3
37;2021-04-20;3235;1331;122312;39440;20.2;6.5
37;2021-04-21;2930;1153;125242;40593;20.7;6.7
37;2021-04-22;3455;1398;128697;41991;21.3;6.9
37;2021-04-23;3689;1805;132386;43796;21.9;7.2
37;2021-04-24;1006;387;133392;44183;22.0;7.3
37;2021-04-25;45;2;133437;44185;22.0;7.3
37;2021-04-26;2968;1346;136405;45531;22.5;7.5
37;2021-04-27;4181;1806;140586;47337;23.2;7.8
37;2021-04-28;3460;1940;144046;49277;23.8;8.1
37;2021-04-29;4583;2014;148629;51291;24.6;8.5
37;2021-04-30;5055;1982;153684;53273;25.4;8.8
37;2021-05-01;639;210;154323;53483;25.5;8.8
37;2021-05-02;103;15;154426;53498;25.5;8.8
37;2021-05-03;2670;1951;157096;55449;25.9;9.2
37;2021-05-04;3735;2702;160831;58151;26.6;9.6
37;2021-05-05;3496;2076;164327;60227;27.1;9.9
37;2021-05-06;4997;1945;169324;62172;28.0;10.3
37;2021-05-07;4686;2884;174010;65056;28.7;10.7
37;2021-05-08;536;312;174546;65368;28.8;10.8
37;2021-05-09;63;41;174609;65409;28.8;10.8
37;2021-05-10;2161;3490;176770;68899;29.2;11.4
37;2021-05-11;3866;3880;180636;72779;29.8;12.0
37;2021-05-12;4035;2541;184671;75320;30.5;12.4
37;2021-05-13;1136;517;185807;75837;30.7;12.5
37;2021-05-14;4045;2679;189852;78516;31.4;13.0
37;2021-05-15;2321;743;192173;79259;31.7;13.1
37;2021-05-16;22;71;192195;79330;31.7;13.1
37;2021-05-17;2764;2056;194959;81386;32.2;13.4
37;2021-05-18;3874;2358;198833;83744;32.8;13.8
37;2021-05-19;3494;1806;202327;85550;33.4;14.1
37;2021-05-20;4751;1775;207078;87325;34.2;14.4
37;2021-05-21;4526;2567;211604;89892;35.0;14.8
37;2021-05-22;1077;752;212681;90644;35.1;15.0
37;2021-05-23;72;89;212753;90733;35.1;15.0
37;2021-05-24;513;106;213266;90839;35.2;15.0
37;2021-05-25;5122;2177;218388;93016;36.1;15.4
37;2021-05-26;4929;2095;223317;95111;36.9;15.7
37;2021-05-27;5988;2370;229305;97481;37.9;16.1
37;2021-05-28;6023;3261;235328;100742;38.9;16.6
37;2021-05-29;1518;1167;236846;101909;39.1;16.8
37;2021-05-30;55;160;236901;102069;39.1;16.9
37;2021-05-31;3648;2528;240549;104597;39.7;17.3
37;2021-06-01;5843;3622;246392;108219;40.7;17.9
37;2021-06-02;5076;2451;251468;110670;41.5;18.3
37;2021-06-03;6086;2884;257554;113554;42.5;18.8
37;2021-06-04;5508;4204;263062;117758;43.5;19.5
37;2021-06-05;1855;1304;264917;119062;43.8;19.7
37;2021-06-06;49;196;264966;119258;43.8;19.7
37;2021-06-07;3019;4166;267985;123424;44.3;20.4
37;2021-06-08;4198;4656;272183;128080;45.0;21.2
37;2021-06-09;3884;3569;276067;131649;45.6;21.7
37;2021-06-10;5264;3617;281331;135266;46.5;22.3
37;2021-06-11;4976;4837;286307;140103;47.3;23.1
37;2021-06-12;3553;1349;289860;141452;47.9;23.4
37;2021-06-13;15;164;289875;141616;47.9;23.4
37;2021-06-14;2668;4041;292543;145657;48.3;24.1
37;2021-06-15;3897;4781;296440;150438;49.0;24.9
37;2021-06-16;3254;3599;299694;154037;49.5;25.4
37;2021-06-17;4003;4495;303697;158532;50.2;26.2
37;2021-06-18;4704;5069;308401;163601;50.9;27.0
37;2021-06-19;2515;1101;310916;164702;51.4;27.2
37;2021-06-20;8;183;310924;164885;51.4;27.2
37;2021-06-21;2416;3825;313340;168710;51.8;27.9
37;2021-06-22;2960;5010;316300;173720;52.2;28.7
37;2021-06-23;2613;3643;318913;177363;52.7;29.3
37;2021-06-24;2856;3544;321769;180907;53.2;29.9
37;2021-06-25;3295;4876;325064;185783;53.7;30.7
37;2021-06-26;1234;3085;326298;188868;53.9;31.2
37;2021-06-27;23;142;326321;189010;53.9;31.2
37;2021-06-28;1698;4513;328019;193523;54.2;32.0
37;2021-06-29;1888;6221;329907;199744;54.5;33.0
37;2021-06-30;1851;4436;331758;204180;54.8;33.7
37;2021-07-01;2093;4793;333851;208973;55.1;34.5
37;2021-07-02;2670;5594;336521;214567;55.6;35.4
37;2021-07-03;942;2138;337463;216705;55.7;35.8
37;2021-07-04;4;104;337467;216809;55.7;35.8
37;2021-07-05;1699;5153;339166;221962;56.0;36.7
37;2021-07-06;1990;6768;341156;228730;56.4;37.8
37;2021-07-07;1941;5470;343097;234200;56.7;38.7
37;2021-07-08;2449;6667;345546;240867;57.1;39.8
37;2021-07-09;1974;7642;347520;248509;57.4;41.1
37;2021-07-10;1011;2618;348531;251127;57.6;41.5
37;2021-07-11;25;96;348556;251223;57.6;41.5
37;2021-07-12;1117;5985;349673;257208;57.8;42.5
37;2021-07-13;1603;7827;351276;265035;58.0;43.8
37;2021-07-14;522;406;351798;265441;58.1;43.8
37;2021-07-15;2600;7489;354398;272930;58.5;45.1
37;2021-07-16;2753;7804;357151;280734;59.0;46.4
37;2021-07-17;1199;2444;358350;283178;59.2;46.8
37;2021-07-18;50;53;358400;283231;59.2;46.8
37;2021-07-19;1640;6129;360040;289360;59.5;47.8
37;2021-07-20;2900;7062;362940;296422;60.0;49.0
37;2021-07-21;2968;5776;365908;302198;60.4;49.9
37;2021-07-22;4027;6530;369935;308728;61.1;51.0
37;2021-07-23;3794;7100;373729;315828;61.7;52.2
37;2021-07-24;1772;3302;375501;319130;62.0;52.7
37;2021-07-25;65;77;375566;319207;62.0;52.7
37;2021-07-26;3227;4304;378793;323511;62.6;53.4
37;2021-07-27;4400;4934;383193;328445;63.3;54.3
37;2021-07-28;4093;3627;387286;332072;64.0;54.9
37;2021-07-29;5048;4155;392334;336227;64.8;55.5
37;2021-07-30;5195;4879;397529;341106;65.7;56.3
37;2021-07-31;1899;1827;399428;342933;66.0;56.6
37;2021-08-01;20;51;399448;342984;66.0;56.7
38;2020-12-27;1;0;1;0;0.0;0.0
38;2020-12-28;0;0;1;0;0.0;0.0
38;2020-12-29;0;0;1;0;0.0;0.0
38;2020-12-30;0;0;1;0;0.0;0.0
38;2020-12-31;5;0;6;0;0.0;0.0
38;2021-01-01;1;0;7;0;0.0;0.0
38;2021-01-02;0;0;7;0;0.0;0.0
38;2021-01-03;2;0;9;0;0.0;0.0
38;2021-01-04;162;0;171;0;0.0;0.0
38;2021-01-05;257;1;428;1;0.0;0.0
38;2021-01-06;364;0;792;1;0.1;0.0
38;2021-01-07;636;1;1428;2;0.1;0.0
38;2021-01-08;695;0;2123;2;0.2;0.0
38;2021-01-09;30;0;2153;2;0.2;0.0
38;2021-01-10;0;0;2153;2;0.2;0.0
38;2021-01-11;798;2;2951;4;0.2;0.0
38;2021-01-12;1468;2;4419;6;0.3;0.0
38;2021-01-13;1081;4;5500;10;0.4;0.0
38;2021-01-14;1677;15;7177;25;0.6;0.0
38;2021-01-15;1672;6;8849;31;0.7;0.0
38;2021-01-16;306;2;9155;33;0.7;0.0
38;2021-01-17;3;0;9158;33;0.7;0.0
38;2021-01-18;1175;4;10333;37;0.8;0.0
38;2021-01-19;2236;5;12569;42;1.0;0.0
38;2021-01-20;1877;3;14446;45;1.1;0.0
38;2021-01-21;1621;6;16067;51;1.3;0.0
38;2021-01-22;1398;7;17465;58;1.4;0.0
38;2021-01-23;379;3;17844;61;1.4;0.0
38;2021-01-24;1;0;17845;61;1.4;0.0
38;2021-01-25;788;108;18633;169;1.5;0.0
38;2021-01-26;854;184;19487;353;1.5;0.0
38;2021-01-27;1088;278;20575;631;1.6;0.0
38;2021-01-28;1154;478;21729;1109;1.7;0.1
38;2021-01-29;947;380;22676;1489;1.8;0.1
38;2021-01-30;304;1;22980;1490;1.8;0.1
38;2021-01-31;0;0;22980;1490;1.8;0.1
38;2021-02-01;703;598;23683;2088;1.9;0.2
38;2021-02-02;966;964;24649;3052;1.9;0.2
38;2021-02-03;1230;694;25879;3746;2.0;0.3
38;2021-02-04;1278;973;27157;4719;2.1;0.4
38;2021-02-05;1399;847;28556;5566;2.3;0.4
38;2021-02-06;187;95;28743;5661;2.3;0.4
38;2021-02-07;3;48;28746;5709;2.3;0.5
38;2021-02-08;859;798;29605;6507;2.3;0.5
38;2021-02-09;1539;1311;31144;7818;2.5;0.6
38;2021-02-10;1579;1284;32723;9102;2.6;0.7
38;2021-02-11;1869;1159;34592;10261;2.7;0.8
38;2021-02-12;1508;1125;36100;11386;2.9;0.9
38;2021-02-13;467;190;36567;11576;2.9;0.9
38;2021-02-14;1;7;36568;11583;2.9;0.9
38;2021-02-15;974;944;37542;12527;3.0;1.0
38;2021-02-16;1380;982;38922;13509;3.1;1.1
38;2021-02-17;1371;1068;40293;14577;3.2;1.2
38;2021-02-18;1782;1069;42075;15646;3.3;1.2
38;2021-02-19;1255;869;43330;16515;3.4;1.3
38;2021-02-20;470;313;43800;16828;3.5;1.3
38;2021-02-21;0;0;43800;16828;3.5;1.3
38;2021-02-22;1074;908;44874;17736;3.5;1.4
38;2021-02-23;1539;949;46413;18685;3.7;1.5
38;2021-02-24;1729;1131;48142;19816;3.8;1.6
38;2021-02-25;2494;1049;50636;20865;4.0;1.6
38;2021-02-26;3304;977;53940;21842;4.3;1.7
38;2021-02-27;1510;428;55450;22270;4.4;1.8
38;2021-02-28;33;2;55483;22272;4.4;1.8
38;2021-03-01;2493;774;57976;23046;4.6;1.8
38;2021-03-02;4047;1050;62023;24096;4.9;1.9
38;2021-03-03;3357;1229;65380;25325;5.2;2.0
38;2021-03-04;4478;1370;69858;26695;5.5;2.1
38;2021-03-05;5229;1197;75087;27892;5.9;2.2
38;2021-03-06;3040;257;78127;28149;6.2;2.2
38;2021-03-07;113;1;78240;28150;6.2;2.2
38;2021-03-08;2440;907;80680;29057;6.4;2.3
38;2021-03-09;4024;1306;84704;30363;6.7;2.4
38;2021-03-10;3501;1074;88205;31437;7.0;2.5
38;2021-03-11;5139;1516;93344;32953;7.4;2.6
38;2021-03-12;7086;1153;100430;34106;7.9;2.7
38;2021-03-13;3770;201;104200;34307;8.2;2.7
38;2021-03-14;544;12;104744;34319;8.3;2.7
38;2021-03-15;2700;1004;107444;35323;8.5;2.8
38;2021-03-16;2083;1371;109527;36694;8.7;2.9
38;2021-03-17;2025;1205;111552;37899;8.8;3.0
38;2021-03-18;2636;1362;114188;39261;9.0;3.1
38;2021-03-19;4005;1056;118193;40317;9.3;3.2
38;2021-03-20;1823;238;120016;40555;9.5;3.2
38;2021-03-21;129;8;120145;40563;9.5;3.2
38;2021-03-22;2863;1003;123008;41566;9.7;3.3
38;2021-03-23;4776;1496;127784;43062;10.1;3.4
38;2021-03-24;3708;1575;131492;44637;10.4;3.5
38;2021-03-25;5788;1534;137280;46171;10.9;3.6
38;2021-03-26;6598;1746;143878;47917;11.4;3.8
38;2021-03-27;2510;751;146388;48668;11.6;3.8
38;2021-03-28;926;41;147314;48709;11.6;3.9
38;2021-03-29;2672;1852;149986;50561;11.9;4.0
38;2021-03-30;4563;2546;154549;53107;12.2;4.2
38;2021-03-31;3658;2227;158207;55334;12.5;4.4
38;2021-04-01;5127;2501;163334;57835;12.9;4.6
38;2021-04-02;3866;2522;167200;60357;13.2;4.8
38;2021-04-03;1417;939;168617;61296;13.3;4.8
38;2021-04-04;429;46;169046;61342;13.4;4.8
38;2021-04-05;2170;334;171216;61676;13.5;4.9
38;2021-04-06;4343;2393;175559;64069;13.9;5.1
38;2021-04-07;4414;2728;179973;66797;14.2;5.3
38;2021-04-08;5644;2661;185617;69458;14.7;5.5
38;2021-04-09;8553;2717;194170;72175;15.3;5.7
38;2021-04-10;3597;1468;197767;73643;15.6;5.8
38;2021-04-11;1046;99;198813;73742;15.7;5.8
38;2021-04-12;4193;2253;203006;75995;16.0;6.0
38;2021-04-13;6120;2466;209126;78461;16.5;6.2
38;2021-04-14;5111;2455;214237;80916;16.9;6.4
38;2021-04-15;6359;2749;220596;83665;17.4;6.6
38;2021-04-16;6215;2721;226811;86386;17.9;6.8
38;2021-04-17;2587;987;229398;87373;18.1;6.9
38;2021-04-18;1333;72;230731;87445;18.2;6.9
38;2021-04-19;3944;2813;234675;90258;18.6;7.1
38;2021-04-20;5418;2835;240093;93093;19.0;7.4
38;2021-04-21;4979;2682;245072;95775;19.4;7.6
38;2021-04-22;5774;2813;250846;98588;19.8;7.8
38;2021-04-23;6028;2789;256874;101377;20.3;8.0
38;2021-04-24;2662;1342;259536;102719;20.5;8.1
38;2021-04-25;804;592;260340;103311;20.6;8.2
38;2021-04-26;4481;2455;264821;105766;20.9;8.4
38;2021-04-27;6041;2707;270862;108473;21.4;8.6
38;2021-04-28;6190;2487;277052;110960;21.9;8.8
38;2021-04-29;8327;3044;285379;114004;22.6;9.0
38;2021-04-30;7670;4037;293049;118041;23.2;9.3
38;2021-05-01;1539;197;294588;118238;23.3;9.3
38;2021-05-02;842;71;295430;118309;23.4;9.4
38;2021-05-03;5295;3572;300725;121881;23.8;9.6
38;2021-05-04;6185;5049;306910;126930;24.3;10.0
38;2021-05-05;6061;4580;312971;131510;24.7;10.4
38;2021-05-06;6709;5282;319680;136792;25.3;10.8
38;2021-05-07;7269;6425;326949;143217;25.8;11.3
38;2021-05-08;3733;710;330682;143927;26.1;11.4
38;2021-05-09;2848;1928;333530;145855;26.4;11.5
38;2021-05-10;6150;5275;339680;151130;26.9;11.9
38;2021-05-11;8220;5997;347900;157127;27.5;12.4
38;2021-05-12;9045;4671;356945;161798;28.2;12.8
38;2021-05-13;6632;1409;363577;163207;28.7;12.9
38;2021-05-14;9559;3408;373136;166615;29.5;13.2
38;2021-05-15;6851;1453;379987;168068;30.0;13.3
38;2021-05-16;5474;651;385461;168719;30.5;13.3
38;2021-05-17;7666;2976;393127;171695;31.1;13.6
38;2021-05-18;8620;4008;401747;175703;31.8;13.9
38;2021-05-19;8147;3335;409894;179038;32.4;14.2
38;2021-05-20;8974;4476;418868;183514;33.1;14.5
38;2021-05-21;9949;4585;428817;188099;33.9;14.9
38;2021-05-22;7449;1903;436266;190002;34.5;15.0
38;2021-05-23;5583;576;441849;190578;34.9;15.1
38;2021-05-24;7494;1615;449343;192193;35.5;15.2
38;2021-05-25;9541;4838;458884;197031;36.3;15.6
38;2021-05-26;8108;4712;466992;201743;36.9;15.9
38;2021-05-27;9126;5633;476118;207376;37.6;16.4
38;2021-05-28;8782;6477;484900;213853;38.3;16.9
38;2021-05-29;5815;3258;490715;217111;38.8;17.2
38;2021-05-30;2691;1594;493406;218705;39.0;17.3
38;2021-05-31;8268;5116;501674;223821;39.7;17.7
38;2021-06-01;7957;6411;509631;230232;40.3;18.2
38;2021-06-02;7136;5606;516767;235838;40.9;18.6
38;2021-06-03;7393;6819;524160;242657;41.4;19.2
38;2021-06-04;8116;7604;532276;250261;42.1;19.8
38;2021-06-05;5795;3940;538071;254201;42.5;20.1
38;2021-06-06;2505;1460;540576;255661;42.7;20.2
38;2021-06-07;5554;6853;546130;262514;43.2;20.8
38;2021-06-08;5873;7526;552003;270040;43.6;21.3
38;2021-06-09;5045;6463;557048;276503;44.0;21.9
38;2021-06-10;5423;6783;562471;283286;44.5;22.4
38;2021-06-11;5879;7781;568350;291067;44.9;23.0
38;2021-06-12;3948;3254;572298;294321;45.2;23.3
38;2021-06-13;1254;1301;573552;295622;45.3;23.4
38;2021-06-14;3871;7665;577423;303287;45.6;24.0
38;2021-06-15;5240;8144;582663;311431;46.1;24.6
38;2021-06-16;5125;7396;587788;318827;46.5;25.2
38;2021-06-17;4516;7060;592304;325887;46.8;25.8
38;2021-06-18;6037;9211;598341;335098;47.3;26.5
38;2021-06-19;3596;4962;601937;340060;47.6;26.9
38;2021-06-20;1039;2901;602976;342961;47.7;27.1
38;2021-06-21;3745;8695;606721;351656;48.0;27.8
38;2021-06-22;3785;10094;610506;361750;48.3;28.6
38;2021-06-23;3147;9555;613653;371305;48.5;29.4
38;2021-06-24;3371;8588;617024;379893;48.8;30.0
38;2021-06-25;3765;11487;620789;391380;49.1;30.9
38;2021-06-26;2226;7855;623015;399235;49.3;31.6
38;2021-06-27;1096;4355;624111;403590;49.3;31.9
38;2021-06-28;2944;10302;627055;413892;49.6;32.7
38;2021-06-29;3771;10435;630826;424327;49.9;33.5
38;2021-06-30;4040;9934;634866;434261;50.2;34.3
38;2021-07-01;3454;9008;638320;443269;50.5;35.0
38;2021-07-02;3598;11607;641918;454876;50.7;36.0
38;2021-07-03;1701;8785;643619;463661;50.9;36.7
38;2021-07-04;1239;3203;644858;466864;51.0;36.9
38;2021-07-05;2755;10546;647613;477410;51.2;37.7
38;2021-07-06;3399;10239;651012;487649;51.5;38.5
38;2021-07-07;3309;9402;654321;497051;51.7;39.3
38;2021-07-08;3461;8227;657782;505278;52.0;39.9
38;2021-07-09;3535;10741;661317;516019;52.3;40.8
38;2021-07-10;2351;7789;663668;523808;52.5;41.4
38;2021-07-11;771;2021;664439;525829;52.5;41.6
38;2021-07-12;3355;10664;667794;536493;52.8;42.4
38;2021-07-13;6484;10915;674278;547408;53.3;43.3
38;2021-07-14;4557;3328;678835;550736;53.7;43.5
38;2021-07-15;8588;9652;687423;560388;54.3;44.3
38;2021-07-16;8671;10686;696094;571074;55.0;45.1
38;2021-07-17;4654;7466;700748;578540;55.4;45.7
38;2021-07-18;2554;2484;703302;581024;55.6;45.9
38;2021-07-19;5768;9203;709070;590227;56.1;46.7
38;2021-07-20;6180;8287;715250;598514;56.5;47.3
38;2021-07-21;7802;8014;723052;606528;57.2;47.9
38;2021-07-22;7516;6970;730568;613498;57.8;48.5
38;2021-07-23;8858;8995;739426;622493;58.5;49.2
38;2021-07-24;5525;5514;744951;628007;58.9;49.6
38;2021-07-25;2810;1644;747761;629651;59.1;49.8
38;2021-07-26;7758;7472;755519;637123;59.7;50.4
38;2021-07-27;7495;6231;763014;643354;60.3;50.9
38;2021-07-28;8485;5658;771499;649012;61.0;51.3
38;2021-07-29;7583;4644;779082;653656;61.6;51.7
38;2021-07-30;7633;6594;786715;660250;62.2;52.2
38;2021-07-31;4232;3551;790947;663801;62.5;52.5
38;2021-08-01;1239;1070;792186;664871;62.6;52.6
39;2020-12-27;0;0;0;0;0.0;0.0
39;2020-12-28;0;0;0;0;0.0;0.0
39;2020-12-29;0;0;0;0;0.0;0.0
39;2020-12-30;0;0;0;0;0.0;0.0
39;2020-12-31;0;0;0;0;0.0;0.0
39;2021-01-01;0;0;0;0;0.0;0.0
39;2021-01-02;0;0;0;0;0.0;0.0
39;2021-01-03;0;0;0;0;0.0;0.0
39;2021-01-04;3;0;3;0;0.0;0.0
39;2021-01-05;3;0;6;0;0.0;0.0
39;2021-01-06;56;0;62;0;0.0;0.0
39;2021-01-07;331;2;393;2;0.2;0.0
39;2021-01-08;655;1;1048;3;0.4;0.0
39;2021-01-09;169;0;1217;3;0.5;0.0
39;2021-01-10;1;0;1218;3;0.5;0.0
39;2021-01-11;476;1;1694;4;0.7;0.0
39;2021-01-12;431;1;2125;5;0.8;0.0
39;2021-01-13;408;2;2533;7;1.0;0.0
39;2021-01-14;573;3;3106;10;1.2;0.0
39;2021-01-15;470;1;3576;11;1.4;0.0
39;2021-01-16;141;1;3717;12;1.4;0.0
39;2021-01-17;0;1;3717;13;1.4;0.0
39;2021-01-18;924;7;4641;20;1.8;0.0
39;2021-01-19;1181;6;5822;26;2.3;0.0
39;2021-01-20;905;4;6727;30;2.6;0.0
39;2021-01-21;1177;2;7904;32;3.1;0.0
39;2021-01-22;985;1;8889;33;3.4;0.0
39;2021-01-23;382;1;9271;34;3.6;0.0
39;2021-01-24;0;0;9271;34;3.6;0.0
39;2021-01-25;642;2;9913;36;3.8;0.0
39;2021-01-26;1120;12;11033;48;4.3;0.0
39;2021-01-27;925;17;11958;65;4.6;0.0
39;2021-01-28;740;244;12698;309;4.9;0.1
39;2021-01-29;582;422;13280;731;5.2;0.3
39;2021-01-30;265;109;13545;840;5.3;0.3
39;2021-01-31;1;0;13546;840;5.3;0.3
39;2021-02-01;562;262;14108;1102;5.5;0.4
39;2021-02-02;753;322;14861;1424;5.8;0.6
39;2021-02-03;531;516;15392;1940;6.0;0.8
39;2021-02-04;553;462;15945;2402;6.2;0.9
39;2021-02-05;438;431;16383;2833;6.4;1.1
39;2021-02-06;265;110;16648;2943;6.5;1.1
39;2021-02-07;0;1;16648;2944;6.5;1.1
39;2021-02-08;321;372;16969;3316;6.6;1.3
39;2021-02-09;383;485;17352;3801;6.7;1.5
39;2021-02-10;250;338;17602;4139;6.8;1.6
39;2021-02-11;586;510;18188;4649;7.1;1.8
39;2021-02-12;386;417;18574;5066;7.2;2.0
39;2021-02-13;99;69;18673;5135;7.2;2.0
39;2021-02-14;0;0;18673;5135;7.2;2.0
39;2021-02-15;99;759;18772;5894;7.3;2.3
39;2021-02-16;99;912;18871;6806;7.3;2.6
39;2021-02-17;58;695;18929;7501;7.3;2.9
39;2021-02-18;109;859;19038;8360;7.4;3.2
39;2021-02-19;100;487;19138;8847;7.4;3.4
39;2021-02-20;18;364;19156;9211;7.4;3.6
39;2021-02-21;0;0;19156;9211;7.4;3.6
39;2021-02-22;100;730;19256;9941;7.5;3.9
39;2021-02-23;4;764;19260;10705;7.5;4.2
39;2021-02-24;125;872;19385;11577;7.5;4.5
39;2021-02-25;212;751;19597;12328;7.6;4.8
39;2021-02-26;218;468;19815;12796;7.7;5.0
39;2021-02-27;169;298;19984;13094;7.8;5.1
39;2021-02-28;1;0;19985;13094;7.8;5.1
39;2021-03-01;218;639;20203;13733;7.8;5.3
39;2021-03-02;328;826;20531;14559;8.0;5.6
39;2021-03-03;600;523;21131;15082;8.2;5.8
39;2021-03-04;657;474;21788;15556;8.4;6.0
39;2021-03-05;670;328;22458;15884;8.7;6.2
39;2021-03-06;777;244;23235;16128;9.0;6.3
39;2021-03-07;242;81;23477;16209;9.1;6.3
39;2021-03-08;286;439;23763;16648;9.2;6.5
39;2021-03-09;843;455;24606;17103;9.5;6.6
39;2021-03-10;985;334;25591;17437;9.9;6.8
39;2021-03-11;828;460;26419;17897;10.2;6.9
39;2021-03-12;806;287;27225;18184;10.6;7.1
39;2021-03-13;788;101;28013;18285;10.9;7.1
39;2021-03-14;35;10;28048;18295;10.9;7.1
39;2021-03-15;512;92;28560;18387;11.1;7.1
39;2021-03-16;555;64;29115;18451;11.3;7.2
39;2021-03-17;612;53;29727;18504;11.5;7.2
39;2021-03-18;595;67;30322;18571;11.8;7.2
39;2021-03-19;393;70;30715;18641;11.9;7.2
39;2021-03-20;311;9;31026;18650;12.0;7.2
39;2021-03-21;3;0;31029;18650;12.0;7.2
39;2021-03-22;754;114;31783;18764;12.3;7.3
39;2021-03-23;1130;40;32913;18804;12.8;7.3
39;2021-03-24;1178;91;34091;18895;13.2;7.3
39;2021-03-25;2041;120;36132;19015;14.0;7.4
39;2021-03-26;797;110;36929;19125;14.3;7.4
39;2021-03-27;345;4;37274;19129;14.5;7.4
39;2021-03-28;36;4;37310;19133;14.5;7.4
39;2021-03-29;1037;190;38347;19323;14.9;7.5
39;2021-03-30;1400;262;39747;19585;15.4;7.6
39;2021-03-31;658;518;40405;20103;15.7;7.8
39;2021-04-01;1309;305;41714;20408;16.2;7.9
39;2021-04-02;626;130;42340;20538;16.4;8.0
39;2021-04-03;180;7;42520;20545;16.5;8.0
39;2021-04-04;4;1;42524;20546;16.5;8.0
39;2021-04-05;1;0;42525;20546;16.5;8.0
39;2021-04-06;824;631;43349;21177;16.8;8.2
39;2021-04-07;1129;675;44478;21852;17.2;8.5
39;2021-04-08;1790;567;46268;22419;17.9;8.7
39;2021-04-09;1675;284;47943;22703;18.6;8.8
39;2021-04-10;345;180;48288;22883;18.7;8.9
39;2021-04-11;2;0;48290;22883;18.7;8.9
39;2021-04-12;679;393;48969;23276;19.0;9.0
39;2021-04-13;1202;579;50171;23855;19.5;9.3
39;2021-04-14;844;636;51015;24491;19.8;9.5
39;2021-04-15;1481;709;52496;25200;20.4;9.8
39;2021-04-16;1090;171;53586;25371;20.8;9.8
39;2021-04-17;196;58;53782;25429;20.9;9.9
39;2021-04-18;0;0;53782;25429;20.9;9.9
39;2021-04-19;524;699;54306;26128;21.1;10.1
39;2021-04-20;765;541;55071;26669;21.4;10.3
39;2021-04-21;1142;715;56213;27384;21.8;10.6
39;2021-04-22;1012;1132;57225;28516;22.2;11.1
39;2021-04-23;458;358;57683;28874;22.4;11.2
39;2021-04-24;275;149;57958;29023;22.5;11.3
39;2021-04-25;12;2;57970;29025;22.5;11.3
39;2021-04-26;569;1034;58539;30059;22.7;11.7
39;2021-04-27;788;981;59327;31040;23.0;12.0
39;2021-04-28;1719;416;61046;31456;23.7;12.2
39;2021-04-29;2571;965;63617;32421;24.7;12.6
39;2021-04-30;2475;384;66092;32805;25.6;12.7
39;2021-05-01;41;53;66133;32858;25.6;12.7
39;2021-05-02;0;0;66133;32858;25.6;12.7
39;2021-05-03;917;805;67050;33663;26.0;13.1
39;2021-05-04;949;1127;67999;34790;26.4;13.5
39;2021-05-05;1952;886;69951;35676;27.1;13.8
39;2021-05-06;2425;1334;72376;37010;28.1;14.4
39;2021-05-07;1287;571;73663;37581;28.6;14.6
39;2021-05-08;179;55;73842;37636;28.6;14.6
39;2021-05-09;10;8;73852;37644;28.6;14.6
39;2021-05-10;1762;844;75614;38488;29.3;14.9
39;2021-05-11;1772;1511;77386;39999;30.0;15.5
39;2021-05-12;1800;1486;79186;41485;30.7;16.1
39;2021-05-13;246;23;79432;41508;30.8;16.1
39;2021-05-14;2392;327;81824;41835;31.7;16.2
39;2021-05-15;1848;257;83672;42092;32.4;16.3
39;2021-05-16;0;0;83672;42092;32.4;16.3
39;2021-05-17;1989;723;85661;42815;33.2;16.6
39;2021-05-18;1691;1182;87352;43997;33.9;17.1
39;2021-05-19;2496;555;89848;44552;34.8;17.3
39;2021-05-20;2467;753;92315;45305;35.8;17.6
39;2021-05-21;1798;561;94113;45866;36.5;17.8
39;2021-05-22;322;220;94435;46086;36.6;17.9
39;2021-05-23;7;36;94442;46122;36.6;17.9
39;2021-05-24;8;28;94450;46150;36.6;17.9
39;2021-05-25;1726;1198;96176;47348;37.3;18.4
39;2021-05-26;1642;1375;97818;48723;37.9;18.9
39;2021-05-27;1487;1621;99305;50344;38.5;19.5
39;2021-05-28;856;1216;100161;51560;38.8;20.0
39;2021-05-29;261;273;100422;51833;38.9;20.1
39;2021-05-30;2;40;100424;51873;38.9;20.1
39;2021-05-31;1626;1247;102050;53120;39.6;20.6
39;2021-06-01;1894;1317;103944;54437;40.3;21.1
39;2021-06-02;1702;1175;105646;55612;41.0;21.6
39;2021-06-03;1326;1159;106972;56771;41.5;22.0
39;2021-06-04;942;1069;107914;57840;41.9;22.4
39;2021-06-05;766;516;108680;58356;42.1;22.6
39;2021-06-06;1;36;108681;58392;42.1;22.6
39;2021-06-07;2104;913;110785;59305;43.0;23.0
39;2021-06-08;2210;1154;112995;60459;43.8;23.4
39;2021-06-09;1724;1244;114719;61703;44.5;23.9
39;2021-06-10;1615;2081;116334;63784;45.1;24.7
39;2021-06-11;1563;1271;117897;65055;45.7;25.2
39;2021-06-12;1263;346;119160;65401;46.2;25.4
39;2021-06-13;10;18;119170;65419;46.2;25.4
39;2021-06-14;1334;1894;120504;67313;46.7;26.1
39;2021-06-15;1380;1253;121884;68566;47.3;26.6
39;2021-06-16;1157;1539;123041;70105;47.7;27.2
39;2021-06-17;1042;1716;124083;71821;48.1;27.9
39;2021-06-18;1635;1176;125718;72997;48.8;28.3
39;2021-06-19;249;412;125967;73409;48.9;28.5
39;2021-06-20;2;18;125969;73427;48.9;28.5
39;2021-06-21;350;2494;126319;75921;49.0;29.4
39;2021-06-22;801;2290;127120;78211;49.3;30.3
39;2021-06-23;1163;1300;128283;79511;49.8;30.8
39;2021-06-24;724;1048;129007;80559;50.0;31.2
39;2021-06-25;680;2961;129687;83520;50.3;32.4
39;2021-06-26;204;1565;129891;85085;50.4;33.0
39;2021-06-27;0;0;129891;85085;50.4;33.0
39;2021-06-28;303;2744;130194;87829;50.5;34.1
39;2021-06-29;492;2697;130686;90526;50.7;35.1
39;2021-06-30;869;2419;131555;92945;51.0;36.0
39;2021-07-01;631;1936;132186;94881;51.3;36.8
39;2021-07-02;1072;1405;133258;96286;51.7;37.3
39;2021-07-03;538;524;133796;96810;51.9;37.5
39;2021-07-04;1;2;133797;96812;51.9;37.5
39;2021-07-05;576;2590;134373;99402;52.1;38.6
39;2021-07-06;825;1886;135198;101288;52.4;39.3
39;2021-07-07;582;1389;135780;102677;52.7;39.8
39;2021-07-08;690;907;136470;103584;52.9;40.2
39;2021-07-09;1077;1585;137547;105169;53.3;40.8
39;2021-07-10;736;474;138283;105643;53.6;41.0
39;2021-07-11;27;8;138310;105651;53.6;41.0
39;2021-07-12;558;2596;138868;108247;53.9;42.0
39;2021-07-13;1625;2646;140493;110893;54.5;43.0
39;2021-07-14;12;20;140505;110913;54.5;43.0
39;2021-07-15;1891;1836;142396;112749;55.2;43.7
39;2021-07-16;3215;2030;145611;114779;56.5;44.5
39;2021-07-17;2218;1146;147829;115925;57.3;45.0
39;2021-07-18;164;52;147993;115977;57.4;45.0
39;2021-07-19;1394;2953;149387;118930;57.9;46.1
39;2021-07-20;1832;2807;151219;121737;58.6;47.2
39;2021-07-21;2581;2572;153800;124309;59.6;48.2
39;2021-07-22;1933;1833;155733;126142;60.4;48.9
39;2021-07-23;1801;1919;157534;128061;61.1;49.7
39;2021-07-24;1397;1423;158931;129484;61.6;50.2
39;2021-07-25;0;1;158931;129485;61.6;50.2
39;2021-07-26;1317;1996;160248;131481;62.1;51.0
39;2021-07-27;2323;1891;162571;133372;63.0;51.7
39;2021-07-28;2681;1470;165252;134842;64.1;52.3
39;2021-07-29;2186;1734;167438;136576;64.9;53.0
39;2021-07-30;2028;1448;169466;138024;65.7;53.5
39;2021-07-31;1359;649;170825;138673;66.3;53.8
39;2021-08-01;9;18;170834;138691;66.3;53.8
40;2020-12-27;0;0;0;0;0.0;0.0
40;2020-12-28;0;0;0;0;0.0;0.0
40;2020-12-29;0;0;0;0;0.0;0.0
40;2020-12-30;0;0;0;0;0.0;0.0
40;2020-12-31;0;0;0;0;0.0;0.0
40;2021-01-01;0;0;0;0;0.0;0.0
40;2021-01-02;0;0;0;0;0.0;0.0
40;2021-01-03;0;0;0;0;0.0;0.0
40;2021-01-04;0;0;0;0;0.0;0.0
40;2021-01-05;0;0;0;0;0.0;0.0
40;2021-01-06;1;0;1;0;0.0;0.0
40;2021-01-07;212;0;213;0;0.1;0.0
40;2021-01-08;392;2;605;2;0.1;0.0
40;2021-01-09;0;0;605;2;0.1;0.0
40;2021-01-10;1;0;606;2;0.1;0.0
40;2021-01-11;111;0;717;2;0.2;0.0
40;2021-01-12;0;0;717;2;0.2;0.0
40;2021-01-13;681;0;1398;2;0.3;0.0
40;2021-01-14;901;5;2299;7;0.6;0.0
40;2021-01-15;809;3;3108;10;0.8;0.0
40;2021-01-16;157;0;3265;10;0.8;0.0
40;2021-01-17;1;1;3266;11;0.8;0.0
40;2021-01-18;402;0;3668;11;0.9;0.0
40;2021-01-19;1204;2;4872;13;1.2;0.0
40;2021-01-20;878;2;5750;15;1.4;0.0
40;2021-01-21;1265;3;7015;18;1.7;0.0
40;2021-01-22;809;2;7824;20;1.9;0.0
40;2021-01-23;288;0;8112;20;2.0;0.0
40;2021-01-24;1;0;8113;20;2.0;0.0
40;2021-01-25;393;1;8506;21;2.1;0.0
40;2021-01-26;802;6;9308;27;2.3;0.0
40;2021-01-27;1118;12;10426;39;2.5;0.0
40;2021-01-28;704;117;11130;156;2.7;0.0
40;2021-01-29;600;228;11730;384;2.8;0.1
40;2021-01-30;235;3;11965;387;2.9;0.1
40;2021-01-31;1;0;11966;387;2.9;0.1
40;2021-02-01;358;132;12324;519;3.0;0.1
40;2021-02-02;923;52;13247;571;3.2;0.1
40;2021-02-03;891;297;14138;868;3.4;0.2
40;2021-02-04;1058;603;15196;1471;3.7;0.4
40;2021-02-05;793;421;15989;1892;3.9;0.5
40;2021-02-06;379;84;16368;1976;4.0;0.5
40;2021-02-07;10;0;16378;1976;4.0;0.5
40;2021-02-08;370;123;16748;2099;4.1;0.5
40;2021-02-09;809;541;17557;2640;4.3;0.6
40;2021-02-10;747;472;18304;3112;4.4;0.8
40;2021-02-11;738;684;19042;3796;4.6;0.9
40;2021-02-12;628;643;19670;4439;4.8;1.1
40;2021-02-13;399;94;20069;4533;4.9;1.1
40;2021-02-14;0;0;20069;4533;4.9;1.1
40;2021-02-15;48;386;20117;4919;4.9;1.2
40;2021-02-16;283;594;20400;5513;5.0;1.3
40;2021-02-17;360;895;20760;6408;5.0;1.6
40;2021-02-18;383;696;21143;7104;5.1;1.7
40;2021-02-19;144;645;21287;7749;5.2;1.9
40;2021-02-20;39;95;21326;7844;5.2;1.9
40;2021-02-21;1;66;21327;7910;5.2;1.9
40;2021-02-22;53;565;21380;8475;5.2;2.1
40;2021-02-23;179;835;21559;9310;5.2;2.3
40;2021-02-24;282;687;21841;9997;5.3;2.4
40;2021-02-25;726;996;22567;10993;5.5;2.7
40;2021-02-26;655;636;23222;11629;5.6;2.8
40;2021-02-27;384;101;23606;11730;5.7;2.8
40;2021-02-28;2;0;23608;11730;5.7;2.8
40;2021-03-01;418;508;24026;12238;5.8;3.0
40;2021-03-02;735;1043;24761;13281;6.0;3.2
40;2021-03-03;933;911;25694;14192;6.2;3.4
40;2021-03-04;1307;821;27001;15013;6.6;3.6
40;2021-03-05;1230;744;28231;15757;6.9;3.8
40;2021-03-06;864;394;29095;16151;7.1;3.9
40;2021-03-07;90;9;29185;16160;7.1;3.9
40;2021-03-08;838;500;30023;16660;7.3;4.0
40;2021-03-09;1504;641;31527;17301;7.7;4.2
40;2021-03-10;1746;701;33273;18002;8.1;4.4
40;2021-03-11;1984;692;35257;18694;8.6;4.5
40;2021-03-12;2048;548;37305;19242;9.1;4.7
40;2021-03-13;969;252;38274;19494;9.3;4.7
40;2021-03-14;98;0;38372;19494;9.3;4.7
40;2021-03-15;924;88;39296;19582;9.5;4.8
40;2021-03-16;986;267;40282;19849;9.8;4.8
40;2021-03-17;1574;344;41856;20193;10.2;4.9
40;2021-03-18;1559;334;43415;20527;10.5;5.0
40;2021-03-19;1806;146;45221;20673;11.0;5.0
40;2021-03-20;706;13;45927;20686;11.1;5.0
40;2021-03-21;52;1;45979;20687;11.2;5.0
40;2021-03-22;1173;33;47152;20720;11.4;5.0
40;2021-03-23;2323;165;49475;20885;12.0;5.1
40;2021-03-24;2323;228;51798;21113;12.6;5.1
40;2021-03-25;2763;375;54561;21488;13.2;5.2
40;2021-03-26;3120;203;57681;21691;14.0;5.3
40;2021-03-27;921;45;58602;21736;14.2;5.3
40;2021-03-28;178;47;58780;21783;14.3;5.3
40;2021-03-29;1151;380;59931;22163;14.5;5.4
40;2021-03-30;2298;381;62229;22544;15.1;5.5
40;2021-03-31;2001;297;64230;22841;15.6;5.5
40;2021-04-01;2405;326;66635;23167;16.2;5.6
40;2021-04-02;2361;216;68996;23383;16.7;5.7
40;2021-04-03;743;120;69739;23503;16.9;5.7
40;2021-04-04;362;8;70101;23511;17.0;5.7
40;2021-04-05;523;40;70624;23551;17.1;5.7
40;2021-04-06;2097;804;72721;24355;17.7;5.9
40;2021-04-07;2665;870;75386;25225;18.3;6.1
40;2021-04-08;3056;894;78442;26119;19.0;6.3
40;2021-04-09;3826;600;82268;26719;20.0;6.5
40;2021-04-10;1599;341;83867;27060;20.4;6.6
40;2021-04-11;51;5;83918;27065;20.4;6.6
40;2021-04-12;2176;730;86094;27795;20.9;6.7
40;2021-04-13;2567;1087;88661;28882;21.5;7.0
40;2021-04-14;2570;1374;91231;30256;22.1;7.3
40;2021-04-15;2980;1505;94211;31761;22.9;7.7
40;2021-04-16;2876;1185;97087;32946;23.6;8.0
40;2021-04-17;1464;345;98551;33291;23.9;8.1
40;2021-04-18;57;24;98608;33315;23.9;8.1
40;2021-04-19;1057;1018;99665;34333;24.2;8.3
40;2021-04-20;1618;1744;101283;36077;24.6;8.8
40;2021-04-21;1774;1738;103057;37815;25.0;9.2
40;2021-04-22;2113;1775;105170;39590;25.5;9.6
40;2021-04-23;2158;1392;107328;40982;26.1;9.9
40;2021-04-24;1326;621;108654;41603;26.4;10.1
40;2021-04-25;37;57;108691;41660;26.4;10.1
40;2021-04-26;1249;1135;109940;42795;26.7;10.4
40;2021-04-27;1484;2030;111424;44825;27.0;10.9
40;2021-04-28;2051;1366;113475;46191;27.5;11.2
40;2021-04-29;2607;1895;116082;48086;28.2;11.7
40;2021-04-30;2699;1614;118781;49700;28.8;12.1
40;2021-05-01;1226;779;120007;50479;29.1;12.3
40;2021-05-02;143;322;120150;50801;29.2;12.3
40;2021-05-03;1857;1499;122007;52300;29.6;12.7
40;2021-05-04;1883;2468;123890;54768;30.1;13.3
40;2021-05-05;2188;2671;126078;57439;30.6;13.9
40;2021-05-06;2234;2862;128312;60301;31.1;14.6
40;2021-05-07;1905;3004;130217;63305;31.6;15.4
40;2021-05-08;675;467;130892;63772;31.8;15.5
40;2021-05-09;316;20;131208;63792;31.8;15.5
40;2021-05-10;1399;2055;132607;65847;32.2;16.0
40;2021-05-11;2195;2510;134802;68357;32.7;16.6
40;2021-05-12;2731;1943;137533;70300;33.4;17.1
40;2021-05-13;1984;515;139517;70815;33.9;17.2
40;2021-05-14;2323;1654;141840;72469;34.4;17.6
40;2021-05-15;1339;963;143179;73432;34.8;17.8
40;2021-05-16;434;24;143613;73456;34.9;17.8
40;2021-05-17;2120;1313;145733;74769;35.4;18.1
40;2021-05-18;2510;1417;148243;76186;36.0;18.5
40;2021-05-19;2954;1102;151197;77288;36.7;18.8
40;2021-05-20;3584;1165;154781;78453;37.6;19.0
40;2021-05-21;2924;1330;157705;79783;38.3;19.4
40;2021-05-22;1146;795;158851;80578;38.6;19.6
40;2021-05-23;631;29;159482;80607;38.7;19.6
40;2021-05-24;1211;332;160693;80939;39.0;19.6
40;2021-05-25;2167;1302;162860;82241;39.5;20.0
40;2021-05-26;2613;1558;165473;83799;40.2;20.3
40;2021-05-27;2734;2009;168207;85808;40.8;20.8
40;2021-05-28;2569;2277;170776;88085;41.5;21.4
40;2021-05-29;1556;1253;172332;89338;41.8;21.7
40;2021-05-30;2;52;172334;89390;41.8;21.7
40;2021-05-31;2562;1207;174896;90597;42.5;22.0
40;2021-06-01;3011;1768;177907;92365;43.2;22.4
40;2021-06-02;3173;1985;181080;94350;44.0;22.9
40;2021-06-03;3592;2333;184672;96683;44.8;23.5
40;2021-06-04;3015;2804;187687;99487;45.6;24.1
40;2021-06-05;1778;1393;189465;100880;46.0;24.5
40;2021-06-06;458;78;189923;100958;46.1;24.5
40;2021-06-07;2184;2025;192107;102983;46.6;25.0
40;2021-06-08;2950;2099;195057;105082;47.3;25.5
40;2021-06-09;3212;2258;198269;107340;48.1;26.1
40;2021-06-10;2995;2091;201264;109431;48.9;26.6
40;2021-06-11;3137;2794;204401;112225;49.6;27.2
40;2021-06-12;1965;1635;206366;113860;50.1;27.6
40;2021-06-13;643;161;207009;114021;50.2;27.7
40;2021-06-14;1456;2497;208465;116518;50.6;28.3
40;2021-06-15;2233;2817;210698;119335;51.1;29.0
40;2021-06-16;2599;2453;213297;121788;51.8;29.6
40;2021-06-17;2428;2434;215725;124222;52.4;30.2
40;2021-06-18;2320;2905;218045;127127;52.9;30.9
40;2021-06-19;1797;1230;219842;128357;53.4;31.2
40;2021-06-20;344;275;220186;128632;53.4;31.2
40;2021-06-21;1388;2319;221574;130951;53.8;31.8
40;2021-06-22;1681;2993;223255;133944;54.2;32.5
40;2021-06-23;1604;3346;224859;137290;54.6;33.3
40;2021-06-24;1727;2380;226586;139670;55.0;33.9
40;2021-06-25;1756;3258;228342;142928;55.4;34.7
40;2021-06-26;1327;1709;229669;144637;55.7;35.1
40;2021-06-27;261;353;229930;144990;55.8;35.2
40;2021-06-28;1332;2819;231262;147809;56.1;35.9
40;2021-06-29;1699;3387;232961;151196;56.5;36.7
40;2021-06-30;1766;3635;234727;154831;57.0;37.6
40;2021-07-01;1704;3950;236431;158781;57.4;38.5
40;2021-07-02;1548;3812;237979;162593;57.8;39.5
40;2021-07-03;670;1923;238649;164516;57.9;39.9
40;2021-07-04;218;483;238867;164999;58.0;40.1
40;2021-07-05;1465;3020;240332;168019;58.3;40.8
40;2021-07-06;1750;3615;242082;171634;58.8;41.7
40;2021-07-07;1964;3848;244046;175482;59.2;42.6
40;2021-07-08;2085;3408;246131;178890;59.7;43.4
40;2021-07-09;1889;3944;248020;182834;60.2;44.4
40;2021-07-10;996;2159;249016;184993;60.4;44.9
40;2021-07-11;203;294;249219;185287;60.5;45.0
40;2021-07-12;1297;4044;250516;189331;60.8;46.0
40;2021-07-13;2402;4692;252918;194023;61.4;47.1
40;2021-07-14;2167;2052;255085;196075;61.9;47.6
40;2021-07-15;2811;4857;257896;200932;62.6;48.8
40;2021-07-16;3294;3941;261190;204873;63.4;49.7
40;2021-07-17;2098;2589;263288;207462;63.9;50.4
40;2021-07-18;466;541;263754;208003;64.0;50.5
40;2021-07-19;2551;3700;266305;211703;64.6;51.4
40;2021-07-20;3029;4053;269334;215756;65.4;52.4
40;2021-07-21;3177;3869;272511;219625;66.1;53.3
40;2021-07-22;3819;3921;276330;223546;67.1;54.3
40;2021-07-23;4063;4100;280393;227646;68.1;55.3
40;2021-07-24;2773;2091;283166;229737;68.7;55.8
40;2021-07-25;946;487;284112;230224;69.0;55.9
40;2021-07-26;2919;3073;287031;233297;69.7;56.6
40;2021-07-27;3486;3595;290517;236892;70.5;57.5
40;2021-07-28;3352;3381;293869;240273;71.3;58.3
40;2021-07-29;3501;3417;297370;243690;72.2;59.2
40;2021-07-30;3099;3390;300469;247080;72.9;60.0
40;2021-07-31;1762;1908;302231;248988;73.4;60.4
40;2021-08-01;342;285;302573;249273;73.4;60.5
41;2020-12-27;0;0;0;0;0.0;0.0
41;2020-12-28;0;0;0;0;0.0;0.0
41;2020-12-29;0;0;0;0;0.0;0.0
41;2020-12-30;0;0;0;0;0.0;0.0
41;2020-12-31;0;0;0;0;0.0;0.0
41;2021-01-01;0;0;0;0;0.0;0.0
41;2021-01-02;0;0;0;0;0.0;0.0
41;2021-01-03;0;0;0;0;0.0;0.0
41;2021-01-04;0;0;0;0;0.0;0.0
41;2021-01-05;35;0;35;0;0.0;0.0
41;2021-01-06;72;0;107;0;0.0;0.0
41;2021-01-07;21;0;128;0;0.0;0.0
41;2021-01-08;1;0;129;0;0.0;0.0
41;2021-01-09;0;0;129;0;0.0;0.0
41;2021-01-10;0;0;129;0;0.0;0.0
41;2021-01-11;133;0;262;0;0.1;0.0
41;2021-01-12;321;1;583;1;0.2;0.0
41;2021-01-13;270;0;853;1;0.3;0.0
41;2021-01-14;283;1;1136;2;0.3;0.0
41;2021-01-15;215;1;1351;3;0.4;0.0
41;2021-01-16;0;0;1351;3;0.4;0.0
41;2021-01-17;0;0;1351;3;0.4;0.0
41;2021-01-18;397;1;1748;4;0.5;0.0
41;2021-01-19;857;0;2605;4;0.8;0.0
41;2021-01-20;1056;1;3661;5;1.1;0.0
41;2021-01-21;1567;1;5228;6;1.6;0.0
41;2021-01-22;835;0;6063;6;1.8;0.0
41;2021-01-23;92;0;6155;6;1.9;0.0
41;2021-01-24;0;0;6155;6;1.9;0.0
41;2021-01-25;421;1;6576;7;2.0;0.0
41;2021-01-26;473;0;7049;7;2.2;0.0
41;2021-01-27;441;1;7490;8;2.3;0.0
41;2021-01-28;604;56;8094;64;2.5;0.0
41;2021-01-29;258;30;8352;94;2.5;0.0
41;2021-01-30;0;0;8352;94;2.5;0.0
41;2021-01-31;0;0;8352;94;2.5;0.0
41;2021-02-01;350;148;8702;242;2.7;0.1
41;2021-02-02;470;231;9172;473;2.8;0.1
41;2021-02-03;341;202;9513;675;2.9;0.2
41;2021-02-04;559;154;10072;829;3.1;0.3
41;2021-02-05;329;191;10401;1020;3.2;0.3
41;2021-02-06;4;0;10405;1020;3.2;0.3
41;2021-02-07;2;0;10407;1020;3.2;0.3
41;2021-02-08;306;311;10713;1331;3.3;0.4
41;2021-02-09;598;454;11311;1785;3.5;0.5
41;2021-02-10;486;695;11797;2480;3.6;0.8
41;2021-02-11;1065;1155;12862;3635;3.9;1.1
41;2021-02-12;688;354;13550;3989;4.1;1.2
41;2021-02-13;9;5;13559;3994;4.1;1.2
41;2021-02-14;0;27;13559;4021;4.1;1.2
41;2021-02-15;314;309;13873;4330;4.2;1.3
41;2021-02-16;354;564;14227;4894;4.3;1.5
41;2021-02-17;318;460;14545;5354;4.4;1.6
41;2021-02-18;617;318;15162;5672;4.6;1.7
41;2021-02-19;455;336;15617;6008;4.8;1.8
41;2021-02-20;69;58;15686;6066;4.8;1.9
41;2021-02-21;0;0;15686;6066;4.8;1.9
41;2021-02-22;310;421;15996;6487;4.9;2.0
41;2021-02-23;454;350;16450;6837;5.0;2.1
41;2021-02-24;281;442;16731;7279;5.1;2.2
41;2021-02-25;674;457;17405;7736;5.3;2.4
41;2021-02-26;629;253;18034;7989;5.5;2.4
41;2021-02-27;161;4;18195;7993;5.6;2.4
41;2021-02-28;2;31;18197;8024;5.6;2.4
41;2021-03-01;310;312;18507;8336;5.6;2.5
41;2021-03-02;648;414;19155;8750;5.8;2.7
41;2021-03-03;497;410;19652;9160;6.0;2.8
41;2021-03-04;782;836;20434;9996;6.2;3.0
41;2021-03-05;838;671;21272;10667;6.5;3.3
41;2021-03-06;715;18;21987;10685;6.7;3.3
41;2021-03-07;498;13;22485;10698;6.9;3.3
41;2021-03-08;298;377;22783;11075;6.9;3.4
41;2021-03-09;1042;449;23825;11524;7.3;3.5
41;2021-03-10;721;454;24546;11978;7.5;3.7
41;2021-03-11;1181;679;25727;12657;7.8;3.9
41;2021-03-12;1114;409;26841;13066;8.2;4.0
41;2021-03-13;1222;12;28063;13078;8.6;4.0
41;2021-03-14;392;3;28455;13081;8.7;4.0
41;2021-03-15;795;349;29250;13430;8.9;4.1
41;2021-03-16;1060;407;30310;13837;9.2;4.2
41;2021-03-17;587;240;30897;14077;9.4;4.3
41;2021-03-18;925;405;31822;14482;9.7;4.4
41;2021-03-19;911;332;32733;14814;10.0;4.5
41;2021-03-20;539;17;33272;14831;10.1;4.5
41;2021-03-21;1;0;33273;14831;10.1;4.5
41;2021-03-22;809;266;34082;15097;10.4;4.6
41;2021-03-23;1307;489;35389;15586;10.8;4.8
41;2021-03-24;1231;364;36620;15950;11.2;4.9
41;2021-03-25;2026;434;38646;16384;11.8;5.0
41;2021-03-26;1655;320;40301;16704;12.3;5.1
41;2021-03-27;452;56;40753;16760;12.4;5.1
41;2021-03-28;1;0;40754;16760;12.4;5.1
41;2021-03-29;938;305;41692;17065;12.7;5.2
41;2021-03-30;1496;592;43188;17657;13.2;5.4
41;2021-03-31;1146;473;44334;18130;13.5;5.5
41;2021-04-01;2250;557;46584;18687;14.2;5.7
41;2021-04-02;1242;470;47826;19157;14.6;5.8
41;2021-04-03;321;5;48147;19162;14.7;5.8
41;2021-04-04;38;0;48185;19162;14.7;5.8
41;2021-04-05;140;2;48325;19164;14.7;5.8
41;2021-04-06;1299;622;49624;19786;15.1;6.0
41;2021-04-07;1851;697;51475;20483;15.7;6.2
41;2021-04-08;2290;914;53765;21397;16.4;6.5
41;2021-04-09;2567;603;56332;22000;17.2;6.7
41;2021-04-10;950;495;57282;22495;17.5;6.9
41;2021-04-11;277;376;57559;22871;17.6;7.0
41;2021-04-12;1688;643;59247;23514;18.1;7.2
41;2021-04-13;2260;978;61507;24492;18.8;7.5
41;2021-04-14;1794;545;63301;25037;19.3;7.6
41;2021-04-15;2384;967;65685;26004;20.0;7.9
41;2021-04-16;1930;619;67615;26623;20.6;8.1
41;2021-04-17;647;134;68262;26757;20.8;8.2
41;2021-04-18;5;0;68267;26757;20.8;8.2
41;2021-04-19;1262;743;69529;27500;21.2;8.4
41;2021-04-20;2004;1200;71533;28700;21.8;8.8
41;2021-04-21;1502;909;73035;29609;22.3;9.0
41;2021-04-22;2235;1590;75270;31199;23.0;9.5
41;2021-04-23;1731;1072;77001;32271;23.5;9.8
41;2021-04-24;1543;276;78544;32547;24.0;9.9
41;2021-04-25;1007;19;79551;32566;24.3;9.9
41;2021-04-26;1356;625;80907;33191;24.7;10.1
41;2021-04-27;2094;1038;83001;34229;25.3;10.4
41;2021-04-28;1560;854;84561;35083;25.8;10.7
41;2021-04-29;2211;1373;86772;36456;26.5;11.1
41;2021-04-30;1961;857;88733;37313;27.1;11.4
41;2021-05-01;190;12;88923;37325;27.1;11.4
41;2021-05-02;107;17;89030;37342;27.2;11.4
41;2021-05-03;1867;889;90897;38231;27.7;11.7
41;2021-05-04;2094;1540;92991;39771;28.4;12.1
41;2021-05-05;1881;1189;94872;40960;28.9;12.5
41;2021-05-06;2448;1694;97320;42654;29.7;13.0
41;2021-05-07;2019;1797;99339;44451;30.3;13.6
41;2021-05-08;203;152;99542;44603;30.4;13.6
41;2021-05-09;11;354;99553;44957;30.4;13.7
41;2021-05-10;1590;1558;101143;46515;30.9;14.2
41;2021-05-11;2090;2097;103233;48612;31.5;14.8
41;2021-05-12;1952;1676;105185;50288;32.1;15.3
41;2021-05-13;1484;945;106669;51233;32.5;15.6
41;2021-05-14;1576;1303;108245;52536;33.0;16.0
41;2021-05-15;206;294;108451;52830;33.1;16.1
41;2021-05-16;4;0;108455;52830;33.1;16.1
41;2021-05-17;2482;561;110937;53391;33.8;16.3
41;2021-05-18;3138;1024;114075;54415;34.8;16.6
41;2021-05-19;2553;669;116628;55084;35.6;16.8
41;2021-05-20;3349;1151;119977;56235;36.6;17.2
41;2021-05-21;2724;967;122701;57202;37.4;17.4
41;2021-05-22;396;236;123097;57438;37.5;17.5
41;2021-05-23;6;2;123103;57440;37.6;17.5
41;2021-05-24;2605;145;125708;57585;38.3;17.6
41;2021-05-25;2989;575;128697;58160;39.3;17.7
41;2021-05-26;3038;645;131735;58805;40.2;17.9
41;2021-05-27;3297;1110;135032;59915;41.2;18.3
41;2021-05-28;3143;980;138175;60895;42.1;18.6
41;2021-05-29;2075;427;140250;61322;42.8;18.7
41;2021-05-30;342;21;140592;61343;42.9;18.7
41;2021-05-31;1711;1506;142303;62849;43.4;19.2
41;2021-06-01;2262;2012;144565;64861;44.1;19.8
41;2021-06-02;1831;1288;146396;66149;44.7;20.2
41;2021-06-03;2596;1942;148992;68091;45.4;20.8
41;2021-06-04;2306;1962;151298;70053;46.2;21.4
41;2021-06-05;611;1582;151909;71635;46.3;21.9
41;2021-06-06;108;927;152017;72562;46.4;22.1
41;2021-06-07;1517;1533;153534;74095;46.8;22.6
41;2021-06-08;1712;2414;155246;76509;47.4;23.3
41;2021-06-09;1615;1642;156861;78151;47.8;23.8
41;2021-06-10;1917;1818;158778;79969;48.4;24.4
41;2021-06-11;1571;1796;160349;81765;48.9;24.9
41;2021-06-12;663;649;161012;82414;49.1;25.1
41;2021-06-13;12;77;161024;82491;49.1;25.2
41;2021-06-14;1269;1964;162293;84455;49.5;25.8
41;2021-06-15;1834;2760;164127;87215;50.1;26.6
41;2021-06-16;1725;2309;165852;89524;50.6;27.3
41;2021-06-17;1811;2578;167663;92102;51.1;28.1
41;2021-06-18;1666;2396;169329;94498;51.7;28.8
41;2021-06-19;412;531;169741;95029;51.8;29.0
41;2021-06-20;11;32;169752;95061;51.8;29.0
41;2021-06-21;1323;1780;171075;96841;52.2;29.5
41;2021-06-22;1618;2565;172693;99406;52.7;30.3
41;2021-06-23;1374;2046;174067;101452;53.1;30.9
41;2021-06-24;1480;2311;175547;103763;53.5;31.7
41;2021-06-25;1294;2613;176841;106376;53.9;32.4
41;2021-06-26;434;613;177275;106989;54.1;32.6
41;2021-06-27;1;4;177276;106993;54.1;32.6
41;2021-06-28;403;2701;177679;109694;54.2;33.5
41;2021-06-29;664;3441;178343;113135;54.4;34.5
41;2021-06-30;549;3074;178892;116209;54.6;35.4
41;2021-07-01;767;3106;179659;119315;54.8;36.4
41;2021-07-02;588;3502;180247;122817;55.0;37.5
41;2021-07-03;158;648;180405;123465;55.0;37.7
41;2021-07-04;1;2;180406;123467;55.0;37.7
41;2021-07-05;287;2828;180693;126295;55.1;38.5
41;2021-07-06;665;3639;181358;129934;55.3;39.6
41;2021-07-07;478;3142;181836;133076;55.5;40.6
41;2021-07-08;942;3382;182778;136458;55.8;41.6
41;2021-07-09;531;3645;183309;140103;55.9;42.7
41;2021-07-10;246;2087;183555;142190;56.0;43.4
41;2021-07-11;6;281;183561;142471;56.0;43.5
41;2021-07-12;857;2297;184418;144768;56.3;44.2
41;2021-07-13;1194;3287;185612;148055;56.6;45.2
41;2021-07-14;140;1081;185752;149136;56.7;45.5
41;2021-07-15;1327;3324;187079;152460;57.1;46.5
41;2021-07-16;1087;3397;188166;155857;57.4;47.5
41;2021-07-17;339;806;188505;156663;57.5;47.8
41;2021-07-18;24;32;188529;156695;57.5;47.8
41;2021-07-19;1188;2316;189717;159011;57.9;48.5
41;2021-07-20;1637;2742;191354;161753;58.4;49.3
41;2021-07-21;1701;2087;193055;163840;58.9;50.0
41;2021-07-22;2258;2302;195313;166142;59.6;50.7
41;2021-07-23;2094;2477;197407;168619;60.2;51.4
41;2021-07-24;327;839;197734;169458;60.3;51.7
41;2021-07-25;17;23;197751;169481;60.3;51.7
41;2021-07-26;1895;1675;199646;171156;60.9;52.2
41;2021-07-27;2522;2332;202168;173488;61.7;52.9
41;2021-07-28;2160;1823;204328;175311;62.3;53.5
41;2021-07-29;2335;2020;206663;177331;63.0;54.1
41;2021-07-30;2151;2075;208814;179406;63.7;54.7
41;2021-07-31;359;573;209173;179979;63.8;54.9
41;2021-08-01;16;7;209189;179986;63.8;54.9
42;2020-12-27;2;0;2;0;0.0;0.0
42;2020-12-28;0;0;2;0;0.0;0.0
42;2020-12-29;0;0;2;0;0.0;0.0
42;2020-12-30;0;0;2;0;0.0;0.0
42;2020-12-31;0;0;2;0;0.0;0.0
42;2021-01-01;0;0;2;0;0.0;0.0
42;2021-01-02;0;0;2;0;0.0;0.0
42;2021-01-03;0;0;2;0;0.0;0.0
42;2021-01-04;0;0;2;0;0.0;0.0
42;2021-01-05;1;0;3;0;0.0;0.0
42;2021-01-06;178;1;181;1;0.0;0.0
42;2021-01-07;256;0;437;1;0.1;0.0
42;2021-01-08;262;1;699;2;0.1;0.0
42;2021-01-09;136;0;835;2;0.1;0.0
42;2021-01-10;0;0;835;2;0.1;0.0
42;2021-01-11;293;2;1128;4;0.1;0.0
42;2021-01-12;412;1;1540;5;0.2;0.0
42;2021-01-13;527;2;2067;7;0.3;0.0
42;2021-01-14;769;4;2836;11;0.4;0.0
42;2021-01-15;703;4;3539;15;0.5;0.0
42;2021-01-16;298;1;3837;16;0.5;0.0
42;2021-01-17;219;0;4056;16;0.5;0.0
42;2021-01-18;968;1;5024;17;0.7;0.0
42;2021-01-19;1328;11;6352;28;0.8;0.0
42;2021-01-20;955;4;7307;32;1.0;0.0
42;2021-01-21;1002;5;8309;37;1.1;0.0
42;2021-01-22;991;4;9300;41;1.2;0.0
42;2021-01-23;401;0;9701;41;1.3;0.0
42;2021-01-24;358;0;10059;41;1.3;0.0
42;2021-01-25;1098;10;11157;51;1.5;0.0
42;2021-01-26;1743;19;12900;70;1.7;0.0
42;2021-01-27;1456;123;14356;193;1.9;0.0
42;2021-01-28;1663;140;16019;333;2.1;0.0
42;2021-01-29;945;118;16964;451;2.2;0.1
42;2021-01-30;257;114;17221;565;2.3;0.1
42;2021-01-31;258;2;17479;567;2.3;0.1
42;2021-02-01;729;62;18208;629;2.4;0.1
42;2021-02-02;1797;289;20005;918;2.6;0.1
42;2021-02-03;1514;483;21519;1401;2.8;0.2
42;2021-02-04;1282;612;22801;2013;3.0;0.3
42;2021-02-05;683;525;23484;2538;3.1;0.3
42;2021-02-06;303;148;23787;2686;3.1;0.4
42;2021-02-07;275;152;24062;2838;3.1;0.4
42;2021-02-08;508;628;24570;3466;3.2;0.5
42;2021-02-09;703;801;25273;4267;3.3;0.6
42;2021-02-10;738;691;26011;4958;3.4;0.6
42;2021-02-11;766;674;26777;5632;3.5;0.7
42;2021-02-12;675;753;27452;6385;3.6;0.8
42;2021-02-13;426;303;27878;6688;3.6;0.9
42;2021-02-14;186;229;28064;6917;3.7;0.9
42;2021-02-15;520;818;28584;7735;3.7;1.0
42;2021-02-16;488;1247;29072;8982;3.8;1.2
42;2021-02-17;518;1535;29590;10517;3.9;1.4
42;2021-02-18;754;1381;30344;11898;4.0;1.6
42;2021-02-19;766;1022;31110;12920;4.1;1.7
42;2021-02-20;248;411;31358;13331;4.1;1.7
42;2021-02-21;63;328;31421;13659;4.1;1.8
42;2021-02-22;574;966;31995;14625;4.2;1.9
42;2021-02-23;1197;1416;33192;16041;4.3;2.1
42;2021-02-24;1235;1221;34427;17262;4.5;2.3
42;2021-02-25;1666;1412;36093;18674;4.7;2.4
42;2021-02-26;1644;909;37737;19583;4.9;2.6
42;2021-02-27;580;293;38317;19876;5.0;2.6
42;2021-02-28;167;126;38484;20002;5.0;2.6
42;2021-03-01;812;846;39296;20848;5.1;2.7
42;2021-03-02;1273;811;40569;21659;5.3;2.8
42;2021-03-03;1366;795;41935;22454;5.5;2.9
42;2021-03-04;1704;698;43639;23152;5.7;3.0
42;2021-03-05;2626;653;46265;23805;6.0;3.1
42;2021-03-06;1932;251;48197;24056;6.3;3.1
42;2021-03-07;1492;83;49689;24139;6.5;3.2
42;2021-03-08;1403;501;51092;24640;6.7;3.2
42;2021-03-09;1983;436;53075;25076;6.9;3.3
42;2021-03-10;2053;484;55128;25560;7.2;3.3
42;2021-03-11;3047;588;58175;26148;7.6;3.4
42;2021-03-12;3006;812;61181;26960;8.0;3.5
42;2021-03-13;1480;349;62661;27309;8.2;3.6
42;2021-03-14;472;175;63133;27484;8.3;3.6
42;2021-03-15;1571;589;64704;28073;8.5;3.7
42;2021-03-16;1471;774;66175;28847;8.7;3.8
42;2021-03-17;1715;1059;67890;29906;8.9;3.9
42;2021-03-18;1804;1020;69694;30926;9.1;4.0
42;2021-03-19;2562;665;72256;31591;9.4;4.1
42;2021-03-20;1671;219;73927;31810;9.7;4.2
42;2021-03-21;527;94;74454;31904;9.7;4.2
42;2021-03-22;1430;732;75884;32636;9.9;4.3
42;2021-03-23;2506;837;78390;33473;10.3;4.4
42;2021-03-24;2782;773;81172;34246;10.6;4.5
42;2021-03-25;3720;926;84892;35172;11.1;4.6
42;2021-03-26;3759;772;88651;35944;11.6;4.7
42;2021-03-27;1804;435;90455;36379;11.8;4.8
42;2021-03-28;1040;202;91495;36581;12.0;4.8
42;2021-03-29;2062;914;93557;37495;12.2;4.9
42;2021-03-30;3144;848;96701;38343;12.6;5.0
42;2021-03-31;2441;1055;99142;39398;13.0;5.2
42;2021-04-01;3390;1032;102532;40430;13.4;5.3
42;2021-04-02;2849;1211;105381;41641;13.8;5.4
42;2021-04-03;1418;597;106799;42238;14.0;5.5
42;2021-04-04;1400;385;108199;42623;14.1;5.6
42;2021-04-05;1901;282;110100;42905;14.4;5.6
42;2021-04-06;2292;1394;112392;44299;14.7;5.8
42;2021-04-07;2756;1810;115148;46109;15.1;6.0
42;2021-04-08;4021;1579;119169;47688;15.6;6.2
42;2021-04-09;5124;1516;124293;49204;16.3;6.4
42;2021-04-10;2588;747;126881;49951;16.6;6.5
42;2021-04-11;1955;414;128836;50365;16.8;6.6
42;2021-04-12;3691;1531;132527;51896;17.3;6.8
42;2021-04-13;4658;1789;137185;53685;17.9;7.0
42;2021-04-14;4312;1884;141497;55569;18.5;7.3
42;2021-04-15;4803;1793;146300;57362;19.1;7.5
42;2021-04-16;4616;1862;150916;59224;19.7;7.7
42;2021-04-17;2978;1065;153894;60289;20.1;7.9
42;2021-04-18;1883;409;155777;60698;20.4;7.9
42;2021-04-19;3090;1525;158867;62223;20.8;8.1
42;2021-04-20;3466;1928;162333;64151;21.2;8.4
42;2021-04-21;3470;1734;165803;65885;21.7;8.6
42;2021-04-22;3767;1934;169570;67819;22.2;8.9
42;2021-04-23;3834;1996;173404;69815;22.7;9.1
42;2021-04-24;2356;1509;175760;71324;23.0;9.3
42;2021-04-25;1656;942;177416;72266;23.2;9.4
42;2021-04-26;3275;1718;180691;73984;23.6;9.7
42;2021-04-27;3256;2196;183947;76180;24.1;10.0
42;2021-04-28;3464;2613;187411;78793;24.5;10.3
42;2021-04-29;3770;2798;191181;81591;25.0;10.7
42;2021-04-30;3360;3029;194541;84620;25.4;11.1
42;2021-05-01;2970;1038;197511;85658;25.8;11.2
42;2021-05-02;1935;1254;199446;86912;26.1;11.4
42;2021-05-03;2870;2760;202316;89672;26.5;11.7
42;2021-05-04;3419;3120;205735;92792;26.9;12.1
42;2021-05-05;3328;3390;209063;96182;27.3;12.6
42;2021-05-06;3889;3755;212952;99937;27.8;13.1
42;2021-05-07;3730;4031;216682;103968;28.3;13.6
42;2021-05-08;3164;1061;219846;105029;28.7;13.7
42;2021-05-09;1506;2210;221352;107239;28.9;14.0
42;2021-05-10;3249;3822;224601;111061;29.4;14.5
42;2021-05-11;5581;3902;230182;114963;30.1;15.0
42;2021-05-12;5346;3563;235528;118526;30.8;15.5
42;2021-05-13;5455;1134;240983;119660;31.5;15.6
42;2021-05-14;5243;2922;246226;122582;32.2;16.0
42;2021-05-15;4880;2111;251106;124693;32.8;16.3
42;2021-05-16;2871;1036;253977;125729;33.2;16.4
42;2021-05-17;5887;2835;259864;128564;34.0;16.8
42;2021-05-18;6250;2977;266114;131541;34.8;17.2
42;2021-05-19;6525;2744;272639;134285;35.7;17.6
42;2021-05-20;7105;2888;279744;137173;36.6;17.9
42;2021-05-21;6352;3258;286096;140431;37.4;18.4
42;2021-05-22;5838;2119;291934;142550;38.2;18.6
42;2021-05-23;2833;870;294767;143420;38.5;18.8
42;2021-05-24;5251;1417;300018;144837;39.2;18.9
42;2021-05-25;5152;3946;305170;148783;39.9;19.5
42;2021-05-26;5155;3448;310325;152231;40.6;19.9
42;2021-05-27;5364;3630;315689;155861;41.3;20.4
42;2021-05-28;5038;4196;320727;160057;41.9;20.9
42;2021-05-29;4339;2983;325066;163040;42.5;21.3
42;2021-05-30;1980;1207;327046;164247;42.8;21.5
42;2021-05-31;4240;3423;331286;167670;43.3;21.9
42;2021-06-01;4590;3569;335876;171239;43.9;22.4
42;2021-06-02;4470;3008;340346;174247;44.5;22.8
42;2021-06-03;4925;3834;345271;178081;45.1;23.3
42;2021-06-04;4766;4215;350037;182296;45.8;23.8
42;2021-06-05;3685;2421;353722;184717;46.3;24.2
42;2021-06-06;1445;1293;355167;186010;46.4;24.3
42;2021-06-07;3988;3373;359155;189383;47.0;24.8
42;2021-06-08;3462;3238;362617;192621;47.4;25.2
42;2021-06-09;2957;3201;365574;195822;47.8;25.6
42;2021-06-10;3238;2928;368812;198750;48.2;26.0
42;2021-06-11;3587;4116;372399;202866;48.7;26.5
42;2021-06-12;2861;2878;375260;205744;49.1;26.9
42;2021-06-13;943;1275;376203;207019;49.2;27.1
42;2021-06-14;2303;4063;378506;211082;49.5;27.6
42;2021-06-15;2831;4067;381337;215149;49.9;28.1
42;2021-06-16;2923;3548;384260;218697;50.2;28.6
42;2021-06-17;2636;3742;386896;222439;50.6;29.1
42;2021-06-18;3088;5150;389984;227589;51.0;29.8
42;2021-06-19;2841;4244;392825;231833;51.4;30.3
42;2021-06-20;856;1841;393681;233674;51.5;30.6
42;2021-06-21;1904;6275;395585;239949;51.7;31.4
42;2021-06-22;1873;5897;397458;245846;52.0;32.1
42;2021-06-23;1840;5321;399298;251167;52.2;32.8
42;2021-06-24;1780;4679;401078;255846;52.4;33.5
42;2021-06-25;2026;6951;403104;262797;52.7;34.4
42;2021-06-26;1404;5819;404508;268616;52.9;35.1
42;2021-06-27;756;2851;405264;271467;53.0;35.5
42;2021-06-28;1738;7058;407002;278525;53.2;36.4
42;2021-06-29;1527;6561;408529;285086;53.4;37.3
42;2021-06-30;1965;5766;410494;290852;53.7;38.0
42;2021-07-01;1767;5119;412261;295971;53.9;38.7
42;2021-07-02;2041;6748;414302;302719;54.2;39.6
42;2021-07-03;1748;5973;416050;308692;54.4;40.4
42;2021-07-04;853;2508;416903;311200;54.5;40.7
42;2021-07-05;1708;6288;418611;317488;54.7;41.5
42;2021-07-06;2101;5575;420712;323063;55.0;42.2
42;2021-07-07;2319;4659;423031;327722;55.3;42.9
42;2021-07-08;2265;3960;425296;331682;55.6;43.4
42;2021-07-09;2368;6098;427664;337780;55.9;44.2
42;2021-07-10;1690;5585;429354;343365;56.1;44.9
42;2021-07-11;918;2294;430272;345659;56.3;45.2
42;2021-07-12;1758;6289;432030;351948;56.5;46.0
42;2021-07-13;3577;6278;435607;358226;57.0;46.8
42;2021-07-14;4459;2045;440066;360271;57.5;47.1
42;2021-07-15;4515;5608;444581;365879;58.1;47.8
42;2021-07-16;4329;6182;448910;372061;58.7;48.7
42;2021-07-17;3187;4694;452097;376755;59.1;49.3
42;2021-07-18;1830;1736;453927;378491;59.4;49.5
42;2021-07-19;3777;5055;457704;383546;59.9;50.2
42;2021-07-20;4684;4852;462388;388398;60.5;50.8
42;2021-07-21;5134;4692;467522;393090;61.1;51.4
42;2021-07-22;5470;3920;472992;397010;61.9;51.9
42;2021-07-23;5450;5079;478442;402089;62.6;52.6
42;2021-07-24;4004;3799;482446;405888;63.1;53.1
42;2021-07-25;1638;1374;484084;407262;63.3;53.3
42;2021-07-26;4696;4304;488780;411566;63.9;53.8
42;2021-07-27;5293;3935;494073;415501;64.6;54.3
42;2021-07-28;5747;3642;499820;419143;65.4;54.8
42;2021-07-29;5633;3403;505453;422546;66.1;55.3
42;2021-07-30;5085;3727;510538;426273;66.8;55.7
42;2021-07-31;4663;3004;515201;429277;67.4;56.1
42;2021-08-01;2457;1285;517658;430562;67.7;56.3
43;2020-12-27;0;0;0;0;0.0;0.0
43;2020-12-28;0;0;0;0;0.0;0.0
43;2020-12-29;0;0;0;0;0.0;0.0
43;2020-12-30;0;0;0;0;0.0;0.0
43;2020-12-31;0;0;0;0;0.0;0.0
43;2021-01-01;0;0;0;0;0.0;0.0
43;2021-01-02;0;0;0;0;0.0;0.0
43;2021-01-03;0;0;0;0;0.0;0.0
43;2021-01-04;1;0;1;0;0.0;0.0
43;2021-01-05;0;0;1;0;0.0;0.0
43;2021-01-06;0;0;1;0;0.0;0.0
43;2021-01-07;167;0;168;0;0.1;0.0
43;2021-01-08;151;0;319;0;0.1;0.0
43;2021-01-09;0;0;319;0;0.1;0.0
43;2021-01-10;0;0;319;0;0.1;0.0
43;2021-01-11;137;0;456;0;0.2;0.0
43;2021-01-12;244;1;700;1;0.3;0.0
43;2021-01-13;244;1;944;2;0.4;0.0
43;2021-01-14;293;1;1237;3;0.5;0.0
43;2021-01-15;303;2;1540;5;0.7;0.0
43;2021-01-16;32;0;1572;5;0.7;0.0
43;2021-01-17;0;0;1572;5;0.7;0.0
43;2021-01-18;760;5;2332;10;1.0;0.0
43;2021-01-19;776;6;3108;16;1.4;0.0
43;2021-01-20;517;0;3625;16;1.6;0.0
43;2021-01-21;446;1;4071;17;1.8;0.0
43;2021-01-22;465;8;4536;25;2.0;0.0
43;2021-01-23;1;0;4537;25;2.0;0.0
43;2021-01-24;1;0;4538;25;2.0;0.0
43;2021-01-25;539;0;5077;25;2.2;0.0
43;2021-01-26;616;3;5693;28;2.5;0.0
43;2021-01-27;740;0;6433;28;2.8;0.0
43;2021-01-28;747;32;7180;60;3.2;0.0
43;2021-01-29;719;85;7899;145;3.5;0.1
43;2021-01-30;109;0;8008;145;3.5;0.1
43;2021-01-31;0;0;8008;145;3.5;0.1
43;2021-02-01;404;100;8412;245;3.7;0.1
43;2021-02-02;709;151;9121;396;4.0;0.2
43;2021-02-03;691;43;9812;439;4.3;0.2
43;2021-02-04;523;171;10335;610;4.6;0.3
43;2021-02-05;543;173;10878;783;4.8;0.3
43;2021-02-06;163;19;11041;802;4.9;0.4
43;2021-02-07;0;0;11041;802;4.9;0.4
43;2021-02-08;411;305;11452;1107;5.0;0.5
43;2021-02-09;369;434;11821;1541;5.2;0.7
43;2021-02-10;399;361;12220;1902;5.4;0.8
43;2021-02-11;390;395;12610;2297;5.6;1.0
43;2021-02-12;426;201;13036;2498;5.7;1.1
43;2021-02-13;572;37;13608;2535;6.0;1.1
43;2021-02-14;0;0;13608;2535;6.0;1.1
43;2021-02-15;68;480;13676;3015;6.0;1.3
43;2021-02-16;41;375;13717;3390;6.0;1.5
43;2021-02-17;87;484;13804;3874;6.1;1.7
43;2021-02-18;147;379;13951;4253;6.1;1.9
43;2021-02-19;277;508;14228;4761;6.3;2.1
43;2021-02-20;22;4;14250;4765;6.3;2.1
43;2021-02-21;0;0;14250;4765;6.3;2.1
43;2021-02-22;16;503;14266;5268;6.3;2.3
43;2021-02-23;202;799;14468;6067;6.4;2.7
43;2021-02-24;147;713;14615;6780;6.4;3.0
43;2021-02-25;227;695;14842;7475;6.5;3.3
43;2021-02-26;222;670;15064;8145;6.6;3.6
43;2021-02-27;138;75;15202;8220;6.7;3.6
43;2021-02-28;1;0;15203;8220;6.7;3.6
43;2021-03-01;210;479;15413;8699;6.8;3.8
43;2021-03-02;342;582;15755;9281;6.9;4.1
43;2021-03-03;337;589;16092;9870;7.1;4.3
43;2021-03-04;551;458;16643;10328;7.3;4.6
43;2021-03-05;566;450;17209;10778;7.6;4.8
43;2021-03-06;489;178;17698;10956;7.8;4.8
43;2021-03-07;12;0;17710;10956;7.8;4.8
43;2021-03-08;445;443;18155;11399;8.0;5.0
43;2021-03-09;621;349;18776;11748;8.3;5.2
43;2021-03-10;673;491;19449;12239;8.6;5.4
43;2021-03-11;953;436;20402;12675;9.0;5.6
43;2021-03-12;945;420;21347;13095;9.4;5.8
43;2021-03-13;792;112;22139;13207;9.8;5.8
43;2021-03-14;2;0;22141;13207;9.8;5.8
43;2021-03-15;706;139;22847;13346;10.1;5.9
43;2021-03-16;847;277;23694;13623;10.4;6.0
43;2021-03-17;638;134;24332;13757;10.7;6.1
43;2021-03-18;675;129;25007;13886;11.0;6.1
43;2021-03-19;839;100;25846;13986;11.4;6.2
43;2021-03-20;450;60;26296;14046;11.6;6.2
43;2021-03-21;0;0;26296;14046;11.6;6.2
43;2021-03-22;744;37;27040;14083;11.9;6.2
43;2021-03-23;870;31;27910;14114;12.3;6.2
43;2021-03-24;1173;74;29083;14188;12.8;6.3
43;2021-03-25;1594;137;30677;14325;13.5;6.3
43;2021-03-26;1609;177;32286;14502;14.2;6.4
43;2021-03-27;1449;69;33735;14571;14.9;6.4
43;2021-03-28;420;20;34155;14591;15.1;6.4
43;2021-03-29;1094;164;35249;14755;15.5;6.5
43;2021-03-30;1312;229;36561;14984;16.1;6.6
43;2021-03-31;1305;246;37866;15230;16.7;6.7
43;2021-04-01;1345;336;39211;15566;17.3;6.9
43;2021-04-02;1051;346;40262;15912;17.7;7.0
43;2021-04-03;338;194;40600;16106;17.9;7.1
43;2021-04-04;0;0;40600;16106;17.9;7.1
43;2021-04-05;3;0;40603;16106;17.9;7.1
43;2021-04-06;688;601;41291;16707;18.2;7.4
43;2021-04-07;867;573;42158;17280;18.6;7.6
43;2021-04-08;1086;458;43244;17738;19.1;7.8
43;2021-04-09;1146;650;44390;18388;19.6;8.1
43;2021-04-10;625;259;45015;18647;19.8;8.2
43;2021-04-11;0;0;45015;18647;19.8;8.2
43;2021-04-12;682;647;45697;19294;20.1;8.5
43;2021-04-13;917;722;46614;20016;20.5;8.8
43;2021-04-14;725;665;47339;20681;20.9;9.1
43;2021-04-15;959;692;48298;21373;21.3;9.4
43;2021-04-16;1006;686;49304;22059;21.7;9.7
43;2021-04-17;423;302;49727;22361;21.9;9.9
43;2021-04-18;3;5;49730;22366;21.9;9.9
43;2021-04-19;629;562;50359;22928;22.2;10.1
43;2021-04-20;840;665;51199;23593;22.6;10.4
43;2021-04-21;321;987;51520;24580;22.7;10.8
43;2021-04-22;679;1011;52199;25591;23.0;11.3
43;2021-04-23;401;1100;52600;26691;23.2;11.8
43;2021-04-24;347;1038;52947;27729;23.3;12.2
43;2021-04-25;23;403;52970;28132;23.3;12.4
43;2021-04-26;385;963;53355;29095;23.5;12.8
43;2021-04-27;824;990;54179;30085;23.9;13.3
43;2021-04-28;794;1104;54973;31189;24.2;13.7
43;2021-04-29;1238;1138;56211;32327;24.8;14.2
43;2021-04-30;1199;1059;57410;33386;25.3;14.7
43;2021-05-01;400;21;57810;33407;25.5;14.7
43;2021-05-02;1;0;57811;33407;25.5;14.7
43;2021-05-03;1218;400;59029;33807;26.0;14.9
43;2021-05-04;1236;945;60265;34752;26.6;15.3
43;2021-05-05;1144;846;61409;35598;27.1;15.7
43;2021-05-06;1404;935;62813;36533;27.7;16.1
43;2021-05-07;1089;1168;63902;37701;28.2;16.6
43;2021-05-08;518;136;64420;37837;28.4;16.7
43;2021-05-09;0;2;64420;37839;28.4;16.7
43;2021-05-10;1085;722;65505;38561;28.9;17.0
43;2021-05-11;1555;1003;67060;39564;29.6;17.4
43;2021-05-12;1480;807;68540;40371;30.2;17.8
43;2021-05-13;936;380;69476;40751;30.6;18.0
43;2021-05-14;2202;1101;71678;41852;31.6;18.4
43;2021-05-15;1269;318;72947;42170;32.1;18.6
43;2021-05-16;272;47;73219;42217;32.3;18.6
43;2021-05-17;1624;624;74843;42841;33.0;18.9
43;2021-05-18;1966;672;76809;43513;33.9;19.2
43;2021-05-19;2068;569;78877;44082;34.8;19.4
43;2021-05-20;2338;797;81215;44879;35.8;19.8
43;2021-05-21;2384;705;83599;45584;36.8;20.1
43;2021-05-22;1208;340;84807;45924;37.4;20.2
43;2021-05-23;1;0;84808;45924;37.4;20.2
43;2021-05-24;381;100;85189;46024;37.5;20.3
43;2021-05-25;1407;652;86596;46676;38.2;20.6
43;2021-05-26;1349;556;87945;47232;38.8;20.8
43;2021-05-27;1389;710;89334;47942;39.4;21.1
43;2021-05-28;1348;731;90682;48673;40.0;21.5
43;2021-05-29;1135;598;91817;49271;40.5;21.7
43;2021-05-30;149;17;91966;49288;40.5;21.7
43;2021-05-31;1208;442;93174;49730;41.1;21.9
43;2021-06-01;1277;983;94451;50713;41.6;22.4
43;2021-06-02;1086;696;95537;51409;42.1;22.7
43;2021-06-03;1193;854;96730;52263;42.6;23.0
43;2021-06-04;1350;858;98080;53121;43.2;23.4
43;2021-06-05;824;450;98904;53571;43.6;23.6
43;2021-06-06;10;5;98914;53576;43.6;23.6
43;2021-06-07;747;514;99661;54090;43.9;23.8
43;2021-06-08;664;703;100325;54793;44.2;24.1
43;2021-06-09;539;759;100864;55552;44.5;24.5
43;2021-06-10;806;1118;101670;56670;44.8;25.0
43;2021-06-11;758;1347;102428;58017;45.1;25.6
43;2021-06-12;914;513;103342;58530;45.5;25.8
43;2021-06-13;3;27;103345;58557;45.5;25.8
43;2021-06-14;447;1087;103792;59644;45.7;26.3
43;2021-06-15;630;1193;104422;60837;46.0;26.8
43;2021-06-16;549;975;104971;61812;46.3;27.2
43;2021-06-17;600;1499;105571;63311;46.5;27.9
43;2021-06-18;900;1461;106471;64772;46.9;28.5
43;2021-06-19;447;782;106918;65554;47.1;28.9
43;2021-06-20;0;12;106918;65566;47.1;28.9
43;2021-06-21;423;1306;107341;66872;47.3;29.5
43;2021-06-22;531;1960;107872;68832;47.5;30.3
43;2021-06-23;343;1743;108215;70575;47.7;31.1
43;2021-06-24;512;1494;108727;72069;47.9;31.8
43;2021-06-25;595;2345;109322;74414;48.2;32.8
43;2021-06-26;505;1245;109827;75659;48.4;33.3
43;2021-06-27;9;20;109836;75679;48.4;33.4
43;2021-06-28;341;1786;110177;77465;48.6;34.1
43;2021-06-29;525;2378;110702;79843;48.8;35.2
43;2021-06-30;459;2276;111161;82119;49.0;36.2
43;2021-07-01;472;1908;111633;84027;49.2;37.0
43;2021-07-02;498;1961;112131;85988;49.4;37.9
43;2021-07-03;256;1107;112387;87095;49.5;38.4
43;2021-07-04;1;0;112388;87095;49.5;38.4
43;2021-07-05;523;1200;112911;88295;49.8;38.9
43;2021-07-06;631;1681;113542;89976;50.0;39.7
43;2021-07-07;521;1423;114063;91399;50.3;40.3
43;2021-07-08;834;1422;114897;92821;50.6;40.9
43;2021-07-09;546;1497;115443;94318;50.9;41.6
43;2021-07-10;400;1336;115843;95654;51.1;42.2
43;2021-07-11;23;98;115866;95752;51.1;42.2
43;2021-07-12;601;1685;116467;97437;51.3;42.9
43;2021-07-13;1184;1849;117651;99286;51.9;43.8
43;2021-07-14;843;150;118494;99436;52.2;43.8
43;2021-07-15;1922;1838;120416;101274;53.1;44.6
43;2021-07-16;1748;1614;122164;102888;53.8;45.3
43;2021-07-17;1532;1192;123696;104080;54.5;45.9
43;2021-07-18;4;19;123700;104099;54.5;45.9
43;2021-07-19;1436;1255;125136;105354;55.2;46.4
43;2021-07-20;1887;1446;127023;106800;56.0;47.1
43;2021-07-21;1842;1104;128865;107904;56.8;47.6
43;2021-07-22;2101;1319;130966;109223;57.7;48.1
43;2021-07-23;1615;1313;132581;110536;58.4;48.7
43;2021-07-24;574;987;133155;111523;58.7;49.2
43;2021-07-25;0;1;133155;111524;58.7;49.2
43;2021-07-26;1637;1066;134792;112590;59.4;49.6
43;2021-07-27;2268;1214;137060;113804;60.4;50.2
43;2021-07-28;1952;1080;139012;114884;61.3;50.6
43;2021-07-29;1977;1010;140989;115894;62.1;51.1
43;2021-07-30;1860;1325;142849;117219;63.0;51.7
43;2021-07-31;702;598;143551;117817;63.3;51.9
43;2021-08-01;13;20;143564;117837;63.3;51.9
44;2020-12-27;1;0;1;0;0.0;0.0
44;2020-12-28;0;0;1;0;0.0;0.0
44;2020-12-29;0;0;1;0;0.0;0.0
44;2020-12-30;1;0;2;0;0.0;0.0
44;2020-12-31;0;0;2;0;0.0;0.0
44;2021-01-01;0;0;2;0;0.0;0.0
44;2021-01-02;0;0;2;0;0.0;0.0
44;2021-01-03;2;0;4;0;0.0;0.0
44;2021-01-04;0;0;4;0;0.0;0.0
44;2021-01-05;0;0;4;0;0.0;0.0
44;2021-01-06;20;1;24;1;0.0;0.0
44;2021-01-07;186;0;210;1;0.0;0.0
44;2021-01-08;528;0;738;1;0.1;0.0
44;2021-01-09;473;0;1211;1;0.1;0.0
44;2021-01-10;455;1;1666;2;0.1;0.0
44;2021-01-11;801;0;2467;2;0.2;0.0
44;2021-01-12;906;1;3373;3;0.2;0.0
44;2021-01-13;1087;1;4460;4;0.3;0.0
44;2021-01-14;1112;8;5572;12;0.4;0.0
44;2021-01-15;987;1;6559;13;0.5;0.0
44;2021-01-16;335;2;6894;15;0.5;0.0
44;2021-01-17;327;1;7221;16;0.5;0.0
44;2021-01-18;855;3;8076;19;0.6;0.0
44;2021-01-19;2606;4;10682;23;0.7;0.0
44;2021-01-20;2720;4;13402;27;0.9;0.0
44;2021-01-21;4529;3;17931;30;1.2;0.0
44;2021-01-22;2415;6;20346;36;1.4;0.0
44;2021-01-23;763;1;21109;37;1.5;0.0
44;2021-01-24;119;0;21228;37;1.5;0.0
44;2021-01-25;829;0;22057;37;1.5;0.0
44;2021-01-26;2562;18;24619;55;1.7;0.0
44;2021-01-27;2090;61;26709;116;1.9;0.0
44;2021-01-28;3731;191;30440;307;2.1;0.0
44;2021-01-29;2367;492;32807;799;2.3;0.1
44;2021-01-30;628;218;33435;1017;2.3;0.1
44;2021-01-31;14;214;33449;1231;2.3;0.1
44;2021-02-01;591;545;34040;1776;2.4;0.1
44;2021-02-02;878;761;34918;2537;2.4;0.2
44;2021-02-03;889;899;35807;3436;2.5;0.2
44;2021-02-04;936;724;36743;4160;2.6;0.3
44;2021-02-05;894;629;37637;4789;2.6;0.3
44;2021-02-06;463;269;38100;5058;2.7;0.4
44;2021-02-07;72;208;38172;5266;2.7;0.4
44;2021-02-08;522;460;38694;5726;2.7;0.4
44;2021-02-09;987;1255;39681;6981;2.8;0.5
44;2021-02-10;1136;1313;40817;8294;2.8;0.6
44;2021-02-11;2287;3013;43104;11307;3.0;0.8
44;2021-02-12;1662;1742;44766;13049;3.1;0.9
44;2021-02-13;432;517;45198;13566;3.1;0.9
44;2021-02-14;10;180;45208;13746;3.1;1.0
44;2021-02-15;505;1104;45713;14850;3.2;1.0
44;2021-02-16;1440;2570;47153;17420;3.3;1.2
44;2021-02-17;1102;2172;48255;19592;3.4;1.4
44;2021-02-18;1960;3720;50215;23312;3.5;1.6
44;2021-02-19;1579;2539;51794;25851;3.6;1.8
44;2021-02-20;409;648;52203;26499;3.6;1.8
44;2021-02-21;6;178;52209;26677;3.6;1.9
44;2021-02-22;713;839;52922;27516;3.7;1.9
44;2021-02-23;1244;1131;54166;28647;3.8;2.0
44;2021-02-24;1239;1091;55405;29738;3.9;2.1
44;2021-02-25;2441;1083;57846;30821;4.0;2.1
44;2021-02-26;2290;965;60136;31786;4.2;2.2
44;2021-02-27;976;454;61112;32240;4.3;2.2
44;2021-02-28;6;32;61118;32272;4.3;2.2
44;2021-03-01;990;560;62108;32832;4.3;2.3
44;2021-03-02;1797;1055;63905;33887;4.4;2.4
44;2021-03-03;1857;1132;65762;35019;4.6;2.4
44;2021-03-04;2879;1566;68641;36585;4.8;2.5
44;2021-03-05;3476;1331;72117;37916;5.0;2.6
44;2021-03-06;2508;495;74625;38411;5.2;2.7
44;2021-03-07;986;85;75611;38496;5.3;2.7
44;2021-03-08;1784;611;77395;39107;5.4;2.7
44;2021-03-09;3351;1152;80746;40259;5.6;2.8
44;2021-03-10;3077;1112;83823;41371;5.8;2.9
44;2021-03-11;4435;1785;88258;43156;6.1;3.0
44;2021-03-12;5888;1286;94146;44442;6.6;3.1
44;2021-03-13;3629;294;97775;44736;6.8;3.1
44;2021-03-14;430;63;98205;44799;6.8;3.1
44;2021-03-15;2685;359;100890;45158;7.0;3.1
44;2021-03-16;2148;624;103038;45782;7.2;3.2
44;2021-03-17;1964;677;105002;46459;7.3;3.2
44;2021-03-18;2167;635;107169;47094;7.5;3.3
44;2021-03-19;3778;361;110947;47455;7.7;3.3
44;2021-03-20;3211;286;114158;47741;7.9;3.3
44;2021-03-21;910;18;115068;47759;8.0;3.3
44;2021-03-22;2460;439;117528;48198;8.2;3.4
44;2021-03-23;3960;699;121488;48897;8.5;3.4
44;2021-03-24;4303;623;125791;49520;8.8;3.4
44;2021-03-25;5617;920;131408;50440;9.1;3.5
44;2021-03-26;6501;754;137909;51194;9.6;3.6
44;2021-03-27;3215;422;141124;51616;9.8;3.6
44;2021-03-28;1244;38;142368;51654;9.9;3.6
44;2021-03-29;3115;789;145483;52443;10.1;3.6
44;2021-03-30;5135;1110;150618;53553;10.5;3.7
44;2021-03-31;4612;1310;155230;54863;10.8;3.8
44;2021-04-01;6131;994;161361;55857;11.2;3.9
44;2021-04-02;5794;947;167155;56804;11.6;4.0
44;2021-04-03;2434;648;169589;57452;11.8;4.0
44;2021-04-04;665;19;170254;57471;11.8;4.0
44;2021-04-05;691;285;170945;57756;11.9;4.0
44;2021-04-06;4202;1371;175147;59127;12.2;4.1
44;2021-04-07;5073;1648;180220;60775;12.5;4.2
44;2021-04-08;7177;1650;187397;62425;13.0;4.3
44;2021-04-09;10058;1785;197455;64210;13.7;4.5
44;2021-04-10;4559;1439;202014;65649;14.1;4.6
44;2021-04-11;2145;420;204159;66069;14.2;4.6
44;2021-04-12;5461;1584;209620;67653;14.6;4.7
44;2021-04-13;6727;2248;216347;69901;15.1;4.9
44;2021-04-14;5905;2227;222252;72128;15.5;5.0
44;2021-04-15;6702;2204;228954;74332;15.9;5.2
44;2021-04-16;7778;2033;236732;76365;16.5;5.3
44;2021-04-17;4295;1374;241027;77739;16.8;5.4
44;2021-04-18;2254;817;243281;78556;16.9;5.5
44;2021-04-19;5044;1898;248325;80454;17.3;5.6
44;2021-04-20;6278;2646;254603;83100;17.7;5.8
44;2021-04-21;6007;2779;260610;85879;18.1;6.0
44;2021-04-22;6957;2506;267567;88385;18.6;6.2
44;2021-04-23;7325;3160;274892;91545;19.1;6.4
44;2021-04-24;3972;2043;278864;93588;19.4;6.5
44;2021-04-25;2076;1057;280940;94645;19.5;6.6
44;2021-04-26;5647;2759;286587;97404;19.9;6.8
44;2021-04-27;7417;4100;294004;101504;20.5;7.1
44;2021-04-28;7603;3777;301607;105281;21.0;7.3
44;2021-04-29;8966;4263;310573;109544;21.6;7.6
44;2021-04-30;9566;4687;320139;114231;22.3;7.9
44;2021-05-01;2847;921;322986;115152;22.5;8.0
44;2021-05-02;1896;616;324882;115768;22.6;8.1
44;2021-05-03;5550;4074;330432;119842;23.0;8.3
44;2021-05-04;6330;5129;336762;124971;23.4;8.7
44;2021-05-05;6066;4624;342828;129595;23.9;9.0
44;2021-05-06;7253;4878;350081;134473;24.4;9.4
44;2021-05-07;7452;5714;357533;140187;24.9;9.8
44;2021-05-08;2581;1262;360114;141449;25.1;9.8
44;2021-05-09;1802;1814;361916;143263;25.2;10.0
44;2021-05-10;6570;5771;368486;149034;25.6;10.4
44;2021-05-11;7785;6258;376271;155292;26.2;10.8
44;2021-05-12;8192;5723;384463;161015;26.8;11.2
44;2021-05-13;5294;1185;389757;162200;27.1;11.3
44;2021-05-14;7583;3973;397340;166173;27.6;11.6
44;2021-05-15;5005;2230;402345;168403;28.0;11.7
44;2021-05-16;2796;740;405141;169143;28.2;11.8
44;2021-05-17;6744;5152;411885;174295;28.7;12.1
44;2021-05-18;7973;5238;419858;179533;29.2;12.5
44;2021-05-19;8161;4286;428019;183819;29.8;12.8
44;2021-05-20;8366;4653;436385;188472;30.4;13.1
44;2021-05-21;8833;5211;445218;193683;31.0;13.5
44;2021-05-22;5098;2232;450316;195915;31.3;13.6
44;2021-05-23;1760;824;452076;196739;31.5;13.7
44;2021-05-24;4885;1616;456961;198355;31.8;13.8
44;2021-05-25;7739;5544;464700;203899;32.3;14.2
44;2021-05-26;8173;5038;472873;208937;32.9;14.5
44;2021-05-27;9653;5352;482526;214289;33.6;14.9
44;2021-05-28;9182;6917;491708;221206;34.2;15.4
44;2021-05-29;5884;3329;497592;224535;34.6;15.6
44;2021-05-30;1775;704;499367;225239;34.7;15.7
44;2021-05-31;8062;6182;507429;231421;35.3;16.1
44;2021-06-01;9899;6541;517328;237962;36.0;16.6
44;2021-06-02;9515;5689;526843;243651;36.7;17.0
44;2021-06-03;10855;5876;537698;249527;37.4;17.4
44;2021-06-04;9933;8068;547631;257595;38.1;17.9
44;2021-06-05;5772;4344;553403;261939;38.5;18.2
44;2021-06-06;2361;1130;555764;263069;38.7;18.3
44;2021-06-07;9547;6929;565311;269998;39.3;18.8
44;2021-06-08;10898;7491;576209;277489;40.1;19.3
44;2021-06-09;10546;6321;586755;283810;40.8;19.7
44;2021-06-10;11395;6034;598150;289844;41.6;20.2
44;2021-06-11;11908;8632;610058;298476;42.4;20.8
44;2021-06-12;7758;4080;617816;302556;43.0;21.1
44;2021-06-13;2791;1009;620607;303565;43.2;21.1
44;2021-06-14;8667;8396;629274;311961;43.8;21.7
44;2021-06-15;11236;8235;640510;320196;44.6;22.3
44;2021-06-16;10910;7643;651420;327839;45.3;22.8
44;2021-06-17;11672;8669;663092;336508;46.1;23.4
44;2021-06-18;10607;10098;673699;346606;46.9;24.1
44;2021-06-19;5871;4322;679570;350928;47.3;24.4
44;2021-06-20;2534;1333;682104;352261;47.5;24.5
44;2021-06-21;7211;10012;689315;362273;48.0;25.2
44;2021-06-22;8434;10616;697749;372889;48.6;25.9
44;2021-06-23;8522;9128;706271;382017;49.1;26.6
44;2021-06-24;9101;8563;715372;390580;49.8;27.2
44;2021-06-25;7604;10803;722976;401383;50.3;27.9
44;2021-06-26;2954;6468;725930;407851;50.5;28.4
44;2021-06-27;816;2405;726746;410256;50.6;28.5
44;2021-06-28;5210;10063;731956;420319;50.9;29.2
44;2021-06-29;6170;12081;738126;432400;51.4;30.1
44;2021-06-30;6134;10459;744260;442859;51.8;30.8
44;2021-07-01;6842;10490;751102;453349;52.3;31.5
44;2021-07-02;6376;12548;757478;465897;52.7;32.4
44;2021-07-03;2559;7009;760037;472906;52.9;32.9
44;2021-07-04;985;2235;761022;475141;53.0;33.1
44;2021-07-05;5217;11879;766239;487020;53.3;33.9
44;2021-07-06;5878;12620;772117;499640;53.7;34.8
44;2021-07-07;6364;11098;778481;510738;54.2;35.5
44;2021-07-08;7232;11973;785713;522711;54.7;36.4
44;2021-07-09;6035;14264;791748;536975;55.1;37.4
44;2021-07-10;2367;7019;794115;543994;55.3;37.9
44;2021-07-11;721;2261;794836;546255;55.3;38.0
44;2021-07-12;4322;14060;799158;560315;55.6;39.0
44;2021-07-13;5695;14869;804853;575184;56.0;40.0
44;2021-07-14;3612;5811;808465;580995;56.3;40.4
44;2021-07-15;7117;14264;815582;595259;56.8;41.4
44;2021-07-16;8061;14996;823643;610255;57.3;42.5
44;2021-07-17;3345;7575;826988;617830;57.5;43.0
44;2021-07-18;1422;2547;828410;620377;57.6;43.2
44;2021-07-19;4660;14705;833070;635082;58.0;44.2
44;2021-07-20;5963;15679;839033;650761;58.4;45.3
44;2021-07-21;5800;14006;844833;664767;58.8;46.3
44;2021-07-22;6668;13748;851501;678515;59.2;47.2
44;2021-07-23;6109;15640;857610;694155;59.7;48.3
44;2021-07-24;2816;8722;860426;702877;59.9;48.9
44;2021-07-25;930;3092;861356;705969;59.9;49.1
44;2021-07-26;6025;12694;867381;718663;60.4;50.0
44;2021-07-27;9614;12171;876995;730834;61.0;50.9
44;2021-07-28;9168;10821;886163;741655;61.7;51.6
44;2021-07-29;10178;10815;896341;752470;62.4;52.4
44;2021-07-30;9061;10893;905402;763363;63.0;53.1
44;2021-07-31;4702;5632;910104;768995;63.3;53.5
44;2021-08-01;2532;1395;912636;770390;63.5;53.6
45;2020-12-27;0;0;0;0;0.0;0.0
45;2020-12-28;1;0;1;0;0.0;0.0
45;2020-12-29;0;0;1;0;0.0;0.0
45;2020-12-30;0;0;1;0;0.0;0.0
45;2020-12-31;1;0;2;0;0.0;0.0
45;2021-01-01;0;0;2;0;0.0;0.0
45;2021-01-02;0;0;2;0;0.0;0.0
45;2021-01-03;0;0;2;0;0.0;0.0
45;2021-01-04;0;0;2;0;0.0;0.0
45;2021-01-05;76;0;78;0;0.0;0.0
45;2021-01-06;69;0;147;0;0.0;0.0
45;2021-01-07;186;0;333;0;0.0;0.0
45;2021-01-08;199;1;532;1;0.1;0.0
45;2021-01-09;42;0;574;1;0.1;0.0
45;2021-01-10;23;0;597;1;0.1;0.0
45;2021-01-11;254;0;851;1;0.1;0.0
45;2021-01-12;679;2;1530;3;0.2;0.0
45;2021-01-13;496;2;2026;5;0.3;0.0
45;2021-01-14;482;38;2508;43;0.4;0.0
45;2021-01-15;391;3;2899;46;0.4;0.0
45;2021-01-16;39;0;2938;46;0.4;0.0
45;2021-01-17;24;0;2962;46;0.4;0.0
45;2021-01-18;814;1;3776;47;0.6;0.0
45;2021-01-19;1196;6;4972;53;0.7;0.0
45;2021-01-20;2109;6;7081;59;1.0;0.0
45;2021-01-21;2522;4;9603;63;1.4;0.0
45;2021-01-22;1409;2;11012;65;1.6;0.0
45;2021-01-23;121;0;11133;65;1.6;0.0
45;2021-01-24;39;0;11172;65;1.6;0.0
45;2021-01-25;556;3;11728;68;1.7;0.0
45;2021-01-26;847;18;12575;86;1.8;0.0
45;2021-01-27;648;44;13223;130;1.9;0.0
45;2021-01-28;882;219;14105;349;2.1;0.1
45;2021-01-29;577;125;14682;474;2.1;0.1
45;2021-01-30;40;41;14722;515;2.2;0.1
45;2021-01-31;37;23;14759;538;2.2;0.1
45;2021-02-01;462;209;15221;747;2.2;0.1
45;2021-02-02;758;469;15979;1216;2.3;0.2
45;2021-02-03;771;480;16750;1696;2.5;0.2
45;2021-02-04;701;267;17451;1963;2.6;0.3
45;2021-02-05;416;151;17867;2114;2.6;0.3
45;2021-02-06;36;28;17903;2142;2.6;0.3
45;2021-02-07;5;31;17908;2173;2.6;0.3
45;2021-02-08;455;194;18363;2367;2.7;0.3
45;2021-02-09;1004;408;19367;2775;2.8;0.4
45;2021-02-10;1277;791;20644;3566;3.0;0.5
45;2021-02-11;1383;1523;22027;5089;3.2;0.7
45;2021-02-12;1052;1142;23079;6231;3.4;0.9
45;2021-02-13;85;158;23164;6389;3.4;0.9
45;2021-02-14;39;11;23203;6400;3.4;0.9
45;2021-02-15;523;612;23726;7012;3.5;1.0
45;2021-02-16;756;939;24482;7951;3.6;1.2
45;2021-02-17;642;1049;25124;9000;3.7;1.3
45;2021-02-18;841;856;25965;9856;3.8;1.4
45;2021-02-19;827;762;26792;10618;3.9;1.6
45;2021-02-20;59;94;26851;10712;3.9;1.6
45;2021-02-21;17;46;26868;10758;3.9;1.6
45;2021-02-22;407;634;27275;11392;4.0;1.7
45;2021-02-23;815;808;28090;12200;4.1;1.8
45;2021-02-24;650;929;28740;13129;4.2;1.9
45;2021-02-25;961;805;29701;13934;4.3;2.0
45;2021-02-26;1044;697;30745;14631;4.5;2.1
45;2021-02-27;290;52;31035;14683;4.5;2.2
45;2021-02-28;28;5;31063;14688;4.5;2.2
45;2021-03-01;533;336;31596;15024;4.6;2.2
45;2021-03-02;670;728;32266;15752;4.7;2.3
45;2021-03-03;982;891;33248;16643;4.9;2.4
45;2021-03-04;1107;984;34355;17627;5.0;2.6
45;2021-03-05;1439;861;35794;18488;5.2;2.7
45;2021-03-06;2022;123;37816;18611;5.5;2.7
45;2021-03-07;143;59;37959;18670;5.6;2.7
45;2021-03-08;752;852;38711;19522;5.7;2.9
45;2021-03-09;1256;715;39967;20237;5.9;3.0
45;2021-03-10;1595;897;41562;21134;6.1;3.1
45;2021-03-11;1720;751;43282;21885;6.3;3.2
45;2021-03-12;2074;605;45356;22490;6.6;3.3
45;2021-03-13;987;46;46343;22536;6.8;3.3
45;2021-03-14;24;43;46367;22579;6.8;3.3
45;2021-03-15;811;600;47178;23179;6.9;3.4
45;2021-03-16;943;838;48121;24017;7.0;3.5
45;2021-03-17;1051;686;49172;24703;7.2;3.6
45;2021-03-18;997;580;50169;25283;7.3;3.7
45;2021-03-19;1619;429;51788;25712;7.6;3.8
45;2021-03-20;498;81;52286;25793;7.7;3.8
45;2021-03-21;20;35;52306;25828;7.7;3.8
45;2021-03-22;913;528;53219;26356;7.8;3.9
45;2021-03-23;1982;718;55201;27074;8.1;4.0
45;2021-03-24;1897;546;57098;27620;8.4;4.0
45;2021-03-25;2983;445;60081;28065;8.8;4.1
45;2021-03-26;3388;468;63469;28533;9.3;4.2
45;2021-03-27;1793;116;65262;28649;9.6;4.2
45;2021-03-28;89;40;65351;28689;9.6;4.2
45;2021-03-29;1528;537;66879;29226;9.8;4.3
45;2021-03-30;2781;780;69660;30006;10.2;4.4
45;2021-03-31;2134;573;71794;30579;10.5;4.5
45;2021-04-01;2973;558;74767;31137;10.9;4.6
45;2021-04-02;2824;504;77591;31641;11.4;4.6
45;2021-04-03;810;73;78401;31714;11.5;4.6
45;2021-04-04;112;33;78513;31747;11.5;4.6
45;2021-04-05;14;2;78527;31749;11.5;4.6
45;2021-04-06;1734;788;80261;32537;11.8;4.8
45;2021-04-07;1776;1109;82037;33646;12.0;4.9
45;2021-04-08;2773;1022;84810;34668;12.4;5.1
45;2021-04-09;3673;641;88483;35309;13.0;5.2
45;2021-04-10;2322;105;90805;35414;13.3;5.2
45;2021-04-11;153;24;90958;35438;13.3;5.2
45;2021-04-12;2605;659;93563;36097;13.7;5.3
45;2021-04-13;3842;1080;97405;37177;14.3;5.4
45;2021-04-14;2930;1219;100335;38396;14.7;5.6
45;2021-04-15;3521;1028;103856;39424;15.2;5.8
45;2021-04-16;3775;685;107631;40109;15.8;5.9
45;2021-04-17;1613;109;109244;40218;16.0;5.9
45;2021-04-18;200;37;109444;40255;16.0;5.9
45;2021-04-19;1937;946;111381;41201;16.3;6.0
45;2021-04-20;3075;1692;114456;42893;16.8;6.3
45;2021-04-21;2723;1295;117179;44188;17.2;6.5
45;2021-04-22;3425;1839;120604;46027;17.7;6.7
45;2021-04-23;3276;1793;123880;47820;18.1;7.0
45;2021-04-24;2023;865;125903;48685;18.4;7.1
45;2021-04-25;292;84;126195;48769;18.5;7.1
45;2021-04-26;2227;1162;128422;49931;18.8;7.3
45;2021-04-27;3351;2349;131773;52280;19.3;7.7
45;2021-04-28;2802;1945;134575;54225;19.7;7.9
45;2021-04-29;3832;2335;138407;56560;20.3;8.3
45;2021-04-30;4388;1801;142795;58361;20.9;8.5
45;2021-05-01;451;61;143246;58422;21.0;8.6
45;2021-05-02;626;119;143872;58541;21.1;8.6
45;2021-05-03;2821;985;146693;59526;21.5;8.7
45;2021-05-04;3160;2343;149853;61869;21.9;9.1
45;2021-05-05;2713;2160;152566;64029;22.3;9.4
45;2021-05-06;3331;2536;155897;66565;22.8;9.7
45;2021-05-07;2873;3201;158770;69766;23.2;10.2
45;2021-05-08;607;245;159377;70011;23.3;10.3
45;2021-05-09;1498;125;160875;70136;23.6;10.3
45;2021-05-10;4140;2969;165015;73105;24.2;10.7
45;2021-05-11;5029;2964;170044;76069;24.9;11.1
45;2021-05-12;6078;2778;176122;78847;25.8;11.5
45;2021-05-13;2450;595;178572;79442;26.1;11.6
45;2021-05-14;4967;1624;183539;81066;26.9;11.9
45;2021-05-15;4066;605;187605;81671;27.5;12.0
45;2021-05-16;287;33;187892;81704;27.5;12.0
45;2021-05-17;3354;1534;191246;83238;28.0;12.2
45;2021-05-18;5118;1681;196364;84919;28.8;12.4
45;2021-05-19;4493;2058;200857;86977;29.4;12.7
45;2021-05-20;5264;2136;206121;89113;30.2;13.0
45;2021-05-21;5146;2224;211267;91337;30.9;13.4
45;2021-05-22;3041;629;214308;91966;31.4;13.5
45;2021-05-23;15;94;214323;92060;31.4;13.5
45;2021-05-24;2829;206;217152;92266;31.8;13.5
45;2021-05-25;4961;3030;222113;95296;32.5;14.0
45;2021-05-26;5107;2315;227220;97611;33.3;14.3
45;2021-05-27;5310;3200;232530;100811;34.1;14.8
45;2021-05-28;5665;3541;238195;104352;34.9;15.3
45;2021-05-29;3671;1285;241866;105637;35.4;15.5
45;2021-05-30;33;182;241899;105819;35.4;15.5
45;2021-05-31;4329;2519;246228;108338;36.1;15.9
45;2021-06-01;6090;2995;252318;111333;36.9;16.3
45;2021-06-02;4938;3091;257256;114424;37.7;16.8
45;2021-06-03;5618;3200;262874;117624;38.5;17.2
45;2021-06-04;5895;3188;268769;120812;39.4;17.7
45;2021-06-05;2029;1333;270798;122145;39.7;17.9
45;2021-06-06;86;198;270884;122343;39.7;17.9
45;2021-06-07;4082;2725;274966;125068;40.3;18.3
45;2021-06-08;4644;4072;279610;129140;40.9;18.9
45;2021-06-09;4350;3335;283960;132475;41.6;19.4
45;2021-06-10;4634;2680;288594;135155;42.3;19.8
45;2021-06-11;4108;3662;292702;138817;42.9;20.3
45;2021-06-12;2440;1505;295142;140322;43.2;20.5
45;2021-06-13;21;424;295163;140746;43.2;20.6
45;2021-06-14;3135;4150;298298;144896;43.7;21.2
45;2021-06-15;3386;4326;301684;149222;44.2;21.9
45;2021-06-16;3899;3451;305583;152673;44.7;22.4
45;2021-06-17;3525;3541;309108;156214;45.3;22.9
45;2021-06-18;3802;5025;312910;161239;45.8;23.6
45;2021-06-19;2392;1760;315302;162999;46.2;23.9
45;2021-06-20;45;140;315347;163139;46.2;23.9
45;2021-06-21;2160;5850;317507;168989;46.5;24.7
45;2021-06-22;2416;6528;319923;175517;46.8;25.7
45;2021-06-23;2284;5604;322207;181121;47.2;26.5
45;2021-06-24;2133;3529;324340;184650;47.5;27.0
45;2021-06-25;2440;6443;326780;191093;47.9;28.0
45;2021-06-26;1935;3090;328715;194183;48.1;28.4
45;2021-06-27;51;138;328766;194321;48.1;28.5
45;2021-06-28;2076;4830;330842;199151;48.4;29.2
45;2021-06-29;2832;6815;333674;205966;48.9;30.2
45;2021-06-30;2867;5846;336541;211812;49.3;31.0
45;2021-07-01;2378;5027;338919;216839;49.6;31.8
45;2021-07-02;2356;6283;341275;223122;50.0;32.7
45;2021-07-03;751;2541;342026;225663;50.1;33.0
45;2021-07-04;4;10;342030;225673;50.1;33.0
45;2021-07-05;2134;4987;344164;230660;50.4;33.8
45;2021-07-06;2792;6786;346956;237446;50.8;34.8
45;2021-07-07;2431;6074;349387;243520;51.2;35.7
45;2021-07-08;2813;5393;352200;248913;51.6;36.4
45;2021-07-09;2140;6987;354340;255900;51.9;37.5
45;2021-07-10;1538;3860;355878;259760;52.1;38.0
45;2021-07-11;23;31;355901;259791;52.1;38.0
45;2021-07-12;1582;6001;357483;265792;52.3;38.9
45;2021-07-13;2984;8237;360467;274029;52.8;40.1
45;2021-07-14;1465;1513;361932;275542;53.0;40.3
45;2021-07-15;3701;7284;365633;282826;53.5;41.4
45;2021-07-16;3236;7447;368869;290273;54.0;42.5
45;2021-07-17;1274;2330;370143;292603;54.2;42.8
45;2021-07-18;15;19;370158;292622;54.2;42.9
45;2021-07-19;1857;5959;372015;298581;54.5;43.7
45;2021-07-20;4686;6898;376701;305479;55.2;44.7
45;2021-07-21;5138;5461;381839;310940;55.9;45.5
45;2021-07-22;6154;4893;387993;315833;56.8;46.2
45;2021-07-23;4239;5479;392232;321312;57.4;47.1
45;2021-07-24;1850;2816;394082;324128;57.7;47.5
45;2021-07-25;5;14;394087;324142;57.7;47.5
45;2021-07-26;2885;4974;396972;329116;58.1;48.2
45;2021-07-27;5432;5057;402404;334173;58.9;48.9
45;2021-07-28;4974;4153;407378;338326;59.7;49.5
45;2021-07-29;5245;3224;412623;341550;60.4;50.0
45;2021-07-30;4724;4684;417347;346234;61.1;50.7
45;2021-07-31;827;1933;418174;348167;61.2;51.0
45;2021-08-01;1;4;418175;348171;61.2;51.0
46;2020-12-27;1;0;1;0;0.0;0.0
46;2020-12-28;0;0;1;0;0.0;0.0
46;2020-12-29;0;0;1;0;0.0;0.0
46;2020-12-30;0;0;1;0;0.0;0.0
46;2020-12-31;0;0;1;0;0.0;0.0
46;2021-01-01;0;0;1;0;0.0;0.0
46;2021-01-02;0;0;1;0;0.0;0.0
46;2021-01-03;1;0;2;0;0.0;0.0
46;2021-01-04;0;0;2;0;0.0;0.0
46;2021-01-05;0;0;2;0;0.0;0.0
46;2021-01-06;3;0;5;0;0.0;0.0
46;2021-01-07;135;0;140;0;0.1;0.0
46;2021-01-08;180;0;320;0;0.2;0.0
46;2021-01-09;1;0;321;0;0.2;0.0
46;2021-01-10;1;0;322;0;0.2;0.0
46;2021-01-11;117;0;439;0;0.3;0.0
46;2021-01-12;140;0;579;0;0.3;0.0
46;2021-01-13;234;0;813;0;0.5;0.0
46;2021-01-14;237;2;1050;2;0.6;0.0
46;2021-01-15;304;2;1354;4;0.8;0.0
46;2021-01-16;18;0;1372;4;0.8;0.0
46;2021-01-17;0;0;1372;4;0.8;0.0
46;2021-01-18;274;2;1646;6;1.0;0.0
46;2021-01-19;388;0;2034;6;1.2;0.0
46;2021-01-20;935;1;2969;7;1.7;0.0
46;2021-01-21;996;0;3965;7;2.3;0.0
46;2021-01-22;390;2;4355;9;2.5;0.0
46;2021-01-23;0;0;4355;9;2.5;0.0
46;2021-01-24;0;0;4355;9;2.5;0.0
46;2021-01-25;203;1;4558;10;2.6;0.0
46;2021-01-26;262;1;4820;11;2.8;0.0
46;2021-01-27;276;0;5096;11;2.9;0.0
46;2021-01-28;278;43;5374;54;3.1;0.0
46;2021-01-29;233;93;5607;147;3.2;0.1
46;2021-01-30;1;0;5608;147;3.2;0.1
46;2021-01-31;1;0;5609;147;3.2;0.1
46;2021-02-01;233;175;5842;322;3.4;0.2
46;2021-02-02;209;238;6051;560;3.5;0.3
46;2021-02-03;222;95;6273;655;3.6;0.4
46;2021-02-04;372;87;6645;742;3.8;0.4
46;2021-02-05;226;179;6871;921;4.0;0.5
46;2021-02-06;7;0;6878;921;4.0;0.5
46;2021-02-07;42;0;6920;921;4.0;0.5
46;2021-02-08;196;156;7116;1077;4.1;0.6
46;2021-02-09;269;230;7385;1307;4.3;0.8
46;2021-02-10;277;545;7662;1852;4.4;1.1
46;2021-02-11;653;558;8315;2410;4.8;1.4
46;2021-02-12;319;341;8634;2751;5.0;1.6
46;2021-02-13;0;0;8634;2751;5.0;1.6
46;2021-02-14;0;62;8634;2813;5.0;1.6
46;2021-02-15;195;299;8829;3112;5.1;1.8
46;2021-02-16;217;282;9046;3394;5.2;2.0
46;2021-02-17;200;328;9246;3722;5.3;2.1
46;2021-02-18;336;268;9582;3990;5.5;2.3
46;2021-02-19;277;234;9859;4224;5.7;2.4
46;2021-02-20;0;0;9859;4224;5.7;2.4
46;2021-02-21;1;0;9860;4224;5.7;2.4
46;2021-02-22;132;191;9992;4415;5.8;2.5
46;2021-02-23;225;168;10217;4583;5.9;2.6
46;2021-02-24;180;326;10397;4909;6.0;2.8
46;2021-02-25;245;341;10642;5250;6.1;3.0
46;2021-02-26;401;346;11043;5596;6.4;3.2
46;2021-02-27;120;0;11163;5596;6.4;3.2
46;2021-02-28;0;3;11163;5599;6.4;3.2
46;2021-03-01;168;180;11331;5779;6.5;3.3
46;2021-03-02;405;233;11736;6012;6.8;3.5
46;2021-03-03;456;331;12192;6343;7.0;3.7
46;2021-03-04;608;455;12800;6798;7.4;3.9
46;2021-03-05;809;364;13609;7162;7.9;4.1
46;2021-03-06;474;17;14083;7179;8.1;4.1
46;2021-03-07;101;19;14184;7198;8.2;4.2
46;2021-03-08;348;248;14532;7446;8.4;4.3
46;2021-03-09;743;271;15275;7717;8.8;4.5
46;2021-03-10;686;247;15961;7964;9.2;4.6
46;2021-03-11;842;254;16803;8218;9.7;4.7
46;2021-03-12;926;228;17729;8446;10.2;4.9
46;2021-03-13;512;3;18241;8449;10.5;4.9
46;2021-03-14;0;0;18241;8449;10.5;4.9
46;2021-03-15;496;165;18737;8614;10.8;5.0
46;2021-03-16;752;174;19489;8788;11.3;5.1
46;2021-03-17;671;203;20160;8991;11.6;5.2
46;2021-03-18;747;216;20907;9207;12.1;5.3
46;2021-03-19;809;150;21716;9357;12.5;5.4
46;2021-03-20;286;2;22002;9359;12.7;5.4
46;2021-03-21;2;0;22004;9359;12.7;5.4
46;2021-03-22;553;240;22557;9599;13.0;5.5
46;2021-03-23;701;213;23258;9812;13.4;5.7
46;2021-03-24;673;240;23931;10052;13.8;5.8
46;2021-03-25;1133;180;25064;10232;14.5;5.9
46;2021-03-26;1026;338;26090;10570;15.1;6.1
46;2021-03-27;420;71;26510;10641;15.3;6.1
46;2021-03-28;126;1;26636;10642;15.4;6.1
46;2021-03-29;732;251;27368;10893;15.8;6.3
46;2021-03-30;768;361;28136;11254;16.2;6.5
46;2021-03-31;863;420;28999;11674;16.7;6.7
46;2021-04-01;1166;342;30165;12016;17.4;6.9
46;2021-04-02;925;395;31090;12411;18.0;7.2
46;2021-04-03;167;166;31257;12577;18.1;7.3
46;2021-04-04;0;71;31257;12648;18.1;7.3
46;2021-04-05;1;0;31258;12648;18.1;7.3
46;2021-04-06;544;519;31802;13167;18.4;7.6
46;2021-04-07;783;644;32585;13811;18.8;8.0
46;2021-04-08;961;542;33546;14353;19.4;8.3
46;2021-04-09;1018;501;34564;14854;20.0;8.6
46;2021-04-10;500;208;35064;15062;20.2;8.7
46;2021-04-11;232;1;35296;15063;20.4;8.7
46;2021-04-12;844;547;36140;15610;20.9;9.0
46;2021-04-13;1186;716;37326;16326;21.6;9.4
46;2021-04-14;1532;614;38858;16940;22.4;9.8
46;2021-04-15;1495;664;40353;17604;23.3;10.2
46;2021-04-16;1577;564;41930;18168;24.2;10.5
46;2021-04-17;992;132;42922;18300;24.8;10.6
46;2021-04-18;516;8;43438;18308;25.1;10.6
46;2021-04-19;1067;571;44505;18879;25.7;10.9
46;2021-04-20;1222;725;45727;19604;26.4;11.3
46;2021-04-21;1229;713;46956;20317;27.1;11.7
46;2021-04-22;1389;727;48345;21044;27.9;12.2
46;2021-04-23;1132;730;49477;21774;28.6;12.6
46;2021-04-24;472;18;49949;21792;28.8;12.6
46;2021-04-25;351;9;50300;21801;29.0;12.6
46;2021-04-26;853;730;51153;22531;29.5;13.0
46;2021-04-27;1220;665;52373;23196;30.2;13.4
46;2021-04-28;1289;668;53662;23864;31.0;13.8
46;2021-04-29;1415;523;55077;24387;31.8;14.1
46;2021-04-30;1434;559;56511;24946;32.6;14.4
46;2021-05-01;697;71;57208;25017;33.0;14.4
46;2021-05-02;346;3;57554;25020;33.2;14.4
46;2021-05-03;853;568;58407;25588;33.7;14.8
46;2021-05-04;1036;1061;59443;26649;34.3;15.4
46;2021-05-05;1376;785;60819;27434;35.1;15.8
46;2021-05-06;1375;739;62194;28173;35.9;16.3
46;2021-05-07;1396;790;63590;28963;36.7;16.7
46;2021-05-08;281;411;63871;29374;36.9;17.0
46;2021-05-09;23;225;63894;29599;36.9;17.1
46;2021-05-10;519;1140;64413;30739;37.2;17.8
46;2021-05-11;1037;1259;65450;31998;37.8;18.5
46;2021-05-12;994;1560;66444;33558;38.4;19.4
46;2021-05-13;600;144;67044;33702;38.7;19.5
46;2021-05-14;962;1096;68006;34798;39.3;20.1
46;2021-05-15;256;653;68262;35451;39.4;20.5
46;2021-05-16;78;298;68340;35749;39.5;20.6
46;2021-05-17;652;957;68992;36706;39.8;21.2
46;2021-05-18;1404;1020;70396;37726;40.7;21.8
46;2021-05-19;1305;899;71701;38625;41.4;22.3
46;2021-05-20;1451;810;73152;39435;42.2;22.8
46;2021-05-21;997;1158;74149;40593;42.8;23.4
46;2021-05-22;145;369;74294;40962;42.9;23.7
46;2021-05-23;448;25;74742;40987;43.2;23.7
46;2021-05-24;409;113;75151;41100;43.4;23.7
46;2021-05-25;962;1330;76113;42430;44.0;24.5
46;2021-05-26;1236;1150;77349;43580;44.7;25.2
46;2021-05-27;1430;1193;78779;44773;45.5;25.9
46;2021-05-28;1436;1207;80215;45980;46.3;26.6
46;2021-05-29;1052;398;81267;46378;46.9;26.8
46;2021-05-30;408;39;81675;46417;47.2;26.8
46;2021-05-31;970;975;82645;47392;47.7;27.4
46;2021-06-01;1277;996;83922;48388;48.5;27.9
46;2021-06-02;1316;1114;85238;49502;49.2;28.6
46;2021-06-03;1415;1009;86653;50511;50.0;29.2
46;2021-06-04;1330;975;87983;51486;50.8;29.7
46;2021-06-05;380;413;88363;51899;51.0;30.0
46;2021-06-06;207;95;88570;51994;51.1;30.0
46;2021-06-07;813;617;89383;52611;51.6;30.4
46;2021-06-08;1021;896;90404;53507;52.2;30.9
46;2021-06-09;1505;971;91909;54478;53.1;31.5
46;2021-06-10;974;847;92883;55325;53.6;31.9
46;2021-06-11;970;1322;93853;56647;54.2;32.7
46;2021-06-12;459;548;94312;57195;54.5;33.0
46;2021-06-13;27;86;94339;57281;54.5;33.1
46;2021-06-14;590;1138;94929;58419;54.8;33.7
46;2021-06-15;748;1248;95677;59667;55.3;34.5
46;2021-06-16;997;1113;96674;60780;55.8;35.1
46;2021-06-17;525;896;97199;61676;56.1;35.6
46;2021-06-18;652;1253;97851;62929;56.5;36.3
46;2021-06-19;454;312;98305;63241;56.8;36.5
46;2021-06-20;39;161;98344;63402;56.8;36.6
46;2021-06-21;428;945;98772;64347;57.0;37.2
46;2021-06-22;349;1179;99121;65526;57.2;37.8
46;2021-06-23;520;1075;99641;66601;57.5;38.5
46;2021-06-24;251;822;99892;67423;57.7;38.9
46;2021-06-25;492;1118;100384;68541;58.0;39.6
46;2021-06-26;395;551;100779;69092;58.2;39.9
46;2021-06-27;2;4;100781;69096;58.2;39.9
46;2021-06-28;313;1338;101094;70434;58.4;40.7
46;2021-06-29;374;1686;101468;72120;58.6;41.6
46;2021-06-30;510;1581;101978;73701;58.9;42.6
46;2021-07-01;305;1153;102283;74854;59.1;43.2
46;2021-07-02;448;1086;102731;75940;59.3;43.9
46;2021-07-03;119;456;102850;76396;59.4;44.1
46;2021-07-04;56;127;102906;76523;59.4;44.2
46;2021-07-05;341;1188;103247;77711;59.6;44.9
46;2021-07-06;368;1459;103615;79170;59.8;45.7
46;2021-07-07;575;1720;104190;80890;60.2;46.7
46;2021-07-08;339;1168;104529;82058;60.4;47.4
46;2021-07-09;395;1703;104924;83761;60.6;48.4
46;2021-07-10;282;1043;105206;84804;60.8;49.0
46;2021-07-11;15;375;105221;85179;60.8;49.2
46;2021-07-12;245;1262;105466;86441;60.9;49.9
46;2021-07-13;621;1674;106087;88115;61.3;50.9
46;2021-07-14;63;144;106150;88259;61.3;51.0
46;2021-07-15;887;1463;107037;89722;61.8;51.8
46;2021-07-16;763;1396;107800;91118;62.3;52.6
46;2021-07-17;346;531;108146;91649;62.5;52.9
46;2021-07-18;0;0;108146;91649;62.5;52.9
46;2021-07-19;663;1184;108809;92833;62.8;53.6
46;2021-07-20;974;1425;109783;94258;63.4;54.4
46;2021-07-21;995;1380;110778;95638;64.0;55.2
46;2021-07-22;1365;1109;112143;96747;64.8;55.9
46;2021-07-23;730;1317;112873;98064;65.2;56.6
46;2021-07-24;927;663;113800;98727;65.7;57.0
46;2021-07-25;134;16;113934;98743;65.8;57.0
46;2021-07-26;834;882;114768;99625;66.3;57.5
46;2021-07-27;1190;972;115958;100597;67.0;58.1
46;2021-07-28;1239;1098;117197;101695;67.7;58.7
46;2021-07-29;1534;845;118731;102540;68.6;59.2
46;2021-07-30;1880;943;120611;103483;69.7;59.8
46;2021-07-31;911;645;121522;104128;70.2;60.1
46;2021-08-01;10;3;121532;104131;70.2;60.1
47;2020-12-27;0;0;0;0;0.0;0.0
47;2020-12-28;0;0;0;0;0.0;0.0
47;2020-12-29;0;0;0;0;0.0;0.0
47;2020-12-30;0;0;0;0;0.0;0.0
47;2020-12-31;0;0;0;0;0.0;0.0
47;2021-01-01;4;0;4;0;0.0;0.0
47;2021-01-02;0;0;4;0;0.0;0.0
47;2021-01-03;0;0;4;0;0.0;0.0
47;2021-01-04;0;0;4;0;0.0;0.0
47;2021-01-05;0;0;4;0;0.0;0.0
47;2021-01-06;0;0;4;0;0.0;0.0
47;2021-01-07;71;1;75;1;0.0;0.0
47;2021-01-08;314;0;389;1;0.1;0.0
47;2021-01-09;113;0;502;1;0.2;0.0
47;2021-01-10;0;0;502;1;0.2;0.0
47;2021-01-11;249;0;751;1;0.2;0.0
47;2021-01-12;325;0;1076;1;0.3;0.0
47;2021-01-13;349;0;1425;1;0.4;0.0
47;2021-01-14;364;4;1789;5;0.5;0.0
47;2021-01-15;286;1;2075;6;0.6;0.0
47;2021-01-16;176;4;2251;10;0.7;0.0
47;2021-01-17;0;0;2251;10;0.7;0.0
47;2021-01-18;484;1;2735;11;0.8;0.0
47;2021-01-19;469;2;3204;13;1.0;0.0
47;2021-01-20;511;0;3715;13;1.1;0.0
47;2021-01-21;585;0;4300;13;1.3;0.0
47;2021-01-22;463;0;4763;13;1.4;0.0
47;2021-01-23;389;1;5152;14;1.6;0.0
47;2021-01-24;0;0;5152;14;1.6;0.0
47;2021-01-25;425;0;5577;14;1.7;0.0
47;2021-01-26;788;4;6365;18;1.9;0.0
47;2021-01-27;730;1;7095;19;2.1;0.0
47;2021-01-28;575;68;7670;87;2.3;0.0
47;2021-01-29;462;170;8132;257;2.5;0.1
47;2021-01-30;301;39;8433;296;2.6;0.1
47;2021-01-31;0;0;8433;296;2.6;0.1
47;2021-02-01;374;116;8807;412;2.7;0.1
47;2021-02-02;757;317;9564;729;2.9;0.2
47;2021-02-03;424;163;9988;892;3.0;0.3
47;2021-02-04;370;317;10358;1209;3.1;0.4
47;2021-02-05;300;311;10658;1520;3.2;0.5
47;2021-02-06;294;99;10952;1619;3.3;0.5
47;2021-02-07;0;0;10952;1619;3.3;0.5
47;2021-02-08;184;287;11136;1906;3.4;0.6
47;2021-02-09;231;260;11367;2166;3.4;0.7
47;2021-02-10;255;245;11622;2411;3.5;0.7
47;2021-02-11;357;378;11979;2789;3.6;0.8
47;2021-02-12;242;414;12221;3203;3.7;1.0
47;2021-02-13;224;111;12445;3314;3.8;1.0
47;2021-02-14;0;0;12445;3314;3.8;1.0
47;2021-02-15;194;385;12639;3699;3.8;1.1
47;2021-02-16;303;590;12942;4289;3.9;1.3
47;2021-02-17;326;456;13268;4745;4.0;1.4
47;2021-02-18;200;599;13468;5344;4.1;1.6
47;2021-02-19;194;368;13662;5712;4.1;1.7
47;2021-02-20;117;269;13779;5981;4.2;1.8
47;2021-02-21;0;0;13779;5981;4.2;1.8
47;2021-02-22;75;408;13854;6389;4.2;1.9
47;2021-02-23;151;649;14005;7038;4.2;2.1
47;2021-02-24;260;561;14265;7599;4.3;2.3
47;2021-02-25;305;413;14570;8012;4.4;2.4
47;2021-02-26;468;323;15038;8335;4.6;2.5
47;2021-02-27;324;213;15362;8548;4.7;2.6
47;2021-02-28;0;0;15362;8548;4.7;2.6
47;2021-03-01;124;397;15486;8945;4.7;2.7
47;2021-03-02;200;366;15686;9311;4.7;2.8
47;2021-03-03;244;349;15930;9660;4.8;2.9
47;2021-03-04;590;329;16520;9989;5.0;3.0
47;2021-03-05;844;288;17364;10277;5.3;3.1
47;2021-03-06;507;195;17871;10472;5.4;3.2
47;2021-03-07;331;5;18202;10477;5.5;3.2
47;2021-03-08;457;227;18659;10704;5.6;3.2
47;2021-03-09;509;493;19168;11197;5.8;3.4
47;2021-03-10;666;301;19834;11498;6.0;3.5
47;2021-03-11;938;376;20772;11874;6.3;3.6
47;2021-03-12;1370;295;22142;12169;6.7;3.7
47;2021-03-13;949;106;23091;12275;7.0;3.7
47;2021-03-14;51;0;23142;12275;7.0;3.7
47;2021-03-15;591;163;23733;12438;7.2;3.8
47;2021-03-16;750;176;24483;12614;7.4;3.8
47;2021-03-17;859;207;25342;12821;7.7;3.9
47;2021-03-18;915;173;26257;12994;7.9;3.9
47;2021-03-19;1270;123;27527;13117;8.3;4.0
47;2021-03-20;1085;56;28612;13173;8.7;4.0
47;2021-03-21;343;1;28955;13174;8.8;4.0
47;2021-03-22;1011;93;29966;13267;9.1;4.0
47;2021-03-23;1148;147;31114;13414;9.4;4.1
47;2021-03-24;1211;131;32325;13545;9.8;4.1
47;2021-03-25;1567;147;33892;13692;10.3;4.1
47;2021-03-26;1881;197;35773;13889;10.8;4.2
47;2021-03-27;979;129;36752;14018;11.1;4.2
47;2021-03-28;698;4;37450;14022;11.3;4.2
47;2021-03-29;1511;79;38961;14101;11.8;4.3
47;2021-03-30;1639;125;40600;14226;12.3;4.3
47;2021-03-31;1603;144;42203;14370;12.8;4.4
47;2021-04-01;1683;265;43886;14635;13.3;4.4
47;2021-04-02;1932;455;45818;15090;13.9;4.6
47;2021-04-03;1201;177;47019;15267;14.2;4.6
47;2021-04-04;474;12;47493;15279;14.4;4.6
47;2021-04-05;1295;54;48788;15333;14.8;4.6
47;2021-04-06;1385;385;50173;15718;15.2;4.8
47;2021-04-07;1691;585;51864;16303;15.7;4.9
47;2021-04-08;1832;470;53696;16773;16.3;5.1
47;2021-04-09;2081;538;55777;17311;16.9;5.2
47;2021-04-10;1564;322;57341;17633;17.4;5.3
47;2021-04-11;530;8;57871;17641;17.5;5.3
47;2021-04-12;1437;608;59308;18249;18.0;5.5
47;2021-04-13;1817;759;61125;19008;18.5;5.8
47;2021-04-14;1749;718;62874;19726;19.0;6.0
47;2021-04-15;2012;843;64886;20569;19.6;6.2
47;2021-04-16;1764;894;66650;21463;20.2;6.5
47;2021-04-17;1472;970;68122;22433;20.6;6.8
47;2021-04-18;23;0;68145;22433;20.6;6.8
47;2021-04-19;1332;930;69477;23363;21.0;7.1
47;2021-04-20;1624;900;71101;24263;21.5;7.3
47;2021-04-21;1622;768;72723;25031;22.0;7.6
47;2021-04-22;1869;1057;74592;26088;22.6;7.9
47;2021-04-23;1722;1069;76314;27157;23.1;8.2
47;2021-04-24;1547;799;77861;27956;23.6;8.5
47;2021-04-25;242;344;78103;28300;23.6;8.6
47;2021-04-26;1487;1362;79590;29662;24.1;9.0
47;2021-04-27;1923;1469;81513;31131;24.7;9.4
47;2021-04-28;2090;1587;83603;32718;25.3;9.9
47;2021-04-29;2530;1504;86133;34222;26.1;10.4
47;2021-04-30;2040;1777;88173;35999;26.7;10.9
47;2021-05-01;2262;982;90435;36981;27.4;11.2
47;2021-05-02;21;358;90456;37339;27.4;11.3
47;2021-05-03;1596;1417;92052;38756;27.9;11.7
47;2021-05-04;1650;1727;93702;40483;28.4;12.3
47;2021-05-05;1927;1642;95629;42125;28.9;12.8
47;2021-05-06;2104;1507;97733;43632;29.6;13.2
47;2021-05-07;1997;1623;99730;45255;30.2;13.7
47;2021-05-08;2096;464;101826;45719;30.8;13.8
47;2021-05-09;24;362;101850;46081;30.8;13.9
47;2021-05-10;1204;1671;103054;47752;31.2;14.5
47;2021-05-11;2171;1990;105225;49742;31.9;15.1
47;2021-05-12;2626;1450;107851;51192;32.6;15.5
47;2021-05-13;2380;656;110231;51848;33.4;15.7
47;2021-05-14;2062;858;112293;52706;34.0;16.0
47;2021-05-15;1934;861;114227;53567;34.6;16.2
47;2021-05-16;367;8;114594;53575;34.7;16.2
47;2021-05-17;1883;1124;116477;54699;35.3;16.6
47;2021-05-18;2355;1137;118832;55836;36.0;16.9
47;2021-05-19;2344;760;121176;56596;36.7;17.1
47;2021-05-20;2582;965;123758;57561;37.5;17.4
47;2021-05-21;1537;1129;125295;58690;37.9;17.8
47;2021-05-22;2367;834;127662;59524;38.6;18.0
47;2021-05-23;25;185;127687;59709;38.7;18.1
47;2021-05-24;1550;233;129237;59942;39.1;18.1
47;2021-05-25;1483;1316;130720;61258;39.6;18.5
47;2021-05-26;1599;1081;132319;62339;40.1;18.9
47;2021-05-27;1943;1266;134262;63605;40.6;19.3
47;2021-05-28;1458;1537;135720;65142;41.1;19.7
47;2021-05-29;1152;1127;136872;66269;41.4;20.1
47;2021-05-30;12;45;136884;66314;41.4;20.1
47;2021-05-31;1867;1421;138751;67735;42.0;20.5
47;2021-06-01;1920;1336;140671;69071;42.6;20.9
47;2021-06-02;2100;1333;142771;70404;43.2;21.3
47;2021-06-03;2483;1607;145254;72011;44.0;21.8
47;2021-06-04;1968;2111;147222;74122;44.6;22.4
47;2021-06-05;1638;1474;148860;75596;45.1;22.9
47;2021-06-06;212;71;149072;75667;45.1;22.9
47;2021-06-07;1664;2244;150736;77911;45.6;23.6
47;2021-06-08;1627;1905;152363;79816;46.1;24.2
47;2021-06-09;1821;2125;154184;81941;46.7;24.8
47;2021-06-10;2367;1609;156551;83550;47.4;25.3
47;2021-06-11;1824;2100;158375;85650;47.9;25.9
47;2021-06-12;1351;2102;159726;87752;48.4;26.6
47;2021-06-13;4;10;159730;87762;48.4;26.6
47;2021-06-14;1282;2449;161012;90211;48.7;27.3
47;2021-06-15;1464;2032;162476;92243;49.2;27.9
47;2021-06-16;1208;2183;163684;94426;49.6;28.6
47;2021-06-17;1653;1524;165337;95950;50.1;29.0
47;2021-06-18;1438;2495;166775;98445;50.5;29.8
47;2021-06-19;1536;2456;168311;100901;51.0;30.5
47;2021-06-20;4;33;168315;100934;51.0;30.6
47;2021-06-21;1134;2509;169449;103443;51.3;31.3
47;2021-06-22;759;2502;170208;105945;51.5;32.1
47;2021-06-23;996;2013;171204;107958;51.8;32.7
47;2021-06-24;1208;1935;172412;109893;52.2;33.3
47;2021-06-25;1004;2609;173416;112502;52.5;34.1
47;2021-06-26;986;2785;174402;115287;52.8;34.9
47;2021-06-27;15;349;174417;115636;52.8;35.0
47;2021-06-28;867;2399;175284;118035;53.1;35.7
47;2021-06-29;794;2314;176078;120349;53.3;36.4
47;2021-06-30;727;2309;176805;122658;53.5;37.1
47;2021-07-01;816;2108;177621;124766;53.8;37.8
47;2021-07-02;887;2276;178508;127042;54.0;38.5
47;2021-07-03;724;3043;179232;130085;54.3;39.4
47;2021-07-04;34;12;179266;130097;54.3;39.4
47;2021-07-05;975;2143;180241;132240;54.6;40.0
47;2021-07-06;910;1963;181151;134203;54.8;40.6
47;2021-07-07;1295;2059;182446;136262;55.2;41.2
47;2021-07-08;1141;2192;183587;138454;55.6;41.9
47;2021-07-09;1046;2407;184633;140861;55.9;42.6
47;2021-07-10;952;2133;185585;142994;56.2;43.3
47;2021-07-11;0;6;185585;143000;56.2;43.3
47;2021-07-12;554;2585;186139;145585;56.3;44.1
47;2021-07-13;1085;2590;187224;148175;56.7;44.9
47;2021-07-14;1156;1577;188380;149752;57.0;45.3
47;2021-07-15;1705;3133;190085;152885;57.5;46.3
47;2021-07-16;1710;2679;191795;155564;58.1;47.1
47;2021-07-17;1174;2457;192969;158021;58.4;47.8
47;2021-07-18;36;188;193005;158209;58.4;47.9
47;2021-07-19;1114;2564;194119;160773;58.8;48.7
47;2021-07-20;1608;2337;195727;163110;59.3;49.4
47;2021-07-21;2169;2240;197896;165350;59.9;50.1
47;2021-07-22;2146;2288;200042;167638;60.6;50.7
47;2021-07-23;2098;2245;202140;169883;61.2;51.4
47;2021-07-24;1108;1910;203248;171793;61.5;52.0
47;2021-07-25;11;1;203259;171794;61.5;52.0
47;2021-07-26;1223;1941;204482;173735;61.9;52.6
47;2021-07-27;2086;1621;206568;175356;62.5;53.1
47;2021-07-28;1864;1593;208432;176949;63.1;53.6
47;2021-07-29;2300;1585;210732;178534;63.8;54.0
47;2021-07-30;1842;1612;212574;180146;64.4;54.5
47;2021-07-31;1450;1657;214024;181803;64.8;55.0
47;2021-08-01;17;6;214041;181809;64.8;55.0
48;2020-12-27;0;0;0;0;0.0;0.0
48;2020-12-28;0;0;0;0;0.0;0.0
48;2020-12-29;0;0;0;0;0.0;0.0
48;2020-12-30;0;0;0;0;0.0;0.0
48;2020-12-31;0;0;0;0;0.0;0.0
48;2021-01-01;0;0;0;0;0.0;0.0
48;2021-01-02;0;0;0;0;0.0;0.0
48;2021-01-03;0;0;0;0;0.0;0.0
48;2021-01-04;0;0;0;0;0.0;0.0
48;2021-01-05;0;0;0;0;0.0;0.0
48;2021-01-06;0;0;0;0;0.0;0.0
48;2021-01-07;54;0;54;0;0.1;0.0
48;2021-01-08;87;0;141;0;0.2;0.0
48;2021-01-09;1;0;142;0;0.2;0.0
48;2021-01-10;0;0;142;0;0.2;0.0
48;2021-01-11;13;0;155;0;0.2;0.0
48;2021-01-12;19;1;174;1;0.2;0.0
48;2021-01-13;104;0;278;1;0.4;0.0
48;2021-01-14;90;1;368;2;0.5;0.0
48;2021-01-15;63;0;431;2;0.6;0.0
48;2021-01-16;0;0;431;2;0.6;0.0
48;2021-01-17;0;0;431;2;0.6;0.0
48;2021-01-18;117;0;548;2;0.7;0.0
48;2021-01-19;345;0;893;2;1.2;0.0
48;2021-01-20;364;0;1257;2;1.6;0.0
48;2021-01-21;465;0;1722;2;2.3;0.0
48;2021-01-22;269;0;1991;2;2.6;0.0
48;2021-01-23;36;0;2027;2;2.7;0.0
48;2021-01-24;0;0;2027;2;2.7;0.0
48;2021-01-25;109;0;2136;2;2.8;0.0
48;2021-01-26;261;0;2397;2;3.1;0.0
48;2021-01-27;257;2;2654;4;3.5;0.0
48;2021-01-28;270;10;2924;14;3.8;0.0
48;2021-01-29;175;60;3099;74;4.1;0.1
48;2021-01-30;1;7;3100;81;4.1;0.1
48;2021-01-31;0;6;3100;87;4.1;0.1
48;2021-02-01;97;47;3197;134;4.2;0.2
48;2021-02-02;188;36;3385;170;4.4;0.2
48;2021-02-03;177;82;3562;252;4.7;0.3
48;2021-02-04;234;13;3796;265;5.0;0.3
48;2021-02-05;144;35;3940;300;5.2;0.4
48;2021-02-06;34;0;3974;300;5.2;0.4
48;2021-02-07;0;0;3974;300;5.2;0.4
48;2021-02-08;50;61;4024;361;5.3;0.5
48;2021-02-09;66;167;4090;528;5.4;0.7
48;2021-02-10;65;303;4155;831;5.4;1.1
48;2021-02-11;165;407;4320;1238;5.7;1.6
48;2021-02-12;119;156;4439;1394;5.8;1.8
48;2021-02-13;8;55;4447;1449;5.8;1.9
48;2021-02-14;0;0;4447;1449;5.8;1.9
48;2021-02-15;51;106;4498;1555;5.9;2.0
48;2021-02-16;43;173;4541;1728;6.0;2.3
48;2021-02-17;35;285;4576;2013;6.0;2.6
48;2021-02-18;252;96;4828;2109;6.3;2.8
48;2021-02-19;60;183;4888;2292;6.4;3.0
48;2021-02-20;0;1;4888;2293;6.4;3.0
48;2021-02-21;0;14;4888;2307;6.4;3.0
48;2021-02-22;24;129;4912;2436;6.4;3.2
48;2021-02-23;74;221;4986;2657;6.5;3.5
48;2021-02-24;66;265;5052;2922;6.6;3.8
48;2021-02-25;148;263;5200;3185;6.8;4.2
48;2021-02-26;51;226;5251;3411;6.9;4.5
48;2021-02-27;28;1;5279;3412;6.9;4.5
48;2021-02-28;3;14;5282;3426;6.9;4.5
48;2021-03-01;102;96;5384;3522;7.1;4.6
48;2021-03-02;199;87;5583;3609;7.3;4.7
48;2021-03-03;155;111;5738;3720;7.5;4.9
48;2021-03-04;192;183;5930;3903;7.8;5.1
48;2021-03-05;137;142;6067;4045;8.0;5.3
48;2021-03-06;180;53;6247;4098;8.2;5.4
48;2021-03-07;75;1;6322;4099;8.3;5.4
48;2021-03-08;351;121;6673;4220;8.7;5.5
48;2021-03-09;377;86;7050;4306;9.2;5.6
48;2021-03-10;262;61;7312;4367;9.6;5.7
48;2021-03-11;334;90;7646;4457;10.0;5.8
48;2021-03-12;256;155;7902;4612;10.4;6.0
48;2021-03-13;301;5;8203;4617;10.8;6.1
48;2021-03-14;8;0;8211;4617;10.8;6.1
48;2021-03-15;174;63;8385;4680;11.0;6.1
48;2021-03-16;164;65;8549;4745;11.2;6.2
48;2021-03-17;156;110;8705;4855;11.4;6.4
48;2021-03-18;190;104;8895;4959;11.7;6.5
48;2021-03-19;116;95;9011;5054;11.8;6.6
48;2021-03-20;101;0;9112;5054;11.9;6.6
48;2021-03-21;0;0;9112;5054;11.9;6.6
48;2021-03-22;160;22;9272;5076;12.2;6.7
48;2021-03-23;328;102;9600;5178;12.6;6.8
48;2021-03-24;284;100;9884;5278;13.0;6.9
48;2021-03-25;757;114;10641;5392;13.9;7.1
48;2021-03-26;269;59;10910;5451;14.3;7.1
48;2021-03-27;104;0;11014;5451;14.4;7.1
48;2021-03-28;78;19;11092;5470;14.5;7.2
48;2021-03-29;304;78;11396;5548;14.9;7.3
48;2021-03-30;362;128;11758;5676;15.4;7.4
48;2021-03-31;447;83;12205;5759;16.0;7.5
48;2021-04-01;729;65;12934;5824;17.0;7.6
48;2021-04-02;486;124;13420;5948;17.6;7.8
48;2021-04-03;140;83;13560;6031;17.8;7.9
48;2021-04-04;0;0;13560;6031;17.8;7.9
48;2021-04-05;43;1;13603;6032;17.8;7.9
48;2021-04-06;465;157;14068;6189;18.4;8.1
48;2021-04-07;465;139;14533;6328;19.1;8.3
48;2021-04-08;618;184;15151;6512;19.9;8.5
48;2021-04-09;446;118;15597;6630;20.4;8.7
48;2021-04-10;95;58;15692;6688;20.6;8.8
48;2021-04-11;1;0;15693;6688;20.6;8.8
48;2021-04-12;364;70;16057;6758;21.0;8.9
48;2021-04-13;361;92;16418;6850;21.5;9.0
48;2021-04-14;624;185;17042;7035;22.3;9.2
48;2021-04-15;698;353;17740;7388;23.3;9.7
48;2021-04-16;538;222;18278;7610;24.0;10.0
48;2021-04-17;89;69;18367;7679;24.1;10.1
48;2021-04-18;0;0;18367;7679;24.1;10.1
48;2021-04-19;197;107;18564;7786;24.3;10.2
48;2021-04-20;216;177;18780;7963;24.6;10.4
48;2021-04-21;284;205;19064;8168;25.0;10.7
48;2021-04-22;308;479;19372;8647;25.4;11.3
48;2021-04-23;254;241;19626;8888;25.7;11.7
48;2021-04-24;97;93;19723;8981;25.9;11.8
48;2021-04-25;1;9;19724;8990;25.9;11.8
48;2021-04-26;87;208;19811;9198;26.0;12.1
48;2021-04-27;172;292;19983;9490;26.2;12.4
48;2021-04-28;149;414;20132;9904;26.4;13.0
48;2021-04-29;204;490;20336;10394;26.7;13.6
48;2021-04-30;171;225;20507;10619;26.9;13.9
48;2021-05-01;0;0;20507;10619;26.9;13.9
48;2021-05-02;0;0;20507;10619;26.9;13.9
48;2021-05-03;105;386;20612;11005;27.0;14.4
48;2021-05-04;227;420;20839;11425;27.3;15.0
48;2021-05-05;84;484;20923;11909;27.4;15.6
48;2021-05-06;742;634;21665;12543;28.4;16.4
48;2021-05-07;96;504;21761;13047;28.5;17.1
48;2021-05-08;309;43;22070;13090;28.9;17.2
48;2021-05-09;285;9;22355;13099;29.3;17.2
48;2021-05-10;55;325;22410;13424;29.4;17.6
48;2021-05-11;220;291;22630;13715;29.7;18.0
48;2021-05-12;249;312;22879;14027;30.0;18.4
48;2021-05-13;472;157;23351;14184;30.6;18.6
48;2021-05-14;244;221;23595;14405;30.9;18.9
48;2021-05-15;84;47;23679;14452;31.0;18.9
48;2021-05-16;0;8;23679;14460;31.0;19.0
48;2021-05-17;474;265;24153;14725;31.7;19.3
48;2021-05-18;263;228;24416;14953;32.0;19.6
48;2021-05-19;207;278;24623;15231;32.3;20.0
48;2021-05-20;320;254;24943;15485;32.7;20.3
48;2021-05-21;172;267;25115;15752;32.9;20.6
48;2021-05-22;25;50;25140;15802;33.0;20.7
48;2021-05-23;0;6;25140;15808;33.0;20.7
48;2021-05-24;0;14;25140;15822;33.0;20.7
48;2021-05-25;180;265;25320;16087;33.2;21.1
48;2021-05-26;416;298;25736;16385;33.7;21.5
48;2021-05-27;1176;373;26912;16758;35.3;22.0
48;2021-05-28;315;343;27227;17101;35.7;22.4
48;2021-05-29;79;50;27306;17151;35.8;22.5
48;2021-05-30;0;1;27306;17152;35.8;22.5
48;2021-05-31;625;263;27931;17415;36.6;22.8
48;2021-06-01;272;304;28203;17719;37.0;23.2
48;2021-06-02;407;422;28610;18141;37.5;23.8
48;2021-06-03;628;428;29238;18569;38.3;24.3
48;2021-06-04;291;281;29529;18850;38.7;24.7
48;2021-06-05;121;75;29650;18925;38.9;24.8
48;2021-06-06;1;1;29651;18926;38.9;24.8
48;2021-06-07;440;161;30091;19087;39.4;25.0
48;2021-06-08;613;303;30704;19390;40.2;25.4
48;2021-06-09;378;188;31082;19578;40.7;25.7
48;2021-06-10;1000;233;32082;19811;42.1;26.0
48;2021-06-11;372;159;32454;19970;42.5;26.2
48;2021-06-12;74;56;32528;20026;42.6;26.3
48;2021-06-13;0;2;32528;20028;42.6;26.3
48;2021-06-14;124;115;32652;20143;42.8;26.4
48;2021-06-15;407;384;33059;20527;43.3;26.9
48;2021-06-16;259;143;33318;20670;43.7;27.1
48;2021-06-17;487;572;33805;21242;44.3;27.8
48;2021-06-18;254;313;34059;21555;44.6;28.3
48;2021-06-19;35;291;34094;21846;44.7;28.6
48;2021-06-20;123;224;34217;22070;44.9;28.9
48;2021-06-21;125;132;34342;22202;45.0;29.1
48;2021-06-22;257;331;34599;22533;45.4;29.5
48;2021-06-23;111;546;34710;23079;45.5;30.3
48;2021-06-24;363;603;35073;23682;46.0;31.0
48;2021-06-25;148;274;35221;23956;46.2;31.4
48;2021-06-26;14;45;35235;24001;46.2;31.5
48;2021-06-27;1;1;35236;24002;46.2;31.5
48;2021-06-28;81;179;35317;24181;46.3;31.7
48;2021-06-29;296;412;35613;24593;46.7;32.2
48;2021-06-30;95;465;35708;25058;46.8;32.8
48;2021-07-01;196;665;35904;25723;47.1;33.7
48;2021-07-02;147;368;36051;26091;47.3;34.2
48;2021-07-03;41;89;36092;26180;47.3;34.3
48;2021-07-04;7;0;36099;26180;47.3;34.3
48;2021-07-05;40;116;36139;26296;47.4;34.5
48;2021-07-06;277;596;36416;26892;47.7;35.3
48;2021-07-07;200;483;36616;27375;48.0;35.9
48;2021-07-08;222;1187;36838;28562;48.3;37.4
48;2021-07-09;156;551;36994;29113;48.5;38.2
48;2021-07-10;95;147;37089;29260;48.6;38.4
48;2021-07-11;0;4;37089;29264;48.6;38.4
48;2021-07-12;138;672;37227;29936;48.8;39.2
48;2021-07-13;212;431;37439;30367;49.1;39.8
48;2021-07-14;178;142;37617;30509;49.3;40.0
48;2021-07-15;185;458;37802;30967;49.6;40.6
48;2021-07-16;233;310;38035;31277;49.9;41.0
48;2021-07-17;127;117;38162;31394;50.0;41.2
48;2021-07-18;4;4;38166;31398;50.0;41.2
48;2021-07-19;102;302;38268;31700;50.2;41.6
48;2021-07-20;599;993;38867;32693;50.9;42.9
48;2021-07-21;68;370;38935;33063;51.0;43.3
48;2021-07-22;776;1120;39711;34183;52.1;44.8
48;2021-07-23;352;433;40063;34616;52.5;45.4
48;2021-07-24;504;166;40567;34782;53.2;45.6
48;2021-07-25;137;46;40704;34828;53.4;45.7
48;2021-07-26;100;198;40804;35026;53.5;45.9
48;2021-07-27;1190;641;41994;35667;55.0;46.8
48;2021-07-28;176;316;42170;35983;55.3;47.2
48;2021-07-29;700;632;42870;36615;56.2;48.0
48;2021-07-30;200;290;43070;36905;56.5;48.4
48;2021-07-31;334;173;43404;37078;56.9;48.6
48;2021-08-01;18;55;43422;37133;56.9;48.7
49;2020-12-27;0;0;0;0;0.0;0.0
49;2020-12-28;2;0;2;0;0.0;0.0
49;2020-12-29;0;0;2;0;0.0;0.0
49;2020-12-30;0;0;2;0;0.0;0.0
49;2020-12-31;0;0;2;0;0.0;0.0
49;2021-01-01;2;0;4;0;0.0;0.0
49;2021-01-02;1;1;5;1;0.0;0.0
49;2021-01-03;0;0;5;1;0.0;0.0
49;2021-01-04;9;0;14;1;0.0;0.0
49;2021-01-05;92;0;106;1;0.0;0.0
49;2021-01-06;232;0;338;1;0.0;0.0
49;2021-01-07;366;0;704;1;0.1;0.0
49;2021-01-08;330;1;1034;2;0.1;0.0
49;2021-01-09;118;0;1152;2;0.1;0.0
49;2021-01-10;114;0;1266;2;0.2;0.0
49;2021-01-11;287;0;1553;2;0.2;0.0
49;2021-01-12;622;0;2175;2;0.3;0.0
49;2021-01-13;601;2;2776;4;0.3;0.0
49;2021-01-14;589;6;3365;10;0.4;0.0
49;2021-01-15;774;1;4139;11;0.5;0.0
49;2021-01-16;147;0;4286;11;0.5;0.0
49;2021-01-17;111;2;4397;13;0.5;0.0
49;2021-01-18;691;0;5088;13;0.6;0.0
49;2021-01-19;1204;1;6292;14;0.8;0.0
49;2021-01-20;1507;3;7799;17;1.0;0.0
49;2021-01-21;1937;4;9736;21;1.2;0.0
49;2021-01-22;1317;4;11053;25;1.4;0.0
49;2021-01-23;263;1;11316;26;1.4;0.0
49;2021-01-24;0;0;11316;26;1.4;0.0
49;2021-01-25;549;5;11865;31;1.5;0.0
49;2021-01-26;987;75;12852;106;1.6;0.0
49;2021-01-27;1842;37;14694;143;1.8;0.0
49;2021-01-28;2871;86;17565;229;2.2;0.0
49;2021-01-29;1587;94;19152;323;2.3;0.0
49;2021-01-30;299;47;19451;370;2.4;0.0
49;2021-01-31;62;51;19513;421;2.4;0.1
49;2021-02-01;658;158;20171;579;2.5;0.1
49;2021-02-02;743;386;20914;965;2.6;0.1
49;2021-02-03;675;380;21589;1345;2.6;0.2
49;2021-02-04;756;445;22345;1790;2.7;0.2
49;2021-02-05;706;598;23051;2388;2.8;0.3
49;2021-02-06;229;111;23280;2499;2.9;0.3
49;2021-02-07;59;86;23339;2585;2.9;0.3
49;2021-02-08;549;481;23888;3066;2.9;0.4
49;2021-02-09;711;647;24599;3713;3.0;0.5
49;2021-02-10;802;951;25401;4664;3.1;0.6
49;2021-02-11;1000;1409;26401;6073;3.2;0.7
49;2021-02-12;869;976;27270;7049;3.3;0.9
49;2021-02-13;266;117;27536;7166;3.4;0.9
49;2021-02-14;9;106;27545;7272;3.4;0.9
49;2021-02-15;733;664;28278;7936;3.5;1.0
49;2021-02-16;1110;1124;29388;9060;3.6;1.1
49;2021-02-17;1156;1867;30544;10927;3.7;1.3
49;2021-02-18;1809;2440;32353;13367;4.0;1.6
49;2021-02-19;1391;1107;33744;14474;4.1;1.8
49;2021-02-20;233;383;33977;14857;4.2;1.8
49;2021-02-21;0;64;33977;14921;4.2;1.8
49;2021-02-22;646;586;34623;15507;4.2;1.9
49;2021-02-23;734;863;35357;16370;4.3;2.0
49;2021-02-24;818;646;36175;17016;4.4;2.1
49;2021-02-25;1207;822;37382;17838;4.6;2.2
49;2021-02-26;1667;849;39049;18687;4.8;2.3
49;2021-02-27;435;283;39484;18970;4.8;2.3
49;2021-02-28;49;38;39533;19008;4.8;2.3
49;2021-03-01;766;583;40299;19591;4.9;2.4
49;2021-03-02;1082;703;41381;20294;5.1;2.5
49;2021-03-03;1555;674;42936;20968;5.3;2.6
49;2021-03-04;1766;936;44702;21904;5.5;2.7
49;2021-03-05;2212;700;46914;22604;5.8;2.8
49;2021-03-06;715;187;47629;22791;5.8;2.8
49;2021-03-07;627;10;48256;22801;5.9;2.8
49;2021-03-08;1395;711;49651;23512;6.1;2.9
49;2021-03-09;2051;744;51702;24256;6.3;3.0
49;2021-03-10;2526;861;54228;25117;6.6;3.1
49;2021-03-11;3191;1469;57419;26586;7.0;3.3
49;2021-03-12;3765;1007;61184;27593;7.5;3.4
49;2021-03-13;1499;216;62683;27809;7.7;3.4
49;2021-03-14;6;0;62689;27809;7.7;3.4
49;2021-03-15;2084;547;64773;28356;7.9;3.5
49;2021-03-16;1732;961;66505;29317;8.2;3.6
49;2021-03-17;1811;673;68316;29990;8.4;3.7
49;2021-03-18;2199;727;70515;30717;8.6;3.8
49;2021-03-19;3330;565;73845;31282;9.1;3.8
49;2021-03-20;1741;211;75586;31493;9.3;3.9
49;2021-03-21;497;23;76083;31516;9.3;3.9
49;2021-03-22;2247;548;78330;32064;9.6;3.9
49;2021-03-23;3400;677;81730;32741;10.0;4.0
49;2021-03-24;3601;495;85331;33236;10.5;4.1
49;2021-03-25;4224;641;89555;33877;11.0;4.2
49;2021-03-26;4882;501;94437;34378;11.6;4.2
49;2021-03-27;1673;98;96110;34476;11.8;4.2
49;2021-03-28;399;33;96509;34509;11.8;4.2
49;2021-03-29;2370;614;98879;35123;12.1;4.3
49;2021-03-30;3266;940;102145;36063;12.5;4.4
49;2021-03-31;2977;748;105122;36811;12.9;4.5
49;2021-04-01;4120;863;109242;37674;13.4;4.6
49;2021-04-02;4293;934;113535;38608;13.9;4.7
49;2021-04-03;971;195;114506;38803;14.0;4.8
49;2021-04-04;314;3;114820;38806;14.1;4.8
49;2021-04-05;940;21;115760;38827;14.2;4.8
49;2021-04-06;2331;1324;118091;40151;14.5;4.9
49;2021-04-07;3308;1369;121399;41520;14.9;5.1
49;2021-04-08;5181;1399;126580;42919;15.5;5.3
49;2021-04-09;6207;1410;132787;44329;16.3;5.4
49;2021-04-10;2067;493;134854;44822;16.5;5.5
49;2021-04-11;389;7;135243;44829;16.6;5.5
49;2021-04-12;4073;1579;139316;46408;17.1;5.7
49;2021-04-13;5378;1912;144694;48320;17.7;5.9
49;2021-04-14;4538;1866;149232;50186;18.3;6.2
49;2021-04-15;5378;1888;154610;52074;19.0;6.4
49;2021-04-16;5758;2133;160368;54207;19.7;6.6
49;2021-04-17;3335;842;163703;55049;20.1;6.7
49;2021-04-18;381;477;164084;55526;20.1;6.8
49;2021-04-19;3709;2060;167793;57586;20.6;7.1
49;2021-04-20;4373;2111;172166;59697;21.1;7.3
49;2021-04-21;3954;2209;176120;61906;21.6;7.6
49;2021-04-22;4835;2102;180955;64008;22.2;7.8
49;2021-04-23;4810;2330;185765;66338;22.8;8.1
49;2021-04-24;2936;1155;188701;67493;23.1;8.3
49;2021-04-25;40;282;188741;67775;23.1;8.3
49;2021-04-26;3739;2114;192480;69889;23.6;8.6
49;2021-04-27;4473;2493;196953;72382;24.1;8.9
49;2021-04-28;4614;2480;201567;74862;24.7;9.2
49;2021-04-29;5206;3005;206773;77867;25.3;9.5
49;2021-04-30;5555;3185;212328;81052;26.0;9.9
49;2021-05-01;2364;664;214692;81716;26.3;10.0
49;2021-05-02;4;40;214696;81756;26.3;10.0
49;2021-05-03;5012;2389;219708;84145;26.9;10.3
49;2021-05-04;4969;3038;224677;87183;27.5;10.7
49;2021-05-05;4783;2995;229460;90178;28.1;11.1
49;2021-05-06;5329;3077;234789;93255;28.8;11.4
49;2021-05-07;4276;5014;239065;98269;29.3;12.0
49;2021-05-08;3576;435;242641;98704;29.7;12.1
49;2021-05-09;9;41;242650;98745;29.7;12.1
49;2021-05-10;4830;4266;247480;103011;30.3;12.6
49;2021-05-11;5397;5083;252877;108094;31.0;13.2
49;2021-05-12;4802;4588;257679;112682;31.6;13.8
49;2021-05-13;4778;684;262457;113366;32.2;13.9
49;2021-05-14;5170;3267;267627;116633;32.8;14.3
49;2021-05-15;4156;1808;271783;118441;33.3;14.5
49;2021-05-16;2788;117;274571;118558;33.7;14.5
49;2021-05-17;4832;3683;279403;122241;34.2;15.0
49;2021-05-18;5464;3759;284867;126000;34.9;15.4
49;2021-05-19;5916;3216;290783;129216;35.6;15.8
49;2021-05-20;6790;2956;297573;132172;36.5;16.2
49;2021-05-21;6457;3736;304030;135908;37.3;16.7
49;2021-05-22;5183;1191;309213;137099;37.9;16.8
49;2021-05-23;1;12;309214;137111;37.9;16.8
49;2021-05-24;4218;445;313432;137556;38.4;16.9
49;2021-05-25;6331;3306;319763;140862;39.2;17.3
49;2021-05-26;6273;2658;326036;143520;40.0;17.6
49;2021-05-27;7107;2719;333143;146239;40.8;17.9
49;2021-05-28;6877;4011;340020;150250;41.7;18.4
49;2021-05-29;5022;1894;345042;152144;42.3;18.6
49;2021-05-30;20;13;345062;152157;42.3;18.6
49;2021-05-31;6040;3216;351102;155373;43.0;19.0
49;2021-06-01;6589;3972;357691;159345;43.8;19.5
49;2021-06-02;5789;3737;363480;163082;44.6;20.0
49;2021-06-03;6603;3417;370083;166499;45.4;20.4
49;2021-06-04;6470;4858;376553;171357;46.2;21.0
49;2021-06-05;4385;2694;380938;174051;46.7;21.3
49;2021-06-06;35;52;380973;174103;46.7;21.3
49;2021-06-07;4632;4761;385605;178864;47.3;21.9
49;2021-06-08;5184;5094;390789;183958;47.9;22.5
49;2021-06-09;5320;4497;396109;188455;48.5;23.1
49;2021-06-10;5991;3784;402100;192239;49.3;23.6
49;2021-06-11;4852;6032;406952;198271;49.9;24.3
49;2021-06-12;4101;3202;411053;201473;50.4;24.7
49;2021-06-13;19;989;411072;202462;50.4;24.8
49;2021-06-14;3408;6011;414480;208473;50.8;25.6
49;2021-06-15;4242;6396;418722;214869;51.3;26.3
49;2021-06-16;4147;5679;422869;220548;51.8;27.0
49;2021-06-17;5070;5072;427939;225620;52.5;27.7
49;2021-06-18;4128;6882;432067;232502;53.0;28.5
49;2021-06-19;3525;3971;435592;236473;53.4;29.0
49;2021-06-20;25;23;435617;236496;53.4;29.0
49;2021-06-21;2823;6506;438440;243002;53.7;29.8
49;2021-06-22;3197;7002;441637;250004;54.1;30.6
49;2021-06-23;3249;6311;444886;256315;54.5;31.4
49;2021-06-24;4306;4970;449192;261285;55.1;32.0
49;2021-06-25;3318;7440;452510;268725;55.5;32.9
49;2021-06-26;2567;4628;455077;273353;55.8;33.5
49;2021-06-27;13;1543;455090;274896;55.8;33.7
49;2021-06-28;2229;7171;457319;282067;56.1;34.6
49;2021-06-29;3015;7254;460334;289321;56.4;35.5
49;2021-06-30;2802;6806;463136;296127;56.8;36.3
49;2021-07-01;3075;6268;466211;302395;57.1;37.1
49;2021-07-02;2893;8076;469104;310471;57.5;38.1
49;2021-07-03;1988;5486;471092;315957;57.7;38.7
49;2021-07-04;5;52;471097;316009;57.7;38.7
49;2021-07-05;1621;7085;472718;323094;57.9;39.6
49;2021-07-06;1881;7564;474599;330658;58.2;40.5
49;2021-07-07;2050;6627;476649;337285;58.4;41.3
49;2021-07-08;2500;6357;479149;343642;58.7;42.1
49;2021-07-09;2297;8255;481446;351897;59.0;43.1
49;2021-07-10;1773;5342;483219;357239;59.2;43.8
49;2021-07-11;11;35;483230;357274;59.2;43.8
49;2021-07-12;1907;7724;485137;364998;59.5;44.7
49;2021-07-13;2543;8307;487680;373305;59.8;45.8
49;2021-07-14;2875;3368;490555;376673;60.1;46.2
49;2021-07-15;3105;7558;493660;384231;60.5;47.1
49;2021-07-16;3300;8304;496960;392535;60.9;48.1
49;2021-07-17;2067;5489;499027;398024;61.2;48.8
49;2021-07-18;3737;568;502764;398592;61.6;48.9
49;2021-07-19;2557;7455;505321;406047;61.9;49.8
49;2021-07-20;3344;7486;508665;413533;62.3;50.7
49;2021-07-21;4140;6463;512805;419996;62.9;51.5
49;2021-07-22;4637;5849;517442;425845;63.4;52.2
49;2021-07-23;4903;6618;522345;432463;64.0;53.0
49;2021-07-24;3589;4993;525934;437456;64.5;53.6
49;2021-07-25;37;32;525971;437488;64.5;53.6
49;2021-07-26;4166;5891;530137;443379;65.0;54.3
49;2021-07-27;5541;5426;535678;448805;65.7;55.0
49;2021-07-28;5923;4338;541601;453143;66.4;55.5
49;2021-07-29;6540;4121;548141;457264;67.2;56.0
49;2021-07-30;5996;4769;554137;462033;67.9;56.6
49;2021-07-31;3922;3399;558059;465432;68.4;57.0
49;2021-08-01;18;22;558077;465454;68.4;57.0
50;2020-12-27;0;0;0;0;0.0;0.0
50;2020-12-28;0;0;0;0;0.0;0.0
50;2020-12-29;1;0;1;0;0.0;0.0
50;2020-12-30;0;0;1;0;0.0;0.0
50;2020-12-31;0;0;1;0;0.0;0.0
50;2021-01-01;0;0;1;0;0.0;0.0
50;2021-01-02;0;0;1;0;0.0;0.0
50;2021-01-03;0;0;1;0;0.0;0.0
50;2021-01-04;1;0;2;0;0.0;0.0
50;2021-01-05;0;0;2;0;0.0;0.0
50;2021-01-06;126;0;128;0;0.0;0.0
50;2021-01-07;321;0;449;0;0.1;0.0
50;2021-01-08;436;2;885;2;0.2;0.0
50;2021-01-09;236;0;1121;2;0.2;0.0
50;2021-01-10;23;0;1144;2;0.2;0.0
50;2021-01-11;388;2;1532;4;0.3;0.0
50;2021-01-12;600;0;2132;4;0.4;0.0
50;2021-01-13;694;4;2826;8;0.6;0.0
50;2021-01-14;1046;4;3872;12;0.8;0.0
50;2021-01-15;706;2;4578;14;0.9;0.0
50;2021-01-16;214;3;4792;17;1.0;0.0
50;2021-01-17;0;0;4792;17;1.0;0.0
50;2021-01-18;619;0;5411;17;1.1;0.0
50;2021-01-19;892;1;6303;18;1.3;0.0
50;2021-01-20;965;0;7268;18;1.5;0.0
50;2021-01-21;917;4;8185;22;1.7;0.0
50;2021-01-22;713;2;8898;24;1.8;0.0
50;2021-01-23;667;4;9565;28;1.9;0.0
50;2021-01-24;880;2;10445;30;2.1;0.0
50;2021-01-25;2662;10;13107;40;2.7;0.0
50;2021-01-26;1335;13;14442;53;2.9;0.0
50;2021-01-27;747;55;15189;108;3.1;0.0
50;2021-01-28;718;169;15907;277;3.2;0.1
50;2021-01-29;580;306;16487;583;3.4;0.1
50;2021-01-30;381;165;16868;748;3.4;0.2
50;2021-01-31;0;0;16868;748;3.4;0.2
50;2021-02-01;449;225;17317;973;3.5;0.2
50;2021-02-02;416;236;17733;1209;3.6;0.2
50;2021-02-03;390;378;18123;1587;3.7;0.3
50;2021-02-04;482;453;18605;2040;3.8;0.4
50;2021-02-05;422;449;19027;2489;3.9;0.5
50;2021-02-06;178;114;19205;2603;3.9;0.5
50;2021-02-07;0;0;19205;2603;3.9;0.5
50;2021-02-08;255;509;19460;3112;4.0;0.6
50;2021-02-09;245;644;19705;3756;4.0;0.8
50;2021-02-10;570;556;20275;4312;4.1;0.9
50;2021-02-11;438;916;20713;5228;4.2;1.1
50;2021-02-12;328;672;21041;5900;4.3;1.2
50;2021-02-13;304;489;21345;6389;4.4;1.3
50;2021-02-14;185;826;21530;7215;4.4;1.5
50;2021-02-15;660;2020;22190;9235;4.5;1.9
50;2021-02-16;743;1623;22933;10858;4.7;2.2
50;2021-02-17;632;827;23565;11685;4.8;2.4
50;2021-02-18;568;809;24133;12494;4.9;2.5
50;2021-02-19;628;523;24761;13017;5.0;2.7
50;2021-02-20;422;194;25183;13211;5.1;2.7
50;2021-02-21;85;29;25268;13240;5.1;2.7
50;2021-02-22;291;728;25559;13968;5.2;2.8
50;2021-02-23;502;569;26061;14537;5.3;3.0
50;2021-02-24;623;570;26684;15107;5.4;3.1
50;2021-02-25;778;590;27462;15697;5.6;3.2
50;2021-02-26;999;399;28461;16096;5.8;3.3
50;2021-02-27;887;112;29348;16208;6.0;3.3
50;2021-02-28;111;0;29459;16208;6.0;3.3
50;2021-03-01;489;558;29948;16766;6.1;3.4
50;2021-03-02;650;519;30598;17285;6.2;3.5
50;2021-03-03;797;458;31395;17743;6.4;3.6
50;2021-03-04;1248;340;32643;18083;6.7;3.7
50;2021-03-05;1550;350;34193;18433;7.0;3.8
50;2021-03-06;1319;158;35512;18591;7.2;3.8
50;2021-03-07;549;42;36061;18633;7.3;3.8
50;2021-03-08;1022;621;37083;19254;7.6;3.9
50;2021-03-09;1554;573;38637;19827;7.9;4.0
50;2021-03-10;1604;322;40241;20149;8.2;4.1
50;2021-03-11;2352;352;42593;20501;8.7;4.2
50;2021-03-12;2866;243;45459;20744;9.3;4.2
50;2021-03-13;1991;132;47450;20876;9.7;4.3
50;2021-03-14;279;41;47729;20917;9.7;4.3
50;2021-03-15;1376;296;49105;21213;10.0;4.3
50;2021-03-16;1339;277;50444;21490;10.3;4.4
50;2021-03-17;1292;409;51736;21899;10.5;4.5
50;2021-03-18;1160;423;52896;22322;10.8;4.5
50;2021-03-19;1731;589;54627;22911;11.1;4.7
50;2021-03-20;1683;224;56310;23135;11.5;4.7
50;2021-03-21;794;10;57104;23145;11.6;4.7
50;2021-03-22;1506;335;58610;23480;11.9;4.8
50;2021-03-23;2069;395;60679;23875;12.4;4.9
50;2021-03-24;2278;553;62957;24428;12.8;5.0
50;2021-03-25;2808;462;65765;24890;13.4;5.1
50;2021-03-26;3205;464;68970;25354;14.1;5.2
50;2021-03-27;1823;375;70793;25729;14.4;5.2
50;2021-03-28;403;18;71196;25747;14.5;5.2
50;2021-03-29;2137;720;73333;26467;14.9;5.4
50;2021-03-30;2282;644;75615;27111;15.4;5.5
50;2021-03-31;2477;570;78092;27681;15.9;5.6
50;2021-04-01;3100;859;81192;28540;16.5;5.8
50;2021-04-02;2962;936;84154;29476;17.2;6.0
50;2021-04-03;1244;690;85398;30166;17.4;6.1
50;2021-04-04;321;134;85719;30300;17.5;6.2
50;2021-04-05;399;27;86118;30327;17.6;6.2
50;2021-04-06;2124;1223;88242;31550;18.0;6.4
50;2021-04-07;2560;1180;90802;32730;18.5;6.7
50;2021-04-08;3594;1216;94396;33946;19.2;6.9
50;2021-04-09;3929;1290;98325;35236;20.0;7.2
50;2021-04-10;2535;878;100860;36114;20.6;7.4
50;2021-04-11;411;147;101271;36261;20.6;7.4
50;2021-04-12;2438;1379;103709;37640;21.1;7.7
50;2021-04-13;2675;1535;106384;39175;21.7;8.0
50;2021-04-14;2608;1349;108992;40524;22.2;8.3
50;2021-04-15;3160;1110;112152;41634;22.9;8.5
50;2021-04-16;3364;1099;115516;42733;23.5;8.7
50;2021-04-17;2400;1183;117916;43916;24.0;9.0
50;2021-04-18;425;662;118341;44578;24.1;9.1
50;2021-04-19;2000;1475;120341;46053;24.5;9.4
50;2021-04-20;2277;1589;122618;47642;25.0;9.7
50;2021-04-21;2551;1757;125169;49399;25.5;10.1
50;2021-04-22;3078;1821;128247;51220;26.1;10.4
50;2021-04-23;2754;1905;131001;53125;26.7;10.8
50;2021-04-24;1897;1434;132898;54559;27.1;11.1
50;2021-04-25;470;272;133368;54831;27.2;11.2
50;2021-04-26;2120;1889;135488;56720;27.6;11.6
50;2021-04-27;2409;1997;137897;58717;28.1;12.0
50;2021-04-28;2707;1967;140604;60684;28.7;12.4
50;2021-04-29;3285;2036;143889;62720;29.3;12.8
50;2021-04-30;2997;1926;146886;64646;29.9;13.2
50;2021-05-01;1013;592;147899;65238;30.1;13.3
50;2021-05-02;523;448;148422;65686;30.2;13.4
50;2021-05-03;1767;1805;150189;67491;30.6;13.8
50;2021-05-04;1772;2321;151961;69812;31.0;14.2
50;2021-05-05;1659;2952;153620;72764;31.3;14.8
50;2021-05-06;2531;2579;156151;75343;31.8;15.4
50;2021-05-07;2150;2860;158301;78203;32.3;15.9
50;2021-05-08;1166;790;159467;78993;32.5;16.1
50;2021-05-09;624;361;160091;79354;32.6;16.2
50;2021-05-10;1705;2603;161796;81957;33.0;16.7
50;2021-05-11;2543;2844;164339;84801;33.5;17.3
50;2021-05-12;3176;2436;167515;87237;34.1;17.8
50;2021-05-13;3381;610;170896;87847;34.8;17.9
50;2021-05-14;3572;2279;174468;90126;35.6;18.4
50;2021-05-15;3998;1871;178466;91997;36.4;18.7
50;2021-05-16;946;266;179412;92263;36.6;18.8
50;2021-05-17;2138;1876;181550;94139;37.0;19.2
50;2021-05-18;2522;1621;184072;95760;37.5;19.5
50;2021-05-19;2504;1440;186576;97200;38.0;19.8
50;2021-05-20;3247;1623;189823;98823;38.7;20.1
50;2021-05-21;3158;1912;192981;100735;39.3;20.5
50;2021-05-22;2649;1326;195630;102061;39.9;20.8
50;2021-05-23;604;284;196234;102345;40.0;20.9
50;2021-05-24;1527;489;197761;102834;40.3;21.0
50;2021-05-25;2448;1674;200209;104508;40.8;21.3
50;2021-05-26;2992;1448;203201;105956;41.4;21.6
50;2021-05-27;3028;1973;206229;107929;42.0;22.0
50;2021-05-28;2946;2122;209175;110051;42.6;22.4
50;2021-05-29;2757;1401;211932;111452;43.2;22.7
50;2021-05-30;812;323;212744;111775;43.4;22.8
50;2021-05-31;2651;1815;215395;113590;43.9;23.2
50;2021-06-01;3332;2065;218727;115655;44.6;23.6
50;2021-06-02;3257;1787;221984;117442;45.2;23.9
50;2021-06-03;3910;2061;225894;119503;46.0;24.4
50;2021-06-04;3823;2880;229717;122383;46.8;24.9
50;2021-06-05;2958;1847;232675;124230;47.4;25.3
50;2021-06-06;813;444;233488;124674;47.6;25.4
50;2021-06-07;3514;2077;237002;126751;48.3;25.8
50;2021-06-08;4072;2224;241074;128975;49.1;26.3
50;2021-06-09;4251;1988;245325;130963;50.0;26.7
50;2021-06-10;4191;2112;249516;133075;50.9;27.1
50;2021-06-11;4223;2710;253739;135785;51.7;27.7
50;2021-06-12;3735;1604;257474;137389;52.5;28.0
50;2021-06-13;1142;450;258616;137839;52.7;28.1
50;2021-06-14;2687;2964;261303;140803;53.3;28.7
50;2021-06-15;3018;2601;264321;143404;53.9;29.2
50;2021-06-16;3098;1969;267419;145373;54.5;29.6
50;2021-06-17;2794;2483;270213;147856;55.1;30.1
50;2021-06-18;3237;3040;273450;150896;55.7;30.8
50;2021-06-19;3176;1919;276626;152815;56.4;31.1
50;2021-06-20;731;710;277357;153525;56.5;31.3
50;2021-06-21;1812;3133;279169;156658;56.9;31.9
50;2021-06-22;2060;3394;281229;160052;57.3;32.6
50;2021-06-23;1865;3872;283094;163924;57.7;33.4
50;2021-06-24;1711;4012;284805;167936;58.0;34.2
50;2021-06-25;2128;4005;286933;171941;58.5;35.0
50;2021-06-26;2134;3698;289067;175639;58.9;35.8
50;2021-06-27;612;893;289679;176532;59.0;36.0
50;2021-06-28;1921;3355;291600;179887;59.4;36.7
50;2021-06-29;1872;3397;293472;183284;59.8;37.4
50;2021-06-30;2164;3404;295636;186688;60.3;38.0
50;2021-07-01;1935;3272;297571;189960;60.6;38.7
50;2021-07-02;1887;3938;299458;193898;61.0;39.5
50;2021-07-03;1439;3449;300897;197347;61.3;40.2
50;2021-07-04;444;1070;301341;198417;61.4;40.4
50;2021-07-05;1258;3418;302599;201835;61.7;41.1
50;2021-07-06;1554;3893;304153;205728;62.0;41.9
50;2021-07-07;1780;3620;305933;209348;62.4;42.7
50;2021-07-08;1357;4107;307290;213455;62.6;43.5
50;2021-07-09;1382;4585;308672;218040;62.9;44.4
50;2021-07-10;1014;3612;309686;221652;63.1;45.2
50;2021-07-11;365;1022;310051;222674;63.2;45.4
50;2021-07-12;1295;4639;311346;227313;63.5;46.3
50;2021-07-13;1603;4874;312949;232187;63.8;47.3
50;2021-07-14;1471;2357;314420;234544;64.1;47.8
50;2021-07-15;1666;5060;316086;239604;64.4;48.8
50;2021-07-16;2960;5251;319046;244855;65.0;49.9
50;2021-07-17;2127;3733;321173;248588;65.5;50.7
50;2021-07-18;402;1093;321575;249681;65.5;50.9
50;2021-07-19;1558;5189;323133;254870;65.9;51.9
50;2021-07-20;1917;5417;325050;260287;66.2;53.0
50;2021-07-21;1776;5264;326826;265551;66.6;54.1
50;2021-07-22;1920;5001;328746;270552;67.0;55.1
50;2021-07-23;2052;5391;330798;275943;67.4;56.2
50;2021-07-24;1303;3838;332101;279781;67.7;57.0
50;2021-07-25;267;1040;332368;280821;67.7;57.2
50;2021-07-26;2270;3495;334638;284316;68.2;57.9
50;2021-07-27;2877;3351;337515;287667;68.8;58.6
50;2021-07-28;2965;3676;340480;291343;69.4;59.4
50;2021-07-29;3524;3224;344004;294567;70.1;60.0
50;2021-07-30;3035;2994;347039;297561;70.7;60.6
50;2021-07-31;2361;2667;349400;300228;71.2;61.2
50;2021-08-01;482;683;349882;300911;71.3;61.3
51;2020-12-27;0;0;0;0;0.0;0.0
51;2020-12-28;0;0;0;0;0.0;0.0
51;2020-12-29;0;0;0;0;0.0;0.0
51;2020-12-30;0;0;0;0;0.0;0.0
51;2020-12-31;1;0;1;0;0.0;0.0
51;2021-01-01;0;0;1;0;0.0;0.0
51;2021-01-02;0;0;1;0;0.0;0.0
51;2021-01-03;0;0;1;0;0.0;0.0
51;2021-01-04;1;0;2;0;0.0;0.0
51;2021-01-05;1;0;3;0;0.0;0.0
51;2021-01-06;6;0;9;0;0.0;0.0
51;2021-01-07;261;1;270;1;0.0;0.0
51;2021-01-08;506;1;776;2;0.1;0.0
51;2021-01-09;91;0;867;2;0.2;0.0
51;2021-01-10;0;0;867;2;0.2;0.0
51;2021-01-11;544;2;1411;4;0.3;0.0
51;2021-01-12;1534;4;2945;8;0.5;0.0
51;2021-01-13;1287;5;4232;13;0.8;0.0
51;2021-01-14;1464;6;5696;19;1.0;0.0
51;2021-01-15;605;3;6301;22;1.1;0.0
51;2021-01-16;177;1;6478;23;1.1;0.0
51;2021-01-17;101;0;6579;23;1.2;0.0
51;2021-01-18;842;3;7421;26;1.3;0.0
51;2021-01-19;997;4;8418;30;1.5;0.0
51;2021-01-20;954;7;9372;37;1.7;0.0
51;2021-01-21;790;2;10162;39;1.8;0.0
51;2021-01-22;392;2;10554;41;1.9;0.0
51;2021-01-23;294;0;10848;41;1.9;0.0
51;2021-01-24;130;1;10978;42;1.9;0.0
51;2021-01-25;712;1;11690;43;2.1;0.0
51;2021-01-26;777;5;12467;48;2.2;0.0
51;2021-01-27;656;3;13123;51;2.3;0.0
51;2021-01-28;644;70;13767;121;2.4;0.0
51;2021-01-29;471;142;14238;263;2.5;0.0
51;2021-01-30;126;5;14364;268;2.5;0.0
51;2021-01-31;83;0;14447;268;2.6;0.0
51;2021-02-01;275;58;14722;326;2.6;0.1
51;2021-02-02;738;722;15460;1048;2.7;0.2
51;2021-02-03;642;470;16102;1518;2.9;0.3
51;2021-02-04;970;821;17072;2339;3.0;0.4
51;2021-02-05;971;514;18043;2853;3.2;0.5
51;2021-02-06;30;149;18073;3002;3.2;0.5
51;2021-02-07;0;18;18073;3020;3.2;0.5
51;2021-02-08;115;415;18188;3435;3.2;0.6
51;2021-02-09;222;472;18410;3907;3.3;0.7
51;2021-02-10;219;642;18629;4549;3.3;0.8
51;2021-02-11;298;528;18927;5077;3.4;0.9
51;2021-02-12;340;567;19267;5644;3.4;1.0
51;2021-02-13;8;117;19275;5761;3.4;1.0
51;2021-02-14;8;171;19283;5932;3.4;1.1
51;2021-02-15;265;854;19548;6786;3.5;1.2
51;2021-02-16;400;972;19948;7758;3.5;1.4
51;2021-02-17;367;882;20315;8640;3.6;1.5
51;2021-02-18;435;594;20750;9234;3.7;1.6
51;2021-02-19;528;421;21278;9655;3.8;1.7
51;2021-02-20;205;296;21483;9951;3.8;1.8
51;2021-02-21;10;101;21493;10052;3.8;1.8
51;2021-02-22;195;691;21688;10743;3.8;1.9
51;2021-02-23;261;1101;21949;11844;3.9;2.1
51;2021-02-24;413;696;22362;12540;4.0;2.2
51;2021-02-25;1050;884;23412;13424;4.2;2.4
51;2021-02-26;1225;665;24637;14089;4.4;2.5
51;2021-02-27;590;124;25227;14213;4.5;2.5
51;2021-02-28;7;71;25234;14284;4.5;2.5
51;2021-03-01;766;310;26000;14594;4.6;2.6
51;2021-03-02;1123;450;27123;15044;4.8;2.7
51;2021-03-03;1193;463;28316;15507;5.0;2.8
51;2021-03-04;1058;702;29374;16209;5.2;2.9
51;2021-03-05;1559;672;30933;16881;5.5;3.0
51;2021-03-06;1433;51;32366;16932;5.7;3.0
51;2021-03-07;250;4;32616;16936;5.8;3.0
51;2021-03-08;992;96;33608;17032;6.0;3.0
51;2021-03-09;1663;180;35271;17212;6.3;3.1
51;2021-03-10;1992;101;37263;17313;6.6;3.1
51;2021-03-11;2370;161;39633;17474;7.0;3.1
51;2021-03-12;3248;152;42881;17626;7.6;3.1
51;2021-03-13;2550;46;45431;17672;8.1;3.1
51;2021-03-14;190;4;45621;17676;8.1;3.1
51;2021-03-15;1576;143;47197;17819;8.4;3.2
51;2021-03-16;1478;183;48675;18002;8.6;3.2
51;2021-03-17;1496;204;50171;18206;8.9;3.2
51;2021-03-18;1612;280;51783;18486;9.2;3.3
51;2021-03-19;2310;297;54093;18783;9.6;3.3
51;2021-03-20;1660;210;55753;18993;9.9;3.4
51;2021-03-21;133;1;55886;18994;9.9;3.4
51;2021-03-22;1415;118;57301;19112;10.2;3.4
51;2021-03-23;2466;156;59767;19268;10.6;3.4
51;2021-03-24;2838;125;62605;19393;11.1;3.4
51;2021-03-25;3252;328;65857;19721;11.7;3.5
51;2021-03-26;3410;497;69267;20218;12.3;3.6
51;2021-03-27;1843;251;71110;20469;12.6;3.6
51;2021-03-28;213;2;71323;20471;12.6;3.6
51;2021-03-29;991;640;72314;21111;12.8;3.7
51;2021-03-30;1751;854;74065;21965;13.1;3.9
51;2021-03-31;1735;757;75800;22722;13.4;4.0
51;2021-04-01;2281;440;78081;23162;13.8;4.1
51;2021-04-02;2424;638;80505;23800;14.3;4.2
51;2021-04-03;1303;409;81808;24209;14.5;4.3
51;2021-04-04;105;2;81913;24211;14.5;4.3
51;2021-04-05;71;141;81984;24352;14.5;4.3
51;2021-04-06;764;1236;82748;25588;14.7;4.5
51;2021-04-07;1313;1409;84061;26997;14.9;4.8
51;2021-04-08;2206;1766;86267;28763;15.3;5.1
51;2021-04-09;2863;1730;89130;30493;15.8;5.4
51;2021-04-10;2216;495;91346;30988;16.2;5.5
51;2021-04-11;105;85;91451;31073;16.2;5.5
51;2021-04-12;1449;1342;92900;32415;16.5;5.7
51;2021-04-13;1936;1682;94836;34097;16.8;6.0
51;2021-04-14;2459;1548;97295;35645;17.3;6.3
51;2021-04-15;2853;1666;100148;37311;17.8;6.6
51;2021-04-16;3214;1603;103362;38914;18.3;6.9
51;2021-04-17;1966;774;105328;39688;18.7;7.0
51;2021-04-18;296;109;105624;39797;18.7;7.1
51;2021-04-19;1562;1159;107186;40956;19.0;7.3
51;2021-04-20;1792;1660;108978;42616;19.3;7.6
51;2021-04-21;2007;1738;110985;44354;19.7;7.9
51;2021-04-22;2385;1648;113370;46002;20.1;8.2
51;2021-04-23;2977;1825;116347;47827;20.6;8.5
51;2021-04-24;1749;950;118096;48777;20.9;8.7
51;2021-04-25;123;162;118219;48939;21.0;8.7
51;2021-04-26;1849;760;120068;49699;21.3;8.8
51;2021-04-27;2441;1228;122509;50927;21.7;9.0
51;2021-04-28;2551;1307;125060;52234;22.2;9.3
51;2021-04-29;2674;1460;127734;53694;22.7;9.5
51;2021-04-30;2975;1672;130709;55366;23.2;9.8
51;2021-05-01;1454;412;132163;55778;23.4;9.9
51;2021-05-02;107;99;132270;55877;23.5;9.9
51;2021-05-03;2485;759;134755;56636;23.9;10.0
51;2021-05-04;2787;1347;137542;57983;24.4;10.3
51;2021-05-05;2858;1637;140400;59620;24.9;10.6
51;2021-05-06;5344;1942;145744;61562;25.8;10.9
51;2021-05-07;3703;1932;149447;63494;26.5;11.3
51;2021-05-08;2859;821;152306;64315;27.0;11.4
51;2021-05-09;211;89;152517;64404;27.1;11.4
51;2021-05-10;3215;1862;155732;66266;27.6;11.8
51;2021-05-11;3630;2039;159362;68305;28.3;12.1
51;2021-05-12;4184;2237;163546;70542;29.0;12.5
51;2021-05-13;1778;502;165324;71044;29.3;12.6
51;2021-05-14;5403;1743;170727;72787;30.3;12.9
51;2021-05-15;4228;1352;174955;74139;31.0;13.1
51;2021-05-16;284;47;175239;74186;31.1;13.2
51;2021-05-17;3133;1527;178372;75713;31.6;13.4
51;2021-05-18;3916;1771;182288;77484;32.3;13.7
51;2021-05-19;4015;1731;186303;79215;33.0;14.0
51;2021-05-20;4648;1969;190951;81184;33.9;14.4
51;2021-05-21;3595;2481;194546;83665;34.5;14.8
51;2021-05-22;2076;1548;196622;85213;34.9;15.1
51;2021-05-23;307;210;196929;85423;34.9;15.2
51;2021-05-24;2018;720;198947;86143;35.3;15.3
51;2021-05-25;3126;1826;202073;87969;35.8;15.6
51;2021-05-26;3296;1707;205369;89676;36.4;15.9
51;2021-05-27;3270;2062;208639;91738;37.0;16.3
51;2021-05-28;3605;2825;212244;94563;37.6;16.8
51;2021-05-29;2401;1998;214645;96561;38.1;17.1
51;2021-05-30;400;133;215045;96694;38.1;17.1
51;2021-05-31;3350;1782;218395;98476;38.7;17.5
51;2021-06-01;3854;2333;222249;100809;39.4;17.9
51;2021-06-02;6097;2325;228346;103134;40.5;18.3
51;2021-06-03;3579;2427;231925;105561;41.1;18.7
51;2021-06-04;6346;2946;238271;108507;42.3;19.2
51;2021-06-05;2597;1818;240868;110325;42.7;19.6
51;2021-06-06;171;156;241039;110481;42.8;19.6
51;2021-06-07;4299;2168;245338;112649;43.5;20.0
51;2021-06-08;3925;2532;249263;115181;44.2;20.4
51;2021-06-09;4018;2749;253281;117930;44.9;20.9
51;2021-06-10;3200;2481;256481;120411;45.5;21.4
51;2021-06-11;3356;3425;259837;123836;46.1;22.0
51;2021-06-12;2165;2173;262002;126009;46.5;22.3
51;2021-06-13;191;148;262193;126157;46.5;22.4
51;2021-06-14;1626;3337;263819;129494;46.8;23.0
51;2021-06-15;3185;3577;267004;133071;47.4;23.6
51;2021-06-16;2204;3684;269208;136755;47.7;24.3
51;2021-06-17;2606;5405;271814;142160;48.2;25.2
51;2021-06-18;2357;5213;274171;147373;48.6;26.1
51;2021-06-19;1684;4428;275855;151801;48.9;26.9
51;2021-06-20;184;228;276039;152029;49.0;27.0
51;2021-06-21;1228;4442;277267;156471;49.2;27.8
51;2021-06-22;1555;4042;278822;160513;49.5;28.5
51;2021-06-23;3658;4231;282480;164744;50.1;29.2
51;2021-06-24;2241;3228;284721;167972;50.5;29.8
51;2021-06-25;1905;6524;286626;174496;50.8;30.9
51;2021-06-26;1199;5067;287825;179563;51.0;31.8
51;2021-06-27;103;335;287928;179898;51.1;31.9
51;2021-06-28;1392;4407;289320;184305;51.3;32.7
51;2021-06-29;1171;4468;290491;188773;51.5;33.5
51;2021-06-30;1681;6040;292172;194813;51.8;34.6
51;2021-07-01;1964;3765;294136;198578;52.2;35.2
51;2021-07-02;1829;6887;295965;205465;52.5;36.4
51;2021-07-03;1001;3200;296966;208665;52.7;37.0
51;2021-07-04;170;253;297136;208918;52.7;37.1
51;2021-07-05;762;5534;297898;214452;52.8;38.0
51;2021-07-06;1245;4787;299143;219239;53.1;38.9
51;2021-07-07;1603;4948;300746;224187;53.3;39.8
51;2021-07-08;2056;3428;302802;227615;53.7;40.4
51;2021-07-09;1853;5057;304655;232672;54.0;41.3
51;2021-07-10;1223;3211;305878;235883;54.3;41.8
51;2021-07-11;186;280;306064;236163;54.3;41.9
51;2021-07-12;982;4381;307046;240544;54.5;42.7
51;2021-07-13;1465;4782;308511;245326;54.7;43.5
51;2021-07-14;1062;1685;309573;247011;54.9;43.8
51;2021-07-15;2916;4907;312489;251918;55.4;44.7
51;2021-07-16;2347;5285;314836;257203;55.8;45.6
51;2021-07-17;1805;3482;316641;260685;56.2;46.2
51;2021-07-18;162;329;316803;261014;56.2;46.3
51;2021-07-19;1885;3978;318688;264992;56.5;47.0
51;2021-07-20;2572;5144;321260;270136;57.0;47.9
51;2021-07-21;3600;4056;324860;274192;57.6;48.6
51;2021-07-22;4383;3746;329243;277938;58.4;49.3
51;2021-07-23;3622;4381;332865;282319;59.0;50.1
51;2021-07-24;2072;2715;334937;285034;59.4;50.6
51;2021-07-25;348;257;335285;285291;59.5;50.6
51;2021-07-26;3094;2798;338379;288089;60.0;51.1
51;2021-07-27;5806;3237;344185;291326;61.0;51.7
51;2021-07-28;4118;4303;348303;295629;61.8;52.4
51;2021-07-29;4672;2699;352975;298328;62.6;52.9
51;2021-07-30;3578;3140;356553;301468;63.2;53.5
51;2021-07-31;2503;2104;359056;303572;63.7;53.8
51;2021-08-01;368;229;359424;303801;63.7;53.9
52;2020-12-27;0;0;0;0;0.0;0.0
52;2020-12-28;0;0;0;0;0.0;0.0
52;2020-12-29;0;0;0;0;0.0;0.0
52;2020-12-30;0;0;0;0;0.0;0.0
52;2020-12-31;0;0;0;0;0.0;0.0
52;2021-01-01;0;0;0;0;0.0;0.0
52;2021-01-02;0;0;0;0;0.0;0.0
52;2021-01-03;0;0;0;0;0.0;0.0
52;2021-01-04;0;0;0;0;0.0;0.0
52;2021-01-05;0;0;0;0;0.0;0.0
52;2021-01-06;2;0;2;0;0.0;0.0
52;2021-01-07;0;0;2;0;0.0;0.0
52;2021-01-08;201;1;203;1;0.1;0.0
52;2021-01-09;93;0;296;1;0.2;0.0
52;2021-01-10;0;0;296;1;0.2;0.0
52;2021-01-11;206;0;502;1;0.3;0.0
52;2021-01-12;171;0;673;1;0.4;0.0
52;2021-01-13;561;2;1234;3;0.7;0.0
52;2021-01-14;677;8;1911;11;1.1;0.0
52;2021-01-15;411;1;2322;12;1.4;0.0
52;2021-01-16;16;1;2338;13;1.4;0.0
52;2021-01-17;0;0;2338;13;1.4;0.0
52;2021-01-18;426;0;2764;13;1.6;0.0
52;2021-01-19;439;0;3203;13;1.9;0.0
52;2021-01-20;419;1;3622;14;2.1;0.0
52;2021-01-21;424;1;4046;15;2.4;0.0
52;2021-01-22;321;0;4367;15;2.6;0.0
52;2021-01-23;72;0;4439;15;2.6;0.0
52;2021-01-24;0;0;4439;15;2.6;0.0
52;2021-01-25;235;0;4674;15;2.8;0.0
52;2021-01-26;306;1;4980;16;2.9;0.0
52;2021-01-27;237;1;5217;17;3.1;0.0
52;2021-01-28;174;4;5391;21;3.2;0.0
52;2021-01-29;74;124;5465;145;3.2;0.1
52;2021-01-30;91;95;5556;240;3.3;0.1
52;2021-01-31;0;0;5556;240;3.3;0.1
52;2021-02-01;117;193;5673;433;3.4;0.3
52;2021-02-02;61;178;5734;611;3.4;0.4
52;2021-02-03;90;416;5824;1027;3.4;0.6
52;2021-02-04;231;597;6055;1624;3.6;1.0
52;2021-02-05;113;505;6168;2129;3.6;1.3
52;2021-02-06;22;0;6190;2129;3.7;1.3
52;2021-02-07;0;1;6190;2130;3.7;1.3
52;2021-02-08;34;207;6224;2337;3.7;1.4
52;2021-02-09;47;216;6271;2553;3.7;1.5
52;2021-02-10;88;191;6359;2744;3.8;1.6
52;2021-02-11;129;146;6488;2890;3.8;1.7
52;2021-02-12;188;128;6676;3018;3.9;1.8
52;2021-02-13;5;1;6681;3019;3.9;1.8
52;2021-02-14;0;16;6681;3035;3.9;1.8
52;2021-02-15;80;277;6761;3312;4.0;2.0
52;2021-02-16;50;357;6811;3669;4.0;2.2
52;2021-02-17;37;316;6848;3985;4.0;2.4
52;2021-02-18;82;281;6930;4266;4.1;2.5
52;2021-02-19;51;193;6981;4459;4.1;2.6
52;2021-02-20;14;111;6995;4570;4.1;2.7
52;2021-02-21;0;0;6995;4570;4.1;2.7
52;2021-02-22;42;384;7037;4954;4.2;2.9
52;2021-02-23;56;277;7093;5231;4.2;3.1
52;2021-02-24;82;248;7175;5479;4.2;3.2
52;2021-02-25;161;236;7336;5715;4.3;3.4
52;2021-02-26;296;182;7632;5897;4.5;3.5
52;2021-02-27;149;48;7781;5945;4.6;3.5
52;2021-02-28;0;0;7781;5945;4.6;3.5
52;2021-03-01;163;14;7944;5959;4.7;3.5
52;2021-03-02;196;51;8140;6010;4.8;3.6
52;2021-03-03;356;35;8496;6045;5.0;3.6
52;2021-03-04;376;56;8872;6101;5.2;3.6
52;2021-03-05;531;51;9403;6152;5.6;3.6
52;2021-03-06;409;33;9812;6185;5.8;3.7
52;2021-03-07;0;0;9812;6185;5.8;3.7
52;2021-03-08;397;110;10209;6295;6.0;3.7
52;2021-03-09;549;105;10758;6400;6.4;3.8
52;2021-03-10;308;108;11066;6508;6.5;3.8
52;2021-03-11;585;35;11651;6543;6.9;3.9
52;2021-03-12;579;62;12230;6605;7.2;3.9
52;2021-03-13;490;6;12720;6611;7.5;3.9
52;2021-03-14;15;3;12735;6614;7.5;3.9
52;2021-03-15;316;25;13051;6639;7.7;3.9
52;2021-03-16;203;14;13254;6653;7.8;3.9
52;2021-03-17;362;13;13616;6666;8.0;3.9
52;2021-03-18;442;7;14058;6673;8.3;3.9
52;2021-03-19;450;53;14508;6726;8.6;4.0
52;2021-03-20;259;11;14767;6737;8.7;4.0
52;2021-03-21;15;1;14782;6738;8.7;4.0
52;2021-03-22;375;48;15157;6786;9.0;4.0
52;2021-03-23;681;89;15838;6875;9.4;4.1
52;2021-03-24;771;69;16609;6944;9.8;4.1
52;2021-03-25;1136;81;17745;7025;10.5;4.2
52;2021-03-26;1030;138;18775;7163;11.1;4.2
52;2021-03-27;476;75;19251;7238;11.4;4.3
52;2021-03-28;53;0;19304;7238;11.4;4.3
52;2021-03-29;506;186;19810;7424;11.7;4.4
52;2021-03-30;867;288;20677;7712;12.2;4.6
52;2021-03-31;958;290;21635;8002;12.8;4.7
52;2021-04-01;1146;176;22781;8178;13.5;4.8
52;2021-04-02;958;101;23739;8279;14.0;4.9
52;2021-04-03;458;3;24197;8282;14.3;4.9
52;2021-04-04;1;1;24198;8283;14.3;4.9
52;2021-04-05;1;0;24199;8283;14.3;4.9
52;2021-04-06;429;291;24628;8574;14.6;5.1
52;2021-04-07;503;450;25131;9024;14.8;5.3
52;2021-04-08;844;209;25975;9233;15.3;5.5
52;2021-04-09;1060;124;27035;9357;16.0;5.5
52;2021-04-10;852;100;27887;9457;16.5;5.6
52;2021-04-11;96;1;27983;9458;16.5;5.6
52;2021-04-12;931;275;28914;9733;17.1;5.8
52;2021-04-13;1247;375;30161;10108;17.8;6.0
52;2021-04-14;1345;452;31506;10560;18.6;6.2
52;2021-04-15;1511;434;33017;10994;19.5;6.5
52;2021-04-16;1573;365;34590;11359;20.4;6.7
52;2021-04-17;1307;128;35897;11487;21.2;6.8
52;2021-04-18;509;29;36406;11516;21.5;6.8
52;2021-04-19;697;610;37103;12126;21.9;7.2
52;2021-04-20;1078;670;38181;12796;22.6;7.6
52;2021-04-21;1059;676;39240;13472;23.2;8.0
52;2021-04-22;1468;727;40708;14199;24.1;8.4
52;2021-04-23;1255;658;41963;14857;24.8;8.8
52;2021-04-24;477;293;42440;15150;25.1;9.0
52;2021-04-25;3;77;42443;15227;25.1;9.0
52;2021-04-26;630;559;43073;15786;25.4;9.3
52;2021-04-27;933;672;44006;16458;26.0;9.7
52;2021-04-28;1440;559;45446;17017;26.9;10.1
52;2021-04-29;1451;572;46897;17589;27.7;10.4
52;2021-04-30;1315;605;48212;18194;28.5;10.7
52;2021-05-01;8;232;48220;18426;28.5;10.9
52;2021-05-02;0;1;48220;18427;28.5;10.9
52;2021-05-03;1160;625;49380;19052;29.2;11.3
52;2021-05-04;1445;720;50825;19772;30.0;11.7
52;2021-05-05;1769;647;52594;20419;31.1;12.1
52;2021-05-06;1974;509;54568;20928;32.2;12.4
52;2021-05-07;1443;1162;56011;22090;33.1;13.1
52;2021-05-08;588;315;56599;22405;33.4;13.2
52;2021-05-09;1;47;56600;22452;33.4;13.3
52;2021-05-10;791;1101;57391;23553;33.9;13.9
52;2021-05-11;868;1397;58259;24950;34.4;14.7
52;2021-05-12;1207;1382;59466;26332;35.1;15.6
52;2021-05-13;67;184;59533;26516;35.2;15.7
52;2021-05-14;1184;1361;60717;27877;35.9;16.5
52;2021-05-15;492;929;61209;28806;36.2;17.0
52;2021-05-16;8;43;61217;28849;36.2;17.0
52;2021-05-17;1145;706;62362;29555;36.8;17.5
52;2021-05-18;1217;671;63579;30226;37.6;17.9
52;2021-05-19;1543;414;65122;30640;38.5;18.1
52;2021-05-20;1545;419;66667;31059;39.4;18.4
52;2021-05-21;1624;614;68291;31673;40.3;18.7
52;2021-05-22;1088;208;69379;31881;41.0;18.8
52;2021-05-23;1;0;69380;31881;41.0;18.8
52;2021-05-24;403;33;69783;31914;41.2;18.9
52;2021-05-25;1351;384;71134;32298;42.0;19.1
52;2021-05-26;1478;671;72612;32969;42.9;19.5
52;2021-05-27;1566;789;74178;33758;43.8;19.9
52;2021-05-28;1491;671;75669;34429;44.7;20.3
52;2021-05-29;696;835;76365;35264;45.1;20.8
52;2021-05-30;17;550;76382;35814;45.1;21.2
52;2021-05-31;823;829;77205;36643;45.6;21.7
52;2021-06-01;957;814;78162;37457;46.2;22.1
52;2021-06-02;894;753;79056;38210;46.7;22.6
52;2021-06-03;825;825;79881;39035;47.2;23.1
52;2021-06-04;885;1341;80766;40376;47.7;23.9
52;2021-06-05;579;638;81345;41014;48.1;24.2
52;2021-06-06;27;55;81372;41069;48.1;24.3
52;2021-06-07;359;931;81731;42000;48.3;24.8
52;2021-06-08;552;1467;82283;43467;48.6;25.7
52;2021-06-09;613;1474;82896;44941;49.0;26.6
52;2021-06-10;793;1157;83689;46098;49.4;27.2
52;2021-06-11;829;1349;84518;47447;49.9;28.0
52;2021-06-12;422;586;84940;48033;50.2;28.4
52;2021-06-13;1;6;84941;48039;50.2;28.4
52;2021-06-14;171;1413;85112;49452;50.3;29.2
52;2021-06-15;221;1810;85333;51262;50.4;30.3
52;2021-06-16;354;1996;85687;53258;50.6;31.5
52;2021-06-17;265;1156;85952;54414;50.8;32.2
52;2021-06-18;306;1553;86258;55967;51.0;33.1
52;2021-06-19;502;690;86760;56657;51.3;33.5
52;2021-06-20;0;17;86760;56674;51.3;33.5
52;2021-06-21;524;896;87284;57570;51.6;34.0
52;2021-06-22;502;1049;87786;58619;51.9;34.6
52;2021-06-23;553;1044;88339;59663;52.2;35.3
52;2021-06-24;607;717;88946;60380;52.6;35.7
52;2021-06-25;658;1312;89604;61692;52.9;36.5
52;2021-06-26;264;721;89868;62413;53.1;36.9
52;2021-06-27;1;8;89869;62421;53.1;36.9
52;2021-06-28;182;1444;90051;63865;53.2;37.7
52;2021-06-29;163;1415;90214;65280;53.3;38.6
52;2021-06-30;215;1469;90429;66749;53.4;39.4
52;2021-07-01;315;1023;90744;67772;53.6;40.0
52;2021-07-02;430;1454;91174;69226;53.9;40.9
52;2021-07-03;301;1148;91475;70374;54.0;41.6
52;2021-07-04;0;11;91475;70385;54.0;41.6
52;2021-07-05;172;1456;91647;71841;54.1;42.4
52;2021-07-06;284;1453;91931;73294;54.3;43.3
52;2021-07-07;303;1165;92234;74459;54.5;44.0
52;2021-07-08;471;1163;92705;75622;54.8;44.7
52;2021-07-09;286;1621;92991;77243;54.9;45.6
52;2021-07-10;142;822;93133;78065;55.0;46.1
52;2021-07-11;11;12;93144;78077;55.0;46.1
52;2021-07-12;280;1467;93424;79544;55.2;47.0
52;2021-07-13;589;1371;94013;80915;55.5;47.8
52;2021-07-14;436;151;94449;81066;55.8;47.9
52;2021-07-15;591;1430;95040;82496;56.2;48.7
52;2021-07-16;889;1340;95929;83836;56.7;49.5
52;2021-07-17;527;340;96456;84176;57.0;49.7
52;2021-07-18;3;12;96459;84188;57.0;49.7
52;2021-07-19;681;984;97140;85172;57.4;50.3
52;2021-07-20;1097;834;98237;86006;58.0;50.8
52;2021-07-21;1145;735;99382;86741;58.7;51.3
52;2021-07-22;1426;860;100808;87601;59.6;51.8
52;2021-07-23;1383;954;102191;88555;60.4;52.3
52;2021-07-24;872;487;103063;89042;60.9;52.6
52;2021-07-25;19;20;103082;89062;60.9;52.6
52;2021-07-26;995;614;104077;89676;61.5;53.0
52;2021-07-27;1325;651;105402;90327;62.3;53.4
52;2021-07-28;1373;639;106775;90966;63.1;53.7
52;2021-07-29;1244;618;108019;91584;63.8;54.1
52;2021-07-30;1345;705;109364;92289;64.6;54.5
52;2021-07-31;869;542;110233;92831;65.1;54.8
52;2021-08-01;5;14;110238;92845;65.1;54.9
53;2020-12-27;0;0;0;0;0.0;0.0
53;2020-12-28;0;0;0;0;0.0;0.0
53;2020-12-29;0;0;0;0;0.0;0.0
53;2020-12-30;0;0;0;0;0.0;0.0
53;2020-12-31;0;0;0;0;0.0;0.0
53;2021-01-01;0;0;0;0;0.0;0.0
53;2021-01-02;0;0;0;0;0.0;0.0
53;2021-01-03;0;0;0;0;0.0;0.0
53;2021-01-04;0;0;0;0;0.0;0.0
53;2021-01-05;0;0;0;0;0.0;0.0
53;2021-01-06;0;0;0;0;0.0;0.0
53;2021-01-07;102;0;102;0;0.0;0.0
53;2021-01-08;284;1;386;1;0.1;0.0
53;2021-01-09;134;1;520;2;0.2;0.0
53;2021-01-10;15;0;535;2;0.2;0.0
53;2021-01-11;176;0;711;2;0.2;0.0
53;2021-01-12;453;1;1164;3;0.4;0.0
53;2021-01-13;252;0;1416;3;0.5;0.0
53;2021-01-14;289;7;1705;10;0.6;0.0
53;2021-01-15;343;4;2048;14;0.7;0.0
53;2021-01-16;61;0;2109;14;0.7;0.0
53;2021-01-17;24;1;2133;15;0.7;0.0
53;2021-01-18;364;0;2497;15;0.8;0.0
53;2021-01-19;593;0;3090;15;1.0;0.0
53;2021-01-20;742;0;3832;15;1.3;0.0
53;2021-01-21;769;2;4601;17;1.5;0.0
53;2021-01-22;705;2;5306;19;1.7;0.0
53;2021-01-23;160;1;5466;20;1.8;0.0
53;2021-01-24;6;0;5472;20;1.8;0.0
53;2021-01-25;550;0;6022;20;2.0;0.0
53;2021-01-26;1198;6;7220;26;2.4;0.0
53;2021-01-27;696;6;7916;32;2.6;0.0
53;2021-01-28;738;96;8654;128;2.8;0.0
53;2021-01-29;422;189;9076;317;3.0;0.1
53;2021-01-30;128;0;9204;317;3.0;0.1
53;2021-01-31;0;0;9204;317;3.0;0.1
53;2021-02-01;297;149;9501;466;3.1;0.2
53;2021-02-02;309;231;9810;697;3.2;0.2
53;2021-02-03;226;378;10036;1075;3.3;0.4
53;2021-02-04;184;333;10220;1408;3.3;0.5
53;2021-02-05;234;303;10454;1711;3.4;0.6
53;2021-02-06;152;23;10606;1734;3.5;0.6
53;2021-02-07;0;0;10606;1734;3.5;0.6
53;2021-02-08;166;108;10772;1842;3.5;0.6
53;2021-02-09;369;213;11141;2055;3.6;0.7
53;2021-02-10;266;435;11407;2490;3.7;0.8
53;2021-02-11;432;490;11839;2980;3.9;1.0
53;2021-02-12;318;573;12157;3553;4.0;1.2
53;2021-02-13;96;66;12253;3619;4.0;1.2
53;2021-02-14;0;99;12253;3718;4.0;1.2
53;2021-02-15;240;433;12493;4151;4.1;1.4
53;2021-02-16;528;848;13021;4999;4.3;1.6
53;2021-02-17;390;619;13411;5618;4.4;1.8
53;2021-02-18;546;577;13957;6195;4.6;2.0
53;2021-02-19;895;419;14852;6614;4.9;2.2
53;2021-02-20;139;112;14991;6726;4.9;2.2
53;2021-02-21;1;20;14992;6746;4.9;2.2
53;2021-02-22;161;587;15153;7333;5.0;2.4
53;2021-02-23;59;658;15212;7991;5.0;2.6
53;2021-02-24;137;517;15349;8508;5.0;2.8
53;2021-02-25;457;358;15806;8866;5.2;2.9
53;2021-02-26;439;262;16245;9128;5.3;3.0
53;2021-02-27;86;115;16331;9243;5.3;3.0
53;2021-02-28;0;0;16331;9243;5.3;3.0
53;2021-03-01;230;280;16561;9523;5.4;3.1
53;2021-03-02;246;254;16807;9777;5.5;3.2
53;2021-03-03;320;393;17127;10170;5.6;3.3
53;2021-03-04;858;334;17985;10504;5.9;3.4
53;2021-03-05;659;279;18644;10783;6.1;3.5
53;2021-03-06;445;213;19089;10996;6.3;3.6
53;2021-03-07;276;4;19365;11000;6.3;3.6
53;2021-03-08;375;177;19740;11177;6.5;3.7
53;2021-03-09;878;240;20618;11417;6.8;3.7
53;2021-03-10;807;106;21425;11523;7.0;3.8
53;2021-03-11;1247;220;22672;11743;7.4;3.8
53;2021-03-12;1601;142;24273;11885;7.9;3.9
53;2021-03-13;824;5;25097;11890;8.2;3.9
53;2021-03-14;1;0;25098;11890;8.2;3.9
53;2021-03-15;1002;298;26100;12188;8.5;4.0
53;2021-03-16;1033;324;27133;12512;8.9;4.1
53;2021-03-17;684;262;27817;12774;9.1;4.2
53;2021-03-18;972;339;28789;13113;9.4;4.3
53;2021-03-19;1341;594;30130;13707;9.9;4.5
53;2021-03-20;591;14;30721;13721;10.1;4.5
53;2021-03-21;2;0;30723;13721;10.1;4.5
53;2021-03-22;1209;151;31932;13872;10.5;4.5
53;2021-03-23;1696;61;33628;13933;11.0;4.6
53;2021-03-24;1322;116;34950;14049;11.4;4.6
53;2021-03-25;2323;225;37273;14274;12.2;4.7
53;2021-03-26;1882;148;39155;14422;12.8;4.7
53;2021-03-27;339;2;39494;14424;12.9;4.7
53;2021-03-28;2;0;39496;14424;12.9;4.7
53;2021-03-29;1474;205;40970;14629;13.4;4.8
53;2021-03-30;1945;197;42915;14826;14.1;4.9
53;2021-03-31;1791;219;44706;15045;14.6;4.9
53;2021-04-01;1945;669;46651;15714;15.3;5.1
53;2021-04-02;2074;218;48725;15932;16.0;5.2
53;2021-04-03;414;1;49139;15933;16.1;5.2
53;2021-04-04;10;0;49149;15933;16.1;5.2
53;2021-04-05;9;15;49158;15948;16.1;5.2
53;2021-04-06;1304;499;50462;16447;16.5;5.4
53;2021-04-07;1177;924;51639;17371;16.9;5.7
53;2021-04-08;1661;1005;53300;18376;17.5;6.0
53;2021-04-09;1956;395;55256;18771;18.1;6.1
53;2021-04-10;543;11;55799;18782;18.3;6.2
53;2021-04-11;12;0;55811;18782;18.3;6.2
53;2021-04-12;695;1066;56506;19848;18.5;6.5
53;2021-04-13;1472;1106;57978;20954;19.0;6.9
53;2021-04-14;1022;733;59000;21687;19.3;7.1
53;2021-04-15;1159;1109;60159;22796;19.7;7.5
53;2021-04-16;1272;816;61431;23612;20.1;7.7
53;2021-04-17;280;274;61711;23886;20.2;7.8
53;2021-04-18;0;0;61711;23886;20.2;7.8
53;2021-04-19;679;1067;62390;24953;20.4;8.2
53;2021-04-20;936;1452;63326;26405;20.7;8.6
53;2021-04-21;850;1014;64176;27419;21.0;9.0
53;2021-04-22;1046;1613;65222;29032;21.4;9.5
53;2021-04-23;1328;1052;66550;30084;21.8;9.9
53;2021-04-24;68;7;66618;30091;21.8;9.9
53;2021-04-25;6;39;66624;30130;21.8;9.9
53;2021-04-26;368;1239;66992;31369;21.9;10.3
53;2021-04-27;724;1971;67716;33340;22.2;10.9
53;2021-04-28;979;1390;68695;34730;22.5;11.4
53;2021-04-29;1050;1710;69745;36440;22.8;11.9
53;2021-04-30;1366;1309;71111;37749;23.3;12.4
53;2021-05-01;35;50;71146;37799;23.3;12.4
53;2021-05-02;0;0;71146;37799;23.3;12.4
53;2021-05-03;1570;701;72716;38500;23.8;12.6
53;2021-05-04;1305;1438;74021;39938;24.2;13.1
53;2021-05-05;1608;823;75629;40761;24.8;13.3
53;2021-05-06;1393;1393;77022;42154;25.2;13.8
53;2021-05-07;1538;1299;78560;43453;25.7;14.2
53;2021-05-08;939;36;79499;43489;26.0;14.2
53;2021-05-09;11;2;79510;43491;26.0;14.2
53;2021-05-10;2416;808;81926;44299;26.8;14.5
53;2021-05-11;3096;1286;85022;45585;27.8;14.9
53;2021-05-12;2749;1086;87771;46671;28.7;15.3
53;2021-05-13;350;26;88121;46697;28.9;15.3
53;2021-05-14;2018;675;90139;47372;29.5;15.5
53;2021-05-15;1058;61;91197;47433;29.9;15.5
53;2021-05-16;2;0;91199;47433;29.9;15.5
53;2021-05-17;1701;1195;92900;48628;30.4;15.9
53;2021-05-18;1881;1543;94781;50171;31.0;16.4
53;2021-05-19;2303;737;97084;50908;31.8;16.7
53;2021-05-20;3217;855;100301;51763;32.8;17.0
53;2021-05-21;2797;823;103098;52586;33.8;17.2
53;2021-05-22;20;60;103118;52646;33.8;17.2
53;2021-05-23;0;0;103118;52646;33.8;17.2
53;2021-05-24;8;6;103126;52652;33.8;17.2
53;2021-05-25;1819;804;104945;53456;34.4;17.5
53;2021-05-26;1852;901;106797;54357;35.0;17.8
53;2021-05-27;3072;1073;109869;55430;36.0;18.2
53;2021-05-28;2562;872;112431;56302;36.8;18.4
53;2021-05-29;844;244;113275;56546;37.1;18.5
53;2021-05-30;18;6;113293;56552;37.1;18.5
53;2021-05-31;2564;800;115857;57352;37.9;18.8
53;2021-06-01;3491;1256;119348;58608;39.1;19.2
53;2021-06-02;3183;517;122531;59125;40.1;19.4
53;2021-06-03;4195;782;126726;59907;41.5;19.6
53;2021-06-04;3181;1263;129907;61170;42.5;20.0
53;2021-06-05;136;245;130043;61415;42.6;20.1
53;2021-06-06;0;4;130043;61419;42.6;20.1
53;2021-06-07;2628;922;132671;62341;43.4;20.4
53;2021-06-08;3581;1123;136252;63464;44.6;20.8
53;2021-06-09;2453;935;138705;64399;45.4;21.1
53;2021-06-10;3520;845;142225;65244;46.6;21.4
53;2021-06-11;2963;1210;145188;66454;47.5;21.8
53;2021-06-12;108;138;145296;66592;47.6;21.8
53;2021-06-13;10;2;145306;66594;47.6;21.8
53;2021-06-14;1600;1791;146906;68385;48.1;22.4
53;2021-06-15;1898;2261;148804;70646;48.7;23.1
53;2021-06-16;1829;1729;150633;72375;49.3;23.7
53;2021-06-17;3014;1650;153647;74025;50.3;24.2
53;2021-06-18;2701;1807;156348;75832;51.2;24.8
53;2021-06-19;762;1166;157110;76998;51.4;25.2
53;2021-06-20;3;479;157113;77477;51.5;25.4
53;2021-06-21;918;2528;158031;80005;51.8;26.2
53;2021-06-22;1298;3454;159329;83459;52.2;27.3
53;2021-06-23;1360;2893;160689;86352;52.6;28.3
53;2021-06-24;1803;2033;162492;88385;53.2;28.9
53;2021-06-25;1782;2042;164274;90427;53.8;29.6
53;2021-06-26;976;350;165250;90777;54.1;29.7
53;2021-06-27;8;8;165258;90785;54.1;29.7
53;2021-06-28;660;2900;165918;93685;54.3;30.7
53;2021-06-29;856;3649;166774;97334;54.6;31.9
53;2021-06-30;747;1518;167521;98852;54.9;32.4
53;2021-07-01;1500;2634;169021;101486;55.4;33.2
53;2021-07-02;1480;2023;170501;103509;55.8;33.9
53;2021-07-03;855;571;171356;104080;56.1;34.1
53;2021-07-04;0;4;171356;104084;56.1;34.1
53;2021-07-05;532;2061;171888;106145;56.3;34.8
53;2021-07-06;852;3616;172740;109761;56.6;35.9
53;2021-07-07;1013;2657;173753;112418;56.9;36.8
53;2021-07-08;1303;3118;175056;115536;57.3;37.8
53;2021-07-09;1114;3398;176170;118934;57.7;38.9
53;2021-07-10;421;1001;176591;119935;57.8;39.3
53;2021-07-11;12;20;176603;119955;57.8;39.3
53;2021-07-12;502;3716;177105;123671;58.0;40.5
53;2021-07-13;892;4771;177997;128442;58.3;42.1
53;2021-07-14;104;284;178101;128726;58.3;42.2
53;2021-07-15;1110;4354;179211;133080;58.7;43.6
53;2021-07-16;1244;3847;180455;136927;59.1;44.8
53;2021-07-17;1313;297;181768;137224;59.5;44.9
53;2021-07-18;25;19;181793;137243;59.5;44.9
53;2021-07-19;734;3436;182527;140679;59.8;46.1
53;2021-07-20;975;4127;183502;144806;60.1;47.4
53;2021-07-21;680;3280;184182;148086;60.3;48.5
53;2021-07-22;1507;3524;185689;151610;60.8;49.6
53;2021-07-23;1600;3756;187289;155366;61.3;50.9
53;2021-07-24;953;279;188242;155645;61.6;51.0
53;2021-07-25;60;25;188302;155670;61.7;51.0
53;2021-07-26;1721;1938;190023;157608;62.2;51.6
53;2021-07-27;2347;2826;192370;160434;63.0;52.5
53;2021-07-28;2132;2812;194502;163246;63.7;53.5
53;2021-07-29;2472;2540;196974;165786;64.5;54.3
53;2021-07-30;1811;2648;198785;168434;65.1;55.2
53;2021-07-31;625;231;199410;168665;65.3;55.2
53;2021-08-01;36;25;199446;168690;65.3;55.2
54;2020-12-27;0;0;0;0;0.0;0.0
54;2020-12-28;1;0;1;0;0.0;0.0
54;2020-12-29;0;0;1;0;0.0;0.0
54;2020-12-30;0;0;1;0;0.0;0.0
54;2020-12-31;10;0;11;0;0.0;0.0
54;2021-01-01;0;0;11;0;0.0;0.0
54;2021-01-02;0;0;11;0;0.0;0.0
54;2021-01-03;1;0;12;0;0.0;0.0
54;2021-01-04;162;0;174;0;0.0;0.0
54;2021-01-05;395;0;569;0;0.1;0.0
54;2021-01-06;647;1;1216;1;0.2;0.0
54;2021-01-07;816;2;2032;3;0.3;0.0
54;2021-01-08;704;3;2736;6;0.4;0.0
54;2021-01-09;81;0;2817;6;0.4;0.0
54;2021-01-10;78;0;2895;6;0.4;0.0
54;2021-01-11;974;3;3869;9;0.5;0.0
54;2021-01-12;1180;1;5049;10;0.7;0.0
54;2021-01-13;2368;8;7417;18;1.0;0.0
54;2021-01-14;3374;30;10791;48;1.5;0.0
54;2021-01-15;2682;13;13473;61;1.8;0.0
54;2021-01-16;814;3;14287;64;2.0;0.0
54;2021-01-17;210;0;14497;64;2.0;0.0
54;2021-01-18;1557;6;16054;70;2.2;0.0
54;2021-01-19;1697;0;17751;70;2.4;0.0
54;2021-01-20;1489;6;19240;76;2.6;0.0
54;2021-01-21;1341;3;20581;79;2.8;0.0
54;2021-01-22;1088;8;21669;87;3.0;0.0
54;2021-01-23;477;0;22146;87;3.0;0.0
54;2021-01-24;66;0;22212;87;3.0;0.0
54;2021-01-25;940;29;23152;116;3.2;0.0
54;2021-01-26;142;5;23294;121;3.2;0.0
54;2021-01-27;12;172;23306;293;3.2;0.0
54;2021-01-28;31;236;23337;529;3.2;0.1
54;2021-01-29;16;279;23353;808;3.2;0.1
54;2021-01-30;4;0;23357;808;3.2;0.1
54;2021-01-31;1;0;23358;808;3.2;0.1
54;2021-02-01;13;787;23371;1595;3.2;0.2
54;2021-02-02;22;972;23393;2567;3.2;0.4
54;2021-02-03;360;1533;23753;4100;3.3;0.6
54;2021-02-04;730;2455;24483;6555;3.4;0.9
54;2021-02-05;793;1901;25276;8456;3.5;1.2
54;2021-02-06;203;338;25479;8794;3.5;1.2
54;2021-02-07;4;126;25483;8920;3.5;1.2
54;2021-02-08;116;1002;25599;9922;3.5;1.4
54;2021-02-09;303;1071;25902;10993;3.5;1.5
54;2021-02-10;387;801;26289;11794;3.6;1.6
54;2021-02-11;292;820;26581;12614;3.6;1.7
54;2021-02-12;449;1302;27030;13916;3.7;1.9
54;2021-02-13;147;237;27177;14153;3.7;1.9
54;2021-02-14;9;11;27186;14164;3.7;1.9
54;2021-02-15;432;1138;27618;15302;3.8;2.1
54;2021-02-16;402;1224;28020;16526;3.8;2.3
54;2021-02-17;518;960;28538;17486;3.9;2.4
54;2021-02-18;592;793;29130;18279;4.0;2.5
54;2021-02-19;520;777;29650;19056;4.1;2.6
54;2021-02-20;34;284;29684;19340;4.1;2.6
54;2021-02-21;3;25;29687;19365;4.1;2.7
54;2021-02-22;485;605;30172;19970;4.1;2.7
54;2021-02-23;678;565;30850;20535;4.2;2.8
54;2021-02-24;727;364;31577;20899;4.3;2.9
54;2021-02-25;1475;734;33052;21633;4.5;3.0
54;2021-02-26;1764;781;34816;22414;4.8;3.1
54;2021-02-27;699;107;35515;22521;4.9;3.1
54;2021-02-28;11;28;35526;22549;4.9;3.1
54;2021-03-01;648;216;36174;22765;5.0;3.1
54;2021-03-02;1502;138;37676;22903;5.2;3.1
54;2021-03-03;1757;58;39433;22961;5.4;3.1
54;2021-03-04;2025;98;41458;23059;5.7;3.2
54;2021-03-05;2796;142;44254;23201;6.1;3.2
54;2021-03-06;4038;100;48292;23301;6.6;3.2
54;2021-03-07;2624;66;50916;23367;7.0;3.2
54;2021-03-08;1336;61;52252;23428;7.2;3.2
54;2021-03-09;2644;99;54896;23527;7.5;3.2
54;2021-03-10;3196;107;58092;23634;8.0;3.2
54;2021-03-11;3388;90;61480;23724;8.4;3.2
54;2021-03-12;4981;170;66461;23894;9.1;3.3
54;2021-03-13;4200;113;70661;24007;9.7;3.3
54;2021-03-14;543;37;71204;24044;9.7;3.3
54;2021-03-15;1719;101;72923;24145;10.0;3.3
54;2021-03-16;1733;170;74656;24315;10.2;3.3
54;2021-03-17;2081;149;76737;24464;10.5;3.3
54;2021-03-18;2055;162;78792;24626;10.8;3.4
54;2021-03-19;3318;254;82110;24880;11.2;3.4
54;2021-03-20;2305;75;84415;24955;11.6;3.4
54;2021-03-21;295;15;84710;24970;11.6;3.4
54;2021-03-22;1033;331;85743;25301;11.7;3.5
54;2021-03-23;1936;518;87679;25819;12.0;3.5
54;2021-03-24;2193;710;89872;26529;12.3;3.6
54;2021-03-25;3170;723;93042;27252;12.7;3.7
54;2021-03-26;3515;807;96557;28059;13.2;3.8
54;2021-03-27;2416;286;98973;28345;13.6;3.9
54;2021-03-28;278;4;99251;28349;13.6;3.9
54;2021-03-29;1667;383;100918;28732;13.8;3.9
54;2021-03-30;2551;978;103469;29710;14.2;4.1
54;2021-03-31;2594;1129;106063;30839;14.5;4.2
54;2021-04-01;3217;1247;109280;32086;15.0;4.4
54;2021-04-02;2969;1670;112249;33756;15.4;4.6
54;2021-04-03;1258;1312;113507;35068;15.5;4.8
54;2021-04-04;136;421;113643;35489;15.6;4.9
54;2021-04-05;145;574;113788;36063;15.6;4.9
54;2021-04-06;1260;1656;115048;37719;15.8;5.2
54;2021-04-07;907;2269;115955;39988;15.9;5.5
54;2021-04-08;2303;2443;118258;42431;16.2;5.8
54;2021-04-09;4119;3151;122377;45582;16.8;6.2
54;2021-04-10;3207;1671;125584;47253;17.2;6.5
54;2021-04-11;206;1001;125790;48254;17.2;6.6
54;2021-04-12;2196;1537;127986;49791;17.5;6.8
54;2021-04-13;3003;1966;130989;51757;17.9;7.1
54;2021-04-14;3256;1858;134245;53615;18.4;7.3
54;2021-04-15;2882;2290;137127;55905;18.8;7.7
54;2021-04-16;3140;2591;140267;58496;19.2;8.0
54;2021-04-17;3472;1483;143739;59979;19.7;8.2
54;2021-04-18;61;245;143800;60224;19.7;8.2
54;2021-04-19;2461;1071;146261;61295;20.0;8.4
54;2021-04-20;3012;1235;149273;62530;20.4;8.6
54;2021-04-21;4400;1609;153673;64139;21.0;8.8
54;2021-04-22;3720;2365;157393;66504;21.5;9.1
54;2021-04-23;3866;2057;161259;68561;22.1;9.4
54;2021-04-24;2345;1028;163604;69589;22.4;9.5
54;2021-04-25;284;276;163888;69865;22.4;9.6
54;2021-04-26;2303;1266;166191;71131;22.8;9.7
54;2021-04-27;3232;1392;169423;72523;23.2;9.9
54;2021-04-28;2970;1934;172393;74457;23.6;10.2
54;2021-04-29;3793;2073;176186;76530;24.1;10.5
54;2021-04-30;4489;1948;180675;78478;24.7;10.7
54;2021-05-01;2262;801;182937;79279;25.0;10.9
54;2021-05-02;229;68;183166;79347;25.1;10.9
54;2021-05-03;3093;932;186259;80279;25.5;11.0
54;2021-05-04;3513;1436;189772;81715;26.0;11.2
54;2021-05-05;4888;1386;194660;83101;26.7;11.4
54;2021-05-06;4435;2787;199095;85888;27.3;11.8
54;2021-05-07;4822;3392;203917;89280;27.9;12.2
54;2021-05-08;2022;634;205939;89914;28.2;12.3
54;2021-05-09;374;134;206313;90048;28.2;12.3
54;2021-05-10;3205;2233;209518;92281;28.7;12.6
54;2021-05-11;5486;2923;215004;95204;29.4;13.0
54;2021-05-12;4143;3378;219147;98582;30.0;13.5
54;2021-05-13;2642;484;221789;99066;30.4;13.6
54;2021-05-14;6882;1976;228671;101042;31.3;13.8
54;2021-05-15;5477;1306;234148;102348;32.1;14.0
54;2021-05-16;943;107;235091;102455;32.2;14.0
54;2021-05-17;3792;809;238883;103264;32.7;14.1
54;2021-05-18;3288;1094;242171;104358;33.2;14.3
54;2021-05-19;3462;1512;245633;105870;33.6;14.5
54;2021-05-20;4535;1609;250168;107479;34.3;14.7
54;2021-05-21;6732;2483;256900;109962;35.2;15.1
54;2021-05-22;5638;1360;262538;111322;35.9;15.2
54;2021-05-23;504;52;263042;111374;36.0;15.2
54;2021-05-24;1443;340;264485;111714;36.2;15.3
54;2021-05-25;4144;1532;268629;113246;36.8;15.5
54;2021-05-26;3529;2206;272158;115452;37.3;15.8
54;2021-05-27;4172;2433;276330;117885;37.8;16.1
54;2021-05-28;4948;3554;281278;121439;38.5;16.6
54;2021-05-29;3840;3978;285118;125417;39.0;17.2
54;2021-05-30;127;83;285245;125500;39.1;17.2
54;2021-05-31;2930;3060;288175;128560;39.5;17.6
54;2021-06-01;2616;4188;290791;132748;39.8;18.2
54;2021-06-02;2162;4074;292953;136822;40.1;18.7
54;2021-06-03;3128;5654;296081;142476;40.5;19.5
54;2021-06-04;5071;5469;301152;147945;41.2;20.3
54;2021-06-05;2344;3286;303496;151231;41.6;20.7
54;2021-06-06;70;236;303566;151467;41.6;20.7
54;2021-06-07;3703;2929;307269;154396;42.1;21.1
54;2021-06-08;4523;4259;311792;158655;42.7;21.7
54;2021-06-09;5964;3280;317756;161935;43.5;22.2
54;2021-06-10;5289;4423;323045;166358;44.2;22.8
54;2021-06-11;5003;4894;328048;171252;44.9;23.4
54;2021-06-12;4216;3220;332264;174472;45.5;23.9
54;2021-06-13;56;210;332320;174682;45.5;23.9
54;2021-06-14;2327;3587;334647;178269;45.8;24.4
54;2021-06-15;2823;4727;337470;182996;46.2;25.1
54;2021-06-16;3481;5625;340951;188621;46.7;25.8
54;2021-06-17;3134;5214;344085;193835;47.1;26.5
54;2021-06-18;4138;6225;348223;200060;47.7;27.4
54;2021-06-19;2656;3124;350879;203184;48.0;27.8
54;2021-06-20;122;338;351001;203522;48.1;27.9
54;2021-06-21;2547;4756;353548;208278;48.4;28.5
54;2021-06-22;2031;6223;355579;214501;48.7;29.4
54;2021-06-23;2201;5591;357780;220092;49.0;30.1
54;2021-06-24;2090;3460;359870;223552;49.3;30.6
54;2021-06-25;2188;7041;362058;230593;49.6;31.6
54;2021-06-26;2381;5651;364439;236244;49.9;32.3
54;2021-06-27;136;609;364575;236853;49.9;32.4
54;2021-06-28;1951;4338;366526;241191;50.2;33.0
54;2021-06-29;1933;5204;368459;246395;50.4;33.7
54;2021-06-30;1968;5119;370427;251514;50.7;34.4
54;2021-07-01;2112;5984;372539;257498;51.0;35.3
54;2021-07-02;2792;7543;375331;265041;51.4;36.3
54;2021-07-03;2799;4057;378130;269098;51.8;36.8
54;2021-07-04;195;499;378325;269597;51.8;36.9
54;2021-07-05;1665;4247;379990;273844;52.0;37.5
54;2021-07-06;2011;5048;382001;278892;52.3;38.2
54;2021-07-07;1813;4840;383814;283732;52.5;38.8
54;2021-07-08;1672;4111;385486;287843;52.8;39.4
54;2021-07-09;3151;6006;388637;293849;53.2;40.2
54;2021-07-10;2517;4353;391154;298202;53.6;40.8
54;2021-07-11;10;104;391164;298306;53.6;40.8
54;2021-07-12;2065;4657;393229;302963;53.8;41.5
54;2021-07-13;2586;4965;395815;307928;54.2;42.2
54;2021-07-14;1444;1496;397259;309424;54.4;42.4
54;2021-07-15;3166;4835;400425;314259;54.8;43.0
54;2021-07-16;4599;6210;405024;320469;55.5;43.9
54;2021-07-17;3984;4768;409008;325237;56.0;44.5
54;2021-07-18;1798;1661;410806;326898;56.2;44.8
54;2021-07-19;2538;4022;413344;330920;56.6;45.3
54;2021-07-20;2867;4806;416211;335726;57.0;46.0
54;2021-07-21;3088;6317;419299;342043;57.4;46.8
54;2021-07-22;3194;5701;422493;347744;57.8;47.6
54;2021-07-23;3916;6998;426409;354742;58.4;48.6
54;2021-07-24;2908;5288;429317;360030;58.8;49.3
54;2021-07-25;56;47;429373;360077;58.8;49.3
54;2021-07-26;2939;4134;432312;364211;59.2;49.9
54;2021-07-27;3660;3987;435972;368198;59.7;50.4
54;2021-07-28;4880;3809;440852;372007;60.4;50.9
54;2021-07-29;5080;3191;445932;375198;61.1;51.4
54;2021-07-30;4923;4942;450855;380140;61.7;52.0
54;2021-07-31;4394;3166;455249;383306;62.3;52.5
54;2021-08-01;253;73;455502;383379;62.4;52.5
55;2020-12-27;0;0;0;0;0.0;0.0
55;2020-12-28;0;0;0;0;0.0;0.0
55;2020-12-29;0;0;0;0;0.0;0.0
55;2020-12-30;0;0;0;0;0.0;0.0
55;2020-12-31;0;0;0;0;0.0;0.0
55;2021-01-01;0;0;0;0;0.0;0.0
55;2021-01-02;0;0;0;0;0.0;0.0
55;2021-01-03;0;0;0;0;0.0;0.0
55;2021-01-04;1;0;1;0;0.0;0.0
55;2021-01-05;0;0;1;0;0.0;0.0
55;2021-01-06;0;0;1;0;0.0;0.0
55;2021-01-07;122;0;123;0;0.1;0.0
55;2021-01-08;127;0;250;0;0.1;0.0
55;2021-01-09;52;0;302;0;0.2;0.0
55;2021-01-10;0;0;302;0;0.2;0.0
55;2021-01-11;127;1;429;1;0.2;0.0
55;2021-01-12;119;0;548;1;0.3;0.0
55;2021-01-13;134;0;682;1;0.4;0.0
55;2021-01-14;641;5;1323;6;0.7;0.0
55;2021-01-15;237;0;1560;6;0.9;0.0
55;2021-01-16;62;0;1622;6;0.9;0.0
55;2021-01-17;1;0;1623;6;0.9;0.0
55;2021-01-18;413;1;2036;7;1.1;0.0
55;2021-01-19;351;3;2387;10;1.3;0.0
55;2021-01-20;451;2;2838;12;1.6;0.0
55;2021-01-21;430;0;3268;12;1.8;0.0
55;2021-01-22;392;0;3660;12;2.0;0.0
55;2021-01-23;49;0;3709;12;2.0;0.0
55;2021-01-24;0;0;3709;12;2.0;0.0
55;2021-01-25;436;0;4145;12;2.3;0.0
55;2021-01-26;431;0;4576;12;2.5;0.0
55;2021-01-27;424;0;5000;12;2.8;0.0
55;2021-01-28;485;100;5485;112;3.0;0.1
55;2021-01-29;159;54;5644;166;3.1;0.1
55;2021-01-30;92;28;5736;194;3.2;0.1
55;2021-01-31;0;0;5736;194;3.2;0.1
55;2021-02-01;153;177;5889;371;3.2;0.2
55;2021-02-02;159;148;6048;519;3.3;0.3
55;2021-02-03;53;161;6101;680;3.4;0.4
55;2021-02-04;233;398;6334;1078;3.5;0.6
55;2021-02-05;174;139;6508;1217;3.6;0.7
55;2021-02-06;59;55;6567;1272;3.6;0.7
55;2021-02-07;2;53;6569;1325;3.6;0.7
55;2021-02-08;0;19;6569;1344;3.6;0.7
55;2021-02-09;92;115;6661;1459;3.7;0.8
55;2021-02-10;64;22;6725;1481;3.7;0.8
55;2021-02-11;175;97;6900;1578;3.8;0.9
55;2021-02-12;95;27;6995;1605;3.9;0.9
55;2021-02-13;0;0;6995;1605;3.9;0.9
55;2021-02-14;0;0;6995;1605;3.9;0.9
55;2021-02-15;15;418;7010;2023;3.9;1.1
55;2021-02-16;143;396;7153;2419;3.9;1.3
55;2021-02-17;26;493;7179;2912;4.0;1.6
55;2021-02-18;20;344;7199;3256;4.0;1.8
55;2021-02-19;120;291;7319;3547;4.0;2.0
55;2021-02-20;11;0;7330;3547;4.0;2.0
55;2021-02-21;0;0;7330;3547;4.0;2.0
55;2021-02-22;55;458;7385;4005;4.1;2.2
55;2021-02-23;85;443;7470;4448;4.1;2.4
55;2021-02-24;72;416;7542;4864;4.2;2.7
55;2021-02-25;270;683;7812;5547;4.3;3.1
55;2021-02-26;325;234;8137;5781;4.5;3.2
55;2021-02-27;125;87;8262;5868;4.5;3.2
55;2021-02-28;2;8;8264;5876;4.5;3.2
55;2021-03-01;77;140;8341;6016;4.6;3.3
55;2021-03-02;124;172;8465;6188;4.7;3.4
55;2021-03-03;198;3;8663;6191;4.8;3.4
55;2021-03-04;237;44;8900;6235;4.9;3.4
55;2021-03-05;362;45;9262;6280;5.1;3.5
55;2021-03-06;223;5;9485;6285;5.2;3.5
55;2021-03-07;69;1;9554;6286;5.3;3.5
55;2021-03-08;327;50;9881;6336;5.4;3.5
55;2021-03-09;634;49;10515;6385;5.8;3.5
55;2021-03-10;396;24;10911;6409;6.0;3.5
55;2021-03-11;595;137;11506;6546;6.3;3.6
55;2021-03-12;815;89;12321;6635;6.8;3.7
55;2021-03-13;523;11;12844;6646;7.1;3.7
55;2021-03-14;14;0;12858;6646;7.1;3.7
55;2021-03-15;392;24;13250;6670;7.3;3.7
55;2021-03-16;568;109;13818;6779;7.6;3.7
55;2021-03-17;683;18;14501;6797;8.0;3.7
55;2021-03-18;320;22;14821;6819;8.2;3.8
55;2021-03-19;471;59;15292;6878;8.4;3.8
55;2021-03-20;253;14;15545;6892;8.6;3.8
55;2021-03-21;1;1;15546;6893;8.6;3.8
55;2021-03-22;474;18;16020;6911;8.8;3.8
55;2021-03-23;972;61;16992;6972;9.4;3.8
55;2021-03-24;802;38;17794;7010;9.8;3.9
55;2021-03-25;1096;78;18890;7088;10.4;3.9
55;2021-03-26;602;34;19492;7122;10.7;3.9
55;2021-03-27;255;22;19747;7144;10.9;3.9
55;2021-03-28;0;0;19747;7144;10.9;3.9
55;2021-03-29;943;37;20690;7181;11.4;4.0
55;2021-03-30;1423;69;22113;7250;12.2;4.0
55;2021-03-31;1481;64;23594;7314;13.0;4.0
55;2021-04-01;1202;117;24796;7431;13.7;4.1
55;2021-04-02;897;71;25693;7502;14.1;4.1
55;2021-04-03;81;3;25774;7505;14.2;4.1
55;2021-04-04;2;0;25776;7505;14.2;4.1
55;2021-04-05;6;12;25782;7517;14.2;4.1
55;2021-04-06;933;274;26715;7791;14.7;4.3
55;2021-04-07;993;235;27708;8026;15.3;4.4
55;2021-04-08;1647;415;29355;8441;16.2;4.6
55;2021-04-09;1429;261;30784;8702;16.9;4.8
55;2021-04-10;240;174;31024;8876;17.1;4.9
55;2021-04-11;452;20;31476;8896;17.3;4.9
55;2021-04-12;855;327;32331;9223;17.8;5.1
55;2021-04-13;1355;527;33686;9750;18.5;5.4
55;2021-04-14;1371;728;35057;10478;19.3;5.8
55;2021-04-15;1634;455;36691;10933;20.2;6.0
55;2021-04-16;705;378;37396;11311;20.6;6.2
55;2021-04-17;677;28;38073;11339;21.0;6.2
55;2021-04-18;38;18;38111;11357;21.0;6.3
55;2021-04-19;961;345;39072;11702;21.5;6.4
55;2021-04-20;1172;771;40244;12473;22.2;6.9
55;2021-04-21;990;638;41234;13111;22.7;7.2
55;2021-04-22;1072;649;42306;13760;23.3;7.6
55;2021-04-23;1415;577;43721;14337;24.1;7.9
55;2021-04-24;312;123;44033;14460;24.2;8.0
55;2021-04-25;384;51;44417;14511;24.5;8.0
55;2021-04-26;478;816;44895;15327;24.7;8.4
55;2021-04-27;570;993;45465;16320;25.0;9.0
55;2021-04-28;931;816;46396;17136;25.5;9.4
55;2021-04-29;1118;855;47514;17991;26.2;9.9
55;2021-04-30;1279;618;48793;18609;26.9;10.2
55;2021-05-01;153;132;48946;18741;26.9;10.3
55;2021-05-02;2;3;48948;18744;26.9;10.3
55;2021-05-03;1208;629;50156;19373;27.6;10.7
55;2021-05-04;683;1176;50839;20549;28.0;11.3
55;2021-05-05;658;1074;51497;21623;28.4;11.9
55;2021-05-06;1347;1161;52844;22784;29.1;12.5
55;2021-05-07;1432;554;54276;23338;29.9;12.8
55;2021-05-08;156;77;54432;23415;30.0;12.9
55;2021-05-09;61;522;54493;23937;30.0;13.2
55;2021-05-10;861;1030;55354;24967;30.5;13.7
55;2021-05-11;1070;1379;56424;26346;31.1;14.5
55;2021-05-12;1032;1769;57456;28115;31.6;15.5
55;2021-05-13;99;75;57555;28190;31.7;15.5
55;2021-05-14;352;558;57907;28748;31.9;15.8
55;2021-05-15;291;492;58198;29240;32.0;16.1
55;2021-05-16;3;10;58201;29250;32.0;16.1
55;2021-05-17;1028;840;59229;30090;32.6;16.6
55;2021-05-18;1569;892;60798;30982;33.5;17.1
55;2021-05-19;1810;782;62608;31764;34.5;17.5
55;2021-05-20;2215;731;64823;32495;35.7;17.9
55;2021-05-21;2009;800;66832;33295;36.8;18.3
55;2021-05-22;198;167;67030;33462;36.9;18.4
55;2021-05-23;23;120;67053;33582;36.9;18.5
55;2021-05-24;0;0;67053;33582;36.9;18.5
55;2021-05-25;1348;651;68401;34233;37.7;18.8
55;2021-05-26;1671;1016;70072;35249;38.6;19.4
55;2021-05-27;1318;982;71390;36231;39.3;19.9
55;2021-05-28;1519;932;72909;37163;40.1;20.5
55;2021-05-29;1402;697;74311;37860;40.9;20.8
55;2021-05-30;15;206;74326;38066;40.9;21.0
55;2021-05-31;1049;1131;75375;39197;41.5;21.6
55;2021-06-01;912;955;76287;40152;42.0;22.1
55;2021-06-02;1159;984;77446;41136;42.6;22.6
55;2021-06-03;702;545;78148;41681;43.0;22.9
55;2021-06-04;1390;1101;79538;42782;43.8;23.6
55;2021-06-05;1364;277;80902;43059;44.5;23.7
55;2021-06-06;0;2;80902;43061;44.5;23.7
55;2021-06-07;790;714;81692;43775;45.0;24.1
55;2021-06-08;697;1074;82389;44849;45.4;24.7
55;2021-06-09;851;870;83240;45719;45.8;25.2
55;2021-06-10;379;275;83619;45994;46.0;25.3
55;2021-06-11;527;1287;84146;47281;46.3;26.0
55;2021-06-12;760;519;84906;47800;46.7;26.3
55;2021-06-13;265;33;85171;47833;46.9;26.3
55;2021-06-14;367;1363;85538;49196;47.1;27.1
55;2021-06-15;572;1213;86110;50409;47.4;27.8
55;2021-06-16;734;830;86844;51239;47.8;28.2
55;2021-06-17;425;858;87269;52097;48.0;28.7
55;2021-06-18;662;1471;87931;53568;48.4;29.5
55;2021-06-19;593;457;88524;54025;48.7;29.7
55;2021-06-20;0;0;88524;54025;48.7;29.7
55;2021-06-21;434;1022;88958;55047;49.0;30.3
55;2021-06-22;335;1014;89293;56061;49.2;30.9
55;2021-06-23;618;1213;89911;57274;49.5;31.5
55;2021-06-24;163;433;90074;57707;49.6;31.8
55;2021-06-25;642;1224;90716;58931;49.9;32.4
55;2021-06-26;418;339;91134;59270;50.2;32.6
55;2021-06-27;1;2;91135;59272;50.2;32.6
55;2021-06-28;147;1379;91282;60651;50.3;33.4
55;2021-06-29;200;1289;91482;61940;50.4;34.1
55;2021-06-30;269;1933;91751;63873;50.5;35.2
55;2021-07-01;384;1981;92135;65854;50.7;36.3
55;2021-07-02;390;1719;92525;67573;50.9;37.2
55;2021-07-03;108;261;92633;67834;51.0;37.3
55;2021-07-04;12;19;92645;67853;51.0;37.4
55;2021-07-05;221;1511;92866;69364;51.1;38.2
55;2021-07-06;315;891;93181;70255;51.3;38.7
55;2021-07-07;386;1802;93567;72057;51.5;39.7
55;2021-07-08;532;1594;94099;73651;51.8;40.5
55;2021-07-09;445;1480;94544;75131;52.0;41.4
55;2021-07-10;352;1111;94896;76242;52.2;42.0
55;2021-07-11;0;9;94896;76251;52.2;42.0
55;2021-07-12;601;1166;95497;77417;52.6;42.6
55;2021-07-13;597;1488;96094;78905;52.9;43.4
55;2021-07-14;0;13;96094;78918;52.9;43.4
55;2021-07-15;774;1644;96868;80562;53.3;44.4
55;2021-07-16;1252;1810;98120;82372;54.0;45.3
55;2021-07-17;1275;816;99395;83188;54.7;45.8
55;2021-07-18;1;2;99396;83190;54.7;45.8
55;2021-07-19;595;785;99991;83975;55.0;46.2
55;2021-07-20;995;1025;100986;85000;55.6;46.8
55;2021-07-21;1471;1368;102457;86368;56.4;47.5
55;2021-07-22;1162;563;103619;86931;57.0;47.9
55;2021-07-23;1105;1354;104724;88285;57.7;48.6
55;2021-07-24;807;761;105531;89046;58.1;49.0
55;2021-07-25;119;229;105650;89275;58.2;49.1
55;2021-07-26;665;439;106315;89714;58.5;49.4
55;2021-07-27;1149;475;107464;90189;59.2;49.7
55;2021-07-28;1031;1064;108495;91253;59.7;50.2
55;2021-07-29;668;448;109163;91701;60.1;50.5
55;2021-07-30;1257;957;110420;92658;60.8;51.0
55;2021-07-31;708;609;111128;93267;61.2;51.3
55;2021-08-01;8;4;111136;93271;61.2;51.3
56;2020-12-27;0;0;0;0;0.0;0.0
56;2020-12-28;1;0;1;0;0.0;0.0
56;2020-12-29;0;0;1;0;0.0;0.0
56;2020-12-30;0;0;1;0;0.0;0.0
56;2020-12-31;0;0;1;0;0.0;0.0
56;2021-01-01;0;0;1;0;0.0;0.0
56;2021-01-02;1;0;2;0;0.0;0.0
56;2021-01-03;0;0;2;0;0.0;0.0
56;2021-01-04;1;0;3;0;0.0;0.0
56;2021-01-05;1;0;4;0;0.0;0.0
56;2021-01-06;1;0;5;0;0.0;0.0
56;2021-01-07;198;0;203;0;0.0;0.0
56;2021-01-08;119;0;322;0;0.0;0.0
56;2021-01-09;1;0;323;0;0.0;0.0
56;2021-01-10;1;0;324;0;0.0;0.0
56;2021-01-11;242;0;566;0;0.1;0.0
56;2021-01-12;753;0;1319;0;0.2;0.0
56;2021-01-13;637;1;1956;1;0.3;0.0
56;2021-01-14;968;2;2924;3;0.4;0.0
56;2021-01-15;840;5;3764;8;0.5;0.0
56;2021-01-16;233;3;3997;11;0.5;0.0
56;2021-01-17;26;0;4023;11;0.5;0.0
56;2021-01-18;1003;1;5026;12;0.7;0.0
56;2021-01-19;851;1;5877;13;0.8;0.0
56;2021-01-20;884;1;6761;14;0.9;0.0
56;2021-01-21;1459;2;8220;16;1.1;0.0
56;2021-01-22;1173;1;9393;17;1.2;0.0
56;2021-01-23;319;2;9712;19;1.3;0.0
56;2021-01-24;6;0;9718;19;1.3;0.0
56;2021-01-25;824;0;10542;19;1.4;0.0
56;2021-01-26;1035;4;11577;23;1.5;0.0
56;2021-01-27;1082;61;12659;84;1.7;0.0
56;2021-01-28;973;125;13632;209;1.8;0.0
56;2021-01-29;873;106;14505;315;1.9;0.0
56;2021-01-30;138;19;14643;334;1.9;0.0
56;2021-01-31;0;0;14643;334;1.9;0.0
56;2021-02-01;478;158;15121;492;2.0;0.1
56;2021-02-02;942;257;16063;749;2.1;0.1
56;2021-02-03;1022;270;17085;1019;2.3;0.1
56;2021-02-04;4691;346;21776;1365;2.9;0.2
56;2021-02-05;3587;429;25363;1794;3.4;0.2
56;2021-02-06;548;170;25911;1964;3.4;0.3
56;2021-02-07;136;26;26047;1990;3.4;0.3
56;2021-02-08;296;288;26343;2278;3.5;0.3
56;2021-02-09;793;509;27136;2787;3.6;0.4
56;2021-02-10;863;701;27999;3488;3.7;0.5
56;2021-02-11;972;1077;28971;4565;3.8;0.6
56;2021-02-12;1150;643;30121;5208;4.0;0.7
56;2021-02-13;220;104;30341;5312;4.0;0.7
56;2021-02-14;6;46;30347;5358;4.0;0.7
56;2021-02-15;621;1089;30968;6447;4.1;0.9
56;2021-02-16;1219;738;32187;7185;4.3;1.0
56;2021-02-17;1189;960;33376;8145;4.4;1.1
56;2021-02-18;1351;884;34727;9029;4.6;1.2
56;2021-02-19;1320;915;36047;9944;4.8;1.3
56;2021-02-20;365;261;36412;10205;4.8;1.4
56;2021-02-21;0;0;36412;10205;4.8;1.4
56;2021-02-22;374;700;36786;10905;4.9;1.4
56;2021-02-23;739;965;37525;11870;5.0;1.6
56;2021-02-24;913;1183;38438;13053;5.1;1.7
56;2021-02-25;2027;4245;40465;17298;5.4;2.3
56;2021-02-26;2353;2259;42818;19557;5.7;2.6
56;2021-02-27;744;446;43562;20003;5.8;2.6
56;2021-02-28;14;114;43576;20117;5.8;2.7
56;2021-03-01;646;559;44222;20676;5.9;2.7
56;2021-03-02;977;789;45199;21465;6.0;2.8
56;2021-03-03;1147;912;46346;22377;6.1;3.0
56;2021-03-04;1964;1038;48310;23415;6.4;3.1
56;2021-03-05;2576;1429;50886;24844;6.7;3.3
56;2021-03-06;1205;216;52091;25060;6.9;3.3
56;2021-03-07;282;24;52373;25084;6.9;3.3
56;2021-03-08;1138;391;53511;25475;7.1;3.4
56;2021-03-09;2030;630;55541;26105;7.4;3.5
56;2021-03-10;2001;938;57542;27043;7.6;3.6
56;2021-03-11;3253;735;60795;27778;8.0;3.7
56;2021-03-12;4206;824;65001;28602;8.6;3.8
56;2021-03-13;1879;145;66880;28747;8.9;3.8
56;2021-03-14;192;2;67072;28749;8.9;3.8
56;2021-03-15;1280;529;68352;29278;9.0;3.9
56;2021-03-16;1088;1035;69440;30313;9.2;4.0
56;2021-03-17;1359;779;70799;31092;9.4;4.1
56;2021-03-18;1998;1867;72797;32959;9.6;4.4
56;2021-03-19;2938;1395;75735;34354;10.0;4.5
56;2021-03-20;1487;206;77222;34560;10.2;4.6
56;2021-03-21;208;24;77430;34584;10.2;4.6
56;2021-03-22;1609;399;79039;34983;10.5;4.6
56;2021-03-23;2805;686;81844;35669;10.8;4.7
56;2021-03-24;3447;527;85291;36196;11.3;4.8
56;2021-03-25;4232;714;89523;36910;11.8;4.9
56;2021-03-26;5085;779;94608;37689;12.5;5.0
56;2021-03-27;1497;293;96105;37982;12.7;5.0
56;2021-03-28;263;11;96368;37993;12.8;5.0
56;2021-03-29;2227;503;98595;38496;13.0;5.1
56;2021-03-30;3516;782;102111;39278;13.5;5.2
56;2021-03-31;3114;709;105225;39987;13.9;5.3
56;2021-04-01;4066;813;109291;40800;14.5;5.4
56;2021-04-02;3923;933;113214;41733;15.0;5.5
56;2021-04-03;1186;269;114400;42002;15.1;5.6
56;2021-04-04;231;3;114631;42005;15.2;5.6
56;2021-04-05;244;8;114875;42013;15.2;5.6
56;2021-04-06;2821;1232;117696;43245;15.6;5.7
56;2021-04-07;4019;1179;121715;44424;16.1;5.9
56;2021-04-08;5288;1162;127003;45586;16.8;6.0
56;2021-04-09;7387;1280;134390;46866;17.8;6.2
56;2021-04-10;2579;421;136969;47287;18.1;6.3
56;2021-04-11;193;102;137162;47389;18.2;6.3
56;2021-04-12;3932;832;141094;48221;18.7;6.4
56;2021-04-13;5964;1254;147058;49475;19.5;6.5
56;2021-04-14;5167;1422;152225;50897;20.1;6.7
56;2021-04-15;7138;1760;159363;52657;21.1;7.0
56;2021-04-16;7838;2002;167201;54659;22.1;7.2
56;2021-04-17;3131;635;170332;55294;22.5;7.3
56;2021-04-18;528;106;170860;55400;22.6;7.3
56;2021-04-19;3717;1261;174577;56661;23.1;7.5
56;2021-04-20;4102;1974;178679;58635;23.6;7.8
56;2021-04-21;4060;2321;182739;60956;24.2;8.1
56;2021-04-22;5168;1918;187907;62874;24.9;8.3
56;2021-04-23;5159;2403;193066;65277;25.6;8.6
56;2021-04-24;2898;644;195964;65921;25.9;8.7
56;2021-04-25;463;148;196427;66069;26.0;8.7
56;2021-04-26;4704;1663;201131;67732;26.6;9.0
56;2021-04-27;5092;2545;206223;70277;27.3;9.3
56;2021-04-28;4966;2243;211189;72520;28.0;9.6
56;2021-04-29;5835;2932;217024;75452;28.7;10.0
56;2021-04-30;6243;2804;223267;78256;29.5;10.4
56;2021-05-01;2487;362;225754;78618;29.9;10.4
56;2021-05-02;306;254;226060;78872;29.9;10.4
56;2021-05-03;3864;2068;229924;80940;30.4;10.7
56;2021-05-04;4379;3902;234303;84842;31.0;11.2
56;2021-05-05;3524;3866;237827;88708;31.5;11.7
56;2021-05-06;4374;5423;242201;94131;32.1;12.5
56;2021-05-07;4267;5012;246468;99143;32.6;13.1
56;2021-05-08;1641;315;248109;99458;32.8;13.2
56;2021-05-09;495;223;248604;99681;32.9;13.2
56;2021-05-10;3749;3807;252353;103488;33.4;13.7
56;2021-05-11;4164;5048;256517;108536;34.0;14.4
56;2021-05-12;4340;4775;260857;113311;34.5;15.0
56;2021-05-13;2394;1009;263251;114320;34.8;15.1
56;2021-05-14;4221;4356;267472;118676;35.4;15.7
56;2021-05-15;2485;1892;269957;120568;35.7;16.0
56;2021-05-16;234;488;270191;121056;35.8;16.0
56;2021-05-17;2511;3666;272702;124722;36.1;16.5
56;2021-05-18;3518;4079;276220;128801;36.6;17.0
56;2021-05-19;3529;3388;279749;132189;37.0;17.5
56;2021-05-20;3799;4804;283548;136993;37.5;18.1
56;2021-05-21;3740;5221;287288;142214;38.0;18.8
56;2021-05-22;1698;2208;288986;144422;38.2;19.1
56;2021-05-23;284;197;289270;144619;38.3;19.1
56;2021-05-24;2056;499;291326;145118;38.6;19.2
56;2021-05-25;3136;4463;294462;149581;39.0;19.8
56;2021-05-26;3735;3899;298197;153480;39.5;20.3
56;2021-05-27;4358;4869;302555;158349;40.0;21.0
56;2021-05-28;4632;5958;307187;164307;40.7;21.7
56;2021-05-29;1885;1634;309072;165941;40.9;22.0
56;2021-05-30;317;66;309389;166007;40.9;22.0
56;2021-05-31;4500;3220;313889;169227;41.5;22.4
56;2021-06-01;5663;3385;319552;172612;42.3;22.8
56;2021-06-02;5638;2954;325190;175566;43.0;23.2
56;2021-06-03;6186;3304;331376;178870;43.9;23.7
56;2021-06-04;5808;4414;337184;183284;44.6;24.3
56;2021-06-05;4344;2385;341528;185669;45.2;24.6
56;2021-06-06;496;615;342024;186284;45.3;24.7
56;2021-06-07;5105;3172;347129;189456;45.9;25.1
56;2021-06-08;6064;3378;353193;192834;46.7;25.5
56;2021-06-09;6433;2813;359626;195647;47.6;25.9
56;2021-06-10;7475;2868;367101;198515;48.6;26.3
56;2021-06-11;6760;3869;373861;202384;49.5;26.8
56;2021-06-12;5099;2067;378960;204451;50.2;27.1
56;2021-06-13;1976;437;380936;204888;50.4;27.1
56;2021-06-14;3308;4592;384244;209480;50.9;27.7
56;2021-06-15;4206;4899;388450;214379;51.4;28.4
56;2021-06-16;4491;4503;392941;218882;52.0;29.0
56;2021-06-17;4252;4752;397193;223634;52.6;29.6
56;2021-06-18;4517;5971;401710;229605;53.2;30.4
56;2021-06-19;3834;2141;405544;231746;53.7;30.7
56;2021-06-20;1503;339;407047;232085;53.9;30.7
56;2021-06-21;3300;4468;410347;236553;54.3;31.3
56;2021-06-22;3477;5440;413824;241993;54.8;32.0
56;2021-06-23;3745;5063;417569;247056;55.3;32.7
56;2021-06-24;3468;5315;421037;252371;55.7;33.4
56;2021-06-25;3870;6276;424907;258647;56.2;34.2
56;2021-06-26;3183;2911;428090;261558;56.7;34.6
56;2021-06-27;304;163;428394;261721;56.7;34.6
56;2021-06-28;1564;3981;429958;265702;56.9;35.2
56;2021-06-29;2391;5739;432349;271441;57.2;35.9
56;2021-06-30;2477;5559;434826;277000;57.5;36.7
56;2021-07-01;2717;4960;437543;281960;57.9;37.3
56;2021-07-02;2642;6212;440185;288172;58.3;38.1
56;2021-07-03;2192;2683;442377;290855;58.5;38.5
56;2021-07-04;774;810;443151;291665;58.7;38.6
56;2021-07-05;1854;5452;445005;297117;58.9;39.3
56;2021-07-06;2170;5951;447175;303068;59.2;40.1
56;2021-07-07;2831;5644;450006;308712;59.6;40.9
56;2021-07-08;3057;6042;453063;314754;60.0;41.7
56;2021-07-09;2209;7108;455272;321862;60.3;42.6
56;2021-07-10;1124;3002;456396;324864;60.4;43.0
56;2021-07-11;255;343;456651;325207;60.4;43.0
56;2021-07-12;2165;6605;458816;331812;60.7;43.9
56;2021-07-13;3229;7471;462045;339283;61.2;44.9
56;2021-07-14;1772;2584;463817;341867;61.4;45.2
56;2021-07-15;3801;7067;467618;348934;61.9;46.2
56;2021-07-16;4059;8096;471677;357030;62.4;47.3
56;2021-07-17;2303;3520;473980;360550;62.7;47.7
56;2021-07-18;253;477;474233;361027;62.8;47.8
56;2021-07-19;2845;6352;477078;367379;63.1;48.6
56;2021-07-20;3699;7926;480777;375305;63.6;49.7
56;2021-07-21;3062;7526;483839;382831;64.0;50.7
56;2021-07-22;4338;8022;488177;390853;64.6;51.7
56;2021-07-23;4351;8398;492528;399251;65.2;52.8
56;2021-07-24;1681;4597;494209;403848;65.4;53.4
56;2021-07-25;547;1918;494756;405766;65.5;53.7
56;2021-07-26;3654;5453;498410;411219;66.0;54.4
56;2021-07-27;5332;6193;503742;417412;66.7;55.2
56;2021-07-28;4653;5454;508395;422866;67.3;56.0
56;2021-07-29;5353;5616;513748;428482;68.0;56.7
56;2021-07-30;5320;5841;519068;434323;68.7;57.5
56;2021-07-31;2104;2677;521172;437000;69.0;57.8
56;2021-08-01;1130;966;522302;437966;69.1;58.0
57;2020-12-27;2;0;2;0;0.0;0.0
57;2020-12-28;0;0;2;0;0.0;0.0
57;2020-12-29;1;0;3;0;0.0;0.0
57;2020-12-30;1;0;4;0;0.0;0.0
57;2020-12-31;0;0;4;0;0.0;0.0
57;2021-01-01;0;0;4;0;0.0;0.0
57;2021-01-02;2;0;6;0;0.0;0.0
57;2021-01-03;0;0;6;0;0.0;0.0
57;2021-01-04;15;0;21;0;0.0;0.0
57;2021-01-05;199;0;220;0;0.0;0.0
57;2021-01-06;226;1;446;1;0.0;0.0
57;2021-01-07;584;2;1030;3;0.1;0.0
57;2021-01-08;508;2;1538;5;0.1;0.0
57;2021-01-09;198;0;1736;5;0.2;0.0
57;2021-01-10;108;1;1844;6;0.2;0.0
57;2021-01-11;470;1;2314;7;0.2;0.0
57;2021-01-12;613;5;2927;12;0.3;0.0
57;2021-01-13;695;2;3622;14;0.3;0.0
57;2021-01-14;706;6;4328;20;0.4;0.0
57;2021-01-15;634;1;4962;21;0.5;0.0
57;2021-01-16;449;1;5411;22;0.5;0.0
57;2021-01-17;492;1;5903;23;0.6;0.0
57;2021-01-18;2704;17;8607;40;0.8;0.0
57;2021-01-19;2568;17;11175;57;1.1;0.0
57;2021-01-20;2761;16;13936;73;1.3;0.0
57;2021-01-21;1791;5;15727;78;1.5;0.0
57;2021-01-22;1321;6;17048;84;1.6;0.0
57;2021-01-23;543;16;17591;100;1.7;0.0
57;2021-01-24;0;0;17591;100;1.7;0.0
57;2021-01-25;869;184;18460;284;1.8;0.0
57;2021-01-26;1112;215;19572;499;1.9;0.0
57;2021-01-27;1069;183;20641;682;2.0;0.1
57;2021-01-28;1040;299;21681;981;2.1;0.1
57;2021-01-29;981;396;22662;1377;2.2;0.1
57;2021-01-30;440;94;23102;1471;2.2;0.1
57;2021-01-31;10;27;23112;1498;2.2;0.1
57;2021-02-01;825;352;23937;1850;2.3;0.2
57;2021-02-02;989;364;24926;2214;2.4;0.2
57;2021-02-03;986;320;25912;2534;2.5;0.2
57;2021-02-04;1138;809;27050;3343;2.6;0.3
57;2021-02-05;928;357;27978;3700;2.7;0.4
57;2021-02-06;480;350;28458;4050;2.7;0.4
57;2021-02-07;103;334;28561;4384;2.8;0.4
57;2021-02-08;1254;1559;29815;5943;2.9;0.6
57;2021-02-09;1761;1675;31576;7618;3.0;0.7
57;2021-02-10;1709;2076;33285;9694;3.2;0.9
57;2021-02-11;1484;1331;34769;11025;3.4;1.1
57;2021-02-12;1226;677;35995;11702;3.5;1.1
57;2021-02-13;1152;177;37147;11879;3.6;1.1
57;2021-02-14;1210;26;38357;11905;3.7;1.1
57;2021-02-15;765;863;39122;12768;3.8;1.2
57;2021-02-16;1072;801;40194;13569;3.9;1.3
57;2021-02-17;1007;964;41201;14533;4.0;1.4
57;2021-02-18;974;1159;42175;15692;4.1;1.5
57;2021-02-19;953;939;43128;16631;4.2;1.6
57;2021-02-20;1174;615;44302;17246;4.3;1.7
57;2021-02-21;323;11;44625;17257;4.3;1.7
57;2021-02-22;1230;913;45855;18170;4.4;1.8
57;2021-02-23;2234;1086;48089;19256;4.6;1.9
57;2021-02-24;2267;997;50356;20253;4.9;2.0
57;2021-02-25;3294;1113;53650;21366;5.2;2.1
57;2021-02-26;3576;959;57226;22325;5.5;2.2
57;2021-02-27;3689;532;60915;22857;5.9;2.2
57;2021-02-28;1896;54;62811;22911;6.1;2.2
57;2021-03-01;2049;1336;64860;24247;6.3;2.3
57;2021-03-02;2849;1595;67709;25842;6.5;2.5
57;2021-03-03;2802;1606;70511;27448;6.8;2.6
57;2021-03-04;3267;1300;73778;28748;7.1;2.8
57;2021-03-05;4450;1233;78228;29981;7.6;2.9
57;2021-03-06;7234;777;85462;30758;8.3;3.0
57;2021-03-07;6071;268;91533;31026;8.8;3.0
57;2021-03-08;2297;1002;93830;32028;9.1;3.1
57;2021-03-09;3381;1298;97211;33326;9.4;3.2
57;2021-03-10;3570;956;100781;34282;9.7;3.3
57;2021-03-11;4031;1241;104812;35523;10.1;3.4
57;2021-03-12;5104;1209;109916;36732;10.6;3.5
57;2021-03-13;6281;972;116197;37704;11.2;3.6
57;2021-03-14;2423;417;118620;38121;11.5;3.7
57;2021-03-15;2957;869;121577;38990;11.7;3.8
57;2021-03-16;3060;1267;124637;40257;12.0;3.9
57;2021-03-17;3050;1135;127687;41392;12.3;4.0
57;2021-03-18;3399;1071;131086;42463;12.7;4.1
57;2021-03-19;4614;1023;135700;43486;13.1;4.2
57;2021-03-20;4695;1019;140395;44505;13.6;4.3
57;2021-03-21;1895;257;142290;44762;13.7;4.3
57;2021-03-22;2479;1469;144769;46231;14.0;4.5
57;2021-03-23;3438;2334;148207;48565;14.3;4.7
57;2021-03-24;3891;2144;152098;50709;14.7;4.9
57;2021-03-25;4736;2580;156834;53289;15.1;5.1
57;2021-03-26;4838;2253;161672;55542;15.6;5.4
57;2021-03-27;3709;3150;165381;58692;16.0;5.7
57;2021-03-28;1400;1847;166781;60539;16.1;5.8
57;2021-03-29;1937;2171;168718;62710;16.3;6.1
57;2021-03-30;3298;2483;172016;65193;16.6;6.3
57;2021-03-31;2820;2302;174836;67495;16.9;6.5
57;2021-04-01;3222;3169;178058;70664;17.2;6.8
57;2021-04-02;2390;2573;180448;73237;17.4;7.1
57;2021-04-03;2567;2663;183015;75900;17.7;7.3
57;2021-04-04;591;974;183606;76874;17.7;7.4
57;2021-04-05;1921;667;185527;77541;17.9;7.5
57;2021-04-06;2450;2829;187977;80370;18.1;7.8
57;2021-04-07;3809;3080;191786;83450;18.5;8.1
57;2021-04-08;5601;2864;197387;86314;19.1;8.3
57;2021-04-09;5008;2715;202395;89029;19.5;8.6
57;2021-04-10;2351;3633;204746;92662;19.8;8.9
57;2021-04-11;1097;1885;205843;94547;19.9;9.1
57;2021-04-12;1787;2753;207630;97300;20.0;9.4
57;2021-04-13;1974;3026;209604;100326;20.2;9.7
57;2021-04-14;1919;2986;211523;103312;20.4;10.0
57;2021-04-15;2363;3426;213886;106738;20.6;10.3
57;2021-04-16;2702;3282;216588;110020;20.9;10.6
57;2021-04-17;2471;3185;219059;113205;21.1;10.9
57;2021-04-18;1244;1775;220303;114980;21.3;11.1
57;2021-04-19;2139;2259;222442;117239;21.5;11.3
57;2021-04-20;2512;2779;224954;120018;21.7;11.6
57;2021-04-21;2568;2375;227522;122393;22.0;11.8
57;2021-04-22;3206;2249;230728;124642;22.3;12.0
57;2021-04-23;4055;2576;234783;127218;22.7;12.3
57;2021-04-24;3391;2554;238174;129772;23.0;12.5
57;2021-04-25;755;1127;238929;130899;23.1;12.6
57;2021-04-26;2970;1987;241899;132886;23.4;12.8
57;2021-04-27;3898;2370;245797;135256;23.7;13.1
57;2021-04-28;4212;2585;250009;137841;24.1;13.3
57;2021-04-29;5249;3438;255258;141279;24.6;13.6
57;2021-04-30;4724;3546;259982;144825;25.1;14.0
57;2021-05-01;2351;1683;262333;146508;25.3;14.1
57;2021-05-02;789;912;263122;147420;25.4;14.2
57;2021-05-03;3560;2986;266682;150406;25.7;14.5
57;2021-05-04;4871;3165;271553;153571;26.2;14.8
57;2021-05-05;6119;3167;277672;156738;26.8;15.1
57;2021-05-06;5989;3284;283661;160022;27.4;15.4
57;2021-05-07;6853;3444;290514;163466;28.0;15.8
57;2021-05-08;4048;1604;294562;165070;28.4;15.9
57;2021-05-09;2047;1109;296609;166179;28.6;16.0
57;2021-05-10;5127;3071;301736;169250;29.1;16.3
57;2021-05-11;7445;2850;309181;172100;29.8;16.6
57;2021-05-12;7839;3239;317020;175339;30.6;16.9
57;2021-05-13;4510;912;321530;176251;31.0;17.0
57;2021-05-14;7836;2635;329366;178886;31.8;17.3
57;2021-05-15;5961;2043;335327;180929;32.4;17.5
57;2021-05-16;3309;578;338636;181507;32.7;17.5
57;2021-05-17;3863;2066;342499;183573;33.1;17.7
57;2021-05-18;6288;2101;348787;185674;33.7;17.9
57;2021-05-19;7017;2327;355804;188001;34.3;18.1
57;2021-05-20;6045;2183;361849;190184;34.9;18.4
57;2021-05-21;7563;2914;369412;193098;35.7;18.6
57;2021-05-22;4893;2159;374305;195257;36.1;18.8
57;2021-05-23;1964;431;376269;195688;36.3;18.9
57;2021-05-24;3030;1068;379299;196756;36.6;19.0
57;2021-05-25;5575;2801;384874;199557;37.2;19.3
57;2021-05-26;6371;3178;391245;202735;37.8;19.6
57;2021-05-27;5790;3123;397035;205858;38.3;19.9
57;2021-05-28;7024;4743;404059;210601;39.0;20.3
57;2021-05-29;5222;4253;409281;214854;39.5;20.7
57;2021-05-30;1968;1743;411249;216597;39.7;20.9
57;2021-05-31;4317;3339;415566;219936;40.1;21.2
57;2021-06-01;5934;3707;421500;223643;40.7;21.6
57;2021-06-02;6340;3902;427840;227545;41.3;22.0
57;2021-06-03;6211;3696;434051;231241;41.9;22.3
57;2021-06-04;7558;4987;441609;236228;42.6;22.8
57;2021-06-05;4767;4030;446376;240258;43.1;23.2
57;2021-06-06;1994;891;448370;241149;43.3;23.3
57;2021-06-07;4319;4034;452689;245183;43.7;23.7
57;2021-06-08;6708;4304;459397;249487;44.3;24.1
57;2021-06-09;6867;4153;466264;253640;45.0;24.5
57;2021-06-10;6213;4581;472477;258221;45.6;24.9
57;2021-06-11;5358;5355;477835;263576;46.1;25.4
57;2021-06-12;5737;4451;483572;268027;46.7;25.9
57;2021-06-13;1497;1136;485069;269163;46.8;26.0
57;2021-06-14;3367;4708;488436;273871;47.2;26.4
57;2021-06-15;3803;6011;492239;279882;47.5;27.0
57;2021-06-16;4390;6592;496629;286474;47.9;27.7
57;2021-06-17;4190;6076;500819;292550;48.3;28.2
57;2021-06-18;4271;7302;505090;299852;48.8;28.9
57;2021-06-19;4132;6287;509222;306139;49.2;29.6
57;2021-06-20;964;1667;510186;307806;49.3;29.7
57;2021-06-21;2062;5973;512248;313779;49.5;30.3
57;2021-06-22;2633;7990;514881;321769;49.7;31.1
57;2021-06-23;3065;8384;517946;330153;50.0;31.9
57;2021-06-24;2449;5288;520395;335441;50.2;32.4
57;2021-06-25;2854;7826;523249;343267;50.5;33.1
57;2021-06-26;2853;7260;526102;350527;50.8;33.8
57;2021-06-27;749;2982;526851;353509;50.9;34.1
57;2021-06-28;1586;5076;528437;358585;51.0;34.6
57;2021-06-29;2072;6825;530509;365410;51.2;35.3
57;2021-06-30;3035;7313;533544;372723;51.5;36.0
57;2021-07-01;2664;5942;536208;378665;51.8;36.6
57;2021-07-02;2645;8077;538853;386742;52.0;37.3
57;2021-07-03;3224;6528;542077;393270;52.3;38.0
57;2021-07-04;942;2460;543019;395730;52.4;38.2
57;2021-07-05;1670;4607;544689;400337;52.6;38.6
57;2021-07-06;2400;6486;547089;406823;52.8;39.3
57;2021-07-07;2704;7085;549793;413908;53.1;40.0
57;2021-07-08;2460;5875;552253;419783;53.3;40.5
57;2021-07-09;3412;8417;555665;428200;53.6;41.3
57;2021-07-10;3083;6930;558748;435130;53.9;42.0
57;2021-07-11;845;2225;559593;437355;54.0;42.2
57;2021-07-12;2381;6415;561974;443770;54.3;42.8
57;2021-07-13;4370;7494;566344;451264;54.7;43.6
57;2021-07-14;2811;3851;569155;455115;54.9;43.9
57;2021-07-15;3912;7762;573067;462877;55.3;44.7
57;2021-07-16;5612;9809;578679;472686;55.9;45.6
57;2021-07-17;5797;7272;584476;479958;56.4;46.3
57;2021-07-18;1478;2652;585954;482610;56.6;46.6
57;2021-07-19;2348;6203;588302;488813;56.8;47.2
57;2021-07-20;4300;6903;592602;495716;57.2;47.9
57;2021-07-21;5262;6876;597864;502592;57.7;48.5
57;2021-07-22;5925;5944;603789;508536;58.3;49.1
57;2021-07-23;6988;6363;610777;514899;59.0;49.7
57;2021-07-24;4513;7015;615290;521914;59.4;50.4
57;2021-07-25;1332;1762;616622;523676;59.5;50.6
57;2021-07-26;3701;4485;620323;528161;59.9;51.0
57;2021-07-27;6812;4907;627135;533068;60.5;51.5
57;2021-07-28;7431;4506;634566;537574;61.3;51.9
57;2021-07-29;7566;4561;642132;542135;62.0;52.3
57;2021-07-30;6799;4829;648931;546964;62.6;52.8
57;2021-07-31;5641;4977;654572;551941;63.2;53.3
57;2021-08-01;2017;1096;656589;553037;63.4;53.4
58;2020-12-27;0;0;0;0;0.0;0.0
58;2020-12-28;0;0;0;0;0.0;0.0
58;2020-12-29;0;0;0;0;0.0;0.0
58;2020-12-30;0;0;0;0;0.0;0.0
58;2020-12-31;0;0;0;0;0.0;0.0
58;2021-01-01;0;0;0;0;0.0;0.0
58;2021-01-02;0;0;0;0;0.0;0.0
58;2021-01-03;1;0;1;0;0.0;0.0
58;2021-01-04;0;0;1;0;0.0;0.0
58;2021-01-05;0;0;1;0;0.0;0.0
58;2021-01-06;145;0;146;0;0.1;0.0
58;2021-01-07;241;0;387;0;0.2;0.0
58;2021-01-08;63;0;450;0;0.2;0.0
58;2021-01-09;1;0;451;0;0.2;0.0
58;2021-01-10;0;0;451;0;0.2;0.0
58;2021-01-11;54;0;505;0;0.3;0.0
58;2021-01-12;255;0;760;0;0.4;0.0
58;2021-01-13;402;0;1162;0;0.6;0.0
58;2021-01-14;291;1;1453;1;0.7;0.0
58;2021-01-15;141;0;1594;1;0.8;0.0
58;2021-01-16;10;1;1604;2;0.8;0.0
58;2021-01-17;0;0;1604;2;0.8;0.0
58;2021-01-18;413;1;2017;3;1.0;0.0
58;2021-01-19;986;2;3003;5;1.5;0.0
58;2021-01-20;1203;1;4206;6;2.1;0.0
58;2021-01-21;961;4;5167;10;2.6;0.0
58;2021-01-22;769;2;5936;12;3.0;0.0
58;2021-01-23;251;0;6187;12;3.1;0.0
58;2021-01-24;2;0;6189;12;3.1;0.0
58;2021-01-25;438;0;6627;12;3.3;0.0
58;2021-01-26;649;3;7276;15;3.6;0.0
58;2021-01-27;604;44;7880;59;3.9;0.0
58;2021-01-28;756;66;8636;125;4.3;0.1
58;2021-01-29;837;7;9473;132;4.7;0.1
58;2021-01-30;281;0;9754;132;4.9;0.1
58;2021-01-31;10;0;9764;132;4.9;0.1
58;2021-02-01;201;71;9965;203;5.0;0.1
58;2021-02-02;565;85;10530;288;5.3;0.1
58;2021-02-03;278;149;10808;437;5.4;0.2
58;2021-02-04;285;93;11093;530;5.6;0.3
58;2021-02-05;184;94;11277;624;5.6;0.3
58;2021-02-06;89;0;11366;624;5.7;0.3
58;2021-02-07;0;0;11366;624;5.7;0.3
58;2021-02-08;306;74;11672;698;5.8;0.3
58;2021-02-09;503;315;12175;1013;6.1;0.5
58;2021-02-10;349;381;12524;1394;6.3;0.7
58;2021-02-11;287;383;12811;1777;6.4;0.9
58;2021-02-12;243;201;13054;1978;6.5;1.0
58;2021-02-13;83;29;13137;2007;6.6;1.0
58;2021-02-14;0;3;13137;2010;6.6;1.0
58;2021-02-15;114;531;13251;2541;6.6;1.3
58;2021-02-16;208;941;13459;3482;6.7;1.7
58;2021-02-17;217;768;13676;4250;6.9;2.1
58;2021-02-18;187;792;13863;5042;6.9;2.5
58;2021-02-19;241;725;14104;5767;7.1;2.9
58;2021-02-20;62;230;14166;5997;7.1;3.0
58;2021-02-21;0;30;14166;6027;7.1;3.0
58;2021-02-22;76;405;14242;6432;7.1;3.2
58;2021-02-23;48;624;14290;7056;7.2;3.5
58;2021-02-24;39;634;14329;7690;7.2;3.9
58;2021-02-25;252;703;14581;8393;7.3;4.2
58;2021-02-26;246;624;14827;9017;7.4;4.5
58;2021-02-27;104;189;14931;9206;7.5;4.6
58;2021-02-28;11;8;14942;9214;7.5;4.6
58;2021-03-01;145;246;15087;9460;7.6;4.7
58;2021-03-02;415;643;15502;10103;7.8;5.1
58;2021-03-03;519;290;16021;10393;8.0;5.2
58;2021-03-04;723;276;16744;10669;8.4;5.3
58;2021-03-05;866;205;17610;10874;8.8;5.4
58;2021-03-06;574;84;18184;10958;9.1;5.5
58;2021-03-07;63;11;18247;10969;9.1;5.5
58;2021-03-08;151;298;18398;11267;9.2;5.6
58;2021-03-09;541;547;18939;11814;9.5;5.9
58;2021-03-10;837;241;19776;12055;9.9;6.0
58;2021-03-11;857;272;20633;12327;10.3;6.2
58;2021-03-12;862;198;21495;12525;10.8;6.3
58;2021-03-13;506;67;22001;12592;11.0;6.3
58;2021-03-14;34;0;22035;12592;11.0;6.3
58;2021-03-15;528;109;22563;12701;11.3;6.4
58;2021-03-16;726;221;23289;12922;11.7;6.5
58;2021-03-17;756;191;24045;13113;12.0;6.6
58;2021-03-18;582;175;24627;13288;12.3;6.7
58;2021-03-19;529;102;25156;13390;12.6;6.7
58;2021-03-20;322;63;25478;13453;12.8;6.7
58;2021-03-21;17;0;25495;13453;12.8;6.7
58;2021-03-22;794;21;26289;13474;13.2;6.8
58;2021-03-23;1636;40;27925;13514;14.0;6.8
58;2021-03-24;1359;71;29284;13585;14.7;6.8
58;2021-03-25;1840;41;31124;13626;15.6;6.8
58;2021-03-26;1413;50;32537;13676;16.3;6.9
58;2021-03-27;358;6;32895;13682;16.5;6.9
58;2021-03-28;20;0;32915;13682;16.5;6.9
58;2021-03-29;639;152;33554;13834;16.8;6.9
58;2021-03-30;1185;248;34739;14082;17.4;7.1
58;2021-03-31;1116;394;35855;14476;18.0;7.3
58;2021-04-01;1545;397;37400;14873;18.7;7.5
58;2021-04-02;1459;362;38859;15235;19.5;7.6
58;2021-04-03;566;148;39425;15383;19.8;7.7
58;2021-04-04;0;0;39425;15383;19.8;7.7
58;2021-04-05;46;0;39471;15383;19.8;7.7
58;2021-04-06;818;343;40289;15726;20.2;7.9
58;2021-04-07;695;548;40984;16274;20.5;8.2
58;2021-04-08;1493;420;42477;16694;21.3;8.4
58;2021-04-09;1772;480;44249;17174;22.2;8.6
58;2021-04-10;652;201;44901;17375;22.5;8.7
58;2021-04-11;17;3;44918;17378;22.5;8.7
58;2021-04-12;1117;502;46035;17880;23.1;9.0
58;2021-04-13;1437;623;47472;18503;23.8;9.3
58;2021-04-14;1338;672;48810;19175;24.5;9.6
58;2021-04-15;1433;598;50243;19773;25.2;9.9
58;2021-04-16;1734;509;51977;20282;26.0;10.2
58;2021-04-17;721;231;52698;20513;26.4;10.3
58;2021-04-18;20;7;52718;20520;26.4;10.3
58;2021-04-19;533;605;53251;21125;26.7;10.6
58;2021-04-20;486;1120;53737;22245;26.9;11.1
58;2021-04-21;625;970;54362;23215;27.2;11.6
58;2021-04-22;767;1523;55129;24738;27.6;12.4
58;2021-04-23;919;784;56048;25522;28.1;12.8
58;2021-04-24;211;204;56259;25726;28.2;12.9
58;2021-04-25;109;9;56368;25735;28.2;12.9
58;2021-04-26;762;246;57130;25981;28.6;13.0
58;2021-04-27;1499;1110;58629;27091;29.4;13.6
58;2021-04-28;1535;1047;60164;28138;30.1;14.1
58;2021-04-29;1442;1039;61606;29177;30.9;14.6
58;2021-04-30;1257;939;62863;30116;31.5;15.1
58;2021-05-01;6;17;62869;30133;31.5;15.1
58;2021-05-02;4;2;62873;30135;31.5;15.1
58;2021-05-03;1044;400;63917;30535;32.0;15.3
58;2021-05-04;1079;1346;64996;31881;32.6;16.0
58;2021-05-05;952;1091;65948;32972;33.0;16.5
58;2021-05-06;1358;1056;67306;34028;33.7;17.0
58;2021-05-07;1110;1087;68416;35115;34.3;17.6
58;2021-05-08;59;60;68475;35175;34.3;17.6
58;2021-05-09;5;19;68480;35194;34.3;17.6
58;2021-05-10;875;988;69355;36182;34.7;18.1
58;2021-05-11;1185;1981;70540;38163;35.3;19.1
58;2021-05-12;1663;1552;72203;39715;36.2;19.9
58;2021-05-13;50;180;72253;39895;36.2;20.0
58;2021-05-14;2308;906;74561;40801;37.4;20.4
58;2021-05-15;1725;457;76286;41258;38.2;20.7
58;2021-05-16;118;29;76404;41287;38.3;20.7
58;2021-05-17;792;606;77196;41893;38.7;21.0
58;2021-05-18;1333;1183;78529;43076;39.3;21.6
58;2021-05-19;1736;541;80265;43617;40.2;21.9
58;2021-05-20;1699;666;81964;44283;41.1;22.2
58;2021-05-21;855;727;82819;45010;41.5;22.6
58;2021-05-22;304;239;83123;45249;41.6;22.7
58;2021-05-23;2;21;83125;45270;41.6;22.7
58;2021-05-24;21;43;83146;45313;41.7;22.7
58;2021-05-25;1386;1152;84532;46465;42.4;23.3
58;2021-05-26;844;840;85376;47305;42.8;23.7
58;2021-05-27;750;942;86126;48247;43.2;24.2
58;2021-05-28;430;911;86556;49158;43.4;24.6
58;2021-05-29;151;212;86707;49370;43.4;24.7
58;2021-05-30;20;19;86727;49389;43.5;24.7
58;2021-05-31;757;397;87484;49786;43.8;24.9
58;2021-06-01;1372;1658;88856;51444;44.5;25.8
58;2021-06-02;1462;1042;90318;52486;45.3;26.3
58;2021-06-03;1025;958;91343;53444;45.8;26.8
58;2021-06-04;844;912;92187;54356;46.2;27.2
58;2021-06-05;272;262;92459;54618;46.3;27.4
58;2021-06-06;24;49;92483;54667;46.3;27.4
58;2021-06-07;713;789;93196;55456;46.7;27.8
58;2021-06-08;1324;1756;94520;57212;47.4;28.7
58;2021-06-09;1401;1005;95921;58217;48.1;29.2
58;2021-06-10;1108;981;97029;59198;48.6;29.7
58;2021-06-11;1030;906;98059;60104;49.1;30.1
58;2021-06-12;1055;415;99114;60519;49.7;30.3
58;2021-06-13;35;33;99149;60552;49.7;30.3
58;2021-06-14;516;1016;99665;61568;49.9;30.8
58;2021-06-15;1594;1755;101259;63323;50.7;31.7
58;2021-06-16;1805;992;103064;64315;51.6;32.2
58;2021-06-17;2023;1111;105087;65426;52.6;32.8
58;2021-06-18;984;1062;106071;66488;53.1;33.3
58;2021-06-19;581;319;106652;66807;53.4;33.5
58;2021-06-20;8;2;106660;66809;53.4;33.5
58;2021-06-21;472;550;107132;67359;53.7;33.7
58;2021-06-22;1027;1963;108159;69322;54.2;34.7
58;2021-06-23;1474;1510;109633;70832;54.9;35.5
58;2021-06-24;728;1028;110361;71860;55.3;36.0
58;2021-06-25;825;1714;111186;73574;55.7;36.9
58;2021-06-26;553;1226;111739;74800;56.0;37.5
58;2021-06-27;17;26;111756;74826;56.0;37.5
58;2021-06-28;459;988;112215;75814;56.2;38.0
58;2021-06-29;621;2166;112836;77980;56.5;39.1
58;2021-06-30;996;1621;113832;79601;57.0;39.9
58;2021-07-01;754;1674;114586;81275;57.4;40.7
58;2021-07-02;451;849;115037;82124;57.6;41.1
58;2021-07-03;248;512;115285;82636;57.8;41.4
58;2021-07-04;12;30;115297;82666;57.8;41.4
58;2021-07-05;509;770;115806;83436;58.0;41.8
58;2021-07-06;692;2127;116498;85563;58.4;42.9
58;2021-07-07;379;960;116877;86523;58.6;43.3
58;2021-07-08;394;1021;117271;87544;58.8;43.9
58;2021-07-09;709;1421;117980;88965;59.1;44.6
58;2021-07-10;260;413;118240;89378;59.2;44.8
58;2021-07-11;175;52;118415;89430;59.3;44.8
58;2021-07-12;198;969;118613;90399;59.4;45.3
58;2021-07-13;927;2502;119540;92901;59.9;46.5
58;2021-07-14;27;62;119567;92963;59.9;46.6
58;2021-07-15;1125;1941;120692;94904;60.5;47.5
58;2021-07-16;1406;1444;122098;96348;61.2;48.3
58;2021-07-17;461;286;122559;96634;61.4;48.4
58;2021-07-18;102;21;122661;96655;61.5;48.4
58;2021-07-19;1643;995;124304;97650;62.3;48.9
58;2021-07-20;1402;2456;125706;100106;63.0;50.2
58;2021-07-21;1181;2035;126887;102141;63.6;51.2
58;2021-07-22;1132;1670;128019;103811;64.1;52.0
58;2021-07-23;1256;1444;129275;105255;64.8;52.7
58;2021-07-24;992;1268;130267;106523;65.3;53.4
58;2021-07-25;88;39;130355;106562;65.3;53.4
58;2021-07-26;976;859;131331;107421;65.8;53.8
58;2021-07-27;1558;2577;132889;109998;66.6;55.1
58;2021-07-28;1569;1960;134458;111958;67.4;56.1
58;2021-07-29;1564;1612;136022;113570;68.1;56.9
58;2021-07-30;1452;1417;137474;114987;68.9;57.6
58;2021-07-31;496;519;137970;115506;69.1;57.9
58;2021-08-01;28;12;137998;115518;69.1;57.9
59;2020-12-27;1;0;1;0;0.0;0.0
59;2020-12-28;26;0;27;0;0.0;0.0
59;2020-12-29;0;0;27;0;0.0;0.0
59;2020-12-30;0;0;27;0;0.0;0.0
59;2020-12-31;0;0;27;0;0.0;0.0
59;2021-01-01;2;0;29;0;0.0;0.0
59;2021-01-02;1;0;30;0;0.0;0.0
59;2021-01-03;2;0;32;0;0.0;0.0
59;2021-01-04;79;0;111;0;0.0;0.0
59;2021-01-05;217;0;328;0;0.0;0.0
59;2021-01-06;429;2;757;2;0.0;0.0
59;2021-01-07;1312;0;2069;2;0.1;0.0
59;2021-01-08;1262;4;3331;6;0.1;0.0
59;2021-01-09;609;3;3940;9;0.2;0.0
59;2021-01-10;427;0;4367;9;0.2;0.0
59;2021-01-11;1841;5;6208;14;0.2;0.0
59;2021-01-12;2470;2;8678;16;0.3;0.0
59;2021-01-13;2360;3;11038;19;0.4;0.0
59;2021-01-14;2752;21;13790;40;0.5;0.0
59;2021-01-15;2272;16;16062;56;0.6;0.0
59;2021-01-16;770;1;16832;57;0.7;0.0
59;2021-01-17;559;1;17391;58;0.7;0.0
59;2021-01-18;3505;14;20896;72;0.8;0.0
59;2021-01-19;4746;9;25642;81;1.0;0.0
59;2021-01-20;4129;12;29771;93;1.1;0.0
59;2021-01-21;4722;38;34493;131;1.3;0.0
59;2021-01-22;4013;11;38506;142;1.5;0.0
59;2021-01-23;1212;3;39718;145;1.5;0.0
59;2021-01-24;168;0;39886;145;1.5;0.0
59;2021-01-25;2728;59;42614;204;1.6;0.0
59;2021-01-26;2801;136;45415;340;1.8;0.0
59;2021-01-27;1735;308;47150;648;1.8;0.0
59;2021-01-28;3395;764;50545;1412;2.0;0.1
59;2021-01-29;2539;792;53084;2204;2.1;0.1
59;2021-01-30;287;178;53371;2382;2.1;0.1
59;2021-01-31;24;0;53395;2382;2.1;0.1
59;2021-02-01;75;865;53470;3247;2.1;0.1
59;2021-02-02;679;1435;54149;4682;2.1;0.2
59;2021-02-03;3740;1438;57889;6120;2.2;0.2
59;2021-02-04;2957;1742;60846;7862;2.4;0.3
59;2021-02-05;1048;1410;61894;9272;2.4;0.4
59;2021-02-06;206;355;62100;9627;2.4;0.4
59;2021-02-07;266;49;62366;9676;2.4;0.4
59;2021-02-08;683;1627;63049;11303;2.4;0.4
59;2021-02-09;1007;1854;64056;13157;2.5;0.5
59;2021-02-10;973;1639;65029;14796;2.5;0.6
59;2021-02-11;1340;1813;66369;16609;2.6;0.6
59;2021-02-12;1404;1643;67773;18252;2.6;0.7
59;2021-02-13;207;749;67980;19001;2.6;0.7
59;2021-02-14;13;42;67993;19043;2.6;0.7
59;2021-02-15;1391;3128;69384;22171;2.7;0.9
59;2021-02-16;1433;3778;70817;25949;2.7;1.0
59;2021-02-17;1619;3834;72436;29783;2.8;1.2
59;2021-02-18;3100;5194;75536;34977;2.9;1.4
59;2021-02-19;3208;3616;78744;38593;3.0;1.5
59;2021-02-20;1411;1591;80155;40184;3.1;1.6
59;2021-02-21;242;262;80397;40446;3.1;1.6
59;2021-02-22;1432;2594;81829;43040;3.2;1.7
59;2021-02-23;2657;2866;84486;45906;3.3;1.8
59;2021-02-24;4106;4054;88592;49960;3.4;1.9
59;2021-02-25;6914;3717;95506;53677;3.7;2.1
59;2021-02-26;6495;1887;102001;55564;3.9;2.1
59;2021-02-27;3093;174;105094;55738;4.1;2.2
59;2021-02-28;207;59;105301;55797;4.1;2.2
59;2021-03-01;3690;657;108991;56454;4.2;2.2
59;2021-03-02;4787;558;113778;57012;4.4;2.2
59;2021-03-03;5741;976;119519;57988;4.6;2.2
59;2021-03-04;7075;928;126594;58916;4.9;2.3
59;2021-03-05;7813;958;134407;59874;5.2;2.3
59;2021-03-06;11551;503;145958;60377;5.6;2.3
59;2021-03-07;7581;331;153539;60708;5.9;2.3
59;2021-03-08;4494;1086;158033;61794;6.1;2.4
59;2021-03-09;6577;1392;164610;63186;6.4;2.4
59;2021-03-10;7019;1162;171629;64348;6.6;2.5
59;2021-03-11;9467;1835;181096;66183;7.0;2.6
59;2021-03-12;12135;1477;193231;67660;7.5;2.6
59;2021-03-13;16547;1018;209778;68678;8.1;2.7
59;2021-03-14;6958;303;216736;68981;8.4;2.7
59;2021-03-15;5608;1486;222344;70467;8.6;2.7
59;2021-03-16;3736;1312;226080;71779;8.7;2.8
59;2021-03-17;3850;2082;229930;73861;8.9;2.9
59;2021-03-18;3951;2487;233881;76348;9.0;2.9
59;2021-03-19;7723;1803;241604;78151;9.3;3.0
59;2021-03-20;16008;1224;257612;79375;10.0;3.1
59;2021-03-21;6309;424;263921;79799;10.2;3.1
59;2021-03-22;5442;1768;269363;81567;10.4;3.2
59;2021-03-23;7764;2806;277127;84373;10.7;3.3
59;2021-03-24;6861;2949;283988;87322;11.0;3.4
59;2021-03-25;10519;2515;294507;89837;11.4;3.5
59;2021-03-26;12244;2821;306751;92658;11.8;3.6
59;2021-03-27;15267;1086;322018;93744;12.4;3.6
59;2021-03-28;7977;332;329995;94076;12.7;3.6
59;2021-03-29;5493;3198;335488;97274;13.0;3.8
59;2021-03-30;7535;3714;343023;100988;13.2;3.9
59;2021-03-31;6144;4086;349167;105074;13.5;4.1
59;2021-04-01;7485;4894;356652;109968;13.8;4.2
59;2021-04-02;7629;5503;364281;115471;14.1;4.5
59;2021-04-03;13012;4279;377293;119750;14.6;4.6
59;2021-04-04;5348;2175;382641;121925;14.8;4.7
59;2021-04-05;6007;1530;388648;123455;15.0;4.8
59;2021-04-06;5396;4482;394044;127937;15.2;4.9
59;2021-04-07;7624;5409;401668;133346;15.5;5.2
59;2021-04-08;10385;5708;412053;139054;15.9;5.4
59;2021-04-09;13417;5898;425470;144952;16.4;5.6
59;2021-04-10;11472;6117;436942;151069;16.9;5.8
59;2021-04-11;4633;3565;441575;154634;17.1;6.0
59;2021-04-12;6309;4333;447884;158967;17.3;6.1
59;2021-04-13;8928;4767;456812;163734;17.6;6.3
59;2021-04-14;8790;4316;465602;168050;18.0;6.5
59;2021-04-15;10302;4817;475904;172867;18.4;6.7
59;2021-04-16;10882;5488;486786;178355;18.8;6.9
59;2021-04-17;7296;9071;494082;187426;19.1;7.2
59;2021-04-18;3230;4168;497312;191594;19.2;7.4
59;2021-04-19;5046;4301;502358;195895;19.4;7.6
59;2021-04-20;6895;4207;509253;200102;19.7;7.7
59;2021-04-21;6244;4409;515497;204511;19.9;7.9
59;2021-04-22;8591;5495;524088;210006;20.2;8.1
59;2021-04-23;8450;5662;532538;215668;20.6;8.3
59;2021-04-24;5537;8061;538075;223729;20.8;8.6
59;2021-04-25;3239;6078;541314;229807;20.9;8.9
59;2021-04-26;6490;3785;547804;233592;21.2;9.0
59;2021-04-27;8360;5180;556164;238772;21.5;9.2
59;2021-04-28;8761;6560;564925;245332;21.8;9.5
59;2021-04-29;9407;8555;574332;253887;22.2;9.8
59;2021-04-30;10597;8529;584929;262416;22.6;10.1
59;2021-05-01;11995;7578;596924;269994;23.1;10.4
59;2021-05-02;8646;5981;605570;275975;23.4;10.7
59;2021-05-03;9553;5059;615123;281034;23.8;10.9
59;2021-05-04;11425;6002;626548;287036;24.2;11.1
59;2021-05-05;10292;6206;636840;293242;24.6;11.3
59;2021-05-06;11191;8443;648031;301685;25.0;11.7
59;2021-05-07;13290;9618;661321;311303;25.5;12.0
59;2021-05-08;14728;4151;676049;315454;26.1;12.2
59;2021-05-09;11494;3332;687543;318786;26.6;12.3
59;2021-05-10;12729;6629;700272;325415;27.0;12.6
59;2021-05-11;15112;8329;715384;333744;27.6;12.9
59;2021-05-12;16620;8627;732004;342371;28.3;13.2
59;2021-05-13;18437;3438;750441;345809;29.0;13.4
59;2021-05-14;15779;6954;766220;352763;29.6;13.6
59;2021-05-15;23438;5296;789658;358059;30.5;13.8
59;2021-05-16;21184;2401;810842;360460;31.3;13.9
59;2021-05-17;15072;5267;825914;365727;31.9;14.1
59;2021-05-18;16915;5658;842829;371385;32.6;14.3
59;2021-05-19;18314;5084;861143;376469;33.3;14.5
59;2021-05-20;17926;7011;879069;383480;34.0;14.8
59;2021-05-21;18366;8282;897435;391762;34.7;15.1
59;2021-05-22;23809;5685;921244;397447;35.6;15.4
59;2021-05-23;17921;2260;939165;399707;36.3;15.4
59;2021-05-24;16689;2117;955854;401824;36.9;15.5
59;2021-05-25;14990;6672;970844;408496;37.5;15.8
59;2021-05-26;15890;7039;986734;415535;38.1;16.1
59;2021-05-27;16142;9176;1002876;424711;38.7;16.4
59;2021-05-28;15882;11468;1018758;436179;39.3;16.8
59;2021-05-29;14363;8727;1033121;444906;39.9;17.2
59;2021-05-30;8402;1836;1041523;446742;40.2;17.3
59;2021-05-31;14200;7958;1055723;454700;40.8;17.6
59;2021-06-01;15087;10418;1070810;465118;41.4;18.0
59;2021-06-02;14762;9924;1085572;475042;41.9;18.3
59;2021-06-03;15629;12121;1101201;487163;42.5;18.8
59;2021-06-04;15587;13491;1116788;500654;43.1;19.3
59;2021-06-05;14973;9332;1131761;509986;43.7;19.7
59;2021-06-06;8827;3200;1140588;513186;44.1;19.8
59;2021-06-07;10524;9442;1151112;522628;44.5;20.2
59;2021-06-08;11753;11075;1162865;533703;44.9;20.6
59;2021-06-09;10759;11914;1173624;545617;45.3;21.1
59;2021-06-10;11488;12310;1185112;557927;45.8;21.6
59;2021-06-11;10974;16021;1196086;573948;46.2;22.2
59;2021-06-12;11074;13675;1207160;587623;46.6;22.7
59;2021-06-13;6336;7025;1213496;594648;46.9;23.0
59;2021-06-14;6497;12692;1219993;607340;47.1;23.5
59;2021-06-15;8229;15954;1228222;623294;47.4;24.1
59;2021-06-16;9199;13547;1237421;636841;47.8;24.6
59;2021-06-17;9180;15639;1246601;652480;48.2;25.2
59;2021-06-18;9072;20043;1255673;672523;48.5;26.0
59;2021-06-19;8952;17477;1264625;690000;48.8;26.7
59;2021-06-20;4895;10195;1269520;700195;49.0;27.0
59;2021-06-21;5272;15978;1274792;716173;49.2;27.7
59;2021-06-22;6314;18689;1281106;734862;49.5;28.4
59;2021-06-23;6140;19068;1287246;753930;49.7;29.1
59;2021-06-24;7320;20521;1294566;774451;50.0;29.9
59;2021-06-25;6496;21202;1301062;795653;50.3;30.7
59;2021-06-26;6480;23760;1307542;819413;50.5;31.6
59;2021-06-27;4750;17080;1312292;836493;50.7;32.3
59;2021-06-28;4985;19826;1317277;856319;50.9;33.1
59;2021-06-29;5518;20366;1322795;876685;51.1;33.9
59;2021-06-30;6105;20098;1328900;896783;51.3;34.6
59;2021-07-01;6721;20846;1335621;917629;51.6;35.4
59;2021-07-02;6798;23238;1342419;940867;51.9;36.3
59;2021-07-03;5545;24613;1347964;965480;52.1;37.3
59;2021-07-04;4402;15981;1352366;981461;52.2;37.9
59;2021-07-05;5632;17492;1357998;998953;52.5;38.6
59;2021-07-06;6572;18821;1364570;1017774;52.7;39.3
59;2021-07-07;6799;17484;1371369;1035258;53.0;40.0
59;2021-07-08;7979;17714;1379348;1052972;53.3;40.7
59;2021-07-09;7680;20308;1387028;1073280;53.6;41.5
59;2021-07-10;7418;18543;1394446;1091823;53.9;42.2
59;2021-07-11;4440;10233;1398886;1102056;54.0;42.6
59;2021-07-12;5821;18049;1404707;1120105;54.3;43.3
59;2021-07-13;9850;20756;1414557;1140861;54.6;44.1
59;2021-07-14;9756;8453;1424313;1149314;55.0;44.4
59;2021-07-15;11574;20410;1435887;1169724;55.5;45.2
59;2021-07-16;13137;20491;1449024;1190215;56.0;46.0
59;2021-07-17;12346;17425;1461370;1207640;56.4;46.6
59;2021-07-18;7922;8677;1469292;1216317;56.8;47.0
59;2021-07-19;10343;16426;1479635;1232743;57.2;47.6
59;2021-07-20;13339;17102;1492974;1249845;57.7;48.3
59;2021-07-21;14467;15545;1507441;1265390;58.2;48.9
59;2021-07-22;16951;15156;1524392;1280546;58.9;49.5
59;2021-07-23;15671;15787;1540063;1296333;59.5;50.1
59;2021-07-24;16298;12206;1556361;1308539;60.1;50.5
59;2021-07-25;11893;7261;1568254;1315800;60.6;50.8
59;2021-07-26;12990;12533;1581244;1328333;61.1;51.3
59;2021-07-27;16070;11874;1597314;1340207;61.7;51.8
59;2021-07-28;17325;11552;1614639;1351759;62.4;52.2
59;2021-07-29;17283;11557;1631922;1363316;63.0;52.7
59;2021-07-30;15772;11459;1647694;1374775;63.6;53.1
59;2021-07-31;13753;8987;1661447;1383762;64.2;53.4
59;2021-08-01;9916;4388;1671363;1388150;64.6;53.6
60;2020-12-27;0;0;0;0;0.0;0.0
60;2020-12-28;0;0;0;0;0.0;0.0
60;2020-12-29;1;0;1;0;0.0;0.0
60;2020-12-30;0;0;1;0;0.0;0.0
60;2020-12-31;0;0;1;0;0.0;0.0
60;2021-01-01;0;0;1;0;0.0;0.0
60;2021-01-02;5;0;6;0;0.0;0.0
60;2021-01-03;1;0;7;0;0.0;0.0
60;2021-01-04;1;0;8;0;0.0;0.0
60;2021-01-05;37;0;45;0;0.0;0.0
60;2021-01-06;188;4;233;4;0.0;0.0
60;2021-01-07;236;4;469;8;0.1;0.0
60;2021-01-08;379;3;848;11;0.1;0.0
60;2021-01-09;3;0;851;11;0.1;0.0
60;2021-01-10;60;0;911;11;0.1;0.0
60;2021-01-11;342;2;1253;13;0.2;0.0
60;2021-01-12;534;2;1787;15;0.2;0.0
60;2021-01-13;476;5;2263;20;0.3;0.0
60;2021-01-14;507;5;2770;25;0.3;0.0
60;2021-01-15;700;6;3470;31;0.4;0.0
60;2021-01-16;124;1;3594;32;0.4;0.0
60;2021-01-17;31;0;3625;32;0.4;0.0
60;2021-01-18;859;5;4484;37;0.5;0.0
60;2021-01-19;1168;10;5652;47;0.7;0.0
60;2021-01-20;1687;10;7339;57;0.9;0.0
60;2021-01-21;2186;9;9525;66;1.2;0.0
60;2021-01-22;1523;13;11048;79;1.3;0.0
60;2021-01-23;499;3;11547;82;1.4;0.0
60;2021-01-24;61;1;11608;83;1.4;0.0
60;2021-01-25;893;12;12501;95;1.5;0.0
60;2021-01-26;949;13;13450;108;1.6;0.0
60;2021-01-27;640;8;14090;116;1.7;0.0
60;2021-01-28;395;169;14485;285;1.8;0.0
60;2021-01-29;77;106;14562;391;1.8;0.0
60;2021-01-30;0;1;14562;392;1.8;0.0
60;2021-01-31;22;61;14584;453;1.8;0.1
60;2021-02-01;38;108;14622;561;1.8;0.1
60;2021-02-02;26;161;14648;722;1.8;0.1
60;2021-02-03;161;238;14809;960;1.8;0.1
60;2021-02-04;169;340;14978;1300;1.8;0.2
60;2021-02-05;313;476;15291;1776;1.9;0.2
60;2021-02-06;63;79;15354;1855;1.9;0.2
60;2021-02-07;31;32;15385;1887;1.9;0.2
60;2021-02-08;326;517;15711;2404;1.9;0.3
60;2021-02-09;317;466;16028;2870;1.9;0.3
60;2021-02-10;552;993;16580;3863;2.0;0.5
60;2021-02-11;935;1127;17515;4990;2.1;0.6
60;2021-02-12;911;858;18426;5848;2.2;0.7
60;2021-02-13;90;309;18516;6157;2.2;0.7
60;2021-02-14;24;92;18540;6249;2.2;0.8
60;2021-02-15;613;808;19153;7057;2.3;0.9
60;2021-02-16;581;928;19734;7985;2.4;1.0
60;2021-02-17;631;930;20365;8915;2.5;1.1
60;2021-02-18;684;823;21049;9738;2.6;1.2
60;2021-02-19;641;764;21690;10502;2.6;1.3
60;2021-02-20;103;190;21793;10692;2.6;1.3
60;2021-02-21;22;121;21815;10813;2.6;1.3
60;2021-02-22;463;877;22278;11690;2.7;1.4
60;2021-02-23;533;787;22811;12477;2.8;1.5
60;2021-02-24;793;548;23604;13025;2.9;1.6
60;2021-02-25;1095;306;24699;13331;3.0;1.6
60;2021-02-26;1296;184;25995;13515;3.2;1.6
60;2021-02-27;666;35;26661;13550;3.2;1.6
60;2021-02-28;7;10;26668;13560;3.2;1.6
60;2021-03-01;893;47;27561;13607;3.3;1.6
60;2021-03-02;1013;158;28574;13765;3.5;1.7
60;2021-03-03;1318;443;29892;14208;3.6;1.7
60;2021-03-04;1722;515;31614;14723;3.8;1.8
60;2021-03-05;1820;284;33434;15007;4.1;1.8
60;2021-03-06;1919;130;35353;15137;4.3;1.8
60;2021-03-07;885;30;36238;15167;4.4;1.8
60;2021-03-08;977;312;37215;15479;4.5;1.9
60;2021-03-09;1641;357;38856;15836;4.7;1.9
60;2021-03-10;1937;422;40793;16258;4.9;2.0
60;2021-03-11;2322;380;43115;16638;5.2;2.0
60;2021-03-12;2591;537;45706;17175;5.5;2.1
60;2021-03-13;3834;200;49540;17375;6.0;2.1
60;2021-03-14;1779;52;51319;17427;6.2;2.1
60;2021-03-15;2091;495;53410;17922;6.5;2.2
60;2021-03-16;1583;620;54993;18542;6.7;2.2
60;2021-03-17;1656;610;56649;19152;6.9;2.3
60;2021-03-18;1759;725;58408;19877;7.1;2.4
60;2021-03-19;2589;521;60997;20398;7.4;2.5
60;2021-03-20;3233;180;64230;20578;7.8;2.5
60;2021-03-21;2124;93;66354;20671;8.0;2.5
60;2021-03-22;2134;708;68488;21379;8.3;2.6
60;2021-03-23;3307;717;71795;22096;8.7;2.7
60;2021-03-24;3071;870;74866;22966;9.1;2.8
60;2021-03-25;3850;837;78716;23803;9.5;2.9
60;2021-03-26;4213;869;82929;24672;10.1;3.0
60;2021-03-27;4141;301;87070;24973;10.6;3.0
60;2021-03-28;2448;73;89518;25046;10.8;3.0
60;2021-03-29;2608;1079;92126;26125;11.2;3.2
60;2021-03-30;3283;1064;95409;27189;11.6;3.3
60;2021-03-31;2668;1139;98077;28328;11.9;3.4
60;2021-04-01;2561;1098;100638;29426;12.2;3.6
60;2021-04-02;3309;1094;103947;30520;12.6;3.7
60;2021-04-03;3168;1004;107115;31524;13.0;3.8
60;2021-04-04;874;482;107989;32006;13.1;3.9
60;2021-04-05;458;81;108447;32087;13.1;3.9
60;2021-04-06;1964;1621;110411;33708;13.4;4.1
60;2021-04-07;1980;1745;112391;35453;13.6;4.3
60;2021-04-08;2611;1484;115002;36937;13.9;4.5
60;2021-04-09;2997;1512;117999;38449;14.3;4.7
60;2021-04-10;2926;1585;120925;40034;14.7;4.9
60;2021-04-11;1049;991;121974;41025;14.8;5.0
60;2021-04-12;2047;1719;124021;42744;15.0;5.2
60;2021-04-13;2746;1781;126767;44525;15.4;5.4
60;2021-04-14;3115;1806;129882;46331;15.7;5.6
60;2021-04-15;3544;1879;133426;48210;16.2;5.8
60;2021-04-16;3286;1942;136712;50152;16.6;6.1
60;2021-04-17;2846;2163;139558;52315;16.9;6.3
60;2021-04-18;572;1834;140130;54149;17.0;6.6
60;2021-04-19;1741;2209;141871;56358;17.2;6.8
60;2021-04-20;2129;2671;144000;59029;17.5;7.2
60;2021-04-21;2653;2203;146653;61232;17.8;7.4
60;2021-04-22;2629;2505;149282;63737;18.1;7.7
60;2021-04-23;2645;2496;151927;66233;18.4;8.0
60;2021-04-24;2471;3456;154398;69689;18.7;8.4
60;2021-04-25;1160;1964;155558;71653;18.9;8.7
60;2021-04-26;1889;2525;157447;74178;19.1;9.0
60;2021-04-27;2308;2845;159755;77023;19.4;9.3
60;2021-04-28;3063;2396;162818;79419;19.7;9.6
60;2021-04-29;3151;2623;165969;82042;20.1;9.9
60;2021-04-30;3458;2967;169427;85009;20.5;10.3
60;2021-05-01;2353;1122;171780;86131;20.8;10.4
60;2021-05-02;2145;836;173925;86967;21.1;10.5
60;2021-05-03;2954;1849;176879;88816;21.4;10.8
60;2021-05-04;3019;2354;179898;91170;21.8;11.0
60;2021-05-05;3255;2805;183153;93975;22.2;11.4
60;2021-05-06;3648;2476;186801;96451;22.6;11.7
60;2021-05-07;3986;2520;190787;98971;23.1;12.0
60;2021-05-08;3583;966;194370;99937;23.6;12.1
60;2021-05-09;3459;949;197829;100886;24.0;12.2
60;2021-05-10;2392;2293;200221;103179;24.3;12.5
60;2021-05-11;3662;2469;203883;105648;24.7;12.8
60;2021-05-12;4716;2550;208599;108198;25.3;13.1
60;2021-05-13;5293;1122;213892;109320;25.9;13.2
60;2021-05-14;5604;1808;219496;111128;26.6;13.5
60;2021-05-15;6172;1705;225668;112833;27.4;13.7
60;2021-05-16;4859;685;230527;113518;27.9;13.8
60;2021-05-17;3714;1671;234241;115189;28.4;14.0
60;2021-05-18;4049;2080;238290;117269;28.9;14.2
60;2021-05-19;5095;1851;243385;119120;29.5;14.4
60;2021-05-20;5458;1792;248843;120912;30.2;14.7
60;2021-05-21;5971;1970;254814;122882;30.9;14.9
60;2021-05-22;5354;1978;260168;124860;31.5;15.1
60;2021-05-23;4268;651;264436;125511;32.0;15.2
60;2021-05-24;2950;534;267386;126045;32.4;15.3
60;2021-05-25;4137;1996;271523;128041;32.9;15.5
60;2021-05-26;4465;1830;275988;129871;33.4;15.7
60;2021-05-27;4610;1993;280598;131864;34.0;16.0
60;2021-05-28;4620;2508;285218;134372;34.6;16.3
60;2021-05-29;4613;2274;289831;136646;35.1;16.6
60;2021-05-30;1086;351;290917;136997;35.3;16.6
60;2021-05-31;3830;2080;294747;139077;35.7;16.9
60;2021-06-01;4442;2850;299189;141927;36.3;17.2
60;2021-06-02;3908;2445;303097;144372;36.7;17.5
60;2021-06-03;3903;2377;307000;146749;37.2;17.8
60;2021-06-04;4651;2904;311651;149653;37.8;18.1
60;2021-06-05;4301;3415;315952;153068;38.3;18.6
60;2021-06-06;2156;793;318108;153861;38.6;18.6
60;2021-06-07;2777;2751;320885;156612;38.9;19.0
60;2021-06-08;3800;3004;324685;159616;39.4;19.3
60;2021-06-09;3245;3395;327930;163011;39.7;19.8
60;2021-06-10;3451;3365;331381;166376;40.2;20.2
60;2021-06-11;3879;4196;335260;170572;40.6;20.7
60;2021-06-12;3778;4275;339038;174847;41.1;21.2
60;2021-06-13;1156;2225;340194;177072;41.2;21.5
60;2021-06-14;1907;3305;342101;180377;41.5;21.9
60;2021-06-15;3015;4164;345116;184541;41.8;22.4
60;2021-06-16;3251;4493;348367;189034;42.2;22.9
60;2021-06-17;2976;4783;351343;193817;42.6;23.5
60;2021-06-18;2982;4599;354325;198416;42.9;24.0
60;2021-06-19;3142;4724;357467;203140;43.3;24.6
60;2021-06-20;1432;1934;358899;205074;43.5;24.9
60;2021-06-21;1408;4039;360307;209113;43.7;25.3
60;2021-06-22;1757;5290;362064;214403;43.9;26.0
60;2021-06-23;1860;5238;363924;219641;44.1;26.6
60;2021-06-24;1800;5599;365724;225240;44.3;27.3
60;2021-06-25;1901;5730;367625;230970;44.6;28.0
60;2021-06-26;1855;6984;369480;237954;44.8;28.8
60;2021-06-27;714;2594;370194;240548;44.9;29.2
60;2021-06-28;1779;4144;371973;244692;45.1;29.7
60;2021-06-29;2006;5466;373979;250158;45.3;30.3
60;2021-06-30;2280;5360;376259;255518;45.6;31.0
60;2021-07-01;1879;4922;378138;260440;45.8;31.6
60;2021-07-02;2355;5885;380493;266325;46.1;32.3
60;2021-07-03;2393;6170;382886;272495;46.4;33.0
60;2021-07-04;790;2730;383676;275225;46.5;33.4
60;2021-07-05;1650;4403;385326;279628;46.7;33.9
60;2021-07-06;2134;4507;387460;284135;47.0;34.4
60;2021-07-07;2167;5129;389627;289264;47.2;35.1
60;2021-07-08;2664;4700;392291;293964;47.5;35.6
60;2021-07-09;2634;5559;394925;299523;47.9;36.3
60;2021-07-10;2573;5873;397498;305396;48.2;37.0
60;2021-07-11;1212;1942;398710;307338;48.3;37.2
60;2021-07-12;1421;4758;400131;312096;48.5;37.8
60;2021-07-13;2903;5024;403034;317120;48.8;38.4
60;2021-07-14;2571;1402;405605;318522;49.2;38.6
60;2021-07-15;3420;4863;409025;323385;49.6;39.2
60;2021-07-16;3670;5238;412695;328623;50.0;39.8
60;2021-07-17;4065;5133;416760;333756;50.5;40.5
60;2021-07-18;2178;2118;418938;335874;50.8;40.7
60;2021-07-19;2532;3896;421470;339770;51.1;41.2
60;2021-07-20;4169;4899;425639;344669;51.6;41.8
60;2021-07-21;4313;4265;429952;348934;52.1;42.3
60;2021-07-22;4615;4311;434567;353245;52.7;42.8
60;2021-07-23;4960;4879;439527;358124;53.3;43.4
60;2021-07-24;4283;4641;443810;362765;53.8;44.0
60;2021-07-25;2596;1814;446406;364579;54.1;44.2
60;2021-07-26;3358;3753;449764;368332;54.5;44.6
60;2021-07-27;4407;4613;454171;372945;55.0;45.2
60;2021-07-28;4522;3753;458693;376698;55.6;45.7
60;2021-07-29;4888;3683;463581;380381;56.2;46.1
60;2021-07-30;4979;4218;468560;384599;56.8;46.6
60;2021-07-31;4024;3915;472584;388514;57.3;47.1
60;2021-08-01;1670;846;474254;389360;57.5;47.2
61;2020-12-27;0;0;0;0;0.0;0.0
61;2020-12-28;0;0;0;0;0.0;0.0
61;2020-12-29;0;0;0;0;0.0;0.0
61;2020-12-30;0;0;0;0;0.0;0.0
61;2020-12-31;0;0;0;0;0.0;0.0
61;2021-01-01;1;0;1;0;0.0;0.0
61;2021-01-02;1;0;2;0;0.0;0.0
61;2021-01-03;0;0;2;0;0.0;0.0
61;2021-01-04;1;0;3;0;0.0;0.0
61;2021-01-05;3;0;6;0;0.0;0.0
61;2021-01-06;76;0;82;0;0.0;0.0
61;2021-01-07;175;2;257;2;0.1;0.0
61;2021-01-08;406;1;663;3;0.2;0.0
61;2021-01-09;165;1;828;4;0.3;0.0
61;2021-01-10;49;0;877;4;0.3;0.0
61;2021-01-11;396;1;1273;5;0.5;0.0
61;2021-01-12;680;2;1953;7;0.7;0.0
61;2021-01-13;739;1;2692;8;1.0;0.0
61;2021-01-14;526;8;3218;16;1.2;0.0
61;2021-01-15;538;4;3756;20;1.4;0.0
61;2021-01-16;289;1;4045;21;1.5;0.0
61;2021-01-17;832;7;4877;28;1.8;0.0
61;2021-01-18;1913;3;6790;31;2.5;0.0
61;2021-01-19;1321;4;8111;35;2.9;0.0
61;2021-01-20;683;0;8794;35;3.2;0.0
61;2021-01-21;844;1;9638;36;3.5;0.0
61;2021-01-22;764;1;10402;37;3.8;0.0
61;2021-01-23;256;2;10658;39;3.8;0.0
61;2021-01-24;228;0;10886;39;3.9;0.0
61;2021-01-25;577;2;11463;41;4.1;0.0
61;2021-01-26;555;0;12018;41;4.3;0.0
61;2021-01-27;569;14;12587;55;4.5;0.0
61;2021-01-28;463;53;13050;108;4.7;0.0
61;2021-01-29;478;204;13528;312;4.9;0.1
61;2021-01-30;212;3;13740;315;5.0;0.1
61;2021-01-31;106;0;13846;315;5.0;0.1
61;2021-02-01;430;190;14276;505;5.2;0.2
61;2021-02-02;387;425;14663;930;5.3;0.3
61;2021-02-03;412;490;15075;1420;5.4;0.5
61;2021-02-04;388;338;15463;1758;5.6;0.6
61;2021-02-05;538;362;16001;2120;5.8;0.8
61;2021-02-06;195;91;16196;2211;5.8;0.8
61;2021-02-07;45;200;16241;2411;5.9;0.9
61;2021-02-08;540;1409;16781;3820;6.1;1.4
61;2021-02-09;404;808;17185;4628;6.2;1.7
61;2021-02-10;277;561;17462;5189;6.3;1.9
61;2021-02-11;432;563;17894;5752;6.5;2.1
61;2021-02-12;402;737;18296;6489;6.6;2.3
61;2021-02-13;132;431;18428;6920;6.7;2.5
61;2021-02-14;2;315;18430;7235;6.7;2.6
61;2021-02-15;171;847;18601;8082;6.7;2.9
61;2021-02-16;203;683;18804;8765;6.8;3.2
61;2021-02-17;44;639;18848;9404;6.8;3.4
61;2021-02-18;161;528;19009;9932;6.9;3.6
61;2021-02-19;101;391;19110;10323;6.9;3.7
61;2021-02-20;40;241;19150;10564;6.9;3.8
61;2021-02-21;1;155;19151;10719;6.9;3.9
61;2021-02-22;88;567;19239;11286;6.9;4.1
61;2021-02-23;114;495;19353;11781;7.0;4.3
61;2021-02-24;173;572;19526;12353;7.1;4.5
61;2021-02-25;265;447;19791;12800;7.1;4.6
61;2021-02-26;266;465;20057;13265;7.2;4.8
61;2021-02-27;108;225;20165;13490;7.3;4.9
61;2021-02-28;4;119;20169;13609;7.3;4.9
61;2021-03-01;216;610;20385;14219;7.4;5.1
61;2021-03-02;147;698;20532;14917;7.4;5.4
61;2021-03-03;141;448;20673;15365;7.5;5.5
61;2021-03-04;431;445;21104;15810;7.6;5.7
61;2021-03-05;701;295;21805;16105;7.9;5.8
61;2021-03-06;433;230;22238;16335;8.0;5.9
61;2021-03-07;154;2;22392;16337;8.1;5.9
61;2021-03-08;299;314;22691;16651;8.2;6.0
61;2021-03-09;622;184;23313;16835;8.4;6.1
61;2021-03-10;672;179;23985;17014;8.7;6.1
61;2021-03-11;1118;128;25103;17142;9.1;6.2
61;2021-03-12;1465;95;26568;17237;9.6;6.2
61;2021-03-13;770;52;27338;17289;9.9;6.2
61;2021-03-14;226;3;27564;17292;10.0;6.2
61;2021-03-15;814;32;28378;17324;10.2;6.3
61;2021-03-16;721;22;29099;17346;10.5;6.3
61;2021-03-17;760;10;29859;17356;10.8;6.3
61;2021-03-18;855;18;30714;17374;11.1;6.3
61;2021-03-19;1024;44;31738;17418;11.5;6.3
61;2021-03-20;470;14;32208;17432;11.6;6.3
61;2021-03-21;71;2;32279;17434;11.7;6.3
61;2021-03-22;796;86;33075;17520;11.9;6.3
61;2021-03-23;920;39;33995;17559;12.3;6.3
61;2021-03-24;1372;65;35367;17624;12.8;6.4
61;2021-03-25;1875;56;37242;17680;13.4;6.4
61;2021-03-26;1794;40;39036;17720;14.1;6.4
61;2021-03-27;1083;17;40119;17737;14.5;6.4
61;2021-03-28;359;9;40478;17746;14.6;6.4
61;2021-03-29;1271;177;41749;17923;15.1;6.5
61;2021-03-30;1470;92;43219;18015;15.6;6.5
61;2021-03-31;1683;46;44902;18061;16.2;6.5
61;2021-04-01;2048;219;46950;18280;17.0;6.6
61;2021-04-02;1514;422;48464;18702;17.5;6.8
61;2021-04-03;638;288;49102;18990;17.7;6.9
61;2021-04-04;193;1;49295;18991;17.8;6.9
61;2021-04-05;531;7;49826;18998;18.0;6.9
61;2021-04-06;1354;620;51180;19618;18.5;7.1
61;2021-04-07;1696;661;52876;20279;19.1;7.3
61;2021-04-08;2268;816;55144;21095;19.9;7.6
61;2021-04-09;2134;834;57278;21929;20.7;7.9
61;2021-04-10;1536;483;58814;22412;21.2;8.1
61;2021-04-11;238;197;59052;22609;21.3;8.2
61;2021-04-12;1289;734;60341;23343;21.8;8.4
61;2021-04-13;1742;701;62083;24044;22.4;8.7
61;2021-04-14;1730;782;63813;24826;23.0;9.0
61;2021-04-15;2266;774;66079;25600;23.9;9.2
61;2021-04-16;2224;682;68303;26282;24.7;9.5
61;2021-04-17;1486;321;69789;26603;25.2;9.6
61;2021-04-18;538;99;70327;26702;25.4;9.6
61;2021-04-19;938;746;71265;27448;25.7;9.9
61;2021-04-20;1525;782;72790;28230;26.3;10.2
61;2021-04-21;1351;1037;74141;29267;26.8;10.6
61;2021-04-22;1293;1214;75434;30481;27.2;11.0
61;2021-04-23;1217;1148;76651;31629;27.7;11.4
61;2021-04-24;1437;815;78088;32444;28.2;11.7
61;2021-04-25;361;330;78449;32774;28.3;11.8
61;2021-04-26;667;1141;79116;33915;28.6;12.2
61;2021-04-27;1465;1141;80581;35056;29.1;12.7
61;2021-04-28;1387;1386;81968;36442;29.6;13.2
61;2021-04-29;1253;1857;83221;38299;30.1;13.8
61;2021-04-30;1718;1167;84939;39466;30.7;14.3
61;2021-05-01;787;320;85726;39786;31.0;14.4
61;2021-05-02;438;223;86164;40009;31.1;14.4
61;2021-05-03;843;1246;87007;41255;31.4;14.9
61;2021-05-04;1325;1751;88332;43006;31.9;15.5
61;2021-05-05;1012;2025;89344;45031;32.3;16.3
61;2021-05-06;1771;2211;91115;47242;32.9;17.1
61;2021-05-07;1379;1965;92494;49207;33.4;17.8
61;2021-05-08;925;471;93419;49678;33.7;17.9
61;2021-05-09;393;291;93812;49969;33.9;18.0
61;2021-05-10;987;1752;94799;51721;34.2;18.7
61;2021-05-11;1374;1512;96173;53233;34.7;19.2
61;2021-05-12;1869;1588;98042;54821;35.4;19.8
61;2021-05-13;889;490;98931;55311;35.7;20.0
61;2021-05-14;1851;1193;100782;56504;36.4;20.4
61;2021-05-15;2092;1115;102874;57619;37.2;20.8
61;2021-05-16;983;300;103857;57919;37.5;20.9
61;2021-05-17;1311;913;105168;58832;38.0;21.2
61;2021-05-18;2423;891;107591;59723;38.9;21.6
61;2021-05-19;2402;799;109993;60522;39.7;21.9
61;2021-05-20;2214;808;112207;61330;40.5;22.1
61;2021-05-21;2147;855;114354;62185;41.3;22.5
61;2021-05-22;1779;718;116133;62903;41.9;22.7
61;2021-05-23;714;53;116847;62956;42.2;22.7
61;2021-05-24;913;110;117760;63066;42.5;22.8
61;2021-05-25;1991;920;119751;63986;43.2;23.1
61;2021-05-26;2035;927;121786;64913;44.0;23.4
61;2021-05-27;2036;1094;123822;66007;44.7;23.8
61;2021-05-28;2052;1378;125874;67385;45.5;24.3
61;2021-05-29;1462;553;127336;67938;46.0;24.5
61;2021-05-30;450;44;127786;67982;46.1;24.6
61;2021-05-31;1561;936;129347;68918;46.7;24.9
61;2021-06-01;1873;1387;131220;70305;47.4;25.4
61;2021-06-02;1674;1134;132894;71439;48.0;25.8
61;2021-06-03;2247;1109;135141;72548;48.8;26.2
61;2021-06-04;1895;1340;137036;73888;49.5;26.7
61;2021-06-05;1667;1238;138703;75126;50.1;27.1
61;2021-06-06;318;229;139021;75355;50.2;27.2
61;2021-06-07;2188;867;141209;76222;51.0;27.5
61;2021-06-08;1843;1567;143052;77789;51.7;28.1
61;2021-06-09;1974;1184;145026;78973;52.4;28.5
61;2021-06-10;1971;1186;146997;80159;53.1;28.9
61;2021-06-11;1819;1574;148816;81733;53.7;29.5
61;2021-06-12;1423;999;150239;82732;54.3;29.9
61;2021-06-13;340;377;150579;83109;54.4;30.0
61;2021-06-14;1106;1187;151685;84296;54.8;30.4
61;2021-06-15;1211;1694;152896;85990;55.2;31.1
61;2021-06-16;1110;1357;154006;87347;55.6;31.5
61;2021-06-17;1018;1727;155024;89074;56.0;32.2
61;2021-06-18;1519;1666;156543;90740;56.5;32.8
61;2021-06-19;1242;1302;157785;92042;57.0;33.2
61;2021-06-20;289;345;158074;92387;57.1;33.4
61;2021-06-21;808;1629;158882;94016;57.4;34.0
61;2021-06-22;1022;1684;159904;95700;57.7;34.6
61;2021-06-23;972;2437;160876;98137;58.1;35.4
61;2021-06-24;648;1361;161524;99498;58.3;35.9
61;2021-06-25;834;2168;162358;101666;58.6;36.7
61;2021-06-26;618;1952;162976;103618;58.9;37.4
61;2021-06-27;138;800;163114;104418;58.9;37.7
61;2021-06-28;478;2246;163592;106664;59.1;38.5
61;2021-06-29;696;2860;164288;109524;59.3;39.6
61;2021-06-30;767;2462;165055;111986;59.6;40.4
61;2021-07-01;630;1692;165685;113678;59.8;41.1
61;2021-07-02;833;2500;166518;116178;60.1;42.0
61;2021-07-03;414;1910;166932;118088;60.3;42.6
61;2021-07-04;74;638;167006;118726;60.3;42.9
61;2021-07-05;684;1774;167690;120500;60.6;43.5
61;2021-07-06;985;2797;168675;123297;60.9;44.5
61;2021-07-07;727;2360;169402;125657;61.2;45.4
61;2021-07-08;836;1951;170238;127608;61.5;46.1
61;2021-07-09;718;2380;170956;129988;61.7;46.9
61;2021-07-10;463;1773;171419;131761;61.9;47.6
61;2021-07-11;240;489;171659;132250;62.0;47.8
61;2021-07-12;430;2295;172089;134545;62.1;48.6
61;2021-07-13;637;2494;172726;137039;62.4;49.5
61;2021-07-14;147;333;172873;137372;62.4;49.6
61;2021-07-15;805;2817;173678;140189;62.7;50.6
61;2021-07-16;956;2574;174634;142763;63.1;51.6
61;2021-07-17;700;2230;175334;144993;63.3;52.4
61;2021-07-18;335;367;175669;145360;63.4;52.5
61;2021-07-19;931;2403;176600;147763;63.8;53.4
61;2021-07-20;1317;2355;177917;150118;64.3;54.2
61;2021-07-21;1495;2178;179412;152296;64.8;55.0
61;2021-07-22;1740;2187;181152;154483;65.4;55.8
61;2021-07-23;1779;2298;182931;156781;66.1;56.6
61;2021-07-24;1441;1999;184372;158780;66.6;57.3
61;2021-07-25;323;394;184695;159174;66.7;57.5
61;2021-07-26;1241;1928;185936;161102;67.1;58.2
61;2021-07-27;2397;1576;188333;162678;68.0;58.7
61;2021-07-28;2436;1337;190769;164015;68.9;59.2
61;2021-07-29;2538;1561;193307;165576;69.8;59.8
61;2021-07-30;2372;1379;195679;166955;70.7;60.3
61;2021-07-31;1279;1291;196958;168246;71.1;60.8
61;2021-08-01;494;253;197452;168499;71.3;60.9
62;2020-12-27;2;0;2;0;0.0;0.0
62;2020-12-28;2;0;4;0;0.0;0.0
62;2020-12-29;0;0;4;0;0.0;0.0
62;2020-12-30;0;0;4;0;0.0;0.0
62;2020-12-31;0;0;4;0;0.0;0.0
62;2021-01-01;0;0;4;0;0.0;0.0
62;2021-01-02;0;0;4;0;0.0;0.0
62;2021-01-03;0;0;4;0;0.0;0.0
62;2021-01-04;2;0;6;0;0.0;0.0
62;2021-01-05;47;0;53;0;0.0;0.0
62;2021-01-06;123;0;176;0;0.0;0.0
62;2021-01-07;351;0;527;0;0.0;0.0
62;2021-01-08;712;6;1239;6;0.1;0.0
62;2021-01-09;163;1;1402;7;0.1;0.0
62;2021-01-10;84;0;1486;7;0.1;0.0
62;2021-01-11;553;1;2039;8;0.1;0.0
62;2021-01-12;1247;1;3286;9;0.2;0.0
62;2021-01-13;1137;5;4423;14;0.3;0.0
62;2021-01-14;1386;9;5809;23;0.4;0.0
62;2021-01-15;1295;8;7104;31;0.5;0.0
62;2021-01-16;307;3;7411;34;0.5;0.0
62;2021-01-17;107;1;7518;35;0.5;0.0
62;2021-01-18;1663;9;9181;44;0.6;0.0
62;2021-01-19;2098;5;11279;49;0.8;0.0
62;2021-01-20;2054;6;13333;55;0.9;0.0
62;2021-01-21;2226;5;15559;60;1.1;0.0
62;2021-01-22;1832;6;17391;66;1.2;0.0
62;2021-01-23;512;0;17903;66;1.2;0.0
62;2021-01-24;0;0;17903;66;1.2;0.0
62;2021-01-25;1280;6;19183;72;1.3;0.0
62;2021-01-26;1539;15;20722;87;1.4;0.0
62;2021-01-27;1488;175;22210;262;1.5;0.0
62;2021-01-28;4146;345;26356;607;1.8;0.0
62;2021-01-29;2022;336;28378;943;2.0;0.1
62;2021-01-30;159;153;28537;1096;2.0;0.1
62;2021-01-31;22;3;28559;1099;2.0;0.1
62;2021-02-01;46;359;28605;1458;2.0;0.1
62;2021-02-02;57;789;28662;2247;2.0;0.2
62;2021-02-03;44;629;28706;2876;2.0;0.2
62;2021-02-04;81;823;28787;3699;2.0;0.3
62;2021-02-05;79;754;28866;4453;2.0;0.3
62;2021-02-06;26;195;28892;4648;2.0;0.3
62;2021-02-07;236;27;29128;4675;2.0;0.3
62;2021-02-08;131;849;29259;5524;2.0;0.4
62;2021-02-09;226;1103;29485;6627;2.0;0.5
62;2021-02-10;383;1173;29868;7800;2.1;0.5
62;2021-02-11;721;1002;30589;8802;2.1;0.6
62;2021-02-12;966;781;31555;9583;2.2;0.7
62;2021-02-13;159;270;31714;9853;2.2;0.7
62;2021-02-14;0;0;31714;9853;2.2;0.7
62;2021-02-15;663;1278;32377;11131;2.2;0.8
62;2021-02-16;920;1788;33297;12919;2.3;0.9
62;2021-02-17;1074;2129;34371;15048;2.4;1.0
62;2021-02-18;2207;3798;36578;18846;2.5;1.3
62;2021-02-19;2301;2546;38879;21392;2.7;1.5
62;2021-02-20;613;479;39492;21871;2.7;1.5
62;2021-02-21;86;49;39578;21920;2.7;1.5
62;2021-02-22;847;971;40425;22891;2.8;1.6
62;2021-02-23;1419;1219;41844;24110;2.9;1.7
62;2021-02-24;1544;642;43388;24752;3.0;1.7
62;2021-02-25;3165;405;46553;25157;3.2;1.7
62;2021-02-26;2907;334;49460;25491;3.4;1.8
62;2021-02-27;1828;93;51288;25584;3.5;1.8
62;2021-02-28;52;42;51340;25626;3.5;1.8
62;2021-03-01;1314;116;52654;25742;3.6;1.8
62;2021-03-02;3148;169;55802;25911;3.8;1.8
62;2021-03-03;3259;116;59061;26027;4.1;1.8
62;2021-03-04;3805;199;62866;26226;4.3;1.8
62;2021-03-05;4644;207;67510;26433;4.6;1.8
62;2021-03-06;9613;218;77123;26651;5.3;1.8
62;2021-03-07;8072;195;85195;26846;5.9;1.8
62;2021-03-08;2190;247;87385;27093;6.0;1.9
62;2021-03-09;3798;366;91183;27459;6.3;1.9
62;2021-03-10;4229;596;95412;28055;6.6;1.9
62;2021-03-11;5988;1512;101400;29567;7.0;2.0
62;2021-03-12;6631;1398;108031;30965;7.4;2.1
62;2021-03-13;14714;752;122745;31717;8.4;2.2
62;2021-03-14;9576;353;132321;32070;9.1;2.2
62;2021-03-15;3762;1014;136083;33084;9.4;2.3
62;2021-03-16;2734;847;138817;33931;9.6;2.3
62;2021-03-17;2803;715;141620;34646;9.7;2.4
62;2021-03-18;2722;924;144342;35570;9.9;2.4
62;2021-03-19;4781;910;149123;36480;10.3;2.5
62;2021-03-20;11060;567;160183;37047;11.0;2.6
62;2021-03-21;9442;319;169625;37366;11.7;2.6
62;2021-03-22;2937;1106;172562;38472;11.9;2.6
62;2021-03-23;4992;1500;177554;39972;12.2;2.8
62;2021-03-24;4691;1415;182245;41387;12.5;2.8
62;2021-03-25;6552;1474;188797;42861;13.0;3.0
62;2021-03-26;7050;1484;195847;44345;13.5;3.1
62;2021-03-27;12588;705;208435;45050;14.3;3.1
62;2021-03-28;6938;257;215373;45307;14.8;3.1
62;2021-03-29;3475;1204;218848;46511;15.1;3.2
62;2021-03-30;4548;2209;223396;48720;15.4;3.4
62;2021-03-31;4222;2479;227618;51199;15.7;3.5
62;2021-04-01;4969;2760;232587;53959;16.0;3.7
62;2021-04-02;5067;3225;237654;57184;16.4;3.9
62;2021-04-03;8205;3327;245859;60511;16.9;4.2
62;2021-04-04;4577;1919;250436;62430;17.2;4.3
62;2021-04-05;943;462;251379;62892;17.3;4.3
62;2021-04-06;4120;2990;255499;65882;17.6;4.5
62;2021-04-07;5027;3495;260526;69377;17.9;4.8
62;2021-04-08;6480;3960;267006;73337;18.4;5.0
62;2021-04-09;7620;3460;274626;76797;18.9;5.3
62;2021-04-10;6637;8061;281263;84858;19.4;5.8
62;2021-04-11;2811;6895;284074;91753;19.6;6.3
62;2021-04-12;3419;2365;287493;94118;19.8;6.5
62;2021-04-13;6169;3148;293662;97266;20.2;6.7
62;2021-04-14;5300;3058;298962;100324;20.6;6.9
62;2021-04-15;5737;2977;304699;103301;21.0;7.1
62;2021-04-16;5417;3180;310116;106481;21.3;7.3
62;2021-04-17;4362;7361;314478;113842;21.6;7.8
62;2021-04-18;1962;6850;316440;120692;21.8;8.3
62;2021-04-19;2779;1927;319219;122619;22.0;8.4
62;2021-04-20;4144;3887;323363;126506;22.3;8.7
62;2021-04-21;3752;3978;327115;130484;22.5;9.0
62;2021-04-22;3946;5185;331061;135669;22.8;9.3
62;2021-04-23;4052;5293;335113;140962;23.1;9.7
62;2021-04-24;4406;6719;339519;147681;23.4;10.2
62;2021-04-25;1908;3499;341427;151180;23.5;10.4
62;2021-04-26;2223;2430;343650;153610;23.7;10.6
62;2021-04-27;4409;3696;348059;157306;24.0;10.8
62;2021-04-28;4588;4345;352647;161651;24.3;11.1
62;2021-04-29;4786;5869;357433;167520;24.6;11.5
62;2021-04-30;5211;5704;362644;173224;25.0;11.9
62;2021-05-01;5731;3461;368375;176685;25.4;12.2
62;2021-05-02;7819;3130;376194;179815;25.9;12.4
62;2021-05-03;4496;2301;380690;182116;26.2;12.5
62;2021-05-04;5392;4966;386082;187082;26.6;12.9
62;2021-05-05;4728;4836;390810;191918;26.9;13.2
62;2021-05-06;5624;4920;396434;196838;27.3;13.5
62;2021-05-07;7680;4656;404114;201494;27.8;13.9
62;2021-05-08;10641;2288;414755;203782;28.5;14.0
62;2021-05-09;8625;1631;423380;205413;29.1;14.1
62;2021-05-10;4870;4013;428250;209426;29.5;14.4
62;2021-05-11;6407;5029;434657;214455;29.9;14.8
62;2021-05-12;8621;4600;443278;219055;30.5;15.1
62;2021-05-13;9994;1473;453272;220528;31.2;15.2
62;2021-05-14;11875;3383;465147;223911;32.0;15.4
62;2021-05-15;19778;3252;484925;227163;33.4;15.6
62;2021-05-16;16394;1395;501319;228558;34.5;15.7
62;2021-05-17;8183;2657;509502;231215;35.1;15.9
62;2021-05-18;9323;3118;518825;234333;35.7;16.1
62;2021-05-19;8614;2911;527439;237244;36.3;16.3
62;2021-05-20;8340;3839;535779;241083;36.9;16.6
62;2021-05-21;9397;4208;545176;245291;37.5;16.9
62;2021-05-22;17869;3508;563045;248799;38.8;17.1
62;2021-05-23;12377;1134;575422;249933;39.6;17.2
62;2021-05-24;3910;586;579332;250519;39.9;17.2
62;2021-05-25;7218;4084;586550;254603;40.4;17.5
62;2021-05-26;6772;4905;593322;259508;40.8;17.9
62;2021-05-27;6383;5683;599705;265191;41.3;18.3
62;2021-05-28;6519;6761;606224;271952;41.7;18.7
62;2021-05-29;10850;5533;617074;277485;42.5;19.1
62;2021-05-30;4038;979;621112;278464;42.8;19.2
62;2021-05-31;4791;3970;625903;282434;43.1;19.4
62;2021-06-01;6520;6526;632423;288960;43.5;19.9
62;2021-06-02;7423;5803;639846;294763;44.0;20.3
62;2021-06-03;7855;5889;647701;300652;44.6;20.7
62;2021-06-04;7902;6245;655603;306897;45.1;21.1
62;2021-06-05;8273;6229;663876;313126;45.7;21.6
62;2021-06-06;3124;1286;667000;314412;45.9;21.6
62;2021-06-07;4612;3759;671612;318171;46.2;21.9
62;2021-06-08;6203;5892;677815;324063;46.7;22.3
62;2021-06-09;5488;4757;683303;328820;47.0;22.6
62;2021-06-10;5204;5879;688507;334699;47.4;23.0
62;2021-06-11;6213;8870;694720;343569;47.8;23.6
62;2021-06-12;5932;8647;700652;352216;48.2;24.2
62;2021-06-13;3225;3787;703877;356003;48.5;24.5
62;2021-06-14;2607;6770;706484;362773;48.6;25.0
62;2021-06-15;4671;8537;711155;371310;49.0;25.6
62;2021-06-16;5075;7423;716230;378733;49.3;26.1
62;2021-06-17;5226;8042;721456;386775;49.7;26.6
62;2021-06-18;4811;10486;726267;397261;50.0;27.3
62;2021-06-19;5796;13439;732063;410700;50.4;28.3
62;2021-06-20;2099;4372;734162;415072;50.5;28.6
62;2021-06-21;2966;8932;737128;424004;50.7;29.2
62;2021-06-22;3418;10172;740546;434176;51.0;29.9
62;2021-06-23;3380;10325;743926;444501;51.2;30.6
62;2021-06-24;3327;11785;747253;456286;51.4;31.4
62;2021-06-25;3696;15768;750949;472054;51.7;32.5
62;2021-06-26;3538;18425;754487;490479;51.9;33.8
62;2021-06-27;1118;9823;755605;500302;52.0;34.4
62;2021-06-28;1912;8872;757517;509174;52.1;35.0
62;2021-06-29;2957;11454;760474;520628;52.3;35.8
62;2021-06-30;4122;10802;764596;531430;52.6;36.6
62;2021-07-01;4455;10472;769051;541902;52.9;37.3
62;2021-07-02;4126;11973;773177;553875;53.2;38.1
62;2021-07-03;2988;18066;776165;571941;53.4;39.4
62;2021-07-04;1438;9189;777603;581130;53.5;40.0
62;2021-07-05;2402;6936;780005;588066;53.7;40.5
62;2021-07-06;3795;10028;783800;598094;54.0;41.2
62;2021-07-07;3903;8923;787703;607017;54.2;41.8
62;2021-07-08;5222;9111;792925;616128;54.6;42.4
62;2021-07-09;4389;10858;797314;626986;54.9;43.2
62;2021-07-10;4913;11879;802227;638865;55.2;44.0
62;2021-07-11;1329;2086;803556;640951;55.3;44.1
62;2021-07-12;2297;7140;805853;648091;55.5;44.6
62;2021-07-13;5036;12160;810889;660251;55.8;45.4
62;2021-07-14;3601;3154;814490;663405;56.1;45.7
62;2021-07-15;7509;11519;821999;674924;56.6;46.5
62;2021-07-16;7562;11050;829561;685974;57.1;47.2
62;2021-07-17;9612;10251;839173;696225;57.8;47.9
62;2021-07-18;2696;3458;841869;699683;57.9;48.2
62;2021-07-19;5969;7014;847838;706697;58.4;48.6
62;2021-07-20;7886;10707;855724;717404;58.9;49.4
62;2021-07-21;9681;9387;865405;726791;59.6;50.0
62;2021-07-22;9708;8987;875113;735778;60.2;50.6
62;2021-07-23;10572;8388;885685;744166;61.0;51.2
62;2021-07-24;9613;10255;895298;754421;61.6;51.9
62;2021-07-25;5518;1830;900816;756251;62.0;52.1
62;2021-07-26;6195;5370;907011;761621;62.4;52.4
62;2021-07-27;9703;8110;916714;769731;63.1;53.0
62;2021-07-28;10256;7445;926970;777176;63.8;53.5
62;2021-07-29;11804;7565;938774;784741;64.6;54.0
62;2021-07-30;8952;6210;947726;790951;65.2;54.4
62;2021-07-31;6549;3964;954275;794915;65.7;54.7
62;2021-08-01;2314;1083;956589;795998;65.8;54.8
63;2020-12-27;0;0;0;0;0.0;0.0
63;2020-12-28;1;0;1;0;0.0;0.0
63;2020-12-29;0;0;1;0;0.0;0.0
63;2020-12-30;0;0;1;0;0.0;0.0
63;2020-12-31;0;0;1;0;0.0;0.0
63;2021-01-01;0;0;1;0;0.0;0.0
63;2021-01-02;0;0;1;0;0.0;0.0
63;2021-01-03;1;0;2;0;0.0;0.0
63;2021-01-04;0;0;2;0;0.0;0.0
63;2021-01-05;1;0;3;0;0.0;0.0
63;2021-01-06;4;1;7;1;0.0;0.0
63;2021-01-07;300;0;307;1;0.0;0.0
63;2021-01-08;207;1;514;2;0.1;0.0
63;2021-01-09;91;0;605;2;0.1;0.0
63;2021-01-10;81;0;686;2;0.1;0.0
63;2021-01-11;423;0;1109;2;0.2;0.0
63;2021-01-12;641;1;1750;3;0.3;0.0
63;2021-01-13;848;3;2598;6;0.4;0.0
63;2021-01-14;521;8;3119;14;0.5;0.0
63;2021-01-15;429;2;3548;16;0.5;0.0
63;2021-01-16;157;0;3705;16;0.6;0.0
63;2021-01-17;132;0;3837;16;0.6;0.0
63;2021-01-18;605;2;4442;18;0.7;0.0
63;2021-01-19;858;1;5300;19;0.8;0.0
63;2021-01-20;1042;1;6342;20;1.0;0.0
63;2021-01-21;999;3;7341;23;1.1;0.0
63;2021-01-22;968;3;8309;26;1.3;0.0
63;2021-01-23;190;0;8499;26;1.3;0.0
63;2021-01-24;162;0;8661;26;1.3;0.0
63;2021-01-25;792;1;9453;27;1.4;0.0
63;2021-01-26;959;2;10412;29;1.6;0.0
63;2021-01-27;999;5;11411;34;1.7;0.0
63;2021-01-28;1310;67;12721;101;1.9;0.0
63;2021-01-29;1064;66;13785;167;2.1;0.0
63;2021-01-30;68;0;13853;167;2.1;0.0
63;2021-01-31;6;0;13859;167;2.1;0.0
63;2021-02-01;563;182;14422;349;2.2;0.1
63;2021-02-02;878;234;15300;583;2.3;0.1
63;2021-02-03;1468;282;16768;865;2.5;0.1
63;2021-02-04;2116;513;18884;1378;2.9;0.2
63;2021-02-05;1145;271;20029;1649;3.0;0.2
63;2021-02-06;118;0;20147;1649;3.1;0.2
63;2021-02-07;9;1;20156;1650;3.1;0.2
63;2021-02-08;533;408;20689;2058;3.1;0.3
63;2021-02-09;669;437;21358;2495;3.2;0.4
63;2021-02-10;606;600;21964;3095;3.3;0.5
63;2021-02-11;749;467;22713;3562;3.4;0.5
63;2021-02-12;823;811;23536;4373;3.6;0.7
63;2021-02-13;82;1;23618;4374;3.6;0.7
63;2021-02-14;0;65;23618;4439;3.6;0.7
63;2021-02-15;204;792;23822;5231;3.6;0.8
63;2021-02-16;411;1138;24233;6369;3.7;1.0
63;2021-02-17;347;875;24580;7244;3.7;1.1
63;2021-02-18;595;826;25175;8070;3.8;1.2
63;2021-02-19;447;976;25622;9046;3.9;1.4
63;2021-02-20;36;32;25658;9078;3.9;1.4
63;2021-02-21;2;17;25660;9095;3.9;1.4
63;2021-02-22;293;932;25953;10027;3.9;1.5
63;2021-02-23;575;1143;26528;11170;4.0;1.7
63;2021-02-24;697;1427;27225;12597;4.1;1.9
63;2021-02-25;1585;1674;28810;14271;4.4;2.2
63;2021-02-26;1623;1367;30433;15638;4.6;2.4
63;2021-02-27;642;66;31075;15704;4.7;2.4
63;2021-02-28;4;178;31079;15882;4.7;2.4
63;2021-03-01;583;521;31662;16403;4.8;2.5
63;2021-03-02;901;797;32563;17200;4.9;2.6
63;2021-03-03;1034;725;33597;17925;5.1;2.7
63;2021-03-04;1752;496;35349;18421;5.4;2.8
63;2021-03-05;2612;686;37961;19107;5.7;2.9
63;2021-03-06;1550;41;39511;19148;6.0;2.9
63;2021-03-07;511;16;40022;19164;6.1;2.9
63;2021-03-08;966;648;40988;19812;6.2;3.0
63;2021-03-09;1537;1066;42525;20878;6.4;3.2
63;2021-03-10;1647;610;44172;21488;6.7;3.3
63;2021-03-11;3050;888;47222;22376;7.2;3.4
63;2021-03-12;3511;378;50733;22754;7.7;3.4
63;2021-03-13;2049;79;52782;22833;8.0;3.5
63;2021-03-14;61;21;52843;22854;8.0;3.5
63;2021-03-15;1740;364;54583;23218;8.3;3.5
63;2021-03-16;1742;411;56325;23629;8.5;3.6
63;2021-03-17;1636;677;57961;24306;8.8;3.7
63;2021-03-18;1933;740;59894;25046;9.1;3.8
63;2021-03-19;2736;491;62630;25537;9.5;3.9
63;2021-03-20;1121;66;63751;25603;9.7;3.9
63;2021-03-21;50;45;63801;25648;9.7;3.9
63;2021-03-22;1982;255;65783;25903;10.0;3.9
63;2021-03-23;2878;363;68661;26266;10.4;4.0
63;2021-03-24;3217;336;71878;26602;10.9;4.0
63;2021-03-25;4587;378;76465;26980;11.6;4.1
63;2021-03-26;4689;555;81154;27535;12.3;4.2
63;2021-03-27;2454;224;83608;27759;12.7;4.2
63;2021-03-28;1047;82;84655;27841;12.8;4.2
63;2021-03-29;2480;511;87135;28352;13.2;4.3
63;2021-03-30;3278;624;90413;28976;13.7;4.4
63;2021-03-31;2964;747;93377;29723;14.1;4.5
63;2021-04-01;3830;527;97207;30250;14.7;4.6
63;2021-04-02;3481;708;100688;30958;15.3;4.7
63;2021-04-03;1171;182;101859;31140;15.4;4.7
63;2021-04-04;877;27;102736;31167;15.6;4.7
63;2021-04-05;803;86;103539;31253;15.7;4.7
63;2021-04-06;2464;930;106003;32183;16.1;4.9
63;2021-04-07;3206;865;109209;33048;16.5;5.0
63;2021-04-08;4720;1209;113929;34257;17.3;5.2
63;2021-04-09;5312;985;119241;35242;18.1;5.3
63;2021-04-10;2221;472;121462;35714;18.4;5.4
63;2021-04-11;834;37;122296;35751;18.5;5.4
63;2021-04-12;1621;1312;123917;37063;18.8;5.6
63;2021-04-13;1984;1967;125901;39030;19.1;5.9
63;2021-04-14;2628;1433;128529;40463;19.5;6.1
63;2021-04-15;3786;1522;132315;41985;20.0;6.4
63;2021-04-16;2839;2153;135154;44138;20.5;6.7
63;2021-04-17;1233;671;136387;44809;20.7;6.8
63;2021-04-18;802;59;137189;44868;20.8;6.8
63;2021-04-19;1654;2108;138843;46976;21.0;7.1
63;2021-04-20;1697;2300;140540;49276;21.3;7.5
63;2021-04-21;1514;2407;142054;51683;21.5;7.8
63;2021-04-22;1913;2266;143967;53949;21.8;8.2
63;2021-04-23;2017;3108;145984;57057;22.1;8.6
63;2021-04-24;1192;1129;147176;58186;22.3;8.8
63;2021-04-25;553;413;147729;58599;22.4;8.9
63;2021-04-26;1437;2242;149166;60841;22.6;9.2
63;2021-04-27;2309;2600;151475;63441;22.9;9.6
63;2021-04-28;2331;3154;153806;66595;23.3;10.1
63;2021-04-29;2866;2835;156672;69430;23.7;10.5
63;2021-04-30;2863;2812;159535;72242;24.2;10.9
63;2021-05-01;1127;1049;160662;73291;24.3;11.1
63;2021-05-02;897;641;161559;73932;24.5;11.2
63;2021-05-03;2686;2248;164245;76180;24.9;11.5
63;2021-05-04;2876;2677;167121;78857;25.3;11.9
63;2021-05-05;2937;3121;170058;81978;25.8;12.4
63;2021-05-06;3668;3054;173726;85032;26.3;12.9
63;2021-05-07;4031;3541;177757;88573;26.9;13.4
63;2021-05-08;1997;649;179754;89222;27.2;13.5
63;2021-05-09;1802;607;181556;89829;27.5;13.6
63;2021-05-10;4198;2762;185754;92591;28.1;14.0
63;2021-05-11;5336;2755;191090;95346;28.9;14.4
63;2021-05-12;5261;2897;196351;98243;29.7;14.9
63;2021-05-13;4128;696;200479;98939;30.4;15.0
63;2021-05-14;4769;1507;205248;100446;31.1;15.2
63;2021-05-15;3718;983;208966;101429;31.7;15.4
63;2021-05-16;3517;445;212483;101874;32.2;15.4
63;2021-05-17;3892;1985;216375;103859;32.8;15.7
63;2021-05-18;5115;1617;221490;105476;33.5;16.0
63;2021-05-19;5217;1619;226707;107095;34.3;16.2
63;2021-05-20;6791;2077;233498;109172;35.4;16.5
63;2021-05-21;6253;2322;239751;111494;36.3;16.9
63;2021-05-22;3349;845;243100;112339;36.8;17.0
63;2021-05-23;2382;244;245482;112583;37.2;17.1
63;2021-05-24;2636;579;248118;113162;37.6;17.1
63;2021-05-25;4265;2632;252383;115794;38.2;17.5
63;2021-05-26;5443;2405;257826;118199;39.1;17.9
63;2021-05-27;6491;2797;264317;120996;40.0;18.3
63;2021-05-28;5417;3893;269734;124889;40.9;18.9
63;2021-05-29;3359;1504;273093;126393;41.4;19.1
63;2021-05-30;1579;216;274672;126609;41.6;19.2
63;2021-05-31;4144;2278;278816;128887;42.2;19.5
63;2021-06-01;3797;2952;282613;131839;42.8;20.0
63;2021-06-02;3881;2519;286494;134358;43.4;20.3
63;2021-06-03;4896;3144;291390;137502;44.1;20.8
63;2021-06-04;5095;3624;296485;141126;44.9;21.4
63;2021-06-05;2807;1742;299292;142868;45.3;21.6
63;2021-06-06;1307;697;300599;143565;45.5;21.7
63;2021-06-07;3162;2516;303761;146081;46.0;22.1
63;2021-06-08;2875;2756;306636;148837;46.4;22.5
63;2021-06-09;3018;2275;309654;151112;46.9;22.9
63;2021-06-10;3212;2688;312866;153800;47.4;23.3
63;2021-06-11;3095;4048;315961;157848;47.9;23.9
63;2021-06-12;1633;1968;317594;159816;48.1;24.2
63;2021-06-13;477;1096;318071;160912;48.2;24.4
63;2021-06-14;1823;3475;319894;164387;48.5;24.9
63;2021-06-15;2199;3475;322093;167862;48.8;25.4
63;2021-06-16;2564;3313;324657;171175;49.2;25.9
63;2021-06-17;2384;4303;327041;175478;49.5;26.6
63;2021-06-18;2462;5825;329503;181303;49.9;27.5
63;2021-06-19;1617;2830;331120;184133;50.2;27.9
63;2021-06-20;661;2440;331781;186573;50.3;28.3
63;2021-06-21;1269;5390;333050;191963;50.4;29.1
63;2021-06-22;1228;5537;334278;197500;50.6;29.9
63;2021-06-23;1525;4759;335803;202259;50.9;30.6
63;2021-06-24;1914;5383;337717;207642;51.2;31.4
63;2021-06-25;1729;5900;339446;213542;51.4;32.3
63;2021-06-26;1069;3353;340515;216895;51.6;32.9
63;2021-06-27;704;3486;341219;220381;51.7;33.4
63;2021-06-28;1134;5663;342353;226044;51.9;34.2
63;2021-06-29;1225;5161;343578;231205;52.0;35.0
63;2021-06-30;1584;5288;345162;236493;52.3;35.8
63;2021-07-01;1902;8068;347064;244561;52.6;37.0
63;2021-07-02;2030;6542;349094;251103;52.9;38.0
63;2021-07-03;947;2928;350041;254031;53.0;38.5
63;2021-07-04;1008;1882;351049;255913;53.2;38.8
63;2021-07-05;1493;6283;352542;262196;53.4;39.7
63;2021-07-06;1583;4802;354125;266998;53.6;40.4
63;2021-07-07;1953;4085;356078;271083;53.9;41.1
63;2021-07-08;2192;4588;358270;275671;54.3;41.8
63;2021-07-09;1903;5725;360173;281396;54.6;42.6
63;2021-07-10;1521;3407;361694;284803;54.8;43.1
63;2021-07-11;893;1530;362587;286333;54.9;43.4
63;2021-07-12;1565;8710;364152;295043;55.2;44.7
63;2021-07-13;3565;6136;367717;301179;55.7;45.6
63;2021-07-14;3589;1784;371306;302963;56.2;45.9
63;2021-07-15;4358;5027;375664;307990;56.9;46.6
63;2021-07-16;4645;5776;380309;313766;57.6;47.5
63;2021-07-17;2987;2463;383296;316229;58.1;47.9
63;2021-07-18;2800;1087;386096;317316;58.5;48.1
63;2021-07-19;3951;4839;390047;322155;59.1;48.8
63;2021-07-20;4677;5443;394724;327598;59.8;49.6
63;2021-07-21;4745;3971;399469;331569;60.5;50.2
63;2021-07-22;5470;4378;404939;335947;61.3;50.9
63;2021-07-23;5114;4638;410053;340585;62.1;51.6
63;2021-07-24;3588;1939;413641;342524;62.7;51.9
63;2021-07-25;2971;1417;416612;343941;63.1;52.1
63;2021-07-26;3888;3201;420500;347142;63.7;52.6
63;2021-07-27;3541;3086;424041;350228;64.2;53.0
63;2021-07-28;3478;2677;427519;352905;64.8;53.5
63;2021-07-29;4061;3127;431580;356032;65.4;53.9
63;2021-07-30;3779;3547;435359;359579;65.9;54.5
63;2021-07-31;1598;1633;436957;361212;66.2;54.7
63;2021-08-01;1189;820;438146;362032;66.4;54.8
64;2020-12-27;0;0;0;0;0.0;0.0
64;2020-12-28;2;0;2;0;0.0;0.0
64;2020-12-29;0;0;2;0;0.0;0.0
64;2020-12-30;0;0;2;0;0.0;0.0
64;2020-12-31;0;0;2;0;0.0;0.0
64;2021-01-01;0;0;2;0;0.0;0.0
64;2021-01-02;0;0;2;0;0.0;0.0
64;2021-01-03;0;0;2;0;0.0;0.0
64;2021-01-04;29;0;31;0;0.0;0.0
64;2021-01-05;25;0;56;0;0.0;0.0
64;2021-01-06;187;1;243;1;0.0;0.0
64;2021-01-07;839;0;1082;1;0.2;0.0
64;2021-01-08;879;2;1961;3;0.3;0.0
64;2021-01-09;54;0;2015;3;0.3;0.0
64;2021-01-10;0;0;2015;3;0.3;0.0
64;2021-01-11;538;0;2553;3;0.4;0.0
64;2021-01-12;759;2;3312;5;0.5;0.0
64;2021-01-13;865;2;4177;7;0.6;0.0
64;2021-01-14;1045;3;5222;10;0.8;0.0
64;2021-01-15;928;5;6150;15;0.9;0.0
64;2021-01-16;68;0;6218;15;0.9;0.0
64;2021-01-17;5;0;6223;15;0.9;0.0
64;2021-01-18;942;8;7165;23;1.0;0.0
64;2021-01-19;1441;4;8606;27;1.3;0.0
64;2021-01-20;1617;2;10223;29;1.5;0.0
64;2021-01-21;2602;1;12825;30;1.9;0.0
64;2021-01-22;1647;3;14472;33;2.1;0.0
64;2021-01-23;524;1;14996;34;2.2;0.0
64;2021-01-24;88;0;15084;34;2.2;0.0
64;2021-01-25;968;8;16052;42;2.3;0.0
64;2021-01-26;1354;21;17406;63;2.5;0.0
64;2021-01-27;1240;120;18646;183;2.7;0.0
64;2021-01-28;1648;633;20294;816;3.0;0.1
64;2021-01-29;972;653;21266;1469;3.1;0.2
64;2021-01-30;466;59;21732;1528;3.2;0.2
64;2021-01-31;91;0;21823;1528;3.2;0.2
64;2021-02-01;673;312;22496;1840;3.3;0.3
64;2021-02-02;1131;556;23627;2396;3.5;0.4
64;2021-02-03;1040;630;24667;3026;3.6;0.4
64;2021-02-04;1027;535;25694;3561;3.8;0.5
64;2021-02-05;866;456;26560;4017;3.9;0.6
64;2021-02-06;499;35;27059;4052;4.0;0.6
64;2021-02-07;131;4;27190;4056;4.0;0.6
64;2021-02-08;767;311;27957;4367;4.1;0.6
64;2021-02-09;947;713;28904;5080;4.2;0.7
64;2021-02-10;911;804;29815;5884;4.4;0.9
64;2021-02-11;1199;1480;31014;7364;4.5;1.1
64;2021-02-12;1075;1067;32089;8431;4.7;1.2
64;2021-02-13;225;321;32314;8752;4.7;1.3
64;2021-02-14;36;49;32350;8801;4.7;1.3
64;2021-02-15;221;1128;32571;9929;4.8;1.5
64;2021-02-16;258;1407;32829;11336;4.8;1.7
64;2021-02-17;289;1254;33118;12590;4.8;1.8
64;2021-02-18;506;1717;33624;14307;4.9;2.1
64;2021-02-19;415;1291;34039;15598;5.0;2.3
64;2021-02-20;119;438;34158;16036;5.0;2.3
64;2021-02-21;20;83;34178;16119;5.0;2.4
64;2021-02-22;475;987;34653;17106;5.1;2.5
64;2021-02-23;715;1144;35368;18250;5.2;2.7
64;2021-02-24;730;1016;36098;19266;5.3;2.8
64;2021-02-25;1092;955;37190;20221;5.4;3.0
64;2021-02-26;1214;915;38404;21136;5.6;3.1
64;2021-02-27;864;405;39268;21541;5.7;3.2
64;2021-02-28;41;85;39309;21626;5.8;3.2
64;2021-03-01;762;799;40071;22425;5.9;3.3
64;2021-03-02;1078;916;41149;23341;6.0;3.4
64;2021-03-03;1245;1003;42394;24344;6.2;3.6
64;2021-03-04;1878;1184;44272;25528;6.5;3.7
64;2021-03-05;2192;1068;46464;26596;6.8;3.9
64;2021-03-06;1542;519;48006;27115;7.0;4.0
64;2021-03-07;594;110;48600;27225;7.1;4.0
64;2021-03-08;1531;765;50131;27990;7.3;4.1
64;2021-03-09;2062;847;52193;28837;7.6;4.2
64;2021-03-10;2078;759;54271;29596;7.9;4.3
64;2021-03-11;2969;1072;57240;30668;8.4;4.5
64;2021-03-12;3482;586;60722;31254;8.9;4.6
64;2021-03-13;2254;167;62976;31421;9.2;4.6
64;2021-03-14;231;15;63207;31436;9.3;4.6
64;2021-03-15;2331;227;65538;31663;9.6;4.6
64;2021-03-16;1983;262;67521;31925;9.9;4.7
64;2021-03-17;2064;232;69585;32157;10.2;4.7
64;2021-03-18;2459;201;72044;32358;10.5;4.7
64;2021-03-19;3007;281;75051;32639;11.0;4.8
64;2021-03-20;2463;86;77514;32725;11.3;4.8
64;2021-03-21;1275;24;78789;32749;11.5;4.8
64;2021-03-22;2586;551;81375;33300;11.9;4.9
64;2021-03-23;3196;652;84571;33952;12.4;5.0
64;2021-03-24;3562;697;88133;34649;12.9;5.1
64;2021-03-25;4348;803;92481;35452;13.5;5.2
64;2021-03-26;4417;696;96898;36148;14.2;5.3
64;2021-03-27;2969;421;99867;36569;14.6;5.4
64;2021-03-28;520;54;100387;36623;14.7;5.4
64;2021-03-29;3020;878;103407;37501;15.1;5.5
64;2021-03-30;4132;865;107539;38366;15.7;5.6
64;2021-03-31;3582;779;111121;39145;16.3;5.7
64;2021-04-01;4765;928;115886;40073;17.0;5.9
64;2021-04-02;4437;737;120323;40810;17.6;6.0
64;2021-04-03;2057;581;122380;41391;17.9;6.1
64;2021-04-04;304;49;122684;41440;18.0;6.1
64;2021-04-05;1686;138;124370;41578;18.2;6.1
64;2021-04-06;3653;1385;128023;42963;18.7;6.3
64;2021-04-07;3943;1507;131966;44470;19.3;6.5
64;2021-04-08;5185;1591;137151;46061;20.1;6.7
64;2021-04-09;5882;1618;143033;47679;20.9;7.0
64;2021-04-10;3219;1044;146252;48723;21.4;7.1
64;2021-04-11;442;252;146694;48975;21.5;7.2
64;2021-04-12;4039;1852;150733;50827;22.1;7.4
64;2021-04-13;4458;2152;155191;52979;22.7;7.8
64;2021-04-14;4084;2130;159275;55109;23.3;8.1
64;2021-04-15;4393;2290;163668;57399;24.0;8.4
64;2021-04-16;4286;2256;167954;59655;24.6;8.7
64;2021-04-17;2478;1497;170432;61152;24.9;9.0
64;2021-04-18;1096;1182;171528;62334;25.1;9.1
64;2021-04-19;2729;2443;174257;64777;25.5;9.5
64;2021-04-20;3206;2422;177463;67199;26.0;9.8
64;2021-04-21;3215;2561;180678;69760;26.4;10.2
64;2021-04-22;3385;2772;184063;72532;26.9;10.6
64;2021-04-23;3429;2592;187492;75124;27.4;11.0
64;2021-04-24;2067;1585;189559;76709;27.7;11.2
64;2021-04-25;290;238;189849;76947;27.8;11.3
64;2021-04-26;2657;2649;192506;79596;28.2;11.7
64;2021-04-27;3058;3130;195564;82726;28.6;12.1
64;2021-04-28;3599;3059;199163;85785;29.2;12.6
64;2021-04-29;4646;3443;203809;89228;29.8;13.1
64;2021-04-30;4067;3609;207876;92837;30.4;13.6
64;2021-05-01;1480;1028;209356;93865;30.6;13.7
64;2021-05-02;445;327;209801;94192;30.7;13.8
64;2021-05-03;2908;3490;212709;97682;31.1;14.3
64;2021-05-04;3642;3982;216351;101664;31.7;14.9
64;2021-05-05;3357;4015;219708;105679;32.2;15.5
64;2021-05-06;4111;3983;223819;109662;32.8;16.1
64;2021-05-07;3917;4188;227736;113850;33.3;16.7
64;2021-05-08;2616;1231;230352;115081;33.7;16.8
64;2021-05-09;719;306;231071;115387;33.8;16.9
64;2021-05-10;2861;4233;233932;119620;34.2;17.5
64;2021-05-11;4181;4151;238113;123771;34.9;18.1
64;2021-05-12;4483;3941;242596;127712;35.5;18.7
64;2021-05-13;3198;883;245794;128595;36.0;18.8
64;2021-05-14;5136;3146;250930;131741;36.7;19.3
64;2021-05-15;3525;1865;254455;133606;37.2;19.6
64;2021-05-16;498;225;254953;133831;37.3;19.6
64;2021-05-17;4190;2377;259143;136208;37.9;19.9
64;2021-05-18;5163;2299;264306;138507;38.7;20.3
64;2021-05-19;4977;2159;269283;140666;39.4;20.6
64;2021-05-20;5560;2154;274843;142820;40.2;20.9
64;2021-05-21;5264;2243;280107;145063;41.0;21.2
64;2021-05-22;3577;1506;283684;146569;41.5;21.5
64;2021-05-23;431;207;284115;146776;41.6;21.5
64;2021-05-24;2995;1232;287110;148008;42.0;21.7
64;2021-05-25;4329;2843;291439;150851;42.7;22.1
64;2021-05-26;4348;2714;295787;153565;43.3;22.5
64;2021-05-27;5284;3152;301071;156717;44.1;22.9
64;2021-05-28;4607;3431;305678;160148;44.7;23.4
64;2021-05-29;2806;2115;308484;162263;45.2;23.8
64;2021-05-30;436;204;308920;162467;45.2;23.8
64;2021-05-31;3891;3663;312811;166130;45.8;24.3
64;2021-06-01;5331;3560;318142;169690;46.6;24.8
64;2021-06-02;4940;3170;323082;172860;47.3;25.3
64;2021-06-03;6362;3260;329444;176120;48.2;25.8
64;2021-06-04;5141;4549;334585;180669;49.0;26.4
64;2021-06-05;3481;2522;338066;183191;49.5;26.8
64;2021-06-06;2012;328;340078;183519;49.8;26.9
64;2021-06-07;4123;4320;344201;187839;50.4;27.5
64;2021-06-08;5150;4123;349351;191962;51.1;28.1
64;2021-06-09;5147;3648;354498;195610;51.9;28.6
64;2021-06-10;6171;3136;360669;198746;52.8;29.1
64;2021-06-11;5578;4865;366247;203611;53.6;29.8
64;2021-06-12;3943;2324;370190;205935;54.2;30.1
64;2021-06-13;1554;390;371744;206325;54.4;30.2
64;2021-06-14;3668;4785;375412;211110;55.0;30.9
64;2021-06-15;4574;4702;379986;215812;55.6;31.6
64;2021-06-16;4469;4652;384455;220464;56.3;32.3
64;2021-06-17;3636;4299;388091;224763;56.8;32.9
64;2021-06-18;4421;5170;392512;229933;57.5;33.7
64;2021-06-19;2975;3275;395487;233208;57.9;34.1
64;2021-06-20;877;536;396364;233744;58.0;34.2
64;2021-06-21;2309;5126;398673;238870;58.4;35.0
64;2021-06-22;2550;5729;401223;244599;58.7;35.8
64;2021-06-23;3099;5473;404322;250072;59.2;36.6
64;2021-06-24;2713;3803;407035;253875;59.6;37.2
64;2021-06-25;2896;6431;409931;260306;60.0;38.1
64;2021-06-26;1794;3835;411725;264141;60.3;38.7
64;2021-06-27;491;712;412216;264853;60.3;38.8
64;2021-06-28;1923;6060;414139;270913;60.6;39.7
64;2021-06-29;1939;6263;416078;277176;60.9;40.6
64;2021-06-30;2239;6005;418317;283181;61.2;41.5
64;2021-07-01;2391;5337;420708;288518;61.6;42.2
64;2021-07-02;2292;6402;423000;294920;61.9;43.2
64;2021-07-03;1254;3781;424254;298701;62.1;43.7
64;2021-07-04;407;846;424661;299547;62.2;43.8
64;2021-07-05;1364;5413;426025;304960;62.4;44.6
64;2021-07-06;1977;6154;428002;311114;62.6;45.5
64;2021-07-07;2043;5748;430045;316862;62.9;46.4
64;2021-07-08;1772;4389;431817;321251;63.2;47.0
64;2021-07-09;1809;6531;433626;327782;63.5;48.0
64;2021-07-10;1165;3879;434791;331661;63.6;48.5
64;2021-07-11;251;859;435042;332520;63.7;48.7
64;2021-07-12;1484;6094;436526;338614;63.9;49.6
64;2021-07-13;2325;7246;438851;345860;64.2;50.6
64;2021-07-14;2346;3383;441197;349243;64.6;51.1
64;2021-07-15;2065;5477;443262;354720;64.9;51.9
64;2021-07-16;2813;6769;446075;361489;65.3;52.9
64;2021-07-17;2323;4581;448398;366070;65.6;53.6
64;2021-07-18;703;2048;449101;368118;65.7;53.9
64;2021-07-19;2315;6117;451416;374235;66.1;54.8
64;2021-07-20;3104;6548;454520;380783;66.5;55.7
64;2021-07-21;3309;6039;457829;386822;67.0;56.6
64;2021-07-22;3786;5709;461615;392531;67.6;57.5
64;2021-07-23;3709;5597;465324;398128;68.1;58.3
64;2021-07-24;2529;4419;467853;402547;68.5;58.9
64;2021-07-25;750;1056;468603;403603;68.6;59.1
64;2021-07-26;3060;5113;471663;408716;69.0;59.8
64;2021-07-27;4214;5125;475877;413841;69.7;60.6
64;2021-07-28;4270;4572;480147;418413;70.3;61.2
64;2021-07-29;5478;3866;485625;422279;71.1;61.8
64;2021-07-30;5044;4184;490669;426463;71.8;62.4
64;2021-07-31;3102;3317;493771;429780;72.3;62.9
64;2021-08-01;1130;572;494901;430352;72.4;63.0
65;2020-12-27;0;0;0;0;0.0;0.0
65;2020-12-28;0;0;0;0;0.0;0.0
65;2020-12-29;0;0;0;0;0.0;0.0
65;2020-12-30;0;0;0;0;0.0;0.0
65;2020-12-31;0;0;0;0;0.0;0.0
65;2021-01-01;0;0;0;0;0.0;0.0
65;2021-01-02;0;0;0;0;0.0;0.0
65;2021-01-03;0;0;0;0;0.0;0.0
65;2021-01-04;0;0;0;0;0.0;0.0
65;2021-01-05;1;0;1;0;0.0;0.0
65;2021-01-06;3;0;4;0;0.0;0.0
65;2021-01-07;167;0;171;0;0.1;0.0
65;2021-01-08;253;1;424;1;0.2;0.0
65;2021-01-09;175;1;599;2;0.3;0.0
65;2021-01-10;1;0;600;2;0.3;0.0
65;2021-01-11;275;3;875;5;0.4;0.0
65;2021-01-12;270;1;1145;6;0.5;0.0
65;2021-01-13;586;1;1731;7;0.8;0.0
65;2021-01-14;577;5;2308;12;1.0;0.0
65;2021-01-15;527;2;2835;14;1.2;0.0
65;2021-01-16;221;2;3056;16;1.3;0.0
65;2021-01-17;1;0;3057;16;1.3;0.0
65;2021-01-18;549;4;3606;20;1.6;0.0
65;2021-01-19;570;2;4176;22;1.8;0.0
65;2021-01-20;582;3;4758;25;2.1;0.0
65;2021-01-21;584;0;5342;25;2.4;0.0
65;2021-01-22;596;0;5938;25;2.6;0.0
65;2021-01-23;174;1;6112;26;2.7;0.0
65;2021-01-24;3;1;6115;27;2.7;0.0
65;2021-01-25;550;3;6665;30;2.9;0.0
65;2021-01-26;879;2;7544;32;3.3;0.0
65;2021-01-27;587;12;8131;44;3.6;0.0
65;2021-01-28;501;71;8632;115;3.8;0.1
65;2021-01-29;426;138;9058;253;4.0;0.1
65;2021-01-30;183;74;9241;327;4.1;0.1
65;2021-01-31;15;0;9256;327;4.1;0.1
65;2021-02-01;320;90;9576;417;4.2;0.2
65;2021-02-02;418;195;9994;612;4.4;0.3
65;2021-02-03;463;245;10457;857;4.6;0.4
65;2021-02-04;307;333;10764;1190;4.7;0.5
65;2021-02-05;282;362;11046;1552;4.9;0.7
65;2021-02-06;99;103;11145;1655;4.9;0.7
65;2021-02-07;10;0;11155;1655;4.9;0.7
65;2021-02-08;424;223;11579;1878;5.1;0.8
65;2021-02-09;271;379;11850;2257;5.2;1.0
65;2021-02-10;296;272;12146;2529;5.4;1.1
65;2021-02-11;320;273;12466;2802;5.5;1.2
65;2021-02-12;276;232;12742;3034;5.6;1.3
65;2021-02-13;124;97;12866;3131;5.7;1.4
65;2021-02-14;2;16;12868;3147;5.7;1.4
65;2021-02-15;202;415;13070;3562;5.8;1.6
65;2021-02-16;488;582;13558;4144;6.0;1.8
65;2021-02-17;229;500;13787;4644;6.1;2.0
65;2021-02-18;285;586;14072;5230;6.2;2.3
65;2021-02-19;155;479;14227;5709;6.3;2.5
65;2021-02-20;53;158;14280;5867;6.3;2.6
65;2021-02-21;2;48;14282;5915;6.3;2.6
65;2021-02-22;166;540;14448;6455;6.4;2.8
65;2021-02-23;247;529;14695;6984;6.5;3.1
65;2021-02-24;232;637;14927;7621;6.6;3.4
65;2021-02-25;211;178;15138;7799;6.7;3.4
65;2021-02-26;350;776;15488;8575;6.8;3.8
65;2021-02-27;107;202;15595;8777;6.9;3.9
65;2021-02-28;1;0;15596;8777;6.9;3.9
65;2021-03-01;375;375;15971;9152;7.0;4.0
65;2021-03-02;452;361;16423;9513;7.2;4.2
65;2021-03-03;380;390;16803;9903;7.4;4.4
65;2021-03-04;695;329;17498;10232;7.7;4.5
65;2021-03-05;674;284;18172;10516;8.0;4.6
65;2021-03-06;1183;83;19355;10599;8.5;4.7
65;2021-03-07;257;10;19612;10609;8.6;4.7
65;2021-03-08;411;344;20023;10953;8.8;4.8
65;2021-03-09;667;333;20690;11286;9.1;5.0
65;2021-03-10;625;370;21315;11656;9.4;5.1
65;2021-03-11;781;356;22096;12012;9.7;5.3
65;2021-03-12;1057;188;23153;12200;10.2;5.4
65;2021-03-13;353;92;23506;12292;10.4;5.4
65;2021-03-14;3;31;23509;12323;10.4;5.4
65;2021-03-15;813;183;24322;12506;10.7;5.5
65;2021-03-16;692;217;25014;12723;11.0;5.6
65;2021-03-17;709;206;25723;12929;11.3;5.7
65;2021-03-18;531;233;26254;13162;11.6;5.8
65;2021-03-19;877;161;27131;13323;12.0;5.9
65;2021-03-20;244;45;27375;13368;12.1;5.9
65;2021-03-21;8;2;27383;13370;12.1;5.9
65;2021-03-22;732;153;28115;13523;12.4;6.0
65;2021-03-23;834;366;28949;13889;12.8;6.1
65;2021-03-24;868;252;29817;14141;13.1;6.2
65;2021-03-25;1250;193;31067;14334;13.7;6.3
65;2021-03-26;1220;137;32287;14471;14.2;6.4
65;2021-03-27;1357;80;33644;14551;14.8;6.4
65;2021-03-28;1;2;33645;14553;14.8;6.4
65;2021-03-29;1488;357;35133;14910;15.5;6.6
65;2021-03-30;1356;401;36489;15311;16.1;6.7
65;2021-03-31;1204;368;37693;15679;16.6;6.9
65;2021-04-01;1509;395;39202;16074;17.3;7.1
65;2021-04-02;1681;286;40883;16360;18.0;7.2
65;2021-04-03;247;42;41130;16402;18.1;7.2
65;2021-04-04;4;2;41134;16404;18.1;7.2
65;2021-04-05;158;44;41292;16448;18.2;7.3
65;2021-04-06;1287;492;42579;16940;18.8;7.5
65;2021-04-07;1953;445;44532;17385;19.6;7.7
65;2021-04-08;1633;411;46165;17796;20.4;7.8
65;2021-04-09;1643;469;47808;18265;21.1;8.1
65;2021-04-10;1588;145;49396;18410;21.8;8.1
65;2021-04-11;3;0;49399;18410;21.8;8.1
65;2021-04-12;1348;736;50747;19146;22.4;8.4
65;2021-04-13;1575;591;52322;19737;23.1;8.7
65;2021-04-14;1904;736;54226;20473;23.9;9.0
65;2021-04-15;1698;661;55924;21134;24.7;9.3
65;2021-04-16;1825;527;57749;21661;25.5;9.5
65;2021-04-17;2156;123;59905;21784;26.4;9.6
65;2021-04-18;7;27;59912;21811;26.4;9.6
65;2021-04-19;1338;775;61250;22586;27.0;10.0
65;2021-04-20;1526;704;62776;23290;27.7;10.3
65;2021-04-21;1046;1048;63822;24338;28.1;10.7
65;2021-04-22;1644;723;65466;25061;28.9;11.0
65;2021-04-23;1160;1144;66626;26205;29.4;11.6
65;2021-04-24;1260;601;67886;26806;29.9;11.8
65;2021-04-25;31;15;67917;26821;29.9;11.8
65;2021-04-26;1603;1295;69520;28116;30.6;12.4
65;2021-04-27;1423;1334;70943;29450;31.3;13.0
65;2021-04-28;1729;1022;72672;30472;32.0;13.4
65;2021-04-29;1962;1025;74634;31497;32.9;13.9
65;2021-04-30;1779;925;76413;32422;33.7;14.3
65;2021-05-01;1572;218;77985;32640;34.4;14.4
65;2021-05-02;670;21;78655;32661;34.7;14.4
65;2021-05-03;1283;1619;79938;34280;35.2;15.1
65;2021-05-04;1538;1241;81476;35521;35.9;15.7
65;2021-05-05;1372;1643;82848;37164;36.5;16.4
65;2021-05-06;1551;1179;84399;38343;37.2;16.9
65;2021-05-07;1270;1568;85669;39911;37.8;17.6
65;2021-05-08;1648;438;87317;40349;38.5;17.8
65;2021-05-09;0;90;87317;40439;38.5;17.8
65;2021-05-10;951;1882;88268;42321;38.9;18.7
65;2021-05-11;1058;1810;89326;44131;39.4;19.5
65;2021-05-12;1234;1635;90560;45766;39.9;20.2
65;2021-05-13;1341;168;91901;45934;40.5;20.2
65;2021-05-14;1577;1095;93478;47029;41.2;20.7
65;2021-05-15;1400;505;94878;47534;41.8;21.0
65;2021-05-16;1445;70;96323;47604;42.5;21.0
65;2021-05-17;1037;1615;97360;49219;42.9;21.7
65;2021-05-18;1610;1202;98970;50421;43.6;22.2
65;2021-05-19;1685;1005;100655;51426;44.4;22.7
65;2021-05-20;1844;1046;102499;52472;45.2;23.1
65;2021-05-21;1792;1233;104291;53705;46.0;23.7
65;2021-05-22;1286;638;105577;54343;46.5;24.0
65;2021-05-23;689;32;106266;54375;46.8;24.0
65;2021-05-24;703;77;106969;54452;47.2;24.0
65;2021-05-25;1354;1543;108323;55995;47.8;24.7
65;2021-05-26;1472;1354;109795;57349;48.4;25.3
65;2021-05-27;1618;1456;111413;58805;49.1;25.9
65;2021-05-28;1598;1672;113011;60477;49.8;26.7
65;2021-05-29;1186;1512;114197;61989;50.3;27.3
65;2021-05-30;6;10;114203;61999;50.3;27.3
65;2021-05-31;1321;1298;115524;63297;50.9;27.9
65;2021-06-01;1829;931;117353;64228;51.7;28.3
65;2021-06-02;1572;948;118925;65176;52.4;28.7
65;2021-06-03;1339;1101;120264;66277;53.0;29.2
65;2021-06-04;1787;1562;122051;67839;53.8;29.9
65;2021-06-05;433;1239;122484;69078;54.0;30.5
65;2021-06-06;3;13;122487;69091;54.0;30.5
65;2021-06-07;672;1984;123159;71075;54.3;31.3
65;2021-06-08;955;1537;124114;72612;54.7;32.0
65;2021-06-09;823;1549;124937;74161;55.1;32.7
65;2021-06-10;738;1155;125675;75316;55.4;33.2
65;2021-06-11;911;1808;126586;77124;55.8;34.0
65;2021-06-12;150;639;126736;77763;55.9;34.3
65;2021-06-13;5;7;126741;77770;55.9;34.3
65;2021-06-14;506;2422;127247;80192;56.1;35.4
65;2021-06-15;938;1807;128185;81999;56.5;36.1
65;2021-06-16;1060;1368;129245;83367;57.0;36.8
65;2021-06-17;813;1046;130058;84413;57.3;37.2
65;2021-06-18;1015;1629;131073;86042;57.8;37.9
65;2021-06-19;687;1687;131760;87729;58.1;38.7
65;2021-06-20;1;2;131761;87731;58.1;38.7
65;2021-06-21;740;1937;132501;89668;58.4;39.5
65;2021-06-22;1041;1478;133542;91146;58.9;40.2
65;2021-06-23;1062;1234;134604;92380;59.3;40.7
65;2021-06-24;956;1142;135560;93522;59.8;41.2
65;2021-06-25;829;1965;136389;95487;60.1;42.1
65;2021-06-26;169;1658;136558;97145;60.2;42.8
65;2021-06-27;15;1101;136573;98246;60.2;43.3
65;2021-06-28;444;2304;137017;100550;60.4;44.3
65;2021-06-29;683;1912;137700;102462;60.7;45.2
65;2021-06-30;928;1680;138628;104142;61.1;45.9
65;2021-07-01;600;748;139228;104890;61.4;46.2
65;2021-07-02;1159;1730;140387;106620;61.9;47.0
65;2021-07-03;191;1914;140578;108534;62.0;47.8
65;2021-07-04;412;181;140990;108715;62.2;47.9
65;2021-07-05;640;1995;141630;110710;62.4;48.8
65;2021-07-06;888;2123;142518;112833;62.8;49.7
65;2021-07-07;957;1510;143475;114343;63.2;50.4
65;2021-07-08;321;662;143796;115005;63.4;50.7
65;2021-07-09;544;1594;144340;116599;63.6;51.4
65;2021-07-10;289;956;144629;117555;63.8;51.8
65;2021-07-11;0;0;144629;117555;63.8;51.8
65;2021-07-12;467;2222;145096;119777;64.0;52.8
65;2021-07-13;679;2146;145775;121923;64.3;53.7
65;2021-07-14;207;49;145982;121972;64.4;53.8
65;2021-07-15;1018;1661;147000;123633;64.8;54.5
65;2021-07-16;1166;1876;148166;125509;65.3;55.3
65;2021-07-17;407;538;148573;126047;65.5;55.6
65;2021-07-18;22;12;148595;126059;65.5;55.6
65;2021-07-19;624;1492;149219;127551;65.8;56.2
65;2021-07-20;1415;1692;150634;129243;66.4;57.0
65;2021-07-21;1373;1649;152007;130892;67.0;57.7
65;2021-07-22;2129;1262;154136;132154;67.9;58.3
65;2021-07-23;1571;1784;155707;133938;68.6;59.0
65;2021-07-24;1028;646;156735;134584;69.1;59.3
65;2021-07-25;21;21;156756;134605;69.1;59.3
65;2021-07-26;1108;1240;157864;135845;69.6;59.9
65;2021-07-27;1752;1952;159616;137797;70.4;60.7
65;2021-07-28;1555;1307;161171;139104;71.1;61.3
65;2021-07-29;2798;1111;163969;140215;72.3;61.8
65;2021-07-30;2386;1379;166355;141594;73.3;62.4
65;2021-07-31;2194;335;168549;141929;74.3;62.6
65;2021-08-01;13;15;168562;141944;74.3;62.6
66;2020-12-27;0;0;0;0;0.0;0.0
66;2020-12-28;2;0;2;0;0.0;0.0
66;2020-12-29;0;0;2;0;0.0;0.0
66;2020-12-30;0;0;2;0;0.0;0.0
66;2020-12-31;1;0;3;0;0.0;0.0
66;2021-01-01;0;0;3;0;0.0;0.0
66;2021-01-02;0;0;3;0;0.0;0.0
66;2021-01-03;0;0;3;0;0.0;0.0
66;2021-01-04;30;0;33;0;0.0;0.0
66;2021-01-05;135;0;168;0;0.0;0.0
66;2021-01-06;195;0;363;0;0.1;0.0
66;2021-01-07;180;0;543;0;0.1;0.0
66;2021-01-08;212;0;755;0;0.2;0.0
66;2021-01-09;231;0;986;0;0.2;0.0
66;2021-01-10;11;0;997;0;0.2;0.0
66;2021-01-11;404;2;1401;2;0.3;0.0
66;2021-01-12;586;2;1987;4;0.4;0.0
66;2021-01-13;877;5;2864;9;0.6;0.0
66;2021-01-14;891;11;3755;20;0.8;0.0
66;2021-01-15;584;1;4339;21;0.9;0.0
66;2021-01-16;106;2;4445;23;0.9;0.0
66;2021-01-17;46;1;4491;24;0.9;0.0
66;2021-01-18;654;2;5145;26;1.1;0.0
66;2021-01-19;713;3;5858;29;1.2;0.0
66;2021-01-20;1168;3;7026;32;1.5;0.0
66;2021-01-21;2402;3;9428;35;2.0;0.0
66;2021-01-22;1435;8;10863;43;2.3;0.0
66;2021-01-23;399;3;11262;46;2.4;0.0
66;2021-01-24;226;9;11488;55;2.4;0.0
66;2021-01-25;737;43;12225;98;2.6;0.0
66;2021-01-26;785;68;13010;166;2.7;0.0
66;2021-01-27;864;104;13874;270;2.9;0.1
66;2021-01-28;869;128;14743;398;3.1;0.1
66;2021-01-29;816;126;15559;524;3.2;0.1
66;2021-01-30;480;71;16039;595;3.3;0.1
66;2021-01-31;202;27;16241;622;3.4;0.1
66;2021-02-01;562;190;16803;812;3.5;0.2
66;2021-02-02;618;291;17421;1103;3.6;0.2
66;2021-02-03;736;629;18157;1732;3.8;0.4
66;2021-02-04;688;621;18845;2353;3.9;0.5
66;2021-02-05;775;417;19620;2770;4.1;0.6
66;2021-02-06;413;147;20033;2917;4.2;0.6
66;2021-02-07;169;139;20202;3056;4.2;0.6
66;2021-02-08;500;395;20702;3451;4.3;0.7
66;2021-02-09;529;401;21231;3852;4.4;0.8
66;2021-02-10;614;773;21845;4625;4.6;1.0
66;2021-02-11;1104;1574;22949;6199;4.8;1.3
66;2021-02-12;1120;1202;24069;7401;5.0;1.5
66;2021-02-13;366;305;24435;7706;5.1;1.6
66;2021-02-14;111;199;24546;7905;5.1;1.7
66;2021-02-15;425;701;24971;8606;5.2;1.8
66;2021-02-16;303;792;25274;9398;5.3;2.0
66;2021-02-17;377;702;25651;10100;5.4;2.1
66;2021-02-18;366;779;26017;10879;5.4;2.3
66;2021-02-19;400;704;26417;11583;5.5;2.4
66;2021-02-20;184;414;26601;11997;5.6;2.5
66;2021-02-21;40;172;26641;12169;5.6;2.5
66;2021-02-22;415;646;27056;12815;5.6;2.7
66;2021-02-23;508;660;27564;13475;5.8;2.8
66;2021-02-24;340;752;27904;14227;5.8;3.0
66;2021-02-25;718;715;28622;14942;6.0;3.1
66;2021-02-26;951;748;29573;15690;6.2;3.3
66;2021-02-27;363;433;29936;16123;6.2;3.4
66;2021-02-28;59;173;29995;16296;6.3;3.4
66;2021-03-01;378;655;30373;16951;6.3;3.5
66;2021-03-02;332;657;30705;17608;6.4;3.7
66;2021-03-03;525;643;31230;18251;6.5;3.8
66;2021-03-04;988;1055;32218;19306;6.7;4.0
66;2021-03-05;1526;795;33744;20101;7.0;4.2
66;2021-03-06;1145;342;34889;20443;7.3;4.3
66;2021-03-07;1096;96;35985;20539;7.5;4.3
66;2021-03-08;694;545;36679;21084;7.7;4.4
66;2021-03-09;1221;594;37900;21678;7.9;4.5
66;2021-03-10;1300;501;39200;22179;8.2;4.6
66;2021-03-11;1474;595;40674;22774;8.5;4.8
66;2021-03-12;2392;578;43066;23352;9.0;4.9
66;2021-03-13;1081;306;44147;23658;9.2;4.9
66;2021-03-14;190;85;44337;23743;9.3;5.0
66;2021-03-15;1108;393;45445;24136;9.5;5.0
66;2021-03-16;952;260;46397;24396;9.7;5.1
66;2021-03-17;866;395;47263;24791;9.9;5.2
66;2021-03-18;967;343;48230;25134;10.1;5.2
66;2021-03-19;1292;316;49522;25450;10.3;5.3
66;2021-03-20;837;121;50359;25571;10.5;5.3
66;2021-03-21;185;44;50544;25615;10.6;5.3
66;2021-03-22;1106;397;51650;26012;10.8;5.4
66;2021-03-23;1754;389;53404;26401;11.1;5.5
66;2021-03-24;1791;513;55195;26914;11.5;5.6
66;2021-03-25;2531;464;57726;27378;12.1;5.7
66;2021-03-26;2576;357;60302;27735;12.6;5.8
66;2021-03-27;1206;294;61508;28029;12.8;5.9
66;2021-03-28;320;3;61828;28032;12.9;5.9
66;2021-03-29;1827;254;63655;28286;13.3;5.9
66;2021-03-30;2237;171;65892;28457;13.8;5.9
66;2021-03-31;1984;250;67876;28707;14.2;6.0
66;2021-04-01;2669;301;70545;29008;14.7;6.1
66;2021-04-02;2415;253;72960;29261;15.2;6.1
66;2021-04-03;1148;334;74108;29595;15.5;6.2
66;2021-04-04;105;127;74213;29722;15.5;6.2
66;2021-04-05;195;141;74408;29863;15.5;6.2
66;2021-04-06;1330;652;75738;30515;15.8;6.4
66;2021-04-07;1395;593;77133;31108;16.1;6.5
66;2021-04-08;2066;546;79199;31654;16.5;6.6
66;2021-04-09;3473;654;82672;32308;17.3;6.7
66;2021-04-10;2305;522;84977;32830;17.7;6.9
66;2021-04-11;1200;166;86177;32996;18.0;6.9
66;2021-04-12;2699;1021;88876;34017;18.6;7.1
66;2021-04-13;3608;1058;92484;35075;19.3;7.3
66;2021-04-14;3291;921;95775;35996;20.0;7.5
66;2021-04-15;3549;1046;99324;37042;20.7;7.7
66;2021-04-16;3591;1031;102915;38073;21.5;7.9
66;2021-04-17;2261;586;105176;38659;22.0;8.1
66;2021-04-18;1445;130;106621;38789;22.3;8.1
66;2021-04-19;2256;1121;108877;39910;22.7;8.3
66;2021-04-20;2369;1080;111246;40990;23.2;8.6
66;2021-04-21;2867;1180;114113;42170;23.8;8.8
66;2021-04-22;2656;1229;116769;43399;24.4;9.1
66;2021-04-23;2378;1233;119147;44632;24.9;9.3
66;2021-04-24;2744;874;121891;45506;25.4;9.5
66;2021-04-25;1207;267;123098;45773;25.7;9.6
66;2021-04-26;1995;1253;125093;47026;26.1;9.8
66;2021-04-27;2748;1298;127841;48324;26.7;10.1
66;2021-04-28;2416;1662;130257;49986;27.2;10.4
66;2021-04-29;2698;2123;132955;52109;27.8;10.9
66;2021-04-30;3055;1557;136010;53666;28.4;11.2
66;2021-05-01;2001;468;138011;54134;28.8;11.3
66;2021-05-02;1529;262;139540;54396;29.1;11.4
66;2021-05-03;2938;1109;142478;55505;29.7;11.6
66;2021-05-04;3170;1342;145648;56847;30.4;11.9
66;2021-05-05;3052;1535;148700;58382;31.0;12.2
66;2021-05-06;3758;2077;152458;60459;31.8;12.6
66;2021-05-07;2965;3082;155423;63541;32.4;13.3
66;2021-05-08;1729;1169;157152;64710;32.8;13.5
66;2021-05-09;887;1373;158039;66083;33.0;13.8
66;2021-05-10;1805;2973;159844;69056;33.4;14.4
66;2021-05-11;2739;3122;162583;72178;33.9;15.1
66;2021-05-12;2429;2568;165012;74746;34.4;15.6
66;2021-05-13;2255;1381;167267;76127;34.9;15.9
66;2021-05-14;2773;2116;170040;78243;35.5;16.3
66;2021-05-15;2329;1577;172369;79820;36.0;16.7
66;2021-05-16;2286;1251;174655;81071;36.5;16.9
66;2021-05-17;2049;1823;176704;82894;36.9;17.3
66;2021-05-18;3237;1806;179941;84700;37.6;17.7
66;2021-05-19;2877;1337;182818;86037;38.2;18.0
66;2021-05-20;4377;1442;187195;87479;39.1;18.3
66;2021-05-21;3268;1459;190463;88938;39.8;18.6
66;2021-05-22;3066;770;193529;89708;40.4;18.7
66;2021-05-23;1508;237;195037;89945;40.7;18.8
66;2021-05-24;1954;426;196991;90371;41.1;18.9
66;2021-05-25;2793;1688;199784;92059;41.7;19.2
66;2021-05-26;2781;1491;202565;93550;42.3;19.5
66;2021-05-27;3382;2251;205947;95801;43.0;20.0
66;2021-05-28;2680;3051;208627;98852;43.6;20.6
66;2021-05-29;2147;1519;210774;100371;44.0;21.0
66;2021-05-30;785;989;211559;101360;44.2;21.2
66;2021-05-31;2120;1788;213679;103148;44.6;21.5
66;2021-06-01;2622;2002;216301;105150;45.2;22.0
66;2021-06-02;2803;2337;219104;107487;45.7;22.4
66;2021-06-03;2472;2975;221576;110462;46.3;23.1
66;2021-06-04;1852;3351;223428;113813;46.6;23.8
66;2021-06-05;1408;2601;224836;116414;46.9;24.3
66;2021-06-06;291;1224;225127;117638;47.0;24.6
66;2021-06-07;1331;2957;226458;120595;47.3;25.2
66;2021-06-08;1736;3019;228194;123614;47.6;25.8
66;2021-06-09;2068;2786;230262;126400;48.1;26.4
66;2021-06-10;2076;2952;232338;129352;48.5;27.0
66;2021-06-11;2093;3866;234431;133218;48.9;27.8
66;2021-06-12;870;2410;235301;135628;49.1;28.3
66;2021-06-13;515;1333;235816;136961;49.2;28.6
66;2021-06-14;1360;3492;237176;140453;49.5;29.3
66;2021-06-15;2127;3571;239303;144024;50.0;30.1
66;2021-06-16;1786;3567;241089;147591;50.3;30.8
66;2021-06-17;2429;3603;243518;151194;50.8;31.6
66;2021-06-18;2226;3822;245744;155016;51.3;32.4
66;2021-06-19;1540;2318;247284;157334;51.6;32.8
66;2021-06-20;991;1258;248275;158592;51.8;33.1
66;2021-06-21;1160;2877;249435;161469;52.1;33.7
66;2021-06-22;1502;3760;250937;165229;52.4;34.5
66;2021-06-23;1322;3024;252259;168253;52.7;35.1
66;2021-06-24;1508;3230;253767;171483;53.0;35.8
66;2021-06-25;1395;3534;255162;175017;53.3;36.5
66;2021-06-26;962;2680;256124;177697;53.5;37.1
66;2021-06-27;677;1556;256801;179253;53.6;37.4
66;2021-06-28;975;2974;257776;182227;53.8;38.0
66;2021-06-29;1139;3790;258915;186017;54.1;38.8
66;2021-06-30;1271;3295;260186;189312;54.3;39.5
66;2021-07-01;1342;4042;261528;193354;54.6;40.4
66;2021-07-02;1292;3604;262820;196958;54.9;41.1
66;2021-07-03;1147;3896;263967;200854;55.1;41.9
66;2021-07-04;713;1789;264680;202643;55.3;42.3
66;2021-07-05;1082;2999;265762;205642;55.5;42.9
66;2021-07-06;1363;3781;267125;209423;55.8;43.7
66;2021-07-07;1376;3250;268501;212673;56.1;44.4
66;2021-07-08;1258;3376;269759;216049;56.3;45.1
66;2021-07-09;1417;3461;271176;219510;56.6;45.8
66;2021-07-10;998;2404;272174;221914;56.8;46.3
66;2021-07-11;537;1539;272711;223453;56.9;46.6
66;2021-07-12;980;3636;273691;227089;57.1;47.4
66;2021-07-13;2110;4262;275801;231351;57.6;48.3
66;2021-07-14;1935;1222;277736;232573;58.0;48.6
66;2021-07-15;2764;3101;280500;235674;58.6;49.2
66;2021-07-16;3296;3174;283796;238848;59.2;49.9
66;2021-07-17;2107;2026;285903;240874;59.7;50.3
66;2021-07-18;1193;1055;287096;241929;59.9;50.5
66;2021-07-19;2778;3069;289874;244998;60.5;51.1
66;2021-07-20;3625;2859;293499;247857;61.3;51.7
66;2021-07-21;3942;2922;297441;250779;62.1;52.4
66;2021-07-22;3819;2792;301260;253571;62.9;52.9
66;2021-07-23;3853;3016;305113;256587;63.7;53.6
66;2021-07-24;2581;1907;307694;258494;64.2;54.0
66;2021-07-25;2012;1232;309706;259726;64.7;54.2
66;2021-07-26;2760;2619;312466;262345;65.2;54.8
66;2021-07-27;3186;2874;315652;265219;65.9;55.4
66;2021-07-28;3328;2553;318980;267772;66.6;55.9
66;2021-07-29;3797;2504;322777;270276;67.4;56.4
66;2021-07-30;4132;2428;326909;272704;68.2;56.9
66;2021-07-31;2173;1687;329082;274391;68.7;57.3
66;2021-08-01;1812;879;330894;275270;69.1;57.5
67;2020-12-27;4;0;4;0;0.0;0.0
67;2020-12-28;2;0;6;0;0.0;0.0
67;2020-12-29;0;0;6;0;0.0;0.0
67;2020-12-30;0;0;6;0;0.0;0.0
67;2020-12-31;0;0;6;0;0.0;0.0
67;2021-01-01;3;0;9;0;0.0;0.0
67;2021-01-02;1;0;10;0;0.0;0.0
67;2021-01-03;1;0;11;0;0.0;0.0
67;2021-01-04;41;0;52;0;0.0;0.0
67;2021-01-05;167;0;219;0;0.0;0.0
67;2021-01-06;121;0;340;0;0.0;0.0
67;2021-01-07;235;1;575;1;0.1;0.0
67;2021-01-08;232;1;807;2;0.1;0.0
67;2021-01-09;113;1;920;3;0.1;0.0
67;2021-01-10;66;0;986;3;0.1;0.0
67;2021-01-11;182;1;1168;4;0.1;0.0
67;2021-01-12;511;1;1679;5;0.1;0.0
67;2021-01-13;651;2;2330;7;0.2;0.0
67;2021-01-14;1074;7;3404;14;0.3;0.0
67;2021-01-15;936;8;4340;22;0.4;0.0
67;2021-01-16;196;3;4536;25;0.4;0.0
67;2021-01-17;98;0;4634;25;0.4;0.0
67;2021-01-18;892;2;5526;27;0.5;0.0
67;2021-01-19;1423;5;6949;32;0.6;0.0
67;2021-01-20;1849;12;8798;44;0.8;0.0
67;2021-01-21;2199;9;10997;53;1.0;0.0
67;2021-01-22;1987;5;12984;58;1.1;0.0
67;2021-01-23;811;5;13795;63;1.2;0.0
67;2021-01-24;380;1;14175;64;1.3;0.0
67;2021-01-25;526;32;14701;96;1.3;0.0
67;2021-01-26;157;108;14858;204;1.3;0.0
67;2021-01-27;1391;90;16249;294;1.4;0.0
67;2021-01-28;3049;226;19298;520;1.7;0.0
67;2021-01-29;2024;156;21322;676;1.9;0.1
67;2021-01-30;1094;83;22416;759;2.0;0.1
67;2021-01-31;1160;29;23576;788;2.1;0.1
67;2021-02-01;3388;247;26964;1035;2.4;0.1
67;2021-02-02;2685;429;29649;1464;2.6;0.1
67;2021-02-03;1568;404;31217;1868;2.8;0.2
67;2021-02-04;1193;764;32410;2632;2.9;0.2
67;2021-02-05;1193;646;33603;3278;3.0;0.3
67;2021-02-06;788;148;34391;3426;3.0;0.3
67;2021-02-07;289;44;34680;3470;3.1;0.3
67;2021-02-08;837;452;35517;3922;3.1;0.3
67;2021-02-09;955;742;36472;4664;3.2;0.4
67;2021-02-10;928;796;37400;5460;3.3;0.5
67;2021-02-11;1149;1130;38549;6590;3.4;0.6
67;2021-02-12;1243;780;39792;7370;3.5;0.7
67;2021-02-13;765;281;40557;7651;3.6;0.7
67;2021-02-14;243;95;40800;7746;3.6;0.7
67;2021-02-15;778;838;41578;8584;3.7;0.8
67;2021-02-16;925;1149;42503;9733;3.8;0.9
67;2021-02-17;782;1196;43285;10929;3.8;1.0
67;2021-02-18;1397;2567;44682;13496;3.9;1.2
67;2021-02-19;1371;2119;46053;15615;4.1;1.4
67;2021-02-20;628;911;46681;16526;4.1;1.5
67;2021-02-21;207;1196;46888;17722;4.1;1.6
67;2021-02-22;1400;2174;48288;19896;4.3;1.8
67;2021-02-23;1457;1581;49745;21477;4.4;1.9
67;2021-02-24;1432;1068;51177;22545;4.5;2.0
67;2021-02-25;1614;1491;52791;24036;4.7;2.1
67;2021-02-26;2220;1411;55011;25447;4.9;2.2
67;2021-02-27;1255;788;56266;26235;5.0;2.3
67;2021-02-28;146;364;56412;26599;5.0;2.3
67;2021-03-01;636;1006;57048;27605;5.0;2.4
67;2021-03-02;888;1198;57936;28803;5.1;2.5
67;2021-03-03;1409;1284;59345;30087;5.2;2.7
67;2021-03-04;1956;1057;61301;31144;5.4;2.7
67;2021-03-05;3250;1106;64551;32250;5.7;2.8
67;2021-03-06;2332;771;66883;33021;5.9;2.9
67;2021-03-07;465;282;67348;33303;5.9;2.9
67;2021-03-08;1184;793;68532;34096;6.1;3.0
67;2021-03-09;2214;899;70746;34995;6.2;3.1
67;2021-03-10;2442;1191;73188;36186;6.5;3.2
67;2021-03-11;3203;1351;76391;37537;6.7;3.3
67;2021-03-12;5248;1367;81639;38904;7.2;3.4
67;2021-03-13;3996;881;85635;39785;7.6;3.5
67;2021-03-14;483;387;86118;40172;7.6;3.5
67;2021-03-15;2188;1154;88306;41326;7.8;3.6
67;2021-03-16;1543;1229;89849;42555;7.9;3.8
67;2021-03-17;2060;918;91909;43473;8.1;3.8
67;2021-03-18;2385;718;94294;44191;8.3;3.9
67;2021-03-19;3669;743;97963;44934;8.6;4.0
67;2021-03-20;3064;502;101027;45436;8.9;4.0
67;2021-03-21;331;14;101358;45450;8.9;4.0
67;2021-03-22;2326;776;103684;46226;9.2;4.1
67;2021-03-23;3394;761;107078;46987;9.5;4.1
67;2021-03-24;3902;805;110980;47792;9.8;4.2
67;2021-03-25;5311;528;116291;48320;10.3;4.3
67;2021-03-26;6866;467;123157;48787;10.9;4.3
67;2021-03-27;3921;331;127078;49118;11.2;4.3
67;2021-03-28;576;98;127654;49216;11.3;4.3
67;2021-03-29;3809;425;131463;49641;11.6;4.4
67;2021-03-30;4828;663;136291;50304;12.0;4.4
67;2021-03-31;4840;683;141131;50987;12.5;4.5
67;2021-04-01;5135;913;146266;51900;12.9;4.6
67;2021-04-02;1000;169;147266;52069;13.0;4.6
67;2021-04-03;1689;284;148955;52353;13.2;4.6
67;2021-04-04;326;5;149281;52358;13.2;4.6
67;2021-04-05;365;3;149646;52361;13.2;4.6
67;2021-04-06;3470;1172;153116;53533;13.5;4.7
67;2021-04-07;4530;1270;157646;54803;13.9;4.8
67;2021-04-08;5649;1392;163295;56195;14.4;5.0
67;2021-04-09;7105;1322;170400;57517;15.0;5.1
67;2021-04-10;4325;880;174725;58397;15.4;5.2
67;2021-04-11;855;425;175580;58822;15.5;5.2
67;2021-04-12;3878;1397;179458;60219;15.8;5.3
67;2021-04-13;4890;1571;184348;61790;16.3;5.5
67;2021-04-14;5235;1891;189583;63681;16.7;5.6
67;2021-04-15;6064;2097;195647;65778;17.3;5.8
67;2021-04-16;7830;2398;203477;68176;18.0;6.0
67;2021-04-17;4003;1576;207480;69752;18.3;6.2
67;2021-04-18;1113;646;208593;70398;18.4;6.2
67;2021-04-19;3627;2139;212220;72537;18.7;6.4
67;2021-04-20;4253;1919;216473;74456;19.1;6.6
67;2021-04-21;4067;2514;220540;76970;19.5;6.8
67;2021-04-22;4474;2901;225014;79871;19.9;7.1
67;2021-04-23;5234;2987;230248;82858;20.3;7.3
67;2021-04-24;3098;2012;233346;84870;20.6;7.5
67;2021-04-25;1026;446;234372;85316;20.7;7.5
67;2021-04-26;3185;2613;237557;87929;21.0;7.8
67;2021-04-27;4020;2922;241577;90851;21.3;8.0
67;2021-04-28;4246;3416;245823;94267;21.7;8.3
67;2021-04-29;5122;3512;250945;97779;22.2;8.6
67;2021-04-30;7175;2480;258120;100259;22.8;8.9
67;2021-05-01;2680;782;260800;101041;23.0;8.9
67;2021-05-02;2180;671;262980;101712;23.2;9.0
67;2021-05-03;5559;2611;268539;104323;23.7;9.2
67;2021-05-04;5848;3606;274387;107929;24.2;9.5
67;2021-05-05;5206;4195;279593;112124;24.7;9.9
67;2021-05-06;6710;4910;286303;117034;25.3;10.3
67;2021-05-07;6423;6912;292726;123946;25.8;10.9
67;2021-05-08;3559;1020;296285;124966;26.2;11.0
67;2021-05-09;3371;598;299656;125564;26.5;11.1
67;2021-05-10;4692;4528;304348;130092;26.9;11.5
67;2021-05-11;5646;4926;309994;135018;27.4;11.9
67;2021-05-12;6587;4839;316581;139857;28.0;12.3
67;2021-05-13;7306;1698;323887;141555;28.6;12.5
67;2021-05-14;8881;5370;332768;146925;29.4;13.0
67;2021-05-15;8186;3652;340954;150577;30.1;13.3
67;2021-05-16;6171;973;347125;151550;30.6;13.4
67;2021-05-17;5688;3907;352813;155457;31.2;13.7
67;2021-05-18;6897;3980;359710;159437;31.8;14.1
67;2021-05-19;7373;4165;367083;163602;32.4;14.4
67;2021-05-20;8687;4217;375770;167819;33.2;14.8
67;2021-05-21;8158;5845;383928;173664;33.9;15.3
67;2021-05-22;5936;3427;389864;177091;34.4;15.6
67;2021-05-23;2657;593;392521;177684;34.7;15.7
67;2021-05-24;4416;860;396937;178544;35.0;15.8
67;2021-05-25;5416;4764;402353;183308;35.5;16.2
67;2021-05-26;6056;4881;408409;188189;36.1;16.6
67;2021-05-27;7306;4894;415715;193083;36.7;17.0
67;2021-05-28;7962;6492;423677;199575;37.4;17.6
67;2021-05-29;6645;3874;430322;203449;38.0;18.0
67;2021-05-30;1146;810;431468;204259;38.1;18.0
67;2021-05-31;6402;4055;437870;208314;38.7;18.4
67;2021-06-01;7328;4397;445198;212711;39.3;18.8
67;2021-06-02;8055;4170;453253;216881;40.0;19.1
67;2021-06-03;8831;4860;462084;221741;40.8;19.6
67;2021-06-04;8585;6115;470669;227856;41.6;20.1
67;2021-06-05;6555;3987;477224;231843;42.1;20.5
67;2021-06-06;3477;873;480701;232716;42.4;20.5
67;2021-06-07;7414;4258;488115;236974;43.1;20.9
67;2021-06-08;8627;4919;496742;241893;43.9;21.4
67;2021-06-09;9260;4798;506002;246691;44.7;21.8
67;2021-06-10;9767;5012;515769;251703;45.5;22.2
67;2021-06-11;8063;8328;523832;260031;46.3;23.0
67;2021-06-12;6785;5188;530617;265219;46.8;23.4
67;2021-06-13;3103;1042;533720;266261;47.1;23.5
67;2021-06-14;5504;6458;539224;272719;47.6;24.1
67;2021-06-15;6685;6747;545909;279466;48.2;24.7
67;2021-06-16;6943;6698;552852;286164;48.8;25.3
67;2021-06-17;7261;9045;560113;295209;49.5;26.1
67;2021-06-18;7596;8506;567709;303715;50.1;26.8
67;2021-06-19;6379;5958;574088;309673;50.7;27.3
67;2021-06-20;1450;1411;575538;311084;50.8;27.5
67;2021-06-21;4260;6764;579798;317848;51.2;28.1
67;2021-06-22;4232;9094;584030;326942;51.6;28.9
67;2021-06-23;5256;8163;589286;335105;52.0;29.6
67;2021-06-24;4511;9087;593797;344192;52.4;30.4
67;2021-06-25;5326;9945;599123;354137;52.9;31.3
67;2021-06-26;3452;9105;602575;363242;53.2;32.1
67;2021-06-27;1015;3518;603590;366760;53.3;32.4
67;2021-06-28;2844;8737;606434;375497;53.5;33.2
67;2021-06-29;2889;8590;609323;384087;53.8;33.9
67;2021-06-30;3367;8736;612690;392823;54.1;34.7
67;2021-07-01;3585;8415;616275;401238;54.4;35.4
67;2021-07-02;3727;10933;620002;412171;54.7;36.4
67;2021-07-03;2968;7744;622970;419915;55.0;37.1
67;2021-07-04;761;1865;623731;421780;55.1;37.2
67;2021-07-05;2605;8253;626336;430033;55.3;38.0
67;2021-07-06;3042;8445;629378;438478;55.6;38.7
67;2021-07-07;3886;8734;633264;447212;55.9;39.5
67;2021-07-08;4176;7786;637440;454998;56.3;40.2
67;2021-07-09;3750;11371;641190;466369;56.6;41.2
67;2021-07-10;2838;8206;644028;474575;56.9;41.9
67;2021-07-11;930;1993;644958;476568;56.9;42.1
67;2021-07-12;2416;9716;647374;486284;57.2;42.9
67;2021-07-13;4071;9887;651445;496171;57.5;43.8
67;2021-07-14;3471;4392;654916;500563;57.8;44.2
67;2021-07-15;5093;12221;660009;512784;58.3;45.3
67;2021-07-16;4796;12289;664805;525073;58.7;46.4
67;2021-07-17;3718;8828;668523;533901;59.0;47.1
67;2021-07-18;1445;2541;669968;536442;59.2;47.4
67;2021-07-19;4593;9733;674561;546175;59.6;48.2
67;2021-07-20;5717;9817;680278;555992;60.1;49.1
67;2021-07-21;5790;10635;686068;566627;60.6;50.0
67;2021-07-22;6387;10219;692455;576846;61.1;50.9
67;2021-07-23;7336;11189;699791;588035;61.8;51.9
67;2021-07-24;5398;7567;705189;595602;62.3;52.6
67;2021-07-25;2300;1957;707489;597559;62.5;52.8
67;2021-07-26;4949;7234;712438;604793;62.9;53.4
67;2021-07-27;6512;7288;718950;612081;63.5;54.0
67;2021-07-28;7501;7175;726451;619256;64.1;54.7
67;2021-07-29;8300;6406;734751;625662;64.9;55.2
67;2021-07-30;8562;7266;743313;632928;65.6;55.9
67;2021-07-31;5022;4824;748335;637752;66.1;56.3
67;2021-08-01;2428;1384;750763;639136;66.3;56.4
68;2020-12-27;0;0;0;0;0.0;0.0
68;2020-12-28;0;0;0;0;0.0;0.0
68;2020-12-29;0;0;0;0;0.0;0.0
68;2020-12-30;0;0;0;0;0.0;0.0
68;2020-12-31;0;0;0;0;0.0;0.0
68;2021-01-01;0;0;0;0;0.0;0.0
68;2021-01-02;0;0;0;0;0.0;0.0
68;2021-01-03;0;0;0;0;0.0;0.0
68;2021-01-04;1;0;1;0;0.0;0.0
68;2021-01-05;11;0;12;0;0.0;0.0
68;2021-01-06;244;1;256;1;0.0;0.0
68;2021-01-07;75;0;331;1;0.0;0.0
68;2021-01-08;118;1;449;2;0.1;0.0
68;2021-01-09;20;0;469;2;0.1;0.0
68;2021-01-10;1;0;470;2;0.1;0.0
68;2021-01-11;82;0;552;2;0.1;0.0
68;2021-01-12;386;1;938;3;0.1;0.0
68;2021-01-13;703;1;1641;4;0.2;0.0
68;2021-01-14;372;2;2013;6;0.3;0.0
68;2021-01-15;204;1;2217;7;0.3;0.0
68;2021-01-16;1;0;2218;7;0.3;0.0
68;2021-01-17;0;0;2218;7;0.3;0.0
68;2021-01-18;379;5;2597;12;0.3;0.0
68;2021-01-19;559;5;3156;17;0.4;0.0
68;2021-01-20;706;9;3862;26;0.5;0.0
68;2021-01-21;1383;12;5245;38;0.7;0.0
68;2021-01-22;1499;12;6744;50;0.9;0.0
68;2021-01-23;215;3;6959;53;0.9;0.0
68;2021-01-24;697;0;7656;53;1.0;0.0
68;2021-01-25;1388;46;9044;99;1.2;0.0
68;2021-01-26;1551;80;10595;179;1.4;0.0
68;2021-01-27;2731;141;13326;320;1.7;0.0
68;2021-01-28;2346;57;15672;377;2.1;0.0
68;2021-01-29;1504;116;17176;493;2.3;0.1
68;2021-01-30;165;2;17341;495;2.3;0.1
68;2021-01-31;0;0;17341;495;2.3;0.1
68;2021-02-01;736;103;18077;598;2.4;0.1
68;2021-02-02;867;305;18944;903;2.5;0.1
68;2021-02-03;998;621;19942;1524;2.6;0.2
68;2021-02-04;1000;324;20942;1848;2.7;0.2
68;2021-02-05;946;236;21888;2084;2.9;0.3
68;2021-02-06;137;1;22025;2085;2.9;0.3
68;2021-02-07;1;16;22026;2101;2.9;0.3
68;2021-02-08;894;21;22920;2122;3.0;0.3
68;2021-02-09;1357;44;24277;2166;3.2;0.3
68;2021-02-10;1452;61;25729;2227;3.4;0.3
68;2021-02-11;1487;471;27216;2698;3.6;0.4
68;2021-02-12;1546;452;28762;3150;3.8;0.4
68;2021-02-13;132;0;28894;3150;3.8;0.4
68;2021-02-14;57;231;28951;3381;3.8;0.4
68;2021-02-15;662;1089;29613;4470;3.9;0.6
68;2021-02-16;862;1370;30475;5840;4.0;0.8
68;2021-02-17;1281;2134;31756;7974;4.2;1.0
68;2021-02-18;1637;2047;33393;10021;4.4;1.3
68;2021-02-19;985;1368;34378;11389;4.5;1.5
68;2021-02-20;93;125;34471;11514;4.5;1.5
68;2021-02-21;1;40;34472;11554;4.5;1.5
68;2021-02-22;446;798;34918;12352;4.6;1.6
68;2021-02-23;639;1059;35557;13411;4.7;1.8
68;2021-02-24;852;1158;36409;14569;4.8;1.9
68;2021-02-25;1209;1247;37618;15816;4.9;2.1
68;2021-02-26;1200;987;38818;16803;5.1;2.2
68;2021-02-27;547;173;39365;16976;5.2;2.2
68;2021-02-28;11;1;39376;16977;5.2;2.2
68;2021-03-01;938;768;40314;17745;5.3;2.3
68;2021-03-02;1215;924;41529;18669;5.4;2.4
68;2021-03-03;1590;966;43119;19635;5.6;2.6
68;2021-03-04;1989;1043;45108;20678;5.9;2.7
68;2021-03-05;2354;1047;47462;21725;6.2;2.8
68;2021-03-06;2284;241;49746;21966;6.5;2.9
68;2021-03-07;839;102;50585;22068;6.6;2.9
68;2021-03-08;1472;976;52057;23044;6.8;3.0
68;2021-03-09;1692;1326;53749;24370;7.0;3.2
68;2021-03-10;1960;1797;55709;26167;7.3;3.4
68;2021-03-11;2635;1910;58344;28077;7.6;3.7
68;2021-03-12;2626;1413;60970;29490;8.0;3.9
68;2021-03-13;3340;239;64310;29729;8.4;3.9
68;2021-03-14;1541;63;65851;29792;8.6;3.9
68;2021-03-15;1793;619;67644;30411;8.9;4.0
68;2021-03-16;1998;601;69642;31012;9.1;4.1
68;2021-03-17;1955;724;71597;31736;9.4;4.2
68;2021-03-18;2218;947;73815;32683;9.7;4.3
68;2021-03-19;3084;733;76899;33416;10.1;4.4
68;2021-03-20;972;121;77871;33537;10.2;4.4
68;2021-03-21;67;1;77938;33538;10.2;4.4
68;2021-03-22;1965;591;79903;34129;10.5;4.5
68;2021-03-23;2858;612;82761;34741;10.8;4.6
68;2021-03-24;3172;809;85933;35550;11.3;4.7
68;2021-03-25;3500;783;89433;36333;11.7;4.8
68;2021-03-26;3893;714;93326;37047;12.2;4.9
68;2021-03-27;1100;164;94426;37211;12.4;4.9
68;2021-03-28;55;3;94481;37214;12.4;4.9
68;2021-03-29;2264;1377;96745;38591;12.7;5.1
68;2021-03-30;2934;1297;99679;39888;13.1;5.2
68;2021-03-31;2641;1361;102320;41249;13.4;5.4
68;2021-04-01;2747;1546;105067;42795;13.8;5.6
68;2021-04-02;244;87;105311;42882;13.8;5.6
68;2021-04-03;239;123;105550;43005;13.8;5.6
68;2021-04-04;4;0;105554;43005;13.8;5.6
68;2021-04-05;48;2;105602;43007;13.8;5.6
68;2021-04-06;1794;1324;107396;44331;14.1;5.8
68;2021-04-07;2583;1533;109979;45864;14.4;6.0
68;2021-04-08;3230;1497;113209;47361;14.8;6.2
68;2021-04-09;4197;1523;117406;48884;15.4;6.4
68;2021-04-10;1200;1976;118606;50860;15.5;6.7
68;2021-04-11;126;1318;118732;52178;15.6;6.8
68;2021-04-12;2666;1634;121398;53812;15.9;7.1
68;2021-04-13;2759;2109;124157;55921;16.3;7.3
68;2021-04-14;3599;2268;127756;58189;16.7;7.6
68;2021-04-15;4041;2150;131797;60339;17.3;7.9
68;2021-04-16;3938;2076;135735;62415;17.8;8.2
68;2021-04-17;1073;440;136808;62855;17.9;8.2
68;2021-04-18;85;9;136893;62864;17.9;8.2
68;2021-04-19;2359;1836;139252;64700;18.2;8.5
68;2021-04-20;2439;2325;141691;67025;18.6;8.8
68;2021-04-21;2830;2480;144521;69505;18.9;9.1
68;2021-04-22;3285;1977;147806;71482;19.4;9.4
68;2021-04-23;3411;2076;151217;73558;19.8;9.6
68;2021-04-24;842;486;152059;74044;19.9;9.7
68;2021-04-25;214;20;152273;74064;20.0;9.7
68;2021-04-26;2329;2109;154602;76173;20.3;10.0
68;2021-04-27;2598;2214;157200;78387;20.6;10.3
68;2021-04-28;3573;1764;160773;80151;21.1;10.5
68;2021-04-29;4165;1745;164938;81896;21.6;10.7
68;2021-04-30;4832;1364;169770;83260;22.2;10.9
68;2021-05-01;946;121;170716;83381;22.4;10.9
68;2021-05-02;731;70;171447;83451;22.5;10.9
68;2021-05-03;3620;1816;175067;85267;22.9;11.2
68;2021-05-04;3935;2363;179002;87630;23.5;11.5
68;2021-05-05;3633;3236;182635;90866;23.9;11.9
68;2021-05-06;4805;2865;187440;93731;24.6;12.3
68;2021-05-07;4517;2908;191957;96639;25.2;12.7
68;2021-05-08;1671;211;193628;96850;25.4;12.7
68;2021-05-09;1077;108;194705;96958;25.5;12.7
68;2021-05-10;3158;3721;197863;100679;25.9;13.2
68;2021-05-11;4714;3618;202577;104297;26.5;13.7
68;2021-05-12;5779;3289;208356;107586;27.3;14.1
68;2021-05-13;4764;841;213120;108427;27.9;14.2
68;2021-05-14;5959;2129;219079;110556;28.7;14.5
68;2021-05-15;3557;909;222636;111465;29.2;14.6
68;2021-05-16;669;121;223305;111586;29.3;14.6
68;2021-05-17;4449;2499;227754;114085;29.8;14.9
68;2021-05-18;6137;2307;233891;116392;30.6;15.3
68;2021-05-19;5865;2885;239756;119277;31.4;15.6
68;2021-05-20;5927;2419;245683;121696;32.2;15.9
68;2021-05-21;5777;2873;251460;124569;32.9;16.3
68;2021-05-22;2578;925;254038;125494;33.3;16.4
68;2021-05-23;15;17;254053;125511;33.3;16.4
68;2021-05-24;2307;968;256360;126479;33.6;16.6
68;2021-05-25;4343;3436;260703;129915;34.2;17.0
68;2021-05-26;4883;3382;265586;133297;34.8;17.5
68;2021-05-27;5407;3398;270993;136695;35.5;17.9
68;2021-05-28;5619;3729;276612;140424;36.2;18.4
68;2021-05-29;1536;1186;278148;141610;36.4;18.6
68;2021-05-30;41;46;278189;141656;36.5;18.6
68;2021-05-31;5161;2362;283350;144018;37.1;18.9
68;2021-06-01;5970;2798;289320;146816;37.9;19.2
68;2021-06-02;4886;3004;294206;149820;38.5;19.6
68;2021-06-03;5937;3100;300143;152920;39.3;20.0
68;2021-06-04;4891;3304;305034;156224;40.0;20.5
68;2021-06-05;778;1169;305812;157393;40.1;20.6
68;2021-06-06;66;113;305878;157506;40.1;20.6
68;2021-06-07;4756;3039;310634;160545;40.7;21.0
68;2021-06-08;4942;3562;315576;164107;41.3;21.5
68;2021-06-09;4987;3438;320563;167545;42.0;22.0
68;2021-06-10;5200;3136;325763;170681;42.7;22.4
68;2021-06-11;5057;4150;330820;174831;43.3;22.9
68;2021-06-12;3034;1765;333854;176596;43.7;23.1
68;2021-06-13;515;682;334369;177278;43.8;23.2
68;2021-06-14;2516;4392;336885;181670;44.1;23.8
68;2021-06-15;3110;4726;339995;186396;44.5;24.4
68;2021-06-16;3385;4433;343380;190829;45.0;25.0
68;2021-06-17;2359;4462;345739;195291;45.3;25.6
68;2021-06-18;3347;5180;349086;200471;45.7;26.3
68;2021-06-19;2254;2170;351340;202641;46.0;26.6
68;2021-06-20;258;893;351598;203534;46.1;26.7
68;2021-06-21;2061;5153;353659;208687;46.3;27.3
68;2021-06-22;1901;5174;355560;213861;46.6;28.0
68;2021-06-23;2317;5744;357877;219605;46.9;28.8
68;2021-06-24;2150;4895;360027;224500;47.2;29.4
68;2021-06-25;2285;6653;362312;231153;47.5;30.3
68;2021-06-26;1299;2603;363611;233756;47.6;30.6
68;2021-06-27;152;880;363763;234636;47.7;30.7
68;2021-06-28;1600;6446;365363;241082;47.9;31.6
68;2021-06-29;1536;6634;366899;247716;48.1;32.5
68;2021-06-30;1787;6557;368686;254273;48.3;33.3
68;2021-07-01;2082;5354;370768;259627;48.6;34.0
68;2021-07-02;2094;6482;372862;266109;48.9;34.9
68;2021-07-03;976;1933;373838;268042;49.0;35.1
68;2021-07-04;242;201;374080;268243;49.0;35.1
68;2021-07-05;1455;5523;375535;273766;49.2;35.9
68;2021-07-06;1993;5886;377528;279652;49.5;36.6
68;2021-07-07;2452;4976;379980;284628;49.8;37.3
68;2021-07-08;2426;4743;382406;289371;50.1;37.9
68;2021-07-09;2092;7362;384498;296733;50.4;38.9
68;2021-07-10;1019;2002;385517;298735;50.5;39.1
68;2021-07-11;144;155;385661;298890;50.5;39.2
68;2021-07-12;1635;6779;387296;305669;50.7;40.1
68;2021-07-13;2896;6547;390192;312216;51.1;40.9
68;2021-07-14;1838;974;392030;313190;51.4;41.0
68;2021-07-15;3173;6647;395203;319837;51.8;41.9
68;2021-07-16;3801;6757;399004;326594;52.3;42.8
68;2021-07-17;3353;2291;402357;328885;52.7;43.1
68;2021-07-18;1053;228;403410;329113;52.9;43.1
68;2021-07-19;3037;6080;406447;335193;53.3;43.9
68;2021-07-20;3987;5662;410434;340855;53.8;44.7
68;2021-07-21;4328;5813;414762;346668;54.3;45.4
68;2021-07-22;4164;4826;418926;351494;54.9;46.1
68;2021-07-23;5016;5739;423942;357233;55.5;46.8
68;2021-07-24;3293;2118;427235;359351;56.0;47.1
68;2021-07-25;818;527;428053;359878;56.1;47.2
68;2021-07-26;4742;4425;432795;364303;56.7;47.7
68;2021-07-27;6323;3716;439118;368019;57.5;48.2
68;2021-07-28;6833;3855;445951;371874;58.4;48.7
68;2021-07-29;6371;3381;452322;375255;59.3;49.2
68;2021-07-30;6299;4341;458621;379596;60.1;49.7
68;2021-07-31;3862;1391;462483;380987;60.6;49.9
68;2021-08-01;1639;463;464122;381450;60.8;50.0
69;2020-12-27;1;0;1;0;0.0;0.0
69;2020-12-28;7;0;8;0;0.0;0.0
69;2020-12-29;5;0;13;0;0.0;0.0
69;2020-12-30;6;0;19;0;0.0;0.0
69;2020-12-31;10;0;29;0;0.0;0.0
69;2021-01-01;1;0;30;0;0.0;0.0
69;2021-01-02;1;0;31;0;0.0;0.0
69;2021-01-03;1;0;32;0;0.0;0.0
69;2021-01-04;10;0;42;0;0.0;0.0
69;2021-01-05;215;0;257;0;0.0;0.0
69;2021-01-06;508;0;765;0;0.0;0.0
69;2021-01-07;810;0;1575;0;0.1;0.0
69;2021-01-08;824;0;2399;0;0.1;0.0
69;2021-01-09;36;0;2435;0;0.1;0.0
69;2021-01-10;2;1;2437;1;0.1;0.0
69;2021-01-11;1133;3;3570;4;0.2;0.0
69;2021-01-12;1396;7;4966;11;0.3;0.0
69;2021-01-13;1387;4;6353;15;0.3;0.0
69;2021-01-14;2266;21;8619;36;0.5;0.0
69;2021-01-15;1826;8;10445;44;0.6;0.0
69;2021-01-16;928;3;11373;47;0.6;0.0
69;2021-01-17;258;2;11631;49;0.6;0.0
69;2021-01-18;1692;16;13323;65;0.7;0.0
69;2021-01-19;3506;64;16829;129;0.9;0.0
69;2021-01-20;4433;28;21262;157;1.1;0.0
69;2021-01-21;4036;24;25298;181;1.3;0.0
69;2021-01-22;3152;20;28450;201;1.5;0.0
69;2021-01-23;1280;4;29730;205;1.6;0.0
69;2021-01-24;101;1;29831;206;1.6;0.0
69;2021-01-25;2234;39;32065;245;1.7;0.0
69;2021-01-26;2559;87;34624;332;1.8;0.0
69;2021-01-27;2354;179;36978;511;2.0;0.0
69;2021-01-28;2234;375;39212;886;2.1;0.0
69;2021-01-29;2108;284;41320;1170;2.2;0.1
69;2021-01-30;889;2;42209;1172;2.2;0.1
69;2021-01-31;64;0;42273;1172;2.3;0.1
69;2021-02-01;1113;401;43386;1573;2.3;0.1
69;2021-02-02;1547;411;44933;1984;2.4;0.1
69;2021-02-03;1441;535;46374;2519;2.5;0.1
69;2021-02-04;1787;945;48161;3464;2.6;0.2
69;2021-02-05;819;808;48980;4272;2.6;0.2
69;2021-02-06;365;54;49345;4326;2.6;0.2
69;2021-02-07;0;0;49345;4326;2.6;0.2
69;2021-02-08;1133;1078;50478;5404;2.7;0.3
69;2021-02-09;2048;2108;52526;7512;2.8;0.4
69;2021-02-10;1846;2649;54372;10161;2.9;0.5
69;2021-02-11;1860;3291;56232;13452;3.0;0.7
69;2021-02-12;1900;2114;58132;15566;3.1;0.8
69;2021-02-13;458;803;58590;16369;3.1;0.9
69;2021-02-14;89;40;58679;16409;3.1;0.9
69;2021-02-15;1014;1772;59693;18181;3.2;1.0
69;2021-02-16;985;2451;60678;20632;3.2;1.1
69;2021-02-17;1026;2393;61704;23025;3.3;1.2
69;2021-02-18;965;2339;62669;25364;3.3;1.4
69;2021-02-19;893;1895;63562;27259;3.4;1.5
69;2021-02-20;325;912;63887;28171;3.4;1.5
69;2021-02-21;51;68;63938;28239;3.4;1.5
69;2021-02-22;608;2099;64546;30338;3.4;1.6
69;2021-02-23;740;2226;65286;32564;3.5;1.7
69;2021-02-24;973;2251;66259;34815;3.5;1.9
69;2021-02-25;2216;2676;68475;37491;3.6;2.0
69;2021-02-26;2776;1919;71251;39410;3.8;2.1
69;2021-02-27;924;573;72175;39983;3.8;2.1
69;2021-02-28;148;102;72323;40085;3.9;2.1
69;2021-03-01;2161;903;74484;40988;4.0;2.2
69;2021-03-02;3294;1388;77778;42376;4.1;2.3
69;2021-03-03;3666;1210;81444;43586;4.3;2.3
69;2021-03-04;4873;1259;86317;44845;4.6;2.4
69;2021-03-05;5858;1245;92175;46090;4.9;2.5
69;2021-03-06;3414;409;95589;46499;5.1;2.5
69;2021-03-07;637;41;96226;46540;5.1;2.5
69;2021-03-08;2951;1114;99177;47654;5.3;2.5
69;2021-03-09;4611;1246;103788;48900;5.5;2.6
69;2021-03-10;5062;1023;108850;49923;5.8;2.7
69;2021-03-11;6590;1010;115440;50933;6.2;2.7
69;2021-03-12;8853;1175;124293;52108;6.6;2.8
69;2021-03-13;4921;223;129214;52331;6.9;2.8
69;2021-03-14;2741;131;131955;52462;7.0;2.8
69;2021-03-15;4807;688;136762;53150;7.3;2.8
69;2021-03-16;3811;632;140573;53782;7.5;2.9
69;2021-03-17;3947;860;144520;54642;7.7;2.9
69;2021-03-18;4965;1596;149485;56238;8.0;3.0
69;2021-03-19;6680;1042;156165;57280;8.3;3.1
69;2021-03-20;3583;261;159748;57541;8.5;3.1
69;2021-03-21;1972;89;161720;57630;8.6;3.1
69;2021-03-22;4544;801;166264;58431;8.9;3.1
69;2021-03-23;7357;801;173621;59232;9.3;3.2
69;2021-03-24;6452;968;180073;60200;9.6;3.2
69;2021-03-25;8583;1094;188656;61294;10.1;3.3
69;2021-03-26;8810;1223;197466;62517;10.5;3.3
69;2021-03-27;3150;782;200616;63299;10.7;3.4
69;2021-03-28;2213;176;202829;63475;10.8;3.4
69;2021-03-29;4095;2189;206924;65664;11.0;3.5
69;2021-03-30;7638;2503;214562;68167;11.4;3.6
69;2021-03-31;6347;3153;220909;71320;11.8;3.8
69;2021-04-01;8439;2710;229348;74030;12.2;3.9
69;2021-04-02;8311;3102;237659;77132;12.7;4.1
69;2021-04-03;5422;2157;243081;79289;13.0;4.2
69;2021-04-04;6608;548;249689;79837;13.3;4.3
69;2021-04-05;6187;812;255876;80649;13.6;4.3
69;2021-04-06;5098;3478;260974;84127;13.9;4.5
69;2021-04-07;5157;3882;266131;88009;14.2;4.7
69;2021-04-08;6425;4054;272556;92063;14.5;4.9
69;2021-04-09;9165;3767;281721;95830;15.0;5.1
69;2021-04-10;3050;2497;284771;98327;15.2;5.2
69;2021-04-11;2039;1896;286810;100223;15.3;5.3
69;2021-04-12;5468;3577;292278;103800;15.6;5.5
69;2021-04-13;7068;4114;299346;107914;16.0;5.8
69;2021-04-14;6712;4140;306058;112054;16.3;6.0
69;2021-04-15;7924;4576;313982;116630;16.7;6.2
69;2021-04-16;7859;4488;321841;121118;17.2;6.5
69;2021-04-17;5037;2334;326878;123452;17.4;6.6
69;2021-04-18;1716;1792;328594;125244;17.5;6.7
69;2021-04-19;7016;3768;335610;129012;17.9;6.9
69;2021-04-20;6482;4747;342092;133759;18.2;7.1
69;2021-04-21;5687;4411;347779;138170;18.5;7.4
69;2021-04-22;6423;5428;354202;143598;18.9;7.7
69;2021-04-23;6720;4866;360922;148464;19.2;7.9
69;2021-04-24;3153;2022;364075;150486;19.4;8.0
69;2021-04-25;2118;1547;366193;152033;19.5;8.1
69;2021-04-26;4495;3878;370688;155911;19.8;8.3
69;2021-04-27;6515;5326;377203;161237;20.1;8.6
69;2021-04-28;6275;4849;383478;166086;20.4;8.9
69;2021-04-29;6695;5352;390173;171438;20.8;9.1
69;2021-04-30;6928;6166;397101;177604;21.2;9.5
69;2021-05-01;3297;644;400398;178248;21.3;9.5
69;2021-05-02;1624;5890;402022;184138;21.4;9.8
69;2021-05-03;5857;8244;407879;192382;21.7;10.3
69;2021-05-04;7600;8164;415479;200546;22.1;10.7
69;2021-05-05;11206;5637;426685;206183;22.7;11.0
69;2021-05-06;12472;6276;439157;212459;23.4;11.3
69;2021-05-07;11683;7156;450840;219615;24.0;11.7
69;2021-05-08;4301;1652;455141;221267;24.3;11.8
69;2021-05-09;6633;2680;461774;223947;24.6;11.9
69;2021-05-10;6931;6058;468705;230005;25.0;12.3
69;2021-05-11;9825;7039;478530;237044;25.5;12.6
69;2021-05-12;12461;6811;490991;243855;26.2;13.0
69;2021-05-13;10833;2562;501824;246417;26.7;13.1
69;2021-05-14;12583;5224;514407;251641;27.4;13.4
69;2021-05-15;9144;2600;523551;254241;27.9;13.6
69;2021-05-16;8406;1874;531957;256115;28.4;13.7
69;2021-05-17;11304;5637;543261;261752;29.0;14.0
69;2021-05-18;13222;6382;556483;268134;29.7;14.3
69;2021-05-19;13698;5889;570181;274023;30.4;14.6
69;2021-05-20;11376;6086;581557;280109;31.0;14.9
69;2021-05-21;11039;6567;592596;286676;31.6;15.3
69;2021-05-22;5578;2574;598174;289250;31.9;15.4
69;2021-05-23;4568;1543;602742;290793;32.1;15.5
69;2021-05-24;8434;1864;611176;292657;32.6;15.6
69;2021-05-25;9738;6182;620914;298839;33.1;15.9
69;2021-05-26;10278;6114;631192;304953;33.6;16.3
69;2021-05-27;10429;6775;641621;311728;34.2;16.6
69;2021-05-28;11611;8747;653232;320475;34.8;17.1
69;2021-05-29;7389;6035;660621;326510;35.2;17.4
69;2021-05-30;7385;3170;668006;329680;35.6;17.6
69;2021-05-31;10958;6375;678964;336055;36.2;17.9
69;2021-06-01;12770;7522;691734;343577;36.9;18.3
69;2021-06-02;14857;6709;706591;350286;37.7;18.7
69;2021-06-03;16612;7429;723203;357715;38.5;19.1
69;2021-06-04;16171;8553;739374;366268;39.4;19.5
69;2021-06-05;10105;3414;749479;369682;39.9;19.7
69;2021-06-06;7484;1709;756963;371391;40.3;19.8
69;2021-06-07;12784;7040;769747;378431;41.0;20.2
69;2021-06-08;16359;8269;786106;386700;41.9;20.6
69;2021-06-09;15125;7362;801231;394062;42.7;21.0
69;2021-06-10;16236;7316;817467;401378;43.6;21.4
69;2021-06-11;16592;9690;834059;411068;44.5;21.9
69;2021-06-12;8514;4188;842573;415256;44.9;22.1
69;2021-06-13;5621;2140;848194;417396;45.2;22.2
69;2021-06-14;8301;9093;856495;426489;45.7;22.7
69;2021-06-15;10656;11009;867151;437498;46.2;23.3
69;2021-06-16;11214;12313;878365;449811;46.8;24.0
69;2021-06-17;11370;13250;889735;463061;47.4;24.7
69;2021-06-18;11857;14759;901592;477820;48.1;25.5
69;2021-06-19;6801;8344;908393;486164;48.4;25.9
69;2021-06-20;5238;4760;913631;490924;48.7;26.2
69;2021-06-21;6358;12131;919989;503055;49.0;26.8
69;2021-06-22;7150;13836;927139;516891;49.4;27.6
69;2021-06-23;8248;13032;935387;529923;49.9;28.2
69;2021-06-24;9223;13726;944610;543649;50.4;29.0
69;2021-06-25;7017;16309;951627;559958;50.7;29.8
69;2021-06-26;3860;9072;955487;569030;50.9;30.3
69;2021-06-27;3285;7415;958772;576445;51.1;30.7
69;2021-06-28;4094;14882;962866;591327;51.3;31.5
69;2021-06-29;5030;15649;967896;606976;51.6;32.4
69;2021-06-30;5914;14447;973810;621423;51.9;33.1
69;2021-07-01;6567;11933;980377;633356;52.3;33.8
69;2021-07-02;5897;14115;986274;647471;52.6;34.5
69;2021-07-03;5794;7775;992068;655246;52.9;34.9
69;2021-07-04;4021;5561;996089;660807;53.1;35.2
69;2021-07-05;5410;13023;1001499;673830;53.4;35.9
69;2021-07-06;5153;14282;1006652;688112;53.7;36.7
69;2021-07-07;6969;13545;1013621;701657;54.0;37.4
69;2021-07-08;7357;13413;1020978;715070;54.4;38.1
69;2021-07-09;7112;16463;1028090;731533;54.8;39.0
69;2021-07-10;2728;10327;1030818;741860;54.9;39.5
69;2021-07-11;4256;5836;1035074;747696;55.2;39.9
69;2021-07-12;3552;16976;1038626;764672;55.4;40.8
69;2021-07-13;5876;20742;1044502;785414;55.7;41.9
69;2021-07-14;4692;8479;1049194;793893;55.9;42.3
69;2021-07-15;7270;22604;1056464;816497;56.3;43.5
69;2021-07-16;9401;20117;1065865;836614;56.8;44.6
69;2021-07-17;4830;12240;1070695;848854;57.1;45.2
69;2021-07-18;3380;8906;1074075;857760;57.3;45.7
69;2021-07-19;6294;16456;1080369;874216;57.6;46.6
69;2021-07-20;9009;19283;1089378;893499;58.1;47.6
69;2021-07-21;9242;17390;1098620;910889;58.6;48.6
69;2021-07-22;11305;16412;1109925;927301;59.2;49.4
69;2021-07-23;10828;17625;1120753;944926;59.7;50.4
69;2021-07-24;5527;11027;1126280;955953;60.0;51.0
69;2021-07-25;4672;6615;1130952;962568;60.3;51.3
69;2021-07-26;8507;12901;1139459;975469;60.7;52.0
69;2021-07-27;12581;12095;1152040;987564;61.4;52.6
69;2021-07-28;11835;12070;1163875;999634;62.0;53.3
69;2021-07-29;14445;12227;1178320;1011861;62.8;53.9
69;2021-07-30;13410;12098;1191730;1023959;63.5;54.6
69;2021-07-31;7980;7154;1199710;1031113;63.9;55.0
69;2021-08-01;4947;5823;1204657;1036936;64.2;55.3
70;2020-12-27;0;0;0;0;0.0;0.0
70;2020-12-28;0;0;0;0;0.0;0.0
70;2020-12-29;0;0;0;0;0.0;0.0
70;2020-12-30;0;0;0;0;0.0;0.0
70;2020-12-31;0;0;0;0;0.0;0.0
70;2021-01-01;0;0;0;0;0.0;0.0
70;2021-01-02;0;0;0;0;0.0;0.0
70;2021-01-03;0;0;0;0;0.0;0.0
70;2021-01-04;0;0;0;0;0.0;0.0
70;2021-01-05;0;0;0;0;0.0;0.0
70;2021-01-06;24;0;24;0;0.0;0.0
70;2021-01-07;121;0;145;0;0.1;0.0
70;2021-01-08;21;0;166;0;0.1;0.0
70;2021-01-09;0;0;166;0;0.1;0.0
70;2021-01-10;0;0;166;0;0.1;0.0
70;2021-01-11;147;1;313;1;0.1;0.0
70;2021-01-12;195;1;508;2;0.2;0.0
70;2021-01-13;172;1;680;3;0.3;0.0
70;2021-01-14;149;5;829;8;0.4;0.0
70;2021-01-15;153;0;982;8;0.4;0.0
70;2021-01-16;65;0;1047;8;0.4;0.0
70;2021-01-17;0;0;1047;8;0.4;0.0
70;2021-01-18;390;0;1437;8;0.6;0.0
70;2021-01-19;502;2;1939;10;0.8;0.0
70;2021-01-20;494;2;2433;12;1.0;0.0
70;2021-01-21;673;2;3106;14;1.3;0.0
70;2021-01-22;458;3;3564;17;1.5;0.0
70;2021-01-23;261;2;3825;19;1.6;0.0
70;2021-01-24;4;0;3829;19;1.6;0.0
70;2021-01-25;371;1;4200;20;1.8;0.0
70;2021-01-26;335;1;4535;21;1.9;0.0
70;2021-01-27;328;10;4863;31;2.1;0.0
70;2021-01-28;365;36;5228;67;2.2;0.0
70;2021-01-29;329;52;5557;119;2.4;0.1
70;2021-01-30;228;1;5785;120;2.5;0.1
70;2021-01-31;0;0;5785;120;2.5;0.1
70;2021-02-01;260;51;6045;171;2.6;0.1
70;2021-02-02;272;98;6317;269;2.7;0.1
70;2021-02-03;252;61;6569;330;2.8;0.1
70;2021-02-04;264;122;6833;452;2.9;0.2
70;2021-02-05;254;75;7087;527;3.0;0.2
70;2021-02-06;209;37;7296;564;3.1;0.2
70;2021-02-07;0;0;7296;564;3.1;0.2
70;2021-02-08;179;235;7475;799;3.2;0.3
70;2021-02-09;206;232;7681;1031;3.3;0.4
70;2021-02-10;196;302;7877;1333;3.4;0.6
70;2021-02-11;351;329;8228;1662;3.5;0.7
70;2021-02-12;239;492;8467;2154;3.6;0.9
70;2021-02-13;75;211;8542;2365;3.7;1.0
70;2021-02-14;0;29;8542;2394;3.7;1.0
70;2021-02-15;70;340;8612;2734;3.7;1.2
70;2021-02-16;113;364;8725;3098;3.7;1.3
70;2021-02-17;167;305;8892;3403;3.8;1.5
70;2021-02-18;205;258;9097;3661;3.9;1.6
70;2021-02-19;197;205;9294;3866;4.0;1.7
70;2021-02-20;192;70;9486;3936;4.1;1.7
70;2021-02-21;1;0;9487;3936;4.1;1.7
70;2021-02-22;107;236;9594;4172;4.1;1.8
70;2021-02-23;125;262;9719;4434;4.2;1.9
70;2021-02-24;129;232;9848;4666;4.2;2.0
70;2021-02-25;315;257;10163;4923;4.4;2.1
70;2021-02-26;394;148;10557;5071;4.5;2.2
70;2021-02-27;147;202;10704;5273;4.6;2.3
70;2021-02-28;0;0;10704;5273;4.6;2.3
70;2021-03-01;249;241;10953;5514;4.7;2.4
70;2021-03-02;487;275;11440;5789;4.9;2.5
70;2021-03-03;467;254;11907;6043;5.1;2.6
70;2021-03-04;690;272;12597;6315;5.4;2.7
70;2021-03-05;766;257;13363;6572;5.7;2.8
70;2021-03-06;540;115;13903;6687;6.0;2.9
70;2021-03-07;216;23;14119;6710;6.1;2.9
70;2021-03-08;552;218;14671;6928;6.3;3.0
70;2021-03-09;865;191;15536;7119;6.7;3.1
70;2021-03-10;659;177;16195;7296;6.9;3.1
70;2021-03-11;698;252;16893;7548;7.2;3.2
70;2021-03-12;985;179;17878;7727;7.7;3.3
70;2021-03-13;581;116;18459;7843;7.9;3.4
70;2021-03-14;19;0;18478;7843;7.9;3.4
70;2021-03-15;774;105;19252;7948;8.3;3.4
70;2021-03-16;654;89;19906;8037;8.5;3.4
70;2021-03-17;595;176;20501;8213;8.8;3.5
70;2021-03-18;633;141;21134;8354;9.1;3.6
70;2021-03-19;1017;136;22151;8490;9.5;3.6
70;2021-03-20;641;184;22792;8674;9.8;3.7
70;2021-03-21;9;0;22801;8674;9.8;3.7
70;2021-03-22;753;98;23554;8772;10.1;3.8
70;2021-03-23;1306;156;24860;8928;10.7;3.8
70;2021-03-24;1270;99;26130;9027;11.2;3.9
70;2021-03-25;1244;190;27374;9217;11.7;4.0
70;2021-03-26;1487;295;28861;9512;12.4;4.1
70;2021-03-27;957;125;29818;9637;12.8;4.1
70;2021-03-28;0;10;29818;9647;12.8;4.1
70;2021-03-29;718;411;30536;10058;13.1;4.3
70;2021-03-30;1093;317;31629;10375;13.6;4.4
70;2021-03-31;878;317;32507;10692;13.9;4.6
70;2021-04-01;1153;427;33660;11119;14.4;4.8
70;2021-04-02;1310;336;34970;11455;15.0;4.9
70;2021-04-03;639;320;35609;11775;15.3;5.0
70;2021-04-04;10;0;35619;11775;15.3;5.0
70;2021-04-05;4;2;35623;11777;15.3;5.1
70;2021-04-06;830;554;36453;12331;15.6;5.3
70;2021-04-07;859;583;37312;12914;16.0;5.5
70;2021-04-08;1318;558;38630;13472;16.6;5.8
70;2021-04-09;1402;526;40032;13998;17.2;6.0
70;2021-04-10;858;347;40890;14345;17.5;6.2
70;2021-04-11;21;1;40911;14346;17.5;6.2
70;2021-04-12;695;658;41606;15004;17.8;6.4
70;2021-04-13;921;765;42527;15769;18.2;6.8
70;2021-04-14;815;576;43342;16345;18.6;7.0
70;2021-04-15;1078;603;44420;16948;19.0;7.3
70;2021-04-16;1244;545;45664;17493;19.6;7.5
70;2021-04-17;690;468;46354;17961;19.9;7.7
70;2021-04-18;57;4;46411;17965;19.9;7.7
70;2021-04-19;540;806;46951;18771;20.1;8.0
70;2021-04-20;664;855;47615;19626;20.4;8.4
70;2021-04-21;484;933;48099;20559;20.6;8.8
70;2021-04-22;776;799;48875;21358;21.0;9.2
70;2021-04-23;875;741;49750;22099;21.3;9.5
70;2021-04-24;431;641;50181;22740;21.5;9.8
70;2021-04-25;11;0;50192;22740;21.5;9.8
70;2021-04-26;924;599;51116;23339;21.9;10.0
70;2021-04-27;1210;749;52326;24088;22.4;10.3
70;2021-04-28;889;806;53215;24894;22.8;10.7
70;2021-04-29;1343;920;54558;25814;23.4;11.1
70;2021-04-30;1532;874;56090;26688;24.1;11.4
70;2021-05-01;1693;119;57783;26807;24.8;11.5
70;2021-05-02;2;0;57785;26807;24.8;11.5
70;2021-05-03;1188;564;58973;27371;25.3;11.7
70;2021-05-04;1356;739;60329;28110;25.9;12.1
70;2021-05-05;1190;871;61519;28981;26.4;12.4
70;2021-05-06;1849;1266;63368;30247;27.2;13.0
70;2021-05-07;2126;1229;65494;31476;28.1;13.5
70;2021-05-08;1340;187;66834;31663;28.7;13.6
70;2021-05-09;7;58;66841;31721;28.7;13.6
70;2021-05-10;959;945;67800;32666;29.1;14.0
70;2021-05-11;1239;1067;69039;33733;29.6;14.5
70;2021-05-12;1175;866;70214;34599;30.1;14.8
70;2021-05-13;1544;146;71758;34745;30.8;14.9
70;2021-05-14;2062;753;73820;35498;31.7;15.2
70;2021-05-15;2658;528;76478;36026;32.8;15.4
70;2021-05-16;999;71;77477;36097;33.2;15.5
70;2021-05-17;1237;383;78714;36480;33.8;15.6
70;2021-05-18;1296;590;80010;37070;34.3;15.9
70;2021-05-19;1476;480;81486;37550;34.9;16.1
70;2021-05-20;1780;627;83266;38177;35.7;16.4
70;2021-05-21;1690;819;84956;38996;36.4;16.7
70;2021-05-22;1221;663;86177;39659;37.0;17.0
70;2021-05-23;8;14;86185;39673;37.0;17.0
70;2021-05-24;222;25;86407;39698;37.1;17.0
70;2021-05-25;835;925;87242;40623;37.4;17.4
70;2021-05-26;1047;943;88289;41566;37.9;17.8
70;2021-05-27;1263;996;89552;42562;38.4;18.3
70;2021-05-28;1546;1164;91098;43726;39.1;18.8
70;2021-05-29;1371;587;92469;44313;39.7;19.0
70;2021-05-30;1;8;92470;44321;39.7;19.0
70;2021-05-31;969;677;93439;44998;40.1;19.3
70;2021-06-01;1213;851;94652;45849;40.6;19.7
70;2021-06-02;1263;674;95915;46523;41.1;20.0
70;2021-06-03;1430;841;97345;47364;41.7;20.3
70;2021-06-04;1336;1107;98681;48471;42.3;20.8
70;2021-06-05;1025;662;99706;49133;42.8;21.1
70;2021-06-06;598;79;100304;49212;43.0;21.1
70;2021-06-07;941;850;101245;50062;43.4;21.5
70;2021-06-08;1217;1177;102462;51239;43.9;22.0
70;2021-06-09;1156;989;103618;52228;44.4;22.4
70;2021-06-10;1565;823;105183;53051;45.1;22.7
70;2021-06-11;1587;1956;106770;55007;45.8;23.6
70;2021-06-12;829;1970;107599;56977;46.1;24.4
70;2021-06-13;142;13;107741;56990;46.2;24.4
70;2021-06-14;557;1244;108298;58234;46.4;25.0
70;2021-06-15;450;1505;108748;59739;46.6;25.6
70;2021-06-16;798;1391;109546;61130;47.0;26.2
70;2021-06-17;1149;2096;110695;63226;47.5;27.1
70;2021-06-18;993;2253;111688;65479;47.9;28.1
70;2021-06-19;1090;1638;112778;67117;48.4;28.8
70;2021-06-20;1;3;112779;67120;48.4;28.8
70;2021-06-21;692;1455;113471;68575;48.7;29.4
70;2021-06-22;652;1510;114123;70085;48.9;30.1
70;2021-06-23;654;1570;114777;71655;49.2;30.7
70;2021-06-24;874;2050;115651;73705;49.6;31.6
70;2021-06-25;682;2644;116333;76349;49.9;32.7
70;2021-06-26;943;2139;117276;78488;50.3;33.7
70;2021-06-27;140;760;117416;79248;50.4;34.0
70;2021-06-28;336;1348;117752;80596;50.5;34.6
70;2021-06-29;410;1609;118162;82205;50.7;35.3
70;2021-06-30;388;1632;118550;83837;50.8;36.0
70;2021-07-01;640;1751;119190;85588;51.1;36.7
70;2021-07-02;814;1576;120004;87164;51.5;37.4
70;2021-07-03;835;1078;120839;88242;51.8;37.8
70;2021-07-04;28;70;120867;88312;51.8;37.9
70;2021-07-05;609;1036;121476;89348;52.1;38.3
70;2021-07-06;681;1274;122157;90622;52.4;38.9
70;2021-07-07;504;1425;122661;92047;52.6;39.5
70;2021-07-08;812;1574;123473;93621;52.9;40.1
70;2021-07-09;869;1663;124342;95284;53.3;40.9
70;2021-07-10;830;1031;125172;96315;53.7;41.3
70;2021-07-11;6;20;125178;96335;53.7;41.3
70;2021-07-12;429;1398;125607;97733;53.9;41.9
70;2021-07-13;906;1867;126513;99600;54.3;42.7
70;2021-07-14;33;6;126546;99606;54.3;42.7
70;2021-07-15;1374;1694;127920;101300;54.9;43.4
70;2021-07-16;1616;2061;129536;103361;55.5;44.3
70;2021-07-17;1498;1449;131034;104810;56.2;44.9
70;2021-07-18;1138;637;132172;105447;56.7;45.2
70;2021-07-19;875;969;133047;106416;57.1;45.6
70;2021-07-20;1351;1360;134398;107776;57.6;46.2
70;2021-07-21;1278;1396;135676;109172;58.2;46.8
70;2021-07-22;1863;1819;137539;110991;59.0;47.6
70;2021-07-23;1826;2488;139365;113479;59.8;48.7
70;2021-07-24;1363;1798;140728;115277;60.3;49.4
70;2021-07-25;25;2;140753;115279;60.4;49.4
70;2021-07-26;1050;970;141803;116249;60.8;49.9
70;2021-07-27;1387;972;143190;117221;61.4;50.3
70;2021-07-28;1393;1158;144583;118379;62.0;50.8
70;2021-07-29;1869;1373;146452;119752;62.8;51.4
70;2021-07-30;1963;1331;148415;121083;63.6;51.9
70;2021-07-31;1730;1149;150145;122232;64.4;52.4
70;2021-08-01;0;3;150145;122235;64.4;52.4
71;2020-12-27;0;0;0;0;0.0;0.0
71;2020-12-28;0;0;0;0;0.0;0.0
71;2020-12-29;0;0;0;0;0.0;0.0
71;2020-12-30;0;0;0;0;0.0;0.0
71;2020-12-31;0;0;0;0;0.0;0.0
71;2021-01-01;0;0;0;0;0.0;0.0
71;2021-01-02;0;0;0;0;0.0;0.0
71;2021-01-03;1;0;1;0;0.0;0.0
71;2021-01-04;1;0;2;0;0.0;0.0
71;2021-01-05;12;0;14;0;0.0;0.0
71;2021-01-06;72;0;86;0;0.0;0.0
71;2021-01-07;66;1;152;1;0.0;0.0
71;2021-01-08;146;0;298;1;0.1;0.0
71;2021-01-09;117;0;415;1;0.1;0.0
71;2021-01-10;1;0;416;1;0.1;0.0
71;2021-01-11;245;0;661;1;0.1;0.0
71;2021-01-12;845;1;1506;2;0.3;0.0
71;2021-01-13;562;2;2068;4;0.4;0.0
71;2021-01-14;578;9;2646;13;0.5;0.0
71;2021-01-15;666;1;3312;14;0.6;0.0
71;2021-01-16;9;0;3321;14;0.6;0.0
71;2021-01-17;0;0;3321;14;0.6;0.0
71;2021-01-18;1094;6;4415;20;0.8;0.0
71;2021-01-19;1679;8;6094;28;1.1;0.0
71;2021-01-20;1508;5;7602;33;1.4;0.0
71;2021-01-21;2056;13;9658;46;1.8;0.0
71;2021-01-22;1411;6;11069;52;2.0;0.0
71;2021-01-23;814;5;11883;57;2.2;0.0
71;2021-01-24;0;0;11883;57;2.2;0.0
71;2021-01-25;1061;6;12944;63;2.4;0.0
71;2021-01-26;1504;17;14448;80;2.6;0.0
71;2021-01-27;1247;32;15695;112;2.9;0.0
71;2021-01-28;1081;95;16776;207;3.1;0.0
71;2021-01-29;1014;145;17790;352;3.2;0.1
71;2021-01-30;604;2;18394;354;3.4;0.1
71;2021-01-31;1;15;18395;369;3.4;0.1
71;2021-02-01;750;239;19145;608;3.5;0.1
71;2021-02-02;752;357;19897;965;3.6;0.2
71;2021-02-03;818;425;20715;1390;3.8;0.3
71;2021-02-04;780;572;21495;1962;3.9;0.4
71;2021-02-05;706;525;22201;2487;4.1;0.5
71;2021-02-06;535;9;22736;2496;4.2;0.5
71;2021-02-07;3;50;22739;2546;4.2;0.5
71;2021-02-08;603;700;23342;3246;4.3;0.6
71;2021-02-09;372;1014;23714;4260;4.3;0.8
71;2021-02-10;409;997;24123;5257;4.4;1.0
71;2021-02-11;473;1179;24596;6436;4.5;1.2
71;2021-02-12;534;1037;25130;7473;4.6;1.4
71;2021-02-13;125;515;25255;7988;4.6;1.5
71;2021-02-14;1;7;25256;7995;4.6;1.5
71;2021-02-15;324;914;25580;8909;4.7;1.6
71;2021-02-16;442;1366;26022;10275;4.8;1.9
71;2021-02-17;426;1118;26448;11393;4.8;2.1
71;2021-02-18;548;937;26996;12330;4.9;2.3
71;2021-02-19;574;856;27570;13186;5.0;2.4
71;2021-02-20;223;380;27793;13566;5.1;2.5
71;2021-02-21;3;13;27796;13579;5.1;2.5
71;2021-02-22;238;879;28034;14458;5.1;2.6
71;2021-02-23;452;925;28486;15383;5.2;2.8
71;2021-02-24;444;723;28930;16106;5.3;2.9
71;2021-02-25;530;726;29460;16832;5.4;3.1
71;2021-02-26;830;531;30290;17363;5.5;3.2
71;2021-02-27;456;339;30746;17702;5.6;3.2
71;2021-02-28;54;14;30800;17716;5.6;3.2
71;2021-03-01;1187;680;31987;18396;5.8;3.4
71;2021-03-02;1574;641;33561;19037;6.1;3.5
71;2021-03-03;1817;768;35378;19805;6.5;3.6
71;2021-03-04;1997;809;37375;20614;6.8;3.8
71;2021-03-05;2285;687;39660;21301;7.2;3.9
71;2021-03-06;755;60;40415;21361;7.4;3.9
71;2021-03-07;39;21;40454;21382;7.4;3.9
71;2021-03-08;1452;777;41906;22159;7.6;4.0
71;2021-03-09;2159;519;44065;22678;8.0;4.1
71;2021-03-10;2166;456;46231;23134;8.4;4.2
71;2021-03-11;2633;647;48864;23781;8.9;4.3
71;2021-03-12;2605;609;51469;24390;9.4;4.5
71;2021-03-13;995;97;52464;24487;9.6;4.5
71;2021-03-14;35;0;52499;24487;9.6;4.5
71;2021-03-15;1799;491;54298;24978;9.9;4.6
71;2021-03-16;1821;194;56119;25172;10.2;4.6
71;2021-03-17;2131;245;58250;25417;10.6;4.6
71;2021-03-18;1951;428;60201;25845;11.0;4.7
71;2021-03-19;2366;322;62567;26167;11.4;4.8
71;2021-03-20;1082;35;63649;26202;11.6;4.8
71;2021-03-21;16;5;63665;26207;11.6;4.8
71;2021-03-22;2576;362;66241;26569;12.1;4.8
71;2021-03-23;3345;493;69586;27062;12.7;4.9
71;2021-03-24;3346;448;72932;27510;13.3;5.0
71;2021-03-25;4022;577;76954;28087;14.0;5.1
71;2021-03-26;4048;325;81002;28412;14.8;5.2
71;2021-03-27;998;105;82000;28517;15.0;5.2
71;2021-03-28;56;8;82056;28525;15.0;5.2
71;2021-03-29;2401;1173;84457;29698;15.4;5.4
71;2021-03-30;2953;1350;87410;31048;16.0;5.7
71;2021-03-31;2552;1511;89962;32559;16.4;5.9
71;2021-04-01;2717;1294;92679;33853;16.9;6.2
71;2021-04-02;2502;1414;95181;35267;17.4;6.4
71;2021-04-03;266;33;95447;35300;17.4;6.4
71;2021-04-04;4;0;95451;35300;17.4;6.4
71;2021-04-05;60;0;95511;35300;17.4;6.4
71;2021-04-06;2261;1870;97772;37170;17.8;6.8
71;2021-04-07;2391;1790;100163;38960;18.3;7.1
71;2021-04-08;3281;1804;103444;40764;18.9;7.4
71;2021-04-09;4038;1665;107482;42429;19.6;7.7
71;2021-04-10;769;42;108251;42471;19.8;7.8
71;2021-04-11;100;3;108351;42474;19.8;7.8
71;2021-04-12;2351;1698;110702;44172;20.2;8.1
71;2021-04-13;2579;1890;113281;46062;20.7;8.4
71;2021-04-14;2365;1916;115646;47978;21.1;8.8
71;2021-04-15;2775;1684;118421;49662;21.6;9.1
71;2021-04-16;2625;1643;121046;51305;22.1;9.4
71;2021-04-17;952;343;121998;51648;22.3;9.4
71;2021-04-18;106;5;122104;51653;22.3;9.4
71;2021-04-19;1757;2576;123861;54229;22.6;9.9
71;2021-04-20;2218;2594;126079;56823;23.0;10.4
71;2021-04-21;2124;2596;128203;59419;23.4;10.8
71;2021-04-22;2512;2436;130715;61855;23.9;11.3
71;2021-04-23;2915;2262;133630;64117;24.4;11.7
71;2021-04-24;517;49;134147;64166;24.5;11.7
71;2021-04-25;24;0;134171;64166;24.5;11.7
71;2021-04-26;2567;2125;136738;66291;25.0;12.1
71;2021-04-27;2982;2256;139720;68547;25.5;12.5
71;2021-04-28;3074;2127;142794;70674;26.1;12.9
71;2021-04-29;3779;2230;146573;72904;26.8;13.3
71;2021-04-30;3928;1723;150501;74627;27.5;13.6
71;2021-05-01;37;52;150538;74679;27.5;13.6
71;2021-05-02;23;18;150561;74697;27.5;13.6
71;2021-05-03;4289;1381;154850;76078;28.3;13.9
71;2021-05-04;2957;2346;157807;78424;28.8;14.3
71;2021-05-05;3427;2089;161234;80513;29.4;14.7
71;2021-05-06;3464;2364;164698;82877;30.1;15.1
71;2021-05-07;3671;2811;168369;85688;30.7;15.6
71;2021-05-08;179;183;168548;85871;30.8;15.7
71;2021-05-09;43;47;168591;85918;30.8;15.7
71;2021-05-10;3698;2283;172289;88201;31.4;16.1
71;2021-05-11;4648;2333;176937;90534;32.3;16.5
71;2021-05-12;3975;2586;180912;93120;33.0;17.0
71;2021-05-13;1575;151;182487;93271;33.3;17.0
71;2021-05-14;3761;2188;186248;95459;34.0;17.4
71;2021-05-15;242;327;186490;95786;34.0;17.5
71;2021-05-16;2;0;186492;95786;34.0;17.5
71;2021-05-17;3863;1882;190355;97668;34.7;17.8
71;2021-05-18;3497;2421;193852;100089;35.4;18.3
71;2021-05-19;3719;2281;197571;102370;36.1;18.7
71;2021-05-20;4179;2292;201750;104662;36.8;19.1
71;2021-05-21;3721;2573;205471;107235;37.5;19.6
71;2021-05-22;168;306;205639;107541;37.5;19.6
71;2021-05-23;13;55;205652;107596;37.5;19.6
71;2021-05-24;18;96;205670;107692;37.5;19.7
71;2021-05-25;2692;3007;208362;110699;38.0;20.2
71;2021-05-26;2969;2431;211331;113130;38.6;20.7
71;2021-05-27;3388;2586;214719;115716;39.2;21.1
71;2021-05-28;2918;3161;217637;118877;39.7;21.7
71;2021-05-29;481;659;218118;119536;39.8;21.8
71;2021-05-30;75;57;218193;119593;39.8;21.8
71;2021-05-31;2773;3458;220966;123051;40.3;22.5
71;2021-06-01;3659;3542;224625;126593;41.0;23.1
71;2021-06-02;3993;2622;228618;129215;41.7;23.6
71;2021-06-03;4435;2529;233053;131744;42.5;24.0
71;2021-06-04;3715;3714;236768;135458;43.2;24.7
71;2021-06-05;679;644;237447;136102;43.3;24.8
71;2021-06-06;57;91;237504;136193;43.4;24.9
71;2021-06-07;3278;4145;240782;140338;44.0;25.6
71;2021-06-08;3896;4010;244678;144348;44.7;26.3
71;2021-06-09;4691;2748;249369;147096;45.5;26.9
71;2021-06-10;5267;2738;254636;149834;46.5;27.4
71;2021-06-11;4435;3718;259071;153552;47.3;28.0
71;2021-06-12;710;593;259781;154145;47.4;28.1
71;2021-06-13;103;186;259884;154331;47.4;28.2
71;2021-06-14;3510;3778;263394;158109;48.1;28.9
71;2021-06-15;4203;3560;267597;161669;48.8;29.5
71;2021-06-16;4593;2720;272190;164389;49.7;30.0
71;2021-06-17;4265;2998;276455;167387;50.5;30.6
71;2021-06-18;4321;3770;280776;171157;51.3;31.2
71;2021-06-19;1270;651;282046;171808;51.5;31.4
71;2021-06-20;37;27;282083;171835;51.5;31.4
71;2021-06-21;2270;4280;284353;176115;51.9;32.1
71;2021-06-22;2683;4350;287036;180465;52.4;32.9
71;2021-06-23;3061;3414;290097;183879;53.0;33.6
71;2021-06-24;3325;3020;293422;186899;53.6;34.1
71;2021-06-25;2647;4472;296069;191371;54.0;34.9
71;2021-06-26;370;550;296439;191921;54.1;35.0
71;2021-06-27;30;68;296469;191989;54.1;35.0
71;2021-06-28;1531;4620;298000;196609;54.4;35.9
71;2021-06-29;1982;4819;299982;201428;54.8;36.8
71;2021-06-30;2483;3925;302465;205353;55.2;37.5
71;2021-07-01;2632;3901;305097;209254;55.7;38.2
71;2021-07-02;2900;3981;307997;213235;56.2;38.9
71;2021-07-03;316;709;308313;213944;56.3;39.1
71;2021-07-04;28;133;308341;214077;56.3;39.1
71;2021-07-05;2467;4322;310808;218399;56.7;39.9
71;2021-07-06;2454;4576;313262;222975;57.2;40.7
71;2021-07-07;2943;3731;316205;226706;57.7;41.4
71;2021-07-08;2759;4115;318964;230821;58.2;42.1
71;2021-07-09;2284;5028;321248;235849;58.6;43.1
71;2021-07-10;203;656;321451;236505;58.7;43.2
71;2021-07-11;14;65;321465;236570;58.7;43.2
71;2021-07-12;1898;5318;323363;241888;59.0;44.2
71;2021-07-13;2518;5870;325881;247758;59.5;45.2
71;2021-07-14;945;399;326826;248157;59.7;45.3
71;2021-07-15;3008;5740;329834;253897;60.2;46.3
71;2021-07-16;3281;6016;333115;259913;60.8;47.4
71;2021-07-17;500;777;333615;260690;60.9;47.6
71;2021-07-18;87;92;333702;260782;60.9;47.6
71;2021-07-19;2853;5596;336555;266378;61.4;48.6
71;2021-07-20;3320;5920;339875;272298;62.0;49.7
71;2021-07-21;3390;5466;343265;277764;62.7;50.7
71;2021-07-22;3930;5331;347195;283095;63.4;51.7
71;2021-07-23;3211;5995;350406;289090;64.0;52.8
71;2021-07-24;585;581;350991;289671;64.1;52.9
71;2021-07-25;145;80;351136;289751;64.1;52.9
71;2021-07-26;3516;4895;354652;294646;64.7;53.8
71;2021-07-27;3983;5097;358635;299743;65.5;54.7
71;2021-07-28;4208;4808;362843;304551;66.2;55.6
71;2021-07-29;4177;4624;367020;309175;67.0;56.4
71;2021-07-30;4189;4887;371209;314062;67.8;57.3
71;2021-07-31;714;722;371923;314784;67.9;57.5
71;2021-08-01;80;33;372003;314817;67.9;57.5
72;2020-12-27;0;0;0;0;0.0;0.0
72;2020-12-28;0;0;0;0;0.0;0.0
72;2020-12-29;0;0;0;0;0.0;0.0
72;2020-12-30;0;0;0;0;0.0;0.0
72;2020-12-31;0;0;0;0;0.0;0.0
72;2021-01-01;2;0;2;0;0.0;0.0
72;2021-01-02;0;0;2;0;0.0;0.0
72;2021-01-03;0;0;2;0;0.0;0.0
72;2021-01-04;0;0;2;0;0.0;0.0
72;2021-01-05;14;0;16;0;0.0;0.0
72;2021-01-06;27;0;43;0;0.0;0.0
72;2021-01-07;110;0;153;0;0.0;0.0
72;2021-01-08;232;0;385;0;0.1;0.0
72;2021-01-09;36;0;421;0;0.1;0.0
72;2021-01-10;0;0;421;0;0.1;0.0
72;2021-01-11;485;1;906;1;0.2;0.0
72;2021-01-12;614;1;1520;2;0.3;0.0
72;2021-01-13;500;1;2020;3;0.4;0.0
72;2021-01-14;643;3;2663;6;0.5;0.0
72;2021-01-15;478;1;3141;7;0.6;0.0
72;2021-01-16;93;0;3234;7;0.6;0.0
72;2021-01-17;0;0;3234;7;0.6;0.0
72;2021-01-18;292;0;3526;7;0.6;0.0
72;2021-01-19;773;3;4299;10;0.8;0.0
72;2021-01-20;1518;5;5817;15;1.0;0.0
72;2021-01-21;1743;5;7560;20;1.3;0.0
72;2021-01-22;1150;6;8710;26;1.6;0.0
72;2021-01-23;32;0;8742;26;1.6;0.0
72;2021-01-24;0;0;8742;26;1.6;0.0
72;2021-01-25;502;7;9244;33;1.7;0.0
72;2021-01-26;1165;22;10409;55;1.9;0.0
72;2021-01-27;882;19;11291;74;2.0;0.0
72;2021-01-28;776;68;12067;142;2.2;0.0
72;2021-01-29;712;70;12779;212;2.3;0.0
72;2021-01-30;58;0;12837;212;2.3;0.0
72;2021-01-31;1;0;12838;212;2.3;0.0
72;2021-02-01;498;229;13336;441;2.4;0.1
72;2021-02-02;506;295;13842;736;2.5;0.1
72;2021-02-03;484;229;14326;965;2.6;0.2
72;2021-02-04;475;342;14801;1307;2.6;0.2
72;2021-02-05;509;408;15310;1715;2.7;0.3
72;2021-02-06;83;14;15393;1729;2.7;0.3
72;2021-02-07;19;3;15412;1732;2.8;0.3
72;2021-02-08;309;407;15721;2139;2.8;0.4
72;2021-02-09;489;534;16210;2673;2.9;0.5
72;2021-02-10;551;929;16761;3602;3.0;0.6
72;2021-02-11;852;1351;17613;4953;3.1;0.9
72;2021-02-12;849;595;18462;5548;3.3;1.0
72;2021-02-13;108;38;18570;5586;3.3;1.0
72;2021-02-14;1;22;18571;5608;3.3;1.0
72;2021-02-15;220;504;18791;6112;3.4;1.1
72;2021-02-16;498;1030;19289;7142;3.4;1.3
72;2021-02-17;464;719;19753;7861;3.5;1.4
72;2021-02-18;594;638;20347;8499;3.6;1.5
72;2021-02-19;520;600;20867;9099;3.7;1.6
72;2021-02-20;79;57;20946;9156;3.7;1.6
72;2021-02-21;0;0;20946;9156;3.7;1.6
72;2021-02-22;325;583;21271;9739;3.8;1.7
72;2021-02-23;566;530;21837;10269;3.9;1.8
72;2021-02-24;434;470;22271;10739;4.0;1.9
72;2021-02-25;920;566;23191;11305;4.1;2.0
72;2021-02-26;600;514;23791;11819;4.2;2.1
72;2021-02-27;322;67;24113;11886;4.3;2.1
72;2021-02-28;15;17;24128;11903;4.3;2.1
72;2021-03-01;377;482;24505;12385;4.4;2.2
72;2021-03-02;503;605;25008;12990;4.5;2.3
72;2021-03-03;732;652;25740;13642;4.6;2.4
72;2021-03-04;737;781;26477;14423;4.7;2.6
72;2021-03-05;936;771;27413;15194;4.9;2.7
72;2021-03-06;756;133;28169;15327;5.0;2.7
72;2021-03-07;447;24;28616;15351;5.1;2.7
72;2021-03-08;558;467;29174;15818;5.2;2.8
72;2021-03-09;1039;657;30213;16475;5.4;2.9
72;2021-03-10;1134;665;31347;17140;5.6;3.1
72;2021-03-11;1606;491;32953;17631;5.9;3.1
72;2021-03-12;1361;518;34314;18149;6.1;3.2
72;2021-03-13;981;116;35295;18265;6.3;3.3
72;2021-03-14;14;10;35309;18275;6.3;3.3
72;2021-03-15;1157;221;36466;18496;6.5;3.3
72;2021-03-16;1051;189;37517;18685;6.7;3.3
72;2021-03-17;1030;257;38547;18942;6.9;3.4
72;2021-03-18;1087;370;39634;19312;7.1;3.4
72;2021-03-19;1274;290;40908;19602;7.3;3.5
72;2021-03-20;486;91;41394;19693;7.4;3.5
72;2021-03-21;19;0;41413;19693;7.4;3.5
72;2021-03-22;1349;341;42762;20034;7.6;3.6
72;2021-03-23;1722;477;44484;20511;7.9;3.7
72;2021-03-24;1837;301;46321;20812;8.3;3.7
72;2021-03-25;2444;456;48765;21268;8.7;3.8
72;2021-03-26;2333;371;51098;21639;9.1;3.9
72;2021-03-27;611;28;51709;21667;9.2;3.9
72;2021-03-28;22;0;51731;21667;9.2;3.9
72;2021-03-29;1616;378;53347;22045;9.5;3.9
72;2021-03-30;2493;383;55840;22428;10.0;4.0
72;2021-03-31;2133;359;57973;22787;10.3;4.1
72;2021-04-01;2834;337;60807;23124;10.9;4.1
72;2021-04-02;2247;393;63054;23517;11.3;4.2
72;2021-04-03;290;37;63344;23554;11.3;4.2
72;2021-04-04;14;3;63358;23557;11.3;4.2
72;2021-04-05;51;49;63409;23606;11.3;4.2
72;2021-04-06;1760;466;65169;24072;11.6;4.3
72;2021-04-07;2562;591;67731;24663;12.1;4.4
72;2021-04-08;2714;767;70445;25430;12.6;4.5
72;2021-04-09;3860;568;74305;25998;13.3;4.6
72;2021-04-10;1111;46;75416;26044;13.5;4.6
72;2021-04-11;7;1;75423;26045;13.5;4.6
72;2021-04-12;1847;895;77270;26940;13.8;4.8
72;2021-04-13;2360;1068;79630;28008;14.2;5.0
72;2021-04-14;2246;1093;81876;29101;14.6;5.2
72;2021-04-15;2421;1111;84297;30212;15.0;5.4
72;2021-04-16;2562;957;86859;31169;15.5;5.6
72;2021-04-17;707;141;87566;31310;15.6;5.6
72;2021-04-18;57;2;87623;31312;15.6;5.6
72;2021-04-19;1395;1095;89018;32407;15.9;5.8
72;2021-04-20;3000;1292;92018;33699;16.4;6.0
72;2021-04-21;2515;1557;94533;35256;16.9;6.3
72;2021-04-22;2814;1791;97347;37047;17.4;6.6
72;2021-04-23;3207;1445;100554;38492;17.9;6.9
72;2021-04-24;1400;264;101954;38756;18.2;6.9
72;2021-04-25;881;19;102835;38775;18.4;6.9
72;2021-04-26;3511;1470;106346;40245;19.0;7.2
72;2021-04-27;4089;1856;110435;42101;19.7;7.5
72;2021-04-28;3832;1859;114267;43960;20.4;7.8
72;2021-04-29;4157;1810;118424;45770;21.1;8.2
72;2021-04-30;3611;1706;122035;47476;21.8;8.5
72;2021-05-01;1642;221;123677;47697;22.1;8.5
72;2021-05-02;1532;156;125209;47853;22.3;8.5
72;2021-05-03;3457;1150;128666;49003;23.0;8.7
72;2021-05-04;4012;1796;132678;50799;23.7;9.1
72;2021-05-05;3867;2177;136545;52976;24.4;9.5
72;2021-05-06;3596;1934;140141;54910;25.0;9.8
72;2021-05-07;3545;2149;143686;57059;25.6;10.2
72;2021-05-08;1901;150;145587;57209;26.0;10.2
72;2021-05-09;2082;204;147669;57413;26.4;10.2
72;2021-05-10;3771;1518;151440;58931;27.0;10.5
72;2021-05-11;4597;1990;156037;60921;27.9;10.9
72;2021-05-12;4080;1820;160117;62741;28.6;11.2
72;2021-05-13;3032;268;163149;63009;29.1;11.2
72;2021-05-14;3663;1383;166812;64392;29.8;11.5
72;2021-05-15;3122;359;169934;64751;30.3;11.6
72;2021-05-16;2501;152;172435;64903;30.8;11.6
72;2021-05-17;3724;1276;176159;66179;31.4;11.8
72;2021-05-18;4332;1686;180491;67865;32.2;12.1
72;2021-05-19;3977;1504;184468;69369;32.9;12.4
72;2021-05-20;4258;1451;188726;70820;33.7;12.6
72;2021-05-21;3791;1386;192517;72206;34.4;12.9
72;2021-05-22;2560;506;195077;72712;34.8;13.0
72;2021-05-23;1391;162;196468;72874;35.1;13.0
72;2021-05-24;2352;294;198820;73168;35.5;13.1
72;2021-05-25;4073;1407;202893;74575;36.2;13.3
72;2021-05-26;4097;1406;206990;75981;36.9;13.6
72;2021-05-27;4345;2042;211335;78023;37.7;13.9
72;2021-05-28;4106;2015;215441;80038;38.5;14.3
72;2021-05-29;2667;808;218108;80846;38.9;14.4
72;2021-05-30;1142;871;219250;81717;39.1;14.6
72;2021-05-31;3119;2329;222369;84046;39.7;15.0
72;2021-06-01;3564;2666;225933;86712;40.3;15.5
72;2021-06-02;3609;2779;229542;89491;41.0;16.0
72;2021-06-03;4241;3000;233783;92491;41.7;16.5
72;2021-06-04;3892;2751;237675;95242;42.4;17.0
72;2021-06-05;1438;2567;239113;97809;42.7;17.5
72;2021-06-06;910;1538;240023;99347;42.8;17.7
72;2021-06-07;1747;3421;241770;102768;43.2;18.3
72;2021-06-08;2927;3831;244697;106599;43.7;19.0
72;2021-06-09;2651;3365;247348;109964;44.2;19.6
72;2021-06-10;2828;3308;250176;113272;44.7;20.2
72;2021-06-11;2839;3773;253015;117045;45.2;20.9
72;2021-06-12;1243;2599;254258;119644;45.4;21.4
72;2021-06-13;388;1858;254646;121502;45.5;21.7
72;2021-06-14;1326;4126;255972;125628;45.7;22.4
72;2021-06-15;2752;3511;258724;129139;46.2;23.1
72;2021-06-16;2427;3570;261151;132709;46.6;23.7
72;2021-06-17;2319;3874;263470;136583;47.0;24.4
72;2021-06-18;2307;4306;265777;140889;47.4;25.1
72;2021-06-19;1127;2762;266904;143651;47.6;25.6
72;2021-06-20;338;2057;267242;145708;47.7;26.0
72;2021-06-21;1566;4032;268808;149740;48.0;26.7
72;2021-06-22;1711;4992;270519;154732;48.3;27.6
72;2021-06-23;2003;4219;272522;158951;48.6;28.4
72;2021-06-24;2224;4011;274746;162962;49.0;29.1
72;2021-06-25;1766;4843;276512;167805;49.4;30.0
72;2021-06-26;1187;2877;277699;170682;49.6;30.5
72;2021-06-27;392;2113;278091;172795;49.6;30.8
72;2021-06-28;1438;4290;279529;177085;49.9;31.6
72;2021-06-29;1761;4745;281290;181830;50.2;32.5
72;2021-06-30;1975;4168;283265;185998;50.6;33.2
72;2021-07-01;1936;4418;285201;190416;50.9;34.0
72;2021-07-02;1847;4719;287048;195135;51.2;34.8
72;2021-07-03;1289;3122;288337;198257;51.5;35.4
72;2021-07-04;581;1949;288918;200206;51.6;35.7
72;2021-07-05;1188;4174;290106;204380;51.8;36.5
72;2021-07-06;1457;5169;291563;209549;52.0;37.4
72;2021-07-07;1577;4616;293140;214165;52.3;38.2
72;2021-07-08;1645;4336;294785;218501;52.6;39.0
72;2021-07-09;2098;4625;296883;223126;53.0;39.8
72;2021-07-10;1583;2692;298466;225818;53.3;40.3
72;2021-07-11;949;1590;299415;227408;53.4;40.6
72;2021-07-12;1592;3757;301007;231165;53.7;41.3
72;2021-07-13;2081;4778;303088;235943;54.1;42.1
72;2021-07-14;1314;2367;304402;238310;54.3;42.5
72;2021-07-15;3473;3432;307875;241742;55.0;43.2
72;2021-07-16;3159;4131;311034;245873;55.5;43.9
72;2021-07-17;2626;1763;313660;247636;56.0;44.2
72;2021-07-18;1704;815;315364;248451;56.3;44.3
72;2021-07-19;2903;3513;318267;251964;56.8;45.0
72;2021-07-20;3023;4286;321290;256250;57.3;45.7
72;2021-07-21;2869;3595;324159;259845;57.9;46.4
72;2021-07-22;3745;2911;327904;262756;58.5;46.9
72;2021-07-23;3446;3781;331350;266537;59.1;47.6
72;2021-07-24;2811;1458;334161;267995;59.6;47.8
72;2021-07-25;1448;1075;335609;269070;59.9;48.0
72;2021-07-26;2715;2918;338324;271988;60.4;48.5
72;2021-07-27;3839;3808;342163;275796;61.1;49.2
72;2021-07-28;3556;3120;345719;278916;61.7;49.8
72;2021-07-29;3553;2703;349272;281619;62.3;50.3
72;2021-07-30;3730;3362;353002;284981;63.0;50.9
72;2021-07-31;2531;1740;355533;286721;63.5;51.2
72;2021-08-01;1826;424;357359;287145;63.8;51.3
73;2020-12-27;0;0;0;0;0.0;0.0
73;2020-12-28;1;0;1;0;0.0;0.0
73;2020-12-29;0;0;1;0;0.0;0.0
73;2020-12-30;0;0;1;0;0.0;0.0
73;2020-12-31;0;0;1;0;0.0;0.0
73;2021-01-01;0;0;1;0;0.0;0.0
73;2021-01-02;0;0;1;0;0.0;0.0
73;2021-01-03;0;0;1;0;0.0;0.0
73;2021-01-04;1;0;2;0;0.0;0.0
73;2021-01-05;0;0;2;0;0.0;0.0
73;2021-01-06;1;0;3;0;0.0;0.0
73;2021-01-07;30;0;33;0;0.0;0.0
73;2021-01-08;81;0;114;0;0.0;0.0
73;2021-01-09;0;0;114;0;0.0;0.0
73;2021-01-10;0;0;114;0;0.0;0.0
73;2021-01-11;85;0;199;0;0.0;0.0
73;2021-01-12;303;1;502;1;0.1;0.0
73;2021-01-13;356;1;858;2;0.2;0.0
73;2021-01-14;512;2;1370;4;0.3;0.0
73;2021-01-15;616;1;1986;5;0.5;0.0
73;2021-01-16;127;0;2113;5;0.5;0.0
73;2021-01-17;0;0;2113;5;0.5;0.0
73;2021-01-18;624;0;2737;5;0.6;0.0
73;2021-01-19;1238;3;3975;8;0.9;0.0
73;2021-01-20;951;1;4926;9;1.1;0.0
73;2021-01-21;982;5;5908;14;1.4;0.0
73;2021-01-22;945;0;6853;14;1.6;0.0
73;2021-01-23;387;0;7240;14;1.7;0.0
73;2021-01-24;0;0;7240;14;1.7;0.0
73;2021-01-25;656;5;7896;19;1.8;0.0
73;2021-01-26;761;2;8657;21;2.0;0.0
73;2021-01-27;1104;5;9761;26;2.3;0.0
73;2021-01-28;960;5;10721;31;2.5;0.0
73;2021-01-29;684;5;11405;36;2.6;0.0
73;2021-01-30;345;3;11750;39;2.7;0.0
73;2021-01-31;0;0;11750;39;2.7;0.0
73;2021-02-01;620;40;12370;79;2.9;0.0
73;2021-02-02;751;333;13121;412;3.0;0.1
73;2021-02-03;653;348;13774;760;3.2;0.2
73;2021-02-04;624;234;14398;994;3.3;0.2
73;2021-02-05;678;409;15076;1403;3.5;0.3
73;2021-02-06;261;38;15337;1441;3.5;0.3
73;2021-02-07;0;0;15337;1441;3.5;0.3
73;2021-02-08;521;254;15858;1695;3.7;0.4
73;2021-02-09;793;445;16651;2140;3.8;0.5
73;2021-02-10;893;393;17544;2533;4.1;0.6
73;2021-02-11;957;708;18501;3241;4.3;0.7
73;2021-02-12;810;498;19311;3739;4.5;0.9
73;2021-02-13;263;58;19574;3797;4.5;0.9
73;2021-02-14;1;0;19575;3797;4.5;0.9
73;2021-02-15;346;530;19921;4327;4.6;1.0
73;2021-02-16;453;762;20374;5089;4.7;1.2
73;2021-02-17;450;962;20824;6051;4.8;1.4
73;2021-02-18;469;555;21293;6606;4.9;1.5
73;2021-02-19;444;635;21737;7241;5.0;1.7
73;2021-02-20;70;249;21807;7490;5.0;1.7
73;2021-02-21;0;0;21807;7490;5.0;1.7
73;2021-02-22;240;441;22047;7931;5.1;1.8
73;2021-02-23;324;517;22371;8448;5.2;2.0
73;2021-02-24;485;747;22856;9195;5.3;2.1
73;2021-02-25;502;504;23358;9699;5.4;2.2
73;2021-02-26;730;566;24088;10265;5.6;2.4
73;2021-02-27;331;238;24419;10503;5.6;2.4
73;2021-02-28;1;1;24420;10504;5.6;2.4
73;2021-03-01;556;511;24976;11015;5.8;2.5
73;2021-03-02;666;899;25642;11914;5.9;2.8
73;2021-03-03;642;1193;26284;13107;6.1;3.0
73;2021-03-04;1032;895;27316;14002;6.3;3.2
73;2021-03-05;1238;607;28554;14609;6.6;3.4
73;2021-03-06;1092;329;29646;14938;6.9;3.5
73;2021-03-07;454;88;30100;15026;7.0;3.5
73;2021-03-08;606;425;30706;15451;7.1;3.6
73;2021-03-09;984;535;31690;15986;7.3;3.7
73;2021-03-10;1035;863;32725;16849;7.6;3.9
73;2021-03-11;1555;655;34280;17504;7.9;4.0
73;2021-03-12;2016;529;36296;18033;8.4;4.2
73;2021-03-13;1178;202;37474;18235;8.7;4.2
73;2021-03-14;65;3;37539;18238;8.7;4.2
73;2021-03-15;1183;391;38722;18629;9.0;4.3
73;2021-03-16;791;397;39513;19026;9.1;4.4
73;2021-03-17;875;475;40388;19501;9.3;4.5
73;2021-03-18;1350;256;41738;19757;9.6;4.6
73;2021-03-19;1765;389;43503;20146;10.1;4.7
73;2021-03-20;886;127;44389;20273;10.3;4.7
73;2021-03-21;123;2;44512;20275;10.3;4.7
73;2021-03-22;1182;387;45694;20662;10.6;4.8
73;2021-03-23;1446;230;47140;20892;10.9;4.8
73;2021-03-24;1592;342;48732;21234;11.3;4.9
73;2021-03-25;2060;380;50792;21614;11.7;5.0
73;2021-03-26;2470;355;53262;21969;12.3;5.1
73;2021-03-27;886;141;54148;22110;12.5;5.1
73;2021-03-28;310;10;54458;22120;12.6;5.1
73;2021-03-29;1509;234;55967;22354;12.9;5.2
73;2021-03-30;2085;476;58052;22830;13.4;5.3
73;2021-03-31;2088;391;60140;23221;13.9;5.4
73;2021-04-01;2087;328;62227;23549;14.4;5.4
73;2021-04-02;2355;215;64582;23764;14.9;5.5
73;2021-04-03;848;144;65430;23908;15.1;5.5
73;2021-04-04;188;18;65618;23926;15.2;5.5
73;2021-04-05;212;25;65830;23951;15.2;5.5
73;2021-04-06;1504;496;67334;24447;15.6;5.7
73;2021-04-07;1947;640;69281;25087;16.0;5.8
73;2021-04-08;2489;808;71770;25895;16.6;6.0
73;2021-04-09;3060;503;74830;26398;17.3;6.1
73;2021-04-10;1134;311;75964;26709;17.6;6.2
73;2021-04-11;163;8;76127;26717;17.6;6.2
73;2021-04-12;1698;971;77825;27688;18.0;6.4
73;2021-04-13;1892;1122;79717;28810;18.4;6.7
73;2021-04-14;2016;1085;81733;29895;18.9;6.9
73;2021-04-15;2415;1167;84148;31062;19.5;7.2
73;2021-04-16;1893;921;86041;31983;19.9;7.4
73;2021-04-17;1176;553;87217;32536;20.2;7.5
73;2021-04-18;155;75;87372;32611;20.2;7.5
73;2021-04-19;1381;1051;88753;33662;20.5;7.8
73;2021-04-20;1790;1308;90543;34970;20.9;8.1
73;2021-04-21;1573;1297;92116;36267;21.3;8.4
73;2021-04-22;1814;1220;93930;37487;21.7;8.7
73;2021-04-23;1895;1247;95825;38734;22.2;9.0
73;2021-04-24;980;669;96805;39403;22.4;9.1
73;2021-04-25;79;97;96884;39500;22.4;9.1
73;2021-04-26;1165;1315;98049;40815;22.7;9.4
73;2021-04-27;1441;1465;99490;42280;23.0;9.8
73;2021-04-28;1732;1459;101222;43739;23.4;10.1
73;2021-04-29;2412;1563;103634;45302;24.0;10.5
73;2021-04-30;2396;1434;106030;46736;24.5;10.8
73;2021-05-01;1068;305;107098;47041;24.8;10.9
73;2021-05-02;34;165;107132;47206;24.8;10.9
73;2021-05-03;1393;1590;108525;48796;25.1;11.3
73;2021-05-04;1706;1827;110231;50623;25.5;11.7
73;2021-05-05;1973;1685;112204;52308;25.9;12.1
73;2021-05-06;2429;1699;114633;54007;26.5;12.5
73;2021-05-07;2261;1848;116894;55855;27.0;12.9
73;2021-05-08;1835;377;118729;56232;27.4;13.0
73;2021-05-09;127;122;118856;56354;27.5;13.0
73;2021-05-10;1607;1887;120463;58241;27.8;13.5
73;2021-05-11;2378;2365;122841;60606;28.4;14.0
73;2021-05-12;3553;2088;126394;62694;29.2;14.5
73;2021-05-13;1554;272;127948;62966;29.6;14.6
73;2021-05-14;1586;1489;129534;64455;29.9;14.9
73;2021-05-15;1443;942;130977;65397;30.3;15.1
73;2021-05-16;131;62;131108;65459;30.3;15.1
73;2021-05-17;1707;1949;132815;67408;30.7;15.6
73;2021-05-18;2495;1732;135310;69140;31.3;16.0
73;2021-05-19;2540;1623;137850;70763;31.9;16.4
73;2021-05-20;3162;1502;141012;72265;32.6;16.7
73;2021-05-21;2473;1850;143485;74115;33.2;17.1
73;2021-05-22;1989;921;145474;75036;33.6;17.3
73;2021-05-23;211;14;145685;75050;33.7;17.4
73;2021-05-24;2565;329;148250;75379;34.3;17.4
73;2021-05-25;2139;1739;150389;77118;34.8;17.8
73;2021-05-26;2343;2000;152732;79118;35.3;18.3
73;2021-05-27;3081;1711;155813;80829;36.0;18.7
73;2021-05-28;2917;2372;158730;83201;36.7;19.2
73;2021-05-29;2318;1322;161048;84523;37.2;19.5
73;2021-05-30;186;14;161234;84537;37.3;19.5
73;2021-05-31;2410;1627;163644;86164;37.8;19.9
73;2021-06-01;3176;1790;166820;87954;38.6;20.3
73;2021-06-02;3100;1460;169920;89414;39.3;20.7
73;2021-06-03;4421;1742;174341;91156;40.3;21.1
73;2021-06-04;4275;2180;178616;93336;41.3;21.6
73;2021-06-05;3157;1279;181773;94615;42.0;21.9
73;2021-06-06;1881;297;183654;94912;42.5;21.9
73;2021-06-07;2755;2147;186409;97059;43.1;22.4
73;2021-06-08;2686;1875;189095;98934;43.7;22.9
73;2021-06-09;2364;1789;191459;100723;44.3;23.3
73;2021-06-10;2004;1652;193463;102375;44.7;23.7
73;2021-06-11;2190;2442;195653;104817;45.2;24.2
73;2021-06-12;2244;1330;197897;106147;45.8;24.5
73;2021-06-13;44;82;197941;106229;45.8;24.6
73;2021-06-14;1347;2930;199288;109159;46.1;25.2
73;2021-06-15;1591;2754;200879;111913;46.4;25.9
73;2021-06-16;1464;2571;202343;114484;46.8;26.5
73;2021-06-17;945;1726;203288;116210;47.0;26.9
73;2021-06-18;1883;2932;205171;119142;47.4;27.5
73;2021-06-19;1417;1986;206588;121128;47.8;28.0
73;2021-06-20;448;306;207036;121434;47.9;28.1
73;2021-06-21;1110;2938;208146;124372;48.1;28.8
73;2021-06-22;1091;2871;209237;127243;48.4;29.4
73;2021-06-23;1082;3137;210319;130380;48.6;30.1
73;2021-06-24;879;1791;211198;132171;48.8;30.6
73;2021-06-25;1327;2800;212525;134971;49.1;31.2
73;2021-06-26;967;2397;213492;137368;49.4;31.8
73;2021-06-27;328;548;213820;137916;49.4;31.9
73;2021-06-28;963;3558;214783;141474;49.7;32.7
73;2021-06-29;1068;3338;215851;144812;49.9;33.5
73;2021-06-30;1187;3122;217038;147934;50.2;34.2
73;2021-07-01;1133;2365;218171;150299;50.4;34.7
73;2021-07-02;1205;3617;219376;153916;50.7;35.6
73;2021-07-03;956;2793;220332;156709;50.9;36.2
73;2021-07-04;300;618;220632;157327;51.0;36.4
73;2021-07-05;1152;3687;221784;161014;51.3;37.2
73;2021-07-06;1242;2948;223026;163962;51.6;37.9
73;2021-07-07;1428;2953;224454;166915;51.9;38.6
73;2021-07-08;1365;2300;225819;169215;52.2;39.1
73;2021-07-09;1425;4027;227244;173242;52.5;40.1
73;2021-07-10;881;3013;228125;176255;52.7;40.7
73;2021-07-11;558;1468;228683;177723;52.9;41.1
73;2021-07-12;1048;4208;229731;181931;53.1;42.1
73;2021-07-13;1715;4229;231446;186160;53.5;43.0
73;2021-07-14;1835;1912;233281;188072;53.9;43.5
73;2021-07-15;2722;3801;236003;191873;54.6;44.4
73;2021-07-16;2393;4006;238396;195879;55.1;45.3
73;2021-07-17;1501;2599;239897;198478;55.5;45.9
73;2021-07-18;1175;1216;241072;199694;55.7;46.2
73;2021-07-19;2420;3239;243492;202933;56.3;46.9
73;2021-07-20;3345;2845;246837;205778;57.1;47.6
73;2021-07-21;3360;2767;250197;208545;57.8;48.2
73;2021-07-22;2709;2207;252906;210752;58.5;48.7
73;2021-07-23;3378;2884;256284;213636;59.2;49.4
73;2021-07-24;2046;2266;258330;215902;59.7;49.9
73;2021-07-25;621;792;258951;216694;59.9;50.1
73;2021-07-26;2613;2480;261564;219174;60.5;50.7
73;2021-07-27;3779;2248;265343;221422;61.3;51.2
73;2021-07-28;3512;2075;268855;223497;62.2;51.7
73;2021-07-29;3939;2120;272794;225617;63.1;52.2
73;2021-07-30;3529;2443;276323;228060;63.9;52.7
73;2021-07-31;2451;1563;278774;229623;64.4;53.1
73;2021-08-01;820;604;279594;230227;64.6;53.2
74;2020-12-27;2;0;2;0;0.0;0.0
74;2020-12-28;2;0;4;0;0.0;0.0
74;2020-12-29;0;0;4;0;0.0;0.0
74;2020-12-30;0;0;4;0;0.0;0.0
74;2020-12-31;0;0;4;0;0.0;0.0
74;2021-01-01;0;0;4;0;0.0;0.0
74;2021-01-02;1;1;5;1;0.0;0.0
74;2021-01-03;0;0;5;1;0.0;0.0
74;2021-01-04;0;0;5;1;0.0;0.0
74;2021-01-05;0;0;5;1;0.0;0.0
74;2021-01-06;44;0;49;1;0.0;0.0
74;2021-01-07;218;1;267;2;0.0;0.0
74;2021-01-08;291;1;558;3;0.1;0.0
74;2021-01-09;78;0;636;3;0.1;0.0
74;2021-01-10;73;0;709;3;0.1;0.0
74;2021-01-11;373;0;1082;3;0.1;0.0
74;2021-01-12;403;3;1485;6;0.2;0.0
74;2021-01-13;395;0;1880;6;0.2;0.0
74;2021-01-14;457;1;2337;7;0.3;0.0
74;2021-01-15;638;4;2975;11;0.4;0.0
74;2021-01-16;251;1;3226;12;0.4;0.0
74;2021-01-17;130;1;3356;13;0.4;0.0
74;2021-01-18;521;0;3877;13;0.5;0.0
74;2021-01-19;809;2;4686;15;0.6;0.0
74;2021-01-20;1274;4;5960;19;0.7;0.0
74;2021-01-21;1541;1;7501;20;0.9;0.0
74;2021-01-22;1214;6;8715;26;1.1;0.0
74;2021-01-23;342;1;9057;27;1.1;0.0
74;2021-01-24;90;0;9147;27;1.1;0.0
74;2021-01-25;795;2;9942;29;1.2;0.0
74;2021-01-26;1352;11;11294;40;1.4;0.0
74;2021-01-27;1072;10;12366;50;1.5;0.0
74;2021-01-28;984;30;13350;80;1.6;0.0
74;2021-01-29;877;42;14227;122;1.7;0.0
74;2021-01-30;303;1;14530;123;1.8;0.0
74;2021-01-31;84;1;14614;124;1.8;0.0
74;2021-02-01;626;44;15240;168;1.8;0.0
74;2021-02-02;640;155;15880;323;1.9;0.0
74;2021-02-03;602;124;16482;447;2.0;0.1
74;2021-02-04;611;135;17093;582;2.1;0.1
74;2021-02-05;544;227;17637;809;2.1;0.1
74;2021-02-06;266;140;17903;949;2.2;0.1
74;2021-02-07;93;127;17996;1076;2.2;0.1
74;2021-02-08;616;350;18612;1426;2.2;0.2
74;2021-02-09;534;534;19146;1960;2.3;0.2
74;2021-02-10;686;522;19832;2482;2.4;0.3
74;2021-02-11;1055;1020;20887;3502;2.5;0.4
74;2021-02-12;904;617;21791;4119;2.6;0.5
74;2021-02-13;400;240;22191;4359;2.7;0.5
74;2021-02-14;316;113;22507;4472;2.7;0.5
74;2021-02-15;275;856;22782;5328;2.8;0.6
74;2021-02-16;487;1070;23269;6398;2.8;0.8
74;2021-02-17;538;1113;23807;7511;2.9;0.9
74;2021-02-18;471;994;24278;8505;2.9;1.0
74;2021-02-19;618;655;24896;9160;3.0;1.1
74;2021-02-20;114;192;25010;9352;3.0;1.1
74;2021-02-21;46;62;25056;9414;3.0;1.1
74;2021-02-22;316;786;25372;10200;3.1;1.2
74;2021-02-23;302;824;25674;11024;3.1;1.3
74;2021-02-24;239;682;25913;11706;3.1;1.4
74;2021-02-25;517;751;26430;12457;3.2;1.5
74;2021-02-26;970;700;27400;13157;3.3;1.6
74;2021-02-27;254;186;27654;13343;3.3;1.6
74;2021-02-28;124;70;27778;13413;3.4;1.6
74;2021-03-01;718;628;28496;14041;3.4;1.7
74;2021-03-02;1088;684;29584;14725;3.6;1.8
74;2021-03-03;1009;630;30593;15355;3.7;1.9
74;2021-03-04;1606;1012;32199;16367;3.9;2.0
74;2021-03-05;2082;891;34281;17258;4.1;2.1
74;2021-03-06;1749;319;36030;17577;4.3;2.1
74;2021-03-07;1382;104;37412;17681;4.5;2.1
74;2021-03-08;1193;956;38605;18637;4.7;2.2
74;2021-03-09;1938;657;40543;19294;4.9;2.3
74;2021-03-10;1740;899;42283;20193;5.1;2.4
74;2021-03-11;2438;708;44721;20901;5.4;2.5
74;2021-03-12;3238;1001;47959;21902;5.8;2.6
74;2021-03-13;1994;268;49953;22170;6.0;2.7
74;2021-03-14;607;100;50560;22270;6.1;2.7
74;2021-03-15;2118;547;52678;22817;6.4;2.8
74;2021-03-16;1950;399;54628;23216;6.6;2.8
74;2021-03-17;1969;307;56597;23523;6.8;2.8
74;2021-03-18;2125;281;58722;23804;7.1;2.9
74;2021-03-19;2624;281;61346;24085;7.4;2.9
74;2021-03-20;1373;89;62719;24174;7.6;2.9
74;2021-03-21;288;29;63007;24203;7.6;2.9
74;2021-03-22;2044;309;65051;24512;7.9;3.0
74;2021-03-23;2713;318;67764;24830;8.2;3.0
74;2021-03-24;2935;282;70699;25112;8.5;3.0
74;2021-03-25;3864;287;74563;25399;9.0;3.1
74;2021-03-26;4087;364;78650;25763;9.5;3.1
74;2021-03-27;1936;245;80586;26008;9.7;3.1
74;2021-03-28;437;76;81023;26084;9.8;3.1
74;2021-03-29;3028;702;84051;26786;10.1;3.2
74;2021-03-30;3537;747;87588;27533;10.6;3.3
74;2021-03-31;3136;708;90724;28241;11.0;3.4
74;2021-04-01;4211;866;94935;29107;11.5;3.5
74;2021-04-02;3694;765;98629;29872;11.9;3.6
74;2021-04-03;1691;532;100320;30404;12.1;3.7
74;2021-04-04;235;119;100555;30523;12.1;3.7
74;2021-04-05;431;16;100986;30539;12.2;3.7
74;2021-04-06;2619;1200;103605;31739;12.5;3.8
74;2021-04-07;3183;1219;106788;32958;12.9;4.0
74;2021-04-08;3853;1163;110641;34121;13.4;4.1
74;2021-04-09;4091;1159;114732;35280;13.8;4.3
74;2021-04-10;1942;1029;116674;36309;14.1;4.4
74;2021-04-11;252;182;116926;36491;14.1;4.4
74;2021-04-12;2711;1765;119637;38256;14.4;4.6
74;2021-04-13;3103;2078;122740;40334;14.8;4.9
74;2021-04-14;2889;1946;125629;42280;15.2;5.1
74;2021-04-15;3415;1887;129044;44167;15.6;5.3
74;2021-04-16;3373;1756;132417;45923;16.0;5.5
74;2021-04-17;1928;1028;134345;46951;16.2;5.7
74;2021-04-18;218;206;134563;47157;16.2;5.7
74;2021-04-19;2096;2088;136659;49245;16.5;5.9
74;2021-04-20;3057;2406;139716;51651;16.9;6.2
74;2021-04-21;2458;2365;142174;54016;17.2;6.5
74;2021-04-22;2620;2308;144794;56324;17.5;6.8
74;2021-04-23;2557;2233;147351;58557;17.8;7.1
74;2021-04-24;1484;1535;148835;60092;18.0;7.3
74;2021-04-25;224;149;149059;60241;18.0;7.3
74;2021-04-26;2388;2453;151447;62694;18.3;7.6
74;2021-04-27;3263;2894;154710;65588;18.7;7.9
74;2021-04-28;3457;2617;158167;68205;19.1;8.2
74;2021-04-29;3908;2656;162075;70861;19.6;8.6
74;2021-04-30;4074;2205;166149;73066;20.1;8.8
74;2021-05-01;2117;364;168266;73430;20.3;8.9
74;2021-05-02;203;234;168469;73664;20.3;8.9
74;2021-05-03;2595;2995;171064;76659;20.6;9.3
74;2021-05-04;3219;3084;174283;79743;21.0;9.6
74;2021-05-05;3395;3004;177678;82747;21.4;10.0
74;2021-05-06;3853;2620;181531;85367;21.9;10.3
74;2021-05-07;3594;3534;185125;88901;22.3;10.7
74;2021-05-08;1149;818;186274;89719;22.5;10.8
74;2021-05-09;192;248;186466;89967;22.5;10.9
74;2021-05-10;3469;3131;189935;93098;22.9;11.2
74;2021-05-11;4319;3424;194254;96522;23.4;11.7
74;2021-05-12;5291;2954;199545;99476;24.1;12.0
74;2021-05-13;2359;943;201904;100419;24.4;12.1
74;2021-05-14;5943;2383;207847;102802;25.1;12.4
74;2021-05-15;4515;1852;212362;104654;25.6;12.6
74;2021-05-16;3002;330;215364;104984;26.0;12.7
74;2021-05-17;5397;2872;220761;107856;26.6;13.0
74;2021-05-18;6776;2797;227537;110653;27.5;13.4
74;2021-05-19;6224;2289;233761;112942;28.2;13.6
74;2021-05-20;6640;2539;240401;115481;29.0;13.9
74;2021-05-21;6521;2975;246922;118456;29.8;14.3
74;2021-05-22;5289;1567;252211;120023;30.4;14.5
74;2021-05-23;2050;282;254261;120305;30.7;14.5
74;2021-05-24;2358;660;256619;120965;31.0;14.6
74;2021-05-25;5067;3332;261686;124297;31.6;15.0
74;2021-05-26;5249;2557;266935;126854;32.2;15.3
74;2021-05-27;6000;2980;272935;129834;32.9;15.7
74;2021-05-28;5658;3580;278593;133414;33.6;16.1
74;2021-05-29;3795;2146;282388;135560;34.1;16.4
74;2021-05-30;487;308;282875;135868;34.1;16.4
74;2021-05-31;5067;3548;287942;139416;34.8;16.8
74;2021-06-01;4920;3716;292862;143132;35.4;17.3
74;2021-06-02;5254;3193;298116;146325;36.0;17.7
74;2021-06-03;6886;3243;305002;149568;36.8;18.1
74;2021-06-04;6899;4424;311901;153992;37.7;18.6
74;2021-06-05;4610;2707;316511;156699;38.2;18.9
74;2021-06-06;122;112;316633;156811;38.2;18.9
74;2021-06-07;5027;4143;321660;160954;38.8;19.4
74;2021-06-08;5018;3943;326678;164897;39.4;19.9
74;2021-06-09;5066;3483;331744;168380;40.0;20.3
74;2021-06-10;5113;2866;336857;171246;40.7;20.7
74;2021-06-11;5209;3799;342066;175045;41.3;21.1
74;2021-06-12;3569;2381;345635;177426;41.7;21.4
74;2021-06-13;118;88;345753;177514;41.7;21.4
74;2021-06-14;3590;4482;349343;181996;42.2;22.0
74;2021-06-15;3662;3896;353005;185892;42.6;22.4
74;2021-06-16;4809;3120;357814;189012;43.2;22.8
74;2021-06-17;3812;2949;361626;191961;43.7;23.2
74;2021-06-18;4109;4663;365735;196624;44.1;23.7
74;2021-06-19;2989;3098;368724;199722;44.5;24.1
74;2021-06-20;123;97;368847;199819;44.5;24.1
74;2021-06-21;2379;5424;371226;205243;44.8;24.8
74;2021-06-22;2480;5312;373706;210555;45.1;25.4
74;2021-06-23;2949;4613;376655;215168;45.5;26.0
74;2021-06-24;2844;4626;379499;219794;45.8;26.5
74;2021-06-25;2911;6766;382410;226560;46.2;27.3
74;2021-06-26;1694;5397;384104;231957;46.4;28.0
74;2021-06-27;63;1664;384167;233621;46.4;28.2
74;2021-06-28;1912;7217;386079;240838;46.6;29.1
74;2021-06-29;2297;7417;388376;248255;46.9;30.0
74;2021-06-30;2720;6539;391096;254794;47.2;30.8
74;2021-07-01;3044;5404;394140;260198;47.6;31.4
74;2021-07-02;2989;6632;397129;266830;47.9;32.2
74;2021-07-03;1693;5081;398822;271911;48.1;32.8
74;2021-07-04;76;1021;398898;272932;48.2;32.9
74;2021-07-05;2025;6848;400923;279780;48.4;33.8
74;2021-07-06;2548;6494;403471;286274;48.7;34.6
74;2021-07-07;2929;5442;406400;291716;49.1;35.2
74;2021-07-08;3763;4895;410163;296611;49.5;35.8
74;2021-07-09;2587;6973;412750;303584;49.8;36.6
74;2021-07-10;1600;5126;414350;308710;50.0;37.3
74;2021-07-11;71;141;414421;308851;50.0;37.3
74;2021-07-12;2038;7901;416459;316752;50.3;38.2
74;2021-07-13;3919;7574;420378;324326;50.7;39.2
74;2021-07-14;1947;2232;422325;326558;51.0;39.4
74;2021-07-15;3546;6848;425871;333406;51.4;40.2
74;2021-07-16;4143;7738;430014;341144;51.9;41.2
74;2021-07-17;2818;5317;432832;346461;52.2;41.8
74;2021-07-18;149;157;432981;346618;52.3;41.8
74;2021-07-19;4231;7326;437212;353944;52.8;42.7
74;2021-07-20;5756;6441;442968;360385;53.5;43.5
74;2021-07-21;5500;6646;448468;367031;54.1;44.3
74;2021-07-22;4717;5314;453185;372345;54.7;44.9
74;2021-07-23;6063;6949;459248;379294;55.4;45.8
74;2021-07-24;3025;4305;462273;383599;55.8;46.3
74;2021-07-25;160;174;462433;383773;55.8;46.3
74;2021-07-26;5407;6106;467840;389879;56.5;47.1
74;2021-07-27;6702;5123;474542;395002;57.3;47.7
74;2021-07-28;6429;5072;480971;400074;58.1;48.3
74;2021-07-29;5224;3906;486195;403980;58.7;48.8
74;2021-07-30;6568;5437;492763;409417;59.5;49.4
74;2021-07-31;4314;3075;497077;412492;60.0;49.8
74;2021-08-01;175;150;497252;412642;60.0;49.8
75;2020-12-27;27;1;27;1;0.0;0.0
75;2020-12-28;40;0;67;1;0.0;0.0
75;2020-12-29;13;0;80;1;0.0;0.0
75;2020-12-30;38;0;118;1;0.0;0.0
75;2020-12-31;30;0;148;1;0.0;0.0
75;2021-01-01;30;0;178;1;0.0;0.0
75;2021-01-02;54;1;232;2;0.0;0.0
75;2021-01-03;90;0;322;2;0.0;0.0
75;2021-01-04;290;1;612;3;0.0;0.0
75;2021-01-05;859;13;1471;16;0.1;0.0
75;2021-01-06;1346;16;2817;32;0.1;0.0
75;2021-01-07;2057;17;4874;49;0.2;0.0
75;2021-01-08;2855;31;7729;80;0.4;0.0
75;2021-01-09;1089;2;8818;82;0.4;0.0
75;2021-01-10;1093;5;9911;87;0.5;0.0
75;2021-01-11;3070;46;12981;133;0.6;0.0
75;2021-01-12;3467;53;16448;186;0.8;0.0
75;2021-01-13;3540;44;19988;230;0.9;0.0
75;2021-01-14;3642;59;23630;289;1.1;0.0
75;2021-01-15;3296;44;26926;333;1.3;0.0
75;2021-01-16;1121;16;28047;349;1.3;0.0
75;2021-01-17;541;14;28588;363;1.3;0.0
75;2021-01-18;3245;73;31833;436;1.5;0.0
75;2021-01-19;3842;44;35675;480;1.7;0.0
75;2021-01-20;4376;64;40051;544;1.9;0.0
75;2021-01-21;4874;78;44925;622;2.1;0.0
75;2021-01-22;4553;83;49478;705;2.3;0.0
75;2021-01-23;1745;15;51223;720;2.4;0.0
75;2021-01-24;731;6;51954;726;2.4;0.0
75;2021-01-25;1694;25;53648;751;2.5;0.0
75;2021-01-26;2534;87;56182;838;2.6;0.0
75;2021-01-27;3083;160;59265;998;2.8;0.0
75;2021-01-28;4744;260;64009;1258;3.0;0.1
75;2021-01-29;4026;266;68035;1524;3.2;0.1
75;2021-01-30;1348;33;69383;1557;3.2;0.1
75;2021-01-31;205;3;69588;1560;3.2;0.1
75;2021-02-01;1598;380;71186;1940;3.3;0.1
75;2021-02-02;2115;650;73301;2590;3.4;0.1
75;2021-02-03;1863;686;75164;3276;3.5;0.2
75;2021-02-04;2120;1134;77284;4410;3.6;0.2
75;2021-02-05;2179;870;79463;5280;3.7;0.2
75;2021-02-06;1079;94;80542;5374;3.7;0.3
75;2021-02-07;164;6;80706;5380;3.8;0.3
75;2021-02-08;1237;1475;81943;6855;3.8;0.3
75;2021-02-09;1747;2385;83690;9240;3.9;0.4
75;2021-02-10;2382;2405;86072;11645;4.0;0.5
75;2021-02-11;2907;6457;88979;18102;4.1;0.8
75;2021-02-12;3090;2409;92069;20511;4.3;1.0
75;2021-02-13;835;1059;92904;21570;4.3;1.0
75;2021-02-14;191;42;93095;21612;4.3;1.0
75;2021-02-15;981;2479;94076;24091;4.4;1.1
75;2021-02-16;1423;6563;95499;30654;4.4;1.4
75;2021-02-17;1296;3243;96795;33897;4.5;1.6
75;2021-02-18;1738;5875;98533;39772;4.6;1.9
75;2021-02-19;2195;4149;100728;43921;4.7;2.0
75;2021-02-20;464;1693;101192;45614;4.7;2.1
75;2021-02-21;183;160;101375;45774;4.7;2.1
75;2021-02-22;1196;1936;102571;47710;4.8;2.2
75;2021-02-23;1424;2730;103995;50440;4.8;2.3
75;2021-02-24;1661;2342;105656;52782;4.9;2.5
75;2021-02-25;2749;5346;108405;58128;5.0;2.7
75;2021-02-26;3334;2731;111739;60859;5.2;2.8
75;2021-02-27;1385;936;113124;61795;5.3;2.9
75;2021-02-28;312;140;113436;61935;5.3;2.9
75;2021-03-01;2560;1684;115996;63619;5.4;3.0
75;2021-03-02;4132;2206;120128;65825;5.6;3.1
75;2021-03-03;5377;2340;125505;68165;5.8;3.2
75;2021-03-04;7980;2583;133485;70748;6.2;3.3
75;2021-03-05;10495;2739;143980;73487;6.7;3.4
75;2021-03-06;11025;1061;155005;74548;7.2;3.5
75;2021-03-07;9467;1507;164472;76055;7.7;3.5
75;2021-03-08;5847;1561;170319;77616;7.9;3.6
75;2021-03-09;7472;2121;177791;79737;8.3;3.7
75;2021-03-10;7443;2105;185234;81842;8.6;3.8
75;2021-03-11;10284;2504;195518;84346;9.1;3.9
75;2021-03-12;12012;2523;207530;86869;9.7;4.0
75;2021-03-13;8509;759;216039;87628;10.1;4.1
75;2021-03-14;4143;232;220182;87860;10.2;4.1
75;2021-03-15;7407;961;227589;88821;10.6;4.1
75;2021-03-16;5112;674;232701;89495;10.8;4.2
75;2021-03-17;5378;821;238079;90316;11.1;4.2
75;2021-03-18;6558;862;244637;91178;11.4;4.2
75;2021-03-19;9695;974;254332;92152;11.8;4.3
75;2021-03-20;5895;603;260227;92755;12.1;4.3
75;2021-03-21;1563;434;261790;93189;12.2;4.3
75;2021-03-22;8573;1013;270363;94202;12.6;4.4
75;2021-03-23;10901;1234;281264;95436;13.1;4.4
75;2021-03-24;10936;1303;292200;96739;13.6;4.5
75;2021-03-25;14146;1494;306346;98233;14.3;4.6
75;2021-03-26;13911;1668;320257;99901;14.9;4.7
75;2021-03-27;7235;774;327492;100675;15.2;4.7
75;2021-03-28;1759;146;329251;100821;15.3;4.7
75;2021-03-29;7925;2218;337176;103039;15.7;4.8
75;2021-03-30;10857;3231;348033;106270;16.2;4.9
75;2021-03-31;9680;3606;357713;109876;16.7;5.1
75;2021-04-01;10615;5200;368328;115076;17.1;5.4
75;2021-04-02;9001;5566;377329;120642;17.6;5.6
75;2021-04-03;4089;4887;381418;125529;17.8;5.8
75;2021-04-04;1399;1499;382817;127028;17.8;5.9
75;2021-04-05;2209;1437;385026;128465;17.9;6.0
75;2021-04-06;6830;4303;391856;132768;18.2;6.2
75;2021-04-07;8022;4417;399878;137185;18.6;6.4
75;2021-04-08;11009;4146;410887;141331;19.1;6.6
75;2021-04-09;12144;4591;423031;145922;19.7;6.8
75;2021-04-10;5800;4274;428831;150196;20.0;7.0
75;2021-04-11;1902;1796;430733;151992;20.1;7.1
75;2021-04-12;7435;3778;438168;155770;20.4;7.3
75;2021-04-13;8524;6878;446692;162648;20.8;7.6
75;2021-04-14;8231;5221;454923;167869;21.2;7.8
75;2021-04-15;8840;6125;463763;173994;21.6;8.1
75;2021-04-16;9318;6108;473081;180102;22.0;8.4
75;2021-04-17;4801;3650;477882;183752;22.2;8.6
75;2021-04-18;1645;878;479527;184630;22.3;8.6
75;2021-04-19;5537;4937;485064;189567;22.6;8.8
75;2021-04-20;6423;5949;491487;195516;22.9;9.1
75;2021-04-21;6822;5573;498309;201089;23.2;9.4
75;2021-04-22;7500;5915;505809;207004;23.5;9.6
75;2021-04-23;8431;6232;514240;213236;23.9;9.9
75;2021-04-24;6143;3339;520383;216575;24.2;10.1
75;2021-04-25;2944;756;523327;217331;24.4;10.1
75;2021-04-26;7005;4714;530332;222045;24.7;10.3
75;2021-04-27;10557;6410;540889;228455;25.2;10.6
75;2021-04-28;12164;6024;553053;234479;25.7;10.9
75;2021-04-29;13724;6317;566777;240796;26.4;11.2
75;2021-04-30;13632;6166;580409;246962;27.0;11.5
75;2021-05-01;5055;1326;585464;248288;27.3;11.6
75;2021-05-02;2373;793;587837;249081;27.4;11.6
75;2021-05-03;10258;13550;598095;262631;27.8;12.2
75;2021-05-04;11141;8069;609236;270700;28.4;12.6
75;2021-05-05;13501;6700;622737;277400;29.0;12.9
75;2021-05-06;13965;8179;636702;285579;29.6;13.3
75;2021-05-07;13944;8578;650646;294157;30.3;13.7
75;2021-05-08;10045;5525;660691;299682;30.8;13.9
75;2021-05-09;3801;3199;664492;302881;30.9;14.1
75;2021-05-10;14266;6722;678758;309603;31.6;14.4
75;2021-05-11;16811;8421;695569;318024;32.4;14.8
75;2021-05-12;17910;8157;713479;326181;33.2;15.2
75;2021-05-13;13596;2501;727075;328682;33.8;15.3
75;2021-05-14;18349;5137;745424;333819;34.7;15.5
75;2021-05-15;12270;2634;757694;336453;35.3;15.7
75;2021-05-16;3833;762;761527;337215;35.4;15.7
75;2021-05-17;15956;4649;777483;341864;36.2;15.9
75;2021-05-18;19104;5322;796587;347186;37.1;16.2
75;2021-05-19;20688;10733;817275;357919;38.0;16.7
75;2021-05-20;21538;8673;838813;366592;39.0;17.1
75;2021-05-21;20986;6536;859799;373128;40.0;17.4
75;2021-05-22;15909;3310;875708;376438;40.8;17.5
75;2021-05-23;5613;1338;881321;377776;41.0;17.6
75;2021-05-24;15613;2566;896934;380342;41.8;17.7
75;2021-05-25;17974;9601;914908;389943;42.6;18.2
75;2021-05-26;18824;8207;933732;398150;43.5;18.5
75;2021-05-27;20109;9821;953841;407971;44.4;19.0
75;2021-05-28;19313;10874;973154;418845;45.3;19.5
75;2021-05-29;16091;5838;989245;424683;46.0;19.8
75;2021-05-30;7021;2142;996266;426825;46.4;19.9
75;2021-05-31;18075;9461;1014341;436286;47.2;20.3
75;2021-06-01;18547;12995;1032888;449281;48.1;20.9
75;2021-06-02;18050;10300;1050938;459581;48.9;21.4
75;2021-06-03;20138;11966;1071076;471547;49.9;22.0
75;2021-06-04;18068;12879;1089144;484426;50.7;22.5
75;2021-06-05;11945;9625;1101089;494051;51.3;23.0
75;2021-06-06;6695;3160;1107784;497211;51.6;23.1
75;2021-06-07;13839;11842;1121623;509053;52.2;23.7
75;2021-06-08;14737;13966;1136360;523019;52.9;24.3
75;2021-06-09;16414;15243;1152774;538262;53.7;25.1
75;2021-06-10;18268;26334;1171042;564596;54.5;26.3
75;2021-06-11;15185;16469;1186227;581065;55.2;27.0
75;2021-06-12;13263;9996;1199490;591061;55.8;27.5
75;2021-06-13;6256;3790;1205746;594851;56.1;27.7
75;2021-06-14;11760;15422;1217506;610273;56.7;28.4
75;2021-06-15;12482;19535;1229988;629808;57.3;29.3
75;2021-06-16;12070;17225;1242058;647033;57.8;30.1
75;2021-06-17;12556;17671;1254614;664704;58.4;30.9
75;2021-06-18;10667;22610;1265281;687314;58.9;32.0
75;2021-06-19;7503;11829;1272784;699143;59.2;32.5
75;2021-06-20;2805;5489;1275589;704632;59.4;32.8
75;2021-06-21;8367;16333;1283956;720965;59.8;33.6
75;2021-06-22;8711;21805;1292667;742770;60.2;34.6
75;2021-06-23;10160;21414;1302827;764184;60.6;35.6
75;2021-06-24;11235;20627;1314062;784811;61.2;36.5
75;2021-06-25;9434;24694;1323496;809505;61.6;37.7
75;2021-06-26;7897;15421;1331393;824926;62.0;38.4
75;2021-06-27;2682;6328;1334075;831254;62.1;38.7
75;2021-06-28;8379;20131;1342454;851385;62.5;39.6
75;2021-06-29;9240;23834;1351694;875219;62.9;40.7
75;2021-06-30;9912;23602;1361606;898821;63.4;41.8
75;2021-07-01;10979;23450;1372585;922271;63.9;42.9
75;2021-07-02;10179;24752;1382764;947023;64.4;44.1
75;2021-07-03;7712;19809;1390476;966832;64.7;45.0
75;2021-07-04;3862;9550;1394338;976382;64.9;45.4
75;2021-07-05;8759;21548;1403097;997930;65.3;46.5
75;2021-07-06;9786;24006;1412883;1021936;65.8;47.6
75;2021-07-07;9733;25073;1422616;1047009;66.2;48.7
75;2021-07-08;10349;24987;1432965;1071996;66.7;49.9
75;2021-07-09;10235;23995;1443200;1095991;67.2;51.0
75;2021-07-10;7819;18522;1451019;1114513;67.5;51.9
75;2021-07-11;4318;8539;1455337;1123052;67.7;52.3
75;2021-07-12;9125;23047;1464462;1146099;68.2;53.3
75;2021-07-13;13956;24769;1478418;1170868;68.8;54.5
75;2021-07-14;8048;9679;1486466;1180547;69.2;55.0
75;2021-07-15;14844;25612;1501310;1206159;69.9;56.1
75;2021-07-16;15176;22061;1516486;1228220;70.6;57.2
75;2021-07-17;11385;16855;1527871;1245075;71.1;58.0
75;2021-07-18;6200;6798;1534071;1251873;71.4;58.3
75;2021-07-19;14063;21241;1548134;1273114;72.1;59.3
75;2021-07-20;15823;21807;1563957;1294921;72.8;60.3
75;2021-07-21;15452;20633;1579409;1315554;73.5;61.2
75;2021-07-22;16823;20009;1596232;1335563;74.3;62.2
75;2021-07-23;16685;18946;1612917;1354509;75.1;63.1
75;2021-07-24;10882;13995;1623799;1368504;75.6;63.7
75;2021-07-25;4927;5055;1628726;1373559;75.8;63.9
75;2021-07-26;14739;16764;1643465;1390323;76.5;64.7
75;2021-07-27;17544;16466;1661009;1406789;77.3;65.5
75;2021-07-28;16648;15314;1677657;1422103;78.1;66.2
75;2021-07-29;16267;14904;1693924;1437007;78.9;66.9
75;2021-07-30;15782;14126;1709706;1451133;79.6;67.5
75;2021-07-31;9055;9753;1718761;1460886;80.0;68.0
75;2021-08-01;3335;3250;1722096;1464136;80.2;68.2
76;2020-12-27;0;0;0;0;0.0;0.0
76;2020-12-28;0;0;0;0;0.0;0.0
76;2020-12-29;0;0;0;0;0.0;0.0
76;2020-12-30;0;0;0;0;0.0;0.0
76;2020-12-31;0;0;0;0;0.0;0.0
76;2021-01-01;0;0;0;0;0.0;0.0
76;2021-01-02;0;0;0;0;0.0;0.0
76;2021-01-03;0;0;0;0;0.0;0.0
76;2021-01-04;17;0;17;0;0.0;0.0
76;2021-01-05;138;0;155;0;0.0;0.0
76;2021-01-06;682;2;837;2;0.1;0.0
76;2021-01-07;1355;6;2192;8;0.2;0.0
76;2021-01-08;1534;1;3726;9;0.3;0.0
76;2021-01-09;736;1;4462;10;0.4;0.0
76;2021-01-10;492;1;4954;11;0.4;0.0
76;2021-01-11;1358;2;6312;13;0.5;0.0
76;2021-01-12;1357;1;7669;14;0.6;0.0
76;2021-01-13;1188;5;8857;19;0.7;0.0
76;2021-01-14;2172;21;11029;40;0.9;0.0
76;2021-01-15;1910;6;12939;46;1.0;0.0
76;2021-01-16;985;5;13924;51;1.1;0.0
76;2021-01-17;2898;19;16822;70;1.4;0.0
76;2021-01-18;4387;14;21209;84;1.7;0.0
76;2021-01-19;3012;7;24221;91;1.9;0.0
76;2021-01-20;2068;9;26289;100;2.1;0.0
76;2021-01-21;1773;4;28062;104;2.3;0.0
76;2021-01-22;1704;4;29766;108;2.4;0.0
76;2021-01-23;449;1;30215;109;2.4;0.0
76;2021-01-24;99;0;30314;109;2.4;0.0
76;2021-01-25;1474;140;31788;249;2.6;0.0
76;2021-01-26;1389;335;33177;584;2.7;0.0
76;2021-01-27;1340;432;34517;1016;2.8;0.1
76;2021-01-28;1283;384;35800;1400;2.9;0.1
76;2021-01-29;1152;461;36952;1861;3.0;0.1
76;2021-01-30;283;304;37235;2165;3.0;0.2
76;2021-01-31;4;99;37239;2264;3.0;0.2
76;2021-02-01;838;817;38077;3081;3.1;0.2
76;2021-02-02;1056;1018;39133;4099;3.1;0.3
76;2021-02-03;916;1000;40049;5099;3.2;0.4
76;2021-02-04;975;1458;41024;6557;3.3;0.5
76;2021-02-05;974;1105;41998;7662;3.4;0.6
76;2021-02-06;259;878;42257;8540;3.4;0.7
76;2021-02-07;467;1659;42724;10199;3.4;0.8
76;2021-02-08;1922;3734;44646;13933;3.6;1.1
76;2021-02-09;1757;2998;46403;16931;3.7;1.4
76;2021-02-10;1488;1817;47891;18748;3.9;1.5
76;2021-02-11;1675;1530;49566;20278;4.0;1.6
76;2021-02-12;1709;1577;51275;21855;4.1;1.8
76;2021-02-13;230;336;51505;22191;4.1;1.8
76;2021-02-14;9;82;51514;22273;4.1;1.8
76;2021-02-15;553;1724;52067;23997;4.2;1.9
76;2021-02-16;741;1638;52808;25635;4.2;2.1
76;2021-02-17;625;1456;53433;27091;4.3;2.2
76;2021-02-18;779;1390;54212;28481;4.4;2.3
76;2021-02-19;868;1344;55080;29825;4.4;2.4
76;2021-02-20;270;289;55350;30114;4.5;2.4
76;2021-02-21;0;0;55350;30114;4.5;2.4
76;2021-02-22;371;1313;55721;31427;4.5;2.5
76;2021-02-23;574;1243;56295;32670;4.5;2.6
76;2021-02-24;598;1201;56893;33871;4.6;2.7
76;2021-02-25;1666;1261;58559;35132;4.7;2.8
76;2021-02-26;2171;1050;60730;36182;4.9;2.9
76;2021-02-27;1108;270;61838;36452;5.0;2.9
76;2021-02-28;27;197;61865;36649;5.0;2.9
76;2021-03-01;823;2110;62688;38759;5.0;3.1
76;2021-03-02;1378;1715;64066;40474;5.2;3.3
76;2021-03-03;1938;1395;66004;41869;5.3;3.4
76;2021-03-04;2812;1099;68816;42968;5.5;3.5
76;2021-03-05;4175;793;72991;43761;5.9;3.5
76;2021-03-06;3360;151;76351;43912;6.1;3.5
76;2021-03-07;1257;30;77608;43942;6.2;3.5
76;2021-03-08;2097;1248;79705;45190;6.4;3.6
76;2021-03-09;3571;1156;83276;46346;6.7;3.7
76;2021-03-10;3592;1054;86868;47400;7.0;3.8
76;2021-03-11;5632;931;92500;48331;7.4;3.9
76;2021-03-12;6823;579;99323;48910;8.0;3.9
76;2021-03-13;4639;131;103962;49041;8.4;3.9
76;2021-03-14;1069;26;105031;49067;8.4;3.9
76;2021-03-15;2914;223;107945;49290;8.7;4.0
76;2021-03-16;2552;393;110497;49683;8.9;4.0
76;2021-03-17;2695;310;113192;49993;9.1;4.0
76;2021-03-18;2997;299;116189;50292;9.3;4.0
76;2021-03-19;4393;420;120582;50712;9.7;4.1
76;2021-03-20;3974;267;124556;50979;10.0;4.1
76;2021-03-21;837;13;125393;50992;10.1;4.1
76;2021-03-22;3988;337;129381;51329;10.4;4.1
76;2021-03-23;5708;340;135089;51669;10.9;4.2
76;2021-03-24;5668;373;140757;52042;11.3;4.2
76;2021-03-25;7508;556;148265;52598;11.9;4.2
76;2021-03-26;8715;562;156980;53160;12.6;4.3
76;2021-03-27;4810;361;161790;53521;13.0;4.3
76;2021-03-28;1020;26;162810;53547;13.1;4.3
76;2021-03-29;5389;811;168199;54358;13.5;4.4
76;2021-03-30;6583;1031;174782;55389;14.1;4.5
76;2021-03-31;6449;1239;181231;56628;14.6;4.6
76;2021-04-01;6780;2022;188011;58650;15.1;4.7
76;2021-04-02;6483;2656;194494;61306;15.6;4.9
76;2021-04-03;2443;1073;196937;62379;15.8;5.0
76;2021-04-04;263;11;197200;62390;15.9;5.0
76;2021-04-05;866;376;198066;62766;15.9;5.0
76;2021-04-06;3554;2787;201620;65553;16.2;5.3
76;2021-04-07;4416;2393;206036;67946;16.6;5.5
76;2021-04-08;5840;2771;211876;70717;17.0;5.7
76;2021-04-09;8804;3064;220680;73781;17.7;5.9
76;2021-04-10;4868;1396;225548;75177;18.1;6.0
76;2021-04-11;813;526;226361;75703;18.2;6.1
76;2021-04-12;4723;2844;231084;78547;18.6;6.3
76;2021-04-13;5923;2869;237007;81416;19.1;6.5
76;2021-04-14;4806;3137;241813;84553;19.4;6.8
76;2021-04-15;5561;3357;247374;87910;19.9;7.1
76;2021-04-16;7348;3432;254722;91342;20.5;7.3
76;2021-04-17;4386;1428;259108;92770;20.8;7.5
76;2021-04-18;339;140;259447;92910;20.9;7.5
76;2021-04-19;3477;3769;262924;96679;21.1;7.8
76;2021-04-20;4341;4276;267265;100955;21.5;8.1
76;2021-04-21;4184;4679;271449;105634;21.8;8.5
76;2021-04-22;4557;5433;276006;111067;22.2;8.9
76;2021-04-23;5436;5936;281442;117003;22.6;9.4
76;2021-04-24;4163;2179;285605;119182;23.0;9.6
76;2021-04-25;890;267;286495;119449;23.0;9.6
76;2021-04-26;4478;4472;290973;123921;23.4;10.0
76;2021-04-27;4994;4997;295967;128918;23.8;10.4
76;2021-04-28;5346;4156;301313;133074;24.2;10.7
76;2021-04-29;6925;4161;308238;137235;24.8;11.0
76;2021-04-30;8217;4632;316455;141867;25.4;11.4
76;2021-05-01;4828;1004;321283;142871;25.8;11.5
76;2021-05-02;1843;254;323126;143125;26.0;11.5
76;2021-05-03;4703;3317;327829;146442;26.4;11.8
76;2021-05-04;4821;4560;332650;151002;26.7;12.1
76;2021-05-05;4785;5176;337435;156178;27.1;12.6
76;2021-05-06;5923;5578;343358;161756;27.6;13.0
76;2021-05-07;6137;6753;349495;168509;28.1;13.5
76;2021-05-08;5055;893;354550;169402;28.5;13.6
76;2021-05-09;2535;234;357085;169636;28.7;13.6
76;2021-05-10;4949;5054;362034;174690;29.1;14.0
76;2021-05-11;6518;5673;368552;180363;29.6;14.5
76;2021-05-12;6265;5068;374817;185431;30.1;14.9
76;2021-05-13;8845;1273;383662;186704;30.8;15.0
76;2021-05-14;10415;4668;394077;191372;31.7;15.4
76;2021-05-15;9117;2449;403194;193821;32.4;15.6
76;2021-05-16;6232;475;409426;194296;32.9;15.6
76;2021-05-17;7226;3266;416652;197562;33.5;15.9
76;2021-05-18;8305;2802;424957;200364;34.2;16.1
76;2021-05-19;8404;3187;433361;203551;34.8;16.4
76;2021-05-20;9645;3398;443006;206949;35.6;16.6
76;2021-05-21;8366;4082;451372;211031;36.3;17.0
76;2021-05-22;7160;2353;458532;213384;36.9;17.2
76;2021-05-23;6390;404;464922;213788;37.4;17.2
76;2021-05-24;6867;1527;471789;215315;37.9;17.3
76;2021-05-25;8024;4080;479813;219395;38.6;17.6
76;2021-05-26;7575;3601;487388;222996;39.2;17.9
76;2021-05-27;8346;4694;495734;227690;39.9;18.3
76;2021-05-28;8233;6571;503967;234261;40.5;18.8
76;2021-05-29;6220;3516;510187;237777;41.0;19.1
76;2021-05-30;3146;430;513333;238207;41.3;19.2
76;2021-05-31;8165;3972;521498;242179;41.9;19.5
76;2021-06-01;9208;5024;530706;247203;42.7;19.9
76;2021-06-02;7916;4436;538622;251639;43.3;20.2
76;2021-06-03;9537;5399;548159;257038;44.1;20.7
76;2021-06-04;9244;6670;557403;263708;44.8;21.2
76;2021-06-05;6290;3809;563693;267517;45.3;21.5
76;2021-06-06;2552;650;566245;268167;45.5;21.6
76;2021-06-07;6979;5450;573224;273617;46.1;22.0
76;2021-06-08;8645;6277;581869;279894;46.8;22.5
76;2021-06-09;7209;6082;589078;285976;47.4;23.0
76;2021-06-10;7989;6562;597067;292538;48.0;23.5
76;2021-06-11;7579;8226;604646;300764;48.6;24.2
76;2021-06-12;7166;5873;611812;306637;49.2;24.7
76;2021-06-13;2961;1292;614773;307929;49.4;24.8
76;2021-06-14;6475;6713;621248;314642;49.9;25.3
76;2021-06-15;6130;7452;627378;322094;50.4;25.9
76;2021-06-16;6647;7477;634025;329571;51.0;26.5
76;2021-06-17;6997;7751;641022;337322;51.5;27.1
76;2021-06-18;7684;9229;648706;346551;52.2;27.9
76;2021-06-19;5982;6262;654688;352813;52.6;28.4
76;2021-06-20;2810;1812;657498;354625;52.9;28.5
76;2021-06-21;5553;8168;663051;362793;53.3;29.2
76;2021-06-22;4917;9873;667968;372666;53.7;30.0
76;2021-06-23;4723;9432;672691;382098;54.1;30.7
76;2021-06-24;4782;9913;677473;392011;54.5;31.5
76;2021-06-25;5218;11566;682691;403577;54.9;32.4
76;2021-06-26;3449;7874;686140;411451;55.2;33.1
76;2021-06-27;1362;5165;687502;416616;55.3;33.5
76;2021-06-28;3602;9936;691104;426552;55.6;34.3
76;2021-06-29;3859;10231;694963;436783;55.9;35.1
76;2021-06-30;4252;9842;699215;446625;56.2;35.9
76;2021-07-01;4572;9898;703787;456523;56.6;36.7
76;2021-07-02;4350;12016;708137;468539;56.9;37.7
76;2021-07-03;3585;8446;711722;476985;57.2;38.3
76;2021-07-04;1480;5307;713202;482292;57.3;38.8
76;2021-07-05;3932;9332;717134;491624;57.7;39.5
76;2021-07-06;4028;10080;721162;501704;58.0;40.3
76;2021-07-07;3991;9331;725153;511035;58.3;41.1
76;2021-07-08;4457;9459;729610;520494;58.7;41.8
76;2021-07-09;4354;12409;733964;532903;59.0;42.8
76;2021-07-10;3130;8553;737094;541456;59.3;43.5
76;2021-07-11;1771;2819;738865;544275;59.4;43.8
76;2021-07-12;3135;11150;742000;555425;59.7;44.7
76;2021-07-13;4902;12252;746902;567677;60.1;45.6
76;2021-07-14;4789;5531;751691;573208;60.4;46.1
76;2021-07-15;5866;11779;757557;584987;60.9;47.0
76;2021-07-16;6691;12013;764248;597000;61.4;48.0
76;2021-07-17;5263;8693;769511;605693;61.9;48.7
76;2021-07-18;2253;3350;771764;609043;62.0;49.0
76;2021-07-19;5142;11140;776906;620183;62.5;49.9
76;2021-07-20;6261;11623;783167;631806;63.0;50.8
76;2021-07-21;6320;10541;789487;642347;63.5;51.6
76;2021-07-22;8192;9646;797679;651993;64.1;52.4
76;2021-07-23;7611;11963;805290;663956;64.7;53.4
76;2021-07-24;4980;7699;810270;671655;65.1;54.0
76;2021-07-25;2848;3143;813118;674798;65.4;54.3
76;2021-07-26;5418;10128;818536;684926;65.8;55.1
76;2021-07-27;8300;9527;826836;694453;66.5;55.8
76;2021-07-28;8221;7775;835057;702228;67.1;56.5
76;2021-07-29;9525;6942;844582;709170;67.9;57.0
76;2021-07-30;7936;7790;852518;716960;68.5;57.6
76;2021-07-31;6561;5269;859079;722229;69.1;58.1
76;2021-08-01;3855;2028;862934;724257;69.4;58.2
77;2020-12-27;1;0;1;0;0.0;0.0
77;2020-12-28;1;0;2;0;0.0;0.0
77;2020-12-29;0;0;2;0;0.0;0.0
77;2020-12-30;0;0;2;0;0.0;0.0
77;2020-12-31;0;0;2;0;0.0;0.0
77;2021-01-01;2;0;4;0;0.0;0.0
77;2021-01-02;0;0;4;0;0.0;0.0
77;2021-01-03;0;0;4;0;0.0;0.0
77;2021-01-04;6;0;10;0;0.0;0.0
77;2021-01-05;199;0;209;0;0.0;0.0
77;2021-01-06;222;2;431;2;0.0;0.0
77;2021-01-07;517;3;948;5;0.1;0.0
77;2021-01-08;612;1;1560;6;0.1;0.0
77;2021-01-09;273;1;1833;7;0.1;0.0
77;2021-01-10;235;2;2068;9;0.1;0.0
77;2021-01-11;783;3;2851;12;0.2;0.0
77;2021-01-12;883;1;3734;13;0.3;0.0
77;2021-01-13;935;1;4669;14;0.3;0.0
77;2021-01-14;846;7;5515;21;0.4;0.0
77;2021-01-15;849;10;6364;31;0.4;0.0
77;2021-01-16;168;1;6532;32;0.5;0.0
77;2021-01-17;131;2;6663;34;0.5;0.0
77;2021-01-18;1193;4;7856;38;0.6;0.0
77;2021-01-19;1718;8;9574;46;0.7;0.0
77;2021-01-20;2535;5;12109;51;0.9;0.0
77;2021-01-21;2052;20;14161;71;1.0;0.0
77;2021-01-22;1147;7;15308;78;1.1;0.0
77;2021-01-23;349;0;15657;78;1.1;0.0
77;2021-01-24;43;0;15700;78;1.1;0.0
77;2021-01-25;939;65;16639;143;1.2;0.0
77;2021-01-26;1702;30;18341;173;1.3;0.0
77;2021-01-27;1362;42;19703;215;1.4;0.0
77;2021-01-28;1696;89;21399;304;1.5;0.0
77;2021-01-29;1276;147;22675;451;1.6;0.0
77;2021-01-30;211;2;22886;453;1.6;0.0
77;2021-01-31;0;0;22886;453;1.6;0.0
77;2021-02-01;568;212;23454;665;1.6;0.0
77;2021-02-02;866;269;24320;934;1.7;0.1
77;2021-02-03;794;539;25114;1473;1.8;0.1
77;2021-02-04;789;809;25903;2282;1.8;0.2
77;2021-02-05;856;854;26759;3136;1.9;0.2
77;2021-02-06;165;103;26924;3239;1.9;0.2
77;2021-02-07;16;92;26940;3331;1.9;0.2
77;2021-02-08;493;943;27433;4274;1.9;0.3
77;2021-02-09;591;1467;28024;5741;2.0;0.4
77;2021-02-10;1030;1840;29054;7581;2.0;0.5
77;2021-02-11;1058;1655;30112;9236;2.1;0.6
77;2021-02-12;1097;1169;31209;10405;2.2;0.7
77;2021-02-13;187;175;31396;10580;2.2;0.7
77;2021-02-14;12;57;31408;10637;2.2;0.7
77;2021-02-15;554;1030;31962;11667;2.2;0.8
77;2021-02-16;599;1539;32561;13206;2.3;0.9
77;2021-02-17;514;1193;33075;14399;2.3;1.0
77;2021-02-18;840;1619;33915;16018;2.4;1.1
77;2021-02-19;775;1174;34690;17192;2.4;1.2
77;2021-02-20;53;176;34743;17368;2.4;1.2
77;2021-02-21;7;31;34750;17399;2.4;1.2
77;2021-02-22;302;775;35052;18174;2.5;1.3
77;2021-02-23;358;1134;35410;19308;2.5;1.4
77;2021-02-24;511;900;35921;20208;2.5;1.4
77;2021-02-25;793;977;36714;21185;2.6;1.5
77;2021-02-26;840;845;37554;22030;2.6;1.5
77;2021-02-27;460;169;38014;22199;2.7;1.6
77;2021-02-28;32;5;38046;22204;2.7;1.6
77;2021-03-01;673;710;38719;22914;2.7;1.6
77;2021-03-02;1092;1027;39811;23941;2.8;1.7
77;2021-03-03;1952;1179;41763;25120;2.9;1.8
77;2021-03-04;2795;1135;44558;26255;3.1;1.8
77;2021-03-05;3377;1037;47935;27292;3.4;1.9
77;2021-03-06;4819;245;52754;27537;3.7;1.9
77;2021-03-07;3190;96;55944;27633;3.9;1.9
77;2021-03-08;1230;501;57174;28134;4.0;2.0
77;2021-03-09;2503;627;59677;28761;4.2;2.0
77;2021-03-10;2396;568;62073;29329;4.4;2.1
77;2021-03-11;3499;761;65572;30090;4.6;2.1
77;2021-03-12;3889;674;69461;30764;4.9;2.2
77;2021-03-13;4480;192;73941;30956;5.2;2.2
77;2021-03-14;2150;108;76091;31064;5.3;2.2
77;2021-03-15;2509;272;78600;31336;5.5;2.2
77;2021-03-16;2443;369;81043;31705;5.7;2.2
77;2021-03-17;2548;418;83591;32123;5.9;2.3
77;2021-03-18;3008;398;86599;32521;6.1;2.3
77;2021-03-19;3356;427;89955;32948;6.3;2.3
77;2021-03-20;1964;74;91919;33022;6.5;2.3
77;2021-03-21;242;13;92161;33035;6.5;2.3
77;2021-03-22;3018;400;95179;33435;6.7;2.3
77;2021-03-23;4516;511;99695;33946;7.0;2.4
77;2021-03-24;4149;621;103844;34567;7.3;2.4
77;2021-03-25;5903;408;109747;34975;7.7;2.5
77;2021-03-26;6264;423;116011;35398;8.1;2.5
77;2021-03-27;3321;110;119332;35508;8.4;2.5
77;2021-03-28;1730;43;121062;35551;8.5;2.5
77;2021-03-29;2653;683;123715;36234;8.7;2.5
77;2021-03-30;3991;1203;127706;37437;9.0;2.6
77;2021-03-31;3752;1212;131458;38649;9.2;2.7
77;2021-04-01;4141;1800;135599;40449;9.5;2.8
77;2021-04-02;3988;2012;139587;42461;9.8;3.0
77;2021-04-03;1745;2275;141332;44736;9.9;3.1
77;2021-04-04;425;1427;141757;46163;10.0;3.2
77;2021-04-05;157;162;141914;46325;10.0;3.3
77;2021-04-06;2710;1920;144624;48245;10.2;3.4
77;2021-04-07;3313;2082;147937;50327;10.4;3.5
77;2021-04-08;4530;2361;152467;52688;10.7;3.7
77;2021-04-09;4845;2080;157312;54768;11.1;3.8
77;2021-04-10;3072;2741;160384;57509;11.3;4.0
77;2021-04-11;586;716;160970;58225;11.3;4.1
77;2021-04-12;2231;1824;163201;60049;11.5;4.2
77;2021-04-13;3357;2630;166558;62679;11.7;4.4
77;2021-04-14;2522;2644;169080;65323;11.9;4.6
77;2021-04-15;3316;3108;172396;68431;12.1;4.8
77;2021-04-16;3572;2716;175968;71147;12.4;5.0
77;2021-04-17;1387;472;177355;71619;12.5;5.0
77;2021-04-18;150;11;177505;71630;12.5;5.0
77;2021-04-19;2082;2510;179587;74140;12.6;5.2
77;2021-04-20;2565;3379;182152;77519;12.8;5.4
77;2021-04-21;2192;3472;184344;80991;12.9;5.7
77;2021-04-22;3002;3846;187346;84837;13.2;6.0
77;2021-04-23;3523;3632;190869;88469;13.4;6.2
77;2021-04-24;4897;2510;195766;90979;13.8;6.4
77;2021-04-25;4082;1231;199848;92210;14.0;6.5
77;2021-04-26;3229;2033;203077;94243;14.3;6.6
77;2021-04-27;3992;2511;207069;96754;14.5;6.8
77;2021-04-28;4072;2604;211141;99358;14.8;7.0
77;2021-04-29;4476;3075;215617;102433;15.1;7.2
77;2021-04-30;4904;3329;220521;105762;15.5;7.4
77;2021-05-01;2461;591;222982;106353;15.7;7.5
77;2021-05-02;3141;276;226123;106629;15.9;7.5
77;2021-05-03;5987;2064;232110;108693;16.3;7.6
77;2021-05-04;6434;2982;238544;111675;16.8;7.8
77;2021-05-05;6014;3020;244558;114695;17.2;8.1
77;2021-05-06;6888;3589;251446;118284;17.7;8.3
77;2021-05-07;8204;3258;259650;121542;18.2;8.5
77;2021-05-08;5706;804;265356;122346;18.6;8.6
77;2021-05-09;4906;474;270262;122820;19.0;8.6
77;2021-05-10;8086;2320;278348;125140;19.6;8.8
77;2021-05-11;9577;2910;287925;128050;20.2;9.0
77;2021-05-12;8977;2279;296902;130329;20.9;9.2
77;2021-05-13;9301;865;306203;131194;21.5;9.2
77;2021-05-14;10424;1649;316627;132843;22.2;9.3
77;2021-05-15;8987;1247;325614;134090;22.9;9.4
77;2021-05-16;5150;463;330764;134553;23.2;9.5
77;2021-05-17;10368;1470;341132;136023;24.0;9.6
77;2021-05-18;11774;1791;352906;137814;24.8;9.7
77;2021-05-19;10909;1596;363815;139410;25.6;9.8
77;2021-05-20;12205;2159;376020;141569;26.4;9.9
77;2021-05-21;11649;2683;387669;144252;27.2;10.1
77;2021-05-22;9818;1724;397487;145976;27.9;10.3
77;2021-05-23;6985;805;404472;146781;28.4;10.3
77;2021-05-24;6761;775;411233;147556;28.9;10.4
77;2021-05-25;8304;2805;419537;150361;29.5;10.6
77;2021-05-26;7562;2967;427099;153328;30.0;10.8
77;2021-05-27;7549;3954;434648;157282;30.5;11.0
77;2021-05-28;7638;4012;442286;161294;31.1;11.3
77;2021-05-29;7355;2336;449641;163630;31.6;11.5
77;2021-05-30;4355;890;453996;164520;31.9;11.6
77;2021-05-31;8385;3830;462381;168350;32.5;11.8
77;2021-06-01;9638;4344;472019;172694;33.2;12.1
77;2021-06-02;8904;3886;480923;176580;33.8;12.4
77;2021-06-03;8998;5256;489921;181836;34.4;12.8
77;2021-06-04;9110;5485;499031;187321;35.1;13.2
77;2021-06-05;6642;4993;505673;192314;35.5;13.5
77;2021-06-06;4908;3207;510581;195521;35.9;13.7
77;2021-06-07;6418;4537;516999;200058;36.3;14.1
77;2021-06-08;5726;5208;522725;205266;36.7;14.4
77;2021-06-09;5055;4952;527780;210218;37.1;14.8
77;2021-06-10;5013;5456;532793;215674;37.4;15.1
77;2021-06-11;5749;6029;538542;221703;37.8;15.6
77;2021-06-12;6547;4747;545089;226450;38.3;15.9
77;2021-06-13;3505;3048;548594;229498;38.5;16.1
77;2021-06-14;3215;7924;551809;237422;38.8;16.7
77;2021-06-15;4125;8480;555934;245902;39.1;17.3
77;2021-06-16;4801;8374;560735;254276;39.4;17.9
77;2021-06-17;4471;9023;565206;263299;39.7;18.5
77;2021-06-18;4359;9781;569565;273080;40.0;19.2
77;2021-06-19;5298;6919;574863;279999;40.4;19.7
77;2021-06-20;2090;3799;576953;283798;40.5;19.9
77;2021-06-21;3216;9574;580169;293372;40.8;20.6
77;2021-06-22;3666;11366;583835;304738;41.0;21.4
77;2021-06-23;3435;10046;587270;314784;41.3;22.1
77;2021-06-24;3360;10907;590630;325691;41.5;22.9
77;2021-06-25;3618;10796;594248;336487;41.7;23.6
77;2021-06-26;4080;10066;598328;346553;42.0;24.3
77;2021-06-27;2122;6429;600450;352982;42.2;24.8
77;2021-06-28;2794;10830;603244;363812;42.4;25.6
77;2021-06-29;3347;12516;606591;376328;42.6;26.4
77;2021-06-30;3279;11443;609870;387771;42.8;27.2
77;2021-07-01;3270;11653;613140;399424;43.1;28.1
77;2021-07-02;3424;12236;616564;411660;43.3;28.9
77;2021-07-03;3173;10789;619737;422449;43.5;29.7
77;2021-07-04;1990;6491;621727;428940;43.7;30.1
77;2021-07-05;3580;9542;625307;438482;43.9;30.8
77;2021-07-06;3717;9526;629024;448008;44.2;31.5
77;2021-07-07;4004;8950;633028;456958;44.5;32.1
77;2021-07-08;3895;8749;636923;465707;44.7;32.7
77;2021-07-09;4681;10340;641604;476047;45.1;33.4
77;2021-07-10;4025;9838;645629;485885;45.4;34.1
77;2021-07-11;3056;5074;648685;490959;45.6;34.5
77;2021-07-12;3260;10862;651945;501821;45.8;35.2
77;2021-07-13;6034;12001;657979;513822;46.2;36.1
77;2021-07-14;3532;6436;661511;520258;46.5;36.5
77;2021-07-15;7107;11944;668618;532202;47.0;37.4
77;2021-07-16;7759;9869;676377;542071;47.5;38.1
77;2021-07-17;5761;9450;682138;551521;47.9;38.7
77;2021-07-18;4133;5320;686271;556841;48.2;39.1
77;2021-07-19;7453;8925;693724;565766;48.7;39.7
77;2021-07-20;9495;7984;703219;573750;49.4;40.3
77;2021-07-21;9435;7434;712654;581184;50.1;40.8
77;2021-07-22;10409;7457;723063;588641;50.8;41.3
77;2021-07-23;9742;8144;732805;596785;51.5;41.9
77;2021-07-24;7154;7826;739959;604611;52.0;42.5
77;2021-07-25;5853;4001;745812;608612;52.4;42.8
77;2021-07-26;9143;5926;754955;614538;53.0;43.2
77;2021-07-27;10796;5971;765751;620509;53.8;43.6
77;2021-07-28;9315;6351;775066;626860;54.4;44.0
77;2021-07-29;9463;5444;784529;632304;55.1;44.4
77;2021-07-30;9619;6288;794148;638592;55.8;44.9
77;2021-07-31;7168;6575;801316;645167;56.3;45.3
77;2021-08-01;2934;1177;804250;646344;56.5;45.4
78;2020-12-27;2;0;2;0;0.0;0.0
78;2020-12-28;0;0;2;0;0.0;0.0
78;2020-12-29;0;0;2;0;0.0;0.0
78;2020-12-30;0;0;2;0;0.0;0.0
78;2020-12-31;15;0;17;0;0.0;0.0
78;2021-01-01;0;0;17;0;0.0;0.0
78;2021-01-02;1;0;18;0;0.0;0.0
78;2021-01-03;2;0;20;0;0.0;0.0
78;2021-01-04;145;3;165;3;0.0;0.0
78;2021-01-05;175;1;340;4;0.0;0.0
78;2021-01-06;208;4;548;8;0.0;0.0
78;2021-01-07;468;2;1016;10;0.1;0.0
78;2021-01-08;651;4;1667;14;0.1;0.0
78;2021-01-09;22;0;1689;14;0.1;0.0
78;2021-01-10;1;0;1690;14;0.1;0.0
78;2021-01-11;791;4;2481;18;0.2;0.0
78;2021-01-12;946;7;3427;25;0.2;0.0
78;2021-01-13;735;8;4162;33;0.3;0.0
78;2021-01-14;810;9;4972;42;0.3;0.0
78;2021-01-15;845;7;5817;49;0.4;0.0
78;2021-01-16;32;1;5849;50;0.4;0.0
78;2021-01-17;0;0;5849;50;0.4;0.0
78;2021-01-18;1380;22;7229;72;0.5;0.0
78;2021-01-19;1840;26;9069;98;0.6;0.0
78;2021-01-20;1646;14;10715;112;0.7;0.0
78;2021-01-21;3243;13;13958;125;1.0;0.0
78;2021-01-22;2212;17;16170;142;1.1;0.0
78;2021-01-23;279;0;16449;142;1.1;0.0
78;2021-01-24;5;0;16454;142;1.1;0.0
78;2021-01-25;958;33;17412;175;1.2;0.0
78;2021-01-26;1558;18;18970;193;1.3;0.0
78;2021-01-27;2059;47;21029;240;1.5;0.0
78;2021-01-28;2433;104;23462;344;1.6;0.0
78;2021-01-29;1488;64;24950;408;1.7;0.0
78;2021-01-30;210;3;25160;411;1.7;0.0
78;2021-01-31;3;0;25163;411;1.7;0.0
78;2021-02-01;786;225;25949;636;1.8;0.0
78;2021-02-02;968;346;26917;982;1.9;0.1
78;2021-02-03;975;241;27892;1223;1.9;0.1
78;2021-02-04;1116;446;29008;1669;2.0;0.1
78;2021-02-05;1189;514;30197;2183;2.1;0.2
78;2021-02-06;197;44;30394;2227;2.1;0.2
78;2021-02-07;139;13;30533;2240;2.1;0.2
78;2021-02-08;760;612;31293;2852;2.2;0.2
78;2021-02-09;1122;942;32415;3794;2.2;0.3
78;2021-02-10;1248;1181;33663;4975;2.3;0.3
78;2021-02-11;1817;1900;35480;6875;2.4;0.5
78;2021-02-12;1818;1417;37298;8292;2.6;0.6
78;2021-02-13;172;80;37470;8372;2.6;0.6
78;2021-02-14;26;25;37496;8397;2.6;0.6
78;2021-02-15;446;1442;37942;9839;2.6;0.7
78;2021-02-16;627;1559;38569;11398;2.7;0.8
78;2021-02-17;583;2223;39152;13621;2.7;0.9
78;2021-02-18;996;2284;40148;15905;2.8;1.1
78;2021-02-19;819;1737;40967;17642;2.8;1.2
78;2021-02-20;147;124;41114;17766;2.8;1.2
78;2021-02-21;0;12;41114;17778;2.8;1.2
78;2021-02-22;498;1059;41612;18837;2.9;1.3
78;2021-02-23;540;1123;42152;19960;2.9;1.4
78;2021-02-24;619;1238;42771;21198;3.0;1.5
78;2021-02-25;862;1160;43633;22358;3.0;1.5
78;2021-02-26;1131;1244;44764;23602;3.1;1.6
78;2021-02-27;739;148;45503;23750;3.1;1.6
78;2021-02-28;65;18;45568;23768;3.1;1.6
78;2021-03-01;963;905;46531;24673;3.2;1.7
78;2021-03-02;1722;1051;48253;25724;3.3;1.8
78;2021-03-03;1962;1221;50215;26945;3.5;1.9
78;2021-03-04;2945;1578;53160;28523;3.7;2.0
78;2021-03-05;3250;1645;56410;30168;3.9;2.1
78;2021-03-06;6238;265;62648;30433;4.3;2.1
78;2021-03-07;3444;83;66092;30516;4.6;2.1
78;2021-03-08;1451;758;67543;31274;4.7;2.2
78;2021-03-09;2937;898;70480;32172;4.9;2.2
78;2021-03-10;3069;1102;73549;33274;5.1;2.3
78;2021-03-11;4175;1299;77724;34573;5.4;2.4
78;2021-03-12;5369;1326;83093;35899;5.7;2.5
78;2021-03-13;4651;181;87744;36080;6.1;2.5
78;2021-03-14;1034;37;88778;36117;6.1;2.5
78;2021-03-15;3622;263;92400;36380;6.4;2.5
78;2021-03-16;2562;553;94962;36933;6.6;2.5
78;2021-03-17;2965;428;97927;37361;6.8;2.6
78;2021-03-18;3779;420;101706;37781;7.0;2.6
78;2021-03-19;5315;476;107021;38257;7.4;2.6
78;2021-03-20;2256;119;109277;38376;7.5;2.6
78;2021-03-21;162;7;109439;38383;7.6;2.6
78;2021-03-22;3522;373;112961;38756;7.8;2.7
78;2021-03-23;5224;534;118185;39290;8.2;2.7
78;2021-03-24;4891;534;123076;39824;8.5;2.7
78;2021-03-25;6935;551;130011;40375;9.0;2.8
78;2021-03-26;6933;697;136944;41072;9.5;2.8
78;2021-03-27;3742;180;140686;41252;9.7;2.8
78;2021-03-28;1918;41;142604;41293;9.8;2.9
78;2021-03-29;3864;755;146468;42048;10.1;2.9
78;2021-03-30;5522;1055;151990;43103;10.5;3.0
78;2021-03-31;5328;1275;157318;44378;10.9;3.1
78;2021-04-01;5592;2325;162910;46703;11.2;3.2
78;2021-04-02;5190;2619;168100;49322;11.6;3.4
78;2021-04-03;2197;2555;170297;51877;11.8;3.6
78;2021-04-04;172;14;170469;51891;11.8;3.6
78;2021-04-05;198;18;170667;51909;11.8;3.6
78;2021-04-06;3616;2302;174283;54211;12.0;3.7
78;2021-04-07;4356;2582;178639;56793;12.3;3.9
78;2021-04-08;5520;2655;184159;59448;12.7;4.1
78;2021-04-09;6902;2437;191061;61885;13.2;4.3
78;2021-04-10;3993;1892;195054;63777;13.5;4.4
78;2021-04-11;371;605;195425;64382;13.5;4.4
78;2021-04-12;3528;2365;198953;66747;13.7;4.6
78;2021-04-13;5458;2488;204411;69235;14.1;4.8
78;2021-04-14;4952;3379;209363;72614;14.5;5.0
78;2021-04-15;4611;3838;213974;76452;14.8;5.3
78;2021-04-16;5630;4012;219604;80464;15.2;5.6
78;2021-04-17;3614;711;223218;81175;15.4;5.6
78;2021-04-18;272;42;223490;81217;15.4;5.6
78;2021-04-19;3240;2811;226730;84028;15.7;5.8
78;2021-04-20;4707;3687;231437;87715;16.0;6.1
78;2021-04-21;4530;3498;235967;91213;16.3;6.3
78;2021-04-22;4570;4681;240537;95894;16.6;6.6
78;2021-04-23;5046;4420;245583;100314;17.0;6.9
78;2021-04-24;4866;2622;250449;102936;17.3;7.1
78;2021-04-25;3042;1728;253491;104664;17.5;7.2
78;2021-04-26;4768;3317;258259;107981;17.8;7.5
78;2021-04-27;5465;4307;263724;112288;18.2;7.8
78;2021-04-28;5649;4782;269373;117070;18.6;8.1
78;2021-04-29;6256;4056;275629;121126;19.0;8.4
78;2021-04-30;7203;4444;282832;125570;19.5;8.7
78;2021-05-01;612;253;283444;125823;19.6;8.7
78;2021-05-02;2006;163;285450;125986;19.7;8.7
78;2021-05-03;7454;1272;292904;127258;20.2;8.8
78;2021-05-04;6076;3978;298980;131236;20.6;9.1
78;2021-05-05;7290;4542;306270;135778;21.1;9.4
78;2021-05-06;6474;5169;312744;140947;21.6;9.7
78;2021-05-07;8311;5141;321055;146088;22.2;10.1
78;2021-05-08;2916;1449;323971;147537;22.4;10.2
78;2021-05-09;2817;346;326788;147883;22.6;10.2
78;2021-05-10;7343;4455;334131;152338;23.1;10.5
78;2021-05-11;8141;5407;342272;157745;23.6;10.9
78;2021-05-12;8725;3907;350997;161652;24.2;11.2
78;2021-05-13;6631;599;357628;162251;24.7;11.2
78;2021-05-14;10213;2213;367841;164464;25.4;11.4
78;2021-05-15;4934;2367;372775;166831;25.7;11.5
78;2021-05-16;3695;792;376470;167623;26.0;11.6
78;2021-05-17;8740;1341;385210;168964;26.6;11.7
78;2021-05-18;9881;1871;395091;170835;27.3;11.8
78;2021-05-19;11646;1703;406737;172538;28.1;11.9
78;2021-05-20;11588;2263;418325;174801;28.9;12.1
78;2021-05-21;12126;2628;430451;177429;29.7;12.2
78;2021-05-22;6545;1374;436996;178803;30.2;12.3
78;2021-05-23;3124;384;440120;179187;30.4;12.4
78;2021-05-24;3521;415;443641;179602;30.6;12.4
78;2021-05-25;9986;2501;453627;182103;31.3;12.6
78;2021-05-26;10163;3778;463790;185881;32.0;12.8
78;2021-05-27;10953;4643;474743;190524;32.8;13.2
78;2021-05-28;11414;6012;486157;196536;33.6;13.6
78;2021-05-29;4225;3384;490382;199920;33.9;13.8
78;2021-05-30;134;346;490516;200266;33.9;13.8
78;2021-05-31;7970;5358;498486;205624;34.4;14.2
78;2021-06-01;10028;6525;508514;212149;35.1;14.6
78;2021-06-02;8579;6208;517093;218357;35.7;15.1
78;2021-06-03;9892;6474;526985;224831;36.4;15.5
78;2021-06-04;9790;8148;536775;232979;37.1;16.1
78;2021-06-05;5514;6138;542289;239117;37.4;16.5
78;2021-06-06;2146;2012;544435;241129;37.6;16.6
78;2021-06-07;8122;6515;552557;247644;38.1;17.1
78;2021-06-08;8059;7314;560616;254958;38.7;17.6
78;2021-06-09;7316;6725;567932;261683;39.2;18.1
78;2021-06-10;7075;7097;575007;268780;39.7;18.6
78;2021-06-11;7574;8176;582581;276956;40.2;19.1
78;2021-06-12;6369;2919;588950;279875;40.7;19.3
78;2021-06-13;943;2457;589893;282332;40.7;19.5
78;2021-06-14;3400;9810;593293;292142;41.0;20.2
78;2021-06-15;5784;8288;599077;300430;41.4;20.7
78;2021-06-16;5410;8633;604487;309063;41.7;21.3
78;2021-06-17;5478;8533;609965;317596;42.1;21.9
78;2021-06-18;6084;9785;616049;327381;42.5;22.6
78;2021-06-19;5218;4815;621267;332196;42.9;22.9
78;2021-06-20;624;2836;621891;335032;42.9;23.1
78;2021-06-21;4069;9464;625960;344496;43.2;23.8
78;2021-06-22;3337;10314;629297;354810;43.4;24.5
78;2021-06-23;3828;10386;633125;365196;43.7;25.2
78;2021-06-24;3785;9972;636910;375168;44.0;25.9
78;2021-06-25;3997;13153;640907;388321;44.2;26.8
78;2021-06-26;4212;7953;645119;396274;44.5;27.4
78;2021-06-27;1037;2542;646156;398816;44.6;27.5
78;2021-06-28;3270;10900;649426;409716;44.8;28.3
78;2021-06-29;3532;11245;652958;420961;45.1;29.1
78;2021-06-30;4109;13227;657067;434188;45.4;30.0
78;2021-07-01;3926;12691;660993;446879;45.6;30.8
78;2021-07-02;4171;13926;665164;460805;45.9;31.8
78;2021-07-03;3144;8625;668308;469430;46.1;32.4
78;2021-07-04;758;1742;669066;471172;46.2;32.5
78;2021-07-05;3270;9686;672336;480858;46.4;33.2
78;2021-07-06;3492;12043;675828;492901;46.7;34.0
78;2021-07-07;3740;11605;679568;504506;46.9;34.8
78;2021-07-08;3855;11674;683423;516180;47.2;35.6
78;2021-07-09;4384;12729;687807;528909;47.5;36.5
78;2021-07-10;2613;6600;690420;535509;47.7;37.0
78;2021-07-11;745;2052;691165;537561;47.7;37.1
78;2021-07-12;2984;11742;694149;549303;47.9;37.9
78;2021-07-13;5268;11963;699417;561266;48.3;38.7
78;2021-07-14;2522;4969;701939;566235;48.5;39.1
78;2021-07-15;5638;11935;707577;578170;48.8;39.9
78;2021-07-16;7242;10754;714819;588924;49.3;40.7
78;2021-07-17;4703;4877;719522;593801;49.7;41.0
78;2021-07-18;1119;452;720641;594253;49.7;41.0
78;2021-07-19;3824;10338;724465;604591;50.0;41.7
78;2021-07-20;5545;9896;730010;614487;50.4;42.4
78;2021-07-21;5873;9830;735883;624317;50.8;43.1
78;2021-07-22;5925;9279;741808;633596;51.2;43.7
78;2021-07-23;6162;9174;747970;642770;51.6;44.4
78;2021-07-24;2923;4952;750893;647722;51.8;44.7
78;2021-07-25;980;370;751873;648092;51.9;44.7
78;2021-07-26;4817;6940;756690;655032;52.2;45.2
78;2021-07-27;7535;6870;764225;661902;52.8;45.7
78;2021-07-28;6916;5899;771141;667801;53.2;46.1
78;2021-07-29;7868;5956;779009;673757;53.8;46.5
78;2021-07-30;7591;6990;786600;680747;54.3;47.0
78;2021-07-31;2633;2714;789233;683461;54.5;47.2
78;2021-08-01;98;68;789331;683529;54.5;47.2
79;2020-12-27;0;0;0;0;0.0;0.0
79;2020-12-28;3;0;3;0;0.0;0.0
79;2020-12-29;0;0;3;0;0.0;0.0
79;2020-12-30;0;0;3;0;0.0;0.0
79;2020-12-31;0;0;3;0;0.0;0.0
79;2021-01-01;0;0;3;0;0.0;0.0
79;2021-01-02;0;0;3;0;0.0;0.0
79;2021-01-03;0;0;3;0;0.0;0.0
79;2021-01-04;1;0;4;0;0.0;0.0
79;2021-01-05;0;0;4;0;0.0;0.0
79;2021-01-06;0;0;4;0;0.0;0.0
79;2021-01-07;158;0;162;0;0.0;0.0
79;2021-01-08;165;0;327;0;0.1;0.0
79;2021-01-09;98;0;425;0;0.1;0.0
79;2021-01-10;3;0;428;0;0.1;0.0
79;2021-01-11;184;1;612;1;0.2;0.0
79;2021-01-12;246;1;858;2;0.2;0.0
79;2021-01-13;258;0;1116;2;0.3;0.0
79;2021-01-14;499;6;1615;8;0.4;0.0
79;2021-01-15;615;4;2230;12;0.6;0.0
79;2021-01-16;66;0;2296;12;0.6;0.0
79;2021-01-17;0;0;2296;12;0.6;0.0
79;2021-01-18;477;1;2773;13;0.7;0.0
79;2021-01-19;1343;0;4116;13;1.1;0.0
79;2021-01-20;1644;1;5760;14;1.5;0.0
79;2021-01-21;1997;2;7757;16;2.1;0.0
79;2021-01-22;873;3;8630;19;2.3;0.0
79;2021-01-23;65;0;8695;19;2.3;0.0
79;2021-01-24;0;0;8695;19;2.3;0.0
79;2021-01-25;643;7;9338;26;2.5;0.0
79;2021-01-26;572;12;9910;38;2.7;0.0
79;2021-01-27;741;81;10651;119;2.9;0.0
79;2021-01-28;730;150;11381;269;3.1;0.1
79;2021-01-29;490;88;11871;357;3.2;0.1
79;2021-01-30;0;0;11871;357;3.2;0.1
79;2021-01-31;0;0;11871;357;3.2;0.1
79;2021-02-01;206;111;12077;468;3.2;0.1
79;2021-02-02;324;72;12401;540;3.3;0.1
79;2021-02-03;389;60;12790;600;3.4;0.2
79;2021-02-04;323;109;13113;709;3.5;0.2
79;2021-02-05;356;274;13469;983;3.6;0.3
79;2021-02-06;3;0;13472;983;3.6;0.3
79;2021-02-07;22;0;13494;983;3.6;0.3
79;2021-02-08;283;170;13777;1153;3.7;0.3
79;2021-02-09;455;786;14232;1939;3.8;0.5
79;2021-02-10;617;1197;14849;3136;4.0;0.8
79;2021-02-11;776;1234;15625;4370;4.2;1.2
79;2021-02-12;468;770;16093;5140;4.3;1.4
79;2021-02-13;53;74;16146;5214;4.3;1.4
79;2021-02-14;0;0;16146;5214;4.3;1.4
79;2021-02-15;186;507;16332;5721;4.4;1.5
79;2021-02-16;332;734;16664;6455;4.5;1.7
79;2021-02-17;247;880;16911;7335;4.5;2.0
79;2021-02-18;354;947;17265;8282;4.6;2.2
79;2021-02-19;267;565;17532;8847;4.7;2.4
79;2021-02-20;4;22;17536;8869;4.7;2.4
79;2021-02-21;0;0;17536;8869;4.7;2.4
79;2021-02-22;137;464;17673;9333;4.7;2.5
79;2021-02-23;246;570;17919;9903;4.8;2.7
79;2021-02-24;245;543;18164;10446;4.9;2.8
79;2021-02-25;516;471;18680;10917;5.0;2.9
79;2021-02-26;598;401;19278;11318;5.2;3.0
79;2021-02-27;406;5;19684;11323;5.3;3.0
79;2021-02-28;34;0;19718;11323;5.3;3.0
79;2021-03-01;89;360;19807;11683;5.3;3.1
79;2021-03-02;303;507;20110;12190;5.4;3.3
79;2021-03-03;659;542;20769;12732;5.6;3.4
79;2021-03-04;904;567;21673;13299;5.8;3.6
79;2021-03-05;1216;440;22889;13739;6.1;3.7
79;2021-03-06;610;4;23499;13743;6.3;3.7
79;2021-03-07;77;0;23576;13743;6.3;3.7
79;2021-03-08;344;308;23920;14051;6.4;3.8
79;2021-03-09;841;341;24761;14392;6.6;3.9
79;2021-03-10;1144;401;25905;14793;7.0;4.0
79;2021-03-11;1636;318;27541;15111;7.4;4.1
79;2021-03-12;1717;116;29258;15227;7.9;4.1
79;2021-03-13;1135;11;30393;15238;8.2;4.1
79;2021-03-14;50;0;30443;15238;8.2;4.1
79;2021-03-15;496;158;30939;15396;8.3;4.1
79;2021-03-16;734;143;31673;15539;8.5;4.2
79;2021-03-17;576;108;32249;15647;8.7;4.2
79;2021-03-18;553;199;32802;15846;8.8;4.3
79;2021-03-19;662;255;33464;16101;9.0;4.3
79;2021-03-20;1006;12;34470;16113;9.3;4.3
79;2021-03-21;3;0;34473;16113;9.3;4.3
79;2021-03-22;954;201;35427;16314;9.5;4.4
79;2021-03-23;1589;170;37016;16484;9.9;4.4
79;2021-03-24;1828;152;38844;16636;10.4;4.5
79;2021-03-25;2498;183;41342;16819;11.1;4.5
79;2021-03-26;2401;132;43743;16951;11.7;4.5
79;2021-03-27;769;15;44512;16966;11.9;4.6
79;2021-03-28;1;0;44513;16966;11.9;4.6
79;2021-03-29;2147;111;46660;17077;12.5;4.6
79;2021-03-30;2816;58;49476;17135;13.3;4.6
79;2021-03-31;2778;381;52254;17516;14.0;4.7
79;2021-04-01;2694;373;54948;17889;14.7;4.8
79;2021-04-02;2823;385;57771;18274;15.5;4.9
79;2021-04-03;633;53;58404;18327;15.7;4.9
79;2021-04-04;3;0;58407;18327;15.7;4.9
79;2021-04-05;380;4;58787;18331;15.8;4.9
79;2021-04-06;1792;581;60579;18912;16.3;5.1
79;2021-04-07;3116;715;63695;19627;17.1;5.3
79;2021-04-08;2628;688;66323;20315;17.8;5.5
79;2021-04-09;3736;533;70059;20848;18.8;5.6
79;2021-04-10;1461;376;71520;21224;19.2;5.7
79;2021-04-11;4;0;71524;21224;19.2;5.7
79;2021-04-12;1753;353;73277;21577;19.7;5.8
79;2021-04-13;2174;744;75451;22321;20.2;6.0
79;2021-04-14;2479;667;77930;22988;20.9;6.2
79;2021-04-15;2215;662;80145;23650;21.5;6.3
79;2021-04-16;1414;439;81559;24089;21.9;6.5
79;2021-04-17;581;350;82140;24439;22.0;6.6
79;2021-04-18;1;14;82141;24453;22.0;6.6
79;2021-04-19;1089;843;83230;25296;22.3;6.8
79;2021-04-20;1506;1229;84736;26525;22.7;7.1
79;2021-04-21;1417;1434;86153;27959;23.1;7.5
79;2021-04-22;1569;1079;87722;29038;23.5;7.8
79;2021-04-23;1318;1186;89040;30224;23.9;8.1
79;2021-04-24;651;462;89691;30686;24.1;8.2
79;2021-04-25;0;0;89691;30686;24.1;8.2
79;2021-04-26;1343;1812;91034;32498;24.4;8.7
79;2021-04-27;1898;2348;92932;34846;24.9;9.4
79;2021-04-28;1457;2863;94389;37709;25.3;10.1
79;2021-04-29;2106;2252;96495;39961;25.9;10.7
79;2021-04-30;2113;2450;98608;42411;26.5;11.4
79;2021-05-01;517;376;99125;42787;26.6;11.5
79;2021-05-02;1;11;99126;42798;26.6;11.5
79;2021-05-03;1181;1290;100307;44088;26.9;11.8
79;2021-05-04;1734;2322;102041;46410;27.4;12.5
79;2021-05-05;1695;2483;103736;48893;27.8;13.1
79;2021-05-06;2318;2211;106054;51104;28.5;13.7
79;2021-05-07;2084;2799;108138;53903;29.0;14.5
79;2021-05-08;200;508;108338;54411;29.1;14.6
79;2021-05-09;0;0;108338;54411;29.1;14.6
79;2021-05-10;1584;1782;109922;56193;29.5;15.1
79;2021-05-11;2310;1648;112232;57841;30.1;15.5
79;2021-05-12;1996;2676;114228;60517;30.7;16.2
79;2021-05-13;640;289;114868;60806;30.8;16.3
79;2021-05-14;2100;671;116968;61477;31.4;16.5
79;2021-05-15;1399;498;118367;61975;31.8;16.6
79;2021-05-16;1;22;118368;61997;31.8;16.6
79;2021-05-17;1873;1079;120241;63076;32.3;16.9
79;2021-05-18;2969;1266;123210;64342;33.1;17.3
79;2021-05-19;2894;966;126104;65308;33.8;17.5
79;2021-05-20;3102;1244;129206;66552;34.7;17.9
79;2021-05-21;2767;1061;131973;67613;35.4;18.1
79;2021-05-22;1085;260;133058;67873;35.7;18.2
79;2021-05-23;1;0;133059;67873;35.7;18.2
79;2021-05-24;161;20;133220;67893;35.8;18.2
79;2021-05-25;3199;984;136419;68877;36.6;18.5
79;2021-05-26;3314;849;139733;69726;37.5;18.7
79;2021-05-27;3586;1715;143319;71441;38.5;19.2
79;2021-05-28;3329;1819;146648;73260;39.4;19.7
79;2021-05-29;1073;450;147721;73710;39.6;19.8
79;2021-05-30;3;1;147724;73711;39.6;19.8
79;2021-05-31;2379;731;150103;74442;40.3;20.0
79;2021-06-01;3017;1572;153120;76014;41.1;20.4
79;2021-06-02;4061;1166;157181;77180;42.2;20.7
79;2021-06-03;4080;1749;161261;78929;43.3;21.2
79;2021-06-04;4144;2031;165405;80960;44.4;21.7
79;2021-06-05;2801;755;168206;81715;45.1;21.9
79;2021-06-06;696;38;168902;81753;45.3;21.9
79;2021-06-07;2810;1412;171712;83165;46.1;22.3
79;2021-06-08;2981;2066;174693;85231;46.9;22.9
79;2021-06-09;3628;1937;178321;87168;47.9;23.4
79;2021-06-10;3017;1973;181338;89141;48.7;23.9
79;2021-06-11;3767;2314;185105;91455;49.7;24.5
79;2021-06-12;1709;608;186814;92063;50.1;24.7
79;2021-06-13;214;24;187028;92087;50.2;24.7
79;2021-06-14;1245;1691;188273;93778;50.5;25.2
79;2021-06-15;1880;2360;190153;96138;51.0;25.8
79;2021-06-16;2200;2246;192353;98384;51.6;26.4
79;2021-06-17;2235;2613;194588;100997;52.2;27.1
79;2021-06-18;2410;2319;196998;103316;52.9;27.7
79;2021-06-19;1244;582;198242;103898;53.2;27.9
79;2021-06-20;3;2;198245;103900;53.2;27.9
79;2021-06-21;1228;2280;199473;106180;53.5;28.5
79;2021-06-22;1542;2873;201015;109053;53.9;29.3
79;2021-06-23;1758;2547;202773;111600;54.4;29.9
79;2021-06-24;2089;2003;204862;113603;55.0;30.5
79;2021-06-25;1479;2840;206341;116443;55.4;31.2
79;2021-06-26;866;808;207207;117251;55.6;31.5
79;2021-06-27;13;6;207220;117257;55.6;31.5
79;2021-06-28;1048;2620;208268;119877;55.9;32.2
79;2021-06-29;1447;3548;209715;123425;56.3;33.1
79;2021-06-30;1344;3447;211059;126872;56.6;34.0
79;2021-07-01;1163;3786;212222;130658;57.0;35.1
79;2021-07-02;1460;3346;213682;134004;57.3;36.0
79;2021-07-03;397;1504;214079;135508;57.5;36.4
79;2021-07-04;1;9;214080;135517;57.5;36.4
79;2021-07-05;742;2123;214822;137640;57.7;36.9
79;2021-07-06;939;3667;215761;141307;57.9;37.9
79;2021-07-07;1320;4311;217081;145618;58.3;39.1
79;2021-07-08;1073;4051;218154;149669;58.5;40.2
79;2021-07-09;831;3722;218985;153391;58.8;41.2
79;2021-07-10;510;1318;219495;154709;58.9;41.5
79;2021-07-11;0;12;219495;154721;58.9;41.5
79;2021-07-12;539;3696;220034;158417;59.0;42.5
79;2021-07-13;995;5197;221029;163614;59.3;43.9
79;2021-07-14;131;875;221160;164489;59.4;44.1
79;2021-07-15;1217;4681;222377;169170;59.7;45.4
79;2021-07-16;1322;4358;223699;173528;60.0;46.6
79;2021-07-17;564;2419;224263;175947;60.2;47.2
79;2021-07-18;43;498;224306;176445;60.2;47.4
79;2021-07-19;730;3319;225036;179764;60.4;48.2
79;2021-07-20;1221;3951;226257;183715;60.7;49.3
79;2021-07-21;1173;4197;227430;187912;61.0;50.4
79;2021-07-22;1341;3987;228771;191899;61.4;51.5
79;2021-07-23;1346;4561;230117;196460;61.8;52.7
79;2021-07-24;863;1498;230980;197958;62.0;53.1
79;2021-07-25;55;326;231035;198284;62.0;53.2
79;2021-07-26;1365;2594;232400;200878;62.4;53.9
79;2021-07-27;2075;2992;234475;203870;62.9;54.7
79;2021-07-28;2483;2490;236958;206360;63.6;55.4
79;2021-07-29;2989;2841;239947;209201;64.4;56.1
79;2021-07-30;2118;2814;242065;212015;65.0;56.9
79;2021-07-31;874;1150;242939;213165;65.2;57.2
79;2021-08-01;3;3;242942;213168;65.2;57.2
80;2020-12-27;0;0;0;0;0.0;0.0
80;2020-12-28;0;0;0;0;0.0;0.0
80;2020-12-29;11;0;11;0;0.0;0.0
80;2020-12-30;0;0;11;0;0.0;0.0
80;2020-12-31;0;0;11;0;0.0;0.0
80;2021-01-01;0;0;11;0;0.0;0.0
80;2021-01-02;0;0;11;0;0.0;0.0
80;2021-01-03;1;0;12;0;0.0;0.0
80;2021-01-04;0;0;12;0;0.0;0.0
80;2021-01-05;0;0;12;0;0.0;0.0
80;2021-01-06;30;0;42;0;0.0;0.0
80;2021-01-07;276;2;318;2;0.1;0.0
80;2021-01-08;330;0;648;2;0.1;0.0
80;2021-01-09;108;0;756;2;0.1;0.0
80;2021-01-10;21;0;777;2;0.1;0.0
80;2021-01-11;276;0;1053;2;0.2;0.0
80;2021-01-12;427;2;1480;4;0.3;0.0
80;2021-01-13;514;3;1994;7;0.3;0.0
80;2021-01-14;453;4;2447;11;0.4;0.0
80;2021-01-15;330;1;2777;12;0.5;0.0
80;2021-01-16;103;1;2880;13;0.5;0.0
80;2021-01-17;102;1;2982;14;0.5;0.0
80;2021-01-18;412;2;3394;16;0.6;0.0
80;2021-01-19;962;16;4356;32;0.8;0.0
80;2021-01-20;1086;4;5442;36;1.0;0.0
80;2021-01-21;1011;8;6453;44;1.1;0.0
80;2021-01-22;1113;3;7566;47;1.3;0.0
80;2021-01-23;908;0;8474;47;1.5;0.0
80;2021-01-24;824;4;9298;51;1.6;0.0
80;2021-01-25;1539;7;10837;58;1.9;0.0
80;2021-01-26;1479;10;12316;68;2.2;0.0
80;2021-01-27;822;28;13138;96;2.3;0.0
80;2021-01-28;623;175;13761;271;2.4;0.0
80;2021-01-29;637;220;14398;491;2.5;0.1
80;2021-01-30;85;60;14483;551;2.5;0.1
80;2021-01-31;0;0;14483;551;2.5;0.1
80;2021-02-01;26;258;14509;809;2.5;0.1
80;2021-02-02;21;446;14530;1255;2.6;0.2
80;2021-02-03;29;542;14559;1797;2.6;0.3
80;2021-02-04;276;348;14835;2145;2.6;0.4
80;2021-02-05;346;211;15181;2356;2.7;0.4
80;2021-02-06;167;70;15348;2426;2.7;0.4
80;2021-02-07;1;0;15349;2426;2.7;0.4
80;2021-02-08;425;241;15774;2667;2.8;0.5
80;2021-02-09;685;245;16459;2912;2.9;0.5
80;2021-02-10;606;495;17065;3407;3.0;0.6
80;2021-02-11;861;352;17926;3759;3.1;0.7
80;2021-02-12;943;314;18869;4073;3.3;0.7
80;2021-02-13;195;428;19064;4501;3.3;0.8
80;2021-02-14;78;572;19142;5073;3.4;0.9
80;2021-02-15;605;1018;19747;6091;3.5;1.1
80;2021-02-16;688;1138;20435;7229;3.6;1.3
80;2021-02-17;484;1173;20919;8402;3.7;1.5
80;2021-02-18;569;1137;21488;9539;3.8;1.7
80;2021-02-19;503;850;21991;10389;3.9;1.8
80;2021-02-20;22;516;22013;10905;3.9;1.9
80;2021-02-21;47;49;22060;10954;3.9;1.9
80;2021-02-22;149;576;22209;11530;3.9;2.0
80;2021-02-23;471;693;22680;12223;4.0;2.1
80;2021-02-24;431;679;23111;12902;4.1;2.3
80;2021-02-25;815;541;23926;13443;4.2;2.4
80;2021-02-26;1062;520;24988;13963;4.4;2.5
80;2021-02-27;476;73;25464;14036;4.5;2.5
80;2021-02-28;49;23;25513;14059;4.5;2.5
80;2021-03-01;728;65;26241;14124;4.6;2.5
80;2021-03-02;1014;89;27255;14213;4.8;2.5
80;2021-03-03;980;53;28235;14266;5.0;2.5
80;2021-03-04;1390;234;29625;14500;5.2;2.5
80;2021-03-05;1871;325;31496;14825;5.5;2.6
80;2021-03-06;2917;315;34413;15140;6.0;2.7
80;2021-03-07;1841;68;36254;15208;6.4;2.7
80;2021-03-08;714;606;36968;15814;6.5;2.8
80;2021-03-09;1309;906;38277;16720;6.7;2.9
80;2021-03-10;1722;740;39999;17460;7.0;3.1
80;2021-03-11;1908;816;41907;18276;7.4;3.2
80;2021-03-12;3137;728;45044;19004;7.9;3.3
80;2021-03-13;4006;189;49050;19193;8.6;3.4
80;2021-03-14;350;12;49400;19205;8.7;3.4
80;2021-03-15;1014;247;50414;19452;8.8;3.4
80;2021-03-16;882;334;51296;19786;9.0;3.5
80;2021-03-17;663;275;51959;20061;9.1;3.5
80;2021-03-18;1000;293;52959;20354;9.3;3.6
80;2021-03-19;1738;381;54697;20735;9.6;3.6
80;2021-03-20;3821;102;58518;20837;10.3;3.7
80;2021-03-21;488;30;59006;20867;10.4;3.7
80;2021-03-22;902;287;59908;21154;10.5;3.7
80;2021-03-23;1713;408;61621;21562;10.8;3.8
80;2021-03-24;1754;463;63375;22025;11.1;3.9
80;2021-03-25;2713;444;66088;22469;11.6;3.9
80;2021-03-26;3102;421;69190;22890;12.1;4.0
80;2021-03-27;2231;220;71421;23110;12.5;4.1
80;2021-03-28;675;90;72096;23200;12.7;4.1
80;2021-03-29;1981;744;74077;23944;13.0;4.2
80;2021-03-30;1970;870;76047;24814;13.3;4.4
80;2021-03-31;1495;985;77542;25799;13.6;4.5
80;2021-04-01;1949;1481;79491;27280;14.0;4.8
80;2021-04-02;2810;1571;82301;28851;14.4;5.1
80;2021-04-03;3042;855;85343;29706;15.0;5.2
80;2021-04-04;133;6;85476;29712;15.0;5.2
80;2021-04-05;684;199;86160;29911;15.1;5.2
80;2021-04-06;1280;967;87440;30878;15.3;5.4
80;2021-04-07;1624;1199;89064;32077;15.6;5.6
80;2021-04-08;2155;837;91219;32914;16.0;5.8
80;2021-04-09;3529;1344;94748;34258;16.6;6.0
80;2021-04-10;2735;1938;97483;36196;17.1;6.4
80;2021-04-11;189;174;97672;36370;17.1;6.4
80;2021-04-12;1808;483;99480;36853;17.5;6.5
80;2021-04-13;2381;1031;101861;37884;17.9;6.6
80;2021-04-14;2765;1138;104626;39022;18.4;6.8
80;2021-04-15;3730;861;108356;39883;19.0;7.0
80;2021-04-16;3334;857;111690;40740;19.6;7.2
80;2021-04-17;1652;2299;113342;43039;19.9;7.6
80;2021-04-18;372;386;113714;43425;20.0;7.6
80;2021-04-19;954;775;114668;44200;20.1;7.8
80;2021-04-20;1612;809;116280;45009;20.4;7.9
80;2021-04-21;1613;997;117893;46006;20.7;8.1
80;2021-04-22;2164;1250;120057;47256;21.1;8.3
80;2021-04-23;2639;1247;122696;48503;21.5;8.5
80;2021-04-24;1359;1189;124055;49692;21.8;8.7
80;2021-04-25;209;530;124264;50222;21.8;8.8
80;2021-04-26;1294;1442;125558;51664;22.0;9.1
80;2021-04-27;2024;1395;127582;53059;22.4;9.3
80;2021-04-28;2200;1396;129782;54455;22.8;9.6
80;2021-04-29;3215;1877;132997;56332;23.3;9.9
80;2021-04-30;3076;2848;136073;59180;23.9;10.4
80;2021-05-01;987;657;137060;59837;24.1;10.5
80;2021-05-02;370;52;137430;59889;24.1;10.5
80;2021-05-03;2721;1177;140151;61066;24.6;10.7
80;2021-05-04;2498;1707;142649;62773;25.0;11.0
80;2021-05-05;3364;1894;146013;64667;25.6;11.3
80;2021-05-06;3173;2545;149186;67212;26.2;11.8
80;2021-05-07;3454;2689;152640;69901;26.8;12.3
80;2021-05-08;2783;920;155423;70821;27.3;12.4
80;2021-05-09;1407;263;156830;71084;27.5;12.5
80;2021-05-10;1881;1832;158711;72916;27.9;12.8
80;2021-05-11;3275;1794;161986;74710;28.4;13.1
80;2021-05-12;4700;1566;166686;76276;29.3;13.4
80;2021-05-13;3835;361;170521;76637;29.9;13.5
80;2021-05-14;5190;1394;175711;78031;30.8;13.7
80;2021-05-15;5919;1051;181630;79082;31.9;13.9
80;2021-05-16;2679;305;184309;79387;32.3;13.9
80;2021-05-17;2369;817;186678;80204;32.8;14.1
80;2021-05-18;3946;849;190624;81053;33.5;14.2
80;2021-05-19;4014;944;194638;81997;34.2;14.4
80;2021-05-20;4566;1217;199204;83214;35.0;14.6
80;2021-05-21;4892;1665;204096;84879;35.8;14.9
80;2021-05-22;5032;1156;209128;86035;36.7;15.1
80;2021-05-23;1784;239;210912;86274;37.0;15.1
80;2021-05-24;1467;160;212379;86434;37.3;15.2
80;2021-05-25;2621;1136;215000;87570;37.7;15.4
80;2021-05-26;4247;1695;219247;89265;38.5;15.7
80;2021-05-27;3976;2470;223223;91735;39.2;16.1
80;2021-05-28;3864;2976;227087;94711;39.9;16.6
80;2021-05-29;3698;1622;230785;96333;40.5;16.9
80;2021-05-30;1182;198;231967;96531;40.7;16.9
80;2021-05-31;2599;1374;234566;97905;41.2;17.2
80;2021-06-01;4030;2432;238596;100337;41.9;17.6
80;2021-06-02;3334;2006;241930;102343;42.5;18.0
80;2021-06-03;4265;2925;246195;105268;43.2;18.5
80;2021-06-04;4794;3077;250989;108345;44.1;19.0
80;2021-06-05;3556;2076;254545;110421;44.7;19.4
80;2021-06-06;801;209;255346;110630;44.8;19.4
80;2021-06-07;1746;1943;257092;112573;45.1;19.8
80;2021-06-08;2743;2552;259835;115125;45.6;20.2
80;2021-06-09;3005;2729;262840;117854;46.1;20.7
80;2021-06-10;3164;3167;266004;121021;46.7;21.2
80;2021-06-11;3219;3888;269223;124909;47.3;21.9
80;2021-06-12;3041;2325;272264;127234;47.8;22.3
80;2021-06-13;472;404;272736;127638;47.9;22.4
80;2021-06-14;1263;2849;273999;130487;48.1;22.9
80;2021-06-15;2309;3420;276308;133907;48.5;23.5
80;2021-06-16;1563;4218;277871;138125;48.8;24.2
80;2021-06-17;2354;3623;280225;141748;49.2;24.9
80;2021-06-18;2551;3895;282776;145643;49.6;25.6
80;2021-06-19;2985;4345;285761;149988;50.2;26.3
80;2021-06-20;203;1077;285964;151065;50.2;26.5
80;2021-06-21;1008;2618;286972;153683;50.4;27.0
80;2021-06-22;1142;3935;288114;157618;50.6;27.7
80;2021-06-23;1846;5286;289960;162904;50.9;28.6
80;2021-06-24;1692;4683;291652;167587;51.2;29.4
80;2021-06-25;1374;6120;293026;173707;51.4;30.5
80;2021-06-26;1929;6183;294955;179890;51.8;31.6
80;2021-06-27;331;2028;295286;181918;51.8;31.9
80;2021-06-28;902;3167;296188;185085;52.0;32.5
80;2021-06-29;1912;4617;298100;189702;52.3;33.3
80;2021-06-30;1229;4780;299329;194482;52.5;34.1
80;2021-07-01;1551;4987;300880;199469;52.8;35.0
80;2021-07-02;1849;5981;302729;205450;53.1;36.1
80;2021-07-03;1291;5269;304020;210719;53.4;37.0
80;2021-07-04;689;1475;304709;212194;53.5;37.2
80;2021-07-05;867;2959;305576;215153;53.6;37.8
80;2021-07-06;1841;3989;307417;219142;54.0;38.5
80;2021-07-07;1540;4509;308957;223651;54.2;39.3
80;2021-07-08;2074;5004;311031;228655;54.6;40.1
80;2021-07-09;2587;5470;313618;234125;55.0;41.1
80;2021-07-10;1592;3990;315210;238115;55.3;41.8
80;2021-07-11;397;795;315607;238910;55.4;41.9
80;2021-07-12;860;3384;316467;242294;55.5;42.5
80;2021-07-13;2046;5091;318513;247385;55.9;43.4
80;2021-07-14;2772;1739;321285;249124;56.4;43.7
80;2021-07-15;2763;5299;324048;254423;56.9;44.7
80;2021-07-16;3864;5884;327912;260307;57.6;45.7
80;2021-07-17;3358;4458;331270;264765;58.1;46.5
80;2021-07-18;872;893;332142;265658;58.3;46.6
80;2021-07-19;2145;2872;334287;268530;58.7;47.1
80;2021-07-20;3301;4891;337588;273421;59.2;48.0
80;2021-07-21;3471;4484;341059;277905;59.9;48.8
80;2021-07-22;4325;4553;345384;282458;60.6;49.6
80;2021-07-23;5329;4801;350713;287259;61.6;50.4
80;2021-07-24;4221;4315;354934;291574;62.3;51.2
80;2021-07-25;1182;640;356116;292214;62.5;51.3
80;2021-07-26;2672;2327;358788;294541;63.0;51.7
80;2021-07-27;4344;3686;363132;298227;63.7;52.3
80;2021-07-28;5079;2784;368211;301011;64.6;52.8
80;2021-07-29;4966;3198;373177;304209;65.5;53.4
80;2021-07-30;5005;3611;378182;307820;66.4;54.0
80;2021-07-31;4115;2865;382297;310685;67.1;54.5
80;2021-08-01;1272;353;383569;311038;67.3;54.6
81;2020-12-27;0;0;0;0;0.0;0.0
81;2020-12-28;0;0;0;0;0.0;0.0
81;2020-12-29;0;0;0;0;0.0;0.0
81;2020-12-30;0;0;0;0;0.0;0.0
81;2020-12-31;0;0;0;0;0.0;0.0
81;2021-01-01;0;0;0;0;0.0;0.0
81;2021-01-02;0;0;0;0;0.0;0.0
81;2021-01-03;0;0;0;0;0.0;0.0
81;2021-01-04;1;0;1;0;0.0;0.0
81;2021-01-05;0;0;1;0;0.0;0.0
81;2021-01-06;5;0;6;0;0.0;0.0
81;2021-01-07;266;0;272;0;0.1;0.0
81;2021-01-08;312;1;584;1;0.2;0.0
81;2021-01-09;74;1;658;2;0.2;0.0
81;2021-01-10;1;0;659;2;0.2;0.0
81;2021-01-11;133;0;792;2;0.2;0.0
81;2021-01-12;167;0;959;2;0.2;0.0
81;2021-01-13;233;1;1192;3;0.3;0.0
81;2021-01-14;961;7;2153;10;0.6;0.0
81;2021-01-15;524;1;2677;11;0.7;0.0
81;2021-01-16;72;0;2749;11;0.7;0.0
81;2021-01-17;0;0;2749;11;0.7;0.0
81;2021-01-18;579;3;3328;14;0.9;0.0
81;2021-01-19;662;4;3990;18;1.0;0.0
81;2021-01-20;752;2;4742;20;1.2;0.0
81;2021-01-21;1174;3;5916;23;1.5;0.0
81;2021-01-22;852;2;6768;25;1.7;0.0
81;2021-01-23;221;1;6989;26;1.8;0.0
81;2021-01-24;102;0;7091;26;1.8;0.0
81;2021-01-25;567;3;7658;29;2.0;0.0
81;2021-01-26;634;5;8292;34;2.1;0.0
81;2021-01-27;551;4;8843;38;2.3;0.0
81;2021-01-28;687;215;9530;253;2.5;0.1
81;2021-01-29;300;183;9830;436;2.5;0.1
81;2021-01-30;202;37;10032;473;2.6;0.1
81;2021-01-31;104;1;10136;474;2.6;0.1
81;2021-02-01;320;130;10456;604;2.7;0.2
81;2021-02-02;446;142;10902;746;2.8;0.2
81;2021-02-03;476;223;11378;969;2.9;0.2
81;2021-02-04;1398;691;12776;1660;3.3;0.4
81;2021-02-05;868;315;13644;1975;3.5;0.5
81;2021-02-06;274;21;13918;1996;3.6;0.5
81;2021-02-07;103;0;14021;1996;3.6;0.5
81;2021-02-08;274;219;14295;2215;3.7;0.6
81;2021-02-09;418;221;14713;2436;3.8;0.6
81;2021-02-10;371;283;15084;2719;3.9;0.7
81;2021-02-11;651;388;15735;3107;4.1;0.8
81;2021-02-12;577;546;16312;3653;4.2;0.9
81;2021-02-13;187;159;16499;3812;4.3;1.0
81;2021-02-14;100;1;16599;3813;4.3;1.0
81;2021-02-15;234;484;16833;4297;4.3;1.1
81;2021-02-16;281;617;17114;4914;4.4;1.3
81;2021-02-17;242;520;17356;5434;4.5;1.4
81;2021-02-18;483;674;17839;6108;4.6;1.6
81;2021-02-19;566;410;18405;6518;4.7;1.7
81;2021-02-20;322;281;18727;6799;4.8;1.8
81;2021-02-21;23;80;18750;6879;4.8;1.8
81;2021-02-22;233;536;18983;7415;4.9;1.9
81;2021-02-23;168;594;19151;8009;4.9;2.1
81;2021-02-24;291;631;19442;8640;5.0;2.2
81;2021-02-25;708;1056;20150;9696;5.2;2.5
81;2021-02-26;909;958;21059;10654;5.4;2.7
81;2021-02-27;275;243;21334;10897;5.5;2.8
81;2021-02-28;21;88;21355;10985;5.5;2.8
81;2021-03-01;208;410;21563;11395;5.6;2.9
81;2021-03-02;363;542;21926;11937;5.7;3.1
81;2021-03-03;463;422;22389;12359;5.8;3.2
81;2021-03-04;1061;459;23450;12818;6.0;3.3
81;2021-03-05;1407;387;24857;13205;6.4;3.4
81;2021-03-06;981;164;25838;13369;6.7;3.4
81;2021-03-07;154;102;25992;13471;6.7;3.5
81;2021-03-08;465;359;26457;13830;6.8;3.6
81;2021-03-09;809;390;27266;14220;7.0;3.7
81;2021-03-10;899;391;28165;14611;7.3;3.8
81;2021-03-11;1346;354;29511;14965;7.6;3.9
81;2021-03-12;1690;299;31201;15264;8.0;3.9
81;2021-03-13;1030;187;32231;15451;8.3;4.0
81;2021-03-14;64;82;32295;15533;8.3;4.0
81;2021-03-15;1094;217;33389;15750;8.6;4.1
81;2021-03-16;724;228;34113;15978;8.8;4.1
81;2021-03-17;890;272;35003;16250;9.0;4.2
81;2021-03-18;970;580;35973;16830;9.3;4.3
81;2021-03-19;1271;449;37244;17279;9.6;4.5
81;2021-03-20;676;278;37920;17557;9.8;4.5
81;2021-03-21;139;22;38059;17579;9.8;4.5
81;2021-03-22;933;284;38992;17863;10.1;4.6
81;2021-03-23;1418;221;40410;18084;10.4;4.7
81;2021-03-24;1603;272;42013;18356;10.8;4.7
81;2021-03-25;2028;321;44041;18677;11.4;4.8
81;2021-03-26;2099;277;46140;18954;11.9;4.9
81;2021-03-27;1092;34;47232;18988;12.2;4.9
81;2021-03-28;733;39;47965;19027;12.4;4.9
81;2021-03-29;2863;176;50828;19203;13.1;5.0
81;2021-03-30;3053;203;53881;19406;13.9;5.0
81;2021-03-31;2690;290;56571;19696;14.6;5.1
81;2021-04-01;3311;554;59882;20250;15.4;5.2
81;2021-04-02;2613;363;62495;20613;16.1;5.3
81;2021-04-03;1146;298;63641;20911;16.4;5.4
81;2021-04-04;1401;18;65042;20929;16.8;5.4
81;2021-04-05;718;18;65760;20947;17.0;5.4
81;2021-04-06;1593;508;67353;21455;17.4;5.5
81;2021-04-07;1814;580;69167;22035;17.8;5.7
81;2021-04-08;2614;824;71781;22859;18.5;5.9
81;2021-04-09;3049;466;74830;23325;19.3;6.0
81;2021-04-10;1476;506;76306;23831;19.7;6.1
81;2021-04-11;1297;61;77603;23892;20.0;6.2
81;2021-04-12;1219;684;78822;24576;20.3;6.3
81;2021-04-13;2529;778;81351;25354;21.0;6.5
81;2021-04-14;2505;825;83856;26179;21.6;6.7
81;2021-04-15;3098;1189;86954;27368;22.4;7.1
81;2021-04-16;2819;1078;89773;28446;23.1;7.3
81;2021-04-17;1145;289;90918;28735;23.4;7.4
81;2021-04-18;518;145;91436;28880;23.6;7.4
81;2021-04-19;913;823;92349;29703;23.8;7.7
81;2021-04-20;2270;1166;94619;30869;24.4;8.0
81;2021-04-21;2224;999;96843;31868;25.0;8.2
81;2021-04-22;2817;1055;99660;32923;25.7;8.5
81;2021-04-23;2877;963;102537;33886;26.4;8.7
81;2021-04-24;1326;743;103863;34629;26.8;8.9
81;2021-04-25;454;716;104317;35345;26.9;9.1
81;2021-04-26;1060;2424;105377;37769;27.2;9.7
81;2021-04-27;1598;2352;106975;40121;27.6;10.3
81;2021-04-28;1420;2394;108395;42515;27.9;11.0
81;2021-04-29;1816;2745;110211;45260;28.4;11.7
81;2021-04-30;2011;2352;112222;47612;28.9;12.3
81;2021-05-01;361;685;112583;48297;29.0;12.5
81;2021-05-02;291;1381;112874;49678;29.1;12.8
81;2021-05-03;1115;1168;113989;50846;29.4;13.1
81;2021-05-04;2619;1903;116608;52749;30.1;13.6
81;2021-05-05;2015;1929;118623;54678;30.6;14.1
81;2021-05-06;2742;3410;121365;58088;31.3;15.0
81;2021-05-07;2113;2857;123478;60945;31.8;15.7
81;2021-05-08;963;876;124441;61821;32.1;15.9
81;2021-05-09;534;1353;124975;63174;32.2;16.3
81;2021-05-10;823;1601;125798;64775;32.4;16.7
81;2021-05-11;1661;2575;127459;67350;32.9;17.4
81;2021-05-12;1635;2457;129094;69807;33.3;18.0
81;2021-05-13;1216;564;130310;70371;33.6;18.1
81;2021-05-14;1890;1722;132200;72093;34.1;18.6
81;2021-05-15;1511;618;133711;72711;34.5;18.7
81;2021-05-16;1368;414;135079;73125;34.8;18.9
81;2021-05-17;1166;862;136245;73987;35.1;19.1
81;2021-05-18;1699;1431;137944;75418;35.6;19.4
81;2021-05-19;2642;1244;140586;76662;36.2;19.8
81;2021-05-20;2968;1346;143554;78008;37.0;20.1
81;2021-05-21;2737;1118;146291;79126;37.7;20.4
81;2021-05-22;2816;518;149107;79644;38.4;20.5
81;2021-05-23;1179;74;150286;79718;38.7;20.6
81;2021-05-24;838;80;151124;79798;39.0;20.6
81;2021-05-25;2491;1103;153615;80901;39.6;20.9
81;2021-05-26;1889;796;155504;81697;40.1;21.1
81;2021-05-27;2556;1534;158060;83231;40.7;21.5
81;2021-05-28;2562;1663;160622;84894;41.4;21.9
81;2021-05-29;1401;540;162023;85434;41.8;22.0
81;2021-05-30;933;220;162956;85654;42.0;22.1
81;2021-05-31;1183;1337;164139;86991;42.3;22.4
81;2021-06-01;1780;2698;165919;89689;42.8;23.1
81;2021-06-02;1992;2443;167911;92132;43.3;23.8
81;2021-06-03;2001;2533;169912;94665;43.8;24.4
81;2021-06-04;1845;2948;171757;97613;44.3;25.2
81;2021-06-05;1754;1306;173511;98919;44.7;25.5
81;2021-06-06;370;366;173881;99285;44.8;25.6
81;2021-06-07;1209;1540;175090;100825;45.1;26.0
81;2021-06-08;2363;2387;177453;103212;45.7;26.6
81;2021-06-09;2439;1864;179892;105076;46.4;27.1
81;2021-06-10;1279;1566;181171;106642;46.7;27.5
81;2021-06-11;2654;2201;183825;108843;47.4;28.1
81;2021-06-12;1658;1037;185483;109880;47.8;28.3
81;2021-06-13;444;475;185927;110355;47.9;28.4
81;2021-06-14;771;1421;186698;111776;48.1;28.8
81;2021-06-15;1678;3502;188376;115278;48.6;29.7
81;2021-06-16;1266;3011;189642;118289;48.9;30.5
81;2021-06-17;1343;2523;190985;120812;49.2;31.1
81;2021-06-18;1836;2768;192821;123580;49.7;31.9
81;2021-06-19;825;949;193646;124529;49.9;32.1
81;2021-06-20;405;537;194051;125066;50.0;32.2
81;2021-06-21;423;1036;194474;126102;50.1;32.5
81;2021-06-22;1059;2566;195533;128668;50.4;33.2
81;2021-06-23;1134;2156;196667;130824;50.7;33.7
81;2021-06-24;1108;1938;197775;132762;51.0;34.2
81;2021-06-25;1228;2863;199003;135625;51.3;35.0
81;2021-06-26;722;1707;199725;137332;51.5;35.4
81;2021-06-27;526;1648;200251;138980;51.6;35.8
81;2021-06-28;475;1542;200726;140522;51.7;36.2
81;2021-06-29;1082;2636;201808;143158;52.0;36.9
81;2021-06-30;1038;3153;202846;146311;52.3;37.7
81;2021-07-01;873;2625;203719;148936;52.5;38.4
81;2021-07-02;987;2858;204706;151794;52.8;39.1
81;2021-07-03;730;2826;205436;154620;53.0;39.9
81;2021-07-04;268;1008;205704;155628;53.0;40.1
81;2021-07-05;686;1620;206390;157248;53.2;40.5
81;2021-07-06;970;3176;207360;160424;53.5;41.4
81;2021-07-07;1057;2437;208417;162861;53.7;42.0
81;2021-07-08;1027;2232;209444;165093;54.0;42.6
81;2021-07-09;1143;2698;210587;167791;54.3;43.3
81;2021-07-10;801;1523;211388;169314;54.5;43.6
81;2021-07-11;435;1011;211823;170325;54.6;43.9
81;2021-07-12;723;1726;212546;172051;54.8;44.4
81;2021-07-13;2050;3142;214596;175193;55.3;45.2
81;2021-07-14;1437;1561;216033;176754;55.7;45.6
81;2021-07-15;2526;2754;218559;179508;56.3;46.3
81;2021-07-16;2017;3019;220576;182527;56.9;47.1
81;2021-07-17;1215;2453;221791;184980;57.2;47.7
81;2021-07-18;673;1125;222464;186105;57.4;48.0
81;2021-07-19;1160;1728;223624;187833;57.7;48.4
81;2021-07-20;3037;2795;226661;190628;58.4;49.1
81;2021-07-21;3462;2325;230123;192953;59.3;49.7
81;2021-07-22;3545;2088;233668;195041;60.2;50.3
81;2021-07-23;3157;3224;236825;198265;61.1;51.1
81;2021-07-24;2513;1706;239338;199971;61.7;51.6
81;2021-07-25;1684;705;241022;200676;62.1;51.7
81;2021-07-26;1998;1533;243020;202209;62.7;52.1
81;2021-07-27;3568;2527;246588;204736;63.6;52.8
81;2021-07-28;3020;2185;249608;206921;64.3;53.3
81;2021-07-29;3317;1761;252925;208682;65.2;53.8
81;2021-07-30;2763;2230;255688;210912;65.9;54.4
81;2021-07-31;1943;990;257631;211902;66.4;54.6
81;2021-08-01;826;623;258457;212525;66.6;54.8
82;2020-12-27;0;0;0;0;0.0;0.0
82;2020-12-28;2;0;2;0;0.0;0.0
82;2020-12-29;0;0;2;0;0.0;0.0
82;2020-12-30;0;0;2;0;0.0;0.0
82;2020-12-31;0;0;2;0;0.0;0.0
82;2021-01-01;0;0;2;0;0.0;0.0
82;2021-01-02;0;0;2;0;0.0;0.0
82;2021-01-03;0;0;2;0;0.0;0.0
82;2021-01-04;0;0;2;0;0.0;0.0
82;2021-01-05;86;0;88;0;0.0;0.0
82;2021-01-06;1;0;89;0;0.0;0.0
82;2021-01-07;75;0;164;0;0.1;0.0
82;2021-01-08;46;0;210;0;0.1;0.0
82;2021-01-09;77;0;287;0;0.1;0.0
82;2021-01-10;0;0;287;0;0.1;0.0
82;2021-01-11;94;0;381;0;0.1;0.0
82;2021-01-12;284;0;665;0;0.3;0.0
82;2021-01-13;336;1;1001;1;0.4;0.0
82;2021-01-14;441;4;1442;5;0.5;0.0
82;2021-01-15;612;2;2054;7;0.8;0.0
82;2021-01-16;229;3;2283;10;0.9;0.0
82;2021-01-17;89;0;2372;10;0.9;0.0
82;2021-01-18;433;2;2805;12;1.1;0.0
82;2021-01-19;479;1;3284;13;1.3;0.0
82;2021-01-20;663;1;3947;14;1.5;0.0
82;2021-01-21;446;1;4393;15;1.7;0.0
82;2021-01-22;482;2;4875;17;1.9;0.0
82;2021-01-23;151;0;5026;17;1.9;0.0
82;2021-01-24;0;0;5026;17;1.9;0.0
82;2021-01-25;376;0;5402;17;2.1;0.0
82;2021-01-26;468;0;5870;17;2.2;0.0
82;2021-01-27;519;1;6389;18;2.4;0.0
82;2021-01-28;585;34;6974;52;2.7;0.0
82;2021-01-29;405;108;7379;160;2.8;0.1
82;2021-01-30;44;22;7423;182;2.8;0.1
82;2021-01-31;0;0;7423;182;2.8;0.1
82;2021-02-01;292;55;7715;237;2.9;0.1
82;2021-02-02;344;100;8059;337;3.1;0.1
82;2021-02-03;462;66;8521;403;3.2;0.2
82;2021-02-04;763;219;9284;622;3.5;0.2
82;2021-02-05;478;148;9762;770;3.7;0.3
82;2021-02-06;93;39;9855;809;3.8;0.3
82;2021-02-07;29;79;9884;888;3.8;0.3
82;2021-02-08;149;227;10033;1115;3.8;0.4
82;2021-02-09;238;393;10271;1508;3.9;0.6
82;2021-02-10;271;602;10542;2110;4.0;0.8
82;2021-02-11;224;402;10766;2512;4.1;1.0
82;2021-02-12;190;610;10956;3122;4.2;1.2
82;2021-02-13;59;118;11015;3240;4.2;1.2
82;2021-02-14;4;81;11019;3321;4.2;1.3
82;2021-02-15;217;305;11236;3626;4.3;1.4
82;2021-02-16;280;392;11516;4018;4.4;1.5
82;2021-02-17;358;519;11874;4537;4.5;1.7
82;2021-02-18;507;508;12381;5045;4.7;1.9
82;2021-02-19;489;543;12870;5588;4.9;2.1
82;2021-02-20;78;139;12948;5727;4.9;2.2
82;2021-02-21;0;0;12948;5727;4.9;2.2
82;2021-02-22;198;407;13146;6134;5.0;2.3
82;2021-02-23;276;469;13422;6603;5.1;2.5
82;2021-02-24;283;458;13705;7061;5.2;2.7
82;2021-02-25;637;508;14342;7569;5.5;2.9
82;2021-02-26;648;397;14990;7966;5.7;3.0
82;2021-02-27;214;73;15204;8039;5.8;3.1
82;2021-02-28;30;7;15234;8046;5.8;3.1
82;2021-03-01;291;229;15525;8275;5.9;3.2
82;2021-03-02;495;401;16020;8676;6.1;3.3
82;2021-03-03;441;386;16461;9062;6.3;3.5
82;2021-03-04;600;300;17061;9362;6.5;3.6
82;2021-03-05;680;380;17741;9742;6.8;3.7
82;2021-03-06;687;41;18428;9783;7.0;3.7
82;2021-03-07;300;3;18728;9786;7.1;3.7
82;2021-03-08;603;155;19331;9941;7.4;3.8
82;2021-03-09;582;258;19913;10199;7.6;3.9
82;2021-03-10;778;246;20691;10445;7.9;4.0
82;2021-03-11;970;281;21661;10726;8.2;4.1
82;2021-03-12;992;104;22653;10830;8.6;4.1
82;2021-03-13;564;53;23217;10883;8.8;4.1
82;2021-03-14;61;5;23278;10888;8.9;4.1
82;2021-03-15;485;327;23763;11215;9.0;4.3
82;2021-03-16;197;334;23960;11549;9.1;4.4
82;2021-03-17;191;296;24151;11845;9.2;4.5
82;2021-03-18;279;350;24430;12195;9.3;4.6
82;2021-03-19;533;312;24963;12507;9.5;4.8
82;2021-03-20;252;58;25215;12565;9.6;4.8
82;2021-03-21;23;0;25238;12565;9.6;4.8
82;2021-03-22;405;317;25643;12882;9.8;4.9
82;2021-03-23;602;311;26245;13193;10.0;5.0
82;2021-03-24;620;334;26865;13527;10.2;5.2
82;2021-03-25;928;244;27793;13771;10.6;5.2
82;2021-03-26;1215;268;29008;14039;11.0;5.3
82;2021-03-27;478;78;29486;14117;11.2;5.4
82;2021-03-28;136;2;29622;14119;11.3;5.4
82;2021-03-29;924;379;30546;14498;11.6;5.5
82;2021-03-30;1187;277;31733;14775;12.1;5.6
82;2021-03-31;1018;260;32751;15035;12.5;5.7
82;2021-04-01;1072;198;33823;15233;12.9;5.8
82;2021-04-02;1211;285;35034;15518;13.3;5.9
82;2021-04-03;715;130;35749;15648;13.6;6.0
82;2021-04-04;276;13;36025;15661;13.7;6.0
82;2021-04-05;388;19;36413;15680;13.9;6.0
82;2021-04-06;952;511;37365;16191;14.2;6.2
82;2021-04-07;1017;497;38382;16688;14.6;6.4
82;2021-04-08;1454;413;39836;17101;15.2;6.5
82;2021-04-09;1655;468;41491;17569;15.8;6.7
82;2021-04-10;1711;98;43202;17667;16.5;6.7
82;2021-04-11;559;17;43761;17684;16.7;6.7
82;2021-04-12;1348;290;45109;17974;17.2;6.8
82;2021-04-13;1625;264;46734;18238;17.8;6.9
82;2021-04-14;1408;296;48142;18534;18.3;7.1
82;2021-04-15;1780;320;49922;18854;19.0;7.2
82;2021-04-16;1541;330;51463;19184;19.6;7.3
82;2021-04-17;1243;68;52706;19252;20.1;7.3
82;2021-04-18;560;14;53266;19266;20.3;7.3
82;2021-04-19;959;359;54225;19625;20.6;7.5
82;2021-04-20;1268;401;55493;20026;21.1;7.6
82;2021-04-21;1218;375;56711;20401;21.6;7.8
82;2021-04-22;1449;293;58160;20694;22.1;7.9
82;2021-04-23;1075;680;59235;21374;22.6;8.1
82;2021-04-24;1185;263;60420;21637;23.0;8.2
82;2021-04-25;736;48;61156;21685;23.3;8.3
82;2021-04-26;748;808;61904;22493;23.6;8.6
82;2021-04-27;905;924;62809;23417;23.9;8.9
82;2021-04-28;921;870;63730;24287;24.3;9.2
82;2021-04-29;1106;906;64836;25193;24.7;9.6
82;2021-04-30;1040;889;65876;26082;25.1;9.9
82;2021-05-01;1140;257;67016;26339;25.5;10.0
82;2021-05-02;697;145;67713;26484;25.8;10.1
82;2021-05-03;410;1215;68123;27699;25.9;10.5
82;2021-05-04;864;1170;68987;28869;26.3;11.0
82;2021-05-05;568;1172;69555;30041;26.5;11.4
82;2021-05-06;851;1419;70406;31460;26.8;12.0
82;2021-05-07;734;1453;71140;32913;27.1;12.5
82;2021-05-08;934;520;72074;33433;27.4;12.7
82;2021-05-09;753;580;72827;34013;27.7;13.0
82;2021-05-10;850;1365;73677;35378;28.1;13.5
82;2021-05-11;1158;1350;74835;36728;28.5;14.0
82;2021-05-12;1016;1345;75851;38073;28.9;14.5
82;2021-05-13;1455;430;77306;38503;29.4;14.7
82;2021-05-14;1691;1239;78997;39742;30.1;15.1
82;2021-05-15;1934;693;80931;40435;30.8;15.4
82;2021-05-16;558;115;81489;40550;31.0;15.4
82;2021-05-17;1090;1173;82579;41723;31.4;15.9
82;2021-05-18;1466;1189;84045;42912;32.0;16.3
82;2021-05-19;1269;978;85314;43890;32.5;16.7
82;2021-05-20;1409;1159;86723;45049;33.0;17.2
82;2021-05-21;1411;1215;88134;46264;33.6;17.6
82;2021-05-22;2070;631;90204;46895;34.3;17.9
82;2021-05-23;704;117;90908;47012;34.6;17.9
82;2021-05-24;1441;262;92349;47274;35.2;18.0
82;2021-05-25;1445;963;93794;48237;35.7;18.4
82;2021-05-26;1414;922;95208;49159;36.3;18.7
82;2021-05-27;1461;1026;96669;50185;36.8;19.1
82;2021-05-28;1539;1145;98208;51330;37.4;19.5
82;2021-05-29;1496;546;99704;51876;38.0;19.8
82;2021-05-30;402;101;100106;51977;38.1;19.8
82;2021-05-31;1489;990;101595;52967;38.7;20.2
82;2021-06-01;1749;1052;103344;54019;39.4;20.6
82;2021-06-02;1473;1005;104817;55024;39.9;21.0
82;2021-06-03;1489;1181;106306;56205;40.5;21.4
82;2021-06-04;2249;1306;108555;57511;41.3;21.9
82;2021-06-05;2270;984;110825;58495;42.2;22.3
82;2021-06-06;328;134;111153;58629;42.3;22.3
82;2021-06-07;958;1274;112111;59903;42.7;22.8
82;2021-06-08;1446;1141;113557;61044;43.2;23.2
82;2021-06-09;1707;1141;115264;62185;43.9;23.7
82;2021-06-10;1440;1208;116704;63393;44.4;24.1
82;2021-06-11;1922;1123;118626;64516;45.2;24.6
82;2021-06-12;2394;1397;121020;65913;46.1;25.1
82;2021-06-13;377;113;121397;66026;46.2;25.1
82;2021-06-14;1210;1081;122607;67107;46.7;25.6
82;2021-06-15;1461;1243;124068;68350;47.2;26.0
82;2021-06-16;1750;1168;125818;69518;47.9;26.5
82;2021-06-17;1220;1474;127038;70992;48.4;27.0
82;2021-06-18;1469;1439;128507;72431;48.9;27.6
82;2021-06-19;2272;979;130779;73410;49.8;28.0
82;2021-06-20;268;174;131047;73584;49.9;28.0
82;2021-06-21;484;1361;131531;74945;50.1;28.5
82;2021-06-22;890;1706;132421;76651;50.4;29.2
82;2021-06-23;1233;1588;133654;78239;50.9;29.8
82;2021-06-24;755;1903;134409;80142;51.2;30.5
82;2021-06-25;739;1940;135148;82082;51.5;31.3
82;2021-06-26;1239;2149;136387;84231;51.9;32.1
82;2021-06-27;195;438;136582;84669;52.0;32.2
82;2021-06-28;330;1412;136912;86081;52.1;32.8
82;2021-06-29;516;1842;137428;87923;52.3;33.5
82;2021-06-30;947;1908;138375;89831;52.7;34.2
82;2021-07-01;652;1633;139027;91464;52.9;34.8
82;2021-07-02;929;2301;139956;93765;53.3;35.7
82;2021-07-03;858;2337;140814;96102;53.6;36.6
82;2021-07-04;120;439;140934;96541;53.7;36.8
82;2021-07-05;438;1565;141372;98106;53.8;37.4
82;2021-07-06;511;1868;141883;99974;54.0;38.1
82;2021-07-07;788;1774;142671;101748;54.3;38.7
82;2021-07-08;503;1499;143174;103247;54.5;39.3
82;2021-07-09;780;2151;143954;105398;54.8;40.1
82;2021-07-10;704;2219;144658;107617;55.1;41.0
82;2021-07-11;38;382;144696;107999;55.1;41.1
82;2021-07-12;577;1886;145273;109885;55.3;41.8
82;2021-07-13;708;2003;145981;111888;55.6;42.6
82;2021-07-14;616;739;146597;112627;55.8;42.9
82;2021-07-15;850;1750;147447;114377;56.1;43.6
82;2021-07-16;1434;2631;148881;117008;56.7;44.6
82;2021-07-17;559;2194;149440;119202;56.9;45.4
82;2021-07-18;14;41;149454;119243;56.9;45.4
82;2021-07-19;726;2070;150180;121313;57.2;46.2
82;2021-07-20;917;1884;151097;123197;57.5;46.9
82;2021-07-21;1282;1757;152379;124954;58.0;47.6
82;2021-07-22;1071;1762;153450;126716;58.4;48.3
82;2021-07-23;1049;2981;154499;129697;58.8;49.4
82;2021-07-24;1096;1473;155595;131170;59.2;49.9
82;2021-07-25;301;71;155896;131241;59.4;50.0
82;2021-07-26;946;1897;156842;133138;59.7;50.7
82;2021-07-27;1277;1636;158119;134774;60.2;51.3
82;2021-07-28;1464;1495;159583;136269;60.8;51.9
82;2021-07-29;1308;1522;160891;137791;61.3;52.5
82;2021-07-30;1503;2461;162394;140252;61.8;53.4
82;2021-07-31;443;288;162837;140540;62.0;53.5
82;2021-08-01;269;50;163106;140590;62.1;53.5
83;2020-12-27;1;0;1;0;0.0;0.0
83;2020-12-28;0;0;1;0;0.0;0.0
83;2020-12-29;0;0;1;0;0.0;0.0
83;2020-12-30;1;0;2;0;0.0;0.0
83;2020-12-31;0;0;2;0;0.0;0.0
83;2021-01-01;1;0;3;0;0.0;0.0
83;2021-01-02;0;0;3;0;0.0;0.0
83;2021-01-03;0;0;3;0;0.0;0.0
83;2021-01-04;1;0;4;0;0.0;0.0
83;2021-01-05;2;0;6;0;0.0;0.0
83;2021-01-06;69;0;75;0;0.0;0.0
83;2021-01-07;324;1;399;1;0.0;0.0
83;2021-01-08;410;0;809;1;0.1;0.0
83;2021-01-09;48;0;857;1;0.1;0.0
83;2021-01-10;1;0;858;1;0.1;0.0
83;2021-01-11;475;0;1333;1;0.1;0.0
83;2021-01-12;975;2;2308;3;0.2;0.0
83;2021-01-13;961;7;3269;10;0.3;0.0
83;2021-01-14;837;6;4106;16;0.4;0.0
83;2021-01-15;702;1;4808;17;0.4;0.0
83;2021-01-16;41;1;4849;18;0.5;0.0
83;2021-01-17;1;0;4850;18;0.5;0.0
83;2021-01-18;1218;3;6068;21;0.6;0.0
83;2021-01-19;2015;6;8083;27;0.8;0.0
83;2021-01-20;1655;10;9738;37;0.9;0.0
83;2021-01-21;2099;7;11837;44;1.1;0.0
83;2021-01-22;1653;5;13490;49;1.3;0.0
83;2021-01-23;243;0;13733;49;1.3;0.0
83;2021-01-24;21;1;13754;50;1.3;0.0
83;2021-01-25;1551;6;15305;56;1.4;0.0
83;2021-01-26;1747;15;17052;71;1.6;0.0
83;2021-01-27;2152;80;19204;151;1.8;0.0
83;2021-01-28;5077;357;24281;508;2.3;0.0
83;2021-01-29;2946;350;27227;858;2.5;0.1
83;2021-01-30;233;46;27460;904;2.6;0.1
83;2021-01-31;46;0;27506;904;2.6;0.1
83;2021-02-01;1277;422;28783;1326;2.7;0.1
83;2021-02-02;1434;729;30217;2055;2.8;0.2
83;2021-02-03;1521;638;31738;2693;3.0;0.3
83;2021-02-04;1483;749;33221;3442;3.1;0.3
83;2021-02-05;1217;682;34438;4124;3.2;0.4
83;2021-02-06;21;14;34459;4138;3.2;0.4
83;2021-02-07;1;0;34460;4138;3.2;0.4
83;2021-02-08;1086;631;35546;4769;3.3;0.4
83;2021-02-09;1324;914;36870;5683;3.4;0.5
83;2021-02-10;1526;806;38396;6489;3.6;0.6
83;2021-02-11;1603;1022;39999;7511;3.7;0.7
83;2021-02-12;1343;827;41342;8338;3.8;0.8
83;2021-02-13;52;25;41394;8363;3.9;0.8
83;2021-02-14;0;0;41394;8363;3.9;0.8
83;2021-02-15;666;1057;42060;9420;3.9;0.9
83;2021-02-16;542;1379;42602;10799;4.0;1.0
83;2021-02-17;803;1842;43405;12641;4.0;1.2
83;2021-02-18;1619;3870;45024;16511;4.2;1.5
83;2021-02-19;1473;2338;46497;18849;4.3;1.8
83;2021-02-20;62;170;46559;19019;4.3;1.8
83;2021-02-21;24;35;46583;19054;4.3;1.8
83;2021-02-22;500;1758;47083;20812;4.4;1.9
83;2021-02-23;670;1448;47753;22260;4.4;2.1
83;2021-02-24;720;1490;48473;23750;4.5;2.2
83;2021-02-25;1246;1412;49719;25162;4.6;2.3
83;2021-02-26;1298;1259;51017;26421;4.8;2.5
83;2021-02-27;551;55;51568;26476;4.8;2.5
83;2021-02-28;8;13;51576;26489;4.8;2.5
83;2021-03-01;806;1242;52382;27731;4.9;2.6
83;2021-03-02;985;1310;53367;29041;5.0;2.7
83;2021-03-03;1431;1529;54798;30570;5.1;2.8
83;2021-03-04;1885;1379;56683;31949;5.3;3.0
83;2021-03-05;2214;1234;58897;33183;5.5;3.1
83;2021-03-06;3001;107;61898;33290;5.8;3.1
83;2021-03-07;2224;32;64122;33322;6.0;3.1
83;2021-03-08;847;1319;64969;34641;6.1;3.2
83;2021-03-09;1925;1224;66894;35865;6.2;3.3
83;2021-03-10;2370;1355;69264;37220;6.5;3.5
83;2021-03-11;3666;2203;72930;39423;6.8;3.7
83;2021-03-12;3638;1504;76568;40927;7.1;3.8
83;2021-03-13;4590;172;81158;41099;7.6;3.8
83;2021-03-14;2325;44;83483;41143;7.8;3.8
83;2021-03-15;3335;664;86818;41807;8.1;3.9
83;2021-03-16;2597;695;89415;42502;8.3;4.0
83;2021-03-17;2844;780;92259;43282;8.6;4.0
83;2021-03-18;3549;795;95808;44077;8.9;4.1
83;2021-03-19;4170;577;99978;44654;9.3;4.2
83;2021-03-20;3470;61;103448;44715;9.6;4.2
83;2021-03-21;2010;27;105458;44742;9.8;4.2
83;2021-03-22;3958;886;109416;45628;10.2;4.2
83;2021-03-23;4741;585;114157;46213;10.6;4.3
83;2021-03-24;5037;708;119194;46921;11.1;4.4
83;2021-03-25;6528;832;125722;47753;11.7;4.4
83;2021-03-26;7170;737;132892;48490;12.4;4.5
83;2021-03-27;3965;383;136857;48873;12.7;4.6
83;2021-03-28;2184;26;139041;48899;12.9;4.6
83;2021-03-29;4548;757;143589;49656;13.4;4.6
83;2021-03-30;5953;926;149542;50582;13.9;4.7
83;2021-03-31;5549;1062;155091;51644;14.4;4.8
83;2021-04-01;5964;1243;161055;52887;15.0;4.9
83;2021-04-02;5754;1056;166809;53943;15.5;5.0
83;2021-04-03;1799;628;168608;54571;15.7;5.1
83;2021-04-04;853;345;169461;54916;15.8;5.1
83;2021-04-05;187;66;169648;54982;15.8;5.1
83;2021-04-06;4723;1375;174371;56357;16.2;5.2
83;2021-04-07;5827;1644;180198;58001;16.8;5.4
83;2021-04-08;7863;1976;188061;59977;17.5;5.6
83;2021-04-09;7582;2172;195643;62149;18.2;5.8
83;2021-04-10;2946;2643;198589;64792;18.5;6.0
83;2021-04-11;1722;2131;200311;66923;18.7;6.2
83;2021-04-12;4946;2859;205257;69782;19.1;6.5
83;2021-04-13;5403;2993;210660;72775;19.6;6.8
83;2021-04-14;5896;2936;216556;75711;20.2;7.1
83;2021-04-15;6768;3011;223324;78722;20.8;7.3
83;2021-04-16;6117;3496;229441;82218;21.4;7.7
83;2021-04-17;3506;2183;232947;84401;21.7;7.9
83;2021-04-18;2173;1295;235120;85696;21.9;8.0
83;2021-04-19;4103;3896;239223;89592;22.3;8.3
83;2021-04-20;4357;3865;243580;93457;22.7;8.7
83;2021-04-21;4300;4157;247880;97614;23.1;9.1
83;2021-04-22;5002;4291;252882;101905;23.5;9.5
83;2021-04-23;4516;4556;257398;106461;24.0;9.9
83;2021-04-24;2629;2710;260027;109171;24.2;10.2
83;2021-04-25;1927;1569;261954;110740;24.4;10.3
83;2021-04-26;3570;3847;265524;114587;24.7;10.7
83;2021-04-27;4131;4542;269655;119129;25.1;11.1
83;2021-04-28;4319;4367;273974;123496;25.5;11.5
83;2021-04-29;5811;5102;279785;128598;26.1;12.0
83;2021-04-30;5787;4298;285572;132896;26.6;12.4
83;2021-05-01;1693;425;287265;133321;26.8;12.4
83;2021-05-02;1237;752;288502;134073;26.9;12.5
83;2021-05-03;3750;4273;292252;138346;27.2;12.9
83;2021-05-04;3344;5097;295596;143443;27.5;13.4
83;2021-05-05;3637;4964;299233;148407;27.9;13.8
83;2021-05-06;4668;4941;303901;153348;28.3;14.3
83;2021-05-07;4170;5311;308071;158659;28.7;14.8
83;2021-05-08;2759;1003;310830;159662;28.9;14.9
83;2021-05-09;2149;1232;312979;160894;29.1;15.0
83;2021-05-10;3204;5418;316183;166312;29.4;15.5
83;2021-05-11;5117;5656;321300;171968;29.9;16.0
83;2021-05-12;6290;4844;327590;176812;30.5;16.5
83;2021-05-13;6577;1331;334167;178143;31.1;16.6
83;2021-05-14;7418;4107;341585;182250;31.8;17.0
83;2021-05-15;7752;2197;349337;184447;32.5;17.2
83;2021-05-16;6627;1243;355964;185690;33.1;17.3
83;2021-05-17;4894;4210;360858;189900;33.6;17.7
83;2021-05-18;5522;3851;366380;193751;34.1;18.0
83;2021-05-19;6203;3398;372583;197149;34.7;18.4
83;2021-05-20;6745;3782;379328;200931;35.3;18.7
83;2021-05-21;7906;3864;387234;204795;36.1;19.1
83;2021-05-22;6089;1715;393323;206510;36.6;19.2
83;2021-05-23;4682;702;398005;207212;37.1;19.3
83;2021-05-24;5810;969;403815;208181;37.6;19.4
83;2021-05-25;5509;4750;409324;212931;38.1;19.8
83;2021-05-26;4851;4430;414175;217361;38.6;20.2
83;2021-05-27;5069;5258;419244;222619;39.0;20.7
83;2021-05-28;4503;5764;423747;228383;39.5;21.3
83;2021-05-29;2703;4271;426450;232654;39.7;21.7
83;2021-05-30;1253;1374;427703;234028;39.8;21.8
83;2021-05-31;5488;4761;433191;238789;40.3;22.2
83;2021-06-01;5722;5298;438913;244087;40.9;22.7
83;2021-06-02;5245;4568;444158;248655;41.4;23.2
83;2021-06-03;5728;5119;449886;253774;41.9;23.6
83;2021-06-04;5440;6040;455326;259814;42.4;24.2
83;2021-06-05;3925;3190;459251;263004;42.8;24.5
83;2021-06-06;1928;1377;461179;264381;42.9;24.6
83;2021-06-07;3910;5085;465089;269466;43.3;25.1
83;2021-06-08;4164;4803;469253;274269;43.7;25.5
83;2021-06-09;4002;4700;473255;278969;44.1;26.0
83;2021-06-10;3989;4252;477244;283221;44.4;26.4
83;2021-06-11;3653;5441;480897;288662;44.8;26.9
83;2021-06-12;2904;2984;483801;291646;45.1;27.2
83;2021-06-13;994;1391;484795;293037;45.1;27.3
83;2021-06-14;2856;5657;487651;298694;45.4;27.8
83;2021-06-15;3159;4856;490810;303550;45.7;28.3
83;2021-06-16;2955;4505;493765;308055;46.0;28.7
83;2021-06-17;2757;5279;496522;313334;46.2;29.2
83;2021-06-18;3153;5959;499675;319293;46.5;29.7
83;2021-06-19;2316;4089;501991;323382;46.7;30.1
83;2021-06-20;670;1890;502661;325272;46.8;30.3
83;2021-06-21;2106;7582;504767;332854;47.0;31.0
83;2021-06-22;2095;7162;506862;340016;47.2;31.7
83;2021-06-23;1923;6926;508785;346942;47.4;32.3
83;2021-06-24;1941;7363;510726;354305;47.6;33.0
83;2021-06-25;2096;8394;512822;362699;47.8;33.8
83;2021-06-26;1462;6810;514284;369509;47.9;34.4
83;2021-06-27;687;3186;514971;372695;48.0;34.7
83;2021-06-28;1568;7887;516539;380582;48.1;35.4
83;2021-06-29;1887;7795;518426;388377;48.3;36.2
83;2021-06-30;2203;7258;520629;395635;48.5;36.8
83;2021-07-01;2527;6558;523156;402193;48.7;37.5
83;2021-07-02;2230;7788;525386;409981;48.9;38.2
83;2021-07-03;1495;5688;526881;415669;49.1;38.7
83;2021-07-04;564;2749;527445;418418;49.1;39.0
83;2021-07-05;1890;7537;529335;425955;49.3;39.7
83;2021-07-06;2548;5931;531883;431886;49.5;40.2
83;2021-07-07;2657;4662;534540;436548;49.8;40.7
83;2021-07-08;3217;4464;537757;441012;50.1;41.1
83;2021-07-09;3015;6959;540772;447971;50.4;41.7
83;2021-07-10;1557;4924;542329;452895;50.5;42.2
83;2021-07-11;989;1760;543318;454655;50.6;42.3
83;2021-07-12;2100;7675;545418;462330;50.8;43.1
83;2021-07-13;3977;7055;549395;469385;51.2;43.7
83;2021-07-14;2074;1302;551469;470687;51.4;43.8
83;2021-07-15;4511;6825;555980;477512;51.8;44.5
83;2021-07-16;5222;7098;561202;484610;52.3;45.1
83;2021-07-17;3573;4973;564775;489583;52.6;45.6
83;2021-07-18;1593;1302;566368;490885;52.7;45.7
83;2021-07-19;3923;6287;570291;497172;53.1;46.3
83;2021-07-20;5921;6128;576212;503300;53.7;46.9
83;2021-07-21;5968;5167;582180;508467;54.2;47.4
83;2021-07-22;6985;5485;589165;513952;54.9;47.9
83;2021-07-23;6987;5830;596152;519782;55.5;48.4
83;2021-07-24;4577;4515;600729;524297;55.9;48.8
83;2021-07-25;1313;724;602042;525021;56.1;48.9
83;2021-07-26;5469;4876;607511;529897;56.6;49.3
83;2021-07-27;6725;4838;614236;534735;57.2;49.8
83;2021-07-28;6528;4350;620764;539085;57.8;50.2
83;2021-07-29;7381;4734;628145;543819;58.5;50.6
83;2021-07-30;6821;4649;634966;548468;59.1;51.1
83;2021-07-31;4552;3138;639518;551606;59.6;51.4
83;2021-08-01;1024;825;640542;552431;59.6;51.4
84;2020-12-27;0;0;0;0;0.0;0.0
84;2020-12-28;0;0;0;0;0.0;0.0
84;2020-12-29;0;0;0;0;0.0;0.0
84;2020-12-30;0;0;0;0;0.0;0.0
84;2020-12-31;0;0;0;0;0.0;0.0
84;2021-01-01;0;0;0;0;0.0;0.0
84;2021-01-02;0;0;0;0;0.0;0.0
84;2021-01-03;0;0;0;0;0.0;0.0
84;2021-01-04;0;0;0;0;0.0;0.0
84;2021-01-05;0;0;0;0;0.0;0.0
84;2021-01-06;0;0;0;0;0.0;0.0
84;2021-01-07;69;0;69;0;0.0;0.0
84;2021-01-08;81;0;150;0;0.0;0.0
84;2021-01-09;30;0;180;0;0.0;0.0
84;2021-01-10;0;0;180;0;0.0;0.0
84;2021-01-11;219;0;399;0;0.1;0.0
84;2021-01-12;623;1;1022;1;0.2;0.0
84;2021-01-13;352;0;1374;1;0.2;0.0
84;2021-01-14;924;13;2298;14;0.4;0.0
84;2021-01-15;617;9;2915;23;0.5;0.0
84;2021-01-16;166;0;3081;23;0.5;0.0
84;2021-01-17;27;1;3108;24;0.6;0.0
84;2021-01-18;695;3;3803;27;0.7;0.0
84;2021-01-19;876;1;4679;28;0.8;0.0
84;2021-01-20;1016;3;5695;31;1.0;0.0
84;2021-01-21;1048;4;6743;35;1.2;0.0
84;2021-01-22;1132;0;7875;35;1.4;0.0
84;2021-01-23;248;0;8123;35;1.4;0.0
84;2021-01-24;3;0;8126;35;1.4;0.0
84;2021-01-25;804;0;8930;35;1.6;0.0
84;2021-01-26;937;5;9867;40;1.8;0.0
84;2021-01-27;1070;2;10937;42;1.9;0.0
84;2021-01-28;1622;18;12559;60;2.2;0.0
84;2021-01-29;1198;63;13757;123;2.5;0.0
84;2021-01-30;171;21;13928;144;2.5;0.0
84;2021-01-31;7;0;13935;144;2.5;0.0
84;2021-02-01;654;148;14589;292;2.6;0.1
84;2021-02-02;787;268;15376;560;2.7;0.1
84;2021-02-03;757;241;16133;801;2.9;0.1
84;2021-02-04;910;408;17043;1209;3.0;0.2
84;2021-02-05;725;420;17768;1629;3.2;0.3
84;2021-02-06;124;50;17892;1679;3.2;0.3
84;2021-02-07;0;0;17892;1679;3.2;0.3
84;2021-02-08;566;278;18458;1957;3.3;0.3
84;2021-02-09;690;718;19148;2675;3.4;0.5
84;2021-02-10;550;568;19698;3243;3.5;0.6
84;2021-02-11;548;588;20246;3831;3.6;0.7
84;2021-02-12;557;683;20803;4514;3.7;0.8
84;2021-02-13;46;171;20849;4685;3.7;0.8
84;2021-02-14;3;0;20852;4685;3.7;0.8
84;2021-02-15;207;892;21059;5577;3.8;1.0
84;2021-02-16;221;834;21280;6411;3.8;1.1
84;2021-02-17;446;781;21726;7192;3.9;1.3
84;2021-02-18;554;1107;22280;8299;4.0;1.5
84;2021-02-19;737;1189;23017;9488;4.1;1.7
84;2021-02-20;65;155;23082;9643;4.1;1.7
84;2021-02-21;3;37;23085;9680;4.1;1.7
84;2021-02-22;369;744;23454;10424;4.2;1.9
84;2021-02-23;268;707;23722;11131;4.2;2.0
84;2021-02-24;392;740;24114;11871;4.3;2.1
84;2021-02-25;711;845;24825;12716;4.4;2.3
84;2021-02-26;819;683;25644;13399;4.6;2.4
84;2021-02-27;133;126;25777;13525;4.6;2.4
84;2021-02-28;16;0;25793;13525;4.6;2.4
84;2021-03-01;455;672;26248;14197;4.7;2.5
84;2021-03-02;629;809;26877;15006;4.8;2.7
84;2021-03-03;821;959;27698;15965;4.9;2.8
84;2021-03-04;1089;708;28787;16673;5.1;3.0
84;2021-03-05;1308;516;30095;17189;5.4;3.1
84;2021-03-06;1460;61;31555;17250;5.6;3.1
84;2021-03-07;479;14;32034;17264;5.7;3.1
84;2021-03-08;811;605;32845;17869;5.9;3.2
84;2021-03-09;1382;786;34227;18655;6.1;3.3
84;2021-03-10;1471;663;35698;19318;6.4;3.4
84;2021-03-11;1982;639;37680;19957;6.7;3.6
84;2021-03-12;2077;628;39757;20585;7.1;3.7
84;2021-03-13;743;34;40500;20619;7.2;3.7
84;2021-03-14;247;53;40747;20672;7.3;3.7
84;2021-03-15;1067;310;41814;20982;7.5;3.7
84;2021-03-16;1179;336;42993;21318;7.7;3.8
84;2021-03-17;1141;451;44134;21769;7.9;3.9
84;2021-03-18;1453;416;45587;22185;8.1;4.0
84;2021-03-19;2173;474;47760;22659;8.5;4.0
84;2021-03-20;838;24;48598;22683;8.7;4.0
84;2021-03-21;148;9;48746;22692;8.7;4.0
84;2021-03-22;1153;457;49899;23149;8.9;4.1
84;2021-03-23;1907;458;51806;23607;9.2;4.2
84;2021-03-24;2177;393;53983;24000;9.6;4.3
84;2021-03-25;3649;392;57632;24392;10.3;4.3
84;2021-03-26;3313;474;60945;24866;10.9;4.4
84;2021-03-27;913;56;61858;24922;11.0;4.4
84;2021-03-28;71;2;61929;24924;11.0;4.4
84;2021-03-29;1715;525;63644;25449;11.3;4.5
84;2021-03-30;2664;677;66308;26126;11.8;4.7
84;2021-03-31;2397;641;68705;26767;12.2;4.8
84;2021-04-01;3015;561;71720;27328;12.8;4.9
84;2021-04-02;2450;523;74170;27851;13.2;5.0
84;2021-04-03;507;28;74677;27879;13.3;5.0
84;2021-04-04;10;0;74687;27879;13.3;5.0
84;2021-04-05;809;98;75496;27977;13.5;5.0
84;2021-04-06;2139;834;77635;28811;13.8;5.1
84;2021-04-07;2401;858;80036;29669;14.3;5.3
84;2021-04-08;3647;1024;83683;30693;14.9;5.5
84;2021-04-09;4111;936;87794;31629;15.6;5.6
84;2021-04-10;1304;127;89098;31756;15.9;5.7
84;2021-04-11;37;12;89135;31768;15.9;5.7
84;2021-04-12;2088;804;91223;32572;16.3;5.8
84;2021-04-13;2940;1366;94163;33938;16.8;6.0
84;2021-04-14;2809;1349;96972;35287;17.3;6.3
84;2021-04-15;3269;1405;100241;36692;17.9;6.5
84;2021-04-16;3427;1542;103668;38234;18.5;6.8
84;2021-04-17;1664;192;105332;38426;18.8;6.8
84;2021-04-18;33;0;105365;38426;18.8;6.8
84;2021-04-19;2502;914;107867;39340;19.2;7.0
84;2021-04-20;2626;1522;110493;40862;19.7;7.3
84;2021-04-21;2649;1486;113142;42348;20.2;7.5
84;2021-04-22;3009;1731;116151;44079;20.7;7.9
84;2021-04-23;3030;1890;119181;45969;21.2;8.2
84;2021-04-24;1530;286;120711;46255;21.5;8.2
84;2021-04-25;27;2;120738;46257;21.5;8.2
84;2021-04-26;2178;1361;122916;47618;21.9;8.5
84;2021-04-27;2552;1982;125468;49600;22.4;8.8
84;2021-04-28;2817;1839;128285;51439;22.9;9.2
84;2021-04-29;3419;2024;131704;53463;23.5;9.5
84;2021-04-30;3132;2411;134836;55874;24.0;10.0
84;2021-05-01;454;260;135290;56134;24.1;10.0
84;2021-05-02;1;0;135291;56134;24.1;10.0
84;2021-05-03;2164;1628;137455;57762;24.5;10.3
84;2021-05-04;2490;2527;139945;60289;24.9;10.7
84;2021-05-05;2348;2213;142293;62502;25.4;11.1
84;2021-05-06;3224;2249;145517;64751;25.9;11.5
84;2021-05-07;2764;2561;148281;67312;26.4;12.0
84;2021-05-08;1156;527;149437;67839;26.6;12.1
84;2021-05-09;5;52;149442;67891;26.6;12.1
84;2021-05-10;2154;2458;151596;70349;27.0;12.5
84;2021-05-11;2908;3162;154504;73511;27.5;13.1
84;2021-05-12;2848;2914;157352;76425;28.0;13.6
84;2021-05-13;2159;842;159511;77267;28.4;13.8
84;2021-05-14;2726;2030;162237;79297;28.9;14.1
84;2021-05-15;2001;982;164238;80279;29.3;14.3
84;2021-05-16;1340;183;165578;80462;29.5;14.3
84;2021-05-17;2221;2153;167799;82615;29.9;14.7
84;2021-05-18;2903;2101;170702;84716;30.4;15.1
84;2021-05-19;3231;1664;173933;86380;31.0;15.4
84;2021-05-20;3696;2201;177629;88581;31.7;15.8
84;2021-05-21;3468;2328;181097;90909;32.3;16.2
84;2021-05-22;1583;675;182680;91584;32.6;16.3
84;2021-05-23;4;9;182684;91593;32.6;16.3
84;2021-05-24;1838;425;184522;92018;32.9;16.4
84;2021-05-25;2985;2181;187507;94199;33.4;16.8
84;2021-05-26;3074;2085;190581;96284;34.0;17.2
84;2021-05-27;3855;2320;194436;98604;34.7;17.6
84;2021-05-28;3183;3301;197619;101905;35.2;18.2
84;2021-05-29;1090;1650;198709;103555;35.4;18.5
84;2021-05-30;7;85;198716;103640;35.4;18.5
84;2021-05-31;2191;2633;200907;106273;35.8;18.9
84;2021-06-01;3143;3159;204050;109432;36.4;19.5
84;2021-06-02;3171;2615;207221;112047;36.9;20.0
84;2021-06-03;4108;2979;211329;115026;37.7;20.5
84;2021-06-04;3612;3036;214941;118062;38.3;21.0
84;2021-06-05;1783;1495;216724;119557;38.6;21.3
84;2021-06-06;987;205;217711;119762;38.8;21.3
84;2021-06-07;2451;2747;220162;122509;39.2;21.8
84;2021-06-08;3320;3049;223482;125558;39.8;22.4
84;2021-06-09;3021;2675;226503;128233;40.4;22.9
84;2021-06-10;3505;2783;230008;131016;41.0;23.4
84;2021-06-11;3019;3057;233027;134073;41.5;23.9
84;2021-06-12;1963;1313;234990;135386;41.9;24.1
84;2021-06-13;413;212;235403;135598;42.0;24.2
84;2021-06-14;1929;3159;237332;138757;42.3;24.7
84;2021-06-15;2572;3449;239904;142206;42.8;25.3
84;2021-06-16;2523;2940;242427;145146;43.2;25.9
84;2021-06-17;2991;3448;245418;148594;43.7;26.5
84;2021-06-18;2423;3544;247841;152138;44.2;27.1
84;2021-06-19;1288;1543;249129;153681;44.4;27.4
84;2021-06-20;548;353;249677;154034;44.5;27.5
84;2021-06-21;1569;3129;251246;157163;44.8;28.0
84;2021-06-22;2164;4009;253410;161172;45.2;28.7
84;2021-06-23;2110;3281;255520;164453;45.5;29.3
84;2021-06-24;2193;3471;257713;167924;45.9;29.9
84;2021-06-25;1835;3862;259548;171786;46.3;30.6
84;2021-06-26;1129;1790;260677;173576;46.5;30.9
84;2021-06-27;295;345;260972;173921;46.5;31.0
84;2021-06-28;1205;3217;262177;177138;46.7;31.6
84;2021-06-29;1464;4044;263641;181182;47.0;32.3
84;2021-06-30;1707;3957;265348;185139;47.3;33.0
84;2021-07-01;1789;3939;267137;189078;47.6;33.7
84;2021-07-02;1742;3896;268879;192974;47.9;34.4
84;2021-07-03;1097;2031;269976;195005;48.1;34.8
84;2021-07-04;388;413;270364;195418;48.2;34.8
84;2021-07-05;1433;3546;271797;198964;48.4;35.5
84;2021-07-06;1579;4169;273376;203133;48.7;36.2
84;2021-07-07;1638;3104;275014;206237;49.0;36.8
84;2021-07-08;2101;3749;277115;209986;49.4;37.4
84;2021-07-09;1807;3972;278922;213958;49.7;38.1
84;2021-07-10;1236;2155;280158;216113;49.9;38.5
84;2021-07-11;331;305;280489;216418;50.0;38.6
84;2021-07-12;1370;3839;281859;220257;50.2;39.3
84;2021-07-13;2310;5002;284169;225259;50.7;40.2
84;2021-07-14;1864;1236;286033;226495;51.0;40.4
84;2021-07-15;2592;4543;288625;231038;51.4;41.2
84;2021-07-16;2755;4590;291380;235628;51.9;42.0
84;2021-07-17;1571;2432;292951;238060;52.2;42.4
84;2021-07-18;1007;540;293958;238600;52.4;42.5
84;2021-07-19;2389;3733;296347;242333;52.8;43.2
84;2021-07-20;2923;4145;299270;246478;53.3;43.9
84;2021-07-21;3157;3638;302427;250116;53.9;44.6
84;2021-07-22;3755;3765;306182;253881;54.6;45.3
84;2021-07-23;3493;3663;309675;257544;55.2;45.9
84;2021-07-24;1450;2246;311125;259790;55.5;46.3
84;2021-07-25;1033;506;312158;260296;55.6;46.4
84;2021-07-26;2708;3007;314866;263303;56.1;46.9
84;2021-07-27;3413;3543;318279;266846;56.7;47.6
84;2021-07-28;3827;3287;322106;270133;57.4;48.2
84;2021-07-29;4166;3114;326272;273247;58.2;48.7
84;2021-07-30;3765;3256;330037;276503;58.8;49.3
84;2021-07-31;1986;1659;332023;278162;59.2;49.6
84;2021-08-01;796;413;332819;278575;59.3;49.7
85;2020-12-27;1;0;1;0;0.0;0.0
85;2020-12-28;0;0;1;0;0.0;0.0
85;2020-12-29;0;0;1;0;0.0;0.0
85;2020-12-30;0;0;1;0;0.0;0.0
85;2020-12-31;0;0;1;0;0.0;0.0
85;2021-01-01;0;0;1;0;0.0;0.0
85;2021-01-02;0;0;1;0;0.0;0.0
85;2021-01-03;1;0;2;0;0.0;0.0
85;2021-01-04;25;0;27;0;0.0;0.0
85;2021-01-05;62;0;89;0;0.0;0.0
85;2021-01-06;107;1;196;1;0.0;0.0
85;2021-01-07;203;0;399;1;0.1;0.0
85;2021-01-08;291;1;690;2;0.1;0.0
85;2021-01-09;288;2;978;4;0.1;0.0
85;2021-01-10;59;0;1037;4;0.2;0.0
85;2021-01-11;453;0;1490;4;0.2;0.0
85;2021-01-12;586;2;2076;6;0.3;0.0
85;2021-01-13;544;1;2620;7;0.4;0.0
85;2021-01-14;679;3;3299;10;0.5;0.0
85;2021-01-15;437;3;3736;13;0.5;0.0
85;2021-01-16;264;3;4000;16;0.6;0.0
85;2021-01-17;37;0;4037;16;0.6;0.0
85;2021-01-18;997;2;5034;18;0.7;0.0
85;2021-01-19;1427;16;6461;34;0.9;0.0
85;2021-01-20;1873;2;8334;36;1.2;0.0
85;2021-01-21;3220;6;11554;42;1.7;0.0
85;2021-01-22;1695;17;13249;59;1.9;0.0
85;2021-01-23;466;2;13715;61;2.0;0.0
85;2021-01-24;49;0;13764;61;2.0;0.0
85;2021-01-25;577;1;14341;62;2.1;0.0
85;2021-01-26;875;34;15216;96;2.2;0.0
85;2021-01-27;1788;32;17004;128;2.5;0.0
85;2021-01-28;1630;37;18634;165;2.7;0.0
85;2021-01-29;873;63;19507;228;2.9;0.0
85;2021-01-30;148;5;19655;233;2.9;0.0
85;2021-01-31;2;48;19657;281;2.9;0.0
85;2021-02-01;479;103;20136;384;2.9;0.1
85;2021-02-02;537;176;20673;560;3.0;0.1
85;2021-02-03;413;261;21086;821;3.1;0.1
85;2021-02-04;621;267;21707;1088;3.2;0.2
85;2021-02-05;624;265;22331;1353;3.3;0.2
85;2021-02-06;153;246;22484;1599;3.3;0.2
85;2021-02-07;1;0;22485;1599;3.3;0.2
85;2021-02-08;387;655;22872;2254;3.3;0.3
85;2021-02-09;661;1061;23533;3315;3.4;0.5
85;2021-02-10;583;1131;24116;4446;3.5;0.7
85;2021-02-11;1543;3041;25659;7487;3.8;1.1
85;2021-02-12;1012;1260;26671;8747;3.9;1.3
85;2021-02-13;250;506;26921;9253;3.9;1.4
85;2021-02-14;2;133;26923;9386;3.9;1.4
85;2021-02-15;335;814;27258;10200;4.0;1.5
85;2021-02-16;570;1190;27828;11390;4.1;1.7
85;2021-02-17;783;1570;28611;12960;4.2;1.9
85;2021-02-18;1277;1932;29888;14892;4.4;2.2
85;2021-02-19;953;1206;30841;16098;4.5;2.4
85;2021-02-20;173;263;31014;16361;4.5;2.4
85;2021-02-21;1;11;31015;16372;4.5;2.4
85;2021-02-22;813;886;31828;17258;4.7;2.5
85;2021-02-23;829;486;32657;17744;4.8;2.6
85;2021-02-24;756;313;33413;18057;4.9;2.6
85;2021-02-25;1337;394;34750;18451;5.1;2.7
85;2021-02-26;1227;328;35977;18779;5.3;2.7
85;2021-02-27;400;99;36377;18878;5.3;2.8
85;2021-02-28;7;1;36384;18879;5.3;2.8
85;2021-03-01;761;430;37145;19309;5.4;2.8
85;2021-03-02;1100;789;38245;20098;5.6;2.9
85;2021-03-03;843;514;39088;20612;5.7;3.0
85;2021-03-04;1574;1171;40662;21783;6.0;3.2
85;2021-03-05;1736;846;42398;22629;6.2;3.3
85;2021-03-06;1227;128;43625;22757;6.4;3.3
85;2021-03-07;332;34;43957;22791;6.4;3.3
85;2021-03-08;1739;459;45696;23250;6.7;3.4
85;2021-03-09;2241;569;47937;23819;7.0;3.5
85;2021-03-10;1860;647;49797;24466;7.3;3.6
85;2021-03-11;3118;1082;52915;25548;7.7;3.7
85;2021-03-12;2727;864;55642;26412;8.1;3.9
85;2021-03-13;1370;159;57012;26571;8.3;3.9
85;2021-03-14;178;0;57190;26571;8.4;3.9
85;2021-03-15;1918;514;59108;27085;8.7;4.0
85;2021-03-16;1626;516;60734;27601;8.9;4.0
85;2021-03-17;980;522;61714;28123;9.0;4.1
85;2021-03-18;1899;457;63613;28580;9.3;4.2
85;2021-03-19;2201;370;65814;28950;9.6;4.2
85;2021-03-20;1066;176;66880;29126;9.8;4.3
85;2021-03-21;269;5;67149;29131;9.8;4.3
85;2021-03-22;1759;558;68908;29689;10.1;4.3
85;2021-03-23;2414;730;71322;30419;10.4;4.5
85;2021-03-24;2207;527;73529;30946;10.8;4.5
85;2021-03-25;3646;585;77175;31531;11.3;4.6
85;2021-03-26;3358;644;80533;32175;11.8;4.7
85;2021-03-27;1725;121;82258;32296;12.0;4.7
85;2021-03-28;539;3;82797;32299;12.1;4.7
85;2021-03-29;2412;756;85209;33055;12.5;4.8
85;2021-03-30;2862;1019;88071;34074;12.9;5.0
85;2021-03-31;2196;667;90267;34741;13.2;5.1
85;2021-04-01;3870;906;94137;35647;13.8;5.2
85;2021-04-02;2704;1091;96841;36738;14.2;5.4
85;2021-04-03;1409;320;98250;37058;14.4;5.4
85;2021-04-04;323;27;98573;37085;14.4;5.4
85;2021-04-05;104;176;98677;37261;14.4;5.5
85;2021-04-06;2201;1597;100878;38858;14.8;5.7
85;2021-04-07;3092;1185;103970;40043;15.2;5.9
85;2021-04-08;4526;1596;108496;41639;15.9;6.1
85;2021-04-09;4599;1222;113095;42861;16.6;6.3
85;2021-04-10;1866;397;114961;43258;16.8;6.3
85;2021-04-11;26;10;114987;43268;16.8;6.3
85;2021-04-12;4286;1480;119273;44748;17.5;6.5
85;2021-04-13;4830;1869;124103;46617;18.2;6.8
85;2021-04-14;3957;1006;128060;47623;18.7;7.0
85;2021-04-15;5513;1732;133573;49355;19.6;7.2
85;2021-04-16;5240;1532;138813;50887;20.3;7.4
85;2021-04-17;1383;436;140196;51323;20.5;7.5
85;2021-04-18;349;9;140545;51332;20.6;7.5
85;2021-04-19;3363;1699;143908;53031;21.1;7.8
85;2021-04-20;3697;1920;147605;54951;21.6;8.0
85;2021-04-21;2688;1693;150293;56644;22.0;8.3
85;2021-04-22;3805;2228;154098;58872;22.6;8.6
85;2021-04-23;3902;2079;158000;60951;23.1;8.9
85;2021-04-24;1659;1530;159659;62481;23.4;9.1
85;2021-04-25;980;560;160639;63041;23.5;9.2
85;2021-04-26;3589;2349;164228;65390;24.0;9.6
85;2021-04-27;4392;2158;168620;67548;24.7;9.9
85;2021-04-28;5744;1248;174364;68796;25.5;10.1
85;2021-04-29;5632;1998;179996;70794;26.3;10.4
85;2021-04-30;5574;1665;185570;72459;27.2;10.6
85;2021-05-01;1735;636;187305;73095;27.4;10.7
85;2021-05-02;873;470;188178;73565;27.5;10.8
85;2021-05-03;3492;2379;191670;75944;28.1;11.1
85;2021-05-04;3488;3084;195158;79028;28.6;11.6
85;2021-05-05;4532;2165;199690;81193;29.2;11.9
85;2021-05-06;4920;2588;204610;83781;29.9;12.3
85;2021-05-07;3928;3859;208538;87640;30.5;12.8
85;2021-05-08;2245;229;210783;87869;30.9;12.9
85;2021-05-09;1508;181;212291;88050;31.1;12.9
85;2021-05-10;3207;4929;215498;92979;31.5;13.6
85;2021-05-11;4025;4972;219523;97951;32.1;14.3
85;2021-05-12;5017;3928;224540;101879;32.9;14.9
85;2021-05-13;5141;611;229681;102490;33.6;15.0
85;2021-05-14;4355;3167;234036;105657;34.3;15.5
85;2021-05-15;2324;775;236360;106432;34.6;15.6
85;2021-05-16;2213;162;238573;106594;34.9;15.6
85;2021-05-17;4146;3378;242719;109972;35.5;16.1
85;2021-05-18;5216;2859;247935;112831;36.3;16.5
85;2021-05-19;6491;1762;254426;114593;37.2;16.8
85;2021-05-20;6773;2170;261199;116763;38.2;17.1
85;2021-05-21;5498;2746;266697;119509;39.0;17.5
85;2021-05-22;2582;752;269279;120261;39.4;17.6
85;2021-05-23;1330;160;270609;120421;39.6;17.6
85;2021-05-24;4572;432;275181;120853;40.3;17.7
85;2021-05-25;4517;3564;279698;124417;40.9;18.2
85;2021-05-26;4943;2677;284641;127094;41.7;18.6
85;2021-05-27;4960;3689;289601;130783;42.4;19.1
85;2021-05-28;5252;4069;294853;134852;43.2;19.7
85;2021-05-29;3958;1527;298811;136379;43.7;20.0
85;2021-05-30;1291;127;300102;136506;43.9;20.0
85;2021-05-31;4688;3380;304790;139886;44.6;20.5
85;2021-06-01;5399;3400;310189;143286;45.4;21.0
85;2021-06-02;5552;2522;315741;145808;46.2;21.3
85;2021-06-03;5915;3235;321656;149043;47.1;21.8
85;2021-06-04;5836;3818;327492;152861;47.9;22.4
85;2021-06-05;2851;1937;330343;154798;48.4;22.7
85;2021-06-06;1510;803;331853;155601;48.6;22.8
85;2021-06-07;3233;4857;335086;160458;49.0;23.5
85;2021-06-08;4086;4521;339172;164979;49.6;24.1
85;2021-06-09;4841;3512;344013;168491;50.4;24.7
85;2021-06-10;5195;3699;349208;172190;51.1;25.2
85;2021-06-11;4503;4661;353711;176851;51.8;25.9
85;2021-06-12;1488;1797;355199;178648;52.0;26.1
85;2021-06-13;1220;672;356419;179320;52.2;26.2
85;2021-06-14;2680;5091;359099;184411;52.6;27.0
85;2021-06-15;3714;4932;362813;189343;53.1;27.7
85;2021-06-16;4082;3905;366895;193248;53.7;28.3
85;2021-06-17;3939;3897;370834;197145;54.3;28.9
85;2021-06-18;3624;5676;374458;202821;54.8;29.7
85;2021-06-19;1213;2029;375671;204850;55.0;30.0
85;2021-06-20;137;520;375808;205370;55.0;30.1
85;2021-06-21;2375;5809;378183;211179;55.4;30.9
85;2021-06-22;2840;5728;381023;216907;55.8;31.7
85;2021-06-23;3388;4489;384411;221396;56.3;32.4
85;2021-06-24;3638;4555;388049;225951;56.8;33.1
85;2021-06-25;2286;6175;390335;232126;57.1;34.0
85;2021-06-26;789;3763;391124;235889;57.2;34.5
85;2021-06-27;125;1371;391249;237260;57.3;34.7
85;2021-06-28;1174;6717;392423;243977;57.4;35.7
85;2021-06-29;1754;6873;394177;250850;57.7;36.7
85;2021-06-30;2174;6201;396351;257051;58.0;37.6
85;2021-07-01;2807;6063;399158;263114;58.4;38.5
85;2021-07-02;2257;7021;401415;270135;58.8;39.5
85;2021-07-03;615;3171;402030;273306;58.8;40.0
85;2021-07-04;144;1086;402174;274392;58.9;40.2
85;2021-07-05;1056;6669;403230;281061;59.0;41.1
85;2021-07-06;1564;6463;404794;287524;59.3;42.1
85;2021-07-07;1636;5861;406430;293385;59.5;42.9
85;2021-07-08;2154;5449;408584;298834;59.8;43.7
85;2021-07-09;1635;7105;410219;305939;60.0;44.8
85;2021-07-10;558;2839;410777;308778;60.1;45.2
85;2021-07-11;524;1289;411301;310067;60.2;45.4
85;2021-07-12;1402;7060;412703;317127;60.4;46.4
85;2021-07-13;2044;7393;414747;324520;60.7;47.5
85;2021-07-14;1450;2050;416197;326570;60.9;47.8
85;2021-07-15;2661;6947;418858;333517;61.3;48.8
85;2021-07-16;3406;6840;422264;340357;61.8;49.8
85;2021-07-17;1552;2155;423816;342512;62.0;50.1
85;2021-07-18;1142;1154;424958;343666;62.2;50.3
85;2021-07-19;3525;6235;428483;349901;62.7;51.2
85;2021-07-20;4280;6218;432763;356119;63.3;52.1
85;2021-07-21;3978;6200;436741;362319;63.9;53.0
85;2021-07-22;3883;6178;440624;368497;64.5;53.9
85;2021-07-23;4504;6703;445128;375200;65.2;54.9
85;2021-07-24;1037;2294;446165;377494;65.3;55.3
85;2021-07-25;489;304;446654;377798;65.4;55.3
85;2021-07-26;4491;5352;451145;383150;66.0;56.1
85;2021-07-27;5267;5389;456412;388539;66.8;56.9
85;2021-07-28;4948;4967;461360;393506;67.5;57.6
85;2021-07-29;5851;4734;467211;398240;68.4;58.3
85;2021-07-30;5971;4932;473182;403172;69.3;59.0
85;2021-07-31;1202;1570;474384;404742;69.4;59.2
85;2021-08-01;429;191;474813;404933;69.5;59.3
86;2020-12-27;0;0;0;0;0.0;0.0
86;2020-12-28;0;0;0;0;0.0;0.0
86;2020-12-29;1;0;1;0;0.0;0.0
86;2020-12-30;0;0;1;0;0.0;0.0
86;2020-12-31;0;0;1;0;0.0;0.0
86;2021-01-01;0;0;1;0;0.0;0.0
86;2021-01-02;0;0;1;0;0.0;0.0
86;2021-01-03;0;0;1;0;0.0;0.0
86;2021-01-04;0;0;1;0;0.0;0.0
86;2021-01-05;0;0;1;0;0.0;0.0
86;2021-01-06;178;0;179;0;0.0;0.0
86;2021-01-07;671;0;850;0;0.2;0.0
86;2021-01-08;595;3;1445;3;0.3;0.0
86;2021-01-09;0;0;1445;3;0.3;0.0
86;2021-01-10;173;0;1618;3;0.4;0.0
86;2021-01-11;304;1;1922;4;0.4;0.0
86;2021-01-12;458;0;2380;4;0.5;0.0
86;2021-01-13;336;0;2716;4;0.6;0.0
86;2021-01-14;551;1;3267;5;0.7;0.0
86;2021-01-15;536;1;3803;6;0.9;0.0
86;2021-01-16;0;0;3803;6;0.9;0.0
86;2021-01-17;0;0;3803;6;0.9;0.0
86;2021-01-18;564;0;4367;6;1.0;0.0
86;2021-01-19;1904;0;6271;6;1.4;0.0
86;2021-01-20;1450;18;7721;24;1.8;0.0
86;2021-01-21;1289;0;9010;24;2.1;0.0
86;2021-01-22;828;0;9838;24;2.2;0.0
86;2021-01-23;312;0;10150;24;2.3;0.0
86;2021-01-24;0;0;10150;24;2.3;0.0
86;2021-01-25;583;110;10733;134;2.5;0.0
86;2021-01-26;749;122;11482;256;2.6;0.1
86;2021-01-27;764;156;12246;412;2.8;0.1
86;2021-01-28;1042;427;13288;839;3.0;0.2
86;2021-01-29;877;219;14165;1058;3.2;0.2
86;2021-01-30;275;104;14440;1162;3.3;0.3
86;2021-01-31;57;157;14497;1319;3.3;0.3
86;2021-02-01;433;207;14930;1526;3.4;0.3
86;2021-02-02;574;386;15504;1912;3.5;0.4
86;2021-02-03;525;224;16029;2136;3.7;0.5
86;2021-02-04;477;365;16506;2501;3.8;0.6
86;2021-02-05;439;744;16945;3245;3.9;0.7
86;2021-02-06;147;206;17092;3451;3.9;0.8
86;2021-02-07;120;7;17212;3458;3.9;0.8
86;2021-02-08;361;328;17573;3786;4.0;0.9
86;2021-02-09;748;1123;18321;4909;4.2;1.1
86;2021-02-10;975;939;19296;5848;4.4;1.3
86;2021-02-11;1003;976;20299;6824;4.6;1.6
86;2021-02-12;749;376;21048;7200;4.8;1.6
86;2021-02-13;191;95;21239;7295;4.9;1.7
86;2021-02-14;1;34;21240;7329;4.9;1.7
86;2021-02-15;244;508;21484;7837;4.9;1.8
86;2021-02-16;385;866;21869;8703;5.0;2.0
86;2021-02-17;448;896;22317;9599;5.1;2.2
86;2021-02-18;420;875;22737;10474;5.2;2.4
86;2021-02-19;600;643;23337;11117;5.3;2.5
86;2021-02-20;115;176;23452;11293;5.4;2.6
86;2021-02-21;0;0;23452;11293;5.4;2.6
86;2021-02-22;240;429;23692;11722;5.4;2.7
86;2021-02-23;369;607;24061;12329;5.5;2.8
86;2021-02-24;408;586;24469;12915;5.6;3.0
86;2021-02-25;900;667;25369;13582;5.8;3.1
86;2021-02-26;1028;540;26397;14122;6.0;3.2
86;2021-02-27;460;148;26857;14270;6.1;3.3
86;2021-02-28;3;2;26860;14272;6.1;3.3
86;2021-03-01;232;526;27092;14798;6.2;3.4
86;2021-03-02;1141;849;28233;15647;6.5;3.6
86;2021-03-03;792;623;29025;16270;6.6;3.7
86;2021-03-04;1495;617;30520;16887;7.0;3.9
86;2021-03-05;1577;312;32097;17199;7.3;3.9
86;2021-03-06;994;169;33091;17368;7.6;4.0
86;2021-03-07;370;29;33461;17397;7.7;4.0
86;2021-03-08;470;540;33931;17937;7.8;4.1
86;2021-03-09;1368;526;35299;18463;8.1;4.2
86;2021-03-10;950;609;36249;19072;8.3;4.4
86;2021-03-11;1794;473;38043;19545;8.7;4.5
86;2021-03-12;2204;435;40247;19980;9.2;4.6
86;2021-03-13;1446;97;41693;20077;9.5;4.6
86;2021-03-14;133;15;41826;20092;9.6;4.6
86;2021-03-15;783;159;42609;20251;9.7;4.6
86;2021-03-16;846;203;43455;20454;9.9;4.7
86;2021-03-17;786;202;44241;20656;10.1;4.7
86;2021-03-18;1003;99;45244;20755;10.3;4.7
86;2021-03-19;2140;320;47384;21075;10.8;4.8
86;2021-03-20;592;131;47976;21206;11.0;4.8
86;2021-03-21;10;0;47986;21206;11.0;4.8
86;2021-03-22;851;274;48837;21480;11.2;4.9
86;2021-03-23;2013;327;50850;21807;11.6;5.0
86;2021-03-24;1554;287;52404;22094;12.0;5.1
86;2021-03-25;2482;351;54886;22445;12.5;5.1
86;2021-03-26;3037;354;57923;22799;13.2;5.2
86;2021-03-27;731;143;58654;22942;13.4;5.2
86;2021-03-28;5;128;58659;23070;13.4;5.3
86;2021-03-29;1258;391;59917;23461;13.7;5.4
86;2021-03-30;2398;817;62315;24278;14.2;5.6
86;2021-03-31;1510;622;63825;24900;14.6;5.7
86;2021-04-01;2237;936;66062;25836;15.1;5.9
86;2021-04-02;1899;554;67961;26390;15.5;6.0
86;2021-04-03;827;323;68788;26713;15.7;6.1
86;2021-04-04;82;108;68870;26821;15.7;6.1
86;2021-04-05;314;4;69184;26825;15.8;6.1
86;2021-04-06;1528;959;70712;27784;16.2;6.4
86;2021-04-07;1632;626;72344;28410;16.5;6.5
86;2021-04-08;2567;761;74911;29171;17.1;6.7
86;2021-04-09;3249;646;78160;29817;17.9;6.8
86;2021-04-10;1663;191;79823;30008;18.2;6.9
86;2021-04-11;442;9;80265;30017;18.4;6.9
86;2021-04-12;823;764;81088;30781;18.5;7.0
86;2021-04-13;2449;940;83537;31721;19.1;7.3
86;2021-04-14;1871;872;85408;32593;19.5;7.5
86;2021-04-15;2273;724;87681;33317;20.0;7.6
86;2021-04-16;2468;1225;90149;34542;20.6;7.9
86;2021-04-17;1040;261;91189;34803;20.8;8.0
86;2021-04-18;118;3;91307;34806;20.9;8.0
86;2021-04-19;745;794;92052;35600;21.0;8.1
86;2021-04-20;2300;1501;94352;37101;21.6;8.5
86;2021-04-21;2109;1115;96461;38216;22.1;8.7
86;2021-04-22;2331;1443;98792;39659;22.6;9.1
86;2021-04-23;2391;1570;101183;41229;23.1;9.4
86;2021-04-24;1299;508;102482;41737;23.4;9.5
86;2021-04-25;825;25;103307;41762;23.6;9.5
86;2021-04-26;2079;887;105386;42649;24.1;9.8
86;2021-04-27;3152;1662;108538;44311;24.8;10.1
86;2021-04-28;3002;1517;111540;45828;25.5;10.5
86;2021-04-29;3554;1823;115094;47651;26.3;10.9
86;2021-04-30;2969;1478;118063;49129;27.0;11.2
86;2021-05-01;1579;197;119642;49326;27.4;11.3
86;2021-05-02;1280;43;120922;49369;27.6;11.3
86;2021-05-03;2562;997;123484;50366;28.2;11.5
86;2021-05-04;3510;1896;126994;52262;29.0;11.9
86;2021-05-05;3990;1473;130984;53735;29.9;12.3
86;2021-05-06;4289;1653;135273;55388;30.9;12.7
86;2021-05-07;4045;1821;139318;57209;31.9;13.1
86;2021-05-08;1976;396;141294;57605;32.3;13.2
86;2021-05-09;1642;204;142936;57809;32.7;13.2
86;2021-05-10;1956;1172;144892;58981;33.1;13.5
86;2021-05-11;3603;2681;148495;61662;33.9;14.1
86;2021-05-12;2246;1646;150741;63308;34.5;14.5
86;2021-05-13;1686;297;152427;63605;34.8;14.5
86;2021-05-14;2099;791;154526;64396;35.3;14.7
86;2021-05-15;1467;502;155993;64898;35.7;14.8
86;2021-05-16;778;164;156771;65062;35.8;14.9
86;2021-05-17;3221;1063;159992;66125;36.6;15.1
86;2021-05-18;4303;1664;164295;67789;37.6;15.5
86;2021-05-19;3590;1433;167885;69222;38.4;15.8
86;2021-05-20;4376;1624;172261;70846;39.4;16.2
86;2021-05-21;3440;1771;175701;72617;40.2;16.6
86;2021-05-22;2077;661;177778;73278;40.6;16.8
86;2021-05-23;1440;183;179218;73461;41.0;16.8
86;2021-05-24;1848;200;181066;73661;41.4;16.8
86;2021-05-25;2848;1641;183914;75302;42.0;17.2
86;2021-05-26;2726;1524;186640;76826;42.7;17.6
86;2021-05-27;3544;1843;190184;78669;43.5;18.0
86;2021-05-28;2161;2538;192345;81207;44.0;18.6
86;2021-05-29;1527;1285;193872;82492;44.3;18.9
86;2021-05-30;935;130;194807;82622;44.5;18.9
86;2021-05-31;1921;1819;196728;84441;45.0;19.3
86;2021-06-01;2664;2590;199392;87031;45.6;19.9
86;2021-06-02;2300;2665;201692;89696;46.1;20.5
86;2021-06-03;3330;2408;205022;92104;46.9;21.1
86;2021-06-04;2238;2865;207260;94969;47.4;21.7
86;2021-06-05;1503;1578;208763;96547;47.7;22.1
86;2021-06-06;819;899;209582;97446;47.9;22.3
86;2021-06-07;1117;2464;210699;99910;48.2;22.8
86;2021-06-08;1988;3694;212687;103604;48.6;23.7
86;2021-06-09;1900;3316;214587;106920;49.1;24.4
86;2021-06-10;2347;3234;216934;110154;49.6;25.2
86;2021-06-11;1517;2789;218451;112943;49.9;25.8
86;2021-06-12;746;2249;219197;115192;50.1;26.3
86;2021-06-13;213;1477;219410;116669;50.2;26.7
86;2021-06-14;1156;2905;220566;119574;50.4;27.3
86;2021-06-15;1688;4260;222254;123834;50.8;28.3
86;2021-06-16;1807;3131;224061;126965;51.2;29.0
86;2021-06-17;1775;4445;225836;131410;51.6;30.0
86;2021-06-18;1881;4585;227717;135995;52.1;31.1
86;2021-06-19;634;2098;228351;138093;52.2;31.6
86;2021-06-20;173;1319;228524;139412;52.2;31.9
86;2021-06-21;1100;2237;229624;141649;52.5;32.4
86;2021-06-22;1294;3457;230918;145106;52.8;33.2
86;2021-06-23;1359;2399;232277;147505;53.1;33.7
86;2021-06-24;1587;2720;233864;150225;53.5;34.3
86;2021-06-25;1191;3555;235055;153780;53.7;35.2
86;2021-06-26;391;2655;235446;156435;53.8;35.8
86;2021-06-27;135;1635;235581;158070;53.9;36.1
86;2021-06-28;266;3339;235847;161409;53.9;36.9
86;2021-06-29;859;4604;236706;166013;54.1;38.0
86;2021-06-30;1043;2974;237749;168987;54.4;38.6
86;2021-07-01;1537;3005;239286;171992;54.7;39.3
86;2021-07-02;1106;3652;240392;175644;55.0;40.2
86;2021-07-03;516;2397;240908;178041;55.1;40.7
86;2021-07-04;116;1348;241024;179389;55.1;41.0
86;2021-07-05;465;2837;241489;182226;55.2;41.7
86;2021-07-06;985;4103;242474;186329;55.4;42.6
86;2021-07-07;1250;2630;243724;188959;55.7;43.2
86;2021-07-08;1610;3156;245334;192115;56.1;43.9
86;2021-07-09;1734;3083;247068;195198;56.5;44.6
86;2021-07-10;1294;1955;248362;197153;56.8;45.1
86;2021-07-11;481;840;248843;197993;56.9;45.3
86;2021-07-12;824;2403;249667;200396;57.1;45.8
86;2021-07-13;1767;3372;251434;203768;57.5;46.6
86;2021-07-14;764;1232;252198;205000;57.7;46.9
86;2021-07-15;1876;3294;254074;208294;58.1;47.6
86;2021-07-16;1660;2664;255734;210958;58.5;48.2
86;2021-07-17;1343;1601;257077;212559;58.8;48.6
86;2021-07-18;376;904;257453;213463;58.9;48.8
86;2021-07-19;1366;1887;258819;215350;59.2;49.2
86;2021-07-20;2332;2729;261151;218079;59.7;49.9
86;2021-07-21;2291;2153;263442;220232;60.2;50.4
86;2021-07-22;2887;2789;266329;223021;60.9;51.0
86;2021-07-23;2454;2159;268783;225180;61.5;51.5
86;2021-07-24;1538;1222;270321;226402;61.8;51.8
86;2021-07-25;713;320;271034;226722;62.0;51.8
86;2021-07-26;1584;2100;272618;228822;62.3;52.3
86;2021-07-27;3532;2749;276150;231571;63.1;52.9
86;2021-07-28;3255;2119;279405;233690;63.9;53.4
86;2021-07-29;3250;2532;282655;236222;64.6;54.0
86;2021-07-30;2217;2372;284872;238594;65.1;54.5
86;2021-07-31;1420;1049;286292;239643;65.5;54.8
86;2021-08-01;646;333;286938;239976;65.6;54.9
87;2020-12-27;0;0;0;0;0.0;0.0
87;2020-12-28;1;0;1;0;0.0;0.0
87;2020-12-29;0;0;1;0;0.0;0.0
87;2020-12-30;0;0;1;0;0.0;0.0
87;2020-12-31;0;0;1;0;0.0;0.0
87;2021-01-01;0;0;1;0;0.0;0.0
87;2021-01-02;0;0;1;0;0.0;0.0
87;2021-01-03;0;0;1;0;0.0;0.0
87;2021-01-04;1;0;2;0;0.0;0.0
87;2021-01-05;1;0;3;0;0.0;0.0
87;2021-01-06;10;0;13;0;0.0;0.0
87;2021-01-07;301;0;314;0;0.1;0.0
87;2021-01-08;407;0;721;0;0.2;0.0
87;2021-01-09;64;0;785;0;0.2;0.0
87;2021-01-10;35;0;820;0;0.2;0.0
87;2021-01-11;424;0;1244;0;0.3;0.0
87;2021-01-12;651;0;1895;0;0.5;0.0
87;2021-01-13;658;1;2553;1;0.7;0.0
87;2021-01-14;515;11;3068;12;0.8;0.0
87;2021-01-15;532;3;3600;15;1.0;0.0
87;2021-01-16;203;1;3803;16;1.0;0.0
87;2021-01-17;1;0;3804;16;1.0;0.0
87;2021-01-18;645;4;4449;20;1.2;0.0
87;2021-01-19;654;1;5103;21;1.4;0.0
87;2021-01-20;674;1;5777;22;1.6;0.0
87;2021-01-21;715;1;6492;23;1.8;0.0
87;2021-01-22;758;4;7250;27;2.0;0.0
87;2021-01-23;285;0;7535;27;2.0;0.0
87;2021-01-24;0;0;7535;27;2.0;0.0
87;2021-01-25;620;10;8155;37;2.2;0.0
87;2021-01-26;570;53;8725;90;2.4;0.0
87;2021-01-27;572;40;9297;130;2.5;0.0
87;2021-01-28;856;109;10153;239;2.7;0.1
87;2021-01-29;740;272;10893;511;2.9;0.1
87;2021-01-30;327;75;11220;586;3.0;0.2
87;2021-01-31;34;71;11254;657;3.0;0.2
87;2021-02-01;413;310;11667;967;3.1;0.3
87;2021-02-02;452;483;12119;1450;3.3;0.4
87;2021-02-03;542;419;12661;1869;3.4;0.5
87;2021-02-04;613;593;13274;2462;3.6;0.7
87;2021-02-05;342;384;13616;2846;3.7;0.8
87;2021-02-06;48;154;13664;3000;3.7;0.8
87;2021-02-07;20;0;13684;3000;3.7;0.8
87;2021-02-08;246;445;13930;3445;3.8;0.9
87;2021-02-09;218;546;14148;3991;3.8;1.1
87;2021-02-10;261;626;14409;4617;3.9;1.2
87;2021-02-11;285;540;14694;5157;4.0;1.4
87;2021-02-12;284;539;14978;5696;4.0;1.5
87;2021-02-13;25;169;15003;5865;4.0;1.6
87;2021-02-14;0;3;15003;5868;4.0;1.6
87;2021-02-15;237;391;15240;6259;4.1;1.7
87;2021-02-16;329;333;15569;6592;4.2;1.8
87;2021-02-17;330;382;15899;6974;4.3;1.9
87;2021-02-18;475;646;16374;7620;4.4;2.1
87;2021-02-19;400;480;16774;8100;4.5;2.2
87;2021-02-20;122;197;16896;8297;4.6;2.2
87;2021-02-21;2;9;16898;8306;4.6;2.2
87;2021-02-22;438;575;17336;8881;4.7;2.4
87;2021-02-23;556;632;17892;9513;4.8;2.6
87;2021-02-24;450;586;18342;10099;4.9;2.7
87;2021-02-25;789;707;19131;10806;5.2;2.9
87;2021-02-26;840;476;19971;11282;5.4;3.0
87;2021-02-27;404;212;20375;11494;5.5;3.1
87;2021-02-28;3;0;20378;11494;5.5;3.1
87;2021-03-01;514;371;20892;11865;5.6;3.2
87;2021-03-02;1030;386;21922;12251;5.9;3.3
87;2021-03-03;1174;338;23096;12589;6.2;3.4
87;2021-03-04;1406;333;24502;12922;6.6;3.5
87;2021-03-05;1767;286;26269;13208;7.1;3.6
87;2021-03-06;1041;34;27310;13242;7.4;3.6
87;2021-03-07;257;5;27567;13247;7.4;3.6
87;2021-03-08;858;242;28425;13489;7.7;3.6
87;2021-03-09;1288;228;29713;13717;8.0;3.7
87;2021-03-10;1297;228;31010;13945;8.4;3.8
87;2021-03-11;1753;251;32763;14196;8.8;3.8
87;2021-03-12;2123;284;34886;14480;9.4;3.9
87;2021-03-13;1308;17;36194;14497;9.8;3.9
87;2021-03-14;80;1;36274;14498;9.8;3.9
87;2021-03-15;986;358;37260;14856;10.0;4.0
87;2021-03-16;1061;241;38321;15097;10.3;4.1
87;2021-03-17;1070;216;39391;15313;10.6;4.1
87;2021-03-18;1179;333;40570;15646;10.9;4.2
87;2021-03-19;1682;273;42252;15919;11.4;4.3
87;2021-03-20;921;86;43173;16005;11.6;4.3
87;2021-03-21;32;0;43205;16005;11.7;4.3
87;2021-03-22;1041;379;44246;16384;11.9;4.4
87;2021-03-23;1384;425;45630;16809;12.3;4.5
87;2021-03-24;1508;364;47138;17173;12.7;4.6
87;2021-03-25;2495;391;49633;17564;13.4;4.7
87;2021-03-26;2530;453;52163;18017;14.1;4.9
87;2021-03-27;889;125;53052;18142;14.3;4.9
87;2021-03-28;269;16;53321;18158;14.4;4.9
87;2021-03-29;1115;416;54436;18574;14.7;5.0
87;2021-03-30;1906;659;56342;19233;15.2;5.2
87;2021-03-31;1658;693;58000;19926;15.6;5.4
87;2021-04-01;2231;570;60231;20496;16.2;5.5
87;2021-04-02;1839;627;62070;21123;16.7;5.7
87;2021-04-03;455;265;62525;21388;16.9;5.8
87;2021-04-04;1;0;62526;21388;16.9;5.8
87;2021-04-05;81;1;62607;21389;16.9;5.8
87;2021-04-06;993;899;63600;22288;17.2;6.0
87;2021-04-07;1482;924;65082;23212;17.6;6.3
87;2021-04-08;1781;1031;66863;24243;18.0;6.5
87;2021-04-09;2642;735;69505;24978;18.7;6.7
87;2021-04-10;1189;306;70694;25284;19.1;6.8
87;2021-04-11;67;0;70761;25284;19.1;6.8
87;2021-04-12;1622;824;72383;26108;19.5;7.0
87;2021-04-13;2286;1055;74669;27163;20.1;7.3
87;2021-04-14;2526;1181;77195;28344;20.8;7.6
87;2021-04-15;2222;1069;79417;29413;21.4;7.9
87;2021-04-16;2733;1067;82150;30480;22.2;8.2
87;2021-04-17;731;386;82881;30866;22.4;8.3
87;2021-04-18;111;140;82992;31006;22.4;8.4
87;2021-04-19;1657;829;84649;31835;22.8;8.6
87;2021-04-20;2084;878;86733;32713;23.4;8.8
87;2021-04-21;2291;990;89024;33703;24.0;9.1
87;2021-04-22;2564;1155;91588;34858;24.7;9.4
87;2021-04-23;1994;1179;93582;36037;25.2;9.7
87;2021-04-24;825;617;94407;36654;25.5;9.9
87;2021-04-25;64;103;94471;36757;25.5;9.9
87;2021-04-26;1356;916;95827;37673;25.8;10.2
87;2021-04-27;2397;1205;98224;38878;26.5;10.5
87;2021-04-28;3867;1436;102091;40314;27.5;10.9
87;2021-04-29;3073;1837;105164;42151;28.4;11.4
87;2021-04-30;3171;1354;108335;43505;29.2;11.7
87;2021-05-01;613;56;108948;43561;29.4;11.7
87;2021-05-02;361;4;109309;43565;29.5;11.7
87;2021-05-03;2302;934;111611;44499;30.1;12.0
87;2021-05-04;2905;1069;114516;45568;30.9;12.3
87;2021-05-05;2988;1507;117504;47075;31.7;12.7
87;2021-05-06;2531;1722;120035;48797;32.4;13.2
87;2021-05-07;2945;1713;122980;50510;33.2;13.6
87;2021-05-08;771;292;123751;50802;33.4;13.7
87;2021-05-09;19;133;123770;50935;33.4;13.7
87;2021-05-10;1928;1601;125698;52536;33.9;14.2
87;2021-05-11;2466;1905;128164;54441;34.6;14.7
87;2021-05-12;2620;2062;130784;56503;35.3;15.2
87;2021-05-13;1085;292;131869;56795;35.6;15.3
87;2021-05-14;2245;1768;134114;58563;36.2;15.8
87;2021-05-15;950;404;135064;58967;36.4;15.9
87;2021-05-16;141;73;135205;59040;36.5;15.9
87;2021-05-17;1627;1760;136832;60800;36.9;16.4
87;2021-05-18;2634;1811;139466;62611;37.6;16.9
87;2021-05-19;2816;1548;142282;64159;38.4;17.3
87;2021-05-20;3304;1718;145586;65877;39.3;17.8
87;2021-05-21;2761;1830;148347;67707;40.0;18.3
87;2021-05-22;1457;623;149804;68330;40.4;18.4
87;2021-05-23;210;92;150014;68422;40.5;18.5
87;2021-05-24;1056;140;151070;68562;40.7;18.5
87;2021-05-25;2116;1813;153186;70375;41.3;19.0
87;2021-05-26;3220;2473;156406;72848;42.2;19.6
87;2021-05-27;3018;2353;159424;75201;43.0;20.3
87;2021-05-28;2669;2518;162093;77719;43.7;21.0
87;2021-05-29;1060;1315;163153;79034;44.0;21.3
87;2021-05-30;257;58;163410;79092;44.1;21.3
87;2021-05-31;2289;1358;165699;80450;44.7;21.7
87;2021-06-01;2547;1864;168246;82314;45.4;22.2
87;2021-06-02;2519;1852;170765;84166;46.1;22.7
87;2021-06-03;3207;2528;173972;86694;46.9;23.4
87;2021-06-04;2837;2052;176809;88746;47.7;23.9
87;2021-06-05;1310;574;178119;89320;48.0;24.1
87;2021-06-06;263;95;178382;89415;48.1;24.1
87;2021-06-07;2100;1902;180482;91317;48.7;24.6
87;2021-06-08;2933;2570;183415;93887;49.5;25.3
87;2021-06-09;2304;2812;185719;96699;50.1;26.1
87;2021-06-10;2974;2552;188693;99251;50.9;26.8
87;2021-06-11;2366;3071;191059;102322;51.5;27.6
87;2021-06-12;1221;1103;192280;103425;51.9;27.9
87;2021-06-13;291;484;192571;103909;51.9;28.0
87;2021-06-14;980;2730;193551;106639;52.2;28.8
87;2021-06-15;1361;3321;194912;109960;52.6;29.7
87;2021-06-16;1650;3421;196562;113381;53.0;30.6
87;2021-06-17;2436;2314;198998;115695;53.7;31.2
87;2021-06-18;1785;3016;200783;118711;54.2;32.0
87;2021-06-19;1046;1176;201829;119887;54.4;32.3
87;2021-06-20;205;205;202034;120092;54.5;32.4
87;2021-06-21;1041;2643;203075;122735;54.8;33.1
87;2021-06-22;1028;2884;204103;125619;55.0;33.9
87;2021-06-23;1254;3080;205357;128699;55.4;34.7
87;2021-06-24;1618;2553;206975;131252;55.8;35.4
87;2021-06-25;1444;2713;208419;133965;56.2;36.1
87;2021-06-26;529;1202;208948;135167;56.4;36.5
87;2021-06-27;26;212;208974;135379;56.4;36.5
87;2021-06-28;712;2572;209686;137951;56.6;37.2
87;2021-06-29;1152;3410;210838;141361;56.9;38.1
87;2021-06-30;1119;2650;211957;144011;57.2;38.8
87;2021-07-01;1476;2552;213433;146563;57.6;39.5
87;2021-07-02;1198;3462;214631;150025;57.9;40.5
87;2021-07-03;412;1509;215043;151534;58.0;40.9
87;2021-07-04;23;383;215066;151917;58.0;41.0
87;2021-07-05;684;2395;215750;154312;58.2;41.6
87;2021-07-06;581;3229;216331;157541;58.3;42.5
87;2021-07-07;861;3350;217192;160891;58.6;43.4
87;2021-07-08;1118;3666;218310;164557;58.9;44.4
87;2021-07-09;1104;3702;219414;168259;59.2;45.4
87;2021-07-10;284;1357;219698;169616;59.3;45.7
87;2021-07-11;49;284;219747;169900;59.3;45.8
87;2021-07-12;545;3192;220292;173092;59.4;46.7
87;2021-07-13;824;3519;221116;176611;59.6;47.6
87;2021-07-14;514;539;221630;177150;59.8;47.8
87;2021-07-15;1347;3462;222977;180612;60.1;48.7
87;2021-07-16;1721;3596;224698;184208;60.6;49.7
87;2021-07-17;648;1369;225346;185577;60.8;50.1
87;2021-07-18;81;283;225427;185860;60.8;50.1
87;2021-07-19;1423;3401;226850;189261;61.2;51.0
87;2021-07-20;1797;3590;228647;192851;61.7;52.0
87;2021-07-21;1443;3146;230090;195997;62.1;52.9
87;2021-07-22;1871;3247;231961;199244;62.6;53.7
87;2021-07-23;1861;3167;233822;202411;63.1;54.6
87;2021-07-24;808;1281;234630;203692;63.3;54.9
87;2021-07-25;105;241;234735;203933;63.3;55.0
87;2021-07-26;1531;2318;236266;206251;63.7;55.6
87;2021-07-27;2523;2052;238789;208303;64.4;56.2
87;2021-07-28;2388;1995;241177;210298;65.0;56.7
87;2021-07-29;2981;1979;244158;212277;65.9;57.3
87;2021-07-30;2524;2061;246682;214338;66.5;57.8
87;2021-07-31;1101;828;247783;215166;66.8;58.0
87;2021-08-01;274;147;248057;215313;66.9;58.1
88;2020-12-27;0;0;0;0;0.0;0.0
88;2020-12-28;0;0;0;0;0.0;0.0
88;2020-12-29;0;0;0;0;0.0;0.0
88;2020-12-30;0;0;0;0;0.0;0.0
88;2020-12-31;0;0;0;0;0.0;0.0
88;2021-01-01;2;0;2;0;0.0;0.0
88;2021-01-02;0;0;2;0;0.0;0.0
88;2021-01-03;0;0;2;0;0.0;0.0
88;2021-01-04;0;0;2;0;0.0;0.0
88;2021-01-05;1;0;3;0;0.0;0.0
88;2021-01-06;3;0;6;0;0.0;0.0
88;2021-01-07;70;1;76;1;0.0;0.0
88;2021-01-08;189;2;265;3;0.1;0.0
88;2021-01-09;190;0;455;3;0.1;0.0
88;2021-01-10;0;0;455;3;0.1;0.0
88;2021-01-11;226;0;681;3;0.2;0.0
88;2021-01-12;422;1;1103;4;0.3;0.0
88;2021-01-13;490;2;1593;6;0.4;0.0
88;2021-01-14;344;2;1937;8;0.5;0.0
88;2021-01-15;379;2;2316;10;0.6;0.0
88;2021-01-16;62;0;2378;10;0.7;0.0
88;2021-01-17;0;0;2378;10;0.7;0.0
88;2021-01-18;460;0;2838;10;0.8;0.0
88;2021-01-19;450;0;3288;10;0.9;0.0
88;2021-01-20;461;1;3749;11;1.0;0.0
88;2021-01-21;1543;1;5292;12;1.5;0.0
88;2021-01-22;1160;1;6452;13;1.8;0.0
88;2021-01-23;284;0;6736;13;1.9;0.0
88;2021-01-24;298;2;7034;15;2.0;0.0
88;2021-01-25;938;3;7972;18;2.2;0.0
88;2021-01-26;388;6;8360;24;2.3;0.0
88;2021-01-27;3;0;8363;24;2.3;0.0
88;2021-01-28;162;37;8525;61;2.4;0.0
88;2021-01-29;526;163;9051;224;2.5;0.1
88;2021-01-30;288;127;9339;351;2.6;0.1
88;2021-01-31;0;0;9339;351;2.6;0.1
88;2021-02-01;405;283;9744;634;2.7;0.2
88;2021-02-02;333;364;10077;998;2.8;0.3
88;2021-02-03;437;241;10514;1239;2.9;0.3
88;2021-02-04;316;230;10830;1469;3.0;0.4
88;2021-02-05;458;251;11288;1720;3.1;0.5
88;2021-02-06;108;56;11396;1776;3.2;0.5
88;2021-02-07;0;0;11396;1776;3.2;0.5
88;2021-02-08;359;206;11755;1982;3.3;0.6
88;2021-02-09;292;288;12047;2270;3.4;0.6
88;2021-02-10;414;348;12461;2618;3.5;0.7
88;2021-02-11;849;1092;13310;3710;3.7;1.0
88;2021-02-12;941;703;14251;4413;4.0;1.2
88;2021-02-13;162;212;14413;4625;4.0;1.3
88;2021-02-14;81;216;14494;4841;4.0;1.3
88;2021-02-15;641;1077;15135;5918;4.2;1.6
88;2021-02-16;472;726;15607;6644;4.3;1.8
88;2021-02-17;456;439;16063;7083;4.5;2.0
88;2021-02-18;515;385;16578;7468;4.6;2.1
88;2021-02-19;535;460;17113;7928;4.8;2.2
88;2021-02-20;155;101;17268;8029;4.8;2.2
88;2021-02-21;1;25;17269;8054;4.8;2.2
88;2021-02-22;425;344;17694;8398;4.9;2.3
88;2021-02-23;402;234;18096;8632;5.0;2.4
88;2021-02-24;506;210;18602;8842;5.2;2.5
88;2021-02-25;675;282;19277;9124;5.4;2.5
88;2021-02-26;861;276;20138;9400;5.6;2.6
88;2021-02-27;265;33;20403;9433;5.7;2.6
88;2021-02-28;30;1;20433;9434;5.7;2.6
88;2021-03-01;359;466;20792;9900;5.8;2.8
88;2021-03-02;432;498;21224;10398;5.9;2.9
88;2021-03-03;648;463;21872;10861;6.1;3.0
88;2021-03-04;1037;755;22909;11616;6.4;3.2
88;2021-03-05;935;693;23844;12309;6.6;3.4
88;2021-03-06;1870;114;25714;12423;7.2;3.5
88;2021-03-07;1058;76;26772;12499;7.4;3.5
88;2021-03-08;726;690;27498;13189;7.6;3.7
88;2021-03-09;1094;531;28592;13720;8.0;3.8
88;2021-03-10;1078;494;29670;14214;8.3;4.0
88;2021-03-11;1436;400;31106;14614;8.7;4.1
88;2021-03-12;1309;485;32415;15099;9.0;4.2
88;2021-03-13;1210;121;33625;15220;9.4;4.2
88;2021-03-14;166;5;33791;15225;9.4;4.2
88;2021-03-15;930;448;34721;15673;9.7;4.4
88;2021-03-16;1024;342;35745;16015;9.9;4.5
88;2021-03-17;901;422;36646;16437;10.2;4.6
88;2021-03-18;1302;396;37948;16833;10.6;4.7
88;2021-03-19;1463;498;39411;17331;11.0;4.8
88;2021-03-20;1314;46;40725;17377;11.3;4.8
88;2021-03-21;37;0;40762;17377;11.3;4.8
88;2021-03-22;1230;539;41992;17916;11.7;5.0
88;2021-03-23;1781;435;43773;18351;12.2;5.1
88;2021-03-24;1872;473;45645;18824;12.7;5.2
88;2021-03-25;2498;483;48143;19307;13.4;5.4
88;2021-03-26;2477;452;50620;19759;14.1;5.5
88;2021-03-27;880;292;51500;20051;14.3;5.6
88;2021-03-28;60;4;51560;20055;14.3;5.6
88;2021-03-29;1304;441;52864;20496;14.7;5.7
88;2021-03-30;2061;390;54925;20886;15.3;5.8
88;2021-03-31;1616;571;56541;21457;15.7;6.0
88;2021-04-01;2116;708;58657;22165;16.3;6.2
88;2021-04-02;2813;630;61470;22795;17.1;6.3
88;2021-04-03;741;207;62211;23002;17.3;6.4
88;2021-04-04;16;1;62227;23003;17.3;6.4
88;2021-04-05;23;2;62250;23005;17.3;6.4
88;2021-04-06;1135;675;63385;23680;17.6;6.6
88;2021-04-07;1600;707;64985;24387;18.1;6.8
88;2021-04-08;1859;780;66844;25167;18.6;7.0
88;2021-04-09;3078;732;69922;25899;19.4;7.2
88;2021-04-10;724;645;70646;26544;19.7;7.4
88;2021-04-11;33;1;70679;26545;19.7;7.4
88;2021-04-12;1537;980;72216;27525;20.1;7.7
88;2021-04-13;2037;1091;74253;28616;20.7;8.0
88;2021-04-14;1908;949;76161;29565;21.2;8.2
88;2021-04-15;1967;1241;78128;30806;21.7;8.6
88;2021-04-16;2108;1048;80236;31854;22.3;8.9
88;2021-04-17;1429;766;81665;32620;22.7;9.1
88;2021-04-18;268;22;81933;32642;22.8;9.1
88;2021-04-19;1174;1236;83107;33878;23.1;9.4
88;2021-04-20;1191;1393;84298;35271;23.4;9.8
88;2021-04-21;1504;1297;85802;36568;23.9;10.2
88;2021-04-22;1898;1626;87700;38194;24.4;10.6
88;2021-04-23;1823;2040;89523;40234;24.9;11.2
88;2021-04-24;1184;778;90707;41012;25.2;11.4
88;2021-04-25;33;2;90740;41014;25.2;11.4
88;2021-04-26;1181;1171;91921;42185;25.6;11.7
88;2021-04-27;1278;1734;93199;43919;25.9;12.2
88;2021-04-28;1633;1493;94832;45412;26.4;12.6
88;2021-04-29;2082;1458;96914;46870;27.0;13.0
88;2021-04-30;2449;1619;99363;48489;27.6;13.5
88;2021-05-01;2004;266;101367;48755;28.2;13.6
88;2021-05-02;1300;121;102667;48876;28.6;13.6
88;2021-05-03;1560;1218;104227;50094;29.0;13.9
88;2021-05-04;1444;1462;105671;51556;29.4;14.3
88;2021-05-05;2426;1593;108097;53149;30.1;14.8
88;2021-05-06;3208;1210;111305;54359;31.0;15.1
88;2021-05-07;2938;1355;114243;55714;31.8;15.5
88;2021-05-08;1531;458;115774;56172;32.2;15.6
88;2021-05-09;1733;149;117507;56321;32.7;15.7
88;2021-05-10;1765;1573;119272;57894;33.2;16.1
88;2021-05-11;2658;1906;121930;59800;33.9;16.6
88;2021-05-12;2531;1849;124461;61649;34.6;17.1
88;2021-05-13;3258;671;127719;62320;35.5;17.3
88;2021-05-14;2499;1536;130218;63856;36.2;17.8
88;2021-05-15;1625;734;131843;64590;36.7;18.0
88;2021-05-16;1333;102;133176;64692;37.0;18.0
88;2021-05-17;1987;940;135163;65632;37.6;18.3
88;2021-05-18;2255;1109;137418;66741;38.2;18.6
88;2021-05-19;2723;1141;140141;67882;39.0;18.9
88;2021-05-20;3344;1228;143485;69110;39.9;19.2
88;2021-05-21;2872;1143;146357;70253;40.7;19.5
88;2021-05-22;1432;707;147789;70960;41.1;19.7
88;2021-05-23;557;73;148346;71033;41.3;19.8
88;2021-05-24;1673;427;150019;71460;41.7;19.9
88;2021-05-25;1646;1172;151665;72632;42.2;20.2
88;2021-05-26;2368;1134;154033;73766;42.8;20.5
88;2021-05-27;2200;1360;156233;75126;43.5;20.9
88;2021-05-28;1892;1987;158125;77113;44.0;21.4
88;2021-05-29;1232;1752;159357;78865;44.3;21.9
88;2021-05-30;588;417;159945;79282;44.5;22.1
88;2021-05-31;1326;1850;161271;81132;44.9;22.6
88;2021-06-01;1718;1988;162989;83120;45.3;23.1
88;2021-06-02;2076;1866;165065;84986;45.9;23.6
88;2021-06-03;2736;1614;167801;86600;46.7;24.1
88;2021-06-04;2041;1936;169842;88536;47.2;24.6
88;2021-06-05;1529;1139;171371;89675;47.7;24.9
88;2021-06-06;691;155;172062;89830;47.9;25.0
88;2021-06-07;1290;1701;173352;91531;48.2;25.5
88;2021-06-08;1660;1930;175012;93461;48.7;26.0
88;2021-06-09;1617;1903;176629;95364;49.1;26.5
88;2021-06-10;1778;2045;178407;97409;49.6;27.1
88;2021-06-11;1547;2214;179954;99623;50.1;27.7
88;2021-06-12;667;1653;180621;101276;50.2;28.2
88;2021-06-13;464;377;181085;101653;50.4;28.3
88;2021-06-14;1029;2243;182114;103896;50.7;28.9
88;2021-06-15;1927;2450;184041;106346;51.2;29.6
88;2021-06-16;1483;2867;185524;109213;51.6;30.4
88;2021-06-17;1598;2729;187122;111942;52.0;31.1
88;2021-06-18;1358;2455;188480;114397;52.4;31.8
88;2021-06-19;701;1090;189181;115487;52.6;32.1
88;2021-06-20;77;79;189258;115566;52.6;32.1
88;2021-06-21;672;2579;189930;118145;52.8;32.9
88;2021-06-22;868;3431;190798;121576;53.1;33.8
88;2021-06-23;1141;2879;191939;124455;53.4;34.6
88;2021-06-24;702;2604;192641;127059;53.6;35.3
88;2021-06-25;1435;3178;194076;130237;54.0;36.2
88;2021-06-26;904;2073;194980;132310;54.2;36.8
88;2021-06-27;543;634;195523;132944;54.4;37.0
88;2021-06-28;754;2503;196277;135447;54.6;37.7
88;2021-06-29;955;3355;197232;138802;54.9;38.6
88;2021-06-30;1132;3112;198364;141914;55.2;39.5
88;2021-07-01;1056;2686;199420;144600;55.5;40.2
88;2021-07-02;986;3143;200406;147743;55.7;41.1
88;2021-07-03;690;1700;201096;149443;55.9;41.6
88;2021-07-04;257;816;201353;150259;56.0;41.8
88;2021-07-05;991;2027;202344;152286;56.3;42.4
88;2021-07-06;1019;2418;203363;154704;56.6;43.0
88;2021-07-07;1179;2586;204542;157290;56.9;43.8
88;2021-07-08;1071;2068;205613;159358;57.2;44.3
88;2021-07-09;1580;2699;207193;162057;57.6;45.1
88;2021-07-10;705;1819;207898;163876;57.8;45.6
88;2021-07-11;467;695;208365;164571;58.0;45.8
88;2021-07-12;1044;2515;209409;167086;58.2;46.5
88;2021-07-13;1307;2659;210716;169745;58.6;47.2
88;2021-07-14;1186;796;211902;170541;58.9;47.4
88;2021-07-15;1731;3316;213633;173857;59.4;48.4
88;2021-07-16;1467;2960;215100;176817;59.8;49.2
88;2021-07-17;798;1589;215898;178406;60.1;49.6
88;2021-07-18;180;680;216078;179086;60.1;49.8
88;2021-07-19;1556;2233;217634;181319;60.5;50.4
88;2021-07-20;2135;2392;219769;183711;61.1;51.1
88;2021-07-21;1928;2224;221697;185935;61.7;51.7
88;2021-07-22;1692;2104;223389;188039;62.1;52.3
88;2021-07-23;2494;2777;225883;190816;62.8;53.1
88;2021-07-24;1054;1182;226937;191998;63.1;53.4
88;2021-07-25;431;607;227368;192605;63.2;53.6
88;2021-07-26;1705;2062;229073;194667;63.7;54.1
88;2021-07-27;2338;2050;231411;196717;64.4;54.7
88;2021-07-28;2199;2240;233610;198957;65.0;55.3
88;2021-07-29;3007;1621;236617;200578;65.8;55.8
88;2021-07-30;2236;2245;238853;202823;66.4;56.4
88;2021-07-31;974;1013;239827;203836;66.7;56.7
88;2021-08-01;439;458;240266;204294;66.8;56.8
89;2020-12-27;0;0;0;0;0.0;0.0
89;2020-12-28;0;0;0;0;0.0;0.0
89;2020-12-29;0;0;0;0;0.0;0.0
89;2020-12-30;0;0;0;0;0.0;0.0
89;2020-12-31;0;0;0;0;0.0;0.0
89;2021-01-01;0;0;0;0;0.0;0.0
89;2021-01-02;0;0;0;0;0.0;0.0
89;2021-01-03;0;0;0;0;0.0;0.0
89;2021-01-04;0;0;0;0;0.0;0.0
89;2021-01-05;0;0;0;0;0.0;0.0
89;2021-01-06;48;0;48;0;0.0;0.0
89;2021-01-07;201;0;249;0;0.1;0.0
89;2021-01-08;48;0;297;0;0.1;0.0
89;2021-01-09;1;0;298;0;0.1;0.0
89;2021-01-10;0;0;298;0;0.1;0.0
89;2021-01-11;220;0;518;0;0.2;0.0
89;2021-01-12;349;0;867;0;0.3;0.0
89;2021-01-13;533;1;1400;1;0.4;0.0
89;2021-01-14;707;7;2107;8;0.6;0.0
89;2021-01-15;275;2;2382;10;0.7;0.0
89;2021-01-16;90;3;2472;13;0.7;0.0
89;2021-01-17;0;0;2472;13;0.7;0.0
89;2021-01-18;503;0;2975;13;0.9;0.0
89;2021-01-19;839;3;3814;16;1.1;0.0
89;2021-01-20;759;1;4573;17;1.4;0.0
89;2021-01-21;939;4;5512;21;1.7;0.0
89;2021-01-22;1015;1;6527;22;2.0;0.0
89;2021-01-23;200;0;6727;22;2.0;0.0
89;2021-01-24;105;0;6832;22;2.1;0.0
89;2021-01-25;482;4;7314;26;2.2;0.0
89;2021-01-26;581;13;7895;39;2.4;0.0
89;2021-01-27;472;38;8367;77;2.5;0.0
89;2021-01-28;550;127;8917;204;2.7;0.1
89;2021-01-29;957;43;9874;247;3.0;0.1
89;2021-01-30;184;67;10058;314;3.0;0.1
89;2021-01-31;24;2;10082;316;3.0;0.1
89;2021-02-01;255;153;10337;469;3.1;0.1
89;2021-02-02;282;339;10619;808;3.2;0.2
89;2021-02-03;290;345;10909;1153;3.3;0.3
89;2021-02-04;433;595;11342;1748;3.4;0.5
89;2021-02-05;387;201;11729;1949;3.5;0.6
89;2021-02-06;77;67;11806;2016;3.6;0.6
89;2021-02-07;0;0;11806;2016;3.6;0.6
89;2021-02-08;288;189;12094;2205;3.6;0.7
89;2021-02-09;285;443;12379;2648;3.7;0.8
89;2021-02-10;396;313;12775;2961;3.8;0.9
89;2021-02-11;332;564;13107;3525;3.9;1.1
89;2021-02-12;427;597;13534;4122;4.1;1.2
89;2021-02-13;52;143;13586;4265;4.1;1.3
89;2021-02-14;20;116;13606;4381;4.1;1.3
89;2021-02-15;216;415;13822;4796;4.2;1.4
89;2021-02-16;134;537;13956;5333;4.2;1.6
89;2021-02-17;262;438;14218;5771;4.3;1.7
89;2021-02-18;225;558;14443;6329;4.3;1.9
89;2021-02-19;243;654;14686;6983;4.4;2.1
89;2021-02-20;33;140;14719;7123;4.4;2.1
89;2021-02-21;0;10;14719;7133;4.4;2.1
89;2021-02-22;233;451;14952;7584;4.5;2.3
89;2021-02-23;171;471;15123;8055;4.6;2.4
89;2021-02-24;340;389;15463;8444;4.7;2.5
89;2021-02-25;369;466;15832;8910;4.8;2.7
89;2021-02-26;382;337;16214;9247;4.9;2.8
89;2021-02-27;137;80;16351;9327;4.9;2.8
89;2021-02-28;6;13;16357;9340;4.9;2.8
89;2021-03-01;541;237;16898;9577;5.1;2.9
89;2021-03-02;751;342;17649;9919;5.3;3.0
89;2021-03-03;648;276;18297;10195;5.5;3.1
89;2021-03-04;632;379;18929;10574;5.7;3.2
89;2021-03-05;728;503;19657;11077;5.9;3.3
89;2021-03-06;545;129;20202;11206;6.1;3.4
89;2021-03-07;287;39;20489;11245;6.2;3.4
89;2021-03-08;556;325;21045;11570;6.3;3.5
89;2021-03-09;997;269;22042;11839;6.6;3.6
89;2021-03-10;976;251;23018;12090;6.9;3.6
89;2021-03-11;1073;301;24091;12391;7.3;3.7
89;2021-03-12;1280;333;25371;12724;7.6;3.8
89;2021-03-13;635;42;26006;12766;7.8;3.8
89;2021-03-14;1;0;26007;12766;7.8;3.8
89;2021-03-15;813;306;26820;13072;8.1;3.9
89;2021-03-16;947;220;27767;13292;8.4;4.0
89;2021-03-17;917;265;28684;13557;8.6;4.1
89;2021-03-18;881;253;29565;13810;8.9;4.2
89;2021-03-19;1147;190;30712;14000;9.2;4.2
89;2021-03-20;844;24;31556;14024;9.5;4.2
89;2021-03-21;172;5;31728;14029;9.6;4.2
89;2021-03-22;1042;222;32770;14251;9.9;4.3
89;2021-03-23;1739;252;34509;14503;10.4;4.4
89;2021-03-24;1960;322;36469;14825;11.0;4.5
89;2021-03-25;1815;165;38284;14990;11.5;4.5
89;2021-03-26;2625;180;40909;15170;12.3;4.6
89;2021-03-27;1774;45;42683;15215;12.9;4.6
89;2021-03-28;32;3;42715;15218;12.9;4.6
89;2021-03-29;963;580;43678;15798;13.2;4.8
89;2021-03-30;1153;566;44831;16364;13.5;4.9
89;2021-03-31;2005;466;46836;16830;14.1;5.1
89;2021-04-01;2117;454;48953;17284;14.7;5.2
89;2021-04-02;2138;444;51091;17728;15.4;5.3
89;2021-04-03;1001;240;52092;17968;15.7;5.4
89;2021-04-04;16;1;52108;17969;15.7;5.4
89;2021-04-05;92;2;52200;17971;15.7;5.4
89;2021-04-06;1032;756;53232;18727;16.0;5.6
89;2021-04-07;1033;803;54265;19530;16.3;5.9
89;2021-04-08;1731;720;55996;20250;16.9;6.1
89;2021-04-09;2161;729;58157;20979;17.5;6.3
89;2021-04-10;891;177;59048;21156;17.8;6.4
89;2021-04-11;37;50;59085;21206;17.8;6.4
89;2021-04-12;1014;788;60099;21994;18.1;6.6
89;2021-04-13;1357;1077;61456;23071;18.5;6.9
89;2021-04-14;1210;1036;62666;24107;18.9;7.3
89;2021-04-15;1415;943;64081;25050;19.3;7.5
89;2021-04-16;1331;938;65412;25988;19.7;7.8
89;2021-04-17;1066;454;66478;26442;20.0;8.0
89;2021-04-18;27;154;66505;26596;20.0;8.0
89;2021-04-19;750;1028;67255;27624;20.3;8.3
89;2021-04-20;1019;1533;68274;29157;20.6;8.8
89;2021-04-21;816;1100;69090;30257;20.8;9.1
89;2021-04-22;1104;1165;70194;31422;21.1;9.5
89;2021-04-23;1822;1965;72016;33387;21.7;10.1
89;2021-04-24;1171;1177;73187;34564;22.0;10.4
89;2021-04-25;139;6;73326;34570;22.1;10.4
89;2021-04-26;1498;768;74824;35338;22.5;10.6
89;2021-04-27;1732;1055;76556;36393;23.1;11.0
89;2021-04-28;1589;1849;78145;38242;23.5;11.5
89;2021-04-29;1970;1913;80115;40155;24.1;12.1
89;2021-04-30;1806;1760;81921;41915;24.7;12.6
89;2021-05-01;846;722;82767;42637;24.9;12.8
89;2021-05-02;133;31;82900;42668;25.0;12.8
89;2021-05-03;1604;759;84504;43427;25.4;13.1
89;2021-05-04;1622;1128;86126;44555;25.9;13.4
89;2021-05-05;2320;1261;88446;45816;26.6;13.8
89;2021-05-06;2413;1376;90859;47192;27.4;14.2
89;2021-05-07;2723;1314;93582;48506;28.2;14.6
89;2021-05-08;1784;531;95366;49037;28.7;14.8
89;2021-05-09;196;18;95562;49055;28.8;14.8
89;2021-05-10;1199;940;96761;49995;29.1;15.1
89;2021-05-11;2485;1441;99246;51436;29.9;15.5
89;2021-05-12;2061;1215;101307;52651;30.5;15.9
89;2021-05-13;414;333;101721;52984;30.6;16.0
89;2021-05-14;1878;1089;103599;54073;31.2;16.3
89;2021-05-15;2246;393;105845;54466;31.9;16.4
89;2021-05-16;10;35;105855;54501;31.9;16.4
89;2021-05-17;2089;634;107944;55135;32.5;16.6
89;2021-05-18;2323;825;110267;55960;33.2;16.9
89;2021-05-19;2860;878;113127;56838;34.1;17.1
89;2021-05-20;2927;883;116054;57721;34.9;17.4
89;2021-05-21;2481;876;118535;58597;35.7;17.6
89;2021-05-22;1427;570;119962;59167;36.1;17.8
89;2021-05-23;108;10;120070;59177;36.2;17.8
89;2021-05-24;286;223;120356;59400;36.2;17.9
89;2021-05-25;1557;983;121913;60383;36.7;18.2
89;2021-05-26;1815;1019;123728;61402;37.3;18.5
89;2021-05-27;2113;1352;125841;62754;37.9;18.9
89;2021-05-28;2143;1422;127984;64176;38.5;19.3
89;2021-05-29;540;658;128524;64834;38.7;19.5
89;2021-05-30;25;22;128549;64856;38.7;19.5
89;2021-05-31;1248;968;129797;65824;39.1;19.8
89;2021-06-01;1504;981;131301;66805;39.5;20.1
89;2021-06-02;1949;1277;133250;68082;40.1;20.5
89;2021-06-03;2425;1520;135675;69602;40.9;21.0
89;2021-06-04;2141;1883;137816;71485;41.5;21.5
89;2021-06-05;1183;1224;138999;72709;41.9;21.9
89;2021-06-06;22;37;139021;72746;41.9;21.9
89;2021-06-07;2109;1446;141130;74192;42.5;22.3
89;2021-06-08;2195;1453;143325;75645;43.2;22.8
89;2021-06-09;2319;1506;145644;77151;43.9;23.2
89;2021-06-10;2789;1600;148433;78751;44.7;23.7
89;2021-06-11;1944;1746;150377;80497;45.3;24.2
89;2021-06-12;1103;757;151480;81254;45.6;24.5
89;2021-06-13;155;424;151635;81678;45.7;24.6
89;2021-06-14;1310;1822;152945;83500;46.1;25.1
89;2021-06-15;1399;2012;154344;85512;46.5;25.7
89;2021-06-16;1137;2582;155481;88094;46.8;26.5
89;2021-06-17;1428;2338;156909;90432;47.2;27.2
89;2021-06-18;1622;2874;158531;93306;47.7;28.1
89;2021-06-19;686;1663;159217;94969;47.9;28.6
89;2021-06-20;53;127;159270;95096;48.0;28.6
89;2021-06-21;759;1526;160029;96622;48.2;29.1
89;2021-06-22;1049;2680;161078;99302;48.5;29.9
89;2021-06-23;1153;1796;162231;101098;48.9;30.4
89;2021-06-24;1077;1497;163308;102595;49.2;30.9
89;2021-06-25;1003;2428;164311;105023;49.5;31.6
89;2021-06-26;560;2484;164871;107507;49.6;32.4
89;2021-06-27;12;28;164883;107535;49.6;32.4
89;2021-06-28;1018;2494;165901;110029;50.0;33.1
89;2021-06-29;683;2404;166584;112433;50.2;33.9
89;2021-06-30;1075;3178;167659;115611;50.5;34.8
89;2021-07-01;1020;2986;168679;118597;50.8;35.7
89;2021-07-02;1102;2750;169781;121347;51.1;36.5
89;2021-07-03;553;1572;170334;122919;51.3;37.0
89;2021-07-04;11;36;170345;122955;51.3;37.0
89;2021-07-05;1292;1837;171637;124792;51.7;37.6
89;2021-07-06;1048;2308;172685;127100;52.0;38.3
89;2021-07-07;664;1789;173349;128889;52.2;38.8
89;2021-07-08;788;1878;174137;130767;52.4;39.4
89;2021-07-09;1129;2606;175266;133373;52.8;40.2
89;2021-07-10;715;817;175981;134190;53.0;40.4
89;2021-07-11;25;39;176006;134229;53.0;40.4
89;2021-07-12;1421;1900;177427;136129;53.4;41.0
89;2021-07-13;2122;2741;179549;138870;54.1;41.8
89;2021-07-14;312;324;179861;139194;54.2;41.9
89;2021-07-15;2227;3226;182088;142420;54.8;42.9
89;2021-07-16;2381;2855;184469;145275;55.5;43.7
89;2021-07-17;1228;1226;185697;146501;55.9;44.1
89;2021-07-18;276;96;185973;146597;56.0;44.1
89;2021-07-19;1562;2812;187535;149409;56.5;45.0
89;2021-07-20;1911;3278;189446;152687;57.0;46.0
89;2021-07-21;2072;2719;191518;155406;57.7;46.8
89;2021-07-22;2457;2985;193975;158391;58.4;47.7
89;2021-07-23;2462;3097;196437;161488;59.2;48.6
89;2021-07-24;1228;1246;197665;162734;59.5;49.0
89;2021-07-25;66;184;197731;162918;59.5;49.1
89;2021-07-26;1709;2317;199440;165235;60.1;49.8
89;2021-07-27;2315;1899;201755;167134;60.8;50.3
89;2021-07-28;2508;1323;204263;168457;61.5;50.7
89;2021-07-29;2505;1605;206768;170062;62.3;51.2
89;2021-07-30;2646;1600;209414;171662;63.1;51.7
89;2021-07-31;1113;1071;210527;172733;63.4;52.0
89;2021-08-01;68;33;210595;172766;63.4;52.0
90;2020-12-27;0;0;0;0;0.0;0.0
90;2020-12-28;0;0;0;0;0.0;0.0
90;2020-12-29;0;0;0;0;0.0;0.0
90;2020-12-30;1;0;1;0;0.0;0.0
90;2020-12-31;0;0;1;0;0.0;0.0
90;2021-01-01;0;0;1;0;0.0;0.0
90;2021-01-02;0;0;1;0;0.0;0.0
90;2021-01-03;0;0;1;0;0.0;0.0
90;2021-01-04;2;0;3;0;0.0;0.0
90;2021-01-05;0;0;3;0;0.0;0.0
90;2021-01-06;0;0;3;0;0.0;0.0
90;2021-01-07;1;0;4;0;0.0;0.0
90;2021-01-08;170;0;174;0;0.1;0.0
90;2021-01-09;46;0;220;0;0.2;0.0
90;2021-01-10;0;0;220;0;0.2;0.0
90;2021-01-11;200;0;420;0;0.3;0.0
90;2021-01-12;430;0;850;0;0.6;0.0
90;2021-01-13;468;2;1318;2;0.9;0.0
90;2021-01-14;414;1;1732;3;1.2;0.0
90;2021-01-15;405;9;2137;12;1.5;0.0
90;2021-01-16;111;2;2248;14;1.6;0.0
90;2021-01-17;1;0;2249;14;1.6;0.0
90;2021-01-18;363;2;2612;16;1.9;0.0
90;2021-01-19;461;5;3073;21;2.2;0.0
90;2021-01-20;391;2;3464;23;2.5;0.0
90;2021-01-21;349;1;3813;24;2.7;0.0
90;2021-01-22;346;2;4159;26;3.0;0.0
90;2021-01-23;98;0;4257;26;3.0;0.0
90;2021-01-24;0;0;4257;26;3.0;0.0
90;2021-01-25;322;3;4579;29;3.3;0.0
90;2021-01-26;224;0;4803;29;3.4;0.0
90;2021-01-27;254;0;5057;29;3.6;0.0
90;2021-01-28;328;33;5385;62;3.8;0.0
90;2021-01-29;291;163;5676;225;4.1;0.2
90;2021-01-30;176;45;5852;270;4.2;0.2
90;2021-01-31;118;0;5970;270;4.3;0.2
90;2021-02-01;275;112;6245;382;4.5;0.3
90;2021-02-02;290;163;6535;545;4.7;0.4
90;2021-02-03;255;368;6790;913;4.8;0.7
90;2021-02-04;256;302;7046;1215;5.0;0.9
90;2021-02-05;266;271;7312;1486;5.2;1.1
90;2021-02-06;89;68;7401;1554;5.3;1.1
90;2021-02-07;0;0;7401;1554;5.3;1.1
90;2021-02-08;170;218;7571;1772;5.4;1.3
90;2021-02-09;139;166;7710;1938;5.5;1.4
90;2021-02-10;182;29;7892;1967;5.6;1.4
90;2021-02-11;228;109;8120;2076;5.8;1.5
90;2021-02-12;127;240;8247;2316;5.9;1.7
90;2021-02-13;95;45;8342;2361;6.0;1.7
90;2021-02-14;0;0;8342;2361;6.0;1.7
90;2021-02-15;113;280;8455;2641;6.0;1.9
90;2021-02-16;92;277;8547;2918;6.1;2.1
90;2021-02-17;178;205;8725;3123;6.2;2.2
90;2021-02-18;130;242;8855;3365;6.3;2.4
90;2021-02-19;64;272;8919;3637;6.4;2.6
90;2021-02-20;40;72;8959;3709;6.4;2.6
90;2021-02-21;0;0;8959;3709;6.4;2.6
90;2021-02-22;77;333;9036;4042;6.4;2.9
90;2021-02-23;40;259;9076;4301;6.5;3.1
90;2021-02-24;109;289;9185;4590;6.6;3.3
90;2021-02-25;89;313;9274;4903;6.6;3.5
90;2021-02-26;89;396;9363;5299;6.7;3.8
90;2021-02-27;140;178;9503;5477;6.8;3.9
90;2021-02-28;8;113;9511;5590;6.8;4.0
90;2021-03-01;212;233;9723;5823;6.9;4.2
90;2021-03-02;178;285;9901;6108;7.1;4.4
90;2021-03-03;239;354;10140;6462;7.2;4.6
90;2021-03-04;259;274;10399;6736;7.4;4.8
90;2021-03-05;357;269;10756;7005;7.7;5.0
90;2021-03-06;291;103;11047;7108;7.9;5.1
90;2021-03-07;18;1;11065;7109;7.9;5.1
90;2021-03-08;246;245;11311;7354;8.1;5.2
90;2021-03-09;426;162;11737;7516;8.4;5.4
90;2021-03-10;348;196;12085;7712;8.6;5.5
90;2021-03-11;348;116;12433;7828;8.9;5.6
90;2021-03-12;519;128;12952;7956;9.2;5.7
90;2021-03-13;539;47;13491;8003;9.6;5.7
90;2021-03-14;20;0;13511;8003;9.6;5.7
90;2021-03-15;386;116;13897;8119;9.9;5.8
90;2021-03-16;401;98;14298;8217;10.2;5.9
90;2021-03-17;323;73;14621;8290;10.4;5.9
90;2021-03-18;348;77;14969;8367;10.7;6.0
90;2021-03-19;468;77;15437;8444;11.0;6.0
90;2021-03-20;426;48;15863;8492;11.3;6.1
90;2021-03-21;7;2;15870;8494;11.3;6.1
90;2021-03-22;399;29;16269;8523;11.6;6.1
90;2021-03-23;735;72;17004;8595;12.1;6.1
90;2021-03-24;816;45;17820;8640;12.7;6.2
90;2021-03-25;945;69;18765;8709;13.4;6.2
90;2021-03-26;1226;57;19991;8766;14.3;6.3
90;2021-03-27;437;29;20428;8795;14.6;6.3
90;2021-03-28;34;0;20462;8795;14.6;6.3
90;2021-03-29;712;139;21174;8934;15.1;6.4
90;2021-03-30;673;152;21847;9086;15.6;6.5
90;2021-03-31;728;79;22575;9165;16.1;6.5
90;2021-04-01;601;117;23176;9282;16.5;6.6
90;2021-04-02;657;92;23833;9374;17.0;6.7
90;2021-04-03;370;39;24203;9413;17.3;6.7
90;2021-04-04;1;0;24204;9413;17.3;6.7
90;2021-04-05;0;0;24204;9413;17.3;6.7
90;2021-04-06;528;248;24732;9661;17.6;6.9
90;2021-04-07;484;261;25216;9922;18.0;7.1
90;2021-04-08;509;244;25725;10166;18.4;7.3
90;2021-04-09;749;264;26474;10430;18.9;7.4
90;2021-04-10;222;8;26696;10438;19.0;7.4
90;2021-04-11;7;0;26703;10438;19.1;7.4
90;2021-04-12;551;479;27254;10917;19.4;7.8
90;2021-04-13;631;529;27885;11446;19.9;8.2
90;2021-04-14;527;349;28412;11795;20.3;8.4
90;2021-04-15;905;281;29317;12076;20.9;8.6
90;2021-04-16;370;403;29687;12479;21.2;8.9
90;2021-04-17;189;127;29876;12606;21.3;9.0
90;2021-04-18;21;0;29897;12606;21.3;9.0
90;2021-04-19;435;567;30332;13173;21.6;9.4
90;2021-04-20;494;620;30826;13793;22.0;9.8
90;2021-04-21;353;495;31179;14288;22.2;10.2
90;2021-04-22;568;601;31747;14889;22.7;10.6
90;2021-04-23;503;744;32250;15633;23.0;11.2
90;2021-04-24;305;203;32555;15836;23.2;11.3
90;2021-04-25;1;0;32556;15836;23.2;11.3
90;2021-04-26;508;752;33064;16588;23.6;11.8
90;2021-04-27;641;679;33705;17267;24.1;12.3
90;2021-04-28;765;445;34470;17712;24.6;12.6
90;2021-04-29;1003;448;35473;18160;25.3;13.0
90;2021-04-30;1121;457;36594;18617;26.1;13.3
90;2021-05-01;60;42;36654;18659;26.2;13.3
90;2021-05-02;4;0;36658;18659;26.2;13.3
90;2021-05-03;903;286;37561;18945;26.8;13.5
90;2021-05-04;786;638;38347;19583;27.4;14.0
90;2021-05-05;894;506;39241;20089;28.0;14.3
90;2021-05-06;853;625;40094;20714;28.6;14.8
90;2021-05-07;440;510;40534;21224;28.9;15.1
90;2021-05-08;26;26;40560;21250;28.9;15.2
90;2021-05-09;5;33;40565;21283;28.9;15.2
90;2021-05-10;505;584;41070;21867;29.3;15.6
90;2021-05-11;778;633;41848;22500;29.9;16.1
90;2021-05-12;530;596;42378;23096;30.2;16.5
90;2021-05-13;1112;264;43490;23360;31.0;16.7
90;2021-05-14;866;402;44356;23762;31.7;17.0
90;2021-05-15;14;125;44370;23887;31.7;17.0
90;2021-05-16;2;7;44372;23894;31.7;17.0
90;2021-05-17;793;289;45165;24183;32.2;17.3
90;2021-05-18;1023;470;46188;24653;33.0;17.6
90;2021-05-19;1264;383;47452;25036;33.9;17.9
90;2021-05-20;1200;266;48652;25302;34.7;18.1
90;2021-05-21;1264;430;49916;25732;35.6;18.4
90;2021-05-22;9;131;49925;25863;35.6;18.5
90;2021-05-23;1;0;49926;25863;35.6;18.5
90;2021-05-24;368;266;50294;26129;35.9;18.6
90;2021-05-25;637;792;50931;26921;36.3;19.2
90;2021-05-26;631;568;51562;27489;36.8;19.6
90;2021-05-27;963;381;52525;27870;37.5;19.9
90;2021-05-28;668;826;53193;28696;38.0;20.5
90;2021-05-29;93;296;53286;28992;38.0;20.7
90;2021-05-30;4;1;53290;28993;38.0;20.7
90;2021-05-31;809;714;54099;29707;38.6;21.2
90;2021-06-01;968;742;55067;30449;39.3;21.7
90;2021-06-02;759;675;55826;31124;39.8;22.2
90;2021-06-03;757;743;56583;31867;40.4;22.7
90;2021-06-04;833;973;57416;32840;41.0;23.4
90;2021-06-05;53;425;57469;33265;41.0;23.7
90;2021-06-06;1;16;57470;33281;41.0;23.7
90;2021-06-07;1265;1081;58735;34362;41.9;24.5
90;2021-06-08;1481;935;60216;35297;43.0;25.2
90;2021-06-09;964;658;61180;35955;43.7;25.7
90;2021-06-10;624;496;61804;36451;44.1;26.0
90;2021-06-11;787;1127;62591;37578;44.7;26.8
90;2021-06-12;806;298;63397;37876;45.2;27.0
90;2021-06-13;10;12;63407;37888;45.2;27.0
90;2021-06-14;260;973;63667;38861;45.4;27.7
90;2021-06-15;564;879;64231;39740;45.8;28.4
90;2021-06-16;505;547;64736;40287;46.2;28.7
90;2021-06-17;437;637;65173;40924;46.5;29.2
90;2021-06-18;609;994;65782;41918;46.9;29.9
90;2021-06-19;449;169;66231;42087;47.3;30.0
90;2021-06-20;0;28;66231;42115;47.3;30.1
90;2021-06-21;254;1178;66485;43293;47.4;30.9
90;2021-06-22;383;948;66868;44241;47.7;31.6
90;2021-06-23;413;633;67281;44874;48.0;32.0
90;2021-06-24;317;602;67598;45476;48.2;32.4
90;2021-06-25;425;1271;68023;46747;48.5;33.4
90;2021-06-26;420;561;68443;47308;48.8;33.8
90;2021-06-27;2;6;68445;47314;48.8;33.8
90;2021-06-28;374;1297;68819;48611;49.1;34.7
90;2021-06-29;302;1304;69121;49915;49.3;35.6
90;2021-06-30;479;1228;69600;51143;49.7;36.5
90;2021-07-01;340;919;69940;52062;49.9;37.1
90;2021-07-02;502;1206;70442;53268;50.3;38.0
90;2021-07-03;42;129;70484;53397;50.3;38.1
90;2021-07-04;0;21;70484;53418;50.3;38.1
90;2021-07-05;393;1017;70877;54435;50.6;38.8
90;2021-07-06;507;970;71384;55405;50.9;39.5
90;2021-07-07;370;996;71754;56401;51.2;40.2
90;2021-07-08;301;608;72055;57009;51.4;40.7
90;2021-07-09;433;950;72488;57959;51.7;41.4
90;2021-07-10;27;90;72515;58049;51.7;41.4
90;2021-07-11;5;17;72520;58066;51.7;41.4
90;2021-07-12;238;1077;72758;59143;51.9;42.2
90;2021-07-13;474;1159;73232;60302;52.3;43.0
90;2021-07-14;0;8;73232;60310;52.3;43.0
90;2021-07-15;783;1445;74015;61755;52.8;44.1
90;2021-07-16;814;1685;74829;63440;53.4;45.3
90;2021-07-17;480;955;75309;64395;53.7;45.9
90;2021-07-18;4;2;75313;64397;53.7;46.0
90;2021-07-19;1179;1458;76492;65855;54.6;47.0
90;2021-07-20;1334;1132;77826;66987;55.5;47.8
90;2021-07-21;1388;976;79214;67963;56.5;48.5
90;2021-07-22;1110;692;80324;68655;57.3;49.0
90;2021-07-23;960;1021;81284;69676;58.0;49.7
90;2021-07-24;116;64;81400;69740;58.1;49.8
90;2021-07-25;2;1;81402;69741;58.1;49.8
90;2021-07-26;1068;802;82470;70543;58.8;50.3
90;2021-07-27;1073;739;83543;71282;59.6;50.9
90;2021-07-28;808;706;84351;71988;60.2;51.4
90;2021-07-29;831;434;85182;72422;60.8;51.7
90;2021-07-30;776;490;85958;72912;61.3;52.0
90;2021-07-31;477;313;86435;73225;61.7;52.2
90;2021-08-01;0;3;86435;73228;61.7;52.3
91;2020-12-27;0;0;0;0;0.0;0.0
91;2020-12-28;0;0;0;0;0.0;0.0
91;2020-12-29;1;0;1;0;0.0;0.0
91;2020-12-30;1;0;2;0;0.0;0.0
91;2020-12-31;0;0;2;0;0.0;0.0
91;2021-01-01;5;0;7;0;0.0;0.0
91;2021-01-02;0;0;7;0;0.0;0.0
91;2021-01-03;0;0;7;0;0.0;0.0
91;2021-01-04;1;0;8;0;0.0;0.0
91;2021-01-05;71;0;79;0;0.0;0.0
91;2021-01-06;188;1;267;1;0.0;0.0
91;2021-01-07;523;6;790;7;0.1;0.0
91;2021-01-08;393;0;1183;7;0.1;0.0
91;2021-01-09;89;3;1272;10;0.1;0.0
91;2021-01-10;0;0;1272;10;0.1;0.0
91;2021-01-11;595;3;1867;13;0.1;0.0
91;2021-01-12;899;8;2766;21;0.2;0.0
91;2021-01-13;702;6;3468;27;0.3;0.0
91;2021-01-14;721;9;4189;36;0.3;0.0
91;2021-01-15;568;3;4757;39;0.4;0.0
91;2021-01-16;316;8;5073;47;0.4;0.0
91;2021-01-17;116;1;5189;48;0.4;0.0
91;2021-01-18;991;4;6180;52;0.5;0.0
91;2021-01-19;1861;12;8041;64;0.6;0.0
91;2021-01-20;2368;18;10409;82;0.8;0.0
91;2021-01-21;2093;14;12502;96;0.9;0.0
91;2021-01-22;1821;8;14323;104;1.1;0.0
91;2021-01-23;413;1;14736;105;1.1;0.0
91;2021-01-24;53;0;14789;105;1.1;0.0
91;2021-01-25;1047;3;15836;108;1.2;0.0
91;2021-01-26;1571;40;17407;148;1.3;0.0
91;2021-01-27;2412;96;19819;244;1.5;0.0
91;2021-01-28;1971;223;21790;467;1.7;0.0
91;2021-01-29;1747;63;23537;530;1.8;0.0
91;2021-01-30;422;7;23959;537;1.8;0.0
91;2021-01-31;54;0;24013;537;1.8;0.0
91;2021-02-01;959;219;24972;756;1.9;0.1
91;2021-02-02;858;365;25830;1121;2.0;0.1
91;2021-02-03;936;571;26766;1692;2.0;0.1
91;2021-02-04;883;282;27649;1974;2.1;0.1
91;2021-02-05;1034;356;28683;2330;2.2;0.2
91;2021-02-06;336;91;29019;2421;2.2;0.2
91;2021-02-07;13;0;29032;2421;2.2;0.2
91;2021-02-08;902;605;29934;3026;2.3;0.2
91;2021-02-09;961;862;30895;3888;2.3;0.3
91;2021-02-10;1066;991;31961;4879;2.4;0.4
91;2021-02-11;1120;997;33081;5876;2.5;0.4
91;2021-02-12;1056;836;34137;6712;2.6;0.5
91;2021-02-13;331;359;34468;7071;2.6;0.5
91;2021-02-14;18;112;34486;7183;2.6;0.5
91;2021-02-15;367;1265;34853;8448;2.6;0.6
91;2021-02-16;548;1763;35401;10211;2.7;0.8
91;2021-02-17;810;2679;36211;12890;2.7;1.0
91;2021-02-18;938;2013;37149;14903;2.8;1.1
91;2021-02-19;864;1387;38013;16290;2.9;1.2
91;2021-02-20;165;362;38178;16652;2.9;1.3
91;2021-02-21;11;50;38189;16702;2.9;1.3
91;2021-02-22;335;1207;38524;17909;2.9;1.4
91;2021-02-23;397;1076;38921;18985;2.9;1.4
91;2021-02-24;473;1060;39394;20045;3.0;1.5
91;2021-02-25;731;1021;40125;21066;3.0;1.6
91;2021-02-26;1095;1058;41220;22124;3.1;1.7
91;2021-02-27;610;326;41830;22450;3.2;1.7
91;2021-02-28;65;66;41895;22516;3.2;1.7
91;2021-03-01;931;1069;42826;23585;3.2;1.8
91;2021-03-02;1256;1093;44082;24678;3.3;1.9
91;2021-03-03;1465;1279;45547;25957;3.5;2.0
91;2021-03-04;2417;1113;47964;27070;3.6;2.1
91;2021-03-05;3346;1163;51310;28233;3.9;2.1
91;2021-03-06;4902;450;56212;28683;4.3;2.2
91;2021-03-07;3209;107;59421;28790;4.5;2.2
91;2021-03-08;1473;1064;60894;29854;4.6;2.3
91;2021-03-09;2623;987;63517;30841;4.8;2.3
91;2021-03-10;2616;1022;66133;31863;5.0;2.4
91;2021-03-11;3782;1113;69915;32976;5.3;2.5
91;2021-03-12;4779;1034;74694;34010;5.7;2.6
91;2021-03-13;5253;319;79947;34329;6.1;2.6
91;2021-03-14;302;25;80249;34354;6.1;2.6
91;2021-03-15;2977;434;83226;34788;6.3;2.6
91;2021-03-16;2603;377;85829;35165;6.5;2.7
91;2021-03-17;2221;344;88050;35509;6.7;2.7
91;2021-03-18;2386;403;90436;35912;6.9;2.7
91;2021-03-19;4092;377;94528;36289;7.2;2.8
91;2021-03-20;3609;175;98137;36464;7.4;2.8
91;2021-03-21;138;30;98275;36494;7.4;2.8
91;2021-03-22;3148;602;101423;37096;7.7;2.8
91;2021-03-23;4135;695;105558;37791;8.0;2.9
91;2021-03-24;3935;491;109493;38282;8.3;2.9
91;2021-03-25;5051;518;114544;38800;8.7;2.9
91;2021-03-26;5546;538;120090;39338;9.1;3.0
91;2021-03-27;4988;326;125078;39664;9.5;3.0
91;2021-03-28;282;57;125360;39721;9.5;3.0
91;2021-03-29;3302;1035;128662;40756;9.8;3.1
91;2021-03-30;4420;1210;133082;41966;10.1;3.2
91;2021-03-31;3363;1333;136445;43299;10.3;3.3
91;2021-04-01;3737;1667;140182;44966;10.6;3.4
91;2021-04-02;3884;2309;144066;47275;10.9;3.6
91;2021-04-03;1870;2874;145936;50149;11.1;3.8
91;2021-04-04;648;1318;146584;51467;11.1;3.9
91;2021-04-05;561;130;147145;51597;11.2;3.9
91;2021-04-06;3399;1787;150544;53384;11.4;4.0
91;2021-04-07;3415;1932;153959;55316;11.7;4.2
91;2021-04-08;4653;2141;158612;57457;12.0;4.4
91;2021-04-09;5338;2140;163950;59597;12.4;4.5
91;2021-04-10;2728;2817;166678;62414;12.6;4.7
91;2021-04-11;191;141;166869;62555;12.6;4.7
91;2021-04-12;2853;2273;169722;64828;12.9;4.9
91;2021-04-13;3758;2643;173480;67471;13.1;5.1
91;2021-04-14;3706;2316;177186;69787;13.4;5.3
91;2021-04-15;4477;2505;181663;72292;13.8;5.5
91;2021-04-16;4551;2790;186214;75082;14.1;5.7
91;2021-04-17;2981;2077;189195;77159;14.3;5.8
91;2021-04-18;266;70;189461;77229;14.4;5.9
91;2021-04-19;2303;2729;191764;79958;14.5;6.1
91;2021-04-20;3179;2982;194943;82940;14.8;6.3
91;2021-04-21;2986;2896;197929;85836;15.0;6.5
91;2021-04-22;3158;3359;201087;89195;15.2;6.8
91;2021-04-23;3711;3352;204798;92547;15.5;7.0
91;2021-04-24;3480;3725;208278;96272;15.8;7.3
91;2021-04-25;2615;641;210893;96913;16.0;7.3
91;2021-04-26;3487;2798;214380;99711;16.2;7.6
91;2021-04-27;4482;2923;218862;102634;16.6;7.8
91;2021-04-28;4565;2702;223427;105336;16.9;8.0
91;2021-04-29;5741;3048;229168;108384;17.4;8.2
91;2021-04-30;5382;2844;234550;111228;17.8;8.4
91;2021-05-01;3512;519;238062;111747;18.0;8.5
91;2021-05-02;623;132;238685;111879;18.1;8.5
91;2021-05-03;5204;2285;243889;114164;18.5;8.7
91;2021-05-04;5586;3166;249475;117330;18.9;8.9
91;2021-05-05;4848;2863;254323;120193;19.3;9.1
91;2021-05-06;5243;3368;259566;123561;19.7;9.4
91;2021-05-07;6125;3740;265691;127301;20.1;9.6
91;2021-05-08;6511;959;272202;128260;20.6;9.7
91;2021-05-09;4804;559;277006;128819;21.0;9.8
91;2021-05-10;5894;3005;282900;131824;21.4;10.0
91;2021-05-11;6830;3826;289730;135650;22.0;10.3
91;2021-05-12;5883;3437;295613;139087;22.4;10.5
91;2021-05-13;4823;1079;300436;140166;22.8;10.6
91;2021-05-14;6545;2384;306981;142550;23.3;10.8
91;2021-05-15;7795;1918;314776;144468;23.9;10.9
91;2021-05-16;4582;369;319358;144837;24.2;11.0
91;2021-05-17;6952;1710;326310;146547;24.7;11.1
91;2021-05-18;8111;1736;334421;148283;25.3;11.2
91;2021-05-19;7098;1694;341519;149977;25.9;11.4
91;2021-05-20;8196;2141;349715;152118;26.5;11.5
91;2021-05-21;8138;2578;357853;154696;27.1;11.7
91;2021-05-22;7660;1542;365513;156238;27.7;11.8
91;2021-05-23;4797;522;370310;156760;28.1;11.9
91;2021-05-24;5013;600;375323;157360;28.4;11.9
91;2021-05-25;7625;2644;382948;160004;29.0;12.1
91;2021-05-26;6867;2939;389815;162943;29.5;12.3
91;2021-05-27;7965;3443;397780;166386;30.1;12.6
91;2021-05-28;7527;4313;405307;170699;30.7;12.9
91;2021-05-29;9295;3498;414602;174197;31.4;13.2
91;2021-05-30;5953;963;420555;175160;31.9;13.3
91;2021-05-31;6740;3698;427295;178858;32.4;13.6
91;2021-06-01;7781;4773;435076;183631;33.0;13.9
91;2021-06-02;7445;3955;442521;187586;33.5;14.2
91;2021-06-03;7858;4780;450379;192366;34.1;14.6
91;2021-06-04;7177;5717;457556;198083;34.7;15.0
91;2021-06-05;6382;5805;463938;203888;35.2;15.5
91;2021-06-06;4087;2506;468025;206394;35.5;15.6
91;2021-06-07;5880;5474;473905;211868;35.9;16.1
91;2021-06-08;7041;5792;480946;217660;36.5;16.5
91;2021-06-09;6466;5134;487412;222794;36.9;16.9
91;2021-06-10;7170;5770;494582;228564;37.5;17.3
91;2021-06-11;6540;7108;501122;235672;38.0;17.9
91;2021-06-12;6223;7356;507345;243028;38.5;18.4
91;2021-06-13;2851;2314;510196;245342;38.7;18.6
91;2021-06-14;4225;7196;514421;252538;39.0;19.1
91;2021-06-15;5565;7249;519986;259787;39.4;19.7
91;2021-06-16;5300;6442;525286;266229;39.8;20.2
91;2021-06-17;6234;7129;531520;273358;40.3;20.7
91;2021-06-18;4629;8729;536149;282087;40.6;21.4
91;2021-06-19;4182;7149;540331;289236;41.0;21.9
91;2021-06-20;1006;4211;541337;293447;41.0;22.2
91;2021-06-21;3225;7235;544562;300682;41.3;22.8
91;2021-06-22;4156;9223;548718;309905;41.6;23.5
91;2021-06-23;4306;7958;553024;317863;41.9;24.1
91;2021-06-24;4896;8475;557920;326338;42.3;24.7
91;2021-06-25;3464;9167;561384;335505;42.5;25.4
91;2021-06-26;2979;8035;564363;343540;42.8;26.0
91;2021-06-27;550;2999;564913;346539;42.8;26.3
91;2021-06-28;3118;8227;568031;354766;43.1;26.9
91;2021-06-29;3565;9632;571596;364398;43.3;27.6
91;2021-06-30;3938;8686;575534;373084;43.6;28.3
91;2021-07-01;4064;8863;579598;381947;43.9;28.9
91;2021-07-02;3744;9303;583342;391250;44.2;29.7
91;2021-07-03;2831;9782;586173;401032;44.4;30.4
91;2021-07-04;835;4721;587008;405753;44.5;30.8
91;2021-07-05;2642;7258;589650;413011;44.7;31.3
91;2021-07-06;3672;9423;593322;422434;45.0;32.0
91;2021-07-07;3772;8581;597094;431015;45.3;32.7
91;2021-07-08;4325;8983;601419;439998;45.6;33.3
91;2021-07-09;3923;9954;605342;449952;45.9;34.1
91;2021-07-10;3321;10222;608663;460174;46.1;34.9
91;2021-07-11;981;4795;609644;464969;46.2;35.2
91;2021-07-12;2783;8885;612427;473854;46.4;35.9
91;2021-07-13;4433;10375;616860;484229;46.8;36.7
91;2021-07-14;2266;3574;619126;487803;46.9;37.0
91;2021-07-15;4507;9807;623633;497610;47.3;37.7
91;2021-07-16;6240;9725;629873;507335;47.7;38.5
91;2021-07-17;5641;9038;635514;516373;48.2;39.1
91;2021-07-18;3381;3645;638895;520018;48.4;39.4
91;2021-07-19;3739;7525;642634;527543;48.7;40.0
91;2021-07-20;6033;9276;648667;536819;49.2;40.7
91;2021-07-21;6192;7699;654859;544518;49.6;41.3
91;2021-07-22;6417;8354;661276;552872;50.1;41.9
91;2021-07-23;6891;8243;668167;561115;50.6;42.5
91;2021-07-24;4933;6452;673100;567567;51.0;43.0
91;2021-07-25;3234;1355;676334;568922;51.3;43.1
91;2021-07-26;4888;6563;681222;575485;51.6;43.6
91;2021-07-27;7476;7014;688698;582499;52.2;44.1
91;2021-07-28;7205;5849;695903;588348;52.7;44.6
91;2021-07-29;7307;5855;703210;594203;53.3;45.0
91;2021-07-30;6858;5699;710068;599902;53.8;45.5
91;2021-07-31;4807;4738;714875;604640;54.2;45.8
91;2021-08-01;2584;1295;717459;605935;54.4;45.9
92;2020-12-27;11;0;11;0;0.0;0.0
92;2020-12-28;7;0;18;0;0.0;0.0
92;2020-12-29;53;0;71;0;0.0;0.0
92;2020-12-30;25;0;96;0;0.0;0.0
92;2020-12-31;3;0;99;0;0.0;0.0
92;2021-01-01;13;0;112;0;0.0;0.0
92;2021-01-02;2;0;114;0;0.0;0.0
92;2021-01-03;4;0;118;0;0.0;0.0
92;2021-01-04;56;1;174;1;0.0;0.0
92;2021-01-05;221;1;395;2;0.0;0.0
92;2021-01-06;406;3;801;5;0.0;0.0
92;2021-01-07;654;5;1455;10;0.1;0.0
92;2021-01-08;834;4;2289;14;0.1;0.0
92;2021-01-09;117;1;2406;15;0.1;0.0
92;2021-01-10;37;0;2443;15;0.2;0.0
92;2021-01-11;835;5;3278;20;0.2;0.0
92;2021-01-12;1285;10;4563;30;0.3;0.0
92;2021-01-13;1228;15;5791;45;0.4;0.0
92;2021-01-14;1190;17;6981;62;0.4;0.0
92;2021-01-15;961;6;7942;68;0.5;0.0
92;2021-01-16;175;1;8117;69;0.5;0.0
92;2021-01-17;13;0;8130;69;0.5;0.0
92;2021-01-18;1531;23;9661;92;0.6;0.0
92;2021-01-19;1545;21;11206;113;0.7;0.0
92;2021-01-20;1798;14;13004;127;0.8;0.0
92;2021-01-21;3393;20;16397;147;1.0;0.0
92;2021-01-22;2599;43;18996;190;1.2;0.0
92;2021-01-23;132;0;19128;190;1.2;0.0
92;2021-01-24;15;0;19143;190;1.2;0.0
92;2021-01-25;833;14;19976;204;1.2;0.0
92;2021-01-26;1208;12;21184;216;1.3;0.0
92;2021-01-27;2205;95;23389;311;1.4;0.0
92;2021-01-28;4091;186;27480;497;1.7;0.0
92;2021-01-29;2705;265;30185;762;1.9;0.0
92;2021-01-30;319;13;30504;775;1.9;0.0
92;2021-01-31;17;2;30521;777;1.9;0.0
92;2021-02-01;853;324;31374;1101;1.9;0.1
92;2021-02-02;1044;356;32418;1457;2.0;0.1
92;2021-02-03;994;449;33412;1906;2.1;0.1
92;2021-02-04;1035;548;34447;2454;2.1;0.2
92;2021-02-05;1324;503;35771;2957;2.2;0.2
92;2021-02-06;109;17;35880;2974;2.2;0.2
92;2021-02-07;7;14;35887;2988;2.2;0.2
92;2021-02-08;565;735;36452;3723;2.3;0.2
92;2021-02-09;1055;1304;37507;5027;2.3;0.3
92;2021-02-10;1057;1307;38564;6334;2.4;0.4
92;2021-02-11;1486;1926;40050;8260;2.5;0.5
92;2021-02-12;1404;1481;41454;9741;2.6;0.6
92;2021-02-13;66;61;41520;9802;2.6;0.6
92;2021-02-14;14;0;41534;9802;2.6;0.6
92;2021-02-15;563;1667;42097;11469;2.6;0.7
92;2021-02-16;778;2064;42875;13533;2.7;0.8
92;2021-02-17;604;1757;43479;15290;2.7;0.9
92;2021-02-18;1561;3670;45040;18960;2.8;1.2
92;2021-02-19;1714;2653;46754;21613;2.9;1.3
92;2021-02-20;138;401;46892;22014;2.9;1.4
92;2021-02-21;25;53;46917;22067;2.9;1.4
92;2021-02-22;487;1224;47404;23291;2.9;1.4
92;2021-02-23;721;1365;48125;24656;3.0;1.5
92;2021-02-24;605;1301;48730;25957;3.0;1.6
92;2021-02-25;907;1818;49637;27775;3.1;1.7
92;2021-02-26;1444;1367;51081;29142;3.2;1.8
92;2021-02-27;493;189;51574;29331;3.2;1.8
92;2021-02-28;58;55;51632;29386;3.2;1.8
92;2021-03-01;1089;1045;52721;30431;3.3;1.9
92;2021-03-02;1956;1363;54677;31794;3.4;2.0
92;2021-03-03;2780;1094;57457;32888;3.6;2.0
92;2021-03-04;3577;1521;61034;34409;3.8;2.1
92;2021-03-05;4967;1713;66001;36122;4.1;2.2
92;2021-03-06;5707;321;71708;36443;4.4;2.3
92;2021-03-07;2894;232;74602;36675;4.6;2.3
92;2021-03-08;2404;818;77006;37493;4.8;2.3
92;2021-03-09;3428;1020;80434;38513;5.0;2.4
92;2021-03-10;3924;936;84358;39449;5.2;2.4
92;2021-03-11;5001;1379;89359;40828;5.5;2.5
92;2021-03-12;6754;1539;96113;42367;6.0;2.6
92;2021-03-13;5147;219;101260;42586;6.3;2.6
92;2021-03-14;1729;71;102989;42657;6.4;2.6
92;2021-03-15;3778;587;106767;43244;6.6;2.7
92;2021-03-16;3683;584;110450;43828;6.8;2.7
92;2021-03-17;3864;408;114314;44236;7.1;2.7
92;2021-03-18;4112;738;118426;44974;7.3;2.8
92;2021-03-19;5904;700;124330;45674;7.7;2.8
92;2021-03-20;2532;71;126862;45745;7.9;2.8
92;2021-03-21;140;30;127002;45775;7.9;2.8
92;2021-03-22;4105;476;131107;46251;8.1;2.9
92;2021-03-23;6086;865;137193;47116;8.5;2.9
92;2021-03-24;6364;633;143557;47749;8.9;3.0
92;2021-03-25;8423;624;151980;48373;9.4;3.0
92;2021-03-26;8346;889;160326;49262;9.9;3.1
92;2021-03-27;2822;263;163148;49525;10.1;3.1
92;2021-03-28;536;37;163684;49562;10.1;3.1
92;2021-03-29;4649;1051;168333;50613;10.4;3.1
92;2021-03-30;6379;1540;174712;52153;10.8;3.2
92;2021-03-31;5527;2246;180239;54399;11.2;3.4
92;2021-04-01;6250;3676;186489;58075;11.6;3.6
92;2021-04-02;5621;3411;192110;61486;11.9;3.8
92;2021-04-03;871;1417;192981;62903;12.0;3.9
92;2021-04-04;481;1062;193462;63965;12.0;4.0
92;2021-04-05;807;155;194269;64120;12.0;4.0
92;2021-04-06;3636;1955;197905;66075;12.3;4.1
92;2021-04-07;4985;2881;202890;68956;12.6;4.3
92;2021-04-08;5955;3171;208845;72127;12.9;4.5
92;2021-04-09;8025;3032;216870;75159;13.4;4.7
92;2021-04-10;2625;1291;219495;76450;13.6;4.7
92;2021-04-11;149;807;219644;77257;13.6;4.8
92;2021-04-12;3665;2519;223309;79776;13.8;4.9
92;2021-04-13;4372;4430;227681;84206;14.1;5.2
92;2021-04-14;4862;4037;232543;88243;14.4;5.5
92;2021-04-15;5290;3949;237833;92192;14.7;5.7
92;2021-04-16;5039;3850;242872;96042;15.1;6.0
92;2021-04-17;1794;1189;244666;97231;15.2;6.0
92;2021-04-18;340;94;245006;97325;15.2;6.0
92;2021-04-19;2800;2839;247806;100164;15.4;6.2
92;2021-04-20;4184;3751;251990;103915;15.6;6.4
92;2021-04-21;4605;4511;256595;108426;15.9;6.7
92;2021-04-22;4654;5120;261249;113546;16.2;7.0
92;2021-04-23;5214;4672;266463;118218;16.5;7.3
92;2021-04-24;4935;1909;271398;120127;16.8;7.4
92;2021-04-25;1788;149;273186;120276;16.9;7.5
92;2021-04-26;3990;3621;277176;123897;17.2;7.7
92;2021-04-27;6039;5258;283215;129155;17.5;8.0
92;2021-04-28;7372;4498;290587;133653;18.0;8.3
92;2021-04-29;7980;4776;298567;138429;18.5;8.6
92;2021-04-30;8834;4833;307401;143262;19.0;8.9
92;2021-05-01;1197;406;308598;143668;19.1;8.9
92;2021-05-02;658;137;309256;143805;19.2;8.9
92;2021-05-03;6774;3890;316030;147695;19.6;9.2
92;2021-05-04;10406;4365;326436;152060;20.2;9.4
92;2021-05-05;10071;5259;336507;157319;20.9;9.7
92;2021-05-06;11421;4906;347928;162225;21.6;10.1
92;2021-05-07;9854;5289;357782;167514;22.2;10.4
92;2021-05-08;7208;1925;364990;169439;22.6;10.5
92;2021-05-09;3784;601;368774;170040;22.9;10.5
92;2021-05-10;9526;3998;378300;174038;23.4;10.8
92;2021-05-11;13969;5691;392269;179729;24.3;11.1
92;2021-05-12;14262;4575;406531;184304;25.2;11.4
92;2021-05-13;9159;911;415690;185215;25.8;11.5
92;2021-05-14;12019;2316;427709;187531;26.5;11.6
92;2021-05-15;8381;1229;436090;188760;27.0;11.7
92;2021-05-16;4132;448;440222;189208;27.3;11.7
92;2021-05-17;10639;2219;450861;191427;27.9;11.9
92;2021-05-18;16372;3125;467233;194552;29.0;12.1
92;2021-05-19;16018;3722;483251;198274;29.9;12.3
92;2021-05-20;16823;3980;500074;202254;31.0;12.5
92;2021-05-21;14070;3638;514144;205892;31.9;12.8
92;2021-05-22;8309;1521;522453;207413;32.4;12.9
92;2021-05-23;4080;454;526533;207867;32.6;12.9
92;2021-05-24;6113;853;532646;208720;33.0;12.9
92;2021-05-25;13100;4553;545746;213273;33.8;13.2
92;2021-05-26;11919;5041;557665;218314;34.6;13.5
92;2021-05-27;12720;6319;570385;224633;35.3;13.9
92;2021-05-28;11220;6279;581605;230912;36.0;14.3
92;2021-05-29;5445;2299;587050;233211;36.4;14.5
92;2021-05-30;2247;387;589297;233598;36.5;14.5
92;2021-05-31;12049;5306;601346;238904;37.3;14.8
92;2021-06-01;12577;7644;613923;246548;38.0;15.3
92;2021-06-02;14357;7208;628280;253756;38.9;15.7
92;2021-06-03;14578;8021;642858;261777;39.8;16.2
92;2021-06-04;12216;8227;655074;270004;40.6;16.7
92;2021-06-05;7383;6256;662457;276260;41.1;17.1
92;2021-06-06;3588;1678;666045;277938;41.3;17.2
92;2021-06-07;11432;7631;677477;285569;42.0;17.7
92;2021-06-08;12750;9596;690227;295165;42.8;18.3
92;2021-06-09;11635;9469;701862;304634;43.5;18.9
92;2021-06-10;11938;10558;713800;315192;44.2;19.5
92;2021-06-11;8142;11029;721942;326221;44.7;20.2
92;2021-06-12;6356;5095;728298;331316;45.1;20.5
92;2021-06-13;3962;2719;732260;334035;45.4;20.7
92;2021-06-14;5124;11166;737384;345201;45.7;21.4
92;2021-06-15;6472;13129;743856;358330;46.1;22.2
92;2021-06-16;6931;12992;750787;371322;46.5;23.0
92;2021-06-17;7405;14009;758192;385331;47.0;23.9
92;2021-06-18;6888;14382;765080;399713;47.4;24.8
92;2021-06-19;3951;9109;769031;408822;47.7;25.3
92;2021-06-20;1960;5612;770991;414434;47.8;25.7
92;2021-06-21;4800;12270;775791;426704;48.1;26.4
92;2021-06-22;5856;17554;781647;444258;48.4;27.5
92;2021-06-23;5467;16001;787114;460259;48.8;28.5
92;2021-06-24;6174;15119;793288;475378;49.2;29.5
92;2021-06-25;5099;16093;798387;491471;49.5;30.5
92;2021-06-26;4063;10451;802450;501922;49.7;31.1
92;2021-06-27;1856;6051;804306;507973;49.8;31.5
92;2021-06-28;3657;12048;807963;520021;50.1;32.2
92;2021-06-29;4658;18153;812621;538174;50.4;33.3
92;2021-06-30;4399;16213;817020;554387;50.6;34.4
92;2021-07-01;5422;16300;822442;570687;51.0;35.4
92;2021-07-02;4786;15274;827228;585961;51.3;36.3
92;2021-07-03;3294;10180;830522;596141;51.5;36.9
92;2021-07-04;1111;4204;831633;600345;51.5;37.2
92;2021-07-05;4752;12323;836385;612668;51.8;38.0
92;2021-07-06;5199;15792;841584;628460;52.2;38.9
92;2021-07-07;4210;11448;845794;639908;52.4;39.7
92;2021-07-08;5386;14634;851180;654542;52.7;40.6
92;2021-07-09;5836;14193;857016;668735;53.1;41.4
92;2021-07-10;4184;8430;861200;677165;53.4;42.0
92;2021-07-11;1461;2616;862661;679781;53.5;42.1
92;2021-07-12;4315;14619;866976;694400;53.7;43.0
92;2021-07-13;7787;17426;874763;711826;54.2;44.1
92;2021-07-14;5036;5728;879799;717554;54.5;44.5
92;2021-07-15;9482;16228;889281;733782;55.1;45.5
92;2021-07-16;8974;14142;898255;747924;55.7;46.3
92;2021-07-17;6489;7583;904744;755507;56.1;46.8
92;2021-07-18;1812;2479;906556;757986;56.2;47.0
92;2021-07-19;6419;13174;912975;771160;56.6;47.8
92;2021-07-20;9951;14047;922926;785207;57.2;48.7
92;2021-07-21;10344;12052;933270;797259;57.8;49.4
92;2021-07-22;11880;12907;945150;810166;58.6;50.2
92;2021-07-23;11485;11282;956635;821448;59.3;50.9
92;2021-07-24;6582;6202;963217;827650;59.7;51.3
92;2021-07-25;2755;2298;965972;829948;59.9;51.4
92;2021-07-26;9386;9117;975358;839065;60.4;52.0
92;2021-07-27;11375;9533;986733;848598;61.1;52.6
92;2021-07-28;11232;8072;997965;856670;61.8;53.1
92;2021-07-29;10299;8542;1008264;865212;62.5;53.6
92;2021-07-30;8930;8248;1017194;873460;63.0;54.1
92;2021-07-31;5662;4762;1022856;878222;63.4;54.4
92;2021-08-01;2173;1271;1025029;879493;63.5;54.5
93;2020-12-27;10;3;10;3;0.0;0.0
93;2020-12-28;2;0;12;3;0.0;0.0
93;2020-12-29;0;0;12;3;0.0;0.0
93;2020-12-30;43;0;55;3;0.0;0.0
93;2020-12-31;9;0;64;3;0.0;0.0
93;2021-01-01;5;0;69;3;0.0;0.0
93;2021-01-02;0;0;69;3;0.0;0.0
93;2021-01-03;3;0;72;3;0.0;0.0
93;2021-01-04;0;0;72;3;0.0;0.0
93;2021-01-05;59;0;131;3;0.0;0.0
93;2021-01-06;179;0;310;3;0.0;0.0
93;2021-01-07;375;3;685;6;0.0;0.0
93;2021-01-08;630;1;1315;7;0.1;0.0
93;2021-01-09;21;0;1336;7;0.1;0.0
93;2021-01-10;2;0;1338;7;0.1;0.0
93;2021-01-11;501;4;1839;11;0.1;0.0
93;2021-01-12;751;5;2590;16;0.2;0.0
93;2021-01-13;750;4;3340;20;0.2;0.0
93;2021-01-14;682;18;4022;38;0.2;0.0
93;2021-01-15;514;3;4536;41;0.3;0.0
93;2021-01-16;135;3;4671;44;0.3;0.0
93;2021-01-17;6;1;4677;45;0.3;0.0
93;2021-01-18;1194;8;5871;53;0.4;0.0
93;2021-01-19;1611;15;7482;68;0.4;0.0
93;2021-01-20;1555;11;9037;79;0.5;0.0
93;2021-01-21;1916;16;10953;95;0.7;0.0
93;2021-01-22;1382;14;12335;109;0.7;0.0
93;2021-01-23;711;8;13046;117;0.8;0.0
93;2021-01-24;0;0;13046;117;0.8;0.0
93;2021-01-25;1202;15;14248;132;0.9;0.0
93;2021-01-26;1289;36;15537;168;0.9;0.0
93;2021-01-27;2152;57;17689;225;1.1;0.0
93;2021-01-28;2260;203;19949;428;1.2;0.0
93;2021-01-29;1618;228;21567;656;1.3;0.0
93;2021-01-30;927;45;22494;701;1.3;0.0
93;2021-01-31;3;7;22497;708;1.3;0.0
93;2021-02-01;1178;171;23675;879;1.4;0.1
93;2021-02-02;1165;311;24840;1190;1.5;0.1
93;2021-02-03;1229;399;26069;1589;1.6;0.1
93;2021-02-04;922;565;26991;2154;1.6;0.1
93;2021-02-05;798;434;27789;2588;1.7;0.2
93;2021-02-06;693;70;28482;2658;1.7;0.2
93;2021-02-07;3;0;28485;2658;1.7;0.2
93;2021-02-08;910;647;29395;3305;1.8;0.2
93;2021-02-09;851;600;30246;3905;1.8;0.2
93;2021-02-10;879;679;31125;4584;1.9;0.3
93;2021-02-11;1239;831;32364;5415;1.9;0.3
93;2021-02-12;1040;640;33404;6055;2.0;0.4
93;2021-02-13;393;262;33797;6317;2.0;0.4
93;2021-02-14;13;59;33810;6376;2.0;0.4
93;2021-02-15;411;1283;34221;7659;2.0;0.5
93;2021-02-16;547;1239;34768;8898;2.1;0.5
93;2021-02-17;543;1772;35311;10670;2.1;0.6
93;2021-02-18;1132;1879;36443;12549;2.2;0.8
93;2021-02-19;991;1541;37434;14090;2.2;0.8
93;2021-02-20;304;668;37738;14758;2.3;0.9
93;2021-02-21;8;23;37746;14781;2.3;0.9
93;2021-02-22;599;1299;38345;16080;2.3;1.0
93;2021-02-23;562;1128;38907;17208;2.3;1.0
93;2021-02-24;642;1228;39549;18436;2.4;1.1
93;2021-02-25;898;1077;40447;19513;2.4;1.2
93;2021-02-26;1119;983;41566;20496;2.5;1.2
93;2021-02-27;542;623;42108;21119;2.5;1.3
93;2021-02-28;88;57;42196;21176;2.5;1.3
93;2021-03-01;1083;1075;43279;22251;2.6;1.3
93;2021-03-02;1443;1147;44722;23398;2.7;1.4
93;2021-03-03;1733;1188;46455;24586;2.8;1.5
93;2021-03-04;2708;1112;49163;25698;2.9;1.5
93;2021-03-05;3813;880;52976;26578;3.2;1.6
93;2021-03-06;5047;558;58023;27136;3.5;1.6
93;2021-03-07;4299;185;62322;27321;3.7;1.6
93;2021-03-08;2032;1250;64354;28571;3.9;1.7
93;2021-03-09;2914;953;67268;29524;4.0;1.8
93;2021-03-10;2856;1095;70124;30619;4.2;1.8
93;2021-03-11;3534;1227;73658;31846;4.4;1.9
93;2021-03-12;4127;1268;77785;33114;4.7;2.0
93;2021-03-13;4288;615;82073;33729;4.9;2.0
93;2021-03-14;876;63;82949;33792;5.0;2.0
93;2021-03-15;3549;674;86498;34466;5.2;2.1
93;2021-03-16;3155;614;89653;35080;5.4;2.1
93;2021-03-17;2644;590;92297;35670;5.5;2.1
93;2021-03-18;3306;712;95603;36382;5.7;2.2
93;2021-03-19;3762;631;99365;37013;5.9;2.2
93;2021-03-20;3461;278;102826;37291;6.2;2.2
93;2021-03-21;813;269;103639;37560;6.2;2.2
93;2021-03-22;3845;602;107484;38162;6.4;2.3
93;2021-03-23;4751;785;112235;38947;6.7;2.3
93;2021-03-24;4110;673;116345;39620;7.0;2.4
93;2021-03-25;5573;829;121918;40449;7.3;2.4
93;2021-03-26;5543;872;127461;41321;7.6;2.5
93;2021-03-27;4276;299;131737;41620;7.9;2.5
93;2021-03-28;609;40;132346;41660;7.9;2.5
93;2021-03-29;3854;956;136200;42616;8.2;2.6
93;2021-03-30;4724;1256;140924;43872;8.4;2.6
93;2021-03-31;3911;1229;144835;45101;8.7;2.7
93;2021-04-01;4051;3131;148886;48232;8.9;2.9
93;2021-04-02;3218;3548;152104;51780;9.1;3.1
93;2021-04-03;2518;2250;154622;54030;9.3;3.2
93;2021-04-04;760;155;155382;54185;9.3;3.2
93;2021-04-05;706;88;156088;54273;9.3;3.2
93;2021-04-06;4559;2333;160647;56606;9.6;3.4
93;2021-04-07;4901;2081;165548;58687;9.9;3.5
93;2021-04-08;5808;2669;171356;61356;10.3;3.7
93;2021-04-09;6089;3161;177445;64517;10.6;3.9
93;2021-04-10;4195;2468;181640;66985;10.9;4.0
93;2021-04-11;576;427;182216;67412;10.9;4.0
93;2021-04-12;4095;2926;186311;70338;11.2;4.2
93;2021-04-13;4601;3651;190912;73989;11.4;4.4
93;2021-04-14;4360;2471;195272;76460;11.7;4.6
93;2021-04-15;4556;3024;199828;79484;12.0;4.8
93;2021-04-16;4432;2984;204260;82468;12.2;4.9
93;2021-04-17;3514;2506;207774;84974;12.4;5.1
93;2021-04-18;289;435;208063;85409;12.5;5.1
93;2021-04-19;3771;2851;211834;88260;12.7;5.3
93;2021-04-20;4301;3273;216135;91533;12.9;5.5
93;2021-04-21;4140;2765;220275;94298;13.2;5.6
93;2021-04-22;4508;4009;224783;98307;13.5;5.9
93;2021-04-23;5618;3223;230401;101530;13.8;6.1
93;2021-04-24;5926;3320;236327;104850;14.2;6.3
93;2021-04-25;1732;588;238059;105438;14.3;6.3
93;2021-04-26;4854;3077;242913;108515;14.5;6.5
93;2021-04-27;6452;3629;249365;112144;14.9;6.7
93;2021-04-28;6071;3422;255436;115566;15.3;6.9
93;2021-04-29;7299;3235;262735;118801;15.7;7.1
93;2021-04-30;8258;3107;270993;121908;16.2;7.3
93;2021-05-01;4945;1184;275938;123092;16.5;7.4
93;2021-05-02;417;647;276355;123739;16.5;7.4
93;2021-05-03;8161;5109;284516;128848;17.0;7.7
93;2021-05-04;7826;5406;292342;134254;17.5;8.0
93;2021-05-05;7571;4798;299913;139052;18.0;8.3
93;2021-05-06;8237;4768;308150;143820;18.5;8.6
93;2021-05-07;6997;5417;315147;149237;18.9;8.9
93;2021-05-08;8350;2384;323497;151621;19.4;9.1
93;2021-05-09;6118;1363;329615;152984;19.7;9.2
93;2021-05-10;8246;4065;337861;157049;20.2;9.4
93;2021-05-11;9296;4803;347157;161852;20.8;9.7
93;2021-05-12;9176;3652;356333;165504;21.3;9.9
93;2021-05-13;8287;1655;364620;167159;21.8;10.0
93;2021-05-14;10420;3533;375040;170692;22.5;10.2
93;2021-05-15;11126;2999;386166;173691;23.1;10.4
93;2021-05-16;5556;727;391722;174418;23.5;10.4
93;2021-05-17;11898;2254;403620;176672;24.2;10.6
93;2021-05-18;14095;2384;417715;179056;25.0;10.7
93;2021-05-19;11433;2939;429148;181995;25.7;10.9
93;2021-05-20;12615;3476;441763;185471;26.5;11.1
93;2021-05-21;13003;2879;454766;188350;27.2;11.3
93;2021-05-22;12377;2202;467143;190552;28.0;11.4
93;2021-05-23;8481;1103;475624;191655;28.5;11.5
93;2021-05-24;11195;1942;486819;193597;29.1;11.6
93;2021-05-25;12286;4310;499105;197907;29.9;11.8
93;2021-05-26;11063;3743;510168;201650;30.5;12.1
93;2021-05-27;12693;3874;522861;205524;31.3;12.3
93;2021-05-28;12649;5251;535510;210775;32.1;12.6
93;2021-05-29;11389;4256;546899;215031;32.7;12.9
93;2021-05-30;8211;1371;555110;216402;33.2;13.0
93;2021-05-31;9174;5167;564284;221569;33.8;13.3
93;2021-06-01;11318;6264;575602;227833;34.5;13.6
93;2021-06-02;10379;5186;585981;233019;35.1;14.0
93;2021-06-03;10770;5504;596751;238523;35.7;14.3
93;2021-06-04;10543;7791;607294;246314;36.4;14.7
93;2021-06-05;8989;7344;616283;253658;36.9;15.2
93;2021-06-06;8380;1737;624663;255395;37.4;15.3
93;2021-06-07;10011;7508;634674;262903;38.0;15.7
93;2021-06-08;10336;7367;645010;270270;38.6;16.2
93;2021-06-09;10205;7280;655215;277550;39.2;16.6
93;2021-06-10;8884;8165;664099;285715;39.8;17.1
93;2021-06-11;8771;8805;672870;294520;40.3;17.6
93;2021-06-12;9854;6637;682724;301157;40.9;18.0
93;2021-06-13;7160;2111;689884;303268;41.3;18.2
93;2021-06-14;5348;9721;695232;312989;41.6;18.7
93;2021-06-15;6188;9650;701420;322639;42.0;19.3
93;2021-06-16;6618;9051;708038;331690;42.4;19.9
93;2021-06-17;5713;8459;713751;340149;42.7;20.4
93;2021-06-18;7145;11127;720896;351276;43.2;21.0
93;2021-06-19;7064;11088;727960;362364;43.6;21.7
93;2021-06-20;4945;6868;732905;369232;43.9;22.1
93;2021-06-21;3981;10720;736886;379952;44.1;22.7
93;2021-06-22;4634;11301;741520;391253;44.4;23.4
93;2021-06-23;4500;10590;746020;401843;44.7;24.1
93;2021-06-24;4156;10295;750176;412138;44.9;24.7
93;2021-06-25;5129;13055;755305;425193;45.2;25.5
93;2021-06-26;5286;13917;760591;439110;45.5;26.3
93;2021-06-27;3275;7111;763866;446221;45.7;26.7
93;2021-06-28;3654;12498;767520;458719;46.0;27.5
93;2021-06-29;3984;12339;771504;471058;46.2;28.2
93;2021-06-30;4086;11290;775590;482348;46.4;28.9
93;2021-07-01;5153;11118;780743;493466;46.7;29.5
93;2021-07-02;4547;12317;785290;505783;47.0;30.3
93;2021-07-03;5238;13433;790528;519216;47.3;31.1
93;2021-07-04;3074;7879;793602;527095;47.5;31.6
93;2021-07-05;4288;10833;797890;537928;47.8;32.2
93;2021-07-06;4516;11749;802406;549677;48.0;32.9
93;2021-07-07;4887;11391;807293;561068;48.3;33.6
93;2021-07-08;4813;10259;812106;571327;48.6;34.2
93;2021-07-09;5375;13008;817481;584335;48.9;35.0
93;2021-07-10;5820;14264;823301;598599;49.3;35.8
93;2021-07-11;3670;9084;826971;607683;49.5;36.4
93;2021-07-12;5329;12049;832300;619732;49.8;37.1
93;2021-07-13;10881;13234;843181;632966;50.5;37.9
93;2021-07-14;10489;6738;853670;639704;51.1;38.3
93;2021-07-15;12133;14067;865803;653771;51.8;39.1
93;2021-07-16;12902;13618;878705;667389;52.6;40.0
93;2021-07-17;11176;13844;889881;681233;53.3;40.8
93;2021-07-18;7307;8902;897188;690135;53.7;41.3
93;2021-07-19;9478;10858;906666;700993;54.3;42.0
93;2021-07-20;12431;10615;919097;711608;55.0;42.6
93;2021-07-21;13993;10836;933090;722444;55.9;43.3
93;2021-07-22;13920;9348;947010;731792;56.7;43.8
93;2021-07-23;14284;10561;961294;742353;57.6;44.4
93;2021-07-24;13744;10541;975038;752894;58.4;45.1
93;2021-07-25;8867;6254;983905;759148;58.9;45.5
93;2021-07-26;12182;7675;996087;766823;59.6;45.9
93;2021-07-27;14087;7245;1010174;774068;60.5;46.3
93;2021-07-28;14461;8083;1024635;782151;61.3;46.8
93;2021-07-29;13041;6901;1037676;789052;62.1;47.2
93;2021-07-30;13383;7678;1051059;796730;62.9;47.7
93;2021-07-31;11826;7555;1062885;804285;63.6;48.2
93;2021-08-01;6866;4432;1069751;808717;64.1;48.4
94;2020-12-27;3;0;3;0;0.0;0.0
94;2020-12-28;9;0;12;0;0.0;0.0
94;2020-12-29;0;0;12;0;0.0;0.0
94;2020-12-30;0;0;12;0;0.0;0.0
94;2020-12-31;4;0;16;0;0.0;0.0
94;2021-01-01;2;0;18;0;0.0;0.0
94;2021-01-02;0;0;18;0;0.0;0.0
94;2021-01-03;1;0;19;0;0.0;0.0
94;2021-01-04;35;2;54;2;0.0;0.0
94;2021-01-05;231;2;285;4;0.0;0.0
94;2021-01-06;329;4;614;8;0.0;0.0
94;2021-01-07;690;9;1304;17;0.1;0.0
94;2021-01-08;921;10;2225;27;0.2;0.0
94;2021-01-09;47;0;2272;27;0.2;0.0
94;2021-01-10;18;0;2290;27;0.2;0.0
94;2021-01-11;1013;10;3303;37;0.2;0.0
94;2021-01-12;1341;27;4644;64;0.3;0.0
94;2021-01-13;1407;22;6051;86;0.4;0.0
94;2021-01-14;1536;26;7587;112;0.5;0.0
94;2021-01-15;1219;22;8806;134;0.6;0.0
94;2021-01-16;196;2;9002;136;0.6;0.0
94;2021-01-17;93;1;9095;137;0.6;0.0
94;2021-01-18;1488;28;10583;165;0.8;0.0
94;2021-01-19;1947;26;12530;191;0.9;0.0
94;2021-01-20;2176;19;14706;210;1.0;0.0
94;2021-01-21;2996;16;17702;226;1.3;0.0
94;2021-01-22;2173;19;19875;245;1.4;0.0
94;2021-01-23;728;3;20603;248;1.5;0.0
94;2021-01-24;284;0;20887;248;1.5;0.0
94;2021-01-25;1466;18;22353;266;1.6;0.0
94;2021-01-26;1558;18;23911;284;1.7;0.0
94;2021-01-27;1801;25;25712;309;1.8;0.0
94;2021-01-28;1532;133;27244;442;1.9;0.0
94;2021-01-29;1380;149;28624;591;2.0;0.0
94;2021-01-30;579;4;29203;595;2.1;0.0
94;2021-01-31;119;8;29322;603;2.1;0.0
94;2021-02-01;926;155;30248;758;2.2;0.1
94;2021-02-02;851;252;31099;1010;2.2;0.1
94;2021-02-03;759;376;31858;1386;2.3;0.1
94;2021-02-04;900;434;32758;1820;2.3;0.1
94;2021-02-05;873;577;33631;2397;2.4;0.2
94;2021-02-06;405;78;34036;2475;2.4;0.2
94;2021-02-07;120;0;34156;2475;2.4;0.2
94;2021-02-08;634;549;34790;3024;2.5;0.2
94;2021-02-09;1034;991;35824;4015;2.5;0.3
94;2021-02-10;1097;1372;36921;5387;2.6;0.4
94;2021-02-11;1425;1558;38346;6945;2.7;0.5
94;2021-02-12;1386;1658;39732;8603;2.8;0.6
94;2021-02-13;300;263;40032;8866;2.8;0.6
94;2021-02-14;29;72;40061;8938;2.8;0.6
94;2021-02-15;751;1781;40812;10719;2.9;0.8
94;2021-02-16;701;2762;41513;13481;3.0;1.0
94;2021-02-17;713;1592;42226;15073;3.0;1.1
94;2021-02-18;785;1729;43011;16802;3.1;1.2
94;2021-02-19;959;1471;43970;18273;3.1;1.3
94;2021-02-20;134;922;44104;19195;3.1;1.4
94;2021-02-21;20;185;44124;19380;3.1;1.4
94;2021-02-22;520;1354;44644;20734;3.2;1.5
94;2021-02-23;625;1286;45269;22020;3.2;1.6
94;2021-02-24;692;928;45961;22948;3.3;1.6
94;2021-02-25;1068;1578;47029;24526;3.3;1.7
94;2021-02-26;1316;1076;48345;25602;3.4;1.8
94;2021-02-27;515;553;48860;26155;3.5;1.9
94;2021-02-28;90;84;48950;26239;3.5;1.9
94;2021-03-01;878;948;49828;27187;3.5;1.9
94;2021-03-02;1565;997;51393;28184;3.7;2.0
94;2021-03-03;1943;1021;53336;29205;3.8;2.1
94;2021-03-04;2854;1187;56190;30392;4.0;2.2
94;2021-03-05;3828;1342;60018;31734;4.3;2.3
94;2021-03-06;4812;576;64830;32310;4.6;2.3
94;2021-03-07;3686;556;68516;32866;4.9;2.3
94;2021-03-08;1910;804;70426;33670;5.0;2.4
94;2021-03-09;2548;931;72974;34601;5.2;2.5
94;2021-03-10;3191;1037;76165;35638;5.4;2.5
94;2021-03-11;3832;932;79997;36570;5.7;2.6
94;2021-03-12;4568;813;84565;37383;6.0;2.7
94;2021-03-13;4127;386;88692;37769;6.3;2.7
94;2021-03-14;2113;145;90805;37914;6.5;2.7
94;2021-03-15;3164;784;93969;38698;6.7;2.8
94;2021-03-16;2772;444;96741;39142;6.9;2.8
94;2021-03-17;2854;454;99595;39596;7.1;2.8
94;2021-03-18;3254;430;102849;40026;7.3;2.8
94;2021-03-19;4269;702;107118;40728;7.6;2.9
94;2021-03-20;3693;291;110811;41019;7.9;2.9
94;2021-03-21;1459;386;112270;41405;8.0;2.9
94;2021-03-22;3215;673;115485;42078;8.2;3.0
94;2021-03-23;4511;731;119996;42809;8.5;3.0
94;2021-03-24;4623;617;124619;43426;8.9;3.1
94;2021-03-25;6320;654;130939;44080;9.3;3.1
94;2021-03-26;6083;834;137022;44914;9.7;3.2
94;2021-03-27;4471;264;141493;45178;10.1;3.2
94;2021-03-28;1888;109;143381;45287;10.2;3.2
94;2021-03-29;4125;1222;147506;46509;10.5;3.3
94;2021-03-30;5295;1348;152801;47857;10.9;3.4
94;2021-03-31;4899;1804;157700;49661;11.2;3.5
94;2021-04-01;5816;2311;163516;51972;11.6;3.7
94;2021-04-02;5241;2325;168757;54297;12.0;3.9
94;2021-04-03;3087;2515;171844;56812;12.2;4.0
94;2021-04-04;1052;780;172896;57592;12.3;4.1
94;2021-04-05;833;158;173729;57750;12.4;4.1
94;2021-04-06;3571;2605;177300;60355;12.6;4.3
94;2021-04-07;3844;2259;181144;62614;12.9;4.5
94;2021-04-08;4617;2049;185761;64663;13.2;4.6
94;2021-04-09;5354;2470;191115;67133;13.6;4.8
94;2021-04-10;2958;3002;194073;70135;13.8;5.0
94;2021-04-11;1264;1766;195337;71901;13.9;5.1
94;2021-04-12;3439;2276;198776;74177;14.1;5.3
94;2021-04-13;4307;3426;203083;77603;14.4;5.5
94;2021-04-14;3895;2695;206978;80298;14.7;5.7
94;2021-04-15;4439;2985;211417;83283;15.0;5.9
94;2021-04-16;4700;2841;216117;86124;15.4;6.1
94;2021-04-17;2458;2762;218575;88886;15.5;6.3
94;2021-04-18;917;1249;219492;90135;15.6;6.4
94;2021-04-19;2974;2438;222466;92573;15.8;6.6
94;2021-04-20;3269;2706;225735;95279;16.1;6.8
94;2021-04-21;3216;3160;228951;98439;16.3;7.0
94;2021-04-22;3907;3641;232858;102080;16.6;7.3
94;2021-04-23;4108;3985;236966;106065;16.9;7.5
94;2021-04-24;4266;3398;241232;109463;17.2;7.8
94;2021-04-25;2410;1499;243642;110962;17.3;7.9
94;2021-04-26;4004;3272;247646;114234;17.6;8.1
94;2021-04-27;5089;3366;252735;117600;18.0;8.4
94;2021-04-28;4826;3623;257561;121223;18.3;8.6
94;2021-04-29;6408;3800;263969;125023;18.8;8.9
94;2021-04-30;6479;3925;270448;128948;19.2;9.2
94;2021-05-01;4056;1056;274504;130004;19.5;9.2
94;2021-05-02;3053;1469;277557;131473;19.7;9.4
94;2021-05-03;5733;5347;283290;136820;20.1;9.7
94;2021-05-04;6095;3567;289385;140387;20.6;10.0
94;2021-05-05;6180;3417;295565;143804;21.0;10.2
94;2021-05-06;7152;3532;302717;147336;21.5;10.5
94;2021-05-07;6667;4120;309384;151456;22.0;10.8
94;2021-05-08;4893;2544;314277;154000;22.4;11.0
94;2021-05-09;4226;2241;318503;156241;22.7;11.1
94;2021-05-10;7713;3127;326216;159368;23.2;11.3
94;2021-05-11;8974;3931;335190;163299;23.8;11.6
94;2021-05-12;9569;3604;344759;166903;24.5;11.9
94;2021-05-13;8675;1370;353434;168273;25.1;12.0
94;2021-05-14;9862;3318;363296;171591;25.8;12.2
94;2021-05-15;8941;2166;372237;173757;26.5;12.4
94;2021-05-16;5069;905;377306;174662;26.8;12.4
94;2021-05-17;10837;2247;388143;176909;27.6;12.6
94;2021-05-18;11291;2446;399434;179355;28.4;12.8
94;2021-05-19;11667;3591;411101;182946;29.2;13.0
94;2021-05-20;12142;4360;423243;187306;30.1;13.3
94;2021-05-21;11864;3152;435107;190458;30.9;13.5
94;2021-05-22;10291;1969;445398;192427;31.7;13.7
94;2021-05-23;5000;714;450398;193141;32.0;13.7
94;2021-05-24;9657;1345;460055;194486;32.7;13.8
94;2021-05-25;9989;4261;470044;198747;33.4;14.1
94;2021-05-26;10270;3304;480314;202051;34.2;14.4
94;2021-05-27;10858;4573;491172;206624;34.9;14.7
94;2021-05-28;10445;4953;501617;211577;35.7;15.0
94;2021-05-29;9873;3448;511490;215025;36.4;15.3
94;2021-05-30;4786;926;516276;215951;36.7;15.4
94;2021-05-31;9978;4230;526254;220181;37.4;15.7
94;2021-06-01;10234;5101;536488;225282;38.2;16.0
94;2021-06-02;9307;4582;545795;229864;38.8;16.3
94;2021-06-03;9524;5593;555319;235457;39.5;16.7
94;2021-06-04;10367;6522;565686;241979;40.2;17.2
94;2021-06-05;9196;6254;574882;248233;40.9;17.7
94;2021-06-06;3977;1849;578859;250082;41.2;17.8
94;2021-06-07;8657;5969;587516;256051;41.8;18.2
94;2021-06-08;8985;7525;596501;263576;42.4;18.7
94;2021-06-09;8917;8160;605418;271736;43.1;19.3
94;2021-06-10;8774;10974;614192;282710;43.7;20.1
94;2021-06-11;7815;8382;622007;291092;44.2;20.7
94;2021-06-12;10251;6828;632258;297920;45.0;21.2
94;2021-06-13;3469;3253;635727;301173;45.2;21.4
94;2021-06-14;6922;8218;642649;309391;45.7;22.0
94;2021-06-15;7704;8810;650353;318201;46.3;22.6
94;2021-06-16;7219;8267;657572;326468;46.8;23.2
94;2021-06-17;6676;9060;664248;335528;47.2;23.9
94;2021-06-18;6457;11945;670705;347473;47.7;24.7
94;2021-06-19;6009;9576;676714;357049;48.1;25.4
94;2021-06-20;1887;4008;678601;361057;48.3;25.7
94;2021-06-21;4446;11188;683047;372245;48.6;26.5
94;2021-06-22;4813;10813;687860;383058;48.9;27.2
94;2021-06-23;4117;11152;691977;394210;49.2;28.0
94;2021-06-24;4938;10321;696915;404531;49.6;28.8
94;2021-06-25;4254;13733;701169;418264;49.9;29.7
94;2021-06-26;3131;11984;704300;430248;50.1;30.6
94;2021-06-27;1057;5001;705357;435249;50.2;31.0
94;2021-06-28;3421;12076;708778;447325;50.4;31.8
94;2021-06-29;4010;12171;712788;459496;50.7;32.7
94;2021-06-30;3963;11622;716751;471118;51.0;33.5
94;2021-07-01;4347;11088;721098;482206;51.3;34.3
94;2021-07-02;4322;12172;725420;494378;51.6;35.2
94;2021-07-03;3578;11799;728998;506177;51.8;36.0
94;2021-07-04;1503;5079;730501;511256;52.0;36.4
94;2021-07-05;3428;11409;733929;522665;52.2;37.2
94;2021-07-06;3769;10878;737698;533543;52.5;37.9
94;2021-07-07;4117;11062;741815;544605;52.8;38.7
94;2021-07-08;4450;10010;746265;554615;53.1;39.4
94;2021-07-09;4192;11828;750457;566443;53.4;40.3
94;2021-07-10;3609;11350;754066;577793;53.6;41.1
94;2021-07-11;1465;4714;755531;582507;53.7;41.4
94;2021-07-12;3547;11950;759078;594457;54.0;42.3
94;2021-07-13;5690;11979;764768;606436;54.4;43.1
94;2021-07-14;3997;5266;768765;611702;54.7;43.5
94;2021-07-15;6248;12328;775013;624030;55.1;44.4
94;2021-07-16;6723;11265;781736;635295;55.6;45.2
94;2021-07-17;5592;11304;787328;646599;56.0;46.0
94;2021-07-18;2586;4013;789914;650612;56.2;46.3
94;2021-07-19;5824;10404;795738;661016;56.6;47.0
94;2021-07-20;7781;10321;803519;671337;57.1;47.7
94;2021-07-21;8328;9494;811847;680831;57.7;48.4
94;2021-07-22;9257;9341;821104;690172;58.4;49.1
94;2021-07-23;8632;9342;829736;699514;59.0;49.8
94;2021-07-24;7103;8827;836839;708341;59.5;50.4
94;2021-07-25;2179;2729;839018;711070;59.7;50.6
94;2021-07-26;7524;7999;846542;719069;60.2;51.1
94;2021-07-27;8510;7052;855052;726121;60.8;51.6
94;2021-07-28;8692;6472;863744;732593;61.4;52.1
94;2021-07-29;8748;6247;872492;738840;62.1;52.5
94;2021-07-30;7580;6450;880072;745290;62.6;53.0
94;2021-07-31;7072;6202;887144;751492;63.1;53.4
94;2021-08-01;3140;1730;890284;753222;63.3;53.6
95;2020-12-27;3;0;3;0;0.0;0.0
95;2020-12-28;4;0;7;0;0.0;0.0
95;2020-12-29;0;0;7;0;0.0;0.0
95;2020-12-30;0;0;7;0;0.0;0.0
95;2020-12-31;2;0;9;0;0.0;0.0
95;2021-01-01;0;0;9;0;0.0;0.0
95;2021-01-02;13;0;22;0;0.0;0.0
95;2021-01-03;1;0;23;0;0.0;0.0
95;2021-01-04;48;0;71;0;0.0;0.0
95;2021-01-05;290;0;361;0;0.0;0.0
95;2021-01-06;183;0;544;0;0.0;0.0
95;2021-01-07;130;0;674;0;0.1;0.0
95;2021-01-08;271;1;945;1;0.1;0.0
95;2021-01-09;251;0;1196;1;0.1;0.0
95;2021-01-10;382;1;1578;2;0.1;0.0
95;2021-01-11;482;1;2060;3;0.2;0.0
95;2021-01-12;862;1;2922;4;0.2;0.0
95;2021-01-13;781;13;3703;17;0.3;0.0
95;2021-01-14;880;12;4583;29;0.4;0.0
95;2021-01-15;754;4;5337;33;0.4;0.0
95;2021-01-16;297;3;5634;36;0.5;0.0
95;2021-01-17;218;1;5852;37;0.5;0.0
95;2021-01-18;1336;4;7188;41;0.6;0.0
95;2021-01-19;1570;4;8758;45;0.7;0.0
95;2021-01-20;2034;5;10792;50;0.9;0.0
95;2021-01-21;1852;3;12644;53;1.0;0.0
95;2021-01-22;1318;5;13962;58;1.1;0.0
95;2021-01-23;647;0;14609;58;1.2;0.0
95;2021-01-24;181;0;14790;58;1.2;0.0
95;2021-01-25;796;37;15586;95;1.2;0.0
95;2021-01-26;982;159;16568;254;1.3;0.0
95;2021-01-27;1248;191;17816;445;1.4;0.0
95;2021-01-28;1718;36;19534;481;1.6;0.0
95;2021-01-29;1246;210;20780;691;1.7;0.1
95;2021-01-30;477;5;21257;696;1.7;0.1
95;2021-01-31;212;2;21469;698;1.7;0.1
95;2021-02-01;565;276;22034;974;1.8;0.1
95;2021-02-02;528;268;22562;1242;1.8;0.1
95;2021-02-03;611;520;23173;1762;1.9;0.1
95;2021-02-04;1065;368;24238;2130;1.9;0.2
95;2021-02-05;731;308;24969;2438;2.0;0.2
95;2021-02-06;335;257;25304;2695;2.0;0.2
95;2021-02-07;140;421;25444;3116;2.0;0.2
95;2021-02-08;762;345;26206;3461;2.1;0.3
95;2021-02-09;1127;1090;27333;4551;2.2;0.4
95;2021-02-10;1254;1411;28587;5962;2.3;0.5
95;2021-02-11;1383;1146;29970;7108;2.4;0.6
95;2021-02-12;1031;993;31001;8101;2.5;0.6
95;2021-02-13;329;318;31330;8419;2.5;0.7
95;2021-02-14;37;194;31367;8613;2.5;0.7
95;2021-02-15;423;1064;31790;9677;2.5;0.8
95;2021-02-16;493;925;32283;10602;2.6;0.8
95;2021-02-17;652;1141;32935;11743;2.6;0.9
95;2021-02-18;721;1693;33656;13436;2.7;1.1
95;2021-02-19;783;1311;34439;14747;2.8;1.2
95;2021-02-20;305;493;34744;15240;2.8;1.2
95;2021-02-21;165;319;34909;15559;2.8;1.2
95;2021-02-22;327;1026;35236;16585;2.8;1.3
95;2021-02-23;367;731;35603;17316;2.9;1.4
95;2021-02-24;307;884;35910;18200;2.9;1.5
95;2021-02-25;721;1132;36631;19332;2.9;1.5
95;2021-02-26;988;888;37619;20220;3.0;1.6
95;2021-02-27;365;433;37984;20653;3.0;1.7
95;2021-02-28;61;236;38045;20889;3.0;1.7
95;2021-03-01;769;595;38814;21484;3.1;1.7
95;2021-03-02;1318;858;40132;22342;3.2;1.8
95;2021-03-03;1593;981;41725;23323;3.3;1.9
95;2021-03-04;3188;1193;44913;24516;3.6;2.0
95;2021-03-05;3652;1093;48565;25609;3.9;2.1
95;2021-03-06;4002;494;52567;26103;4.2;2.1
95;2021-03-07;4218;308;56785;26411;4.5;2.1
95;2021-03-08;1541;860;58326;27271;4.7;2.2
95;2021-03-09;2621;497;60947;27768;4.9;2.2
95;2021-03-10;2341;846;63288;28614;5.1;2.3
95;2021-03-11;3136;1141;66424;29755;5.3;2.4
95;2021-03-12;3515;786;69939;30541;5.6;2.4
95;2021-03-13;3516;409;73455;30950;5.9;2.5
95;2021-03-14;1982;289;75437;31239;6.0;2.5
95;2021-03-15;2369;318;77806;31557;6.2;2.5
95;2021-03-16;1571;413;79377;31970;6.4;2.6
95;2021-03-17;2101;410;81478;32380;6.5;2.6
95;2021-03-18;2795;363;84273;32743;6.8;2.6
95;2021-03-19;3467;349;87740;33092;7.0;2.7
95;2021-03-20;2589;199;90329;33291;7.2;2.7
95;2021-03-21;1198;234;91527;33525;7.3;2.7
95;2021-03-22;2936;364;94463;33889;7.6;2.7
95;2021-03-23;3431;452;97894;34341;7.8;2.8
95;2021-03-24;3931;498;101825;34839;8.2;2.8
95;2021-03-25;5852;638;107677;35477;8.6;2.8
95;2021-03-26;5427;668;113104;36145;9.1;2.9
95;2021-03-27;3745;203;116849;36348;9.4;2.9
95;2021-03-28;1531;108;118380;36456;9.5;2.9
95;2021-03-29;2891;572;121271;37028;9.7;3.0
95;2021-03-30;3879;1222;125150;38250;10.0;3.1
95;2021-03-31;3654;1658;128804;39908;10.3;3.2
95;2021-04-01;5477;2257;134281;42165;10.8;3.4
95;2021-04-02;3543;2749;137824;44914;11.0;3.6
95;2021-04-03;2091;2485;139915;47399;11.2;3.8
95;2021-04-04;1243;1183;141158;48582;11.3;3.9
95;2021-04-05;593;64;141751;48646;11.4;3.9
95;2021-04-06;1856;1536;143607;50182;11.5;4.0
95;2021-04-07;4949;2161;148556;52343;11.9;4.2
95;2021-04-08;4888;2451;153444;54794;12.3;4.4
95;2021-04-09;5428;2318;158872;57112;12.7;4.6
95;2021-04-10;3706;1427;162578;58539;13.0;4.7
95;2021-04-11;1566;1031;164144;59570;13.1;4.8
95;2021-04-12;3244;1607;167388;61177;13.4;4.9
95;2021-04-13;3140;1671;170528;62848;13.7;5.0
95;2021-04-14;2744;1991;173272;64839;13.9;5.2
95;2021-04-15;3895;3316;177167;68155;14.2;5.5
95;2021-04-16;4063;3020;181230;71175;14.5;5.7
95;2021-04-17;2374;1754;183604;72929;14.7;5.8
95;2021-04-18;1508;1020;185112;73949;14.8;5.9
95;2021-04-19;2565;2366;187677;76315;15.0;6.1
95;2021-04-20;2116;2450;189793;78765;15.2;6.3
95;2021-04-21;3929;2628;193722;81393;15.5;6.5
95;2021-04-22;3410;4621;197132;86014;15.8;6.9
95;2021-04-23;2766;3554;199898;89568;16.0;7.2
95;2021-04-24;3568;2579;203466;92147;16.3;7.4
95;2021-04-25;1959;1548;205425;93695;16.5;7.5
95;2021-04-26;2747;2701;208172;96396;16.7;7.7
95;2021-04-27;3848;2164;212020;98560;17.0;7.9
95;2021-04-28;3887;2666;215907;101226;17.3;8.1
95;2021-04-29;6135;4536;222042;105762;17.8;8.5
95;2021-04-30;6903;2931;228945;108693;18.3;8.7
95;2021-05-01;2366;915;231311;109608;18.5;8.8
95;2021-05-02;2445;1497;233756;111105;18.7;8.9
95;2021-05-03;5114;1907;238870;113012;19.1;9.1
95;2021-05-04;6351;2717;245221;115729;19.6;9.3
95;2021-05-05;5143;3810;250364;119539;20.1;9.6
95;2021-05-06;8202;4925;258566;124464;20.7;10.0
95;2021-05-07;5776;4748;264342;129212;21.2;10.4
95;2021-05-08;5739;1525;270081;130737;21.6;10.5
95;2021-05-09;2826;1571;272907;132308;21.9;10.6
95;2021-05-10;9948;3171;282855;135479;22.7;10.9
95;2021-05-11;8445;3453;291300;138932;23.3;11.1
95;2021-05-12;9459;3212;300759;142144;24.1;11.4
95;2021-05-13;7952;1203;308711;143347;24.7;11.5
95;2021-05-14;7010;1902;315721;145249;25.3;11.6
95;2021-05-15;4511;1067;320232;146316;25.7;11.7
95;2021-05-16;4818;820;325050;147136;26.0;11.8
95;2021-05-17;7734;1346;332784;148482;26.7;11.9
95;2021-05-18;9458;1856;342242;150338;27.4;12.0
95;2021-05-19;9242;2512;351484;152850;28.2;12.2
95;2021-05-20;12578;2440;364062;155290;29.2;12.4
95;2021-05-21;10176;2533;374238;157823;30.0;12.6
95;2021-05-22;9400;1548;383638;159371;30.7;12.8
95;2021-05-23;4140;940;387778;160311;31.1;12.8
95;2021-05-24;2395;539;390173;160850;31.3;12.9
95;2021-05-25;7206;2078;397379;162928;31.8;13.1
95;2021-05-26;8845;3116;406224;166044;32.5;13.3
95;2021-05-27;10357;4424;416581;170468;33.4;13.7
95;2021-05-28;7680;4421;424261;174889;34.0;14.0
95;2021-05-29;5263;2761;429524;177650;34.4;14.2
95;2021-05-30;3729;1691;433253;179341;34.7;14.4
95;2021-05-31;6423;3323;439676;182664;35.2;14.6
95;2021-06-01;8645;3794;448321;186458;35.9;14.9
95;2021-06-02;8661;4736;456982;191194;36.6;15.3
95;2021-06-03;8485;6549;465467;197743;37.3;15.8
95;2021-06-04;8848;4399;474315;202142;38.0;16.2
95;2021-06-05;8335;3736;482650;205878;38.7;16.5
95;2021-06-06;4825;1592;487475;207470;39.0;16.6
95;2021-06-07;6015;4537;493490;212007;39.5;17.0
95;2021-06-08;6518;5510;500008;217517;40.1;17.4
95;2021-06-09;5915;6458;505923;223975;40.5;17.9
95;2021-06-10;6352;6805;512275;230780;41.0;18.5
95;2021-06-11;7146;6433;519421;237213;41.6;19.0
95;2021-06-12;6001;4372;525422;241585;42.1;19.4
95;2021-06-13;2076;3284;527498;244869;42.3;19.6
95;2021-06-14;4867;5973;532365;250842;42.6;20.1
95;2021-06-15;4180;8037;536545;258879;43.0;20.7
95;2021-06-16;5164;7528;541709;266407;43.4;21.3
95;2021-06-17;6394;8151;548103;274558;43.9;22.0
95;2021-06-18;5344;7847;553447;282405;44.3;22.6
95;2021-06-19;4960;8919;558407;291324;44.7;23.3
95;2021-06-20;1414;3307;559821;294631;44.8;23.6
95;2021-06-21;3053;7701;562874;302332;45.1;24.2
95;2021-06-22;4832;9029;567706;311361;45.5;24.9
95;2021-06-23;4714;10870;572420;322231;45.9;25.8
95;2021-06-24;4880;10706;577300;332937;46.2;26.7
95;2021-06-25;4769;10344;582069;343281;46.6;27.5
95;2021-06-26;4314;8471;586383;351752;47.0;28.2
95;2021-06-27;1030;3987;587413;355739;47.1;28.5
95;2021-06-28;2667;9480;590080;365219;47.3;29.3
95;2021-06-29;2505;8779;592585;373998;47.5;30.0
95;2021-06-30;3865;9983;596450;383981;47.8;30.8
95;2021-07-01;4156;11139;600606;395120;48.1;31.7
95;2021-07-02;4022;10532;604628;405652;48.4;32.5
95;2021-07-03;3521;9148;608149;414800;48.7;33.2
95;2021-07-04;1262;3398;609411;418198;48.8;33.5
95;2021-07-05;2276;4373;611687;422571;49.0;33.9
95;2021-07-06;2601;7749;614288;430320;49.2;34.5
95;2021-07-07;3919;9618;618207;439938;49.5;35.2
95;2021-07-08;5249;9781;623456;449719;49.9;36.0
95;2021-07-09;4460;10055;627916;459774;50.3;36.8
95;2021-07-10;3384;7390;631300;467164;50.6;37.4
95;2021-07-11;1500;3604;632800;470768;50.7;37.7
95;2021-07-12;2922;9679;635722;480447;50.9;38.5
95;2021-07-13;5012;10041;640734;490488;51.3;39.3
95;2021-07-14;4311;5697;645045;496185;51.7;39.7
95;2021-07-15;7153;12268;652198;508453;52.2;40.7
95;2021-07-16;7857;11942;660055;520395;52.9;41.7
95;2021-07-17;5019;7807;665074;528202;53.3;42.3
95;2021-07-18;3320;2868;668394;531070;53.5;42.5
95;2021-07-19;4724;6832;673118;537902;53.9;43.1
95;2021-07-20;6802;8337;679920;546239;54.5;43.8
95;2021-07-21;9148;9395;689068;555634;55.2;44.5
95;2021-07-22;9875;9646;698943;565280;56.0;45.3
95;2021-07-23;10774;10155;709717;575435;56.9;46.1
95;2021-07-24;5237;6217;714954;581652;57.3;46.6
95;2021-07-25;2150;2266;717104;583918;57.4;46.8
95;2021-07-26;4465;3996;721569;587914;57.8;47.1
95;2021-07-27;8369;7005;729938;594919;58.5;47.7
95;2021-07-28;9606;7497;739544;602416;59.2;48.3
95;2021-07-29;8310;5433;747854;607849;59.9;48.7
95;2021-07-30;8356;7719;756210;615568;60.6;49.3
95;2021-07-31;4181;4069;760391;619637;60.9;49.6
95;2021-08-01;2174;1340;762565;620977;61.1;49.7
971;2020-12-27;0;0;0;0;0.0;0.0
971;2020-12-28;0;0;0;0;0.0;0.0
971;2020-12-29;0;0;0;0;0.0;0.0
971;2020-12-30;0;0;0;0;0.0;0.0
971;2020-12-31;0;0;0;0;0.0;0.0
971;2021-01-01;1;0;1;0;0.0;0.0
971;2021-01-02;0;0;1;0;0.0;0.0
971;2021-01-03;0;0;1;0;0.0;0.0
971;2021-01-04;1;0;2;0;0.0;0.0
971;2021-01-05;0;0;2;0;0.0;0.0
971;2021-01-06;1;0;3;0;0.0;0.0
971;2021-01-07;0;0;3;0;0.0;0.0
971;2021-01-08;56;1;59;1;0.0;0.0
971;2021-01-09;20;0;79;1;0.0;0.0
971;2021-01-10;0;0;79;1;0.0;0.0
971;2021-01-11;59;0;138;1;0.0;0.0
971;2021-01-12;45;0;183;1;0.0;0.0
971;2021-01-13;46;1;229;2;0.1;0.0
971;2021-01-14;63;0;292;2;0.1;0.0
971;2021-01-15;77;0;369;2;0.1;0.0
971;2021-01-16;0;0;369;2;0.1;0.0
971;2021-01-17;0;0;369;2;0.1;0.0
971;2021-01-18;79;0;448;2;0.1;0.0
971;2021-01-19;144;0;592;2;0.2;0.0
971;2021-01-20;135;0;727;2;0.2;0.0
971;2021-01-21;151;1;878;3;0.2;0.0
971;2021-01-22;134;0;1012;3;0.3;0.0
971;2021-01-23;1;0;1013;3;0.3;0.0
971;2021-01-24;0;0;1013;3;0.3;0.0
971;2021-01-25;202;1;1215;4;0.3;0.0
971;2021-01-26;214;1;1429;5;0.4;0.0
971;2021-01-27;234;0;1663;5;0.4;0.0
971;2021-01-28;239;3;1902;8;0.5;0.0
971;2021-01-29;197;2;2099;10;0.6;0.0
971;2021-01-30;23;0;2122;10;0.6;0.0
971;2021-01-31;1;0;2123;10;0.6;0.0
971;2021-02-01;227;4;2350;14;0.6;0.0
971;2021-02-02;243;26;2593;40;0.7;0.0
971;2021-02-03;221;3;2814;43;0.7;0.0
971;2021-02-04;299;21;3113;64;0.8;0.0
971;2021-02-05;273;32;3386;96;0.9;0.0
971;2021-02-06;49;1;3435;97;0.9;0.0
971;2021-02-07;0;0;3435;97;0.9;0.0
971;2021-02-08;245;22;3680;119;1.0;0.0
971;2021-02-09;313;29;3993;148;1.1;0.0
971;2021-02-10;236;29;4229;177;1.1;0.0
971;2021-02-11;296;112;4525;289;1.2;0.1
971;2021-02-12;285;26;4810;315;1.3;0.1
971;2021-02-13;50;7;4860;322;1.3;0.1
971;2021-02-14;19;36;4879;358;1.3;0.1
971;2021-02-15;83;46;4962;404;1.3;0.1
971;2021-02-16;16;1;4978;405;1.3;0.1
971;2021-02-17;17;1;4995;406;1.3;0.1
971;2021-02-18;241;17;5236;423;1.4;0.1
971;2021-02-19;239;21;5475;444;1.5;0.1
971;2021-02-20;48;0;5523;444;1.5;0.1
971;2021-02-21;1;0;5524;444;1.5;0.1
971;2021-02-22;173;65;5697;509;1.5;0.1
971;2021-02-23;196;74;5893;583;1.6;0.2
971;2021-02-24;330;125;6223;708;1.7;0.2
971;2021-02-25;376;80;6599;788;1.8;0.2
971;2021-02-26;219;84;6818;872;1.8;0.2
971;2021-02-27;65;0;6883;872;1.8;0.2
971;2021-02-28;1;0;6884;872;1.8;0.2
971;2021-03-01;170;82;7054;954;1.9;0.3
971;2021-03-02;268;132;7322;1086;1.9;0.3
971;2021-03-03;237;121;7559;1207;2.0;0.3
971;2021-03-04;326;86;7885;1293;2.1;0.3
971;2021-03-05;364;152;8249;1445;2.2;0.4
971;2021-03-06;594;7;8843;1452;2.3;0.4
971;2021-03-07;1;0;8844;1452;2.3;0.4
971;2021-03-08;299;141;9143;1593;2.4;0.4
971;2021-03-09;367;155;9510;1748;2.5;0.5
971;2021-03-10;419;164;9929;1912;2.6;0.5
971;2021-03-11;123;46;10052;1958;2.7;0.5
971;2021-03-12;494;227;10546;2185;2.8;0.6
971;2021-03-13;135;3;10681;2188;2.8;0.6
971;2021-03-14;14;24;10695;2212;2.8;0.6
971;2021-03-15;418;46;11113;2258;2.9;0.6
971;2021-03-16;472;84;11585;2342;3.1;0.6
971;2021-03-17;451;89;12036;2431;3.2;0.6
971;2021-03-18;559;106;12595;2537;3.3;0.7
971;2021-03-19;568;99;13163;2636;3.5;0.7
971;2021-03-20;177;44;13340;2680;3.5;0.7
971;2021-03-21;8;0;13348;2680;3.5;0.7
971;2021-03-22;354;87;13702;2767;3.6;0.7
971;2021-03-23;532;157;14234;2924;3.8;0.8
971;2021-03-24;466;108;14700;3032;3.9;0.8
971;2021-03-25;757;181;15457;3213;4.1;0.9
971;2021-03-26;641;121;16098;3334;4.3;0.9
971;2021-03-27;283;47;16381;3381;4.3;0.9
971;2021-03-28;21;1;16402;3382;4.4;0.9
971;2021-03-29;380;84;16782;3466;4.5;0.9
971;2021-03-30;621;164;17403;3630;4.6;1.0
971;2021-03-31;547;132;17950;3762;4.8;1.0
971;2021-04-01;654;198;18604;3960;4.9;1.1
971;2021-04-02;38;35;18642;3995;4.9;1.1
971;2021-04-03;53;2;18695;3997;5.0;1.1
971;2021-04-04;4;18;18699;4015;5.0;1.1
971;2021-04-05;12;0;18711;4015;5.0;1.1
971;2021-04-06;479;193;19190;4208;5.1;1.1
971;2021-04-07;579;118;19769;4326;5.2;1.1
971;2021-04-08;498;162;20267;4488;5.4;1.2
971;2021-04-09;485;210;20752;4698;5.5;1.2
971;2021-04-10;100;4;20852;4702;5.5;1.2
971;2021-04-11;6;23;20858;4725;5.5;1.3
971;2021-04-12;297;262;21155;4987;5.6;1.3
971;2021-04-13;554;324;21709;5311;5.8;1.4
971;2021-04-14;437;223;22146;5534;5.9;1.5
971;2021-04-15;550;313;22696;5847;6.0;1.6
971;2021-04-16;563;273;23259;6120;6.2;1.6
971;2021-04-17;207;4;23466;6124;6.2;1.6
971;2021-04-18;5;14;23471;6138;6.2;1.6
971;2021-04-19;398;243;23869;6381;6.3;1.7
971;2021-04-20;723;344;24592;6725;6.5;1.8
971;2021-04-21;625;312;25217;7037;6.7;1.9
971;2021-04-22;811;334;26028;7371;6.9;2.0
971;2021-04-23;846;250;26874;7621;7.1;2.0
971;2021-04-24;388;75;27262;7696;7.2;2.0
971;2021-04-25;598;63;27860;7759;7.4;2.1
971;2021-04-26;956;216;28816;7975;7.6;2.1
971;2021-04-27;691;235;29507;8210;7.8;2.2
971;2021-04-28;858;266;30365;8476;8.1;2.2
971;2021-04-29;1198;202;31563;8678;8.4;2.3
971;2021-04-30;1265;189;32828;8867;8.7;2.4
971;2021-05-01;600;44;33428;8911;8.9;2.4
971;2021-05-02;352;18;33780;8929;9.0;2.4
971;2021-05-03;915;179;34695;9108;9.2;2.4
971;2021-05-04;957;206;35652;9314;9.5;2.5
971;2021-05-05;1011;251;36663;9565;9.7;2.5
971;2021-05-06;1146;174;37809;9739;10.0;2.6
971;2021-05-07;1251;267;39060;10006;10.4;2.7
971;2021-05-08;321;36;39381;10042;10.4;2.7
971;2021-05-09;182;10;39563;10052;10.5;2.7
971;2021-05-10;837;214;40400;10266;10.7;2.7
971;2021-05-11;962;314;41362;10580;11.0;2.8
971;2021-05-12;905;325;42267;10905;11.2;2.9
971;2021-05-13;211;79;42478;10984;11.3;2.9
971;2021-05-14;861;275;43339;11259;11.5;3.0
971;2021-05-15;480;14;43819;11273;11.6;3.0
971;2021-05-16;181;36;44000;11309;11.7;3.0
971;2021-05-17;715;275;44715;11584;11.9;3.1
971;2021-05-18;742;389;45457;11973;12.1;3.2
971;2021-05-19;701;529;46158;12502;12.2;3.3
971;2021-05-20;802;377;46960;12879;12.5;3.4
971;2021-05-21;822;408;47782;13287;12.7;3.5
971;2021-05-22;501;214;48283;13501;12.8;3.6
971;2021-05-23;203;114;48486;13615;12.9;3.6
971;2021-05-24;201;176;48687;13791;12.9;3.7
971;2021-05-25;544;661;49231;14452;13.1;3.8
971;2021-05-26;593;492;49824;14944;13.2;4.0
971;2021-05-27;131;185;49955;15129;13.3;4.0
971;2021-05-28;517;526;50472;15655;13.4;4.2
971;2021-05-29;236;138;50708;15793;13.5;4.2
971;2021-05-30;76;113;50784;15906;13.5;4.2
971;2021-05-31;453;535;51237;16441;13.6;4.4
971;2021-06-01;587;709;51824;17150;13.8;4.6
971;2021-06-02;577;707;52401;17857;13.9;4.7
971;2021-06-03;506;564;52907;18421;14.0;4.9
971;2021-06-04;793;806;53700;19227;14.2;5.1
971;2021-06-05;315;645;54015;19872;14.3;5.3
971;2021-06-06;135;530;54150;20402;14.4;5.4
971;2021-06-07;426;784;54576;21186;14.5;5.6
971;2021-06-08;516;892;55092;22078;14.6;5.9
971;2021-06-09;497;860;55589;22938;14.7;6.1
971;2021-06-10;532;845;56121;23783;14.9;6.3
971;2021-06-11;465;1242;56586;25025;15.0;6.6
971;2021-06-12;298;664;56884;25689;15.1;6.8
971;2021-06-13;128;314;57012;26003;15.1;6.9
971;2021-06-14;366;3795;57378;29798;15.2;7.9
971;2021-06-15;487;2009;57865;31807;15.4;8.4
971;2021-06-16;478;1484;58343;33291;15.5;8.8
971;2021-06-17;428;1013;58771;34304;15.6;9.1
971;2021-06-18;473;1019;59244;35323;15.7;9.4
971;2021-06-19;314;508;59558;35831;15.8;9.5
971;2021-06-20;110;230;59668;36061;15.8;9.6
971;2021-06-21;325;681;59993;36742;15.9;9.7
971;2021-06-22;323;873;60316;37615;16.0;10.0
971;2021-06-23;365;891;60681;38506;16.1;10.2
971;2021-06-24;393;733;61074;39239;16.2;10.4
971;2021-06-25;447;765;61521;40004;16.3;10.6
971;2021-06-26;296;514;61817;40518;16.4;10.8
971;2021-06-27;115;148;61932;40666;16.4;10.8
971;2021-06-28;302;690;62234;41356;16.5;11.0
971;2021-06-29;371;780;62605;42136;16.6;11.2
971;2021-06-30;432;919;63037;43055;16.7;11.4
971;2021-07-01;350;652;63387;43707;16.8;11.6
971;2021-07-02;419;693;63806;44400;16.9;11.8
971;2021-07-03;267;464;64073;44864;17.0;11.9
971;2021-07-04;112;239;64185;45103;17.0;12.0
971;2021-07-05;320;509;64505;45612;17.1;12.1
971;2021-07-06;376;765;64881;46377;17.2;12.3
971;2021-07-07;372;846;65253;47223;17.3;12.5
971;2021-07-08;403;791;65656;48014;17.4;12.7
971;2021-07-09;424;796;66080;48810;17.5;13.0
971;2021-07-10;241;294;66321;49104;17.6;13.0
971;2021-07-11;168;135;66489;49239;17.6;13.1
971;2021-07-12;473;610;66962;49849;17.8;13.2
971;2021-07-13;833;1005;67795;50854;18.0;13.5
971;2021-07-14;456;281;68251;51135;18.1;13.6
971;2021-07-15;842;833;69093;51968;18.3;13.8
971;2021-07-16;1064;1035;70157;53003;18.6;14.1
971;2021-07-17;641;441;70798;53444;18.8;14.2
971;2021-07-18;398;215;71196;53659;18.9;14.2
971;2021-07-19;570;576;71766;54235;19.0;14.4
971;2021-07-20;774;722;72540;54957;19.2;14.6
971;2021-07-21;754;491;73294;55448;19.4;14.7
971;2021-07-22;854;856;74148;56304;19.7;14.9
971;2021-07-23;937;743;75085;57047;19.9;15.1
971;2021-07-24;407;377;75492;57424;20.0;15.2
971;2021-07-25;248;259;75740;57683;20.1;15.3
971;2021-07-26;562;553;76302;58236;20.2;15.5
971;2021-07-27;718;566;77020;58802;20.4;15.6
971;2021-07-28;714;636;77734;59438;20.6;15.8
971;2021-07-29;815;651;78549;60089;20.8;15.9
971;2021-07-30;1148;735;79697;60824;21.1;16.1
971;2021-07-31;543;405;80240;61229;21.3;16.2
971;2021-08-01;295;244;80535;61473;21.4;16.3
972;2020-12-27;0;0;0;0;0.0;0.0
972;2020-12-28;0;0;0;0;0.0;0.0
972;2020-12-29;0;0;0;0;0.0;0.0
972;2020-12-30;0;0;0;0;0.0;0.0
972;2020-12-31;0;0;0;0;0.0;0.0
972;2021-01-01;0;0;0;0;0.0;0.0
972;2021-01-02;0;0;0;0;0.0;0.0
972;2021-01-03;0;0;0;0;0.0;0.0
972;2021-01-04;0;0;0;0;0.0;0.0
972;2021-01-05;0;0;0;0;0.0;0.0
972;2021-01-06;5;0;5;0;0.0;0.0
972;2021-01-07;31;0;36;0;0.0;0.0
972;2021-01-08;90;1;126;1;0.0;0.0
972;2021-01-09;20;0;146;1;0.0;0.0
972;2021-01-10;0;0;146;1;0.0;0.0
972;2021-01-11;122;0;268;1;0.1;0.0
972;2021-01-12;79;0;347;1;0.1;0.0
972;2021-01-13;64;0;411;1;0.1;0.0
972;2021-01-14;88;1;499;2;0.1;0.0
972;2021-01-15;160;0;659;2;0.2;0.0
972;2021-01-16;51;0;710;2;0.2;0.0
972;2021-01-17;0;0;710;2;0.2;0.0
972;2021-01-18;158;0;868;2;0.2;0.0
972;2021-01-19;168;1;1036;3;0.3;0.0
972;2021-01-20;165;0;1201;3;0.3;0.0
972;2021-01-21;181;2;1382;5;0.4;0.0
972;2021-01-22;173;0;1555;5;0.4;0.0
972;2021-01-23;58;0;1613;5;0.4;0.0
972;2021-01-24;0;0;1613;5;0.4;0.0
972;2021-01-25;161;0;1774;5;0.5;0.0
972;2021-01-26;137;1;1911;6;0.5;0.0
972;2021-01-27;163;5;2074;11;0.6;0.0
972;2021-01-28;152;12;2226;23;0.6;0.0
972;2021-01-29;143;41;2369;64;0.7;0.0
972;2021-01-30;96;16;2465;80;0.7;0.0
972;2021-01-31;0;0;2465;80;0.7;0.0
972;2021-02-01;119;74;2584;154;0.7;0.0
972;2021-02-02;184;96;2768;250;0.8;0.1
972;2021-02-03;132;80;2900;330;0.8;0.1
972;2021-02-04;158;73;3058;403;0.9;0.1
972;2021-02-05;124;96;3182;499;0.9;0.1
972;2021-02-06;62;26;3244;525;0.9;0.1
972;2021-02-07;1;0;3245;525;0.9;0.1
972;2021-02-08;137;80;3382;605;0.9;0.2
972;2021-02-09;176;78;3558;683;1.0;0.2
972;2021-02-10;152;90;3710;773;1.0;0.2
972;2021-02-11;150;103;3860;876;1.1;0.2
972;2021-02-12;146;131;4006;1007;1.1;0.3
972;2021-02-13;47;37;4053;1044;1.1;0.3
972;2021-02-14;0;0;4053;1044;1.1;0.3
972;2021-02-15;51;67;4104;1111;1.1;0.3
972;2021-02-16;0;1;4104;1112;1.1;0.3
972;2021-02-17;1;3;4105;1115;1.1;0.3
972;2021-02-18;69;127;4174;1242;1.2;0.3
972;2021-02-19;69;131;4243;1373;1.2;0.4
972;2021-02-20;48;68;4291;1441;1.2;0.4
972;2021-02-21;0;0;4291;1441;1.2;0.4
972;2021-02-22;102;60;4393;1501;1.2;0.4
972;2021-02-23;113;237;4506;1738;1.3;0.5
972;2021-02-24;106;223;4612;1961;1.3;0.5
972;2021-02-25;89;150;4701;2111;1.3;0.6
972;2021-02-26;132;169;4833;2280;1.3;0.6
972;2021-02-27;69;52;4902;2332;1.4;0.7
972;2021-02-28;0;0;4902;2332;1.4;0.7
972;2021-03-01;137;146;5039;2478;1.4;0.7
972;2021-03-02;157;79;5196;2557;1.4;0.7
972;2021-03-03;179;145;5375;2702;1.5;0.8
972;2021-03-04;151;135;5526;2837;1.5;0.8
972;2021-03-05;238;128;5764;2965;1.6;0.8
972;2021-03-06;119;58;5883;3023;1.6;0.8
972;2021-03-07;100;1;5983;3024;1.7;0.8
972;2021-03-08;196;133;6179;3157;1.7;0.9
972;2021-03-09;282;101;6461;3258;1.8;0.9
972;2021-03-10;322;134;6783;3392;1.9;0.9
972;2021-03-11;336;82;7119;3474;2.0;1.0
972;2021-03-12;413;54;7532;3528;2.1;1.0
972;2021-03-13;155;21;7687;3549;2.1;1.0
972;2021-03-14;4;1;7691;3550;2.1;1.0
972;2021-03-15;276;90;7967;3640;2.2;1.0
972;2021-03-16;305;55;8272;3695;2.3;1.0
972;2021-03-17;388;49;8660;3744;2.4;1.0
972;2021-03-18;434;44;9094;3788;2.5;1.1
972;2021-03-19;397;63;9491;3851;2.6;1.1
972;2021-03-20;149;48;9640;3899;2.7;1.1
972;2021-03-21;25;1;9665;3900;2.7;1.1
972;2021-03-22;362;118;10027;4018;2.8;1.1
972;2021-03-23;403;123;10430;4141;2.9;1.2
972;2021-03-24;429;107;10859;4248;3.0;1.2
972;2021-03-25;477;100;11336;4348;3.2;1.2
972;2021-03-26;634;102;11970;4450;3.3;1.2
972;2021-03-27;152;70;12122;4520;3.4;1.3
972;2021-03-28;81;2;12203;4522;3.4;1.3
972;2021-03-29;422;165;12625;4687;3.5;1.3
972;2021-03-30;469;244;13094;4931;3.6;1.4
972;2021-03-31;1148;192;14242;5123;4.0;1.4
972;2021-04-01;955;171;15197;5294;4.2;1.5
972;2021-04-02;895;13;16092;5307;4.5;1.5
972;2021-04-03;788;53;16880;5360;4.7;1.5
972;2021-04-04;751;11;17631;5371;4.9;1.5
972;2021-04-05;829;44;18460;5415;5.1;1.5
972;2021-04-06;883;135;19343;5550;5.4;1.5
972;2021-04-07;1435;326;20778;5876;5.8;1.6
972;2021-04-08;1306;271;22084;6147;6.2;1.7
972;2021-04-09;1240;316;23324;6463;6.5;1.8
972;2021-04-10;838;165;24162;6628;6.7;1.8
972;2021-04-11;621;14;24783;6642;6.9;1.9
972;2021-04-12;867;315;25650;6957;7.1;1.9
972;2021-04-13;880;327;26530;7284;7.4;2.0
972;2021-04-14;959;323;27489;7607;7.7;2.1
972;2021-04-15;959;298;28448;7905;7.9;2.2
972;2021-04-16;994;300;29442;8205;8.2;2.3
972;2021-04-17;529;161;29971;8366;8.4;2.3
972;2021-04-18;339;56;30310;8422;8.4;2.3
972;2021-04-19;668;344;30978;8766;8.6;2.4
972;2021-04-20;868;309;31846;9075;8.9;2.5
972;2021-04-21;999;354;32845;9429;9.2;2.6
972;2021-04-22;605;314;33450;9743;9.3;2.7
972;2021-04-23;606;465;34056;10208;9.5;2.8
972;2021-04-24;362;197;34418;10405;9.6;2.9
972;2021-04-25;168;199;34586;10604;9.6;3.0
972;2021-04-26;516;541;35102;11145;9.8;3.1
972;2021-04-27;568;609;35670;11754;9.9;3.3
972;2021-04-28;449;691;36119;12445;10.1;3.5
972;2021-04-29;653;641;36772;13086;10.3;3.6
972;2021-04-30;771;687;37543;13773;10.5;3.8
972;2021-05-01;244;246;37787;14019;10.5;3.9
972;2021-05-02;226;513;38013;14532;10.6;4.1
972;2021-05-03;569;772;38582;15304;10.8;4.3
972;2021-05-04;525;678;39107;15982;10.9;4.5
972;2021-05-05;547;896;39654;16878;11.1;4.7
972;2021-05-06;546;785;40200;17663;11.2;4.9
972;2021-05-07;629;1014;40829;18677;11.4;5.2
972;2021-05-08;225;526;41054;19203;11.4;5.4
972;2021-05-09;172;506;41226;19709;11.5;5.5
972;2021-05-10;520;857;41746;20566;11.6;5.7
972;2021-05-11;477;872;42223;21438;11.8;6.0
972;2021-05-12;557;912;42780;22350;11.9;6.2
972;2021-05-13;274;533;43054;22883;12.0;6.4
972;2021-05-14;389;752;43443;23635;12.1;6.6
972;2021-05-15;233;578;43676;24213;12.2;6.7
972;2021-05-16;155;442;43831;24655;12.2;6.9
972;2021-05-17;474;753;44305;25408;12.3;7.1
972;2021-05-18;446;680;44751;26088;12.5;7.3
972;2021-05-19;453;744;45204;26832;12.6;7.5
972;2021-05-20;594;500;45798;27332;12.8;7.6
972;2021-05-21;545;705;46343;28037;12.9;7.8
972;2021-05-22;186;364;46529;28401;13.0;7.9
972;2021-05-23;111;182;46640;28583;13.0;8.0
972;2021-05-24;135;241;46775;28824;13.0;8.0
972;2021-05-25;351;698;47126;29522;13.1;8.2
972;2021-05-26;383;714;47509;30236;13.2;8.4
972;2021-05-27;270;647;47779;30883;13.3;8.6
972;2021-05-28;279;816;48058;31699;13.4;8.8
972;2021-05-29;154;513;48212;32212;13.4;9.0
972;2021-05-30;17;33;48229;32245;13.4;9.0
972;2021-05-31;345;682;48574;32927;13.5;9.2
972;2021-06-01;300;547;48874;33474;13.6;9.3
972;2021-06-02;324;575;49198;34049;13.7;9.5
972;2021-06-03;247;425;49445;34474;13.8;9.6
972;2021-06-04;350;644;49795;35118;13.9;9.8
972;2021-06-05;261;373;50056;35491;14.0;9.9
972;2021-06-06;24;31;50080;35522;14.0;9.9
972;2021-06-07;259;737;50339;36259;14.0;10.1
972;2021-06-08;255;589;50594;36848;14.1;10.3
972;2021-06-09;303;699;50897;37547;14.2;10.5
972;2021-06-10;307;453;51204;38000;14.3;10.6
972;2021-06-11;361;534;51565;38534;14.4;10.7
972;2021-06-12;246;322;51811;38856;14.4;10.8
972;2021-06-13;32;29;51843;38885;14.5;10.8
972;2021-06-14;367;552;52210;39437;14.6;11.0
972;2021-06-15;410;488;52620;39925;14.7;11.1
972;2021-06-16;436;436;53056;40361;14.8;11.3
972;2021-06-17;355;576;53411;40937;14.9;11.4
972;2021-06-18;457;538;53868;41475;15.0;11.6
972;2021-06-19;225;196;54093;41671;15.1;11.6
972;2021-06-20;25;17;54118;41688;15.1;11.6
972;2021-06-21;330;579;54448;42267;15.2;11.8
972;2021-06-22;296;464;54744;42731;15.3;11.9
972;2021-06-23;425;563;55169;43294;15.4;12.1
972;2021-06-24;327;437;55496;43731;15.5;12.2
972;2021-06-25;313;387;55809;44118;15.6;12.3
972;2021-06-26;221;199;56030;44317;15.6;12.4
972;2021-06-27;16;23;56046;44340;15.6;12.4
972;2021-06-28;336;425;56382;44765;15.7;12.5
972;2021-06-29;324;431;56706;45196;15.8;12.6
972;2021-06-30;438;422;57144;45618;15.9;12.7
972;2021-07-01;346;391;57490;46009;16.0;12.8
972;2021-07-02;123;202;57613;46211;16.1;12.9
972;2021-07-03;100;118;57713;46329;16.1;12.9
972;2021-07-04;24;35;57737;46364;16.1;12.9
972;2021-07-05;488;580;58225;46944;16.2;13.1
972;2021-07-06;482;430;58707;47374;16.4;13.2
972;2021-07-07;603;495;59310;47869;16.5;13.3
972;2021-07-08;494;421;59804;48290;16.7;13.5
972;2021-07-09;622;585;60426;48875;16.8;13.6
972;2021-07-10;401;307;60827;49182;17.0;13.7
972;2021-07-11;48;37;60875;49219;17.0;13.7
972;2021-07-12;838;692;61713;49911;17.2;13.9
972;2021-07-13;1465;710;63178;50621;17.6;14.1
972;2021-07-14;132;63;63310;50684;17.6;14.1
972;2021-07-15;1590;680;64900;51364;18.1;14.3
972;2021-07-16;1629;651;66529;52015;18.5;14.5
972;2021-07-17;1056;363;67585;52378;18.8;14.6
972;2021-07-18;56;39;67641;52417;18.9;14.6
972;2021-07-19;1138;651;68779;53068;19.2;14.8
972;2021-07-20;1107;576;69886;53644;19.5;15.0
972;2021-07-21;1075;595;70961;54239;19.8;15.1
972;2021-07-22;879;513;71840;54752;20.0;15.3
972;2021-07-23;928;479;72768;55231;20.3;15.4
972;2021-07-24;494;222;73262;55453;20.4;15.5
972;2021-07-25;50;63;73312;55516;20.4;15.5
972;2021-07-26;681;514;73993;56030;20.6;15.6
972;2021-07-27;1022;507;75015;56537;20.9;15.8
972;2021-07-28;621;562;75636;57099;21.1;15.9
972;2021-07-29;805;533;76441;57632;21.3;16.1
972;2021-07-30;830;613;77271;58245;21.5;16.2
972;2021-07-31;533;266;77804;58511;21.7;16.3
972;2021-08-01;58;30;77862;58541;21.7;16.3
973;2020-12-27;0;0;0;0;0.0;0.0
973;2020-12-28;0;0;0;0;0.0;0.0
973;2020-12-29;0;0;0;0;0.0;0.0
973;2020-12-30;0;0;0;0;0.0;0.0
973;2020-12-31;0;0;0;0;0.0;0.0
973;2021-01-01;0;0;0;0;0.0;0.0
973;2021-01-02;2;2;2;2;0.0;0.0
973;2021-01-03;0;0;2;2;0.0;0.0
973;2021-01-04;0;0;2;2;0.0;0.0
973;2021-01-05;0;0;2;2;0.0;0.0
973;2021-01-06;0;0;2;2;0.0;0.0
973;2021-01-07;0;0;2;2;0.0;0.0
973;2021-01-08;0;0;2;2;0.0;0.0
973;2021-01-09;0;0;2;2;0.0;0.0
973;2021-01-10;0;0;2;2;0.0;0.0
973;2021-01-11;0;0;2;2;0.0;0.0
973;2021-01-12;0;0;2;2;0.0;0.0
973;2021-01-13;30;0;32;2;0.0;0.0
973;2021-01-14;46;0;78;2;0.0;0.0
973;2021-01-15;35;0;113;2;0.0;0.0
973;2021-01-16;18;1;131;3;0.0;0.0
973;2021-01-17;0;0;131;3;0.0;0.0
973;2021-01-18;63;0;194;3;0.1;0.0
973;2021-01-19;150;1;344;4;0.1;0.0
973;2021-01-20;134;0;478;4;0.2;0.0
973;2021-01-21;118;0;596;4;0.2;0.0
973;2021-01-22;76;0;672;4;0.2;0.0
973;2021-01-23;0;0;672;4;0.2;0.0
973;2021-01-24;0;0;672;4;0.2;0.0
973;2021-01-25;56;0;728;4;0.3;0.0
973;2021-01-26;100;2;828;6;0.3;0.0
973;2021-01-27;109;1;937;7;0.3;0.0
973;2021-01-28;96;3;1033;10;0.4;0.0
973;2021-01-29;104;3;1137;13;0.4;0.0
973;2021-01-30;0;0;1137;13;0.4;0.0
973;2021-01-31;0;0;1137;13;0.4;0.0
973;2021-02-01;54;0;1191;13;0.4;0.0
973;2021-02-02;122;4;1313;17;0.5;0.0
973;2021-02-03;118;7;1431;24;0.5;0.0
973;2021-02-04;79;26;1510;50;0.5;0.0
973;2021-02-05;65;8;1575;58;0.5;0.0
973;2021-02-06;0;0;1575;58;0.5;0.0
973;2021-02-07;0;0;1575;58;0.5;0.0
973;2021-02-08;52;12;1627;70;0.6;0.0
973;2021-02-09;92;39;1719;109;0.6;0.0
973;2021-02-10;101;41;1820;150;0.6;0.1
973;2021-02-11;105;93;1925;243;0.7;0.1
973;2021-02-12;88;64;2013;307;0.7;0.1
973;2021-02-13;0;0;2013;307;0.7;0.1
973;2021-02-14;0;0;2013;307;0.7;0.1
973;2021-02-15;27;65;2040;372;0.7;0.1
973;2021-02-16;123;55;2163;427;0.7;0.1
973;2021-02-17;145;120;2308;547;0.8;0.2
973;2021-02-18;103;142;2411;689;0.8;0.2
973;2021-02-19;122;72;2533;761;0.9;0.3
973;2021-02-20;0;0;2533;761;0.9;0.3
973;2021-02-21;0;0;2533;761;0.9;0.3
973;2021-02-22;78;49;2611;810;0.9;0.3
973;2021-02-23;158;102;2769;912;1.0;0.3
973;2021-02-24;190;122;2959;1034;1.0;0.4
973;2021-02-25;259;90;3218;1124;1.1;0.4
973;2021-02-26;264;70;3482;1194;1.2;0.4
973;2021-02-27;120;1;3602;1195;1.2;0.4
973;2021-02-28;0;0;3602;1195;1.2;0.4
973;2021-03-01;180;86;3782;1281;1.3;0.4
973;2021-03-02;255;108;4037;1389;1.4;0.5
973;2021-03-03;255;132;4292;1521;1.5;0.5
973;2021-03-04;281;83;4573;1604;1.6;0.6
973;2021-03-05;274;48;4847;1652;1.7;0.6
973;2021-03-06;118;2;4965;1654;1.7;0.6
973;2021-03-07;0;0;4965;1654;1.7;0.6
973;2021-03-08;187;40;5152;1694;1.8;0.6
973;2021-03-09;350;93;5502;1787;1.9;0.6
973;2021-03-10;358;101;5860;1888;2.0;0.6
973;2021-03-11;270;114;6130;2002;2.1;0.7
973;2021-03-12;287;88;6417;2090;2.2;0.7
973;2021-03-13;111;4;6528;2094;2.2;0.7
973;2021-03-14;0;0;6528;2094;2.2;0.7
973;2021-03-15;181;27;6709;2121;2.3;0.7
973;2021-03-16;242;139;6951;2260;2.4;0.8
973;2021-03-17;273;129;7224;2389;2.5;0.8
973;2021-03-18;249;154;7473;2543;2.6;0.9
973;2021-03-19;284;127;7757;2670;2.7;0.9
973;2021-03-20;255;14;8012;2684;2.8;0.9
973;2021-03-21;119;2;8131;2686;2.8;0.9
973;2021-03-22;219;110;8350;2796;2.9;1.0
973;2021-03-23;274;195;8624;2991;3.0;1.0
973;2021-03-24;235;214;8859;3205;3.0;1.1
973;2021-03-25;168;179;9027;3384;3.1;1.2
973;2021-03-26;189;307;9216;3691;3.2;1.3
973;2021-03-27;58;94;9274;3785;3.2;1.3
973;2021-03-28;0;0;9274;3785;3.2;1.3
973;2021-03-29;175;246;9449;4031;3.3;1.4
973;2021-03-30;445;238;9894;4269;3.4;1.5
973;2021-03-31;320;291;10214;4560;3.5;1.6
973;2021-04-01;444;260;10658;4820;3.7;1.7
973;2021-04-02;306;279;10964;5099;3.8;1.8
973;2021-04-03;153;122;11117;5221;3.8;1.8
973;2021-04-04;1;0;11118;5221;3.8;1.8
973;2021-04-05;118;14;11236;5235;3.9;1.8
973;2021-04-06;438;335;11674;5570;4.0;1.9
973;2021-04-07;503;344;12177;5914;4.2;2.0
973;2021-04-08;514;268;12691;6182;4.4;2.1
973;2021-04-09;497;226;13188;6408;4.5;2.2
973;2021-04-10;147;91;13335;6499;4.6;2.2
973;2021-04-11;2;0;13337;6499;4.6;2.2
973;2021-04-12;551;267;13888;6766;4.8;2.3
973;2021-04-13;674;244;14562;7010;5.0;2.4
973;2021-04-14;722;313;15284;7323;5.3;2.5
973;2021-04-15;777;246;16061;7569;5.5;2.6
973;2021-04-16;757;297;16818;7866;5.8;2.7
973;2021-04-17;499;131;17317;7997;6.0;2.8
973;2021-04-18;499;40;17816;8037;6.1;2.8
973;2021-04-19;714;251;18530;8288;6.4;2.9
973;2021-04-20;606;278;19136;8566;6.6;2.9
973;2021-04-21;873;249;20009;8815;6.9;3.0
973;2021-04-22;722;229;20731;9044;7.1;3.1
973;2021-04-23;705;227;21436;9271;7.4;3.2
973;2021-04-24;524;96;21960;9367;7.6;3.2
973;2021-04-25;611;50;22571;9417;7.8;3.2
973;2021-04-26;780;230;23351;9647;8.0;3.3
973;2021-04-27;820;343;24171;9990;8.3;3.4
973;2021-04-28;729;330;24900;10320;8.6;3.6
973;2021-04-29;625;282;25525;10602;8.8;3.6
973;2021-04-30;673;252;26198;10854;9.0;3.7
973;2021-05-01;210;27;26408;10881;9.1;3.7
973;2021-05-02;602;85;27010;10966;9.3;3.8
973;2021-05-03;553;391;27563;11357;9.5;3.9
973;2021-05-04;623;312;28186;11669;9.7;4.0
973;2021-05-05;657;448;28843;12117;9.9;4.2
973;2021-05-06;655;467;29498;12584;10.1;4.3
973;2021-05-07;556;467;30054;13051;10.3;4.5
973;2021-05-08;341;57;30395;13108;10.5;4.5
973;2021-05-09;262;73;30657;13181;10.5;4.5
973;2021-05-10;425;611;31082;13792;10.7;4.7
973;2021-05-11;392;494;31474;14286;10.8;4.9
973;2021-05-12;508;646;31982;14932;11.0;5.1
973;2021-05-13;333;98;32315;15030;11.1;5.2
973;2021-05-14;481;549;32796;15579;11.3;5.4
973;2021-05-15;258;348;33054;15927;11.4;5.5
973;2021-05-16;208;210;33262;16137;11.4;5.6
973;2021-05-17;443;600;33705;16737;11.6;5.8
973;2021-05-18;560;564;34265;17301;11.8;6.0
973;2021-05-19;534;553;34799;17854;12.0;6.1
973;2021-05-20;642;452;35441;18306;12.2;6.3
973;2021-05-21;499;607;35940;18913;12.4;6.5
973;2021-05-22;167;502;36107;19415;12.4;6.7
973;2021-05-23;270;474;36377;19889;12.5;6.8
973;2021-05-24;561;248;36938;20137;12.7;6.9
973;2021-05-25;498;742;37436;20879;12.9;7.2
973;2021-05-26;445;683;37881;21562;13.0;7.4
973;2021-05-27;705;523;38586;22085;13.3;7.6
973;2021-05-28;570;553;39156;22638;13.5;7.8
973;2021-05-29;254;360;39410;22998;13.6;7.9
973;2021-05-30;151;399;39561;23397;13.6;8.0
973;2021-05-31;341;573;39902;23970;13.7;8.2
973;2021-06-01;399;461;40301;24431;13.9;8.4
973;2021-06-02;542;553;40843;24984;14.1;8.6
973;2021-06-03;519;469;41362;25453;14.2;8.8
973;2021-06-04;596;495;41958;25948;14.4;8.9
973;2021-06-05;273;293;42231;26241;14.5;9.0
973;2021-06-06;211;299;42442;26540;14.6;9.1
973;2021-06-07;486;450;42928;26990;14.8;9.3
973;2021-06-08;544;312;43472;27302;15.0;9.4
973;2021-06-09;516;384;43988;27686;15.1;9.5
973;2021-06-10;355;289;44343;27975;15.3;9.6
973;2021-06-11;434;468;44777;28443;15.4;9.8
973;2021-06-12;170;284;44947;28727;15.5;9.9
973;2021-06-13;214;268;45161;28995;15.5;10.0
973;2021-06-14;377;549;45538;29544;15.7;10.2
973;2021-06-15;366;443;45904;29987;15.8;10.3
973;2021-06-16;447;452;46351;30439;15.9;10.5
973;2021-06-17;404;577;46755;31016;16.1;10.7
973;2021-06-18;360;562;47115;31578;16.2;10.9
973;2021-06-19;234;260;47349;31838;16.3;11.0
973;2021-06-20;126;270;47475;32108;16.3;11.0
973;2021-06-21;276;599;47751;32707;16.4;11.3
973;2021-06-22;328;458;48079;33165;16.5;11.4
973;2021-06-23;290;537;48369;33702;16.6;11.6
973;2021-06-24;397;495;48766;34197;16.8;11.8
973;2021-06-25;394;545;49160;34742;16.9;12.0
973;2021-06-26;172;320;49332;35062;17.0;12.1
973;2021-06-27;121;170;49453;35232;17.0;12.1
973;2021-06-28;283;591;49736;35823;17.1;12.3
973;2021-06-29;336;502;50072;36325;17.2;12.5
973;2021-06-30;329;669;50401;36994;17.3;12.7
973;2021-07-01;358;395;50759;37389;17.5;12.9
973;2021-07-02;404;516;51163;37905;17.6;13.0
973;2021-07-03;207;274;51370;38179;17.7;13.1
973;2021-07-04;86;243;51456;38422;17.7;13.2
973;2021-07-05;310;542;51766;38964;17.8;13.4
973;2021-07-06;312;474;52078;39438;17.9;13.6
973;2021-07-07;310;408;52388;39846;18.0;13.7
973;2021-07-08;258;324;52646;40170;18.1;13.8
973;2021-07-09;355;435;53001;40605;18.2;14.0
973;2021-07-10;164;278;53165;40883;18.3;14.1
973;2021-07-11;102;164;53267;41047;18.3;14.1
973;2021-07-12;355;492;53622;41539;18.4;14.3
973;2021-07-13;650;557;54272;42096;18.7;14.5
973;2021-07-14;373;157;54645;42253;18.8;14.5
973;2021-07-15;613;523;55258;42776;19.0;14.7
973;2021-07-16;564;478;55822;43254;19.2;14.9
973;2021-07-17;336;282;56158;43536;19.3;15.0
973;2021-07-18;249;120;56407;43656;19.4;15.0
973;2021-07-19;489;449;56896;44105;19.6;15.2
973;2021-07-20;514;482;57410;44587;19.7;15.3
973;2021-07-21;506;385;57916;44972;19.9;15.5
973;2021-07-22;610;440;58526;45412;20.1;15.6
973;2021-07-23;572;361;59098;45773;20.3;15.7
973;2021-07-24;321;237;59419;46010;20.4;15.8
973;2021-07-25;161;110;59580;46120;20.5;15.9
973;2021-07-26;416;342;59996;46462;20.6;16.0
973;2021-07-27;464;347;60460;46809;20.8;16.1
973;2021-07-28;381;367;60841;47176;20.9;16.2
973;2021-07-29;438;411;61279;47587;21.1;16.4
973;2021-07-30;420;397;61699;47984;21.2;16.5
973;2021-07-31;202;163;61901;48147;21.3;16.6
973;2021-08-01;139;131;62040;48278;21.3;16.6
974;2020-12-27;0;0;0;0;0.0;0.0
974;2020-12-28;0;0;0;0;0.0;0.0
974;2020-12-29;0;0;0;0;0.0;0.0
974;2020-12-30;0;0;0;0;0.0;0.0
974;2020-12-31;0;0;0;0;0.0;0.0
974;2021-01-01;1;0;1;0;0.0;0.0
974;2021-01-02;0;0;1;0;0.0;0.0
974;2021-01-03;0;0;1;0;0.0;0.0
974;2021-01-04;0;0;1;0;0.0;0.0
974;2021-01-05;2;0;3;0;0.0;0.0
974;2021-01-06;0;0;3;0;0.0;0.0
974;2021-01-07;0;0;3;0;0.0;0.0
974;2021-01-08;0;0;3;0;0.0;0.0
974;2021-01-09;1;0;4;0;0.0;0.0
974;2021-01-10;0;0;4;0;0.0;0.0
974;2021-01-11;0;0;4;0;0.0;0.0
974;2021-01-12;0;0;4;0;0.0;0.0
974;2021-01-13;0;0;4;0;0.0;0.0
974;2021-01-14;0;0;4;0;0.0;0.0
974;2021-01-15;332;0;336;0;0.0;0.0
974;2021-01-16;27;0;363;0;0.0;0.0
974;2021-01-17;0;0;363;0;0.0;0.0
974;2021-01-18;49;1;412;1;0.0;0.0
974;2021-01-19;393;0;805;1;0.1;0.0
974;2021-01-20;481;1;1286;2;0.1;0.0
974;2021-01-21;614;2;1900;4;0.2;0.0
974;2021-01-22;412;1;2312;5;0.3;0.0
974;2021-01-23;75;0;2387;5;0.3;0.0
974;2021-01-24;0;0;2387;5;0.3;0.0
974;2021-01-25;273;2;2660;7;0.3;0.0
974;2021-01-26;429;0;3089;7;0.4;0.0
974;2021-01-27;317;0;3406;7;0.4;0.0
974;2021-01-28;407;0;3813;7;0.4;0.0
974;2021-01-29;422;3;4235;10;0.5;0.0
974;2021-01-30;420;1;4655;11;0.5;0.0
974;2021-01-31;0;0;4655;11;0.5;0.0
974;2021-02-01;372;3;5027;14;0.6;0.0
974;2021-02-02;500;4;5527;18;0.6;0.0
974;2021-02-03;602;14;6129;32;0.7;0.0
974;2021-02-04;627;21;6756;53;0.8;0.0
974;2021-02-05;564;97;7320;150;0.9;0.0
974;2021-02-06;501;5;7821;155;0.9;0.0
974;2021-02-07;0;8;7821;163;0.9;0.0
974;2021-02-08;472;34;8293;197;1.0;0.0
974;2021-02-09;785;92;9078;289;1.1;0.0
974;2021-02-10;820;87;9898;376;1.2;0.0
974;2021-02-11;796;87;10694;463;1.2;0.1
974;2021-02-12;637;93;11331;556;1.3;0.1
974;2021-02-13;652;75;11983;631;1.4;0.1
974;2021-02-14;1;0;11984;631;1.4;0.1
974;2021-02-15;524;126;12508;757;1.5;0.1
974;2021-02-16;651;535;13159;1292;1.5;0.2
974;2021-02-17;592;328;13751;1620;1.6;0.2
974;2021-02-18;493;411;14244;2031;1.7;0.2
974;2021-02-19;497;319;14741;2350;1.7;0.3
974;2021-02-20;577;117;15318;2467;1.8;0.3
974;2021-02-21;0;0;15318;2467;1.8;0.3
974;2021-02-22;402;238;15720;2705;1.8;0.3
974;2021-02-23;607;239;16327;2944;1.9;0.3
974;2021-02-24;584;252;16911;3196;2.0;0.4
974;2021-02-25;646;297;17557;3493;2.0;0.4
974;2021-02-26;484;471;18041;3964;2.1;0.5
974;2021-02-27;384;469;18425;4433;2.1;0.5
974;2021-02-28;0;0;18425;4433;2.1;0.5
974;2021-03-01;291;387;18716;4820;2.2;0.6
974;2021-03-02;485;504;19201;5324;2.2;0.6
974;2021-03-03;757;541;19958;5865;2.3;0.7
974;2021-03-04;777;493;20735;6358;2.4;0.7
974;2021-03-05;727;524;21462;6882;2.5;0.8
974;2021-03-06;812;526;22274;7408;2.6;0.9
974;2021-03-07;0;0;22274;7408;2.6;0.9
974;2021-03-08;436;558;22710;7966;2.6;0.9
974;2021-03-09;671;770;23381;8736;2.7;1.0
974;2021-03-10;643;840;24024;9576;2.8;1.1
974;2021-03-11;700;639;24724;10215;2.9;1.2
974;2021-03-12;730;655;25454;10870;3.0;1.3
974;2021-03-13;668;604;26122;11474;3.0;1.3
974;2021-03-14;2;0;26124;11474;3.0;1.3
974;2021-03-15;506;504;26630;11978;3.1;1.4
974;2021-03-16;681;707;27311;12685;3.2;1.5
974;2021-03-17;848;531;28159;13216;3.3;1.5
974;2021-03-18;1023;543;29182;13759;3.4;1.6
974;2021-03-19;785;533;29967;14292;3.5;1.7
974;2021-03-20;577;596;30544;14888;3.6;1.7
974;2021-03-21;0;0;30544;14888;3.6;1.7
974;2021-03-22;565;468;31109;15356;3.6;1.8
974;2021-03-23;780;640;31889;15996;3.7;1.9
974;2021-03-24;792;645;32681;16641;3.8;1.9
974;2021-03-25;931;537;33612;17178;3.9;2.0
974;2021-03-26;921;451;34533;17629;4.0;2.0
974;2021-03-27;782;337;35315;17966;4.1;2.1
974;2021-03-28;1;0;35316;17966;4.1;2.1
974;2021-03-29;961;270;36277;18236;4.2;2.1
974;2021-03-30;884;497;37161;18733;4.3;2.2
974;2021-03-31;740;661;37901;19394;4.4;2.3
974;2021-04-01;716;707;38617;20101;4.5;2.3
974;2021-04-02;688;758;39305;20859;4.6;2.4
974;2021-04-03;699;704;40004;21563;4.7;2.5
974;2021-04-04;0;0;40004;21563;4.7;2.5
974;2021-04-05;0;0;40004;21563;4.7;2.5
974;2021-04-06;795;634;40799;22197;4.7;2.6
974;2021-04-07;1368;787;42167;22984;4.9;2.7
974;2021-04-08;1792;771;43959;23755;5.1;2.8
974;2021-04-09;1509;781;45468;24536;5.3;2.9
974;2021-04-10;1138;651;46606;25187;5.4;2.9
974;2021-04-11;2;0;46608;25187;5.4;2.9
974;2021-04-12;1238;544;47846;25731;5.6;3.0
974;2021-04-13;1439;754;49285;26485;5.7;3.1
974;2021-04-14;2070;771;51355;27256;6.0;3.2
974;2021-04-15;2506;955;53861;28211;6.3;3.3
974;2021-04-16;1933;784;55794;28995;6.5;3.4
974;2021-04-17;1290;603;57084;29598;6.6;3.4
974;2021-04-18;0;0;57084;29598;6.6;3.4
974;2021-04-19;1375;563;58459;30161;6.8;3.5
974;2021-04-20;1651;805;60110;30966;7.0;3.6
974;2021-04-21;2127;626;62237;31592;7.2;3.7
974;2021-04-22;2948;818;65185;32410;7.6;3.8
974;2021-04-23;2312;817;67497;33227;7.8;3.9
974;2021-04-24;1106;800;68603;34027;8.0;4.0
974;2021-04-25;2;0;68605;34027;8.0;4.0
974;2021-04-26;1166;916;69771;34943;8.1;4.1
974;2021-04-27;1685;1028;71456;35971;8.3;4.2
974;2021-04-28;2897;750;74353;36721;8.6;4.3
974;2021-04-29;3947;810;78300;37531;9.1;4.4
974;2021-04-30;3441;904;81741;38435;9.5;4.5
974;2021-05-01;2106;225;83847;38660;9.8;4.5
974;2021-05-02;1;0;83848;38660;9.8;4.5
974;2021-05-03;1865;574;85713;39234;10.0;4.6
974;2021-05-04;2127;1097;87840;40331;10.2;4.7
974;2021-05-05;3119;1638;90959;41969;10.6;4.9
974;2021-05-06;4004;1587;94963;43556;11.0;5.1
974;2021-05-07;3228;1524;98191;45080;11.4;5.2
974;2021-05-08;1571;503;99762;45583;11.6;5.3
974;2021-05-09;2;1;99764;45584;11.6;5.3
974;2021-05-10;2412;997;102176;46581;11.9;5.4
974;2021-05-11;3651;1640;105827;48221;12.3;5.6
974;2021-05-12;4722;2401;110549;50622;12.9;5.9
974;2021-05-13;3554;596;114103;51218;13.3;6.0
974;2021-05-14;5269;2509;119372;53727;13.9;6.2
974;2021-05-15;3161;1539;122533;55266;14.2;6.4
974;2021-05-16;15;18;122548;55284;14.3;6.4
974;2021-05-17;2998;1496;125546;56780;14.6;6.6
974;2021-05-18;3760;1793;129306;58573;15.0;6.8
974;2021-05-19;4688;2406;133994;60979;15.6;7.1
974;2021-05-20;5139;2851;139133;63830;16.2;7.4
974;2021-05-21;4991;2636;144124;66466;16.8;7.7
974;2021-05-22;3369;1257;147493;67723;17.2;7.9
974;2021-05-23;5;3;147498;67726;17.2;7.9
974;2021-05-24;3643;1076;151141;68802;17.6;8.0
974;2021-05-25;4246;1909;155387;70711;18.1;8.2
974;2021-05-26;4993;2978;160380;73689;18.6;8.6
974;2021-05-27;4614;4095;164994;77784;19.2;9.0
974;2021-05-28;4381;3828;169375;81612;19.7;9.5
974;2021-05-29;2556;2455;171931;84067;20.0;9.8
974;2021-05-30;8;14;171939;84081;20.0;9.8
974;2021-05-31;2348;2253;174287;86334;20.3;10.0
974;2021-06-01;3302;2727;177589;89061;20.7;10.4
974;2021-06-02;3975;3352;181564;92413;21.1;10.7
974;2021-06-03;4046;3653;185610;96066;21.6;11.2
974;2021-06-04;3848;3751;189458;99817;22.0;11.6
974;2021-06-05;2212;1924;191670;101741;22.3;11.8
974;2021-06-06;1072;132;192742;101873;22.4;11.8
974;2021-06-07;2013;2527;194755;104400;22.6;12.1
974;2021-06-08;2556;3333;197311;107733;22.9;12.5
974;2021-06-09;2983;4797;200294;112530;23.3;13.1
974;2021-06-10;3409;4455;203703;116985;23.7;13.6
974;2021-06-11;2841;4622;206544;121607;24.0;14.1
974;2021-06-12;1726;3377;208270;124984;24.2;14.5
974;2021-06-13;1323;245;209593;125229;24.4;14.6
974;2021-06-14;1491;3183;211084;128412;24.5;14.9
974;2021-06-15;2058;3616;213142;132028;24.8;15.4
974;2021-06-16;2749;4651;215891;136679;25.1;15.9
974;2021-06-17;2518;4897;218409;141576;25.4;16.5
974;2021-06-18;2592;4893;221001;146469;25.7;17.0
974;2021-06-19;1305;3517;222306;149986;25.9;17.4
974;2021-06-20;632;288;222938;150274;25.9;17.5
974;2021-06-21;1266;3233;224204;153507;26.1;17.9
974;2021-06-22;1622;3765;225826;157272;26.3;18.3
974;2021-06-23;2252;4991;228078;162263;26.5;18.9
974;2021-06-24;2283;4071;230361;166334;26.8;19.3
974;2021-06-25;2190;4107;232551;170441;27.0;19.8
974;2021-06-26;1399;2709;233950;173150;27.2;20.1
974;2021-06-27;665;265;234615;173415;27.3;20.2
974;2021-06-28;1307;2480;235922;175895;27.4;20.5
974;2021-06-29;1758;2843;237680;178738;27.6;20.8
974;2021-06-30;2557;3845;240237;182583;27.9;21.2
974;2021-07-01;2685;3826;242922;186409;28.2;21.7
974;2021-07-02;2502;3718;245424;190127;28.5;22.1
974;2021-07-03;1608;2458;247032;192585;28.7;22.4
974;2021-07-04;876;1034;247908;193619;28.8;22.5
974;2021-07-05;1684;2221;249592;195840;29.0;22.8
974;2021-07-06;2561;2533;252153;198373;29.3;23.1
974;2021-07-07;2651;3140;254804;201513;29.6;23.4
974;2021-07-08;2395;3171;257199;204684;29.9;23.8
974;2021-07-09;2748;3428;259947;208112;30.2;24.2
974;2021-07-10;1612;2185;261559;210297;30.4;24.5
974;2021-07-11;728;1018;262287;211315;30.5;24.6
974;2021-07-12;1731;2613;264018;213928;30.7;24.9
974;2021-07-13;4366;3332;268384;217260;31.2;25.3
974;2021-07-14;3264;596;271648;217856;31.6;25.3
974;2021-07-15;5512;4005;277160;221861;32.2;25.8
974;2021-07-16;6184;3291;283344;225152;32.9;26.2
974;2021-07-17;4299;1904;287643;227056;33.4;26.4
974;2021-07-18;2659;754;290302;227810;33.8;26.5
974;2021-07-19;4600;2018;294902;229828;34.3;26.7
974;2021-07-20;6187;2405;301089;232233;35.0;27.0
974;2021-07-21;6686;2845;307775;235078;35.8;27.3
974;2021-07-22;7031;2810;314806;237888;36.6;27.7
974;2021-07-23;6578;2974;321384;240862;37.4;28.0
974;2021-07-24;3770;2052;325154;242914;37.8;28.2
974;2021-07-25;2513;757;327667;243671;38.1;28.3
974;2021-07-26;4313;2082;331980;245753;38.6;28.6
974;2021-07-27;5348;2541;337328;248294;39.2;28.9
974;2021-07-28;5256;2877;342584;251171;39.8;29.2
974;2021-07-29;5648;2789;348232;253960;40.5;29.5
974;2021-07-30;5732;2557;353964;256517;41.2;29.8
974;2021-07-31;3873;1624;357837;258141;41.6;30.0
974;2021-08-01;1878;706;359715;258847;41.8;30.1
975;2020-12-27;0;0;0;0;0.0;0.0
975;2020-12-28;0;0;0;0;0.0;0.0
975;2020-12-29;0;0;0;0;0.0;0.0
975;2020-12-30;0;0;0;0;0.0;0.0
975;2020-12-31;0;0;0;0;0.0;0.0
975;2021-01-01;0;0;0;0;0.0;0.0
975;2021-01-02;0;0;0;0;0.0;0.0
975;2021-01-03;0;0;0;0;0.0;0.0
975;2021-01-04;0;0;0;0;0.0;0.0
975;2021-01-05;0;0;0;0;0.0;0.0
975;2021-01-06;0;0;0;0;0.0;0.0
975;2021-01-07;0;0;0;0;0.0;0.0
975;2021-01-08;0;0;0;0;0.0;0.0
975;2021-01-09;0;0;0;0;0.0;0.0
975;2021-01-10;0;0;0;0;0.0;0.0
975;2021-01-11;0;0;0;0;0.0;0.0
975;2021-01-12;0;0;0;0;0.0;0.0
975;2021-01-13;0;0;0;0;0.0;0.0
975;2021-01-14;0;0;0;0;0.0;0.0
975;2021-01-15;0;0;0;0;0.0;0.0
975;2021-01-16;0;0;0;0;0.0;0.0
975;2021-01-17;0;0;0;0;0.0;0.0
975;2021-01-18;0;0;0;0;0.0;0.0
975;2021-01-19;0;0;0;0;0.0;0.0
975;2021-01-20;0;0;0;0;0.0;0.0
975;2021-01-21;0;0;0;0;0.0;0.0
975;2021-01-22;0;0;0;0;0.0;0.0
975;2021-01-23;0;0;0;0;0.0;0.0
975;2021-01-24;0;0;0;0;0.0;0.0
975;2021-01-25;0;0;0;0;0.0;0.0
975;2021-01-26;0;0;0;0;0.0;0.0
975;2021-01-27;0;0;0;0;0.0;0.0
975;2021-01-28;0;0;0;0;0.0;0.0
975;2021-01-29;0;0;0;0;0.0;0.0
975;2021-01-30;0;0;0;0;0.0;0.0
975;2021-01-31;0;0;0;0;0.0;0.0
975;2021-02-01;0;0;0;0;0.0;0.0
975;2021-02-02;0;0;0;0;0.0;0.0
975;2021-02-03;0;0;0;0;0.0;0.0
975;2021-02-04;0;0;0;0;0.0;0.0
975;2021-02-05;0;0;0;0;0.0;0.0
975;2021-02-06;0;0;0;0;0.0;0.0
975;2021-02-07;0;0;0;0;0.0;0.0
975;2021-02-08;0;0;0;0;0.0;0.0
975;2021-02-09;0;0;0;0;0.0;0.0
975;2021-02-10;0;0;0;0;0.0;0.0
975;2021-02-11;0;0;0;0;0.0;0.0
975;2021-02-12;0;0;0;0;0.0;0.0
975;2021-02-13;0;0;0;0;0.0;0.0
975;2021-02-14;0;0;0;0;0.0;0.0
975;2021-02-15;0;0;0;0;0.0;0.0
975;2021-02-16;0;0;0;0;0.0;0.0
975;2021-02-17;0;0;0;0;0.0;0.0
975;2021-02-18;0;0;0;0;0.0;0.0
975;2021-02-19;0;0;0;0;0.0;0.0
975;2021-02-20;0;0;0;0;0.0;0.0
975;2021-02-21;0;0;0;0;0.0;0.0
975;2021-02-22;0;0;0;0;0.0;0.0
975;2021-02-23;0;0;0;0;0.0;0.0
975;2021-02-24;0;0;0;0;0.0;0.0
975;2021-02-25;0;0;0;0;0.0;0.0
975;2021-02-26;0;0;0;0;0.0;0.0
975;2021-02-27;0;0;0;0;0.0;0.0
975;2021-02-28;0;0;0;0;0.0;0.0
975;2021-03-01;0;0;0;0;0.0;0.0
975;2021-03-02;0;0;0;0;0.0;0.0
975;2021-03-03;0;0;0;0;0.0;0.0
975;2021-03-04;0;0;0;0;0.0;0.0
975;2021-03-05;0;0;0;0;0.0;0.0
975;2021-03-06;0;0;0;0;0.0;0.0
975;2021-03-07;0;0;0;0;0.0;0.0
975;2021-03-08;0;0;0;0;0.0;0.0
975;2021-03-09;0;0;0;0;0.0;0.0
975;2021-03-10;0;0;0;0;0.0;0.0
975;2021-03-11;0;0;0;0;0.0;0.0
975;2021-03-12;0;0;0;0;0.0;0.0
975;2021-03-13;0;0;0;0;0.0;0.0
975;2021-03-14;0;0;0;0;0.0;0.0
975;2021-03-15;0;0;0;0;0.0;0.0
975;2021-03-16;0;0;0;0;0.0;0.0
975;2021-03-17;0;0;0;0;0.0;0.0
975;2021-03-18;0;0;0;0;0.0;0.0
975;2021-03-19;0;0;0;0;0.0;0.0
975;2021-03-20;0;0;0;0;0.0;0.0
975;2021-03-21;0;0;0;0;0.0;0.0
975;2021-03-22;0;0;0;0;0.0;0.0
975;2021-03-23;0;0;0;0;0.0;0.0
975;2021-03-24;0;0;0;0;0.0;0.0
975;2021-03-25;0;0;0;0;0.0;0.0
975;2021-03-26;0;0;0;0;0.0;0.0
975;2021-03-27;0;0;0;0;0.0;0.0
975;2021-03-28;0;0;0;0;0.0;0.0
975;2021-03-29;2;0;2;0;0.0;0.0
975;2021-03-30;0;0;2;0;0.0;0.0
975;2021-03-31;0;0;2;0;0.0;0.0
975;2021-04-01;0;0;2;0;0.0;0.0
975;2021-04-02;0;0;2;0;0.0;0.0
975;2021-04-03;0;0;2;0;0.0;0.0
975;2021-04-04;0;0;2;0;0.0;0.0
975;2021-04-05;0;0;2;0;0.0;0.0
975;2021-04-06;0;0;2;0;0.0;0.0
975;2021-04-07;0;0;2;0;0.0;0.0
975;2021-04-08;1;0;3;0;0.1;0.0
975;2021-04-09;0;0;3;0;0.1;0.0
975;2021-04-10;0;0;3;0;0.1;0.0
975;2021-04-11;0;0;3;0;0.1;0.0
975;2021-04-12;0;0;3;0;0.1;0.0
975;2021-04-13;0;0;3;0;0.1;0.0
975;2021-04-14;0;0;3;0;0.1;0.0
975;2021-04-15;0;0;3;0;0.1;0.0
975;2021-04-16;0;0;3;0;0.1;0.0
975;2021-04-17;0;0;3;0;0.1;0.0
975;2021-04-18;0;0;3;0;0.1;0.0
975;2021-04-19;0;0;3;0;0.1;0.0
975;2021-04-20;0;0;3;0;0.1;0.0
975;2021-04-21;0;0;3;0;0.1;0.0
975;2021-04-22;0;0;3;0;0.1;0.0
975;2021-04-23;0;0;3;0;0.1;0.0
975;2021-04-24;0;0;3;0;0.1;0.0
975;2021-04-25;0;0;3;0;0.1;0.0
975;2021-04-26;0;0;3;0;0.1;0.0
975;2021-04-27;0;0;3;0;0.1;0.0
975;2021-04-28;0;0;3;0;0.1;0.0
975;2021-04-29;0;0;3;0;0.1;0.0
975;2021-04-30;0;0;3;0;0.1;0.0
975;2021-05-01;0;0;3;0;0.1;0.0
975;2021-05-02;0;0;3;0;0.1;0.0
975;2021-05-03;0;0;3;0;0.1;0.0
975;2021-05-04;0;0;3;0;0.1;0.0
975;2021-05-05;0;0;3;0;0.1;0.0
975;2021-05-06;0;0;3;0;0.1;0.0
975;2021-05-07;0;0;3;0;0.1;0.0
975;2021-05-08;0;0;3;0;0.1;0.0
975;2021-05-09;0;0;3;0;0.1;0.0
975;2021-05-10;0;0;3;0;0.1;0.0
975;2021-05-11;0;0;3;0;0.1;0.0
975;2021-05-12;0;0;3;0;0.1;0.0
975;2021-05-13;0;0;3;0;0.1;0.0
975;2021-05-14;0;0;3;0;0.1;0.0
975;2021-05-15;0;0;3;0;0.1;0.0
975;2021-05-16;0;0;3;0;0.1;0.0
975;2021-05-17;0;0;3;0;0.1;0.0
975;2021-05-18;0;0;3;0;0.1;0.0
975;2021-05-19;0;0;3;0;0.1;0.0
975;2021-05-20;0;0;3;0;0.1;0.0
975;2021-05-21;0;0;3;0;0.1;0.0
975;2021-05-22;0;0;3;0;0.1;0.0
975;2021-05-23;0;0;3;0;0.1;0.0
975;2021-05-24;0;0;3;0;0.1;0.0
975;2021-05-25;0;0;3;0;0.1;0.0
975;2021-05-26;0;0;3;0;0.1;0.0
975;2021-05-27;0;0;3;0;0.1;0.0
975;2021-05-28;0;0;3;0;0.1;0.0
975;2021-05-29;0;2;3;2;0.1;0.0
975;2021-05-30;0;0;3;2;0.1;0.0
975;2021-05-31;0;0;3;2;0.1;0.0
975;2021-06-01;0;0;3;2;0.1;0.0
975;2021-06-02;0;0;3;2;0.1;0.0
975;2021-06-03;0;0;3;2;0.1;0.0
975;2021-06-04;0;0;3;2;0.1;0.0
975;2021-06-05;0;0;3;2;0.1;0.0
975;2021-06-06;0;0;3;2;0.1;0.0
975;2021-06-07;0;0;3;2;0.1;0.0
975;2021-06-08;0;0;3;2;0.1;0.0
975;2021-06-09;0;0;3;2;0.1;0.0
975;2021-06-10;0;0;3;2;0.1;0.0
975;2021-06-11;0;0;3;2;0.1;0.0
975;2021-06-12;0;0;3;2;0.1;0.0
975;2021-06-13;0;0;3;2;0.1;0.0
975;2021-06-14;0;0;3;2;0.1;0.0
975;2021-06-15;0;0;3;2;0.1;0.0
975;2021-06-16;0;0;3;2;0.1;0.0
975;2021-06-17;0;0;3;2;0.1;0.0
975;2021-06-18;0;0;3;2;0.1;0.0
975;2021-06-19;0;0;3;2;0.1;0.0
975;2021-06-20;0;0;3;2;0.1;0.0
975;2021-06-21;1;0;4;2;0.1;0.0
975;2021-06-22;0;0;4;2;0.1;0.0
975;2021-06-23;0;0;4;2;0.1;0.0
975;2021-06-24;0;0;4;2;0.1;0.0
975;2021-06-25;0;0;4;2;0.1;0.0
975;2021-06-26;0;0;4;2;0.1;0.0
975;2021-06-27;0;0;4;2;0.1;0.0
975;2021-06-28;0;0;4;2;0.1;0.0
975;2021-06-29;0;0;4;2;0.1;0.0
975;2021-06-30;0;0;4;2;0.1;0.0
975;2021-07-01;0;0;4;2;0.1;0.0
975;2021-07-02;0;0;4;2;0.1;0.0
975;2021-07-03;0;0;4;2;0.1;0.0
975;2021-07-04;0;0;4;2;0.1;0.0
975;2021-07-05;0;0;4;2;0.1;0.0
975;2021-07-06;1;0;5;2;0.1;0.0
975;2021-07-07;3;0;8;2;0.1;0.0
975;2021-07-08;0;0;8;2;0.1;0.0
975;2021-07-09;0;0;8;2;0.1;0.0
975;2021-07-10;0;0;8;2;0.1;0.0
975;2021-07-11;0;0;8;2;0.1;0.0
975;2021-07-12;0;0;8;2;0.1;0.0
975;2021-07-13;0;0;8;2;0.1;0.0
975;2021-07-14;0;0;8;2;0.1;0.0
975;2021-07-15;0;0;8;2;0.1;0.0
975;2021-07-16;0;0;8;2;0.1;0.0
975;2021-07-17;0;0;8;2;0.1;0.0
975;2021-07-18;0;0;8;2;0.1;0.0
975;2021-07-19;0;0;8;2;0.1;0.0
975;2021-07-20;0;0;8;2;0.1;0.0
975;2021-07-21;0;0;8;2;0.1;0.0
975;2021-07-22;0;0;8;2;0.1;0.0
975;2021-07-23;0;0;8;2;0.1;0.0
975;2021-07-24;0;0;8;2;0.1;0.0
975;2021-07-25;0;0;8;2;0.1;0.0
975;2021-07-26;0;0;8;2;0.1;0.0
975;2021-07-27;0;0;8;2;0.1;0.0
975;2021-07-28;0;0;8;2;0.1;0.0
975;2021-07-29;0;0;8;2;0.1;0.0
975;2021-07-30;0;0;8;2;0.1;0.0
975;2021-07-31;0;0;8;2;0.1;0.0
975;2021-08-01;0;0;8;2;0.1;0.0
976;2020-12-27;0;0;0;0;0.0;0.0
976;2020-12-28;0;0;0;0;0.0;0.0
976;2020-12-29;0;0;0;0;0.0;0.0
976;2020-12-30;0;0;0;0;0.0;0.0
976;2020-12-31;0;0;0;0;0.0;0.0
976;2021-01-01;0;0;0;0;0.0;0.0
976;2021-01-02;0;0;0;0;0.0;0.0
976;2021-01-03;0;0;0;0;0.0;0.0
976;2021-01-04;0;0;0;0;0.0;0.0
976;2021-01-05;0;0;0;0;0.0;0.0
976;2021-01-06;0;0;0;0;0.0;0.0
976;2021-01-07;0;0;0;0;0.0;0.0
976;2021-01-08;0;0;0;0;0.0;0.0
976;2021-01-09;0;0;0;0;0.0;0.0
976;2021-01-10;0;0;0;0;0.0;0.0
976;2021-01-11;9;0;9;0;0.0;0.0
976;2021-01-12;0;0;9;0;0.0;0.0
976;2021-01-13;0;0;9;0;0.0;0.0
976;2021-01-14;0;0;9;0;0.0;0.0
976;2021-01-15;1;0;10;0;0.0;0.0
976;2021-01-16;1;0;11;0;0.0;0.0
976;2021-01-17;0;0;11;0;0.0;0.0
976;2021-01-18;1;0;12;0;0.0;0.0
976;2021-01-19;0;0;12;0;0.0;0.0
976;2021-01-20;0;0;12;0;0.0;0.0
976;2021-01-21;0;0;12;0;0.0;0.0
976;2021-01-22;0;0;12;0;0.0;0.0
976;2021-01-23;1;0;13;0;0.0;0.0
976;2021-01-24;0;0;13;0;0.0;0.0
976;2021-01-25;141;1;154;1;0.1;0.0
976;2021-01-26;165;3;319;4;0.1;0.0
976;2021-01-27;251;3;570;7;0.2;0.0
976;2021-01-28;102;8;672;15;0.2;0.0
976;2021-01-29;231;2;903;17;0.3;0.0
976;2021-01-30;285;11;1188;28;0.4;0.0
976;2021-01-31;1;0;1189;28;0.4;0.0
976;2021-02-01;160;0;1349;28;0.5;0.0
976;2021-02-02;330;8;1679;36;0.6;0.0
976;2021-02-03;228;2;1907;38;0.7;0.0
976;2021-02-04;216;9;2123;47;0.8;0.0
976;2021-02-05;214;1;2337;48;0.8;0.0
976;2021-02-06;83;10;2420;58;0.9;0.0
976;2021-02-07;0;0;2420;58;0.9;0.0
976;2021-02-08;82;3;2502;61;0.9;0.0
976;2021-02-09;193;1;2695;62;1.0;0.0
976;2021-02-10;187;4;2882;66;1.0;0.0
976;2021-02-11;236;3;3118;69;1.1;0.0
976;2021-02-12;287;4;3405;73;1.2;0.0
976;2021-02-13;56;0;3461;73;1.2;0.0
976;2021-02-14;1;0;3462;73;1.2;0.0
976;2021-02-15;359;6;3821;79;1.4;0.0
976;2021-02-16;266;10;4087;89;1.5;0.0
976;2021-02-17;167;7;4254;96;1.5;0.0
976;2021-02-18;217;12;4471;108;1.6;0.0
976;2021-02-19;237;24;4708;132;1.7;0.0
976;2021-02-20;139;8;4847;140;1.7;0.1
976;2021-02-21;0;0;4847;140;1.7;0.1
976;2021-02-22;130;122;4977;262;1.8;0.1
976;2021-02-23;185;155;5162;417;1.8;0.1
976;2021-02-24;176;145;5338;562;1.9;0.2
976;2021-02-25;227;277;5565;839;2.0;0.3
976;2021-02-26;242;246;5807;1085;2.1;0.4
976;2021-02-27;0;0;5807;1085;2.1;0.4
976;2021-02-28;0;0;5807;1085;2.1;0.4
976;2021-03-01;145;259;5952;1344;2.1;0.5
976;2021-03-02;228;259;6180;1603;2.2;0.6
976;2021-03-03;202;189;6382;1792;2.3;0.6
976;2021-03-04;205;142;6587;1934;2.4;0.7
976;2021-03-05;224;113;6811;2047;2.4;0.7
976;2021-03-06;1;0;6812;2047;2.4;0.7
976;2021-03-07;0;0;6812;2047;2.4;0.7
976;2021-03-08;189;110;7001;2157;2.5;0.8
976;2021-03-09;391;161;7392;2318;2.6;0.8
976;2021-03-10;180;178;7572;2496;2.7;0.9
976;2021-03-11;167;207;7739;2703;2.8;1.0
976;2021-03-12;237;292;7976;2995;2.9;1.1
976;2021-03-13;2;0;7978;2995;2.9;1.1
976;2021-03-14;0;0;7978;2995;2.9;1.1
976;2021-03-15;157;293;8135;3288;2.9;1.2
976;2021-03-16;236;223;8371;3511;3.0;1.3
976;2021-03-17;264;143;8635;3654;3.1;1.3
976;2021-03-18;173;236;8808;3890;3.2;1.4
976;2021-03-19;172;298;8980;4188;3.2;1.5
976;2021-03-20;0;0;8980;4188;3.2;1.5
976;2021-03-21;0;0;8980;4188;3.2;1.5
976;2021-03-22;98;136;9078;4324;3.2;1.5
976;2021-03-23;136;240;9214;4564;3.3;1.6
976;2021-03-24;160;146;9374;4710;3.4;1.7
976;2021-03-25;186;206;9560;4916;3.4;1.8
976;2021-03-26;160;211;9720;5127;3.5;1.8
976;2021-03-27;18;0;9738;5127;3.5;1.8
976;2021-03-28;1;0;9739;5127;3.5;1.8
976;2021-03-29;0;2;9739;5129;3.5;1.8
976;2021-03-30;272;335;10011;5464;3.6;2.0
976;2021-03-31;224;125;10235;5589;3.7;2.0
976;2021-04-01;244;103;10479;5692;3.7;2.0
976;2021-04-02;288;263;10767;5955;3.9;2.1
976;2021-04-03;905;307;11672;6262;4.2;2.2
976;2021-04-04;1;0;11673;6262;4.2;2.2
976;2021-04-05;1;0;11674;6262;4.2;2.2
976;2021-04-06;162;278;11836;6540;4.2;2.3
976;2021-04-07;237;266;12073;6806;4.3;2.4
976;2021-04-08;286;140;12359;6946;4.4;2.5
976;2021-04-09;248;171;12607;7117;4.5;2.5
976;2021-04-10;181;114;12788;7231;4.6;2.6
976;2021-04-11;7;0;12795;7231;4.6;2.6
976;2021-04-12;0;19;12795;7250;4.6;2.6
976;2021-04-13;394;344;13189;7594;4.7;2.7
976;2021-04-14;239;205;13428;7799;4.8;2.8
976;2021-04-15;207;117;13635;7916;4.9;2.8
976;2021-04-16;214;127;13849;8043;5.0;2.9
976;2021-04-17;226;131;14075;8174;5.0;2.9
976;2021-04-18;1;0;14076;8174;5.0;2.9
976;2021-04-19;7;1;14083;8175;5.0;2.9
976;2021-04-20;369;224;14452;8399;5.2;3.0
976;2021-04-21;413;150;14865;8549;5.3;3.1
976;2021-04-22;410;151;15275;8700;5.5;3.1
976;2021-04-23;367;166;15642;8866;5.6;3.2
976;2021-04-24;413;128;16055;8994;5.7;3.2
976;2021-04-25;2;0;16057;8994;5.7;3.2
976;2021-04-26;54;8;16111;9002;5.8;3.2
976;2021-04-27;351;292;16462;9294;5.9;3.3
976;2021-04-28;355;515;16817;9809;6.0;3.5
976;2021-04-29;559;344;17376;10153;6.2;3.6
976;2021-04-30;404;238;17780;10391;6.4;3.7
976;2021-05-01;671;285;18451;10676;6.6;3.8
976;2021-05-02;0;0;18451;10676;6.6;3.8
976;2021-05-03;141;6;18592;10682;6.7;3.8
976;2021-05-04;353;426;18945;11108;6.8;4.0
976;2021-05-05;447;318;19392;11426;6.9;4.1
976;2021-05-06;320;201;19712;11627;7.1;4.2
976;2021-05-07;341;133;20053;11760;7.2;4.2
976;2021-05-08;301;139;20354;11899;7.3;4.3
976;2021-05-09;0;0;20354;11899;7.3;4.3
976;2021-05-10;9;9;20363;11908;7.3;4.3
976;2021-05-11;362;488;20725;12396;7.4;4.4
976;2021-05-12;333;310;21058;12706;7.5;4.5
976;2021-05-13;127;97;21185;12803;7.6;4.6
976;2021-05-14;0;0;21185;12803;7.6;4.6
976;2021-05-15;486;283;21671;13086;7.8;4.7
976;2021-05-16;1;0;21672;13086;7.8;4.7
976;2021-05-17;123;51;21795;13137;7.8;4.7
976;2021-05-18;516;430;22311;13567;8.0;4.9
976;2021-05-19;651;663;22962;14230;8.2;5.1
976;2021-05-20;1055;497;24017;14727;8.6;5.3
976;2021-05-21;1046;314;25063;15041;9.0;5.4
976;2021-05-22;1242;299;26305;15340;9.4;5.5
976;2021-05-23;0;0;26305;15340;9.4;5.5
976;2021-05-24;1;0;26306;15340;9.4;5.5
976;2021-05-25;889;623;27195;15963;9.7;5.7
976;2021-05-26;1036;841;28231;16804;10.1;6.0
976;2021-05-27;1324;510;29555;17314;10.6;6.2
976;2021-05-28;957;374;30512;17688;10.9;6.3
976;2021-05-29;1130;391;31642;18079;11.3;6.5
976;2021-05-30;1;1;31643;18080;11.3;6.5
976;2021-05-31;105;6;31748;18086;11.4;6.5
976;2021-06-01;1151;651;32899;18737;11.8;6.7
976;2021-06-02;1230;531;34129;19268;12.2;6.9
976;2021-06-03;807;352;34936;19620;12.5;7.0
976;2021-06-04;1001;323;35937;19943;12.9;7.1
976;2021-06-05;678;300;36615;20243;13.1;7.2
976;2021-06-06;1;0;36616;20243;13.1;7.2
976;2021-06-07;90;12;36706;20255;13.1;7.2
976;2021-06-08;955;444;37661;20699;13.5;7.4
976;2021-06-09;972;551;38633;21250;13.8;7.6
976;2021-06-10;692;230;39325;21480;14.1;7.7
976;2021-06-11;848;366;40173;21846;14.4;7.8
976;2021-06-12;581;276;40754;22122;14.6;7.9
976;2021-06-13;1;0;40755;22122;14.6;7.9
976;2021-06-14;186;112;40941;22234;14.6;8.0
976;2021-06-15;412;839;41353;23073;14.8;8.3
976;2021-06-16;890;1441;42243;24514;15.1;8.8
976;2021-06-17;776;657;43019;25171;15.4;9.0
976;2021-06-18;706;622;43725;25793;15.6;9.2
976;2021-06-19;537;643;44262;26436;15.8;9.5
976;2021-06-20;1;0;44263;26436;15.8;9.5
976;2021-06-21;127;130;44390;26566;15.9;9.5
976;2021-06-22;429;1150;44819;27716;16.0;9.9
976;2021-06-23;659;1185;45478;28901;16.3;10.3
976;2021-06-24;465;545;45943;29446;16.4;10.5
976;2021-06-25;541;475;46484;29921;16.6;10.7
976;2021-06-26;388;689;46872;30610;16.8;11.0
976;2021-06-27;0;0;46872;30610;16.8;11.0
976;2021-06-28;106;191;46978;30801;16.8;11.0
976;2021-06-29;706;974;47684;31775;17.1;11.4
976;2021-06-30;673;946;48357;32721;17.3;11.7
976;2021-07-01;572;546;48929;33267;17.5;11.9
976;2021-07-02;451;429;49380;33696;17.7;12.1
976;2021-07-03;446;420;49826;34116;17.8;12.2
976;2021-07-04;2;0;49828;34116;17.8;12.2
976;2021-07-05;115;225;49943;34341;17.9;12.3
976;2021-07-06;496;859;50439;35200;18.0;12.6
976;2021-07-07;755;1001;51194;36201;18.3;13.0
976;2021-07-08;793;628;51987;36829;18.6;13.2
976;2021-07-09;782;515;52769;37344;18.9;13.4
976;2021-07-10;434;316;53203;37660;19.0;13.5
976;2021-07-11;0;0;53203;37660;19.0;13.5
976;2021-07-12;160;170;53363;37830;19.1;13.5
976;2021-07-13;830;996;54193;38826;19.4;13.9
976;2021-07-14;0;5;54193;38831;19.4;13.9
976;2021-07-15;1203;807;55396;39638;19.8;14.2
976;2021-07-16;1284;648;56680;40286;20.3;14.4
976;2021-07-17;1031;366;57711;40652;20.7;14.5
976;2021-07-18;0;0;57711;40652;20.7;14.5
976;2021-07-19;203;133;57914;40785;20.7;14.6
976;2021-07-20;1151;867;59065;41652;21.1;14.9
976;2021-07-21;32;28;59097;41680;21.1;14.9
976;2021-07-22;1119;649;60216;42329;21.5;15.1
976;2021-07-23;1199;533;61415;42862;22.0;15.3
976;2021-07-24;847;435;62262;43297;22.3;15.5
976;2021-07-25;0;0;62262;43297;22.3;15.5
976;2021-07-26;178;36;62440;43333;22.3;15.5
976;2021-07-27;1123;820;63563;44153;22.7;15.8
976;2021-07-28;961;632;64524;44785;23.1;16.0
976;2021-07-29;1198;553;65722;45338;23.5;16.2
976;2021-07-30;1201;403;66923;45741;23.9;16.4
976;2021-07-31;760;272;67683;46013;24.2;16.5
976;2021-08-01;0;0;67683;46013;24.2;16.5
977;2020-12-27;0;0;0;0;0.0;0.0
977;2020-12-28;0;0;0;0;0.0;0.0
977;2020-12-29;0;0;0;0;0.0;0.0
977;2020-12-30;0;0;0;0;0.0;0.0
977;2020-12-31;0;0;0;0;0.0;0.0
977;2021-01-01;0;0;0;0;0.0;0.0
977;2021-01-02;0;0;0;0;0.0;0.0
977;2021-01-03;0;0;0;0;0.0;0.0
977;2021-01-04;0;0;0;0;0.0;0.0
977;2021-01-05;0;0;0;0;0.0;0.0
977;2021-01-06;0;0;0;0;0.0;0.0
977;2021-01-07;0;0;0;0;0.0;0.0
977;2021-01-08;0;0;0;0;0.0;0.0
977;2021-01-09;0;0;0;0;0.0;0.0
977;2021-01-10;0;0;0;0;0.0;0.0
977;2021-01-11;0;0;0;0;0.0;0.0
977;2021-01-12;0;0;0;0;0.0;0.0
977;2021-01-13;0;0;0;0;0.0;0.0
977;2021-01-14;0;0;0;0;0.0;0.0
977;2021-01-15;0;0;0;0;0.0;0.0
977;2021-01-16;0;0;0;0;0.0;0.0
977;2021-01-17;0;0;0;0;0.0;0.0
977;2021-01-18;1;0;1;0;0.0;0.0
977;2021-01-19;0;0;1;0;0.0;0.0
977;2021-01-20;0;0;1;0;0.0;0.0
977;2021-01-21;12;0;13;0;0.1;0.0
977;2021-01-22;12;0;25;0;0.3;0.0
977;2021-01-23;0;0;25;0;0.3;0.0
977;2021-01-24;0;0;25;0;0.3;0.0
977;2021-01-25;0;0;25;0;0.3;0.0
977;2021-01-26;0;0;25;0;0.3;0.0
977;2021-01-27;12;0;37;0;0.4;0.0
977;2021-01-28;1;0;38;0;0.4;0.0
977;2021-01-29;6;0;44;0;0.4;0.0
977;2021-01-30;0;0;44;0;0.4;0.0
977;2021-01-31;0;0;44;0;0.4;0.0
977;2021-02-01;0;0;44;0;0.4;0.0
977;2021-02-02;0;0;44;0;0.4;0.0
977;2021-02-03;11;0;55;0;0.6;0.0
977;2021-02-04;12;0;67;0;0.7;0.0
977;2021-02-05;11;0;78;0;0.8;0.0
977;2021-02-06;0;0;78;0;0.8;0.0
977;2021-02-07;0;0;78;0;0.8;0.0
977;2021-02-08;0;0;78;0;0.8;0.0
977;2021-02-09;13;0;91;0;0.9;0.0
977;2021-02-10;0;0;91;0;0.9;0.0
977;2021-02-11;17;0;108;0;1.1;0.0
977;2021-02-12;45;0;153;0;1.5;0.0
977;2021-02-13;0;0;153;0;1.5;0.0
977;2021-02-14;0;0;153;0;1.5;0.0
977;2021-02-15;0;0;153;0;1.5;0.0
977;2021-02-16;0;0;153;0;1.5;0.0
977;2021-02-17;0;0;153;0;1.5;0.0
977;2021-02-18;18;0;171;0;1.7;0.0
977;2021-02-19;35;0;206;0;2.1;0.0
977;2021-02-20;0;0;206;0;2.1;0.0
977;2021-02-21;0;0;206;0;2.1;0.0
977;2021-02-22;0;0;206;0;2.1;0.0
977;2021-02-23;0;22;206;22;2.1;0.2
977;2021-02-24;0;0;206;22;2.1;0.2
977;2021-02-25;15;10;221;32;2.2;0.3
977;2021-02-26;33;20;254;52;2.5;0.5
977;2021-02-27;0;0;254;52;2.5;0.5
977;2021-02-28;0;0;254;52;2.5;0.5
977;2021-03-01;0;0;254;52;2.5;0.5
977;2021-03-02;19;11;273;63;2.7;0.6
977;2021-03-03;0;0;273;63;2.7;0.6
977;2021-03-04;16;12;289;75;2.9;0.8
977;2021-03-05;35;19;324;94;3.3;0.9
977;2021-03-06;0;0;324;94;3.3;0.9
977;2021-03-07;0;0;324;94;3.3;0.9
977;2021-03-08;0;0;324;94;3.3;0.9
977;2021-03-09;1;0;325;94;3.3;0.9
977;2021-03-10;0;0;325;94;3.3;0.9
977;2021-03-11;20;30;345;124;3.5;1.2
977;2021-03-12;62;41;407;165;4.1;1.7
977;2021-03-13;0;0;407;165;4.1;1.7
977;2021-03-14;0;0;407;165;4.1;1.7
977;2021-03-15;0;0;407;165;4.1;1.7
977;2021-03-16;30;9;437;174;4.4;1.7
977;2021-03-17;0;0;437;174;4.4;1.7
977;2021-03-18;30;16;467;190;4.7;1.9
977;2021-03-19;55;30;522;220;5.2;2.2
977;2021-03-20;0;0;522;220;5.2;2.2
977;2021-03-21;0;0;522;220;5.2;2.2
977;2021-03-22;0;0;522;220;5.2;2.2
977;2021-03-23;0;0;522;220;5.2;2.2
977;2021-03-24;0;0;522;220;5.2;2.2
977;2021-03-25;65;17;587;237;5.9;2.4
977;2021-03-26;73;26;660;263;6.6;2.6
977;2021-03-27;0;0;660;263;6.6;2.6
977;2021-03-28;0;0;660;263;6.6;2.6
977;2021-03-29;0;0;660;263;6.6;2.6
977;2021-03-30;40;18;700;281;7.0;2.8
977;2021-03-31;26;15;726;296;7.3;3.0
977;2021-04-01;25;32;751;328;7.5;3.3
977;2021-04-02;0;0;751;328;7.5;3.3
977;2021-04-03;0;0;751;328;7.5;3.3
977;2021-04-04;0;0;751;328;7.5;3.3
977;2021-04-05;9;0;760;328;7.6;3.3
977;2021-04-06;0;0;760;328;7.6;3.3
977;2021-04-07;0;0;760;328;7.6;3.3
977;2021-04-08;57;46;817;374;8.2;3.8
977;2021-04-09;58;31;875;405;8.8;4.1
977;2021-04-10;0;0;875;405;8.8;4.1
977;2021-04-11;0;0;875;405;8.8;4.1
977;2021-04-12;0;0;875;405;8.8;4.1
977;2021-04-13;0;0;875;405;8.8;4.1
977;2021-04-14;5;6;880;411;8.8;4.1
977;2021-04-15;56;71;936;482;9.4;4.8
977;2021-04-16;90;35;1026;517;10.3;5.2
977;2021-04-17;0;1;1026;518;10.3;5.2
977;2021-04-18;0;0;1026;518;10.3;5.2
977;2021-04-19;1;0;1027;518;10.3;5.2
977;2021-04-20;335;65;1362;583;13.7;5.9
977;2021-04-21;337;30;1699;613;17.1;6.2
977;2021-04-22;284;50;1983;663;19.9;6.7
977;2021-04-23;260;42;2243;705;22.5;7.1
977;2021-04-24;231;1;2474;706;24.8;7.1
977;2021-04-25;0;0;2474;706;24.8;7.1
977;2021-04-26;283;19;2757;725;27.7;7.3
977;2021-04-27;224;68;2981;793;29.9;8.0
977;2021-04-28;192;26;3173;819;31.9;8.2
977;2021-04-29;170;23;3343;842;33.6;8.5
977;2021-04-30;172;16;3515;858;35.3;8.6
977;2021-05-01;202;12;3717;870;37.3;8.7
977;2021-05-02;0;0;3717;870;37.3;8.7
977;2021-05-03;135;9;3852;879;38.7;8.8
977;2021-05-04;161;53;4013;932;40.3;9.4
977;2021-05-05;221;30;4234;962;42.5;9.7
977;2021-05-06;175;33;4409;995;44.3;10.0
977;2021-05-07;149;31;4558;1026;45.8;10.3
977;2021-05-08;1;0;4559;1026;45.8;10.3
977;2021-05-09;0;2;4559;1028;45.8;10.3
977;2021-05-10;0;0;4559;1028;45.8;10.3
977;2021-05-11;3;41;4562;1069;45.8;10.7
977;2021-05-12;6;36;4568;1105;45.9;11.1
977;2021-05-13;0;0;4568;1105;45.9;11.1
977;2021-05-14;28;98;4596;1203;46.1;12.1
977;2021-05-15;0;0;4596;1203;46.1;12.1
977;2021-05-16;1;0;4597;1203;46.1;12.1
977;2021-05-17;1;14;4598;1217;46.2;12.2
977;2021-05-18;17;32;4615;1249;46.3;12.5
977;2021-05-19;0;1;4615;1250;46.3;12.5
977;2021-05-20;0;8;4615;1258;46.3;12.6
977;2021-05-21;12;32;4627;1290;46.5;13.0
977;2021-05-22;0;0;4627;1290;46.5;13.0
977;2021-05-23;0;0;4627;1290;46.5;13.0
977;2021-05-24;0;0;4627;1290;46.5;13.0
977;2021-05-25;50;333;4677;1623;47.0;16.3
977;2021-05-26;54;360;4731;1983;47.5;19.9
977;2021-05-27;34;317;4765;2300;47.8;23.1
977;2021-05-28;27;256;4792;2556;48.1;25.7
977;2021-05-29;35;375;4827;2931;48.5;29.4
977;2021-05-30;1;0;4828;2931;48.5;29.4
977;2021-05-31;45;216;4873;3147;48.9;31.6
977;2021-06-01;48;227;4921;3374;49.4;33.9
977;2021-06-02;69;273;4990;3647;50.1;36.6
977;2021-06-03;41;252;5031;3899;50.5;39.1
977;2021-06-04;79;270;5110;4169;51.3;41.9
977;2021-06-05;1;0;5111;4169;51.3;41.9
977;2021-06-06;0;0;5111;4169;51.3;41.9
977;2021-06-07;1;1;5112;4170;51.3;41.9
977;2021-06-08;3;2;5115;4172;51.4;41.9
977;2021-06-09;0;3;5115;4175;51.4;41.9
977;2021-06-10;8;4;5123;4179;51.4;42.0
977;2021-06-11;4;8;5127;4187;51.5;42.0
977;2021-06-12;16;59;5143;4246;51.6;42.6
977;2021-06-13;0;0;5143;4246;51.6;42.6
977;2021-06-14;0;0;5143;4246;51.6;42.6
977;2021-06-15;0;1;5143;4247;51.6;42.6
977;2021-06-16;0;0;5143;4247;51.6;42.6
977;2021-06-17;2;6;5145;4253;51.7;42.7
977;2021-06-18;0;2;5145;4255;51.7;42.7
977;2021-06-19;25;49;5170;4304;51.9;43.2
977;2021-06-20;0;0;5170;4304;51.9;43.2
977;2021-06-21;0;2;5170;4306;51.9;43.2
977;2021-06-22;8;0;5178;4306;52.0;43.2
977;2021-06-23;15;9;5193;4315;52.1;43.3
977;2021-06-24;10;5;5203;4320;52.2;43.4
977;2021-06-25;0;0;5203;4320;52.2;43.4
977;2021-06-26;25;45;5228;4365;52.5;43.8
977;2021-06-27;0;0;5228;4365;52.5;43.8
977;2021-06-28;0;0;5228;4365;52.5;43.8
977;2021-06-29;0;0;5228;4365;52.5;43.8
977;2021-06-30;0;0;5228;4365;52.5;43.8
977;2021-07-01;27;36;5255;4401;52.8;44.2
977;2021-07-02;26;31;5281;4432;53.0;44.5
977;2021-07-03;27;212;5308;4644;53.3;46.6
977;2021-07-04;0;0;5308;4644;53.3;46.6
977;2021-07-05;4;8;5312;4652;53.3;46.7
977;2021-07-06;0;0;5312;4652;53.3;46.7
977;2021-07-07;8;0;5320;4652;53.4;46.7
977;2021-07-08;33;23;5353;4675;53.7;46.9
977;2021-07-09;23;33;5376;4708;54.0;47.3
977;2021-07-10;28;40;5404;4748;54.3;47.7
977;2021-07-11;0;0;5404;4748;54.3;47.7
977;2021-07-12;0;1;5404;4749;54.3;47.7
977;2021-07-13;10;9;5414;4758;54.4;47.8
977;2021-07-14;0;0;5414;4758;54.4;47.8
977;2021-07-15;1;11;5415;4769;54.4;47.9
977;2021-07-16;44;50;5459;4819;54.8;48.4
977;2021-07-17;34;36;5493;4855;55.1;48.7
977;2021-07-18;0;0;5493;4855;55.1;48.7
977;2021-07-19;3;2;5496;4857;55.2;48.8
977;2021-07-20;3;1;5499;4858;55.2;48.8
977;2021-07-21;33;16;5532;4874;55.5;48.9
977;2021-07-22;35;33;5567;4907;55.9;49.3
977;2021-07-23;32;28;5599;4935;56.2;49.5
977;2021-07-24;43;26;5642;4961;56.6;49.8
977;2021-07-25;0;0;5642;4961;56.6;49.8
977;2021-07-26;13;9;5655;4970;56.8;49.9
977;2021-07-27;0;10;5655;4980;56.8;50.0
977;2021-07-28;31;14;5686;4994;57.1;50.1
977;2021-07-29;33;32;5719;5026;57.4;50.5
977;2021-07-30;31;29;5750;5055;57.7;50.7
977;2021-07-31;53;23;5803;5078;58.3;51.0
977;2021-08-01;0;0;5803;5078;58.3;51.0
978;2020-12-27;0;0;0;0;0.0;0.0
978;2020-12-28;0;0;0;0;0.0;0.0
978;2020-12-29;0;0;0;0;0.0;0.0
978;2020-12-30;0;0;0;0;0.0;0.0
978;2020-12-31;0;0;0;0;0.0;0.0
978;2021-01-01;0;0;0;0;0.0;0.0
978;2021-01-02;0;0;0;0;0.0;0.0
978;2021-01-03;0;0;0;0;0.0;0.0
978;2021-01-04;0;0;0;0;0.0;0.0
978;2021-01-05;0;0;0;0;0.0;0.0
978;2021-01-06;0;0;0;0;0.0;0.0
978;2021-01-07;0;0;0;0;0.0;0.0
978;2021-01-08;0;0;0;0;0.0;0.0
978;2021-01-09;0;0;0;0;0.0;0.0
978;2021-01-10;0;0;0;0;0.0;0.0
978;2021-01-11;0;0;0;0;0.0;0.0
978;2021-01-12;0;0;0;0;0.0;0.0
978;2021-01-13;10;0;10;0;0.0;0.0
978;2021-01-14;12;0;22;0;0.1;0.0
978;2021-01-15;9;0;31;0;0.1;0.0
978;2021-01-16;0;0;31;0;0.1;0.0
978;2021-01-17;0;0;31;0;0.1;0.0
978;2021-01-18;0;0;31;0;0.1;0.0
978;2021-01-19;12;0;43;0;0.1;0.0
978;2021-01-20;13;0;56;0;0.2;0.0
978;2021-01-21;6;0;62;0;0.2;0.0
978;2021-01-22;0;0;62;0;0.2;0.0
978;2021-01-23;0;0;62;0;0.2;0.0
978;2021-01-24;0;0;62;0;0.2;0.0
978;2021-01-25;0;0;62;0;0.2;0.0
978;2021-01-26;9;0;71;0;0.2;0.0
978;2021-01-27;10;0;81;0;0.2;0.0
978;2021-01-28;6;0;87;0;0.2;0.0
978;2021-01-29;0;0;87;0;0.2;0.0
978;2021-01-30;0;0;87;0;0.2;0.0
978;2021-01-31;0;0;87;0;0.2;0.0
978;2021-02-01;0;0;87;0;0.2;0.0
978;2021-02-02;38;0;125;0;0.4;0.0
978;2021-02-03;10;0;135;0;0.4;0.0
978;2021-02-04;31;0;166;0;0.5;0.0
978;2021-02-05;6;0;172;0;0.5;0.0
978;2021-02-06;0;0;172;0;0.5;0.0
978;2021-02-07;0;0;172;0;0.5;0.0
978;2021-02-08;0;0;172;0;0.5;0.0
978;2021-02-09;38;0;210;0;0.6;0.0
978;2021-02-10;27;1;237;1;0.7;0.0
978;2021-02-11;0;0;237;1;0.7;0.0
978;2021-02-12;36;0;273;1;0.8;0.0
978;2021-02-13;0;0;273;1;0.8;0.0
978;2021-02-14;0;0;273;1;0.8;0.0
978;2021-02-15;50;1;323;2;0.9;0.0
978;2021-02-16;0;0;323;2;0.9;0.0
978;2021-02-17;0;0;323;2;0.9;0.0
978;2021-02-18;28;0;351;2;1.0;0.0
978;2021-02-19;44;0;395;2;1.1;0.0
978;2021-02-20;0;0;395;2;1.1;0.0
978;2021-02-21;0;0;395;2;1.1;0.0
978;2021-02-22;45;4;440;6;1.2;0.0
978;2021-02-23;41;29;481;35;1.4;0.1
978;2021-02-24;35;1;516;36;1.5;0.1
978;2021-02-25;55;36;571;72;1.6;0.2
978;2021-02-26;39;5;610;77;1.7;0.2
978;2021-02-27;0;0;610;77;1.7;0.2
978;2021-02-28;0;0;610;77;1.7;0.2
978;2021-03-01;49;5;659;82;1.9;0.2
978;2021-03-02;7;27;666;109;1.9;0.3
978;2021-03-03;48;28;714;137;2.0;0.4
978;2021-03-04;30;26;744;163;2.1;0.5
978;2021-03-05;46;10;790;173;2.2;0.5
978;2021-03-06;0;0;790;173;2.2;0.5
978;2021-03-07;0;0;790;173;2.2;0.5
978;2021-03-08;32;7;822;180;2.3;0.5
978;2021-03-09;19;27;841;207;2.4;0.6
978;2021-03-10;33;28;874;235;2.5;0.7
978;2021-03-11;2;0;876;235;2.5;0.7
978;2021-03-12;52;21;928;256;2.6;0.7
978;2021-03-13;13;0;941;256;2.7;0.7
978;2021-03-14;0;0;941;256;2.7;0.7
978;2021-03-15;31;41;972;297;2.8;0.8
978;2021-03-16;73;6;1045;303;3.0;0.9
978;2021-03-17;67;13;1112;316;3.1;0.9
978;2021-03-18;82;39;1194;355;3.4;1.0
978;2021-03-19;32;50;1226;405;3.5;1.1
978;2021-03-20;0;0;1226;405;3.5;1.1
978;2021-03-21;0;0;1226;405;3.5;1.1
978;2021-03-22;34;45;1260;450;3.6;1.3
978;2021-03-23;30;43;1290;493;3.7;1.4
978;2021-03-24;38;42;1328;535;3.8;1.5
978;2021-03-25;94;34;1422;569;4.0;1.6
978;2021-03-26;45;33;1467;602;4.2;1.7
978;2021-03-27;94;3;1561;605;4.4;1.7
978;2021-03-28;0;0;1561;605;4.4;1.7
978;2021-03-29;69;48;1630;653;4.6;1.8
978;2021-03-30;98;24;1728;677;4.9;1.9
978;2021-03-31;90;49;1818;726;5.1;2.1
978;2021-04-01;56;48;1874;774;5.3;2.2
978;2021-04-02;0;0;1874;774;5.3;2.2
978;2021-04-03;1;0;1875;774;5.3;2.2
978;2021-04-04;0;0;1875;774;5.3;2.2
978;2021-04-05;2;0;1877;774;5.3;2.2
978;2021-04-06;49;63;1926;837;5.5;2.4
978;2021-04-07;91;33;2017;870;5.7;2.5
978;2021-04-08;120;7;2137;877;6.0;2.5
978;2021-04-09;90;39;2227;916;6.3;2.6
978;2021-04-10;168;11;2395;927;6.8;2.6
978;2021-04-11;0;0;2395;927;6.8;2.6
978;2021-04-12;41;75;2436;1002;6.9;2.8
978;2021-04-13;49;71;2485;1073;7.0;3.0
978;2021-04-14;82;45;2567;1118;7.3;3.2
978;2021-04-15;92;23;2659;1141;7.5;3.2
978;2021-04-16;77;42;2736;1183;7.7;3.3
978;2021-04-17;165;4;2901;1187;8.2;3.4
978;2021-04-18;0;0;2901;1187;8.2;3.4
978;2021-04-19;52;67;2953;1254;8.4;3.5
978;2021-04-20;83;27;3036;1281;8.6;3.6
978;2021-04-21;91;29;3127;1310;8.8;3.7
978;2021-04-22;101;20;3228;1330;9.1;3.8
978;2021-04-23;45;66;3273;1396;9.3;4.0
978;2021-04-24;99;78;3372;1474;9.5;4.2
978;2021-04-25;0;0;3372;1474;9.5;4.2
978;2021-04-26;29;91;3401;1565;9.6;4.4
978;2021-04-27;59;63;3460;1628;9.8;4.6
978;2021-04-28;90;39;3550;1667;10.0;4.7
978;2021-04-29;89;33;3639;1700;10.3;4.8
978;2021-04-30;104;14;3743;1714;10.6;4.9
978;2021-05-01;0;8;3743;1722;10.6;4.9
978;2021-05-02;0;0;3743;1722;10.6;4.9
978;2021-05-03;25;99;3768;1821;10.7;5.2
978;2021-05-04;159;102;3927;1923;11.1;5.4
978;2021-05-05;141;58;4068;1981;11.5;5.6
978;2021-05-06;200;49;4268;2030;12.1;5.7
978;2021-05-07;127;71;4395;2101;12.4;5.9
978;2021-05-08;69;122;4464;2223;12.6;6.3
978;2021-05-09;0;0;4464;2223;12.6;6.3
978;2021-05-10;124;99;4588;2322;13.0;6.6
978;2021-05-11;132;72;4720;2394;13.4;6.8
978;2021-05-12;156;78;4876;2472;13.8;7.0
978;2021-05-13;83;6;4959;2478;14.0;7.0
978;2021-05-14;130;62;5089;2540;14.4;7.2
978;2021-05-15;87;4;5176;2544;14.6;7.2
978;2021-05-16;0;0;5176;2544;14.6;7.2
978;2021-05-17;146;115;5322;2659;15.1;7.5
978;2021-05-18;151;94;5473;2753;15.5;7.8
978;2021-05-19;84;69;5557;2822;15.7;8.0
978;2021-05-20;104;26;5661;2848;16.0;8.1
978;2021-05-21;98;53;5759;2901;16.3;8.2
978;2021-05-22;100;11;5859;2912;16.6;8.2
978;2021-05-23;0;0;5859;2912;16.6;8.2
978;2021-05-24;33;7;5892;2919;16.7;8.3
978;2021-05-25;119;78;6011;2997;17.0;8.5
978;2021-05-26;109;49;6120;3046;17.3;8.6
978;2021-05-27;112;42;6232;3088;17.6;8.7
978;2021-05-28;33;1;6265;3089;17.7;8.7
978;2021-05-29;60;213;6325;3302;17.9;9.3
978;2021-05-30;0;0;6325;3302;17.9;9.3
978;2021-05-31;112;63;6437;3365;18.2;9.5
978;2021-06-01;116;62;6553;3427;18.5;9.7
978;2021-06-02;131;33;6684;3460;18.9;9.8
978;2021-06-03;102;38;6786;3498;19.2;9.9
978;2021-06-04;128;70;6914;3568;19.6;10.1
978;2021-06-05;83;21;6997;3589;19.8;10.2
978;2021-06-06;0;0;6997;3589;19.8;10.2
978;2021-06-07;96;96;7093;3685;20.1;10.4
978;2021-06-08;82;89;7175;3774;20.3;10.7
978;2021-06-09;99;73;7274;3847;20.6;10.9
978;2021-06-10;112;63;7386;3910;20.9;11.1
978;2021-06-11;116;106;7502;4016;21.2;11.4
978;2021-06-12;57;30;7559;4046;21.4;11.5
978;2021-06-13;0;0;7559;4046;21.4;11.5
978;2021-06-14;106;127;7665;4173;21.7;11.8
978;2021-06-15;88;120;7753;4293;21.9;12.1
978;2021-06-16;105;148;7858;4441;22.2;12.6
978;2021-06-17;85;72;7943;4513;22.5;12.8
978;2021-06-18;66;99;8009;4612;22.7;13.1
978;2021-06-19;64;79;8073;4691;22.8;13.3
978;2021-06-20;0;0;8073;4691;22.8;13.3
978;2021-06-21;78;152;8151;4843;23.1;13.7
978;2021-06-22;71;103;8222;4946;23.3;14.0
978;2021-06-23;68;115;8290;5061;23.5;14.3
978;2021-06-24;44;75;8334;5136;23.6;14.5
978;2021-06-25;63;100;8397;5236;23.8;14.8
978;2021-06-26;35;61;8432;5297;23.9;15.0
978;2021-06-27;0;0;8432;5297;23.9;15.0
978;2021-06-28;72;129;8504;5426;24.1;15.4
978;2021-06-29;62;105;8566;5531;24.2;15.7
978;2021-06-30;56;110;8622;5641;24.4;16.0
978;2021-07-01;42;87;8664;5728;24.5;16.2
978;2021-07-02;52;91;8716;5819;24.7;16.5
978;2021-07-03;40;90;8756;5909;24.8;16.7
978;2021-07-04;0;1;8756;5910;24.8;16.7
978;2021-07-05;66;93;8822;6003;25.0;17.0
978;2021-07-06;55;76;8877;6079;25.1;17.2
978;2021-07-07;55;123;8932;6202;25.3;17.6
978;2021-07-08;52;107;8984;6309;25.4;17.9
978;2021-07-09;46;93;9030;6402;25.6;18.1
978;2021-07-10;38;84;9068;6486;25.7;18.4
978;2021-07-11;0;4;9068;6490;25.7;18.4
978;2021-07-12;69;130;9137;6620;25.9;18.7
978;2021-07-13;146;162;9283;6782;26.3;19.2
978;2021-07-14;3;0;9286;6782;26.3;19.2
978;2021-07-15;161;194;9447;6976;26.7;19.7
978;2021-07-16;112;113;9559;7089;27.1;20.1
978;2021-07-17;51;100;9610;7189;27.2;20.3
978;2021-07-18;0;0;9610;7189;27.2;20.3
978;2021-07-19;98;134;9708;7323;27.5;20.7
978;2021-07-20;80;73;9788;7396;27.7;20.9
978;2021-07-21;61;49;9849;7445;27.9;21.1
978;2021-07-22;97;115;9946;7560;28.1;21.4
978;2021-07-23;67;100;10013;7660;28.3;21.7
978;2021-07-24;20;35;10033;7695;28.4;21.8
978;2021-07-25;0;0;10033;7695;28.4;21.8
978;2021-07-26;91;116;10124;7811;28.7;22.1
978;2021-07-27;67;145;10191;7956;28.8;22.5
978;2021-07-28;72;127;10263;8083;29.0;22.9
978;2021-07-29;80;98;10343;8181;29.3;23.2
978;2021-07-30;81;116;10424;8297;29.5;23.5
978;2021-07-31;49;67;10473;8364;29.6;23.7
978;2021-08-01;0;0;10473;8364;29.6;23.7
