dep;jour;n_dose1;n_complet;n_cum_dose1;n_cum_complet;couv_dose1;couv_complet
01;2020-12-27;1;0;1;0;0.0;0.0
01;2020-12-28;0;0;1;0;0.0;0.0
01;2020-12-29;0;0;1;0;0.0;0.0
01;2020-12-30;0;0;1;0;0.0;0.0
01;2020-12-31;0;0;1;0;0.0;0.0
01;2021-01-01;0;0;1;0;0.0;0.0
01;2021-01-02;0;0;1;0;0.0;0.0
01;2021-01-03;0;0;1;0;0.0;0.0
01;2021-01-04;0;0;1;0;0.0;0.0
01;2021-01-05;2;0;3;0;0.0;0.0
01;2021-01-06;1;0;4;0;0.0;0.0
01;2021-01-07;67;0;71;0;0.0;0.0
01;2021-01-08;159;0;230;0;0.0;0.0
01;2021-01-09;2;1;232;1;0.0;0.0
01;2021-01-10;0;0;232;1;0.0;0.0
01;2021-01-11;147;0;379;1;0.1;0.0
01;2021-01-12;317;2;696;3;0.1;0.0
01;2021-01-13;444;1;1140;4;0.2;0.0
01;2021-01-14;528;3;1668;7;0.3;0.0
01;2021-01-15;396;3;2064;10;0.3;0.0
01;2021-01-16;202;0;2266;10;0.3;0.0
01;2021-01-17;128;0;2394;10;0.4;0.0
01;2021-01-18;378;1;2772;11;0.4;0.0
01;2021-01-19;1039;1;3811;12;0.6;0.0
01;2021-01-20;1261;2;5072;14;0.8;0.0
01;2021-01-21;1096;4;6168;18;0.9;0.0
01;2021-01-22;645;0;6813;18;1.0;0.0
01;2021-01-23;222;0;7035;18;1.1;0.0
01;2021-01-24;71;1;7106;19;1.1;0.0
01;2021-01-25;481;1;7587;20;1.2;0.0
01;2021-01-26;738;3;8325;23;1.3;0.0
01;2021-01-27;517;5;8842;28;1.3;0.0
01;2021-01-28;681;54;9523;82;1.4;0.0
01;2021-01-29;636;101;10159;183;1.5;0.0
01;2021-01-30;235;15;10394;198;1.6;0.0
01;2021-01-31;61;0;10455;198;1.6;0.0
01;2021-02-01;449;75;10904;273;1.7;0.0
01;2021-02-02;513;184;11417;457;1.7;0.1
01;2021-02-03;373;298;11790;755;1.8;0.1
01;2021-02-04;477;418;12267;1173;1.9;0.2
01;2021-02-05;437;281;12704;1454;1.9;0.2
01;2021-02-06;260;140;12964;1594;2.0;0.2
01;2021-02-07;2;113;12966;1707;2.0;0.3
01;2021-02-08;505;407;13471;2114;2.1;0.3
01;2021-02-09;771;858;14242;2972;2.2;0.5
01;2021-02-10;948;718;15190;3690;2.3;0.6
01;2021-02-11;788;777;15978;4467;2.4;0.7
01;2021-02-12;636;554;16614;5021;2.5;0.8
01;2021-02-13;159;149;16773;5170;2.6;0.8
01;2021-02-14;0;9;16773;5179;2.6;0.8
01;2021-02-15;436;445;17209;5624;2.6;0.9
01;2021-02-16;656;414;17865;6038;2.7;0.9
01;2021-02-17;518;244;18383;6282;2.8;1.0
01;2021-02-18;589;565;18972;6847;2.9;1.0
01;2021-02-19;577;245;19549;7092;3.0;1.1
01;2021-02-20;200;154;19749;7246;3.0;1.1
01;2021-02-21;0;1;19749;7247;3.0;1.1
01;2021-02-22;427;555;20176;7802;3.1;1.2
01;2021-02-23;482;522;20658;8324;3.1;1.3
01;2021-02-24;434;465;21092;8789;3.2;1.3
01;2021-02-25;817;608;21909;9397;3.3;1.4
01;2021-02-26;870;546;22779;9943;3.5;1.5
01;2021-02-27;480;114;23259;10057;3.5;1.5
01;2021-02-28;20;3;23279;10060;3.5;1.5
01;2021-03-01;625;451;23904;10511;3.6;1.6
01;2021-03-02;960;555;24864;11066;3.8;1.7
01;2021-03-03;935;664;25799;11730;3.9;1.8
01;2021-03-04;1194;633;26993;12363;4.1;1.9
01;2021-03-05;1353;492;28346;12855;4.3;2.0
01;2021-03-06;780;96;29126;12951;4.4;2.0
01;2021-03-07;43;1;29169;12952;4.4;2.0
01;2021-03-08;666;622;29835;13574;4.5;2.1
01;2021-03-09;1332;605;31167;14179;4.7;2.2
01;2021-03-10;1161;530;32328;14709;4.9;2.2
01;2021-03-11;1677;638;34005;15347;5.2;2.3
01;2021-03-12;2002;627;36007;15974;5.5;2.4
01;2021-03-13;1499;85;37506;16059;5.7;2.4
01;2021-03-14;132;57;37638;16116;5.7;2.5
01;2021-03-15;1155;397;38793;16513;5.9;2.5
01;2021-03-16;1006;557;39799;17070;6.1;2.6
01;2021-03-17;836;339;40635;17409;6.2;2.6
01;2021-03-18;1287;461;41922;17870;6.4;2.7
01;2021-03-19;1746;527;43668;18397;6.6;2.8
01;2021-03-20;1446;124;45114;18521;6.9;2.8
01;2021-03-21;97;10;45211;18531;6.9;2.8
01;2021-03-22;1575;486;46786;19017;7.1;2.9
01;2021-03-23;2195;642;48981;19659;7.5;3.0
01;2021-03-24;1611;402;50592;20061;7.7;3.1
01;2021-03-25;2907;599;53499;20660;8.1;3.1
01;2021-03-26;2867;606;56366;21266;8.6;3.2
01;2021-03-27;1307;149;57673;21415;8.8;3.3
01;2021-03-28;21;1;57694;21416;8.8;3.3
01;2021-03-29;1928;544;59622;21960;9.1;3.3
01;2021-03-30;2512;749;62134;22709;9.5;3.5
01;2021-03-31;1867;621;64001;23330;9.7;3.6
01;2021-04-01;2561;840;66562;24170;10.1;3.7
01;2021-04-02;2816;698;69378;24868;10.6;3.8
01;2021-04-03;1256;126;70634;24994;10.8;3.8
01;2021-04-04;2;0;70636;24994;10.8;3.8
01;2021-04-05;1260;56;71896;25050;10.9;3.8
01;2021-04-06;2814;785;74710;25835;11.4;3.9
01;2021-04-07;2736;700;77446;26535;11.8;4.0
01;2021-04-08;3240;987;80686;27522;12.3;4.2
01;2021-04-09;3980;1323;84666;28845;12.9;4.4
01;2021-04-10;1822;296;86488;29141;13.2;4.4
01;2021-04-11;44;22;86532;29163;13.2;4.4
01;2021-04-12;2712;1215;89244;30378;13.6;4.6
01;2021-04-13;2931;1306;92175;31684;14.0;4.8
01;2021-04-14;3116;1075;95291;32759;14.5;5.0
01;2021-04-15;3072;1468;98363;34227;15.0;5.2
01;2021-04-16;2860;1566;101223;35793;15.4;5.4
01;2021-04-17;1654;679;102877;36472;15.7;5.6
01;2021-04-18;13;0;102890;36472;15.7;5.6
01;2021-04-19;2038;1521;104928;37993;16.0;5.8
01;2021-04-20;2660;1567;107588;39560;16.4;6.0
01;2021-04-21;2685;1340;110273;40900;16.8;6.2
01;2021-04-22;2833;1522;113106;42422;17.2;6.5
01;2021-04-23;2760;1519;115866;43941;17.6;6.7
01;2021-04-24;1446;648;117312;44589;17.9;6.8
01;2021-04-25;9;0;117321;44589;17.9;6.8
01;2021-04-26;1971;1718;119292;46307;18.2;7.0
01;2021-04-27;2569;1543;121861;47850;18.5;7.3
01;2021-04-28;2498;1567;124359;49417;18.9;7.5
01;2021-04-29;2719;1767;127078;51184;19.3;7.8
01;2021-04-30;2982;2238;130060;53422;19.8;8.1
01;2021-05-01;1471;856;131531;54278;20.0;8.3
01;2021-05-02;546;73;132077;54351;20.1;8.3
01;2021-05-03;2293;2476;134370;56827;20.5;8.7
01;2021-05-04;2544;2652;136914;59479;20.8;9.1
01;2021-05-05;2527;2492;139441;61971;21.2;9.4
01;2021-05-06;2994;2516;142435;64487;21.7;9.8
01;2021-05-07;3220;2781;145655;67268;22.2;10.2
01;2021-05-08;1645;922;147300;68190;22.4;10.4
01;2021-05-09;1023;158;148323;68348;22.6;10.4
01;2021-05-10;2500;3069;150823;71417;23.0;10.9
01;2021-05-11;3579;3050;154402;74467;23.5;11.3
01;2021-05-12;3650;2989;158052;77456;24.1;11.8
01;2021-05-13;4086;1495;162138;78951;24.7;12.0
01;2021-05-14;4271;2342;166409;81293;25.3;12.4
01;2021-05-15;3155;1432;169564;82725;25.8;12.6
01;2021-05-16;1410;150;170974;82875;26.0;12.6
01;2021-05-17;3434;2466;174408;85341;26.5;13.0
01;2021-05-18;4069;1954;178477;87295;27.2;13.3
01;2021-05-19;3971;1899;182448;89194;27.8;13.6
01;2021-05-20;4528;2011;186976;91205;28.5;13.9
01;2021-05-21;4613;2196;191589;93401;29.2;14.2
01;2021-05-22;3367;950;194956;94351;29.7;14.4
01;2021-05-23;831;81;195787;94432;29.8;14.4
01;2021-05-24;2765;498;198552;94930;30.2;14.5
01;2021-05-25;3554;2422;202106;97352;30.8;14.8
01;2021-05-26;3567;2244;205673;99596;31.3;15.2
01;2021-05-27;3847;2098;209520;101694;31.9;15.5
01;2021-05-28;3663;2638;213183;104332;32.5;15.9
01;2021-05-29;3059;1301;216242;105633;32.9;16.1
01;2021-05-30;613;88;216855;105721;33.0;16.1
01;2021-05-31;2402;2515;219257;108236;33.4;16.5
01;2021-06-01;2765;2577;222022;110813;33.8;16.9
01;2021-06-02;2878;2178;224900;112991;34.2;17.2
01;2021-06-03;3361;2426;228261;115417;34.7;17.6
01;2021-06-04;4501;3347;232762;118764;35.4;18.1
01;2021-06-05;3249;1717;236011;120481;35.9;18.3
01;2021-06-06;669;78;236680;120559;36.0;18.4
01;2021-06-07;3386;2870;240066;123429;36.5;18.8
01;2021-06-08;3647;2704;243713;126133;37.1;19.2
01;2021-06-09;2943;2629;246656;128762;37.5;19.6
01;2021-06-10;2759;2040;249415;130802;38.0;19.9
01;2021-06-11;3066;3363;252481;134165;38.4;20.4
01;2021-06-12;2403;2197;254884;136362;38.8;20.8
01;2021-06-13;200;478;255084;136840;38.8;20.8
01;2021-06-14;2122;3162;257206;140002;39.2;21.3
01;2021-06-15;2003;3358;259209;143360;39.5;21.8
01;2021-06-16;2177;3284;261386;146644;39.8;22.3
01;2021-06-17;1958;3168;263344;149812;40.1;22.8
01;2021-06-18;2593;4157;265937;153969;40.5;23.4
01;2021-06-19;1726;2553;267663;156522;40.7;23.8
01;2021-06-20;159;497;267822;157019;40.8;23.9
01;2021-06-21;1799;3705;269621;160724;41.0;24.5
01;2021-06-22;1548;3997;271169;164721;41.3;25.1
01;2021-06-23;1581;3755;272750;168476;41.5;25.6
01;2021-06-24;1469;3564;274219;172040;41.7;26.2
01;2021-06-25;1884;4567;276103;176607;42.0;26.9
01;2021-06-26;1204;2946;277307;179553;42.2;27.3
01;2021-06-27;170;340;277477;179893;42.2;27.4
01;2021-06-28;1379;4021;278856;183914;42.4;28.0
01;2021-06-29;1397;3848;280253;187762;42.7;28.6
01;2021-06-30;1373;4154;281626;191916;42.9;29.2
01;2021-07-01;1376;4085;283002;196001;43.1;29.8
01;2021-07-02;1580;4989;284582;200990;43.3;30.6
01;2021-07-03;857;3375;285439;204365;43.4;31.1
01;2021-07-04;103;498;285542;204863;43.5;31.2
01;2021-07-05;1471;4088;287013;208951;43.7;31.8
01;2021-07-06;1094;4286;288107;213237;43.9;32.5
01;2021-07-07;1632;3706;289739;216943;44.1;33.0
01;2021-07-08;1455;3678;291194;220621;44.3;33.6
01;2021-07-09;1878;4366;293072;224987;44.6;34.2
01;2021-07-10;1112;3445;294184;228432;44.8;34.8
01;2021-07-11;104;418;294288;228850;44.8;34.8
01;2021-07-12;1412;3847;295700;232697;45.0;35.4
01;2021-07-13;2042;4121;297742;236818;45.3;36.0
01;2021-07-14;136;180;297878;236998;45.3;36.1
01;2021-07-15;3071;4184;300949;241182;45.8;36.7
01;2021-07-16;3732;4832;304681;246014;46.4;37.4
01;2021-07-17;2176;3037;306857;249051;46.7;37.9
01;2021-07-18;286;553;307143;249604;46.8;38.0
01;2021-07-19;2900;3853;310043;253457;47.2;38.6
01;2021-07-20;3271;3684;313314;257141;47.7;39.1
01;2021-07-21;3916;3553;317230;260694;48.3;39.7
01;2021-07-22;4170;3473;321400;264167;48.9;40.2
01;2021-07-23;3912;4201;325312;268368;49.5;40.9
01;2021-07-24;2713;2707;328025;271075;49.9;41.3
01;2021-07-25;58;57;328083;271132;49.9;41.3
01;2021-07-26;3324;3237;331407;274369;50.4;41.8
01;2021-07-27;4083;2759;335490;277128;51.1;42.2
01;2021-07-28;3963;2629;339453;279757;51.7;42.6
01;2021-07-29;4668;2416;344121;282173;52.4;43.0
01;2021-07-30;4436;3406;348557;285579;53.1;43.5
01;2021-07-31;3606;1747;352163;287326;53.6;43.7
01;2021-08-01;380;60;352543;287386;53.7;43.7
01;2021-08-02;2981;2399;355524;289785;54.1;44.1
02;2020-12-27;0;0;0;0;0.0;0.0
02;2020-12-28;0;0;0;0;0.0;0.0
02;2020-12-29;0;0;0;0;0.0;0.0
02;2020-12-30;0;0;0;0;0.0;0.0
02;2020-12-31;0;0;0;0;0.0;0.0
02;2021-01-01;0;0;0;0;0.0;0.0
02;2021-01-02;0;0;0;0;0.0;0.0
02;2021-01-03;0;0;0;0;0.0;0.0
02;2021-01-04;0;0;0;0;0.0;0.0
02;2021-01-05;0;0;0;0;0.0;0.0
02;2021-01-06;22;0;22;0;0.0;0.0
02;2021-01-07;261;1;283;1;0.1;0.0
02;2021-01-08;489;3;772;4;0.1;0.0
02;2021-01-09;74;0;846;4;0.2;0.0
02;2021-01-10;49;0;895;4;0.2;0.0
02;2021-01-11;267;0;1162;4;0.2;0.0
02;2021-01-12;355;1;1517;5;0.3;0.0
02;2021-01-13;468;4;1985;9;0.4;0.0
02;2021-01-14;651;11;2636;20;0.5;0.0
02;2021-01-15;630;7;3266;27;0.6;0.0
02;2021-01-16;333;4;3599;31;0.7;0.0
02;2021-01-17;62;0;3661;31;0.7;0.0
02;2021-01-18;810;5;4471;36;0.8;0.0
02;2021-01-19;942;5;5413;41;1.0;0.0
02;2021-01-20;1429;5;6842;46;1.3;0.0
02;2021-01-21;2597;4;9439;50;1.8;0.0
02;2021-01-22;1419;1;10858;51;2.1;0.0
02;2021-01-23;291;1;11149;52;2.1;0.0
02;2021-01-24;67;0;11216;52;2.1;0.0
02;2021-01-25;432;10;11648;62;2.2;0.0
02;2021-01-26;704;14;12352;76;2.3;0.0
02;2021-01-27;159;2;12511;78;2.4;0.0
02;2021-01-28;69;247;12580;325;2.4;0.1
02;2021-01-29;119;421;12699;746;2.4;0.1
02;2021-01-30;4;14;12703;760;2.4;0.1
02;2021-01-31;0;10;12703;770;2.4;0.1
02;2021-02-01;11;213;12714;983;2.4;0.2
02;2021-02-02;45;331;12759;1314;2.4;0.2
02;2021-02-03;124;339;12883;1653;2.4;0.3
02;2021-02-04;226;359;13109;2012;2.5;0.4
02;2021-02-05;178;418;13287;2430;2.5;0.5
02;2021-02-06;65;175;13352;2605;2.5;0.5
02;2021-02-07;9;0;13361;2605;2.5;0.5
02;2021-02-08;305;436;13666;3041;2.6;0.6
02;2021-02-09;322;681;13988;3722;2.7;0.7
02;2021-02-10;485;1046;14473;4768;2.8;0.9
02;2021-02-11;941;1908;15414;6676;2.9;1.3
02;2021-02-12;885;1121;16299;7797;3.1;1.5
02;2021-02-13;290;130;16589;7927;3.2;1.5
02;2021-02-14;1;5;16590;7932;3.2;1.5
02;2021-02-15;344;681;16934;8613;3.2;1.6
02;2021-02-16;413;571;17347;9184;3.3;1.7
02;2021-02-17;498;636;17845;9820;3.4;1.9
02;2021-02-18;507;446;18352;10266;3.5;2.0
02;2021-02-19;444;572;18796;10838;3.6;2.1
02;2021-02-20;372;231;19168;11069;3.6;2.1
02;2021-02-21;39;17;19207;11086;3.7;2.1
02;2021-02-22;377;317;19584;11403;3.7;2.2
02;2021-02-23;432;363;20016;11766;3.8;2.2
02;2021-02-24;600;146;20616;11912;3.9;2.3
02;2021-02-25;870;136;21486;12048;4.1;2.3
02;2021-02-26;808;71;22294;12119;4.2;2.3
02;2021-02-27;444;11;22738;12130;4.3;2.3
02;2021-02-28;55;2;22793;12132;4.3;2.3
02;2021-03-01;637;24;23430;12156;4.5;2.3
02;2021-03-02;1032;104;24462;12260;4.7;2.3
02;2021-03-03;752;204;25214;12464;4.8;2.4
02;2021-03-04;1160;669;26374;13133;5.0;2.5
02;2021-03-05;1048;505;27422;13638;5.2;2.6
02;2021-03-06;2137;94;29559;13732;5.6;2.6
02;2021-03-07;1503;39;31062;13771;5.9;2.6
02;2021-03-08;570;366;31632;14137;6.0;2.7
02;2021-03-09;998;399;32630;14536;6.2;2.8
02;2021-03-10;894;466;33524;15002;6.4;2.9
02;2021-03-11;1294;387;34818;15389;6.6;2.9
02;2021-03-12;1704;408;36522;15797;6.9;3.0
02;2021-03-13;2591;226;39113;16023;7.4;3.0
02;2021-03-14;1455;36;40568;16059;7.7;3.1
02;2021-03-15;612;449;41180;16508;7.8;3.1
02;2021-03-16;863;394;42043;16902;8.0;3.2
02;2021-03-17;759;450;42802;17352;8.1;3.3
02;2021-03-18;607;620;43409;17972;8.3;3.4
02;2021-03-19;1172;299;44581;18271;8.5;3.5
02;2021-03-20;2429;150;47010;18421;8.9;3.5
02;2021-03-21;1488;69;48498;18490;9.2;3.5
02;2021-03-22;761;502;49259;18992;9.4;3.6
02;2021-03-23;1194;545;50453;19537;9.6;3.7
02;2021-03-24;1581;492;52034;20029;9.9;3.8
02;2021-03-25;1693;592;53727;20621;10.2;3.9
02;2021-03-26;2411;480;56138;21101;10.7;4.0
02;2021-03-27;2495;123;58633;21224;11.1;4.0
02;2021-03-28;637;13;59270;21237;11.3;4.0
02;2021-03-29;1037;859;60307;22096;11.5;4.2
02;2021-03-30;1554;838;61861;22934;11.8;4.4
02;2021-03-31;1299;718;63160;23652;12.0;4.5
02;2021-04-01;1290;848;64450;24500;12.3;4.7
02;2021-04-02;1182;1228;65632;25728;12.5;4.9
02;2021-04-03;2647;849;68279;26577;13.0;5.1
02;2021-04-04;727;237;69006;26814;13.1;5.1
02;2021-04-05;1508;130;70514;26944;13.4;5.1
02;2021-04-06;1541;852;72055;27796;13.7;5.3
02;2021-04-07;1862;773;73917;28569;14.1;5.4
02;2021-04-08;1919;1101;75836;29670;14.4;5.6
02;2021-04-09;2433;1079;78269;30749;14.9;5.8
02;2021-04-10;2429;1198;80698;31947;15.3;6.1
02;2021-04-11;476;416;81174;32363;15.4;6.2
02;2021-04-12;1824;624;82998;32987;15.8;6.3
02;2021-04-13;1599;921;84597;33908;16.1;6.4
02;2021-04-14;2584;956;87181;34864;16.6;6.6
02;2021-04-15;2495;765;89676;35629;17.0;6.8
02;2021-04-16;2439;1121;92115;36750;17.5;7.0
02;2021-04-17;1890;2139;94005;38889;17.9;7.4
02;2021-04-18;270;814;94275;39703;17.9;7.5
02;2021-04-19;1159;634;95434;40337;18.1;7.7
02;2021-04-20;1676;758;97110;41095;18.5;7.8
02;2021-04-21;1549;986;98659;42081;18.8;8.0
02;2021-04-22;1749;699;100408;42780;19.1;8.1
02;2021-04-23;1929;1409;102337;44189;19.5;8.4
02;2021-04-24;1713;1637;104050;45826;19.8;8.7
02;2021-04-25;462;235;104512;46061;19.9;8.8
02;2021-04-26;1340;557;105852;46618;20.1;8.9
02;2021-04-27;1627;1092;107479;47710;20.4;9.1
02;2021-04-28;1593;1434;109072;49144;20.7;9.3
02;2021-04-29;1884;1175;110956;50319;21.1;9.6
02;2021-04-30;2716;1652;113672;51971;21.6;9.9
02;2021-05-01;1990;1223;115662;53194;22.0;10.1
02;2021-05-02;1983;408;117645;53602;22.4;10.2
02;2021-05-03;2223;982;119868;54584;22.8;10.4
02;2021-05-04;1525;1317;121393;55901;23.1;10.6
02;2021-05-05;2330;1835;123723;57736;23.5;11.0
02;2021-05-06;2123;1729;125846;59465;23.9;11.3
02;2021-05-07;2358;2173;128204;61638;24.4;11.7
02;2021-05-08;2919;936;131123;62574;24.9;11.9
02;2021-05-09;1822;421;132945;62995;25.3;12.0
02;2021-05-10;2374;1480;135319;64475;25.7;12.3
02;2021-05-11;2876;1563;138195;66038;26.3;12.6
02;2021-05-12;2673;1620;140868;67658;26.8;12.9
02;2021-05-13;2989;1036;143857;68694;27.3;13.1
02;2021-05-14;3379;1205;147236;69899;28.0;13.3
02;2021-05-15;4375;1083;151611;70982;28.8;13.5
02;2021-05-16;2797;210;154408;71192;29.4;13.5
02;2021-05-17;2146;658;156554;71850;29.8;13.7
02;2021-05-18;2634;967;159188;72817;30.3;13.8
02;2021-05-19;2852;988;162040;73805;30.8;14.0
02;2021-05-20;3552;1225;165592;75030;31.5;14.3
02;2021-05-21;3817;1060;169409;76090;32.2;14.5
02;2021-05-22;5848;959;175257;77049;33.3;14.6
02;2021-05-23;2659;237;177916;77286;33.8;14.7
02;2021-05-24;3541;539;181457;77825;34.5;14.8
02;2021-05-25;2261;1159;183718;78984;34.9;15.0
02;2021-05-26;3080;1492;186798;80476;35.5;15.3
02;2021-05-27;3651;1486;190449;81962;36.2;15.6
02;2021-05-28;3513;1580;193962;83542;36.9;15.9
02;2021-05-29;4081;1573;198043;85115;37.6;16.2
02;2021-05-30;1449;185;199492;85300;37.9;16.2
02;2021-05-31;2578;1194;202070;86494;38.4;16.4
02;2021-06-01;2866;1869;204936;88363;39.0;16.8
02;2021-06-02;3161;1645;208097;90008;39.6;17.1
02;2021-06-03;2854;1831;210951;91839;40.1;17.5
02;2021-06-04;3140;2054;214091;93893;40.7;17.8
02;2021-06-05;3437;1727;217528;95620;41.4;18.2
02;2021-06-06;1733;258;219261;95878;41.7;18.2
02;2021-06-07;1613;1498;220874;97376;42.0;18.5
02;2021-06-08;2061;1845;222935;99221;42.4;18.9
02;2021-06-09;2053;1651;224988;100872;42.8;19.2
02;2021-06-10;2010;1833;226998;102705;43.2;19.5
02;2021-06-11;2196;3070;229194;105775;43.6;20.1
02;2021-06-12;2312;2591;231506;108366;44.0;20.6
02;2021-06-13;683;1387;232189;109753;44.1;20.9
02;2021-06-14;1048;2393;233237;112146;44.3;21.3
02;2021-06-15;1518;2462;234755;114608;44.6;21.8
02;2021-06-16;1534;2747;236289;117355;44.9;22.3
02;2021-06-17;1779;2856;238068;120211;45.3;22.9
02;2021-06-18;2311;3565;240379;123776;45.7;23.5
02;2021-06-19;1840;3820;242219;127596;46.0;24.3
02;2021-06-20;644;1521;242863;129117;46.2;24.5
02;2021-06-21;805;3195;243668;132312;46.3;25.2
02;2021-06-22;1151;3666;244819;135978;46.5;25.8
02;2021-06-23;1213;3590;246032;139568;46.8;26.5
02;2021-06-24;1323;3150;247355;142718;47.0;27.1
02;2021-06-25;1394;4549;248749;147267;47.3;28.0
02;2021-06-26;1346;4223;250095;151490;47.5;28.8
02;2021-06-27;600;2333;250695;153823;47.7;29.2
02;2021-06-28;876;3022;251571;156845;47.8;29.8
02;2021-06-29;908;2927;252479;159772;48.0;30.4
02;2021-06-30;1440;3158;253919;162930;48.3;31.0
02;2021-07-01;1191;3586;255110;166516;48.5;31.7
02;2021-07-02;1314;5135;256424;171651;48.7;32.6
02;2021-07-03;992;5986;257416;177637;48.9;33.8
02;2021-07-04;508;2369;257924;180006;49.0;34.2
02;2021-07-05;655;3946;258579;183952;49.2;35.0
02;2021-07-06;665;3047;259244;186999;49.3;35.5
02;2021-07-07;1315;3734;260559;190733;49.5;36.3
02;2021-07-08;1390;3880;261949;194613;49.8;37.0
02;2021-07-09;1277;4217;263226;198830;50.0;37.8
02;2021-07-10;1328;4612;264554;203442;50.3;38.7
02;2021-07-11;478;1965;265032;205407;50.4;39.0
02;2021-07-12;1405;3727;266437;209134;50.6;39.8
02;2021-07-13;2058;3662;268495;212796;51.0;40.5
02;2021-07-14;1751;1595;270246;214391;51.4;40.8
02;2021-07-15;2712;3547;272958;217938;51.9;41.4
02;2021-07-16;3141;4218;276099;222156;52.5;42.2
02;2021-07-17;3547;4213;279646;226369;53.2;43.0
02;2021-07-18;2035;1608;281681;227977;53.5;43.3
02;2021-07-19;3424;3022;285105;230999;54.2;43.9
02;2021-07-20;3487;3293;288592;234292;54.9;44.5
02;2021-07-21;3898;2934;292490;237226;55.6;45.1
02;2021-07-22;3304;2800;295794;240026;56.2;45.6
02;2021-07-23;3169;3550;298963;243576;56.8;46.3
02;2021-07-24;4433;3703;303396;247279;57.7;47.0
02;2021-07-25;2180;1081;305576;248360;58.1;47.2
02;2021-07-26;3863;2233;309439;250593;58.8;47.6
02;2021-07-27;3613;2135;313052;252728;59.5;48.0
02;2021-07-28;3268;2086;316320;254814;60.1;48.4
02;2021-07-29;2565;2202;318885;257016;60.6;48.9
02;2021-07-30;3297;2292;322182;259308;61.2;49.3
02;2021-07-31;4158;2251;326340;261559;62.0;49.7
02;2021-08-01;1461;681;327801;262240;62.3;49.9
02;2021-08-02;2005;1586;329806;263826;62.7;50.2
03;2020-12-27;0;0;0;0;0.0;0.0
03;2020-12-28;0;0;0;0;0.0;0.0
03;2020-12-29;0;0;0;0;0.0;0.0
03;2020-12-30;0;0;0;0;0.0;0.0
03;2020-12-31;0;0;0;0;0.0;0.0
03;2021-01-01;0;0;0;0;0.0;0.0
03;2021-01-02;0;0;0;0;0.0;0.0
03;2021-01-03;0;0;0;0;0.0;0.0
03;2021-01-04;0;0;0;0;0.0;0.0
03;2021-01-05;0;0;0;0;0.0;0.0
03;2021-01-06;10;0;10;0;0.0;0.0
03;2021-01-07;61;0;71;0;0.0;0.0
03;2021-01-08;146;1;217;1;0.1;0.0
03;2021-01-09;122;0;339;1;0.1;0.0
03;2021-01-10;6;0;345;1;0.1;0.0
03;2021-01-11;412;1;757;2;0.2;0.0
03;2021-01-12;631;0;1388;2;0.4;0.0
03;2021-01-13;669;2;2057;4;0.6;0.0
03;2021-01-14;860;5;2917;9;0.9;0.0
03;2021-01-15;388;2;3305;11;1.0;0.0
03;2021-01-16;278;0;3583;11;1.1;0.0
03;2021-01-17;42;0;3625;11;1.1;0.0
03;2021-01-18;879;0;4504;11;1.4;0.0
03;2021-01-19;1149;1;5653;12;1.7;0.0
03;2021-01-20;1289;2;6942;14;2.1;0.0
03;2021-01-21;1199;8;8141;22;2.5;0.0
03;2021-01-22;1117;5;9258;27;2.8;0.0
03;2021-01-23;466;0;9724;27;2.9;0.0
03;2021-01-24;0;0;9724;27;2.9;0.0
03;2021-01-25;187;0;9911;27;3.0;0.0
03;2021-01-26;678;14;10589;41;3.2;0.0
03;2021-01-27;695;11;11284;52;3.4;0.0
03;2021-01-28;1018;45;12302;97;3.7;0.0
03;2021-01-29;856;81;13158;178;4.0;0.1
03;2021-01-30;600;2;13758;180;4.2;0.1
03;2021-01-31;0;0;13758;180;4.2;0.1
03;2021-02-01;160;76;13918;256;4.2;0.1
03;2021-02-02;765;269;14683;525;4.4;0.2
03;2021-02-03;1055;493;15738;1018;4.8;0.3
03;2021-02-04;1546;632;17284;1650;5.2;0.5
03;2021-02-05;944;317;18228;1967;5.5;0.6
03;2021-02-06;152;13;18380;1980;5.5;0.6
03;2021-02-07;5;0;18385;1980;5.5;0.6
03;2021-02-08;128;56;18513;2036;5.6;0.6
03;2021-02-09;612;445;19125;2481;5.8;0.7
03;2021-02-10;483;340;19608;2821;5.9;0.9
03;2021-02-11;1025;582;20633;3403;6.2;1.0
03;2021-02-12;1075;550;21708;3953;6.6;1.2
03;2021-02-13;126;168;21834;4121;6.6;1.2
03;2021-02-14;0;1;21834;4122;6.6;1.2
03;2021-02-15;308;862;22142;4984;6.7;1.5
03;2021-02-16;547;1172;22689;6156;6.8;1.9
03;2021-02-17;453;1364;23142;7520;7.0;2.3
03;2021-02-18;367;1273;23509;8793;7.1;2.7
03;2021-02-19;496;798;24005;9591;7.2;2.9
03;2021-02-20;128;184;24133;9775;7.3;3.0
03;2021-02-21;2;1;24135;9776;7.3;3.0
03;2021-02-22;159;205;24294;9981;7.3;3.0
03;2021-02-23;721;951;25015;10932;7.6;3.3
03;2021-02-24;609;1022;25624;11954;7.7;3.6
03;2021-02-25;1089;1838;26713;13792;8.1;4.2
03;2021-02-26;819;1374;27532;15166;8.3;4.6
03;2021-02-27;96;258;27628;15424;8.3;4.7
03;2021-02-28;0;15;27628;15439;8.3;4.7
03;2021-03-01;178;240;27806;15679;8.4;4.7
03;2021-03-02;818;663;28624;16342;8.6;4.9
03;2021-03-03;893;446;29517;16788;8.9;5.1
03;2021-03-04;1529;585;31046;17373;9.4;5.2
03;2021-03-05;1120;722;32166;18095;9.7;5.5
03;2021-03-06;915;112;33081;18207;10.0;5.5
03;2021-03-07;2;0;33083;18207;10.0;5.5
03;2021-03-08;239;245;33322;18452;10.1;5.6
03;2021-03-09;1016;436;34338;18888;10.4;5.7
03;2021-03-10;941;549;35279;19437;10.6;5.9
03;2021-03-11;1676;646;36955;20083;11.2;6.1
03;2021-03-12;1301;864;38256;20947;11.5;6.3
03;2021-03-13;861;108;39117;21055;11.8;6.4
03;2021-03-14;2;9;39119;21064;11.8;6.4
03;2021-03-15;249;200;39368;21264;11.9;6.4
03;2021-03-16;650;400;40018;21664;12.1;6.5
03;2021-03-17;1300;443;41318;22107;12.5;6.7
03;2021-03-18;1719;391;43037;22498;13.0;6.8
03;2021-03-19;1727;355;44764;22853;13.5;6.9
03;2021-03-20;301;24;45065;22877;13.6;6.9
03;2021-03-21;0;0;45065;22877;13.6;6.9
03;2021-03-22;222;396;45287;23273;13.7;7.0
03;2021-03-23;1354;352;46641;23625;14.1;7.1
03;2021-03-24;1822;349;48463;23974;14.6;7.2
03;2021-03-25;2366;561;50829;24535;15.3;7.4
03;2021-03-26;2232;440;53061;24975;16.0;7.5
03;2021-03-27;817;20;53878;24995;16.3;7.5
03;2021-03-28;1;39;53879;25034;16.3;7.6
03;2021-03-29;657;176;54536;25210;16.5;7.6
03;2021-03-30;1908;446;56444;25656;17.0;7.7
03;2021-03-31;1011;985;57455;26641;17.3;8.0
03;2021-04-01;1332;1091;58787;27732;17.7;8.4
03;2021-04-02;1707;609;60494;28341;18.3;8.6
03;2021-04-03;366;95;60860;28436;18.4;8.6
03;2021-04-04;2;0;60862;28436;18.4;8.6
03;2021-04-05;18;14;60880;28450;18.4;8.6
03;2021-04-06;1072;407;61952;28857;18.7;8.7
03;2021-04-07;1562;508;63514;29365;19.2;8.9
03;2021-04-08;2120;474;65634;29839;19.8;9.0
03;2021-04-09;2059;1155;67693;30994;20.4;9.4
03;2021-04-10;1012;71;68705;31065;20.7;9.4
03;2021-04-11;478;9;69183;31074;20.9;9.4
03;2021-04-12;985;223;70168;31297;21.2;9.4
03;2021-04-13;1871;969;72039;32266;21.7;9.7
03;2021-04-14;2334;1208;74373;33474;22.4;10.1
03;2021-04-15;2621;1393;76994;34867;23.2;10.5
03;2021-04-16;2832;1162;79826;36029;24.1;10.9
03;2021-04-17;1082;433;80908;36462;24.4;11.0
03;2021-04-18;0;0;80908;36462;24.4;11.0
03;2021-04-19;1192;585;82100;37047;24.8;11.2
03;2021-04-20;1749;1270;83849;38317;25.3;11.6
03;2021-04-21;1122;1288;84971;39605;25.6;12.0
03;2021-04-22;1673;988;86644;40593;26.2;12.3
03;2021-04-23;2475;1250;89119;41843;26.9;12.6
03;2021-04-24;1301;908;90420;42751;27.3;12.9
03;2021-04-25;350;15;90770;42766;27.4;12.9
03;2021-04-26;1331;458;92101;43224;27.8;13.0
03;2021-04-27;1764;1513;93865;44737;28.3;13.5
03;2021-04-28;1929;1112;95794;45849;28.9;13.8
03;2021-04-29;2371;1236;98165;47085;29.6;14.2
03;2021-04-30;1931;799;100096;47884;30.2;14.5
03;2021-05-01;437;488;100533;48372;30.3;14.6
03;2021-05-02;1;1;100534;48373;30.3;14.6
03;2021-05-03;1910;770;102444;49143;30.9;14.8
03;2021-05-04;2841;1618;105285;50761;31.8;15.3
03;2021-05-05;2603;1314;107888;52075;32.6;15.7
03;2021-05-06;3095;2005;110983;54080;33.5;16.3
03;2021-05-07;4726;1780;115709;55860;34.9;16.9
03;2021-05-08;659;379;116368;56239;35.1;17.0
03;2021-05-09;49;512;116417;56751;35.1;17.1
03;2021-05-10;1891;1461;118308;58212;35.7;17.6
03;2021-05-11;3901;1830;122209;60042;36.9;18.1
03;2021-05-12;2970;1518;125179;61560;37.8;18.6
03;2021-05-13;4377;398;129556;61958;39.1;18.7
03;2021-05-14;3654;1688;133210;63646;40.2;19.2
03;2021-05-15;1942;487;135152;64133;40.8;19.4
03;2021-05-16;517;56;135669;64189;40.9;19.4
03;2021-05-17;1276;861;136945;65050;41.3;19.6
03;2021-05-18;3070;1496;140015;66546;42.3;20.1
03;2021-05-19;2616;961;142631;67507;43.0;20.4
03;2021-05-20;3332;1132;145963;68639;44.1;20.7
03;2021-05-21;4190;1276;150153;69915;45.3;21.1
03;2021-05-22;2012;358;152165;70273;45.9;21.2
03;2021-05-23;641;73;152806;70346;46.1;21.2
03;2021-05-24;2653;211;155459;70557;46.9;21.3
03;2021-05-25;3069;1685;158528;72242;47.8;21.8
03;2021-05-26;2338;1042;160866;73284;48.6;22.1
03;2021-05-27;2944;1123;163810;74407;49.4;22.5
03;2021-05-28;3842;2270;167652;76677;50.6;23.1
03;2021-05-29;1746;597;169398;77274;51.1;23.3
03;2021-05-30;242;23;169640;77297;51.2;23.3
03;2021-05-31;694;572;170334;77869;51.4;23.5
03;2021-06-01;2301;2342;172635;80211;52.1;24.2
03;2021-06-02;1532;1747;174167;81958;52.6;24.7
03;2021-06-03;2057;2753;176224;84711;53.2;25.6
03;2021-06-04;1698;2503;177922;87214;53.7;26.3
03;2021-06-05;1076;1141;178998;88355;54.0;26.7
03;2021-06-06;58;6;179056;88361;54.0;26.7
03;2021-06-07;783;1812;179839;90173;54.3;27.2
03;2021-06-08;1454;2550;181293;92723;54.7;28.0
03;2021-06-09;1265;1871;182558;94594;55.1;28.6
03;2021-06-10;1374;2118;183932;96712;55.5;29.2
03;2021-06-11;1503;3449;185435;100161;56.0;30.2
03;2021-06-12;830;824;186265;100985;56.2;30.5
03;2021-06-13;20;10;186285;100995;56.2;30.5
03;2021-06-14;380;2178;186665;103173;56.3;31.1
03;2021-06-15;1316;3835;187981;107008;56.7;32.3
03;2021-06-16;788;2887;188769;109895;57.0;33.2
03;2021-06-17;1084;3332;189853;113227;57.3;34.2
03;2021-06-18;1111;3976;190964;117203;57.6;35.4
03;2021-06-19;640;1615;191604;118818;57.8;35.9
03;2021-06-20;20;8;191624;118826;57.8;35.9
03;2021-06-21;458;2637;192082;121463;58.0;36.7
03;2021-06-22;1021;4002;193103;125465;58.3;37.9
03;2021-06-23;701;3283;193804;128748;58.5;38.9
03;2021-06-24;974;3863;194778;132611;58.8;40.0
03;2021-06-25;1002;3889;195780;136500;59.1;41.2
03;2021-06-26;511;2040;196291;138540;59.2;41.8
03;2021-06-27;66;486;196357;139026;59.3;42.0
03;2021-06-28;635;2097;196992;141123;59.5;42.6
03;2021-06-29;1015;3331;198007;144454;59.8;43.6
03;2021-06-30;829;3116;198836;147570;60.0;44.5
03;2021-07-01;972;2939;199808;150509;60.3;45.4
03;2021-07-02;907;4092;200715;154601;60.6;46.7
03;2021-07-03;472;1882;201187;156483;60.7;47.2
03;2021-07-04;19;333;201206;156816;60.7;47.3
03;2021-07-05;762;2377;201968;159193;61.0;48.0
03;2021-07-06;1097;3457;203065;162650;61.3;49.1
03;2021-07-07;798;2614;203863;165264;61.5;49.9
03;2021-07-08;1049;3037;204912;168301;61.8;50.8
03;2021-07-09;1426;3626;206338;171927;62.3;51.9
03;2021-07-10;489;1926;206827;173853;62.4;52.5
03;2021-07-11;60;493;206887;174346;62.4;52.6
03;2021-07-12;922;1151;207809;175497;62.7;53.0
03;2021-07-13;2514;3152;210323;178649;63.5;53.9
03;2021-07-14;194;23;210517;178672;63.5;53.9
03;2021-07-15;2556;2453;213073;181125;64.3;54.7
03;2021-07-16;2689;2265;215762;183390;65.1;55.4
03;2021-07-17;1023;1625;216785;185015;65.4;55.8
03;2021-07-18;31;6;216816;185021;65.4;55.8
03;2021-07-19;2377;1268;219193;186289;66.2;56.2
03;2021-07-20;3062;3033;222255;189322;67.1;57.1
03;2021-07-21;3201;1435;225456;190757;68.0;57.6
03;2021-07-22;2843;1869;228299;192626;68.9;58.1
03;2021-07-23;3185;1287;231484;193913;69.9;58.5
03;2021-07-24;586;578;232070;194491;70.0;58.7
03;2021-07-25;17;5;232087;194496;70.1;58.7
03;2021-07-26;2035;1575;234122;196071;70.7;59.2
03;2021-07-27;3302;2214;237424;198285;71.7;59.8
03;2021-07-28;2700;1107;240124;199392;72.5;60.2
03;2021-07-29;2435;1650;242559;201042;73.2;60.7
03;2021-07-30;2114;1437;244673;202479;73.8;61.1
03;2021-07-31;960;883;245633;203362;74.1;61.4
03;2021-08-01;13;20;245646;203382;74.1;61.4
03;2021-08-02;1644;1595;247290;204977;74.6;61.9
04;2020-12-27;0;0;0;0;0.0;0.0
04;2020-12-28;1;0;1;0;0.0;0.0
04;2020-12-29;0;0;1;0;0.0;0.0
04;2020-12-30;0;0;1;0;0.0;0.0
04;2020-12-31;0;0;1;0;0.0;0.0
04;2021-01-01;0;0;1;0;0.0;0.0
04;2021-01-02;0;0;1;0;0.0;0.0
04;2021-01-03;0;0;1;0;0.0;0.0
04;2021-01-04;0;0;1;0;0.0;0.0
04;2021-01-05;4;0;5;0;0.0;0.0
04;2021-01-06;0;0;5;0;0.0;0.0
04;2021-01-07;61;0;66;0;0.0;0.0
04;2021-01-08;88;0;154;0;0.1;0.0
04;2021-01-09;56;0;210;0;0.1;0.0
04;2021-01-10;0;0;210;0;0.1;0.0
04;2021-01-11;76;0;286;0;0.2;0.0
04;2021-01-12;418;1;704;1;0.4;0.0
04;2021-01-13;245;1;949;2;0.6;0.0
04;2021-01-14;90;2;1039;4;0.6;0.0
04;2021-01-15;165;3;1204;7;0.7;0.0
04;2021-01-16;105;2;1309;9;0.8;0.0
04;2021-01-17;14;0;1323;9;0.8;0.0
04;2021-01-18;235;9;1558;18;0.9;0.0
04;2021-01-19;466;4;2024;22;1.2;0.0
04;2021-01-20;572;6;2596;28;1.6;0.0
04;2021-01-21;612;6;3208;34;1.9;0.0
04;2021-01-22;638;1;3846;35;2.3;0.0
04;2021-01-23;109;0;3955;35;2.4;0.0
04;2021-01-24;0;0;3955;35;2.4;0.0
04;2021-01-25;239;0;4194;35;2.5;0.0
04;2021-01-26;656;0;4850;35;2.9;0.0
04;2021-01-27;480;0;5330;35;3.2;0.0
04;2021-01-28;665;21;5995;56;3.6;0.0
04;2021-01-29;367;41;6362;97;3.9;0.1
04;2021-01-30;65;41;6427;138;3.9;0.1
04;2021-01-31;1;5;6428;143;3.9;0.1
04;2021-02-01;239;149;6667;292;4.0;0.2
04;2021-02-02;552;224;7219;516;4.4;0.3
04;2021-02-03;368;162;7587;678;4.6;0.4
04;2021-02-04;355;53;7942;731;4.8;0.4
04;2021-02-05;379;224;8321;955;5.0;0.6
04;2021-02-06;50;95;8371;1050;5.1;0.6
04;2021-02-07;2;22;8373;1072;5.1;0.6
04;2021-02-08;163;71;8536;1143;5.2;0.7
04;2021-02-09;193;144;8729;1287;5.3;0.8
04;2021-02-10;252;171;8981;1458;5.4;0.9
04;2021-02-11;364;291;9345;1749;5.7;1.1
04;2021-02-12;293;318;9638;2067;5.8;1.3
04;2021-02-13;26;94;9664;2161;5.8;1.3
04;2021-02-14;0;0;9664;2161;5.8;1.3
04;2021-02-15;31;165;9695;2326;5.9;1.4
04;2021-02-16;81;522;9776;2848;5.9;1.7
04;2021-02-17;67;434;9843;3282;6.0;2.0
04;2021-02-18;45;612;9888;3894;6.0;2.4
04;2021-02-19;51;377;9939;4271;6.0;2.6
04;2021-02-20;5;71;9944;4342;6.0;2.6
04;2021-02-21;0;0;9944;4342;6.0;2.6
04;2021-02-22;7;298;9951;4640;6.0;2.8
04;2021-02-23;19;595;9970;5235;6.0;3.2
04;2021-02-24;38;428;10008;5663;6.1;3.4
04;2021-02-25;70;378;10078;6041;6.1;3.7
04;2021-02-26;215;332;10293;6373;6.2;3.9
04;2021-02-27;179;75;10472;6448;6.3;3.9
04;2021-02-28;1;0;10473;6448;6.3;3.9
04;2021-03-01;18;74;10491;6522;6.4;3.9
04;2021-03-02;135;41;10626;6563;6.4;4.0
04;2021-03-03;375;644;11001;7207;6.7;4.4
04;2021-03-04;208;491;11209;7698;6.8;4.7
04;2021-03-05;236;359;11445;8057;6.9;4.9
04;2021-03-06;912;69;12357;8126;7.5;4.9
04;2021-03-07;498;24;12855;8150;7.8;4.9
04;2021-03-08;44;83;12899;8233;7.8;5.0
04;2021-03-09;215;257;13114;8490;7.9;5.1
04;2021-03-10;400;372;13514;8862;8.2;5.4
04;2021-03-11;495;341;14009;9203;8.5;5.6
04;2021-03-12;699;205;14708;9408;8.9;5.7
04;2021-03-13;1087;61;15795;9469;9.6;5.7
04;2021-03-14;459;3;16254;9472;9.8;5.7
04;2021-03-15;92;13;16346;9485;9.9;5.7
04;2021-03-16;74;9;16420;9494;9.9;5.7
04;2021-03-17;531;74;16951;9568;10.3;5.8
04;2021-03-18;815;22;17766;9590;10.8;5.8
04;2021-03-19;723;30;18489;9620;11.2;5.8
04;2021-03-20;159;3;18648;9623;11.3;5.8
04;2021-03-21;0;0;18648;9623;11.3;5.8
04;2021-03-22;105;12;18753;9635;11.4;5.8
04;2021-03-23;244;6;18997;9641;11.5;5.8
04;2021-03-24;1022;52;20019;9693;12.1;5.9
04;2021-03-25;1326;45;21345;9738;12.9;5.9
04;2021-03-26;1448;66;22793;9804;13.8;5.9
04;2021-03-27;264;19;23057;9823;14.0;5.9
04;2021-03-28;2;0;23059;9823;14.0;5.9
04;2021-03-29;678;12;23737;9835;14.4;6.0
04;2021-03-30;1085;144;24822;9979;15.0;6.0
04;2021-03-31;1327;100;26149;10079;15.8;6.1
04;2021-04-01;1131;122;27280;10201;16.5;6.2
04;2021-04-02;1184;108;28464;10309;17.2;6.2
04;2021-04-03;250;20;28714;10329;17.4;6.3
04;2021-04-04;1;0;28715;10329;17.4;6.3
04;2021-04-05;35;1;28750;10330;17.4;6.3
04;2021-04-06;927;143;29677;10473;18.0;6.3
04;2021-04-07;882;431;30559;10904;18.5;6.6
04;2021-04-08;926;697;31485;11601;19.1;7.0
04;2021-04-09;677;415;32162;12016;19.5;7.3
04;2021-04-10;231;192;32393;12208;19.6;7.4
04;2021-04-11;153;65;32546;12273;19.7;7.4
04;2021-04-12;594;98;33140;12371;20.1;7.5
04;2021-04-13;1190;237;34330;12608;20.8;7.6
04;2021-04-14;991;498;35321;13106;21.4;7.9
04;2021-04-15;921;666;36242;13772;21.9;8.3
04;2021-04-16;817;457;37059;14229;22.4;8.6
04;2021-04-17;211;69;37270;14298;22.6;8.7
04;2021-04-18;0;13;37270;14311;22.6;8.7
04;2021-04-19;338;290;37608;14601;22.8;8.8
04;2021-04-20;1005;443;38613;15044;23.4;9.1
04;2021-04-21;654;747;39267;15791;23.8;9.6
04;2021-04-22;759;856;40026;16647;24.2;10.1
04;2021-04-23;695;533;40721;17180;24.6;10.4
04;2021-04-24;165;65;40886;17245;24.7;10.4
04;2021-04-25;0;0;40886;17245;24.7;10.4
04;2021-04-26;171;612;41057;17857;24.9;10.8
04;2021-04-27;394;967;41451;18824;25.1;11.4
04;2021-04-28;431;1088;41882;19912;25.4;12.1
04;2021-04-29;687;1127;42569;21039;25.8;12.7
04;2021-04-30;435;849;43004;21888;26.0;13.2
04;2021-05-01;104;22;43108;21910;26.1;13.3
04;2021-05-02;8;132;43116;22042;26.1;13.3
04;2021-05-03;151;552;43267;22594;26.2;13.7
04;2021-05-04;564;838;43831;23432;26.5;14.2
04;2021-05-05;514;928;44345;24360;26.8;14.7
04;2021-05-06;1160;589;45505;24949;27.5;15.1
04;2021-05-07;658;761;46163;25710;27.9;15.6
04;2021-05-08;48;98;46211;25808;28.0;15.6
04;2021-05-09;0;0;46211;25808;28.0;15.6
04;2021-05-10;466;297;46677;26105;28.3;15.8
04;2021-05-11;1203;907;47880;27012;29.0;16.4
04;2021-05-12;1389;738;49269;27750;29.8;16.8
04;2021-05-13;378;130;49647;27880;30.1;16.9
04;2021-05-14;441;295;50088;28175;30.3;17.1
04;2021-05-15;99;163;50187;28338;30.4;17.2
04;2021-05-16;3;6;50190;28344;30.4;17.2
04;2021-05-17;155;298;50345;28642;30.5;17.3
04;2021-05-18;392;975;50737;29617;30.7;17.9
04;2021-05-19;773;688;51510;30305;31.2;18.3
04;2021-05-20;1258;553;52768;30858;31.9;18.7
04;2021-05-21;849;786;53617;31644;32.5;19.2
04;2021-05-22;105;146;53722;31790;32.5;19.2
04;2021-05-23;1;1;53723;31791;32.5;19.2
04;2021-05-24;0;36;53723;31827;32.5;19.3
04;2021-05-25;867;595;54590;32422;33.0;19.6
04;2021-05-26;1047;787;55637;33209;33.7;20.1
04;2021-05-27;1357;632;56994;33841;34.5;20.5
04;2021-05-28;1120;659;58114;34500;35.2;20.9
04;2021-05-29;88;397;58202;34897;35.2;21.1
04;2021-05-30;3;1;58205;34898;35.2;21.1
04;2021-05-31;421;418;58626;35316;35.5;21.4
04;2021-06-01;641;636;59267;35952;35.9;21.8
04;2021-06-02;867;1062;60134;37014;36.4;22.4
04;2021-06-03;1195;853;61329;37867;37.1;22.9
04;2021-06-04;977;779;62306;38646;37.7;23.4
04;2021-06-05;141;201;62447;38847;37.8;23.5
04;2021-06-06;6;13;62453;38860;37.8;23.5
04;2021-06-07;564;318;63017;39178;38.1;23.7
04;2021-06-08;843;597;63860;39775;38.7;24.1
04;2021-06-09;1149;687;65009;40462;39.4;24.5
04;2021-06-10;1146;583;66155;41045;40.0;24.8
04;2021-06-11;945;610;67100;41655;40.6;25.2
04;2021-06-12;210;148;67310;41803;40.7;25.3
04;2021-06-13;1;1;67311;41804;40.7;25.3
04;2021-06-14;478;304;67789;42108;41.0;25.5
04;2021-06-15;642;999;68431;43107;41.4;26.1
04;2021-06-16;1021;784;69452;43891;42.0;26.6
04;2021-06-17;998;960;70450;44851;42.6;27.2
04;2021-06-18;765;885;71215;45736;43.1;27.7
04;2021-06-19;39;85;71254;45821;43.1;27.7
04;2021-06-20;7;9;71261;45830;43.1;27.7
04;2021-06-21;306;612;71567;46442;43.3;28.1
04;2021-06-22;360;1307;71927;47749;43.5;28.9
04;2021-06-23;473;1313;72400;49062;43.8;29.7
04;2021-06-24;848;818;73248;49880;44.3;30.2
04;2021-06-25;461;637;73709;50517;44.6;30.6
04;2021-06-26;56;129;73765;50646;44.7;30.7
04;2021-06-27;4;4;73769;50650;44.7;30.7
04;2021-06-28;159;340;73928;50990;44.8;30.9
04;2021-06-29;370;832;74298;51822;45.0;31.4
04;2021-06-30;541;1121;74839;52943;45.3;32.0
04;2021-07-01;575;1214;75414;54157;45.7;32.8
04;2021-07-02;555;1085;75969;55242;46.0;33.4
04;2021-07-03;65;162;76034;55404;46.0;33.5
04;2021-07-04;6;6;76040;55410;46.0;33.5
04;2021-07-05;105;295;76145;55705;46.1;33.7
04;2021-07-06;505;1386;76650;57091;46.4;34.6
04;2021-07-07;487;1344;77137;58435;46.7;35.4
04;2021-07-08;721;1354;77858;59789;47.1;36.2
04;2021-07-09;579;1063;78437;60852;47.5;36.8
04;2021-07-10;91;175;78528;61027;47.5;36.9
04;2021-07-11;0;21;78528;61048;47.5;37.0
04;2021-07-12;125;654;78653;61702;47.6;37.4
04;2021-07-13;871;1540;79524;63242;48.1;38.3
04;2021-07-14;24;43;79548;63285;48.2;38.3
04;2021-07-15;1211;1730;80759;65015;48.9;39.4
04;2021-07-16;1076;1112;81835;66127;49.5;40.0
04;2021-07-17;443;232;82278;66359;49.8;40.2
04;2021-07-18;112;18;82390;66377;49.9;40.2
04;2021-07-19;483;651;82873;67028;50.2;40.6
04;2021-07-20;1308;1455;84181;68483;51.0;41.5
04;2021-07-21;1119;1165;85300;69648;51.6;42.2
04;2021-07-22;1495;1357;86795;71005;52.5;43.0
04;2021-07-23;1149;1140;87944;72145;53.2;43.7
04;2021-07-24;679;208;88623;72353;53.6;43.8
04;2021-07-25;42;20;88665;72373;53.7;43.8
04;2021-07-26;439;638;89104;73011;53.9;44.2
04;2021-07-27;1359;1039;90463;74050;54.8;44.8
04;2021-07-28;1067;1034;91530;75084;55.4;45.5
04;2021-07-29;1548;1300;93078;76384;56.3;46.2
04;2021-07-30;1245;916;94323;77300;57.1;46.8
04;2021-07-31;250;171;94573;77471;57.2;46.9
04;2021-08-01;48;18;94621;77489;57.3;46.9
04;2021-08-02;130;109;94751;77598;57.4;47.0
05;2020-12-27;0;0;0;0;0.0;0.0
05;2020-12-28;1;0;1;0;0.0;0.0
05;2020-12-29;1;0;2;0;0.0;0.0
05;2020-12-30;0;0;2;0;0.0;0.0
05;2020-12-31;0;0;2;0;0.0;0.0
05;2021-01-01;2;0;4;0;0.0;0.0
05;2021-01-02;2;0;6;0;0.0;0.0
05;2021-01-03;1;0;7;0;0.0;0.0
05;2021-01-04;2;0;9;0;0.0;0.0
05;2021-01-05;0;0;9;0;0.0;0.0
05;2021-01-06;21;0;30;0;0.0;0.0
05;2021-01-07;128;0;158;0;0.1;0.0
05;2021-01-08;146;0;304;0;0.2;0.0
05;2021-01-09;11;0;315;0;0.2;0.0
05;2021-01-10;0;0;315;0;0.2;0.0
05;2021-01-11;44;0;359;0;0.3;0.0
05;2021-01-12;105;0;464;0;0.3;0.0
05;2021-01-13;140;0;604;0;0.4;0.0
05;2021-01-14;166;0;770;0;0.5;0.0
05;2021-01-15;128;1;898;1;0.6;0.0
05;2021-01-16;13;0;911;1;0.6;0.0
05;2021-01-17;0;0;911;1;0.6;0.0
05;2021-01-18;225;1;1136;2;0.8;0.0
05;2021-01-19;227;0;1363;2;1.0;0.0
05;2021-01-20;213;0;1576;2;1.1;0.0
05;2021-01-21;255;0;1831;2;1.3;0.0
05;2021-01-22;194;1;2025;3;1.4;0.0
05;2021-01-23;112;0;2137;3;1.5;0.0
05;2021-01-24;0;0;2137;3;1.5;0.0
05;2021-01-25;315;0;2452;3;1.7;0.0
05;2021-01-26;485;0;2937;3;2.1;0.0
05;2021-01-27;389;4;3326;7;2.3;0.0
05;2021-01-28;363;55;3689;62;2.6;0.0
05;2021-01-29;363;112;4052;174;2.9;0.1
05;2021-01-30;97;8;4149;182;2.9;0.1
05;2021-01-31;4;0;4153;182;2.9;0.1
05;2021-02-01;176;21;4329;203;3.1;0.1
05;2021-02-02;186;122;4515;325;3.2;0.2
05;2021-02-03;206;65;4721;390;3.3;0.3
05;2021-02-04;197;128;4918;518;3.5;0.4
05;2021-02-05;183;111;5101;629;3.6;0.4
05;2021-02-06;73;23;5174;652;3.6;0.5
05;2021-02-07;0;5;5174;657;3.6;0.5
05;2021-02-08;84;125;5258;782;3.7;0.6
05;2021-02-09;97;118;5355;900;3.8;0.6
05;2021-02-10;81;178;5436;1078;3.8;0.8
05;2021-02-11;87;138;5523;1216;3.9;0.9
05;2021-02-12;84;150;5607;1366;4.0;1.0
05;2021-02-13;75;32;5682;1398;4.0;1.0
05;2021-02-14;0;0;5682;1398;4.0;1.0
05;2021-02-15;97;191;5779;1589;4.1;1.1
05;2021-02-16;110;286;5889;1875;4.2;1.3
05;2021-02-17;136;233;6025;2108;4.3;1.5
05;2021-02-18;154;299;6179;2407;4.4;1.7
05;2021-02-19;158;323;6337;2730;4.5;1.9
05;2021-02-20;31;87;6368;2817;4.5;2.0
05;2021-02-21;0;0;6368;2817;4.5;2.0
05;2021-02-22;70;245;6438;3062;4.5;2.2
05;2021-02-23;18;239;6456;3301;4.6;2.3
05;2021-02-24;21;196;6477;3497;4.6;2.5
05;2021-02-25;56;177;6533;3674;4.6;2.6
05;2021-02-26;145;213;6678;3887;4.7;2.7
05;2021-02-27;65;171;6743;4058;4.8;2.9
05;2021-02-28;10;0;6753;4058;4.8;2.9
05;2021-03-01;90;170;6843;4228;4.8;3.0
05;2021-03-02;92;198;6935;4426;4.9;3.1
05;2021-03-03;111;232;7046;4658;5.0;3.3
05;2021-03-04;241;165;7287;4823;5.1;3.4
05;2021-03-05;578;190;7865;5013;5.5;3.5
05;2021-03-06;668;58;8533;5071;6.0;3.6
05;2021-03-07;515;17;9048;5088;6.4;3.6
05;2021-03-08;556;136;9604;5224;6.8;3.7
05;2021-03-09;518;160;10122;5384;7.1;3.8
05;2021-03-10;497;142;10619;5526;7.5;3.9
05;2021-03-11;374;135;10993;5661;7.8;4.0
05;2021-03-12;435;87;11428;5748;8.1;4.1
05;2021-03-13;794;86;12222;5834;8.6;4.1
05;2021-03-14;668;8;12890;5842;9.1;4.1
05;2021-03-15;353;125;13243;5967;9.3;4.2
05;2021-03-16;148;140;13391;6107;9.4;4.3
05;2021-03-17;262;120;13653;6227;9.6;4.4
05;2021-03-18;364;34;14017;6261;9.9;4.4
05;2021-03-19;449;59;14466;6320;10.2;4.5
05;2021-03-20;167;31;14633;6351;10.3;4.5
05;2021-03-21;0;0;14633;6351;10.3;4.5
05;2021-03-22;715;30;15348;6381;10.8;4.5
05;2021-03-23;804;11;16152;6392;11.4;4.5
05;2021-03-24;786;73;16938;6465;11.9;4.6
05;2021-03-25;899;57;17837;6522;12.6;4.6
05;2021-03-26;1022;42;18859;6564;13.3;4.6
05;2021-03-27;466;34;19325;6598;13.6;4.7
05;2021-03-28;10;0;19335;6598;13.6;4.7
05;2021-03-29;903;62;20238;6660;14.3;4.7
05;2021-03-30;1141;69;21379;6729;15.1;4.7
05;2021-03-31;823;252;22202;6981;15.7;4.9
05;2021-04-01;899;237;23101;7218;16.3;5.1
05;2021-04-02;665;375;23766;7593;16.8;5.4
05;2021-04-03;550;182;24316;7775;17.2;5.5
05;2021-04-04;350;63;24666;7838;17.4;5.5
05;2021-04-05;158;11;24824;7849;17.5;5.5
05;2021-04-06;646;269;25470;8118;18.0;5.7
05;2021-04-07;773;324;26243;8442;18.5;6.0
05;2021-04-08;735;334;26978;8776;19.0;6.2
05;2021-04-09;882;399;27860;9175;19.7;6.5
05;2021-04-10;713;385;28573;9560;20.2;6.7
05;2021-04-11;190;174;28763;9734;20.3;6.9
05;2021-04-12;732;258;29495;9992;20.8;7.0
05;2021-04-13;921;227;30416;10219;21.5;7.2
05;2021-04-14;665;326;31081;10545;21.9;7.4
05;2021-04-15;766;397;31847;10942;22.5;7.7
05;2021-04-16;730;411;32577;11353;23.0;8.0
05;2021-04-17;669;236;33246;11589;23.5;8.2
05;2021-04-18;305;23;33551;11612;23.7;8.2
05;2021-04-19;363;537;33914;12149;23.9;8.6
05;2021-04-20;481;630;34395;12779;24.3;9.0
05;2021-04-21;494;629;34889;13408;24.6;9.5
05;2021-04-22;385;546;35274;13954;24.9;9.8
05;2021-04-23;522;649;35796;14603;25.3;10.3
05;2021-04-24;346;383;36142;14986;25.5;10.6
05;2021-04-25;288;23;36430;15009;25.7;10.6
05;2021-04-26;365;706;36795;15715;26.0;11.1
05;2021-04-27;657;748;37452;16463;26.4;11.6
05;2021-04-28;468;719;37920;17182;26.8;12.1
05;2021-04-29;703;749;38623;17931;27.2;12.6
05;2021-04-30;508;751;39131;18682;27.6;13.2
05;2021-05-01;138;110;39269;18792;27.7;13.3
05;2021-05-02;266;114;39535;18906;27.9;13.3
05;2021-05-03;457;495;39992;19401;28.2;13.7
05;2021-05-04;384;502;40376;19903;28.5;14.0
05;2021-05-05;462;670;40838;20573;28.8;14.5
05;2021-05-06;647;718;41485;21291;29.3;15.0
05;2021-05-07;595;802;42080;22093;29.7;15.6
05;2021-05-08;481;174;42561;22267;30.0;15.7
05;2021-05-09;208;57;42769;22324;30.2;15.7
05;2021-05-10;498;693;43267;23017;30.5;16.2
05;2021-05-11;669;912;43936;23929;31.0;16.9
05;2021-05-12;647;733;44583;24662;31.5;17.4
05;2021-05-13;959;114;45542;24776;32.1;17.5
05;2021-05-14;826;491;46368;25267;32.7;17.8
05;2021-05-15;1043;354;47411;25621;33.4;18.1
05;2021-05-16;235;52;47646;25673;33.6;18.1
05;2021-05-17;484;431;48130;26104;34.0;18.4
05;2021-05-18;516;419;48646;26523;34.3;18.7
05;2021-05-19;724;457;49370;26980;34.8;19.0
05;2021-05-20;746;433;50116;27413;35.4;19.3
05;2021-05-21;705;511;50821;27924;35.9;19.7
05;2021-05-22;606;238;51427;28162;36.3;19.9
05;2021-05-23;277;59;51704;28221;36.5;19.9
05;2021-05-24;508;157;52212;28378;36.8;20.0
05;2021-05-25;514;482;52726;28860;37.2;20.4
05;2021-05-26;694;360;53420;29220;37.7;20.6
05;2021-05-27;799;571;54219;29791;38.2;21.0
05;2021-05-28;664;646;54883;30437;38.7;21.5
05;2021-05-29;566;546;55449;30983;39.1;21.9
05;2021-05-30;212;82;55661;31065;39.3;21.9
05;2021-05-31;575;496;56236;31561;39.7;22.3
05;2021-06-01;589;584;56825;32145;40.1;22.7
05;2021-06-02;684;702;57509;32847;40.6;23.2
05;2021-06-03;714;651;58223;33498;41.1;23.6
05;2021-06-04;1017;816;59240;34314;41.8;24.2
05;2021-06-05;807;505;60047;34819;42.4;24.6
05;2021-06-06;200;88;60247;34907;42.5;24.6
05;2021-06-07;605;834;60852;35741;42.9;25.2
05;2021-06-08;697;656;61549;36397;43.4;25.7
05;2021-06-09;649;782;62198;37179;43.9;26.2
05;2021-06-10;543;718;62741;37897;44.3;26.7
05;2021-06-11;763;721;63504;38618;44.8;27.2
05;2021-06-12;589;485;64093;39103;45.2;27.6
05;2021-06-13;112;91;64205;39194;45.3;27.6
05;2021-06-14;400;669;64605;39863;45.6;28.1
05;2021-06-15;543;912;65148;40775;46.0;28.8
05;2021-06-16;433;672;65581;41447;46.3;29.2
05;2021-06-17;359;802;65940;42249;46.5;29.8
05;2021-06-18;396;724;66336;42973;46.8;30.3
05;2021-06-19;421;572;66757;43545;47.1;30.7
05;2021-06-20;62;77;66819;43622;47.1;30.8
05;2021-06-21;319;642;67138;44264;47.4;31.2
05;2021-06-22;354;829;67492;45093;47.6;31.8
05;2021-06-23;353;761;67845;45854;47.9;32.3
05;2021-06-24;386;1020;68231;46874;48.1;33.1
05;2021-06-25;226;894;68457;47768;48.3;33.7
05;2021-06-26;291;1074;68748;48842;48.5;34.5
05;2021-06-27;128;170;68876;49012;48.6;34.6
05;2021-06-28;252;792;69128;49804;48.8;35.1
05;2021-06-29;250;785;69378;50589;48.9;35.7
05;2021-06-30;325;789;69703;51378;49.2;36.2
05;2021-07-01;381;791;70084;52169;49.4;36.8
05;2021-07-02;368;869;70452;53038;49.7;37.4
05;2021-07-03;302;740;70754;53778;49.9;37.9
05;2021-07-04;178;176;70932;53954;50.0;38.1
05;2021-07-05;264;783;71196;54737;50.2;38.6
05;2021-07-06;333;860;71529;55597;50.5;39.2
05;2021-07-07;393;783;71922;56380;50.7;39.8
05;2021-07-08;429;851;72351;57231;51.0;40.4
05;2021-07-09;421;998;72772;58229;51.3;41.1
05;2021-07-10;312;728;73084;58957;51.6;41.6
05;2021-07-11;175;119;73259;59076;51.7;41.7
05;2021-07-12;412;1013;73671;60089;52.0;42.4
05;2021-07-13;478;873;74149;60962;52.3;43.0
05;2021-07-14;834;299;74983;61261;52.9;43.2
05;2021-07-15;707;993;75690;62254;53.4;43.9
05;2021-07-16;1020;1448;76710;63702;54.1;44.9
05;2021-07-17;669;1300;77379;65002;54.6;45.9
05;2021-07-18;284;126;77663;65128;54.8;45.9
05;2021-07-19;566;794;78229;65922;55.2;46.5
05;2021-07-20;753;802;78982;66724;55.7;47.1
05;2021-07-21;878;843;79860;67567;56.3;47.7
05;2021-07-22;805;865;80665;68432;56.9;48.3
05;2021-07-23;1442;1230;82107;69662;57.9;49.1
05;2021-07-24;855;828;82962;70490;58.5;49.7
05;2021-07-25;305;159;83267;70649;58.7;49.8
05;2021-07-26;771;558;84038;71207;59.3;50.2
05;2021-07-27;1253;744;85291;71951;60.2;50.8
05;2021-07-28;1513;708;86804;72659;61.2;51.3
05;2021-07-29;1345;715;88149;73374;62.2;51.8
05;2021-07-30;955;589;89104;73963;62.9;52.2
05;2021-07-31;775;516;89879;74479;63.4;52.5
05;2021-08-01;187;174;90066;74653;63.5;52.7
05;2021-08-02;812;539;90878;75192;64.1;53.0
06;2020-12-27;3;0;3;0;0.0;0.0
06;2020-12-28;3;0;6;0;0.0;0.0
06;2020-12-29;3;0;9;0;0.0;0.0
06;2020-12-30;6;0;15;0;0.0;0.0
06;2020-12-31;22;0;37;0;0.0;0.0
06;2021-01-01;13;0;50;0;0.0;0.0
06;2021-01-02;4;0;54;0;0.0;0.0
06;2021-01-03;3;0;57;0;0.0;0.0
06;2021-01-04;140;1;197;1;0.0;0.0
06;2021-01-05;177;1;374;2;0.0;0.0
06;2021-01-06;215;0;589;2;0.1;0.0
06;2021-01-07;499;0;1088;2;0.1;0.0
06;2021-01-08;666;2;1754;4;0.2;0.0
06;2021-01-09;391;2;2145;6;0.2;0.0
06;2021-01-10;73;0;2218;6;0.2;0.0
06;2021-01-11;1130;0;3348;6;0.3;0.0
06;2021-01-12;2205;4;5553;10;0.5;0.0
06;2021-01-13;1732;6;7285;16;0.7;0.0
06;2021-01-14;2076;16;9361;32;0.9;0.0
06;2021-01-15;1859;5;11220;37;1.0;0.0
06;2021-01-16;972;3;12192;40;1.1;0.0
06;2021-01-17;232;0;12424;40;1.2;0.0
06;2021-01-18;2458;7;14882;47;1.4;0.0
06;2021-01-19;2732;7;17614;54;1.6;0.0
06;2021-01-20;3329;7;20943;61;1.9;0.0
06;2021-01-21;3008;26;23951;87;2.2;0.0
06;2021-01-22;2827;12;26778;99;2.5;0.0
06;2021-01-23;1297;3;28075;102;2.6;0.0
06;2021-01-24;29;0;28104;102;2.6;0.0
06;2021-01-25;2054;14;30158;116;2.8;0.0
06;2021-01-26;3374;38;33532;154;3.1;0.0
06;2021-01-27;2538;101;36070;255;3.3;0.0
06;2021-01-28;2796;200;38866;455;3.6;0.0
06;2021-01-29;2492;311;41358;766;3.8;0.1
06;2021-01-30;666;43;42024;809;3.9;0.1
06;2021-01-31;2;0;42026;809;3.9;0.1
06;2021-02-01;1021;481;43047;1290;4.0;0.1
06;2021-02-02;1490;413;44537;1703;4.1;0.2
06;2021-02-03;330;136;44867;1839;4.2;0.2
06;2021-02-04;711;897;45578;2736;4.2;0.3
06;2021-02-05;1010;1118;46588;3854;4.3;0.4
06;2021-02-06;150;462;46738;4316;4.3;0.4
06;2021-02-07;6;49;46744;4365;4.3;0.4
06;2021-02-08;526;1089;47270;5454;4.4;0.5
06;2021-02-09;309;739;47579;6193;4.4;0.6
06;2021-02-10;367;668;47946;6861;4.4;0.6
06;2021-02-11;468;1075;48414;7936;4.5;0.7
06;2021-02-12;652;1315;49066;9251;4.5;0.9
06;2021-02-13;206;525;49272;9776;4.6;0.9
06;2021-02-14;4;2;49276;9778;4.6;0.9
06;2021-02-15;461;1283;49737;11061;4.6;1.0
06;2021-02-16;862;2032;50599;13093;4.7;1.2
06;2021-02-17;823;2157;51422;15250;4.8;1.4
06;2021-02-18;1793;2712;53215;17962;4.9;1.7
06;2021-02-19;1760;2152;54975;20114;5.1;1.9
06;2021-02-20;276;530;55251;20644;5.1;1.9
06;2021-02-21;21;55;55272;20699;5.1;1.9
06;2021-02-22;1075;1628;56347;22327;5.2;2.1
06;2021-02-23;1744;1562;58091;23889;5.4;2.2
06;2021-02-24;2100;1300;60191;25189;5.6;2.3
06;2021-02-25;3828;1718;64019;26907;5.9;2.5
06;2021-02-26;3386;1607;67405;28514;6.2;2.6
06;2021-02-27;1422;329;68827;28843;6.4;2.7
06;2021-02-28;84;23;68911;28866;6.4;2.7
06;2021-03-01;2395;816;71306;29682;6.6;2.7
06;2021-03-02;2446;985;73752;30667;6.8;2.8
06;2021-03-03;2830;561;76582;31228;7.1;2.9
06;2021-03-04;4593;605;81175;31833;7.5;2.9
06;2021-03-05;3888;1017;85063;32850;7.9;3.0
06;2021-03-06;11867;337;96930;33187;9.0;3.1
06;2021-03-07;10153;279;107083;33466;9.9;3.1
06;2021-03-08;4128;1189;111211;34655;10.3;3.2
06;2021-03-09;4949;918;116160;35573;10.8;3.3
06;2021-03-10;4671;829;120831;36402;11.2;3.4
06;2021-03-11;6701;873;127532;37275;11.8;3.5
06;2021-03-12;6842;986;134374;38261;12.4;3.5
06;2021-03-13;11177;320;145551;38581;13.5;3.6
06;2021-03-14;493;48;146044;38629;13.5;3.6
06;2021-03-15;4808;755;150852;39384;14.0;3.6
06;2021-03-16;3725;1040;154577;40424;14.3;3.7
06;2021-03-17;6182;1869;160759;42293;14.9;3.9
06;2021-03-18;5098;1814;165857;44107;15.4;4.1
06;2021-03-19;6797;2005;172654;46112;16.0;4.3
06;2021-03-20;2363;559;175017;46671;16.2;4.3
06;2021-03-21;404;24;175421;46695;16.3;4.3
06;2021-03-22;3946;686;179367;47381;16.6;4.4
06;2021-03-23;5957;1197;185324;48578;17.2;4.5
06;2021-03-24;4202;3329;189526;51907;17.6;4.8
06;2021-03-25;5835;3229;195361;55136;18.1;5.1
06;2021-03-26;6332;1988;201693;57124;18.7;5.3
06;2021-03-27;2030;366;203723;57490;18.9;5.3
06;2021-03-28;204;3;203927;57493;18.9;5.3
06;2021-03-29;3186;2082;207113;59575;19.2;5.5
06;2021-03-30;5172;2527;212285;62102;19.7;5.8
06;2021-03-31;7996;1628;220281;63730;20.4;5.9
06;2021-04-01;7608;2433;227889;66163;21.1;6.1
06;2021-04-02;7200;2687;235089;68850;21.8;6.4
06;2021-04-03;2704;1362;237793;70212;22.0;6.5
06;2021-04-04;297;547;238090;70759;22.1;6.6
06;2021-04-05;1388;690;239478;71449;22.2;6.6
06;2021-04-06;6617;3297;246095;74746;22.8;6.9
06;2021-04-07;6200;3874;252295;78620;23.4;7.3
06;2021-04-08;5716;5630;258011;84250;23.9;7.8
06;2021-04-09;9305;5802;267316;90052;24.8;8.3
06;2021-04-10;2389;2783;269705;92835;25.0;8.6
06;2021-04-11;176;56;269881;92891;25.0;8.6
06;2021-04-12;4361;3519;274242;96410;25.4;8.9
06;2021-04-13;6306;5102;280548;101512;26.0;9.4
06;2021-04-14;5438;4469;285986;105981;26.5;9.8
06;2021-04-15;5527;4368;291513;110349;27.0;10.2
06;2021-04-16;7045;5168;298558;115517;27.7;10.7
06;2021-04-17;2771;3081;301329;118598;27.9;11.0
06;2021-04-18;259;222;301588;118820;27.9;11.0
06;2021-04-19;5458;4031;307046;122851;28.4;11.4
06;2021-04-20;5619;4836;312665;127687;29.0;11.8
06;2021-04-21;8279;4136;320944;131823;29.7;12.2
06;2021-04-22;8531;4156;329475;135979;30.5;12.6
06;2021-04-23;8706;4155;338181;140134;31.3;13.0
06;2021-04-24;2330;1477;340511;141611;31.5;13.1
06;2021-04-25;119;28;340630;141639;31.6;13.1
06;2021-04-26;4126;2295;344756;143934;31.9;13.3
06;2021-04-27;4558;3995;349314;147929;32.4;13.7
06;2021-04-28;4124;4546;353438;152475;32.7;14.1
06;2021-04-29;6051;5426;359489;157901;33.3;14.6
06;2021-04-30;6733;5140;366222;163041;33.9;15.1
06;2021-05-01;4130;797;370352;163838;34.3;15.2
06;2021-05-02;487;157;370839;163995;34.4;15.2
06;2021-05-03;6861;3503;377700;167498;35.0;15.5
06;2021-05-04;5718;5341;383418;172839;35.5;16.0
06;2021-05-05;4514;3874;387932;176713;35.9;16.4
06;2021-05-06;5197;4715;393129;181428;36.4;16.8
06;2021-05-07;5632;5647;398761;187075;36.9;17.3
06;2021-05-08;4834;1290;403595;188365;37.4;17.5
06;2021-05-09;188;307;403783;188672;37.4;17.5
06;2021-05-10;4796;5030;408579;193702;37.9;17.9
06;2021-05-11;4904;5532;413483;199234;38.3;18.5
06;2021-05-12;9034;4808;422517;204042;39.1;18.9
06;2021-05-13;9208;2071;431725;206113;40.0;19.1
06;2021-05-14;10791;3286;442516;209399;41.0;19.4
06;2021-05-15;9195;2175;451711;211574;41.8;19.6
06;2021-05-16;1495;285;453206;211859;42.0;19.6
06;2021-05-17;7472;3731;460678;215590;42.7;20.0
06;2021-05-18;9688;3151;470366;218741;43.6;20.3
06;2021-05-19;7640;2892;478006;221633;44.3;20.5
06;2021-05-20;7791;3628;485797;225261;45.0;20.9
06;2021-05-21;8763;3883;494560;229144;45.8;21.2
06;2021-05-22;3021;1319;497581;230463;46.1;21.4
06;2021-05-23;129;628;497710;231091;46.1;21.4
06;2021-05-24;3168;991;500878;232082;46.4;21.5
06;2021-05-25;4756;4931;505634;237013;46.8;22.0
06;2021-05-26;5613;6573;511247;243586;47.4;22.6
06;2021-05-27;5538;6257;516785;249843;47.9;23.1
06;2021-05-28;4972;7261;521757;257104;48.3;23.8
06;2021-05-29;1626;2934;523383;260038;48.5;24.1
06;2021-05-30;256;1124;523639;261162;48.5;24.2
06;2021-05-31;4388;5086;528027;266248;48.9;24.7
06;2021-06-01;5676;7375;533703;273623;49.4;25.3
06;2021-06-02;3270;8523;536973;282146;49.7;26.1
06;2021-06-03;4473;8300;541446;290446;50.2;26.9
06;2021-06-04;5449;7721;546895;298167;50.7;27.6
06;2021-06-05;2440;3340;549335;301507;50.9;27.9
06;2021-06-06;175;235;549510;301742;50.9;28.0
06;2021-06-07;4127;5584;553637;307326;51.3;28.5
06;2021-06-08;4444;5172;558081;312498;51.7;29.0
06;2021-06-09;4067;7339;562148;319837;52.1;29.6
06;2021-06-10;4671;6839;566819;326676;52.5;30.3
06;2021-06-11;3849;8352;570668;335028;52.9;31.0
06;2021-06-12;1728;3745;572396;338773;53.0;31.4
06;2021-06-13;143;436;572539;339209;53.0;31.4
06;2021-06-14;2678;8580;575217;347789;53.3;32.2
06;2021-06-15;3193;9470;578410;357259;53.6;33.1
06;2021-06-16;3474;6988;581884;364247;53.9;33.7
06;2021-06-17;3607;7157;585491;371404;54.2;34.4
06;2021-06-18;2588;5924;588079;377328;54.5;35.0
06;2021-06-19;1287;1671;589366;378999;54.6;35.1
06;2021-06-20;206;345;589572;379344;54.6;35.1
06;2021-06-21;1643;6291;591215;385635;54.8;35.7
06;2021-06-22;2308;7354;593523;392989;55.0;36.4
06;2021-06-23;2045;6539;595568;399528;55.2;37.0
06;2021-06-24;3405;8951;598973;408479;55.5;37.8
06;2021-06-25;2267;9599;601240;418078;55.7;38.7
06;2021-06-26;877;2281;602117;420359;55.8;38.9
06;2021-06-27;374;1185;602491;421544;55.8;39.1
06;2021-06-28;2439;8115;604930;429659;56.0;39.8
06;2021-06-29;2322;7707;607252;437366;56.3;40.5
06;2021-06-30;1334;7681;608586;445047;56.4;41.2
06;2021-07-01;3283;7462;611869;452509;56.7;41.9
06;2021-07-02;3936;8207;615805;460716;57.1;42.7
06;2021-07-03;1187;4305;616992;465021;57.2;43.1
06;2021-07-04;305;298;617297;465319;57.2;43.1
06;2021-07-05;3543;5109;620840;470428;57.5;43.6
06;2021-07-06;1896;5824;622736;476252;57.7;44.1
06;2021-07-07;3359;5957;626095;482209;58.0;44.7
06;2021-07-08;3402;6291;629497;488500;58.3;45.3
06;2021-07-09;3875;6202;633372;494702;58.7;45.8
06;2021-07-10;1651;2323;635023;497025;58.8;46.0
06;2021-07-11;317;322;635340;497347;58.9;46.1
06;2021-07-12;3766;7126;639106;504473;59.2;46.7
06;2021-07-13;5580;8968;644686;513441;59.7;47.6
06;2021-07-14;945;424;645631;513865;59.8;47.6
06;2021-07-15;6186;7972;651817;521837;60.4;48.3
06;2021-07-16;7231;8966;659048;530803;61.1;49.2
06;2021-07-17;3060;5449;662108;536252;61.3;49.7
06;2021-07-18;1046;5328;663154;541580;61.4;50.2
06;2021-07-19;5609;7981;668763;549561;62.0;50.9
06;2021-07-20;7096;10183;675859;559744;62.6;51.9
06;2021-07-21;7548;8631;683407;568375;63.3;52.7
06;2021-07-22;9813;7753;693220;576128;64.2;53.4
06;2021-07-23;8880;6802;702100;582930;65.0;54.0
06;2021-07-24;3186;3198;705286;586128;65.3;54.3
06;2021-07-25;972;469;706258;586597;65.4;54.3
06;2021-07-26;6947;6778;713205;593375;66.1;55.0
06;2021-07-27;8642;5458;721847;598833;66.9;55.5
06;2021-07-28;6895;5312;728742;604145;67.5;56.0
06;2021-07-29;7795;5620;736537;609765;68.2;56.5
06;2021-07-30;7030;5368;743567;615133;68.9;57.0
06;2021-07-31;3139;3037;746706;618170;69.2;57.3
06;2021-08-01;703;423;747409;618593;69.2;57.3
06;2021-08-02;4615;4458;752024;623051;69.7;57.7
07;2020-12-27;0;0;0;0;0.0;0.0
07;2020-12-28;0;0;0;0;0.0;0.0
07;2020-12-29;0;0;0;0;0.0;0.0
07;2020-12-30;0;0;0;0;0.0;0.0
07;2020-12-31;0;0;0;0;0.0;0.0
07;2021-01-01;7;0;7;0;0.0;0.0
07;2021-01-02;0;0;7;0;0.0;0.0
07;2021-01-03;0;0;7;0;0.0;0.0
07;2021-01-04;0;0;7;0;0.0;0.0
07;2021-01-05;0;0;7;0;0.0;0.0
07;2021-01-06;31;0;38;0;0.0;0.0
07;2021-01-07;129;1;167;1;0.1;0.0
07;2021-01-08;45;1;212;2;0.1;0.0
07;2021-01-09;17;0;229;2;0.1;0.0
07;2021-01-10;0;0;229;2;0.1;0.0
07;2021-01-11;157;1;386;3;0.1;0.0
07;2021-01-12;308;0;694;3;0.2;0.0
07;2021-01-13;304;1;998;4;0.3;0.0
07;2021-01-14;478;0;1476;4;0.5;0.0
07;2021-01-15;187;0;1663;4;0.5;0.0
07;2021-01-16;17;0;1680;4;0.5;0.0
07;2021-01-17;2;0;1682;4;0.5;0.0
07;2021-01-18;363;1;2045;5;0.6;0.0
07;2021-01-19;829;1;2874;6;0.9;0.0
07;2021-01-20;596;1;3470;7;1.1;0.0
07;2021-01-21;451;1;3921;8;1.2;0.0
07;2021-01-22;291;0;4212;8;1.3;0.0
07;2021-01-23;107;0;4319;8;1.3;0.0
07;2021-01-24;0;0;4319;8;1.3;0.0
07;2021-01-25;164;0;4483;8;1.4;0.0
07;2021-01-26;491;1;4974;9;1.5;0.0
07;2021-01-27;553;7;5527;16;1.7;0.0
07;2021-01-28;1204;100;6731;116;2.1;0.0
07;2021-01-29;706;17;7437;133;2.3;0.0
07;2021-01-30;213;4;7650;137;2.3;0.0
07;2021-01-31;7;0;7657;137;2.3;0.0
07;2021-02-01;267;32;7924;169;2.4;0.1
07;2021-02-02;657;241;8581;410;2.6;0.1
07;2021-02-03;1044;222;9625;632;2.9;0.2
07;2021-02-04;719;261;10344;893;3.2;0.3
07;2021-02-05;482;254;10826;1147;3.3;0.4
07;2021-02-06;96;2;10922;1149;3.3;0.4
07;2021-02-07;12;1;10934;1150;3.3;0.4
07;2021-02-08;239;179;11173;1329;3.4;0.4
07;2021-02-09;485;326;11658;1655;3.6;0.5
07;2021-02-10;537;396;12195;2051;3.7;0.6
07;2021-02-11;400;285;12595;2336;3.9;0.7
07;2021-02-12;268;160;12863;2496;3.9;0.8
07;2021-02-13;69;20;12932;2516;4.0;0.8
07;2021-02-14;0;0;12932;2516;4.0;0.8
07;2021-02-15;270;131;13202;2647;4.0;0.8
07;2021-02-16;345;365;13547;3012;4.1;0.9
07;2021-02-17;466;334;14013;3346;4.3;1.0
07;2021-02-18;561;766;14574;4112;4.5;1.3
07;2021-02-19;455;504;15029;4616;4.6;1.4
07;2021-02-20;108;68;15137;4684;4.6;1.4
07;2021-02-21;15;0;15152;4684;4.6;1.4
07;2021-02-22;423;216;15575;4900;4.8;1.5
07;2021-02-23;645;617;16220;5517;5.0;1.7
07;2021-02-24;927;701;17147;6218;5.2;1.9
07;2021-02-25;709;535;17856;6753;5.5;2.1
07;2021-02-26;843;294;18699;7047;5.7;2.2
07;2021-02-27;190;143;18889;7190;5.8;2.2
07;2021-02-28;1;0;18890;7190;5.8;2.2
07;2021-03-01;436;216;19326;7406;5.9;2.3
07;2021-03-02;654;565;19980;7971;6.1;2.4
07;2021-03-03;690;534;20670;8505;6.3;2.6
07;2021-03-04;1099;356;21769;8861;6.7;2.7
07;2021-03-05;1083;368;22852;9229;7.0;2.8
07;2021-03-06;1124;91;23976;9320;7.3;2.9
07;2021-03-07;717;20;24693;9340;7.6;2.9
07;2021-03-08;349;315;25042;9655;7.7;3.0
07;2021-03-09;1087;431;26129;10086;8.0;3.1
07;2021-03-10;857;512;26986;10598;8.3;3.2
07;2021-03-11;1368;463;28354;11061;8.7;3.4
07;2021-03-12;1613;558;29967;11619;9.2;3.6
07;2021-03-13;679;99;30646;11718;9.4;3.6
07;2021-03-14;4;0;30650;11718;9.4;3.6
07;2021-03-15;527;293;31177;12011;9.5;3.7
07;2021-03-16;1202;479;32379;12490;9.9;3.8
07;2021-03-17;1187;778;33566;13268;10.3;4.1
07;2021-03-18;1219;410;34785;13678;10.6;4.2
07;2021-03-19;1266;418;36051;14096;11.0;4.3
07;2021-03-20;467;106;36518;14202;11.2;4.3
07;2021-03-21;3;2;36521;14204;11.2;4.3
07;2021-03-22;789;533;37310;14737;11.4;4.5
07;2021-03-23;1513;716;38823;15453;11.9;4.7
07;2021-03-24;1272;660;40095;16113;12.3;4.9
07;2021-03-25;1847;508;41942;16621;12.8;5.1
07;2021-03-26;1834;430;43776;17051;13.4;5.2
07;2021-03-27;383;99;44159;17150;13.5;5.2
07;2021-03-28;6;1;44165;17151;13.5;5.2
07;2021-03-29;785;353;44950;17504;13.8;5.4
07;2021-03-30;1524;509;46474;18013;14.2;5.5
07;2021-03-31;1655;496;48129;18509;14.7;5.7
07;2021-04-01;1574;656;49703;19165;15.2;5.9
07;2021-04-02;1521;427;51224;19592;15.7;6.0
07;2021-04-03;228;105;51452;19697;15.7;6.0
07;2021-04-04;1;1;51453;19698;15.7;6.0
07;2021-04-05;0;66;51453;19764;15.7;6.0
07;2021-04-06;1161;755;52614;20519;16.1;6.3
07;2021-04-07;1317;886;53931;21405;16.5;6.5
07;2021-04-08;1971;1170;55902;22575;17.1;6.9
07;2021-04-09;2421;564;58323;23139;17.8;7.1
07;2021-04-10;808;157;59131;23296;18.1;7.1
07;2021-04-11;339;13;59470;23309;18.2;7.1
07;2021-04-12;1276;585;60746;23894;18.6;7.3
07;2021-04-13;1765;1329;62511;25223;19.1;7.7
07;2021-04-14;1672;977;64183;26200;19.6;8.0
07;2021-04-15;1443;841;65626;27041;20.1;8.3
07;2021-04-16;1506;896;67132;27937;20.5;8.5
07;2021-04-17;868;212;68000;28149;20.8;8.6
07;2021-04-18;700;35;68700;28184;21.0;8.6
07;2021-04-19;1161;568;69861;28752;21.4;8.8
07;2021-04-20;1440;1317;71301;30069;21.8;9.2
07;2021-04-21;1713;912;73014;30981;22.3;9.5
07;2021-04-22;1815;960;74829;31941;22.9;9.8
07;2021-04-23;1410;970;76239;32911;23.3;10.1
07;2021-04-24;958;248;77197;33159;23.6;10.1
07;2021-04-25;716;67;77913;33226;23.8;10.2
07;2021-04-26;1138;681;79051;33907;24.2;10.4
07;2021-04-27;1393;1564;80444;35471;24.6;10.9
07;2021-04-28;1632;1749;82076;37220;25.1;11.4
07;2021-04-29;1938;1532;84014;38752;25.7;11.9
07;2021-04-30;1660;1479;85674;40231;26.2;12.3
07;2021-05-01;960;113;86634;40344;26.5;12.3
07;2021-05-02;845;154;87479;40498;26.8;12.4
07;2021-05-03;1282;431;88761;40929;27.2;12.5
07;2021-05-04;2170;1558;90931;42487;27.8;13.0
07;2021-05-05;1743;1384;92674;43871;28.4;13.4
07;2021-05-06;2103;1586;94777;45457;29.0;13.9
07;2021-05-07;1593;1553;96370;47010;29.5;14.4
07;2021-05-08;1224;406;97594;47416;29.9;14.5
07;2021-05-09;1030;327;98624;47743;30.2;14.6
07;2021-05-10;1403;1174;100027;48917;30.6;15.0
07;2021-05-11;2473;1699;102500;50616;31.4;15.5
07;2021-05-12;2161;1275;104661;51891;32.0;15.9
07;2021-05-13;1711;269;106372;52160;32.5;16.0
07;2021-05-14;1733;998;108105;53158;33.1;16.3
07;2021-05-15;1626;496;109731;53654;33.6;16.4
07;2021-05-16;1442;208;111173;53862;34.0;16.5
07;2021-05-17;1772;857;112945;54719;34.6;16.7
07;2021-05-18;2295;1305;115240;56024;35.3;17.1
07;2021-05-19;2376;995;117616;57019;36.0;17.4
07;2021-05-20;2161;1309;119777;58328;36.6;17.8
07;2021-05-21;1758;1316;121535;59644;37.2;18.2
07;2021-05-22;938;544;122473;60188;37.5;18.4
07;2021-05-23;859;156;123332;60344;37.7;18.5
07;2021-05-24;1650;341;124982;60685;38.2;18.6
07;2021-05-25;2187;1478;127169;62163;38.9;19.0
07;2021-05-26;1527;1382;128696;63545;39.4;19.4
07;2021-05-27;2020;1404;130716;64949;40.0;19.9
07;2021-05-28;1767;2081;132483;67030;40.5;20.5
07;2021-05-29;943;683;133426;67713;40.8;20.7
07;2021-05-30;623;570;134049;68283;41.0;20.9
07;2021-05-31;1132;1286;135181;69569;41.4;21.3
07;2021-06-01;2155;2005;137336;71574;42.0;21.9
07;2021-06-02;1530;1653;138866;73227;42.5;22.4
07;2021-06-03;1710;1259;140576;74486;43.0;22.8
07;2021-06-04;1675;1595;142251;76081;43.5;23.3
07;2021-06-05;988;955;143239;77036;43.8;23.6
07;2021-06-06;598;623;143837;77659;44.0;23.8
07;2021-06-07;959;1196;144796;78855;44.3;24.1
07;2021-06-08;1548;1771;146344;80626;44.8;24.7
07;2021-06-09;1030;1422;147374;82048;45.1;25.1
07;2021-06-10;789;1391;148163;83439;45.3;25.5
07;2021-06-11;1154;2036;149317;85475;45.7;26.1
07;2021-06-12;643;1218;149960;86693;45.9;26.5
07;2021-06-13;393;444;150353;87137;46.0;26.7
07;2021-06-14;566;1964;150919;89101;46.2;27.3
07;2021-06-15;933;2553;151852;91654;46.5;28.0
07;2021-06-16;1021;1852;152873;93506;46.8;28.6
07;2021-06-17;884;1950;153757;95456;47.0;29.2
07;2021-06-18;872;2285;154629;97741;47.3;29.9
07;2021-06-19;606;1457;155235;99198;47.5;30.3
07;2021-06-20;369;729;155604;99927;47.6;30.6
07;2021-06-21;512;2144;156116;102071;47.8;31.2
07;2021-06-22;654;2663;156770;104734;48.0;32.0
07;2021-06-23;677;1961;157447;106695;48.2;32.6
07;2021-06-24;646;1855;158093;108550;48.4;33.2
07;2021-06-25;700;2177;158793;110727;48.6;33.9
07;2021-06-26;358;1429;159151;112156;48.7;34.3
07;2021-06-27;284;1072;159435;113228;48.8;34.6
07;2021-06-28;503;2243;159938;115471;48.9;35.3
07;2021-06-29;540;2990;160478;118461;49.1;36.2
07;2021-06-30;818;2288;161296;120749;49.3;36.9
07;2021-07-01;772;1977;162068;122726;49.6;37.5
07;2021-07-02;878;2303;162946;125029;49.8;38.2
07;2021-07-03;420;1139;163366;126168;50.0;38.6
07;2021-07-04;210;854;163576;127022;50.0;38.9
07;2021-07-05;669;1685;164245;128707;50.2;39.4
07;2021-07-06;876;2636;165121;131343;50.5;40.2
07;2021-07-07;956;1946;166077;133289;50.8;40.8
07;2021-07-08;926;1969;167003;135258;51.1;41.4
07;2021-07-09;995;2262;167998;137520;51.4;42.1
07;2021-07-10;596;1103;168594;138623;51.6;42.4
07;2021-07-11;237;614;168831;139237;51.7;42.6
07;2021-07-12;802;1769;169633;141006;51.9;43.1
07;2021-07-13;1751;3172;171384;144178;52.4;44.1
07;2021-07-14;166;133;171550;144311;52.5;44.1
07;2021-07-15;1937;2452;173487;146763;53.1;44.9
07;2021-07-16;2049;1978;175536;148741;53.7;45.5
07;2021-07-17;1479;1242;177015;149983;54.2;45.9
07;2021-07-18;770;483;177785;150466;54.4;46.0
07;2021-07-19;1513;1707;179298;152173;54.9;46.6
07;2021-07-20;2454;2661;181752;154834;55.6;47.4
07;2021-07-21;1847;1909;183599;156743;56.2;48.0
07;2021-07-22;1908;1365;185507;158108;56.8;48.4
07;2021-07-23;2251;1683;187758;159791;57.4;48.9
07;2021-07-24;1630;1098;189388;160889;57.9;49.2
07;2021-07-25;32;21;189420;160910;57.9;49.2
07;2021-07-26;2185;1534;191605;162444;58.6;49.7
07;2021-07-27;2960;1890;194565;164334;59.5;50.3
07;2021-07-28;1620;1294;196185;165628;60.0;50.7
07;2021-07-29;2522;1256;198707;166884;60.8;51.1
07;2021-07-30;1335;1415;200042;168299;61.2;51.5
07;2021-07-31;1488;916;201530;169215;61.7;51.8
07;2021-08-01;73;26;201603;169241;61.7;51.8
07;2021-08-02;1418;1111;203021;170352;62.1;52.1
08;2020-12-27;1;0;1;0;0.0;0.0
08;2020-12-28;0;0;1;0;0.0;0.0
08;2020-12-29;0;0;1;0;0.0;0.0
08;2020-12-30;0;0;1;0;0.0;0.0
08;2020-12-31;0;0;1;0;0.0;0.0
08;2021-01-01;0;0;1;0;0.0;0.0
08;2021-01-02;0;0;1;0;0.0;0.0
08;2021-01-03;2;0;3;0;0.0;0.0
08;2021-01-04;24;0;27;0;0.0;0.0
08;2021-01-05;1;0;28;0;0.0;0.0
08;2021-01-06;0;0;28;0;0.0;0.0
08;2021-01-07;188;0;216;0;0.1;0.0
08;2021-01-08;314;0;530;0;0.2;0.0
08;2021-01-09;113;0;643;0;0.2;0.0
08;2021-01-10;1;0;644;0;0.2;0.0
08;2021-01-11;67;0;711;0;0.3;0.0
08;2021-01-12;156;0;867;0;0.3;0.0
08;2021-01-13;477;1;1344;1;0.5;0.0
08;2021-01-14;533;9;1877;10;0.7;0.0
08;2021-01-15;287;2;2164;12;0.8;0.0
08;2021-01-16;106;0;2270;12;0.9;0.0
08;2021-01-17;1;0;2271;12;0.9;0.0
08;2021-01-18;366;2;2637;14;1.0;0.0
08;2021-01-19;868;1;3505;15;1.3;0.0
08;2021-01-20;910;2;4415;17;1.7;0.0
08;2021-01-21;743;1;5158;18;1.9;0.0
08;2021-01-22;678;1;5836;19;2.2;0.0
08;2021-01-23;237;0;6073;19;2.3;0.0
08;2021-01-24;0;0;6073;19;2.3;0.0
08;2021-01-25;205;0;6278;19;2.4;0.0
08;2021-01-26;302;2;6580;21;2.5;0.0
08;2021-01-27;411;0;6991;21;2.6;0.0
08;2021-01-28;565;185;7556;206;2.8;0.1
08;2021-01-29;587;182;8143;388;3.1;0.1
08;2021-01-30;222;63;8365;451;3.2;0.2
08;2021-01-31;0;0;8365;451;3.2;0.2
08;2021-02-01;80;46;8445;497;3.2;0.2
08;2021-02-02;190;174;8635;671;3.3;0.3
08;2021-02-03;140;170;8775;841;3.3;0.3
08;2021-02-04;309;287;9084;1128;3.4;0.4
08;2021-02-05;499;359;9583;1487;3.6;0.6
08;2021-02-06;148;75;9731;1562;3.7;0.6
08;2021-02-07;8;0;9739;1562;3.7;0.6
08;2021-02-08;40;174;9779;1736;3.7;0.7
08;2021-02-09;216;648;9995;2384;3.8;0.9
08;2021-02-10;333;640;10328;3024;3.9;1.1
08;2021-02-11;464;363;10792;3387;4.1;1.3
08;2021-02-12;676;386;11468;3773;4.3;1.4
08;2021-02-13;140;118;11608;3891;4.4;1.5
08;2021-02-14;3;60;11611;3951;4.4;1.5
08;2021-02-15;227;210;11838;4161;4.5;1.6
08;2021-02-16;130;376;11968;4537;4.5;1.7
08;2021-02-17;112;417;12080;4954;4.5;1.9
08;2021-02-18;215;521;12295;5475;4.6;2.1
08;2021-02-19;304;424;12599;5899;4.7;2.2
08;2021-02-20;7;209;12606;6108;4.7;2.3
08;2021-02-21;0;0;12606;6108;4.7;2.3
08;2021-02-22;132;180;12738;6288;4.8;2.4
08;2021-02-23;150;321;12888;6609;4.9;2.5
08;2021-02-24;164;389;13052;6998;4.9;2.6
08;2021-02-25;500;527;13552;7525;5.1;2.8
08;2021-02-26;603;628;14155;8153;5.3;3.1
08;2021-02-27;317;193;14472;8346;5.5;3.1
08;2021-02-28;19;1;14491;8347;5.5;3.1
08;2021-03-01;197;106;14688;8453;5.5;3.2
08;2021-03-02;653;278;15341;8731;5.8;3.3
08;2021-03-03;896;200;16237;8931;6.1;3.4
08;2021-03-04;733;329;16970;9260;6.4;3.5
08;2021-03-05;1022;538;17992;9798;6.8;3.7
08;2021-03-06;692;137;18684;9935;7.0;3.7
08;2021-03-07;75;1;18759;9936;7.1;3.7
08;2021-03-08;217;114;18976;10050;7.1;3.8
08;2021-03-09;686;136;19662;10186;7.4;3.8
08;2021-03-10;1037;116;20699;10302;7.8;3.9
08;2021-03-11;980;246;21679;10548;8.2;4.0
08;2021-03-12;1630;507;23309;11055;8.8;4.2
08;2021-03-13;793;120;24102;11175;9.1;4.2
08;2021-03-14;22;0;24124;11175;9.1;4.2
08;2021-03-15;291;72;24415;11247;9.2;4.2
08;2021-03-16;563;37;24978;11284;9.4;4.2
08;2021-03-17;802;58;25780;11342;9.7;4.3
08;2021-03-18;814;154;26594;11496;10.0;4.3
08;2021-03-19;1135;281;27729;11777;10.4;4.4
08;2021-03-20;506;17;28235;11794;10.6;4.4
08;2021-03-21;13;0;28248;11794;10.6;4.4
08;2021-03-22;367;43;28615;11837;10.8;4.5
08;2021-03-23;733;61;29348;11898;11.1;4.5
08;2021-03-24;1328;67;30676;11965;11.6;4.5
08;2021-03-25;1903;87;32579;12052;12.3;4.5
08;2021-03-26;2564;167;35143;12219;13.2;4.6
08;2021-03-27;898;121;36041;12340;13.6;4.6
08;2021-03-28;228;6;36269;12346;13.7;4.6
08;2021-03-29;260;180;36529;12526;13.8;4.7
08;2021-03-30;832;483;37361;13009;14.1;4.9
08;2021-03-31;852;528;38213;13537;14.4;5.1
08;2021-04-01;1683;446;39896;13983;15.0;5.3
08;2021-04-02;1499;514;41395;14497;15.6;5.5
08;2021-04-03;1327;193;42722;14690;16.1;5.5
08;2021-04-04;134;4;42856;14694;16.1;5.5
08;2021-04-05;16;0;42872;14694;16.1;5.5
08;2021-04-06;701;478;43573;15172;16.4;5.7
08;2021-04-07;910;701;44483;15873;16.8;6.0
08;2021-04-08;1742;518;46225;16391;17.4;6.2
08;2021-04-09;2347;716;48572;17107;18.3;6.4
08;2021-04-10;1449;218;50021;17325;18.8;6.5
08;2021-04-11;10;6;50031;17331;18.8;6.5
08;2021-04-12;671;226;50702;17557;19.1;6.6
08;2021-04-13;1306;608;52008;18165;19.6;6.8
08;2021-04-14;1281;864;53289;19029;20.1;7.2
08;2021-04-15;1607;794;54896;19823;20.7;7.5
08;2021-04-16;1873;872;56769;20695;21.4;7.8
08;2021-04-17;1112;400;57881;21095;21.8;7.9
08;2021-04-18;23;14;57904;21109;21.8;7.9
08;2021-04-19;1147;299;59051;21408;22.2;8.1
08;2021-04-20;1118;541;60169;21949;22.7;8.3
08;2021-04-21;1139;737;61308;22686;23.1;8.5
08;2021-04-22;1328;878;62636;23564;23.6;8.9
08;2021-04-23;1674;1170;64310;24734;24.2;9.3
08;2021-04-24;1323;642;65633;25376;24.7;9.6
08;2021-04-25;26;198;65659;25574;24.7;9.6
08;2021-04-26;1040;154;66699;25728;25.1;9.7
08;2021-04-27;1336;599;68035;26327;25.6;9.9
08;2021-04-28;1453;680;69488;27007;26.2;10.2
08;2021-04-29;1174;1309;70662;28316;26.6;10.7
08;2021-04-30;1769;1620;72431;29936;27.3;11.3
08;2021-05-01;1049;490;73480;30426;27.7;11.5
08;2021-05-02;626;181;74106;30607;27.9;11.5
08;2021-05-03;1169;371;75275;30978;28.3;11.7
08;2021-05-04;1328;861;76603;31839;28.8;12.0
08;2021-05-05;1567;1327;78170;33166;29.4;12.5
08;2021-05-06;1971;1653;80141;34819;30.2;13.1
08;2021-05-07;1860;2095;82001;36914;30.9;13.9
08;2021-05-08;923;765;82924;37679;31.2;14.2
08;2021-05-09;443;71;83367;37750;31.4;14.2
08;2021-05-10;1191;665;84558;38415;31.8;14.5
08;2021-05-11;1909;938;86467;39353;32.6;14.8
08;2021-05-12;1810;1235;88277;40588;33.2;15.3
08;2021-05-13;1306;618;89583;41206;33.7;15.5
08;2021-05-14;2535;1032;92118;42238;34.7;15.9
08;2021-05-15;1821;713;93939;42951;35.4;16.2
08;2021-05-16;820;102;94759;43053;35.7;16.2
08;2021-05-17;699;908;95458;43961;35.9;16.6
08;2021-05-18;1250;838;96708;44799;36.4;16.9
08;2021-05-19;1609;958;98317;45757;37.0;17.2
08;2021-05-20;2147;962;100464;46719;37.8;17.6
08;2021-05-21;2336;1276;102800;47995;38.7;18.1
08;2021-05-22;1820;761;104620;48756;39.4;18.4
08;2021-05-23;863;90;105483;48846;39.7;18.4
08;2021-05-24;714;103;106197;48949;40.0;18.4
08;2021-05-25;1453;672;107650;49621;40.5;18.7
08;2021-05-26;1514;1008;109164;50629;41.1;19.1
08;2021-05-27;2006;1147;111170;51776;41.9;19.5
08;2021-05-28;1974;1822;113144;53598;42.6;20.2
08;2021-05-29;1769;968;114913;54566;43.3;20.5
08;2021-05-30;836;102;115749;54668;43.6;20.6
08;2021-05-31;755;574;116504;55242;43.9;20.8
08;2021-06-01;1349;881;117853;56123;44.4;21.1
08;2021-06-02;1296;1196;119149;57319;44.9;21.6
08;2021-06-03;1385;1520;120534;58839;45.4;22.2
08;2021-06-04;1777;2426;122311;61265;46.1;23.1
08;2021-06-05;1177;1378;123488;62643;46.5;23.6
08;2021-06-06;907;107;124395;62750;46.8;23.6
08;2021-06-07;660;1173;125055;63923;47.1;24.1
08;2021-06-08;925;1496;125980;65419;47.4;24.6
08;2021-06-09;823;1392;126803;66811;47.8;25.2
08;2021-06-10;1717;1554;128520;68365;48.4;25.7
08;2021-06-11;1720;2210;130240;70575;49.0;26.6
08;2021-06-12;1416;1527;131656;72102;49.6;27.2
08;2021-06-13;386;598;132042;72700;49.7;27.4
08;2021-06-14;380;1303;132422;74003;49.9;27.9
08;2021-06-15;740;1554;133162;75557;50.1;28.5
08;2021-06-16;804;2055;133966;77612;50.5;29.2
08;2021-06-17;1283;1853;135249;79465;50.9;29.9
08;2021-06-18;1608;2597;136857;82062;51.5;30.9
08;2021-06-19;1324;1406;138181;83468;52.0;31.4
08;2021-06-20;117;423;138298;83891;52.1;31.6
08;2021-06-21;494;1398;138792;85289;52.3;32.1
08;2021-06-22;808;2021;139600;87310;52.6;32.9
08;2021-06-23;853;1673;140453;88983;52.9;33.5
08;2021-06-24;1038;1923;141491;90906;53.3;34.2
08;2021-06-25;1079;2735;142570;93641;53.7;35.3
08;2021-06-26;1013;1784;143583;95425;54.1;35.9
08;2021-06-27;351;644;143934;96069;54.2;36.2
08;2021-06-28;397;1320;144331;97389;54.4;36.7
08;2021-06-29;627;1470;144958;98859;54.6;37.2
08;2021-06-30;853;1689;145811;100548;54.9;37.9
08;2021-07-01;881;2194;146692;102742;55.2;38.7
08;2021-07-02;938;2644;147630;105386;55.6;39.7
08;2021-07-03;783;2144;148413;107530;55.9;40.5
08;2021-07-04;128;861;148541;108391;55.9;40.8
08;2021-07-05;103;1195;148644;109586;56.0;41.3
08;2021-07-06;424;1835;149068;111421;56.1;42.0
08;2021-07-07;365;1783;149433;113204;56.3;42.6
08;2021-07-08;714;2014;150147;115218;56.5;43.4
08;2021-07-09;730;2442;150877;117660;56.8;44.3
08;2021-07-10;651;2000;151528;119660;57.1;45.1
08;2021-07-11;238;727;151766;120387;57.2;45.3
08;2021-07-12;309;1194;152075;121581;57.3;45.8
08;2021-07-13;941;1789;153016;123370;57.6;46.5
08;2021-07-14;177;331;153193;123701;57.7;46.6
08;2021-07-15;756;2451;153949;126152;58.0;47.5
08;2021-07-16;1074;2414;155023;128566;58.4;48.4
08;2021-07-17;991;2108;156014;130674;58.8;49.2
08;2021-07-18;344;737;156358;131411;58.9;49.5
08;2021-07-19;455;921;156813;132332;59.1;49.8
08;2021-07-20;875;1438;157688;133770;59.4;50.4
08;2021-07-21;1228;1718;158916;135488;59.8;51.0
08;2021-07-22;1140;2166;160056;137654;60.3;51.8
08;2021-07-23;1579;2449;161635;140103;60.9;52.8
08;2021-07-24;1305;1922;162940;142025;61.4;53.5
08;2021-07-25;771;440;163711;142465;61.7;53.7
08;2021-07-26;1306;841;165017;143306;62.1;54.0
08;2021-07-27;2172;1394;167189;144700;63.0;54.5
08;2021-07-28;2404;1446;169593;146146;63.9;55.0
08;2021-07-29;2590;1335;172183;147481;64.8;55.5
08;2021-07-30;2589;1572;174772;149053;65.8;56.1
08;2021-07-31;1967;1054;176739;150107;66.6;56.5
08;2021-08-01;932;290;177671;150397;66.9;56.6
08;2021-08-02;1243;671;178914;151068;67.4;56.9
09;2020-12-27;0;0;0;0;0.0;0.0
09;2020-12-28;1;0;1;0;0.0;0.0
09;2020-12-29;0;0;1;0;0.0;0.0
09;2020-12-30;0;0;1;0;0.0;0.0
09;2020-12-31;0;0;1;0;0.0;0.0
09;2021-01-01;0;0;1;0;0.0;0.0
09;2021-01-02;0;0;1;0;0.0;0.0
09;2021-01-03;0;0;1;0;0.0;0.0
09;2021-01-04;2;1;3;1;0.0;0.0
09;2021-01-05;0;0;3;1;0.0;0.0
09;2021-01-06;3;0;6;1;0.0;0.0
09;2021-01-07;257;2;263;3;0.2;0.0
09;2021-01-08;228;0;491;3;0.3;0.0
09;2021-01-09;103;0;594;3;0.4;0.0
09;2021-01-10;59;0;653;3;0.4;0.0
09;2021-01-11;175;0;828;3;0.5;0.0
09;2021-01-12;304;0;1132;3;0.7;0.0
09;2021-01-13;196;0;1328;3;0.9;0.0
09;2021-01-14;432;8;1760;11;1.2;0.0
09;2021-01-15;223;1;1983;12;1.3;0.0
09;2021-01-16;194;2;2177;14;1.4;0.0
09;2021-01-17;123;0;2300;14;1.5;0.0
09;2021-01-18;267;1;2567;15;1.7;0.0
09;2021-01-19;257;0;2824;15;1.9;0.0
09;2021-01-20;346;1;3170;16;2.1;0.0
09;2021-01-21;333;1;3503;17;2.3;0.0
09;2021-01-22;330;1;3833;18;2.5;0.0
09;2021-01-23;236;0;4069;18;2.7;0.0
09;2021-01-24;85;1;4154;19;2.7;0.0
09;2021-01-25;204;12;4358;31;2.9;0.0
09;2021-01-26;633;25;4991;56;3.3;0.0
09;2021-01-27;471;41;5462;97;3.6;0.1
09;2021-01-28;285;206;5747;303;3.8;0.2
09;2021-01-29;250;129;5997;432;3.9;0.3
09;2021-01-30;143;56;6140;488;4.0;0.3
09;2021-01-31;56;10;6196;498;4.1;0.3
09;2021-02-01;81;142;6277;640;4.1;0.4
09;2021-02-02;57;295;6334;935;4.2;0.6
09;2021-02-03;87;206;6421;1141;4.2;0.7
09;2021-02-04;49;299;6470;1440;4.2;0.9
09;2021-02-05;89;157;6559;1597;4.3;1.0
09;2021-02-06;68;50;6627;1647;4.3;1.1
09;2021-02-07;6;73;6633;1720;4.4;1.1
09;2021-02-08;22;177;6655;1897;4.4;1.2
09;2021-02-09;54;289;6709;2186;4.4;1.4
09;2021-02-10;15;196;6724;2382;4.4;1.6
09;2021-02-11;6;221;6730;2603;4.4;1.7
09;2021-02-12;149;174;6879;2777;4.5;1.8
09;2021-02-13;7;144;6886;2921;4.5;1.9
09;2021-02-14;0;54;6886;2975;4.5;2.0
09;2021-02-15;75;134;6961;3109;4.6;2.0
09;2021-02-16;227;510;7188;3619;4.7;2.4
09;2021-02-17;83;388;7271;4007;4.8;2.6
09;2021-02-18;88;450;7359;4457;4.8;2.9
09;2021-02-19;65;285;7424;4742;4.9;3.1
09;2021-02-20;59;200;7483;4942;4.9;3.2
09;2021-02-21;0;51;7483;4993;4.9;3.3
09;2021-02-22;127;218;7610;5211;5.0;3.4
09;2021-02-23;161;145;7771;5356;5.1;3.5
09;2021-02-24;74;178;7845;5534;5.1;3.6
09;2021-02-25;211;169;8056;5703;5.3;3.7
09;2021-02-26;162;174;8218;5877;5.4;3.9
09;2021-02-27;65;71;8283;5948;5.4;3.9
09;2021-02-28;43;17;8326;5965;5.5;3.9
09;2021-03-01;247;97;8573;6062;5.6;4.0
09;2021-03-02;284;76;8857;6138;5.8;4.0
09;2021-03-03;252;132;9109;6270;6.0;4.1
09;2021-03-04;413;30;9522;6300;6.2;4.1
09;2021-03-05;332;64;9854;6364;6.5;4.2
09;2021-03-06;396;45;10250;6409;6.7;4.2
09;2021-03-07;124;4;10374;6413;6.8;4.2
09;2021-03-08;380;64;10754;6477;7.1;4.3
09;2021-03-09;437;140;11191;6617;7.3;4.3
09;2021-03-10;562;71;11753;6688;7.7;4.4
09;2021-03-11;695;74;12448;6762;8.2;4.4
09;2021-03-12;658;31;13106;6793;8.6;4.5
09;2021-03-13;385;3;13491;6796;8.9;4.5
09;2021-03-14;120;3;13611;6799;8.9;4.5
09;2021-03-15;467;48;14078;6847;9.2;4.5
09;2021-03-16;370;80;14448;6927;9.5;4.5
09;2021-03-17;399;72;14847;6999;9.7;4.6
09;2021-03-18;454;42;15301;7041;10.0;4.6
09;2021-03-19;524;54;15825;7095;10.4;4.7
09;2021-03-20;313;39;16138;7134;10.6;4.7
09;2021-03-21;105;0;16243;7134;10.7;4.7
09;2021-03-22;424;117;16667;7251;10.9;4.8
09;2021-03-23;565;173;17232;7424;11.3;4.9
09;2021-03-24;711;41;17943;7465;11.8;4.9
09;2021-03-25;869;138;18812;7603;12.3;5.0
09;2021-03-26;751;44;19563;7647;12.8;5.0
09;2021-03-27;622;70;20185;7717;13.2;5.1
09;2021-03-28;132;24;20317;7741;13.3;5.1
09;2021-03-29;497;278;20814;8019;13.7;5.3
09;2021-03-30;729;153;21543;8172;14.1;5.4
09;2021-03-31;801;180;22344;8352;14.7;5.5
09;2021-04-01;734;254;23078;8606;15.1;5.6
09;2021-04-02;693;266;23771;8872;15.6;5.8
09;2021-04-03;770;117;24541;8989;16.1;5.9
09;2021-04-04;122;57;24663;9046;16.2;5.9
09;2021-04-05;237;58;24900;9104;16.3;6.0
09;2021-04-06;1056;391;25956;9495;17.0;6.2
09;2021-04-07;1209;358;27165;9853;17.8;6.5
09;2021-04-08;1468;396;28633;10249;18.8;6.7
09;2021-04-09;1139;412;29772;10661;19.5;7.0
09;2021-04-10;1349;193;31121;10854;20.4;7.1
09;2021-04-11;173;102;31294;10956;20.5;7.2
09;2021-04-12;736;342;32030;11298;21.0;7.4
09;2021-04-13;1047;407;33077;11705;21.7;7.7
09;2021-04-14;1331;506;34408;12211;22.6;8.0
09;2021-04-15;1148;500;35556;12711;23.3;8.3
09;2021-04-16;1033;414;36589;13125;24.0;8.6
09;2021-04-17;1194;355;37783;13480;24.8;8.8
09;2021-04-18;102;96;37885;13576;24.9;8.9
09;2021-04-19;697;404;38582;13980;25.3;9.2
09;2021-04-20;766;533;39348;14513;25.8;9.5
09;2021-04-21;941;591;40289;15104;26.4;9.9
09;2021-04-22;667;608;40956;15712;26.9;10.3
09;2021-04-23;772;425;41728;16137;27.4;10.6
09;2021-04-24;740;669;42468;16806;27.9;11.0
09;2021-04-25;75;113;42543;16919;27.9;11.1
09;2021-04-26;382;535;42925;17454;28.2;11.5
09;2021-04-27;443;720;43368;18174;28.5;11.9
09;2021-04-28;806;795;44174;18969;29.0;12.4
09;2021-04-29;550;771;44724;19740;29.3;13.0
09;2021-04-30;621;723;45345;20463;29.8;13.4
09;2021-05-01;478;453;45823;20916;30.1;13.7
09;2021-05-02;51;100;45874;21016;30.1;13.8
09;2021-05-03;522;663;46396;21679;30.4;14.2
09;2021-05-04;557;1346;46953;23025;30.8;15.1
09;2021-05-05;823;1347;47776;24372;31.3;16.0
09;2021-05-06;849;1034;48625;25406;31.9;16.7
09;2021-05-07;978;823;49603;26229;32.5;17.2
09;2021-05-08;395;461;49998;26690;32.8;17.5
09;2021-05-09;264;84;50262;26774;33.0;17.6
09;2021-05-10;504;967;50766;27741;33.3;18.2
09;2021-05-11;740;1052;51506;28793;33.8;18.9
09;2021-05-12;1535;1407;53041;30200;34.8;19.8
09;2021-05-13;1383;425;54424;30625;35.7;20.1
09;2021-05-14;987;654;55411;31279;36.4;20.5
09;2021-05-15;1236;790;56647;32069;37.2;21.0
09;2021-05-16;296;48;56943;32117;37.4;21.1
09;2021-05-17;875;413;57818;32530;37.9;21.3
09;2021-05-18;1291;392;59109;32922;38.8;21.6
09;2021-05-19;1495;367;60604;33289;39.8;21.8
09;2021-05-20;1380;406;61984;33695;40.7;22.1
09;2021-05-21;1164;496;63148;34191;41.4;22.4
09;2021-05-22;1546;363;64694;34554;42.5;22.7
09;2021-05-23;272;25;64966;34579;42.6;22.7
09;2021-05-24;177;99;65143;34678;42.7;22.8
09;2021-05-25;997;499;66140;35177;43.4;23.1
09;2021-05-26;1286;446;67426;35623;44.2;23.4
09;2021-05-27;966;403;68392;36026;44.9;23.6
09;2021-05-28;958;512;69350;36538;45.5;24.0
09;2021-05-29;1797;596;71147;37134;46.7;24.4
09;2021-05-30;541;197;71688;37331;47.0;24.5
09;2021-05-31;717;594;72405;37925;47.5;24.9
09;2021-06-01;967;641;73372;38566;48.1;25.3
09;2021-06-02;1007;897;74379;39463;48.8;25.9
09;2021-06-03;810;682;75189;40145;49.3;26.3
09;2021-06-04;877;799;76066;40944;49.9;26.9
09;2021-06-05;1320;874;77386;41818;50.8;27.4
09;2021-06-06;304;108;77690;41926;51.0;27.5
09;2021-06-07;623;516;78313;42442;51.4;27.8
09;2021-06-08;823;489;79136;42931;51.9;28.2
09;2021-06-09;807;830;79943;43761;52.5;28.7
09;2021-06-10;640;532;80583;44293;52.9;29.1
09;2021-06-11;830;760;81413;45053;53.4;29.6
09;2021-06-12;636;807;82049;45860;53.8;30.1
09;2021-06-13;94;130;82143;45990;53.9;30.2
09;2021-06-14;627;707;82770;46697;54.3;30.6
09;2021-06-15;824;890;83594;47587;54.9;31.2
09;2021-06-16;627;1078;84221;48665;55.3;31.9
09;2021-06-17;780;856;85001;49521;55.8;32.5
09;2021-06-18;635;1150;85636;50671;56.2;33.2
09;2021-06-19;515;1576;86151;52247;56.5;34.3
09;2021-06-20;8;279;86159;52526;56.5;34.5
09;2021-06-21;474;699;86633;53225;56.8;34.9
09;2021-06-22;462;1066;87095;54291;57.1;35.6
09;2021-06-23;435;1224;87530;55515;57.4;36.4
09;2021-06-24;580;772;88110;56287;57.8;36.9
09;2021-06-25;411;1063;88521;57350;58.1;37.6
09;2021-06-26;442;1088;88963;58438;58.4;38.3
09;2021-06-27;2;275;88965;58713;58.4;38.5
09;2021-06-28;239;1048;89204;59761;58.5;39.2
09;2021-06-29;312;1230;89516;60991;58.7;40.0
09;2021-06-30;457;1491;89973;62482;59.0;41.0
09;2021-07-01;383;1431;90356;63913;59.3;41.9
09;2021-07-02;308;1162;90664;65075;59.5;42.7
09;2021-07-03;209;1619;90873;66694;59.6;43.8
09;2021-07-04;4;254;90877;66948;59.6;43.9
09;2021-07-05;188;714;91065;67662;59.8;44.4
09;2021-07-06;292;1224;91357;68886;59.9;45.2
09;2021-07-07;416;1395;91773;70281;60.2;46.1
09;2021-07-08;321;1061;92094;71342;60.4;46.8
09;2021-07-09;290;1156;92384;72498;60.6;47.6
09;2021-07-10;344;1726;92728;74224;60.8;48.7
09;2021-07-11;147;391;92875;74615;60.9;49.0
09;2021-07-12;182;1072;93057;75687;61.1;49.7
09;2021-07-13;642;1306;93699;76993;61.5;50.5
09;2021-07-14;485;220;94184;77213;61.8;50.7
09;2021-07-15;814;1167;94998;78380;62.3;51.4
09;2021-07-16;608;1193;95606;79573;62.7;52.2
09;2021-07-17;1016;1445;96622;81018;63.4;53.2
09;2021-07-18;299;220;96921;81238;63.6;53.3
09;2021-07-19;482;969;97403;82207;63.9;53.9
09;2021-07-20;828;1256;98231;83463;64.5;54.8
09;2021-07-21;1013;1167;99244;84630;65.1;55.5
09;2021-07-22;844;907;100088;85537;65.7;56.1
09;2021-07-23;723;906;100811;86443;66.1;56.7
09;2021-07-24;919;460;101730;86903;66.8;57.0
09;2021-07-25;555;133;102285;87036;67.1;57.1
09;2021-07-26;645;767;102930;87803;67.5;57.6
09;2021-07-27;1164;943;104094;88746;68.3;58.2
09;2021-07-28;1189;982;105283;89728;69.1;58.9
09;2021-07-29;1023;733;106306;90461;69.8;59.4
09;2021-07-30;775;617;107081;91078;70.3;59.8
09;2021-07-31;1374;409;108455;91487;71.2;60.0
09;2021-08-01;141;125;108596;91612;71.3;60.1
09;2021-08-02;609;476;109205;92088;71.7;60.4
10;2020-12-27;0;0;0;0;0.0;0.0
10;2020-12-28;0;0;0;0;0.0;0.0
10;2020-12-29;0;0;0;0;0.0;0.0
10;2020-12-30;0;0;0;0;0.0;0.0
10;2020-12-31;0;0;0;0;0.0;0.0
10;2021-01-01;0;0;0;0;0.0;0.0
10;2021-01-02;0;0;0;0;0.0;0.0
10;2021-01-03;0;0;0;0;0.0;0.0
10;2021-01-04;0;0;0;0;0.0;0.0
10;2021-01-05;1;0;1;0;0.0;0.0
10;2021-01-06;0;0;1;0;0.0;0.0
10;2021-01-07;84;0;85;0;0.0;0.0
10;2021-01-08;254;0;339;0;0.1;0.0
10;2021-01-09;0;0;339;0;0.1;0.0
10;2021-01-10;0;0;339;0;0.1;0.0
10;2021-01-11;117;0;456;0;0.1;0.0
10;2021-01-12;191;0;647;0;0.2;0.0
10;2021-01-13;313;0;960;0;0.3;0.0
10;2021-01-14;391;7;1351;7;0.4;0.0
10;2021-01-15;359;2;1710;9;0.6;0.0
10;2021-01-16;55;0;1765;9;0.6;0.0
10;2021-01-17;0;0;1765;9;0.6;0.0
10;2021-01-18;699;1;2464;10;0.8;0.0
10;2021-01-19;1361;2;3825;12;1.2;0.0
10;2021-01-20;1070;5;4895;17;1.6;0.0
10;2021-01-21;1145;2;6040;19;1.9;0.0
10;2021-01-22;818;0;6858;19;2.2;0.0
10;2021-01-23;309;0;7167;19;2.3;0.0
10;2021-01-24;0;0;7167;19;2.3;0.0
10;2021-01-25;445;9;7612;28;2.5;0.0
10;2021-01-26;487;17;8099;45;2.6;0.0
10;2021-01-27;459;15;8558;60;2.8;0.0
10;2021-01-28;357;48;8915;108;2.9;0.0
10;2021-01-29;430;194;9345;302;3.0;0.1
10;2021-01-30;30;0;9375;302;3.0;0.1
10;2021-01-31;0;0;9375;302;3.0;0.1
10;2021-02-01;404;141;9779;443;3.2;0.1
10;2021-02-02;182;152;9961;595;3.2;0.2
10;2021-02-03;345;217;10306;812;3.3;0.3
10;2021-02-04;342;270;10648;1082;3.4;0.3
10;2021-02-05;327;321;10975;1403;3.5;0.5
10;2021-02-06;3;35;10978;1438;3.5;0.5
10;2021-02-07;0;0;10978;1438;3.5;0.5
10;2021-02-08;190;411;11168;1849;3.6;0.6
10;2021-02-09;480;585;11648;2434;3.8;0.8
10;2021-02-10;666;474;12314;2908;4.0;0.9
10;2021-02-11;768;598;13082;3506;4.2;1.1
10;2021-02-12;580;552;13662;4058;4.4;1.3
10;2021-02-13;36;120;13698;4178;4.4;1.3
10;2021-02-14;0;0;13698;4178;4.4;1.3
10;2021-02-15;142;448;13840;4626;4.5;1.5
10;2021-02-16;116;546;13956;5172;4.5;1.7
10;2021-02-17;129;606;14085;5778;4.5;1.9
10;2021-02-18;216;558;14301;6336;4.6;2.0
10;2021-02-19;187;472;14488;6808;4.7;2.2
10;2021-02-20;24;183;14512;6991;4.7;2.3
10;2021-02-21;0;0;14512;6991;4.7;2.3
10;2021-02-22;77;448;14589;7439;4.7;2.4
10;2021-02-23;76;563;14665;8002;4.7;2.6
10;2021-02-24;104;375;14769;8377;4.8;2.7
10;2021-02-25;323;375;15092;8752;4.9;2.8
10;2021-02-26;351;283;15443;9035;5.0;2.9
10;2021-02-27;275;130;15718;9165;5.1;3.0
10;2021-02-28;0;0;15718;9165;5.1;3.0
10;2021-03-01;257;334;15975;9499;5.2;3.1
10;2021-03-02;434;370;16409;9869;5.3;3.2
10;2021-03-03;453;580;16862;10449;5.4;3.4
10;2021-03-04;634;500;17496;10949;5.6;3.5
10;2021-03-05;677;253;18173;11202;5.9;3.6
10;2021-03-06;948;40;19121;11242;6.2;3.6
10;2021-03-07;769;5;19890;11247;6.4;3.6
10;2021-03-08;502;442;20392;11689;6.6;3.8
10;2021-03-09;673;436;21065;12125;6.8;3.9
10;2021-03-10;660;363;21725;12488;7.0;4.0
10;2021-03-11;1174;234;22899;12722;7.4;4.1
10;2021-03-12;1338;238;24237;12960;7.8;4.2
10;2021-03-13;892;36;25129;12996;8.1;4.2
10;2021-03-14;1381;13;26510;13009;8.6;4.2
10;2021-03-15;821;80;27331;13089;8.8;4.2
10;2021-03-16;688;59;28019;13148;9.0;4.2
10;2021-03-17;831;65;28850;13213;9.3;4.3
10;2021-03-18;885;79;29735;13292;9.6;4.3
10;2021-03-19;951;67;30686;13359;9.9;4.3
10;2021-03-20;552;16;31238;13375;10.1;4.3
10;2021-03-21;1845;36;33083;13411;10.7;4.3
10;2021-03-22;879;68;33962;13479;11.0;4.3
10;2021-03-23;1245;90;35207;13569;11.4;4.4
10;2021-03-24;1308;53;36515;13622;11.8;4.4
10;2021-03-25;1677;227;38192;13849;12.3;4.5
10;2021-03-26;1431;113;39623;13962;12.8;4.5
10;2021-03-27;762;77;40385;14039;13.0;4.5
10;2021-03-28;1221;26;41606;14065;13.4;4.5
10;2021-03-29;648;305;42254;14370;13.6;4.6
10;2021-03-30;926;374;43180;14744;13.9;4.8
10;2021-03-31;617;359;43797;15103;14.1;4.9
10;2021-04-01;883;681;44680;15784;14.4;5.1
10;2021-04-02;1068;587;45748;16371;14.8;5.3
10;2021-04-03;540;607;46288;16978;14.9;5.5
10;2021-04-04;1826;257;48114;17235;15.5;5.6
10;2021-04-05;1843;36;49957;17271;16.1;5.6
10;2021-04-06;514;649;50471;17920;16.3;5.8
10;2021-04-07;589;539;51060;18459;16.5;6.0
10;2021-04-08;1056;603;52116;19062;16.8;6.2
10;2021-04-09;1130;608;53246;19670;17.2;6.3
10;2021-04-10;1770;349;55016;20019;17.8;6.5
10;2021-04-11;55;1224;55071;21243;17.8;6.9
10;2021-04-12;1003;807;56074;22050;18.1;7.1
10;2021-04-13;1505;885;57579;22935;18.6;7.4
10;2021-04-14;820;599;58399;23534;18.8;7.6
10;2021-04-15;1432;888;59831;24422;19.3;7.9
10;2021-04-16;1107;695;60938;25117;19.7;8.1
10;2021-04-17;2391;356;63329;25473;20.4;8.2
10;2021-04-18;1421;1781;64750;27254;20.9;8.8
10;2021-04-19;838;836;65588;28090;21.2;9.1
10;2021-04-20;545;1034;66133;29124;21.3;9.4
10;2021-04-21;637;985;66770;30109;21.5;9.7
10;2021-04-22;932;970;67702;31079;21.8;10.0
10;2021-04-23;2171;775;69873;31854;22.5;10.3
10;2021-04-24;2296;371;72169;32225;23.3;10.4
10;2021-04-25;1989;1215;74158;33440;23.9;10.8
10;2021-04-26;773;619;74931;34059;24.2;11.0
10;2021-04-27;895;535;75826;34594;24.5;11.2
10;2021-04-28;873;403;76699;34997;24.7;11.3
10;2021-04-29;1432;669;78131;35666;25.2;11.5
10;2021-04-30;2173;758;80304;36424;25.9;11.8
10;2021-05-01;1988;2162;82292;38586;26.6;12.5
10;2021-05-02;1948;1894;84240;40480;27.2;13.1
10;2021-05-03;622;445;84862;40925;27.4;13.2
10;2021-05-04;1145;1248;86007;42173;27.8;13.6
10;2021-05-05;1754;1019;87761;43192;28.3;13.9
10;2021-05-06;2256;938;90017;44130;29.0;14.2
10;2021-05-07;2217;1135;92234;45265;29.8;14.6
10;2021-05-08;2270;856;94504;46121;30.5;14.9
10;2021-05-09;2004;99;96508;46220;31.1;14.9
10;2021-05-10;528;1092;97036;47312;31.3;15.3
10;2021-05-11;1051;1023;98087;48335;31.7;15.6
10;2021-05-12;2061;881;100148;49216;32.3;15.9
10;2021-05-13;2183;431;102331;49647;33.0;16.0
10;2021-05-14;2730;667;105061;50314;33.9;16.2
10;2021-05-15;2427;2039;107488;52353;34.7;16.9
10;2021-05-16;2081;1449;109569;53802;35.4;17.4
10;2021-05-17;1451;439;111020;54241;35.8;17.5
10;2021-05-18;2510;636;113530;54877;36.6;17.7
10;2021-05-19;1553;638;115083;55515;37.1;17.9
10;2021-05-20;1891;848;116974;56363;37.7;18.2
10;2021-05-21;2318;615;119292;56978;38.5;18.4
10;2021-05-22;2181;419;121473;57397;39.2;18.5
10;2021-05-23;1817;139;123290;57536;39.8;18.6
10;2021-05-24;1968;180;125258;57716;40.4;18.6
10;2021-05-25;2193;489;127451;58205;41.1;18.8
10;2021-05-26;1677;419;129128;58624;41.7;18.9
10;2021-05-27;1660;754;130788;59378;42.2;19.2
10;2021-05-28;1719;1185;132507;60563;42.8;19.5
10;2021-05-29;2170;640;134677;61203;43.5;19.7
10;2021-05-30;1029;133;135706;61336;43.8;19.8
10;2021-05-31;1039;747;136745;62083;44.1;20.0
10;2021-06-01;1133;883;137878;62966;44.5;20.3
10;2021-06-02;1032;714;138910;63680;44.8;20.5
10;2021-06-03;1473;1070;140383;64750;45.3;20.9
10;2021-06-04;1768;2601;142151;67351;45.9;21.7
10;2021-06-05;1512;2452;143663;69803;46.4;22.5
10;2021-06-06;1005;1875;144668;71678;46.7;23.1
10;2021-06-07;698;1112;145366;72790;46.9;23.5
10;2021-06-08;895;1168;146261;73958;47.2;23.9
10;2021-06-09;877;910;147138;74868;47.5;24.2
10;2021-06-10;677;1071;147815;75939;47.7;24.5
10;2021-06-11;1199;2210;149014;78149;48.1;25.2
10;2021-06-12;855;2387;149869;80536;48.4;26.0
10;2021-06-13;401;1837;150270;82373;48.5;26.6
10;2021-06-14;534;742;150804;83115;48.7;26.8
10;2021-06-15;740;2132;151544;85247;48.9;27.5
10;2021-06-16;740;1859;152284;87106;49.1;28.1
10;2021-06-17;848;2458;153132;89564;49.4;28.9
10;2021-06-18;1030;2474;154162;92038;49.7;29.7
10;2021-06-19;982;2595;155144;94633;50.1;30.5
10;2021-06-20;549;1600;155693;96233;50.2;31.1
10;2021-06-21;682;1046;156375;97279;50.5;31.4
10;2021-06-22;743;1525;157118;98804;50.7;31.9
10;2021-06-23;647;2408;157765;101212;50.9;32.7
10;2021-06-24;782;2618;158547;103830;51.2;33.5
10;2021-06-25;731;3036;159278;106866;51.4;34.5
10;2021-06-26;514;2742;159792;109608;51.6;35.4
10;2021-06-27;402;1939;160194;111547;51.7;36.0
10;2021-06-28;684;1786;160878;113333;51.9;36.6
10;2021-06-29;616;2695;161494;116028;52.1;37.4
10;2021-06-30;536;1526;162030;117554;52.3;37.9
10;2021-07-01;551;2172;162581;119726;52.5;38.6
10;2021-07-02;666;2726;163247;122452;52.7;39.5
10;2021-07-03;528;2600;163775;125052;52.8;40.4
10;2021-07-04;411;1728;164186;126780;53.0;40.9
10;2021-07-05;664;2222;164850;129002;53.2;41.6
10;2021-07-06;647;2186;165497;131188;53.4;42.3
10;2021-07-07;629;1702;166126;132890;53.6;42.9
10;2021-07-08;747;1459;166873;134349;53.8;43.4
10;2021-07-09;814;1945;167687;136294;54.1;44.0
10;2021-07-10;632;2097;168319;138391;54.3;44.7
10;2021-07-11;500;1377;168819;139768;54.5;45.1
10;2021-07-12;778;1623;169597;141391;54.7;45.6
10;2021-07-13;1122;1875;170719;143266;55.1;46.2
10;2021-07-14;1171;1055;171890;144321;55.5;46.6
10;2021-07-15;1468;1979;173358;146300;55.9;47.2
10;2021-07-16;1239;2272;174597;148572;56.3;47.9
10;2021-07-17;1284;1736;175881;150308;56.8;48.5
10;2021-07-18;941;1225;176822;151533;57.1;48.9
10;2021-07-19;1356;1617;178178;153150;57.5;49.4
10;2021-07-20;1680;1427;179858;154577;58.0;49.9
10;2021-07-21;1391;1483;181249;156060;58.5;50.4
10;2021-07-22;1932;1589;183181;157649;59.1;50.9
10;2021-07-23;1592;1540;184773;159189;59.6;51.4
10;2021-07-24;1386;1217;186159;160406;60.1;51.8
10;2021-07-25;1251;784;187410;161190;60.5;52.0
10;2021-07-26;1909;1312;189319;162502;61.1;52.4
10;2021-07-27;2116;1081;191435;163583;61.8;52.8
10;2021-07-28;2090;1002;193525;164585;62.4;53.1
10;2021-07-29;2425;1199;195950;165784;63.2;53.5
10;2021-07-30;2146;1294;198096;167078;63.9;53.9
10;2021-07-31;1671;928;199767;168006;64.5;54.2
10;2021-08-01;1231;567;200998;168573;64.9;54.4
10;2021-08-02;1328;1332;202326;169905;65.3;54.8
11;2020-12-27;0;0;0;0;0.0;0.0
11;2020-12-28;1;0;1;0;0.0;0.0
11;2020-12-29;1;0;2;0;0.0;0.0
11;2020-12-30;0;0;2;0;0.0;0.0
11;2020-12-31;0;0;2;0;0.0;0.0
11;2021-01-01;0;0;2;0;0.0;0.0
11;2021-01-02;5;0;7;0;0.0;0.0
11;2021-01-03;0;0;7;0;0.0;0.0
11;2021-01-04;0;0;7;0;0.0;0.0
11;2021-01-05;94;0;101;0;0.0;0.0
11;2021-01-06;25;0;126;0;0.0;0.0
11;2021-01-07;119;0;245;0;0.1;0.0
11;2021-01-08;90;1;335;1;0.1;0.0
11;2021-01-09;86;0;421;1;0.1;0.0
11;2021-01-10;67;0;488;1;0.1;0.0
11;2021-01-11;136;0;624;1;0.2;0.0
11;2021-01-12;544;3;1168;4;0.3;0.0
11;2021-01-13;410;1;1578;5;0.4;0.0
11;2021-01-14;644;8;2222;13;0.6;0.0
11;2021-01-15;342;4;2564;17;0.7;0.0
11;2021-01-16;77;1;2641;18;0.7;0.0
11;2021-01-17;47;1;2688;19;0.7;0.0
11;2021-01-18;388;0;3076;19;0.8;0.0
11;2021-01-19;525;4;3601;23;1.0;0.0
11;2021-01-20;691;6;4292;29;1.2;0.0
11;2021-01-21;646;4;4938;33;1.3;0.0
11;2021-01-22;524;1;5462;34;1.5;0.0
11;2021-01-23;155;0;5617;34;1.5;0.0
11;2021-01-24;139;0;5756;34;1.5;0.0
11;2021-01-25;372;20;6128;54;1.6;0.0
11;2021-01-26;837;84;6965;138;1.9;0.0
11;2021-01-27;798;23;7763;161;2.1;0.0
11;2021-01-28;644;61;8407;222;2.3;0.1
11;2021-01-29;433;124;8840;346;2.4;0.1
11;2021-01-30;131;1;8971;347;2.4;0.1
11;2021-01-31;81;0;9052;347;2.4;0.1
11;2021-02-01;344;196;9396;543;2.5;0.1
11;2021-02-02;409;407;9805;950;2.6;0.3
11;2021-02-03;390;352;10195;1302;2.7;0.3
11;2021-02-04;373;497;10568;1799;2.8;0.5
11;2021-02-05;311;338;10879;2137;2.9;0.6
11;2021-02-06;205;62;11084;2199;3.0;0.6
11;2021-02-07;108;13;11192;2212;3.0;0.6
11;2021-02-08;311;160;11503;2372;3.1;0.6
11;2021-02-09;296;280;11799;2652;3.2;0.7
11;2021-02-10;337;447;12136;3099;3.3;0.8
11;2021-02-11;610;630;12746;3729;3.4;1.0
11;2021-02-12;398;379;13144;4108;3.5;1.1
11;2021-02-13;193;120;13337;4228;3.6;1.1
11;2021-02-14;66;27;13403;4255;3.6;1.1
11;2021-02-15;238;210;13641;4465;3.7;1.2
11;2021-02-16;262;514;13903;4979;3.7;1.3
11;2021-02-17;453;620;14356;5599;3.9;1.5
11;2021-02-18;456;574;14812;6173;4.0;1.7
11;2021-02-19;300;540;15112;6713;4.1;1.8
11;2021-02-20;146;75;15258;6788;4.1;1.8
11;2021-02-21;57;45;15315;6833;4.1;1.8
11;2021-02-22;125;332;15440;7165;4.1;1.9
11;2021-02-23;283;322;15723;7487;4.2;2.0
11;2021-02-24;251;374;15974;7861;4.3;2.1
11;2021-02-25;562;324;16536;8185;4.4;2.2
11;2021-02-26;523;320;17059;8505;4.6;2.3
11;2021-02-27;318;98;17377;8603;4.7;2.3
11;2021-02-28;95;24;17472;8627;4.7;2.3
11;2021-03-01;339;319;17811;8946;4.8;2.4
11;2021-03-02;562;392;18373;9338;4.9;2.5
11;2021-03-03;599;435;18972;9773;5.1;2.6
11;2021-03-04;1075;408;20047;10181;5.4;2.7
11;2021-03-05;1002;409;21049;10590;5.6;2.8
11;2021-03-06;1094;204;22143;10794;5.9;2.9
11;2021-03-07;657;35;22800;10829;6.1;2.9
11;2021-03-08;376;353;23176;11182;6.2;3.0
11;2021-03-09;996;393;24172;11575;6.5;3.1
11;2021-03-10;1170;547;25342;12122;6.8;3.3
11;2021-03-11;1571;440;26913;12562;7.2;3.4
11;2021-03-12;1453;438;28366;13000;7.6;3.5
11;2021-03-13;1158;237;29524;13237;7.9;3.6
11;2021-03-14;524;51;30048;13288;8.1;3.6
11;2021-03-15;651;241;30699;13529;8.2;3.6
11;2021-03-16;852;200;31551;13729;8.5;3.7
11;2021-03-17;908;220;32459;13949;8.7;3.7
11;2021-03-18;1172;283;33631;14232;9.0;3.8
11;2021-03-19;1370;245;35001;14477;9.4;3.9
11;2021-03-20;788;168;35789;14645;9.6;3.9
11;2021-03-21;225;65;36014;14710;9.7;3.9
11;2021-03-22;809;215;36823;14925;9.9;4.0
11;2021-03-23;1801;389;38624;15314;10.4;4.1
11;2021-03-24;1843;317;40467;15631;10.9;4.2
11;2021-03-25;2189;371;42656;16002;11.4;4.3
11;2021-03-26;2124;440;44780;16442;12.0;4.4
11;2021-03-27;1177;144;45957;16586;12.3;4.5
11;2021-03-28;265;43;46222;16629;12.4;4.5
11;2021-03-29;1181;218;47403;16847;12.7;4.5
11;2021-03-30;1993;318;49396;17165;13.3;4.6
11;2021-03-31;1613;382;51009;17547;13.7;4.7
11;2021-04-01;2146;423;53155;17970;14.3;4.8
11;2021-04-02;1641;430;54796;18400;14.7;4.9
11;2021-04-03;719;143;55515;18543;14.9;5.0
11;2021-04-04;198;73;55713;18616;14.9;5.0
11;2021-04-05;257;4;55970;18620;15.0;5.0
11;2021-04-06;1571;547;57541;19167;15.4;5.1
11;2021-04-07;1776;571;59317;19738;15.9;5.3
11;2021-04-08;1785;681;61102;20419;16.4;5.5
11;2021-04-09;2260;597;63362;21016;17.0;5.6
11;2021-04-10;1169;176;64531;21192;17.3;5.7
11;2021-04-11;547;107;65078;21299;17.5;5.7
11;2021-04-12;1611;532;66689;21831;17.9;5.9
11;2021-04-13;2259;882;68948;22713;18.5;6.1
11;2021-04-14;1661;1008;70609;23721;18.9;6.4
11;2021-04-15;1838;1124;72447;24845;19.4;6.7
11;2021-04-16;1834;844;74281;25689;19.9;6.9
11;2021-04-17;1771;559;76052;26248;20.4;7.0
11;2021-04-18;114;155;76166;26403;20.4;7.1
11;2021-04-19;1383;735;77549;27138;20.8;7.3
11;2021-04-20;1726;1284;79275;28422;21.3;7.6
11;2021-04-21;1778;1319;81053;29741;21.7;8.0
11;2021-04-22;1748;1321;82801;31062;22.2;8.3
11;2021-04-23;2009;1226;84810;32288;22.8;8.7
11;2021-04-24;1734;467;86544;32755;23.2;8.8
11;2021-04-25;658;178;87202;32933;23.4;8.8
11;2021-04-26;1376;836;88578;33769;23.8;9.1
11;2021-04-27;1834;1545;90412;35314;24.3;9.5
11;2021-04-28;2002;1467;92414;36781;24.8;9.9
11;2021-04-29;2246;1634;94660;38415;25.4;10.3
11;2021-04-30;2153;1424;96813;39839;26.0;10.7
11;2021-05-01;1338;341;98151;40180;26.3;10.8
11;2021-05-02;586;336;98737;40516;26.5;10.9
11;2021-05-03;1486;738;100223;41254;26.9;11.1
11;2021-05-04;1879;1429;102102;42683;27.4;11.5
11;2021-05-05;1892;1433;103994;44116;27.9;11.8
11;2021-05-06;2190;1472;106184;45588;28.5;12.2
11;2021-05-07;2104;1554;108288;47142;29.1;12.6
11;2021-05-08;894;726;109182;47868;29.3;12.8
11;2021-05-09;627;543;109809;48411;29.5;13.0
11;2021-05-10;1328;1650;111137;50061;29.8;13.4
11;2021-05-11;2038;1864;113175;51925;30.4;13.9
11;2021-05-12;1830;1633;115005;53558;30.9;14.4
11;2021-05-13;1405;414;116410;53972;31.2;14.5
11;2021-05-14;1712;1184;118122;55156;31.7;14.8
11;2021-05-15;1156;901;119278;56057;32.0;15.0
11;2021-05-16;806;165;120084;56222;32.2;15.1
11;2021-05-17;1469;1048;121553;57270;32.6;15.4
11;2021-05-18;1899;1196;123452;58466;33.1;15.7
11;2021-05-19;1848;1120;125300;59586;33.6;16.0
11;2021-05-20;1968;1091;127268;60677;34.1;16.3
11;2021-05-21;2277;1088;129545;61765;34.8;16.6
11;2021-05-22;1483;723;131028;62488;35.2;16.8
11;2021-05-23;768;67;131796;62555;35.4;16.8
11;2021-05-24;1410;226;133206;62781;35.7;16.8
11;2021-05-25;1810;1354;135016;64135;36.2;17.2
11;2021-05-26;1933;1303;136949;65438;36.7;17.6
11;2021-05-27;1984;1720;138933;67158;37.3;18.0
11;2021-05-28;1758;1896;140691;69054;37.7;18.5
11;2021-05-29;1428;1597;142119;70651;38.1;19.0
11;2021-05-30;486;395;142605;71046;38.3;19.1
11;2021-05-31;1259;1621;143864;72667;38.6;19.5
11;2021-06-01;1855;1906;145719;74573;39.1;20.0
11;2021-06-02;1761;2075;147480;76648;39.6;20.6
11;2021-06-03;2599;2411;150079;79059;40.3;21.2
11;2021-06-04;2144;2671;152223;81730;40.8;21.9
11;2021-06-05;1589;1903;153812;83633;41.3;22.4
11;2021-06-06;877;861;154689;84494;41.5;22.7
11;2021-06-07;1526;1713;156215;86207;41.9;23.1
11;2021-06-08;2037;1993;158252;88200;42.5;23.7
11;2021-06-09;1788;2191;160040;90391;42.9;24.3
11;2021-06-10;1806;2427;161846;92818;43.4;24.9
11;2021-06-11;1863;2491;163709;95309;43.9;25.6
11;2021-06-12;1454;1621;165163;96930;44.3;26.0
11;2021-06-13;711;722;165874;97652;44.5;26.2
11;2021-06-14;1033;1967;166907;99619;44.8;26.7
11;2021-06-15;1392;2682;168299;102301;45.2;27.4
11;2021-06-16;1339;2529;169638;104830;45.5;28.1
11;2021-06-17;1470;2538;171108;107368;45.9;28.8
11;2021-06-18;1517;2490;172625;109858;46.3;29.5
11;2021-06-19;1235;1409;173860;111267;46.6;29.9
11;2021-06-20;299;600;174159;111867;46.7;30.0
11;2021-06-21;839;2120;174998;113987;47.0;30.6
11;2021-06-22;1015;2606;176013;116593;47.2;31.3
11;2021-06-23;1095;2087;177108;118680;47.5;31.8
11;2021-06-24;907;2247;178015;120927;47.8;32.4
11;2021-06-25;991;2541;179006;123468;48.0;33.1
11;2021-06-26;773;1656;179779;125124;48.2;33.6
11;2021-06-27;209;688;179988;125812;48.3;33.8
11;2021-06-28;697;2300;180685;128112;48.5;34.4
11;2021-06-29;961;2597;181646;130709;48.7;35.1
11;2021-06-30;904;2521;182550;133230;49.0;35.7
11;2021-07-01;991;1885;183541;135115;49.2;36.3
11;2021-07-02;962;2540;184503;137655;49.5;36.9
11;2021-07-03;726;1800;185229;139455;49.7;37.4
11;2021-07-04;338;1108;185567;140563;49.8;37.7
11;2021-07-05;691;2132;186258;142695;50.0;38.3
11;2021-07-06;967;2520;187225;145215;50.2;39.0
11;2021-07-07;938;2512;188163;147727;50.5;39.6
11;2021-07-08;1181;1906;189344;149633;50.8;40.1
11;2021-07-09;821;1792;190165;151425;51.0;40.6
11;2021-07-10;366;1300;190531;152725;51.1;41.0
11;2021-07-11;312;562;190843;153287;51.2;41.1
11;2021-07-12;494;2666;191337;155953;51.3;41.8
11;2021-07-13;1293;3066;192630;159019;51.7;42.7
11;2021-07-14;204;234;192834;159253;51.7;42.7
11;2021-07-15;1408;2960;194242;162213;52.1;43.5
11;2021-07-16;1834;2724;196076;164937;52.6;44.3
11;2021-07-17;1073;2162;197149;167099;52.9;44.8
11;2021-07-18;650;945;197799;168044;53.1;45.1
11;2021-07-19;1327;2093;199126;170137;53.4;45.6
11;2021-07-20;1968;2402;201094;172539;54.0;46.3
11;2021-07-21;1998;2428;203092;174967;54.5;46.9
11;2021-07-22;2384;1862;205476;176829;55.1;47.4
11;2021-07-23;2214;2262;207690;179091;55.7;48.1
11;2021-07-24;1269;1619;208959;180710;56.1;48.5
11;2021-07-25;746;688;209705;181398;56.3;48.7
11;2021-07-26;1654;1412;211359;182810;56.7;49.0
11;2021-07-27;2303;1981;213662;184791;57.3;49.6
11;2021-07-28;2439;1975;216101;186766;58.0;50.1
11;2021-07-29;2729;1777;218830;188543;58.7;50.6
11;2021-07-30;2536;1775;221366;190318;59.4;51.1
11;2021-07-31;1985;1117;223351;191435;59.9;51.4
11;2021-08-01;1010;475;224361;191910;60.2;51.5
11;2021-08-02;1903;1138;226264;193048;60.7;51.8
12;2020-12-27;0;0;0;0;0.0;0.0
12;2020-12-28;0;0;0;0;0.0;0.0
12;2020-12-29;0;0;0;0;0.0;0.0
12;2020-12-30;0;0;0;0;0.0;0.0
12;2020-12-31;0;0;0;0;0.0;0.0
12;2021-01-01;0;0;0;0;0.0;0.0
12;2021-01-02;0;0;0;0;0.0;0.0
12;2021-01-03;0;0;0;0;0.0;0.0
12;2021-01-04;1;0;1;0;0.0;0.0
12;2021-01-05;0;0;1;0;0.0;0.0
12;2021-01-06;12;0;13;0;0.0;0.0
12;2021-01-07;202;0;215;0;0.1;0.0
12;2021-01-08;65;0;280;0;0.1;0.0
12;2021-01-09;0;0;280;0;0.1;0.0
12;2021-01-10;1;0;281;0;0.1;0.0
12;2021-01-11;99;0;380;0;0.1;0.0
12;2021-01-12;360;1;740;1;0.3;0.0
12;2021-01-13;285;0;1025;1;0.4;0.0
12;2021-01-14;598;11;1623;12;0.6;0.0
12;2021-01-15;366;10;1989;22;0.7;0.0
12;2021-01-16;138;2;2127;24;0.8;0.0
12;2021-01-17;0;0;2127;24;0.8;0.0
12;2021-01-18;452;0;2579;24;0.9;0.0
12;2021-01-19;603;3;3182;27;1.1;0.0
12;2021-01-20;877;2;4059;29;1.5;0.0
12;2021-01-21;733;0;4792;29;1.7;0.0
12;2021-01-22;798;1;5590;30;2.0;0.0
12;2021-01-23;381;0;5971;30;2.1;0.0
12;2021-01-24;0;0;5971;30;2.1;0.0
12;2021-01-25;452;0;6423;30;2.3;0.0
12;2021-01-26;649;0;7072;30;2.5;0.0
12;2021-01-27;1877;18;8949;48;3.2;0.0
12;2021-01-28;1883;210;10832;258;3.9;0.1
12;2021-01-29;1329;43;12161;301;4.4;0.1
12;2021-01-30;359;2;12520;303;4.5;0.1
12;2021-01-31;0;0;12520;303;4.5;0.1
12;2021-02-01;333;89;12853;392;4.6;0.1
12;2021-02-02;457;243;13310;635;4.8;0.2
12;2021-02-03;457;166;13767;801;4.9;0.3
12;2021-02-04;458;525;14225;1326;5.1;0.5
12;2021-02-05;449;183;14674;1509;5.3;0.5
12;2021-02-06;219;68;14893;1577;5.4;0.6
12;2021-02-07;8;0;14901;1577;5.4;0.6
12;2021-02-08;105;316;15006;1893;5.4;0.7
12;2021-02-09;208;341;15214;2234;5.5;0.8
12;2021-02-10;465;471;15679;2705;5.6;1.0
12;2021-02-11;538;346;16217;3051;5.8;1.1
12;2021-02-12;570;345;16787;3396;6.0;1.2
12;2021-02-13;175;133;16962;3529;6.1;1.3
12;2021-02-14;0;0;16962;3529;6.1;1.3
12;2021-02-15;175;379;17137;3908;6.2;1.4
12;2021-02-16;171;513;17308;4421;6.2;1.6
12;2021-02-17;363;1437;17671;5858;6.3;2.1
12;2021-02-18;676;1662;18347;7520;6.6;2.7
12;2021-02-19;593;972;18940;8492;6.8;3.1
12;2021-02-20;103;397;19043;8889;6.8;3.2
12;2021-02-21;0;0;19043;8889;6.8;3.2
12;2021-02-22;149;404;19192;9293;6.9;3.3
12;2021-02-23;157;560;19349;9853;7.0;3.5
12;2021-02-24;157;689;19506;10542;7.0;3.8
12;2021-02-25;201;768;19707;11310;7.1;4.1
12;2021-02-26;320;652;20027;11962;7.2;4.3
12;2021-02-27;190;350;20217;12312;7.3;4.4
12;2021-02-28;13;0;20230;12312;7.3;4.4
12;2021-03-01;50;350;20280;12662;7.3;4.5
12;2021-03-02;190;505;20470;13167;7.4;4.7
12;2021-03-03;243;388;20713;13555;7.4;4.9
12;2021-03-04;277;361;20990;13916;7.5;5.0
12;2021-03-05;422;369;21412;14285;7.7;5.1
12;2021-03-06;793;126;22205;14411;8.0;5.2
12;2021-03-07;140;31;22345;14442;8.0;5.2
12;2021-03-08;234;210;22579;14652;8.1;5.3
12;2021-03-09;716;234;23295;14886;8.4;5.3
12;2021-03-10;782;739;24077;15625;8.6;5.6
12;2021-03-11;917;658;24994;16283;9.0;5.8
12;2021-03-12;1257;524;26251;16807;9.4;6.0
12;2021-03-13;896;136;27147;16943;9.8;6.1
12;2021-03-14;45;2;27192;16945;9.8;6.1
12;2021-03-15;558;155;27750;17100;10.0;6.1
12;2021-03-16;817;158;28567;17258;10.3;6.2
12;2021-03-17;1504;160;30071;17418;10.8;6.3
12;2021-03-18;995;251;31066;17669;11.2;6.3
12;2021-03-19;1382;275;32448;17944;11.7;6.4
12;2021-03-20;724;79;33172;18023;11.9;6.5
12;2021-03-21;263;10;33435;18033;12.0;6.5
12;2021-03-22;606;173;34041;18206;12.2;6.5
12;2021-03-23;1215;171;35256;18377;12.7;6.6
12;2021-03-24;1421;197;36677;18574;13.2;6.7
12;2021-03-25;1844;202;38521;18776;13.8;6.7
12;2021-03-26;1977;222;40498;18998;14.5;6.8
12;2021-03-27;979;65;41477;19063;14.9;6.8
12;2021-03-28;60;1;41537;19064;14.9;6.8
12;2021-03-29;962;81;42499;19145;15.3;6.9
12;2021-03-30;1736;117;44235;19262;15.9;6.9
12;2021-03-31;1459;102;45694;19364;16.4;7.0
12;2021-04-01;1958;155;47652;19519;17.1;7.0
12;2021-04-02;1614;339;49266;19858;17.7;7.1
12;2021-04-03;882;94;50148;19952;18.0;7.2
12;2021-04-04;1;0;50149;19952;18.0;7.2
12;2021-04-05;645;11;50794;19963;18.2;7.2
12;2021-04-06;1153;537;51947;20500;18.7;7.4
12;2021-04-07;1649;629;53596;21129;19.3;7.6
12;2021-04-08;2096;554;55692;21683;20.0;7.8
12;2021-04-09;2111;637;57803;22320;20.8;8.0
12;2021-04-10;1427;216;59230;22536;21.3;8.1
12;2021-04-11;120;1;59350;22537;21.3;8.1
12;2021-04-12;1837;501;61187;23038;22.0;8.3
12;2021-04-13;1905;774;63092;23812;22.7;8.6
12;2021-04-14;1831;1316;64923;25128;23.3;9.0
12;2021-04-15;1938;897;66861;26025;24.0;9.3
12;2021-04-16;1675;1201;68536;27226;24.6;9.8
12;2021-04-17;1554;565;70090;27791;25.2;10.0
12;2021-04-18;0;0;70090;27791;25.2;10.0
12;2021-04-19;1687;547;71777;28338;25.8;10.2
12;2021-04-20;1545;982;73322;29320;26.3;10.5
12;2021-04-21;1690;1178;75012;30498;26.9;11.0
12;2021-04-22;1689;1094;76701;31592;27.6;11.3
12;2021-04-23;1384;1330;78085;32922;28.1;11.8
12;2021-04-24;1451;718;79536;33640;28.6;12.1
12;2021-04-25;60;0;79596;33640;28.6;12.1
12;2021-04-26;1460;898;81056;34538;29.1;12.4
12;2021-04-27;1320;1279;82376;35817;29.6;12.9
12;2021-04-28;1113;1870;83489;37687;30.0;13.5
12;2021-04-29;1571;1912;85060;39599;30.6;14.2
12;2021-04-30;1812;1832;86872;41431;31.2;14.9
12;2021-05-01;1614;259;88486;41690;31.8;15.0
12;2021-05-02;3;0;88489;41690;31.8;15.0
12;2021-05-03;1712;1246;90201;42936;32.4;15.4
12;2021-05-04;1481;1392;91682;44328;32.9;15.9
12;2021-05-05;1290;1675;92972;46003;33.4;16.5
12;2021-05-06;1753;1377;94725;47380;34.0;17.0
12;2021-05-07;1481;1775;96206;49155;34.6;17.7
12;2021-05-08;1330;461;97536;49616;35.0;17.8
12;2021-05-09;13;34;97549;49650;35.0;17.8
12;2021-05-10;826;2217;98375;51867;35.3;18.6
12;2021-05-11;931;1852;99306;53719;35.7;19.3
12;2021-05-12;949;1821;100255;55540;36.0;20.0
12;2021-05-13;1587;811;101842;56351;36.6;20.2
12;2021-05-14;1236;1532;103078;57883;37.0;20.8
12;2021-05-15;1066;1113;104144;58996;37.4;21.2
12;2021-05-16;2;19;104146;59015;37.4;21.2
12;2021-05-17;1082;1811;105228;60826;37.8;21.9
12;2021-05-18;1427;1534;106655;62360;38.3;22.4
12;2021-05-19;1915;1327;108570;63687;39.0;22.9
12;2021-05-20;2114;873;110684;64560;39.8;23.2
12;2021-05-21;1822;1253;112506;65813;40.4;23.6
12;2021-05-22;1206;1013;113712;66826;40.9;24.0
12;2021-05-23;7;12;113719;66838;40.9;24.0
12;2021-05-24;1955;539;115674;67377;41.6;24.2
12;2021-05-25;1737;1161;117411;68538;42.2;24.6
12;2021-05-26;1998;778;119409;69316;42.9;24.9
12;2021-05-27;2164;743;121573;70059;43.7;25.2
12;2021-05-28;1928;1032;123501;71091;44.4;25.5
12;2021-05-29;1636;804;125137;71895;45.0;25.8
12;2021-05-30;9;43;125146;71938;45.0;25.8
12;2021-05-31;1699;814;126845;72752;45.6;26.1
12;2021-06-01;1889;1027;128734;73779;46.2;26.5
12;2021-06-02;1978;1050;130712;74829;47.0;26.9
12;2021-06-03;2120;830;132832;75659;47.7;27.2
12;2021-06-04;1966;1416;134798;77075;48.4;27.7
12;2021-06-05;1737;982;136535;78057;49.0;28.0
12;2021-06-06;5;6;136540;78063;49.1;28.0
12;2021-06-07;1091;1802;137631;79865;49.4;28.7
12;2021-06-08;1333;1200;138964;81065;49.9;29.1
12;2021-06-09;894;1289;139858;82354;50.2;29.6
12;2021-06-10;1022;918;140880;83272;50.6;29.9
12;2021-06-11;1201;2080;142081;85352;51.0;30.7
12;2021-06-12;1033;1319;143114;86671;51.4;31.1
12;2021-06-13;6;47;143120;86718;51.4;31.2
12;2021-06-14;661;1830;143781;88548;51.7;31.8
12;2021-06-15;745;1884;144526;90432;51.9;32.5
12;2021-06-16;821;1815;145347;92247;52.2;33.1
12;2021-06-17;678;995;146025;93242;52.5;33.5
12;2021-06-18;1133;1836;147158;95078;52.9;34.2
12;2021-06-19;915;1405;148073;96483;53.2;34.7
12;2021-06-20;3;10;148076;96493;53.2;34.7
12;2021-06-21;509;1738;148585;98231;53.4;35.3
12;2021-06-22;502;1474;149087;99705;53.6;35.8
12;2021-06-23;579;1307;149666;101012;53.8;36.3
12;2021-06-24;248;544;149914;101556;53.9;36.5
12;2021-06-25;871;1836;150785;103392;54.2;37.1
12;2021-06-26;672;1526;151457;104918;54.4;37.7
12;2021-06-27;1;9;151458;104927;54.4;37.7
12;2021-06-28;468;2452;151926;107379;54.6;38.6
12;2021-06-29;565;1956;152491;109335;54.8;39.3
12;2021-06-30;830;2132;153321;111467;55.1;40.0
12;2021-07-01;342;1086;153663;112553;55.2;40.4
12;2021-07-02;793;2625;154456;115178;55.5;41.4
12;2021-07-03;564;1872;155020;117050;55.7;42.0
12;2021-07-04;0;0;155020;117050;55.7;42.0
12;2021-07-05;439;2409;155459;119459;55.8;42.9
12;2021-07-06;638;2500;156097;121959;56.1;43.8
12;2021-07-07;684;2119;156781;124078;56.3;44.6
12;2021-07-08;291;913;157072;124991;56.4;44.9
12;2021-07-09;715;2591;157787;127582;56.7;45.8
12;2021-07-10;442;2076;158229;129658;56.8;46.6
12;2021-07-11;0;0;158229;129658;56.8;46.6
12;2021-07-12;579;2442;158808;132100;57.1;47.5
12;2021-07-13;834;2591;159642;134691;57.4;48.4
12;2021-07-14;43;25;159685;134716;57.4;48.4
12;2021-07-15;787;2109;160472;136825;57.6;49.2
12;2021-07-16;1236;2557;161708;139382;58.1;50.1
12;2021-07-17;783;2009;162491;141391;58.4;50.8
12;2021-07-18;22;11;162513;141402;58.4;50.8
12;2021-07-19;1306;2005;163819;143407;58.9;51.5
12;2021-07-20;1416;1473;165235;144880;59.4;52.0
12;2021-07-21;1008;937;166243;145817;59.7;52.4
12;2021-07-22;2214;1299;168457;147116;60.5;52.9
12;2021-07-23;1854;2064;170311;149180;61.2;53.6
12;2021-07-24;1597;1565;171908;150745;61.8;54.2
12;2021-07-25;96;29;172004;150774;61.8;54.2
12;2021-07-26;1910;1432;173914;152206;62.5;54.7
12;2021-07-27;2204;1007;176118;153213;63.3;55.0
12;2021-07-28;1699;666;177817;153879;63.9;55.3
12;2021-07-29;1172;791;178989;154670;64.3;55.6
12;2021-07-30;2482;1277;181471;155947;65.2;56.0
12;2021-07-31;1954;1002;183425;156949;65.9;56.4
12;2021-08-01;225;37;183650;156986;66.0;56.4
12;2021-08-02;1797;831;185447;157817;66.6;56.7
13;2020-12-27;3;0;3;0;0.0;0.0
13;2020-12-28;1;0;4;0;0.0;0.0
13;2020-12-29;0;0;4;0;0.0;0.0
13;2020-12-30;0;0;4;0;0.0;0.0
13;2020-12-31;4;0;8;0;0.0;0.0
13;2021-01-01;3;0;11;0;0.0;0.0
13;2021-01-02;3;0;14;0;0.0;0.0
13;2021-01-03;2;0;16;0;0.0;0.0
13;2021-01-04;0;0;16;0;0.0;0.0
13;2021-01-05;78;0;94;0;0.0;0.0
13;2021-01-06;118;0;212;0;0.0;0.0
13;2021-01-07;173;1;385;1;0.0;0.0
13;2021-01-08;187;0;572;1;0.0;0.0
13;2021-01-09;10;0;582;1;0.0;0.0
13;2021-01-10;2;0;584;1;0.0;0.0
13;2021-01-11;480;1;1064;2;0.1;0.0
13;2021-01-12;813;1;1877;3;0.1;0.0
13;2021-01-13;1083;1;2960;4;0.1;0.0
13;2021-01-14;1566;17;4526;21;0.2;0.0
13;2021-01-15;1534;6;6060;27;0.3;0.0
13;2021-01-16;407;2;6467;29;0.3;0.0
13;2021-01-17;41;0;6508;29;0.3;0.0
13;2021-01-18;2372;9;8880;38;0.4;0.0
13;2021-01-19;7401;27;16281;65;0.8;0.0
13;2021-01-20;5552;16;21833;81;1.1;0.0
13;2021-01-21;5348;26;27181;107;1.3;0.0
13;2021-01-22;3990;17;31171;124;1.5;0.0
13;2021-01-23;1335;6;32506;130;1.6;0.0
13;2021-01-24;489;3;32995;133;1.6;0.0
13;2021-01-25;2334;24;35329;157;1.7;0.0
13;2021-01-26;2947;89;38276;246;1.9;0.0
13;2021-01-27;3111;121;41387;367;2.0;0.0
13;2021-01-28;3237;191;44624;558;2.2;0.0
13;2021-01-29;2506;124;47130;682;2.3;0.0
13;2021-01-30;1021;10;48151;692;2.4;0.0
13;2021-01-31;246;0;48397;692;2.4;0.0
13;2021-02-01;1853;295;50250;987;2.5;0.0
13;2021-02-02;2253;616;52503;1603;2.6;0.1
13;2021-02-03;1860;580;54363;2183;2.7;0.1
13;2021-02-04;1899;931;56262;3114;2.8;0.2
13;2021-02-05;2624;1560;58886;4674;2.9;0.2
13;2021-02-06;847;314;59733;4988;2.9;0.2
13;2021-02-07;274;6;60007;4994;2.9;0.2
13;2021-02-08;1895;1548;61902;6542;3.0;0.3
13;2021-02-09;3307;4450;65209;10992;3.2;0.5
13;2021-02-10;3217;3431;68426;14423;3.4;0.7
13;2021-02-11;3572;3584;71998;18007;3.5;0.9
13;2021-02-12;2827;3155;74825;21162;3.7;1.0
13;2021-02-13;733;597;75558;21759;3.7;1.1
13;2021-02-14;71;378;75629;22137;3.7;1.1
13;2021-02-15;965;2035;76594;24172;3.8;1.2
13;2021-02-16;1391;2646;77985;26818;3.8;1.3
13;2021-02-17;1344;3012;79329;29830;3.9;1.5
13;2021-02-18;1897;2691;81226;32521;4.0;1.6
13;2021-02-19;1514;2191;82740;34712;4.1;1.7
13;2021-02-20;456;789;83196;35501;4.1;1.7
13;2021-02-21;32;286;83228;35787;4.1;1.8
13;2021-02-22;1022;2270;84250;38057;4.1;1.9
13;2021-02-23;1277;2680;85527;40737;4.2;2.0
13;2021-02-24;1504;2627;87031;43364;4.3;2.1
13;2021-02-25;2380;2158;89411;45522;4.4;2.2
13;2021-02-26;2455;2114;91866;47636;4.5;2.3
13;2021-02-27;980;749;92846;48385;4.6;2.4
13;2021-02-28;192;204;93038;48589;4.6;2.4
13;2021-03-01;1914;1533;94952;50122;4.7;2.5
13;2021-03-02;3001;2619;97953;52741;4.8;2.6
13;2021-03-03;3479;2622;101432;55363;5.0;2.7
13;2021-03-04;4191;3161;105623;58524;5.2;2.9
13;2021-03-05;4041;2792;109664;61316;5.4;3.0
13;2021-03-06;5293;826;114957;62142;5.7;3.1
13;2021-03-07;4289;360;119246;62502;5.9;3.1
13;2021-03-08;3923;1991;123169;64493;6.1;3.2
13;2021-03-09;5070;2261;128239;66754;6.3;3.3
13;2021-03-10;5171;1967;133410;68721;6.6;3.4
13;2021-03-11;7300;2115;140710;70836;6.9;3.5
13;2021-03-12;8315;2074;149025;72910;7.3;3.6
13;2021-03-13;6373;701;155398;73611;7.6;3.6
13;2021-03-14;2309;152;157707;73763;7.8;3.6
13;2021-03-15;6347;1282;164054;75045;8.1;3.7
13;2021-03-16;5070;1511;169124;76556;8.3;3.8
13;2021-03-17;5172;1383;174296;77939;8.6;3.8
13;2021-03-18;5815;1859;180111;79798;8.9;3.9
13;2021-03-19;6803;1602;186914;81400;9.2;4.0
13;2021-03-20;4035;689;190949;82089;9.4;4.0
13;2021-03-21;721;81;191670;82170;9.4;4.0
13;2021-03-22;7291;1546;198961;83716;9.8;4.1
13;2021-03-23;9119;1728;208080;85444;10.2;4.2
13;2021-03-24;8851;2176;216931;87620;10.7;4.3
13;2021-03-25;10902;2077;227833;89697;11.2;4.4
13;2021-03-26;10704;1876;238537;91573;11.7;4.5
13;2021-03-27;4864;824;243401;92397;12.0;4.5
13;2021-03-28;1115;80;244516;92477;12.0;4.5
13;2021-03-29;7572;1977;252088;94454;12.4;4.6
13;2021-03-30;12593;2472;264681;96926;13.0;4.8
13;2021-03-31;10804;3120;275485;100046;13.5;4.9
13;2021-04-01;12247;3036;287732;103082;14.1;5.1
13;2021-04-02;9789;3870;297521;106952;14.6;5.3
13;2021-04-03;4001;2803;301522;109755;14.8;5.4
13;2021-04-04;628;304;302150;110059;14.9;5.4
13;2021-04-05;3526;717;305676;110776;15.0;5.4
13;2021-04-06;8509;4233;314185;115009;15.4;5.7
13;2021-04-07;10073;4665;324258;119674;15.9;5.9
13;2021-04-08;10102;5442;334360;125116;16.4;6.1
13;2021-04-09;11250;5087;345610;130203;17.0;6.4
13;2021-04-10;7297;2077;352907;132280;17.3;6.5
13;2021-04-11;1378;532;354285;132812;17.4;6.5
13;2021-04-12;7973;4770;362258;137582;17.8;6.8
13;2021-04-13;9136;5460;371394;143042;18.3;7.0
13;2021-04-14;9527;5791;380921;148833;18.7;7.3
13;2021-04-15;9869;5937;390790;154770;19.2;7.6
13;2021-04-16;9965;5543;400755;160313;19.7;7.9
13;2021-04-17;4079;2011;404834;162324;19.9;8.0
13;2021-04-18;2523;1420;407357;163744;20.0;8.0
13;2021-04-19;6445;6399;413802;170143;20.3;8.4
13;2021-04-20;7397;7591;421199;177734;20.7;8.7
13;2021-04-21;7773;7361;428972;185095;21.1;9.1
13;2021-04-22;8460;7908;437432;193003;21.5;9.5
13;2021-04-23;8361;6759;445793;199762;21.9;9.8
13;2021-04-24;4619;3817;450412;203579;22.1;10.0
13;2021-04-25;873;524;451285;204103;22.2;10.0
13;2021-04-26;6167;7109;457452;211212;22.5;10.4
13;2021-04-27;7257;8016;464709;219228;22.8;10.8
13;2021-04-28;9448;7706;474157;226934;23.3;11.2
13;2021-04-29;11402;7535;485559;234469;23.9;11.5
13;2021-04-30;10919;7301;496478;241770;24.4;11.9
13;2021-05-01;5367;3784;501845;245554;24.7;12.1
13;2021-05-02;2098;747;503943;246301;24.8;12.1
13;2021-05-03;7302;7855;511245;254156;25.1;12.5
13;2021-05-04;8440;8514;519685;262670;25.5;12.9
13;2021-05-05;8225;8956;527910;271626;25.9;13.4
13;2021-05-06;10135;8581;538045;280207;26.4;13.8
13;2021-05-07;8844;10017;546889;290224;26.9;14.3
13;2021-05-08;4564;3927;551453;294151;27.1;14.5
13;2021-05-09;936;684;552389;294835;27.2;14.5
13;2021-05-10;7712;8758;560101;303593;27.5;14.9
13;2021-05-11;10975;9559;571076;313152;28.1;15.4
13;2021-05-12;12839;8713;583915;321865;28.7;15.8
13;2021-05-13;9506;3627;593421;325492;29.2;16.0
13;2021-05-14;13660;6444;607081;331936;29.8;16.3
13;2021-05-15;10201;4524;617282;336460;30.3;16.5
13;2021-05-16;3123;788;620405;337248;30.5;16.6
13;2021-05-17;10844;6809;631249;344057;31.0;16.9
13;2021-05-18;11907;6459;643156;350516;31.6;17.2
13;2021-05-19;12156;6332;655312;356848;32.2;17.5
13;2021-05-20;13443;6446;668755;363294;32.9;17.9
13;2021-05-21;12992;6768;681747;370062;33.5;18.2
13;2021-05-22;7514;3631;689261;373693;33.9;18.4
13;2021-05-23;863;639;690124;374332;33.9;18.4
13;2021-05-24;6763;2472;696887;376804;34.3;18.5
13;2021-05-25;9269;7591;706156;384395;34.7;18.9
13;2021-05-26;10134;7837;716290;392232;35.2;19.3
13;2021-05-27;10347;8415;726637;400647;35.7;19.7
13;2021-05-28;8990;9167;735627;409814;36.2;20.1
13;2021-05-29;7172;4626;742799;414440;36.5;20.4
13;2021-05-30;890;527;743689;414967;36.6;20.4
13;2021-05-31;8185;8027;751874;422994;37.0;20.8
13;2021-06-01;9578;9295;761452;432289;37.4;21.2
13;2021-06-02;10074;8786;771526;441075;37.9;21.7
13;2021-06-03;12278;9475;783804;450550;38.5;22.1
13;2021-06-04;12032;10036;795836;460586;39.1;22.6
13;2021-06-05;7820;5579;803656;466165;39.5;22.9
13;2021-06-06;1668;882;805324;467047;39.6;23.0
13;2021-06-07;6681;9879;812005;476926;39.9;23.4
13;2021-06-08;8311;9980;820316;486906;40.3;23.9
13;2021-06-09;8386;9726;828702;496632;40.7;24.4
13;2021-06-10;8932;9752;837634;506384;41.2;24.9
13;2021-06-11;8229;12691;845863;519075;41.6;25.5
13;2021-06-12;5784;6705;851647;525780;41.9;25.8
13;2021-06-13;950;1214;852597;526994;41.9;25.9
13;2021-06-14;5994;11135;858591;538129;42.2;26.5
13;2021-06-15;7276;11394;865867;549523;42.6;27.0
13;2021-06-16;7334;9868;873201;559391;42.9;27.5
13;2021-06-17;7418;10694;880619;570085;43.3;28.0
13;2021-06-18;7495;11067;888114;581152;43.7;28.6
13;2021-06-19;4607;7481;892721;588633;43.9;28.9
13;2021-06-20;955;1044;893676;589677;43.9;29.0
13;2021-06-21;4457;12252;898133;601929;44.1;29.6
13;2021-06-22;4926;13863;903059;615792;44.4;30.3
13;2021-06-23;5119;13560;908178;629352;44.6;30.9
13;2021-06-24;5307;12831;913485;642183;44.9;31.6
13;2021-06-25;5182;14669;918667;656852;45.2;32.3
13;2021-06-26;3012;9663;921679;666515;45.3;32.8
13;2021-06-27;534;930;922213;667445;45.3;32.8
13;2021-06-28;3710;12549;925923;679994;45.5;33.4
13;2021-06-29;4411;12890;930334;692884;45.7;34.1
13;2021-06-30;4809;12678;935143;705562;46.0;34.7
13;2021-07-01;5395;11466;940538;717028;46.2;35.2
13;2021-07-02;5468;12390;946006;729418;46.5;35.9
13;2021-07-03;3478;9154;949484;738572;46.7;36.3
13;2021-07-04;472;869;949956;739441;46.7;36.3
13;2021-07-05;3688;11775;953644;751216;46.9;36.9
13;2021-07-06;5404;11676;959048;762892;47.1;37.5
13;2021-07-07;5566;10680;964614;773572;47.4;38.0
13;2021-07-08;6171;10306;970785;783878;47.7;38.5
13;2021-07-09;5868;11901;976653;795779;48.0;39.1
13;2021-07-10;3142;8639;979795;804418;48.2;39.5
13;2021-07-11;428;1013;980223;805431;48.2;39.6
13;2021-07-12;4426;10954;984649;816385;48.4;40.1
13;2021-07-13;8868;13105;993517;829490;48.8;40.8
13;2021-07-14;5564;4823;999081;834313;49.1;41.0
13;2021-07-15;11306;12858;1010387;847171;49.7;41.6
13;2021-07-16;12062;12839;1022449;860010;50.3;42.3
13;2021-07-17;6538;8434;1028987;868444;50.6;42.7
13;2021-07-18;716;1057;1029703;869501;50.6;42.7
13;2021-07-19;9716;11108;1039419;880609;51.1;43.3
13;2021-07-20;12166;11596;1051585;892205;51.7;43.9
13;2021-07-21;12564;10231;1064149;902436;52.3;44.4
13;2021-07-22;14451;10329;1078600;912765;53.0;44.9
13;2021-07-23;14317;10818;1092917;923583;53.7;45.4
13;2021-07-24;8277;7908;1101194;931491;54.1;45.8
13;2021-07-25;1007;777;1102201;932268;54.2;45.8
13;2021-07-26;11541;8989;1113742;941257;54.7;46.3
13;2021-07-27;13413;9252;1127155;950509;55.4;46.7
13;2021-07-28;12204;8059;1139359;958568;56.0;47.1
13;2021-07-29;13679;7996;1153038;966564;56.7;47.5
13;2021-07-30;13261;8448;1166299;975012;57.3;47.9
13;2021-07-31;8572;5720;1174871;980732;57.7;48.2
13;2021-08-01;1097;703;1175968;981435;57.8;48.2
13;2021-08-02;9742;6517;1185710;987952;58.3;48.6
14;2020-12-27;0;0;0;0;0.0;0.0
14;2020-12-28;1;1;1;1;0.0;0.0
14;2020-12-29;0;0;1;1;0.0;0.0
14;2020-12-30;0;0;1;1;0.0;0.0
14;2020-12-31;3;0;4;1;0.0;0.0
14;2021-01-01;1;0;5;1;0.0;0.0
14;2021-01-02;1;0;6;1;0.0;0.0
14;2021-01-03;0;0;6;1;0.0;0.0
14;2021-01-04;4;0;10;1;0.0;0.0
14;2021-01-05;13;0;23;1;0.0;0.0
14;2021-01-06;348;0;371;1;0.1;0.0
14;2021-01-07;396;2;767;3;0.1;0.0
14;2021-01-08;613;2;1380;5;0.2;0.0
14;2021-01-09;125;0;1505;5;0.2;0.0
14;2021-01-10;41;0;1546;5;0.2;0.0
14;2021-01-11;663;1;2209;6;0.3;0.0
14;2021-01-12;934;0;3143;6;0.5;0.0
14;2021-01-13;846;1;3989;7;0.6;0.0
14;2021-01-14;2799;17;6788;24;1.0;0.0
14;2021-01-15;1876;21;8664;45;1.3;0.0
14;2021-01-16;271;2;8935;47;1.3;0.0
14;2021-01-17;145;4;9080;51;1.3;0.0
14;2021-01-18;1084;3;10164;54;1.5;0.0
14;2021-01-19;1149;2;11313;56;1.6;0.0
14;2021-01-20;1987;4;13300;60;1.9;0.0
14;2021-01-21;1811;5;15111;65;2.2;0.0
14;2021-01-22;1487;2;16598;67;2.4;0.0
14;2021-01-23;297;1;16895;68;2.4;0.0
14;2021-01-24;71;0;16966;68;2.5;0.0
14;2021-01-25;910;10;17876;78;2.6;0.0
14;2021-01-26;846;37;18722;115;2.7;0.0
14;2021-01-27;882;158;19604;273;2.8;0.0
14;2021-01-28;781;143;20385;416;2.9;0.1
14;2021-01-29;781;229;21166;645;3.1;0.1
14;2021-01-30;269;12;21435;657;3.1;0.1
14;2021-01-31;58;3;21493;660;3.1;0.1
14;2021-02-01;726;230;22219;890;3.2;0.1
14;2021-02-02;824;424;23043;1314;3.3;0.2
14;2021-02-03;746;388;23789;1702;3.4;0.2
14;2021-02-04;1168;2060;24957;3762;3.6;0.5
14;2021-02-05;1293;1316;26250;5078;3.8;0.7
14;2021-02-06;393;240;26643;5318;3.9;0.8
14;2021-02-07;178;73;26821;5391;3.9;0.8
14;2021-02-08;773;825;27594;6216;4.0;0.9
14;2021-02-09;719;1009;28313;7225;4.1;1.0
14;2021-02-10;824;1611;29137;8836;4.2;1.3
14;2021-02-11;1350;1434;30487;10270;4.4;1.5
14;2021-02-12;1379;1082;31866;11352;4.6;1.6
14;2021-02-13;308;185;32174;11537;4.7;1.7
14;2021-02-14;84;67;32258;11604;4.7;1.7
14;2021-02-15;442;1087;32700;12691;4.7;1.8
14;2021-02-16;675;983;33375;13674;4.8;2.0
14;2021-02-17;405;984;33780;14658;4.9;2.1
14;2021-02-18;705;884;34485;15542;5.0;2.2
14;2021-02-19;733;781;35218;16323;5.1;2.4
14;2021-02-20;88;271;35306;16594;5.1;2.4
14;2021-02-21;6;90;35312;16684;5.1;2.4
14;2021-02-22;432;1049;35744;17733;5.2;2.6
14;2021-02-23;486;920;36230;18653;5.2;2.7
14;2021-02-24;439;897;36669;19550;5.3;2.8
14;2021-02-25;1221;1177;37890;20727;5.5;3.0
14;2021-02-26;1576;1166;39466;21893;5.7;3.2
14;2021-02-27;506;270;39972;22163;5.8;3.2
14;2021-02-28;27;42;39999;22205;5.8;3.2
14;2021-03-01;520;929;40519;23134;5.9;3.3
14;2021-03-02;967;811;41486;23945;6.0;3.5
14;2021-03-03;1078;833;42564;24778;6.2;3.6
14;2021-03-04;1947;786;44511;25564;6.4;3.7
14;2021-03-05;2429;869;46940;26433;6.8;3.8
14;2021-03-06;3074;199;50014;26632;7.2;3.9
14;2021-03-07;1195;60;51209;26692;7.4;3.9
14;2021-03-08;1249;811;52458;27503;7.6;4.0
14;2021-03-09;1741;694;54199;28197;7.8;4.1
14;2021-03-10;1834;586;56033;28783;8.1;4.2
14;2021-03-11;2749;469;58782;29252;8.5;4.2
14;2021-03-12;4043;555;62825;29807;9.1;4.3
14;2021-03-13;1849;173;64674;29980;9.4;4.3
14;2021-03-14;30;39;64704;30019;9.4;4.3
14;2021-03-15;2005;136;66709;30155;9.6;4.4
14;2021-03-16;1399;277;68108;30432;9.8;4.4
14;2021-03-17;1155;194;69263;30626;10.0;4.4
14;2021-03-18;1479;304;70742;30930;10.2;4.5
14;2021-03-19;2602;264;73344;31194;10.6;4.5
14;2021-03-20;2655;34;75999;31228;11.0;4.5
14;2021-03-21;453;8;76452;31236;11.1;4.5
14;2021-03-22;1870;356;78322;31592;11.3;4.6
14;2021-03-23;2175;320;80497;31912;11.6;4.6
14;2021-03-24;2431;193;82928;32105;12.0;4.6
14;2021-03-25;3290;316;86218;32421;12.5;4.7
14;2021-03-26;4606;463;90824;32884;13.1;4.8
14;2021-03-27;2231;226;93055;33110;13.5;4.8
14;2021-03-28;36;1;93091;33111;13.5;4.8
14;2021-03-29;1608;480;94699;33591;13.7;4.9
14;2021-03-30;2718;514;97417;34105;14.1;4.9
14;2021-03-31;2322;911;99739;35016;14.4;5.1
14;2021-04-01;4173;1665;103912;36681;15.0;5.3
14;2021-04-02;3864;1262;107776;37943;15.6;5.5
14;2021-04-03;1129;1202;108905;39145;15.8;5.7
14;2021-04-04;25;482;108930;39627;15.8;5.7
14;2021-04-05;1217;321;110147;39948;15.9;5.8
14;2021-04-06;2384;992;112531;40940;16.3;5.9
14;2021-04-07;2725;1030;115256;41970;16.7;6.1
14;2021-04-08;4299;1107;119555;43077;17.3;6.2
14;2021-04-09;6028;1164;125583;44241;18.2;6.4
14;2021-04-10;2894;429;128477;44670;18.6;6.5
14;2021-04-11;628;120;129105;44790;18.7;6.5
14;2021-04-12;2912;1580;132017;46370;19.1;6.7
14;2021-04-13;3469;1440;135486;47810;19.6;6.9
14;2021-04-14;3111;1164;138597;48974;20.0;7.1
14;2021-04-15;4396;1510;142993;50484;20.7;7.3
14;2021-04-16;4601;1553;147594;52037;21.3;7.5
14;2021-04-17;2313;1662;149907;53699;21.7;7.8
14;2021-04-18;539;325;150446;54024;21.8;7.8
14;2021-04-19;2757;1706;153203;55730;22.2;8.1
14;2021-04-20;3389;1828;156592;57558;22.6;8.3
14;2021-04-21;3007;1465;159599;59023;23.1;8.5
14;2021-04-22;4223;2078;163822;61101;23.7;8.8
14;2021-04-23;4641;2283;168463;63384;24.4;9.2
14;2021-04-24;1850;1751;170313;65135;24.6;9.4
14;2021-04-25;456;27;170769;65162;24.7;9.4
14;2021-04-26;3372;1567;174141;66729;25.2;9.7
14;2021-04-27;3500;2570;177641;69299;25.7;10.0
14;2021-04-28;3239;1895;180880;71194;26.2;10.3
14;2021-04-29;4544;2308;185424;73502;26.8;10.6
14;2021-04-30;5119;2637;190543;76139;27.6;11.0
14;2021-05-01;3554;192;194097;76331;28.1;11.0
14;2021-05-02;1237;54;195334;76385;28.2;11.0
14;2021-05-03;2483;2765;197817;79150;28.6;11.4
14;2021-05-04;3128;2905;200945;82055;29.1;11.9
14;2021-05-05;3685;2754;204630;84809;29.6;12.3
14;2021-05-06;4931;3478;209561;88287;30.3;12.8
14;2021-05-07;4866;3853;214427;92140;31.0;13.3
14;2021-05-08;2728;1261;217155;93401;31.4;13.5
14;2021-05-09;1916;667;219071;94068;31.7;13.6
14;2021-05-10;3632;3149;222703;97217;32.2;14.1
14;2021-05-11;4345;3602;227048;100819;32.8;14.6
14;2021-05-12;4048;3217;231096;104036;33.4;15.0
14;2021-05-13;4691;1131;235787;105167;34.1;15.2
14;2021-05-14;6671;2627;242458;107794;35.1;15.6
14;2021-05-15;5142;772;247600;108566;35.8;15.7
14;2021-05-16;2318;121;249918;108687;36.1;15.7
14;2021-05-17;2822;2265;252740;110952;36.6;16.0
14;2021-05-18;4086;2239;256826;113191;37.1;16.4
14;2021-05-19;3747;2017;260573;115208;37.7;16.7
14;2021-05-20;4477;2761;265050;117969;38.3;17.1
14;2021-05-21;4270;3526;269320;121495;38.9;17.6
14;2021-05-22;1669;866;270989;122361;39.2;17.7
14;2021-05-23;648;71;271637;122432;39.3;17.7
14;2021-05-24;2843;748;274480;123180;39.7;17.8
14;2021-05-25;3630;3390;278110;126570;40.2;18.3
14;2021-05-26;3432;2408;281542;128978;40.7;18.7
14;2021-05-27;4770;3236;286312;132214;41.4;19.1
14;2021-05-28;5087;3893;291399;136107;42.1;19.7
14;2021-05-29;2341;2457;293740;138564;42.5;20.0
14;2021-05-30;759;239;294499;138803;42.6;20.1
14;2021-05-31;4092;2966;298591;141769;43.2;20.5
14;2021-06-01;5741;3216;304332;144985;44.0;21.0
14;2021-06-02;5030;2850;309362;147835;44.7;21.4
14;2021-06-03;6658;4012;316020;151847;45.7;22.0
14;2021-06-04;6445;5135;322465;156982;46.6;22.7
14;2021-06-05;4354;1865;326819;158847;47.3;23.0
14;2021-06-06;2041;83;328860;158930;47.6;23.0
14;2021-06-07;4247;3450;333107;162380;48.2;23.5
14;2021-06-08;5235;3127;338342;165507;48.9;23.9
14;2021-06-09;4272;2965;342614;168472;49.5;24.4
14;2021-06-10;5078;2968;347692;171440;50.3;24.8
14;2021-06-11;4837;4888;352529;176328;51.0;25.5
14;2021-06-12;3681;4509;356210;180837;51.5;26.2
14;2021-06-13;848;1090;357058;181927;51.6;26.3
14;2021-06-14;2186;3792;359244;185719;52.0;26.9
14;2021-06-15;3310;3968;362554;189687;52.4;27.4
14;2021-06-16;3446;4553;366000;194240;52.9;28.1
14;2021-06-17;4231;5263;370231;199503;53.5;28.9
14;2021-06-18;3730;6118;373961;205621;54.1;29.7
14;2021-06-19;2587;2949;376548;208570;54.5;30.2
14;2021-06-20;577;1556;377125;210126;54.5;30.4
14;2021-06-21;2120;4360;379245;214486;54.8;31.0
14;2021-06-22;2576;5176;381821;219662;55.2;31.8
14;2021-06-23;2499;4343;384320;224005;55.6;32.4
14;2021-06-24;3439;5801;387759;229806;56.1;33.2
14;2021-06-25;2741;7275;390500;237081;56.5;34.3
14;2021-06-26;2171;4539;392671;241620;56.8;34.9
14;2021-06-27;440;1829;393111;243449;56.9;35.2
14;2021-06-28;1304;3969;394415;247418;57.0;35.8
14;2021-06-29;1782;5362;396197;252780;57.3;36.6
14;2021-06-30;1972;4616;398169;257396;57.6;37.2
14;2021-07-01;2920;5067;401089;262463;58.0;38.0
14;2021-07-02;2578;6665;403667;269128;58.4;38.9
14;2021-07-03;1421;2650;405088;271778;58.6;39.3
14;2021-07-04;418;714;405506;272492;58.6;39.4
14;2021-07-05;1182;4784;406688;277276;58.8;40.1
14;2021-07-06;2069;6003;408757;283279;59.1;41.0
14;2021-07-07;2245;4585;411002;287864;59.4;41.6
14;2021-07-08;2897;5526;413899;293390;59.9;42.4
14;2021-07-09;2750;6448;416649;299838;60.3;43.4
14;2021-07-10;2030;3203;418679;303041;60.6;43.8
14;2021-07-11;895;873;419574;303914;60.7;44.0
14;2021-07-12;1621;5910;421195;309824;60.9;44.8
14;2021-07-13;3049;7341;424244;317165;61.4;45.9
14;2021-07-14;2230;3051;426474;320216;61.7;46.3
14;2021-07-15;4138;7660;430612;327876;62.3;47.4
14;2021-07-16;4676;7700;435288;335576;63.0;48.5
14;2021-07-17;2096;4206;437384;339782;63.3;49.1
14;2021-07-18;806;1868;438190;341650;63.4;49.4
14;2021-07-19;2565;6120;440755;347770;63.7;50.3
14;2021-07-20;3231;7261;443986;355031;64.2;51.3
14;2021-07-21;4078;5831;448064;360862;64.8;52.2
14;2021-07-22;4742;6589;452806;367451;65.5;53.1
14;2021-07-23;5352;6756;458158;374207;66.3;54.1
14;2021-07-24;3068;3781;461226;377988;66.7;54.7
14;2021-07-25;1498;1244;462724;379232;66.9;54.8
14;2021-07-26;4657;4177;467381;383409;67.6;55.4
14;2021-07-27;5352;4343;472733;387752;68.4;56.1
14;2021-07-28;5074;3960;477807;391712;69.1;56.7
14;2021-07-29;6389;4871;484196;396583;70.0;57.4
14;2021-07-30;5787;5149;489983;401732;70.9;58.1
14;2021-07-31;2756;2496;492739;404228;71.3;58.5
14;2021-08-01;1890;924;494629;405152;71.5;58.6
14;2021-08-02;3865;4279;498494;409431;72.1;59.2
15;2020-12-27;2;0;2;0;0.0;0.0
15;2020-12-28;0;0;2;0;0.0;0.0
15;2020-12-29;0;0;2;0;0.0;0.0
15;2020-12-30;0;0;2;0;0.0;0.0
15;2020-12-31;0;0;2;0;0.0;0.0
15;2021-01-01;1;0;3;0;0.0;0.0
15;2021-01-02;0;0;3;0;0.0;0.0
15;2021-01-03;0;0;3;0;0.0;0.0
15;2021-01-04;0;0;3;0;0.0;0.0
15;2021-01-05;0;0;3;0;0.0;0.0
15;2021-01-06;0;0;3;0;0.0;0.0
15;2021-01-07;71;0;74;0;0.1;0.0
15;2021-01-08;108;0;182;0;0.1;0.0
15;2021-01-09;0;0;182;0;0.1;0.0
15;2021-01-10;1;0;183;0;0.1;0.0
15;2021-01-11;99;0;282;0;0.2;0.0
15;2021-01-12;92;0;374;0;0.3;0.0
15;2021-01-13;230;0;604;0;0.4;0.0
15;2021-01-14;307;1;911;1;0.6;0.0
15;2021-01-15;138;0;1049;1;0.7;0.0
15;2021-01-16;90;0;1139;1;0.8;0.0
15;2021-01-17;0;0;1139;1;0.8;0.0
15;2021-01-18;404;2;1543;3;1.1;0.0
15;2021-01-19;550;0;2093;3;1.5;0.0
15;2021-01-20;628;1;2721;4;1.9;0.0
15;2021-01-21;575;3;3296;7;2.3;0.0
15;2021-01-22;503;2;3799;9;2.7;0.0
15;2021-01-23;432;1;4231;10;3.0;0.0
15;2021-01-24;6;0;4237;10;3.0;0.0
15;2021-01-25;399;0;4636;10;3.2;0.0
15;2021-01-26;437;0;5073;10;3.6;0.0
15;2021-01-27;727;0;5800;10;4.1;0.0
15;2021-01-28;625;51;6425;61;4.5;0.0
15;2021-01-29;333;82;6758;143;4.7;0.1
15;2021-01-30;218;3;6976;146;4.9;0.1
15;2021-01-31;0;0;6976;146;4.9;0.1
15;2021-02-01;237;89;7213;235;5.1;0.2
15;2021-02-02;189;90;7402;325;5.2;0.2
15;2021-02-03;266;158;7668;483;5.4;0.3
15;2021-02-04;663;205;8331;688;5.8;0.5
15;2021-02-05;297;256;8628;944;6.0;0.7
15;2021-02-06;98;76;8726;1020;6.1;0.7
15;2021-02-07;0;0;8726;1020;6.1;0.7
15;2021-02-08;233;107;8959;1127;6.3;0.8
15;2021-02-09;205;118;9164;1245;6.4;0.9
15;2021-02-10;338;299;9502;1544;6.7;1.1
15;2021-02-11;115;240;9617;1784;6.7;1.2
15;2021-02-12;136;160;9753;1944;6.8;1.4
15;2021-02-13;92;78;9845;2022;6.9;1.4
15;2021-02-14;0;0;9845;2022;6.9;1.4
15;2021-02-15;63;215;9908;2237;6.9;1.6
15;2021-02-16;52;295;9960;2532;7.0;1.8
15;2021-02-17;142;471;10102;3003;7.1;2.1
15;2021-02-18;87;747;10189;3750;7.1;2.6
15;2021-02-19;90;432;10279;4182;7.2;2.9
15;2021-02-20;20;259;10299;4441;7.2;3.1
15;2021-02-21;0;0;10299;4441;7.2;3.1
15;2021-02-22;23;497;10322;4938;7.2;3.5
15;2021-02-23;180;457;10502;5395;7.4;3.8
15;2021-02-24;31;456;10533;5851;7.4;4.1
15;2021-02-25;228;1002;10761;6853;7.5;4.8
15;2021-02-26;186;476;10947;7329;7.7;5.1
15;2021-02-27;146;88;11093;7417;7.8;5.2
15;2021-02-28;1;0;11094;7417;7.8;5.2
15;2021-03-01;121;222;11215;7639;7.9;5.3
15;2021-03-02;250;307;11465;7946;8.0;5.6
15;2021-03-03;207;29;11672;7975;8.2;5.6
15;2021-03-04;246;248;11918;8223;8.3;5.8
15;2021-03-05;348;170;12266;8393;8.6;5.9
15;2021-03-06;680;11;12946;8404;9.1;5.9
15;2021-03-07;80;0;13026;8404;9.1;5.9
15;2021-03-08;93;106;13119;8510;9.2;6.0
15;2021-03-09;280;285;13399;8795;9.4;6.2
15;2021-03-10;416;161;13815;8956;9.7;6.3
15;2021-03-11;434;296;14249;9252;10.0;6.5
15;2021-03-12;524;93;14773;9345;10.3;6.5
15;2021-03-13;355;8;15128;9353;10.6;6.5
15;2021-03-14;18;0;15146;9353;10.6;6.5
15;2021-03-15;542;62;15688;9415;11.0;6.6
15;2021-03-16;328;20;16016;9435;11.2;6.6
15;2021-03-17;130;53;16146;9488;11.3;6.6
15;2021-03-18;250;95;16396;9583;11.5;6.7
15;2021-03-19;668;30;17064;9613;11.9;6.7
15;2021-03-20;148;36;17212;9649;12.1;6.8
15;2021-03-21;6;0;17218;9649;12.1;6.8
15;2021-03-22;573;76;17791;9725;12.5;6.8
15;2021-03-23;775;95;18566;9820;13.0;6.9
15;2021-03-24;936;33;19502;9853;13.7;6.9
15;2021-03-25;1282;26;20784;9879;14.6;6.9
15;2021-03-26;1009;54;21793;9933;15.3;7.0
15;2021-03-27;301;6;22094;9939;15.5;7.0
15;2021-03-28;20;0;22114;9939;15.5;7.0
15;2021-03-29;781;15;22895;9954;16.0;7.0
15;2021-03-30;1133;198;24028;10152;16.8;7.1
15;2021-03-31;937;21;24965;10173;17.5;7.1
15;2021-04-01;1233;54;26198;10227;18.3;7.2
15;2021-04-02;1141;57;27339;10284;19.1;7.2
15;2021-04-03;120;18;27459;10302;19.2;7.2
15;2021-04-04;0;0;27459;10302;19.2;7.2
15;2021-04-05;33;1;27492;10303;19.3;7.2
15;2021-04-06;834;82;28326;10385;19.8;7.3
15;2021-04-07;663;101;28989;10486;20.3;7.3
15;2021-04-08;1247;136;30236;10622;21.2;7.4
15;2021-04-09;1277;97;31513;10719;22.1;7.5
15;2021-04-10;364;19;31877;10738;22.3;7.5
15;2021-04-11;14;0;31891;10738;22.3;7.5
15;2021-04-12;644;458;32535;11196;22.8;7.8
15;2021-04-13;1124;322;33659;11518;23.6;8.1
15;2021-04-14;1038;197;34697;11715;24.3;8.2
15;2021-04-15;1183;305;35880;12020;25.1;8.4
15;2021-04-16;1038;555;36918;12575;25.9;8.8
15;2021-04-17;443;12;37361;12587;26.2;8.8
15;2021-04-18;0;10;37361;12597;26.2;8.8
15;2021-04-19;540;513;37901;13110;26.5;9.2
15;2021-04-20;847;614;38748;13724;27.1;9.6
15;2021-04-21;598;649;39346;14373;27.6;10.1
15;2021-04-22;728;774;40074;15147;28.1;10.6
15;2021-04-23;730;679;40804;15826;28.6;11.1
15;2021-04-24;363;123;41167;15949;28.8;11.2
15;2021-04-25;1;3;41168;15952;28.8;11.2
15;2021-04-26;324;632;41492;16584;29.1;11.6
15;2021-04-27;469;934;41961;17518;29.4;12.3
15;2021-04-28;378;788;42339;18306;29.6;12.8
15;2021-04-29;586;1010;42925;19316;30.1;13.5
15;2021-04-30;547;1078;43472;20394;30.4;14.3
15;2021-05-01;283;30;43755;20424;30.6;14.3
15;2021-05-02;0;0;43755;20424;30.6;14.3
15;2021-05-03;881;331;44636;20755;31.3;14.5
15;2021-05-04;802;857;45438;21612;31.8;15.1
15;2021-05-05;676;678;46114;22290;32.3;15.6
15;2021-05-06;826;967;46940;23257;32.9;16.3
15;2021-05-07;1153;906;48093;24163;33.7;16.9
15;2021-05-08;492;55;48585;24218;34.0;17.0
15;2021-05-09;23;9;48608;24227;34.0;17.0
15;2021-05-10;705;911;49313;25138;34.5;17.6
15;2021-05-11;1185;1184;50498;26322;35.4;18.4
15;2021-05-12;1147;833;51645;27155;36.2;19.0
15;2021-05-13;1165;440;52810;27595;37.0;19.3
15;2021-05-14;1504;581;54314;28176;38.0;19.7
15;2021-05-15;1410;417;55724;28593;39.0;20.0
15;2021-05-16;1;10;55725;28603;39.0;20.0
15;2021-05-17;1000;606;56725;29209;39.7;20.5
15;2021-05-18;1222;970;57947;30179;40.6;21.1
15;2021-05-19;1020;459;58967;30638;41.3;21.5
15;2021-05-20;1239;776;60206;31414;42.2;22.0
15;2021-05-21;1349;747;61555;32161;43.1;22.5
15;2021-05-22;526;186;62081;32347;43.5;22.7
15;2021-05-23;2;11;62083;32358;43.5;22.7
15;2021-05-24;693;257;62776;32615;44.0;22.8
15;2021-05-25;1151;620;63927;33235;44.8;23.3
15;2021-05-26;1095;459;65022;33694;45.5;23.6
15;2021-05-27;1269;662;66291;34356;46.4;24.1
15;2021-05-28;1509;886;67800;35242;47.5;24.7
15;2021-05-29;984;361;68784;35603;48.2;24.9
15;2021-05-30;14;25;68798;35628;48.2;24.9
15;2021-05-31;1201;478;69999;36106;49.0;25.3
15;2021-06-01;1399;571;71398;36677;50.0;25.7
15;2021-06-02;865;419;72263;37096;50.6;26.0
15;2021-06-03;931;706;73194;37802;51.3;26.5
15;2021-06-04;1076;718;74270;38520;52.0;27.0
15;2021-06-05;651;263;74921;38783;52.5;27.2
15;2021-06-06;16;20;74937;38803;52.5;27.2
15;2021-06-07;797;350;75734;39153;53.0;27.4
15;2021-06-08;474;396;76208;39549;53.4;27.7
15;2021-06-09;376;376;76584;39925;53.6;28.0
15;2021-06-10;272;426;76856;40351;53.8;28.3
15;2021-06-11;661;1099;77517;41450;54.3;29.0
15;2021-06-12;377;466;77894;41916;54.5;29.4
15;2021-06-13;12;6;77906;41922;54.6;29.4
15;2021-06-14;542;976;78448;42898;54.9;30.0
15;2021-06-15;450;1163;78898;44061;55.2;30.9
15;2021-06-16;541;897;79439;44958;55.6;31.5
15;2021-06-17;287;935;79726;45893;55.8;32.1
15;2021-06-18;741;1203;80467;47096;56.3;33.0
15;2021-06-19;543;705;81010;47801;56.7;33.5
15;2021-06-20;11;1;81021;47802;56.7;33.5
15;2021-06-21;279;1036;81300;48838;56.9;34.2
15;2021-06-22;231;1479;81531;50317;57.1;35.2
15;2021-06-23;342;1445;81873;51762;57.3;36.2
15;2021-06-24;292;1093;82165;52855;57.5;37.0
15;2021-06-25;378;1641;82543;54496;57.8;38.2
15;2021-06-26;165;908;82708;55404;57.9;38.8
15;2021-06-27;0;0;82708;55404;57.9;38.8
15;2021-06-28;175;1226;82883;56630;58.0;39.7
15;2021-06-29;301;1264;83184;57894;58.2;40.5
15;2021-06-30;268;981;83452;58875;58.4;41.2
15;2021-07-01;379;1223;83831;60098;58.7;42.1
15;2021-07-02;407;1350;84238;61448;59.0;43.0
15;2021-07-03;251;707;84489;62155;59.2;43.5
15;2021-07-04;0;1;84489;62156;59.2;43.5
15;2021-07-05;246;1259;84735;63415;59.3;44.4
15;2021-07-06;271;1470;85006;64885;59.5;45.4
15;2021-07-07;252;1347;85258;66232;59.7;46.4
15;2021-07-08;488;1352;85746;67584;60.0;47.3
15;2021-07-09;480;1790;86226;69374;60.4;48.6
15;2021-07-10;215;866;86441;70240;60.5;49.2
15;2021-07-11;7;5;86448;70245;60.5;49.2
15;2021-07-12;269;1486;86717;71731;60.7;50.2
15;2021-07-13;577;1770;87294;73501;61.1;51.5
15;2021-07-14;8;130;87302;73631;61.1;51.6
15;2021-07-15;1130;730;88432;74361;61.9;52.1
15;2021-07-16;1126;1340;89558;75701;62.7;53.0
15;2021-07-17;816;949;90374;76650;63.3;53.7
15;2021-07-18;0;3;90374;76653;63.3;53.7
15;2021-07-19;1057;1270;91431;77923;64.0;54.6
15;2021-07-20;1607;569;93038;78492;65.1;55.0
15;2021-07-21;1172;601;94210;79093;66.0;55.4
15;2021-07-22;889;513;95099;79606;66.6;55.7
15;2021-07-23;1331;1061;96430;80667;67.5;56.5
15;2021-07-24;626;767;97056;81434;68.0;57.0
15;2021-07-25;1;24;97057;81458;68.0;57.0
15;2021-07-26;1236;594;98293;82052;68.8;57.5
15;2021-07-27;1682;565;99975;82617;70.0;57.9
15;2021-07-28;1228;583;101203;83200;70.9;58.3
15;2021-07-29;830;395;102033;83595;71.4;58.5
15;2021-07-30;1002;1129;103035;84724;72.1;59.3
15;2021-07-31;593;634;103628;85358;72.6;59.8
15;2021-08-01;21;12;103649;85370;72.6;59.8
15;2021-08-02;1137;534;104786;85904;73.4;60.2
16;2020-12-27;0;0;0;0;0.0;0.0
16;2020-12-28;0;0;0;0;0.0;0.0
16;2020-12-29;0;0;0;0;0.0;0.0
16;2020-12-30;0;0;0;0;0.0;0.0
16;2020-12-31;0;0;0;0;0.0;0.0
16;2021-01-01;0;0;0;0;0.0;0.0
16;2021-01-02;0;0;0;0;0.0;0.0
16;2021-01-03;0;0;0;0;0.0;0.0
16;2021-01-04;1;0;1;0;0.0;0.0
16;2021-01-05;1;0;2;0;0.0;0.0
16;2021-01-06;88;0;90;0;0.0;0.0
16;2021-01-07;239;0;329;0;0.1;0.0
16;2021-01-08;464;2;793;2;0.2;0.0
16;2021-01-09;1;0;794;2;0.2;0.0
16;2021-01-10;1;0;795;2;0.2;0.0
16;2021-01-11;303;0;1098;2;0.3;0.0
16;2021-01-12;436;1;1534;3;0.4;0.0
16;2021-01-13;480;0;2014;3;0.6;0.0
16;2021-01-14;596;6;2610;9;0.7;0.0
16;2021-01-15;504;4;3114;13;0.9;0.0
16;2021-01-16;0;0;3114;13;0.9;0.0
16;2021-01-17;0;0;3114;13;0.9;0.0
16;2021-01-18;430;5;3544;18;1.0;0.0
16;2021-01-19;831;2;4375;20;1.3;0.0
16;2021-01-20;1181;2;5556;22;1.6;0.0
16;2021-01-21;1350;3;6906;25;2.0;0.0
16;2021-01-22;1110;0;8016;25;2.3;0.0
16;2021-01-23;183;0;8199;25;2.4;0.0
16;2021-01-24;0;0;8199;25;2.4;0.0
16;2021-01-25;641;2;8840;27;2.5;0.0
16;2021-01-26;1025;0;9865;27;2.8;0.0
16;2021-01-27;1400;105;11265;132;3.2;0.0
16;2021-01-28;1255;60;12520;192;3.6;0.1
16;2021-01-29;743;141;13263;333;3.8;0.1
16;2021-01-30;36;0;13299;333;3.8;0.1
16;2021-01-31;0;0;13299;333;3.8;0.1
16;2021-02-01;395;205;13694;538;3.9;0.2
16;2021-02-02;576;174;14270;712;4.1;0.2
16;2021-02-03;620;352;14890;1064;4.3;0.3
16;2021-02-04;462;271;15352;1335;4.4;0.4
16;2021-02-05;504;277;15856;1612;4.6;0.5
16;2021-02-06;1;81;15857;1693;4.6;0.5
16;2021-02-07;41;2;15898;1695;4.6;0.5
16;2021-02-08;355;219;16253;1914;4.7;0.5
16;2021-02-09;649;294;16902;2208;4.9;0.6
16;2021-02-10;693;679;17595;2887;5.1;0.8
16;2021-02-11;797;616;18392;3503;5.3;1.0
16;2021-02-12;623;833;19015;4336;5.5;1.2
16;2021-02-13;42;78;19057;4414;5.5;1.3
16;2021-02-14;2;7;19059;4421;5.5;1.3
16;2021-02-15;216;667;19275;5088;5.5;1.5
16;2021-02-16;374;958;19649;6046;5.6;1.7
16;2021-02-17;351;1312;20000;7358;5.7;2.1
16;2021-02-18;510;1256;20510;8614;5.9;2.5
16;2021-02-19;389;799;20899;9413;6.0;2.7
16;2021-02-20;1;8;20900;9421;6.0;2.7
16;2021-02-21;0;0;20900;9421;6.0;2.7
16;2021-02-22;135;542;21035;9963;6.0;2.9
16;2021-02-23;205;928;21240;10891;6.1;3.1
16;2021-02-24;274;900;21514;11791;6.2;3.4
16;2021-02-25;395;690;21909;12481;6.3;3.6
16;2021-02-26;478;502;22387;12983;6.4;3.7
16;2021-02-27;249;1;22636;12984;6.5;3.7
16;2021-02-28;5;5;22641;12989;6.5;3.7
16;2021-03-01;152;327;22793;13316;6.5;3.8
16;2021-03-02;272;671;23065;13987;6.6;4.0
16;2021-03-03;392;727;23457;14714;6.7;4.2
16;2021-03-04;806;570;24263;15284;7.0;4.4
16;2021-03-05;1142;541;25405;15825;7.3;4.5
16;2021-03-06;751;13;26156;15838;7.5;4.5
16;2021-03-07;94;18;26250;15856;7.5;4.6
16;2021-03-08;437;319;26687;16175;7.7;4.6
16;2021-03-09;771;701;27458;16876;7.9;4.8
16;2021-03-10;606;669;28064;17545;8.1;5.0
16;2021-03-11;1445;531;29509;18076;8.5;5.2
16;2021-03-12;1164;460;30673;18536;8.8;5.3
16;2021-03-13;764;13;31437;18549;9.0;5.3
16;2021-03-14;1;0;31438;18549;9.0;5.3
16;2021-03-15;461;182;31899;18731;9.2;5.4
16;2021-03-16;859;421;32758;19152;9.4;5.5
16;2021-03-17;589;286;33347;19438;9.6;5.6
16;2021-03-18;1031;284;34378;19722;9.9;5.7
16;2021-03-19;1102;247;35480;19969;10.2;5.7
16;2021-03-20;395;2;35875;19971;10.3;5.7
16;2021-03-21;9;0;35884;19971;10.3;5.7
16;2021-03-22;727;100;36611;20071;10.5;5.8
16;2021-03-23;1462;102;38073;20173;10.9;5.8
16;2021-03-24;1120;184;39193;20357;11.3;5.8
16;2021-03-25;2046;90;41239;20447;11.8;5.9
16;2021-03-26;1915;94;43154;20541;12.4;5.9
16;2021-03-27;433;21;43587;20562;12.5;5.9
16;2021-03-28;0;0;43587;20562;12.5;5.9
16;2021-03-29;924;61;44511;20623;12.8;5.9
16;2021-03-30;1881;178;46392;20801;13.3;6.0
16;2021-03-31;1514;131;47906;20932;13.8;6.0
16;2021-04-01;2007;400;49913;21332;14.3;6.1
16;2021-04-02;1442;379;51355;21711;14.7;6.2
16;2021-04-03;288;5;51643;21716;14.8;6.2
16;2021-04-04;1;0;51644;21716;14.8;6.2
16;2021-04-05;2;0;51646;21716;14.8;6.2
16;2021-04-06;2011;543;53657;22259;15.4;6.4
16;2021-04-07;1952;400;55609;22659;16.0;6.5
16;2021-04-08;2824;588;58433;23247;16.8;6.7
16;2021-04-09;2694;553;61127;23800;17.6;6.8
16;2021-04-10;1290;37;62417;23837;17.9;6.8
16;2021-04-11;2;0;62419;23837;17.9;6.8
16;2021-04-12;1430;316;63849;24153;18.3;6.9
16;2021-04-13;2123;839;65972;24992;18.9;7.2
16;2021-04-14;1952;631;67924;25623;19.5;7.4
16;2021-04-15;2102;984;70026;26607;20.1;7.6
16;2021-04-16;2037;779;72063;27386;20.7;7.9
16;2021-04-17;1504;84;73567;27470;21.1;7.9
16;2021-04-18;197;3;73764;27473;21.2;7.9
16;2021-04-19;1439;522;75203;27995;21.6;8.0
16;2021-04-20;2053;1232;77256;29227;22.2;8.4
16;2021-04-21;1776;740;79032;29967;22.7;8.6
16;2021-04-22;2293;1003;81325;30970;23.4;8.9
16;2021-04-23;2360;1168;83685;32138;24.0;9.2
16;2021-04-24;829;37;84514;32175;24.3;9.2
16;2021-04-25;117;9;84631;32184;24.3;9.2
16;2021-04-26;1401;806;86032;32990;24.7;9.5
16;2021-04-27;2057;1417;88089;34407;25.3;9.9
16;2021-04-28;1590;1126;89679;35533;25.8;10.2
16;2021-04-29;2245;1495;91924;37028;26.4;10.6
16;2021-04-30;2853;1340;94777;38368;27.2;11.0
16;2021-05-01;353;59;95130;38427;27.3;11.0
16;2021-05-02;155;13;95285;38440;27.4;11.0
16;2021-05-03;2610;533;97895;38973;28.1;11.2
16;2021-05-04;2060;2045;99955;41018;28.7;11.8
16;2021-05-05;1689;1831;101644;42849;29.2;12.3
16;2021-05-06;1885;2238;103529;45087;29.7;12.9
16;2021-05-07;3069;2123;106598;47210;30.6;13.6
16;2021-05-08;1196;468;107794;47678;31.0;13.7
16;2021-05-09;530;26;108324;47704;31.1;13.7
16;2021-05-10;1929;1626;110253;49330;31.7;14.2
16;2021-05-11;2354;1959;112607;51289;32.3;14.7
16;2021-05-12;1731;1798;114338;53087;32.8;15.2
16;2021-05-13;1461;355;115799;53442;33.3;15.3
16;2021-05-14;1989;1560;117788;55002;33.8;15.8
16;2021-05-15;595;897;118383;55899;34.0;16.1
16;2021-05-16;132;6;118515;55905;34.0;16.1
16;2021-05-17;1609;1287;120124;57192;34.5;16.4
16;2021-05-18;2759;1421;122883;58613;35.3;16.8
16;2021-05-19;2005;1237;124888;59850;35.9;17.2
16;2021-05-20;2837;1387;127725;61237;36.7;17.6
16;2021-05-21;2945;1397;130670;62634;37.5;18.0
16;2021-05-22;412;711;131082;63345;37.6;18.2
16;2021-05-23;210;11;131292;63356;37.7;18.2
16;2021-05-24;1261;236;132553;63592;38.1;18.3
16;2021-05-25;2763;1459;135316;65051;38.9;18.7
16;2021-05-26;1832;1186;137148;66237;39.4;19.0
16;2021-05-27;2418;1583;139566;67820;40.1;19.5
16;2021-05-28;2893;1568;142459;69388;40.9;19.9
16;2021-05-29;814;882;143273;70270;41.1;20.2
16;2021-05-30;1;4;143274;70274;41.1;20.2
16;2021-05-31;1983;1102;145257;71376;41.7;20.5
16;2021-06-01;2345;1715;147602;73091;42.4;21.0
16;2021-06-02;1822;1505;149424;74596;42.9;21.4
16;2021-06-03;2621;1761;152045;76357;43.7;21.9
16;2021-06-04;2834;2035;154879;78392;44.5;22.5
16;2021-06-05;1003;549;155882;78941;44.8;22.7
16;2021-06-06;160;28;156042;78969;44.8;22.7
16;2021-06-07;1990;1284;158032;80253;45.4;23.0
16;2021-06-08;2392;1997;160424;82250;46.1;23.6
16;2021-06-09;2528;1612;162952;83862;46.8;24.1
16;2021-06-10;2573;2002;165525;85864;47.5;24.7
16;2021-06-11;2152;2735;167677;88599;48.2;25.4
16;2021-06-12;1612;515;169289;89114;48.6;25.6
16;2021-06-13;261;72;169550;89186;48.7;25.6
16;2021-06-14;796;2797;170346;91983;48.9;26.4
16;2021-06-15;1865;2622;172211;94605;49.5;27.2
16;2021-06-16;1576;2089;173787;96694;49.9;27.8
16;2021-06-17;2042;2508;175829;99202;50.5;28.5
16;2021-06-18;2063;3219;177892;102421;51.1;29.4
16;2021-06-19;1349;1313;179241;103734;51.5;29.8
16;2021-06-20;243;28;179484;103762;51.5;29.8
16;2021-06-21;1410;2173;180894;105935;52.0;30.4
16;2021-06-22;1670;2942;182564;108877;52.4;31.3
16;2021-06-23;1562;2019;184126;110896;52.9;31.9
16;2021-06-24;1922;2168;186048;113064;53.4;32.5
16;2021-06-25;1986;2728;188034;115792;54.0;33.3
16;2021-06-26;1055;722;189089;116514;54.3;33.5
16;2021-06-27;130;25;189219;116539;54.3;33.5
16;2021-06-28;1161;1964;190380;118503;54.7;34.0
16;2021-06-29;1276;3360;191656;121863;55.0;35.0
16;2021-06-30;1332;2712;192988;124575;55.4;35.8
16;2021-07-01;1853;3155;194841;127730;56.0;36.7
16;2021-07-02;1424;3584;196265;131314;56.4;37.7
16;2021-07-03;690;1114;196955;132428;56.6;38.0
16;2021-07-04;3;15;196958;132443;56.6;38.0
16;2021-07-05;811;2299;197769;134742;56.8;38.7
16;2021-07-06;1272;3369;199041;138111;57.2;39.7
16;2021-07-07;858;2276;199899;140387;57.4;40.3
16;2021-07-08;1230;2739;201129;143126;57.8;41.1
16;2021-07-09;1112;3718;202241;146844;58.1;42.2
16;2021-07-10;338;1341;202579;148185;58.2;42.6
16;2021-07-11;2;13;202581;148198;58.2;42.6
16;2021-07-12;632;2445;203213;150643;58.4;43.3
16;2021-07-13;1371;3533;204584;154176;58.8;44.3
16;2021-07-14;797;876;205381;155052;59.0;44.5
16;2021-07-15;1236;3410;206617;158462;59.3;45.5
16;2021-07-16;1491;3386;208108;161848;59.8;46.5
16;2021-07-17;530;1190;208638;163038;59.9;46.8
16;2021-07-18;13;6;208651;163044;59.9;46.8
16;2021-07-19;614;2860;209265;165904;60.1;47.6
16;2021-07-20;1120;3295;210385;169199;60.4;48.6
16;2021-07-21;1115;2618;211500;171817;60.7;49.3
16;2021-07-22;1860;2864;213360;174681;61.3;50.2
16;2021-07-23;1540;3546;214900;178227;61.7;51.2
16;2021-07-24;636;1212;215536;179439;61.9;51.5
16;2021-07-25;11;11;215547;179450;61.9;51.5
16;2021-07-26;1525;2127;217072;181577;62.3;52.2
16;2021-07-27;1847;2821;218919;184398;62.9;53.0
16;2021-07-28;1846;2308;220765;186706;63.4;53.6
16;2021-07-29;2233;2473;222998;189179;64.0;54.3
16;2021-07-30;2340;3108;225338;192287;64.7;55.2
16;2021-07-31;934;1332;226272;193619;65.0;55.6
16;2021-08-01;182;22;226454;193641;65.0;55.6
16;2021-08-02;2113;1823;228567;195464;65.6;56.1
17;2020-12-27;0;0;0;0;0.0;0.0
17;2020-12-28;0;0;0;0;0.0;0.0
17;2020-12-29;0;0;0;0;0.0;0.0
17;2020-12-30;1;0;1;0;0.0;0.0
17;2020-12-31;0;0;1;0;0.0;0.0
17;2021-01-01;0;0;1;0;0.0;0.0
17;2021-01-02;0;0;1;0;0.0;0.0
17;2021-01-03;0;0;1;0;0.0;0.0
17;2021-01-04;56;0;57;0;0.0;0.0
17;2021-01-05;98;0;155;0;0.0;0.0
17;2021-01-06;132;0;287;0;0.0;0.0
17;2021-01-07;485;2;772;2;0.1;0.0
17;2021-01-08;418;0;1190;2;0.2;0.0
17;2021-01-09;0;0;1190;2;0.2;0.0
17;2021-01-10;1;0;1191;2;0.2;0.0
17;2021-01-11;380;1;1571;3;0.2;0.0
17;2021-01-12;746;1;2317;4;0.4;0.0
17;2021-01-13;652;2;2969;6;0.5;0.0
17;2021-01-14;616;9;3585;15;0.6;0.0
17;2021-01-15;679;1;4264;16;0.7;0.0
17;2021-01-16;127;2;4391;18;0.7;0.0
17;2021-01-17;17;0;4408;18;0.7;0.0
17;2021-01-18;882;1;5290;19;0.8;0.0
17;2021-01-19;1907;2;7197;21;1.1;0.0
17;2021-01-20;2390;2;9587;23;1.5;0.0
17;2021-01-21;2497;2;12084;25;1.9;0.0
17;2021-01-22;1881;5;13965;30;2.2;0.0
17;2021-01-23;738;1;14703;31;2.3;0.0
17;2021-01-24;48;0;14751;31;2.3;0.0
17;2021-01-25;1383;5;16134;36;2.5;0.0
17;2021-01-26;2110;3;18244;39;2.8;0.0
17;2021-01-27;1674;31;19918;70;3.1;0.0
17;2021-01-28;2474;230;22392;300;3.5;0.0
17;2021-01-29;1737;220;24129;520;3.7;0.1
17;2021-01-30;528;5;24657;525;3.8;0.1
17;2021-01-31;36;1;24693;526;3.8;0.1
17;2021-02-01;740;211;25433;737;3.9;0.1
17;2021-02-02;1202;348;26635;1085;4.1;0.2
17;2021-02-03;1284;409;27919;1494;4.3;0.2
17;2021-02-04;1157;503;29076;1997;4.5;0.3
17;2021-02-05;601;756;29677;2753;4.6;0.4
17;2021-02-06;20;42;29697;2795;4.6;0.4
17;2021-02-07;31;13;29728;2808;4.6;0.4
17;2021-02-08;707;402;30435;3210;4.7;0.5
17;2021-02-09;1099;1318;31534;4528;4.9;0.7
17;2021-02-10;863;1285;32397;5813;5.0;0.9
17;2021-02-11;1239;1399;33636;7212;5.2;1.1
17;2021-02-12;772;968;34408;8180;5.3;1.3
17;2021-02-13;42;104;34450;8284;5.3;1.3
17;2021-02-14;0;10;34450;8294;5.3;1.3
17;2021-02-15;620;1226;35070;9520;5.4;1.5
17;2021-02-16;748;1836;35818;11356;5.5;1.8
17;2021-02-17;796;1360;36614;12716;5.7;2.0
17;2021-02-18;966;2186;37580;14902;5.8;2.3
17;2021-02-19;1066;1545;38646;16447;6.0;2.5
17;2021-02-20;103;308;38749;16755;6.0;2.6
17;2021-02-21;9;2;38758;16757;6.0;2.6
17;2021-02-22;645;1631;39403;18388;6.1;2.8
17;2021-02-23;780;1536;40183;19924;6.2;3.1
17;2021-02-24;1077;1594;41260;21518;6.4;3.3
17;2021-02-25;1084;1709;42344;23227;6.5;3.6
17;2021-02-26;1306;1295;43650;24522;6.7;3.8
17;2021-02-27;525;247;44175;24769;6.8;3.8
17;2021-02-28;19;9;44194;24778;6.8;3.8
17;2021-03-01;634;1044;44828;25822;6.9;4.0
17;2021-03-02;1091;870;45919;26692;7.1;4.1
17;2021-03-03;1615;797;47534;27489;7.3;4.2
17;2021-03-04;2424;1137;49958;28626;7.7;4.4
17;2021-03-05;2660;679;52618;29305;8.1;4.5
17;2021-03-06;1026;25;53644;29330;8.3;4.5
17;2021-03-07;181;47;53825;29377;8.3;4.5
17;2021-03-08;1015;835;54840;30212;8.5;4.7
17;2021-03-09;1745;614;56585;30826;8.7;4.8
17;2021-03-10;2046;642;58631;31468;9.1;4.9
17;2021-03-11;3229;995;61860;32463;9.6;5.0
17;2021-03-12;3353;625;65213;33088;10.1;5.1
17;2021-03-13;1198;11;66411;33099;10.3;5.1
17;2021-03-14;31;0;66442;33099;10.3;5.1
17;2021-03-15;1239;994;67681;34093;10.5;5.3
17;2021-03-16;891;537;68572;34630;10.6;5.4
17;2021-03-17;1458;701;70030;35331;10.8;5.5
17;2021-03-18;1681;762;71711;36093;11.1;5.6
17;2021-03-19;2095;543;73806;36636;11.4;5.7
17;2021-03-20;1081;56;74887;36692;11.6;5.7
17;2021-03-21;36;42;74923;36734;11.6;5.7
17;2021-03-22;1575;688;76498;37422;11.8;5.8
17;2021-03-23;2489;580;78987;38002;12.2;5.9
17;2021-03-24;3544;850;82531;38852;12.8;6.0
17;2021-03-25;4706;642;87237;39494;13.5;6.1
17;2021-03-26;4939;467;92176;39961;14.2;6.2
17;2021-03-27;1734;69;93910;40030;14.5;6.2
17;2021-03-28;365;45;94275;40075;14.6;6.2
17;2021-03-29;2360;563;96635;40638;14.9;6.3
17;2021-03-30;2650;984;99285;41622;15.3;6.4
17;2021-03-31;3839;903;103124;42525;15.9;6.6
17;2021-04-01;4013;1150;107137;43675;16.6;6.7
17;2021-04-02;3702;829;110839;44504;17.1;6.9
17;2021-04-03;1151;186;111990;44690;17.3;6.9
17;2021-04-04;500;6;112490;44696;17.4;6.9
17;2021-04-05;444;128;112934;44824;17.5;6.9
17;2021-04-06;3481;1027;116415;45851;18.0;7.1
17;2021-04-07;4127;1142;120542;46993;18.6;7.3
17;2021-04-08;4567;1466;125109;48459;19.3;7.5
17;2021-04-09;6493;838;131602;49297;20.3;7.6
17;2021-04-10;2582;64;134184;49361;20.7;7.6
17;2021-04-11;787;16;134971;49377;20.9;7.6
17;2021-04-12;2887;1612;137858;50989;21.3;7.9
17;2021-04-13;4145;1281;142003;52270;21.9;8.1
17;2021-04-14;4414;1189;146417;53459;22.6;8.3
17;2021-04-15;4592;1136;151009;54595;23.3;8.4
17;2021-04-16;4294;1150;155303;55745;24.0;8.6
17;2021-04-17;1680;382;156983;56127;24.3;8.7
17;2021-04-18;472;81;157455;56208;24.3;8.7
17;2021-04-19;2341;2061;159796;58269;24.7;9.0
17;2021-04-20;2922;2549;162718;60818;25.1;9.4
17;2021-04-21;2972;1939;165690;62757;25.6;9.7
17;2021-04-22;3115;2358;168805;65115;26.1;10.1
17;2021-04-23;2444;2724;171249;67839;26.5;10.5
17;2021-04-24;1666;922;172915;68761;26.7;10.6
17;2021-04-25;664;244;173579;69005;26.8;10.7
17;2021-04-26;2573;2625;176152;71630;27.2;11.1
17;2021-04-27;3154;2672;179306;74302;27.7;11.5
17;2021-04-28;3101;2942;182407;77244;28.2;11.9
17;2021-04-29;4128;2860;186535;80104;28.8;12.4
17;2021-04-30;4349;2630;190884;82734;29.5;12.8
17;2021-05-01;849;542;191733;83276;29.6;12.9
17;2021-05-02;550;840;192283;84116;29.7;13.0
17;2021-05-03;2544;2954;194827;87070;30.1;13.5
17;2021-05-04;2319;3729;197146;90799;30.5;14.0
17;2021-05-05;2910;3699;200056;94498;30.9;14.6
17;2021-05-06;4123;3404;204179;97902;31.6;15.1
17;2021-05-07;4352;3632;208531;101534;32.2;15.7
17;2021-05-08;1296;754;209827;102288;32.4;15.8
17;2021-05-09;1307;702;211134;102990;32.6;15.9
17;2021-05-10;2721;3686;213855;106676;33.0;16.5
17;2021-05-11;3504;3997;217359;110673;33.6;17.1
17;2021-05-12;3531;3809;220890;114482;34.1;17.7
17;2021-05-13;2548;691;223438;115173;34.5;17.8
17;2021-05-14;3035;2395;226473;117568;35.0;18.2
17;2021-05-15;2125;662;228598;118230;35.3;18.3
17;2021-05-16;1735;316;230333;118546;35.6;18.3
17;2021-05-17;4287;1990;234620;120536;36.3;18.6
17;2021-05-18;4741;1635;239361;122171;37.0;18.9
17;2021-05-19;5061;1267;244422;123438;37.8;19.1
17;2021-05-20;4945;1946;249367;125384;38.5;19.4
17;2021-05-21;4997;1958;254364;127342;39.3;19.7
17;2021-05-22;2394;533;256758;127875;39.7;19.8
17;2021-05-23;1899;126;258657;128001;40.0;19.8
17;2021-05-24;1424;207;260081;128208;40.2;19.8
17;2021-05-25;4030;1770;264111;129978;40.8;20.1
17;2021-05-26;4365;2036;268476;132014;41.5;20.4
17;2021-05-27;5213;2131;273689;134145;42.3;20.7
17;2021-05-28;4461;3432;278150;137577;43.0;21.3
17;2021-05-29;1558;1704;279708;139281;43.2;21.5
17;2021-05-30;856;406;280564;139687;43.4;21.6
17;2021-05-31;2943;3013;283507;142700;43.8;22.1
17;2021-06-01;4292;2925;287799;145625;44.5;22.5
17;2021-06-02;4193;3170;291992;148795;45.1;23.0
17;2021-06-03;5058;3164;297050;151959;45.9;23.5
17;2021-06-04;4516;3855;301566;155814;46.6;24.1
17;2021-06-05;1990;1603;303556;157417;46.9;24.3
17;2021-06-06;848;732;304404;158149;47.0;24.4
17;2021-06-07;3133;4341;307537;162490;47.5;25.1
17;2021-06-08;3791;4491;311328;166981;48.1;25.8
17;2021-06-09;4347;3046;315675;170027;48.8;26.3
17;2021-06-10;4922;2786;320597;172813;49.5;26.7
17;2021-06-11;4782;3680;325379;176493;50.3;27.3
17;2021-06-12;1813;1398;327192;177891;50.6;27.5
17;2021-06-13;608;414;327800;178305;50.7;27.6
17;2021-06-14;2833;4533;330633;182838;51.1;28.3
17;2021-06-15;3622;4376;334255;187214;51.7;28.9
17;2021-06-16;4132;3683;338387;190897;52.3;29.5
17;2021-06-17;4362;4114;342749;195011;53.0;30.1
17;2021-06-18;4049;4434;346798;199445;53.6;30.8
17;2021-06-19;1454;1988;348252;201433;53.8;31.1
17;2021-06-20;596;1034;348848;202467;53.9;31.3
17;2021-06-21;2555;4365;351403;206832;54.3;32.0
17;2021-06-22;3525;4444;354928;211276;54.9;32.7
17;2021-06-23;3785;3979;358713;215255;55.4;33.3
17;2021-06-24;3586;3953;362299;219208;56.0;33.9
17;2021-06-25;2711;4980;365010;224188;56.4;34.6
17;2021-06-26;901;2336;365911;226524;56.5;35.0
17;2021-06-27;396;1904;366307;228428;56.6;35.3
17;2021-06-28;1518;5415;367825;233843;56.8;36.1
17;2021-06-29;1680;5882;369505;239725;57.1;37.0
17;2021-06-30;2024;5548;371529;245273;57.4;37.9
17;2021-07-01;2251;5559;373780;250832;57.8;38.8
17;2021-07-02;2479;5987;376259;256819;58.1;39.7
17;2021-07-03;624;2546;376883;259365;58.2;40.1
17;2021-07-04;154;1251;377037;260616;58.3;40.3
17;2021-07-05;1875;5181;378912;265797;58.6;41.1
17;2021-07-06;2125;5601;381037;271398;58.9;41.9
17;2021-07-07;2392;5502;383429;276900;59.3;42.8
17;2021-07-08;2901;5447;386330;282347;59.7;43.6
17;2021-07-09;2512;6090;388842;288437;60.1;44.6
17;2021-07-10;827;2475;389669;290912;60.2;45.0
17;2021-07-11;368;903;390037;291815;60.3;45.1
17;2021-07-12;1993;5634;392030;297449;60.6;46.0
17;2021-07-13;2348;6722;394378;304171;60.9;47.0
17;2021-07-14;64;71;394442;304242;61.0;47.0
17;2021-07-15;2167;6862;396609;311104;61.3;48.1
17;2021-07-16;2746;6978;399355;318082;61.7;49.2
17;2021-07-17;999;2278;400354;320360;61.9;49.5
17;2021-07-18;309;1040;400663;321400;61.9;49.7
17;2021-07-19;2616;5919;403279;327319;62.3;50.6
17;2021-07-20;3267;6327;406546;333646;62.8;51.6
17;2021-07-21;3749;6020;410295;339666;63.4;52.5
17;2021-07-22;4210;6277;414505;345943;64.1;53.5
17;2021-07-23;3791;6566;418296;352509;64.6;54.5
17;2021-07-24;2065;1399;420361;353908;65.0;54.7
17;2021-07-25;1034;412;421395;354320;65.1;54.8
17;2021-07-26;3667;5418;425062;359738;65.7;55.6
17;2021-07-27;4670;5436;429732;365174;66.4;56.4
17;2021-07-28;5151;5165;434883;370339;67.2;57.2
17;2021-07-29;5114;5306;439997;375645;68.0;58.1
17;2021-07-30;5438;5554;445435;381199;68.8;58.9
17;2021-07-31;2090;1201;447525;382400;69.2;59.1
17;2021-08-01;1080;354;448605;382754;69.3;59.2
17;2021-08-02;4533;4361;453138;387115;70.0;59.8
18;2020-12-27;0;0;0;0;0.0;0.0
18;2020-12-28;0;0;0;0;0.0;0.0
18;2020-12-29;0;0;0;0;0.0;0.0
18;2020-12-30;1;0;1;0;0.0;0.0
18;2020-12-31;0;0;1;0;0.0;0.0
18;2021-01-01;0;0;1;0;0.0;0.0
18;2021-01-02;0;0;1;0;0.0;0.0
18;2021-01-03;0;0;1;0;0.0;0.0
18;2021-01-04;3;0;4;0;0.0;0.0
18;2021-01-05;0;0;4;0;0.0;0.0
18;2021-01-06;1;0;5;0;0.0;0.0
18;2021-01-07;30;1;35;1;0.0;0.0
18;2021-01-08;65;0;100;1;0.0;0.0
18;2021-01-09;225;0;325;1;0.1;0.0
18;2021-01-10;146;0;471;1;0.2;0.0
18;2021-01-11;170;1;641;2;0.2;0.0
18;2021-01-12;373;0;1014;2;0.3;0.0
18;2021-01-13;270;2;1284;4;0.4;0.0
18;2021-01-14;269;2;1553;6;0.5;0.0
18;2021-01-15;332;1;1885;7;0.6;0.0
18;2021-01-16;288;3;2173;10;0.7;0.0
18;2021-01-17;1;0;2174;10;0.7;0.0
18;2021-01-18;290;0;2464;10;0.8;0.0
18;2021-01-19;1375;5;3839;15;1.3;0.0
18;2021-01-20;1239;1;5078;16;1.7;0.0
18;2021-01-21;961;0;6039;16;2.0;0.0
18;2021-01-22;780;1;6819;17;2.3;0.0
18;2021-01-23;249;2;7068;19;2.4;0.0
18;2021-01-24;0;0;7068;19;2.4;0.0
18;2021-01-25;509;0;7577;19;2.6;0.0
18;2021-01-26;395;1;7972;20;2.7;0.0
18;2021-01-27;390;2;8362;22;2.8;0.0
18;2021-01-28;566;7;8928;29;3.0;0.0
18;2021-01-29;492;72;9420;101;3.2;0.0
18;2021-01-30;432;167;9852;268;3.3;0.1
18;2021-01-31;82;121;9934;389;3.4;0.1
18;2021-02-01;328;142;10262;531;3.5;0.2
18;2021-02-02;506;244;10768;775;3.6;0.3
18;2021-02-03;398;204;11166;979;3.8;0.3
18;2021-02-04;630;226;11796;1205;4.0;0.4
18;2021-02-05;449;194;12245;1399;4.1;0.5
18;2021-02-06;283;103;12528;1502;4.2;0.5
18;2021-02-07;107;1;12635;1503;4.3;0.5
18;2021-02-08;268;231;12903;1734;4.4;0.6
18;2021-02-09;582;781;13485;2515;4.5;0.8
18;2021-02-10;740;700;14225;3215;4.8;1.1
18;2021-02-11;655;449;14880;3664;5.0;1.2
18;2021-02-12;502;326;15382;3990;5.2;1.3
18;2021-02-13;286;124;15668;4114;5.3;1.4
18;2021-02-14;364;98;16032;4212;5.4;1.4
18;2021-02-15;379;392;16411;4604;5.5;1.6
18;2021-02-16;399;400;16810;5004;5.7;1.7
18;2021-02-17;403;458;17213;5462;5.8;1.8
18;2021-02-18;344;544;17557;6006;5.9;2.0
18;2021-02-19;471;303;18028;6309;6.1;2.1
18;2021-02-20;719;238;18747;6547;6.3;2.2
18;2021-02-21;316;0;19063;6547;6.4;2.2
18;2021-02-22;217;372;19280;6919;6.5;2.3
18;2021-02-23;204;351;19484;7270;6.6;2.5
18;2021-02-24;240;271;19724;7541;6.7;2.5
18;2021-02-25;293;521;20017;8062;6.8;2.7
18;2021-02-26;582;236;20599;8298;6.9;2.8
18;2021-02-27;510;389;21109;8687;7.1;2.9
18;2021-02-28;6;68;21115;8755;7.1;3.0
18;2021-03-01;235;415;21350;9170;7.2;3.1
18;2021-03-02;283;520;21633;9690;7.3;3.3
18;2021-03-03;346;586;21979;10276;7.4;3.5
18;2021-03-04;475;573;22454;10849;7.6;3.7
18;2021-03-05;524;374;22978;11223;7.8;3.8
18;2021-03-06;1070;340;24048;11563;8.1;3.9
18;2021-03-07;7;140;24055;11703;8.1;3.9
18;2021-03-08;334;362;24389;12065;8.2;4.1
18;2021-03-09;409;368;24798;12433;8.4;4.2
18;2021-03-10;423;453;25221;12886;8.5;4.3
18;2021-03-11;517;421;25738;13307;8.7;4.5
18;2021-03-12;704;302;26442;13609;8.9;4.6
18;2021-03-13;1163;247;27605;13856;9.3;4.7
18;2021-03-14;301;212;27906;14068;9.4;4.7
18;2021-03-15;491;377;28397;14445;9.6;4.9
18;2021-03-16;392;314;28789;14759;9.7;5.0
18;2021-03-17;383;413;29172;15172;9.8;5.1
18;2021-03-18;512;229;29684;15401;10.0;5.2
18;2021-03-19;755;225;30439;15626;10.3;5.3
18;2021-03-20;987;616;31426;16242;10.6;5.5
18;2021-03-21;309;307;31735;16549;10.7;5.6
18;2021-03-22;601;296;32336;16845;10.9;5.7
18;2021-03-23;706;290;33042;17135;11.1;5.8
18;2021-03-24;1052;296;34094;17431;11.5;5.9
18;2021-03-25;1049;297;35143;17728;11.9;6.0
18;2021-03-26;1210;345;36353;18073;12.3;6.1
18;2021-03-27;1489;319;37842;18392;12.8;6.2
18;2021-03-28;215;0;38057;18392;12.8;6.2
18;2021-03-29;1101;196;39158;18588;13.2;6.3
18;2021-03-30;1085;302;40243;18890;13.6;6.4
18;2021-03-31;1306;251;41549;19141;14.0;6.5
18;2021-04-01;1376;343;42925;19484;14.5;6.6
18;2021-04-02;1229;306;44154;19790;14.9;6.7
18;2021-04-03;581;180;44735;19970;15.1;6.7
18;2021-04-04;71;5;44806;19975;15.1;6.7
18;2021-04-05;199;0;45005;19975;15.2;6.7
18;2021-04-06;1026;340;46031;20315;15.5;6.9
18;2021-04-07;1322;362;47353;20677;16.0;7.0
18;2021-04-08;1691;330;49044;21007;16.5;7.1
18;2021-04-09;1832;278;50876;21285;17.2;7.2
18;2021-04-10;2632;650;53508;21935;18.1;7.4
18;2021-04-11;1985;312;55493;22247;18.7;7.5
18;2021-04-12;1402;393;56895;22640;19.2;7.6
18;2021-04-13;1784;465;58679;23105;19.8;7.8
18;2021-04-14;1378;515;60057;23620;20.3;8.0
18;2021-04-15;1532;527;61589;24147;20.8;8.1
18;2021-04-16;1614;587;63203;24734;21.3;8.3
18;2021-04-17;1599;517;64802;25251;21.9;8.5
18;2021-04-18;377;232;65179;25483;22.0;8.6
18;2021-04-19;1316;590;66495;26073;22.4;8.8
18;2021-04-20;1446;704;67941;26777;22.9;9.0
18;2021-04-21;1271;901;69212;27678;23.4;9.3
18;2021-04-22;1401;701;70613;28379;23.8;9.6
18;2021-04-23;1386;733;71999;29112;24.3;9.8
18;2021-04-24;1355;1267;73354;30379;24.7;10.2
18;2021-04-25;288;216;73642;30595;24.8;10.3
18;2021-04-26;1205;942;74847;31537;25.3;10.6
18;2021-04-27;1544;760;76391;32297;25.8;10.9
18;2021-04-28;1357;872;77748;33169;26.2;11.2
18;2021-04-29;1847;733;79595;33902;26.9;11.4
18;2021-04-30;1570;992;81165;34894;27.4;11.8
18;2021-05-01;787;209;81952;35103;27.6;11.8
18;2021-05-02;806;58;82758;35161;27.9;11.9
18;2021-05-03;1626;1001;84384;36162;28.5;12.2
18;2021-05-04;1729;1273;86113;37435;29.1;12.6
18;2021-05-05;1735;1211;87848;38646;29.6;13.0
18;2021-05-06;2165;1353;90013;39999;30.4;13.5
18;2021-05-07;1234;1399;91247;41398;30.8;14.0
18;2021-05-08;994;1460;92241;42858;31.1;14.5
18;2021-05-09;501;2261;92742;45119;31.3;15.2
18;2021-05-10;1157;1507;93899;46626;31.7;15.7
18;2021-05-11;1694;1751;95593;48377;32.3;16.3
18;2021-05-12;1808;1491;97401;49868;32.9;16.8
18;2021-05-13;1061;370;98462;50238;33.2;16.9
18;2021-05-14;1345;942;99807;51180;33.7;17.3
18;2021-05-15;1810;1158;101617;52338;34.3;17.7
18;2021-05-16;538;582;102155;52920;34.5;17.9
18;2021-05-17;1245;1092;103400;54012;34.9;18.2
18;2021-05-18;2147;930;105547;54942;35.6;18.5
18;2021-05-19;2163;916;107710;55858;36.3;18.8
18;2021-05-20;2275;979;109985;56837;37.1;19.2
18;2021-05-21;1498;762;111483;57599;37.6;19.4
18;2021-05-22;1724;1074;113207;58673;38.2;19.8
18;2021-05-23;485;336;113692;59009;38.4;19.9
18;2021-05-24;462;292;114154;59301;38.5;20.0
18;2021-05-25;1843;1065;115997;60366;39.1;20.4
18;2021-05-26;2151;838;118148;61204;39.9;20.6
18;2021-05-27;2207;1231;120355;62435;40.6;21.1
18;2021-05-28;1713;1305;122068;63740;41.2;21.5
18;2021-05-29;2620;1661;124688;65401;42.1;22.1
18;2021-05-30;1483;503;126171;65904;42.6;22.2
18;2021-05-31;1786;694;127957;66598;43.2;22.5
18;2021-06-01;2040;948;129997;67546;43.9;22.8
18;2021-06-02;2008;1021;132005;68567;44.5;23.1
18;2021-06-03;2284;1196;134289;69763;45.3;23.5
18;2021-06-04;1909;1125;136198;70888;46.0;23.9
18;2021-06-05;2803;1450;139001;72338;46.9;24.4
18;2021-06-06;365;381;139366;72719;47.0;24.5
18;2021-06-07;1296;1231;140662;73950;47.5;24.9
18;2021-06-08;1492;1392;142154;75342;48.0;25.4
18;2021-06-09;1328;1066;143482;76408;48.4;25.8
18;2021-06-10;1632;1408;145114;77816;49.0;26.3
18;2021-06-11;1496;1404;146610;79220;49.5;26.7
18;2021-06-12;1243;2509;147853;81729;49.9;27.6
18;2021-06-13;126;262;147979;81991;49.9;27.7
18;2021-06-14;657;1827;148636;83818;50.1;28.3
18;2021-06-15;1093;1821;149729;85639;50.5;28.9
18;2021-06-16;1254;1439;150983;87078;50.9;29.4
18;2021-06-17;1204;1670;152187;88748;51.3;29.9
18;2021-06-18;1291;1664;153478;90412;51.8;30.5
18;2021-06-19;1564;1251;155042;91663;52.3;30.9
18;2021-06-20;247;159;155289;91822;52.4;31.0
18;2021-06-21;665;1597;155954;93419;52.6;31.5
18;2021-06-22;1067;1640;157021;95059;53.0;32.1
18;2021-06-23;941;1640;157962;96699;53.3;32.6
18;2021-06-24;1031;1058;158993;97757;53.6;33.0
18;2021-06-25;889;1745;159882;99502;53.9;33.6
18;2021-06-26;1097;1475;160979;100977;54.3;34.1
18;2021-06-27;30;373;161009;101350;54.3;34.2
18;2021-06-28;421;1924;161430;103274;54.5;34.8
18;2021-06-29;593;2381;162023;105655;54.7;35.6
18;2021-06-30;600;2545;162623;108200;54.9;36.5
18;2021-07-01;952;2150;163575;110350;55.2;37.2
18;2021-07-02;615;1685;164190;112035;55.4;37.8
18;2021-07-03;752;2577;164942;114612;55.6;38.7
18;2021-07-04;164;1034;165106;115646;55.7;39.0
18;2021-07-05;763;1881;165869;117527;56.0;39.7
18;2021-07-06;554;2308;166423;119835;56.1;40.4
18;2021-07-07;765;2117;167188;121952;56.4;41.1
18;2021-07-08;1028;1985;168216;123937;56.8;41.8
18;2021-07-09;701;2307;168917;126244;57.0;42.6
18;2021-07-10;778;3181;169695;129425;57.3;43.7
18;2021-07-11;79;664;169774;130089;57.3;43.9
18;2021-07-12;220;2249;169994;132338;57.4;44.6
18;2021-07-13;616;2910;170610;135248;57.6;45.6
18;2021-07-14;194;939;170804;136187;57.6;45.9
18;2021-07-15;1389;2818;172193;139005;58.1;46.9
18;2021-07-16;1174;2132;173367;141137;58.5;47.6
18;2021-07-17;1121;2477;174488;143614;58.9;48.5
18;2021-07-18;228;330;174716;143944;58.9;48.6
18;2021-07-19;1048;1660;175764;145604;59.3;49.1
18;2021-07-20;1621;2268;177385;147872;59.8;49.9
18;2021-07-21;1886;2050;179271;149922;60.5;50.6
18;2021-07-22;2204;1885;181475;151807;61.2;51.2
18;2021-07-23;1387;1613;182862;153420;61.7;51.8
18;2021-07-24;881;1534;183743;154954;62.0;52.3
18;2021-07-25;189;399;183932;155353;62.1;52.4
18;2021-07-26;1394;1503;185326;156856;62.5;52.9
18;2021-07-27;1809;1538;187135;158394;63.1;53.4
18;2021-07-28;2189;1793;189324;160187;63.9;54.0
18;2021-07-29;2135;1817;191459;162004;64.6;54.7
18;2021-07-30;1575;1340;193034;163344;65.1;55.1
18;2021-07-31;1227;1276;194261;164620;65.5;55.5
18;2021-08-01;86;31;194347;164651;65.6;55.5
18;2021-08-02;1400;751;195747;165402;66.0;55.8
19;2020-12-27;0;0;0;0;0.0;0.0
19;2020-12-28;0;0;0;0;0.0;0.0
19;2020-12-29;0;0;0;0;0.0;0.0
19;2020-12-30;0;0;0;0;0.0;0.0
19;2020-12-31;0;0;0;0;0.0;0.0
19;2021-01-01;0;0;0;0;0.0;0.0
19;2021-01-02;0;0;0;0;0.0;0.0
19;2021-01-03;0;0;0;0;0.0;0.0
19;2021-01-04;0;0;0;0;0.0;0.0
19;2021-01-05;0;0;0;0;0.0;0.0
19;2021-01-06;0;0;0;0;0.0;0.0
19;2021-01-07;343;1;343;1;0.1;0.0
19;2021-01-08;247;1;590;2;0.2;0.0
19;2021-01-09;0;0;590;2;0.2;0.0
19;2021-01-10;1;0;591;2;0.2;0.0
19;2021-01-11;38;0;629;2;0.3;0.0
19;2021-01-12;413;1;1042;3;0.4;0.0
19;2021-01-13;422;3;1464;6;0.6;0.0
19;2021-01-14;473;1;1937;7;0.8;0.0
19;2021-01-15;224;0;2161;7;0.9;0.0
19;2021-01-16;0;0;2161;7;0.9;0.0
19;2021-01-17;1;0;2162;7;0.9;0.0
19;2021-01-18;251;1;2413;8;1.0;0.0
19;2021-01-19;518;0;2931;8;1.2;0.0
19;2021-01-20;920;1;3851;9;1.6;0.0
19;2021-01-21;505;3;4356;12;1.8;0.0
19;2021-01-22;1316;3;5672;15;2.4;0.0
19;2021-01-23;281;0;5953;15;2.5;0.0
19;2021-01-24;36;0;5989;15;2.5;0.0
19;2021-01-25;233;0;6222;15;2.6;0.0
19;2021-01-26;607;4;6829;19;2.8;0.0
19;2021-01-27;334;3;7163;22;3.0;0.0
19;2021-01-28;297;249;7460;271;3.1;0.1
19;2021-01-29;346;60;7806;331;3.2;0.1
19;2021-01-30;130;24;7936;355;3.3;0.1
19;2021-01-31;41;0;7977;355;3.3;0.1
19;2021-02-01;155;96;8132;451;3.4;0.2
19;2021-02-02;303;429;8435;880;3.5;0.4
19;2021-02-03;283;245;8718;1125;3.6;0.5
19;2021-02-04;255;376;8973;1501;3.7;0.6
19;2021-02-05;310;75;9283;1576;3.9;0.7
19;2021-02-06;210;1;9493;1577;3.9;0.7
19;2021-02-07;48;1;9541;1578;4.0;0.7
19;2021-02-08;177;150;9718;1728;4.0;0.7
19;2021-02-09;333;275;10051;2003;4.2;0.8
19;2021-02-10;515;296;10566;2299;4.4;1.0
19;2021-02-11;411;326;10977;2625;4.6;1.1
19;2021-02-12;798;1166;11775;3791;4.9;1.6
19;2021-02-13;351;184;12126;3975;5.0;1.7
19;2021-02-14;98;13;12224;3988;5.1;1.7
19;2021-02-15;200;247;12424;4235;5.2;1.8
19;2021-02-16;385;172;12809;4407;5.3;1.8
19;2021-02-17;306;469;13115;4876;5.5;2.0
19;2021-02-18;174;511;13289;5387;5.5;2.2
19;2021-02-19;469;301;13758;5688;5.7;2.4
19;2021-02-20;133;208;13891;5896;5.8;2.5
19;2021-02-21;20;40;13911;5936;5.8;2.5
19;2021-02-22;219;211;14130;6147;5.9;2.6
19;2021-02-23;268;362;14398;6509;6.0;2.7
19;2021-02-24;359;210;14757;6719;6.1;2.8
19;2021-02-25;519;379;15276;7098;6.4;3.0
19;2021-02-26;395;317;15671;7415;6.5;3.1
19;2021-02-27;348;161;16019;7576;6.7;3.2
19;2021-02-28;68;36;16087;7612;6.7;3.2
19;2021-03-01;266;221;16353;7833;6.8;3.3
19;2021-03-02;428;257;16781;8090;7.0;3.4
19;2021-03-03;689;337;17470;8427;7.3;3.5
19;2021-03-04;824;350;18294;8777;7.6;3.7
19;2021-03-05;892;734;19186;9511;8.0;4.0
19;2021-03-06;1072;214;20258;9725;8.4;4.0
19;2021-03-07;463;37;20721;9762;8.6;4.1
19;2021-03-08;636;159;21357;9921;8.9;4.1
19;2021-03-09;835;248;22192;10169;9.2;4.2
19;2021-03-10;1154;318;23346;10487;9.7;4.4
19;2021-03-11;1272;309;24618;10796;10.2;4.5
19;2021-03-12;1134;402;25752;11198;10.7;4.7
19;2021-03-13;1110;165;26862;11363;11.2;4.7
19;2021-03-14;159;84;27021;11447;11.2;4.8
19;2021-03-15;699;135;27720;11582;11.5;4.8
19;2021-03-16;688;302;28408;11884;11.8;4.9
19;2021-03-17;837;280;29245;12164;12.2;5.1
19;2021-03-18;766;282;30011;12446;12.5;5.2
19;2021-03-19;1013;487;31024;12933;12.9;5.4
19;2021-03-20;782;130;31806;13063;13.2;5.4
19;2021-03-21;128;4;31934;13067;13.3;5.4
19;2021-03-22;549;177;32483;13244;13.5;5.5
19;2021-03-23;1044;231;33527;13475;14.0;5.6
19;2021-03-24;1169;372;34696;13847;14.4;5.8
19;2021-03-25;1187;414;35883;14261;14.9;5.9
19;2021-03-26;1323;272;37206;14533;15.5;6.0
19;2021-03-27;855;186;38061;14719;15.8;6.1
19;2021-03-28;63;60;38124;14779;15.9;6.1
19;2021-03-29;610;177;38734;14956;16.1;6.2
19;2021-03-30;970;342;39704;15298;16.5;6.4
19;2021-03-31;1156;498;40860;15796;17.0;6.6
19;2021-04-01;1493;422;42353;16218;17.6;6.7
19;2021-04-02;1006;523;43359;16741;18.0;7.0
19;2021-04-03;597;283;43956;17024;18.3;7.1
19;2021-04-04;130;3;44086;17027;18.3;7.1
19;2021-04-05;40;75;44126;17102;18.4;7.1
19;2021-04-06;736;601;44862;17703;18.7;7.4
19;2021-04-07;978;731;45840;18434;19.1;7.7
19;2021-04-08;1115;1013;46955;19447;19.5;8.1
19;2021-04-09;1641;610;48596;20057;20.2;8.3
19;2021-04-10;945;554;49541;20611;20.6;8.6
19;2021-04-11;558;75;50099;20686;20.8;8.6
19;2021-04-12;680;521;50779;21207;21.1;8.8
19;2021-04-13;915;577;51694;21784;21.5;9.1
19;2021-04-14;1333;838;53027;22622;22.1;9.4
19;2021-04-15;1229;869;54256;23491;22.6;9.8
19;2021-04-16;1504;819;55760;24310;23.2;10.1
19;2021-04-17;761;476;56521;24786;23.5;10.3
19;2021-04-18;659;69;57180;24855;23.8;10.3
19;2021-04-19;729;439;57909;25294;24.1;10.5
19;2021-04-20;977;747;58886;26041;24.5;10.8
19;2021-04-21;1271;696;60157;26737;25.0;11.1
19;2021-04-22;1189;889;61346;27626;25.5;11.5
19;2021-04-23;1127;1020;62473;28646;26.0;11.9
19;2021-04-24;678;673;63151;29319;26.3;12.2
19;2021-04-25;675;67;63826;29386;26.6;12.2
19;2021-04-26;1056;326;64882;29712;27.0;12.4
19;2021-04-27;1028;570;65910;30282;27.4;12.6
19;2021-04-28;1552;552;67462;30834;28.1;12.8
19;2021-04-29;1452;1194;68914;32028;28.7;13.3
19;2021-04-30;1877;1057;70791;33085;29.5;13.8
19;2021-05-01;669;168;71460;33253;29.7;13.8
19;2021-05-02;550;149;72010;33402;30.0;13.9
19;2021-05-03;854;548;72864;33950;30.3;14.1
19;2021-05-04;1025;706;73889;34656;30.7;14.4
19;2021-05-05;1254;739;75143;35395;31.3;14.7
19;2021-05-06;1127;1201;76270;36596;31.7;15.2
19;2021-05-07;1665;1189;77935;37785;32.4;15.7
19;2021-05-08;711;211;78646;37996;32.7;15.8
19;2021-05-09;487;545;79133;38541;32.9;16.0
19;2021-05-10;1164;670;80297;39211;33.4;16.3
19;2021-05-11;1636;856;81933;40067;34.1;16.7
19;2021-05-12;1943;1318;83876;41385;34.9;17.2
19;2021-05-13;571;242;84447;41627;35.1;17.3
19;2021-05-14;1645;987;86092;42614;35.8;17.7
19;2021-05-15;1443;589;87535;43203;36.4;18.0
19;2021-05-16;349;82;87884;43285;36.6;18.0
19;2021-05-17;1497;545;89381;43830;37.2;18.2
19;2021-05-18;1670;486;91051;44316;37.9;18.4
19;2021-05-19;1997;816;93048;45132;38.7;18.8
19;2021-05-20;1720;888;94768;46020;39.4;19.1
19;2021-05-21;1964;813;96732;46833;40.2;19.5
19;2021-05-22;1272;652;98004;47485;40.8;19.8
19;2021-05-23;324;130;98328;47615;40.9;19.8
19;2021-05-24;139;46;98467;47661;41.0;19.8
19;2021-05-25;1503;487;99970;48148;41.6;20.0
19;2021-05-26;1926;664;101896;48812;42.4;20.3
19;2021-05-27;1786;832;103682;49644;43.1;20.7
19;2021-05-28;1938;987;105620;50631;43.9;21.1
19;2021-05-29;1372;705;106992;51336;44.5;21.4
19;2021-05-30;190;497;107182;51833;44.6;21.6
19;2021-05-31;1200;537;108382;52370;45.1;21.8
19;2021-06-01;1281;883;109663;53253;45.6;22.2
19;2021-06-02;1817;958;111480;54211;46.4;22.6
19;2021-06-03;1447;1253;112927;55464;47.0;23.1
19;2021-06-04;1847;1348;114774;56812;47.8;23.6
19;2021-06-05;1209;814;115983;57626;48.3;24.0
19;2021-06-06;87;649;116070;58275;48.3;24.2
19;2021-06-07;922;933;116992;59208;48.7;24.6
19;2021-06-08;1105;907;118097;60115;49.1;25.0
19;2021-06-09;1328;1462;119425;61577;49.7;25.6
19;2021-06-10;1282;1581;120707;63158;50.2;26.3
19;2021-06-11;1315;1916;122022;65074;50.8;27.1
19;2021-06-12;1355;1317;123377;66391;51.3;27.6
19;2021-06-13;543;422;123920;66813;51.6;27.8
19;2021-06-14;736;1017;124656;67830;51.9;28.2
19;2021-06-15;979;1142;125635;68972;52.3;28.7
19;2021-06-16;1224;1362;126859;70334;52.8;29.3
19;2021-06-17;869;1792;127728;72126;53.1;30.0
19;2021-06-18;1057;2137;128785;74263;53.6;30.9
19;2021-06-19;918;1301;129703;75564;54.0;31.4
19;2021-06-20;395;325;130098;75889;54.1;31.6
19;2021-06-21;499;1075;130597;76964;54.3;32.0
19;2021-06-22;697;1492;131294;78456;54.6;32.6
19;2021-06-23;742;1984;132036;80440;54.9;33.5
19;2021-06-24;685;1664;132721;82104;55.2;34.2
19;2021-06-25;562;2216;133283;84320;55.5;35.1
19;2021-06-26;468;1738;133751;86058;55.7;35.8
19;2021-06-27;288;443;134039;86501;55.8;36.0
19;2021-06-28;315;1499;134354;88000;55.9;36.6
19;2021-06-29;352;1890;134706;89890;56.0;37.4
19;2021-06-30;787;2153;135493;92043;56.4;38.3
19;2021-07-01;356;2317;135849;94360;56.5;39.3
19;2021-07-02;778;2318;136627;96678;56.8;40.2
19;2021-07-03;511;1736;137138;98414;57.1;40.9
19;2021-07-04;1;73;137139;98487;57.1;41.0
19;2021-07-05;599;1014;137738;99501;57.3;41.4
19;2021-07-06;504;1539;138242;101040;57.5;42.0
19;2021-07-07;706;2047;138948;103087;57.8;42.9
19;2021-07-08;767;2150;139715;105237;58.1;43.8
19;2021-07-09;714;2659;140429;107896;58.4;44.9
19;2021-07-10;586;1705;141015;109601;58.7;45.6
19;2021-07-11;45;212;141060;109813;58.7;45.7
19;2021-07-12;446;1489;141506;111302;58.9;46.3
19;2021-07-13;677;1830;142183;113132;59.2;47.1
19;2021-07-14;199;273;142382;113405;59.2;47.2
19;2021-07-15;864;2052;143246;115457;59.6;48.0
19;2021-07-16;1219;2437;144465;117894;60.1;49.1
19;2021-07-17;700;1717;145165;119611;60.4;49.8
19;2021-07-18;363;666;145528;120277;60.6;50.0
19;2021-07-19;960;1403;146488;121680;61.0;50.6
19;2021-07-20;960;1672;147448;123352;61.4;51.3
19;2021-07-21;1068;1710;148516;125062;61.8;52.0
19;2021-07-22;1383;1853;149899;126915;62.4;52.8
19;2021-07-23;1773;1986;151672;128901;63.1;53.6
19;2021-07-24;904;1751;152576;130652;63.5;54.4
19;2021-07-25;157;513;152733;131165;63.5;54.6
19;2021-07-26;896;908;153629;132073;63.9;55.0
19;2021-07-27;1418;1110;155047;133183;64.5;55.4
19;2021-07-28;2036;1219;157083;134402;65.4;55.9
19;2021-07-29;1600;1188;158683;135590;66.0;56.4
19;2021-07-30;1897;1014;160580;136604;66.8;56.8
19;2021-07-31;1114;1013;161694;137617;67.3;57.3
19;2021-08-01;339;366;162033;137983;67.4;57.4
19;2021-08-02;1121;799;163154;138782;67.9;57.7
21;2020-12-27;4;0;4;0;0.0;0.0
21;2020-12-28;1;0;5;0;0.0;0.0
21;2020-12-29;19;0;24;0;0.0;0.0
21;2020-12-30;22;0;46;0;0.0;0.0
21;2020-12-31;0;0;46;0;0.0;0.0
21;2021-01-01;0;0;46;0;0.0;0.0
21;2021-01-02;1;0;47;0;0.0;0.0
21;2021-01-03;0;0;47;0;0.0;0.0
21;2021-01-04;22;0;69;0;0.0;0.0
21;2021-01-05;250;2;319;2;0.1;0.0
21;2021-01-06;300;0;619;2;0.1;0.0
21;2021-01-07;387;0;1006;2;0.2;0.0
21;2021-01-08;456;3;1462;5;0.3;0.0
21;2021-01-09;252;0;1714;5;0.3;0.0
21;2021-01-10;1;0;1715;5;0.3;0.0
21;2021-01-11;623;1;2338;6;0.4;0.0
21;2021-01-12;651;0;2989;6;0.6;0.0
21;2021-01-13;702;2;3691;8;0.7;0.0
21;2021-01-14;1185;5;4876;13;0.9;0.0
21;2021-01-15;715;4;5591;17;1.0;0.0
21;2021-01-16;162;0;5753;17;1.1;0.0
21;2021-01-17;4;0;5757;17;1.1;0.0
21;2021-01-18;1315;7;7072;24;1.3;0.0
21;2021-01-19;1362;2;8434;26;1.6;0.0
21;2021-01-20;1295;46;9729;72;1.8;0.0
21;2021-01-21;1536;2;11265;74;2.1;0.0
21;2021-01-22;1240;3;12505;77;2.3;0.0
21;2021-01-23;488;0;12993;77;2.4;0.0
21;2021-01-24;122;0;13115;77;2.5;0.0
21;2021-01-25;924;18;14039;95;2.6;0.0
21;2021-01-26;1537;147;15576;242;2.9;0.0
21;2021-01-27;2039;152;17615;394;3.3;0.1
21;2021-01-28;1447;227;19062;621;3.6;0.1
21;2021-01-29;1022;212;20084;833;3.8;0.2
21;2021-01-30;467;31;20551;864;3.9;0.2
21;2021-01-31;97;5;20648;869;3.9;0.2
21;2021-02-01;451;288;21099;1157;4.0;0.2
21;2021-02-02;453;443;21552;1600;4.0;0.3
21;2021-02-03;439;283;21991;1883;4.1;0.4
21;2021-02-04;416;550;22407;2433;4.2;0.5
21;2021-02-05;487;526;22894;2959;4.3;0.6
21;2021-02-06;154;223;23048;3182;4.3;0.6
21;2021-02-07;2;2;23050;3184;4.3;0.6
21;2021-02-08;434;391;23484;3575;4.4;0.7
21;2021-02-09;514;519;23998;4094;4.5;0.8
21;2021-02-10;460;584;24458;4678;4.6;0.9
21;2021-02-11;480;737;24938;5415;4.7;1.0
21;2021-02-12;356;940;25294;6355;4.7;1.2
21;2021-02-13;360;323;25654;6678;4.8;1.3
21;2021-02-14;237;147;25891;6825;4.9;1.3
21;2021-02-15;117;1433;26008;8258;4.9;1.5
21;2021-02-16;207;1578;26215;9836;4.9;1.8
21;2021-02-17;395;1988;26610;11824;5.0;2.2
21;2021-02-18;602;1361;27212;13185;5.1;2.5
21;2021-02-19;215;1145;27427;14330;5.1;2.7
21;2021-02-20;122;429;27549;14759;5.2;2.8
21;2021-02-21;1;83;27550;14842;5.2;2.8
21;2021-02-22;81;780;27631;15622;5.2;2.9
21;2021-02-23;169;1043;27800;16665;5.2;3.1
21;2021-02-24;224;749;28024;17414;5.3;3.3
21;2021-02-25;646;836;28670;18250;5.4;3.4
21;2021-02-26;925;725;29595;18975;5.6;3.6
21;2021-02-27;535;301;30130;19276;5.7;3.6
21;2021-02-28;24;135;30154;19411;5.7;3.6
21;2021-03-01;679;631;30833;20042;5.8;3.8
21;2021-03-02;1054;551;31887;20593;6.0;3.9
21;2021-03-03;1160;437;33047;21030;6.2;3.9
21;2021-03-04;1682;518;34729;21548;6.5;4.0
21;2021-03-05;2195;655;36924;22203;6.9;4.2
21;2021-03-06;1592;196;38516;22399;7.2;4.2
21;2021-03-07;4;16;38520;22415;7.2;4.2
21;2021-03-08;770;444;39290;22859;7.4;4.3
21;2021-03-09;1566;567;40856;23426;7.7;4.4
21;2021-03-10;1625;557;42481;23983;8.0;4.5
21;2021-03-11;2187;691;44668;24674;8.4;4.6
21;2021-03-12;2891;429;47559;25103;8.9;4.7
21;2021-03-13;1932;187;49491;25290;9.3;4.7
21;2021-03-14;38;50;49529;25340;9.3;4.8
21;2021-03-15;1408;81;50937;25421;9.6;4.8
21;2021-03-16;1878;144;52815;25565;9.9;4.8
21;2021-03-17;1799;107;54614;25672;10.2;4.8
21;2021-03-18;2120;254;56734;25926;10.6;4.9
21;2021-03-19;1961;140;58695;26066;11.0;4.9
21;2021-03-20;1228;37;59923;26103;11.2;4.9
21;2021-03-21;1;0;59924;26103;11.2;4.9
21;2021-03-22;1555;85;61479;26188;11.5;4.9
21;2021-03-23;2689;99;64168;26287;12.0;4.9
21;2021-03-24;2889;153;67057;26440;12.6;5.0
21;2021-03-25;3712;229;70769;26669;13.3;5.0
21;2021-03-26;3657;183;74426;26852;14.0;5.0
21;2021-03-27;1728;55;76154;26907;14.3;5.0
21;2021-03-28;200;37;76354;26944;14.3;5.1
21;2021-03-29;1789;515;78143;27459;14.7;5.2
21;2021-03-30;2349;798;80492;28257;15.1;5.3
21;2021-03-31;2716;655;83208;28912;15.6;5.4
21;2021-04-01;2689;716;85897;29628;16.1;5.6
21;2021-04-02;2244;744;88141;30372;16.5;5.7
21;2021-04-03;1016;276;89157;30648;16.7;5.8
21;2021-04-04;2;12;89159;30660;16.7;5.8
21;2021-04-05;6;0;89165;30660;16.7;5.8
21;2021-04-06;1355;1146;90520;31806;17.0;6.0
21;2021-04-07;1747;974;92267;32780;17.3;6.2
21;2021-04-08;3215;1121;95482;33901;17.9;6.4
21;2021-04-09;3479;1183;98961;35084;18.6;6.6
21;2021-04-10;1378;737;100339;35821;18.8;6.7
21;2021-04-11;144;2;100483;35823;18.9;6.7
21;2021-04-12;1114;1360;101597;37183;19.1;7.0
21;2021-04-13;1655;1786;103252;38969;19.4;7.3
21;2021-04-14;1479;1485;104731;40454;19.7;7.6
21;2021-04-15;1898;1594;106629;42048;20.0;7.9
21;2021-04-16;2318;1314;108947;43362;20.4;8.1
21;2021-04-17;1018;973;109965;44335;20.6;8.3
21;2021-04-18;15;4;109980;44339;20.6;8.3
21;2021-04-19;1110;1330;111090;45669;20.8;8.6
21;2021-04-20;1241;1842;112331;47511;21.1;8.9
21;2021-04-21;1093;1732;113424;49243;21.3;9.2
21;2021-04-22;1275;2216;114699;51459;21.5;9.7
21;2021-04-23;1979;1728;116678;53187;21.9;10.0
21;2021-04-24;1000;866;117678;54053;22.1;10.1
21;2021-04-25;8;168;117686;54221;22.1;10.2
21;2021-04-26;1011;1598;118697;55819;22.3;10.5
21;2021-04-27;1836;1949;120533;57768;22.6;10.8
21;2021-04-28;2232;2230;122765;59998;23.0;11.3
21;2021-04-29;3128;2260;125893;62258;23.6;11.7
21;2021-04-30;3555;1869;129448;64127;24.3;12.0
21;2021-05-01;963;225;130411;64352;24.5;12.1
21;2021-05-02;2;5;130413;64357;24.5;12.1
21;2021-05-03;2082;1347;132495;65704;24.9;12.3
21;2021-05-04;2578;1648;135073;67352;25.3;12.6
21;2021-05-05;2250;1689;137323;69041;25.8;13.0
21;2021-05-06;3009;2241;140332;71282;26.3;13.4
21;2021-05-07;2808;2179;143140;73461;26.9;13.8
21;2021-05-08;1066;265;144206;73726;27.1;13.8
21;2021-05-09;26;175;144232;73901;27.1;13.9
21;2021-05-10;3169;1719;147401;75620;27.7;14.2
21;2021-05-11;4917;2003;152318;77623;28.6;14.6
21;2021-05-12;4798;1739;157116;79362;29.5;14.9
21;2021-05-13;3847;363;160963;79725;30.2;15.0
21;2021-05-14;5198;1463;166161;81188;31.2;15.2
21;2021-05-15;3429;648;169590;81836;31.8;15.4
21;2021-05-16;49;4;169639;81840;31.8;15.4
21;2021-05-17;4130;1242;173769;83082;32.6;15.6
21;2021-05-18;4359;1486;178128;84568;33.4;15.9
21;2021-05-19;3472;1110;181600;85678;34.1;16.1
21;2021-05-20;3894;1343;185494;87021;34.8;16.3
21;2021-05-21;3624;2154;189118;89175;35.5;16.7
21;2021-05-22;1669;767;190787;89942;35.8;16.9
21;2021-05-23;4;17;190791;89959;35.8;16.9
21;2021-05-24;1816;265;192607;90224;36.1;16.9
21;2021-05-25;2646;1959;195253;92183;36.6;17.3
21;2021-05-26;2604;1987;197857;94170;37.1;17.7
21;2021-05-27;4014;2101;201871;96271;37.9;18.1
21;2021-05-28;3569;2815;205440;99086;38.6;18.6
21;2021-05-29;1927;1463;207367;100549;38.9;18.9
21;2021-05-30;96;13;207463;100562;38.9;18.9
21;2021-05-31;2500;1775;209963;102337;39.4;19.2
21;2021-06-01;3451;2251;213414;104588;40.0;19.6
21;2021-06-02;2612;1758;216026;106346;40.5;20.0
21;2021-06-03;3145;2070;219171;108416;41.1;20.3
21;2021-06-04;3279;2586;222450;111002;41.7;20.8
21;2021-06-05;2924;1654;225374;112656;42.3;21.1
21;2021-06-06;51;85;225425;112741;42.3;21.2
21;2021-06-07;4312;1344;229737;114085;43.1;21.4
21;2021-06-08;4939;2130;234676;116215;44.0;21.8
21;2021-06-09;4501;1614;239177;117829;44.9;22.1
21;2021-06-10;3929;2591;243106;120420;45.6;22.6
21;2021-06-11;4163;3105;247269;123525;46.4;23.2
21;2021-06-12;2199;1606;249468;125131;46.8;23.5
21;2021-06-13;29;11;249497;125142;46.8;23.5
21;2021-06-14;2196;2566;251693;127708;47.2;24.0
21;2021-06-15;2959;3090;254652;130798;47.8;24.5
21;2021-06-16;2852;2605;257504;133403;48.3;25.0
21;2021-06-17;3420;3043;260924;136446;49.0;25.6
21;2021-06-18;2426;3795;263350;140241;49.4;26.3
21;2021-06-19;2042;1863;265392;142104;49.8;26.7
21;2021-06-20;26;13;265418;142117;49.8;26.7
21;2021-06-21;1837;3406;267255;145523;50.2;27.3
21;2021-06-22;1876;5832;269131;151355;50.5;28.4
21;2021-06-23;2022;5007;271153;156362;50.9;29.3
21;2021-06-24;2361;4660;273514;161022;51.3;30.2
21;2021-06-25;1523;5895;275037;166917;51.6;31.3
21;2021-06-26;1439;3899;276476;170816;51.9;32.1
21;2021-06-27;17;125;276493;170941;51.9;32.1
21;2021-06-28;1390;4016;277883;174957;52.1;32.8
21;2021-06-29;1630;4174;279513;179131;52.5;33.6
21;2021-06-30;1565;3371;281078;182502;52.7;34.2
21;2021-07-01;1647;4146;282725;186648;53.1;35.0
21;2021-07-02;2167;4224;284892;190872;53.5;35.8
21;2021-07-03;1093;2099;285985;192971;53.7;36.2
21;2021-07-04;37;55;286022;193026;53.7;36.2
21;2021-07-05;1600;3626;287622;196652;54.0;36.9
21;2021-07-06;1344;3593;288966;200245;54.2;37.6
21;2021-07-07;1451;3240;290417;203485;54.5;38.2
21;2021-07-08;1869;4162;292286;207647;54.8;39.0
21;2021-07-09;2069;4353;294355;212000;55.2;39.8
21;2021-07-10;1088;2552;295443;214552;55.4;40.3
21;2021-07-11;19;74;295462;214626;55.4;40.3
21;2021-07-12;1643;3727;297105;218353;55.8;41.0
21;2021-07-13;2257;4893;299362;223246;56.2;41.9
21;2021-07-14;2866;2011;302228;225257;56.7;42.3
21;2021-07-15;3747;4556;305975;229813;57.4;43.1
21;2021-07-16;3872;5255;309847;235068;58.1;44.1
21;2021-07-17;2764;4162;312611;239230;58.7;44.9
21;2021-07-18;155;81;312766;239311;58.7;44.9
21;2021-07-19;2359;4625;315125;243936;59.1;45.8
21;2021-07-20;2722;5495;317847;249431;59.6;46.8
21;2021-07-21;2862;4788;320709;254219;60.2;47.7
21;2021-07-22;2956;4715;323665;258934;60.7;48.6
21;2021-07-23;4254;4871;327919;263805;61.5;49.5
21;2021-07-24;3029;3005;330948;266810;62.1;50.1
21;2021-07-25;63;39;331011;266849;62.1;50.1
21;2021-07-26;2615;3578;333626;270427;62.6;50.7
21;2021-07-27;3345;3769;336971;274196;63.2;51.5
21;2021-07-28;3508;3334;340479;277530;63.9;52.1
21;2021-07-29;4007;3350;344486;280880;64.6;52.7
21;2021-07-30;4509;3331;348995;284211;65.5;53.3
21;2021-07-31;3393;2354;352388;286565;66.1;53.8
21;2021-08-01;327;53;352715;286618;66.2;53.8
21;2021-08-02;2423;3145;355138;289763;66.6;54.4
22;2020-12-27;0;0;0;0;0.0;0.0
22;2020-12-28;0;0;0;0;0.0;0.0
22;2020-12-29;0;0;0;0;0.0;0.0
22;2020-12-30;0;0;0;0;0.0;0.0
22;2020-12-31;0;0;0;0;0.0;0.0
22;2021-01-01;0;0;0;0;0.0;0.0
22;2021-01-02;2;0;2;0;0.0;0.0
22;2021-01-03;0;0;2;0;0.0;0.0
22;2021-01-04;4;0;6;0;0.0;0.0
22;2021-01-05;61;0;67;0;0.0;0.0
22;2021-01-06;114;1;181;1;0.0;0.0
22;2021-01-07;67;0;248;1;0.0;0.0
22;2021-01-08;174;0;422;1;0.1;0.0
22;2021-01-09;1;0;423;1;0.1;0.0
22;2021-01-10;0;0;423;1;0.1;0.0
22;2021-01-11;233;3;656;4;0.1;0.0
22;2021-01-12;627;0;1283;4;0.2;0.0
22;2021-01-13;673;1;1956;5;0.3;0.0
22;2021-01-14;713;8;2669;13;0.4;0.0
22;2021-01-15;527;2;3196;15;0.5;0.0
22;2021-01-16;97;0;3293;15;0.6;0.0
22;2021-01-17;1;0;3294;15;0.6;0.0
22;2021-01-18;309;1;3603;16;0.6;0.0
22;2021-01-19;680;1;4283;17;0.7;0.0
22;2021-01-20;598;0;4881;17;0.8;0.0
22;2021-01-21;947;1;5828;18;1.0;0.0
22;2021-01-22;838;2;6666;20;1.1;0.0
22;2021-01-23;218;0;6884;20;1.2;0.0
22;2021-01-24;1;0;6885;20;1.2;0.0
22;2021-01-25;747;10;7632;30;1.3;0.0
22;2021-01-26;1015;59;8647;89;1.5;0.0
22;2021-01-27;3855;108;12502;197;2.1;0.0
22;2021-01-28;4467;84;16969;281;2.8;0.0
22;2021-01-29;1884;129;18853;410;3.2;0.1
22;2021-01-30;287;0;19140;410;3.2;0.1
22;2021-01-31;2;0;19142;410;3.2;0.1
22;2021-02-01;641;81;19783;491;3.3;0.1
22;2021-02-02;903;436;20686;927;3.5;0.2
22;2021-02-03;690;504;21376;1431;3.6;0.2
22;2021-02-04;966;636;22342;2067;3.7;0.3
22;2021-02-05;721;563;23063;2630;3.9;0.4
22;2021-02-06;249;0;23312;2630;3.9;0.4
22;2021-02-07;0;0;23312;2630;3.9;0.4
22;2021-02-08;531;135;23843;2765;4.0;0.5
22;2021-02-09;615;344;24458;3109;4.1;0.5
22;2021-02-10;425;202;24883;3311;4.2;0.6
22;2021-02-11;1086;324;25969;3635;4.4;0.6
22;2021-02-12;594;329;26563;3964;4.5;0.7
22;2021-02-13;319;78;26882;4042;4.5;0.7
22;2021-02-14;0;5;26882;4047;4.5;0.7
22;2021-02-15;672;428;27554;4475;4.6;0.8
22;2021-02-16;1041;705;28595;5180;4.8;0.9
22;2021-02-17;1203;2460;29798;7640;5.0;1.3
22;2021-02-18;2139;3002;31937;10642;5.4;1.8
22;2021-02-19;1635;1943;33572;12585;5.6;2.1
22;2021-02-20;479;212;34051;12797;5.7;2.1
22;2021-02-21;4;49;34055;12846;5.7;2.2
22;2021-02-22;401;721;34456;13567;5.8;2.3
22;2021-02-23;662;931;35118;14498;5.9;2.4
22;2021-02-24;695;945;35813;15443;6.0;2.6
22;2021-02-25;1201;1207;37014;16650;6.2;2.8
22;2021-02-26;1065;710;38079;17360;6.4;2.9
22;2021-02-27;563;284;38642;17644;6.5;3.0
22;2021-02-28;16;8;38658;17652;6.5;3.0
22;2021-03-01;954;523;39612;18175;6.6;3.0
22;2021-03-02;1205;875;40817;19050;6.8;3.2
22;2021-03-03;1325;860;42142;19910;7.1;3.3
22;2021-03-04;1594;929;43736;20839;7.3;3.5
22;2021-03-05;2103;804;45839;21643;7.7;3.6
22;2021-03-06;1113;294;46952;21937;7.9;3.7
22;2021-03-07;219;1;47171;21938;7.9;3.7
22;2021-03-08;1291;653;48462;22591;8.1;3.8
22;2021-03-09;1824;748;50286;23339;8.4;3.9
22;2021-03-10;1982;1003;52268;24342;8.8;4.1
22;2021-03-11;2371;1652;54639;25994;9.2;4.4
22;2021-03-12;3096;955;57735;26949;9.7;4.5
22;2021-03-13;1708;288;59443;27237;10.0;4.6
22;2021-03-14;245;23;59688;27260;10.0;4.6
22;2021-03-15;1616;565;61304;27825;10.3;4.7
22;2021-03-16;1594;853;62898;28678;10.6;4.8
22;2021-03-17;2644;699;65542;29377;11.0;4.9
22;2021-03-18;2551;1109;68093;30486;11.4;5.1
22;2021-03-19;3278;795;71371;31281;12.0;5.2
22;2021-03-20;2208;284;73579;31565;12.3;5.3
22;2021-03-21;16;0;73595;31565;12.3;5.3
22;2021-03-22;2365;360;75960;31925;12.7;5.4
22;2021-03-23;3145;778;79105;32703;13.3;5.5
22;2021-03-24;3484;683;82589;33386;13.9;5.6
22;2021-03-25;3951;599;86540;33985;14.5;5.7
22;2021-03-26;4002;476;90542;34461;15.2;5.8
22;2021-03-27;2080;179;92622;34640;15.5;5.8
22;2021-03-28;67;1;92689;34641;15.5;5.8
22;2021-03-29;2769;909;95458;35550;16.0;6.0
22;2021-03-30;3559;1152;99017;36702;16.6;6.2
22;2021-03-31;3674;1087;102691;37789;17.2;6.3
22;2021-04-01;4921;1115;107612;38904;18.1;6.5
22;2021-04-02;4389;1032;112001;39936;18.8;6.7
22;2021-04-03;1996;404;113997;40340;19.1;6.8
22;2021-04-04;37;0;114034;40340;19.1;6.8
22;2021-04-05;14;0;114048;40340;19.1;6.8
22;2021-04-06;3288;1140;117336;41480;19.7;7.0
22;2021-04-07;3424;1364;120760;42844;20.3;7.2
22;2021-04-08;4443;1318;125203;44162;21.0;7.4
22;2021-04-09;5185;1350;130388;45512;21.9;7.6
22;2021-04-10;2443;364;132831;45876;22.3;7.7
22;2021-04-11;477;8;133308;45884;22.4;7.7
22;2021-04-12;2985;995;136293;46879;22.9;7.9
22;2021-04-13;3321;1517;139614;48396;23.4;8.1
22;2021-04-14;3167;2482;142781;50878;23.9;8.5
22;2021-04-15;3596;2433;146377;53311;24.6;8.9
22;2021-04-16;3627;2490;150004;55801;25.2;9.4
22;2021-04-17;1914;1785;151918;57586;25.5;9.7
22;2021-04-18;17;0;151935;57586;25.5;9.7
22;2021-04-19;3020;2142;154955;59728;26.0;10.0
22;2021-04-20;3305;2787;158260;62515;26.5;10.5
22;2021-04-21;3223;2732;161483;65247;27.1;10.9
22;2021-04-22;3591;3129;165074;68376;27.7;11.5
22;2021-04-23;3727;3165;168801;71541;28.3;12.0
22;2021-04-24;1994;1962;170795;73503;28.6;12.3
22;2021-04-25;17;0;170812;73503;28.7;12.3
22;2021-04-26;3208;2846;174020;76349;29.2;12.8
22;2021-04-27;3373;3144;177393;79493;29.8;13.3
22;2021-04-28;3490;3148;180883;82641;30.3;13.9
22;2021-04-29;4079;3271;184962;85912;31.0;14.4
22;2021-04-30;3904;3225;188866;89137;31.7;15.0
22;2021-05-01;60;69;188926;89206;31.7;15.0
22;2021-05-02;1238;57;190164;89263;31.9;15.0
22;2021-05-03;2030;2708;192194;91971;32.2;15.4
22;2021-05-04;2155;2896;194349;94867;32.6;15.9
22;2021-05-05;2047;3008;196396;97875;32.9;16.4
22;2021-05-06;2510;3494;198906;101369;33.4;17.0
22;2021-05-07;2828;3405;201734;104774;33.8;17.6
22;2021-05-08;45;122;201779;104896;33.8;17.6
22;2021-05-09;600;435;202379;105331;33.9;17.7
22;2021-05-10;4474;2723;206853;108054;34.7;18.1
22;2021-05-11;5104;2899;211957;110953;35.6;18.6
22;2021-05-12;6598;1016;218555;111969;36.7;18.8
22;2021-05-13;528;35;219083;112004;36.7;18.8
22;2021-05-14;6398;1080;225481;113084;37.8;19.0
22;2021-05-15;3986;426;229467;113510;38.5;19.0
22;2021-05-16;419;36;229886;113546;38.6;19.0
22;2021-05-17;5665;516;235551;114062;39.5;19.1
22;2021-05-18;6006;946;241557;115008;40.5;19.3
22;2021-05-19;6125;701;247682;115709;41.5;19.4
22;2021-05-20;6587;1373;254269;117082;42.6;19.6
22;2021-05-21;5887;1460;260156;118542;43.6;19.9
22;2021-05-22;4082;770;264238;119312;44.3;20.0
22;2021-05-23;406;14;264644;119326;44.4;20.0
22;2021-05-24;5304;220;269948;119546;45.3;20.1
22;2021-05-25;5630;1176;275578;120722;46.2;20.2
22;2021-05-26;4212;2804;279790;123526;46.9;20.7
22;2021-05-27;4503;3838;284293;127364;47.7;21.4
22;2021-05-28;4387;4439;288680;131803;48.4;22.1
22;2021-05-29;3045;1770;291725;133573;48.9;22.4
22;2021-05-30;19;7;291744;133580;48.9;22.4
22;2021-05-31;3649;3154;295393;136734;49.5;22.9
22;2021-06-01;3520;3690;298913;140424;50.1;23.6
22;2021-06-02;3079;3384;301992;143808;50.7;24.1
22;2021-06-03;3184;4098;305176;147906;51.2;24.8
22;2021-06-04;3367;4548;308543;152454;51.8;25.6
22;2021-06-05;3541;2027;312084;154481;52.3;25.9
22;2021-06-06;213;29;312297;154510;52.4;25.9
22;2021-06-07;3036;3254;315333;157764;52.9;26.5
22;2021-06-08;2789;3528;318122;161292;53.4;27.1
22;2021-06-09;2536;3507;320658;164799;53.8;27.6
22;2021-06-10;2515;4249;323173;169048;54.2;28.4
22;2021-06-11;2541;4227;325714;173275;54.6;29.1
22;2021-06-12;2412;1454;328126;174729;55.0;29.3
22;2021-06-13;133;1093;328259;175822;55.1;29.5
22;2021-06-14;2636;2467;330895;178289;55.5;29.9
22;2021-06-15;3093;2997;333988;181286;56.0;30.4
22;2021-06-16;3004;2810;336992;184096;56.5;30.9
22;2021-06-17;2566;3178;339558;187274;57.0;31.4
22;2021-06-18;3097;4112;342655;191386;57.5;32.1
22;2021-06-19;2982;1454;345637;192840;58.0;32.3
22;2021-06-20;154;8;345791;192848;58.0;32.3
22;2021-06-21;1774;5019;347565;197867;58.3;33.2
22;2021-06-22;2390;5554;349955;203421;58.7;34.1
22;2021-06-23;1268;6206;351223;209627;58.9;35.2
22;2021-06-24;2563;3917;353786;213544;59.3;35.8
22;2021-06-25;1553;6814;355339;220358;59.6;37.0
22;2021-06-26;783;3857;356122;224215;59.7;37.6
22;2021-06-27;4;512;356126;224727;59.7;37.7
22;2021-06-28;1046;5589;357172;230316;59.9;38.6
22;2021-06-29;1365;5957;358537;236273;60.1;39.6
22;2021-06-30;1114;5738;359651;242011;60.3;40.6
22;2021-07-01;1353;6043;361004;248054;60.6;41.6
22;2021-07-02;1654;6089;362658;254143;60.8;42.6
22;2021-07-03;984;3816;363642;257959;61.0;43.3
22;2021-07-04;144;363;363786;258322;61.0;43.3
22;2021-07-05;1553;5800;365339;264122;61.3;44.3
22;2021-07-06;2295;6000;367634;270122;61.7;45.3
22;2021-07-07;2237;4935;369871;275057;62.0;46.1
22;2021-07-08;2484;5100;372355;280157;62.5;47.0
22;2021-07-09;2456;5384;374811;285541;62.9;47.9
22;2021-07-10;1767;3354;376578;288895;63.2;48.5
22;2021-07-11;478;71;377056;288966;63.2;48.5
22;2021-07-12;2278;4732;379334;293698;63.6;49.3
22;2021-07-13;3738;5047;383072;298745;64.3;50.1
22;2021-07-14;690;2498;383762;301243;64.4;50.5
22;2021-07-15;3779;4628;387541;305871;65.0;51.3
22;2021-07-16;3778;5293;391319;311164;65.6;52.2
22;2021-07-17;2520;3417;393839;314581;66.1;52.8
22;2021-07-18;561;85;394400;314666;66.2;52.8
22;2021-07-19;2715;4103;397115;318769;66.6;53.5
22;2021-07-20;3825;4127;400940;322896;67.3;54.2
22;2021-07-21;3934;3406;404874;326302;67.9;54.7
22;2021-07-22;4780;3702;409654;330004;68.7;55.4
22;2021-07-23;4398;4208;414052;334212;69.5;56.1
22;2021-07-24;2227;2617;416279;336829;69.8;56.5
22;2021-07-25;117;150;416396;336979;69.8;56.5
22;2021-07-26;2980;3910;419376;340889;70.3;57.2
22;2021-07-27;3640;4911;423016;345800;71.0;58.0
22;2021-07-28;3636;3638;426652;349438;71.6;58.6
22;2021-07-29;4242;3765;430894;353203;72.3;59.2
22;2021-07-30;3993;3967;434887;357170;72.9;59.9
22;2021-07-31;2365;2787;437252;359957;73.3;60.4
22;2021-08-01;114;152;437366;360109;73.4;60.4
22;2021-08-02;4596;2511;441962;362620;74.1;60.8
23;2020-12-27;0;0;0;0;0.0;0.0
23;2020-12-28;1;0;1;0;0.0;0.0
23;2020-12-29;0;0;1;0;0.0;0.0
23;2020-12-30;0;0;1;0;0.0;0.0
23;2020-12-31;0;0;1;0;0.0;0.0
23;2021-01-01;0;0;1;0;0.0;0.0
23;2021-01-02;1;0;2;0;0.0;0.0
23;2021-01-03;0;0;2;0;0.0;0.0
23;2021-01-04;1;0;3;0;0.0;0.0
23;2021-01-05;3;0;6;0;0.0;0.0
23;2021-01-06;10;0;16;0;0.0;0.0
23;2021-01-07;116;0;132;0;0.1;0.0
23;2021-01-08;116;0;248;0;0.2;0.0
23;2021-01-09;35;0;283;0;0.2;0.0
23;2021-01-10;1;0;284;0;0.2;0.0
23;2021-01-11;173;0;457;0;0.4;0.0
23;2021-01-12;234;1;691;1;0.6;0.0
23;2021-01-13;308;0;999;1;0.9;0.0
23;2021-01-14;290;3;1289;4;1.1;0.0
23;2021-01-15;334;5;1623;9;1.4;0.0
23;2021-01-16;163;1;1786;10;1.5;0.0
23;2021-01-17;0;0;1786;10;1.5;0.0
23;2021-01-18;341;1;2127;11;1.8;0.0
23;2021-01-19;497;2;2624;13;2.3;0.0
23;2021-01-20;362;1;2986;14;2.6;0.0
23;2021-01-21;697;1;3683;15;3.2;0.0
23;2021-01-22;477;0;4160;15;3.6;0.0
23;2021-01-23;368;1;4528;16;3.9;0.0
23;2021-01-24;0;0;4528;16;3.9;0.0
23;2021-01-25;382;17;4910;33;4.2;0.0
23;2021-01-26;300;5;5210;38;4.5;0.0
23;2021-01-27;228;3;5438;41;4.7;0.0
23;2021-01-28;233;47;5671;88;4.9;0.1
23;2021-01-29;303;103;5974;191;5.1;0.2
23;2021-01-30;100;28;6074;219;5.2;0.2
23;2021-01-31;2;34;6076;253;5.2;0.2
23;2021-02-01;147;106;6223;359;5.4;0.3
23;2021-02-02;157;123;6380;482;5.5;0.4
23;2021-02-03;105;211;6485;693;5.6;0.6
23;2021-02-04;78;265;6563;958;5.6;0.8
23;2021-02-05;115;314;6678;1272;5.7;1.1
23;2021-02-06;14;168;6692;1440;5.8;1.2
23;2021-02-07;1;0;6693;1440;5.8;1.2
23;2021-02-08;125;218;6818;1658;5.9;1.4
23;2021-02-09;85;296;6903;1954;5.9;1.7
23;2021-02-10;89;283;6992;2237;6.0;1.9
23;2021-02-11;244;590;7236;2827;6.2;2.4
23;2021-02-12;174;284;7410;3111;6.4;2.7
23;2021-02-13;8;192;7418;3303;6.4;2.8
23;2021-02-14;8;0;7426;3303;6.4;2.8
23;2021-02-15;157;367;7583;3670;6.5;3.2
23;2021-02-16;103;444;7686;4114;6.6;3.5
23;2021-02-17;65;493;7751;4607;6.7;4.0
23;2021-02-18;142;372;7893;4979;6.8;4.3
23;2021-02-19;109;253;8002;5232;6.9;4.5
23;2021-02-20;2;93;8004;5325;6.9;4.6
23;2021-02-21;0;0;8004;5325;6.9;4.6
23;2021-02-22;104;212;8108;5537;7.0;4.8
23;2021-02-23;107;220;8215;5757;7.1;5.0
23;2021-02-24;174;168;8389;5925;7.2;5.1
23;2021-02-25;183;108;8572;6033;7.4;5.2
23;2021-02-26;286;165;8858;6198;7.6;5.3
23;2021-02-27;112;10;8970;6208;7.7;5.3
23;2021-02-28;1;31;8971;6239;7.7;5.4
23;2021-03-01;88;201;9059;6440;7.8;5.5
23;2021-03-02;229;132;9288;6572;8.0;5.7
23;2021-03-03;132;90;9420;6662;8.1;5.7
23;2021-03-04;307;138;9727;6800;8.4;5.8
23;2021-03-05;517;111;10244;6911;8.8;5.9
23;2021-03-06;494;4;10738;6915;9.2;5.9
23;2021-03-07;313;2;11051;6917;9.5;5.9
23;2021-03-08;196;72;11247;6989;9.7;6.0
23;2021-03-09;421;96;11668;7085;10.0;6.1
23;2021-03-10;348;39;12016;7124;10.3;6.1
23;2021-03-11;324;48;12340;7172;10.6;6.2
23;2021-03-12;617;33;12957;7205;11.1;6.2
23;2021-03-13;285;12;13242;7217;11.4;6.2
23;2021-03-14;45;34;13287;7251;11.4;6.2
23;2021-03-15;220;126;13507;7377;11.6;6.3
23;2021-03-16;192;90;13699;7467;11.8;6.4
23;2021-03-17;131;101;13830;7568;11.9;6.5
23;2021-03-18;192;97;14022;7665;12.1;6.6
23;2021-03-19;205;121;14227;7786;12.2;6.7
23;2021-03-20;630;35;14857;7821;12.8;6.7
23;2021-03-21;128;0;14985;7821;12.9;6.7
23;2021-03-22;264;147;15249;7968;13.1;6.9
23;2021-03-23;503;105;15752;8073;13.5;6.9
23;2021-03-24;422;125;16174;8198;13.9;7.1
23;2021-03-25;818;185;16992;8383;14.6;7.2
23;2021-03-26;733;194;17725;8577;15.2;7.4
23;2021-03-27;505;47;18230;8624;15.7;7.4
23;2021-03-28;3;9;18233;8633;15.7;7.4
23;2021-03-29;358;111;18591;8744;16.0;7.5
23;2021-03-30;537;175;19128;8919;16.5;7.7
23;2021-03-31;411;173;19539;9092;16.8;7.8
23;2021-04-01;600;169;20139;9261;17.3;8.0
23;2021-04-02;497;296;20636;9557;17.7;8.2
23;2021-04-03;715;43;21351;9600;18.4;8.3
23;2021-04-04;4;0;21355;9600;18.4;8.3
23;2021-04-05;0;3;21355;9603;18.4;8.3
23;2021-04-06;381;294;21736;9897;18.7;8.5
23;2021-04-07;705;307;22441;10204;19.3;8.8
23;2021-04-08;803;230;23244;10434;20.0;9.0
23;2021-04-09;939;357;24183;10791;20.8;9.3
23;2021-04-10;1097;108;25280;10899;21.7;9.4
23;2021-04-11;21;2;25301;10901;21.8;9.4
23;2021-04-12;692;232;25993;11133;22.4;9.6
23;2021-04-13;667;302;26660;11435;22.9;9.8
23;2021-04-14;586;174;27246;11609;23.4;10.0
23;2021-04-15;928;182;28174;11791;24.2;10.1
23;2021-04-16;902;206;29076;11997;25.0;10.3
23;2021-04-17;994;551;30070;12548;25.9;10.8
23;2021-04-18;3;136;30073;12684;25.9;10.9
23;2021-04-19;611;296;30684;12980;26.4;11.2
23;2021-04-20;721;289;31405;13269;27.0;11.4
23;2021-04-21;733;388;32138;13657;27.6;11.7
23;2021-04-22;657;474;32795;14131;28.2;12.2
23;2021-04-23;592;340;33387;14471;28.7;12.4
23;2021-04-24;855;448;34242;14919;29.5;12.8
23;2021-04-25;0;0;34242;14919;29.5;12.8
23;2021-04-26;615;252;34857;15171;30.0;13.0
23;2021-04-27;676;425;35533;15596;30.6;13.4
23;2021-04-28;628;275;36161;15871;31.1;13.7
23;2021-04-29;883;379;37044;16250;31.9;14.0
23;2021-04-30;719;787;37763;17037;32.5;14.7
23;2021-05-01;1223;37;38986;17074;33.5;14.7
23;2021-05-02;14;0;39000;17074;33.5;14.7
23;2021-05-03;431;520;39431;17594;33.9;15.1
23;2021-05-04;616;511;40047;18105;34.4;15.6
23;2021-05-05;538;711;40585;18816;34.9;16.2
23;2021-05-06;727;700;41312;19516;35.5;16.8
23;2021-05-07;682;640;41994;20156;36.1;17.3
23;2021-05-08;1410;586;43404;20742;37.3;17.8
23;2021-05-09;3;0;43407;20742;37.3;17.8
23;2021-05-10;555;656;43962;21398;37.8;18.4
23;2021-05-11;561;764;44523;22162;38.3;19.1
23;2021-05-12;720;661;45243;22823;38.9;19.6
23;2021-05-13;536;56;45779;22879;39.4;19.7
23;2021-05-14;788;459;46567;23338;40.1;20.1
23;2021-05-15;994;232;47561;23570;40.9;20.3
23;2021-05-16;0;0;47561;23570;40.9;20.3
23;2021-05-17;567;448;48128;24018;41.4;20.7
23;2021-05-18;773;291;48901;24309;42.1;20.9
23;2021-05-19;1050;256;49951;24565;43.0;21.1
23;2021-05-20;836;316;50787;24881;43.7;21.4
23;2021-05-21;1104;310;51891;25191;44.6;21.7
23;2021-05-22;740;125;52631;25316;45.3;21.8
23;2021-05-23;2;20;52633;25336;45.3;21.8
23;2021-05-24;362;163;52995;25499;45.6;21.9
23;2021-05-25;904;336;53899;25835;46.4;22.2
23;2021-05-26;1076;226;54975;26061;47.3;22.4
23;2021-05-27;931;433;55906;26494;48.1;22.8
23;2021-05-28;781;744;56687;27238;48.8;23.4
23;2021-05-29;638;1098;57325;28336;49.3;24.4
23;2021-05-30;6;63;57331;28399;49.3;24.4
23;2021-05-31;432;540;57763;28939;49.7;24.9
23;2021-06-01;581;825;58344;29764;50.2;25.6
23;2021-06-02;624;521;58968;30285;50.7;26.0
23;2021-06-03;705;549;59673;30834;51.3;26.5
23;2021-06-04;779;613;60452;31447;52.0;27.0
23;2021-06-05;546;777;60998;32224;52.5;27.7
23;2021-06-06;0;0;60998;32224;52.5;27.7
23;2021-06-07;393;696;61391;32920;52.8;28.3
23;2021-06-08;321;774;61712;33694;53.1;29.0
23;2021-06-09;284;649;61996;34343;53.3;29.5
23;2021-06-10;372;692;62368;35035;53.6;30.1
23;2021-06-11;379;808;62747;35843;54.0;30.8
23;2021-06-12;383;1265;63130;37108;54.3;31.9
23;2021-06-13;13;5;63143;37113;54.3;31.9
23;2021-06-14;236;590;63379;37703;54.5;32.4
23;2021-06-15;230;861;63609;38564;54.7;33.2
23;2021-06-16;362;581;63971;39145;55.0;33.7
23;2021-06-17;338;810;64309;39955;55.3;34.4
23;2021-06-18;355;767;64664;40722;55.6;35.0
23;2021-06-19;490;1524;65154;42246;56.0;36.3
23;2021-06-20;2;11;65156;42257;56.0;36.3
23;2021-06-21;203;620;65359;42877;56.2;36.9
23;2021-06-22;215;683;65574;43560;56.4;37.5
23;2021-06-23;220;749;65794;44309;56.6;38.1
23;2021-06-24;197;606;65991;44915;56.8;38.6
23;2021-06-25;303;814;66294;45729;57.0;39.3
23;2021-06-26;222;999;66516;46728;57.2;40.2
23;2021-06-27;3;0;66519;46728;57.2;40.2
23;2021-06-28;115;693;66634;47421;57.3;40.8
23;2021-06-29;189;823;66823;48244;57.5;41.5
23;2021-06-30;165;944;66988;49188;57.6;42.3
23;2021-07-01;168;869;67156;50057;57.8;43.1
23;2021-07-02;191;1070;67347;51127;57.9;44.0
23;2021-07-03;250;980;67597;52107;58.1;44.8
23;2021-07-04;1;0;67598;52107;58.1;44.8
23;2021-07-05;158;805;67756;52912;58.3;45.5
23;2021-07-06;211;1043;67967;53955;58.5;46.4
23;2021-07-07;209;854;68176;54809;58.6;47.1
23;2021-07-08;251;740;68427;55549;58.9;47.8
23;2021-07-09;272;1010;68699;56559;59.1;48.6
23;2021-07-10;234;646;68933;57205;59.3;49.2
23;2021-07-11;0;0;68933;57205;59.3;49.2
23;2021-07-12;232;702;69165;57907;59.5;49.8
23;2021-07-13;469;920;69634;58827;59.9;50.6
23;2021-07-14;208;321;69842;59148;60.1;50.9
23;2021-07-15;474;811;70316;59959;60.5;51.6
23;2021-07-16;758;570;71074;60529;61.1;52.1
23;2021-07-17;218;479;71292;61008;61.3;52.5
23;2021-07-18;0;1;71292;61009;61.3;52.5
23;2021-07-19;702;629;71994;61638;61.9;53.0
23;2021-07-20;630;567;72624;62205;62.5;53.5
23;2021-07-21;696;634;73320;62839;63.1;54.0
23;2021-07-22;937;436;74257;63275;63.9;54.4
23;2021-07-23;838;504;75095;63779;64.6;54.9
23;2021-07-24;1007;435;76102;64214;65.5;55.2
23;2021-07-25;11;16;76113;64230;65.5;55.2
23;2021-07-26;783;568;76896;64798;66.1;55.7
23;2021-07-27;908;438;77804;65236;66.9;56.1
23;2021-07-28;870;413;78674;65649;67.7;56.5
23;2021-07-29;1044;398;79718;66047;68.6;56.8
23;2021-07-30;938;518;80656;66565;69.4;57.3
23;2021-07-31;1160;304;81816;66869;70.4;57.5
23;2021-08-01;18;8;81834;66877;70.4;57.5
23;2021-08-02;662;502;82496;67379;71.0;58.0
24;2020-12-27;0;0;0;0;0.0;0.0
24;2020-12-28;0;0;0;0;0.0;0.0
24;2020-12-29;2;0;2;0;0.0;0.0
24;2020-12-30;1;0;3;0;0.0;0.0
24;2020-12-31;0;0;3;0;0.0;0.0
24;2021-01-01;0;0;3;0;0.0;0.0
24;2021-01-02;0;0;3;0;0.0;0.0
24;2021-01-03;0;0;3;0;0.0;0.0
24;2021-01-04;0;0;3;0;0.0;0.0
24;2021-01-05;1;0;4;0;0.0;0.0
24;2021-01-06;0;0;4;0;0.0;0.0
24;2021-01-07;190;0;194;0;0.0;0.0
24;2021-01-08;280;0;474;0;0.1;0.0
24;2021-01-09;185;0;659;0;0.2;0.0
24;2021-01-10;35;0;694;0;0.2;0.0
24;2021-01-11;269;0;963;0;0.2;0.0
24;2021-01-12;281;0;1244;0;0.3;0.0
24;2021-01-13;233;1;1477;1;0.4;0.0
24;2021-01-14;1012;9;2489;10;0.6;0.0
24;2021-01-15;602;3;3091;13;0.8;0.0
24;2021-01-16;86;0;3177;13;0.8;0.0
24;2021-01-17;1;1;3178;14;0.8;0.0
24;2021-01-18;298;0;3476;14;0.9;0.0
24;2021-01-19;467;1;3943;15;1.0;0.0
24;2021-01-20;550;0;4493;15;1.1;0.0
24;2021-01-21;644;6;5137;21;1.3;0.0
24;2021-01-22;513;0;5650;21;1.4;0.0
24;2021-01-23;151;1;5801;22;1.4;0.0
24;2021-01-24;2;0;5803;22;1.4;0.0
24;2021-01-25;440;0;6243;22;1.5;0.0
24;2021-01-26;633;66;6876;88;1.7;0.0
24;2021-01-27;1261;12;8137;100;2.0;0.0
24;2021-01-28;983;123;9120;223;2.2;0.1
24;2021-01-29;932;139;10052;362;2.5;0.1
24;2021-01-30;281;1;10333;363;2.5;0.1
24;2021-01-31;0;0;10333;363;2.5;0.1
24;2021-02-01;377;173;10710;536;2.6;0.1
24;2021-02-02;611;313;11321;849;2.8;0.2
24;2021-02-03;650;493;11971;1342;2.9;0.3
24;2021-02-04;975;392;12946;1734;3.2;0.4
24;2021-02-05;686;446;13632;2180;3.3;0.5
24;2021-02-06;137;35;13769;2215;3.4;0.5
24;2021-02-07;33;0;13802;2215;3.4;0.5
24;2021-02-08;309;233;14111;2448;3.5;0.6
24;2021-02-09;451;230;14562;2678;3.6;0.7
24;2021-02-10;372;110;14934;2788;3.7;0.7
24;2021-02-11;556;518;15490;3306;3.8;0.8
24;2021-02-12;495;394;15985;3700;3.9;0.9
24;2021-02-13;202;46;16187;3746;4.0;0.9
24;2021-02-14;89;1;16276;3747;4.0;0.9
24;2021-02-15;187;243;16463;3990;4.0;1.0
24;2021-02-16;334;522;16797;4512;4.1;1.1
24;2021-02-17;579;827;17376;5339;4.3;1.3
24;2021-02-18;441;729;17817;6068;4.4;1.5
24;2021-02-19;460;677;18277;6745;4.5;1.7
24;2021-02-20;163;143;18440;6888;4.5;1.7
24;2021-02-21;107;0;18547;6888;4.5;1.7
24;2021-02-22;426;530;18973;7418;4.6;1.8
24;2021-02-23;563;682;19536;8100;4.8;2.0
24;2021-02-24;534;831;20070;8931;4.9;2.2
24;2021-02-25;725;864;20795;9795;5.1;2.4
24;2021-02-26;974;972;21769;10767;5.3;2.6
24;2021-02-27;363;265;22132;11032;5.4;2.7
24;2021-02-28;24;4;22156;11036;5.4;2.7
24;2021-03-01;292;373;22448;11409;5.5;2.8
24;2021-03-02;538;417;22986;11826;5.6;2.9
24;2021-03-03;679;342;23665;12168;5.8;3.0
24;2021-03-04;913;508;24578;12676;6.0;3.1
24;2021-03-05;1065;562;25643;13238;6.3;3.2
24;2021-03-06;1122;141;26765;13379;6.6;3.3
24;2021-03-07;232;62;26997;13441;6.6;3.3
24;2021-03-08;530;257;27527;13698;6.7;3.4
24;2021-03-09;1172;441;28699;14139;7.0;3.5
24;2021-03-10;1140;447;29839;14586;7.3;3.6
24;2021-03-11;1603;460;31442;15046;7.7;3.7
24;2021-03-12;2048;441;33490;15487;8.2;3.8
24;2021-03-13;1344;202;34834;15689;8.5;3.8
24;2021-03-14;141;92;34975;15781;8.6;3.9
24;2021-03-15;952;169;35927;15950;8.8;3.9
24;2021-03-16;1140;230;37067;16180;9.1;4.0
24;2021-03-17;1215;284;38282;16464;9.4;4.0
24;2021-03-18;1055;556;39337;17020;9.6;4.2
24;2021-03-19;1253;535;40590;17555;9.9;4.3
24;2021-03-20;1055;148;41645;17703;10.2;4.3
24;2021-03-21;25;11;41670;17714;10.2;4.3
24;2021-03-22;1223;421;42893;18135;10.5;4.4
24;2021-03-23;1879;399;44772;18534;11.0;4.5
24;2021-03-24;1888;385;46660;18919;11.4;4.6
24;2021-03-25;1989;467;48649;19386;11.9;4.7
24;2021-03-26;2373;283;51022;19669;12.5;4.8
24;2021-03-27;1349;40;52371;19709;12.8;4.8
24;2021-03-28;61;9;52432;19718;12.8;4.8
24;2021-03-29;1673;325;54105;20043;13.2;4.9
24;2021-03-30;2408;395;56513;20438;13.8;5.0
24;2021-03-31;2181;311;58694;20749;14.4;5.1
24;2021-04-01;2195;311;60889;21060;14.9;5.2
24;2021-04-02;2072;395;62961;21455;15.4;5.3
24;2021-04-03;1373;122;64334;21577;15.8;5.3
24;2021-04-04;73;0;64407;21577;15.8;5.3
24;2021-04-05;946;58;65353;21635;16.0;5.3
24;2021-04-06;2351;699;67704;22334;16.6;5.5
24;2021-04-07;2716;687;70420;23021;17.2;5.6
24;2021-04-08;3005;954;73425;23975;18.0;5.9
24;2021-04-09;3486;1001;76911;24976;18.8;6.1
24;2021-04-10;2593;307;79504;25283;19.5;6.2
24;2021-04-11;1101;19;80605;25302;19.7;6.2
24;2021-04-12;2494;817;83099;26119;20.3;6.4
24;2021-04-13;2902;1199;86001;27318;21.1;6.7
24;2021-04-14;2935;1188;88936;28506;21.8;7.0
24;2021-04-15;2792;1078;91728;29584;22.5;7.2
24;2021-04-16;3265;954;94993;30538;23.3;7.5
24;2021-04-17;2269;499;97262;31037;23.8;7.6
24;2021-04-18;424;5;97686;31042;23.9;7.6
24;2021-04-19;1598;1008;99284;32050;24.3;7.8
24;2021-04-20;2266;1427;101550;33477;24.9;8.2
24;2021-04-21;2144;1439;103694;34916;25.4;8.5
24;2021-04-22;2060;1254;105754;36170;25.9;8.9
24;2021-04-23;1956;1332;107710;37502;26.4;9.2
24;2021-04-24;859;725;108569;38227;26.6;9.4
24;2021-04-25;54;4;108623;38231;26.6;9.4
24;2021-04-26;1295;1480;109918;39711;26.9;9.7
24;2021-04-27;1852;1879;111770;41590;27.4;10.2
24;2021-04-28;1504;1954;113274;43544;27.7;10.7
24;2021-04-29;1726;1887;115000;45431;28.2;11.1
24;2021-04-30;2268;1776;117268;47207;28.7;11.6
24;2021-05-01;2054;1065;119322;48272;29.2;11.8
24;2021-05-02;1923;208;121245;48480;29.7;11.9
24;2021-05-03;1474;1833;122719;50313;30.0;12.3
24;2021-05-04;2227;2291;124946;52604;30.6;12.9
24;2021-05-05;1887;2719;126833;55323;31.1;13.5
24;2021-05-06;1888;2766;128721;58089;31.5;14.2
24;2021-05-07;2263;2780;130984;60869;32.1;14.9
24;2021-05-08;1282;1152;132266;62021;32.4;15.2
24;2021-05-09;1166;899;133432;62920;32.7;15.4
24;2021-05-10;1095;2628;134527;65548;32.9;16.1
24;2021-05-11;2034;2793;136561;68341;33.4;16.7
24;2021-05-12;1924;2253;138485;70594;33.9;17.3
24;2021-05-13;1465;1214;139950;71808;34.3;17.6
24;2021-05-14;2378;1332;142328;73140;34.9;17.9
24;2021-05-15;2048;811;144376;73951;35.4;18.1
24;2021-05-16;1170;347;145546;74298;35.6;18.2
24;2021-05-17;2242;1254;147788;75552;36.2;18.5
24;2021-05-18;2481;1817;150269;77369;36.8;18.9
24;2021-05-19;2284;1377;152553;78746;37.4;19.3
24;2021-05-20;2373;1580;154926;80326;37.9;19.7
24;2021-05-21;2432;1413;157358;81739;38.5;20.0
24;2021-05-22;1719;406;159077;82145;39.0;20.1
24;2021-05-23;951;72;160028;82217;39.2;20.1
24;2021-05-24;1514;335;161542;82552;39.6;20.2
24;2021-05-25;2297;1383;163839;83935;40.1;20.6
24;2021-05-26;2147;1315;165986;85250;40.6;20.9
24;2021-05-27;1748;2196;167734;87446;41.1;21.4
24;2021-05-28;2145;2003;169879;89449;41.6;21.9
24;2021-05-29;1150;2089;171029;91538;41.9;22.4
24;2021-05-30;1418;171;172447;91709;42.2;22.5
24;2021-05-31;1742;1365;174189;93074;42.7;22.8
24;2021-06-01;2572;1971;176761;95045;43.3;23.3
24;2021-06-02;2652;1785;179413;96830;43.9;23.7
24;2021-06-03;2291;1464;181704;98294;44.5;24.1
24;2021-06-04;2381;1891;184085;100185;45.1;24.5
24;2021-06-05;2005;1417;186090;101602;45.6;24.9
24;2021-06-06;766;223;186856;101825;45.8;24.9
24;2021-06-07;1432;1492;188288;103317;46.1;25.3
24;2021-06-08;1675;1909;189963;105226;46.5;25.8
24;2021-06-09;1322;1596;191285;106822;46.8;26.2
24;2021-06-10;1574;1908;192859;108730;47.2;26.6
24;2021-06-11;1325;2079;194184;110809;47.5;27.1
24;2021-06-12;1125;2543;195309;113352;47.8;27.8
24;2021-06-13;1238;921;196547;114273;48.1;28.0
24;2021-06-14;1165;1859;197712;116132;48.4;28.4
24;2021-06-15;1486;2992;199198;119124;48.8;29.2
24;2021-06-16;1670;2732;200868;121856;49.2;29.8
24;2021-06-17;1542;2182;202410;124038;49.6;30.4
24;2021-06-18;1398;2863;203808;126901;49.9;31.1
24;2021-06-19;1274;1520;205082;128421;50.2;31.4
24;2021-06-20;513;498;205595;128919;50.3;31.6
24;2021-06-21;931;1836;206526;130755;50.6;32.0
24;2021-06-22;1452;2589;207978;133344;50.9;32.7
24;2021-06-23;1424;2420;209402;135764;51.3;33.2
24;2021-06-24;1131;1912;210533;137676;51.6;33.7
24;2021-06-25;964;2817;211497;140493;51.8;34.4
24;2021-06-26;862;2104;212359;142597;52.0;34.9
24;2021-06-27;401;975;212760;143572;52.1;35.2
24;2021-06-28;812;2482;213572;146054;52.3;35.8
24;2021-06-29;933;2867;214505;148921;52.5;36.5
24;2021-06-30;1106;2457;215611;151378;52.8;37.1
24;2021-07-01;1117;2296;216728;153674;53.1;37.6
24;2021-07-02;1089;2742;217817;156416;53.3;38.3
24;2021-07-03;808;1902;218625;158318;53.5;38.8
24;2021-07-04;410;1011;219035;159329;53.6;39.0
24;2021-07-05;786;2317;219821;161646;53.8;39.6
24;2021-07-06;877;3356;220698;165002;54.0;40.4
24;2021-07-07;1079;3044;221777;168046;54.3;41.1
24;2021-07-08;1338;2121;223115;170167;54.6;41.7
24;2021-07-09;1170;3224;224285;173391;54.9;42.5
24;2021-07-10;479;1963;224764;175354;55.0;42.9
24;2021-07-11;584;1188;225348;176542;55.2;43.2
24;2021-07-12;891;2524;226239;179066;55.4;43.8
24;2021-07-13;1319;3219;227558;182285;55.7;44.6
24;2021-07-14;611;1190;228169;183475;55.9;44.9
24;2021-07-15;1684;2780;229853;186255;56.3;45.6
24;2021-07-16;2137;2604;231990;188859;56.8;46.2
24;2021-07-17;1519;2235;233509;191094;57.2;46.8
24;2021-07-18;706;885;234215;191979;57.4;47.0
24;2021-07-19;1561;2184;235776;194163;57.7;47.5
24;2021-07-20;2004;2444;237780;196607;58.2;48.1
24;2021-07-21;1871;2326;239651;198933;58.7;48.7
24;2021-07-22;2333;2446;241984;201379;59.3;49.3
24;2021-07-23;2275;2621;244259;204000;59.8;50.0
24;2021-07-24;1802;1539;246061;205539;60.3;50.3
24;2021-07-25;809;864;246870;206403;60.4;50.5
24;2021-07-26;1562;2018;248432;208421;60.8;51.0
24;2021-07-27;2828;2275;251260;210696;61.5;51.6
24;2021-07-28;2723;1933;253983;212629;62.2;52.1
24;2021-07-29;2988;2203;256971;214832;62.9;52.6
24;2021-07-30;2435;1901;259406;216733;63.5;53.1
24;2021-07-31;1624;1545;261030;218278;63.9;53.4
24;2021-08-01;1099;647;262129;218925;64.2;53.6
24;2021-08-02;1892;1607;264021;220532;64.6;54.0
25;2020-12-27;0;0;0;0;0.0;0.0
25;2020-12-28;1;0;1;0;0.0;0.0
25;2020-12-29;0;0;1;0;0.0;0.0
25;2020-12-30;0;0;1;0;0.0;0.0
25;2020-12-31;2;0;3;0;0.0;0.0
25;2021-01-01;0;0;3;0;0.0;0.0
25;2021-01-02;0;0;3;0;0.0;0.0
25;2021-01-03;0;0;3;0;0.0;0.0
25;2021-01-04;0;0;3;0;0.0;0.0
25;2021-01-05;1;0;4;0;0.0;0.0
25;2021-01-06;75;1;79;1;0.0;0.0
25;2021-01-07;236;1;315;2;0.1;0.0
25;2021-01-08;342;1;657;3;0.1;0.0
25;2021-01-09;102;0;759;3;0.1;0.0
25;2021-01-10;0;0;759;3;0.1;0.0
25;2021-01-11;499;4;1258;7;0.2;0.0
25;2021-01-12;675;2;1933;9;0.4;0.0
25;2021-01-13;626;0;2559;9;0.5;0.0
25;2021-01-14;896;15;3455;24;0.6;0.0
25;2021-01-15;784;6;4239;30;0.8;0.0
25;2021-01-16;206;1;4445;31;0.8;0.0
25;2021-01-17;112;0;4557;31;0.8;0.0
25;2021-01-18;1295;7;5852;38;1.1;0.0
25;2021-01-19;1411;4;7263;42;1.3;0.0
25;2021-01-20;1419;4;8682;46;1.6;0.0
25;2021-01-21;1795;1;10477;47;1.9;0.0
25;2021-01-22;1503;3;11980;50;2.2;0.0
25;2021-01-23;499;1;12479;51;2.3;0.0
25;2021-01-24;119;0;12598;51;2.3;0.0
25;2021-01-25;990;0;13588;51;2.5;0.0
25;2021-01-26;1487;42;15075;93;2.8;0.0
25;2021-01-27;1247;70;16322;163;3.0;0.0
25;2021-01-28;1089;76;17411;239;3.2;0.0
25;2021-01-29;905;231;18316;470;3.4;0.1
25;2021-01-30;293;92;18609;562;3.4;0.1
25;2021-01-31;2;0;18611;562;3.5;0.1
25;2021-02-01;610;221;19221;783;3.6;0.1
25;2021-02-02;674;414;19895;1197;3.7;0.2
25;2021-02-03;759;249;20654;1446;3.8;0.3
25;2021-02-04;715;445;21369;1891;4.0;0.4
25;2021-02-05;517;464;21886;2355;4.1;0.4
25;2021-02-06;198;157;22084;2512;4.1;0.5
25;2021-02-07;2;34;22086;2546;4.1;0.5
25;2021-02-08;613;507;22699;3053;4.2;0.6
25;2021-02-09;616;491;23315;3544;4.3;0.7
25;2021-02-10;817;485;24132;4029;4.5;0.7
25;2021-02-11;586;852;24718;4881;4.6;0.9
25;2021-02-12;413;549;25131;5430;4.7;1.0
25;2021-02-13;97;140;25228;5570;4.7;1.0
25;2021-02-14;0;0;25228;5570;4.7;1.0
25;2021-02-15;187;1040;25415;6610;4.7;1.2
25;2021-02-16;214;1457;25629;8067;4.8;1.5
25;2021-02-17;110;1343;25739;9410;4.8;1.7
25;2021-02-18;146;1437;25885;10847;4.8;2.0
25;2021-02-19;102;1271;25987;12118;4.8;2.2
25;2021-02-20;26;493;26013;12611;4.8;2.3
25;2021-02-21;1;143;26014;12754;4.8;2.4
25;2021-02-22;83;1067;26097;13821;4.8;2.6
25;2021-02-23;196;1082;26293;14903;4.9;2.8
25;2021-02-24;104;976;26397;15879;4.9;2.9
25;2021-02-25;522;1005;26919;16884;5.0;3.1
25;2021-02-26;607;1004;27526;17888;5.1;3.3
25;2021-02-27;227;374;27753;18262;5.1;3.4
25;2021-02-28;5;0;27758;18262;5.1;3.4
25;2021-03-01;444;620;28202;18882;5.2;3.5
25;2021-03-02;651;833;28853;19715;5.3;3.7
25;2021-03-03;541;732;29394;20447;5.4;3.8
25;2021-03-04;1154;651;30548;21098;5.7;3.9
25;2021-03-05;1852;371;32400;21469;6.0;4.0
25;2021-03-06;1168;224;33568;21693;6.2;4.0
25;2021-03-07;9;6;33577;21699;6.2;4.0
25;2021-03-08;547;709;34124;22408;6.3;4.2
25;2021-03-09;1039;774;35163;23182;6.5;4.3
25;2021-03-10;1150;646;36313;23828;6.7;4.4
25;2021-03-11;1657;575;37970;24403;7.0;4.5
25;2021-03-12;1996;436;39966;24839;7.4;4.6
25;2021-03-13;1114;97;41080;24936;7.6;4.6
25;2021-03-14;35;0;41115;24936;7.6;4.6
25;2021-03-15;1125;127;42240;25063;7.8;4.6
25;2021-03-16;1276;111;43516;25174;8.1;4.7
25;2021-03-17;1414;133;44930;25307;8.3;4.7
25;2021-03-18;1527;77;46457;25384;8.6;4.7
25;2021-03-19;1596;122;48053;25506;8.9;4.7
25;2021-03-20;822;31;48875;25537;9.1;4.7
25;2021-03-21;24;0;48899;25537;9.1;4.7
25;2021-03-22;1486;79;50385;25616;9.3;4.7
25;2021-03-23;2160;132;52545;25748;9.7;4.8
25;2021-03-24;2417;87;54962;25835;10.2;4.8
25;2021-03-25;2838;183;57800;26018;10.7;4.8
25;2021-03-26;3156;165;60956;26183;11.3;4.9
25;2021-03-27;1110;84;62066;26267;11.5;4.9
25;2021-03-28;121;63;62187;26330;11.5;4.9
25;2021-03-29;1786;276;63973;26606;11.9;4.9
25;2021-03-30;2212;386;66185;26992;12.3;5.0
25;2021-03-31;2218;344;68403;27336;12.7;5.1
25;2021-04-01;2451;513;70854;27849;13.1;5.2
25;2021-04-02;2027;591;72881;28440;13.5;5.3
25;2021-04-03;447;107;73328;28547;13.6;5.3
25;2021-04-04;39;21;73367;28568;13.6;5.3
25;2021-04-05;145;4;73512;28572;13.6;5.3
25;2021-04-06;1932;671;75444;29243;14.0;5.4
25;2021-04-07;1878;845;77322;30088;14.3;5.6
25;2021-04-08;2430;812;79752;30900;14.8;5.7
25;2021-04-09;2594;983;82346;31883;15.3;5.9
25;2021-04-10;978;288;83324;32171;15.4;6.0
25;2021-04-11;105;28;83429;32199;15.5;6.0
25;2021-04-12;1557;958;84986;33157;15.8;6.1
25;2021-04-13;1985;1306;86971;34463;16.1;6.4
25;2021-04-14;1750;1195;88721;35658;16.4;6.6
25;2021-04-15;1998;1325;90719;36983;16.8;6.9
25;2021-04-16;2085;991;92804;37974;17.2;7.0
25;2021-04-17;1105;412;93909;38386;17.4;7.1
25;2021-04-18;118;18;94027;38404;17.4;7.1
25;2021-04-19;1326;1249;95353;39653;17.7;7.4
25;2021-04-20;1615;1457;96968;41110;18.0;7.6
25;2021-04-21;1716;1627;98684;42737;18.3;7.9
25;2021-04-22;1857;1705;100541;44442;18.6;8.2
25;2021-04-23;1901;1755;102442;46197;19.0;8.6
25;2021-04-24;1281;705;103723;46902;19.2;8.7
25;2021-04-25;139;113;103862;47015;19.3;8.7
25;2021-04-26;1723;1677;105585;48692;19.6;9.0
25;2021-04-27;2803;1522;108388;50214;20.1;9.3
25;2021-04-28;2425;1550;110813;51764;20.5;9.6
25;2021-04-29;2649;1832;113462;53596;21.0;9.9
25;2021-04-30;3102;1577;116564;55173;21.6;10.2
25;2021-05-01;1789;328;118353;55501;21.9;10.3
25;2021-05-02;442;21;118795;55522;22.0;10.3
25;2021-05-03;2901;833;121696;56355;22.6;10.4
25;2021-05-04;2641;1883;124337;58238;23.0;10.8
25;2021-05-05;2591;1661;126928;59899;23.5;11.1
25;2021-05-06;2927;2163;129855;62062;24.1;11.5
25;2021-05-07;3063;2125;132918;64187;24.6;11.9
25;2021-05-08;1334;227;134252;64414;24.9;11.9
25;2021-05-09;244;87;134496;64501;24.9;12.0
25;2021-05-10;3131;1638;137627;66139;25.5;12.3
25;2021-05-11;3748;2035;141375;68174;26.2;12.6
25;2021-05-12;3686;1790;145061;69964;26.9;13.0
25;2021-05-13;3519;598;148580;70562;27.5;13.1
25;2021-05-14;4482;1303;153062;71865;28.4;13.3
25;2021-05-15;3277;703;156339;72568;29.0;13.5
25;2021-05-16;722;92;157061;72660;29.1;13.5
25;2021-05-17;4090;1090;161151;73750;29.9;13.7
25;2021-05-18;5203;1181;166354;74931;30.8;13.9
25;2021-05-19;5247;1126;171601;76057;31.8;14.1
25;2021-05-20;5132;1447;176733;77504;32.8;14.4
25;2021-05-21;5766;1970;182499;79474;33.8;14.7
25;2021-05-22;3176;722;185675;80196;34.4;14.9
25;2021-05-23;781;154;186456;80350;34.6;14.9
25;2021-05-24;1528;149;187984;80499;34.8;14.9
25;2021-05-25;3514;1643;191498;82142;35.5;15.2
25;2021-05-26;3975;1556;195473;83698;36.2;15.5
25;2021-05-27;4514;1897;199987;85595;37.1;15.9
25;2021-05-28;3990;2627;203977;88222;37.8;16.4
25;2021-05-29;2013;1017;205990;89239;38.2;16.5
25;2021-05-30;174;96;206164;89335;38.2;16.6
25;2021-05-31;2673;1710;208837;91045;38.7;16.9
25;2021-06-01;2729;2156;211566;93201;39.2;17.3
25;2021-06-02;2609;2248;214175;95449;39.7;17.7
25;2021-06-03;3275;2044;217450;97493;40.3;18.1
25;2021-06-04;3206;2407;220656;99900;40.9;18.5
25;2021-06-05;1487;1391;222143;101291;41.2;18.8
25;2021-06-06;985;255;223128;101546;41.4;18.8
25;2021-06-07;2783;2566;225911;104112;41.9;19.3
25;2021-06-08;2604;2760;228515;106872;42.4;19.8
25;2021-06-09;2381;2762;230896;109634;42.8;20.3
25;2021-06-10;2323;2650;233219;112284;43.2;20.8
25;2021-06-11;2712;3306;235931;115590;43.7;21.4
25;2021-06-12;1571;1860;237502;117450;44.0;21.8
25;2021-06-13;496;254;237998;117704;44.1;21.8
25;2021-06-14;1420;3761;239418;121465;44.4;22.5
25;2021-06-15;1641;3566;241059;125031;44.7;23.2
25;2021-06-16;1950;3267;243009;128298;45.0;23.8
25;2021-06-17;1473;3324;244482;131622;45.3;24.4
25;2021-06-18;2278;4291;246760;135913;45.7;25.2
25;2021-06-19;1350;1975;248110;137888;46.0;25.6
25;2021-06-20;57;239;248167;138127;46.0;25.6
25;2021-06-21;1131;4137;249298;142264;46.2;26.4
25;2021-06-22;1139;4676;250437;146940;46.4;27.2
25;2021-06-23;1390;4075;251827;151015;46.7;28.0
25;2021-06-24;1177;4080;253004;155095;46.9;28.8
25;2021-06-25;1633;5608;254637;160703;47.2;29.8
25;2021-06-26;625;3381;255262;164084;47.3;30.4
25;2021-06-27;450;877;255712;164961;47.4;30.6
25;2021-06-28;905;4472;256617;169433;47.6;31.4
25;2021-06-29;1118;5467;257735;174900;47.8;32.4
25;2021-06-30;1306;5369;259041;180269;48.0;33.4
25;2021-07-01;1689;5225;260730;185494;48.3;34.4
25;2021-07-02;1741;5058;262471;190552;48.7;35.3
25;2021-07-03;1031;2694;263502;193246;48.8;35.8
25;2021-07-04;409;722;263911;193968;48.9;36.0
25;2021-07-05;1275;2575;265186;196543;49.2;36.4
25;2021-07-06;1565;4743;266751;201286;49.4;37.3
25;2021-07-07;1567;4507;268318;205793;49.7;38.1
25;2021-07-08;1534;3936;269852;209729;50.0;38.9
25;2021-07-09;1725;4583;271577;214312;50.3;39.7
25;2021-07-10;778;2370;272355;216682;50.5;40.2
25;2021-07-11;124;306;272479;216988;50.5;40.2
25;2021-07-12;1387;3856;273866;220844;50.8;40.9
25;2021-07-13;2448;4773;276314;225617;51.2;41.8
25;2021-07-14;376;561;276690;226178;51.3;41.9
25;2021-07-15;2382;3656;279072;229834;51.7;42.6
25;2021-07-16;3465;3826;282537;233660;52.4;43.3
25;2021-07-17;2192;2023;284729;235683;52.8;43.7
25;2021-07-18;803;1293;285532;236976;52.9;43.9
25;2021-07-19;2527;4195;288059;241171;53.4;44.7
25;2021-07-20;3357;3709;291416;244880;54.0;45.4
25;2021-07-21;3276;3362;294692;248242;54.6;46.0
25;2021-07-22;3309;2962;298001;251204;55.2;46.6
25;2021-07-23;3545;3343;301546;254547;55.9;47.2
25;2021-07-24;1402;2262;302948;256809;56.2;47.6
25;2021-07-25;672;700;303620;257509;56.3;47.7
25;2021-07-26;3038;3009;306658;260518;56.8;48.3
25;2021-07-27;3808;2089;310466;262607;57.6;48.7
25;2021-07-28;3647;2089;314113;264696;58.2;49.1
25;2021-07-29;4299;2070;318412;266766;59.0;49.5
25;2021-07-30;4210;2457;322622;269223;59.8;49.9
25;2021-07-31;1799;1453;324421;270676;60.1;50.2
25;2021-08-01;1341;185;325762;270861;60.4;50.2
25;2021-08-02;2672;2173;328434;273034;60.9;50.6
26;2020-12-27;0;0;0;0;0.0;0.0
26;2020-12-28;0;0;0;0;0.0;0.0
26;2020-12-29;0;0;0;0;0.0;0.0
26;2020-12-30;0;0;0;0;0.0;0.0
26;2020-12-31;0;0;0;0;0.0;0.0
26;2021-01-01;0;0;0;0;0.0;0.0
26;2021-01-02;0;0;0;0;0.0;0.0
26;2021-01-03;0;0;0;0;0.0;0.0
26;2021-01-04;0;0;0;0;0.0;0.0
26;2021-01-05;0;0;0;0;0.0;0.0
26;2021-01-06;0;0;0;0;0.0;0.0
26;2021-01-07;168;0;168;0;0.0;0.0
26;2021-01-08;125;0;293;0;0.1;0.0
26;2021-01-09;2;0;295;0;0.1;0.0
26;2021-01-10;0;0;295;0;0.1;0.0
26;2021-01-11;266;1;561;1;0.1;0.0
26;2021-01-12;175;1;736;2;0.1;0.0
26;2021-01-13;416;1;1152;3;0.2;0.0
26;2021-01-14;487;1;1639;4;0.3;0.0
26;2021-01-15;562;1;2201;5;0.4;0.0
26;2021-01-16;250;0;2451;5;0.5;0.0
26;2021-01-17;0;0;2451;5;0.5;0.0
26;2021-01-18;636;1;3087;6;0.6;0.0
26;2021-01-19;782;4;3869;10;0.7;0.0
26;2021-01-20;742;0;4611;10;0.9;0.0
26;2021-01-21;805;5;5416;15;1.0;0.0
26;2021-01-22;787;4;6203;19;1.2;0.0
26;2021-01-23;563;2;6766;21;1.3;0.0
26;2021-01-24;24;0;6790;21;1.3;0.0
26;2021-01-25;696;1;7486;22;1.4;0.0
26;2021-01-26;801;2;8287;24;1.6;0.0
26;2021-01-27;822;9;9109;33;1.7;0.0
26;2021-01-28;1328;169;10437;202;2.0;0.0
26;2021-01-29;970;65;11407;267;2.2;0.1
26;2021-01-30;605;5;12012;272;2.3;0.1
26;2021-01-31;24;0;12036;272;2.3;0.1
26;2021-02-01;706;189;12742;461;2.4;0.1
26;2021-02-02;1274;201;14016;662;2.7;0.1
26;2021-02-03;1232;257;15248;919;2.9;0.2
26;2021-02-04;984;452;16232;1371;3.1;0.3
26;2021-02-05;671;335;16903;1706;3.2;0.3
26;2021-02-06;408;241;17311;1947;3.3;0.4
26;2021-02-07;57;2;17368;1949;3.3;0.4
26;2021-02-08;544;416;17912;2365;3.4;0.5
26;2021-02-09;617;478;18529;2843;3.6;0.5
26;2021-02-10;664;340;19193;3183;3.7;0.6
26;2021-02-11;753;329;19946;3512;3.8;0.7
26;2021-02-12;589;454;20535;3966;3.9;0.8
26;2021-02-13;388;338;20923;4304;4.0;0.8
26;2021-02-14;36;0;20959;4304;4.0;0.8
26;2021-02-15;413;531;21372;4835;4.1;0.9
26;2021-02-16;294;561;21666;5396;4.2;1.0
26;2021-02-17;193;741;21859;6137;4.2;1.2
26;2021-02-18;337;902;22196;7039;4.3;1.4
26;2021-02-19;341;807;22537;7846;4.3;1.5
26;2021-02-20;95;491;22632;8337;4.3;1.6
26;2021-02-21;3;24;22635;8361;4.3;1.6
26;2021-02-22;144;719;22779;9080;4.4;1.7
26;2021-02-23;397;998;23176;10078;4.5;1.9
26;2021-02-24;341;1223;23517;11301;4.5;2.2
26;2021-02-25;732;1069;24249;12370;4.7;2.4
26;2021-02-26;924;636;25173;13006;4.8;2.5
26;2021-02-27;279;512;25452;13518;4.9;2.6
26;2021-02-28;3;30;25455;13548;4.9;2.6
26;2021-03-01;457;660;25912;14208;5.0;2.7
26;2021-03-02;741;633;26653;14841;5.1;2.9
26;2021-03-03;730;687;27383;15528;5.3;3.0
26;2021-03-04;1043;581;28426;16109;5.5;3.1
26;2021-03-05;1709;516;30135;16625;5.8;3.2
26;2021-03-06;2772;493;32907;17118;6.3;3.3
26;2021-03-07;2987;199;35894;17317;6.9;3.3
26;2021-03-08;907;650;36801;17967;7.1;3.5
26;2021-03-09;1322;549;38123;18516;7.3;3.6
26;2021-03-10;1219;511;39342;19027;7.6;3.7
26;2021-03-11;1608;644;40950;19671;7.9;3.8
26;2021-03-12;2216;466;43166;20137;8.3;3.9
26;2021-03-13;1885;339;45051;20476;8.7;3.9
26;2021-03-14;68;39;45119;20515;8.7;3.9
26;2021-03-15;1652;245;46771;20760;9.0;4.0
26;2021-03-16;1232;510;48003;21270;9.2;4.1
26;2021-03-17;1367;301;49370;21571;9.5;4.1
26;2021-03-18;1587;281;50957;21852;9.8;4.2
26;2021-03-19;2441;343;53398;22195;10.3;4.3
26;2021-03-20;1289;144;54687;22339;10.5;4.3
26;2021-03-21;61;20;54748;22359;10.5;4.3
26;2021-03-22;1844;190;56592;22549;10.9;4.3
26;2021-03-23;2475;266;59067;22815;11.3;4.4
26;2021-03-24;2551;242;61618;23057;11.8;4.4
26;2021-03-25;3040;331;64658;23388;12.4;4.5
26;2021-03-26;3047;345;67705;23733;13.0;4.6
26;2021-03-27;1244;151;68949;23884;13.2;4.6
26;2021-03-28;93;6;69042;23890;13.3;4.6
26;2021-03-29;1907;402;70949;24292;13.6;4.7
26;2021-03-30;2382;538;73331;24830;14.1;4.8
26;2021-03-31;2228;575;75559;25405;14.5;4.9
26;2021-04-01;2273;775;77832;26180;15.0;5.0
26;2021-04-02;2214;980;80046;27160;15.4;5.2
26;2021-04-03;552;1204;80598;28364;15.5;5.4
26;2021-04-04;215;887;80813;29251;15.5;5.6
26;2021-04-05;554;54;81367;29305;15.6;5.6
26;2021-04-06;1486;831;82853;30136;15.9;5.8
26;2021-04-07;1791;902;84644;31038;16.3;6.0
26;2021-04-08;2997;921;87641;31959;16.8;6.1
26;2021-04-09;3413;998;91054;32957;17.5;6.3
26;2021-04-10;1355;918;92409;33875;17.8;6.5
26;2021-04-11;89;35;92498;33910;17.8;6.5
26;2021-04-12;1713;1125;94211;35035;18.1;6.7
26;2021-04-13;2795;1442;97006;36477;18.6;7.0
26;2021-04-14;2206;1463;99212;37940;19.1;7.3
26;2021-04-15;2275;1577;101487;39517;19.5;7.6
26;2021-04-16;2271;1585;103758;41102;19.9;7.9
26;2021-04-17;1097;841;104855;41943;20.1;8.1
26;2021-04-18;35;52;104890;41995;20.1;8.1
26;2021-04-19;1546;1572;106436;43567;20.4;8.4
26;2021-04-20;1798;1727;108234;45294;20.8;8.7
26;2021-04-21;2011;1506;110245;46800;21.2;9.0
26;2021-04-22;2288;1602;112533;48402;21.6;9.3
26;2021-04-23;2008;1630;114541;50032;22.0;9.6
26;2021-04-24;1653;843;116194;50875;22.3;9.8
26;2021-04-25;628;92;116822;50967;22.4;9.8
26;2021-04-26;1376;1599;118198;52566;22.7;10.1
26;2021-04-27;1985;1684;120183;54250;23.1;10.4
26;2021-04-28;1867;1539;122050;55789;23.4;10.7
26;2021-04-29;2866;1888;124916;57677;24.0;11.1
26;2021-04-30;2622;1759;127538;59436;24.5;11.4
26;2021-05-01;1537;382;129075;59818;24.8;11.5
26;2021-05-02;1085;114;130160;59932;25.0;11.5
26;2021-05-03;2201;1785;132361;61717;25.4;11.9
26;2021-05-04;2611;2349;134972;64066;25.9;12.3
26;2021-05-05;2773;2192;137745;66258;26.5;12.7
26;2021-05-06;3320;2210;141065;68468;27.1;13.2
26;2021-05-07;2856;2260;143921;70728;27.6;13.6
26;2021-05-08;1954;625;145875;71353;28.0;13.7
26;2021-05-09;711;124;146586;71477;28.2;13.7
26;2021-05-10;3020;1825;149606;73302;28.7;14.1
26;2021-05-11;4442;2189;154048;75491;29.6;14.5
26;2021-05-12;4825;1688;158873;77179;30.5;14.8
26;2021-05-13;4364;606;163237;77785;31.4;14.9
26;2021-05-14;4643;1545;167880;79330;32.2;15.2
26;2021-05-15;4468;629;172348;79959;33.1;15.4
26;2021-05-16;3629;340;175977;80299;33.8;15.4
26;2021-05-17;3657;1483;179634;81782;34.5;15.7
26;2021-05-18;4476;1741;184110;83523;35.4;16.0
26;2021-05-19;4482;1445;188592;84968;36.2;16.3
26;2021-05-20;4680;1742;193272;86710;37.1;16.7
26;2021-05-21;4726;1797;197998;88507;38.0;17.0
26;2021-05-22;3188;687;201186;89194;38.6;17.1
26;2021-05-23;1597;184;202783;89378;39.0;17.2
26;2021-05-24;3788;744;206571;90122;39.7;17.3
26;2021-05-25;3591;2335;210162;92457;40.4;17.8
26;2021-05-26;4181;2264;214343;94721;41.2;18.2
26;2021-05-27;4217;2462;218560;97183;42.0;18.7
26;2021-05-28;3774;2766;222334;99949;42.7;19.2
26;2021-05-29;3087;1644;225421;101593;43.3;19.5
26;2021-05-30;322;71;225743;101664;43.4;19.5
26;2021-05-31;3080;1853;228823;103517;44.0;19.9
26;2021-06-01;3108;2304;231931;105821;44.6;20.3
26;2021-06-02;2869;2213;234800;108034;45.1;20.8
26;2021-06-03;2849;2490;237649;110524;45.7;21.2
26;2021-06-04;2660;2905;240309;113429;46.2;21.8
26;2021-06-05;1802;1693;242111;115122;46.5;22.1
26;2021-06-06;7;0;242118;115122;46.5;22.1
26;2021-06-07;2347;2426;244465;117548;47.0;22.6
26;2021-06-08;2455;2292;246920;119840;47.4;23.0
26;2021-06-09;2093;2382;249013;122222;47.8;23.5
26;2021-06-10;1976;2760;250989;124982;48.2;24.0
26;2021-06-11;1896;3273;252885;128255;48.6;24.6
26;2021-06-12;1218;1791;254103;130046;48.8;25.0
26;2021-06-13;96;214;254199;130260;48.8;25.0
26;2021-06-14;1415;3496;255614;133756;49.1;25.7
26;2021-06-15;1584;3962;257198;137718;49.4;26.5
26;2021-06-16;1787;3466;258985;141184;49.8;27.1
26;2021-06-17;1510;3168;260495;144352;50.0;27.7
26;2021-06-18;1798;4368;262293;148720;50.4;28.6
26;2021-06-19;933;3181;263226;151901;50.6;29.2
26;2021-06-20;264;875;263490;152776;50.6;29.3
26;2021-06-21;1006;4551;264496;157327;50.8;30.2
26;2021-06-22;1061;5122;265557;162449;51.0;31.2
26;2021-06-23;1167;5074;266724;167523;51.2;32.2
26;2021-06-24;1261;4540;267985;172063;51.5;33.1
26;2021-06-25;1013;5543;268998;177606;51.7;34.1
26;2021-06-26;662;3822;269660;181428;51.8;34.9
26;2021-06-27;300;1272;269960;182700;51.9;35.1
26;2021-06-28;776;4755;270736;187455;52.0;36.0
26;2021-06-29;1098;4960;271834;192415;52.2;37.0
26;2021-06-30;1411;4887;273245;197302;52.5;37.9
26;2021-07-01;1635;4396;274880;201698;52.8;38.7
26;2021-07-02;1322;5164;276202;206862;53.1;39.7
26;2021-07-03;769;3330;276971;210192;53.2;40.4
26;2021-07-04;330;631;277301;210823;53.3;40.5
26;2021-07-05;878;4676;278179;215499;53.4;41.4
26;2021-07-06;1268;4211;279447;219710;53.7;42.2
26;2021-07-07;1406;3799;280853;223509;54.0;42.9
26;2021-07-08;2362;3330;283215;226839;54.4;43.6
26;2021-07-09;1556;4793;284771;231632;54.7;44.5
26;2021-07-10;906;2918;285677;234550;54.9;45.1
26;2021-07-11;334;351;286011;234901;54.9;45.1
26;2021-07-12;1107;4219;287118;239120;55.2;45.9
26;2021-07-13;2289;4340;289407;243460;55.6;46.8
26;2021-07-14;1054;813;290461;244273;55.8;46.9
26;2021-07-15;3154;3653;293615;247926;56.4;47.6
26;2021-07-16;2946;3689;296561;251615;57.0;48.3
26;2021-07-17;1869;1800;298430;253415;57.3;48.7
26;2021-07-18;17;24;298447;253439;57.3;48.7
26;2021-07-19;2711;3257;301158;256696;57.9;49.3
26;2021-07-20;3687;3358;304845;260054;58.6;50.0
26;2021-07-21;3568;3089;308413;263143;59.2;50.5
26;2021-07-22;4103;2949;312516;266092;60.0;51.1
26;2021-07-23;3842;3382;316358;269474;60.8;51.8
26;2021-07-24;2338;1342;318696;270816;61.2;52.0
26;2021-07-25;607;91;319303;270907;61.3;52.0
26;2021-07-26;3414;2570;322717;273477;62.0;52.5
26;2021-07-27;4796;2595;327513;276072;62.9;53.0
26;2021-07-28;4511;2361;332024;278433;63.8;53.5
26;2021-07-29;3881;2866;335905;281299;64.5;54.0
26;2021-07-30;3470;2660;339375;283959;65.2;54.5
26;2021-07-31;1141;1000;340516;284959;65.4;54.7
26;2021-08-01;391;96;340907;285055;65.5;54.8
26;2021-08-02;2891;2336;343798;287391;66.0;55.2
27;2020-12-27;0;0;0;0;0.0;0.0
27;2020-12-28;0;0;0;0;0.0;0.0
27;2020-12-29;1;0;1;0;0.0;0.0
27;2020-12-30;0;0;1;0;0.0;0.0
27;2020-12-31;0;0;1;0;0.0;0.0
27;2021-01-01;0;0;1;0;0.0;0.0
27;2021-01-02;0;0;1;0;0.0;0.0
27;2021-01-03;1;0;2;0;0.0;0.0
27;2021-01-04;0;0;2;0;0.0;0.0
27;2021-01-05;15;0;17;0;0.0;0.0
27;2021-01-06;161;0;178;0;0.0;0.0
27;2021-01-07;370;0;548;0;0.1;0.0
27;2021-01-08;441;0;989;0;0.2;0.0
27;2021-01-09;72;1;1061;1;0.2;0.0
27;2021-01-10;101;0;1162;1;0.2;0.0
27;2021-01-11;382;0;1544;1;0.3;0.0
27;2021-01-12;409;2;1953;3;0.3;0.0
27;2021-01-13;839;1;2792;4;0.5;0.0
27;2021-01-14;1626;26;4418;30;0.7;0.0
27;2021-01-15;1220;5;5638;35;0.9;0.0
27;2021-01-16;332;2;5970;37;1.0;0.0
27;2021-01-17;204;0;6174;37;1.0;0.0
27;2021-01-18;798;2;6972;39;1.2;0.0
27;2021-01-19;773;2;7745;41;1.3;0.0
27;2021-01-20;870;0;8615;41;1.4;0.0
27;2021-01-21;654;1;9269;42;1.5;0.0
27;2021-01-22;778;4;10047;46;1.7;0.0
27;2021-01-23;350;0;10397;46;1.7;0.0
27;2021-01-24;169;6;10566;52;1.8;0.0
27;2021-01-25;635;16;11201;68;1.9;0.0
27;2021-01-26;461;17;11662;85;1.9;0.0
27;2021-01-27;505;105;12167;190;2.0;0.0
27;2021-01-28;516;298;12683;488;2.1;0.1
27;2021-01-29;507;109;13190;597;2.2;0.1
27;2021-01-30;241;31;13431;628;2.2;0.1
27;2021-01-31;28;24;13459;652;2.2;0.1
27;2021-02-01;348;196;13807;848;2.3;0.1
27;2021-02-02;307;283;14114;1131;2.3;0.2
27;2021-02-03;488;403;14602;1534;2.4;0.3
27;2021-02-04;719;890;15321;2424;2.6;0.4
27;2021-02-05;662;1155;15983;3579;2.7;0.6
27;2021-02-06;125;223;16108;3802;2.7;0.6
27;2021-02-07;25;42;16133;3844;2.7;0.6
27;2021-02-08;310;380;16443;4224;2.7;0.7
27;2021-02-09;341;561;16784;4785;2.8;0.8
27;2021-02-10;302;529;17086;5314;2.8;0.9
27;2021-02-11;318;461;17404;5775;2.9;1.0
27;2021-02-12;229;547;17633;6322;2.9;1.1
27;2021-02-13;152;134;17785;6456;3.0;1.1
27;2021-02-14;6;96;17791;6552;3.0;1.1
27;2021-02-15;388;601;18179;7153;3.0;1.2
27;2021-02-16;295;734;18474;7887;3.1;1.3
27;2021-02-17;247;640;18721;8527;3.1;1.4
27;2021-02-18;363;683;19084;9210;3.2;1.5
27;2021-02-19;219;682;19303;9892;3.2;1.6
27;2021-02-20;129;251;19432;10143;3.2;1.7
27;2021-02-21;12;140;19444;10283;3.2;1.7
27;2021-02-22;483;566;19927;10849;3.3;1.8
27;2021-02-23;496;629;20423;11478;3.4;1.9
27;2021-02-24;543;653;20966;12131;3.5;2.0
27;2021-02-25;843;757;21809;12888;3.6;2.1
27;2021-02-26;954;690;22763;13578;3.8;2.3
27;2021-02-27;406;159;23169;13737;3.9;2.3
27;2021-02-28;173;32;23342;13769;3.9;2.3
27;2021-03-01;484;443;23826;14212;4.0;2.4
27;2021-03-02;764;363;24590;14575;4.1;2.4
27;2021-03-03;851;364;25441;14939;4.2;2.5
27;2021-03-04;883;234;26324;15173;4.4;2.5
27;2021-03-05;1303;234;27627;15407;4.6;2.6
27;2021-03-06;1636;102;29263;15509;4.9;2.6
27;2021-03-07;620;8;29883;15517;5.0;2.6
27;2021-03-08;1204;307;31087;15824;5.2;2.6
27;2021-03-09;1822;263;32909;16087;5.5;2.7
27;2021-03-10;2115;343;35024;16430;5.8;2.7
27;2021-03-11;2147;217;37171;16647;6.2;2.8
27;2021-03-12;2818;182;39989;16829;6.7;2.8
27;2021-03-13;1919;113;41908;16942;7.0;2.8
27;2021-03-14;655;12;42563;16954;7.1;2.8
27;2021-03-15;1550;207;44113;17161;7.3;2.9
27;2021-03-16;1484;231;45597;17392;7.6;2.9
27;2021-03-17;1851;332;47448;17724;7.9;3.0
27;2021-03-18;1684;338;49132;18062;8.2;3.0
27;2021-03-19;1830;166;50962;18228;8.5;3.0
27;2021-03-20;900;39;51862;18267;8.6;3.0
27;2021-03-21;258;2;52120;18269;8.7;3.0
27;2021-03-22;1234;544;53354;18813;8.9;3.1
27;2021-03-23;1627;460;54981;19273;9.2;3.2
27;2021-03-24;1522;472;56503;19745;9.4;3.3
27;2021-03-25;2163;503;58666;20248;9.8;3.4
27;2021-03-26;2529;437;61195;20685;10.2;3.4
27;2021-03-27;1568;196;62763;20881;10.4;3.5
27;2021-03-28;1149;49;63912;20930;10.6;3.5
27;2021-03-29;1376;824;65288;21754;10.9;3.6
27;2021-03-30;1391;847;66679;22601;11.1;3.8
27;2021-03-31;1488;875;68167;23476;11.3;3.9
27;2021-04-01;1956;807;70123;24283;11.7;4.0
27;2021-04-02;1999;1182;72122;25465;12.0;4.2
27;2021-04-03;1561;737;73683;26202;12.3;4.4
27;2021-04-04;977;171;74660;26373;12.4;4.4
27;2021-04-05;282;6;74942;26379;12.5;4.4
27;2021-04-06;1414;1802;76356;28181;12.7;4.7
27;2021-04-07;1321;1745;77677;29926;12.9;5.0
27;2021-04-08;1682;1670;79359;31596;13.2;5.3
27;2021-04-09;2947;1551;82306;33147;13.7;5.5
27;2021-04-10;2034;981;84340;34128;14.0;5.7
27;2021-04-11;946;210;85286;34338;14.2;5.7
27;2021-04-12;2436;1507;87722;35845;14.6;6.0
27;2021-04-13;2392;1548;90114;37393;15.0;6.2
27;2021-04-14;2085;1621;92199;39014;15.3;6.5
27;2021-04-15;1877;1656;94076;40670;15.7;6.8
27;2021-04-16;2752;1112;96828;41782;16.1;7.0
27;2021-04-17;2168;489;98996;42271;16.5;7.0
27;2021-04-18;452;16;99448;42287;16.6;7.0
27;2021-04-19;1714;1173;101162;43460;16.8;7.2
27;2021-04-20;2386;1296;103548;44756;17.2;7.5
27;2021-04-21;2209;1077;105757;45833;17.6;7.6
27;2021-04-22;2179;1409;107936;47242;18.0;7.9
27;2021-04-23;2446;1174;110382;48416;18.4;8.1
27;2021-04-24;3258;1136;113640;49552;18.9;8.2
27;2021-04-25;1128;1045;114768;50597;19.1;8.4
27;2021-04-26;1921;1141;116689;51738;19.4;8.6
27;2021-04-27;2524;1085;119213;52823;19.8;8.8
27;2021-04-28;2390;1307;121603;54130;20.2;9.0
27;2021-04-29;2492;1467;124095;55597;20.7;9.3
27;2021-04-30;2370;1607;126465;57204;21.1;9.5
27;2021-05-01;2637;884;129102;58088;21.5;9.7
27;2021-05-02;1953;891;131055;58979;21.8;9.8
27;2021-05-03;3065;873;134120;59852;22.3;10.0
27;2021-05-04;2781;1641;136901;61493;22.8;10.2
27;2021-05-05;2818;1647;139719;63140;23.3;10.5
27;2021-05-06;3184;1289;142903;64429;23.8;10.7
27;2021-05-07;3322;1999;146225;66428;24.3;11.1
27;2021-05-08;2794;1326;149019;67754;24.8;11.3
27;2021-05-09;1697;297;150716;68051;25.1;11.3
27;2021-05-10;2952;2269;153668;70320;25.6;11.7
27;2021-05-11;3354;1755;157022;72075;26.1;12.0
27;2021-05-12;3461;1726;160483;73801;26.7;12.3
27;2021-05-13;1892;253;162375;74054;27.0;12.3
27;2021-05-14;3882;1786;166257;75840;27.7;12.6
27;2021-05-15;6601;952;172858;76792;28.8;12.8
27;2021-05-16;3668;434;176526;77226;29.4;12.9
27;2021-05-17;2772;1157;179298;78383;29.8;13.0
27;2021-05-18;3845;1283;183143;79666;30.5;13.3
27;2021-05-19;3967;1147;187110;80813;31.1;13.5
27;2021-05-20;3872;1164;190982;81977;31.8;13.6
27;2021-05-21;3966;1796;194948;83773;32.5;13.9
27;2021-05-22;4366;799;199314;84572;33.2;14.1
27;2021-05-23;800;173;200114;84745;33.3;14.1
27;2021-05-24;1490;337;201604;85082;33.6;14.2
27;2021-05-25;3514;1606;205118;86688;34.1;14.4
27;2021-05-26;3854;1737;208972;88425;34.8;14.7
27;2021-05-27;3787;1487;212759;89912;35.4;15.0
27;2021-05-28;3398;2630;216157;92542;36.0;15.4
27;2021-05-29;4825;2294;220982;94836;36.8;15.8
27;2021-05-30;1119;248;222101;95084;37.0;15.8
27;2021-05-31;3464;2275;225565;97359;37.6;16.2
27;2021-06-01;3813;2245;229378;99604;38.2;16.6
27;2021-06-02;3340;2183;232718;101787;38.7;16.9
27;2021-06-03;4429;2126;237147;103913;39.5;17.3
27;2021-06-04;3602;2973;240749;106886;40.1;17.8
27;2021-06-05;3213;3347;243962;110233;40.6;18.4
27;2021-06-06;2004;1009;245966;111242;40.9;18.5
27;2021-06-07;2565;2354;248531;113596;41.4;18.9
27;2021-06-08;3121;2374;251652;115970;41.9;19.3
27;2021-06-09;2301;2469;253953;118439;42.3;19.7
27;2021-06-10;2431;2039;256384;120478;42.7;20.1
27;2021-06-11;2888;3765;259272;124243;43.2;20.7
27;2021-06-12;1984;4189;261256;128432;43.5;21.4
27;2021-06-13;1082;2685;262338;131117;43.7;21.8
27;2021-06-14;1994;3115;264332;134232;44.0;22.3
27;2021-06-15;2687;3020;267019;137252;44.5;22.8
27;2021-06-16;2502;3260;269521;140512;44.9;23.4
27;2021-06-17;2296;3285;271817;143797;45.3;23.9
27;2021-06-18;2744;4419;274561;148216;45.7;24.7
27;2021-06-19;1861;3386;276422;151602;46.0;25.2
27;2021-06-20;608;710;277030;152312;46.1;25.4
27;2021-06-21;1702;3492;278732;155804;46.4;25.9
27;2021-06-22;2381;3722;281113;159526;46.8;26.6
27;2021-06-23;2071;3566;283184;163092;47.1;27.2
27;2021-06-24;2253;3413;285437;166505;47.5;27.7
27;2021-06-25;1930;4457;287367;170962;47.8;28.5
27;2021-06-26;882;5353;288249;176315;48.0;29.4
27;2021-06-27;377;1425;288626;177740;48.0;29.6
27;2021-06-28;1128;3405;289754;181145;48.2;30.2
27;2021-06-29;1698;4368;291452;185513;48.5;30.9
27;2021-06-30;2113;4096;293565;189609;48.9;31.6
27;2021-07-01;2222;3901;295787;193510;49.2;32.2
27;2021-07-02;1582;4615;297369;198125;49.5;33.0
27;2021-07-03;1294;4766;298663;202891;49.7;33.8
27;2021-07-04;505;1405;299168;204296;49.8;34.0
27;2021-07-05;1419;3526;300587;207822;50.0;34.6
27;2021-07-06;1366;4183;301953;212005;50.3;35.3
27;2021-07-07;1753;4899;303706;216904;50.6;36.1
27;2021-07-08;2078;4343;305784;221247;50.9;36.8
27;2021-07-09;1982;5282;307766;226529;51.2;37.7
27;2021-07-10;1165;4175;308931;230704;51.4;38.4
27;2021-07-11;424;1142;309355;231846;51.5;38.6
27;2021-07-12;1239;4375;310594;236221;51.7;39.3
27;2021-07-13;2751;5351;313345;241572;52.2;40.2
27;2021-07-14;1514;1748;314859;243320;52.4;40.5
27;2021-07-15;3026;5467;317885;248787;52.9;41.4
27;2021-07-16;3798;5283;321683;254070;53.6;42.3
27;2021-07-17;2721;3873;324404;257943;54.0;42.9
27;2021-07-18;550;1262;324954;259205;54.1;43.2
27;2021-07-19;3678;3785;328632;262990;54.7;43.8
27;2021-07-20;3429;3585;332061;266575;55.3;44.4
27;2021-07-21;4229;3889;336290;270464;56.0;45.0
27;2021-07-22;4726;3685;341016;274149;56.8;45.6
27;2021-07-23;3563;3385;344579;277534;57.4;46.2
27;2021-07-24;3105;2320;347684;279854;57.9;46.6
27;2021-07-25;491;545;348175;280399;58.0;46.7
27;2021-07-26;3052;3179;351227;283578;58.5;47.2
27;2021-07-27;3567;3096;354794;286674;59.1;47.7
27;2021-07-28;3567;3232;358361;289906;59.7;48.3
27;2021-07-29;4570;3486;362931;293392;60.4;48.8
27;2021-07-30;3785;3131;366716;296523;61.0;49.4
27;2021-07-31;3038;2553;369754;299076;61.6;49.8
27;2021-08-01;536;495;370290;299571;61.6;49.9
27;2021-08-02;3292;2554;373582;302125;62.2;50.3
28;2020-12-27;0;0;0;0;0.0;0.0
28;2020-12-28;0;0;0;0;0.0;0.0
28;2020-12-29;0;0;0;0;0.0;0.0
28;2020-12-30;0;0;0;0;0.0;0.0
28;2020-12-31;0;0;0;0;0.0;0.0
28;2021-01-01;1;0;1;0;0.0;0.0
28;2021-01-02;0;0;1;0;0.0;0.0
28;2021-01-03;0;0;1;0;0.0;0.0
28;2021-01-04;0;0;1;0;0.0;0.0
28;2021-01-05;5;0;6;0;0.0;0.0
28;2021-01-06;84;0;90;0;0.0;0.0
28;2021-01-07;102;0;192;0;0.0;0.0
28;2021-01-08;134;2;326;2;0.1;0.0
28;2021-01-09;78;0;404;2;0.1;0.0
28;2021-01-10;1;0;405;2;0.1;0.0
28;2021-01-11;204;0;609;2;0.1;0.0
28;2021-01-12;265;2;874;4;0.2;0.0
28;2021-01-13;398;3;1272;7;0.3;0.0
28;2021-01-14;449;5;1721;12;0.4;0.0
28;2021-01-15;374;3;2095;15;0.5;0.0
28;2021-01-16;206;2;2301;17;0.5;0.0
28;2021-01-17;21;0;2322;17;0.5;0.0
28;2021-01-18;372;2;2694;19;0.6;0.0
28;2021-01-19;503;3;3197;22;0.7;0.0
28;2021-01-20;636;1;3833;23;0.9;0.0
28;2021-01-21;797;3;4630;26;1.1;0.0
28;2021-01-22;477;1;5107;27;1.2;0.0
28;2021-01-23;352;0;5459;27;1.3;0.0
28;2021-01-24;1;0;5460;27;1.3;0.0
28;2021-01-25;455;3;5915;30;1.4;0.0
28;2021-01-26;718;4;6633;34;1.5;0.0
28;2021-01-27;1212;48;7845;82;1.8;0.0
28;2021-01-28;1585;90;9430;172;2.2;0.0
28;2021-01-29;896;99;10326;271;2.4;0.1
28;2021-01-30;248;54;10574;325;2.5;0.1
28;2021-01-31;3;22;10577;347;2.5;0.1
28;2021-02-01;324;125;10901;472;2.5;0.1
28;2021-02-02;368;240;11269;712;2.6;0.2
28;2021-02-03;473;259;11742;971;2.7;0.2
28;2021-02-04;525;278;12267;1249;2.9;0.3
28;2021-02-05;435;226;12702;1475;3.0;0.3
28;2021-02-06;198;128;12900;1603;3.0;0.4
28;2021-02-07;0;0;12900;1603;3.0;0.4
28;2021-02-08;331;250;13231;1853;3.1;0.4
28;2021-02-09;281;347;13512;2200;3.1;0.5
28;2021-02-10;440;402;13952;2602;3.2;0.6
28;2021-02-11;562;489;14514;3091;3.4;0.7
28;2021-02-12;453;434;14967;3525;3.5;0.8
28;2021-02-13;181;193;15148;3718;3.5;0.9
28;2021-02-14;0;2;15148;3720;3.5;0.9
28;2021-02-15;280;476;15428;4196;3.6;1.0
28;2021-02-16;395;711;15823;4907;3.7;1.1
28;2021-02-17;581;1148;16404;6055;3.8;1.4
28;2021-02-18;665;1400;17069;7455;4.0;1.7
28;2021-02-19;546;764;17615;8219;4.1;1.9
28;2021-02-20;114;145;17729;8364;4.1;1.9
28;2021-02-21;7;33;17736;8397;4.1;2.0
28;2021-02-22;224;520;17960;8917;4.2;2.1
28;2021-02-23;203;379;18163;9296;4.2;2.2
28;2021-02-24;244;479;18407;9775;4.3;2.3
28;2021-02-25;574;452;18981;10227;4.4;2.4
28;2021-02-26;764;375;19745;10602;4.6;2.5
28;2021-02-27;265;86;20010;10688;4.7;2.5
28;2021-02-28;23;17;20033;10705;4.7;2.5
28;2021-03-01;291;215;20324;10920;4.7;2.5
28;2021-03-02;395;277;20719;11197;4.8;2.6
28;2021-03-03;369;400;21088;11597;4.9;2.7
28;2021-03-04;718;487;21806;12084;5.1;2.8
28;2021-03-05;1320;415;23126;12499;5.4;2.9
28;2021-03-06;1999;82;25125;12581;5.9;2.9
28;2021-03-07;974;25;26099;12606;6.1;2.9
28;2021-03-08;398;308;26497;12914;6.2;3.0
28;2021-03-09;980;356;27477;13270;6.4;3.1
28;2021-03-10;1356;538;28833;13808;6.7;3.2
28;2021-03-11;1533;696;30366;14504;7.1;3.4
28;2021-03-12;2257;633;32623;15137;7.6;3.5
28;2021-03-13;1235;131;33858;15268;7.9;3.6
28;2021-03-14;518;17;34376;15285;8.0;3.6
28;2021-03-15;756;228;35132;15513;8.2;3.6
28;2021-03-16;714;221;35846;15734;8.3;3.7
28;2021-03-17;747;289;36593;16023;8.5;3.7
28;2021-03-18;1199;278;37792;16301;8.8;3.8
28;2021-03-19;1558;327;39350;16628;9.2;3.9
28;2021-03-20;639;19;39989;16647;9.3;3.9
28;2021-03-21;28;7;40017;16654;9.3;3.9
28;2021-03-22;767;323;40784;16977;9.5;4.0
28;2021-03-23;1025;193;41809;17170;9.7;4.0
28;2021-03-24;1311;276;43120;17446;10.0;4.1
28;2021-03-25;1797;283;44917;17729;10.5;4.1
28;2021-03-26;2082;338;46999;18067;10.9;4.2
28;2021-03-27;402;37;47401;18104;11.0;4.2
28;2021-03-28;12;0;47413;18104;11.0;4.2
28;2021-03-29;1140;350;48553;18454;11.3;4.3
28;2021-03-30;1713;243;50266;18697;11.7;4.4
28;2021-03-31;2016;472;52282;19169;12.2;4.5
28;2021-04-01;1794;584;54076;19753;12.6;4.6
28;2021-04-02;1584;1316;55660;21069;13.0;4.9
28;2021-04-03;607;1072;56267;22141;13.1;5.2
28;2021-04-04;33;302;56300;22443;13.1;5.2
28;2021-04-05;40;3;56340;22446;13.1;5.2
28;2021-04-06;1225;460;57565;22906;13.4;5.3
28;2021-04-07;1892;999;59457;23905;13.8;5.6
28;2021-04-08;2075;1067;61532;24972;14.3;5.8
28;2021-04-09;3235;910;64767;25882;15.1;6.0
28;2021-04-10;1582;193;66349;26075;15.5;6.1
28;2021-04-11;140;452;66489;26527;15.5;6.2
28;2021-04-12;1673;555;68162;27082;15.9;6.3
28;2021-04-13;1875;666;70037;27748;16.3;6.5
28;2021-04-14;2772;899;72809;28647;17.0;6.7
28;2021-04-15;2554;1132;75363;29779;17.5;6.9
28;2021-04-16;2552;796;77915;30575;18.1;7.1
28;2021-04-17;2307;128;80222;30703;18.7;7.1
28;2021-04-18;45;8;80267;30711;18.7;7.2
28;2021-04-19;1578;646;81845;31357;19.1;7.3
28;2021-04-20;1841;587;83686;31944;19.5;7.4
28;2021-04-21;2678;956;86364;32900;20.1;7.7
28;2021-04-22;1782;1206;88146;34106;20.5;7.9
28;2021-04-23;2323;1102;90469;35208;21.1;8.2
28;2021-04-24;3652;129;94121;35337;21.9;8.2
28;2021-04-25;1011;30;95132;35367;22.2;8.2
28;2021-04-26;1331;921;96463;36288;22.5;8.5
28;2021-04-27;1435;1272;97898;37560;22.8;8.7
28;2021-04-28;2369;1818;100267;39378;23.3;9.2
28;2021-04-29;2129;1483;102396;40861;23.8;9.5
28;2021-04-30;2972;1215;105368;42076;24.5;9.8
28;2021-05-01;127;120;105495;42196;24.6;9.8
28;2021-05-02;2;65;105497;42261;24.6;9.8
28;2021-05-03;1046;1015;106543;43276;24.8;10.1
28;2021-05-04;1360;1670;107903;44946;25.1;10.5
28;2021-05-05;2830;1647;110733;46593;25.8;10.9
28;2021-05-06;2457;1471;113190;48064;26.4;11.2
28;2021-05-07;2310;1933;115500;49997;26.9;11.6
28;2021-05-08;1077;115;116577;50112;27.1;11.7
28;2021-05-09;104;610;116681;50722;27.2;11.8
28;2021-05-10;1306;1891;117987;52613;27.5;12.3
28;2021-05-11;2029;2344;120016;54957;27.9;12.8
28;2021-05-12;2620;3228;122636;58185;28.6;13.5
28;2021-05-13;289;452;122925;58637;28.6;13.7
28;2021-05-14;1899;1617;124824;60254;29.1;14.0
28;2021-05-15;1436;1674;126260;61928;29.4;14.4
28;2021-05-16;1987;128;128247;62056;29.9;14.5
28;2021-05-17;2875;1493;131122;63549;30.5;14.8
28;2021-05-18;3379;1377;134501;64926;31.3;15.1
28;2021-05-19;5074;1281;139575;66207;32.5;15.4
28;2021-05-20;4151;1230;143726;67437;33.5;15.7
28;2021-05-21;3466;1577;147192;69014;34.3;16.1
28;2021-05-22;725;1160;147917;70174;34.4;16.3
28;2021-05-23;1957;137;149874;70311;34.9;16.4
28;2021-05-24;1428;394;151302;70705;35.2;16.5
28;2021-05-25;1877;1408;153179;72113;35.7;16.8
28;2021-05-26;2766;1343;155945;73456;36.3;17.1
28;2021-05-27;2755;1229;158700;74685;37.0;17.4
28;2021-05-28;3081;1734;161781;76419;37.7;17.8
28;2021-05-29;1868;873;163649;77292;38.1;18.0
28;2021-05-30;16;47;163665;77339;38.1;18.0
28;2021-05-31;2014;937;165679;78276;38.6;18.2
28;2021-06-01;2133;1663;167812;79939;39.1;18.6
28;2021-06-02;2070;2455;169882;82394;39.6;19.2
28;2021-06-03;2497;1564;172379;83958;40.1;19.6
28;2021-06-04;2609;2355;174988;86313;40.7;20.1
28;2021-06-05;1910;2527;176898;88840;41.2;20.7
28;2021-06-06;1060;1042;177958;89882;41.4;20.9
28;2021-06-07;3573;1570;181531;91452;42.3;21.3
28;2021-06-08;3194;1516;184725;92968;43.0;21.6
28;2021-06-09;3675;2129;188400;95097;43.9;22.1
28;2021-06-10;3140;1263;191540;96360;44.6;22.4
28;2021-06-11;3795;2131;195335;98491;45.5;22.9
28;2021-06-12;1301;561;196636;99052;45.8;23.1
28;2021-06-13;385;107;197021;99159;45.9;23.1
28;2021-06-14;2208;1994;199229;101153;46.4;23.6
28;2021-06-15;2091;2222;201320;103375;46.9;24.1
28;2021-06-16;2509;3980;203829;107355;47.5;25.0
28;2021-06-17;1924;3132;205753;110487;47.9;25.7
28;2021-06-18;2470;3785;208223;114272;48.5;26.6
28;2021-06-19;776;1611;208999;115883;48.7;27.0
28;2021-06-20;23;22;209022;115905;48.7;27.0
28;2021-06-21;1683;1988;210705;117893;49.1;27.5
28;2021-06-22;1368;2108;212073;120001;49.4;27.9
28;2021-06-23;1777;3165;213850;123166;49.8;28.7
28;2021-06-24;733;930;214583;124096;50.0;28.9
28;2021-06-25;1889;3021;216472;127117;50.4;29.6
28;2021-06-26;310;2116;216782;129233;50.5;30.1
28;2021-06-27;588;1284;217370;130517;50.6;30.4
28;2021-06-28;1227;3655;218597;134172;50.9;31.2
28;2021-06-29;1342;3797;219939;137969;51.2;32.1
28;2021-06-30;1492;4252;221431;142221;51.6;33.1
28;2021-07-01;1274;3464;222705;145685;51.9;33.9
28;2021-07-02;1311;4655;224016;150340;52.2;35.0
28;2021-07-03;1131;2370;225147;152710;52.4;35.6
28;2021-07-04;146;1324;225293;154034;52.5;35.9
28;2021-07-05;1361;2511;226654;156545;52.8;36.5
28;2021-07-06;1503;2868;228157;159413;53.1;37.1
28;2021-07-07;1636;4145;229793;163558;53.5;38.1
28;2021-07-08;1464;3236;231257;166794;53.9;38.8
28;2021-07-09;1390;4528;232647;171322;54.2;39.9
28;2021-07-10;526;2210;233173;173532;54.3;40.4
28;2021-07-11;1;1;233174;173533;54.3;40.4
28;2021-07-12;1522;3938;234696;177471;54.7;41.3
28;2021-07-13;2250;4140;236946;181611;55.2;42.3
28;2021-07-14;1328;1394;238274;183005;55.5;42.6
28;2021-07-15;2969;3974;241243;186979;56.2;43.5
28;2021-07-16;2438;4761;243681;191740;56.7;44.7
28;2021-07-17;1264;2424;244945;194164;57.0;45.2
28;2021-07-18;371;941;245316;195105;57.1;45.4
28;2021-07-19;1794;4338;247110;199443;57.5;46.4
28;2021-07-20;2464;4084;249574;203527;58.1;47.4
28;2021-07-21;2955;4275;252529;207802;58.8;48.4
28;2021-07-22;3632;3418;256161;211220;59.7;49.2
28;2021-07-23;2940;3992;259101;215212;60.3;50.1
28;2021-07-24;1692;1466;260793;216678;60.7;50.5
28;2021-07-25;68;60;260861;216738;60.7;50.5
28;2021-07-26;2921;3367;263782;220105;61.4;51.3
28;2021-07-27;3870;2601;267652;222706;62.3;51.9
28;2021-07-28;3937;2712;271589;225418;63.2;52.5
28;2021-07-29;4451;2071;276040;227489;64.3;53.0
28;2021-07-30;3451;2817;279491;230306;65.1;53.6
28;2021-07-31;760;821;280251;231127;65.3;53.8
28;2021-08-01;369;62;280620;231189;65.3;53.8
28;2021-08-02;1780;1508;282400;232697;65.8;54.2
29;2020-12-27;0;0;0;0;0.0;0.0
29;2020-12-28;0;0;0;0;0.0;0.0
29;2020-12-29;0;0;0;0;0.0;0.0
29;2020-12-30;0;0;0;0;0.0;0.0
29;2020-12-31;0;0;0;0;0.0;0.0
29;2021-01-01;1;0;1;0;0.0;0.0
29;2021-01-02;0;0;1;0;0.0;0.0
29;2021-01-03;1;0;2;0;0.0;0.0
29;2021-01-04;30;0;32;0;0.0;0.0
29;2021-01-05;31;0;63;0;0.0;0.0
29;2021-01-06;43;0;106;0;0.0;0.0
29;2021-01-07;136;0;242;0;0.0;0.0
29;2021-01-08;408;0;650;0;0.1;0.0
29;2021-01-09;1;0;651;0;0.1;0.0
29;2021-01-10;2;0;653;0;0.1;0.0
29;2021-01-11;666;0;1319;0;0.1;0.0
29;2021-01-12;1120;0;2439;0;0.3;0.0
29;2021-01-13;1097;2;3536;2;0.4;0.0
29;2021-01-14;894;4;4430;6;0.5;0.0
29;2021-01-15;1218;9;5648;15;0.6;0.0
29;2021-01-16;168;1;5816;16;0.6;0.0
29;2021-01-17;112;1;5928;17;0.7;0.0
29;2021-01-18;838;3;6766;20;0.7;0.0
29;2021-01-19;1285;0;8051;20;0.9;0.0
29;2021-01-20;2391;2;10442;22;1.2;0.0
29;2021-01-21;5543;1;15985;23;1.8;0.0
29;2021-01-22;3745;3;19730;26;2.2;0.0
29;2021-01-23;537;0;20267;26;2.2;0.0
29;2021-01-24;200;1;20467;27;2.3;0.0
29;2021-01-25;572;7;21039;34;2.3;0.0
29;2021-01-26;950;34;21989;68;2.4;0.0
29;2021-01-27;1285;54;23274;122;2.6;0.0
29;2021-01-28;799;136;24073;258;2.7;0.0
29;2021-01-29;777;206;24850;464;2.7;0.1
29;2021-01-30;281;4;25131;468;2.8;0.1
29;2021-01-31;80;5;25211;473;2.8;0.1
29;2021-02-01;429;450;25640;923;2.8;0.1
29;2021-02-02;876;825;26516;1748;2.9;0.2
29;2021-02-03;811;894;27327;2642;3.0;0.3
29;2021-02-04;865;642;28192;3284;3.1;0.4
29;2021-02-05;673;585;28865;3869;3.2;0.4
29;2021-02-06;243;102;29108;3971;3.2;0.4
29;2021-02-07;78;105;29186;4076;3.2;0.4
29;2021-02-08;382;448;29568;4524;3.3;0.5
29;2021-02-09;862;853;30430;5377;3.4;0.6
29;2021-02-10;1147;1020;31577;6397;3.5;0.7
29;2021-02-11;1790;4164;33367;10561;3.7;1.2
29;2021-02-12;2312;2505;35679;13066;3.9;1.4
29;2021-02-13;638;414;36317;13480;4.0;1.5
29;2021-02-14;13;229;36330;13709;4.0;1.5
29;2021-02-15;266;948;36596;14657;4.0;1.6
29;2021-02-16;884;1061;37480;15718;4.1;1.7
29;2021-02-17;801;860;38281;16578;4.2;1.8
29;2021-02-18;1529;849;39810;17427;4.4;1.9
29;2021-02-19;1412;1004;41222;18431;4.5;2.0
29;2021-02-20;204;367;41426;18798;4.6;2.1
29;2021-02-21;160;169;41586;18967;4.6;2.1
29;2021-02-22;774;563;42360;19530;4.7;2.2
29;2021-02-23;1269;910;43629;20440;4.8;2.3
29;2021-02-24;1468;838;45097;21278;5.0;2.3
29;2021-02-25;2507;907;47604;22185;5.3;2.4
29;2021-02-26;2672;713;50276;22898;5.5;2.5
29;2021-02-27;1283;280;51559;23178;5.7;2.6
29;2021-02-28;199;72;51758;23250;5.7;2.6
29;2021-03-01;944;484;52702;23734;5.8;2.6
29;2021-03-02;1811;801;54513;24535;6.0;2.7
29;2021-03-03;2089;1017;56602;25552;6.2;2.8
29;2021-03-04;2840;1553;59442;27105;6.6;3.0
29;2021-03-05;3538;1676;62980;28781;6.9;3.2
29;2021-03-06;2000;437;64980;29218;7.2;3.2
29;2021-03-07;412;83;65392;29301;7.2;3.2
29;2021-03-08;1274;590;66666;29891;7.4;3.3
29;2021-03-09;2605;979;69271;30870;7.6;3.4
29;2021-03-10;2426;872;71697;31742;7.9;3.5
29;2021-03-11;4515;1000;76212;32742;8.4;3.6
29;2021-03-12;5267;961;81479;33703;9.0;3.7
29;2021-03-13;2820;404;84299;34107;9.3;3.8
29;2021-03-14;365;2;84664;34109;9.3;3.8
29;2021-03-15;2051;270;86715;34379;9.6;3.8
29;2021-03-16;1821;761;88536;35140;9.8;3.9
29;2021-03-17;1858;722;90394;35862;10.0;4.0
29;2021-03-18;1862;1040;92256;36902;10.2;4.1
29;2021-03-19;3261;897;95517;37799;10.5;4.2
29;2021-03-20;1912;222;97429;38021;10.7;4.2
29;2021-03-21;132;11;97561;38032;10.8;4.2
29;2021-03-22;1645;554;99206;38586;10.9;4.3
29;2021-03-23;3443;1030;102649;39616;11.3;4.4
29;2021-03-24;3775;1025;106424;40641;11.7;4.5
29;2021-03-25;4815;1068;111239;41709;12.3;4.6
29;2021-03-26;5419;1163;116658;42872;12.9;4.7
29;2021-03-27;2428;330;119086;43202;13.1;4.8
29;2021-03-28;198;50;119284;43252;13.2;4.8
29;2021-03-29;2040;822;121324;44074;13.4;4.9
29;2021-03-30;3972;1324;125296;45398;13.8;5.0
29;2021-03-31;3930;1147;129226;46545;14.3;5.1
29;2021-04-01;5017;1142;134243;47687;14.8;5.3
29;2021-04-02;4765;1170;139008;48857;15.3;5.4
29;2021-04-03;2500;537;141508;49394;15.6;5.4
29;2021-04-04;146;30;141654;49424;15.6;5.5
29;2021-04-05;971;331;142625;49755;15.7;5.5
29;2021-04-06;3191;1233;145816;50988;16.1;5.6
29;2021-04-07;3650;938;149466;51926;16.5;5.7
29;2021-04-08;5288;2057;154754;53983;17.1;6.0
29;2021-04-09;6748;1564;161502;55547;17.8;6.1
29;2021-04-10;3496;702;164998;56249;18.2;6.2
29;2021-04-11;120;80;165118;56329;18.2;6.2
29;2021-04-12;3849;1483;168967;57812;18.6;6.4
29;2021-04-13;5860;1748;174827;59560;19.3;6.6
29;2021-04-14;4755;1743;179582;61303;19.8;6.8
29;2021-04-15;7160;1727;186742;63030;20.6;7.0
29;2021-04-16;6702;1348;193444;64378;21.3;7.1
29;2021-04-17;3823;966;197267;65344;21.8;7.2
29;2021-04-18;489;40;197756;65384;21.8;7.2
29;2021-04-19;3878;1462;201634;66846;22.2;7.4
29;2021-04-20;4395;2132;206029;68978;22.7;7.6
29;2021-04-21;4370;2191;210399;71169;23.2;7.9
29;2021-04-22;6645;2852;217044;74021;23.9;8.2
29;2021-04-23;6043;2191;223087;76212;24.6;8.4
29;2021-04-24;4005;1317;227092;77529;25.1;8.6
29;2021-04-25;433;169;227525;77698;25.1;8.6
29;2021-04-26;5261;1872;232786;79570;25.7;8.8
29;2021-04-27;5334;3193;238120;82763;26.3;9.1
29;2021-04-28;5353;2893;243473;85656;26.9;9.4
29;2021-04-29;6586;3346;250059;89002;27.6;9.8
29;2021-04-30;6259;3911;256318;92913;28.3;10.2
29;2021-05-01;1983;978;258301;93891;28.5;10.4
29;2021-05-02;1249;195;259550;94086;28.6;10.4
29;2021-05-03;4536;2287;264086;96373;29.1;10.6
29;2021-05-04;4113;3737;268199;100110;29.6;11.0
29;2021-05-05;4515;3406;272714;103516;30.1;11.4
29;2021-05-06;6232;3711;278946;107227;30.8;11.8
29;2021-05-07;5981;4617;284927;111844;31.4;12.3
29;2021-05-08;2092;566;287019;112410;31.7;12.4
29;2021-05-09;1724;137;288743;112547;31.9;12.4
29;2021-05-10;4761;3768;293504;116315;32.4;12.8
29;2021-05-11;4713;4998;298217;121313;32.9;13.4
29;2021-05-12;5024;4358;303241;125671;33.4;13.9
29;2021-05-13;3438;1502;306679;127173;33.8;14.0
29;2021-05-14;5649;4002;312328;131175;34.5;14.5
29;2021-05-15;4044;2315;316372;133490;34.9;14.7
29;2021-05-16;1587;293;317959;133783;35.1;14.8
29;2021-05-17;5562;3133;323521;136916;35.7;15.1
29;2021-05-18;5733;3094;329254;140010;36.3;15.4
29;2021-05-19;6203;2965;335457;142975;37.0;15.8
29;2021-05-20;7174;4564;342631;147539;37.8;16.3
29;2021-05-21;7214;3813;349845;151352;38.6;16.7
29;2021-05-22;5335;2129;355180;153481;39.2;16.9
29;2021-05-23;1630;65;356810;153546;39.4;16.9
29;2021-05-24;3486;533;360296;154079;39.7;17.0
29;2021-05-25;5826;3035;366122;157114;40.4;17.3
29;2021-05-26;5890;2996;372012;160110;41.0;17.7
29;2021-05-27;6825;3985;378837;164095;41.8;18.1
29;2021-05-28;6538;4450;385375;168545;42.5;18.6
29;2021-05-29;4382;2803;389757;171348;43.0;18.9
29;2021-05-30;1115;361;390872;171709;43.1;18.9
29;2021-05-31;6385;3455;397257;175164;43.8;19.3
29;2021-06-01;6602;4349;403859;179513;44.5;19.8
29;2021-06-02;6160;4130;410019;183643;45.2;20.3
29;2021-06-03;7693;4519;417712;188162;46.1;20.8
29;2021-06-04;6811;6164;424523;194326;46.8;21.4
29;2021-06-05;5350;3036;429873;197362;47.4;21.8
29;2021-06-06;1284;538;431157;197900;47.6;21.8
29;2021-06-07;4659;5563;435816;203463;48.1;22.4
29;2021-06-08;7170;5208;442986;208671;48.9;23.0
29;2021-06-09;6406;4751;449392;213422;49.6;23.5
29;2021-06-10;7777;5062;457169;218484;50.4;24.1
29;2021-06-11;8477;5875;465646;224359;51.4;24.7
29;2021-06-12;6568;2807;472214;227166;52.1;25.1
29;2021-06-13;2352;1371;474566;228537;52.3;25.2
29;2021-06-14;4031;6302;478597;234839;52.8;25.9
29;2021-06-15;5470;6170;484067;241009;53.4;26.6
29;2021-06-16;5558;5629;489625;246638;54.0;27.2
29;2021-06-17;6357;6301;495982;252939;54.7;27.9
29;2021-06-18;6113;7489;502095;260428;55.4;28.7
29;2021-06-19;4622;3526;506717;263954;55.9;29.1
29;2021-06-20;888;1454;507605;265408;56.0;29.3
29;2021-06-21;3755;6495;511360;271903;56.4;30.0
29;2021-06-22;4473;6421;515833;278324;56.9;30.7
29;2021-06-23;4655;6128;520488;284452;57.4;31.4
29;2021-06-24;4789;6742;525277;291194;57.9;32.1
29;2021-06-25;3591;7528;528868;298722;58.3;33.0
29;2021-06-26;2116;4094;530984;302816;58.6;33.4
29;2021-06-27;965;1632;531949;304448;58.7;33.6
29;2021-06-28;2822;6867;534771;311315;59.0;34.3
29;2021-06-29;2778;7729;537549;319044;59.3;35.2
29;2021-06-30;3021;7514;540570;326558;59.6;36.0
29;2021-07-01;3743;8423;544313;334981;60.0;37.0
29;2021-07-02;3595;9676;547908;344657;60.4;38.0
29;2021-07-03;2317;6062;550225;350719;60.7;38.7
29;2021-07-04;808;1770;551033;352489;60.8;38.9
29;2021-07-05;1899;7166;552932;359655;61.0;39.7
29;2021-07-06;1525;8025;554457;367680;61.2;40.6
29;2021-07-07;1688;7048;556145;374728;61.3;41.3
29;2021-07-08;2423;8216;558568;382944;61.6;42.2
29;2021-07-09;2554;9091;561122;392035;61.9;43.2
29;2021-07-10;1909;6111;563031;398146;62.1;43.9
29;2021-07-11;443;1065;563474;399211;62.2;44.0
29;2021-07-12;1954;8387;565428;407598;62.4;45.0
29;2021-07-13;2717;8657;568145;416255;62.7;45.9
29;2021-07-14;2064;3365;570209;419620;62.9;46.3
29;2021-07-15;3811;9733;574020;429353;63.3;47.4
29;2021-07-16;4566;9198;578586;438551;63.8;48.4
29;2021-07-17;3209;6112;581795;444663;64.2;49.0
29;2021-07-18;660;1078;582455;445741;64.2;49.2
29;2021-07-19;3122;7558;585577;453299;64.6;50.0
29;2021-07-20;3510;9443;589087;462742;65.0;51.0
29;2021-07-21;3617;7729;592704;470471;65.4;51.9
29;2021-07-22;3376;8541;596080;479012;65.8;52.8
29;2021-07-23;4011;10710;600091;489722;66.2;54.0
29;2021-07-24;2519;5954;602610;495676;66.5;54.7
29;2021-07-25;649;2363;603259;498039;66.5;54.9
29;2021-07-26;3351;7279;606610;505318;66.9;55.7
29;2021-07-27;3679;7107;610289;512425;67.3;56.5
29;2021-07-28;4168;6033;614457;518458;67.8;57.2
29;2021-07-29;5622;6347;620079;524805;68.4;57.9
29;2021-07-30;5348;6515;625427;531320;69.0;58.6
29;2021-07-31;2912;4922;628339;536242;69.3;59.2
29;2021-08-01;649;922;628988;537164;69.4;59.3
29;2021-08-02;4185;5206;633173;542370;69.8;59.8
2A;2020-12-27;0;0;0;0;0.0;0.0
2A;2020-12-28;0;0;0;0;0.0;0.0
2A;2020-12-29;0;0;0;0;0.0;0.0
2A;2020-12-30;0;0;0;0;0.0;0.0
2A;2020-12-31;0;0;0;0;0.0;0.0
2A;2021-01-01;0;0;0;0;0.0;0.0
2A;2021-01-02;0;0;0;0;0.0;0.0
2A;2021-01-03;0;0;0;0;0.0;0.0
2A;2021-01-04;0;0;0;0;0.0;0.0
2A;2021-01-05;0;0;0;0;0.0;0.0
2A;2021-01-06;5;0;5;0;0.0;0.0
2A;2021-01-07;122;1;127;1;0.1;0.0
2A;2021-01-08;113;0;240;1;0.1;0.0
2A;2021-01-09;39;0;279;1;0.2;0.0
2A;2021-01-10;33;0;312;1;0.2;0.0
2A;2021-01-11;76;0;388;1;0.2;0.0
2A;2021-01-12;85;0;473;1;0.3;0.0
2A;2021-01-13;111;0;584;1;0.4;0.0
2A;2021-01-14;192;1;776;2;0.5;0.0
2A;2021-01-15;149;0;925;2;0.6;0.0
2A;2021-01-16;157;1;1082;3;0.7;0.0
2A;2021-01-17;84;1;1166;4;0.7;0.0
2A;2021-01-18;200;2;1366;6;0.8;0.0
2A;2021-01-19;486;0;1852;6;1.1;0.0
2A;2021-01-20;352;0;2204;6;1.4;0.0
2A;2021-01-21;451;1;2655;7;1.6;0.0
2A;2021-01-22;367;0;3022;7;1.9;0.0
2A;2021-01-23;183;0;3205;7;2.0;0.0
2A;2021-01-24;118;1;3323;8;2.0;0.0
2A;2021-01-25;213;0;3536;8;2.2;0.0
2A;2021-01-26;402;6;3938;14;2.4;0.0
2A;2021-01-27;322;5;4260;19;2.6;0.0
2A;2021-01-28;335;80;4595;99;2.8;0.1
2A;2021-01-29;341;65;4936;164;3.0;0.1
2A;2021-01-30;124;40;5060;204;3.1;0.1
2A;2021-01-31;92;12;5152;216;3.2;0.1
2A;2021-02-01;229;53;5381;269;3.3;0.2
2A;2021-02-02;287;118;5668;387;3.5;0.2
2A;2021-02-03;265;75;5933;462;3.7;0.3
2A;2021-02-04;256;121;6189;583;3.8;0.4
2A;2021-02-05;267;107;6456;690;4.0;0.4
2A;2021-02-06;121;60;6577;750;4.0;0.5
2A;2021-02-07;67;58;6644;808;4.1;0.5
2A;2021-02-08;91;209;6735;1017;4.1;0.6
2A;2021-02-09;127;301;6862;1318;4.2;0.8
2A;2021-02-10;158;236;7020;1554;4.3;1.0
2A;2021-02-11;296;369;7316;1923;4.5;1.2
2A;2021-02-12;345;305;7661;2228;4.7;1.4
2A;2021-02-13;224;59;7885;2287;4.9;1.4
2A;2021-02-14;133;77;8018;2364;4.9;1.5
2A;2021-02-15;190;182;8208;2546;5.1;1.6
2A;2021-02-16;380;321;8588;2867;5.3;1.8
2A;2021-02-17;283;166;8871;3033;5.5;1.9
2A;2021-02-18;334;199;9205;3232;5.7;2.0
2A;2021-02-19;146;300;9351;3532;5.8;2.2
2A;2021-02-20;243;138;9594;3670;5.9;2.3
2A;2021-02-21;58;55;9652;3725;5.9;2.3
2A;2021-02-22;77;215;9729;3940;6.0;2.4
2A;2021-02-23;122;290;9851;4230;6.1;2.6
2A;2021-02-24;71;297;9922;4527;6.1;2.8
2A;2021-02-25;105;266;10027;4793;6.2;3.0
2A;2021-02-26;123;273;10150;5066;6.2;3.1
2A;2021-02-27;308;69;10458;5135;6.4;3.2
2A;2021-02-28;69;66;10527;5201;6.5;3.2
2A;2021-03-01;116;152;10643;5353;6.6;3.3
2A;2021-03-02;197;266;10840;5619;6.7;3.5
2A;2021-03-03;238;256;11078;5875;6.8;3.6
2A;2021-03-04;507;228;11585;6103;7.1;3.8
2A;2021-03-05;971;288;12556;6391;7.7;3.9
2A;2021-03-06;1164;75;13720;6466;8.4;4.0
2A;2021-03-07;1021;45;14741;6511;9.1;4.0
2A;2021-03-08;931;87;15672;6598;9.6;4.1
2A;2021-03-09;936;151;16608;6749;10.2;4.2
2A;2021-03-10;629;136;17237;6885;10.6;4.2
2A;2021-03-11;723;281;17960;7166;11.1;4.4
2A;2021-03-12;560;318;18520;7484;11.4;4.6
2A;2021-03-13;611;198;19131;7682;11.8;4.7
2A;2021-03-14;311;126;19442;7808;12.0;4.8
2A;2021-03-15;373;202;19815;8010;12.2;4.9
2A;2021-03-16;495;368;20310;8378;12.5;5.2
2A;2021-03-17;699;273;21009;8651;12.9;5.3
2A;2021-03-18;446;305;21455;8956;13.2;5.5
2A;2021-03-19;484;156;21939;9112;13.5;5.6
2A;2021-03-20;1078;261;23017;9373;14.2;5.8
2A;2021-03-21;696;53;23713;9426;14.6;5.8
2A;2021-03-22;345;67;24058;9493;14.8;5.8
2A;2021-03-23;517;57;24575;9550;15.1;5.9
2A;2021-03-24;862;91;25437;9641;15.7;5.9
2A;2021-03-25;930;139;26367;9780;16.2;6.0
2A;2021-03-26;1075;163;27442;9943;16.9;6.1
2A;2021-03-27;1187;199;28629;10142;17.6;6.2
2A;2021-03-28;241;99;28870;10241;17.8;6.3
2A;2021-03-29;282;138;29152;10379;17.9;6.4
2A;2021-03-30;382;235;29534;10614;18.2;6.5
2A;2021-03-31;446;226;29980;10840;18.5;6.7
2A;2021-04-01;637;452;30617;11292;18.9;7.0
2A;2021-04-02;902;783;31519;12075;19.4;7.4
2A;2021-04-03;646;982;32165;13057;19.8;8.0
2A;2021-04-04;578;784;32743;13841;20.2;8.5
2A;2021-04-05;523;698;33266;14539;20.5;9.0
2A;2021-04-06;550;556;33816;15095;20.8;9.3
2A;2021-04-07;786;423;34602;15518;21.3;9.6
2A;2021-04-08;1049;355;35651;15873;21.9;9.8
2A;2021-04-09;934;394;36585;16267;22.5;10.0
2A;2021-04-10;1056;380;37641;16647;23.2;10.2
2A;2021-04-11;362;256;38003;16903;23.4;10.4
2A;2021-04-12;668;342;38671;17245;23.8;10.6
2A;2021-04-13;327;379;38998;17624;24.0;10.9
2A;2021-04-14;1046;587;40044;18211;24.7;11.2
2A;2021-04-15;1040;524;41084;18735;25.3;11.5
2A;2021-04-16;871;395;41955;19130;25.8;11.8
2A;2021-04-17;1366;936;43321;20066;26.7;12.4
2A;2021-04-18;982;943;44303;21009;27.3;12.9
2A;2021-04-19;269;343;44572;21352;27.4;13.1
2A;2021-04-20;353;344;44925;21696;27.7;13.4
2A;2021-04-21;730;733;45655;22429;28.1;13.8
2A;2021-04-22;895;649;46550;23078;28.7;14.2
2A;2021-04-23;987;776;47537;23854;29.3;14.7
2A;2021-04-24;1748;978;49285;24832;30.3;15.3
2A;2021-04-25;977;304;50262;25136;30.9;15.5
2A;2021-04-26;307;227;50569;25363;31.1;15.6
2A;2021-04-27;344;349;50913;25712;31.3;15.8
2A;2021-04-28;1669;423;52582;26135;32.4;16.1
2A;2021-04-29;1054;359;53636;26494;33.0;16.3
2A;2021-04-30;1131;1058;54767;27552;33.7;17.0
2A;2021-05-01;969;576;55736;28128;34.3;17.3
2A;2021-05-02;675;706;56411;28834;34.7;17.8
2A;2021-05-03;583;576;56994;29410;35.1;18.1
2A;2021-05-04;751;534;57745;29944;35.6;18.4
2A;2021-05-05;1008;982;58753;30926;36.2;19.0
2A;2021-05-06;906;911;59659;31837;36.7;19.6
2A;2021-05-07;1155;835;60814;32672;37.4;20.1
2A;2021-05-08;422;500;61236;33172;37.7;20.4
2A;2021-05-09;783;638;62019;33810;38.2;20.8
2A;2021-05-10;453;740;62472;34550;38.5;21.3
2A;2021-05-11;651;415;63123;34965;38.9;21.5
2A;2021-05-12;919;488;64042;35453;39.4;21.8
2A;2021-05-13;919;138;64961;35591;40.0;21.9
2A;2021-05-14;797;682;65758;36273;40.5;22.3
2A;2021-05-15;780;646;66538;36919;41.0;22.7
2A;2021-05-16;737;499;67275;37418;41.4;23.0
2A;2021-05-17;583;561;67858;37979;41.8;23.4
2A;2021-05-18;616;476;68474;38455;42.2;23.7
2A;2021-05-19;788;481;69262;38936;42.6;24.0
2A;2021-05-20;692;540;69954;39476;43.1;24.3
2A;2021-05-21;534;480;70488;39956;43.4;24.6
2A;2021-05-22;442;309;70930;40265;43.7;24.8
2A;2021-05-23;533;284;71463;40549;44.0;25.0
2A;2021-05-24;125;33;71588;40582;44.1;25.0
2A;2021-05-25;415;503;72003;41085;44.3;25.3
2A;2021-05-26;426;1166;72429;42251;44.6;26.0
2A;2021-05-27;435;1112;72864;43363;44.9;26.7
2A;2021-05-28;297;915;73161;44278;45.0;27.3
2A;2021-05-29;336;900;73497;45178;45.3;27.8
2A;2021-05-30;182;506;73679;45684;45.4;28.1
2A;2021-05-31;189;413;73868;46097;45.5;28.4
2A;2021-06-01;337;729;74205;46826;45.7;28.8
2A;2021-06-02;282;939;74487;47765;45.9;29.4
2A;2021-06-03;304;848;74791;48613;46.0;29.9
2A;2021-06-04;272;1093;75063;49706;46.2;30.6
2A;2021-06-05;319;1443;75382;51149;46.4;31.5
2A;2021-06-06;173;910;75555;52059;46.5;32.1
2A;2021-06-07;170;661;75725;52720;46.6;32.5
2A;2021-06-08;321;705;76046;53425;46.8;32.9
2A;2021-06-09;297;1318;76343;54743;47.0;33.7
2A;2021-06-10;329;856;76672;55599;47.2;34.2
2A;2021-06-11;278;1021;76950;56620;47.4;34.9
2A;2021-06-12;228;663;77178;57283;47.5;35.3
2A;2021-06-13;188;797;77366;58080;47.6;35.8
2A;2021-06-14;249;922;77615;59002;47.8;36.3
2A;2021-06-15;217;506;77832;59508;47.9;36.6
2A;2021-06-16;209;776;78041;60284;48.0;37.1
2A;2021-06-17;233;592;78274;60876;48.2;37.5
2A;2021-06-18;244;914;78518;61790;48.3;38.0
2A;2021-06-19;207;689;78725;62479;48.5;38.5
2A;2021-06-20;149;692;78874;63171;48.6;38.9
2A;2021-06-21;179;791;79053;63962;48.7;39.4
2A;2021-06-22;235;842;79288;64804;48.8;39.9
2A;2021-06-23;215;567;79503;65371;48.9;40.2
2A;2021-06-24;147;371;79650;65742;49.0;40.5
2A;2021-06-25;167;473;79817;66215;49.1;40.8
2A;2021-06-26;201;872;80018;67087;49.3;41.3
2A;2021-06-27;172;794;80190;67881;49.4;41.8
2A;2021-06-28;193;704;80383;68585;49.5;42.2
2A;2021-06-29;211;688;80594;69273;49.6;42.7
2A;2021-06-30;240;493;80834;69766;49.8;43.0
2A;2021-07-01;206;485;81040;70251;49.9;43.3
2A;2021-07-02;169;371;81209;70622;50.0;43.5
2A;2021-07-03;208;618;81417;71240;50.1;43.9
2A;2021-07-04;173;664;81590;71904;50.2;44.3
2A;2021-07-05;161;235;81751;72139;50.3;44.4
2A;2021-07-06;247;389;81998;72528;50.5;44.7
2A;2021-07-07;427;609;82425;73137;50.7;45.0
2A;2021-07-08;587;702;83012;73839;51.1;45.5
2A;2021-07-09;373;424;83385;74263;51.3;45.7
2A;2021-07-10;281;345;83666;74608;51.5;45.9
2A;2021-07-11;91;163;83757;74771;51.6;46.0
2A;2021-07-12;306;347;84063;75118;51.8;46.2
2A;2021-07-13;1174;514;85237;75632;52.5;46.6
2A;2021-07-14;1606;311;86843;75943;53.5;46.8
2A;2021-07-15;1414;824;88257;76767;54.3;47.3
2A;2021-07-16;1157;463;89414;77230;55.1;47.5
2A;2021-07-17;1094;336;90508;77566;55.7;47.8
2A;2021-07-18;632;133;91140;77699;56.1;47.8
2A;2021-07-19;911;428;92051;78127;56.7;48.1
2A;2021-07-20;1257;468;93308;78595;57.4;48.4
2A;2021-07-21;1421;705;94729;79300;58.3;48.8
2A;2021-07-22;1375;758;96104;80058;59.2;49.3
2A;2021-07-23;1424;455;97528;80513;60.0;49.6
2A;2021-07-24;871;287;98399;80800;60.6;49.7
2A;2021-07-25;446;68;98845;80868;60.9;49.8
2A;2021-07-26;1143;493;99988;81361;61.6;50.1
2A;2021-07-27;1253;503;101241;81864;62.3;50.4
2A;2021-07-28;1195;582;102436;82446;63.1;50.8
2A;2021-07-29;1205;647;103641;83093;63.8;51.2
2A;2021-07-30;919;600;104560;83693;64.4;51.5
2A;2021-07-31;501;335;105061;84028;64.7;51.7
2A;2021-08-01;545;115;105606;84143;65.0;51.8
2A;2021-08-02;439;486;106045;84629;65.3;52.1
2B;2020-12-27;0;0;0;0;0.0;0.0
2B;2020-12-28;0;0;0;0;0.0;0.0
2B;2020-12-29;0;0;0;0;0.0;0.0
2B;2020-12-30;0;0;0;0;0.0;0.0
2B;2020-12-31;0;0;0;0;0.0;0.0
2B;2021-01-01;0;0;0;0;0.0;0.0
2B;2021-01-02;0;0;0;0;0.0;0.0
2B;2021-01-03;0;0;0;0;0.0;0.0
2B;2021-01-04;2;0;2;0;0.0;0.0
2B;2021-01-05;0;0;2;0;0.0;0.0
2B;2021-01-06;48;1;50;1;0.0;0.0
2B;2021-01-07;211;0;261;1;0.1;0.0
2B;2021-01-08;196;0;457;1;0.3;0.0
2B;2021-01-09;39;0;496;1;0.3;0.0
2B;2021-01-10;1;0;497;1;0.3;0.0
2B;2021-01-11;75;0;572;1;0.3;0.0
2B;2021-01-12;128;1;700;2;0.4;0.0
2B;2021-01-13;93;0;793;2;0.4;0.0
2B;2021-01-14;72;0;865;2;0.5;0.0
2B;2021-01-15;258;0;1123;2;0.6;0.0
2B;2021-01-16;43;0;1166;2;0.6;0.0
2B;2021-01-17;8;0;1174;2;0.6;0.0
2B;2021-01-18;271;0;1445;2;0.8;0.0
2B;2021-01-19;499;0;1944;2;1.1;0.0
2B;2021-01-20;461;2;2405;4;1.3;0.0
2B;2021-01-21;357;0;2762;4;1.5;0.0
2B;2021-01-22;370;0;3132;4;1.7;0.0
2B;2021-01-23;60;0;3192;4;1.8;0.0
2B;2021-01-24;29;0;3221;4;1.8;0.0
2B;2021-01-25;210;2;3431;6;1.9;0.0
2B;2021-01-26;388;1;3819;7;2.1;0.0
2B;2021-01-27;342;50;4161;57;2.3;0.0
2B;2021-01-28;365;149;4526;206;2.5;0.1
2B;2021-01-29;288;164;4814;370;2.6;0.2
2B;2021-01-30;80;33;4894;403;2.7;0.2
2B;2021-01-31;60;0;4954;403;2.7;0.2
2B;2021-02-01;229;94;5183;497;2.8;0.3
2B;2021-02-02;357;78;5540;575;3.0;0.3
2B;2021-02-03;519;92;6059;667;3.3;0.4
2B;2021-02-04;458;176;6517;843;3.6;0.5
2B;2021-02-05;393;95;6910;938;3.8;0.5
2B;2021-02-06;87;14;6997;952;3.8;0.5
2B;2021-02-07;59;0;7056;952;3.9;0.5
2B;2021-02-08;230;157;7286;1109;4.0;0.6
2B;2021-02-09;586;314;7872;1423;4.3;0.8
2B;2021-02-10;485;195;8357;1618;4.6;0.9
2B;2021-02-11;382;128;8739;1746;4.8;1.0
2B;2021-02-12;298;125;9037;1871;5.0;1.0
2B;2021-02-13;77;13;9114;1884;5.0;1.0
2B;2021-02-14;62;1;9176;1885;5.0;1.0
2B;2021-02-15;190;128;9366;2013;5.1;1.1
2B;2021-02-16;252;285;9618;2298;5.3;1.3
2B;2021-02-17;312;317;9930;2615;5.4;1.4
2B;2021-02-18;215;347;10145;2962;5.6;1.6
2B;2021-02-19;164;308;10309;3270;5.7;1.8
2B;2021-02-20;32;63;10341;3333;5.7;1.8
2B;2021-02-21;27;29;10368;3362;5.7;1.8
2B;2021-02-22;133;190;10501;3552;5.8;1.9
2B;2021-02-23;230;359;10731;3911;5.9;2.1
2B;2021-02-24;228;312;10959;4223;6.0;2.3
2B;2021-02-25;245;341;11204;4564;6.1;2.5
2B;2021-02-26;299;282;11503;4846;6.3;2.7
2B;2021-02-27;60;84;11563;4930;6.3;2.7
2B;2021-02-28;1;57;11564;4987;6.3;2.7
2B;2021-03-01;246;261;11810;5248;6.5;2.9
2B;2021-03-02;351;390;12161;5638;6.7;3.1
2B;2021-03-03;297;437;12458;6075;6.8;3.3
2B;2021-03-04;447;409;12905;6484;7.1;3.6
2B;2021-03-05;618;387;13523;6871;7.4;3.8
2B;2021-03-06;682;98;14205;6969;7.8;3.8
2B;2021-03-07;361;58;14566;7027;8.0;3.9
2B;2021-03-08;301;239;14867;7266;8.2;4.0
2B;2021-03-09;383;506;15250;7772;8.4;4.3
2B;2021-03-10;630;447;15880;8219;8.7;4.5
2B;2021-03-11;584;355;16464;8574;9.0;4.7
2B;2021-03-12;965;226;17429;8800;9.6;4.8
2B;2021-03-13;510;111;17939;8911;9.8;4.9
2B;2021-03-14;226;61;18165;8972;10.0;4.9
2B;2021-03-15;514;200;18679;9172;10.2;5.0
2B;2021-03-16;570;277;19249;9449;10.6;5.2
2B;2021-03-17;529;263;19778;9712;10.9;5.3
2B;2021-03-18;550;228;20328;9940;11.2;5.5
2B;2021-03-19;804;194;21132;10134;11.6;5.6
2B;2021-03-20;655;36;21787;10170;12.0;5.6
2B;2021-03-21;429;35;22216;10205;12.2;5.6
2B;2021-03-22;546;124;22762;10329;12.5;5.7
2B;2021-03-23;788;264;23550;10593;12.9;5.8
2B;2021-03-24;831;218;24381;10811;13.4;5.9
2B;2021-03-25;824;164;25205;10975;13.8;6.0
2B;2021-03-26;958;192;26163;11167;14.4;6.1
2B;2021-03-27;1089;36;27252;11203;15.0;6.1
2B;2021-03-28;830;123;28082;11326;15.4;6.2
2B;2021-03-29;745;180;28827;11506;15.8;6.3
2B;2021-03-30;970;323;29797;11829;16.3;6.5
2B;2021-03-31;981;265;30778;12094;16.9;6.6
2B;2021-04-01;1001;231;31779;12325;17.4;6.8
2B;2021-04-02;964;414;32743;12739;18.0;7.0
2B;2021-04-03;1246;151;33989;12890;18.6;7.1
2B;2021-04-04;196;60;34185;12950;18.8;7.1
2B;2021-04-05;108;113;34293;13063;18.8;7.2
2B;2021-04-06;1033;361;35326;13424;19.4;7.4
2B;2021-04-07;1230;430;36556;13854;20.1;7.6
2B;2021-04-08;1127;410;37683;14264;20.7;7.8
2B;2021-04-09;1168;566;38851;14830;21.3;8.1
2B;2021-04-10;1351;261;40202;15091;22.1;8.3
2B;2021-04-11;812;65;41014;15156;22.5;8.3
2B;2021-04-12;852;562;41866;15718;23.0;8.6
2B;2021-04-13;1061;631;42927;16349;23.6;9.0
2B;2021-04-14;1044;493;43971;16842;24.1;9.2
2B;2021-04-15;885;517;44856;17359;24.6;9.5
2B;2021-04-16;911;650;45767;18009;25.1;9.9
2B;2021-04-17;386;446;46153;18455;25.3;10.1
2B;2021-04-18;252;340;46405;18795;25.5;10.3
2B;2021-04-19;822;437;47227;19232;25.9;10.6
2B;2021-04-20;898;847;48125;20079;26.4;11.0
2B;2021-04-21;1055;608;49180;20687;27.0;11.4
2B;2021-04-22;937;732;50117;21419;27.5;11.8
2B;2021-04-23;661;629;50778;22048;27.9;12.1
2B;2021-04-24;287;772;51065;22820;28.0;12.5
2B;2021-04-25;285;477;51350;23297;28.2;12.8
2B;2021-04-26;708;920;52058;24217;28.6;13.3
2B;2021-04-27;965;875;53023;25092;29.1;13.8
2B;2021-04-28;918;861;53941;25953;29.6;14.2
2B;2021-04-29;921;868;54862;26821;30.1;14.7
2B;2021-04-30;1131;831;55993;27652;30.7;15.2
2B;2021-05-01;459;1115;56452;28767;31.0;15.8
2B;2021-05-02;336;244;56788;29011;31.2;15.9
2B;2021-05-03;1019;495;57807;29506;31.7;16.2
2B;2021-05-04;809;1151;58616;30657;32.2;16.8
2B;2021-05-05;804;1375;59420;32032;32.6;17.6
2B;2021-05-06;1287;904;60707;32936;33.3;18.1
2B;2021-05-07;1063;987;61770;33923;33.9;18.6
2B;2021-05-08;459;855;62229;34778;34.1;19.1
2B;2021-05-09;394;683;62623;35461;34.4;19.5
2B;2021-05-10;925;797;63548;36258;34.9;19.9
2B;2021-05-11;933;1161;64481;37419;35.4;20.5
2B;2021-05-12;857;891;65338;38310;35.8;21.0
2B;2021-05-13;1026;376;66364;38686;36.4;21.2
2B;2021-05-14;718;579;67082;39265;36.8;21.5
2B;2021-05-15;702;353;67784;39618;37.2;21.7
2B;2021-05-16;299;180;68083;39798;37.4;21.8
2B;2021-05-17;1003;406;69086;40204;37.9;22.1
2B;2021-05-18;991;383;70077;40587;38.4;22.3
2B;2021-05-19;771;416;70848;41003;38.9;22.5
2B;2021-05-20;670;359;71518;41362;39.2;22.7
2B;2021-05-21;705;502;72223;41864;39.6;23.0
2B;2021-05-22;573;391;72796;42255;39.9;23.2
2B;2021-05-23;168;46;72964;42301;40.0;23.2
2B;2021-05-24;40;115;73004;42416;40.1;23.3
2B;2021-05-25;548;353;73552;42769;40.4;23.5
2B;2021-05-26;544;789;74096;43558;40.7;23.9
2B;2021-05-27;407;1131;74503;44689;40.9;24.5
2B;2021-05-28;554;906;75057;45595;41.2;25.0
2B;2021-05-29;312;352;75369;45947;41.4;25.2
2B;2021-05-30;46;45;75415;45992;41.4;25.2
2B;2021-05-31;376;831;75791;46823;41.6;25.7
2B;2021-06-01;414;1039;76205;47862;41.8;26.3
2B;2021-06-02;364;991;76569;48853;42.0;26.8
2B;2021-06-03;497;808;77066;49661;42.3;27.2
2B;2021-06-04;343;1255;77409;50916;42.5;27.9
2B;2021-06-05;258;494;77667;51410;42.6;28.2
2B;2021-06-06;51;129;77718;51539;42.6;28.3
2B;2021-06-07;280;949;77998;52488;42.8;28.8
2B;2021-06-08;398;1169;78396;53657;43.0;29.4
2B;2021-06-09;518;1178;78914;54835;43.3;30.1
2B;2021-06-10;367;939;79281;55774;43.5;30.6
2B;2021-06-11;432;1274;79713;57048;43.7;31.3
2B;2021-06-12;151;545;79864;57593;43.8;31.6
2B;2021-06-13;25;59;79889;57652;43.8;31.6
2B;2021-06-14;195;1116;80084;58768;43.9;32.2
2B;2021-06-15;345;1220;80429;59988;44.1;32.9
2B;2021-06-16;380;937;80809;60925;44.3;33.4
2B;2021-06-17;399;1047;81208;61972;44.6;34.0
2B;2021-06-18;346;959;81554;62931;44.7;34.5
2B;2021-06-19;142;328;81696;63259;44.8;34.7
2B;2021-06-20;44;194;81740;63453;44.8;34.8
2B;2021-06-21;264;961;82004;64414;45.0;35.3
2B;2021-06-22;314;1111;82318;65525;45.2;36.0
2B;2021-06-23;209;871;82527;66396;45.3;36.4
2B;2021-06-24;334;756;82861;67152;45.5;36.8
2B;2021-06-25;212;1076;83073;68228;45.6;37.4
2B;2021-06-26;105;552;83178;68780;45.6;37.7
2B;2021-06-27;32;215;83210;68995;45.7;37.9
2B;2021-06-28;328;952;83538;69947;45.8;38.4
2B;2021-06-29;268;987;83806;70934;46.0;38.9
2B;2021-06-30;377;948;84183;71882;46.2;39.4
2B;2021-07-01;223;508;84406;72390;46.3;39.7
2B;2021-07-02;212;558;84618;72948;46.4;40.0
2B;2021-07-03;90;396;84708;73344;46.5;40.2
2B;2021-07-04;2;0;84710;73344;46.5;40.2
2B;2021-07-05;264;663;84974;74007;46.6;40.6
2B;2021-07-06;447;708;85421;74715;46.9;41.0
2B;2021-07-07;373;907;85794;75622;47.1;41.5
2B;2021-07-08;181;347;85975;75969;47.2;41.7
2B;2021-07-09;244;372;86219;76341;47.3;41.9
2B;2021-07-10;194;198;86413;76539;47.4;42.0
2B;2021-07-11;13;14;86426;76553;47.4;42.0
2B;2021-07-12;492;740;86918;77293;47.7;42.4
2B;2021-07-13;818;1011;87736;78304;48.1;43.0
2B;2021-07-14;337;97;88073;78401;48.3;43.0
2B;2021-07-15;1248;577;89321;78978;49.0;43.3
2B;2021-07-16;1105;554;90426;79532;49.6;43.6
2B;2021-07-17;706;312;91132;79844;50.0;43.8
2B;2021-07-18;179;46;91311;79890;50.1;43.8
2B;2021-07-19;839;693;92150;80583;50.6;44.2
2B;2021-07-20;1196;678;93346;81261;51.2;44.6
2B;2021-07-21;1376;717;94722;81978;52.0;45.0
2B;2021-07-22;1315;596;96037;82574;52.7;45.3
2B;2021-07-23;1310;493;97347;83067;53.4;45.6
2B;2021-07-24;529;314;97876;83381;53.7;45.7
2B;2021-07-25;203;71;98079;83452;53.8;45.8
2B;2021-07-26;910;629;98989;84081;54.3;46.1
2B;2021-07-27;1553;694;100542;84775;55.2;46.5
2B;2021-07-28;1158;619;101700;85394;55.8;46.9
2B;2021-07-29;1122;438;102822;85832;56.4;47.1
2B;2021-07-30;713;332;103535;86164;56.8;47.3
2B;2021-07-31;533;228;104068;86392;57.1;47.4
2B;2021-08-01;229;56;104297;86448;57.2;47.4
2B;2021-08-02;757;456;105054;86904;57.6;47.7
30;2020-12-27;0;0;0;0;0.0;0.0
30;2020-12-28;0;0;0;0;0.0;0.0
30;2020-12-29;0;0;0;0;0.0;0.0
30;2020-12-30;0;0;0;0;0.0;0.0
30;2020-12-31;0;0;0;0;0.0;0.0
30;2021-01-01;0;0;0;0;0.0;0.0
30;2021-01-02;0;0;0;0;0.0;0.0
30;2021-01-03;0;0;0;0;0.0;0.0
30;2021-01-04;1;0;1;0;0.0;0.0
30;2021-01-05;3;0;4;0;0.0;0.0
30;2021-01-06;128;0;132;0;0.0;0.0
30;2021-01-07;311;0;443;0;0.1;0.0
30;2021-01-08;531;0;974;0;0.1;0.0
30;2021-01-09;270;0;1244;0;0.2;0.0
30;2021-01-10;0;0;1244;0;0.2;0.0
30;2021-01-11;537;1;1781;1;0.2;0.0
30;2021-01-12;797;3;2578;4;0.3;0.0
30;2021-01-13;639;0;3217;4;0.4;0.0
30;2021-01-14;649;5;3866;9;0.5;0.0
30;2021-01-15;756;2;4622;11;0.6;0.0
30;2021-01-16;313;0;4935;11;0.7;0.0
30;2021-01-17;3;0;4938;11;0.7;0.0
30;2021-01-18;937;5;5875;16;0.8;0.0
30;2021-01-19;1735;7;7610;23;1.0;0.0
30;2021-01-20;1303;2;8913;25;1.2;0.0
30;2021-01-21;1225;2;10138;27;1.4;0.0
30;2021-01-22;1074;5;11212;32;1.5;0.0
30;2021-01-23;633;2;11845;34;1.6;0.0
30;2021-01-24;0;0;11845;34;1.6;0.0
30;2021-01-25;830;4;12675;38;1.7;0.0
30;2021-01-26;1057;15;13732;53;1.8;0.0
30;2021-01-27;977;112;14709;165;2.0;0.0
30;2021-01-28;712;274;15421;439;2.1;0.1
30;2021-01-29;668;448;16089;887;2.1;0.1
30;2021-01-30;471;288;16560;1175;2.2;0.2
30;2021-01-31;3;7;16563;1182;2.2;0.2
30;2021-02-01;813;437;17376;1619;2.3;0.2
30;2021-02-02;1873;672;19249;2291;2.6;0.3
30;2021-02-03;1183;489;20432;2780;2.7;0.4
30;2021-02-04;968;663;21400;3443;2.9;0.5
30;2021-02-05;598;766;21998;4209;2.9;0.6
30;2021-02-06;291;262;22289;4471;3.0;0.6
30;2021-02-07;2;8;22291;4479;3.0;0.6
30;2021-02-08;574;738;22865;5217;3.1;0.7
30;2021-02-09;981;1006;23846;6223;3.2;0.8
30;2021-02-10;986;1101;24832;7324;3.3;1.0
30;2021-02-11;927;1037;25759;8361;3.4;1.1
30;2021-02-12;616;993;26375;9354;3.5;1.2
30;2021-02-13;434;388;26809;9742;3.6;1.3
30;2021-02-14;1;21;26810;9763;3.6;1.3
30;2021-02-15;448;622;27258;10385;3.6;1.4
30;2021-02-16;459;850;27717;11235;3.7;1.5
30;2021-02-17;682;626;28399;11861;3.8;1.6
30;2021-02-18;796;528;29195;12389;3.9;1.7
30;2021-02-19;573;672;29768;13061;4.0;1.7
30;2021-02-20;223;227;29991;13288;4.0;1.8
30;2021-02-21;5;3;29996;13291;4.0;1.8
30;2021-02-22;501;764;30497;14055;4.1;1.9
30;2021-02-23;974;1466;31471;15521;4.2;2.1
30;2021-02-24;926;1192;32397;16713;4.3;2.2
30;2021-02-25;1207;891;33604;17604;4.5;2.4
30;2021-02-26;1338;600;34942;18204;4.7;2.4
30;2021-02-27;564;546;35506;18750;4.7;2.5
30;2021-02-28;1;7;35507;18757;4.7;2.5
30;2021-03-01;1339;830;36846;19587;4.9;2.6
30;2021-03-02;1710;911;38556;20498;5.2;2.7
30;2021-03-03;2306;759;40862;21257;5.5;2.8
30;2021-03-04;2634;867;43496;22124;5.8;3.0
30;2021-03-05;2756;608;46252;22732;6.2;3.0
30;2021-03-06;2997;359;49249;23091;6.6;3.1
30;2021-03-07;1859;41;51108;23132;6.8;3.1
30;2021-03-08;1548;780;52656;23912;7.0;3.2
30;2021-03-09;2274;867;54930;24779;7.3;3.3
30;2021-03-10;2351;650;57281;25429;7.7;3.4
30;2021-03-11;3055;679;60336;26108;8.1;3.5
30;2021-03-12;3111;381;63447;26489;8.5;3.5
30;2021-03-13;2224;291;65671;26780;8.8;3.6
30;2021-03-14;83;3;65754;26783;8.8;3.6
30;2021-03-15;1566;563;67320;27346;9.0;3.7
30;2021-03-16;1299;1065;68619;28411;9.2;3.8
30;2021-03-17;1454;641;70073;29052;9.4;3.9
30;2021-03-18;1643;713;71716;29765;9.6;4.0
30;2021-03-19;2249;539;73965;30304;9.9;4.0
30;2021-03-20;1398;140;75363;30444;10.1;4.1
30;2021-03-21;57;8;75420;30452;10.1;4.1
30;2021-03-22;2394;715;77814;31167;10.4;4.2
30;2021-03-23;3507;798;81321;31965;10.9;4.3
30;2021-03-24;3634;803;84955;32768;11.4;4.4
30;2021-03-25;4402;839;89357;33607;11.9;4.5
30;2021-03-26;4359;628;93716;34235;12.5;4.6
30;2021-03-27;1970;374;95686;34609;12.8;4.6
30;2021-03-28;35;29;95721;34638;12.8;4.6
30;2021-03-29;2812;1648;98533;36286;13.2;4.8
30;2021-03-30;3779;1873;102312;38159;13.7;5.1
30;2021-03-31;3505;1636;105817;39795;14.1;5.3
30;2021-04-01;4014;1454;109831;41249;14.7;5.5
30;2021-04-02;3599;1224;113430;42473;15.2;5.7
30;2021-04-03;1061;1223;114491;43696;15.3;5.8
30;2021-04-04;29;188;114520;43884;15.3;5.9
30;2021-04-05;764;284;115284;44168;15.4;5.9
30;2021-04-06;3038;1570;118322;45738;15.8;6.1
30;2021-04-07;2716;1627;121038;47365;16.2;6.3
30;2021-04-08;3917;1480;124955;48845;16.7;6.5
30;2021-04-09;4883;1514;129838;50359;17.3;6.7
30;2021-04-10;2425;1172;132263;51531;17.7;6.9
30;2021-04-11;949;54;133212;51585;17.8;6.9
30;2021-04-12;3148;1483;136360;53068;18.2;7.1
30;2021-04-13;4016;1921;140376;54989;18.8;7.3
30;2021-04-14;3378;1537;143754;56526;19.2;7.6
30;2021-04-15;3831;1456;147585;57982;19.7;7.7
30;2021-04-16;3704;1522;151289;59504;20.2;8.0
30;2021-04-17;1492;946;152781;60450;20.4;8.1
30;2021-04-18;959;66;153740;60516;20.5;8.1
30;2021-04-19;2449;2295;156189;62811;20.9;8.4
30;2021-04-20;2814;2827;159003;65638;21.2;8.8
30;2021-04-21;2597;2564;161600;68202;21.6;9.1
30;2021-04-22;3519;2315;165119;70517;22.1;9.4
30;2021-04-23;3576;2301;168695;72818;22.5;9.7
30;2021-04-24;1346;1230;170041;74048;22.7;9.9
30;2021-04-25;748;89;170789;74137;22.8;9.9
30;2021-04-26;2014;2385;172803;76522;23.1;10.2
30;2021-04-27;2947;2604;175750;79126;23.5;10.6
30;2021-04-28;2836;2480;178586;81606;23.9;10.9
30;2021-04-29;3614;2308;182200;83914;24.3;11.2
30;2021-04-30;3407;2019;185607;85933;24.8;11.5
30;2021-05-01;1749;605;187356;86538;25.0;11.6
30;2021-05-02;663;245;188019;86783;25.1;11.6
30;2021-05-03;3756;2498;191775;89281;25.6;11.9
30;2021-05-04;3976;3517;195751;92798;26.2;12.4
30;2021-05-05;3936;3124;199687;95922;26.7;12.8
30;2021-05-06;4192;3354;203879;99276;27.2;13.3
30;2021-05-07;4077;3054;207956;102330;27.8;13.7
30;2021-05-08;1602;719;209558;103049;28.0;13.8
30;2021-05-09;372;612;209930;103661;28.0;13.8
30;2021-05-10;2915;3113;212845;106774;28.4;14.3
30;2021-05-11;5386;3653;218231;110427;29.2;14.8
30;2021-05-12;5300;3211;223531;113638;29.9;15.2
30;2021-05-13;3230;1024;226761;114662;30.3;15.3
30;2021-05-14;4887;2449;231648;117111;30.9;15.6
30;2021-05-15;3407;1203;235055;118314;31.4;15.8
30;2021-05-16;397;339;235452;118653;31.5;15.9
30;2021-05-17;3798;3032;239250;121685;32.0;16.3
30;2021-05-18;4821;3034;244071;124719;32.6;16.7
30;2021-05-19;4771;2545;248842;127264;33.2;17.0
30;2021-05-20;5009;2574;253851;129838;33.9;17.3
30;2021-05-21;4887;2467;258738;132305;34.6;17.7
30;2021-05-22;3155;1290;261893;133595;35.0;17.8
30;2021-05-23;288;345;262181;133940;35.0;17.9
30;2021-05-24;783;768;262964;134708;35.1;18.0
30;2021-05-25;2657;3161;265621;137869;35.5;18.4
30;2021-05-26;2887;2563;268508;140432;35.9;18.8
30;2021-05-27;3758;2717;272266;143149;36.4;19.1
30;2021-05-28;3324;3288;275590;146437;36.8;19.6
30;2021-05-29;1685;1803;277275;148240;37.0;19.8
30;2021-05-30;360;589;277635;148829;37.1;19.9
30;2021-05-31;2830;2294;280465;151123;37.5;20.2
30;2021-06-01;3654;2792;284119;153915;38.0;20.6
30;2021-06-02;3313;2444;287432;156359;38.4;20.9
30;2021-06-03;4131;3347;291563;159706;39.0;21.3
30;2021-06-04;3900;3399;295463;163105;39.5;21.8
30;2021-06-05;1907;1312;297370;164417;39.7;22.0
30;2021-06-06;683;263;298053;164680;39.8;22.0
30;2021-06-07;4722;2522;302775;167202;40.5;22.3
30;2021-06-08;4828;3319;307603;170521;41.1;22.8
30;2021-06-09;4145;2980;311748;173501;41.7;23.2
30;2021-06-10;4600;3348;316348;176849;42.3;23.6
30;2021-06-11;4583;3808;320931;180657;42.9;24.1
30;2021-06-12;2482;1706;323413;182363;43.2;24.4
30;2021-06-13;494;340;323907;182703;43.3;24.4
30;2021-06-14;2467;4705;326374;187408;43.6;25.0
30;2021-06-15;3200;5303;329574;192711;44.0;25.7
30;2021-06-16;3108;4642;332682;197353;44.4;26.4
30;2021-06-17;3923;4363;336605;201716;45.0;27.0
30;2021-06-18;3709;4691;340314;206407;45.5;27.6
30;2021-06-19;1438;1998;341752;208405;45.7;27.8
30;2021-06-20;358;489;342110;208894;45.7;27.9
30;2021-06-21;2376;4904;344486;213798;46.0;28.6
30;2021-06-22;2356;5737;346842;219535;46.3;29.3
30;2021-06-23;2521;5336;349363;224871;46.7;30.0
30;2021-06-24;2334;4698;351697;229569;47.0;30.7
30;2021-06-25;2608;5597;354305;235166;47.3;31.4
30;2021-06-26;909;2936;355214;238102;47.5;31.8
30;2021-06-27;221;525;355435;238627;47.5;31.9
30;2021-06-28;1664;6017;357099;244644;47.7;32.7
30;2021-06-29;1832;6025;358931;250669;48.0;33.5
30;2021-06-30;1989;5254;360920;255923;48.2;34.2
30;2021-07-01;2974;4714;363894;260637;48.6;34.8
30;2021-07-02;2825;4616;366719;265253;49.0;35.4
30;2021-07-03;1146;3043;367865;268296;49.1;35.8
30;2021-07-04;112;392;367977;268688;49.2;35.9
30;2021-07-05;2014;4026;369991;272714;49.4;36.4
30;2021-07-06;2649;4972;372640;277686;49.8;37.1
30;2021-07-07;2529;4220;375169;281906;50.1;37.7
30;2021-07-08;2004;3425;377173;285331;50.4;38.1
30;2021-07-09;2398;5320;379571;290651;50.7;38.8
30;2021-07-10;1490;2156;381061;292807;50.9;39.1
30;2021-07-11;43;416;381104;293223;50.9;39.2
30;2021-07-12;2510;5151;383614;298374;51.3;39.9
30;2021-07-13;3261;6023;386875;304397;51.7;40.7
30;2021-07-14;491;543;387366;304940;51.8;40.7
30;2021-07-15;4096;5458;391462;310398;52.3;41.5
30;2021-07-16;4936;5700;396398;316098;53.0;42.2
30;2021-07-17;1693;2458;398091;318556;53.2;42.6
30;2021-07-18;145;602;398236;319158;53.2;42.6
30;2021-07-19;3354;6284;401590;325442;53.7;43.5
30;2021-07-20;4619;6494;406209;331936;54.3;44.3
30;2021-07-21;4037;5393;410246;337329;54.8;45.1
30;2021-07-22;4869;5701;415115;343030;55.5;45.8
30;2021-07-23;4950;5833;420065;348863;56.1;46.6
30;2021-07-24;2224;3257;422289;352120;56.4;47.0
30;2021-07-25;134;308;422423;352428;56.4;47.1
30;2021-07-26;4380;4098;426803;356526;57.0;47.6
30;2021-07-27;4804;4615;431607;361141;57.7;48.3
30;2021-07-28;4837;3974;436444;365115;58.3;48.8
30;2021-07-29;5870;4086;442314;369201;59.1;49.3
30;2021-07-30;5302;4347;447616;373548;59.8;49.9
30;2021-07-31;2617;1935;450233;375483;60.2;50.2
30;2021-08-01;688;299;450921;375782;60.2;50.2
30;2021-08-02;3544;3967;454465;379749;60.7;50.7
31;2020-12-27;0;0;0;0;0.0;0.0
31;2020-12-28;1;0;1;0;0.0;0.0
31;2020-12-29;0;0;1;0;0.0;0.0
31;2020-12-30;0;0;1;0;0.0;0.0
31;2020-12-31;0;0;1;0;0.0;0.0
31;2021-01-01;2;0;3;0;0.0;0.0
31;2021-01-02;0;0;3;0;0.0;0.0
31;2021-01-03;2;0;5;0;0.0;0.0
31;2021-01-04;3;0;8;0;0.0;0.0
31;2021-01-05;50;0;58;0;0.0;0.0
31;2021-01-06;211;1;269;1;0.0;0.0
31;2021-01-07;284;1;553;2;0.0;0.0
31;2021-01-08;544;1;1097;3;0.1;0.0
31;2021-01-09;274;0;1371;3;0.1;0.0
31;2021-01-10;286;0;1657;3;0.1;0.0
31;2021-01-11;977;3;2634;6;0.2;0.0
31;2021-01-12;1192;0;3826;6;0.3;0.0
31;2021-01-13;1156;3;4982;9;0.4;0.0
31;2021-01-14;1176;17;6158;26;0.4;0.0
31;2021-01-15;1046;3;7204;29;0.5;0.0
31;2021-01-16;243;1;7447;30;0.5;0.0
31;2021-01-17;176;0;7623;30;0.5;0.0
31;2021-01-18;1608;4;9231;34;0.7;0.0
31;2021-01-19;2931;11;12162;45;0.9;0.0
31;2021-01-20;3663;10;15825;55;1.1;0.0
31;2021-01-21;2990;5;18815;60;1.3;0.0
31;2021-01-22;2271;5;21086;65;1.5;0.0
31;2021-01-23;728;1;21814;66;1.6;0.0
31;2021-01-24;212;1;22026;67;1.6;0.0
31;2021-01-25;1742;9;23768;76;1.7;0.0
31;2021-01-26;1838;64;25606;140;1.8;0.0
31;2021-01-27;1574;153;27180;293;1.9;0.0
31;2021-01-28;1382;303;28562;596;2.0;0.0
31;2021-01-29;1355;349;29917;945;2.1;0.1
31;2021-01-30;444;187;30361;1132;2.2;0.1
31;2021-01-31;61;210;30422;1342;2.2;0.1
31;2021-02-01;1157;735;31579;2077;2.3;0.1
31;2021-02-02;3033;805;34612;2882;2.5;0.2
31;2021-02-03;1916;779;36528;3661;2.6;0.3
31;2021-02-04;1805;845;38333;4506;2.7;0.3
31;2021-02-05;1340;576;39673;5082;2.8;0.4
31;2021-02-06;378;55;40051;5137;2.9;0.4
31;2021-02-07;36;41;40087;5178;2.9;0.4
31;2021-02-08;1114;667;41201;5845;2.9;0.4
31;2021-02-09;1675;1576;42876;7421;3.1;0.5
31;2021-02-10;1959;2474;44835;9895;3.2;0.7
31;2021-02-11;1814;1823;46649;11718;3.3;0.8
31;2021-02-12;1536;799;48185;12517;3.4;0.9
31;2021-02-13;503;230;48688;12747;3.5;0.9
31;2021-02-14;55;217;48743;12964;3.5;0.9
31;2021-02-15;443;1376;49186;14340;3.5;1.0
31;2021-02-16;465;1554;49651;15894;3.5;1.1
31;2021-02-17;471;1684;50122;17578;3.6;1.3
31;2021-02-18;477;1830;50599;19408;3.6;1.4
31;2021-02-19;392;1573;50991;20981;3.6;1.5
31;2021-02-20;69;532;51060;21513;3.6;1.5
31;2021-02-21;77;161;51137;21674;3.7;1.5
31;2021-02-22;433;1759;51570;23433;3.7;1.7
31;2021-02-23;867;3017;52437;26450;3.7;1.9
31;2021-02-24;653;2196;53090;28646;3.8;2.0
31;2021-02-25;1430;1840;54520;30486;3.9;2.2
31;2021-02-26;1710;1238;56230;31724;4.0;2.3
31;2021-02-27;637;406;56867;32130;4.1;2.3
31;2021-02-28;78;54;56945;32184;4.1;2.3
31;2021-03-01;870;1136;57815;33320;4.1;2.4
31;2021-03-02;1232;1670;59047;34990;4.2;2.5
31;2021-03-03;1356;1818;60403;36808;4.3;2.6
31;2021-03-04;2420;1506;62823;38314;4.5;2.7
31;2021-03-05;3053;1601;65876;39915;4.7;2.8
31;2021-03-06;2833;411;68709;40326;4.9;2.9
31;2021-03-07;5367;101;74076;40427;5.3;2.9
31;2021-03-08;1596;1098;75672;41525;5.4;3.0
31;2021-03-09;2776;1189;78448;42714;5.6;3.0
31;2021-03-10;2573;1089;81021;43803;5.8;3.1
31;2021-03-11;4377;1165;85398;44968;6.1;3.2
31;2021-03-12;5312;1191;90710;46159;6.5;3.3
31;2021-03-13;2835;503;93545;46662;6.7;3.3
31;2021-03-14;233;49;93778;46711;6.7;3.3
31;2021-03-15;2581;427;96359;47138;6.9;3.4
31;2021-03-16;1743;814;98102;47952;7.0;3.4
31;2021-03-17;1656;556;99758;48508;7.1;3.5
31;2021-03-18;1987;711;101745;49219;7.3;3.5
31;2021-03-19;3181;524;104926;49743;7.5;3.6
31;2021-03-20;1794;141;106720;49884;7.6;3.6
31;2021-03-21;210;35;106930;49919;7.6;3.6
31;2021-03-22;2577;363;109507;50282;7.8;3.6
31;2021-03-23;4053;316;113560;50598;8.1;3.6
31;2021-03-24;4352;287;117912;50885;8.4;3.6
31;2021-03-25;6040;514;123952;51399;8.8;3.7
31;2021-03-26;5466;512;129418;51911;9.2;3.7
31;2021-03-27;4347;202;133765;52113;9.5;3.7
31;2021-03-28;2288;45;136053;52158;9.7;3.7
31;2021-03-29;4205;427;140258;52585;10.0;3.8
31;2021-03-30;6592;546;146850;53131;10.5;3.8
31;2021-03-31;5642;365;152492;53496;10.9;3.8
31;2021-04-01;6960;543;159452;54039;11.4;3.9
31;2021-04-02;6100;580;165552;54619;11.8;3.9
31;2021-04-03;3923;150;169475;54769;12.1;3.9
31;2021-04-04;2058;111;171533;54880;12.2;3.9
31;2021-04-05;480;69;172013;54949;12.3;3.9
31;2021-04-06;4157;1144;176170;56093;12.6;4.0
31;2021-04-07;5982;973;182152;57066;13.0;4.1
31;2021-04-08;7563;1025;189715;58091;13.5;4.1
31;2021-04-09;8382;1244;198097;59335;14.1;4.2
31;2021-04-10;4714;540;202811;59875;14.5;4.3
31;2021-04-11;2066;139;204877;60014;14.6;4.3
31;2021-04-12;5994;1829;210871;61843;15.1;4.4
31;2021-04-13;8028;2020;218899;63863;15.6;4.6
31;2021-04-14;6647;1924;225546;65787;16.1;4.7
31;2021-04-15;7769;2233;233315;68020;16.7;4.9
31;2021-04-16;7175;2087;240490;70107;17.2;5.0
31;2021-04-17;4413;898;244903;71005;17.5;5.1
31;2021-04-18;2512;354;247415;71359;17.7;5.1
31;2021-04-19;5216;2024;252631;73383;18.0;5.2
31;2021-04-20;6070;2848;258701;76231;18.5;5.4
31;2021-04-21;5970;2789;264671;79020;18.9;5.6
31;2021-04-22;6380;3236;271051;82256;19.3;5.9
31;2021-04-23;6273;2575;277324;84831;19.8;6.1
31;2021-04-24;1615;3134;278939;87965;19.9;6.3
31;2021-04-25;685;2094;279624;90059;20.0;6.4
31;2021-04-26;3792;3219;283416;93278;20.2;6.7
31;2021-04-27;4515;3900;287931;97178;20.6;6.9
31;2021-04-28;4545;3500;292476;100678;20.9;7.2
31;2021-04-29;5179;4025;297655;104703;21.2;7.5
31;2021-04-30;5034;4133;302689;108836;21.6;7.8
31;2021-05-01;1488;3119;304177;111955;21.7;8.0
31;2021-05-02;1412;1981;305589;113936;21.8;8.1
31;2021-05-03;5652;2419;311241;116355;22.2;8.3
31;2021-05-04;4779;4737;316020;121092;22.6;8.6
31;2021-05-05;2985;5720;319005;126812;22.8;9.1
31;2021-05-06;3628;7381;322633;134193;23.0;9.6
31;2021-05-07;5257;7175;327890;141368;23.4;10.1
31;2021-05-08;3634;3101;331524;144469;23.7;10.3
31;2021-05-09;3758;2310;335282;146779;23.9;10.5
31;2021-05-10;5685;5474;340967;152253;24.3;10.9
31;2021-05-11;6645;6696;347612;158949;24.8;11.3
31;2021-05-12;6169;5916;353781;164865;25.3;11.8
31;2021-05-13;4644;2060;358425;166925;25.6;11.9
31;2021-05-14;6907;3980;365332;170905;26.1;12.2
31;2021-05-15;5142;1753;370474;172658;26.4;12.3
31;2021-05-16;3296;631;373770;173289;26.7;12.4
31;2021-05-17;5143;4147;378913;177436;27.0;12.7
31;2021-05-18;5587;4272;384500;181708;27.4;13.0
31;2021-05-19;5778;3763;390278;185471;27.9;13.2
31;2021-05-20;6473;4803;396751;190274;28.3;13.6
31;2021-05-21;5983;4608;402734;194882;28.7;13.9
31;2021-05-22;4081;1628;406815;196510;29.0;14.0
31;2021-05-23;3584;342;410399;196852;29.3;14.1
31;2021-05-24;3877;708;414276;197560;29.6;14.1
31;2021-05-25;6191;3608;420467;201168;30.0;14.4
31;2021-05-26;5601;4644;426068;205812;30.4;14.7
31;2021-05-27;4778;6194;430846;212006;30.8;15.1
31;2021-05-28;4115;6347;434961;218353;31.0;15.6
31;2021-05-29;1918;4030;436879;222383;31.2;15.9
31;2021-05-30;747;2362;437626;224745;31.2;16.0
31;2021-05-31;4395;5085;442021;229830;31.6;16.4
31;2021-06-01;5948;6561;447969;236391;32.0;16.9
31;2021-06-02;5788;6303;453757;242694;32.4;17.3
31;2021-06-03;7304;8142;461061;250836;32.9;17.9
31;2021-06-04;7533;7159;468594;257995;33.4;18.4
31;2021-06-05;9077;2772;477671;260767;34.1;18.6
31;2021-06-06;8107;1578;485778;262345;34.7;18.7
31;2021-06-07;7985;5466;493763;267811;35.2;19.1
31;2021-06-08;9099;6048;502862;273859;35.9;19.5
31;2021-06-09;8915;5519;511777;279378;36.5;19.9
31;2021-06-10;9771;6332;521548;285710;37.2;20.4
31;2021-06-11;10047;6637;531595;292347;37.9;20.9
31;2021-06-12;8792;3006;540387;295353;38.6;21.1
31;2021-06-13;8374;2004;548761;297357;39.2;21.2
31;2021-06-14;8418;6728;557179;304085;39.8;21.7
31;2021-06-15;9758;7430;566937;311515;40.5;22.2
31;2021-06-16;8724;5251;575661;316766;41.1;22.6
31;2021-06-17;8270;6592;583931;323358;41.7;23.1
31;2021-06-18;8538;7737;592469;331095;42.3;23.6
31;2021-06-19;7362;5428;599831;336523;42.8;24.0
31;2021-06-20;5569;3724;605400;340247;43.2;24.3
31;2021-06-21;5368;6911;610768;347158;43.6;24.8
31;2021-06-22;4967;8219;615735;355377;44.0;25.4
31;2021-06-23;5097;7265;620832;362642;44.3;25.9
31;2021-06-24;4617;8318;625449;370960;44.6;26.5
31;2021-06-25;5011;9306;630460;380266;45.0;27.1
31;2021-06-26;4279;6392;634739;386658;45.3;27.6
31;2021-06-27;3597;4097;638336;390755;45.6;27.9
31;2021-06-28;4095;6644;642431;397399;45.9;28.4
31;2021-06-29;3784;7558;646215;404957;46.1;28.9
31;2021-06-30;4260;7796;650475;412753;46.4;29.5
31;2021-07-01;4027;8460;654502;421213;46.7;30.1
31;2021-07-02;4094;9322;658596;430535;47.0;30.7
31;2021-07-03;4092;6106;662688;436641;47.3;31.2
31;2021-07-04;3203;4800;665891;441441;47.5;31.5
31;2021-07-05;4033;7090;669924;448531;47.8;32.0
31;2021-07-06;3777;8363;673701;456894;48.1;32.6
31;2021-07-07;3941;7982;677642;464876;48.4;33.2
31;2021-07-08;4019;8542;681661;473418;48.7;33.8
31;2021-07-09;4442;8792;686103;482210;49.0;34.4
31;2021-07-10;3910;5489;690013;487699;49.3;34.8
31;2021-07-11;3132;4123;693145;491822;49.5;35.1
31;2021-07-12;3802;8613;696947;500435;49.7;35.7
31;2021-07-13;6876;9405;703823;509840;50.2;36.4
31;2021-07-14;6115;3905;709938;513745;50.7;36.7
31;2021-07-15;8425;9399;718363;523144;51.3;37.3
31;2021-07-16;7717;9869;726080;533013;51.8;38.0
31;2021-07-17;8320;10504;734400;543517;52.4;38.8
31;2021-07-18;6605;9424;741005;552941;52.9;39.5
31;2021-07-19;4768;10772;745773;563713;53.2;40.2
31;2021-07-20;7105;11444;752878;575157;53.7;41.1
31;2021-07-21;6975;11506;759853;586663;54.2;41.9
31;2021-07-22;8129;11721;767982;598384;54.8;42.7
31;2021-07-23;7413;11767;775395;610151;55.3;43.6
31;2021-07-24;10252;10485;785647;620636;56.1;44.3
31;2021-07-25;7523;8753;793170;629389;56.6;44.9
31;2021-07-26;5492;9493;798662;638882;57.0;45.6
31;2021-07-27;7919;9137;806581;648019;57.6;46.3
31;2021-07-28;8623;8228;815204;656247;58.2;46.8
31;2021-07-29;8785;7981;823989;664228;58.8;47.4
31;2021-07-30;7600;7917;831589;672145;59.4;48.0
31;2021-07-31;5966;7347;837555;679492;59.8;48.5
31;2021-08-01;4388;4258;841943;683750;60.1;48.8
31;2021-08-02;5342;5350;847285;689100;60.5;49.2
32;2020-12-27;0;0;0;0;0.0;0.0
32;2020-12-28;0;0;0;0;0.0;0.0
32;2020-12-29;0;0;0;0;0.0;0.0
32;2020-12-30;0;0;0;0;0.0;0.0
32;2020-12-31;0;0;0;0;0.0;0.0
32;2021-01-01;0;0;0;0;0.0;0.0
32;2021-01-02;0;0;0;0;0.0;0.0
32;2021-01-03;0;0;0;0;0.0;0.0
32;2021-01-04;3;0;3;0;0.0;0.0
32;2021-01-05;1;0;4;0;0.0;0.0
32;2021-01-06;2;0;6;0;0.0;0.0
32;2021-01-07;152;0;158;0;0.1;0.0
32;2021-01-08;70;0;228;0;0.1;0.0
32;2021-01-09;5;0;233;0;0.1;0.0
32;2021-01-10;0;0;233;0;0.1;0.0
32;2021-01-11;11;0;244;0;0.1;0.0
32;2021-01-12;96;0;340;0;0.2;0.0
32;2021-01-13;325;0;665;0;0.3;0.0
32;2021-01-14;377;3;1042;3;0.5;0.0
32;2021-01-15;448;0;1490;3;0.8;0.0
32;2021-01-16;16;2;1506;5;0.8;0.0
32;2021-01-17;1;0;1507;5;0.8;0.0
32;2021-01-18;344;1;1851;6;1.0;0.0
32;2021-01-19;417;0;2268;6;1.2;0.0
32;2021-01-20;358;0;2626;6;1.4;0.0
32;2021-01-21;582;0;3208;6;1.7;0.0
32;2021-01-22;371;0;3579;6;1.9;0.0
32;2021-01-23;180;0;3759;6;2.0;0.0
32;2021-01-24;4;0;3763;6;2.0;0.0
32;2021-01-25;463;1;4226;7;2.2;0.0
32;2021-01-26;604;0;4830;7;2.5;0.0
32;2021-01-27;705;4;5535;11;2.9;0.0
32;2021-01-28;686;16;6221;27;3.3;0.0
32;2021-01-29;460;52;6681;79;3.5;0.0
32;2021-01-30;260;0;6941;79;3.7;0.0
32;2021-01-31;4;5;6945;84;3.7;0.0
32;2021-02-01;288;58;7233;142;3.8;0.1
32;2021-02-02;639;139;7872;281;4.1;0.1
32;2021-02-03;338;201;8210;482;4.3;0.3
32;2021-02-04;424;278;8634;760;4.5;0.4
32;2021-02-05;348;360;8982;1120;4.7;0.6
32;2021-02-06;147;0;9129;1120;4.8;0.6
32;2021-02-07;0;36;9129;1156;4.8;0.6
32;2021-02-08;278;122;9407;1278;5.0;0.7
32;2021-02-09;309;229;9716;1507;5.1;0.8
32;2021-02-10;269;253;9985;1760;5.3;0.9
32;2021-02-11;380;318;10365;2078;5.5;1.1
32;2021-02-12;297;280;10662;2358;5.6;1.2
32;2021-02-13;249;1;10911;2359;5.7;1.2
32;2021-02-14;0;28;10911;2387;5.7;1.3
32;2021-02-15;25;212;10936;2599;5.8;1.4
32;2021-02-16;393;368;11329;2967;6.0;1.6
32;2021-02-17;190;474;11519;3441;6.1;1.8
32;2021-02-18;329;492;11848;3933;6.2;2.1
32;2021-02-19;183;281;12031;4214;6.3;2.2
32;2021-02-20;1;120;12032;4334;6.3;2.3
32;2021-02-21;0;0;12032;4334;6.3;2.3
32;2021-02-22;158;385;12190;4719;6.4;2.5
32;2021-02-23;431;564;12621;5283;6.6;2.8
32;2021-02-24;277;381;12898;5664;6.8;3.0
32;2021-02-25;480;519;13378;6183;7.0;3.3
32;2021-02-26;443;386;13821;6569;7.3;3.5
32;2021-02-27;157;246;13978;6815;7.4;3.6
32;2021-02-28;4;0;13982;6815;7.4;3.6
32;2021-03-01;51;299;14033;7114;7.4;3.7
32;2021-03-02;413;445;14446;7559;7.6;4.0
32;2021-03-03;274;292;14720;7851;7.7;4.1
32;2021-03-04;538;338;15258;8189;8.0;4.3
32;2021-03-05;436;249;15694;8438;8.3;4.4
32;2021-03-06;521;167;16215;8605;8.5;4.5
32;2021-03-07;25;5;16240;8610;8.5;4.5
32;2021-03-08;234;293;16474;8903;8.7;4.7
32;2021-03-09;642;330;17116;9233;9.0;4.9
32;2021-03-10;482;329;17598;9562;9.3;5.0
32;2021-03-11;853;293;18451;9855;9.7;5.2
32;2021-03-12;881;340;19332;10195;10.2;5.4
32;2021-03-13;490;248;19822;10443;10.4;5.5
32;2021-03-14;1;0;19823;10443;10.4;5.5
32;2021-03-15;265;25;20088;10468;10.6;5.5
32;2021-03-16;312;307;20400;10775;10.7;5.7
32;2021-03-17;149;155;20549;10930;10.8;5.8
32;2021-03-18;374;308;20923;11238;11.0;5.9
32;2021-03-19;402;183;21325;11421;11.2;6.0
32;2021-03-20;136;33;21461;11454;11.3;6.0
32;2021-03-21;0;0;21461;11454;11.3;6.0
32;2021-03-22;340;167;21801;11621;11.5;6.1
32;2021-03-23;559;399;22360;12020;11.8;6.3
32;2021-03-24;644;271;23004;12291;12.1;6.5
32;2021-03-25;896;417;23900;12708;12.6;6.7
32;2021-03-26;657;294;24557;13002;12.9;6.8
32;2021-03-27;165;3;24722;13005;13.0;6.8
32;2021-03-28;0;1;24722;13006;13.0;6.8
32;2021-03-29;371;48;25093;13054;13.2;6.9
32;2021-03-30;766;289;25859;13343;13.6;7.0
32;2021-03-31;654;172;26513;13515;14.0;7.1
32;2021-04-01;1238;320;27751;13835;14.6;7.3
32;2021-04-02;575;168;28326;14003;14.9;7.4
32;2021-04-03;114;0;28440;14003;15.0;7.4
32;2021-04-04;0;0;28440;14003;15.0;7.4
32;2021-04-05;0;0;28440;14003;15.0;7.4
32;2021-04-06;2644;306;31084;14309;16.4;7.5
32;2021-04-07;1177;201;32261;14510;17.0;7.6
32;2021-04-08;1737;405;33998;14915;17.9;7.8
32;2021-04-09;882;217;34880;15132;18.4;8.0
32;2021-04-10;808;29;35688;15161;18.8;8.0
32;2021-04-11;14;0;35702;15161;18.8;8.0
32;2021-04-12;477;20;36179;15181;19.0;8.0
32;2021-04-13;2467;382;38646;15563;20.3;8.2
32;2021-04-14;1227;264;39873;15827;21.0;8.3
32;2021-04-15;1702;391;41575;16218;21.9;8.5
32;2021-04-16;638;282;42213;16500;22.2;8.7
32;2021-04-17;781;37;42994;16537;22.6;8.7
32;2021-04-18;13;1;43007;16538;22.6;8.7
32;2021-04-19;502;44;43509;16582;22.9;8.7
32;2021-04-20;2471;388;45980;16970;24.2;8.9
32;2021-04-21;1009;295;46989;17265;24.7;9.1
32;2021-04-22;1662;320;48651;17585;25.6;9.3
32;2021-04-23;546;158;49197;17743;25.9;9.3
32;2021-04-24;1391;54;50588;17797;26.6;9.4
32;2021-04-25;0;11;50588;17808;26.6;9.4
32;2021-04-26;387;360;50975;18168;26.8;9.6
32;2021-04-27;2548;550;53523;18718;28.2;9.8
32;2021-04-28;970;354;54493;19072;28.7;10.0
32;2021-04-29;1010;885;55503;19957;29.2;10.5
32;2021-04-30;453;361;55956;20318;29.4;10.7
32;2021-05-01;2604;95;58560;20413;30.8;10.7
32;2021-05-02;0;0;58560;20413;30.8;10.7
32;2021-05-03;170;321;58730;20734;30.9;10.9
32;2021-05-04;794;2497;59524;23231;31.3;12.2
32;2021-05-05;2360;1094;61884;24325;32.6;12.8
32;2021-05-06;516;1662;62400;25987;32.8;13.7
32;2021-05-07;2285;537;64685;26524;34.0;14.0
32;2021-05-08;71;517;64756;27041;34.1;14.2
32;2021-05-09;21;179;64777;27220;34.1;14.3
32;2021-05-10;1989;550;66766;27770;35.1;14.6
32;2021-05-11;654;2275;67420;30045;35.5;15.8
32;2021-05-12;2312;1138;69732;31183;36.7;16.4
32;2021-05-13;281;1414;70013;32597;36.8;17.2
32;2021-05-14;2222;325;72235;32922;38.0;17.3
32;2021-05-15;134;712;72369;33634;38.1;17.7
32;2021-05-16;1;0;72370;33634;38.1;17.7
32;2021-05-17;353;170;72723;33804;38.3;17.8
32;2021-05-18;1641;296;74364;34100;39.1;17.9
32;2021-05-19;2472;273;76836;34373;40.4;18.1
32;2021-05-20;2887;469;79723;34842;42.0;18.3
32;2021-05-21;2533;498;82256;35340;43.3;18.6
32;2021-05-22;335;111;82591;35451;43.5;18.7
32;2021-05-23;2;13;82593;35464;43.5;18.7
32;2021-05-24;2;0;82595;35464;43.5;18.7
32;2021-05-25;1980;372;84575;35836;44.5;18.9
32;2021-05-26;2545;555;87120;36391;45.8;19.1
32;2021-05-27;2876;625;89996;37016;47.4;19.5
32;2021-05-28;2310;766;92306;37782;48.6;19.9
32;2021-05-29;372;311;92678;38093;48.8;20.0
32;2021-05-30;4;6;92682;38099;48.8;20.0
32;2021-05-31;1412;624;94094;38723;49.5;20.4
32;2021-06-01;564;2888;94658;41611;49.8;21.9
32;2021-06-02;1577;1354;96235;42965;50.6;22.6
32;2021-06-03;397;2086;96632;45051;50.8;23.7
32;2021-06-04;1837;830;98469;45881;51.8;24.1
32;2021-06-05;208;1663;98677;47544;51.9;25.0
32;2021-06-06;8;14;98685;47558;51.9;25.0
32;2021-06-07;103;418;98788;47976;52.0;25.2
32;2021-06-08;662;2540;99450;50516;52.3;26.6
32;2021-06-09;1191;1052;100641;51568;53.0;27.1
32;2021-06-10;683;1220;101324;52788;53.3;27.8
32;2021-06-11;927;662;102251;53450;53.8;28.1
32;2021-06-12;152;2680;102403;56130;53.9;29.5
32;2021-06-13;1;1;102404;56131;53.9;29.5
32;2021-06-14;528;208;102932;56339;54.2;29.6
32;2021-06-15;1727;1024;104659;57363;55.1;30.2
32;2021-06-16;849;2777;105508;60140;55.5;31.6
32;2021-06-17;860;828;106368;60968;56.0;32.1
32;2021-06-18;313;2722;106681;63690;56.1;33.5
32;2021-06-19;914;437;107595;64127;56.6;33.7
32;2021-06-20;5;13;107600;64140;56.6;33.8
32;2021-06-21;68;1994;107668;66134;56.7;34.8
32;2021-06-22;1040;963;108708;67097;57.2;35.3
32;2021-06-23;511;2184;109219;69281;57.5;36.5
32;2021-06-24;522;516;109741;69797;57.7;36.7
32;2021-06-25;486;2356;110227;72153;58.0;38.0
32;2021-06-26;107;171;110334;72324;58.1;38.1
32;2021-06-27;2;5;110336;72329;58.1;38.1
32;2021-06-28;626;602;110962;72931;58.4;38.4
32;2021-06-29;799;1983;111761;74914;58.8;39.4
32;2021-06-30;756;2721;112517;77635;59.2;40.9
32;2021-07-01;537;2639;113054;80274;59.5;42.2
32;2021-07-02;639;2333;113693;82607;59.8;43.5
32;2021-07-03;479;509;114172;83116;60.1;43.7
32;2021-07-04;1;12;114173;83128;60.1;43.7
32;2021-07-05;69;390;114242;83518;60.1;43.9
32;2021-07-06;869;2080;115111;85598;60.6;45.0
32;2021-07-07;776;2751;115887;88349;61.0;46.5
32;2021-07-08;473;2266;116360;90615;61.2;47.7
32;2021-07-09;609;2221;116969;92836;61.5;48.9
32;2021-07-10;533;521;117502;93357;61.8;49.1
32;2021-07-11;0;5;117502;93362;61.8;49.1
32;2021-07-12;522;1240;118024;94602;62.1;49.8
32;2021-07-13;1685;1813;119709;96415;63.0;50.7
32;2021-07-14;482;33;120191;96448;63.2;50.8
32;2021-07-15;2085;877;122276;97325;64.3;51.2
32;2021-07-16;1162;1906;123438;99231;65.0;52.2
32;2021-07-17;76;127;123514;99358;65.0;52.3
32;2021-07-18;2;5;123516;99363;65.0;52.3
32;2021-07-19;1987;145;125503;99508;66.0;52.4
32;2021-07-20;2022;1254;127525;100762;67.1;53.0
32;2021-07-21;1605;1676;129130;102438;67.9;53.9
32;2021-07-22;1942;496;131072;102934;69.0;54.2
32;2021-07-23;1397;1721;132469;104655;69.7;55.1
32;2021-07-24;138;119;132607;104774;69.8;55.1
32;2021-07-25;34;10;132641;104784;69.8;55.1
32;2021-07-26;1068;1058;133709;105842;70.4;55.7
32;2021-07-27;1715;2088;135424;107930;71.3;56.8
32;2021-07-28;687;974;136111;108904;71.6;57.3
32;2021-07-29;1680;1590;137791;110494;72.5;58.1
32;2021-07-30;353;348;138144;110842;72.7;58.3
32;2021-07-31;172;337;138316;111179;72.8;58.5
32;2021-08-01;17;4;138333;111183;72.8;58.5
32;2021-08-02;77;71;138410;111254;72.8;58.5
33;2020-12-27;2;0;2;0;0.0;0.0
33;2020-12-28;1;0;3;0;0.0;0.0
33;2020-12-29;0;0;3;0;0.0;0.0
33;2020-12-30;0;0;3;0;0.0;0.0
33;2020-12-31;0;0;3;0;0.0;0.0
33;2021-01-01;0;0;3;0;0.0;0.0
33;2021-01-02;1;0;4;0;0.0;0.0
33;2021-01-03;0;0;4;0;0.0;0.0
33;2021-01-04;1;0;5;0;0.0;0.0
33;2021-01-05;0;0;5;0;0.0;0.0
33;2021-01-06;134;0;139;0;0.0;0.0
33;2021-01-07;1305;1;1444;1;0.1;0.0
33;2021-01-08;1199;2;2643;3;0.2;0.0
33;2021-01-09;296;1;2939;4;0.2;0.0
33;2021-01-10;229;0;3168;4;0.2;0.0
33;2021-01-11;626;0;3794;4;0.2;0.0
33;2021-01-12;1415;2;5209;6;0.3;0.0
33;2021-01-13;1313;8;6522;14;0.4;0.0
33;2021-01-14;1278;13;7800;27;0.5;0.0
33;2021-01-15;1595;10;9395;37;0.6;0.0
33;2021-01-16;565;8;9960;45;0.6;0.0
33;2021-01-17;406;4;10366;49;0.6;0.0
33;2021-01-18;1194;10;11560;59;0.7;0.0
33;2021-01-19;2920;4;14480;63;0.9;0.0
33;2021-01-20;3394;9;17874;72;1.1;0.0
33;2021-01-21;2855;5;20729;77;1.3;0.0
33;2021-01-22;2320;8;23049;85;1.4;0.0
33;2021-01-23;847;0;23896;85;1.5;0.0
33;2021-01-24;526;2;24422;87;1.5;0.0
33;2021-01-25;2168;61;26590;148;1.6;0.0
33;2021-01-26;2230;160;28820;308;1.8;0.0
33;2021-01-27;2248;210;31068;518;1.9;0.0
33;2021-01-28;2153;442;33221;960;2.0;0.1
33;2021-01-29;1816;693;35037;1653;2.1;0.1
33;2021-01-30;702;175;35739;1828;2.2;0.1
33;2021-01-31;387;156;36126;1984;2.2;0.1
33;2021-02-01;1456;652;37582;2636;2.3;0.2
33;2021-02-02;2642;1106;40224;3742;2.5;0.2
33;2021-02-03;2906;865;43130;4607;2.6;0.3
33;2021-02-04;4022;1347;47152;5954;2.9;0.4
33;2021-02-05;2187;1166;49339;7120;3.0;0.4
33;2021-02-06;642;201;49981;7321;3.1;0.4
33;2021-02-07;218;232;50199;7553;3.1;0.5
33;2021-02-08;1260;761;51459;8314;3.2;0.5
33;2021-02-09;1321;1691;52780;10005;3.2;0.6
33;2021-02-10;1261;1754;54041;11759;3.3;0.7
33;2021-02-11;1289;1448;55330;13207;3.4;0.8
33;2021-02-12;1115;1261;56445;14468;3.5;0.9
33;2021-02-13;199;294;56644;14762;3.5;0.9
33;2021-02-14;44;247;56688;15009;3.5;0.9
33;2021-02-15;689;1732;57377;16741;3.5;1.0
33;2021-02-16;804;2053;58181;18794;3.6;1.2
33;2021-02-17;667;2048;58848;20842;3.6;1.3
33;2021-02-18;898;2269;59746;23111;3.7;1.4
33;2021-02-19;915;2025;60661;25136;3.7;1.5
33;2021-02-20;77;659;60738;25795;3.7;1.6
33;2021-02-21;36;464;60774;26259;3.7;1.6
33;2021-02-22;702;1896;61476;28155;3.8;1.7
33;2021-02-23;1235;2749;62711;30904;3.8;1.9
33;2021-02-24;1360;2534;64071;33438;3.9;2.0
33;2021-02-25;2828;3761;66899;37199;4.1;2.3
33;2021-02-26;4053;2331;70952;39530;4.3;2.4
33;2021-02-27;1359;724;72311;40254;4.4;2.5
33;2021-02-28;123;521;72434;40775;4.4;2.5
33;2021-03-01;1530;1853;73964;42628;4.5;2.6
33;2021-03-02;2325;1748;76289;44376;4.7;2.7
33;2021-03-03;2299;1707;78588;46083;4.8;2.8
33;2021-03-04;3931;1672;82519;47755;5.1;2.9
33;2021-03-05;5754;1746;88273;49501;5.4;3.0
33;2021-03-06;3412;556;91685;50057;5.6;3.1
33;2021-03-07;739;159;92424;50216;5.7;3.1
33;2021-03-08;2710;1154;95134;51370;5.8;3.1
33;2021-03-09;4395;1337;99529;52707;6.1;3.2
33;2021-03-10;5115;1236;104644;53943;6.4;3.3
33;2021-03-11;7537;1224;112181;55167;6.9;3.4
33;2021-03-12;10106;1154;122287;56321;7.5;3.4
33;2021-03-13;5149;205;127436;56526;7.8;3.5
33;2021-03-14;711;22;128147;56548;7.8;3.5
33;2021-03-15;4435;681;132582;57229;8.1;3.5
33;2021-03-16;3580;874;136162;58103;8.3;3.6
33;2021-03-17;3630;939;139792;59042;8.6;3.6
33;2021-03-18;4029;1405;143821;60447;8.8;3.7
33;2021-03-19;6264;1013;150085;61460;9.2;3.8
33;2021-03-20;3360;98;153445;61558;9.4;3.8
33;2021-03-21;460;28;153905;61586;9.4;3.8
33;2021-03-22;4898;441;158803;62027;9.7;3.8
33;2021-03-23;6313;602;165116;62629;10.1;3.8
33;2021-03-24;7074;522;172190;63151;10.5;3.9
33;2021-03-25;8829;645;181019;63796;11.1;3.9
33;2021-03-26;10032;844;191051;64640;11.7;4.0
33;2021-03-27;3618;80;194669;64720;11.9;4.0
33;2021-03-28;577;32;195246;64752;12.0;4.0
33;2021-03-29;6763;696;202009;65448;12.4;4.0
33;2021-03-30;8091;1035;210100;66483;12.9;4.1
33;2021-03-31;7572;1059;217672;67542;13.3;4.1
33;2021-04-01;8807;1182;226479;68724;13.9;4.2
33;2021-04-02;8401;1545;234880;70269;14.4;4.3
33;2021-04-03;2830;523;237710;70792;14.6;4.3
33;2021-04-04;214;160;237924;70952;14.6;4.3
33;2021-04-05;687;122;238611;71074;14.6;4.4
33;2021-04-06;6048;2702;244659;73776;15.0;4.5
33;2021-04-07;7416;2559;252075;76335;15.4;4.7
33;2021-04-08;10319;2778;262394;79113;16.1;4.8
33;2021-04-09;12679;3081;275073;82194;16.8;5.0
33;2021-04-10;5346;1393;280419;83587;17.2;5.1
33;2021-04-11;1001;354;281420;83941;17.2;5.1
33;2021-04-12;7419;3277;288839;87218;17.7;5.3
33;2021-04-13;9311;3473;298150;90691;18.3;5.6
33;2021-04-14;9031;3634;307181;94325;18.8;5.8
33;2021-04-15;10089;3865;317270;98190;19.4;6.0
33;2021-04-16;9712;4231;326982;102421;20.0;6.3
33;2021-04-17;4650;1657;331632;104078;20.3;6.4
33;2021-04-18;927;414;332559;104492;20.4;6.4
33;2021-04-19;5610;3841;338169;108333;20.7;6.6
33;2021-04-20;7288;4255;345457;112588;21.1;6.9
33;2021-04-21;6590;4347;352047;116935;21.6;7.2
33;2021-04-22;7342;4468;359389;121403;22.0;7.4
33;2021-04-23;7694;4798;367083;126201;22.5;7.7
33;2021-04-24;4497;1800;371580;128001;22.7;7.8
33;2021-04-25;1650;418;373230;128419;22.8;7.9
33;2021-04-26;5257;5080;378487;133499;23.2;8.2
33;2021-04-27;6565;5594;385052;139093;23.6;8.5
33;2021-04-28;6770;5564;391822;144657;24.0;8.9
33;2021-04-29;8412;6221;400234;150878;24.5;9.2
33;2021-04-30;8733;6140;408967;157018;25.0;9.6
33;2021-05-01;2895;513;411862;157531;25.2;9.6
33;2021-05-02;1834;344;413696;157875;25.3;9.7
33;2021-05-03;7012;5221;420708;163096;25.8;10.0
33;2021-05-04;6826;6663;427534;169759;26.2;10.4
33;2021-05-05;7137;7567;434671;177326;26.6;10.9
33;2021-05-06;8703;8235;443374;185561;27.1;11.4
33;2021-05-07;8604;8907;451978;194468;27.7;11.9
33;2021-05-08;3541;1597;455519;196065;27.9;12.0
33;2021-05-09;1115;968;456634;197033;28.0;12.1
33;2021-05-10;6872;7288;463506;204321;28.4;12.5
33;2021-05-11;8638;7816;472144;212137;28.9;13.0
33;2021-05-12;9168;6687;481312;218824;29.5;13.4
33;2021-05-13;5206;2108;486518;220932;29.8;13.5
33;2021-05-14;8129;5361;494647;226293;30.3;13.9
33;2021-05-15;5174;2875;499821;229168;30.6;14.0
33;2021-05-16;1838;805;501659;229973;30.7;14.1
33;2021-05-17;8854;5092;510513;235065;31.3;14.4
33;2021-05-18;10611;4870;521124;239935;31.9;14.7
33;2021-05-19;10902;4781;532026;244716;32.6;15.0
33;2021-05-20;10896;5582;542922;250298;33.2;15.3
33;2021-05-21;10914;6259;553836;256557;33.9;15.7
33;2021-05-22;5115;2752;558951;259309;34.2;15.9
33;2021-05-23;1742;381;560693;259690;34.3;15.9
33;2021-05-24;5410;995;566103;260685;34.7;16.0
33;2021-05-25;9382;5766;575485;266451;35.2;16.3
33;2021-05-26;9679;6027;585164;272478;35.8;16.7
33;2021-05-27;10901;7720;596065;280198;36.5;17.2
33;2021-05-28;10066;9539;606131;289737;37.1;17.7
33;2021-05-29;5039;4110;611170;293847;37.4;18.0
33;2021-05-30;1701;665;612871;294512;37.5;18.0
33;2021-05-31;8554;6425;621425;300937;38.0;18.4
33;2021-06-01;11796;8724;633221;309661;38.8;19.0
33;2021-06-02;11710;8217;644931;317878;39.5;19.5
33;2021-06-03;12699;9188;657630;327066;40.3;20.0
33;2021-06-04;12928;10950;670558;338016;41.1;20.7
33;2021-06-05;5269;5064;675827;343080;41.4;21.0
33;2021-06-06;2523;1191;678350;344271;41.5;21.1
33;2021-06-07;9753;8489;688103;352760;42.1;21.6
33;2021-06-08;11930;9454;700033;362214;42.9;22.2
33;2021-06-09;11766;8533;711799;370747;43.6;22.7
33;2021-06-10;12945;8379;724744;379126;44.4;23.2
33;2021-06-11;12505;11180;737249;390306;45.1;23.9
33;2021-06-12;6179;4475;743428;394781;45.5;24.2
33;2021-06-13;2614;1281;746042;396062;45.7;24.2
33;2021-06-14;8576;10151;754618;406213;46.2;24.9
33;2021-06-15;12051;10267;766669;416480;46.9;25.5
33;2021-06-16;12036;8852;778705;425332;47.7;26.0
33;2021-06-17;13064;9606;791769;434938;48.5;26.6
33;2021-06-18;11784;11437;803553;446375;49.2;27.3
33;2021-06-19;5606;4813;809159;451188;49.5;27.6
33;2021-06-20;2941;1468;812100;452656;49.7;27.7
33;2021-06-21;7857;10157;819957;462813;50.2;28.3
33;2021-06-22;9035;11077;828992;473890;50.8;29.0
33;2021-06-23;8629;10837;837621;484727;51.3;29.7
33;2021-06-24;9709;9973;847330;494700;51.9;30.3
33;2021-06-25;8009;13704;855339;508404;52.4;31.1
33;2021-06-26;4332;5918;859671;514322;52.6;31.5
33;2021-06-27;2464;1956;862135;516278;52.8;31.6
33;2021-06-28;4861;12775;866996;529053;53.1;32.4
33;2021-06-29;6410;13646;873406;542699;53.5;33.2
33;2021-06-30;6639;13380;880045;556079;53.9;34.0
33;2021-07-01;7977;11801;888022;567880;54.4;34.8
33;2021-07-02;6765;15116;894787;582996;54.8;35.7
33;2021-07-03;3164;6773;897951;589769;55.0;36.1
33;2021-07-04;2057;2376;900008;592145;55.1;36.3
33;2021-07-05;4309;12912;904317;605057;55.4;37.0
33;2021-07-06;6086;14606;910403;619663;55.7;37.9
33;2021-07-07;6667;13059;917070;632722;56.1;38.7
33;2021-07-08;7884;12754;924954;645476;56.6;39.5
33;2021-07-09;6315;15111;931269;660587;57.0;40.4
33;2021-07-10;3071;7155;934340;667742;57.2;40.9
33;2021-07-11;1838;2298;936178;670040;57.3;41.0
33;2021-07-12;3884;14715;940062;684755;57.6;41.9
33;2021-07-13;7081;16107;947143;700862;58.0;42.9
33;2021-07-14;3651;5308;950794;706170;58.2;43.2
33;2021-07-15;7510;15962;958304;722132;58.7;44.2
33;2021-07-16;8469;15139;966773;737271;59.2;45.1
33;2021-07-17;3083;6429;969856;743700;59.4;45.5
33;2021-07-18;1677;3204;971533;746904;59.5;45.7
33;2021-07-19;5773;15100;977306;762004;59.8;46.7
33;2021-07-20;7358;16125;984664;778129;60.3;47.6
33;2021-07-21;8298;14533;992962;792662;60.8;48.5
33;2021-07-22;9283;15105;1002245;807767;61.4;49.5
33;2021-07-23;9562;16346;1011807;824113;61.9;50.5
33;2021-07-24;3791;7545;1015598;831658;62.2;50.9
33;2021-07-25;2079;2657;1017677;834315;62.3;51.1
33;2021-07-26;6883;13405;1024560;847720;62.7;51.9
33;2021-07-27;9954;13373;1034514;861093;63.3;52.7
33;2021-07-28;10841;11940;1045355;873033;64.0;53.4
33;2021-07-29;11585;11873;1056940;884906;64.7;54.2
33;2021-07-30;11255;12173;1068195;897079;65.4;54.9
33;2021-07-31;4665;5624;1072860;902703;65.7;55.3
33;2021-08-01;2453;1933;1075313;904636;65.8;55.4
33;2021-08-02;8215;9845;1083528;914481;66.3;56.0
34;2020-12-27;1;0;1;0;0.0;0.0
34;2020-12-28;1;0;2;0;0.0;0.0
34;2020-12-29;0;0;2;0;0.0;0.0
34;2020-12-30;0;0;2;0;0.0;0.0
34;2020-12-31;0;0;2;0;0.0;0.0
34;2021-01-01;1;0;3;0;0.0;0.0
34;2021-01-02;2;0;5;0;0.0;0.0
34;2021-01-03;0;0;5;0;0.0;0.0
34;2021-01-04;21;0;26;0;0.0;0.0
34;2021-01-05;106;1;132;1;0.0;0.0
34;2021-01-06;198;1;330;2;0.0;0.0
34;2021-01-07;363;0;693;2;0.1;0.0
34;2021-01-08;606;0;1299;2;0.1;0.0
34;2021-01-09;244;0;1543;2;0.1;0.0
34;2021-01-10;93;1;1636;3;0.1;0.0
34;2021-01-11;560;1;2196;4;0.2;0.0
34;2021-01-12;1006;1;3202;5;0.3;0.0
34;2021-01-13;1098;6;4300;11;0.4;0.0
34;2021-01-14;1951;13;6251;24;0.5;0.0
34;2021-01-15;1468;5;7719;29;0.7;0.0
34;2021-01-16;331;6;8050;35;0.7;0.0
34;2021-01-17;233;1;8283;36;0.7;0.0
34;2021-01-18;1124;4;9407;40;0.8;0.0
34;2021-01-19;1609;7;11016;47;0.9;0.0
34;2021-01-20;2061;8;13077;55;1.1;0.0
34;2021-01-21;4205;10;17282;65;1.5;0.0
34;2021-01-22;2547;8;19829;73;1.7;0.0
34;2021-01-23;598;1;20427;74;1.7;0.0
34;2021-01-24;2;0;20429;74;1.7;0.0
34;2021-01-25;1242;5;21671;79;1.8;0.0
34;2021-01-26;1458;21;23129;100;2.0;0.0
34;2021-01-27;1466;23;24595;123;2.1;0.0
34;2021-01-28;1391;123;25986;246;2.2;0.0
34;2021-01-29;1258;138;27244;384;2.3;0.0
34;2021-01-30;479;25;27723;409;2.4;0.0
34;2021-01-31;4;0;27727;409;2.4;0.0
34;2021-02-01;1027;253;28754;662;2.4;0.1
34;2021-02-02;1455;444;30209;1106;2.6;0.1
34;2021-02-03;2647;527;32856;1633;2.8;0.1
34;2021-02-04;2303;886;35159;2519;3.0;0.2
34;2021-02-05;1887;1184;37046;3703;3.1;0.3
34;2021-02-06;491;241;37537;3944;3.2;0.3
34;2021-02-07;31;108;37568;4052;3.2;0.3
34;2021-02-08;860;1067;38428;5119;3.3;0.4
34;2021-02-09;1031;1313;39459;6432;3.4;0.5
34;2021-02-10;1287;1514;40746;7946;3.5;0.7
34;2021-02-11;1777;2711;42523;10657;3.6;0.9
34;2021-02-12;1913;1646;44436;12303;3.8;1.0
34;2021-02-13;353;513;44789;12816;3.8;1.1
34;2021-02-14;21;287;44810;13103;3.8;1.1
34;2021-02-15;671;1213;45481;14316;3.9;1.2
34;2021-02-16;666;1535;46147;15851;3.9;1.3
34;2021-02-17;710;1530;46857;17381;4.0;1.5
34;2021-02-18;835;1500;47692;18881;4.1;1.6
34;2021-02-19;817;1232;48509;20113;4.1;1.7
34;2021-02-20;301;485;48810;20598;4.1;1.8
34;2021-02-21;63;18;48873;20616;4.2;1.8
34;2021-02-22;629;1316;49502;21932;4.2;1.9
34;2021-02-23;560;1484;50062;23416;4.3;2.0
34;2021-02-24;930;2340;50992;25756;4.3;2.2
34;2021-02-25;1602;2283;52594;28039;4.5;2.4
34;2021-02-26;1848;1623;54442;29662;4.6;2.5
34;2021-02-27;701;434;55143;30096;4.7;2.6
34;2021-02-28;86;64;55229;30160;4.7;2.6
34;2021-03-01;928;1166;56157;31326;4.8;2.7
34;2021-03-02;1588;1289;57745;32615;4.9;2.8
34;2021-03-03;1830;1412;59575;34027;5.1;2.9
34;2021-03-04;2858;1623;62433;35650;5.3;3.0
34;2021-03-05;3678;1540;66111;37190;5.6;3.2
34;2021-03-06;2640;203;68751;37393;5.8;3.2
34;2021-03-07;1242;74;69993;37467;6.0;3.2
34;2021-03-08;2777;1016;72770;38483;6.2;3.3
34;2021-03-09;4010;1455;76780;39938;6.5;3.4
34;2021-03-10;3991;1335;80771;41273;6.9;3.5
34;2021-03-11;5427;1289;86198;42562;7.3;3.6
34;2021-03-12;6490;919;92688;43481;7.9;3.7
34;2021-03-13;3131;176;95819;43657;8.1;3.7
34;2021-03-14;999;54;96818;43711;8.2;3.7
34;2021-03-15;3296;561;100114;44272;8.5;3.8
34;2021-03-16;2907;656;103021;44928;8.8;3.8
34;2021-03-17;3303;727;106324;45655;9.0;3.9
34;2021-03-18;3443;906;109767;46561;9.3;4.0
34;2021-03-19;4689;780;114456;47341;9.7;4.0
34;2021-03-20;3139;59;117595;47400;10.0;4.0
34;2021-03-21;1992;54;119587;47454;10.2;4.0
34;2021-03-22;3681;464;123268;47918;10.5;4.1
34;2021-03-23;4955;529;128223;48447;10.9;4.1
34;2021-03-24;5212;636;133435;49083;11.3;4.2
34;2021-03-25;7192;708;140627;49791;12.0;4.2
34;2021-03-26;7164;565;147791;50356;12.6;4.3
34;2021-03-27;2368;74;150159;50430;12.8;4.3
34;2021-03-28;698;15;150857;50445;12.8;4.3
34;2021-03-29;4177;754;155034;51199;13.2;4.4
34;2021-03-30;5217;962;160251;52161;13.6;4.4
34;2021-03-31;5064;1192;165315;53353;14.1;4.5
34;2021-04-01;7027;998;172342;54351;14.7;4.6
34;2021-04-02;5816;1172;178158;55523;15.1;4.7
34;2021-04-03;1137;85;179295;55608;15.2;4.7
34;2021-04-04;163;5;179458;55613;15.3;4.7
34;2021-04-05;431;26;179889;55639;15.3;4.7
34;2021-04-06;3128;2453;183017;58092;15.6;4.9
34;2021-04-07;3383;2641;186400;60733;15.8;5.2
34;2021-04-08;5248;2816;191648;63549;16.3;5.4
34;2021-04-09;8067;2482;199715;66031;17.0;5.6
34;2021-04-10;3165;1362;202880;67393;17.2;5.7
34;2021-04-11;1713;804;204593;68197;17.4;5.8
34;2021-04-12;4480;2521;209073;70718;17.8;6.0
34;2021-04-13;5234;3055;214307;73773;18.2;6.3
34;2021-04-14;5614;3228;219921;77001;18.7;6.5
34;2021-04-15;6988;3153;226909;80154;19.3;6.8
34;2021-04-16;6568;3153;233477;83307;19.9;7.1
34;2021-04-17;2371;2067;235848;85374;20.1;7.3
34;2021-04-18;989;1718;236837;87092;20.1;7.4
34;2021-04-19;3418;3127;240255;90219;20.4;7.7
34;2021-04-20;3762;3668;244017;93887;20.7;8.0
34;2021-04-21;4238;3716;248255;97603;21.1;8.3
34;2021-04-22;4482;4614;252737;102217;21.5;8.7
34;2021-04-23;5362;3516;258099;105733;21.9;9.0
34;2021-04-24;3160;1574;261259;107307;22.2;9.1
34;2021-04-25;1919;643;263178;107950;22.4;9.2
34;2021-04-26;4214;3475;267392;111425;22.7;9.5
34;2021-04-27;5124;4016;272516;115441;23.2;9.8
34;2021-04-28;5761;3544;278277;118985;23.7;10.1
34;2021-04-29;6417;3941;284694;122926;24.2;10.5
34;2021-04-30;7865;3285;292559;126211;24.9;10.7
34;2021-05-01;2402;501;294961;126712;25.1;10.8
34;2021-05-02;3258;319;298219;127031;25.4;10.8
34;2021-05-03;6574;2892;304793;129923;25.9;11.0
34;2021-05-04;7112;3794;311905;133717;26.5;11.4
34;2021-05-05;6497;4529;318402;138246;27.1;11.8
34;2021-05-06;6941;5209;325343;143455;27.7;12.2
34;2021-05-07;6923;5671;332266;149126;28.3;12.7
34;2021-05-08;3604;1165;335870;150291;28.6;12.8
34;2021-05-09;2176;1286;338046;151577;28.7;12.9
34;2021-05-10;5862;4798;343908;156375;29.2;13.3
34;2021-05-11;7412;5316;351320;161691;29.9;13.7
34;2021-05-12;7746;4461;359066;166152;30.5;14.1
34;2021-05-13;6120;774;365186;166926;31.0;14.2
34;2021-05-14;7483;3732;372669;170658;31.7;14.5
34;2021-05-15;4865;1683;377534;172341;32.1;14.7
34;2021-05-16;4946;457;382480;172798;32.5;14.7
34;2021-05-17;8690;1982;391170;174780;33.3;14.9
34;2021-05-18;9135;1968;400305;176748;34.0;15.0
34;2021-05-19;8622;1801;408927;178549;34.8;15.2
34;2021-05-20;8865;2507;417792;181056;35.5;15.4
34;2021-05-21;8780;3220;426572;184276;36.3;15.7
34;2021-05-22;5787;1148;432359;185424;36.8;15.8
34;2021-05-23;3881;544;436240;185968;37.1;15.8
34;2021-05-24;1896;852;438136;186820;37.3;15.9
34;2021-05-25;7138;3811;445274;190631;37.9;16.2
34;2021-05-26;8317;3018;453591;193649;38.6;16.5
34;2021-05-27;8316;4297;461907;197946;39.3;16.8
34;2021-05-28;8044;5440;469951;203386;40.0;17.3
34;2021-05-29;4003;3107;473954;206493;40.3;17.6
34;2021-05-30;1988;1393;475942;207886;40.5;17.7
34;2021-05-31;5877;5250;481819;213136;41.0;18.1
34;2021-06-01;6942;6106;488761;219242;41.6;18.6
34;2021-06-02;6127;5807;494888;225049;42.1;19.1
34;2021-06-03;7707;6491;502595;231540;42.7;19.7
34;2021-06-04;7653;7591;510248;239131;43.4;20.3
34;2021-06-05;4137;3672;514385;242803;43.7;20.6
34;2021-06-06;3268;1867;517653;244670;44.0;20.8
34;2021-06-07;4411;6761;522064;251431;44.4;21.4
34;2021-06-08;5856;6817;527920;258248;44.9;22.0
34;2021-06-09;5821;6824;533741;265072;45.4;22.5
34;2021-06-10;6313;6871;540054;271943;45.9;23.1
34;2021-06-11;5395;9270;545449;281213;46.4;23.9
34;2021-06-12;3169;4724;548618;285937;46.6;24.3
34;2021-06-13;1078;1905;549696;287842;46.7;24.5
34;2021-06-14;3440;7817;553136;295659;47.0;25.1
34;2021-06-15;3945;8785;557081;304444;47.4;25.9
34;2021-06-16;4602;7847;561683;312291;47.8;26.6
34;2021-06-17;4206;7953;565889;320244;48.1;27.2
34;2021-06-18;4340;9323;570229;329567;48.5;28.0
34;2021-06-19;2734;4402;572963;333969;48.7;28.4
34;2021-06-20;887;2871;573850;336840;48.8;28.6
34;2021-06-21;2165;8553;576015;345393;49.0;29.4
34;2021-06-22;2967;9408;578982;354801;49.2;30.2
34;2021-06-23;3506;8969;582488;363770;49.5;30.9
34;2021-06-24;3542;8672;586030;372442;49.8;31.7
34;2021-06-25;3352;10426;589382;382868;50.1;32.6
34;2021-06-26;1637;6191;591019;389059;50.3;33.1
34;2021-06-27;306;4271;591325;393330;50.3;33.4
34;2021-06-28;2258;9430;593583;402760;50.5;34.2
34;2021-06-29;2666;10288;596249;413048;50.7;35.1
34;2021-06-30;3259;9552;599508;422600;51.0;35.9
34;2021-07-01;3417;9437;602925;432037;51.3;36.7
34;2021-07-02;3341;9730;606266;441767;51.5;37.6
34;2021-07-03;1660;6164;607926;447931;51.7;38.1
34;2021-07-04;310;2764;608236;450695;51.7;38.3
34;2021-07-05;3182;7996;611418;458691;52.0;39.0
34;2021-07-06;3409;9165;614827;467856;52.3;39.8
34;2021-07-07;3227;8628;618054;476484;52.5;40.5
34;2021-07-08;4247;8847;622301;485331;52.9;41.3
34;2021-07-09;3890;9322;626191;494653;53.2;42.1
34;2021-07-10;2096;5703;628287;500356;53.4;42.5
34;2021-07-11;918;2574;629205;502930;53.5;42.8
34;2021-07-12;2825;8967;632030;511897;53.7;43.5
34;2021-07-13;4514;10009;636544;521906;54.1;44.4
34;2021-07-14;736;344;637280;522250;54.2;44.4
34;2021-07-15;5765;10355;643045;532605;54.7;45.3
34;2021-07-16;5690;10675;648735;543280;55.2;46.2
34;2021-07-17;4439;4388;653174;547668;55.5;46.6
34;2021-07-18;226;197;653400;547865;55.6;46.6
34;2021-07-19;5020;8286;658420;556151;56.0;47.3
34;2021-07-20;6747;8347;665167;564498;56.6;48.0
34;2021-07-21;7478;7755;672645;572253;57.2;48.7
34;2021-07-22;7348;8119;679993;580372;57.8;49.3
34;2021-07-23;7734;8092;687727;588464;58.5;50.0
34;2021-07-24;5970;3010;693697;591474;59.0;50.3
34;2021-07-25;3192;527;696889;592001;59.3;50.3
34;2021-07-26;6194;6404;703083;598405;59.8;50.9
34;2021-07-27;8319;5981;711402;604386;60.5;51.4
34;2021-07-28;9173;5847;720575;610233;61.3;51.9
34;2021-07-29;11208;5949;731783;616182;62.2;52.4
34;2021-07-30;9683;6444;741466;622626;63.0;52.9
34;2021-07-31;6368;2131;747834;624757;63.6;53.1
34;2021-08-01;3220;559;751054;625316;63.9;53.2
34;2021-08-02;7073;4949;758127;630265;64.5;53.6
35;2020-12-27;0;0;0;0;0.0;0.0
35;2020-12-28;0;0;0;0;0.0;0.0
35;2020-12-29;2;0;2;0;0.0;0.0
35;2020-12-30;0;0;2;0;0.0;0.0
35;2020-12-31;1;0;3;0;0.0;0.0
35;2021-01-01;3;0;6;0;0.0;0.0
35;2021-01-02;0;0;6;0;0.0;0.0
35;2021-01-03;0;0;6;0;0.0;0.0
35;2021-01-04;10;0;16;0;0.0;0.0
35;2021-01-05;108;0;124;0;0.0;0.0
35;2021-01-06;175;0;299;0;0.0;0.0
35;2021-01-07;438;1;737;1;0.1;0.0
35;2021-01-08;513;1;1250;2;0.1;0.0
35;2021-01-09;31;0;1281;2;0.1;0.0
35;2021-01-10;1;0;1282;2;0.1;0.0
35;2021-01-11;538;0;1820;2;0.2;0.0
35;2021-01-12;885;2;2705;4;0.2;0.0
35;2021-01-13;967;1;3672;5;0.3;0.0
35;2021-01-14;1259;18;4931;23;0.5;0.0
35;2021-01-15;728;2;5659;25;0.5;0.0
35;2021-01-16;186;2;5845;27;0.5;0.0
35;2021-01-17;43;0;5888;27;0.5;0.0
35;2021-01-18;1221;2;7109;29;0.7;0.0
35;2021-01-19;5369;10;12478;39;1.2;0.0
35;2021-01-20;3202;7;15680;46;1.4;0.0
35;2021-01-21;3629;5;19309;51;1.8;0.0
35;2021-01-22;2087;10;21396;61;2.0;0.0
35;2021-01-23;421;1;21817;62;2.0;0.0
35;2021-01-24;50;0;21867;62;2.0;0.0
35;2021-01-25;914;17;22781;79;2.1;0.0
35;2021-01-26;1127;138;23908;217;2.2;0.0
35;2021-01-27;1030;129;24938;346;2.3;0.0
35;2021-01-28;915;300;25853;646;2.4;0.1
35;2021-01-29;724;292;26577;938;2.5;0.1
35;2021-01-30;139;20;26716;958;2.5;0.1
35;2021-01-31;0;0;26716;958;2.5;0.1
35;2021-02-01;667;335;27383;1293;2.5;0.1
35;2021-02-02;724;489;28107;1782;2.6;0.2
35;2021-02-03;659;506;28766;2288;2.7;0.2
35;2021-02-04;589;657;29355;2945;2.7;0.3
35;2021-02-05;624;563;29979;3508;2.8;0.3
35;2021-02-06;168;5;30147;3513;2.8;0.3
35;2021-02-07;1;0;30148;3513;2.8;0.3
35;2021-02-08;447;659;30595;4172;2.8;0.4
35;2021-02-09;1714;3555;32309;7727;3.0;0.7
35;2021-02-10;1367;2708;33676;10435;3.1;1.0
35;2021-02-11;1919;3220;35595;13655;3.3;1.3
35;2021-02-12;1637;1742;37232;15397;3.4;1.4
35;2021-02-13;57;254;37289;15651;3.4;1.4
35;2021-02-14;7;68;37296;15719;3.4;1.5
35;2021-02-15;771;1103;38067;16822;3.5;1.6
35;2021-02-16;918;1029;38985;17851;3.6;1.6
35;2021-02-17;888;1100;39873;18951;3.7;1.8
35;2021-02-18;1016;999;40889;19950;3.8;1.8
35;2021-02-19;1010;972;41899;20922;3.9;1.9
35;2021-02-20;143;49;42042;20971;3.9;1.9
35;2021-02-21;5;0;42047;20971;3.9;1.9
35;2021-02-22;774;834;42821;21805;4.0;2.0
35;2021-02-23;1287;864;44108;22669;4.1;2.1
35;2021-02-24;1403;818;45511;23487;4.2;2.2
35;2021-02-25;2244;782;47755;24269;4.4;2.2
35;2021-02-26;2598;733;50353;25002;4.7;2.3
35;2021-02-27;868;103;51221;25105;4.7;2.3
35;2021-02-28;9;0;51230;25105;4.7;2.3
35;2021-03-01;959;693;52189;25798;4.8;2.4
35;2021-03-02;1632;1995;53821;27793;5.0;2.6
35;2021-03-03;1907;967;55728;28760;5.2;2.7
35;2021-03-04;2916;1408;58644;30168;5.4;2.8
35;2021-03-05;3711;1332;62355;31500;5.8;2.9
35;2021-03-06;1340;87;63695;31587;5.9;2.9
35;2021-03-07;1;40;63696;31627;5.9;2.9
35;2021-03-08;1469;581;65165;32208;6.0;3.0
35;2021-03-09;3230;594;68395;32802;6.3;3.0
35;2021-03-10;2901;561;71296;33363;6.6;3.1
35;2021-03-11;4192;705;75488;34068;7.0;3.1
35;2021-03-12;6046;590;81534;34658;7.5;3.2
35;2021-03-13;2424;132;83958;34790;7.8;3.2
35;2021-03-14;18;25;83976;34815;7.8;3.2
35;2021-03-15;1965;667;85941;35482;7.9;3.3
35;2021-03-16;2500;727;88441;36209;8.2;3.3
35;2021-03-17;2389;601;90830;36810;8.4;3.4
35;2021-03-18;2331;594;93161;37404;8.6;3.5
35;2021-03-19;3541;499;96702;37903;8.9;3.5
35;2021-03-20;1536;111;98238;38014;9.1;3.5
35;2021-03-21;36;1;98274;38015;9.1;3.5
35;2021-03-22;1748;842;100022;38857;9.2;3.6
35;2021-03-23;3622;1179;103644;40036;9.6;3.7
35;2021-03-24;3728;987;107372;41023;9.9;3.8
35;2021-03-25;5330;987;112702;42010;10.4;3.9
35;2021-03-26;5841;809;118543;42819;11.0;4.0
35;2021-03-27;1414;205;119957;43024;11.1;4.0
35;2021-03-28;4;0;119961;43024;11.1;4.0
35;2021-03-29;2779;909;122740;43933;11.3;4.1
35;2021-03-30;4289;1330;127029;45263;11.7;4.2
35;2021-03-31;3467;1339;130496;46602;12.1;4.3
35;2021-04-01;4247;1228;134743;47830;12.5;4.4
35;2021-04-02;4861;1205;139604;49035;12.9;4.5
35;2021-04-03;763;214;140367;49249;13.0;4.6
35;2021-04-04;5;0;140372;49249;13.0;4.6
35;2021-04-05;18;1;140390;49250;13.0;4.6
35;2021-04-06;3269;2041;143659;51291;13.3;4.7
35;2021-04-07;3959;1844;147618;53135;13.6;4.9
35;2021-04-08;5803;1583;153421;54718;14.2;5.1
35;2021-04-09;7423;1408;160844;56126;14.9;5.2
35;2021-04-10;1859;248;162703;56374;15.0;5.2
35;2021-04-11;35;23;162738;56397;15.0;5.2
35;2021-04-12;5134;1599;167872;57996;15.5;5.4
35;2021-04-13;7612;2782;175484;60778;16.2;5.6
35;2021-04-14;6316;2292;181800;63070;16.8;5.8
35;2021-04-15;7560;2157;189360;65227;17.5;6.0
35;2021-04-16;8079;1737;197439;66964;18.2;6.2
35;2021-04-17;1569;218;199008;67182;18.4;6.2
35;2021-04-18;10;4;199018;67186;18.4;6.2
35;2021-04-19;4814;1670;203832;68856;18.8;6.4
35;2021-04-20;5157;2634;208989;71490;19.3;6.6
35;2021-04-21;5127;2200;214116;73690;19.8;6.8
35;2021-04-22;6423;2316;220539;76006;20.4;7.0
35;2021-04-23;6816;2348;227355;78354;21.0;7.2
35;2021-04-24;1127;261;228482;78615;21.1;7.3
35;2021-04-25;7;16;228489;78631;21.1;7.3
35;2021-04-26;5095;2149;233584;80780;21.6;7.5
35;2021-04-27;6085;3204;239669;83984;22.1;7.8
35;2021-04-28;6171;2555;245840;86539;22.7;8.0
35;2021-04-29;7114;2750;252954;89289;23.4;8.3
35;2021-04-30;7551;2530;260505;91819;24.1;8.5
35;2021-05-01;616;239;261121;92058;24.1;8.5
35;2021-05-02;14;21;261135;92079;24.1;8.5
35;2021-05-03;5308;2331;266443;94410;24.6;8.7
35;2021-05-04;5077;5338;271520;99748;25.1;9.2
35;2021-05-05;4877;4437;276397;104185;25.5;9.6
35;2021-05-06;6166;5268;282563;109453;26.1;10.1
35;2021-05-07;5620;5249;288183;114702;26.6;10.6
35;2021-05-08;1720;136;289903;114838;26.8;10.6
35;2021-05-09;695;75;290598;114913;26.9;10.6
35;2021-05-10;3715;4961;294313;119874;27.2;11.1
35;2021-05-11;4772;5797;299085;125671;27.6;11.6
35;2021-05-12;5282;5494;304367;131165;28.1;12.1
35;2021-05-13;2694;1427;307061;132592;28.4;12.3
35;2021-05-14;5456;4281;312517;136873;28.9;12.6
35;2021-05-15;2928;716;315445;137589;29.2;12.7
35;2021-05-16;995;60;316440;137649;29.2;12.7
35;2021-05-17;4477;3884;320917;141533;29.7;13.1
35;2021-05-18;5834;4321;326751;145854;30.2;13.5
35;2021-05-19;5860;3619;332611;149473;30.7;13.8
35;2021-05-20;6443;4009;339054;153482;31.3;14.2
35;2021-05-21;6131;4765;345185;158247;31.9;14.6
35;2021-05-22;2115;739;347300;158986;32.1;14.7
35;2021-05-23;689;46;347989;159032;32.2;14.7
35;2021-05-24;3204;1294;351193;160326;32.5;14.8
35;2021-05-25;5542;4275;356735;164601;33.0;15.2
35;2021-05-26;5720;4165;362455;168766;33.5;15.6
35;2021-05-27;6522;4776;368977;173542;34.1;16.0
35;2021-05-28;6329;5575;375306;179117;34.7;16.6
35;2021-05-29;2875;1148;378181;180265;34.9;16.7
35;2021-05-30;876;39;379057;180304;35.0;16.7
35;2021-05-31;6308;4388;385365;184692;35.6;17.1
35;2021-06-01;7366;5120;392731;189812;36.3;17.5
35;2021-06-02;7215;3791;399946;193603;37.0;17.9
35;2021-06-03;8153;4995;408099;198598;37.7;18.4
35;2021-06-04;7272;7464;415371;206062;38.4;19.0
35;2021-06-05;4140;1579;419511;207641;38.8;19.2
35;2021-06-06;3054;148;422565;207789;39.1;19.2
35;2021-06-07;5775;5769;428340;213558;39.6;19.7
35;2021-06-08;7593;5949;435933;219507;40.3;20.3
35;2021-06-09;8456;4817;444389;224324;41.1;20.7
35;2021-06-10;9338;4744;453727;229068;41.9;21.2
35;2021-06-11;8632;7472;462359;236540;42.7;21.9
35;2021-06-12;4687;1206;467046;237746;43.2;22.0
35;2021-06-13;3383;223;470429;237969;43.5;22.0
35;2021-06-14;6229;6514;476658;244483;44.1;22.6
35;2021-06-15;7503;6961;484161;251444;44.7;23.2
35;2021-06-16;8311;5627;492472;257071;45.5;23.8
35;2021-06-17;8885;5898;501357;262969;46.3;24.3
35;2021-06-18;8713;8100;510070;271069;47.1;25.1
35;2021-06-19;1500;2509;511570;273578;47.3;25.3
35;2021-06-20;2955;885;514525;274463;47.5;25.4
35;2021-06-21;5927;6373;520452;280836;48.1;26.0
35;2021-06-22;6819;7499;527271;288335;48.7;26.6
35;2021-06-23;7226;6144;534497;294479;49.4;27.2
35;2021-06-24;8326;5912;542823;300391;50.2;27.8
35;2021-06-25;6601;8469;549424;308860;50.8;28.5
35;2021-06-26;1100;3081;550524;311941;50.9;28.8
35;2021-06-27;2626;1027;553150;312968;51.1;28.9
35;2021-06-28;4270;7752;557420;320720;51.5;29.6
35;2021-06-29;5052;7971;562472;328691;52.0;30.4
35;2021-06-30;5563;7889;568035;336580;52.5;31.1
35;2021-07-01;6490;7538;574525;344118;53.1;31.8
35;2021-07-02;5308;9856;579833;353974;53.6;32.7
35;2021-07-03;1073;2842;580906;356816;53.7;33.0
35;2021-07-04;2144;1551;583050;358367;53.9;33.1
35;2021-07-05;3707;8208;586757;366575;54.2;33.9
35;2021-07-06;4735;9482;591492;376057;54.7;34.8
35;2021-07-07;4995;8333;596487;384390;55.1;35.5
35;2021-07-08;5319;8487;601806;392877;55.6;36.3
35;2021-07-09;3851;11545;605657;404422;56.0;37.4
35;2021-07-10;888;3150;606545;407572;56.1;37.7
35;2021-07-11;1291;2360;607836;409932;56.2;37.9
35;2021-07-12;3035;9160;610871;419092;56.5;38.7
35;2021-07-13;3934;10747;614805;429839;56.8;39.7
35;2021-07-14;2133;4451;616938;434290;57.0;40.1
35;2021-07-15;4234;10180;621172;444470;57.4;41.1
35;2021-07-16;4673;11008;625845;455478;57.8;42.1
35;2021-07-17;1969;4069;627814;459547;58.0;42.5
35;2021-07-18;841;2569;628655;462116;58.1;42.7
35;2021-07-19;3221;8983;631876;471099;58.4;43.5
35;2021-07-20;4177;10594;636053;481693;58.8;44.5
35;2021-07-21;4275;9384;640328;491077;59.2;45.4
35;2021-07-22;4784;9660;645112;500737;59.6;46.3
35;2021-07-23;4510;11008;649622;511745;60.0;47.3
35;2021-07-24;1580;4266;651202;516011;60.2;47.7
35;2021-07-25;809;2845;652011;518856;60.3;48.0
35;2021-07-26;3835;8733;655846;527589;60.6;48.8
35;2021-07-27;5152;9644;660998;537233;61.1;49.6
35;2021-07-28;5275;8668;666273;545901;61.6;50.4
35;2021-07-29;6044;8325;672317;554226;62.1;51.2
35;2021-07-30;5826;9053;678143;563279;62.7;52.1
35;2021-07-31;2285;3651;680428;566930;62.9;52.4
35;2021-08-01;1513;2410;681941;569340;63.0;52.6
35;2021-08-02;4642;6919;686583;576259;63.5;53.3
36;2020-12-27;0;0;0;0;0.0;0.0
36;2020-12-28;0;0;0;0;0.0;0.0
36;2020-12-29;0;0;0;0;0.0;0.0
36;2020-12-30;0;0;0;0;0.0;0.0
36;2020-12-31;0;0;0;0;0.0;0.0
36;2021-01-01;0;0;0;0;0.0;0.0
36;2021-01-02;0;0;0;0;0.0;0.0
36;2021-01-03;0;0;0;0;0.0;0.0
36;2021-01-04;0;0;0;0;0.0;0.0
36;2021-01-05;0;0;0;0;0.0;0.0
36;2021-01-06;24;0;24;0;0.0;0.0
36;2021-01-07;51;0;75;0;0.0;0.0
36;2021-01-08;111;0;186;0;0.1;0.0
36;2021-01-09;83;0;269;0;0.1;0.0
36;2021-01-10;142;0;411;0;0.2;0.0
36;2021-01-11;239;1;650;1;0.3;0.0
36;2021-01-12;282;0;932;1;0.4;0.0
36;2021-01-13;198;1;1130;2;0.5;0.0
36;2021-01-14;505;4;1635;6;0.8;0.0
36;2021-01-15;179;1;1814;7;0.8;0.0
36;2021-01-16;24;0;1838;7;0.8;0.0
36;2021-01-17;19;2;1857;9;0.9;0.0
36;2021-01-18;613;4;2470;13;1.1;0.0
36;2021-01-19;1164;3;3634;16;1.7;0.0
36;2021-01-20;1099;3;4733;19;2.2;0.0
36;2021-01-21;720;0;5453;19;2.5;0.0
36;2021-01-22;857;4;6310;23;2.9;0.0
36;2021-01-23;295;0;6605;23;3.0;0.0
36;2021-01-24;185;1;6790;24;3.1;0.0
36;2021-01-25;640;5;7430;29;3.4;0.0
36;2021-01-26;610;1;8040;30;3.7;0.0
36;2021-01-27;848;19;8888;49;4.1;0.0
36;2021-01-28;477;47;9365;96;4.3;0.0
36;2021-01-29;573;98;9938;194;4.6;0.1
36;2021-01-30;288;73;10226;267;4.7;0.1
36;2021-01-31;115;136;10341;403;4.8;0.2
36;2021-02-01;378;100;10719;503;4.9;0.2
36;2021-02-02;410;175;11129;678;5.1;0.3
36;2021-02-03;471;264;11600;942;5.3;0.4
36;2021-02-04;275;280;11875;1222;5.5;0.6
36;2021-02-05;302;164;12177;1386;5.6;0.6
36;2021-02-06;0;0;12177;1386;5.6;0.6
36;2021-02-07;1;0;12178;1386;5.6;0.6
36;2021-02-08;280;259;12458;1645;5.7;0.8
36;2021-02-09;327;609;12785;2254;5.9;1.0
36;2021-02-10;487;656;13272;2910;6.1;1.3
36;2021-02-11;385;600;13657;3510;6.3;1.6
36;2021-02-12;302;461;13959;3971;6.4;1.8
36;2021-02-13;126;83;14085;4054;6.5;1.9
36;2021-02-14;22;45;14107;4099;6.5;1.9
36;2021-02-15;42;576;14149;4675;6.5;2.2
36;2021-02-16;105;419;14254;5094;6.6;2.3
36;2021-02-17;117;626;14371;5720;6.6;2.6
36;2021-02-18;161;619;14532;6339;6.7;2.9
36;2021-02-19;181;541;14713;6880;6.8;3.2
36;2021-02-20;85;239;14798;7119;6.8;3.3
36;2021-02-21;87;157;14885;7276;6.9;3.4
36;2021-02-22;162;507;15047;7783;6.9;3.6
36;2021-02-23;62;575;15109;8358;7.0;3.8
36;2021-02-24;111;682;15220;9040;7.0;4.2
36;2021-02-25;251;283;15471;9323;7.1;4.3
36;2021-02-26;339;474;15810;9797;7.3;4.5
36;2021-02-27;72;277;15882;10074;7.3;4.6
36;2021-02-28;13;97;15895;10171;7.3;4.7
36;2021-03-01;218;342;16113;10513;7.4;4.8
36;2021-03-02;352;362;16465;10875;7.6;5.0
36;2021-03-03;393;531;16858;11406;7.8;5.3
36;2021-03-04;662;356;17520;11762;8.1;5.4
36;2021-03-05;799;295;18319;12057;8.4;5.6
36;2021-03-06;410;16;18729;12073;8.6;5.6
36;2021-03-07;340;7;19069;12080;8.8;5.6
36;2021-03-08;251;315;19320;12395;8.9;5.7
36;2021-03-09;446;268;19766;12663;9.1;5.8
36;2021-03-10;723;409;20489;13072;9.4;6.0
36;2021-03-11;837;242;21326;13314;9.8;6.1
36;2021-03-12;1445;292;22771;13606;10.5;6.3
36;2021-03-13;574;125;23345;13731;10.8;6.3
36;2021-03-14;113;0;23458;13731;10.8;6.3
36;2021-03-15;648;157;24106;13888;11.1;6.4
36;2021-03-16;447;65;24553;13953;11.3;6.4
36;2021-03-17;764;88;25317;14041;11.7;6.5
36;2021-03-18;414;71;25731;14112;11.9;6.5
36;2021-03-19;738;39;26469;14151;12.2;6.5
36;2021-03-20;451;27;26920;14178;12.4;6.5
36;2021-03-21;0;0;26920;14178;12.4;6.5
36;2021-03-22;496;58;27416;14236;12.6;6.6
36;2021-03-23;777;57;28193;14293;13.0;6.6
36;2021-03-24;1088;74;29281;14367;13.5;6.6
36;2021-03-25;1334;89;30615;14456;14.1;6.7
36;2021-03-26;1419;154;32034;14610;14.8;6.7
36;2021-03-27;475;42;32509;14652;15.0;6.7
36;2021-03-28;68;57;32577;14709;15.0;6.8
36;2021-03-29;461;183;33038;14892;15.2;6.9
36;2021-03-30;582;264;33620;15156;15.5;7.0
36;2021-03-31;1262;168;34882;15324;16.1;7.1
36;2021-04-01;1084;428;35966;15752;16.6;7.3
36;2021-04-02;965;136;36931;15888;17.0;7.3
36;2021-04-03;282;176;37213;16064;17.1;7.4
36;2021-04-04;42;2;37255;16066;17.2;7.4
36;2021-04-05;15;46;37270;16112;17.2;7.4
36;2021-04-06;821;362;38091;16474;17.5;7.6
36;2021-04-07;1073;537;39164;17011;18.0;7.8
36;2021-04-08;1347;478;40511;17489;18.7;8.1
36;2021-04-09;1938;401;42449;17890;19.5;8.2
36;2021-04-10;591;240;43040;18130;19.8;8.3
36;2021-04-11;256;91;43296;18221;19.9;8.4
36;2021-04-12;849;561;44145;18782;20.3;8.6
36;2021-04-13;1138;518;45283;19300;20.9;8.9
36;2021-04-14;1582;861;46865;20161;21.6;9.3
36;2021-04-15;1653;467;48518;20628;22.3;9.5
36;2021-04-16;1488;466;50006;21094;23.0;9.7
36;2021-04-17;893;247;50899;21341;23.4;9.8
36;2021-04-18;383;7;51282;21348;23.6;9.8
36;2021-04-19;874;441;52156;21789;24.0;10.0
36;2021-04-20;1145;520;53301;22309;24.5;10.3
36;2021-04-21;1240;875;54541;23184;25.1;10.7
36;2021-04-22;1593;870;56134;24054;25.9;11.1
36;2021-04-23;1327;618;57461;24672;26.5;11.4
36;2021-04-24;678;378;58139;25050;26.8;11.5
36;2021-04-25;413;95;58552;25145;27.0;11.6
36;2021-04-26;1134;448;59686;25593;27.5;11.8
36;2021-04-27;1280;553;60966;26146;28.1;12.0
36;2021-04-28;1489;1061;62455;27207;28.8;12.5
36;2021-04-29;2015;704;64470;27911;29.7;12.9
36;2021-04-30;1553;456;66023;28367;30.4;13.1
36;2021-05-01;724;64;66747;28431;30.7;13.1
36;2021-05-02;498;61;67245;28492;31.0;13.1
36;2021-05-03;1292;306;68537;28798;31.6;13.3
36;2021-05-04;780;807;69317;29605;31.9;13.6
36;2021-05-05;1281;1308;70598;30913;32.5;14.2
36;2021-05-06;2138;793;72736;31706;33.5;14.6
36;2021-05-07;1469;766;74205;32472;34.2;15.0
36;2021-05-08;306;104;74511;32576;34.3;15.0
36;2021-05-09;175;343;74686;32919;34.4;15.2
36;2021-05-10;1215;813;75901;33732;35.0;15.5
36;2021-05-11;1726;1242;77627;34974;35.7;16.1
36;2021-05-12;1825;1481;79452;36455;36.6;16.8
36;2021-05-13;548;306;80000;36761;36.8;16.9
36;2021-05-14;700;1039;80700;37800;37.2;17.4
36;2021-05-15;635;591;81335;38391;37.5;17.7
36;2021-05-16;337;377;81672;38768;37.6;17.9
36;2021-05-17;614;944;82286;39712;37.9;18.3
36;2021-05-18;874;938;83160;40650;38.3;18.7
36;2021-05-19;1332;843;84492;41493;38.9;19.1
36;2021-05-20;1611;1208;86103;42701;39.7;19.7
36;2021-05-21;1106;1069;87209;43770;40.2;20.2
36;2021-05-22;678;342;87887;44112;40.5;20.3
36;2021-05-23;426;295;88313;44407;40.7;20.5
36;2021-05-24;504;468;88817;44875;40.9;20.7
36;2021-05-25;1045;687;89862;45562;41.4;21.0
36;2021-05-26;1473;1166;91335;46728;42.1;21.5
36;2021-05-27;1398;976;92733;47704;42.7;22.0
36;2021-05-28;920;1480;93653;49184;43.1;22.7
36;2021-05-29;700;507;94353;49691;43.5;22.9
36;2021-05-30;111;574;94464;50265;43.5;23.1
36;2021-05-31;1137;762;95601;51027;44.0;23.5
36;2021-06-01;1410;825;97011;51852;44.7;23.9
36;2021-06-02;2058;613;99069;52465;45.6;24.2
36;2021-06-03;1898;1199;100967;53664;46.5;24.7
36;2021-06-04;1774;1046;102741;54710;47.3;25.2
36;2021-06-05;692;657;103433;55367;47.6;25.5
36;2021-06-06;336;272;103769;55639;47.8;25.6
36;2021-06-07;983;809;104752;56448;48.2;26.0
36;2021-06-08;958;980;105710;57428;48.7;26.4
36;2021-06-09;1672;1069;107382;58497;49.5;26.9
36;2021-06-10;1533;1376;108915;59873;50.2;27.6
36;2021-06-11;1288;1499;110203;61372;50.8;28.3
36;2021-06-12;919;782;111122;62154;51.2;28.6
36;2021-06-13;343;269;111465;62423;51.3;28.7
36;2021-06-14;606;1270;112071;63693;51.6;29.3
36;2021-06-15;731;1216;112802;64909;51.9;29.9
36;2021-06-16;900;1518;113702;66427;52.4;30.6
36;2021-06-17;750;1906;114452;68333;52.7;31.5
36;2021-06-18;705;1880;115157;70213;53.0;32.3
36;2021-06-19;294;395;115451;70608;53.2;32.5
36;2021-06-20;235;327;115686;70935;53.3;32.7
36;2021-06-21;684;1448;116370;72383;53.6;33.3
36;2021-06-22;840;1550;117210;73933;54.0;34.0
36;2021-06-23;772;1792;117982;75725;54.3;34.9
36;2021-06-24;852;1524;118834;77249;54.7;35.6
36;2021-06-25;940;1220;119774;78469;55.2;36.1
36;2021-06-26;322;602;120096;79071;55.3;36.4
36;2021-06-27;105;267;120201;79338;55.4;36.5
36;2021-06-28;698;929;120899;80267;55.7;37.0
36;2021-06-29;683;1458;121582;81725;56.0;37.6
36;2021-06-30;831;2154;122413;83879;56.4;38.6
36;2021-07-01;351;1086;122764;84965;56.5;39.1
36;2021-07-02;740;1847;123504;86812;56.9;40.0
36;2021-07-03;466;884;123970;87696;57.1;40.4
36;2021-07-04;184;326;124154;88022;57.2;40.5
36;2021-07-05;493;1333;124647;89355;57.4;41.2
36;2021-07-06;490;1221;125137;90576;57.6;41.7
36;2021-07-07;583;1795;125720;92371;57.9;42.5
36;2021-07-08;542;1704;126262;94075;58.1;43.3
36;2021-07-09;778;1655;127040;95730;58.5;44.1
36;2021-07-10;464;1119;127504;96849;58.7;44.6
36;2021-07-11;256;154;127760;97003;58.8;44.7
36;2021-07-12;326;1631;128086;98634;59.0;45.4
36;2021-07-13;307;1938;128393;100572;59.1;46.3
36;2021-07-14;375;763;128768;101335;59.3;46.7
36;2021-07-15;911;2168;129679;103503;59.7;47.7
36;2021-07-16;625;1880;130304;105383;60.0;48.5
36;2021-07-17;396;859;130700;106242;60.2;48.9
36;2021-07-18;194;407;130894;106649;60.3;49.1
36;2021-07-19;549;1458;131443;108107;60.5;49.8
36;2021-07-20;776;1406;132219;109513;60.9;50.4
36;2021-07-21;708;1980;132927;111493;61.2;51.3
36;2021-07-22;1135;1685;134062;113178;61.7;52.1
36;2021-07-23;964;1744;135026;114922;62.2;52.9
36;2021-07-24;607;804;135633;115726;62.5;53.3
36;2021-07-25;147;403;135780;116129;62.5;53.5
36;2021-07-26;944;1085;136724;117214;63.0;54.0
36;2021-07-27;805;1349;137529;118563;63.3;54.6
36;2021-07-28;1373;1394;138902;119957;64.0;55.2
36;2021-07-29;1706;1309;140608;121266;64.8;55.8
36;2021-07-30;1440;1310;142048;122576;65.4;56.5
36;2021-07-31;931;531;142979;123107;65.8;56.7
36;2021-08-01;204;240;143183;123347;65.9;56.8
36;2021-08-02;1095;880;144278;124227;66.4;57.2
37;2020-12-27;0;0;0;0;0.0;0.0
37;2020-12-28;17;0;17;0;0.0;0.0
37;2020-12-29;10;0;27;0;0.0;0.0
37;2020-12-30;0;0;27;0;0.0;0.0
37;2020-12-31;0;0;27;0;0.0;0.0
37;2021-01-01;0;0;27;0;0.0;0.0
37;2021-01-02;0;0;27;0;0.0;0.0
37;2021-01-03;0;0;27;0;0.0;0.0
37;2021-01-04;21;0;48;0;0.0;0.0
37;2021-01-05;47;0;95;0;0.0;0.0
37;2021-01-06;79;0;174;0;0.0;0.0
37;2021-01-07;115;0;289;0;0.0;0.0
37;2021-01-08;442;0;731;0;0.1;0.0
37;2021-01-09;79;0;810;0;0.1;0.0
37;2021-01-10;83;0;893;0;0.1;0.0
37;2021-01-11;280;0;1173;0;0.2;0.0
37;2021-01-12;659;4;1832;4;0.3;0.0
37;2021-01-13;560;1;2392;5;0.4;0.0
37;2021-01-14;521;3;2913;8;0.5;0.0
37;2021-01-15;627;1;3540;9;0.6;0.0
37;2021-01-16;303;2;3843;11;0.6;0.0
37;2021-01-17;262;1;4105;12;0.7;0.0
37;2021-01-18;733;8;4838;20;0.8;0.0
37;2021-01-19;1244;10;6082;30;1.0;0.0
37;2021-01-20;1038;3;7120;33;1.2;0.0
37;2021-01-21;854;0;7974;33;1.3;0.0
37;2021-01-22;767;2;8741;35;1.4;0.0
37;2021-01-23;173;0;8914;35;1.5;0.0
37;2021-01-24;0;0;8914;35;1.5;0.0
37;2021-01-25;537;13;9451;48;1.6;0.0
37;2021-01-26;1812;65;11263;113;1.9;0.0
37;2021-01-27;1520;76;12783;189;2.1;0.0
37;2021-01-28;1528;92;14311;281;2.4;0.0
37;2021-01-29;632;309;14943;590;2.5;0.1
37;2021-01-30;202;63;15145;653;2.5;0.1
37;2021-01-31;15;65;15160;718;2.5;0.1
37;2021-02-01;332;200;15492;918;2.6;0.2
37;2021-02-02;523;529;16015;1447;2.6;0.2
37;2021-02-03;661;354;16676;1801;2.8;0.3
37;2021-02-04;546;411;17222;2212;2.8;0.4
37;2021-02-05;465;444;17687;2656;2.9;0.4
37;2021-02-06;189;2;17876;2658;3.0;0.4
37;2021-02-07;20;1;17896;2659;3.0;0.4
37;2021-02-08;331;320;18227;2979;3.0;0.5
37;2021-02-09;625;722;18852;3701;3.1;0.6
37;2021-02-10;662;513;19514;4214;3.2;0.7
37;2021-02-11;611;561;20125;4775;3.3;0.8
37;2021-02-12;489;553;20614;5328;3.4;0.9
37;2021-02-13;154;207;20768;5535;3.4;0.9
37;2021-02-14;1;71;20769;5606;3.4;0.9
37;2021-02-15;425;482;21194;6088;3.5;1.0
37;2021-02-16;842;1448;22036;7536;3.6;1.2
37;2021-02-17;633;1377;22669;8913;3.7;1.5
37;2021-02-18;903;1415;23572;10328;3.9;1.7
37;2021-02-19;795;840;24367;11168;4.0;1.8
37;2021-02-20;245;212;24612;11380;4.1;1.9
37;2021-02-21;5;1;24617;11381;4.1;1.9
37;2021-02-22;336;584;24953;11965;4.1;2.0
37;2021-02-23;604;631;25557;12596;4.2;2.1
37;2021-02-24;571;620;26128;13216;4.3;2.2
37;2021-02-25;874;614;27002;13830;4.5;2.3
37;2021-02-26;1114;579;28116;14409;4.6;2.4
37;2021-02-27;584;187;28700;14596;4.7;2.4
37;2021-02-28;23;0;28723;14596;4.7;2.4
37;2021-03-01;603;362;29326;14958;4.8;2.5
37;2021-03-02;1090;541;30416;15499;5.0;2.6
37;2021-03-03;970;547;31386;16046;5.2;2.7
37;2021-03-04;1603;479;32989;16525;5.4;2.7
37;2021-03-05;2128;554;35117;17079;5.8;2.8
37;2021-03-06;1166;211;36283;17290;6.0;2.9
37;2021-03-07;471;65;36754;17355;6.1;2.9
37;2021-03-08;666;401;37420;17756;6.2;2.9
37;2021-03-09;1652;705;39072;18461;6.5;3.0
37;2021-03-10;1607;744;40679;19205;6.7;3.2
37;2021-03-11;2046;696;42725;19901;7.1;3.3
37;2021-03-12;3208;465;45933;20366;7.6;3.4
37;2021-03-13;1951;189;47884;20555;7.9;3.4
37;2021-03-14;206;4;48090;20559;7.9;3.4
37;2021-03-15;1069;248;49159;20807;8.1;3.4
37;2021-03-16;1048;529;50207;21336;8.3;3.5
37;2021-03-17;935;277;51142;21613;8.4;3.6
37;2021-03-18;1031;525;52173;22138;8.6;3.7
37;2021-03-19;2218;337;54391;22475;9.0;3.7
37;2021-03-20;1331;140;55722;22615;9.2;3.7
37;2021-03-21;202;4;55924;22619;9.2;3.7
37;2021-03-22;1287;243;57211;22862;9.5;3.8
37;2021-03-23;2254;565;59465;23427;9.8;3.9
37;2021-03-24;2244;459;61709;23886;10.2;3.9
37;2021-03-25;2982;444;64691;24330;10.7;4.0
37;2021-03-26;3524;400;68215;24730;11.3;4.1
37;2021-03-27;1172;127;69387;24857;11.5;4.1
37;2021-03-28;139;1;69526;24858;11.5;4.1
37;2021-03-29;1604;341;71130;25199;11.7;4.2
37;2021-03-30;2524;622;73654;25821;12.2;4.3
37;2021-03-31;2045;483;75699;26304;12.5;4.3
37;2021-04-01;2601;968;78300;27272;12.9;4.5
37;2021-04-02;2813;661;81113;27933;13.4;4.6
37;2021-04-03;817;220;81930;28153;13.5;4.7
37;2021-04-04;104;1;82034;28154;13.6;4.7
37;2021-04-05;3;0;82037;28154;13.6;4.7
37;2021-04-06;2235;778;84272;28932;13.9;4.8
37;2021-04-07;3167;852;87439;29784;14.4;4.9
37;2021-04-08;4038;963;91477;30747;15.1;5.1
37;2021-04-09;4542;937;96019;31684;15.9;5.2
37;2021-04-10;1328;429;97347;32113;16.1;5.3
37;2021-04-11;104;1;97451;32114;16.1;5.3
37;2021-04-12;2640;671;100091;32785;16.5;5.4
37;2021-04-13;4112;1150;104203;33935;17.2;5.6
37;2021-04-14;3043;893;107246;34828;17.7;5.8
37;2021-04-15;3757;1011;111003;35839;18.3;5.9
37;2021-04-16;4358;1212;115361;37051;19.1;6.1
37;2021-04-17;1147;217;116508;37268;19.2;6.2
37;2021-04-18;97;3;116605;37271;19.3;6.2
37;2021-04-19;2480;849;119085;38120;19.7;6.3
37;2021-04-20;3235;1331;122320;39451;20.2;6.5
37;2021-04-21;2930;1153;125250;40604;20.7;6.7
37;2021-04-22;3455;1399;128705;42003;21.3;6.9
37;2021-04-23;3689;1805;132394;43808;21.9;7.2
37;2021-04-24;1006;387;133400;44195;22.0;7.3
37;2021-04-25;45;2;133445;44197;22.0;7.3
37;2021-04-26;2969;1347;136414;45544;22.5;7.5
37;2021-04-27;4183;1806;140597;47350;23.2;7.8
37;2021-04-28;3460;1940;144057;49290;23.8;8.1
37;2021-04-29;4584;2014;148641;51304;24.6;8.5
37;2021-04-30;5055;1983;153696;53287;25.4;8.8
37;2021-05-01;639;210;154335;53497;25.5;8.8
37;2021-05-02;104;15;154439;53512;25.5;8.8
37;2021-05-03;2670;1952;157109;55464;26.0;9.2
37;2021-05-04;3735;2703;160844;58167;26.6;9.6
37;2021-05-05;3498;2076;164342;60243;27.1;10.0
37;2021-05-06;4997;1945;169339;62188;28.0;10.3
37;2021-05-07;4686;2884;174025;65072;28.7;10.7
37;2021-05-08;536;312;174561;65384;28.8;10.8
37;2021-05-09;63;41;174624;65425;28.8;10.8
37;2021-05-10;2160;3490;176784;68915;29.2;11.4
37;2021-05-11;3866;3880;180650;72795;29.8;12.0
37;2021-05-12;4036;2542;184686;75337;30.5;12.4
37;2021-05-13;1137;517;185823;75854;30.7;12.5
37;2021-05-14;4045;2679;189868;78533;31.4;13.0
37;2021-05-15;2322;743;192190;79276;31.7;13.1
37;2021-05-16;22;71;192212;79347;31.8;13.1
37;2021-05-17;2765;2056;194977;81403;32.2;13.4
37;2021-05-18;3874;2359;198851;83762;32.8;13.8
37;2021-05-19;3494;1806;202345;85568;33.4;14.1
37;2021-05-20;4751;1775;207096;87343;34.2;14.4
37;2021-05-21;4526;2566;211622;89909;35.0;14.9
37;2021-05-22;1077;752;212699;90661;35.1;15.0
37;2021-05-23;73;89;212772;90750;35.1;15.0
37;2021-05-24;513;106;213285;90856;35.2;15.0
37;2021-05-25;5122;2177;218407;93033;36.1;15.4
37;2021-05-26;4929;2095;223336;95128;36.9;15.7
37;2021-05-27;5987;2371;229323;97499;37.9;16.1
37;2021-05-28;6023;3261;235346;100760;38.9;16.6
37;2021-05-29;1518;1167;236864;101927;39.1;16.8
37;2021-05-30;55;160;236919;102087;39.1;16.9
37;2021-05-31;3648;2528;240567;104615;39.7;17.3
37;2021-06-01;5843;3622;246410;108237;40.7;17.9
37;2021-06-02;5077;2453;251487;110690;41.5;18.3
37;2021-06-03;6086;2884;257573;113574;42.5;18.8
37;2021-06-04;5508;4204;263081;117778;43.5;19.5
37;2021-06-05;1855;1304;264936;119082;43.8;19.7
37;2021-06-06;49;196;264985;119278;43.8;19.7
37;2021-06-07;3019;4165;268004;123443;44.3;20.4
37;2021-06-08;4198;4656;272202;128099;45.0;21.2
37;2021-06-09;3884;3569;276086;131668;45.6;21.7
37;2021-06-10;5264;3617;281350;135285;46.5;22.3
37;2021-06-11;4976;4838;286326;140123;47.3;23.1
37;2021-06-12;3553;1348;289879;141471;47.9;23.4
37;2021-06-13;15;164;289894;141635;47.9;23.4
37;2021-06-14;2668;4042;292562;145677;48.3;24.1
37;2021-06-15;3897;4782;296459;150459;49.0;24.9
37;2021-06-16;3254;3598;299713;154057;49.5;25.4
37;2021-06-17;4003;4494;303716;158551;50.2;26.2
37;2021-06-18;4704;5068;308420;163619;50.9;27.0
37;2021-06-19;2515;1101;310935;164720;51.4;27.2
37;2021-06-20;8;183;310943;164903;51.4;27.2
37;2021-06-21;2418;3827;313361;168730;51.8;27.9
37;2021-06-22;2962;5007;316323;173737;52.3;28.7
37;2021-06-23;2614;3644;318937;177381;52.7;29.3
37;2021-06-24;2856;3544;321793;180925;53.2;29.9
37;2021-06-25;3296;4876;325089;185801;53.7;30.7
37;2021-06-26;1235;3085;326324;188886;53.9;31.2
37;2021-06-27;23;142;326347;189028;53.9;31.2
37;2021-06-28;1701;4512;328048;193540;54.2;32.0
37;2021-06-29;1892;6221;329940;199761;54.5;33.0
37;2021-06-30;1851;4436;331791;204197;54.8;33.7
37;2021-07-01;2096;4794;333887;208991;55.2;34.5
37;2021-07-02;2674;5595;336561;214586;55.6;35.4
37;2021-07-03;943;2138;337504;216724;55.8;35.8
37;2021-07-04;4;104;337508;216828;55.8;35.8
37;2021-07-05;1701;5147;339209;221975;56.0;36.7
37;2021-07-06;1992;6767;341201;228742;56.4;37.8
37;2021-07-07;1943;5469;343144;234211;56.7;38.7
37;2021-07-08;2450;6667;345594;240878;57.1;39.8
37;2021-07-09;1974;7643;347568;248521;57.4;41.1
37;2021-07-10;1012;2618;348580;251139;57.6;41.5
37;2021-07-11;25;96;348605;251235;57.6;41.5
37;2021-07-12;1120;5985;349725;257220;57.8;42.5
37;2021-07-13;1604;7828;351329;265048;58.0;43.8
37;2021-07-14;522;407;351851;265455;58.1;43.8
37;2021-07-15;2601;7490;354452;272945;58.6;45.1
37;2021-07-16;2753;7804;357205;280749;59.0;46.4
37;2021-07-17;1199;2444;358404;283193;59.2;46.8
37;2021-07-18;50;53;358454;283246;59.2;46.8
37;2021-07-19;1640;6129;360094;289375;59.5;47.8
37;2021-07-20;2900;7065;362994;296440;60.0;49.0
37;2021-07-21;2968;5777;365962;302217;60.5;49.9
37;2021-07-22;4027;6532;369989;308749;61.1;51.0
37;2021-07-23;3794;7100;373783;315849;61.7;52.2
37;2021-07-24;1771;3303;375554;319152;62.0;52.7
37;2021-07-25;65;77;375619;319229;62.0;52.7
37;2021-07-26;3227;4309;378846;323538;62.6;53.4
37;2021-07-27;4399;4936;383245;328474;63.3;54.3
37;2021-07-28;4093;3631;387338;332105;64.0;54.9
37;2021-07-29;5050;4158;392388;336263;64.8;55.5
37;2021-07-30;5198;4885;397586;341148;65.7;56.4
37;2021-07-31;1902;1833;399488;342981;66.0;56.7
37;2021-08-01;27;51;399515;343032;66.0;56.7
37;2021-08-02;3204;3236;402719;346268;66.5;57.2
38;2020-12-27;1;0;1;0;0.0;0.0
38;2020-12-28;0;0;1;0;0.0;0.0
38;2020-12-29;0;0;1;0;0.0;0.0
38;2020-12-30;0;0;1;0;0.0;0.0
38;2020-12-31;5;0;6;0;0.0;0.0
38;2021-01-01;1;0;7;0;0.0;0.0
38;2021-01-02;0;0;7;0;0.0;0.0
38;2021-01-03;2;0;9;0;0.0;0.0
38;2021-01-04;162;0;171;0;0.0;0.0
38;2021-01-05;257;1;428;1;0.0;0.0
38;2021-01-06;364;0;792;1;0.1;0.0
38;2021-01-07;636;1;1428;2;0.1;0.0
38;2021-01-08;695;0;2123;2;0.2;0.0
38;2021-01-09;30;0;2153;2;0.2;0.0
38;2021-01-10;0;0;2153;2;0.2;0.0
38;2021-01-11;798;2;2951;4;0.2;0.0
38;2021-01-12;1468;2;4419;6;0.3;0.0
38;2021-01-13;1081;4;5500;10;0.4;0.0
38;2021-01-14;1677;15;7177;25;0.6;0.0
38;2021-01-15;1672;6;8849;31;0.7;0.0
38;2021-01-16;306;2;9155;33;0.7;0.0
38;2021-01-17;3;0;9158;33;0.7;0.0
38;2021-01-18;1175;4;10333;37;0.8;0.0
38;2021-01-19;2237;5;12570;42;1.0;0.0
38;2021-01-20;1877;3;14447;45;1.1;0.0
38;2021-01-21;1621;6;16068;51;1.3;0.0
38;2021-01-22;1398;7;17466;58;1.4;0.0
38;2021-01-23;379;3;17845;61;1.4;0.0
38;2021-01-24;1;0;17846;61;1.4;0.0
38;2021-01-25;788;108;18634;169;1.5;0.0
38;2021-01-26;854;184;19488;353;1.5;0.0
38;2021-01-27;1088;278;20576;631;1.6;0.0
38;2021-01-28;1155;478;21731;1109;1.7;0.1
38;2021-01-29;947;379;22678;1488;1.8;0.1
38;2021-01-30;304;1;22982;1489;1.8;0.1
38;2021-01-31;0;0;22982;1489;1.8;0.1
38;2021-02-01;703;598;23685;2087;1.9;0.2
38;2021-02-02;967;964;24652;3051;1.9;0.2
38;2021-02-03;1230;694;25882;3745;2.0;0.3
38;2021-02-04;1278;973;27160;4718;2.1;0.4
38;2021-02-05;1399;846;28559;5564;2.3;0.4
38;2021-02-06;187;95;28746;5659;2.3;0.4
38;2021-02-07;3;48;28749;5707;2.3;0.5
38;2021-02-08;859;798;29608;6505;2.3;0.5
38;2021-02-09;1539;1312;31147;7817;2.5;0.6
38;2021-02-10;1578;1285;32725;9102;2.6;0.7
38;2021-02-11;1869;1159;34594;10261;2.7;0.8
38;2021-02-12;1509;1126;36103;11387;2.9;0.9
38;2021-02-13;467;190;36570;11577;2.9;0.9
38;2021-02-14;1;7;36571;11584;2.9;0.9
38;2021-02-15;974;944;37545;12528;3.0;1.0
38;2021-02-16;1380;982;38925;13510;3.1;1.1
38;2021-02-17;1371;1069;40296;14579;3.2;1.2
38;2021-02-18;1782;1069;42078;15648;3.3;1.2
38;2021-02-19;1255;869;43333;16517;3.4;1.3
38;2021-02-20;469;314;43802;16831;3.5;1.3
38;2021-02-21;0;0;43802;16831;3.5;1.3
38;2021-02-22;1074;907;44876;17738;3.5;1.4
38;2021-02-23;1539;949;46415;18687;3.7;1.5
38;2021-02-24;1729;1131;48144;19818;3.8;1.6
38;2021-02-25;2495;1049;50639;20867;4.0;1.6
38;2021-02-26;3304;976;53943;21843;4.3;1.7
38;2021-02-27;1510;428;55453;22271;4.4;1.8
38;2021-02-28;33;2;55486;22273;4.4;1.8
38;2021-03-01;2494;775;57980;23048;4.6;1.8
38;2021-03-02;4047;1052;62027;24100;4.9;1.9
38;2021-03-03;3357;1230;65384;25330;5.2;2.0
38;2021-03-04;4478;1371;69862;26701;5.5;2.1
38;2021-03-05;5229;1197;75091;27898;5.9;2.2
38;2021-03-06;3040;257;78131;28155;6.2;2.2
38;2021-03-07;113;1;78244;28156;6.2;2.2
38;2021-03-08;2441;908;80685;29064;6.4;2.3
38;2021-03-09;4024;1307;84709;30371;6.7;2.4
38;2021-03-10;3501;1075;88210;31446;7.0;2.5
38;2021-03-11;5139;1517;93349;32963;7.4;2.6
38;2021-03-12;7085;1155;100434;34118;7.9;2.7
38;2021-03-13;3770;203;104204;34321;8.2;2.7
38;2021-03-14;544;12;104748;34333;8.3;2.7
38;2021-03-15;2700;1006;107448;35339;8.5;2.8
38;2021-03-16;2083;1371;109531;36710;8.7;2.9
38;2021-03-17;2025;1205;111556;37915;8.8;3.0
38;2021-03-18;2636;1363;114192;39278;9.0;3.1
38;2021-03-19;4005;1056;118197;40334;9.3;3.2
38;2021-03-20;1823;239;120020;40573;9.5;3.2
38;2021-03-21;130;8;120150;40581;9.5;3.2
38;2021-03-22;2863;1004;123013;41585;9.7;3.3
38;2021-03-23;4776;1496;127789;43081;10.1;3.4
38;2021-03-24;3708;1575;131497;44656;10.4;3.5
38;2021-03-25;5789;1534;137286;46190;10.9;3.7
38;2021-03-26;6598;1746;143884;47936;11.4;3.8
38;2021-03-27;2510;752;146394;48688;11.6;3.8
38;2021-03-28;926;41;147320;48729;11.6;3.9
38;2021-03-29;2672;1852;149992;50581;11.9;4.0
38;2021-03-30;4563;2546;154555;53127;12.2;4.2
38;2021-03-31;3659;2227;158214;55354;12.5;4.4
38;2021-04-01;5127;2502;163341;57856;12.9;4.6
38;2021-04-02;3867;2524;167208;60380;13.2;4.8
38;2021-04-03;1417;940;168625;61320;13.3;4.8
38;2021-04-04;429;46;169054;61366;13.4;4.9
38;2021-04-05;2171;334;171225;61700;13.5;4.9
38;2021-04-06;4347;2395;175572;64095;13.9;5.1
38;2021-04-07;4414;2731;179986;66826;14.2;5.3
38;2021-04-08;5644;2661;185630;69487;14.7;5.5
38;2021-04-09;8554;2717;194184;72204;15.4;5.7
38;2021-04-10;3597;1468;197781;73672;15.6;5.8
38;2021-04-11;1046;99;198827;73771;15.7;5.8
38;2021-04-12;4193;2254;203020;76025;16.0;6.0
38;2021-04-13;6120;2466;209140;78491;16.5;6.2
38;2021-04-14;5111;2456;214251;80947;16.9;6.4
38;2021-04-15;6360;2749;220611;83696;17.4;6.6
38;2021-04-16;6215;2724;226826;86420;17.9;6.8
38;2021-04-17;2587;988;229413;87408;18.1;6.9
38;2021-04-18;1333;72;230746;87480;18.2;6.9
38;2021-04-19;3944;2812;234690;90292;18.6;7.1
38;2021-04-20;5418;2835;240108;93127;19.0;7.4
38;2021-04-21;4979;2682;245087;95809;19.4;7.6
38;2021-04-22;5776;2813;250863;98622;19.8;7.8
38;2021-04-23;6028;2789;256891;101411;20.3;8.0
38;2021-04-24;2662;1342;259553;102753;20.5;8.1
38;2021-04-25;804;592;260357;103345;20.6;8.2
38;2021-04-26;4481;2456;264838;105801;20.9;8.4
38;2021-04-27;6041;2709;270879;108510;21.4;8.6
38;2021-04-28;6191;2489;277070;110999;21.9;8.8
38;2021-04-29;8327;3044;285397;114043;22.6;9.0
38;2021-04-30;7672;4037;293069;118080;23.2;9.3
38;2021-05-01;1540;197;294609;118277;23.3;9.4
38;2021-05-02;842;71;295451;118348;23.4;9.4
38;2021-05-03;5294;3571;300745;121919;23.8;9.6
38;2021-05-04;6185;5051;306930;126970;24.3;10.0
38;2021-05-05;6061;4581;312991;131551;24.7;10.4
38;2021-05-06;6710;5282;319701;136833;25.3;10.8
38;2021-05-07;7269;6426;326970;143259;25.8;11.3
38;2021-05-08;3733;710;330703;143969;26.1;11.4
38;2021-05-09;2848;1928;333551;145897;26.4;11.5
38;2021-05-10;6150;5276;339701;151173;26.9;12.0
38;2021-05-11;8219;5998;347920;157171;27.5;12.4
38;2021-05-12;9046;4675;356966;161846;28.2;12.8
38;2021-05-13;6634;1409;363600;163255;28.7;12.9
38;2021-05-14;9559;3408;373159;166663;29.5;13.2
38;2021-05-15;6851;1453;380010;168116;30.0;13.3
38;2021-05-16;5474;652;385484;168768;30.5;13.3
38;2021-05-17;7666;2976;393150;171744;31.1;13.6
38;2021-05-18;8620;4008;401770;175752;31.8;13.9
38;2021-05-19;8149;3337;409919;179089;32.4;14.2
38;2021-05-20;8973;4479;418892;183568;33.1;14.5
38;2021-05-21;9951;4586;428843;188154;33.9;14.9
38;2021-05-22;7449;1903;436292;190057;34.5;15.0
38;2021-05-23;5583;577;441875;190634;34.9;15.1
38;2021-05-24;7495;1615;449370;192249;35.5;15.2
38;2021-05-25;9541;4838;458911;197087;36.3;15.6
38;2021-05-26;8108;4712;467019;201799;36.9;16.0
38;2021-05-27;9126;5634;476145;207433;37.6;16.4
38;2021-05-28;8783;6478;484928;213911;38.3;16.9
38;2021-05-29;5816;3258;490744;217169;38.8;17.2
38;2021-05-30;2691;1594;493435;218763;39.0;17.3
38;2021-05-31;8269;5115;501704;223878;39.7;17.7
38;2021-06-01;7957;6411;509661;230289;40.3;18.2
38;2021-06-02;7136;5608;516797;235897;40.9;18.6
38;2021-06-03;7393;6820;524190;242717;41.4;19.2
38;2021-06-04;8116;7603;532306;250320;42.1;19.8
38;2021-06-05;5795;3941;538101;254261;42.5;20.1
38;2021-06-06;2505;1460;540606;255721;42.7;20.2
38;2021-06-07;5554;6852;546160;262573;43.2;20.8
38;2021-06-08;5874;7527;552034;270100;43.6;21.4
38;2021-06-09;5045;6463;557079;276563;44.0;21.9
38;2021-06-10;5423;6783;562502;283346;44.5;22.4
38;2021-06-11;5881;7783;568383;291129;44.9;23.0
38;2021-06-12;3949;3257;572332;294386;45.2;23.3
38;2021-06-13;1254;1301;573586;295687;45.3;23.4
38;2021-06-14;3871;7666;577457;303353;45.6;24.0
38;2021-06-15;5240;8145;582697;311498;46.1;24.6
38;2021-06-16;5126;7396;587823;318894;46.5;25.2
38;2021-06-17;4516;7060;592339;325954;46.8;25.8
38;2021-06-18;6040;9213;598379;335167;47.3;26.5
38;2021-06-19;3598;4961;601977;340128;47.6;26.9
38;2021-06-20;1040;2901;603017;343029;47.7;27.1
38;2021-06-21;3747;8695;606764;351724;48.0;27.8
38;2021-06-22;3786;10094;610550;361818;48.3;28.6
38;2021-06-23;3148;9555;613698;371373;48.5;29.4
38;2021-06-24;3371;8588;617069;379961;48.8;30.0
38;2021-06-25;3768;11487;620837;391448;49.1;30.9
38;2021-06-26;2226;7855;623063;399303;49.3;31.6
38;2021-06-27;1096;4355;624159;403658;49.3;31.9
38;2021-06-28;2945;10302;627104;413960;49.6;32.7
38;2021-06-29;3772;10434;630876;424394;49.9;33.5
38;2021-06-30;4046;9935;634922;434329;50.2;34.3
38;2021-07-01;3474;9007;638396;443336;50.5;35.0
38;2021-07-02;3600;11607;641996;454943;50.8;36.0
38;2021-07-03;1704;8787;643700;463730;50.9;36.7
38;2021-07-04;1240;3202;644940;466932;51.0;36.9
38;2021-07-05;2758;10540;647698;477472;51.2;37.7
38;2021-07-06;3405;10240;651103;487712;51.5;38.6
38;2021-07-07;3315;9402;654418;497114;51.7;39.3
38;2021-07-08;3469;8226;657887;505340;52.0;39.9
38;2021-07-09;3537;10741;661424;516081;52.3;40.8
38;2021-07-10;2353;7788;663777;523869;52.5;41.4
38;2021-07-11;772;2022;664549;525891;52.5;41.6
38;2021-07-12;3365;10664;667914;536555;52.8;42.4
38;2021-07-13;6484;10916;674398;547471;53.3;43.3
38;2021-07-14;4557;3329;678955;550800;53.7;43.5
38;2021-07-15;8589;9656;687544;560456;54.4;44.3
38;2021-07-16;8670;10689;696214;571145;55.0;45.2
38;2021-07-17;4652;7467;700866;578612;55.4;45.7
38;2021-07-18;2554;2484;703420;581096;55.6;45.9
38;2021-07-19;5768;9203;709188;590299;56.1;46.7
38;2021-07-20;6180;8288;715368;598587;56.6;47.3
38;2021-07-21;7802;8015;723170;606602;57.2;48.0
38;2021-07-22;7517;6971;730687;613573;57.8;48.5
38;2021-07-23;8859;8998;739546;622571;58.5;49.2
38;2021-07-24;5525;5516;745071;628087;58.9;49.7
38;2021-07-25;2810;1644;747881;629731;59.1;49.8
38;2021-07-26;7762;7474;755643;637205;59.7;50.4
38;2021-07-27;7495;6234;763138;643439;60.3;50.9
38;2021-07-28;8485;5663;771623;649102;61.0;51.3
38;2021-07-29;7585;4645;779208;653747;61.6;51.7
38;2021-07-30;7646;6600;786854;660347;62.2;52.2
38;2021-07-31;4243;3558;791097;663905;62.5;52.5
38;2021-08-01;1245;1076;792342;664981;62.6;52.6
38;2021-08-02;3857;4416;796199;669397;62.9;52.9
39;2020-12-27;0;0;0;0;0.0;0.0
39;2020-12-28;0;0;0;0;0.0;0.0
39;2020-12-29;0;0;0;0;0.0;0.0
39;2020-12-30;0;0;0;0;0.0;0.0
39;2020-12-31;0;0;0;0;0.0;0.0
39;2021-01-01;0;0;0;0;0.0;0.0
39;2021-01-02;0;0;0;0;0.0;0.0
39;2021-01-03;0;0;0;0;0.0;0.0
39;2021-01-04;3;0;3;0;0.0;0.0
39;2021-01-05;3;0;6;0;0.0;0.0
39;2021-01-06;56;0;62;0;0.0;0.0
39;2021-01-07;331;2;393;2;0.2;0.0
39;2021-01-08;655;1;1048;3;0.4;0.0
39;2021-01-09;169;0;1217;3;0.5;0.0
39;2021-01-10;1;0;1218;3;0.5;0.0
39;2021-01-11;476;1;1694;4;0.7;0.0
39;2021-01-12;431;1;2125;5;0.8;0.0
39;2021-01-13;408;2;2533;7;1.0;0.0
39;2021-01-14;573;3;3106;10;1.2;0.0
39;2021-01-15;470;1;3576;11;1.4;0.0
39;2021-01-16;141;1;3717;12;1.4;0.0
39;2021-01-17;0;1;3717;13;1.4;0.0
39;2021-01-18;924;7;4641;20;1.8;0.0
39;2021-01-19;1181;6;5822;26;2.3;0.0
39;2021-01-20;905;4;6727;30;2.6;0.0
39;2021-01-21;1177;2;7904;32;3.1;0.0
39;2021-01-22;985;1;8889;33;3.4;0.0
39;2021-01-23;382;1;9271;34;3.6;0.0
39;2021-01-24;0;0;9271;34;3.6;0.0
39;2021-01-25;642;2;9913;36;3.8;0.0
39;2021-01-26;1120;12;11033;48;4.3;0.0
39;2021-01-27;925;17;11958;65;4.6;0.0
39;2021-01-28;741;244;12699;309;4.9;0.1
39;2021-01-29;582;422;13281;731;5.2;0.3
39;2021-01-30;265;109;13546;840;5.3;0.3
39;2021-01-31;1;0;13547;840;5.3;0.3
39;2021-02-01;562;262;14109;1102;5.5;0.4
39;2021-02-02;753;322;14862;1424;5.8;0.6
39;2021-02-03;531;516;15393;1940;6.0;0.8
39;2021-02-04;553;462;15946;2402;6.2;0.9
39;2021-02-05;438;431;16384;2833;6.4;1.1
39;2021-02-06;265;110;16649;2943;6.5;1.1
39;2021-02-07;0;1;16649;2944;6.5;1.1
39;2021-02-08;321;372;16970;3316;6.6;1.3
39;2021-02-09;383;485;17353;3801;6.7;1.5
39;2021-02-10;250;338;17603;4139;6.8;1.6
39;2021-02-11;586;510;18189;4649;7.1;1.8
39;2021-02-12;386;417;18575;5066;7.2;2.0
39;2021-02-13;99;69;18674;5135;7.2;2.0
39;2021-02-14;0;0;18674;5135;7.2;2.0
39;2021-02-15;99;759;18773;5894;7.3;2.3
39;2021-02-16;99;912;18872;6806;7.3;2.6
39;2021-02-17;58;695;18930;7501;7.3;2.9
39;2021-02-18;109;858;19039;8359;7.4;3.2
39;2021-02-19;100;487;19139;8846;7.4;3.4
39;2021-02-20;18;364;19157;9210;7.4;3.6
39;2021-02-21;0;0;19157;9210;7.4;3.6
39;2021-02-22;100;730;19257;9940;7.5;3.9
39;2021-02-23;4;764;19261;10704;7.5;4.2
39;2021-02-24;125;872;19386;11576;7.5;4.5
39;2021-02-25;212;751;19598;12327;7.6;4.8
39;2021-02-26;218;468;19816;12795;7.7;5.0
39;2021-02-27;169;298;19985;13093;7.8;5.1
39;2021-02-28;1;0;19986;13093;7.8;5.1
39;2021-03-01;218;639;20204;13732;7.8;5.3
39;2021-03-02;328;826;20532;14558;8.0;5.6
39;2021-03-03;600;523;21132;15081;8.2;5.8
39;2021-03-04;657;474;21789;15555;8.5;6.0
39;2021-03-05;670;328;22459;15883;8.7;6.2
39;2021-03-06;777;244;23236;16127;9.0;6.3
39;2021-03-07;242;81;23478;16208;9.1;6.3
39;2021-03-08;286;441;23764;16649;9.2;6.5
39;2021-03-09;843;456;24607;17105;9.5;6.6
39;2021-03-10;985;334;25592;17439;9.9;6.8
39;2021-03-11;828;460;26420;17899;10.2;6.9
39;2021-03-12;806;288;27226;18187;10.6;7.1
39;2021-03-13;788;102;28014;18289;10.9;7.1
39;2021-03-14;35;10;28049;18299;10.9;7.1
39;2021-03-15;512;92;28561;18391;11.1;7.1
39;2021-03-16;555;64;29116;18455;11.3;7.2
39;2021-03-17;612;54;29728;18509;11.5;7.2
39;2021-03-18;595;67;30323;18576;11.8;7.2
39;2021-03-19;393;71;30716;18647;11.9;7.2
39;2021-03-20;311;9;31027;18656;12.0;7.2
39;2021-03-21;3;0;31030;18656;12.0;7.2
39;2021-03-22;754;114;31784;18770;12.3;7.3
39;2021-03-23;1130;40;32914;18810;12.8;7.3
39;2021-03-24;1178;91;34092;18901;13.2;7.3
39;2021-03-25;2041;120;36133;19021;14.0;7.4
39;2021-03-26;797;110;36930;19131;14.3;7.4
39;2021-03-27;345;4;37275;19135;14.5;7.4
39;2021-03-28;36;4;37311;19139;14.5;7.4
39;2021-03-29;1037;190;38348;19329;14.9;7.5
39;2021-03-30;1399;263;39747;19592;15.4;7.6
39;2021-03-31;658;518;40405;20110;15.7;7.8
39;2021-04-01;1309;306;41714;20416;16.2;7.9
39;2021-04-02;626;131;42340;20547;16.4;8.0
39;2021-04-03;180;7;42520;20554;16.5;8.0
39;2021-04-04;4;1;42524;20555;16.5;8.0
39;2021-04-05;1;0;42525;20555;16.5;8.0
39;2021-04-06;824;631;43349;21186;16.8;8.2
39;2021-04-07;1129;676;44478;21862;17.2;8.5
39;2021-04-08;1790;567;46268;22429;17.9;8.7
39;2021-04-09;1676;285;47944;22714;18.6;8.8
39;2021-04-10;345;182;48289;22896;18.7;8.9
39;2021-04-11;2;0;48291;22896;18.7;8.9
39;2021-04-12;679;393;48970;23289;19.0;9.0
39;2021-04-13;1201;579;50171;23868;19.5;9.3
39;2021-04-14;845;636;51016;24504;19.8;9.5
39;2021-04-15;1481;709;52497;25213;20.4;9.8
39;2021-04-16;1090;171;53587;25384;20.8;9.8
39;2021-04-17;196;58;53783;25442;20.9;9.9
39;2021-04-18;0;0;53783;25442;20.9;9.9
39;2021-04-19;524;699;54307;26141;21.1;10.1
39;2021-04-20;765;541;55072;26682;21.4;10.3
39;2021-04-21;1142;717;56214;27399;21.8;10.6
39;2021-04-22;1012;1131;57226;28530;22.2;11.1
39;2021-04-23;457;358;57683;28888;22.4;11.2
39;2021-04-24;275;149;57958;29037;22.5;11.3
39;2021-04-25;12;2;57970;29039;22.5;11.3
39;2021-04-26;569;1034;58539;30073;22.7;11.7
39;2021-04-27;788;981;59327;31054;23.0;12.0
39;2021-04-28;1719;417;61046;31471;23.7;12.2
39;2021-04-29;2571;965;63617;32436;24.7;12.6
39;2021-04-30;2474;385;66091;32821;25.6;12.7
39;2021-05-01;41;53;66132;32874;25.6;12.7
39;2021-05-02;0;0;66132;32874;25.6;12.7
39;2021-05-03;917;805;67049;33679;26.0;13.1
39;2021-05-04;949;1127;67998;34806;26.4;13.5
39;2021-05-05;1952;886;69950;35692;27.1;13.8
39;2021-05-06;2425;1336;72375;37028;28.1;14.4
39;2021-05-07;1286;571;73661;37599;28.6;14.6
39;2021-05-08;179;55;73840;37654;28.6;14.6
39;2021-05-09;10;8;73850;37662;28.6;14.6
39;2021-05-10;1762;845;75612;38507;29.3;14.9
39;2021-05-11;1773;1511;77385;40018;30.0;15.5
39;2021-05-12;1800;1486;79185;41504;30.7;16.1
39;2021-05-13;246;23;79431;41527;30.8;16.1
39;2021-05-14;2392;327;81823;41854;31.7;16.2
39;2021-05-15;1848;257;83671;42111;32.4;16.3
39;2021-05-16;0;0;83671;42111;32.4;16.3
39;2021-05-17;1989;723;85660;42834;33.2;16.6
39;2021-05-18;1691;1182;87351;44016;33.9;17.1
39;2021-05-19;2496;555;89847;44571;34.8;17.3
39;2021-05-20;2467;753;92314;45324;35.8;17.6
39;2021-05-21;1798;561;94112;45885;36.5;17.8
39;2021-05-22;322;220;94434;46105;36.6;17.9
39;2021-05-23;7;36;94441;46141;36.6;17.9
39;2021-05-24;8;28;94449;46169;36.6;17.9
39;2021-05-25;1726;1198;96175;47367;37.3;18.4
39;2021-05-26;1642;1375;97817;48742;37.9;18.9
39;2021-05-27;1487;1621;99304;50363;38.5;19.5
39;2021-05-28;856;1216;100160;51579;38.8;20.0
39;2021-05-29;261;273;100421;51852;38.9;20.1
39;2021-05-30;2;40;100423;51892;38.9;20.1
39;2021-05-31;1626;1246;102049;53138;39.6;20.6
39;2021-06-01;1894;1318;103943;54456;40.3;21.1
39;2021-06-02;1702;1176;105645;55632;41.0;21.6
39;2021-06-03;1326;1159;106971;56791;41.5;22.0
39;2021-06-04;942;1069;107913;57860;41.9;22.4
39;2021-06-05;766;516;108679;58376;42.1;22.6
39;2021-06-06;1;36;108680;58412;42.1;22.7
39;2021-06-07;2105;913;110785;59325;43.0;23.0
39;2021-06-08;2211;1154;112996;60479;43.8;23.5
39;2021-06-09;1726;1244;114722;61723;44.5;23.9
39;2021-06-10;1616;2081;116338;63804;45.1;24.7
39;2021-06-11;1568;1271;117906;65075;45.7;25.2
39;2021-06-12;1263;347;119169;65422;46.2;25.4
39;2021-06-13;10;18;119179;65440;46.2;25.4
39;2021-06-14;1334;1894;120513;67334;46.7;26.1
39;2021-06-15;1381;1253;121894;68587;47.3;26.6
39;2021-06-16;1157;1539;123051;70126;47.7;27.2
39;2021-06-17;1043;1716;124094;71842;48.1;27.9
39;2021-06-18;1636;1177;125730;73019;48.8;28.3
39;2021-06-19;249;412;125979;73431;48.9;28.5
39;2021-06-20;2;18;125981;73449;48.9;28.5
39;2021-06-21;350;2494;126331;75943;49.0;29.5
39;2021-06-22;802;2290;127133;78233;49.3;30.3
39;2021-06-23;1168;1300;128301;79533;49.8;30.8
39;2021-06-24;725;1048;129026;80581;50.0;31.3
39;2021-06-25;680;2961;129706;83542;50.3;32.4
39;2021-06-26;204;1565;129910;85107;50.4;33.0
39;2021-06-27;0;0;129910;85107;50.4;33.0
39;2021-06-28;303;2744;130213;87851;50.5;34.1
39;2021-06-29;493;2697;130706;90548;50.7;35.1
39;2021-06-30;869;2418;131575;92966;51.0;36.1
39;2021-07-01;633;1936;132208;94902;51.3;36.8
39;2021-07-02;1088;1405;133296;96307;51.7;37.4
39;2021-07-03;540;524;133836;96831;51.9;37.6
39;2021-07-04;1;2;133837;96833;51.9;37.6
39;2021-07-05;581;2589;134418;99422;52.1;38.6
39;2021-07-06;826;1886;135244;101308;52.5;39.3
39;2021-07-07;585;1390;135829;102698;52.7;39.8
39;2021-07-08;694;907;136523;103605;52.9;40.2
39;2021-07-09;1078;1586;137601;105191;53.4;40.8
39;2021-07-10;738;474;138339;105665;53.7;41.0
39;2021-07-11;27;8;138366;105673;53.7;41.0
39;2021-07-12;560;2596;138926;108269;53.9;42.0
39;2021-07-13;1625;2648;140551;110917;54.5;43.0
39;2021-07-14;12;20;140563;110937;54.5;43.0
39;2021-07-15;1892;1836;142455;112773;55.2;43.7
39;2021-07-16;3215;2029;145670;114802;56.5;44.5
39;2021-07-17;2218;1147;147888;115949;57.4;45.0
39;2021-07-18;164;52;148052;116001;57.4;45.0
39;2021-07-19;1394;2953;149446;118954;58.0;46.1
39;2021-07-20;1832;2808;151278;121762;58.7;47.2
39;2021-07-21;2581;2574;153859;124336;59.7;48.2
39;2021-07-22;1933;1833;155792;126169;60.4;48.9
39;2021-07-23;1801;1919;157593;128088;61.1;49.7
39;2021-07-24;1397;1425;158990;129513;61.7;50.2
39;2021-07-25;0;1;158990;129514;61.7;50.2
39;2021-07-26;1317;1996;160307;131510;62.2;51.0
39;2021-07-27;2323;1893;162630;133403;63.1;51.7
39;2021-07-28;2681;1471;165311;134874;64.1;52.3
39;2021-07-29;2186;1735;167497;136609;65.0;53.0
39;2021-07-30;2028;1449;169525;138058;65.7;53.5
39;2021-07-31;1360;652;170885;138710;66.3;53.8
39;2021-08-01;9;18;170894;138728;66.3;53.8
39;2021-08-02;1204;1391;172098;140119;66.7;54.3
40;2020-12-27;0;0;0;0;0.0;0.0
40;2020-12-28;0;0;0;0;0.0;0.0
40;2020-12-29;0;0;0;0;0.0;0.0
40;2020-12-30;0;0;0;0;0.0;0.0
40;2020-12-31;0;0;0;0;0.0;0.0
40;2021-01-01;0;0;0;0;0.0;0.0
40;2021-01-02;0;0;0;0;0.0;0.0
40;2021-01-03;0;0;0;0;0.0;0.0
40;2021-01-04;0;0;0;0;0.0;0.0
40;2021-01-05;0;0;0;0;0.0;0.0
40;2021-01-06;1;0;1;0;0.0;0.0
40;2021-01-07;212;0;213;0;0.1;0.0
40;2021-01-08;392;2;605;2;0.1;0.0
40;2021-01-09;0;0;605;2;0.1;0.0
40;2021-01-10;1;0;606;2;0.1;0.0
40;2021-01-11;111;0;717;2;0.2;0.0
40;2021-01-12;0;0;717;2;0.2;0.0
40;2021-01-13;681;0;1398;2;0.3;0.0
40;2021-01-14;901;5;2299;7;0.6;0.0
40;2021-01-15;809;3;3108;10;0.8;0.0
40;2021-01-16;157;0;3265;10;0.8;0.0
40;2021-01-17;1;1;3266;11;0.8;0.0
40;2021-01-18;402;0;3668;11;0.9;0.0
40;2021-01-19;1204;2;4872;13;1.2;0.0
40;2021-01-20;878;2;5750;15;1.4;0.0
40;2021-01-21;1265;3;7015;18;1.7;0.0
40;2021-01-22;809;2;7824;20;1.9;0.0
40;2021-01-23;288;0;8112;20;2.0;0.0
40;2021-01-24;1;0;8113;20;2.0;0.0
40;2021-01-25;393;1;8506;21;2.1;0.0
40;2021-01-26;802;6;9308;27;2.3;0.0
40;2021-01-27;1118;12;10426;39;2.5;0.0
40;2021-01-28;704;116;11130;155;2.7;0.0
40;2021-01-29;600;228;11730;383;2.8;0.1
40;2021-01-30;235;3;11965;386;2.9;0.1
40;2021-01-31;1;0;11966;386;2.9;0.1
40;2021-02-01;358;132;12324;518;3.0;0.1
40;2021-02-02;923;52;13247;570;3.2;0.1
40;2021-02-03;892;297;14139;867;3.4;0.2
40;2021-02-04;1058;602;15197;1469;3.7;0.4
40;2021-02-05;793;421;15990;1890;3.9;0.5
40;2021-02-06;379;84;16369;1974;4.0;0.5
40;2021-02-07;10;0;16379;1974;4.0;0.5
40;2021-02-08;370;123;16749;2097;4.1;0.5
40;2021-02-09;809;541;17558;2638;4.3;0.6
40;2021-02-10;747;472;18305;3110;4.4;0.8
40;2021-02-11;738;684;19043;3794;4.6;0.9
40;2021-02-12;628;643;19671;4437;4.8;1.1
40;2021-02-13;399;94;20070;4531;4.9;1.1
40;2021-02-14;0;0;20070;4531;4.9;1.1
40;2021-02-15;48;386;20118;4917;4.9;1.2
40;2021-02-16;283;594;20401;5511;5.0;1.3
40;2021-02-17;360;895;20761;6406;5.0;1.6
40;2021-02-18;383;696;21144;7102;5.1;1.7
40;2021-02-19;144;645;21288;7747;5.2;1.9
40;2021-02-20;39;95;21327;7842;5.2;1.9
40;2021-02-21;1;66;21328;7908;5.2;1.9
40;2021-02-22;53;565;21381;8473;5.2;2.1
40;2021-02-23;179;835;21560;9308;5.2;2.3
40;2021-02-24;282;687;21842;9995;5.3;2.4
40;2021-02-25;726;996;22568;10991;5.5;2.7
40;2021-02-26;655;636;23223;11627;5.6;2.8
40;2021-02-27;384;101;23607;11728;5.7;2.8
40;2021-02-28;2;0;23609;11728;5.7;2.8
40;2021-03-01;418;508;24027;12236;5.8;3.0
40;2021-03-02;734;1043;24761;13279;6.0;3.2
40;2021-03-03;933;911;25694;14190;6.2;3.4
40;2021-03-04;1308;821;27002;15011;6.6;3.6
40;2021-03-05;1230;744;28232;15755;6.9;3.8
40;2021-03-06;864;394;29096;16149;7.1;3.9
40;2021-03-07;90;9;29186;16158;7.1;3.9
40;2021-03-08;838;500;30024;16658;7.3;4.0
40;2021-03-09;1505;641;31529;17299;7.7;4.2
40;2021-03-10;1746;703;33275;18002;8.1;4.4
40;2021-03-11;1984;692;35259;18694;8.6;4.5
40;2021-03-12;2048;548;37307;19242;9.1;4.7
40;2021-03-13;970;252;38277;19494;9.3;4.7
40;2021-03-14;98;0;38375;19494;9.3;4.7
40;2021-03-15;924;88;39299;19582;9.5;4.8
40;2021-03-16;986;267;40285;19849;9.8;4.8
40;2021-03-17;1574;345;41859;20194;10.2;4.9
40;2021-03-18;1560;334;43419;20528;10.5;5.0
40;2021-03-19;1806;146;45225;20674;11.0;5.0
40;2021-03-20;706;13;45931;20687;11.1;5.0
40;2021-03-21;52;1;45983;20688;11.2;5.0
40;2021-03-22;1173;35;47156;20723;11.4;5.0
40;2021-03-23;2323;165;49479;20888;12.0;5.1
40;2021-03-24;2323;228;51802;21116;12.6;5.1
40;2021-03-25;2763;375;54565;21491;13.2;5.2
40;2021-03-26;3120;206;57685;21697;14.0;5.3
40;2021-03-27;922;45;58607;21742;14.2;5.3
40;2021-03-28;178;47;58785;21789;14.3;5.3
40;2021-03-29;1151;380;59936;22169;14.5;5.4
40;2021-03-30;2298;382;62234;22551;15.1;5.5
40;2021-03-31;2001;297;64235;22848;15.6;5.5
40;2021-04-01;2407;326;66642;23174;16.2;5.6
40;2021-04-02;2361;216;69003;23390;16.7;5.7
40;2021-04-03;743;120;69746;23510;16.9;5.7
40;2021-04-04;362;8;70108;23518;17.0;5.7
40;2021-04-05;523;40;70631;23558;17.1;5.7
40;2021-04-06;2097;804;72728;24362;17.7;5.9
40;2021-04-07;2665;870;75393;25232;18.3;6.1
40;2021-04-08;3056;893;78449;26125;19.0;6.3
40;2021-04-09;3827;600;82276;26725;20.0;6.5
40;2021-04-10;1598;341;83874;27066;20.4;6.6
40;2021-04-11;51;5;83925;27071;20.4;6.6
40;2021-04-12;2176;730;86101;27801;20.9;6.7
40;2021-04-13;2567;1087;88668;28888;21.5;7.0
40;2021-04-14;2570;1374;91238;30262;22.1;7.3
40;2021-04-15;2981;1505;94219;31767;22.9;7.7
40;2021-04-16;2876;1187;97095;32954;23.6;8.0
40;2021-04-17;1464;345;98559;33299;23.9;8.1
40;2021-04-18;57;24;98616;33323;23.9;8.1
40;2021-04-19;1057;1018;99673;34341;24.2;8.3
40;2021-04-20;1619;1744;101292;36085;24.6;8.8
40;2021-04-21;1774;1738;103066;37823;25.0;9.2
40;2021-04-22;2114;1775;105180;39598;25.5;9.6
40;2021-04-23;2158;1392;107338;40990;26.1;9.9
40;2021-04-24;1326;621;108664;41611;26.4;10.1
40;2021-04-25;37;57;108701;41668;26.4;10.1
40;2021-04-26;1249;1136;109950;42804;26.7;10.4
40;2021-04-27;1484;2030;111434;44834;27.0;10.9
40;2021-04-28;2051;1366;113485;46200;27.5;11.2
40;2021-04-29;2607;1895;116092;48095;28.2;11.7
40;2021-04-30;2699;1614;118791;49709;28.8;12.1
40;2021-05-01;1226;779;120017;50488;29.1;12.3
40;2021-05-02;143;322;120160;50810;29.2;12.3
40;2021-05-03;1857;1499;122017;52309;29.6;12.7
40;2021-05-04;1883;2468;123900;54777;30.1;13.3
40;2021-05-05;2188;2671;126088;57448;30.6;13.9
40;2021-05-06;2235;2861;128323;60309;31.1;14.6
40;2021-05-07;1905;3004;130228;63313;31.6;15.4
40;2021-05-08;675;467;130903;63780;31.8;15.5
40;2021-05-09;316;21;131219;63801;31.9;15.5
40;2021-05-10;1399;2055;132618;65856;32.2;16.0
40;2021-05-11;2195;2510;134813;68366;32.7;16.6
40;2021-05-12;2731;1943;137544;70309;33.4;17.1
40;2021-05-13;1984;515;139528;70824;33.9;17.2
40;2021-05-14;2323;1654;141851;72478;34.4;17.6
40;2021-05-15;1340;963;143191;73441;34.8;17.8
40;2021-05-16;434;24;143625;73465;34.9;17.8
40;2021-05-17;2120;1313;145745;74778;35.4;18.2
40;2021-05-18;2510;1417;148255;76195;36.0;18.5
40;2021-05-19;2954;1102;151209;77297;36.7;18.8
40;2021-05-20;3584;1165;154793;78462;37.6;19.0
40;2021-05-21;2924;1331;157717;79793;38.3;19.4
40;2021-05-22;1146;795;158863;80588;38.6;19.6
40;2021-05-23;631;29;159494;80617;38.7;19.6
40;2021-05-24;1211;332;160705;80949;39.0;19.6
40;2021-05-25;2169;1302;162874;82251;39.5;20.0
40;2021-05-26;2613;1558;165487;83809;40.2;20.3
40;2021-05-27;2734;2009;168221;85818;40.8;20.8
40;2021-05-28;2569;2276;170790;88094;41.5;21.4
40;2021-05-29;1556;1253;172346;89347;41.8;21.7
40;2021-05-30;2;52;172348;89399;41.8;21.7
40;2021-05-31;2562;1207;174910;90606;42.5;22.0
40;2021-06-01;3011;1768;177921;92374;43.2;22.4
40;2021-06-02;3173;1985;181094;94359;44.0;22.9
40;2021-06-03;3592;2335;184686;96694;44.8;23.5
40;2021-06-04;3015;2804;187701;99498;45.6;24.2
40;2021-06-05;1778;1393;189479;100891;46.0;24.5
40;2021-06-06;458;78;189937;100969;46.1;24.5
40;2021-06-07;2184;2025;192121;102994;46.6;25.0
40;2021-06-08;2950;2099;195071;105093;47.3;25.5
40;2021-06-09;3212;2259;198283;107352;48.1;26.1
40;2021-06-10;2995;2091;201278;109443;48.9;26.6
40;2021-06-11;3138;2794;204416;112237;49.6;27.2
40;2021-06-12;1965;1635;206381;113872;50.1;27.6
40;2021-06-13;643;161;207024;114033;50.3;27.7
40;2021-06-14;1456;2497;208480;116530;50.6;28.3
40;2021-06-15;2233;2817;210713;119347;51.1;29.0
40;2021-06-16;2599;2453;213312;121800;51.8;29.6
40;2021-06-17;2429;2434;215741;124234;52.4;30.2
40;2021-06-18;2320;2905;218061;127139;52.9;30.9
40;2021-06-19;1797;1231;219858;128370;53.4;31.2
40;2021-06-20;344;275;220202;128645;53.4;31.2
40;2021-06-21;1388;2319;221590;130964;53.8;31.8
40;2021-06-22;1682;2993;223272;133957;54.2;32.5
40;2021-06-23;1604;3346;224876;137303;54.6;33.3
40;2021-06-24;1726;2380;226602;139683;55.0;33.9
40;2021-06-25;1757;3260;228359;142943;55.4;34.7
40;2021-06-26;1327;1710;229686;144653;55.8;35.1
40;2021-06-27;261;354;229947;145007;55.8;35.2
40;2021-06-28;1331;2819;231278;147826;56.1;35.9
40;2021-06-29;1700;3385;232978;151211;56.6;36.7
40;2021-06-30;1768;3636;234746;154847;57.0;37.6
40;2021-07-01;1707;3949;236453;158796;57.4;38.5
40;2021-07-02;1549;3813;238002;162609;57.8;39.5
40;2021-07-03;670;1923;238672;164532;57.9;39.9
40;2021-07-04;218;483;238890;165015;58.0;40.1
40;2021-07-05;1469;3021;240359;168036;58.3;40.8
40;2021-07-06;1751;3615;242110;171651;58.8;41.7
40;2021-07-07;1967;3848;244077;175499;59.2;42.6
40;2021-07-08;2088;3408;246165;178907;59.8;43.4
40;2021-07-09;1891;3945;248056;182852;60.2;44.4
40;2021-07-10;998;2160;249054;185012;60.5;44.9
40;2021-07-11;203;294;249257;185306;60.5;45.0
40;2021-07-12;1300;4043;250557;189349;60.8;46.0
40;2021-07-13;2402;4692;252959;194041;61.4;47.1
40;2021-07-14;2167;2052;255126;196093;61.9;47.6
40;2021-07-15;2812;4857;257938;200950;62.6;48.8
40;2021-07-16;3293;3940;261231;204890;63.4;49.7
40;2021-07-17;2098;2589;263329;207479;63.9;50.4
40;2021-07-18;466;541;263795;208020;64.0;50.5
40;2021-07-19;2551;3699;266346;211719;64.7;51.4
40;2021-07-20;3029;4053;269375;215772;65.4;52.4
40;2021-07-21;3177;3869;272552;219641;66.2;53.3
40;2021-07-22;3819;3922;276371;223563;67.1;54.3
40;2021-07-23;4063;4100;280434;227663;68.1;55.3
40;2021-07-24;2773;2091;283207;229754;68.7;55.8
40;2021-07-25;946;487;284153;230241;69.0;55.9
40;2021-07-26;2919;3073;287072;233314;69.7;56.6
40;2021-07-27;3486;3596;290558;236910;70.5;57.5
40;2021-07-28;3353;3381;293911;240291;71.3;58.3
40;2021-07-29;3504;3419;297415;243710;72.2;59.2
40;2021-07-30;3101;3392;300516;247102;72.9;60.0
40;2021-07-31;1764;1908;302280;249010;73.4;60.4
40;2021-08-01;342;285;302622;249295;73.5;60.5
40;2021-08-02;1979;2370;304601;251665;73.9;61.1
41;2020-12-27;0;0;0;0;0.0;0.0
41;2020-12-28;0;0;0;0;0.0;0.0
41;2020-12-29;0;0;0;0;0.0;0.0
41;2020-12-30;0;0;0;0;0.0;0.0
41;2020-12-31;0;0;0;0;0.0;0.0
41;2021-01-01;0;0;0;0;0.0;0.0
41;2021-01-02;0;0;0;0;0.0;0.0
41;2021-01-03;0;0;0;0;0.0;0.0
41;2021-01-04;0;0;0;0;0.0;0.0
41;2021-01-05;35;0;35;0;0.0;0.0
41;2021-01-06;72;0;107;0;0.0;0.0
41;2021-01-07;21;0;128;0;0.0;0.0
41;2021-01-08;1;0;129;0;0.0;0.0
41;2021-01-09;0;0;129;0;0.0;0.0
41;2021-01-10;0;0;129;0;0.0;0.0
41;2021-01-11;133;0;262;0;0.1;0.0
41;2021-01-12;321;1;583;1;0.2;0.0
41;2021-01-13;270;0;853;1;0.3;0.0
41;2021-01-14;283;1;1136;2;0.3;0.0
41;2021-01-15;215;1;1351;3;0.4;0.0
41;2021-01-16;0;0;1351;3;0.4;0.0
41;2021-01-17;0;0;1351;3;0.4;0.0
41;2021-01-18;397;1;1748;4;0.5;0.0
41;2021-01-19;857;0;2605;4;0.8;0.0
41;2021-01-20;1056;1;3661;5;1.1;0.0
41;2021-01-21;1567;1;5228;6;1.6;0.0
41;2021-01-22;835;0;6063;6;1.8;0.0
41;2021-01-23;92;0;6155;6;1.9;0.0
41;2021-01-24;0;0;6155;6;1.9;0.0
41;2021-01-25;421;1;6576;7;2.0;0.0
41;2021-01-26;473;0;7049;7;2.2;0.0
41;2021-01-27;441;1;7490;8;2.3;0.0
41;2021-01-28;604;56;8094;64;2.5;0.0
41;2021-01-29;258;30;8352;94;2.5;0.0
41;2021-01-30;0;0;8352;94;2.5;0.0
41;2021-01-31;0;0;8352;94;2.5;0.0
41;2021-02-01;350;148;8702;242;2.7;0.1
41;2021-02-02;470;231;9172;473;2.8;0.1
41;2021-02-03;341;202;9513;675;2.9;0.2
41;2021-02-04;559;154;10072;829;3.1;0.3
41;2021-02-05;329;191;10401;1020;3.2;0.3
41;2021-02-06;4;0;10405;1020;3.2;0.3
41;2021-02-07;2;0;10407;1020;3.2;0.3
41;2021-02-08;306;311;10713;1331;3.3;0.4
41;2021-02-09;598;454;11311;1785;3.5;0.5
41;2021-02-10;486;695;11797;2480;3.6;0.8
41;2021-02-11;1066;1155;12863;3635;3.9;1.1
41;2021-02-12;688;357;13551;3992;4.1;1.2
41;2021-02-13;9;5;13560;3997;4.1;1.2
41;2021-02-14;0;27;13560;4024;4.1;1.2
41;2021-02-15;314;309;13874;4333;4.2;1.3
41;2021-02-16;354;564;14228;4897;4.3;1.5
41;2021-02-17;318;460;14546;5357;4.4;1.6
41;2021-02-18;617;318;15163;5675;4.6;1.7
41;2021-02-19;455;336;15618;6011;4.8;1.8
41;2021-02-20;69;58;15687;6069;4.8;1.9
41;2021-02-21;0;0;15687;6069;4.8;1.9
41;2021-02-22;310;421;15997;6490;4.9;2.0
41;2021-02-23;454;350;16451;6840;5.0;2.1
41;2021-02-24;281;441;16732;7281;5.1;2.2
41;2021-02-25;674;457;17406;7738;5.3;2.4
41;2021-02-26;629;253;18035;7991;5.5;2.4
41;2021-02-27;161;4;18196;7995;5.6;2.4
41;2021-02-28;2;31;18198;8026;5.6;2.4
41;2021-03-01;310;312;18508;8338;5.6;2.5
41;2021-03-02;648;414;19156;8752;5.8;2.7
41;2021-03-03;497;410;19653;9162;6.0;2.8
41;2021-03-04;782;836;20435;9998;6.2;3.0
41;2021-03-05;838;671;21273;10669;6.5;3.3
41;2021-03-06;715;18;21988;10687;6.7;3.3
41;2021-03-07;498;13;22486;10700;6.9;3.3
41;2021-03-08;299;377;22785;11077;7.0;3.4
41;2021-03-09;1042;449;23827;11526;7.3;3.5
41;2021-03-10;721;454;24548;11980;7.5;3.7
41;2021-03-11;1181;679;25729;12659;7.8;3.9
41;2021-03-12;1114;410;26843;13069;8.2;4.0
41;2021-03-13;1222;13;28065;13082;8.6;4.0
41;2021-03-14;392;3;28457;13085;8.7;4.0
41;2021-03-15;797;350;29254;13435;8.9;4.1
41;2021-03-16;1060;407;30314;13842;9.2;4.2
41;2021-03-17;587;240;30901;14082;9.4;4.3
41;2021-03-18;925;404;31826;14486;9.7;4.4
41;2021-03-19;911;332;32737;14818;10.0;4.5
41;2021-03-20;539;17;33276;14835;10.2;4.5
41;2021-03-21;1;0;33277;14835;10.2;4.5
41;2021-03-22;809;266;34086;15101;10.4;4.6
41;2021-03-23;1307;489;35393;15590;10.8;4.8
41;2021-03-24;1231;365;36624;15955;11.2;4.9
41;2021-03-25;2026;434;38650;16389;11.8;5.0
41;2021-03-26;1655;320;40305;16709;12.3;5.1
41;2021-03-27;452;56;40757;16765;12.4;5.1
41;2021-03-28;1;0;40758;16765;12.4;5.1
41;2021-03-29;938;305;41696;17070;12.7;5.2
41;2021-03-30;1496;592;43192;17662;13.2;5.4
41;2021-03-31;1146;473;44338;18135;13.5;5.5
41;2021-04-01;2251;557;46589;18692;14.2;5.7
41;2021-04-02;1242;470;47831;19162;14.6;5.8
41;2021-04-03;321;5;48152;19167;14.7;5.8
41;2021-04-04;38;0;48190;19167;14.7;5.8
41;2021-04-05;140;2;48330;19169;14.7;5.8
41;2021-04-06;1299;622;49629;19791;15.1;6.0
41;2021-04-07;1851;698;51480;20489;15.7;6.2
41;2021-04-08;2290;915;53770;21404;16.4;6.5
41;2021-04-09;2567;604;56337;22008;17.2;6.7
41;2021-04-10;950;495;57287;22503;17.5;6.9
41;2021-04-11;277;376;57564;22879;17.6;7.0
41;2021-04-12;1688;644;59252;23523;18.1;7.2
41;2021-04-13;2260;979;61512;24502;18.8;7.5
41;2021-04-14;1794;545;63306;25047;19.3;7.6
41;2021-04-15;2384;967;65690;26014;20.0;7.9
41;2021-04-16;1930;619;67620;26633;20.6;8.1
41;2021-04-17;647;134;68267;26767;20.8;8.2
41;2021-04-18;5;0;68272;26767;20.8;8.2
41;2021-04-19;1262;743;69534;27510;21.2;8.4
41;2021-04-20;2004;1199;71538;28709;21.8;8.8
41;2021-04-21;1502;909;73040;29618;22.3;9.0
41;2021-04-22;2235;1591;75275;31209;23.0;9.5
41;2021-04-23;1731;1072;77006;32281;23.5;9.8
41;2021-04-24;1543;276;78549;32557;24.0;9.9
41;2021-04-25;1007;19;79556;32576;24.3;9.9
41;2021-04-26;1356;625;80912;33201;24.7;10.1
41;2021-04-27;2094;1037;83006;34238;25.3;10.4
41;2021-04-28;1560;854;84566;35092;25.8;10.7
41;2021-04-29;2211;1373;86777;36465;26.5;11.1
41;2021-04-30;1961;857;88738;37322;27.1;11.4
41;2021-05-01;189;12;88927;37334;27.1;11.4
41;2021-05-02;107;17;89034;37351;27.2;11.4
41;2021-05-03;1867;889;90901;38240;27.7;11.7
41;2021-05-04;2095;1540;92996;39780;28.4;12.1
41;2021-05-05;1881;1189;94877;40969;28.9;12.5
41;2021-05-06;2448;1694;97325;42663;29.7;13.0
41;2021-05-07;2019;1796;99344;44459;30.3;13.6
41;2021-05-08;203;152;99547;44611;30.4;13.6
41;2021-05-09;11;354;99558;44965;30.4;13.7
41;2021-05-10;1590;1558;101148;46523;30.9;14.2
41;2021-05-11;2090;2097;103238;48620;31.5;14.8
41;2021-05-12;1952;1676;105190;50296;32.1;15.3
41;2021-05-13;1484;945;106674;51241;32.5;15.6
41;2021-05-14;1576;1303;108250;52544;33.0;16.0
41;2021-05-15;206;294;108456;52838;33.1;16.1
41;2021-05-16;4;0;108460;52838;33.1;16.1
41;2021-05-17;2482;560;110942;53398;33.8;16.3
41;2021-05-18;3138;1024;114080;54422;34.8;16.6
41;2021-05-19;2553;669;116633;55091;35.6;16.8
41;2021-05-20;3349;1152;119982;56243;36.6;17.2
41;2021-05-21;2726;967;122708;57210;37.4;17.5
41;2021-05-22;396;236;123104;57446;37.6;17.5
41;2021-05-23;6;2;123110;57448;37.6;17.5
41;2021-05-24;2605;145;125715;57593;38.3;17.6
41;2021-05-25;2989;575;128704;58168;39.3;17.7
41;2021-05-26;3038;645;131742;58813;40.2;17.9
41;2021-05-27;3297;1110;135039;59923;41.2;18.3
41;2021-05-28;3143;980;138182;60903;42.1;18.6
41;2021-05-29;2075;427;140257;61330;42.8;18.7
41;2021-05-30;342;21;140599;61351;42.9;18.7
41;2021-05-31;1711;1506;142310;62857;43.4;19.2
41;2021-06-01;2262;2012;144572;64869;44.1;19.8
41;2021-06-02;1831;1289;146403;66158;44.7;20.2
41;2021-06-03;2596;1942;148999;68100;45.4;20.8
41;2021-06-04;2306;1963;151305;70063;46.2;21.4
41;2021-06-05;611;1582;151916;71645;46.3;21.9
41;2021-06-06;108;927;152024;72572;46.4;22.1
41;2021-06-07;1517;1532;153541;74104;46.8;22.6
41;2021-06-08;1712;2414;155253;76518;47.4;23.3
41;2021-06-09;1615;1642;156868;78160;47.8;23.8
41;2021-06-10;1917;1818;158785;79978;48.4;24.4
41;2021-06-11;1571;1796;160356;81774;48.9;24.9
41;2021-06-12;663;649;161019;82423;49.1;25.1
41;2021-06-13;12;77;161031;82500;49.1;25.2
41;2021-06-14;1269;1963;162300;84463;49.5;25.8
41;2021-06-15;1834;2760;164134;87223;50.1;26.6
41;2021-06-16;1725;2309;165859;89532;50.6;27.3
41;2021-06-17;1811;2578;167670;92110;51.1;28.1
41;2021-06-18;1666;2396;169336;94506;51.7;28.8
41;2021-06-19;412;531;169748;95037;51.8;29.0
41;2021-06-20;11;32;169759;95069;51.8;29.0
41;2021-06-21;1323;1780;171082;96849;52.2;29.5
41;2021-06-22;1618;2565;172700;99414;52.7;30.3
41;2021-06-23;1374;2047;174074;101461;53.1;30.9
41;2021-06-24;1480;2311;175554;103772;53.5;31.7
41;2021-06-25;1294;2613;176848;106385;53.9;32.5
41;2021-06-26;434;613;177282;106998;54.1;32.6
41;2021-06-27;1;4;177283;107002;54.1;32.6
41;2021-06-28;403;2698;177686;109700;54.2;33.5
41;2021-06-29;664;3442;178350;113142;54.4;34.5
41;2021-06-30;549;3074;178899;116216;54.6;35.4
41;2021-07-01;767;3106;179666;119322;54.8;36.4
41;2021-07-02;588;3500;180254;122822;55.0;37.5
41;2021-07-03;158;648;180412;123470;55.0;37.7
41;2021-07-04;1;2;180413;123472;55.0;37.7
41;2021-07-05;287;2826;180700;126298;55.1;38.5
41;2021-07-06;665;3638;181365;129936;55.3;39.6
41;2021-07-07;478;3141;181843;133077;55.5;40.6
41;2021-07-08;942;3382;182785;136459;55.8;41.6
41;2021-07-09;532;3646;183317;140105;55.9;42.7
41;2021-07-10;246;2087;183563;142192;56.0;43.4
41;2021-07-11;6;281;183569;142473;56.0;43.5
41;2021-07-12;858;2295;184427;144768;56.3;44.2
41;2021-07-13;1194;3287;185621;148055;56.6;45.2
41;2021-07-14;140;1081;185761;149136;56.7;45.5
41;2021-07-15;1327;3324;187088;152460;57.1;46.5
41;2021-07-16;1087;3397;188175;155857;57.4;47.5
41;2021-07-17;339;806;188514;156663;57.5;47.8
41;2021-07-18;24;32;188538;156695;57.5;47.8
41;2021-07-19;1188;2316;189726;159011;57.9;48.5
41;2021-07-20;1636;2742;191362;161753;58.4;49.3
41;2021-07-21;1701;2087;193063;163840;58.9;50.0
41;2021-07-22;2258;2303;195321;166143;59.6;50.7
41;2021-07-23;2094;2477;197415;168620;60.2;51.4
41;2021-07-24;327;842;197742;169462;60.3;51.7
41;2021-07-25;17;23;197759;169485;60.3;51.7
41;2021-07-26;1895;1675;199654;171160;60.9;52.2
41;2021-07-27;2522;2334;202176;173494;61.7;52.9
41;2021-07-28;2160;1824;204336;175318;62.3;53.5
41;2021-07-29;2335;2021;206671;177339;63.0;54.1
41;2021-07-30;2151;2078;208822;179417;63.7;54.7
41;2021-07-31;359;573;209181;179990;63.8;54.9
41;2021-08-01;17;7;209198;179997;63.8;54.9
41;2021-08-02;1541;1604;210739;181601;64.3;55.4
42;2020-12-27;2;0;2;0;0.0;0.0
42;2020-12-28;0;0;2;0;0.0;0.0
42;2020-12-29;0;0;2;0;0.0;0.0
42;2020-12-30;0;0;2;0;0.0;0.0
42;2020-12-31;0;0;2;0;0.0;0.0
42;2021-01-01;0;0;2;0;0.0;0.0
42;2021-01-02;0;0;2;0;0.0;0.0
42;2021-01-03;0;0;2;0;0.0;0.0
42;2021-01-04;1;0;3;0;0.0;0.0
42;2021-01-05;1;0;4;0;0.0;0.0
42;2021-01-06;178;1;182;1;0.0;0.0
42;2021-01-07;256;0;438;1;0.1;0.0
42;2021-01-08;262;1;700;2;0.1;0.0
42;2021-01-09;136;0;836;2;0.1;0.0
42;2021-01-10;0;0;836;2;0.1;0.0
42;2021-01-11;293;2;1129;4;0.1;0.0
42;2021-01-12;412;1;1541;5;0.2;0.0
42;2021-01-13;527;2;2068;7;0.3;0.0
42;2021-01-14;771;4;2839;11;0.4;0.0
42;2021-01-15;703;4;3542;15;0.5;0.0
42;2021-01-16;298;1;3840;16;0.5;0.0
42;2021-01-17;219;0;4059;16;0.5;0.0
42;2021-01-18;968;1;5027;17;0.7;0.0
42;2021-01-19;1328;11;6355;28;0.8;0.0
42;2021-01-20;955;4;7310;32;1.0;0.0
42;2021-01-21;1002;5;8312;37;1.1;0.0
42;2021-01-22;991;4;9303;41;1.2;0.0
42;2021-01-23;401;0;9704;41;1.3;0.0
42;2021-01-24;358;0;10062;41;1.3;0.0
42;2021-01-25;1098;10;11160;51;1.5;0.0
42;2021-01-26;1743;19;12903;70;1.7;0.0
42;2021-01-27;1456;123;14359;193;1.9;0.0
42;2021-01-28;1663;140;16022;333;2.1;0.0
42;2021-01-29;945;118;16967;451;2.2;0.1
42;2021-01-30;257;114;17224;565;2.3;0.1
42;2021-01-31;258;2;17482;567;2.3;0.1
42;2021-02-01;729;62;18211;629;2.4;0.1
42;2021-02-02;1797;288;20008;917;2.6;0.1
42;2021-02-03;1514;483;21522;1400;2.8;0.2
42;2021-02-04;1282;613;22804;2013;3.0;0.3
42;2021-02-05;683;525;23487;2538;3.1;0.3
42;2021-02-06;303;148;23790;2686;3.1;0.4
42;2021-02-07;275;152;24065;2838;3.1;0.4
42;2021-02-08;508;627;24573;3465;3.2;0.5
42;2021-02-09;703;801;25276;4266;3.3;0.6
42;2021-02-10;738;691;26014;4957;3.4;0.6
42;2021-02-11;767;675;26781;5632;3.5;0.7
42;2021-02-12;675;753;27456;6385;3.6;0.8
42;2021-02-13;426;303;27882;6688;3.6;0.9
42;2021-02-14;186;229;28068;6917;3.7;0.9
42;2021-02-15;521;819;28589;7736;3.7;1.0
42;2021-02-16;488;1246;29077;8982;3.8;1.2
42;2021-02-17;518;1535;29595;10517;3.9;1.4
42;2021-02-18;754;1381;30349;11898;4.0;1.6
42;2021-02-19;766;1023;31115;12921;4.1;1.7
42;2021-02-20;248;411;31363;13332;4.1;1.7
42;2021-02-21;63;328;31426;13660;4.1;1.8
42;2021-02-22;574;966;32000;14626;4.2;1.9
42;2021-02-23;1197;1416;33197;16042;4.3;2.1
42;2021-02-24;1238;1221;34435;17263;4.5;2.3
42;2021-02-25;1666;1412;36101;18675;4.7;2.4
42;2021-02-26;1644;909;37745;19584;4.9;2.6
42;2021-02-27;580;293;38325;19877;5.0;2.6
42;2021-02-28;167;126;38492;20003;5.0;2.6
42;2021-03-01;812;845;39304;20848;5.1;2.7
42;2021-03-02;1274;811;40578;21659;5.3;2.8
42;2021-03-03;1366;795;41944;22454;5.5;2.9
42;2021-03-04;1704;701;43648;23155;5.7;3.0
42;2021-03-05;2626;653;46274;23808;6.1;3.1
42;2021-03-06;1932;251;48206;24059;6.3;3.1
42;2021-03-07;1492;83;49698;24142;6.5;3.2
42;2021-03-08;1403;504;51101;24646;6.7;3.2
42;2021-03-09;1983;438;53084;25084;6.9;3.3
42;2021-03-10;2053;484;55137;25568;7.2;3.3
42;2021-03-11;3047;588;58184;26156;7.6;3.4
42;2021-03-12;3006;813;61190;26969;8.0;3.5
42;2021-03-13;1480;349;62670;27318;8.2;3.6
42;2021-03-14;472;175;63142;27493;8.3;3.6
42;2021-03-15;1571;589;64713;28082;8.5;3.7
42;2021-03-16;1471;773;66184;28855;8.7;3.8
42;2021-03-17;1716;1059;67900;29914;8.9;3.9
42;2021-03-18;1804;1020;69704;30934;9.1;4.0
42;2021-03-19;2562;667;72266;31601;9.4;4.1
42;2021-03-20;1671;219;73937;31820;9.7;4.2
42;2021-03-21;527;95;74464;31915;9.7;4.2
42;2021-03-22;1430;732;75894;32647;9.9;4.3
42;2021-03-23;2506;840;78400;33487;10.3;4.4
42;2021-03-24;2782;774;81182;34261;10.6;4.5
42;2021-03-25;3720;925;84902;35186;11.1;4.6
42;2021-03-26;3759;774;88661;35960;11.6;4.7
42;2021-03-27;1804;435;90465;36395;11.8;4.8
42;2021-03-28;1040;202;91505;36597;12.0;4.8
42;2021-03-29;2062;914;93567;37511;12.2;4.9
42;2021-03-30;3144;848;96711;38359;12.6;5.0
42;2021-03-31;2441;1055;99152;39414;13.0;5.2
42;2021-04-01;3390;1032;102542;40446;13.4;5.3
42;2021-04-02;2849;1213;105391;41659;13.8;5.4
42;2021-04-03;1418;598;106809;42257;14.0;5.5
42;2021-04-04;1401;386;108210;42643;14.1;5.6
42;2021-04-05;1901;282;110111;42925;14.4;5.6
42;2021-04-06;2292;1395;112403;44320;14.7;5.8
42;2021-04-07;2756;1811;115159;46131;15.1;6.0
42;2021-04-08;4021;1580;119180;47711;15.6;6.2
42;2021-04-09;5125;1517;124305;49228;16.3;6.4
42;2021-04-10;2588;747;126893;49975;16.6;6.5
42;2021-04-11;1955;414;128848;50389;16.8;6.6
42;2021-04-12;3694;1534;132542;51923;17.3;6.8
42;2021-04-13;4658;1790;137200;53713;17.9;7.0
42;2021-04-14;4312;1885;141512;55598;18.5;7.3
42;2021-04-15;4803;1793;146315;57391;19.1;7.5
42;2021-04-16;4616;1862;150931;59253;19.7;7.7
42;2021-04-17;2978;1066;153909;60319;20.1;7.9
42;2021-04-18;1883;409;155792;60728;20.4;7.9
42;2021-04-19;3090;1526;158882;62254;20.8;8.1
42;2021-04-20;3466;1929;162348;64183;21.2;8.4
42;2021-04-21;3470;1734;165818;65917;21.7;8.6
42;2021-04-22;3767;1934;169585;67851;22.2;8.9
42;2021-04-23;3835;1998;173420;69849;22.7;9.1
42;2021-04-24;2357;1510;175777;71359;23.0;9.3
42;2021-04-25;1656;942;177433;72301;23.2;9.5
42;2021-04-26;3275;1719;180708;74020;23.6;9.7
42;2021-04-27;3256;2196;183964;76216;24.1;10.0
42;2021-04-28;3464;2613;187428;78829;24.5;10.3
42;2021-04-29;3770;2798;191198;81627;25.0;10.7
42;2021-04-30;3360;3028;194558;84655;25.4;11.1
42;2021-05-01;2969;1038;197527;85693;25.8;11.2
42;2021-05-02;1935;1255;199462;86948;26.1;11.4
42;2021-05-03;2871;2761;202333;89709;26.5;11.7
42;2021-05-04;3419;3120;205752;92829;26.9;12.1
42;2021-05-05;3329;3392;209081;96221;27.3;12.6
42;2021-05-06;3889;3757;212970;99978;27.8;13.1
42;2021-05-07;3731;4031;216701;104009;28.3;13.6
42;2021-05-08;3164;1061;219865;105070;28.8;13.7
42;2021-05-09;1506;2210;221371;107280;28.9;14.0
42;2021-05-10;3249;3824;224620;111104;29.4;14.5
42;2021-05-11;5581;3903;230201;115007;30.1;15.0
42;2021-05-12;5346;3563;235547;118570;30.8;15.5
42;2021-05-13;5455;1134;241002;119704;31.5;15.7
42;2021-05-14;5243;2922;246245;122626;32.2;16.0
42;2021-05-15;4880;2111;251125;124737;32.8;16.3
42;2021-05-16;2871;1036;253996;125773;33.2;16.4
42;2021-05-17;5887;2838;259883;128611;34.0;16.8
42;2021-05-18;6250;2977;266133;131588;34.8;17.2
42;2021-05-19;6525;2744;272658;134332;35.7;17.6
42;2021-05-20;7105;2887;279763;137219;36.6;17.9
42;2021-05-21;6353;3259;286116;140478;37.4;18.4
42;2021-05-22;5838;2120;291954;142598;38.2;18.6
42;2021-05-23;2833;870;294787;143468;38.5;18.8
42;2021-05-24;5251;1418;300038;144886;39.2;18.9
42;2021-05-25;5152;3946;305190;148832;39.9;19.5
42;2021-05-26;5155;3449;310345;152281;40.6;19.9
42;2021-05-27;5365;3630;315710;155911;41.3;20.4
42;2021-05-28;5038;4196;320748;160107;41.9;20.9
42;2021-05-29;4339;2983;325087;163090;42.5;21.3
42;2021-05-30;1980;1207;327067;164297;42.8;21.5
42;2021-05-31;4239;3424;331306;167721;43.3;21.9
42;2021-06-01;4590;3569;335896;171290;43.9;22.4
42;2021-06-02;4470;3010;340366;174300;44.5;22.8
42;2021-06-03;4925;3835;345291;178135;45.2;23.3
42;2021-06-04;4767;4216;350058;182351;45.8;23.8
42;2021-06-05;3685;2421;353743;184772;46.3;24.2
42;2021-06-06;1445;1293;355188;186065;46.4;24.3
42;2021-06-07;3988;3374;359176;189439;47.0;24.8
42;2021-06-08;3462;3238;362638;192677;47.4;25.2
42;2021-06-09;2957;3200;365595;195877;47.8;25.6
42;2021-06-10;3238;2928;368833;198805;48.2;26.0
42;2021-06-11;3587;4116;372420;202921;48.7;26.5
42;2021-06-12;2861;2878;375281;205799;49.1;26.9
42;2021-06-13;943;1276;376224;207075;49.2;27.1
42;2021-06-14;2305;4063;378529;211138;49.5;27.6
42;2021-06-15;2831;4067;381360;215205;49.9;28.1
42;2021-06-16;2923;3549;384283;218754;50.3;28.6
42;2021-06-17;2636;3740;386919;222494;50.6;29.1
42;2021-06-18;3089;5150;390008;227644;51.0;29.8
42;2021-06-19;2843;4244;392851;231888;51.4;30.3
42;2021-06-20;856;1842;393707;233730;51.5;30.6
42;2021-06-21;1904;6275;395611;240005;51.7;31.4
42;2021-06-22;1873;5897;397484;245902;52.0;32.2
42;2021-06-23;1840;5321;399324;251223;52.2;32.9
42;2021-06-24;1780;4680;401104;255903;52.4;33.5
42;2021-06-25;2026;6950;403130;262853;52.7;34.4
42;2021-06-26;1404;5819;404534;268672;52.9;35.1
42;2021-06-27;756;2851;405290;271523;53.0;35.5
42;2021-06-28;1740;7059;407030;278582;53.2;36.4
42;2021-06-29;1528;6560;408558;285142;53.4;37.3
42;2021-06-30;1964;5763;410522;290905;53.7;38.0
42;2021-07-01;1769;5117;412291;296022;53.9;38.7
42;2021-07-02;2043;6747;414334;302769;54.2;39.6
42;2021-07-03;1748;5970;416082;308739;54.4;40.4
42;2021-07-04;853;2509;416935;311248;54.5;40.7
42;2021-07-05;1708;6284;418643;317532;54.7;41.5
42;2021-07-06;2101;5575;420744;323107;55.0;42.3
42;2021-07-07;2320;4658;423064;327765;55.3;42.9
42;2021-07-08;2266;3961;425330;331726;55.6;43.4
42;2021-07-09;2369;6099;427699;337825;55.9;44.2
42;2021-07-10;1692;5585;429391;343410;56.1;44.9
42;2021-07-11;919;2294;430310;345704;56.3;45.2
42;2021-07-12;1763;6290;432073;351994;56.5;46.0
42;2021-07-13;3577;6278;435650;358272;57.0;46.8
42;2021-07-14;4459;2046;440109;360318;57.6;47.1
42;2021-07-15;4515;5609;444624;365927;58.1;47.9
42;2021-07-16;4329;6182;448953;372109;58.7;48.7
42;2021-07-17;3188;4694;452141;376803;59.1;49.3
42;2021-07-18;1829;1736;453970;378539;59.4;49.5
42;2021-07-19;3777;5055;457747;383594;59.9;50.2
42;2021-07-20;4684;4853;462431;388447;60.5;50.8
42;2021-07-21;5134;4693;467565;393140;61.1;51.4
42;2021-07-22;5470;3920;473035;397060;61.9;51.9
42;2021-07-23;5449;5080;478484;402140;62.6;52.6
42;2021-07-24;4004;3802;482488;405942;63.1;53.1
42;2021-07-25;1638;1374;484126;407316;63.3;53.3
42;2021-07-26;4695;4304;488821;411620;63.9;53.8
42;2021-07-27;5299;3937;494120;415557;64.6;54.3
42;2021-07-28;5747;3649;499867;419206;65.4;54.8
42;2021-07-29;5633;3407;505500;422613;66.1;55.3
42;2021-07-30;5098;3742;510598;426355;66.8;55.8
42;2021-07-31;4667;3009;515265;429364;67.4;56.1
42;2021-08-01;2466;1292;517731;430656;67.7;56.3
42;2021-08-02;4204;3046;521935;433702;68.3;56.7
43;2020-12-27;0;0;0;0;0.0;0.0
43;2020-12-28;0;0;0;0;0.0;0.0
43;2020-12-29;0;0;0;0;0.0;0.0
43;2020-12-30;0;0;0;0;0.0;0.0
43;2020-12-31;0;0;0;0;0.0;0.0
43;2021-01-01;0;0;0;0;0.0;0.0
43;2021-01-02;0;0;0;0;0.0;0.0
43;2021-01-03;0;0;0;0;0.0;0.0
43;2021-01-04;1;0;1;0;0.0;0.0
43;2021-01-05;0;0;1;0;0.0;0.0
43;2021-01-06;0;0;1;0;0.0;0.0
43;2021-01-07;167;0;168;0;0.1;0.0
43;2021-01-08;151;1;319;1;0.1;0.0
43;2021-01-09;0;0;319;1;0.1;0.0
43;2021-01-10;0;0;319;1;0.1;0.0
43;2021-01-11;137;0;456;1;0.2;0.0
43;2021-01-12;244;1;700;2;0.3;0.0
43;2021-01-13;244;1;944;3;0.4;0.0
43;2021-01-14;293;2;1237;5;0.5;0.0
43;2021-01-15;303;2;1540;7;0.7;0.0
43;2021-01-16;32;0;1572;7;0.7;0.0
43;2021-01-17;0;0;1572;7;0.7;0.0
43;2021-01-18;760;5;2332;12;1.0;0.0
43;2021-01-19;776;6;3108;18;1.4;0.0
43;2021-01-20;517;0;3625;18;1.6;0.0
43;2021-01-21;446;2;4071;20;1.8;0.0
43;2021-01-22;465;8;4536;28;2.0;0.0
43;2021-01-23;1;0;4537;28;2.0;0.0
43;2021-01-24;1;0;4538;28;2.0;0.0
43;2021-01-25;539;0;5077;28;2.2;0.0
43;2021-01-26;616;4;5693;32;2.5;0.0
43;2021-01-27;740;0;6433;32;2.8;0.0
43;2021-01-28;747;32;7180;64;3.2;0.0
43;2021-01-29;719;85;7899;149;3.5;0.1
43;2021-01-30;109;0;8008;149;3.5;0.1
43;2021-01-31;0;0;8008;149;3.5;0.1
43;2021-02-01;404;100;8412;249;3.7;0.1
43;2021-02-02;709;151;9121;400;4.0;0.2
43;2021-02-03;691;43;9812;443;4.3;0.2
43;2021-02-04;523;171;10335;614;4.6;0.3
43;2021-02-05;543;173;10878;787;4.8;0.3
43;2021-02-06;164;19;11042;806;4.9;0.4
43;2021-02-07;0;0;11042;806;4.9;0.4
43;2021-02-08;411;305;11453;1111;5.0;0.5
43;2021-02-09;369;434;11822;1545;5.2;0.7
43;2021-02-10;399;361;12221;1906;5.4;0.8
43;2021-02-11;390;395;12611;2301;5.6;1.0
43;2021-02-12;426;201;13037;2502;5.7;1.1
43;2021-02-13;572;38;13609;2540;6.0;1.1
43;2021-02-14;0;0;13609;2540;6.0;1.1
43;2021-02-15;68;480;13677;3020;6.0;1.3
43;2021-02-16;41;375;13718;3395;6.0;1.5
43;2021-02-17;87;484;13805;3879;6.1;1.7
43;2021-02-18;147;379;13952;4258;6.1;1.9
43;2021-02-19;277;508;14229;4766;6.3;2.1
43;2021-02-20;22;4;14251;4770;6.3;2.1
43;2021-02-21;0;0;14251;4770;6.3;2.1
43;2021-02-22;16;503;14267;5273;6.3;2.3
43;2021-02-23;202;798;14469;6071;6.4;2.7
43;2021-02-24;147;713;14616;6784;6.4;3.0
43;2021-02-25;227;694;14843;7478;6.5;3.3
43;2021-02-26;222;670;15065;8148;6.6;3.6
43;2021-02-27;138;75;15203;8223;6.7;3.6
43;2021-02-28;1;0;15204;8223;6.7;3.6
43;2021-03-01;210;478;15414;8701;6.8;3.8
43;2021-03-02;342;582;15756;9283;6.9;4.1
43;2021-03-03;337;589;16093;9872;7.1;4.4
43;2021-03-04;551;458;16644;10330;7.3;4.6
43;2021-03-05;566;449;17210;10779;7.6;4.8
43;2021-03-06;489;178;17699;10957;7.8;4.8
43;2021-03-07;12;0;17711;10957;7.8;4.8
43;2021-03-08;445;443;18156;11400;8.0;5.0
43;2021-03-09;621;349;18777;11749;8.3;5.2
43;2021-03-10;673;491;19450;12240;8.6;5.4
43;2021-03-11;953;436;20403;12676;9.0;5.6
43;2021-03-12;945;420;21348;13096;9.4;5.8
43;2021-03-13;792;112;22140;13208;9.8;5.8
43;2021-03-14;2;0;22142;13208;9.8;5.8
43;2021-03-15;706;139;22848;13347;10.1;5.9
43;2021-03-16;847;278;23695;13625;10.4;6.0
43;2021-03-17;638;134;24333;13759;10.7;6.1
43;2021-03-18;675;129;25008;13888;11.0;6.1
43;2021-03-19;839;101;25847;13989;11.4;6.2
43;2021-03-20;450;60;26297;14049;11.6;6.2
43;2021-03-21;0;0;26297;14049;11.6;6.2
43;2021-03-22;744;37;27041;14086;11.9;6.2
43;2021-03-23;870;33;27911;14119;12.3;6.2
43;2021-03-24;1173;75;29084;14194;12.8;6.3
43;2021-03-25;1594;138;30678;14332;13.5;6.3
43;2021-03-26;1609;178;32287;14510;14.2;6.4
43;2021-03-27;1449;69;33736;14579;14.9;6.4
43;2021-03-28;420;20;34156;14599;15.1;6.4
43;2021-03-29;1094;166;35250;14765;15.5;6.5
43;2021-03-30;1312;229;36562;14994;16.1;6.6
43;2021-03-31;1305;246;37867;15240;16.7;6.7
43;2021-04-01;1345;335;39212;15575;17.3;6.9
43;2021-04-02;1051;349;40263;15924;17.7;7.0
43;2021-04-03;338;195;40601;16119;17.9;7.1
43;2021-04-04;0;0;40601;16119;17.9;7.1
43;2021-04-05;3;0;40604;16119;17.9;7.1
43;2021-04-06;688;601;41292;16720;18.2;7.4
43;2021-04-07;867;573;42159;17293;18.6;7.6
43;2021-04-08;1086;458;43245;17751;19.1;7.8
43;2021-04-09;1146;650;44391;18401;19.6;8.1
43;2021-04-10;625;259;45016;18660;19.8;8.2
43;2021-04-11;0;0;45016;18660;19.8;8.2
43;2021-04-12;682;649;45698;19309;20.1;8.5
43;2021-04-13;917;722;46615;20031;20.5;8.8
43;2021-04-14;725;666;47340;20697;20.9;9.1
43;2021-04-15;959;695;48299;21392;21.3;9.4
43;2021-04-16;1007;686;49306;22078;21.7;9.7
43;2021-04-17;423;302;49729;22380;21.9;9.9
43;2021-04-18;3;5;49732;22385;21.9;9.9
43;2021-04-19;629;562;50361;22947;22.2;10.1
43;2021-04-20;840;665;51201;23612;22.6;10.4
43;2021-04-21;321;987;51522;24599;22.7;10.8
43;2021-04-22;679;1011;52201;25610;23.0;11.3
43;2021-04-23;401;1100;52602;26710;23.2;11.8
43;2021-04-24;347;1038;52949;27748;23.3;12.2
43;2021-04-25;23;403;52972;28151;23.3;12.4
43;2021-04-26;385;963;53357;29114;23.5;12.8
43;2021-04-27;824;990;54181;30104;23.9;13.3
43;2021-04-28;794;1104;54975;31208;24.2;13.8
43;2021-04-29;1238;1138;56213;32346;24.8;14.3
43;2021-04-30;1199;1059;57412;33405;25.3;14.7
43;2021-05-01;400;21;57812;33426;25.5;14.7
43;2021-05-02;1;0;57813;33426;25.5;14.7
43;2021-05-03;1218;400;59031;33826;26.0;14.9
43;2021-05-04;1236;946;60267;34772;26.6;15.3
43;2021-05-05;1145;847;61412;35619;27.1;15.7
43;2021-05-06;1404;935;62816;36554;27.7;16.1
43;2021-05-07;1089;1168;63905;37722;28.2;16.6
43;2021-05-08;518;136;64423;37858;28.4;16.7
43;2021-05-09;0;2;64423;37860;28.4;16.7
43;2021-05-10;1085;722;65508;38582;28.9;17.0
43;2021-05-11;1555;1003;67063;39585;29.6;17.4
43;2021-05-12;1481;808;68544;40393;30.2;17.8
43;2021-05-13;936;380;69480;40773;30.6;18.0
43;2021-05-14;2203;1103;71683;41876;31.6;18.5
43;2021-05-15;1269;318;72952;42194;32.2;18.6
43;2021-05-16;272;47;73224;42241;32.3;18.6
43;2021-05-17;1624;625;74848;42866;33.0;18.9
43;2021-05-18;1966;672;76814;43538;33.9;19.2
43;2021-05-19;2068;569;78882;44107;34.8;19.4
43;2021-05-20;2338;798;81220;44905;35.8;19.8
43;2021-05-21;2384;705;83604;45610;36.8;20.1
43;2021-05-22;1208;340;84812;45950;37.4;20.3
43;2021-05-23;1;0;84813;45950;37.4;20.3
43;2021-05-24;381;100;85194;46050;37.5;20.3
43;2021-05-25;1407;652;86601;46702;38.2;20.6
43;2021-05-26;1349;556;87950;47258;38.8;20.8
43;2021-05-27;1389;710;89339;47968;39.4;21.1
43;2021-05-28;1348;732;90687;48700;40.0;21.5
43;2021-05-29;1135;599;91822;49299;40.5;21.7
43;2021-05-30;149;17;91971;49316;40.5;21.7
43;2021-05-31;1208;442;93179;49758;41.1;21.9
43;2021-06-01;1277;983;94456;50741;41.6;22.4
43;2021-06-02;1086;696;95542;51437;42.1;22.7
43;2021-06-03;1193;854;96735;52291;42.6;23.0
43;2021-06-04;1350;858;98085;53149;43.2;23.4
43;2021-06-05;824;450;98909;53599;43.6;23.6
43;2021-06-06;10;5;98919;53604;43.6;23.6
43;2021-06-07;747;514;99666;54118;43.9;23.9
43;2021-06-08;664;703;100330;54821;44.2;24.2
43;2021-06-09;539;759;100869;55580;44.5;24.5
43;2021-06-10;806;1119;101675;56699;44.8;25.0
43;2021-06-11;758;1347;102433;58046;45.1;25.6
43;2021-06-12;914;513;103347;58559;45.5;25.8
43;2021-06-13;3;27;103350;58586;45.5;25.8
43;2021-06-14;447;1088;103797;59674;45.7;26.3
43;2021-06-15;630;1193;104427;60867;46.0;26.8
43;2021-06-16;549;975;104976;61842;46.3;27.3
43;2021-06-17;600;1500;105576;63342;46.5;27.9
43;2021-06-18;901;1461;106477;64803;46.9;28.6
43;2021-06-19;447;782;106924;65585;47.1;28.9
43;2021-06-20;0;12;106924;65597;47.1;28.9
43;2021-06-21;423;1306;107347;66903;47.3;29.5
43;2021-06-22;532;1960;107879;68863;47.5;30.3
43;2021-06-23;343;1743;108222;70606;47.7;31.1
43;2021-06-24;512;1494;108734;72100;47.9;31.8
43;2021-06-25;595;2345;109329;74445;48.2;32.8
43;2021-06-26;505;1245;109834;75690;48.4;33.4
43;2021-06-27;9;20;109843;75710;48.4;33.4
43;2021-06-28;341;1786;110184;77496;48.6;34.2
43;2021-06-29;525;2378;110709;79874;48.8;35.2
43;2021-06-30;459;2276;111168;82150;49.0;36.2
43;2021-07-01;472;1908;111640;84058;49.2;37.0
43;2021-07-02;499;1959;112139;86017;49.4;37.9
43;2021-07-03;256;1106;112395;87123;49.5;38.4
43;2021-07-04;1;0;112396;87123;49.5;38.4
43;2021-07-05;523;1198;112919;88321;49.8;38.9
43;2021-07-06;631;1681;113550;90002;50.0;39.7
43;2021-07-07;521;1423;114071;91425;50.3;40.3
43;2021-07-08;835;1422;114906;92847;50.6;40.9
43;2021-07-09;548;1497;115454;94344;50.9;41.6
43;2021-07-10;401;1336;115855;95680;51.1;42.2
43;2021-07-11;23;98;115878;95778;51.1;42.2
43;2021-07-12;602;1684;116480;97462;51.3;43.0
43;2021-07-13;1184;1849;117664;99311;51.9;43.8
43;2021-07-14;843;151;118507;99462;52.2;43.8
43;2021-07-15;1922;1838;120429;101300;53.1;44.6
43;2021-07-16;1748;1614;122177;102914;53.8;45.4
43;2021-07-17;1532;1192;123709;104106;54.5;45.9
43;2021-07-18;4;19;123713;104125;54.5;45.9
43;2021-07-19;1436;1258;125149;105383;55.2;46.4
43;2021-07-20;1887;1447;127036;106830;56.0;47.1
43;2021-07-21;1842;1104;128878;107934;56.8;47.6
43;2021-07-22;2101;1320;130979;109254;57.7;48.2
43;2021-07-23;1615;1315;132594;110569;58.4;48.7
43;2021-07-24;574;987;133168;111556;58.7;49.2
43;2021-07-25;0;1;133168;111557;58.7;49.2
43;2021-07-26;1637;1066;134805;112623;59.4;49.6
43;2021-07-27;2268;1214;137073;113837;60.4;50.2
43;2021-07-28;1952;1081;139025;114918;61.3;50.6
43;2021-07-29;1977;1013;141002;115931;62.1;51.1
43;2021-07-30;1861;1325;142863;117256;63.0;51.7
43;2021-07-31;702;602;143565;117858;63.3;51.9
43;2021-08-01;13;20;143578;117878;63.3;52.0
43;2021-08-02;1530;949;145108;118827;64.0;52.4
44;2020-12-27;1;0;1;0;0.0;0.0
44;2020-12-28;0;0;1;0;0.0;0.0
44;2020-12-29;0;0;1;0;0.0;0.0
44;2020-12-30;1;0;2;0;0.0;0.0
44;2020-12-31;0;0;2;0;0.0;0.0
44;2021-01-01;0;0;2;0;0.0;0.0
44;2021-01-02;0;0;2;0;0.0;0.0
44;2021-01-03;2;0;4;0;0.0;0.0
44;2021-01-04;0;0;4;0;0.0;0.0
44;2021-01-05;0;0;4;0;0.0;0.0
44;2021-01-06;20;1;24;1;0.0;0.0
44;2021-01-07;186;0;210;1;0.0;0.0
44;2021-01-08;528;0;738;1;0.1;0.0
44;2021-01-09;473;0;1211;1;0.1;0.0
44;2021-01-10;455;1;1666;2;0.1;0.0
44;2021-01-11;801;0;2467;2;0.2;0.0
44;2021-01-12;906;1;3373;3;0.2;0.0
44;2021-01-13;1087;1;4460;4;0.3;0.0
44;2021-01-14;1113;8;5573;12;0.4;0.0
44;2021-01-15;987;1;6560;13;0.5;0.0
44;2021-01-16;335;2;6895;15;0.5;0.0
44;2021-01-17;327;1;7222;16;0.5;0.0
44;2021-01-18;855;3;8077;19;0.6;0.0
44;2021-01-19;2606;4;10683;23;0.7;0.0
44;2021-01-20;2721;4;13404;27;0.9;0.0
44;2021-01-21;4529;3;17933;30;1.2;0.0
44;2021-01-22;2415;6;20348;36;1.4;0.0
44;2021-01-23;763;1;21111;37;1.5;0.0
44;2021-01-24;119;0;21230;37;1.5;0.0
44;2021-01-25;829;0;22059;37;1.5;0.0
44;2021-01-26;2562;18;24621;55;1.7;0.0
44;2021-01-27;2091;61;26712;116;1.9;0.0
44;2021-01-28;3732;191;30444;307;2.1;0.0
44;2021-01-29;2367;492;32811;799;2.3;0.1
44;2021-01-30;628;218;33439;1017;2.3;0.1
44;2021-01-31;14;214;33453;1231;2.3;0.1
44;2021-02-01;591;545;34044;1776;2.4;0.1
44;2021-02-02;878;761;34922;2537;2.4;0.2
44;2021-02-03;889;899;35811;3436;2.5;0.2
44;2021-02-04;936;724;36747;4160;2.6;0.3
44;2021-02-05;894;629;37641;4789;2.6;0.3
44;2021-02-06;464;269;38105;5058;2.7;0.4
44;2021-02-07;72;208;38177;5266;2.7;0.4
44;2021-02-08;522;460;38699;5726;2.7;0.4
44;2021-02-09;987;1254;39686;6980;2.8;0.5
44;2021-02-10;1137;1313;40823;8293;2.8;0.6
44;2021-02-11;2287;3013;43110;11306;3.0;0.8
44;2021-02-12;1662;1743;44772;13049;3.1;0.9
44;2021-02-13;433;518;45205;13567;3.1;0.9
44;2021-02-14;10;180;45215;13747;3.1;1.0
44;2021-02-15;505;1104;45720;14851;3.2;1.0
44;2021-02-16;1441;2571;47161;17422;3.3;1.2
44;2021-02-17;1102;2172;48263;19594;3.4;1.4
44;2021-02-18;1959;3721;50222;23315;3.5;1.6
44;2021-02-19;1579;2538;51801;25853;3.6;1.8
44;2021-02-20;409;648;52210;26501;3.6;1.8
44;2021-02-21;6;178;52216;26679;3.6;1.9
44;2021-02-22;713;839;52929;27518;3.7;1.9
44;2021-02-23;1245;1131;54174;28649;3.8;2.0
44;2021-02-24;1239;1091;55413;29740;3.9;2.1
44;2021-02-25;2441;1084;57854;30824;4.0;2.1
44;2021-02-26;2291;966;60145;31790;4.2;2.2
44;2021-02-27;976;454;61121;32244;4.3;2.2
44;2021-02-28;6;32;61127;32276;4.3;2.2
44;2021-03-01;990;561;62117;32837;4.3;2.3
44;2021-03-02;1797;1055;63914;33892;4.4;2.4
44;2021-03-03;1859;1132;65773;35024;4.6;2.4
44;2021-03-04;2879;1568;68652;36592;4.8;2.5
44;2021-03-05;3476;1330;72128;37922;5.0;2.6
44;2021-03-06;2509;495;74637;38417;5.2;2.7
44;2021-03-07;987;86;75624;38503;5.3;2.7
44;2021-03-08;1784;611;77408;39114;5.4;2.7
44;2021-03-09;3351;1152;80759;40266;5.6;2.8
44;2021-03-10;3077;1112;83836;41378;5.8;2.9
44;2021-03-11;4436;1786;88272;43164;6.1;3.0
44;2021-03-12;5888;1288;94160;44452;6.6;3.1
44;2021-03-13;3629;294;97789;44746;6.8;3.1
44;2021-03-14;430;63;98219;44809;6.8;3.1
44;2021-03-15;2686;359;100905;45168;7.0;3.1
44;2021-03-16;2150;624;103055;45792;7.2;3.2
44;2021-03-17;1965;677;105020;46469;7.3;3.2
44;2021-03-18;2167;635;107187;47104;7.5;3.3
44;2021-03-19;3778;361;110965;47465;7.7;3.3
44;2021-03-20;3211;286;114176;47751;7.9;3.3
44;2021-03-21;910;18;115086;47769;8.0;3.3
44;2021-03-22;2460;439;117546;48208;8.2;3.4
44;2021-03-23;3960;700;121506;48908;8.5;3.4
44;2021-03-24;4303;626;125809;49534;8.8;3.4
44;2021-03-25;5618;921;131427;50455;9.1;3.5
44;2021-03-26;6501;755;137928;51210;9.6;3.6
44;2021-03-27;3214;421;141142;51631;9.8;3.6
44;2021-03-28;1244;38;142386;51669;9.9;3.6
44;2021-03-29;3116;789;145502;52458;10.1;3.7
44;2021-03-30;5135;1112;150637;53570;10.5;3.7
44;2021-03-31;4612;1309;155249;54879;10.8;3.8
44;2021-04-01;6131;994;161380;55873;11.2;3.9
44;2021-04-02;5794;948;167174;56821;11.6;4.0
44;2021-04-03;2434;647;169608;57468;11.8;4.0
44;2021-04-04;665;19;170273;57487;11.8;4.0
44;2021-04-05;692;285;170965;57772;11.9;4.0
44;2021-04-06;4204;1372;175169;59144;12.2;4.1
44;2021-04-07;5073;1648;180242;60792;12.5;4.2
44;2021-04-08;7177;1650;187419;62442;13.0;4.3
44;2021-04-09;10058;1784;197477;64226;13.7;4.5
44;2021-04-10;4559;1439;202036;65665;14.1;4.6
44;2021-04-11;2145;420;204181;66085;14.2;4.6
44;2021-04-12;5461;1584;209642;67669;14.6;4.7
44;2021-04-13;6727;2251;216369;69920;15.1;4.9
44;2021-04-14;5905;2228;222274;72148;15.5;5.0
44;2021-04-15;6702;2205;228976;74353;15.9;5.2
44;2021-04-16;7778;2033;236754;76386;16.5;5.3
44;2021-04-17;4295;1374;241049;77760;16.8;5.4
44;2021-04-18;2254;818;243303;78578;16.9;5.5
44;2021-04-19;5043;1902;248346;80480;17.3;5.6
44;2021-04-20;6279;2647;254625;83127;17.7;5.8
44;2021-04-21;6007;2780;260632;85907;18.1;6.0
44;2021-04-22;6957;2506;267589;88413;18.6;6.2
44;2021-04-23;7326;3160;274915;91573;19.1;6.4
44;2021-04-24;3972;2043;278887;93616;19.4;6.5
44;2021-04-25;2076;1057;280963;94673;19.6;6.6
44;2021-04-26;5647;2759;286610;97432;19.9;6.8
44;2021-04-27;7417;4101;294027;101533;20.5;7.1
44;2021-04-28;7602;3778;301629;105311;21.0;7.3
44;2021-04-29;8966;4264;310595;109575;21.6;7.6
44;2021-04-30;9566;4687;320161;114262;22.3;8.0
44;2021-05-01;2847;921;323008;115183;22.5;8.0
44;2021-05-02;1899;616;324907;115799;22.6;8.1
44;2021-05-03;5550;4073;330457;119872;23.0;8.3
44;2021-05-04;6330;5129;336787;125001;23.4;8.7
44;2021-05-05;6066;4623;342853;129624;23.9;9.0
44;2021-05-06;7253;4878;350106;134502;24.4;9.4
44;2021-05-07;7453;5714;357559;140216;24.9;9.8
44;2021-05-08;2581;1262;360140;141478;25.1;9.8
44;2021-05-09;1802;1815;361942;143293;25.2;10.0
44;2021-05-10;6570;5771;368512;149064;25.6;10.4
44;2021-05-11;7785;6259;376297;155323;26.2;10.8
44;2021-05-12;8192;5724;384489;161047;26.8;11.2
44;2021-05-13;5294;1185;389783;162232;27.1;11.3
44;2021-05-14;7583;3971;397366;166203;27.6;11.6
44;2021-05-15;5005;2229;402371;168432;28.0;11.7
44;2021-05-16;2796;740;405167;169172;28.2;11.8
44;2021-05-17;6745;5151;411912;174323;28.7;12.1
44;2021-05-18;7973;5237;419885;179560;29.2;12.5
44;2021-05-19;8162;4286;428047;183846;29.8;12.8
44;2021-05-20;8367;4653;436414;188499;30.4;13.1
44;2021-05-21;8833;5212;445247;193711;31.0;13.5
44;2021-05-22;5098;2232;450345;195943;31.3;13.6
44;2021-05-23;1760;825;452105;196768;31.5;13.7
44;2021-05-24;4885;1616;456990;198384;31.8;13.8
44;2021-05-25;7739;5544;464729;203928;32.3;14.2
44;2021-05-26;8175;5038;472904;208966;32.9;14.5
44;2021-05-27;9655;5352;482559;214318;33.6;14.9
44;2021-05-28;9183;6917;491742;221235;34.2;15.4
44;2021-05-29;5884;3329;497626;224564;34.6;15.6
44;2021-05-30;1775;704;499401;225268;34.7;15.7
44;2021-05-31;8062;6184;507463;231452;35.3;16.1
44;2021-06-01;9899;6541;517362;237993;36.0;16.6
44;2021-06-02;9515;5689;526877;243682;36.7;17.0
44;2021-06-03;10854;5878;537731;249560;37.4;17.4
44;2021-06-04;9933;8069;547664;257629;38.1;17.9
44;2021-06-05;5772;4345;553436;261974;38.5;18.2
44;2021-06-06;2361;1130;555797;263104;38.7;18.3
44;2021-06-07;9551;6931;565348;270035;39.3;18.8
44;2021-06-08;10899;7491;576247;277526;40.1;19.3
44;2021-06-09;10546;6323;586793;283849;40.8;19.8
44;2021-06-10;11396;6035;598189;289884;41.6;20.2
44;2021-06-11;11913;8631;610102;298515;42.5;20.8
44;2021-06-12;7758;4081;617860;302596;43.0;21.1
44;2021-06-13;2792;1009;620652;303605;43.2;21.1
44;2021-06-14;8696;8400;629348;312005;43.8;21.7
44;2021-06-15;11239;8236;640587;320241;44.6;22.3
44;2021-06-16;10915;7647;651502;327888;45.3;22.8
44;2021-06-17;11675;8668;663177;336556;46.1;23.4
44;2021-06-18;10644;10099;673821;346655;46.9;24.1
44;2021-06-19;5871;4323;679692;350978;47.3;24.4
44;2021-06-20;2534;1333;682226;352311;47.5;24.5
44;2021-06-21;7216;10012;689442;362323;48.0;25.2
44;2021-06-22;8438;10620;697880;372943;48.6;26.0
44;2021-06-23;8527;9124;706407;382067;49.2;26.6
44;2021-06-24;9106;8565;715513;390632;49.8;27.2
44;2021-06-25;7606;10803;723119;401435;50.3;27.9
44;2021-06-26;2956;6467;726075;407902;50.5;28.4
44;2021-06-27;816;2405;726891;410307;50.6;28.6
44;2021-06-28;5212;10061;732103;420368;50.9;29.3
44;2021-06-29;6172;12080;738275;432448;51.4;30.1
44;2021-06-30;6135;10459;744410;442907;51.8;30.8
44;2021-07-01;6844;10488;751254;453395;52.3;31.5
44;2021-07-02;6380;12545;757634;465940;52.7;32.4
44;2021-07-03;2559;7007;760193;472947;52.9;32.9
44;2021-07-04;985;2234;761178;475181;53.0;33.1
44;2021-07-05;5218;11876;766396;487057;53.3;33.9
44;2021-07-06;5880;12616;772276;499673;53.7;34.8
44;2021-07-07;6368;11101;778644;510774;54.2;35.5
44;2021-07-08;7235;11969;785879;522743;54.7;36.4
44;2021-07-09;6039;14264;791918;537007;55.1;37.4
44;2021-07-10;2372;7018;794290;544025;55.3;37.9
44;2021-07-11;721;2261;795011;546286;55.3;38.0
44;2021-07-12;4333;14061;799344;560347;55.6;39.0
44;2021-07-13;5695;14872;805039;575219;56.0;40.0
44;2021-07-14;3612;5812;808651;581031;56.3;40.4
44;2021-07-15;7118;14266;815769;595297;56.8;41.4
44;2021-07-16;8062;14999;823831;610296;57.3;42.5
44;2021-07-17;3345;7575;827176;617871;57.6;43.0
44;2021-07-18;1422;2547;828598;620418;57.7;43.2
44;2021-07-19;4659;14706;833257;635124;58.0;44.2
44;2021-07-20;5963;15679;839220;650803;58.4;45.3
44;2021-07-21;5800;14007;845020;664810;58.8;46.3
44;2021-07-22;6668;13748;851688;678558;59.3;47.2
44;2021-07-23;6109;15641;857797;694199;59.7;48.3
44;2021-07-24;2816;8722;860613;702921;59.9;48.9
44;2021-07-25;929;3092;861542;706013;59.9;49.1
44;2021-07-26;6030;12695;867572;718708;60.4;50.0
44;2021-07-27;9615;12175;877187;730883;61.0;50.9
44;2021-07-28;9185;10823;886372;741706;61.7;51.6
44;2021-07-29;10191;10820;896563;752526;62.4;52.4
44;2021-07-30;9072;10899;905635;763425;63.0;53.1
44;2021-07-31;4707;5634;910342;769059;63.3;53.5
44;2021-08-01;2532;1396;912874;770455;63.5;53.6
44;2021-08-02;6217;9450;919091;779905;64.0;54.3
45;2020-12-27;0;0;0;0;0.0;0.0
45;2020-12-28;1;0;1;0;0.0;0.0
45;2020-12-29;0;0;1;0;0.0;0.0
45;2020-12-30;0;0;1;0;0.0;0.0
45;2020-12-31;1;0;2;0;0.0;0.0
45;2021-01-01;0;0;2;0;0.0;0.0
45;2021-01-02;0;0;2;0;0.0;0.0
45;2021-01-03;0;0;2;0;0.0;0.0
45;2021-01-04;0;0;2;0;0.0;0.0
45;2021-01-05;76;0;78;0;0.0;0.0
45;2021-01-06;69;0;147;0;0.0;0.0
45;2021-01-07;186;0;333;0;0.0;0.0
45;2021-01-08;199;1;532;1;0.1;0.0
45;2021-01-09;42;0;574;1;0.1;0.0
45;2021-01-10;23;0;597;1;0.1;0.0
45;2021-01-11;254;0;851;1;0.1;0.0
45;2021-01-12;679;2;1530;3;0.2;0.0
45;2021-01-13;496;2;2026;5;0.3;0.0
45;2021-01-14;482;38;2508;43;0.4;0.0
45;2021-01-15;391;3;2899;46;0.4;0.0
45;2021-01-16;39;0;2938;46;0.4;0.0
45;2021-01-17;24;0;2962;46;0.4;0.0
45;2021-01-18;814;1;3776;47;0.6;0.0
45;2021-01-19;1196;6;4972;53;0.7;0.0
45;2021-01-20;2109;6;7081;59;1.0;0.0
45;2021-01-21;2522;4;9603;63;1.4;0.0
45;2021-01-22;1409;2;11012;65;1.6;0.0
45;2021-01-23;121;0;11133;65;1.6;0.0
45;2021-01-24;39;0;11172;65;1.6;0.0
45;2021-01-25;556;3;11728;68;1.7;0.0
45;2021-01-26;847;18;12575;86;1.8;0.0
45;2021-01-27;648;44;13223;130;1.9;0.0
45;2021-01-28;882;219;14105;349;2.1;0.1
45;2021-01-29;577;125;14682;474;2.1;0.1
45;2021-01-30;40;41;14722;515;2.2;0.1
45;2021-01-31;37;23;14759;538;2.2;0.1
45;2021-02-01;462;209;15221;747;2.2;0.1
45;2021-02-02;759;469;15980;1216;2.3;0.2
45;2021-02-03;773;480;16753;1696;2.5;0.2
45;2021-02-04;701;267;17454;1963;2.6;0.3
45;2021-02-05;416;151;17870;2114;2.6;0.3
45;2021-02-06;36;28;17906;2142;2.6;0.3
45;2021-02-07;5;31;17911;2173;2.6;0.3
45;2021-02-08;455;194;18366;2367;2.7;0.3
45;2021-02-09;1004;408;19370;2775;2.8;0.4
45;2021-02-10;1277;791;20647;3566;3.0;0.5
45;2021-02-11;1383;1523;22030;5089;3.2;0.7
45;2021-02-12;1052;1142;23082;6231;3.4;0.9
45;2021-02-13;85;158;23167;6389;3.4;0.9
45;2021-02-14;39;11;23206;6400;3.4;0.9
45;2021-02-15;523;612;23729;7012;3.5;1.0
45;2021-02-16;756;939;24485;7951;3.6;1.2
45;2021-02-17;642;1049;25127;9000;3.7;1.3
45;2021-02-18;840;857;25967;9857;3.8;1.4
45;2021-02-19;827;762;26794;10619;3.9;1.6
45;2021-02-20;59;94;26853;10713;3.9;1.6
45;2021-02-21;17;46;26870;10759;3.9;1.6
45;2021-02-22;407;634;27277;11393;4.0;1.7
45;2021-02-23;815;808;28092;12201;4.1;1.8
45;2021-02-24;650;929;28742;13130;4.2;1.9
45;2021-02-25;961;806;29703;13936;4.3;2.0
45;2021-02-26;1044;697;30747;14633;4.5;2.1
45;2021-02-27;290;52;31037;14685;4.5;2.2
45;2021-02-28;28;5;31065;14690;4.5;2.2
45;2021-03-01;533;336;31598;15026;4.6;2.2
45;2021-03-02;670;728;32268;15754;4.7;2.3
45;2021-03-03;982;891;33250;16645;4.9;2.4
45;2021-03-04;1108;984;34358;17629;5.0;2.6
45;2021-03-05;1439;861;35797;18490;5.2;2.7
45;2021-03-06;2022;124;37819;18614;5.5;2.7
45;2021-03-07;143;59;37962;18673;5.6;2.7
45;2021-03-08;752;852;38714;19525;5.7;2.9
45;2021-03-09;1256;715;39970;20240;5.9;3.0
45;2021-03-10;1595;897;41565;21137;6.1;3.1
45;2021-03-11;1720;751;43285;21888;6.3;3.2
45;2021-03-12;2074;605;45359;22493;6.6;3.3
45;2021-03-13;987;46;46346;22539;6.8;3.3
45;2021-03-14;24;43;46370;22582;6.8;3.3
45;2021-03-15;811;599;47181;23181;6.9;3.4
45;2021-03-16;943;838;48124;24019;7.0;3.5
45;2021-03-17;1051;686;49175;24705;7.2;3.6
45;2021-03-18;997;580;50172;25285;7.3;3.7
45;2021-03-19;1619;429;51791;25714;7.6;3.8
45;2021-03-20;498;81;52289;25795;7.7;3.8
45;2021-03-21;20;35;52309;25830;7.7;3.8
45;2021-03-22;913;528;53222;26358;7.8;3.9
45;2021-03-23;1983;718;55205;27076;8.1;4.0
45;2021-03-24;1897;547;57102;27623;8.4;4.0
45;2021-03-25;2983;445;60085;28068;8.8;4.1
45;2021-03-26;3388;469;63473;28537;9.3;4.2
45;2021-03-27;1793;117;65266;28654;9.6;4.2
45;2021-03-28;89;40;65355;28694;9.6;4.2
45;2021-03-29;1528;537;66883;29231;9.8;4.3
45;2021-03-30;2781;781;69664;30012;10.2;4.4
45;2021-03-31;2134;573;71798;30585;10.5;4.5
45;2021-04-01;2973;558;74771;31143;10.9;4.6
45;2021-04-02;2824;505;77595;31648;11.4;4.6
45;2021-04-03;810;73;78405;31721;11.5;4.6
45;2021-04-04;112;33;78517;31754;11.5;4.6
45;2021-04-05;14;2;78531;31756;11.5;4.7
45;2021-04-06;1734;790;80265;32546;11.8;4.8
45;2021-04-07;1776;1110;82041;33656;12.0;4.9
45;2021-04-08;2773;1021;84814;34677;12.4;5.1
45;2021-04-09;3673;641;88487;35318;13.0;5.2
45;2021-04-10;2322;105;90809;35423;13.3;5.2
45;2021-04-11;153;24;90962;35447;13.3;5.2
45;2021-04-12;2605;659;93567;36106;13.7;5.3
45;2021-04-13;3843;1080;97410;37186;14.3;5.4
45;2021-04-14;2930;1219;100340;38405;14.7;5.6
45;2021-04-15;3521;1029;103861;39434;15.2;5.8
45;2021-04-16;3775;685;107636;40119;15.8;5.9
45;2021-04-17;1613;109;109249;40228;16.0;5.9
45;2021-04-18;200;37;109449;40265;16.0;5.9
45;2021-04-19;1937;946;111386;41211;16.3;6.0
45;2021-04-20;3075;1694;114461;42905;16.8;6.3
45;2021-04-21;2723;1295;117184;44200;17.2;6.5
45;2021-04-22;3425;1839;120609;46039;17.7;6.7
45;2021-04-23;3276;1794;123885;47833;18.1;7.0
45;2021-04-24;2023;865;125908;48698;18.4;7.1
45;2021-04-25;292;84;126200;48782;18.5;7.1
45;2021-04-26;2227;1162;128427;49944;18.8;7.3
45;2021-04-27;3351;2349;131778;52293;19.3;7.7
45;2021-04-28;2802;1946;134580;54239;19.7;7.9
45;2021-04-29;3832;2336;138412;56575;20.3;8.3
45;2021-04-30;4388;1801;142800;58376;20.9;8.5
45;2021-05-01;451;61;143251;58437;21.0;8.6
45;2021-05-02;626;121;143877;58558;21.1;8.6
45;2021-05-03;2821;986;146698;59544;21.5;8.7
45;2021-05-04;3159;2341;149857;61885;21.9;9.1
45;2021-05-05;2713;2159;152570;64044;22.3;9.4
45;2021-05-06;3331;2538;155901;66582;22.8;9.8
45;2021-05-07;2873;3201;158774;69783;23.3;10.2
45;2021-05-08;607;245;159381;70028;23.3;10.3
45;2021-05-09;1498;125;160879;70153;23.6;10.3
45;2021-05-10;4140;2969;165019;73122;24.2;10.7
45;2021-05-11;5029;2964;170048;76086;24.9;11.1
45;2021-05-12;6078;2778;176126;78864;25.8;11.5
45;2021-05-13;2450;595;178576;79459;26.2;11.6
45;2021-05-14;4967;1627;183543;81086;26.9;11.9
45;2021-05-15;4066;605;187609;81691;27.5;12.0
45;2021-05-16;287;33;187896;81724;27.5;12.0
45;2021-05-17;3354;1534;191250;83258;28.0;12.2
45;2021-05-18;5118;1681;196368;84939;28.8;12.4
45;2021-05-19;4493;2058;200861;86997;29.4;12.7
45;2021-05-20;5264;2136;206125;89133;30.2;13.1
45;2021-05-21;5146;2224;211271;91357;30.9;13.4
45;2021-05-22;3041;629;214312;91986;31.4;13.5
45;2021-05-23;15;94;214327;92080;31.4;13.5
45;2021-05-24;2829;206;217156;92286;31.8;13.5
45;2021-05-25;4961;3031;222117;95317;32.5;14.0
45;2021-05-26;5107;2315;227224;97632;33.3;14.3
45;2021-05-27;5310;3200;232534;100832;34.1;14.8
45;2021-05-28;5665;3541;238199;104373;34.9;15.3
45;2021-05-29;3671;1285;241870;105658;35.4;15.5
45;2021-05-30;33;182;241903;105840;35.4;15.5
45;2021-05-31;4329;2519;246232;108359;36.1;15.9
45;2021-06-01;6090;2995;252322;111354;36.9;16.3
45;2021-06-02;4938;3094;257260;114448;37.7;16.8
45;2021-06-03;5618;3202;262878;117650;38.5;17.2
45;2021-06-04;5895;3187;268773;120837;39.4;17.7
45;2021-06-05;2029;1333;270802;122170;39.7;17.9
45;2021-06-06;86;198;270888;122368;39.7;17.9
45;2021-06-07;4081;2723;274969;125091;40.3;18.3
45;2021-06-08;4645;4072;279614;129163;40.9;18.9
45;2021-06-09;4353;3336;283967;132499;41.6;19.4
45;2021-06-10;4634;2682;288601;135181;42.3;19.8
45;2021-06-11;4108;3662;292709;138843;42.9;20.3
45;2021-06-12;2440;1505;295149;140348;43.2;20.6
45;2021-06-13;21;424;295170;140772;43.2;20.6
45;2021-06-14;3135;4149;298305;144921;43.7;21.2
45;2021-06-15;3388;4327;301693;149248;44.2;21.9
45;2021-06-16;3899;3452;305592;152700;44.7;22.4
45;2021-06-17;3525;3541;309117;156241;45.3;22.9
45;2021-06-18;3802;5026;312919;161267;45.8;23.6
45;2021-06-19;2392;1760;315311;163027;46.2;23.9
45;2021-06-20;45;140;315356;163167;46.2;23.9
45;2021-06-21;2162;5849;317518;169016;46.5;24.8
45;2021-06-22;2416;6526;319934;175542;46.9;25.7
45;2021-06-23;2284;5604;322218;181146;47.2;26.5
45;2021-06-24;2133;3529;324351;184675;47.5;27.0
45;2021-06-25;2439;6443;326790;191118;47.9;28.0
45;2021-06-26;1935;3091;328725;194209;48.1;28.4
45;2021-06-27;51;138;328776;194347;48.1;28.5
45;2021-06-28;2076;4829;330852;199176;48.4;29.2
45;2021-06-29;2832;6813;333684;205989;48.9;30.2
45;2021-06-30;2868;5846;336552;211835;49.3;31.0
45;2021-07-01;2379;5029;338931;216864;49.6;31.8
45;2021-07-02;2356;6282;341287;223146;50.0;32.7
45;2021-07-03;751;2540;342038;225686;50.1;33.0
45;2021-07-04;4;10;342042;225696;50.1;33.1
45;2021-07-05;2134;4990;344176;230686;50.4;33.8
45;2021-07-06;2791;6787;346967;237473;50.8;34.8
45;2021-07-07;2432;6074;349399;243547;51.2;35.7
45;2021-07-08;2813;5391;352212;248938;51.6;36.5
45;2021-07-09;2141;6986;354353;255924;51.9;37.5
45;2021-07-10;1538;3860;355891;259784;52.1;38.0
45;2021-07-11;23;31;355914;259815;52.1;38.0
45;2021-07-12;1584;6000;357498;265815;52.4;38.9
45;2021-07-13;2984;8237;360482;274052;52.8;40.1
45;2021-07-14;1465;1513;361947;275565;53.0;40.4
45;2021-07-15;3702;7286;365649;282851;53.5;41.4
45;2021-07-16;3236;7448;368885;290299;54.0;42.5
45;2021-07-17;1275;2330;370160;292629;54.2;42.9
45;2021-07-18;15;19;370175;292648;54.2;42.9
45;2021-07-19;1857;5958;372032;298606;54.5;43.7
45;2021-07-20;4686;6901;376718;305507;55.2;44.7
45;2021-07-21;5137;5461;381855;310968;55.9;45.5
45;2021-07-22;6156;4894;388011;315862;56.8;46.3
45;2021-07-23;4239;5480;392250;321342;57.4;47.1
45;2021-07-24;1850;2818;394100;324160;57.7;47.5
45;2021-07-25;5;14;394105;324174;57.7;47.5
45;2021-07-26;2889;4974;396994;329148;58.1;48.2
45;2021-07-27;5432;5059;402426;334207;58.9;48.9
45;2021-07-28;4975;4159;407401;338366;59.7;49.5
45;2021-07-29;5246;3227;412647;341593;60.4;50.0
45;2021-07-30;4724;4687;417371;346280;61.1;50.7
45;2021-07-31;843;1942;418214;348222;61.2;51.0
45;2021-08-01;1;4;418215;348226;61.2;51.0
45;2021-08-02;3523;3191;421738;351417;61.8;51.5
46;2020-12-27;1;0;1;0;0.0;0.0
46;2020-12-28;0;0;1;0;0.0;0.0
46;2020-12-29;0;0;1;0;0.0;0.0
46;2020-12-30;0;0;1;0;0.0;0.0
46;2020-12-31;0;0;1;0;0.0;0.0
46;2021-01-01;0;0;1;0;0.0;0.0
46;2021-01-02;0;0;1;0;0.0;0.0
46;2021-01-03;1;0;2;0;0.0;0.0
46;2021-01-04;0;0;2;0;0.0;0.0
46;2021-01-05;0;0;2;0;0.0;0.0
46;2021-01-06;3;0;5;0;0.0;0.0
46;2021-01-07;135;0;140;0;0.1;0.0
46;2021-01-08;180;0;320;0;0.2;0.0
46;2021-01-09;1;0;321;0;0.2;0.0
46;2021-01-10;1;0;322;0;0.2;0.0
46;2021-01-11;117;0;439;0;0.3;0.0
46;2021-01-12;140;0;579;0;0.3;0.0
46;2021-01-13;234;0;813;0;0.5;0.0
46;2021-01-14;237;2;1050;2;0.6;0.0
46;2021-01-15;304;2;1354;4;0.8;0.0
46;2021-01-16;18;0;1372;4;0.8;0.0
46;2021-01-17;0;0;1372;4;0.8;0.0
46;2021-01-18;274;2;1646;6;1.0;0.0
46;2021-01-19;388;0;2034;6;1.2;0.0
46;2021-01-20;935;1;2969;7;1.7;0.0
46;2021-01-21;996;0;3965;7;2.3;0.0
46;2021-01-22;390;2;4355;9;2.5;0.0
46;2021-01-23;0;0;4355;9;2.5;0.0
46;2021-01-24;0;0;4355;9;2.5;0.0
46;2021-01-25;203;1;4558;10;2.6;0.0
46;2021-01-26;262;1;4820;11;2.8;0.0
46;2021-01-27;276;0;5096;11;2.9;0.0
46;2021-01-28;278;43;5374;54;3.1;0.0
46;2021-01-29;233;93;5607;147;3.2;0.1
46;2021-01-30;1;0;5608;147;3.2;0.1
46;2021-01-31;1;0;5609;147;3.2;0.1
46;2021-02-01;233;175;5842;322;3.4;0.2
46;2021-02-02;209;238;6051;560;3.5;0.3
46;2021-02-03;223;95;6274;655;3.6;0.4
46;2021-02-04;372;87;6646;742;3.8;0.4
46;2021-02-05;226;179;6872;921;4.0;0.5
46;2021-02-06;7;0;6879;921;4.0;0.5
46;2021-02-07;42;0;6921;921;4.0;0.5
46;2021-02-08;196;156;7117;1077;4.1;0.6
46;2021-02-09;269;230;7386;1307;4.3;0.8
46;2021-02-10;277;545;7663;1852;4.4;1.1
46;2021-02-11;653;558;8316;2410;4.8;1.4
46;2021-02-12;319;341;8635;2751;5.0;1.6
46;2021-02-13;0;0;8635;2751;5.0;1.6
46;2021-02-14;0;62;8635;2813;5.0;1.6
46;2021-02-15;195;298;8830;3111;5.1;1.8
46;2021-02-16;217;282;9047;3393;5.2;2.0
46;2021-02-17;200;328;9247;3721;5.3;2.1
46;2021-02-18;336;268;9583;3989;5.5;2.3
46;2021-02-19;277;234;9860;4223;5.7;2.4
46;2021-02-20;0;0;9860;4223;5.7;2.4
46;2021-02-21;1;0;9861;4223;5.7;2.4
46;2021-02-22;132;191;9993;4414;5.8;2.5
46;2021-02-23;225;168;10218;4582;5.9;2.6
46;2021-02-24;180;326;10398;4908;6.0;2.8
46;2021-02-25;247;341;10645;5249;6.1;3.0
46;2021-02-26;401;346;11046;5595;6.4;3.2
46;2021-02-27;120;0;11166;5595;6.4;3.2
46;2021-02-28;0;3;11166;5598;6.4;3.2
46;2021-03-01;168;180;11334;5778;6.5;3.3
46;2021-03-02;405;233;11739;6011;6.8;3.5
46;2021-03-03;456;331;12195;6342;7.0;3.7
46;2021-03-04;608;455;12803;6797;7.4;3.9
46;2021-03-05;809;364;13612;7161;7.9;4.1
46;2021-03-06;474;17;14086;7178;8.1;4.1
46;2021-03-07;101;19;14187;7197;8.2;4.2
46;2021-03-08;348;248;14535;7445;8.4;4.3
46;2021-03-09;743;271;15278;7716;8.8;4.5
46;2021-03-10;686;247;15964;7963;9.2;4.6
46;2021-03-11;846;254;16810;8217;9.7;4.7
46;2021-03-12;926;228;17736;8445;10.2;4.9
46;2021-03-13;512;3;18248;8448;10.5;4.9
46;2021-03-14;0;0;18248;8448;10.5;4.9
46;2021-03-15;504;165;18752;8613;10.8;5.0
46;2021-03-16;752;174;19504;8787;11.3;5.1
46;2021-03-17;671;203;20175;8990;11.7;5.2
46;2021-03-18;747;216;20922;9206;12.1;5.3
46;2021-03-19;809;150;21731;9356;12.5;5.4
46;2021-03-20;286;2;22017;9358;12.7;5.4
46;2021-03-21;2;0;22019;9358;12.7;5.4
46;2021-03-22;555;240;22574;9598;13.0;5.5
46;2021-03-23;701;213;23275;9811;13.4;5.7
46;2021-03-24;674;240;23949;10051;13.8;5.8
46;2021-03-25;1133;180;25082;10231;14.5;5.9
46;2021-03-26;1026;339;26108;10570;15.1;6.1
46;2021-03-27;420;71;26528;10641;15.3;6.1
46;2021-03-28;126;1;26654;10642;15.4;6.1
46;2021-03-29;732;251;27386;10893;15.8;6.3
46;2021-03-30;768;361;28154;11254;16.3;6.5
46;2021-03-31;866;420;29020;11674;16.8;6.7
46;2021-04-01;1168;342;30188;12016;17.4;6.9
46;2021-04-02;925;395;31113;12411;18.0;7.2
46;2021-04-03;167;166;31280;12577;18.1;7.3
46;2021-04-04;0;71;31280;12648;18.1;7.3
46;2021-04-05;1;0;31281;12648;18.1;7.3
46;2021-04-06;544;519;31825;13167;18.4;7.6
46;2021-04-07;783;644;32608;13811;18.8;8.0
46;2021-04-08;961;542;33569;14353;19.4;8.3
46;2021-04-09;1018;501;34587;14854;20.0;8.6
46;2021-04-10;500;208;35087;15062;20.3;8.7
46;2021-04-11;232;1;35319;15063;20.4;8.7
46;2021-04-12;844;547;36163;15610;20.9;9.0
46;2021-04-13;1186;716;37349;16326;21.6;9.4
46;2021-04-14;1532;614;38881;16940;22.5;9.8
46;2021-04-15;1495;664;40376;17604;23.3;10.2
46;2021-04-16;1577;564;41953;18168;24.2;10.5
46;2021-04-17;992;132;42945;18300;24.8;10.6
46;2021-04-18;516;8;43461;18308;25.1;10.6
46;2021-04-19;1067;570;44528;18878;25.7;10.9
46;2021-04-20;1222;725;45750;19603;26.4;11.3
46;2021-04-21;1230;713;46980;20316;27.1;11.7
46;2021-04-22;1390;727;48370;21043;27.9;12.2
46;2021-04-23;1132;730;49502;21773;28.6;12.6
46;2021-04-24;472;18;49974;21791;28.9;12.6
46;2021-04-25;351;9;50325;21800;29.1;12.6
46;2021-04-26;853;730;51178;22530;29.6;13.0
46;2021-04-27;1220;665;52398;23195;30.3;13.4
46;2021-04-28;1289;668;53687;23863;31.0;13.8
46;2021-04-29;1416;523;55103;24386;31.8;14.1
46;2021-04-30;1435;563;56538;24949;32.6;14.4
46;2021-05-01;697;71;57235;25020;33.1;14.4
46;2021-05-02;346;4;57581;25024;33.3;14.5
46;2021-05-03;853;568;58434;25592;33.7;14.8
46;2021-05-04;1036;1061;59470;26653;34.3;15.4
46;2021-05-05;1376;786;60846;27439;35.1;15.8
46;2021-05-06;1375;739;62221;28178;35.9;16.3
46;2021-05-07;1396;791;63617;28969;36.7;16.7
46;2021-05-08;282;411;63899;29380;36.9;17.0
46;2021-05-09;23;225;63922;29605;36.9;17.1
46;2021-05-10;519;1140;64441;30745;37.2;17.8
46;2021-05-11;1037;1259;65478;32004;37.8;18.5
46;2021-05-12;994;1560;66472;33564;38.4;19.4
46;2021-05-13;600;144;67072;33708;38.7;19.5
46;2021-05-14;962;1096;68034;34804;39.3;20.1
46;2021-05-15;256;653;68290;35457;39.4;20.5
46;2021-05-16;78;298;68368;35755;39.5;20.6
46;2021-05-17;652;957;69020;36712;39.9;21.2
46;2021-05-18;1404;1020;70424;37732;40.7;21.8
46;2021-05-19;1306;899;71730;38631;41.4;22.3
46;2021-05-20;1453;811;73183;39442;42.3;22.8
46;2021-05-21;997;1158;74180;40600;42.8;23.4
46;2021-05-22;145;369;74325;40969;42.9;23.7
46;2021-05-23;448;25;74773;40994;43.2;23.7
46;2021-05-24;411;113;75184;41107;43.4;23.7
46;2021-05-25;962;1330;76146;42437;44.0;24.5
46;2021-05-26;1236;1150;77382;43587;44.7;25.2
46;2021-05-27;1430;1193;78812;44780;45.5;25.9
46;2021-05-28;1435;1207;80247;45987;46.3;26.6
46;2021-05-29;1052;398;81299;46385;46.9;26.8
46;2021-05-30;408;39;81707;46424;47.2;26.8
46;2021-05-31;970;975;82677;47399;47.7;27.4
46;2021-06-01;1277;997;83954;48396;48.5;27.9
46;2021-06-02;1316;1114;85270;49510;49.2;28.6
46;2021-06-03;1415;1010;86685;50520;50.1;29.2
46;2021-06-04;1330;976;88015;51496;50.8;29.7
46;2021-06-05;380;413;88395;51909;51.0;30.0
46;2021-06-06;207;95;88602;52004;51.2;30.0
46;2021-06-07;813;617;89415;52621;51.6;30.4
46;2021-06-08;1021;896;90436;53517;52.2;30.9
46;2021-06-09;1505;971;91941;54488;53.1;31.5
46;2021-06-10;976;849;92917;55337;53.7;32.0
46;2021-06-11;970;1322;93887;56659;54.2;32.7
46;2021-06-12;459;549;94346;57208;54.5;33.0
46;2021-06-13;27;86;94373;57294;54.5;33.1
46;2021-06-14;590;1138;94963;58432;54.8;33.7
46;2021-06-15;748;1248;95711;59680;55.3;34.5
46;2021-06-16;997;1113;96708;60793;55.8;35.1
46;2021-06-17;525;896;97233;61689;56.2;35.6
46;2021-06-18;653;1253;97886;62942;56.5;36.3
46;2021-06-19;454;312;98340;63254;56.8;36.5
46;2021-06-20;39;161;98379;63415;56.8;36.6
46;2021-06-21;428;946;98807;64361;57.1;37.2
46;2021-06-22;350;1179;99157;65540;57.3;37.8
46;2021-06-23;520;1075;99677;66615;57.6;38.5
46;2021-06-24;251;822;99928;67437;57.7;38.9
46;2021-06-25;492;1118;100420;68555;58.0;39.6
46;2021-06-26;395;551;100815;69106;58.2;39.9
46;2021-06-27;2;4;100817;69110;58.2;39.9
46;2021-06-28;313;1338;101130;70448;58.4;40.7
46;2021-06-29;374;1685;101504;72133;58.6;41.7
46;2021-06-30;510;1580;102014;73713;58.9;42.6
46;2021-07-01;305;1153;102319;74866;59.1;43.2
46;2021-07-02;448;1085;102767;75951;59.3;43.9
46;2021-07-03;119;455;102886;76406;59.4;44.1
46;2021-07-04;56;127;102942;76533;59.4;44.2
46;2021-07-05;343;1188;103285;77721;59.6;44.9
46;2021-07-06;368;1459;103653;79180;59.9;45.7
46;2021-07-07;575;1720;104228;80900;60.2;46.7
46;2021-07-08;339;1168;104567;82068;60.4;47.4
46;2021-07-09;395;1703;104962;83771;60.6;48.4
46;2021-07-10;282;1043;105244;84814;60.8;49.0
46;2021-07-11;15;375;105259;85189;60.8;49.2
46;2021-07-12;246;1262;105505;86451;60.9;49.9
46;2021-07-13;621;1674;106126;88125;61.3;50.9
46;2021-07-14;63;144;106189;88269;61.3;51.0
46;2021-07-15;887;1463;107076;89732;61.8;51.8
46;2021-07-16;763;1396;107839;91128;62.3;52.6
46;2021-07-17;346;531;108185;91659;62.5;52.9
46;2021-07-18;0;0;108185;91659;62.5;52.9
46;2021-07-19;662;1186;108847;92845;62.9;53.6
46;2021-07-20;974;1425;109821;94270;63.4;54.4
46;2021-07-21;995;1381;110816;95651;64.0;55.2
46;2021-07-22;1365;1109;112181;96760;64.8;55.9
46;2021-07-23;730;1317;112911;98077;65.2;56.6
46;2021-07-24;927;662;113838;98739;65.7;57.0
46;2021-07-25;134;16;113972;98755;65.8;57.0
46;2021-07-26;834;883;114806;99638;66.3;57.5
46;2021-07-27;1190;972;115996;100610;67.0;58.1
46;2021-07-28;1239;1098;117235;101708;67.7;58.7
46;2021-07-29;1534;845;118769;102553;68.6;59.2
46;2021-07-30;1882;944;120651;103497;69.7;59.8
46;2021-07-31;912;645;121563;104142;70.2;60.1
46;2021-08-01;10;3;121573;104145;70.2;60.1
46;2021-08-02;943;579;122516;104724;70.8;60.5
47;2020-12-27;0;0;0;0;0.0;0.0
47;2020-12-28;0;0;0;0;0.0;0.0
47;2020-12-29;0;0;0;0;0.0;0.0
47;2020-12-30;0;0;0;0;0.0;0.0
47;2020-12-31;0;0;0;0;0.0;0.0
47;2021-01-01;4;0;4;0;0.0;0.0
47;2021-01-02;0;0;4;0;0.0;0.0
47;2021-01-03;0;0;4;0;0.0;0.0
47;2021-01-04;0;0;4;0;0.0;0.0
47;2021-01-05;0;0;4;0;0.0;0.0
47;2021-01-06;0;0;4;0;0.0;0.0
47;2021-01-07;71;1;75;1;0.0;0.0
47;2021-01-08;314;0;389;1;0.1;0.0
47;2021-01-09;113;0;502;1;0.2;0.0
47;2021-01-10;0;0;502;1;0.2;0.0
47;2021-01-11;249;0;751;1;0.2;0.0
47;2021-01-12;326;0;1077;1;0.3;0.0
47;2021-01-13;349;0;1426;1;0.4;0.0
47;2021-01-14;364;4;1790;5;0.5;0.0
47;2021-01-15;286;1;2076;6;0.6;0.0
47;2021-01-16;176;4;2252;10;0.7;0.0
47;2021-01-17;0;0;2252;10;0.7;0.0
47;2021-01-18;484;1;2736;11;0.8;0.0
47;2021-01-19;469;2;3205;13;1.0;0.0
47;2021-01-20;511;0;3716;13;1.1;0.0
47;2021-01-21;585;0;4301;13;1.3;0.0
47;2021-01-22;463;0;4764;13;1.4;0.0
47;2021-01-23;389;1;5153;14;1.6;0.0
47;2021-01-24;0;0;5153;14;1.6;0.0
47;2021-01-25;425;0;5578;14;1.7;0.0
47;2021-01-26;788;4;6366;18;1.9;0.0
47;2021-01-27;730;1;7096;19;2.1;0.0
47;2021-01-28;575;68;7671;87;2.3;0.0
47;2021-01-29;462;170;8133;257;2.5;0.1
47;2021-01-30;301;39;8434;296;2.6;0.1
47;2021-01-31;0;0;8434;296;2.6;0.1
47;2021-02-01;374;116;8808;412;2.7;0.1
47;2021-02-02;757;317;9565;729;2.9;0.2
47;2021-02-03;424;163;9989;892;3.0;0.3
47;2021-02-04;370;317;10359;1209;3.1;0.4
47;2021-02-05;300;311;10659;1520;3.2;0.5
47;2021-02-06;294;99;10953;1619;3.3;0.5
47;2021-02-07;0;0;10953;1619;3.3;0.5
47;2021-02-08;184;287;11137;1906;3.4;0.6
47;2021-02-09;231;260;11368;2166;3.4;0.7
47;2021-02-10;255;245;11623;2411;3.5;0.7
47;2021-02-11;357;378;11980;2789;3.6;0.8
47;2021-02-12;242;414;12222;3203;3.7;1.0
47;2021-02-13;224;111;12446;3314;3.8;1.0
47;2021-02-14;0;0;12446;3314;3.8;1.0
47;2021-02-15;194;385;12640;3699;3.8;1.1
47;2021-02-16;303;591;12943;4290;3.9;1.3
47;2021-02-17;326;456;13269;4746;4.0;1.4
47;2021-02-18;200;599;13469;5345;4.1;1.6
47;2021-02-19;194;368;13663;5713;4.1;1.7
47;2021-02-20;117;269;13780;5982;4.2;1.8
47;2021-02-21;0;0;13780;5982;4.2;1.8
47;2021-02-22;75;408;13855;6390;4.2;1.9
47;2021-02-23;152;649;14007;7039;4.2;2.1
47;2021-02-24;261;561;14268;7600;4.3;2.3
47;2021-02-25;305;413;14573;8013;4.4;2.4
47;2021-02-26;468;323;15041;8336;4.6;2.5
47;2021-02-27;324;213;15365;8549;4.7;2.6
47;2021-02-28;0;0;15365;8549;4.7;2.6
47;2021-03-01;124;397;15489;8946;4.7;2.7
47;2021-03-02;200;366;15689;9312;4.7;2.8
47;2021-03-03;244;349;15933;9661;4.8;2.9
47;2021-03-04;590;329;16523;9990;5.0;3.0
47;2021-03-05;844;288;17367;10278;5.3;3.1
47;2021-03-06;507;195;17874;10473;5.4;3.2
47;2021-03-07;331;5;18205;10478;5.5;3.2
47;2021-03-08;457;227;18662;10705;5.6;3.2
47;2021-03-09;509;493;19171;11198;5.8;3.4
47;2021-03-10;666;301;19837;11499;6.0;3.5
47;2021-03-11;938;376;20775;11875;6.3;3.6
47;2021-03-12;1370;295;22145;12170;6.7;3.7
47;2021-03-13;949;106;23094;12276;7.0;3.7
47;2021-03-14;51;0;23145;12276;7.0;3.7
47;2021-03-15;591;163;23736;12439;7.2;3.8
47;2021-03-16;750;176;24486;12615;7.4;3.8
47;2021-03-17;859;207;25345;12822;7.7;3.9
47;2021-03-18;915;173;26260;12995;7.9;3.9
47;2021-03-19;1270;123;27530;13118;8.3;4.0
47;2021-03-20;1085;56;28615;13174;8.7;4.0
47;2021-03-21;343;1;28958;13175;8.8;4.0
47;2021-03-22;1011;93;29969;13268;9.1;4.0
47;2021-03-23;1147;147;31116;13415;9.4;4.1
47;2021-03-24;1211;131;32327;13546;9.8;4.1
47;2021-03-25;1567;148;33894;13694;10.3;4.1
47;2021-03-26;1881;197;35775;13891;10.8;4.2
47;2021-03-27;979;129;36754;14020;11.1;4.2
47;2021-03-28;698;4;37452;14024;11.3;4.2
47;2021-03-29;1511;79;38963;14103;11.8;4.3
47;2021-03-30;1639;125;40602;14228;12.3;4.3
47;2021-03-31;1603;146;42205;14374;12.8;4.4
47;2021-04-01;1683;265;43888;14639;13.3;4.4
47;2021-04-02;1932;455;45820;15094;13.9;4.6
47;2021-04-03;1201;177;47021;15271;14.2;4.6
47;2021-04-04;474;12;47495;15283;14.4;4.6
47;2021-04-05;1295;54;48790;15337;14.8;4.6
47;2021-04-06;1386;385;50176;15722;15.2;4.8
47;2021-04-07;1691;585;51867;16307;15.7;4.9
47;2021-04-08;1832;470;53699;16777;16.3;5.1
47;2021-04-09;2082;538;55781;17315;16.9;5.2
47;2021-04-10;1564;322;57345;17637;17.4;5.3
47;2021-04-11;530;8;57875;17645;17.5;5.3
47;2021-04-12;1437;609;59312;18254;18.0;5.5
47;2021-04-13;1817;761;61129;19015;18.5;5.8
47;2021-04-14;1749;718;62878;19733;19.0;6.0
47;2021-04-15;2012;843;64890;20576;19.6;6.2
47;2021-04-16;1764;894;66654;21470;20.2;6.5
47;2021-04-17;1472;970;68126;22440;20.6;6.8
47;2021-04-18;23;0;68149;22440;20.6;6.8
47;2021-04-19;1332;930;69481;23370;21.0;7.1
47;2021-04-20;1624;901;71105;24271;21.5;7.3
47;2021-04-21;1623;768;72728;25039;22.0;7.6
47;2021-04-22;1869;1057;74597;26096;22.6;7.9
47;2021-04-23;1722;1070;76319;27166;23.1;8.2
47;2021-04-24;1548;799;77867;27965;23.6;8.5
47;2021-04-25;242;344;78109;28309;23.6;8.6
47;2021-04-26;1487;1363;79596;29672;24.1;9.0
47;2021-04-27;1923;1469;81519;31141;24.7;9.4
47;2021-04-28;2090;1588;83609;32729;25.3;9.9
47;2021-04-29;2530;1505;86139;34234;26.1;10.4
47;2021-04-30;2040;1777;88179;36011;26.7;10.9
47;2021-05-01;2262;982;90441;36993;27.4;11.2
47;2021-05-02;21;358;90462;37351;27.4;11.3
47;2021-05-03;1596;1417;92058;38768;27.9;11.7
47;2021-05-04;1649;1728;93707;40496;28.4;12.3
47;2021-05-05;1927;1642;95634;42138;29.0;12.8
47;2021-05-06;2104;1507;97738;43645;29.6;13.2
47;2021-05-07;1997;1623;99735;45268;30.2;13.7
47;2021-05-08;2096;464;101831;45732;30.8;13.8
47;2021-05-09;24;362;101855;46094;30.8;14.0
47;2021-05-10;1204;1671;103059;47765;31.2;14.5
47;2021-05-11;2171;1990;105230;49755;31.9;15.1
47;2021-05-12;2626;1450;107856;51205;32.7;15.5
47;2021-05-13;2380;656;110236;51861;33.4;15.7
47;2021-05-14;2062;858;112298;52719;34.0;16.0
47;2021-05-15;1934;861;114232;53580;34.6;16.2
47;2021-05-16;367;8;114599;53588;34.7;16.2
47;2021-05-17;1883;1124;116482;54712;35.3;16.6
47;2021-05-18;2355;1137;118837;55849;36.0;16.9
47;2021-05-19;2344;760;121181;56609;36.7;17.1
47;2021-05-20;2582;965;123763;57574;37.5;17.4
47;2021-05-21;1537;1129;125300;58703;37.9;17.8
47;2021-05-22;2367;834;127667;59537;38.6;18.0
47;2021-05-23;25;185;127692;59722;38.7;18.1
47;2021-05-24;1550;233;129242;59955;39.1;18.1
47;2021-05-25;1483;1317;130725;61272;39.6;18.5
47;2021-05-26;1599;1081;132324;62353;40.1;18.9
47;2021-05-27;1943;1266;134267;63619;40.6;19.3
47;2021-05-28;1458;1537;135725;65156;41.1;19.7
47;2021-05-29;1152;1127;136877;66283;41.4;20.1
47;2021-05-30;12;45;136889;66328;41.4;20.1
47;2021-05-31;1867;1421;138756;67749;42.0;20.5
47;2021-06-01;1920;1336;140676;69085;42.6;20.9
47;2021-06-02;2099;1333;142775;70418;43.2;21.3
47;2021-06-03;2484;1607;145259;72025;44.0;21.8
47;2021-06-04;1968;2111;147227;74136;44.6;22.4
47;2021-06-05;1637;1475;148864;75611;45.1;22.9
47;2021-06-06;212;71;149076;75682;45.1;22.9
47;2021-06-07;1664;2244;150740;77926;45.6;23.6
47;2021-06-08;1628;1905;152368;79831;46.1;24.2
47;2021-06-09;1821;2124;154189;81955;46.7;24.8
47;2021-06-10;2367;1609;156556;83564;47.4;25.3
47;2021-06-11;1824;2100;158380;85664;47.9;25.9
47;2021-06-12;1352;2102;159732;87766;48.4;26.6
47;2021-06-13;4;10;159736;87776;48.4;26.6
47;2021-06-14;1282;2449;161018;90225;48.7;27.3
47;2021-06-15;1464;2033;162482;92258;49.2;27.9
47;2021-06-16;1208;2183;163690;94441;49.6;28.6
47;2021-06-17;1653;1524;165343;95965;50.1;29.1
47;2021-06-18;1438;2495;166781;98460;50.5;29.8
47;2021-06-19;1536;2456;168317;100916;51.0;30.5
47;2021-06-20;4;33;168321;100949;51.0;30.6
47;2021-06-21;1134;2509;169455;103458;51.3;31.3
47;2021-06-22;759;2502;170214;105960;51.5;32.1
47;2021-06-23;996;2013;171210;107973;51.8;32.7
47;2021-06-24;1208;1935;172418;109908;52.2;33.3
47;2021-06-25;1004;2608;173422;112516;52.5;34.1
47;2021-06-26;987;2785;174409;115301;52.8;34.9
47;2021-06-27;15;349;174424;115650;52.8;35.0
47;2021-06-28;876;2402;175300;118052;53.1;35.7
47;2021-06-29;795;2314;176095;120366;53.3;36.4
47;2021-06-30;727;2309;176822;122675;53.5;37.1
47;2021-07-01;816;2109;177638;124784;53.8;37.8
47;2021-07-02;886;2275;178524;127059;54.0;38.5
47;2021-07-03;724;3043;179248;130102;54.3;39.4
47;2021-07-04;34;12;179282;130114;54.3;39.4
47;2021-07-05;977;2142;180259;132256;54.6;40.0
47;2021-07-06;911;1963;181170;134219;54.8;40.6
47;2021-07-07;1295;2061;182465;136280;55.2;41.3
47;2021-07-08;1141;2192;183606;138472;55.6;41.9
47;2021-07-09;1046;2407;184652;140879;55.9;42.6
47;2021-07-10;952;2133;185604;143012;56.2;43.3
47;2021-07-11;0;6;185604;143018;56.2;43.3
47;2021-07-12;555;2581;186159;145599;56.4;44.1
47;2021-07-13;1087;2592;187246;148191;56.7;44.9
47;2021-07-14;1156;1577;188402;149768;57.0;45.3
47;2021-07-15;1705;3134;190107;152902;57.5;46.3
47;2021-07-16;1710;2679;191817;155581;58.1;47.1
47;2021-07-17;1174;2457;192991;158038;58.4;47.8
47;2021-07-18;36;188;193027;158226;58.4;47.9
47;2021-07-19;1114;2564;194141;160790;58.8;48.7
47;2021-07-20;1608;2337;195749;163127;59.3;49.4
47;2021-07-21;2169;2240;197918;165367;59.9;50.1
47;2021-07-22;2145;2288;200063;167655;60.6;50.8
47;2021-07-23;2098;2247;202161;169902;61.2;51.4
47;2021-07-24;1109;1910;203270;171812;61.5;52.0
47;2021-07-25;11;1;203281;171813;61.5;52.0
47;2021-07-26;1223;1941;204504;173754;61.9;52.6
47;2021-07-27;2087;1621;206591;175375;62.5;53.1
47;2021-07-28;1866;1593;208457;176968;63.1;53.6
47;2021-07-29;2301;1586;210758;178554;63.8;54.1
47;2021-07-30;1843;1615;212601;180169;64.4;54.5
47;2021-07-31;1468;1658;214069;181827;64.8;55.0
47;2021-08-01;17;8;214086;181835;64.8;55.0
47;2021-08-02;2016;1205;216102;183040;65.4;55.4
48;2020-12-27;0;0;0;0;0.0;0.0
48;2020-12-28;0;0;0;0;0.0;0.0
48;2020-12-29;0;0;0;0;0.0;0.0
48;2020-12-30;0;0;0;0;0.0;0.0
48;2020-12-31;0;0;0;0;0.0;0.0
48;2021-01-01;0;0;0;0;0.0;0.0
48;2021-01-02;0;0;0;0;0.0;0.0
48;2021-01-03;0;0;0;0;0.0;0.0
48;2021-01-04;0;0;0;0;0.0;0.0
48;2021-01-05;0;0;0;0;0.0;0.0
48;2021-01-06;0;0;0;0;0.0;0.0
48;2021-01-07;54;0;54;0;0.1;0.0
48;2021-01-08;87;0;141;0;0.2;0.0
48;2021-01-09;1;0;142;0;0.2;0.0
48;2021-01-10;0;0;142;0;0.2;0.0
48;2021-01-11;13;0;155;0;0.2;0.0
48;2021-01-12;19;1;174;1;0.2;0.0
48;2021-01-13;104;0;278;1;0.4;0.0
48;2021-01-14;90;1;368;2;0.5;0.0
48;2021-01-15;63;0;431;2;0.6;0.0
48;2021-01-16;0;0;431;2;0.6;0.0
48;2021-01-17;0;0;431;2;0.6;0.0
48;2021-01-18;117;0;548;2;0.7;0.0
48;2021-01-19;345;0;893;2;1.2;0.0
48;2021-01-20;364;0;1257;2;1.6;0.0
48;2021-01-21;465;0;1722;2;2.3;0.0
48;2021-01-22;269;0;1991;2;2.6;0.0
48;2021-01-23;36;0;2027;2;2.7;0.0
48;2021-01-24;0;0;2027;2;2.7;0.0
48;2021-01-25;109;0;2136;2;2.8;0.0
48;2021-01-26;261;0;2397;2;3.1;0.0
48;2021-01-27;257;2;2654;4;3.5;0.0
48;2021-01-28;270;10;2924;14;3.8;0.0
48;2021-01-29;175;60;3099;74;4.1;0.1
48;2021-01-30;1;7;3100;81;4.1;0.1
48;2021-01-31;0;6;3100;87;4.1;0.1
48;2021-02-01;97;47;3197;134;4.2;0.2
48;2021-02-02;188;36;3385;170;4.4;0.2
48;2021-02-03;177;82;3562;252;4.7;0.3
48;2021-02-04;234;13;3796;265;5.0;0.3
48;2021-02-05;144;35;3940;300;5.2;0.4
48;2021-02-06;34;0;3974;300;5.2;0.4
48;2021-02-07;0;0;3974;300;5.2;0.4
48;2021-02-08;50;61;4024;361;5.3;0.5
48;2021-02-09;66;167;4090;528;5.4;0.7
48;2021-02-10;65;303;4155;831;5.4;1.1
48;2021-02-11;165;407;4320;1238;5.7;1.6
48;2021-02-12;119;156;4439;1394;5.8;1.8
48;2021-02-13;8;55;4447;1449;5.8;1.9
48;2021-02-14;0;0;4447;1449;5.8;1.9
48;2021-02-15;51;106;4498;1555;5.9;2.0
48;2021-02-16;43;173;4541;1728;6.0;2.3
48;2021-02-17;35;285;4576;2013;6.0;2.6
48;2021-02-18;252;96;4828;2109;6.3;2.8
48;2021-02-19;60;183;4888;2292;6.4;3.0
48;2021-02-20;0;1;4888;2293;6.4;3.0
48;2021-02-21;0;14;4888;2307;6.4;3.0
48;2021-02-22;24;129;4912;2436;6.4;3.2
48;2021-02-23;74;222;4986;2658;6.5;3.5
48;2021-02-24;66;265;5052;2923;6.6;3.8
48;2021-02-25;148;263;5200;3186;6.8;4.2
48;2021-02-26;51;228;5251;3414;6.9;4.5
48;2021-02-27;28;1;5279;3415;6.9;4.5
48;2021-02-28;3;14;5282;3429;6.9;4.5
48;2021-03-01;102;96;5384;3525;7.1;4.6
48;2021-03-02;199;87;5583;3612;7.3;4.7
48;2021-03-03;155;111;5738;3723;7.5;4.9
48;2021-03-04;192;183;5930;3906;7.8;5.1
48;2021-03-05;137;142;6067;4048;8.0;5.3
48;2021-03-06;180;53;6247;4101;8.2;5.4
48;2021-03-07;75;1;6322;4102;8.3;5.4
48;2021-03-08;351;121;6673;4223;8.7;5.5
48;2021-03-09;377;86;7050;4309;9.2;5.6
48;2021-03-10;262;61;7312;4370;9.6;5.7
48;2021-03-11;334;90;7646;4460;10.0;5.8
48;2021-03-12;256;155;7902;4615;10.4;6.0
48;2021-03-13;301;5;8203;4620;10.8;6.1
48;2021-03-14;8;0;8211;4620;10.8;6.1
48;2021-03-15;174;63;8385;4683;11.0;6.1
48;2021-03-16;164;65;8549;4748;11.2;6.2
48;2021-03-17;156;110;8705;4858;11.4;6.4
48;2021-03-18;190;104;8895;4962;11.7;6.5
48;2021-03-19;116;95;9011;5057;11.8;6.6
48;2021-03-20;101;0;9112;5057;11.9;6.6
48;2021-03-21;0;0;9112;5057;11.9;6.6
48;2021-03-22;160;22;9272;5079;12.2;6.7
48;2021-03-23;328;102;9600;5181;12.6;6.8
48;2021-03-24;284;100;9884;5281;13.0;6.9
48;2021-03-25;757;114;10641;5395;13.9;7.1
48;2021-03-26;269;60;10910;5455;14.3;7.2
48;2021-03-27;104;0;11014;5455;14.4;7.2
48;2021-03-28;78;19;11092;5474;14.5;7.2
48;2021-03-29;304;78;11396;5552;14.9;7.3
48;2021-03-30;362;128;11758;5680;15.4;7.4
48;2021-03-31;447;83;12205;5763;16.0;7.6
48;2021-04-01;729;66;12934;5829;17.0;7.6
48;2021-04-02;486;124;13420;5953;17.6;7.8
48;2021-04-03;140;83;13560;6036;17.8;7.9
48;2021-04-04;0;0;13560;6036;17.8;7.9
48;2021-04-05;43;1;13603;6037;17.8;7.9
48;2021-04-06;465;157;14068;6194;18.4;8.1
48;2021-04-07;465;139;14533;6333;19.1;8.3
48;2021-04-08;618;184;15151;6517;19.9;8.5
48;2021-04-09;446;118;15597;6635;20.4;8.7
48;2021-04-10;95;58;15692;6693;20.6;8.8
48;2021-04-11;1;0;15693;6693;20.6;8.8
48;2021-04-12;364;70;16057;6763;21.0;8.9
48;2021-04-13;361;92;16418;6855;21.5;9.0
48;2021-04-14;624;185;17042;7040;22.3;9.2
48;2021-04-15;698;355;17740;7395;23.3;9.7
48;2021-04-16;538;222;18278;7617;24.0;10.0
48;2021-04-17;89;69;18367;7686;24.1;10.1
48;2021-04-18;0;0;18367;7686;24.1;10.1
48;2021-04-19;197;107;18564;7793;24.3;10.2
48;2021-04-20;216;177;18780;7970;24.6;10.4
48;2021-04-21;284;205;19064;8175;25.0;10.7
48;2021-04-22;308;479;19372;8654;25.4;11.3
48;2021-04-23;254;241;19626;8895;25.7;11.7
48;2021-04-24;97;93;19723;8988;25.9;11.8
48;2021-04-25;1;9;19724;8997;25.9;11.8
48;2021-04-26;87;208;19811;9205;26.0;12.1
48;2021-04-27;172;292;19983;9497;26.2;12.4
48;2021-04-28;149;414;20132;9911;26.4;13.0
48;2021-04-29;204;490;20336;10401;26.7;13.6
48;2021-04-30;171;225;20507;10626;26.9;13.9
48;2021-05-01;0;0;20507;10626;26.9;13.9
48;2021-05-02;0;0;20507;10626;26.9;13.9
48;2021-05-03;105;386;20612;11012;27.0;14.4
48;2021-05-04;227;420;20839;11432;27.3;15.0
48;2021-05-05;84;484;20923;11916;27.4;15.6
48;2021-05-06;742;636;21665;12552;28.4;16.5
48;2021-05-07;96;504;21761;13056;28.5;17.1
48;2021-05-08;309;43;22070;13099;28.9;17.2
48;2021-05-09;285;9;22355;13108;29.3;17.2
48;2021-05-10;55;325;22410;13433;29.4;17.6
48;2021-05-11;220;291;22630;13724;29.7;18.0
48;2021-05-12;249;312;22879;14036;30.0;18.4
48;2021-05-13;472;157;23351;14193;30.6;18.6
48;2021-05-14;244;221;23595;14414;30.9;18.9
48;2021-05-15;84;47;23679;14461;31.0;19.0
48;2021-05-16;1;8;23680;14469;31.0;19.0
48;2021-05-17;474;265;24154;14734;31.7;19.3
48;2021-05-18;263;228;24417;14962;32.0;19.6
48;2021-05-19;207;278;24624;15240;32.3;20.0
48;2021-05-20;320;254;24944;15494;32.7;20.3
48;2021-05-21;172;267;25116;15761;32.9;20.7
48;2021-05-22;25;50;25141;15811;33.0;20.7
48;2021-05-23;0;6;25141;15817;33.0;20.7
48;2021-05-24;0;14;25141;15831;33.0;20.8
48;2021-05-25;180;265;25321;16096;33.2;21.1
48;2021-05-26;416;298;25737;16394;33.7;21.5
48;2021-05-27;1176;374;26913;16768;35.3;22.0
48;2021-05-28;315;343;27228;17111;35.7;22.4
48;2021-05-29;79;50;27307;17161;35.8;22.5
48;2021-05-30;0;1;27307;17162;35.8;22.5
48;2021-05-31;625;263;27932;17425;36.6;22.8
48;2021-06-01;272;305;28204;17730;37.0;23.2
48;2021-06-02;407;422;28611;18152;37.5;23.8
48;2021-06-03;628;428;29239;18580;38.3;24.4
48;2021-06-04;291;281;29530;18861;38.7;24.7
48;2021-06-05;121;75;29651;18936;38.9;24.8
48;2021-06-06;1;1;29652;18937;38.9;24.8
48;2021-06-07;440;161;30092;19098;39.4;25.0
48;2021-06-08;613;303;30705;19401;40.2;25.4
48;2021-06-09;378;188;31083;19589;40.7;25.7
48;2021-06-10;1000;235;32083;19824;42.1;26.0
48;2021-06-11;372;159;32455;19983;42.5;26.2
48;2021-06-12;74;56;32529;20039;42.6;26.3
48;2021-06-13;0;2;32529;20041;42.6;26.3
48;2021-06-14;124;115;32653;20156;42.8;26.4
48;2021-06-15;407;384;33060;20540;43.3;26.9
48;2021-06-16;259;143;33319;20683;43.7;27.1
48;2021-06-17;487;572;33806;21255;44.3;27.9
48;2021-06-18;254;313;34060;21568;44.6;28.3
48;2021-06-19;35;291;34095;21859;44.7;28.7
48;2021-06-20;123;224;34218;22083;44.9;28.9
48;2021-06-21;125;132;34343;22215;45.0;29.1
48;2021-06-22;257;331;34600;22546;45.4;29.6
48;2021-06-23;111;546;34711;23092;45.5;30.3
48;2021-06-24;363;603;35074;23695;46.0;31.1
48;2021-06-25;148;274;35222;23969;46.2;31.4
48;2021-06-26;14;45;35236;24014;46.2;31.5
48;2021-06-27;1;1;35237;24015;46.2;31.5
48;2021-06-28;81;177;35318;24192;46.3;31.7
48;2021-06-29;296;412;35614;24604;46.7;32.3
48;2021-06-30;95;465;35709;25069;46.8;32.9
48;2021-07-01;196;665;35905;25734;47.1;33.7
48;2021-07-02;147;368;36052;26102;47.3;34.2
48;2021-07-03;41;89;36093;26191;47.3;34.3
48;2021-07-04;7;0;36100;26191;47.3;34.3
48;2021-07-05;40;115;36140;26306;47.4;34.5
48;2021-07-06;277;597;36417;26903;47.7;35.3
48;2021-07-07;200;483;36617;27386;48.0;35.9
48;2021-07-08;222;1188;36839;28574;48.3;37.5
48;2021-07-09;156;551;36995;29125;48.5;38.2
48;2021-07-10;95;147;37090;29272;48.6;38.4
48;2021-07-11;0;4;37090;29276;48.6;38.4
48;2021-07-12;138;672;37228;29948;48.8;39.3
48;2021-07-13;212;431;37440;30379;49.1;39.8
48;2021-07-14;178;142;37618;30521;49.3;40.0
48;2021-07-15;185;458;37803;30979;49.6;40.6
48;2021-07-16;233;313;38036;31292;49.9;41.0
48;2021-07-17;127;117;38163;31409;50.0;41.2
48;2021-07-18;4;4;38167;31413;50.0;41.2
48;2021-07-19;102;302;38269;31715;50.2;41.6
48;2021-07-20;599;993;38868;32708;51.0;42.9
48;2021-07-21;68;371;38936;33079;51.0;43.4
48;2021-07-22;776;1120;39712;34199;52.1;44.8
48;2021-07-23;352;433;40064;34632;52.5;45.4
48;2021-07-24;504;166;40568;34798;53.2;45.6
48;2021-07-25;137;46;40705;34844;53.4;45.7
48;2021-07-26;100;198;40805;35042;53.5;45.9
48;2021-07-27;1190;641;41995;35683;55.0;46.8
48;2021-07-28;176;316;42171;35999;55.3;47.2
48;2021-07-29;700;632;42871;36631;56.2;48.0
48;2021-07-30;200;290;43071;36921;56.5;48.4
48;2021-07-31;334;173;43405;37094;56.9;48.6
48;2021-08-01;18;55;43423;37149;56.9;48.7
48;2021-08-02;225;158;43648;37307;57.2;48.9
49;2020-12-27;0;0;0;0;0.0;0.0
49;2020-12-28;2;0;2;0;0.0;0.0
49;2020-12-29;0;0;2;0;0.0;0.0
49;2020-12-30;0;0;2;0;0.0;0.0
49;2020-12-31;0;0;2;0;0.0;0.0
49;2021-01-01;2;0;4;0;0.0;0.0
49;2021-01-02;1;1;5;1;0.0;0.0
49;2021-01-03;0;0;5;1;0.0;0.0
49;2021-01-04;9;0;14;1;0.0;0.0
49;2021-01-05;92;0;106;1;0.0;0.0
49;2021-01-06;232;0;338;1;0.0;0.0
49;2021-01-07;366;0;704;1;0.1;0.0
49;2021-01-08;330;1;1034;2;0.1;0.0
49;2021-01-09;118;0;1152;2;0.1;0.0
49;2021-01-10;114;0;1266;2;0.2;0.0
49;2021-01-11;287;0;1553;2;0.2;0.0
49;2021-01-12;622;0;2175;2;0.3;0.0
49;2021-01-13;601;2;2776;4;0.3;0.0
49;2021-01-14;589;6;3365;10;0.4;0.0
49;2021-01-15;774;1;4139;11;0.5;0.0
49;2021-01-16;147;0;4286;11;0.5;0.0
49;2021-01-17;111;2;4397;13;0.5;0.0
49;2021-01-18;691;0;5088;13;0.6;0.0
49;2021-01-19;1204;1;6292;14;0.8;0.0
49;2021-01-20;1508;3;7800;17;1.0;0.0
49;2021-01-21;1937;4;9737;21;1.2;0.0
49;2021-01-22;1317;4;11054;25;1.4;0.0
49;2021-01-23;263;1;11317;26;1.4;0.0
49;2021-01-24;0;0;11317;26;1.4;0.0
49;2021-01-25;549;5;11866;31;1.5;0.0
49;2021-01-26;987;75;12853;106;1.6;0.0
49;2021-01-27;1842;37;14695;143;1.8;0.0
49;2021-01-28;2871;86;17566;229;2.2;0.0
49;2021-01-29;1587;94;19153;323;2.3;0.0
49;2021-01-30;299;47;19452;370;2.4;0.0
49;2021-01-31;62;51;19514;421;2.4;0.1
49;2021-02-01;658;158;20172;579;2.5;0.1
49;2021-02-02;743;386;20915;965;2.6;0.1
49;2021-02-03;675;380;21590;1345;2.6;0.2
49;2021-02-04;757;445;22347;1790;2.7;0.2
49;2021-02-05;706;598;23053;2388;2.8;0.3
49;2021-02-06;229;111;23282;2499;2.9;0.3
49;2021-02-07;59;86;23341;2585;2.9;0.3
49;2021-02-08;549;481;23890;3066;2.9;0.4
49;2021-02-09;711;647;24601;3713;3.0;0.5
49;2021-02-10;801;951;25402;4664;3.1;0.6
49;2021-02-11;1000;1409;26402;6073;3.2;0.7
49;2021-02-12;869;976;27271;7049;3.3;0.9
49;2021-02-13;266;117;27537;7166;3.4;0.9
49;2021-02-14;9;106;27546;7272;3.4;0.9
49;2021-02-15;733;664;28279;7936;3.5;1.0
49;2021-02-16;1110;1124;29389;9060;3.6;1.1
49;2021-02-17;1156;1867;30545;10927;3.7;1.3
49;2021-02-18;1809;2440;32354;13367;4.0;1.6
49;2021-02-19;1391;1107;33745;14474;4.1;1.8
49;2021-02-20;233;383;33978;14857;4.2;1.8
49;2021-02-21;0;64;33978;14921;4.2;1.8
49;2021-02-22;646;586;34624;15507;4.2;1.9
49;2021-02-23;735;862;35359;16369;4.3;2.0
49;2021-02-24;818;646;36177;17015;4.4;2.1
49;2021-02-25;1207;822;37384;17837;4.6;2.2
49;2021-02-26;1668;850;39052;18687;4.8;2.3
49;2021-02-27;435;283;39487;18970;4.8;2.3
49;2021-02-28;49;38;39536;19008;4.8;2.3
49;2021-03-01;766;583;40302;19591;4.9;2.4
49;2021-03-02;1082;704;41384;20295;5.1;2.5
49;2021-03-03;1555;674;42939;20969;5.3;2.6
49;2021-03-04;1766;936;44705;21905;5.5;2.7
49;2021-03-05;2212;701;46917;22606;5.8;2.8
49;2021-03-06;715;187;47632;22793;5.8;2.8
49;2021-03-07;627;10;48259;22803;5.9;2.8
49;2021-03-08;1395;711;49654;23514;6.1;2.9
49;2021-03-09;2051;743;51705;24257;6.3;3.0
49;2021-03-10;2526;862;54231;25119;6.6;3.1
49;2021-03-11;3191;1469;57422;26588;7.0;3.3
49;2021-03-12;3765;1010;61187;27598;7.5;3.4
49;2021-03-13;1499;217;62686;27815;7.7;3.4
49;2021-03-14;6;0;62692;27815;7.7;3.4
49;2021-03-15;2084;547;64776;28362;7.9;3.5
49;2021-03-16;1732;961;66508;29323;8.2;3.6
49;2021-03-17;1811;674;68319;29997;8.4;3.7
49;2021-03-18;2199;728;70518;30725;8.6;3.8
49;2021-03-19;3330;565;73848;31290;9.1;3.8
49;2021-03-20;1741;211;75589;31501;9.3;3.9
49;2021-03-21;497;23;76086;31524;9.3;3.9
49;2021-03-22;2247;548;78333;32072;9.6;3.9
49;2021-03-23;3402;676;81735;32748;10.0;4.0
49;2021-03-24;3601;496;85336;33244;10.5;4.1
49;2021-03-25;4224;642;89560;33886;11.0;4.2
49;2021-03-26;4882;501;94442;34387;11.6;4.2
49;2021-03-27;1673;98;96115;34485;11.8;4.2
49;2021-03-28;399;33;96514;34518;11.8;4.2
49;2021-03-29;2370;614;98884;35132;12.1;4.3
49;2021-03-30;3266;940;102150;36072;12.5;4.4
49;2021-03-31;2977;749;105127;36821;12.9;4.5
49;2021-04-01;4120;864;109247;37685;13.4;4.6
49;2021-04-02;4293;934;113540;38619;13.9;4.7
49;2021-04-03;971;195;114511;38814;14.0;4.8
49;2021-04-04;314;3;114825;38817;14.1;4.8
49;2021-04-05;940;21;115765;38838;14.2;4.8
49;2021-04-06;2331;1324;118096;40162;14.5;4.9
49;2021-04-07;3308;1370;121404;41532;14.9;5.1
49;2021-04-08;5181;1400;126585;42932;15.5;5.3
49;2021-04-09;6207;1411;132792;44343;16.3;5.4
49;2021-04-10;2067;493;134859;44836;16.5;5.5
49;2021-04-11;389;7;135248;44843;16.6;5.5
49;2021-04-12;4074;1579;139322;46422;17.1;5.7
49;2021-04-13;5378;1912;144700;48334;17.7;5.9
49;2021-04-14;4539;1866;149239;50200;18.3;6.2
49;2021-04-15;5378;1892;154617;52092;19.0;6.4
49;2021-04-16;5758;2134;160375;54226;19.7;6.6
49;2021-04-17;3335;842;163710;55068;20.1;6.7
49;2021-04-18;381;476;164091;55544;20.1;6.8
49;2021-04-19;3709;2060;167800;57604;20.6;7.1
49;2021-04-20;4373;2111;172173;59715;21.1;7.3
49;2021-04-21;3954;2209;176127;61924;21.6;7.6
49;2021-04-22;4835;2103;180962;64027;22.2;7.8
49;2021-04-23;4810;2330;185772;66357;22.8;8.1
49;2021-04-24;2936;1155;188708;67512;23.1;8.3
49;2021-04-25;40;282;188748;67794;23.1;8.3
49;2021-04-26;3741;2114;192489;69908;23.6;8.6
49;2021-04-27;4473;2493;196962;72401;24.1;8.9
49;2021-04-28;4613;2480;201575;74881;24.7;9.2
49;2021-04-29;5206;3007;206781;77888;25.3;9.5
49;2021-04-30;5555;3186;212336;81074;26.0;9.9
49;2021-05-01;2364;665;214700;81739;26.3;10.0
49;2021-05-02;4;40;214704;81779;26.3;10.0
49;2021-05-03;5012;2390;219716;84169;26.9;10.3
49;2021-05-04;4969;3037;224685;87206;27.5;10.7
49;2021-05-05;4783;2995;229468;90201;28.1;11.1
49;2021-05-06;5329;3077;234797;93278;28.8;11.4
49;2021-05-07;4276;5014;239073;98292;29.3;12.0
49;2021-05-08;3576;436;242649;98728;29.7;12.1
49;2021-05-09;9;41;242658;98769;29.7;12.1
49;2021-05-10;4830;4266;247488;103035;30.3;12.6
49;2021-05-11;5397;5082;252885;108117;31.0;13.3
49;2021-05-12;4802;4588;257687;112705;31.6;13.8
49;2021-05-13;4778;684;262465;113389;32.2;13.9
49;2021-05-14;5171;3267;267636;116656;32.8;14.3
49;2021-05-15;4156;1807;271792;118463;33.3;14.5
49;2021-05-16;2788;117;274580;118580;33.7;14.5
49;2021-05-17;4832;3682;279412;122262;34.2;15.0
49;2021-05-18;5464;3760;284876;126022;34.9;15.4
49;2021-05-19;5916;3216;290792;129238;35.6;15.8
49;2021-05-20;6789;2957;297581;132195;36.5;16.2
49;2021-05-21;6457;3736;304038;135931;37.3;16.7
49;2021-05-22;5184;1191;309222;137122;37.9;16.8
49;2021-05-23;1;12;309223;137134;37.9;16.8
49;2021-05-24;4217;445;313440;137579;38.4;16.9
49;2021-05-25;6331;3305;319771;140884;39.2;17.3
49;2021-05-26;6273;2658;326044;143542;40.0;17.6
49;2021-05-27;7107;2720;333151;146262;40.8;17.9
49;2021-05-28;6876;4011;340027;150273;41.7;18.4
49;2021-05-29;5024;1894;345051;152167;42.3;18.7
49;2021-05-30;20;13;345071;152180;42.3;18.7
49;2021-05-31;6040;3216;351111;155396;43.0;19.0
49;2021-06-01;6589;3973;357700;159369;43.8;19.5
49;2021-06-02;5791;3738;363491;163107;44.6;20.0
49;2021-06-03;6603;3417;370094;166524;45.4;20.4
49;2021-06-04;6470;4859;376564;171383;46.2;21.0
49;2021-06-05;4385;2695;380949;174078;46.7;21.3
49;2021-06-06;35;52;380984;174130;46.7;21.3
49;2021-06-07;4632;4761;385616;178891;47.3;21.9
49;2021-06-08;5184;5094;390800;183985;47.9;22.6
49;2021-06-09;5320;4497;396120;188482;48.6;23.1
49;2021-06-10;5992;3784;402112;192266;49.3;23.6
49;2021-06-11;4852;6032;406964;198298;49.9;24.3
49;2021-06-12;4102;3202;411066;201500;50.4;24.7
49;2021-06-13;19;989;411085;202489;50.4;24.8
49;2021-06-14;3408;6011;414493;208500;50.8;25.6
49;2021-06-15;4242;6396;418735;214896;51.3;26.3
49;2021-06-16;4147;5679;422882;220575;51.8;27.0
49;2021-06-17;5069;5074;427951;225649;52.5;27.7
49;2021-06-18;4129;6881;432080;232530;53.0;28.5
49;2021-06-19;3525;3971;435605;236501;53.4;29.0
49;2021-06-20;25;23;435630;236524;53.4;29.0
49;2021-06-21;2823;6508;438453;243032;53.7;29.8
49;2021-06-22;3197;7002;441650;250034;54.1;30.6
49;2021-06-23;3250;6311;444900;256345;54.5;31.4
49;2021-06-24;4307;4972;449207;261317;55.1;32.0
49;2021-06-25;3318;7440;452525;268757;55.5;32.9
49;2021-06-26;2567;4628;455092;273385;55.8;33.5
49;2021-06-27;13;1543;455105;274928;55.8;33.7
49;2021-06-28;2230;7171;457335;282099;56.1;34.6
49;2021-06-29;3015;7255;460350;289354;56.4;35.5
49;2021-06-30;2804;6807;463154;296161;56.8;36.3
49;2021-07-01;3076;6267;466230;302428;57.1;37.1
49;2021-07-02;2897;8076;469127;310504;57.5;38.1
49;2021-07-03;1988;5486;471115;315990;57.7;38.7
49;2021-07-04;5;52;471120;316042;57.7;38.7
49;2021-07-05;1622;7082;472742;323124;57.9;39.6
49;2021-07-06;1882;7564;474624;330688;58.2;40.5
49;2021-07-07;2050;6627;476674;337315;58.4;41.3
49;2021-07-08;2500;6357;479174;343672;58.7;42.1
49;2021-07-09;2296;8255;481470;351927;59.0;43.1
49;2021-07-10;1775;5341;483245;357268;59.2;43.8
49;2021-07-11;11;35;483256;357303;59.2;43.8
49;2021-07-12;1910;7725;485166;365028;59.5;44.7
49;2021-07-13;2543;8307;487709;373335;59.8;45.8
49;2021-07-14;2875;3370;490584;376705;60.1;46.2
49;2021-07-15;3105;7558;493689;384263;60.5;47.1
49;2021-07-16;3300;8304;496989;392567;60.9;48.1
49;2021-07-17;2066;5489;499055;398056;61.2;48.8
49;2021-07-18;3737;568;502792;398624;61.6;48.9
49;2021-07-19;2557;7456;505349;406080;61.9;49.8
49;2021-07-20;3345;7486;508694;413566;62.3;50.7
49;2021-07-21;4141;6463;512835;420029;62.9;51.5
49;2021-07-22;4637;5849;517472;425878;63.4;52.2
49;2021-07-23;4903;6620;522375;432498;64.0;53.0
49;2021-07-24;3589;4995;525964;437493;64.5;53.6
49;2021-07-25;37;32;526001;437525;64.5;53.6
49;2021-07-26;4169;5892;530170;443417;65.0;54.3
49;2021-07-27;5542;5431;535712;448848;65.7;55.0
49;2021-07-28;5926;4344;541638;453192;66.4;55.5
49;2021-07-29;6541;4124;548179;457316;67.2;56.1
49;2021-07-30;6008;4772;554187;462088;67.9;56.6
49;2021-07-31;3935;3404;558122;465492;68.4;57.1
49;2021-08-01;18;22;558140;465514;68.4;57.1
49;2021-08-02;4247;4628;562387;470142;68.9;57.6
50;2020-12-27;0;0;0;0;0.0;0.0
50;2020-12-28;0;0;0;0;0.0;0.0
50;2020-12-29;1;0;1;0;0.0;0.0
50;2020-12-30;0;0;1;0;0.0;0.0
50;2020-12-31;0;0;1;0;0.0;0.0
50;2021-01-01;0;0;1;0;0.0;0.0
50;2021-01-02;0;0;1;0;0.0;0.0
50;2021-01-03;0;0;1;0;0.0;0.0
50;2021-01-04;1;0;2;0;0.0;0.0
50;2021-01-05;0;0;2;0;0.0;0.0
50;2021-01-06;126;0;128;0;0.0;0.0
50;2021-01-07;321;0;449;0;0.1;0.0
50;2021-01-08;436;2;885;2;0.2;0.0
50;2021-01-09;236;0;1121;2;0.2;0.0
50;2021-01-10;23;0;1144;2;0.2;0.0
50;2021-01-11;388;1;1532;3;0.3;0.0
50;2021-01-12;600;0;2132;3;0.4;0.0
50;2021-01-13;694;4;2826;7;0.6;0.0
50;2021-01-14;1046;4;3872;11;0.8;0.0
50;2021-01-15;706;2;4578;13;0.9;0.0
50;2021-01-16;214;3;4792;16;1.0;0.0
50;2021-01-17;0;0;4792;16;1.0;0.0
50;2021-01-18;619;0;5411;16;1.1;0.0
50;2021-01-19;892;1;6303;17;1.3;0.0
50;2021-01-20;965;0;7268;17;1.5;0.0
50;2021-01-21;917;4;8185;21;1.7;0.0
50;2021-01-22;713;2;8898;23;1.8;0.0
50;2021-01-23;667;4;9565;27;1.9;0.0
50;2021-01-24;880;2;10445;29;2.1;0.0
50;2021-01-25;2669;10;13114;39;2.7;0.0
50;2021-01-26;1335;13;14449;52;2.9;0.0
50;2021-01-27;747;55;15196;107;3.1;0.0
50;2021-01-28;718;169;15914;276;3.2;0.1
50;2021-01-29;580;306;16494;582;3.4;0.1
50;2021-01-30;381;165;16875;747;3.4;0.2
50;2021-01-31;0;0;16875;747;3.4;0.2
50;2021-02-01;449;225;17324;972;3.5;0.2
50;2021-02-02;416;236;17740;1208;3.6;0.2
50;2021-02-03;390;378;18130;1586;3.7;0.3
50;2021-02-04;482;453;18612;2039;3.8;0.4
50;2021-02-05;422;449;19034;2488;3.9;0.5
50;2021-02-06;178;114;19212;2602;3.9;0.5
50;2021-02-07;0;0;19212;2602;3.9;0.5
50;2021-02-08;255;509;19467;3111;4.0;0.6
50;2021-02-09;245;644;19712;3755;4.0;0.8
50;2021-02-10;570;557;20282;4312;4.1;0.9
50;2021-02-11;438;915;20720;5227;4.2;1.1
50;2021-02-12;328;672;21048;5899;4.3;1.2
50;2021-02-13;304;489;21352;6388;4.4;1.3
50;2021-02-14;185;826;21537;7214;4.4;1.5
50;2021-02-15;660;2021;22197;9235;4.5;1.9
50;2021-02-16;743;1623;22940;10858;4.7;2.2
50;2021-02-17;632;827;23572;11685;4.8;2.4
50;2021-02-18;568;809;24140;12494;4.9;2.5
50;2021-02-19;628;523;24768;13017;5.0;2.7
50;2021-02-20;422;193;25190;13210;5.1;2.7
50;2021-02-21;85;29;25275;13239;5.2;2.7
50;2021-02-22;291;728;25566;13967;5.2;2.8
50;2021-02-23;502;569;26068;14536;5.3;3.0
50;2021-02-24;623;570;26691;15106;5.4;3.1
50;2021-02-25;778;590;27469;15696;5.6;3.2
50;2021-02-26;999;399;28468;16095;5.8;3.3
50;2021-02-27;887;112;29355;16207;6.0;3.3
50;2021-02-28;111;0;29466;16207;6.0;3.3
50;2021-03-01;489;559;29955;16766;6.1;3.4
50;2021-03-02;650;520;30605;17286;6.2;3.5
50;2021-03-03;797;458;31402;17744;6.4;3.6
50;2021-03-04;1248;340;32650;18084;6.7;3.7
50;2021-03-05;1550;349;34200;18433;7.0;3.8
50;2021-03-06;1319;159;35519;18592;7.2;3.8
50;2021-03-07;549;43;36068;18635;7.4;3.8
50;2021-03-08;1024;621;37092;19256;7.6;3.9
50;2021-03-09;1554;573;38646;19829;7.9;4.0
50;2021-03-10;1604;322;40250;20151;8.2;4.1
50;2021-03-11;2352;352;42602;20503;8.7;4.2
50;2021-03-12;2866;244;45468;20747;9.3;4.2
50;2021-03-13;1991;133;47459;20880;9.7;4.3
50;2021-03-14;279;41;47738;20921;9.7;4.3
50;2021-03-15;1377;296;49115;21217;10.0;4.3
50;2021-03-16;1339;277;50454;21494;10.3;4.4
50;2021-03-17;1292;409;51746;21903;10.5;4.5
50;2021-03-18;1160;423;52906;22326;10.8;4.6
50;2021-03-19;1731;589;54637;22915;11.1;4.7
50;2021-03-20;1683;224;56320;23139;11.5;4.7
50;2021-03-21;794;10;57114;23149;11.6;4.7
50;2021-03-22;1507;335;58621;23484;11.9;4.8
50;2021-03-23;2069;395;60690;23879;12.4;4.9
50;2021-03-24;2278;553;62968;24432;12.8;5.0
50;2021-03-25;2808;464;65776;24896;13.4;5.1
50;2021-03-26;3205;464;68981;25360;14.1;5.2
50;2021-03-27;1823;375;70804;25735;14.4;5.2
50;2021-03-28;403;18;71207;25753;14.5;5.2
50;2021-03-29;2137;720;73344;26473;14.9;5.4
50;2021-03-30;2282;644;75626;27117;15.4;5.5
50;2021-03-31;2477;570;78103;27687;15.9;5.6
50;2021-04-01;3100;859;81203;28546;16.5;5.8
50;2021-04-02;2962;938;84165;29484;17.2;6.0
50;2021-04-03;1244;690;85409;30174;17.4;6.1
50;2021-04-04;321;134;85730;30308;17.5;6.2
50;2021-04-05;399;27;86129;30335;17.6;6.2
50;2021-04-06;2124;1223;88253;31558;18.0;6.4
50;2021-04-07;2560;1180;90813;32738;18.5;6.7
50;2021-04-08;3595;1218;94408;33956;19.2;6.9
50;2021-04-09;3931;1292;98339;35248;20.0;7.2
50;2021-04-10;2535;878;100874;36126;20.6;7.4
50;2021-04-11;411;147;101285;36273;20.6;7.4
50;2021-04-12;2438;1380;103723;37653;21.1;7.7
50;2021-04-13;2675;1535;106398;39188;21.7;8.0
50;2021-04-14;2608;1349;109006;40537;22.2;8.3
50;2021-04-15;3160;1110;112166;41647;22.9;8.5
50;2021-04-16;3363;1099;115529;42746;23.5;8.7
50;2021-04-17;2400;1183;117929;43929;24.0;9.0
50;2021-04-18;425;662;118354;44591;24.1;9.1
50;2021-04-19;2000;1475;120354;46066;24.5;9.4
50;2021-04-20;2277;1589;122631;47655;25.0;9.7
50;2021-04-21;2551;1757;125182;49412;25.5;10.1
50;2021-04-22;3078;1823;128260;51235;26.1;10.4
50;2021-04-23;2754;1906;131014;53141;26.7;10.8
50;2021-04-24;1897;1434;132911;54575;27.1;11.1
50;2021-04-25;470;272;133381;54847;27.2;11.2
50;2021-04-26;2120;1889;135501;56736;27.6;11.6
50;2021-04-27;2409;1999;137910;58735;28.1;12.0
50;2021-04-28;2707;1967;140617;60702;28.7;12.4
50;2021-04-29;3285;2036;143902;62738;29.3;12.8
50;2021-04-30;2997;1926;146899;64664;29.9;13.2
50;2021-05-01;1013;592;147912;65256;30.1;13.3
50;2021-05-02;523;448;148435;65704;30.3;13.4
50;2021-05-03;1767;1805;150202;67509;30.6;13.8
50;2021-05-04;1772;2321;151974;69830;31.0;14.2
50;2021-05-05;1660;2952;153634;72782;31.3;14.8
50;2021-05-06;2531;2580;156165;75362;31.8;15.4
50;2021-05-07;2150;2860;158315;78222;32.3;15.9
50;2021-05-08;1167;790;159482;79012;32.5;16.1
50;2021-05-09;624;361;160106;79373;32.6;16.2
50;2021-05-10;1705;2603;161811;81976;33.0;16.7
50;2021-05-11;2543;2844;164354;84820;33.5;17.3
50;2021-05-12;3176;2436;167530;87256;34.1;17.8
50;2021-05-13;3381;610;170911;87866;34.8;17.9
50;2021-05-14;3571;2277;174482;90143;35.6;18.4
50;2021-05-15;3998;1871;178480;92014;36.4;18.8
50;2021-05-16;947;266;179427;92280;36.6;18.8
50;2021-05-17;2138;1876;181565;94156;37.0;19.2
50;2021-05-18;2522;1621;184087;95777;37.5;19.5
50;2021-05-19;2504;1440;186591;97217;38.0;19.8
50;2021-05-20;3248;1623;189839;98840;38.7;20.1
50;2021-05-21;3158;1912;192997;100752;39.3;20.5
50;2021-05-22;2650;1327;195647;102079;39.9;20.8
50;2021-05-23;604;284;196251;102363;40.0;20.9
50;2021-05-24;1527;489;197778;102852;40.3;21.0
50;2021-05-25;2449;1674;200227;104526;40.8;21.3
50;2021-05-26;2992;1448;203219;105974;41.4;21.6
50;2021-05-27;3028;1970;206247;107944;42.0;22.0
50;2021-05-28;2946;2122;209193;110066;42.6;22.4
50;2021-05-29;2758;1401;211951;111467;43.2;22.7
50;2021-05-30;812;323;212763;111790;43.4;22.8
50;2021-05-31;2651;1814;215414;113604;43.9;23.2
50;2021-06-01;3332;2065;218746;115669;44.6;23.6
50;2021-06-02;3258;1787;222004;117456;45.2;23.9
50;2021-06-03;3911;2061;225915;119517;46.0;24.4
50;2021-06-04;3823;2880;229738;122397;46.8;24.9
50;2021-06-05;2959;1847;232697;124244;47.4;25.3
50;2021-06-06;813;444;233510;124688;47.6;25.4
50;2021-06-07;3514;2080;237024;126768;48.3;25.8
50;2021-06-08;4072;2224;241096;128992;49.1;26.3
50;2021-06-09;4251;1989;245347;130981;50.0;26.7
50;2021-06-10;4191;2113;249538;133094;50.9;27.1
50;2021-06-11;4224;2710;253762;135804;51.7;27.7
50;2021-06-12;3735;1604;257497;137408;52.5;28.0
50;2021-06-13;1142;451;258639;137859;52.7;28.1
50;2021-06-14;2688;2965;261327;140824;53.3;28.7
50;2021-06-15;3018;2601;264345;143425;53.9;29.2
50;2021-06-16;3098;1969;267443;145394;54.5;29.6
50;2021-06-17;2794;2483;270237;147877;55.1;30.1
50;2021-06-18;3237;3041;273474;150918;55.7;30.8
50;2021-06-19;3176;1919;276650;152837;56.4;31.1
50;2021-06-20;731;710;277381;153547;56.5;31.3
50;2021-06-21;1817;3133;279198;156680;56.9;31.9
50;2021-06-22;2060;3393;281258;160073;57.3;32.6
50;2021-06-23;1866;3873;283124;163946;57.7;33.4
50;2021-06-24;1712;4012;284836;167958;58.1;34.2
50;2021-06-25;2129;4005;286965;171963;58.5;35.0
50;2021-06-26;2135;3698;289100;175661;58.9;35.8
50;2021-06-27;612;893;289712;176554;59.0;36.0
50;2021-06-28;1925;3354;291637;179908;59.4;36.7
50;2021-06-29;1873;3397;293510;183305;59.8;37.4
50;2021-06-30;2167;3404;295677;186709;60.3;38.1
50;2021-07-01;1935;3272;297612;189981;60.7;38.7
50;2021-07-02;1887;3935;299499;193916;61.0;39.5
50;2021-07-03;1440;3448;300939;197364;61.3;40.2
50;2021-07-04;444;1069;301383;198433;61.4;40.4
50;2021-07-05;1261;3412;302644;201845;61.7;41.1
50;2021-07-06;1554;3894;304198;205739;62.0;41.9
50;2021-07-07;1781;3622;305979;209361;62.4;42.7
50;2021-07-08;1359;4107;307338;213468;62.6;43.5
50;2021-07-09;1382;4585;308720;218053;62.9;44.4
50;2021-07-10;1013;3612;309733;221665;63.1;45.2
50;2021-07-11;366;1022;310099;222687;63.2;45.4
50;2021-07-12;1300;4638;311399;227325;63.5;46.3
50;2021-07-13;1603;4875;313002;232200;63.8;47.3
50;2021-07-14;1471;2357;314473;234557;64.1;47.8
50;2021-07-15;1666;5063;316139;239620;64.4;48.8
50;2021-07-16;2960;5251;319099;244871;65.0;49.9
50;2021-07-17;2126;3733;321225;248604;65.5;50.7
50;2021-07-18;401;1093;321626;249697;65.5;50.9
50;2021-07-19;1558;5189;323184;254886;65.9;51.9
50;2021-07-20;1917;5418;325101;260304;66.3;53.1
50;2021-07-21;1776;5264;326877;265568;66.6;54.1
50;2021-07-22;1919;5001;328796;270569;67.0;55.1
50;2021-07-23;2052;5391;330848;275960;67.4;56.2
50;2021-07-24;1303;3839;332151;279799;67.7;57.0
50;2021-07-25;267;1040;332418;280839;67.7;57.2
50;2021-07-26;2270;3495;334688;284334;68.2;57.9
50;2021-07-27;2876;3351;337564;287685;68.8;58.6
50;2021-07-28;2966;3676;340530;291361;69.4;59.4
50;2021-07-29;3541;3228;344071;294589;70.1;60.0
50;2021-07-30;3040;3000;347111;297589;70.7;60.6
50;2021-07-31;2371;2666;349482;300255;71.2;61.2
50;2021-08-01;482;683;349964;300938;71.3;61.3
50;2021-08-02;2440;2731;352404;303669;71.8;61.9
51;2020-12-27;0;0;0;0;0.0;0.0
51;2020-12-28;0;0;0;0;0.0;0.0
51;2020-12-29;0;0;0;0;0.0;0.0
51;2020-12-30;0;0;0;0;0.0;0.0
51;2020-12-31;1;0;1;0;0.0;0.0
51;2021-01-01;0;0;1;0;0.0;0.0
51;2021-01-02;0;0;1;0;0.0;0.0
51;2021-01-03;0;0;1;0;0.0;0.0
51;2021-01-04;1;0;2;0;0.0;0.0
51;2021-01-05;1;0;3;0;0.0;0.0
51;2021-01-06;6;0;9;0;0.0;0.0
51;2021-01-07;261;1;270;1;0.0;0.0
51;2021-01-08;506;1;776;2;0.1;0.0
51;2021-01-09;91;0;867;2;0.2;0.0
51;2021-01-10;0;0;867;2;0.2;0.0
51;2021-01-11;544;2;1411;4;0.3;0.0
51;2021-01-12;1534;4;2945;8;0.5;0.0
51;2021-01-13;1287;5;4232;13;0.8;0.0
51;2021-01-14;1464;6;5696;19;1.0;0.0
51;2021-01-15;605;3;6301;22;1.1;0.0
51;2021-01-16;177;1;6478;23;1.1;0.0
51;2021-01-17;101;0;6579;23;1.2;0.0
51;2021-01-18;843;3;7422;26;1.3;0.0
51;2021-01-19;997;4;8419;30;1.5;0.0
51;2021-01-20;954;7;9373;37;1.7;0.0
51;2021-01-21;790;2;10163;39;1.8;0.0
51;2021-01-22;392;2;10555;41;1.9;0.0
51;2021-01-23;294;0;10849;41;1.9;0.0
51;2021-01-24;130;1;10979;42;1.9;0.0
51;2021-01-25;712;2;11691;44;2.1;0.0
51;2021-01-26;778;5;12469;49;2.2;0.0
51;2021-01-27;656;3;13125;52;2.3;0.0
51;2021-01-28;644;70;13769;122;2.4;0.0
51;2021-01-29;472;142;14241;264;2.5;0.0
51;2021-01-30;126;5;14367;269;2.5;0.0
51;2021-01-31;83;0;14450;269;2.6;0.0
51;2021-02-01;275;58;14725;327;2.6;0.1
51;2021-02-02;738;722;15463;1049;2.7;0.2
51;2021-02-03;642;470;16105;1519;2.9;0.3
51;2021-02-04;970;822;17075;2341;3.0;0.4
51;2021-02-05;972;514;18047;2855;3.2;0.5
51;2021-02-06;30;149;18077;3004;3.2;0.5
51;2021-02-07;0;18;18077;3022;3.2;0.5
51;2021-02-08;115;415;18192;3437;3.2;0.6
51;2021-02-09;222;472;18414;3909;3.3;0.7
51;2021-02-10;219;641;18633;4550;3.3;0.8
51;2021-02-11;298;528;18931;5078;3.4;0.9
51;2021-02-12;340;566;19271;5644;3.4;1.0
51;2021-02-13;8;117;19279;5761;3.4;1.0
51;2021-02-14;8;171;19287;5932;3.4;1.1
51;2021-02-15;265;855;19552;6787;3.5;1.2
51;2021-02-16;400;972;19952;7759;3.5;1.4
51;2021-02-17;367;882;20319;8641;3.6;1.5
51;2021-02-18;436;594;20755;9235;3.7;1.6
51;2021-02-19;529;421;21284;9656;3.8;1.7
51;2021-02-20;205;296;21489;9952;3.8;1.8
51;2021-02-21;10;101;21499;10053;3.8;1.8
51;2021-02-22;195;691;21694;10744;3.8;1.9
51;2021-02-23;261;1101;21955;11845;3.9;2.1
51;2021-02-24;413;696;22368;12541;4.0;2.2
51;2021-02-25;1050;884;23418;13425;4.2;2.4
51;2021-02-26;1225;664;24643;14089;4.4;2.5
51;2021-02-27;590;124;25233;14213;4.5;2.5
51;2021-02-28;7;71;25240;14284;4.5;2.5
51;2021-03-01;766;310;26006;14594;4.6;2.6
51;2021-03-02;1125;450;27131;15044;4.8;2.7
51;2021-03-03;1193;463;28324;15507;5.0;2.8
51;2021-03-04;1058;702;29382;16209;5.2;2.9
51;2021-03-05;1559;672;30941;16881;5.5;3.0
51;2021-03-06;1433;51;32374;16932;5.7;3.0
51;2021-03-07;250;4;32624;16936;5.8;3.0
51;2021-03-08;992;97;33616;17033;6.0;3.0
51;2021-03-09;1663;181;35279;17214;6.3;3.1
51;2021-03-10;1992;101;37271;17315;6.6;3.1
51;2021-03-11;2370;162;39641;17477;7.0;3.1
51;2021-03-12;3248;153;42889;17630;7.6;3.1
51;2021-03-13;2550;46;45439;17676;8.1;3.1
51;2021-03-14;190;4;45629;17680;8.1;3.1
51;2021-03-15;1576;144;47205;17824;8.4;3.2
51;2021-03-16;1478;183;48683;18007;8.6;3.2
51;2021-03-17;1496;204;50179;18211;8.9;3.2
51;2021-03-18;1612;280;51791;18491;9.2;3.3
51;2021-03-19;2310;297;54101;18788;9.6;3.3
51;2021-03-20;1660;212;55761;19000;9.9;3.4
51;2021-03-21;133;1;55894;19001;9.9;3.4
51;2021-03-22;1415;118;57309;19119;10.2;3.4
51;2021-03-23;2466;156;59775;19275;10.6;3.4
51;2021-03-24;2839;125;62614;19400;11.1;3.4
51;2021-03-25;3252;329;65866;19729;11.7;3.5
51;2021-03-26;3410;497;69276;20226;12.3;3.6
51;2021-03-27;1843;251;71119;20477;12.6;3.6
51;2021-03-28;213;2;71332;20479;12.7;3.6
51;2021-03-29;991;641;72323;21120;12.8;3.7
51;2021-03-30;1751;854;74074;21974;13.1;3.9
51;2021-03-31;1735;757;75809;22731;13.4;4.0
51;2021-04-01;2282;440;78091;23171;13.9;4.1
51;2021-04-02;2424;638;80515;23809;14.3;4.2
51;2021-04-03;1303;409;81818;24218;14.5;4.3
51;2021-04-04;106;2;81924;24220;14.5;4.3
51;2021-04-05;72;141;81996;24361;14.5;4.3
51;2021-04-06;764;1236;82760;25597;14.7;4.5
51;2021-04-07;1313;1409;84073;27006;14.9;4.8
51;2021-04-08;2206;1766;86279;28772;15.3;5.1
51;2021-04-09;2863;1732;89142;30504;15.8;5.4
51;2021-04-10;2216;495;91358;30999;16.2;5.5
51;2021-04-11;105;85;91463;31084;16.2;5.5
51;2021-04-12;1449;1342;92912;32426;16.5;5.8
51;2021-04-13;1936;1682;94848;34108;16.8;6.0
51;2021-04-14;2459;1549;97307;35657;17.3;6.3
51;2021-04-15;2853;1665;100160;37322;17.8;6.6
51;2021-04-16;3214;1603;103374;38925;18.3;6.9
51;2021-04-17;1966;775;105340;39700;18.7;7.0
51;2021-04-18;296;109;105636;39809;18.7;7.1
51;2021-04-19;1562;1159;107198;40968;19.0;7.3
51;2021-04-20;1792;1660;108990;42628;19.3;7.6
51;2021-04-21;2007;1738;110997;44366;19.7;7.9
51;2021-04-22;2385;1649;113382;46015;20.1;8.2
51;2021-04-23;2977;1826;116359;47841;20.6;8.5
51;2021-04-24;1749;950;118108;48791;20.9;8.7
51;2021-04-25;123;162;118231;48953;21.0;8.7
51;2021-04-26;1849;760;120080;49713;21.3;8.8
51;2021-04-27;2441;1230;122521;50943;21.7;9.0
51;2021-04-28;2551;1307;125072;52250;22.2;9.3
51;2021-04-29;2674;1460;127746;53710;22.7;9.5
51;2021-04-30;2975;1672;130721;55382;23.2;9.8
51;2021-05-01;1454;412;132175;55794;23.4;9.9
51;2021-05-02;107;99;132282;55893;23.5;9.9
51;2021-05-03;2485;759;134767;56652;23.9;10.0
51;2021-05-04;2787;1347;137554;57999;24.4;10.3
51;2021-05-05;2858;1637;140412;59636;24.9;10.6
51;2021-05-06;5344;1941;145756;61577;25.9;10.9
51;2021-05-07;3703;1933;149459;63510;26.5;11.3
51;2021-05-08;2859;821;152318;64331;27.0;11.4
51;2021-05-09;211;89;152529;64420;27.1;11.4
51;2021-05-10;3215;1862;155744;66282;27.6;11.8
51;2021-05-11;3629;2039;159373;68321;28.3;12.1
51;2021-05-12;4184;2238;163557;70559;29.0;12.5
51;2021-05-13;1778;502;165335;71061;29.3;12.6
51;2021-05-14;5403;1744;170738;72805;30.3;12.9
51;2021-05-15;4227;1352;174965;74157;31.0;13.2
51;2021-05-16;284;47;175249;74204;31.1;13.2
51;2021-05-17;3132;1527;178381;75731;31.6;13.4
51;2021-05-18;3916;1771;182297;77502;32.3;13.7
51;2021-05-19;4015;1731;186312;79233;33.0;14.1
51;2021-05-20;4648;1969;190960;81202;33.9;14.4
51;2021-05-21;3595;2481;194555;83683;34.5;14.8
51;2021-05-22;2076;1548;196631;85231;34.9;15.1
51;2021-05-23;307;210;196938;85441;34.9;15.2
51;2021-05-24;2018;720;198956;86161;35.3;15.3
51;2021-05-25;3127;1827;202083;87988;35.8;15.6
51;2021-05-26;3296;1707;205379;89695;36.4;15.9
51;2021-05-27;3270;2062;208649;91757;37.0;16.3
51;2021-05-28;3605;2826;212254;94583;37.6;16.8
51;2021-05-29;2403;1998;214657;96581;38.1;17.1
51;2021-05-30;400;133;215057;96714;38.1;17.2
51;2021-05-31;3350;1782;218407;98496;38.7;17.5
51;2021-06-01;3854;2333;222261;100829;39.4;17.9
51;2021-06-02;6096;2324;228357;103153;40.5;18.3
51;2021-06-03;3579;2428;231936;105581;41.1;18.7
51;2021-06-04;6347;2946;238283;108527;42.3;19.2
51;2021-06-05;2597;1819;240880;110346;42.7;19.6
51;2021-06-06;171;156;241051;110502;42.8;19.6
51;2021-06-07;4299;2168;245350;112670;43.5;20.0
51;2021-06-08;3925;2532;249275;115202;44.2;20.4
51;2021-06-09;4018;2749;253293;117951;44.9;20.9
51;2021-06-10;3200;2482;256493;120433;45.5;21.4
51;2021-06-11;3356;3425;259849;123858;46.1;22.0
51;2021-06-12;2165;2173;262014;126031;46.5;22.4
51;2021-06-13;191;148;262205;126179;46.5;22.4
51;2021-06-14;1626;3337;263831;129516;46.8;23.0
51;2021-06-15;3185;3577;267016;133093;47.4;23.6
51;2021-06-16;2205;3684;269221;136777;47.7;24.3
51;2021-06-17;2606;5404;271827;142181;48.2;25.2
51;2021-06-18;2357;5214;274184;147395;48.6;26.1
51;2021-06-19;1684;4428;275868;151823;48.9;26.9
51;2021-06-20;184;228;276052;152051;49.0;27.0
51;2021-06-21;1228;4442;277280;156493;49.2;27.8
51;2021-06-22;1555;4043;278835;160536;49.5;28.5
51;2021-06-23;3658;4231;282493;164767;50.1;29.2
51;2021-06-24;2242;3228;284735;167995;50.5;29.8
51;2021-06-25;1906;6524;286641;174519;50.8;31.0
51;2021-06-26;1199;5067;287840;179586;51.1;31.9
51;2021-06-27;103;335;287943;179921;51.1;31.9
51;2021-06-28;1400;4407;289343;184328;51.3;32.7
51;2021-06-29;1171;4466;290514;188794;51.5;33.5
51;2021-06-30;1682;6040;292196;194834;51.8;34.6
51;2021-07-01;1968;3764;294164;198598;52.2;35.2
51;2021-07-02;1830;6886;295994;205484;52.5;36.4
51;2021-07-03;1003;3199;296997;208683;52.7;37.0
51;2021-07-04;170;253;297167;208936;52.7;37.1
51;2021-07-05;764;5530;297931;214466;52.8;38.0
51;2021-07-06;1245;4787;299176;219253;53.1;38.9
51;2021-07-07;1603;4948;300779;224201;53.3;39.8
51;2021-07-08;2059;3429;302838;227630;53.7;40.4
51;2021-07-09;1853;5057;304691;232687;54.0;41.3
51;2021-07-10;1223;3211;305914;235898;54.3;41.8
51;2021-07-11;187;280;306101;236178;54.3;41.9
51;2021-07-12;990;4382;307091;240560;54.5;42.7
51;2021-07-13;1465;4782;308556;245342;54.7;43.5
51;2021-07-14;1062;1685;309618;247027;54.9;43.8
51;2021-07-15;2916;4908;312534;251935;55.4;44.7
51;2021-07-16;2347;5286;314881;257221;55.8;45.6
51;2021-07-17;1805;3483;316686;260704;56.2;46.2
51;2021-07-18;162;329;316848;261033;56.2;46.3
51;2021-07-19;1885;3979;318733;265012;56.5;47.0
51;2021-07-20;2574;5144;321307;270156;57.0;47.9
51;2021-07-21;3600;4056;324907;274212;57.6;48.6
51;2021-07-22;4383;3749;329290;277961;58.4;49.3
51;2021-07-23;3622;4382;332912;282343;59.0;50.1
51;2021-07-24;2072;2716;334984;285059;59.4;50.6
51;2021-07-25;348;257;335332;285316;59.5;50.6
51;2021-07-26;3095;2798;338427;288114;60.0;51.1
51;2021-07-27;5807;3241;344234;291355;61.1;51.7
51;2021-07-28;4118;4303;348352;295658;61.8;52.4
51;2021-07-29;4672;2702;353024;298360;62.6;52.9
51;2021-07-30;3589;3145;356613;301505;63.2;53.5
51;2021-07-31;2506;2109;359119;303614;63.7;53.8
51;2021-08-01;368;230;359487;303844;63.8;53.9
51;2021-08-02;3255;2293;362742;306137;64.3;54.3
52;2020-12-27;0;0;0;0;0.0;0.0
52;2020-12-28;0;0;0;0;0.0;0.0
52;2020-12-29;0;0;0;0;0.0;0.0
52;2020-12-30;0;0;0;0;0.0;0.0
52;2020-12-31;0;0;0;0;0.0;0.0
52;2021-01-01;0;0;0;0;0.0;0.0
52;2021-01-02;0;0;0;0;0.0;0.0
52;2021-01-03;0;0;0;0;0.0;0.0
52;2021-01-04;0;0;0;0;0.0;0.0
52;2021-01-05;0;0;0;0;0.0;0.0
52;2021-01-06;2;0;2;0;0.0;0.0
52;2021-01-07;0;0;2;0;0.0;0.0
52;2021-01-08;201;1;203;1;0.1;0.0
52;2021-01-09;93;0;296;1;0.2;0.0
52;2021-01-10;0;0;296;1;0.2;0.0
52;2021-01-11;206;0;502;1;0.3;0.0
52;2021-01-12;171;0;673;1;0.4;0.0
52;2021-01-13;562;2;1235;3;0.7;0.0
52;2021-01-14;677;8;1912;11;1.1;0.0
52;2021-01-15;411;1;2323;12;1.4;0.0
52;2021-01-16;16;1;2339;13;1.4;0.0
52;2021-01-17;0;0;2339;13;1.4;0.0
52;2021-01-18;426;0;2765;13;1.6;0.0
52;2021-01-19;439;0;3204;13;1.9;0.0
52;2021-01-20;419;1;3623;14;2.1;0.0
52;2021-01-21;424;1;4047;15;2.4;0.0
52;2021-01-22;321;0;4368;15;2.6;0.0
52;2021-01-23;72;0;4440;15;2.6;0.0
52;2021-01-24;0;0;4440;15;2.6;0.0
52;2021-01-25;235;0;4675;15;2.8;0.0
52;2021-01-26;306;1;4981;16;2.9;0.0
52;2021-01-27;237;1;5218;17;3.1;0.0
52;2021-01-28;174;4;5392;21;3.2;0.0
52;2021-01-29;74;124;5466;145;3.2;0.1
52;2021-01-30;91;95;5557;240;3.3;0.1
52;2021-01-31;0;0;5557;240;3.3;0.1
52;2021-02-01;117;193;5674;433;3.4;0.3
52;2021-02-02;61;178;5735;611;3.4;0.4
52;2021-02-03;90;416;5825;1027;3.4;0.6
52;2021-02-04;231;597;6056;1624;3.6;1.0
52;2021-02-05;113;505;6169;2129;3.6;1.3
52;2021-02-06;22;0;6191;2129;3.7;1.3
52;2021-02-07;0;1;6191;2130;3.7;1.3
52;2021-02-08;34;207;6225;2337;3.7;1.4
52;2021-02-09;47;216;6272;2553;3.7;1.5
52;2021-02-10;88;191;6360;2744;3.8;1.6
52;2021-02-11;129;146;6489;2890;3.8;1.7
52;2021-02-12;188;130;6677;3020;3.9;1.8
52;2021-02-13;5;1;6682;3021;3.9;1.8
52;2021-02-14;0;16;6682;3037;3.9;1.8
52;2021-02-15;80;277;6762;3314;4.0;2.0
52;2021-02-16;50;357;6812;3671;4.0;2.2
52;2021-02-17;37;316;6849;3987;4.0;2.4
52;2021-02-18;82;281;6931;4268;4.1;2.5
52;2021-02-19;51;193;6982;4461;4.1;2.6
52;2021-02-20;14;111;6996;4572;4.1;2.7
52;2021-02-21;0;0;6996;4572;4.1;2.7
52;2021-02-22;42;384;7038;4956;4.2;2.9
52;2021-02-23;56;277;7094;5233;4.2;3.1
52;2021-02-24;82;248;7176;5481;4.2;3.2
52;2021-02-25;161;236;7337;5717;4.3;3.4
52;2021-02-26;296;182;7633;5899;4.5;3.5
52;2021-02-27;149;49;7782;5948;4.6;3.5
52;2021-02-28;0;0;7782;5948;4.6;3.5
52;2021-03-01;163;14;7945;5962;4.7;3.5
52;2021-03-02;196;51;8141;6013;4.8;3.6
52;2021-03-03;356;35;8497;6048;5.0;3.6
52;2021-03-04;377;56;8874;6104;5.2;3.6
52;2021-03-05;531;52;9405;6156;5.6;3.6
52;2021-03-06;409;34;9814;6190;5.8;3.7
52;2021-03-07;0;0;9814;6190;5.8;3.7
52;2021-03-08;397;110;10211;6300;6.0;3.7
52;2021-03-09;549;105;10760;6405;6.4;3.8
52;2021-03-10;308;108;11068;6513;6.5;3.8
52;2021-03-11;585;35;11653;6548;6.9;3.9
52;2021-03-12;581;64;12234;6612;7.2;3.9
52;2021-03-13;490;6;12724;6618;7.5;3.9
52;2021-03-14;15;3;12739;6621;7.5;3.9
52;2021-03-15;316;25;13055;6646;7.7;3.9
52;2021-03-16;203;14;13258;6660;7.8;3.9
52;2021-03-17;362;13;13620;6673;8.0;3.9
52;2021-03-18;442;7;14062;6680;8.3;3.9
52;2021-03-19;450;53;14512;6733;8.6;4.0
52;2021-03-20;259;11;14771;6744;8.7;4.0
52;2021-03-21;15;1;14786;6745;8.7;4.0
52;2021-03-22;375;48;15161;6793;9.0;4.0
52;2021-03-23;681;89;15842;6882;9.4;4.1
52;2021-03-24;771;69;16613;6951;9.8;4.1
52;2021-03-25;1138;81;17751;7032;10.5;4.2
52;2021-03-26;1030;138;18781;7170;11.1;4.2
52;2021-03-27;476;75;19257;7245;11.4;4.3
52;2021-03-28;53;0;19310;7245;11.4;4.3
52;2021-03-29;506;186;19816;7431;11.7;4.4
52;2021-03-30;867;289;20683;7720;12.2;4.6
52;2021-03-31;957;291;21640;8011;12.8;4.7
52;2021-04-01;1146;177;22786;8188;13.5;4.8
52;2021-04-02;958;101;23744;8289;14.0;4.9
52;2021-04-03;459;3;24203;8292;14.3;4.9
52;2021-04-04;1;1;24204;8293;14.3;4.9
52;2021-04-05;1;0;24205;8293;14.3;4.9
52;2021-04-06;429;292;24634;8585;14.6;5.1
52;2021-04-07;503;450;25137;9035;14.9;5.3
52;2021-04-08;844;209;25981;9244;15.4;5.5
52;2021-04-09;1060;124;27041;9368;16.0;5.5
52;2021-04-10;852;100;27893;9468;16.5;5.6
52;2021-04-11;96;1;27989;9469;16.5;5.6
52;2021-04-12;931;275;28920;9744;17.1;5.8
52;2021-04-13;1247;375;30167;10119;17.8;6.0
52;2021-04-14;1345;452;31512;10571;18.6;6.2
52;2021-04-15;1511;434;33023;11005;19.5;6.5
52;2021-04-16;1573;365;34596;11370;20.4;6.7
52;2021-04-17;1307;128;35903;11498;21.2;6.8
52;2021-04-18;510;29;36413;11527;21.5;6.8
52;2021-04-19;697;611;37110;12138;21.9;7.2
52;2021-04-20;1078;670;38188;12808;22.6;7.6
52;2021-04-21;1059;676;39247;13484;23.2;8.0
52;2021-04-22;1468;729;40715;14213;24.1;8.4
52;2021-04-23;1255;658;41970;14871;24.8;8.8
52;2021-04-24;477;293;42447;15164;25.1;9.0
52;2021-04-25;3;77;42450;15241;25.1;9.0
52;2021-04-26;631;559;43081;15800;25.5;9.3
52;2021-04-27;933;672;44014;16472;26.0;9.7
52;2021-04-28;1440;559;45454;17031;26.9;10.1
52;2021-04-29;1451;573;46905;17604;27.7;10.4
52;2021-04-30;1315;605;48220;18209;28.5;10.8
52;2021-05-01;8;232;48228;18441;28.5;10.9
52;2021-05-02;0;1;48228;18442;28.5;10.9
52;2021-05-03;1160;627;49388;19069;29.2;11.3
52;2021-05-04;1445;720;50833;19789;30.0;11.7
52;2021-05-05;1769;647;52602;20436;31.1;12.1
52;2021-05-06;1974;509;54576;20945;32.2;12.4
52;2021-05-07;1443;1163;56019;22108;33.1;13.1
52;2021-05-08;588;315;56607;22423;33.4;13.2
52;2021-05-09;1;47;56608;22470;33.4;13.3
52;2021-05-10;791;1101;57399;23571;33.9;13.9
52;2021-05-11;868;1397;58267;24968;34.4;14.8
52;2021-05-12;1207;1382;59474;26350;35.1;15.6
52;2021-05-13;67;184;59541;26534;35.2;15.7
52;2021-05-14;1184;1363;60725;27897;35.9;16.5
52;2021-05-15;492;929;61217;28826;36.2;17.0
52;2021-05-16;8;43;61225;28869;36.2;17.1
52;2021-05-17;1144;706;62369;29575;36.9;17.5
52;2021-05-18;1217;671;63586;30246;37.6;17.9
52;2021-05-19;1543;414;65129;30660;38.5;18.1
52;2021-05-20;1545;419;66674;31079;39.4;18.4
52;2021-05-21;1624;613;68298;31692;40.4;18.7
52;2021-05-22;1088;208;69386;31900;41.0;18.8
52;2021-05-23;1;0;69387;31900;41.0;18.8
52;2021-05-24;403;33;69790;31933;41.2;18.9
52;2021-05-25;1351;384;71141;32317;42.0;19.1
52;2021-05-26;1478;671;72619;32988;42.9;19.5
52;2021-05-27;1566;789;74185;33777;43.8;20.0
52;2021-05-28;1491;671;75676;34448;44.7;20.4
52;2021-05-29;696;835;76372;35283;45.1;20.8
52;2021-05-30;16;550;76388;35833;45.1;21.2
52;2021-05-31;823;830;77211;36663;45.6;21.7
52;2021-06-01;957;814;78168;37477;46.2;22.1
52;2021-06-02;895;753;79063;38230;46.7;22.6
52;2021-06-03;825;825;79888;39055;47.2;23.1
52;2021-06-04;884;1341;80772;40396;47.7;23.9
52;2021-06-05;579;638;81351;41034;48.1;24.2
52;2021-06-06;27;55;81378;41089;48.1;24.3
52;2021-06-07;359;931;81737;42020;48.3;24.8
52;2021-06-08;553;1467;82290;43487;48.6;25.7
52;2021-06-09;613;1474;82903;44961;49.0;26.6
52;2021-06-10;793;1157;83696;46118;49.5;27.2
52;2021-06-11;829;1349;84525;47467;49.9;28.0
52;2021-06-12;422;586;84947;48053;50.2;28.4
52;2021-06-13;1;6;84948;48059;50.2;28.4
52;2021-06-14;171;1413;85119;49472;50.3;29.2
52;2021-06-15;221;1810;85340;51282;50.4;30.3
52;2021-06-16;354;1996;85694;53278;50.6;31.5
52;2021-06-17;265;1156;85959;54434;50.8;32.2
52;2021-06-18;306;1553;86265;55987;51.0;33.1
52;2021-06-19;502;690;86767;56677;51.3;33.5
52;2021-06-20;0;17;86767;56694;51.3;33.5
52;2021-06-21;524;896;87291;57590;51.6;34.0
52;2021-06-22;502;1048;87793;58638;51.9;34.6
52;2021-06-23;555;1043;88348;59681;52.2;35.3
52;2021-06-24;607;717;88955;60398;52.6;35.7
52;2021-06-25;658;1312;89613;61710;52.9;36.5
52;2021-06-26;264;721;89877;62431;53.1;36.9
52;2021-06-27;1;8;89878;62439;53.1;36.9
52;2021-06-28;182;1443;90060;63882;53.2;37.7
52;2021-06-29;163;1415;90223;65297;53.3;38.6
52;2021-06-30;216;1469;90439;66766;53.4;39.4
52;2021-07-01;316;1023;90755;67789;53.6;40.1
52;2021-07-02;430;1454;91185;69243;53.9;40.9
52;2021-07-03;301;1148;91486;70391;54.1;41.6
52;2021-07-04;0;11;91486;70402;54.1;41.6
52;2021-07-05;172;1455;91658;71857;54.2;42.5
52;2021-07-06;284;1453;91942;73310;54.3;43.3
52;2021-07-07;303;1165;92245;74475;54.5;44.0
52;2021-07-08;471;1163;92716;75638;54.8;44.7
52;2021-07-09;287;1621;93003;77259;55.0;45.6
52;2021-07-10;146;822;93149;78081;55.0;46.1
52;2021-07-11;11;12;93160;78093;55.0;46.1
52;2021-07-12;282;1467;93442;79560;55.2;47.0
52;2021-07-13;589;1371;94031;80931;55.6;47.8
52;2021-07-14;436;151;94467;81082;55.8;47.9
52;2021-07-15;591;1431;95058;82513;56.2;48.8
52;2021-07-16;889;1340;95947;83853;56.7;49.5
52;2021-07-17;527;340;96474;84193;57.0;49.7
52;2021-07-18;3;12;96477;84205;57.0;49.8
52;2021-07-19;681;985;97158;85190;57.4;50.3
52;2021-07-20;1097;834;98255;86024;58.1;50.8
52;2021-07-21;1145;735;99400;86759;58.7;51.3
52;2021-07-22;1426;860;100826;87619;59.6;51.8
52;2021-07-23;1383;955;102209;88574;60.4;52.3
52;2021-07-24;872;487;103081;89061;60.9;52.6
52;2021-07-25;20;21;103101;89082;60.9;52.6
52;2021-07-26;995;614;104096;89696;61.5;53.0
52;2021-07-27;1325;651;105421;90347;62.3;53.4
52;2021-07-28;1373;640;106794;90987;63.1;53.8
52;2021-07-29;1244;618;108038;91605;63.8;54.1
52;2021-07-30;1349;706;109387;92311;64.6;54.5
52;2021-07-31;869;542;110256;92853;65.1;54.9
52;2021-08-01;5;14;110261;92867;65.1;54.9
52;2021-08-02;1171;561;111432;93428;65.8;55.2
53;2020-12-27;0;0;0;0;0.0;0.0
53;2020-12-28;0;0;0;0;0.0;0.0
53;2020-12-29;0;0;0;0;0.0;0.0
53;2020-12-30;0;0;0;0;0.0;0.0
53;2020-12-31;0;0;0;0;0.0;0.0
53;2021-01-01;0;0;0;0;0.0;0.0
53;2021-01-02;0;0;0;0;0.0;0.0
53;2021-01-03;0;0;0;0;0.0;0.0
53;2021-01-04;0;0;0;0;0.0;0.0
53;2021-01-05;0;0;0;0;0.0;0.0
53;2021-01-06;0;0;0;0;0.0;0.0
53;2021-01-07;102;0;102;0;0.0;0.0
53;2021-01-08;284;1;386;1;0.1;0.0
53;2021-01-09;134;1;520;2;0.2;0.0
53;2021-01-10;15;0;535;2;0.2;0.0
53;2021-01-11;176;0;711;2;0.2;0.0
53;2021-01-12;453;1;1164;3;0.4;0.0
53;2021-01-13;252;0;1416;3;0.5;0.0
53;2021-01-14;289;7;1705;10;0.6;0.0
53;2021-01-15;343;4;2048;14;0.7;0.0
53;2021-01-16;61;0;2109;14;0.7;0.0
53;2021-01-17;24;1;2133;15;0.7;0.0
53;2021-01-18;364;0;2497;15;0.8;0.0
53;2021-01-19;593;0;3090;15;1.0;0.0
53;2021-01-20;742;0;3832;15;1.3;0.0
53;2021-01-21;769;2;4601;17;1.5;0.0
53;2021-01-22;705;2;5306;19;1.7;0.0
53;2021-01-23;160;1;5466;20;1.8;0.0
53;2021-01-24;6;0;5472;20;1.8;0.0
53;2021-01-25;550;0;6022;20;2.0;0.0
53;2021-01-26;1198;6;7220;26;2.4;0.0
53;2021-01-27;696;6;7916;32;2.6;0.0
53;2021-01-28;738;96;8654;128;2.8;0.0
53;2021-01-29;422;189;9076;317;3.0;0.1
53;2021-01-30;128;0;9204;317;3.0;0.1
53;2021-01-31;0;0;9204;317;3.0;0.1
53;2021-02-01;298;149;9502;466;3.1;0.2
53;2021-02-02;309;231;9811;697;3.2;0.2
53;2021-02-03;226;378;10037;1075;3.3;0.4
53;2021-02-04;184;333;10221;1408;3.3;0.5
53;2021-02-05;234;303;10455;1711;3.4;0.6
53;2021-02-06;152;23;10607;1734;3.5;0.6
53;2021-02-07;0;0;10607;1734;3.5;0.6
53;2021-02-08;166;108;10773;1842;3.5;0.6
53;2021-02-09;369;214;11142;2056;3.6;0.7
53;2021-02-10;266;435;11408;2491;3.7;0.8
53;2021-02-11;432;490;11840;2981;3.9;1.0
53;2021-02-12;318;574;12158;3555;4.0;1.2
53;2021-02-13;96;66;12254;3621;4.0;1.2
53;2021-02-14;0;99;12254;3720;4.0;1.2
53;2021-02-15;240;433;12494;4153;4.1;1.4
53;2021-02-16;528;845;13022;4998;4.3;1.6
53;2021-02-17;390;619;13412;5617;4.4;1.8
53;2021-02-18;546;577;13958;6194;4.6;2.0
53;2021-02-19;895;420;14853;6614;4.9;2.2
53;2021-02-20;139;112;14992;6726;4.9;2.2
53;2021-02-21;1;20;14993;6746;4.9;2.2
53;2021-02-22;161;587;15154;7333;5.0;2.4
53;2021-02-23;59;657;15213;7990;5.0;2.6
53;2021-02-24;137;517;15350;8507;5.0;2.8
53;2021-02-25;457;358;15807;8865;5.2;2.9
53;2021-02-26;439;262;16246;9127;5.3;3.0
53;2021-02-27;86;115;16332;9242;5.3;3.0
53;2021-02-28;0;0;16332;9242;5.3;3.0
53;2021-03-01;230;280;16562;9522;5.4;3.1
53;2021-03-02;246;253;16808;9775;5.5;3.2
53;2021-03-03;320;393;17128;10168;5.6;3.3
53;2021-03-04;858;334;17986;10502;5.9;3.4
53;2021-03-05;659;279;18645;10781;6.1;3.5
53;2021-03-06;445;212;19090;10993;6.3;3.6
53;2021-03-07;276;4;19366;10997;6.3;3.6
53;2021-03-08;375;177;19741;11174;6.5;3.7
53;2021-03-09;878;241;20619;11415;6.8;3.7
53;2021-03-10;807;106;21426;11521;7.0;3.8
53;2021-03-11;1247;220;22673;11741;7.4;3.8
53;2021-03-12;1601;142;24274;11883;7.9;3.9
53;2021-03-13;824;5;25098;11888;8.2;3.9
53;2021-03-14;1;0;25099;11888;8.2;3.9
53;2021-03-15;1002;298;26101;12186;8.5;4.0
53;2021-03-16;1033;324;27134;12510;8.9;4.1
53;2021-03-17;684;262;27818;12772;9.1;4.2
53;2021-03-18;972;338;28790;13110;9.4;4.3
53;2021-03-19;1342;593;30132;13703;9.9;4.5
53;2021-03-20;591;14;30723;13717;10.1;4.5
53;2021-03-21;2;0;30725;13717;10.1;4.5
53;2021-03-22;1209;151;31934;13868;10.5;4.5
53;2021-03-23;1696;61;33630;13929;11.0;4.6
53;2021-03-24;1323;116;34953;14045;11.4;4.6
53;2021-03-25;2323;226;37276;14271;12.2;4.7
53;2021-03-26;1882;148;39158;14419;12.8;4.7
53;2021-03-27;339;2;39497;14421;12.9;4.7
53;2021-03-28;2;0;39499;14421;12.9;4.7
53;2021-03-29;1474;205;40973;14626;13.4;4.8
53;2021-03-30;1945;197;42918;14823;14.1;4.9
53;2021-03-31;1791;218;44709;15041;14.6;4.9
53;2021-04-01;1945;669;46654;15710;15.3;5.1
53;2021-04-02;2074;218;48728;15928;16.0;5.2
53;2021-04-03;414;1;49142;15929;16.1;5.2
53;2021-04-04;10;0;49152;15929;16.1;5.2
53;2021-04-05;9;15;49161;15944;16.1;5.2
53;2021-04-06;1304;499;50465;16443;16.5;5.4
53;2021-04-07;1177;921;51642;17364;16.9;5.7
53;2021-04-08;1662;1005;53304;18369;17.5;6.0
53;2021-04-09;1956;395;55260;18764;18.1;6.1
53;2021-04-10;543;11;55803;18775;18.3;6.1
53;2021-04-11;12;0;55815;18775;18.3;6.1
53;2021-04-12;695;1065;56510;19840;18.5;6.5
53;2021-04-13;1472;1105;57982;20945;19.0;6.9
53;2021-04-14;1022;733;59004;21678;19.3;7.1
53;2021-04-15;1159;1109;60163;22787;19.7;7.5
53;2021-04-16;1272;816;61435;23603;20.1;7.7
53;2021-04-17;281;274;61716;23877;20.2;7.8
53;2021-04-18;0;0;61716;23877;20.2;7.8
53;2021-04-19;679;1065;62395;24942;20.4;8.2
53;2021-04-20;936;1451;63331;26393;20.7;8.6
53;2021-04-21;850;1010;64181;27403;21.0;9.0
53;2021-04-22;1046;1611;65227;29014;21.4;9.5
53;2021-04-23;1328;1053;66555;30067;21.8;9.8
53;2021-04-24;68;7;66623;30074;21.8;9.8
53;2021-04-25;6;39;66629;30113;21.8;9.9
53;2021-04-26;368;1238;66997;31351;21.9;10.3
53;2021-04-27;724;1971;67721;33322;22.2;10.9
53;2021-04-28;979;1390;68700;34712;22.5;11.4
53;2021-04-29;1050;1709;69750;36421;22.8;11.9
53;2021-04-30;1366;1309;71116;37730;23.3;12.4
53;2021-05-01;35;50;71151;37780;23.3;12.4
53;2021-05-02;0;0;71151;37780;23.3;12.4
53;2021-05-03;1570;701;72721;38481;23.8;12.6
53;2021-05-04;1305;1437;74026;39918;24.2;13.1
53;2021-05-05;1608;823;75634;40741;24.8;13.3
53;2021-05-06;1393;1393;77027;42134;25.2;13.8
53;2021-05-07;1538;1299;78565;43433;25.7;14.2
53;2021-05-08;939;36;79504;43469;26.0;14.2
53;2021-05-09;11;2;79515;43471;26.0;14.2
53;2021-05-10;2416;809;81931;44280;26.8;14.5
53;2021-05-11;3096;1285;85027;45565;27.8;14.9
53;2021-05-12;2749;1086;87776;46651;28.7;15.3
53;2021-05-13;350;26;88126;46677;28.9;15.3
53;2021-05-14;2019;675;90145;47352;29.5;15.5
53;2021-05-15;1058;62;91203;47414;29.9;15.5
53;2021-05-16;2;0;91205;47414;29.9;15.5
53;2021-05-17;1701;1194;92906;48608;30.4;15.9
53;2021-05-18;1881;1544;94787;50152;31.0;16.4
53;2021-05-19;2303;741;97090;50893;31.8;16.7
53;2021-05-20;3217;857;100307;51750;32.8;16.9
53;2021-05-21;2797;825;103104;52575;33.8;17.2
53;2021-05-22;20;60;103124;52635;33.8;17.2
53;2021-05-23;0;0;103124;52635;33.8;17.2
53;2021-05-24;8;6;103132;52641;33.8;17.2
53;2021-05-25;1819;805;104951;53446;34.4;17.5
53;2021-05-26;1852;903;106803;54349;35.0;17.8
53;2021-05-27;3072;1074;109875;55423;36.0;18.1
53;2021-05-28;2562;876;112437;56299;36.8;18.4
53;2021-05-29;844;244;113281;56543;37.1;18.5
53;2021-05-30;18;6;113299;56549;37.1;18.5
53;2021-05-31;2564;801;115863;57350;37.9;18.8
53;2021-06-01;3491;1257;119354;58607;39.1;19.2
53;2021-06-02;3183;522;122537;59129;40.1;19.4
53;2021-06-03;4196;783;126733;59912;41.5;19.6
53;2021-06-04;3181;1264;129914;61176;42.5;20.0
53;2021-06-05;136;245;130050;61421;42.6;20.1
53;2021-06-06;0;4;130050;61425;42.6;20.1
53;2021-06-07;2628;923;132678;62348;43.4;20.4
53;2021-06-08;3582;1124;136260;63472;44.6;20.8
53;2021-06-09;2453;936;138713;64408;45.4;21.1
53;2021-06-10;3520;846;142233;65254;46.6;21.4
53;2021-06-11;2963;1212;145196;66466;47.5;21.8
53;2021-06-12;108;138;145304;66604;47.6;21.8
53;2021-06-13;10;2;145314;66606;47.6;21.8
53;2021-06-14;1600;1791;146914;68397;48.1;22.4
53;2021-06-15;1898;2263;148812;70660;48.7;23.1
53;2021-06-16;1828;1729;150640;72389;49.3;23.7
53;2021-06-17;3014;1650;153654;74039;50.3;24.2
53;2021-06-18;2701;1807;156355;75846;51.2;24.8
53;2021-06-19;762;1166;157117;77012;51.5;25.2
53;2021-06-20;3;479;157120;77491;51.5;25.4
53;2021-06-21;918;2527;158038;80018;51.8;26.2
53;2021-06-22;1298;3453;159336;83471;52.2;27.3
53;2021-06-23;1360;2893;160696;86364;52.6;28.3
53;2021-06-24;1802;2033;162498;88397;53.2;28.9
53;2021-06-25;1782;2042;164280;90439;53.8;29.6
53;2021-06-26;976;350;165256;90789;54.1;29.7
53;2021-06-27;8;8;165264;90797;54.1;29.7
53;2021-06-28;660;2900;165924;93697;54.3;30.7
53;2021-06-29;856;3649;166780;97346;54.6;31.9
53;2021-06-30;747;1518;167527;98864;54.9;32.4
53;2021-07-01;1500;2635;169027;101499;55.4;33.2
53;2021-07-02;1481;2023;170508;103522;55.8;33.9
53;2021-07-03;855;571;171363;104093;56.1;34.1
53;2021-07-04;0;4;171363;104097;56.1;34.1
53;2021-07-05;533;2062;171896;106159;56.3;34.8
53;2021-07-06;852;3616;172748;109775;56.6;35.9
53;2021-07-07;1015;2657;173763;112432;56.9;36.8
53;2021-07-08;1304;3118;175067;115550;57.3;37.8
53;2021-07-09;1113;3399;176180;118949;57.7;39.0
53;2021-07-10;421;1001;176601;119950;57.8;39.3
53;2021-07-11;12;20;176613;119970;57.8;39.3
53;2021-07-12;501;3716;177114;123686;58.0;40.5
53;2021-07-13;892;4772;178006;128458;58.3;42.1
53;2021-07-14;104;284;178110;128742;58.3;42.2
53;2021-07-15;1110;4354;179220;133096;58.7;43.6
53;2021-07-16;1244;3847;180464;136943;59.1;44.8
53;2021-07-17;1314;297;181778;137240;59.5;44.9
53;2021-07-18;25;19;181803;137259;59.5;44.9
53;2021-07-19;734;3436;182537;140695;59.8;46.1
53;2021-07-20;975;4127;183512;144822;60.1;47.4
53;2021-07-21;680;3280;184192;148102;60.3;48.5
53;2021-07-22;1509;3524;185701;151626;60.8;49.7
53;2021-07-23;1599;3756;187300;155382;61.3;50.9
53;2021-07-24;953;279;188253;155661;61.6;51.0
53;2021-07-25;60;25;188313;155686;61.7;51.0
53;2021-07-26;1721;1938;190034;157624;62.2;51.6
53;2021-07-27;2347;2825;192381;160449;63.0;52.5
53;2021-07-28;2135;2812;194516;163261;63.7;53.5
53;2021-07-29;2474;2541;196990;165802;64.5;54.3
53;2021-07-30;1821;2649;198811;168451;65.1;55.2
53;2021-07-31;626;231;199437;168682;65.3;55.2
53;2021-08-01;37;25;199474;168707;65.3;55.2
53;2021-08-02;2079;1725;201553;170432;66.0;55.8
54;2020-12-27;0;0;0;0;0.0;0.0
54;2020-12-28;1;0;1;0;0.0;0.0
54;2020-12-29;0;0;1;0;0.0;0.0
54;2020-12-30;0;0;1;0;0.0;0.0
54;2020-12-31;10;0;11;0;0.0;0.0
54;2021-01-01;0;0;11;0;0.0;0.0
54;2021-01-02;0;0;11;0;0.0;0.0
54;2021-01-03;1;0;12;0;0.0;0.0
54;2021-01-04;162;0;174;0;0.0;0.0
54;2021-01-05;395;0;569;0;0.1;0.0
54;2021-01-06;647;1;1216;1;0.2;0.0
54;2021-01-07;816;2;2032;3;0.3;0.0
54;2021-01-08;704;3;2736;6;0.4;0.0
54;2021-01-09;81;0;2817;6;0.4;0.0
54;2021-01-10;78;0;2895;6;0.4;0.0
54;2021-01-11;974;3;3869;9;0.5;0.0
54;2021-01-12;1180;1;5049;10;0.7;0.0
54;2021-01-13;2369;8;7418;18;1.0;0.0
54;2021-01-14;3375;30;10793;48;1.5;0.0
54;2021-01-15;2682;13;13475;61;1.8;0.0
54;2021-01-16;814;3;14289;64;2.0;0.0
54;2021-01-17;210;0;14499;64;2.0;0.0
54;2021-01-18;1556;6;16055;70;2.2;0.0
54;2021-01-19;1699;0;17754;70;2.4;0.0
54;2021-01-20;1489;6;19243;76;2.6;0.0
54;2021-01-21;1341;3;20584;79;2.8;0.0
54;2021-01-22;1088;8;21672;87;3.0;0.0
54;2021-01-23;477;0;22149;87;3.0;0.0
54;2021-01-24;66;0;22215;87;3.0;0.0
54;2021-01-25;940;29;23155;116;3.2;0.0
54;2021-01-26;142;5;23297;121;3.2;0.0
54;2021-01-27;12;172;23309;293;3.2;0.0
54;2021-01-28;31;236;23340;529;3.2;0.1
54;2021-01-29;16;279;23356;808;3.2;0.1
54;2021-01-30;4;0;23360;808;3.2;0.1
54;2021-01-31;1;0;23361;808;3.2;0.1
54;2021-02-01;13;787;23374;1595;3.2;0.2
54;2021-02-02;22;972;23396;2567;3.2;0.4
54;2021-02-03;360;1532;23756;4099;3.3;0.6
54;2021-02-04;730;2455;24486;6554;3.4;0.9
54;2021-02-05;793;1901;25279;8455;3.5;1.2
54;2021-02-06;203;338;25482;8793;3.5;1.2
54;2021-02-07;4;126;25486;8919;3.5;1.2
54;2021-02-08;117;1002;25603;9921;3.5;1.4
54;2021-02-09;303;1070;25906;10991;3.5;1.5
54;2021-02-10;385;800;26291;11791;3.6;1.6
54;2021-02-11;292;820;26583;12611;3.6;1.7
54;2021-02-12;449;1302;27032;13913;3.7;1.9
54;2021-02-13;147;237;27179;14150;3.7;1.9
54;2021-02-14;9;11;27188;14161;3.7;1.9
54;2021-02-15;432;1138;27620;15299;3.8;2.1
54;2021-02-16;402;1224;28022;16523;3.8;2.3
54;2021-02-17;518;960;28540;17483;3.9;2.4
54;2021-02-18;592;793;29132;18276;4.0;2.5
54;2021-02-19;520;777;29652;19053;4.1;2.6
54;2021-02-20;34;284;29686;19337;4.1;2.6
54;2021-02-21;3;25;29689;19362;4.1;2.7
54;2021-02-22;485;605;30174;19967;4.1;2.7
54;2021-02-23;678;565;30852;20532;4.2;2.8
54;2021-02-24;727;364;31579;20896;4.3;2.9
54;2021-02-25;1475;734;33054;21630;4.5;3.0
54;2021-02-26;1765;782;34819;22412;4.8;3.1
54;2021-02-27;699;107;35518;22519;4.9;3.1
54;2021-02-28;11;28;35529;22547;4.9;3.1
54;2021-03-01;648;216;36177;22763;5.0;3.1
54;2021-03-02;1502;138;37679;22901;5.2;3.1
54;2021-03-03;1757;58;39436;22959;5.4;3.1
54;2021-03-04;2025;98;41461;23057;5.7;3.2
54;2021-03-05;2796;142;44257;23199;6.1;3.2
54;2021-03-06;4038;102;48295;23301;6.6;3.2
54;2021-03-07;2624;68;50919;23369;7.0;3.2
54;2021-03-08;1336;61;52255;23430;7.2;3.2
54;2021-03-09;2644;100;54899;23530;7.5;3.2
54;2021-03-10;3199;108;58098;23638;8.0;3.2
54;2021-03-11;3389;90;61487;23728;8.4;3.2
54;2021-03-12;4979;171;66466;23899;9.1;3.3
54;2021-03-13;4200;113;70666;24012;9.7;3.3
54;2021-03-14;543;37;71209;24049;9.7;3.3
54;2021-03-15;1719;101;72928;24150;10.0;3.3
54;2021-03-16;1733;172;74661;24322;10.2;3.3
54;2021-03-17;2081;149;76742;24471;10.5;3.4
54;2021-03-18;2056;163;78798;24634;10.8;3.4
54;2021-03-19;3318;255;82116;24889;11.2;3.4
54;2021-03-20;2305;76;84421;24965;11.6;3.4
54;2021-03-21;295;15;84716;24980;11.6;3.4
54;2021-03-22;1033;331;85749;25311;11.7;3.5
54;2021-03-23;1936;518;87685;25829;12.0;3.5
54;2021-03-24;2193;710;89878;26539;12.3;3.6
54;2021-03-25;3171;722;93049;27261;12.7;3.7
54;2021-03-26;3515;810;96564;28071;13.2;3.8
54;2021-03-27;2416;286;98980;28357;13.6;3.9
54;2021-03-28;278;4;99258;28361;13.6;3.9
54;2021-03-29;1668;383;100926;28744;13.8;3.9
54;2021-03-30;2551;978;103477;29722;14.2;4.1
54;2021-03-31;2593;1129;106070;30851;14.5;4.2
54;2021-04-01;3217;1247;109287;32098;15.0;4.4
54;2021-04-02;2968;1673;112255;33771;15.4;4.6
54;2021-04-03;1258;1312;113513;35083;15.5;4.8
54;2021-04-04;136;421;113649;35504;15.6;4.9
54;2021-04-05;145;574;113794;36078;15.6;4.9
54;2021-04-06;1260;1659;115054;37737;15.8;5.2
54;2021-04-07;908;2269;115962;40006;15.9;5.5
54;2021-04-08;2303;2443;118265;42449;16.2;5.8
54;2021-04-09;4118;3151;122383;45600;16.8;6.2
54;2021-04-10;3207;1671;125590;47271;17.2;6.5
54;2021-04-11;206;1001;125796;48272;17.2;6.6
54;2021-04-12;2196;1537;127992;49809;17.5;6.8
54;2021-04-13;3003;1967;130995;51776;17.9;7.1
54;2021-04-14;3256;1858;134251;53634;18.4;7.3
54;2021-04-15;2880;2290;137131;55924;18.8;7.7
54;2021-04-16;3140;2592;140271;58516;19.2;8.0
54;2021-04-17;3473;1483;143744;59999;19.7;8.2
54;2021-04-18;61;245;143805;60244;19.7;8.2
54;2021-04-19;2461;1071;146266;61315;20.0;8.4
54;2021-04-20;3013;1235;149279;62550;20.4;8.6
54;2021-04-21;4401;1610;153680;64160;21.0;8.8
54;2021-04-22;3720;2367;157400;66527;21.5;9.1
54;2021-04-23;3866;2061;161266;68588;22.1;9.4
54;2021-04-24;2345;1028;163611;69616;22.4;9.5
54;2021-04-25;284;276;163895;69892;22.4;9.6
54;2021-04-26;2303;1266;166198;71158;22.8;9.7
54;2021-04-27;3232;1392;169430;72550;23.2;9.9
54;2021-04-28;2970;1935;172400;74485;23.6;10.2
54;2021-04-29;3793;2073;176193;76558;24.1;10.5
54;2021-04-30;4490;1950;180683;78508;24.7;10.7
54;2021-05-01;2262;801;182945;79309;25.0;10.9
54;2021-05-02;229;68;183174;79377;25.1;10.9
54;2021-05-03;3093;933;186267;80310;25.5;11.0
54;2021-05-04;3513;1436;189780;81746;26.0;11.2
54;2021-05-05;4890;1390;194670;83136;26.7;11.4
54;2021-05-06;4437;2788;199107;85924;27.3;11.8
54;2021-05-07;4822;3392;203929;89316;27.9;12.2
54;2021-05-08;2022;634;205951;89950;28.2;12.3
54;2021-05-09;374;134;206325;90084;28.2;12.3
54;2021-05-10;3206;2232;209531;92316;28.7;12.6
54;2021-05-11;5487;2925;215018;95241;29.4;13.0
54;2021-05-12;4142;3380;219160;98621;30.0;13.5
54;2021-05-13;2642;485;221802;99106;30.4;13.6
54;2021-05-14;6882;1979;228684;101085;31.3;13.8
54;2021-05-15;5477;1306;234161;102391;32.1;14.0
54;2021-05-16;945;107;235106;102498;32.2;14.0
54;2021-05-17;3792;811;238898;103309;32.7;14.1
54;2021-05-18;3288;1094;242186;104403;33.2;14.3
54;2021-05-19;3462;1512;245648;105915;33.6;14.5
54;2021-05-20;4536;1609;250184;107524;34.3;14.7
54;2021-05-21;6734;2487;256918;110011;35.2;15.1
54;2021-05-22;5639;1360;262557;111371;35.9;15.2
54;2021-05-23;504;52;263061;111423;36.0;15.3
54;2021-05-24;1443;340;264504;111763;36.2;15.3
54;2021-05-25;4158;1532;268662;113295;36.8;15.5
54;2021-05-26;3529;2206;272191;115501;37.3;15.8
54;2021-05-27;4172;2434;276363;117935;37.8;16.1
54;2021-05-28;4954;3556;281317;121491;38.5;16.6
54;2021-05-29;3840;3980;285157;125471;39.0;17.2
54;2021-05-30;127;83;285284;125554;39.1;17.2
54;2021-05-31;2933;3061;288217;128615;39.5;17.6
54;2021-06-01;2617;4188;290834;132803;39.8;18.2
54;2021-06-02;2160;4074;292994;136877;40.1;18.7
54;2021-06-03;3138;5654;296132;142531;40.5;19.5
54;2021-06-04;5071;5470;301203;148001;41.2;20.3
54;2021-06-05;2344;3286;303547;151287;41.6;20.7
54;2021-06-06;70;236;303617;151523;41.6;20.7
54;2021-06-07;3705;2929;307322;154452;42.1;21.1
54;2021-06-08;4525;4260;311847;158712;42.7;21.7
54;2021-06-09;5968;3285;317815;161997;43.5;22.2
54;2021-06-10;5288;4423;323103;166420;44.2;22.8
54;2021-06-11;5004;4896;328107;171316;44.9;23.5
54;2021-06-12;4219;3221;332326;174537;45.5;23.9
54;2021-06-13;56;210;332382;174747;45.5;23.9
54;2021-06-14;2328;3587;334710;178334;45.8;24.4
54;2021-06-15;2826;4727;337536;183061;46.2;25.1
54;2021-06-16;3482;5628;341018;188689;46.7;25.8
54;2021-06-17;3135;5216;344153;193905;47.1;26.5
54;2021-06-18;4138;6223;348291;200128;47.7;27.4
54;2021-06-19;2657;3123;350948;203251;48.0;27.8
54;2021-06-20;120;338;351068;203589;48.1;27.9
54;2021-06-21;2548;4758;353616;208347;48.4;28.5
54;2021-06-22;2035;6223;355651;214570;48.7;29.4
54;2021-06-23;2202;5591;357853;220161;49.0;30.1
54;2021-06-24;2091;3459;359944;223620;49.3;30.6
54;2021-06-25;2189;7038;362133;230658;49.6;31.6
54;2021-06-26;2383;5654;364516;236312;49.9;32.4
54;2021-06-27;136;609;364652;236921;49.9;32.4
54;2021-06-28;1954;4340;366606;241261;50.2;33.0
54;2021-06-29;1935;5203;368541;246464;50.5;33.7
54;2021-06-30;1968;5119;370509;251583;50.7;34.4
54;2021-07-01;2109;5984;372618;257567;51.0;35.3
54;2021-07-02;2797;7545;375415;265112;51.4;36.3
54;2021-07-03;2803;4066;378218;269178;51.8;36.9
54;2021-07-04;195;499;378413;269677;51.8;36.9
54;2021-07-05;1668;4244;380081;273921;52.0;37.5
54;2021-07-06;2009;5049;382090;278970;52.3;38.2
54;2021-07-07;1819;4842;383909;283812;52.6;38.9
54;2021-07-08;1672;4111;385581;287923;52.8;39.4
54;2021-07-09;3156;6010;388737;293933;53.2;40.2
54;2021-07-10;2525;4354;391262;298287;53.6;40.8
54;2021-07-11;12;104;391274;298391;53.6;40.9
54;2021-07-12;2078;4659;393352;303050;53.9;41.5
54;2021-07-13;2585;4964;395937;308014;54.2;42.2
54;2021-07-14;1444;1500;397381;309514;54.4;42.4
54;2021-07-15;3164;4835;400545;314349;54.8;43.0
54;2021-07-16;4601;6213;405146;320562;55.5;43.9
54;2021-07-17;3983;4770;409129;325332;56.0;44.5
54;2021-07-18;1797;1662;410926;326994;56.3;44.8
54;2021-07-19;2535;4025;413461;331019;56.6;45.3
54;2021-07-20;2867;4808;416328;335827;57.0;46.0
54;2021-07-21;3089;6320;419417;342147;57.4;46.8
54;2021-07-22;3195;5705;422612;347852;57.9;47.6
54;2021-07-23;3914;7003;426526;354855;58.4;48.6
54;2021-07-24;2906;5296;429432;360151;58.8;49.3
54;2021-07-25;69;49;429501;360200;58.8;49.3
54;2021-07-26;2939;4141;432440;364341;59.2;49.9
54;2021-07-27;3663;3987;436103;368328;59.7;50.4
54;2021-07-28;4881;3812;440984;372140;60.4;51.0
54;2021-07-29;5079;3192;446063;375332;61.1;51.4
54;2021-07-30;4953;4951;451016;380283;61.7;52.1
54;2021-07-31;4419;3177;455435;383460;62.4;52.5
54;2021-08-01;256;74;455691;383534;62.4;52.5
54;2021-08-02;2859;3652;458550;387186;62.8;53.0
55;2020-12-27;0;0;0;0;0.0;0.0
55;2020-12-28;0;0;0;0;0.0;0.0
55;2020-12-29;0;0;0;0;0.0;0.0
55;2020-12-30;0;0;0;0;0.0;0.0
55;2020-12-31;0;0;0;0;0.0;0.0
55;2021-01-01;0;0;0;0;0.0;0.0
55;2021-01-02;0;0;0;0;0.0;0.0
55;2021-01-03;0;0;0;0;0.0;0.0
55;2021-01-04;1;0;1;0;0.0;0.0
55;2021-01-05;0;0;1;0;0.0;0.0
55;2021-01-06;0;0;1;0;0.0;0.0
55;2021-01-07;122;0;123;0;0.1;0.0
55;2021-01-08;127;0;250;0;0.1;0.0
55;2021-01-09;52;0;302;0;0.2;0.0
55;2021-01-10;0;0;302;0;0.2;0.0
55;2021-01-11;127;1;429;1;0.2;0.0
55;2021-01-12;119;0;548;1;0.3;0.0
55;2021-01-13;134;0;682;1;0.4;0.0
55;2021-01-14;641;5;1323;6;0.7;0.0
55;2021-01-15;237;0;1560;6;0.9;0.0
55;2021-01-16;62;0;1622;6;0.9;0.0
55;2021-01-17;1;0;1623;6;0.9;0.0
55;2021-01-18;413;1;2036;7;1.1;0.0
55;2021-01-19;351;3;2387;10;1.3;0.0
55;2021-01-20;451;2;2838;12;1.6;0.0
55;2021-01-21;430;0;3268;12;1.8;0.0
55;2021-01-22;391;0;3659;12;2.0;0.0
55;2021-01-23;49;0;3708;12;2.0;0.0
55;2021-01-24;0;0;3708;12;2.0;0.0
55;2021-01-25;436;0;4144;12;2.3;0.0
55;2021-01-26;431;0;4575;12;2.5;0.0
55;2021-01-27;424;0;4999;12;2.8;0.0
55;2021-01-28;485;100;5484;112;3.0;0.1
55;2021-01-29;159;54;5643;166;3.1;0.1
55;2021-01-30;92;28;5735;194;3.2;0.1
55;2021-01-31;0;0;5735;194;3.2;0.1
55;2021-02-01;153;177;5888;371;3.2;0.2
55;2021-02-02;159;148;6047;519;3.3;0.3
55;2021-02-03;53;161;6100;680;3.4;0.4
55;2021-02-04;234;398;6334;1078;3.5;0.6
55;2021-02-05;174;139;6508;1217;3.6;0.7
55;2021-02-06;59;55;6567;1272;3.6;0.7
55;2021-02-07;2;53;6569;1325;3.6;0.7
55;2021-02-08;0;19;6569;1344;3.6;0.7
55;2021-02-09;92;115;6661;1459;3.7;0.8
55;2021-02-10;64;22;6725;1481;3.7;0.8
55;2021-02-11;175;97;6900;1578;3.8;0.9
55;2021-02-12;95;27;6995;1605;3.9;0.9
55;2021-02-13;0;0;6995;1605;3.9;0.9
55;2021-02-14;0;0;6995;1605;3.9;0.9
55;2021-02-15;15;418;7010;2023;3.9;1.1
55;2021-02-16;143;396;7153;2419;3.9;1.3
55;2021-02-17;26;493;7179;2912;4.0;1.6
55;2021-02-18;20;344;7199;3256;4.0;1.8
55;2021-02-19;120;291;7319;3547;4.0;2.0
55;2021-02-20;11;0;7330;3547;4.0;2.0
55;2021-02-21;0;0;7330;3547;4.0;2.0
55;2021-02-22;55;458;7385;4005;4.1;2.2
55;2021-02-23;85;443;7470;4448;4.1;2.4
55;2021-02-24;72;415;7542;4863;4.2;2.7
55;2021-02-25;270;683;7812;5546;4.3;3.1
55;2021-02-26;325;234;8137;5780;4.5;3.2
55;2021-02-27;125;87;8262;5867;4.5;3.2
55;2021-02-28;2;8;8264;5875;4.5;3.2
55;2021-03-01;77;140;8341;6015;4.6;3.3
55;2021-03-02;124;172;8465;6187;4.7;3.4
55;2021-03-03;198;3;8663;6190;4.8;3.4
55;2021-03-04;238;44;8901;6234;4.9;3.4
55;2021-03-05;362;45;9263;6279;5.1;3.5
55;2021-03-06;223;5;9486;6284;5.2;3.5
55;2021-03-07;69;1;9555;6285;5.3;3.5
55;2021-03-08;327;50;9882;6335;5.4;3.5
55;2021-03-09;634;49;10516;6384;5.8;3.5
55;2021-03-10;396;24;10912;6408;6.0;3.5
55;2021-03-11;595;137;11507;6545;6.3;3.6
55;2021-03-12;815;89;12322;6634;6.8;3.7
55;2021-03-13;523;11;12845;6645;7.1;3.7
55;2021-03-14;14;0;12859;6645;7.1;3.7
55;2021-03-15;392;24;13251;6669;7.3;3.7
55;2021-03-16;568;110;13819;6779;7.6;3.7
55;2021-03-17;683;18;14502;6797;8.0;3.7
55;2021-03-18;320;22;14822;6819;8.2;3.8
55;2021-03-19;471;59;15293;6878;8.4;3.8
55;2021-03-20;253;14;15546;6892;8.6;3.8
55;2021-03-21;1;1;15547;6893;8.6;3.8
55;2021-03-22;474;18;16021;6911;8.8;3.8
55;2021-03-23;972;61;16993;6972;9.4;3.8
55;2021-03-24;802;38;17795;7010;9.8;3.9
55;2021-03-25;1096;78;18891;7088;10.4;3.9
55;2021-03-26;602;34;19493;7122;10.7;3.9
55;2021-03-27;255;22;19748;7144;10.9;3.9
55;2021-03-28;0;0;19748;7144;10.9;3.9
55;2021-03-29;943;37;20691;7181;11.4;4.0
55;2021-03-30;1423;69;22114;7250;12.2;4.0
55;2021-03-31;1481;64;23595;7314;13.0;4.0
55;2021-04-01;1202;119;24797;7433;13.7;4.1
55;2021-04-02;897;71;25694;7504;14.1;4.1
55;2021-04-03;81;3;25775;7507;14.2;4.1
55;2021-04-04;2;0;25777;7507;14.2;4.1
55;2021-04-05;6;12;25783;7519;14.2;4.1
55;2021-04-06;933;274;26716;7793;14.7;4.3
55;2021-04-07;993;235;27709;8028;15.3;4.4
55;2021-04-08;1647;415;29356;8443;16.2;4.6
55;2021-04-09;1429;261;30785;8704;16.9;4.8
55;2021-04-10;242;173;31027;8877;17.1;4.9
55;2021-04-11;452;20;31479;8897;17.3;4.9
55;2021-04-12;855;327;32334;9224;17.8;5.1
55;2021-04-13;1355;527;33689;9751;18.5;5.4
55;2021-04-14;1371;728;35060;10479;19.3;5.8
55;2021-04-15;1634;455;36694;10934;20.2;6.0
55;2021-04-16;705;378;37399;11312;20.6;6.2
55;2021-04-17;677;28;38076;11340;21.0;6.2
55;2021-04-18;38;18;38114;11358;21.0;6.3
55;2021-04-19;961;345;39075;11703;21.5;6.4
55;2021-04-20;1172;771;40247;12474;22.2;6.9
55;2021-04-21;990;638;41237;13112;22.7;7.2
55;2021-04-22;1071;649;42308;13761;23.3;7.6
55;2021-04-23;1416;578;43724;14339;24.1;7.9
55;2021-04-24;312;123;44036;14462;24.2;8.0
55;2021-04-25;384;51;44420;14513;24.5;8.0
55;2021-04-26;478;816;44898;15329;24.7;8.4
55;2021-04-27;570;993;45468;16322;25.0;9.0
55;2021-04-28;931;816;46399;17138;25.5;9.4
55;2021-04-29;1118;855;47517;17993;26.2;9.9
55;2021-04-30;1279;618;48796;18611;26.9;10.2
55;2021-05-01;153;132;48949;18743;26.9;10.3
55;2021-05-02;2;3;48951;18746;26.9;10.3
55;2021-05-03;1208;629;50159;19375;27.6;10.7
55;2021-05-04;683;1176;50842;20551;28.0;11.3
55;2021-05-05;658;1074;51500;21625;28.4;11.9
55;2021-05-06;1347;1161;52847;22786;29.1;12.5
55;2021-05-07;1432;554;54279;23340;29.9;12.8
55;2021-05-08;156;77;54435;23417;30.0;12.9
55;2021-05-09;61;522;54496;23939;30.0;13.2
55;2021-05-10;861;1030;55357;24969;30.5;13.7
55;2021-05-11;1070;1379;56427;26348;31.1;14.5
55;2021-05-12;1032;1769;57459;28117;31.6;15.5
55;2021-05-13;99;75;57558;28192;31.7;15.5
55;2021-05-14;352;558;57910;28750;31.9;15.8
55;2021-05-15;291;492;58201;29242;32.0;16.1
55;2021-05-16;3;10;58204;29252;32.0;16.1
55;2021-05-17;1028;840;59232;30092;32.6;16.6
55;2021-05-18;1569;892;60801;30984;33.5;17.1
55;2021-05-19;1810;782;62611;31766;34.5;17.5
55;2021-05-20;2215;731;64826;32497;35.7;17.9
55;2021-05-21;2009;800;66835;33297;36.8;18.3
55;2021-05-22;198;167;67033;33464;36.9;18.4
55;2021-05-23;23;120;67056;33584;36.9;18.5
55;2021-05-24;0;0;67056;33584;36.9;18.5
55;2021-05-25;1348;652;68404;34236;37.7;18.8
55;2021-05-26;1671;1016;70075;35252;38.6;19.4
55;2021-05-27;1318;982;71393;36234;39.3;19.9
55;2021-05-28;1519;932;72912;37166;40.1;20.5
55;2021-05-29;1402;697;74314;37863;40.9;20.8
55;2021-05-30;15;206;74329;38069;40.9;21.0
55;2021-05-31;1049;1131;75378;39200;41.5;21.6
55;2021-06-01;917;957;76295;40157;42.0;22.1
55;2021-06-02;1159;984;77454;41141;42.6;22.6
55;2021-06-03;702;545;78156;41686;43.0;22.9
55;2021-06-04;1390;1101;79546;42787;43.8;23.6
55;2021-06-05;1364;277;80910;43064;44.5;23.7
55;2021-06-06;0;2;80910;43066;44.5;23.7
55;2021-06-07;790;714;81700;43780;45.0;24.1
55;2021-06-08;697;1074;82397;44854;45.4;24.7
55;2021-06-09;851;870;83248;45724;45.8;25.2
55;2021-06-10;379;275;83627;45999;46.0;25.3
55;2021-06-11;527;1287;84154;47286;46.3;26.0
55;2021-06-12;760;519;84914;47805;46.7;26.3
55;2021-06-13;265;33;85179;47838;46.9;26.3
55;2021-06-14;367;1363;85546;49201;47.1;27.1
55;2021-06-15;572;1212;86118;50413;47.4;27.8
55;2021-06-16;734;830;86852;51243;47.8;28.2
55;2021-06-17;425;858;87277;52101;48.0;28.7
55;2021-06-18;662;1472;87939;53573;48.4;29.5
55;2021-06-19;593;457;88532;54030;48.7;29.7
55;2021-06-20;0;0;88532;54030;48.7;29.7
55;2021-06-21;434;1022;88966;55052;49.0;30.3
55;2021-06-22;335;1014;89301;56066;49.2;30.9
55;2021-06-23;620;1213;89921;57279;49.5;31.5
55;2021-06-24;163;433;90084;57712;49.6;31.8
55;2021-06-25;642;1224;90726;58936;49.9;32.4
55;2021-06-26;418;339;91144;59275;50.2;32.6
55;2021-06-27;1;2;91145;59277;50.2;32.6
55;2021-06-28;147;1379;91292;60656;50.3;33.4
55;2021-06-29;200;1289;91492;61945;50.4;34.1
55;2021-06-30;269;1933;91761;63878;50.5;35.2
55;2021-07-01;384;1981;92145;65859;50.7;36.3
55;2021-07-02;390;1719;92535;67578;50.9;37.2
55;2021-07-03;108;261;92643;67839;51.0;37.3
55;2021-07-04;12;19;92655;67858;51.0;37.4
55;2021-07-05;221;1510;92876;69368;51.1;38.2
55;2021-07-06;315;891;93191;70259;51.3;38.7
55;2021-07-07;386;1802;93577;72061;51.5;39.7
55;2021-07-08;532;1594;94109;73655;51.8;40.5
55;2021-07-09;445;1481;94554;75136;52.1;41.4
55;2021-07-10;352;1111;94906;76247;52.2;42.0
55;2021-07-11;0;9;94906;76256;52.2;42.0
55;2021-07-12;601;1166;95507;77422;52.6;42.6
55;2021-07-13;597;1488;96104;78910;52.9;43.4
55;2021-07-14;0;13;96104;78923;52.9;43.4
55;2021-07-15;774;1644;96878;80567;53.3;44.4
55;2021-07-16;1252;1811;98130;82378;54.0;45.4
55;2021-07-17;1275;816;99405;83194;54.7;45.8
55;2021-07-18;1;2;99406;83196;54.7;45.8
55;2021-07-19;595;785;100001;83981;55.1;46.2
55;2021-07-20;993;1025;100994;85006;55.6;46.8
55;2021-07-21;1471;1369;102465;86375;56.4;47.6
55;2021-07-22;1162;563;103627;86938;57.1;47.9
55;2021-07-23;1105;1354;104732;88292;57.7;48.6
55;2021-07-24;807;761;105539;89053;58.1;49.0
55;2021-07-25;119;229;105658;89282;58.2;49.2
55;2021-07-26;665;439;106323;89721;58.5;49.4
55;2021-07-27;1149;475;107472;90196;59.2;49.7
55;2021-07-28;1031;1065;108503;91261;59.7;50.2
55;2021-07-29;668;448;109171;91709;60.1;50.5
55;2021-07-30;1265;958;110436;92667;60.8;51.0
55;2021-07-31;708;609;111144;93276;61.2;51.4
55;2021-08-01;8;5;111152;93281;61.2;51.4
55;2021-08-02;608;441;111760;93722;61.5;51.6
56;2020-12-27;0;0;0;0;0.0;0.0
56;2020-12-28;1;0;1;0;0.0;0.0
56;2020-12-29;0;0;1;0;0.0;0.0
56;2020-12-30;0;0;1;0;0.0;0.0
56;2020-12-31;0;0;1;0;0.0;0.0
56;2021-01-01;0;0;1;0;0.0;0.0
56;2021-01-02;1;0;2;0;0.0;0.0
56;2021-01-03;0;0;2;0;0.0;0.0
56;2021-01-04;1;0;3;0;0.0;0.0
56;2021-01-05;1;0;4;0;0.0;0.0
56;2021-01-06;1;0;5;0;0.0;0.0
56;2021-01-07;198;0;203;0;0.0;0.0
56;2021-01-08;119;0;322;0;0.0;0.0
56;2021-01-09;1;0;323;0;0.0;0.0
56;2021-01-10;1;0;324;0;0.0;0.0
56;2021-01-11;242;0;566;0;0.1;0.0
56;2021-01-12;753;0;1319;0;0.2;0.0
56;2021-01-13;637;1;1956;1;0.3;0.0
56;2021-01-14;968;2;2924;3;0.4;0.0
56;2021-01-15;840;5;3764;8;0.5;0.0
56;2021-01-16;233;3;3997;11;0.5;0.0
56;2021-01-17;26;0;4023;11;0.5;0.0
56;2021-01-18;1003;1;5026;12;0.7;0.0
56;2021-01-19;851;1;5877;13;0.8;0.0
56;2021-01-20;884;1;6761;14;0.9;0.0
56;2021-01-21;1459;2;8220;16;1.1;0.0
56;2021-01-22;1173;1;9393;17;1.2;0.0
56;2021-01-23;319;2;9712;19;1.3;0.0
56;2021-01-24;6;0;9718;19;1.3;0.0
56;2021-01-25;824;0;10542;19;1.4;0.0
56;2021-01-26;1035;4;11577;23;1.5;0.0
56;2021-01-27;1082;61;12659;84;1.7;0.0
56;2021-01-28;973;125;13632;209;1.8;0.0
56;2021-01-29;873;106;14505;315;1.9;0.0
56;2021-01-30;138;19;14643;334;1.9;0.0
56;2021-01-31;0;0;14643;334;1.9;0.0
56;2021-02-01;479;158;15122;492;2.0;0.1
56;2021-02-02;942;257;16064;749;2.1;0.1
56;2021-02-03;1022;270;17086;1019;2.3;0.1
56;2021-02-04;4691;347;21777;1366;2.9;0.2
56;2021-02-05;3587;429;25364;1795;3.4;0.2
56;2021-02-06;548;170;25912;1965;3.4;0.3
56;2021-02-07;136;26;26048;1991;3.4;0.3
56;2021-02-08;296;288;26344;2279;3.5;0.3
56;2021-02-09;793;509;27137;2788;3.6;0.4
56;2021-02-10;863;701;28000;3489;3.7;0.5
56;2021-02-11;972;1077;28972;4566;3.8;0.6
56;2021-02-12;1150;643;30122;5209;4.0;0.7
56;2021-02-13;220;104;30342;5313;4.0;0.7
56;2021-02-14;6;46;30348;5359;4.0;0.7
56;2021-02-15;621;1089;30969;6448;4.1;0.9
56;2021-02-16;1219;739;32188;7187;4.3;1.0
56;2021-02-17;1189;960;33377;8147;4.4;1.1
56;2021-02-18;1351;884;34728;9031;4.6;1.2
56;2021-02-19;1320;915;36048;9946;4.8;1.3
56;2021-02-20;365;261;36413;10207;4.8;1.4
56;2021-02-21;0;0;36413;10207;4.8;1.4
56;2021-02-22;374;700;36787;10907;4.9;1.4
56;2021-02-23;739;965;37526;11872;5.0;1.6
56;2021-02-24;913;1183;38439;13055;5.1;1.7
56;2021-02-25;2027;4245;40466;17300;5.4;2.3
56;2021-02-26;2353;2258;42819;19558;5.7;2.6
56;2021-02-27;744;446;43563;20004;5.8;2.6
56;2021-02-28;14;114;43577;20118;5.8;2.7
56;2021-03-01;647;560;44224;20678;5.9;2.7
56;2021-03-02;977;791;45201;21469;6.0;2.8
56;2021-03-03;1149;912;46350;22381;6.1;3.0
56;2021-03-04;1964;1038;48314;23419;6.4;3.1
56;2021-03-05;2576;1429;50890;24848;6.7;3.3
56;2021-03-06;1206;216;52096;25064;6.9;3.3
56;2021-03-07;282;24;52378;25088;6.9;3.3
56;2021-03-08;1138;391;53516;25479;7.1;3.4
56;2021-03-09;2031;630;55547;26109;7.4;3.5
56;2021-03-10;2001;937;57548;27046;7.6;3.6
56;2021-03-11;3253;735;60801;27781;8.0;3.7
56;2021-03-12;4206;824;65007;28605;8.6;3.8
56;2021-03-13;1879;145;66886;28750;8.9;3.8
56;2021-03-14;192;2;67078;28752;8.9;3.8
56;2021-03-15;1281;529;68359;29281;9.0;3.9
56;2021-03-16;1088;1035;69447;30316;9.2;4.0
56;2021-03-17;1359;779;70806;31095;9.4;4.1
56;2021-03-18;1998;1868;72804;32963;9.6;4.4
56;2021-03-19;2938;1395;75742;34358;10.0;4.5
56;2021-03-20;1489;206;77231;34564;10.2;4.6
56;2021-03-21;208;24;77439;34588;10.2;4.6
56;2021-03-22;1609;399;79048;34987;10.5;4.6
56;2021-03-23;2805;686;81853;35673;10.8;4.7
56;2021-03-24;3448;527;85301;36200;11.3;4.8
56;2021-03-25;4232;714;89533;36914;11.8;4.9
56;2021-03-26;5088;779;94621;37693;12.5;5.0
56;2021-03-27;1498;294;96119;37987;12.7;5.0
56;2021-03-28;263;11;96382;37998;12.8;5.0
56;2021-03-29;2228;503;98610;38501;13.1;5.1
56;2021-03-30;3518;782;102128;39283;13.5;5.2
56;2021-03-31;3114;710;105242;39993;13.9;5.3
56;2021-04-01;4068;814;109310;40807;14.5;5.4
56;2021-04-02;3924;934;113234;41741;15.0;5.5
56;2021-04-03;1186;269;114420;42010;15.1;5.6
56;2021-04-04;231;3;114651;42013;15.2;5.6
56;2021-04-05;244;8;114895;42021;15.2;5.6
56;2021-04-06;2821;1231;117716;43252;15.6;5.7
56;2021-04-07;4020;1180;121736;44432;16.1;5.9
56;2021-04-08;5288;1161;127024;45593;16.8;6.0
56;2021-04-09;7387;1280;134411;46873;17.8;6.2
56;2021-04-10;2579;421;136990;47294;18.1;6.3
56;2021-04-11;193;102;137183;47396;18.2;6.3
56;2021-04-12;3932;833;141115;48229;18.7;6.4
56;2021-04-13;5964;1255;147079;49484;19.5;6.5
56;2021-04-14;5167;1423;152246;50907;20.1;6.7
56;2021-04-15;7139;1760;159385;52667;21.1;7.0
56;2021-04-16;7838;2006;167223;54673;22.1;7.2
56;2021-04-17;3131;638;170354;55311;22.5;7.3
56;2021-04-18;528;106;170882;55417;22.6;7.3
56;2021-04-19;3718;1261;174600;56678;23.1;7.5
56;2021-04-20;4102;1974;178702;58652;23.7;7.8
56;2021-04-21;4059;2321;182761;60973;24.2;8.1
56;2021-04-22;5169;1918;187930;62891;24.9;8.3
56;2021-04-23;5161;2405;193091;65296;25.6;8.6
56;2021-04-24;2899;644;195990;65940;25.9;8.7
56;2021-04-25;463;148;196453;66088;26.0;8.7
56;2021-04-26;4704;1664;201157;67752;26.6;9.0
56;2021-04-27;5092;2546;206249;70298;27.3;9.3
56;2021-04-28;4966;2244;211215;72542;28.0;9.6
56;2021-04-29;5835;2932;217050;75474;28.7;10.0
56;2021-04-30;6243;2805;223293;78279;29.6;10.4
56;2021-05-01;2487;361;225780;78640;29.9;10.4
56;2021-05-02;306;254;226086;78894;29.9;10.4
56;2021-05-03;3864;2068;229950;80962;30.4;10.7
56;2021-05-04;4379;3902;234329;84864;31.0;11.2
56;2021-05-05;3524;3866;237853;88730;31.5;11.7
56;2021-05-06;4376;5426;242229;94156;32.1;12.5
56;2021-05-07;4267;5013;246496;99169;32.6;13.1
56;2021-05-08;1641;316;248137;99485;32.8;13.2
56;2021-05-09;495;223;248632;99708;32.9;13.2
56;2021-05-10;3749;3807;252381;103515;33.4;13.7
56;2021-05-11;4165;5049;256546;108564;34.0;14.4
56;2021-05-12;4341;4775;260887;113339;34.5;15.0
56;2021-05-13;2394;1009;263281;114348;34.8;15.1
56;2021-05-14;4221;4356;267502;118704;35.4;15.7
56;2021-05-15;2485;1892;269987;120596;35.7;16.0
56;2021-05-16;234;488;270221;121084;35.8;16.0
56;2021-05-17;2511;3666;272732;124750;36.1;16.5
56;2021-05-18;3519;4079;276251;128829;36.6;17.1
56;2021-05-19;3529;3388;279780;132217;37.0;17.5
56;2021-05-20;3798;4803;283578;137020;37.5;18.1
56;2021-05-21;3740;5221;287318;142241;38.0;18.8
56;2021-05-22;1698;2208;289016;144449;38.3;19.1
56;2021-05-23;284;197;289300;144646;38.3;19.1
56;2021-05-24;2056;499;291356;145145;38.6;19.2
56;2021-05-25;3137;4463;294493;149608;39.0;19.8
56;2021-05-26;3735;3899;298228;153507;39.5;20.3
56;2021-05-27;4358;4869;302586;158376;40.0;21.0
56;2021-05-28;4632;5958;307218;164334;40.7;21.7
56;2021-05-29;1885;1634;309103;165968;40.9;22.0
56;2021-05-30;317;66;309420;166034;41.0;22.0
56;2021-05-31;4501;3220;313921;169254;41.5;22.4
56;2021-06-01;5663;3385;319584;172639;42.3;22.8
56;2021-06-02;5638;2955;325222;175594;43.0;23.2
56;2021-06-03;6186;3304;331408;178898;43.9;23.7
56;2021-06-04;5809;4414;337217;183312;44.6;24.3
56;2021-06-05;4346;2386;341563;185698;45.2;24.6
56;2021-06-06;496;615;342059;186313;45.3;24.7
56;2021-06-07;5105;3171;347164;189484;45.9;25.1
56;2021-06-08;6065;3378;353229;192862;46.8;25.5
56;2021-06-09;6433;2813;359662;195675;47.6;25.9
56;2021-06-10;7475;2869;367137;198544;48.6;26.3
56;2021-06-11;6760;3870;373897;202414;49.5;26.8
56;2021-06-12;5099;2067;378996;204481;50.2;27.1
56;2021-06-13;1977;437;380973;204918;50.4;27.1
56;2021-06-14;3308;4592;384281;209510;50.9;27.7
56;2021-06-15;4206;4902;388487;214412;51.4;28.4
56;2021-06-16;4493;4503;392980;218915;52.0;29.0
56;2021-06-17;4253;4753;397233;223668;52.6;29.6
56;2021-06-18;4517;5971;401750;229639;53.2;30.4
56;2021-06-19;3835;2141;405585;231780;53.7;30.7
56;2021-06-20;1503;340;407088;232120;53.9;30.7
56;2021-06-21;3303;4466;410391;236586;54.3;31.3
56;2021-06-22;3479;5440;413870;242026;54.8;32.0
56;2021-06-23;3745;5064;417615;247090;55.3;32.7
56;2021-06-24;3471;5314;421086;252404;55.7;33.4
56;2021-06-25;3870;6276;424956;258680;56.2;34.2
56;2021-06-26;3184;2909;428140;261589;56.7;34.6
56;2021-06-27;305;163;428445;261752;56.7;34.6
56;2021-06-28;1566;3982;430011;265734;56.9;35.2
56;2021-06-29;2394;5741;432405;271475;57.2;35.9
56;2021-06-30;2479;5560;434884;277035;57.6;36.7
56;2021-07-01;2718;4959;437602;281994;57.9;37.3
56;2021-07-02;2644;6212;440246;288206;58.3;38.1
56;2021-07-03;2195;2684;442441;290890;58.6;38.5
56;2021-07-04;775;810;443216;291700;58.7;38.6
56;2021-07-05;1858;5449;445074;297149;58.9;39.3
56;2021-07-06;2173;5950;447247;303099;59.2;40.1
56;2021-07-07;2836;5644;450083;308743;59.6;40.9
56;2021-07-08;3059;6042;453142;314785;60.0;41.7
56;2021-07-09;2209;7108;455351;321893;60.3;42.6
56;2021-07-10;1124;3002;456475;324895;60.4;43.0
56;2021-07-11;255;343;456730;325238;60.4;43.0
56;2021-07-12;2167;6606;458897;331844;60.7;43.9
56;2021-07-13;3230;7472;462127;339316;61.2;44.9
56;2021-07-14;1772;2585;463899;341901;61.4;45.3
56;2021-07-15;3801;7067;467700;348968;61.9;46.2
56;2021-07-16;4059;8096;471759;357064;62.4;47.3
56;2021-07-17;2304;3520;474063;360584;62.7;47.7
56;2021-07-18;253;477;474316;361061;62.8;47.8
56;2021-07-19;2845;6352;477161;367413;63.2;48.6
56;2021-07-20;3699;7927;480860;375340;63.6;49.7
56;2021-07-21;3062;7526;483922;382866;64.0;50.7
56;2021-07-22;4338;8022;488260;390888;64.6;51.7
56;2021-07-23;4350;8399;492610;399287;65.2;52.8
56;2021-07-24;1682;4600;494292;403887;65.4;53.5
56;2021-07-25;547;1918;494839;405805;65.5;53.7
56;2021-07-26;3653;5455;498492;411260;66.0;54.4
56;2021-07-27;5332;6197;503824;417457;66.7;55.3
56;2021-07-28;4654;5455;508478;422912;67.3;56.0
56;2021-07-29;5353;5618;513831;428530;68.0;56.7
56;2021-07-30;5332;5842;519163;434372;68.7;57.5
56;2021-07-31;2118;2682;521281;437054;69.0;57.8
56;2021-08-01;1131;969;522412;438023;69.1;58.0
56;2021-08-02;4461;4586;526873;442609;69.7;58.6
57;2020-12-27;2;0;2;0;0.0;0.0
57;2020-12-28;0;0;2;0;0.0;0.0
57;2020-12-29;1;0;3;0;0.0;0.0
57;2020-12-30;1;0;4;0;0.0;0.0
57;2020-12-31;0;0;4;0;0.0;0.0
57;2021-01-01;0;0;4;0;0.0;0.0
57;2021-01-02;3;0;7;0;0.0;0.0
57;2021-01-03;0;0;7;0;0.0;0.0
57;2021-01-04;15;0;22;0;0.0;0.0
57;2021-01-05;199;0;221;0;0.0;0.0
57;2021-01-06;226;1;447;1;0.0;0.0
57;2021-01-07;584;2;1031;3;0.1;0.0
57;2021-01-08;508;2;1539;5;0.1;0.0
57;2021-01-09;200;0;1739;5;0.2;0.0
57;2021-01-10;108;1;1847;6;0.2;0.0
57;2021-01-11;470;1;2317;7;0.2;0.0
57;2021-01-12;613;5;2930;12;0.3;0.0
57;2021-01-13;695;2;3625;14;0.3;0.0
57;2021-01-14;706;6;4331;20;0.4;0.0
57;2021-01-15;634;1;4965;21;0.5;0.0
57;2021-01-16;449;1;5414;22;0.5;0.0
57;2021-01-17;492;1;5906;23;0.6;0.0
57;2021-01-18;2704;17;8610;40;0.8;0.0
57;2021-01-19;2568;17;11178;57;1.1;0.0
57;2021-01-20;2761;16;13939;73;1.3;0.0
57;2021-01-21;1791;5;15730;78;1.5;0.0
57;2021-01-22;1321;6;17051;84;1.6;0.0
57;2021-01-23;543;16;17594;100;1.7;0.0
57;2021-01-24;1;0;17595;100;1.7;0.0
57;2021-01-25;869;184;18464;284;1.8;0.0
57;2021-01-26;1112;215;19576;499;1.9;0.0
57;2021-01-27;1069;183;20645;682;2.0;0.1
57;2021-01-28;1040;299;21685;981;2.1;0.1
57;2021-01-29;981;396;22666;1377;2.2;0.1
57;2021-01-30;440;94;23106;1471;2.2;0.1
57;2021-01-31;11;27;23117;1498;2.2;0.1
57;2021-02-01;826;352;23943;1850;2.3;0.2
57;2021-02-02;989;364;24932;2214;2.4;0.2
57;2021-02-03;986;320;25918;2534;2.5;0.2
57;2021-02-04;1138;809;27056;3343;2.6;0.3
57;2021-02-05;928;357;27984;3700;2.7;0.4
57;2021-02-06;480;350;28464;4050;2.7;0.4
57;2021-02-07;103;334;28567;4384;2.8;0.4
57;2021-02-08;1254;1559;29821;5943;2.9;0.6
57;2021-02-09;1761;1675;31582;7618;3.0;0.7
57;2021-02-10;1709;2076;33291;9694;3.2;0.9
57;2021-02-11;1484;1331;34775;11025;3.4;1.1
57;2021-02-12;1226;677;36001;11702;3.5;1.1
57;2021-02-13;1152;177;37153;11879;3.6;1.1
57;2021-02-14;1210;26;38363;11905;3.7;1.1
57;2021-02-15;765;863;39128;12768;3.8;1.2
57;2021-02-16;1072;801;40200;13569;3.9;1.3
57;2021-02-17;1007;964;41207;14533;4.0;1.4
57;2021-02-18;974;1159;42181;15692;4.1;1.5
57;2021-02-19;953;939;43134;16631;4.2;1.6
57;2021-02-20;1174;615;44308;17246;4.3;1.7
57;2021-02-21;323;11;44631;17257;4.3;1.7
57;2021-02-22;1230;913;45861;18170;4.4;1.8
57;2021-02-23;2234;1086;48095;19256;4.6;1.9
57;2021-02-24;2267;999;50362;20255;4.9;2.0
57;2021-02-25;3295;1116;53657;21371;5.2;2.1
57;2021-02-26;3576;962;57233;22333;5.5;2.2
57;2021-02-27;3689;533;60922;22866;5.9;2.2
57;2021-02-28;1896;55;62818;22921;6.1;2.2
57;2021-03-01;2048;1339;64866;24260;6.3;2.3
57;2021-03-02;2850;1596;67716;25856;6.5;2.5
57;2021-03-03;2802;1609;70518;27465;6.8;2.7
57;2021-03-04;3267;1301;73785;28766;7.1;2.8
57;2021-03-05;4451;1233;78236;29999;7.6;2.9
57;2021-03-06;7237;780;85473;30779;8.3;3.0
57;2021-03-07;6071;269;91544;31048;8.8;3.0
57;2021-03-08;2297;1003;93841;32051;9.1;3.1
57;2021-03-09;3381;1300;97222;33351;9.4;3.2
57;2021-03-10;3571;961;100793;34312;9.7;3.3
57;2021-03-11;4031;1241;104824;35553;10.1;3.4
57;2021-03-12;5105;1209;109929;36762;10.6;3.5
57;2021-03-13;6281;977;116210;37739;11.2;3.6
57;2021-03-14;2424;417;118634;38156;11.5;3.7
57;2021-03-15;2957;869;121591;39025;11.7;3.8
57;2021-03-16;3060;1267;124651;40292;12.0;3.9
57;2021-03-17;3050;1135;127701;41427;12.3;4.0
57;2021-03-18;3399;1072;131100;42499;12.7;4.1
57;2021-03-19;4614;1027;135714;43526;13.1;4.2
57;2021-03-20;4695;1019;140409;44545;13.6;4.3
57;2021-03-21;1895;257;142304;44802;13.7;4.3
57;2021-03-22;2479;1469;144783;46271;14.0;4.5
57;2021-03-23;3438;2335;148221;48606;14.3;4.7
57;2021-03-24;3892;2144;152113;50750;14.7;4.9
57;2021-03-25;4736;2580;156849;53330;15.1;5.1
57;2021-03-26;4838;2254;161687;55584;15.6;5.4
57;2021-03-27;3709;3151;165396;58735;16.0;5.7
57;2021-03-28;1400;1847;166796;60582;16.1;5.8
57;2021-03-29;1937;2171;168733;62753;16.3;6.1
57;2021-03-30;3299;2483;172032;65236;16.6;6.3
57;2021-03-31;2819;2303;174851;67539;16.9;6.5
57;2021-04-01;3222;3169;178073;70708;17.2;6.8
57;2021-04-02;2391;2574;180464;73282;17.4;7.1
57;2021-04-03;2567;2663;183031;75945;17.7;7.3
57;2021-04-04;591;974;183622;76919;17.7;7.4
57;2021-04-05;1921;667;185543;77586;17.9;7.5
57;2021-04-06;2450;2829;187993;80415;18.1;7.8
57;2021-04-07;3809;3082;191802;83497;18.5;8.1
57;2021-04-08;5601;2865;197403;86362;19.1;8.3
57;2021-04-09;5008;2716;202411;89078;19.5;8.6
57;2021-04-10;2351;3635;204762;92713;19.8;9.0
57;2021-04-11;1097;1885;205859;94598;19.9;9.1
57;2021-04-12;1787;2752;207646;97350;20.0;9.4
57;2021-04-13;1974;3028;209620;100378;20.2;9.7
57;2021-04-14;1919;2986;211539;103364;20.4;10.0
57;2021-04-15;2364;3426;213903;106790;20.6;10.3
57;2021-04-16;2702;3283;216605;110073;20.9;10.6
57;2021-04-17;2471;3185;219076;113258;21.1;10.9
57;2021-04-18;1244;1775;220320;115033;21.3;11.1
57;2021-04-19;2140;2260;222460;117293;21.5;11.3
57;2021-04-20;2512;2780;224972;120073;21.7;11.6
57;2021-04-21;2568;2375;227540;122448;22.0;11.8
57;2021-04-22;3206;2249;230746;124697;22.3;12.0
57;2021-04-23;4055;2576;234801;127273;22.7;12.3
57;2021-04-24;3391;2554;238192;129827;23.0;12.5
57;2021-04-25;756;1127;238948;130954;23.1;12.6
57;2021-04-26;2970;1990;241918;132944;23.4;12.8
57;2021-04-27;3898;2370;245816;135314;23.7;13.1
57;2021-04-28;4212;2586;250028;137900;24.1;13.3
57;2021-04-29;5249;3438;255277;141338;24.6;13.6
57;2021-04-30;4724;3546;260001;144884;25.1;14.0
57;2021-05-01;2351;1683;262352;146567;25.3;14.1
57;2021-05-02;789;912;263141;147479;25.4;14.2
57;2021-05-03;3561;2985;266702;150464;25.7;14.5
57;2021-05-04;4871;3165;271573;153629;26.2;14.8
57;2021-05-05;6120;3169;277693;156798;26.8;15.1
57;2021-05-06;5989;3284;283682;160082;27.4;15.5
57;2021-05-07;6853;3444;290535;163526;28.0;15.8
57;2021-05-08;4048;1605;294583;165131;28.4;15.9
57;2021-05-09;2047;1109;296630;166240;28.6;16.0
57;2021-05-10;5127;3071;301757;169311;29.1;16.3
57;2021-05-11;7445;2850;309202;172161;29.8;16.6
57;2021-05-12;7839;3239;317041;175400;30.6;16.9
57;2021-05-13;4510;911;321551;176311;31.0;17.0
57;2021-05-14;7836;2635;329387;178946;31.8;17.3
57;2021-05-15;5962;2045;335349;180991;32.4;17.5
57;2021-05-16;3309;578;338658;181569;32.7;17.5
57;2021-05-17;3864;2066;342522;183635;33.1;17.7
57;2021-05-18;6289;2102;348811;185737;33.7;17.9
57;2021-05-19;7017;2327;355828;188064;34.4;18.2
57;2021-05-20;6045;2183;361873;190247;34.9;18.4
57;2021-05-21;7563;2914;369436;193161;35.7;18.6
57;2021-05-22;4893;2160;374329;195321;36.1;18.9
57;2021-05-23;1964;431;376293;195752;36.3;18.9
57;2021-05-24;3030;1068;379323;196820;36.6;19.0
57;2021-05-25;5575;2801;384898;199621;37.2;19.3
57;2021-05-26;6371;3178;391269;202799;37.8;19.6
57;2021-05-27;5790;3123;397059;205922;38.3;19.9
57;2021-05-28;7024;4744;404083;210666;39.0;20.3
57;2021-05-29;5221;4253;409304;214919;39.5;20.7
57;2021-05-30;1968;1743;411272;216662;39.7;20.9
57;2021-05-31;4317;3339;415589;220001;40.1;21.2
57;2021-06-01;5934;3707;421523;223708;40.7;21.6
57;2021-06-02;6340;3902;427863;227610;41.3;22.0
57;2021-06-03;6211;3695;434074;231305;41.9;22.3
57;2021-06-04;7558;4987;441632;236292;42.6;22.8
57;2021-06-05;4767;4031;446399;240323;43.1;23.2
57;2021-06-06;1994;891;448393;241214;43.3;23.3
57;2021-06-07;4321;4034;452714;245248;43.7;23.7
57;2021-06-08;6709;4304;459423;249552;44.4;24.1
57;2021-06-09;6867;4154;466290;253706;45.0;24.5
57;2021-06-10;6214;4582;472504;258288;45.6;24.9
57;2021-06-11;5358;5355;477862;263643;46.1;25.5
57;2021-06-12;5737;4451;483599;268094;46.7;25.9
57;2021-06-13;1497;1136;485096;269230;46.8;26.0
57;2021-06-14;3366;4709;488462;273939;47.2;26.4
57;2021-06-15;3803;6012;492265;279951;47.5;27.0
57;2021-06-16;4390;6592;496655;286543;47.9;27.7
57;2021-06-17;4190;6078;500845;292621;48.4;28.2
57;2021-06-18;4271;7302;505116;299923;48.8;29.0
57;2021-06-19;4133;6287;509249;306210;49.2;29.6
57;2021-06-20;966;1666;510215;307876;49.3;29.7
57;2021-06-21;2063;5972;512278;313848;49.5;30.3
57;2021-06-22;2634;7990;514912;321838;49.7;31.1
57;2021-06-23;3066;8385;517978;330223;50.0;31.9
57;2021-06-24;2450;5288;520428;335511;50.2;32.4
57;2021-06-25;2853;7827;523281;343338;50.5;33.1
57;2021-06-26;2856;7260;526137;350598;50.8;33.8
57;2021-06-27;749;2982;526886;353580;50.9;34.1
57;2021-06-28;1587;5075;528473;358655;51.0;34.6
57;2021-06-29;2075;6825;530548;365480;51.2;35.3
57;2021-06-30;3036;7312;533584;372792;51.5;36.0
57;2021-07-01;2668;5946;536252;378738;51.8;36.6
57;2021-07-02;2645;8075;538897;386813;52.0;37.3
57;2021-07-03;3227;6529;542124;393342;52.3;38.0
57;2021-07-04;942;2460;543066;395802;52.4;38.2
57;2021-07-05;1670;4607;544736;400409;52.6;38.7
57;2021-07-06;2401;6486;547137;406895;52.8;39.3
57;2021-07-07;2704;7087;549841;413982;53.1;40.0
57;2021-07-08;2461;5875;552302;419857;53.3;40.5
57;2021-07-09;3413;8415;555715;428272;53.6;41.3
57;2021-07-10;3083;6930;558798;435202;53.9;42.0
57;2021-07-11;845;2226;559643;437428;54.0;42.2
57;2021-07-12;2383;6416;562026;443844;54.3;42.8
57;2021-07-13;4371;7495;566397;451339;54.7;43.6
57;2021-07-14;2811;3851;569208;455190;54.9;43.9
57;2021-07-15;3913;7764;573121;462954;55.3;44.7
57;2021-07-16;5612;9811;578733;472765;55.9;45.6
57;2021-07-17;5797;7275;584530;480040;56.4;46.3
57;2021-07-18;1478;2652;586008;482692;56.6;46.6
57;2021-07-19;2348;6204;588356;488896;56.8;47.2
57;2021-07-20;4300;6904;592656;495800;57.2;47.9
57;2021-07-21;5262;6878;597918;502678;57.7;48.5
57;2021-07-22;5925;5944;603843;508622;58.3;49.1
57;2021-07-23;6988;6366;610831;514988;59.0;49.7
57;2021-07-24;4514;7021;615345;522009;59.4;50.4
57;2021-07-25;1332;1762;616677;523771;59.5;50.6
57;2021-07-26;3702;4486;620379;528257;59.9;51.0
57;2021-07-27;6812;4908;627191;533165;60.5;51.5
57;2021-07-28;7431;4507;634622;537672;61.3;51.9
57;2021-07-29;7566;4564;642188;542236;62.0;52.3
57;2021-07-30;6806;4834;648994;547070;62.7;52.8
57;2021-07-31;5660;4983;654654;552053;63.2;53.3
57;2021-08-01;2017;1102;656671;553155;63.4;53.4
57;2021-08-02;3491;3163;660162;556318;63.7;53.7
58;2020-12-27;0;0;0;0;0.0;0.0
58;2020-12-28;0;0;0;0;0.0;0.0
58;2020-12-29;0;0;0;0;0.0;0.0
58;2020-12-30;0;0;0;0;0.0;0.0
58;2020-12-31;0;0;0;0;0.0;0.0
58;2021-01-01;0;0;0;0;0.0;0.0
58;2021-01-02;0;0;0;0;0.0;0.0
58;2021-01-03;1;0;1;0;0.0;0.0
58;2021-01-04;0;0;1;0;0.0;0.0
58;2021-01-05;0;0;1;0;0.0;0.0
58;2021-01-06;145;0;146;0;0.1;0.0
58;2021-01-07;241;0;387;0;0.2;0.0
58;2021-01-08;63;0;450;0;0.2;0.0
58;2021-01-09;1;0;451;0;0.2;0.0
58;2021-01-10;0;0;451;0;0.2;0.0
58;2021-01-11;54;0;505;0;0.3;0.0
58;2021-01-12;255;0;760;0;0.4;0.0
58;2021-01-13;402;0;1162;0;0.6;0.0
58;2021-01-14;291;1;1453;1;0.7;0.0
58;2021-01-15;141;0;1594;1;0.8;0.0
58;2021-01-16;10;1;1604;2;0.8;0.0
58;2021-01-17;0;0;1604;2;0.8;0.0
58;2021-01-18;413;1;2017;3;1.0;0.0
58;2021-01-19;986;2;3003;5;1.5;0.0
58;2021-01-20;1203;1;4206;6;2.1;0.0
58;2021-01-21;961;4;5167;10;2.6;0.0
58;2021-01-22;769;2;5936;12;3.0;0.0
58;2021-01-23;251;0;6187;12;3.1;0.0
58;2021-01-24;2;0;6189;12;3.1;0.0
58;2021-01-25;438;0;6627;12;3.3;0.0
58;2021-01-26;649;3;7276;15;3.6;0.0
58;2021-01-27;604;44;7880;59;3.9;0.0
58;2021-01-28;756;66;8636;125;4.3;0.1
58;2021-01-29;837;7;9473;132;4.7;0.1
58;2021-01-30;281;0;9754;132;4.9;0.1
58;2021-01-31;10;0;9764;132;4.9;0.1
58;2021-02-01;201;71;9965;203;5.0;0.1
58;2021-02-02;565;85;10530;288;5.3;0.1
58;2021-02-03;278;149;10808;437;5.4;0.2
58;2021-02-04;285;93;11093;530;5.6;0.3
58;2021-02-05;184;94;11277;624;5.6;0.3
58;2021-02-06;89;0;11366;624;5.7;0.3
58;2021-02-07;0;0;11366;624;5.7;0.3
58;2021-02-08;306;74;11672;698;5.8;0.3
58;2021-02-09;503;315;12175;1013;6.1;0.5
58;2021-02-10;349;381;12524;1394;6.3;0.7
58;2021-02-11;287;383;12811;1777;6.4;0.9
58;2021-02-12;243;201;13054;1978;6.5;1.0
58;2021-02-13;83;29;13137;2007;6.6;1.0
58;2021-02-14;0;3;13137;2010;6.6;1.0
58;2021-02-15;114;531;13251;2541;6.6;1.3
58;2021-02-16;208;941;13459;3482;6.7;1.7
58;2021-02-17;217;768;13676;4250;6.9;2.1
58;2021-02-18;187;792;13863;5042;6.9;2.5
58;2021-02-19;241;725;14104;5767;7.1;2.9
58;2021-02-20;62;230;14166;5997;7.1;3.0
58;2021-02-21;0;30;14166;6027;7.1;3.0
58;2021-02-22;76;405;14242;6432;7.1;3.2
58;2021-02-23;48;623;14290;7055;7.2;3.5
58;2021-02-24;39;634;14329;7689;7.2;3.9
58;2021-02-25;252;703;14581;8392;7.3;4.2
58;2021-02-26;246;623;14827;9015;7.4;4.5
58;2021-02-27;104;189;14931;9204;7.5;4.6
58;2021-02-28;11;8;14942;9212;7.5;4.6
58;2021-03-01;145;246;15087;9458;7.6;4.7
58;2021-03-02;415;643;15502;10101;7.8;5.1
58;2021-03-03;519;290;16021;10391;8.0;5.2
58;2021-03-04;723;277;16744;10668;8.4;5.3
58;2021-03-05;866;205;17610;10873;8.8;5.4
58;2021-03-06;574;84;18184;10957;9.1;5.5
58;2021-03-07;63;11;18247;10968;9.1;5.5
58;2021-03-08;151;298;18398;11266;9.2;5.6
58;2021-03-09;544;548;18942;11814;9.5;5.9
58;2021-03-10;837;241;19779;12055;9.9;6.0
58;2021-03-11;856;272;20635;12327;10.3;6.2
58;2021-03-12;862;198;21497;12525;10.8;6.3
58;2021-03-13;506;67;22003;12592;11.0;6.3
58;2021-03-14;34;0;22037;12592;11.0;6.3
58;2021-03-15;528;109;22565;12701;11.3;6.4
58;2021-03-16;726;221;23291;12922;11.7;6.5
58;2021-03-17;756;191;24047;13113;12.0;6.6
58;2021-03-18;582;175;24629;13288;12.3;6.7
58;2021-03-19;530;103;25159;13391;12.6;6.7
58;2021-03-20;322;63;25481;13454;12.8;6.7
58;2021-03-21;17;0;25498;13454;12.8;6.7
58;2021-03-22;794;21;26292;13475;13.2;6.8
58;2021-03-23;1636;40;27928;13515;14.0;6.8
58;2021-03-24;1359;72;29287;13587;14.7;6.8
58;2021-03-25;1840;41;31127;13628;15.6;6.8
58;2021-03-26;1413;50;32540;13678;16.3;6.9
58;2021-03-27;358;6;32898;13684;16.5;6.9
58;2021-03-28;20;0;32918;13684;16.5;6.9
58;2021-03-29;639;153;33557;13837;16.8;6.9
58;2021-03-30;1185;248;34742;14085;17.4;7.1
58;2021-03-31;1116;394;35858;14479;18.0;7.3
58;2021-04-01;1545;397;37403;14876;18.7;7.5
58;2021-04-02;1460;362;38863;15238;19.5;7.6
58;2021-04-03;566;149;39429;15387;19.8;7.7
58;2021-04-04;0;0;39429;15387;19.8;7.7
58;2021-04-05;46;0;39475;15387;19.8;7.7
58;2021-04-06;819;343;40294;15730;20.2;7.9
58;2021-04-07;695;548;40989;16278;20.5;8.2
58;2021-04-08;1493;420;42482;16698;21.3;8.4
58;2021-04-09;1772;480;44254;17178;22.2;8.6
58;2021-04-10;652;201;44906;17379;22.5;8.7
58;2021-04-11;17;3;44923;17382;22.5;8.7
58;2021-04-12;1117;502;46040;17884;23.1;9.0
58;2021-04-13;1437;623;47477;18507;23.8;9.3
58;2021-04-14;1338;672;48815;19179;24.5;9.6
58;2021-04-15;1433;599;50248;19778;25.2;9.9
58;2021-04-16;1734;510;51982;20288;26.0;10.2
58;2021-04-17;721;231;52703;20519;26.4;10.3
58;2021-04-18;20;7;52723;20526;26.4;10.3
58;2021-04-19;533;605;53256;21131;26.7;10.6
58;2021-04-20;486;1120;53742;22251;26.9;11.1
58;2021-04-21;625;970;54367;23221;27.2;11.6
58;2021-04-22;767;1525;55134;24746;27.6;12.4
58;2021-04-23;919;783;56053;25529;28.1;12.8
58;2021-04-24;211;204;56264;25733;28.2;12.9
58;2021-04-25;109;9;56373;25742;28.2;12.9
58;2021-04-26;762;246;57135;25988;28.6;13.0
58;2021-04-27;1499;1110;58634;27098;29.4;13.6
58;2021-04-28;1535;1047;60169;28145;30.1;14.1
58;2021-04-29;1442;1039;61611;29184;30.9;14.6
58;2021-04-30;1257;939;62868;30123;31.5;15.1
58;2021-05-01;6;17;62874;30140;31.5;15.1
58;2021-05-02;4;2;62878;30142;31.5;15.1
58;2021-05-03;1045;401;63923;30543;32.0;15.3
58;2021-05-04;1078;1347;65001;31890;32.6;16.0
58;2021-05-05;951;1091;65952;32981;33.0;16.5
58;2021-05-06;1360;1056;67312;34037;33.7;17.1
58;2021-05-07;1110;1087;68422;35124;34.3;17.6
58;2021-05-08;59;60;68481;35184;34.3;17.6
58;2021-05-09;5;19;68486;35203;34.3;17.6
58;2021-05-10;875;988;69361;36191;34.8;18.1
58;2021-05-11;1185;1981;70546;38172;35.3;19.1
58;2021-05-12;1663;1552;72209;39724;36.2;19.9
58;2021-05-13;50;180;72259;39904;36.2;20.0
58;2021-05-14;2308;906;74567;40810;37.4;20.4
58;2021-05-15;1725;457;76292;41267;38.2;20.7
58;2021-05-16;118;30;76410;41297;38.3;20.7
58;2021-05-17;792;607;77202;41904;38.7;21.0
58;2021-05-18;1333;1183;78535;43087;39.3;21.6
58;2021-05-19;1736;541;80271;43628;40.2;21.9
58;2021-05-20;1699;666;81970;44294;41.1;22.2
58;2021-05-21;855;727;82825;45021;41.5;22.6
58;2021-05-22;304;239;83129;45260;41.6;22.7
58;2021-05-23;2;21;83131;45281;41.6;22.7
58;2021-05-24;21;43;83152;45324;41.7;22.7
58;2021-05-25;1386;1152;84538;46476;42.4;23.3
58;2021-05-26;844;840;85382;47316;42.8;23.7
58;2021-05-27;750;942;86132;48258;43.2;24.2
58;2021-05-28;430;911;86562;49169;43.4;24.6
58;2021-05-29;151;212;86713;49381;43.4;24.7
58;2021-05-30;20;19;86733;49400;43.5;24.7
58;2021-05-31;757;398;87490;49798;43.8;24.9
58;2021-06-01;1372;1658;88862;51456;44.5;25.8
58;2021-06-02;1462;1042;90324;52498;45.3;26.3
58;2021-06-03;1026;958;91350;53456;45.8;26.8
58;2021-06-04;844;912;92194;54368;46.2;27.2
58;2021-06-05;272;262;92466;54630;46.3;27.4
58;2021-06-06;24;49;92490;54679;46.3;27.4
58;2021-06-07;713;790;93203;55469;46.7;27.8
58;2021-06-08;1324;1757;94527;57226;47.4;28.7
58;2021-06-09;1401;1005;95928;58231;48.1;29.2
58;2021-06-10;1108;981;97036;59212;48.6;29.7
58;2021-06-11;1030;906;98066;60118;49.1;30.1
58;2021-06-12;1055;415;99121;60533;49.7;30.3
58;2021-06-13;36;33;99157;60566;49.7;30.3
58;2021-06-14;516;1016;99673;61582;49.9;30.9
58;2021-06-15;1594;1756;101267;63338;50.7;31.7
58;2021-06-16;1805;993;103072;64331;51.6;32.2
58;2021-06-17;2023;1111;105095;65442;52.7;32.8
58;2021-06-18;984;1062;106079;66504;53.1;33.3
58;2021-06-19;581;319;106660;66823;53.4;33.5
58;2021-06-20;8;2;106668;66825;53.4;33.5
58;2021-06-21;472;550;107140;67375;53.7;33.8
58;2021-06-22;1027;1963;108167;69338;54.2;34.7
58;2021-06-23;1474;1510;109641;70848;54.9;35.5
58;2021-06-24;728;1028;110369;71876;55.3;36.0
58;2021-06-25;826;1715;111195;73591;55.7;36.9
58;2021-06-26;553;1226;111748;74817;56.0;37.5
58;2021-06-27;17;26;111765;74843;56.0;37.5
58;2021-06-28;460;988;112225;75831;56.2;38.0
58;2021-06-29;621;2166;112846;77997;56.5;39.1
58;2021-06-30;996;1620;113842;79617;57.0;39.9
58;2021-07-01;754;1674;114596;81291;57.4;40.7
58;2021-07-02;451;849;115047;82140;57.6;41.2
58;2021-07-03;248;512;115295;82652;57.8;41.4
58;2021-07-04;12;30;115307;82682;57.8;41.4
58;2021-07-05;509;770;115816;83452;58.0;41.8
58;2021-07-06;692;2127;116508;85579;58.4;42.9
58;2021-07-07;379;960;116887;86539;58.6;43.4
58;2021-07-08;394;1021;117281;87560;58.8;43.9
58;2021-07-09;709;1421;117990;88981;59.1;44.6
58;2021-07-10;260;413;118250;89394;59.2;44.8
58;2021-07-11;175;52;118425;89446;59.3;44.8
58;2021-07-12;198;969;118623;90415;59.4;45.3
58;2021-07-13;927;2503;119550;92918;59.9;46.6
58;2021-07-14;27;62;119577;92980;59.9;46.6
58;2021-07-15;1125;1941;120702;94921;60.5;47.6
58;2021-07-16;1406;1445;122108;96366;61.2;48.3
58;2021-07-17;461;286;122569;96652;61.4;48.4
58;2021-07-18;102;21;122671;96673;61.5;48.4
58;2021-07-19;1643;995;124314;97668;62.3;48.9
58;2021-07-20;1402;2456;125716;100124;63.0;50.2
58;2021-07-21;1182;2035;126898;102159;63.6;51.2
58;2021-07-22;1131;1670;128029;103829;64.1;52.0
58;2021-07-23;1256;1444;129285;105273;64.8;52.7
58;2021-07-24;992;1269;130277;106542;65.3;53.4
58;2021-07-25;88;39;130365;106581;65.3;53.4
58;2021-07-26;976;859;131341;107440;65.8;53.8
58;2021-07-27;1558;2577;132899;110017;66.6;55.1
58;2021-07-28;1568;1960;134467;111977;67.4;56.1
58;2021-07-29;1564;1613;136031;113590;68.2;56.9
58;2021-07-30;1455;1420;137486;115010;68.9;57.6
58;2021-07-31;508;519;137994;115529;69.1;57.9
58;2021-08-01;32;13;138026;115542;69.2;57.9
58;2021-08-02;1556;851;139582;116393;69.9;58.3
59;2020-12-27;1;0;1;0;0.0;0.0
59;2020-12-28;26;0;27;0;0.0;0.0
59;2020-12-29;0;0;27;0;0.0;0.0
59;2020-12-30;0;0;27;0;0.0;0.0
59;2020-12-31;0;0;27;0;0.0;0.0
59;2021-01-01;2;0;29;0;0.0;0.0
59;2021-01-02;1;0;30;0;0.0;0.0
59;2021-01-03;2;0;32;0;0.0;0.0
59;2021-01-04;79;0;111;0;0.0;0.0
59;2021-01-05;217;0;328;0;0.0;0.0
59;2021-01-06;429;2;757;2;0.0;0.0
59;2021-01-07;1312;0;2069;2;0.1;0.0
59;2021-01-08;1262;4;3331;6;0.1;0.0
59;2021-01-09;609;3;3940;9;0.2;0.0
59;2021-01-10;427;0;4367;9;0.2;0.0
59;2021-01-11;1841;5;6208;14;0.2;0.0
59;2021-01-12;2470;2;8678;16;0.3;0.0
59;2021-01-13;2360;3;11038;19;0.4;0.0
59;2021-01-14;2752;21;13790;40;0.5;0.0
59;2021-01-15;2272;16;16062;56;0.6;0.0
59;2021-01-16;770;1;16832;57;0.7;0.0
59;2021-01-17;559;1;17391;58;0.7;0.0
59;2021-01-18;3505;14;20896;72;0.8;0.0
59;2021-01-19;4745;9;25641;81;1.0;0.0
59;2021-01-20;4131;13;29772;94;1.1;0.0
59;2021-01-21;4723;39;34495;133;1.3;0.0
59;2021-01-22;4013;11;38508;144;1.5;0.0
59;2021-01-23;1212;3;39720;147;1.5;0.0
59;2021-01-24;168;0;39888;147;1.5;0.0
59;2021-01-25;2728;59;42616;206;1.6;0.0
59;2021-01-26;2801;136;45417;342;1.8;0.0
59;2021-01-27;1735;308;47152;650;1.8;0.0
59;2021-01-28;3396;764;50548;1414;2.0;0.1
59;2021-01-29;2539;793;53087;2207;2.1;0.1
59;2021-01-30;287;178;53374;2385;2.1;0.1
59;2021-01-31;24;0;53398;2385;2.1;0.1
59;2021-02-01;75;865;53473;3250;2.1;0.1
59;2021-02-02;680;1435;54153;4685;2.1;0.2
59;2021-02-03;3740;1438;57893;6123;2.2;0.2
59;2021-02-04;2957;1743;60850;7866;2.4;0.3
59;2021-02-05;1048;1410;61898;9276;2.4;0.4
59;2021-02-06;206;355;62104;9631;2.4;0.4
59;2021-02-07;266;49;62370;9680;2.4;0.4
59;2021-02-08;683;1628;63053;11308;2.4;0.4
59;2021-02-09;1007;1853;64060;13161;2.5;0.5
59;2021-02-10;973;1639;65033;14800;2.5;0.6
59;2021-02-11;1340;1813;66373;16613;2.6;0.6
59;2021-02-12;1406;1642;67779;18255;2.6;0.7
59;2021-02-13;207;749;67986;19004;2.6;0.7
59;2021-02-14;13;42;67999;19046;2.6;0.7
59;2021-02-15;1391;3125;69390;22171;2.7;0.9
59;2021-02-16;1431;3778;70821;25949;2.7;1.0
59;2021-02-17;1619;3835;72440;29784;2.8;1.2
59;2021-02-18;3100;5194;75540;34978;2.9;1.4
59;2021-02-19;3209;3615;78749;38593;3.0;1.5
59;2021-02-20;1413;1591;80162;40184;3.1;1.6
59;2021-02-21;242;262;80404;40446;3.1;1.6
59;2021-02-22;1432;2592;81836;43038;3.2;1.7
59;2021-02-23;2657;2866;84493;45904;3.3;1.8
59;2021-02-24;4106;4055;88599;49959;3.4;1.9
59;2021-02-25;6914;3718;95513;53677;3.7;2.1
59;2021-02-26;6495;1888;102008;55565;3.9;2.1
59;2021-02-27;3093;175;105101;55740;4.1;2.2
59;2021-02-28;207;59;105308;55799;4.1;2.2
59;2021-03-01;3692;657;109000;56456;4.2;2.2
59;2021-03-02;4787;561;113787;57017;4.4;2.2
59;2021-03-03;5740;979;119527;57996;4.6;2.2
59;2021-03-04;7075;930;126602;58926;4.9;2.3
59;2021-03-05;7819;961;134421;59887;5.2;2.3
59;2021-03-06;11553;506;145974;60393;5.6;2.3
59;2021-03-07;7582;331;153556;60724;5.9;2.3
59;2021-03-08;4495;1087;158051;61811;6.1;2.4
59;2021-03-09;6576;1395;164627;63206;6.4;2.4
59;2021-03-10;7020;1166;171647;64372;6.6;2.5
59;2021-03-11;9469;1840;181116;66212;7.0;2.6
59;2021-03-12;12136;1480;193252;67692;7.5;2.6
59;2021-03-13;16548;1023;209800;68715;8.1;2.7
59;2021-03-14;6958;304;216758;69019;8.4;2.7
59;2021-03-15;5608;1491;222366;70510;8.6;2.7
59;2021-03-16;3736;1311;226102;71821;8.7;2.8
59;2021-03-17;3850;2082;229952;73903;8.9;2.9
59;2021-03-18;3952;2489;233904;76392;9.0;3.0
59;2021-03-19;7723;1803;241627;78195;9.3;3.0
59;2021-03-20;16008;1228;257635;79423;10.0;3.1
59;2021-03-21;6310;426;263945;79849;10.2;3.1
59;2021-03-22;5442;1768;269387;81617;10.4;3.2
59;2021-03-23;7766;2807;277153;84424;10.7;3.3
59;2021-03-24;6861;2951;284014;87375;11.0;3.4
59;2021-03-25;10519;2515;294533;89890;11.4;3.5
59;2021-03-26;12244;2821;306777;92711;11.8;3.6
59;2021-03-27;15268;1088;322045;93799;12.4;3.6
59;2021-03-28;7977;332;330022;94131;12.7;3.6
59;2021-03-29;5492;3197;335514;97328;13.0;3.8
59;2021-03-30;7536;3717;343050;101045;13.3;3.9
59;2021-03-31;6145;4088;349195;105133;13.5;4.1
59;2021-04-01;7487;4894;356682;110027;13.8;4.2
59;2021-04-02;7634;5508;364316;115535;14.1;4.5
59;2021-04-03;13012;4281;377328;119816;14.6;4.6
59;2021-04-04;5348;2175;382676;121991;14.8;4.7
59;2021-04-05;6007;1530;388683;123521;15.0;4.8
59;2021-04-06;5396;4483;394079;128004;15.2;4.9
59;2021-04-07;7625;5413;401704;133417;15.5;5.2
59;2021-04-08;10386;5710;412090;139127;15.9;5.4
59;2021-04-09;13417;5901;425507;145028;16.4;5.6
59;2021-04-10;11472;6119;436979;151147;16.9;5.8
59;2021-04-11;4633;3565;441612;154712;17.1;6.0
59;2021-04-12;6309;4333;447921;159045;17.3;6.1
59;2021-04-13;8928;4769;456849;163814;17.6;6.3
59;2021-04-14;8790;4319;465639;168133;18.0;6.5
59;2021-04-15;10302;4819;475941;172952;18.4;6.7
59;2021-04-16;10882;5489;486823;178441;18.8;6.9
59;2021-04-17;7296;9070;494119;187511;19.1;7.2
59;2021-04-18;3230;4168;497349;191679;19.2;7.4
59;2021-04-19;5045;4301;502394;195980;19.4;7.6
59;2021-04-20;6897;4207;509291;200187;19.7;7.7
59;2021-04-21;6245;4411;515536;204598;19.9;7.9
59;2021-04-22;8591;5495;524127;210093;20.2;8.1
59;2021-04-23;8451;5664;532578;215757;20.6;8.3
59;2021-04-24;5537;8062;538115;223819;20.8;8.6
59;2021-04-25;3241;6076;541356;229895;20.9;8.9
59;2021-04-26;6490;3786;547846;233681;21.2;9.0
59;2021-04-27;8360;5182;556206;238863;21.5;9.2
59;2021-04-28;8763;6560;564969;245423;21.8;9.5
59;2021-04-29;9407;8558;574376;253981;22.2;9.8
59;2021-04-30;10596;8529;584972;262510;22.6;10.1
59;2021-05-01;11994;7579;596966;270089;23.1;10.4
59;2021-05-02;8646;5981;605612;276070;23.4;10.7
59;2021-05-03;9554;5060;615166;281130;23.8;10.9
59;2021-05-04;11425;6002;626591;287132;24.2;11.1
59;2021-05-05;10292;6208;636883;293340;24.6;11.3
59;2021-05-06;11192;8445;648075;301785;25.0;11.7
59;2021-05-07;13291;9619;661366;311404;25.5;12.0
59;2021-05-08;14729;4152;676095;315556;26.1;12.2
59;2021-05-09;11494;3332;687589;318888;26.6;12.3
59;2021-05-10;12735;6632;700324;325520;27.1;12.6
59;2021-05-11;15111;8329;715435;333849;27.6;12.9
59;2021-05-12;16625;8630;732060;342479;28.3;13.2
59;2021-05-13;18437;3439;750497;345918;29.0;13.4
59;2021-05-14;15779;6957;766276;352875;29.6;13.6
59;2021-05-15;23441;5297;789717;358172;30.5;13.8
59;2021-05-16;21184;2402;810901;360574;31.3;13.9
59;2021-05-17;15073;5268;825974;365842;31.9;14.1
59;2021-05-18;16918;5658;842892;371500;32.6;14.3
59;2021-05-19;18313;5085;861205;376585;33.3;14.5
59;2021-05-20;17926;7014;879131;383599;34.0;14.8
59;2021-05-21;18366;8284;897497;391883;34.7;15.1
59;2021-05-22;23809;5685;921306;397568;35.6;15.4
59;2021-05-23;17921;2262;939227;399830;36.3;15.4
59;2021-05-24;16689;2121;955916;401951;36.9;15.5
59;2021-05-25;14990;6672;970906;408623;37.5;15.8
59;2021-05-26;15890;7038;986796;415661;38.1;16.1
59;2021-05-27;16142;9177;1002938;424838;38.7;16.4
59;2021-05-28;15884;11469;1018822;436307;39.4;16.9
59;2021-05-29;14364;8728;1033186;445035;39.9;17.2
59;2021-05-30;8403;1837;1041589;446872;40.2;17.3
59;2021-05-31;14200;7957;1055789;454829;40.8;17.6
59;2021-06-01;15088;10420;1070877;465249;41.4;18.0
59;2021-06-02;14761;9925;1085638;475174;41.9;18.4
59;2021-06-03;15629;12122;1101267;487296;42.5;18.8
59;2021-06-04;15588;13492;1116855;500788;43.1;19.3
59;2021-06-05;14973;9332;1131828;510120;43.7;19.7
59;2021-06-06;8827;3202;1140655;513322;44.1;19.8
59;2021-06-07;10525;9444;1151180;522766;44.5;20.2
59;2021-06-08;11753;11076;1162933;533842;44.9;20.6
59;2021-06-09;10760;11914;1173693;545756;45.3;21.1
59;2021-06-10;11488;12310;1185181;558066;45.8;21.6
59;2021-06-11;10974;16019;1196155;574085;46.2;22.2
59;2021-06-12;11075;13677;1207230;587762;46.6;22.7
59;2021-06-13;6339;7027;1213569;594789;46.9;23.0
59;2021-06-14;6498;12694;1220067;607483;47.1;23.5
59;2021-06-15;8231;15954;1228298;623437;47.4;24.1
59;2021-06-16;9201;13549;1237499;636986;47.8;24.6
59;2021-06-17;9183;15640;1246682;652626;48.2;25.2
59;2021-06-18;9073;20043;1255755;672669;48.5;26.0
59;2021-06-19;8951;17477;1264706;690146;48.8;26.7
59;2021-06-20;4896;10196;1269602;700342;49.0;27.1
59;2021-06-21;5273;15977;1274875;716319;49.2;27.7
59;2021-06-22;6317;18690;1281192;735009;49.5;28.4
59;2021-06-23;6142;19068;1287334;754077;49.7;29.1
59;2021-06-24;7320;20523;1294654;774600;50.0;29.9
59;2021-06-25;6499;21202;1301153;795802;50.3;30.7
59;2021-06-26;6480;23761;1307633;819563;50.5;31.7
59;2021-06-27;4751;17081;1312384;836644;50.7;32.3
59;2021-06-28;4990;19825;1317374;856469;50.9;33.1
59;2021-06-29;5521;20365;1322895;876834;51.1;33.9
59;2021-06-30;6108;20096;1329003;896930;51.3;34.6
59;2021-07-01;6725;20842;1335728;917772;51.6;35.4
59;2021-07-02;6798;23233;1342526;941005;51.9;36.3
59;2021-07-03;5546;24612;1348072;965617;52.1;37.3
59;2021-07-04;4405;15979;1352477;981596;52.2;37.9
59;2021-07-05;5635;17485;1358112;999081;52.5;38.6
59;2021-07-06;6575;18829;1364687;1017910;52.7;39.3
59;2021-07-07;6802;17482;1371489;1035392;53.0;40.0
59;2021-07-08;7985;17717;1379474;1053109;53.3;40.7
59;2021-07-09;7681;20311;1387155;1073420;53.6;41.5
59;2021-07-10;7423;18543;1394578;1091963;53.9;42.2
59;2021-07-11;4442;10236;1399020;1102199;54.0;42.6
59;2021-07-12;5831;18052;1404851;1120251;54.3;43.3
59;2021-07-13;9849;20761;1414700;1141012;54.6;44.1
59;2021-07-14;9756;8455;1424456;1149467;55.0;44.4
59;2021-07-15;11574;20416;1436030;1169883;55.5;45.2
59;2021-07-16;13138;20496;1449168;1190379;56.0;46.0
59;2021-07-17;12346;17427;1461514;1207806;56.5;46.7
59;2021-07-18;7922;8678;1469436;1216484;56.8;47.0
59;2021-07-19;10345;16427;1479781;1232911;57.2;47.6
59;2021-07-20;13340;17105;1493121;1250016;57.7;48.3
59;2021-07-21;14471;15551;1507592;1265567;58.2;48.9
59;2021-07-22;16954;15161;1524546;1280728;58.9;49.5
59;2021-07-23;15671;15795;1540217;1296523;59.5;50.1
59;2021-07-24;16298;12214;1556515;1308737;60.1;50.6
59;2021-07-25;11893;7266;1568408;1316003;60.6;50.8
59;2021-07-26;12989;12551;1581397;1328554;61.1;51.3
59;2021-07-27;16071;11884;1597468;1340438;61.7;51.8
59;2021-07-28;17329;11571;1614797;1352009;62.4;52.2
59;2021-07-29;17290;11576;1632087;1363585;63.0;52.7
59;2021-07-30;15781;11474;1647868;1375059;63.6;53.1
59;2021-07-31;13839;9030;1661707;1384089;64.2;53.5
59;2021-08-01;9924;4421;1671631;1388510;64.6;53.6
59;2021-08-02;11824;9852;1683455;1398362;65.0;54.0
60;2020-12-27;0;0;0;0;0.0;0.0
60;2020-12-28;0;0;0;0;0.0;0.0
60;2020-12-29;1;0;1;0;0.0;0.0
60;2020-12-30;0;0;1;0;0.0;0.0
60;2020-12-31;0;0;1;0;0.0;0.0
60;2021-01-01;0;0;1;0;0.0;0.0
60;2021-01-02;5;0;6;0;0.0;0.0
60;2021-01-03;1;0;7;0;0.0;0.0
60;2021-01-04;1;0;8;0;0.0;0.0
60;2021-01-05;37;0;45;0;0.0;0.0
60;2021-01-06;188;4;233;4;0.0;0.0
60;2021-01-07;236;4;469;8;0.1;0.0
60;2021-01-08;379;3;848;11;0.1;0.0
60;2021-01-09;3;0;851;11;0.1;0.0
60;2021-01-10;60;0;911;11;0.1;0.0
60;2021-01-11;342;2;1253;13;0.2;0.0
60;2021-01-12;534;2;1787;15;0.2;0.0
60;2021-01-13;476;5;2263;20;0.3;0.0
60;2021-01-14;507;5;2770;25;0.3;0.0
60;2021-01-15;700;6;3470;31;0.4;0.0
60;2021-01-16;124;1;3594;32;0.4;0.0
60;2021-01-17;31;0;3625;32;0.4;0.0
60;2021-01-18;859;5;4484;37;0.5;0.0
60;2021-01-19;1168;10;5652;47;0.7;0.0
60;2021-01-20;1687;10;7339;57;0.9;0.0
60;2021-01-21;2187;9;9526;66;1.2;0.0
60;2021-01-22;1523;13;11049;79;1.3;0.0
60;2021-01-23;499;3;11548;82;1.4;0.0
60;2021-01-24;61;1;11609;83;1.4;0.0
60;2021-01-25;893;12;12502;95;1.5;0.0
60;2021-01-26;949;13;13451;108;1.6;0.0
60;2021-01-27;640;8;14091;116;1.7;0.0
60;2021-01-28;395;169;14486;285;1.8;0.0
60;2021-01-29;77;106;14563;391;1.8;0.0
60;2021-01-30;0;1;14563;392;1.8;0.0
60;2021-01-31;22;61;14585;453;1.8;0.1
60;2021-02-01;38;108;14623;561;1.8;0.1
60;2021-02-02;26;161;14649;722;1.8;0.1
60;2021-02-03;161;237;14810;959;1.8;0.1
60;2021-02-04;169;340;14979;1299;1.8;0.2
60;2021-02-05;313;476;15292;1775;1.9;0.2
60;2021-02-06;63;79;15355;1854;1.9;0.2
60;2021-02-07;31;32;15386;1886;1.9;0.2
60;2021-02-08;326;517;15712;2403;1.9;0.3
60;2021-02-09;317;467;16029;2870;1.9;0.3
60;2021-02-10;552;993;16581;3863;2.0;0.5
60;2021-02-11;934;1127;17515;4990;2.1;0.6
60;2021-02-12;911;857;18426;5847;2.2;0.7
60;2021-02-13;90;309;18516;6156;2.2;0.7
60;2021-02-14;24;92;18540;6248;2.2;0.8
60;2021-02-15;613;808;19153;7056;2.3;0.9
60;2021-02-16;581;928;19734;7984;2.4;1.0
60;2021-02-17;631;930;20365;8914;2.5;1.1
60;2021-02-18;684;824;21049;9738;2.6;1.2
60;2021-02-19;641;767;21690;10505;2.6;1.3
60;2021-02-20;103;190;21793;10695;2.6;1.3
60;2021-02-21;22;121;21815;10816;2.6;1.3
60;2021-02-22;463;877;22278;11693;2.7;1.4
60;2021-02-23;533;786;22811;12479;2.8;1.5
60;2021-02-24;793;549;23604;13028;2.9;1.6
60;2021-02-25;1095;306;24699;13334;3.0;1.6
60;2021-02-26;1296;184;25995;13518;3.2;1.6
60;2021-02-27;666;35;26661;13553;3.2;1.6
60;2021-02-28;7;10;26668;13563;3.2;1.6
60;2021-03-01;893;47;27561;13610;3.3;1.6
60;2021-03-02;1013;158;28574;13768;3.5;1.7
60;2021-03-03;1318;443;29892;14211;3.6;1.7
60;2021-03-04;1722;515;31614;14726;3.8;1.8
60;2021-03-05;1820;286;33434;15012;4.1;1.8
60;2021-03-06;1919;131;35353;15143;4.3;1.8
60;2021-03-07;885;30;36238;15173;4.4;1.8
60;2021-03-08;977;313;37215;15486;4.5;1.9
60;2021-03-09;1641;357;38856;15843;4.7;1.9
60;2021-03-10;1937;423;40793;16266;4.9;2.0
60;2021-03-11;2322;380;43115;16646;5.2;2.0
60;2021-03-12;2591;537;45706;17183;5.5;2.1
60;2021-03-13;3835;201;49541;17384;6.0;2.1
60;2021-03-14;1779;52;51320;17436;6.2;2.1
60;2021-03-15;2091;495;53411;17931;6.5;2.2
60;2021-03-16;1583;620;54994;18551;6.7;2.2
60;2021-03-17;1657;610;56651;19161;6.9;2.3
60;2021-03-18;1759;725;58410;19886;7.1;2.4
60;2021-03-19;2589;522;60999;20408;7.4;2.5
60;2021-03-20;3233;182;64232;20590;7.8;2.5
60;2021-03-21;2124;95;66356;20685;8.0;2.5
60;2021-03-22;2134;708;68490;21393;8.3;2.6
60;2021-03-23;3307;717;71797;22110;8.7;2.7
60;2021-03-24;3071;870;74868;22980;9.1;2.8
60;2021-03-25;3849;838;78717;23818;9.5;2.9
60;2021-03-26;4213;869;82930;24687;10.1;3.0
60;2021-03-27;4141;301;87071;24988;10.6;3.0
60;2021-03-28;2448;73;89519;25061;10.8;3.0
60;2021-03-29;2608;1079;92127;26140;11.2;3.2
60;2021-03-30;3283;1064;95410;27204;11.6;3.3
60;2021-03-31;2668;1139;98078;28343;11.9;3.4
60;2021-04-01;2561;1099;100639;29442;12.2;3.6
60;2021-04-02;3309;1094;103948;30536;12.6;3.7
60;2021-04-03;3168;1005;107116;31541;13.0;3.8
60;2021-04-04;874;482;107990;32023;13.1;3.9
60;2021-04-05;458;81;108448;32104;13.1;3.9
60;2021-04-06;1964;1623;110412;33727;13.4;4.1
60;2021-04-07;1980;1745;112392;35472;13.6;4.3
60;2021-04-08;2611;1487;115003;36959;13.9;4.5
60;2021-04-09;2997;1512;118000;38471;14.3;4.7
60;2021-04-10;2927;1587;120927;40058;14.7;4.9
60;2021-04-11;1049;991;121976;41049;14.8;5.0
60;2021-04-12;2047;1719;124023;42768;15.0;5.2
60;2021-04-13;2746;1782;126769;44550;15.4;5.4
60;2021-04-14;3115;1807;129884;46357;15.7;5.6
60;2021-04-15;3544;1881;133428;48238;16.2;5.8
60;2021-04-16;3286;1943;136714;50181;16.6;6.1
60;2021-04-17;2847;2165;139561;52346;16.9;6.3
60;2021-04-18;572;1834;140133;54180;17.0;6.6
60;2021-04-19;1742;2210;141875;56390;17.2;6.8
60;2021-04-20;2129;2671;144004;59061;17.5;7.2
60;2021-04-21;2653;2203;146657;61264;17.8;7.4
60;2021-04-22;2630;2506;149287;63770;18.1;7.7
60;2021-04-23;2645;2496;151932;66266;18.4;8.0
60;2021-04-24;2471;3456;154403;69722;18.7;8.5
60;2021-04-25;1160;1964;155563;71686;18.9;8.7
60;2021-04-26;1889;2525;157452;74211;19.1;9.0
60;2021-04-27;2309;2845;159761;77056;19.4;9.3
60;2021-04-28;3063;2396;162824;79452;19.7;9.6
60;2021-04-29;3151;2623;165975;82075;20.1;9.9
60;2021-04-30;3459;2967;169434;85042;20.5;10.3
60;2021-05-01;2354;1122;171788;86164;20.8;10.4
60;2021-05-02;2145;836;173933;87000;21.1;10.5
60;2021-05-03;2954;1849;176887;88849;21.4;10.8
60;2021-05-04;3019;2356;179906;91205;21.8;11.1
60;2021-05-05;3255;2805;183161;94010;22.2;11.4
60;2021-05-06;3648;2476;186809;96486;22.6;11.7
60;2021-05-07;3986;2521;190795;99007;23.1;12.0
60;2021-05-08;3583;967;194378;99974;23.6;12.1
60;2021-05-09;3459;950;197837;100924;24.0;12.2
60;2021-05-10;2392;2293;200229;103217;24.3;12.5
60;2021-05-11;3662;2469;203891;105686;24.7;12.8
60;2021-05-12;4716;2549;208607;108235;25.3;13.1
60;2021-05-13;5293;1122;213900;109357;25.9;13.3
60;2021-05-14;5604;1808;219504;111165;26.6;13.5
60;2021-05-15;6172;1707;225676;112872;27.4;13.7
60;2021-05-16;4860;687;230536;113559;27.9;13.8
60;2021-05-17;3714;1671;234250;115230;28.4;14.0
60;2021-05-18;4049;2080;238299;117310;28.9;14.2
60;2021-05-19;5095;1852;243394;119162;29.5;14.4
60;2021-05-20;5458;1793;248852;120955;30.2;14.7
60;2021-05-21;5972;1970;254824;122925;30.9;14.9
60;2021-05-22;5355;1978;260179;124903;31.5;15.1
60;2021-05-23;4268;651;264447;125554;32.1;15.2
60;2021-05-24;2950;534;267397;126088;32.4;15.3
60;2021-05-25;4137;1996;271534;128084;32.9;15.5
60;2021-05-26;4465;1830;275999;129914;33.5;15.7
60;2021-05-27;4610;1992;280609;131906;34.0;16.0
60;2021-05-28;4620;2508;285229;134414;34.6;16.3
60;2021-05-29;4613;2274;289842;136688;35.1;16.6
60;2021-05-30;1086;351;290928;137039;35.3;16.6
60;2021-05-31;3830;2081;294758;139120;35.7;16.9
60;2021-06-01;4442;2850;299200;141970;36.3;17.2
60;2021-06-02;3909;2444;303109;144414;36.7;17.5
60;2021-06-03;3903;2377;307012;146791;37.2;17.8
60;2021-06-04;4651;2904;311663;149695;37.8;18.1
60;2021-06-05;4301;3416;315964;153111;38.3;18.6
60;2021-06-06;2156;793;318120;153904;38.6;18.7
60;2021-06-07;2777;2753;320897;156657;38.9;19.0
60;2021-06-08;3801;3006;324698;159663;39.4;19.4
60;2021-06-09;3244;3395;327942;163058;39.7;19.8
60;2021-06-10;3451;3365;331393;166423;40.2;20.2
60;2021-06-11;3879;4196;335272;170619;40.6;20.7
60;2021-06-12;3779;4275;339051;174894;41.1;21.2
60;2021-06-13;1156;2225;340207;177119;41.2;21.5
60;2021-06-14;1907;3305;342114;180424;41.5;21.9
60;2021-06-15;3015;4164;345129;184588;41.8;22.4
60;2021-06-16;3251;4493;348380;189081;42.2;22.9
60;2021-06-17;2977;4783;351357;193864;42.6;23.5
60;2021-06-18;2982;4599;354339;198463;42.9;24.1
60;2021-06-19;3142;4724;357481;203187;43.3;24.6
60;2021-06-20;1432;1934;358913;205121;43.5;24.9
60;2021-06-21;1408;4037;360321;209158;43.7;25.4
60;2021-06-22;1759;5290;362080;214448;43.9;26.0
60;2021-06-23;1860;5239;363940;219687;44.1;26.6
60;2021-06-24;1800;5599;365740;225286;44.3;27.3
60;2021-06-25;1900;5730;367640;231016;44.6;28.0
60;2021-06-26;1855;6984;369495;238000;44.8;28.8
60;2021-06-27;714;2594;370209;240594;44.9;29.2
60;2021-06-28;1779;4144;371988;244738;45.1;29.7
60;2021-06-29;2008;5465;373996;250203;45.3;30.3
60;2021-06-30;2281;5360;376277;255563;45.6;31.0
60;2021-07-01;1881;4922;378158;260485;45.8;31.6
60;2021-07-02;2357;5882;380515;266367;46.1;32.3
60;2021-07-03;2396;6169;382911;272536;46.4;33.0
60;2021-07-04;790;2730;383701;275266;46.5;33.4
60;2021-07-05;1650;4400;385351;279666;46.7;33.9
60;2021-07-06;2134;4505;387485;284171;47.0;34.4
60;2021-07-07;2173;5130;389658;289301;47.2;35.1
60;2021-07-08;2666;4700;392324;294001;47.5;35.6
60;2021-07-09;2635;5560;394959;299561;47.9;36.3
60;2021-07-10;2573;5873;397532;305434;48.2;37.0
60;2021-07-11;1212;1943;398744;307377;48.3;37.3
60;2021-07-12;1423;4758;400167;312135;48.5;37.8
60;2021-07-13;2903;5026;403070;317161;48.9;38.4
60;2021-07-14;2571;1402;405641;318563;49.2;38.6
60;2021-07-15;3420;4864;409061;323427;49.6;39.2
60;2021-07-16;3670;5238;412731;328665;50.0;39.8
60;2021-07-17;4065;5134;416796;333799;50.5;40.5
60;2021-07-18;2178;2118;418974;335917;50.8;40.7
60;2021-07-19;2532;3897;421506;339814;51.1;41.2
60;2021-07-20;4170;4899;425676;344713;51.6;41.8
60;2021-07-21;4312;4265;429988;348978;52.1;42.3
60;2021-07-22;4615;4319;434603;353297;52.7;42.8
60;2021-07-23;4960;4879;439563;358176;53.3;43.4
60;2021-07-24;4285;4650;443848;362826;53.8;44.0
60;2021-07-25;2596;1815;446444;364641;54.1;44.2
60;2021-07-26;3359;3753;449803;368394;54.5;44.6
60;2021-07-27;4412;4616;454215;373010;55.1;45.2
60;2021-07-28;4522;3754;458737;376764;55.6;45.7
60;2021-07-29;4888;3688;463625;380452;56.2;46.1
60;2021-07-30;4985;4225;468610;384677;56.8;46.6
60;2021-07-31;4033;3926;472643;388603;57.3;47.1
60;2021-08-01;1669;847;474312;389450;57.5;47.2
60;2021-08-02;3124;2714;477436;392164;57.9;47.5
61;2020-12-27;0;0;0;0;0.0;0.0
61;2020-12-28;0;0;0;0;0.0;0.0
61;2020-12-29;0;0;0;0;0.0;0.0
61;2020-12-30;0;0;0;0;0.0;0.0
61;2020-12-31;0;0;0;0;0.0;0.0
61;2021-01-01;1;0;1;0;0.0;0.0
61;2021-01-02;1;0;2;0;0.0;0.0
61;2021-01-03;0;0;2;0;0.0;0.0
61;2021-01-04;1;0;3;0;0.0;0.0
61;2021-01-05;3;0;6;0;0.0;0.0
61;2021-01-06;76;0;82;0;0.0;0.0
61;2021-01-07;175;2;257;2;0.1;0.0
61;2021-01-08;406;1;663;3;0.2;0.0
61;2021-01-09;165;1;828;4;0.3;0.0
61;2021-01-10;49;0;877;4;0.3;0.0
61;2021-01-11;396;1;1273;5;0.5;0.0
61;2021-01-12;680;2;1953;7;0.7;0.0
61;2021-01-13;739;1;2692;8;1.0;0.0
61;2021-01-14;526;8;3218;16;1.2;0.0
61;2021-01-15;538;4;3756;20;1.4;0.0
61;2021-01-16;289;1;4045;21;1.5;0.0
61;2021-01-17;832;7;4877;28;1.8;0.0
61;2021-01-18;1913;3;6790;31;2.5;0.0
61;2021-01-19;1321;4;8111;35;2.9;0.0
61;2021-01-20;683;0;8794;35;3.2;0.0
61;2021-01-21;844;1;9638;36;3.5;0.0
61;2021-01-22;764;1;10402;37;3.8;0.0
61;2021-01-23;256;2;10658;39;3.8;0.0
61;2021-01-24;228;0;10886;39;3.9;0.0
61;2021-01-25;577;2;11463;41;4.1;0.0
61;2021-01-26;555;0;12018;41;4.3;0.0
61;2021-01-27;569;14;12587;55;4.5;0.0
61;2021-01-28;463;53;13050;108;4.7;0.0
61;2021-01-29;478;204;13528;312;4.9;0.1
61;2021-01-30;212;3;13740;315;5.0;0.1
61;2021-01-31;106;0;13846;315;5.0;0.1
61;2021-02-01;430;190;14276;505;5.2;0.2
61;2021-02-02;387;425;14663;930;5.3;0.3
61;2021-02-03;412;490;15075;1420;5.4;0.5
61;2021-02-04;388;338;15463;1758;5.6;0.6
61;2021-02-05;538;362;16001;2120;5.8;0.8
61;2021-02-06;195;91;16196;2211;5.8;0.8
61;2021-02-07;45;200;16241;2411;5.9;0.9
61;2021-02-08;540;1409;16781;3820;6.1;1.4
61;2021-02-09;404;808;17185;4628;6.2;1.7
61;2021-02-10;277;561;17462;5189;6.3;1.9
61;2021-02-11;432;563;17894;5752;6.5;2.1
61;2021-02-12;402;737;18296;6489;6.6;2.3
61;2021-02-13;132;431;18428;6920;6.7;2.5
61;2021-02-14;2;315;18430;7235;6.7;2.6
61;2021-02-15;171;847;18601;8082;6.7;2.9
61;2021-02-16;203;682;18804;8764;6.8;3.2
61;2021-02-17;44;639;18848;9403;6.8;3.4
61;2021-02-18;161;528;19009;9931;6.9;3.6
61;2021-02-19;101;391;19110;10322;6.9;3.7
61;2021-02-20;40;241;19150;10563;6.9;3.8
61;2021-02-21;1;155;19151;10718;6.9;3.9
61;2021-02-22;88;567;19239;11285;6.9;4.1
61;2021-02-23;114;495;19353;11780;7.0;4.3
61;2021-02-24;173;572;19526;12352;7.1;4.5
61;2021-02-25;265;447;19791;12799;7.1;4.6
61;2021-02-26;266;465;20057;13264;7.2;4.8
61;2021-02-27;108;225;20165;13489;7.3;4.9
61;2021-02-28;4;119;20169;13608;7.3;4.9
61;2021-03-01;216;610;20385;14218;7.4;5.1
61;2021-03-02;147;698;20532;14916;7.4;5.4
61;2021-03-03;141;448;20673;15364;7.5;5.5
61;2021-03-04;431;445;21104;15809;7.6;5.7
61;2021-03-05;701;295;21805;16104;7.9;5.8
61;2021-03-06;434;230;22239;16334;8.0;5.9
61;2021-03-07;154;2;22393;16336;8.1;5.9
61;2021-03-08;299;314;22692;16650;8.2;6.0
61;2021-03-09;622;184;23314;16834;8.4;6.1
61;2021-03-10;672;179;23986;17013;8.7;6.1
61;2021-03-11;1119;128;25105;17141;9.1;6.2
61;2021-03-12;1465;95;26570;17236;9.6;6.2
61;2021-03-13;770;52;27340;17288;9.9;6.2
61;2021-03-14;226;3;27566;17291;10.0;6.2
61;2021-03-15;814;32;28380;17323;10.2;6.3
61;2021-03-16;720;22;29100;17345;10.5;6.3
61;2021-03-17;760;10;29860;17355;10.8;6.3
61;2021-03-18;855;18;30715;17373;11.1;6.3
61;2021-03-19;1024;44;31739;17417;11.5;6.3
61;2021-03-20;470;14;32209;17431;11.6;6.3
61;2021-03-21;71;2;32280;17433;11.7;6.3
61;2021-03-22;796;86;33076;17519;11.9;6.3
61;2021-03-23;920;39;33996;17558;12.3;6.3
61;2021-03-24;1372;65;35368;17623;12.8;6.4
61;2021-03-25;1875;56;37243;17679;13.4;6.4
61;2021-03-26;1794;40;39037;17719;14.1;6.4
61;2021-03-27;1083;17;40120;17736;14.5;6.4
61;2021-03-28;359;9;40479;17745;14.6;6.4
61;2021-03-29;1271;177;41750;17922;15.1;6.5
61;2021-03-30;1470;92;43220;18014;15.6;6.5
61;2021-03-31;1684;46;44904;18060;16.2;6.5
61;2021-04-01;2048;219;46952;18279;17.0;6.6
61;2021-04-02;1514;423;48466;18702;17.5;6.8
61;2021-04-03;638;289;49104;18991;17.7;6.9
61;2021-04-04;193;1;49297;18992;17.8;6.9
61;2021-04-05;531;7;49828;18999;18.0;6.9
61;2021-04-06;1354;620;51182;19619;18.5;7.1
61;2021-04-07;1696;661;52878;20280;19.1;7.3
61;2021-04-08;2268;817;55146;21097;19.9;7.6
61;2021-04-09;2134;834;57280;21931;20.7;7.9
61;2021-04-10;1536;484;58816;22415;21.2;8.1
61;2021-04-11;238;197;59054;22612;21.3;8.2
61;2021-04-12;1289;735;60343;23347;21.8;8.4
61;2021-04-13;1742;701;62085;24048;22.4;8.7
61;2021-04-14;1730;782;63815;24830;23.0;9.0
61;2021-04-15;2266;775;66081;25605;23.9;9.2
61;2021-04-16;2224;682;68305;26287;24.7;9.5
61;2021-04-17;1486;319;69791;26606;25.2;9.6
61;2021-04-18;538;99;70329;26705;25.4;9.6
61;2021-04-19;938;746;71267;27451;25.7;9.9
61;2021-04-20;1525;782;72792;28233;26.3;10.2
61;2021-04-21;1351;1037;74143;29270;26.8;10.6
61;2021-04-22;1293;1214;75436;30484;27.2;11.0
61;2021-04-23;1217;1148;76653;31632;27.7;11.4
61;2021-04-24;1437;815;78090;32447;28.2;11.7
61;2021-04-25;361;330;78451;32777;28.3;11.8
61;2021-04-26;667;1141;79118;33918;28.6;12.2
61;2021-04-27;1465;1141;80583;35059;29.1;12.7
61;2021-04-28;1387;1386;81970;36445;29.6;13.2
61;2021-04-29;1253;1857;83223;38302;30.1;13.8
61;2021-04-30;1718;1168;84941;39470;30.7;14.3
61;2021-05-01;787;320;85728;39790;31.0;14.4
61;2021-05-02;438;223;86166;40013;31.1;14.5
61;2021-05-03;843;1246;87009;41259;31.4;14.9
61;2021-05-04;1326;1751;88335;43010;31.9;15.5
61;2021-05-05;1012;2025;89347;45035;32.3;16.3
61;2021-05-06;1771;2211;91118;47246;32.9;17.1
61;2021-05-07;1379;1965;92497;49211;33.4;17.8
61;2021-05-08;925;471;93422;49682;33.7;17.9
61;2021-05-09;393;291;93815;49973;33.9;18.0
61;2021-05-10;987;1752;94802;51725;34.2;18.7
61;2021-05-11;1374;1512;96176;53237;34.7;19.2
61;2021-05-12;1869;1588;98045;54825;35.4;19.8
61;2021-05-13;889;490;98934;55315;35.7;20.0
61;2021-05-14;1851;1193;100785;56508;36.4;20.4
61;2021-05-15;2092;1115;102877;57623;37.2;20.8
61;2021-05-16;983;300;103860;57923;37.5;20.9
61;2021-05-17;1311;913;105171;58836;38.0;21.2
61;2021-05-18;2423;891;107594;59727;38.9;21.6
61;2021-05-19;2402;799;109996;60526;39.7;21.9
61;2021-05-20;2214;809;112210;61335;40.5;22.2
61;2021-05-21;2147;855;114357;62190;41.3;22.5
61;2021-05-22;1779;718;116136;62908;41.9;22.7
61;2021-05-23;714;53;116850;62961;42.2;22.7
61;2021-05-24;913;110;117763;63071;42.5;22.8
61;2021-05-25;1992;920;119755;63991;43.2;23.1
61;2021-05-26;2035;927;121790;64918;44.0;23.4
61;2021-05-27;2036;1094;123826;66012;44.7;23.8
61;2021-05-28;2052;1377;125878;67389;45.5;24.3
61;2021-05-29;1462;554;127340;67943;46.0;24.5
61;2021-05-30;450;44;127790;67987;46.1;24.6
61;2021-05-31;1561;937;129351;68924;46.7;24.9
61;2021-06-01;1873;1387;131224;70311;47.4;25.4
61;2021-06-02;1674;1135;132898;71446;48.0;25.8
61;2021-06-03;2247;1109;135145;72555;48.8;26.2
61;2021-06-04;1895;1340;137040;73895;49.5;26.7
61;2021-06-05;1667;1238;138707;75133;50.1;27.1
61;2021-06-06;318;229;139025;75362;50.2;27.2
61;2021-06-07;2188;867;141213;76229;51.0;27.5
61;2021-06-08;1843;1567;143056;77796;51.7;28.1
61;2021-06-09;1974;1184;145030;78980;52.4;28.5
61;2021-06-10;1972;1186;147002;80166;53.1;29.0
61;2021-06-11;1819;1575;148821;81741;53.7;29.5
61;2021-06-12;1423;999;150244;82740;54.3;29.9
61;2021-06-13;340;377;150584;83117;54.4;30.0
61;2021-06-14;1106;1187;151690;84304;54.8;30.4
61;2021-06-15;1211;1694;152901;85998;55.2;31.1
61;2021-06-16;1110;1357;154011;87355;55.6;31.5
61;2021-06-17;1018;1728;155029;89083;56.0;32.2
61;2021-06-18;1520;1666;156549;90749;56.5;32.8
61;2021-06-19;1242;1302;157791;92051;57.0;33.2
61;2021-06-20;289;345;158080;92396;57.1;33.4
61;2021-06-21;809;1627;158889;94023;57.4;34.0
61;2021-06-22;1022;1684;159911;95707;57.7;34.6
61;2021-06-23;972;2438;160883;98145;58.1;35.4
61;2021-06-24;649;1360;161532;99505;58.3;35.9
61;2021-06-25;836;2168;162368;101673;58.6;36.7
61;2021-06-26;619;1953;162987;103626;58.9;37.4
61;2021-06-27;138;800;163125;104426;58.9;37.7
61;2021-06-28;478;2249;163603;106675;59.1;38.5
61;2021-06-29;696;2860;164299;109535;59.3;39.6
61;2021-06-30;767;2462;165066;111997;59.6;40.4
61;2021-07-01;632;1692;165698;113689;59.8;41.1
61;2021-07-02;836;2500;166534;116189;60.1;42.0
61;2021-07-03;415;1910;166949;118099;60.3;42.6
61;2021-07-04;74;638;167023;118737;60.3;42.9
61;2021-07-05;685;1775;167708;120512;60.6;43.5
61;2021-07-06;984;2798;168692;123310;60.9;44.5
61;2021-07-07;728;2361;169420;125671;61.2;45.4
61;2021-07-08;839;1951;170259;127622;61.5;46.1
61;2021-07-09;718;2380;170977;130002;61.7;46.9
61;2021-07-10;463;1773;171440;131775;61.9;47.6
61;2021-07-11;241;489;171681;132264;62.0;47.8
61;2021-07-12;434;2295;172115;134559;62.2;48.6
61;2021-07-13;638;2493;172753;137052;62.4;49.5
61;2021-07-14;147;333;172900;137385;62.4;49.6
61;2021-07-15;805;2817;173705;140202;62.7;50.6
61;2021-07-16;956;2574;174661;142776;63.1;51.6
61;2021-07-17;700;2231;175361;145007;63.3;52.4
61;2021-07-18;335;367;175696;145374;63.5;52.5
61;2021-07-19;931;2403;176627;147777;63.8;53.4
61;2021-07-20;1316;2355;177943;150132;64.3;54.2
61;2021-07-21;1495;2178;179438;152310;64.8;55.0
61;2021-07-22;1739;2187;181177;154497;65.4;55.8
61;2021-07-23;1779;2298;182956;156795;66.1;56.6
61;2021-07-24;1441;2000;184397;158795;66.6;57.3
61;2021-07-25;323;394;184720;159189;66.7;57.5
61;2021-07-26;1241;1930;185961;161119;67.2;58.2
61;2021-07-27;2397;1576;188358;162695;68.0;58.8
61;2021-07-28;2436;1339;190794;164034;68.9;59.2
61;2021-07-29;2538;1564;193332;165598;69.8;59.8
61;2021-07-30;2374;1380;195706;166978;70.7;60.3
61;2021-07-31;1278;1292;196984;168270;71.1;60.8
61;2021-08-01;495;253;197479;168523;71.3;60.9
61;2021-08-02;1873;1105;199352;169628;72.0;61.3
62;2020-12-27;2;0;2;0;0.0;0.0
62;2020-12-28;2;0;4;0;0.0;0.0
62;2020-12-29;0;0;4;0;0.0;0.0
62;2020-12-30;0;0;4;0;0.0;0.0
62;2020-12-31;0;0;4;0;0.0;0.0
62;2021-01-01;0;0;4;0;0.0;0.0
62;2021-01-02;0;0;4;0;0.0;0.0
62;2021-01-03;0;0;4;0;0.0;0.0
62;2021-01-04;2;0;6;0;0.0;0.0
62;2021-01-05;47;0;53;0;0.0;0.0
62;2021-01-06;123;0;176;0;0.0;0.0
62;2021-01-07;351;0;527;0;0.0;0.0
62;2021-01-08;712;6;1239;6;0.1;0.0
62;2021-01-09;163;1;1402;7;0.1;0.0
62;2021-01-10;84;0;1486;7;0.1;0.0
62;2021-01-11;553;1;2039;8;0.1;0.0
62;2021-01-12;1247;1;3286;9;0.2;0.0
62;2021-01-13;1137;5;4423;14;0.3;0.0
62;2021-01-14;1386;9;5809;23;0.4;0.0
62;2021-01-15;1295;8;7104;31;0.5;0.0
62;2021-01-16;307;3;7411;34;0.5;0.0
62;2021-01-17;107;1;7518;35;0.5;0.0
62;2021-01-18;1663;9;9181;44;0.6;0.0
62;2021-01-19;2098;5;11279;49;0.8;0.0
62;2021-01-20;2054;6;13333;55;0.9;0.0
62;2021-01-21;2226;5;15559;60;1.1;0.0
62;2021-01-22;1832;6;17391;66;1.2;0.0
62;2021-01-23;512;0;17903;66;1.2;0.0
62;2021-01-24;0;0;17903;66;1.2;0.0
62;2021-01-25;1280;6;19183;72;1.3;0.0
62;2021-01-26;1539;15;20722;87;1.4;0.0
62;2021-01-27;1488;175;22210;262;1.5;0.0
62;2021-01-28;4146;344;26356;606;1.8;0.0
62;2021-01-29;2022;336;28378;942;2.0;0.1
62;2021-01-30;159;153;28537;1095;2.0;0.1
62;2021-01-31;22;3;28559;1098;2.0;0.1
62;2021-02-01;46;359;28605;1457;2.0;0.1
62;2021-02-02;59;789;28664;2246;2.0;0.2
62;2021-02-03;44;629;28708;2875;2.0;0.2
62;2021-02-04;81;823;28789;3698;2.0;0.3
62;2021-02-05;79;753;28868;4451;2.0;0.3
62;2021-02-06;26;195;28894;4646;2.0;0.3
62;2021-02-07;236;27;29130;4673;2.0;0.3
62;2021-02-08;131;849;29261;5522;2.0;0.4
62;2021-02-09;226;1103;29487;6625;2.0;0.5
62;2021-02-10;383;1173;29870;7798;2.1;0.5
62;2021-02-11;722;1002;30592;8800;2.1;0.6
62;2021-02-12;966;781;31558;9581;2.2;0.7
62;2021-02-13;159;270;31717;9851;2.2;0.7
62;2021-02-14;0;0;31717;9851;2.2;0.7
62;2021-02-15;664;1278;32381;11129;2.2;0.8
62;2021-02-16;920;1787;33301;12916;2.3;0.9
62;2021-02-17;1074;2129;34375;15045;2.4;1.0
62;2021-02-18;2207;3797;36582;18842;2.5;1.3
62;2021-02-19;2301;2546;38883;21388;2.7;1.5
62;2021-02-20;613;479;39496;21867;2.7;1.5
62;2021-02-21;86;49;39582;21916;2.7;1.5
62;2021-02-22;847;972;40429;22888;2.8;1.6
62;2021-02-23;1419;1219;41848;24107;2.9;1.7
62;2021-02-24;1544;642;43392;24749;3.0;1.7
62;2021-02-25;3166;409;46558;25158;3.2;1.7
62;2021-02-26;2907;335;49465;25493;3.4;1.8
62;2021-02-27;1828;93;51293;25586;3.5;1.8
62;2021-02-28;52;42;51345;25628;3.5;1.8
62;2021-03-01;1315;116;52660;25744;3.6;1.8
62;2021-03-02;3148;169;55808;25913;3.8;1.8
62;2021-03-03;3259;116;59067;26029;4.1;1.8
62;2021-03-04;3805;200;62872;26229;4.3;1.8
62;2021-03-05;4644;207;67516;26436;4.6;1.8
62;2021-03-06;9613;223;77129;26659;5.3;1.8
62;2021-03-07;8072;196;85201;26855;5.9;1.8
62;2021-03-08;2192;247;87393;27102;6.0;1.9
62;2021-03-09;3799;367;91192;27469;6.3;1.9
62;2021-03-10;4229;596;95421;28065;6.6;1.9
62;2021-03-11;5988;1517;101409;29582;7.0;2.0
62;2021-03-12;6631;1400;108040;30982;7.4;2.1
62;2021-03-13;14714;760;122754;31742;8.4;2.2
62;2021-03-14;9578;355;132332;32097;9.1;2.2
62;2021-03-15;3763;1015;136095;33112;9.4;2.3
62;2021-03-16;2734;847;138829;33959;9.6;2.3
62;2021-03-17;2805;716;141634;34675;9.7;2.4
62;2021-03-18;2723;925;144357;35600;9.9;2.5
62;2021-03-19;4780;910;149137;36510;10.3;2.5
62;2021-03-20;11060;572;160197;37082;11.0;2.6
62;2021-03-21;9442;328;169639;37410;11.7;2.6
62;2021-03-22;2937;1106;172576;38516;11.9;2.7
62;2021-03-23;4992;1502;177568;40018;12.2;2.8
62;2021-03-24;4691;1415;182259;41433;12.5;2.9
62;2021-03-25;6553;1475;188812;42908;13.0;3.0
62;2021-03-26;7050;1484;195862;44392;13.5;3.1
62;2021-03-27;12589;711;208451;45103;14.3;3.1
62;2021-03-28;6938;258;215389;45361;14.8;3.1
62;2021-03-29;3475;1204;218864;46565;15.1;3.2
62;2021-03-30;4549;2210;223413;48775;15.4;3.4
62;2021-03-31;4221;2478;227634;51253;15.7;3.5
62;2021-04-01;4969;2761;232603;54014;16.0;3.7
62;2021-04-02;5068;3226;237671;57240;16.4;3.9
62;2021-04-03;8205;3328;245876;60568;16.9;4.2
62;2021-04-04;4577;1920;250453;62488;17.2;4.3
62;2021-04-05;943;462;251396;62950;17.3;4.3
62;2021-04-06;4122;2992;255518;65942;17.6;4.5
62;2021-04-07;5027;3497;260545;69439;17.9;4.8
62;2021-04-08;6481;3963;267026;73402;18.4;5.1
62;2021-04-09;7621;3463;274647;76865;18.9;5.3
62;2021-04-10;6637;8064;281284;84929;19.4;5.8
62;2021-04-11;2810;6895;284094;91824;19.6;6.3
62;2021-04-12;3419;2365;287513;94189;19.8;6.5
62;2021-04-13;6169;3149;293682;97338;20.2;6.7
62;2021-04-14;5300;3058;298982;100396;20.6;6.9
62;2021-04-15;5737;2978;304719;103374;21.0;7.1
62;2021-04-16;5417;3180;310136;106554;21.3;7.3
62;2021-04-17;4362;7360;314498;113914;21.6;7.8
62;2021-04-18;1961;6849;316459;120763;21.8;8.3
62;2021-04-19;2779;1928;319238;122691;22.0;8.4
62;2021-04-20;4144;3888;323382;126579;22.3;8.7
62;2021-04-21;3752;3979;327134;130558;22.5;9.0
62;2021-04-22;3946;5186;331080;135744;22.8;9.3
62;2021-04-23;4052;5296;335132;141040;23.1;9.7
62;2021-04-24;4406;6720;339538;147760;23.4;10.2
62;2021-04-25;1908;3500;341446;151260;23.5;10.4
62;2021-04-26;2223;2430;343669;153690;23.7;10.6
62;2021-04-27;4409;3697;348078;157387;24.0;10.8
62;2021-04-28;4588;4345;352666;161732;24.3;11.1
62;2021-04-29;4786;5871;357452;167603;24.6;11.5
62;2021-04-30;5211;5704;362663;173307;25.0;11.9
62;2021-05-01;5731;3462;368394;176769;25.4;12.2
62;2021-05-02;7819;3132;376213;179901;25.9;12.4
62;2021-05-03;4500;2302;380713;182203;26.2;12.5
62;2021-05-04;5393;4967;386106;187170;26.6;12.9
62;2021-05-05;4729;4837;390835;192007;26.9;13.2
62;2021-05-06;5623;4920;396458;196927;27.3;13.6
62;2021-05-07;7680;4656;404138;201583;27.8;13.9
62;2021-05-08;10642;2290;414780;203873;28.6;14.0
62;2021-05-09;8625;1631;423405;205504;29.1;14.1
62;2021-05-10;4870;4013;428275;209517;29.5;14.4
62;2021-05-11;6407;5028;434682;214545;29.9;14.8
62;2021-05-12;8621;4602;443303;219147;30.5;15.1
62;2021-05-13;9994;1476;453297;220623;31.2;15.2
62;2021-05-14;11876;3386;465173;224009;32.0;15.4
62;2021-05-15;19781;3257;484954;227266;33.4;15.6
62;2021-05-16;16394;1397;501348;228663;34.5;15.7
62;2021-05-17;8181;2656;509529;231319;35.1;15.9
62;2021-05-18;9323;3121;518852;234440;35.7;16.1
62;2021-05-19;8616;2913;527468;237353;36.3;16.3
62;2021-05-20;8340;3841;535808;241194;36.9;16.6
62;2021-05-21;9398;4209;545206;245403;37.5;16.9
62;2021-05-22;17869;3511;563075;248914;38.8;17.1
62;2021-05-23;12377;1135;575452;250049;39.6;17.2
62;2021-05-24;3910;586;579362;250635;39.9;17.3
62;2021-05-25;7219;4084;586581;254719;40.4;17.5
62;2021-05-26;6773;4906;593354;259625;40.8;17.9
62;2021-05-27;6383;5684;599737;265309;41.3;18.3
62;2021-05-28;6519;6763;606256;272072;41.7;18.7
62;2021-05-29;10851;5539;617107;277611;42.5;19.1
62;2021-05-30;4038;980;621145;278591;42.8;19.2
62;2021-05-31;4793;3972;625938;282563;43.1;19.4
62;2021-06-01;6520;6526;632458;289089;43.5;19.9
62;2021-06-02;7424;5805;639882;294894;44.0;20.3
62;2021-06-03;7854;5889;647736;300783;44.6;20.7
62;2021-06-04;7902;6245;655638;307028;45.1;21.1
62;2021-06-05;8273;6232;663911;313260;45.7;21.6
62;2021-06-06;3124;1286;667035;314546;45.9;21.7
62;2021-06-07;4612;3759;671647;318305;46.2;21.9
62;2021-06-08;6204;5892;677851;324197;46.7;22.3
62;2021-06-09;5487;4759;683338;328956;47.0;22.6
62;2021-06-10;5204;5879;688542;334835;47.4;23.0
62;2021-06-11;6213;8872;694755;343707;47.8;23.7
62;2021-06-12;5932;8647;700687;352354;48.2;24.3
62;2021-06-13;3225;3788;703912;356142;48.5;24.5
62;2021-06-14;2607;6772;706519;362914;48.6;25.0
62;2021-06-15;4671;8538;711190;371452;49.0;25.6
62;2021-06-16;5076;7422;716266;378874;49.3;26.1
62;2021-06-17;5226;8040;721492;386914;49.7;26.6
62;2021-06-18;4811;10486;726303;397400;50.0;27.4
62;2021-06-19;5796;13440;732099;410840;50.4;28.3
62;2021-06-20;2100;4372;734199;415212;50.5;28.6
62;2021-06-21;2968;8929;737167;424141;50.7;29.2
62;2021-06-22;3421;10171;740588;434312;51.0;29.9
62;2021-06-23;3382;10325;743970;444637;51.2;30.6
62;2021-06-24;3332;11787;747302;456424;51.4;31.4
62;2021-06-25;3696;15769;750998;472193;51.7;32.5
62;2021-06-26;3540;18428;754538;490621;51.9;33.8
62;2021-06-27;1120;9821;755658;500442;52.0;34.4
62;2021-06-28;1914;8871;757572;509313;52.1;35.1
62;2021-06-29;2957;11452;760529;520765;52.3;35.8
62;2021-06-30;4125;10803;764654;531568;52.6;36.6
62;2021-07-01;4454;10472;769108;542040;52.9;37.3
62;2021-07-02;4129;11970;773237;554010;53.2;38.1
62;2021-07-03;2988;18065;776225;572075;53.4;39.4
62;2021-07-04;1438;9190;777663;581265;53.5;40.0
62;2021-07-05;2404;6928;780067;588193;53.7;40.5
62;2021-07-06;3802;10030;783869;598223;54.0;41.2
62;2021-07-07;3904;8928;787773;607151;54.2;41.8
62;2021-07-08;5234;9114;793007;616265;54.6;42.4
62;2021-07-09;4392;10860;797399;627125;54.9;43.2
62;2021-07-10;4916;11880;802315;639005;55.2;44.0
62;2021-07-11;1329;2086;803644;641091;55.3;44.1
62;2021-07-12;2304;7141;805948;648232;55.5;44.6
62;2021-07-13;5038;12161;810986;660393;55.8;45.5
62;2021-07-14;3603;3154;814589;663547;56.1;45.7
62;2021-07-15;7510;11519;822099;675066;56.6;46.5
62;2021-07-16;7562;11050;829661;686116;57.1;47.2
62;2021-07-17;9613;10258;839274;696374;57.8;47.9
62;2021-07-18;2696;3459;841970;699833;58.0;48.2
62;2021-07-19;5969;7016;847939;706849;58.4;48.7
62;2021-07-20;7886;10711;855825;717560;58.9;49.4
62;2021-07-21;9681;9388;865506;726948;59.6;50.0
62;2021-07-22;9708;8987;875214;735935;60.2;50.7
62;2021-07-23;10573;8393;885787;744328;61.0;51.2
62;2021-07-24;9613;10266;895400;754594;61.6;51.9
62;2021-07-25;5518;1835;900918;756429;62.0;52.1
62;2021-07-26;6196;5372;907114;761801;62.4;52.4
62;2021-07-27;9703;8111;916817;769912;63.1;53.0
62;2021-07-28;10267;7454;927084;777366;63.8;53.5
62;2021-07-29;11829;7582;938913;784948;64.6;54.0
62;2021-07-30;8972;6240;947885;791188;65.2;54.5
62;2021-07-31;6569;3975;954454;795163;65.7;54.7
62;2021-08-01;2320;1086;956774;796249;65.9;54.8
62;2021-08-02;6687;4697;963461;800946;66.3;55.1
63;2020-12-27;0;0;0;0;0.0;0.0
63;2020-12-28;1;0;1;0;0.0;0.0
63;2020-12-29;0;0;1;0;0.0;0.0
63;2020-12-30;0;0;1;0;0.0;0.0
63;2020-12-31;0;0;1;0;0.0;0.0
63;2021-01-01;1;0;2;0;0.0;0.0
63;2021-01-02;0;0;2;0;0.0;0.0
63;2021-01-03;1;0;3;0;0.0;0.0
63;2021-01-04;0;0;3;0;0.0;0.0
63;2021-01-05;1;0;4;0;0.0;0.0
63;2021-01-06;4;1;8;1;0.0;0.0
63;2021-01-07;300;0;308;1;0.0;0.0
63;2021-01-08;207;0;515;1;0.1;0.0
63;2021-01-09;91;0;606;1;0.1;0.0
63;2021-01-10;81;0;687;1;0.1;0.0
63;2021-01-11;423;0;1110;1;0.2;0.0
63;2021-01-12;641;1;1751;2;0.3;0.0
63;2021-01-13;848;3;2599;5;0.4;0.0
63;2021-01-14;521;8;3120;13;0.5;0.0
63;2021-01-15;429;2;3549;15;0.5;0.0
63;2021-01-16;157;0;3706;15;0.6;0.0
63;2021-01-17;132;0;3838;15;0.6;0.0
63;2021-01-18;605;2;4443;17;0.7;0.0
63;2021-01-19;858;1;5301;18;0.8;0.0
63;2021-01-20;1042;1;6343;19;1.0;0.0
63;2021-01-21;1000;3;7343;22;1.1;0.0
63;2021-01-22;968;3;8311;25;1.3;0.0
63;2021-01-23;190;0;8501;25;1.3;0.0
63;2021-01-24;162;1;8663;26;1.3;0.0
63;2021-01-25;793;1;9456;27;1.4;0.0
63;2021-01-26;961;2;10417;29;1.6;0.0
63;2021-01-27;999;5;11416;34;1.7;0.0
63;2021-01-28;1310;67;12726;101;1.9;0.0
63;2021-01-29;1064;66;13790;167;2.1;0.0
63;2021-01-30;68;0;13858;167;2.1;0.0
63;2021-01-31;6;0;13864;167;2.1;0.0
63;2021-02-01;563;182;14427;349;2.2;0.1
63;2021-02-02;878;234;15305;583;2.3;0.1
63;2021-02-03;1468;282;16773;865;2.5;0.1
63;2021-02-04;2116;513;18889;1378;2.9;0.2
63;2021-02-05;1145;271;20034;1649;3.0;0.2
63;2021-02-06;118;0;20152;1649;3.1;0.2
63;2021-02-07;9;1;20161;1650;3.1;0.2
63;2021-02-08;533;408;20694;2058;3.1;0.3
63;2021-02-09;669;437;21363;2495;3.2;0.4
63;2021-02-10;606;600;21969;3095;3.3;0.5
63;2021-02-11;749;467;22718;3562;3.4;0.5
63;2021-02-12;823;810;23541;4372;3.6;0.7
63;2021-02-13;82;1;23623;4373;3.6;0.7
63;2021-02-14;0;65;23623;4438;3.6;0.7
63;2021-02-15;204;792;23827;5230;3.6;0.8
63;2021-02-16;412;1138;24239;6368;3.7;1.0
63;2021-02-17;347;876;24586;7244;3.7;1.1
63;2021-02-18;595;825;25181;8069;3.8;1.2
63;2021-02-19;447;976;25628;9045;3.9;1.4
63;2021-02-20;36;32;25664;9077;3.9;1.4
63;2021-02-21;2;17;25666;9094;3.9;1.4
63;2021-02-22;293;933;25959;10027;3.9;1.5
63;2021-02-23;575;1142;26534;11169;4.0;1.7
63;2021-02-24;697;1427;27231;12596;4.1;1.9
63;2021-02-25;1585;1674;28816;14270;4.4;2.2
63;2021-02-26;1623;1367;30439;15637;4.6;2.4
63;2021-02-27;642;66;31081;15703;4.7;2.4
63;2021-02-28;4;178;31085;15881;4.7;2.4
63;2021-03-01;583;521;31668;16402;4.8;2.5
63;2021-03-02;901;797;32569;17199;4.9;2.6
63;2021-03-03;1034;723;33603;17922;5.1;2.7
63;2021-03-04;1752;494;35355;18416;5.4;2.8
63;2021-03-05;2612;687;37967;19103;5.8;2.9
63;2021-03-06;1550;42;39517;19145;6.0;2.9
63;2021-03-07;511;16;40028;19161;6.1;2.9
63;2021-03-08;966;648;40994;19809;6.2;3.0
63;2021-03-09;1537;1066;42531;20875;6.4;3.2
63;2021-03-10;1647;611;44178;21486;6.7;3.3
63;2021-03-11;3050;887;47228;22373;7.2;3.4
63;2021-03-12;3511;378;50739;22751;7.7;3.4
63;2021-03-13;2049;79;52788;22830;8.0;3.5
63;2021-03-14;61;21;52849;22851;8.0;3.5
63;2021-03-15;1742;363;54591;23214;8.3;3.5
63;2021-03-16;1742;413;56333;23627;8.5;3.6
63;2021-03-17;1636;677;57969;24304;8.8;3.7
63;2021-03-18;1933;740;59902;25044;9.1;3.8
63;2021-03-19;2737;491;62639;25535;9.5;3.9
63;2021-03-20;1121;66;63760;25601;9.7;3.9
63;2021-03-21;50;45;63810;25646;9.7;3.9
63;2021-03-22;1982;256;65792;25902;10.0;3.9
63;2021-03-23;2878;362;68670;26264;10.4;4.0
63;2021-03-24;3216;336;71886;26600;10.9;4.0
63;2021-03-25;4588;379;76474;26979;11.6;4.1
63;2021-03-26;4689;556;81163;27535;12.3;4.2
63;2021-03-27;2454;225;83617;27760;12.7;4.2
63;2021-03-28;1047;82;84664;27842;12.8;4.2
63;2021-03-29;2480;512;87144;28354;13.2;4.3
63;2021-03-30;3278;625;90422;28979;13.7;4.4
63;2021-03-31;2964;747;93386;29726;14.1;4.5
63;2021-04-01;3834;528;97220;30254;14.7;4.6
63;2021-04-02;3481;707;100701;30961;15.3;4.7
63;2021-04-03;1171;182;101872;31143;15.4;4.7
63;2021-04-04;877;27;102749;31170;15.6;4.7
63;2021-04-05;803;86;103552;31256;15.7;4.7
63;2021-04-06;2465;930;106017;32186;16.1;4.9
63;2021-04-07;3207;865;109224;33051;16.5;5.0
63;2021-04-08;4720;1209;113944;34260;17.3;5.2
63;2021-04-09;5312;988;119256;35248;18.1;5.3
63;2021-04-10;2221;472;121477;35720;18.4;5.4
63;2021-04-11;834;37;122311;35757;18.5;5.4
63;2021-04-12;1621;1314;123932;37071;18.8;5.6
63;2021-04-13;1984;1967;125916;39038;19.1;5.9
63;2021-04-14;2628;1433;128544;40471;19.5;6.1
63;2021-04-15;3786;1523;132330;41994;20.0;6.4
63;2021-04-16;2839;2152;135169;44146;20.5;6.7
63;2021-04-17;1233;672;136402;44818;20.7;6.8
63;2021-04-18;802;60;137204;44878;20.8;6.8
63;2021-04-19;1654;2108;138858;46986;21.0;7.1
63;2021-04-20;1699;2300;140557;49286;21.3;7.5
63;2021-04-21;1514;2407;142071;51693;21.5;7.8
63;2021-04-22;1913;2267;143984;53960;21.8;8.2
63;2021-04-23;2017;3108;146001;57068;22.1;8.6
63;2021-04-24;1192;1129;147193;58197;22.3;8.8
63;2021-04-25;553;413;147746;58610;22.4;8.9
63;2021-04-26;1438;2242;149184;60852;22.6;9.2
63;2021-04-27;2309;2600;151493;63452;22.9;9.6
63;2021-04-28;2331;3157;153824;66609;23.3;10.1
63;2021-04-29;2866;2835;156690;69444;23.7;10.5
63;2021-04-30;2863;2815;159553;72259;24.2;10.9
63;2021-05-01;1127;1050;160680;73309;24.3;11.1
63;2021-05-02;897;641;161577;73950;24.5;11.2
63;2021-05-03;2686;2247;164263;76197;24.9;11.5
63;2021-05-04;2877;2677;167140;78874;25.3;11.9
63;2021-05-05;2937;3120;170077;81994;25.8;12.4
63;2021-05-06;3668;3054;173745;85048;26.3;12.9
63;2021-05-07;4031;3541;177776;88589;26.9;13.4
63;2021-05-08;1997;649;179773;89238;27.2;13.5
63;2021-05-09;1802;607;181575;89845;27.5;13.6
63;2021-05-10;4198;2762;185773;92607;28.1;14.0
63;2021-05-11;5337;2756;191110;95363;28.9;14.4
63;2021-05-12;5263;2897;196373;98260;29.7;14.9
63;2021-05-13;4130;696;200503;98956;30.4;15.0
63;2021-05-14;4770;1508;205273;100464;31.1;15.2
63;2021-05-15;3718;984;208991;101448;31.7;15.4
63;2021-05-16;3517;445;212508;101893;32.2;15.4
63;2021-05-17;3894;1986;216402;103879;32.8;15.7
63;2021-05-18;5116;1616;221518;105495;33.6;16.0
63;2021-05-19;5217;1619;226735;107114;34.3;16.2
63;2021-05-20;6791;2077;233526;109191;35.4;16.5
63;2021-05-21;6252;2322;239778;111513;36.3;16.9
63;2021-05-22;3350;845;243128;112358;36.8;17.0
63;2021-05-23;2382;245;245510;112603;37.2;17.1
63;2021-05-24;2636;580;248146;113183;37.6;17.1
63;2021-05-25;4265;2633;252411;115816;38.2;17.5
63;2021-05-26;5443;2405;257854;118221;39.1;17.9
63;2021-05-27;6491;2797;264345;121018;40.0;18.3
63;2021-05-28;5417;3893;269762;124911;40.9;18.9
63;2021-05-29;3359;1504;273121;126415;41.4;19.1
63;2021-05-30;1579;217;274700;126632;41.6;19.2
63;2021-05-31;4144;2278;278844;128910;42.2;19.5
63;2021-06-01;3797;2952;282641;131862;42.8;20.0
63;2021-06-02;3881;2519;286522;134381;43.4;20.4
63;2021-06-03;4896;3145;291418;137526;44.1;20.8
63;2021-06-04;5095;3623;296513;141149;44.9;21.4
63;2021-06-05;2807;1742;299320;142891;45.3;21.6
63;2021-06-06;1307;697;300627;143588;45.5;21.7
63;2021-06-07;3162;2516;303789;146104;46.0;22.1
63;2021-06-08;2875;2755;306664;148859;46.4;22.5
63;2021-06-09;3019;2275;309683;151134;46.9;22.9
63;2021-06-10;3212;2689;312895;153823;47.4;23.3
63;2021-06-11;3096;4048;315991;157871;47.9;23.9
63;2021-06-12;1634;1969;317625;159840;48.1;24.2
63;2021-06-13;477;1096;318102;160936;48.2;24.4
63;2021-06-14;1823;3475;319925;164411;48.5;24.9
63;2021-06-15;2202;3476;322127;167887;48.8;25.4
63;2021-06-16;2564;3313;324691;171200;49.2;25.9
63;2021-06-17;2385;4302;327076;175502;49.5;26.6
63;2021-06-18;2465;5827;329541;181329;49.9;27.5
63;2021-06-19;1620;2830;331161;184159;50.2;27.9
63;2021-06-20;664;2440;331825;186599;50.3;28.3
63;2021-06-21;1270;5389;333095;191988;50.5;29.1
63;2021-06-22;1228;5537;334323;197525;50.6;29.9
63;2021-06-23;1525;4759;335848;202284;50.9;30.6
63;2021-06-24;1916;5384;337764;207668;51.2;31.5
63;2021-06-25;1733;5900;339497;213568;51.4;32.3
63;2021-06-26;1069;3351;340566;216919;51.6;32.9
63;2021-06-27;706;3486;341272;220405;51.7;33.4
63;2021-06-28;1135;5662;342407;226067;51.9;34.2
63;2021-06-29;1225;5161;343632;231228;52.0;35.0
63;2021-06-30;1585;5288;345217;236516;52.3;35.8
63;2021-07-01;1904;8067;347121;244583;52.6;37.0
63;2021-07-02;2034;6540;349155;251123;52.9;38.0
63;2021-07-03;948;2928;350103;254051;53.0;38.5
63;2021-07-04;1016;1882;351119;255933;53.2;38.8
63;2021-07-05;1504;6282;352623;262215;53.4;39.7
63;2021-07-06;1583;4801;354206;267016;53.6;40.4
63;2021-07-07;1956;4084;356162;271100;53.9;41.1
63;2021-07-08;2192;4587;358354;275687;54.3;41.8
63;2021-07-09;1904;5725;360258;281412;54.6;42.6
63;2021-07-10;1521;3408;361779;284820;54.8;43.1
63;2021-07-11;896;1531;362675;286351;54.9;43.4
63;2021-07-12;1571;8712;364246;295063;55.2;44.7
63;2021-07-13;3566;6137;367812;301200;55.7;45.6
63;2021-07-14;3589;1786;371401;302986;56.3;45.9
63;2021-07-15;4358;5028;375759;308014;56.9;46.7
63;2021-07-16;4645;5776;380404;313790;57.6;47.5
63;2021-07-17;2986;2464;383390;316254;58.1;47.9
63;2021-07-18;2800;1088;386190;317342;58.5;48.1
63;2021-07-19;3952;4839;390142;322181;59.1;48.8
63;2021-07-20;4677;5443;394819;327624;59.8;49.6
63;2021-07-21;4747;3972;399566;331596;60.5;50.2
63;2021-07-22;5472;4378;405038;335974;61.3;50.9
63;2021-07-23;5114;4640;410152;340614;62.1;51.6
63;2021-07-24;3590;1941;413742;342555;62.7;51.9
63;2021-07-25;2982;1418;416724;343973;63.1;52.1
63;2021-07-26;3922;3210;420646;347183;63.7;52.6
63;2021-07-27;3769;3117;424415;350300;64.3;53.1
63;2021-07-28;3768;2703;428183;353003;64.9;53.5
63;2021-07-29;4359;3140;432542;356143;65.5;53.9
63;2021-07-30;3781;3554;436323;359697;66.1;54.5
63;2021-07-31;2039;1691;438362;361388;66.4;54.7
63;2021-08-01;1189;821;439551;362209;66.6;54.9
63;2021-08-02;2177;3060;441728;365269;66.9;55.3
64;2020-12-27;0;0;0;0;0.0;0.0
64;2020-12-28;2;0;2;0;0.0;0.0
64;2020-12-29;0;0;2;0;0.0;0.0
64;2020-12-30;0;0;2;0;0.0;0.0
64;2020-12-31;0;0;2;0;0.0;0.0
64;2021-01-01;0;0;2;0;0.0;0.0
64;2021-01-02;0;0;2;0;0.0;0.0
64;2021-01-03;0;0;2;0;0.0;0.0
64;2021-01-04;29;0;31;0;0.0;0.0
64;2021-01-05;25;0;56;0;0.0;0.0
64;2021-01-06;187;1;243;1;0.0;0.0
64;2021-01-07;839;0;1082;1;0.2;0.0
64;2021-01-08;879;2;1961;3;0.3;0.0
64;2021-01-09;54;0;2015;3;0.3;0.0
64;2021-01-10;0;0;2015;3;0.3;0.0
64;2021-01-11;538;0;2553;3;0.4;0.0
64;2021-01-12;759;2;3312;5;0.5;0.0
64;2021-01-13;865;2;4177;7;0.6;0.0
64;2021-01-14;1045;3;5222;10;0.8;0.0
64;2021-01-15;928;5;6150;15;0.9;0.0
64;2021-01-16;68;0;6218;15;0.9;0.0
64;2021-01-17;5;0;6223;15;0.9;0.0
64;2021-01-18;942;8;7165;23;1.0;0.0
64;2021-01-19;1441;4;8606;27;1.3;0.0
64;2021-01-20;1617;2;10223;29;1.5;0.0
64;2021-01-21;2602;1;12825;30;1.9;0.0
64;2021-01-22;1647;3;14472;33;2.1;0.0
64;2021-01-23;524;1;14996;34;2.2;0.0
64;2021-01-24;88;0;15084;34;2.2;0.0
64;2021-01-25;968;8;16052;42;2.3;0.0
64;2021-01-26;1354;21;17406;63;2.5;0.0
64;2021-01-27;1240;120;18646;183;2.7;0.0
64;2021-01-28;1648;633;20294;816;3.0;0.1
64;2021-01-29;972;653;21266;1469;3.1;0.2
64;2021-01-30;467;59;21733;1528;3.2;0.2
64;2021-01-31;91;0;21824;1528;3.2;0.2
64;2021-02-01;673;312;22497;1840;3.3;0.3
64;2021-02-02;1131;556;23628;2396;3.5;0.4
64;2021-02-03;1040;630;24668;3026;3.6;0.4
64;2021-02-04;1027;535;25695;3561;3.8;0.5
64;2021-02-05;866;456;26561;4017;3.9;0.6
64;2021-02-06;499;35;27060;4052;4.0;0.6
64;2021-02-07;131;4;27191;4056;4.0;0.6
64;2021-02-08;767;311;27958;4367;4.1;0.6
64;2021-02-09;947;713;28905;5080;4.2;0.7
64;2021-02-10;911;804;29816;5884;4.4;0.9
64;2021-02-11;1199;1480;31015;7364;4.5;1.1
64;2021-02-12;1075;1067;32090;8431;4.7;1.2
64;2021-02-13;225;321;32315;8752;4.7;1.3
64;2021-02-14;36;49;32351;8801;4.7;1.3
64;2021-02-15;221;1128;32572;9929;4.8;1.5
64;2021-02-16;258;1407;32830;11336;4.8;1.7
64;2021-02-17;289;1254;33119;12590;4.8;1.8
64;2021-02-18;506;1718;33625;14308;4.9;2.1
64;2021-02-19;415;1291;34040;15599;5.0;2.3
64;2021-02-20;119;438;34159;16037;5.0;2.3
64;2021-02-21;20;83;34179;16120;5.0;2.4
64;2021-02-22;475;987;34654;17107;5.1;2.5
64;2021-02-23;715;1144;35369;18251;5.2;2.7
64;2021-02-24;730;1016;36099;19267;5.3;2.8
64;2021-02-25;1092;955;37191;20222;5.4;3.0
64;2021-02-26;1214;915;38405;21137;5.6;3.1
64;2021-02-27;864;405;39269;21542;5.7;3.2
64;2021-02-28;41;85;39310;21627;5.8;3.2
64;2021-03-01;763;799;40073;22426;5.9;3.3
64;2021-03-02;1078;916;41151;23342;6.0;3.4
64;2021-03-03;1245;1003;42396;24345;6.2;3.6
64;2021-03-04;1878;1184;44274;25529;6.5;3.7
64;2021-03-05;2192;1068;46466;26597;6.8;3.9
64;2021-03-06;1542;519;48008;27116;7.0;4.0
64;2021-03-07;594;110;48602;27226;7.1;4.0
64;2021-03-08;1533;765;50135;27991;7.3;4.1
64;2021-03-09;2062;848;52197;28839;7.6;4.2
64;2021-03-10;2078;759;54275;29598;7.9;4.3
64;2021-03-11;2969;1072;57244;30670;8.4;4.5
64;2021-03-12;3483;586;60727;31256;8.9;4.6
64;2021-03-13;2254;167;62981;31423;9.2;4.6
64;2021-03-14;231;15;63212;31438;9.3;4.6
64;2021-03-15;2331;227;65543;31665;9.6;4.6
64;2021-03-16;1984;263;67527;31928;9.9;4.7
64;2021-03-17;2064;232;69591;32160;10.2;4.7
64;2021-03-18;2459;201;72050;32361;10.5;4.7
64;2021-03-19;3008;281;75058;32642;11.0;4.8
64;2021-03-20;2463;86;77521;32728;11.3;4.8
64;2021-03-21;1275;24;78796;32752;11.5;4.8
64;2021-03-22;2586;551;81382;33303;11.9;4.9
64;2021-03-23;3196;652;84578;33955;12.4;5.0
64;2021-03-24;3562;697;88140;34652;12.9;5.1
64;2021-03-25;4348;803;92488;35455;13.5;5.2
64;2021-03-26;4417;696;96905;36151;14.2;5.3
64;2021-03-27;2969;423;99874;36574;14.6;5.4
64;2021-03-28;521;54;100395;36628;14.7;5.4
64;2021-03-29;3023;878;103418;37506;15.1;5.5
64;2021-03-30;4132;865;107550;38371;15.7;5.6
64;2021-03-31;3582;779;111132;39150;16.3;5.7
64;2021-04-01;4765;928;115897;40078;17.0;5.9
64;2021-04-02;4437;737;120334;40815;17.6;6.0
64;2021-04-03;2057;581;122391;41396;17.9;6.1
64;2021-04-04;304;49;122695;41445;18.0;6.1
64;2021-04-05;1686;138;124381;41583;18.2;6.1
64;2021-04-06;3653;1385;128034;42968;18.7;6.3
64;2021-04-07;3943;1507;131977;44475;19.3;6.5
64;2021-04-08;5185;1592;137162;46067;20.1;6.7
64;2021-04-09;5883;1619;143045;47686;20.9;7.0
64;2021-04-10;3219;1044;146264;48730;21.4;7.1
64;2021-04-11;442;252;146706;48982;21.5;7.2
64;2021-04-12;4039;1852;150745;50834;22.1;7.4
64;2021-04-13;4458;2154;155203;52988;22.7;7.8
64;2021-04-14;4084;2131;159287;55119;23.3;8.1
64;2021-04-15;4393;2291;163680;57410;24.0;8.4
64;2021-04-16;4286;2255;167966;59665;24.6;8.7
64;2021-04-17;2478;1497;170444;61162;24.9;9.0
64;2021-04-18;1096;1182;171540;62344;25.1;9.1
64;2021-04-19;2729;2443;174269;64787;25.5;9.5
64;2021-04-20;3207;2422;177476;67209;26.0;9.8
64;2021-04-21;3215;2561;180691;69770;26.4;10.2
64;2021-04-22;3385;2772;184076;72542;26.9;10.6
64;2021-04-23;3429;2593;187505;75135;27.4;11.0
64;2021-04-24;2067;1586;189572;76721;27.7;11.2
64;2021-04-25;290;238;189862;76959;27.8;11.3
64;2021-04-26;2657;2650;192519;79609;28.2;11.7
64;2021-04-27;3058;3130;195577;82739;28.6;12.1
64;2021-04-28;3600;3059;199177;85798;29.2;12.6
64;2021-04-29;4646;3445;203823;89243;29.8;13.1
64;2021-04-30;4068;3609;207891;92852;30.4;13.6
64;2021-05-01;1480;1029;209371;93881;30.6;13.7
64;2021-05-02;445;327;209816;94208;30.7;13.8
64;2021-05-03;2909;3490;212725;97698;31.1;14.3
64;2021-05-04;3642;3983;216367;101681;31.7;14.9
64;2021-05-05;3358;4016;219725;105697;32.2;15.5
64;2021-05-06;4111;3983;223836;109680;32.8;16.1
64;2021-05-07;3917;4188;227753;113868;33.3;16.7
64;2021-05-08;2618;1233;230371;115101;33.7;16.8
64;2021-05-09;719;306;231090;115407;33.8;16.9
64;2021-05-10;2861;4233;233951;119640;34.2;17.5
64;2021-05-11;4182;4151;238133;123791;34.9;18.1
64;2021-05-12;4484;3941;242617;127732;35.5;18.7
64;2021-05-13;3198;883;245815;128615;36.0;18.8
64;2021-05-14;5136;3146;250951;131761;36.7;19.3
64;2021-05-15;3524;1866;254475;133627;37.2;19.6
64;2021-05-16;498;225;254973;133852;37.3;19.6
64;2021-05-17;4190;2376;259163;136228;37.9;19.9
64;2021-05-18;5163;2301;264326;138529;38.7;20.3
64;2021-05-19;4977;2159;269303;140688;39.4;20.6
64;2021-05-20;5560;2154;274863;142842;40.2;20.9
64;2021-05-21;5264;2243;280127;145085;41.0;21.2
64;2021-05-22;3577;1507;283704;146592;41.5;21.5
64;2021-05-23;431;207;284135;146799;41.6;21.5
64;2021-05-24;2995;1233;287130;148032;42.0;21.7
64;2021-05-25;4329;2843;291459;150875;42.7;22.1
64;2021-05-26;4348;2714;295807;153589;43.3;22.5
64;2021-05-27;5284;3152;301091;156741;44.1;22.9
64;2021-05-28;4608;3431;305699;160172;44.7;23.4
64;2021-05-29;2806;2115;308505;162287;45.2;23.8
64;2021-05-30;436;204;308941;162491;45.2;23.8
64;2021-05-31;3892;3663;312833;166154;45.8;24.3
64;2021-06-01;5331;3560;318164;169714;46.6;24.8
64;2021-06-02;4940;3171;323104;172885;47.3;25.3
64;2021-06-03;6362;3260;329466;176145;48.2;25.8
64;2021-06-04;5141;4549;334607;180694;49.0;26.4
64;2021-06-05;3483;2522;338090;183216;49.5;26.8
64;2021-06-06;2013;328;340103;183544;49.8;26.9
64;2021-06-07;4123;4322;344226;187866;50.4;27.5
64;2021-06-08;5152;4123;349378;191989;51.1;28.1
64;2021-06-09;5147;3650;354525;195639;51.9;28.6
64;2021-06-10;6171;3136;360696;198775;52.8;29.1
64;2021-06-11;5581;4865;366277;203640;53.6;29.8
64;2021-06-12;3944;2324;370221;205964;54.2;30.1
64;2021-06-13;1554;390;371775;206354;54.4;30.2
64;2021-06-14;3670;4785;375445;211139;55.0;30.9
64;2021-06-15;4574;4705;380019;215844;55.6;31.6
64;2021-06-16;4468;4653;384487;220497;56.3;32.3
64;2021-06-17;3637;4299;388124;224796;56.8;32.9
64;2021-06-18;4421;5169;392545;229965;57.5;33.7
64;2021-06-19;2976;3275;395521;233240;57.9;34.1
64;2021-06-20;877;536;396398;233776;58.0;34.2
64;2021-06-21;2309;5126;398707;238902;58.4;35.0
64;2021-06-22;2550;5729;401257;244631;58.7;35.8
64;2021-06-23;3101;5473;404358;250104;59.2;36.6
64;2021-06-24;2714;3804;407072;253908;59.6;37.2
64;2021-06-25;2898;6431;409970;260339;60.0;38.1
64;2021-06-26;1795;3835;411765;264174;60.3;38.7
64;2021-06-27;492;712;412257;264886;60.3;38.8
64;2021-06-28;1924;6060;414181;270946;60.6;39.7
64;2021-06-29;1939;6263;416120;277209;60.9;40.6
64;2021-06-30;2240;6005;418360;283214;61.2;41.5
64;2021-07-01;2392;5337;420752;288551;61.6;42.2
64;2021-07-02;2293;6400;423045;294951;61.9;43.2
64;2021-07-03;1254;3781;424299;298732;62.1;43.7
64;2021-07-04;407;846;424706;299578;62.2;43.9
64;2021-07-05;1366;5408;426072;304986;62.4;44.6
64;2021-07-06;1979;6154;428051;311140;62.7;45.5
64;2021-07-07;2049;5748;430100;316888;63.0;46.4
64;2021-07-08;1773;4389;431873;321277;63.2;47.0
64;2021-07-09;1810;6532;433683;327809;63.5;48.0
64;2021-07-10;1166;3879;434849;331688;63.7;48.6
64;2021-07-11;251;859;435100;332547;63.7;48.7
64;2021-07-12;1489;6092;436589;338639;63.9;49.6
64;2021-07-13;2327;7247;438916;345886;64.2;50.6
64;2021-07-14;2347;3383;441263;349269;64.6;51.1
64;2021-07-15;2066;5477;443329;354746;64.9;51.9
64;2021-07-16;2813;6770;446142;361516;65.3;52.9
64;2021-07-17;2322;4581;448464;366097;65.6;53.6
64;2021-07-18;703;2049;449167;368146;65.7;53.9
64;2021-07-19;2315;6118;451482;374264;66.1;54.8
64;2021-07-20;3105;6548;454587;380812;66.5;55.7
64;2021-07-21;3309;6039;457896;386851;67.0;56.6
64;2021-07-22;3787;5710;461683;392561;67.6;57.5
64;2021-07-23;3709;5597;465392;398158;68.1;58.3
64;2021-07-24;2529;4419;467921;402577;68.5;58.9
64;2021-07-25;750;1056;468671;403633;68.6;59.1
64;2021-07-26;3062;5114;471733;408747;69.1;59.8
64;2021-07-27;4215;5127;475948;413874;69.7;60.6
64;2021-07-28;4270;4575;480218;418449;70.3;61.3
64;2021-07-29;5478;3868;485696;422317;71.1;61.8
64;2021-07-30;5048;4187;490744;426504;71.8;62.4
64;2021-07-31;3140;3325;493884;429829;72.3;62.9
64;2021-08-01;1135;572;495019;430401;72.5;63.0
64;2021-08-02;4314;2616;499333;433017;73.1;63.4
65;2020-12-27;0;0;0;0;0.0;0.0
65;2020-12-28;0;0;0;0;0.0;0.0
65;2020-12-29;0;0;0;0;0.0;0.0
65;2020-12-30;0;0;0;0;0.0;0.0
65;2020-12-31;0;0;0;0;0.0;0.0
65;2021-01-01;0;0;0;0;0.0;0.0
65;2021-01-02;0;0;0;0;0.0;0.0
65;2021-01-03;0;0;0;0;0.0;0.0
65;2021-01-04;0;0;0;0;0.0;0.0
65;2021-01-05;1;0;1;0;0.0;0.0
65;2021-01-06;3;0;4;0;0.0;0.0
65;2021-01-07;167;0;171;0;0.1;0.0
65;2021-01-08;253;1;424;1;0.2;0.0
65;2021-01-09;175;1;599;2;0.3;0.0
65;2021-01-10;1;0;600;2;0.3;0.0
65;2021-01-11;275;3;875;5;0.4;0.0
65;2021-01-12;270;1;1145;6;0.5;0.0
65;2021-01-13;586;1;1731;7;0.8;0.0
65;2021-01-14;577;5;2308;12;1.0;0.0
65;2021-01-15;527;2;2835;14;1.2;0.0
65;2021-01-16;221;2;3056;16;1.3;0.0
65;2021-01-17;1;0;3057;16;1.3;0.0
65;2021-01-18;549;5;3606;21;1.6;0.0
65;2021-01-19;570;2;4176;23;1.8;0.0
65;2021-01-20;582;3;4758;26;2.1;0.0
65;2021-01-21;584;0;5342;26;2.4;0.0
65;2021-01-22;596;0;5938;26;2.6;0.0
65;2021-01-23;174;1;6112;27;2.7;0.0
65;2021-01-24;3;1;6115;28;2.7;0.0
65;2021-01-25;550;3;6665;31;2.9;0.0
65;2021-01-26;879;2;7544;33;3.3;0.0
65;2021-01-27;587;12;8131;45;3.6;0.0
65;2021-01-28;503;71;8634;116;3.8;0.1
65;2021-01-29;426;138;9060;254;4.0;0.1
65;2021-01-30;183;74;9243;328;4.1;0.1
65;2021-01-31;15;0;9258;328;4.1;0.1
65;2021-02-01;320;90;9578;418;4.2;0.2
65;2021-02-02;418;195;9996;613;4.4;0.3
65;2021-02-03;463;245;10459;858;4.6;0.4
65;2021-02-04;307;333;10766;1191;4.7;0.5
65;2021-02-05;282;362;11048;1553;4.9;0.7
65;2021-02-06;99;103;11147;1656;4.9;0.7
65;2021-02-07;10;0;11157;1656;4.9;0.7
65;2021-02-08;424;222;11581;1878;5.1;0.8
65;2021-02-09;271;379;11852;2257;5.2;1.0
65;2021-02-10;296;272;12148;2529;5.4;1.1
65;2021-02-11;320;273;12468;2802;5.5;1.2
65;2021-02-12;276;232;12744;3034;5.6;1.3
65;2021-02-13;124;97;12868;3131;5.7;1.4
65;2021-02-14;2;16;12870;3147;5.7;1.4
65;2021-02-15;202;415;13072;3562;5.8;1.6
65;2021-02-16;488;582;13560;4144;6.0;1.8
65;2021-02-17;229;500;13789;4644;6.1;2.0
65;2021-02-18;285;586;14074;5230;6.2;2.3
65;2021-02-19;155;479;14229;5709;6.3;2.5
65;2021-02-20;53;158;14282;5867;6.3;2.6
65;2021-02-21;2;48;14284;5915;6.3;2.6
65;2021-02-22;166;540;14450;6455;6.4;2.8
65;2021-02-23;247;529;14697;6984;6.5;3.1
65;2021-02-24;232;637;14929;7621;6.6;3.4
65;2021-02-25;211;178;15140;7799;6.7;3.4
65;2021-02-26;350;776;15490;8575;6.8;3.8
65;2021-02-27;107;202;15597;8777;6.9;3.9
65;2021-02-28;1;0;15598;8777;6.9;3.9
65;2021-03-01;375;375;15973;9152;7.0;4.0
65;2021-03-02;452;361;16425;9513;7.2;4.2
65;2021-03-03;380;390;16805;9903;7.4;4.4
65;2021-03-04;695;329;17500;10232;7.7;4.5
65;2021-03-05;674;284;18174;10516;8.0;4.6
65;2021-03-06;1183;83;19357;10599;8.5;4.7
65;2021-03-07;257;10;19614;10609;8.6;4.7
65;2021-03-08;411;344;20025;10953;8.8;4.8
65;2021-03-09;667;333;20692;11286;9.1;5.0
65;2021-03-10;625;370;21317;11656;9.4;5.1
65;2021-03-11;781;356;22098;12012;9.7;5.3
65;2021-03-12;1057;188;23155;12200;10.2;5.4
65;2021-03-13;353;92;23508;12292;10.4;5.4
65;2021-03-14;3;31;23511;12323;10.4;5.4
65;2021-03-15;814;183;24325;12506;10.7;5.5
65;2021-03-16;692;217;25017;12723;11.0;5.6
65;2021-03-17;709;206;25726;12929;11.3;5.7
65;2021-03-18;531;233;26257;13162;11.6;5.8
65;2021-03-19;877;161;27134;13323;12.0;5.9
65;2021-03-20;244;45;27378;13368;12.1;5.9
65;2021-03-21;11;2;27389;13370;12.1;5.9
65;2021-03-22;732;154;28121;13524;12.4;6.0
65;2021-03-23;835;366;28956;13890;12.8;6.1
65;2021-03-24;868;252;29824;14142;13.1;6.2
65;2021-03-25;1250;193;31074;14335;13.7;6.3
65;2021-03-26;1220;137;32294;14472;14.2;6.4
65;2021-03-27;1357;80;33651;14552;14.8;6.4
65;2021-03-28;1;2;33652;14554;14.8;6.4
65;2021-03-29;1490;357;35142;14911;15.5;6.6
65;2021-03-30;1356;401;36498;15312;16.1;6.8
65;2021-03-31;1204;368;37702;15680;16.6;6.9
65;2021-04-01;1509;395;39211;16075;17.3;7.1
65;2021-04-02;1681;286;40892;16361;18.0;7.2
65;2021-04-03;247;42;41139;16403;18.1;7.2
65;2021-04-04;4;2;41143;16405;18.1;7.2
65;2021-04-05;158;44;41301;16449;18.2;7.3
65;2021-04-06;1287;493;42588;16942;18.8;7.5
65;2021-04-07;1953;445;44541;17387;19.6;7.7
65;2021-04-08;1633;411;46174;17798;20.4;7.8
65;2021-04-09;1644;469;47818;18267;21.1;8.1
65;2021-04-10;1588;145;49406;18412;21.8;8.1
65;2021-04-11;3;0;49409;18412;21.8;8.1
65;2021-04-12;1348;736;50757;19148;22.4;8.4
65;2021-04-13;1575;591;52332;19739;23.1;8.7
65;2021-04-14;1904;738;54236;20477;23.9;9.0
65;2021-04-15;1698;661;55934;21138;24.7;9.3
65;2021-04-16;1825;527;57759;21665;25.5;9.6
65;2021-04-17;2156;123;59915;21788;26.4;9.6
65;2021-04-18;7;27;59922;21815;26.4;9.6
65;2021-04-19;1338;775;61260;22590;27.0;10.0
65;2021-04-20;1526;704;62786;23294;27.7;10.3
65;2021-04-21;1046;1048;63832;24342;28.1;10.7
65;2021-04-22;1644;723;65476;25065;28.9;11.0
65;2021-04-23;1161;1144;66637;26209;29.4;11.6
65;2021-04-24;1260;602;67897;26811;29.9;11.8
65;2021-04-25;31;15;67928;26826;29.9;11.8
65;2021-04-26;1603;1296;69531;28122;30.7;12.4
65;2021-04-27;1423;1334;70954;29456;31.3;13.0
65;2021-04-28;1729;1022;72683;30478;32.0;13.4
65;2021-04-29;1962;1025;74645;31503;32.9;13.9
65;2021-04-30;1780;925;76425;32428;33.7;14.3
65;2021-05-01;1572;219;77997;32647;34.4;14.4
65;2021-05-02;670;21;78667;32668;34.7;14.4
65;2021-05-03;1283;1619;79950;34287;35.2;15.1
65;2021-05-04;1538;1240;81488;35527;35.9;15.7
65;2021-05-05;1372;1643;82860;37170;36.5;16.4
65;2021-05-06;1551;1179;84411;38349;37.2;16.9
65;2021-05-07;1272;1568;85683;39917;37.8;17.6
65;2021-05-08;1648;439;87331;40356;38.5;17.8
65;2021-05-09;0;90;87331;40446;38.5;17.8
65;2021-05-10;951;1882;88282;42328;38.9;18.7
65;2021-05-11;1058;1810;89340;44138;39.4;19.5
65;2021-05-12;1234;1635;90574;45773;39.9;20.2
65;2021-05-13;1341;168;91915;45941;40.5;20.3
65;2021-05-14;1577;1095;93492;47036;41.2;20.7
65;2021-05-15;1400;508;94892;47544;41.8;21.0
65;2021-05-16;1445;70;96337;47614;42.5;21.0
65;2021-05-17;1037;1615;97374;49229;42.9;21.7
65;2021-05-18;1610;1202;98984;50431;43.6;22.2
65;2021-05-19;1685;1005;100669;51436;44.4;22.7
65;2021-05-20;1844;1046;102513;52482;45.2;23.1
65;2021-05-21;1792;1233;104305;53715;46.0;23.7
65;2021-05-22;1286;638;105591;54353;46.5;24.0
65;2021-05-23;689;32;106280;54385;46.9;24.0
65;2021-05-24;703;77;106983;54462;47.2;24.0
65;2021-05-25;1354;1544;108337;56006;47.8;24.7
65;2021-05-26;1472;1354;109809;57360;48.4;25.3
65;2021-05-27;1618;1456;111427;58816;49.1;25.9
65;2021-05-28;1598;1672;113025;60488;49.8;26.7
65;2021-05-29;1186;1512;114211;62000;50.3;27.3
65;2021-05-30;6;10;114217;62010;50.4;27.3
65;2021-05-31;1321;1298;115538;63308;50.9;27.9
65;2021-06-01;1829;931;117367;64239;51.7;28.3
65;2021-06-02;1573;948;118940;65187;52.4;28.7
65;2021-06-03;1339;1101;120279;66288;53.0;29.2
65;2021-06-04;1787;1563;122066;67851;53.8;29.9
65;2021-06-05;433;1239;122499;69090;54.0;30.5
65;2021-06-06;3;13;122502;69103;54.0;30.5
65;2021-06-07;672;1984;123174;71087;54.3;31.3
65;2021-06-08;955;1537;124129;72624;54.7;32.0
65;2021-06-09;823;1549;124952;74173;55.1;32.7
65;2021-06-10;738;1155;125690;75328;55.4;33.2
65;2021-06-11;911;1808;126601;77136;55.8;34.0
65;2021-06-12;150;639;126751;77775;55.9;34.3
65;2021-06-13;5;7;126756;77782;55.9;34.3
65;2021-06-14;506;2422;127262;80204;56.1;35.4
65;2021-06-15;939;1807;128201;82011;56.5;36.2
65;2021-06-16;1062;1368;129263;83379;57.0;36.8
65;2021-06-17;813;1046;130076;84425;57.3;37.2
65;2021-06-18;1015;1629;131091;86054;57.8;37.9
65;2021-06-19;688;1688;131779;87742;58.1;38.7
65;2021-06-20;1;2;131780;87744;58.1;38.7
65;2021-06-21;740;1937;132520;89681;58.4;39.5
65;2021-06-22;1042;1478;133562;91159;58.9;40.2
65;2021-06-23;1063;1234;134625;92393;59.3;40.7
65;2021-06-24;956;1142;135581;93535;59.8;41.2
65;2021-06-25;830;1965;136411;95500;60.1;42.1
65;2021-06-26;169;1658;136580;97158;60.2;42.8
65;2021-06-27;15;1101;136595;98259;60.2;43.3
65;2021-06-28;444;2303;137039;100562;60.4;44.3
65;2021-06-29;683;1913;137722;102475;60.7;45.2
65;2021-06-30;928;1680;138650;104155;61.1;45.9
65;2021-07-01;600;748;139250;104903;61.4;46.2
65;2021-07-02;1159;1731;140409;106634;61.9;47.0
65;2021-07-03;191;1914;140600;108548;62.0;47.9
65;2021-07-04;414;181;141014;108729;62.2;47.9
65;2021-07-05;640;1995;141654;110724;62.4;48.8
65;2021-07-06;889;2124;142543;112848;62.8;49.7
65;2021-07-07;961;1510;143504;114358;63.3;50.4
65;2021-07-08;321;662;143825;115020;63.4;50.7
65;2021-07-09;545;1594;144370;116614;63.6;51.4
65;2021-07-10;291;956;144661;117570;63.8;51.8
65;2021-07-11;0;0;144661;117570;63.8;51.8
65;2021-07-12;471;2222;145132;119792;64.0;52.8
65;2021-07-13;679;2146;145811;121938;64.3;53.8
65;2021-07-14;207;50;146018;121988;64.4;53.8
65;2021-07-15;1018;1661;147036;123649;64.8;54.5
65;2021-07-16;1166;1876;148202;125525;65.3;55.3
65;2021-07-17;407;538;148609;126063;65.5;55.6
65;2021-07-18;22;12;148631;126075;65.5;55.6
65;2021-07-19;624;1494;149255;127569;65.8;56.2
65;2021-07-20;1415;1693;150670;129262;66.4;57.0
65;2021-07-21;1372;1649;152042;130911;67.0;57.7
65;2021-07-22;2129;1262;154171;132173;68.0;58.3
65;2021-07-23;1571;1785;155742;133958;68.7;59.1
65;2021-07-24;1028;646;156770;134604;69.1;59.3
65;2021-07-25;21;21;156791;134625;69.1;59.3
65;2021-07-26;1109;1241;157900;135866;69.6;59.9
65;2021-07-27;1753;1953;159653;137819;70.4;60.8
65;2021-07-28;1555;1307;161208;139126;71.1;61.3
65;2021-07-29;2798;1111;164006;140237;72.3;61.8
65;2021-07-30;2387;1380;166393;141617;73.4;62.4
65;2021-07-31;2194;337;168587;141954;74.3;62.6
65;2021-08-01;14;16;168601;141970;74.3;62.6
65;2021-08-02;913;829;169514;142799;74.7;63.0
66;2020-12-27;0;0;0;0;0.0;0.0
66;2020-12-28;2;0;2;0;0.0;0.0
66;2020-12-29;0;0;2;0;0.0;0.0
66;2020-12-30;0;0;2;0;0.0;0.0
66;2020-12-31;1;0;3;0;0.0;0.0
66;2021-01-01;0;0;3;0;0.0;0.0
66;2021-01-02;0;0;3;0;0.0;0.0
66;2021-01-03;0;0;3;0;0.0;0.0
66;2021-01-04;30;0;33;0;0.0;0.0
66;2021-01-05;135;0;168;0;0.0;0.0
66;2021-01-06;195;0;363;0;0.1;0.0
66;2021-01-07;180;0;543;0;0.1;0.0
66;2021-01-08;212;0;755;0;0.2;0.0
66;2021-01-09;231;0;986;0;0.2;0.0
66;2021-01-10;11;0;997;0;0.2;0.0
66;2021-01-11;404;2;1401;2;0.3;0.0
66;2021-01-12;587;2;1988;4;0.4;0.0
66;2021-01-13;877;6;2865;10;0.6;0.0
66;2021-01-14;891;11;3756;21;0.8;0.0
66;2021-01-15;584;1;4340;22;0.9;0.0
66;2021-01-16;106;2;4446;24;0.9;0.0
66;2021-01-17;46;1;4492;25;0.9;0.0
66;2021-01-18;654;2;5146;27;1.1;0.0
66;2021-01-19;713;3;5859;30;1.2;0.0
66;2021-01-20;1168;3;7027;33;1.5;0.0
66;2021-01-21;2402;3;9429;36;2.0;0.0
66;2021-01-22;1435;8;10864;44;2.3;0.0
66;2021-01-23;399;3;11263;47;2.4;0.0
66;2021-01-24;226;9;11489;56;2.4;0.0
66;2021-01-25;737;43;12226;99;2.6;0.0
66;2021-01-26;785;68;13011;167;2.7;0.0
66;2021-01-27;864;104;13875;271;2.9;0.1
66;2021-01-28;869;128;14744;399;3.1;0.1
66;2021-01-29;816;126;15560;525;3.2;0.1
66;2021-01-30;480;71;16040;596;3.3;0.1
66;2021-01-31;202;27;16242;623;3.4;0.1
66;2021-02-01;562;190;16804;813;3.5;0.2
66;2021-02-02;618;291;17422;1104;3.6;0.2
66;2021-02-03;736;629;18158;1733;3.8;0.4
66;2021-02-04;688;621;18846;2354;3.9;0.5
66;2021-02-05;775;417;19621;2771;4.1;0.6
66;2021-02-06;413;147;20034;2918;4.2;0.6
66;2021-02-07;169;139;20203;3057;4.2;0.6
66;2021-02-08;500;395;20703;3452;4.3;0.7
66;2021-02-09;531;401;21234;3853;4.4;0.8
66;2021-02-10;614;772;21848;4625;4.6;1.0
66;2021-02-11;1104;1574;22952;6199;4.8;1.3
66;2021-02-12;1120;1202;24072;7401;5.0;1.5
66;2021-02-13;366;305;24438;7706;5.1;1.6
66;2021-02-14;111;199;24549;7905;5.1;1.7
66;2021-02-15;425;701;24974;8606;5.2;1.8
66;2021-02-16;303;792;25277;9398;5.3;2.0
66;2021-02-17;378;702;25655;10100;5.4;2.1
66;2021-02-18;366;778;26021;10878;5.4;2.3
66;2021-02-19;400;704;26421;11582;5.5;2.4
66;2021-02-20;184;414;26605;11996;5.6;2.5
66;2021-02-21;40;172;26645;12168;5.6;2.5
66;2021-02-22;415;646;27060;12814;5.6;2.7
66;2021-02-23;508;660;27568;13474;5.8;2.8
66;2021-02-24;340;752;27908;14226;5.8;3.0
66;2021-02-25;718;715;28626;14941;6.0;3.1
66;2021-02-26;951;748;29577;15689;6.2;3.3
66;2021-02-27;363;433;29940;16122;6.3;3.4
66;2021-02-28;59;173;29999;16295;6.3;3.4
66;2021-03-01;378;655;30377;16950;6.3;3.5
66;2021-03-02;332;657;30709;17607;6.4;3.7
66;2021-03-03;526;644;31235;18251;6.5;3.8
66;2021-03-04;989;1055;32224;19306;6.7;4.0
66;2021-03-05;1526;795;33750;20101;7.0;4.2
66;2021-03-06;1145;342;34895;20443;7.3;4.3
66;2021-03-07;1096;96;35991;20539;7.5;4.3
66;2021-03-08;694;545;36685;21084;7.7;4.4
66;2021-03-09;1221;594;37906;21678;7.9;4.5
66;2021-03-10;1300;501;39206;22179;8.2;4.6
66;2021-03-11;1475;595;40681;22774;8.5;4.8
66;2021-03-12;2393;578;43074;23352;9.0;4.9
66;2021-03-13;1081;306;44155;23658;9.2;4.9
66;2021-03-14;190;85;44345;23743;9.3;5.0
66;2021-03-15;1108;392;45453;24135;9.5;5.0
66;2021-03-16;952;260;46405;24395;9.7;5.1
66;2021-03-17;866;395;47271;24790;9.9;5.2
66;2021-03-18;967;343;48238;25133;10.1;5.2
66;2021-03-19;1292;317;49530;25450;10.3;5.3
66;2021-03-20;837;121;50367;25571;10.5;5.3
66;2021-03-21;185;44;50552;25615;10.6;5.3
66;2021-03-22;1106;397;51658;26012;10.8;5.4
66;2021-03-23;1756;390;53414;26402;11.2;5.5
66;2021-03-24;1791;514;55205;26916;11.5;5.6
66;2021-03-25;2533;463;57738;27379;12.1;5.7
66;2021-03-26;2576;357;60314;27736;12.6;5.8
66;2021-03-27;1206;294;61520;28030;12.8;5.9
66;2021-03-28;320;3;61840;28033;12.9;5.9
66;2021-03-29;1827;254;63667;28287;13.3;5.9
66;2021-03-30;2237;171;65904;28458;13.8;5.9
66;2021-03-31;1984;250;67888;28708;14.2;6.0
66;2021-04-01;2669;301;70557;29009;14.7;6.1
66;2021-04-02;2416;253;72973;29262;15.2;6.1
66;2021-04-03;1148;334;74121;29596;15.5;6.2
66;2021-04-04;105;127;74226;29723;15.5;6.2
66;2021-04-05;195;141;74421;29864;15.5;6.2
66;2021-04-06;1330;652;75751;30516;15.8;6.4
66;2021-04-07;1395;594;77146;31110;16.1;6.5
66;2021-04-08;2066;546;79212;31656;16.5;6.6
66;2021-04-09;3474;657;82686;32313;17.3;6.7
66;2021-04-10;2305;522;84991;32835;17.7;6.9
66;2021-04-11;1200;166;86191;33001;18.0;6.9
66;2021-04-12;2700;1021;88891;34022;18.6;7.1
66;2021-04-13;3608;1058;92499;35080;19.3;7.3
66;2021-04-14;3291;922;95790;36002;20.0;7.5
66;2021-04-15;3550;1046;99340;37048;20.7;7.7
66;2021-04-16;3591;1033;102931;38081;21.5;8.0
66;2021-04-17;2261;586;105192;38667;22.0;8.1
66;2021-04-18;1445;130;106637;38797;22.3;8.1
66;2021-04-19;2256;1120;108893;39917;22.7;8.3
66;2021-04-20;2369;1080;111262;40997;23.2;8.6
66;2021-04-21;2867;1180;114129;42177;23.8;8.8
66;2021-04-22;2653;1228;116782;43405;24.4;9.1
66;2021-04-23;2378;1233;119160;44638;24.9;9.3
66;2021-04-24;2744;874;121904;45512;25.4;9.5
66;2021-04-25;1207;267;123111;45779;25.7;9.6
66;2021-04-26;1995;1253;125106;47032;26.1;9.8
66;2021-04-27;2748;1298;127854;48330;26.7;10.1
66;2021-04-28;2416;1662;130270;49992;27.2;10.4
66;2021-04-29;2698;2125;132968;52117;27.8;10.9
66;2021-04-30;3055;1557;136023;53674;28.4;11.2
66;2021-05-01;2001;468;138024;54142;28.8;11.3
66;2021-05-02;1529;262;139553;54404;29.1;11.4
66;2021-05-03;2938;1109;142491;55513;29.7;11.6
66;2021-05-04;3170;1342;145661;56855;30.4;11.9
66;2021-05-05;3052;1535;148713;58390;31.0;12.2
66;2021-05-06;3758;2077;152471;60467;31.8;12.6
66;2021-05-07;2965;3082;155436;63549;32.5;13.3
66;2021-05-08;1729;1170;157165;64719;32.8;13.5
66;2021-05-09;887;1373;158052;66092;33.0;13.8
66;2021-05-10;1805;2973;159857;69065;33.4;14.4
66;2021-05-11;2739;3123;162596;72188;33.9;15.1
66;2021-05-12;2429;2569;165025;74757;34.5;15.6
66;2021-05-13;2255;1381;167280;76138;34.9;15.9
66;2021-05-14;2773;2115;170053;78253;35.5;16.3
66;2021-05-15;2329;1577;172382;79830;36.0;16.7
66;2021-05-16;2286;1251;174668;81081;36.5;16.9
66;2021-05-17;2049;1823;176717;82904;36.9;17.3
66;2021-05-18;3237;1806;179954;84710;37.6;17.7
66;2021-05-19;2877;1336;182831;86046;38.2;18.0
66;2021-05-20;4377;1442;187208;87488;39.1;18.3
66;2021-05-21;3268;1459;190476;88947;39.8;18.6
66;2021-05-22;3066;770;193542;89717;40.4;18.7
66;2021-05-23;1508;237;195050;89954;40.7;18.8
66;2021-05-24;1954;426;197004;90380;41.1;18.9
66;2021-05-25;2793;1688;199797;92068;41.7;19.2
66;2021-05-26;2781;1491;202578;93559;42.3;19.5
66;2021-05-27;3382;2251;205960;95810;43.0;20.0
66;2021-05-28;2680;3051;208640;98861;43.6;20.6
66;2021-05-29;2148;1519;210788;100380;44.0;21.0
66;2021-05-30;785;989;211573;101369;44.2;21.2
66;2021-05-31;2120;1788;213693;103157;44.6;21.5
66;2021-06-01;2622;2002;216315;105159;45.2;22.0
66;2021-06-02;2803;2337;219118;107496;45.7;22.4
66;2021-06-03;2472;2974;221590;110470;46.3;23.1
66;2021-06-04;1852;3351;223442;113821;46.6;23.8
66;2021-06-05;1408;2601;224850;116422;46.9;24.3
66;2021-06-06;291;1224;225141;117646;47.0;24.6
66;2021-06-07;1331;2957;226472;120603;47.3;25.2
66;2021-06-08;1736;3019;228208;123622;47.6;25.8
66;2021-06-09;2068;2786;230276;126408;48.1;26.4
66;2021-06-10;2076;2952;232352;129360;48.5;27.0
66;2021-06-11;2093;3866;234445;133226;48.9;27.8
66;2021-06-12;870;2411;235315;135637;49.1;28.3
66;2021-06-13;515;1333;235830;136970;49.2;28.6
66;2021-06-14;1360;3492;237190;140462;49.5;29.3
66;2021-06-15;2128;3571;239318;144033;50.0;30.1
66;2021-06-16;1786;3567;241104;147600;50.3;30.8
66;2021-06-17;2429;3602;243533;151202;50.8;31.6
66;2021-06-18;2226;3822;245759;155024;51.3;32.4
66;2021-06-19;1540;2318;247299;157342;51.6;32.8
66;2021-06-20;992;1259;248291;158601;51.8;33.1
66;2021-06-21;1161;2877;249452;161478;52.1;33.7
66;2021-06-22;1502;3761;250954;165239;52.4;34.5
66;2021-06-23;1323;3024;252277;168263;52.7;35.1
66;2021-06-24;1509;3230;253786;171493;53.0;35.8
66;2021-06-25;1394;3532;255180;175025;53.3;36.5
66;2021-06-26;963;2679;256143;177704;53.5;37.1
66;2021-06-27;677;1556;256820;179260;53.6;37.4
66;2021-06-28;976;2974;257796;182234;53.8;38.0
66;2021-06-29;1139;3789;258935;186023;54.1;38.8
66;2021-06-30;1272;3297;260207;189320;54.3;39.5
66;2021-07-01;1342;4042;261549;193362;54.6;40.4
66;2021-07-02;1292;3603;262841;196965;54.9;41.1
66;2021-07-03;1147;3895;263988;200860;55.1;41.9
66;2021-07-04;713;1790;264701;202650;55.3;42.3
66;2021-07-05;1083;2997;265784;205647;55.5;42.9
66;2021-07-06;1363;3781;267147;209428;55.8;43.7
66;2021-07-07;1376;3250;268523;212678;56.1;44.4
66;2021-07-08;1260;3377;269783;216055;56.3;45.1
66;2021-07-09;1417;3461;271200;219516;56.6;45.8
66;2021-07-10;998;2404;272198;221920;56.8;46.3
66;2021-07-11;537;1538;272735;223458;56.9;46.7
66;2021-07-12;984;3638;273719;227096;57.1;47.4
66;2021-07-13;2110;4263;275829;231359;57.6;48.3
66;2021-07-14;1935;1224;277764;232583;58.0;48.6
66;2021-07-15;2768;3102;280532;235685;58.6;49.2
66;2021-07-16;3296;3177;283828;238862;59.3;49.9
66;2021-07-17;2107;2026;285935;240888;59.7;50.3
66;2021-07-18;1193;1055;287128;241943;59.9;50.5
66;2021-07-19;2779;3071;289907;245014;60.5;51.2
66;2021-07-20;3625;2862;293532;247876;61.3;51.7
66;2021-07-21;3943;2922;297475;250798;62.1;52.4
66;2021-07-22;3819;2792;301294;253590;62.9;52.9
66;2021-07-23;3856;3016;305150;256606;63.7;53.6
66;2021-07-24;2581;1908;307731;258514;64.2;54.0
66;2021-07-25;2012;1232;309743;259746;64.7;54.2
66;2021-07-26;2760;2619;312503;262365;65.2;54.8
66;2021-07-27;3186;2874;315689;265239;65.9;55.4
66;2021-07-28;3328;2554;319017;267793;66.6;55.9
66;2021-07-29;3807;2506;322824;270299;67.4;56.4
66;2021-07-30;4138;2429;326962;272728;68.3;56.9
66;2021-07-31;2191;1697;329153;274425;68.7;57.3
66;2021-08-01;1812;882;330965;275307;69.1;57.5
66;2021-08-02;2216;1899;333181;277206;69.6;57.9
67;2020-12-27;4;0;4;0;0.0;0.0
67;2020-12-28;2;0;6;0;0.0;0.0
67;2020-12-29;0;0;6;0;0.0;0.0
67;2020-12-30;0;0;6;0;0.0;0.0
67;2020-12-31;0;0;6;0;0.0;0.0
67;2021-01-01;3;0;9;0;0.0;0.0
67;2021-01-02;1;0;10;0;0.0;0.0
67;2021-01-03;1;0;11;0;0.0;0.0
67;2021-01-04;41;0;52;0;0.0;0.0
67;2021-01-05;167;0;219;0;0.0;0.0
67;2021-01-06;121;0;340;0;0.0;0.0
67;2021-01-07;235;1;575;1;0.1;0.0
67;2021-01-08;232;1;807;2;0.1;0.0
67;2021-01-09;113;1;920;3;0.1;0.0
67;2021-01-10;66;0;986;3;0.1;0.0
67;2021-01-11;182;1;1168;4;0.1;0.0
67;2021-01-12;511;1;1679;5;0.1;0.0
67;2021-01-13;651;2;2330;7;0.2;0.0
67;2021-01-14;1074;7;3404;14;0.3;0.0
67;2021-01-15;936;8;4340;22;0.4;0.0
67;2021-01-16;196;3;4536;25;0.4;0.0
67;2021-01-17;98;0;4634;25;0.4;0.0
67;2021-01-18;892;2;5526;27;0.5;0.0
67;2021-01-19;1423;5;6949;32;0.6;0.0
67;2021-01-20;1849;12;8798;44;0.8;0.0
67;2021-01-21;2199;9;10997;53;1.0;0.0
67;2021-01-22;1987;5;12984;58;1.1;0.0
67;2021-01-23;812;5;13796;63;1.2;0.0
67;2021-01-24;380;1;14176;64;1.3;0.0
67;2021-01-25;526;32;14702;96;1.3;0.0
67;2021-01-26;157;108;14859;204;1.3;0.0
67;2021-01-27;1391;90;16250;294;1.4;0.0
67;2021-01-28;3049;226;19299;520;1.7;0.0
67;2021-01-29;2024;157;21323;677;1.9;0.1
67;2021-01-30;1094;83;22417;760;2.0;0.1
67;2021-01-31;1161;29;23578;789;2.1;0.1
67;2021-02-01;3388;247;26966;1036;2.4;0.1
67;2021-02-02;2685;429;29651;1465;2.6;0.1
67;2021-02-03;1570;404;31221;1869;2.8;0.2
67;2021-02-04;1193;764;32414;2633;2.9;0.2
67;2021-02-05;1193;646;33607;3279;3.0;0.3
67;2021-02-06;788;148;34395;3427;3.0;0.3
67;2021-02-07;289;44;34684;3471;3.1;0.3
67;2021-02-08;837;452;35521;3923;3.1;0.3
67;2021-02-09;955;742;36476;4665;3.2;0.4
67;2021-02-10;928;796;37404;5461;3.3;0.5
67;2021-02-11;1149;1130;38553;6591;3.4;0.6
67;2021-02-12;1243;780;39796;7371;3.5;0.7
67;2021-02-13;765;280;40561;7651;3.6;0.7
67;2021-02-14;243;95;40804;7746;3.6;0.7
67;2021-02-15;778;837;41582;8583;3.7;0.8
67;2021-02-16;925;1149;42507;9732;3.8;0.9
67;2021-02-17;783;1195;43290;10927;3.8;1.0
67;2021-02-18;1398;2565;44688;13492;3.9;1.2
67;2021-02-19;1371;2117;46059;15609;4.1;1.4
67;2021-02-20;627;912;46686;16521;4.1;1.5
67;2021-02-21;207;1196;46893;17717;4.1;1.6
67;2021-02-22;1400;2172;48293;19889;4.3;1.8
67;2021-02-23;1458;1576;49751;21465;4.4;1.9
67;2021-02-24;1432;1067;51183;22532;4.5;2.0
67;2021-02-25;1614;1487;52797;24019;4.7;2.1
67;2021-02-26;2221;1409;55018;25428;4.9;2.2
67;2021-02-27;1255;788;56273;26216;5.0;2.3
67;2021-02-28;146;364;56419;26580;5.0;2.3
67;2021-03-01;636;1006;57055;27586;5.0;2.4
67;2021-03-02;888;1199;57943;28785;5.1;2.5
67;2021-03-03;1409;1284;59352;30069;5.2;2.7
67;2021-03-04;1956;1056;61308;31125;5.4;2.7
67;2021-03-05;3251;1102;64559;32227;5.7;2.8
67;2021-03-06;2333;773;66892;33000;5.9;2.9
67;2021-03-07;466;282;67358;33282;5.9;2.9
67;2021-03-08;1183;792;68541;34074;6.1;3.0
67;2021-03-09;2216;899;70757;34973;6.2;3.1
67;2021-03-10;2443;1190;73200;36163;6.5;3.2
67;2021-03-11;3203;1350;76403;37513;6.7;3.3
67;2021-03-12;5248;1367;81651;38880;7.2;3.4
67;2021-03-13;3996;881;85647;39761;7.6;3.5
67;2021-03-14;483;387;86130;40148;7.6;3.5
67;2021-03-15;2188;1153;88318;41301;7.8;3.6
67;2021-03-16;1543;1229;89861;42530;7.9;3.8
67;2021-03-17;2060;917;91921;43447;8.1;3.8
67;2021-03-18;2385;718;94306;44165;8.3;3.9
67;2021-03-19;3669;743;97975;44908;8.7;4.0
67;2021-03-20;3064;504;101039;45412;8.9;4.0
67;2021-03-21;332;14;101371;45426;9.0;4.0
67;2021-03-22;2326;776;103697;46202;9.2;4.1
67;2021-03-23;3394;762;107091;46964;9.5;4.1
67;2021-03-24;3902;805;110993;47769;9.8;4.2
67;2021-03-25;5311;528;116304;48297;10.3;4.3
67;2021-03-26;6866;470;123170;48767;10.9;4.3
67;2021-03-27;3921;332;127091;49099;11.2;4.3
67;2021-03-28;576;98;127667;49197;11.3;4.3
67;2021-03-29;3809;425;131476;49622;11.6;4.4
67;2021-03-30;4828;662;136304;50284;12.0;4.4
67;2021-03-31;4840;683;141144;50967;12.5;4.5
67;2021-04-01;5135;915;146279;51882;12.9;4.6
67;2021-04-02;1001;171;147280;52053;13.0;4.6
67;2021-04-03;1689;284;148969;52337;13.2;4.6
67;2021-04-04;326;5;149295;52342;13.2;4.6
67;2021-04-05;365;3;149660;52345;13.2;4.6
67;2021-04-06;3471;1172;153131;53517;13.5;4.7
67;2021-04-07;4532;1271;157663;54788;13.9;4.8
67;2021-04-08;5652;1392;163315;56180;14.4;5.0
67;2021-04-09;7106;1329;170421;57509;15.0;5.1
67;2021-04-10;4327;880;174748;58389;15.4;5.2
67;2021-04-11;855;426;175603;58815;15.5;5.2
67;2021-04-12;3878;1397;179481;60212;15.8;5.3
67;2021-04-13;4891;1572;184372;61784;16.3;5.5
67;2021-04-14;5237;1893;189609;63677;16.7;5.6
67;2021-04-15;6066;2098;195675;65775;17.3;5.8
67;2021-04-16;7830;2399;203505;68174;18.0;6.0
67;2021-04-17;4004;1577;207509;69751;18.3;6.2
67;2021-04-18;1113;646;208622;70397;18.4;6.2
67;2021-04-19;3627;2139;212249;72536;18.7;6.4
67;2021-04-20;4253;1919;216502;74455;19.1;6.6
67;2021-04-21;4068;2513;220570;76968;19.5;6.8
67;2021-04-22;4474;2901;225044;79869;19.9;7.1
67;2021-04-23;5236;2991;230280;82860;20.3;7.3
67;2021-04-24;3099;2015;233379;84875;20.6;7.5
67;2021-04-25;1026;446;234405;85321;20.7;7.5
67;2021-04-26;3188;2615;237593;87936;21.0;7.8
67;2021-04-27;4021;2922;241614;90858;21.3;8.0
67;2021-04-28;4246;3427;245860;94285;21.7;8.3
67;2021-04-29;5122;3512;250982;97797;22.2;8.6
67;2021-04-30;7175;2481;258157;100278;22.8;8.9
67;2021-05-01;2680;782;260837;101060;23.0;8.9
67;2021-05-02;2180;672;263017;101732;23.2;9.0
67;2021-05-03;5560;2611;268577;104343;23.7;9.2
67;2021-05-04;5848;3606;274425;107949;24.2;9.5
67;2021-05-05;5206;4195;279631;112144;24.7;9.9
67;2021-05-06;6710;4911;286341;117055;25.3;10.3
67;2021-05-07;6426;6912;292767;123967;25.8;10.9
67;2021-05-08;3560;1020;296327;124987;26.2;11.0
67;2021-05-09;3370;598;299697;125585;26.5;11.1
67;2021-05-10;4694;4526;304391;130111;26.9;11.5
67;2021-05-11;5646;4927;310037;135038;27.4;11.9
67;2021-05-12;6587;4844;316624;139882;28.0;12.4
67;2021-05-13;7306;1699;323930;141581;28.6;12.5
67;2021-05-14;8881;5370;332811;146951;29.4;13.0
67;2021-05-15;8186;3654;340997;150605;30.1;13.3
67;2021-05-16;6171;973;347168;151578;30.7;13.4
67;2021-05-17;5688;3907;352856;155485;31.2;13.7
67;2021-05-18;6897;3980;359753;159465;31.8;14.1
67;2021-05-19;7373;4167;367126;163632;32.4;14.4
67;2021-05-20;8688;4218;375814;167850;33.2;14.8
67;2021-05-21;8158;5844;383972;173694;33.9;15.3
67;2021-05-22;5936;3427;389908;177121;34.4;15.6
67;2021-05-23;2657;593;392565;177714;34.7;15.7
67;2021-05-24;4416;861;396981;178575;35.1;15.8
67;2021-05-25;5416;4764;402397;183339;35.5;16.2
67;2021-05-26;6056;4881;408453;188220;36.1;16.6
67;2021-05-27;7306;4894;415759;193114;36.7;17.1
67;2021-05-28;7962;6492;423721;199606;37.4;17.6
67;2021-05-29;6645;3874;430366;203480;38.0;18.0
67;2021-05-30;1146;810;431512;204290;38.1;18.0
67;2021-05-31;6401;4055;437913;208345;38.7;18.4
67;2021-06-01;7328;4399;445241;212744;39.3;18.8
67;2021-06-02;8056;4175;453297;216919;40.0;19.2
67;2021-06-03;8831;4860;462128;221779;40.8;19.6
67;2021-06-04;8585;6115;470713;227894;41.6;20.1
67;2021-06-05;6555;3986;477268;231880;42.1;20.5
67;2021-06-06;3477;873;480745;232753;42.4;20.6
67;2021-06-07;7414;4258;488159;237011;43.1;20.9
67;2021-06-08;8627;4921;496786;241932;43.9;21.4
67;2021-06-09;9260;4800;506046;246732;44.7;21.8
67;2021-06-10;9770;5013;515816;251745;45.5;22.2
67;2021-06-11;8063;8330;523879;260075;46.3;23.0
67;2021-06-12;6786;5191;530665;265266;46.9;23.4
67;2021-06-13;3103;1041;533768;266307;47.1;23.5
67;2021-06-14;5507;6459;539275;272766;47.6;24.1
67;2021-06-15;6686;6747;545961;279513;48.2;24.7
67;2021-06-16;6944;6697;552905;286210;48.8;25.3
67;2021-06-17;7261;9045;560166;295255;49.5;26.1
67;2021-06-18;7597;8507;567763;303762;50.1;26.8
67;2021-06-19;6379;5958;574142;309720;50.7;27.3
67;2021-06-20;1450;1411;575592;311131;50.8;27.5
67;2021-06-21;4263;6764;579855;317895;51.2;28.1
67;2021-06-22;4232;9093;584087;326988;51.6;28.9
67;2021-06-23;5258;8164;589345;335152;52.0;29.6
67;2021-06-24;4514;9089;593859;344241;52.4;30.4
67;2021-06-25;5328;9947;599187;354188;52.9;31.3
67;2021-06-26;3452;9104;602639;363292;53.2;32.1
67;2021-06-27;1016;3519;603655;366811;53.3;32.4
67;2021-06-28;2844;8737;606499;375548;53.5;33.2
67;2021-06-29;2890;8590;609389;384138;53.8;33.9
67;2021-06-30;3369;8736;612758;392874;54.1;34.7
67;2021-07-01;3586;8415;616344;401289;54.4;35.4
67;2021-07-02;3727;10932;620071;412221;54.7;36.4
67;2021-07-03;2970;7745;623041;419966;55.0;37.1
67;2021-07-04;761;1867;623802;421833;55.1;37.2
67;2021-07-05;2608;8252;626410;430085;55.3;38.0
67;2021-07-06;3046;8443;629456;438528;55.6;38.7
67;2021-07-07;3890;8735;633346;447263;55.9;39.5
67;2021-07-08;4178;7785;637524;455048;56.3;40.2
67;2021-07-09;3750;11372;641274;466420;56.6;41.2
67;2021-07-10;2839;8206;644113;474626;56.9;41.9
67;2021-07-11;931;1992;645044;476618;57.0;42.1
67;2021-07-12;2438;9718;647482;486336;57.2;42.9
67;2021-07-13;4071;9888;651553;496224;57.5;43.8
67;2021-07-14;3471;4394;655024;500618;57.8;44.2
67;2021-07-15;5094;12221;660118;512839;58.3;45.3
67;2021-07-16;4796;12289;664914;525128;58.7;46.4
67;2021-07-17;3717;8829;668631;533957;59.0;47.1
67;2021-07-18;1445;2542;670076;536499;59.2;47.4
67;2021-07-19;4593;9733;674669;546232;59.6;48.2
67;2021-07-20;5717;9817;680386;556049;60.1;49.1
67;2021-07-21;5790;10635;686176;566684;60.6;50.0
67;2021-07-22;6385;10220;692561;576904;61.1;50.9
67;2021-07-23;7335;11189;699896;588093;61.8;51.9
67;2021-07-24;5398;7569;705294;595662;62.3;52.6
67;2021-07-25;2300;1957;707594;597619;62.5;52.8
67;2021-07-26;4950;7234;712544;604853;62.9;53.4
67;2021-07-27;6519;7290;719063;612143;63.5;54.0
67;2021-07-28;7502;7181;726565;619324;64.1;54.7
67;2021-07-29;8301;6412;734866;625736;64.9;55.2
67;2021-07-30;8565;7276;743431;633012;65.6;55.9
67;2021-07-31;5035;4832;748466;637844;66.1;56.3
67;2021-08-01;2429;1392;750895;639236;66.3;56.4
67;2021-08-02;6271;5034;757166;644270;66.9;56.9
68;2020-12-27;0;0;0;0;0.0;0.0
68;2020-12-28;0;0;0;0;0.0;0.0
68;2020-12-29;0;0;0;0;0.0;0.0
68;2020-12-30;0;0;0;0;0.0;0.0
68;2020-12-31;0;0;0;0;0.0;0.0
68;2021-01-01;0;0;0;0;0.0;0.0
68;2021-01-02;0;0;0;0;0.0;0.0
68;2021-01-03;0;0;0;0;0.0;0.0
68;2021-01-04;1;0;1;0;0.0;0.0
68;2021-01-05;11;0;12;0;0.0;0.0
68;2021-01-06;244;1;256;1;0.0;0.0
68;2021-01-07;75;0;331;1;0.0;0.0
68;2021-01-08;118;1;449;2;0.1;0.0
68;2021-01-09;20;0;469;2;0.1;0.0
68;2021-01-10;1;0;470;2;0.1;0.0
68;2021-01-11;82;0;552;2;0.1;0.0
68;2021-01-12;386;1;938;3;0.1;0.0
68;2021-01-13;703;1;1641;4;0.2;0.0
68;2021-01-14;372;2;2013;6;0.3;0.0
68;2021-01-15;204;1;2217;7;0.3;0.0
68;2021-01-16;1;0;2218;7;0.3;0.0
68;2021-01-17;0;0;2218;7;0.3;0.0
68;2021-01-18;379;5;2597;12;0.3;0.0
68;2021-01-19;559;5;3156;17;0.4;0.0
68;2021-01-20;706;9;3862;26;0.5;0.0
68;2021-01-21;1384;12;5246;38;0.7;0.0
68;2021-01-22;1499;12;6745;50;0.9;0.0
68;2021-01-23;215;3;6960;53;0.9;0.0
68;2021-01-24;697;0;7657;53;1.0;0.0
68;2021-01-25;1388;46;9045;99;1.2;0.0
68;2021-01-26;1551;80;10596;179;1.4;0.0
68;2021-01-27;2731;141;13327;320;1.7;0.0
68;2021-01-28;2346;57;15673;377;2.1;0.0
68;2021-01-29;1505;116;17178;493;2.3;0.1
68;2021-01-30;165;2;17343;495;2.3;0.1
68;2021-01-31;0;0;17343;495;2.3;0.1
68;2021-02-01;736;103;18079;598;2.4;0.1
68;2021-02-02;867;305;18946;903;2.5;0.1
68;2021-02-03;998;621;19944;1524;2.6;0.2
68;2021-02-04;1000;324;20944;1848;2.7;0.2
68;2021-02-05;946;236;21890;2084;2.9;0.3
68;2021-02-06;137;1;22027;2085;2.9;0.3
68;2021-02-07;1;16;22028;2101;2.9;0.3
68;2021-02-08;894;21;22922;2122;3.0;0.3
68;2021-02-09;1357;45;24279;2167;3.2;0.3
68;2021-02-10;1452;61;25731;2228;3.4;0.3
68;2021-02-11;1487;471;27218;2699;3.6;0.4
68;2021-02-12;1546;452;28764;3151;3.8;0.4
68;2021-02-13;132;0;28896;3151;3.8;0.4
68;2021-02-14;57;231;28953;3382;3.8;0.4
68;2021-02-15;662;1089;29615;4471;3.9;0.6
68;2021-02-16;862;1369;30477;5840;4.0;0.8
68;2021-02-17;1281;2134;31758;7974;4.2;1.0
68;2021-02-18;1636;2047;33394;10021;4.4;1.3
68;2021-02-19;985;1368;34379;11389;4.5;1.5
68;2021-02-20;93;125;34472;11514;4.5;1.5
68;2021-02-21;1;40;34473;11554;4.5;1.5
68;2021-02-22;446;798;34919;12352;4.6;1.6
68;2021-02-23;639;1058;35558;13410;4.7;1.8
68;2021-02-24;853;1157;36411;14567;4.8;1.9
68;2021-02-25;1209;1247;37620;15814;4.9;2.1
68;2021-02-26;1199;987;38819;16801;5.1;2.2
68;2021-02-27;547;174;39366;16975;5.2;2.2
68;2021-02-28;11;1;39377;16976;5.2;2.2
68;2021-03-01;939;767;40316;17743;5.3;2.3
68;2021-03-02;1215;924;41531;18667;5.4;2.4
68;2021-03-03;1590;966;43121;19633;5.6;2.6
68;2021-03-04;1989;1043;45110;20676;5.9;2.7
68;2021-03-05;2354;1047;47464;21723;6.2;2.8
68;2021-03-06;2283;242;49747;21965;6.5;2.9
68;2021-03-07;839;102;50586;22067;6.6;2.9
68;2021-03-08;1472;976;52058;23043;6.8;3.0
68;2021-03-09;1692;1327;53750;24370;7.0;3.2
68;2021-03-10;1960;1797;55710;26167;7.3;3.4
68;2021-03-11;2635;1911;58345;28078;7.6;3.7
68;2021-03-12;2626;1413;60971;29491;8.0;3.9
68;2021-03-13;3341;239;64312;29730;8.4;3.9
68;2021-03-14;1542;63;65854;29793;8.6;3.9
68;2021-03-15;1793;621;67647;30414;8.9;4.0
68;2021-03-16;1998;601;69645;31015;9.1;4.1
68;2021-03-17;1955;724;71600;31739;9.4;4.2
68;2021-03-18;2218;947;73818;32686;9.7;4.3
68;2021-03-19;3084;733;76902;33419;10.1;4.4
68;2021-03-20;972;121;77874;33540;10.2;4.4
68;2021-03-21;68;1;77942;33541;10.2;4.4
68;2021-03-22;1965;592;79907;34133;10.5;4.5
68;2021-03-23;2858;613;82765;34746;10.8;4.6
68;2021-03-24;3173;809;85938;35555;11.3;4.7
68;2021-03-25;3501;785;89439;36340;11.7;4.8
68;2021-03-26;3892;713;93331;37053;12.2;4.9
68;2021-03-27;1101;164;94432;37217;12.4;4.9
68;2021-03-28;55;3;94487;37220;12.4;4.9
68;2021-03-29;2264;1378;96751;38598;12.7;5.1
68;2021-03-30;2934;1297;99685;39895;13.1;5.2
68;2021-03-31;2641;1363;102326;41258;13.4;5.4
68;2021-04-01;2748;1546;105074;42804;13.8;5.6
68;2021-04-02;244;87;105318;42891;13.8;5.6
68;2021-04-03;239;123;105557;43014;13.8;5.6
68;2021-04-04;4;0;105561;43014;13.8;5.6
68;2021-04-05;48;2;105609;43016;13.8;5.6
68;2021-04-06;1794;1324;107403;44340;14.1;5.8
68;2021-04-07;2583;1532;109986;45872;14.4;6.0
68;2021-04-08;3230;1498;113216;47370;14.8;6.2
68;2021-04-09;4197;1523;117413;48893;15.4;6.4
68;2021-04-10;1200;1976;118613;50869;15.5;6.7
68;2021-04-11;126;1318;118739;52187;15.6;6.8
68;2021-04-12;2666;1634;121405;53821;15.9;7.1
68;2021-04-13;2759;2109;124164;55930;16.3;7.3
68;2021-04-14;3599;2268;127763;58198;16.7;7.6
68;2021-04-15;4041;2150;131804;60348;17.3;7.9
68;2021-04-16;3938;2078;135742;62426;17.8;8.2
68;2021-04-17;1073;440;136815;62866;17.9;8.2
68;2021-04-18;85;9;136900;62875;17.9;8.2
68;2021-04-19;2359;1836;139259;64711;18.2;8.5
68;2021-04-20;2439;2325;141698;67036;18.6;8.8
68;2021-04-21;2830;2480;144528;69516;18.9;9.1
68;2021-04-22;3285;1977;147813;71493;19.4;9.4
68;2021-04-23;3411;2076;151224;73569;19.8;9.6
68;2021-04-24;842;486;152066;74055;19.9;9.7
68;2021-04-25;214;20;152280;74075;20.0;9.7
68;2021-04-26;2329;2109;154609;76184;20.3;10.0
68;2021-04-27;2598;2214;157207;78398;20.6;10.3
68;2021-04-28;3573;1764;160780;80162;21.1;10.5
68;2021-04-29;4165;1745;164945;81907;21.6;10.7
68;2021-04-30;4833;1366;169778;83273;22.2;10.9
68;2021-05-01;946;121;170724;83394;22.4;10.9
68;2021-05-02;731;70;171455;83464;22.5;10.9
68;2021-05-03;3621;1815;175076;85279;22.9;11.2
68;2021-05-04;3935;2363;179011;87642;23.5;11.5
68;2021-05-05;3633;3236;182644;90878;23.9;11.9
68;2021-05-06;4805;2865;187449;93743;24.6;12.3
68;2021-05-07;4517;2908;191966;96651;25.2;12.7
68;2021-05-08;1671;211;193637;96862;25.4;12.7
68;2021-05-09;1077;108;194714;96970;25.5;12.7
68;2021-05-10;3158;3720;197872;100690;25.9;13.2
68;2021-05-11;4714;3618;202586;104308;26.5;13.7
68;2021-05-12;5779;3290;208365;107598;27.3;14.1
68;2021-05-13;4764;842;213129;108440;27.9;14.2
68;2021-05-14;5959;2129;219088;110569;28.7;14.5
68;2021-05-15;3558;909;222646;111478;29.2;14.6
68;2021-05-16;669;121;223315;111599;29.3;14.6
68;2021-05-17;4449;2498;227764;114097;29.8;14.9
68;2021-05-18;6137;2306;233901;116403;30.6;15.3
68;2021-05-19;5865;2887;239766;119290;31.4;15.6
68;2021-05-20;5927;2420;245693;121710;32.2;15.9
68;2021-05-21;5778;2873;251471;124583;32.9;16.3
68;2021-05-22;2578;925;254049;125508;33.3;16.4
68;2021-05-23;15;17;254064;125525;33.3;16.4
68;2021-05-24;2307;968;256371;126493;33.6;16.6
68;2021-05-25;4343;3436;260714;129929;34.2;17.0
68;2021-05-26;4883;3381;265597;133310;34.8;17.5
68;2021-05-27;5407;3399;271004;136709;35.5;17.9
68;2021-05-28;5619;3730;276623;140439;36.2;18.4
68;2021-05-29;1536;1186;278159;141625;36.4;18.6
68;2021-05-30;41;46;278200;141671;36.5;18.6
68;2021-05-31;5161;2362;283361;144033;37.1;18.9
68;2021-06-01;5970;2801;289331;146834;37.9;19.2
68;2021-06-02;4886;3004;294217;149838;38.6;19.6
68;2021-06-03;5937;3100;300154;152938;39.3;20.0
68;2021-06-04;4891;3304;305045;156242;40.0;20.5
68;2021-06-05;778;1169;305823;157411;40.1;20.6
68;2021-06-06;66;113;305889;157524;40.1;20.6
68;2021-06-07;4756;3038;310645;160562;40.7;21.0
68;2021-06-08;4943;3561;315588;164123;41.4;21.5
68;2021-06-09;4988;3439;320576;167562;42.0;22.0
68;2021-06-10;5200;3136;325776;170698;42.7;22.4
68;2021-06-11;5057;4150;330833;174848;43.3;22.9
68;2021-06-12;3035;1765;333868;176613;43.7;23.1
68;2021-06-13;515;682;334383;177295;43.8;23.2
68;2021-06-14;2516;4392;336899;181687;44.1;23.8
68;2021-06-15;3110;4725;340009;186412;44.6;24.4
68;2021-06-16;3385;4433;343394;190845;45.0;25.0
68;2021-06-17;2359;4462;345753;195307;45.3;25.6
68;2021-06-18;3347;5178;349100;200485;45.7;26.3
68;2021-06-19;2253;2169;351353;202654;46.0;26.6
68;2021-06-20;258;893;351611;203547;46.1;26.7
68;2021-06-21;2061;5154;353672;208701;46.3;27.3
68;2021-06-22;1901;5174;355573;213875;46.6;28.0
68;2021-06-23;2317;5744;357890;219619;46.9;28.8
68;2021-06-24;2150;4895;360040;224514;47.2;29.4
68;2021-06-25;2285;6653;362325;231167;47.5;30.3
68;2021-06-26;1299;2604;363624;233771;47.6;30.6
68;2021-06-27;152;880;363776;234651;47.7;30.7
68;2021-06-28;1601;6446;365377;241097;47.9;31.6
68;2021-06-29;1536;6634;366913;247731;48.1;32.5
68;2021-06-30;1787;6556;368700;254287;48.3;33.3
68;2021-07-01;2086;5351;370786;259638;48.6;34.0
68;2021-07-02;2096;6484;372882;266122;48.9;34.9
68;2021-07-03;977;1934;373859;268056;49.0;35.1
68;2021-07-04;242;201;374101;268257;49.0;35.1
68;2021-07-05;1456;5525;375557;273782;49.2;35.9
68;2021-07-06;1993;5886;377550;279668;49.5;36.6
68;2021-07-07;2452;4976;380002;284644;49.8;37.3
68;2021-07-08;2427;4745;382429;289389;50.1;37.9
68;2021-07-09;2091;7363;384520;296752;50.4;38.9
68;2021-07-10;1019;2002;385539;298754;50.5;39.1
68;2021-07-11;145;155;385684;298909;50.5;39.2
68;2021-07-12;1636;6780;387320;305689;50.7;40.1
68;2021-07-13;2896;6546;390216;312235;51.1;40.9
68;2021-07-14;1838;975;392054;313210;51.4;41.0
68;2021-07-15;3174;6648;395228;319858;51.8;41.9
68;2021-07-16;3801;6757;399029;326615;52.3;42.8
68;2021-07-17;3353;2292;402382;328907;52.7;43.1
68;2021-07-18;1053;229;403435;329136;52.9;43.1
68;2021-07-19;3037;6080;406472;335216;53.3;43.9
68;2021-07-20;3987;5663;410459;340879;53.8;44.7
68;2021-07-21;4328;5813;414787;346692;54.3;45.4
68;2021-07-22;4164;4828;418951;351520;54.9;46.1
68;2021-07-23;5017;5739;423968;357259;55.6;46.8
68;2021-07-24;3295;2118;427263;359377;56.0;47.1
68;2021-07-25;818;527;428081;359904;56.1;47.2
68;2021-07-26;4743;4427;432824;364331;56.7;47.7
68;2021-07-27;6330;3725;439154;368056;57.5;48.2
68;2021-07-28;6833;3858;445987;371914;58.4;48.7
68;2021-07-29;6371;3383;452358;375297;59.3;49.2
68;2021-07-30;6308;4351;458666;379648;60.1;49.7
68;2021-07-31;3872;1399;462538;381047;60.6;49.9
68;2021-08-01;1641;466;464179;381513;60.8;50.0
68;2021-08-02;4517;3100;468696;384613;61.4;50.4
69;2020-12-27;1;0;1;0;0.0;0.0
69;2020-12-28;7;0;8;0;0.0;0.0
69;2020-12-29;5;0;13;0;0.0;0.0
69;2020-12-30;6;0;19;0;0.0;0.0
69;2020-12-31;10;0;29;0;0.0;0.0
69;2021-01-01;1;0;30;0;0.0;0.0
69;2021-01-02;1;0;31;0;0.0;0.0
69;2021-01-03;1;0;32;0;0.0;0.0
69;2021-01-04;10;0;42;0;0.0;0.0
69;2021-01-05;215;0;257;0;0.0;0.0
69;2021-01-06;508;0;765;0;0.0;0.0
69;2021-01-07;810;0;1575;0;0.1;0.0
69;2021-01-08;826;0;2401;0;0.1;0.0
69;2021-01-09;36;0;2437;0;0.1;0.0
69;2021-01-10;2;1;2439;1;0.1;0.0
69;2021-01-11;1133;3;3572;4;0.2;0.0
69;2021-01-12;1396;7;4968;11;0.3;0.0
69;2021-01-13;1387;4;6355;15;0.3;0.0
69;2021-01-14;2269;21;8624;36;0.5;0.0
69;2021-01-15;1826;8;10450;44;0.6;0.0
69;2021-01-16;928;3;11378;47;0.6;0.0
69;2021-01-17;260;2;11638;49;0.6;0.0
69;2021-01-18;1693;16;13331;65;0.7;0.0
69;2021-01-19;3506;64;16837;129;0.9;0.0
69;2021-01-20;4433;28;21270;157;1.1;0.0
69;2021-01-21;4038;24;25308;181;1.3;0.0
69;2021-01-22;3153;20;28461;201;1.5;0.0
69;2021-01-23;1281;4;29742;205;1.6;0.0
69;2021-01-24;101;1;29843;206;1.6;0.0
69;2021-01-25;2234;39;32077;245;1.7;0.0
69;2021-01-26;2559;87;34636;332;1.8;0.0
69;2021-01-27;2355;179;36991;511;2.0;0.0
69;2021-01-28;2233;374;39224;885;2.1;0.0
69;2021-01-29;2108;285;41332;1170;2.2;0.1
69;2021-01-30;889;2;42221;1172;2.3;0.1
69;2021-01-31;64;0;42285;1172;2.3;0.1
69;2021-02-01;1112;401;43397;1573;2.3;0.1
69;2021-02-02;1547;411;44944;1984;2.4;0.1
69;2021-02-03;1441;535;46385;2519;2.5;0.1
69;2021-02-04;1787;954;48172;3473;2.6;0.2
69;2021-02-05;819;818;48991;4291;2.6;0.2
69;2021-02-06;365;54;49356;4345;2.6;0.2
69;2021-02-07;0;0;49356;4345;2.6;0.2
69;2021-02-08;1133;1078;50489;5423;2.7;0.3
69;2021-02-09;2048;2108;52537;7531;2.8;0.4
69;2021-02-10;1846;2648;54383;10179;2.9;0.5
69;2021-02-11;1860;3294;56243;13473;3.0;0.7
69;2021-02-12;1900;2114;58143;15587;3.1;0.8
69;2021-02-13;458;803;58601;16390;3.1;0.9
69;2021-02-14;89;40;58690;16430;3.1;0.9
69;2021-02-15;1014;1773;59704;18203;3.2;1.0
69;2021-02-16;984;2450;60688;20653;3.2;1.1
69;2021-02-17;1026;2394;61714;23047;3.3;1.2
69;2021-02-18;967;2339;62681;25386;3.3;1.4
69;2021-02-19;894;1895;63575;27281;3.4;1.5
69;2021-02-20;324;912;63899;28193;3.4;1.5
69;2021-02-21;52;68;63951;28261;3.4;1.5
69;2021-02-22;608;2098;64559;30359;3.4;1.6
69;2021-02-23;740;2226;65299;32585;3.5;1.7
69;2021-02-24;973;2251;66272;34836;3.5;1.9
69;2021-02-25;2215;2677;68487;37513;3.7;2.0
69;2021-02-26;2776;1922;71263;39435;3.8;2.1
69;2021-02-27;924;573;72187;40008;3.8;2.1
69;2021-02-28;148;102;72335;40110;3.9;2.1
69;2021-03-01;2163;904;74498;41014;4.0;2.2
69;2021-03-02;3294;1392;77792;42406;4.1;2.3
69;2021-03-03;3666;1210;81458;43616;4.3;2.3
69;2021-03-04;4873;1259;86331;44875;4.6;2.4
69;2021-03-05;5859;1244;92190;46119;4.9;2.5
69;2021-03-06;3415;410;95605;46529;5.1;2.5
69;2021-03-07;637;41;96242;46570;5.1;2.5
69;2021-03-08;2951;1114;99193;47684;5.3;2.5
69;2021-03-09;4611;1246;103804;48930;5.5;2.6
69;2021-03-10;5063;1028;108867;49958;5.8;2.7
69;2021-03-11;6593;1014;115460;50972;6.2;2.7
69;2021-03-12;8853;1180;124313;52152;6.6;2.8
69;2021-03-13;4921;226;129234;52378;6.9;2.8
69;2021-03-14;2741;133;131975;52511;7.0;2.8
69;2021-03-15;4807;690;136782;53201;7.3;2.8
69;2021-03-16;3811;633;140593;53834;7.5;2.9
69;2021-03-17;3947;860;144540;54694;7.7;2.9
69;2021-03-18;4965;1596;149505;56290;8.0;3.0
69;2021-03-19;6681;1046;156186;57336;8.3;3.1
69;2021-03-20;3583;263;159769;57599;8.5;3.1
69;2021-03-21;1973;90;161742;57689;8.6;3.1
69;2021-03-22;4544;802;166286;58491;8.9;3.1
69;2021-03-23;7357;803;173643;59294;9.3;3.2
69;2021-03-24;6452;970;180095;60264;9.6;3.2
69;2021-03-25;8583;1096;188678;61360;10.1;3.3
69;2021-03-26;8812;1224;197490;62584;10.5;3.3
69;2021-03-27;3151;785;200641;63369;10.7;3.4
69;2021-03-28;2213;178;202854;63547;10.8;3.4
69;2021-03-29;4095;2188;206949;65735;11.0;3.5
69;2021-03-30;7638;2504;214587;68239;11.4;3.6
69;2021-03-31;6349;3152;220936;71391;11.8;3.8
69;2021-04-01;8441;2710;229377;74101;12.2;3.9
69;2021-04-02;8311;3101;237688;77202;12.7;4.1
69;2021-04-03;5422;2159;243110;79361;13.0;4.2
69;2021-04-04;6607;548;249717;79909;13.3;4.3
69;2021-04-05;6188;814;255905;80723;13.6;4.3
69;2021-04-06;5098;3479;261003;84202;13.9;4.5
69;2021-04-07;5161;3884;266164;88086;14.2;4.7
69;2021-04-08;6425;4056;272589;92142;14.5;4.9
69;2021-04-09;9165;3769;281754;95911;15.0;5.1
69;2021-04-10;3050;2497;284804;98408;15.2;5.2
69;2021-04-11;2039;1896;286843;100304;15.3;5.3
69;2021-04-12;5468;3576;292311;103880;15.6;5.5
69;2021-04-13;7069;4113;299380;107993;16.0;5.8
69;2021-04-14;6712;4142;306092;112135;16.3;6.0
69;2021-04-15;7924;4578;314016;116713;16.7;6.2
69;2021-04-16;7859;4490;321875;121203;17.2;6.5
69;2021-04-17;5037;2315;326912;123518;17.4;6.6
69;2021-04-18;1716;1792;328628;125310;17.5;6.7
69;2021-04-19;7017;3770;335645;129080;17.9;6.9
69;2021-04-20;6482;4737;342127;133817;18.2;7.1
69;2021-04-21;5687;4409;347814;138226;18.5;7.4
69;2021-04-22;6426;5431;354240;143657;18.9;7.7
69;2021-04-23;6722;4871;360962;148528;19.2;7.9
69;2021-04-24;3153;2021;364115;150549;19.4;8.0
69;2021-04-25;2118;1547;366233;152096;19.5;8.1
69;2021-04-26;4496;3879;370729;155975;19.8;8.3
69;2021-04-27;6515;5326;377244;161301;20.1;8.6
69;2021-04-28;6275;4849;383519;166150;20.4;8.9
69;2021-04-29;6695;5353;390214;171503;20.8;9.1
69;2021-04-30;6928;6166;397142;177669;21.2;9.5
69;2021-05-01;3297;644;400439;178313;21.3;9.5
69;2021-05-02;1626;5890;402065;184203;21.4;9.8
69;2021-05-03;5859;8244;407924;192447;21.7;10.3
69;2021-05-04;7601;8165;415525;200612;22.1;10.7
69;2021-05-05;11208;5640;426733;206252;22.7;11.0
69;2021-05-06;12473;6277;439206;212529;23.4;11.3
69;2021-05-07;11685;7155;450891;219684;24.0;11.7
69;2021-05-08;4301;1652;455192;221336;24.3;11.8
69;2021-05-09;6633;2680;461825;224016;24.6;11.9
69;2021-05-10;6931;6059;468756;230075;25.0;12.3
69;2021-05-11;9825;7041;478581;237116;25.5;12.6
69;2021-05-12;12461;6811;491042;243927;26.2;13.0
69;2021-05-13;10834;2562;501876;246489;26.8;13.1
69;2021-05-14;12582;5224;514458;251713;27.4;13.4
69;2021-05-15;9143;2600;523601;254313;27.9;13.6
69;2021-05-16;8406;1874;532007;256187;28.4;13.7
69;2021-05-17;11305;5654;543312;261841;29.0;14.0
69;2021-05-18;13224;6398;556536;268239;29.7;14.3
69;2021-05-19;13699;5890;570235;274129;30.4;14.6
69;2021-05-20;11376;6086;581611;280215;31.0;14.9
69;2021-05-21;11040;6567;592651;286782;31.6;15.3
69;2021-05-22;5578;2575;598229;289357;31.9;15.4
69;2021-05-23;4568;1544;602797;290901;32.1;15.5
69;2021-05-24;8434;1864;611231;292765;32.6;15.6
69;2021-05-25;9739;6182;620970;298947;33.1;15.9
69;2021-05-26;10278;6113;631248;305060;33.6;16.3
69;2021-05-27;10431;6777;641679;311837;34.2;16.6
69;2021-05-28;11613;8747;653292;320584;34.8;17.1
69;2021-05-29;7389;6035;660681;326619;35.2;17.4
69;2021-05-30;7386;3169;668067;329788;35.6;17.6
69;2021-05-31;10958;6375;679025;336163;36.2;17.9
69;2021-06-01;12771;7522;691796;343685;36.9;18.3
69;2021-06-02;14862;6709;706658;350394;37.7;18.7
69;2021-06-03;16618;7430;723276;357824;38.6;19.1
69;2021-06-04;16173;8554;739449;366378;39.4;19.5
69;2021-06-05;10106;3414;749555;369792;40.0;19.7
69;2021-06-06;7484;1709;757039;371501;40.4;19.8
69;2021-06-07;12793;7040;769832;378541;41.0;20.2
69;2021-06-08;16362;8270;786194;386811;41.9;20.6
69;2021-06-09;15136;7361;801330;394172;42.7;21.0
69;2021-06-10;16250;7315;817580;401487;43.6;21.4
69;2021-06-11;16598;9693;834178;411180;44.5;21.9
69;2021-06-12;8514;4189;842692;415369;44.9;22.1
69;2021-06-13;5621;2141;848313;417510;45.2;22.3
69;2021-06-14;8457;9097;856770;426607;45.7;22.7
69;2021-06-15;10817;11016;867587;437623;46.2;23.3
69;2021-06-16;11241;12316;878828;449939;46.8;24.0
69;2021-06-17;11389;13250;890217;463189;47.5;24.7
69;2021-06-18;11904;14769;902121;477958;48.1;25.5
69;2021-06-19;6802;8347;908923;486305;48.4;25.9
69;2021-06-20;5239;4760;914162;491065;48.7;26.2
69;2021-06-21;6404;12130;920566;503195;49.1;26.8
69;2021-06-22;7153;13837;927719;517032;49.5;27.6
69;2021-06-23;8256;13033;935975;530065;49.9;28.3
69;2021-06-24;9239;13729;945214;543794;50.4;29.0
69;2021-06-25;7035;16313;952249;560107;50.8;29.9
69;2021-06-26;3862;9072;956111;569179;51.0;30.3
69;2021-06-27;3285;7417;959396;576596;51.1;30.7
69;2021-06-28;4208;14881;963604;591477;51.4;31.5
69;2021-06-29;5100;15651;968704;607128;51.6;32.4
69;2021-06-30;6040;14449;974744;621577;52.0;33.1
69;2021-07-01;6629;11934;981373;633511;52.3;33.8
69;2021-07-02;6304;14120;987677;647631;52.6;34.5
69;2021-07-03;5819;7773;993496;655404;53.0;34.9
69;2021-07-04;4023;5558;997519;660962;53.2;35.2
69;2021-07-05;5543;13017;1003062;673979;53.5;35.9
69;2021-07-06;5172;14284;1008234;688263;53.7;36.7
69;2021-07-07;6992;13548;1015226;701811;54.1;37.4
69;2021-07-08;7373;13414;1022599;715225;54.5;38.1
69;2021-07-09;7116;16465;1029715;731690;54.9;39.0
69;2021-07-10;2729;10326;1032444;742016;55.0;39.6
69;2021-07-11;4258;5838;1036702;747854;55.3;39.9
69;2021-07-12;3562;16982;1040264;764836;55.4;40.8
69;2021-07-13;5876;20742;1046140;785578;55.8;41.9
69;2021-07-14;4695;8483;1050835;794061;56.0;42.3
69;2021-07-15;7276;22611;1058111;816672;56.4;43.5
69;2021-07-16;9403;20120;1067514;836792;56.9;44.6
69;2021-07-17;4830;12242;1072344;849034;57.2;45.3
69;2021-07-18;3380;8906;1075724;857940;57.3;45.7
69;2021-07-19;6293;16459;1082017;874399;57.7;46.6
69;2021-07-20;9009;19283;1091026;893682;58.2;47.6
69;2021-07-21;9241;17391;1100267;911073;58.6;48.6
69;2021-07-22;11306;16415;1111573;927488;59.3;49.4
69;2021-07-23;10829;17631;1122402;945119;59.8;50.4
69;2021-07-24;5527;11028;1127929;956147;60.1;51.0
69;2021-07-25;4674;6616;1132603;962763;60.4;51.3
69;2021-07-26;8508;12905;1141111;975668;60.8;52.0
69;2021-07-27;12585;12100;1153696;987768;61.5;52.7
69;2021-07-28;11835;12075;1165531;999843;62.1;53.3
69;2021-07-29;14470;12235;1180001;1012078;62.9;53.9
69;2021-07-30;13422;12119;1193423;1024197;63.6;54.6
69;2021-07-31;7982;7161;1201405;1031358;64.0;55.0
69;2021-08-01;4947;5832;1206352;1037190;64.3;55.3
69;2021-08-02;10046;9489;1216398;1046679;64.8;55.8
70;2020-12-27;0;0;0;0;0.0;0.0
70;2020-12-28;0;0;0;0;0.0;0.0
70;2020-12-29;0;0;0;0;0.0;0.0
70;2020-12-30;0;0;0;0;0.0;0.0
70;2020-12-31;0;0;0;0;0.0;0.0
70;2021-01-01;0;0;0;0;0.0;0.0
70;2021-01-02;0;0;0;0;0.0;0.0
70;2021-01-03;0;0;0;0;0.0;0.0
70;2021-01-04;0;0;0;0;0.0;0.0
70;2021-01-05;0;0;0;0;0.0;0.0
70;2021-01-06;24;0;24;0;0.0;0.0
70;2021-01-07;121;0;145;0;0.1;0.0
70;2021-01-08;21;0;166;0;0.1;0.0
70;2021-01-09;0;0;166;0;0.1;0.0
70;2021-01-10;0;0;166;0;0.1;0.0
70;2021-01-11;147;1;313;1;0.1;0.0
70;2021-01-12;195;1;508;2;0.2;0.0
70;2021-01-13;172;1;680;3;0.3;0.0
70;2021-01-14;149;5;829;8;0.4;0.0
70;2021-01-15;153;0;982;8;0.4;0.0
70;2021-01-16;65;0;1047;8;0.4;0.0
70;2021-01-17;0;0;1047;8;0.4;0.0
70;2021-01-18;390;0;1437;8;0.6;0.0
70;2021-01-19;502;2;1939;10;0.8;0.0
70;2021-01-20;494;2;2433;12;1.0;0.0
70;2021-01-21;673;2;3106;14;1.3;0.0
70;2021-01-22;458;3;3564;17;1.5;0.0
70;2021-01-23;261;2;3825;19;1.6;0.0
70;2021-01-24;4;0;3829;19;1.6;0.0
70;2021-01-25;371;1;4200;20;1.8;0.0
70;2021-01-26;335;1;4535;21;1.9;0.0
70;2021-01-27;328;10;4863;31;2.1;0.0
70;2021-01-28;365;36;5228;67;2.2;0.0
70;2021-01-29;329;52;5557;119;2.4;0.1
70;2021-01-30;228;1;5785;120;2.5;0.1
70;2021-01-31;0;0;5785;120;2.5;0.1
70;2021-02-01;260;51;6045;171;2.6;0.1
70;2021-02-02;272;98;6317;269;2.7;0.1
70;2021-02-03;252;61;6569;330;2.8;0.1
70;2021-02-04;264;122;6833;452;2.9;0.2
70;2021-02-05;254;75;7087;527;3.0;0.2
70;2021-02-06;209;37;7296;564;3.1;0.2
70;2021-02-07;0;0;7296;564;3.1;0.2
70;2021-02-08;179;235;7475;799;3.2;0.3
70;2021-02-09;206;232;7681;1031;3.3;0.4
70;2021-02-10;196;302;7877;1333;3.4;0.6
70;2021-02-11;351;329;8228;1662;3.5;0.7
70;2021-02-12;239;492;8467;2154;3.6;0.9
70;2021-02-13;75;211;8542;2365;3.7;1.0
70;2021-02-14;0;29;8542;2394;3.7;1.0
70;2021-02-15;70;340;8612;2734;3.7;1.2
70;2021-02-16;113;364;8725;3098;3.7;1.3
70;2021-02-17;167;305;8892;3403;3.8;1.5
70;2021-02-18;205;258;9097;3661;3.9;1.6
70;2021-02-19;197;205;9294;3866;4.0;1.7
70;2021-02-20;192;70;9486;3936;4.1;1.7
70;2021-02-21;1;0;9487;3936;4.1;1.7
70;2021-02-22;107;236;9594;4172;4.1;1.8
70;2021-02-23;125;262;9719;4434;4.2;1.9
70;2021-02-24;129;232;9848;4666;4.2;2.0
70;2021-02-25;315;257;10163;4923;4.4;2.1
70;2021-02-26;394;148;10557;5071;4.5;2.2
70;2021-02-27;147;202;10704;5273;4.6;2.3
70;2021-02-28;0;0;10704;5273;4.6;2.3
70;2021-03-01;249;241;10953;5514;4.7;2.4
70;2021-03-02;487;275;11440;5789;4.9;2.5
70;2021-03-03;467;254;11907;6043;5.1;2.6
70;2021-03-04;690;272;12597;6315;5.4;2.7
70;2021-03-05;766;258;13363;6573;5.7;2.8
70;2021-03-06;540;115;13903;6688;6.0;2.9
70;2021-03-07;216;23;14119;6711;6.1;2.9
70;2021-03-08;554;218;14673;6929;6.3;3.0
70;2021-03-09;865;192;15538;7121;6.7;3.1
70;2021-03-10;659;177;16197;7298;6.9;3.1
70;2021-03-11;698;252;16895;7550;7.2;3.2
70;2021-03-12;985;179;17880;7729;7.7;3.3
70;2021-03-13;581;116;18461;7845;7.9;3.4
70;2021-03-14;19;0;18480;7845;7.9;3.4
70;2021-03-15;774;105;19254;7950;8.3;3.4
70;2021-03-16;654;89;19908;8039;8.5;3.4
70;2021-03-17;595;176;20503;8215;8.8;3.5
70;2021-03-18;633;141;21136;8356;9.1;3.6
70;2021-03-19;1017;136;22153;8492;9.5;3.6
70;2021-03-20;641;184;22794;8676;9.8;3.7
70;2021-03-21;9;0;22803;8676;9.8;3.7
70;2021-03-22;755;98;23558;8774;10.1;3.8
70;2021-03-23;1306;156;24864;8930;10.7;3.8
70;2021-03-24;1270;101;26134;9031;11.2;3.9
70;2021-03-25;1244;190;27378;9221;11.7;4.0
70;2021-03-26;1487;295;28865;9516;12.4;4.1
70;2021-03-27;957;125;29822;9641;12.8;4.1
70;2021-03-28;0;10;29822;9651;12.8;4.1
70;2021-03-29;718;410;30540;10061;13.1;4.3
70;2021-03-30;1093;317;31633;10378;13.6;4.5
70;2021-03-31;878;317;32511;10695;13.9;4.6
70;2021-04-01;1153;428;33664;11123;14.4;4.8
70;2021-04-02;1310;336;34974;11459;15.0;4.9
70;2021-04-03;639;320;35613;11779;15.3;5.1
70;2021-04-04;10;0;35623;11779;15.3;5.1
70;2021-04-05;4;2;35627;11781;15.3;5.1
70;2021-04-06;830;554;36457;12335;15.6;5.3
70;2021-04-07;859;583;37316;12918;16.0;5.5
70;2021-04-08;1318;558;38634;13476;16.6;5.8
70;2021-04-09;1402;526;40036;14002;17.2;6.0
70;2021-04-10;858;347;40894;14349;17.5;6.2
70;2021-04-11;21;1;40915;14350;17.5;6.2
70;2021-04-12;695;658;41610;15008;17.8;6.4
70;2021-04-13;921;765;42531;15773;18.2;6.8
70;2021-04-14;815;576;43346;16349;18.6;7.0
70;2021-04-15;1078;603;44424;16952;19.1;7.3
70;2021-04-16;1244;545;45668;17497;19.6;7.5
70;2021-04-17;690;468;46358;17965;19.9;7.7
70;2021-04-18;57;4;46415;17969;19.9;7.7
70;2021-04-19;540;806;46955;18775;20.1;8.1
70;2021-04-20;664;855;47619;19630;20.4;8.4
70;2021-04-21;484;933;48103;20563;20.6;8.8
70;2021-04-22;776;799;48879;21362;21.0;9.2
70;2021-04-23;876;741;49755;22103;21.3;9.5
70;2021-04-24;432;641;50187;22744;21.5;9.8
70;2021-04-25;11;0;50198;22744;21.5;9.8
70;2021-04-26;924;599;51122;23343;21.9;10.0
70;2021-04-27;1210;749;52332;24092;22.4;10.3
70;2021-04-28;889;808;53221;24900;22.8;10.7
70;2021-04-29;1343;920;54564;25820;23.4;11.1
70;2021-04-30;1532;874;56096;26694;24.1;11.4
70;2021-05-01;1693;119;57789;26813;24.8;11.5
70;2021-05-02;2;0;57791;26813;24.8;11.5
70;2021-05-03;1188;564;58979;27377;25.3;11.7
70;2021-05-04;1356;739;60335;28116;25.9;12.1
70;2021-05-05;1190;871;61525;28987;26.4;12.4
70;2021-05-06;1849;1266;63374;30253;27.2;13.0
70;2021-05-07;2126;1229;65500;31482;28.1;13.5
70;2021-05-08;1340;187;66840;31669;28.7;13.6
70;2021-05-09;8;58;66848;31727;28.7;13.6
70;2021-05-10;959;945;67807;32672;29.1;14.0
70;2021-05-11;1239;1067;69046;33739;29.6;14.5
70;2021-05-12;1175;866;70221;34605;30.1;14.8
70;2021-05-13;1544;146;71765;34751;30.8;14.9
70;2021-05-14;2062;754;73827;35505;31.7;15.2
70;2021-05-15;2658;529;76485;36034;32.8;15.5
70;2021-05-16;999;71;77484;36105;33.2;15.5
70;2021-05-17;1237;383;78721;36488;33.8;15.6
70;2021-05-18;1296;590;80017;37078;34.3;15.9
70;2021-05-19;1476;480;81493;37558;34.9;16.1
70;2021-05-20;1780;629;83273;38187;35.7;16.4
70;2021-05-21;1690;819;84963;39006;36.4;16.7
70;2021-05-22;1221;663;86184;39669;37.0;17.0
70;2021-05-23;8;14;86192;39683;37.0;17.0
70;2021-05-24;222;25;86414;39708;37.1;17.0
70;2021-05-25;835;925;87249;40633;37.4;17.4
70;2021-05-26;1047;943;88296;41576;37.9;17.8
70;2021-05-27;1263;996;89559;42572;38.4;18.3
70;2021-05-28;1546;1164;91105;43736;39.1;18.8
70;2021-05-29;1371;587;92476;44323;39.7;19.0
70;2021-05-30;1;8;92477;44331;39.7;19.0
70;2021-05-31;969;677;93446;45008;40.1;19.3
70;2021-06-01;1213;851;94659;45859;40.6;19.7
70;2021-06-02;1263;675;95922;46534;41.1;20.0
70;2021-06-03;1430;841;97352;47375;41.7;20.3
70;2021-06-04;1336;1107;98688;48482;42.3;20.8
70;2021-06-05;1025;662;99713;49144;42.8;21.1
70;2021-06-06;598;79;100311;49223;43.0;21.1
70;2021-06-07;941;850;101252;50073;43.4;21.5
70;2021-06-08;1217;1177;102469;51250;43.9;22.0
70;2021-06-09;1156;989;103625;52239;44.4;22.4
70;2021-06-10;1565;825;105190;53064;45.1;22.8
70;2021-06-11;1587;1956;106777;55020;45.8;23.6
70;2021-06-12;829;1970;107606;56990;46.1;24.4
70;2021-06-13;142;13;107748;57003;46.2;24.4
70;2021-06-14;557;1243;108305;58246;46.4;25.0
70;2021-06-15;450;1505;108755;59751;46.6;25.6
70;2021-06-16;798;1391;109553;61142;47.0;26.2
70;2021-06-17;1149;2096;110702;63238;47.5;27.1
70;2021-06-18;993;2253;111695;65491;47.9;28.1
70;2021-06-19;1090;1638;112785;67129;48.4;28.8
70;2021-06-20;1;3;112786;67132;48.4;28.8
70;2021-06-21;692;1454;113478;68586;48.7;29.4
70;2021-06-22;652;1510;114130;70096;48.9;30.1
70;2021-06-23;659;1570;114789;71666;49.2;30.7
70;2021-06-24;875;2050;115664;73716;49.6;31.6
70;2021-06-25;682;2645;116346;76361;49.9;32.7
70;2021-06-26;943;2139;117289;78500;50.3;33.7
70;2021-06-27;140;760;117429;79260;50.4;34.0
70;2021-06-28;336;1348;117765;80608;50.5;34.6
70;2021-06-29;410;1609;118175;82217;50.7;35.3
70;2021-06-30;388;1632;118563;83849;50.8;36.0
70;2021-07-01;640;1750;119203;85599;51.1;36.7
70;2021-07-02;814;1576;120017;87175;51.5;37.4
70;2021-07-03;836;1078;120853;88253;51.8;37.8
70;2021-07-04;28;70;120881;88323;51.8;37.9
70;2021-07-05;609;1035;121490;89358;52.1;38.3
70;2021-07-06;681;1274;122171;90632;52.4;38.9
70;2021-07-07;504;1425;122675;92057;52.6;39.5
70;2021-07-08;814;1574;123489;93631;53.0;40.2
70;2021-07-09;869;1663;124358;95294;53.3;40.9
70;2021-07-10;830;1031;125188;96325;53.7;41.3
70;2021-07-11;6;20;125194;96345;53.7;41.3
70;2021-07-12;429;1398;125623;97743;53.9;41.9
70;2021-07-13;906;1867;126529;99610;54.3;42.7
70;2021-07-14;33;6;126562;99616;54.3;42.7
70;2021-07-15;1374;1694;127936;101310;54.9;43.4
70;2021-07-16;1616;2061;129552;103371;55.6;44.3
70;2021-07-17;1498;1449;131050;104820;56.2;44.9
70;2021-07-18;1138;637;132188;105457;56.7;45.2
70;2021-07-19;875;970;133063;106427;57.1;45.6
70;2021-07-20;1351;1360;134414;107787;57.6;46.2
70;2021-07-21;1278;1396;135692;109183;58.2;46.8
70;2021-07-22;1863;1820;137555;111003;59.0;47.6
70;2021-07-23;1826;2488;139381;113491;59.8;48.7
70;2021-07-24;1363;1798;140744;115289;60.4;49.4
70;2021-07-25;25;2;140769;115291;60.4;49.4
70;2021-07-26;1051;971;141820;116262;60.8;49.9
70;2021-07-27;1389;972;143209;117234;61.4;50.3
70;2021-07-28;1393;1158;144602;118392;62.0;50.8
70;2021-07-29;1869;1374;146471;119766;62.8;51.4
70;2021-07-30;1964;1332;148435;121098;63.7;51.9
70;2021-07-31;1742;1155;150177;122253;64.4;52.4
70;2021-08-01;0;3;150177;122256;64.4;52.4
70;2021-08-02;773;731;150950;122987;64.7;52.7
71;2020-12-27;0;0;0;0;0.0;0.0
71;2020-12-28;0;0;0;0;0.0;0.0
71;2020-12-29;0;0;0;0;0.0;0.0
71;2020-12-30;0;0;0;0;0.0;0.0
71;2020-12-31;0;0;0;0;0.0;0.0
71;2021-01-01;0;0;0;0;0.0;0.0
71;2021-01-02;0;0;0;0;0.0;0.0
71;2021-01-03;1;0;1;0;0.0;0.0
71;2021-01-04;1;0;2;0;0.0;0.0
71;2021-01-05;12;0;14;0;0.0;0.0
71;2021-01-06;72;0;86;0;0.0;0.0
71;2021-01-07;66;1;152;1;0.0;0.0
71;2021-01-08;146;0;298;1;0.1;0.0
71;2021-01-09;117;0;415;1;0.1;0.0
71;2021-01-10;1;0;416;1;0.1;0.0
71;2021-01-11;245;0;661;1;0.1;0.0
71;2021-01-12;845;1;1506;2;0.3;0.0
71;2021-01-13;562;2;2068;4;0.4;0.0
71;2021-01-14;581;9;2649;13;0.5;0.0
71;2021-01-15;666;1;3315;14;0.6;0.0
71;2021-01-16;9;0;3324;14;0.6;0.0
71;2021-01-17;0;0;3324;14;0.6;0.0
71;2021-01-18;1094;6;4418;20;0.8;0.0
71;2021-01-19;1679;8;6097;28;1.1;0.0
71;2021-01-20;1509;5;7606;33;1.4;0.0
71;2021-01-21;2056;14;9662;47;1.8;0.0
71;2021-01-22;1411;6;11073;53;2.0;0.0
71;2021-01-23;814;5;11887;58;2.2;0.0
71;2021-01-24;0;0;11887;58;2.2;0.0
71;2021-01-25;1062;6;12949;64;2.4;0.0
71;2021-01-26;1504;17;14453;81;2.6;0.0
71;2021-01-27;1248;32;15701;113;2.9;0.0
71;2021-01-28;1081;95;16782;208;3.1;0.0
71;2021-01-29;1014;145;17796;353;3.2;0.1
71;2021-01-30;604;2;18400;355;3.4;0.1
71;2021-01-31;1;15;18401;370;3.4;0.1
71;2021-02-01;750;239;19151;609;3.5;0.1
71;2021-02-02;752;357;19903;966;3.6;0.2
71;2021-02-03;818;425;20721;1391;3.8;0.3
71;2021-02-04;780;572;21501;1963;3.9;0.4
71;2021-02-05;706;525;22207;2488;4.1;0.5
71;2021-02-06;535;9;22742;2497;4.2;0.5
71;2021-02-07;3;50;22745;2547;4.2;0.5
71;2021-02-08;603;700;23348;3247;4.3;0.6
71;2021-02-09;372;1014;23720;4261;4.3;0.8
71;2021-02-10;409;997;24129;5258;4.4;1.0
71;2021-02-11;473;1180;24602;6438;4.5;1.2
71;2021-02-12;534;1037;25136;7475;4.6;1.4
71;2021-02-13;125;515;25261;7990;4.6;1.5
71;2021-02-14;1;7;25262;7997;4.6;1.5
71;2021-02-15;324;913;25586;8910;4.7;1.6
71;2021-02-16;442;1366;26028;10276;4.8;1.9
71;2021-02-17;426;1124;26454;11400;4.8;2.1
71;2021-02-18;548;937;27002;12337;4.9;2.3
71;2021-02-19;574;856;27576;13193;5.0;2.4
71;2021-02-20;224;380;27800;13573;5.1;2.5
71;2021-02-21;3;13;27803;13586;5.1;2.5
71;2021-02-22;237;879;28040;14465;5.1;2.6
71;2021-02-23;452;925;28492;15390;5.2;2.8
71;2021-02-24;444;723;28936;16113;5.3;2.9
71;2021-02-25;530;727;29466;16840;5.4;3.1
71;2021-02-26;830;532;30296;17372;5.5;3.2
71;2021-02-27;456;339;30752;17711;5.6;3.2
71;2021-02-28;54;14;30806;17725;5.6;3.2
71;2021-03-01;1187;680;31993;18405;5.8;3.4
71;2021-03-02;1574;641;33567;19046;6.1;3.5
71;2021-03-03;1817;768;35384;19814;6.5;3.6
71;2021-03-04;1997;809;37381;20623;6.8;3.8
71;2021-03-05;2285;688;39666;21311;7.2;3.9
71;2021-03-06;755;60;40421;21371;7.4;3.9
71;2021-03-07;39;21;40460;21392;7.4;3.9
71;2021-03-08;1451;777;41911;22169;7.7;4.0
71;2021-03-09;2160;519;44071;22688;8.0;4.1
71;2021-03-10;2166;456;46237;23144;8.4;4.2
71;2021-03-11;2633;647;48870;23791;8.9;4.3
71;2021-03-12;2605;609;51475;24400;9.4;4.5
71;2021-03-13;995;97;52470;24497;9.6;4.5
71;2021-03-14;35;0;52505;24497;9.6;4.5
71;2021-03-15;1799;491;54304;24988;9.9;4.6
71;2021-03-16;1821;194;56125;25182;10.2;4.6
71;2021-03-17;2131;247;58256;25429;10.6;4.6
71;2021-03-18;1951;428;60207;25857;11.0;4.7
71;2021-03-19;2366;322;62573;26179;11.4;4.8
71;2021-03-20;1082;35;63655;26214;11.6;4.8
71;2021-03-21;16;5;63671;26219;11.6;4.8
71;2021-03-22;2576;362;66247;26581;12.1;4.9
71;2021-03-23;3346;494;69593;27075;12.7;4.9
71;2021-03-24;3346;450;72939;27525;13.3;5.0
71;2021-03-25;4023;579;76962;28104;14.0;5.1
71;2021-03-26;4048;325;81010;28429;14.8;5.2
71;2021-03-27;998;105;82008;28534;15.0;5.2
71;2021-03-28;56;8;82064;28542;15.0;5.2
71;2021-03-29;2401;1172;84465;29714;15.4;5.4
71;2021-03-30;2953;1354;87418;31068;16.0;5.7
71;2021-03-31;2552;1512;89970;32580;16.4;5.9
71;2021-04-01;2717;1295;92687;33875;16.9;6.2
71;2021-04-02;2503;1415;95190;35290;17.4;6.4
71;2021-04-03;267;33;95457;35323;17.4;6.4
71;2021-04-04;5;0;95462;35323;17.4;6.4
71;2021-04-05;61;0;95523;35323;17.4;6.4
71;2021-04-06;2260;1870;97783;37193;17.8;6.8
71;2021-04-07;2391;1791;100174;38984;18.3;7.1
71;2021-04-08;3281;1804;103455;40788;18.9;7.4
71;2021-04-09;4038;1667;107493;42455;19.6;7.7
71;2021-04-10;769;42;108262;42497;19.8;7.8
71;2021-04-11;100;3;108362;42500;19.8;7.8
71;2021-04-12;2351;1698;110713;44198;20.2;8.1
71;2021-04-13;2579;1890;113292;46088;20.7;8.4
71;2021-04-14;2365;1918;115657;48006;21.1;8.8
71;2021-04-15;2775;1684;118432;49690;21.6;9.1
71;2021-04-16;2625;1643;121057;51333;22.1;9.4
71;2021-04-17;952;343;122009;51676;22.3;9.4
71;2021-04-18;106;5;122115;51681;22.3;9.4
71;2021-04-19;1758;2575;123873;54256;22.6;9.9
71;2021-04-20;2218;2595;126091;56851;23.0;10.4
71;2021-04-21;2124;2597;128215;59448;23.4;10.9
71;2021-04-22;2511;2437;130726;61885;23.9;11.3
71;2021-04-23;2916;2263;133642;64148;24.4;11.7
71;2021-04-24;517;49;134159;64197;24.5;11.7
71;2021-04-25;24;0;134183;64197;24.5;11.7
71;2021-04-26;2567;2125;136750;66322;25.0;12.1
71;2021-04-27;2982;2257;139732;68579;25.5;12.5
71;2021-04-28;3074;2127;142806;70706;26.1;12.9
71;2021-04-29;3779;2231;146585;72937;26.8;13.3
71;2021-04-30;3928;1723;150513;74660;27.5;13.6
71;2021-05-01;38;53;150551;74713;27.5;13.6
71;2021-05-02;23;18;150574;74731;27.5;13.6
71;2021-05-03;4289;1381;154863;76112;28.3;13.9
71;2021-05-04;2956;2348;157819;78460;28.8;14.3
71;2021-05-05;3427;2089;161246;80549;29.4;14.7
71;2021-05-06;3464;2364;164710;82913;30.1;15.1
71;2021-05-07;3671;2811;168381;85724;30.7;15.6
71;2021-05-08;179;183;168560;85907;30.8;15.7
71;2021-05-09;43;47;168603;85954;30.8;15.7
71;2021-05-10;3699;2283;172302;88237;31.5;16.1
71;2021-05-11;4648;2333;176950;90570;32.3;16.5
71;2021-05-12;3975;2586;180925;93156;33.0;17.0
71;2021-05-13;1575;154;182500;93310;33.3;17.0
71;2021-05-14;3761;2188;186261;95498;34.0;17.4
71;2021-05-15;242;327;186503;95825;34.0;17.5
71;2021-05-16;2;0;186505;95825;34.0;17.5
71;2021-05-17;3863;1882;190368;97707;34.7;17.8
71;2021-05-18;3497;2422;193865;100129;35.4;18.3
71;2021-05-19;3719;2281;197584;102410;36.1;18.7
71;2021-05-20;4179;2294;201763;104704;36.8;19.1
71;2021-05-21;3721;2573;205484;107277;37.5;19.6
71;2021-05-22;168;306;205652;107583;37.5;19.6
71;2021-05-23;13;55;205665;107638;37.5;19.6
71;2021-05-24;18;96;205683;107734;37.5;19.7
71;2021-05-25;2692;3008;208375;110742;38.0;20.2
71;2021-05-26;2970;2431;211345;113173;38.6;20.7
71;2021-05-27;3388;2587;214733;115760;39.2;21.1
71;2021-05-28;2918;3161;217651;118921;39.7;21.7
71;2021-05-29;481;659;218132;119580;39.8;21.8
71;2021-05-30;75;57;218207;119637;39.8;21.8
71;2021-05-31;2773;3458;220980;123095;40.3;22.5
71;2021-06-01;3659;3542;224639;126637;41.0;23.1
71;2021-06-02;3993;2622;228632;129259;41.7;23.6
71;2021-06-03;4436;2530;233068;131789;42.5;24.1
71;2021-06-04;3715;3714;236783;135503;43.2;24.7
71;2021-06-05;681;644;237464;136147;43.3;24.9
71;2021-06-06;57;91;237521;136238;43.4;24.9
71;2021-06-07;3278;4145;240799;140383;44.0;25.6
71;2021-06-08;3896;4010;244695;144393;44.7;26.4
71;2021-06-09;4691;2747;249386;147140;45.5;26.9
71;2021-06-10;5267;2738;254653;149878;46.5;27.4
71;2021-06-11;4436;3719;259089;153597;47.3;28.0
71;2021-06-12;710;593;259799;154190;47.4;28.1
71;2021-06-13;103;186;259902;154376;47.4;28.2
71;2021-06-14;3512;3779;263414;158155;48.1;28.9
71;2021-06-15;4203;3560;267617;161715;48.9;29.5
71;2021-06-16;4593;2720;272210;164435;49.7;30.0
71;2021-06-17;4265;2998;276475;167433;50.5;30.6
71;2021-06-18;4322;3770;280797;171203;51.3;31.3
71;2021-06-19;1270;651;282067;171854;51.5;31.4
71;2021-06-20;37;27;282104;171881;51.5;31.4
71;2021-06-21;2271;4281;284375;176162;51.9;32.2
71;2021-06-22;2684;4350;287059;180512;52.4;33.0
71;2021-06-23;3061;3414;290120;183926;53.0;33.6
71;2021-06-24;3325;3020;293445;186946;53.6;34.1
71;2021-06-25;2648;4473;296093;191419;54.0;34.9
71;2021-06-26;370;550;296463;191969;54.1;35.0
71;2021-06-27;30;68;296493;192037;54.1;35.1
71;2021-06-28;1531;4619;298024;196656;54.4;35.9
71;2021-06-29;1982;4819;300006;201475;54.8;36.8
71;2021-06-30;2487;3929;302493;205404;55.2;37.5
71;2021-07-01;2634;3902;305127;209306;55.7;38.2
71;2021-07-02;2900;3982;308027;213288;56.2;38.9
71;2021-07-03;316;709;308343;213997;56.3;39.1
71;2021-07-04;28;133;308371;214130;56.3;39.1
71;2021-07-05;2468;4323;310839;218453;56.7;39.9
71;2021-07-06;2457;4576;313296;223029;57.2;40.7
71;2021-07-07;2945;3729;316241;226758;57.7;41.4
71;2021-07-08;2759;4115;319000;230873;58.2;42.1
71;2021-07-09;2284;5027;321284;235900;58.6;43.1
71;2021-07-10;203;656;321487;236556;58.7;43.2
71;2021-07-11;14;65;321501;236621;58.7;43.2
71;2021-07-12;1899;5317;323400;241938;59.0;44.2
71;2021-07-13;2518;5870;325918;247808;59.5;45.2
71;2021-07-14;945;399;326863;248207;59.7;45.3
71;2021-07-15;3008;5742;329871;253949;60.2;46.4
71;2021-07-16;3281;6017;333152;259966;60.8;47.5
71;2021-07-17;500;781;333652;260747;60.9;47.6
71;2021-07-18;87;92;333739;260839;60.9;47.6
71;2021-07-19;2853;5594;336592;266433;61.4;48.6
71;2021-07-20;3332;5920;339924;272353;62.0;49.7
71;2021-07-21;3390;5465;343314;277818;62.7;50.7
71;2021-07-22;3929;5331;347243;283149;63.4;51.7
71;2021-07-23;3211;5997;350454;289146;64.0;52.8
71;2021-07-24;585;581;351039;289727;64.1;52.9
71;2021-07-25;145;80;351184;289807;64.1;52.9
71;2021-07-26;3516;4895;354700;294702;64.7;53.8
71;2021-07-27;4047;5106;358747;299808;65.5;54.7
71;2021-07-28;4208;4810;362955;304618;66.3;55.6
71;2021-07-29;4180;4626;367135;309244;67.0;56.4
71;2021-07-30;4202;4904;371337;314148;67.8;57.3
71;2021-07-31;718;723;372055;314871;67.9;57.5
71;2021-08-01;92;33;372147;314904;67.9;57.5
71;2021-08-02;3923;3730;376070;318634;68.6;58.2
72;2020-12-27;0;0;0;0;0.0;0.0
72;2020-12-28;0;0;0;0;0.0;0.0
72;2020-12-29;0;0;0;0;0.0;0.0
72;2020-12-30;0;0;0;0;0.0;0.0
72;2020-12-31;0;0;0;0;0.0;0.0
72;2021-01-01;2;0;2;0;0.0;0.0
72;2021-01-02;0;0;2;0;0.0;0.0
72;2021-01-03;0;0;2;0;0.0;0.0
72;2021-01-04;0;0;2;0;0.0;0.0
72;2021-01-05;14;0;16;0;0.0;0.0
72;2021-01-06;27;0;43;0;0.0;0.0
72;2021-01-07;110;0;153;0;0.0;0.0
72;2021-01-08;232;0;385;0;0.1;0.0
72;2021-01-09;36;0;421;0;0.1;0.0
72;2021-01-10;0;0;421;0;0.1;0.0
72;2021-01-11;485;1;906;1;0.2;0.0
72;2021-01-12;614;1;1520;2;0.3;0.0
72;2021-01-13;500;1;2020;3;0.4;0.0
72;2021-01-14;644;3;2664;6;0.5;0.0
72;2021-01-15;478;1;3142;7;0.6;0.0
72;2021-01-16;93;0;3235;7;0.6;0.0
72;2021-01-17;0;0;3235;7;0.6;0.0
72;2021-01-18;292;0;3527;7;0.6;0.0
72;2021-01-19;773;3;4300;10;0.8;0.0
72;2021-01-20;1518;5;5818;15;1.0;0.0
72;2021-01-21;1743;5;7561;20;1.3;0.0
72;2021-01-22;1150;6;8711;26;1.6;0.0
72;2021-01-23;32;0;8743;26;1.6;0.0
72;2021-01-24;0;0;8743;26;1.6;0.0
72;2021-01-25;502;6;9245;32;1.7;0.0
72;2021-01-26;1165;22;10410;54;1.9;0.0
72;2021-01-27;882;19;11292;73;2.0;0.0
72;2021-01-28;776;68;12068;141;2.2;0.0
72;2021-01-29;712;70;12780;211;2.3;0.0
72;2021-01-30;58;0;12838;211;2.3;0.0
72;2021-01-31;1;0;12839;211;2.3;0.0
72;2021-02-01;498;229;13337;440;2.4;0.1
72;2021-02-02;506;295;13843;735;2.5;0.1
72;2021-02-03;484;229;14327;964;2.6;0.2
72;2021-02-04;475;342;14802;1306;2.6;0.2
72;2021-02-05;509;408;15311;1714;2.7;0.3
72;2021-02-06;83;14;15394;1728;2.7;0.3
72;2021-02-07;19;3;15413;1731;2.8;0.3
72;2021-02-08;309;405;15722;2136;2.8;0.4
72;2021-02-09;489;533;16211;2669;2.9;0.5
72;2021-02-10;551;929;16762;3598;3.0;0.6
72;2021-02-11;852;1351;17614;4949;3.1;0.9
72;2021-02-12;849;595;18463;5544;3.3;1.0
72;2021-02-13;108;38;18571;5582;3.3;1.0
72;2021-02-14;1;22;18572;5604;3.3;1.0
72;2021-02-15;220;504;18792;6108;3.4;1.1
72;2021-02-16;498;1030;19290;7138;3.4;1.3
72;2021-02-17;464;718;19754;7856;3.5;1.4
72;2021-02-18;594;637;20348;8493;3.6;1.5
72;2021-02-19;520;600;20868;9093;3.7;1.6
72;2021-02-20;79;57;20947;9150;3.7;1.6
72;2021-02-21;0;0;20947;9150;3.7;1.6
72;2021-02-22;325;583;21272;9733;3.8;1.7
72;2021-02-23;566;530;21838;10263;3.9;1.8
72;2021-02-24;434;470;22272;10733;4.0;1.9
72;2021-02-25;920;566;23192;11299;4.1;2.0
72;2021-02-26;600;514;23792;11813;4.2;2.1
72;2021-02-27;322;67;24114;11880;4.3;2.1
72;2021-02-28;15;17;24129;11897;4.3;2.1
72;2021-03-01;377;482;24506;12379;4.4;2.2
72;2021-03-02;503;605;25009;12984;4.5;2.3
72;2021-03-03;732;652;25741;13636;4.6;2.4
72;2021-03-04;737;781;26478;14417;4.7;2.6
72;2021-03-05;936;771;27414;15188;4.9;2.7
72;2021-03-06;756;133;28170;15321;5.0;2.7
72;2021-03-07;447;24;28617;15345;5.1;2.7
72;2021-03-08;558;467;29175;15812;5.2;2.8
72;2021-03-09;1039;657;30214;16469;5.4;2.9
72;2021-03-10;1134;665;31348;17134;5.6;3.1
72;2021-03-11;1606;492;32954;17626;5.9;3.1
72;2021-03-12;1361;518;34315;18144;6.1;3.2
72;2021-03-13;981;116;35296;18260;6.3;3.3
72;2021-03-14;14;10;35310;18270;6.3;3.3
72;2021-03-15;1157;221;36467;18491;6.5;3.3
72;2021-03-16;1051;189;37518;18680;6.7;3.3
72;2021-03-17;1030;257;38548;18937;6.9;3.4
72;2021-03-18;1087;370;39635;19307;7.1;3.4
72;2021-03-19;1274;290;40909;19597;7.3;3.5
72;2021-03-20;486;91;41395;19688;7.4;3.5
72;2021-03-21;19;0;41414;19688;7.4;3.5
72;2021-03-22;1349;341;42763;20029;7.6;3.6
72;2021-03-23;1722;477;44485;20506;7.9;3.7
72;2021-03-24;1837;301;46322;20807;8.3;3.7
72;2021-03-25;2444;456;48766;21263;8.7;3.8
72;2021-03-26;2334;371;51100;21634;9.1;3.9
72;2021-03-27;611;28;51711;21662;9.2;3.9
72;2021-03-28;22;0;51733;21662;9.2;3.9
72;2021-03-29;1616;378;53349;22040;9.5;3.9
72;2021-03-30;2494;383;55843;22423;10.0;4.0
72;2021-03-31;2133;359;57976;22782;10.3;4.1
72;2021-04-01;2834;337;60810;23119;10.9;4.1
72;2021-04-02;2247;393;63057;23512;11.3;4.2
72;2021-04-03;292;37;63349;23549;11.3;4.2
72;2021-04-04;14;3;63363;23552;11.3;4.2
72;2021-04-05;51;49;63414;23601;11.3;4.2
72;2021-04-06;1760;466;65174;24067;11.6;4.3
72;2021-04-07;2562;592;67736;24659;12.1;4.4
72;2021-04-08;2714;768;70450;25427;12.6;4.5
72;2021-04-09;3860;568;74310;25995;13.3;4.6
72;2021-04-10;1111;46;75421;26041;13.5;4.6
72;2021-04-11;7;1;75428;26042;13.5;4.6
72;2021-04-12;1848;895;77276;26937;13.8;4.8
72;2021-04-13;2360;1069;79636;28006;14.2;5.0
72;2021-04-14;2246;1093;81882;29099;14.6;5.2
72;2021-04-15;2421;1111;84303;30210;15.0;5.4
72;2021-04-16;2562;957;86865;31167;15.5;5.6
72;2021-04-17;707;141;87572;31308;15.6;5.6
72;2021-04-18;57;2;87629;31310;15.6;5.6
72;2021-04-19;1395;1095;89024;32405;15.9;5.8
72;2021-04-20;3000;1292;92024;33697;16.4;6.0
72;2021-04-21;2515;1559;94539;35256;16.9;6.3
72;2021-04-22;2814;1792;97353;37048;17.4;6.6
72;2021-04-23;3206;1445;100559;38493;17.9;6.9
72;2021-04-24;1400;264;101959;38757;18.2;6.9
72;2021-04-25;881;19;102840;38776;18.4;6.9
72;2021-04-26;3511;1470;106351;40246;19.0;7.2
72;2021-04-27;4089;1856;110440;42102;19.7;7.5
72;2021-04-28;3832;1859;114272;43961;20.4;7.8
72;2021-04-29;4157;1812;118429;45773;21.1;8.2
72;2021-04-30;3612;1707;122041;47480;21.8;8.5
72;2021-05-01;1642;222;123683;47702;22.1;8.5
72;2021-05-02;1533;156;125216;47858;22.4;8.5
72;2021-05-03;3457;1150;128673;49008;23.0;8.7
72;2021-05-04;4012;1796;132685;50804;23.7;9.1
72;2021-05-05;3868;2176;136553;52980;24.4;9.5
72;2021-05-06;3596;1936;140149;54916;25.0;9.8
72;2021-05-07;3545;2150;143694;57066;25.6;10.2
72;2021-05-08;1901;150;145595;57216;26.0;10.2
72;2021-05-09;2082;204;147677;57420;26.4;10.2
72;2021-05-10;3771;1517;151448;58937;27.0;10.5
72;2021-05-11;4597;1990;156045;60927;27.9;10.9
72;2021-05-12;4081;1821;160126;62748;28.6;11.2
72;2021-05-13;3032;268;163158;63016;29.1;11.2
72;2021-05-14;3663;1384;166821;64400;29.8;11.5
72;2021-05-15;3122;361;169943;64761;30.3;11.6
72;2021-05-16;2501;152;172444;64913;30.8;11.6
72;2021-05-17;3724;1277;176168;66190;31.4;11.8
72;2021-05-18;4332;1686;180500;67876;32.2;12.1
72;2021-05-19;3977;1504;184477;69380;32.9;12.4
72;2021-05-20;4258;1451;188735;70831;33.7;12.6
72;2021-05-21;3791;1386;192526;72217;34.4;12.9
72;2021-05-22;2560;506;195086;72723;34.8;13.0
72;2021-05-23;1391;162;196477;72885;35.1;13.0
72;2021-05-24;2353;292;198830;73177;35.5;13.1
72;2021-05-25;4073;1407;202903;74584;36.2;13.3
72;2021-05-26;4097;1409;207000;75993;36.9;13.6
72;2021-05-27;4346;2042;211346;78035;37.7;13.9
72;2021-05-28;4106;2015;215452;80050;38.5;14.3
72;2021-05-29;2667;809;218119;80859;38.9;14.4
72;2021-05-30;1142;871;219261;81730;39.1;14.6
72;2021-05-31;3120;2329;222381;84059;39.7;15.0
72;2021-06-01;3563;2666;225944;86725;40.3;15.5
72;2021-06-02;3610;2781;229554;89506;41.0;16.0
72;2021-06-03;4241;3000;233795;92506;41.7;16.5
72;2021-06-04;3892;2751;237687;95257;42.4;17.0
72;2021-06-05;1438;2567;239125;97824;42.7;17.5
72;2021-06-06;910;1539;240035;99363;42.8;17.7
72;2021-06-07;1747;3421;241782;102784;43.2;18.3
72;2021-06-08;2928;3831;244710;106615;43.7;19.0
72;2021-06-09;2651;3365;247361;109980;44.2;19.6
72;2021-06-10;2828;3308;250189;113288;44.7;20.2
72;2021-06-11;2839;3773;253028;117061;45.2;20.9
72;2021-06-12;1243;2599;254271;119660;45.4;21.4
72;2021-06-13;388;1858;254659;121518;45.5;21.7
72;2021-06-14;1326;4126;255985;125644;45.7;22.4
72;2021-06-15;2753;3512;258738;129156;46.2;23.1
72;2021-06-16;2427;3571;261165;132727;46.6;23.7
72;2021-06-17;2319;3874;263484;136601;47.0;24.4
72;2021-06-18;2307;4306;265791;140907;47.4;25.2
72;2021-06-19;1127;2762;266918;143669;47.6;25.6
72;2021-06-20;338;2057;267256;145726;47.7;26.0
72;2021-06-21;1567;4030;268823;149756;48.0;26.7
72;2021-06-22;1711;4991;270534;154747;48.3;27.6
72;2021-06-23;2002;4220;272536;158967;48.6;28.4
72;2021-06-24;2225;4011;274761;162978;49.0;29.1
72;2021-06-25;1769;4843;276530;167821;49.4;30.0
72;2021-06-26;1187;2877;277717;170698;49.6;30.5
72;2021-06-27;392;2112;278109;172810;49.6;30.8
72;2021-06-28;1438;4291;279547;177101;49.9;31.6
72;2021-06-29;1761;4745;281308;181846;50.2;32.5
72;2021-06-30;1975;4168;283283;186014;50.6;33.2
72;2021-07-01;1936;4418;285219;190432;50.9;34.0
72;2021-07-02;1847;4718;287066;195150;51.2;34.8
72;2021-07-03;1289;3121;288355;198271;51.5;35.4
72;2021-07-04;581;1947;288936;200218;51.6;35.7
72;2021-07-05;1188;4171;290124;204389;51.8;36.5
72;2021-07-06;1458;5168;291582;209557;52.0;37.4
72;2021-07-07;1577;4617;293159;214174;52.3;38.2
72;2021-07-08;1645;4336;294804;218510;52.6;39.0
72;2021-07-09;2099;4625;296903;223135;53.0;39.8
72;2021-07-10;1583;2692;298486;225827;53.3;40.3
72;2021-07-11;949;1590;299435;227417;53.4;40.6
72;2021-07-12;1590;3757;301025;231174;53.7;41.3
72;2021-07-13;2082;4779;303107;235953;54.1;42.1
72;2021-07-14;1314;2367;304421;238320;54.3;42.5
72;2021-07-15;3473;3433;307894;241753;55.0;43.2
72;2021-07-16;3160;4131;311054;245884;55.5;43.9
72;2021-07-17;2626;1763;313680;247647;56.0;44.2
72;2021-07-18;1704;815;315384;248462;56.3;44.4
72;2021-07-19;2903;3513;318287;251975;56.8;45.0
72;2021-07-20;3023;4288;321310;256263;57.4;45.7
72;2021-07-21;2870;3596;324180;259859;57.9;46.4
72;2021-07-22;3745;2911;327925;262770;58.5;46.9
72;2021-07-23;3446;3783;331371;266553;59.1;47.6
72;2021-07-24;2811;1459;334182;268012;59.7;47.8
72;2021-07-25;1448;1075;335630;269087;59.9;48.0
72;2021-07-26;2715;2919;338345;272006;60.4;48.6
72;2021-07-27;3839;3809;342184;275815;61.1;49.2
72;2021-07-28;3556;3120;345740;278935;61.7;49.8
72;2021-07-29;3553;2705;349293;281640;62.3;50.3
72;2021-07-30;3741;3367;353034;285007;63.0;50.9
72;2021-07-31;2542;1741;355576;286748;63.5;51.2
72;2021-08-01;1826;427;357402;287175;63.8;51.3
72;2021-08-02;3204;2272;360606;289447;64.4;51.7
73;2020-12-27;0;0;0;0;0.0;0.0
73;2020-12-28;1;0;1;0;0.0;0.0
73;2020-12-29;0;0;1;0;0.0;0.0
73;2020-12-30;0;0;1;0;0.0;0.0
73;2020-12-31;0;0;1;0;0.0;0.0
73;2021-01-01;0;0;1;0;0.0;0.0
73;2021-01-02;0;0;1;0;0.0;0.0
73;2021-01-03;0;0;1;0;0.0;0.0
73;2021-01-04;1;0;2;0;0.0;0.0
73;2021-01-05;0;0;2;0;0.0;0.0
73;2021-01-06;1;0;3;0;0.0;0.0
73;2021-01-07;30;0;33;0;0.0;0.0
73;2021-01-08;81;0;114;0;0.0;0.0
73;2021-01-09;0;0;114;0;0.0;0.0
73;2021-01-10;0;0;114;0;0.0;0.0
73;2021-01-11;85;0;199;0;0.0;0.0
73;2021-01-12;303;1;502;1;0.1;0.0
73;2021-01-13;356;1;858;2;0.2;0.0
73;2021-01-14;512;2;1370;4;0.3;0.0
73;2021-01-15;616;1;1986;5;0.5;0.0
73;2021-01-16;127;0;2113;5;0.5;0.0
73;2021-01-17;0;0;2113;5;0.5;0.0
73;2021-01-18;624;0;2737;5;0.6;0.0
73;2021-01-19;1238;3;3975;8;0.9;0.0
73;2021-01-20;951;1;4926;9;1.1;0.0
73;2021-01-21;982;5;5908;14;1.4;0.0
73;2021-01-22;945;0;6853;14;1.6;0.0
73;2021-01-23;387;0;7240;14;1.7;0.0
73;2021-01-24;0;0;7240;14;1.7;0.0
73;2021-01-25;656;5;7896;19;1.8;0.0
73;2021-01-26;761;2;8657;21;2.0;0.0
73;2021-01-27;1104;5;9761;26;2.3;0.0
73;2021-01-28;960;5;10721;31;2.5;0.0
73;2021-01-29;684;5;11405;36;2.6;0.0
73;2021-01-30;345;3;11750;39;2.7;0.0
73;2021-01-31;0;0;11750;39;2.7;0.0
73;2021-02-01;620;40;12370;79;2.9;0.0
73;2021-02-02;751;334;13121;413;3.0;0.1
73;2021-02-03;653;349;13774;762;3.2;0.2
73;2021-02-04;624;234;14398;996;3.3;0.2
73;2021-02-05;678;410;15076;1406;3.5;0.3
73;2021-02-06;261;38;15337;1444;3.5;0.3
73;2021-02-07;0;0;15337;1444;3.5;0.3
73;2021-02-08;521;254;15858;1698;3.7;0.4
73;2021-02-09;793;445;16651;2143;3.8;0.5
73;2021-02-10;894;394;17545;2537;4.1;0.6
73;2021-02-11;957;709;18502;3246;4.3;0.8
73;2021-02-12;810;498;19312;3744;4.5;0.9
73;2021-02-13;263;58;19575;3802;4.5;0.9
73;2021-02-14;1;0;19576;3802;4.5;0.9
73;2021-02-15;346;529;19922;4331;4.6;1.0
73;2021-02-16;453;762;20375;5093;4.7;1.2
73;2021-02-17;450;962;20825;6055;4.8;1.4
73;2021-02-18;469;555;21294;6610;4.9;1.5
73;2021-02-19;444;635;21738;7245;5.0;1.7
73;2021-02-20;70;249;21808;7494;5.0;1.7
73;2021-02-21;0;0;21808;7494;5.0;1.7
73;2021-02-22;240;441;22048;7935;5.1;1.8
73;2021-02-23;324;517;22372;8452;5.2;2.0
73;2021-02-24;485;747;22857;9199;5.3;2.1
73;2021-02-25;502;504;23359;9703;5.4;2.2
73;2021-02-26;730;566;24089;10269;5.6;2.4
73;2021-02-27;331;238;24420;10507;5.6;2.4
73;2021-02-28;1;1;24421;10508;5.6;2.4
73;2021-03-01;556;511;24977;11019;5.8;2.5
73;2021-03-02;666;899;25643;11918;5.9;2.8
73;2021-03-03;642;1194;26285;13112;6.1;3.0
73;2021-03-04;1034;897;27319;14009;6.3;3.2
73;2021-03-05;1238;608;28557;14617;6.6;3.4
73;2021-03-06;1092;329;29649;14946;6.9;3.5
73;2021-03-07;454;90;30103;15036;7.0;3.5
73;2021-03-08;606;425;30709;15461;7.1;3.6
73;2021-03-09;984;535;31693;15996;7.3;3.7
73;2021-03-10;1035;864;32728;16860;7.6;3.9
73;2021-03-11;1555;655;34283;17515;7.9;4.0
73;2021-03-12;2016;529;36299;18044;8.4;4.2
73;2021-03-13;1178;202;37477;18246;8.7;4.2
73;2021-03-14;65;3;37542;18249;8.7;4.2
73;2021-03-15;1184;394;38726;18643;9.0;4.3
73;2021-03-16;791;397;39517;19040;9.1;4.4
73;2021-03-17;875;475;40392;19515;9.3;4.5
73;2021-03-18;1350;256;41742;19771;9.7;4.6
73;2021-03-19;1765;389;43507;20160;10.1;4.7
73;2021-03-20;886;127;44393;20287;10.3;4.7
73;2021-03-21;123;2;44516;20289;10.3;4.7
73;2021-03-22;1182;387;45698;20676;10.6;4.8
73;2021-03-23;1446;231;47144;20907;10.9;4.8
73;2021-03-24;1592;342;48736;21249;11.3;4.9
73;2021-03-25;2060;380;50796;21629;11.7;5.0
73;2021-03-26;2470;355;53266;21984;12.3;5.1
73;2021-03-27;886;141;54152;22125;12.5;5.1
73;2021-03-28;310;10;54462;22135;12.6;5.1
73;2021-03-29;1509;234;55971;22369;12.9;5.2
73;2021-03-30;2085;475;58056;22844;13.4;5.3
73;2021-03-31;2088;392;60144;23236;13.9;5.4
73;2021-04-01;2087;328;62231;23564;14.4;5.4
73;2021-04-02;2355;216;64586;23780;14.9;5.5
73;2021-04-03;848;144;65434;23924;15.1;5.5
73;2021-04-04;188;18;65622;23942;15.2;5.5
73;2021-04-05;212;25;65834;23967;15.2;5.5
73;2021-04-06;1504;496;67338;24463;15.6;5.7
73;2021-04-07;1947;642;69285;25105;16.0;5.8
73;2021-04-08;2489;808;71774;25913;16.6;6.0
73;2021-04-09;3060;503;74834;26416;17.3;6.1
73;2021-04-10;1134;311;75968;26727;17.6;6.2
73;2021-04-11;163;8;76131;26735;17.6;6.2
73;2021-04-12;1698;971;77829;27706;18.0;6.4
73;2021-04-13;1892;1124;79721;28830;18.4;6.7
73;2021-04-14;2016;1085;81737;29915;18.9;6.9
73;2021-04-15;2415;1167;84152;31082;19.5;7.2
73;2021-04-16;1893;922;86045;32004;19.9;7.4
73;2021-04-17;1176;553;87221;32557;20.2;7.5
73;2021-04-18;155;75;87376;32632;20.2;7.5
73;2021-04-19;1381;1051;88757;33683;20.5;7.8
73;2021-04-20;1790;1310;90547;34993;20.9;8.1
73;2021-04-21;1574;1297;92121;36290;21.3;8.4
73;2021-04-22;1814;1220;93935;37510;21.7;8.7
73;2021-04-23;1895;1247;95830;38757;22.2;9.0
73;2021-04-24;980;669;96810;39426;22.4;9.1
73;2021-04-25;79;97;96889;39523;22.4;9.1
73;2021-04-26;1165;1316;98054;40839;22.7;9.4
73;2021-04-27;1441;1465;99495;42304;23.0;9.8
73;2021-04-28;1732;1459;101227;43763;23.4;10.1
73;2021-04-29;2412;1564;103639;45327;24.0;10.5
73;2021-04-30;2398;1434;106037;46761;24.5;10.8
73;2021-05-01;1068;305;107105;47066;24.8;10.9
73;2021-05-02;34;165;107139;47231;24.8;10.9
73;2021-05-03;1393;1590;108532;48821;25.1;11.3
73;2021-05-04;1706;1828;110238;50649;25.5;11.7
73;2021-05-05;1973;1685;112211;52334;25.9;12.1
73;2021-05-06;2429;1698;114640;54032;26.5;12.5
73;2021-05-07;2261;1848;116901;55880;27.0;12.9
73;2021-05-08;1835;378;118736;56258;27.5;13.0
73;2021-05-09;127;122;118863;56380;27.5;13.0
73;2021-05-10;1607;1887;120470;58267;27.9;13.5
73;2021-05-11;2378;2365;122848;60632;28.4;14.0
73;2021-05-12;3554;2089;126402;62721;29.2;14.5
73;2021-05-13;1555;274;127957;62995;29.6;14.6
73;2021-05-14;1586;1489;129543;64484;29.9;14.9
73;2021-05-15;1443;942;130986;65426;30.3;15.1
73;2021-05-16;131;62;131117;65488;30.3;15.1
73;2021-05-17;1707;1949;132824;67437;30.7;15.6
73;2021-05-18;2495;1733;135319;69170;31.3;16.0
73;2021-05-19;2540;1622;137859;70792;31.9;16.4
73;2021-05-20;3162;1502;141021;72294;32.6;16.7
73;2021-05-21;2473;1849;143494;74143;33.2;17.1
73;2021-05-22;1989;921;145483;75064;33.6;17.4
73;2021-05-23;211;14;145694;75078;33.7;17.4
73;2021-05-24;2565;329;148259;75407;34.3;17.4
73;2021-05-25;2139;1739;150398;77146;34.8;17.8
73;2021-05-26;2343;2000;152741;79146;35.3;18.3
73;2021-05-27;3081;1711;155822;80857;36.0;18.7
73;2021-05-28;2917;2372;158739;83229;36.7;19.2
73;2021-05-29;2318;1322;161057;84551;37.2;19.5
73;2021-05-30;186;14;161243;84565;37.3;19.6
73;2021-05-31;2410;1628;163653;86193;37.8;19.9
73;2021-06-01;3176;1790;166829;87983;38.6;20.3
73;2021-06-02;3100;1459;169929;89442;39.3;20.7
73;2021-06-03;4422;1742;174351;91184;40.3;21.1
73;2021-06-04;4275;2181;178626;93365;41.3;21.6
73;2021-06-05;3157;1279;181783;94644;42.0;21.9
73;2021-06-06;1882;297;183665;94941;42.5;21.9
73;2021-06-07;2755;2147;186420;97088;43.1;22.4
73;2021-06-08;2685;1875;189105;98963;43.7;22.9
73;2021-06-09;2364;1789;191469;100752;44.3;23.3
73;2021-06-10;2004;1652;193473;102404;44.7;23.7
73;2021-06-11;2190;2442;195663;104846;45.2;24.2
73;2021-06-12;2244;1330;197907;106176;45.8;24.5
73;2021-06-13;44;82;197951;106258;45.8;24.6
73;2021-06-14;1347;2930;199298;109188;46.1;25.2
73;2021-06-15;1592;2754;200890;111942;46.4;25.9
73;2021-06-16;1465;2571;202355;114513;46.8;26.5
73;2021-06-17;945;1726;203300;116239;47.0;26.9
73;2021-06-18;1883;2932;205183;119171;47.4;27.6
73;2021-06-19;1417;1986;206600;121157;47.8;28.0
73;2021-06-20;448;306;207048;121463;47.9;28.1
73;2021-06-21;1110;2938;208158;124401;48.1;28.8
73;2021-06-22;1091;2871;209249;127272;48.4;29.4
73;2021-06-23;1082;3137;210331;130409;48.6;30.1
73;2021-06-24;880;1791;211211;132200;48.8;30.6
73;2021-06-25;1328;2800;212539;135000;49.1;31.2
73;2021-06-26;968;2397;213507;137397;49.4;31.8
73;2021-06-27;328;548;213835;137945;49.4;31.9
73;2021-06-28;963;3558;214798;141503;49.7;32.7
73;2021-06-29;1068;3336;215866;144839;49.9;33.5
73;2021-06-30;1189;3120;217055;147959;50.2;34.2
73;2021-07-01;1133;2366;218188;150325;50.4;34.8
73;2021-07-02;1205;3617;219393;153942;50.7;35.6
73;2021-07-03;956;2793;220349;156735;50.9;36.2
73;2021-07-04;301;618;220650;157353;51.0;36.4
73;2021-07-05;1152;3687;221802;161040;51.3;37.2
73;2021-07-06;1243;2948;223045;163988;51.6;37.9
73;2021-07-07;1432;2954;224477;166942;51.9;38.6
73;2021-07-08;1366;2301;225843;169243;52.2;39.1
73;2021-07-09;1427;4027;227270;173270;52.5;40.1
73;2021-07-10;881;3013;228151;176283;52.7;40.8
73;2021-07-11;560;1468;228711;177751;52.9;41.1
73;2021-07-12;1056;4206;229767;181957;53.1;42.1
73;2021-07-13;1715;4229;231482;186186;53.5;43.0
73;2021-07-14;1835;1913;233317;188099;53.9;43.5
73;2021-07-15;2722;3801;236039;191900;54.6;44.4
73;2021-07-16;2391;4007;238430;195907;55.1;45.3
73;2021-07-17;1501;2599;239931;198506;55.5;45.9
73;2021-07-18;1175;1216;241106;199722;55.7;46.2
73;2021-07-19;2420;3240;243526;202962;56.3;46.9
73;2021-07-20;3345;2845;246871;205807;57.1;47.6
73;2021-07-21;3360;2768;250231;208575;57.9;48.2
73;2021-07-22;2709;2208;252940;210783;58.5;48.7
73;2021-07-23;3378;2885;256318;213668;59.3;49.4
73;2021-07-24;2046;2267;258364;215935;59.7;49.9
73;2021-07-25;621;792;258985;216727;59.9;50.1
73;2021-07-26;2613;2481;261598;219208;60.5;50.7
73;2021-07-27;3779;2251;265377;221459;61.4;51.2
73;2021-07-28;3511;2076;268888;223535;62.2;51.7
73;2021-07-29;3941;2125;272829;225660;63.1;52.2
73;2021-07-30;3529;2447;276358;228107;63.9;52.7
73;2021-07-31;2452;1566;278810;229673;64.5;53.1
73;2021-08-01;827;608;279637;230281;64.6;53.2
73;2021-08-02;3074;2067;282711;232348;65.4;53.7
74;2020-12-27;3;0;3;0;0.0;0.0
74;2020-12-28;2;0;5;0;0.0;0.0
74;2020-12-29;0;0;5;0;0.0;0.0
74;2020-12-30;0;0;5;0;0.0;0.0
74;2020-12-31;0;0;5;0;0.0;0.0
74;2021-01-01;0;0;5;0;0.0;0.0
74;2021-01-02;1;1;6;1;0.0;0.0
74;2021-01-03;0;0;6;1;0.0;0.0
74;2021-01-04;0;0;6;1;0.0;0.0
74;2021-01-05;1;0;7;1;0.0;0.0
74;2021-01-06;44;0;51;1;0.0;0.0
74;2021-01-07;218;1;269;2;0.0;0.0
74;2021-01-08;291;1;560;3;0.1;0.0
74;2021-01-09;78;0;638;3;0.1;0.0
74;2021-01-10;73;0;711;3;0.1;0.0
74;2021-01-11;373;0;1084;3;0.1;0.0
74;2021-01-12;403;3;1487;6;0.2;0.0
74;2021-01-13;395;0;1882;6;0.2;0.0
74;2021-01-14;457;1;2339;7;0.3;0.0
74;2021-01-15;638;4;2977;11;0.4;0.0
74;2021-01-16;251;1;3228;12;0.4;0.0
74;2021-01-17;130;1;3358;13;0.4;0.0
74;2021-01-18;521;0;3879;13;0.5;0.0
74;2021-01-19;809;2;4688;15;0.6;0.0
74;2021-01-20;1274;4;5962;19;0.7;0.0
74;2021-01-21;1559;1;7521;20;0.9;0.0
74;2021-01-22;1219;6;8740;26;1.1;0.0
74;2021-01-23;342;1;9082;27;1.1;0.0
74;2021-01-24;90;0;9172;27;1.1;0.0
74;2021-01-25;795;2;9967;29;1.2;0.0
74;2021-01-26;1352;11;11319;40;1.4;0.0
74;2021-01-27;1072;10;12391;50;1.5;0.0
74;2021-01-28;984;30;13375;80;1.6;0.0
74;2021-01-29;877;42;14252;122;1.7;0.0
74;2021-01-30;303;1;14555;123;1.8;0.0
74;2021-01-31;84;1;14639;124;1.8;0.0
74;2021-02-01;626;44;15265;168;1.8;0.0
74;2021-02-02;640;155;15905;323;1.9;0.0
74;2021-02-03;602;124;16507;447;2.0;0.1
74;2021-02-04;611;136;17118;583;2.1;0.1
74;2021-02-05;544;226;17662;809;2.1;0.1
74;2021-02-06;266;140;17928;949;2.2;0.1
74;2021-02-07;93;127;18021;1076;2.2;0.1
74;2021-02-08;617;350;18638;1426;2.2;0.2
74;2021-02-09;534;534;19172;1960;2.3;0.2
74;2021-02-10;686;522;19858;2482;2.4;0.3
74;2021-02-11;1058;1020;20916;3502;2.5;0.4
74;2021-02-12;903;617;21819;4119;2.6;0.5
74;2021-02-13;400;240;22219;4359;2.7;0.5
74;2021-02-14;316;113;22535;4472;2.7;0.5
74;2021-02-15;276;855;22811;5327;2.8;0.6
74;2021-02-16;487;1068;23298;6395;2.8;0.8
74;2021-02-17;538;1113;23836;7508;2.9;0.9
74;2021-02-18;471;994;24307;8502;2.9;1.0
74;2021-02-19;618;655;24925;9157;3.0;1.1
74;2021-02-20;114;192;25039;9349;3.0;1.1
74;2021-02-21;46;62;25085;9411;3.0;1.1
74;2021-02-22;316;786;25401;10197;3.1;1.2
74;2021-02-23;302;824;25703;11021;3.1;1.3
74;2021-02-24;239;681;25942;11702;3.1;1.4
74;2021-02-25;518;751;26460;12453;3.2;1.5
74;2021-02-26;970;700;27430;13153;3.3;1.6
74;2021-02-27;254;186;27684;13339;3.3;1.6
74;2021-02-28;124;70;27808;13409;3.4;1.6
74;2021-03-01;719;629;28527;14038;3.4;1.7
74;2021-03-02;1088;684;29615;14722;3.6;1.8
74;2021-03-03;1009;632;30624;15354;3.7;1.9
74;2021-03-04;1606;1012;32230;16366;3.9;2.0
74;2021-03-05;2082;890;34312;17256;4.1;2.1
74;2021-03-06;1750;321;36062;17577;4.4;2.1
74;2021-03-07;1382;104;37444;17681;4.5;2.1
74;2021-03-08;1193;955;38637;18636;4.7;2.2
74;2021-03-09;1940;657;40577;19293;4.9;2.3
74;2021-03-10;1741;899;42318;20192;5.1;2.4
74;2021-03-11;2438;708;44756;20900;5.4;2.5
74;2021-03-12;3239;1002;47995;21902;5.8;2.6
74;2021-03-13;1994;269;49989;22171;6.0;2.7
74;2021-03-14;607;100;50596;22271;6.1;2.7
74;2021-03-15;2121;547;52717;22818;6.4;2.8
74;2021-03-16;1950;400;54667;23218;6.6;2.8
74;2021-03-17;1969;308;56636;23526;6.8;2.8
74;2021-03-18;2126;282;58762;23808;7.1;2.9
74;2021-03-19;2626;282;61388;24090;7.4;2.9
74;2021-03-20;1373;89;62761;24179;7.6;2.9
74;2021-03-21;288;30;63049;24209;7.6;2.9
74;2021-03-22;2044;311;65093;24520;7.9;3.0
74;2021-03-23;2714;319;67807;24839;8.2;3.0
74;2021-03-24;2937;284;70744;25123;8.5;3.0
74;2021-03-25;3864;288;74608;25411;9.0;3.1
74;2021-03-26;4087;365;78695;25776;9.5;3.1
74;2021-03-27;1936;246;80631;26022;9.7;3.1
74;2021-03-28;437;76;81068;26098;9.8;3.2
74;2021-03-29;3026;705;84094;26803;10.2;3.2
74;2021-03-30;3539;749;87633;27552;10.6;3.3
74;2021-03-31;3136;708;90769;28260;11.0;3.4
74;2021-04-01;4218;868;94987;29128;11.5;3.5
74;2021-04-02;3698;765;98685;29893;11.9;3.6
74;2021-04-03;1693;533;100378;30426;12.1;3.7
74;2021-04-04;235;120;100613;30546;12.1;3.7
74;2021-04-05;431;16;101044;30562;12.2;3.7
74;2021-04-06;2619;1203;103663;31765;12.5;3.8
74;2021-04-07;3183;1225;106846;32990;12.9;4.0
74;2021-04-08;3855;1165;110701;34155;13.4;4.1
74;2021-04-09;4093;1161;114794;35316;13.9;4.3
74;2021-04-10;1944;1029;116738;36345;14.1;4.4
74;2021-04-11;252;182;116990;36527;14.1;4.4
74;2021-04-12;2712;1765;119702;38292;14.4;4.6
74;2021-04-13;3107;2081;122809;40373;14.8;4.9
74;2021-04-14;2889;1947;125698;42320;15.2;5.1
74;2021-04-15;3415;1888;129113;44208;15.6;5.3
74;2021-04-16;3374;1759;132487;45967;16.0;5.5
74;2021-04-17;1928;1027;134415;46994;16.2;5.7
74;2021-04-18;218;206;134633;47200;16.3;5.7
74;2021-04-19;2096;2088;136729;49288;16.5;5.9
74;2021-04-20;3060;2410;139789;51698;16.9;6.2
74;2021-04-21;2458;2365;142247;54063;17.2;6.5
74;2021-04-22;2620;2311;144867;56374;17.5;6.8
74;2021-04-23;2558;2234;147425;58608;17.8;7.1
74;2021-04-24;1484;1535;148909;60143;18.0;7.3
74;2021-04-25;224;149;149133;60292;18.0;7.3
74;2021-04-26;2388;2454;151521;62746;18.3;7.6
74;2021-04-27;3266;2895;154787;65641;18.7;7.9
74;2021-04-28;3457;2618;158244;68259;19.1;8.2
74;2021-04-29;3908;2658;162152;70917;19.6;8.6
74;2021-04-30;4074;2207;166226;73124;20.1;8.8
74;2021-05-01;2117;366;168343;73490;20.3;8.9
74;2021-05-02;203;234;168546;73724;20.3;8.9
74;2021-05-03;2595;2996;171141;76720;20.7;9.3
74;2021-05-04;3219;3084;174360;79804;21.0;9.6
74;2021-05-05;3396;3004;177756;82808;21.5;10.0
74;2021-05-06;3854;2621;181610;85429;21.9;10.3
74;2021-05-07;3593;3534;185203;88963;22.4;10.7
74;2021-05-08;1148;819;186351;89782;22.5;10.8
74;2021-05-09;192;248;186543;90030;22.5;10.9
74;2021-05-10;3469;3135;190012;93165;22.9;11.2
74;2021-05-11;4319;3425;194331;96590;23.5;11.7
74;2021-05-12;5292;2955;199623;99545;24.1;12.0
74;2021-05-13;2359;944;201982;100489;24.4;12.1
74;2021-05-14;5944;2385;207926;102874;25.1;12.4
74;2021-05-15;4517;1852;212443;104726;25.6;12.6
74;2021-05-16;3002;331;215445;105057;26.0;12.7
74;2021-05-17;5397;2874;220842;107931;26.7;13.0
74;2021-05-18;6776;2798;227618;110729;27.5;13.4
74;2021-05-19;6227;2290;233845;113019;28.2;13.6
74;2021-05-20;6641;2542;240486;115561;29.0;13.9
74;2021-05-21;6523;2977;247009;118538;29.8;14.3
74;2021-05-22;5290;1567;252299;120105;30.5;14.5
74;2021-05-23;2050;282;254349;120387;30.7;14.5
74;2021-05-24;2358;660;256707;121047;31.0;14.6
74;2021-05-25;5067;3333;261774;124380;31.6;15.0
74;2021-05-26;5249;2557;267023;126937;32.2;15.3
74;2021-05-27;6002;2981;273025;129918;33.0;15.7
74;2021-05-28;5658;3580;278683;133498;33.6;16.1
74;2021-05-29;3795;2146;282478;135644;34.1;16.4
74;2021-05-30;487;308;282965;135952;34.2;16.4
74;2021-05-31;5068;3549;288033;139501;34.8;16.8
74;2021-06-01;4920;3718;292953;143219;35.4;17.3
74;2021-06-02;5254;3196;298207;146415;36.0;17.7
74;2021-06-03;6887;3245;305094;149660;36.8;18.1
74;2021-06-04;6899;4424;311993;154084;37.7;18.6
74;2021-06-05;4610;2710;316603;156794;38.2;18.9
74;2021-06-06;122;112;316725;156906;38.2;18.9
74;2021-06-07;5028;4143;321753;161049;38.8;19.4
74;2021-06-08;5018;3946;326771;164995;39.4;19.9
74;2021-06-09;5066;3483;331837;168478;40.1;20.3
74;2021-06-10;5113;2867;336950;171345;40.7;20.7
74;2021-06-11;5210;3801;342160;175146;41.3;21.1
74;2021-06-12;3569;2381;345729;177527;41.7;21.4
74;2021-06-13;118;89;345847;177616;41.7;21.4
74;2021-06-14;3591;4484;349438;182100;42.2;22.0
74;2021-06-15;3662;3896;353100;185996;42.6;22.5
74;2021-06-16;4810;3120;357910;189116;43.2;22.8
74;2021-06-17;3812;2951;361722;192067;43.7;23.2
74;2021-06-18;4109;4663;365831;196730;44.2;23.7
74;2021-06-19;2989;3097;368820;199827;44.5;24.1
74;2021-06-20;123;97;368943;199924;44.5;24.1
74;2021-06-21;2379;5423;371322;205347;44.8;24.8
74;2021-06-22;2485;5313;373807;210660;45.1;25.4
74;2021-06-23;2954;4615;376761;215275;45.5;26.0
74;2021-06-24;2847;4627;379608;219902;45.8;26.5
74;2021-06-25;2913;6765;382521;226667;46.2;27.4
74;2021-06-26;1697;5397;384218;232064;46.4;28.0
74;2021-06-27;63;1664;384281;233728;46.4;28.2
74;2021-06-28;1913;7218;386194;240946;46.6;29.1
74;2021-06-29;2298;7417;388492;248363;46.9;30.0
74;2021-06-30;2722;6539;391214;254902;47.2;30.8
74;2021-07-01;3047;5405;394261;260307;47.6;31.4
74;2021-07-02;2990;6628;397251;266935;48.0;32.2
74;2021-07-03;1694;5081;398945;272016;48.2;32.8
74;2021-07-04;76;1021;399021;273037;48.2;33.0
74;2021-07-05;2026;6844;401047;279881;48.4;33.8
74;2021-07-06;2550;6494;403597;286375;48.7;34.6
74;2021-07-07;2931;5443;406528;291818;49.1;35.2
74;2021-07-08;3768;4896;410296;296714;49.5;35.8
74;2021-07-09;2591;6974;412887;303688;49.8;36.7
74;2021-07-10;1600;5128;414487;308816;50.0;37.3
74;2021-07-11;71;141;414558;308957;50.0;37.3
74;2021-07-12;2045;7902;416603;316859;50.3;38.2
74;2021-07-13;3919;7577;420522;324436;50.8;39.2
74;2021-07-14;1948;2233;422470;326669;51.0;39.4
74;2021-07-15;3546;6855;426016;333524;51.4;40.3
74;2021-07-16;4143;7741;430159;341265;51.9;41.2
74;2021-07-17;2818;5318;432977;346583;52.3;41.8
74;2021-07-18;149;157;433126;346740;52.3;41.9
74;2021-07-19;4231;7333;437357;354073;52.8;42.7
74;2021-07-20;5758;6442;443115;360515;53.5;43.5
74;2021-07-21;5499;6647;448614;367162;54.2;44.3
74;2021-07-22;4717;5314;453331;372476;54.7;45.0
74;2021-07-23;6062;6950;459393;379426;55.5;45.8
74;2021-07-24;3025;4307;462418;383733;55.8;46.3
74;2021-07-25;160;174;462578;383907;55.8;46.3
74;2021-07-26;5408;6102;467986;390009;56.5;47.1
74;2021-07-27;6703;5125;474689;395134;57.3;47.7
74;2021-07-28;6430;5076;481119;400210;58.1;48.3
74;2021-07-29;5225;3910;486344;404120;58.7;48.8
74;2021-07-30;6584;5448;492928;409568;59.5;49.4
74;2021-07-31;4321;3080;497249;412648;60.0;49.8
74;2021-08-01;175;150;497424;412798;60.0;49.8
74;2021-08-02;5582;4301;503006;417099;60.7;50.3
75;2020-12-27;28;1;28;1;0.0;0.0
75;2020-12-28;40;0;68;1;0.0;0.0
75;2020-12-29;14;0;82;1;0.0;0.0
75;2020-12-30;39;0;121;1;0.0;0.0
75;2020-12-31;30;0;151;1;0.0;0.0
75;2021-01-01;31;2;182;3;0.0;0.0
75;2021-01-02;55;1;237;4;0.0;0.0
75;2021-01-03;90;0;327;4;0.0;0.0
75;2021-01-04;292;1;619;5;0.0;0.0
75;2021-01-05;862;13;1481;18;0.1;0.0
75;2021-01-06;1347;16;2828;34;0.1;0.0
75;2021-01-07;2058;18;4886;52;0.2;0.0
75;2021-01-08;2857;31;7743;83;0.4;0.0
75;2021-01-09;1089;2;8832;85;0.4;0.0
75;2021-01-10;1093;5;9925;90;0.5;0.0
75;2021-01-11;3070;46;12995;136;0.6;0.0
75;2021-01-12;3467;53;16462;189;0.8;0.0
75;2021-01-13;3541;44;20003;233;0.9;0.0
75;2021-01-14;3649;59;23652;292;1.1;0.0
75;2021-01-15;3298;44;26950;336;1.3;0.0
75;2021-01-16;1123;16;28073;352;1.3;0.0
75;2021-01-17;541;14;28614;366;1.3;0.0
75;2021-01-18;3248;73;31862;439;1.5;0.0
75;2021-01-19;3842;44;35704;483;1.7;0.0
75;2021-01-20;4377;64;40081;547;1.9;0.0
75;2021-01-21;4877;79;44958;626;2.1;0.0
75;2021-01-22;4556;83;49514;709;2.3;0.0
75;2021-01-23;1749;15;51263;724;2.4;0.0
75;2021-01-24;731;6;51994;730;2.4;0.0
75;2021-01-25;1694;25;53688;755;2.5;0.0
75;2021-01-26;2537;86;56225;841;2.6;0.0
75;2021-01-27;3085;160;59310;1001;2.8;0.0
75;2021-01-28;4748;260;64058;1261;3.0;0.1
75;2021-01-29;4029;268;68087;1529;3.2;0.1
75;2021-01-30;1348;33;69435;1562;3.2;0.1
75;2021-01-31;209;3;69644;1565;3.2;0.1
75;2021-02-01;1600;380;71244;1945;3.3;0.1
75;2021-02-02;2118;650;73362;2595;3.4;0.1
75;2021-02-03;1864;686;75226;3281;3.5;0.2
75;2021-02-04;2120;1134;77346;4415;3.6;0.2
75;2021-02-05;2180;870;79526;5285;3.7;0.2
75;2021-02-06;1081;93;80607;5378;3.8;0.3
75;2021-02-07;164;6;80771;5384;3.8;0.3
75;2021-02-08;1237;1474;82008;6858;3.8;0.3
75;2021-02-09;1749;2385;83757;9243;3.9;0.4
75;2021-02-10;2384;2404;86141;11647;4.0;0.5
75;2021-02-11;2907;6454;89048;18101;4.1;0.8
75;2021-02-12;3096;2410;92144;20511;4.3;1.0
75;2021-02-13;836;1058;92980;21569;4.3;1.0
75;2021-02-14;192;42;93172;21611;4.3;1.0
75;2021-02-15;984;2476;94156;24087;4.4;1.1
75;2021-02-16;1423;6560;95579;30647;4.4;1.4
75;2021-02-17;1297;3243;96876;33890;4.5;1.6
75;2021-02-18;1738;5877;98614;39767;4.6;1.9
75;2021-02-19;2197;4148;100811;43915;4.7;2.0
75;2021-02-20;465;1694;101276;45609;4.7;2.1
75;2021-02-21;184;160;101460;45769;4.7;2.1
75;2021-02-22;1196;1935;102656;47704;4.8;2.2
75;2021-02-23;1424;2730;104080;50434;4.8;2.3
75;2021-02-24;1667;2342;105747;52776;4.9;2.5
75;2021-02-25;2752;5345;108499;58121;5.1;2.7
75;2021-02-26;3336;2733;111835;60854;5.2;2.8
75;2021-02-27;1386;937;113221;61791;5.3;2.9
75;2021-02-28;313;140;113534;61931;5.3;2.9
75;2021-03-01;2564;1685;116098;63616;5.4;3.0
75;2021-03-02;4135;2207;120233;65823;5.6;3.1
75;2021-03-03;5380;2340;125613;68163;5.8;3.2
75;2021-03-04;7982;2584;133595;70747;6.2;3.3
75;2021-03-05;10501;2748;144096;73495;6.7;3.4
75;2021-03-06;11029;1062;155125;74557;7.2;3.5
75;2021-03-07;9470;1507;164595;76064;7.7;3.5
75;2021-03-08;5850;1562;170445;77626;7.9;3.6
75;2021-03-09;7475;2122;177920;79748;8.3;3.7
75;2021-03-10;7449;2110;185369;81858;8.6;3.8
75;2021-03-11;10284;2507;195653;84365;9.1;3.9
75;2021-03-12;12015;2525;207668;86890;9.7;4.0
75;2021-03-13;8512;757;216180;87647;10.1;4.1
75;2021-03-14;4145;232;220325;87879;10.3;4.1
75;2021-03-15;7408;960;227733;88839;10.6;4.1
75;2021-03-16;5114;675;232847;89514;10.8;4.2
75;2021-03-17;5380;821;238227;90335;11.1;4.2
75;2021-03-18;6563;864;244790;91199;11.4;4.2
75;2021-03-19;9699;975;254489;92174;11.8;4.3
75;2021-03-20;5895;603;260384;92777;12.1;4.3
75;2021-03-21;1567;434;261951;93211;12.2;4.3
75;2021-03-22;8578;1011;270529;94222;12.6;4.4
75;2021-03-23;10906;1236;281435;95458;13.1;4.4
75;2021-03-24;10945;1309;292380;96767;13.6;4.5
75;2021-03-25;14153;1497;306533;98264;14.3;4.6
75;2021-03-26;13915;1669;320448;99933;14.9;4.7
75;2021-03-27;7244;774;327692;100707;15.3;4.7
75;2021-03-28;1760;147;329452;100854;15.3;4.7
75;2021-03-29;7930;2219;337382;103073;15.7;4.8
75;2021-03-30;10862;3233;348244;106306;16.2;4.9
75;2021-03-31;9686;3607;357930;109913;16.7;5.1
75;2021-04-01;10621;5201;368551;115114;17.2;5.4
75;2021-04-02;9005;5567;377556;120681;17.6;5.6
75;2021-04-03;4092;4889;381648;125570;17.8;5.8
75;2021-04-04;1400;1500;383048;127070;17.8;5.9
75;2021-04-05;2211;1438;385259;128508;17.9;6.0
75;2021-04-06;6836;4302;392095;132810;18.3;6.2
75;2021-04-07;8026;4420;400121;137230;18.6;6.4
75;2021-04-08;11011;4149;411132;141379;19.1;6.6
75;2021-04-09;12149;4595;423281;145974;19.7;6.8
75;2021-04-10;5801;4274;429082;150248;20.0;7.0
75;2021-04-11;1907;1796;430989;152044;20.1;7.1
75;2021-04-12;7439;3780;438428;155824;20.4;7.3
75;2021-04-13;8524;6877;446952;162701;20.8;7.6
75;2021-04-14;8236;5221;455188;167922;21.2;7.8
75;2021-04-15;8844;6126;464032;174048;21.6;8.1
75;2021-04-16;9325;6110;473357;180158;22.0;8.4
75;2021-04-17;4804;3652;478161;183810;22.3;8.6
75;2021-04-18;1646;878;479807;184688;22.3;8.6
75;2021-04-19;5542;4937;485349;189625;22.6;8.8
75;2021-04-20;6423;5951;491772;195576;22.9;9.1
75;2021-04-21;6825;5574;498597;201150;23.2;9.4
75;2021-04-22;7504;5915;506101;207065;23.6;9.6
75;2021-04-23;8439;6240;514540;213305;24.0;9.9
75;2021-04-24;6146;3340;520686;216645;24.2;10.1
75;2021-04-25;2945;757;523631;217402;24.4;10.1
75;2021-04-26;7006;4715;530637;222117;24.7;10.3
75;2021-04-27;10561;6413;541198;228530;25.2;10.6
75;2021-04-28;12166;6024;553364;234554;25.8;10.9
75;2021-04-29;13724;6318;567088;240872;26.4;11.2
75;2021-04-30;13637;6166;580725;247038;27.0;11.5
75;2021-05-01;5056;1326;585781;248364;27.3;11.6
75;2021-05-02;2374;793;588155;249157;27.4;11.6
75;2021-05-03;10260;13552;598415;262709;27.9;12.2
75;2021-05-04;11146;8070;609561;270779;28.4;12.6
75;2021-05-05;13505;6703;623066;277482;29.0;12.9
75;2021-05-06;13969;8180;637035;285662;29.7;13.3
75;2021-05-07;13949;8578;650984;294240;30.3;13.7
75;2021-05-08;10049;5525;661033;299765;30.8;14.0
75;2021-05-09;3805;3200;664838;302965;30.9;14.1
75;2021-05-10;14265;6721;679103;309686;31.6;14.4
75;2021-05-11;16813;8423;695916;318109;32.4;14.8
75;2021-05-12;17915;8159;713831;326268;33.2;15.2
75;2021-05-13;13596;2502;727427;328770;33.9;15.3
75;2021-05-14;18350;5139;745777;333909;34.7;15.5
75;2021-05-15;12272;2635;758049;336544;35.3;15.7
75;2021-05-16;3835;761;761884;337305;35.5;15.7
75;2021-05-17;15956;4649;777840;341954;36.2;15.9
75;2021-05-18;19109;5321;796949;347275;37.1;16.2
75;2021-05-19;20689;10734;817638;358009;38.1;16.7
75;2021-05-20;21543;8674;839181;366683;39.1;17.1
75;2021-05-21;20992;6539;860173;373222;40.0;17.4
75;2021-05-22;15910;3310;876083;376532;40.8;17.5
75;2021-05-23;5616;1338;881699;377870;41.0;17.6
75;2021-05-24;15616;2566;897315;380436;41.8;17.7
75;2021-05-25;17979;9598;915294;390034;42.6;18.2
75;2021-05-26;18826;8209;934120;398243;43.5;18.5
75;2021-05-27;20113;9821;954233;408064;44.4;19.0
75;2021-05-28;19319;10874;973552;418938;45.3;19.5
75;2021-05-29;16093;5838;989645;424776;46.1;19.8
75;2021-05-30;7023;2142;996668;426918;46.4;19.9
75;2021-05-31;18077;9461;1014745;436379;47.2;20.3
75;2021-06-01;18553;12996;1033298;449375;48.1;20.9
75;2021-06-02;18056;10300;1051354;459675;48.9;21.4
75;2021-06-03;20146;11965;1071500;471640;49.9;22.0
75;2021-06-04;18076;12877;1089576;484517;50.7;22.6
75;2021-06-05;11948;9629;1101524;494146;51.3;23.0
75;2021-06-06;6696;3160;1108220;497306;51.6;23.1
75;2021-06-07;13845;11846;1122065;509152;52.2;23.7
75;2021-06-08;14740;13968;1136805;523120;52.9;24.4
75;2021-06-09;16417;15243;1153222;538363;53.7;25.1
75;2021-06-10;18272;26332;1171494;564695;54.5;26.3
75;2021-06-11;15189;16470;1186683;581165;55.2;27.1
75;2021-06-12;13262;9998;1199945;591163;55.9;27.5
75;2021-06-13;6258;3791;1206203;594954;56.1;27.7
75;2021-06-14;11762;15423;1217965;610377;56.7;28.4
75;2021-06-15;12487;19539;1230452;629916;57.3;29.3
75;2021-06-16;12079;17229;1242531;647145;57.8;30.1
75;2021-06-17;12565;17673;1255096;664818;58.4;30.9
75;2021-06-18;10672;22613;1265768;687431;58.9;32.0
75;2021-06-19;7505;11832;1273273;699263;59.3;32.6
75;2021-06-20;2807;5488;1276080;704751;59.4;32.8
75;2021-06-21;8374;16335;1284454;721086;59.8;33.6
75;2021-06-22;8715;21808;1293169;742894;60.2;34.6
75;2021-06-23;10212;21419;1303381;764313;60.7;35.6
75;2021-06-24;11245;20629;1314626;784942;61.2;36.5
75;2021-06-25;9478;24693;1324104;809635;61.6;37.7
75;2021-06-26;7904;15418;1332008;825053;62.0;38.4
75;2021-06-27;2685;6328;1334693;831381;62.1;38.7
75;2021-06-28;8391;20133;1343084;851514;62.5;39.6
75;2021-06-29;9249;23833;1352333;875347;62.9;40.7
75;2021-06-30;9931;23604;1362264;898951;63.4;41.8
75;2021-07-01;11003;23461;1373267;922412;63.9;42.9
75;2021-07-02;10209;24758;1383476;947170;64.4;44.1
75;2021-07-03;7722;19810;1391198;966980;64.8;45.0
75;2021-07-04;3865;9551;1395063;976531;64.9;45.5
75;2021-07-05;8765;21546;1403828;998077;65.3;46.5
75;2021-07-06;9791;24006;1413619;1022083;65.8;47.6
75;2021-07-07;9739;25073;1423358;1047156;66.3;48.7
75;2021-07-08;10353;24993;1433711;1072149;66.7;49.9
75;2021-07-09;10245;23994;1443956;1096143;67.2;51.0
75;2021-07-10;7836;18525;1451792;1114668;67.6;51.9
75;2021-07-11;4322;8541;1456114;1123209;67.8;52.3
75;2021-07-12;9149;23049;1465263;1146258;68.2;53.4
75;2021-07-13;13956;24771;1479219;1171029;68.9;54.5
75;2021-07-14;8049;9681;1487268;1180710;69.2;55.0
75;2021-07-15;14845;25615;1502113;1206325;69.9;56.2
75;2021-07-16;15178;22069;1517291;1228394;70.6;57.2
75;2021-07-17;11386;16858;1528677;1245252;71.2;58.0
75;2021-07-18;6200;6798;1534877;1252050;71.4;58.3
75;2021-07-19;14065;21247;1548942;1273297;72.1;59.3
75;2021-07-20;15831;21813;1564773;1295110;72.8;60.3
75;2021-07-21;15454;20643;1580227;1315753;73.6;61.2
75;2021-07-22;16826;20020;1597053;1335773;74.3;62.2
75;2021-07-23;16688;18955;1613741;1354728;75.1;63.1
75;2021-07-24;10885;14003;1624626;1368731;75.6;63.7
75;2021-07-25;4926;5056;1629552;1373787;75.9;63.9
75;2021-07-26;14742;16775;1644294;1390562;76.5;64.7
75;2021-07-27;17548;16473;1661842;1407035;77.4;65.5
75;2021-07-28;16649;15320;1678491;1422355;78.1;66.2
75;2021-07-29;16283;14923;1694774;1437278;78.9;66.9
75;2021-07-30;15798;14144;1710572;1451422;79.6;67.6
75;2021-07-31;9068;9778;1719640;1461200;80.0;68.0
75;2021-08-01;3436;3263;1723076;1464463;80.2;68.2
75;2021-08-02;9872;11773;1732948;1476236;80.7;68.7
76;2020-12-27;0;0;0;0;0.0;0.0
76;2020-12-28;0;0;0;0;0.0;0.0
76;2020-12-29;0;0;0;0;0.0;0.0
76;2020-12-30;0;0;0;0;0.0;0.0
76;2020-12-31;0;0;0;0;0.0;0.0
76;2021-01-01;0;0;0;0;0.0;0.0
76;2021-01-02;0;0;0;0;0.0;0.0
76;2021-01-03;0;0;0;0;0.0;0.0
76;2021-01-04;17;0;17;0;0.0;0.0
76;2021-01-05;138;0;155;0;0.0;0.0
76;2021-01-06;682;2;837;2;0.1;0.0
76;2021-01-07;1355;6;2192;8;0.2;0.0
76;2021-01-08;1534;1;3726;9;0.3;0.0
76;2021-01-09;736;1;4462;10;0.4;0.0
76;2021-01-10;492;1;4954;11;0.4;0.0
76;2021-01-11;1358;2;6312;13;0.5;0.0
76;2021-01-12;1357;1;7669;14;0.6;0.0
76;2021-01-13;1187;5;8856;19;0.7;0.0
76;2021-01-14;2172;21;11028;40;0.9;0.0
76;2021-01-15;1910;6;12938;46;1.0;0.0
76;2021-01-16;985;5;13923;51;1.1;0.0
76;2021-01-17;2898;19;16821;70;1.4;0.0
76;2021-01-18;4387;14;21208;84;1.7;0.0
76;2021-01-19;3012;7;24220;91;1.9;0.0
76;2021-01-20;2068;9;26288;100;2.1;0.0
76;2021-01-21;1773;4;28061;104;2.3;0.0
76;2021-01-22;1704;4;29765;108;2.4;0.0
76;2021-01-23;449;1;30214;109;2.4;0.0
76;2021-01-24;99;0;30313;109;2.4;0.0
76;2021-01-25;1474;140;31787;249;2.6;0.0
76;2021-01-26;1389;335;33176;584;2.7;0.0
76;2021-01-27;1340;432;34516;1016;2.8;0.1
76;2021-01-28;1283;384;35799;1400;2.9;0.1
76;2021-01-29;1152;461;36951;1861;3.0;0.1
76;2021-01-30;283;304;37234;2165;3.0;0.2
76;2021-01-31;4;99;37238;2264;3.0;0.2
76;2021-02-01;838;817;38076;3081;3.1;0.2
76;2021-02-02;1056;1018;39132;4099;3.1;0.3
76;2021-02-03;916;1000;40048;5099;3.2;0.4
76;2021-02-04;975;1457;41023;6556;3.3;0.5
76;2021-02-05;974;1105;41997;7661;3.4;0.6
76;2021-02-06;260;880;42257;8541;3.4;0.7
76;2021-02-07;467;1659;42724;10200;3.4;0.8
76;2021-02-08;1922;3734;44646;13934;3.6;1.1
76;2021-02-09;1757;2998;46403;16932;3.7;1.4
76;2021-02-10;1488;1816;47891;18748;3.9;1.5
76;2021-02-11;1675;1530;49566;20278;4.0;1.6
76;2021-02-12;1709;1577;51275;21855;4.1;1.8
76;2021-02-13;230;336;51505;22191;4.1;1.8
76;2021-02-14;9;82;51514;22273;4.1;1.8
76;2021-02-15;553;1724;52067;23997;4.2;1.9
76;2021-02-16;741;1637;52808;25634;4.2;2.1
76;2021-02-17;625;1455;53433;27089;4.3;2.2
76;2021-02-18;779;1391;54212;28480;4.4;2.3
76;2021-02-19;868;1344;55080;29824;4.4;2.4
76;2021-02-20;270;289;55350;30113;4.5;2.4
76;2021-02-21;0;0;55350;30113;4.5;2.4
76;2021-02-22;371;1312;55721;31425;4.5;2.5
76;2021-02-23;574;1243;56295;32668;4.5;2.6
76;2021-02-24;598;1201;56893;33869;4.6;2.7
76;2021-02-25;1666;1262;58559;35131;4.7;2.8
76;2021-02-26;2171;1049;60730;36180;4.9;2.9
76;2021-02-27;1108;270;61838;36450;5.0;2.9
76;2021-02-28;27;197;61865;36647;5.0;2.9
76;2021-03-01;823;2111;62688;38758;5.0;3.1
76;2021-03-02;1378;1714;64066;40472;5.2;3.3
76;2021-03-03;1938;1396;66004;41868;5.3;3.4
76;2021-03-04;2815;1100;68819;42968;5.5;3.5
76;2021-03-05;4175;793;72994;43761;5.9;3.5
76;2021-03-06;3361;151;76355;43912;6.1;3.5
76;2021-03-07;1257;30;77612;43942;6.2;3.5
76;2021-03-08;2098;1251;79710;45193;6.4;3.6
76;2021-03-09;3572;1156;83282;46349;6.7;3.7
76;2021-03-10;3592;1055;86874;47404;7.0;3.8
76;2021-03-11;5633;932;92507;48336;7.4;3.9
76;2021-03-12;6823;580;99330;48916;8.0;3.9
76;2021-03-13;4639;133;103969;49049;8.4;3.9
76;2021-03-14;1069;26;105038;49075;8.4;3.9
76;2021-03-15;2914;223;107952;49298;8.7;4.0
76;2021-03-16;2552;394;110504;49692;8.9;4.0
76;2021-03-17;2695;310;113199;50002;9.1;4.0
76;2021-03-18;2997;299;116196;50301;9.3;4.0
76;2021-03-19;4394;421;120590;50722;9.7;4.1
76;2021-03-20;3975;267;124565;50989;10.0;4.1
76;2021-03-21;837;13;125402;51002;10.1;4.1
76;2021-03-22;3988;337;129390;51339;10.4;4.1
76;2021-03-23;5708;341;135098;51680;10.9;4.2
76;2021-03-24;5668;376;140766;52056;11.3;4.2
76;2021-03-25;7508;556;148274;52612;11.9;4.2
76;2021-03-26;8716;564;156990;53176;12.6;4.3
76;2021-03-27;4810;362;161800;53538;13.0;4.3
76;2021-03-28;1020;26;162820;53564;13.1;4.3
76;2021-03-29;5389;812;168209;54376;13.5;4.4
76;2021-03-30;6583;1035;174792;55411;14.1;4.5
76;2021-03-31;6449;1240;181241;56651;14.6;4.6
76;2021-04-01;6780;2022;188021;58673;15.1;4.7
76;2021-04-02;6483;2656;194504;61329;15.6;4.9
76;2021-04-03;2443;1074;196947;62403;15.8;5.0
76;2021-04-04;263;11;197210;62414;15.9;5.0
76;2021-04-05;866;376;198076;62790;15.9;5.0
76;2021-04-06;3554;2787;201630;65577;16.2;5.3
76;2021-04-07;4416;2394;206046;67971;16.6;5.5
76;2021-04-08;5840;2763;211886;70734;17.0;5.7
76;2021-04-09;8804;3055;220690;73789;17.7;5.9
76;2021-04-10;4875;1397;225565;75186;18.1;6.0
76;2021-04-11;813;526;226378;75712;18.2;6.1
76;2021-04-12;4724;2843;231102;78555;18.6;6.3
76;2021-04-13;5924;2869;237026;81424;19.1;6.5
76;2021-04-14;4806;3137;241832;84561;19.4;6.8
76;2021-04-15;5561;3356;247393;87917;19.9;7.1
76;2021-04-16;7349;3432;254742;91349;20.5;7.3
76;2021-04-17;4385;1428;259127;92777;20.8;7.5
76;2021-04-18;339;140;259466;92917;20.9;7.5
76;2021-04-19;3477;3770;262943;96687;21.1;7.8
76;2021-04-20;4344;4276;267287;100963;21.5;8.1
76;2021-04-21;4186;4678;271473;105641;21.8;8.5
76;2021-04-22;4557;5434;276030;111075;22.2;8.9
76;2021-04-23;5436;5938;281466;117013;22.6;9.4
76;2021-04-24;4163;2179;285629;119192;23.0;9.6
76;2021-04-25;890;267;286519;119459;23.0;9.6
76;2021-04-26;4478;4473;290997;123932;23.4;10.0
76;2021-04-27;4994;4997;295991;128929;23.8;10.4
76;2021-04-28;5346;4156;301337;133085;24.2;10.7
76;2021-04-29;6926;4163;308263;137248;24.8;11.0
76;2021-04-30;8217;4635;316480;141883;25.4;11.4
76;2021-05-01;4827;1004;321307;142887;25.8;11.5
76;2021-05-02;1843;254;323150;143141;26.0;11.5
76;2021-05-03;4703;3317;327853;146458;26.4;11.8
76;2021-05-04;4822;4560;332675;151018;26.7;12.1
76;2021-05-05;4785;5178;337460;156196;27.1;12.6
76;2021-05-06;5924;5581;343384;161777;27.6;13.0
76;2021-05-07;6137;6754;349521;168531;28.1;13.5
76;2021-05-08;5055;894;354576;169425;28.5;13.6
76;2021-05-09;2535;234;357111;169659;28.7;13.6
76;2021-05-10;4949;5054;362060;174713;29.1;14.0
76;2021-05-11;6518;5674;368578;180387;29.6;14.5
76;2021-05-12;6266;5068;374844;185455;30.1;14.9
76;2021-05-13;8847;1274;383691;186729;30.8;15.0
76;2021-05-14;10415;4670;394106;191399;31.7;15.4
76;2021-05-15;9116;2449;403222;193848;32.4;15.6
76;2021-05-16;6232;475;409454;194323;32.9;15.6
76;2021-05-17;7226;3265;416680;197588;33.5;15.9
76;2021-05-18;8306;2805;424986;200393;34.2;16.1
76;2021-05-19;8405;3187;433391;203580;34.8;16.4
76;2021-05-20;9645;3411;443036;206991;35.6;16.6
76;2021-05-21;8366;4088;451402;211079;36.3;17.0
76;2021-05-22;7160;2353;458562;213432;36.9;17.2
76;2021-05-23;6390;405;464952;213837;37.4;17.2
76;2021-05-24;6867;1527;471819;215364;37.9;17.3
76;2021-05-25;8023;4080;479842;219444;38.6;17.6
76;2021-05-26;7573;3602;487415;223046;39.2;17.9
76;2021-05-27;8346;4694;495761;227740;39.9;18.3
76;2021-05-28;8234;6571;503995;234311;40.5;18.8
76;2021-05-29;6220;3516;510215;237827;41.0;19.1
76;2021-05-30;3145;430;513360;238257;41.3;19.2
76;2021-05-31;8167;3972;521527;242229;41.9;19.5
76;2021-06-01;9208;5025;530735;247254;42.7;19.9
76;2021-06-02;7917;4437;538652;251691;43.3;20.2
76;2021-06-03;9537;5400;548189;257091;44.1;20.7
76;2021-06-04;9244;6670;557433;263761;44.8;21.2
76;2021-06-05;6289;3810;563722;267571;45.3;21.5
76;2021-06-06;2552;650;566274;268221;45.5;21.6
76;2021-06-07;6980;5450;573254;273671;46.1;22.0
76;2021-06-08;8647;6278;581901;279949;46.8;22.5
76;2021-06-09;7209;6083;589110;286032;47.4;23.0
76;2021-06-10;7990;6562;597100;292594;48.0;23.5
76;2021-06-11;7580;8227;604680;300821;48.6;24.2
76;2021-06-12;7166;5873;611846;306694;49.2;24.7
76;2021-06-13;2961;1293;614807;307987;49.4;24.8
76;2021-06-14;6475;6713;621282;314700;50.0;25.3
76;2021-06-15;6131;7451;627413;322151;50.4;25.9
76;2021-06-16;6646;7477;634059;329628;51.0;26.5
76;2021-06-17;6998;7750;641057;337378;51.5;27.1
76;2021-06-18;7684;9230;648741;346608;52.2;27.9
76;2021-06-19;5983;6260;654724;352868;52.6;28.4
76;2021-06-20;2811;1812;657535;354680;52.9;28.5
76;2021-06-21;5554;8170;663089;362850;53.3;29.2
76;2021-06-22;4917;9872;668006;372722;53.7;30.0
76;2021-06-23;4725;9434;672731;382156;54.1;30.7
76;2021-06-24;4784;9912;677515;392068;54.5;31.5
76;2021-06-25;5219;11567;682734;403635;54.9;32.5
76;2021-06-26;3450;7873;686184;411508;55.2;33.1
76;2021-06-27;1363;5165;687547;416673;55.3;33.5
76;2021-06-28;3604;9937;691151;426610;55.6;34.3
76;2021-06-29;3861;10232;695012;436842;55.9;35.1
76;2021-06-30;4253;9841;699265;446683;56.2;35.9
76;2021-07-01;4573;9894;703838;456577;56.6;36.7
76;2021-07-02;4354;12015;708192;468592;56.9;37.7
76;2021-07-03;3586;8445;711778;477037;57.2;38.4
76;2021-07-04;1481;5307;713259;482344;57.3;38.8
76;2021-07-05;3932;9331;717191;491675;57.7;39.5
76;2021-07-06;4032;10079;721223;501754;58.0;40.3
76;2021-07-07;3995;9331;725218;511085;58.3;41.1
76;2021-07-08;4459;9460;729677;520545;58.7;41.9
76;2021-07-09;4355;12410;734032;532955;59.0;42.8
76;2021-07-10;3130;8553;737162;541508;59.3;43.5
76;2021-07-11;1772;2819;738934;544327;59.4;43.8
76;2021-07-12;3142;11150;742076;555477;59.7;44.7
76;2021-07-13;4902;12252;746978;567729;60.1;45.6
76;2021-07-14;4789;5531;751767;573260;60.4;46.1
76;2021-07-15;5866;11780;757633;585040;60.9;47.0
76;2021-07-16;6691;12018;764324;597058;61.5;48.0
76;2021-07-17;5263;8693;769587;605751;61.9;48.7
76;2021-07-18;2253;3351;771840;609102;62.1;49.0
76;2021-07-19;5141;11140;776981;620242;62.5;49.9
76;2021-07-20;6261;11627;783242;631869;63.0;50.8
76;2021-07-21;6319;10541;789561;642410;63.5;51.6
76;2021-07-22;8193;9647;797754;652057;64.1;52.4
76;2021-07-23;7611;11964;805365;664021;64.8;53.4
76;2021-07-24;4980;7699;810345;671720;65.2;54.0
76;2021-07-25;2848;3143;813193;674863;65.4;54.3
76;2021-07-26;5418;10130;818611;684993;65.8;55.1
76;2021-07-27;8300;9529;826911;694522;66.5;55.8
76;2021-07-28;8223;7779;835134;702301;67.1;56.5
76;2021-07-29;9530;6949;844664;709250;67.9;57.0
76;2021-07-30;7947;7798;852611;717048;68.5;57.7
76;2021-07-31;6565;5274;859176;722322;69.1;58.1
76;2021-08-01;3855;2038;863031;724360;69.4;58.2
76;2021-08-02;6481;7043;869512;731403;69.9;58.8
77;2020-12-27;1;0;1;0;0.0;0.0
77;2020-12-28;1;0;2;0;0.0;0.0
77;2020-12-29;0;0;2;0;0.0;0.0
77;2020-12-30;0;0;2;0;0.0;0.0
77;2020-12-31;0;0;2;0;0.0;0.0
77;2021-01-01;2;0;4;0;0.0;0.0
77;2021-01-02;0;0;4;0;0.0;0.0
77;2021-01-03;0;0;4;0;0.0;0.0
77;2021-01-04;6;0;10;0;0.0;0.0
77;2021-01-05;199;0;209;0;0.0;0.0
77;2021-01-06;222;2;431;2;0.0;0.0
77;2021-01-07;517;3;948;5;0.1;0.0
77;2021-01-08;612;1;1560;6;0.1;0.0
77;2021-01-09;273;1;1833;7;0.1;0.0
77;2021-01-10;235;2;2068;9;0.1;0.0
77;2021-01-11;783;2;2851;11;0.2;0.0
77;2021-01-12;883;1;3734;12;0.3;0.0
77;2021-01-13;935;1;4669;13;0.3;0.0
77;2021-01-14;847;7;5516;20;0.4;0.0
77;2021-01-15;858;10;6374;30;0.4;0.0
77;2021-01-16;168;1;6542;31;0.5;0.0
77;2021-01-17;131;2;6673;33;0.5;0.0
77;2021-01-18;1193;4;7866;37;0.6;0.0
77;2021-01-19;1718;8;9584;45;0.7;0.0
77;2021-01-20;2536;5;12120;50;0.9;0.0
77;2021-01-21;2052;20;14172;70;1.0;0.0
77;2021-01-22;1147;7;15319;77;1.1;0.0
77;2021-01-23;349;0;15668;77;1.1;0.0
77;2021-01-24;43;0;15711;77;1.1;0.0
77;2021-01-25;939;65;16650;142;1.2;0.0
77;2021-01-26;1702;30;18352;172;1.3;0.0
77;2021-01-27;1362;42;19714;214;1.4;0.0
77;2021-01-28;1696;89;21410;303;1.5;0.0
77;2021-01-29;1283;146;22693;449;1.6;0.0
77;2021-01-30;211;2;22904;451;1.6;0.0
77;2021-01-31;0;0;22904;451;1.6;0.0
77;2021-02-01;568;212;23472;663;1.6;0.0
77;2021-02-02;866;269;24338;932;1.7;0.1
77;2021-02-03;794;539;25132;1471;1.8;0.1
77;2021-02-04;789;809;25921;2280;1.8;0.2
77;2021-02-05;856;855;26777;3135;1.9;0.2
77;2021-02-06;165;103;26942;3238;1.9;0.2
77;2021-02-07;16;92;26958;3330;1.9;0.2
77;2021-02-08;493;943;27451;4273;1.9;0.3
77;2021-02-09;591;1467;28042;5740;2.0;0.4
77;2021-02-10;1029;1840;29071;7580;2.0;0.5
77;2021-02-11;1058;1655;30129;9235;2.1;0.6
77;2021-02-12;1097;1169;31226;10404;2.2;0.7
77;2021-02-13;187;175;31413;10579;2.2;0.7
77;2021-02-14;12;57;31425;10636;2.2;0.7
77;2021-02-15;554;1031;31979;11667;2.2;0.8
77;2021-02-16;599;1538;32578;13205;2.3;0.9
77;2021-02-17;514;1193;33092;14398;2.3;1.0
77;2021-02-18;840;1619;33932;16017;2.4;1.1
77;2021-02-19;775;1173;34707;17190;2.4;1.2
77;2021-02-20;53;176;34760;17366;2.4;1.2
77;2021-02-21;7;31;34767;17397;2.4;1.2
77;2021-02-22;303;775;35070;18172;2.5;1.3
77;2021-02-23;358;1134;35428;19306;2.5;1.4
77;2021-02-24;511;900;35939;20206;2.5;1.4
77;2021-02-25;793;977;36732;21183;2.6;1.5
77;2021-02-26;840;845;37572;22028;2.6;1.5
77;2021-02-27;460;169;38032;22197;2.7;1.6
77;2021-02-28;32;5;38064;22202;2.7;1.6
77;2021-03-01;674;710;38738;22912;2.7;1.6
77;2021-03-02;1092;1027;39830;23939;2.8;1.7
77;2021-03-03;1952;1179;41782;25118;2.9;1.8
77;2021-03-04;2797;1135;44579;26253;3.1;1.8
77;2021-03-05;3377;1038;47956;27291;3.4;1.9
77;2021-03-06;4819;247;52775;27538;3.7;1.9
77;2021-03-07;3190;96;55965;27634;3.9;1.9
77;2021-03-08;1230;501;57195;28135;4.0;2.0
77;2021-03-09;2503;627;59698;28762;4.2;2.0
77;2021-03-10;2396;568;62094;29330;4.4;2.1
77;2021-03-11;3499;761;65593;30091;4.6;2.1
77;2021-03-12;3889;675;69482;30766;4.9;2.2
77;2021-03-13;4480;192;73962;30958;5.2;2.2
77;2021-03-14;2150;109;76112;31067;5.3;2.2
77;2021-03-15;2509;273;78621;31340;5.5;2.2
77;2021-03-16;2443;369;81064;31709;5.7;2.2
77;2021-03-17;2548;419;83612;32128;5.9;2.3
77;2021-03-18;3008;398;86620;32526;6.1;2.3
77;2021-03-19;3356;428;89976;32954;6.3;2.3
77;2021-03-20;1964;74;91940;33028;6.5;2.3
77;2021-03-21;242;13;92182;33041;6.5;2.3
77;2021-03-22;3018;401;95200;33442;6.7;2.3
77;2021-03-23;4516;513;99716;33955;7.0;2.4
77;2021-03-24;4149;622;103865;34577;7.3;2.4
77;2021-03-25;5903;407;109768;34984;7.7;2.5
77;2021-03-26;6264;423;116032;35407;8.2;2.5
77;2021-03-27;3321;110;119353;35517;8.4;2.5
77;2021-03-28;1730;43;121083;35560;8.5;2.5
77;2021-03-29;2653;683;123736;36243;8.7;2.5
77;2021-03-30;3991;1203;127727;37446;9.0;2.6
77;2021-03-31;3752;1212;131479;38658;9.2;2.7
77;2021-04-01;4140;1800;135619;40458;9.5;2.8
77;2021-04-02;3989;2013;139608;42471;9.8;3.0
77;2021-04-03;1745;2275;141353;44746;9.9;3.1
77;2021-04-04;425;1426;141778;46172;10.0;3.2
77;2021-04-05;158;162;141936;46334;10.0;3.3
77;2021-04-06;2711;1920;144647;48254;10.2;3.4
77;2021-04-07;3313;2080;147960;50334;10.4;3.5
77;2021-04-08;4530;2361;152490;52695;10.7;3.7
77;2021-04-09;4845;2080;157335;54775;11.1;3.8
77;2021-04-10;3072;2742;160407;57517;11.3;4.0
77;2021-04-11;586;716;160993;58233;11.3;4.1
77;2021-04-12;2231;1824;163224;60057;11.5;4.2
77;2021-04-13;3357;2631;166581;62688;11.7;4.4
77;2021-04-14;2522;2644;169103;65332;11.9;4.6
77;2021-04-15;3317;3110;172420;68442;12.1;4.8
77;2021-04-16;3572;2716;175992;71158;12.4;5.0
77;2021-04-17;1387;472;177379;71630;12.5;5.0
77;2021-04-18;150;11;177529;71641;12.5;5.0
77;2021-04-19;2082;2510;179611;74151;12.6;5.2
77;2021-04-20;2565;3379;182176;77530;12.8;5.4
77;2021-04-21;2192;3472;184368;81002;13.0;5.7
77;2021-04-22;3002;3848;187370;84850;13.2;6.0
77;2021-04-23;3523;3632;190893;88482;13.4;6.2
77;2021-04-24;4897;2511;195790;90993;13.8;6.4
77;2021-04-25;4082;1231;199872;92224;14.0;6.5
77;2021-04-26;3229;2033;203101;94257;14.3;6.6
77;2021-04-27;3992;2513;207093;96770;14.5;6.8
77;2021-04-28;4072;2604;211165;99374;14.8;7.0
77;2021-04-29;4476;3075;215641;102449;15.1;7.2
77;2021-04-30;4904;3329;220545;105778;15.5;7.4
77;2021-05-01;2461;591;223006;106369;15.7;7.5
77;2021-05-02;3141;276;226147;106645;15.9;7.5
77;2021-05-03;5987;2063;232134;108708;16.3;7.6
77;2021-05-04;6437;2983;238571;111691;16.8;7.8
77;2021-05-05;6015;3020;244586;114711;17.2;8.1
77;2021-05-06;6888;3590;251474;118301;17.7;8.3
77;2021-05-07;8204;3258;259678;121559;18.2;8.5
77;2021-05-08;5706;804;265384;122363;18.6;8.6
77;2021-05-09;4906;473;270290;122836;19.0;8.6
77;2021-05-10;8086;2321;278376;125157;19.6;8.8
77;2021-05-11;9577;2913;287953;128070;20.2;9.0
77;2021-05-12;8977;2278;296930;130348;20.9;9.2
77;2021-05-13;9301;866;306231;131214;21.5;9.2
77;2021-05-14;10424;1649;316655;132863;22.2;9.3
77;2021-05-15;8987;1248;325642;134111;22.9;9.4
77;2021-05-16;5150;463;330792;134574;23.2;9.5
77;2021-05-17;10369;1470;341161;136044;24.0;9.6
77;2021-05-18;11777;1796;352938;137840;24.8;9.7
77;2021-05-19;10908;1597;363846;139437;25.6;9.8
77;2021-05-20;12206;2159;376052;141596;26.4;9.9
77;2021-05-21;11652;2688;387704;144284;27.2;10.1
77;2021-05-22;9819;1728;397523;146012;27.9;10.3
77;2021-05-23;6985;805;404508;146817;28.4;10.3
77;2021-05-24;6762;775;411270;147592;28.9;10.4
77;2021-05-25;8304;2805;419574;150397;29.5;10.6
77;2021-05-26;7564;2968;427138;153365;30.0;10.8
77;2021-05-27;7547;3954;434685;157319;30.5;11.1
77;2021-05-28;7637;4012;442322;161331;31.1;11.3
77;2021-05-29;7355;2337;449677;163668;31.6;11.5
77;2021-05-30;4355;891;454032;164559;31.9;11.6
77;2021-05-31;8386;3829;462418;168388;32.5;11.8
77;2021-06-01;9639;4344;472057;172732;33.2;12.1
77;2021-06-02;8906;3886;480963;176618;33.8;12.4
77;2021-06-03;8998;5257;489961;181875;34.4;12.8
77;2021-06-04;9110;5486;499071;187361;35.1;13.2
77;2021-06-05;6642;4993;505713;192354;35.5;13.5
77;2021-06-06;4908;3206;510621;195560;35.9;13.7
77;2021-06-07;6417;4538;517038;200098;36.3;14.1
77;2021-06-08;5726;5208;522764;205306;36.7;14.4
77;2021-06-09;5055;4952;527819;210258;37.1;14.8
77;2021-06-10;5013;5456;532832;215714;37.4;15.2
77;2021-06-11;5750;6030;538582;221744;37.8;15.6
77;2021-06-12;6547;4747;545129;226491;38.3;15.9
77;2021-06-13;3506;3049;548635;229540;38.5;16.1
77;2021-06-14;3215;7924;551850;237464;38.8;16.7
77;2021-06-15;4126;8479;555976;245943;39.1;17.3
77;2021-06-16;4801;8374;560777;254317;39.4;17.9
77;2021-06-17;4471;9023;565248;263340;39.7;18.5
77;2021-06-18;4359;9781;569607;273121;40.0;19.2
77;2021-06-19;5300;6918;574907;280039;40.4;19.7
77;2021-06-20;2090;3798;576997;283837;40.5;19.9
77;2021-06-21;3217;9575;580214;293412;40.8;20.6
77;2021-06-22;3665;11365;583879;304777;41.0;21.4
77;2021-06-23;3436;10046;587315;314823;41.3;22.1
77;2021-06-24;3358;10905;590673;325728;41.5;22.9
77;2021-06-25;3622;10797;594295;336525;41.7;23.6
77;2021-06-26;4080;10065;598375;346590;42.0;24.3
77;2021-06-27;2122;6426;600497;353016;42.2;24.8
77;2021-06-28;2798;10830;603295;363846;42.4;25.6
77;2021-06-29;3365;12517;606660;376363;42.6;26.4
77;2021-06-30;3281;11444;609941;387807;42.8;27.2
77;2021-07-01;3270;11653;613211;399460;43.1;28.1
77;2021-07-02;3424;12237;616635;411697;43.3;28.9
77;2021-07-03;3172;10789;619807;422486;43.5;29.7
77;2021-07-04;1991;6492;621798;428978;43.7;30.1
77;2021-07-05;3581;9544;625379;438522;43.9;30.8
77;2021-07-06;3721;9526;629100;448048;44.2;31.5
77;2021-07-07;4005;8950;633105;456998;44.5;32.1
77;2021-07-08;3896;8749;637001;465747;44.7;32.7
77;2021-07-09;4682;10338;641683;476085;45.1;33.4
77;2021-07-10;4028;9839;645711;485924;45.4;34.1
77;2021-07-11;3060;5074;648771;490998;45.6;34.5
77;2021-07-12;3270;10865;652041;501863;45.8;35.3
77;2021-07-13;6034;12006;658075;513869;46.2;36.1
77;2021-07-14;3532;6439;661607;520308;46.5;36.5
77;2021-07-15;7106;11944;668713;532252;47.0;37.4
77;2021-07-16;7759;9873;676472;542125;47.5;38.1
77;2021-07-17;5762;9451;682234;551576;47.9;38.7
77;2021-07-18;4133;5322;686367;556898;48.2;39.1
77;2021-07-19;7453;8928;693820;565826;48.7;39.7
77;2021-07-20;9497;7987;703317;573813;49.4;40.3
77;2021-07-21;9435;7437;712752;581250;50.1;40.8
77;2021-07-22;10410;7462;723162;588712;50.8;41.4
77;2021-07-23;9742;8147;732904;596859;51.5;41.9
77;2021-07-24;7154;7828;740058;604687;52.0;42.5
77;2021-07-25;5852;4003;745910;608690;52.4;42.8
77;2021-07-26;9143;5936;755053;614626;53.0;43.2
77;2021-07-27;10798;5979;765851;620605;53.8;43.6
77;2021-07-28;9315;6355;775166;626960;54.5;44.0
77;2021-07-29;9464;5448;784630;632408;55.1;44.4
77;2021-07-30;9618;6295;794248;638703;55.8;44.9
77;2021-07-31;7194;6584;801442;645287;56.3;45.3
77;2021-08-01;2935;1177;804377;646464;56.5;45.4
77;2021-08-02;6987;5658;811364;652122;57.0;45.8
78;2020-12-27;2;0;2;0;0.0;0.0
78;2020-12-28;0;0;2;0;0.0;0.0
78;2020-12-29;0;0;2;0;0.0;0.0
78;2020-12-30;0;0;2;0;0.0;0.0
78;2020-12-31;15;0;17;0;0.0;0.0
78;2021-01-01;0;0;17;0;0.0;0.0
78;2021-01-02;1;0;18;0;0.0;0.0
78;2021-01-03;2;0;20;0;0.0;0.0
78;2021-01-04;145;3;165;3;0.0;0.0
78;2021-01-05;175;1;340;4;0.0;0.0
78;2021-01-06;208;4;548;8;0.0;0.0
78;2021-01-07;468;2;1016;10;0.1;0.0
78;2021-01-08;651;4;1667;14;0.1;0.0
78;2021-01-09;22;0;1689;14;0.1;0.0
78;2021-01-10;1;0;1690;14;0.1;0.0
78;2021-01-11;791;4;2481;18;0.2;0.0
78;2021-01-12;946;7;3427;25;0.2;0.0
78;2021-01-13;736;8;4163;33;0.3;0.0
78;2021-01-14;810;9;4973;42;0.3;0.0
78;2021-01-15;846;7;5819;49;0.4;0.0
78;2021-01-16;32;1;5851;50;0.4;0.0
78;2021-01-17;0;0;5851;50;0.4;0.0
78;2021-01-18;1381;22;7232;72;0.5;0.0
78;2021-01-19;1840;27;9072;99;0.6;0.0
78;2021-01-20;1646;14;10718;113;0.7;0.0
78;2021-01-21;3243;13;13961;126;1.0;0.0
78;2021-01-22;2212;16;16173;142;1.1;0.0
78;2021-01-23;279;0;16452;142;1.1;0.0
78;2021-01-24;5;0;16457;142;1.1;0.0
78;2021-01-25;958;33;17415;175;1.2;0.0
78;2021-01-26;1558;19;18973;194;1.3;0.0
78;2021-01-27;2059;47;21032;241;1.5;0.0
78;2021-01-28;2433;104;23465;345;1.6;0.0
78;2021-01-29;1488;64;24953;409;1.7;0.0
78;2021-01-30;210;3;25163;412;1.7;0.0
78;2021-01-31;3;0;25166;412;1.7;0.0
78;2021-02-01;786;225;25952;637;1.8;0.0
78;2021-02-02;968;347;26920;984;1.9;0.1
78;2021-02-03;975;241;27895;1225;1.9;0.1
78;2021-02-04;1116;446;29011;1671;2.0;0.1
78;2021-02-05;1189;514;30200;2185;2.1;0.2
78;2021-02-06;197;44;30397;2229;2.1;0.2
78;2021-02-07;139;13;30536;2242;2.1;0.2
78;2021-02-08;760;612;31296;2854;2.2;0.2
78;2021-02-09;1122;942;32418;3796;2.2;0.3
78;2021-02-10;1248;1181;33666;4977;2.3;0.3
78;2021-02-11;1817;1900;35483;6877;2.4;0.5
78;2021-02-12;1818;1417;37301;8294;2.6;0.6
78;2021-02-13;172;80;37473;8374;2.6;0.6
78;2021-02-14;26;25;37499;8399;2.6;0.6
78;2021-02-15;446;1441;37945;9840;2.6;0.7
78;2021-02-16;627;1558;38572;11398;2.7;0.8
78;2021-02-17;583;2224;39155;13622;2.7;0.9
78;2021-02-18;996;2284;40151;15906;2.8;1.1
78;2021-02-19;819;1737;40970;17643;2.8;1.2
78;2021-02-20;147;124;41117;17767;2.8;1.2
78;2021-02-21;0;12;41117;17779;2.8;1.2
78;2021-02-22;498;1059;41615;18838;2.9;1.3
78;2021-02-23;540;1123;42155;19961;2.9;1.4
78;2021-02-24;619;1238;42774;21199;3.0;1.5
78;2021-02-25;862;1160;43636;22359;3.0;1.5
78;2021-02-26;1131;1244;44767;23603;3.1;1.6
78;2021-02-27;739;148;45506;23751;3.1;1.6
78;2021-02-28;65;18;45571;23769;3.1;1.6
78;2021-03-01;963;905;46534;24674;3.2;1.7
78;2021-03-02;1722;1051;48256;25725;3.3;1.8
78;2021-03-03;1964;1225;50220;26950;3.5;1.9
78;2021-03-04;2945;1578;53165;28528;3.7;2.0
78;2021-03-05;3250;1646;56415;30174;3.9;2.1
78;2021-03-06;6239;270;62654;30444;4.3;2.1
78;2021-03-07;3444;83;66098;30527;4.6;2.1
78;2021-03-08;1451;758;67549;31285;4.7;2.2
78;2021-03-09;2937;899;70486;32184;4.9;2.2
78;2021-03-10;3069;1102;73555;33286;5.1;2.3
78;2021-03-11;4175;1300;77730;34586;5.4;2.4
78;2021-03-12;5369;1327;83099;35913;5.7;2.5
78;2021-03-13;4651;181;87750;36094;6.1;2.5
78;2021-03-14;1034;37;88784;36131;6.1;2.5
78;2021-03-15;3622;263;92406;36394;6.4;2.5
78;2021-03-16;2562;553;94968;36947;6.6;2.6
78;2021-03-17;2965;428;97933;37375;6.8;2.6
78;2021-03-18;3779;420;101712;37795;7.0;2.6
78;2021-03-19;5315;476;107027;38271;7.4;2.6
78;2021-03-20;2256;119;109283;38390;7.5;2.7
78;2021-03-21;163;7;109446;38397;7.6;2.7
78;2021-03-22;3522;374;112968;38771;7.8;2.7
78;2021-03-23;5227;534;118195;39305;8.2;2.7
78;2021-03-24;4891;535;123086;39840;8.5;2.8
78;2021-03-25;6935;553;130021;40393;9.0;2.8
78;2021-03-26;6933;698;136954;41091;9.5;2.8
78;2021-03-27;3742;181;140696;41272;9.7;2.8
78;2021-03-28;1918;41;142614;41313;9.8;2.9
78;2021-03-29;3864;755;146478;42068;10.1;2.9
78;2021-03-30;5522;1056;152000;43124;10.5;3.0
78;2021-03-31;5328;1275;157328;44399;10.9;3.1
78;2021-04-01;5592;2326;162920;46725;11.2;3.2
78;2021-04-02;5191;2619;168111;49344;11.6;3.4
78;2021-04-03;2197;2555;170308;51899;11.8;3.6
78;2021-04-04;172;14;170480;51913;11.8;3.6
78;2021-04-05;198;18;170678;51931;11.8;3.6
78;2021-04-06;3616;2301;174294;54232;12.0;3.7
78;2021-04-07;4356;2582;178650;56814;12.3;3.9
78;2021-04-08;5521;2658;184171;59472;12.7;4.1
78;2021-04-09;6902;2436;191073;61908;13.2;4.3
78;2021-04-10;3993;1892;195066;63800;13.5;4.4
78;2021-04-11;372;606;195438;64406;13.5;4.4
78;2021-04-12;3528;2364;198966;66770;13.7;4.6
78;2021-04-13;5458;2488;204424;69258;14.1;4.8
78;2021-04-14;4952;3378;209376;72636;14.5;5.0
78;2021-04-15;4612;3838;213988;76474;14.8;5.3
78;2021-04-16;5630;4012;219618;80486;15.2;5.6
78;2021-04-17;3614;712;223232;81198;15.4;5.6
78;2021-04-18;272;42;223504;81240;15.4;5.6
78;2021-04-19;3240;2812;226744;84052;15.7;5.8
78;2021-04-20;4708;3687;231452;87739;16.0;6.1
78;2021-04-21;4530;3498;235982;91237;16.3;6.3
78;2021-04-22;4570;4682;240552;95919;16.6;6.6
78;2021-04-23;5048;4420;245600;100339;17.0;6.9
78;2021-04-24;4866;2622;250466;102961;17.3;7.1
78;2021-04-25;3042;1728;253508;104689;17.5;7.2
78;2021-04-26;4768;3318;258276;108007;17.8;7.5
78;2021-04-27;5465;4308;263741;112315;18.2;7.8
78;2021-04-28;5649;4782;269390;117097;18.6;8.1
78;2021-04-29;6256;4057;275646;121154;19.0;8.4
78;2021-04-30;7204;4444;282850;125598;19.5;8.7
78;2021-05-01;612;255;283462;125853;19.6;8.7
78;2021-05-02;2006;163;285468;126016;19.7;8.7
78;2021-05-03;7456;1271;292924;127287;20.2;8.8
78;2021-05-04;6077;3978;299001;131265;20.6;9.1
78;2021-05-05;7292;4544;306293;135809;21.1;9.4
78;2021-05-06;6475;5170;312768;140979;21.6;9.7
78;2021-05-07;8311;5143;321079;146122;22.2;10.1
78;2021-05-08;2916;1450;323995;147572;22.4;10.2
78;2021-05-09;2817;346;326812;147918;22.6;10.2
78;2021-05-10;7343;4455;334155;152373;23.1;10.5
78;2021-05-11;8141;5409;342296;157782;23.6;10.9
78;2021-05-12;8726;3908;351022;161690;24.2;11.2
78;2021-05-13;6631;599;357653;162289;24.7;11.2
78;2021-05-14;10213;2214;367866;164503;25.4;11.4
78;2021-05-15;4934;2367;372800;166870;25.7;11.5
78;2021-05-16;3695;792;376495;167662;26.0;11.6
78;2021-05-17;8740;1341;385235;169003;26.6;11.7
78;2021-05-18;9881;1871;395116;170874;27.3;11.8
78;2021-05-19;11646;1703;406762;172577;28.1;11.9
78;2021-05-20;11588;2263;418350;174840;28.9;12.1
78;2021-05-21;12126;2628;430476;177468;29.7;12.3
78;2021-05-22;6545;1374;437021;178842;30.2;12.3
78;2021-05-23;3124;384;440145;179226;30.4;12.4
78;2021-05-24;3521;416;443666;179642;30.6;12.4
78;2021-05-25;9986;2501;453652;182143;31.3;12.6
78;2021-05-26;10163;3778;463815;185921;32.0;12.8
78;2021-05-27;10953;4644;474768;190565;32.8;13.2
78;2021-05-28;11414;6013;486182;196578;33.6;13.6
78;2021-05-29;4225;3384;490407;199962;33.9;13.8
78;2021-05-30;134;346;490541;200308;33.9;13.8
78;2021-05-31;7970;5358;498511;205666;34.4;14.2
78;2021-06-01;10028;6525;508539;212191;35.1;14.6
78;2021-06-02;8578;6209;517117;218400;35.7;15.1
78;2021-06-03;9891;6473;527008;224873;36.4;15.5
78;2021-06-04;9790;8148;536798;233021;37.1;16.1
78;2021-06-05;5514;6138;542312;239159;37.4;16.5
78;2021-06-06;2146;2012;544458;241171;37.6;16.6
78;2021-06-07;8122;6516;552580;247687;38.1;17.1
78;2021-06-08;8059;7314;560639;255001;38.7;17.6
78;2021-06-09;7317;6726;567956;261727;39.2;18.1
78;2021-06-10;7075;7098;575031;268825;39.7;18.6
78;2021-06-11;7573;8175;582604;277000;40.2;19.1
78;2021-06-12;6370;2917;588974;279917;40.7;19.3
78;2021-06-13;943;2459;589917;282376;40.7;19.5
78;2021-06-14;3400;9810;593317;292186;41.0;20.2
78;2021-06-15;5784;8287;599101;300473;41.4;20.7
78;2021-06-16;5410;8633;604511;309106;41.7;21.3
78;2021-06-17;5478;8532;609989;317638;42.1;21.9
78;2021-06-18;6086;9784;616075;327422;42.5;22.6
78;2021-06-19;5220;4816;621295;332238;42.9;22.9
78;2021-06-20;624;2836;621919;335074;42.9;23.1
78;2021-06-21;4069;9465;625988;344539;43.2;23.8
78;2021-06-22;3337;10314;629325;354853;43.4;24.5
78;2021-06-23;3828;10386;633153;365239;43.7;25.2
78;2021-06-24;3786;9974;636939;375213;44.0;25.9
78;2021-06-25;3997;13151;640936;388364;44.2;26.8
78;2021-06-26;4212;7952;645148;396316;44.5;27.4
78;2021-06-27;1037;2542;646185;398858;44.6;27.5
78;2021-06-28;3286;10900;649471;409758;44.8;28.3
78;2021-06-29;3532;11245;653003;421003;45.1;29.1
78;2021-06-30;4109;13227;657112;434230;45.4;30.0
78;2021-07-01;3927;12691;661039;446921;45.6;30.9
78;2021-07-02;4174;13927;665213;460848;45.9;31.8
78;2021-07-03;3145;8625;668358;469473;46.1;32.4
78;2021-07-04;758;1742;669116;471215;46.2;32.5
78;2021-07-05;3271;9686;672387;480901;46.4;33.2
78;2021-07-06;3492;12041;675879;492942;46.7;34.0
78;2021-07-07;3740;11606;679619;504548;46.9;34.8
78;2021-07-08;3855;11676;683474;516224;47.2;35.6
78;2021-07-09;4385;12730;687859;528954;47.5;36.5
78;2021-07-10;2613;6600;690472;535554;47.7;37.0
78;2021-07-11;745;2052;691217;537606;47.7;37.1
78;2021-07-12;2984;11741;694201;549347;47.9;37.9
78;2021-07-13;5268;11966;699469;561313;48.3;38.7
78;2021-07-14;2522;4969;701991;566282;48.5;39.1
78;2021-07-15;5638;11936;707629;578218;48.8;39.9
78;2021-07-16;7242;10755;714871;588973;49.3;40.7
78;2021-07-17;4705;4882;719576;593855;49.7;41.0
78;2021-07-18;1119;452;720695;594307;49.8;41.0
78;2021-07-19;3824;10339;724519;604646;50.0;41.7
78;2021-07-20;5545;9898;730064;614544;50.4;42.4
78;2021-07-21;5875;9833;735939;624377;50.8;43.1
78;2021-07-22;5925;9280;741864;633657;51.2;43.7
78;2021-07-23;6164;9181;748028;642838;51.6;44.4
78;2021-07-24;2923;4952;750951;647790;51.8;44.7
78;2021-07-25;980;371;751931;648161;51.9;44.7
78;2021-07-26;4819;6940;756750;655101;52.2;45.2
78;2021-07-27;7536;6871;764286;661972;52.8;45.7
78;2021-07-28;6916;5904;771202;667876;53.2;46.1
78;2021-07-29;7869;5957;779071;673833;53.8;46.5
78;2021-07-30;7596;6994;786667;680827;54.3;47.0
78;2021-07-31;2633;2715;789300;683542;54.5;47.2
78;2021-08-01;98;68;789398;683610;54.5;47.2
78;2021-08-02;2338;2079;791736;685689;54.7;47.3
79;2020-12-27;0;0;0;0;0.0;0.0
79;2020-12-28;3;0;3;0;0.0;0.0
79;2020-12-29;0;0;3;0;0.0;0.0
79;2020-12-30;0;0;3;0;0.0;0.0
79;2020-12-31;0;0;3;0;0.0;0.0
79;2021-01-01;0;0;3;0;0.0;0.0
79;2021-01-02;0;0;3;0;0.0;0.0
79;2021-01-03;0;0;3;0;0.0;0.0
79;2021-01-04;1;0;4;0;0.0;0.0
79;2021-01-05;0;0;4;0;0.0;0.0
79;2021-01-06;0;0;4;0;0.0;0.0
79;2021-01-07;158;0;162;0;0.0;0.0
79;2021-01-08;165;0;327;0;0.1;0.0
79;2021-01-09;98;0;425;0;0.1;0.0
79;2021-01-10;3;0;428;0;0.1;0.0
79;2021-01-11;184;1;612;1;0.2;0.0
79;2021-01-12;246;2;858;3;0.2;0.0
79;2021-01-13;258;0;1116;3;0.3;0.0
79;2021-01-14;499;7;1615;10;0.4;0.0
79;2021-01-15;616;4;2231;14;0.6;0.0
79;2021-01-16;66;0;2297;14;0.6;0.0
79;2021-01-17;0;0;2297;14;0.6;0.0
79;2021-01-18;477;1;2774;15;0.7;0.0
79;2021-01-19;1344;0;4118;15;1.1;0.0
79;2021-01-20;1645;1;5763;16;1.5;0.0
79;2021-01-21;1997;6;7760;22;2.1;0.0
79;2021-01-22;873;3;8633;25;2.3;0.0
79;2021-01-23;65;0;8698;25;2.3;0.0
79;2021-01-24;0;0;8698;25;2.3;0.0
79;2021-01-25;643;7;9341;32;2.5;0.0
79;2021-01-26;572;12;9913;44;2.7;0.0
79;2021-01-27;741;83;10654;127;2.9;0.0
79;2021-01-28;731;150;11385;277;3.1;0.1
79;2021-01-29;490;88;11875;365;3.2;0.1
79;2021-01-30;0;0;11875;365;3.2;0.1
79;2021-01-31;0;0;11875;365;3.2;0.1
79;2021-02-01;206;111;12081;476;3.2;0.1
79;2021-02-02;324;72;12405;548;3.3;0.1
79;2021-02-03;389;60;12794;608;3.4;0.2
79;2021-02-04;323;110;13117;718;3.5;0.2
79;2021-02-05;356;274;13473;992;3.6;0.3
79;2021-02-06;3;0;13476;992;3.6;0.3
79;2021-02-07;22;0;13498;992;3.6;0.3
79;2021-02-08;283;170;13781;1162;3.7;0.3
79;2021-02-09;455;786;14236;1948;3.8;0.5
79;2021-02-10;618;1197;14854;3145;4.0;0.8
79;2021-02-11;776;1235;15630;4380;4.2;1.2
79;2021-02-12;468;770;16098;5150;4.3;1.4
79;2021-02-13;53;74;16151;5224;4.3;1.4
79;2021-02-14;0;0;16151;5224;4.3;1.4
79;2021-02-15;186;507;16337;5731;4.4;1.5
79;2021-02-16;332;734;16669;6465;4.5;1.7
79;2021-02-17;247;880;16916;7345;4.5;2.0
79;2021-02-18;354;947;17270;8292;4.6;2.2
79;2021-02-19;267;565;17537;8857;4.7;2.4
79;2021-02-20;4;22;17541;8879;4.7;2.4
79;2021-02-21;1;0;17542;8879;4.7;2.4
79;2021-02-22;137;464;17679;9343;4.7;2.5
79;2021-02-23;248;570;17927;9913;4.8;2.7
79;2021-02-24;245;543;18172;10456;4.9;2.8
79;2021-02-25;516;471;18688;10927;5.0;2.9
79;2021-02-26;598;402;19286;11329;5.2;3.0
79;2021-02-27;406;5;19692;11334;5.3;3.0
79;2021-02-28;34;0;19726;11334;5.3;3.0
79;2021-03-01;89;360;19815;11694;5.3;3.1
79;2021-03-02;303;507;20118;12201;5.4;3.3
79;2021-03-03;659;541;20777;12742;5.6;3.4
79;2021-03-04;904;567;21681;13309;5.8;3.6
79;2021-03-05;1216;440;22897;13749;6.1;3.7
79;2021-03-06;610;4;23507;13753;6.3;3.7
79;2021-03-07;77;0;23584;13753;6.3;3.7
79;2021-03-08;344;308;23928;14061;6.4;3.8
79;2021-03-09;841;340;24769;14401;6.6;3.9
79;2021-03-10;1144;401;25913;14802;7.0;4.0
79;2021-03-11;1638;319;27551;15121;7.4;4.1
79;2021-03-12;1717;117;29268;15238;7.9;4.1
79;2021-03-13;1135;11;30403;15249;8.2;4.1
79;2021-03-14;50;0;30453;15249;8.2;4.1
79;2021-03-15;496;158;30949;15407;8.3;4.1
79;2021-03-16;734;143;31683;15550;8.5;4.2
79;2021-03-17;576;108;32259;15658;8.7;4.2
79;2021-03-18;553;199;32812;15857;8.8;4.3
79;2021-03-19;662;255;33474;16112;9.0;4.3
79;2021-03-20;1006;12;34480;16124;9.3;4.3
79;2021-03-21;3;0;34483;16124;9.3;4.3
79;2021-03-22;954;201;35437;16325;9.5;4.4
79;2021-03-23;1589;170;37026;16495;9.9;4.4
79;2021-03-24;1828;152;38854;16647;10.4;4.5
79;2021-03-25;2498;183;41352;16830;11.1;4.5
79;2021-03-26;2401;133;43753;16963;11.7;4.6
79;2021-03-27;769;16;44522;16979;11.9;4.6
79;2021-03-28;1;0;44523;16979;11.9;4.6
79;2021-03-29;2147;111;46670;17090;12.5;4.6
79;2021-03-30;2816;59;49486;17149;13.3;4.6
79;2021-03-31;2778;381;52264;17530;14.0;4.7
79;2021-04-01;2694;374;54958;17904;14.7;4.8
79;2021-04-02;2823;387;57781;18291;15.5;4.9
79;2021-04-03;633;53;58414;18344;15.7;4.9
79;2021-04-04;3;0;58417;18344;15.7;4.9
79;2021-04-05;380;4;58797;18348;15.8;4.9
79;2021-04-06;1792;581;60589;18929;16.3;5.1
79;2021-04-07;3115;728;63704;19657;17.1;5.3
79;2021-04-08;2628;688;66332;20345;17.8;5.5
79;2021-04-09;3736;535;70068;20880;18.8;5.6
79;2021-04-10;1461;376;71529;21256;19.2;5.7
79;2021-04-11;4;0;71533;21256;19.2;5.7
79;2021-04-12;1753;352;73286;21608;19.7;5.8
79;2021-04-13;2174;744;75460;22352;20.3;6.0
79;2021-04-14;2479;667;77939;23019;20.9;6.2
79;2021-04-15;2215;662;80154;23681;21.5;6.4
79;2021-04-16;1414;439;81568;24120;21.9;6.5
79;2021-04-17;581;350;82149;24470;22.0;6.6
79;2021-04-18;1;14;82150;24484;22.0;6.6
79;2021-04-19;1089;843;83239;25327;22.3;6.8
79;2021-04-20;1506;1229;84745;26556;22.7;7.1
79;2021-04-21;1417;1435;86162;27991;23.1;7.5
79;2021-04-22;1570;1079;87732;29070;23.5;7.8
79;2021-04-23;1318;1186;89050;30256;23.9;8.1
79;2021-04-24;651;462;89701;30718;24.1;8.2
79;2021-04-25;0;0;89701;30718;24.1;8.2
79;2021-04-26;1343;1812;91044;32530;24.4;8.7
79;2021-04-27;1898;2348;92942;34878;24.9;9.4
79;2021-04-28;1457;2863;94399;37741;25.3;10.1
79;2021-04-29;2107;2253;96506;39994;25.9;10.7
79;2021-04-30;2113;2450;98619;42444;26.5;11.4
79;2021-05-01;518;376;99137;42820;26.6;11.5
79;2021-05-02;1;11;99138;42831;26.6;11.5
79;2021-05-03;1181;1290;100319;44121;26.9;11.8
79;2021-05-04;1734;2322;102053;46443;27.4;12.5
79;2021-05-05;1695;2483;103748;48926;27.8;13.1
79;2021-05-06;2318;2210;106066;51136;28.5;13.7
79;2021-05-07;2084;2799;108150;53935;29.0;14.5
79;2021-05-08;200;508;108350;54443;29.1;14.6
79;2021-05-09;0;0;108350;54443;29.1;14.6
79;2021-05-10;1584;1783;109934;56226;29.5;15.1
79;2021-05-11;2310;1648;112244;57874;30.1;15.5
79;2021-05-12;1996;2676;114240;60550;30.7;16.2
79;2021-05-13;640;289;114880;60839;30.8;16.3
79;2021-05-14;2100;671;116980;61510;31.4;16.5
79;2021-05-15;1399;498;118379;62008;31.8;16.6
79;2021-05-16;1;22;118380;62030;31.8;16.6
79;2021-05-17;1873;1079;120253;63109;32.3;16.9
79;2021-05-18;2969;1267;123222;64376;33.1;17.3
79;2021-05-19;2894;966;126116;65342;33.8;17.5
79;2021-05-20;3103;1244;129219;66586;34.7;17.9
79;2021-05-21;2768;1062;131987;67648;35.4;18.2
79;2021-05-22;1085;260;133072;67908;35.7;18.2
79;2021-05-23;1;0;133073;67908;35.7;18.2
79;2021-05-24;161;20;133234;67928;35.8;18.2
79;2021-05-25;3199;985;136433;68913;36.6;18.5
79;2021-05-26;3314;850;139747;69763;37.5;18.7
79;2021-05-27;3586;1715;143333;71478;38.5;19.2
79;2021-05-28;3329;1819;146662;73297;39.4;19.7
79;2021-05-29;1073;450;147735;73747;39.6;19.8
79;2021-05-30;3;1;147738;73748;39.6;19.8
79;2021-05-31;2380;731;150118;74479;40.3;20.0
79;2021-06-01;3017;1573;153135;76052;41.1;20.4
79;2021-06-02;4061;1166;157196;77218;42.2;20.7
79;2021-06-03;4081;1750;161277;78968;43.3;21.2
79;2021-06-04;4144;2032;165421;81000;44.4;21.7
79;2021-06-05;2801;757;168222;81757;45.1;21.9
79;2021-06-06;696;38;168918;81795;45.3;22.0
79;2021-06-07;2810;1412;171728;83207;46.1;22.3
79;2021-06-08;2981;2066;174709;85273;46.9;22.9
79;2021-06-09;3628;1937;178337;87210;47.9;23.4
79;2021-06-10;3017;1973;181354;89183;48.7;23.9
79;2021-06-11;3767;2314;185121;91497;49.7;24.6
79;2021-06-12;1708;608;186829;92105;50.1;24.7
79;2021-06-13;214;24;187043;92129;50.2;24.7
79;2021-06-14;1245;1691;188288;93820;50.5;25.2
79;2021-06-15;1880;2361;190168;96181;51.0;25.8
79;2021-06-16;2200;2246;192368;98427;51.6;26.4
79;2021-06-17;2235;2613;194603;101040;52.2;27.1
79;2021-06-18;2410;2319;197013;103359;52.9;27.7
79;2021-06-19;1244;581;198257;103940;53.2;27.9
79;2021-06-20;3;2;198260;103942;53.2;27.9
79;2021-06-21;1229;2279;199489;106221;53.5;28.5
79;2021-06-22;1542;2872;201031;109093;53.9;29.3
79;2021-06-23;1759;2546;202790;111639;54.4;30.0
79;2021-06-24;2091;2003;204881;113642;55.0;30.5
79;2021-06-25;1480;2841;206361;116483;55.4;31.3
79;2021-06-26;866;808;207227;117291;55.6;31.5
79;2021-06-27;13;6;207240;117297;55.6;31.5
79;2021-06-28;1048;2620;208288;119917;55.9;32.2
79;2021-06-29;1447;3548;209735;123465;56.3;33.1
79;2021-06-30;1344;3446;211079;126911;56.6;34.1
79;2021-07-01;1165;3785;212244;130696;57.0;35.1
79;2021-07-02;1461;3346;213705;134042;57.4;36.0
79;2021-07-03;397;1504;214102;135546;57.5;36.4
79;2021-07-04;1;9;214103;135555;57.5;36.4
79;2021-07-05;742;2122;214845;137677;57.7;36.9
79;2021-07-06;939;3666;215784;141343;57.9;37.9
79;2021-07-07;1321;4311;217105;145654;58.3;39.1
79;2021-07-08;1073;4051;218178;149705;58.6;40.2
79;2021-07-09;832;3722;219010;153427;58.8;41.2
79;2021-07-10;510;1318;219520;154745;58.9;41.5
79;2021-07-11;1;12;219521;154757;58.9;41.5
79;2021-07-12;539;3696;220060;158453;59.1;42.5
79;2021-07-13;995;5197;221055;163650;59.3;43.9
79;2021-07-14;131;875;221186;164525;59.4;44.2
79;2021-07-15;1216;4681;222402;169206;59.7;45.4
79;2021-07-16;1322;4358;223724;173564;60.0;46.6
79;2021-07-17;564;2419;224288;175983;60.2;47.2
79;2021-07-18;43;498;224331;176481;60.2;47.4
79;2021-07-19;730;3320;225061;179801;60.4;48.3
79;2021-07-20;1221;3951;226282;183752;60.7;49.3
79;2021-07-21;1173;4197;227455;187949;61.0;50.4
79;2021-07-22;1341;3987;228796;191936;61.4;51.5
79;2021-07-23;1346;4561;230142;196497;61.8;52.7
79;2021-07-24;863;1498;231005;197995;62.0;53.1
79;2021-07-25;55;326;231060;198321;62.0;53.2
79;2021-07-26;1365;2594;232425;200915;62.4;53.9
79;2021-07-27;2076;2993;234501;203908;62.9;54.7
79;2021-07-28;2483;2490;236984;206398;63.6;55.4
79;2021-07-29;2989;2843;239973;209241;64.4;56.2
79;2021-07-30;2122;2820;242095;212061;65.0;56.9
79;2021-07-31;875;1150;242970;213211;65.2;57.2
79;2021-08-01;3;3;242973;213214;65.2;57.2
79;2021-08-02;1763;1537;244736;214751;65.7;57.6
80;2020-12-27;0;0;0;0;0.0;0.0
80;2020-12-28;0;0;0;0;0.0;0.0
80;2020-12-29;11;0;11;0;0.0;0.0
80;2020-12-30;0;0;11;0;0.0;0.0
80;2020-12-31;0;0;11;0;0.0;0.0
80;2021-01-01;0;0;11;0;0.0;0.0
80;2021-01-02;0;0;11;0;0.0;0.0
80;2021-01-03;1;0;12;0;0.0;0.0
80;2021-01-04;0;0;12;0;0.0;0.0
80;2021-01-05;0;0;12;0;0.0;0.0
80;2021-01-06;30;0;42;0;0.0;0.0
80;2021-01-07;276;2;318;2;0.1;0.0
80;2021-01-08;330;0;648;2;0.1;0.0
80;2021-01-09;108;0;756;2;0.1;0.0
80;2021-01-10;21;0;777;2;0.1;0.0
80;2021-01-11;276;0;1053;2;0.2;0.0
80;2021-01-12;427;2;1480;4;0.3;0.0
80;2021-01-13;514;3;1994;7;0.3;0.0
80;2021-01-14;453;4;2447;11;0.4;0.0
80;2021-01-15;330;1;2777;12;0.5;0.0
80;2021-01-16;103;1;2880;13;0.5;0.0
80;2021-01-17;102;1;2982;14;0.5;0.0
80;2021-01-18;412;2;3394;16;0.6;0.0
80;2021-01-19;962;16;4356;32;0.8;0.0
80;2021-01-20;1086;4;5442;36;1.0;0.0
80;2021-01-21;1011;8;6453;44;1.1;0.0
80;2021-01-22;1113;3;7566;47;1.3;0.0
80;2021-01-23;908;0;8474;47;1.5;0.0
80;2021-01-24;824;4;9298;51;1.6;0.0
80;2021-01-25;1539;7;10837;58;1.9;0.0
80;2021-01-26;1479;10;12316;68;2.2;0.0
80;2021-01-27;822;28;13138;96;2.3;0.0
80;2021-01-28;623;175;13761;271;2.4;0.0
80;2021-01-29;637;220;14398;491;2.5;0.1
80;2021-01-30;85;60;14483;551;2.5;0.1
80;2021-01-31;0;0;14483;551;2.5;0.1
80;2021-02-01;26;258;14509;809;2.5;0.1
80;2021-02-02;21;446;14530;1255;2.6;0.2
80;2021-02-03;29;542;14559;1797;2.6;0.3
80;2021-02-04;277;349;14836;2146;2.6;0.4
80;2021-02-05;347;211;15183;2357;2.7;0.4
80;2021-02-06;167;70;15350;2427;2.7;0.4
80;2021-02-07;1;0;15351;2427;2.7;0.4
80;2021-02-08;425;241;15776;2668;2.8;0.5
80;2021-02-09;686;245;16462;2913;2.9;0.5
80;2021-02-10;606;495;17068;3408;3.0;0.6
80;2021-02-11;861;352;17929;3760;3.1;0.7
80;2021-02-12;943;314;18872;4074;3.3;0.7
80;2021-02-13;195;428;19067;4502;3.3;0.8
80;2021-02-14;78;572;19145;5074;3.4;0.9
80;2021-02-15;605;1018;19750;6092;3.5;1.1
80;2021-02-16;688;1137;20438;7229;3.6;1.3
80;2021-02-17;484;1173;20922;8402;3.7;1.5
80;2021-02-18;569;1137;21491;9539;3.8;1.7
80;2021-02-19;503;850;21994;10389;3.9;1.8
80;2021-02-20;22;516;22016;10905;3.9;1.9
80;2021-02-21;47;49;22063;10954;3.9;1.9
80;2021-02-22;149;576;22212;11530;3.9;2.0
80;2021-02-23;471;693;22683;12223;4.0;2.1
80;2021-02-24;431;679;23114;12902;4.1;2.3
80;2021-02-25;815;541;23929;13443;4.2;2.4
80;2021-02-26;1062;519;24991;13962;4.4;2.5
80;2021-02-27;476;73;25467;14035;4.5;2.5
80;2021-02-28;49;23;25516;14058;4.5;2.5
80;2021-03-01;728;65;26244;14123;4.6;2.5
80;2021-03-02;1014;89;27258;14212;4.8;2.5
80;2021-03-03;980;53;28238;14265;5.0;2.5
80;2021-03-04;1390;234;29628;14499;5.2;2.5
80;2021-03-05;1871;325;31499;14824;5.5;2.6
80;2021-03-06;2918;316;34417;15140;6.0;2.7
80;2021-03-07;1841;68;36258;15208;6.4;2.7
80;2021-03-08;714;605;36972;15813;6.5;2.8
80;2021-03-09;1309;906;38281;16719;6.7;2.9
80;2021-03-10;1722;740;40003;17459;7.0;3.1
80;2021-03-11;1908;817;41911;18276;7.4;3.2
80;2021-03-12;3137;729;45048;19005;7.9;3.3
80;2021-03-13;4006;191;49054;19196;8.6;3.4
80;2021-03-14;350;12;49404;19208;8.7;3.4
80;2021-03-15;1014;247;50418;19455;8.8;3.4
80;2021-03-16;882;334;51300;19789;9.0;3.5
80;2021-03-17;663;275;51963;20064;9.1;3.5
80;2021-03-18;1000;293;52963;20357;9.3;3.6
80;2021-03-19;1738;381;54701;20738;9.6;3.6
80;2021-03-20;3821;104;58522;20842;10.3;3.7
80;2021-03-21;488;30;59010;20872;10.4;3.7
80;2021-03-22;902;287;59912;21159;10.5;3.7
80;2021-03-23;1713;408;61625;21567;10.8;3.8
80;2021-03-24;1754;462;63379;22029;11.1;3.9
80;2021-03-25;2713;444;66092;22473;11.6;3.9
80;2021-03-26;3102;420;69194;22893;12.1;4.0
80;2021-03-27;2231;220;71425;23113;12.5;4.1
80;2021-03-28;675;90;72100;23203;12.7;4.1
80;2021-03-29;1981;744;74081;23947;13.0;4.2
80;2021-03-30;1970;870;76051;24817;13.3;4.4
80;2021-03-31;1495;985;77546;25802;13.6;4.5
80;2021-04-01;1951;1481;79497;27283;14.0;4.8
80;2021-04-02;2812;1571;82309;28854;14.4;5.1
80;2021-04-03;3042;855;85351;29709;15.0;5.2
80;2021-04-04;133;6;85484;29715;15.0;5.2
80;2021-04-05;684;199;86168;29914;15.1;5.3
80;2021-04-06;1280;967;87448;30881;15.3;5.4
80;2021-04-07;1624;1199;89072;32080;15.6;5.6
80;2021-04-08;2155;837;91227;32917;16.0;5.8
80;2021-04-09;3529;1345;94756;34262;16.6;6.0
80;2021-04-10;2735;1939;97491;36201;17.1;6.4
80;2021-04-11;189;174;97680;36375;17.1;6.4
80;2021-04-12;1808;483;99488;36858;17.5;6.5
80;2021-04-13;2381;1034;101869;37892;17.9;6.7
80;2021-04-14;2765;1139;104634;39031;18.4;6.9
80;2021-04-15;3730;862;108364;39893;19.0;7.0
80;2021-04-16;3334;860;111698;40753;19.6;7.2
80;2021-04-17;1652;2299;113350;43052;19.9;7.6
80;2021-04-18;372;386;113722;43438;20.0;7.6
80;2021-04-19;954;775;114676;44213;20.1;7.8
80;2021-04-20;1612;809;116288;45022;20.4;7.9
80;2021-04-21;1613;997;117901;46019;20.7;8.1
80;2021-04-22;2164;1251;120065;47270;21.1;8.3
80;2021-04-23;2639;1247;122704;48517;21.5;8.5
80;2021-04-24;1359;1189;124063;49706;21.8;8.7
80;2021-04-25;209;530;124272;50236;21.8;8.8
80;2021-04-26;1294;1442;125566;51678;22.0;9.1
80;2021-04-27;2024;1396;127590;53074;22.4;9.3
80;2021-04-28;2200;1396;129790;54470;22.8;9.6
80;2021-04-29;3215;1877;133005;56347;23.3;9.9
80;2021-04-30;3076;2848;136081;59195;23.9;10.4
80;2021-05-01;987;656;137068;59851;24.1;10.5
80;2021-05-02;370;52;137438;59903;24.1;10.5
80;2021-05-03;2721;1178;140159;61081;24.6;10.7
80;2021-05-04;2498;1707;142657;62788;25.0;11.0
80;2021-05-05;3364;1895;146021;64683;25.6;11.4
80;2021-05-06;3173;2546;149194;67229;26.2;11.8
80;2021-05-07;3454;2689;152648;69918;26.8;12.3
80;2021-05-08;2783;921;155431;70839;27.3;12.4
80;2021-05-09;1407;263;156838;71102;27.5;12.5
80;2021-05-10;1882;1832;158720;72934;27.9;12.8
80;2021-05-11;3275;1794;161995;74728;28.4;13.1
80;2021-05-12;4700;1566;166695;76294;29.3;13.4
80;2021-05-13;3835;361;170530;76655;29.9;13.5
80;2021-05-14;5190;1394;175720;78049;30.8;13.7
80;2021-05-15;5919;1051;181639;79100;31.9;13.9
80;2021-05-16;2679;305;184318;79405;32.3;13.9
80;2021-05-17;2369;817;186687;80222;32.8;14.1
80;2021-05-18;3946;849;190633;81071;33.5;14.2
80;2021-05-19;4014;943;194647;82014;34.2;14.4
80;2021-05-20;4566;1217;199213;83231;35.0;14.6
80;2021-05-21;4891;1666;204104;84897;35.8;14.9
80;2021-05-22;5032;1156;209136;86053;36.7;15.1
80;2021-05-23;1784;239;210920;86292;37.0;15.1
80;2021-05-24;1467;160;212387;86452;37.3;15.2
80;2021-05-25;2621;1135;215008;87587;37.7;15.4
80;2021-05-26;4248;1695;219256;89282;38.5;15.7
80;2021-05-27;3976;2472;223232;91754;39.2;16.1
80;2021-05-28;3864;2976;227096;94730;39.9;16.6
80;2021-05-29;3698;1623;230794;96353;40.5;16.9
80;2021-05-30;1182;198;231976;96551;40.7;16.9
80;2021-05-31;2600;1374;234576;97925;41.2;17.2
80;2021-06-01;4030;2432;238606;100357;41.9;17.6
80;2021-06-02;3335;2006;241941;102363;42.5;18.0
80;2021-06-03;4265;2926;246206;105289;43.2;18.5
80;2021-06-04;4794;3077;251000;108366;44.1;19.0
80;2021-06-05;3556;2077;254556;110443;44.7;19.4
80;2021-06-06;801;209;255357;110652;44.8;19.4
80;2021-06-07;1746;1943;257103;112595;45.1;19.8
80;2021-06-08;2743;2552;259846;115147;45.6;20.2
80;2021-06-09;3005;2729;262851;117876;46.1;20.7
80;2021-06-10;3164;3167;266015;121043;46.7;21.2
80;2021-06-11;3219;3888;269234;124931;47.3;21.9
80;2021-06-12;3041;2325;272275;127256;47.8;22.3
80;2021-06-13;472;404;272747;127660;47.9;22.4
80;2021-06-14;1263;2851;274010;130511;48.1;22.9
80;2021-06-15;2309;3420;276319;133931;48.5;23.5
80;2021-06-16;1563;4218;277882;138149;48.8;24.2
80;2021-06-17;2355;3623;280237;141772;49.2;24.9
80;2021-06-18;2551;3895;282788;145667;49.6;25.6
80;2021-06-19;2986;4344;285774;150011;50.2;26.3
80;2021-06-20;203;1077;285977;151088;50.2;26.5
80;2021-06-21;1012;2617;286989;153705;50.4;27.0
80;2021-06-22;1142;3933;288131;157638;50.6;27.7
80;2021-06-23;1847;5286;289978;162924;50.9;28.6
80;2021-06-24;1693;4683;291671;167607;51.2;29.4
80;2021-06-25;1374;6122;293045;173729;51.4;30.5
80;2021-06-26;1930;6183;294975;179912;51.8;31.6
80;2021-06-27;332;2029;295307;181941;51.8;31.9
80;2021-06-28;901;3166;296208;185107;52.0;32.5
80;2021-06-29;1912;4617;298120;189724;52.3;33.3
80;2021-06-30;1230;4778;299350;194502;52.5;34.1
80;2021-07-01;1551;4986;300901;199488;52.8;35.0
80;2021-07-02;1849;5979;302750;205467;53.1;36.1
80;2021-07-03;1291;5269;304041;210736;53.4;37.0
80;2021-07-04;689;1474;304730;212210;53.5;37.2
80;2021-07-05;868;2954;305598;215164;53.6;37.8
80;2021-07-06;1840;3989;307438;219153;54.0;38.5
80;2021-07-07;1541;4510;308979;223663;54.2;39.3
80;2021-07-08;2074;5004;311053;228667;54.6;40.1
80;2021-07-09;2587;5470;313640;234137;55.0;41.1
80;2021-07-10;1592;3992;315232;238129;55.3;41.8
80;2021-07-11;397;795;315629;238924;55.4;41.9
80;2021-07-12;860;3384;316489;242308;55.5;42.5
80;2021-07-13;2046;5091;318535;247399;55.9;43.4
80;2021-07-14;2772;1739;321307;249138;56.4;43.7
80;2021-07-15;2763;5299;324070;254437;56.9;44.7
80;2021-07-16;3864;5884;327934;260321;57.6;45.7
80;2021-07-17;3358;4459;331292;264780;58.1;46.5
80;2021-07-18;872;893;332164;265673;58.3;46.6
80;2021-07-19;2145;2872;334309;268545;58.7;47.1
80;2021-07-20;3301;4891;337610;273436;59.3;48.0
80;2021-07-21;3471;4485;341081;277921;59.9;48.8
80;2021-07-22;4325;4554;345406;282475;60.6;49.6
80;2021-07-23;5329;4805;350735;287280;61.6;50.4
80;2021-07-24;4224;4317;354959;291597;62.3;51.2
80;2021-07-25;1182;642;356141;292239;62.5;51.3
80;2021-07-26;2672;2329;358813;294568;63.0;51.7
80;2021-07-27;4346;3689;363159;298257;63.7;52.3
80;2021-07-28;5080;2784;368239;301041;64.6;52.8
80;2021-07-29;4966;3202;373205;304243;65.5;53.4
80;2021-07-30;5005;3613;378210;307856;66.4;54.0
80;2021-07-31;4133;2879;382343;310735;67.1;54.5
80;2021-08-01;1273;355;383616;311090;67.3;54.6
80;2021-08-02;2001;1717;385617;312807;67.7;54.9
81;2020-12-27;0;0;0;0;0.0;0.0
81;2020-12-28;0;0;0;0;0.0;0.0
81;2020-12-29;0;0;0;0;0.0;0.0
81;2020-12-30;0;0;0;0;0.0;0.0
81;2020-12-31;0;0;0;0;0.0;0.0
81;2021-01-01;0;0;0;0;0.0;0.0
81;2021-01-02;0;0;0;0;0.0;0.0
81;2021-01-03;0;0;0;0;0.0;0.0
81;2021-01-04;1;0;1;0;0.0;0.0
81;2021-01-05;0;0;1;0;0.0;0.0
81;2021-01-06;5;0;6;0;0.0;0.0
81;2021-01-07;266;0;272;0;0.1;0.0
81;2021-01-08;312;1;584;1;0.2;0.0
81;2021-01-09;74;1;658;2;0.2;0.0
81;2021-01-10;1;0;659;2;0.2;0.0
81;2021-01-11;133;0;792;2;0.2;0.0
81;2021-01-12;167;0;959;2;0.2;0.0
81;2021-01-13;233;1;1192;3;0.3;0.0
81;2021-01-14;961;7;2153;10;0.6;0.0
81;2021-01-15;524;1;2677;11;0.7;0.0
81;2021-01-16;72;0;2749;11;0.7;0.0
81;2021-01-17;0;0;2749;11;0.7;0.0
81;2021-01-18;579;3;3328;14;0.9;0.0
81;2021-01-19;662;4;3990;18;1.0;0.0
81;2021-01-20;752;2;4742;20;1.2;0.0
81;2021-01-21;1174;3;5916;23;1.5;0.0
81;2021-01-22;852;2;6768;25;1.7;0.0
81;2021-01-23;221;1;6989;26;1.8;0.0
81;2021-01-24;102;0;7091;26;1.8;0.0
81;2021-01-25;567;3;7658;29;2.0;0.0
81;2021-01-26;634;5;8292;34;2.1;0.0
81;2021-01-27;551;4;8843;38;2.3;0.0
81;2021-01-28;687;215;9530;253;2.5;0.1
81;2021-01-29;300;183;9830;436;2.5;0.1
81;2021-01-30;202;37;10032;473;2.6;0.1
81;2021-01-31;104;1;10136;474;2.6;0.1
81;2021-02-01;320;130;10456;604;2.7;0.2
81;2021-02-02;446;142;10902;746;2.8;0.2
81;2021-02-03;476;223;11378;969;2.9;0.2
81;2021-02-04;1398;691;12776;1660;3.3;0.4
81;2021-02-05;868;315;13644;1975;3.5;0.5
81;2021-02-06;274;21;13918;1996;3.6;0.5
81;2021-02-07;103;0;14021;1996;3.6;0.5
81;2021-02-08;274;219;14295;2215;3.7;0.6
81;2021-02-09;418;221;14713;2436;3.8;0.6
81;2021-02-10;371;283;15084;2719;3.9;0.7
81;2021-02-11;651;388;15735;3107;4.1;0.8
81;2021-02-12;577;546;16312;3653;4.2;0.9
81;2021-02-13;187;159;16499;3812;4.3;1.0
81;2021-02-14;100;1;16599;3813;4.3;1.0
81;2021-02-15;234;484;16833;4297;4.3;1.1
81;2021-02-16;281;617;17114;4914;4.4;1.3
81;2021-02-17;242;520;17356;5434;4.5;1.4
81;2021-02-18;483;674;17839;6108;4.6;1.6
81;2021-02-19;566;410;18405;6518;4.7;1.7
81;2021-02-20;322;281;18727;6799;4.8;1.8
81;2021-02-21;23;80;18750;6879;4.8;1.8
81;2021-02-22;233;536;18983;7415;4.9;1.9
81;2021-02-23;168;594;19151;8009;4.9;2.1
81;2021-02-24;291;631;19442;8640;5.0;2.2
81;2021-02-25;708;1056;20150;9696;5.2;2.5
81;2021-02-26;909;959;21059;10655;5.4;2.7
81;2021-02-27;275;243;21334;10898;5.5;2.8
81;2021-02-28;21;88;21355;10986;5.5;2.8
81;2021-03-01;208;410;21563;11396;5.6;2.9
81;2021-03-02;364;542;21927;11938;5.7;3.1
81;2021-03-03;463;422;22390;12360;5.8;3.2
81;2021-03-04;1061;459;23451;12819;6.0;3.3
81;2021-03-05;1407;387;24858;13206;6.4;3.4
81;2021-03-06;981;165;25839;13371;6.7;3.4
81;2021-03-07;154;102;25993;13473;6.7;3.5
81;2021-03-08;465;359;26458;13832;6.8;3.6
81;2021-03-09;809;390;27267;14222;7.0;3.7
81;2021-03-10;899;391;28166;14613;7.3;3.8
81;2021-03-11;1346;354;29512;14967;7.6;3.9
81;2021-03-12;1690;299;31202;15266;8.0;3.9
81;2021-03-13;1030;187;32232;15453;8.3;4.0
81;2021-03-14;65;82;32297;15535;8.3;4.0
81;2021-03-15;1094;217;33391;15752;8.6;4.1
81;2021-03-16;724;228;34115;15980;8.8;4.1
81;2021-03-17;891;272;35006;16252;9.0;4.2
81;2021-03-18;970;580;35976;16832;9.3;4.3
81;2021-03-19;1271;449;37247;17281;9.6;4.5
81;2021-03-20;676;278;37923;17559;9.8;4.5
81;2021-03-21;139;22;38062;17581;9.8;4.5
81;2021-03-22;933;284;38995;17865;10.1;4.6
81;2021-03-23;1418;221;40413;18086;10.4;4.7
81;2021-03-24;1603;274;42016;18360;10.8;4.7
81;2021-03-25;2028;321;44044;18681;11.4;4.8
81;2021-03-26;2099;277;46143;18958;11.9;4.9
81;2021-03-27;1092;34;47235;18992;12.2;4.9
81;2021-03-28;733;39;47968;19031;12.4;4.9
81;2021-03-29;2863;176;50831;19207;13.1;5.0
81;2021-03-30;3053;205;53884;19412;13.9;5.0
81;2021-03-31;2690;290;56574;19702;14.6;5.1
81;2021-04-01;3311;557;59885;20259;15.4;5.2
81;2021-04-02;2613;363;62498;20622;16.1;5.3
81;2021-04-03;1146;298;63644;20920;16.4;5.4
81;2021-04-04;1401;18;65045;20938;16.8;5.4
81;2021-04-05;718;18;65763;20956;17.0;5.4
81;2021-04-06;1593;508;67356;21464;17.4;5.5
81;2021-04-07;1814;583;69170;22047;17.8;5.7
81;2021-04-08;2614;824;71784;22871;18.5;5.9
81;2021-04-09;3049;466;74833;23337;19.3;6.0
81;2021-04-10;1476;506;76309;23843;19.7;6.1
81;2021-04-11;1297;62;77606;23905;20.0;6.2
81;2021-04-12;1219;684;78825;24589;20.3;6.3
81;2021-04-13;2529;778;81354;25367;21.0;6.5
81;2021-04-14;2506;825;83860;26192;21.6;6.8
81;2021-04-15;3098;1190;86958;27382;22.4;7.1
81;2021-04-16;2819;1078;89777;28460;23.1;7.3
81;2021-04-17;1145;289;90922;28749;23.4;7.4
81;2021-04-18;518;145;91440;28894;23.6;7.4
81;2021-04-19;913;823;92353;29717;23.8;7.7
81;2021-04-20;2270;1166;94623;30883;24.4;8.0
81;2021-04-21;2224;1000;96847;31883;25.0;8.2
81;2021-04-22;2817;1055;99664;32938;25.7;8.5
81;2021-04-23;2878;964;102542;33902;26.4;8.7
81;2021-04-24;1326;743;103868;34645;26.8;8.9
81;2021-04-25;454;716;104322;35361;26.9;9.1
81;2021-04-26;1060;2424;105382;37785;27.2;9.7
81;2021-04-27;1598;2352;106980;40137;27.6;10.3
81;2021-04-28;1421;2394;108401;42531;27.9;11.0
81;2021-04-29;1816;2745;110217;45276;28.4;11.7
81;2021-04-30;2011;2352;112228;47628;28.9;12.3
81;2021-05-01;361;685;112589;48313;29.0;12.5
81;2021-05-02;291;1380;112880;49693;29.1;12.8
81;2021-05-03;1115;1168;113995;50861;29.4;13.1
81;2021-05-04;2619;1903;116614;52764;30.1;13.6
81;2021-05-05;2015;1929;118629;54693;30.6;14.1
81;2021-05-06;2745;3410;121374;58103;31.3;15.0
81;2021-05-07;2113;2857;123487;60960;31.8;15.7
81;2021-05-08;963;876;124450;61836;32.1;15.9
81;2021-05-09;534;1353;124984;63189;32.2;16.3
81;2021-05-10;824;1601;125808;64790;32.4;16.7
81;2021-05-11;1661;2575;127469;67365;32.9;17.4
81;2021-05-12;1635;2457;129104;69822;33.3;18.0
81;2021-05-13;1216;564;130320;70386;33.6;18.1
81;2021-05-14;1890;1722;132210;72108;34.1;18.6
81;2021-05-15;1511;618;133721;72726;34.5;18.7
81;2021-05-16;1368;414;135089;73140;34.8;18.9
81;2021-05-17;1166;862;136255;74002;35.1;19.1
81;2021-05-18;1699;1431;137954;75433;35.6;19.4
81;2021-05-19;2642;1244;140596;76677;36.2;19.8
81;2021-05-20;2968;1346;143564;78023;37.0;20.1
81;2021-05-21;2737;1118;146301;79141;37.7;20.4
81;2021-05-22;2816;518;149117;79659;38.4;20.5
81;2021-05-23;1179;74;150296;79733;38.7;20.6
81;2021-05-24;838;80;151134;79813;39.0;20.6
81;2021-05-25;2491;1103;153625;80916;39.6;20.9
81;2021-05-26;1891;796;155516;81712;40.1;21.1
81;2021-05-27;2556;1535;158072;83247;40.8;21.5
81;2021-05-28;2562;1663;160634;84910;41.4;21.9
81;2021-05-29;1401;540;162035;85450;41.8;22.0
81;2021-05-30;934;220;162969;85670;42.0;22.1
81;2021-05-31;1183;1337;164152;87007;42.3;22.4
81;2021-06-01;1780;2698;165932;89705;42.8;23.1
81;2021-06-02;2000;2443;167932;92148;43.3;23.8
81;2021-06-03;2001;2533;169933;94681;43.8;24.4
81;2021-06-04;1845;2948;171778;97629;44.3;25.2
81;2021-06-05;1754;1306;173532;98935;44.7;25.5
81;2021-06-06;370;366;173902;99301;44.8;25.6
81;2021-06-07;1209;1540;175111;100841;45.1;26.0
81;2021-06-08;2369;2387;177480;103228;45.8;26.6
81;2021-06-09;2439;1866;179919;105094;46.4;27.1
81;2021-06-10;1279;1566;181198;106660;46.7;27.5
81;2021-06-11;2654;2201;183852;108861;47.4;28.1
81;2021-06-12;1658;1037;185510;109898;47.8;28.3
81;2021-06-13;444;475;185954;110373;47.9;28.5
81;2021-06-14;771;1421;186725;111794;48.1;28.8
81;2021-06-15;1678;3502;188403;115296;48.6;29.7
81;2021-06-16;1266;3011;189669;118307;48.9;30.5
81;2021-06-17;1343;2523;191012;120830;49.2;31.1
81;2021-06-18;1836;2768;192848;123598;49.7;31.9
81;2021-06-19;825;949;193673;124547;49.9;32.1
81;2021-06-20;405;537;194078;125084;50.0;32.2
81;2021-06-21;425;1036;194503;126120;50.1;32.5
81;2021-06-22;1059;2566;195562;128686;50.4;33.2
81;2021-06-23;1134;2156;196696;130842;50.7;33.7
81;2021-06-24;1108;1938;197804;132780;51.0;34.2
81;2021-06-25;1228;2863;199032;135643;51.3;35.0
81;2021-06-26;722;1707;199754;137350;51.5;35.4
81;2021-06-27;526;1648;200280;138998;51.6;35.8
81;2021-06-28;475;1542;200755;140540;51.8;36.2
81;2021-06-29;1082;2637;201837;143177;52.0;36.9
81;2021-06-30;1038;3153;202875;146330;52.3;37.7
81;2021-07-01;873;2625;203748;148955;52.5;38.4
81;2021-07-02;987;2858;204735;151813;52.8;39.1
81;2021-07-03;731;2826;205466;154639;53.0;39.9
81;2021-07-04;268;1008;205734;155647;53.0;40.1
81;2021-07-05;699;1620;206433;157267;53.2;40.5
81;2021-07-06;971;3175;207404;160442;53.5;41.4
81;2021-07-07;1057;2437;208461;162879;53.7;42.0
81;2021-07-08;1027;2233;209488;165112;54.0;42.6
81;2021-07-09;1143;2698;210631;167810;54.3;43.3
81;2021-07-10;802;1523;211433;169333;54.5;43.7
81;2021-07-11;435;1011;211868;170344;54.6;43.9
81;2021-07-12;723;1726;212591;172070;54.8;44.4
81;2021-07-13;2050;3142;214641;175212;55.3;45.2
81;2021-07-14;1437;1561;216078;176773;55.7;45.6
81;2021-07-15;2526;2754;218604;179527;56.4;46.3
81;2021-07-16;2017;3019;220621;182546;56.9;47.1
81;2021-07-17;1215;2453;221836;184999;57.2;47.7
81;2021-07-18;673;1127;222509;186126;57.4;48.0
81;2021-07-19;1160;1728;223669;187854;57.7;48.4
81;2021-07-20;3037;2795;226706;190649;58.4;49.1
81;2021-07-21;3464;2325;230170;192974;59.3;49.7
81;2021-07-22;3545;2088;233715;195062;60.3;50.3
81;2021-07-23;3158;3225;236873;198287;61.1;51.1
81;2021-07-24;2513;1708;239386;199995;61.7;51.6
81;2021-07-25;1684;705;241070;200700;62.1;51.7
81;2021-07-26;1998;1533;243068;202233;62.7;52.1
81;2021-07-27;3569;2528;246637;204761;63.6;52.8
81;2021-07-28;3021;2188;249658;206949;64.4;53.4
81;2021-07-29;3318;1761;252976;208710;65.2;53.8
81;2021-07-30;2764;2232;255740;210942;65.9;54.4
81;2021-07-31;1943;992;257683;211934;66.4;54.6
81;2021-08-01;826;623;258509;212557;66.6;54.8
81;2021-08-02;1047;982;259556;213539;66.9;55.1
82;2020-12-27;0;0;0;0;0.0;0.0
82;2020-12-28;2;0;2;0;0.0;0.0
82;2020-12-29;0;0;2;0;0.0;0.0
82;2020-12-30;0;0;2;0;0.0;0.0
82;2020-12-31;0;0;2;0;0.0;0.0
82;2021-01-01;0;0;2;0;0.0;0.0
82;2021-01-02;0;0;2;0;0.0;0.0
82;2021-01-03;0;0;2;0;0.0;0.0
82;2021-01-04;0;0;2;0;0.0;0.0
82;2021-01-05;86;0;88;0;0.0;0.0
82;2021-01-06;1;0;89;0;0.0;0.0
82;2021-01-07;75;0;164;0;0.1;0.0
82;2021-01-08;46;0;210;0;0.1;0.0
82;2021-01-09;77;0;287;0;0.1;0.0
82;2021-01-10;0;0;287;0;0.1;0.0
82;2021-01-11;94;0;381;0;0.1;0.0
82;2021-01-12;284;0;665;0;0.3;0.0
82;2021-01-13;336;1;1001;1;0.4;0.0
82;2021-01-14;441;4;1442;5;0.5;0.0
82;2021-01-15;612;2;2054;7;0.8;0.0
82;2021-01-16;229;3;2283;10;0.9;0.0
82;2021-01-17;89;0;2372;10;0.9;0.0
82;2021-01-18;433;2;2805;12;1.1;0.0
82;2021-01-19;479;1;3284;13;1.3;0.0
82;2021-01-20;663;1;3947;14;1.5;0.0
82;2021-01-21;446;1;4393;15;1.7;0.0
82;2021-01-22;483;2;4876;17;1.9;0.0
82;2021-01-23;151;0;5027;17;1.9;0.0
82;2021-01-24;0;0;5027;17;1.9;0.0
82;2021-01-25;376;0;5403;17;2.1;0.0
82;2021-01-26;468;0;5871;17;2.2;0.0
82;2021-01-27;519;1;6390;18;2.4;0.0
82;2021-01-28;585;34;6975;52;2.7;0.0
82;2021-01-29;405;108;7380;160;2.8;0.1
82;2021-01-30;44;22;7424;182;2.8;0.1
82;2021-01-31;0;0;7424;182;2.8;0.1
82;2021-02-01;292;55;7716;237;2.9;0.1
82;2021-02-02;344;100;8060;337;3.1;0.1
82;2021-02-03;462;66;8522;403;3.2;0.2
82;2021-02-04;764;219;9286;622;3.5;0.2
82;2021-02-05;479;148;9765;770;3.7;0.3
82;2021-02-06;93;39;9858;809;3.8;0.3
82;2021-02-07;29;79;9887;888;3.8;0.3
82;2021-02-08;149;227;10036;1115;3.8;0.4
82;2021-02-09;238;393;10274;1508;3.9;0.6
82;2021-02-10;271;602;10545;2110;4.0;0.8
82;2021-02-11;224;402;10769;2512;4.1;1.0
82;2021-02-12;190;610;10959;3122;4.2;1.2
82;2021-02-13;59;118;11018;3240;4.2;1.2
82;2021-02-14;4;81;11022;3321;4.2;1.3
82;2021-02-15;217;305;11239;3626;4.3;1.4
82;2021-02-16;280;392;11519;4018;4.4;1.5
82;2021-02-17;358;519;11877;4537;4.5;1.7
82;2021-02-18;507;508;12384;5045;4.7;1.9
82;2021-02-19;489;543;12873;5588;4.9;2.1
82;2021-02-20;78;139;12951;5727;4.9;2.2
82;2021-02-21;0;0;12951;5727;4.9;2.2
82;2021-02-22;198;407;13149;6134;5.0;2.3
82;2021-02-23;276;469;13425;6603;5.1;2.5
82;2021-02-24;283;458;13708;7061;5.2;2.7
82;2021-02-25;637;508;14345;7569;5.5;2.9
82;2021-02-26;648;397;14993;7966;5.7;3.0
82;2021-02-27;214;73;15207;8039;5.8;3.1
82;2021-02-28;30;7;15237;8046;5.8;3.1
82;2021-03-01;291;229;15528;8275;5.9;3.2
82;2021-03-02;495;402;16023;8677;6.1;3.3
82;2021-03-03;441;386;16464;9063;6.3;3.5
82;2021-03-04;600;300;17064;9363;6.5;3.6
82;2021-03-05;680;380;17744;9743;6.8;3.7
82;2021-03-06;687;41;18431;9784;7.0;3.7
82;2021-03-07;300;3;18731;9787;7.1;3.7
82;2021-03-08;603;155;19334;9942;7.4;3.8
82;2021-03-09;582;257;19916;10199;7.6;3.9
82;2021-03-10;778;246;20694;10445;7.9;4.0
82;2021-03-11;970;281;21664;10726;8.2;4.1
82;2021-03-12;992;104;22656;10830;8.6;4.1
82;2021-03-13;564;53;23220;10883;8.8;4.1
82;2021-03-14;61;5;23281;10888;8.9;4.1
82;2021-03-15;485;327;23766;11215;9.0;4.3
82;2021-03-16;197;334;23963;11549;9.1;4.4
82;2021-03-17;191;296;24154;11845;9.2;4.5
82;2021-03-18;279;350;24433;12195;9.3;4.6
82;2021-03-19;533;312;24966;12507;9.5;4.8
82;2021-03-20;252;58;25218;12565;9.6;4.8
82;2021-03-21;23;0;25241;12565;9.6;4.8
82;2021-03-22;405;318;25646;12883;9.8;4.9
82;2021-03-23;602;312;26248;13195;10.0;5.0
82;2021-03-24;620;334;26868;13529;10.2;5.2
82;2021-03-25;928;244;27796;13773;10.6;5.2
82;2021-03-26;1215;268;29011;14041;11.0;5.3
82;2021-03-27;478;78;29489;14119;11.2;5.4
82;2021-03-28;136;2;29625;14121;11.3;5.4
82;2021-03-29;924;379;30549;14500;11.6;5.5
82;2021-03-30;1187;278;31736;14778;12.1;5.6
82;2021-03-31;1018;260;32754;15038;12.5;5.7
82;2021-04-01;1072;198;33826;15236;12.9;5.8
82;2021-04-02;1211;285;35037;15521;13.3;5.9
82;2021-04-03;715;130;35752;15651;13.6;6.0
82;2021-04-04;276;13;36028;15664;13.7;6.0
82;2021-04-05;388;19;36416;15683;13.9;6.0
82;2021-04-06;952;511;37368;16194;14.2;6.2
82;2021-04-07;1017;497;38385;16691;14.6;6.4
82;2021-04-08;1454;413;39839;17104;15.2;6.5
82;2021-04-09;1655;468;41494;17572;15.8;6.7
82;2021-04-10;1711;98;43205;17670;16.5;6.7
82;2021-04-11;559;17;43764;17687;16.7;6.7
82;2021-04-12;1348;290;45112;17977;17.2;6.8
82;2021-04-13;1625;266;46737;18243;17.8;6.9
82;2021-04-14;1408;296;48145;18539;18.3;7.1
82;2021-04-15;1781;320;49926;18859;19.0;7.2
82;2021-04-16;1541;330;51467;19189;19.6;7.3
82;2021-04-17;1243;68;52710;19257;20.1;7.3
82;2021-04-18;560;14;53270;19271;20.3;7.3
82;2021-04-19;959;359;54229;19630;20.6;7.5
82;2021-04-20;1268;401;55497;20031;21.1;7.6
82;2021-04-21;1218;375;56715;20406;21.6;7.8
82;2021-04-22;1449;293;58164;20699;22.1;7.9
82;2021-04-23;1075;680;59239;21379;22.6;8.1
82;2021-04-24;1185;263;60424;21642;23.0;8.2
82;2021-04-25;736;48;61160;21690;23.3;8.3
82;2021-04-26;748;808;61908;22498;23.6;8.6
82;2021-04-27;905;924;62813;23422;23.9;8.9
82;2021-04-28;921;870;63734;24292;24.3;9.2
82;2021-04-29;1106;906;64840;25198;24.7;9.6
82;2021-04-30;1040;889;65880;26087;25.1;9.9
82;2021-05-01;1140;257;67020;26344;25.5;10.0
82;2021-05-02;697;145;67717;26489;25.8;10.1
82;2021-05-03;410;1215;68127;27704;25.9;10.5
82;2021-05-04;864;1170;68991;28874;26.3;11.0
82;2021-05-05;568;1172;69559;30046;26.5;11.4
82;2021-05-06;851;1419;70410;31465;26.8;12.0
82;2021-05-07;734;1453;71144;32918;27.1;12.5
82;2021-05-08;934;520;72078;33438;27.4;12.7
82;2021-05-09;753;580;72831;34018;27.7;13.0
82;2021-05-10;850;1365;73681;35383;28.1;13.5
82;2021-05-11;1158;1350;74839;36733;28.5;14.0
82;2021-05-12;1016;1345;75855;38078;28.9;14.5
82;2021-05-13;1455;430;77310;38508;29.4;14.7
82;2021-05-14;1691;1239;79001;39747;30.1;15.1
82;2021-05-15;1934;693;80935;40440;30.8;15.4
82;2021-05-16;558;115;81493;40555;31.0;15.4
82;2021-05-17;1090;1173;82583;41728;31.4;15.9
82;2021-05-18;1466;1189;84049;42917;32.0;16.3
82;2021-05-19;1269;978;85318;43895;32.5;16.7
82;2021-05-20;1409;1159;86727;45054;33.0;17.2
82;2021-05-21;1411;1215;88138;46269;33.6;17.6
82;2021-05-22;2070;631;90208;46900;34.3;17.9
82;2021-05-23;704;117;90912;47017;34.6;17.9
82;2021-05-24;1441;263;92353;47280;35.2;18.0
82;2021-05-25;1445;963;93798;48243;35.7;18.4
82;2021-05-26;1414;922;95212;49165;36.3;18.7
82;2021-05-27;1461;1026;96673;50191;36.8;19.1
82;2021-05-28;1539;1145;98212;51336;37.4;19.5
82;2021-05-29;1496;546;99708;51882;38.0;19.8
82;2021-05-30;402;101;100110;51983;38.1;19.8
82;2021-05-31;1489;990;101599;52973;38.7;20.2
82;2021-06-01;1749;1052;103348;54025;39.4;20.6
82;2021-06-02;1473;1005;104821;55030;39.9;21.0
82;2021-06-03;1489;1182;106310;56212;40.5;21.4
82;2021-06-04;2249;1307;108559;57519;41.3;21.9
82;2021-06-05;2271;985;110830;58504;42.2;22.3
82;2021-06-06;328;134;111158;58638;42.3;22.3
82;2021-06-07;958;1274;112116;59912;42.7;22.8
82;2021-06-08;1446;1141;113562;61053;43.2;23.2
82;2021-06-09;1708;1141;115270;62194;43.9;23.7
82;2021-06-10;1440;1208;116710;63402;44.4;24.1
82;2021-06-11;1922;1123;118632;64525;45.2;24.6
82;2021-06-12;2394;1397;121026;65922;46.1;25.1
82;2021-06-13;377;113;121403;66035;46.2;25.1
82;2021-06-14;1210;1081;122613;67116;46.7;25.6
82;2021-06-15;1461;1243;124074;68359;47.2;26.0
82;2021-06-16;1750;1168;125824;69527;47.9;26.5
82;2021-06-17;1220;1474;127044;71001;48.4;27.0
82;2021-06-18;1469;1439;128513;72440;48.9;27.6
82;2021-06-19;2272;978;130785;73418;49.8;28.0
82;2021-06-20;268;174;131053;73592;49.9;28.0
82;2021-06-21;484;1362;131537;74954;50.1;28.5
82;2021-06-22;891;1706;132428;76660;50.4;29.2
82;2021-06-23;1236;1588;133664;78248;50.9;29.8
82;2021-06-24;755;1903;134419;80151;51.2;30.5
82;2021-06-25;739;1940;135158;82091;51.5;31.3
82;2021-06-26;1239;2148;136397;84239;51.9;32.1
82;2021-06-27;195;438;136592;84677;52.0;32.2
82;2021-06-28;330;1412;136922;86089;52.1;32.8
82;2021-06-29;516;1842;137438;87931;52.3;33.5
82;2021-06-30;947;1908;138385;89839;52.7;34.2
82;2021-07-01;652;1633;139037;91472;52.9;34.8
82;2021-07-02;930;2298;139967;93770;53.3;35.7
82;2021-07-03;858;2337;140825;96107;53.6;36.6
82;2021-07-04;120;439;140945;96546;53.7;36.8
82;2021-07-05;439;1565;141384;98111;53.8;37.4
82;2021-07-06;511;1868;141895;99979;54.0;38.1
82;2021-07-07;788;1775;142683;101754;54.3;38.7
82;2021-07-08;503;1499;143186;103253;54.5;39.3
82;2021-07-09;780;2152;143966;105405;54.8;40.1
82;2021-07-10;704;2219;144670;107624;55.1;41.0
82;2021-07-11;38;382;144708;108006;55.1;41.1
82;2021-07-12;579;1886;145287;109892;55.3;41.8
82;2021-07-13;708;2003;145995;111895;55.6;42.6
82;2021-07-14;616;739;146611;112634;55.8;42.9
82;2021-07-15;850;1750;147461;114384;56.2;43.6
82;2021-07-16;1434;2632;148895;117016;56.7;44.6
82;2021-07-17;559;2193;149454;119209;56.9;45.4
82;2021-07-18;14;41;149468;119250;56.9;45.4
82;2021-07-19;726;2070;150194;121320;57.2;46.2
82;2021-07-20;917;1885;151111;123205;57.5;46.9
82;2021-07-21;1282;1760;152393;124965;58.0;47.6
82;2021-07-22;1071;1762;153464;126727;58.4;48.3
82;2021-07-23;1049;2981;154513;129708;58.8;49.4
82;2021-07-24;1096;1476;155609;131184;59.3;50.0
82;2021-07-25;301;71;155910;131255;59.4;50.0
82;2021-07-26;946;1897;156856;133152;59.7;50.7
82;2021-07-27;1277;1636;158133;134788;60.2;51.3
82;2021-07-28;1464;1497;159597;136285;60.8;51.9
82;2021-07-29;1308;1523;160905;137808;61.3;52.5
82;2021-07-30;1523;2474;162428;140282;61.8;53.4
82;2021-07-31;447;291;162875;140573;62.0;53.5
82;2021-08-01;271;50;163146;140623;62.1;53.5
82;2021-08-02;1256;865;164402;141488;62.6;53.9
83;2020-12-27;1;0;1;0;0.0;0.0
83;2020-12-28;0;0;1;0;0.0;0.0
83;2020-12-29;0;0;1;0;0.0;0.0
83;2020-12-30;1;0;2;0;0.0;0.0
83;2020-12-31;0;0;2;0;0.0;0.0
83;2021-01-01;1;0;3;0;0.0;0.0
83;2021-01-02;0;0;3;0;0.0;0.0
83;2021-01-03;0;0;3;0;0.0;0.0
83;2021-01-04;1;0;4;0;0.0;0.0
83;2021-01-05;2;0;6;0;0.0;0.0
83;2021-01-06;69;0;75;0;0.0;0.0
83;2021-01-07;324;1;399;1;0.0;0.0
83;2021-01-08;410;0;809;1;0.1;0.0
83;2021-01-09;48;0;857;1;0.1;0.0
83;2021-01-10;1;0;858;1;0.1;0.0
83;2021-01-11;475;0;1333;1;0.1;0.0
83;2021-01-12;975;2;2308;3;0.2;0.0
83;2021-01-13;961;7;3269;10;0.3;0.0
83;2021-01-14;837;6;4106;16;0.4;0.0
83;2021-01-15;702;1;4808;17;0.4;0.0
83;2021-01-16;41;1;4849;18;0.5;0.0
83;2021-01-17;1;0;4850;18;0.5;0.0
83;2021-01-18;1218;3;6068;21;0.6;0.0
83;2021-01-19;2015;6;8083;27;0.8;0.0
83;2021-01-20;1658;10;9741;37;0.9;0.0
83;2021-01-21;2099;7;11840;44;1.1;0.0
83;2021-01-22;1653;5;13493;49;1.3;0.0
83;2021-01-23;243;0;13736;49;1.3;0.0
83;2021-01-24;21;1;13757;50;1.3;0.0
83;2021-01-25;1551;6;15308;56;1.4;0.0
83;2021-01-26;1747;15;17055;71;1.6;0.0
83;2021-01-27;2152;80;19207;151;1.8;0.0
83;2021-01-28;5077;357;24284;508;2.3;0.0
83;2021-01-29;2946;350;27230;858;2.5;0.1
83;2021-01-30;233;46;27463;904;2.6;0.1
83;2021-01-31;46;0;27509;904;2.6;0.1
83;2021-02-01;1277;422;28786;1326;2.7;0.1
83;2021-02-02;1436;729;30222;2055;2.8;0.2
83;2021-02-03;1522;638;31744;2693;3.0;0.3
83;2021-02-04;1483;749;33227;3442;3.1;0.3
83;2021-02-05;1217;683;34444;4125;3.2;0.4
83;2021-02-06;21;14;34465;4139;3.2;0.4
83;2021-02-07;1;0;34466;4139;3.2;0.4
83;2021-02-08;1086;631;35552;4770;3.3;0.4
83;2021-02-09;1324;914;36876;5684;3.4;0.5
83;2021-02-10;1526;806;38402;6490;3.6;0.6
83;2021-02-11;1603;1022;40005;7512;3.7;0.7
83;2021-02-12;1343;826;41348;8338;3.9;0.8
83;2021-02-13;52;25;41400;8363;3.9;0.8
83;2021-02-14;0;0;41400;8363;3.9;0.8
83;2021-02-15;666;1055;42066;9418;3.9;0.9
83;2021-02-16;542;1379;42608;10797;4.0;1.0
83;2021-02-17;803;1842;43411;12639;4.0;1.2
83;2021-02-18;1619;3870;45030;16509;4.2;1.5
83;2021-02-19;1473;2338;46503;18847;4.3;1.8
83;2021-02-20;62;170;46565;19017;4.3;1.8
83;2021-02-21;24;35;46589;19052;4.3;1.8
83;2021-02-22;500;1758;47089;20810;4.4;1.9
83;2021-02-23;670;1448;47759;22258;4.4;2.1
83;2021-02-24;720;1490;48479;23748;4.5;2.2
83;2021-02-25;1247;1413;49726;25161;4.6;2.3
83;2021-02-26;1298;1259;51024;26420;4.8;2.5
83;2021-02-27;551;55;51575;26475;4.8;2.5
83;2021-02-28;8;13;51583;26488;4.8;2.5
83;2021-03-01;806;1243;52389;27731;4.9;2.6
83;2021-03-02;985;1311;53374;29042;5.0;2.7
83;2021-03-03;1431;1529;54805;30571;5.1;2.8
83;2021-03-04;1885;1380;56690;31951;5.3;3.0
83;2021-03-05;2215;1234;58905;33185;5.5;3.1
83;2021-03-06;3001;107;61906;33292;5.8;3.1
83;2021-03-07;2224;32;64130;33324;6.0;3.1
83;2021-03-08;847;1319;64977;34643;6.1;3.2
83;2021-03-09;1925;1224;66902;35867;6.2;3.3
83;2021-03-10;2370;1357;69272;37224;6.5;3.5
83;2021-03-11;3666;2203;72938;39427;6.8;3.7
83;2021-03-12;3639;1505;76577;40932;7.1;3.8
83;2021-03-13;4593;172;81170;41104;7.6;3.8
83;2021-03-14;2325;44;83495;41148;7.8;3.8
83;2021-03-15;3335;665;86830;41813;8.1;3.9
83;2021-03-16;2598;695;89428;42508;8.3;4.0
83;2021-03-17;2844;780;92272;43288;8.6;4.0
83;2021-03-18;3548;796;95820;44084;8.9;4.1
83;2021-03-19;4170;577;99990;44661;9.3;4.2
83;2021-03-20;3470;61;103460;44722;9.6;4.2
83;2021-03-21;2010;27;105470;44749;9.8;4.2
83;2021-03-22;3958;887;109428;45636;10.2;4.2
83;2021-03-23;4743;585;114171;46221;10.6;4.3
83;2021-03-24;5038;709;119209;46930;11.1;4.4
83;2021-03-25;6528;834;125737;47764;11.7;4.4
83;2021-03-26;7170;741;132907;48505;12.4;4.5
83;2021-03-27;3965;383;136872;48888;12.7;4.6
83;2021-03-28;2184;27;139056;48915;12.9;4.6
83;2021-03-29;4548;757;143604;49672;13.4;4.6
83;2021-03-30;5953;927;149557;50599;13.9;4.7
83;2021-03-31;5549;1062;155106;51661;14.4;4.8
83;2021-04-01;5965;1243;161071;52904;15.0;4.9
83;2021-04-02;5755;1056;166826;53960;15.5;5.0
83;2021-04-03;1800;628;168626;54588;15.7;5.1
83;2021-04-04;854;346;169480;54934;15.8;5.1
83;2021-04-05;187;66;169667;55000;15.8;5.1
83;2021-04-06;4723;1376;174390;56376;16.2;5.2
83;2021-04-07;5827;1645;180217;58021;16.8;5.4
83;2021-04-08;7866;1977;188083;59998;17.5;5.6
83;2021-04-09;7581;2173;195664;62171;18.2;5.8
83;2021-04-10;2946;2644;198610;64815;18.5;6.0
83;2021-04-11;1722;2132;200332;66947;18.7;6.2
83;2021-04-12;4948;2861;205280;69808;19.1;6.5
83;2021-04-13;5403;2993;210683;72801;19.6;6.8
83;2021-04-14;5897;2937;216580;75738;20.2;7.1
83;2021-04-15;6768;3012;223348;78750;20.8;7.3
83;2021-04-16;6117;3497;229465;82247;21.4;7.7
83;2021-04-17;3509;2184;232974;84431;21.7;7.9
83;2021-04-18;2173;1296;235147;85727;21.9;8.0
83;2021-04-19;4103;3896;239250;89623;22.3;8.3
83;2021-04-20;4357;3864;243607;93487;22.7;8.7
83;2021-04-21;4301;4157;247908;97644;23.1;9.1
83;2021-04-22;5002;4290;252910;101934;23.6;9.5
83;2021-04-23;4520;4558;257430;106492;24.0;9.9
83;2021-04-24;2629;2710;260059;109202;24.2;10.2
83;2021-04-25;1927;1569;261986;110771;24.4;10.3
83;2021-04-26;3570;3847;265556;114618;24.7;10.7
83;2021-04-27;4131;4541;269687;119159;25.1;11.1
83;2021-04-28;4319;4367;274006;123526;25.5;11.5
83;2021-04-29;5811;5103;279817;128629;26.1;12.0
83;2021-04-30;5787;4298;285604;132927;26.6;12.4
83;2021-05-01;1693;425;287297;133352;26.8;12.4
83;2021-05-02;1237;752;288534;134104;26.9;12.5
83;2021-05-03;3751;4273;292285;138377;27.2;12.9
83;2021-05-04;3344;5096;295629;143473;27.5;13.4
83;2021-05-05;3637;4964;299266;148437;27.9;13.8
83;2021-05-06;4668;4941;303934;153378;28.3;14.3
83;2021-05-07;4170;5311;308104;158689;28.7;14.8
83;2021-05-08;2759;1004;310863;159693;28.9;14.9
83;2021-05-09;2150;1232;313013;160925;29.1;15.0
83;2021-05-10;3206;5419;316219;166344;29.4;15.5
83;2021-05-11;5118;5657;321337;172001;29.9;16.0
83;2021-05-12;6292;4844;327629;176845;30.5;16.5
83;2021-05-13;6578;1332;334207;178177;31.1;16.6
83;2021-05-14;7419;4108;341626;182285;31.8;17.0
83;2021-05-15;7752;2196;349378;184481;32.5;17.2
83;2021-05-16;6627;1244;356005;185725;33.2;17.3
83;2021-05-17;4894;4210;360899;189935;33.6;17.7
83;2021-05-18;5523;3850;366422;193785;34.1;18.0
83;2021-05-19;6203;3398;372625;197183;34.7;18.4
83;2021-05-20;6745;3781;379370;200964;35.3;18.7
83;2021-05-21;7906;3864;387276;204828;36.1;19.1
83;2021-05-22;6089;1715;393365;206543;36.6;19.2
83;2021-05-23;4682;702;398047;207245;37.1;19.3
83;2021-05-24;5811;970;403858;208215;37.6;19.4
83;2021-05-25;5509;4750;409367;212965;38.1;19.8
83;2021-05-26;4852;4433;414219;217398;38.6;20.2
83;2021-05-27;5069;5260;419288;222658;39.0;20.7
83;2021-05-28;4503;5764;423791;228422;39.5;21.3
83;2021-05-29;2703;4271;426494;232693;39.7;21.7
83;2021-05-30;1253;1374;427747;234067;39.8;21.8
83;2021-05-31;5488;4761;433235;238828;40.3;22.2
83;2021-06-01;5723;5300;438958;244128;40.9;22.7
83;2021-06-02;5246;4569;444204;248697;41.4;23.2
83;2021-06-03;5730;5120;449934;253817;41.9;23.6
83;2021-06-04;5440;6040;455374;259857;42.4;24.2
83;2021-06-05;3925;3190;459299;263047;42.8;24.5
83;2021-06-06;1928;1377;461227;264424;43.0;24.6
83;2021-06-07;3911;5084;465138;269508;43.3;25.1
83;2021-06-08;4166;4804;469304;274312;43.7;25.5
83;2021-06-09;4002;4700;473306;279012;44.1;26.0
83;2021-06-10;3990;4253;477296;283265;44.4;26.4
83;2021-06-11;3653;5441;480949;288706;44.8;26.9
83;2021-06-12;2907;2983;483856;291689;45.1;27.2
83;2021-06-13;994;1391;484850;293080;45.2;27.3
83;2021-06-14;2856;5657;487706;298737;45.4;27.8
83;2021-06-15;3160;4859;490866;303596;45.7;28.3
83;2021-06-16;2955;4505;493821;308101;46.0;28.7
83;2021-06-17;2757;5279;496578;313380;46.2;29.2
83;2021-06-18;3154;5959;499732;319339;46.5;29.7
83;2021-06-19;2318;4089;502050;323428;46.8;30.1
83;2021-06-20;671;1889;502721;325317;46.8;30.3
83;2021-06-21;2106;7582;504827;332899;47.0;31.0
83;2021-06-22;2095;7162;506922;340061;47.2;31.7
83;2021-06-23;1924;6925;508846;346986;47.4;32.3
83;2021-06-24;1942;7362;510788;354348;47.6;33.0
83;2021-06-25;2098;8396;512886;362744;47.8;33.8
83;2021-06-26;1462;6810;514348;369554;47.9;34.4
83;2021-06-27;688;3186;515036;372740;48.0;34.7
83;2021-06-28;1572;7886;516608;380626;48.1;35.4
83;2021-06-29;1888;7795;518496;388421;48.3;36.2
83;2021-06-30;2221;7259;520717;395680;48.5;36.8
83;2021-07-01;2534;6560;523251;402240;48.7;37.5
83;2021-07-02;2234;7791;525485;410031;48.9;38.2
83;2021-07-03;1495;5688;526980;415719;49.1;38.7
83;2021-07-04;565;2749;527545;418468;49.1;39.0
83;2021-07-05;1892;7534;529437;426002;49.3;39.7
83;2021-07-06;2552;5931;531989;431933;49.5;40.2
83;2021-07-07;2658;4663;534647;436596;49.8;40.7
83;2021-07-08;3218;4465;537865;441061;50.1;41.1
83;2021-07-09;3019;6959;540884;448020;50.4;41.7
83;2021-07-10;1557;4925;542441;452945;50.5;42.2
83;2021-07-11;989;1761;543430;454706;50.6;42.3
83;2021-07-12;2113;7675;545543;462381;50.8;43.1
83;2021-07-13;3977;7059;549520;469440;51.2;43.7
83;2021-07-14;2073;1301;551593;470741;51.4;43.8
83;2021-07-15;4512;6829;556105;477570;51.8;44.5
83;2021-07-16;5223;7100;561328;484670;52.3;45.1
83;2021-07-17;3574;4976;564902;489646;52.6;45.6
83;2021-07-18;1593;1303;566495;490949;52.8;45.7
83;2021-07-19;3924;6290;570419;497239;53.1;46.3
83;2021-07-20;5922;6129;576341;503368;53.7;46.9
83;2021-07-21;5968;5168;582309;508536;54.2;47.4
83;2021-07-22;6987;5488;589296;514024;54.9;47.9
83;2021-07-23;6996;5838;596292;519862;55.5;48.4
83;2021-07-24;4580;4519;600872;524381;56.0;48.8
83;2021-07-25;1314;725;602186;525106;56.1;48.9
83;2021-07-26;5471;4880;607657;529986;56.6;49.4
83;2021-07-27;6725;4841;614382;534827;57.2;49.8
83;2021-07-28;6535;4353;620917;539180;57.8;50.2
83;2021-07-29;7388;4737;628305;543917;58.5;50.7
83;2021-07-30;6847;4667;635152;548584;59.1;51.1
83;2021-07-31;4581;3151;639733;551735;59.6;51.4
83;2021-08-01;1044;828;640777;552563;59.7;51.5
83;2021-08-02;5474;3563;646251;556126;60.2;51.8
84;2020-12-27;0;0;0;0;0.0;0.0
84;2020-12-28;0;0;0;0;0.0;0.0
84;2020-12-29;0;0;0;0;0.0;0.0
84;2020-12-30;0;0;0;0;0.0;0.0
84;2020-12-31;0;0;0;0;0.0;0.0
84;2021-01-01;0;0;0;0;0.0;0.0
84;2021-01-02;0;0;0;0;0.0;0.0
84;2021-01-03;0;0;0;0;0.0;0.0
84;2021-01-04;0;0;0;0;0.0;0.0
84;2021-01-05;0;0;0;0;0.0;0.0
84;2021-01-06;0;0;0;0;0.0;0.0
84;2021-01-07;69;0;69;0;0.0;0.0
84;2021-01-08;81;0;150;0;0.0;0.0
84;2021-01-09;30;0;180;0;0.0;0.0
84;2021-01-10;0;0;180;0;0.0;0.0
84;2021-01-11;219;0;399;0;0.1;0.0
84;2021-01-12;623;1;1022;1;0.2;0.0
84;2021-01-13;353;0;1375;1;0.2;0.0
84;2021-01-14;925;13;2300;14;0.4;0.0
84;2021-01-15;617;9;2917;23;0.5;0.0
84;2021-01-16;166;0;3083;23;0.5;0.0
84;2021-01-17;27;1;3110;24;0.6;0.0
84;2021-01-18;695;3;3805;27;0.7;0.0
84;2021-01-19;876;1;4681;28;0.8;0.0
84;2021-01-20;1017;3;5698;31;1.0;0.0
84;2021-01-21;1048;4;6746;35;1.2;0.0
84;2021-01-22;1132;0;7878;35;1.4;0.0
84;2021-01-23;248;0;8126;35;1.4;0.0
84;2021-01-24;3;0;8129;35;1.4;0.0
84;2021-01-25;804;0;8933;35;1.6;0.0
84;2021-01-26;938;5;9871;40;1.8;0.0
84;2021-01-27;1070;2;10941;42;2.0;0.0
84;2021-01-28;1622;18;12563;60;2.2;0.0
84;2021-01-29;1198;63;13761;123;2.5;0.0
84;2021-01-30;171;21;13932;144;2.5;0.0
84;2021-01-31;7;0;13939;144;2.5;0.0
84;2021-02-01;654;148;14593;292;2.6;0.1
84;2021-02-02;787;268;15380;560;2.7;0.1
84;2021-02-03;757;241;16137;801;2.9;0.1
84;2021-02-04;910;408;17047;1209;3.0;0.2
84;2021-02-05;725;420;17772;1629;3.2;0.3
84;2021-02-06;124;50;17896;1679;3.2;0.3
84;2021-02-07;0;0;17896;1679;3.2;0.3
84;2021-02-08;566;278;18462;1957;3.3;0.3
84;2021-02-09;690;718;19152;2675;3.4;0.5
84;2021-02-10;550;568;19702;3243;3.5;0.6
84;2021-02-11;548;588;20250;3831;3.6;0.7
84;2021-02-12;558;682;20808;4513;3.7;0.8
84;2021-02-13;46;171;20854;4684;3.7;0.8
84;2021-02-14;3;0;20857;4684;3.7;0.8
84;2021-02-15;207;892;21064;5576;3.8;1.0
84;2021-02-16;221;835;21285;6411;3.8;1.1
84;2021-02-17;446;781;21731;7192;3.9;1.3
84;2021-02-18;554;1107;22285;8299;4.0;1.5
84;2021-02-19;737;1189;23022;9488;4.1;1.7
84;2021-02-20;65;155;23087;9643;4.1;1.7
84;2021-02-21;3;37;23090;9680;4.1;1.7
84;2021-02-22;369;744;23459;10424;4.2;1.9
84;2021-02-23;268;707;23727;11131;4.2;2.0
84;2021-02-24;392;740;24119;11871;4.3;2.1
84;2021-02-25;711;845;24830;12716;4.4;2.3
84;2021-02-26;819;683;25649;13399;4.6;2.4
84;2021-02-27;133;126;25782;13525;4.6;2.4
84;2021-02-28;16;0;25798;13525;4.6;2.4
84;2021-03-01;455;672;26253;14197;4.7;2.5
84;2021-03-02;629;809;26882;15006;4.8;2.7
84;2021-03-03;821;959;27703;15965;4.9;2.8
84;2021-03-04;1093;708;28796;16673;5.1;3.0
84;2021-03-05;1309;516;30105;17189;5.4;3.1
84;2021-03-06;1461;61;31566;17250;5.6;3.1
84;2021-03-07;479;14;32045;17264;5.7;3.1
84;2021-03-08;811;605;32856;17869;5.9;3.2
84;2021-03-09;1383;786;34239;18655;6.1;3.3
84;2021-03-10;1471;663;35710;19318;6.4;3.4
84;2021-03-11;1982;639;37692;19957;6.7;3.6
84;2021-03-12;2077;628;39769;20585;7.1;3.7
84;2021-03-13;743;35;40512;20620;7.2;3.7
84;2021-03-14;247;53;40759;20673;7.3;3.7
84;2021-03-15;1067;310;41826;20983;7.5;3.7
84;2021-03-16;1179;335;43005;21318;7.7;3.8
84;2021-03-17;1141;448;44146;21766;7.9;3.9
84;2021-03-18;1453;414;45599;22180;8.1;4.0
84;2021-03-19;2173;472;47772;22652;8.5;4.0
84;2021-03-20;838;24;48610;22676;8.7;4.0
84;2021-03-21;148;9;48758;22685;8.7;4.0
84;2021-03-22;1153;457;49911;23142;8.9;4.1
84;2021-03-23;1907;458;51818;23600;9.2;4.2
84;2021-03-24;2177;393;53995;23993;9.6;4.3
84;2021-03-25;3648;392;57643;24385;10.3;4.3
84;2021-03-26;3313;474;60956;24859;10.9;4.4
84;2021-03-27;913;56;61869;24915;11.0;4.4
84;2021-03-28;71;2;61940;24917;11.0;4.4
84;2021-03-29;1716;525;63656;25442;11.3;4.5
84;2021-03-30;2664;678;66320;26120;11.8;4.7
84;2021-03-31;2397;641;68717;26761;12.2;4.8
84;2021-04-01;3015;561;71732;27322;12.8;4.9
84;2021-04-02;2448;523;74180;27845;13.2;5.0
84;2021-04-03;507;28;74687;27873;13.3;5.0
84;2021-04-04;10;0;74697;27873;13.3;5.0
84;2021-04-05;809;98;75506;27971;13.5;5.0
84;2021-04-06;2140;834;77646;28805;13.8;5.1
84;2021-04-07;2401;857;80047;29662;14.3;5.3
84;2021-04-08;3647;1026;83694;30688;14.9;5.5
84;2021-04-09;4112;937;87806;31625;15.7;5.6
84;2021-04-10;1306;127;89112;31752;15.9;5.7
84;2021-04-11;37;12;89149;31764;15.9;5.7
84;2021-04-12;2088;804;91237;32568;16.3;5.8
84;2021-04-13;2940;1366;94177;33934;16.8;6.0
84;2021-04-14;2810;1349;96987;35283;17.3;6.3
84;2021-04-15;3269;1406;100256;36689;17.9;6.5
84;2021-04-16;3427;1542;103683;38231;18.5;6.8
84;2021-04-17;1664;193;105347;38424;18.8;6.8
84;2021-04-18;33;0;105380;38424;18.8;6.8
84;2021-04-19;2502;914;107882;39338;19.2;7.0
84;2021-04-20;2626;1522;110508;40860;19.7;7.3
84;2021-04-21;2650;1486;113158;42346;20.2;7.5
84;2021-04-22;3009;1732;116167;44078;20.7;7.9
84;2021-04-23;3030;1890;119197;45968;21.2;8.2
84;2021-04-24;1530;286;120727;46254;21.5;8.2
84;2021-04-25;27;2;120754;46256;21.5;8.2
84;2021-04-26;2178;1364;122932;47620;21.9;8.5
84;2021-04-27;2552;1983;125484;49603;22.4;8.8
84;2021-04-28;2817;1841;128301;51444;22.9;9.2
84;2021-04-29;3420;2023;131721;53467;23.5;9.5
84;2021-04-30;3132;2411;134853;55878;24.0;10.0
84;2021-05-01;454;259;135307;56137;24.1;10.0
84;2021-05-02;1;0;135308;56137;24.1;10.0
84;2021-05-03;2164;1629;137472;57766;24.5;10.3
84;2021-05-04;2490;2527;139962;60293;24.9;10.7
84;2021-05-05;2348;2213;142310;62506;25.4;11.1
84;2021-05-06;3224;2250;145534;64756;25.9;11.5
84;2021-05-07;2764;2561;148298;67317;26.4;12.0
84;2021-05-08;1156;527;149454;67844;26.6;12.1
84;2021-05-09;6;52;149460;67896;26.6;12.1
84;2021-05-10;2154;2458;151614;70354;27.0;12.5
84;2021-05-11;2908;3162;154522;73516;27.5;13.1
84;2021-05-12;2848;2915;157370;76431;28.1;13.6
84;2021-05-13;2159;842;159529;77273;28.4;13.8
84;2021-05-14;2726;2030;162255;79303;28.9;14.1
84;2021-05-15;2001;982;164256;80285;29.3;14.3
84;2021-05-16;1340;182;165596;80467;29.5;14.3
84;2021-05-17;2221;2153;167817;82620;29.9;14.7
84;2021-05-18;2903;2101;170720;84721;30.4;15.1
84;2021-05-19;3231;1664;173951;86385;31.0;15.4
84;2021-05-20;3696;2202;177647;88587;31.7;15.8
84;2021-05-21;3469;2329;181116;90916;32.3;16.2
84;2021-05-22;1583;675;182699;91591;32.6;16.3
84;2021-05-23;5;9;182704;91600;32.6;16.3
84;2021-05-24;1839;425;184543;92025;32.9;16.4
84;2021-05-25;2985;2181;187528;94206;33.4;16.8
84;2021-05-26;3074;2084;190602;96290;34.0;17.2
84;2021-05-27;3855;2320;194457;98610;34.7;17.6
84;2021-05-28;3181;3301;197638;101911;35.2;18.2
84;2021-05-29;1090;1650;198728;103561;35.4;18.5
84;2021-05-30;7;85;198735;103646;35.4;18.5
84;2021-05-31;2191;2633;200926;106279;35.8;18.9
84;2021-06-01;3143;3158;204069;109437;36.4;19.5
84;2021-06-02;3171;2616;207240;112053;36.9;20.0
84;2021-06-03;4108;2980;211348;115033;37.7;20.5
84;2021-06-04;3613;3036;214961;118069;38.3;21.0
84;2021-06-05;1783;1495;216744;119564;38.6;21.3
84;2021-06-06;987;205;217731;119769;38.8;21.3
84;2021-06-07;2451;2746;220182;122515;39.2;21.8
84;2021-06-08;3320;3049;223502;125564;39.8;22.4
84;2021-06-09;3022;2675;226524;128239;40.4;22.9
84;2021-06-10;3505;2783;230029;131022;41.0;23.4
84;2021-06-11;3019;3058;233048;134080;41.5;23.9
84;2021-06-12;1963;1313;235011;135393;41.9;24.1
84;2021-06-13;413;212;235424;135605;42.0;24.2
84;2021-06-14;1929;3159;237353;138764;42.3;24.7
84;2021-06-15;2572;3449;239925;142213;42.8;25.4
84;2021-06-16;2523;2940;242448;145153;43.2;25.9
84;2021-06-17;2993;3449;245441;148602;43.8;26.5
84;2021-06-18;2423;3544;247864;152146;44.2;27.1
84;2021-06-19;1288;1543;249152;153689;44.4;27.4
84;2021-06-20;548;353;249700;154042;44.5;27.5
84;2021-06-21;1570;3129;251270;157171;44.8;28.0
84;2021-06-22;2163;4008;253433;161179;45.2;28.7
84;2021-06-23;2111;3291;255544;164470;45.6;29.3
84;2021-06-24;2196;3471;257740;167941;45.9;29.9
84;2021-06-25;1836;3862;259576;171803;46.3;30.6
84;2021-06-26;1129;1792;260705;173595;46.5;30.9
84;2021-06-27;295;345;261000;173940;46.5;31.0
84;2021-06-28;1206;3218;262206;177158;46.7;31.6
84;2021-06-29;1464;4043;263670;181201;47.0;32.3
84;2021-06-30;1707;3958;265377;185159;47.3;33.0
84;2021-07-01;1790;3939;267167;189098;47.6;33.7
84;2021-07-02;1744;3893;268911;192991;47.9;34.4
84;2021-07-03;1100;2031;270011;195022;48.1;34.8
84;2021-07-04;388;413;270399;195435;48.2;34.8
84;2021-07-05;1444;3541;271843;198976;48.5;35.5
84;2021-07-06;1590;4168;273433;203144;48.7;36.2
84;2021-07-07;1640;3105;275073;206249;49.0;36.8
84;2021-07-08;2104;3751;277177;210000;49.4;37.4
84;2021-07-09;1809;3971;278986;213971;49.7;38.1
84;2021-07-10;1238;2155;280224;216126;50.0;38.5
84;2021-07-11;331;305;280555;216431;50.0;38.6
84;2021-07-12;1370;3839;281925;220270;50.3;39.3
84;2021-07-13;2314;5000;284239;225270;50.7;40.2
84;2021-07-14;1864;1236;286103;226506;51.0;40.4
84;2021-07-15;2596;4545;288699;231051;51.5;41.2
84;2021-07-16;2755;4591;291454;235642;52.0;42.0
84;2021-07-17;1571;2432;293025;238074;52.2;42.4
84;2021-07-18;1007;540;294032;238614;52.4;42.5
84;2021-07-19;2392;3736;296424;242350;52.8;43.2
84;2021-07-20;2923;4147;299347;246497;53.4;43.9
84;2021-07-21;3157;3639;302504;250136;53.9;44.6
84;2021-07-22;3758;3769;306262;253905;54.6;45.3
84;2021-07-23;3493;3662;309755;257567;55.2;45.9
84;2021-07-24;1450;2246;311205;259813;55.5;46.3
84;2021-07-25;1033;506;312238;260319;55.7;46.4
84;2021-07-26;2708;3007;314946;263326;56.1;46.9
84;2021-07-27;3414;3544;318360;266870;56.7;47.6
84;2021-07-28;3829;3290;322189;270160;57.4;48.2
84;2021-07-29;4168;3118;326357;273278;58.2;48.7
84;2021-07-30;3848;3280;330205;276558;58.9;49.3
84;2021-07-31;1986;1662;332191;278220;59.2;49.6
84;2021-08-01;796;413;332987;278633;59.4;49.7
84;2021-08-02;2881;2632;335868;281265;59.9;50.1
85;2020-12-27;1;0;1;0;0.0;0.0
85;2020-12-28;0;0;1;0;0.0;0.0
85;2020-12-29;0;0;1;0;0.0;0.0
85;2020-12-30;0;0;1;0;0.0;0.0
85;2020-12-31;0;0;1;0;0.0;0.0
85;2021-01-01;0;0;1;0;0.0;0.0
85;2021-01-02;0;0;1;0;0.0;0.0
85;2021-01-03;1;0;2;0;0.0;0.0
85;2021-01-04;25;0;27;0;0.0;0.0
85;2021-01-05;62;0;89;0;0.0;0.0
85;2021-01-06;107;1;196;1;0.0;0.0
85;2021-01-07;203;0;399;1;0.1;0.0
85;2021-01-08;291;1;690;2;0.1;0.0
85;2021-01-09;288;2;978;4;0.1;0.0
85;2021-01-10;59;0;1037;4;0.2;0.0
85;2021-01-11;453;0;1490;4;0.2;0.0
85;2021-01-12;586;2;2076;6;0.3;0.0
85;2021-01-13;544;1;2620;7;0.4;0.0
85;2021-01-14;679;3;3299;10;0.5;0.0
85;2021-01-15;437;3;3736;13;0.5;0.0
85;2021-01-16;264;3;4000;16;0.6;0.0
85;2021-01-17;37;0;4037;16;0.6;0.0
85;2021-01-18;997;2;5034;18;0.7;0.0
85;2021-01-19;1427;16;6461;34;0.9;0.0
85;2021-01-20;1873;2;8334;36;1.2;0.0
85;2021-01-21;3220;6;11554;42;1.7;0.0
85;2021-01-22;1695;17;13249;59;1.9;0.0
85;2021-01-23;466;2;13715;61;2.0;0.0
85;2021-01-24;49;0;13764;61;2.0;0.0
85;2021-01-25;577;1;14341;62;2.1;0.0
85;2021-01-26;876;34;15217;96;2.2;0.0
85;2021-01-27;1788;32;17005;128;2.5;0.0
85;2021-01-28;1630;38;18635;166;2.7;0.0
85;2021-01-29;873;63;19508;229;2.9;0.0
85;2021-01-30;148;5;19656;234;2.9;0.0
85;2021-01-31;2;48;19658;282;2.9;0.0
85;2021-02-01;479;103;20137;385;2.9;0.1
85;2021-02-02;537;176;20674;561;3.0;0.1
85;2021-02-03;414;261;21088;822;3.1;0.1
85;2021-02-04;621;267;21709;1089;3.2;0.2
85;2021-02-05;624;265;22333;1354;3.3;0.2
85;2021-02-06;153;245;22486;1599;3.3;0.2
85;2021-02-07;1;0;22487;1599;3.3;0.2
85;2021-02-08;387;655;22874;2254;3.3;0.3
85;2021-02-09;661;1061;23535;3315;3.4;0.5
85;2021-02-10;583;1131;24118;4446;3.5;0.7
85;2021-02-11;1543;3041;25661;7487;3.8;1.1
85;2021-02-12;1012;1260;26673;8747;3.9;1.3
85;2021-02-13;250;506;26923;9253;3.9;1.4
85;2021-02-14;2;133;26925;9386;3.9;1.4
85;2021-02-15;335;814;27260;10200;4.0;1.5
85;2021-02-16;570;1190;27830;11390;4.1;1.7
85;2021-02-17;783;1570;28613;12960;4.2;1.9
85;2021-02-18;1277;1932;29890;14892;4.4;2.2
85;2021-02-19;953;1206;30843;16098;4.5;2.4
85;2021-02-20;173;263;31016;16361;4.5;2.4
85;2021-02-21;1;11;31017;16372;4.5;2.4
85;2021-02-22;813;886;31830;17258;4.7;2.5
85;2021-02-23;829;486;32659;17744;4.8;2.6
85;2021-02-24;756;313;33415;18057;4.9;2.6
85;2021-02-25;1337;395;34752;18452;5.1;2.7
85;2021-02-26;1227;328;35979;18780;5.3;2.7
85;2021-02-27;400;99;36379;18879;5.3;2.8
85;2021-02-28;7;1;36386;18880;5.3;2.8
85;2021-03-01;761;430;37147;19310;5.4;2.8
85;2021-03-02;1100;789;38247;20099;5.6;2.9
85;2021-03-03;843;514;39090;20613;5.7;3.0
85;2021-03-04;1574;1171;40664;21784;6.0;3.2
85;2021-03-05;1736;846;42400;22630;6.2;3.3
85;2021-03-06;1227;128;43627;22758;6.4;3.3
85;2021-03-07;332;35;43959;22793;6.4;3.3
85;2021-03-08;1739;458;45698;23251;6.7;3.4
85;2021-03-09;2241;569;47939;23820;7.0;3.5
85;2021-03-10;1860;648;49799;24468;7.3;3.6
85;2021-03-11;3118;1082;52917;25550;7.7;3.7
85;2021-03-12;2727;865;55644;26415;8.1;3.9
85;2021-03-13;1370;159;57014;26574;8.3;3.9
85;2021-03-14;178;0;57192;26574;8.4;3.9
85;2021-03-15;1918;514;59110;27088;8.7;4.0
85;2021-03-16;1626;517;60736;27605;8.9;4.0
85;2021-03-17;980;522;61716;28127;9.0;4.1
85;2021-03-18;1900;456;63616;28583;9.3;4.2
85;2021-03-19;2201;370;65817;28953;9.6;4.2
85;2021-03-20;1066;176;66883;29129;9.8;4.3
85;2021-03-21;269;5;67152;29134;9.8;4.3
85;2021-03-22;1759;559;68911;29693;10.1;4.3
85;2021-03-23;2414;729;71325;30422;10.4;4.5
85;2021-03-24;2207;527;73532;30949;10.8;4.5
85;2021-03-25;3646;585;77178;31534;11.3;4.6
85;2021-03-26;3358;644;80536;32178;11.8;4.7
85;2021-03-27;1725;121;82261;32299;12.0;4.7
85;2021-03-28;539;3;82800;32302;12.1;4.7
85;2021-03-29;2412;755;85212;33057;12.5;4.8
85;2021-03-30;2862;1019;88074;34076;12.9;5.0
85;2021-03-31;2197;667;90271;34743;13.2;5.1
85;2021-04-01;3870;907;94141;35650;13.8;5.2
85;2021-04-02;2704;1091;96845;36741;14.2;5.4
85;2021-04-03;1409;321;98254;37062;14.4;5.4
85;2021-04-04;323;27;98577;37089;14.4;5.4
85;2021-04-05;104;176;98681;37265;14.4;5.5
85;2021-04-06;2201;1597;100882;38862;14.8;5.7
85;2021-04-07;3092;1185;103974;40047;15.2;5.9
85;2021-04-08;4528;1598;108502;41645;15.9;6.1
85;2021-04-09;4599;1223;113101;42868;16.6;6.3
85;2021-04-10;1866;397;114967;43265;16.8;6.3
85;2021-04-11;26;10;114993;43275;16.8;6.3
85;2021-04-12;4286;1480;119279;44755;17.5;6.6
85;2021-04-13;4830;1869;124109;46624;18.2;6.8
85;2021-04-14;3957;1006;128066;47630;18.7;7.0
85;2021-04-15;5513;1732;133579;49362;19.6;7.2
85;2021-04-16;5240;1533;138819;50895;20.3;7.4
85;2021-04-17;1383;436;140202;51331;20.5;7.5
85;2021-04-18;349;9;140551;51340;20.6;7.5
85;2021-04-19;3363;1700;143914;53040;21.1;7.8
85;2021-04-20;3697;1922;147611;54962;21.6;8.0
85;2021-04-21;2688;1693;150299;56655;22.0;8.3
85;2021-04-22;3805;2230;154104;58885;22.6;8.6
85;2021-04-23;3902;2078;158006;60963;23.1;8.9
85;2021-04-24;1659;1530;159665;62493;23.4;9.1
85;2021-04-25;980;560;160645;63053;23.5;9.2
85;2021-04-26;3589;2349;164234;65402;24.0;9.6
85;2021-04-27;4392;2159;168626;67561;24.7;9.9
85;2021-04-28;5744;1248;174370;68809;25.5;10.1
85;2021-04-29;5633;1999;180003;70808;26.3;10.4
85;2021-04-30;5574;1666;185577;72474;27.2;10.6
85;2021-05-01;1735;636;187312;73110;27.4;10.7
85;2021-05-02;873;470;188185;73580;27.5;10.8
85;2021-05-03;3492;2381;191677;75961;28.1;11.1
85;2021-05-04;3488;3084;195165;79045;28.6;11.6
85;2021-05-05;4532;2165;199697;81210;29.2;11.9
85;2021-05-06;4920;2588;204617;83798;30.0;12.3
85;2021-05-07;3928;3859;208545;87657;30.5;12.8
85;2021-05-08;2245;229;210790;87886;30.9;12.9
85;2021-05-09;1509;181;212299;88067;31.1;12.9
85;2021-05-10;3208;4929;215507;92996;31.5;13.6
85;2021-05-11;4026;4972;219533;97968;32.1;14.3
85;2021-05-12;5017;3929;224550;101897;32.9;14.9
85;2021-05-13;5143;611;229693;102508;33.6;15.0
85;2021-05-14;4355;3167;234048;105675;34.3;15.5
85;2021-05-15;2324;774;236372;106449;34.6;15.6
85;2021-05-16;2213;162;238585;106611;34.9;15.6
85;2021-05-17;4146;3377;242731;109988;35.5;16.1
85;2021-05-18;5216;2858;247947;112846;36.3;16.5
85;2021-05-19;6491;1761;254438;114607;37.2;16.8
85;2021-05-20;6773;2171;261211;116778;38.2;17.1
85;2021-05-21;5498;2746;266709;119524;39.0;17.5
85;2021-05-22;2582;752;269291;120276;39.4;17.6
85;2021-05-23;1330;160;270621;120436;39.6;17.6
85;2021-05-24;4572;435;275193;120871;40.3;17.7
85;2021-05-25;4517;3565;279710;124436;40.9;18.2
85;2021-05-26;4943;2678;284653;127114;41.7;18.6
85;2021-05-27;4960;3690;289613;130804;42.4;19.1
85;2021-05-28;5252;4070;294865;134874;43.2;19.7
85;2021-05-29;3958;1527;298823;136401;43.7;20.0
85;2021-05-30;1291;126;300114;136527;43.9;20.0
85;2021-05-31;4687;3380;304801;139907;44.6;20.5
85;2021-06-01;5401;3400;310202;143307;45.4;21.0
85;2021-06-02;5553;2522;315755;145829;46.2;21.3
85;2021-06-03;5915;3235;321670;149064;47.1;21.8
85;2021-06-04;5836;3818;327506;152882;47.9;22.4
85;2021-06-05;2851;1937;330357;154819;48.4;22.7
85;2021-06-06;1511;803;331868;155622;48.6;22.8
85;2021-06-07;3233;4858;335101;160480;49.0;23.5
85;2021-06-08;4086;4521;339187;165001;49.6;24.2
85;2021-06-09;4841;3512;344028;168513;50.4;24.7
85;2021-06-10;5196;3699;349224;172212;51.1;25.2
85;2021-06-11;4503;4661;353727;176873;51.8;25.9
85;2021-06-12;1488;1797;355215;178670;52.0;26.2
85;2021-06-13;1220;672;356435;179342;52.2;26.3
85;2021-06-14;2680;5091;359115;184433;52.6;27.0
85;2021-06-15;3714;4932;362829;189365;53.1;27.7
85;2021-06-16;4083;3905;366912;193270;53.7;28.3
85;2021-06-17;3939;3897;370851;197167;54.3;28.9
85;2021-06-18;3624;5678;374475;202845;54.8;29.7
85;2021-06-19;1213;2029;375688;204874;55.0;30.0
85;2021-06-20;137;520;375825;205394;55.0;30.1
85;2021-06-21;2375;5809;378200;211203;55.4;30.9
85;2021-06-22;2840;5727;381040;216930;55.8;31.8
85;2021-06-23;3389;4490;384429;221420;56.3;32.4
85;2021-06-24;3639;4556;388068;225976;56.8;33.1
85;2021-06-25;2287;6175;390355;232151;57.1;34.0
85;2021-06-26;789;3763;391144;235914;57.3;34.5
85;2021-06-27;125;1371;391269;237285;57.3;34.7
85;2021-06-28;1180;6717;392449;244002;57.4;35.7
85;2021-06-29;1754;6872;394203;250874;57.7;36.7
85;2021-06-30;2175;6201;396378;257075;58.0;37.6
85;2021-07-01;2810;6062;399188;263137;58.4;38.5
85;2021-07-02;2258;7019;401446;270156;58.8;39.5
85;2021-07-03;615;3171;402061;273327;58.9;40.0
85;2021-07-04;144;1086;402205;274413;58.9;40.2
85;2021-07-05;1057;6663;403262;281076;59.0;41.1
85;2021-07-06;1564;6462;404826;287538;59.3;42.1
85;2021-07-07;1641;5863;406467;293401;59.5;42.9
85;2021-07-08;2155;5449;408622;298850;59.8;43.7
85;2021-07-09;1638;7104;410260;305954;60.1;44.8
85;2021-07-10;560;2839;410820;308793;60.1;45.2
85;2021-07-11;524;1289;411344;310082;60.2;45.4
85;2021-07-12;1404;7059;412748;317141;60.4;46.4
85;2021-07-13;2044;7393;414792;324534;60.7;47.5
85;2021-07-14;1450;2050;416242;326584;60.9;47.8
85;2021-07-15;2661;6948;418903;333532;61.3;48.8
85;2021-07-16;3406;6843;422309;340375;61.8;49.8
85;2021-07-17;1552;2155;423861;342530;62.0;50.1
85;2021-07-18;1142;1154;425003;343684;62.2;50.3
85;2021-07-19;3526;6235;428529;349919;62.7;51.2
85;2021-07-20;4280;6219;432809;356138;63.4;52.1
85;2021-07-21;3978;6200;436787;362338;63.9;53.0
85;2021-07-22;3883;6179;440670;368517;64.5;53.9
85;2021-07-23;4504;6704;445174;375221;65.2;54.9
85;2021-07-24;1038;2295;446212;377516;65.3;55.3
85;2021-07-25;489;304;446701;377820;65.4;55.3
85;2021-07-26;4491;5353;451192;383173;66.0;56.1
85;2021-07-27;5267;5389;456459;388562;66.8;56.9
85;2021-07-28;4948;4967;461407;393529;67.5;57.6
85;2021-07-29;5851;4734;467258;398263;68.4;58.3
85;2021-07-30;5975;4940;473233;403203;69.3;59.0
85;2021-07-31;1206;1570;474439;404773;69.4;59.2
85;2021-08-01;456;193;474895;404966;69.5;59.3
85;2021-08-02;4915;3932;479810;408898;70.2;59.9
86;2020-12-27;0;0;0;0;0.0;0.0
86;2020-12-28;0;0;0;0;0.0;0.0
86;2020-12-29;1;0;1;0;0.0;0.0
86;2020-12-30;0;0;1;0;0.0;0.0
86;2020-12-31;0;0;1;0;0.0;0.0
86;2021-01-01;0;0;1;0;0.0;0.0
86;2021-01-02;0;0;1;0;0.0;0.0
86;2021-01-03;1;0;2;0;0.0;0.0
86;2021-01-04;0;0;2;0;0.0;0.0
86;2021-01-05;0;0;2;0;0.0;0.0
86;2021-01-06;178;0;180;0;0.0;0.0
86;2021-01-07;671;0;851;0;0.2;0.0
86;2021-01-08;595;3;1446;3;0.3;0.0
86;2021-01-09;0;0;1446;3;0.3;0.0
86;2021-01-10;173;0;1619;3;0.4;0.0
86;2021-01-11;305;1;1924;4;0.4;0.0
86;2021-01-12;458;0;2382;4;0.5;0.0
86;2021-01-13;336;0;2718;4;0.6;0.0
86;2021-01-14;551;1;3269;5;0.7;0.0
86;2021-01-15;536;1;3805;6;0.9;0.0
86;2021-01-16;0;0;3805;6;0.9;0.0
86;2021-01-17;0;0;3805;6;0.9;0.0
86;2021-01-18;564;0;4369;6;1.0;0.0
86;2021-01-19;1904;0;6273;6;1.4;0.0
86;2021-01-20;1451;18;7724;24;1.8;0.0
86;2021-01-21;1289;0;9013;24;2.1;0.0
86;2021-01-22;828;0;9841;24;2.2;0.0
86;2021-01-23;313;0;10154;24;2.3;0.0
86;2021-01-24;0;0;10154;24;2.3;0.0
86;2021-01-25;583;110;10737;134;2.5;0.0
86;2021-01-26;749;122;11486;256;2.6;0.1
86;2021-01-27;764;156;12250;412;2.8;0.1
86;2021-01-28;1043;427;13293;839;3.0;0.2
86;2021-01-29;877;219;14170;1058;3.2;0.2
86;2021-01-30;275;104;14445;1162;3.3;0.3
86;2021-01-31;57;157;14502;1319;3.3;0.3
86;2021-02-01;432;207;14934;1526;3.4;0.3
86;2021-02-02;574;386;15508;1912;3.5;0.4
86;2021-02-03;525;224;16033;2136;3.7;0.5
86;2021-02-04;477;365;16510;2501;3.8;0.6
86;2021-02-05;439;744;16949;3245;3.9;0.7
86;2021-02-06;147;206;17096;3451;3.9;0.8
86;2021-02-07;120;7;17216;3458;3.9;0.8
86;2021-02-08;361;328;17577;3786;4.0;0.9
86;2021-02-09;748;1123;18325;4909;4.2;1.1
86;2021-02-10;974;940;19299;5849;4.4;1.3
86;2021-02-11;1003;977;20302;6826;4.6;1.6
86;2021-02-12;749;377;21051;7203;4.8;1.6
86;2021-02-13;191;95;21242;7298;4.9;1.7
86;2021-02-14;1;34;21243;7332;4.9;1.7
86;2021-02-15;244;508;21487;7840;4.9;1.8
86;2021-02-16;385;866;21872;8706;5.0;2.0
86;2021-02-17;448;896;22320;9602;5.1;2.2
86;2021-02-18;420;875;22740;10477;5.2;2.4
86;2021-02-19;600;643;23340;11120;5.3;2.5
86;2021-02-20;115;176;23455;11296;5.4;2.6
86;2021-02-21;0;0;23455;11296;5.4;2.6
86;2021-02-22;240;429;23695;11725;5.4;2.7
86;2021-02-23;369;607;24064;12332;5.5;2.8
86;2021-02-24;408;586;24472;12918;5.6;3.0
86;2021-02-25;901;667;25373;13585;5.8;3.1
86;2021-02-26;1028;540;26401;14125;6.0;3.2
86;2021-02-27;460;149;26861;14274;6.1;3.3
86;2021-02-28;3;2;26864;14276;6.1;3.3
86;2021-03-01;232;526;27096;14802;6.2;3.4
86;2021-03-02;1141;849;28237;15651;6.5;3.6
86;2021-03-03;792;623;29029;16274;6.6;3.7
86;2021-03-04;1495;617;30524;16891;7.0;3.9
86;2021-03-05;1577;312;32101;17203;7.3;3.9
86;2021-03-06;994;169;33095;17372;7.6;4.0
86;2021-03-07;370;29;33465;17401;7.7;4.0
86;2021-03-08;470;540;33935;17941;7.8;4.1
86;2021-03-09;1368;525;35303;18466;8.1;4.2
86;2021-03-10;950;609;36253;19075;8.3;4.4
86;2021-03-11;1794;473;38047;19548;8.7;4.5
86;2021-03-12;2204;435;40251;19983;9.2;4.6
86;2021-03-13;1445;97;41696;20080;9.5;4.6
86;2021-03-14;133;15;41829;20095;9.6;4.6
86;2021-03-15;783;159;42612;20254;9.7;4.6
86;2021-03-16;846;203;43458;20457;9.9;4.7
86;2021-03-17;786;202;44244;20659;10.1;4.7
86;2021-03-18;1003;99;45247;20758;10.3;4.7
86;2021-03-19;2140;323;47387;21081;10.8;4.8
86;2021-03-20;592;131;47979;21212;11.0;4.8
86;2021-03-21;10;0;47989;21212;11.0;4.8
86;2021-03-22;851;276;48840;21488;11.2;4.9
86;2021-03-23;2013;327;50853;21815;11.6;5.0
86;2021-03-24;1554;287;52407;22102;12.0;5.1
86;2021-03-25;2482;351;54889;22453;12.5;5.1
86;2021-03-26;3037;354;57926;22807;13.2;5.2
86;2021-03-27;731;143;58657;22950;13.4;5.2
86;2021-03-28;5;128;58662;23078;13.4;5.3
86;2021-03-29;1258;391;59920;23469;13.7;5.4
86;2021-03-30;2398;818;62318;24287;14.2;5.6
86;2021-03-31;1510;622;63828;24909;14.6;5.7
86;2021-04-01;2237;936;66065;25845;15.1;5.9
86;2021-04-02;1899;554;67964;26399;15.5;6.0
86;2021-04-03;827;323;68791;26722;15.7;6.1
86;2021-04-04;82;108;68873;26830;15.7;6.1
86;2021-04-05;314;4;69187;26834;15.8;6.1
86;2021-04-06;1528;959;70715;27793;16.2;6.4
86;2021-04-07;1632;626;72347;28419;16.5;6.5
86;2021-04-08;2567;761;74914;29180;17.1;6.7
86;2021-04-09;3249;646;78163;29826;17.9;6.8
86;2021-04-10;1663;191;79826;30017;18.3;6.9
86;2021-04-11;442;9;80268;30026;18.4;6.9
86;2021-04-12;823;764;81091;30790;18.5;7.0
86;2021-04-13;2449;941;83540;31731;19.1;7.3
86;2021-04-14;1871;872;85411;32603;19.5;7.5
86;2021-04-15;2273;724;87684;33327;20.0;7.6
86;2021-04-16;2468;1225;90152;34552;20.6;7.9
86;2021-04-17;1040;261;91192;34813;20.8;8.0
86;2021-04-18;118;3;91310;34816;20.9;8.0
86;2021-04-19;745;794;92055;35610;21.0;8.1
86;2021-04-20;2300;1501;94355;37111;21.6;8.5
86;2021-04-21;2109;1115;96464;38226;22.1;8.7
86;2021-04-22;2331;1443;98795;39669;22.6;9.1
86;2021-04-23;2393;1570;101188;41239;23.1;9.4
86;2021-04-24;1299;506;102487;41745;23.4;9.5
86;2021-04-25;825;25;103312;41770;23.6;9.5
86;2021-04-26;2079;888;105391;42658;24.1;9.8
86;2021-04-27;3152;1662;108543;44320;24.8;10.1
86;2021-04-28;3002;1518;111545;45838;25.5;10.5
86;2021-04-29;3556;1826;115101;47664;26.3;10.9
86;2021-04-30;2969;1478;118070;49142;27.0;11.2
86;2021-05-01;1579;197;119649;49339;27.4;11.3
86;2021-05-02;1280;43;120929;49382;27.6;11.3
86;2021-05-03;2561;997;123490;50379;28.2;11.5
86;2021-05-04;3510;1896;127000;52275;29.0;12.0
86;2021-05-05;3990;1473;130990;53748;29.9;12.3
86;2021-05-06;4289;1653;135279;55401;30.9;12.7
86;2021-05-07;4045;1820;139324;57221;31.9;13.1
86;2021-05-08;1976;396;141300;57617;32.3;13.2
86;2021-05-09;1642;204;142942;57821;32.7;13.2
86;2021-05-10;1955;1172;144897;58993;33.1;13.5
86;2021-05-11;3603;2681;148500;61674;34.0;14.1
86;2021-05-12;2246;1646;150746;63320;34.5;14.5
86;2021-05-13;1686;296;152432;63616;34.8;14.5
86;2021-05-14;2099;791;154531;64407;35.3;14.7
86;2021-05-15;1467;503;155998;64910;35.7;14.8
86;2021-05-16;778;164;156776;65074;35.8;14.9
86;2021-05-17;3221;1063;159997;66137;36.6;15.1
86;2021-05-18;4303;1664;164300;67801;37.6;15.5
86;2021-05-19;3590;1433;167890;69234;38.4;15.8
86;2021-05-20;4376;1624;172266;70858;39.4;16.2
86;2021-05-21;3440;1772;175706;72630;40.2;16.6
86;2021-05-22;2077;661;177783;73291;40.6;16.8
86;2021-05-23;1440;183;179223;73474;41.0;16.8
86;2021-05-24;1848;200;181071;73674;41.4;16.8
86;2021-05-25;2849;1642;183920;75316;42.0;17.2
86;2021-05-26;2727;1524;186647;76840;42.7;17.6
86;2021-05-27;3544;1843;190191;78683;43.5;18.0
86;2021-05-28;2161;2538;192352;81221;44.0;18.6
86;2021-05-29;1527;1285;193879;82506;44.3;18.9
86;2021-05-30;935;130;194814;82636;44.5;18.9
86;2021-05-31;1921;1819;196735;84455;45.0;19.3
86;2021-06-01;2665;2590;199400;87045;45.6;19.9
86;2021-06-02;2300;2665;201700;89710;46.1;20.5
86;2021-06-03;3330;2410;205030;92120;46.9;21.1
86;2021-06-04;2238;2863;207268;94983;47.4;21.7
86;2021-06-05;1503;1578;208771;96561;47.7;22.1
86;2021-06-06;819;899;209590;97460;47.9;22.3
86;2021-06-07;1117;2464;210707;99924;48.2;22.8
86;2021-06-08;1989;3694;212696;103618;48.6;23.7
86;2021-06-09;1900;3316;214596;106934;49.1;24.4
86;2021-06-10;2349;3234;216945;110168;49.6;25.2
86;2021-06-11;1517;2789;218462;112957;49.9;25.8
86;2021-06-12;746;2249;219208;115206;50.1;26.3
86;2021-06-13;214;1477;219422;116683;50.2;26.7
86;2021-06-14;1158;2904;220580;119587;50.4;27.3
86;2021-06-15;1688;4261;222268;123848;50.8;28.3
86;2021-06-16;1808;3131;224076;126979;51.2;29.0
86;2021-06-17;1775;4445;225851;131424;51.6;30.0
86;2021-06-18;1881;4586;227732;136010;52.1;31.1
86;2021-06-19;634;2098;228366;138108;52.2;31.6
86;2021-06-20;173;1319;228539;139427;52.2;31.9
86;2021-06-21;1100;2236;229639;141663;52.5;32.4
86;2021-06-22;1295;3457;230934;145120;52.8;33.2
86;2021-06-23;1360;2400;232294;147520;53.1;33.7
86;2021-06-24;1588;2720;233882;150240;53.5;34.3
86;2021-06-25;1191;3554;235073;153794;53.7;35.2
86;2021-06-26;391;2655;235464;156449;53.8;35.8
86;2021-06-27;135;1635;235599;158084;53.9;36.1
86;2021-06-28;266;3338;235865;161422;53.9;36.9
86;2021-06-29;859;4604;236724;166026;54.1;38.0
86;2021-06-30;1045;2974;237769;169000;54.4;38.6
86;2021-07-01;1537;3004;239306;172004;54.7;39.3
86;2021-07-02;1106;3652;240412;175656;55.0;40.2
86;2021-07-03;516;2397;240928;178053;55.1;40.7
86;2021-07-04;116;1348;241044;179401;55.1;41.0
86;2021-07-05;465;2835;241509;182236;55.2;41.7
86;2021-07-06;985;4104;242494;186340;55.4;42.6
86;2021-07-07;1251;2630;243745;188970;55.7;43.2
86;2021-07-08;1610;3156;245355;192126;56.1;43.9
86;2021-07-09;1738;3082;247093;195208;56.5;44.6
86;2021-07-10;1294;1955;248387;197163;56.8;45.1
86;2021-07-11;481;840;248868;198003;56.9;45.3
86;2021-07-12;827;2403;249695;200406;57.1;45.8
86;2021-07-13;1766;3372;251461;203778;57.5;46.6
86;2021-07-14;764;1232;252225;205010;57.7;46.9
86;2021-07-15;1877;3294;254102;208304;58.1;47.6
86;2021-07-16;1660;2664;255762;210968;58.5;48.2
86;2021-07-17;1343;1601;257105;212569;58.8;48.6
86;2021-07-18;376;904;257481;213473;58.9;48.8
86;2021-07-19;1366;1887;258847;215360;59.2;49.2
86;2021-07-20;2332;2729;261179;218089;59.7;49.9
86;2021-07-21;2291;2153;263470;220242;60.2;50.4
86;2021-07-22;2887;2789;266357;223031;60.9;51.0
86;2021-07-23;2454;2159;268811;225190;61.5;51.5
86;2021-07-24;1538;1222;270349;226412;61.8;51.8
86;2021-07-25;713;320;271062;226732;62.0;51.8
86;2021-07-26;1584;2100;272646;228832;62.3;52.3
86;2021-07-27;3532;2751;276178;231583;63.1;52.9
86;2021-07-28;3255;2120;279433;233703;63.9;53.4
86;2021-07-29;3251;2534;282684;236237;64.6;54.0
86;2021-07-30;2217;2373;284901;238610;65.1;54.6
86;2021-07-31;1420;1049;286321;239659;65.5;54.8
86;2021-08-01;646;334;286967;239993;65.6;54.9
86;2021-08-02;1910;1671;288877;241664;66.0;55.3
87;2020-12-27;0;0;0;0;0.0;0.0
87;2020-12-28;1;0;1;0;0.0;0.0
87;2020-12-29;0;0;1;0;0.0;0.0
87;2020-12-30;0;0;1;0;0.0;0.0
87;2020-12-31;0;0;1;0;0.0;0.0
87;2021-01-01;0;0;1;0;0.0;0.0
87;2021-01-02;0;0;1;0;0.0;0.0
87;2021-01-03;0;0;1;0;0.0;0.0
87;2021-01-04;1;0;2;0;0.0;0.0
87;2021-01-05;1;0;3;0;0.0;0.0
87;2021-01-06;10;0;13;0;0.0;0.0
87;2021-01-07;301;0;314;0;0.1;0.0
87;2021-01-08;407;0;721;0;0.2;0.0
87;2021-01-09;64;0;785;0;0.2;0.0
87;2021-01-10;35;0;820;0;0.2;0.0
87;2021-01-11;424;0;1244;0;0.3;0.0
87;2021-01-12;651;0;1895;0;0.5;0.0
87;2021-01-13;658;1;2553;1;0.7;0.0
87;2021-01-14;515;11;3068;12;0.8;0.0
87;2021-01-15;532;3;3600;15;1.0;0.0
87;2021-01-16;203;1;3803;16;1.0;0.0
87;2021-01-17;1;0;3804;16;1.0;0.0
87;2021-01-18;645;4;4449;20;1.2;0.0
87;2021-01-19;655;1;5104;21;1.4;0.0
87;2021-01-20;674;1;5778;22;1.6;0.0
87;2021-01-21;715;1;6493;23;1.8;0.0
87;2021-01-22;758;4;7251;27;2.0;0.0
87;2021-01-23;285;0;7536;27;2.0;0.0
87;2021-01-24;0;0;7536;27;2.0;0.0
87;2021-01-25;620;10;8156;37;2.2;0.0
87;2021-01-26;570;53;8726;90;2.4;0.0
87;2021-01-27;572;40;9298;130;2.5;0.0
87;2021-01-28;856;109;10154;239;2.7;0.1
87;2021-01-29;740;272;10894;511;2.9;0.1
87;2021-01-30;327;75;11221;586;3.0;0.2
87;2021-01-31;34;71;11255;657;3.0;0.2
87;2021-02-01;413;310;11668;967;3.1;0.3
87;2021-02-02;452;482;12120;1449;3.3;0.4
87;2021-02-03;542;419;12662;1868;3.4;0.5
87;2021-02-04;613;593;13275;2461;3.6;0.7
87;2021-02-05;342;384;13617;2845;3.7;0.8
87;2021-02-06;48;154;13665;2999;3.7;0.8
87;2021-02-07;20;0;13685;2999;3.7;0.8
87;2021-02-08;245;445;13930;3444;3.8;0.9
87;2021-02-09;218;546;14148;3990;3.8;1.1
87;2021-02-10;261;626;14409;4616;3.9;1.2
87;2021-02-11;285;540;14694;5156;4.0;1.4
87;2021-02-12;284;540;14978;5696;4.0;1.5
87;2021-02-13;25;169;15003;5865;4.0;1.6
87;2021-02-14;0;3;15003;5868;4.0;1.6
87;2021-02-15;237;391;15240;6259;4.1;1.7
87;2021-02-16;329;333;15569;6592;4.2;1.8
87;2021-02-17;330;381;15899;6973;4.3;1.9
87;2021-02-18;475;646;16374;7619;4.4;2.1
87;2021-02-19;400;480;16774;8099;4.5;2.2
87;2021-02-20;122;197;16896;8296;4.6;2.2
87;2021-02-21;2;9;16898;8305;4.6;2.2
87;2021-02-22;438;575;17336;8880;4.7;2.4
87;2021-02-23;556;632;17892;9512;4.8;2.6
87;2021-02-24;450;586;18342;10098;4.9;2.7
87;2021-02-25;789;707;19131;10805;5.2;2.9
87;2021-02-26;840;476;19971;11281;5.4;3.0
87;2021-02-27;404;212;20375;11493;5.5;3.1
87;2021-02-28;3;0;20378;11493;5.5;3.1
87;2021-03-01;514;371;20892;11864;5.6;3.2
87;2021-03-02;1030;386;21922;12250;5.9;3.3
87;2021-03-03;1174;340;23096;12590;6.2;3.4
87;2021-03-04;1406;333;24502;12923;6.6;3.5
87;2021-03-05;1767;285;26269;13208;7.1;3.6
87;2021-03-06;1041;35;27310;13243;7.4;3.6
87;2021-03-07;257;5;27567;13248;7.4;3.6
87;2021-03-08;858;241;28425;13489;7.7;3.6
87;2021-03-09;1288;229;29713;13718;8.0;3.7
87;2021-03-10;1297;229;31010;13947;8.4;3.8
87;2021-03-11;1753;251;32763;14198;8.8;3.8
87;2021-03-12;2123;284;34886;14482;9.4;3.9
87;2021-03-13;1308;17;36194;14499;9.8;3.9
87;2021-03-14;80;1;36274;14500;9.8;3.9
87;2021-03-15;986;357;37260;14857;10.0;4.0
87;2021-03-16;1061;241;38321;15098;10.3;4.1
87;2021-03-17;1070;216;39391;15314;10.6;4.1
87;2021-03-18;1179;334;40570;15648;10.9;4.2
87;2021-03-19;1682;273;42252;15921;11.4;4.3
87;2021-03-20;921;85;43173;16006;11.6;4.3
87;2021-03-21;32;0;43205;16006;11.7;4.3
87;2021-03-22;1041;379;44246;16385;11.9;4.4
87;2021-03-23;1385;425;45631;16810;12.3;4.5
87;2021-03-24;1508;365;47139;17175;12.7;4.6
87;2021-03-25;2495;391;49634;17566;13.4;4.7
87;2021-03-26;2530;453;52164;18019;14.1;4.9
87;2021-03-27;889;125;53053;18144;14.3;4.9
87;2021-03-28;269;16;53322;18160;14.4;4.9
87;2021-03-29;1116;416;54438;18576;14.7;5.0
87;2021-03-30;1906;659;56344;19235;15.2;5.2
87;2021-03-31;1658;693;58002;19928;15.6;5.4
87;2021-04-01;2231;571;60233;20499;16.2;5.5
87;2021-04-02;1840;627;62073;21126;16.7;5.7
87;2021-04-03;455;265;62528;21391;16.9;5.8
87;2021-04-04;1;0;62529;21391;16.9;5.8
87;2021-04-05;81;1;62610;21392;16.9;5.8
87;2021-04-06;994;899;63604;22291;17.2;6.0
87;2021-04-07;1482;924;65086;23215;17.6;6.3
87;2021-04-08;1781;1031;66867;24246;18.0;6.5
87;2021-04-09;2642;735;69509;24981;18.7;6.7
87;2021-04-10;1189;306;70698;25287;19.1;6.8
87;2021-04-11;67;0;70765;25287;19.1;6.8
87;2021-04-12;1623;824;72388;26111;19.5;7.0
87;2021-04-13;2286;1057;74674;27168;20.1;7.3
87;2021-04-14;2526;1181;77200;28349;20.8;7.6
87;2021-04-15;2222;1069;79422;29418;21.4;7.9
87;2021-04-16;2733;1067;82155;30485;22.2;8.2
87;2021-04-17;731;386;82886;30871;22.4;8.3
87;2021-04-18;111;140;82997;31011;22.4;8.4
87;2021-04-19;1657;829;84654;31840;22.8;8.6
87;2021-04-20;2084;878;86738;32718;23.4;8.8
87;2021-04-21;2291;989;89029;33707;24.0;9.1
87;2021-04-22;2565;1155;91594;34862;24.7;9.4
87;2021-04-23;1994;1179;93588;36041;25.2;9.7
87;2021-04-24;825;617;94413;36658;25.5;9.9
87;2021-04-25;64;103;94477;36761;25.5;9.9
87;2021-04-26;1356;916;95833;37677;25.8;10.2
87;2021-04-27;2397;1206;98230;38883;26.5;10.5
87;2021-04-28;3867;1436;102097;40319;27.5;10.9
87;2021-04-29;3073;1837;105170;42156;28.4;11.4
87;2021-04-30;3171;1354;108341;43510;29.2;11.7
87;2021-05-01;613;56;108954;43566;29.4;11.8
87;2021-05-02;361;4;109315;43570;29.5;11.8
87;2021-05-03;2302;934;111617;44504;30.1;12.0
87;2021-05-04;2905;1069;114522;45573;30.9;12.3
87;2021-05-05;2988;1508;117510;47081;31.7;12.7
87;2021-05-06;2531;1722;120041;48803;32.4;13.2
87;2021-05-07;2945;1713;122986;50516;33.2;13.6
87;2021-05-08;771;292;123757;50808;33.4;13.7
87;2021-05-09;19;133;123776;50941;33.4;13.7
87;2021-05-10;1927;1601;125703;52542;33.9;14.2
87;2021-05-11;2466;1906;128169;54448;34.6;14.7
87;2021-05-12;2619;2063;130788;56511;35.3;15.2
87;2021-05-13;1085;292;131873;56803;35.6;15.3
87;2021-05-14;2245;1769;134118;58572;36.2;15.8
87;2021-05-15;950;404;135068;58976;36.4;15.9
87;2021-05-16;141;73;135209;59049;36.5;15.9
87;2021-05-17;1627;1760;136836;60809;36.9;16.4
87;2021-05-18;2634;1812;139470;62621;37.6;16.9
87;2021-05-19;2816;1549;142286;64170;38.4;17.3
87;2021-05-20;3304;1718;145590;65888;39.3;17.8
87;2021-05-21;2761;1832;148351;67720;40.0;18.3
87;2021-05-22;1457;623;149808;68343;40.4;18.4
87;2021-05-23;210;92;150018;68435;40.5;18.5
87;2021-05-24;1056;140;151074;68575;40.7;18.5
87;2021-05-25;2116;1813;153190;70388;41.3;19.0
87;2021-05-26;3221;2473;156411;72861;42.2;19.7
87;2021-05-27;3018;2353;159429;75214;43.0;20.3
87;2021-05-28;2669;2518;162098;77732;43.7;21.0
87;2021-05-29;1060;1315;163158;79047;44.0;21.3
87;2021-05-30;257;58;163415;79105;44.1;21.3
87;2021-05-31;2289;1358;165704;80463;44.7;21.7
87;2021-06-01;2547;1864;168251;82327;45.4;22.2
87;2021-06-02;2519;1852;170770;84179;46.1;22.7
87;2021-06-03;3207;2528;173977;86707;46.9;23.4
87;2021-06-04;2837;2053;176814;88760;47.7;23.9
87;2021-06-05;1310;574;178124;89334;48.0;24.1
87;2021-06-06;263;95;178387;89429;48.1;24.1
87;2021-06-07;2100;1902;180487;91331;48.7;24.6
87;2021-06-08;2933;2570;183420;93901;49.5;25.3
87;2021-06-09;2304;2812;185724;96713;50.1;26.1
87;2021-06-10;2974;2552;188698;99265;50.9;26.8
87;2021-06-11;2366;3071;191064;102336;51.5;27.6
87;2021-06-12;1221;1103;192285;103439;51.9;27.9
87;2021-06-13;291;484;192576;103923;51.9;28.0
87;2021-06-14;980;2730;193556;106653;52.2;28.8
87;2021-06-15;1361;3321;194917;109974;52.6;29.7
87;2021-06-16;1650;3421;196567;113395;53.0;30.6
87;2021-06-17;2436;2314;199003;115709;53.7;31.2
87;2021-06-18;1786;3016;200789;118725;54.2;32.0
87;2021-06-19;1046;1176;201835;119901;54.4;32.3
87;2021-06-20;205;205;202040;120106;54.5;32.4
87;2021-06-21;1041;2643;203081;122749;54.8;33.1
87;2021-06-22;1029;2884;204110;125633;55.0;33.9
87;2021-06-23;1254;3080;205364;128713;55.4;34.7
87;2021-06-24;1618;2553;206982;131266;55.8;35.4
87;2021-06-25;1444;2712;208426;133978;56.2;36.1
87;2021-06-26;529;1202;208955;135180;56.4;36.5
87;2021-06-27;26;212;208981;135392;56.4;36.5
87;2021-06-28;713;2572;209694;137964;56.6;37.2
87;2021-06-29;1153;3410;210847;141374;56.9;38.1
87;2021-06-30;1119;2650;211966;144024;57.2;38.8
87;2021-07-01;1476;2551;213442;146575;57.6;39.5
87;2021-07-02;1198;3462;214640;150037;57.9;40.5
87;2021-07-03;413;1509;215053;151546;58.0;40.9
87;2021-07-04;23;383;215076;151929;58.0;41.0
87;2021-07-05;684;2395;215760;154324;58.2;41.6
87;2021-07-06;581;3229;216341;157553;58.3;42.5
87;2021-07-07;861;3350;217202;160903;58.6;43.4
87;2021-07-08;1118;3666;218320;164569;58.9;44.4
87;2021-07-09;1105;3702;219425;168271;59.2;45.4
87;2021-07-10;284;1356;219709;169627;59.3;45.7
87;2021-07-11;49;284;219758;169911;59.3;45.8
87;2021-07-12;546;3192;220304;173103;59.4;46.7
87;2021-07-13;824;3518;221128;176621;59.6;47.6
87;2021-07-14;514;539;221642;177160;59.8;47.8
87;2021-07-15;1347;3462;222989;180622;60.1;48.7
87;2021-07-16;1721;3596;224710;184218;60.6;49.7
87;2021-07-17;648;1369;225358;185587;60.8;50.1
87;2021-07-18;81;283;225439;185870;60.8;50.1
87;2021-07-19;1423;3401;226862;189271;61.2;51.0
87;2021-07-20;1797;3590;228659;192861;61.7;52.0
87;2021-07-21;1443;3146;230102;196007;62.1;52.9
87;2021-07-22;1871;3247;231973;199254;62.6;53.7
87;2021-07-23;1861;3167;233834;202421;63.1;54.6
87;2021-07-24;808;1281;234642;203702;63.3;54.9
87;2021-07-25;105;241;234747;203943;63.3;55.0
87;2021-07-26;1532;2319;236279;206262;63.7;55.6
87;2021-07-27;2522;2053;238801;208315;64.4;56.2
87;2021-07-28;2388;1995;241189;210310;65.1;56.7
87;2021-07-29;2981;1980;244170;212290;65.9;57.3
87;2021-07-30;2527;2064;246697;214354;66.5;57.8
87;2021-07-31;1101;833;247798;215187;66.8;58.0
87;2021-08-01;282;148;248080;215335;66.9;58.1
87;2021-08-02;2077;1506;250157;216841;67.5;58.5
88;2020-12-27;0;0;0;0;0.0;0.0
88;2020-12-28;0;0;0;0;0.0;0.0
88;2020-12-29;0;0;0;0;0.0;0.0
88;2020-12-30;0;0;0;0;0.0;0.0
88;2020-12-31;0;0;0;0;0.0;0.0
88;2021-01-01;2;0;2;0;0.0;0.0
88;2021-01-02;0;0;2;0;0.0;0.0
88;2021-01-03;0;0;2;0;0.0;0.0
88;2021-01-04;0;0;2;0;0.0;0.0
88;2021-01-05;1;0;3;0;0.0;0.0
88;2021-01-06;3;0;6;0;0.0;0.0
88;2021-01-07;70;1;76;1;0.0;0.0
88;2021-01-08;189;2;265;3;0.1;0.0
88;2021-01-09;190;0;455;3;0.1;0.0
88;2021-01-10;0;0;455;3;0.1;0.0
88;2021-01-11;226;0;681;3;0.2;0.0
88;2021-01-12;422;1;1103;4;0.3;0.0
88;2021-01-13;490;2;1593;6;0.4;0.0
88;2021-01-14;344;2;1937;8;0.5;0.0
88;2021-01-15;379;2;2316;10;0.6;0.0
88;2021-01-16;62;0;2378;10;0.7;0.0
88;2021-01-17;0;0;2378;10;0.7;0.0
88;2021-01-18;460;0;2838;10;0.8;0.0
88;2021-01-19;450;0;3288;10;0.9;0.0
88;2021-01-20;461;1;3749;11;1.0;0.0
88;2021-01-21;1543;1;5292;12;1.5;0.0
88;2021-01-22;1160;1;6452;13;1.8;0.0
88;2021-01-23;284;0;6736;13;1.9;0.0
88;2021-01-24;298;2;7034;15;2.0;0.0
88;2021-01-25;938;3;7972;18;2.2;0.0
88;2021-01-26;388;6;8360;24;2.3;0.0
88;2021-01-27;3;0;8363;24;2.3;0.0
88;2021-01-28;162;37;8525;61;2.4;0.0
88;2021-01-29;526;163;9051;224;2.5;0.1
88;2021-01-30;288;127;9339;351;2.6;0.1
88;2021-01-31;0;0;9339;351;2.6;0.1
88;2021-02-01;405;283;9744;634;2.7;0.2
88;2021-02-02;333;364;10077;998;2.8;0.3
88;2021-02-03;437;240;10514;1238;2.9;0.3
88;2021-02-04;316;230;10830;1468;3.0;0.4
88;2021-02-05;458;251;11288;1719;3.1;0.5
88;2021-02-06;108;56;11396;1775;3.2;0.5
88;2021-02-07;0;0;11396;1775;3.2;0.5
88;2021-02-08;359;206;11755;1981;3.3;0.6
88;2021-02-09;292;288;12047;2269;3.4;0.6
88;2021-02-10;414;348;12461;2617;3.5;0.7
88;2021-02-11;849;1093;13310;3710;3.7;1.0
88;2021-02-12;941;703;14251;4413;4.0;1.2
88;2021-02-13;162;212;14413;4625;4.0;1.3
88;2021-02-14;81;216;14494;4841;4.0;1.3
88;2021-02-15;641;1077;15135;5918;4.2;1.6
88;2021-02-16;472;727;15607;6645;4.3;1.8
88;2021-02-17;456;440;16063;7085;4.5;2.0
88;2021-02-18;515;385;16578;7470;4.6;2.1
88;2021-02-19;535;461;17113;7931;4.8;2.2
88;2021-02-20;156;101;17269;8032;4.8;2.2
88;2021-02-21;1;25;17270;8057;4.8;2.2
88;2021-02-22;425;344;17695;8401;4.9;2.3
88;2021-02-23;402;234;18097;8635;5.0;2.4
88;2021-02-24;506;210;18603;8845;5.2;2.5
88;2021-02-25;675;283;19278;9128;5.4;2.5
88;2021-02-26;861;276;20139;9404;5.6;2.6
88;2021-02-27;265;33;20404;9437;5.7;2.6
88;2021-02-28;30;1;20434;9438;5.7;2.6
88;2021-03-01;359;466;20793;9904;5.8;2.8
88;2021-03-02;432;498;21225;10402;5.9;2.9
88;2021-03-03;648;464;21873;10866;6.1;3.0
88;2021-03-04;1038;755;22911;11621;6.4;3.2
88;2021-03-05;935;693;23846;12314;6.6;3.4
88;2021-03-06;1870;114;25716;12428;7.2;3.5
88;2021-03-07;1058;77;26774;12505;7.4;3.5
88;2021-03-08;726;690;27500;13195;7.6;3.7
88;2021-03-09;1094;531;28594;13726;8.0;3.8
88;2021-03-10;1078;494;29672;14220;8.3;4.0
88;2021-03-11;1436;399;31108;14619;8.7;4.1
88;2021-03-12;1309;485;32417;15104;9.0;4.2
88;2021-03-13;1210;121;33627;15225;9.4;4.2
88;2021-03-14;166;5;33793;15230;9.4;4.2
88;2021-03-15;930;448;34723;15678;9.7;4.4
88;2021-03-16;1024;342;35747;16020;9.9;4.5
88;2021-03-17;901;422;36648;16442;10.2;4.6
88;2021-03-18;1302;396;37950;16838;10.6;4.7
88;2021-03-19;1463;498;39413;17336;11.0;4.8
88;2021-03-20;1316;46;40729;17382;11.3;4.8
88;2021-03-21;37;0;40766;17382;11.3;4.8
88;2021-03-22;1230;541;41996;17923;11.7;5.0
88;2021-03-23;1781;437;43777;18360;12.2;5.1
88;2021-03-24;1872;474;45649;18834;12.7;5.2
88;2021-03-25;2497;484;48146;19318;13.4;5.4
88;2021-03-26;2477;452;50623;19770;14.1;5.5
88;2021-03-27;880;292;51503;20062;14.3;5.6
88;2021-03-28;60;4;51563;20066;14.3;5.6
88;2021-03-29;1304;441;52867;20507;14.7;5.7
88;2021-03-30;2061;391;54928;20898;15.3;5.8
88;2021-03-31;1616;572;56544;21470;15.7;6.0
88;2021-04-01;2116;708;58660;22178;16.3;6.2
88;2021-04-02;2813;631;61473;22809;17.1;6.3
88;2021-04-03;741;207;62214;23016;17.3;6.4
88;2021-04-04;16;1;62230;23017;17.3;6.4
88;2021-04-05;23;2;62253;23019;17.3;6.4
88;2021-04-06;1135;675;63388;23694;17.6;6.6
88;2021-04-07;1600;711;64988;24405;18.1;6.8
88;2021-04-08;1859;781;66847;25186;18.6;7.0
88;2021-04-09;3078;733;69925;25919;19.4;7.2
88;2021-04-10;724;646;70649;26565;19.7;7.4
88;2021-04-11;33;1;70682;26566;19.7;7.4
88;2021-04-12;1537;980;72219;27546;20.1;7.7
88;2021-04-13;2037;1091;74256;28637;20.7;8.0
88;2021-04-14;1908;949;76164;29586;21.2;8.2
88;2021-04-15;1967;1241;78131;30827;21.7;8.6
88;2021-04-16;2108;1048;80239;31875;22.3;8.9
88;2021-04-17;1429;766;81668;32641;22.7;9.1
88;2021-04-18;268;22;81936;32663;22.8;9.1
88;2021-04-19;1174;1237;83110;33900;23.1;9.4
88;2021-04-20;1191;1394;84301;35294;23.4;9.8
88;2021-04-21;1504;1297;85805;36591;23.9;10.2
88;2021-04-22;1898;1626;87703;38217;24.4;10.6
88;2021-04-23;1823;2038;89526;40255;24.9;11.2
88;2021-04-24;1184;778;90710;41033;25.2;11.4
88;2021-04-25;33;2;90743;41035;25.2;11.4
88;2021-04-26;1181;1171;91924;42206;25.6;11.7
88;2021-04-27;1278;1734;93202;43940;25.9;12.2
88;2021-04-28;1633;1493;94835;45433;26.4;12.6
88;2021-04-29;2082;1459;96917;46892;27.0;13.0
88;2021-04-30;2449;1621;99366;48513;27.6;13.5
88;2021-05-01;2004;266;101370;48779;28.2;13.6
88;2021-05-02;1300;121;102670;48900;28.6;13.6
88;2021-05-03;1559;1218;104229;50118;29.0;13.9
88;2021-05-04;1444;1462;105673;51580;29.4;14.3
88;2021-05-05;2426;1593;108099;53173;30.1;14.8
88;2021-05-06;3208;1210;111307;54383;31.0;15.1
88;2021-05-07;2938;1355;114245;55738;31.8;15.5
88;2021-05-08;1531;462;115776;56200;32.2;15.6
88;2021-05-09;1733;151;117509;56351;32.7;15.7
88;2021-05-10;1764;1572;119273;57923;33.2;16.1
88;2021-05-11;2658;1907;121931;59830;33.9;16.6
88;2021-05-12;2531;1850;124462;61680;34.6;17.2
88;2021-05-13;3258;671;127720;62351;35.5;17.3
88;2021-05-14;2499;1535;130219;63886;36.2;17.8
88;2021-05-15;1625;734;131844;64620;36.7;18.0
88;2021-05-16;1333;102;133177;64722;37.0;18.0
88;2021-05-17;1987;940;135164;65662;37.6;18.3
88;2021-05-18;2255;1109;137419;66771;38.2;18.6
88;2021-05-19;2724;1142;140143;67913;39.0;18.9
88;2021-05-20;3344;1230;143487;69143;39.9;19.2
88;2021-05-21;2872;1143;146359;70286;40.7;19.5
88;2021-05-22;1432;707;147791;70993;41.1;19.7
88;2021-05-23;557;73;148348;71066;41.3;19.8
88;2021-05-24;1673;428;150021;71494;41.7;19.9
88;2021-05-25;1646;1172;151667;72666;42.2;20.2
88;2021-05-26;2369;1134;154036;73800;42.8;20.5
88;2021-05-27;2200;1360;156236;75160;43.5;20.9
88;2021-05-28;1892;1987;158128;77147;44.0;21.5
88;2021-05-29;1232;1753;159360;78900;44.3;21.9
88;2021-05-30;588;417;159948;79317;44.5;22.1
88;2021-05-31;1326;1851;161274;81168;44.9;22.6
88;2021-06-01;1718;1988;162992;83156;45.3;23.1
88;2021-06-02;2076;1865;165068;85021;45.9;23.6
88;2021-06-03;2736;1614;167804;86635;46.7;24.1
88;2021-06-04;2041;1936;169845;88571;47.2;24.6
88;2021-06-05;1529;1139;171374;89710;47.7;25.0
88;2021-06-06;691;155;172065;89865;47.9;25.0
88;2021-06-07;1290;1701;173355;91566;48.2;25.5
88;2021-06-08;1662;1930;175017;93496;48.7;26.0
88;2021-06-09;1617;1905;176634;95401;49.1;26.5
88;2021-06-10;1778;2045;178412;97446;49.6;27.1
88;2021-06-11;1547;2214;179959;99660;50.1;27.7
88;2021-06-12;668;1654;180627;101314;50.2;28.2
88;2021-06-13;464;377;181091;101691;50.4;28.3
88;2021-06-14;1029;2243;182120;103934;50.7;28.9
88;2021-06-15;1928;2449;184048;106383;51.2;29.6
88;2021-06-16;1483;2868;185531;109251;51.6;30.4
88;2021-06-17;1598;2729;187129;111980;52.0;31.1
88;2021-06-18;1358;2455;188487;114435;52.4;31.8
88;2021-06-19;701;1090;189188;115525;52.6;32.1
88;2021-06-20;77;79;189265;115604;52.6;32.2
88;2021-06-21;672;2579;189937;118183;52.8;32.9
88;2021-06-22;868;3431;190805;121614;53.1;33.8
88;2021-06-23;1141;2879;191946;124493;53.4;34.6
88;2021-06-24;702;2604;192648;127097;53.6;35.4
88;2021-06-25;1435;3180;194083;130277;54.0;36.2
88;2021-06-26;904;2073;194987;132350;54.2;36.8
88;2021-06-27;543;633;195530;132983;54.4;37.0
88;2021-06-28;756;2504;196286;135487;54.6;37.7
88;2021-06-29;956;3355;197242;138842;54.9;38.6
88;2021-06-30;1132;3111;198374;141953;55.2;39.5
88;2021-07-01;1056;2686;199430;144639;55.5;40.2
88;2021-07-02;986;3143;200416;147782;55.7;41.1
88;2021-07-03;691;1699;201107;149481;55.9;41.6
88;2021-07-04;257;817;201364;150298;56.0;41.8
88;2021-07-05;991;2022;202355;152320;56.3;42.4
88;2021-07-06;1019;2417;203374;154737;56.6;43.0
88;2021-07-07;1179;2585;204553;157322;56.9;43.8
88;2021-07-08;1074;2065;205627;159387;57.2;44.3
88;2021-07-09;1582;2700;207209;162087;57.6;45.1
88;2021-07-10;706;1818;207915;163905;57.8;45.6
88;2021-07-11;467;695;208382;164600;58.0;45.8
88;2021-07-12;1046;2516;209428;167116;58.3;46.5
88;2021-07-13;1307;2659;210735;169775;58.6;47.2
88;2021-07-14;1185;797;211920;170572;58.9;47.4
88;2021-07-15;1731;3315;213651;173887;59.4;48.4
88;2021-07-16;1467;2961;215118;176848;59.8;49.2
88;2021-07-17;798;1589;215916;178437;60.1;49.6
88;2021-07-18;180;680;216096;179117;60.1;49.8
88;2021-07-19;1556;2233;217652;181350;60.5;50.4
88;2021-07-20;2135;2392;219787;183742;61.1;51.1
88;2021-07-21;1928;2226;221715;185968;61.7;51.7
88;2021-07-22;1692;2104;223407;188072;62.1;52.3
88;2021-07-23;2494;2779;225901;190851;62.8;53.1
88;2021-07-24;1053;1182;226954;192033;63.1;53.4
88;2021-07-25;431;607;227385;192640;63.2;53.6
88;2021-07-26;1705;2062;229090;194702;63.7;54.2
88;2021-07-27;2338;2050;231428;196752;64.4;54.7
88;2021-07-28;2199;2240;233627;198992;65.0;55.3
88;2021-07-29;3007;1622;236634;200614;65.8;55.8
88;2021-07-30;2263;2273;238897;202887;66.4;56.4
88;2021-07-31;1054;1026;239951;203913;66.7;56.7
88;2021-08-01;439;458;240390;204371;66.9;56.8
88;2021-08-02;2337;1743;242727;206114;67.5;57.3
89;2020-12-27;0;0;0;0;0.0;0.0
89;2020-12-28;0;0;0;0;0.0;0.0
89;2020-12-29;0;0;0;0;0.0;0.0
89;2020-12-30;0;0;0;0;0.0;0.0
89;2020-12-31;0;0;0;0;0.0;0.0
89;2021-01-01;0;0;0;0;0.0;0.0
89;2021-01-02;0;0;0;0;0.0;0.0
89;2021-01-03;0;0;0;0;0.0;0.0
89;2021-01-04;0;0;0;0;0.0;0.0
89;2021-01-05;0;0;0;0;0.0;0.0
89;2021-01-06;48;0;48;0;0.0;0.0
89;2021-01-07;201;0;249;0;0.1;0.0
89;2021-01-08;48;0;297;0;0.1;0.0
89;2021-01-09;1;0;298;0;0.1;0.0
89;2021-01-10;0;0;298;0;0.1;0.0
89;2021-01-11;220;0;518;0;0.2;0.0
89;2021-01-12;349;0;867;0;0.3;0.0
89;2021-01-13;533;1;1400;1;0.4;0.0
89;2021-01-14;707;7;2107;8;0.6;0.0
89;2021-01-15;275;2;2382;10;0.7;0.0
89;2021-01-16;90;3;2472;13;0.7;0.0
89;2021-01-17;0;0;2472;13;0.7;0.0
89;2021-01-18;503;0;2975;13;0.9;0.0
89;2021-01-19;839;3;3814;16;1.1;0.0
89;2021-01-20;760;1;4574;17;1.4;0.0
89;2021-01-21;939;4;5513;21;1.7;0.0
89;2021-01-22;1016;1;6529;22;2.0;0.0
89;2021-01-23;200;0;6729;22;2.0;0.0
89;2021-01-24;106;0;6835;22;2.1;0.0
89;2021-01-25;482;4;7317;26;2.2;0.0
89;2021-01-26;581;13;7898;39;2.4;0.0
89;2021-01-27;472;38;8370;77;2.5;0.0
89;2021-01-28;550;127;8920;204;2.7;0.1
89;2021-01-29;957;43;9877;247;3.0;0.1
89;2021-01-30;184;67;10061;314;3.0;0.1
89;2021-01-31;24;2;10085;316;3.0;0.1
89;2021-02-01;255;153;10340;469;3.1;0.1
89;2021-02-02;282;339;10622;808;3.2;0.2
89;2021-02-03;290;345;10912;1153;3.3;0.3
89;2021-02-04;433;595;11345;1748;3.4;0.5
89;2021-02-05;387;201;11732;1949;3.5;0.6
89;2021-02-06;77;67;11809;2016;3.6;0.6
89;2021-02-07;0;0;11809;2016;3.6;0.6
89;2021-02-08;288;189;12097;2205;3.6;0.7
89;2021-02-09;285;443;12382;2648;3.7;0.8
89;2021-02-10;396;313;12778;2961;3.8;0.9
89;2021-02-11;332;563;13110;3524;3.9;1.1
89;2021-02-12;427;597;13537;4121;4.1;1.2
89;2021-02-13;52;143;13589;4264;4.1;1.3
89;2021-02-14;20;116;13609;4380;4.1;1.3
89;2021-02-15;216;414;13825;4794;4.2;1.4
89;2021-02-16;134;537;13959;5331;4.2;1.6
89;2021-02-17;262;438;14221;5769;4.3;1.7
89;2021-02-18;225;558;14446;6327;4.3;1.9
89;2021-02-19;243;654;14689;6981;4.4;2.1
89;2021-02-20;33;140;14722;7121;4.4;2.1
89;2021-02-21;0;10;14722;7131;4.4;2.1
89;2021-02-22;233;451;14955;7582;4.5;2.3
89;2021-02-23;171;471;15126;8053;4.6;2.4
89;2021-02-24;340;389;15466;8442;4.7;2.5
89;2021-02-25;369;466;15835;8908;4.8;2.7
89;2021-02-26;382;336;16217;9244;4.9;2.8
89;2021-02-27;137;81;16354;9325;4.9;2.8
89;2021-02-28;6;13;16360;9338;4.9;2.8
89;2021-03-01;541;237;16901;9575;5.1;2.9
89;2021-03-02;751;342;17652;9917;5.3;3.0
89;2021-03-03;648;276;18300;10193;5.5;3.1
89;2021-03-04;632;380;18932;10573;5.7;3.2
89;2021-03-05;728;503;19660;11076;5.9;3.3
89;2021-03-06;545;129;20205;11205;6.1;3.4
89;2021-03-07;287;40;20492;11245;6.2;3.4
89;2021-03-08;556;325;21048;11570;6.3;3.5
89;2021-03-09;997;269;22045;11839;6.6;3.6
89;2021-03-10;977;251;23022;12090;6.9;3.6
89;2021-03-11;1073;301;24095;12391;7.3;3.7
89;2021-03-12;1280;333;25375;12724;7.6;3.8
89;2021-03-13;635;42;26010;12766;7.8;3.8
89;2021-03-14;1;0;26011;12766;7.8;3.8
89;2021-03-15;813;306;26824;13072;8.1;3.9
89;2021-03-16;947;221;27771;13293;8.4;4.0
89;2021-03-17;917;265;28688;13558;8.6;4.1
89;2021-03-18;881;253;29569;13811;8.9;4.2
89;2021-03-19;1147;190;30716;14001;9.2;4.2
89;2021-03-20;844;25;31560;14026;9.5;4.2
89;2021-03-21;172;5;31732;14031;9.6;4.2
89;2021-03-22;1042;222;32774;14253;9.9;4.3
89;2021-03-23;1739;254;34513;14507;10.4;4.4
89;2021-03-24;1961;322;36474;14829;11.0;4.5
89;2021-03-25;1815;165;38289;14994;11.5;4.5
89;2021-03-26;2625;180;40914;15174;12.3;4.6
89;2021-03-27;1774;47;42688;15221;12.9;4.6
89;2021-03-28;32;3;42720;15224;12.9;4.6
89;2021-03-29;963;580;43683;15804;13.2;4.8
89;2021-03-30;1153;566;44836;16370;13.5;4.9
89;2021-03-31;2005;466;46841;16836;14.1;5.1
89;2021-04-01;2117;455;48958;17291;14.7;5.2
89;2021-04-02;2138;445;51096;17736;15.4;5.3
89;2021-04-03;1001;240;52097;17976;15.7;5.4
89;2021-04-04;16;1;52113;17977;15.7;5.4
89;2021-04-05;92;2;52205;17979;15.7;5.4
89;2021-04-06;1032;756;53237;18735;16.0;5.6
89;2021-04-07;1033;803;54270;19538;16.3;5.9
89;2021-04-08;1731;719;56001;20257;16.9;6.1
89;2021-04-09;2161;729;58162;20986;17.5;6.3
89;2021-04-10;890;179;59052;21165;17.8;6.4
89;2021-04-11;37;50;59089;21215;17.8;6.4
89;2021-04-12;1014;788;60103;22003;18.1;6.6
89;2021-04-13;1358;1077;61461;23080;18.5;6.9
89;2021-04-14;1210;1037;62671;24117;18.9;7.3
89;2021-04-15;1415;943;64086;25060;19.3;7.5
89;2021-04-16;1331;938;65417;25998;19.7;7.8
89;2021-04-17;1066;454;66483;26452;20.0;8.0
89;2021-04-18;27;154;66510;26606;20.0;8.0
89;2021-04-19;750;1029;67260;27635;20.3;8.3
89;2021-04-20;1019;1533;68279;29168;20.6;8.8
89;2021-04-21;816;1098;69095;30266;20.8;9.1
89;2021-04-22;1104;1165;70199;31431;21.1;9.5
89;2021-04-23;1822;1965;72021;33396;21.7;10.1
89;2021-04-24;1172;1177;73193;34573;22.0;10.4
89;2021-04-25;139;6;73332;34579;22.1;10.4
89;2021-04-26;1499;770;74831;35349;22.5;10.6
89;2021-04-27;1732;1055;76563;36404;23.1;11.0
89;2021-04-28;1589;1851;78152;38255;23.5;11.5
89;2021-04-29;1970;1913;80122;40168;24.1;12.1
89;2021-04-30;1806;1760;81928;41928;24.7;12.6
89;2021-05-01;846;722;82774;42650;24.9;12.8
89;2021-05-02;133;31;82907;42681;25.0;12.9
89;2021-05-03;1604;759;84511;43440;25.4;13.1
89;2021-05-04;1621;1128;86132;44568;25.9;13.4
89;2021-05-05;2320;1261;88452;45829;26.6;13.8
89;2021-05-06;2413;1376;90865;47205;27.4;14.2
89;2021-05-07;2723;1314;93588;48519;28.2;14.6
89;2021-05-08;1784;533;95372;49052;28.7;14.8
89;2021-05-09;196;18;95568;49070;28.8;14.8
89;2021-05-10;1199;940;96767;50010;29.1;15.1
89;2021-05-11;2485;1443;99252;51453;29.9;15.5
89;2021-05-12;2061;1216;101313;52669;30.5;15.9
89;2021-05-13;414;333;101727;53002;30.6;16.0
89;2021-05-14;1878;1090;103605;54092;31.2;16.3
89;2021-05-15;2246;393;105851;54485;31.9;16.4
89;2021-05-16;10;35;105861;54520;31.9;16.4
89;2021-05-17;2089;635;107950;55155;32.5;16.6
89;2021-05-18;2323;825;110273;55980;33.2;16.9
89;2021-05-19;2860;878;113133;56858;34.1;17.1
89;2021-05-20;2927;884;116060;57742;34.9;17.4
89;2021-05-21;2481;876;118541;58618;35.7;17.7
89;2021-05-22;1427;570;119968;59188;36.1;17.8
89;2021-05-23;108;10;120076;59198;36.2;17.8
89;2021-05-24;286;223;120362;59421;36.2;17.9
89;2021-05-25;1557;983;121919;60404;36.7;18.2
89;2021-05-26;1816;1020;123735;61424;37.3;18.5
89;2021-05-27;2113;1353;125848;62777;37.9;18.9
89;2021-05-28;2143;1423;127991;64200;38.5;19.3
89;2021-05-29;540;658;128531;64858;38.7;19.5
89;2021-05-30;25;22;128556;64880;38.7;19.5
89;2021-05-31;1248;968;129804;65848;39.1;19.8
89;2021-06-01;1504;981;131308;66829;39.5;20.1
89;2021-06-02;1949;1277;133257;68106;40.1;20.5
89;2021-06-03;2425;1522;135682;69628;40.9;21.0
89;2021-06-04;2140;1883;137822;71511;41.5;21.5
89;2021-06-05;1183;1224;139005;72735;41.9;21.9
89;2021-06-06;22;37;139027;72772;41.9;21.9
89;2021-06-07;2109;1446;141136;74218;42.5;22.3
89;2021-06-08;2196;1453;143332;75671;43.2;22.8
89;2021-06-09;2319;1506;145651;77177;43.9;23.2
89;2021-06-10;2789;1600;148440;78777;44.7;23.7
89;2021-06-11;1944;1746;150384;80523;45.3;24.2
89;2021-06-12;1103;757;151487;81280;45.6;24.5
89;2021-06-13;155;424;151642;81704;45.7;24.6
89;2021-06-14;1310;1822;152952;83526;46.1;25.2
89;2021-06-15;1401;2012;154353;85538;46.5;25.8
89;2021-06-16;1137;2582;155490;88120;46.8;26.5
89;2021-06-17;1428;2337;156918;90457;47.3;27.2
89;2021-06-18;1622;2874;158540;93331;47.7;28.1
89;2021-06-19;686;1663;159226;94994;47.9;28.6
89;2021-06-20;53;127;159279;95121;48.0;28.6
89;2021-06-21;759;1526;160038;96647;48.2;29.1
89;2021-06-22;1049;2680;161087;99327;48.5;29.9
89;2021-06-23;1153;1796;162240;101123;48.9;30.4
89;2021-06-24;1077;1497;163317;102620;49.2;30.9
89;2021-06-25;1004;2428;164321;105048;49.5;31.6
89;2021-06-26;560;2484;164881;107532;49.6;32.4
89;2021-06-27;12;28;164893;107560;49.7;32.4
89;2021-06-28;1025;2493;165918;110053;50.0;33.1
89;2021-06-29;684;2404;166602;112457;50.2;33.9
89;2021-06-30;1077;3178;167679;115635;50.5;34.8
89;2021-07-01;1020;2985;168699;118620;50.8;35.7
89;2021-07-02;1102;2751;169801;121371;51.1;36.5
89;2021-07-03;553;1572;170354;122943;51.3;37.0
89;2021-07-04;11;36;170365;122979;51.3;37.0
89;2021-07-05;1291;1837;171656;124816;51.7;37.6
89;2021-07-06;1048;2309;172704;127125;52.0;38.3
89;2021-07-07;664;1788;173368;128913;52.2;38.8
89;2021-07-08;789;1877;174157;130790;52.4;39.4
89;2021-07-09;1129;2606;175286;133396;52.8;40.2
89;2021-07-10;715;817;176001;134213;53.0;40.4
89;2021-07-11;25;39;176026;134252;53.0;40.4
89;2021-07-12;1422;1901;177448;136153;53.4;41.0
89;2021-07-13;2122;2743;179570;138896;54.1;41.8
89;2021-07-14;312;324;179882;139220;54.2;41.9
89;2021-07-15;2226;3226;182108;142446;54.8;42.9
89;2021-07-16;2381;2855;184489;145301;55.6;43.8
89;2021-07-17;1228;1226;185717;146527;55.9;44.1
89;2021-07-18;276;96;185993;146623;56.0;44.2
89;2021-07-19;1562;2813;187555;149436;56.5;45.0
89;2021-07-20;1911;3280;189466;152716;57.1;46.0
89;2021-07-21;2072;2719;191538;155435;57.7;46.8
89;2021-07-22;2457;2985;193995;158420;58.4;47.7
89;2021-07-23;2462;3097;196457;161517;59.2;48.6
89;2021-07-24;1228;1246;197685;162763;59.5;49.0
89;2021-07-25;67;184;197752;162947;59.5;49.1
89;2021-07-26;1709;2318;199461;165265;60.1;49.8
89;2021-07-27;2315;1899;201776;167164;60.8;50.3
89;2021-07-28;2509;1324;204285;168488;61.5;50.7
89;2021-07-29;2505;1606;206790;170094;62.3;51.2
89;2021-07-30;2647;1602;209437;171696;63.1;51.7
89;2021-07-31;1113;1072;210550;172768;63.4;52.0
89;2021-08-01;69;33;210619;172801;63.4;52.0
89;2021-08-02;1735;1269;212354;174070;63.9;52.4
90;2020-12-27;0;0;0;0;0.0;0.0
90;2020-12-28;0;0;0;0;0.0;0.0
90;2020-12-29;0;0;0;0;0.0;0.0
90;2020-12-30;1;0;1;0;0.0;0.0
90;2020-12-31;0;0;1;0;0.0;0.0
90;2021-01-01;0;0;1;0;0.0;0.0
90;2021-01-02;0;0;1;0;0.0;0.0
90;2021-01-03;0;0;1;0;0.0;0.0
90;2021-01-04;2;0;3;0;0.0;0.0
90;2021-01-05;0;0;3;0;0.0;0.0
90;2021-01-06;0;0;3;0;0.0;0.0
90;2021-01-07;1;0;4;0;0.0;0.0
90;2021-01-08;170;0;174;0;0.1;0.0
90;2021-01-09;46;0;220;0;0.2;0.0
90;2021-01-10;0;0;220;0;0.2;0.0
90;2021-01-11;200;0;420;0;0.3;0.0
90;2021-01-12;430;0;850;0;0.6;0.0
90;2021-01-13;468;2;1318;2;0.9;0.0
90;2021-01-14;414;1;1732;3;1.2;0.0
90;2021-01-15;405;9;2137;12;1.5;0.0
90;2021-01-16;111;2;2248;14;1.6;0.0
90;2021-01-17;1;0;2249;14;1.6;0.0
90;2021-01-18;363;2;2612;16;1.9;0.0
90;2021-01-19;461;5;3073;21;2.2;0.0
90;2021-01-20;391;2;3464;23;2.5;0.0
90;2021-01-21;349;1;3813;24;2.7;0.0
90;2021-01-22;346;2;4159;26;3.0;0.0
90;2021-01-23;98;0;4257;26;3.0;0.0
90;2021-01-24;0;0;4257;26;3.0;0.0
90;2021-01-25;322;3;4579;29;3.3;0.0
90;2021-01-26;224;0;4803;29;3.4;0.0
90;2021-01-27;254;0;5057;29;3.6;0.0
90;2021-01-28;328;33;5385;62;3.8;0.0
90;2021-01-29;291;163;5676;225;4.1;0.2
90;2021-01-30;176;45;5852;270;4.2;0.2
90;2021-01-31;118;0;5970;270;4.3;0.2
90;2021-02-01;275;112;6245;382;4.5;0.3
90;2021-02-02;290;163;6535;545;4.7;0.4
90;2021-02-03;255;368;6790;913;4.8;0.7
90;2021-02-04;256;302;7046;1215;5.0;0.9
90;2021-02-05;266;271;7312;1486;5.2;1.1
90;2021-02-06;89;68;7401;1554;5.3;1.1
90;2021-02-07;0;0;7401;1554;5.3;1.1
90;2021-02-08;170;218;7571;1772;5.4;1.3
90;2021-02-09;139;166;7710;1938;5.5;1.4
90;2021-02-10;182;29;7892;1967;5.6;1.4
90;2021-02-11;228;109;8120;2076;5.8;1.5
90;2021-02-12;127;240;8247;2316;5.9;1.7
90;2021-02-13;95;45;8342;2361;6.0;1.7
90;2021-02-14;0;0;8342;2361;6.0;1.7
90;2021-02-15;113;280;8455;2641;6.0;1.9
90;2021-02-16;92;277;8547;2918;6.1;2.1
90;2021-02-17;178;205;8725;3123;6.2;2.2
90;2021-02-18;130;242;8855;3365;6.3;2.4
90;2021-02-19;64;272;8919;3637;6.4;2.6
90;2021-02-20;40;72;8959;3709;6.4;2.6
90;2021-02-21;0;0;8959;3709;6.4;2.6
90;2021-02-22;77;333;9036;4042;6.4;2.9
90;2021-02-23;40;259;9076;4301;6.5;3.1
90;2021-02-24;109;289;9185;4590;6.6;3.3
90;2021-02-25;89;313;9274;4903;6.6;3.5
90;2021-02-26;89;396;9363;5299;6.7;3.8
90;2021-02-27;140;178;9503;5477;6.8;3.9
90;2021-02-28;8;113;9511;5590;6.8;4.0
90;2021-03-01;212;233;9723;5823;6.9;4.2
90;2021-03-02;178;285;9901;6108;7.1;4.4
90;2021-03-03;239;354;10140;6462;7.2;4.6
90;2021-03-04;259;274;10399;6736;7.4;4.8
90;2021-03-05;358;269;10757;7005;7.7;5.0
90;2021-03-06;291;103;11048;7108;7.9;5.1
90;2021-03-07;18;1;11066;7109;7.9;5.1
90;2021-03-08;246;245;11312;7354;8.1;5.2
90;2021-03-09;427;162;11739;7516;8.4;5.4
90;2021-03-10;348;196;12087;7712;8.6;5.5
90;2021-03-11;348;118;12435;7830;8.9;5.6
90;2021-03-12;519;128;12954;7958;9.2;5.7
90;2021-03-13;539;47;13493;8005;9.6;5.7
90;2021-03-14;20;0;13513;8005;9.6;5.7
90;2021-03-15;386;116;13899;8121;9.9;5.8
90;2021-03-16;401;98;14300;8219;10.2;5.9
90;2021-03-17;323;73;14623;8292;10.4;5.9
90;2021-03-18;348;77;14971;8369;10.7;6.0
90;2021-03-19;468;77;15439;8446;11.0;6.0
90;2021-03-20;426;48;15865;8494;11.3;6.1
90;2021-03-21;7;2;15872;8496;11.3;6.1
90;2021-03-22;399;29;16271;8525;11.6;6.1
90;2021-03-23;735;72;17006;8597;12.1;6.1
90;2021-03-24;816;45;17822;8642;12.7;6.2
90;2021-03-25;945;69;18767;8711;13.4;6.2
90;2021-03-26;1226;57;19993;8768;14.3;6.3
90;2021-03-27;437;31;20430;8799;14.6;6.3
90;2021-03-28;34;0;20464;8799;14.6;6.3
90;2021-03-29;712;140;21176;8939;15.1;6.4
90;2021-03-30;674;152;21850;9091;15.6;6.5
90;2021-03-31;728;81;22578;9172;16.1;6.5
90;2021-04-01;601;117;23179;9289;16.5;6.6
90;2021-04-02;657;92;23836;9381;17.0;6.7
90;2021-04-03;370;39;24206;9420;17.3;6.7
90;2021-04-04;1;0;24207;9420;17.3;6.7
90;2021-04-05;0;0;24207;9420;17.3;6.7
90;2021-04-06;528;248;24735;9668;17.6;6.9
90;2021-04-07;484;261;25219;9929;18.0;7.1
90;2021-04-08;509;244;25728;10173;18.4;7.3
90;2021-04-09;749;264;26477;10437;18.9;7.4
90;2021-04-10;222;8;26699;10445;19.1;7.5
90;2021-04-11;7;0;26706;10445;19.1;7.5
90;2021-04-12;551;479;27257;10924;19.4;7.8
90;2021-04-13;631;529;27888;11453;19.9;8.2
90;2021-04-14;527;349;28415;11802;20.3;8.4
90;2021-04-15;905;280;29320;12082;20.9;8.6
90;2021-04-16;370;403;29690;12485;21.2;8.9
90;2021-04-17;189;127;29879;12612;21.3;9.0
90;2021-04-18;21;0;29900;12612;21.3;9.0
90;2021-04-19;435;569;30335;13181;21.6;9.4
90;2021-04-20;493;620;30828;13801;22.0;9.8
90;2021-04-21;353;495;31181;14296;22.2;10.2
90;2021-04-22;568;601;31749;14897;22.7;10.6
90;2021-04-23;504;744;32253;15641;23.0;11.2
90;2021-04-24;305;203;32558;15844;23.2;11.3
90;2021-04-25;1;0;32559;15844;23.2;11.3
90;2021-04-26;508;751;33067;16595;23.6;11.8
90;2021-04-27;641;679;33708;17274;24.1;12.3
90;2021-04-28;765;445;34473;17719;24.6;12.6
90;2021-04-29;1003;448;35476;18167;25.3;13.0
90;2021-04-30;1121;457;36597;18624;26.1;13.3
90;2021-05-01;60;42;36657;18666;26.2;13.3
90;2021-05-02;4;0;36661;18666;26.2;13.3
90;2021-05-03;903;286;37564;18952;26.8;13.5
90;2021-05-04;786;638;38350;19590;27.4;14.0
90;2021-05-05;893;506;39243;20096;28.0;14.3
90;2021-05-06;853;627;40096;20723;28.6;14.8
90;2021-05-07;440;510;40536;21233;28.9;15.2
90;2021-05-08;26;26;40562;21259;28.9;15.2
90;2021-05-09;5;33;40567;21292;28.9;15.2
90;2021-05-10;505;584;41072;21876;29.3;15.6
90;2021-05-11;778;633;41850;22509;29.9;16.1
90;2021-05-12;530;596;42380;23105;30.2;16.5
90;2021-05-13;1112;264;43492;23369;31.0;16.7
90;2021-05-14;866;402;44358;23771;31.7;17.0
90;2021-05-15;14;125;44372;23896;31.7;17.1
90;2021-05-16;2;7;44374;23903;31.7;17.1
90;2021-05-17;793;289;45167;24192;32.2;17.3
90;2021-05-18;1023;470;46190;24662;33.0;17.6
90;2021-05-19;1264;383;47454;25045;33.9;17.9
90;2021-05-20;1200;266;48654;25311;34.7;18.1
90;2021-05-21;1264;430;49918;25741;35.6;18.4
90;2021-05-22;9;131;49927;25872;35.6;18.5
90;2021-05-23;1;0;49928;25872;35.6;18.5
90;2021-05-24;368;266;50296;26138;35.9;18.7
90;2021-05-25;637;792;50933;26930;36.3;19.2
90;2021-05-26;631;568;51564;27498;36.8;19.6
90;2021-05-27;963;381;52527;27879;37.5;19.9
90;2021-05-28;668;826;53195;28705;38.0;20.5
90;2021-05-29;93;296;53288;29001;38.0;20.7
90;2021-05-30;4;1;53292;29002;38.0;20.7
90;2021-05-31;809;714;54101;29716;38.6;21.2
90;2021-06-01;968;740;55069;30456;39.3;21.7
90;2021-06-02;760;675;55829;31131;39.8;22.2
90;2021-06-03;757;743;56586;31874;40.4;22.7
90;2021-06-04;833;973;57419;32847;41.0;23.4
90;2021-06-05;53;425;57472;33272;41.0;23.7
90;2021-06-06;1;16;57473;33288;41.0;23.8
90;2021-06-07;1265;1081;58738;34369;41.9;24.5
90;2021-06-08;1481;935;60219;35304;43.0;25.2
90;2021-06-09;964;658;61183;35962;43.7;25.7
90;2021-06-10;624;496;61807;36458;44.1;26.0
90;2021-06-11;787;1127;62594;37585;44.7;26.8
90;2021-06-12;806;298;63400;37883;45.2;27.0
90;2021-06-13;10;12;63410;37895;45.2;27.0
90;2021-06-14;260;973;63670;38868;45.4;27.7
90;2021-06-15;565;879;64235;39747;45.8;28.4
90;2021-06-16;505;547;64740;40294;46.2;28.8
90;2021-06-17;438;637;65178;40931;46.5;29.2
90;2021-06-18;609;994;65787;41925;46.9;29.9
90;2021-06-19;449;169;66236;42094;47.3;30.0
90;2021-06-20;0;28;66236;42122;47.3;30.1
90;2021-06-21;254;1178;66490;43300;47.4;30.9
90;2021-06-22;383;948;66873;44248;47.7;31.6
90;2021-06-23;413;633;67286;44881;48.0;32.0
90;2021-06-24;317;602;67603;45483;48.2;32.5
90;2021-06-25;425;1271;68028;46754;48.5;33.4
90;2021-06-26;420;561;68448;47315;48.8;33.8
90;2021-06-27;2;6;68450;47321;48.8;33.8
90;2021-06-28;374;1297;68824;48618;49.1;34.7
90;2021-06-29;303;1304;69127;49922;49.3;35.6
90;2021-06-30;479;1228;69606;51150;49.7;36.5
90;2021-07-01;341;919;69947;52069;49.9;37.2
90;2021-07-02;503;1206;70450;53275;50.3;38.0
90;2021-07-03;42;129;70492;53404;50.3;38.1
90;2021-07-04;0;21;70492;53425;50.3;38.1
90;2021-07-05;394;1017;70886;54442;50.6;38.8
90;2021-07-06;507;970;71393;55412;50.9;39.5
90;2021-07-07;370;996;71763;56408;51.2;40.2
90;2021-07-08;301;608;72064;57016;51.4;40.7
90;2021-07-09;433;950;72497;57966;51.7;41.4
90;2021-07-10;27;90;72524;58056;51.7;41.4
90;2021-07-11;5;17;72529;58073;51.8;41.4
90;2021-07-12;238;1076;72767;59149;51.9;42.2
90;2021-07-13;474;1159;73241;60308;52.3;43.0
90;2021-07-14;0;8;73241;60316;52.3;43.0
90;2021-07-15;783;1445;74024;61761;52.8;44.1
90;2021-07-16;814;1685;74838;63446;53.4;45.3
90;2021-07-17;480;955;75318;64401;53.7;46.0
90;2021-07-18;4;2;75322;64403;53.7;46.0
90;2021-07-19;1178;1458;76500;65861;54.6;47.0
90;2021-07-20;1334;1132;77834;66993;55.5;47.8
90;2021-07-21;1388;977;79222;67970;56.5;48.5
90;2021-07-22;1110;692;80332;68662;57.3;49.0
90;2021-07-23;960;1022;81292;69684;58.0;49.7
90;2021-07-24;116;64;81408;69748;58.1;49.8
90;2021-07-25;2;1;81410;69749;58.1;49.8
90;2021-07-26;1068;802;82478;70551;58.9;50.3
90;2021-07-27;1073;740;83551;71291;59.6;50.9
90;2021-07-28;808;708;84359;71999;60.2;51.4
90;2021-07-29;832;435;85191;72434;60.8;51.7
90;2021-07-30;776;491;85967;72925;61.3;52.0
90;2021-07-31;479;313;86446;73238;61.7;52.3
90;2021-08-01;0;3;86446;73241;61.7;52.3
90;2021-08-02;832;506;87278;73747;62.3;52.6
91;2020-12-27;0;0;0;0;0.0;0.0
91;2020-12-28;0;0;0;0;0.0;0.0
91;2020-12-29;1;0;1;0;0.0;0.0
91;2020-12-30;1;0;2;0;0.0;0.0
91;2020-12-31;0;0;2;0;0.0;0.0
91;2021-01-01;5;0;7;0;0.0;0.0
91;2021-01-02;0;0;7;0;0.0;0.0
91;2021-01-03;0;0;7;0;0.0;0.0
91;2021-01-04;1;0;8;0;0.0;0.0
91;2021-01-05;71;0;79;0;0.0;0.0
91;2021-01-06;188;2;267;2;0.0;0.0
91;2021-01-07;523;6;790;8;0.1;0.0
91;2021-01-08;393;0;1183;8;0.1;0.0
91;2021-01-09;89;3;1272;11;0.1;0.0
91;2021-01-10;0;0;1272;11;0.1;0.0
91;2021-01-11;595;3;1867;14;0.1;0.0
91;2021-01-12;899;8;2766;22;0.2;0.0
91;2021-01-13;702;6;3468;28;0.3;0.0
91;2021-01-14;721;10;4189;38;0.3;0.0
91;2021-01-15;567;3;4756;41;0.4;0.0
91;2021-01-16;316;8;5072;49;0.4;0.0
91;2021-01-17;116;1;5188;50;0.4;0.0
91;2021-01-18;991;4;6179;54;0.5;0.0
91;2021-01-19;1861;12;8040;66;0.6;0.0
91;2021-01-20;2368;18;10408;84;0.8;0.0
91;2021-01-21;2093;14;12501;98;0.9;0.0
91;2021-01-22;1821;8;14322;106;1.1;0.0
91;2021-01-23;413;1;14735;107;1.1;0.0
91;2021-01-24;53;0;14788;107;1.1;0.0
91;2021-01-25;1047;3;15835;110;1.2;0.0
91;2021-01-26;1572;40;17407;150;1.3;0.0
91;2021-01-27;2412;96;19819;246;1.5;0.0
91;2021-01-28;1971;223;21790;469;1.7;0.0
91;2021-01-29;1748;63;23538;532;1.8;0.0
91;2021-01-30;422;7;23960;539;1.8;0.0
91;2021-01-31;54;0;24014;539;1.8;0.0
91;2021-02-01;959;219;24973;758;1.9;0.1
91;2021-02-02;858;365;25831;1123;2.0;0.1
91;2021-02-03;936;571;26767;1694;2.0;0.1
91;2021-02-04;883;282;27650;1976;2.1;0.1
91;2021-02-05;1034;357;28684;2333;2.2;0.2
91;2021-02-06;336;91;29020;2424;2.2;0.2
91;2021-02-07;13;0;29033;2424;2.2;0.2
91;2021-02-08;902;605;29935;3029;2.3;0.2
91;2021-02-09;961;862;30896;3891;2.3;0.3
91;2021-02-10;1066;991;31962;4882;2.4;0.4
91;2021-02-11;1120;997;33082;5879;2.5;0.4
91;2021-02-12;1056;835;34138;6714;2.6;0.5
91;2021-02-13;331;359;34469;7073;2.6;0.5
91;2021-02-14;18;112;34487;7185;2.6;0.5
91;2021-02-15;367;1266;34854;8451;2.6;0.6
91;2021-02-16;548;1762;35402;10213;2.7;0.8
91;2021-02-17;810;2679;36212;12892;2.7;1.0
91;2021-02-18;938;2013;37150;14905;2.8;1.1
91;2021-02-19;865;1387;38015;16292;2.9;1.2
91;2021-02-20;165;362;38180;16654;2.9;1.3
91;2021-02-21;13;50;38193;16704;2.9;1.3
91;2021-02-22;335;1207;38528;17911;2.9;1.4
91;2021-02-23;397;1077;38925;18988;3.0;1.4
91;2021-02-24;473;1059;39398;20047;3.0;1.5
91;2021-02-25;731;1020;40129;21067;3.0;1.6
91;2021-02-26;1095;1058;41224;22125;3.1;1.7
91;2021-02-27;610;327;41834;22452;3.2;1.7
91;2021-02-28;65;66;41899;22518;3.2;1.7
91;2021-03-01;931;1069;42830;23587;3.2;1.8
91;2021-03-02;1257;1094;44087;24681;3.3;1.9
91;2021-03-03;1466;1279;45553;25960;3.5;2.0
91;2021-03-04;2417;1112;47970;27072;3.6;2.1
91;2021-03-05;3348;1163;51318;28235;3.9;2.1
91;2021-03-06;4902;450;56220;28685;4.3;2.2
91;2021-03-07;3209;108;59429;28793;4.5;2.2
91;2021-03-08;1473;1064;60902;29857;4.6;2.3
91;2021-03-09;2622;989;63524;30846;4.8;2.3
91;2021-03-10;2616;1022;66140;31868;5.0;2.4
91;2021-03-11;3782;1114;69922;32982;5.3;2.5
91;2021-03-12;4780;1034;74702;34016;5.7;2.6
91;2021-03-13;5253;320;79955;34336;6.1;2.6
91;2021-03-14;302;25;80257;34361;6.1;2.6
91;2021-03-15;2977;434;83234;34795;6.3;2.6
91;2021-03-16;2603;378;85837;35173;6.5;2.7
91;2021-03-17;2225;344;88062;35517;6.7;2.7
91;2021-03-18;2386;403;90448;35920;6.9;2.7
91;2021-03-19;4092;377;94540;36297;7.2;2.8
91;2021-03-20;3609;176;98149;36473;7.4;2.8
91;2021-03-21;138;30;98287;36503;7.4;2.8
91;2021-03-22;3148;602;101435;37105;7.7;2.8
91;2021-03-23;4135;696;105570;37801;8.0;2.9
91;2021-03-24;3935;492;109505;38293;8.3;2.9
91;2021-03-25;5051;520;114556;38813;8.7;2.9
91;2021-03-26;5546;539;120102;39352;9.1;3.0
91;2021-03-27;4988;329;125090;39681;9.5;3.0
91;2021-03-28;282;57;125372;39738;9.5;3.0
91;2021-03-29;3302;1035;128674;40773;9.8;3.1
91;2021-03-30;4423;1213;133097;41986;10.1;3.2
91;2021-03-31;3363;1335;136460;43321;10.3;3.3
91;2021-04-01;3736;1669;140196;44990;10.6;3.4
91;2021-04-02;3887;2310;144083;47300;10.9;3.6
91;2021-04-03;1870;2875;145953;50175;11.1;3.8
91;2021-04-04;648;1318;146601;51493;11.1;3.9
91;2021-04-05;562;130;147163;51623;11.2;3.9
91;2021-04-06;3401;1787;150564;53410;11.4;4.0
91;2021-04-07;3415;1932;153979;55342;11.7;4.2
91;2021-04-08;4655;2141;158634;57483;12.0;4.4
91;2021-04-09;5338;2142;163972;59625;12.4;4.5
91;2021-04-10;2728;2817;166700;62442;12.6;4.7
91;2021-04-11;191;141;166891;62583;12.6;4.7
91;2021-04-12;2853;2268;169744;64851;12.9;4.9
91;2021-04-13;3758;2643;173502;67494;13.2;5.1
91;2021-04-14;3706;2316;177208;69810;13.4;5.3
91;2021-04-15;4477;2504;181685;72314;13.8;5.5
91;2021-04-16;4551;2792;186236;75106;14.1;5.7
91;2021-04-17;2982;2077;189218;77183;14.3;5.8
91;2021-04-18;266;70;189484;77253;14.4;5.9
91;2021-04-19;2303;2728;191787;79981;14.5;6.1
91;2021-04-20;3179;2982;194966;82963;14.8;6.3
91;2021-04-21;2986;2896;197952;85859;15.0;6.5
91;2021-04-22;3158;3359;201110;89218;15.2;6.8
91;2021-04-23;3711;3351;204821;92569;15.5;7.0
91;2021-04-24;3480;3725;208301;96294;15.8;7.3
91;2021-04-25;2615;642;210916;96936;16.0;7.3
91;2021-04-26;3487;2798;214403;99734;16.3;7.6
91;2021-04-27;4485;2924;218888;102658;16.6;7.8
91;2021-04-28;4566;2702;223454;105360;16.9;8.0
91;2021-04-29;5742;3048;229196;108408;17.4;8.2
91;2021-04-30;5383;2845;234579;111253;17.8;8.4
91;2021-05-01;3512;519;238091;111772;18.0;8.5
91;2021-05-02;623;132;238714;111904;18.1;8.5
91;2021-05-03;5204;2286;243918;114190;18.5;8.7
91;2021-05-04;5588;3166;249506;117356;18.9;8.9
91;2021-05-05;4848;2864;254354;120220;19.3;9.1
91;2021-05-06;5243;3368;259597;123588;19.7;9.4
91;2021-05-07;6125;3740;265722;127328;20.1;9.7
91;2021-05-08;6514;959;272236;128287;20.6;9.7
91;2021-05-09;4804;559;277040;128846;21.0;9.8
91;2021-05-10;5894;3005;282934;131851;21.4;10.0
91;2021-05-11;6829;3827;289763;135678;22.0;10.3
91;2021-05-12;5883;3437;295646;139115;22.4;10.5
91;2021-05-13;4823;1079;300469;140194;22.8;10.6
91;2021-05-14;6546;2384;307015;142578;23.3;10.8
91;2021-05-15;7795;1918;314810;144496;23.9;11.0
91;2021-05-16;4582;369;319392;144865;24.2;11.0
91;2021-05-17;6953;1712;326345;146577;24.7;11.1
91;2021-05-18;8111;1736;334456;148313;25.3;11.2
91;2021-05-19;7098;1694;341554;150007;25.9;11.4
91;2021-05-20;8198;2142;349752;152149;26.5;11.5
91;2021-05-21;8138;2579;357890;154728;27.1;11.7
91;2021-05-22;7660;1542;365550;156270;27.7;11.8
91;2021-05-23;4800;522;370350;156792;28.1;11.9
91;2021-05-24;5014;600;375364;157392;28.4;11.9
91;2021-05-25;7626;2644;382990;160036;29.0;12.1
91;2021-05-26;6868;2939;389858;162975;29.5;12.4
91;2021-05-27;7967;3443;397825;166418;30.2;12.6
91;2021-05-28;7528;4313;405353;170731;30.7;12.9
91;2021-05-29;9297;3498;414650;174229;31.4;13.2
91;2021-05-30;5953;963;420603;175192;31.9;13.3
91;2021-05-31;6741;3698;427344;178890;32.4;13.6
91;2021-06-01;7782;4775;435126;183665;33.0;13.9
91;2021-06-02;7446;3955;442572;187620;33.5;14.2
91;2021-06-03;7858;4779;450430;192399;34.1;14.6
91;2021-06-04;7178;5719;457608;198118;34.7;15.0
91;2021-06-05;6382;5804;463990;203922;35.2;15.5
91;2021-06-06;4086;2506;468076;206428;35.5;15.6
91;2021-06-07;5880;5474;473956;211902;35.9;16.1
91;2021-06-08;7041;5793;480997;217695;36.5;16.5
91;2021-06-09;6465;5134;487462;222829;36.9;16.9
91;2021-06-10;7172;5771;494634;228600;37.5;17.3
91;2021-06-11;6540;7108;501174;235708;38.0;17.9
91;2021-06-12;6223;7358;507397;243066;38.5;18.4
91;2021-06-13;2851;2314;510248;245380;38.7;18.6
91;2021-06-14;4225;7196;514473;252576;39.0;19.1
91;2021-06-15;5566;7250;520039;259826;39.4;19.7
91;2021-06-16;5300;6441;525339;266267;39.8;20.2
91;2021-06-17;6236;7130;531575;273397;40.3;20.7
91;2021-06-18;4629;8729;536204;282126;40.6;21.4
91;2021-06-19;4181;7150;540385;289276;41.0;21.9
91;2021-06-20;1006;4211;541391;293487;41.0;22.2
91;2021-06-21;3225;7233;544616;300720;41.3;22.8
91;2021-06-22;4156;9222;548772;309942;41.6;23.5
91;2021-06-23;4306;7958;553078;317900;41.9;24.1
91;2021-06-24;4897;8476;557975;326376;42.3;24.7
91;2021-06-25;3465;9168;561440;335544;42.6;25.4
91;2021-06-26;2978;8035;564418;343579;42.8;26.0
91;2021-06-27;549;2999;564967;346578;42.8;26.3
91;2021-06-28;3117;8227;568084;354805;43.1;26.9
91;2021-06-29;3566;9632;571650;364437;43.3;27.6
91;2021-06-30;3940;8688;575590;373125;43.6;28.3
91;2021-07-01;4067;8862;579657;381987;43.9;29.0
91;2021-07-02;3747;9309;583404;391296;44.2;29.7
91;2021-07-03;2840;9785;586244;401081;44.4;30.4
91;2021-07-04;835;4721;587079;405802;44.5;30.8
91;2021-07-05;2644;7256;589723;413058;44.7;31.3
91;2021-07-06;3675;9420;593398;422478;45.0;32.0
91;2021-07-07;3775;8582;597173;431060;45.3;32.7
91;2021-07-08;4326;8983;601499;440043;45.6;33.4
91;2021-07-09;3926;9954;605425;449997;45.9;34.1
91;2021-07-10;3321;10224;608746;460221;46.1;34.9
91;2021-07-11;982;4795;609728;465016;46.2;35.2
91;2021-07-12;2784;8886;612512;473902;46.4;35.9
91;2021-07-13;4434;10375;616946;484277;46.8;36.7
91;2021-07-14;2266;3574;619212;487851;46.9;37.0
91;2021-07-15;4508;9813;623720;497664;47.3;37.7
91;2021-07-16;6240;9727;629960;507391;47.7;38.5
91;2021-07-17;5642;9041;635602;516432;48.2;39.1
91;2021-07-18;3381;3646;638983;520078;48.4;39.4
91;2021-07-19;3740;7526;642723;527604;48.7;40.0
91;2021-07-20;6032;9279;648755;536883;49.2;40.7
91;2021-07-21;6193;7700;654948;544583;49.6;41.3
91;2021-07-22;6415;8355;661363;552938;50.1;41.9
91;2021-07-23;6892;8245;668255;561183;50.6;42.5
91;2021-07-24;4933;6456;673188;567639;51.0;43.0
91;2021-07-25;3234;1358;676422;568997;51.3;43.1
91;2021-07-26;4889;6567;681311;575564;51.6;43.6
91;2021-07-27;7476;7016;688787;582580;52.2;44.2
91;2021-07-28;7206;5854;695993;588434;52.8;44.6
91;2021-07-29;7307;5857;703300;594291;53.3;45.0
91;2021-07-30;6864;5718;710164;600009;53.8;45.5
91;2021-07-31;4811;4742;714975;604751;54.2;45.8
91;2021-08-01;2589;1302;717564;606053;54.4;45.9
91;2021-08-02;4606;4168;722170;610221;54.7;46.2
92;2020-12-27;11;0;11;0;0.0;0.0
92;2020-12-28;8;0;19;0;0.0;0.0
92;2020-12-29;53;0;72;0;0.0;0.0
92;2020-12-30;25;0;97;0;0.0;0.0
92;2020-12-31;3;0;100;0;0.0;0.0
92;2021-01-01;14;0;114;0;0.0;0.0
92;2021-01-02;2;0;116;0;0.0;0.0
92;2021-01-03;5;0;121;0;0.0;0.0
92;2021-01-04;58;1;179;1;0.0;0.0
92;2021-01-05;221;1;400;2;0.0;0.0
92;2021-01-06;407;3;807;5;0.1;0.0
92;2021-01-07;655;5;1462;10;0.1;0.0
92;2021-01-08;834;4;2296;14;0.1;0.0
92;2021-01-09;118;1;2414;15;0.1;0.0
92;2021-01-10;37;0;2451;15;0.2;0.0
92;2021-01-11;835;5;3286;20;0.2;0.0
92;2021-01-12;1286;10;4572;30;0.3;0.0
92;2021-01-13;1228;15;5800;45;0.4;0.0
92;2021-01-14;1193;17;6993;62;0.4;0.0
92;2021-01-15;961;6;7954;68;0.5;0.0
92;2021-01-16;175;1;8129;69;0.5;0.0
92;2021-01-17;13;0;8142;69;0.5;0.0
92;2021-01-18;1531;23;9673;92;0.6;0.0
92;2021-01-19;1546;21;11219;113;0.7;0.0
92;2021-01-20;1801;14;13020;127;0.8;0.0
92;2021-01-21;3395;20;16415;147;1.0;0.0
92;2021-01-22;2600;43;19015;190;1.2;0.0
92;2021-01-23;132;0;19147;190;1.2;0.0
92;2021-01-24;15;0;19162;190;1.2;0.0
92;2021-01-25;834;14;19996;204;1.2;0.0
92;2021-01-26;1208;12;21204;216;1.3;0.0
92;2021-01-27;2205;94;23409;310;1.5;0.0
92;2021-01-28;4091;186;27500;496;1.7;0.0
92;2021-01-29;2705;265;30205;761;1.9;0.0
92;2021-01-30;322;13;30527;774;1.9;0.0
92;2021-01-31;17;2;30544;776;1.9;0.0
92;2021-02-01;853;324;31397;1100;1.9;0.1
92;2021-02-02;1044;356;32441;1456;2.0;0.1
92;2021-02-03;994;449;33435;1905;2.1;0.1
92;2021-02-04;1035;548;34470;2453;2.1;0.2
92;2021-02-05;1324;503;35794;2956;2.2;0.2
92;2021-02-06;109;17;35903;2973;2.2;0.2
92;2021-02-07;8;14;35911;2987;2.2;0.2
92;2021-02-08;565;735;36476;3722;2.3;0.2
92;2021-02-09;1056;1304;37532;5026;2.3;0.3
92;2021-02-10;1057;1307;38589;6333;2.4;0.4
92;2021-02-11;1487;1926;40076;8259;2.5;0.5
92;2021-02-12;1404;1480;41480;9739;2.6;0.6
92;2021-02-13;66;61;41546;9800;2.6;0.6
92;2021-02-14;14;0;41560;9800;2.6;0.6
92;2021-02-15;563;1667;42123;11467;2.6;0.7
92;2021-02-16;778;2064;42901;13531;2.7;0.8
92;2021-02-17;604;1758;43505;15289;2.7;0.9
92;2021-02-18;1561;3670;45066;18959;2.8;1.2
92;2021-02-19;1715;2654;46781;21613;2.9;1.3
92;2021-02-20;138;401;46919;22014;2.9;1.4
92;2021-02-21;26;53;46945;22067;2.9;1.4
92;2021-02-22;487;1224;47432;23291;2.9;1.4
92;2021-02-23;722;1365;48154;24656;3.0;1.5
92;2021-02-24;606;1302;48760;25958;3.0;1.6
92;2021-02-25;908;1818;49668;27776;3.1;1.7
92;2021-02-26;1444;1369;51112;29145;3.2;1.8
92;2021-02-27;493;189;51605;29334;3.2;1.8
92;2021-02-28;58;55;51663;29389;3.2;1.8
92;2021-03-01;1089;1045;52752;30434;3.3;1.9
92;2021-03-02;1959;1364;54711;31798;3.4;2.0
92;2021-03-03;2781;1095;57492;32893;3.6;2.0
92;2021-03-04;3579;1521;61071;34414;3.8;2.1
92;2021-03-05;4967;1716;66038;36130;4.1;2.2
92;2021-03-06;5708;321;71746;36451;4.4;2.3
92;2021-03-07;2894;232;74640;36683;4.6;2.3
92;2021-03-08;2405;818;77045;37501;4.8;2.3
92;2021-03-09;3428;1022;80473;38523;5.0;2.4
92;2021-03-10;3925;936;84398;39459;5.2;2.4
92;2021-03-11;5001;1380;89399;40839;5.5;2.5
92;2021-03-12;6754;1540;96153;42379;6.0;2.6
92;2021-03-13;5148;219;101301;42598;6.3;2.6
92;2021-03-14;1732;71;103033;42669;6.4;2.6
92;2021-03-15;3778;587;106811;43256;6.6;2.7
92;2021-03-16;3683;584;110494;43840;6.8;2.7
92;2021-03-17;3864;409;114358;44249;7.1;2.7
92;2021-03-18;4112;738;118470;44987;7.3;2.8
92;2021-03-19;5905;702;124375;45689;7.7;2.8
92;2021-03-20;2532;72;126907;45761;7.9;2.8
92;2021-03-21;140;30;127047;45791;7.9;2.8
92;2021-03-22;4110;477;131157;46268;8.1;2.9
92;2021-03-23;6087;868;137244;47136;8.5;2.9
92;2021-03-24;6364;637;143608;47773;8.9;3.0
92;2021-03-25;8425;626;152033;48399;9.4;3.0
92;2021-03-26;8346;890;160379;49289;9.9;3.1
92;2021-03-27;2825;265;163204;49554;10.1;3.1
92;2021-03-28;536;37;163740;49591;10.1;3.1
92;2021-03-29;4651;1052;168391;50643;10.4;3.1
92;2021-03-30;6379;1540;174770;52183;10.8;3.2
92;2021-03-31;5527;2248;180297;54431;11.2;3.4
92;2021-04-01;6250;3676;186547;58107;11.6;3.6
92;2021-04-02;5624;3411;192171;61518;11.9;3.8
92;2021-04-03;870;1417;193041;62935;12.0;3.9
92;2021-04-04;481;1062;193522;63997;12.0;4.0
92;2021-04-05;807;155;194329;64152;12.0;4.0
92;2021-04-06;3636;1955;197965;66107;12.3;4.1
92;2021-04-07;4986;2882;202951;68989;12.6;4.3
92;2021-04-08;5955;3171;208906;72160;12.9;4.5
92;2021-04-09;8025;3032;216931;75192;13.4;4.7
92;2021-04-10;2625;1291;219556;76483;13.6;4.7
92;2021-04-11;150;806;219706;77289;13.6;4.8
92;2021-04-12;3665;2519;223371;79808;13.8;4.9
92;2021-04-13;4374;4431;227745;84239;14.1;5.2
92;2021-04-14;4862;4037;232607;88276;14.4;5.5
92;2021-04-15;5291;3950;237898;92226;14.7;5.7
92;2021-04-16;5039;3852;242937;96078;15.1;6.0
92;2021-04-17;1794;1189;244731;97267;15.2;6.0
92;2021-04-18;340;94;245071;97361;15.2;6.0
92;2021-04-19;2799;2841;247870;100202;15.4;6.2
92;2021-04-20;4186;3752;252056;103954;15.6;6.4
92;2021-04-21;4606;4513;256662;108467;15.9;6.7
92;2021-04-22;4654;5121;261316;113588;16.2;7.0
92;2021-04-23;5215;4673;266531;118261;16.5;7.3
92;2021-04-24;4935;1909;271466;120170;16.8;7.4
92;2021-04-25;1788;149;273254;120319;16.9;7.5
92;2021-04-26;3991;3621;277245;123940;17.2;7.7
92;2021-04-27;6039;5258;283284;129198;17.6;8.0
92;2021-04-28;7373;4499;290657;133697;18.0;8.3
92;2021-04-29;7980;4777;298637;138474;18.5;8.6
92;2021-04-30;8835;4834;307472;143308;19.1;8.9
92;2021-05-01;1197;407;308669;143715;19.1;8.9
92;2021-05-02;658;137;309327;143852;19.2;8.9
92;2021-05-03;6774;3890;316101;147742;19.6;9.2
92;2021-05-04;10407;4366;326508;152108;20.2;9.4
92;2021-05-05;10070;5259;336578;157367;20.9;9.8
92;2021-05-06;11420;4906;347998;162273;21.6;10.1
92;2021-05-07;9854;5289;357852;167562;22.2;10.4
92;2021-05-08;7208;1927;365060;169489;22.6;10.5
92;2021-05-09;3784;601;368844;170090;22.9;10.5
92;2021-05-10;9526;3998;378370;174088;23.4;10.8
92;2021-05-11;13970;5691;392340;179779;24.3;11.1
92;2021-05-12;14263;4577;406603;184356;25.2;11.4
92;2021-05-13;9159;911;415762;185267;25.8;11.5
92;2021-05-14;12020;2316;427782;187583;26.5;11.6
92;2021-05-15;8382;1229;436164;188812;27.0;11.7
92;2021-05-16;4133;448;440297;189260;27.3;11.7
92;2021-05-17;10639;2219;450936;191479;27.9;11.9
92;2021-05-18;16372;3125;467308;194604;29.0;12.1
92;2021-05-19;16018;3719;483326;198323;30.0;12.3
92;2021-05-20;16823;3979;500149;202302;31.0;12.5
92;2021-05-21;14070;3639;514219;205941;31.9;12.8
92;2021-05-22;8310;1520;522529;207461;32.4;12.9
92;2021-05-23;4080;455;526609;207916;32.6;12.9
92;2021-05-24;6113;853;532722;208769;33.0;12.9
92;2021-05-25;13101;4554;545823;213323;33.8;13.2
92;2021-05-26;11919;5042;557742;218365;34.6;13.5
92;2021-05-27;12721;6321;570463;224686;35.3;13.9
92;2021-05-28;11220;6279;581683;230965;36.0;14.3
92;2021-05-29;5445;2300;587128;233265;36.4;14.5
92;2021-05-30;2248;387;589376;233652;36.5;14.5
92;2021-05-31;12049;5305;601425;238957;37.3;14.8
92;2021-06-01;12579;7644;614004;246601;38.0;15.3
92;2021-06-02;14359;7209;628363;253810;38.9;15.7
92;2021-06-03;14578;8022;642941;261832;39.8;16.2
92;2021-06-04;12216;8226;655157;270058;40.6;16.7
92;2021-06-05;7383;6256;662540;276314;41.1;17.1
92;2021-06-06;3588;1677;666128;277991;41.3;17.2
92;2021-06-07;11434;7630;677562;285621;42.0;17.7
92;2021-06-08;12750;9596;690312;295217;42.8;18.3
92;2021-06-09;11635;9470;701947;304687;43.5;18.9
92;2021-06-10;11938;10558;713885;315245;44.2;19.5
92;2021-06-11;8143;11031;722028;326276;44.7;20.2
92;2021-06-12;6356;5095;728384;331371;45.1;20.5
92;2021-06-13;3962;2719;732346;334090;45.4;20.7
92;2021-06-14;5126;11168;737472;345258;45.7;21.4
92;2021-06-15;6472;13129;743944;358387;46.1;22.2
92;2021-06-16;6931;12991;750875;371378;46.5;23.0
92;2021-06-17;7406;14010;758281;385388;47.0;23.9
92;2021-06-18;6891;14387;765172;399775;47.4;24.8
92;2021-06-19;3952;9109;769124;408884;47.7;25.3
92;2021-06-20;1960;5612;771084;414496;47.8;25.7
92;2021-06-21;4809;12269;775893;426765;48.1;26.4
92;2021-06-22;5859;17554;781752;444319;48.4;27.5
92;2021-06-23;5470;16002;787222;460321;48.8;28.5
92;2021-06-24;6174;15120;793396;475441;49.2;29.5
92;2021-06-25;5099;16094;798495;491535;49.5;30.5
92;2021-06-26;4063;10453;802558;501988;49.7;31.1
92;2021-06-27;1856;6051;804414;508039;49.8;31.5
92;2021-06-28;3661;12048;808075;520087;50.1;32.2
92;2021-06-29;4661;18152;812736;538239;50.4;33.4
92;2021-06-30;4400;16213;817136;554452;50.6;34.4
92;2021-07-01;5423;16302;822559;570754;51.0;35.4
92;2021-07-02;4787;15275;827346;586029;51.3;36.3
92;2021-07-03;3295;10181;830641;596210;51.5;36.9
92;2021-07-04;1111;4204;831752;600414;51.5;37.2
92;2021-07-05;4757;12324;836509;612738;51.8;38.0
92;2021-07-06;5203;15793;841712;628531;52.2;38.9
92;2021-07-07;4210;11450;845922;639981;52.4;39.7
92;2021-07-08;5386;14635;851308;654616;52.8;40.6
92;2021-07-09;5841;14193;857149;668809;53.1;41.4
92;2021-07-10;4191;8429;861340;677238;53.4;42.0
92;2021-07-11;1460;2616;862800;679854;53.5;42.1
92;2021-07-12;4326;14623;867126;694477;53.7;43.0
92;2021-07-13;7788;17427;874914;711904;54.2;44.1
92;2021-07-14;5036;5727;879950;717631;54.5;44.5
92;2021-07-15;9485;16231;889435;733862;55.1;45.5
92;2021-07-16;8975;14144;898410;748006;55.7;46.4
92;2021-07-17;6489;7584;904899;755590;56.1;46.8
92;2021-07-18;1812;2479;906711;758069;56.2;47.0
92;2021-07-19;6420;13175;913131;771244;56.6;47.8
92;2021-07-20;9951;14048;923082;785292;57.2;48.7
92;2021-07-21;10346;12055;933428;797347;57.8;49.4
92;2021-07-22;11880;12907;945308;810254;58.6;50.2
92;2021-07-23;11487;11289;956795;821543;59.3;50.9
92;2021-07-24;6582;6204;963377;827747;59.7;51.3
92;2021-07-25;2755;2298;966132;830045;59.9;51.4
92;2021-07-26;9386;9120;975518;839165;60.4;52.0
92;2021-07-27;11373;9534;986891;848699;61.2;52.6
92;2021-07-28;11232;8076;998123;856775;61.9;53.1
92;2021-07-29;10298;8549;1008421;865324;62.5;53.6
92;2021-07-30;8928;8245;1017349;873569;63.0;54.1
92;2021-07-31;5664;4769;1023013;878338;63.4;54.4
92;2021-08-01;2173;1273;1025186;879611;63.5;54.5
92;2021-08-02;4513;4846;1029699;884457;63.8;54.8
93;2020-12-27;10;3;10;3;0.0;0.0
93;2020-12-28;2;0;12;3;0.0;0.0
93;2020-12-29;0;0;12;3;0.0;0.0
93;2020-12-30;43;0;55;3;0.0;0.0
93;2020-12-31;9;0;64;3;0.0;0.0
93;2021-01-01;5;0;69;3;0.0;0.0
93;2021-01-02;0;0;69;3;0.0;0.0
93;2021-01-03;3;0;72;3;0.0;0.0
93;2021-01-04;0;0;72;3;0.0;0.0
93;2021-01-05;59;0;131;3;0.0;0.0
93;2021-01-06;179;0;310;3;0.0;0.0
93;2021-01-07;375;3;685;6;0.0;0.0
93;2021-01-08;630;1;1315;7;0.1;0.0
93;2021-01-09;21;0;1336;7;0.1;0.0
93;2021-01-10;2;0;1338;7;0.1;0.0
93;2021-01-11;501;4;1839;11;0.1;0.0
93;2021-01-12;751;5;2590;16;0.2;0.0
93;2021-01-13;750;4;3340;20;0.2;0.0
93;2021-01-14;681;18;4021;38;0.2;0.0
93;2021-01-15;514;3;4535;41;0.3;0.0
93;2021-01-16;137;3;4672;44;0.3;0.0
93;2021-01-17;6;1;4678;45;0.3;0.0
93;2021-01-18;1194;8;5872;53;0.4;0.0
93;2021-01-19;1611;16;7483;69;0.4;0.0
93;2021-01-20;1555;11;9038;80;0.5;0.0
93;2021-01-21;1916;16;10954;96;0.7;0.0
93;2021-01-22;1382;14;12336;110;0.7;0.0
93;2021-01-23;711;8;13047;118;0.8;0.0
93;2021-01-24;0;0;13047;118;0.8;0.0
93;2021-01-25;1202;15;14249;133;0.9;0.0
93;2021-01-26;1289;36;15538;169;0.9;0.0
93;2021-01-27;2152;57;17690;226;1.1;0.0
93;2021-01-28;2260;203;19950;429;1.2;0.0
93;2021-01-29;1618;228;21568;657;1.3;0.0
93;2021-01-30;927;45;22495;702;1.3;0.0
93;2021-01-31;3;7;22498;709;1.3;0.0
93;2021-02-01;1178;171;23676;880;1.4;0.1
93;2021-02-02;1165;311;24841;1191;1.5;0.1
93;2021-02-03;1229;399;26070;1590;1.6;0.1
93;2021-02-04;922;565;26992;2155;1.6;0.1
93;2021-02-05;798;434;27790;2589;1.7;0.2
93;2021-02-06;693;70;28483;2659;1.7;0.2
93;2021-02-07;3;0;28486;2659;1.7;0.2
93;2021-02-08;910;647;29396;3306;1.8;0.2
93;2021-02-09;851;600;30247;3906;1.8;0.2
93;2021-02-10;879;679;31126;4585;1.9;0.3
93;2021-02-11;1239;832;32365;5417;1.9;0.3
93;2021-02-12;1041;639;33406;6056;2.0;0.4
93;2021-02-13;393;262;33799;6318;2.0;0.4
93;2021-02-14;13;59;33812;6377;2.0;0.4
93;2021-02-15;411;1282;34223;7659;2.0;0.5
93;2021-02-16;547;1239;34770;8898;2.1;0.5
93;2021-02-17;543;1772;35313;10670;2.1;0.6
93;2021-02-18;1132;1879;36445;12549;2.2;0.8
93;2021-02-19;991;1541;37436;14090;2.2;0.8
93;2021-02-20;304;668;37740;14758;2.3;0.9
93;2021-02-21;8;23;37748;14781;2.3;0.9
93;2021-02-22;599;1299;38347;16080;2.3;1.0
93;2021-02-23;562;1128;38909;17208;2.3;1.0
93;2021-02-24;642;1228;39551;18436;2.4;1.1
93;2021-02-25;898;1077;40449;19513;2.4;1.2
93;2021-02-26;1119;983;41568;20496;2.5;1.2
93;2021-02-27;543;624;42111;21120;2.5;1.3
93;2021-02-28;88;57;42199;21177;2.5;1.3
93;2021-03-01;1083;1074;43282;22251;2.6;1.3
93;2021-03-02;1443;1147;44725;23398;2.7;1.4
93;2021-03-03;1735;1190;46460;24588;2.8;1.5
93;2021-03-04;2708;1112;49168;25700;2.9;1.5
93;2021-03-05;3812;883;52980;26583;3.2;1.6
93;2021-03-06;5046;558;58026;27141;3.5;1.6
93;2021-03-07;4299;187;62325;27328;3.7;1.6
93;2021-03-08;2032;1251;64357;28579;3.9;1.7
93;2021-03-09;2914;955;67271;29534;4.0;1.8
93;2021-03-10;2855;1095;70126;30629;4.2;1.8
93;2021-03-11;3533;1228;73659;31857;4.4;1.9
93;2021-03-12;4128;1272;77787;33129;4.7;2.0
93;2021-03-13;4289;617;82076;33746;4.9;2.0
93;2021-03-14;876;63;82952;33809;5.0;2.0
93;2021-03-15;3550;677;86502;34486;5.2;2.1
93;2021-03-16;3155;614;89657;35100;5.4;2.1
93;2021-03-17;2644;591;92301;35691;5.5;2.1
93;2021-03-18;3306;715;95607;36406;5.7;2.2
93;2021-03-19;3762;633;99369;37039;5.9;2.2
93;2021-03-20;3461;279;102830;37318;6.2;2.2
93;2021-03-21;813;269;103643;37587;6.2;2.3
93;2021-03-22;3845;604;107488;38191;6.4;2.3
93;2021-03-23;4751;786;112239;38977;6.7;2.3
93;2021-03-24;4109;673;116348;39650;7.0;2.4
93;2021-03-25;5573;832;121921;40482;7.3;2.4
93;2021-03-26;5544;874;127465;41356;7.6;2.5
93;2021-03-27;4279;303;131744;41659;7.9;2.5
93;2021-03-28;611;40;132355;41699;7.9;2.5
93;2021-03-29;3854;957;136209;42656;8.2;2.6
93;2021-03-30;4724;1255;140933;43911;8.4;2.6
93;2021-03-31;3911;1229;144844;45140;8.7;2.7
93;2021-04-01;4052;3133;148896;48273;8.9;2.9
93;2021-04-02;3218;3551;152114;51824;9.1;3.1
93;2021-04-03;2519;2250;154633;54074;9.3;3.2
93;2021-04-04;760;155;155393;54229;9.3;3.2
93;2021-04-05;706;88;156099;54317;9.3;3.3
93;2021-04-06;4559;2335;160658;56652;9.6;3.4
93;2021-04-07;4901;2082;165559;58734;9.9;3.5
93;2021-04-08;5808;2670;171367;61404;10.3;3.7
93;2021-04-09;6089;3161;177456;64565;10.6;3.9
93;2021-04-10;4195;2471;181651;67036;10.9;4.0
93;2021-04-11;576;427;182227;67463;10.9;4.0
93;2021-04-12;4096;2926;186323;70389;11.2;4.2
93;2021-04-13;4602;3652;190925;74041;11.4;4.4
93;2021-04-14;4360;2471;195285;76512;11.7;4.6
93;2021-04-15;4556;3024;199841;79536;12.0;4.8
93;2021-04-16;4433;2984;204274;82520;12.2;4.9
93;2021-04-17;3514;2506;207788;85026;12.4;5.1
93;2021-04-18;289;435;208077;85461;12.5;5.1
93;2021-04-19;3772;2851;211849;88312;12.7;5.3
93;2021-04-20;4301;3272;216150;91584;12.9;5.5
93;2021-04-21;4140;2764;220290;94348;13.2;5.6
93;2021-04-22;4510;4010;224800;98358;13.5;5.9
93;2021-04-23;5619;3224;230419;101582;13.8;6.1
93;2021-04-24;5925;3321;236344;104903;14.2;6.3
93;2021-04-25;1732;588;238076;105491;14.3;6.3
93;2021-04-26;4854;3077;242930;108568;14.5;6.5
93;2021-04-27;6452;3629;249382;112197;14.9;6.7
93;2021-04-28;6073;3423;255455;115620;15.3;6.9
93;2021-04-29;7300;3236;262755;118856;15.7;7.1
93;2021-04-30;8259;3107;271014;121963;16.2;7.3
93;2021-05-01;4945;1184;275959;123147;16.5;7.4
93;2021-05-02;417;647;276376;123794;16.5;7.4
93;2021-05-03;8161;5109;284537;128903;17.0;7.7
93;2021-05-04;7827;5405;292364;134308;17.5;8.0
93;2021-05-05;7571;4798;299935;139106;18.0;8.3
93;2021-05-06;8237;4767;308172;143873;18.5;8.6
93;2021-05-07;6998;5420;315170;149293;18.9;8.9
93;2021-05-08;8350;2384;323520;151677;19.4;9.1
93;2021-05-09;6118;1363;329638;153040;19.7;9.2
93;2021-05-10;8246;4064;337884;157104;20.2;9.4
93;2021-05-11;9296;4802;347180;161906;20.8;9.7
93;2021-05-12;9176;3652;356356;165558;21.3;9.9
93;2021-05-13;8287;1653;364643;167211;21.8;10.0
93;2021-05-14;10420;3533;375063;170744;22.5;10.2
93;2021-05-15;11126;2999;386189;173743;23.1;10.4
93;2021-05-16;5556;727;391745;174470;23.5;10.4
93;2021-05-17;11900;2254;403645;176724;24.2;10.6
93;2021-05-18;14095;2385;417740;179109;25.0;10.7
93;2021-05-19;11433;2940;429173;182049;25.7;10.9
93;2021-05-20;12615;3476;441788;185525;26.5;11.1
93;2021-05-21;13003;2879;454791;188404;27.2;11.3
93;2021-05-22;12381;2202;467172;190606;28.0;11.4
93;2021-05-23;8481;1103;475653;191709;28.5;11.5
93;2021-05-24;11195;1942;486848;193651;29.1;11.6
93;2021-05-25;12285;4310;499133;197961;29.9;11.9
93;2021-05-26;11062;3742;510195;201703;30.5;12.1
93;2021-05-27;12695;3873;522890;205576;31.3;12.3
93;2021-05-28;12649;5252;535539;210828;32.1;12.6
93;2021-05-29;11389;4255;546928;215083;32.7;12.9
93;2021-05-30;8212;1371;555140;216454;33.2;13.0
93;2021-05-31;9175;5165;564315;221619;33.8;13.3
93;2021-06-01;11336;6264;575651;227883;34.5;13.6
93;2021-06-02;10504;5189;586155;233072;35.1;14.0
93;2021-06-03;10769;5504;596924;238576;35.7;14.3
93;2021-06-04;10547;7793;607471;246369;36.4;14.8
93;2021-06-05;8990;7344;616461;253713;36.9;15.2
93;2021-06-06;8379;1739;624840;255452;37.4;15.3
93;2021-06-07;10012;7509;634852;262961;38.0;15.7
93;2021-06-08;10336;7368;645188;270329;38.6;16.2
93;2021-06-09;10207;7283;655395;277612;39.2;16.6
93;2021-06-10;8888;8167;664283;285779;39.8;17.1
93;2021-06-11;8788;8806;673071;294585;40.3;17.6
93;2021-06-12;9855;6638;682926;301223;40.9;18.0
93;2021-06-13;7160;2111;690086;303334;41.3;18.2
93;2021-06-14;5353;9721;695439;313055;41.6;18.7
93;2021-06-15;6194;9649;701633;322704;42.0;19.3
93;2021-06-16;6621;9050;708254;331754;42.4;19.9
93;2021-06-17;5716;8459;713970;340213;42.7;20.4
93;2021-06-18;7146;11128;721116;351341;43.2;21.0
93;2021-06-19;7064;11087;728180;362428;43.6;21.7
93;2021-06-20;4947;6869;733127;369297;43.9;22.1
93;2021-06-21;3992;10721;737119;380018;44.1;22.8
93;2021-06-22;4642;11301;741761;391319;44.4;23.4
93;2021-06-23;4506;10591;746267;401910;44.7;24.1
93;2021-06-24;4160;10295;750427;412205;44.9;24.7
93;2021-06-25;5131;13056;755558;425261;45.2;25.5
93;2021-06-26;5287;13917;760845;439178;45.6;26.3
93;2021-06-27;3276;7111;764121;446289;45.8;26.7
93;2021-06-28;3659;12497;767780;458786;46.0;27.5
93;2021-06-29;3985;12339;771765;471125;46.2;28.2
93;2021-06-30;4086;11290;775851;482415;46.5;28.9
93;2021-07-01;5187;11122;781038;493537;46.8;29.6
93;2021-07-02;4650;12317;785688;505854;47.0;30.3
93;2021-07-03;5240;13430;790928;519284;47.4;31.1
93;2021-07-04;3074;7879;794002;527163;47.5;31.6
93;2021-07-05;4292;10833;798294;537996;47.8;32.2
93;2021-07-06;4516;11751;802810;549747;48.1;32.9
93;2021-07-07;4887;11395;807697;561142;48.4;33.6
93;2021-07-08;4815;10259;812512;571401;48.6;34.2
93;2021-07-09;5376;13009;817888;584410;49.0;35.0
93;2021-07-10;5823;14271;823711;598681;49.3;35.8
93;2021-07-11;3673;9083;827384;607764;49.5;36.4
93;2021-07-12;5352;12051;832736;619815;49.9;37.1
93;2021-07-13;10881;13243;843617;633058;50.5;37.9
93;2021-07-14;10488;6738;854105;639796;51.1;38.3
93;2021-07-15;12133;14068;866238;653864;51.9;39.2
93;2021-07-16;12901;13622;879139;667486;52.6;40.0
93;2021-07-17;11176;13846;890315;681332;53.3;40.8
93;2021-07-18;7307;8905;897622;690237;53.7;41.3
93;2021-07-19;9478;10860;907100;701097;54.3;42.0
93;2021-07-20;12433;10618;919533;711715;55.1;42.6
93;2021-07-21;14015;10843;933548;722558;55.9;43.3
93;2021-07-22;13926;9353;947474;731911;56.7;43.8
93;2021-07-23;14285;10567;961759;742478;57.6;44.5
93;2021-07-24;13744;10545;975503;753023;58.4;45.1
93;2021-07-25;8867;6259;984370;759282;58.9;45.5
93;2021-07-26;12184;7681;996554;766963;59.7;45.9
93;2021-07-27;14114;7258;1010668;774221;60.5;46.4
93;2021-07-28;14460;8092;1025128;782313;61.4;46.8
93;2021-07-29;13044;6912;1038172;789225;62.2;47.3
93;2021-07-30;13391;7689;1051563;796914;63.0;47.7
93;2021-07-31;11828;7568;1063391;804482;63.7;48.2
93;2021-08-01;7076;4495;1070467;808977;64.1;48.4
93;2021-08-02;7356;5598;1077823;814575;64.5;48.8
94;2020-12-27;5;0;5;0;0.0;0.0
94;2020-12-28;10;0;15;0;0.0;0.0
94;2020-12-29;0;0;15;0;0.0;0.0
94;2020-12-30;1;0;16;0;0.0;0.0
94;2020-12-31;4;0;20;0;0.0;0.0
94;2021-01-01;3;0;23;0;0.0;0.0
94;2021-01-02;0;0;23;0;0.0;0.0
94;2021-01-03;2;0;25;0;0.0;0.0
94;2021-01-04;35;2;60;2;0.0;0.0
94;2021-01-05;231;2;291;4;0.0;0.0
94;2021-01-06;330;4;621;8;0.0;0.0
94;2021-01-07;690;9;1311;17;0.1;0.0
94;2021-01-08;921;10;2232;27;0.2;0.0
94;2021-01-09;47;0;2279;27;0.2;0.0
94;2021-01-10;18;0;2297;27;0.2;0.0
94;2021-01-11;1013;10;3310;37;0.2;0.0
94;2021-01-12;1341;27;4651;64;0.3;0.0
94;2021-01-13;1407;22;6058;86;0.4;0.0
94;2021-01-14;1536;26;7594;112;0.5;0.0
94;2021-01-15;1219;22;8813;134;0.6;0.0
94;2021-01-16;196;2;9009;136;0.6;0.0
94;2021-01-17;93;1;9102;137;0.6;0.0
94;2021-01-18;1488;28;10590;165;0.8;0.0
94;2021-01-19;1948;27;12538;192;0.9;0.0
94;2021-01-20;2178;19;14716;211;1.0;0.0
94;2021-01-21;2998;16;17714;227;1.3;0.0
94;2021-01-22;2174;19;19888;246;1.4;0.0
94;2021-01-23;728;3;20616;249;1.5;0.0
94;2021-01-24;284;0;20900;249;1.5;0.0
94;2021-01-25;1466;18;22366;267;1.6;0.0
94;2021-01-26;1558;18;23924;285;1.7;0.0
94;2021-01-27;1802;25;25726;310;1.8;0.0
94;2021-01-28;1532;133;27258;443;1.9;0.0
94;2021-01-29;1380;149;28638;592;2.0;0.0
94;2021-01-30;579;4;29217;596;2.1;0.0
94;2021-01-31;119;8;29336;604;2.1;0.0
94;2021-02-01;926;155;30262;759;2.2;0.1
94;2021-02-02;852;252;31114;1011;2.2;0.1
94;2021-02-03;759;374;31873;1385;2.3;0.1
94;2021-02-04;901;434;32774;1819;2.3;0.1
94;2021-02-05;873;576;33647;2395;2.4;0.2
94;2021-02-06;405;78;34052;2473;2.4;0.2
94;2021-02-07;120;0;34172;2473;2.4;0.2
94;2021-02-08;634;549;34806;3022;2.5;0.2
94;2021-02-09;1034;991;35840;4013;2.5;0.3
94;2021-02-10;1098;1373;36938;5386;2.6;0.4
94;2021-02-11;1425;1558;38363;6944;2.7;0.5
94;2021-02-12;1386;1658;39749;8602;2.8;0.6
94;2021-02-13;300;263;40049;8865;2.8;0.6
94;2021-02-14;29;72;40078;8937;2.9;0.6
94;2021-02-15;751;1780;40829;10717;2.9;0.8
94;2021-02-16;701;2762;41530;13479;3.0;1.0
94;2021-02-17;713;1592;42243;15071;3.0;1.1
94;2021-02-18;786;1729;43029;16800;3.1;1.2
94;2021-02-19;958;1471;43987;18271;3.1;1.3
94;2021-02-20;135;923;44122;19194;3.1;1.4
94;2021-02-21;20;185;44142;19379;3.1;1.4
94;2021-02-22;520;1354;44662;20733;3.2;1.5
94;2021-02-23;625;1286;45287;22019;3.2;1.6
94;2021-02-24;692;928;45979;22947;3.3;1.6
94;2021-02-25;1068;1576;47047;24523;3.3;1.7
94;2021-02-26;1316;1076;48363;25599;3.4;1.8
94;2021-02-27;516;554;48879;26153;3.5;1.9
94;2021-02-28;90;84;48969;26237;3.5;1.9
94;2021-03-01;878;948;49847;27185;3.5;1.9
94;2021-03-02;1565;998;51412;28183;3.7;2.0
94;2021-03-03;1944;1021;53356;29204;3.8;2.1
94;2021-03-04;2853;1187;56209;30391;4.0;2.2
94;2021-03-05;3828;1343;60037;31734;4.3;2.3
94;2021-03-06;4812;577;64849;32311;4.6;2.3
94;2021-03-07;3686;557;68535;32868;4.9;2.3
94;2021-03-08;1910;804;70445;33672;5.0;2.4
94;2021-03-09;2548;930;72993;34602;5.2;2.5
94;2021-03-10;3192;1038;76185;35640;5.4;2.5
94;2021-03-11;3833;935;80018;36575;5.7;2.6
94;2021-03-12;4569;814;84587;37389;6.0;2.7
94;2021-03-13;4127;388;88714;37777;6.3;2.7
94;2021-03-14;2113;147;90827;37924;6.5;2.7
94;2021-03-15;3165;784;93992;38708;6.7;2.8
94;2021-03-16;2772;447;96764;39155;6.9;2.8
94;2021-03-17;2854;454;99618;39609;7.1;2.8
94;2021-03-18;3256;433;102874;40042;7.3;2.8
94;2021-03-19;4270;701;107144;40743;7.6;2.9
94;2021-03-20;3692;291;110836;41034;7.9;2.9
94;2021-03-21;1459;385;112295;41419;8.0;2.9
94;2021-03-22;3215;673;115510;42092;8.2;3.0
94;2021-03-23;4511;732;120021;42824;8.5;3.0
94;2021-03-24;4623;618;124644;43442;8.9;3.1
94;2021-03-25;6321;658;130965;44100;9.3;3.1
94;2021-03-26;6084;835;137049;44935;9.7;3.2
94;2021-03-27;4471;265;141520;45200;10.1;3.2
94;2021-03-28;1888;109;143408;45309;10.2;3.2
94;2021-03-29;4125;1222;147533;46531;10.5;3.3
94;2021-03-30;5295;1349;152828;47880;10.9;3.4
94;2021-03-31;4900;1805;157728;49685;11.2;3.5
94;2021-04-01;5816;2313;163544;51998;11.6;3.7
94;2021-04-02;5242;2327;168786;54325;12.0;3.9
94;2021-04-03;3088;2518;171874;56843;12.2;4.0
94;2021-04-04;1052;780;172926;57623;12.3;4.1
94;2021-04-05;833;158;173759;57781;12.4;4.1
94;2021-04-06;3571;2605;177330;60386;12.6;4.3
94;2021-04-07;3845;2258;181175;62644;12.9;4.5
94;2021-04-08;4617;2052;185792;64696;13.2;4.6
94;2021-04-09;5356;2471;191148;67167;13.6;4.8
94;2021-04-10;2958;3002;194106;70169;13.8;5.0
94;2021-04-11;1264;1766;195370;71935;13.9;5.1
94;2021-04-12;3439;2277;198809;74212;14.1;5.3
94;2021-04-13;4306;3427;203115;77639;14.4;5.5
94;2021-04-14;3896;2693;207011;80332;14.7;5.7
94;2021-04-15;4439;2985;211450;83317;15.0;5.9
94;2021-04-16;4699;2840;216149;86157;15.4;6.1
94;2021-04-17;2459;2763;218608;88920;15.5;6.3
94;2021-04-18;917;1249;219525;90169;15.6;6.4
94;2021-04-19;2974;2438;222499;92607;15.8;6.6
94;2021-04-20;3270;2708;225769;95315;16.1;6.8
94;2021-04-21;3217;3162;228986;98477;16.3;7.0
94;2021-04-22;3907;3641;232893;102118;16.6;7.3
94;2021-04-23;4109;3986;237002;106104;16.9;7.5
94;2021-04-24;4266;3398;241268;109502;17.2;7.8
94;2021-04-25;2410;1499;243678;111001;17.3;7.9
94;2021-04-26;4006;3274;247684;114275;17.6;8.1
94;2021-04-27;5089;3368;252773;117643;18.0;8.4
94;2021-04-28;4827;3623;257600;121266;18.3;8.6
94;2021-04-29;6408;3800;264008;125066;18.8;8.9
94;2021-04-30;6480;3929;270488;128995;19.2;9.2
94;2021-05-01;4056;1056;274544;130051;19.5;9.2
94;2021-05-02;3053;1472;277597;131523;19.7;9.4
94;2021-05-03;5734;5348;283331;136871;20.2;9.7
94;2021-05-04;6098;3567;289429;140438;20.6;10.0
94;2021-05-05;6179;3417;295608;143855;21.0;10.2
94;2021-05-06;7152;3533;302760;147388;21.5;10.5
94;2021-05-07;6667;4121;309427;151509;22.0;10.8
94;2021-05-08;4893;2544;314320;154053;22.4;11.0
94;2021-05-09;4226;2241;318546;156294;22.7;11.1
94;2021-05-10;7714;3126;326260;159420;23.2;11.3
94;2021-05-11;8974;3930;335234;163350;23.8;11.6
94;2021-05-12;9569;3603;344803;166953;24.5;11.9
94;2021-05-13;8675;1370;353478;168323;25.1;12.0
94;2021-05-14;9862;3319;363340;171642;25.8;12.2
94;2021-05-15;8941;2165;372281;173807;26.5;12.4
94;2021-05-16;5069;906;377350;174713;26.8;12.4
94;2021-05-17;10838;2247;388188;176960;27.6;12.6
94;2021-05-18;11290;2445;399478;179405;28.4;12.8
94;2021-05-19;11666;3592;411144;182997;29.2;13.0
94;2021-05-20;12142;4363;423286;187360;30.1;13.3
94;2021-05-21;11864;3153;435150;190513;30.9;13.5
94;2021-05-22;10292;1969;445442;192482;31.7;13.7
94;2021-05-23;5000;714;450442;193196;32.0;13.7
94;2021-05-24;9657;1346;460099;194542;32.7;13.8
94;2021-05-25;9990;4261;470089;198803;33.4;14.1
94;2021-05-26;10271;3305;480360;202108;34.2;14.4
94;2021-05-27;10858;4573;491218;206681;34.9;14.7
94;2021-05-28;10445;4954;501663;211635;35.7;15.1
94;2021-05-29;9872;3449;511535;215084;36.4;15.3
94;2021-05-30;4786;926;516321;216010;36.7;15.4
94;2021-05-31;9978;4231;526299;220241;37.4;15.7
94;2021-06-01;10234;5100;536533;225341;38.2;16.0
94;2021-06-02;9309;4582;545842;229923;38.8;16.4
94;2021-06-03;9526;5593;555368;235516;39.5;16.8
94;2021-06-04;10369;6522;565737;242038;40.2;17.2
94;2021-06-05;9197;6255;574934;248293;40.9;17.7
94;2021-06-06;3977;1848;578911;250141;41.2;17.8
94;2021-06-07;8658;5969;587569;256110;41.8;18.2
94;2021-06-08;8989;7526;596558;263636;42.4;18.8
94;2021-06-09;8917;8160;605475;271796;43.1;19.3
94;2021-06-10;8776;10974;614251;282770;43.7;20.1
94;2021-06-11;7817;8383;622068;291153;44.2;20.7
94;2021-06-12;10251;6828;632319;297981;45.0;21.2
94;2021-06-13;3469;3255;635788;301236;45.2;21.4
94;2021-06-14;6925;8217;642713;309453;45.7;22.0
94;2021-06-15;7706;8811;650419;318264;46.3;22.6
94;2021-06-16;7219;8268;657638;326532;46.8;23.2
94;2021-06-17;6677;9061;664315;335593;47.2;23.9
94;2021-06-18;6457;11944;670772;347537;47.7;24.7
94;2021-06-19;6010;9577;676782;357114;48.1;25.4
94;2021-06-20;1888;4009;678670;361123;48.3;25.7
94;2021-06-21;4452;11187;683122;372310;48.6;26.5
94;2021-06-22;4816;10814;687938;383124;48.9;27.2
94;2021-06-23;4125;11150;692063;394274;49.2;28.0
94;2021-06-24;4938;10322;697001;404596;49.6;28.8
94;2021-06-25;4254;13731;701255;418327;49.9;29.8
94;2021-06-26;3130;11984;704385;430311;50.1;30.6
94;2021-06-27;1057;5000;705442;435311;50.2;31.0
94;2021-06-28;3459;12076;708901;447387;50.4;31.8
94;2021-06-29;4011;12172;712912;459559;50.7;32.7
94;2021-06-30;3965;11620;716877;471179;51.0;33.5
94;2021-07-01;4358;11087;721235;482266;51.3;34.3
94;2021-07-02;4323;12171;725558;494437;51.6;35.2
94;2021-07-03;3578;11799;729136;506236;51.9;36.0
94;2021-07-04;1504;5080;730640;511316;52.0;36.4
94;2021-07-05;3597;11410;734237;522726;52.2;37.2
94;2021-07-06;3768;10880;738005;533606;52.5;38.0
94;2021-07-07;4121;11064;742126;544670;52.8;38.7
94;2021-07-08;4513;10015;746639;554685;53.1;39.5
94;2021-07-09;4193;11829;750832;566514;53.4;40.3
94;2021-07-10;3612;11349;754444;577863;53.7;41.1
94;2021-07-11;1464;4715;755908;582578;53.8;41.4
94;2021-07-12;3555;11952;759463;594530;54.0;42.3
94;2021-07-13;5694;11981;765157;606511;54.4;43.1
94;2021-07-14;3996;5269;769153;611780;54.7;43.5
94;2021-07-15;6252;12332;775405;624112;55.1;44.4
94;2021-07-16;6727;11266;782132;635378;55.6;45.2
94;2021-07-17;5592;11306;787724;646684;56.0;46.0
94;2021-07-18;2586;4013;790310;650697;56.2;46.3
94;2021-07-19;5824;10410;796134;661107;56.6;47.0
94;2021-07-20;7781;10326;803915;671433;57.2;47.8
94;2021-07-21;8327;9497;812242;680930;57.8;48.4
94;2021-07-22;9258;9344;821500;690274;58.4;49.1
94;2021-07-23;8635;9348;830135;699622;59.0;49.8
94;2021-07-24;7103;8829;837238;708451;59.5;50.4
94;2021-07-25;2179;2732;839417;711183;59.7;50.6
94;2021-07-26;7526;8002;846943;719185;60.2;51.1
94;2021-07-27;8511;7059;855454;726244;60.8;51.7
94;2021-07-28;8692;6477;864146;732721;61.5;52.1
94;2021-07-29;8763;6263;872909;738984;62.1;52.6
94;2021-07-30;7582;6469;880491;745453;62.6;53.0
94;2021-07-31;7080;6213;887571;751666;63.1;53.5
94;2021-08-01;3142;1743;890713;753409;63.3;53.6
94;2021-08-02;5909;5273;896622;758682;63.8;54.0
95;2020-12-27;3;0;3;0;0.0;0.0
95;2020-12-28;4;0;7;0;0.0;0.0
95;2020-12-29;0;0;7;0;0.0;0.0
95;2020-12-30;0;0;7;0;0.0;0.0
95;2020-12-31;2;0;9;0;0.0;0.0
95;2021-01-01;0;0;9;0;0.0;0.0
95;2021-01-02;13;0;22;0;0.0;0.0
95;2021-01-03;1;0;23;0;0.0;0.0
95;2021-01-04;48;0;71;0;0.0;0.0
95;2021-01-05;290;0;361;0;0.0;0.0
95;2021-01-06;183;0;544;0;0.0;0.0
95;2021-01-07;130;0;674;0;0.1;0.0
95;2021-01-08;271;1;945;1;0.1;0.0
95;2021-01-09;251;0;1196;1;0.1;0.0
95;2021-01-10;382;1;1578;2;0.1;0.0
95;2021-01-11;482;1;2060;3;0.2;0.0
95;2021-01-12;862;1;2922;4;0.2;0.0
95;2021-01-13;781;13;3703;17;0.3;0.0
95;2021-01-14;880;12;4583;29;0.4;0.0
95;2021-01-15;754;4;5337;33;0.4;0.0
95;2021-01-16;297;3;5634;36;0.5;0.0
95;2021-01-17;218;1;5852;37;0.5;0.0
95;2021-01-18;1336;4;7188;41;0.6;0.0
95;2021-01-19;1570;6;8758;47;0.7;0.0
95;2021-01-20;2034;5;10792;52;0.9;0.0
95;2021-01-21;1852;3;12644;55;1.0;0.0
95;2021-01-22;1320;5;13964;60;1.1;0.0
95;2021-01-23;647;0;14611;60;1.2;0.0
95;2021-01-24;181;0;14792;60;1.2;0.0
95;2021-01-25;796;37;15588;97;1.2;0.0
95;2021-01-26;982;159;16570;256;1.3;0.0
95;2021-01-27;1248;191;17818;447;1.4;0.0
95;2021-01-28;1718;36;19536;483;1.6;0.0
95;2021-01-29;1246;210;20782;693;1.7;0.1
95;2021-01-30;477;5;21259;698;1.7;0.1
95;2021-01-31;212;2;21471;700;1.7;0.1
95;2021-02-01;565;276;22036;976;1.8;0.1
95;2021-02-02;528;268;22564;1244;1.8;0.1
95;2021-02-03;611;520;23175;1764;1.9;0.1
95;2021-02-04;1065;368;24240;2132;1.9;0.2
95;2021-02-05;731;308;24971;2440;2.0;0.2
95;2021-02-06;335;257;25306;2697;2.0;0.2
95;2021-02-07;140;421;25446;3118;2.0;0.2
95;2021-02-08;762;345;26208;3463;2.1;0.3
95;2021-02-09;1128;1090;27336;4553;2.2;0.4
95;2021-02-10;1254;1410;28590;5963;2.3;0.5
95;2021-02-11;1383;1146;29973;7109;2.4;0.6
95;2021-02-12;1031;993;31004;8102;2.5;0.6
95;2021-02-13;329;318;31333;8420;2.5;0.7
95;2021-02-14;37;194;31370;8614;2.5;0.7
95;2021-02-15;424;1064;31794;9678;2.5;0.8
95;2021-02-16;492;925;32286;10603;2.6;0.8
95;2021-02-17;652;1141;32938;11744;2.6;0.9
95;2021-02-18;721;1693;33659;13437;2.7;1.1
95;2021-02-19;783;1311;34442;14748;2.8;1.2
95;2021-02-20;305;493;34747;15241;2.8;1.2
95;2021-02-21;165;319;34912;15560;2.8;1.2
95;2021-02-22;327;1026;35239;16586;2.8;1.3
95;2021-02-23;367;731;35606;17317;2.9;1.4
95;2021-02-24;308;884;35914;18201;2.9;1.5
95;2021-02-25;721;1132;36635;19333;2.9;1.5
95;2021-02-26;988;888;37623;20221;3.0;1.6
95;2021-02-27;365;433;37988;20654;3.0;1.7
95;2021-02-28;61;236;38049;20890;3.0;1.7
95;2021-03-01;769;595;38818;21485;3.1;1.7
95;2021-03-02;1318;858;40136;22343;3.2;1.8
95;2021-03-03;1593;983;41729;23326;3.3;1.9
95;2021-03-04;3188;1193;44917;24519;3.6;2.0
95;2021-03-05;3652;1094;48569;25613;3.9;2.1
95;2021-03-06;4002;495;52571;26108;4.2;2.1
95;2021-03-07;4218;308;56789;26416;4.5;2.1
95;2021-03-08;1541;861;58330;27277;4.7;2.2
95;2021-03-09;2621;497;60951;27774;4.9;2.2
95;2021-03-10;2341;847;63292;28621;5.1;2.3
95;2021-03-11;3136;1140;66428;29761;5.3;2.4
95;2021-03-12;3516;787;69944;30548;5.6;2.4
95;2021-03-13;3516;410;73460;30958;5.9;2.5
95;2021-03-14;1982;289;75442;31247;6.0;2.5
95;2021-03-15;2369;319;77811;31566;6.2;2.5
95;2021-03-16;1571;413;79382;31979;6.4;2.6
95;2021-03-17;2101;411;81483;32390;6.5;2.6
95;2021-03-18;2795;363;84278;32753;6.8;2.6
95;2021-03-19;3467;349;87745;33102;7.0;2.7
95;2021-03-20;2589;199;90334;33301;7.2;2.7
95;2021-03-21;1198;234;91532;33535;7.3;2.7
95;2021-03-22;2936;364;94468;33899;7.6;2.7
95;2021-03-23;3431;453;97899;34352;7.8;2.8
95;2021-03-24;3935;498;101834;34850;8.2;2.8
95;2021-03-25;5852;641;107686;35491;8.6;2.8
95;2021-03-26;5427;670;113113;36161;9.1;2.9
95;2021-03-27;3745;203;116858;36364;9.4;2.9
95;2021-03-28;1531;108;118389;36472;9.5;2.9
95;2021-03-29;2891;573;121280;37045;9.7;3.0
95;2021-03-30;3879;1223;125159;38268;10.0;3.1
95;2021-03-31;3654;1659;128813;39927;10.3;3.2
95;2021-04-01;5477;2258;134290;42185;10.8;3.4
95;2021-04-02;3544;2749;137834;44934;11.0;3.6
95;2021-04-03;2091;2485;139925;47419;11.2;3.8
95;2021-04-04;1243;1185;141168;48604;11.3;3.9
95;2021-04-05;593;64;141761;48668;11.4;3.9
95;2021-04-06;1856;1535;143617;50203;11.5;4.0
95;2021-04-07;4948;2159;148565;52362;11.9;4.2
95;2021-04-08;4888;2451;153453;54813;12.3;4.4
95;2021-04-09;5428;2320;158881;57133;12.7;4.6
95;2021-04-10;3706;1428;162587;58561;13.0;4.7
95;2021-04-11;1565;1031;164152;59592;13.1;4.8
95;2021-04-12;3244;1608;167396;61200;13.4;4.9
95;2021-04-13;3140;1672;170536;62872;13.7;5.0
95;2021-04-14;2744;1990;173280;64862;13.9;5.2
95;2021-04-15;3896;3317;177176;68179;14.2;5.5
95;2021-04-16;4063;3020;181239;71199;14.5;5.7
95;2021-04-17;2374;1754;183613;72953;14.7;5.8
95;2021-04-18;1508;1020;185121;73973;14.8;5.9
95;2021-04-19;2565;2367;187686;76340;15.0;6.1
95;2021-04-20;2117;2452;189803;78792;15.2;6.3
95;2021-04-21;3929;2628;193732;81420;15.5;6.5
95;2021-04-22;3410;4621;197142;86041;15.8;6.9
95;2021-04-23;2766;3555;199908;89596;16.0;7.2
95;2021-04-24;3569;2580;203477;92176;16.3;7.4
95;2021-04-25;1959;1548;205436;93724;16.5;7.5
95;2021-04-26;2747;2701;208183;96425;16.7;7.7
95;2021-04-27;3848;2166;212031;98591;17.0;7.9
95;2021-04-28;3887;2667;215918;101258;17.3;8.1
95;2021-04-29;6135;4536;222053;105794;17.8;8.5
95;2021-04-30;6903;2931;228956;108725;18.3;8.7
95;2021-05-01;2366;916;231322;109641;18.5;8.8
95;2021-05-02;2448;1497;233770;111138;18.7;8.9
95;2021-05-03;5117;1909;238887;113047;19.1;9.1
95;2021-05-04;6352;2717;245239;115764;19.6;9.3
95;2021-05-05;5144;3810;250383;119574;20.1;9.6
95;2021-05-06;8202;4927;258585;124501;20.7;10.0
95;2021-05-07;5776;4748;264361;129249;21.2;10.4
95;2021-05-08;5739;1527;270100;130776;21.6;10.5
95;2021-05-09;2825;1571;272925;132347;21.9;10.6
95;2021-05-10;9950;3171;282875;135518;22.7;10.9
95;2021-05-11;8445;3453;291320;138971;23.3;11.1
95;2021-05-12;9459;3212;300779;142183;24.1;11.4
95;2021-05-13;7952;1203;308731;143386;24.7;11.5
95;2021-05-14;7010;1903;315741;145289;25.3;11.6
95;2021-05-15;4511;1067;320252;146356;25.7;11.7
95;2021-05-16;4818;819;325070;147175;26.0;11.8
95;2021-05-17;7734;1346;332804;148521;26.7;11.9
95;2021-05-18;9459;1857;342263;150378;27.4;12.0
95;2021-05-19;9242;2512;351505;152890;28.2;12.2
95;2021-05-20;12579;2440;364084;155330;29.2;12.4
95;2021-05-21;10176;2534;374260;157864;30.0;12.6
95;2021-05-22;9400;1548;383660;159412;30.7;12.8
95;2021-05-23;4140;941;387800;160353;31.1;12.8
95;2021-05-24;2395;539;390195;160892;31.3;12.9
95;2021-05-25;7206;2078;397401;162970;31.8;13.1
95;2021-05-26;8844;3116;406245;166086;32.5;13.3
95;2021-05-27;10358;4426;416603;170512;33.4;13.7
95;2021-05-28;7680;4421;424283;174933;34.0;14.0
95;2021-05-29;5263;2761;429546;177694;34.4;14.2
95;2021-05-30;3729;1691;433275;179385;34.7;14.4
95;2021-05-31;6423;3324;439698;182709;35.2;14.6
95;2021-06-01;8686;3796;448384;186505;35.9;14.9
95;2021-06-02;8664;4735;457048;191240;36.6;15.3
95;2021-06-03;8485;6549;465533;197789;37.3;15.8
95;2021-06-04;8853;4399;474386;202188;38.0;16.2
95;2021-06-05;8334;3736;482720;205924;38.7;16.5
95;2021-06-06;4825;1592;487545;207516;39.1;16.6
95;2021-06-07;6021;4536;493566;212052;39.5;17.0
95;2021-06-08;6526;5510;500092;217562;40.1;17.4
95;2021-06-09;6025;6460;506117;224022;40.5;17.9
95;2021-06-10;6359;6806;512476;230828;41.1;18.5
95;2021-06-11;7148;6434;519624;237262;41.6;19.0
95;2021-06-12;6001;4372;525625;241634;42.1;19.4
95;2021-06-13;2076;3284;527701;244918;42.3;19.6
95;2021-06-14;4872;5973;532573;250891;42.7;20.1
95;2021-06-15;4213;8037;536786;258928;43.0;20.7
95;2021-06-16;5223;7527;542009;266455;43.4;21.3
95;2021-06-17;6422;8152;548431;274607;43.9;22.0
95;2021-06-18;5367;7848;553798;282455;44.4;22.6
95;2021-06-19;4961;8920;558759;291375;44.8;23.3
95;2021-06-20;1414;3307;560173;294682;44.9;23.6
95;2021-06-21;3060;7702;563233;302384;45.1;24.2
95;2021-06-22;4836;9031;568069;311415;45.5;24.9
95;2021-06-23;4716;10870;572785;322285;45.9;25.8
95;2021-06-24;4888;10704;577673;332989;46.3;26.7
95;2021-06-25;4771;10348;582444;343337;46.7;27.5
95;2021-06-26;4314;8471;586758;351808;47.0;28.2
95;2021-06-27;1030;3987;587788;355795;47.1;28.5
95;2021-06-28;2675;9483;590463;365278;47.3;29.3
95;2021-06-29;2511;8780;592974;374058;47.5;30.0
95;2021-06-30;3866;9983;596840;384041;47.8;30.8
95;2021-07-01;4171;11140;601011;395181;48.1;31.7
95;2021-07-02;4025;10534;605036;405715;48.5;32.5
95;2021-07-03;3521;9151;608557;414866;48.7;33.2
95;2021-07-04;1262;3398;609819;418264;48.8;33.5
95;2021-07-05;2279;4375;612098;422639;49.0;33.9
95;2021-07-06;2601;7749;614699;430388;49.2;34.5
95;2021-07-07;3921;9618;618620;440006;49.6;35.2
95;2021-07-08;5261;9797;623881;449803;50.0;36.0
95;2021-07-09;4465;10057;628346;459860;50.3;36.8
95;2021-07-10;3385;7389;631731;467249;50.6;37.4
95;2021-07-11;1500;3604;633231;470853;50.7;37.7
95;2021-07-12;2930;9678;636161;480531;51.0;38.5
95;2021-07-13;5011;10044;641172;490575;51.4;39.3
95;2021-07-14;4311;5699;645483;496274;51.7;39.8
95;2021-07-15;7156;12272;652639;508546;52.3;40.7
95;2021-07-16;7858;11950;660497;520496;52.9;41.7
95;2021-07-17;5019;7807;665516;528303;53.3;42.3
95;2021-07-18;3320;2871;668836;531174;53.6;42.5
95;2021-07-19;4725;6834;673561;538008;54.0;43.1
95;2021-07-20;6803;8342;680364;546350;54.5;43.8
95;2021-07-21;9148;9396;689512;555746;55.2;44.5
95;2021-07-22;9875;9652;699387;565398;56.0;45.3
95;2021-07-23;10776;10158;710163;575556;56.9;46.1
95;2021-07-24;5237;6219;715400;581775;57.3;46.6
95;2021-07-25;2150;2266;717550;584041;57.5;46.8
95;2021-07-26;4467;3997;722017;588038;57.8;47.1
95;2021-07-27;8370;7006;730387;595044;58.5;47.7
95;2021-07-28;9609;7500;739996;602544;59.3;48.3
95;2021-07-29;8324;5445;748320;607989;59.9;48.7
95;2021-07-30;8371;7721;756691;615710;60.6;49.3
95;2021-07-31;4185;4074;760876;619784;61.0;49.6
95;2021-08-01;2175;1341;763051;621125;61.1;49.8
95;2021-08-02;3958;3837;767009;624962;61.4;50.1
971;2020-12-27;0;0;0;0;0.0;0.0
971;2020-12-28;0;0;0;0;0.0;0.0
971;2020-12-29;0;0;0;0;0.0;0.0
971;2020-12-30;0;0;0;0;0.0;0.0
971;2020-12-31;0;0;0;0;0.0;0.0
971;2021-01-01;1;0;1;0;0.0;0.0
971;2021-01-02;0;0;1;0;0.0;0.0
971;2021-01-03;0;0;1;0;0.0;0.0
971;2021-01-04;1;0;2;0;0.0;0.0
971;2021-01-05;0;0;2;0;0.0;0.0
971;2021-01-06;1;0;3;0;0.0;0.0
971;2021-01-07;0;0;3;0;0.0;0.0
971;2021-01-08;56;1;59;1;0.0;0.0
971;2021-01-09;20;0;79;1;0.0;0.0
971;2021-01-10;0;0;79;1;0.0;0.0
971;2021-01-11;59;0;138;1;0.0;0.0
971;2021-01-12;45;0;183;1;0.0;0.0
971;2021-01-13;47;1;230;2;0.1;0.0
971;2021-01-14;63;0;293;2;0.1;0.0
971;2021-01-15;77;0;370;2;0.1;0.0
971;2021-01-16;0;0;370;2;0.1;0.0
971;2021-01-17;0;0;370;2;0.1;0.0
971;2021-01-18;80;0;450;2;0.1;0.0
971;2021-01-19;144;0;594;2;0.2;0.0
971;2021-01-20;135;0;729;2;0.2;0.0
971;2021-01-21;151;1;880;3;0.2;0.0
971;2021-01-22;134;0;1014;3;0.3;0.0
971;2021-01-23;1;0;1015;3;0.3;0.0
971;2021-01-24;0;0;1015;3;0.3;0.0
971;2021-01-25;202;1;1217;4;0.3;0.0
971;2021-01-26;214;1;1431;5;0.4;0.0
971;2021-01-27;234;0;1665;5;0.4;0.0
971;2021-01-28;239;3;1904;8;0.5;0.0
971;2021-01-29;197;2;2101;10;0.6;0.0
971;2021-01-30;23;0;2124;10;0.6;0.0
971;2021-01-31;1;0;2125;10;0.6;0.0
971;2021-02-01;227;4;2352;14;0.6;0.0
971;2021-02-02;243;26;2595;40;0.7;0.0
971;2021-02-03;221;3;2816;43;0.7;0.0
971;2021-02-04;299;21;3115;64;0.8;0.0
971;2021-02-05;273;32;3388;96;0.9;0.0
971;2021-02-06;49;1;3437;97;0.9;0.0
971;2021-02-07;0;0;3437;97;0.9;0.0
971;2021-02-08;245;22;3682;119;1.0;0.0
971;2021-02-09;314;29;3996;148;1.1;0.0
971;2021-02-10;237;29;4233;177;1.1;0.0
971;2021-02-11;296;112;4529;289;1.2;0.1
971;2021-02-12;285;26;4814;315;1.3;0.1
971;2021-02-13;50;7;4864;322;1.3;0.1
971;2021-02-14;19;36;4883;358;1.3;0.1
971;2021-02-15;83;46;4966;404;1.3;0.1
971;2021-02-16;16;1;4982;405;1.3;0.1
971;2021-02-17;17;1;4999;406;1.3;0.1
971;2021-02-18;241;17;5240;423;1.4;0.1
971;2021-02-19;239;21;5479;444;1.5;0.1
971;2021-02-20;48;0;5527;444;1.5;0.1
971;2021-02-21;1;0;5528;444;1.5;0.1
971;2021-02-22;176;65;5704;509;1.5;0.1
971;2021-02-23;196;74;5900;583;1.6;0.2
971;2021-02-24;330;125;6230;708;1.7;0.2
971;2021-02-25;376;80;6606;788;1.8;0.2
971;2021-02-26;219;84;6825;872;1.8;0.2
971;2021-02-27;65;0;6890;872;1.8;0.2
971;2021-02-28;1;0;6891;872;1.8;0.2
971;2021-03-01;170;82;7061;954;1.9;0.3
971;2021-03-02;268;132;7329;1086;1.9;0.3
971;2021-03-03;238;121;7567;1207;2.0;0.3
971;2021-03-04;326;86;7893;1293;2.1;0.3
971;2021-03-05;364;152;8257;1445;2.2;0.4
971;2021-03-06;594;7;8851;1452;2.3;0.4
971;2021-03-07;1;0;8852;1452;2.3;0.4
971;2021-03-08;300;141;9152;1593;2.4;0.4
971;2021-03-09;368;155;9520;1748;2.5;0.5
971;2021-03-10;419;164;9939;1912;2.6;0.5
971;2021-03-11;123;46;10062;1958;2.7;0.5
971;2021-03-12;494;227;10556;2185;2.8;0.6
971;2021-03-13;135;3;10691;2188;2.8;0.6
971;2021-03-14;14;24;10705;2212;2.8;0.6
971;2021-03-15;418;46;11123;2258;3.0;0.6
971;2021-03-16;473;84;11596;2342;3.1;0.6
971;2021-03-17;451;89;12047;2431;3.2;0.6
971;2021-03-18;559;106;12606;2537;3.3;0.7
971;2021-03-19;568;100;13174;2637;3.5;0.7
971;2021-03-20;177;44;13351;2681;3.5;0.7
971;2021-03-21;8;0;13359;2681;3.5;0.7
971;2021-03-22;354;87;13713;2768;3.6;0.7
971;2021-03-23;534;157;14247;2925;3.8;0.8
971;2021-03-24;466;108;14713;3033;3.9;0.8
971;2021-03-25;757;181;15470;3214;4.1;0.9
971;2021-03-26;641;121;16111;3335;4.3;0.9
971;2021-03-27;283;47;16394;3382;4.3;0.9
971;2021-03-28;21;1;16415;3383;4.4;0.9
971;2021-03-29;381;84;16796;3467;4.5;0.9
971;2021-03-30;621;164;17417;3631;4.6;1.0
971;2021-03-31;547;132;17964;3763;4.8;1.0
971;2021-04-01;654;198;18618;3961;4.9;1.1
971;2021-04-02;38;35;18656;3996;5.0;1.1
971;2021-04-03;53;2;18709;3998;5.0;1.1
971;2021-04-04;4;18;18713;4016;5.0;1.1
971;2021-04-05;12;0;18725;4016;5.0;1.1
971;2021-04-06;479;193;19204;4209;5.1;1.1
971;2021-04-07;579;118;19783;4327;5.2;1.1
971;2021-04-08;498;162;20281;4489;5.4;1.2
971;2021-04-09;485;210;20766;4699;5.5;1.2
971;2021-04-10;100;4;20866;4703;5.5;1.2
971;2021-04-11;6;23;20872;4726;5.5;1.3
971;2021-04-12;297;262;21169;4988;5.6;1.3
971;2021-04-13;554;325;21723;5313;5.8;1.4
971;2021-04-14;437;223;22160;5536;5.9;1.5
971;2021-04-15;550;313;22710;5849;6.0;1.6
971;2021-04-16;563;273;23273;6122;6.2;1.6
971;2021-04-17;207;4;23480;6126;6.2;1.6
971;2021-04-18;5;14;23485;6140;6.2;1.6
971;2021-04-19;398;243;23883;6383;6.3;1.7
971;2021-04-20;723;344;24606;6727;6.5;1.8
971;2021-04-21;625;312;25231;7039;6.7;1.9
971;2021-04-22;810;334;26041;7373;6.9;2.0
971;2021-04-23;846;250;26887;7623;7.1;2.0
971;2021-04-24;388;75;27275;7698;7.2;2.0
971;2021-04-25;598;63;27873;7761;7.4;2.1
971;2021-04-26;958;216;28831;7977;7.6;2.1
971;2021-04-27;694;235;29525;8212;7.8;2.2
971;2021-04-28;859;266;30384;8478;8.1;2.2
971;2021-04-29;1198;203;31582;8681;8.4;2.3
971;2021-04-30;1265;189;32847;8870;8.7;2.4
971;2021-05-01;601;44;33448;8914;8.9;2.4
971;2021-05-02;352;18;33800;8932;9.0;2.4
971;2021-05-03;915;179;34715;9111;9.2;2.4
971;2021-05-04;957;206;35672;9317;9.5;2.5
971;2021-05-05;1011;251;36683;9568;9.7;2.5
971;2021-05-06;1146;174;37829;9742;10.0;2.6
971;2021-05-07;1251;268;39080;10010;10.4;2.7
971;2021-05-08;321;36;39401;10046;10.5;2.7
971;2021-05-09;182;10;39583;10056;10.5;2.7
971;2021-05-10;837;214;40420;10270;10.7;2.7
971;2021-05-11;962;314;41382;10584;11.0;2.8
971;2021-05-12;905;325;42287;10909;11.2;2.9
971;2021-05-13;211;79;42498;10988;11.3;2.9
971;2021-05-14;861;275;43359;11263;11.5;3.0
971;2021-05-15;480;14;43839;11277;11.6;3.0
971;2021-05-16;181;36;44020;11313;11.7;3.0
971;2021-05-17;717;276;44737;11589;11.9;3.1
971;2021-05-18;742;389;45479;11978;12.1;3.2
971;2021-05-19;701;529;46180;12507;12.3;3.3
971;2021-05-20;802;377;46982;12884;12.5;3.4
971;2021-05-21;822;408;47804;13292;12.7;3.5
971;2021-05-22;501;214;48305;13506;12.8;3.6
971;2021-05-23;203;114;48508;13620;12.9;3.6
971;2021-05-24;201;176;48709;13796;12.9;3.7
971;2021-05-25;544;661;49253;14457;13.1;3.8
971;2021-05-26;593;492;49846;14949;13.2;4.0
971;2021-05-27;131;185;49977;15134;13.3;4.0
971;2021-05-28;517;526;50494;15660;13.4;4.2
971;2021-05-29;236;138;50730;15798;13.5;4.2
971;2021-05-30;76;113;50806;15911;13.5;4.2
971;2021-05-31;453;535;51259;16446;13.6;4.4
971;2021-06-01;588;709;51847;17155;13.8;4.6
971;2021-06-02;577;707;52424;17862;13.9;4.7
971;2021-06-03;506;564;52930;18426;14.0;4.9
971;2021-06-04;793;806;53723;19232;14.3;5.1
971;2021-06-05;315;645;54038;19877;14.3;5.3
971;2021-06-06;136;530;54174;20407;14.4;5.4
971;2021-06-07;426;783;54600;21190;14.5;5.6
971;2021-06-08;511;892;55111;22082;14.6;5.9
971;2021-06-09;497;860;55608;22942;14.8;6.1
971;2021-06-10;532;845;56140;23787;14.9;6.3
971;2021-06-11;465;1242;56605;25029;15.0;6.6
971;2021-06-12;298;664;56903;25693;15.1;6.8
971;2021-06-13;128;314;57031;26007;15.1;6.9
971;2021-06-14;366;3795;57397;29802;15.2;7.9
971;2021-06-15;487;2009;57884;31811;15.4;8.4
971;2021-06-16;478;1484;58362;33295;15.5;8.8
971;2021-06-17;429;1013;58791;34308;15.6;9.1
971;2021-06-18;474;1019;59265;35327;15.7;9.4
971;2021-06-19;314;508;59579;35835;15.8;9.5
971;2021-06-20;111;230;59690;36065;15.8;9.6
971;2021-06-21;330;681;60020;36746;15.9;9.8
971;2021-06-22;324;873;60344;37619;16.0;10.0
971;2021-06-23;365;891;60709;38510;16.1;10.2
971;2021-06-24;393;733;61102;39243;16.2;10.4
971;2021-06-25;448;763;61550;40006;16.3;10.6
971;2021-06-26;296;514;61846;40520;16.4;10.8
971;2021-06-27;116;148;61962;40668;16.4;10.8
971;2021-06-28;303;690;62265;41358;16.5;11.0
971;2021-06-29;371;780;62636;42138;16.6;11.2
971;2021-06-30;432;919;63068;43057;16.7;11.4
971;2021-07-01;350;652;63418;43709;16.8;11.6
971;2021-07-02;419;693;63837;44402;16.9;11.8
971;2021-07-03;267;464;64104;44866;17.0;11.9
971;2021-07-04;112;239;64216;45105;17.0;12.0
971;2021-07-05;322;507;64538;45612;17.1;12.1
971;2021-07-06;376;765;64914;46377;17.2;12.3
971;2021-07-07;372;846;65286;47223;17.3;12.5
971;2021-07-08;403;791;65689;48014;17.4;12.7
971;2021-07-09;424;796;66113;48810;17.5;13.0
971;2021-07-10;241;294;66354;49104;17.6;13.0
971;2021-07-11;168;135;66522;49239;17.7;13.1
971;2021-07-12;475;610;66997;49849;17.8;13.2
971;2021-07-13;833;1006;67830;50855;18.0;13.5
971;2021-07-14;456;281;68286;51136;18.1;13.6
971;2021-07-15;841;833;69127;51969;18.3;13.8
971;2021-07-16;1065;1034;70192;53003;18.6;14.1
971;2021-07-17;641;441;70833;53444;18.8;14.2
971;2021-07-18;398;215;71231;53659;18.9;14.2
971;2021-07-19;570;576;71801;54235;19.1;14.4
971;2021-07-20;774;722;72575;54957;19.3;14.6
971;2021-07-21;754;491;73329;55448;19.5;14.7
971;2021-07-22;854;856;74183;56304;19.7;14.9
971;2021-07-23;937;743;75120;57047;19.9;15.1
971;2021-07-24;407;377;75527;57424;20.0;15.2
971;2021-07-25;248;259;75775;57683;20.1;15.3
971;2021-07-26;563;553;76338;58236;20.3;15.5
971;2021-07-27;720;567;77058;58803;20.4;15.6
971;2021-07-28;714;638;77772;59441;20.6;15.8
971;2021-07-29;815;651;78587;60092;20.9;15.9
971;2021-07-30;1150;735;79737;60827;21.2;16.1
971;2021-07-31;550;407;80287;61234;21.3;16.2
971;2021-08-01;301;244;80588;61478;21.4;16.3
971;2021-08-02;608;413;81196;61891;21.5;16.4
972;2020-12-27;0;0;0;0;0.0;0.0
972;2020-12-28;0;0;0;0;0.0;0.0
972;2020-12-29;0;0;0;0;0.0;0.0
972;2020-12-30;0;0;0;0;0.0;0.0
972;2020-12-31;0;0;0;0;0.0;0.0
972;2021-01-01;0;0;0;0;0.0;0.0
972;2021-01-02;0;0;0;0;0.0;0.0
972;2021-01-03;0;0;0;0;0.0;0.0
972;2021-01-04;0;0;0;0;0.0;0.0
972;2021-01-05;0;0;0;0;0.0;0.0
972;2021-01-06;5;0;5;0;0.0;0.0
972;2021-01-07;31;0;36;0;0.0;0.0
972;2021-01-08;90;1;126;1;0.0;0.0
972;2021-01-09;20;0;146;1;0.0;0.0
972;2021-01-10;0;0;146;1;0.0;0.0
972;2021-01-11;122;0;268;1;0.1;0.0
972;2021-01-12;79;0;347;1;0.1;0.0
972;2021-01-13;64;0;411;1;0.1;0.0
972;2021-01-14;88;1;499;2;0.1;0.0
972;2021-01-15;163;0;662;2;0.2;0.0
972;2021-01-16;51;0;713;2;0.2;0.0
972;2021-01-17;0;0;713;2;0.2;0.0
972;2021-01-18;158;0;871;2;0.2;0.0
972;2021-01-19;168;1;1039;3;0.3;0.0
972;2021-01-20;165;0;1204;3;0.3;0.0
972;2021-01-21;181;2;1385;5;0.4;0.0
972;2021-01-22;173;0;1558;5;0.4;0.0
972;2021-01-23;58;0;1616;5;0.5;0.0
972;2021-01-24;0;0;1616;5;0.5;0.0
972;2021-01-25;161;0;1777;5;0.5;0.0
972;2021-01-26;137;1;1914;6;0.5;0.0
972;2021-01-27;163;5;2077;11;0.6;0.0
972;2021-01-28;152;12;2229;23;0.6;0.0
972;2021-01-29;143;41;2372;64;0.7;0.0
972;2021-01-30;96;16;2468;80;0.7;0.0
972;2021-01-31;0;0;2468;80;0.7;0.0
972;2021-02-01;119;74;2587;154;0.7;0.0
972;2021-02-02;184;96;2771;250;0.8;0.1
972;2021-02-03;132;80;2903;330;0.8;0.1
972;2021-02-04;158;73;3061;403;0.9;0.1
972;2021-02-05;124;96;3185;499;0.9;0.1
972;2021-02-06;62;26;3247;525;0.9;0.1
972;2021-02-07;1;0;3248;525;0.9;0.1
972;2021-02-08;137;80;3385;605;0.9;0.2
972;2021-02-09;176;78;3561;683;1.0;0.2
972;2021-02-10;153;90;3714;773;1.0;0.2
972;2021-02-11;150;103;3864;876;1.1;0.2
972;2021-02-12;146;131;4010;1007;1.1;0.3
972;2021-02-13;47;37;4057;1044;1.1;0.3
972;2021-02-14;0;0;4057;1044;1.1;0.3
972;2021-02-15;51;67;4108;1111;1.1;0.3
972;2021-02-16;0;1;4108;1112;1.1;0.3
972;2021-02-17;1;3;4109;1115;1.1;0.3
972;2021-02-18;69;127;4178;1242;1.2;0.3
972;2021-02-19;69;131;4247;1373;1.2;0.4
972;2021-02-20;48;68;4295;1441;1.2;0.4
972;2021-02-21;0;0;4295;1441;1.2;0.4
972;2021-02-22;102;60;4397;1501;1.2;0.4
972;2021-02-23;113;237;4510;1738;1.3;0.5
972;2021-02-24;106;223;4616;1961;1.3;0.5
972;2021-02-25;89;150;4705;2111;1.3;0.6
972;2021-02-26;132;169;4837;2280;1.3;0.6
972;2021-02-27;69;52;4906;2332;1.4;0.7
972;2021-02-28;0;0;4906;2332;1.4;0.7
972;2021-03-01;137;146;5043;2478;1.4;0.7
972;2021-03-02;157;79;5200;2557;1.4;0.7
972;2021-03-03;179;145;5379;2702;1.5;0.8
972;2021-03-04;151;135;5530;2837;1.5;0.8
972;2021-03-05;238;128;5768;2965;1.6;0.8
972;2021-03-06;119;58;5887;3023;1.6;0.8
972;2021-03-07;100;1;5987;3024;1.7;0.8
972;2021-03-08;196;133;6183;3157;1.7;0.9
972;2021-03-09;283;101;6466;3258;1.8;0.9
972;2021-03-10;322;134;6788;3392;1.9;0.9
972;2021-03-11;336;82;7124;3474;2.0;1.0
972;2021-03-12;413;54;7537;3528;2.1;1.0
972;2021-03-13;155;21;7692;3549;2.1;1.0
972;2021-03-14;4;1;7696;3550;2.1;1.0
972;2021-03-15;276;90;7972;3640;2.2;1.0
972;2021-03-16;305;55;8277;3695;2.3;1.0
972;2021-03-17;388;49;8665;3744;2.4;1.0
972;2021-03-18;434;44;9099;3788;2.5;1.1
972;2021-03-19;401;63;9500;3851;2.6;1.1
972;2021-03-20;149;48;9649;3899;2.7;1.1
972;2021-03-21;25;1;9674;3900;2.7;1.1
972;2021-03-22;362;118;10036;4018;2.8;1.1
972;2021-03-23;403;123;10439;4141;2.9;1.2
972;2021-03-24;429;107;10868;4248;3.0;1.2
972;2021-03-25;483;100;11351;4348;3.2;1.2
972;2021-03-26;634;102;11985;4450;3.3;1.2
972;2021-03-27;152;70;12137;4520;3.4;1.3
972;2021-03-28;81;2;12218;4522;3.4;1.3
972;2021-03-29;422;165;12640;4687;3.5;1.3
972;2021-03-30;469;244;13109;4931;3.7;1.4
972;2021-03-31;1150;192;14259;5123;4.0;1.4
972;2021-04-01;955;171;15214;5294;4.2;1.5
972;2021-04-02;895;13;16109;5307;4.5;1.5
972;2021-04-03;788;53;16897;5360;4.7;1.5
972;2021-04-04;751;11;17648;5371;4.9;1.5
972;2021-04-05;829;44;18477;5415;5.2;1.5
972;2021-04-06;883;135;19360;5550;5.4;1.5
972;2021-04-07;1436;326;20796;5876;5.8;1.6
972;2021-04-08;1306;271;22102;6147;6.2;1.7
972;2021-04-09;1240;316;23342;6463;6.5;1.8
972;2021-04-10;838;165;24180;6628;6.7;1.8
972;2021-04-11;621;14;24801;6642;6.9;1.9
972;2021-04-12;867;317;25668;6959;7.2;1.9
972;2021-04-13;880;327;26548;7286;7.4;2.0
972;2021-04-14;960;322;27508;7608;7.7;2.1
972;2021-04-15;959;298;28467;7906;7.9;2.2
972;2021-04-16;994;300;29461;8206;8.2;2.3
972;2021-04-17;530;161;29991;8367;8.4;2.3
972;2021-04-18;339;56;30330;8423;8.5;2.3
972;2021-04-19;668;344;30998;8767;8.6;2.4
972;2021-04-20;868;309;31866;9076;8.9;2.5
972;2021-04-21;1002;354;32868;9430;9.2;2.6
972;2021-04-22;605;314;33473;9744;9.3;2.7
972;2021-04-23;606;465;34079;10209;9.5;2.8
972;2021-04-24;362;197;34441;10406;9.6;2.9
972;2021-04-25;168;199;34609;10605;9.6;3.0
972;2021-04-26;516;541;35125;11146;9.8;3.1
972;2021-04-27;568;609;35693;11755;9.9;3.3
972;2021-04-28;449;691;36142;12446;10.1;3.5
972;2021-04-29;653;641;36795;13087;10.3;3.6
972;2021-04-30;771;687;37566;13774;10.5;3.8
972;2021-05-01;244;246;37810;14020;10.5;3.9
972;2021-05-02;226;513;38036;14533;10.6;4.1
972;2021-05-03;569;772;38605;15305;10.8;4.3
972;2021-05-04;525;678;39130;15983;10.9;4.5
972;2021-05-05;547;896;39677;16879;11.1;4.7
972;2021-05-06;546;785;40223;17664;11.2;4.9
972;2021-05-07;629;1014;40852;18678;11.4;5.2
972;2021-05-08;225;526;41077;19204;11.5;5.4
972;2021-05-09;172;506;41249;19710;11.5;5.5
972;2021-05-10;520;857;41769;20567;11.6;5.7
972;2021-05-11;477;872;42246;21439;11.8;6.0
972;2021-05-12;559;912;42805;22351;11.9;6.2
972;2021-05-13;274;533;43079;22884;12.0;6.4
972;2021-05-14;389;752;43468;23636;12.1;6.6
972;2021-05-15;233;578;43701;24214;12.2;6.7
972;2021-05-16;155;442;43856;24656;12.2;6.9
972;2021-05-17;474;753;44330;25409;12.4;7.1
972;2021-05-18;446;680;44776;26089;12.5;7.3
972;2021-05-19;453;744;45229;26833;12.6;7.5
972;2021-05-20;594;500;45823;27333;12.8;7.6
972;2021-05-21;545;705;46368;28038;12.9;7.8
972;2021-05-22;186;364;46554;28402;13.0;7.9
972;2021-05-23;111;182;46665;28584;13.0;8.0
972;2021-05-24;135;241;46800;28825;13.0;8.0
972;2021-05-25;351;698;47151;29523;13.1;8.2
972;2021-05-26;383;714;47534;30237;13.2;8.4
972;2021-05-27;270;647;47804;30884;13.3;8.6
972;2021-05-28;279;816;48083;31700;13.4;8.8
972;2021-05-29;154;513;48237;32213;13.4;9.0
972;2021-05-30;17;33;48254;32246;13.5;9.0
972;2021-05-31;345;682;48599;32928;13.5;9.2
972;2021-06-01;300;547;48899;33475;13.6;9.3
972;2021-06-02;326;575;49225;34050;13.7;9.5
972;2021-06-03;247;425;49472;34475;13.8;9.6
972;2021-06-04;350;644;49822;35119;13.9;9.8
972;2021-06-05;261;373;50083;35492;14.0;9.9
972;2021-06-06;24;31;50107;35523;14.0;9.9
972;2021-06-07;259;737;50366;36260;14.0;10.1
972;2021-06-08;255;589;50621;36849;14.1;10.3
972;2021-06-09;303;699;50924;37548;14.2;10.5
972;2021-06-10;307;453;51231;38001;14.3;10.6
972;2021-06-11;361;534;51592;38535;14.4;10.7
972;2021-06-12;246;322;51838;38857;14.4;10.8
972;2021-06-13;32;29;51870;38886;14.5;10.8
972;2021-06-14;367;552;52237;39438;14.6;11.0
972;2021-06-15;410;488;52647;39926;14.7;11.1
972;2021-06-16;436;436;53083;40362;14.8;11.3
972;2021-06-17;355;576;53438;40938;14.9;11.4
972;2021-06-18;457;538;53895;41476;15.0;11.6
972;2021-06-19;225;196;54120;41672;15.1;11.6
972;2021-06-20;25;17;54145;41689;15.1;11.6
972;2021-06-21;330;580;54475;42269;15.2;11.8
972;2021-06-22;296;464;54771;42733;15.3;11.9
972;2021-06-23;425;563;55196;43296;15.4;12.1
972;2021-06-24;327;437;55523;43733;15.5;12.2
972;2021-06-25;313;387;55836;44120;15.6;12.3
972;2021-06-26;221;199;56057;44319;15.6;12.4
972;2021-06-27;16;23;56073;44342;15.6;12.4
972;2021-06-28;336;425;56409;44767;15.7;12.5
972;2021-06-29;324;431;56733;45198;15.8;12.6
972;2021-06-30;439;421;57172;45619;15.9;12.7
972;2021-07-01;346;392;57518;46011;16.0;12.8
972;2021-07-02;123;201;57641;46212;16.1;12.9
972;2021-07-03;100;118;57741;46330;16.1;12.9
972;2021-07-04;24;35;57765;46365;16.1;12.9
972;2021-07-05;491;578;58256;46943;16.2;13.1
972;2021-07-06;482;430;58738;47373;16.4;13.2
972;2021-07-07;603;495;59341;47868;16.5;13.3
972;2021-07-08;494;421;59835;48289;16.7;13.5
972;2021-07-09;622;584;60457;48873;16.9;13.6
972;2021-07-10;401;307;60858;49180;17.0;13.7
972;2021-07-11;48;37;60906;49217;17.0;13.7
972;2021-07-12;840;696;61746;49913;17.2;13.9
972;2021-07-13;1465;710;63211;50623;17.6;14.1
972;2021-07-14;132;63;63343;50686;17.7;14.1
972;2021-07-15;1590;680;64933;51366;18.1;14.3
972;2021-07-16;1629;651;66562;52017;18.6;14.5
972;2021-07-17;1057;364;67619;52381;18.8;14.6
972;2021-07-18;56;39;67675;52420;18.9;14.6
972;2021-07-19;1138;651;68813;53071;19.2;14.8
972;2021-07-20;1107;576;69920;53647;19.5;15.0
972;2021-07-21;1075;595;70995;54242;19.8;15.1
972;2021-07-22;879;514;71874;54756;20.0;15.3
972;2021-07-23;929;479;72803;55235;20.3;15.4
972;2021-07-24;494;222;73297;55457;20.4;15.5
972;2021-07-25;50;63;73347;55520;20.4;15.5
972;2021-07-26;681;514;74028;56034;20.6;15.6
972;2021-07-27;1022;507;75050;56541;20.9;15.8
972;2021-07-28;621;562;75671;57103;21.1;15.9
972;2021-07-29;807;534;76478;57637;21.3;16.1
972;2021-07-30;846;613;77324;58250;21.6;16.2
972;2021-07-31;538;266;77862;58516;21.7;16.3
972;2021-08-01;77;33;77939;58549;21.7;16.3
972;2021-08-02;771;809;78710;59358;21.9;16.5
973;2020-12-27;0;0;0;0;0.0;0.0
973;2020-12-28;0;0;0;0;0.0;0.0
973;2020-12-29;0;0;0;0;0.0;0.0
973;2020-12-30;0;0;0;0;0.0;0.0
973;2020-12-31;0;0;0;0;0.0;0.0
973;2021-01-01;0;0;0;0;0.0;0.0
973;2021-01-02;2;2;2;2;0.0;0.0
973;2021-01-03;0;0;2;2;0.0;0.0
973;2021-01-04;0;0;2;2;0.0;0.0
973;2021-01-05;0;0;2;2;0.0;0.0
973;2021-01-06;0;0;2;2;0.0;0.0
973;2021-01-07;0;0;2;2;0.0;0.0
973;2021-01-08;0;0;2;2;0.0;0.0
973;2021-01-09;0;0;2;2;0.0;0.0
973;2021-01-10;0;0;2;2;0.0;0.0
973;2021-01-11;0;0;2;2;0.0;0.0
973;2021-01-12;0;0;2;2;0.0;0.0
973;2021-01-13;30;0;32;2;0.0;0.0
973;2021-01-14;46;0;78;2;0.0;0.0
973;2021-01-15;35;0;113;2;0.0;0.0
973;2021-01-16;18;1;131;3;0.0;0.0
973;2021-01-17;0;0;131;3;0.0;0.0
973;2021-01-18;63;0;194;3;0.1;0.0
973;2021-01-19;150;1;344;4;0.1;0.0
973;2021-01-20;134;0;478;4;0.2;0.0
973;2021-01-21;118;0;596;4;0.2;0.0
973;2021-01-22;76;0;672;4;0.2;0.0
973;2021-01-23;0;0;672;4;0.2;0.0
973;2021-01-24;0;0;672;4;0.2;0.0
973;2021-01-25;56;0;728;4;0.3;0.0
973;2021-01-26;100;2;828;6;0.3;0.0
973;2021-01-27;109;1;937;7;0.3;0.0
973;2021-01-28;96;3;1033;10;0.4;0.0
973;2021-01-29;104;3;1137;13;0.4;0.0
973;2021-01-30;0;0;1137;13;0.4;0.0
973;2021-01-31;0;0;1137;13;0.4;0.0
973;2021-02-01;54;0;1191;13;0.4;0.0
973;2021-02-02;122;4;1313;17;0.5;0.0
973;2021-02-03;118;7;1431;24;0.5;0.0
973;2021-02-04;79;26;1510;50;0.5;0.0
973;2021-02-05;65;8;1575;58;0.5;0.0
973;2021-02-06;0;0;1575;58;0.5;0.0
973;2021-02-07;0;0;1575;58;0.5;0.0
973;2021-02-08;52;12;1627;70;0.6;0.0
973;2021-02-09;92;39;1719;109;0.6;0.0
973;2021-02-10;101;41;1820;150;0.6;0.1
973;2021-02-11;105;92;1925;242;0.7;0.1
973;2021-02-12;88;64;2013;306;0.7;0.1
973;2021-02-13;0;0;2013;306;0.7;0.1
973;2021-02-14;0;0;2013;306;0.7;0.1
973;2021-02-15;27;65;2040;371;0.7;0.1
973;2021-02-16;123;55;2163;426;0.7;0.1
973;2021-02-17;145;120;2308;546;0.8;0.2
973;2021-02-18;103;142;2411;688;0.8;0.2
973;2021-02-19;122;72;2533;760;0.9;0.3
973;2021-02-20;0;0;2533;760;0.9;0.3
973;2021-02-21;0;0;2533;760;0.9;0.3
973;2021-02-22;78;49;2611;809;0.9;0.3
973;2021-02-23;158;102;2769;911;1.0;0.3
973;2021-02-24;190;122;2959;1033;1.0;0.4
973;2021-02-25;259;90;3218;1123;1.1;0.4
973;2021-02-26;264;70;3482;1193;1.2;0.4
973;2021-02-27;120;1;3602;1194;1.2;0.4
973;2021-02-28;0;0;3602;1194;1.2;0.4
973;2021-03-01;180;86;3782;1280;1.3;0.4
973;2021-03-02;255;108;4037;1388;1.4;0.5
973;2021-03-03;255;132;4292;1520;1.5;0.5
973;2021-03-04;281;83;4573;1603;1.6;0.6
973;2021-03-05;274;48;4847;1651;1.7;0.6
973;2021-03-06;118;2;4965;1653;1.7;0.6
973;2021-03-07;0;0;4965;1653;1.7;0.6
973;2021-03-08;187;40;5152;1693;1.8;0.6
973;2021-03-09;350;93;5502;1786;1.9;0.6
973;2021-03-10;358;101;5860;1887;2.0;0.6
973;2021-03-11;270;114;6130;2001;2.1;0.7
973;2021-03-12;287;88;6417;2089;2.2;0.7
973;2021-03-13;111;4;6528;2093;2.2;0.7
973;2021-03-14;0;0;6528;2093;2.2;0.7
973;2021-03-15;181;27;6709;2120;2.3;0.7
973;2021-03-16;242;139;6951;2259;2.4;0.8
973;2021-03-17;273;129;7224;2388;2.5;0.8
973;2021-03-18;249;154;7473;2542;2.6;0.9
973;2021-03-19;284;127;7757;2669;2.7;0.9
973;2021-03-20;255;14;8012;2683;2.8;0.9
973;2021-03-21;119;2;8131;2685;2.8;0.9
973;2021-03-22;219;110;8350;2795;2.9;1.0
973;2021-03-23;274;195;8624;2990;3.0;1.0
973;2021-03-24;235;214;8859;3204;3.0;1.1
973;2021-03-25;168;179;9027;3383;3.1;1.2
973;2021-03-26;189;307;9216;3690;3.2;1.3
973;2021-03-27;58;94;9274;3784;3.2;1.3
973;2021-03-28;0;0;9274;3784;3.2;1.3
973;2021-03-29;175;246;9449;4030;3.3;1.4
973;2021-03-30;445;238;9894;4268;3.4;1.5
973;2021-03-31;320;291;10214;4559;3.5;1.6
973;2021-04-01;444;260;10658;4819;3.7;1.7
973;2021-04-02;306;279;10964;5098;3.8;1.8
973;2021-04-03;153;121;11117;5219;3.8;1.8
973;2021-04-04;1;0;11118;5219;3.8;1.8
973;2021-04-05;118;14;11236;5233;3.9;1.8
973;2021-04-06;438;335;11674;5568;4.0;1.9
973;2021-04-07;503;344;12177;5912;4.2;2.0
973;2021-04-08;514;268;12691;6180;4.4;2.1
973;2021-04-09;497;226;13188;6406;4.5;2.2
973;2021-04-10;147;91;13335;6497;4.6;2.2
973;2021-04-11;2;0;13337;6497;4.6;2.2
973;2021-04-12;551;267;13888;6764;4.8;2.3
973;2021-04-13;674;244;14562;7008;5.0;2.4
973;2021-04-14;722;313;15284;7321;5.3;2.5
973;2021-04-15;777;246;16061;7567;5.5;2.6
973;2021-04-16;757;297;16818;7864;5.8;2.7
973;2021-04-17;499;131;17317;7995;6.0;2.8
973;2021-04-18;499;40;17816;8035;6.1;2.8
973;2021-04-19;714;251;18530;8286;6.4;2.9
973;2021-04-20;606;278;19136;8564;6.6;2.9
973;2021-04-21;874;249;20010;8813;6.9;3.0
973;2021-04-22;722;230;20732;9043;7.1;3.1
973;2021-04-23;705;227;21437;9270;7.4;3.2
973;2021-04-24;524;96;21961;9366;7.6;3.2
973;2021-04-25;611;50;22572;9416;7.8;3.2
973;2021-04-26;780;231;23352;9647;8.0;3.3
973;2021-04-27;820;344;24172;9991;8.3;3.4
973;2021-04-28;745;330;24917;10321;8.6;3.6
973;2021-04-29;664;284;25581;10605;8.8;3.6
973;2021-04-30;712;258;26293;10863;9.0;3.7
973;2021-05-01;210;27;26503;10890;9.1;3.7
973;2021-05-02;602;85;27105;10975;9.3;3.8
973;2021-05-03;553;391;27658;11366;9.5;3.9
973;2021-05-04;624;312;28282;11678;9.7;4.0
973;2021-05-05;658;448;28940;12126;10.0;4.2
973;2021-05-06;655;467;29595;12593;10.2;4.3
973;2021-05-07;556;467;30151;13060;10.4;4.5
973;2021-05-08;341;57;30492;13117;10.5;4.5
973;2021-05-09;262;73;30754;13190;10.6;4.5
973;2021-05-10;425;611;31179;13801;10.7;4.7
973;2021-05-11;392;494;31571;14295;10.9;4.9
973;2021-05-12;508;646;32079;14941;11.0;5.1
973;2021-05-13;334;98;32413;15039;11.2;5.2
973;2021-05-14;481;549;32894;15588;11.3;5.4
973;2021-05-15;258;348;33152;15936;11.4;5.5
973;2021-05-16;208;210;33360;16146;11.5;5.6
973;2021-05-17;446;600;33806;16746;11.6;5.8
973;2021-05-18;560;564;34366;17310;11.8;6.0
973;2021-05-19;535;553;34901;17863;12.0;6.1
973;2021-05-20;642;452;35543;18315;12.2;6.3
973;2021-05-21;499;607;36042;18922;12.4;6.5
973;2021-05-22;167;502;36209;19424;12.5;6.7
973;2021-05-23;270;474;36479;19898;12.5;6.8
973;2021-05-24;561;248;37040;20146;12.7;6.9
973;2021-05-25;498;742;37538;20888;12.9;7.2
973;2021-05-26;445;683;37983;21571;13.1;7.4
973;2021-05-27;706;524;38689;22095;13.3;7.6
973;2021-05-28;579;553;39268;22648;13.5;7.8
973;2021-05-29;255;360;39523;23008;13.6;7.9
973;2021-05-30;151;399;39674;23407;13.6;8.1
973;2021-05-31;341;573;40015;23980;13.8;8.2
973;2021-06-01;399;461;40414;24441;13.9;8.4
973;2021-06-02;543;553;40957;24994;14.1;8.6
973;2021-06-03;520;469;41477;25463;14.3;8.8
973;2021-06-04;599;495;42076;25958;14.5;8.9
973;2021-06-05;273;293;42349;26251;14.6;9.0
973;2021-06-06;211;299;42560;26550;14.6;9.1
973;2021-06-07;486;450;43046;27000;14.8;9.3
973;2021-06-08;544;312;43590;27312;15.0;9.4
973;2021-06-09;516;384;44106;27696;15.2;9.5
973;2021-06-10;355;289;44461;27985;15.3;9.6
973;2021-06-11;434;467;44895;28452;15.4;9.8
973;2021-06-12;170;284;45065;28736;15.5;9.9
973;2021-06-13;214;268;45279;29004;15.6;10.0
973;2021-06-14;377;549;45656;29553;15.7;10.2
973;2021-06-15;366;443;46022;29996;15.8;10.3
973;2021-06-16;447;452;46469;30448;16.0;10.5
973;2021-06-17;404;577;46873;31025;16.1;10.7
973;2021-06-18;360;562;47233;31587;16.2;10.9
973;2021-06-19;234;260;47467;31847;16.3;11.0
973;2021-06-20;126;270;47593;32117;16.4;11.0
973;2021-06-21;281;599;47874;32716;16.5;11.3
973;2021-06-22;328;458;48202;33174;16.6;11.4
973;2021-06-23;291;537;48493;33711;16.7;11.6
973;2021-06-24;397;495;48890;34206;16.8;11.8
973;2021-06-25;394;547;49284;34753;17.0;12.0
973;2021-06-26;172;320;49456;35073;17.0;12.1
973;2021-06-27;121;170;49577;35243;17.1;12.1
973;2021-06-28;284;591;49861;35834;17.2;12.3
973;2021-06-29;336;502;50197;36336;17.3;12.5
973;2021-06-30;331;669;50528;37005;17.4;12.7
973;2021-07-01;360;396;50888;37401;17.5;12.9
973;2021-07-02;406;516;51294;37917;17.6;13.0
973;2021-07-03;207;274;51501;38191;17.7;13.1
973;2021-07-04;86;243;51587;38434;17.7;13.2
973;2021-07-05;313;542;51900;38976;17.9;13.4
973;2021-07-06;313;474;52213;39450;18.0;13.6
973;2021-07-07;311;408;52524;39858;18.1;13.7
973;2021-07-08;260;325;52784;40183;18.2;13.8
973;2021-07-09;356;435;53140;40618;18.3;14.0
973;2021-07-10;164;277;53304;40895;18.3;14.1
973;2021-07-11;102;164;53406;41059;18.4;14.1
973;2021-07-12;359;492;53765;41551;18.5;14.3
973;2021-07-13;650;556;54415;42107;18.7;14.5
973;2021-07-14;373;157;54788;42264;18.8;14.5
973;2021-07-15;613;523;55401;42787;19.1;14.7
973;2021-07-16;564;478;55965;43265;19.3;14.9
973;2021-07-17;336;282;56301;43547;19.4;15.0
973;2021-07-18;249;120;56550;43667;19.5;15.0
973;2021-07-19;494;454;57044;44121;19.6;15.2
973;2021-07-20;520;488;57564;44609;19.8;15.3
973;2021-07-21;507;386;58071;44995;20.0;15.5
973;2021-07-22;617;447;58688;45442;20.2;15.6
973;2021-07-23;573;363;59261;45805;20.4;15.8
973;2021-07-24;321;237;59582;46042;20.5;15.8
973;2021-07-25;161;110;59743;46152;20.6;15.9
973;2021-07-26;417;343;60160;46495;20.7;16.0
973;2021-07-27;468;352;60628;46847;20.9;16.1
973;2021-07-28;384;370;61012;47217;21.0;16.2
973;2021-07-29;448;422;61460;47639;21.1;16.4
973;2021-07-30;433;399;61893;48038;21.3;16.5
973;2021-07-31;204;163;62097;48201;21.4;16.6
973;2021-08-01;139;131;62236;48332;21.4;16.6
973;2021-08-02;347;420;62583;48752;21.5;16.8
974;2020-12-27;0;0;0;0;0.0;0.0
974;2020-12-28;0;0;0;0;0.0;0.0
974;2020-12-29;0;0;0;0;0.0;0.0
974;2020-12-30;0;0;0;0;0.0;0.0
974;2020-12-31;0;0;0;0;0.0;0.0
974;2021-01-01;1;0;1;0;0.0;0.0
974;2021-01-02;0;0;1;0;0.0;0.0
974;2021-01-03;0;0;1;0;0.0;0.0
974;2021-01-04;0;0;1;0;0.0;0.0
974;2021-01-05;2;0;3;0;0.0;0.0
974;2021-01-06;0;0;3;0;0.0;0.0
974;2021-01-07;0;0;3;0;0.0;0.0
974;2021-01-08;0;0;3;0;0.0;0.0
974;2021-01-09;1;0;4;0;0.0;0.0
974;2021-01-10;0;0;4;0;0.0;0.0
974;2021-01-11;0;0;4;0;0.0;0.0
974;2021-01-12;0;0;4;0;0.0;0.0
974;2021-01-13;0;0;4;0;0.0;0.0
974;2021-01-14;0;0;4;0;0.0;0.0
974;2021-01-15;332;0;336;0;0.0;0.0
974;2021-01-16;27;0;363;0;0.0;0.0
974;2021-01-17;0;0;363;0;0.0;0.0
974;2021-01-18;49;1;412;1;0.0;0.0
974;2021-01-19;393;0;805;1;0.1;0.0
974;2021-01-20;481;1;1286;2;0.1;0.0
974;2021-01-21;614;2;1900;4;0.2;0.0
974;2021-01-22;412;1;2312;5;0.3;0.0
974;2021-01-23;75;0;2387;5;0.3;0.0
974;2021-01-24;0;0;2387;5;0.3;0.0
974;2021-01-25;273;2;2660;7;0.3;0.0
974;2021-01-26;429;0;3089;7;0.4;0.0
974;2021-01-27;317;0;3406;7;0.4;0.0
974;2021-01-28;408;0;3814;7;0.4;0.0
974;2021-01-29;422;3;4236;10;0.5;0.0
974;2021-01-30;421;1;4657;11;0.5;0.0
974;2021-01-31;0;0;4657;11;0.5;0.0
974;2021-02-01;372;3;5029;14;0.6;0.0
974;2021-02-02;500;4;5529;18;0.6;0.0
974;2021-02-03;602;14;6131;32;0.7;0.0
974;2021-02-04;627;21;6758;53;0.8;0.0
974;2021-02-05;564;97;7322;150;0.9;0.0
974;2021-02-06;501;5;7823;155;0.9;0.0
974;2021-02-07;0;8;7823;163;0.9;0.0
974;2021-02-08;472;34;8295;197;1.0;0.0
974;2021-02-09;785;92;9080;289;1.1;0.0
974;2021-02-10;820;87;9900;376;1.2;0.0
974;2021-02-11;796;87;10696;463;1.2;0.1
974;2021-02-12;637;93;11333;556;1.3;0.1
974;2021-02-13;653;75;11986;631;1.4;0.1
974;2021-02-14;1;0;11987;631;1.4;0.1
974;2021-02-15;524;126;12511;757;1.5;0.1
974;2021-02-16;651;535;13162;1292;1.5;0.2
974;2021-02-17;592;328;13754;1620;1.6;0.2
974;2021-02-18;493;411;14247;2031;1.7;0.2
974;2021-02-19;497;319;14744;2350;1.7;0.3
974;2021-02-20;577;117;15321;2467;1.8;0.3
974;2021-02-21;0;0;15321;2467;1.8;0.3
974;2021-02-22;402;238;15723;2705;1.8;0.3
974;2021-02-23;607;239;16330;2944;1.9;0.3
974;2021-02-24;584;252;16914;3196;2.0;0.4
974;2021-02-25;646;297;17560;3493;2.0;0.4
974;2021-02-26;485;471;18045;3964;2.1;0.5
974;2021-02-27;384;469;18429;4433;2.1;0.5
974;2021-02-28;0;0;18429;4433;2.1;0.5
974;2021-03-01;293;387;18722;4820;2.2;0.6
974;2021-03-02;485;503;19207;5323;2.2;0.6
974;2021-03-03;757;540;19964;5863;2.3;0.7
974;2021-03-04;777;493;20741;6356;2.4;0.7
974;2021-03-05;727;524;21468;6880;2.5;0.8
974;2021-03-06;812;526;22280;7406;2.6;0.9
974;2021-03-07;0;0;22280;7406;2.6;0.9
974;2021-03-08;436;558;22716;7964;2.6;0.9
974;2021-03-09;671;770;23387;8734;2.7;1.0
974;2021-03-10;643;840;24030;9574;2.8;1.1
974;2021-03-11;700;640;24730;10214;2.9;1.2
974;2021-03-12;730;655;25460;10869;3.0;1.3
974;2021-03-13;668;603;26128;11472;3.0;1.3
974;2021-03-14;2;0;26130;11472;3.0;1.3
974;2021-03-15;506;504;26636;11976;3.1;1.4
974;2021-03-16;681;707;27317;12683;3.2;1.5
974;2021-03-17;848;532;28165;13215;3.3;1.5
974;2021-03-18;1023;543;29188;13758;3.4;1.6
974;2021-03-19;785;533;29973;14291;3.5;1.7
974;2021-03-20;578;596;30551;14887;3.6;1.7
974;2021-03-21;0;0;30551;14887;3.6;1.7
974;2021-03-22;565;468;31116;15355;3.6;1.8
974;2021-03-23;780;640;31896;15995;3.7;1.9
974;2021-03-24;792;645;32688;16640;3.8;1.9
974;2021-03-25;931;537;33619;17177;3.9;2.0
974;2021-03-26;921;451;34540;17628;4.0;2.0
974;2021-03-27;782;337;35322;17965;4.1;2.1
974;2021-03-28;1;0;35323;17965;4.1;2.1
974;2021-03-29;961;270;36284;18235;4.2;2.1
974;2021-03-30;884;497;37168;18732;4.3;2.2
974;2021-03-31;740;661;37908;19393;4.4;2.3
974;2021-04-01;716;707;38624;20100;4.5;2.3
974;2021-04-02;688;758;39312;20858;4.6;2.4
974;2021-04-03;699;701;40011;21559;4.7;2.5
974;2021-04-04;0;0;40011;21559;4.7;2.5
974;2021-04-05;0;0;40011;21559;4.7;2.5
974;2021-04-06;795;634;40806;22193;4.7;2.6
974;2021-04-07;1368;787;42174;22980;4.9;2.7
974;2021-04-08;1792;771;43966;23751;5.1;2.8
974;2021-04-09;1509;780;45475;24531;5.3;2.9
974;2021-04-10;1138;649;46613;25180;5.4;2.9
974;2021-04-11;2;0;46615;25180;5.4;2.9
974;2021-04-12;1238;544;47853;25724;5.6;3.0
974;2021-04-13;1439;754;49292;26478;5.7;3.1
974;2021-04-14;2070;771;51362;27249;6.0;3.2
974;2021-04-15;2506;955;53868;28204;6.3;3.3
974;2021-04-16;1933;784;55801;28988;6.5;3.4
974;2021-04-17;1290;603;57091;29591;6.6;3.4
974;2021-04-18;0;0;57091;29591;6.6;3.4
974;2021-04-19;1374;563;58465;30154;6.8;3.5
974;2021-04-20;1651;805;60116;30959;7.0;3.6
974;2021-04-21;2127;626;62243;31585;7.2;3.7
974;2021-04-22;2949;817;65192;32402;7.6;3.8
974;2021-04-23;2312;817;67504;33219;7.8;3.9
974;2021-04-24;1109;800;68613;34019;8.0;4.0
974;2021-04-25;2;0;68615;34019;8.0;4.0
974;2021-04-26;1172;915;69787;34934;8.1;4.1
974;2021-04-27;1685;1028;71472;35962;8.3;4.2
974;2021-04-28;2897;749;74369;36711;8.6;4.3
974;2021-04-29;3947;810;78316;37521;9.1;4.4
974;2021-04-30;3441;904;81757;38425;9.5;4.5
974;2021-05-01;2106;225;83863;38650;9.8;4.5
974;2021-05-02;1;0;83864;38650;9.8;4.5
974;2021-05-03;1865;574;85729;39224;10.0;4.6
974;2021-05-04;2127;1096;87856;40320;10.2;4.7
974;2021-05-05;3119;1637;90975;41957;10.6;4.9
974;2021-05-06;4004;1587;94979;43544;11.0;5.1
974;2021-05-07;3228;1524;98207;45068;11.4;5.2
974;2021-05-08;1571;503;99778;45571;11.6;5.3
974;2021-05-09;2;1;99780;45572;11.6;5.3
974;2021-05-10;2412;998;102192;46570;11.9;5.4
974;2021-05-11;3651;1640;105843;48210;12.3;5.6
974;2021-05-12;4722;2401;110565;50611;12.9;5.9
974;2021-05-13;3554;595;114119;51206;13.3;6.0
974;2021-05-14;5269;2509;119388;53715;13.9;6.2
974;2021-05-15;3161;1539;122549;55254;14.3;6.4
974;2021-05-16;15;18;122564;55272;14.3;6.4
974;2021-05-17;2998;1496;125562;56768;14.6;6.6
974;2021-05-18;3760;1794;129322;58562;15.0;6.8
974;2021-05-19;4688;2406;134010;60968;15.6;7.1
974;2021-05-20;5139;2851;139149;63819;16.2;7.4
974;2021-05-21;4991;2635;144140;66454;16.8;7.7
974;2021-05-22;3369;1257;147509;67711;17.2;7.9
974;2021-05-23;5;3;147514;67714;17.2;7.9
974;2021-05-24;3643;1076;151157;68790;17.6;8.0
974;2021-05-25;4246;1908;155403;70698;18.1;8.2
974;2021-05-26;4993;2979;160396;73677;18.7;8.6
974;2021-05-27;4615;4095;165011;77772;19.2;9.0
974;2021-05-28;4382;3829;169393;81601;19.7;9.5
974;2021-05-29;2556;2455;171949;84056;20.0;9.8
974;2021-05-30;8;14;171957;84070;20.0;9.8
974;2021-05-31;2348;2252;174305;86322;20.3;10.0
974;2021-06-01;3302;2727;177607;89049;20.7;10.4
974;2021-06-02;3975;3352;181582;92401;21.1;10.7
974;2021-06-03;4046;3652;185628;96053;21.6;11.2
974;2021-06-04;3847;3755;189475;99808;22.0;11.6
974;2021-06-05;2213;1924;191688;101732;22.3;11.8
974;2021-06-06;1072;132;192760;101864;22.4;11.8
974;2021-06-07;2013;2527;194773;104391;22.6;12.1
974;2021-06-08;2556;3333;197329;107724;22.9;12.5
974;2021-06-09;2982;4797;200311;112521;23.3;13.1
974;2021-06-10;3412;4457;203723;116978;23.7;13.6
974;2021-06-11;2841;4622;206564;121600;24.0;14.1
974;2021-06-12;1726;3377;208290;124977;24.2;14.5
974;2021-06-13;1323;245;209613;125222;24.4;14.6
974;2021-06-14;1491;3183;211104;128405;24.5;14.9
974;2021-06-15;2058;3616;213162;132021;24.8;15.4
974;2021-06-16;2751;4651;215913;136672;25.1;15.9
974;2021-06-17;2518;4897;218431;141569;25.4;16.5
974;2021-06-18;2592;4893;221023;146462;25.7;17.0
974;2021-06-19;1305;3517;222328;149979;25.9;17.4
974;2021-06-20;632;288;222960;150267;25.9;17.5
974;2021-06-21;1266;3231;224226;153498;26.1;17.8
974;2021-06-22;1622;3765;225848;157263;26.3;18.3
974;2021-06-23;2252;4991;228100;162254;26.5;18.9
974;2021-06-24;2283;4071;230383;166325;26.8;19.3
974;2021-06-25;2190;4107;232573;170432;27.0;19.8
974;2021-06-26;1400;2709;233973;173141;27.2;20.1
974;2021-06-27;665;265;234638;173406;27.3;20.2
974;2021-06-28;1307;2479;235945;175885;27.4;20.5
974;2021-06-29;1758;2844;237703;178729;27.6;20.8
974;2021-06-30;2557;3845;240260;182574;27.9;21.2
974;2021-07-01;2686;3824;242946;186398;28.3;21.7
974;2021-07-02;2503;3710;245449;190108;28.5;22.1
974;2021-07-03;1609;2458;247058;192566;28.7;22.4
974;2021-07-04;877;1034;247935;193600;28.8;22.5
974;2021-07-05;1686;2219;249621;195819;29.0;22.8
974;2021-07-06;2561;2533;252182;198352;29.3;23.1
974;2021-07-07;2652;3140;254834;201492;29.6;23.4
974;2021-07-08;2397;3170;257231;204662;29.9;23.8
974;2021-07-09;2749;3428;259980;208090;30.2;24.2
974;2021-07-10;1613;2185;261593;210275;30.4;24.5
974;2021-07-11;729;1017;262322;211292;30.5;24.6
974;2021-07-12;1734;2607;264056;213899;30.7;24.9
974;2021-07-13;4366;3332;268422;217231;31.2;25.3
974;2021-07-14;3264;596;271686;217827;31.6;25.3
974;2021-07-15;5511;4006;277197;221833;32.2;25.8
974;2021-07-16;6184;3291;283381;225124;33.0;26.2
974;2021-07-17;4299;1904;287680;227028;33.5;26.4
974;2021-07-18;2659;754;290339;227782;33.8;26.5
974;2021-07-19;4603;2018;294942;229800;34.3;26.7
974;2021-07-20;6188;2405;301130;232205;35.0;27.0
974;2021-07-21;6686;2847;307816;235052;35.8;27.3
974;2021-07-22;7035;2813;314851;237865;36.6;27.7
974;2021-07-23;6583;2974;321434;240839;37.4;28.0
974;2021-07-24;3769;2053;325203;242892;37.8;28.2
974;2021-07-25;2513;758;327716;243650;38.1;28.3
974;2021-07-26;4315;2083;332031;245733;38.6;28.6
974;2021-07-27;5350;2539;337381;248272;39.2;28.9
974;2021-07-28;5272;2879;342653;251151;39.8;29.2
974;2021-07-29;5682;2794;348335;253945;40.5;29.5
974;2021-07-30;5776;2573;354111;256518;41.2;29.8
974;2021-07-31;3889;1630;358000;258148;41.6;30.0
974;2021-08-01;1882;710;359882;258858;41.8;30.1
974;2021-08-02;3303;1847;363185;260705;42.2;30.3
975;2020-12-27;0;0;0;0;0.0;0.0
975;2020-12-28;0;0;0;0;0.0;0.0
975;2020-12-29;0;0;0;0;0.0;0.0
975;2020-12-30;0;0;0;0;0.0;0.0
975;2020-12-31;0;0;0;0;0.0;0.0
975;2021-01-01;0;0;0;0;0.0;0.0
975;2021-01-02;0;0;0;0;0.0;0.0
975;2021-01-03;0;0;0;0;0.0;0.0
975;2021-01-04;0;0;0;0;0.0;0.0
975;2021-01-05;0;0;0;0;0.0;0.0
975;2021-01-06;0;0;0;0;0.0;0.0
975;2021-01-07;0;0;0;0;0.0;0.0
975;2021-01-08;0;0;0;0;0.0;0.0
975;2021-01-09;0;0;0;0;0.0;0.0
975;2021-01-10;0;0;0;0;0.0;0.0
975;2021-01-11;0;0;0;0;0.0;0.0
975;2021-01-12;0;0;0;0;0.0;0.0
975;2021-01-13;0;0;0;0;0.0;0.0
975;2021-01-14;0;0;0;0;0.0;0.0
975;2021-01-15;0;0;0;0;0.0;0.0
975;2021-01-16;0;0;0;0;0.0;0.0
975;2021-01-17;0;0;0;0;0.0;0.0
975;2021-01-18;0;0;0;0;0.0;0.0
975;2021-01-19;0;0;0;0;0.0;0.0
975;2021-01-20;0;0;0;0;0.0;0.0
975;2021-01-21;0;0;0;0;0.0;0.0
975;2021-01-22;0;0;0;0;0.0;0.0
975;2021-01-23;0;0;0;0;0.0;0.0
975;2021-01-24;0;0;0;0;0.0;0.0
975;2021-01-25;0;0;0;0;0.0;0.0
975;2021-01-26;0;0;0;0;0.0;0.0
975;2021-01-27;0;0;0;0;0.0;0.0
975;2021-01-28;0;0;0;0;0.0;0.0
975;2021-01-29;0;0;0;0;0.0;0.0
975;2021-01-30;0;0;0;0;0.0;0.0
975;2021-01-31;0;0;0;0;0.0;0.0
975;2021-02-01;0;0;0;0;0.0;0.0
975;2021-02-02;0;0;0;0;0.0;0.0
975;2021-02-03;0;0;0;0;0.0;0.0
975;2021-02-04;0;0;0;0;0.0;0.0
975;2021-02-05;0;0;0;0;0.0;0.0
975;2021-02-06;0;0;0;0;0.0;0.0
975;2021-02-07;0;0;0;0;0.0;0.0
975;2021-02-08;0;0;0;0;0.0;0.0
975;2021-02-09;0;0;0;0;0.0;0.0
975;2021-02-10;0;0;0;0;0.0;0.0
975;2021-02-11;0;0;0;0;0.0;0.0
975;2021-02-12;0;0;0;0;0.0;0.0
975;2021-02-13;0;0;0;0;0.0;0.0
975;2021-02-14;0;0;0;0;0.0;0.0
975;2021-02-15;0;0;0;0;0.0;0.0
975;2021-02-16;0;0;0;0;0.0;0.0
975;2021-02-17;0;0;0;0;0.0;0.0
975;2021-02-18;0;0;0;0;0.0;0.0
975;2021-02-19;0;0;0;0;0.0;0.0
975;2021-02-20;0;0;0;0;0.0;0.0
975;2021-02-21;0;0;0;0;0.0;0.0
975;2021-02-22;0;0;0;0;0.0;0.0
975;2021-02-23;0;0;0;0;0.0;0.0
975;2021-02-24;0;0;0;0;0.0;0.0
975;2021-02-25;0;0;0;0;0.0;0.0
975;2021-02-26;0;0;0;0;0.0;0.0
975;2021-02-27;0;0;0;0;0.0;0.0
975;2021-02-28;0;0;0;0;0.0;0.0
975;2021-03-01;0;0;0;0;0.0;0.0
975;2021-03-02;0;0;0;0;0.0;0.0
975;2021-03-03;0;0;0;0;0.0;0.0
975;2021-03-04;0;0;0;0;0.0;0.0
975;2021-03-05;0;0;0;0;0.0;0.0
975;2021-03-06;0;0;0;0;0.0;0.0
975;2021-03-07;0;0;0;0;0.0;0.0
975;2021-03-08;0;0;0;0;0.0;0.0
975;2021-03-09;0;0;0;0;0.0;0.0
975;2021-03-10;0;0;0;0;0.0;0.0
975;2021-03-11;0;0;0;0;0.0;0.0
975;2021-03-12;0;0;0;0;0.0;0.0
975;2021-03-13;0;0;0;0;0.0;0.0
975;2021-03-14;0;0;0;0;0.0;0.0
975;2021-03-15;0;0;0;0;0.0;0.0
975;2021-03-16;0;0;0;0;0.0;0.0
975;2021-03-17;0;0;0;0;0.0;0.0
975;2021-03-18;0;0;0;0;0.0;0.0
975;2021-03-19;0;0;0;0;0.0;0.0
975;2021-03-20;0;0;0;0;0.0;0.0
975;2021-03-21;0;0;0;0;0.0;0.0
975;2021-03-22;0;0;0;0;0.0;0.0
975;2021-03-23;0;0;0;0;0.0;0.0
975;2021-03-24;0;0;0;0;0.0;0.0
975;2021-03-25;0;0;0;0;0.0;0.0
975;2021-03-26;0;0;0;0;0.0;0.0
975;2021-03-27;0;0;0;0;0.0;0.0
975;2021-03-28;0;0;0;0;0.0;0.0
975;2021-03-29;2;0;2;0;0.0;0.0
975;2021-03-30;0;0;2;0;0.0;0.0
975;2021-03-31;0;0;2;0;0.0;0.0
975;2021-04-01;0;0;2;0;0.0;0.0
975;2021-04-02;0;0;2;0;0.0;0.0
975;2021-04-03;0;0;2;0;0.0;0.0
975;2021-04-04;0;0;2;0;0.0;0.0
975;2021-04-05;0;0;2;0;0.0;0.0
975;2021-04-06;0;0;2;0;0.0;0.0
975;2021-04-07;0;0;2;0;0.0;0.0
975;2021-04-08;1;0;3;0;0.1;0.0
975;2021-04-09;0;0;3;0;0.1;0.0
975;2021-04-10;0;0;3;0;0.1;0.0
975;2021-04-11;0;0;3;0;0.1;0.0
975;2021-04-12;0;0;3;0;0.1;0.0
975;2021-04-13;0;0;3;0;0.1;0.0
975;2021-04-14;0;0;3;0;0.1;0.0
975;2021-04-15;0;0;3;0;0.1;0.0
975;2021-04-16;0;0;3;0;0.1;0.0
975;2021-04-17;0;0;3;0;0.1;0.0
975;2021-04-18;0;0;3;0;0.1;0.0
975;2021-04-19;0;0;3;0;0.1;0.0
975;2021-04-20;0;0;3;0;0.1;0.0
975;2021-04-21;0;0;3;0;0.1;0.0
975;2021-04-22;0;0;3;0;0.1;0.0
975;2021-04-23;0;0;3;0;0.1;0.0
975;2021-04-24;0;0;3;0;0.1;0.0
975;2021-04-25;0;0;3;0;0.1;0.0
975;2021-04-26;0;0;3;0;0.1;0.0
975;2021-04-27;0;0;3;0;0.1;0.0
975;2021-04-28;0;0;3;0;0.1;0.0
975;2021-04-29;0;0;3;0;0.1;0.0
975;2021-04-30;0;0;3;0;0.1;0.0
975;2021-05-01;0;0;3;0;0.1;0.0
975;2021-05-02;0;0;3;0;0.1;0.0
975;2021-05-03;0;0;3;0;0.1;0.0
975;2021-05-04;0;0;3;0;0.1;0.0
975;2021-05-05;0;0;3;0;0.1;0.0
975;2021-05-06;0;0;3;0;0.1;0.0
975;2021-05-07;0;0;3;0;0.1;0.0
975;2021-05-08;0;0;3;0;0.1;0.0
975;2021-05-09;0;0;3;0;0.1;0.0
975;2021-05-10;0;0;3;0;0.1;0.0
975;2021-05-11;0;0;3;0;0.1;0.0
975;2021-05-12;0;0;3;0;0.1;0.0
975;2021-05-13;0;0;3;0;0.1;0.0
975;2021-05-14;0;0;3;0;0.1;0.0
975;2021-05-15;0;0;3;0;0.1;0.0
975;2021-05-16;0;0;3;0;0.1;0.0
975;2021-05-17;0;0;3;0;0.1;0.0
975;2021-05-18;0;0;3;0;0.1;0.0
975;2021-05-19;0;0;3;0;0.1;0.0
975;2021-05-20;0;0;3;0;0.1;0.0
975;2021-05-21;0;0;3;0;0.1;0.0
975;2021-05-22;0;0;3;0;0.1;0.0
975;2021-05-23;0;0;3;0;0.1;0.0
975;2021-05-24;0;0;3;0;0.1;0.0
975;2021-05-25;0;0;3;0;0.1;0.0
975;2021-05-26;0;0;3;0;0.1;0.0
975;2021-05-27;0;0;3;0;0.1;0.0
975;2021-05-28;0;0;3;0;0.1;0.0
975;2021-05-29;0;2;3;2;0.1;0.0
975;2021-05-30;0;0;3;2;0.1;0.0
975;2021-05-31;0;0;3;2;0.1;0.0
975;2021-06-01;0;0;3;2;0.1;0.0
975;2021-06-02;0;0;3;2;0.1;0.0
975;2021-06-03;0;0;3;2;0.1;0.0
975;2021-06-04;0;0;3;2;0.1;0.0
975;2021-06-05;0;0;3;2;0.1;0.0
975;2021-06-06;0;0;3;2;0.1;0.0
975;2021-06-07;0;0;3;2;0.1;0.0
975;2021-06-08;0;0;3;2;0.1;0.0
975;2021-06-09;0;0;3;2;0.1;0.0
975;2021-06-10;0;0;3;2;0.1;0.0
975;2021-06-11;0;0;3;2;0.1;0.0
975;2021-06-12;0;0;3;2;0.1;0.0
975;2021-06-13;0;0;3;2;0.1;0.0
975;2021-06-14;0;0;3;2;0.1;0.0
975;2021-06-15;0;0;3;2;0.1;0.0
975;2021-06-16;0;0;3;2;0.1;0.0
975;2021-06-17;0;0;3;2;0.1;0.0
975;2021-06-18;0;0;3;2;0.1;0.0
975;2021-06-19;0;0;3;2;0.1;0.0
975;2021-06-20;0;0;3;2;0.1;0.0
975;2021-06-21;1;0;4;2;0.1;0.0
975;2021-06-22;0;0;4;2;0.1;0.0
975;2021-06-23;0;0;4;2;0.1;0.0
975;2021-06-24;0;0;4;2;0.1;0.0
975;2021-06-25;0;0;4;2;0.1;0.0
975;2021-06-26;0;0;4;2;0.1;0.0
975;2021-06-27;0;0;4;2;0.1;0.0
975;2021-06-28;0;0;4;2;0.1;0.0
975;2021-06-29;0;0;4;2;0.1;0.0
975;2021-06-30;0;0;4;2;0.1;0.0
975;2021-07-01;0;0;4;2;0.1;0.0
975;2021-07-02;0;0;4;2;0.1;0.0
975;2021-07-03;0;0;4;2;0.1;0.0
975;2021-07-04;0;0;4;2;0.1;0.0
975;2021-07-05;0;0;4;2;0.1;0.0
975;2021-07-06;1;0;5;2;0.1;0.0
975;2021-07-07;6;0;11;2;0.2;0.0
975;2021-07-08;0;0;11;2;0.2;0.0
975;2021-07-09;0;0;11;2;0.2;0.0
975;2021-07-10;0;0;11;2;0.2;0.0
975;2021-07-11;0;0;11;2;0.2;0.0
975;2021-07-12;0;0;11;2;0.2;0.0
975;2021-07-13;0;0;11;2;0.2;0.0
975;2021-07-14;0;0;11;2;0.2;0.0
975;2021-07-15;0;0;11;2;0.2;0.0
975;2021-07-16;0;0;11;2;0.2;0.0
975;2021-07-17;0;0;11;2;0.2;0.0
975;2021-07-18;0;0;11;2;0.2;0.0
975;2021-07-19;0;0;11;2;0.2;0.0
975;2021-07-20;0;0;11;2;0.2;0.0
975;2021-07-21;0;0;11;2;0.2;0.0
975;2021-07-22;0;0;11;2;0.2;0.0
975;2021-07-23;0;0;11;2;0.2;0.0
975;2021-07-24;0;0;11;2;0.2;0.0
975;2021-07-25;0;0;11;2;0.2;0.0
975;2021-07-26;0;0;11;2;0.2;0.0
975;2021-07-27;0;0;11;2;0.2;0.0
975;2021-07-28;0;0;11;2;0.2;0.0
975;2021-07-29;0;0;11;2;0.2;0.0
975;2021-07-30;0;0;11;2;0.2;0.0
975;2021-07-31;0;0;11;2;0.2;0.0
975;2021-08-01;0;0;11;2;0.2;0.0
975;2021-08-02;1;0;12;2;0.2;0.0
976;2020-12-27;0;0;0;0;0.0;0.0
976;2020-12-28;0;0;0;0;0.0;0.0
976;2020-12-29;0;0;0;0;0.0;0.0
976;2020-12-30;0;0;0;0;0.0;0.0
976;2020-12-31;0;0;0;0;0.0;0.0
976;2021-01-01;0;0;0;0;0.0;0.0
976;2021-01-02;0;0;0;0;0.0;0.0
976;2021-01-03;0;0;0;0;0.0;0.0
976;2021-01-04;0;0;0;0;0.0;0.0
976;2021-01-05;0;0;0;0;0.0;0.0
976;2021-01-06;0;0;0;0;0.0;0.0
976;2021-01-07;0;0;0;0;0.0;0.0
976;2021-01-08;0;0;0;0;0.0;0.0
976;2021-01-09;0;0;0;0;0.0;0.0
976;2021-01-10;0;0;0;0;0.0;0.0
976;2021-01-11;9;0;9;0;0.0;0.0
976;2021-01-12;0;0;9;0;0.0;0.0
976;2021-01-13;0;0;9;0;0.0;0.0
976;2021-01-14;0;0;9;0;0.0;0.0
976;2021-01-15;1;0;10;0;0.0;0.0
976;2021-01-16;1;0;11;0;0.0;0.0
976;2021-01-17;0;0;11;0;0.0;0.0
976;2021-01-18;1;0;12;0;0.0;0.0
976;2021-01-19;0;0;12;0;0.0;0.0
976;2021-01-20;0;0;12;0;0.0;0.0
976;2021-01-21;0;0;12;0;0.0;0.0
976;2021-01-22;0;0;12;0;0.0;0.0
976;2021-01-23;1;0;13;0;0.0;0.0
976;2021-01-24;0;0;13;0;0.0;0.0
976;2021-01-25;141;1;154;1;0.1;0.0
976;2021-01-26;165;3;319;4;0.1;0.0
976;2021-01-27;251;3;570;7;0.2;0.0
976;2021-01-28;102;8;672;15;0.2;0.0
976;2021-01-29;231;2;903;17;0.3;0.0
976;2021-01-30;285;11;1188;28;0.4;0.0
976;2021-01-31;1;0;1189;28;0.4;0.0
976;2021-02-01;160;0;1349;28;0.5;0.0
976;2021-02-02;330;8;1679;36;0.6;0.0
976;2021-02-03;228;2;1907;38;0.7;0.0
976;2021-02-04;216;9;2123;47;0.8;0.0
976;2021-02-05;214;1;2337;48;0.8;0.0
976;2021-02-06;83;10;2420;58;0.9;0.0
976;2021-02-07;0;0;2420;58;0.9;0.0
976;2021-02-08;82;3;2502;61;0.9;0.0
976;2021-02-09;193;1;2695;62;1.0;0.0
976;2021-02-10;187;4;2882;66;1.0;0.0
976;2021-02-11;236;4;3118;70;1.1;0.0
976;2021-02-12;287;4;3405;74;1.2;0.0
976;2021-02-13;56;0;3461;74;1.2;0.0
976;2021-02-14;1;0;3462;74;1.2;0.0
976;2021-02-15;359;6;3821;80;1.4;0.0
976;2021-02-16;266;10;4087;90;1.5;0.0
976;2021-02-17;167;7;4254;97;1.5;0.0
976;2021-02-18;217;12;4471;109;1.6;0.0
976;2021-02-19;237;24;4708;133;1.7;0.0
976;2021-02-20;139;8;4847;141;1.7;0.1
976;2021-02-21;0;0;4847;141;1.7;0.1
976;2021-02-22;130;122;4977;263;1.8;0.1
976;2021-02-23;185;155;5162;418;1.8;0.1
976;2021-02-24;176;145;5338;563;1.9;0.2
976;2021-02-25;227;277;5565;840;2.0;0.3
976;2021-02-26;242;246;5807;1086;2.1;0.4
976;2021-02-27;0;0;5807;1086;2.1;0.4
976;2021-02-28;0;0;5807;1086;2.1;0.4
976;2021-03-01;145;259;5952;1345;2.1;0.5
976;2021-03-02;228;259;6180;1604;2.2;0.6
976;2021-03-03;202;189;6382;1793;2.3;0.6
976;2021-03-04;205;142;6587;1935;2.4;0.7
976;2021-03-05;224;113;6811;2048;2.4;0.7
976;2021-03-06;1;0;6812;2048;2.4;0.7
976;2021-03-07;0;0;6812;2048;2.4;0.7
976;2021-03-08;189;109;7001;2157;2.5;0.8
976;2021-03-09;391;161;7392;2318;2.6;0.8
976;2021-03-10;180;178;7572;2496;2.7;0.9
976;2021-03-11;167;207;7739;2703;2.8;1.0
976;2021-03-12;237;292;7976;2995;2.9;1.1
976;2021-03-13;2;0;7978;2995;2.9;1.1
976;2021-03-14;0;0;7978;2995;2.9;1.1
976;2021-03-15;157;293;8135;3288;2.9;1.2
976;2021-03-16;236;223;8371;3511;3.0;1.3
976;2021-03-17;264;143;8635;3654;3.1;1.3
976;2021-03-18;173;236;8808;3890;3.2;1.4
976;2021-03-19;172;298;8980;4188;3.2;1.5
976;2021-03-20;0;0;8980;4188;3.2;1.5
976;2021-03-21;0;0;8980;4188;3.2;1.5
976;2021-03-22;98;136;9078;4324;3.2;1.5
976;2021-03-23;136;240;9214;4564;3.3;1.6
976;2021-03-24;160;146;9374;4710;3.4;1.7
976;2021-03-25;186;206;9560;4916;3.4;1.8
976;2021-03-26;160;211;9720;5127;3.5;1.8
976;2021-03-27;18;0;9738;5127;3.5;1.8
976;2021-03-28;1;0;9739;5127;3.5;1.8
976;2021-03-29;0;2;9739;5129;3.5;1.8
976;2021-03-30;272;335;10011;5464;3.6;2.0
976;2021-03-31;224;125;10235;5589;3.7;2.0
976;2021-04-01;244;103;10479;5692;3.7;2.0
976;2021-04-02;288;263;10767;5955;3.9;2.1
976;2021-04-03;905;307;11672;6262;4.2;2.2
976;2021-04-04;1;0;11673;6262;4.2;2.2
976;2021-04-05;1;0;11674;6262;4.2;2.2
976;2021-04-06;162;278;11836;6540;4.2;2.3
976;2021-04-07;237;266;12073;6806;4.3;2.4
976;2021-04-08;286;140;12359;6946;4.4;2.5
976;2021-04-09;248;171;12607;7117;4.5;2.5
976;2021-04-10;181;114;12788;7231;4.6;2.6
976;2021-04-11;7;0;12795;7231;4.6;2.6
976;2021-04-12;0;19;12795;7250;4.6;2.6
976;2021-04-13;394;344;13189;7594;4.7;2.7
976;2021-04-14;239;205;13428;7799;4.8;2.8
976;2021-04-15;207;117;13635;7916;4.9;2.8
976;2021-04-16;214;127;13849;8043;5.0;2.9
976;2021-04-17;226;131;14075;8174;5.0;2.9
976;2021-04-18;1;0;14076;8174;5.0;2.9
976;2021-04-19;7;1;14083;8175;5.0;2.9
976;2021-04-20;369;224;14452;8399;5.2;3.0
976;2021-04-21;413;150;14865;8549;5.3;3.1
976;2021-04-22;410;151;15275;8700;5.5;3.1
976;2021-04-23;367;166;15642;8866;5.6;3.2
976;2021-04-24;413;128;16055;8994;5.7;3.2
976;2021-04-25;2;0;16057;8994;5.7;3.2
976;2021-04-26;54;8;16111;9002;5.8;3.2
976;2021-04-27;351;292;16462;9294;5.9;3.3
976;2021-04-28;355;515;16817;9809;6.0;3.5
976;2021-04-29;559;344;17376;10153;6.2;3.6
976;2021-04-30;404;238;17780;10391;6.4;3.7
976;2021-05-01;671;285;18451;10676;6.6;3.8
976;2021-05-02;0;0;18451;10676;6.6;3.8
976;2021-05-03;141;6;18592;10682;6.7;3.8
976;2021-05-04;353;426;18945;11108;6.8;4.0
976;2021-05-05;447;318;19392;11426;6.9;4.1
976;2021-05-06;320;201;19712;11627;7.1;4.2
976;2021-05-07;341;133;20053;11760;7.2;4.2
976;2021-05-08;301;139;20354;11899;7.3;4.3
976;2021-05-09;0;0;20354;11899;7.3;4.3
976;2021-05-10;9;9;20363;11908;7.3;4.3
976;2021-05-11;362;488;20725;12396;7.4;4.4
976;2021-05-12;333;310;21058;12706;7.5;4.5
976;2021-05-13;127;97;21185;12803;7.6;4.6
976;2021-05-14;0;0;21185;12803;7.6;4.6
976;2021-05-15;486;283;21671;13086;7.8;4.7
976;2021-05-16;1;0;21672;13086;7.8;4.7
976;2021-05-17;123;51;21795;13137;7.8;4.7
976;2021-05-18;516;430;22311;13567;8.0;4.9
976;2021-05-19;651;663;22962;14230;8.2;5.1
976;2021-05-20;1055;497;24017;14727;8.6;5.3
976;2021-05-21;1046;314;25063;15041;9.0;5.4
976;2021-05-22;1242;299;26305;15340;9.4;5.5
976;2021-05-23;0;0;26305;15340;9.4;5.5
976;2021-05-24;1;0;26306;15340;9.4;5.5
976;2021-05-25;889;623;27195;15963;9.7;5.7
976;2021-05-26;1036;841;28231;16804;10.1;6.0
976;2021-05-27;1324;510;29555;17314;10.6;6.2
976;2021-05-28;957;374;30512;17688;10.9;6.3
976;2021-05-29;1130;391;31642;18079;11.3;6.5
976;2021-05-30;1;1;31643;18080;11.3;6.5
976;2021-05-31;105;6;31748;18086;11.4;6.5
976;2021-06-01;1151;651;32899;18737;11.8;6.7
976;2021-06-02;1237;530;34136;19267;12.2;6.9
976;2021-06-03;807;352;34943;19619;12.5;7.0
976;2021-06-04;1001;323;35944;19942;12.9;7.1
976;2021-06-05;678;300;36622;20242;13.1;7.2
976;2021-06-06;1;0;36623;20242;13.1;7.2
976;2021-06-07;90;12;36713;20254;13.1;7.2
976;2021-06-08;955;444;37668;20698;13.5;7.4
976;2021-06-09;972;551;38640;21249;13.8;7.6
976;2021-06-10;692;230;39332;21479;14.1;7.7
976;2021-06-11;848;366;40180;21845;14.4;7.8
976;2021-06-12;581;276;40761;22121;14.6;7.9
976;2021-06-13;1;0;40762;22121;14.6;7.9
976;2021-06-14;186;112;40948;22233;14.7;8.0
976;2021-06-15;412;839;41360;23072;14.8;8.3
976;2021-06-16;890;1441;42250;24513;15.1;8.8
976;2021-06-17;776;657;43026;25170;15.4;9.0
976;2021-06-18;706;622;43732;25792;15.6;9.2
976;2021-06-19;537;643;44269;26435;15.8;9.5
976;2021-06-20;1;0;44270;26435;15.8;9.5
976;2021-06-21;127;130;44397;26565;15.9;9.5
976;2021-06-22;429;1150;44826;27715;16.0;9.9
976;2021-06-23;659;1185;45485;28900;16.3;10.3
976;2021-06-24;465;545;45950;29445;16.4;10.5
976;2021-06-25;542;477;46492;29922;16.6;10.7
976;2021-06-26;388;689;46880;30611;16.8;11.0
976;2021-06-27;0;0;46880;30611;16.8;11.0
976;2021-06-28;106;191;46986;30802;16.8;11.0
976;2021-06-29;707;974;47693;31776;17.1;11.4
976;2021-06-30;673;946;48366;32722;17.3;11.7
976;2021-07-01;572;546;48938;33268;17.5;11.9
976;2021-07-02;452;429;49390;33697;17.7;12.1
976;2021-07-03;446;420;49836;34117;17.8;12.2
976;2021-07-04;2;0;49838;34117;17.8;12.2
976;2021-07-05;115;224;49953;34341;17.9;12.3
976;2021-07-06;496;859;50449;35200;18.1;12.6
976;2021-07-07;756;1002;51205;36202;18.3;13.0
976;2021-07-08;793;628;51998;36830;18.6;13.2
976;2021-07-09;783;515;52781;37345;18.9;13.4
976;2021-07-10;434;316;53215;37661;19.0;13.5
976;2021-07-11;0;0;53215;37661;19.0;13.5
976;2021-07-12;160;170;53375;37831;19.1;13.5
976;2021-07-13;830;996;54205;38827;19.4;13.9
976;2021-07-14;0;5;54205;38832;19.4;13.9
976;2021-07-15;1203;808;55408;39640;19.8;14.2
976;2021-07-16;1284;648;56692;40288;20.3;14.4
976;2021-07-17;1031;366;57723;40654;20.7;14.5
976;2021-07-18;0;0;57723;40654;20.7;14.5
976;2021-07-19;203;133;57926;40787;20.7;14.6
976;2021-07-20;1151;867;59077;41654;21.1;14.9
976;2021-07-21;32;28;59109;41682;21.2;14.9
976;2021-07-22;1119;649;60228;42331;21.6;15.1
976;2021-07-23;1199;533;61427;42864;22.0;15.3
976;2021-07-24;847;435;62274;43299;22.3;15.5
976;2021-07-25;0;0;62274;43299;22.3;15.5
976;2021-07-26;178;36;62452;43335;22.3;15.5
976;2021-07-27;1124;820;63576;44155;22.7;15.8
976;2021-07-28;962;632;64538;44787;23.1;16.0
976;2021-07-29;1198;553;65736;45340;23.5;16.2
976;2021-07-30;1201;403;66937;45743;24.0;16.4
976;2021-07-31;760;272;67697;46015;24.2;16.5
976;2021-08-01;0;0;67697;46015;24.2;16.5
976;2021-08-02;308;178;68005;46193;24.3;16.5
977;2020-12-27;0;0;0;0;0.0;0.0
977;2020-12-28;0;0;0;0;0.0;0.0
977;2020-12-29;0;0;0;0;0.0;0.0
977;2020-12-30;0;0;0;0;0.0;0.0
977;2020-12-31;0;0;0;0;0.0;0.0
977;2021-01-01;0;0;0;0;0.0;0.0
977;2021-01-02;0;0;0;0;0.0;0.0
977;2021-01-03;0;0;0;0;0.0;0.0
977;2021-01-04;0;0;0;0;0.0;0.0
977;2021-01-05;0;0;0;0;0.0;0.0
977;2021-01-06;0;0;0;0;0.0;0.0
977;2021-01-07;0;0;0;0;0.0;0.0
977;2021-01-08;0;0;0;0;0.0;0.0
977;2021-01-09;0;0;0;0;0.0;0.0
977;2021-01-10;0;0;0;0;0.0;0.0
977;2021-01-11;0;0;0;0;0.0;0.0
977;2021-01-12;0;0;0;0;0.0;0.0
977;2021-01-13;0;0;0;0;0.0;0.0
977;2021-01-14;0;0;0;0;0.0;0.0
977;2021-01-15;0;0;0;0;0.0;0.0
977;2021-01-16;0;0;0;0;0.0;0.0
977;2021-01-17;0;0;0;0;0.0;0.0
977;2021-01-18;1;0;1;0;0.0;0.0
977;2021-01-19;0;0;1;0;0.0;0.0
977;2021-01-20;0;0;1;0;0.0;0.0
977;2021-01-21;12;0;13;0;0.1;0.0
977;2021-01-22;12;0;25;0;0.3;0.0
977;2021-01-23;0;0;25;0;0.3;0.0
977;2021-01-24;0;0;25;0;0.3;0.0
977;2021-01-25;0;0;25;0;0.3;0.0
977;2021-01-26;0;0;25;0;0.3;0.0
977;2021-01-27;12;0;37;0;0.4;0.0
977;2021-01-28;1;0;38;0;0.4;0.0
977;2021-01-29;6;0;44;0;0.4;0.0
977;2021-01-30;0;0;44;0;0.4;0.0
977;2021-01-31;0;0;44;0;0.4;0.0
977;2021-02-01;0;0;44;0;0.4;0.0
977;2021-02-02;0;0;44;0;0.4;0.0
977;2021-02-03;11;0;55;0;0.6;0.0
977;2021-02-04;12;0;67;0;0.7;0.0
977;2021-02-05;11;0;78;0;0.8;0.0
977;2021-02-06;0;0;78;0;0.8;0.0
977;2021-02-07;0;0;78;0;0.8;0.0
977;2021-02-08;0;0;78;0;0.8;0.0
977;2021-02-09;13;0;91;0;0.9;0.0
977;2021-02-10;0;0;91;0;0.9;0.0
977;2021-02-11;17;0;108;0;1.1;0.0
977;2021-02-12;45;0;153;0;1.5;0.0
977;2021-02-13;0;0;153;0;1.5;0.0
977;2021-02-14;0;0;153;0;1.5;0.0
977;2021-02-15;0;0;153;0;1.5;0.0
977;2021-02-16;0;0;153;0;1.5;0.0
977;2021-02-17;0;0;153;0;1.5;0.0
977;2021-02-18;18;0;171;0;1.7;0.0
977;2021-02-19;35;0;206;0;2.1;0.0
977;2021-02-20;0;0;206;0;2.1;0.0
977;2021-02-21;0;0;206;0;2.1;0.0
977;2021-02-22;0;0;206;0;2.1;0.0
977;2021-02-23;0;22;206;22;2.1;0.2
977;2021-02-24;0;0;206;22;2.1;0.2
977;2021-02-25;15;10;221;32;2.2;0.3
977;2021-02-26;33;20;254;52;2.5;0.5
977;2021-02-27;0;0;254;52;2.5;0.5
977;2021-02-28;0;0;254;52;2.5;0.5
977;2021-03-01;0;0;254;52;2.5;0.5
977;2021-03-02;19;11;273;63;2.7;0.6
977;2021-03-03;0;0;273;63;2.7;0.6
977;2021-03-04;16;12;289;75;2.9;0.8
977;2021-03-05;35;19;324;94;3.3;0.9
977;2021-03-06;0;0;324;94;3.3;0.9
977;2021-03-07;0;0;324;94;3.3;0.9
977;2021-03-08;0;0;324;94;3.3;0.9
977;2021-03-09;1;0;325;94;3.3;0.9
977;2021-03-10;0;0;325;94;3.3;0.9
977;2021-03-11;20;30;345;124;3.5;1.2
977;2021-03-12;62;41;407;165;4.1;1.7
977;2021-03-13;0;0;407;165;4.1;1.7
977;2021-03-14;0;0;407;165;4.1;1.7
977;2021-03-15;0;0;407;165;4.1;1.7
977;2021-03-16;30;9;437;174;4.4;1.7
977;2021-03-17;0;0;437;174;4.4;1.7
977;2021-03-18;30;16;467;190;4.7;1.9
977;2021-03-19;55;30;522;220;5.2;2.2
977;2021-03-20;0;0;522;220;5.2;2.2
977;2021-03-21;0;0;522;220;5.2;2.2
977;2021-03-22;0;0;522;220;5.2;2.2
977;2021-03-23;0;0;522;220;5.2;2.2
977;2021-03-24;0;0;522;220;5.2;2.2
977;2021-03-25;65;17;587;237;5.9;2.4
977;2021-03-26;73;26;660;263;6.6;2.6
977;2021-03-27;0;0;660;263;6.6;2.6
977;2021-03-28;0;0;660;263;6.6;2.6
977;2021-03-29;0;0;660;263;6.6;2.6
977;2021-03-30;40;18;700;281;7.0;2.8
977;2021-03-31;26;15;726;296;7.3;3.0
977;2021-04-01;25;32;751;328;7.5;3.3
977;2021-04-02;0;0;751;328;7.5;3.3
977;2021-04-03;0;0;751;328;7.5;3.3
977;2021-04-04;0;0;751;328;7.5;3.3
977;2021-04-05;9;0;760;328;7.6;3.3
977;2021-04-06;0;0;760;328;7.6;3.3
977;2021-04-07;0;0;760;328;7.6;3.3
977;2021-04-08;57;46;817;374;8.2;3.8
977;2021-04-09;58;31;875;405;8.8;4.1
977;2021-04-10;0;0;875;405;8.8;4.1
977;2021-04-11;0;0;875;405;8.8;4.1
977;2021-04-12;0;0;875;405;8.8;4.1
977;2021-04-13;0;0;875;405;8.8;4.1
977;2021-04-14;5;6;880;411;8.8;4.1
977;2021-04-15;56;71;936;482;9.4;4.8
977;2021-04-16;90;35;1026;517;10.3;5.2
977;2021-04-17;0;1;1026;518;10.3;5.2
977;2021-04-18;0;0;1026;518;10.3;5.2
977;2021-04-19;1;0;1027;518;10.3;5.2
977;2021-04-20;335;65;1362;583;13.7;5.9
977;2021-04-21;337;30;1699;613;17.1;6.2
977;2021-04-22;284;50;1983;663;19.9;6.7
977;2021-04-23;260;42;2243;705;22.5;7.1
977;2021-04-24;231;1;2474;706;24.8;7.1
977;2021-04-25;0;0;2474;706;24.8;7.1
977;2021-04-26;283;19;2757;725;27.7;7.3
977;2021-04-27;224;68;2981;793;29.9;8.0
977;2021-04-28;192;26;3173;819;31.9;8.2
977;2021-04-29;170;23;3343;842;33.6;8.5
977;2021-04-30;172;16;3515;858;35.3;8.6
977;2021-05-01;202;12;3717;870;37.3;8.7
977;2021-05-02;0;0;3717;870;37.3;8.7
977;2021-05-03;135;9;3852;879;38.7;8.8
977;2021-05-04;161;53;4013;932;40.3;9.4
977;2021-05-05;221;30;4234;962;42.5;9.7
977;2021-05-06;175;33;4409;995;44.3;10.0
977;2021-05-07;149;31;4558;1026;45.8;10.3
977;2021-05-08;1;0;4559;1026;45.8;10.3
977;2021-05-09;0;2;4559;1028;45.8;10.3
977;2021-05-10;0;0;4559;1028;45.8;10.3
977;2021-05-11;3;41;4562;1069;45.8;10.7
977;2021-05-12;6;36;4568;1105;45.9;11.1
977;2021-05-13;0;0;4568;1105;45.9;11.1
977;2021-05-14;28;98;4596;1203;46.1;12.1
977;2021-05-15;0;0;4596;1203;46.1;12.1
977;2021-05-16;1;0;4597;1203;46.1;12.1
977;2021-05-17;1;14;4598;1217;46.2;12.2
977;2021-05-18;17;32;4615;1249;46.3;12.5
977;2021-05-19;0;1;4615;1250;46.3;12.5
977;2021-05-20;0;8;4615;1258;46.3;12.6
977;2021-05-21;12;32;4627;1290;46.5;13.0
977;2021-05-22;0;0;4627;1290;46.5;13.0
977;2021-05-23;0;0;4627;1290;46.5;13.0
977;2021-05-24;0;0;4627;1290;46.5;13.0
977;2021-05-25;50;333;4677;1623;47.0;16.3
977;2021-05-26;54;360;4731;1983;47.5;19.9
977;2021-05-27;34;317;4765;2300;47.8;23.1
977;2021-05-28;27;256;4792;2556;48.1;25.7
977;2021-05-29;35;375;4827;2931;48.5;29.4
977;2021-05-30;1;0;4828;2931;48.5;29.4
977;2021-05-31;45;216;4873;3147;48.9;31.6
977;2021-06-01;48;227;4921;3374;49.4;33.9
977;2021-06-02;69;273;4990;3647;50.1;36.6
977;2021-06-03;41;252;5031;3899;50.5;39.1
977;2021-06-04;79;269;5110;4168;51.3;41.8
977;2021-06-05;1;0;5111;4168;51.3;41.8
977;2021-06-06;0;0;5111;4168;51.3;41.8
977;2021-06-07;1;1;5112;4169;51.3;41.9
977;2021-06-08;3;2;5115;4171;51.4;41.9
977;2021-06-09;0;3;5115;4174;51.4;41.9
977;2021-06-10;8;4;5123;4178;51.4;41.9
977;2021-06-11;4;8;5127;4186;51.5;42.0
977;2021-06-12;16;59;5143;4245;51.6;42.6
977;2021-06-13;0;0;5143;4245;51.6;42.6
977;2021-06-14;0;0;5143;4245;51.6;42.6
977;2021-06-15;0;1;5143;4246;51.6;42.6
977;2021-06-16;0;0;5143;4246;51.6;42.6
977;2021-06-17;2;6;5145;4252;51.7;42.7
977;2021-06-18;0;2;5145;4254;51.7;42.7
977;2021-06-19;25;49;5170;4303;51.9;43.2
977;2021-06-20;0;0;5170;4303;51.9;43.2
977;2021-06-21;0;2;5170;4305;51.9;43.2
977;2021-06-22;8;0;5178;4305;52.0;43.2
977;2021-06-23;15;9;5193;4314;52.1;43.3
977;2021-06-24;10;5;5203;4319;52.2;43.4
977;2021-06-25;0;0;5203;4319;52.2;43.4
977;2021-06-26;25;45;5228;4364;52.5;43.8
977;2021-06-27;0;0;5228;4364;52.5;43.8
977;2021-06-28;0;0;5228;4364;52.5;43.8
977;2021-06-29;0;0;5228;4364;52.5;43.8
977;2021-06-30;0;0;5228;4364;52.5;43.8
977;2021-07-01;27;36;5255;4400;52.8;44.2
977;2021-07-02;26;31;5281;4431;53.0;44.5
977;2021-07-03;27;212;5308;4643;53.3;46.6
977;2021-07-04;0;0;5308;4643;53.3;46.6
977;2021-07-05;4;8;5312;4651;53.3;46.7
977;2021-07-06;0;0;5312;4651;53.3;46.7
977;2021-07-07;8;0;5320;4651;53.4;46.7
977;2021-07-08;33;23;5353;4674;53.7;46.9
977;2021-07-09;23;33;5376;4707;54.0;47.3
977;2021-07-10;28;40;5404;4747;54.3;47.7
977;2021-07-11;0;0;5404;4747;54.3;47.7
977;2021-07-12;0;1;5404;4748;54.3;47.7
977;2021-07-13;10;9;5414;4757;54.4;47.8
977;2021-07-14;0;0;5414;4757;54.4;47.8
977;2021-07-15;1;11;5415;4768;54.4;47.9
977;2021-07-16;44;50;5459;4818;54.8;48.4
977;2021-07-17;34;36;5493;4854;55.1;48.7
977;2021-07-18;0;0;5493;4854;55.1;48.7
977;2021-07-19;3;2;5496;4856;55.2;48.8
977;2021-07-20;3;1;5499;4857;55.2;48.8
977;2021-07-21;33;16;5532;4873;55.5;48.9
977;2021-07-22;35;33;5567;4906;55.9;49.3
977;2021-07-23;32;28;5599;4934;56.2;49.5
977;2021-07-24;43;26;5642;4960;56.6;49.8
977;2021-07-25;0;0;5642;4960;56.6;49.8
977;2021-07-26;13;9;5655;4969;56.8;49.9
977;2021-07-27;0;10;5655;4979;56.8;50.0
977;2021-07-28;31;14;5686;4993;57.1;50.1
977;2021-07-29;33;32;5719;5025;57.4;50.4
977;2021-07-30;31;29;5750;5054;57.7;50.7
977;2021-07-31;53;23;5803;5077;58.3;51.0
977;2021-08-01;0;0;5803;5077;58.3;51.0
977;2021-08-02;11;1;5814;5078;58.4;51.0
978;2020-12-27;0;0;0;0;0.0;0.0
978;2020-12-28;0;0;0;0;0.0;0.0
978;2020-12-29;0;0;0;0;0.0;0.0
978;2020-12-30;0;0;0;0;0.0;0.0
978;2020-12-31;0;0;0;0;0.0;0.0
978;2021-01-01;0;0;0;0;0.0;0.0
978;2021-01-02;0;0;0;0;0.0;0.0
978;2021-01-03;0;0;0;0;0.0;0.0
978;2021-01-04;0;0;0;0;0.0;0.0
978;2021-01-05;0;0;0;0;0.0;0.0
978;2021-01-06;0;0;0;0;0.0;0.0
978;2021-01-07;0;0;0;0;0.0;0.0
978;2021-01-08;0;0;0;0;0.0;0.0
978;2021-01-09;0;0;0;0;0.0;0.0
978;2021-01-10;0;0;0;0;0.0;0.0
978;2021-01-11;0;0;0;0;0.0;0.0
978;2021-01-12;0;0;0;0;0.0;0.0
978;2021-01-13;10;0;10;0;0.0;0.0
978;2021-01-14;12;0;22;0;0.1;0.0
978;2021-01-15;9;0;31;0;0.1;0.0
978;2021-01-16;0;0;31;0;0.1;0.0
978;2021-01-17;0;0;31;0;0.1;0.0
978;2021-01-18;0;0;31;0;0.1;0.0
978;2021-01-19;12;0;43;0;0.1;0.0
978;2021-01-20;13;0;56;0;0.2;0.0
978;2021-01-21;6;0;62;0;0.2;0.0
978;2021-01-22;0;0;62;0;0.2;0.0
978;2021-01-23;0;0;62;0;0.2;0.0
978;2021-01-24;0;0;62;0;0.2;0.0
978;2021-01-25;0;0;62;0;0.2;0.0
978;2021-01-26;9;0;71;0;0.2;0.0
978;2021-01-27;10;0;81;0;0.2;0.0
978;2021-01-28;6;0;87;0;0.2;0.0
978;2021-01-29;0;0;87;0;0.2;0.0
978;2021-01-30;0;0;87;0;0.2;0.0
978;2021-01-31;0;0;87;0;0.2;0.0
978;2021-02-01;0;0;87;0;0.2;0.0
978;2021-02-02;38;0;125;0;0.4;0.0
978;2021-02-03;10;0;135;0;0.4;0.0
978;2021-02-04;31;0;166;0;0.5;0.0
978;2021-02-05;6;0;172;0;0.5;0.0
978;2021-02-06;0;0;172;0;0.5;0.0
978;2021-02-07;0;0;172;0;0.5;0.0
978;2021-02-08;0;0;172;0;0.5;0.0
978;2021-02-09;38;0;210;0;0.6;0.0
978;2021-02-10;27;1;237;1;0.7;0.0
978;2021-02-11;0;0;237;1;0.7;0.0
978;2021-02-12;36;0;273;1;0.8;0.0
978;2021-02-13;0;0;273;1;0.8;0.0
978;2021-02-14;0;0;273;1;0.8;0.0
978;2021-02-15;50;1;323;2;0.9;0.0
978;2021-02-16;0;0;323;2;0.9;0.0
978;2021-02-17;0;0;323;2;0.9;0.0
978;2021-02-18;28;0;351;2;1.0;0.0
978;2021-02-19;44;0;395;2;1.1;0.0
978;2021-02-20;0;0;395;2;1.1;0.0
978;2021-02-21;0;0;395;2;1.1;0.0
978;2021-02-22;45;4;440;6;1.2;0.0
978;2021-02-23;41;29;481;35;1.4;0.1
978;2021-02-24;35;1;516;36;1.5;0.1
978;2021-02-25;55;36;571;72;1.6;0.2
978;2021-02-26;39;5;610;77;1.7;0.2
978;2021-02-27;0;0;610;77;1.7;0.2
978;2021-02-28;0;0;610;77;1.7;0.2
978;2021-03-01;49;5;659;82;1.9;0.2
978;2021-03-02;7;27;666;109;1.9;0.3
978;2021-03-03;48;28;714;137;2.0;0.4
978;2021-03-04;30;26;744;163;2.1;0.5
978;2021-03-05;46;10;790;173;2.2;0.5
978;2021-03-06;0;0;790;173;2.2;0.5
978;2021-03-07;0;0;790;173;2.2;0.5
978;2021-03-08;32;7;822;180;2.3;0.5
978;2021-03-09;19;27;841;207;2.4;0.6
978;2021-03-10;33;28;874;235;2.5;0.7
978;2021-03-11;2;0;876;235;2.5;0.7
978;2021-03-12;52;21;928;256;2.6;0.7
978;2021-03-13;13;0;941;256;2.7;0.7
978;2021-03-14;0;0;941;256;2.7;0.7
978;2021-03-15;31;41;972;297;2.8;0.8
978;2021-03-16;73;6;1045;303;3.0;0.9
978;2021-03-17;67;13;1112;316;3.1;0.9
978;2021-03-18;82;39;1194;355;3.4;1.0
978;2021-03-19;32;50;1226;405;3.5;1.1
978;2021-03-20;0;0;1226;405;3.5;1.1
978;2021-03-21;0;0;1226;405;3.5;1.1
978;2021-03-22;34;45;1260;450;3.6;1.3
978;2021-03-23;30;43;1290;493;3.7;1.4
978;2021-03-24;38;42;1328;535;3.8;1.5
978;2021-03-25;94;34;1422;569;4.0;1.6
978;2021-03-26;45;33;1467;602;4.2;1.7
978;2021-03-27;94;3;1561;605;4.4;1.7
978;2021-03-28;0;0;1561;605;4.4;1.7
978;2021-03-29;69;48;1630;653;4.6;1.8
978;2021-03-30;98;24;1728;677;4.9;1.9
978;2021-03-31;90;49;1818;726;5.1;2.1
978;2021-04-01;57;48;1875;774;5.3;2.2
978;2021-04-02;0;0;1875;774;5.3;2.2
978;2021-04-03;1;0;1876;774;5.3;2.2
978;2021-04-04;0;0;1876;774;5.3;2.2
978;2021-04-05;2;0;1878;774;5.3;2.2
978;2021-04-06;49;63;1927;837;5.5;2.4
978;2021-04-07;91;33;2018;870;5.7;2.5
978;2021-04-08;120;7;2138;877;6.1;2.5
978;2021-04-09;90;39;2228;916;6.3;2.6
978;2021-04-10;169;11;2397;927;6.8;2.6
978;2021-04-11;0;0;2397;927;6.8;2.6
978;2021-04-12;41;75;2438;1002;6.9;2.8
978;2021-04-13;49;71;2487;1073;7.0;3.0
978;2021-04-14;82;45;2569;1118;7.3;3.2
978;2021-04-15;92;23;2661;1141;7.5;3.2
978;2021-04-16;77;42;2738;1183;7.7;3.3
978;2021-04-17;165;4;2903;1187;8.2;3.4
978;2021-04-18;0;0;2903;1187;8.2;3.4
978;2021-04-19;52;67;2955;1254;8.4;3.5
978;2021-04-20;83;27;3038;1281;8.6;3.6
978;2021-04-21;91;29;3129;1310;8.9;3.7
978;2021-04-22;101;20;3230;1330;9.1;3.8
978;2021-04-23;45;66;3275;1396;9.3;4.0
978;2021-04-24;99;78;3374;1474;9.5;4.2
978;2021-04-25;0;0;3374;1474;9.5;4.2
978;2021-04-26;29;91;3403;1565;9.6;4.4
978;2021-04-27;59;63;3462;1628;9.8;4.6
978;2021-04-28;90;39;3552;1667;10.1;4.7
978;2021-04-29;89;33;3641;1700;10.3;4.8
978;2021-04-30;104;14;3745;1714;10.6;4.9
978;2021-05-01;0;8;3745;1722;10.6;4.9
978;2021-05-02;0;0;3745;1722;10.6;4.9
978;2021-05-03;25;99;3770;1821;10.7;5.2
978;2021-05-04;159;102;3929;1923;11.1;5.4
978;2021-05-05;141;58;4070;1981;11.5;5.6
978;2021-05-06;200;49;4270;2030;12.1;5.7
978;2021-05-07;127;71;4397;2101;12.4;5.9
978;2021-05-08;69;122;4466;2223;12.6;6.3
978;2021-05-09;0;0;4466;2223;12.6;6.3
978;2021-05-10;124;99;4590;2322;13.0;6.6
978;2021-05-11;132;72;4722;2394;13.4;6.8
978;2021-05-12;156;78;4878;2472;13.8;7.0
978;2021-05-13;83;6;4961;2478;14.0;7.0
978;2021-05-14;130;62;5091;2540;14.4;7.2
978;2021-05-15;87;4;5178;2544;14.7;7.2
978;2021-05-16;0;0;5178;2544;14.7;7.2
978;2021-05-17;146;115;5324;2659;15.1;7.5
978;2021-05-18;151;94;5475;2753;15.5;7.8
978;2021-05-19;84;69;5559;2822;15.7;8.0
978;2021-05-20;104;26;5663;2848;16.0;8.1
978;2021-05-21;98;53;5761;2901;16.3;8.2
978;2021-05-22;100;11;5861;2912;16.6;8.2
978;2021-05-23;0;0;5861;2912;16.6;8.2
978;2021-05-24;33;7;5894;2919;16.7;8.3
978;2021-05-25;119;78;6013;2997;17.0;8.5
978;2021-05-26;109;49;6122;3046;17.3;8.6
978;2021-05-27;112;42;6234;3088;17.6;8.7
978;2021-05-28;33;1;6267;3089;17.7;8.7
978;2021-05-29;60;213;6327;3302;17.9;9.3
978;2021-05-30;0;0;6327;3302;17.9;9.3
978;2021-05-31;112;63;6439;3365;18.2;9.5
978;2021-06-01;116;62;6555;3427;18.6;9.7
978;2021-06-02;131;33;6686;3460;18.9;9.8
978;2021-06-03;102;38;6788;3498;19.2;9.9
978;2021-06-04;128;70;6916;3568;19.6;10.1
978;2021-06-05;83;21;6999;3589;19.8;10.2
978;2021-06-06;0;0;6999;3589;19.8;10.2
978;2021-06-07;96;96;7095;3685;20.1;10.4
978;2021-06-08;82;89;7177;3774;20.3;10.7
978;2021-06-09;99;73;7276;3847;20.6;10.9
978;2021-06-10;112;63;7388;3910;20.9;11.1
978;2021-06-11;117;106;7505;4016;21.2;11.4
978;2021-06-12;57;30;7562;4046;21.4;11.5
978;2021-06-13;0;0;7562;4046;21.4;11.5
978;2021-06-14;106;127;7668;4173;21.7;11.8
978;2021-06-15;88;120;7756;4293;22.0;12.1
978;2021-06-16;105;148;7861;4441;22.2;12.6
978;2021-06-17;85;72;7946;4513;22.5;12.8
978;2021-06-18;66;99;8012;4612;22.7;13.1
978;2021-06-19;64;79;8076;4691;22.9;13.3
978;2021-06-20;0;0;8076;4691;22.9;13.3
978;2021-06-21;78;152;8154;4843;23.1;13.7
978;2021-06-22;71;103;8225;4946;23.3;14.0
978;2021-06-23;68;115;8293;5061;23.5;14.3
978;2021-06-24;44;75;8337;5136;23.6;14.5
978;2021-06-25;63;100;8400;5236;23.8;14.8
978;2021-06-26;35;61;8435;5297;23.9;15.0
978;2021-06-27;0;0;8435;5297;23.9;15.0
978;2021-06-28;72;130;8507;5427;24.1;15.4
978;2021-06-29;62;105;8569;5532;24.3;15.7
978;2021-06-30;56;110;8625;5642;24.4;16.0
978;2021-07-01;42;87;8667;5729;24.5;16.2
978;2021-07-02;52;91;8719;5820;24.7;16.5
978;2021-07-03;40;90;8759;5910;24.8;16.7
978;2021-07-04;0;1;8759;5911;24.8;16.7
978;2021-07-05;66;93;8825;6004;25.0;17.0
978;2021-07-06;55;76;8880;6080;25.1;17.2
978;2021-07-07;55;123;8935;6203;25.3;17.6
978;2021-07-08;52;107;8987;6310;25.4;17.9
978;2021-07-09;46;93;9033;6403;25.6;18.1
978;2021-07-10;38;84;9071;6487;25.7;18.4
978;2021-07-11;0;4;9071;6491;25.7;18.4
978;2021-07-12;71;130;9142;6621;25.9;18.7
978;2021-07-13;146;162;9288;6783;26.3;19.2
978;2021-07-14;3;0;9291;6783;26.3;19.2
978;2021-07-15;161;194;9452;6977;26.8;19.7
978;2021-07-16;112;113;9564;7090;27.1;20.1
978;2021-07-17;51;100;9615;7190;27.2;20.3
978;2021-07-18;0;0;9615;7190;27.2;20.3
978;2021-07-19;98;134;9713;7324;27.5;20.7
978;2021-07-20;80;73;9793;7397;27.7;20.9
978;2021-07-21;61;49;9854;7446;27.9;21.1
978;2021-07-22;97;115;9951;7561;28.2;21.4
978;2021-07-23;67;100;10018;7661;28.4;21.7
978;2021-07-24;20;35;10038;7696;28.4;21.8
978;2021-07-25;0;0;10038;7696;28.4;21.8
978;2021-07-26;91;116;10129;7812;28.7;22.1
978;2021-07-27;67;145;10196;7957;28.9;22.5
978;2021-07-28;72;127;10268;8084;29.1;22.9
978;2021-07-29;80;98;10348;8182;29.3;23.2
978;2021-07-30;82;116;10430;8298;29.5;23.5
978;2021-07-31;48;66;10478;8364;29.7;23.7
978;2021-08-01;0;0;10478;8364;29.7;23.7
978;2021-08-02;65;95;10543;8459;29.8;23.9
