dep;jour;n_dose1;n_complet;n_cum_dose1;n_cum_complet;couv_dose1;couv_complet
01;2020-12-27;2;0;2;0;0.0;0.0
01;2020-12-28;0;0;2;0;0.0;0.0
01;2020-12-29;0;0;2;0;0.0;0.0
01;2020-12-30;0;0;2;0;0.0;0.0
01;2020-12-31;0;0;2;0;0.0;0.0
01;2021-01-01;2;0;4;0;0.0;0.0
01;2021-01-02;1;0;5;0;0.0;0.0
01;2021-01-03;0;0;5;0;0.0;0.0
01;2021-01-04;2;0;7;0;0.0;0.0
01;2021-01-05;2;0;9;0;0.0;0.0
01;2021-01-06;1;0;10;0;0.0;0.0
01;2021-01-07;67;0;77;0;0.0;0.0
01;2021-01-08;159;1;236;1;0.0;0.0
01;2021-01-09;2;1;238;2;0.0;0.0
01;2021-01-10;1;0;239;2;0.0;0.0
01;2021-01-11;148;0;387;2;0.1;0.0
01;2021-01-12;318;2;705;4;0.1;0.0
01;2021-01-13;445;1;1150;5;0.2;0.0
01;2021-01-14;530;3;1680;8;0.3;0.0
01;2021-01-15;398;4;2078;12;0.3;0.0
01;2021-01-16;202;0;2280;12;0.3;0.0
01;2021-01-17;128;0;2408;12;0.4;0.0
01;2021-01-18;380;3;2788;15;0.4;0.0
01;2021-01-19;1041;2;3829;17;0.6;0.0
01;2021-01-20;1262;4;5091;21;0.8;0.0
01;2021-01-21;1101;6;6192;27;0.9;0.0
01;2021-01-22;651;4;6843;31;1.0;0.0
01;2021-01-23;223;0;7066;31;1.1;0.0
01;2021-01-24;70;1;7136;32;1.1;0.0
01;2021-01-25;485;1;7621;33;1.2;0.0
01;2021-01-26;745;5;8366;38;1.3;0.0
01;2021-01-27;518;7;8884;45;1.4;0.0
01;2021-01-28;683;57;9567;102;1.5;0.0
01;2021-01-29;640;102;10207;204;1.6;0.0
01;2021-01-30;237;15;10444;219;1.6;0.0
01;2021-01-31;62;0;10506;219;1.6;0.0
01;2021-02-01;459;73;10965;292;1.7;0.0
01;2021-02-02;519;185;11484;477;1.7;0.1
01;2021-02-03;376;299;11860;776;1.8;0.1
01;2021-02-04;480;417;12340;1193;1.9;0.2
01;2021-02-05;444;281;12784;1474;1.9;0.2
01;2021-02-06;264;143;13048;1617;2.0;0.2
01;2021-02-07;2;111;13050;1728;2.0;0.3
01;2021-02-08;506;404;13556;2132;2.1;0.3
01;2021-02-09;776;857;14332;2989;2.2;0.5
01;2021-02-10;957;720;15289;3709;2.3;0.6
01;2021-02-11;795;774;16084;4483;2.4;0.7
01;2021-02-12;640;552;16724;5035;2.5;0.8
01;2021-02-13;161;151;16885;5186;2.6;0.8
01;2021-02-14;2;9;16887;5195;2.6;0.8
01;2021-02-15;438;445;17325;5640;2.6;0.9
01;2021-02-16;660;422;17985;6062;2.7;0.9
01;2021-02-17;524;251;18509;6313;2.8;1.0
01;2021-02-18;592;570;19101;6883;2.9;1.0
01;2021-02-19;580;249;19681;7132;3.0;1.1
01;2021-02-20;201;154;19882;7286;3.0;1.1
01;2021-02-21;1;1;19883;7287;3.0;1.1
01;2021-02-22;429;558;20312;7845;3.1;1.2
01;2021-02-23;483;523;20795;8368;3.2;1.3
01;2021-02-24;435;462;21230;8830;3.2;1.3
01;2021-02-25;827;610;22057;9440;3.4;1.4
01;2021-02-26;874;545;22931;9985;3.5;1.5
01;2021-02-27;480;118;23411;10103;3.6;1.5
01;2021-02-28;20;3;23431;10106;3.6;1.5
01;2021-03-01;636;460;24067;10566;3.7;1.6
01;2021-03-02;964;561;25031;11127;3.8;1.7
01;2021-03-03;945;669;25976;11796;4.0;1.8
01;2021-03-04;1198;646;27174;12442;4.1;1.9
01;2021-03-05;1356;501;28530;12943;4.3;2.0
01;2021-03-06;781;102;29311;13045;4.5;2.0
01;2021-03-07;44;1;29355;13046;4.5;2.0
01;2021-03-08;670;627;30025;13673;4.6;2.1
01;2021-03-09;1341;618;31366;14291;4.8;2.2
01;2021-03-10;1163;560;32529;14851;5.0;2.3
01;2021-03-11;1686;645;34215;15496;5.2;2.4
01;2021-03-12;2008;648;36223;16144;5.5;2.5
01;2021-03-13;1502;102;37725;16246;5.7;2.5
01;2021-03-14;134;59;37859;16305;5.8;2.5
01;2021-03-15;1154;407;39013;16712;5.9;2.5
01;2021-03-16;1014;566;40027;17278;6.1;2.6
01;2021-03-17;839;347;40866;17625;6.2;2.7
01;2021-03-18;1295;475;42161;18100;6.4;2.8
01;2021-03-19;1750;548;43911;18648;6.7;2.8
01;2021-03-20;1447;137;45358;18785;6.9;2.9
01;2021-03-21;99;11;45457;18796;6.9;2.9
01;2021-03-22;1576;493;47033;19289;7.2;2.9
01;2021-03-23;2197;655;49230;19944;7.5;3.0
01;2021-03-24;1616;421;50846;20365;7.7;3.1
01;2021-03-25;2911;636;53757;21001;8.2;3.2
01;2021-03-26;2871;617;56628;21618;8.6;3.3
01;2021-03-27;1311;164;57939;21782;8.8;3.3
01;2021-03-28;22;1;57961;21783;8.8;3.3
01;2021-03-29;1930;548;59891;22331;9.1;3.4
01;2021-03-30;2515;780;62406;23111;9.5;3.5
01;2021-03-31;1869;630;64275;23741;9.8;3.6
01;2021-04-01;2569;860;66844;24601;10.2;3.7
01;2021-04-02;2818;733;69662;25334;10.6;3.9
01;2021-04-03;1256;137;70918;25471;10.8;3.9
01;2021-04-04;3;1;70921;25472;10.8;3.9
01;2021-04-05;1261;67;72182;25539;11.0;3.9
01;2021-04-06;2825;801;75007;26340;11.4;4.0
01;2021-04-07;2741;710;77748;27050;11.8;4.1
01;2021-04-08;3245;1007;80993;28057;12.3;4.3
01;2021-04-09;3983;1336;84976;29393;12.9;4.5
01;2021-04-10;1823;305;86799;29698;13.2;4.5
01;2021-04-11;44;22;86843;29720;13.2;4.5
01;2021-04-12;2716;1228;89559;30948;13.6;4.7
01;2021-04-13;2944;1332;92503;32280;14.1;4.9
01;2021-04-14;3126;1083;95629;33363;14.6;5.1
01;2021-04-15;3074;1484;98703;34847;15.0;5.3
01;2021-04-16;2861;1585;101564;36432;15.5;5.5
01;2021-04-17;1654;682;103218;37114;15.7;5.6
01;2021-04-18;13;0;103231;37114;15.7;5.6
01;2021-04-19;2039;1524;105270;38638;16.0;5.9
01;2021-04-20;2668;1574;107938;40212;16.4;6.1
01;2021-04-21;2690;1352;110628;41564;16.8;6.3
01;2021-04-22;2835;1531;113463;43095;17.3;6.6
01;2021-04-23;2765;1535;116228;44630;17.7;6.8
01;2021-04-24;1448;656;117676;45286;17.9;6.9
01;2021-04-25;9;0;117685;45286;17.9;6.9
01;2021-04-26;1970;1730;119655;47016;18.2;7.2
01;2021-04-27;2572;1559;122227;48575;18.6;7.4
01;2021-04-28;2500;1577;124727;50152;19.0;7.6
01;2021-04-29;2716;1775;127443;51927;19.4;7.9
01;2021-04-30;2982;2252;130425;54179;19.9;8.2
01;2021-05-01;1473;859;131898;55038;20.1;8.4
01;2021-05-02;545;76;132443;55114;20.2;8.4
01;2021-05-03;2296;2482;134739;57596;20.5;8.8
01;2021-05-04;2539;2643;137278;60239;20.9;9.2
01;2021-05-05;2527;2503;139805;62742;21.3;9.6
01;2021-05-06;2995;2530;142800;65272;21.7;9.9
01;2021-05-07;3215;2779;146015;68051;22.2;10.4
01;2021-05-08;1645;922;147660;68973;22.5;10.5
01;2021-05-09;1022;162;148682;69135;22.6;10.5
01;2021-05-10;2500;3071;151182;72206;23.0;11.0
01;2021-05-11;3581;3066;154763;75272;23.6;11.5
01;2021-05-12;3652;3005;158415;78277;24.1;11.9
01;2021-05-13;4089;1503;162504;79780;24.7;12.1
01;2021-05-14;4272;2347;166776;82127;25.4;12.5
01;2021-05-15;3159;1435;169935;83562;25.9;12.7
01;2021-05-16;1413;150;171348;83712;26.1;12.7
01;2021-05-17;3445;2469;174793;86181;26.6;13.1
01;2021-05-18;4075;1959;178868;88140;27.2;13.4
01;2021-05-19;3974;1904;182842;90044;27.8;13.7
01;2021-05-20;4526;2017;187368;92061;28.5;14.0
01;2021-05-21;4621;2198;191989;94259;29.2;14.3
01;2021-05-22;3368;955;195357;95214;29.7;14.5
01;2021-05-23;834;84;196191;95298;29.9;14.5
01;2021-05-24;2765;500;198956;95798;30.3;14.6
01;2021-05-25;3560;2430;202516;98228;30.8;15.0
01;2021-05-26;3569;2252;206085;100480;31.4;15.3
01;2021-05-27;3853;2097;209938;102577;32.0;15.6
01;2021-05-28;3665;2638;213603;105215;32.5;16.0
01;2021-05-29;3055;1305;216658;106520;33.0;16.2
01;2021-05-30;613;88;217271;106608;33.1;16.2
01;2021-05-31;2407;2521;219678;109129;33.4;16.6
01;2021-06-01;2771;2591;222449;111720;33.9;17.0
01;2021-06-02;2883;2203;225332;113923;34.3;17.3
01;2021-06-03;3366;2441;228698;116364;34.8;17.7
01;2021-06-04;4501;3373;233199;119737;35.5;18.2
01;2021-06-05;3252;1732;236451;121469;36.0;18.5
01;2021-06-06;670;78;237121;121547;36.1;18.5
01;2021-06-07;3388;2875;240509;124422;36.6;18.9
01;2021-06-08;3649;2719;244158;127141;37.2;19.4
01;2021-06-09;2948;2637;247106;129778;37.6;19.8
01;2021-06-10;2767;2043;249873;131821;38.0;20.1
01;2021-06-11;3072;3368;252945;135189;38.5;20.6
01;2021-06-12;2402;2197;255347;137386;38.9;20.9
01;2021-06-13;201;479;255548;137865;38.9;21.0
01;2021-06-14;2119;3162;257667;141027;39.2;21.5
01;2021-06-15;2005;3368;259672;144395;39.5;22.0
01;2021-06-16;2175;3287;261847;147682;39.9;22.5
01;2021-06-17;1959;3174;263806;150856;40.2;23.0
01;2021-06-18;2635;4163;266441;155019;40.6;23.6
01;2021-06-19;1727;2556;268168;157575;40.8;24.0
01;2021-06-20;159;498;268327;158073;40.8;24.1
01;2021-06-21;1798;3704;270125;161777;41.1;24.6
01;2021-06-22;1552;4002;271677;165779;41.4;25.2
01;2021-06-23;1583;3754;273260;169533;41.6;25.8
01;2021-06-24;1471;3565;274731;173098;41.8;26.3
01;2021-06-25;1889;4566;276620;177664;42.1;27.0
01;2021-06-26;1209;2946;277829;180610;42.3;27.5
01;2021-06-27;171;339;278000;180949;42.3;27.5
01;2021-06-28;1382;4024;279382;184973;42.5;28.2
01;2021-06-29;1409;3852;280791;188825;42.7;28.7
01;2021-06-30;1381;4157;282172;192982;43.0;29.4
01;2021-07-01;1431;4088;283603;197070;43.2;30.0
01;2021-07-02;1587;4987;285190;202057;43.4;30.8
01;2021-07-03;858;3374;286048;205431;43.5;31.3
01;2021-07-04;105;499;286153;205930;43.6;31.3
01;2021-07-05;1486;4083;287639;210013;43.8;32.0
01;2021-07-06;1105;4275;288744;214288;44.0;32.6
01;2021-07-07;1757;3697;290501;217985;44.2;33.2
01;2021-07-08;1474;3677;291975;221662;44.4;33.7
01;2021-07-09;1885;4364;293860;226026;44.7;34.4
01;2021-07-10;1119;3438;294979;229464;44.9;34.9
01;2021-07-11;105;418;295084;229882;44.9;35.0
01;2021-07-12;1422;3844;296506;233726;45.1;35.6
01;2021-07-13;2058;4116;298564;237842;45.4;36.2
01;2021-07-14;148;179;298712;238021;45.5;36.2
01;2021-07-15;3104;4191;301816;242212;45.9;36.9
01;2021-07-16;3745;4838;305561;247050;46.5;37.6
01;2021-07-17;2203;3044;307764;250094;46.8;38.1
01;2021-07-18;290;551;308054;250645;46.9;38.2
01;2021-07-19;2915;3871;310969;254516;47.3;38.7
01;2021-07-20;3296;3694;314265;258210;47.8;39.3
01;2021-07-21;3935;3569;318200;261779;48.4;39.8
01;2021-07-22;4219;3496;322419;265275;49.1;40.4
01;2021-07-23;3942;4221;326361;269496;49.7;41.0
01;2021-07-24;2731;2713;329092;272209;50.1;41.4
01;2021-07-25;61;60;329153;272269;50.1;41.4
01;2021-07-26;3346;3240;332499;275509;50.6;41.9
01;2021-07-27;4105;2792;336604;278301;51.2;42.4
01;2021-07-28;3989;2652;340593;280953;51.8;42.8
01;2021-07-29;4696;2438;345289;283391;52.6;43.1
01;2021-07-30;4458;3431;349747;286822;53.2;43.7
01;2021-07-31;3641;1773;353388;288595;53.8;43.9
01;2021-08-01;397;76;353785;288671;53.9;43.9
01;2021-08-02;3078;2455;356863;291126;54.3;44.3
01;2021-08-03;3069;2455;359932;293581;54.8;44.7
01;2021-08-04;2543;1737;362475;295318;55.2;45.0
01;2021-08-05;2249;2365;364724;297683;55.5;45.3
01;2021-08-06;2750;3114;367474;300797;55.9;45.8
01;2021-08-07;2071;1837;369545;302634;56.3;46.1
01;2021-08-08;248;258;369793;302892;56.3;46.1
01;2021-08-09;1136;2633;370929;305525;56.5;46.5
01;2021-08-10;1445;2412;372374;307937;56.7;46.9
01;2021-08-11;1472;2596;373846;310533;56.9;47.3
01;2021-08-12;1626;2829;375472;313362;57.2;47.7
01;2021-08-13;1814;2728;377286;316090;57.4;48.1
01;2021-08-14;1392;2233;378678;318323;57.6;48.5
01;2021-08-15;18;21;378696;318344;57.6;48.5
01;2021-08-16;983;3013;379679;321357;57.8;48.9
01;2021-08-17;1355;2761;381034;324118;58.0;49.3
01;2021-08-18;1257;2907;382291;327025;58.2;49.8
01;2021-08-19;1301;2425;383592;329450;58.4;50.1
01;2021-08-20;1458;3951;385050;333401;58.6;50.7
01;2021-08-21;883;2848;385933;336249;58.7;51.2
01;2021-08-22;19;20;385952;336269;58.7;51.2
01;2021-08-23;1116;3020;387068;339289;58.9;51.6
01;2021-08-24;1230;3153;388298;342442;59.1;52.1
01;2021-08-25;1124;2993;389422;345435;59.3;52.6
01;2021-08-26;1649;2740;391071;348175;59.5;53.0
01;2021-08-27;1641;3652;392712;351827;59.8;53.6
01;2021-08-28;1044;2591;393756;354418;59.9;53.9
01;2021-08-29;16;31;393772;354449;59.9;54.0
01;2021-08-30;1187;2708;394959;357157;60.1;54.4
01;2021-08-31;1092;1895;396051;359052;60.3;54.7
01;2021-09-01;924;1697;396975;360749;60.4;54.9
01;2021-09-02;805;1523;397780;362272;60.5;55.1
01;2021-09-03;1130;2196;398910;364468;60.7;55.5
01;2021-09-04;796;1898;399706;366366;60.8;55.8
01;2021-09-05;97;60;399803;366426;60.9;55.8
01;2021-09-06;657;1093;400460;367519;61.0;55.9
01;2021-09-07;578;1021;401038;368540;61.0;56.1
01;2021-09-08;815;1391;401853;369931;61.2;56.3
01;2021-09-09;771;1131;402624;371062;61.3;56.5
01;2021-09-10;1047;1558;403671;372620;61.4;56.7
01;2021-09-11;736;1432;404407;374052;61.6;56.9
01;2021-09-12;25;38;404432;374090;61.6;56.9
01;2021-09-13;577;998;405009;375088;61.6;57.1
01;2021-09-14;619;992;405628;376080;61.7;57.2
01;2021-09-15;723;1447;406351;377527;61.9;57.5
01;2021-09-16;491;922;406842;378449;61.9;57.6
01;2021-09-17;757;1393;407599;379842;62.0;57.8
01;2021-09-18;376;1205;407975;381047;62.1;58.0
01;2021-09-19;10;10;407985;381057;62.1;58.0
01;2021-09-20;374;636;408359;381693;62.2;58.1
01;2021-09-21;383;701;408742;382394;62.2;58.2
01;2021-09-22;347;899;409089;383293;62.3;58.3
01;2021-09-23;295;658;409384;383951;62.3;58.4
01;2021-09-24;402;945;409786;384896;62.4;58.6
01;2021-09-25;307;955;410093;385851;62.4;58.7
01;2021-09-26;2;24;410095;385875;62.4;58.7
01;2021-09-27;174;557;410269;386432;62.5;58.8
01;2021-09-28;310;1194;410579;387626;62.5;59.0
01;2021-09-29;464;1281;411043;388907;62.6;59.2
01;2021-09-30;347;831;411390;389738;62.6;59.3
01;2021-10-01;464;1076;411854;390814;62.7;59.5
01;2021-10-02;396;1307;412250;392121;62.8;59.7
01;2021-10-03;0;0;412250;392121;62.8;59.7
01;2021-10-04;195;512;412445;392633;62.8;59.8
01;2021-10-05;205;536;412650;393169;62.8;59.8
01;2021-10-06;341;743;412991;393912;62.9;60.0
01;2021-10-07;201;490;413192;394402;62.9;60.0
01;2021-10-08;334;720;413526;395122;62.9;60.1
01;2021-10-09;348;696;413874;395818;63.0;60.3
01;2021-10-10;8;18;413882;395836;63.0;60.3
01;2021-10-11;177;403;414059;396239;63.0;60.3
01;2021-10-12;150;327;414209;396566;63.0;60.4
01;2021-10-13;343;507;414552;397073;63.1;60.4
02;2020-12-27;0;0;0;0;0.0;0.0
02;2020-12-28;0;0;0;0;0.0;0.0
02;2020-12-29;0;0;0;0;0.0;0.0
02;2020-12-30;0;0;0;0;0.0;0.0
02;2020-12-31;0;0;0;0;0.0;0.0
02;2021-01-01;0;0;0;0;0.0;0.0
02;2021-01-02;0;0;0;0;0.0;0.0
02;2021-01-03;0;0;0;0;0.0;0.0
02;2021-01-04;0;0;0;0;0.0;0.0
02;2021-01-05;0;0;0;0;0.0;0.0
02;2021-01-06;22;0;22;0;0.0;0.0
02;2021-01-07;261;1;283;1;0.1;0.0
02;2021-01-08;489;3;772;4;0.1;0.0
02;2021-01-09;75;0;847;4;0.2;0.0
02;2021-01-10;49;0;896;4;0.2;0.0
02;2021-01-11;267;0;1163;4;0.2;0.0
02;2021-01-12;354;1;1517;5;0.3;0.0
02;2021-01-13;469;4;1986;9;0.4;0.0
02;2021-01-14;652;11;2638;20;0.5;0.0
02;2021-01-15;630;8;3268;28;0.6;0.0
02;2021-01-16;333;5;3601;33;0.7;0.0
02;2021-01-17;62;0;3663;33;0.7;0.0
02;2021-01-18;811;10;4474;43;0.9;0.0
02;2021-01-19;941;7;5415;50;1.0;0.0
02;2021-01-20;1431;5;6846;55;1.3;0.0
02;2021-01-21;2605;13;9451;68;1.8;0.0
02;2021-01-22;1420;5;10871;73;2.1;0.0
02;2021-01-23;290;2;11161;75;2.1;0.0
02;2021-01-24;67;0;11228;75;2.1;0.0
02;2021-01-25;432;10;11660;85;2.2;0.0
02;2021-01-26;704;17;12364;102;2.4;0.0
02;2021-01-27;162;3;12526;105;2.4;0.0
02;2021-01-28;69;246;12595;351;2.4;0.1
02;2021-01-29;119;418;12714;769;2.4;0.1
02;2021-01-30;4;14;12718;783;2.4;0.1
02;2021-01-31;0;10;12718;793;2.4;0.2
02;2021-02-01;11;211;12729;1004;2.4;0.2
02;2021-02-02;45;329;12774;1333;2.4;0.3
02;2021-02-03;124;338;12898;1671;2.5;0.3
02;2021-02-04;226;357;13124;2028;2.5;0.4
02;2021-02-05;179;413;13303;2441;2.5;0.5
02;2021-02-06;69;176;13372;2617;2.5;0.5
02;2021-02-07;9;0;13381;2617;2.5;0.5
02;2021-02-08;306;433;13687;3050;2.6;0.6
02;2021-02-09;322;680;14009;3730;2.7;0.7
02;2021-02-10;485;1042;14494;4772;2.8;0.9
02;2021-02-11;937;1860;15431;6632;2.9;1.3
02;2021-02-12;885;1119;16316;7751;3.1;1.5
02;2021-02-13;290;129;16606;7880;3.2;1.5
02;2021-02-14;1;5;16607;7885;3.2;1.5
02;2021-02-15;344;681;16951;8566;3.2;1.6
02;2021-02-16;414;561;17365;9127;3.3;1.7
02;2021-02-17;499;631;17864;9758;3.4;1.9
02;2021-02-18;507;446;18371;10204;3.5;1.9
02;2021-02-19;444;569;18815;10773;3.6;2.0
02;2021-02-20;372;234;19187;11007;3.6;2.1
02;2021-02-21;39;17;19226;11024;3.7;2.1
02;2021-02-22;377;317;19603;11341;3.7;2.2
02;2021-02-23;432;362;20035;11703;3.8;2.2
02;2021-02-24;600;146;20635;11849;3.9;2.3
02;2021-02-25;870;137;21505;11986;4.1;2.3
02;2021-02-26;808;76;22313;12062;4.2;2.3
02;2021-02-27;444;16;22757;12078;4.3;2.3
02;2021-02-28;55;2;22812;12080;4.3;2.3
02;2021-03-01;638;26;23450;12106;4.5;2.3
02;2021-03-02;1031;130;24481;12236;4.7;2.3
02;2021-03-03;754;204;25235;12440;4.8;2.4
02;2021-03-04;1161;658;26396;13098;5.0;2.5
02;2021-03-05;1049;510;27445;13608;5.2;2.6
02;2021-03-06;2141;102;29586;13710;5.6;2.6
02;2021-03-07;1504;55;31090;13765;5.9;2.6
02;2021-03-08;574;371;31664;14136;6.0;2.7
02;2021-03-09;997;406;32661;14542;6.2;2.8
02;2021-03-10;895;476;33556;15018;6.4;2.9
02;2021-03-11;1295;392;34851;15410;6.6;2.9
02;2021-03-12;1706;419;36557;15829;6.9;3.0
02;2021-03-13;2592;250;39149;16079;7.4;3.1
02;2021-03-14;1458;45;40607;16124;7.7;3.1
02;2021-03-15;612;457;41219;16581;7.8;3.2
02;2021-03-16;862;407;42081;16988;8.0;3.2
02;2021-03-17;759;456;42840;17444;8.1;3.3
02;2021-03-18;610;624;43450;18068;8.3;3.4
02;2021-03-19;1171;304;44621;18372;8.5;3.5
02;2021-03-20;2430;163;47051;18535;8.9;3.5
02;2021-03-21;1488;84;48539;18619;9.2;3.5
02;2021-03-22;762;497;49301;19116;9.4;3.6
02;2021-03-23;1195;552;50496;19668;9.6;3.7
02;2021-03-24;1582;506;52078;20174;9.9;3.8
02;2021-03-25;1694;599;53772;20773;10.2;3.9
02;2021-03-26;2412;498;56184;21271;10.7;4.0
02;2021-03-27;2494;141;58678;21412;11.2;4.1
02;2021-03-28;638;15;59316;21427;11.3;4.1
02;2021-03-29;1038;861;60354;22288;11.5;4.2
02;2021-03-30;1553;846;61907;23134;11.8;4.4
02;2021-03-31;1298;717;63205;23851;12.0;4.5
02;2021-04-01;1290;865;64495;24716;12.3;4.7
02;2021-04-02;1183;1231;65678;25947;12.5;4.9
02;2021-04-03;2644;853;68322;26800;13.0;5.1
02;2021-04-04;727;240;69049;27040;13.1;5.1
02;2021-04-05;1509;134;70558;27174;13.4;5.2
02;2021-04-06;1539;859;72097;28033;13.7;5.3
02;2021-04-07;1872;780;73969;28813;14.1;5.5
02;2021-04-08;1919;1111;75888;29924;14.4;5.7
02;2021-04-09;2432;1099;78320;31023;14.9;5.9
02;2021-04-10;2430;1215;80750;32238;15.4;6.1
02;2021-04-11;475;418;81225;32656;15.4;6.2
02;2021-04-12;1822;635;83047;33291;15.8;6.3
02;2021-04-13;1601;928;84648;34219;16.1;6.5
02;2021-04-14;2583;979;87231;35198;16.6;6.7
02;2021-04-15;2494;781;89725;35979;17.1;6.8
02;2021-04-16;2439;1132;92164;37111;17.5;7.1
02;2021-04-17;1890;2148;94054;39259;17.9;7.5
02;2021-04-18;270;814;94324;40073;17.9;7.6
02;2021-04-19;1158;636;95482;40709;18.2;7.7
02;2021-04-20;1674;767;97156;41476;18.5;7.9
02;2021-04-21;1550;996;98706;42472;18.8;8.1
02;2021-04-22;1749;708;100455;43180;19.1;8.2
02;2021-04-23;1930;1417;102385;44597;19.5;8.5
02;2021-04-24;1714;1646;104099;46243;19.8;8.8
02;2021-04-25;462;235;104561;46478;19.9;8.8
02;2021-04-26;1339;564;105900;47042;20.1;8.9
02;2021-04-27;1627;1098;107527;48140;20.4;9.2
02;2021-04-28;1592;1440;109119;49580;20.7;9.4
02;2021-04-29;1889;1183;111008;50763;21.1;9.6
02;2021-04-30;2716;1661;113724;52424;21.6;10.0
02;2021-05-01;1991;1235;115715;53659;22.0;10.2
02;2021-05-02;1982;424;117697;54083;22.4;10.3
02;2021-05-03;2224;987;119921;55070;22.8;10.5
02;2021-05-04;1522;1317;121443;56387;23.1;10.7
02;2021-05-05;2327;1844;123770;58231;23.5;11.1
02;2021-05-06;2122;1740;125892;59971;23.9;11.4
02;2021-05-07;2357;2183;128249;62154;24.4;11.8
02;2021-05-08;2917;951;131166;63105;24.9;12.0
02;2021-05-09;1823;424;132989;63529;25.3;12.1
02;2021-05-10;2375;1485;135364;65014;25.7;12.4
02;2021-05-11;2878;1579;138242;66593;26.3;12.7
02;2021-05-12;2675;1628;140917;68221;26.8;13.0
02;2021-05-13;2990;1039;143907;69260;27.4;13.2
02;2021-05-14;3381;1209;147288;70469;28.0;13.4
02;2021-05-15;4374;1086;151662;71555;28.8;13.6
02;2021-05-16;2795;212;154457;71767;29.4;13.6
02;2021-05-17;2147;665;156604;72432;29.8;13.8
02;2021-05-18;2634;979;159238;73411;30.3;14.0
02;2021-05-19;2852;1001;162090;74412;30.8;14.1
02;2021-05-20;3553;1234;165643;75646;31.5;14.4
02;2021-05-21;3818;1075;169461;76721;32.2;14.6
02;2021-05-22;5845;970;175306;77691;33.3;14.8
02;2021-05-23;2658;240;177964;77931;33.8;14.8
02;2021-05-24;3541;544;181505;78475;34.5;14.9
02;2021-05-25;2257;1164;183762;79639;34.9;15.1
02;2021-05-26;3079;1498;186841;81137;35.5;15.4
02;2021-05-27;3649;1493;190490;82630;36.2;15.7
02;2021-05-28;3515;1586;194005;84216;36.9;16.0
02;2021-05-29;4078;1573;198083;85789;37.7;16.3
02;2021-05-30;1449;187;199532;85976;37.9;16.3
02;2021-05-31;2575;1197;202107;87173;38.4;16.6
02;2021-06-01;2870;1870;204977;89043;39.0;16.9
02;2021-06-02;3159;1656;208136;90699;39.6;17.2
02;2021-06-03;2854;1841;210990;92540;40.1;17.6
02;2021-06-04;3142;2063;214132;94603;40.7;18.0
02;2021-06-05;3441;1736;217573;96339;41.4;18.3
02;2021-06-06;1736;259;219309;96598;41.7;18.4
02;2021-06-07;1613;1501;220922;98099;42.0;18.6
02;2021-06-08;2061;1848;222983;99947;42.4;19.0
02;2021-06-09;2057;1653;225040;101600;42.8;19.3
02;2021-06-10;2011;1843;227051;103443;43.2;19.7
02;2021-06-11;2193;3073;229244;106516;43.6;20.2
02;2021-06-12;2310;2598;231554;109114;44.0;20.7
02;2021-06-13;683;1387;232237;110501;44.1;21.0
02;2021-06-14;1049;2392;233286;112893;44.3;21.5
02;2021-06-15;1518;2462;234804;115355;44.6;21.9
02;2021-06-16;1534;2749;236338;118104;44.9;22.5
02;2021-06-17;1782;2860;238120;120964;45.3;23.0
02;2021-06-18;2312;3573;240432;124537;45.7;23.7
02;2021-06-19;1841;3823;242273;128360;46.1;24.4
02;2021-06-20;645;1523;242918;129883;46.2;24.7
02;2021-06-21;806;3190;243724;133073;46.3;25.3
02;2021-06-22;1155;3668;244879;136741;46.6;26.0
02;2021-06-23;1226;3589;246105;140330;46.8;26.7
02;2021-06-24;1327;3150;247432;143480;47.0;27.3
02;2021-06-25;1399;4545;248831;148025;47.3;28.1
02;2021-06-26;1345;4229;250176;152254;47.6;28.9
02;2021-06-27;600;2333;250776;154587;47.7;29.4
02;2021-06-28;877;3021;251653;157608;47.8;30.0
02;2021-06-29;919;2929;252572;160537;48.0;30.5
02;2021-06-30;1510;3162;254082;163699;48.3;31.1
02;2021-07-01;1193;3592;255275;167291;48.5;31.8
02;2021-07-02;1358;5136;256633;172427;48.8;32.8
02;2021-07-03;999;5989;257632;178416;49.0;33.9
02;2021-07-04;509;2370;258141;180786;49.1;34.4
02;2021-07-05;661;3937;258802;184723;49.2;35.1
02;2021-07-06;675;3045;259477;187768;49.3;35.7
02;2021-07-07;1321;3726;260798;191494;49.6;36.4
02;2021-07-08;1393;3871;262191;195365;49.8;37.1
02;2021-07-09;1283;4221;263474;199586;50.1;37.9
02;2021-07-10;1333;4607;264807;204193;50.3;38.8
02;2021-07-11;480;1967;265287;206160;50.4;39.2
02;2021-07-12;1417;3732;266704;209892;50.7;39.9
02;2021-07-13;2065;3662;268769;213554;51.1;40.6
02;2021-07-14;1753;1599;270522;215153;51.4;40.9
02;2021-07-15;2727;3564;273249;218717;51.9;41.6
02;2021-07-16;3164;4219;276413;222936;52.5;42.4
02;2021-07-17;3561;4230;279974;227166;53.2;43.2
02;2021-07-18;2037;1616;282011;228782;53.6;43.5
02;2021-07-19;3440;3038;285451;231820;54.3;44.1
02;2021-07-20;3501;3306;288952;235126;54.9;44.7
02;2021-07-21;3909;2952;292861;238078;55.7;45.3
02;2021-07-22;3322;2805;296183;240883;56.3;45.8
02;2021-07-23;3205;3559;299388;244442;56.9;46.5
02;2021-07-24;4447;3724;303835;248166;57.8;47.2
02;2021-07-25;2192;1089;306027;249255;58.2;47.4
02;2021-07-26;3874;2252;309901;251507;58.9;47.8
02;2021-07-27;3660;2148;313561;253655;59.6;48.2
02;2021-07-28;3279;2101;316840;255756;60.2;48.6
02;2021-07-29;2583;2225;319423;257981;60.7;49.0
02;2021-07-30;3313;2311;322736;260292;61.4;49.5
02;2021-07-31;4183;2281;326919;262573;62.1;49.9
02;2021-08-01;1475;692;328394;263265;62.4;50.0
02;2021-08-02;2042;1602;330436;264867;62.8;50.4
02;2021-08-03;2530;1902;332966;266769;63.3;50.7
02;2021-08-04;2577;1713;335543;268482;63.8;51.0
02;2021-08-05;1849;2266;337392;270748;64.1;51.5
02;2021-08-06;2101;2741;339493;273489;64.5;52.0
02;2021-08-07;2522;2785;342015;276274;65.0;52.5
02;2021-08-08;1025;1572;343040;277846;65.2;52.8
02;2021-08-09;1909;2749;344949;280595;65.6;53.3
02;2021-08-10;1766;2462;346715;283057;65.9;53.8
02;2021-08-11;1481;2109;348196;285166;66.2;54.2
02;2021-08-12;1205;2332;349401;287498;66.4;54.7
02;2021-08-13;1611;2910;351012;290408;66.7;55.2
02;2021-08-14;1666;3696;352678;294104;67.0;55.9
02;2021-08-15;161;572;352839;294676;67.1;56.0
02;2021-08-16;1282;3755;354121;298431;67.3;56.7
02;2021-08-17;1421;2840;355542;301271;67.6;57.3
02;2021-08-18;1578;3184;357120;304455;67.9;57.9
02;2021-08-19;1134;3218;358254;307673;68.1;58.5
02;2021-08-20;1205;2951;359459;310624;68.3;59.0
02;2021-08-21;1449;4082;360908;314706;68.6;59.8
02;2021-08-22;407;1657;361315;316363;68.7;60.1
02;2021-08-23;1157;3080;362472;319443;68.9;60.7
02;2021-08-24;907;2185;363379;321628;69.1;61.1
02;2021-08-25;1021;2596;364400;324224;69.3;61.6
02;2021-08-26;913;2334;365313;326558;69.4;62.1
02;2021-08-27;965;2615;366278;329173;69.6;62.6
02;2021-08-28;1301;3429;367579;332602;69.9;63.2
02;2021-08-29;328;1171;367907;333773;69.9;63.4
02;2021-08-30;996;2430;368903;336203;70.1;63.9
02;2021-08-31;865;2171;369768;338374;70.3;64.3
02;2021-09-01;709;1422;370477;339796;70.4;64.6
02;2021-09-02;651;1610;371128;341406;70.5;64.9
02;2021-09-03;695;1797;371823;343203;70.7;65.2
02;2021-09-04;857;2760;372680;345963;70.8;65.8
02;2021-09-05;226;455;372906;346418;70.9;65.9
02;2021-09-06;406;901;373312;347319;71.0;66.0
02;2021-09-07;456;1195;373768;348514;71.1;66.3
02;2021-09-08;517;1736;374285;350250;71.2;66.6
02;2021-09-09;443;1176;374728;351426;71.2;66.8
02;2021-09-10;563;1364;375291;352790;71.3;67.1
02;2021-09-11;724;2127;376015;354917;71.5;67.5
02;2021-09-12;91;270;376106;355187;71.5;67.5
02;2021-09-13;425;952;376531;356139;71.6;67.7
02;2021-09-14;413;821;376944;356960;71.7;67.9
02;2021-09-15;447;1306;377391;358266;71.7;68.1
02;2021-09-16;457;832;377848;359098;71.8;68.3
02;2021-09-17;584;936;378432;360034;71.9;68.4
02;2021-09-18;567;2030;378999;362064;72.0;68.8
02;2021-09-19;78;259;379077;362323;72.1;68.9
02;2021-09-20;296;654;379373;362977;72.1;69.0
02;2021-09-21;278;626;379651;363603;72.2;69.1
02;2021-09-22;362;906;380013;364509;72.2;69.3
02;2021-09-23;261;563;380274;365072;72.3;69.4
02;2021-09-24;297;763;380571;365835;72.3;69.5
02;2021-09-25;318;1209;380889;367044;72.4;69.8
02;2021-09-26;33;158;380922;367202;72.4;69.8
02;2021-09-27;139;369;381061;367571;72.4;69.9
02;2021-09-28;156;392;381217;367963;72.5;69.9
02;2021-09-29;228;419;381445;368382;72.5;70.0
02;2021-09-30;238;480;381683;368862;72.6;70.1
02;2021-10-01;350;657;382033;369519;72.6;70.2
02;2021-10-02;390;853;382423;370372;72.7;70.4
02;2021-10-03;36;59;382459;370431;72.7;70.4
02;2021-10-04;155;361;382614;370792;72.7;70.5
02;2021-10-05;175;318;382789;371110;72.8;70.5
02;2021-10-06;256;422;383045;371532;72.8;70.6
02;2021-10-07;231;462;383276;371994;72.9;70.7
02;2021-10-08;313;603;383589;372597;72.9;70.8
02;2021-10-09;323;688;383912;373285;73.0;71.0
02;2021-10-10;30;56;383942;373341;73.0;71.0
02;2021-10-11;163;301;384105;373642;73.0;71.0
02;2021-10-12;137;296;384242;373938;73.0;71.1
02;2021-10-13;229;389;384471;374327;73.1;71.2
03;2020-12-27;0;0;0;0;0.0;0.0
03;2020-12-28;1;0;1;0;0.0;0.0
03;2020-12-29;0;0;1;0;0.0;0.0
03;2020-12-30;1;0;2;0;0.0;0.0
03;2020-12-31;0;0;2;0;0.0;0.0
03;2021-01-01;0;0;2;0;0.0;0.0
03;2021-01-02;0;0;2;0;0.0;0.0
03;2021-01-03;0;0;2;0;0.0;0.0
03;2021-01-04;0;0;2;0;0.0;0.0
03;2021-01-05;0;0;2;0;0.0;0.0
03;2021-01-06;10;0;12;0;0.0;0.0
03;2021-01-07;61;0;73;0;0.0;0.0
03;2021-01-08;146;1;219;1;0.1;0.0
03;2021-01-09;122;0;341;1;0.1;0.0
03;2021-01-10;6;0;347;1;0.1;0.0
03;2021-01-11;412;1;759;2;0.2;0.0
03;2021-01-12;631;0;1390;2;0.4;0.0
03;2021-01-13;669;2;2059;4;0.6;0.0
03;2021-01-14;860;4;2919;8;0.9;0.0
03;2021-01-15;387;3;3306;11;1.0;0.0
03;2021-01-16;278;0;3584;11;1.1;0.0
03;2021-01-17;42;0;3626;11;1.1;0.0
03;2021-01-18;878;0;4504;11;1.4;0.0
03;2021-01-19;1151;2;5655;13;1.7;0.0
03;2021-01-20;1292;4;6947;17;2.1;0.0
03;2021-01-21;1202;5;8149;22;2.5;0.0
03;2021-01-22;1117;6;9266;28;2.8;0.0
03;2021-01-23;465;1;9731;29;2.9;0.0
03;2021-01-24;0;0;9731;29;2.9;0.0
03;2021-01-25;187;0;9918;29;3.0;0.0
03;2021-01-26;680;14;10598;43;3.2;0.0
03;2021-01-27;696;11;11294;54;3.4;0.0
03;2021-01-28;1021;50;12315;104;3.7;0.0
03;2021-01-29;856;83;13171;187;4.0;0.1
03;2021-01-30;600;2;13771;189;4.2;0.1
03;2021-01-31;0;0;13771;189;4.2;0.1
03;2021-02-01;160;76;13931;265;4.2;0.1
03;2021-02-02;767;268;14698;533;4.4;0.2
03;2021-02-03;1056;492;15754;1025;4.8;0.3
03;2021-02-04;1557;644;17311;1669;5.2;0.5
03;2021-02-05;948;318;18259;1987;5.5;0.6
03;2021-02-06;152;13;18411;2000;5.6;0.6
03;2021-02-07;5;0;18416;2000;5.6;0.6
03;2021-02-08;128;56;18544;2056;5.6;0.6
03;2021-02-09;612;448;19156;2504;5.8;0.8
03;2021-02-10;485;344;19641;2848;5.9;0.9
03;2021-02-11;1027;585;20668;3433;6.2;1.0
03;2021-02-12;1078;555;21746;3988;6.6;1.2
03;2021-02-13;126;167;21872;4155;6.6;1.3
03;2021-02-14;0;1;21872;4156;6.6;1.3
03;2021-02-15;309;862;22181;5018;6.7;1.5
03;2021-02-16;548;1166;22729;6184;6.9;1.9
03;2021-02-17;452;1356;23181;7540;7.0;2.3
03;2021-02-18;368;1270;23549;8810;7.1;2.7
03;2021-02-19;497;794;24046;9604;7.3;2.9
03;2021-02-20;128;183;24174;9787;7.3;3.0
03;2021-02-21;2;1;24176;9788;7.3;3.0
03;2021-02-22;158;202;24334;9990;7.3;3.0
03;2021-02-23;721;949;25055;10939;7.6;3.3
03;2021-02-24;610;1023;25665;11962;7.7;3.6
03;2021-02-25;1093;1834;26758;13796;8.1;4.2
03;2021-02-26;822;1375;27580;15171;8.3;4.6
03;2021-02-27;96;258;27676;15429;8.4;4.7
03;2021-02-28;0;15;27676;15444;8.4;4.7
03;2021-03-01;178;240;27854;15684;8.4;4.7
03;2021-03-02;818;660;28672;16344;8.7;4.9
03;2021-03-03;904;462;29576;16806;8.9;5.1
03;2021-03-04;1543;590;31119;17396;9.4;5.3
03;2021-03-05;1122;737;32241;18133;9.7;5.5
03;2021-03-06;915;114;33156;18247;10.0;5.5
03;2021-03-07;2;0;33158;18247;10.0;5.5
03;2021-03-08;240;246;33398;18493;10.1;5.6
03;2021-03-09;1016;440;34414;18933;10.4;5.7
03;2021-03-10;941;554;35355;19487;10.7;5.9
03;2021-03-11;1675;659;37030;20146;11.2;6.1
03;2021-03-12;1303;869;38333;21015;11.6;6.3
03;2021-03-13;864;114;39197;21129;11.8;6.4
03;2021-03-14;2;8;39199;21137;11.8;6.4
03;2021-03-15;250;200;39449;21337;11.9;6.4
03;2021-03-16;650;404;40099;21741;12.1;6.6
03;2021-03-17;1304;449;41403;22190;12.5;6.7
03;2021-03-18;1720;399;43123;22589;13.0;6.8
03;2021-03-19;1728;365;44851;22954;13.5;6.9
03;2021-03-20;301;27;45152;22981;13.6;6.9
03;2021-03-21;1;0;45153;22981;13.6;6.9
03;2021-03-22;223;397;45376;23378;13.7;7.1
03;2021-03-23;1355;357;46731;23735;14.1;7.2
03;2021-03-24;1824;352;48555;24087;14.7;7.3
03;2021-03-25;2367;572;50922;24659;15.4;7.4
03;2021-03-26;2240;452;53162;25111;16.0;7.6
03;2021-03-27;817;23;53979;25134;16.3;7.6
03;2021-03-28;1;39;53980;25173;16.3;7.6
03;2021-03-29;659;176;54639;25349;16.5;7.7
03;2021-03-30;1907;459;56546;25808;17.1;7.8
03;2021-03-31;1014;988;57560;26796;17.4;8.1
03;2021-04-01;1374;1127;58934;27923;17.8;8.4
03;2021-04-02;1705;616;60639;28539;18.3;8.6
03;2021-04-03;365;100;61004;28639;18.4;8.6
03;2021-04-04;3;0;61007;28639;18.4;8.6
03;2021-04-05;18;14;61025;28653;18.4;8.6
03;2021-04-06;1073;414;62098;29067;18.7;8.8
03;2021-04-07;1562;524;63660;29591;19.2;8.9
03;2021-04-08;2121;488;65781;30079;19.9;9.1
03;2021-04-09;2056;1165;67837;31244;20.5;9.4
03;2021-04-10;1013;73;68850;31317;20.8;9.5
03;2021-04-11;478;9;69328;31326;20.9;9.5
03;2021-04-12;986;228;70314;31554;21.2;9.5
03;2021-04-13;1873;989;72187;32543;21.8;9.8
03;2021-04-14;2334;1225;74521;33768;22.5;10.2
03;2021-04-15;2621;1405;77142;35173;23.3;10.6
03;2021-04-16;2834;1187;79976;36360;24.1;11.0
03;2021-04-17;1083;443;81059;36803;24.5;11.1
03;2021-04-18;0;0;81059;36803;24.5;11.1
03;2021-04-19;1191;588;82250;37391;24.8;11.3
03;2021-04-20;1747;1277;83997;38668;25.4;11.7
03;2021-04-21;1122;1295;85119;39963;25.7;12.1
03;2021-04-22;1675;1007;86794;40970;26.2;12.4
03;2021-04-23;2478;1274;89272;42244;26.9;12.8
03;2021-04-24;1301;928;90573;43172;27.3;13.0
03;2021-04-25;350;16;90923;43188;27.4;13.0
03;2021-04-26;1332;467;92255;43655;27.8;13.2
03;2021-04-27;1766;1530;94021;45185;28.4;13.6
03;2021-04-28;1930;1125;95951;46310;29.0;14.0
03;2021-04-29;2371;1253;98322;47563;29.7;14.4
03;2021-04-30;1931;810;100253;48373;30.3;14.6
03;2021-05-01;438;493;100691;48866;30.4;14.7
03;2021-05-02;2;1;100693;48867;30.4;14.7
03;2021-05-03;1912;775;102605;49642;31.0;15.0
03;2021-05-04;2847;1637;105452;51279;31.8;15.5
03;2021-05-05;2604;1332;108056;52611;32.6;15.9
03;2021-05-06;3095;2011;111151;54622;33.5;16.5
03;2021-05-07;4729;1800;115880;56422;35.0;17.0
03;2021-05-08;661;381;116541;56803;35.2;17.1
03;2021-05-09;49;511;116590;57314;35.2;17.3
03;2021-05-10;1892;1481;118482;58795;35.8;17.7
03;2021-05-11;3902;1841;122384;60636;36.9;18.3
03;2021-05-12;2972;1523;125356;62159;37.8;18.8
03;2021-05-13;4384;410;129740;62569;39.2;18.9
03;2021-05-14;3657;1700;133397;64269;40.3;19.4
03;2021-05-15;1943;491;135340;64760;40.8;19.5
03;2021-05-16;522;57;135862;64817;41.0;19.6
03;2021-05-17;1277;862;137139;65679;41.4;19.8
03;2021-05-18;3068;1506;140207;67185;42.3;20.3
03;2021-05-19;2623;967;142830;68152;43.1;20.6
03;2021-05-20;3334;1145;146164;69297;44.1;20.9
03;2021-05-21;4194;1285;150358;70582;45.4;21.3
03;2021-05-22;2012;359;152370;70941;46.0;21.4
03;2021-05-23;641;73;153011;71014;46.2;21.4
03;2021-05-24;2654;216;155665;71230;47.0;21.5
03;2021-05-25;3067;1692;158732;72922;47.9;22.0
03;2021-05-26;2336;1044;161068;73966;48.6;22.3
03;2021-05-27;2945;1126;164013;75092;49.5;22.7
03;2021-05-28;3848;2287;167861;77379;50.7;23.4
03;2021-05-29;1747;603;169608;77982;51.2;23.5
03;2021-05-30;242;23;169850;78005;51.3;23.5
03;2021-05-31;697;575;170547;78580;51.5;23.7
03;2021-06-01;2302;2347;172849;80927;52.2;24.4
03;2021-06-02;1534;1749;174383;82676;52.6;25.0
03;2021-06-03;2060;2755;176443;85431;53.3;25.8
03;2021-06-04;1698;2508;178141;87939;53.8;26.5
03;2021-06-05;1076;1144;179217;89083;54.1;26.9
03;2021-06-06;59;7;179276;89090;54.1;26.9
03;2021-06-07;785;1815;180061;90905;54.3;27.4
03;2021-06-08;1458;2557;181519;93462;54.8;28.2
03;2021-06-09;1267;1877;182786;95339;55.2;28.8
03;2021-06-10;1381;2124;184167;97463;55.6;29.4
03;2021-06-11;1503;3450;185670;100913;56.0;30.5
03;2021-06-12;831;823;186501;101736;56.3;30.7
03;2021-06-13;20;10;186521;101746;56.3;30.7
03;2021-06-14;381;2177;186902;103923;56.4;31.4
03;2021-06-15;1317;3837;188219;107760;56.8;32.5
03;2021-06-16;788;2890;189007;110650;57.0;33.4
03;2021-06-17;1083;3334;190090;113984;57.4;34.4
03;2021-06-18;1107;3981;191197;117965;57.7;35.6
03;2021-06-19;641;1618;191838;119583;57.9;36.1
03;2021-06-20;20;8;191858;119591;57.9;36.1
03;2021-06-21;461;2636;192319;122227;58.0;36.9
03;2021-06-22;1027;4003;193346;126230;58.4;38.1
03;2021-06-23;716;3285;194062;129515;58.6;39.1
03;2021-06-24;982;3862;195044;133377;58.9;40.3
03;2021-06-25;1016;3893;196060;137270;59.2;41.4
03;2021-06-26;513;2040;196573;139310;59.3;42.0
03;2021-06-27;65;486;196638;139796;59.4;42.2
03;2021-06-28;642;2101;197280;141897;59.5;42.8
03;2021-06-29;1028;3330;198308;145227;59.9;43.8
03;2021-06-30;831;3119;199139;148346;60.1;44.8
03;2021-07-01;987;2936;200126;151282;60.4;45.7
03;2021-07-02;920;4094;201046;155376;60.7;46.9
03;2021-07-03;487;1884;201533;157260;60.8;47.5
03;2021-07-04;20;332;201553;157592;60.8;47.6
03;2021-07-05;818;2381;202371;159973;61.1;48.3
03;2021-07-06;1172;3462;203543;163435;61.4;49.3
03;2021-07-07;804;2618;204347;166053;61.7;50.1
03;2021-07-08;1060;3043;205407;169096;62.0;51.0
03;2021-07-09;1470;3626;206877;172722;62.4;52.1
03;2021-07-10;508;1925;207385;174647;62.6;52.7
03;2021-07-11;61;492;207446;175139;62.6;52.9
03;2021-07-12;939;1148;208385;176287;62.9;53.2
03;2021-07-13;2613;3153;210998;179440;63.7;54.2
03;2021-07-14;195;25;211193;179465;63.7;54.2
03;2021-07-15;2613;2454;213806;181919;64.5;54.9
03;2021-07-16;2737;2275;216543;184194;65.4;55.6
03;2021-07-17;1032;1626;217575;185820;65.7;56.1
03;2021-07-18;33;8;217608;185828;65.7;56.1
03;2021-07-19;2391;1277;219999;187105;66.4;56.5
03;2021-07-20;3075;3033;223074;190138;67.3;57.4
03;2021-07-21;3214;1440;226288;191578;68.3;57.8
03;2021-07-22;2851;1887;229139;193465;69.2;58.4
03;2021-07-23;3205;1307;232344;194772;70.1;58.8
03;2021-07-24;590;581;232934;195353;70.3;59.0
03;2021-07-25;18;5;232952;195358;70.3;59.0
03;2021-07-26;2043;1579;234995;196937;70.9;59.4
03;2021-07-27;3321;2230;238316;199167;71.9;60.1
03;2021-07-28;2719;1118;241035;200285;72.8;60.5
03;2021-07-29;2549;1662;243584;201947;73.5;61.0
03;2021-07-30;2136;1455;245720;203402;74.2;61.4
03;2021-07-31;964;893;246684;204295;74.5;61.7
03;2021-08-01;13;20;246697;204315;74.5;61.7
03;2021-08-02;1679;1605;248376;205920;75.0;62.2
03;2021-08-03;2223;2778;250599;208698;75.6;63.0
03;2021-08-04;2195;894;252794;209592;76.3;63.3
03;2021-08-05;1265;1939;254059;211531;76.7;63.8
03;2021-08-06;1281;1028;255340;212559;77.1;64.2
03;2021-08-07;614;496;255954;213055;77.3;64.3
03;2021-08-08;66;29;256020;213084;77.3;64.3
03;2021-08-09;597;1304;256617;214388;77.5;64.7
03;2021-08-10;1676;3471;258293;217859;78.0;65.8
03;2021-08-11;1333;2529;259626;220388;78.4;66.5
03;2021-08-12;1135;3514;260761;223902;78.7;67.6
03;2021-08-13;776;1052;261537;224954;78.9;67.9
03;2021-08-14;380;566;261917;225520;79.1;68.1
03;2021-08-15;9;61;261926;225581;79.1;68.1
03;2021-08-16;725;2693;262651;228274;79.3;68.9
03;2021-08-17;1076;3218;263727;231492;79.6;69.9
03;2021-08-18;1164;2157;264891;233649;80.0;70.5
03;2021-08-19;1010;3049;265901;236698;80.3;71.4
03;2021-08-20;718;1138;266619;237836;80.5;71.8
03;2021-08-21;418;727;267037;238563;80.6;72.0
03;2021-08-22;8;6;267045;238569;80.6;72.0
03;2021-08-23;784;2289;267829;240858;80.8;72.7
03;2021-08-24;893;2406;268722;243264;81.1;73.4
03;2021-08-25;935;2029;269657;245293;81.4;74.0
03;2021-08-26;574;1435;270231;246728;81.6;74.5
03;2021-08-27;457;1581;270688;248309;81.7;74.9
03;2021-08-28;219;674;270907;248983;81.8;75.1
03;2021-08-29;4;0;270911;248983;81.8;75.1
03;2021-08-30;768;1450;271679;250433;82.0;75.6
03;2021-08-31;706;1949;272385;252382;82.2;76.2
03;2021-09-01;604;1292;272989;253674;82.4;76.6
03;2021-09-02;479;1091;273468;254765;82.5;76.9
03;2021-09-03;492;1074;273960;255839;82.7;77.2
03;2021-09-04;251;608;274211;256447;82.8;77.4
03;2021-09-05;7;14;274218;256461;82.8;77.4
03;2021-09-06;320;688;274538;257149;82.9;77.6
03;2021-09-07;579;1172;275117;258321;83.0;78.0
03;2021-09-08;424;1244;275541;259565;83.2;78.3
03;2021-09-09;275;661;275816;260226;83.2;78.5
03;2021-09-10;414;911;276230;261137;83.4;78.8
03;2021-09-11;209;651;276439;261788;83.4;79.0
03;2021-09-12;2;20;276441;261808;83.4;79.0
03;2021-09-13;285;660;276726;262468;83.5;79.2
03;2021-09-14;449;931;277175;263399;83.7;79.5
03;2021-09-15;359;996;277534;264395;83.8;79.8
03;2021-09-16;219;555;277753;264950;83.8;80.0
03;2021-09-17;161;356;277914;265306;83.9;80.1
03;2021-09-18;132;311;278046;265617;83.9;80.2
03;2021-09-19;0;11;278046;265628;83.9;80.2
03;2021-09-20;187;424;278233;266052;84.0;80.3
03;2021-09-21;252;721;278485;266773;84.1;80.5
03;2021-09-22;268;685;278753;267458;84.1;80.7
03;2021-09-23;178;460;278931;267918;84.2;80.9
03;2021-09-24;148;321;279079;268239;84.2;81.0
03;2021-09-25;51;257;279130;268496;84.2;81.0
03;2021-09-26;3;0;279133;268496;84.3;81.0
03;2021-09-27;116;326;279249;268822;84.3;81.1
03;2021-09-28;193;617;279442;269439;84.3;81.3
03;2021-09-29;213;505;279655;269944;84.4;81.5
03;2021-09-30;122;251;279777;270195;84.4;81.6
03;2021-10-01;155;489;279932;270684;84.5;81.7
03;2021-10-02;82;176;280014;270860;84.5;81.8
03;2021-10-03;0;0;280014;270860;84.5;81.8
03;2021-10-04;42;102;280056;270962;84.5;81.8
03;2021-10-05;169;390;280225;271352;84.6;81.9
03;2021-10-06;274;546;280499;271898;84.7;82.1
03;2021-10-07;99;207;280598;272105;84.7;82.1
03;2021-10-08;129;282;280727;272387;84.7;82.2
03;2021-10-09;109;165;280836;272552;84.8;82.3
03;2021-10-10;5;2;280841;272554;84.8;82.3
03;2021-10-11;161;293;281002;272847;84.8;82.4
03;2021-10-12;180;285;281182;273132;84.9;82.4
03;2021-10-13;241;383;281423;273515;84.9;82.6
04;2020-12-27;0;0;0;0;0.0;0.0
04;2020-12-28;1;0;1;0;0.0;0.0
04;2020-12-29;0;0;1;0;0.0;0.0
04;2020-12-30;0;0;1;0;0.0;0.0
04;2020-12-31;0;0;1;0;0.0;0.0
04;2021-01-01;0;0;1;0;0.0;0.0
04;2021-01-02;0;0;1;0;0.0;0.0
04;2021-01-03;0;0;1;0;0.0;0.0
04;2021-01-04;0;0;1;0;0.0;0.0
04;2021-01-05;4;0;5;0;0.0;0.0
04;2021-01-06;0;0;5;0;0.0;0.0
04;2021-01-07;61;0;66;0;0.0;0.0
04;2021-01-08;88;0;154;0;0.1;0.0
04;2021-01-09;57;0;211;0;0.1;0.0
04;2021-01-10;0;0;211;0;0.1;0.0
04;2021-01-11;77;0;288;0;0.2;0.0
04;2021-01-12;421;0;709;0;0.4;0.0
04;2021-01-13;244;2;953;2;0.6;0.0
04;2021-01-14;90;2;1043;4;0.6;0.0
04;2021-01-15;164;4;1207;8;0.7;0.0
04;2021-01-16;106;3;1313;11;0.8;0.0
04;2021-01-17;14;0;1327;11;0.8;0.0
04;2021-01-18;236;9;1563;20;0.9;0.0
04;2021-01-19;469;4;2032;24;1.2;0.0
04;2021-01-20;574;10;2606;34;1.6;0.0
04;2021-01-21;615;6;3221;40;1.9;0.0
04;2021-01-22;638;1;3859;41;2.3;0.0
04;2021-01-23;111;0;3970;41;2.4;0.0
04;2021-01-24;0;0;3970;41;2.4;0.0
04;2021-01-25;240;0;4210;41;2.5;0.0
04;2021-01-26;656;1;4866;42;2.9;0.0
04;2021-01-27;480;0;5346;42;3.2;0.0
04;2021-01-28;665;22;6011;64;3.6;0.0
04;2021-01-29;368;43;6379;107;3.9;0.1
04;2021-01-30;65;41;6444;148;3.9;0.1
04;2021-01-31;1;5;6445;153;3.9;0.1
04;2021-02-01;268;150;6713;303;4.1;0.2
04;2021-02-02;562;225;7275;528;4.4;0.3
04;2021-02-03;367;159;7642;687;4.6;0.4
04;2021-02-04;359;54;8001;741;4.8;0.4
04;2021-02-05;379;219;8380;960;5.1;0.6
04;2021-02-06;50;93;8430;1053;5.1;0.6
04;2021-02-07;2;22;8432;1075;5.1;0.7
04;2021-02-08;163;71;8595;1146;5.2;0.7
04;2021-02-09;196;143;8791;1289;5.3;0.8
04;2021-02-10;253;170;9044;1459;5.5;0.9
04;2021-02-11;363;291;9407;1750;5.7;1.1
04;2021-02-12;293;317;9700;2067;5.9;1.3
04;2021-02-13;27;94;9727;2161;5.9;1.3
04;2021-02-14;0;0;9727;2161;5.9;1.3
04;2021-02-15;31;164;9758;2325;5.9;1.4
04;2021-02-16;81;520;9839;2845;6.0;1.7
04;2021-02-17;67;431;9906;3276;6.0;2.0
04;2021-02-18;45;614;9951;3890;6.0;2.4
04;2021-02-19;53;371;10004;4261;6.1;2.6
04;2021-02-20;5;71;10009;4332;6.1;2.6
04;2021-02-21;0;0;10009;4332;6.1;2.6
04;2021-02-22;7;297;10016;4629;6.1;2.8
04;2021-02-23;19;594;10035;5223;6.1;3.2
04;2021-02-24;38;447;10073;5670;6.1;3.4
04;2021-02-25;73;377;10146;6047;6.1;3.7
04;2021-02-26;216;335;10362;6382;6.3;3.9
04;2021-02-27;179;75;10541;6457;6.4;3.9
04;2021-02-28;1;0;10542;6457;6.4;3.9
04;2021-03-01;18;74;10560;6531;6.4;4.0
04;2021-03-02;135;41;10695;6572;6.5;4.0
04;2021-03-03;375;644;11070;7216;6.7;4.4
04;2021-03-04;208;490;11278;7706;6.8;4.7
04;2021-03-05;236;358;11514;8064;7.0;4.9
04;2021-03-06;912;78;12426;8142;7.5;4.9
04;2021-03-07;498;26;12924;8168;7.8;4.9
04;2021-03-08;45;84;12969;8252;7.9;5.0
04;2021-03-09;215;258;13184;8510;8.0;5.2
04;2021-03-10;401;375;13585;8885;8.2;5.4
04;2021-03-11;496;342;14081;9227;8.5;5.6
04;2021-03-12;697;210;14778;9437;8.9;5.7
04;2021-03-13;1088;64;15866;9501;9.6;5.8
04;2021-03-14;460;4;16326;9505;9.9;5.8
04;2021-03-15;93;14;16419;9519;9.9;5.8
04;2021-03-16;74;9;16493;9528;10.0;5.8
04;2021-03-17;534;86;17027;9614;10.3;5.8
04;2021-03-18;814;25;17841;9639;10.8;5.8
04;2021-03-19;723;33;18564;9672;11.2;5.9
04;2021-03-20;159;3;18723;9675;11.3;5.9
04;2021-03-21;0;0;18723;9675;11.3;5.9
04;2021-03-22;105;13;18828;9688;11.4;5.9
04;2021-03-23;245;7;19073;9695;11.5;5.9
04;2021-03-24;1024;54;20097;9749;12.2;5.9
04;2021-03-25;1326;48;21423;9797;13.0;5.9
04;2021-03-26;1448;69;22871;9866;13.8;6.0
04;2021-03-27;266;22;23137;9888;14.0;6.0
04;2021-03-28;2;0;23139;9888;14.0;6.0
04;2021-03-29;680;13;23819;9901;14.4;6.0
04;2021-03-30;1086;150;24905;10051;15.1;6.1
04;2021-03-31;1327;107;26232;10158;15.9;6.1
04;2021-04-01;1133;133;27365;10291;16.6;6.2
04;2021-04-02;1185;114;28550;10405;17.3;6.3
04;2021-04-03;250;21;28800;10426;17.4;6.3
04;2021-04-04;1;0;28801;10426;17.4;6.3
04;2021-04-05;36;1;28837;10427;17.5;6.3
04;2021-04-06;929;155;29766;10582;18.0;6.4
04;2021-04-07;881;438;30647;11020;18.6;6.7
04;2021-04-08;926;696;31573;11716;19.1;7.1
04;2021-04-09;678;423;32251;12139;19.5;7.3
04;2021-04-10;231;192;32482;12331;19.7;7.5
04;2021-04-11;153;65;32635;12396;19.8;7.5
04;2021-04-12;593;103;33228;12499;20.1;7.6
04;2021-04-13;1189;242;34417;12741;20.8;7.7
04;2021-04-14;994;500;35411;13241;21.4;8.0
04;2021-04-15;921;673;36332;13914;22.0;8.4
04;2021-04-16;819;457;37151;14371;22.5;8.7
04;2021-04-17;209;69;37360;14440;22.6;8.7
04;2021-04-18;0;13;37360;14453;22.6;8.7
04;2021-04-19;338;288;37698;14741;22.8;8.9
04;2021-04-20;1003;446;38701;15187;23.4;9.2
04;2021-04-21;656;747;39357;15934;23.8;9.6
04;2021-04-22;758;855;40115;16789;24.3;10.2
04;2021-04-23;696;540;40811;17329;24.7;10.5
04;2021-04-24;165;65;40976;17394;24.8;10.5
04;2021-04-25;0;0;40976;17394;24.8;10.5
04;2021-04-26;172;613;41148;18007;24.9;10.9
04;2021-04-27;395;967;41543;18974;25.1;11.5
04;2021-04-28;431;1089;41974;20063;25.4;12.1
04;2021-04-29;688;1130;42662;21193;25.8;12.8
04;2021-04-30;436;850;43098;22043;26.1;13.3
04;2021-05-01;104;22;43202;22065;26.2;13.4
04;2021-05-02;8;131;43210;22196;26.2;13.4
04;2021-05-03;151;551;43361;22747;26.2;13.8
04;2021-05-04;564;839;43925;23586;26.6;14.3
04;2021-05-05;514;927;44439;24513;26.9;14.8
04;2021-05-06;1161;592;45600;25105;27.6;15.2
04;2021-05-07;656;765;46256;25870;28.0;15.7
04;2021-05-08;48;99;46304;25969;28.0;15.7
04;2021-05-09;0;0;46304;25969;28.0;15.7
04;2021-05-10;467;297;46771;26266;28.3;15.9
04;2021-05-11;1198;907;47969;27173;29.0;16.4
04;2021-05-12;1387;741;49356;27914;29.9;16.9
04;2021-05-13;378;131;49734;28045;30.1;17.0
04;2021-05-14;441;296;50175;28341;30.4;17.2
04;2021-05-15;99;162;50274;28503;30.4;17.3
04;2021-05-16;4;6;50278;28509;30.4;17.3
04;2021-05-17;155;297;50433;28806;30.5;17.4
04;2021-05-18;392;975;50825;29781;30.8;18.0
04;2021-05-19;773;688;51598;30469;31.2;18.4
04;2021-05-20;1256;548;52854;31017;32.0;18.8
04;2021-05-21;853;787;53707;31804;32.5;19.3
04;2021-05-22;105;146;53812;31950;32.6;19.3
04;2021-05-23;1;1;53813;31951;32.6;19.3
04;2021-05-24;2;36;53815;31987;32.6;19.4
04;2021-05-25;868;596;54683;32583;33.1;19.7
04;2021-05-26;1048;791;55731;33374;33.7;20.2
04;2021-05-27;1356;632;57087;34006;34.6;20.6
04;2021-05-28;1119;656;58206;34662;35.2;21.0
04;2021-05-29;90;398;58296;35060;35.3;21.2
04;2021-05-30;3;1;58299;35061;35.3;21.2
04;2021-05-31;420;416;58719;35477;35.5;21.5
04;2021-06-01;640;641;59359;36118;35.9;21.9
04;2021-06-02;871;1063;60230;37181;36.5;22.5
04;2021-06-03;1196;851;61426;38032;37.2;23.0
04;2021-06-04;978;779;62404;38811;37.8;23.5
04;2021-06-05;142;203;62546;39014;37.9;23.6
04;2021-06-06;7;13;62553;39027;37.9;23.6
04;2021-06-07;563;317;63116;39344;38.2;23.8
04;2021-06-08;839;595;63955;39939;38.7;24.2
04;2021-06-09;1146;689;65101;40628;39.4;24.6
04;2021-06-10;1142;585;66243;41213;40.1;24.9
04;2021-06-11;944;615;67187;41828;40.7;25.3
04;2021-06-12;212;148;67399;41976;40.8;25.4
04;2021-06-13;1;1;67400;41977;40.8;25.4
04;2021-06-14;478;303;67878;42280;41.1;25.6
04;2021-06-15;644;1003;68522;43283;41.5;26.2
04;2021-06-16;1023;787;69545;44070;42.1;26.7
04;2021-06-17;1001;959;70546;45029;42.7;27.3
04;2021-06-18;761;886;71307;45915;43.2;27.8
04;2021-06-19;40;85;71347;46000;43.2;27.8
04;2021-06-20;7;9;71354;46009;43.2;27.9
04;2021-06-21;305;614;71659;46623;43.4;28.2
04;2021-06-22;361;1308;72020;47931;43.6;29.0
04;2021-06-23;474;1311;72494;49242;43.9;29.8
04;2021-06-24;852;820;73346;50062;44.4;30.3
04;2021-06-25;461;639;73807;50701;44.7;30.7
04;2021-06-26;57;130;73864;50831;44.7;30.8
04;2021-06-27;4;4;73868;50835;44.7;30.8
04;2021-06-28;158;341;74026;51176;44.8;31.0
04;2021-06-29;370;838;74396;52014;45.0;31.5
04;2021-06-30;541;1121;74937;53135;45.4;32.2
04;2021-07-01;578;1219;75515;54354;45.7;32.9
04;2021-07-02;557;1090;76072;55444;46.0;33.6
04;2021-07-03;65;162;76137;55606;46.1;33.7
04;2021-07-04;6;6;76143;55612;46.1;33.7
04;2021-07-05;106;297;76249;55909;46.2;33.8
04;2021-07-06;503;1383;76752;57292;46.5;34.7
04;2021-07-07;494;1341;77246;58633;46.8;35.5
04;2021-07-08;725;1361;77971;59994;47.2;36.3
04;2021-07-09;580;1063;78551;61057;47.5;37.0
04;2021-07-10;92;177;78643;61234;47.6;37.1
04;2021-07-11;0;21;78643;61255;47.6;37.1
04;2021-07-12;128;652;78771;61907;47.7;37.5
04;2021-07-13;883;1541;79654;63448;48.2;38.4
04;2021-07-14;26;43;79680;63491;48.2;38.4
04;2021-07-15;1219;1736;80899;65227;49.0;39.5
04;2021-07-16;1082;1118;81981;66345;49.6;40.2
04;2021-07-17;446;235;82427;66580;49.9;40.3
04;2021-07-18;114;18;82541;66598;50.0;40.3
04;2021-07-19;484;655;83025;67253;50.3;40.7
04;2021-07-20;1313;1469;84338;68722;51.1;41.6
04;2021-07-21;1126;1166;85464;69888;51.7;42.3
04;2021-07-22;1500;1372;86964;71260;52.6;43.1
04;2021-07-23;1150;1142;88114;72402;53.3;43.8
04;2021-07-24;685;215;88799;72617;53.8;44.0
04;2021-07-25;42;20;88841;72637;53.8;44.0
04;2021-07-26;445;639;89286;73276;54.0;44.4
04;2021-07-27;1370;1046;90656;74322;54.9;45.0
04;2021-07-28;1073;1037;91729;75359;55.5;45.6
04;2021-07-29;1561;1302;93290;76661;56.5;46.4
04;2021-07-30;1244;924;94534;77585;57.2;47.0
04;2021-07-31;251;176;94785;77761;57.4;47.1
04;2021-08-01;48;19;94833;77780;57.4;47.1
04;2021-08-02;196;110;95029;77890;57.5;47.1
04;2021-08-03;1348;1117;96377;79007;58.3;47.8
04;2021-08-04;1178;864;97555;79871;59.1;48.3
04;2021-08-05;1194;738;98749;80609;59.8;48.8
04;2021-08-06;516;396;99265;81005;60.1;49.0
04;2021-08-07;162;162;99427;81167;60.2;49.1
04;2021-08-08;25;12;99452;81179;60.2;49.1
04;2021-08-09;102;117;99554;81296;60.3;49.2
04;2021-08-10;655;981;100209;82277;60.7;49.8
04;2021-08-11;1147;1020;101356;83297;61.4;50.4
04;2021-08-12;1124;1308;102480;84605;62.0;51.2
04;2021-08-13;443;386;102923;84991;62.3;51.4
04;2021-08-14;100;73;103023;85064;62.4;51.5
04;2021-08-15;1;0;103024;85064;62.4;51.5
04;2021-08-16;103;138;103127;85202;62.4;51.6
04;2021-08-17;496;1015;103623;86217;62.7;52.2
04;2021-08-18;720;1318;104343;87535;63.2;53.0
04;2021-08-19;740;1413;105083;88948;63.6;53.8
04;2021-08-20;748;1363;105831;90311;64.1;54.7
04;2021-08-21;66;111;105897;90422;64.1;54.7
04;2021-08-22;15;45;105912;90467;64.1;54.8
04;2021-08-23;55;110;105967;90577;64.1;54.8
04;2021-08-24;685;1494;106652;92071;64.6;55.7
04;2021-08-25;658;1183;107310;93254;65.0;56.5
04;2021-08-26;488;1217;107798;94471;65.3;57.2
04;2021-08-27;452;929;108250;95400;65.5;57.7
04;2021-08-28;132;245;108382;95645;65.6;57.9
04;2021-08-29;27;23;108409;95668;65.6;57.9
04;2021-08-30;122;240;108531;95908;65.7;58.1
04;2021-08-31;511;976;109042;96884;66.0;58.6
04;2021-09-01;511;1200;109553;98084;66.3;59.4
04;2021-09-02;336;855;109889;98939;66.5;59.9
04;2021-09-03;288;766;110177;99705;66.7;60.4
04;2021-09-04;148;227;110325;99932;66.8;60.5
04;2021-09-05;14;9;110339;99941;66.8;60.5
04;2021-09-06;57;103;110396;100044;66.8;60.6
04;2021-09-07;371;834;110767;100878;67.1;61.1
04;2021-09-08;328;740;111095;101618;67.3;61.5
04;2021-09-09;341;724;111436;102342;67.5;62.0
04;2021-09-10;280;667;111716;103009;67.6;62.4
04;2021-09-11;93;114;111809;103123;67.7;62.4
04;2021-09-12;18;23;111827;103146;67.7;62.4
04;2021-09-13;95;72;111922;103218;67.8;62.5
04;2021-09-14;335;609;112257;103827;68.0;62.9
04;2021-09-15;309;702;112566;104529;68.1;63.3
04;2021-09-16;310;522;112876;105051;68.3;63.6
04;2021-09-17;185;565;113061;105616;68.4;63.9
04;2021-09-18;48;123;113109;105739;68.5;64.0
04;2021-09-19;0;5;113109;105744;68.5;64.0
04;2021-09-20;79;51;113188;105795;68.5;64.0
04;2021-09-21;188;570;113376;106365;68.6;64.4
04;2021-09-22;162;677;113538;107042;68.7;64.8
04;2021-09-23;205;377;113743;107419;68.9;65.0
04;2021-09-24;143;436;113886;107855;68.9;65.3
04;2021-09-25;42;99;113928;107954;69.0;65.3
04;2021-09-26;6;26;113934;107980;69.0;65.4
04;2021-09-27;19;66;113953;108046;69.0;65.4
04;2021-09-28;139;277;114092;108323;69.1;65.6
04;2021-09-29;136;383;114228;108706;69.1;65.8
04;2021-09-30;123;274;114351;108980;69.2;66.0
04;2021-10-01;120;183;114471;109163;69.3;66.1
04;2021-10-02;60;135;114531;109298;69.3;66.2
04;2021-10-03;3;5;114534;109303;69.3;66.2
04;2021-10-04;35;45;114569;109348;69.4;66.2
04;2021-10-05;171;341;114740;109689;69.5;66.4
04;2021-10-06;183;341;114923;110030;69.6;66.6
04;2021-10-07;94;282;115017;110312;69.6;66.8
04;2021-10-08;99;171;115116;110483;69.7;66.9
04;2021-10-09;25;88;115141;110571;69.7;66.9
04;2021-10-10;1;2;115142;110573;69.7;66.9
04;2021-10-11;33;118;115175;110691;69.7;67.0
04;2021-10-12;106;184;115281;110875;69.8;67.1
04;2021-10-13;169;271;115450;111146;69.9;67.3
05;2020-12-27;0;0;0;0;0.0;0.0
05;2020-12-28;1;0;1;0;0.0;0.0
05;2020-12-29;1;0;2;0;0.0;0.0
05;2020-12-30;2;0;4;0;0.0;0.0
05;2020-12-31;0;0;4;0;0.0;0.0
05;2021-01-01;2;0;6;0;0.0;0.0
05;2021-01-02;2;0;8;0;0.0;0.0
05;2021-01-03;1;0;9;0;0.0;0.0
05;2021-01-04;2;0;11;0;0.0;0.0
05;2021-01-05;0;0;11;0;0.0;0.0
05;2021-01-06;22;1;33;1;0.0;0.0
05;2021-01-07;128;0;161;1;0.1;0.0
05;2021-01-08;146;1;307;2;0.2;0.0
05;2021-01-09;11;0;318;2;0.2;0.0
05;2021-01-10;0;0;318;2;0.2;0.0
05;2021-01-11;44;0;362;2;0.3;0.0
05;2021-01-12;104;0;466;2;0.3;0.0
05;2021-01-13;139;0;605;2;0.4;0.0
05;2021-01-14;167;0;772;2;0.5;0.0
05;2021-01-15;127;1;899;3;0.6;0.0
05;2021-01-16;15;0;914;3;0.6;0.0
05;2021-01-17;0;0;914;3;0.6;0.0
05;2021-01-18;226;1;1140;4;0.8;0.0
05;2021-01-19;227;0;1367;4;1.0;0.0
05;2021-01-20;213;0;1580;4;1.1;0.0
05;2021-01-21;255;0;1835;4;1.3;0.0
05;2021-01-22;196;1;2031;5;1.4;0.0
05;2021-01-23;113;0;2144;5;1.5;0.0
05;2021-01-24;0;0;2144;5;1.5;0.0
05;2021-01-25;316;0;2460;5;1.7;0.0
05;2021-01-26;486;0;2946;5;2.1;0.0
05;2021-01-27;389;4;3335;9;2.4;0.0
05;2021-01-28;363;56;3698;65;2.6;0.0
05;2021-01-29;364;113;4062;178;2.9;0.1
05;2021-01-30;97;9;4159;187;2.9;0.1
05;2021-01-31;4;0;4163;187;2.9;0.1
05;2021-02-01;177;21;4340;208;3.1;0.1
05;2021-02-02;187;120;4527;328;3.2;0.2
05;2021-02-03;208;63;4735;391;3.3;0.3
05;2021-02-04;197;125;4932;516;3.5;0.4
05;2021-02-05;183;109;5115;625;3.6;0.4
05;2021-02-06;76;24;5191;649;3.7;0.5
05;2021-02-07;0;5;5191;654;3.7;0.5
05;2021-02-08;84;124;5275;778;3.7;0.5
05;2021-02-09;97;113;5372;891;3.8;0.6
05;2021-02-10;81;175;5453;1066;3.8;0.8
05;2021-02-11;87;137;5540;1203;3.9;0.8
05;2021-02-12;85;148;5625;1351;4.0;1.0
05;2021-02-13;75;31;5700;1382;4.0;1.0
05;2021-02-14;0;0;5700;1382;4.0;1.0
05;2021-02-15;98;190;5798;1572;4.1;1.1
05;2021-02-16;111;286;5909;1858;4.2;1.3
05;2021-02-17;136;231;6045;2089;4.3;1.5
05;2021-02-18;154;299;6199;2388;4.4;1.7
05;2021-02-19;158;322;6357;2710;4.5;1.9
05;2021-02-20;31;87;6388;2797;4.5;2.0
05;2021-02-21;0;0;6388;2797;4.5;2.0
05;2021-02-22;70;247;6458;3044;4.6;2.1
05;2021-02-23;18;237;6476;3281;4.6;2.3
05;2021-02-24;20;190;6496;3471;4.6;2.4
05;2021-02-25;56;174;6552;3645;4.6;2.6
05;2021-02-26;145;215;6697;3860;4.7;2.7
05;2021-02-27;65;171;6762;4031;4.8;2.8
05;2021-02-28;11;0;6773;4031;4.8;2.8
05;2021-03-01;92;169;6865;4200;4.8;3.0
05;2021-03-02;92;198;6957;4398;4.9;3.1
05;2021-03-03;112;233;7069;4631;5.0;3.3
05;2021-03-04;242;167;7311;4798;5.2;3.4
05;2021-03-05;578;193;7889;4991;5.6;3.5
05;2021-03-06;670;60;8559;5051;6.0;3.6
05;2021-03-07;516;21;9075;5072;6.4;3.6
05;2021-03-08;556;139;9631;5211;6.8;3.7
05;2021-03-09;520;167;10151;5378;7.2;3.8
05;2021-03-10;498;145;10649;5523;7.5;3.9
05;2021-03-11;377;141;11026;5664;7.8;4.0
05;2021-03-12;437;93;11463;5757;8.1;4.1
05;2021-03-13;797;99;12260;5856;8.6;4.1
05;2021-03-14;670;12;12930;5868;9.1;4.1
05;2021-03-15;354;125;13284;5993;9.4;4.2
05;2021-03-16;149;144;13433;6137;9.5;4.3
05;2021-03-17;262;120;13695;6257;9.7;4.4
05;2021-03-18;364;35;14059;6292;9.9;4.4
05;2021-03-19;450;59;14509;6351;10.2;4.5
05;2021-03-20;167;32;14676;6383;10.4;4.5
05;2021-03-21;1;0;14677;6383;10.4;4.5
05;2021-03-22;718;39;15395;6422;10.9;4.5
05;2021-03-23;805;18;16200;6440;11.4;4.5
05;2021-03-24;789;78;16989;6518;12.0;4.6
05;2021-03-25;901;59;17890;6577;12.6;4.6
05;2021-03-26;1023;49;18913;6626;13.3;4.7
05;2021-03-27;467;35;19380;6661;13.7;4.7
05;2021-03-28;10;0;19390;6661;13.7;4.7
05;2021-03-29;905;67;20295;6728;14.3;4.7
05;2021-03-30;1142;79;21437;6807;15.1;4.8
05;2021-03-31;824;255;22261;7062;15.7;5.0
05;2021-04-01;901;244;23162;7306;16.3;5.2
05;2021-04-02;664;380;23826;7686;16.8;5.4
05;2021-04-03;551;187;24377;7873;17.2;5.6
05;2021-04-04;350;64;24727;7937;17.4;5.6
05;2021-04-05;158;12;24885;7949;17.6;5.6
05;2021-04-06;646;276;25531;8225;18.0;5.8
05;2021-04-07;773;324;26304;8549;18.6;6.0
05;2021-04-08;733;338;27037;8887;19.1;6.3
05;2021-04-09;883;413;27920;9300;19.7;6.6
05;2021-04-10;714;389;28634;9689;20.2;6.8
05;2021-04-11;191;174;28825;9863;20.3;7.0
05;2021-04-12;732;265;29557;10128;20.9;7.1
05;2021-04-13;921;249;30478;10377;21.5;7.3
05;2021-04-14;666;329;31144;10706;22.0;7.6
05;2021-04-15;768;400;31912;11106;22.5;7.8
05;2021-04-16;730;411;32642;11517;23.0;8.1
05;2021-04-17;671;242;33313;11759;23.5;8.3
05;2021-04-18;305;23;33618;11782;23.7;8.3
05;2021-04-19;363;538;33981;12320;24.0;8.7
05;2021-04-20;482;631;34463;12951;24.3;9.1
05;2021-04-21;494;629;34957;13580;24.7;9.6
05;2021-04-22;385;549;35342;14129;24.9;10.0
05;2021-04-23;523;657;35865;14786;25.3;10.4
05;2021-04-24;347;384;36212;15170;25.5;10.7
05;2021-04-25;288;23;36500;15193;25.7;10.7
05;2021-04-26;367;708;36867;15901;26.0;11.2
05;2021-04-27;657;751;37524;16652;26.5;11.7
05;2021-04-28;468;721;37992;17373;26.8;12.3
05;2021-04-29;702;750;38694;18123;27.3;12.8
05;2021-04-30;509;756;39203;18879;27.7;13.3
05;2021-05-01;138;110;39341;18989;27.8;13.4
05;2021-05-02;267;115;39608;19104;27.9;13.5
05;2021-05-03;458;494;40066;19598;28.3;13.8
05;2021-05-04;384;503;40450;20101;28.5;14.2
05;2021-05-05;461;671;40911;20772;28.9;14.7
05;2021-05-06;644;726;41555;21498;29.3;15.2
05;2021-05-07;595;800;42150;22298;29.7;15.7
05;2021-05-08;481;177;42631;22475;30.1;15.9
05;2021-05-09;208;57;42839;22532;30.2;15.9
05;2021-05-10;500;697;43339;23229;30.6;16.4
05;2021-05-11;669;916;44008;24145;31.0;17.0
05;2021-05-12;647;733;44655;24878;31.5;17.5
05;2021-05-13;960;116;45615;24994;32.2;17.6
05;2021-05-14;826;495;46441;25489;32.8;18.0
05;2021-05-15;1044;353;47485;25842;33.5;18.2
05;2021-05-16;235;52;47720;25894;33.7;18.3
05;2021-05-17;484;430;48204;26324;34.0;18.6
05;2021-05-18;519;419;48723;26743;34.4;18.9
05;2021-05-19;727;459;49450;27202;34.9;19.2
05;2021-05-20;747;434;50197;27636;35.4;19.5
05;2021-05-21;705;513;50902;28149;35.9;19.9
05;2021-05-22;607;239;51509;28388;36.3;20.0
05;2021-05-23;277;59;51786;28447;36.5;20.1
05;2021-05-24;510;157;52296;28604;36.9;20.2
05;2021-05-25;515;483;52811;29087;37.3;20.5
05;2021-05-26;695;362;53506;29449;37.7;20.8
05;2021-05-27;799;572;54305;30021;38.3;21.2
05;2021-05-28;666;648;54971;30669;38.8;21.6
05;2021-05-29;566;544;55537;31213;39.2;22.0
05;2021-05-30;212;82;55749;31295;39.3;22.1
05;2021-05-31;576;495;56325;31790;39.7;22.4
05;2021-06-01;590;586;56915;32376;40.1;22.8
05;2021-06-02;684;703;57599;33079;40.6;23.3
05;2021-06-03;716;651;58315;33730;41.1;23.8
05;2021-06-04;1017;818;59332;34548;41.9;24.4
05;2021-06-05;807;508;60139;35056;42.4;24.7
05;2021-06-06;203;89;60342;35145;42.6;24.8
05;2021-06-07;605;833;60947;35978;43.0;25.4
05;2021-06-08;702;661;61649;36639;43.5;25.8
05;2021-06-09;648;783;62297;37422;43.9;26.4
05;2021-06-10;545;719;62842;38141;44.3;26.9
05;2021-06-11;765;723;63607;38864;44.9;27.4
05;2021-06-12;593;485;64200;39349;45.3;27.8
05;2021-06-13;113;91;64313;39440;45.4;27.8
05;2021-06-14;403;669;64716;40109;45.7;28.3
05;2021-06-15;543;912;65259;41021;46.0;28.9
05;2021-06-16;433;671;65692;41692;46.3;29.4
05;2021-06-17;360;805;66052;42497;46.6;30.0
05;2021-06-18;400;725;66452;43222;46.9;30.5
05;2021-06-19;421;570;66873;43792;47.2;30.9
05;2021-06-20;64;77;66937;43869;47.2;30.9
05;2021-06-21;319;641;67256;44510;47.4;31.4
05;2021-06-22;356;829;67612;45339;47.7;32.0
05;2021-06-23;354;763;67966;46102;47.9;32.5
05;2021-06-24;388;1022;68354;47124;48.2;33.2
05;2021-06-25;229;893;68583;48017;48.4;33.9
05;2021-06-26;292;1074;68875;49091;48.6;34.6
05;2021-06-27;128;170;69003;49261;48.7;34.8
05;2021-06-28;254;792;69257;50053;48.9;35.3
05;2021-06-29;250;785;69507;50838;49.0;35.9
05;2021-06-30;329;790;69836;51628;49.3;36.4
05;2021-07-01;385;793;70221;52421;49.5;37.0
05;2021-07-02;369;871;70590;53292;49.8;37.6
05;2021-07-03;305;741;70895;54033;50.0;38.1
05;2021-07-04;179;175;71074;54208;50.1;38.2
05;2021-07-05;264;780;71338;54988;50.3;38.8
05;2021-07-06;336;858;71674;55846;50.6;39.4
05;2021-07-07;400;781;72074;56627;50.8;39.9
05;2021-07-08;431;848;72505;57475;51.1;40.5
05;2021-07-09;422;994;72927;58469;51.4;41.2
05;2021-07-10;314;729;73241;59198;51.7;41.8
05;2021-07-11;176;120;73417;59318;51.8;41.8
05;2021-07-12;416;1013;73833;60331;52.1;42.6
05;2021-07-13;482;869;74315;61200;52.4;43.2
05;2021-07-14;837;300;75152;61500;53.0;43.4
05;2021-07-15;709;993;75861;62493;53.5;44.1
05;2021-07-16;1027;1456;76888;63949;54.2;45.1
05;2021-07-17;672;1306;77560;65255;54.7;46.0
05;2021-07-18;286;132;77846;65387;54.9;46.1
05;2021-07-19;572;792;78418;66179;55.3;46.7
05;2021-07-20;763;801;79181;66980;55.9;47.3
05;2021-07-21;882;841;80063;67821;56.5;47.8
05;2021-07-22;812;870;80875;68691;57.1;48.5
05;2021-07-23;1446;1239;82321;69930;58.1;49.3
05;2021-07-24;864;836;83185;70766;58.7;49.9
05;2021-07-25;305;160;83490;70926;58.9;50.0
05;2021-07-26;778;561;84268;71487;59.4;50.4
05;2021-07-27;1259;757;85527;72244;60.3;51.0
05;2021-07-28;1523;720;87050;72964;61.4;51.5
05;2021-07-29;1346;724;88396;73688;62.4;52.0
05;2021-07-30;960;595;89356;74283;63.0;52.4
05;2021-07-31;782;526;90138;74809;63.6;52.8
05;2021-08-01;192;178;90330;74987;63.7;52.9
05;2021-08-02;835;549;91165;75536;64.3;53.3
05;2021-08-03;828;610;91993;76146;64.9;53.7
05;2021-08-04;992;758;92985;76904;65.6;54.3
05;2021-08-05;981;727;93966;77631;66.3;54.8
05;2021-08-06;873;793;94839;78424;66.9;55.3
05;2021-08-07;631;642;95470;79066;67.3;55.8
05;2021-08-08;196;270;95666;79336;67.5;56.0
05;2021-08-09;775;847;96441;80183;68.0;56.6
05;2021-08-10;651;700;97092;80883;68.5;57.1
05;2021-08-11;743;857;97835;81740;69.0;57.7
05;2021-08-12;795;786;98630;82526;69.6;58.2
05;2021-08-13;626;893;99256;83419;70.0;58.8
05;2021-08-14;410;781;99666;84200;70.3;59.4
05;2021-08-15;188;224;99854;84424;70.4;59.6
05;2021-08-16;488;1086;100342;85510;70.8;60.3
05;2021-08-17;433;880;100775;86390;71.1;60.9
05;2021-08-18;438;974;101213;87364;71.4;61.6
05;2021-08-19;500;964;101713;88328;71.8;62.3
05;2021-08-20;478;1115;102191;89443;72.1;63.1
05;2021-08-21;359;851;102550;90294;72.3;63.7
05;2021-08-22;117;254;102667;90548;72.4;63.9
05;2021-08-23;321;828;102988;91376;72.7;64.5
05;2021-08-24;404;781;103392;92157;72.9;65.0
05;2021-08-25;408;926;103800;93083;73.2;65.7
05;2021-08-26;307;816;104107;93899;73.4;66.2
05;2021-08-27;334;921;104441;94820;73.7;66.9
05;2021-08-28;245;655;104686;95475;73.8;67.4
05;2021-08-29;66;255;104752;95730;73.9;67.5
05;2021-08-30;268;774;105020;96504;74.1;68.1
05;2021-08-31;253;687;105273;97191;74.3;68.6
05;2021-09-01;271;581;105544;97772;74.5;69.0
05;2021-09-02;255;603;105799;98375;74.6;69.4
05;2021-09-03;253;533;106052;98908;74.8;69.8
05;2021-09-04;203;607;106255;99515;75.0;70.2
05;2021-09-05;55;158;106310;99673;75.0;70.3
05;2021-09-06;164;328;106474;100001;75.1;70.5
05;2021-09-07;218;496;106692;100497;75.3;70.9
05;2021-09-08;177;521;106869;101018;75.4;71.3
05;2021-09-09;196;435;107065;101453;75.5;71.6
05;2021-09-10;183;329;107248;101782;75.7;71.8
05;2021-09-11;148;441;107396;102223;75.8;72.1
05;2021-09-12;24;105;107420;102328;75.8;72.2
05;2021-09-13;171;282;107591;102610;75.9;72.4
05;2021-09-14;224;269;107815;102879;76.1;72.6
05;2021-09-15;177;376;107992;103255;76.2;72.8
05;2021-09-16;174;254;108166;103509;76.3;73.0
05;2021-09-17;147;319;108313;103828;76.4;73.2
05;2021-09-18;120;359;108433;104187;76.5;73.5
05;2021-09-19;16;38;108449;104225;76.5;73.5
05;2021-09-20;59;166;108508;104391;76.5;73.6
05;2021-09-21;81;246;108589;104637;76.6;73.8
05;2021-09-22;108;290;108697;104927;76.7;74.0
05;2021-09-23;99;238;108796;105165;76.7;74.2
05;2021-09-24;85;281;108881;105446;76.8;74.4
05;2021-09-25;85;225;108966;105671;76.9;74.5
05;2021-09-26;17;31;108983;105702;76.9;74.6
05;2021-09-27;63;144;109046;105846;76.9;74.7
05;2021-09-28;68;159;109114;106005;77.0;74.8
05;2021-09-29;85;199;109199;106204;77.0;74.9
05;2021-09-30;59;102;109258;106306;77.1;75.0
05;2021-10-01;116;240;109374;106546;77.2;75.2
05;2021-10-02;93;194;109467;106740;77.2;75.3
05;2021-10-03;14;31;109481;106771;77.2;75.3
05;2021-10-04;64;160;109545;106931;77.3;75.4
05;2021-10-05;66;180;109611;107111;77.3;75.6
05;2021-10-06;84;164;109695;107275;77.4;75.7
05;2021-10-07;48;113;109743;107388;77.4;75.8
05;2021-10-08;87;144;109830;107532;77.5;75.9
05;2021-10-09;80;177;109910;107709;77.5;76.0
05;2021-10-10;14;22;109924;107731;77.5;76.0
05;2021-10-11;60;103;109984;107834;77.6;76.1
05;2021-10-12;37;105;110021;107939;77.6;76.1
05;2021-10-13;72;122;110093;108061;77.7;76.2
06;2020-12-27;16;4;16;4;0.0;0.0
06;2020-12-28;27;3;43;7;0.0;0.0
06;2020-12-29;12;3;55;10;0.0;0.0
06;2020-12-30;10;1;65;11;0.0;0.0
06;2020-12-31;30;1;95;12;0.0;0.0
06;2021-01-01;26;4;121;16;0.0;0.0
06;2021-01-02;9;0;130;16;0.0;0.0
06;2021-01-03;11;3;141;19;0.0;0.0
06;2021-01-04;160;3;301;22;0.0;0.0
06;2021-01-05;195;11;496;33;0.0;0.0
06;2021-01-06;256;10;752;43;0.1;0.0
06;2021-01-07;528;7;1280;50;0.1;0.0
06;2021-01-08;695;5;1975;55;0.2;0.0
06;2021-01-09;391;5;2366;60;0.2;0.0
06;2021-01-10;83;2;2449;62;0.2;0.0
06;2021-01-11;1167;7;3616;69;0.3;0.0
06;2021-01-12;2253;13;5869;82;0.5;0.0
06;2021-01-13;1757;15;7626;97;0.7;0.0
06;2021-01-14;2188;30;9814;127;0.9;0.0
06;2021-01-15;1893;7;11707;134;1.1;0.0
06;2021-01-16;995;7;12702;141;1.2;0.0
06;2021-01-17;248;0;12950;141;1.2;0.0
06;2021-01-18;2515;26;15465;167;1.4;0.0
06;2021-01-19;2782;26;18247;193;1.7;0.0
06;2021-01-20;3396;21;21643;214;2.0;0.0
06;2021-01-21;3069;35;24712;249;2.3;0.0
06;2021-01-22;3037;39;27749;288;2.6;0.0
06;2021-01-23;1311;5;29060;293;2.7;0.0
06;2021-01-24;34;0;29094;293;2.7;0.0
06;2021-01-25;2098;16;31192;309;2.9;0.0
06;2021-01-26;3421;55;34613;364;3.2;0.0
06;2021-01-27;2580;114;37193;478;3.4;0.0
06;2021-01-28;2832;218;40025;696;3.7;0.1
06;2021-01-29;2534;329;42559;1025;3.9;0.1
06;2021-01-30;674;47;43233;1072;4.0;0.1
06;2021-01-31;4;1;43237;1073;4.0;0.1
06;2021-02-01;1031;470;44268;1543;4.1;0.1
06;2021-02-02;1520;420;45788;1963;4.2;0.2
06;2021-02-03;342;139;46130;2102;4.3;0.2
06;2021-02-04;727;894;46857;2996;4.3;0.3
06;2021-02-05;1019;1107;47876;4103;4.4;0.4
06;2021-02-06;173;465;48049;4568;4.5;0.4
06;2021-02-07;14;49;48063;4617;4.5;0.4
06;2021-02-08;546;1087;48609;5704;4.5;0.5
06;2021-02-09;329;736;48938;6440;4.5;0.6
06;2021-02-10;389;667;49327;7107;4.6;0.7
06;2021-02-11;487;1064;49814;8171;4.6;0.8
06;2021-02-12;662;1311;50476;9482;4.7;0.9
06;2021-02-13;207;518;50683;10000;4.7;0.9
06;2021-02-14;21;5;50704;10005;4.7;0.9
06;2021-02-15;469;1261;51173;11266;4.7;1.0
06;2021-02-16;877;2004;52050;13270;4.8;1.2
06;2021-02-17;848;2120;52898;15390;4.9;1.4
06;2021-02-18;1833;2684;54731;18074;5.1;1.7
06;2021-02-19;1779;2152;56510;20226;5.2;1.9
06;2021-02-20;291;525;56801;20751;5.3;1.9
06;2021-02-21;25;56;56826;20807;5.3;1.9
06;2021-02-22;1093;1623;57919;22430;5.4;2.1
06;2021-02-23;1777;1555;59696;23985;5.5;2.2
06;2021-02-24;2129;1298;61825;25283;5.7;2.3
06;2021-02-25;3874;1692;65699;26975;6.1;2.5
06;2021-02-26;3417;1630;69116;28605;6.4;2.7
06;2021-02-27;1444;338;70560;28943;6.5;2.7
06;2021-02-28;104;25;70664;28968;6.5;2.7
06;2021-03-01;2444;839;73108;29807;6.8;2.8
06;2021-03-02;2477;997;75585;30804;7.0;2.9
06;2021-03-03;2882;588;78467;31392;7.3;2.9
06;2021-03-04;4648;632;83115;32024;7.7;3.0
06;2021-03-05;3932;1050;87047;33074;8.1;3.1
06;2021-03-06;11989;402;99036;33476;9.2;3.1
06;2021-03-07;10226;351;109262;33827;10.1;3.1
06;2021-03-08;4192;1219;113454;35046;10.5;3.2
06;2021-03-09;5024;981;118478;36027;11.0;3.3
06;2021-03-10;4744;893;123222;36920;11.4;3.4
06;2021-03-11;6748;942;129970;37862;12.0;3.5
06;2021-03-12;6899;1042;136869;38904;12.7;3.6
06;2021-03-13;11285;399;148154;39303;13.7;3.6
06;2021-03-14;519;56;148673;39359;13.8;3.6
06;2021-03-15;4855;787;153528;40146;14.2;3.7
06;2021-03-16;3784;1072;157312;41218;14.6;3.8
06;2021-03-17;6218;1917;163530;43135;15.2;4.0
06;2021-03-18;5139;1856;168669;44991;15.6;4.2
06;2021-03-19;6846;2064;175515;47055;16.3;4.4
06;2021-03-20;2381;560;177896;47615;16.5;4.4
06;2021-03-21;416;27;178312;47642;16.5;4.4
06;2021-03-22;4000;720;182312;48362;16.9;4.5
06;2021-03-23;6000;1238;188312;49600;17.4;4.6
06;2021-03-24;4236;3347;192548;52947;17.8;4.9
06;2021-03-25;5891;3274;198439;56221;18.4;5.2
06;2021-03-26;6375;2019;204814;58240;19.0;5.4
06;2021-03-27;2044;373;206858;58613;19.2;5.4
06;2021-03-28;219;8;207077;58621;19.2;5.4
06;2021-03-29;3213;2110;210290;60731;19.5;5.6
06;2021-03-30;5199;2550;215489;63281;20.0;5.9
06;2021-03-31;8064;1703;223553;64984;20.7;6.0
06;2021-04-01;7677;2521;231230;67505;21.4;6.3
06;2021-04-02;7262;2744;238492;70249;22.1;6.5
06;2021-04-03;2724;1379;241216;71628;22.3;6.6
06;2021-04-04;305;550;241521;72178;22.4;6.7
06;2021-04-05;1417;702;242938;72880;22.5;6.8
06;2021-04-06;6688;3341;249626;76221;23.1;7.1
06;2021-04-07;6238;3924;255864;80145;23.7;7.4
06;2021-04-08;5757;5691;261621;85836;24.2;8.0
06;2021-04-09;9403;5907;271024;91743;25.1;8.5
06;2021-04-10;2396;2789;273420;94532;25.3;8.8
06;2021-04-11;189;60;273609;94592;25.3;8.8
06;2021-04-12;4392;3550;278001;98142;25.8;9.1
06;2021-04-13;6395;5157;284396;103299;26.3;9.6
06;2021-04-14;5481;4520;289877;107819;26.9;10.0
06;2021-04-15;5560;4414;295437;112233;27.4;10.4
06;2021-04-16;7094;5219;302531;117452;28.0;10.9
06;2021-04-17;2789;3063;305320;120515;28.3;11.2
06;2021-04-18;272;228;305592;120743;28.3;11.2
06;2021-04-19;5507;4062;311099;124805;28.8;11.6
06;2021-04-20;5671;4894;316770;129699;29.3;12.0
06;2021-04-21;8339;4213;325109;133912;30.1;12.4
06;2021-04-22;8585;4231;333694;138143;30.9;12.8
06;2021-04-23;8857;4321;342551;142464;31.7;13.2
06;2021-04-24;2358;1500;344909;143964;32.0;13.3
06;2021-04-25;122;29;345031;143993;32.0;13.3
06;2021-04-26;4163;2328;349194;146321;32.4;13.6
06;2021-04-27;4596;4063;353790;150384;32.8;13.9
06;2021-04-28;4166;4591;357956;154975;33.2;14.4
06;2021-04-29;6098;5479;364054;160454;33.7;14.9
06;2021-04-30;6790;5206;370844;165660;34.4;15.3
06;2021-05-01;4168;846;375012;166506;34.7;15.4
06;2021-05-02;495;161;375507;166667;34.8;15.4
06;2021-05-03;6931;3581;382438;170248;35.4;15.8
06;2021-05-04;5758;5421;388196;175669;36.0;16.3
06;2021-05-05;4553;3925;392749;179594;36.4;16.6
06;2021-05-06;5236;4758;397985;184352;36.9;17.1
06;2021-05-07;5663;5687;403648;190039;37.4;17.6
06;2021-05-08;4879;1338;408527;191377;37.8;17.7
06;2021-05-09;206;308;408733;191685;37.9;17.8
06;2021-05-10;4837;5057;413570;196742;38.3;18.2
06;2021-05-11;4949;5570;418519;202312;38.8;18.7
06;2021-05-12;9112;4909;427631;207221;39.6;19.2
06;2021-05-13;9283;2151;436914;209372;40.5;19.4
06;2021-05-14;10865;3374;447779;212746;41.5;19.7
06;2021-05-15;9315;2246;457094;214992;42.3;19.9
06;2021-05-16;1506;288;458600;215280;42.5;19.9
06;2021-05-17;7528;3766;466128;219046;43.2;20.3
06;2021-05-18;9752;3235;475880;222281;44.1;20.6
06;2021-05-19;7721;2991;483601;225272;44.8;20.9
06;2021-05-20;7987;3684;491588;228956;45.5;21.2
06;2021-05-21;8836;3956;500424;232912;46.4;21.6
06;2021-05-22;3033;1326;503457;234238;46.6;21.7
06;2021-05-23;134;631;503591;234869;46.7;21.8
06;2021-05-24;3208;1002;506799;235871;47.0;21.9
06;2021-05-25;4766;4934;511565;240805;47.4;22.3
06;2021-05-26;5696;6634;517261;247439;47.9;22.9
06;2021-05-27;5593;6287;522854;253726;48.4;23.5
06;2021-05-28;4987;7296;527841;261022;48.9;24.2
06;2021-05-29;1638;2925;529479;263947;49.1;24.5
06;2021-05-30;258;1122;529737;265069;49.1;24.6
06;2021-05-31;4421;5132;534158;270201;49.5;25.0
06;2021-06-01;5760;7436;539918;277637;50.0;25.7
06;2021-06-02;3327;8556;543245;286193;50.3;26.5
06;2021-06-03;4554;8309;547799;294502;50.8;27.3
06;2021-06-04;5491;7734;553290;302236;51.3;28.0
06;2021-06-05;2468;3350;555758;305586;51.5;28.3
06;2021-06-06;186;237;555944;305823;51.5;28.3
06;2021-06-07;4150;5586;560094;311409;51.9;28.9
06;2021-06-08;4490;5228;564584;316637;52.3;29.3
06;2021-06-09;4126;7366;568710;324003;52.7;30.0
06;2021-06-10;4797;6873;573507;330876;53.1;30.7
06;2021-06-11;3931;8364;577438;339240;53.5;31.4
06;2021-06-12;1748;3752;579186;342992;53.7;31.8
06;2021-06-13;151;439;579337;343431;53.7;31.8
06;2021-06-14;2746;8608;582083;352039;53.9;32.6
06;2021-06-15;3298;9496;585381;361535;54.2;33.5
06;2021-06-16;3517;7023;588898;368558;54.6;34.1
06;2021-06-17;3688;7194;592586;375752;54.9;34.8
06;2021-06-18;2646;5931;595232;381683;55.1;35.4
06;2021-06-19;1321;1689;596553;383372;55.3;35.5
06;2021-06-20;211;349;596764;383721;55.3;35.5
06;2021-06-21;1737;6296;598501;390017;55.4;36.1
06;2021-06-22;2377;7364;600878;397381;55.7;36.8
06;2021-06-23;2098;6547;602976;403928;55.9;37.4
06;2021-06-24;3499;8976;606475;412904;56.2;38.3
06;2021-06-25;2310;9607;608785;422511;56.4;39.1
06;2021-06-26;893;2288;609678;424799;56.5;39.4
06;2021-06-27;379;1192;610057;425991;56.5;39.5
06;2021-06-28;2503;8124;612560;434115;56.8;40.2
06;2021-06-29;2396;7732;614956;441847;57.0;40.9
06;2021-06-30;1522;7693;616478;449540;57.1;41.6
06;2021-07-01;3574;7484;620052;457024;57.4;42.3
06;2021-07-02;4477;8284;624529;465308;57.9;43.1
06;2021-07-03;1241;4307;625770;469615;58.0;43.5
06;2021-07-04;318;303;626088;469918;58.0;43.5
06;2021-07-05;4080;5145;630168;475063;58.4;44.0
06;2021-07-06;2152;5816;632320;480879;58.6;44.6
06;2021-07-07;4190;5984;636510;486863;59.0;45.1
06;2021-07-08;3732;6336;640242;493199;59.3;45.7
06;2021-07-09;4869;6242;645111;499441;59.8;46.3
06;2021-07-10;1779;2332;646890;501773;59.9;46.5
06;2021-07-11;333;323;647223;502096;60.0;46.5
06;2021-07-12;4213;7154;651436;509250;60.4;47.2
06;2021-07-13;6127;9027;657563;518277;60.9;48.0
06;2021-07-14;1251;442;658814;518719;61.0;48.1
06;2021-07-15;6854;8041;665668;526760;61.7;48.8
06;2021-07-16;8541;9042;674209;535802;62.5;49.6
06;2021-07-17;3167;5478;677376;541280;62.8;50.1
06;2021-07-18;1079;5333;678455;546613;62.9;50.6
06;2021-07-19;6171;8038;684626;554651;63.4;51.4
06;2021-07-20;7606;10266;692232;564917;64.1;52.3
06;2021-07-21;8481;8720;700713;573637;64.9;53.1
06;2021-07-22;10458;7889;711171;581526;65.9;53.9
06;2021-07-23;9576;6934;720747;588460;66.8;54.5
06;2021-07-24;3306;3107;724053;591567;67.1;54.8
06;2021-07-25;1005;482;725058;592049;67.2;54.9
06;2021-07-26;7666;6893;732724;598942;67.9;55.5
06;2021-07-27;9279;5601;742003;604543;68.7;56.0
06;2021-07-28;7496;5417;749499;609960;69.4;56.5
06;2021-07-29;8894;5791;758393;615751;70.3;57.0
06;2021-07-30;8561;5569;766954;621320;71.1;57.6
06;2021-07-31;3831;3084;770785;624404;71.4;57.8
06;2021-08-01;902;438;771687;624842;71.5;57.9
06;2021-08-02;7154;4634;778841;629476;72.2;58.3
06;2021-08-03;6869;5510;785710;634986;72.8;58.8
06;2021-08-04;5843;3527;791553;638513;73.3;59.2
06;2021-08-05;6789;4478;798342;642991;74.0;59.6
06;2021-08-06;6124;6124;804466;649115;74.5;60.1
06;2021-08-07;2327;2473;806793;651588;74.7;60.4
06;2021-08-08;617;635;807410;652223;74.8;60.4
06;2021-08-09;4885;6041;812295;658264;75.3;61.0
06;2021-08-10;5522;6917;817817;665181;75.8;61.6
06;2021-08-11;4463;6219;822280;671400;76.2;62.2
06;2021-08-12;4746;6743;827026;678143;76.6;62.8
06;2021-08-13;3882;6455;830908;684598;77.0;63.4
06;2021-08-14;1599;2275;832507;686873;77.1;63.6
06;2021-08-15;420;639;832927;687512;77.2;63.7
06;2021-08-16;3297;6910;836224;694422;77.5;64.3
06;2021-08-17;3848;7779;840072;702201;77.8;65.1
06;2021-08-18;3002;6411;843074;708612;78.1;65.6
06;2021-08-19;4029;8128;847103;716740;78.5;66.4
06;2021-08-20;3329;6536;850432;723276;78.8;67.0
06;2021-08-21;1846;3595;852278;726871;79.0;67.3
06;2021-08-22;389;712;852667;727583;79.0;67.4
06;2021-08-23;2566;6530;855233;734113;79.2;68.0
06;2021-08-24;2904;6475;858137;740588;79.5;68.6
06;2021-08-25;2645;5683;860782;746271;79.7;69.1
06;2021-08-26;2738;6892;863520;753163;80.0;69.8
06;2021-08-27;2664;7080;866184;760243;80.2;70.4
06;2021-08-28;1299;3335;867483;763578;80.4;70.7
06;2021-08-29;300;827;867783;764405;80.4;70.8
06;2021-08-30;2471;6186;870254;770591;80.6;71.4
06;2021-08-31;2779;6857;873033;777448;80.9;72.0
06;2021-09-01;3033;5293;876066;782741;81.2;72.5
06;2021-09-02;2494;5494;878560;788235;81.4;73.0
06;2021-09-03;2215;5961;880775;794196;81.6;73.6
06;2021-09-04;1385;3496;882160;797692;81.7;73.9
06;2021-09-05;287;498;882447;798190;81.8;73.9
06;2021-09-06;1634;3928;884081;802118;81.9;74.3
06;2021-09-07;1656;4134;885737;806252;82.1;74.7
06;2021-09-08;1632;3221;887369;809473;82.2;75.0
06;2021-09-09;1463;3350;888832;812823;82.3;75.3
06;2021-09-10;1925;3505;890757;816328;82.5;75.6
06;2021-09-11;1089;2278;891846;818606;82.6;75.8
06;2021-09-12;146;325;891992;818931;82.6;75.9
06;2021-09-13;1325;2649;893317;821580;82.8;76.1
06;2021-09-14;1544;2284;894861;823864;82.9;76.3
06;2021-09-15;1516;2760;896377;826624;83.0;76.6
06;2021-09-16;1388;2428;897765;829052;83.2;76.8
06;2021-09-17;1524;2880;899289;831932;83.3;77.1
06;2021-09-18;696;1963;899985;833895;83.4;77.3
06;2021-09-19;111;289;900096;834184;83.4;77.3
06;2021-09-20;744;2137;900840;836321;83.5;77.5
06;2021-09-21;1002;2482;901842;838803;83.6;77.7
06;2021-09-22;1056;2513;902898;841316;83.6;77.9
06;2021-09-23;820;2201;903718;843517;83.7;78.1
06;2021-09-24;922;2353;904640;845870;83.8;78.4
06;2021-09-25;492;1781;905132;847651;83.9;78.5
06;2021-09-26;101;224;905233;847875;83.9;78.6
06;2021-09-27;672;1620;905905;849495;83.9;78.7
06;2021-09-28;580;1605;906485;851100;84.0;78.8
06;2021-09-29;822;1792;907307;852892;84.1;79.0
06;2021-09-30;759;1707;908066;854599;84.1;79.2
06;2021-10-01;949;2089;909015;856688;84.2;79.4
06;2021-10-02;500;1349;909515;858037;84.3;79.5
06;2021-10-03;105;171;909620;858208;84.3;79.5
06;2021-10-04;427;1183;910047;859391;84.3;79.6
06;2021-10-05;620;1642;910667;861033;84.4;79.8
06;2021-10-06;765;1743;911432;862776;84.4;79.9
06;2021-10-07;643;1564;912075;864340;84.5;80.1
06;2021-10-08;874;1736;912949;866076;84.6;80.2
06;2021-10-09;525;1149;913474;867225;84.6;80.3
06;2021-10-10;137;209;913611;867434;84.6;80.4
06;2021-10-11;574;1260;914185;868694;84.7;80.5
06;2021-10-12;559;1154;914744;869848;84.7;80.6
06;2021-10-13;717;1387;915461;871235;84.8;80.7
07;2020-12-27;0;0;0;0;0.0;0.0
07;2020-12-28;0;0;0;0;0.0;0.0
07;2020-12-29;0;0;0;0;0.0;0.0
07;2020-12-30;0;0;0;0;0.0;0.0
07;2020-12-31;0;0;0;0;0.0;0.0
07;2021-01-01;7;0;7;0;0.0;0.0
07;2021-01-02;0;0;7;0;0.0;0.0
07;2021-01-03;0;0;7;0;0.0;0.0
07;2021-01-04;0;0;7;0;0.0;0.0
07;2021-01-05;0;0;7;0;0.0;0.0
07;2021-01-06;31;0;38;0;0.0;0.0
07;2021-01-07;130;1;168;1;0.1;0.0
07;2021-01-08;45;1;213;2;0.1;0.0
07;2021-01-09;17;0;230;2;0.1;0.0
07;2021-01-10;0;0;230;2;0.1;0.0
07;2021-01-11;157;1;387;3;0.1;0.0
07;2021-01-12;310;1;697;4;0.2;0.0
07;2021-01-13;308;4;1005;8;0.3;0.0
07;2021-01-14;475;0;1480;8;0.5;0.0
07;2021-01-15;188;0;1668;8;0.5;0.0
07;2021-01-16;17;0;1685;8;0.5;0.0
07;2021-01-17;2;0;1687;8;0.5;0.0
07;2021-01-18;364;5;2051;13;0.6;0.0
07;2021-01-19;830;3;2881;16;0.9;0.0
07;2021-01-20;605;8;3486;24;1.1;0.0
07;2021-01-21;454;3;3940;27;1.2;0.0
07;2021-01-22;292;0;4232;27;1.3;0.0
07;2021-01-23;107;0;4339;27;1.3;0.0
07;2021-01-24;0;0;4339;27;1.3;0.0
07;2021-01-25;164;0;4503;27;1.4;0.0
07;2021-01-26;491;4;4994;31;1.5;0.0
07;2021-01-27;558;14;5552;45;1.7;0.0
07;2021-01-28;1207;103;6759;148;2.1;0.0
07;2021-01-29;714;19;7473;167;2.3;0.1
07;2021-01-30;212;4;7685;171;2.4;0.1
07;2021-01-31;7;0;7692;171;2.4;0.1
07;2021-02-01;267;33;7959;204;2.4;0.1
07;2021-02-02;664;240;8623;444;2.6;0.1
07;2021-02-03;1046;235;9669;679;3.0;0.2
07;2021-02-04;723;270;10392;949;3.2;0.3
07;2021-02-05;484;255;10876;1204;3.3;0.4
07;2021-02-06;98;2;10974;1206;3.4;0.4
07;2021-02-07;12;1;10986;1207;3.4;0.4
07;2021-02-08;239;175;11225;1382;3.4;0.4
07;2021-02-09;490;331;11715;1713;3.6;0.5
07;2021-02-10;539;397;12254;2110;3.7;0.6
07;2021-02-11;400;282;12654;2392;3.9;0.7
07;2021-02-12;266;162;12920;2554;4.0;0.8
07;2021-02-13;69;20;12989;2574;4.0;0.8
07;2021-02-14;1;0;12990;2574;4.0;0.8
07;2021-02-15;270;130;13260;2704;4.1;0.8
07;2021-02-16;352;364;13612;3068;4.2;0.9
07;2021-02-17;466;330;14078;3398;4.3;1.0
07;2021-02-18;564;767;14642;4165;4.5;1.3
07;2021-02-19;459;508;15101;4673;4.6;1.4
07;2021-02-20;109;69;15210;4742;4.7;1.5
07;2021-02-21;15;0;15225;4742;4.7;1.5
07;2021-02-22;425;217;15650;4959;4.8;1.5
07;2021-02-23;648;622;16298;5581;5.0;1.7
07;2021-02-24;927;710;17225;6291;5.3;1.9
07;2021-02-25;709;539;17934;6830;5.5;2.1
07;2021-02-26;844;295;18778;7125;5.7;2.2
07;2021-02-27;190;145;18968;7270;5.8;2.2
07;2021-02-28;1;0;18969;7270;5.8;2.2
07;2021-03-01;438;215;19407;7485;5.9;2.3
07;2021-03-02;658;566;20065;8051;6.1;2.5
07;2021-03-03;695;537;20760;8588;6.4;2.6
07;2021-03-04;1101;360;21861;8948;6.7;2.7
07;2021-03-05;1083;378;22944;9326;7.0;2.9
07;2021-03-06;1127;99;24071;9425;7.4;2.9
07;2021-03-07;717;21;24788;9446;7.6;2.9
07;2021-03-08;353;320;25141;9766;7.7;3.0
07;2021-03-09;1091;439;26232;10205;8.0;3.1
07;2021-03-10;868;522;27100;10727;8.3;3.3
07;2021-03-11;1373;473;28473;11200;8.7;3.4
07;2021-03-12;1618;572;30091;11772;9.2;3.6
07;2021-03-13;683;105;30774;11877;9.4;3.6
07;2021-03-14;4;0;30778;11877;9.4;3.6
07;2021-03-15;525;292;31303;12169;9.6;3.7
07;2021-03-16;1209;487;32512;12656;9.9;3.9
07;2021-03-17;1188;774;33700;13430;10.3;4.1
07;2021-03-18;1217;418;34917;13848;10.7;4.2
07;2021-03-19;1269;426;36186;14274;11.1;4.4
07;2021-03-20;467;109;36653;14383;11.2;4.4
07;2021-03-21;3;2;36656;14385;11.2;4.4
07;2021-03-22;791;537;37447;14922;11.5;4.6
07;2021-03-23;1519;727;38966;15649;11.9;4.8
07;2021-03-24;1280;673;40246;16322;12.3;5.0
07;2021-03-25;1852;521;42098;16843;12.9;5.2
07;2021-03-26;1834;446;43932;17289;13.4;5.3
07;2021-03-27;384;101;44316;17390;13.6;5.3
07;2021-03-28;6;1;44322;17391;13.6;5.3
07;2021-03-29;789;361;45111;17752;13.8;5.4
07;2021-03-30;1526;516;46637;18268;14.3;5.6
07;2021-03-31;1662;508;48299;18776;14.8;5.7
07;2021-04-01;1590;667;49889;19443;15.3;5.9
07;2021-04-02;1522;443;51411;19886;15.7;6.1
07;2021-04-03;230;106;51641;19992;15.8;6.1
07;2021-04-04;3;1;51644;19993;15.8;6.1
07;2021-04-05;0;66;51644;20059;15.8;6.1
07;2021-04-06;1156;761;52800;20820;16.2;6.4
07;2021-04-07;1316;907;54116;21727;16.6;6.6
07;2021-04-08;1969;1183;56085;22910;17.2;7.0
07;2021-04-09;2423;576;58508;23486;17.9;7.2
07;2021-04-10;807;164;59315;23650;18.1;7.2
07;2021-04-11;340;13;59655;23663;18.3;7.2
07;2021-04-12;1288;604;60943;24267;18.6;7.4
07;2021-04-13;1767;1340;62710;25607;19.2;7.8
07;2021-04-14;1687;1020;64397;26627;19.7;8.1
07;2021-04-15;1443;848;65840;27475;20.1;8.4
07;2021-04-16;1506;918;67346;28393;20.6;8.7
07;2021-04-17;870;217;68216;28610;20.9;8.8
07;2021-04-18;699;39;68915;28649;21.1;8.8
07;2021-04-19;1161;574;70076;29223;21.4;8.9
07;2021-04-20;1440;1321;71516;30544;21.9;9.3
07;2021-04-21;1719;919;73235;31463;22.4;9.6
07;2021-04-22;1816;971;75051;32434;23.0;9.9
07;2021-04-23;1411;972;76462;33406;23.4;10.2
07;2021-04-24;962;254;77424;33660;23.7;10.3
07;2021-04-25;717;69;78141;33729;23.9;10.3
07;2021-04-26;1137;680;79278;34409;24.3;10.5
07;2021-04-27;1394;1567;80672;35976;24.7;11.0
07;2021-04-28;1635;1760;82307;37736;25.2;11.5
07;2021-04-29;1938;1536;84245;39272;25.8;12.0
07;2021-04-30;1660;1486;85905;40758;26.3;12.5
07;2021-05-01;960;120;86865;40878;26.6;12.5
07;2021-05-02;844;155;87709;41033;26.8;12.6
07;2021-05-03;1279;435;88988;41468;27.2;12.7
07;2021-05-04;2170;1568;91158;43036;27.9;13.2
07;2021-05-05;1744;1388;92902;44424;28.4;13.6
07;2021-05-06;2101;1588;95003;46012;29.1;14.1
07;2021-05-07;1597;1557;96600;47569;29.6;14.6
07;2021-05-08;1230;406;97830;47975;29.9;14.7
07;2021-05-09;1030;327;98860;48302;30.2;14.8
07;2021-05-10;1406;1177;100266;49479;30.7;15.1
07;2021-05-11;2470;1698;102736;51177;31.4;15.7
07;2021-05-12;2165;1279;104901;52456;32.1;16.0
07;2021-05-13;1712;273;106613;52729;32.6;16.1
07;2021-05-14;1734;999;108347;53728;33.1;16.4
07;2021-05-15;1626;500;109973;54228;33.6;16.6
07;2021-05-16;1442;214;111415;54442;34.1;16.7
07;2021-05-17;1771;859;113186;55301;34.6;16.9
07;2021-05-18;2295;1303;115481;56604;35.3;17.3
07;2021-05-19;2375;1000;117856;57604;36.1;17.6
07;2021-05-20;2165;1308;120021;58912;36.7;18.0
07;2021-05-21;1757;1312;121778;60224;37.3;18.4
07;2021-05-22;935;543;122713;60767;37.5;18.6
07;2021-05-23;856;157;123569;60924;37.8;18.6
07;2021-05-24;1648;339;125217;61263;38.3;18.7
07;2021-05-25;2184;1481;127401;62744;39.0;19.2
07;2021-05-26;1526;1379;128927;64123;39.4;19.6
07;2021-05-27;2015;1412;130942;65535;40.1;20.0
07;2021-05-28;1771;2079;132713;67614;40.6;20.7
07;2021-05-29;942;683;133655;68297;40.9;20.9
07;2021-05-30;622;570;134277;68867;41.1;21.1
07;2021-05-31;1133;1284;135410;70151;41.4;21.5
07;2021-06-01;2152;2001;137562;72152;42.1;22.1
07;2021-06-02;1531;1653;139093;73805;42.6;22.6
07;2021-06-03;1712;1254;140805;75059;43.1;23.0
07;2021-06-04;1676;1594;142481;76653;43.6;23.5
07;2021-06-05;987;955;143468;77608;43.9;23.7
07;2021-06-06;598;624;144066;78232;44.1;23.9
07;2021-06-07;961;1193;145027;79425;44.4;24.3
07;2021-06-08;1547;1772;146574;81197;44.8;24.8
07;2021-06-09;1030;1421;147604;82618;45.2;25.3
07;2021-06-10;789;1388;148393;84006;45.4;25.7
07;2021-06-11;1154;2032;149547;86038;45.8;26.3
07;2021-06-12;643;1217;150190;87255;45.9;26.7
07;2021-06-13;395;444;150585;87699;46.1;26.8
07;2021-06-14;566;1957;151151;89656;46.2;27.4
07;2021-06-15;936;2552;152087;92208;46.5;28.2
07;2021-06-16;1023;1854;153110;94062;46.8;28.8
07;2021-06-17;885;1949;153995;96011;47.1;29.4
07;2021-06-18;868;2282;154863;98293;47.4;30.1
07;2021-06-19;603;1452;155466;99745;47.6;30.5
07;2021-06-20;369;729;155835;100474;47.7;30.7
07;2021-06-21;516;2143;156351;102617;47.8;31.4
07;2021-06-22;655;2662;157006;105279;48.0;32.2
07;2021-06-23;680;1960;157686;107239;48.2;32.8
07;2021-06-24;646;1852;158332;109091;48.4;33.4
07;2021-06-25;701;2177;159033;111268;48.7;34.0
07;2021-06-26;362;1430;159395;112698;48.8;34.5
07;2021-06-27;285;1073;159680;113771;48.9;34.8
07;2021-06-28;506;2241;160186;116012;49.0;35.5
07;2021-06-29;540;2988;160726;119000;49.2;36.4
07;2021-06-30;822;2278;161548;121278;49.4;37.1
07;2021-07-01;776;1951;162324;123229;49.7;37.7
07;2021-07-02;880;2298;163204;125527;49.9;38.4
07;2021-07-03;421;1137;163625;126664;50.1;38.7
07;2021-07-04;211;852;163836;127516;50.1;39.0
07;2021-07-05;670;1685;164506;129201;50.3;39.5
07;2021-07-06;880;2630;165386;131831;50.6;40.3
07;2021-07-07;969;1951;166355;133782;50.9;40.9
07;2021-07-08;928;1959;167283;135741;51.2;41.5
07;2021-07-09;995;2262;168278;138003;51.5;42.2
07;2021-07-10;598;1100;168876;139103;51.7;42.6
07;2021-07-11;239;614;169115;139717;51.7;42.7
07;2021-07-12;807;1769;169922;141486;52.0;43.3
07;2021-07-13;1770;3173;171692;144659;52.5;44.3
07;2021-07-14;167;133;171859;144792;52.6;44.3
07;2021-07-15;1962;2468;173821;147260;53.2;45.1
07;2021-07-16;2057;1987;175878;149247;53.8;45.7
07;2021-07-17;1484;1250;177362;150497;54.3;46.0
07;2021-07-18;771;480;178133;150977;54.5;46.2
07;2021-07-19;1516;1689;179649;152666;55.0;46.7
07;2021-07-20;2518;2678;182167;155344;55.7;47.5
07;2021-07-21;1856;1917;184023;157261;56.3;48.1
07;2021-07-22;1918;1374;185941;158635;56.9;48.5
07;2021-07-23;2264;1688;188205;160323;57.6;49.0
07;2021-07-24;1642;1112;189847;161435;58.1;49.4
07;2021-07-25;34;22;189881;161457;58.1;49.4
07;2021-07-26;2199;1546;192080;163003;58.8;49.9
07;2021-07-27;3017;1915;195097;164918;59.7;50.5
07;2021-07-28;1643;1309;196740;166227;60.2;50.9
07;2021-07-29;2540;1274;199280;167501;61.0;51.2
07;2021-07-30;1356;1415;200636;168916;61.4;51.7
07;2021-07-31;1506;922;202142;169838;61.8;52.0
07;2021-08-01;74;26;202216;169864;61.9;52.0
07;2021-08-02;1516;1133;203732;170997;62.3;52.3
07;2021-08-03;2418;1911;206150;172908;63.1;52.9
07;2021-08-04;1947;1033;208097;173941;63.7;53.2
07;2021-08-05;1893;1296;209990;175237;64.2;53.6
07;2021-08-06;2033;1711;212023;176948;64.9;54.1
07;2021-08-07;998;556;213021;177504;65.2;54.3
07;2021-08-08;12;23;213033;177527;65.2;54.3
07;2021-08-09;1258;1382;214291;178909;65.6;54.7
07;2021-08-10;1599;2260;215890;181169;66.0;55.4
07;2021-08-11;1399;1600;217289;182769;66.5;55.9
07;2021-08-12;1105;1486;218394;184255;66.8;56.4
07;2021-08-13;1182;1790;219576;186045;67.2;56.9
07;2021-08-14;512;766;220088;186811;67.3;57.2
07;2021-08-15;9;28;220097;186839;67.3;57.2
07;2021-08-16;754;1328;220851;188167;67.6;57.6
07;2021-08-17;1339;2278;222190;190445;68.0;58.3
07;2021-08-18;880;1517;223070;191962;68.2;58.7
07;2021-08-19;1149;1697;224219;193659;68.6;59.2
07;2021-08-20;899;2086;225118;195745;68.9;59.9
07;2021-08-21;364;549;225482;196294;69.0;60.1
07;2021-08-22;7;23;225489;196317;69.0;60.1
07;2021-08-23;467;1307;225956;197624;69.1;60.5
07;2021-08-24;1125;2312;227081;199936;69.5;61.2
07;2021-08-25;692;1838;227773;201774;69.7;61.7
07;2021-08-26;690;2021;228463;203795;69.9;62.3
07;2021-08-27;784;1830;229247;205625;70.1;62.9
07;2021-08-28;338;608;229585;206233;70.2;63.1
07;2021-08-29;1;33;229586;206266;70.2;63.1
07;2021-08-30;429;1304;230015;207570;70.4;63.5
07;2021-08-31;1095;2203;231110;209773;70.7;64.2
07;2021-09-01;543;1346;231653;211119;70.9;64.6
07;2021-09-02;605;1384;232258;212503;71.1;65.0
07;2021-09-03;741;1775;232999;214278;71.3;65.6
07;2021-09-04;309;696;233308;214974;71.4;65.8
07;2021-09-05;26;28;233334;215002;71.4;65.8
07;2021-09-06;402;906;233736;215908;71.5;66.1
07;2021-09-07;524;1297;234260;217205;71.7;66.4
07;2021-09-08;445;1042;234705;218247;71.8;66.8
07;2021-09-09;479;858;235184;219105;71.9;67.0
07;2021-09-10;518;1245;235702;220350;72.1;67.4
07;2021-09-11;168;628;235870;220978;72.2;67.6
07;2021-09-12;0;7;235870;220985;72.2;67.6
07;2021-09-13;351;524;236221;221509;72.3;67.8
07;2021-09-14;536;886;236757;222395;72.4;68.0
07;2021-09-15;304;744;237061;223139;72.5;68.3
07;2021-09-16;430;568;237491;223707;72.7;68.4
07;2021-09-17;318;802;237809;224509;72.8;68.7
07;2021-09-18;100;455;237909;224964;72.8;68.8
07;2021-09-19;3;32;237912;224996;72.8;68.8
07;2021-09-20;239;365;238151;225361;72.9;68.9
07;2021-09-21;287;695;238438;226056;72.9;69.2
07;2021-09-22;172;727;238610;226783;73.0;69.4
07;2021-09-23;189;532;238799;227315;73.1;69.5
07;2021-09-24;277;838;239076;228153;73.1;69.8
07;2021-09-25;51;208;239127;228361;73.2;69.9
07;2021-09-26;6;17;239133;228378;73.2;69.9
07;2021-09-27;145;458;239278;228836;73.2;70.0
07;2021-09-28;178;522;239456;229358;73.3;70.2
07;2021-09-29;127;513;239583;229871;73.3;70.3
07;2021-09-30;174;451;239757;230322;73.3;70.5
07;2021-10-01;220;594;239977;230916;73.4;70.6
07;2021-10-02;76;137;240053;231053;73.4;70.7
07;2021-10-03;10;15;240063;231068;73.4;70.7
07;2021-10-04;161;366;240224;231434;73.5;70.8
07;2021-10-05;206;446;240430;231880;73.6;70.9
07;2021-10-06;161;330;240591;232210;73.6;71.0
07;2021-10-07;141;438;240732;232648;73.6;71.2
07;2021-10-08;207;428;240939;233076;73.7;71.3
07;2021-10-09;65;95;241004;233171;73.7;71.3
07;2021-10-10;0;1;241004;233172;73.7;71.3
07;2021-10-11;101;269;241105;233441;73.8;71.4
07;2021-10-12;188;405;241293;233846;73.8;71.5
07;2021-10-13;131;233;241424;234079;73.9;71.6
08;2020-12-27;1;0;1;0;0.0;0.0
08;2020-12-28;0;0;1;0;0.0;0.0
08;2020-12-29;0;0;1;0;0.0;0.0
08;2020-12-30;0;0;1;0;0.0;0.0
08;2020-12-31;0;0;1;0;0.0;0.0
08;2021-01-01;0;0;1;0;0.0;0.0
08;2021-01-02;0;0;1;0;0.0;0.0
08;2021-01-03;2;0;3;0;0.0;0.0
08;2021-01-04;24;0;27;0;0.0;0.0
08;2021-01-05;1;0;28;0;0.0;0.0
08;2021-01-06;0;0;28;0;0.0;0.0
08;2021-01-07;188;0;216;0;0.1;0.0
08;2021-01-08;315;1;531;1;0.2;0.0
08;2021-01-09;115;0;646;1;0.2;0.0
08;2021-01-10;1;0;647;1;0.2;0.0
08;2021-01-11;66;0;713;1;0.3;0.0
08;2021-01-12;157;0;870;1;0.3;0.0
08;2021-01-13;480;1;1350;2;0.5;0.0
08;2021-01-14;538;9;1888;11;0.7;0.0
08;2021-01-15;288;2;2176;13;0.8;0.0
08;2021-01-16;107;0;2283;13;0.9;0.0
08;2021-01-17;2;0;2285;13;0.9;0.0
08;2021-01-18;371;2;2656;15;1.0;0.0
08;2021-01-19;873;2;3529;17;1.3;0.0
08;2021-01-20;909;4;4438;21;1.7;0.0
08;2021-01-21;743;1;5181;22;2.0;0.0
08;2021-01-22;678;1;5859;23;2.2;0.0
08;2021-01-23;237;0;6096;23;2.3;0.0
08;2021-01-24;0;0;6096;23;2.3;0.0
08;2021-01-25;209;0;6305;23;2.4;0.0
08;2021-01-26;303;2;6608;25;2.5;0.0
08;2021-01-27;410;1;7018;26;2.6;0.0
08;2021-01-28;565;183;7583;209;2.9;0.1
08;2021-01-29;588;182;8171;391;3.1;0.1
08;2021-01-30;222;63;8393;454;3.2;0.2
08;2021-01-31;0;0;8393;454;3.2;0.2
08;2021-02-01;80;46;8473;500;3.2;0.2
08;2021-02-02;192;172;8665;672;3.3;0.3
08;2021-02-03;140;169;8805;841;3.3;0.3
08;2021-02-04;309;287;9114;1128;3.4;0.4
08;2021-02-05;499;360;9613;1488;3.6;0.6
08;2021-02-06;149;75;9762;1563;3.7;0.6
08;2021-02-07;8;0;9770;1563;3.7;0.6
08;2021-02-08;40;172;9810;1735;3.7;0.7
08;2021-02-09;221;646;10031;2381;3.8;0.9
08;2021-02-10;334;639;10365;3020;3.9;1.1
08;2021-02-11;467;365;10832;3385;4.1;1.3
08;2021-02-12;676;386;11508;3771;4.3;1.4
08;2021-02-13;140;115;11648;3886;4.4;1.5
08;2021-02-14;3;60;11651;3946;4.4;1.5
08;2021-02-15;227;208;11878;4154;4.5;1.6
08;2021-02-16;130;374;12008;4528;4.5;1.7
08;2021-02-17;112;414;12120;4942;4.6;1.9
08;2021-02-18;215;518;12335;5460;4.6;2.1
08;2021-02-19;305;423;12640;5883;4.8;2.2
08;2021-02-20;7;206;12647;6089;4.8;2.3
08;2021-02-21;0;0;12647;6089;4.8;2.3
08;2021-02-22;131;180;12778;6269;4.8;2.4
08;2021-02-23;150;319;12928;6588;4.9;2.5
08;2021-02-24;163;388;13091;6976;4.9;2.6
08;2021-02-25;500;529;13591;7505;5.1;2.8
08;2021-02-26;603;626;14194;8131;5.3;3.1
08;2021-02-27;318;194;14512;8325;5.5;3.1
08;2021-02-28;19;1;14531;8326;5.5;3.1
08;2021-03-01;200;105;14731;8431;5.5;3.2
08;2021-03-02;654;281;15385;8712;5.8;3.3
08;2021-03-03;899;202;16284;8914;6.1;3.4
08;2021-03-04;735;335;17019;9249;6.4;3.5
08;2021-03-05;1021;543;18040;9792;6.8;3.7
08;2021-03-06;695;141;18735;9933;7.1;3.7
08;2021-03-07;75;2;18810;9935;7.1;3.7
08;2021-03-08;217;125;19027;10060;7.2;3.8
08;2021-03-09;688;156;19715;10216;7.4;3.8
08;2021-03-10;1038;124;20753;10340;7.8;3.9
08;2021-03-11;982;255;21735;10595;8.2;4.0
08;2021-03-12;1632;519;23367;11114;8.8;4.2
08;2021-03-13;798;125;24165;11239;9.1;4.2
08;2021-03-14;22;0;24187;11239;9.1;4.2
08;2021-03-15;291;73;24478;11312;9.2;4.3
08;2021-03-16;563;40;25041;11352;9.4;4.3
08;2021-03-17;804;66;25845;11418;9.7;4.3
08;2021-03-18;817;162;26662;11580;10.0;4.4
08;2021-03-19;1134;286;27796;11866;10.5;4.5
08;2021-03-20;511;20;28307;11886;10.7;4.5
08;2021-03-21;13;1;28320;11887;10.7;4.5
08;2021-03-22;367;45;28687;11932;10.8;4.5
08;2021-03-23;733;63;29420;11995;11.1;4.5
08;2021-03-24;1327;75;30747;12070;11.6;4.5
08;2021-03-25;1906;98;32653;12168;12.3;4.6
08;2021-03-26;2571;174;35224;12342;13.3;4.6
08;2021-03-27;898;125;36122;12467;13.6;4.7
08;2021-03-28;228;7;36350;12474;13.7;4.7
08;2021-03-29;261;184;36611;12658;13.8;4.8
08;2021-03-30;832;488;37443;13146;14.1;5.0
08;2021-03-31;852;534;38295;13680;14.4;5.2
08;2021-04-01;1687;453;39982;14133;15.1;5.3
08;2021-04-02;1497;523;41479;14656;15.6;5.5
08;2021-04-03;1329;205;42808;14861;16.1;5.6
08;2021-04-04;134;4;42942;14865;16.2;5.6
08;2021-04-05;17;0;42959;14865;16.2;5.6
08;2021-04-06;702;484;43661;15349;16.4;5.8
08;2021-04-07;909;705;44570;16054;16.8;6.0
08;2021-04-08;1745;523;46315;16577;17.4;6.2
08;2021-04-09;2347;730;48662;17307;18.3;6.5
08;2021-04-10;1445;229;50107;17536;18.9;6.6
08;2021-04-11;10;6;50117;17542;18.9;6.6
08;2021-04-12;671;218;50788;17760;19.1;6.7
08;2021-04-13;1309;613;52097;18373;19.6;6.9
08;2021-04-14;1280;867;53377;19240;20.1;7.2
08;2021-04-15;1606;810;54983;20050;20.7;7.6
08;2021-04-16;1873;884;56856;20934;21.4;7.9
08;2021-04-17;1112;403;57968;21337;21.8;8.0
08;2021-04-18;23;14;57991;21351;21.8;8.0
08;2021-04-19;1151;301;59142;21652;22.3;8.2
08;2021-04-20;1120;544;60262;22196;22.7;8.4
08;2021-04-21;1139;747;61401;22943;23.1;8.6
08;2021-04-22;1326;880;62727;23823;23.6;9.0
08;2021-04-23;1675;1174;64402;24997;24.3;9.4
08;2021-04-24;1325;647;65727;25644;24.8;9.7
08;2021-04-25;26;198;65753;25842;24.8;9.7
08;2021-04-26;1040;157;66793;25999;25.2;9.8
08;2021-04-27;1338;601;68131;26600;25.7;10.0
08;2021-04-28;1453;682;69584;27282;26.2;10.3
08;2021-04-29;1174;1316;70758;28598;26.6;10.8
08;2021-04-30;1769;1618;72527;30216;27.3;11.4
08;2021-05-01;1049;497;73576;30713;27.7;11.6
08;2021-05-02;627;183;74203;30896;27.9;11.6
08;2021-05-03;1172;376;75375;31272;28.4;11.8
08;2021-05-04;1328;876;76703;32148;28.9;12.1
08;2021-05-05;1567;1335;78270;33483;29.5;12.6
08;2021-05-06;1971;1664;80241;35147;30.2;13.2
08;2021-05-07;1860;2102;82101;37249;30.9;14.0
08;2021-05-08;922;768;83023;38017;31.3;14.3
08;2021-05-09;443;71;83466;38088;31.4;14.3
08;2021-05-10;1192;665;84658;38753;31.9;14.6
08;2021-05-11;1907;946;86565;39699;32.6;15.0
08;2021-05-12;1809;1240;88374;40939;33.3;15.4
08;2021-05-13;1306;620;89680;41559;33.8;15.7
08;2021-05-14;2535;1038;92215;42597;34.7;16.0
08;2021-05-15;1820;712;94035;43309;35.4;16.3
08;2021-05-16;820;102;94855;43411;35.7;16.3
08;2021-05-17;700;906;95555;44317;36.0;16.7
08;2021-05-18;1250;841;96805;45158;36.5;17.0
08;2021-05-19;1611;960;98416;46118;37.1;17.4
08;2021-05-20;2147;964;100563;47082;37.9;17.7
08;2021-05-21;2339;1274;102902;48356;38.8;18.2
08;2021-05-22;1817;763;104719;49119;39.4;18.5
08;2021-05-23;864;90;105583;49209;39.8;18.5
08;2021-05-24;716;106;106299;49315;40.0;18.6
08;2021-05-25;1456;669;107755;49984;40.6;18.8
08;2021-05-26;1529;1011;109284;50995;41.2;19.2
08;2021-05-27;2006;1146;111290;52141;41.9;19.6
08;2021-05-28;1973;1822;113263;53963;42.7;20.3
08;2021-05-29;1767;966;115030;54929;43.3;20.7
08;2021-05-30;836;102;115866;55031;43.6;20.7
08;2021-05-31;755;570;116621;55601;43.9;20.9
08;2021-06-01;1350;879;117971;56480;44.4;21.3
08;2021-06-02;1295;1194;119266;57674;44.9;21.7
08;2021-06-03;1386;1524;120652;59198;45.4;22.3
08;2021-06-04;1778;2420;122430;61618;46.1;23.2
08;2021-06-05;1176;1381;123606;62999;46.6;23.7
08;2021-06-06;907;107;124513;63106;46.9;23.8
08;2021-06-07;661;1174;125174;64280;47.1;24.2
08;2021-06-08;931;1496;126105;65776;47.5;24.8
08;2021-06-09;840;1391;126945;67167;47.8;25.3
08;2021-06-10;1719;1563;128664;68730;48.5;25.9
08;2021-06-11;1721;2211;130385;70941;49.1;26.7
08;2021-06-12;1417;1528;131802;72469;49.6;27.3
08;2021-06-13;385;598;132187;73067;49.8;27.5
08;2021-06-14;380;1304;132567;74371;49.9;28.0
08;2021-06-15;742;1548;133309;75919;50.2;28.6
08;2021-06-16;808;2054;134117;77973;50.5;29.4
08;2021-06-17;1285;1854;135402;79827;51.0;30.1
08;2021-06-18;1610;2594;137012;82421;51.6;31.0
08;2021-06-19;1324;1407;138336;83828;52.1;31.6
08;2021-06-20;117;423;138453;84251;52.1;31.7
08;2021-06-21;494;1395;138947;85646;52.3;32.3
08;2021-06-22;812;2023;139759;87669;52.6;33.0
08;2021-06-23;859;1672;140618;89341;53.0;33.6
08;2021-06-24;1038;1923;141656;91264;53.3;34.4
08;2021-06-25;1084;2735;142740;93999;53.8;35.4
08;2021-06-26;1010;1784;143750;95783;54.1;36.1
08;2021-06-27;351;643;144101;96426;54.3;36.3
08;2021-06-28;397;1323;144498;97749;54.4;36.8
08;2021-06-29;627;1472;145125;99221;54.7;37.4
08;2021-06-30;857;1689;145982;100910;55.0;38.0
08;2021-07-01;887;2194;146869;103104;55.3;38.8
08;2021-07-02;939;2645;147808;105749;55.7;39.8
08;2021-07-03;784;2145;148592;107894;56.0;40.6
08;2021-07-04;128;861;148720;108755;56.0;41.0
08;2021-07-05;104;1195;148824;109950;56.0;41.4
08;2021-07-06;425;1835;149249;111785;56.2;42.1
08;2021-07-07;364;1780;149613;113565;56.3;42.8
08;2021-07-08;716;2016;150329;115581;56.6;43.5
08;2021-07-09;732;2432;151061;118013;56.9;44.4
08;2021-07-10;652;2003;151713;120016;57.1;45.2
08;2021-07-11;238;725;151951;120741;57.2;45.5
08;2021-07-12;312;1192;152263;121933;57.3;45.9
08;2021-07-13;947;1788;153210;123721;57.7;46.6
08;2021-07-14;179;329;153389;124050;57.8;46.7
08;2021-07-15;759;2448;154148;126498;58.1;47.6
08;2021-07-16;1084;2408;155232;128906;58.5;48.5
08;2021-07-17;993;2108;156225;131014;58.8;49.3
08;2021-07-18;346;741;156571;131755;59.0;49.6
08;2021-07-19;459;918;157030;132673;59.1;50.0
08;2021-07-20;878;1435;157908;134108;59.5;50.5
08;2021-07-21;1237;1717;159145;135825;59.9;51.2
08;2021-07-22;1150;2167;160295;137992;60.4;52.0
08;2021-07-23;1584;2444;161879;140436;61.0;52.9
08;2021-07-24;1309;1924;163188;142360;61.5;53.6
08;2021-07-25;774;445;163962;142805;61.7;53.8
08;2021-07-26;1324;846;165286;143651;62.2;54.1
08;2021-07-27;2186;1408;167472;145059;63.1;54.6
08;2021-07-28;2413;1454;169885;146513;64.0;55.2
08;2021-07-29;2601;1347;172486;147860;65.0;55.7
08;2021-07-30;2601;1587;175087;149447;65.9;56.3
08;2021-07-31;1972;1075;177059;150522;66.7;56.7
08;2021-08-01;935;301;177994;150823;67.0;56.8
08;2021-08-02;1255;682;179249;151505;67.5;57.1
08;2021-08-03;1634;824;180883;152329;68.1;57.4
08;2021-08-04;1493;665;182376;152994;68.7;57.6
08;2021-08-05;1905;977;184281;153971;69.4;58.0
08;2021-08-06;2589;1099;186870;155070;70.4;58.4
08;2021-08-07;1673;1162;188543;156232;71.0;58.8
08;2021-08-08;585;374;189128;156606;71.2;59.0
08;2021-08-09;672;534;189800;157140;71.5;59.2
08;2021-08-10;879;750;190679;157890;71.8;59.5
08;2021-08-11;525;791;191204;158681;72.0;59.8
08;2021-08-12;1161;1080;192365;159761;72.4;60.2
08;2021-08-13;1157;1013;193522;160774;72.9;60.5
08;2021-08-14;587;913;194109;161687;73.1;60.9
08;2021-08-15;137;273;194246;161960;73.2;61.0
08;2021-08-16;218;1177;194464;163137;73.2;61.4
08;2021-08-17;514;1210;194978;164347;73.4;61.9
08;2021-08-18;281;1263;195259;165610;73.5;62.4
08;2021-08-19;606;1888;195865;167498;73.8;63.1
08;2021-08-20;685;2178;196550;169676;74.0;63.9
08;2021-08-21;273;1340;196823;171016;74.1;64.4
08;2021-08-22;104;900;196927;171916;74.2;64.7
08;2021-08-23;160;1448;197087;173364;74.2;65.3
08;2021-08-24;365;1752;197452;175116;74.4;65.9
08;2021-08-25;323;1248;197775;176364;74.5;66.4
08;2021-08-26;502;2064;198277;178428;74.7;67.2
08;2021-08-27;451;2324;198728;180752;74.8;68.1
08;2021-08-28;262;1289;198990;182041;74.9;68.6
08;2021-08-29;169;563;199159;182604;75.0;68.8
08;2021-08-30;302;1156;199461;183760;75.1;69.2
08;2021-08-31;360;1248;199821;185008;75.3;69.7
08;2021-09-01;417;1232;200238;186240;75.4;70.1
08;2021-09-02;466;1150;200704;187390;75.6;70.6
08;2021-09-03;464;1553;201168;188943;75.8;71.2
08;2021-09-04;349;1413;201517;190356;75.9;71.7
08;2021-09-05;106;173;201623;190529;75.9;71.8
08;2021-09-06;196;404;201819;190933;76.0;71.9
08;2021-09-07;205;488;202024;191421;76.1;72.1
08;2021-09-08;281;500;202305;191921;76.2;72.3
08;2021-09-09;344;590;202649;192511;76.3;72.5
08;2021-09-10;495;780;203144;193291;76.5;72.8
08;2021-09-11;383;732;203527;194023;76.6;73.1
08;2021-09-12;52;71;203579;194094;76.7;73.1
08;2021-09-13;386;174;203965;194268;76.8;73.2
08;2021-09-14;247;275;204212;194543;76.9;73.3
08;2021-09-15;219;318;204431;194861;77.0;73.4
08;2021-09-16;231;422;204662;195283;77.1;73.5
08;2021-09-17;321;501;204983;195784;77.2;73.7
08;2021-09-18;173;430;205156;196214;77.3;73.9
08;2021-09-19;29;90;205185;196304;77.3;73.9
08;2021-09-20;54;237;205239;196541;77.3;74.0
08;2021-09-21;123;277;205362;196818;77.3;74.1
08;2021-09-22;130;368;205492;197186;77.4;74.3
08;2021-09-23;173;412;205665;197598;77.5;74.4
08;2021-09-24;162;517;205827;198115;77.5;74.6
08;2021-09-25;121;415;205948;198530;77.6;74.8
08;2021-09-26;23;105;205971;198635;77.6;74.8
08;2021-09-27;49;211;206020;198846;77.6;74.9
08;2021-09-28;80;226;206100;199072;77.6;75.0
08;2021-09-29;116;339;206216;199411;77.7;75.1
08;2021-09-30;147;376;206363;199787;77.7;75.2
08;2021-10-01;165;466;206528;200253;77.8;75.4
08;2021-10-02;141;288;206669;200541;77.8;75.5
08;2021-10-03;24;67;206693;200608;77.8;75.5
08;2021-10-04;58;347;206751;200955;77.9;75.7
08;2021-10-05;79;172;206830;201127;77.9;75.7
08;2021-10-06;92;242;206922;201369;77.9;75.8
08;2021-10-07;105;196;207027;201565;78.0;75.9
08;2021-10-08;154;356;207181;201921;78.0;76.0
08;2021-10-09;136;331;207317;202252;78.1;76.2
08;2021-10-10;34;47;207351;202299;78.1;76.2
08;2021-10-11;58;83;207409;202382;78.1;76.2
08;2021-10-12;72;132;207481;202514;78.1;76.3
08;2021-10-13;116;159;207597;202673;78.2;76.3
09;2020-12-27;0;0;0;0;0.0;0.0
09;2020-12-28;1;0;1;0;0.0;0.0
09;2020-12-29;0;0;1;0;0.0;0.0
09;2020-12-30;0;0;1;0;0.0;0.0
09;2020-12-31;0;0;1;0;0.0;0.0
09;2021-01-01;0;0;1;0;0.0;0.0
09;2021-01-02;0;0;1;0;0.0;0.0
09;2021-01-03;0;0;1;0;0.0;0.0
09;2021-01-04;2;1;3;1;0.0;0.0
09;2021-01-05;0;0;3;1;0.0;0.0
09;2021-01-06;3;0;6;1;0.0;0.0
09;2021-01-07;257;2;263;3;0.2;0.0
09;2021-01-08;228;0;491;3;0.3;0.0
09;2021-01-09;103;0;594;3;0.4;0.0
09;2021-01-10;60;0;654;3;0.4;0.0
09;2021-01-11;176;0;830;3;0.5;0.0
09;2021-01-12;303;0;1133;3;0.7;0.0
09;2021-01-13;196;0;1329;3;0.9;0.0
09;2021-01-14;432;7;1761;10;1.2;0.0
09;2021-01-15;223;1;1984;11;1.3;0.0
09;2021-01-16;192;3;2176;14;1.4;0.0
09;2021-01-17;123;0;2299;14;1.5;0.0
09;2021-01-18;263;2;2562;16;1.7;0.0
09;2021-01-19;255;1;2817;17;1.8;0.0
09;2021-01-20;346;2;3163;19;2.1;0.0
09;2021-01-21;330;1;3493;20;2.3;0.0
09;2021-01-22;328;1;3821;21;2.5;0.0
09;2021-01-23;237;0;4058;21;2.7;0.0
09;2021-01-24;85;1;4143;22;2.7;0.0
09;2021-01-25;208;12;4351;34;2.9;0.0
09;2021-01-26;629;25;4980;59;3.3;0.0
09;2021-01-27;472;49;5452;108;3.6;0.1
09;2021-01-28;286;205;5738;313;3.8;0.2
09;2021-01-29;251;129;5989;442;3.9;0.3
09;2021-01-30;143;55;6132;497;4.0;0.3
09;2021-01-31;56;10;6188;507;4.1;0.3
09;2021-02-01;81;142;6269;649;4.1;0.4
09;2021-02-02;58;295;6327;944;4.2;0.6
09;2021-02-03;87;204;6414;1148;4.2;0.8
09;2021-02-04;49;299;6463;1447;4.2;0.9
09;2021-02-05;90;154;6553;1601;4.3;1.1
09;2021-02-06;68;51;6621;1652;4.3;1.1
09;2021-02-07;6;71;6627;1723;4.3;1.1
09;2021-02-08;23;177;6650;1900;4.4;1.2
09;2021-02-09;55;290;6705;2190;4.4;1.4
09;2021-02-10;14;195;6719;2385;4.4;1.6
09;2021-02-11;6;219;6725;2604;4.4;1.7
09;2021-02-12;147;176;6872;2780;4.5;1.8
09;2021-02-13;8;144;6880;2924;4.5;1.9
09;2021-02-14;0;52;6880;2976;4.5;2.0
09;2021-02-15;76;133;6956;3109;4.6;2.0
09;2021-02-16;227;509;7183;3618;4.7;2.4
09;2021-02-17;83;387;7266;4005;4.8;2.6
09;2021-02-18;87;447;7353;4452;4.8;2.9
09;2021-02-19;63;284;7416;4736;4.9;3.1
09;2021-02-20;58;199;7474;4935;4.9;3.2
09;2021-02-21;0;51;7474;4986;4.9;3.3
09;2021-02-22;127;217;7601;5203;5.0;3.4
09;2021-02-23;161;145;7762;5348;5.1;3.5
09;2021-02-24;74;178;7836;5526;5.1;3.6
09;2021-02-25;211;169;8047;5695;5.3;3.7
09;2021-02-26;162;177;8209;5872;5.4;3.9
09;2021-02-27;65;71;8274;5943;5.4;3.9
09;2021-02-28;44;17;8318;5960;5.5;3.9
09;2021-03-01;248;95;8566;6055;5.6;4.0
09;2021-03-02;282;77;8848;6132;5.8;4.0
09;2021-03-03;252;132;9100;6264;6.0;4.1
09;2021-03-04;414;33;9514;6297;6.2;4.1
09;2021-03-05;331;65;9845;6362;6.5;4.2
09;2021-03-06;397;46;10242;6408;6.7;4.2
09;2021-03-07;124;4;10366;6412;6.8;4.2
09;2021-03-08;379;64;10745;6476;7.1;4.2
09;2021-03-09;437;144;11182;6620;7.3;4.3
09;2021-03-10;562;73;11744;6693;7.7;4.4
09;2021-03-11;695;79;12439;6772;8.2;4.4
09;2021-03-12;661;35;13100;6807;8.6;4.5
09;2021-03-13;384;3;13484;6810;8.8;4.5
09;2021-03-14;122;5;13606;6815;8.9;4.5
09;2021-03-15;465;50;14071;6865;9.2;4.5
09;2021-03-16;370;80;14441;6945;9.5;4.6
09;2021-03-17;399;71;14840;7016;9.7;4.6
09;2021-03-18;454;43;15294;7059;10.0;4.6
09;2021-03-19;526;56;15820;7115;10.4;4.7
09;2021-03-20;314;39;16134;7154;10.6;4.7
09;2021-03-21;105;0;16239;7154;10.7;4.7
09;2021-03-22;424;120;16663;7274;10.9;4.8
09;2021-03-23;566;174;17229;7448;11.3;4.9
09;2021-03-24;710;44;17939;7492;11.8;4.9
09;2021-03-25;869;139;18808;7631;12.3;5.0
09;2021-03-26;751;47;19559;7678;12.8;5.0
09;2021-03-27;620;70;20179;7748;13.2;5.1
09;2021-03-28;132;24;20311;7772;13.3;5.1
09;2021-03-29;498;279;20809;8051;13.7;5.3
09;2021-03-30;729;157;21538;8208;14.1;5.4
09;2021-03-31;803;182;22341;8390;14.7;5.5
09;2021-04-01;734;257;23075;8647;15.1;5.7
09;2021-04-02;692;268;23767;8915;15.6;5.8
09;2021-04-03;772;117;24539;9032;16.1;5.9
09;2021-04-04;122;57;24661;9089;16.2;6.0
09;2021-04-05;237;61;24898;9150;16.3;6.0
09;2021-04-06;1059;396;25957;9546;17.0;6.3
09;2021-04-07;1208;364;27165;9910;17.8;6.5
09;2021-04-08;1470;414;28635;10324;18.8;6.8
09;2021-04-09;1137;417;29772;10741;19.5;7.0
09;2021-04-10;1349;196;31121;10937;20.4;7.2
09;2021-04-11;173;102;31294;11039;20.5;7.2
09;2021-04-12;737;345;32031;11384;21.0;7.5
09;2021-04-13;1047;417;33078;11801;21.7;7.7
09;2021-04-14;1332;512;34410;12313;22.6;8.1
09;2021-04-15;1148;508;35558;12821;23.3;8.4
09;2021-04-16;1032;415;36590;13236;24.0;8.7
09;2021-04-17;1192;358;37782;13594;24.8;8.9
09;2021-04-18;102;96;37884;13690;24.9;9.0
09;2021-04-19;697;408;38581;14098;25.3;9.3
09;2021-04-20;766;531;39347;14629;25.8;9.6
09;2021-04-21;938;590;40285;15219;26.4;10.0
09;2021-04-22;666;609;40951;15828;26.9;10.4
09;2021-04-23;773;432;41724;16260;27.4;10.7
09;2021-04-24;741;670;42465;16930;27.9;11.1
09;2021-04-25;75;113;42540;17043;27.9;11.2
09;2021-04-26;382;533;42922;17576;28.2;11.5
09;2021-04-27;444;722;43366;18298;28.5;12.0
09;2021-04-28;806;795;44172;19093;29.0;12.5
09;2021-04-29;549;775;44721;19868;29.3;13.0
09;2021-04-30;622;724;45343;20592;29.8;13.5
09;2021-05-01;478;455;45821;21047;30.1;13.8
09;2021-05-02;52;100;45873;21147;30.1;13.9
09;2021-05-03;521;664;46394;21811;30.4;14.3
09;2021-05-04;554;1349;46948;23160;30.8;15.2
09;2021-05-05;822;1348;47770;24508;31.3;16.1
09;2021-05-06;848;1032;48618;25540;31.9;16.8
09;2021-05-07;978;822;49596;26362;32.5;17.3
09;2021-05-08;395;461;49991;26823;32.8;17.6
09;2021-05-09;265;85;50256;26908;33.0;17.7
09;2021-05-10;504;966;50760;27874;33.3;18.3
09;2021-05-11;741;1052;51501;28926;33.8;19.0
09;2021-05-12;1535;1405;53036;30331;34.8;19.9
09;2021-05-13;1383;425;54419;30756;35.7;20.2
09;2021-05-14;987;656;55406;31412;36.4;20.6
09;2021-05-15;1236;789;56642;32201;37.2;21.1
09;2021-05-16;296;48;56938;32249;37.4;21.2
09;2021-05-17;873;413;57811;32662;37.9;21.4
09;2021-05-18;1290;395;59101;33057;38.8;21.7
09;2021-05-19;1495;371;60596;33428;39.8;21.9
09;2021-05-20;1379;404;61975;33832;40.7;22.2
09;2021-05-21;1162;495;63137;34327;41.4;22.5
09;2021-05-22;1544;364;64681;34691;42.4;22.8
09;2021-05-23;272;24;64953;34715;42.6;22.8
09;2021-05-24;177;100;65130;34815;42.7;22.8
09;2021-05-25;998;500;66128;35315;43.4;23.2
09;2021-05-26;1285;448;67413;35763;44.2;23.5
09;2021-05-27;965;403;68378;36166;44.9;23.7
09;2021-05-28;958;513;69336;36679;45.5;24.1
09;2021-05-29;1794;601;71130;37280;46.7;24.5
09;2021-05-30;541;197;71671;37477;47.0;24.6
09;2021-05-31;717;593;72388;38070;47.5;25.0
09;2021-06-01;970;642;73358;38712;48.1;25.4
09;2021-06-02;1009;897;74367;39609;48.8;26.0
09;2021-06-03;809;681;75176;40290;49.3;26.4
09;2021-06-04;877;798;76053;41088;49.9;27.0
09;2021-06-05;1320;875;77373;41963;50.8;27.5
09;2021-06-06;304;108;77677;42071;51.0;27.6
09;2021-06-07;623;518;78300;42589;51.4;27.9
09;2021-06-08;821;488;79121;43077;51.9;28.3
09;2021-06-09;805;834;79926;43911;52.4;28.8
09;2021-06-10;642;534;80568;44445;52.9;29.2
09;2021-06-11;830;761;81398;45206;53.4;29.7
09;2021-06-12;635;808;82033;46014;53.8;30.2
09;2021-06-13;94;130;82127;46144;53.9;30.3
09;2021-06-14;628;708;82755;46852;54.3;30.7
09;2021-06-15;824;889;83579;47741;54.8;31.3
09;2021-06-16;627;1079;84206;48820;55.3;32.0
09;2021-06-17;779;852;84985;49672;55.8;32.6
09;2021-06-18;636;1150;85621;50822;56.2;33.3
09;2021-06-19;516;1580;86137;52402;56.5;34.4
09;2021-06-20;8;279;86145;52681;56.5;34.6
09;2021-06-21;473;698;86618;53379;56.8;35.0
09;2021-06-22;463;1066;87081;54445;57.1;35.7
09;2021-06-23;435;1224;87516;55669;57.4;36.5
09;2021-06-24;581;769;88097;56438;57.8;37.0
09;2021-06-25;410;1064;88507;57502;58.1;37.7
09;2021-06-26;443;1087;88950;58589;58.4;38.4
09;2021-06-27;2;275;88952;58864;58.4;38.6
09;2021-06-28;239;1047;89191;59911;58.5;39.3
09;2021-06-29;314;1229;89505;61140;58.7;40.1
09;2021-06-30;456;1492;89961;62632;59.0;41.1
09;2021-07-01;384;1434;90345;64066;59.3;42.0
09;2021-07-02;308;1162;90653;65228;59.5;42.8
09;2021-07-03;210;1617;90863;66845;59.6;43.9
09;2021-07-04;4;253;90867;67098;59.6;44.0
09;2021-07-05;188;713;91055;67811;59.7;44.5
09;2021-07-06;293;1222;91348;69033;59.9;45.3
09;2021-07-07;419;1399;91767;70432;60.2;46.2
09;2021-07-08;325;1058;92092;71490;60.4;46.9
09;2021-07-09;292;1153;92384;72643;60.6;47.7
09;2021-07-10;345;1725;92729;74368;60.8;48.8
09;2021-07-11;147;392;92876;74760;60.9;49.1
09;2021-07-12;187;1074;93063;75834;61.1;49.8
09;2021-07-13;641;1308;93704;77142;61.5;50.6
09;2021-07-14;490;220;94194;77362;61.8;50.8
09;2021-07-15;819;1166;95013;78528;62.3;51.5
09;2021-07-16;610;1191;95623;79719;62.7;52.3
09;2021-07-17;1015;1444;96638;81163;63.4;53.3
09;2021-07-18;302;221;96940;81384;63.6;53.4
09;2021-07-19;483;973;97423;82357;63.9;54.0
09;2021-07-20;830;1260;98253;83617;64.5;54.9
09;2021-07-21;1016;1165;99269;84782;65.1;55.6
09;2021-07-22;846;910;100115;85692;65.7;56.2
09;2021-07-23;724;912;100839;86604;66.2;56.8
09;2021-07-24;927;463;101766;87067;66.8;57.1
09;2021-07-25;560;134;102326;87201;67.1;57.2
09;2021-07-26;647;765;102973;87966;67.6;57.7
09;2021-07-27;1177;949;104150;88915;68.3;58.3
09;2021-07-28;1197;988;105347;89903;69.1;59.0
09;2021-07-29;1042;739;106389;90642;69.8;59.5
09;2021-07-30;779;623;107168;91265;70.3;59.9
09;2021-07-31;1379;419;108547;91684;71.2;60.2
09;2021-08-01;141;125;108688;91809;71.3;60.2
09;2021-08-02;614;478;109302;92287;71.7;60.6
09;2021-08-03;1254;767;110556;93054;72.5;61.1
09;2021-08-04;1400;654;111956;93708;73.5;61.5
09;2021-08-05;997;677;112953;94385;74.1;61.9
09;2021-08-06;1017;641;113970;95026;74.8;62.4
09;2021-08-07;825;430;114795;95456;75.3;62.6
09;2021-08-08;129;131;114924;95587;75.4;62.7
09;2021-08-09;690;650;115614;96237;75.9;63.1
09;2021-08-10;940;695;116554;96932;76.5;63.6
09;2021-08-11;896;866;117450;97798;77.1;64.2
09;2021-08-12;631;731;118081;98529;77.5;64.7
09;2021-08-13;465;645;118546;99174;77.8;65.1
09;2021-08-14;311;828;118857;100002;78.0;65.6
09;2021-08-15;67;138;118924;100140;78.0;65.7
09;2021-08-16;547;620;119471;100760;78.4;66.1
09;2021-08-17;674;777;120145;101537;78.8;66.6
09;2021-08-18;620;931;120765;102468;79.2;67.2
09;2021-08-19;432;722;121197;103190;79.5;67.7
09;2021-08-20;363;749;121560;103939;79.8;68.2
09;2021-08-21;343;1384;121903;105323;80.0;69.1
09;2021-08-22;67;168;121970;105491;80.0;69.2
09;2021-08-23;341;759;122311;106250;80.3;69.7
09;2021-08-24;407;955;122718;107205;80.5;70.3
09;2021-08-25;283;1003;123001;108208;80.7;71.0
09;2021-08-26;316;928;123317;109136;80.9;71.6
09;2021-08-27;226;740;123543;109876;81.1;72.1
09;2021-08-28;257;970;123800;110846;81.2;72.7
09;2021-08-29;15;144;123815;110990;81.2;72.8
09;2021-08-30;275;720;124090;111710;81.4;73.3
09;2021-08-31;314;1064;124404;112774;81.6;74.0
09;2021-09-01;361;770;124765;113544;81.9;74.5
09;2021-09-02;159;494;124924;114038;82.0;74.8
09;2021-09-03;223;743;125147;114781;82.1;75.3
09;2021-09-04;200;474;125347;115255;82.2;75.6
09;2021-09-05;25;80;125372;115335;82.3;75.7
09;2021-09-06;182;521;125554;115856;82.4;76.0
09;2021-09-07;157;548;125711;116404;82.5;76.4
09;2021-09-08;204;827;125915;117231;82.6;76.9
09;2021-09-09;160;434;126075;117665;82.7;77.2
09;2021-09-10;130;429;126205;118094;82.8;77.5
09;2021-09-11;175;400;126380;118494;82.9;77.8
09;2021-09-12;27;71;126407;118565;82.9;77.8
09;2021-09-13;129;418;126536;118983;83.0;78.1
09;2021-09-14;144;502;126680;119485;83.1;78.4
09;2021-09-15;188;603;126868;120088;83.2;78.8
09;2021-09-16;130;324;126998;120412;83.3;79.0
09;2021-09-17;146;405;127144;120817;83.4;79.3
09;2021-09-18;158;345;127302;121162;83.5;79.5
09;2021-09-19;2;0;127304;121162;83.5;79.5
09;2021-09-20;71;290;127375;121452;83.6;79.7
09;2021-09-21;101;205;127476;121657;83.6;79.8
09;2021-09-22;141;471;127617;122128;83.7;80.1
09;2021-09-23;71;164;127688;122292;83.8;80.2
09;2021-09-24;117;289;127805;122581;83.9;80.4
09;2021-09-25;62;195;127867;122776;83.9;80.6
09;2021-09-26;0;17;127867;122793;83.9;80.6
09;2021-09-27;82;327;127949;123120;84.0;80.8
09;2021-09-28;74;175;128023;123295;84.0;80.9
09;2021-09-29;97;235;128120;123530;84.1;81.1
09;2021-09-30;43;119;128163;123649;84.1;81.1
09;2021-10-01;82;125;128245;123774;84.2;81.2
09;2021-10-02;83;230;128328;124004;84.2;81.4
09;2021-10-03;2;8;128330;124012;84.2;81.4
09;2021-10-04;53;114;128383;124126;84.2;81.4
09;2021-10-05;70;125;128453;124251;84.3;81.5
09;2021-10-06;123;221;128576;124472;84.4;81.7
09;2021-10-07;60;165;128636;124637;84.4;81.8
09;2021-10-08;108;179;128744;124816;84.5;81.9
09;2021-10-09;55;133;128799;124949;84.5;82.0
09;2021-10-10;0;7;128799;124956;84.5;82.0
09;2021-10-11;69;107;128868;125063;84.6;82.1
09;2021-10-12;45;77;128913;125140;84.6;82.1
09;2021-10-13;87;155;129000;125295;84.6;82.2
10;2020-12-27;0;0;0;0;0.0;0.0
10;2020-12-28;0;0;0;0;0.0;0.0
10;2020-12-29;0;0;0;0;0.0;0.0
10;2020-12-30;0;0;0;0;0.0;0.0
10;2020-12-31;0;0;0;0;0.0;0.0
10;2021-01-01;0;0;0;0;0.0;0.0
10;2021-01-02;1;0;1;0;0.0;0.0
10;2021-01-03;0;0;1;0;0.0;0.0
10;2021-01-04;0;0;1;0;0.0;0.0
10;2021-01-05;1;0;2;0;0.0;0.0
10;2021-01-06;0;0;2;0;0.0;0.0
10;2021-01-07;85;0;87;0;0.0;0.0
10;2021-01-08;255;0;342;0;0.1;0.0
10;2021-01-09;0;0;342;0;0.1;0.0
10;2021-01-10;1;0;343;0;0.1;0.0
10;2021-01-11;118;1;461;1;0.1;0.0
10;2021-01-12;195;4;656;5;0.2;0.0
10;2021-01-13;314;0;970;5;0.3;0.0
10;2021-01-14;392;10;1362;15;0.4;0.0
10;2021-01-15;359;3;1721;18;0.6;0.0
10;2021-01-16;56;0;1777;18;0.6;0.0
10;2021-01-17;1;0;1778;18;0.6;0.0
10;2021-01-18;702;4;2480;22;0.8;0.0
10;2021-01-19;1392;8;3872;30;1.2;0.0
10;2021-01-20;1084;9;4956;39;1.6;0.0
10;2021-01-21;1152;2;6108;41;2.0;0.0
10;2021-01-22;818;2;6926;43;2.2;0.0
10;2021-01-23;309;0;7235;43;2.3;0.0
10;2021-01-24;0;0;7235;43;2.3;0.0
10;2021-01-25;445;8;7680;51;2.5;0.0
10;2021-01-26;487;17;8167;68;2.6;0.0
10;2021-01-27;458;15;8625;83;2.8;0.0
10;2021-01-28;358;49;8983;132;2.9;0.0
10;2021-01-29;430;191;9413;323;3.0;0.1
10;2021-01-30;30;0;9443;323;3.0;0.1
10;2021-01-31;0;0;9443;323;3.0;0.1
10;2021-02-01;409;139;9852;462;3.2;0.1
10;2021-02-02;182;151;10034;613;3.2;0.2
10;2021-02-03;361;215;10395;828;3.4;0.3
10;2021-02-04;342;269;10737;1097;3.5;0.4
10;2021-02-05;328;322;11065;1419;3.6;0.5
10;2021-02-06;3;35;11068;1454;3.6;0.5
10;2021-02-07;0;0;11068;1454;3.6;0.5
10;2021-02-08;190;411;11258;1865;3.6;0.6
10;2021-02-09;485;586;11743;2451;3.8;0.8
10;2021-02-10;667;482;12410;2933;4.0;0.9
10;2021-02-11;781;596;13191;3529;4.3;1.1
10;2021-02-12;580;549;13771;4078;4.4;1.3
10;2021-02-13;37;120;13808;4198;4.5;1.4
10;2021-02-14;0;0;13808;4198;4.5;1.4
10;2021-02-15;143;442;13951;4640;4.5;1.5
10;2021-02-16;116;541;14067;5181;4.5;1.7
10;2021-02-17;129;603;14196;5784;4.6;1.9
10;2021-02-18;217;555;14413;6339;4.7;2.0
10;2021-02-19;188;473;14601;6812;4.7;2.2
10;2021-02-20;24;183;14625;6995;4.7;2.3
10;2021-02-21;0;0;14625;6995;4.7;2.3
10;2021-02-22;77;445;14702;7440;4.7;2.4
10;2021-02-23;76;557;14778;7997;4.8;2.6
10;2021-02-24;114;373;14892;8370;4.8;2.7
10;2021-02-25;322;373;15214;8743;4.9;2.8
10;2021-02-26;351;283;15565;9026;5.0;2.9
10;2021-02-27;275;129;15840;9155;5.1;3.0
10;2021-02-28;0;0;15840;9155;5.1;3.0
10;2021-03-01;257;332;16097;9487;5.2;3.1
10;2021-03-02;435;369;16532;9856;5.3;3.2
10;2021-03-03;454;583;16986;10439;5.5;3.4
10;2021-03-04;636;501;17622;10940;5.7;3.5
10;2021-03-05;677;254;18299;11194;5.9;3.6
10;2021-03-06;950;46;19249;11240;6.2;3.6
10;2021-03-07;769;7;20018;11247;6.5;3.6
10;2021-03-08;502;442;20520;11689;6.6;3.8
10;2021-03-09;673;435;21193;12124;6.8;3.9
10;2021-03-10;662;365;21855;12489;7.1;4.0
10;2021-03-11;1174;238;23029;12727;7.4;4.1
10;2021-03-12;1338;250;24367;12977;7.9;4.2
10;2021-03-13;891;39;25258;13016;8.2;4.2
10;2021-03-14;1381;17;26639;13033;8.6;4.2
10;2021-03-15;821;83;27460;13116;8.9;4.2
10;2021-03-16;688;64;28148;13180;9.1;4.3
10;2021-03-17;831;68;28979;13248;9.4;4.3
10;2021-03-18;886;83;29865;13331;9.6;4.3
10;2021-03-19;952;71;30817;13402;9.9;4.3
10;2021-03-20;552;19;31369;13421;10.1;4.3
10;2021-03-21;1848;43;33217;13464;10.7;4.3
10;2021-03-22;879;76;34096;13540;11.0;4.4
10;2021-03-23;1243;94;35339;13634;11.4;4.4
10;2021-03-24;1311;60;36650;13694;11.8;4.4
10;2021-03-25;1676;232;38326;13926;12.4;4.5
10;2021-03-26;1432;116;39758;14042;12.8;4.5
10;2021-03-27;762;80;40520;14122;13.1;4.6
10;2021-03-28;1221;31;41741;14153;13.5;4.6
10;2021-03-29;648;305;42389;14458;13.7;4.7
10;2021-03-30;927;376;43316;14834;14.0;4.8
10;2021-03-31;617;361;43933;15195;14.2;4.9
10;2021-04-01;883;686;44816;15881;14.5;5.1
10;2021-04-02;1069;589;45885;16470;14.8;5.3
10;2021-04-03;540;606;46425;17076;15.0;5.5
10;2021-04-04;1826;264;48251;17340;15.6;5.6
10;2021-04-05;1843;43;50094;17383;16.2;5.6
10;2021-04-06;514;651;50608;18034;16.3;5.8
10;2021-04-07;592;541;51200;18575;16.5;6.0
10;2021-04-08;1062;610;52262;19185;16.9;6.2
10;2021-04-09;1130;613;53392;19798;17.2;6.4
10;2021-04-10;1769;352;55161;20150;17.8;6.5
10;2021-04-11;55;1221;55216;21371;17.8;6.9
10;2021-04-12;1001;808;56217;22179;18.1;7.2
10;2021-04-13;1506;896;57723;23075;18.6;7.4
10;2021-04-14;827;603;58550;23678;18.9;7.6
10;2021-04-15;1454;899;60004;24577;19.4;7.9
10;2021-04-16;1109;697;61113;25274;19.7;8.2
10;2021-04-17;2391;363;63504;25637;20.5;8.3
10;2021-04-18;1422;1789;64926;27426;21.0;8.8
10;2021-04-19;837;833;65763;28259;21.2;9.1
10;2021-04-20;548;1037;66311;29296;21.4;9.5
10;2021-04-21;636;975;66947;30271;21.6;9.8
10;2021-04-22;932;963;67879;31234;21.9;10.1
10;2021-04-23;2172;779;70051;32013;22.6;10.3
10;2021-04-24;2296;380;72347;32393;23.3;10.5
10;2021-04-25;1991;1217;74338;33610;24.0;10.8
10;2021-04-26;773;623;75111;34233;24.2;11.0
10;2021-04-27;895;537;76006;34770;24.5;11.2
10;2021-04-28;873;407;76879;35177;24.8;11.4
10;2021-04-29;1433;674;78312;35851;25.3;11.6
10;2021-04-30;2172;771;80484;36622;26.0;11.8
10;2021-05-01;1988;2169;82472;38791;26.6;12.5
10;2021-05-02;1948;1898;84420;40689;27.2;13.1
10;2021-05-03;622;447;85042;41136;27.4;13.3
10;2021-05-04;1144;1248;86186;42384;27.8;13.7
10;2021-05-05;1753;1022;87939;43406;28.4;14.0
10;2021-05-06;2257;951;90196;44357;29.1;14.3
10;2021-05-07;2219;1141;92415;45498;29.8;14.7
10;2021-05-08;2270;860;94685;46358;30.6;15.0
10;2021-05-09;2004;100;96689;46458;31.2;15.0
10;2021-05-10;531;1094;97220;47552;31.4;15.3
10;2021-05-11;1052;1034;98272;48586;31.7;15.7
10;2021-05-12;2062;884;100334;49470;32.4;16.0
10;2021-05-13;2181;436;102515;49906;33.1;16.1
10;2021-05-14;2728;673;105243;50579;34.0;16.3
10;2021-05-15;2423;2053;107666;52632;34.7;17.0
10;2021-05-16;2080;1448;109746;54080;35.4;17.5
10;2021-05-17;1451;442;111197;54522;35.9;17.6
10;2021-05-18;2510;640;113707;55162;36.7;17.8
10;2021-05-19;1554;642;115261;55804;37.2;18.0
10;2021-05-20;1896;847;117157;56651;37.8;18.3
10;2021-05-21;2318;618;119475;57269;38.6;18.5
10;2021-05-22;2179;422;121654;57691;39.3;18.6
10;2021-05-23;1816;138;123470;57829;39.8;18.7
10;2021-05-24;1968;177;125438;58006;40.5;18.7
10;2021-05-25;2195;491;127633;58497;41.2;18.9
10;2021-05-26;1679;421;129312;58918;41.7;19.0
10;2021-05-27;1659;753;130971;59671;42.3;19.3
10;2021-05-28;1720;1186;132691;60857;42.8;19.6
10;2021-05-29;2170;643;134861;61500;43.5;19.8
10;2021-05-30;1029;136;135890;61636;43.8;19.9
10;2021-05-31;1039;750;136929;62386;44.2;20.1
10;2021-06-01;1135;887;138064;63273;44.6;20.4
10;2021-06-02;1035;720;139099;63993;44.9;20.6
10;2021-06-03;1473;1069;140572;65062;45.4;21.0
10;2021-06-04;1768;2598;142340;67660;45.9;21.8
10;2021-06-05;1518;2451;143858;70111;46.4;22.6
10;2021-06-06;1005;1874;144863;71985;46.7;23.2
10;2021-06-07;700;1112;145563;73097;47.0;23.6
10;2021-06-08;896;1172;146459;74269;47.3;24.0
10;2021-06-09;880;915;147339;75184;47.5;24.3
10;2021-06-10;678;1070;148017;76254;47.8;24.6
10;2021-06-11;1200;2209;149217;78463;48.1;25.3
10;2021-06-12;856;2389;150073;80852;48.4;26.1
10;2021-06-13;401;1834;150474;82686;48.6;26.7
10;2021-06-14;538;743;151012;83429;48.7;26.9
10;2021-06-15;741;2132;151753;85561;49.0;27.6
10;2021-06-16;741;1858;152494;87419;49.2;28.2
10;2021-06-17;851;2457;153345;89876;49.5;29.0
10;2021-06-18;1030;2473;154375;92349;49.8;29.8
10;2021-06-19;981;2595;155356;94944;50.1;30.6
10;2021-06-20;549;1597;155905;96541;50.3;31.2
10;2021-06-21;684;1045;156589;97586;50.5;31.5
10;2021-06-22;745;1526;157334;99112;50.8;32.0
10;2021-06-23;653;2406;157987;101518;51.0;32.8
10;2021-06-24;790;2617;158777;104135;51.2;33.6
10;2021-06-25;730;3047;159507;107182;51.5;34.6
10;2021-06-26;514;2746;160021;109928;51.6;35.5
10;2021-06-27;402;1940;160423;111868;51.8;36.1
10;2021-06-28;683;1784;161106;113652;52.0;36.7
10;2021-06-29;616;2698;161722;116350;52.2;37.5
10;2021-06-30;534;1524;162256;117874;52.4;38.0
10;2021-07-01;555;2172;162811;120046;52.5;38.7
10;2021-07-02;664;2726;163475;122772;52.7;39.6
10;2021-07-03;529;2600;164004;125372;52.9;40.5
10;2021-07-04;411;1726;164415;127098;53.1;41.0
10;2021-07-05;667;2224;165082;129322;53.3;41.7
10;2021-07-06;651;2188;165733;131510;53.5;42.4
10;2021-07-07;639;1703;166372;133213;53.7;43.0
10;2021-07-08;751;1459;167123;134672;53.9;43.5
10;2021-07-09;820;1949;167943;136621;54.2;44.1
10;2021-07-10;632;2096;168575;138717;54.4;44.8
10;2021-07-11;500;1384;169075;140101;54.6;45.2
10;2021-07-12;783;1624;169858;141725;54.8;45.7
10;2021-07-13;1126;1874;170984;143599;55.2;46.3
10;2021-07-14;1169;1054;172153;144653;55.5;46.7
10;2021-07-15;1477;1980;173630;146633;56.0;47.3
10;2021-07-16;1241;2276;174871;148909;56.4;48.0
10;2021-07-17;1287;1738;176158;150647;56.8;48.6
10;2021-07-18;942;1225;177100;151872;57.1;49.0
10;2021-07-19;1361;1622;178461;153494;57.6;49.5
10;2021-07-20;1685;1433;180146;154927;58.1;50.0
10;2021-07-21;1395;1485;181541;156412;58.6;50.5
10;2021-07-22;1941;1598;183482;158010;59.2;51.0
10;2021-07-23;1606;1544;185088;159554;59.7;51.5
10;2021-07-24;1389;1228;186477;160782;60.2;51.9
10;2021-07-25;1251;789;187728;161571;60.6;52.1
10;2021-07-26;1914;1318;189642;162889;61.2;52.6
10;2021-07-27;2139;1071;191781;163960;61.9;52.9
10;2021-07-28;2094;1018;193875;164978;62.6;53.2
10;2021-07-29;2444;1204;196319;166182;63.3;53.6
10;2021-07-30;2176;1311;198495;167493;64.0;54.0
10;2021-07-31;1680;938;200175;168431;64.6;54.3
10;2021-08-01;1236;570;201411;169001;65.0;54.5
10;2021-08-02;1463;1337;202874;170338;65.5;55.0
10;2021-08-03;1635;897;204509;171235;66.0;55.3
10;2021-08-04;1370;1068;205879;172303;66.4;55.6
10;2021-08-05;1654;1345;207533;173648;67.0;56.0
10;2021-08-06;1835;1333;209368;174981;67.6;56.5
10;2021-08-07;1156;1133;210524;176114;67.9;56.8
10;2021-08-08;660;751;211184;176865;68.1;57.1
10;2021-08-09;1311;1542;212495;178407;68.6;57.6
10;2021-08-10;1670;1353;214165;179760;69.1;58.0
10;2021-08-11;854;1108;215019;180868;69.4;58.4
10;2021-08-12;1055;1225;216074;182093;69.7;58.8
10;2021-08-13;739;1075;216813;183168;70.0;59.1
10;2021-08-14;587;1235;217400;184403;70.2;59.5
10;2021-08-15;317;781;217717;185184;70.3;59.8
10;2021-08-16;725;1618;218442;186802;70.5;60.3
10;2021-08-17;877;1776;219319;188578;70.8;60.8
10;2021-08-18;723;1620;220042;190198;71.0;61.4
10;2021-08-19;551;1571;220593;191769;71.2;61.9
10;2021-08-20;644;1733;221237;193502;71.4;62.4
10;2021-08-21;452;1419;221689;194921;71.5;62.9
10;2021-08-22;189;1061;221878;195982;71.6;63.2
10;2021-08-23;481;1562;222359;197544;71.8;63.7
10;2021-08-24;669;1771;223028;199315;72.0;64.3
10;2021-08-25;460;1381;223488;200696;72.1;64.8
10;2021-08-26;432;1486;223920;202182;72.3;65.2
10;2021-08-27;626;1588;224546;203770;72.5;65.8
10;2021-08-28;396;1333;224942;205103;72.6;66.2
10;2021-08-29;225;946;225167;206049;72.7;66.5
10;2021-08-30;433;1376;225600;207425;72.8;66.9
10;2021-08-31;470;1426;226070;208851;72.9;67.4
10;2021-09-01;298;1104;226368;209955;73.0;67.7
10;2021-09-02;273;972;226641;210927;73.1;68.1
10;2021-09-03;404;1062;227045;211989;73.3;68.4
10;2021-09-04;342;1014;227387;213003;73.4;68.7
10;2021-09-05;174;409;227561;213412;73.4;68.9
10;2021-09-06;272;595;227833;214007;73.5;69.1
10;2021-09-07;303;601;228136;214608;73.6;69.2
10;2021-09-08;255;607;228391;215215;73.7;69.4
10;2021-09-09;333;720;228724;215935;73.8;69.7
10;2021-09-10;433;762;229157;216697;73.9;69.9
10;2021-09-11;264;634;229421;217331;74.0;70.1
10;2021-09-12;93;210;229514;217541;74.1;70.2
10;2021-09-13;226;473;229740;218014;74.1;70.3
10;2021-09-14;249;597;229989;218611;74.2;70.5
10;2021-09-15;237;637;230226;219248;74.3;70.7
10;2021-09-16;281;598;230507;219846;74.4;70.9
10;2021-09-17;270;859;230777;220705;74.5;71.2
10;2021-09-18;197;610;230974;221315;74.5;71.4
10;2021-09-19;62;224;231036;221539;74.6;71.5
10;2021-09-20;138;627;231174;222166;74.6;71.7
10;2021-09-21;151;554;231325;222720;74.6;71.9
10;2021-09-22;132;305;231457;223025;74.7;72.0
10;2021-09-23;215;353;231672;223378;74.8;72.1
10;2021-09-24;211;547;231883;223925;74.8;72.3
10;2021-09-25;112;420;231995;224345;74.9;72.4
10;2021-09-26;58;215;232053;224560;74.9;72.5
10;2021-09-27;220;267;232273;224827;74.9;72.5
10;2021-09-28;204;362;232477;225189;75.0;72.7
10;2021-09-29;190;292;232667;225481;75.1;72.8
10;2021-09-30;157;221;232824;225702;75.1;72.8
10;2021-10-01;202;447;233026;226149;75.2;73.0
10;2021-10-02;145;285;233171;226434;75.2;73.1
10;2021-10-03;58;128;233229;226562;75.3;73.1
10;2021-10-04;98;194;233327;226756;75.3;73.2
10;2021-10-05;107;216;233434;226972;75.3;73.2
10;2021-10-06;136;225;233570;227197;75.4;73.3
10;2021-10-07;138;319;233708;227516;75.4;73.4
10;2021-10-08;184;286;233892;227802;75.5;73.5
10;2021-10-09;123;246;234015;228048;75.5;73.6
10;2021-10-10;53;87;234068;228135;75.5;73.6
10;2021-10-11;111;191;234179;228326;75.6;73.7
10;2021-10-12;110;190;234289;228516;75.6;73.7
10;2021-10-13;119;180;234408;228696;75.6;73.8
11;2020-12-27;0;0;0;0;0.0;0.0
11;2020-12-28;1;0;1;0;0.0;0.0
11;2020-12-29;1;0;2;0;0.0;0.0
11;2020-12-30;0;0;2;0;0.0;0.0
11;2020-12-31;0;0;2;0;0.0;0.0
11;2021-01-01;0;0;2;0;0.0;0.0
11;2021-01-02;4;0;6;0;0.0;0.0
11;2021-01-03;0;0;6;0;0.0;0.0
11;2021-01-04;1;0;7;0;0.0;0.0
11;2021-01-05;95;1;102;1;0.0;0.0
11;2021-01-06;26;0;128;1;0.0;0.0
11;2021-01-07;119;0;247;1;0.1;0.0
11;2021-01-08;91;1;338;2;0.1;0.0
11;2021-01-09;86;0;424;2;0.1;0.0
11;2021-01-10;67;0;491;2;0.1;0.0
11;2021-01-11;136;0;627;2;0.2;0.0
11;2021-01-12;545;3;1172;5;0.3;0.0
11;2021-01-13;409;1;1581;6;0.4;0.0
11;2021-01-14;646;10;2227;16;0.6;0.0
11;2021-01-15;342;3;2569;19;0.7;0.0
11;2021-01-16;77;1;2646;20;0.7;0.0
11;2021-01-17;47;2;2693;22;0.7;0.0
11;2021-01-18;388;0;3081;22;0.8;0.0
11;2021-01-19;539;12;3620;34;1.0;0.0
11;2021-01-20;693;7;4313;41;1.2;0.0
11;2021-01-21;650;7;4963;48;1.3;0.0
11;2021-01-22;526;2;5489;50;1.5;0.0
11;2021-01-23;165;1;5654;51;1.5;0.0
11;2021-01-24;139;0;5793;51;1.6;0.0
11;2021-01-25;377;19;6170;70;1.7;0.0
11;2021-01-26;852;85;7022;155;1.9;0.0
11;2021-01-27;804;27;7826;182;2.1;0.0
11;2021-01-28;652;61;8478;243;2.3;0.1
11;2021-01-29;442;123;8920;366;2.4;0.1
11;2021-01-30;138;4;9058;370;2.4;0.1
11;2021-01-31;83;0;9141;370;2.5;0.1
11;2021-02-01;344;197;9485;567;2.5;0.2
11;2021-02-02;412;407;9897;974;2.7;0.3
11;2021-02-03;392;352;10289;1326;2.8;0.4
11;2021-02-04;376;499;10665;1825;2.9;0.5
11;2021-02-05;322;336;10987;2161;2.9;0.6
11;2021-02-06;211;65;11198;2226;3.0;0.6
11;2021-02-07;109;14;11307;2240;3.0;0.6
11;2021-02-08;317;160;11624;2400;3.1;0.6
11;2021-02-09;300;280;11924;2680;3.2;0.7
11;2021-02-10;344;446;12268;3126;3.3;0.8
11;2021-02-11;609;631;12877;3757;3.5;1.0
11;2021-02-12;407;380;13284;4137;3.6;1.1
11;2021-02-13;195;118;13479;4255;3.6;1.1
11;2021-02-14;73;26;13552;4281;3.6;1.1
11;2021-02-15;241;209;13793;4490;3.7;1.2
11;2021-02-16;264;509;14057;4999;3.8;1.3
11;2021-02-17;454;620;14511;5619;3.9;1.5
11;2021-02-18;456;571;14967;6190;4.0;1.7
11;2021-02-19;300;535;15267;6725;4.1;1.8
11;2021-02-20;148;75;15415;6800;4.1;1.8
11;2021-02-21;59;46;15474;6846;4.2;1.8
11;2021-02-22;124;328;15598;7174;4.2;1.9
11;2021-02-23;283;318;15881;7492;4.3;2.0
11;2021-02-24;252;366;16133;7858;4.3;2.1
11;2021-02-25;563;332;16696;8190;4.5;2.2
11;2021-02-26;524;315;17220;8505;4.6;2.3
11;2021-02-27;319;100;17539;8605;4.7;2.3
11;2021-02-28;95;24;17634;8629;4.7;2.3
11;2021-03-01;339;315;17973;8944;4.8;2.4
11;2021-03-02;563;390;18536;9334;5.0;2.5
11;2021-03-03;601;432;19137;9766;5.1;2.6
11;2021-03-04;1078;410;20215;10176;5.4;2.7
11;2021-03-05;1002;412;21217;10588;5.7;2.8
11;2021-03-06;1096;207;22313;10795;6.0;2.9
11;2021-03-07;658;33;22971;10828;6.2;2.9
11;2021-03-08;367;353;23338;11181;6.3;3.0
11;2021-03-09;997;401;24335;11582;6.5;3.1
11;2021-03-10;1175;545;25510;12127;6.8;3.3
11;2021-03-11;1572;450;27082;12577;7.3;3.4
11;2021-03-12;1457;444;28539;13021;7.7;3.5
11;2021-03-13;1160;240;29699;13261;8.0;3.6
11;2021-03-14;523;54;30222;13315;8.1;3.6
11;2021-03-15;651;241;30873;13556;8.3;3.6
11;2021-03-16;854;201;31727;13757;8.5;3.7
11;2021-03-17;907;221;32634;13978;8.8;3.8
11;2021-03-18;1172;287;33806;14265;9.1;3.8
11;2021-03-19;1372;248;35178;14513;9.4;3.9
11;2021-03-20;790;176;35968;14689;9.7;3.9
11;2021-03-21;225;68;36193;14757;9.7;4.0
11;2021-03-22;809;221;37002;14978;9.9;4.0
11;2021-03-23;1807;393;38809;15371;10.4;4.1
11;2021-03-24;1847;322;40656;15693;10.9;4.2
11;2021-03-25;2190;375;42846;16068;11.5;4.3
11;2021-03-26;2125;450;44971;16518;12.1;4.4
11;2021-03-27;1178;147;46149;16665;12.4;4.5
11;2021-03-28;265;44;46414;16709;12.5;4.5
11;2021-03-29;1182;224;47596;16933;12.8;4.5
11;2021-03-30;1995;329;49591;17262;13.3;4.6
11;2021-03-31;1614;386;51205;17648;13.7;4.7
11;2021-04-01;2144;430;53349;18078;14.3;4.9
11;2021-04-02;1642;429;54991;18507;14.8;5.0
11;2021-04-03;720;146;55711;18653;14.9;5.0
11;2021-04-04;198;76;55909;18729;15.0;5.0
11;2021-04-05;257;4;56166;18733;15.1;5.0
11;2021-04-06;1574;555;57740;19288;15.5;5.2
11;2021-04-07;1778;576;59518;19864;16.0;5.3
11;2021-04-08;1785;686;61303;20550;16.4;5.5
11;2021-04-09;2261;608;63564;21158;17.1;5.7
11;2021-04-10;1168;181;64732;21339;17.4;5.7
11;2021-04-11;551;106;65283;21445;17.5;5.8
11;2021-04-12;1614;545;66897;21990;17.9;5.9
11;2021-04-13;2262;890;69159;22880;18.6;6.1
11;2021-04-14;1661;1020;70820;23900;19.0;6.4
11;2021-04-15;1843;1134;72663;25034;19.5;6.7
11;2021-04-16;1838;851;74501;25885;20.0;6.9
11;2021-04-17;1772;564;76273;26449;20.5;7.1
11;2021-04-18;114;155;76387;26604;20.5;7.1
11;2021-04-19;1384;739;77771;27343;20.9;7.3
11;2021-04-20;1729;1284;79500;28627;21.3;7.7
11;2021-04-21;1780;1323;81280;29950;21.8;8.0
11;2021-04-22;1749;1326;83029;31276;22.3;8.4
11;2021-04-23;2014;1239;85043;32515;22.8;8.7
11;2021-04-24;1735;469;86778;32984;23.3;8.8
11;2021-04-25;659;183;87437;33167;23.5;8.9
11;2021-04-26;1380;839;88817;34006;23.8;9.1
11;2021-04-27;1839;1556;90656;35562;24.3;9.5
11;2021-04-28;2008;1470;92664;37032;24.9;9.9
11;2021-04-29;2247;1642;94911;38674;25.5;10.4
11;2021-04-30;2158;1427;97069;40101;26.0;10.8
11;2021-05-01;1338;345;98407;40446;26.4;10.9
11;2021-05-02;588;336;98995;40782;26.6;10.9
11;2021-05-03;1487;739;100482;41521;27.0;11.1
11;2021-05-04;1878;1431;102360;42952;27.5;11.5
11;2021-05-05;1895;1441;104255;44393;28.0;11.9
11;2021-05-06;2191;1475;106446;45868;28.6;12.3
11;2021-05-07;2105;1560;108551;47428;29.1;12.7
11;2021-05-08;898;728;109449;48156;29.4;12.9
11;2021-05-09;628;543;110077;48699;29.5;13.1
11;2021-05-10;1327;1652;111404;50351;29.9;13.5
11;2021-05-11;2041;1874;113445;52225;30.4;14.0
11;2021-05-12;1848;1653;115293;53878;30.9;14.5
11;2021-05-13;1405;414;116698;54292;31.3;14.6
11;2021-05-14;1718;1184;118416;55476;31.8;14.9
11;2021-05-15;1158;897;119574;56373;32.1;15.1
11;2021-05-16;808;164;120382;56537;32.3;15.2
11;2021-05-17;1470;1046;121852;57583;32.7;15.5
11;2021-05-18;1898;1192;123750;58775;33.2;15.8
11;2021-05-19;1846;1124;125596;59899;33.7;16.1
11;2021-05-20;1971;1091;127567;60990;34.2;16.4
11;2021-05-21;2276;1092;129843;62082;34.8;16.7
11;2021-05-22;1485;727;131328;62809;35.2;16.9
11;2021-05-23;768;72;132096;62881;35.4;16.9
11;2021-05-24;1411;224;133507;63105;35.8;16.9
11;2021-05-25;1811;1353;135318;64458;36.3;17.3
11;2021-05-26;1934;1299;137252;65757;36.8;17.6
11;2021-05-27;1989;1722;139241;67479;37.4;18.1
11;2021-05-28;1754;1901;140995;69380;37.8;18.6
11;2021-05-29;1428;1601;142423;70981;38.2;19.0
11;2021-05-30;486;395;142909;71376;38.3;19.2
11;2021-05-31;1261;1616;144170;72992;38.7;19.6
11;2021-06-01;1856;1903;146026;74895;39.2;20.1
11;2021-06-02;1761;2068;147787;76963;39.7;20.6
11;2021-06-03;2598;2409;150385;79372;40.3;21.3
11;2021-06-04;2147;2668;152532;82040;40.9;22.0
11;2021-06-05;1588;1903;154120;83943;41.4;22.5
11;2021-06-06;877;857;154997;84800;41.6;22.8
11;2021-06-07;1527;1709;156524;86509;42.0;23.2
11;2021-06-08;2042;1996;158566;88505;42.5;23.7
11;2021-06-09;1786;2184;160352;90689;43.0;24.3
11;2021-06-10;1806;2427;162158;93116;43.5;25.0
11;2021-06-11;1864;2495;164022;95611;44.0;25.7
11;2021-06-12;1455;1624;165477;97235;44.4;26.1
11;2021-06-13;713;723;166190;97958;44.6;26.3
11;2021-06-14;1032;1968;167222;99926;44.9;26.8
11;2021-06-15;1395;2685;168617;102611;45.2;27.5
11;2021-06-16;1335;2528;169952;105139;45.6;28.2
11;2021-06-17;1474;2522;171426;107661;46.0;28.9
11;2021-06-18;1518;2487;172944;110148;46.4;29.6
11;2021-06-19;1236;1410;174180;111558;46.7;29.9
11;2021-06-20;299;599;174479;112157;46.8;30.1
11;2021-06-21;838;2122;175317;114279;47.0;30.7
11;2021-06-22;1016;2606;176333;116885;47.3;31.4
11;2021-06-23;1094;2089;177427;118974;47.6;31.9
11;2021-06-24;909;2244;178336;121218;47.8;32.5
11;2021-06-25;993;2547;179329;123765;48.1;33.2
11;2021-06-26;773;1655;180102;125420;48.3;33.7
11;2021-06-27;210;688;180312;126108;48.4;33.8
11;2021-06-28;697;2297;181009;128405;48.6;34.5
11;2021-06-29;963;2603;181972;131008;48.8;35.2
11;2021-06-30;906;2520;182878;133528;49.1;35.8
11;2021-07-01;1004;1889;183882;135417;49.3;36.3
11;2021-07-02;966;2540;184848;137957;49.6;37.0
11;2021-07-03;729;1807;185577;139764;49.8;37.5
11;2021-07-04;340;1109;185917;140873;49.9;37.8
11;2021-07-05;695;2132;186612;143005;50.1;38.4
11;2021-07-06;972;2521;187584;145526;50.3;39.0
11;2021-07-07;945;2511;188529;148037;50.6;39.7
11;2021-07-08;1191;1911;189720;149948;50.9;40.2
11;2021-07-09;824;1796;190544;151744;51.1;40.7
11;2021-07-10;369;1302;190913;153046;51.2;41.1
11;2021-07-11;313;564;191226;153610;51.3;41.2
11;2021-07-12;505;2672;191731;156282;51.4;41.9
11;2021-07-13;1304;3064;193035;159346;51.8;42.8
11;2021-07-14;210;233;193245;159579;51.8;42.8
11;2021-07-15;1451;2961;194696;162540;52.2;43.6
11;2021-07-16;1876;2734;196572;165274;52.7;44.3
11;2021-07-17;1075;2166;197647;167440;53.0;44.9
11;2021-07-18;652;946;198299;168386;53.2;45.2
11;2021-07-19;1355;2089;199654;170475;53.6;45.7
11;2021-07-20;1998;2403;201652;172878;54.1;46.4
11;2021-07-21;2015;2441;203667;175319;54.6;47.0
11;2021-07-22;2414;1883;206081;177202;55.3;47.5
11;2021-07-23;2231;2282;208312;179484;55.9;48.2
11;2021-07-24;1274;1629;209586;181113;56.2;48.6
11;2021-07-25;749;693;210335;181806;56.4;48.8
11;2021-07-26;1667;1427;212002;183233;56.9;49.2
11;2021-07-27;2341;2000;214343;185233;57.5;49.7
11;2021-07-28;2480;1991;216823;187224;58.2;50.2
11;2021-07-29;2771;1795;219594;189019;58.9;50.7
11;2021-07-30;2575;1803;222169;190822;59.6;51.2
11;2021-07-31;2008;1143;224177;191965;60.1;51.5
11;2021-08-01;1011;482;225188;192447;60.4;51.6
11;2021-08-02;1929;1151;227117;193598;60.9;51.9
11;2021-08-03;2442;1602;229559;195200;61.6;52.4
11;2021-08-04;2560;1270;232119;196470;62.3;52.7
11;2021-08-05;2382;1334;234501;197804;62.9;53.1
11;2021-08-06;2252;1661;236753;199465;63.5;53.5
11;2021-08-07;1665;1172;238418;200637;64.0;53.8
11;2021-08-08;599;210;239017;200847;64.1;53.9
11;2021-08-09;1033;1434;240050;202281;64.4;54.3
11;2021-08-10;1747;1987;241797;204268;64.9;54.8
11;2021-08-11;1717;1689;243514;205957;65.3;55.3
11;2021-08-12;1716;1858;245230;207815;65.8;55.8
11;2021-08-13;1348;1655;246578;209470;66.2;56.2
11;2021-08-14;984;1596;247562;211066;66.4;56.6
11;2021-08-15;138;125;247700;211191;66.5;56.7
11;2021-08-16;731;1914;248431;213105;66.7;57.2
11;2021-08-17;1046;2391;249477;215496;66.9;57.8
11;2021-08-18;1108;2032;250585;217528;67.2;58.4
11;2021-08-19;1006;2291;251591;219819;67.5;59.0
11;2021-08-20;976;2291;252567;222110;67.8;59.6
11;2021-08-21;576;1838;253143;223948;67.9;60.1
11;2021-08-22;192;512;253335;224460;68.0;60.2
11;2021-08-23;522;1816;253857;226276;68.1;60.7
11;2021-08-24;799;2255;254656;228531;68.3;61.3
11;2021-08-25;796;2158;255452;230689;68.5;61.9
11;2021-08-26;759;2001;256211;232690;68.7;62.4
11;2021-08-27;701;2223;256912;234913;68.9;63.0
11;2021-08-28;437;1745;257349;236658;69.0;63.5
11;2021-08-29;143;514;257492;237172;69.1;63.6
11;2021-08-30;455;1322;257947;238494;69.2;64.0
11;2021-08-31;585;1866;258532;240360;69.4;64.5
11;2021-09-01;608;1715;259140;242075;69.5;65.0
11;2021-09-02;557;1557;259697;243632;69.7;65.4
11;2021-09-03;538;1549;260235;245181;69.8;65.8
11;2021-09-04;489;1483;260724;246664;70.0;66.2
11;2021-09-05;153;236;260877;246900;70.0;66.2
11;2021-09-06;299;673;261176;247573;70.1;66.4
11;2021-09-07;357;895;261533;248468;70.2;66.7
11;2021-09-08;478;1156;262011;249624;70.3;67.0
11;2021-09-09;394;863;262405;250487;70.4;67.2
11;2021-09-10;381;990;262786;251477;70.5;67.5
11;2021-09-11;378;985;263164;252462;70.6;67.7
11;2021-09-12;61;127;263225;252589;70.6;67.8
11;2021-09-13;239;731;263464;253320;70.7;68.0
11;2021-09-14;362;623;263826;253943;70.8;68.1
11;2021-09-15;359;972;264185;254915;70.9;68.4
11;2021-09-16;306;585;264491;255500;71.0;68.6
11;2021-09-17;313;682;264804;256182;71.0;68.7
11;2021-09-18;269;731;265073;256913;71.1;68.9
11;2021-09-19;59;123;265132;257036;71.1;69.0
11;2021-09-20;166;333;265298;257369;71.2;69.1
11;2021-09-21;289;417;265587;257786;71.3;69.2
11;2021-09-22;229;769;265816;258555;71.3;69.4
11;2021-09-23;179;398;265995;258953;71.4;69.5
11;2021-09-24;275;519;266270;259472;71.4;69.6
11;2021-09-25;236;674;266506;260146;71.5;69.8
11;2021-09-26;35;131;266541;260277;71.5;69.8
11;2021-09-27;105;385;266646;260662;71.5;69.9
11;2021-09-28;213;355;266859;261017;71.6;70.0
11;2021-09-29;221;537;267080;261554;71.7;70.2
11;2021-09-30;194;360;267274;261914;71.7;70.3
11;2021-10-01;226;389;267500;262303;71.8;70.4
11;2021-10-02;232;447;267732;262750;71.8;70.5
11;2021-10-03;2;1;267734;262751;71.8;70.5
11;2021-10-04;138;295;267872;263046;71.9;70.6
11;2021-10-05;177;321;268049;263367;71.9;70.7
11;2021-10-06;261;447;268310;263814;72.0;70.8
11;2021-10-07;167;290;268477;264104;72.0;70.9
11;2021-10-08;211;420;268688;264524;72.1;71.0
11;2021-10-09;147;365;268835;264889;72.1;71.1
11;2021-10-10;0;1;268835;264890;72.1;71.1
11;2021-10-11;130;250;268965;265140;72.2;71.1
11;2021-10-12;151;314;269116;265454;72.2;71.2
11;2021-10-13;232;289;269348;265743;72.3;71.3
12;2020-12-27;0;0;0;0;0.0;0.0
12;2020-12-28;0;0;0;0;0.0;0.0
12;2020-12-29;0;0;0;0;0.0;0.0
12;2020-12-30;0;0;0;0;0.0;0.0
12;2020-12-31;0;0;0;0;0.0;0.0
12;2021-01-01;0;0;0;0;0.0;0.0
12;2021-01-02;0;0;0;0;0.0;0.0
12;2021-01-03;2;0;2;0;0.0;0.0
12;2021-01-04;1;0;3;0;0.0;0.0
12;2021-01-05;1;0;4;0;0.0;0.0
12;2021-01-06;12;0;16;0;0.0;0.0
12;2021-01-07;202;0;218;0;0.1;0.0
12;2021-01-08;65;0;283;0;0.1;0.0
12;2021-01-09;0;0;283;0;0.1;0.0
12;2021-01-10;1;0;284;0;0.1;0.0
12;2021-01-11;100;0;384;0;0.1;0.0
12;2021-01-12;361;2;745;2;0.3;0.0
12;2021-01-13;285;0;1030;2;0.4;0.0
12;2021-01-14;602;12;1632;14;0.6;0.0
12;2021-01-15;367;10;1999;24;0.7;0.0
12;2021-01-16;138;2;2137;26;0.8;0.0
12;2021-01-17;1;0;2138;26;0.8;0.0
12;2021-01-18;452;0;2590;26;0.9;0.0
12;2021-01-19;611;4;3201;30;1.1;0.0
12;2021-01-20;879;5;4080;35;1.5;0.0
12;2021-01-21;736;1;4816;36;1.7;0.0
12;2021-01-22;799;1;5615;37;2.0;0.0
12;2021-01-23;382;0;5997;37;2.2;0.0
12;2021-01-24;0;0;5997;37;2.2;0.0
12;2021-01-25;453;0;6450;37;2.3;0.0
12;2021-01-26;650;0;7100;37;2.6;0.0
12;2021-01-27;1887;40;8987;77;3.2;0.0
12;2021-01-28;1886;232;10873;309;3.9;0.1
12;2021-01-29;1331;46;12204;355;4.4;0.1
12;2021-01-30;359;2;12563;357;4.5;0.1
12;2021-01-31;0;0;12563;357;4.5;0.1
12;2021-02-01;335;89;12898;446;4.6;0.2
12;2021-02-02;459;241;13357;687;4.8;0.2
12;2021-02-03;459;168;13816;855;5.0;0.3
12;2021-02-04;459;526;14275;1381;5.1;0.5
12;2021-02-05;449;183;14724;1564;5.3;0.6
12;2021-02-06;220;66;14944;1630;5.4;0.6
12;2021-02-07;8;0;14952;1630;5.4;0.6
12;2021-02-08;104;313;15056;1943;5.4;0.7
12;2021-02-09;209;341;15265;2284;5.5;0.8
12;2021-02-10;468;475;15733;2759;5.7;1.0
12;2021-02-11;539;344;16272;3103;5.8;1.1
12;2021-02-12;570;345;16842;3448;6.1;1.2
12;2021-02-13;175;132;17017;3580;6.1;1.3
12;2021-02-14;1;0;17018;3580;6.1;1.3
12;2021-02-15;175;374;17193;3954;6.2;1.4
12;2021-02-16;171;509;17364;4463;6.2;1.6
12;2021-02-17;366;1431;17730;5894;6.4;2.1
12;2021-02-18;678;1662;18408;7556;6.6;2.7
12;2021-02-19;594;974;19002;8530;6.8;3.1
12;2021-02-20;103;392;19105;8922;6.9;3.2
12;2021-02-21;0;0;19105;8922;6.9;3.2
12;2021-02-22;150;398;19255;9320;6.9;3.3
12;2021-02-23;157;558;19412;9878;7.0;3.5
12;2021-02-24;156;685;19568;10563;7.0;3.8
12;2021-02-25;201;769;19769;11332;7.1;4.1
12;2021-02-26;320;650;20089;11982;7.2;4.3
12;2021-02-27;191;350;20280;12332;7.3;4.4
12;2021-02-28;13;0;20293;12332;7.3;4.4
12;2021-03-01;50;349;20343;12681;7.3;4.6
12;2021-03-02;190;507;20533;13188;7.4;4.7
12;2021-03-03;245;388;20778;13576;7.5;4.9
12;2021-03-04;278;363;21056;13939;7.6;5.0
12;2021-03-05;421;370;21477;14309;7.7;5.1
12;2021-03-06;793;129;22270;14438;8.0;5.2
12;2021-03-07;140;33;22410;14471;8.1;5.2
12;2021-03-08;234;208;22644;14679;8.1;5.3
12;2021-03-09;716;234;23360;14913;8.4;5.4
12;2021-03-10;785;744;24145;15657;8.7;5.6
12;2021-03-11;919;663;25064;16320;9.0;5.9
12;2021-03-12;1259;530;26323;16850;9.5;6.1
12;2021-03-13;896;140;27219;16990;9.8;6.1
12;2021-03-14;45;2;27264;16992;9.8;6.1
12;2021-03-15;559;157;27823;17149;10.0;6.2
12;2021-03-16;818;162;28641;17311;10.3;6.2
12;2021-03-17;1504;167;30145;17478;10.8;6.3
12;2021-03-18;997;255;31142;17733;11.2;6.4
12;2021-03-19;1383;283;32525;18016;11.7;6.5
12;2021-03-20;725;82;33250;18098;11.9;6.5
12;2021-03-21;264;10;33514;18108;12.0;6.5
12;2021-03-22;606;175;34120;18283;12.3;6.6
12;2021-03-23;1214;178;35334;18461;12.7;6.6
12;2021-03-24;1422;210;36756;18671;13.2;6.7
12;2021-03-25;1843;206;38599;18877;13.9;6.8
12;2021-03-26;1978;233;40577;19110;14.6;6.9
12;2021-03-27;981;68;41558;19178;14.9;6.9
12;2021-03-28;60;1;41618;19179;15.0;6.9
12;2021-03-29;963;85;42581;19264;15.3;6.9
12;2021-03-30;1737;125;44318;19389;15.9;7.0
12;2021-03-31;1460;107;45778;19496;16.4;7.0
12;2021-04-01;1957;167;47735;19663;17.1;7.1
12;2021-04-02;1614;346;49349;20009;17.7;7.2
12;2021-04-03;882;96;50231;20105;18.0;7.2
12;2021-04-04;1;0;50232;20105;18.0;7.2
12;2021-04-05;645;15;50877;20120;18.3;7.2
12;2021-04-06;1151;538;52028;20658;18.7;7.4
12;2021-04-07;1652;645;53680;21303;19.3;7.7
12;2021-04-08;2098;575;55778;21878;20.0;7.9
12;2021-04-09;2112;657;57890;22535;20.8;8.1
12;2021-04-10;1427;222;59317;22757;21.3;8.2
12;2021-04-11;120;1;59437;22758;21.4;8.2
12;2021-04-12;1836;506;61273;23264;22.0;8.4
12;2021-04-13;1907;780;63180;24044;22.7;8.6
12;2021-04-14;1832;1322;65012;25366;23.4;9.1
12;2021-04-15;1937;901;66949;26267;24.1;9.4
12;2021-04-16;1675;1205;68624;27472;24.7;9.9
12;2021-04-17;1553;568;70177;28040;25.2;10.1
12;2021-04-18;0;0;70177;28040;25.2;10.1
12;2021-04-19;1687;550;71864;28590;25.8;10.3
12;2021-04-20;1546;986;73410;29576;26.4;10.6
12;2021-04-21;1693;1183;75103;30759;27.0;11.1
12;2021-04-22;1690;1097;76793;31856;27.6;11.4
12;2021-04-23;1382;1335;78175;33191;28.1;11.9
12;2021-04-24;1450;720;79625;33911;28.6;12.2
12;2021-04-25;60;0;79685;33911;28.6;12.2
12;2021-04-26;1459;898;81144;34809;29.2;12.5
12;2021-04-27;1321;1281;82465;36090;29.6;13.0
12;2021-04-28;1113;1870;83578;37960;30.0;13.6
12;2021-04-29;1571;1911;85149;39871;30.6;14.3
12;2021-04-30;1815;1839;86964;41710;31.2;15.0
12;2021-05-01;1617;261;88581;41971;31.8;15.1
12;2021-05-02;9;0;88590;41971;31.8;15.1
12;2021-05-03;1713;1252;90303;43223;32.4;15.5
12;2021-05-04;1482;1396;91785;44619;33.0;16.0
12;2021-05-05;1296;1677;93081;46296;33.4;16.6
12;2021-05-06;1753;1379;94834;47675;34.1;17.1
12;2021-05-07;1483;1780;96317;49455;34.6;17.8
12;2021-05-08;1330;461;97647;49916;35.1;17.9
12;2021-05-09;13;34;97660;49950;35.1;17.9
12;2021-05-10;829;2217;98489;52167;35.4;18.7
12;2021-05-11;928;1851;99417;54018;35.7;19.4
12;2021-05-12;948;1820;100365;55838;36.1;20.1
12;2021-05-13;1587;811;101952;56649;36.6;20.4
12;2021-05-14;1235;1534;103187;58183;37.1;20.9
12;2021-05-15;1067;1115;104254;59298;37.5;21.3
12;2021-05-16;2;19;104256;59317;37.5;21.3
12;2021-05-17;1082;1810;105338;61127;37.8;22.0
12;2021-05-18;1427;1535;106765;62662;38.4;22.5
12;2021-05-19;1915;1330;108680;63992;39.0;23.0
12;2021-05-20;2118;876;110798;64868;39.8;23.3
12;2021-05-21;1821;1253;112619;66121;40.5;23.8
12;2021-05-22;1207;1016;113826;67137;40.9;24.1
12;2021-05-23;7;12;113833;67149;40.9;24.1
12;2021-05-24;1956;538;115789;67687;41.6;24.3
12;2021-05-25;1742;1159;117531;68846;42.2;24.7
12;2021-05-26;1998;780;119529;69626;42.9;25.0
12;2021-05-27;2165;744;121694;70370;43.7;25.3
12;2021-05-28;1927;1031;123621;71401;44.4;25.7
12;2021-05-29;1637;805;125258;72206;45.0;25.9
12;2021-05-30;9;43;125267;72249;45.0;26.0
12;2021-05-31;1699;817;126966;73066;45.6;26.2
12;2021-06-01;1887;1028;128853;74094;46.3;26.6
12;2021-06-02;1979;1051;130832;75145;47.0;27.0
12;2021-06-03;2123;831;132955;75976;47.8;27.3
12;2021-06-04;1967;1418;134922;77394;48.5;27.8
12;2021-06-05;1738;985;136660;78379;49.1;28.2
12;2021-06-06;6;6;136666;78385;49.1;28.2
12;2021-06-07;1092;1811;137758;80196;49.5;28.8
12;2021-06-08;1332;1201;139090;81397;50.0;29.2
12;2021-06-09;895;1294;139985;82691;50.3;29.7
12;2021-06-10;1022;921;141007;83612;50.7;30.0
12;2021-06-11;1204;2081;142211;85693;51.1;30.8
12;2021-06-12;1033;1322;143244;87015;51.5;31.3
12;2021-06-13;6;47;143250;87062;51.5;31.3
12;2021-06-14;662;1830;143912;88892;51.7;31.9
12;2021-06-15;745;1885;144657;90777;52.0;32.6
12;2021-06-16;820;1818;145477;92595;52.3;33.3
12;2021-06-17;678;995;146155;93590;52.5;33.6
12;2021-06-18;1134;1840;147289;95430;52.9;34.3
12;2021-06-19;914;1406;148203;96836;53.2;34.8
12;2021-06-20;4;10;148207;96846;53.2;34.8
12;2021-06-21;511;1737;148718;98583;53.4;35.4
12;2021-06-22;502;1474;149220;100057;53.6;35.9
12;2021-06-23;579;1306;149799;101363;53.8;36.4
12;2021-06-24;249;545;150048;101908;53.9;36.6
12;2021-06-25;876;1842;150924;103750;54.2;37.3
12;2021-06-26;673;1527;151597;105277;54.5;37.8
12;2021-06-27;1;9;151598;105286;54.5;37.8
12;2021-06-28;467;2454;152065;107740;54.6;38.7
12;2021-06-29;565;1958;152630;109698;54.8;39.4
12;2021-06-30;828;2132;153458;111830;55.1;40.2
12;2021-07-01;345;1086;153803;112916;55.3;40.6
12;2021-07-02;796;2629;154599;115545;55.5;41.5
12;2021-07-03;565;1872;155164;117417;55.7;42.2
12;2021-07-04;1;0;155165;117417;55.7;42.2
12;2021-07-05;440;2406;155605;119823;55.9;43.0
12;2021-07-06;640;2495;156245;122318;56.1;43.9
12;2021-07-07;688;2116;156933;124434;56.4;44.7
12;2021-07-08;295;913;157228;125347;56.5;45.0
12;2021-07-09;724;2589;157952;127936;56.7;46.0
12;2021-07-10;445;2077;158397;130013;56.9;46.7
12;2021-07-11;0;0;158397;130013;56.9;46.7
12;2021-07-12;587;2439;158984;132452;57.1;47.6
12;2021-07-13;840;2593;159824;135045;57.4;48.5
12;2021-07-14;44;25;159868;135070;57.4;48.5
12;2021-07-15;795;2107;160663;137177;57.7;49.3
12;2021-07-16;1247;2556;161910;139733;58.2;50.2
12;2021-07-17;790;2007;162700;141740;58.4;50.9
12;2021-07-18;25;11;162725;141751;58.5;50.9
12;2021-07-19;1319;2005;164044;143756;58.9;51.6
12;2021-07-20;1422;1475;165466;145231;59.4;52.2
12;2021-07-21;1022;941;166488;146172;59.8;52.5
12;2021-07-22;2236;1308;168724;147480;60.6;53.0
12;2021-07-23;1865;2064;170589;149544;61.3;53.7
12;2021-07-24;1604;1566;172193;151110;61.9;54.3
12;2021-07-25;97;28;172290;151138;61.9;54.3
12;2021-07-26;1930;1438;174220;152576;62.6;54.8
12;2021-07-27;2236;1011;176456;153587;63.4;55.2
12;2021-07-28;1715;675;178171;154262;64.0;55.4
12;2021-07-29;1189;807;179360;155069;64.4;55.7
12;2021-07-30;2507;1284;181867;156353;65.3;56.2
12;2021-07-31;1967;1005;183834;157358;66.0;56.5
12;2021-08-01;225;38;184059;157396;66.1;56.5
12;2021-08-02;1815;833;185874;158229;66.8;56.8
12;2021-08-03;1960;776;187834;159005;67.5;57.1
12;2021-08-04;1695;833;189529;159838;68.1;57.4
12;2021-08-05;1636;688;191165;160526;68.7;57.7
12;2021-08-06;1706;1314;192871;161840;69.3;58.1
12;2021-08-07;1448;744;194319;162584;69.8;58.4
12;2021-08-08;0;3;194319;162587;69.8;58.4
12;2021-08-09;1351;1415;195670;164002;70.3;58.9
12;2021-08-10;1343;1254;197013;165256;70.8;59.4
12;2021-08-11;820;1195;197833;166451;71.1;59.8
12;2021-08-12;737;1070;198570;167521;71.3;60.2
12;2021-08-13;1075;1335;199645;168856;71.7;60.7
12;2021-08-14;739;1354;200384;170210;72.0;61.1
12;2021-08-15;255;75;200639;170285;72.1;61.2
12;2021-08-16;670;1817;201309;172102;72.3;61.8
12;2021-08-17;905;1991;202214;174093;72.6;62.5
12;2021-08-18;448;1522;202662;175615;72.8;63.1
12;2021-08-19;641;1115;203303;176730;73.0;63.5
12;2021-08-20;797;1888;204100;178618;73.3;64.2
12;2021-08-21;473;1526;204573;180144;73.5;64.7
12;2021-08-22;93;27;204666;180171;73.5;64.7
12;2021-08-23;453;1921;205119;182092;73.7;65.4
12;2021-08-24;486;1918;205605;184010;73.9;66.1
12;2021-08-25;333;1579;205938;185589;74.0;66.7
12;2021-08-26;487;1607;206425;187196;74.2;67.2
12;2021-08-27;599;1699;207024;188895;74.4;67.9
12;2021-08-28;332;1553;207356;190448;74.5;68.4
12;2021-08-29;176;143;207532;190591;74.6;68.5
12;2021-08-30;563;1870;208095;192461;74.8;69.1
12;2021-08-31;419;1344;208514;193805;74.9;69.6
12;2021-09-01;425;923;208939;194728;75.1;70.0
12;2021-09-02;267;735;209206;195463;75.2;70.2
12;2021-09-03;490;1189;209696;196652;75.3;70.6
12;2021-09-04;432;1092;210128;197744;75.5;71.0
12;2021-09-05;52;192;210180;197936;75.5;71.1
12;2021-09-06;214;592;210394;198528;75.6;71.3
12;2021-09-07;270;482;210664;199010;75.7;71.5
12;2021-09-08;245;464;210909;199474;75.8;71.7
12;2021-09-09;174;394;211083;199868;75.8;71.8
12;2021-09-10;500;1006;211583;200874;76.0;72.2
12;2021-09-11;386;936;211969;201810;76.1;72.5
12;2021-09-12;17;102;211986;201912;76.2;72.5
12;2021-09-13;157;389;212143;202301;76.2;72.7
12;2021-09-14;281;350;212424;202651;76.3;72.8
12;2021-09-15;247;407;212671;203058;76.4;72.9
12;2021-09-16;387;412;213058;203470;76.5;73.1
12;2021-09-17;345;505;213403;203975;76.7;73.3
12;2021-09-18;242;687;213645;204662;76.8;73.5
12;2021-09-19;0;4;213645;204666;76.8;73.5
12;2021-09-20;107;432;213752;205098;76.8;73.7
12;2021-09-21;112;220;213864;205318;76.8;73.8
12;2021-09-22;132;578;213996;205896;76.9;74.0
12;2021-09-23;106;161;214102;206057;76.9;74.0
12;2021-09-24;216;535;214318;206592;77.0;74.2
12;2021-09-25;161;667;214479;207259;77.1;74.5
12;2021-09-26;0;1;214479;207260;77.1;74.5
12;2021-09-27;81;242;214560;207502;77.1;74.5
12;2021-09-28;96;252;214656;207754;77.1;74.6
12;2021-09-29;112;325;214768;208079;77.2;74.8
12;2021-09-30;51;124;214819;208203;77.2;74.8
12;2021-10-01;161;404;214980;208607;77.2;74.9
12;2021-10-02;182;479;215162;209086;77.3;75.1
12;2021-10-03;0;2;215162;209088;77.3;75.1
12;2021-10-04;84;169;215246;209257;77.3;75.2
12;2021-10-05;67;191;215313;209448;77.4;75.2
12;2021-10-06;117;266;215430;209714;77.4;75.3
12;2021-10-07;67;317;215497;210031;77.4;75.5
12;2021-10-08;153;402;215650;210433;77.5;75.6
12;2021-10-09;168;347;215818;210780;77.5;75.7
12;2021-10-10;1;0;215819;210780;77.5;75.7
12;2021-10-11;57;100;215876;210880;77.6;75.8
12;2021-10-12;40;113;215916;210993;77.6;75.8
12;2021-10-13;151;286;216067;211279;77.6;75.9
13;2020-12-27;5;0;5;0;0.0;0.0
13;2020-12-28;6;0;11;0;0.0;0.0
13;2020-12-29;1;0;12;0;0.0;0.0
13;2020-12-30;3;0;15;0;0.0;0.0
13;2020-12-31;6;0;21;0;0.0;0.0
13;2021-01-01;4;1;25;1;0.0;0.0
13;2021-01-02;4;0;29;1;0.0;0.0
13;2021-01-03;11;3;40;4;0.0;0.0
13;2021-01-04;1;1;41;5;0.0;0.0
13;2021-01-05;80;1;121;6;0.0;0.0
13;2021-01-06;122;0;243;6;0.0;0.0
13;2021-01-07;174;1;417;7;0.0;0.0
13;2021-01-08;189;0;606;7;0.0;0.0
13;2021-01-09;13;0;619;7;0.0;0.0
13;2021-01-10;3;0;622;7;0.0;0.0
13;2021-01-11;482;2;1104;9;0.1;0.0
13;2021-01-12;813;2;1917;11;0.1;0.0
13;2021-01-13;1087;2;3004;13;0.1;0.0
13;2021-01-14;1589;30;4593;43;0.2;0.0
13;2021-01-15;1539;9;6132;52;0.3;0.0
13;2021-01-16;406;3;6538;55;0.3;0.0
13;2021-01-17;44;0;6582;55;0.3;0.0
13;2021-01-18;2389;10;8971;65;0.4;0.0
13;2021-01-19;7423;54;16394;119;0.8;0.0
13;2021-01-20;5585;32;21979;151;1.1;0.0
13;2021-01-21;5366;39;27345;190;1.3;0.0
13;2021-01-22;4007;26;31352;216;1.5;0.0
13;2021-01-23;1358;8;32710;224;1.6;0.0
13;2021-01-24;491;6;33201;230;1.6;0.0
13;2021-01-25;2342;31;35543;261;1.7;0.0
13;2021-01-26;2951;92;38494;353;1.9;0.0
13;2021-01-27;3121;126;41615;479;2.0;0.0
13;2021-01-28;3252;198;44867;677;2.2;0.0
13;2021-01-29;2513;138;47380;815;2.3;0.0
13;2021-01-30;1025;12;48405;827;2.4;0.0
13;2021-01-31;252;2;48657;829;2.4;0.0
13;2021-02-01;1864;291;50521;1120;2.5;0.1
13;2021-02-02;2260;614;52781;1734;2.6;0.1
13;2021-02-03;1869;580;54650;2314;2.7;0.1
13;2021-02-04;1907;929;56557;3243;2.8;0.2
13;2021-02-05;2629;1556;59186;4799;2.9;0.2
13;2021-02-06;857;312;60043;5111;3.0;0.3
13;2021-02-07;279;6;60322;5117;3.0;0.3
13;2021-02-08;1906;1543;62228;6660;3.1;0.3
13;2021-02-09;3321;4465;65549;11125;3.2;0.5
13;2021-02-10;3249;3419;68798;14544;3.4;0.7
13;2021-02-11;3584;3597;72382;18141;3.6;0.9
13;2021-02-12;2839;3148;75221;21289;3.7;1.0
13;2021-02-13;734;597;75955;21886;3.7;1.1
13;2021-02-14;73;378;76028;22264;3.7;1.1
13;2021-02-15;971;2026;76999;24290;3.8;1.2
13;2021-02-16;1396;2629;78395;26919;3.9;1.3
13;2021-02-17;1350;3002;79745;29921;3.9;1.5
13;2021-02-18;1904;2687;81649;32608;4.0;1.6
13;2021-02-19;1517;2183;83166;34791;4.1;1.7
13;2021-02-20;458;783;83624;35574;4.1;1.7
13;2021-02-21;33;284;83657;35858;4.1;1.8
13;2021-02-22;1023;2262;84680;38120;4.2;1.9
13;2021-02-23;1290;2678;85970;40798;4.2;2.0
13;2021-02-24;1519;2623;87489;43421;4.3;2.1
13;2021-02-25;2384;2151;89873;45572;4.4;2.2
13;2021-02-26;2459;2130;92332;47702;4.5;2.3
13;2021-02-27;983;750;93315;48452;4.6;2.4
13;2021-02-28;194;208;93509;48660;4.6;2.4
13;2021-03-01;1928;1538;95437;50198;4.7;2.5
13;2021-03-02;3013;2643;98450;52841;4.8;2.6
13;2021-03-03;3491;2584;101941;55425;5.0;2.7
13;2021-03-04;4208;3155;106149;58580;5.2;2.9
13;2021-03-05;4043;2799;110192;61379;5.4;3.0
13;2021-03-06;5304;841;115496;62220;5.7;3.1
13;2021-03-07;4296;384;119792;62604;5.9;3.1
13;2021-03-08;3930;2013;123722;64617;6.1;3.2
13;2021-03-09;5082;2294;128804;66911;6.3;3.3
13;2021-03-10;5179;2004;133983;68915;6.6;3.4
13;2021-03-11;7312;2166;141295;71081;6.9;3.5
13;2021-03-12;8335;2139;149630;73220;7.4;3.6
13;2021-03-13;6379;750;156009;73970;7.7;3.6
13;2021-03-14;2313;175;158322;74145;7.8;3.6
13;2021-03-15;6358;1334;164680;75479;8.1;3.7
13;2021-03-16;5077;1562;169757;77041;8.3;3.8
13;2021-03-17;5174;1436;174931;78477;8.6;3.9
13;2021-03-18;5815;1900;180746;80377;8.9;4.0
13;2021-03-19;6814;1625;187560;82002;9.2;4.0
13;2021-03-20;4045;708;191605;82710;9.4;4.1
13;2021-03-21;727;89;192332;82799;9.5;4.1
13;2021-03-22;7298;1573;199630;84372;9.8;4.1
13;2021-03-23;9132;1778;208762;86150;10.3;4.2
13;2021-03-24;8869;2206;217631;88356;10.7;4.3
13;2021-03-25;10917;2136;228548;90492;11.2;4.4
13;2021-03-26;10716;1940;239264;92432;11.8;4.5
13;2021-03-27;4869;843;244133;93275;12.0;4.6
13;2021-03-28;1120;83;245253;93358;12.1;4.6
13;2021-03-29;7580;2023;252833;95381;12.4;4.7
13;2021-03-30;12617;2557;265450;97938;13.0;4.8
13;2021-03-31;10810;3207;276260;101145;13.6;5.0
13;2021-04-01;12277;3126;288537;104271;14.2;5.1
13;2021-04-02;9792;3916;298329;108187;14.7;5.3
13;2021-04-03;4007;2819;302336;111006;14.9;5.5
13;2021-04-04;631;307;302967;111313;14.9;5.5
13;2021-04-05;3537;734;306504;112047;15.1;5.5
13;2021-04-06;8521;4272;315025;116319;15.5;5.7
13;2021-04-07;10078;4712;325103;121031;16.0;5.9
13;2021-04-08;10117;5488;335220;126519;16.5;6.2
13;2021-04-09;11281;5147;346501;131666;17.0;6.5
13;2021-04-10;7300;2108;353801;133774;17.4;6.6
13;2021-04-11;1380;535;355181;134309;17.5;6.6
13;2021-04-12;7984;4825;363165;139134;17.9;6.8
13;2021-04-13;9146;5531;372311;144665;18.3;7.1
13;2021-04-14;9535;5835;381846;150500;18.8;7.4
13;2021-04-15;9879;5979;391725;156479;19.3;7.7
13;2021-04-16;9968;5586;401693;162065;19.7;8.0
13;2021-04-17;4079;2028;405772;164093;19.9;8.1
13;2021-04-18;2527;1426;408299;165519;20.1;8.1
13;2021-04-19;6457;6419;414756;171938;20.4;8.5
13;2021-04-20;7404;7617;422160;179555;20.8;8.8
13;2021-04-21;7771;7393;429931;186948;21.1;9.2
13;2021-04-22;8461;7940;438392;194888;21.5;9.6
13;2021-04-23;8395;6848;446787;201736;22.0;9.9
13;2021-04-24;4624;3819;451411;205555;22.2;10.1
13;2021-04-25;877;528;452288;206083;22.2;10.1
13;2021-04-26;6167;7123;458455;213206;22.5;10.5
13;2021-04-27;7264;8044;465719;221250;22.9;10.9
13;2021-04-28;9453;7733;475172;228983;23.4;11.3
13;2021-04-29;11408;7636;486580;236619;23.9;11.6
13;2021-04-30;10918;7388;497498;244007;24.5;12.0
13;2021-05-01;5365;3799;502863;247806;24.7;12.2
13;2021-05-02;2101;750;504964;248556;24.8;12.2
13;2021-05-03;7295;7874;512259;256430;25.2;12.6
13;2021-05-04;8455;8523;520714;264953;25.6;13.0
13;2021-05-05;8226;8982;528940;273935;26.0;13.5
13;2021-05-06;10143;8598;539083;282533;26.5;13.9
13;2021-05-07;8852;10047;547935;292580;26.9;14.4
13;2021-05-08;4569;3939;552504;296519;27.2;14.6
13;2021-05-09;939;688;553443;297207;27.2;14.6
13;2021-05-10;7710;8772;561153;305979;27.6;15.0
13;2021-05-11;10979;9583;572132;315562;28.1;15.5
13;2021-05-12;12841;8735;584973;324297;28.8;15.9
13;2021-05-13;9508;3642;594481;327939;29.2;16.1
13;2021-05-14;13657;6455;608138;334394;29.9;16.4
13;2021-05-15;10196;4540;618334;338934;30.4;16.7
13;2021-05-16;3129;795;621463;339729;30.5;16.7
13;2021-05-17;10843;6813;632306;346542;31.1;17.0
13;2021-05-18;11929;6486;644235;353028;31.7;17.4
13;2021-05-19;12157;6361;656392;359389;32.3;17.7
13;2021-05-20;13444;6471;669836;365860;32.9;18.0
13;2021-05-21;12991;6784;682827;372644;33.6;18.3
13;2021-05-22;7514;3638;690341;376282;33.9;18.5
13;2021-05-23;862;638;691203;376920;34.0;18.5
13;2021-05-24;6761;2469;697964;379389;34.3;18.6
13;2021-05-25;9270;7595;707234;386984;34.8;19.0
13;2021-05-26;10143;7838;717377;394822;35.3;19.4
13;2021-05-27;10338;8422;727715;403244;35.8;19.8
13;2021-05-28;9005;9175;736720;412419;36.2;20.3
13;2021-05-29;7173;4625;743893;417044;36.6;20.5
13;2021-05-30;891;527;744784;417571;36.6;20.5
13;2021-05-31;8184;8032;752968;425603;37.0;20.9
13;2021-06-01;9580;9299;762548;434902;37.5;21.4
13;2021-06-02;10083;8787;772631;443689;38.0;21.8
13;2021-06-03;12296;9500;784927;453189;38.6;22.3
13;2021-06-04;12025;10046;796952;463235;39.2;22.8
13;2021-06-05;7822;5597;804774;468832;39.6;23.0
13;2021-06-06;1671;887;806445;469719;39.6;23.1
13;2021-06-07;6686;9883;813131;479602;40.0;23.6
13;2021-06-08;8317;9995;821448;489597;40.4;24.1
13;2021-06-09;8398;9742;829846;499339;40.8;24.5
13;2021-06-10;8953;9787;838799;509126;41.2;25.0
13;2021-06-11;8230;12716;847029;521842;41.6;25.7
13;2021-06-12;5778;6704;852807;528546;41.9;26.0
13;2021-06-13;950;1216;853757;529762;42.0;26.0
13;2021-06-14;5995;11143;859752;540905;42.3;26.6
13;2021-06-15;7284;11408;867036;552313;42.6;27.1
13;2021-06-16;7340;9868;874376;562181;43.0;27.6
13;2021-06-17;7445;10717;881821;572898;43.3;28.2
13;2021-06-18;7550;11076;889371;583974;43.7;28.7
13;2021-06-19;4617;7500;893988;591474;43.9;29.1
13;2021-06-20;1874;1045;895862;592519;44.0;29.1
13;2021-06-21;4463;12262;900325;604781;44.3;29.7
13;2021-06-22;4941;13878;905266;618659;44.5;30.4
13;2021-06-23;5148;13578;910414;632237;44.7;31.1
13;2021-06-24;5341;12855;915755;645092;45.0;31.7
13;2021-06-25;5244;14682;920999;659774;45.3;32.4
13;2021-06-26;3016;9681;924015;669455;45.4;32.9
13;2021-06-27;537;931;924552;670386;45.4;33.0
13;2021-06-28;3731;12564;928283;682950;45.6;33.6
13;2021-06-29;4500;12905;932783;695855;45.8;34.2
13;2021-06-30;4904;12698;937687;708553;46.1;34.8
13;2021-07-01;5580;11500;943267;720053;46.4;35.4
13;2021-07-02;5572;12397;948839;732450;46.6;36.0
13;2021-07-03;3504;9161;952343;741611;46.8;36.5
13;2021-07-04;476;867;952819;742478;46.8;36.5
13;2021-07-05;3872;11778;956691;754256;47.0;37.1
13;2021-07-06;5461;11681;962152;765937;47.3;37.6
13;2021-07-07;5822;10707;967974;776644;47.6;38.2
13;2021-07-08;6231;10329;974205;786973;47.9;38.7
13;2021-07-09;5933;11935;980138;798908;48.2;39.3
13;2021-07-10;3163;8637;983301;807545;48.3;39.7
13;2021-07-11;435;1012;983736;808557;48.4;39.7
13;2021-07-12;4493;10951;988229;819508;48.6;40.3
13;2021-07-13;8981;13189;997210;832697;49.0;40.9
13;2021-07-14;5609;4872;1002819;837569;49.3;41.2
13;2021-07-15;11438;12950;1014257;850519;49.9;41.8
13;2021-07-16;12195;12938;1026452;863457;50.5;42.4
13;2021-07-17;6584;8494;1033036;871951;50.8;42.9
13;2021-07-18;727;1062;1033763;873013;50.8;42.9
13;2021-07-19;9809;11153;1043572;884166;51.3;43.5
13;2021-07-20;12273;11664;1055845;895830;51.9;44.0
13;2021-07-21;12690;10363;1068535;906193;52.5;44.5
13;2021-07-22;14557;10469;1083092;916662;53.2;45.1
13;2021-07-23;14485;10982;1097577;927644;53.9;45.6
13;2021-07-24;8343;7980;1105920;935624;54.4;46.0
13;2021-07-25;1017;785;1106937;936409;54.4;46.0
13;2021-07-26;11649;9124;1118586;945533;55.0;46.5
13;2021-07-27;13609;9426;1132195;954959;55.7;46.9
13;2021-07-28;12341;8189;1144536;963148;56.3;47.3
13;2021-07-29;13765;8096;1158301;971244;56.9;47.7
13;2021-07-30;13715;8645;1172016;979889;57.6;48.2
13;2021-07-31;8678;5846;1180694;985735;58.0;48.5
13;2021-08-01;1107;730;1181801;986465;58.1;48.5
13;2021-08-02;10054;6734;1191855;993199;58.6;48.8
13;2021-08-03;11072;7301;1202927;1000500;59.1;49.2
13;2021-08-04;9429;6575;1212356;1007075;59.6;49.5
13;2021-08-05;9530;7584;1221886;1014659;60.1;49.9
13;2021-08-06;9198;9007;1231084;1023666;60.5;50.3
13;2021-08-07;5441;5586;1236525;1029252;60.8;50.6
13;2021-08-08;905;805;1237430;1030057;60.8;50.6
13;2021-08-09;8398;9079;1245828;1039136;61.2;51.1
13;2021-08-10;9150;8913;1254978;1048049;61.7;51.5
13;2021-08-11;7911;8546;1262889;1056595;62.1;51.9
13;2021-08-12;7791;9674;1270680;1066269;62.5;52.4
13;2021-08-13;6960;9192;1277640;1075461;62.8;52.9
13;2021-08-14;3690;6456;1281330;1081917;63.0;53.2
13;2021-08-15;485;731;1281815;1082648;63.0;53.2
13;2021-08-16;6580;11081;1288395;1093729;63.3;53.8
13;2021-08-17;6674;10617;1295069;1104346;63.7;54.3
13;2021-08-18;6343;10182;1301412;1114528;64.0;54.8
13;2021-08-19;6669;10617;1308081;1125145;64.3;55.3
13;2021-08-20;5832;11239;1313913;1136384;64.6;55.9
13;2021-08-21;2617;7569;1316530;1143953;64.7;56.2
13;2021-08-22;369;1090;1316899;1145043;64.7;56.3
13;2021-08-23;4977;11223;1321876;1156266;65.0;56.8
13;2021-08-24;5447;10920;1327323;1167186;65.2;57.4
13;2021-08-25;5213;10100;1332536;1177286;65.5;57.9
13;2021-08-26;5133;9785;1337669;1187071;65.8;58.3
13;2021-08-27;5092;10636;1342761;1197707;66.0;58.9
13;2021-08-28;2361;6461;1345122;1204168;66.1;59.2
13;2021-08-29;338;1139;1345460;1205307;66.1;59.2
13;2021-08-30;4244;9719;1349704;1215026;66.3;59.7
13;2021-08-31;4871;9914;1354575;1224940;66.6;60.2
13;2021-09-01;4753;8265;1359328;1233205;66.8;60.6
13;2021-09-02;4774;8004;1364102;1241209;67.0;61.0
13;2021-09-03;4277;8651;1368379;1249860;67.3;61.4
13;2021-09-04;2173;5408;1370552;1255268;67.4;61.7
13;2021-09-05;185;348;1370737;1255616;67.4;61.7
13;2021-09-06;3142;6034;1373879;1261650;67.5;62.0
13;2021-09-07;3222;6246;1377101;1267896;67.7;62.3
13;2021-09-08;3516;6352;1380617;1274248;67.9;62.6
13;2021-09-09;3166;5730;1383783;1279978;68.0;62.9
13;2021-09-10;3671;6748;1387454;1286726;68.2;63.2
13;2021-09-11;2292;5143;1389746;1291869;68.3;63.5
13;2021-09-12;232;294;1389978;1292163;68.3;63.5
13;2021-09-13;2506;4266;1392484;1296429;68.4;63.7
13;2021-09-14;3212;4614;1395696;1301043;68.6;64.0
13;2021-09-15;2886;5520;1398582;1306563;68.7;64.2
13;2021-09-16;2223;3904;1400805;1310467;68.9;64.4
13;2021-09-17;2335;4874;1403140;1315341;69.0;64.7
13;2021-09-18;1532;4251;1404672;1319592;69.0;64.9
13;2021-09-19;125;176;1404797;1319768;69.0;64.9
13;2021-09-20;1542;3306;1406339;1323074;69.1;65.0
13;2021-09-21;1477;2927;1407816;1326001;69.2;65.2
13;2021-09-22;1695;4543;1409511;1330544;69.3;65.4
13;2021-09-23;1648;3537;1411159;1334081;69.4;65.6
13;2021-09-24;1619;4273;1412778;1338354;69.4;65.8
13;2021-09-25;1229;3967;1414007;1342321;69.5;66.0
13;2021-09-26;87;258;1414094;1342579;69.5;66.0
13;2021-09-27;1252;3155;1415346;1345734;69.6;66.1
13;2021-09-28;1327;2637;1416673;1348371;69.6;66.3
13;2021-09-29;1607;3554;1418280;1351925;69.7;66.5
13;2021-09-30;1359;3202;1419639;1355127;69.8;66.6
13;2021-10-01;1566;3564;1421205;1358691;69.9;66.8
13;2021-10-02;1175;2816;1422380;1361507;69.9;66.9
13;2021-10-03;101;418;1422481;1361925;69.9;66.9
13;2021-10-04;622;1593;1423103;1363518;69.9;67.0
13;2021-10-05;1135;2459;1424238;1365977;70.0;67.1
13;2021-10-06;1262;3145;1425500;1369122;70.1;67.3
13;2021-10-07;1026;2498;1426526;1371620;70.1;67.4
13;2021-10-08;1362;3257;1427888;1374877;70.2;67.6
13;2021-10-09;916;2324;1428804;1377201;70.2;67.7
13;2021-10-10;81;120;1428885;1377321;70.2;67.7
13;2021-10-11;918;1709;1429803;1379030;70.3;67.8
13;2021-10-12;1134;1779;1430937;1380809;70.3;67.9
13;2021-10-13;1188;2137;1432125;1382946;70.4;68.0
14;2020-12-27;0;0;0;0;0.0;0.0
14;2020-12-28;1;1;1;1;0.0;0.0
14;2020-12-29;1;0;2;1;0.0;0.0
14;2020-12-30;0;0;2;1;0.0;0.0
14;2020-12-31;3;0;5;1;0.0;0.0
14;2021-01-01;2;0;7;1;0.0;0.0
14;2021-01-02;1;0;8;1;0.0;0.0
14;2021-01-03;0;0;8;1;0.0;0.0
14;2021-01-04;10;0;18;1;0.0;0.0
14;2021-01-05;24;0;42;1;0.0;0.0
14;2021-01-06;352;0;394;1;0.1;0.0
14;2021-01-07;402;2;796;3;0.1;0.0
14;2021-01-08;631;5;1427;8;0.2;0.0
14;2021-01-09;127;0;1554;8;0.2;0.0
14;2021-01-10;41;0;1595;8;0.2;0.0
14;2021-01-11;674;5;2269;13;0.3;0.0
14;2021-01-12;954;7;3223;20;0.5;0.0
14;2021-01-13;850;1;4073;21;0.6;0.0
14;2021-01-14;2841;28;6914;49;1.0;0.0
14;2021-01-15;1899;22;8813;71;1.3;0.0
14;2021-01-16;271;3;9084;74;1.3;0.0
14;2021-01-17;145;7;9229;81;1.3;0.0
14;2021-01-18;1086;6;10315;87;1.5;0.0
14;2021-01-19;1155;3;11470;90;1.7;0.0
14;2021-01-20;1987;5;13457;95;1.9;0.0
14;2021-01-21;1817;7;15274;102;2.2;0.0
14;2021-01-22;1494;6;16768;108;2.4;0.0
14;2021-01-23;297;1;17065;109;2.5;0.0
14;2021-01-24;73;1;17138;110;2.5;0.0
14;2021-01-25;911;10;18049;120;2.6;0.0
14;2021-01-26;848;37;18897;157;2.7;0.0
14;2021-01-27;884;160;19781;317;2.9;0.0
14;2021-01-28;782;145;20563;462;3.0;0.1
14;2021-01-29;786;230;21349;692;3.1;0.1
14;2021-01-30;270;12;21619;704;3.1;0.1
14;2021-01-31;58;3;21677;707;3.1;0.1
14;2021-02-01;729;226;22406;933;3.2;0.1
14;2021-02-02;830;420;23236;1353;3.4;0.2
14;2021-02-03;761;387;23997;1740;3.5;0.3
14;2021-02-04;1170;2056;25167;3796;3.6;0.5
14;2021-02-05;1296;1315;26463;5111;3.8;0.7
14;2021-02-06;398;237;26861;5348;3.9;0.8
14;2021-02-07;180;72;27041;5420;3.9;0.8
14;2021-02-08;773;822;27814;6242;4.0;0.9
14;2021-02-09;723;1009;28537;7251;4.1;1.0
14;2021-02-10;825;1607;29362;8858;4.2;1.3
14;2021-02-11;1351;1430;30713;10288;4.4;1.5
14;2021-02-12;1383;1080;32096;11368;4.6;1.6
14;2021-02-13;308;186;32404;11554;4.7;1.7
14;2021-02-14;84;64;32488;11618;4.7;1.7
14;2021-02-15;443;1077;32931;12695;4.8;1.8
14;2021-02-16;679;976;33610;13671;4.9;2.0
14;2021-02-17;405;978;34015;14649;4.9;2.1
14;2021-02-18;707;884;34722;15533;5.0;2.2
14;2021-02-19;734;777;35456;16310;5.1;2.4
14;2021-02-20;91;268;35547;16578;5.1;2.4
14;2021-02-21;6;90;35553;16668;5.1;2.4
14;2021-02-22;432;1040;35985;17708;5.2;2.6
14;2021-02-23;487;920;36472;18628;5.3;2.7
14;2021-02-24;441;890;36913;19518;5.3;2.8
14;2021-02-25;1224;1177;38137;20695;5.5;3.0
14;2021-02-26;1576;1161;39713;21856;5.7;3.2
14;2021-02-27;507;269;40220;22125;5.8;3.2
14;2021-02-28;27;41;40247;22166;5.8;3.2
14;2021-03-01;522;929;40769;23095;5.9;3.3
14;2021-03-02;966;807;41735;23902;6.0;3.5
14;2021-03-03;1080;841;42815;24743;6.2;3.6
14;2021-03-04;1950;794;44765;25537;6.5;3.7
14;2021-03-05;2433;881;47198;26418;6.8;3.8
14;2021-03-06;3078;210;50276;26628;7.3;3.9
14;2021-03-07;1196;64;51472;26692;7.4;3.9
14;2021-03-08;1254;816;52726;27508;7.6;4.0
14;2021-03-09;1741;700;54467;28208;7.9;4.1
14;2021-03-10;1835;594;56302;28802;8.1;4.2
14;2021-03-11;2760;480;59062;29282;8.5;4.2
14;2021-03-12;4047;583;63109;29865;9.1;4.3
14;2021-03-13;1852;179;64961;30044;9.4;4.3
14;2021-03-14;31;39;64992;30083;9.4;4.4
14;2021-03-15;2006;143;66998;30226;9.7;4.4
14;2021-03-16;1401;279;68399;30505;9.9;4.4
14;2021-03-17;1155;197;69554;30702;10.1;4.4
14;2021-03-18;1481;305;71035;31007;10.3;4.5
14;2021-03-19;2608;272;73643;31279;10.7;4.5
14;2021-03-20;2660;43;76303;31322;11.0;4.5
14;2021-03-21;454;9;76757;31331;11.1;4.5
14;2021-03-22;1872;363;78629;31694;11.4;4.6
14;2021-03-23;2179;327;80808;32021;11.7;4.6
14;2021-03-24;2432;195;83240;32216;12.0;4.7
14;2021-03-25;3292;327;86532;32543;12.5;4.7
14;2021-03-26;4609;485;91141;33028;13.2;4.8
14;2021-03-27;2230;234;93371;33262;13.5;4.8
14;2021-03-28;36;1;93407;33263;13.5;4.8
14;2021-03-29;1614;487;95021;33750;13.7;4.9
14;2021-03-30;2722;519;97743;34269;14.1;5.0
14;2021-03-31;2326;931;100069;35200;14.5;5.1
14;2021-04-01;4177;1688;104246;36888;15.1;5.3
14;2021-04-02;3867;1275;108113;38163;15.6;5.5
14;2021-04-03;1126;1206;109239;39369;15.8;5.7
14;2021-04-04;25;483;109264;39852;15.8;5.8
14;2021-04-05;1218;325;110482;40177;16.0;5.8
14;2021-04-06;2383;1001;112865;41178;16.3;6.0
14;2021-04-07;2730;1037;115595;42215;16.7;6.1
14;2021-04-08;4303;1125;119898;43340;17.3;6.3
14;2021-04-09;6031;1193;125929;44533;18.2;6.4
14;2021-04-10;2896;444;128825;44977;18.6;6.5
14;2021-04-11;629;125;129454;45102;18.7;6.5
14;2021-04-12;2915;1589;132369;46691;19.1;6.8
14;2021-04-13;3471;1450;135840;48141;19.6;7.0
14;2021-04-14;3123;1175;138963;49316;20.1;7.1
14;2021-04-15;4398;1520;143361;50836;20.7;7.4
14;2021-04-16;4598;1570;147959;52406;21.4;7.6
14;2021-04-17;2312;1667;150271;54073;21.7;7.8
14;2021-04-18;539;328;150810;54401;21.8;7.9
14;2021-04-19;2760;1706;153570;56107;22.2;8.1
14;2021-04-20;3390;1836;156960;57943;22.7;8.4
14;2021-04-21;3015;1477;159975;59420;23.1;8.6
14;2021-04-22;4230;2095;164205;61515;23.7;8.9
14;2021-04-23;4651;2316;168856;63831;24.4;9.2
14;2021-04-24;1851;1757;170707;65588;24.7;9.5
14;2021-04-25;456;28;171163;65616;24.8;9.5
14;2021-04-26;3379;1572;174542;67188;25.2;9.7
14;2021-04-27;3502;2579;178044;69767;25.7;10.1
14;2021-04-28;3245;1899;181289;71666;26.2;10.4
14;2021-04-29;4544;2316;185833;73982;26.9;10.7
14;2021-04-30;5124;2653;190957;76635;27.6;11.1
14;2021-05-01;3554;204;194511;76839;28.1;11.1
14;2021-05-02;1238;56;195749;76895;28.3;11.1
14;2021-05-03;2482;2770;198231;79665;28.7;11.5
14;2021-05-04;3128;2913;201359;82578;29.1;11.9
14;2021-05-05;3687;2760;205046;85338;29.7;12.3
14;2021-05-06;4929;3490;209975;88828;30.4;12.8
14;2021-05-07;4870;3854;214845;92682;31.1;13.4
14;2021-05-08;2728;1265;217573;93947;31.5;13.6
14;2021-05-09;1914;671;219487;94618;31.7;13.7
14;2021-05-10;3637;3152;223124;97770;32.3;14.1
14;2021-05-11;4346;3610;227470;101380;32.9;14.7
14;2021-05-12;4053;3223;231523;104603;33.5;15.1
14;2021-05-13;4688;1132;236211;105735;34.2;15.3
14;2021-05-14;6674;2629;242885;108364;35.1;15.7
14;2021-05-15;5148;778;248033;109142;35.9;15.8
14;2021-05-16;2320;120;250353;109262;36.2;15.8
14;2021-05-17;2820;2261;253173;111523;36.6;16.1
14;2021-05-18;4089;2244;257262;113767;37.2;16.5
14;2021-05-19;3752;2022;261014;115789;37.7;16.7
14;2021-05-20;4482;2768;265496;118557;38.4;17.1
14;2021-05-21;4276;3528;269772;122085;39.0;17.7
14;2021-05-22;1669;865;271441;122950;39.3;17.8
14;2021-05-23;649;71;272090;123021;39.4;17.8
14;2021-05-24;2845;751;274935;123772;39.8;17.9
14;2021-05-25;3635;3387;278570;127159;40.3;18.4
14;2021-05-26;3438;2407;282008;129566;40.8;18.7
14;2021-05-27;4771;3241;286779;132807;41.5;19.2
14;2021-05-28;5090;3893;291869;136700;42.2;19.8
14;2021-05-29;2342;2458;294211;139158;42.5;20.1
14;2021-05-30;759;237;294970;139395;42.7;20.2
14;2021-05-31;4089;2967;299059;142362;43.3;20.6
14;2021-06-01;5738;3218;304797;145580;44.1;21.1
14;2021-06-02;5024;2862;309821;148442;44.8;21.5
14;2021-06-03;6658;4019;316479;152461;45.8;22.0
14;2021-06-04;6444;5142;322923;157603;46.7;22.8
14;2021-06-05;4359;1866;327282;159469;47.3;23.1
14;2021-06-06;2043;83;329325;159552;47.6;23.1
14;2021-06-07;4253;3452;333578;163004;48.2;23.6
14;2021-06-08;5234;3132;338812;166136;49.0;24.0
14;2021-06-09;4270;2967;343082;169103;49.6;24.5
14;2021-06-10;5080;2973;348162;172076;50.4;24.9
14;2021-06-11;4840;4887;353002;176963;51.1;25.6
14;2021-06-12;3677;4520;356679;181483;51.6;26.2
14;2021-06-13;848;1089;357527;182572;51.7;26.4
14;2021-06-14;2185;3792;359712;186364;52.0;27.0
14;2021-06-15;3315;3970;363027;190334;52.5;27.5
14;2021-06-16;3445;4556;366472;194890;53.0;28.2
14;2021-06-17;4230;5269;370702;200159;53.6;28.9
14;2021-06-18;3732;6121;374434;206280;54.2;29.8
14;2021-06-19;2591;2951;377025;209231;54.5;30.3
14;2021-06-20;581;1556;377606;210787;54.6;30.5
14;2021-06-21;2121;4359;379727;215146;54.9;31.1
14;2021-06-22;2582;5180;382309;220326;55.3;31.9
14;2021-06-23;2503;4348;384812;224674;55.7;32.5
14;2021-06-24;3450;5811;388262;230485;56.2;33.3
14;2021-06-25;2752;7277;391014;237762;56.5;34.4
14;2021-06-26;2177;4539;393191;242301;56.9;35.0
14;2021-06-27;440;1829;393631;244130;56.9;35.3
14;2021-06-28;1311;3970;394942;248100;57.1;35.9
14;2021-06-29;1789;5365;396731;253465;57.4;36.7
14;2021-06-30;2024;4618;398755;258083;57.7;37.3
14;2021-07-01;2931;5072;401686;263155;58.1;38.1
14;2021-07-02;2600;6669;404286;269824;58.5;39.0
14;2021-07-03;1430;2647;405716;272471;58.7;39.4
14;2021-07-04;422;713;406138;273184;58.7;39.5
14;2021-07-05;1191;4777;407329;277961;58.9;40.2
14;2021-07-06;2090;6002;409419;283963;59.2;41.1
14;2021-07-07;2257;4578;411676;288541;59.5;41.7
14;2021-07-08;2912;5527;414588;294068;60.0;42.5
14;2021-07-09;2771;6433;417359;300501;60.4;43.5
14;2021-07-10;2037;3203;419396;303704;60.7;43.9
14;2021-07-11;900;871;420296;304575;60.8;44.0
14;2021-07-12;1634;5904;421930;310479;61.0;44.9
14;2021-07-13;3081;7340;425011;317819;61.5;46.0
14;2021-07-14;2260;3065;427271;320884;61.8;46.4
14;2021-07-15;4172;7655;431443;328539;62.4;47.5
14;2021-07-16;4708;7696;436151;336235;63.1;48.6
14;2021-07-17;2114;4214;438265;340449;63.4;49.2
14;2021-07-18;821;1870;439086;342319;63.5;49.5
14;2021-07-19;2599;6128;441685;348447;63.9;50.4
14;2021-07-20;3247;7258;444932;355705;64.3;51.4
14;2021-07-21;4105;5847;449037;361552;64.9;52.3
14;2021-07-22;4852;6604;453889;368156;65.6;53.2
14;2021-07-23;5384;6770;459273;374926;66.4;54.2
14;2021-07-24;3084;3795;462357;378721;66.9;54.8
14;2021-07-25;1504;1249;463861;379970;67.1;55.0
14;2021-07-26;4682;4186;468543;384156;67.8;55.6
14;2021-07-27;5404;4364;473947;388520;68.5;56.2
14;2021-07-28;5117;3974;479064;392494;69.3;56.8
14;2021-07-29;6446;4888;485510;397382;70.2;57.5
14;2021-07-30;5843;5171;491353;402553;71.1;58.2
14;2021-07-31;2774;2513;494127;405066;71.5;58.6
14;2021-08-01;1895;934;496022;406000;71.7;58.7
14;2021-08-02;3948;4293;499970;410293;72.3;59.3
14;2021-08-03;4482;4173;504452;414466;73.0;59.9
14;2021-08-04;4650;3538;509102;418004;73.6;60.5
14;2021-08-05;4658;4039;513760;422043;74.3;61.0
14;2021-08-06;4431;4808;518191;426851;74.9;61.7
14;2021-08-07;2133;2295;520324;429146;75.3;62.1
14;2021-08-08;638;854;520962;430000;75.3;62.2
14;2021-08-09;2129;2877;523091;432877;75.7;62.6
14;2021-08-10;3663;4171;526754;437048;76.2;63.2
14;2021-08-11;3076;3456;529830;440504;76.6;63.7
14;2021-08-12;3481;4351;533311;444855;77.1;64.3
14;2021-08-13;2638;4139;535949;448994;77.5;64.9
14;2021-08-14;1423;2009;537372;451003;77.7;65.2
14;2021-08-15;389;1484;537761;452487;77.8;65.4
14;2021-08-16;1833;2785;539594;455272;78.0;65.8
14;2021-08-17;2263;4570;541857;459842;78.4;66.5
14;2021-08-18;2064;4528;543921;464370;78.7;67.2
14;2021-08-19;2336;5086;546257;469456;79.0;67.9
14;2021-08-20;2189;5403;548446;474859;79.3;68.7
14;2021-08-21;1016;2837;549462;477696;79.5;69.1
14;2021-08-22;170;1564;549632;479260;79.5;69.3
14;2021-08-23;1269;4170;550901;483430;79.7;69.9
14;2021-08-24;1348;4302;552249;487732;79.9;70.5
14;2021-08-25;1400;4398;553649;492130;80.1;71.2
14;2021-08-26;1433;5081;555082;497211;80.3;71.9
14;2021-08-27;1467;5289;556549;502500;80.5;72.7
14;2021-08-28;735;3005;557284;505505;80.6;73.1
14;2021-08-29;186;1015;557470;506520;80.6;73.3
14;2021-08-30;1016;3549;558486;510069;80.8;73.8
14;2021-08-31;1330;4642;559816;514711;81.0;74.4
14;2021-09-01;1069;3627;560885;518338;81.1;75.0
14;2021-09-02;864;3039;561749;521377;81.2;75.4
14;2021-09-03;1183;3862;562932;525239;81.4;76.0
14;2021-09-04;665;2225;563597;527464;81.5;76.3
14;2021-09-05;126;372;563723;527836;81.5;76.3
14;2021-09-06;468;1852;564191;529688;81.6;76.6
14;2021-09-07;499;1860;564690;531548;81.7;76.9
14;2021-09-08;681;2705;565371;534253;81.8;77.3
14;2021-09-09;595;1777;565966;536030;81.9;77.5
14;2021-09-10;771;2362;566737;538392;82.0;77.9
14;2021-09-11;522;1486;567259;539878;82.0;78.1
14;2021-09-12;67;240;567326;540118;82.0;78.1
14;2021-09-13;311;1154;567637;541272;82.1;78.3
14;2021-09-14;658;1262;568295;542534;82.2;78.5
14;2021-09-15;716;1997;569011;544531;82.3;78.8
14;2021-09-16;591;1339;569602;545870;82.4;78.9
14;2021-09-17;631;1454;570233;547324;82.5;79.2
14;2021-09-18;218;971;570451;548295;82.5;79.3
14;2021-09-19;40;137;570491;548432;82.5;79.3
14;2021-09-20;332;811;570823;549243;82.6;79.4
14;2021-09-21;544;846;571367;550089;82.6;79.6
14;2021-09-22;485;1754;571852;551843;82.7;79.8
14;2021-09-23;445;784;572297;552627;82.8;79.9
14;2021-09-24;405;1310;572702;553937;82.8;80.1
14;2021-09-25;191;690;572893;554627;82.9;80.2
14;2021-09-26;41;140;572934;554767;82.9;80.2
14;2021-09-27;276;710;573210;555477;82.9;80.3
14;2021-09-28;359;674;573569;556151;83.0;80.4
14;2021-09-29;307;920;573876;557071;83.0;80.6
14;2021-09-30;340;687;574216;557758;83.0;80.7
14;2021-10-01;449;831;574665;558589;83.1;80.8
14;2021-10-02;246;514;574911;559103;83.1;80.9
14;2021-10-03;37;61;574948;559164;83.2;80.9
14;2021-10-04;281;502;575229;559666;83.2;80.9
14;2021-10-05;272;447;575501;560113;83.2;81.0
14;2021-10-06;387;794;575888;560907;83.3;81.1
14;2021-10-07;224;408;576112;561315;83.3;81.2
14;2021-10-08;425;835;576537;562150;83.4;81.3
14;2021-10-09;186;339;576723;562489;83.4;81.3
14;2021-10-10;3;2;576726;562491;83.4;81.3
14;2021-10-11;180;462;576906;562953;83.4;81.4
14;2021-10-12;302;592;577208;563545;83.5;81.5
14;2021-10-13;350;516;577558;564061;83.5;81.6
15;2020-12-27;2;0;2;0;0.0;0.0
15;2020-12-28;0;0;2;0;0.0;0.0
15;2020-12-29;0;0;2;0;0.0;0.0
15;2020-12-30;0;0;2;0;0.0;0.0
15;2020-12-31;0;0;2;0;0.0;0.0
15;2021-01-01;1;0;3;0;0.0;0.0
15;2021-01-02;0;0;3;0;0.0;0.0
15;2021-01-03;0;0;3;0;0.0;0.0
15;2021-01-04;0;0;3;0;0.0;0.0
15;2021-01-05;0;0;3;0;0.0;0.0
15;2021-01-06;0;0;3;0;0.0;0.0
15;2021-01-07;72;0;75;0;0.1;0.0
15;2021-01-08;109;2;184;2;0.1;0.0
15;2021-01-09;0;0;184;2;0.1;0.0
15;2021-01-10;2;0;186;2;0.1;0.0
15;2021-01-11;99;1;285;3;0.2;0.0
15;2021-01-12;94;0;379;3;0.3;0.0
15;2021-01-13;230;0;609;3;0.4;0.0
15;2021-01-14;313;5;922;8;0.6;0.0
15;2021-01-15;138;0;1060;8;0.7;0.0
15;2021-01-16;90;0;1150;8;0.8;0.0
15;2021-01-17;0;0;1150;8;0.8;0.0
15;2021-01-18;404;2;1554;10;1.1;0.0
15;2021-01-19;550;0;2104;10;1.5;0.0
15;2021-01-20;629;2;2733;12;1.9;0.0
15;2021-01-21;576;4;3309;16;2.3;0.0
15;2021-01-22;503;3;3812;19;2.7;0.0
15;2021-01-23;432;1;4244;20;3.0;0.0
15;2021-01-24;6;0;4250;20;3.0;0.0
15;2021-01-25;401;0;4651;20;3.3;0.0
15;2021-01-26;436;0;5087;20;3.6;0.0
15;2021-01-27;735;8;5822;28;4.1;0.0
15;2021-01-28;623;52;6445;80;4.5;0.1
15;2021-01-29;336;82;6781;162;4.7;0.1
15;2021-01-30;218;3;6999;165;4.9;0.1
15;2021-01-31;1;1;7000;166;4.9;0.1
15;2021-02-01;239;94;7239;260;5.1;0.2
15;2021-02-02;189;89;7428;349;5.2;0.2
15;2021-02-03;267;159;7695;508;5.4;0.4
15;2021-02-04;663;204;8358;712;5.9;0.5
15;2021-02-05;296;256;8654;968;6.1;0.7
15;2021-02-06;98;77;8752;1045;6.1;0.7
15;2021-02-07;0;0;8752;1045;6.1;0.7
15;2021-02-08;233;108;8985;1153;6.3;0.8
15;2021-02-09;206;119;9191;1272;6.4;0.9
15;2021-02-10;338;301;9529;1573;6.7;1.1
15;2021-02-11;118;239;9647;1812;6.8;1.3
15;2021-02-12;136;159;9783;1971;6.9;1.4
15;2021-02-13;92;77;9875;2048;6.9;1.4
15;2021-02-14;0;0;9875;2048;6.9;1.4
15;2021-02-15;64;215;9939;2263;7.0;1.6
15;2021-02-16;52;294;9991;2557;7.0;1.8
15;2021-02-17;134;473;10125;3030;7.1;2.1
15;2021-02-18;87;754;10212;3784;7.2;2.6
15;2021-02-19;90;429;10302;4213;7.2;3.0
15;2021-02-20;20;258;10322;4471;7.2;3.1
15;2021-02-21;0;0;10322;4471;7.2;3.1
15;2021-02-22;23;496;10345;4967;7.2;3.5
15;2021-02-23;180;457;10525;5424;7.4;3.8
15;2021-02-24;31;456;10556;5880;7.4;4.1
15;2021-02-25;228;1001;10784;6881;7.6;4.8
15;2021-02-26;186;475;10970;7356;7.7;5.2
15;2021-02-27;145;89;11115;7445;7.8;5.2
15;2021-02-28;1;0;11116;7445;7.8;5.2
15;2021-03-01;121;223;11237;7668;7.9;5.4
15;2021-03-02;251;307;11488;7975;8.0;5.6
15;2021-03-03;207;29;11695;8004;8.2;5.6
15;2021-03-04;246;248;11941;8252;8.4;5.8
15;2021-03-05;348;175;12289;8427;8.6;5.9
15;2021-03-06;680;11;12969;8438;9.1;5.9
15;2021-03-07;81;2;13050;8440;9.1;5.9
15;2021-03-08;93;107;13143;8547;9.2;6.0
15;2021-03-09;281;294;13424;8841;9.4;6.2
15;2021-03-10;417;180;13841;9021;9.7;6.3
15;2021-03-11;434;296;14275;9317;10.0;6.5
15;2021-03-12;525;96;14800;9413;10.4;6.6
15;2021-03-13;355;7;15155;9420;10.6;6.6
15;2021-03-14;18;0;15173;9420;10.6;6.6
15;2021-03-15;542;65;15715;9485;11.0;6.6
15;2021-03-16;328;22;16043;9507;11.2;6.7
15;2021-03-17;130;53;16173;9560;11.3;6.7
15;2021-03-18;250;96;16423;9656;11.5;6.8
15;2021-03-19;669;33;17092;9689;12.0;6.8
15;2021-03-20;148;38;17240;9727;12.1;6.8
15;2021-03-21;6;0;17246;9727;12.1;6.8
15;2021-03-22;574;82;17820;9809;12.5;6.9
15;2021-03-23;776;102;18596;9911;13.0;6.9
15;2021-03-24;936;36;19532;9947;13.7;7.0
15;2021-03-25;1282;33;20814;9980;14.6;7.0
15;2021-03-26;1010;63;21824;10043;15.3;7.0
15;2021-03-27;301;7;22125;10050;15.5;7.0
15;2021-03-28;20;0;22145;10050;15.5;7.0
15;2021-03-29;782;19;22927;10069;16.1;7.1
15;2021-03-30;1135;205;24062;10274;16.8;7.2
15;2021-03-31;941;28;25003;10302;17.5;7.2
15;2021-04-01;1233;65;26236;10367;18.4;7.3
15;2021-04-02;1141;62;27377;10429;19.2;7.3
15;2021-04-03;120;18;27497;10447;19.3;7.3
15;2021-04-04;0;0;27497;10447;19.3;7.3
15;2021-04-05;33;3;27530;10450;19.3;7.3
15;2021-04-06;834;87;28364;10537;19.9;7.4
15;2021-04-07;663;108;29027;10645;20.3;7.5
15;2021-04-08;1246;151;30273;10796;21.2;7.6
15;2021-04-09;1277;106;31550;10902;22.1;7.6
15;2021-04-10;364;21;31914;10923;22.3;7.6
15;2021-04-11;14;0;31928;10923;22.4;7.6
15;2021-04-12;644;461;32572;11384;22.8;8.0
15;2021-04-13;1124;324;33696;11708;23.6;8.2
15;2021-04-14;1038;199;34734;11907;24.3;8.3
15;2021-04-15;1183;314;35917;12221;25.2;8.6
15;2021-04-16;1038;555;36955;12776;25.9;8.9
15;2021-04-17;445;15;37400;12791;26.2;9.0
15;2021-04-18;0;10;37400;12801;26.2;9.0
15;2021-04-19;537;514;37937;13315;26.6;9.3
15;2021-04-20;847;616;38784;13931;27.2;9.8
15;2021-04-21;592;651;39376;14582;27.6;10.2
15;2021-04-22;728;777;40104;15359;28.1;10.8
15;2021-04-23;730;681;40834;16040;28.6;11.2
15;2021-04-24;363;123;41197;16163;28.8;11.3
15;2021-04-25;1;3;41198;16166;28.8;11.3
15;2021-04-26;325;632;41523;16798;29.1;11.8
15;2021-04-27;467;941;41990;17739;29.4;12.4
15;2021-04-28;383;789;42373;18528;29.7;13.0
15;2021-04-29;587;1014;42960;19542;30.1;13.7
15;2021-04-30;547;1077;43507;20619;30.5;14.4
15;2021-05-01;283;29;43790;20648;30.7;14.5
15;2021-05-02;0;0;43790;20648;30.7;14.5
15;2021-05-03;881;331;44671;20979;31.3;14.7
15;2021-05-04;801;857;45472;21836;31.8;15.3
15;2021-05-05;676;680;46148;22516;32.3;15.8
15;2021-05-06;826;967;46974;23483;32.9;16.4
15;2021-05-07;1154;906;48128;24389;33.7;17.1
15;2021-05-08;491;55;48619;24444;34.0;17.1
15;2021-05-09;24;9;48643;24453;34.1;17.1
15;2021-05-10;704;913;49347;25366;34.6;17.8
15;2021-05-11;1186;1186;50533;26552;35.4;18.6
15;2021-05-12;1147;837;51680;27389;36.2;19.2
15;2021-05-13;1165;440;52845;27829;37.0;19.5
15;2021-05-14;1503;583;54348;28412;38.1;19.9
15;2021-05-15;1410;418;55758;28830;39.0;20.2
15;2021-05-16;1;10;55759;28840;39.0;20.2
15;2021-05-17;999;605;56758;29445;39.7;20.6
15;2021-05-18;1221;970;57979;30415;40.6;21.3
15;2021-05-19;1020;459;58999;30874;41.3;21.6
15;2021-05-20;1239;782;60238;31656;42.2;22.2
15;2021-05-21;1348;749;61586;32405;43.1;22.7
15;2021-05-22;527;188;62113;32593;43.5;22.8
15;2021-05-23;2;11;62115;32604;43.5;22.8
15;2021-05-24;693;257;62808;32861;44.0;23.0
15;2021-05-25;1151;620;63959;33481;44.8;23.4
15;2021-05-26;1093;459;65052;33940;45.6;23.8
15;2021-05-27;1271;660;66323;34600;46.4;24.2
15;2021-05-28;1509;887;67832;35487;47.5;24.8
15;2021-05-29;984;361;68816;35848;48.2;25.1
15;2021-05-30;14;25;68830;35873;48.2;25.1
15;2021-05-31;1199;480;70029;36353;49.0;25.5
15;2021-06-01;1398;570;71427;36923;50.0;25.9
15;2021-06-02;863;418;72290;37341;50.6;26.1
15;2021-06-03;932;704;73222;38045;51.3;26.6
15;2021-06-04;1076;719;74298;38764;52.0;27.1
15;2021-06-05;651;264;74949;39028;52.5;27.3
15;2021-06-06;16;20;74965;39048;52.5;27.3
15;2021-06-07;797;351;75762;39399;53.1;27.6
15;2021-06-08;477;397;76239;39796;53.4;27.9
15;2021-06-09;376;377;76615;40173;53.6;28.1
15;2021-06-10;276;423;76891;40596;53.8;28.4
15;2021-06-11;660;1100;77551;41696;54.3;29.2
15;2021-06-12;377;467;77928;42163;54.6;29.5
15;2021-06-13;11;6;77939;42169;54.6;29.5
15;2021-06-14;542;977;78481;43146;55.0;30.2
15;2021-06-15;450;1164;78931;44310;55.3;31.0
15;2021-06-16;543;899;79474;45209;55.6;31.7
15;2021-06-17;292;934;79766;46143;55.9;32.3
15;2021-06-18;740;1205;80506;47348;56.4;33.2
15;2021-06-19;542;704;81048;48052;56.8;33.6
15;2021-06-20;11;1;81059;48053;56.8;33.6
15;2021-06-21;279;1042;81338;49095;57.0;34.4
15;2021-06-22;232;1480;81570;50575;57.1;35.4
15;2021-06-23;346;1445;81916;52020;57.4;36.4
15;2021-06-24;291;1094;82207;53114;57.6;37.2
15;2021-06-25;378;1641;82585;54755;57.8;38.3
15;2021-06-26;164;908;82749;55663;57.9;39.0
15;2021-06-27;0;0;82749;55663;57.9;39.0
15;2021-06-28;176;1228;82925;56891;58.1;39.8
15;2021-06-29;302;1264;83227;58155;58.3;40.7
15;2021-06-30;268;982;83495;59137;58.5;41.4
15;2021-07-01;380;1220;83875;60357;58.7;42.3
15;2021-07-02;410;1348;84285;61705;59.0;43.2
15;2021-07-03;252;707;84537;62412;59.2;43.7
15;2021-07-04;1;1;84538;62413;59.2;43.7
15;2021-07-05;248;1257;84786;63670;59.4;44.6
15;2021-07-06;275;1469;85061;65139;59.6;45.6
15;2021-07-07;255;1344;85316;66483;59.7;46.6
15;2021-07-08;489;1353;85805;67836;60.1;47.5
15;2021-07-09;488;1784;86293;69620;60.4;48.7
15;2021-07-10;215;862;86508;70482;60.6;49.4
15;2021-07-11;9;5;86517;70487;60.6;49.4
15;2021-07-12;278;1484;86795;71971;60.8;50.4
15;2021-07-13;587;1776;87382;73747;61.2;51.6
15;2021-07-14;16;130;87398;73877;61.2;51.7
15;2021-07-15;1132;729;88530;74606;62.0;52.2
15;2021-07-16;1139;1336;89669;75942;62.8;53.2
15;2021-07-17;819;953;90488;76895;63.4;53.8
15;2021-07-18;0;2;90488;76897;63.4;53.8
15;2021-07-19;1074;1270;91562;78167;64.1;54.7
15;2021-07-20;1612;570;93174;78737;65.2;55.1
15;2021-07-21;1189;603;94363;79340;66.1;55.6
15;2021-07-22;894;512;95257;79852;66.7;55.9
15;2021-07-23;1341;1065;96598;80917;67.6;56.7
15;2021-07-24;628;770;97226;81687;68.1;57.2
15;2021-07-25;1;24;97227;81711;68.1;57.2
15;2021-07-26;1247;594;98474;82305;69.0;57.6
15;2021-07-27;1691;576;100165;82881;70.1;58.0
15;2021-07-28;1238;584;101403;83465;71.0;58.4
15;2021-07-29;838;402;102241;83867;71.6;58.7
15;2021-07-30;1007;1131;103248;84998;72.3;59.5
15;2021-07-31;603;636;103851;85634;72.7;60.0
15;2021-08-01;21;12;103872;85646;72.7;60.0
15;2021-08-02;1143;543;105015;86189;73.5;60.4
15;2021-08-03;1162;383;106177;86572;74.3;60.6
15;2021-08-04;788;408;106965;86980;74.9;60.9
15;2021-08-05;383;284;107348;87264;75.2;61.1
15;2021-08-06;788;1236;108136;88500;75.7;62.0
15;2021-08-07;265;1160;108401;89660;75.9;62.8
15;2021-08-08;3;6;108404;89666;75.9;62.8
15;2021-08-09;511;1164;108915;90830;76.3;63.6
15;2021-08-10;435;725;109350;91555;76.6;64.1
15;2021-08-11;411;1007;109761;92562;76.9;64.8
15;2021-08-12;520;1182;110281;93744;77.2;65.6
15;2021-08-13;682;1137;110963;94881;77.7;66.4
15;2021-08-14;179;552;111142;95433;77.8;66.8
15;2021-08-15;17;9;111159;95442;77.8;66.8
15;2021-08-16;387;1134;111546;96576;78.1;67.6
15;2021-08-17;402;1140;111948;97716;78.4;68.4
15;2021-08-18;368;803;112316;98519;78.6;69.0
15;2021-08-19;300;878;112616;99397;78.9;69.6
15;2021-08-20;601;1215;113217;100612;79.3;70.5
15;2021-08-21;218;867;113435;101479;79.4;71.1
15;2021-08-22;12;26;113447;101505;79.4;71.1
15;2021-08-23;229;611;113676;102116;79.6;71.5
15;2021-08-24;245;590;113921;102706;79.8;71.9
15;2021-08-25;155;493;114076;103199;79.9;72.3
15;2021-08-26;136;363;114212;103562;80.0;72.5
15;2021-08-27;366;1337;114578;104899;80.2;73.5
15;2021-08-28;214;857;114792;105756;80.4;74.1
15;2021-08-29;7;13;114799;105769;80.4;74.1
15;2021-08-30;225;1056;115024;106825;80.5;74.8
15;2021-08-31;404;649;115428;107474;80.8;75.3
15;2021-09-01;182;402;115610;107876;81.0;75.5
15;2021-09-02;97;229;115707;108105;81.0;75.7
15;2021-09-03;201;889;115908;108994;81.2;76.3
15;2021-09-04;157;358;116065;109352;81.3;76.6
15;2021-09-05;0;2;116065;109354;81.3;76.6
15;2021-09-06;98;303;116163;109657;81.3;76.8
15;2021-09-07;100;197;116263;109854;81.4;76.9
15;2021-09-08;201;410;116464;110264;81.6;77.2
15;2021-09-09;100;314;116564;110578;81.6;77.4
15;2021-09-10;233;760;116797;111338;81.8;78.0
15;2021-09-11;95;290;116892;111628;81.9;78.2
15;2021-09-12;0;0;116892;111628;81.9;78.2
15;2021-09-13;102;265;116994;111893;81.9;78.4
15;2021-09-14;124;107;117118;112000;82.0;78.4
15;2021-09-15;69;247;117187;112247;82.1;78.6
15;2021-09-16;34;101;117221;112348;82.1;78.7
15;2021-09-17;266;605;117487;112953;82.3;79.1
15;2021-09-18;79;380;117566;113333;82.3;79.4
15;2021-09-19;0;0;117566;113333;82.3;79.4
15;2021-09-20;123;217;117689;113550;82.4;79.5
15;2021-09-21;41;107;117730;113657;82.4;79.6
15;2021-09-22;84;355;117814;114012;82.5;79.8
15;2021-09-23;37;109;117851;114121;82.5;79.9
15;2021-09-24;138;334;117989;114455;82.6;80.1
15;2021-09-25;42;217;118031;114672;82.6;80.3
15;2021-09-26;1;5;118032;114677;82.6;80.3
15;2021-09-27;88;133;118120;114810;82.7;80.4
15;2021-09-28;74;131;118194;114941;82.8;80.5
15;2021-09-29;69;191;118263;115132;82.8;80.6
15;2021-09-30;37;94;118300;115226;82.8;80.7
15;2021-10-01;117;216;118417;115442;82.9;80.8
15;2021-10-02;30;143;118447;115585;82.9;80.9
15;2021-10-03;0;2;118447;115587;82.9;80.9
15;2021-10-04;59;59;118506;115646;83.0;81.0
15;2021-10-05;35;51;118541;115697;83.0;81.0
15;2021-10-06;79;105;118620;115802;83.1;81.1
15;2021-10-07;46;91;118666;115893;83.1;81.2
15;2021-10-08;54;174;118720;116067;83.1;81.3
15;2021-10-09;54;107;118774;116174;83.2;81.3
15;2021-10-10;1;6;118775;116180;83.2;81.4
15;2021-10-11;50;163;118825;116343;83.2;81.5
15;2021-10-12;36;60;118861;116403;83.2;81.5
15;2021-10-13;76;152;118937;116555;83.3;81.6
16;2020-12-27;0;0;0;0;0.0;0.0
16;2020-12-28;2;0;2;0;0.0;0.0
16;2020-12-29;0;0;2;0;0.0;0.0
16;2020-12-30;1;0;3;0;0.0;0.0
16;2020-12-31;0;0;3;0;0.0;0.0
16;2021-01-01;0;0;3;0;0.0;0.0
16;2021-01-02;0;0;3;0;0.0;0.0
16;2021-01-03;0;0;3;0;0.0;0.0
16;2021-01-04;1;0;4;0;0.0;0.0
16;2021-01-05;1;0;5;0;0.0;0.0
16;2021-01-06;88;0;93;0;0.0;0.0
16;2021-01-07;240;0;333;0;0.1;0.0
16;2021-01-08;465;2;798;2;0.2;0.0
16;2021-01-09;1;0;799;2;0.2;0.0
16;2021-01-10;1;0;800;2;0.2;0.0
16;2021-01-11;304;0;1104;2;0.3;0.0
16;2021-01-12;437;1;1541;3;0.4;0.0
16;2021-01-13;480;1;2021;4;0.6;0.0
16;2021-01-14;601;7;2622;11;0.8;0.0
16;2021-01-15;503;3;3125;14;0.9;0.0
16;2021-01-16;0;0;3125;14;0.9;0.0
16;2021-01-17;0;0;3125;14;0.9;0.0
16;2021-01-18;432;5;3557;19;1.0;0.0
16;2021-01-19;835;2;4392;21;1.3;0.0
16;2021-01-20;1188;3;5580;24;1.6;0.0
16;2021-01-21;1384;13;6964;37;2.0;0.0
16;2021-01-22;1115;3;8079;40;2.3;0.0
16;2021-01-23;183;2;8262;42;2.4;0.0
16;2021-01-24;0;0;8262;42;2.4;0.0
16;2021-01-25;641;3;8903;45;2.6;0.0
16;2021-01-26;1026;2;9929;47;2.9;0.0
16;2021-01-27;1406;105;11335;152;3.3;0.0
16;2021-01-28;1276;72;12611;224;3.6;0.1
16;2021-01-29;742;141;13353;365;3.8;0.1
16;2021-01-30;36;0;13389;365;3.8;0.1
16;2021-01-31;0;0;13389;365;3.8;0.1
16;2021-02-01;395;203;13784;568;4.0;0.2
16;2021-02-02;576;175;14360;743;4.1;0.2
16;2021-02-03;621;350;14981;1093;4.3;0.3
16;2021-02-04;465;269;15446;1362;4.4;0.4
16;2021-02-05;505;275;15951;1637;4.6;0.5
16;2021-02-06;4;80;15955;1717;4.6;0.5
16;2021-02-07;41;3;15996;1720;4.6;0.5
16;2021-02-08;357;217;16353;1937;4.7;0.6
16;2021-02-09;650;294;17003;2231;4.9;0.6
16;2021-02-10;694;677;17697;2908;5.1;0.8
16;2021-02-11;805;617;18502;3525;5.3;1.0
16;2021-02-12;622;835;19124;4360;5.5;1.3
16;2021-02-13;43;79;19167;4439;5.5;1.3
16;2021-02-14;3;7;19170;4446;5.5;1.3
16;2021-02-15;217;661;19387;5107;5.6;1.5
16;2021-02-16;375;952;19762;6059;5.7;1.7
16;2021-02-17;346;1306;20108;7365;5.8;2.1
16;2021-02-18;511;1249;20619;8614;5.9;2.5
16;2021-02-19;389;784;21008;9398;6.0;2.7
16;2021-02-20;2;8;21010;9406;6.0;2.7
16;2021-02-21;2;0;21012;9406;6.0;2.7
16;2021-02-22;136;529;21148;9935;6.1;2.9
16;2021-02-23;207;922;21355;10857;6.1;3.1
16;2021-02-24;277;894;21632;11751;6.2;3.4
16;2021-02-25;395;689;22027;12440;6.3;3.6
16;2021-02-26;479;501;22506;12941;6.5;3.7
16;2021-02-27;249;1;22755;12942;6.5;3.7
16;2021-02-28;5;5;22760;12947;6.5;3.7
16;2021-03-01;152;329;22912;13276;6.6;3.8
16;2021-03-02;271;671;23183;13947;6.7;4.0
16;2021-03-03;391;725;23574;14672;6.8;4.2
16;2021-03-04;804;571;24378;15243;7.0;4.4
16;2021-03-05;1143;545;25521;15788;7.3;4.5
16;2021-03-06;753;16;26274;15804;7.5;4.5
16;2021-03-07;94;18;26368;15822;7.6;4.5
16;2021-03-08;437;321;26805;16143;7.7;4.6
16;2021-03-09;774;699;27579;16842;7.9;4.8
16;2021-03-10;606;665;28185;17507;8.1;5.0
16;2021-03-11;1448;539;29633;18046;8.5;5.2
16;2021-03-12;1165;462;30798;18508;8.8;5.3
16;2021-03-13;765;15;31563;18523;9.1;5.3
16;2021-03-14;1;0;31564;18523;9.1;5.3
16;2021-03-15;462;185;32026;18708;9.2;5.4
16;2021-03-16;860;423;32886;19131;9.4;5.5
16;2021-03-17;591;284;33477;19415;9.6;5.6
16;2021-03-18;1033;283;34510;19698;9.9;5.7
16;2021-03-19;1103;248;35613;19946;10.2;5.7
16;2021-03-20;396;5;36009;19951;10.3;5.7
16;2021-03-21;9;0;36018;19951;10.3;5.7
16;2021-03-22;728;101;36746;20052;10.6;5.8
16;2021-03-23;1464;107;38210;20159;11.0;5.8
16;2021-03-24;1123;186;39333;20345;11.3;5.8
16;2021-03-25;2047;94;41380;20439;11.9;5.9
16;2021-03-26;1918;99;43298;20538;12.4;5.9
16;2021-03-27;432;22;43730;20560;12.6;5.9
16;2021-03-28;0;0;43730;20560;12.6;5.9
16;2021-03-29;923;60;44653;20620;12.8;5.9
16;2021-03-30;1882;179;46535;20799;13.4;6.0
16;2021-03-31;1513;135;48048;20934;13.8;6.0
16;2021-04-01;2009;402;50057;21336;14.4;6.1
16;2021-04-02;1442;381;51499;21717;14.8;6.2
16;2021-04-03;288;5;51787;21722;14.9;6.2
16;2021-04-04;1;0;51788;21722;14.9;6.2
16;2021-04-05;2;0;51790;21722;14.9;6.2
16;2021-04-06;2013;548;53803;22270;15.5;6.4
16;2021-04-07;1953;407;55756;22677;16.0;6.5
16;2021-04-08;2823;591;58579;23268;16.8;6.7
16;2021-04-09;2694;555;61273;23823;17.6;6.8
16;2021-04-10;1290;38;62563;23861;18.0;6.9
16;2021-04-11;2;0;62565;23861;18.0;6.9
16;2021-04-12;1430;316;63995;24177;18.4;6.9
16;2021-04-13;2124;842;66119;25019;19.0;7.2
16;2021-04-14;1951;634;68070;25653;19.6;7.4
16;2021-04-15;2102;985;70172;26638;20.2;7.7
16;2021-04-16;2043;790;72215;27428;20.7;7.9
16;2021-04-17;1507;93;73722;27521;21.2;7.9
16;2021-04-18;197;3;73919;27524;21.2;7.9
16;2021-04-19;1440;524;75359;28048;21.6;8.1
16;2021-04-20;2053;1234;77412;29282;22.2;8.4
16;2021-04-21;1776;752;79188;30034;22.7;8.6
16;2021-04-22;2290;1010;81478;31044;23.4;8.9
16;2021-04-23;2362;1174;83840;32218;24.1;9.3
16;2021-04-24;829;38;84669;32256;24.3;9.3
16;2021-04-25;117;6;84786;32262;24.4;9.3
16;2021-04-26;1400;810;86186;33072;24.8;9.5
16;2021-04-27;2055;1417;88241;34489;25.3;9.9
16;2021-04-28;1592;1127;89833;35616;25.8;10.2
16;2021-04-29;2250;1501;92083;37117;26.4;10.7
16;2021-04-30;2856;1344;94939;38461;27.3;11.0
16;2021-05-01;353;60;95292;38521;27.4;11.1
16;2021-05-02;155;13;95447;38534;27.4;11.1
16;2021-05-03;2611;538;98058;39072;28.2;11.2
16;2021-05-04;2057;2046;100115;41118;28.8;11.8
16;2021-05-05;1688;1832;101803;42950;29.2;12.3
16;2021-05-06;1886;2248;103689;45198;29.8;13.0
16;2021-05-07;3072;2123;106761;47321;30.7;13.6
16;2021-05-08;1197;468;107958;47789;31.0;13.7
16;2021-05-09;530;27;108488;47816;31.2;13.7
16;2021-05-10;1930;1624;110418;49440;31.7;14.2
16;2021-05-11;2354;1965;112772;51405;32.4;14.8
16;2021-05-12;1734;1799;114506;53204;32.9;15.3
16;2021-05-13;1461;355;115967;53559;33.3;15.4
16;2021-05-14;1989;1563;117956;55122;33.9;15.8
16;2021-05-15;596;895;118552;56017;34.0;16.1
16;2021-05-16;132;6;118684;56023;34.1;16.1
16;2021-05-17;1609;1286;120293;57309;34.5;16.5
16;2021-05-18;2756;1426;123049;58735;35.3;16.9
16;2021-05-19;2006;1241;125055;59976;35.9;17.2
16;2021-05-20;2832;1389;127887;61365;36.7;17.6
16;2021-05-21;2943;1396;130830;62761;37.6;18.0
16;2021-05-22;411;711;131241;63472;37.7;18.2
16;2021-05-23;210;11;131451;63483;37.8;18.2
16;2021-05-24;1262;234;132713;63717;38.1;18.3
16;2021-05-25;2759;1461;135472;65178;38.9;18.7
16;2021-05-26;1833;1186;137305;66364;39.4;19.1
16;2021-05-27;2416;1583;139721;67947;40.1;19.5
16;2021-05-28;2899;1565;142620;69512;41.0;20.0
16;2021-05-29;814;883;143434;70395;41.2;20.2
16;2021-05-30;1;4;143435;70399;41.2;20.2
16;2021-05-31;1984;1105;145419;71504;41.8;20.5
16;2021-06-01;2344;1713;147763;73217;42.4;21.0
16;2021-06-02;1820;1502;149583;74719;43.0;21.5
16;2021-06-03;2622;1761;152205;76480;43.7;22.0
16;2021-06-04;2833;2030;155038;78510;44.5;22.5
16;2021-06-05;1006;549;156044;79059;44.8;22.7
16;2021-06-06;161;29;156205;79088;44.9;22.7
16;2021-06-07;1991;1281;158196;80369;45.4;23.1
16;2021-06-08;2394;1998;160590;82367;46.1;23.7
16;2021-06-09;2528;1616;163118;83983;46.8;24.1
16;2021-06-10;2569;2003;165687;85986;47.6;24.7
16;2021-06-11;2152;2733;167839;88719;48.2;25.5
16;2021-06-12;1613;517;169452;89236;48.7;25.6
16;2021-06-13;260;72;169712;89308;48.7;25.6
16;2021-06-14;797;2798;170509;92106;49.0;26.5
16;2021-06-15;1866;2623;172375;94729;49.5;27.2
16;2021-06-16;1575;2083;173950;96812;50.0;27.8
16;2021-06-17;2040;2509;175990;99321;50.5;28.5
16;2021-06-18;2060;3217;178050;102538;51.1;29.4
16;2021-06-19;1351;1311;179401;103849;51.5;29.8
16;2021-06-20;243;28;179644;103877;51.6;29.8
16;2021-06-21;1411;2168;181055;106045;52.0;30.5
16;2021-06-22;1675;2943;182730;108988;52.5;31.3
16;2021-06-23;1562;2016;184292;111004;52.9;31.9
16;2021-06-24;1928;2167;186220;113171;53.5;32.5
16;2021-06-25;1983;2727;188203;115898;54.1;33.3
16;2021-06-26;1060;725;189263;116623;54.4;33.5
16;2021-06-27;132;25;189395;116648;54.4;33.5
16;2021-06-28;1164;1964;190559;118612;54.7;34.1
16;2021-06-29;1282;3365;191841;121977;55.1;35.0
16;2021-06-30;1337;2714;193178;124691;55.5;35.8
16;2021-07-01;1865;3156;195043;127847;56.0;36.7
16;2021-07-02;1422;3580;196465;131427;56.4;37.7
16;2021-07-03;696;1111;197161;132538;56.6;38.1
16;2021-07-04;3;15;197164;132553;56.6;38.1
16;2021-07-05;815;2298;197979;134851;56.9;38.7
16;2021-07-06;1278;3366;199257;138217;57.2;39.7
16;2021-07-07;871;2276;200128;140493;57.5;40.4
16;2021-07-08;1234;2736;201362;143229;57.8;41.1
16;2021-07-09;1113;3709;202475;146938;58.2;42.2
16;2021-07-10;338;1338;202813;148276;58.2;42.6
16;2021-07-11;2;13;202815;148289;58.3;42.6
16;2021-07-12;634;2436;203449;150725;58.4;43.3
16;2021-07-13;1385;3530;204834;154255;58.8;44.3
16;2021-07-14;797;877;205631;155132;59.1;44.6
16;2021-07-15;1250;3408;206881;158540;59.4;45.5
16;2021-07-16;1498;3383;208379;161923;59.8;46.5
16;2021-07-17;539;1188;208918;163111;60.0;46.8
16;2021-07-18;14;6;208932;163117;60.0;46.8
16;2021-07-19;618;2853;209550;165970;60.2;47.7
16;2021-07-20;1125;3288;210675;169258;60.5;48.6
16;2021-07-21;1117;2619;211792;171877;60.8;49.4
16;2021-07-22;1872;2862;213664;174739;61.4;50.2
16;2021-07-23;1552;3545;215216;178284;61.8;51.2
16;2021-07-24;639;1212;215855;179496;62.0;51.6
16;2021-07-25;11;11;215866;179507;62.0;51.6
16;2021-07-26;1529;2129;217395;181636;62.4;52.2
16;2021-07-27;1866;2819;219261;184455;63.0;53.0
16;2021-07-28;1864;2311;221125;186766;63.5;53.6
16;2021-07-29;2241;2477;223366;189243;64.2;54.4
16;2021-07-30;2355;3109;225721;192352;64.8;55.2
16;2021-07-31;960;1353;226681;193705;65.1;55.6
16;2021-08-01;192;22;226873;193727;65.2;55.6
16;2021-08-02;2121;1829;228994;195556;65.8;56.2
16;2021-08-03;2121;2328;231115;197884;66.4;56.8
16;2021-08-04;2122;1886;233237;199770;67.0;57.4
16;2021-08-05;2775;1655;236012;201425;67.8;57.9
16;2021-08-06;2512;2365;238524;203790;68.5;58.5
16;2021-08-07;828;559;239352;204349;68.7;58.7
16;2021-08-08;37;33;239389;204382;68.8;58.7
16;2021-08-09;2183;1061;241572;205443;69.4;59.0
16;2021-08-10;2886;1586;244458;207029;70.2;59.5
16;2021-08-11;2603;1232;247061;208261;71.0;59.8
16;2021-08-12;2012;1735;249073;209996;71.5;60.3
16;2021-08-13;2686;1467;251759;211463;72.3;60.7
16;2021-08-14;758;455;252517;211918;72.5;60.9
16;2021-08-15;29;4;252546;211922;72.5;60.9
16;2021-08-16;1339;1582;253885;213504;72.9;61.3
16;2021-08-17;1837;1628;255722;215132;73.4;61.8
16;2021-08-18;1591;1471;257313;216603;73.9;62.2
16;2021-08-19;1517;1777;258830;218380;74.3;62.7
16;2021-08-20;1602;1902;260432;220282;74.8;63.3
16;2021-08-21;564;827;260996;221109;75.0;63.5
16;2021-08-22;4;5;261000;221114;75.0;63.5
16;2021-08-23;993;2064;261993;223178;75.2;64.1
16;2021-08-24;1040;2376;263033;225554;75.5;64.8
16;2021-08-25;887;1781;263920;227335;75.8;65.3
16;2021-08-26;880;2531;264800;229866;76.1;66.0
16;2021-08-27;853;2408;265653;232274;76.3;66.7
16;2021-08-28;261;771;265914;233045;76.4;66.9
16;2021-08-29;2;15;265916;233060;76.4;66.9
16;2021-08-30;638;2373;266554;235433;76.6;67.6
16;2021-08-31;668;2545;267222;237978;76.7;68.3
16;2021-09-01;469;2355;267691;240333;76.9;69.0
16;2021-09-02;544;2078;268235;242411;77.0;69.6
16;2021-09-03;544;2543;268779;244954;77.2;70.4
16;2021-09-04;365;904;269144;245858;77.3;70.6
16;2021-09-05;6;29;269150;245887;77.3;70.6
16;2021-09-06;318;1457;269468;247344;77.4;71.0
16;2021-09-07;355;1673;269823;249017;77.5;71.5
16;2021-09-08;392;1989;270215;251006;77.6;72.1
16;2021-09-09;351;1497;270566;252503;77.7;72.5
16;2021-09-10;440;1767;271006;254270;77.8;73.0
16;2021-09-11;185;786;271191;255056;77.9;73.3
16;2021-09-12;6;21;271197;255077;77.9;73.3
16;2021-09-13;256;1066;271453;256143;78.0;73.6
16;2021-09-14;372;956;271825;257099;78.1;73.8
16;2021-09-15;349;1349;272174;258448;78.2;74.2
16;2021-09-16;303;887;272477;259335;78.3;74.5
16;2021-09-17;500;1376;272977;260711;78.4;74.9
16;2021-09-18;100;535;273077;261246;78.4;75.0
16;2021-09-19;0;9;273077;261255;78.4;75.0
16;2021-09-20;195;722;273272;261977;78.5;75.2
16;2021-09-21;184;674;273456;262651;78.5;75.4
16;2021-09-22;186;990;273642;263641;78.6;75.7
16;2021-09-23;170;559;273812;264200;78.6;75.9
16;2021-09-24;338;1049;274150;265249;78.7;76.2
16;2021-09-25;64;439;274214;265688;78.8;76.3
16;2021-09-26;1;6;274215;265694;78.8;76.3
16;2021-09-27;193;582;274408;266276;78.8;76.5
16;2021-09-28;145;536;274553;266812;78.9;76.6
16;2021-09-29;198;606;274751;267418;78.9;76.8
16;2021-09-30;115;482;274866;267900;78.9;76.9
16;2021-10-01;241;540;275107;268440;79.0;77.1
16;2021-10-02;81;324;275188;268764;79.0;77.2
16;2021-10-03;0;7;275188;268771;79.0;77.2
16;2021-10-04;117;356;275305;269127;79.1;77.3
16;2021-10-05;122;375;275427;269502;79.1;77.4
16;2021-10-06;182;510;275609;270012;79.2;77.5
16;2021-10-07;122;315;275731;270327;79.2;77.6
16;2021-10-08;232;673;275963;271000;79.3;77.8
16;2021-10-09;76;181;276039;271181;79.3;77.9
16;2021-10-10;1;10;276040;271191;79.3;77.9
16;2021-10-11;106;274;276146;271465;79.3;78.0
16;2021-10-12;96;221;276242;271686;79.3;78.0
16;2021-10-13;198;341;276440;272027;79.4;78.1
17;2020-12-27;0;0;0;0;0.0;0.0
17;2020-12-28;0;0;0;0;0.0;0.0
17;2020-12-29;0;0;0;0;0.0;0.0
17;2020-12-30;1;0;1;0;0.0;0.0
17;2020-12-31;0;0;1;0;0.0;0.0
17;2021-01-01;1;0;2;0;0.0;0.0
17;2021-01-02;1;0;3;0;0.0;0.0
17;2021-01-03;0;0;3;0;0.0;0.0
17;2021-01-04;56;0;59;0;0.0;0.0
17;2021-01-05;98;0;157;0;0.0;0.0
17;2021-01-06;132;0;289;0;0.0;0.0
17;2021-01-07;484;1;773;1;0.1;0.0
17;2021-01-08;418;1;1191;2;0.2;0.0
17;2021-01-09;0;0;1191;2;0.2;0.0
17;2021-01-10;1;0;1192;2;0.2;0.0
17;2021-01-11;381;2;1573;4;0.2;0.0
17;2021-01-12;751;1;2324;5;0.4;0.0
17;2021-01-13;655;2;2979;7;0.5;0.0
17;2021-01-14;616;9;3595;16;0.6;0.0
17;2021-01-15;681;2;4276;18;0.7;0.0
17;2021-01-16;129;2;4405;20;0.7;0.0
17;2021-01-17;19;0;4424;20;0.7;0.0
17;2021-01-18;887;5;5311;25;0.8;0.0
17;2021-01-19;1909;17;7220;42;1.1;0.0
17;2021-01-20;2396;4;9616;46;1.5;0.0
17;2021-01-21;2500;6;12116;52;1.9;0.0
17;2021-01-22;1893;15;14009;67;2.2;0.0
17;2021-01-23;738;1;14747;68;2.3;0.0
17;2021-01-24;50;0;14797;68;2.3;0.0
17;2021-01-25;1383;5;16180;73;2.5;0.0
17;2021-01-26;2110;5;18290;78;2.8;0.0
17;2021-01-27;1676;33;19966;111;3.1;0.0
17;2021-01-28;2476;232;22442;343;3.5;0.1
17;2021-01-29;1740;222;24182;565;3.7;0.1
17;2021-01-30;528;5;24710;570;3.8;0.1
17;2021-01-31;37;2;24747;572;3.8;0.1
17;2021-02-01;741;210;25488;782;3.9;0.1
17;2021-02-02;1202;347;26690;1129;4.1;0.2
17;2021-02-03;1300;401;27990;1530;4.3;0.2
17;2021-02-04;1162;503;29152;2033;4.5;0.3
17;2021-02-05;603;757;29755;2790;4.6;0.4
17;2021-02-06;25;43;29780;2833;4.6;0.4
17;2021-02-07;31;13;29811;2846;4.6;0.4
17;2021-02-08;706;400;30517;3246;4.7;0.5
17;2021-02-09;1102;1316;31619;4562;4.9;0.7
17;2021-02-10;866;1288;32485;5850;5.0;0.9
17;2021-02-11;1241;1402;33726;7252;5.2;1.1
17;2021-02-12;774;966;34500;8218;5.3;1.3
17;2021-02-13;43;104;34543;8322;5.3;1.3
17;2021-02-14;1;10;34544;8332;5.3;1.3
17;2021-02-15;621;1221;35165;9553;5.4;1.5
17;2021-02-16;751;1827;35916;11380;5.6;1.8
17;2021-02-17;795;1357;36711;12737;5.7;2.0
17;2021-02-18;965;2185;37676;14922;5.8;2.3
17;2021-02-19;1069;1538;38745;16460;6.0;2.5
17;2021-02-20;105;311;38850;16771;6.0;2.6
17;2021-02-21;9;2;38859;16773;6.0;2.6
17;2021-02-22;650;1630;39509;18403;6.1;2.8
17;2021-02-23;782;1535;40291;19938;6.2;3.1
17;2021-02-24;1080;1586;41371;21524;6.4;3.3
17;2021-02-25;1087;1709;42458;23233;6.6;3.6
17;2021-02-26;1308;1296;43766;24529;6.8;3.8
17;2021-02-27;529;248;44295;24777;6.8;3.8
17;2021-02-28;19;9;44314;24786;6.8;3.8
17;2021-03-01;638;1042;44952;25828;6.9;4.0
17;2021-03-02;1095;870;46047;26698;7.1;4.1
17;2021-03-03;1617;795;47664;27493;7.4;4.2
17;2021-03-04;2426;1143;50090;28636;7.7;4.4
17;2021-03-05;2665;683;52755;29319;8.2;4.5
17;2021-03-06;1028;32;53783;29351;8.3;4.5
17;2021-03-07;183;47;53966;29398;8.3;4.5
17;2021-03-08;1019;835;54985;30233;8.5;4.7
17;2021-03-09;1745;621;56730;30854;8.8;4.8
17;2021-03-10;2048;648;58778;31502;9.1;4.9
17;2021-03-11;3228;999;62006;32501;9.6;5.0
17;2021-03-12;3356;630;65362;33131;10.1;5.1
17;2021-03-13;1203;13;66565;33144;10.3;5.1
17;2021-03-14;33;0;66598;33144;10.3;5.1
17;2021-03-15;1243;996;67841;34140;10.5;5.3
17;2021-03-16;892;536;68733;34676;10.6;5.4
17;2021-03-17;1460;707;70193;35383;10.8;5.5
17;2021-03-18;1683;766;71876;36149;11.1;5.6
17;2021-03-19;2096;549;73972;36698;11.4;5.7
17;2021-03-20;1086;59;75058;36757;11.6;5.7
17;2021-03-21;37;43;75095;36800;11.6;5.7
17;2021-03-22;1577;693;76672;37493;11.8;5.8
17;2021-03-23;2491;584;79163;38077;12.2;5.9
17;2021-03-24;3545;861;82708;38938;12.8;6.0
17;2021-03-25;4713;650;87421;39588;13.5;6.1
17;2021-03-26;4943;478;92364;40066;14.3;6.2
17;2021-03-27;1737;69;94101;40135;14.5;6.2
17;2021-03-28;369;45;94470;40180;14.6;6.2
17;2021-03-29;2361;569;96831;40749;15.0;6.3
17;2021-03-30;2654;990;99485;41739;15.4;6.5
17;2021-03-31;3843;912;103328;42651;16.0;6.6
17;2021-04-01;4013;1170;107341;43821;16.6;6.8
17;2021-04-02;3708;841;111049;44662;17.2;6.9
17;2021-04-03;1152;187;112201;44849;17.3;6.9
17;2021-04-04;501;6;112702;44855;17.4;6.9
17;2021-04-05;445;128;113147;44983;17.5;7.0
17;2021-04-06;3479;1032;116626;46015;18.0;7.1
17;2021-04-07;4131;1159;120757;47174;18.7;7.3
17;2021-04-08;4567;1482;125324;48656;19.4;7.5
17;2021-04-09;6498;846;131822;49502;20.4;7.7
17;2021-04-10;2582;72;134404;49574;20.8;7.7
17;2021-04-11;790;18;135194;49592;20.9;7.7
17;2021-04-12;2889;1624;138083;51216;21.3;7.9
17;2021-04-13;4152;1289;142235;52505;22.0;8.1
17;2021-04-14;4419;1214;146654;53719;22.7;8.3
17;2021-04-15;4601;1140;151255;54859;23.4;8.5
17;2021-04-16;4298;1155;155553;56014;24.0;8.7
17;2021-04-17;1682;384;157235;56398;24.3;8.7
17;2021-04-18;471;81;157706;56479;24.4;8.7
17;2021-04-19;2336;2063;160042;58542;24.7;9.0
17;2021-04-20;2927;2558;162969;61100;25.2;9.4
17;2021-04-21;2974;1942;165943;63042;25.6;9.7
17;2021-04-22;3121;2366;169064;65408;26.1;10.1
17;2021-04-23;2446;2731;171510;68139;26.5;10.5
17;2021-04-24;1669;929;173179;69068;26.8;10.7
17;2021-04-25;664;246;173843;69314;26.9;10.7
17;2021-04-26;2578;2627;176421;71941;27.3;11.1
17;2021-04-27;3151;2672;179572;74613;27.8;11.5
17;2021-04-28;3102;2940;182674;77553;28.2;12.0
17;2021-04-29;4149;2867;186823;80420;28.9;12.4
17;2021-04-30;4355;2640;191178;83060;29.5;12.8
17;2021-05-01;849;543;192027;83603;29.7;12.9
17;2021-05-02;553;839;192580;84442;29.8;13.0
17;2021-05-03;2546;2963;195126;87405;30.2;13.5
17;2021-05-04;2315;3726;197441;91131;30.5;14.1
17;2021-05-05;2907;3704;200348;94835;31.0;14.7
17;2021-05-06;4120;3405;204468;98240;31.6;15.2
17;2021-05-07;4359;3633;208827;101873;32.3;15.7
17;2021-05-08;1306;753;210133;102626;32.5;15.9
17;2021-05-09;1311;706;211444;103332;32.7;16.0
17;2021-05-10;2726;3694;214170;107026;33.1;16.5
17;2021-05-11;3500;3997;217670;111023;33.6;17.2
17;2021-05-12;3529;3813;221199;114836;34.2;17.7
17;2021-05-13;2542;693;223741;115529;34.6;17.9
17;2021-05-14;3031;2394;226772;117923;35.0;18.2
17;2021-05-15;2127;662;228899;118585;35.4;18.3
17;2021-05-16;1733;318;230632;118903;35.6;18.4
17;2021-05-17;4288;1999;234920;120902;36.3;18.7
17;2021-05-18;4746;1637;239666;122539;37.0;18.9
17;2021-05-19;5071;1281;244737;123820;37.8;19.1
17;2021-05-20;4940;1947;249677;125767;38.6;19.4
17;2021-05-21;4994;1955;254671;127722;39.4;19.7
17;2021-05-22;2390;532;257061;128254;39.7;19.8
17;2021-05-23;1900;128;258961;128382;40.0;19.8
17;2021-05-24;1426;210;260387;128592;40.2;19.9
17;2021-05-25;4031;1769;264418;130361;40.9;20.1
17;2021-05-26;4368;2040;268786;132401;41.5;20.5
17;2021-05-27;5211;2139;273997;134540;42.3;20.8
17;2021-05-28;4469;3437;278466;137977;43.0;21.3
17;2021-05-29;1559;1707;280025;139684;43.3;21.6
17;2021-05-30;857;410;280882;140094;43.4;21.7
17;2021-05-31;2947;3013;283829;143107;43.9;22.1
17;2021-06-01;4295;2927;288124;146034;44.5;22.6
17;2021-06-02;4203;3177;292327;149211;45.2;23.1
17;2021-06-03;5058;3167;297385;152378;46.0;23.5
17;2021-06-04;4513;3859;301898;156237;46.7;24.1
17;2021-06-05;1991;1603;303889;157840;47.0;24.4
17;2021-06-06;852;735;304741;158575;47.1;24.5
17;2021-06-07;3138;4345;307879;162920;47.6;25.2
17;2021-06-08;3790;4496;311669;167416;48.2;25.9
17;2021-06-09;4345;3055;316014;170471;48.8;26.3
17;2021-06-10;4927;2794;320941;173265;49.6;26.8
17;2021-06-11;4794;3693;325735;176958;50.3;27.3
17;2021-06-12;1813;1405;327548;178363;50.6;27.6
17;2021-06-13;612;415;328160;178778;50.7;27.6
17;2021-06-14;2834;4538;330994;183316;51.2;28.3
17;2021-06-15;3625;4382;334619;187698;51.7;29.0
17;2021-06-16;4127;3695;338746;191393;52.3;29.6
17;2021-06-17;4367;4125;343113;195518;53.0;30.2
17;2021-06-18;4059;4441;347172;199959;53.7;30.9
17;2021-06-19;1450;1988;348622;201947;53.9;31.2
17;2021-06-20;595;1036;349217;202983;54.0;31.4
17;2021-06-21;2558;4371;351775;207354;54.4;32.0
17;2021-06-22;3532;4453;355307;211807;54.9;32.7
17;2021-06-23;3795;3998;359102;215805;55.5;33.4
17;2021-06-24;3600;3959;362702;219764;56.1;34.0
17;2021-06-25;2718;4991;365420;224755;56.5;34.7
17;2021-06-26;905;2334;366325;227089;56.6;35.1
17;2021-06-27;397;1904;366722;228993;56.7;35.4
17;2021-06-28;1523;5416;368245;234409;56.9;36.2
17;2021-06-29;1684;5892;369929;240301;57.2;37.1
17;2021-06-30;2030;5549;371959;245850;57.5;38.0
17;2021-07-01;2267;5562;374226;251412;57.8;38.9
17;2021-07-02;2485;5983;376711;257395;58.2;39.8
17;2021-07-03;627;2544;377338;259939;58.3;40.2
17;2021-07-04;155;1250;377493;261189;58.3;40.4
17;2021-07-05;1887;5176;379380;266365;58.6;41.2
17;2021-07-06;2128;5600;381508;271965;59.0;42.0
17;2021-07-07;2406;5500;383914;277465;59.3;42.9
17;2021-07-08;2915;5446;386829;282911;59.8;43.7
17;2021-07-09;2526;6078;389355;288989;60.2;44.7
17;2021-07-10;826;2470;390181;291459;60.3;45.0
17;2021-07-11;379;906;390560;292365;60.4;45.2
17;2021-07-12;2002;5617;392562;297982;60.7;46.1
17;2021-07-13;2372;6720;394934;304702;61.0;47.1
17;2021-07-14;71;71;395005;304773;61.0;47.1
17;2021-07-15;2190;6862;397195;311635;61.4;48.2
17;2021-07-16;2777;6965;399972;318600;61.8;49.2
17;2021-07-17;1051;2274;401023;320874;62.0;49.6
17;2021-07-18;312;1036;401335;321910;62.0;49.7
17;2021-07-19;2634;5908;403969;327818;62.4;50.7
17;2021-07-20;3315;6319;407284;334137;62.9;51.6
17;2021-07-21;3802;6029;411086;340166;63.5;52.6
17;2021-07-22;4248;6269;415334;346435;64.2;53.5
17;2021-07-23;3903;6566;419237;353001;64.8;54.6
17;2021-07-24;2067;1403;421304;354404;65.1;54.8
17;2021-07-25;1040;417;422344;354821;65.3;54.8
17;2021-07-26;3735;5425;426079;360246;65.8;55.7
17;2021-07-27;4728;5442;430807;365688;66.6;56.5
17;2021-07-28;5215;5177;436022;370865;67.4;57.3
17;2021-07-29;5166;5343;441188;376208;68.2;58.1
17;2021-07-30;5512;5577;446700;381785;69.0;59.0
17;2021-07-31;2117;1215;448817;383000;69.4;59.2
17;2021-08-01;1095;359;449912;383359;69.5;59.2
17;2021-08-02;4621;4393;454533;387752;70.2;59.9
17;2021-08-03;5762;4165;460295;391917;71.1;60.6
17;2021-08-04;6202;3379;466497;395296;72.1;61.1
17;2021-08-05;6390;3150;472887;398446;73.1;61.6
17;2021-08-06;5888;3601;478775;402047;74.0;62.1
17;2021-08-07;1993;870;480768;402917;74.3;62.3
17;2021-08-08;978;219;481746;403136;74.4;62.3
17;2021-08-09;3923;3696;485669;406832;75.1;62.9
17;2021-08-10;5087;3488;490756;410320;75.8;63.4
17;2021-08-11;4919;3812;495675;414132;76.6;64.0
17;2021-08-12;4897;3959;500572;418091;77.4;64.6
17;2021-08-13;4521;4142;505093;422233;78.1;65.3
17;2021-08-14;1239;1383;506332;423616;78.2;65.5
17;2021-08-15;407;377;506739;423993;78.3;65.5
17;2021-08-16;2855;4065;509594;428058;78.8;66.2
17;2021-08-17;3051;4291;512645;432349;79.2;66.8
17;2021-08-18;2622;4555;515267;436904;79.6;67.5
17;2021-08-19;2733;4372;518000;441276;80.1;68.2
17;2021-08-20;2501;5025;520501;446301;80.4;69.0
17;2021-08-21;685;1355;521186;447656;80.5;69.2
17;2021-08-22;221;457;521407;448113;80.6;69.3
17;2021-08-23;1987;4956;523394;453069;80.9;70.0
17;2021-08-24;1941;5091;525335;458160;81.2;70.8
17;2021-08-25;1660;5506;526995;463666;81.4;71.7
17;2021-08-26;1603;5761;528598;469427;81.7;72.5
17;2021-08-27;1551;5954;530149;475381;81.9;73.5
17;2021-08-28;521;1455;530670;476836;82.0;73.7
17;2021-08-29;87;575;530757;477411;82.0;73.8
17;2021-08-30;1436;5049;532193;482460;82.2;74.6
17;2021-08-31;1327;5238;533520;487698;82.5;75.4
17;2021-09-01;1195;4758;534715;492456;82.6;76.1
17;2021-09-02;1141;4144;535856;496600;82.8;76.7
17;2021-09-03;1169;4918;537025;501518;83.0;77.5
17;2021-09-04;287;917;537312;502435;83.0;77.6
17;2021-09-05;55;103;537367;502538;83.0;77.7
17;2021-09-06;729;3208;538096;505746;83.2;78.2
17;2021-09-07;720;2636;538816;508382;83.3;78.6
17;2021-09-08;823;3591;539639;511973;83.4;79.1
17;2021-09-09;819;2402;540458;514375;83.5;79.5
17;2021-09-10;803;3330;541261;517705;83.6;80.0
17;2021-09-11;304;852;541565;518557;83.7;80.1
17;2021-09-12;10;13;541575;518570;83.7;80.1
17;2021-09-13;653;1933;542228;520503;83.8;80.4
17;2021-09-14;618;1631;542846;522134;83.9;80.7
17;2021-09-15;942;2376;543788;524510;84.0;81.1
17;2021-09-16;544;1453;544332;525963;84.1;81.3
17;2021-09-17;620;1921;544952;527884;84.2;81.6
17;2021-09-18;193;583;545145;528467;84.2;81.7
17;2021-09-19;13;6;545158;528473;84.2;81.7
17;2021-09-20;432;1226;545590;529699;84.3;81.9
17;2021-09-21;325;892;545915;530591;84.4;82.0
17;2021-09-22;420;1694;546335;532285;84.4;82.3
17;2021-09-23;357;971;546692;533256;84.5;82.4
17;2021-09-24;385;1821;547077;535077;84.5;82.7
17;2021-09-25;127;472;547204;535549;84.6;82.8
17;2021-09-26;0;16;547204;535565;84.6;82.8
17;2021-09-27;437;1177;547641;536742;84.6;82.9
17;2021-09-28;275;688;547916;537430;84.7;83.1
17;2021-09-29;454;1215;548370;538645;84.7;83.2
17;2021-09-30;372;715;548742;539360;84.8;83.4
17;2021-10-01;360;742;549102;540102;84.9;83.5
17;2021-10-02;110;310;549212;540412;84.9;83.5
17;2021-10-03;4;28;549216;540440;84.9;83.5
17;2021-10-04;366;860;549582;541300;84.9;83.7
17;2021-10-05;379;579;549961;541879;85.0;83.7
17;2021-10-06;424;1132;550385;543011;85.1;83.9
17;2021-10-07;275;556;550660;543567;85.1;84.0
17;2021-10-08;423;888;551083;544455;85.2;84.1
17;2021-10-09;155;317;551238;544772;85.2;84.2
17;2021-10-10;1;23;551239;544795;85.2;84.2
17;2021-10-11;388;563;551627;545358;85.2;84.3
17;2021-10-12;218;364;551845;545722;85.3;84.3
17;2021-10-13;365;671;552210;546393;85.3;84.4
18;2020-12-27;0;0;0;0;0.0;0.0
18;2020-12-28;0;0;0;0;0.0;0.0
18;2020-12-29;0;0;0;0;0.0;0.0
18;2020-12-30;1;0;1;0;0.0;0.0
18;2020-12-31;0;0;1;0;0.0;0.0
18;2021-01-01;0;0;1;0;0.0;0.0
18;2021-01-02;0;0;1;0;0.0;0.0
18;2021-01-03;0;0;1;0;0.0;0.0
18;2021-01-04;3;0;4;0;0.0;0.0
18;2021-01-05;0;0;4;0;0.0;0.0
18;2021-01-06;1;0;5;0;0.0;0.0
18;2021-01-07;30;1;35;1;0.0;0.0
18;2021-01-08;65;0;100;1;0.0;0.0
18;2021-01-09;225;1;325;2;0.1;0.0
18;2021-01-10;146;0;471;2;0.2;0.0
18;2021-01-11;169;0;640;2;0.2;0.0
18;2021-01-12;371;0;1011;2;0.3;0.0
18;2021-01-13;270;2;1281;4;0.4;0.0
18;2021-01-14;269;2;1550;6;0.5;0.0
18;2021-01-15;332;2;1882;8;0.6;0.0
18;2021-01-16;288;3;2170;11;0.7;0.0
18;2021-01-17;1;0;2171;11;0.7;0.0
18;2021-01-18;291;0;2462;11;0.8;0.0
18;2021-01-19;1373;5;3835;16;1.3;0.0
18;2021-01-20;1239;2;5074;18;1.7;0.0
18;2021-01-21;965;0;6039;18;2.0;0.0
18;2021-01-22;780;2;6819;20;2.3;0.0
18;2021-01-23;249;2;7068;22;2.4;0.0
18;2021-01-24;0;0;7068;22;2.4;0.0
18;2021-01-25;509;1;7577;23;2.6;0.0
18;2021-01-26;395;1;7972;24;2.7;0.0
18;2021-01-27;390;2;8362;26;2.8;0.0
18;2021-01-28;566;8;8928;34;3.0;0.0
18;2021-01-29;490;73;9418;107;3.2;0.0
18;2021-01-30;431;159;9849;266;3.3;0.1
18;2021-01-31;82;116;9931;382;3.4;0.1
18;2021-02-01;328;139;10259;521;3.5;0.2
18;2021-02-02;507;240;10766;761;3.6;0.3
18;2021-02-03;398;204;11164;965;3.8;0.3
18;2021-02-04;630;228;11794;1193;4.0;0.4
18;2021-02-05;448;194;12242;1387;4.1;0.5
18;2021-02-06;283;100;12525;1487;4.2;0.5
18;2021-02-07;108;1;12633;1488;4.3;0.5
18;2021-02-08;268;230;12901;1718;4.4;0.6
18;2021-02-09;583;780;13484;2498;4.5;0.8
18;2021-02-10;742;695;14226;3193;4.8;1.1
18;2021-02-11;655;451;14881;3644;5.0;1.2
18;2021-02-12;502;330;15383;3974;5.2;1.3
18;2021-02-13;286;124;15669;4098;5.3;1.4
18;2021-02-14;364;98;16033;4196;5.4;1.4
18;2021-02-15;378;394;16411;4590;5.5;1.5
18;2021-02-16;401;402;16812;4992;5.7;1.7
18;2021-02-17;404;456;17216;5448;5.8;1.8
18;2021-02-18;344;537;17560;5985;5.9;2.0
18;2021-02-19;471;305;18031;6290;6.1;2.1
18;2021-02-20;721;241;18752;6531;6.3;2.2
18;2021-02-21;317;4;19069;6535;6.4;2.2
18;2021-02-22;218;369;19287;6904;6.5;2.3
18;2021-02-23;204;350;19491;7254;6.6;2.4
18;2021-02-24;241;274;19732;7528;6.7;2.5
18;2021-02-25;294;519;20026;8047;6.8;2.7
18;2021-02-26;583;236;20609;8283;7.0;2.8
18;2021-02-27;510;388;21119;8671;7.1;2.9
18;2021-02-28;7;68;21126;8739;7.1;2.9
18;2021-03-01;237;412;21363;9151;7.2;3.1
18;2021-03-02;284;520;21647;9671;7.3;3.3
18;2021-03-03;346;586;21993;10257;7.4;3.5
18;2021-03-04;475;571;22468;10828;7.6;3.7
18;2021-03-05;524;372;22992;11200;7.8;3.8
18;2021-03-06;1071;347;24063;11547;8.1;3.9
18;2021-03-07;7;140;24070;11687;8.1;3.9
18;2021-03-08;336;363;24406;12050;8.2;4.1
18;2021-03-09;410;367;24816;12417;8.4;4.2
18;2021-03-10;423;453;25239;12870;8.5;4.3
18;2021-03-11;518;426;25757;13296;8.7;4.5
18;2021-03-12;705;305;26462;13601;8.9;4.6
18;2021-03-13;1164;252;27626;13853;9.3;4.7
18;2021-03-14;301;215;27927;14068;9.4;4.7
18;2021-03-15;492;382;28419;14450;9.6;4.9
18;2021-03-16;392;314;28811;14764;9.7;5.0
18;2021-03-17;383;414;29194;15178;9.8;5.1
18;2021-03-18;512;230;29706;15408;10.0;5.2
18;2021-03-19;755;228;30461;15636;10.3;5.3
18;2021-03-20;986;623;31447;16259;10.6;5.5
18;2021-03-21;308;308;31755;16567;10.7;5.6
18;2021-03-22;602;299;32357;16866;10.9;5.7
18;2021-03-23;706;295;33063;17161;11.2;5.8
18;2021-03-24;1052;299;34115;17460;11.5;5.9
18;2021-03-25;1049;304;35164;17764;11.9;6.0
18;2021-03-26;1208;351;36372;18115;12.3;6.1
18;2021-03-27;1488;322;37860;18437;12.8;6.2
18;2021-03-28;215;0;38075;18437;12.8;6.2
18;2021-03-29;1101;200;39176;18637;13.2;6.3
18;2021-03-30;1084;305;40260;18942;13.6;6.4
18;2021-03-31;1305;256;41565;19198;14.0;6.5
18;2021-04-01;1375;350;42940;19548;14.5;6.6
18;2021-04-02;1229;312;44169;19860;14.9;6.7
18;2021-04-03;581;181;44750;20041;15.1;6.8
18;2021-04-04;71;5;44821;20046;15.1;6.8
18;2021-04-05;199;0;45020;20046;15.2;6.8
18;2021-04-06;1027;353;46047;20399;15.5;6.9
18;2021-04-07;1322;368;47369;20767;16.0;7.0
18;2021-04-08;1692;351;49061;21118;16.6;7.1
18;2021-04-09;1833;284;50894;21402;17.2;7.2
18;2021-04-10;2632;653;53526;22055;18.1;7.4
18;2021-04-11;1986;322;55512;22377;18.7;7.5
18;2021-04-12;1401;404;56913;22781;19.2;7.7
18;2021-04-13;1785;470;58698;23251;19.8;7.8
18;2021-04-14;1378;518;60076;23769;20.3;8.0
18;2021-04-15;1532;534;61608;24303;20.8;8.2
18;2021-04-16;1614;594;63222;24897;21.3;8.4
18;2021-04-17;1599;524;64821;25421;21.9;8.6
18;2021-04-18;377;232;65198;25653;22.0;8.7
18;2021-04-19;1317;593;66515;26246;22.4;8.9
18;2021-04-20;1445;716;67960;26962;22.9;9.1
18;2021-04-21;1270;910;69230;27872;23.4;9.4
18;2021-04-22;1403;705;70633;28577;23.8;9.6
18;2021-04-23;1387;738;72020;29315;24.3;9.9
18;2021-04-24;1355;1274;73375;30589;24.8;10.3
18;2021-04-25;287;217;73662;30806;24.9;10.4
18;2021-04-26;1205;957;74867;31763;25.3;10.7
18;2021-04-27;1544;766;76411;32529;25.8;11.0
18;2021-04-28;1358;879;77769;33408;26.2;11.3
18;2021-04-29;1851;735;79620;34143;26.9;11.5
18;2021-04-30;1569;999;81189;35142;27.4;11.9
18;2021-05-01;788;212;81977;35354;27.7;11.9
18;2021-05-02;806;61;82783;35415;27.9;11.9
18;2021-05-03;1627;1015;84410;36430;28.5;12.3
18;2021-05-04;1729;1287;86139;37717;29.1;12.7
18;2021-05-05;1735;1216;87874;38933;29.6;13.1
18;2021-05-06;2162;1368;90036;40301;30.4;13.6
18;2021-05-07;1234;1404;91270;41705;30.8;14.1
18;2021-05-08;994;1471;92264;43176;31.1;14.6
18;2021-05-09;500;2261;92764;45437;31.3;15.3
18;2021-05-10;1157;1509;93921;46946;31.7;15.8
18;2021-05-11;1696;1752;95617;48698;32.3;16.4
18;2021-05-12;1806;1497;97423;50195;32.9;16.9
18;2021-05-13;1061;370;98484;50565;33.2;17.1
18;2021-05-14;1345;942;99829;51507;33.7;17.4
18;2021-05-15;1809;1164;101638;52671;34.3;17.8
18;2021-05-16;537;581;102175;53252;34.5;18.0
18;2021-05-17;1245;1091;103420;54343;34.9;18.3
18;2021-05-18;2146;933;105566;55276;35.6;18.6
18;2021-05-19;2162;920;107728;56196;36.3;19.0
18;2021-05-20;2276;983;110004;57179;37.1;19.3
18;2021-05-21;1495;765;111499;57944;37.6;19.5
18;2021-05-22;1724;1075;113223;59019;38.2;19.9
18;2021-05-23;486;336;113709;59355;38.4;20.0
18;2021-05-24;461;293;114170;59648;38.5;20.1
18;2021-05-25;1841;1061;116011;60709;39.1;20.5
18;2021-05-26;2153;846;118164;61555;39.9;20.8
18;2021-05-27;2209;1231;120373;62786;40.6;21.2
18;2021-05-28;1712;1308;122085;64094;41.2;21.6
18;2021-05-29;2621;1663;124706;65757;42.1;22.2
18;2021-05-30;1482;504;126188;66261;42.6;22.4
18;2021-05-31;1786;693;127974;66954;43.2;22.6
18;2021-06-01;2039;947;130013;67901;43.9;22.9
18;2021-06-02;2010;1018;132023;68919;44.5;23.3
18;2021-06-03;2283;1202;134306;70121;45.3;23.7
18;2021-06-04;1912;1123;136218;71244;46.0;24.0
18;2021-06-05;2800;1450;139018;72694;46.9;24.5
18;2021-06-06;364;381;139382;73075;47.0;24.7
18;2021-06-07;1294;1232;140676;74307;47.5;25.1
18;2021-06-08;1490;1394;142166;75701;48.0;25.5
18;2021-06-09;1330;1068;143496;76769;48.4;25.9
18;2021-06-10;1631;1410;145127;78179;49.0;26.4
18;2021-06-11;1496;1404;146623;79583;49.5;26.8
18;2021-06-12;1245;2510;147868;82093;49.9;27.7
18;2021-06-13;126;263;147994;82356;49.9;27.8
18;2021-06-14;656;1828;148650;84184;50.2;28.4
18;2021-06-15;1093;1823;149743;86007;50.5;29.0
18;2021-06-16;1255;1441;150998;87448;50.9;29.5
18;2021-06-17;1205;1670;152203;89118;51.3;30.1
18;2021-06-18;1290;1667;153493;90785;51.8;30.6
18;2021-06-19;1564;1251;155057;92036;52.3;31.1
18;2021-06-20;246;159;155303;92195;52.4;31.1
18;2021-06-21;665;1601;155968;93796;52.6;31.6
18;2021-06-22;1068;1645;157036;95441;53.0;32.2
18;2021-06-23;944;1642;157980;97083;53.3;32.8
18;2021-06-24;1033;1062;159013;98145;53.6;33.1
18;2021-06-25;892;1746;159905;99891;53.9;33.7
18;2021-06-26;1097;1474;161002;101365;54.3;34.2
18;2021-06-27;31;372;161033;101737;54.3;34.3
18;2021-06-28;422;1922;161455;103659;54.5;35.0
18;2021-06-29;597;2379;162052;106038;54.7;35.8
18;2021-06-30;600;2543;162652;108581;54.9;36.6
18;2021-07-01;964;2157;163616;110738;55.2;37.4
18;2021-07-02;614;1685;164230;112423;55.4;37.9
18;2021-07-03;754;2574;164984;114997;55.7;38.8
18;2021-07-04;164;1032;165148;116029;55.7;39.1
18;2021-07-05;765;1877;165913;117906;56.0;39.8
18;2021-07-06;559;2301;166472;120207;56.2;40.6
18;2021-07-07;766;2115;167238;122322;56.4;41.3
18;2021-07-08;1031;1984;168269;124306;56.8;41.9
18;2021-07-09;703;2307;168972;126613;57.0;42.7
18;2021-07-10;781;3175;169753;129788;57.3;43.8
18;2021-07-11;84;668;169837;130456;57.3;44.0
18;2021-07-12;223;2253;170060;132709;57.4;44.8
18;2021-07-13;619;2904;170679;135613;57.6;45.8
18;2021-07-14;194;937;170873;136550;57.6;46.1
18;2021-07-15;1396;2816;172269;139366;58.1;47.0
18;2021-07-16;1185;2122;173454;141488;58.5;47.7
18;2021-07-17;1130;2472;174584;143960;58.9;48.6
18;2021-07-18;228;332;174812;144292;59.0;48.7
18;2021-07-19;1055;1657;175867;145949;59.3;49.2
18;2021-07-20;1625;2269;177492;148218;59.9;50.0
18;2021-07-21;1901;2062;179393;150280;60.5;50.7
18;2021-07-22;2211;1901;181604;152181;61.3;51.3
18;2021-07-23;1395;1613;182999;153794;61.7;51.9
18;2021-07-24;891;1534;183890;155328;62.0;52.4
18;2021-07-25;192;396;184082;155724;62.1;52.5
18;2021-07-26;1397;1502;185479;157226;62.6;53.0
18;2021-07-27;1824;1539;187303;158765;63.2;53.6
18;2021-07-28;2198;1797;189501;160562;63.9;54.2
18;2021-07-29;2140;1817;191641;162379;64.7;54.8
18;2021-07-30;1585;1344;193226;163723;65.2;55.2
18;2021-07-31;1237;1281;194463;165004;65.6;55.7
18;2021-08-01;90;34;194553;165038;65.6;55.7
18;2021-08-02;1410;765;195963;165803;66.1;55.9
18;2021-08-03;1719;1630;197682;167433;66.7;56.5
18;2021-08-04;2440;1102;200122;168535;67.5;56.9
18;2021-08-05;1529;1247;201651;169782;68.0;57.3
18;2021-08-06;1582;1142;203233;170924;68.6;57.7
18;2021-08-07;610;764;203843;171688;68.8;57.9
18;2021-08-08;49;60;203892;171748;68.8;57.9
18;2021-08-09;1105;874;204997;172622;69.2;58.2
18;2021-08-10;1208;1511;206205;174133;69.6;58.7
18;2021-08-11;1608;1510;207813;175643;70.1;59.3
18;2021-08-12;1554;1594;209367;177237;70.6;59.8
18;2021-08-13;1087;1172;210454;178409;71.0;60.2
18;2021-08-14;759;603;211213;179012;71.3;60.4
18;2021-08-15;35;17;211248;179029;71.3;60.4
18;2021-08-16;830;1201;212078;180230;71.6;60.8
18;2021-08-17;979;1999;213057;182229;71.9;61.5
18;2021-08-18;1158;1961;214215;184190;72.3;62.1
18;2021-08-19;1105;1612;215320;185802;72.6;62.7
18;2021-08-20;911;1758;216231;187560;73.0;63.3
18;2021-08-21;420;705;216651;188265;73.1;63.5
18;2021-08-22;22;73;216673;188338;73.1;63.5
18;2021-08-23;487;1680;217160;190018;73.3;64.1
18;2021-08-24;903;1494;218063;191512;73.6;64.6
18;2021-08-25;840;1864;218903;193376;73.9;65.2
18;2021-08-26;772;1532;219675;194908;74.1;65.8
18;2021-08-27;575;1994;220250;196902;74.3;66.4
18;2021-08-28;501;873;220751;197775;74.5;66.7
18;2021-08-29;92;176;220843;197951;74.5;66.8
18;2021-08-30;528;1409;221371;199360;74.7;67.3
18;2021-08-31;507;1397;221878;200757;74.9;67.7
18;2021-09-01;578;1509;222456;202266;75.1;68.2
18;2021-09-02;398;1108;222854;203374;75.2;68.6
18;2021-09-03;455;1141;223309;204515;75.3;69.0
18;2021-09-04;357;735;223666;205250;75.5;69.2
18;2021-09-05;29;56;223695;205306;75.5;69.3
18;2021-09-06;279;872;223974;206178;75.6;69.6
18;2021-09-07;280;828;224254;207006;75.7;69.8
18;2021-09-08;404;1032;224658;208038;75.8;70.2
18;2021-09-09;357;988;225015;209026;75.9;70.5
18;2021-09-10;414;933;225429;209959;76.1;70.8
18;2021-09-11;262;783;225691;210742;76.1;71.1
18;2021-09-12;8;19;225699;210761;76.1;71.1
18;2021-09-13;311;704;226010;211465;76.3;71.3
18;2021-09-14;283;775;226293;212240;76.3;71.6
18;2021-09-15;323;1053;226616;213293;76.5;72.0
18;2021-09-16;471;878;227087;214171;76.6;72.3
18;2021-09-17;337;737;227424;214908;76.7;72.5
18;2021-09-18;184;618;227608;215526;76.8;72.7
18;2021-09-19;6;4;227614;215530;76.8;72.7
18;2021-09-20;157;550;227771;216080;76.8;72.9
18;2021-09-21;113;424;227884;216504;76.9;73.0
18;2021-09-22;193;870;228077;217374;76.9;73.3
18;2021-09-23;249;466;228326;217840;77.0;73.5
18;2021-09-24;141;489;228467;218329;77.1;73.7
18;2021-09-25;159;690;228626;219019;77.1;73.9
18;2021-09-26;15;89;228641;219108;77.1;73.9
18;2021-09-27;109;315;228750;219423;77.2;74.0
18;2021-09-28;70;273;228820;219696;77.2;74.1
18;2021-09-29;68;281;228888;219977;77.2;74.2
18;2021-09-30;116;280;229004;220257;77.3;74.3
18;2021-10-01;144;289;229148;220546;77.3;74.4
18;2021-10-02;62;163;229210;220709;77.3;74.5
18;2021-10-03;6;10;229216;220719;77.3;74.5
18;2021-10-04;143;457;229359;221176;77.4;74.6
18;2021-10-05;161;336;229520;221512;77.4;74.7
18;2021-10-06;134;442;229654;221954;77.5;74.9
18;2021-10-07;99;372;229753;222326;77.5;75.0
18;2021-10-08;146;520;229899;222846;77.6;75.2
18;2021-10-09;119;314;230018;223160;77.6;75.3
18;2021-10-10;4;13;230022;223173;77.6;75.3
18;2021-10-11;156;199;230178;223372;77.7;75.4
18;2021-10-12;140;205;230318;223577;77.7;75.4
18;2021-10-13;167;219;230485;223796;77.8;75.5
19;2020-12-27;0;0;0;0;0.0;0.0
19;2020-12-28;0;0;0;0;0.0;0.0
19;2020-12-29;1;0;1;0;0.0;0.0
19;2020-12-30;0;0;1;0;0.0;0.0
19;2020-12-31;0;0;1;0;0.0;0.0
19;2021-01-01;0;0;1;0;0.0;0.0
19;2021-01-02;0;0;1;0;0.0;0.0
19;2021-01-03;0;0;1;0;0.0;0.0
19;2021-01-04;0;0;1;0;0.0;0.0
19;2021-01-05;0;0;1;0;0.0;0.0
19;2021-01-06;0;0;1;0;0.0;0.0
19;2021-01-07;344;2;345;2;0.1;0.0
19;2021-01-08;248;1;593;3;0.2;0.0
19;2021-01-09;1;0;594;3;0.2;0.0
19;2021-01-10;1;0;595;3;0.2;0.0
19;2021-01-11;38;0;633;3;0.3;0.0
19;2021-01-12;416;2;1049;5;0.4;0.0
19;2021-01-13;429;11;1478;16;0.6;0.0
19;2021-01-14;475;1;1953;17;0.8;0.0
19;2021-01-15;226;18;2179;35;0.9;0.0
19;2021-01-16;0;0;2179;35;0.9;0.0
19;2021-01-17;1;0;2180;35;0.9;0.0
19;2021-01-18;251;2;2431;37;1.0;0.0
19;2021-01-19;521;0;2952;37;1.2;0.0
19;2021-01-20;921;9;3873;46;1.6;0.0
19;2021-01-21;507;5;4380;51;1.8;0.0
19;2021-01-22;1318;18;5698;69;2.4;0.0
19;2021-01-23;281;0;5979;69;2.5;0.0
19;2021-01-24;38;0;6017;69;2.5;0.0
19;2021-01-25;233;0;6250;69;2.6;0.0
19;2021-01-26;608;4;6858;73;2.9;0.0
19;2021-01-27;334;5;7192;78;3.0;0.0
19;2021-01-28;297;251;7489;329;3.1;0.1
19;2021-01-29;347;61;7836;390;3.3;0.2
19;2021-01-30;130;26;7966;416;3.3;0.2
19;2021-01-31;41;1;8007;417;3.3;0.2
19;2021-02-01;158;95;8165;512;3.4;0.2
19;2021-02-02;303;429;8468;941;3.5;0.4
19;2021-02-03;285;246;8753;1187;3.6;0.5
19;2021-02-04;255;375;9008;1562;3.7;0.6
19;2021-02-05;311;76;9319;1638;3.9;0.7
19;2021-02-06;215;2;9534;1640;4.0;0.7
19;2021-02-07;48;2;9582;1642;4.0;0.7
19;2021-02-08;177;150;9759;1792;4.1;0.7
19;2021-02-09;333;274;10092;2066;4.2;0.9
19;2021-02-10;517;296;10609;2362;4.4;1.0
19;2021-02-11;414;319;11023;2681;4.6;1.1
19;2021-02-12;799;1162;11822;3843;4.9;1.6
19;2021-02-13;352;187;12174;4030;5.1;1.7
19;2021-02-14;98;13;12272;4043;5.1;1.7
19;2021-02-15;200;243;12472;4286;5.2;1.8
19;2021-02-16;386;171;12858;4457;5.4;1.9
19;2021-02-17;306;468;13164;4925;5.5;2.0
19;2021-02-18;174;508;13338;5433;5.5;2.3
19;2021-02-19;469;299;13807;5732;5.7;2.4
19;2021-02-20;133;207;13940;5939;5.8;2.5
19;2021-02-21;20;40;13960;5979;5.8;2.5
19;2021-02-22;221;211;14181;6190;5.9;2.6
19;2021-02-23;268;345;14449;6535;6.0;2.7
19;2021-02-24;361;208;14810;6743;6.2;2.8
19;2021-02-25;519;382;15329;7125;6.4;3.0
19;2021-02-26;395;318;15724;7443;6.5;3.1
19;2021-02-27;348;162;16072;7605;6.7;3.2
19;2021-02-28;68;36;16140;7641;6.7;3.2
19;2021-03-01;266;221;16406;7862;6.8;3.3
19;2021-03-02;428;258;16834;8120;7.0;3.4
19;2021-03-03;692;340;17526;8460;7.3;3.5
19;2021-03-04;826;353;18352;8813;7.6;3.7
19;2021-03-05;891;737;19243;9550;8.0;4.0
19;2021-03-06;1072;216;20315;9766;8.5;4.1
19;2021-03-07;463;38;20778;9804;8.6;4.1
19;2021-03-08;640;166;21418;9970;8.9;4.1
19;2021-03-09;836;251;22254;10221;9.3;4.3
19;2021-03-10;1155;322;23409;10543;9.7;4.4
19;2021-03-11;1274;310;24683;10853;10.3;4.5
19;2021-03-12;1136;407;25819;11260;10.7;4.7
19;2021-03-13;1110;169;26929;11429;11.2;4.8
19;2021-03-14;161;85;27090;11514;11.3;4.8
19;2021-03-15;699;137;27789;11651;11.6;4.8
19;2021-03-16;688;304;28477;11955;11.8;5.0
19;2021-03-17;839;283;29316;12238;12.2;5.1
19;2021-03-18;767;283;30083;12521;12.5;5.2
19;2021-03-19;1014;488;31097;13009;12.9;5.4
19;2021-03-20;784;132;31881;13141;13.3;5.5
19;2021-03-21;128;4;32009;13145;13.3;5.5
19;2021-03-22;548;177;32557;13322;13.5;5.5
19;2021-03-23;1045;234;33602;13556;14.0;5.6
19;2021-03-24;1172;373;34774;13929;14.5;5.8
19;2021-03-25;1189;415;35963;14344;15.0;6.0
19;2021-03-26;1325;279;37288;14623;15.5;6.1
19;2021-03-27;854;191;38142;14814;15.9;6.2
19;2021-03-28;63;60;38205;14874;15.9;6.2
19;2021-03-29;612;177;38817;15051;16.2;6.3
19;2021-03-30;971;344;39788;15395;16.6;6.4
19;2021-03-31;1157;498;40945;15893;17.0;6.6
19;2021-04-01;1491;429;42436;16322;17.7;6.8
19;2021-04-02;1008;528;43444;16850;18.1;7.0
19;2021-04-03;597;285;44041;17135;18.3;7.1
19;2021-04-04;130;3;44171;17138;18.4;7.1
19;2021-04-05;40;76;44211;17214;18.4;7.2
19;2021-04-06;734;604;44945;17818;18.7;7.4
19;2021-04-07;976;732;45921;18550;19.1;7.7
19;2021-04-08;1116;1020;47037;19570;19.6;8.1
19;2021-04-09;1641;616;48678;20186;20.3;8.4
19;2021-04-10;946;560;49624;20746;20.6;8.6
19;2021-04-11;557;74;50181;20820;20.9;8.7
19;2021-04-12;681;524;50862;21344;21.2;8.9
19;2021-04-13;915;576;51777;21920;21.5;9.1
19;2021-04-14;1333;852;53110;22772;22.1;9.5
19;2021-04-15;1229;873;54339;23645;22.6;9.8
19;2021-04-16;1505;823;55844;24468;23.2;10.2
19;2021-04-17;761;480;56605;24948;23.6;10.4
19;2021-04-18;661;72;57266;25020;23.8;10.4
19;2021-04-19;730;440;57996;25460;24.1;10.6
19;2021-04-20;979;751;58975;26211;24.5;10.9
19;2021-04-21;1271;700;60246;26911;25.1;11.2
19;2021-04-22;1188;900;61434;27811;25.6;11.6
19;2021-04-23;1127;1021;62561;28832;26.0;12.0
19;2021-04-24;678;676;63239;29508;26.3;12.3
19;2021-04-25;675;70;63914;29578;26.6;12.3
19;2021-04-26;1056;332;64970;29910;27.0;12.4
19;2021-04-27;1027;569;65997;30479;27.5;12.7
19;2021-04-28;1553;557;67550;31036;28.1;12.9
19;2021-04-29;1453;1197;69003;32233;28.7;13.4
19;2021-04-30;1876;1062;70879;33295;29.5;13.9
19;2021-05-01;671;175;71550;33470;29.8;13.9
19;2021-05-02;551;152;72101;33622;30.0;14.0
19;2021-05-03;854;547;72955;34169;30.4;14.2
19;2021-05-04;1025;709;73980;34878;30.8;14.5
19;2021-05-05;1256;741;75236;35619;31.3;14.8
19;2021-05-06;1127;1200;76363;36819;31.8;15.3
19;2021-05-07;1663;1191;78026;38010;32.5;15.8
19;2021-05-08;712;206;78738;38216;32.8;15.9
19;2021-05-09;487;547;79225;38763;33.0;16.1
19;2021-05-10;1164;671;80389;39434;33.4;16.4
19;2021-05-11;1639;858;82028;40292;34.1;16.8
19;2021-05-12;1945;1322;83973;41614;34.9;17.3
19;2021-05-13;571;242;84544;41856;35.2;17.4
19;2021-05-14;1646;988;86190;42844;35.9;17.8
19;2021-05-15;1443;593;87633;43437;36.5;18.1
19;2021-05-16;350;82;87983;43519;36.6;18.1
19;2021-05-17;1498;559;89481;44078;37.2;18.3
19;2021-05-18;1669;500;91150;44578;37.9;18.5
19;2021-05-19;2009;829;93159;45407;38.8;18.9
19;2021-05-20;1722;892;94881;46299;39.5;19.3
19;2021-05-21;1964;814;96845;47113;40.3;19.6
19;2021-05-22;1271;651;98116;47764;40.8;19.9
19;2021-05-23;324;131;98440;47895;41.0;19.9
19;2021-05-24;139;46;98579;47941;41.0;19.9
19;2021-05-25;1503;492;100082;48433;41.6;20.2
19;2021-05-26;1924;666;102006;49099;42.4;20.4
19;2021-05-27;1786;837;103792;49936;43.2;20.8
19;2021-05-28;1937;991;105729;50927;44.0;21.2
19;2021-05-29;1375;705;107104;51632;44.6;21.5
19;2021-05-30;191;497;107295;52129;44.6;21.7
19;2021-05-31;1199;537;108494;52666;45.1;21.9
19;2021-06-01;1284;886;109778;53552;45.7;22.3
19;2021-06-02;1816;958;111594;54510;46.4;22.7
19;2021-06-03;1447;1255;113041;55765;47.0;23.2
19;2021-06-04;1848;1358;114889;57123;47.8;23.8
19;2021-06-05;1210;815;116099;57938;48.3;24.1
19;2021-06-06;87;648;116186;58586;48.3;24.4
19;2021-06-07;923;935;117109;59521;48.7;24.8
19;2021-06-08;1104;906;118213;60427;49.2;25.1
19;2021-06-09;1328;1463;119541;61890;49.7;25.8
19;2021-06-10;1283;1580;120824;63470;50.3;26.4
19;2021-06-11;1306;1921;122130;65391;50.8;27.2
19;2021-06-12;1356;1317;123486;66708;51.4;27.8
19;2021-06-13;542;424;124028;67132;51.6;27.9
19;2021-06-14;736;1016;124764;68148;51.9;28.4
19;2021-06-15;979;1143;125743;69291;52.3;28.8
19;2021-06-16;1222;1363;126965;70654;52.8;29.4
19;2021-06-17;868;1788;127833;72442;53.2;30.1
19;2021-06-18;1056;2135;128889;74577;53.6;31.0
19;2021-06-19;919;1302;129808;75879;54.0;31.6
19;2021-06-20;395;327;130203;76206;54.2;31.7
19;2021-06-21;500;1074;130703;77280;54.4;32.2
19;2021-06-22;698;1490;131401;78770;54.7;32.8
19;2021-06-23;744;1989;132145;80759;55.0;33.6
19;2021-06-24;687;1663;132832;82422;55.3;34.3
19;2021-06-25;562;2216;133394;84638;55.5;35.2
19;2021-06-26;474;1741;133868;86379;55.7;35.9
19;2021-06-27;289;446;134157;86825;55.8;36.1
19;2021-06-28;315;1499;134472;88324;56.0;36.8
19;2021-06-29;353;1893;134825;90217;56.1;37.5
19;2021-06-30;796;2152;135621;92369;56.4;38.4
19;2021-07-01;361;2322;135982;94691;56.6;39.4
19;2021-07-02;798;2316;136780;97007;56.9;40.4
19;2021-07-03;513;1744;137293;98751;57.1;41.1
19;2021-07-04;1;73;137294;98824;57.1;41.1
19;2021-07-05;600;1015;137894;99839;57.4;41.5
19;2021-07-06;504;1541;138398;101380;57.6;42.2
19;2021-07-07;706;2046;139104;103426;57.9;43.0
19;2021-07-08;770;2148;139874;105574;58.2;43.9
19;2021-07-09;716;2659;140590;108233;58.5;45.0
19;2021-07-10;586;1708;141176;109941;58.7;45.7
19;2021-07-11;45;212;141221;110153;58.8;45.8
19;2021-07-12;446;1487;141667;111640;58.9;46.5
19;2021-07-13;687;1828;142354;113468;59.2;47.2
19;2021-07-14;201;272;142555;113740;59.3;47.3
19;2021-07-15;870;2050;143425;115790;59.7;48.2
19;2021-07-16;1228;2445;144653;118235;60.2;49.2
19;2021-07-17;703;1718;145356;119953;60.5;49.9
19;2021-07-18;365;672;145721;120625;60.6;50.2
19;2021-07-19;968;1401;146689;122026;61.0;50.8
19;2021-07-20;967;1676;147656;123702;61.4;51.5
19;2021-07-21;1083;1711;148739;125413;61.9;52.2
19;2021-07-22;1392;1857;150131;127270;62.5;53.0
19;2021-07-23;1784;1996;151915;129266;63.2;53.8
19;2021-07-24;908;1753;152823;131019;63.6;54.5
19;2021-07-25;164;513;152987;131532;63.7;54.7
19;2021-07-26;911;911;153898;132443;64.0;55.1
19;2021-07-27;1424;1117;155322;133560;64.6;55.6
19;2021-07-28;2045;1224;157367;134784;65.5;56.1
19;2021-07-29;1623;1204;158990;135988;66.2;56.6
19;2021-07-30;1909;1027;160899;137015;66.9;57.0
19;2021-07-31;1129;1018;162028;138033;67.4;57.4
19;2021-08-01;347;372;162375;138405;67.6;57.6
19;2021-08-02;1195;810;163570;139215;68.1;57.9
19;2021-08-03;1453;1055;165023;140270;68.7;58.4
19;2021-08-04;1983;763;167006;141033;69.5;58.7
19;2021-08-05;1630;958;168636;141991;70.2;59.1
19;2021-08-06;1962;1219;170598;143210;71.0;59.6
19;2021-08-07;1335;1001;171933;144211;71.5;60.0
19;2021-08-08;187;234;172120;144445;71.6;60.1
19;2021-08-09;1009;784;173129;145229;72.0;60.4
19;2021-08-10;1280;1014;174409;146243;72.6;60.8
19;2021-08-11;1356;1006;175765;147249;73.1;61.3
19;2021-08-12;1016;1276;176781;148525;73.6;61.8
19;2021-08-13;1181;1275;177962;149800;74.0;62.3
19;2021-08-14;979;1165;178941;150965;74.5;62.8
19;2021-08-15;30;54;178971;151019;74.5;62.8
19;2021-08-16;592;1029;179563;152048;74.7;63.3
19;2021-08-17;633;1167;180196;153215;75.0;63.8
19;2021-08-18;656;979;180852;154194;75.2;64.2
19;2021-08-19;438;1258;181290;155452;75.4;64.7
19;2021-08-20;867;1927;182157;157379;75.8;65.5
19;2021-08-21;495;1376;182652;158755;76.0;66.1
19;2021-08-22;52;93;182704;158848;76.0;66.1
19;2021-08-23;226;1158;182930;160006;76.1;66.6
19;2021-08-24;538;1317;183468;161323;76.3;67.1
19;2021-08-25;649;1557;184117;162880;76.6;67.8
19;2021-08-26;477;1463;184594;164343;76.8;68.4
19;2021-08-27;501;1689;185095;166032;77.0;69.1
19;2021-08-28;360;1277;185455;167309;77.2;69.6
19;2021-08-29;60;182;185515;167491;77.2;69.7
19;2021-08-30;224;1089;185739;168580;77.3;70.1
19;2021-08-31;326;1352;186065;169932;77.4;70.7
19;2021-09-01;365;1433;186430;171365;77.6;71.3
19;2021-09-02;346;1193;186776;172558;77.7;71.8
19;2021-09-03;412;1423;187188;173981;77.9;72.4
19;2021-09-04;302;1361;187490;175342;78.0;73.0
19;2021-09-05;32;106;187522;175448;78.0;73.0
19;2021-09-06;197;630;187719;176078;78.1;73.3
19;2021-09-07;229;755;187948;176833;78.2;73.6
19;2021-09-08;287;741;188235;177574;78.3;73.9
19;2021-09-09;253;536;188488;178110;78.4;74.1
19;2021-09-10;252;708;188740;178818;78.5;74.4
19;2021-09-11;295;1055;189035;179873;78.7;74.8
19;2021-09-12;42;70;189077;179943;78.7;74.9
19;2021-09-13;107;245;189184;180188;78.7;75.0
19;2021-09-14;171;387;189355;180575;78.8;75.1
19;2021-09-15;245;670;189600;181245;78.9;75.4
19;2021-09-16;234;411;189834;181656;79.0;75.6
19;2021-09-17;255;531;190089;182187;79.1;75.8
19;2021-09-18;183;689;190272;182876;79.2;76.1
19;2021-09-19;17;34;190289;182910;79.2;76.1
19;2021-09-20;112;205;190401;183115;79.2;76.2
19;2021-09-21;143;295;190544;183410;79.3;76.3
19;2021-09-22;152;398;190696;183808;79.3;76.5
19;2021-09-23;87;300;190783;184108;79.4;76.6
19;2021-09-24;123;360;190906;184468;79.4;76.8
19;2021-09-25;140;568;191046;185036;79.5;77.0
19;2021-09-26;14;25;191060;185061;79.5;77.0
19;2021-09-27;43;215;191103;185276;79.5;77.1
19;2021-09-28;67;202;191170;185478;79.5;77.2
19;2021-09-29;82;341;191252;185819;79.6;77.3
19;2021-09-30;104;272;191356;186091;79.6;77.4
19;2021-10-01;115;233;191471;186324;79.7;77.5
19;2021-10-02;151;340;191622;186664;79.7;77.7
19;2021-10-03;9;11;191631;186675;79.7;77.7
19;2021-10-04;56;134;191687;186809;79.8;77.7
19;2021-10-05;100;187;191787;186996;79.8;77.8
19;2021-10-06;107;249;191894;187245;79.8;77.9
19;2021-10-07;65;242;191959;187487;79.9;78.0
19;2021-10-08;80;222;192039;187709;79.9;78.1
19;2021-10-09;146;276;192185;187985;80.0;78.2
19;2021-10-10;3;10;192188;187995;80.0;78.2
19;2021-10-11;55;164;192243;188159;80.0;78.3
19;2021-10-12;101;184;192344;188343;80.0;78.4
19;2021-10-13;98;186;192442;188529;80.1;78.4
21;2020-12-27;4;0;4;0;0.0;0.0
21;2020-12-28;2;0;6;0;0.0;0.0
21;2020-12-29;19;0;25;0;0.0;0.0
21;2020-12-30;22;0;47;0;0.0;0.0
21;2020-12-31;0;0;47;0;0.0;0.0
21;2021-01-01;0;0;47;0;0.0;0.0
21;2021-01-02;1;0;48;0;0.0;0.0
21;2021-01-03;1;0;49;0;0.0;0.0
21;2021-01-04;23;0;72;0;0.0;0.0
21;2021-01-05;250;2;322;2;0.1;0.0
21;2021-01-06;300;0;622;2;0.1;0.0
21;2021-01-07;389;1;1011;3;0.2;0.0
21;2021-01-08;455;2;1466;5;0.3;0.0
21;2021-01-09;252;0;1718;5;0.3;0.0
21;2021-01-10;2;1;1720;6;0.3;0.0
21;2021-01-11;624;1;2344;7;0.4;0.0
21;2021-01-12;656;0;3000;7;0.6;0.0
21;2021-01-13;706;2;3706;9;0.7;0.0
21;2021-01-14;1190;10;4896;19;0.9;0.0
21;2021-01-15;719;5;5615;24;1.1;0.0
21;2021-01-16;162;1;5777;25;1.1;0.0
21;2021-01-17;5;0;5782;25;1.1;0.0
21;2021-01-18;1318;7;7100;32;1.3;0.0
21;2021-01-19;1370;5;8470;37;1.6;0.0
21;2021-01-20;1300;48;9770;85;1.8;0.0
21;2021-01-21;1543;8;11313;93;2.1;0.0
21;2021-01-22;1246;5;12559;98;2.4;0.0
21;2021-01-23;490;1;13049;99;2.4;0.0
21;2021-01-24;124;0;13173;99;2.5;0.0
21;2021-01-25;928;20;14101;119;2.6;0.0
21;2021-01-26;1546;147;15647;266;2.9;0.0
21;2021-01-27;2061;172;17708;438;3.3;0.1
21;2021-01-28;1460;240;19168;678;3.6;0.1
21;2021-01-29;1022;212;20190;890;3.8;0.2
21;2021-01-30;470;32;20660;922;3.9;0.2
21;2021-01-31;97;3;20757;925;3.9;0.2
21;2021-02-01;453;287;21210;1212;4.0;0.2
21;2021-02-02;456;442;21666;1654;4.1;0.3
21;2021-02-03;446;284;22112;1938;4.1;0.4
21;2021-02-04;417;541;22529;2479;4.2;0.5
21;2021-02-05;489;526;23018;3005;4.3;0.6
21;2021-02-06;162;228;23180;3233;4.3;0.6
21;2021-02-07;2;2;23182;3235;4.4;0.6
21;2021-02-08;433;390;23615;3625;4.4;0.7
21;2021-02-09;516;524;24131;4149;4.5;0.8
21;2021-02-10;461;584;24592;4733;4.6;0.9
21;2021-02-11;486;750;25078;5483;4.7;1.0
21;2021-02-12;356;936;25434;6419;4.8;1.2
21;2021-02-13;365;325;25799;6744;4.8;1.3
21;2021-02-14;239;149;26038;6893;4.9;1.3
21;2021-02-15;120;1406;26158;8299;4.9;1.6
21;2021-02-16;207;1567;26365;9866;4.9;1.9
21;2021-02-17;405;1989;26770;11855;5.0;2.2
21;2021-02-18;604;1353;27374;13208;5.1;2.5
21;2021-02-19;218;1136;27592;14344;5.2;2.7
21;2021-02-20;121;425;27713;14769;5.2;2.8
21;2021-02-21;1;83;27714;14852;5.2;2.8
21;2021-02-22;84;773;27798;15625;5.2;2.9
21;2021-02-23;169;1040;27967;16665;5.2;3.1
21;2021-02-24;226;745;28193;17410;5.3;3.3
21;2021-02-25;647;831;28840;18241;5.4;3.4
21;2021-02-26;927;720;29767;18961;5.6;3.6
21;2021-02-27;532;300;30299;19261;5.7;3.6
21;2021-02-28;24;133;30323;19394;5.7;3.6
21;2021-03-01;680;630;31003;20024;5.8;3.8
21;2021-03-02;1055;556;32058;20580;6.0;3.9
21;2021-03-03;1169;449;33227;21029;6.2;3.9
21;2021-03-04;1689;522;34916;21551;6.6;4.0
21;2021-03-05;2196;668;37112;22219;7.0;4.2
21;2021-03-06;1595;202;38707;22421;7.3;4.2
21;2021-03-07;4;16;38711;22437;7.3;4.2
21;2021-03-08;773;449;39484;22886;7.4;4.3
21;2021-03-09;1572;577;41056;23463;7.7;4.4
21;2021-03-10;1627;565;42683;24028;8.0;4.5
21;2021-03-11;2198;705;44881;24733;8.4;4.6
21;2021-03-12;2904;442;47785;25175;9.0;4.7
21;2021-03-13;1932;190;49717;25365;9.3;4.8
21;2021-03-14;38;48;49755;25413;9.3;4.8
21;2021-03-15;1416;87;51171;25500;9.6;4.8
21;2021-03-16;1884;159;53055;25659;10.0;4.8
21;2021-03-17;1810;120;54865;25779;10.3;4.8
21;2021-03-18;2128;272;56993;26051;10.7;4.9
21;2021-03-19;1964;151;58957;26202;11.1;4.9
21;2021-03-20;1228;39;60185;26241;11.3;4.9
21;2021-03-21;2;0;60187;26241;11.3;4.9
21;2021-03-22;1556;93;61743;26334;11.6;4.9
21;2021-03-23;2696;109;64439;26443;12.1;5.0
21;2021-03-24;2896;165;67335;26608;12.6;5.0
21;2021-03-25;3731;249;71066;26857;13.3;5.0
21;2021-03-26;3655;207;74721;27064;14.0;5.1
21;2021-03-27;1732;62;76453;27126;14.3;5.1
21;2021-03-28;200;38;76653;27164;14.4;5.1
21;2021-03-29;1788;522;78441;27686;14.7;5.2
21;2021-03-30;2347;810;80788;28496;15.2;5.3
21;2021-03-31;2718;656;83506;29152;15.7;5.5
21;2021-04-01;2694;725;86200;29877;16.2;5.6
21;2021-04-02;2250;749;88450;30626;16.6;5.7
21;2021-04-03;1018;282;89468;30908;16.8;5.8
21;2021-04-04;2;12;89470;30920;16.8;5.8
21;2021-04-05;9;0;89479;30920;16.8;5.8
21;2021-04-06;1359;1140;90838;32060;17.0;6.0
21;2021-04-07;1750;970;92588;33030;17.4;6.2
21;2021-04-08;3217;1151;95805;34181;18.0;6.4
21;2021-04-09;3482;1190;99287;35371;18.6;6.6
21;2021-04-10;1376;750;100663;36121;18.9;6.8
21;2021-04-11;145;4;100808;36125;18.9;6.8
21;2021-04-12;1118;1348;101926;37473;19.1;7.0
21;2021-04-13;1654;1787;103580;39260;19.4;7.4
21;2021-04-14;1485;1475;105065;40735;19.7;7.6
21;2021-04-15;1899;1594;106964;42329;20.1;7.9
21;2021-04-16;2322;1316;109286;43645;20.5;8.2
21;2021-04-17;1020;977;110306;44622;20.7;8.4
21;2021-04-18;15;4;110321;44626;20.7;8.4
21;2021-04-19;1110;1323;111431;45949;20.9;8.6
21;2021-04-20;1245;1837;112676;47786;21.1;9.0
21;2021-04-21;1096;1723;113772;49509;21.4;9.3
21;2021-04-22;1275;2219;115047;51728;21.6;9.7
21;2021-04-23;1984;1732;117031;53460;22.0;10.0
21;2021-04-24;1002;874;118033;54334;22.1;10.2
21;2021-04-25;9;169;118042;54503;22.2;10.2
21;2021-04-26;1013;1598;119055;56101;22.3;10.5
21;2021-04-27;1843;1943;120898;58044;22.7;10.9
21;2021-04-28;2231;2231;123129;60275;23.1;11.3
21;2021-04-29;3135;2272;126264;62547;23.7;11.7
21;2021-04-30;3563;1866;129827;64413;24.4;12.1
21;2021-05-01;962;227;130789;64640;24.5;12.1
21;2021-05-02;2;5;130791;64645;24.5;12.1
21;2021-05-03;2081;1351;132872;65996;24.9;12.4
21;2021-05-04;2577;1651;135449;67647;25.4;12.7
21;2021-05-05;2247;1692;137696;69339;25.8;13.0
21;2021-05-06;3015;2252;140711;71591;26.4;13.4
21;2021-05-07;2805;2181;143516;73772;26.9;13.8
21;2021-05-08;1067;272;144583;74044;27.1;13.9
21;2021-05-09;26;177;144609;74221;27.1;13.9
21;2021-05-10;3169;1730;147778;75951;27.7;14.3
21;2021-05-11;4923;2006;152701;77957;28.7;14.6
21;2021-05-12;4805;1750;157506;79707;29.6;15.0
21;2021-05-13;3845;369;161351;80076;30.3;15.0
21;2021-05-14;5197;1472;166548;81548;31.3;15.3
21;2021-05-15;3428;647;169976;82195;31.9;15.4
21;2021-05-16;49;4;170025;82199;31.9;15.4
21;2021-05-17;4128;1259;174153;83458;32.7;15.7
21;2021-05-18;4360;1504;178513;84962;33.5;15.9
21;2021-05-19;3470;1128;181983;86090;34.2;16.2
21;2021-05-20;3898;1361;185881;87451;34.9;16.4
21;2021-05-21;3628;2157;189509;89608;35.6;16.8
21;2021-05-22;1669;771;191178;90379;35.9;17.0
21;2021-05-23;4;17;191182;90396;35.9;17.0
21;2021-05-24;1815;266;192997;90662;36.2;17.0
21;2021-05-25;2648;1963;195645;92625;36.7;17.4
21;2021-05-26;2604;2000;198249;94625;37.2;17.8
21;2021-05-27;4014;2099;202263;96724;38.0;18.2
21;2021-05-28;3572;2822;205835;99546;38.6;18.7
21;2021-05-29;1932;1469;207767;101015;39.0;19.0
21;2021-05-30;98;13;207865;101028;39.0;19.0
21;2021-05-31;2501;1781;210366;102809;39.5;19.3
21;2021-06-01;3449;2254;213815;105063;40.1;19.7
21;2021-06-02;2617;1761;216432;106824;40.6;20.0
21;2021-06-03;3146;2077;219578;108901;41.2;20.4
21;2021-06-04;3286;2591;222864;111492;41.8;20.9
21;2021-06-05;2921;1653;225785;113145;42.4;21.2
21;2021-06-06;51;85;225836;113230;42.4;21.2
21;2021-06-07;4314;1347;230150;114577;43.2;21.5
21;2021-06-08;4935;2146;235085;116723;44.1;21.9
21;2021-06-09;4500;1631;239585;118354;45.0;22.2
21;2021-06-10;3933;2596;243518;120950;45.7;22.7
21;2021-06-11;4164;3109;247682;124059;46.5;23.3
21;2021-06-12;2199;1608;249881;125667;46.9;23.6
21;2021-06-13;29;11;249910;125678;46.9;23.6
21;2021-06-14;2198;2565;252108;128243;47.3;24.1
21;2021-06-15;2958;3092;255066;131335;47.9;24.6
21;2021-06-16;2850;2612;257916;133947;48.4;25.1
21;2021-06-17;3422;3042;261338;136989;49.0;25.7
21;2021-06-18;2424;3802;263762;140791;49.5;26.4
21;2021-06-19;2045;1865;265807;142656;49.9;26.8
21;2021-06-20;26;13;265833;142669;49.9;26.8
21;2021-06-21;1840;3407;267673;146076;50.2;27.4
21;2021-06-22;1885;5829;269558;151905;50.6;28.5
21;2021-06-23;2030;5011;271588;156916;51.0;29.4
21;2021-06-24;2367;4666;273955;161582;51.4;30.3
21;2021-06-25;1530;5895;275485;167477;51.7;31.4
21;2021-06-26;1441;3899;276926;171376;52.0;32.2
21;2021-06-27;18;125;276944;171501;52.0;32.2
21;2021-06-28;1397;4017;278341;175518;52.2;32.9
21;2021-06-29;1633;4174;279974;179692;52.5;33.7
21;2021-06-30;1568;3372;281542;183064;52.8;34.4
21;2021-07-01;1663;4147;283205;187211;53.1;35.1
21;2021-07-02;2179;4231;285384;191442;53.6;35.9
21;2021-07-03;1096;2101;286480;193543;53.8;36.3
21;2021-07-04;37;55;286517;193598;53.8;36.3
21;2021-07-05;1611;3628;288128;197226;54.1;37.0
21;2021-07-06;1349;3583;289477;200809;54.3;37.7
21;2021-07-07;1455;3240;290932;204049;54.6;38.3
21;2021-07-08;1884;4160;292816;208209;54.9;39.1
21;2021-07-09;2081;4350;294897;212559;55.3;39.9
21;2021-07-10;1089;2547;295986;215106;55.5;40.4
21;2021-07-11;21;74;296007;215180;55.5;40.4
21;2021-07-12;1656;3727;297663;218907;55.9;41.1
21;2021-07-13;2343;4889;300006;223796;56.3;42.0
21;2021-07-14;2874;2017;302880;225813;56.8;42.4
21;2021-07-15;3814;4551;306694;230364;57.6;43.2
21;2021-07-16;3889;5254;310583;235618;58.3;44.2
21;2021-07-17;2775;4170;313358;239788;58.8;45.0
21;2021-07-18;158;82;313516;239870;58.8;45.0
21;2021-07-19;2375;4624;315891;244494;59.3;45.9
21;2021-07-20;2760;5487;318651;249981;59.8;46.9
21;2021-07-21;2908;4787;321559;254768;60.3;47.8
21;2021-07-22;3026;4721;324585;259489;60.9;48.7
21;2021-07-23;4352;4896;328937;264385;61.7;49.6
21;2021-07-24;3034;3021;331971;267406;62.3;50.2
21;2021-07-25;68;40;332039;267446;62.3;50.2
21;2021-07-26;2663;3590;334702;271036;62.8;50.9
21;2021-07-27;3412;3772;338114;274808;63.4;51.6
21;2021-07-28;3574;3354;341688;278162;64.1;52.2
21;2021-07-29;4135;3366;345823;281528;64.9;52.8
21;2021-07-30;4622;3353;350445;284881;65.8;53.5
21;2021-07-31;3427;2378;353872;287259;66.4;53.9
21;2021-08-01;331;57;354203;287316;66.5;53.9
21;2021-08-02;2541;3168;356744;290484;66.9;54.5
21;2021-08-03;2624;2761;359368;293245;67.4;55.0
21;2021-08-04;2365;2487;361733;295732;67.9;55.5
21;2021-08-05;2219;3078;363952;298810;68.3;56.1
21;2021-08-06;2591;3312;366543;302122;68.8;56.7
21;2021-08-07;1905;2660;368448;304782;69.1;57.2
21;2021-08-08;75;70;368523;304852;69.2;57.2
21;2021-08-09;1651;2930;370174;307782;69.5;57.8
21;2021-08-10;1413;2715;371587;310497;69.7;58.3
21;2021-08-11;1666;2446;373253;312943;70.0;58.7
21;2021-08-12;1176;2419;374429;315362;70.3;59.2
21;2021-08-13;1525;2747;375954;318109;70.6;59.7
21;2021-08-14;860;2435;376814;320544;70.7;60.2
21;2021-08-15;51;64;376865;320608;70.7;60.2
21;2021-08-16;1400;2823;378265;323431;71.0;60.7
21;2021-08-17;1205;2775;379470;326206;71.2;61.2
21;2021-08-18;1029;2872;380499;329078;71.4;61.8
21;2021-08-19;957;3068;381456;332146;71.6;62.3
21;2021-08-20;1064;4192;382520;336338;71.8;63.1
21;2021-08-21;844;3143;383364;339481;71.9;63.7
21;2021-08-22;35;117;383399;339598;71.9;63.7
21;2021-08-23;938;3220;384337;342818;72.1;64.3
21;2021-08-24;987;2877;385324;345695;72.3;64.9
21;2021-08-25;870;2551;386194;348246;72.5;65.4
21;2021-08-26;728;2427;386922;350673;72.6;65.8
21;2021-08-27;1035;3398;387957;354071;72.8;66.4
21;2021-08-28;711;2757;388668;356828;72.9;67.0
21;2021-08-29;48;215;388716;357043;72.9;67.0
21;2021-08-30;790;2214;389506;359257;73.1;67.4
21;2021-08-31;944;1990;390450;361247;73.3;67.8
21;2021-09-01;625;1613;391075;362860;73.4;68.1
21;2021-09-02;550;1214;391625;364074;73.5;68.3
21;2021-09-03;787;1714;392412;365788;73.6;68.6
21;2021-09-04;752;1445;393164;367233;73.8;68.9
21;2021-09-05;69;79;393233;367312;73.8;68.9
21;2021-09-06;410;1243;393643;368555;73.9;69.2
21;2021-09-07;392;1033;394035;369588;73.9;69.4
21;2021-09-08;554;1285;394589;370873;74.0;69.6
21;2021-09-09;400;933;394989;371806;74.1;69.8
21;2021-09-10;669;1390;395658;373196;74.2;70.0
21;2021-09-11;473;1300;396131;374496;74.3;70.3
21;2021-09-12;20;34;396151;374530;74.3;70.3
21;2021-09-13;254;703;396405;375233;74.4;70.4
21;2021-09-14;478;956;396883;376189;74.5;70.6
21;2021-09-15;486;905;397369;377094;74.6;70.8
21;2021-09-16;343;759;397712;377853;74.6;70.9
21;2021-09-17;556;1057;398268;378910;74.7;71.1
21;2021-09-18;328;1007;398596;379917;74.8;71.3
21;2021-09-19;5;21;398601;379938;74.8;71.3
21;2021-09-20;253;620;398854;380558;74.8;71.4
21;2021-09-21;375;664;399229;381222;74.9;71.5
21;2021-09-22;336;905;399565;382127;75.0;71.7
21;2021-09-23;273;522;399838;382649;75.0;71.8
21;2021-09-24;359;806;400197;383455;75.1;72.0
21;2021-09-25;215;866;400412;384321;75.1;72.1
21;2021-09-26;6;21;400418;384342;75.1;72.1
21;2021-09-27;243;447;400661;384789;75.2;72.2
21;2021-09-28;211;489;400872;385278;75.2;72.3
21;2021-09-29;245;535;401117;385813;75.3;72.4
21;2021-09-30;290;404;401407;386217;75.3;72.5
21;2021-10-01;362;833;401769;387050;75.4;72.6
21;2021-10-02;223;574;401992;387624;75.4;72.7
21;2021-10-03;6;22;401998;387646;75.4;72.7
21;2021-10-04;196;330;402194;387976;75.5;72.8
21;2021-10-05;153;461;402347;388437;75.5;72.9
21;2021-10-06;240;508;402587;388945;75.5;73.0
21;2021-10-07;140;335;402727;389280;75.6;73.1
21;2021-10-08;384;737;403111;390017;75.6;73.2
21;2021-10-09;249;442;403360;390459;75.7;73.3
21;2021-10-10;4;14;403364;390473;75.7;73.3
21;2021-10-11;132;313;403496;390786;75.7;73.3
21;2021-10-12;164;440;403660;391226;75.7;73.4
21;2021-10-13;241;396;403901;391622;75.8;73.5
22;2020-12-27;0;0;0;0;0.0;0.0
22;2020-12-28;0;0;0;0;0.0;0.0
22;2020-12-29;0;0;0;0;0.0;0.0
22;2020-12-30;0;0;0;0;0.0;0.0
22;2020-12-31;0;0;0;0;0.0;0.0
22;2021-01-01;0;0;0;0;0.0;0.0
22;2021-01-02;2;0;2;0;0.0;0.0
22;2021-01-03;0;0;2;0;0.0;0.0
22;2021-01-04;5;0;7;0;0.0;0.0
22;2021-01-05;61;0;68;0;0.0;0.0
22;2021-01-06;114;1;182;1;0.0;0.0
22;2021-01-07;67;0;249;1;0.0;0.0
22;2021-01-08;174;0;423;1;0.1;0.0
22;2021-01-09;1;0;424;1;0.1;0.0
22;2021-01-10;0;0;424;1;0.1;0.0
22;2021-01-11;234;3;658;4;0.1;0.0
22;2021-01-12;627;0;1285;4;0.2;0.0
22;2021-01-13;677;1;1962;5;0.3;0.0
22;2021-01-14;718;8;2680;13;0.4;0.0
22;2021-01-15;529;2;3209;15;0.5;0.0
22;2021-01-16;96;0;3305;15;0.6;0.0
22;2021-01-17;1;0;3306;15;0.6;0.0
22;2021-01-18;312;2;3618;17;0.6;0.0
22;2021-01-19;686;1;4304;18;0.7;0.0
22;2021-01-20;598;1;4902;19;0.8;0.0
22;2021-01-21;947;2;5849;21;1.0;0.0
22;2021-01-22;840;2;6689;23;1.1;0.0
22;2021-01-23;219;0;6908;23;1.2;0.0
22;2021-01-24;2;0;6910;23;1.2;0.0
22;2021-01-25;751;11;7661;34;1.3;0.0
22;2021-01-26;1018;59;8679;93;1.5;0.0
22;2021-01-27;3858;118;12537;211;2.1;0.0
22;2021-01-28;4511;89;17048;300;2.9;0.1
22;2021-01-29;1898;130;18946;430;3.2;0.1
22;2021-01-30;289;0;19235;430;3.2;0.1
22;2021-01-31;3;0;19238;430;3.2;0.1
22;2021-02-01;642;81;19880;511;3.3;0.1
22;2021-02-02;903;436;20783;947;3.5;0.2
22;2021-02-03;691;503;21474;1450;3.6;0.2
22;2021-02-04;965;639;22439;2089;3.8;0.4
22;2021-02-05;723;565;23162;2654;3.9;0.4
22;2021-02-06;256;2;23418;2656;3.9;0.4
22;2021-02-07;0;0;23418;2656;3.9;0.4
22;2021-02-08;531;134;23949;2790;4.0;0.5
22;2021-02-09;614;347;24563;3137;4.1;0.5
22;2021-02-10;425;201;24988;3338;4.2;0.6
22;2021-02-11;1085;325;26073;3663;4.4;0.6
22;2021-02-12;595;329;26668;3992;4.5;0.7
22;2021-02-13;319;78;26987;4070;4.5;0.7
22;2021-02-14;0;5;26987;4075;4.5;0.7
22;2021-02-15;672;430;27659;4505;4.6;0.8
22;2021-02-16;1042;702;28701;5207;4.8;0.9
22;2021-02-17;1203;2457;29904;7664;5.0;1.3
22;2021-02-18;2147;3009;32051;10673;5.4;1.8
22;2021-02-19;1637;1947;33688;12620;5.7;2.1
22;2021-02-20;480;214;34168;12834;5.7;2.2
22;2021-02-21;7;49;34175;12883;5.7;2.2
22;2021-02-22;401;718;34576;13601;5.8;2.3
22;2021-02-23;665;934;35241;14535;5.9;2.4
22;2021-02-24;695;947;35936;15482;6.0;2.6
22;2021-02-25;1200;1202;37136;16684;6.2;2.8
22;2021-02-26;1066;710;38202;17394;6.4;2.9
22;2021-02-27;564;285;38766;17679;6.5;3.0
22;2021-02-28;16;8;38782;17687;6.5;3.0
22;2021-03-01;960;524;39742;18211;6.7;3.1
22;2021-03-02;1209;879;40951;19090;6.9;3.2
22;2021-03-03;1325;864;42276;19954;7.1;3.3
22;2021-03-04;1602;935;43878;20889;7.4;3.5
22;2021-03-05;2110;808;45988;21697;7.7;3.6
22;2021-03-06;1114;302;47102;21999;7.9;3.7
22;2021-03-07;219;1;47321;22000;7.9;3.7
22;2021-03-08;1291;662;48612;22662;8.2;3.8
22;2021-03-09;1824;756;50436;23418;8.5;3.9
22;2021-03-10;1988;1006;52424;24424;8.8;4.1
22;2021-03-11;2375;1661;54799;26085;9.2;4.4
22;2021-03-12;3101;968;57900;27053;9.7;4.5
22;2021-03-13;1722;296;59622;27349;10.0;4.6
22;2021-03-14;245;25;59867;27374;10.0;4.6
22;2021-03-15;1620;570;61487;27944;10.3;4.7
22;2021-03-16;1603;859;63090;28803;10.6;4.8
22;2021-03-17;2651;708;65741;29511;11.0;4.9
22;2021-03-18;2553;1109;68294;30620;11.5;5.1
22;2021-03-19;3281;803;71575;31423;12.0;5.3
22;2021-03-20;2208;288;73783;31711;12.4;5.3
22;2021-03-21;16;0;73799;31711;12.4;5.3
22;2021-03-22;2363;367;76162;32078;12.8;5.4
22;2021-03-23;3142;787;79304;32865;13.3;5.5
22;2021-03-24;3485;692;82789;33557;13.9;5.6
22;2021-03-25;3961;610;86750;34167;14.6;5.7
22;2021-03-26;4003;491;90753;34658;15.2;5.8
22;2021-03-27;2092;183;92845;34841;15.6;5.8
22;2021-03-28;67;1;92912;34842;15.6;5.8
22;2021-03-29;2765;914;95677;35756;16.0;6.0
22;2021-03-30;3567;1159;99244;36915;16.6;6.2
22;2021-03-31;3674;1091;102918;38006;17.3;6.4
22;2021-04-01;4943;1135;107861;39141;18.1;6.6
22;2021-04-02;4391;1042;112252;40183;18.8;6.7
22;2021-04-03;1998;404;114250;40587;19.2;6.8
22;2021-04-04;37;0;114287;40587;19.2;6.8
22;2021-04-05;15;0;114302;40587;19.2;6.8
22;2021-04-06;3288;1143;117590;41730;19.7;7.0
22;2021-04-07;3429;1376;121019;43106;20.3;7.2
22;2021-04-08;4446;1327;125465;44433;21.0;7.5
22;2021-04-09;5183;1370;130648;45803;21.9;7.7
22;2021-04-10;2447;371;133095;46174;22.3;7.7
22;2021-04-11;485;10;133580;46184;22.4;7.7
22;2021-04-12;2988;1013;136568;47197;22.9;7.9
22;2021-04-13;3318;1520;139886;48717;23.5;8.2
22;2021-04-14;3166;2492;143052;51209;24.0;8.6
22;2021-04-15;3599;2437;146651;53646;24.6;9.0
22;2021-04-16;3633;2494;150284;56140;25.2;9.4
22;2021-04-17;1920;1794;152204;57934;25.5;9.7
22;2021-04-18;17;0;152221;57934;25.5;9.7
22;2021-04-19;3022;2151;155243;60085;26.0;10.1
22;2021-04-20;3310;2798;158553;62883;26.6;10.5
22;2021-04-21;3223;2741;161776;65624;27.1;11.0
22;2021-04-22;3593;3139;165369;68763;27.7;11.5
22;2021-04-23;3727;3177;169096;71940;28.4;12.1
22;2021-04-24;2005;1967;171101;73907;28.7;12.4
22;2021-04-25;17;0;171118;73907;28.7;12.4
22;2021-04-26;3213;2858;174331;76765;29.2;12.9
22;2021-04-27;3371;3146;177702;79911;29.8;13.4
22;2021-04-28;3488;3159;181190;83070;30.4;13.9
22;2021-04-29;4080;3277;185270;86347;31.1;14.5
22;2021-04-30;3905;3229;189175;89576;31.7;15.0
22;2021-05-01;60;69;189235;89645;31.7;15.0
22;2021-05-02;1237;59;190472;89704;31.9;15.0
22;2021-05-03;2029;2714;192501;92418;32.3;15.5
22;2021-05-04;2155;2899;194656;95317;32.7;16.0
22;2021-05-05;2049;3006;196705;98323;33.0;16.5
22;2021-05-06;2508;3498;199213;101821;33.4;17.1
22;2021-05-07;2829;3408;202042;105229;33.9;17.7
22;2021-05-08;45;121;202087;105350;33.9;17.7
22;2021-05-09;602;438;202689;105788;34.0;17.7
22;2021-05-10;4473;2733;207162;108521;34.7;18.2
22;2021-05-11;5106;2903;212268;111424;35.6;18.7
22;2021-05-12;6599;1025;218867;112449;36.7;18.9
22;2021-05-13;528;35;219395;112484;36.8;18.9
22;2021-05-14;6407;1089;225802;113573;37.9;19.0
22;2021-05-15;3988;429;229790;114002;38.5;19.1
22;2021-05-16;419;37;230209;114039;38.6;19.1
22;2021-05-17;5668;521;235877;114560;39.6;19.2
22;2021-05-18;6012;955;241889;115515;40.6;19.4
22;2021-05-19;6130;711;248019;116226;41.6;19.5
22;2021-05-20;6587;1375;254606;117601;42.7;19.7
22;2021-05-21;5899;1455;260505;119056;43.7;20.0
22;2021-05-22;4093;772;264598;119828;44.4;20.1
22;2021-05-23;407;17;265005;119845;44.5;20.1
22;2021-05-24;5315;226;270320;120071;45.3;20.1
22;2021-05-25;5638;1180;275958;121251;46.3;20.3
22;2021-05-26;4226;2811;280184;124062;47.0;20.8
22;2021-05-27;4504;3841;284688;127903;47.8;21.5
22;2021-05-28;4384;4436;289072;132339;48.5;22.2
22;2021-05-29;3046;1771;292118;134110;49.0;22.5
22;2021-05-30;19;7;292137;134117;49.0;22.5
22;2021-05-31;3653;3155;295790;137272;49.6;23.0
22;2021-06-01;3520;3690;299310;140962;50.2;23.6
22;2021-06-02;3085;3387;302395;144349;50.7;24.2
22;2021-06-03;3196;4099;305591;148448;51.3;24.9
22;2021-06-04;3371;4540;308962;152988;51.8;25.7
22;2021-06-05;3543;2027;312505;155015;52.4;26.0
22;2021-06-06;214;30;312719;155045;52.5;26.0
22;2021-06-07;3042;3256;315761;158301;53.0;26.6
22;2021-06-08;2798;3530;318559;161831;53.4;27.1
22;2021-06-09;2543;3506;321102;165337;53.9;27.7
22;2021-06-10;2516;4249;323618;169586;54.3;28.4
22;2021-06-11;2551;4227;326169;173813;54.7;29.2
22;2021-06-12;2411;1454;328580;175267;55.1;29.4
22;2021-06-13;134;1093;328714;176360;55.1;29.6
22;2021-06-14;2644;2470;331358;178830;55.6;30.0
22;2021-06-15;3095;2996;334453;181826;56.1;30.5
22;2021-06-16;3008;2812;337461;184638;56.6;31.0
22;2021-06-17;2560;3182;340021;187820;57.0;31.5
22;2021-06-18;3102;4116;343123;191936;57.6;32.2
22;2021-06-19;2984;1455;346107;193391;58.1;32.4
22;2021-06-20;157;8;346264;193399;58.1;32.4
22;2021-06-21;1783;5021;348047;198420;58.4;33.3
22;2021-06-22;2403;5554;350450;203974;58.8;34.2
22;2021-06-23;1285;6203;351735;210177;59.0;35.3
22;2021-06-24;2578;3912;354313;214089;59.4;35.9
22;2021-06-25;1568;6812;355881;220901;59.7;37.1
22;2021-06-26;783;3853;356664;224754;59.8;37.7
22;2021-06-27;4;511;356668;225265;59.8;37.8
22;2021-06-28;1051;5586;357719;230851;60.0;38.7
22;2021-06-29;1375;5954;359094;236805;60.2;39.7
22;2021-06-30;1129;5738;360223;242543;60.4;40.7
22;2021-07-01;1383;6037;361606;248580;60.7;41.7
22;2021-07-02;1708;6094;363314;254674;60.9;42.7
22;2021-07-03;1009;3819;364323;258493;61.1;43.4
22;2021-07-04;149;365;364472;258858;61.1;43.4
22;2021-07-05;1598;5804;366070;264662;61.4;44.4
22;2021-07-06;2312;5992;368382;270654;61.8;45.4
22;2021-07-07;2292;4933;370674;275587;62.2;46.2
22;2021-07-08;2503;5097;373177;280684;62.6;47.1
22;2021-07-09;2496;5386;375673;286070;63.0;48.0
22;2021-07-10;1808;3359;377481;289429;63.3;48.5
22;2021-07-11;484;75;377965;289504;63.4;48.6
22;2021-07-12;2334;4733;380299;294237;63.8;49.4
22;2021-07-13;3782;5055;384081;299292;64.4;50.2
22;2021-07-14;700;2490;384781;301782;64.5;50.6
22;2021-07-15;3871;4622;388652;306404;65.2;51.4
22;2021-07-16;3835;5293;392487;311697;65.8;52.3
22;2021-07-17;2558;3412;395045;315109;66.3;52.9
22;2021-07-18;570;88;395615;315197;66.4;52.9
22;2021-07-19;2773;4104;398388;319301;66.8;53.6
22;2021-07-20;3923;4133;402311;323434;67.5;54.3
22;2021-07-21;3999;3420;406310;326854;68.2;54.8
22;2021-07-22;4861;3707;411171;330561;69.0;55.4
22;2021-07-23;4452;4220;415623;334781;69.7;56.2
22;2021-07-24;2260;2616;417883;337397;70.1;56.6
22;2021-07-25;118;150;418001;337547;70.1;56.6
22;2021-07-26;3021;3921;421022;341468;70.6;57.3
22;2021-07-27;3728;4918;424750;346386;71.2;58.1
22;2021-07-28;3705;3662;428455;350048;71.9;58.7
22;2021-07-29;4294;3780;432749;353828;72.6;59.3
22;2021-07-30;4038;3978;436787;357806;73.3;60.0
22;2021-07-31;2403;2806;439190;360612;73.7;60.5
22;2021-08-01;118;150;439308;360762;73.7;60.5
22;2021-08-02;4670;2552;443978;363314;74.5;60.9
22;2021-08-03;4787;3427;448765;366741;75.3;61.5
22;2021-08-04;5774;2499;454539;369240;76.2;61.9
22;2021-08-05;4128;3804;458667;373044;76.9;62.6
22;2021-08-06;3654;3811;462321;376855;77.5;63.2
22;2021-08-07;2355;2269;464676;379124;77.9;63.6
22;2021-08-08;427;71;465103;379195;78.0;63.6
22;2021-08-09;2722;2708;467825;381903;78.5;64.1
22;2021-08-10;2735;3513;470560;385416;78.9;64.6
22;2021-08-11;2428;3114;472988;388530;79.3;65.2
22;2021-08-12;2215;3478;475203;392008;79.7;65.8
22;2021-08-13;1938;2972;477141;394980;80.0;66.3
22;2021-08-14;1342;1911;478483;396891;80.3;66.6
22;2021-08-15;87;199;478570;397090;80.3;66.6
22;2021-08-16;1470;3178;480040;400268;80.5;67.1
22;2021-08-17;1757;3459;481797;403727;80.8;67.7
22;2021-08-18;1406;3302;483203;407029;81.0;68.3
22;2021-08-19;1350;3609;484553;410638;81.3;68.9
22;2021-08-20;1462;3605;486015;414243;81.5;69.5
22;2021-08-21;814;2261;486829;416504;81.7;69.9
22;2021-08-22;151;308;486980;416812;81.7;69.9
22;2021-08-23;1966;3609;488946;420421;82.0;70.5
22;2021-08-24;1432;3246;490378;423667;82.3;71.1
22;2021-08-25;844;2507;491222;426174;82.4;71.5
22;2021-08-26;1055;4294;492277;430468;82.6;72.2
22;2021-08-27;1326;4602;493603;435070;82.8;73.0
22;2021-08-28;737;2517;494340;437587;82.9;73.4
22;2021-08-29;35;26;494375;437613;82.9;73.4
22;2021-08-30;927;2926;495302;440539;83.1;73.9
22;2021-08-31;968;3740;496270;444279;83.2;74.5
22;2021-09-01;972;3252;497242;447531;83.4;75.1
22;2021-09-02;840;2833;498082;450364;83.5;75.5
22;2021-09-03;943;2767;499025;453131;83.7;76.0
22;2021-09-04;783;2606;499808;455737;83.8;76.4
22;2021-09-05;97;28;499905;455765;83.9;76.4
22;2021-09-06;491;1862;500396;457627;83.9;76.8
22;2021-09-07;515;2014;500911;459641;84.0;77.1
22;2021-09-08;634;1879;501545;461520;84.1;77.4
22;2021-09-09;679;1924;502224;463444;84.2;77.7
22;2021-09-10;706;2122;502930;465566;84.4;78.1
22;2021-09-11;585;1693;503515;467259;84.5;78.4
22;2021-09-12;31;81;503546;467340;84.5;78.4
22;2021-09-13;486;2097;504032;469437;84.5;78.7
22;2021-09-14;592;1572;504624;471009;84.6;79.0
22;2021-09-15;463;1703;505087;472712;84.7;79.3
22;2021-09-16;551;1042;505638;473754;84.8;79.5
22;2021-09-17;626;1631;506264;475385;84.9;79.7
22;2021-09-18;283;2161;506547;477546;85.0;80.1
22;2021-09-19;1;8;506548;477554;85.0;80.1
22;2021-09-20;363;709;506911;478263;85.0;80.2
22;2021-09-21;363;956;507274;479219;85.1;80.4
22;2021-09-22;299;1160;507573;480379;85.1;80.6
22;2021-09-23;404;720;507977;481099;85.2;80.7
22;2021-09-24;362;1099;508339;482198;85.3;80.9
22;2021-09-25;219;1386;508558;483584;85.3;81.1
22;2021-09-26;12;70;508570;483654;85.3;81.1
22;2021-09-27;336;744;508906;484398;85.4;81.2
22;2021-09-28;203;576;509109;484974;85.4;81.3
22;2021-09-29;232;887;509341;485861;85.4;81.5
22;2021-09-30;271;740;509612;486601;85.5;81.6
22;2021-10-01;278;777;509890;487378;85.5;81.7
22;2021-10-02;332;915;510222;488293;85.6;81.9
22;2021-10-03;0;0;510222;488293;85.6;81.9
22;2021-10-04;118;426;510340;488719;85.6;82.0
22;2021-10-05;220;644;510560;489363;85.6;82.1
22;2021-10-06;225;369;510785;489732;85.7;82.1
22;2021-10-07;243;688;511028;490420;85.7;82.3
22;2021-10-08;319;775;511347;491195;85.8;82.4
22;2021-10-09;239;461;511586;491656;85.8;82.5
22;2021-10-10;4;8;511590;491664;85.8;82.5
22;2021-10-11;130;260;511720;491924;85.8;82.5
22;2021-10-12;82;151;511802;492075;85.8;82.5
22;2021-10-13;179;249;511981;492324;85.9;82.6
23;2020-12-27;0;0;0;0;0.0;0.0
23;2020-12-28;2;0;2;0;0.0;0.0
23;2020-12-29;0;0;2;0;0.0;0.0
23;2020-12-30;0;0;2;0;0.0;0.0
23;2020-12-31;0;0;2;0;0.0;0.0
23;2021-01-01;0;0;2;0;0.0;0.0
23;2021-01-02;1;0;3;0;0.0;0.0
23;2021-01-03;1;1;4;1;0.0;0.0
23;2021-01-04;1;0;5;1;0.0;0.0
23;2021-01-05;3;0;8;1;0.0;0.0
23;2021-01-06;10;0;18;1;0.0;0.0
23;2021-01-07;116;1;134;2;0.1;0.0
23;2021-01-08;117;0;251;2;0.2;0.0
23;2021-01-09;36;0;287;2;0.2;0.0
23;2021-01-10;1;0;288;2;0.2;0.0
23;2021-01-11;176;2;464;4;0.4;0.0
23;2021-01-12;237;6;701;10;0.6;0.0
23;2021-01-13;310;0;1011;10;0.9;0.0
23;2021-01-14;293;5;1304;15;1.1;0.0
23;2021-01-15;334;5;1638;20;1.4;0.0
23;2021-01-16;163;1;1801;21;1.5;0.0
23;2021-01-17;0;0;1801;21;1.5;0.0
23;2021-01-18;342;3;2143;24;1.8;0.0
23;2021-01-19;498;2;2641;26;2.3;0.0
23;2021-01-20;363;1;3004;27;2.6;0.0
23;2021-01-21;700;1;3704;28;3.2;0.0
23;2021-01-22;481;0;4185;28;3.6;0.0
23;2021-01-23;368;1;4553;29;3.9;0.0
23;2021-01-24;0;0;4553;29;3.9;0.0
23;2021-01-25;382;17;4935;46;4.2;0.0
23;2021-01-26;301;5;5236;51;4.5;0.0
23;2021-01-27;227;3;5463;54;4.7;0.0
23;2021-01-28;232;45;5695;99;4.9;0.1
23;2021-01-29;304;104;5999;203;5.2;0.2
23;2021-01-30;100;28;6099;231;5.2;0.2
23;2021-01-31;2;33;6101;264;5.2;0.2
23;2021-02-01;148;105;6249;369;5.4;0.3
23;2021-02-02;157;123;6406;492;5.5;0.4
23;2021-02-03;105;207;6511;699;5.6;0.6
23;2021-02-04;77;263;6588;962;5.7;0.8
23;2021-02-05;117;312;6705;1274;5.8;1.1
23;2021-02-06;14;167;6719;1441;5.8;1.2
23;2021-02-07;1;0;6720;1441;5.8;1.2
23;2021-02-08;123;216;6843;1657;5.9;1.4
23;2021-02-09;89;298;6932;1955;6.0;1.7
23;2021-02-10;92;281;7024;2236;6.0;1.9
23;2021-02-11;246;588;7270;2824;6.3;2.4
23;2021-02-12;174;284;7444;3108;6.4;2.7
23;2021-02-13;8;191;7452;3299;6.4;2.8
23;2021-02-14;8;0;7460;3299;6.4;2.8
23;2021-02-15;157;366;7617;3665;6.6;3.2
23;2021-02-16;103;439;7720;4104;6.6;3.5
23;2021-02-17;65;490;7785;4594;6.7;4.0
23;2021-02-18;142;368;7927;4962;6.8;4.3
23;2021-02-19;109;254;8036;5216;6.9;4.5
23;2021-02-20;2;93;8038;5309;6.9;4.6
23;2021-02-21;0;0;8038;5309;6.9;4.6
23;2021-02-22;104;212;8142;5521;7.0;4.7
23;2021-02-23;108;218;8250;5739;7.1;4.9
23;2021-02-24;176;168;8426;5907;7.2;5.1
23;2021-02-25;184;110;8610;6017;7.4;5.2
23;2021-02-26;287;168;8897;6185;7.7;5.3
23;2021-02-27;112;11;9009;6196;7.7;5.3
23;2021-02-28;1;31;9010;6227;7.7;5.4
23;2021-03-01;88;201;9098;6428;7.8;5.5
23;2021-03-02;229;132;9327;6560;8.0;5.6
23;2021-03-03;133;90;9460;6650;8.1;5.7
23;2021-03-04;307;138;9767;6788;8.4;5.8
23;2021-03-05;517;111;10284;6899;8.8;5.9
23;2021-03-06;495;7;10779;6906;9.3;5.9
23;2021-03-07;313;3;11092;6909;9.5;5.9
23;2021-03-08;198;73;11290;6982;9.7;6.0
23;2021-03-09;421;103;11711;7085;10.1;6.1
23;2021-03-10;349;39;12060;7124;10.4;6.1
23;2021-03-11;324;48;12384;7172;10.7;6.2
23;2021-03-12;621;35;13005;7207;11.2;6.2
23;2021-03-13;288;12;13293;7219;11.4;6.2
23;2021-03-14;47;34;13340;7253;11.5;6.2
23;2021-03-15;220;125;13560;7378;11.7;6.3
23;2021-03-16;192;91;13752;7469;11.8;6.4
23;2021-03-17;131;101;13883;7570;11.9;6.5
23;2021-03-18;192;99;14075;7669;12.1;6.6
23;2021-03-19;208;123;14283;7792;12.3;6.7
23;2021-03-20;631;37;14914;7829;12.8;6.7
23;2021-03-21;128;0;15042;7829;12.9;6.7
23;2021-03-22;274;157;15316;7986;13.2;6.9
23;2021-03-23;504;104;15820;8090;13.6;7.0
23;2021-03-24;422;124;16242;8214;14.0;7.1
23;2021-03-25;821;190;17063;8404;14.7;7.2
23;2021-03-26;735;195;17798;8599;15.3;7.4
23;2021-03-27;507;50;18305;8649;15.7;7.4
23;2021-03-28;3;9;18308;8658;15.7;7.4
23;2021-03-29;358;111;18666;8769;16.1;7.5
23;2021-03-30;537;178;19203;8947;16.5;7.7
23;2021-03-31;411;175;19614;9122;16.9;7.8
23;2021-04-01;600;175;20214;9297;17.4;8.0
23;2021-04-02;498;299;20712;9596;17.8;8.3
23;2021-04-03;715;44;21427;9640;18.4;8.3
23;2021-04-04;4;0;21431;9640;18.4;8.3
23;2021-04-05;2;3;21433;9643;18.4;8.3
23;2021-04-06;382;293;21815;9936;18.8;8.5
23;2021-04-07;706;310;22521;10246;19.4;8.8
23;2021-04-08;805;239;23326;10485;20.1;9.0
23;2021-04-09;940;370;24266;10855;20.9;9.3
23;2021-04-10;1097;111;25363;10966;21.8;9.4
23;2021-04-11;21;2;25384;10968;21.8;9.4
23;2021-04-12;692;236;26076;11204;22.4;9.6
23;2021-04-13;670;303;26746;11507;23.0;9.9
23;2021-04-14;586;178;27332;11685;23.5;10.0
23;2021-04-15;929;186;28261;11871;24.3;10.2
23;2021-04-16;905;218;29166;12089;25.1;10.4
23;2021-04-17;996;555;30162;12644;25.9;10.9
23;2021-04-18;3;136;30165;12780;25.9;11.0
23;2021-04-19;613;297;30778;13077;26.5;11.2
23;2021-04-20;720;297;31498;13374;27.1;11.5
23;2021-04-21;733;397;32231;13771;27.7;11.8
23;2021-04-22;655;474;32886;14245;28.3;12.3
23;2021-04-23;596;347;33482;14592;28.8;12.6
23;2021-04-24;855;450;34337;15042;29.5;12.9
23;2021-04-25;0;0;34337;15042;29.5;12.9
23;2021-04-26;615;255;34952;15297;30.1;13.2
23;2021-04-27;675;429;35627;15726;30.6;13.5
23;2021-04-28;628;277;36255;16003;31.2;13.8
23;2021-04-29;883;379;37138;16382;31.9;14.1
23;2021-04-30;719;787;37857;17169;32.6;14.8
23;2021-05-01;1229;44;39086;17213;33.6;14.8
23;2021-05-02;14;0;39100;17213;33.6;14.8
23;2021-05-03;430;522;39530;17735;34.0;15.3
23;2021-05-04;617;513;40147;18248;34.5;15.7
23;2021-05-05;540;715;40687;18963;35.0;16.3
23;2021-05-06;728;702;41415;19665;35.6;16.9
23;2021-05-07;685;645;42100;20310;36.2;17.5
23;2021-05-08;1411;589;43511;20899;37.4;18.0
23;2021-05-09;4;1;43515;20900;37.4;18.0
23;2021-05-10;555;656;44070;21556;37.9;18.5
23;2021-05-11;560;765;44630;22321;38.4;19.2
23;2021-05-12;720;662;45350;22983;39.0;19.8
23;2021-05-13;538;56;45888;23039;39.5;19.8
23;2021-05-14;787;458;46675;23497;40.1;20.2
23;2021-05-15;995;235;47670;23732;41.0;20.4
23;2021-05-16;0;0;47670;23732;41.0;20.4
23;2021-05-17;566;448;48236;24180;41.5;20.8
23;2021-05-18;777;292;49013;24472;42.2;21.0
23;2021-05-19;1051;259;50064;24731;43.1;21.3
23;2021-05-20;838;314;50902;25045;43.8;21.5
23;2021-05-21;1108;311;52010;25356;44.7;21.8
23;2021-05-22;740;125;52750;25481;45.4;21.9
23;2021-05-23;3;20;52753;25501;45.4;21.9
23;2021-05-24;363;166;53116;25667;45.7;22.1
23;2021-05-25;908;336;54024;26003;46.5;22.4
23;2021-05-26;1077;227;55101;26230;47.4;22.6
23;2021-05-27;931;437;56032;26667;48.2;22.9
23;2021-05-28;781;744;56813;27411;48.9;23.6
23;2021-05-29;638;1102;57451;28513;49.4;24.5
23;2021-05-30;6;63;57457;28576;49.4;24.6
23;2021-05-31;433;541;57890;29117;49.8;25.0
23;2021-06-01;582;827;58472;29944;50.3;25.8
23;2021-06-02;624;520;59096;30464;50.8;26.2
23;2021-06-03;708;552;59804;31016;51.4;26.7
23;2021-06-04;778;614;60582;31630;52.1;27.2
23;2021-06-05;543;777;61125;32407;52.6;27.9
23;2021-06-06;0;0;61125;32407;52.6;27.9
23;2021-06-07;393;697;61518;33104;52.9;28.5
23;2021-06-08;323;776;61841;33880;53.2;29.1
23;2021-06-09;287;648;62128;34528;53.4;29.7
23;2021-06-10;374;692;62502;35220;53.8;30.3
23;2021-06-11;384;808;62886;36028;54.1;31.0
23;2021-06-12;376;1265;63262;37293;54.4;32.1
23;2021-06-13;13;5;63275;37298;54.4;32.1
23;2021-06-14;236;589;63511;37887;54.6;32.6
23;2021-06-15;229;861;63740;38748;54.8;33.3
23;2021-06-16;362;579;64102;39327;55.1;33.8
23;2021-06-17;339;810;64441;40137;55.4;34.5
23;2021-06-18;356;767;64797;40904;55.7;35.2
23;2021-06-19;493;1523;65290;42427;56.2;36.5
23;2021-06-20;2;11;65292;42438;56.2;36.5
23;2021-06-21;205;620;65497;43058;56.3;37.0
23;2021-06-22;216;687;65713;43745;56.5;37.6
23;2021-06-23;221;750;65934;44495;56.7;38.3
23;2021-06-24;200;606;66134;45101;56.9;38.8
23;2021-06-25;302;816;66436;45917;57.1;39.5
23;2021-06-26;221;999;66657;46916;57.3;40.4
23;2021-06-27;3;0;66660;46916;57.3;40.4
23;2021-06-28;115;690;66775;47606;57.4;40.9
23;2021-06-29;189;823;66964;48429;57.6;41.7
23;2021-06-30;169;944;67133;49373;57.7;42.5
23;2021-07-01;168;870;67301;50243;57.9;43.2
23;2021-07-02;192;1069;67493;51312;58.0;44.1
23;2021-07-03;250;979;67743;52291;58.3;45.0
23;2021-07-04;1;0;67744;52291;58.3;45.0
23;2021-07-05;160;804;67904;53095;58.4;45.7
23;2021-07-06;215;1043;68119;54138;58.6;46.6
23;2021-07-07;211;853;68330;54991;58.8;47.3
23;2021-07-08;254;740;68584;55731;59.0;47.9
23;2021-07-09;275;1012;68859;56743;59.2;48.8
23;2021-07-10;234;644;69093;57387;59.4;49.4
23;2021-07-11;0;0;69093;57387;59.4;49.4
23;2021-07-12;232;702;69325;58089;59.6;50.0
23;2021-07-13;471;917;69796;59006;60.0;50.7
23;2021-07-14;212;320;70008;59326;60.2;51.0
23;2021-07-15;483;810;70491;60136;60.6;51.7
23;2021-07-16;764;568;71255;60704;61.3;52.2
23;2021-07-17;220;478;71475;61182;61.5;52.6
23;2021-07-18;0;1;71475;61183;61.5;52.6
23;2021-07-19;704;630;72179;61813;62.1;53.2
23;2021-07-20;633;569;72812;62382;62.6;53.7
23;2021-07-21;702;636;73514;63018;63.2;54.2
23;2021-07-22;945;439;74459;63457;64.0;54.6
23;2021-07-23;840;508;75299;63965;64.8;55.0
23;2021-07-24;1013;439;76312;64404;65.6;55.4
23;2021-07-25;13;16;76325;64420;65.6;55.4
23;2021-07-26;788;563;77113;64983;66.3;55.9
23;2021-07-27;928;436;78041;65419;67.1;56.3
23;2021-07-28;877;411;78918;65830;67.9;56.6
23;2021-07-29;1049;400;79967;66230;68.8;57.0
23;2021-07-30;947;521;80914;66751;69.6;57.4
23;2021-07-31;1165;306;82079;67057;70.6;57.7
23;2021-08-01;19;8;82098;67065;70.6;57.7
23;2021-08-02;674;506;82772;67571;71.2;58.1
23;2021-08-03;768;458;83540;68029;71.9;58.5
23;2021-08-04;613;298;84153;68327;72.4;58.8
23;2021-08-05;692;365;84845;68692;73.0;59.1
23;2021-08-06;421;482;85266;69174;73.3;59.5
23;2021-08-07;299;188;85565;69362;73.6;59.7
23;2021-08-08;146;38;85711;69400;73.7;59.7
23;2021-08-09;492;492;86203;69892;74.1;60.1
23;2021-08-10;467;608;86670;70500;74.5;60.6
23;2021-08-11;428;487;87098;70987;74.9;61.1
23;2021-08-12;514;567;87612;71554;75.4;61.5
23;2021-08-13;420;578;88032;72132;75.7;62.0
23;2021-08-14;287;390;88319;72522;76.0;62.4
23;2021-08-15;27;9;88346;72531;76.0;62.4
23;2021-08-16;276;710;88622;73241;76.2;63.0
23;2021-08-17;277;732;88899;73973;76.5;63.6
23;2021-08-18;180;637;89079;74610;76.6;64.2
23;2021-08-19;257;726;89336;75336;76.8;64.8
23;2021-08-20;215;682;89551;76018;77.0;65.4
23;2021-08-21;140;500;89691;76518;77.1;65.8
23;2021-08-22;54;48;89745;76566;77.2;65.9
23;2021-08-23;149;816;89894;77382;77.3;66.6
23;2021-08-24;265;911;90159;78293;77.5;67.3
23;2021-08-25;187;791;90346;79084;77.7;68.0
23;2021-08-26;220;744;90566;79828;77.9;68.7
23;2021-08-27;213;639;90779;80467;78.1;69.2
23;2021-08-28;222;454;91001;80921;78.3;69.6
23;2021-08-29;15;88;91016;81009;78.3;69.7
23;2021-08-30;187;651;91203;81660;78.4;70.2
23;2021-08-31;229;663;91432;82323;78.6;70.8
23;2021-09-01;161;391;91593;82714;78.8;71.1
23;2021-09-02;119;306;91712;83020;78.9;71.4
23;2021-09-03;210;508;91922;83528;79.1;71.8
23;2021-09-04;178;793;92100;84321;79.2;72.5
23;2021-09-05;5;4;92105;84325;79.2;72.5
23;2021-09-06;133;379;92238;84704;79.3;72.9
23;2021-09-07;98;343;92336;85047;79.4;73.1
23;2021-09-08;121;357;92457;85404;79.5;73.5
23;2021-09-09;117;306;92574;85710;79.6;73.7
23;2021-09-10;150;312;92724;86022;79.7;74.0
23;2021-09-11;102;202;92826;86224;79.8;74.2
23;2021-09-12;5;7;92831;86231;79.8;74.2
23;2021-09-13;113;323;92944;86554;79.9;74.4
23;2021-09-14;113;288;93057;86842;80.0;74.7
23;2021-09-15;97;242;93154;87084;80.1;74.9
23;2021-09-16;127;153;93281;87237;80.2;75.0
23;2021-09-17;140;227;93421;87464;80.3;75.2
23;2021-09-18;44;224;93465;87688;80.4;75.4
23;2021-09-19;0;1;93465;87689;80.4;75.4
23;2021-09-20;58;221;93523;87910;80.4;75.6
23;2021-09-21;85;186;93608;88096;80.5;75.8
23;2021-09-22;71;261;93679;88357;80.6;76.0
23;2021-09-23;58;133;93737;88490;80.6;76.1
23;2021-09-24;64;234;93801;88724;80.7;76.3
23;2021-09-25;27;138;93828;88862;80.7;76.4
23;2021-09-26;0;1;93828;88863;80.7;76.4
23;2021-09-27;34;159;93862;89022;80.7;76.6
23;2021-09-28;34;133;93896;89155;80.8;76.7
23;2021-09-29;64;156;93960;89311;80.8;76.8
23;2021-09-30;43;64;94003;89375;80.8;76.9
23;2021-10-01;82;178;94085;89553;80.9;77.0
23;2021-10-02;22;97;94107;89650;80.9;77.1
23;2021-10-03;1;4;94108;89654;80.9;77.1
23;2021-10-04;42;93;94150;89747;81.0;77.2
23;2021-10-05;34;83;94184;89830;81.0;77.3
23;2021-10-06;56;97;94240;89927;81.1;77.3
23;2021-10-07;62;126;94302;90053;81.1;77.5
23;2021-10-08;52;191;94354;90244;81.2;77.6
23;2021-10-09;16;44;94370;90288;81.2;77.7
23;2021-10-10;0;0;94370;90288;81.2;77.7
23;2021-10-11;21;98;94391;90386;81.2;77.7
23;2021-10-12;51;86;94442;90472;81.2;77.8
23;2021-10-13;49;76;94491;90548;81.3;77.9
24;2020-12-27;2;1;2;1;0.0;0.0
24;2020-12-28;1;0;3;1;0.0;0.0
24;2020-12-29;2;0;5;1;0.0;0.0
24;2020-12-30;1;0;6;1;0.0;0.0
24;2020-12-31;1;0;7;1;0.0;0.0
24;2021-01-01;2;1;9;2;0.0;0.0
24;2021-01-02;1;0;10;2;0.0;0.0
24;2021-01-03;1;0;11;2;0.0;0.0
24;2021-01-04;1;0;12;2;0.0;0.0
24;2021-01-05;1;0;13;2;0.0;0.0
24;2021-01-06;3;0;16;2;0.0;0.0
24;2021-01-07;190;0;206;2;0.1;0.0
24;2021-01-08;282;0;488;2;0.1;0.0
24;2021-01-09;185;13;673;15;0.2;0.0
24;2021-01-10;35;0;708;15;0.2;0.0
24;2021-01-11;269;0;977;15;0.2;0.0
24;2021-01-12;280;0;1257;15;0.3;0.0
24;2021-01-13;233;1;1490;16;0.4;0.0
24;2021-01-14;1024;31;2514;47;0.6;0.0
24;2021-01-15;608;6;3122;53;0.8;0.0
24;2021-01-16;88;0;3210;53;0.8;0.0
24;2021-01-17;2;1;3212;54;0.8;0.0
24;2021-01-18;300;1;3512;55;0.9;0.0
24;2021-01-19;468;1;3980;56;1.0;0.0
24;2021-01-20;557;3;4537;59;1.1;0.0
24;2021-01-21;647;6;5184;65;1.3;0.0
24;2021-01-22;517;1;5701;66;1.4;0.0
24;2021-01-23;154;1;5855;67;1.4;0.0
24;2021-01-24;4;1;5859;68;1.4;0.0
24;2021-01-25;443;1;6302;69;1.5;0.0
24;2021-01-26;638;65;6940;134;1.7;0.0
24;2021-01-27;1267;15;8207;149;2.0;0.0
24;2021-01-28;986;131;9193;280;2.3;0.1
24;2021-01-29;933;139;10126;419;2.5;0.1
24;2021-01-30;282;1;10408;420;2.5;0.1
24;2021-01-31;0;0;10408;420;2.5;0.1
24;2021-02-01;379;170;10787;590;2.6;0.1
24;2021-02-02;616;308;11403;898;2.8;0.2
24;2021-02-03;654;491;12057;1389;3.0;0.3
24;2021-02-04;977;392;13034;1781;3.2;0.4
24;2021-02-05;689;410;13723;2191;3.4;0.5
24;2021-02-06;141;36;13864;2227;3.4;0.5
24;2021-02-07;33;1;13897;2228;3.4;0.5
24;2021-02-08;310;237;14207;2465;3.5;0.6
24;2021-02-09;454;231;14661;2696;3.6;0.7
24;2021-02-10;378;112;15039;2808;3.7;0.7
24;2021-02-11;561;515;15600;3323;3.8;0.8
24;2021-02-12;498;390;16098;3713;3.9;0.9
24;2021-02-13;202;45;16300;3758;4.0;0.9
24;2021-02-14;89;0;16389;3758;4.0;0.9
24;2021-02-15;188;241;16577;3999;4.1;1.0
24;2021-02-16;336;520;16913;4519;4.1;1.1
24;2021-02-17;586;848;17499;5367;4.3;1.3
24;2021-02-18;446;734;17945;6101;4.4;1.5
24;2021-02-19;462;679;18407;6780;4.5;1.7
24;2021-02-20;164;140;18571;6920;4.5;1.7
24;2021-02-21;112;0;18683;6920;4.6;1.7
24;2021-02-22;427;527;19110;7447;4.7;1.8
24;2021-02-23;565;683;19675;8130;4.8;2.0
24;2021-02-24;539;831;20214;8961;4.9;2.2
24;2021-02-25;727;864;20941;9825;5.1;2.4
24;2021-02-26;978;973;21919;10798;5.4;2.6
24;2021-02-27;363;266;22282;11064;5.5;2.7
24;2021-02-28;25;4;22307;11068;5.5;2.7
24;2021-03-01;291;371;22598;11439;5.5;2.8
24;2021-03-02;541;420;23139;11859;5.7;2.9
24;2021-03-03;681;343;23820;12202;5.8;3.0
24;2021-03-04;914;506;24734;12708;6.1;3.1
24;2021-03-05;1067;570;25801;13278;6.3;3.3
24;2021-03-06;1125;145;26926;13423;6.6;3.3
24;2021-03-07;232;63;27158;13486;6.6;3.3
24;2021-03-08;529;256;27687;13742;6.8;3.4
24;2021-03-09;1175;443;28862;14185;7.1;3.5
24;2021-03-10;1142;452;30004;14637;7.3;3.6
24;2021-03-11;1610;470;31614;15107;7.7;3.7
24;2021-03-12;2059;443;33673;15550;8.2;3.8
24;2021-03-13;1348;204;35021;15754;8.6;3.9
24;2021-03-14;141;93;35162;15847;8.6;3.9
24;2021-03-15;953;172;36115;16019;8.8;3.9
24;2021-03-16;1144;234;37259;16253;9.1;4.0
24;2021-03-17;1217;292;38476;16545;9.4;4.1
24;2021-03-18;1055;561;39531;17106;9.7;4.2
24;2021-03-19;1252;543;40783;17649;10.0;4.3
24;2021-03-20;1054;150;41837;17799;10.2;4.4
24;2021-03-21;25;11;41862;17810;10.3;4.4
24;2021-03-22;1224;424;43086;18234;10.6;4.5
24;2021-03-23;1878;400;44964;18634;11.0;4.6
24;2021-03-24;1892;390;46856;19024;11.5;4.7
24;2021-03-25;1992;476;48848;19500;12.0;4.8
24;2021-03-26;2374;285;51222;19785;12.5;4.8
24;2021-03-27;1349;43;52571;19828;12.9;4.9
24;2021-03-28;63;9;52634;19837;12.9;4.9
24;2021-03-29;1672;329;54306;20166;13.3;4.9
24;2021-03-30;2410;403;56716;20569;13.9;5.0
24;2021-03-31;2187;317;58903;20886;14.4;5.1
24;2021-04-01;2195;315;61098;21201;15.0;5.2
24;2021-04-02;2072;396;63170;21597;15.5;5.3
24;2021-04-03;1376;123;64546;21720;15.8;5.3
24;2021-04-04;74;1;64620;21721;15.8;5.3
24;2021-04-05;948;61;65568;21782;16.1;5.3
24;2021-04-06;2355;704;67923;22486;16.6;5.5
24;2021-04-07;2716;696;70639;23182;17.3;5.7
24;2021-04-08;3001;965;73640;24147;18.0;5.9
24;2021-04-09;3486;1012;77126;25159;18.9;6.2
24;2021-04-10;2596;315;79722;25474;19.5;6.2
24;2021-04-11;1103;22;80825;25496;19.8;6.2
24;2021-04-12;2497;817;83322;26313;20.4;6.4
24;2021-04-13;2902;1208;86224;27521;21.1;6.7
24;2021-04-14;2939;1200;89163;28721;21.8;7.0
24;2021-04-15;2790;1104;91953;29825;22.5;7.3
24;2021-04-16;3264;977;95217;30802;23.3;7.5
24;2021-04-17;2272;503;97489;31305;23.9;7.7
24;2021-04-18;424;6;97913;31311;24.0;7.7
24;2021-04-19;1598;1013;99511;32324;24.4;7.9
24;2021-04-20;2268;1437;101779;33761;24.9;8.3
24;2021-04-21;2146;1445;103925;35206;25.4;8.6
24;2021-04-22;2061;1262;105986;36468;26.0;8.9
24;2021-04-23;1960;1340;107946;37808;26.4;9.3
24;2021-04-24;863;724;108809;38532;26.6;9.4
24;2021-04-25;54;4;108863;38536;26.7;9.4
24;2021-04-26;1295;1480;110158;40016;27.0;9.8
24;2021-04-27;1848;1881;112006;41897;27.4;10.3
24;2021-04-28;1507;1957;113513;43854;27.8;10.7
24;2021-04-29;1732;1894;115245;45748;28.2;11.2
24;2021-04-30;2271;1780;117516;47528;28.8;11.6
24;2021-05-01;2059;1072;119575;48600;29.3;11.9
24;2021-05-02;1924;217;121499;48817;29.8;12.0
24;2021-05-03;1475;1837;122974;50654;30.1;12.4
24;2021-05-04;2228;2306;125202;52960;30.7;13.0
24;2021-05-05;1891;2722;127093;55682;31.1;13.6
24;2021-05-06;1890;2800;128983;58482;31.6;14.3
24;2021-05-07;2263;2795;131246;61277;32.1;15.0
24;2021-05-08;1285;1154;132531;62431;32.5;15.3
24;2021-05-09;1169;903;133700;63334;32.7;15.5
24;2021-05-10;1097;2627;134797;65961;33.0;16.2
24;2021-05-11;2037;2798;136834;68759;33.5;16.8
24;2021-05-12;1924;2258;138758;71017;34.0;17.4
24;2021-05-13;1465;1217;140223;72234;34.3;17.7
24;2021-05-14;2378;1333;142601;73567;34.9;18.0
24;2021-05-15;2048;816;144649;74383;35.4;18.2
24;2021-05-16;1172;347;145821;74730;35.7;18.3
24;2021-05-17;2240;1255;148061;75985;36.3;18.6
24;2021-05-18;2485;1820;150546;77805;36.9;19.1
24;2021-05-19;2283;1377;152829;79182;37.4;19.4
24;2021-05-20;2376;1577;155205;80759;38.0;19.8
24;2021-05-21;2434;1415;157639;82174;38.6;20.1
24;2021-05-22;1719;409;159358;82583;39.0;20.2
24;2021-05-23;950;72;160308;82655;39.3;20.2
24;2021-05-24;1518;333;161826;82988;39.6;20.3
24;2021-05-25;2298;1387;164124;84375;40.2;20.7
24;2021-05-26;2148;1320;166272;85695;40.7;21.0
24;2021-05-27;1750;2193;168022;87888;41.1;21.5
24;2021-05-28;2144;2004;170166;89892;41.7;22.0
24;2021-05-29;1153;2084;171319;91976;41.9;22.5
24;2021-05-30;1418;171;172737;92147;42.3;22.6
24;2021-05-31;1740;1365;174477;93512;42.7;22.9
24;2021-06-01;2582;1978;177059;95490;43.4;23.4
24;2021-06-02;2654;1785;179713;97275;44.0;23.8
24;2021-06-03;2289;1464;182002;98739;44.6;24.2
24;2021-06-04;2378;1899;184380;100638;45.1;24.6
24;2021-06-05;2007;1415;186387;102053;45.6;25.0
24;2021-06-06;767;222;187154;102275;45.8;25.0
24;2021-06-07;1432;1497;188586;103772;46.2;25.4
24;2021-06-08;1677;1905;190263;105677;46.6;25.9
24;2021-06-09;1322;1596;191585;107273;46.9;26.3
24;2021-06-10;1579;1914;193164;109187;47.3;26.7
24;2021-06-11;1334;2080;194498;111267;47.6;27.2
24;2021-06-12;1117;2543;195615;113810;47.9;27.9
24;2021-06-13;1238;919;196853;114729;48.2;28.1
24;2021-06-14;1166;1857;198019;116586;48.5;28.5
24;2021-06-15;1488;2993;199507;119579;48.9;29.3
24;2021-06-16;1670;2733;201177;122312;49.3;29.9
24;2021-06-17;1544;2180;202721;124492;49.6;30.5
24;2021-06-18;1400;2861;204121;127353;50.0;31.2
24;2021-06-19;1273;1522;205394;128875;50.3;31.6
24;2021-06-20;514;501;205908;129376;50.4;31.7
24;2021-06-21;932;1833;206840;131209;50.6;32.1
24;2021-06-22;1451;2591;208291;133800;51.0;32.8
24;2021-06-23;1425;2419;209716;136219;51.4;33.4
24;2021-06-24;1137;1917;210853;138136;51.6;33.8
24;2021-06-25;968;2818;211821;140954;51.9;34.5
24;2021-06-26;866;2104;212687;143058;52.1;35.0
24;2021-06-27;402;979;213089;144037;52.2;35.3
24;2021-06-28;818;2482;213907;146519;52.4;35.9
24;2021-06-29;938;2867;214845;149386;52.6;36.6
24;2021-06-30;1111;2456;215956;151842;52.9;37.2
24;2021-07-01;1131;2303;217087;154145;53.2;37.7
24;2021-07-02;1097;2746;218184;156891;53.4;38.4
24;2021-07-03;811;1905;218995;158796;53.6;38.9
24;2021-07-04;411;1013;219406;159809;53.7;39.1
24;2021-07-05;793;2316;220199;162125;53.9;39.7
24;2021-07-06;879;3354;221078;165479;54.1;40.5
24;2021-07-07;1087;3041;222165;168520;54.4;41.3
24;2021-07-08;1340;2121;223505;170641;54.7;41.8
24;2021-07-09;1177;3216;224682;173857;55.0;42.6
24;2021-07-10;481;1964;225163;175821;55.1;43.1
24;2021-07-11;587;1190;225750;177011;55.3;43.3
24;2021-07-12;908;2516;226658;179527;55.5;44.0
24;2021-07-13;1323;3219;227981;182746;55.8;44.7
24;2021-07-14;619;1189;228600;183935;56.0;45.0
24;2021-07-15;1697;2777;230297;186712;56.4;45.7
24;2021-07-16;2150;2598;232447;189310;56.9;46.4
24;2021-07-17;1528;2239;233975;191549;57.3;46.9
24;2021-07-18;709;887;234684;192436;57.5;47.1
24;2021-07-19;1580;2187;236264;194623;57.9;47.7
24;2021-07-20;2018;2440;238282;197063;58.3;48.3
24;2021-07-21;1875;2330;240157;199393;58.8;48.8
24;2021-07-22;2351;2443;242508;201836;59.4;49.4
24;2021-07-23;2303;2623;244811;204459;59.9;50.1
24;2021-07-24;1807;1545;246618;206004;60.4;50.4
24;2021-07-25;816;875;247434;206879;60.6;50.7
24;2021-07-26;1572;2015;249006;208894;61.0;51.2
24;2021-07-27;2848;2289;251854;211183;61.7;51.7
24;2021-07-28;2766;1940;254620;213123;62.3;52.2
24;2021-07-29;3063;2259;257683;215382;63.1;52.7
24;2021-07-30;2466;1921;260149;217303;63.7;53.2
24;2021-07-31;1654;1570;261803;218873;64.1;53.6
24;2021-08-01;1117;658;262920;219531;64.4;53.8
24;2021-08-02;1946;1623;264866;221154;64.9;54.2
24;2021-08-03;2888;1908;267754;223062;65.6;54.6
24;2021-08-04;3078;1631;270832;224693;66.3;55.0
24;2021-08-05;3049;1441;273881;226134;67.1;55.4
24;2021-08-06;2537;1540;276418;227674;67.7;55.7
24;2021-08-07;1792;1120;278210;228794;68.1;56.0
24;2021-08-08;1108;687;279318;229481;68.4;56.2
24;2021-08-09;1740;1383;281058;230864;68.8;56.5
24;2021-08-10;2266;1786;283324;232650;69.4;57.0
24;2021-08-11;2279;1698;285603;234348;69.9;57.4
24;2021-08-12;1917;1957;287520;236305;70.4;57.9
24;2021-08-13;1530;1625;289050;237930;70.8;58.3
24;2021-08-14;1171;1242;290221;239172;71.1;58.6
24;2021-08-15;741;583;290962;239755;71.2;58.7
24;2021-08-16;1123;1706;292085;241461;71.5;59.1
24;2021-08-17;1633;2108;293718;243569;71.9;59.6
24;2021-08-18;1562;1925;295280;245494;72.3;60.1
24;2021-08-19;1127;2635;296407;248129;72.6;60.8
24;2021-08-20;1107;2429;297514;250558;72.8;61.4
24;2021-08-21;874;1634;298388;252192;73.1;61.8
24;2021-08-22;350;1101;298738;253293;73.1;62.0
24;2021-08-23;673;2036;299411;255329;73.3;62.5
24;2021-08-24;818;2395;300229;257724;73.5;63.1
24;2021-08-25;814;2323;301043;260047;73.7;63.7
24;2021-08-26;747;2840;301790;262887;73.9;64.4
24;2021-08-27;801;2765;302591;265652;74.1;65.0
24;2021-08-28;522;1909;303113;267561;74.2;65.5
24;2021-08-29;171;1029;303284;268590;74.3;65.8
24;2021-08-30;376;1951;303660;270541;74.4;66.2
24;2021-08-31;593;2430;304253;272971;74.5;66.8
24;2021-09-01;627;2378;304880;275349;74.7;67.4
24;2021-09-02;465;1779;305345;277128;74.8;67.9
24;2021-09-03;550;2046;305895;279174;74.9;68.4
24;2021-09-04;365;1938;306260;281112;75.0;68.8
24;2021-09-05;245;931;306505;282043;75.1;69.1
24;2021-09-06;345;1465;306850;283508;75.1;69.4
24;2021-09-07;478;1647;307328;285155;75.3;69.8
24;2021-09-08;401;1760;307729;286915;75.4;70.3
24;2021-09-09;335;1102;308064;288017;75.4;70.5
24;2021-09-10;388;1583;308452;289600;75.5;70.9
24;2021-09-11;317;1609;308769;291209;75.6;71.3
24;2021-09-12;92;374;308861;291583;75.6;71.4
24;2021-09-13;294;1014;309155;292597;75.7;71.6
24;2021-09-14;431;911;309586;293508;75.8;71.9
24;2021-09-15;413;1267;309999;294775;75.9;72.2
24;2021-09-16;250;890;310249;295665;76.0;72.4
24;2021-09-17;410;1037;310659;296702;76.1;72.7
24;2021-09-18;312;1111;310971;297813;76.1;72.9
24;2021-09-19;45;347;311016;298160;76.2;73.0
24;2021-09-20;154;577;311170;298737;76.2;73.1
24;2021-09-21;383;410;311553;299147;76.3;73.2
24;2021-09-22;226;697;311779;299844;76.3;73.4
24;2021-09-23;135;389;311914;300233;76.4;73.5
24;2021-09-24;249;812;312163;301045;76.4;73.7
24;2021-09-25;215;592;312378;301637;76.5;73.9
24;2021-09-26;32;106;312410;301743;76.5;73.9
24;2021-09-27;180;494;312590;302237;76.5;74.0
24;2021-09-28;209;328;312799;302565;76.6;74.1
24;2021-09-29;227;586;313026;303151;76.6;74.2
24;2021-09-30;253;439;313279;303590;76.7;74.3
24;2021-10-01;229;487;313508;304077;76.8;74.5
24;2021-10-02;195;483;313703;304560;76.8;74.6
24;2021-10-03;17;39;313720;304599;76.8;74.6
24;2021-10-04;112;288;313832;304887;76.8;74.7
24;2021-10-05;102;341;313934;305228;76.9;74.7
24;2021-10-06;200;439;314134;305667;76.9;74.8
24;2021-10-07;104;175;314238;305842;76.9;74.9
24;2021-10-08;186;440;314424;306282;77.0;75.0
24;2021-10-09;169;470;314593;306752;77.0;75.1
24;2021-10-10;14;31;314607;306783;77.0;75.1
24;2021-10-11;86;189;314693;306972;77.1;75.2
24;2021-10-12;129;392;314822;307364;77.1;75.3
24;2021-10-13;124;302;314946;307666;77.1;75.3
25;2020-12-27;0;0;0;0;0.0;0.0
25;2020-12-28;1;0;1;0;0.0;0.0
25;2020-12-29;0;0;1;0;0.0;0.0
25;2020-12-30;0;0;1;0;0.0;0.0
25;2020-12-31;3;1;4;1;0.0;0.0
25;2021-01-01;0;0;4;1;0.0;0.0
25;2021-01-02;1;0;5;1;0.0;0.0
25;2021-01-03;0;0;5;1;0.0;0.0
25;2021-01-04;1;0;6;1;0.0;0.0
25;2021-01-05;1;0;7;1;0.0;0.0
25;2021-01-06;75;1;82;2;0.0;0.0
25;2021-01-07;235;1;317;3;0.1;0.0
25;2021-01-08;345;1;662;4;0.1;0.0
25;2021-01-09;102;0;764;4;0.1;0.0
25;2021-01-10;0;0;764;4;0.1;0.0
25;2021-01-11;503;6;1267;10;0.2;0.0
25;2021-01-12;682;2;1949;12;0.4;0.0
25;2021-01-13;627;11;2576;23;0.5;0.0
25;2021-01-14;896;19;3472;42;0.6;0.0
25;2021-01-15;787;9;4259;51;0.8;0.0
25;2021-01-16;206;1;4465;52;0.8;0.0
25;2021-01-17;112;0;4577;52;0.8;0.0
25;2021-01-18;1299;6;5876;58;1.1;0.0
25;2021-01-19;1416;5;7292;63;1.4;0.0
25;2021-01-20;1421;6;8713;69;1.6;0.0
25;2021-01-21;1844;4;10557;73;2.0;0.0
25;2021-01-22;1509;8;12066;81;2.2;0.0
25;2021-01-23;499;1;12565;82;2.3;0.0
25;2021-01-24;119;0;12684;82;2.4;0.0
25;2021-01-25;990;0;13674;82;2.5;0.0
25;2021-01-26;1490;42;15164;124;2.8;0.0
25;2021-01-27;1248;70;16412;194;3.0;0.0
25;2021-01-28;1090;75;17502;269;3.2;0.0
25;2021-01-29;906;234;18408;503;3.4;0.1
25;2021-01-30;293;91;18701;594;3.5;0.1
25;2021-01-31;2;0;18703;594;3.5;0.1
25;2021-02-01;613;222;19316;816;3.6;0.2
25;2021-02-02;674;415;19990;1231;3.7;0.2
25;2021-02-03;758;248;20748;1479;3.8;0.3
25;2021-02-04;716;444;21464;1923;4.0;0.4
25;2021-02-05;521;468;21985;2391;4.1;0.4
25;2021-02-06;197;156;22182;2547;4.1;0.5
25;2021-02-07;2;34;22184;2581;4.1;0.5
25;2021-02-08;612;508;22796;3089;4.2;0.6
25;2021-02-09;615;490;23411;3579;4.3;0.7
25;2021-02-10;818;503;24229;4082;4.5;0.8
25;2021-02-11;589;849;24818;4931;4.6;0.9
25;2021-02-12;413;550;25231;5481;4.7;1.0
25;2021-02-13;98;141;25329;5622;4.7;1.0
25;2021-02-14;0;0;25329;5622;4.7;1.0
25;2021-02-15;186;1032;25515;6654;4.7;1.2
25;2021-02-16;212;1454;25727;8108;4.8;1.5
25;2021-02-17;107;1337;25834;9445;4.8;1.8
25;2021-02-18;147;1428;25981;10873;4.8;2.0
25;2021-02-19;102;1269;26083;12142;4.8;2.3
25;2021-02-20;27;491;26110;12633;4.8;2.3
25;2021-02-21;1;143;26111;12776;4.8;2.4
25;2021-02-22;83;1061;26194;13837;4.9;2.6
25;2021-02-23;195;1076;26389;14913;4.9;2.8
25;2021-02-24;104;975;26493;15888;4.9;2.9
25;2021-02-25;522;1003;27015;16891;5.0;3.1
25;2021-02-26;607;981;27622;17872;5.1;3.3
25;2021-02-27;228;374;27850;18246;5.2;3.4
25;2021-02-28;6;1;27856;18247;5.2;3.4
25;2021-03-01;443;623;28299;18870;5.2;3.5
25;2021-03-02;653;834;28952;19704;5.4;3.7
25;2021-03-03;544;736;29496;20440;5.5;3.8
25;2021-03-04;1159;663;30655;21103;5.7;3.9
25;2021-03-05;1853;398;32508;21501;6.0;4.0
25;2021-03-06;1171;227;33679;21728;6.2;4.0
25;2021-03-07;9;9;33688;21737;6.2;4.0
25;2021-03-08;548;709;34236;22446;6.3;4.2
25;2021-03-09;1040;783;35276;23229;6.5;4.3
25;2021-03-10;1151;656;36427;23885;6.8;4.4
25;2021-03-11;1659;590;38086;24475;7.1;4.5
25;2021-03-12;1996;466;40082;24941;7.4;4.6
25;2021-03-13;1121;101;41203;25042;7.6;4.6
25;2021-03-14;35;0;41238;25042;7.6;4.6
25;2021-03-15;1125;148;42363;25190;7.9;4.7
25;2021-03-16;1288;127;43651;25317;8.1;4.7
25;2021-03-17;1413;144;45064;25461;8.4;4.7
25;2021-03-18;1526;86;46590;25547;8.6;4.7
25;2021-03-19;1595;132;48185;25679;8.9;4.8
25;2021-03-20;822;42;49007;25721;9.1;4.8
25;2021-03-21;24;0;49031;25721;9.1;4.8
25;2021-03-22;1486;88;50517;25809;9.4;4.8
25;2021-03-23;2161;164;52678;25973;9.8;4.8
25;2021-03-24;2418;100;55096;26073;10.2;4.8
25;2021-03-25;2837;201;57933;26274;10.7;4.9
25;2021-03-26;3160;183;61093;26457;11.3;4.9
25;2021-03-27;1112;91;62205;26548;11.5;4.9
25;2021-03-28;121;65;62326;26613;11.6;4.9
25;2021-03-29;1790;286;64116;26899;11.9;5.0
25;2021-03-30;2213;403;66329;27302;12.3;5.1
25;2021-03-31;2220;368;68549;27670;12.7;5.1
25;2021-04-01;2451;530;71000;28200;13.2;5.2
25;2021-04-02;2026;613;73026;28813;13.5;5.3
25;2021-04-03;447;110;73473;28923;13.6;5.4
25;2021-04-04;39;21;73512;28944;13.6;5.4
25;2021-04-05;145;4;73657;28948;13.7;5.4
25;2021-04-06;1937;691;75594;29639;14.0;5.5
25;2021-04-07;1878;857;77472;30496;14.4;5.7
25;2021-04-08;2435;832;79907;31328;14.8;5.8
25;2021-04-09;2597;998;82504;32326;15.3;6.0
25;2021-04-10;978;292;83482;32618;15.5;6.0
25;2021-04-11;105;28;83587;32646;15.5;6.1
25;2021-04-12;1556;968;85143;33614;15.8;6.2
25;2021-04-13;1988;1326;87131;34940;16.2;6.5
25;2021-04-14;1750;1221;88881;36161;16.5;6.7
25;2021-04-15;1997;1329;90878;37490;16.8;6.9
25;2021-04-16;2085;1009;92963;38499;17.2;7.1
25;2021-04-17;1104;417;94067;38916;17.4;7.2
25;2021-04-18;118;18;94185;38934;17.5;7.2
25;2021-04-19;1327;1246;95512;40180;17.7;7.4
25;2021-04-20;1615;1466;97127;41646;18.0;7.7
25;2021-04-21;1717;1636;98844;43282;18.3;8.0
25;2021-04-22;1855;1713;100699;44995;18.7;8.3
25;2021-04-23;1904;1771;102603;46766;19.0;8.7
25;2021-04-24;1278;705;103881;47471;19.3;8.8
25;2021-04-25;140;114;104021;47585;19.3;8.8
25;2021-04-26;1722;1686;105743;49271;19.6;9.1
25;2021-04-27;2804;1524;108547;50795;20.1;9.4
25;2021-04-28;2425;1563;110972;52358;20.6;9.7
25;2021-04-29;2648;1836;113620;54194;21.1;10.0
25;2021-04-30;3109;1581;116729;55775;21.6;10.3
25;2021-05-01;1789;333;118518;56108;22.0;10.4
25;2021-05-02;442;22;118960;56130;22.1;10.4
25;2021-05-03;2901;848;121861;56978;22.6;10.6
25;2021-05-04;2639;1884;124500;58862;23.1;10.9
25;2021-05-05;2597;1670;127097;60532;23.6;11.2
25;2021-05-06;2927;2170;130024;62702;24.1;11.6
25;2021-05-07;3063;2129;133087;64831;24.7;12.0
25;2021-05-08;1334;230;134421;65061;24.9;12.1
25;2021-05-09;244;87;134665;65148;25.0;12.1
25;2021-05-10;3129;1639;137794;66787;25.5;12.4
25;2021-05-11;3747;2042;141541;68829;26.2;12.8
25;2021-05-12;3688;1791;145229;70620;26.9;13.1
25;2021-05-13;3523;599;148752;71219;27.6;13.2
25;2021-05-14;4482;1307;153234;72526;28.4;13.4
25;2021-05-15;3282;710;156516;73236;29.0;13.6
25;2021-05-16;723;93;157239;73329;29.1;13.6
25;2021-05-17;4089;1099;161328;74428;29.9;13.8
25;2021-05-18;5205;1194;166533;75622;30.9;14.0
25;2021-05-19;5247;1135;171780;76757;31.8;14.2
25;2021-05-20;5134;1455;176914;78212;32.8;14.5
25;2021-05-21;5764;1983;182678;80195;33.9;14.9
25;2021-05-22;3174;723;185852;80918;34.5;15.0
25;2021-05-23;781;157;186633;81075;34.6;15.0
25;2021-05-24;1529;152;188162;81227;34.9;15.1
25;2021-05-25;3513;1651;191675;82878;35.5;15.4
25;2021-05-26;3974;1561;195649;84439;36.3;15.7
25;2021-05-27;4519;1897;200168;86336;37.1;16.0
25;2021-05-28;3994;2653;204162;88989;37.8;16.5
25;2021-05-29;2016;1021;206178;90010;38.2;16.7
25;2021-05-30;174;96;206352;90106;38.3;16.7
25;2021-05-31;2672;1708;209024;91814;38.7;17.0
25;2021-06-01;2729;2156;211753;93970;39.3;17.4
25;2021-06-02;2608;2251;214361;96221;39.7;17.8
25;2021-06-03;3274;2046;217635;98267;40.3;18.2
25;2021-06-04;3209;2411;220844;100678;40.9;18.7
25;2021-06-05;1491;1403;222335;102081;41.2;18.9
25;2021-06-06;987;259;223322;102340;41.4;19.0
25;2021-06-07;2782;2575;226104;104915;41.9;19.4
25;2021-06-08;2602;2761;228706;107676;42.4;20.0
25;2021-06-09;2382;2763;231088;110439;42.8;20.5
25;2021-06-10;2325;2654;233413;113093;43.3;21.0
25;2021-06-11;2709;3305;236122;116398;43.8;21.6
25;2021-06-12;1571;1861;237693;118259;44.1;21.9
25;2021-06-13;497;259;238190;118518;44.2;22.0
25;2021-06-14;1421;3753;239611;122271;44.4;22.7
25;2021-06-15;1643;3568;241254;125839;44.7;23.3
25;2021-06-16;1954;3273;243208;129112;45.1;23.9
25;2021-06-17;1474;3323;244682;132435;45.4;24.6
25;2021-06-18;2286;4297;246968;136732;45.8;25.3
25;2021-06-19;1350;1979;248318;138711;46.0;25.7
25;2021-06-20;59;239;248377;138950;46.0;25.8
25;2021-06-21;1139;4139;249516;143089;46.3;26.5
25;2021-06-22;1151;4673;250667;147762;46.5;27.4
25;2021-06-23;1404;4072;252071;151834;46.7;28.1
25;2021-06-24;1191;4085;253262;155919;46.9;28.9
25;2021-06-25;1640;5603;254902;161522;47.3;29.9
25;2021-06-26;626;3384;255528;164906;47.4;30.6
25;2021-06-27;451;877;255979;165783;47.5;30.7
25;2021-06-28;907;4476;256886;170259;47.6;31.6
25;2021-06-29;1130;5469;258016;175728;47.8;32.6
25;2021-06-30;1311;5371;259327;181099;48.1;33.6
25;2021-07-01;1706;5230;261033;186329;48.4;34.5
25;2021-07-02;1748;5061;262781;191390;48.7;35.5
25;2021-07-03;1042;2692;263823;194082;48.9;36.0
25;2021-07-04;409;722;264232;194804;49.0;36.1
25;2021-07-05;1299;2579;265531;197383;49.2;36.6
25;2021-07-06;1568;4748;267099;202131;49.5;37.5
25;2021-07-07;1597;4501;268696;206632;49.8;38.3
25;2021-07-08;1554;3932;270250;210564;50.1;39.0
25;2021-07-09;1796;4591;272046;215155;50.4;39.9
25;2021-07-10;781;2371;272827;217526;50.6;40.3
25;2021-07-11;127;307;272954;217833;50.6;40.4
25;2021-07-12;1404;3859;274358;221692;50.9;41.1
25;2021-07-13;2470;4770;276828;226462;51.3;42.0
25;2021-07-14;379;561;277207;227023;51.4;42.1
25;2021-07-15;2403;3658;279610;230681;51.8;42.8
25;2021-07-16;3485;3834;283095;234515;52.5;43.5
25;2021-07-17;2207;2040;285302;236555;52.9;43.9
25;2021-07-18;808;1300;286110;237855;53.0;44.1
25;2021-07-19;2543;4209;288653;242064;53.5;44.9
25;2021-07-20;3384;3714;292037;245778;54.1;45.6
25;2021-07-21;3300;3369;295337;249147;54.7;46.2
25;2021-07-22;3351;2985;298688;252132;55.4;46.7
25;2021-07-23;3566;3357;302254;255489;56.0;47.4
25;2021-07-24;1413;2270;303667;257759;56.3;47.8
25;2021-07-25;679;710;304346;258469;56.4;47.9
25;2021-07-26;3056;3012;307402;261481;57.0;48.5
25;2021-07-27;3835;2127;311237;263608;57.7;48.9
25;2021-07-28;3692;2120;314929;265728;58.4;49.3
25;2021-07-29;4321;2093;319250;267821;59.2;49.6
25;2021-07-30;4292;2491;323542;270312;60.0;50.1
25;2021-07-31;1821;1469;325363;271781;60.3;50.4
25;2021-08-01;1352;201;326715;271982;60.6;50.4
25;2021-08-02;2743;2214;329458;274196;61.1;50.8
25;2021-08-03;2840;2203;332298;276399;61.6;51.2
25;2021-08-04;2941;1429;335239;277828;62.1;51.5
25;2021-08-05;2207;1732;337446;279560;62.6;51.8
25;2021-08-06;2290;2349;339736;281909;63.0;52.3
25;2021-08-07;1294;1206;341030;283115;63.2;52.5
25;2021-08-08;325;477;341355;283592;63.3;52.6
25;2021-08-09;2025;2231;343380;285823;63.7;53.0
25;2021-08-10;1975;2524;345355;288347;64.0;53.5
25;2021-08-11;1831;2033;347186;290380;64.4;53.8
25;2021-08-12;2149;2503;349335;292883;64.8;54.3
25;2021-08-13;1712;2023;351047;294906;65.1;54.7
25;2021-08-14;970;1791;352017;296697;65.3;55.0
25;2021-08-15;9;45;352026;296742;65.3;55.0
25;2021-08-16;1262;3261;353288;300003;65.5;55.6
25;2021-08-17;1458;3284;354746;303287;65.8;56.2
25;2021-08-18;1236;2804;355982;306091;66.0;56.7
25;2021-08-19;988;2867;356970;308958;66.2;57.3
25;2021-08-20;1435;3694;358405;312652;66.4;58.0
25;2021-08-21;568;1782;358973;314434;66.5;58.3
25;2021-08-22;212;1273;359185;315707;66.6;58.5
25;2021-08-23;1116;3336;360301;319043;66.8;59.1
25;2021-08-24;1071;3234;361372;322277;67.0;59.7
25;2021-08-25;1018;3062;362390;325339;67.2;60.3
25;2021-08-26;1145;3007;363535;328346;67.4;60.9
25;2021-08-27;1206;3064;364741;331410;67.6;61.4
25;2021-08-28;588;1791;365329;333201;67.7;61.8
25;2021-08-29;162;513;365491;333714;67.8;61.9
25;2021-08-30;942;2787;366433;336501;67.9;62.4
25;2021-08-31;974;2304;367407;338805;68.1;62.8
25;2021-09-01;844;2221;368251;341026;68.3;63.2
25;2021-09-02;796;1667;369047;342693;68.4;63.5
25;2021-09-03;803;1887;369850;344580;68.6;63.9
25;2021-09-04;691;1358;370541;345938;68.7;64.1
25;2021-09-05;128;183;370669;346121;68.7;64.2
25;2021-09-06;632;1344;371301;347465;68.8;64.4
25;2021-09-07;490;1107;371791;348572;68.9;64.6
25;2021-09-08;623;1607;372414;350179;69.0;64.9
25;2021-09-09;426;989;372840;351168;69.1;65.1
25;2021-09-10;848;1626;373688;352794;69.3;65.4
25;2021-09-11;375;1034;374063;353828;69.3;65.6
25;2021-09-12;111;203;374174;354031;69.4;65.6
25;2021-09-13;728;962;374902;354993;69.5;65.8
25;2021-09-14;627;855;375529;355848;69.6;66.0
25;2021-09-15;761;1480;376290;357328;69.8;66.2
25;2021-09-16;502;829;376792;358157;69.8;66.4
25;2021-09-17;747;1339;377539;359496;70.0;66.6
25;2021-09-18;321;871;377860;360367;70.0;66.8
25;2021-09-19;78;166;377938;360533;70.1;66.8
25;2021-09-20;454;742;378392;361275;70.1;67.0
25;2021-09-21;205;592;378597;361867;70.2;67.1
25;2021-09-22;451;1193;379048;363060;70.3;67.3
25;2021-09-23;253;456;379301;363516;70.3;67.4
25;2021-09-24;491;1053;379792;364569;70.4;67.6
25;2021-09-25;282;896;380074;365465;70.5;67.7
25;2021-09-26;8;5;380082;365470;70.5;67.7
25;2021-09-27;293;586;380375;366056;70.5;67.9
25;2021-09-28;209;442;380584;366498;70.6;67.9
25;2021-09-29;459;822;381043;367320;70.6;68.1
25;2021-09-30;224;363;381267;367683;70.7;68.2
25;2021-10-01;425;888;381692;368571;70.8;68.3
25;2021-10-02;276;578;381968;369149;70.8;68.4
25;2021-10-03;9;6;381977;369155;70.8;68.4
25;2021-10-04;322;730;382299;369885;70.9;68.6
25;2021-10-05;114;365;382413;370250;70.9;68.6
25;2021-10-06;412;764;382825;371014;71.0;68.8
25;2021-10-07;127;278;382952;371292;71.0;68.8
25;2021-10-08;483;896;383435;372188;71.1;69.0
25;2021-10-09;293;511;383728;372699;71.1;69.1
25;2021-10-10;6;28;383734;372727;71.1;69.1
25;2021-10-11;265;597;383999;373324;71.2;69.2
25;2021-10-12;129;199;384128;373523;71.2;69.2
25;2021-10-13;493;771;384621;374294;71.3;69.4
26;2020-12-27;0;0;0;0;0.0;0.0
26;2020-12-28;0;0;0;0;0.0;0.0
26;2020-12-29;0;0;0;0;0.0;0.0
26;2020-12-30;0;0;0;0;0.0;0.0
26;2020-12-31;0;0;0;0;0.0;0.0
26;2021-01-01;1;0;1;0;0.0;0.0
26;2021-01-02;0;0;1;0;0.0;0.0
26;2021-01-03;0;0;1;0;0.0;0.0
26;2021-01-04;0;0;1;0;0.0;0.0
26;2021-01-05;0;0;1;0;0.0;0.0
26;2021-01-06;0;0;1;0;0.0;0.0
26;2021-01-07;168;0;169;0;0.0;0.0
26;2021-01-08;126;0;295;0;0.1;0.0
26;2021-01-09;2;0;297;0;0.1;0.0
26;2021-01-10;0;0;297;0;0.1;0.0
26;2021-01-11;267;2;564;2;0.1;0.0
26;2021-01-12;177;1;741;3;0.1;0.0
26;2021-01-13;418;1;1159;4;0.2;0.0
26;2021-01-14;501;2;1660;6;0.3;0.0
26;2021-01-15;563;2;2223;8;0.4;0.0
26;2021-01-16;250;1;2473;9;0.5;0.0
26;2021-01-17;0;0;2473;9;0.5;0.0
26;2021-01-18;637;1;3110;10;0.6;0.0
26;2021-01-19;786;3;3896;13;0.7;0.0
26;2021-01-20;742;0;4638;13;0.9;0.0
26;2021-01-21;807;5;5445;18;1.0;0.0
26;2021-01-22;787;5;6232;23;1.2;0.0
26;2021-01-23;563;3;6795;26;1.3;0.0
26;2021-01-24;24;0;6819;26;1.3;0.0
26;2021-01-25;696;2;7515;28;1.4;0.0
26;2021-01-26;800;4;8315;32;1.6;0.0
26;2021-01-27;823;9;9138;41;1.8;0.0
26;2021-01-28;1332;169;10470;210;2.0;0.0
26;2021-01-29;971;67;11441;277;2.2;0.1
26;2021-01-30;606;5;12047;282;2.3;0.1
26;2021-01-31;24;0;12071;282;2.3;0.1
26;2021-02-01;708;189;12779;471;2.5;0.1
26;2021-02-02;1276;216;14055;687;2.7;0.1
26;2021-02-03;1265;279;15320;966;2.9;0.2
26;2021-02-04;985;459;16305;1425;3.1;0.3
26;2021-02-05;674;336;16979;1761;3.3;0.3
26;2021-02-06;407;238;17386;1999;3.3;0.4
26;2021-02-07;57;2;17443;2001;3.4;0.4
26;2021-02-08;545;416;17988;2417;3.5;0.5
26;2021-02-09;618;475;18606;2892;3.6;0.6
26;2021-02-10;666;341;19272;3233;3.7;0.6
26;2021-02-11;753;328;20025;3561;3.8;0.7
26;2021-02-12;591;447;20616;4008;4.0;0.8
26;2021-02-13;388;332;21004;4340;4.0;0.8
26;2021-02-14;36;0;21040;4340;4.0;0.8
26;2021-02-15;414;526;21454;4866;4.1;0.9
26;2021-02-16;294;550;21748;5416;4.2;1.0
26;2021-02-17;194;737;21942;6153;4.2;1.2
26;2021-02-18;337;890;22279;7043;4.3;1.4
26;2021-02-19;341;803;22620;7846;4.3;1.5
26;2021-02-20;96;487;22716;8333;4.4;1.6
26;2021-02-21;3;24;22719;8357;4.4;1.6
26;2021-02-22;144;707;22863;9064;4.4;1.7
26;2021-02-23;398;1002;23261;10066;4.5;1.9
26;2021-02-24;346;1225;23607;11291;4.5;2.2
26;2021-02-25;748;1073;24355;12364;4.7;2.4
26;2021-02-26;925;642;25280;13006;4.9;2.5
26;2021-02-27;278;508;25558;13514;4.9;2.6
26;2021-02-28;3;30;25561;13544;4.9;2.6
26;2021-03-01;459;661;26020;14205;5.0;2.7
26;2021-03-02;742;634;26762;14839;5.1;2.9
26;2021-03-03;733;683;27495;15522;5.3;3.0
26;2021-03-04;1045;584;28540;16106;5.5;3.1
26;2021-03-05;1710;533;30250;16639;5.8;3.2
26;2021-03-06;2773;506;33023;17145;6.3;3.3
26;2021-03-07;2989;226;36012;17371;6.9;3.3
26;2021-03-08;908;652;36920;18023;7.1;3.5
26;2021-03-09;1325;558;38245;18581;7.3;3.6
26;2021-03-10;1219;514;39464;19095;7.6;3.7
26;2021-03-11;1612;656;41076;19751;7.9;3.8
26;2021-03-12;2216;489;43292;20240;8.3;3.9
26;2021-03-13;1886;347;45178;20587;8.7;4.0
26;2021-03-14;68;38;45246;20625;8.7;4.0
26;2021-03-15;1653;252;46899;20877;9.0;4.0
26;2021-03-16;1232;520;48131;21397;9.2;4.1
26;2021-03-17;1369;307;49500;21704;9.5;4.2
26;2021-03-18;1587;285;51087;21989;9.8;4.2
26;2021-03-19;2445;354;53532;22343;10.3;4.3
26;2021-03-20;1290;152;54822;22495;10.5;4.3
26;2021-03-21;61;21;54883;22516;10.5;4.3
26;2021-03-22;1847;202;56730;22718;10.9;4.4
26;2021-03-23;2474;283;59204;23001;11.4;4.4
26;2021-03-24;2551;250;61755;23251;11.9;4.5
26;2021-03-25;3044;347;64799;23598;12.4;4.5
26;2021-03-26;3053;364;67852;23962;13.0;4.6
26;2021-03-27;1243;163;69095;24125;13.3;4.6
26;2021-03-28;94;7;69189;24132;13.3;4.6
26;2021-03-29;1908;409;71097;24541;13.7;4.7
26;2021-03-30;2384;553;73481;25094;14.1;4.8
26;2021-03-31;2229;587;75710;25681;14.5;4.9
26;2021-04-01;2279;786;77989;26467;15.0;5.1
26;2021-04-02;2213;996;80202;27463;15.4;5.3
26;2021-04-03;551;1204;80753;28667;15.5;5.5
26;2021-04-04;215;887;80968;29554;15.6;5.7
26;2021-04-05;557;52;81525;29606;15.7;5.7
26;2021-04-06;1486;833;83011;30439;15.9;5.8
26;2021-04-07;1793;900;84804;31339;16.3;6.0
26;2021-04-08;3008;942;87812;32281;16.9;6.2
26;2021-04-09;3415;1013;91227;33294;17.5;6.4
26;2021-04-10;1356;929;92583;34223;17.8;6.6
26;2021-04-11;88;35;92671;34258;17.8;6.6
26;2021-04-12;1713;1128;94384;35386;18.1;6.8
26;2021-04-13;2797;1459;97181;36845;18.7;7.1
26;2021-04-14;2204;1490;99385;38335;19.1;7.4
26;2021-04-15;2282;1602;101667;39937;19.5;7.7
26;2021-04-16;2272;1596;103939;41533;20.0;8.0
26;2021-04-17;1095;841;105034;42374;20.2;8.1
26;2021-04-18;36;52;105070;42426;20.2;8.2
26;2021-04-19;1547;1575;106617;44001;20.5;8.5
26;2021-04-20;1796;1732;108413;45733;20.8;8.8
26;2021-04-21;2012;1517;110425;47250;21.2;9.1
26;2021-04-22;2289;1606;112714;48856;21.7;9.4
26;2021-04-23;2012;1644;114726;50500;22.0;9.7
26;2021-04-24;1655;846;116381;51346;22.4;9.9
26;2021-04-25;629;97;117010;51443;22.5;9.9
26;2021-04-26;1377;1599;118387;53042;22.7;10.2
26;2021-04-27;1986;1687;120373;54729;23.1;10.5
26;2021-04-28;1865;1546;122238;56275;23.5;10.8
26;2021-04-29;2866;1898;125104;58173;24.0;11.2
26;2021-04-30;2626;1768;127730;59941;24.5;11.5
26;2021-05-01;1538;380;129268;60321;24.8;11.6
26;2021-05-02;1084;118;130352;60439;25.0;11.6
26;2021-05-03;2200;1791;132552;62230;25.5;12.0
26;2021-05-04;2614;2365;135166;64595;26.0;12.4
26;2021-05-05;2772;2202;137938;66797;26.5;12.8
26;2021-05-06;3322;2228;141260;69025;27.1;13.3
26;2021-05-07;2860;2262;144120;71287;27.7;13.7
26;2021-05-08;1960;622;146080;71909;28.1;13.8
26;2021-05-09;713;123;146793;72032;28.2;13.8
26;2021-05-10;3021;1831;149814;73863;28.8;14.2
26;2021-05-11;4445;2188;154259;76051;29.6;14.6
26;2021-05-12;4828;1696;159087;77747;30.6;14.9
26;2021-05-13;4363;617;163450;78364;31.4;15.1
26;2021-05-14;4640;1551;168090;79915;32.3;15.4
26;2021-05-15;4468;626;172558;80541;33.1;15.5
26;2021-05-16;3629;345;176187;80886;33.8;15.5
26;2021-05-17;3657;1487;179844;82373;34.5;15.8
26;2021-05-18;4474;1743;184318;84116;35.4;16.2
26;2021-05-19;4486;1451;188804;85567;36.3;16.4
26;2021-05-20;4684;1770;193488;87337;37.2;16.8
26;2021-05-21;4728;1804;198216;89141;38.1;17.1
26;2021-05-22;3189;690;201405;89831;38.7;17.3
26;2021-05-23;1597;183;203002;90014;39.0;17.3
26;2021-05-24;3788;743;206790;90757;39.7;17.4
26;2021-05-25;3591;2348;210381;93105;40.4;17.9
26;2021-05-26;4177;2272;214558;95377;41.2;18.3
26;2021-05-27;4211;2459;218769;97836;42.0;18.8
26;2021-05-28;3776;2768;222545;100604;42.8;19.3
26;2021-05-29;3087;1653;225632;102257;43.3;19.6
26;2021-05-30;320;70;225952;102327;43.4;19.7
26;2021-05-31;3082;1854;229034;104181;44.0;20.0
26;2021-06-01;3110;2309;232144;106490;44.6;20.5
26;2021-06-02;2869;2220;235013;108710;45.1;20.9
26;2021-06-03;2849;2491;237862;111201;45.7;21.4
26;2021-06-04;2667;2917;240529;114118;46.2;21.9
26;2021-06-05;1806;1694;242335;115812;46.6;22.2
26;2021-06-06;9;0;242344;115812;46.6;22.2
26;2021-06-07;2346;2431;244690;118243;47.0;22.7
26;2021-06-08;2453;2293;247143;120536;47.5;23.2
26;2021-06-09;2096;2390;249239;122926;47.9;23.6
26;2021-06-10;1980;2763;251219;125689;48.3;24.1
26;2021-06-11;1887;3272;253106;128961;48.6;24.8
26;2021-06-12;1219;1790;254325;130751;48.9;25.1
26;2021-06-13;97;214;254422;130965;48.9;25.2
26;2021-06-14;1415;3498;255837;134463;49.1;25.8
26;2021-06-15;1586;3964;257423;138427;49.5;26.6
26;2021-06-16;1784;3473;259207;141900;49.8;27.3
26;2021-06-17;1509;3167;260716;145067;50.1;27.9
26;2021-06-18;1797;4368;262513;149435;50.4;28.7
26;2021-06-19;934;3180;263447;152615;50.6;29.3
26;2021-06-20;263;876;263710;153491;50.7;29.5
26;2021-06-21;1005;4558;264715;158049;50.9;30.4
26;2021-06-22;1061;5119;265776;163168;51.1;31.3
26;2021-06-23;1168;5072;266944;168240;51.3;32.3
26;2021-06-24;1258;4544;268202;172784;51.5;33.2
26;2021-06-25;1014;5542;269216;178326;51.7;34.3
26;2021-06-26;662;3822;269878;182148;51.8;35.0
26;2021-06-27;299;1273;270177;183421;51.9;35.2
26;2021-06-28;778;4757;270955;188178;52.1;36.1
26;2021-06-29;1097;4956;272052;193134;52.3;37.1
26;2021-06-30;1411;4891;273463;198025;52.5;38.0
26;2021-07-01;1651;4389;275114;202414;52.8;38.9
26;2021-07-02;1333;5163;276447;207577;53.1;39.9
26;2021-07-03;769;3321;277216;210898;53.3;40.5
26;2021-07-04;331;633;277547;211531;53.3;40.6
26;2021-07-05;887;4673;278434;216204;53.5;41.5
26;2021-07-06;1266;4199;279700;220403;53.7;42.3
26;2021-07-07;1440;3797;281140;224200;54.0;43.1
26;2021-07-08;2387;3330;283527;227530;54.5;43.7
26;2021-07-09;1558;4789;285085;232319;54.8;44.6
26;2021-07-10;910;2913;285995;235232;54.9;45.2
26;2021-07-11;332;347;286327;235579;55.0;45.3
26;2021-07-12;1113;4218;287440;239797;55.2;46.1
26;2021-07-13;2301;4343;289741;244140;55.7;46.9
26;2021-07-14;1060;814;290801;244954;55.9;47.1
26;2021-07-15;3166;3659;293967;248613;56.5;47.8
26;2021-07-16;3000;3688;296967;252301;57.0;48.5
26;2021-07-17;1876;1814;298843;254115;57.4;48.8
26;2021-07-18;20;24;298863;254139;57.4;48.8
26;2021-07-19;2724;3265;301587;257404;57.9;49.4
26;2021-07-20;3706;3370;305293;260774;58.6;50.1
26;2021-07-21;3588;3087;308881;263861;59.3;50.7
26;2021-07-22;4119;2974;313000;266835;60.1;51.3
26;2021-07-23;3860;3403;316860;270238;60.9;51.9
26;2021-07-24;2344;1363;319204;271601;61.3;52.2
26;2021-07-25;608;97;319812;271698;61.4;52.2
26;2021-07-26;3429;2584;323241;274282;62.1;52.7
26;2021-07-27;4840;2621;328081;276903;63.0;53.2
26;2021-07-28;4534;2390;332615;279293;63.9;53.7
26;2021-07-29;3902;2900;336517;282193;64.6;54.2
26;2021-07-30;3484;2675;340001;284868;65.3;54.7
26;2021-07-31;1144;1010;341145;285878;65.5;54.9
26;2021-08-01;420;108;341565;285986;65.6;54.9
26;2021-08-02;2953;2364;344518;288350;66.2;55.4
26;2021-08-03;3299;2297;347817;290647;66.8;55.8
26;2021-08-04;3999;2016;351816;292663;67.6;56.2
26;2021-08-05;3154;2207;354970;294870;68.2;56.6
26;2021-08-06;3174;2639;358144;297509;68.8;57.2
26;2021-08-07;640;845;358784;298354;68.9;57.3
26;2021-08-08;29;13;358813;298367;68.9;57.3
26;2021-08-09;2191;3062;361004;301429;69.3;57.9
26;2021-08-10;2341;3049;363345;304478;69.8;58.5
26;2021-08-11;2078;2719;365423;307197;70.2;59.0
26;2021-08-12;1775;2587;367198;309784;70.5;59.5
26;2021-08-13;1742;2424;368940;312208;70.9;60.0
26;2021-08-14;272;872;369212;313080;70.9;60.1
26;2021-08-15;6;8;369218;313088;70.9;60.1
26;2021-08-16;1190;3291;370408;316379;71.2;60.8
26;2021-08-17;1523;3154;371931;319533;71.4;61.4
26;2021-08-18;1631;3376;373562;322909;71.8;62.0
26;2021-08-19;1552;3069;375114;325978;72.1;62.6
26;2021-08-20;1447;2980;376561;328958;72.3;63.2
26;2021-08-21;599;1090;377160;330048;72.5;63.4
26;2021-08-22;58;379;377218;330427;72.5;63.5
26;2021-08-23;1601;3621;378819;334048;72.8;64.2
26;2021-08-24;1748;3596;380567;337644;73.1;64.9
26;2021-08-25;1605;3660;382172;341304;73.4;65.6
26;2021-08-26;1494;3160;383666;344464;73.7;66.2
26;2021-08-27;1570;3607;385236;348071;74.0;66.9
26;2021-08-28;395;1104;385631;349175;74.1;67.1
26;2021-08-29;10;25;385641;349200;74.1;67.1
26;2021-08-30;1466;3385;387107;352585;74.4;67.7
26;2021-08-31;1286;3312;388393;355897;74.6;68.4
26;2021-09-01;1378;2599;389771;358496;74.9;68.9
26;2021-09-02;1116;1948;390887;360444;75.1;69.2
26;2021-09-03;1104;2520;391991;362964;75.3;69.7
26;2021-09-04;431;654;392422;363618;75.4;69.9
26;2021-09-05;25;18;392447;363636;75.4;69.9
26;2021-09-06;735;1445;393182;365081;75.5;70.1
26;2021-09-07;760;1417;393942;366498;75.7;70.4
26;2021-09-08;851;1665;394793;368163;75.8;70.7
26;2021-09-09;520;1322;395313;369485;75.9;71.0
26;2021-09-10;837;1750;396150;371235;76.1;71.3
26;2021-09-11;307;715;396457;371950;76.2;71.5
26;2021-09-12;0;5;396457;371955;76.2;71.5
26;2021-09-13;545;1292;397002;373247;76.3;71.7
26;2021-09-14;736;1279;397738;374526;76.4;71.9
26;2021-09-15;720;1831;398458;376357;76.5;72.3
26;2021-09-16;499;1007;398957;377364;76.6;72.5
26;2021-09-17;618;1732;399575;379096;76.8;72.8
26;2021-09-18;272;743;399847;379839;76.8;73.0
26;2021-09-19;3;13;399850;379852;76.8;73.0
26;2021-09-20;335;1095;400185;380947;76.9;73.2
26;2021-09-21;416;1013;400601;381960;77.0;73.4
26;2021-09-22;425;1519;401026;383479;77.0;73.7
26;2021-09-23;360;780;401386;384259;77.1;73.8
26;2021-09-24;442;1431;401828;385690;77.2;74.1
26;2021-09-25;180;600;402008;386290;77.2;74.2
26;2021-09-26;2;19;402010;386309;77.2;74.2
26;2021-09-27;312;811;402322;387120;77.3;74.4
26;2021-09-28;245;610;402567;387730;77.3;74.5
26;2021-09-29;385;1010;402952;388740;77.4;74.7
26;2021-09-30;226;517;403178;389257;77.5;74.8
26;2021-10-01;446;999;403624;390256;77.5;75.0
26;2021-10-02;189;340;403813;390596;77.6;75.0
26;2021-10-03;5;4;403818;390600;77.6;75.0
26;2021-10-04;320;631;404138;391231;77.6;75.2
26;2021-10-05;153;503;404291;391734;77.7;75.3
26;2021-10-06;385;797;404676;392531;77.7;75.4
26;2021-10-07;166;399;404842;392930;77.8;75.5
26;2021-10-08;377;844;405219;393774;77.8;75.6
26;2021-10-09;205;317;405424;394091;77.9;75.7
26;2021-10-10;1;17;405425;394108;77.9;75.7
26;2021-10-11;262;525;405687;394633;77.9;75.8
26;2021-10-12;174;331;405861;394964;78.0;75.9
26;2021-10-13;319;592;406180;395556;78.0;76.0
27;2020-12-27;2;0;2;0;0.0;0.0
27;2020-12-28;1;0;3;0;0.0;0.0
27;2020-12-29;2;0;5;0;0.0;0.0
27;2020-12-30;0;0;5;0;0.0;0.0
27;2020-12-31;0;0;5;0;0.0;0.0
27;2021-01-01;0;0;5;0;0.0;0.0
27;2021-01-02;0;0;5;0;0.0;0.0
27;2021-01-03;2;0;7;0;0.0;0.0
27;2021-01-04;0;0;7;0;0.0;0.0
27;2021-01-05;15;0;22;0;0.0;0.0
27;2021-01-06;161;0;183;0;0.0;0.0
27;2021-01-07;373;1;556;1;0.1;0.0
27;2021-01-08;443;2;999;3;0.2;0.0
27;2021-01-09;72;1;1071;4;0.2;0.0
27;2021-01-10;100;0;1171;4;0.2;0.0
27;2021-01-11;383;0;1554;4;0.3;0.0
27;2021-01-12;409;2;1963;6;0.3;0.0
27;2021-01-13;840;3;2803;9;0.5;0.0
27;2021-01-14;1629;32;4432;41;0.7;0.0
27;2021-01-15;1224;6;5656;47;0.9;0.0
27;2021-01-16;332;2;5988;49;1.0;0.0
27;2021-01-17;205;0;6193;49;1.0;0.0
27;2021-01-18;800;3;6993;52;1.2;0.0
27;2021-01-19;772;3;7765;55;1.3;0.0
27;2021-01-20;871;1;8636;56;1.4;0.0
27;2021-01-21;654;4;9290;60;1.5;0.0
27;2021-01-22;778;5;10068;65;1.7;0.0
27;2021-01-23;350;0;10418;65;1.7;0.0
27;2021-01-24;169;6;10587;71;1.8;0.0
27;2021-01-25;635;15;11222;86;1.9;0.0
27;2021-01-26;462;17;11684;103;1.9;0.0
27;2021-01-27;506;104;12190;207;2.0;0.0
27;2021-01-28;517;294;12707;501;2.1;0.1
27;2021-01-29;509;108;13216;609;2.2;0.1
27;2021-01-30;242;29;13458;638;2.2;0.1
27;2021-01-31;27;24;13485;662;2.2;0.1
27;2021-02-01;348;194;13833;856;2.3;0.1
27;2021-02-02;308;280;14141;1136;2.4;0.2
27;2021-02-03;487;400;14628;1536;2.4;0.3
27;2021-02-04;717;884;15345;2420;2.6;0.4
27;2021-02-05;664;1141;16009;3561;2.7;0.6
27;2021-02-06;126;220;16135;3781;2.7;0.6
27;2021-02-07;25;42;16160;3823;2.7;0.6
27;2021-02-08;312;378;16472;4201;2.7;0.7
27;2021-02-09;341;554;16813;4755;2.8;0.8
27;2021-02-10;305;521;17118;5276;2.8;0.9
27;2021-02-11;318;453;17436;5729;2.9;1.0
27;2021-02-12;230;542;17666;6271;2.9;1.0
27;2021-02-13;151;133;17817;6404;3.0;1.1
27;2021-02-14;6;92;17823;6496;3.0;1.1
27;2021-02-15;389;598;18212;7094;3.0;1.2
27;2021-02-16;296;733;18508;7827;3.1;1.3
27;2021-02-17;247;635;18755;8462;3.1;1.4
27;2021-02-18;363;681;19118;9143;3.2;1.5
27;2021-02-19;218;689;19336;9832;3.2;1.6
27;2021-02-20;129;250;19465;10082;3.2;1.7
27;2021-02-21;12;136;19477;10218;3.2;1.7
27;2021-02-22;482;566;19959;10784;3.3;1.8
27;2021-02-23;496;622;20455;11406;3.4;1.9
27;2021-02-24;543;648;20998;12054;3.5;2.0
27;2021-02-25;848;759;21846;12813;3.6;2.1
27;2021-02-26;955;693;22801;13506;3.8;2.2
27;2021-02-27;408;162;23209;13668;3.9;2.3
27;2021-02-28;174;30;23383;13698;3.9;2.3
27;2021-03-01;488;442;23871;14140;4.0;2.4
27;2021-03-02;765;371;24636;14511;4.1;2.4
27;2021-03-03;853;363;25489;14874;4.2;2.5
27;2021-03-04;886;237;26375;15111;4.4;2.5
27;2021-03-05;1304;242;27679;15353;4.6;2.6
27;2021-03-06;1639;110;29318;15463;4.9;2.6
27;2021-03-07;620;18;29938;15481;5.0;2.6
27;2021-03-08;1204;304;31142;15785;5.2;2.6
27;2021-03-09;1828;270;32970;16055;5.5;2.7
27;2021-03-10;2116;352;35086;16407;5.8;2.7
27;2021-03-11;2162;233;37248;16640;6.2;2.8
27;2021-03-12;2816;204;40064;16844;6.7;2.8
27;2021-03-13;1919;129;41983;16973;7.0;2.8
27;2021-03-14;655;16;42638;16989;7.1;2.8
27;2021-03-15;1558;218;44196;17207;7.4;2.9
27;2021-03-16;1489;242;45685;17449;7.6;2.9
27;2021-03-17;1856;375;47541;17824;7.9;3.0
27;2021-03-18;1687;349;49228;18173;8.2;3.0
27;2021-03-19;1835;177;51063;18350;8.5;3.1
27;2021-03-20;905;43;51968;18393;8.7;3.1
27;2021-03-21;258;3;52226;18396;8.7;3.1
27;2021-03-22;1235;548;53461;18944;8.9;3.2
27;2021-03-23;1627;460;55088;19404;9.2;3.2
27;2021-03-24;1523;480;56611;19884;9.4;3.3
27;2021-03-25;2165;521;58776;20405;9.8;3.4
27;2021-03-26;2531;446;61307;20851;10.2;3.5
27;2021-03-27;1568;202;62875;21053;10.5;3.5
27;2021-03-28;1149;50;64024;21103;10.7;3.5
27;2021-03-29;1375;835;65399;21938;10.9;3.7
27;2021-03-30;1391;850;66790;22788;11.1;3.8
27;2021-03-31;1485;877;68275;23665;11.4;3.9
27;2021-04-01;1956;815;70231;24480;11.7;4.1
27;2021-04-02;1999;1187;72230;25667;12.0;4.3
27;2021-04-03;1563;741;73793;26408;12.3;4.4
27;2021-04-04;979;176;74772;26584;12.4;4.4
27;2021-04-05;283;7;75055;26591;12.5;4.4
27;2021-04-06;1413;1804;76468;28395;12.7;4.7
27;2021-04-07;1322;1746;77790;30141;13.0;5.0
27;2021-04-08;1685;1684;79475;31825;13.2;5.3
27;2021-04-09;2944;1569;82419;33394;13.7;5.6
27;2021-04-10;2033;988;84452;34382;14.1;5.7
27;2021-04-11;946;212;85398;34594;14.2;5.8
27;2021-04-12;2434;1518;87832;36112;14.6;6.0
27;2021-04-13;2393;1548;90225;37660;15.0;6.3
27;2021-04-14;2085;1632;92310;39292;15.4;6.5
27;2021-04-15;1874;1662;94184;40954;15.7;6.8
27;2021-04-16;2751;1118;96935;42072;16.1;7.0
27;2021-04-17;2168;498;99103;42570;16.5;7.1
27;2021-04-18;452;18;99555;42588;16.6;7.1
27;2021-04-19;1712;1175;101267;43763;16.9;7.3
27;2021-04-20;2388;1310;103655;45073;17.3;7.5
27;2021-04-21;2210;1083;105865;46156;17.6;7.7
27;2021-04-22;2180;1423;108045;47579;18.0;7.9
27;2021-04-23;2446;1183;110491;48762;18.4;8.1
27;2021-04-24;3260;1151;113751;49913;18.9;8.3
27;2021-04-25;1130;1052;114881;50965;19.1;8.5
27;2021-04-26;1925;1148;116806;52113;19.4;8.7
27;2021-04-27;2528;1094;119334;53207;19.9;8.9
27;2021-04-28;2395;1320;121729;54527;20.3;9.1
27;2021-04-29;2491;1476;124220;56003;20.7;9.3
27;2021-04-30;2371;1616;126591;57619;21.1;9.6
27;2021-05-01;2638;892;129229;58511;21.5;9.7
27;2021-05-02;1952;901;131181;59412;21.8;9.9
27;2021-05-03;3064;882;134245;60294;22.3;10.0
27;2021-05-04;2782;1652;137027;61946;22.8;10.3
27;2021-05-05;2816;1653;139843;63599;23.3;10.6
27;2021-05-06;3184;1298;143027;64897;23.8;10.8
27;2021-05-07;3322;2003;146349;66900;24.4;11.1
27;2021-05-08;2805;1332;149154;68232;24.8;11.4
27;2021-05-09;1698;298;150852;68530;25.1;11.4
27;2021-05-10;2950;2272;153802;70802;25.6;11.8
27;2021-05-11;3358;1759;157160;72561;26.2;12.1
27;2021-05-12;3464;1729;160624;74290;26.7;12.4
27;2021-05-13;1892;255;162516;74545;27.1;12.4
27;2021-05-14;3884;1790;166400;76335;27.7;12.7
27;2021-05-15;6601;953;173001;77288;28.8;12.9
27;2021-05-16;3668;438;176669;77726;29.4;12.9
27;2021-05-17;2774;1161;179443;78887;29.9;13.1
27;2021-05-18;3845;1296;183288;80183;30.5;13.3
27;2021-05-19;3967;1154;187255;81337;31.2;13.5
27;2021-05-20;3874;1174;191129;82511;31.8;13.7
27;2021-05-21;3968;1801;195097;84312;32.5;14.0
27;2021-05-22;4367;802;199464;85114;33.2;14.2
27;2021-05-23;799;173;200263;85287;33.3;14.2
27;2021-05-24;1489;342;201752;85629;33.6;14.3
27;2021-05-25;3510;1608;205262;87237;34.2;14.5
27;2021-05-26;3855;1740;209117;88977;34.8;14.8
27;2021-05-27;3789;1487;212906;90464;35.4;15.1
27;2021-05-28;3403;2634;216309;93098;36.0;15.5
27;2021-05-29;4822;2302;221131;95400;36.8;15.9
27;2021-05-30;1117;247;222248;95647;37.0;15.9
27;2021-05-31;3464;2275;225712;97922;37.6;16.3
27;2021-06-01;3813;2250;229525;100172;38.2;16.7
27;2021-06-02;3341;2183;232866;102355;38.8;17.0
27;2021-06-03;4430;2126;237296;104481;39.5;17.4
27;2021-06-04;3603;2978;240899;107459;40.1;17.9
27;2021-06-05;3207;3351;244106;110810;40.6;18.4
27;2021-06-06;2004;1005;246110;111815;41.0;18.6
27;2021-06-07;2570;2357;248680;114172;41.4;19.0
27;2021-06-08;3126;2379;251806;116551;41.9;19.4
27;2021-06-09;2305;2471;254111;119022;42.3;19.8
27;2021-06-10;2431;2041;256542;121063;42.7;20.2
27;2021-06-11;2889;3772;259431;124835;43.2;20.8
27;2021-06-12;1982;4191;261413;129026;43.5;21.5
27;2021-06-13;1083;2687;262496;131713;43.7;21.9
27;2021-06-14;1996;3113;264492;134826;44.0;22.4
27;2021-06-15;2689;3022;267181;137848;44.5;22.9
27;2021-06-16;2502;3261;269683;141109;44.9;23.5
27;2021-06-17;2298;3291;271981;144400;45.3;24.0
27;2021-06-18;2746;4420;274727;148820;45.7;24.8
27;2021-06-19;1863;3392;276590;152212;46.0;25.3
27;2021-06-20;607;710;277197;152922;46.1;25.5
27;2021-06-21;1703;3496;278900;156418;46.4;26.0
27;2021-06-22;2385;3719;281285;160137;46.8;26.7
27;2021-06-23;2073;3572;283358;163709;47.2;27.3
27;2021-06-24;2256;3413;285614;167122;47.5;27.8
27;2021-06-25;1936;4460;287550;171582;47.9;28.6
27;2021-06-26;884;5352;288434;176934;48.0;29.5
27;2021-06-27;377;1427;288811;178361;48.1;29.7
27;2021-06-28;1129;3405;289940;181766;48.3;30.3
27;2021-06-29;1703;4365;291643;186131;48.6;31.0
27;2021-06-30;2115;4096;293758;190227;48.9;31.7
27;2021-07-01;2224;3908;295982;194135;49.3;32.3
27;2021-07-02;1589;4620;297571;198755;49.5;33.1
27;2021-07-03;1309;4774;298880;203529;49.8;33.9
27;2021-07-04;504;1403;299384;204932;49.8;34.1
27;2021-07-05;1417;3529;300801;208461;50.1;34.7
27;2021-07-06;1366;4180;302167;212641;50.3;35.4
27;2021-07-07;1756;4905;303923;217546;50.6;36.2
27;2021-07-08;2089;4356;306012;221902;50.9;36.9
27;2021-07-09;1984;5287;307996;227189;51.3;37.8
27;2021-07-10;1167;4179;309163;231368;51.5;38.5
27;2021-07-11;426;1139;309589;232507;51.5;38.7
27;2021-07-12;1253;4373;310842;236880;51.7;39.4
27;2021-07-13;2759;5347;313601;242227;52.2;40.3
27;2021-07-14;1518;1753;315119;243980;52.5;40.6
27;2021-07-15;3033;5468;318152;249448;53.0;41.5
27;2021-07-16;3820;5290;321972;254738;53.6;42.4
27;2021-07-17;2732;3878;324704;258616;54.1;43.1
27;2021-07-18;553;1266;325257;259882;54.1;43.3
27;2021-07-19;3687;3791;328944;263673;54.8;43.9
27;2021-07-20;3460;3593;332404;267266;55.3;44.5
27;2021-07-21;4250;3901;336654;271167;56.0;45.1
27;2021-07-22;4750;3716;341404;274883;56.8;45.8
27;2021-07-23;3592;3400;344996;278283;57.4;46.3
27;2021-07-24;3114;2329;348110;280612;58.0;46.7
27;2021-07-25;493;545;348603;281157;58.0;46.8
27;2021-07-26;3072;3175;351675;284332;58.5;47.3
27;2021-07-27;3596;3104;355271;287436;59.1;47.9
27;2021-07-28;3592;3242;358863;290678;59.7;48.4
27;2021-07-29;4590;3511;363453;294189;60.5;49.0
27;2021-07-30;3817;3146;367270;297335;61.1;49.5
27;2021-07-31;3062;2586;370332;299921;61.7;49.9
27;2021-08-01;540;498;370872;300419;61.7;50.0
27;2021-08-02;3319;2584;374191;303003;62.3;50.4
27;2021-08-03;3427;2770;377618;305773;62.9;50.9
27;2021-08-04;3060;2335;380678;308108;63.4;51.3
27;2021-08-05;2676;2358;383354;310466;63.8;51.7
27;2021-08-06;3269;3244;386623;313710;64.4;52.2
27;2021-08-07;1801;2558;388424;316268;64.7;52.7
27;2021-08-08;218;197;388642;316465;64.7;52.7
27;2021-08-09;2210;2807;390852;319272;65.1;53.2
27;2021-08-10;2811;3514;393663;322786;65.5;53.7
27;2021-08-11;2637;3099;396300;325885;66.0;54.3
27;2021-08-12;2363;3905;398663;329790;66.4;54.9
27;2021-08-13;1745;2572;400408;332362;66.7;55.3
27;2021-08-14;1164;2890;401572;335252;66.9;55.8
27;2021-08-15;18;23;401590;335275;66.9;55.8
27;2021-08-16;1811;3816;403401;339091;67.2;56.5
27;2021-08-17;2046;3444;405447;342535;67.5;57.0
27;2021-08-18;1457;2987;406904;345522;67.7;57.5
27;2021-08-19;1711;3357;408615;348879;68.0;58.1
27;2021-08-20;1636;3440;410251;352319;68.3;58.7
27;2021-08-21;988;2842;411239;355161;68.5;59.1
27;2021-08-22;184;162;411423;355323;68.5;59.2
27;2021-08-23;1080;4008;412503;359331;68.7;59.8
27;2021-08-24;1440;3970;413943;363301;68.9;60.5
27;2021-08-25;1717;3414;415660;366715;69.2;61.0
27;2021-08-26;1157;2932;416817;369647;69.4;61.5
27;2021-08-27;1265;3223;418082;372870;69.6;62.1
27;2021-08-28;912;2870;418994;375740;69.8;62.6
27;2021-08-29;87;135;419081;375875;69.8;62.6
27;2021-08-30;905;3278;419986;379153;69.9;63.1
27;2021-08-31;1225;3083;421211;382236;70.1;63.6
27;2021-09-01;998;2922;422209;385158;70.3;64.1
27;2021-09-02;874;2187;423083;387345;70.4;64.5
27;2021-09-03;847;2170;423930;389515;70.6;64.8
27;2021-09-04;731;1957;424661;391472;70.7;65.2
27;2021-09-05;36;154;424697;391626;70.7;65.2
27;2021-09-06;538;1457;425235;393083;70.8;65.4
27;2021-09-07;698;2086;425933;395169;70.9;65.8
27;2021-09-08;771;2088;426704;397257;71.0;66.1
27;2021-09-09;683;1648;427387;398905;71.1;66.4
27;2021-09-10;902;1927;428289;400832;71.3;66.7
27;2021-09-11;610;1811;428899;402643;71.4;67.0
27;2021-09-12;42;171;428941;402814;71.4;67.1
27;2021-09-13;351;928;429292;403742;71.5;67.2
27;2021-09-14;596;1095;429888;404837;71.6;67.4
27;2021-09-15;557;1669;430445;406506;71.7;67.7
27;2021-09-16;600;1132;431045;407638;71.8;67.9
27;2021-09-17;790;1292;431835;408930;71.9;68.1
27;2021-09-18;364;1247;432199;410177;72.0;68.3
27;2021-09-19;56;161;432255;410338;72.0;68.3
27;2021-09-20;260;773;432515;411111;72.0;68.4
27;2021-09-21;428;964;432943;412075;72.1;68.6
27;2021-09-22;306;1030;433249;413105;72.1;68.8
27;2021-09-23;345;756;433594;413861;72.2;68.9
27;2021-09-24;578;1244;434172;415105;72.3;69.1
27;2021-09-25;291;1122;434463;416227;72.3;69.3
27;2021-09-26;4;12;434467;416239;72.3;69.3
27;2021-09-27;190;474;434657;416713;72.4;69.4
27;2021-09-28;313;725;434970;417438;72.4;69.5
27;2021-09-29;242;727;435212;418165;72.5;69.6
27;2021-09-30;162;521;435374;418686;72.5;69.7
27;2021-10-01;344;999;435718;419685;72.5;69.9
27;2021-10-02;364;797;436082;420482;72.6;70.0
27;2021-10-03;13;12;436095;420494;72.6;70.0
27;2021-10-04;178;374;436273;420868;72.6;70.1
27;2021-10-05;262;465;436535;421333;72.7;70.1
27;2021-10-06;280;693;436815;422026;72.7;70.3
27;2021-10-07;144;281;436959;422307;72.7;70.3
27;2021-10-08;329;822;437288;423129;72.8;70.4
27;2021-10-09;254;538;437542;423667;72.8;70.5
27;2021-10-10;12;35;437554;423702;72.8;70.5
27;2021-10-11;159;388;437713;424090;72.9;70.6
27;2021-10-12;250;473;437963;424563;72.9;70.7
27;2021-10-13;279;421;438242;424984;73.0;70.7
28;2020-12-27;0;0;0;0;0.0;0.0
28;2020-12-28;0;0;0;0;0.0;0.0
28;2020-12-29;0;0;0;0;0.0;0.0
28;2020-12-30;0;0;0;0;0.0;0.0
28;2020-12-31;0;0;0;0;0.0;0.0
28;2021-01-01;1;0;1;0;0.0;0.0
28;2021-01-02;0;0;1;0;0.0;0.0
28;2021-01-03;0;0;1;0;0.0;0.0
28;2021-01-04;0;0;1;0;0.0;0.0
28;2021-01-05;5;0;6;0;0.0;0.0
28;2021-01-06;84;0;90;0;0.0;0.0
28;2021-01-07;102;0;192;0;0.0;0.0
28;2021-01-08;134;2;326;2;0.1;0.0
28;2021-01-09;79;0;405;2;0.1;0.0
28;2021-01-10;1;0;406;2;0.1;0.0
28;2021-01-11;204;0;610;2;0.1;0.0
28;2021-01-12;265;2;875;4;0.2;0.0
28;2021-01-13;398;3;1273;7;0.3;0.0
28;2021-01-14;451;6;1724;13;0.4;0.0
28;2021-01-15;374;3;2098;16;0.5;0.0
28;2021-01-16;206;2;2304;18;0.5;0.0
28;2021-01-17;21;0;2325;18;0.5;0.0
28;2021-01-18;373;2;2698;20;0.6;0.0
28;2021-01-19;503;4;3201;24;0.7;0.0
28;2021-01-20;636;1;3837;25;0.9;0.0
28;2021-01-21;796;3;4633;28;1.1;0.0
28;2021-01-22;478;1;5111;29;1.2;0.0
28;2021-01-23;353;0;5464;29;1.3;0.0
28;2021-01-24;1;0;5465;29;1.3;0.0
28;2021-01-25;456;4;5921;33;1.4;0.0
28;2021-01-26;717;9;6638;42;1.5;0.0
28;2021-01-27;1211;52;7849;94;1.8;0.0
28;2021-01-28;1587;95;9436;189;2.2;0.0
28;2021-01-29;896;99;10332;288;2.4;0.1
28;2021-01-30;249;53;10581;341;2.5;0.1
28;2021-01-31;2;22;10583;363;2.5;0.1
28;2021-02-01;325;121;10908;484;2.5;0.1
28;2021-02-02;368;239;11276;723;2.6;0.2
28;2021-02-03;473;258;11749;981;2.7;0.2
28;2021-02-04;526;279;12275;1260;2.9;0.3
28;2021-02-05;436;230;12711;1490;3.0;0.3
28;2021-02-06;201;130;12912;1620;3.0;0.4
28;2021-02-07;0;0;12912;1620;3.0;0.4
28;2021-02-08;331;250;13243;1870;3.1;0.4
28;2021-02-09;281;344;13524;2214;3.1;0.5
28;2021-02-10;443;399;13967;2613;3.3;0.6
28;2021-02-11;562;492;14529;3105;3.4;0.7
28;2021-02-12;453;431;14982;3536;3.5;0.8
28;2021-02-13;181;191;15163;3727;3.5;0.9
28;2021-02-14;0;2;15163;3729;3.5;0.9
28;2021-02-15;280;473;15443;4202;3.6;1.0
28;2021-02-16;396;710;15839;4912;3.7;1.1
28;2021-02-17;584;1153;16423;6065;3.8;1.4
28;2021-02-18;666;1408;17089;7473;4.0;1.7
28;2021-02-19;548;767;17637;8240;4.1;1.9
28;2021-02-20;114;145;17751;8385;4.1;2.0
28;2021-02-21;7;33;17758;8418;4.1;2.0
28;2021-02-22;223;521;17981;8939;4.2;2.1
28;2021-02-23;203;379;18184;9318;4.2;2.2
28;2021-02-24;244;474;18428;9792;4.3;2.3
28;2021-02-25;574;454;19002;10246;4.4;2.4
28;2021-02-26;764;378;19766;10624;4.6;2.5
28;2021-02-27;265;86;20031;10710;4.7;2.5
28;2021-02-28;23;17;20054;10727;4.7;2.5
28;2021-03-01;292;215;20346;10942;4.7;2.5
28;2021-03-02;396;293;20742;11235;4.8;2.6
28;2021-03-03;367;399;21109;11634;4.9;2.7
28;2021-03-04;720;494;21829;12128;5.1;2.8
28;2021-03-05;1319;419;23148;12547;5.4;2.9
28;2021-03-06;1999;95;25147;12642;5.9;2.9
28;2021-03-07;974;42;26121;12684;6.1;3.0
28;2021-03-08;398;308;26519;12992;6.2;3.0
28;2021-03-09;981;364;27500;13356;6.4;3.1
28;2021-03-10;1358;558;28858;13914;6.7;3.2
28;2021-03-11;1535;710;30393;14624;7.1;3.4
28;2021-03-12;2256;645;32649;15269;7.6;3.6
28;2021-03-13;1235;134;33884;15403;7.9;3.6
28;2021-03-14;519;18;34403;15421;8.0;3.6
28;2021-03-15;755;234;35158;15655;8.2;3.6
28;2021-03-16;716;224;35874;15879;8.4;3.7
28;2021-03-17;746;290;36620;16169;8.5;3.8
28;2021-03-18;1203;278;37823;16447;8.8;3.8
28;2021-03-19;1558;340;39381;16787;9.2;3.9
28;2021-03-20;639;21;40020;16808;9.3;3.9
28;2021-03-21;29;8;40049;16816;9.3;3.9
28;2021-03-22;766;325;40815;17141;9.5;4.0
28;2021-03-23;1027;193;41842;17334;9.7;4.0
28;2021-03-24;1315;281;43157;17615;10.0;4.1
28;2021-03-25;1796;291;44953;17906;10.5;4.2
28;2021-03-26;2084;348;47037;18254;11.0;4.3
28;2021-03-27;402;38;47439;18292;11.0;4.3
28;2021-03-28;12;0;47451;18292;11.0;4.3
28;2021-03-29;1139;358;48590;18650;11.3;4.3
28;2021-03-30;1711;255;50301;18905;11.7;4.4
28;2021-03-31;2017;482;52318;19387;12.2;4.5
28;2021-04-01;1796;591;54114;19978;12.6;4.7
28;2021-04-02;1583;1321;55697;21299;13.0;5.0
28;2021-04-03;607;1071;56304;22370;13.1;5.2
28;2021-04-04;33;302;56337;22672;13.1;5.3
28;2021-04-05;40;3;56377;22675;13.1;5.3
28;2021-04-06;1222;463;57599;23138;13.4;5.4
28;2021-04-07;1890;1008;59489;24146;13.9;5.6
28;2021-04-08;2085;1076;61574;25222;14.3;5.9
28;2021-04-09;3230;924;64804;26146;15.1;6.1
28;2021-04-10;1581;202;66385;26348;15.5;6.1
28;2021-04-11;141;451;66526;26799;15.5;6.2
28;2021-04-12;1672;568;68198;27367;15.9;6.4
28;2021-04-13;1875;673;70073;28040;16.3;6.5
28;2021-04-14;2771;906;72844;28946;17.0;6.7
28;2021-04-15;2557;1153;75401;30099;17.6;7.0
28;2021-04-16;2554;810;77955;30909;18.2;7.2
28;2021-04-17;2309;134;80264;31043;18.7;7.2
28;2021-04-18;45;8;80309;31051;18.7;7.2
28;2021-04-19;1576;651;81885;31702;19.1;7.4
28;2021-04-20;1836;598;83721;32300;19.5;7.5
28;2021-04-21;2680;965;86401;33265;20.1;7.7
28;2021-04-22;1783;1224;88184;34489;20.5;8.0
28;2021-04-23;2325;1109;90509;35598;21.1;8.3
28;2021-04-24;3656;143;94165;35741;21.9;8.3
28;2021-04-25;1012;39;95177;35780;22.2;8.3
28;2021-04-26;1331;930;96508;36710;22.5;8.5
28;2021-04-27;1436;1287;97944;37997;22.8;8.8
28;2021-04-28;2373;1834;100317;39831;23.4;9.3
28;2021-04-29;2130;1515;102447;41346;23.9;9.6
28;2021-04-30;2973;1231;105420;42577;24.5;9.9
28;2021-05-01;127;121;105547;42698;24.6;9.9
28;2021-05-02;2;65;105549;42763;24.6;10.0
28;2021-05-03;1048;1022;106597;43785;24.8;10.2
28;2021-05-04;1359;1673;107956;45458;25.1;10.6
28;2021-05-05;2830;1654;110786;47112;25.8;11.0
28;2021-05-06;2456;1474;113242;48586;26.4;11.3
28;2021-05-07;2311;1934;115553;50520;26.9;11.8
28;2021-05-08;1078;118;116631;50638;27.2;11.8
28;2021-05-09;105;610;116736;51248;27.2;11.9
28;2021-05-10;1308;1894;118044;53142;27.5;12.4
28;2021-05-11;2024;2344;120068;55486;28.0;12.9
28;2021-05-12;2620;3237;122688;58723;28.6;13.7
28;2021-05-13;289;452;122977;59175;28.6;13.8
28;2021-05-14;1900;1616;124877;60791;29.1;14.2
28;2021-05-15;1433;1673;126310;62464;29.4;14.5
28;2021-05-16;1986;131;128296;62595;29.9;14.6
28;2021-05-17;2874;1493;131170;64088;30.5;14.9
28;2021-05-18;3382;1381;134552;65469;31.3;15.2
28;2021-05-19;5089;1282;139641;66751;32.5;15.5
28;2021-05-20;4149;1230;143790;67981;33.5;15.8
28;2021-05-21;3464;1587;147254;69568;34.3;16.2
28;2021-05-22;729;1161;147983;70729;34.5;16.5
28;2021-05-23;1956;139;149939;70868;34.9;16.5
28;2021-05-24;1428;395;151367;71263;35.2;16.6
28;2021-05-25;1876;1408;153243;72671;35.7;16.9
28;2021-05-26;2765;1346;156008;74017;36.3;17.2
28;2021-05-27;2754;1234;158762;75251;37.0;17.5
28;2021-05-28;3080;1732;161842;76983;37.7;17.9
28;2021-05-29;1868;873;163710;77856;38.1;18.1
28;2021-05-30;16;47;163726;77903;38.1;18.1
28;2021-05-31;2014;937;165740;78840;38.6;18.4
28;2021-06-01;2133;1662;167873;80502;39.1;18.7
28;2021-06-02;2077;2457;169950;82959;39.6;19.3
28;2021-06-03;2498;1562;172448;84521;40.2;19.7
28;2021-06-04;2608;2358;175056;86879;40.8;20.2
28;2021-06-05;1909;2522;176965;89401;41.2;20.8
28;2021-06-06;1060;1046;178025;90447;41.5;21.1
28;2021-06-07;3575;1575;181600;92022;42.3;21.4
28;2021-06-08;3196;1520;184796;93542;43.0;21.8
28;2021-06-09;3675;2130;188471;95672;43.9;22.3
28;2021-06-10;3140;1262;191611;96934;44.6;22.6
28;2021-06-11;3790;2135;195401;99069;45.5;23.1
28;2021-06-12;1304;560;196705;99629;45.8;23.2
28;2021-06-13;385;108;197090;99737;45.9;23.2
28;2021-06-14;2207;1996;199297;101733;46.4;23.7
28;2021-06-15;2092;2224;201389;103957;46.9;24.2
28;2021-06-16;2508;3982;203897;107939;47.5;25.1
28;2021-06-17;1940;3135;205837;111074;47.9;25.9
28;2021-06-18;2487;3789;208324;114863;48.5;26.7
28;2021-06-19;776;1612;209100;116475;48.7;27.1
28;2021-06-20;23;24;209123;116499;48.7;27.1
28;2021-06-21;1682;1989;210805;118488;49.1;27.6
28;2021-06-22;1372;2109;212177;120597;49.4;28.1
28;2021-06-23;1782;3164;213959;123761;49.8;28.8
28;2021-06-24;734;929;214693;124690;50.0;29.0
28;2021-06-25;1888;3028;216581;127718;50.4;29.7
28;2021-06-26;310;2114;216891;129832;50.5;30.2
28;2021-06-27;588;1284;217479;131116;50.6;30.5
28;2021-06-28;1225;3655;218704;134771;50.9;31.4
28;2021-06-29;1342;3791;220046;138562;51.2;32.3
28;2021-06-30;1494;4261;221540;142823;51.6;33.3
28;2021-07-01;1277;3500;222817;146323;51.9;34.1
28;2021-07-02;1313;4651;224130;150974;52.2;35.2
28;2021-07-03;1131;2372;225261;153346;52.5;35.7
28;2021-07-04;145;1325;225406;154671;52.5;36.0
28;2021-07-05;1359;2512;226765;157183;52.8;36.6
28;2021-07-06;1508;2870;228273;160053;53.2;37.3
28;2021-07-07;1636;4143;229909;164196;53.5;38.2
28;2021-07-08;1467;3241;231376;167437;53.9;39.0
28;2021-07-09;1393;4520;232769;171957;54.2;40.0
28;2021-07-10;528;2206;233297;174163;54.3;40.6
28;2021-07-11;2;1;233299;174164;54.3;40.6
28;2021-07-12;1526;3929;234825;178093;54.7;41.5
28;2021-07-13;2261;4143;237086;182236;55.2;42.4
28;2021-07-14;1328;1395;238414;183631;55.5;42.8
28;2021-07-15;2985;3973;241399;187604;56.2;43.7
28;2021-07-16;2444;4752;243843;192356;56.8;44.8
28;2021-07-17;1263;2431;245106;194787;57.1;45.4
28;2021-07-18;368;945;245474;195732;57.2;45.6
28;2021-07-19;1806;4339;247280;200071;57.6;46.6
28;2021-07-20;2476;4091;249756;204162;58.2;47.5
28;2021-07-21;2959;4286;252715;208448;58.8;48.5
28;2021-07-22;3670;3432;256385;211880;59.7;49.3
28;2021-07-23;2959;3998;259344;215878;60.4;50.3
28;2021-07-24;1715;1484;261059;217362;60.8;50.6
28;2021-07-25;67;60;261126;217422;60.8;50.6
28;2021-07-26;2930;3387;264056;220809;61.5;51.4
28;2021-07-27;3885;2621;267941;223430;62.4;52.0
28;2021-07-28;3947;2745;271888;226175;63.3;52.7
28;2021-07-29;4466;2092;276354;228267;64.4;53.2
28;2021-07-30;3825;2848;280179;231115;65.2;53.8
28;2021-07-31;763;826;280942;231941;65.4;54.0
28;2021-08-01;378;65;281320;232006;65.5;54.0
28;2021-08-02;1793;1520;283113;233526;65.9;54.4
28;2021-08-03;2684;2168;285797;235694;66.6;54.9
28;2021-08-04;1932;2303;287729;237997;67.0;55.4
28;2021-08-05;1663;1731;289392;239728;67.4;55.8
28;2021-08-06;1618;1969;291010;241697;67.8;56.3
28;2021-08-07;798;1002;291808;242699;68.0;56.5
28;2021-08-08;22;33;291830;242732;68.0;56.5
28;2021-08-09;1388;1102;293218;243834;68.3;56.8
28;2021-08-10;1714;2027;294932;245861;68.7;57.3
28;2021-08-11;1273;1572;296205;247433;69.0;57.6
28;2021-08-12;1165;1881;297370;249314;69.2;58.1
28;2021-08-13;1321;1649;298691;250963;69.6;58.4
28;2021-08-14;659;844;299350;251807;69.7;58.6
28;2021-08-15;264;59;299614;251866;69.8;58.7
28;2021-08-16;862;2145;300476;254011;70.0;59.2
28;2021-08-17;1126;2798;301602;256809;70.2;59.8
28;2021-08-18;891;2412;302493;259221;70.4;60.4
28;2021-08-19;889;2616;303382;261837;70.6;61.0
28;2021-08-20;939;2753;304321;264590;70.9;61.6
28;2021-08-21;381;1001;304702;265591;71.0;61.8
28;2021-08-22;9;31;304711;265622;71.0;61.9
28;2021-08-23;1041;2149;305752;267771;71.2;62.4
28;2021-08-24;867;2582;306619;270353;71.4;63.0
28;2021-08-25;1075;2208;307694;272561;71.7;63.5
28;2021-08-26;701;1817;308395;274378;71.8;63.9
28;2021-08-27;749;2369;309144;276747;72.0;64.4
28;2021-08-28;524;1098;309668;277845;72.1;64.7
28;2021-08-29;7;23;309675;277868;72.1;64.7
28;2021-08-30;994;2164;310669;280032;72.3;65.2
28;2021-08-31;798;2186;311467;282218;72.5;65.7
28;2021-09-01;748;2433;312215;284651;72.7;66.3
28;2021-09-02;542;1958;312757;286609;72.8;66.7
28;2021-09-03;668;2365;313425;288974;73.0;67.3
28;2021-09-04;585;2503;314010;291477;73.1;67.9
28;2021-09-05;210;139;314220;291616;73.2;67.9
28;2021-09-06;405;1388;314625;293004;73.3;68.2
28;2021-09-07;352;1299;314977;294303;73.3;68.5
28;2021-09-08;544;1426;315521;295729;73.5;68.9
28;2021-09-09;319;982;315840;296711;73.5;69.1
28;2021-09-10;591;1417;316431;298128;73.7;69.4
28;2021-09-11;298;1257;316729;299385;73.8;69.7
28;2021-09-12;40;28;316769;299413;73.8;69.7
28;2021-09-13;312;734;317081;300147;73.8;69.9
28;2021-09-14;322;941;317403;301088;73.9;70.1
28;2021-09-15;526;1027;317929;302115;74.0;70.4
28;2021-09-16;252;689;318181;302804;74.1;70.5
28;2021-09-17;301;1048;318482;303852;74.2;70.8
28;2021-09-18;124;237;318606;304089;74.2;70.8
28;2021-09-19;7;17;318613;304106;74.2;70.8
28;2021-09-20;154;459;318767;304565;74.2;70.9
28;2021-09-21;394;935;319161;305500;74.3;71.1
28;2021-09-22;330;1068;319491;306568;74.4;71.4
28;2021-09-23;190;507;319681;307075;74.4;71.5
28;2021-09-24;255;969;319936;308044;74.5;71.7
28;2021-09-25;99;326;320035;308370;74.5;71.8
28;2021-09-26;21;34;320056;308404;74.5;71.8
28;2021-09-27;167;665;320223;309069;74.6;72.0
28;2021-09-28;172;440;320395;309509;74.6;72.1
28;2021-09-29;352;687;320747;310196;74.7;72.2
28;2021-09-30;234;451;320981;310647;74.7;72.3
28;2021-10-01;250;726;321231;311373;74.8;72.5
28;2021-10-02;76;151;321307;311524;74.8;72.5
28;2021-10-03;0;6;321307;311530;74.8;72.5
28;2021-10-04;132;255;321439;311785;74.9;72.6
28;2021-10-05;159;369;321598;312154;74.9;72.7
28;2021-10-06;198;608;321796;312762;74.9;72.8
28;2021-10-07;130;272;321926;313034;75.0;72.9
28;2021-10-08;254;464;322180;313498;75.0;73.0
28;2021-10-09;75;142;322255;313640;75.0;73.0
28;2021-10-10;10;12;322265;313652;75.0;73.0
28;2021-10-11;158;223;322423;313875;75.1;73.1
28;2021-10-12;182;379;322605;314254;75.1;73.2
28;2021-10-13;190;404;322795;314658;75.2;73.3
29;2020-12-27;0;0;0;0;0.0;0.0
29;2020-12-28;1;1;1;1;0.0;0.0
29;2020-12-29;0;0;1;1;0.0;0.0
29;2020-12-30;0;0;1;1;0.0;0.0
29;2020-12-31;0;0;1;1;0.0;0.0
29;2021-01-01;3;0;4;1;0.0;0.0
29;2021-01-02;2;0;6;1;0.0;0.0
29;2021-01-03;1;0;7;1;0.0;0.0
29;2021-01-04;33;0;40;1;0.0;0.0
29;2021-01-05;32;0;72;1;0.0;0.0
29;2021-01-06;43;0;115;1;0.0;0.0
29;2021-01-07;139;0;254;1;0.0;0.0
29;2021-01-08;408;1;662;2;0.1;0.0
29;2021-01-09;2;0;664;2;0.1;0.0
29;2021-01-10;2;0;666;2;0.1;0.0
29;2021-01-11;668;0;1334;2;0.1;0.0
29;2021-01-12;1121;0;2455;2;0.3;0.0
29;2021-01-13;1101;2;3556;4;0.4;0.0
29;2021-01-14;895;4;4451;8;0.5;0.0
29;2021-01-15;1222;7;5673;15;0.6;0.0
29;2021-01-16;168;1;5841;16;0.6;0.0
29;2021-01-17;111;1;5952;17;0.7;0.0
29;2021-01-18;842;6;6794;23;0.7;0.0
29;2021-01-19;1314;3;8108;26;0.9;0.0
29;2021-01-20;2393;3;10501;29;1.2;0.0
29;2021-01-21;5662;16;16163;45;1.8;0.0
29;2021-01-22;3808;8;19971;53;2.2;0.0
29;2021-01-23;539;0;20510;53;2.3;0.0
29;2021-01-24;200;1;20710;54;2.3;0.0
29;2021-01-25;573;7;21283;61;2.3;0.0
29;2021-01-26;951;34;22234;95;2.5;0.0
29;2021-01-27;1286;53;23520;148;2.6;0.0
29;2021-01-28;803;137;24323;285;2.7;0.0
29;2021-01-29;780;205;25103;490;2.8;0.1
29;2021-01-30;282;4;25385;494;2.8;0.1
29;2021-01-31;80;5;25465;499;2.8;0.1
29;2021-02-01;429;448;25894;947;2.9;0.1
29;2021-02-02;879;825;26773;1772;3.0;0.2
29;2021-02-03;810;895;27583;2667;3.0;0.3
29;2021-02-04;870;644;28453;3311;3.1;0.4
29;2021-02-05;676;584;29129;3895;3.2;0.4
29;2021-02-06;250;104;29379;3999;3.2;0.4
29;2021-02-07;78;104;29457;4103;3.2;0.5
29;2021-02-08;384;445;29841;4548;3.3;0.5
29;2021-02-09;864;852;30705;5400;3.4;0.6
29;2021-02-10;1150;1017;31855;6417;3.5;0.7
29;2021-02-11;1802;4163;33657;10580;3.7;1.2
29;2021-02-12;2328;2502;35985;13082;4.0;1.4
29;2021-02-13;639;413;36624;13495;4.0;1.5
29;2021-02-14;12;228;36636;13723;4.0;1.5
29;2021-02-15;268;945;36904;14668;4.1;1.6
29;2021-02-16;887;1054;37791;15722;4.2;1.7
29;2021-02-17;800;852;38591;16574;4.3;1.8
29;2021-02-18;1530;844;40121;17418;4.4;1.9
29;2021-02-19;1417;1008;41538;18426;4.6;2.0
29;2021-02-20;204;366;41742;18792;4.6;2.1
29;2021-02-21;163;167;41905;18959;4.6;2.1
29;2021-02-22;773;560;42678;19519;4.7;2.2
29;2021-02-23;1270;904;43948;20423;4.8;2.3
29;2021-02-24;1472;826;45420;21249;5.0;2.3
29;2021-02-25;2511;909;47931;22158;5.3;2.4
29;2021-02-26;2679;716;50610;22874;5.6;2.5
29;2021-02-27;1285;280;51895;23154;5.7;2.6
29;2021-02-28;200;73;52095;23227;5.7;2.6
29;2021-03-01;948;480;53043;23707;5.9;2.6
29;2021-03-02;1817;798;54860;24505;6.1;2.7
29;2021-03-03;2094;1021;56954;25526;6.3;2.8
29;2021-03-04;2843;1557;59797;27083;6.6;3.0
29;2021-03-05;3539;1685;63336;28768;7.0;3.2
29;2021-03-06;2000;441;65336;29209;7.2;3.2
29;2021-03-07;412;83;65748;29292;7.3;3.2
29;2021-03-08;1273;595;67021;29887;7.4;3.3
29;2021-03-09;2603;977;69624;30864;7.7;3.4
29;2021-03-10;2426;872;72050;31736;7.9;3.5
29;2021-03-11;4520;1006;76570;32742;8.4;3.6
29;2021-03-12;5272;973;81842;33715;9.0;3.7
29;2021-03-13;2825;414;84667;34129;9.3;3.8
29;2021-03-14;367;3;85034;34132;9.4;3.8
29;2021-03-15;2050;272;87084;34404;9.6;3.8
29;2021-03-16;1825;748;88909;35152;9.8;3.9
29;2021-03-17;1862;716;90771;35868;10.0;4.0
29;2021-03-18;1868;1038;92639;36906;10.2;4.1
29;2021-03-19;3270;885;95909;37791;10.6;4.2
29;2021-03-20;1914;225;97823;38016;10.8;4.2
29;2021-03-21;132;11;97955;38027;10.8;4.2
29;2021-03-22;1647;559;99602;38586;11.0;4.3
29;2021-03-23;3443;1042;103045;39628;11.4;4.4
29;2021-03-24;3781;1025;106826;40653;11.8;4.5
29;2021-03-25;4822;1078;111648;41731;12.3;4.6
29;2021-03-26;5423;1172;117071;42903;12.9;4.7
29;2021-03-27;2429;335;119500;43238;13.2;4.8
29;2021-03-28;198;50;119698;43288;13.2;4.8
29;2021-03-29;2042;825;121740;44113;13.4;4.9
29;2021-03-30;3976;1334;125716;45447;13.9;5.0
29;2021-03-31;3937;1162;129653;46609;14.3;5.1
29;2021-04-01;5028;1154;134681;47763;14.9;5.3
29;2021-04-02;4765;1172;139446;48935;15.4;5.4
29;2021-04-03;2500;538;141946;49473;15.7;5.5
29;2021-04-04;146;33;142092;49506;15.7;5.5
29;2021-04-05;972;333;143064;49839;15.8;5.5
29;2021-04-06;3198;1246;146262;51085;16.1;5.6
29;2021-04-07;3652;944;149914;52029;16.5;5.7
29;2021-04-08;5285;2058;155199;54087;17.1;6.0
29;2021-04-09;6760;1571;161959;55658;17.9;6.1
29;2021-04-10;3507;717;165466;56375;18.3;6.2
29;2021-04-11;120;80;165586;56455;18.3;6.2
29;2021-04-12;3853;1486;169439;57941;18.7;6.4
29;2021-04-13;5865;1764;175304;59705;19.3;6.6
29;2021-04-14;4760;1745;180064;61450;19.9;6.8
29;2021-04-15;7174;1734;187238;63184;20.7;7.0
29;2021-04-16;6703;1358;193941;64542;21.4;7.1
29;2021-04-17;3830;971;197771;65513;21.8;7.2
29;2021-04-18;489;41;198260;65554;21.9;7.2
29;2021-04-19;3881;1466;202141;67020;22.3;7.4
29;2021-04-20;4397;2137;206538;69157;22.8;7.6
29;2021-04-21;4378;2199;210916;71356;23.3;7.9
29;2021-04-22;6638;2857;217554;74213;24.0;8.2
29;2021-04-23;6050;2210;223604;76423;24.7;8.4
29;2021-04-24;4008;1323;227612;77746;25.1;8.6
29;2021-04-25;435;172;228047;77918;25.2;8.6
29;2021-04-26;5260;1881;233307;79799;25.7;8.8
29;2021-04-27;5336;3198;238643;82997;26.3;9.2
29;2021-04-28;5359;2913;244002;85910;26.9;9.5
29;2021-04-29;6594;3353;250596;89263;27.6;9.8
29;2021-04-30;6265;3909;256861;93172;28.3;10.3
29;2021-05-01;1986;981;258847;94153;28.6;10.4
29;2021-05-02;1249;196;260096;94349;28.7;10.4
29;2021-05-03;4539;2293;264635;96642;29.2;10.7
29;2021-05-04;4107;3741;268742;100383;29.6;11.1
29;2021-05-05;4526;3414;273268;103797;30.1;11.4
29;2021-05-06;6239;3727;279507;107524;30.8;11.9
29;2021-05-07;5985;4624;285492;112148;31.5;12.4
29;2021-05-08;2097;564;287589;112712;31.7;12.4
29;2021-05-09;1731;141;289320;112853;31.9;12.4
29;2021-05-10;4767;3770;294087;116623;32.4;12.9
29;2021-05-11;4708;4999;298795;121622;33.0;13.4
29;2021-05-12;5023;4381;303818;126003;33.5;13.9
29;2021-05-13;3441;1500;307259;127503;33.9;14.1
29;2021-05-14;5649;4001;312908;131504;34.5;14.5
29;2021-05-15;4049;2312;316957;133816;35.0;14.8
29;2021-05-16;1588;294;318545;134110;35.1;14.8
29;2021-05-17;5562;3130;324107;137240;35.8;15.1
29;2021-05-18;5732;3097;329839;140337;36.4;15.5
29;2021-05-19;6214;2970;336053;143307;37.1;15.8
29;2021-05-20;7172;4568;343225;147875;37.9;16.3
29;2021-05-21;7211;3814;350436;151689;38.7;16.7
29;2021-05-22;5343;2128;355779;153817;39.2;17.0
29;2021-05-23;1631;65;357410;153882;39.4;17.0
29;2021-05-24;3485;534;360895;154416;39.8;17.0
29;2021-05-25;5835;3043;366730;157459;40.5;17.4
29;2021-05-26;5889;2996;372619;160455;41.1;17.7
29;2021-05-27;6825;3986;379444;164441;41.9;18.1
29;2021-05-28;6544;4448;385988;168889;42.6;18.6
29;2021-05-29;4382;2808;390370;171697;43.1;18.9
29;2021-05-30;1113;360;391483;172057;43.2;19.0
29;2021-05-31;6384;3459;397867;175516;43.9;19.4
29;2021-06-01;6603;4351;404470;179867;44.6;19.8
29;2021-06-02;6162;4132;410632;183999;45.3;20.3
29;2021-06-03;7689;4525;418321;188524;46.1;20.8
29;2021-06-04;6812;6164;425133;194688;46.9;21.5
29;2021-06-05;5350;3037;430483;197725;47.5;21.8
29;2021-06-06;1284;538;431767;198263;47.6;21.9
29;2021-06-07;4659;5564;436426;203827;48.1;22.5
29;2021-06-08;7171;5210;443597;209037;48.9;23.1
29;2021-06-09;6404;4753;450001;213790;49.6;23.6
29;2021-06-10;7775;5063;457776;218853;50.5;24.1
29;2021-06-11;8473;5875;466249;224728;51.4;24.8
29;2021-06-12;6562;2817;472811;227545;52.2;25.1
29;2021-06-13;2351;1372;475162;228917;52.4;25.3
29;2021-06-14;4034;6319;479196;235236;52.9;25.9
29;2021-06-15;5477;6181;484673;241417;53.5;26.6
29;2021-06-16;5570;5630;490243;247047;54.1;27.3
29;2021-06-17;6370;6319;496613;253366;54.8;27.9
29;2021-06-18;6116;7492;502729;260858;55.5;28.8
29;2021-06-19;4619;3527;507348;264385;56.0;29.2
29;2021-06-20;891;1452;508239;265837;56.1;29.3
29;2021-06-21;3761;6495;512000;272332;56.5;30.0
29;2021-06-22;4490;6425;516490;278757;57.0;30.7
29;2021-06-23;4673;6132;521163;284889;57.5;31.4
29;2021-06-24;4810;6746;525973;291635;58.0;32.2
29;2021-06-25;3599;7533;529572;299168;58.4;33.0
29;2021-06-26;2131;4093;531703;303261;58.7;33.5
29;2021-06-27;967;1631;532670;304892;58.8;33.6
29;2021-06-28;2844;6862;535514;311754;59.1;34.4
29;2021-06-29;2813;7731;538327;319485;59.4;35.2
29;2021-06-30;3048;7510;541375;326995;59.7;36.1
29;2021-07-01;3792;8426;545167;335421;60.1;37.0
29;2021-07-02;3608;9669;548775;345090;60.5;38.1
29;2021-07-03;2327;6053;551102;351143;60.8;38.7
29;2021-07-04;814;1771;551916;352914;60.9;38.9
29;2021-07-05;1914;7156;553830;360070;61.1;39.7
29;2021-07-06;1543;8006;555373;368076;61.3;40.6
29;2021-07-07;1707;7040;557080;375116;61.5;41.4
29;2021-07-08;2454;8208;559534;383324;61.7;42.3
29;2021-07-09;2627;9069;562161;392393;62.0;43.3
29;2021-07-10;1917;6104;564078;398497;62.2;44.0
29;2021-07-11;449;1064;564527;399561;62.3;44.1
29;2021-07-12;1982;8376;566509;407937;62.5;45.0
29;2021-07-13;2754;8665;569263;416602;62.8;46.0
29;2021-07-14;2086;3372;571349;419974;63.0;46.3
29;2021-07-15;3859;9734;575208;429708;63.4;47.4
29;2021-07-16;4621;9199;579829;438907;64.0;48.4
29;2021-07-17;3223;6117;583052;445024;64.3;49.1
29;2021-07-18;668;1079;583720;446103;64.4;49.2
29;2021-07-19;3157;7545;586877;453648;64.7;50.0
29;2021-07-20;3556;9434;590433;463082;65.1;51.1
29;2021-07-21;3664;7711;594097;470793;65.5;51.9
29;2021-07-22;3429;8538;597526;479331;65.9;52.9
29;2021-07-23;4066;10707;601592;490038;66.4;54.1
29;2021-07-24;2536;5957;604128;495995;66.6;54.7
29;2021-07-25;655;2359;604783;498354;66.7;55.0
29;2021-07-26;3400;7282;608183;505636;67.1;55.8
29;2021-07-27;3721;7112;611904;512748;67.5;56.6
29;2021-07-28;4210;6036;616114;518784;68.0;57.2
29;2021-07-29;5706;6365;621820;525149;68.6;57.9
29;2021-07-30;5473;6538;627293;531687;69.2;58.6
29;2021-07-31;2939;4932;630232;536619;69.5;59.2
29;2021-08-01;659;921;630891;537540;69.6;59.3
29;2021-08-02;4308;5221;635199;542761;70.1;59.9
29;2021-08-03;5491;4411;640690;547172;70.7;60.4
29;2021-08-04;5744;3610;646434;550782;71.3;60.8
29;2021-08-05;6655;4111;653089;554893;72.0;61.2
29;2021-08-06;6217;4336;659306;559229;72.7;61.7
29;2021-08-07;4294;2960;663600;562189;73.2;62.0
29;2021-08-08;854;754;664454;562943;73.3;62.1
29;2021-08-09;3084;4741;667538;567684;73.6;62.6
29;2021-08-10;4494;3865;672032;571549;74.1;63.0
29;2021-08-11;3976;3189;676008;574738;74.6;63.4
29;2021-08-12;4652;4501;680660;579239;75.1;63.9
29;2021-08-13;4239;3720;684899;582959;75.5;64.3
29;2021-08-14;2968;2845;687867;585804;75.9;64.6
29;2021-08-15;338;405;688205;586209;75.9;64.7
29;2021-08-16;3289;4375;691494;590584;76.3;65.1
29;2021-08-17;4411;3421;695905;594005;76.8;65.5
29;2021-08-18;3685;3620;699590;597625;77.2;65.9
29;2021-08-19;3916;4719;703506;602344;77.6;66.4
29;2021-08-20;3512;4600;707018;606944;78.0;67.0
29;2021-08-21;2277;3164;709295;610108;78.2;67.3
29;2021-08-22;218;415;709513;610523;78.3;67.3
29;2021-08-23;2505;4627;712018;615150;78.5;67.9
29;2021-08-24;2468;4954;714486;620104;78.8;68.4
29;2021-08-25;2170;4230;716656;624334;79.1;68.9
29;2021-08-26;2362;5341;719018;629675;79.3;69.5
29;2021-08-27;2066;5914;721084;635589;79.5;70.1
29;2021-08-28;1475;4001;722559;639590;79.7;70.6
29;2021-08-29;453;1318;723012;640908;79.8;70.7
29;2021-08-30;1458;4158;724470;645066;79.9;71.2
29;2021-08-31;1631;4405;726101;649471;80.1;71.6
29;2021-09-01;1344;3756;727445;653227;80.2;72.1
29;2021-09-02;1176;4059;728621;657286;80.4;72.5
29;2021-09-03;1443;4765;730064;662051;80.5;73.0
29;2021-09-04;1419;3775;731483;665826;80.7;73.4
29;2021-09-05;227;687;731710;666513;80.7;73.5
29;2021-09-06;741;3351;732451;669864;80.8;73.9
29;2021-09-07;931;3448;733382;673312;80.9;74.3
29;2021-09-08;913;3435;734295;676747;81.0;74.7
29;2021-09-09;965;3459;735260;680206;81.1;75.0
29;2021-09-10;1200;4375;736460;684581;81.2;75.5
29;2021-09-11;734;3452;737194;688033;81.3;75.9
29;2021-09-12;117;410;737311;688443;81.3;75.9
29;2021-09-13;840;3235;738151;691678;81.4;76.3
29;2021-09-14;736;3010;738887;694688;81.5;76.6
29;2021-09-15;717;3226;739604;697914;81.6;77.0
29;2021-09-16;842;2789;740446;700703;81.7;77.3
29;2021-09-17;933;3243;741379;703946;81.8;77.7
29;2021-09-18;598;3449;741977;707395;81.8;78.0
29;2021-09-19;85;443;742062;707838;81.9;78.1
29;2021-09-20;492;2170;742554;710008;81.9;78.3
29;2021-09-21;474;1918;743028;711926;82.0;78.5
29;2021-09-22;365;2241;743393;714167;82.0;78.8
29;2021-09-23;466;1754;743859;715921;82.1;79.0
29;2021-09-24;485;2230;744344;718151;82.1;79.2
29;2021-09-25;340;2734;744684;720885;82.1;79.5
29;2021-09-26;56;239;744740;721124;82.2;79.5
29;2021-09-27;328;1639;745068;722763;82.2;79.7
29;2021-09-28;264;1567;745332;724330;82.2;79.9
29;2021-09-29;399;1677;745731;726007;82.3;80.1
29;2021-09-30;321;1327;746052;727334;82.3;80.2
29;2021-10-01;460;1536;746512;728870;82.3;80.4
29;2021-10-02;359;1675;746871;730545;82.4;80.6
29;2021-10-03;7;30;746878;730575;82.4;80.6
29;2021-10-04;298;1318;747176;731893;82.4;80.7
29;2021-10-05;240;1066;747416;732959;82.4;80.9
29;2021-10-06;302;1176;747718;734135;82.5;81.0
29;2021-10-07;315;916;748033;735051;82.5;81.1
29;2021-10-08;447;1268;748480;736319;82.6;81.2
29;2021-10-09;336;998;748816;737317;82.6;81.3
29;2021-10-10;5;12;748821;737329;82.6;81.3
29;2021-10-11;293;918;749114;738247;82.6;81.4
29;2021-10-12;239;604;749353;738851;82.7;81.5
29;2021-10-13;293;772;749646;739623;82.7;81.6
2A;2020-12-27;0;0;0;0;0.0;0.0
2A;2020-12-28;0;0;0;0;0.0;0.0
2A;2020-12-29;0;0;0;0;0.0;0.0
2A;2020-12-30;0;0;0;0;0.0;0.0
2A;2020-12-31;0;0;0;0;0.0;0.0
2A;2021-01-01;0;0;0;0;0.0;0.0
2A;2021-01-02;1;0;1;0;0.0;0.0
2A;2021-01-03;0;0;1;0;0.0;0.0
2A;2021-01-04;0;0;1;0;0.0;0.0
2A;2021-01-05;0;0;1;0;0.0;0.0
2A;2021-01-06;6;0;7;0;0.0;0.0
2A;2021-01-07;122;1;129;1;0.1;0.0
2A;2021-01-08;114;2;243;3;0.1;0.0
2A;2021-01-09;39;0;282;3;0.2;0.0
2A;2021-01-10;33;0;315;3;0.2;0.0
2A;2021-01-11;78;0;393;3;0.2;0.0
2A;2021-01-12;85;0;478;3;0.3;0.0
2A;2021-01-13;113;1;591;4;0.4;0.0
2A;2021-01-14;192;1;783;5;0.5;0.0
2A;2021-01-15;149;0;932;5;0.6;0.0
2A;2021-01-16;160;2;1092;7;0.7;0.0
2A;2021-01-17;86;1;1178;8;0.7;0.0
2A;2021-01-18;201;2;1379;10;0.8;0.0
2A;2021-01-19;488;5;1867;15;1.1;0.0
2A;2021-01-20;356;1;2223;16;1.4;0.0
2A;2021-01-21;453;1;2676;17;1.6;0.0
2A;2021-01-22;367;0;3043;17;1.9;0.0
2A;2021-01-23;183;0;3226;17;2.0;0.0
2A;2021-01-24;118;1;3344;18;2.1;0.0
2A;2021-01-25;215;0;3559;18;2.2;0.0
2A;2021-01-26;402;9;3961;27;2.4;0.0
2A;2021-01-27;325;7;4286;34;2.6;0.0
2A;2021-01-28;335;79;4621;113;2.8;0.1
2A;2021-01-29;342;63;4963;176;3.1;0.1
2A;2021-01-30;128;38;5091;214;3.1;0.1
2A;2021-01-31;92;12;5183;226;3.2;0.1
2A;2021-02-01;230;49;5413;275;3.3;0.2
2A;2021-02-02;288;118;5701;393;3.5;0.2
2A;2021-02-03;265;75;5966;468;3.7;0.3
2A;2021-02-04;256;123;6222;591;3.8;0.4
2A;2021-02-05;267;106;6489;697;4.0;0.4
2A;2021-02-06;121;60;6610;757;4.1;0.5
2A;2021-02-07;68;54;6678;811;4.1;0.5
2A;2021-02-08;92;210;6770;1021;4.2;0.6
2A;2021-02-09;128;302;6898;1323;4.2;0.8
2A;2021-02-10;167;237;7065;1560;4.3;1.0
2A;2021-02-11;299;363;7364;1923;4.5;1.2
2A;2021-02-12;346;302;7710;2225;4.7;1.4
2A;2021-02-13;225;60;7935;2285;4.9;1.4
2A;2021-02-14;135;79;8070;2364;5.0;1.5
2A;2021-02-15;198;182;8268;2546;5.1;1.6
2A;2021-02-16;384;320;8652;2866;5.3;1.8
2A;2021-02-17;298;168;8950;3034;5.5;1.9
2A;2021-02-18;340;199;9290;3233;5.7;2.0
2A;2021-02-19;145;298;9435;3531;5.8;2.2
2A;2021-02-20;243;138;9678;3669;6.0;2.3
2A;2021-02-21;58;54;9736;3723;6.0;2.3
2A;2021-02-22;77;215;9813;3938;6.0;2.4
2A;2021-02-23;122;289;9935;4227;6.1;2.6
2A;2021-02-24;82;297;10017;4524;6.2;2.8
2A;2021-02-25;104;265;10121;4789;6.2;2.9
2A;2021-02-26;123;272;10244;5061;6.3;3.1
2A;2021-02-27;308;70;10552;5131;6.5;3.2
2A;2021-02-28;69;66;10621;5197;6.5;3.2
2A;2021-03-01;117;152;10738;5349;6.6;3.3
2A;2021-03-02;199;265;10937;5614;6.7;3.5
2A;2021-03-03;249;258;11186;5872;6.9;3.6
2A;2021-03-04;508;227;11694;6099;7.2;3.8
2A;2021-03-05;973;291;12667;6390;7.8;3.9
2A;2021-03-06;1166;75;13833;6465;8.5;4.0
2A;2021-03-07;1021;48;14854;6513;9.1;4.0
2A;2021-03-08;933;93;15787;6606;9.7;4.1
2A;2021-03-09;938;153;16725;6759;10.3;4.2
2A;2021-03-10;634;141;17359;6900;10.7;4.2
2A;2021-03-11;723;281;18082;7181;11.1;4.4
2A;2021-03-12;562;318;18644;7499;11.5;4.6
2A;2021-03-13;613;199;19257;7698;11.9;4.7
2A;2021-03-14;312;126;19569;7824;12.0;4.8
2A;2021-03-15;377;204;19946;8028;12.3;4.9
2A;2021-03-16;498;371;20444;8399;12.6;5.2
2A;2021-03-17;703;278;21147;8677;13.0;5.3
2A;2021-03-18;447;304;21594;8981;13.3;5.5
2A;2021-03-19;489;160;22083;9141;13.6;5.6
2A;2021-03-20;1079;265;23162;9406;14.3;5.8
2A;2021-03-21;695;54;23857;9460;14.7;5.8
2A;2021-03-22;347;68;24204;9528;14.9;5.9
2A;2021-03-23;519;59;24723;9587;15.2;5.9
2A;2021-03-24;864;92;25587;9679;15.8;6.0
2A;2021-03-25;930;142;26517;9821;16.3;6.0
2A;2021-03-26;1080;166;27597;9987;17.0;6.1
2A;2021-03-27;1189;201;28786;10188;17.7;6.3
2A;2021-03-28;241;97;29027;10285;17.9;6.3
2A;2021-03-29;283;138;29310;10423;18.0;6.4
2A;2021-03-30;385;238;29695;10661;18.3;6.6
2A;2021-03-31;445;226;30140;10887;18.6;6.7
2A;2021-04-01;638;453;30778;11340;18.9;7.0
2A;2021-04-02;904;787;31682;12127;19.5;7.5
2A;2021-04-03;644;982;32326;13109;19.9;8.1
2A;2021-04-04;578;785;32904;13894;20.3;8.6
2A;2021-04-05;525;700;33429;14594;20.6;9.0
2A;2021-04-06;548;561;33977;15155;20.9;9.3
2A;2021-04-07;795;429;34772;15584;21.4;9.6
2A;2021-04-08;1047;358;35819;15942;22.1;9.8
2A;2021-04-09;935;399;36754;16341;22.6;10.1
2A;2021-04-10;1058;384;37812;16725;23.3;10.3
2A;2021-04-11;362;256;38174;16981;23.5;10.5
2A;2021-04-12;671;343;38845;17324;23.9;10.7
2A;2021-04-13;329;381;39174;17705;24.1;10.9
2A;2021-04-14;1045;591;40219;18296;24.8;11.3
2A;2021-04-15;1044;529;41263;18825;25.4;11.6
2A;2021-04-16;872;394;42135;19219;25.9;11.8
2A;2021-04-17;1368;938;43503;20157;26.8;12.4
2A;2021-04-18;981;949;44484;21106;27.4;13.0
2A;2021-04-19;270;343;44754;21449;27.6;13.2
2A;2021-04-20;354;344;45108;21793;27.8;13.4
2A;2021-04-21;729;736;45837;22529;28.2;13.9
2A;2021-04-22;897;649;46734;23178;28.8;14.3
2A;2021-04-23;986;779;47720;23957;29.4;14.7
2A;2021-04-24;1750;985;49470;24942;30.5;15.4
2A;2021-04-25;976;306;50446;25248;31.1;15.5
2A;2021-04-26;308;228;50754;25476;31.2;15.7
2A;2021-04-27;342;349;51096;25825;31.5;15.9
2A;2021-04-28;1676;426;52772;26251;32.5;16.2
2A;2021-04-29;1053;361;53825;26612;33.1;16.4
2A;2021-04-30;1131;1063;54956;27675;33.8;17.0
2A;2021-05-01;970;575;55926;28250;34.4;17.4
2A;2021-05-02;674;708;56600;28958;34.8;17.8
2A;2021-05-03;583;576;57183;29534;35.2;18.2
2A;2021-05-04;752;536;57935;30070;35.7;18.5
2A;2021-05-05;1011;985;58946;31055;36.3;19.1
2A;2021-05-06;904;911;59850;31966;36.8;19.7
2A;2021-05-07;1157;834;61007;32800;37.6;20.2
2A;2021-05-08;422;502;61429;33302;37.8;20.5
2A;2021-05-09;783;636;62212;33938;38.3;20.9
2A;2021-05-10;454;741;62666;34679;38.6;21.4
2A;2021-05-11;652;417;63318;35096;39.0;21.6
2A;2021-05-12;925;488;64243;35584;39.6;21.9
2A;2021-05-13;920;138;65163;35722;40.1;22.0
2A;2021-05-14;797;678;65960;36400;40.6;22.4
2A;2021-05-15;778;649;66738;37049;41.1;22.8
2A;2021-05-16;740;501;67478;37550;41.5;23.1
2A;2021-05-17;584;558;68062;38108;41.9;23.5
2A;2021-05-18;614;475;68676;38583;42.3;23.8
2A;2021-05-19;787;481;69463;39064;42.8;24.1
2A;2021-05-20;692;539;70155;39603;43.2;24.4
2A;2021-05-21;536;483;70691;40086;43.5;24.7
2A;2021-05-22;440;310;71131;40396;43.8;24.9
2A;2021-05-23;533;284;71664;40680;44.1;25.0
2A;2021-05-24;125;33;71789;40713;44.2;25.1
2A;2021-05-25;421;503;72210;41216;44.5;25.4
2A;2021-05-26;425;1166;72635;42382;44.7;26.1
2A;2021-05-27;435;1111;73070;43493;45.0;26.8
2A;2021-05-28;298;915;73368;44408;45.2;27.3
2A;2021-05-29;334;900;73702;45308;45.4;27.9
2A;2021-05-30;181;507;73883;45815;45.5;28.2
2A;2021-05-31;191;413;74074;46228;45.6;28.5
2A;2021-06-01;342;727;74416;46955;45.8;28.9
2A;2021-06-02;285;940;74701;47895;46.0;29.5
2A;2021-06-03;306;850;75007;48745;46.2;30.0
2A;2021-06-04;271;1091;75278;49836;46.3;30.7
2A;2021-06-05;319;1443;75597;51279;46.5;31.6
2A;2021-06-06;173;907;75770;52186;46.7;32.1
2A;2021-06-07;171;658;75941;52844;46.8;32.5
2A;2021-06-08;324;706;76265;53550;47.0;33.0
2A;2021-06-09;304;1320;76569;54870;47.1;33.8
2A;2021-06-10;329;857;76898;55727;47.3;34.3
2A;2021-06-11;277;1021;77175;56748;47.5;34.9
2A;2021-06-12;232;665;77407;57413;47.7;35.3
2A;2021-06-13;189;797;77596;58210;47.8;35.8
2A;2021-06-14;251;922;77847;59132;47.9;36.4
2A;2021-06-15;217;507;78064;59639;48.1;36.7
2A;2021-06-16;213;776;78277;60415;48.2;37.2
2A;2021-06-17;235;591;78512;61006;48.3;37.6
2A;2021-06-18;246;912;78758;61918;48.5;38.1
2A;2021-06-19;208;689;78966;62607;48.6;38.5
2A;2021-06-20;150;692;79116;63299;48.7;39.0
2A;2021-06-21;184;795;79300;64094;48.8;39.5
2A;2021-06-22;236;841;79536;64935;49.0;40.0
2A;2021-06-23;217;568;79753;65503;49.1;40.3
2A;2021-06-24;149;369;79902;65872;49.2;40.6
2A;2021-06-25;167;470;80069;66342;49.3;40.8
2A;2021-06-26;203;872;80272;67214;49.4;41.4
2A;2021-06-27;175;794;80447;68008;49.5;41.9
2A;2021-06-28;194;704;80641;68712;49.6;42.3
2A;2021-06-29;216;689;80857;69401;49.8;42.7
2A;2021-06-30;245;494;81102;69895;49.9;43.0
2A;2021-07-01;211;484;81313;70379;50.1;43.3
2A;2021-07-02;294;368;81607;70747;50.2;43.6
2A;2021-07-03;211;617;81818;71364;50.4;43.9
2A;2021-07-04;179;664;81997;72028;50.5;44.3
2A;2021-07-05;164;235;82161;72263;50.6;44.5
2A;2021-07-06;252;389;82413;72652;50.7;44.7
2A;2021-07-07;433;611;82846;73263;51.0;45.1
2A;2021-07-08;592;705;83438;73968;51.4;45.5
2A;2021-07-09;384;420;83822;74388;51.6;45.8
2A;2021-07-10;281;346;84103;74734;51.8;46.0
2A;2021-07-11;92;161;84195;74895;51.8;46.1
2A;2021-07-12;317;348;84512;75243;52.0;46.3
2A;2021-07-13;1178;535;85690;75778;52.8;46.7
2A;2021-07-14;1623;342;87313;76120;53.8;46.9
2A;2021-07-15;1436;836;88749;76956;54.6;47.4
2A;2021-07-16;1168;467;89917;77423;55.4;47.7
2A;2021-07-17;1096;348;91013;77771;56.0;47.9
2A;2021-07-18;635;136;91648;77907;56.4;48.0
2A;2021-07-19;918;430;92566;78337;57.0;48.2
2A;2021-07-20;1283;475;93849;78812;57.8;48.5
2A;2021-07-21;1426;725;95275;79537;58.7;49.0
2A;2021-07-22;1400;767;96675;80304;59.5;49.4
2A;2021-07-23;1439;463;98114;80767;60.4;49.7
2A;2021-07-24;896;290;99010;81057;61.0;49.9
2A;2021-07-25;451;81;99461;81138;61.2;50.0
2A;2021-07-26;1198;507;100659;81645;62.0;50.3
2A;2021-07-27;1297;520;101956;82165;62.8;50.6
2A;2021-07-28;1199;593;103155;82758;63.5;51.0
2A;2021-07-29;1230;656;104385;83414;64.3;51.4
2A;2021-07-30;961;610;105346;84024;64.9;51.7
2A;2021-07-31;548;340;105894;84364;65.2;51.9
2A;2021-08-01;570;124;106464;84488;65.5;52.0
2A;2021-08-02;451;494;106915;84982;65.8;52.3
2A;2021-08-03;814;881;107729;85863;66.3;52.9
2A;2021-08-04;724;1161;108453;87024;66.8;53.6
2A;2021-08-05;956;1348;109409;88372;67.4;54.4
2A;2021-08-06;390;815;109799;89187;67.6;54.9
2A;2021-08-07;352;888;110151;90075;67.8;55.5
2A;2021-08-08;78;185;110229;90260;67.9;55.6
2A;2021-08-09;663;1142;110892;91402;68.3;56.3
2A;2021-08-10;642;1209;111534;92611;68.7;57.0
2A;2021-08-11;593;1064;112127;93675;69.0;57.7
2A;2021-08-12;742;1491;112869;95166;69.5;58.6
2A;2021-08-13;486;1066;113355;96232;69.8;59.2
2A;2021-08-14;414;766;113769;96998;70.0;59.7
2A;2021-08-15;27;26;113796;97024;70.1;59.7
2A;2021-08-16;481;1292;114277;98316;70.4;60.5
2A;2021-08-17;940;1557;115217;99873;70.9;61.5
2A;2021-08-18;525;1123;115742;100996;71.3;62.2
2A;2021-08-19;431;1010;116173;102006;71.5;62.8
2A;2021-08-20;328;574;116501;102580;71.7;63.2
2A;2021-08-21;240;535;116741;103115;71.9;63.5
2A;2021-08-22;197;617;116938;103732;72.0;63.9
2A;2021-08-23;325;744;117263;104476;72.2;64.3
2A;2021-08-24;326;858;117589;105334;72.4;64.9
2A;2021-08-25;401;881;117990;106215;72.6;65.4
2A;2021-08-26;342;769;118332;106984;72.9;65.9
2A;2021-08-27;245;716;118577;107700;73.0;66.3
2A;2021-08-28;256;352;118833;108052;73.2;66.5
2A;2021-08-29;97;116;118930;108168;73.2;66.6
2A;2021-08-30;244;605;119174;108773;73.4;67.0
2A;2021-08-31;172;493;119346;109266;73.5;67.3
2A;2021-09-01;344;758;119690;110024;73.7;67.7
2A;2021-09-02;314;610;120004;110634;73.9;68.1
2A;2021-09-03;243;457;120247;111091;74.0;68.4
2A;2021-09-04;151;405;120398;111496;74.1;68.6
2A;2021-09-05;29;23;120427;111519;74.1;68.7
2A;2021-09-06;111;342;120538;111861;74.2;68.9
2A;2021-09-07;191;630;120729;112491;74.3;69.3
2A;2021-09-08;221;651;120950;113142;74.5;69.7
2A;2021-09-09;211;461;121161;113603;74.6;69.9
2A;2021-09-10;155;344;121316;113947;74.7;70.2
2A;2021-09-11;135;282;121451;114229;74.8;70.3
2A;2021-09-12;42;82;121493;114311;74.8;70.4
2A;2021-09-13;102;181;121595;114492;74.9;70.5
2A;2021-09-14;227;232;121822;114724;75.0;70.6
2A;2021-09-15;191;542;122013;115266;75.1;71.0
2A;2021-09-16;214;366;122227;115632;75.3;71.2
2A;2021-09-17;134;176;122361;115808;75.3;71.3
2A;2021-09-18;104;302;122465;116110;75.4;71.5
2A;2021-09-19;10;49;122475;116159;75.4;71.5
2A;2021-09-20;37;130;122512;116289;75.4;71.6
2A;2021-09-21;89;246;122601;116535;75.5;71.7
2A;2021-09-22;100;448;122701;116983;75.5;72.0
2A;2021-09-23;90;325;122791;117308;75.6;72.2
2A;2021-09-24;59;259;122850;117567;75.6;72.4
2A;2021-09-25;63;143;122913;117710;75.7;72.5
2A;2021-09-26;10;29;122923;117739;75.7;72.5
2A;2021-09-27;43;104;122966;117843;75.7;72.6
2A;2021-09-28;102;172;123068;118015;75.8;72.7
2A;2021-09-29;108;297;123176;118312;75.8;72.8
2A;2021-09-30;74;209;123250;118521;75.9;73.0
2A;2021-10-01;81;119;123331;118640;75.9;73.0
2A;2021-10-02;78;137;123409;118777;76.0;73.1
2A;2021-10-03;18;33;123427;118810;76.0;73.1
2A;2021-10-04;44;81;123471;118891;76.0;73.2
2A;2021-10-05;38;114;123509;119005;76.0;73.3
2A;2021-10-06;56;119;123565;119124;76.1;73.3
2A;2021-10-07;56;111;123621;119235;76.1;73.4
2A;2021-10-08;50;135;123671;119370;76.1;73.5
2A;2021-10-09;78;263;123749;119633;76.2;73.7
2A;2021-10-10;71;80;123820;119713;76.2;73.7
2A;2021-10-11;33;68;123853;119781;76.3;73.7
2A;2021-10-12;34;57;123887;119838;76.3;73.8
2A;2021-10-13;54;119;123941;119957;76.3;73.9
2B;2020-12-27;0;0;0;0;0.0;0.0
2B;2020-12-28;0;0;0;0;0.0;0.0
2B;2020-12-29;0;0;0;0;0.0;0.0
2B;2020-12-30;0;0;0;0;0.0;0.0
2B;2020-12-31;0;0;0;0;0.0;0.0
2B;2021-01-01;0;0;0;0;0.0;0.0
2B;2021-01-02;0;0;0;0;0.0;0.0
2B;2021-01-03;0;0;0;0;0.0;0.0
2B;2021-01-04;2;0;2;0;0.0;0.0
2B;2021-01-05;0;0;2;0;0.0;0.0
2B;2021-01-06;48;1;50;1;0.0;0.0
2B;2021-01-07;210;0;260;1;0.1;0.0
2B;2021-01-08;197;3;457;4;0.3;0.0
2B;2021-01-09;40;0;497;4;0.3;0.0
2B;2021-01-10;1;0;498;4;0.3;0.0
2B;2021-01-11;74;0;572;4;0.3;0.0
2B;2021-01-12;128;1;700;5;0.4;0.0
2B;2021-01-13;93;0;793;5;0.4;0.0
2B;2021-01-14;72;0;865;5;0.5;0.0
2B;2021-01-15;259;2;1124;7;0.6;0.0
2B;2021-01-16;44;0;1168;7;0.6;0.0
2B;2021-01-17;8;0;1176;7;0.6;0.0
2B;2021-01-18;271;1;1447;8;0.8;0.0
2B;2021-01-19;507;1;1954;9;1.1;0.0
2B;2021-01-20;462;3;2416;12;1.3;0.0
2B;2021-01-21;358;0;2774;12;1.5;0.0
2B;2021-01-22;382;1;3156;13;1.7;0.0
2B;2021-01-23;61;0;3217;13;1.8;0.0
2B;2021-01-24;29;0;3246;13;1.8;0.0
2B;2021-01-25;210;2;3456;15;1.9;0.0
2B;2021-01-26;392;1;3848;16;2.1;0.0
2B;2021-01-27;342;48;4190;64;2.3;0.0
2B;2021-01-28;365;146;4555;210;2.5;0.1
2B;2021-01-29;296;162;4851;372;2.7;0.2
2B;2021-01-30;80;33;4931;405;2.7;0.2
2B;2021-01-31;60;0;4991;405;2.7;0.2
2B;2021-02-01;233;94;5224;499;2.9;0.3
2B;2021-02-02;358;78;5582;577;3.1;0.3
2B;2021-02-03;520;91;6102;668;3.3;0.4
2B;2021-02-04;458;173;6560;841;3.6;0.5
2B;2021-02-05;395;95;6955;936;3.8;0.5
2B;2021-02-06;87;14;7042;950;3.9;0.5
2B;2021-02-07;60;0;7102;950;3.9;0.5
2B;2021-02-08;231;153;7333;1103;4.0;0.6
2B;2021-02-09;586;313;7919;1416;4.3;0.8
2B;2021-02-10;484;196;8403;1612;4.6;0.9
2B;2021-02-11;382;129;8785;1741;4.8;1.0
2B;2021-02-12;299;125;9084;1866;5.0;1.0
2B;2021-02-13;77;13;9161;1879;5.0;1.0
2B;2021-02-14;62;1;9223;1880;5.1;1.0
2B;2021-02-15;190;128;9413;2008;5.2;1.1
2B;2021-02-16;249;287;9662;2295;5.3;1.3
2B;2021-02-17;312;318;9974;2613;5.5;1.4
2B;2021-02-18;215;347;10189;2960;5.6;1.6
2B;2021-02-19;163;306;10352;3266;5.7;1.8
2B;2021-02-20;32;62;10384;3328;5.7;1.8
2B;2021-02-21;28;29;10412;3357;5.7;1.8
2B;2021-02-22;133;188;10545;3545;5.8;1.9
2B;2021-02-23;232;355;10777;3900;5.9;2.1
2B;2021-02-24;229;310;11006;4210;6.0;2.3
2B;2021-02-25;245;340;11251;4550;6.2;2.5
2B;2021-02-26;301;282;11552;4832;6.3;2.7
2B;2021-02-27;60;86;11612;4918;6.4;2.7
2B;2021-02-28;1;57;11613;4975;6.4;2.7
2B;2021-03-01;246;261;11859;5236;6.5;2.9
2B;2021-03-02;352;390;12211;5626;6.7;3.1
2B;2021-03-03;299;433;12510;6059;6.9;3.3
2B;2021-03-04;447;409;12957;6468;7.1;3.5
2B;2021-03-05;619;384;13576;6852;7.4;3.8
2B;2021-03-06;682;101;14258;6953;7.8;3.8
2B;2021-03-07;361;60;14619;7013;8.0;3.8
2B;2021-03-08;301;240;14920;7253;8.2;4.0
2B;2021-03-09;384;506;15304;7759;8.4;4.3
2B;2021-03-10;631;446;15935;8205;8.7;4.5
2B;2021-03-11;585;355;16520;8560;9.1;4.7
2B;2021-03-12;967;231;17487;8791;9.6;4.8
2B;2021-03-13;511;110;17998;8901;9.9;4.9
2B;2021-03-14;226;64;18224;8965;10.0;4.9
2B;2021-03-15;516;202;18740;9167;10.3;5.0
2B;2021-03-16;571;279;19311;9446;10.6;5.2
2B;2021-03-17;530;263;19841;9709;10.9;5.3
2B;2021-03-18;551;230;20392;9939;11.2;5.5
2B;2021-03-19;805;195;21197;10134;11.6;5.6
2B;2021-03-20;656;38;21853;10172;12.0;5.6
2B;2021-03-21;428;37;22281;10209;12.2;5.6
2B;2021-03-22;546;126;22827;10335;12.5;5.7
2B;2021-03-23;788;260;23615;10595;13.0;5.8
2B;2021-03-24;832;215;24447;10810;13.4;5.9
2B;2021-03-25;825;164;25272;10974;13.9;6.0
2B;2021-03-26;958;191;26230;11165;14.4;6.1
2B;2021-03-27;1092;40;27322;11205;15.0;6.1
2B;2021-03-28;830;126;28152;11331;15.4;6.2
2B;2021-03-29;745;181;28897;11512;15.9;6.3
2B;2021-03-30;971;333;29868;11845;16.4;6.5
2B;2021-03-31;981;266;30849;12111;16.9;6.6
2B;2021-04-01;1003;230;31852;12341;17.5;6.8
2B;2021-04-02;967;414;32819;12755;18.0;7.0
2B;2021-04-03;1247;154;34066;12909;18.7;7.1
2B;2021-04-04;197;61;34263;12970;18.8;7.1
2B;2021-04-05;109;113;34372;13083;18.9;7.2
2B;2021-04-06;1032;362;35404;13445;19.4;7.4
2B;2021-04-07;1231;431;36635;13876;20.1;7.6
2B;2021-04-08;1128;409;37763;14285;20.7;7.8
2B;2021-04-09;1166;568;38929;14853;21.4;8.1
2B;2021-04-10;1352;267;40281;15120;22.1;8.3
2B;2021-04-11;815;65;41096;15185;22.5;8.3
2B;2021-04-12;853;559;41949;15744;23.0;8.6
2B;2021-04-13;1063;632;43012;16376;23.6;9.0
2B;2021-04-14;1046;494;44058;16870;24.2;9.3
2B;2021-04-15;886;520;44944;17390;24.7;9.5
2B;2021-04-16;910;649;45854;18039;25.2;9.9
2B;2021-04-17;386;447;46240;18486;25.4;10.1
2B;2021-04-18;253;343;46493;18829;25.5;10.3
2B;2021-04-19;822;438;47315;19267;26.0;10.6
2B;2021-04-20;898;846;48213;20113;26.5;11.0
2B;2021-04-21;1055;610;49268;20723;27.0;11.4
2B;2021-04-22;937;734;50205;21457;27.5;11.8
2B;2021-04-23;662;630;50867;22087;27.9;12.1
2B;2021-04-24;288;772;51155;22859;28.1;12.5
2B;2021-04-25;285;477;51440;23336;28.2;12.8
2B;2021-04-26;708;921;52148;24257;28.6;13.3
2B;2021-04-27;966;876;53114;25133;29.1;13.8
2B;2021-04-28;918;865;54032;25998;29.6;14.3
2B;2021-04-29;925;873;54957;26871;30.2;14.7
2B;2021-04-30;1133;832;56090;27703;30.8;15.2
2B;2021-05-01;460;1116;56550;28819;31.0;15.8
2B;2021-05-02;335;245;56885;29064;31.2;15.9
2B;2021-05-03;1016;496;57901;29560;31.8;16.2
2B;2021-05-04;811;1154;58712;30714;32.2;16.9
2B;2021-05-05;800;1377;59512;32091;32.7;17.6
2B;2021-05-06;1285;905;60797;32996;33.4;18.1
2B;2021-05-07;1062;990;61859;33986;33.9;18.6
2B;2021-05-08;459;853;62318;34839;34.2;19.1
2B;2021-05-09;392;683;62710;35522;34.4;19.5
2B;2021-05-10;925;805;63635;36327;34.9;19.9
2B;2021-05-11;933;1163;64568;37490;35.4;20.6
2B;2021-05-12;859;893;65427;38383;35.9;21.1
2B;2021-05-13;1028;376;66455;38759;36.5;21.3
2B;2021-05-14;719;577;67174;39336;36.9;21.6
2B;2021-05-15;702;353;67876;39689;37.2;21.8
2B;2021-05-16;300;180;68176;39869;37.4;21.9
2B;2021-05-17;1004;406;69180;40275;38.0;22.1
2B;2021-05-18;990;382;70170;40657;38.5;22.3
2B;2021-05-19;773;416;70943;41073;38.9;22.5
2B;2021-05-20;668;359;71611;41432;39.3;22.7
2B;2021-05-21;707;502;72318;41934;39.7;23.0
2B;2021-05-22;576;392;72894;42326;40.0;23.2
2B;2021-05-23;170;46;73064;42372;40.1;23.2
2B;2021-05-24;40;115;73104;42487;40.1;23.3
2B;2021-05-25;548;354;73652;42841;40.4;23.5
2B;2021-05-26;545;787;74197;43628;40.7;23.9
2B;2021-05-27;407;1131;74604;44759;40.9;24.6
2B;2021-05-28;550;905;75154;45664;41.2;25.1
2B;2021-05-29;311;353;75465;46017;41.4;25.2
2B;2021-05-30;46;45;75511;46062;41.4;25.3
2B;2021-05-31;375;831;75886;46893;41.6;25.7
2B;2021-06-01;414;1037;76300;47930;41.9;26.3
2B;2021-06-02;363;988;76663;48918;42.1;26.8
2B;2021-06-03;498;806;77161;49724;42.3;27.3
2B;2021-06-04;343;1253;77504;50977;42.5;28.0
2B;2021-06-05;257;494;77761;51471;42.7;28.2
2B;2021-06-06;51;129;77812;51600;42.7;28.3
2B;2021-06-07;280;949;78092;52549;42.8;28.8
2B;2021-06-08;399;1167;78491;53716;43.1;29.5
2B;2021-06-09;519;1177;79010;54893;43.4;30.1
2B;2021-06-10;369;939;79379;55832;43.6;30.6
2B;2021-06-11;432;1275;79811;57107;43.8;31.3
2B;2021-06-12;152;545;79963;57652;43.9;31.6
2B;2021-06-13;27;59;79990;57711;43.9;31.7
2B;2021-06-14;195;1115;80185;58826;44.0;32.3
2B;2021-06-15;344;1217;80529;60043;44.2;32.9
2B;2021-06-16;383;935;80912;60978;44.4;33.5
2B;2021-06-17;402;1049;81314;62027;44.6;34.0
2B;2021-06-18;348;960;81662;62987;44.8;34.6
2B;2021-06-19;144;330;81806;63317;44.9;34.7
2B;2021-06-20;44;194;81850;63511;44.9;34.8
2B;2021-06-21;265;962;82115;64473;45.1;35.4
2B;2021-06-22;317;1115;82432;65588;45.2;36.0
2B;2021-06-23;209;871;82641;66459;45.3;36.5
2B;2021-06-24;337;758;82978;67217;45.5;36.9
2B;2021-06-25;210;1074;83188;68291;45.6;37.5
2B;2021-06-26;105;550;83293;68841;45.7;37.8
2B;2021-06-27;31;214;83324;69055;45.7;37.9
2B;2021-06-28;329;954;83653;70009;45.9;38.4
2B;2021-06-29;270;985;83923;70994;46.0;39.0
2B;2021-06-30;380;948;84303;71942;46.3;39.5
2B;2021-07-01;226;507;84529;72449;46.4;39.8
2B;2021-07-02;219;557;84748;73006;46.5;40.1
2B;2021-07-03;92;398;84840;73404;46.5;40.3
2B;2021-07-04;2;0;84842;73404;46.6;40.3
2B;2021-07-05;263;666;85105;74070;46.7;40.6
2B;2021-07-06;450;707;85555;74777;46.9;41.0
2B;2021-07-07;381;911;85936;75688;47.2;41.5
2B;2021-07-08;183;351;86119;76039;47.3;41.7
2B;2021-07-09;250;377;86369;76416;47.4;41.9
2B;2021-07-10;197;199;86566;76615;47.5;42.0
2B;2021-07-11;13;14;86579;76629;47.5;42.0
2B;2021-07-12;497;747;87076;77376;47.8;42.5
2B;2021-07-13;822;1021;87898;78397;48.2;43.0
2B;2021-07-14;344;100;88242;78497;48.4;43.1
2B;2021-07-15;1270;589;89512;79086;49.1;43.4
2B;2021-07-16;1120;564;90632;79650;49.7;43.7
2B;2021-07-17;710;318;91342;79968;50.1;43.9
2B;2021-07-18;179;49;91521;80017;50.2;43.9
2B;2021-07-19;857;708;92378;80725;50.7;44.3
2B;2021-07-20;1210;683;93588;81408;51.3;44.7
2B;2021-07-21;1396;726;94984;82134;52.1;45.1
2B;2021-07-22;1330;604;96314;82738;52.8;45.4
2B;2021-07-23;1330;503;97644;83241;53.6;45.7
2B;2021-07-24;534;315;98178;83556;53.9;45.8
2B;2021-07-25;203;71;98381;83627;54.0;45.9
2B;2021-07-26;913;634;99294;84261;54.5;46.2
2B;2021-07-27;1578;711;100872;84972;55.3;46.6
2B;2021-07-28;1177;633;102049;85605;56.0;47.0
2B;2021-07-29;1144;449;103193;86054;56.6;47.2
2B;2021-07-30;763;350;103956;86404;57.0;47.4
2B;2021-07-31;539;234;104495;86638;57.3;47.5
2B;2021-08-01;230;57;104725;86695;57.5;47.6
2B;2021-08-02;799;471;105524;87166;57.9;47.8
2B;2021-08-03;1138;786;106662;87952;58.5;48.3
2B;2021-08-04;810;454;107472;88406;59.0;48.5
2B;2021-08-05;1026;560;108498;88966;59.5;48.8
2B;2021-08-06;704;526;109202;89492;59.9;49.1
2B;2021-08-07;306;408;109508;89900;60.1;49.3
2B;2021-08-08;93;142;109601;90042;60.1;49.4
2B;2021-08-09;536;747;110137;90789;60.4;49.8
2B;2021-08-10;739;1133;110876;91922;60.8;50.4
2B;2021-08-11;753;902;111629;92824;61.2;50.9
2B;2021-08-12;692;1045;112321;93869;61.6;51.5
2B;2021-08-13;494;948;112815;94817;61.9;52.0
2B;2021-08-14;200;437;113015;95254;62.0;52.3
2B;2021-08-15;117;173;113132;95427;62.1;52.4
2B;2021-08-16;509;1063;113641;96490;62.4;52.9
2B;2021-08-17;587;1308;114228;97798;62.7;53.7
2B;2021-08-18;506;1193;114734;98991;63.0;54.3
2B;2021-08-19;434;900;115168;99891;63.2;54.8
2B;2021-08-20;369;813;115537;100704;63.4;55.3
2B;2021-08-21;158;474;115695;101178;63.5;55.5
2B;2021-08-22;79;208;115774;101386;63.5;55.6
2B;2021-08-23;376;945;116150;102331;63.7;56.1
2B;2021-08-24;498;1214;116648;103545;64.0;56.8
2B;2021-08-25;347;971;116995;104516;64.2;57.3
2B;2021-08-26;404;817;117399;105333;64.4;57.8
2B;2021-08-27;262;572;117661;105905;64.6;58.1
2B;2021-08-28;168;442;117829;106347;64.6;58.3
2B;2021-08-29;53;126;117882;106473;64.7;58.4
2B;2021-08-30;365;836;118247;107309;64.9;58.9
2B;2021-08-31;380;863;118627;108172;65.1;59.4
2B;2021-09-01;369;913;118996;109085;65.3;59.9
2B;2021-09-02;307;654;119303;109739;65.5;60.2
2B;2021-09-03;220;422;119523;110161;65.6;60.4
2B;2021-09-04;124;306;119647;110467;65.6;60.6
2B;2021-09-05;17;102;119664;110569;65.7;60.7
2B;2021-09-06;165;570;119829;111139;65.7;61.0
2B;2021-09-07;259;759;120088;111898;65.9;61.4
2B;2021-09-08;203;621;120291;112519;66.0;61.7
2B;2021-09-09;185;405;120476;112924;66.1;62.0
2B;2021-09-10;201;366;120677;113290;66.2;62.2
2B;2021-09-11;130;249;120807;113539;66.3;62.3
2B;2021-09-12;17;94;120824;113633;66.3;62.3
2B;2021-09-13;191;464;121015;114097;66.4;62.6
2B;2021-09-14;284;634;121299;114731;66.6;62.9
2B;2021-09-15;160;598;121459;115329;66.6;63.3
2B;2021-09-16;219;301;121678;115630;66.8;63.4
2B;2021-09-17;115;194;121793;115824;66.8;63.5
2B;2021-09-18;51;157;121844;115981;66.9;63.6
2B;2021-09-19;15;18;121859;115999;66.9;63.6
2B;2021-09-20;106;409;121965;116408;66.9;63.9
2B;2021-09-21;102;410;122067;116818;67.0;64.1
2B;2021-09-22;117;404;122184;117222;67.0;64.3
2B;2021-09-23;103;228;122287;117450;67.1;64.4
2B;2021-09-24;87;213;122374;117663;67.1;64.6
2B;2021-09-25;36;123;122410;117786;67.2;64.6
2B;2021-09-26;2;23;122412;117809;67.2;64.6
2B;2021-09-27;70;229;122482;118038;67.2;64.8
2B;2021-09-28;99;194;122581;118232;67.3;64.9
2B;2021-09-29;121;345;122702;118577;67.3;65.1
2B;2021-09-30;71;133;122773;118710;67.4;65.1
2B;2021-10-01;113;163;122886;118873;67.4;65.2
2B;2021-10-02;54;114;122940;118987;67.5;65.3
2B;2021-10-03;13;15;122953;119002;67.5;65.3
2B;2021-10-04;84;156;123037;119158;67.5;65.4
2B;2021-10-05;90;225;123127;119383;67.6;65.5
2B;2021-10-06;125;285;123252;119668;67.6;65.7
2B;2021-10-07;49;137;123301;119805;67.7;65.7
2B;2021-10-08;82;171;123383;119976;67.7;65.8
2B;2021-10-09;67;108;123450;120084;67.7;65.9
2B;2021-10-10;11;22;123461;120106;67.7;65.9
2B;2021-10-11;60;146;123521;120252;67.8;66.0
2B;2021-10-12;75;162;123596;120414;67.8;66.1
2B;2021-10-13;126;225;123722;120639;67.9;66.2
30;2020-12-27;3;0;3;0;0.0;0.0
30;2020-12-28;2;0;5;0;0.0;0.0
30;2020-12-29;0;0;5;0;0.0;0.0
30;2020-12-30;0;0;5;0;0.0;0.0
30;2020-12-31;0;0;5;0;0.0;0.0
30;2021-01-01;0;0;5;0;0.0;0.0
30;2021-01-02;0;0;5;0;0.0;0.0
30;2021-01-03;0;0;5;0;0.0;0.0
30;2021-01-04;0;0;5;0;0.0;0.0
30;2021-01-05;4;0;9;0;0.0;0.0
30;2021-01-06;128;0;137;0;0.0;0.0
30;2021-01-07;314;0;451;0;0.1;0.0
30;2021-01-08;532;2;983;2;0.1;0.0
30;2021-01-09;270;0;1253;2;0.2;0.0
30;2021-01-10;0;0;1253;2;0.2;0.0
30;2021-01-11;536;0;1789;2;0.2;0.0
30;2021-01-12;801;3;2590;5;0.3;0.0
30;2021-01-13;641;0;3231;5;0.4;0.0
30;2021-01-14;654;5;3885;10;0.5;0.0
30;2021-01-15;756;2;4641;12;0.6;0.0
30;2021-01-16;313;0;4954;12;0.7;0.0
30;2021-01-17;4;0;4958;12;0.7;0.0
30;2021-01-18;949;11;5907;23;0.8;0.0
30;2021-01-19;1735;6;7642;29;1.0;0.0
30;2021-01-20;1303;3;8945;32;1.2;0.0
30;2021-01-21;1230;3;10175;35;1.4;0.0
30;2021-01-22;1078;7;11253;42;1.5;0.0
30;2021-01-23;634;2;11887;44;1.6;0.0
30;2021-01-24;0;0;11887;44;1.6;0.0
30;2021-01-25;830;5;12717;49;1.7;0.0
30;2021-01-26;1060;17;13777;66;1.8;0.0
30;2021-01-27;983;110;14760;176;2.0;0.0
30;2021-01-28;714;272;15474;448;2.1;0.1
30;2021-01-29;671;440;16145;888;2.2;0.1
30;2021-01-30;473;285;16618;1173;2.2;0.2
30;2021-01-31;3;7;16621;1180;2.2;0.2
30;2021-02-01;816;441;17437;1621;2.3;0.2
30;2021-02-02;1875;683;19312;2304;2.6;0.3
30;2021-02-03;1185;486;20497;2790;2.7;0.4
30;2021-02-04;970;661;21467;3451;2.9;0.5
30;2021-02-05;599;762;22066;4213;2.9;0.6
30;2021-02-06;296;261;22362;4474;3.0;0.6
30;2021-02-07;3;9;22365;4483;3.0;0.6
30;2021-02-08;574;735;22939;5218;3.1;0.7
30;2021-02-09;986;1008;23925;6226;3.2;0.8
30;2021-02-10;985;1093;24910;7319;3.3;1.0
30;2021-02-11;929;1031;25839;8350;3.5;1.1
30;2021-02-12;619;997;26458;9347;3.5;1.2
30;2021-02-13;435;383;26893;9730;3.6;1.3
30;2021-02-14;3;23;26896;9753;3.6;1.3
30;2021-02-15;450;616;27346;10369;3.7;1.4
30;2021-02-16;460;847;27806;11216;3.7;1.5
30;2021-02-17;683;619;28489;11835;3.8;1.6
30;2021-02-18;798;526;29287;12361;3.9;1.7
30;2021-02-19;578;670;29865;13031;4.0;1.7
30;2021-02-20;224;228;30089;13259;4.0;1.8
30;2021-02-21;5;3;30094;13262;4.0;1.8
30;2021-02-22;502;764;30596;14026;4.1;1.9
30;2021-02-23;973;1467;31569;15493;4.2;2.1
30;2021-02-24;931;1196;32500;16689;4.3;2.2
30;2021-02-25;1211;893;33711;17582;4.5;2.3
30;2021-02-26;1336;599;35047;18181;4.7;2.4
30;2021-02-27;564;542;35611;18723;4.8;2.5
30;2021-02-28;6;7;35617;18730;4.8;2.5
30;2021-03-01;1343;830;36960;19560;4.9;2.6
30;2021-03-02;1716;915;38676;20475;5.2;2.7
30;2021-03-03;2311;769;40987;21244;5.5;2.8
30;2021-03-04;2638;879;43625;22123;5.8;3.0
30;2021-03-05;2766;622;46391;22745;6.2;3.0
30;2021-03-06;2998;370;49389;23115;6.6;3.1
30;2021-03-07;1862;50;51251;23165;6.8;3.1
30;2021-03-08;1556;789;52807;23954;7.1;3.2
30;2021-03-09;2277;873;55084;24827;7.4;3.3
30;2021-03-10;2360;663;57444;25490;7.7;3.4
30;2021-03-11;3053;710;60497;26200;8.1;3.5
30;2021-03-12;3114;404;63611;26604;8.5;3.6
30;2021-03-13;2227;298;65838;26902;8.8;3.6
30;2021-03-14;83;3;65921;26905;8.8;3.6
30;2021-03-15;1580;570;67501;27475;9.0;3.7
30;2021-03-16;1297;1072;68798;28547;9.2;3.8
30;2021-03-17;1456;650;70254;29197;9.4;3.9
30;2021-03-18;1647;716;71901;29913;9.6;4.0
30;2021-03-19;2250;553;74151;30466;9.9;4.1
30;2021-03-20;1400;149;75551;30615;10.1;4.1
30;2021-03-21;58;9;75609;30624;10.1;4.1
30;2021-03-22;2394;727;78003;31351;10.4;4.2
30;2021-03-23;3512;822;81515;32173;10.9;4.3
30;2021-03-24;3637;835;85152;33008;11.4;4.4
30;2021-03-25;4406;854;89558;33862;12.0;4.5
30;2021-03-26;4361;652;93919;34514;12.5;4.6
30;2021-03-27;1971;381;95890;34895;12.8;4.7
30;2021-03-28;35;29;95925;34924;12.8;4.7
30;2021-03-29;2816;1660;98741;36584;13.2;4.9
30;2021-03-30;3777;1890;102518;38474;13.7;5.1
30;2021-03-31;3505;1656;106023;40130;14.2;5.4
30;2021-04-01;4015;1473;110038;41603;14.7;5.6
30;2021-04-02;3605;1234;113643;42837;15.2;5.7
30;2021-04-03;1061;1230;114704;44067;15.3;5.9
30;2021-04-04;30;189;114734;44256;15.3;5.9
30;2021-04-05;765;292;115499;44548;15.4;6.0
30;2021-04-06;3045;1582;118544;46130;15.8;6.2
30;2021-04-07;2719;1634;121263;47764;16.2;6.4
30;2021-04-08;3922;1499;125185;49263;16.7;6.6
30;2021-04-09;4889;1529;130074;50792;17.4;6.8
30;2021-04-10;2426;1179;132500;51971;17.7;6.9
30;2021-04-11;951;60;133451;52031;17.8;7.0
30;2021-04-12;3142;1499;136593;53530;18.2;7.2
30;2021-04-13;4019;1941;140612;55471;18.8;7.4
30;2021-04-14;3386;1548;143998;57019;19.2;7.6
30;2021-04-15;3827;1476;147825;58495;19.8;7.8
30;2021-04-16;3704;1549;151529;60044;20.2;8.0
30;2021-04-17;1493;959;153022;61003;20.4;8.2
30;2021-04-18;961;67;153983;61070;20.6;8.2
30;2021-04-19;2447;2301;156430;63371;20.9;8.5
30;2021-04-20;2817;2837;159247;66208;21.3;8.8
30;2021-04-21;2599;2580;161846;68788;21.6;9.2
30;2021-04-22;3525;2323;165371;71111;22.1;9.5
30;2021-04-23;3580;2311;168951;73422;22.6;9.8
30;2021-04-24;1347;1231;170298;74653;22.8;10.0
30;2021-04-25;748;92;171046;74745;22.9;10.0
30;2021-04-26;2015;2392;173061;77137;23.1;10.3
30;2021-04-27;2952;2605;176013;79742;23.5;10.7
30;2021-04-28;2839;2495;178852;82237;23.9;11.0
30;2021-04-29;3621;2333;182473;84570;24.4;11.3
30;2021-04-30;3409;2032;185882;86602;24.8;11.6
30;2021-05-01;1746;604;187628;87206;25.1;11.7
30;2021-05-02;667;246;188295;87452;25.2;11.7
30;2021-05-03;3750;2512;192045;89964;25.7;12.0
30;2021-05-04;3976;3547;196021;93511;26.2;12.5
30;2021-05-05;3941;3126;199962;96637;26.7;12.9
30;2021-05-06;4202;3378;204164;100015;27.3;13.4
30;2021-05-07;4080;3071;208244;103086;27.8;13.8
30;2021-05-08;1606;723;209850;103809;28.0;13.9
30;2021-05-09;372;613;210222;104422;28.1;14.0
30;2021-05-10;2921;3121;213143;107543;28.5;14.4
30;2021-05-11;5388;3655;218531;111198;29.2;14.9
30;2021-05-12;5303;3219;223834;114417;29.9;15.3
30;2021-05-13;3230;1029;227064;115446;30.3;15.4
30;2021-05-14;4890;2461;231954;117907;31.0;15.8
30;2021-05-15;3407;1206;235361;119113;31.4;15.9
30;2021-05-16;398;338;235759;119451;31.5;16.0
30;2021-05-17;3793;3033;239552;122484;32.0;16.4
30;2021-05-18;4826;3036;244378;125520;32.7;16.8
30;2021-05-19;4774;2547;249152;128067;33.3;17.1
30;2021-05-20;5014;2576;254166;130643;34.0;17.5
30;2021-05-21;4884;2474;259050;133117;34.6;17.8
30;2021-05-22;3155;1286;262205;134403;35.0;18.0
30;2021-05-23;289;344;262494;134747;35.1;18.0
30;2021-05-24;785;766;263279;135513;35.2;18.1
30;2021-05-25;2654;3158;265933;138671;35.5;18.5
30;2021-05-26;2888;2572;268821;141243;35.9;18.9
30;2021-05-27;3757;2716;272578;143959;36.4;19.2
30;2021-05-28;3325;3263;275903;147222;36.9;19.7
30;2021-05-29;1687;1797;277590;149019;37.1;19.9
30;2021-05-30;360;584;277950;149603;37.1;20.0
30;2021-05-31;2830;2298;280780;151901;37.5;20.3
30;2021-06-01;3657;2795;284437;154696;38.0;20.7
30;2021-06-02;3320;2451;287757;157147;38.4;21.0
30;2021-06-03;4129;3358;291886;160505;39.0;21.4
30;2021-06-04;3896;3400;295782;163905;39.5;21.9
30;2021-06-05;1904;1313;297686;165218;39.8;22.1
30;2021-06-06;684;265;298370;165483;39.9;22.1
30;2021-06-07;4722;2527;303092;168010;40.5;22.4
30;2021-06-08;4830;3330;307922;171340;41.1;22.9
30;2021-06-09;4151;2992;312073;174332;41.7;23.3
30;2021-06-10;4613;3358;316686;177690;42.3;23.7
30;2021-06-11;4583;3811;321269;181501;42.9;24.2
30;2021-06-12;2485;1709;323754;183210;43.3;24.5
30;2021-06-13;493;344;324247;183554;43.3;24.5
30;2021-06-14;2470;4712;326717;188266;43.7;25.2
30;2021-06-15;3199;5312;329916;193578;44.1;25.9
30;2021-06-16;3107;4648;333023;198226;44.5;26.5
30;2021-06-17;3923;4377;336946;202603;45.0;27.1
30;2021-06-18;3714;4698;340660;207301;45.5;27.7
30;2021-06-19;1441;2004;342101;209305;45.7;28.0
30;2021-06-20;357;491;342458;209796;45.8;28.0
30;2021-06-21;2379;4911;344837;214707;46.1;28.7
30;2021-06-22;2365;5742;347202;220449;46.4;29.5
30;2021-06-23;2529;5344;349731;225793;46.7;30.2
30;2021-06-24;2336;4709;352067;230502;47.0;30.8
30;2021-06-25;2611;5603;354678;236105;47.4;31.5
30;2021-06-26;909;2941;355587;239046;47.5;31.9
30;2021-06-27;222;527;355809;239573;47.5;32.0
30;2021-06-28;1670;6024;357479;245597;47.8;32.8
30;2021-06-29;1837;6023;359316;251620;48.0;33.6
30;2021-06-30;2001;5255;361317;256875;48.3;34.3
30;2021-07-01;3107;4719;364424;261594;48.7;35.0
30;2021-07-02;2833;4626;367257;266220;49.1;35.6
30;2021-07-03;1154;3047;368411;269267;49.2;36.0
30;2021-07-04;116;393;368527;269660;49.2;36.0
30;2021-07-05;2026;4030;370553;273690;49.5;36.6
30;2021-07-06;2663;4975;373216;278665;49.9;37.2
30;2021-07-07;2538;4224;375754;282889;50.2;37.8
30;2021-07-08;2012;3418;377766;286307;50.5;38.3
30;2021-07-09;2410;5314;380176;291621;50.8;39.0
30;2021-07-10;1504;2159;381680;293780;51.0;39.3
30;2021-07-11;47;415;381727;294195;51.0;39.3
30;2021-07-12;2527;5154;384254;299349;51.3;40.0
30;2021-07-13;3300;6029;387554;305378;51.8;40.8
30;2021-07-14;502;550;388056;305928;51.8;40.9
30;2021-07-15;4127;5477;392183;311405;52.4;41.6
30;2021-07-16;5038;5729;397221;317134;53.1;42.4
30;2021-07-17;1706;2467;398927;319601;53.3;42.7
30;2021-07-18;146;602;399073;320203;53.3;42.8
30;2021-07-19;3374;6315;402447;326518;53.8;43.6
30;2021-07-20;4641;6524;407088;333042;54.4;44.5
30;2021-07-21;4063;5415;411151;338457;54.9;45.2
30;2021-07-22;4900;5745;416051;344202;55.6;46.0
30;2021-07-23;4998;5872;421049;350074;56.3;46.8
30;2021-07-24;2240;3257;423289;353331;56.6;47.2
30;2021-07-25;137;310;423426;353641;56.6;47.2
30;2021-07-26;4414;4134;427840;357775;57.2;47.8
30;2021-07-27;4856;4654;432696;362429;57.8;48.4
30;2021-07-28;4877;4026;437573;366455;58.5;49.0
30;2021-07-29;5929;4142;443502;370597;59.3;49.5
30;2021-07-30;5343;4396;448845;374993;60.0;50.1
30;2021-07-31;2655;1965;451500;376958;60.3;50.4
30;2021-08-01;735;311;452235;377269;60.4;50.4
30;2021-08-02;3686;4015;455921;381284;60.9;50.9
30;2021-08-03;4887;3957;460808;385241;61.6;51.5
30;2021-08-04;5285;3055;466093;388296;62.3;51.9
30;2021-08-05;4617;3797;470710;392093;62.9;52.4
30;2021-08-06;4333;4066;475043;396159;63.5;52.9
30;2021-08-07;1841;1954;476884;398113;63.7;53.2
30;2021-08-08;620;280;477504;398393;63.8;53.2
30;2021-08-09;3343;3762;480847;402155;64.2;53.7
30;2021-08-10;3926;4402;484773;406557;64.8;54.3
30;2021-08-11;3402;3481;488175;410038;65.2;54.8
30;2021-08-12;3763;4224;491938;414262;65.7;55.3
30;2021-08-13;3309;3341;495247;417603;66.2;55.8
30;2021-08-14;1134;2048;496381;419651;66.3;56.1
30;2021-08-15;270;176;496651;419827;66.4;56.1
30;2021-08-16;2201;4865;498852;424692;66.6;56.7
30;2021-08-17;2746;4199;501598;428891;67.0;57.3
30;2021-08-18;2845;3836;504443;432727;67.4;57.8
30;2021-08-19;2858;4318;507301;437045;67.8;58.4
30;2021-08-20;2609;4468;509910;441513;68.1;59.0
30;2021-08-21;1018;2888;510928;444401;68.3;59.4
30;2021-08-22;227;516;511155;444917;68.3;59.4
30;2021-08-23;1687;4476;512842;449393;68.5;60.0
30;2021-08-24;1955;4526;514797;453919;68.8;60.6
30;2021-08-25;1691;4345;516488;458264;69.0;61.2
30;2021-08-26;1852;4258;518340;462522;69.3;61.8
30;2021-08-27;1778;4358;520118;466880;69.5;62.4
30;2021-08-28;681;2476;520799;469356;69.6;62.7
30;2021-08-29;182;614;520981;469970;69.6;62.8
30;2021-08-30;1408;4249;522389;474219;69.8;63.4
30;2021-08-31;1341;4073;523730;478292;70.0;63.9
30;2021-09-01;1243;3446;524973;481738;70.1;64.4
30;2021-09-02;1399;3312;526372;485050;70.3;64.8
30;2021-09-03;1600;3754;527972;488804;70.5;65.3
30;2021-09-04;686;1808;528658;490612;70.6;65.5
30;2021-09-05;136;486;528794;491098;70.7;65.6
30;2021-09-06;776;2278;529570;493376;70.8;65.9
30;2021-09-07;703;2110;530273;495486;70.8;66.2
30;2021-09-08;869;2551;531142;498037;71.0;66.5
30;2021-09-09;911;2163;532053;500200;71.1;66.8
30;2021-09-10;941;2614;532994;502814;71.2;67.2
30;2021-09-11;553;1584;533547;504398;71.3;67.4
30;2021-09-12;95;224;533642;504622;71.3;67.4
30;2021-09-13;690;1602;534332;506224;71.4;67.6
30;2021-09-14;652;1522;534984;507746;71.5;67.8
30;2021-09-15;733;1837;535717;509583;71.6;68.1
30;2021-09-16;752;1477;536469;511060;71.7;68.3
30;2021-09-17;802;2030;537271;513090;71.8;68.6
30;2021-09-18;399;1011;537670;514101;71.8;68.7
30;2021-09-19;69;158;537739;514259;71.8;68.7
30;2021-09-20;396;1204;538135;515463;71.9;68.9
30;2021-09-21;451;1162;538586;516625;72.0;69.0
30;2021-09-22;483;1384;539069;518009;72.0;69.2
30;2021-09-23;626;1202;539695;519211;72.1;69.4
30;2021-09-24;560;1629;540255;520840;72.2;69.6
30;2021-09-25;324;857;540579;521697;72.2;69.7
30;2021-09-26;54;168;540633;521865;72.2;69.7
30;2021-09-27;380;893;541013;522758;72.3;69.8
30;2021-09-28;576;894;541589;523652;72.4;70.0
30;2021-09-29;456;1066;542045;524718;72.4;70.1
30;2021-09-30;405;912;542450;525630;72.5;70.2
30;2021-10-01;500;999;542950;526629;72.5;70.4
30;2021-10-02;267;580;543217;527209;72.6;70.4
30;2021-10-03;25;47;543242;527256;72.6;70.4
30;2021-10-04;330;788;543572;528044;72.6;70.5
30;2021-10-05;310;660;543882;528704;72.7;70.6
30;2021-10-06;377;854;544259;529558;72.7;70.8
30;2021-10-07;378;841;544637;530399;72.8;70.9
30;2021-10-08;429;1054;545066;531453;72.8;71.0
30;2021-10-09;284;563;545350;532016;72.9;71.1
30;2021-10-10;5;34;545355;532050;72.9;71.1
30;2021-10-11;243;542;545598;532592;72.9;71.2
30;2021-10-12;366;708;545964;533300;72.9;71.3
30;2021-10-13;289;680;546253;533980;73.0;71.3
31;2020-12-27;0;0;0;0;0.0;0.0
31;2020-12-28;2;0;2;0;0.0;0.0
31;2020-12-29;0;0;2;0;0.0;0.0
31;2020-12-30;0;0;2;0;0.0;0.0
31;2020-12-31;1;0;3;0;0.0;0.0
31;2021-01-01;4;0;7;0;0.0;0.0
31;2021-01-02;1;0;8;0;0.0;0.0
31;2021-01-03;2;0;10;0;0.0;0.0
31;2021-01-04;5;0;15;0;0.0;0.0
31;2021-01-05;50;0;65;0;0.0;0.0
31;2021-01-06;212;2;277;2;0.0;0.0
31;2021-01-07;284;1;561;3;0.0;0.0
31;2021-01-08;546;1;1107;4;0.1;0.0
31;2021-01-09;275;0;1382;4;0.1;0.0
31;2021-01-10;286;0;1668;4;0.1;0.0
31;2021-01-11;983;4;2651;8;0.2;0.0
31;2021-01-12;1192;1;3843;9;0.3;0.0
31;2021-01-13;1158;5;5001;14;0.4;0.0
31;2021-01-14;1179;20;6180;34;0.4;0.0
31;2021-01-15;1048;3;7228;37;0.5;0.0
31;2021-01-16;243;1;7471;38;0.5;0.0
31;2021-01-17;176;0;7647;38;0.5;0.0
31;2021-01-18;1616;6;9263;44;0.7;0.0
31;2021-01-19;2938;12;12201;56;0.9;0.0
31;2021-01-20;3683;14;15884;70;1.1;0.0
31;2021-01-21;2997;9;18881;79;1.3;0.0
31;2021-01-22;2275;7;21156;86;1.5;0.0
31;2021-01-23;728;2;21884;88;1.6;0.0
31;2021-01-24;212;1;22096;89;1.6;0.0
31;2021-01-25;1744;9;23840;98;1.7;0.0
31;2021-01-26;1839;64;25679;162;1.8;0.0
31;2021-01-27;1574;151;27253;313;1.9;0.0
31;2021-01-28;1385;299;28638;612;2.0;0.0
31;2021-01-29;1361;351;29999;963;2.1;0.1
31;2021-01-30;446;186;30445;1149;2.2;0.1
31;2021-01-31;61;209;30506;1358;2.2;0.1
31;2021-02-01;1184;732;31690;2090;2.3;0.1
31;2021-02-02;3056;809;34746;2899;2.5;0.2
31;2021-02-03;1922;787;36668;3686;2.6;0.3
31;2021-02-04;1814;845;38482;4531;2.7;0.3
31;2021-02-05;1343;579;39825;5110;2.8;0.4
31;2021-02-06;385;57;40210;5167;2.9;0.4
31;2021-02-07;37;42;40247;5209;2.9;0.4
31;2021-02-08;1116;666;41363;5875;3.0;0.4
31;2021-02-09;1680;1575;43043;7450;3.1;0.5
31;2021-02-10;1964;2475;45007;9925;3.2;0.7
31;2021-02-11;1813;1826;46820;11751;3.3;0.8
31;2021-02-12;1540;797;48360;12548;3.5;0.9
31;2021-02-13;504;228;48864;12776;3.5;0.9
31;2021-02-14;56;216;48920;12992;3.5;0.9
31;2021-02-15;445;1368;49365;14360;3.5;1.0
31;2021-02-16;463;1543;49828;15903;3.6;1.1
31;2021-02-17;473;1633;50301;17536;3.6;1.3
31;2021-02-18;477;1758;50778;19294;3.6;1.4
31;2021-02-19;393;1564;51171;20858;3.7;1.5
31;2021-02-20;69;529;51240;21387;3.7;1.5
31;2021-02-21;77;161;51317;21548;3.7;1.5
31;2021-02-22;434;1731;51751;23279;3.7;1.7
31;2021-02-23;863;3011;52614;26290;3.8;1.9
31;2021-02-24;652;2187;53266;28477;3.8;2.0
31;2021-02-25;1435;1847;54701;30324;3.9;2.2
31;2021-02-26;1711;1234;56412;31558;4.0;2.3
31;2021-02-27;638;404;57050;31962;4.1;2.3
31;2021-02-28;78;54;57128;32016;4.1;2.3
31;2021-03-01;875;1134;58003;33150;4.1;2.4
31;2021-03-02;1239;1667;59242;34817;4.2;2.5
31;2021-03-03;1357;1814;60599;36631;4.3;2.6
31;2021-03-04;2424;1508;63023;38139;4.5;2.7
31;2021-03-05;3053;1606;66076;39745;4.7;2.8
31;2021-03-06;2834;413;68910;40158;4.9;2.9
31;2021-03-07;5368;112;74278;40270;5.3;2.9
31;2021-03-08;1599;1097;75877;41367;5.4;3.0
31;2021-03-09;2792;1199;78669;42566;5.6;3.0
31;2021-03-10;2574;1104;81243;43670;5.8;3.1
31;2021-03-11;4382;1169;85625;44839;6.1;3.2
31;2021-03-12;5321;1212;90946;46051;6.5;3.3
31;2021-03-13;2839;510;93785;46561;6.7;3.3
31;2021-03-14;235;49;94020;46610;6.7;3.3
31;2021-03-15;2584;435;96604;47045;6.9;3.4
31;2021-03-16;1746;823;98350;47868;7.0;3.4
31;2021-03-17;1656;563;100006;48431;7.1;3.5
31;2021-03-18;1988;713;101994;49144;7.3;3.5
31;2021-03-19;3185;534;105179;49678;7.5;3.5
31;2021-03-20;1797;142;106976;49820;7.6;3.6
31;2021-03-21;211;35;107187;49855;7.7;3.6
31;2021-03-22;2580;375;109767;50230;7.8;3.6
31;2021-03-23;4057;328;113824;50558;8.1;3.6
31;2021-03-24;4357;299;118181;50857;8.4;3.6
31;2021-03-25;6042;537;124223;51394;8.9;3.7
31;2021-03-26;5466;525;129689;51919;9.3;3.7
31;2021-03-27;4351;214;134040;52133;9.6;3.7
31;2021-03-28;2291;48;136331;52181;9.7;3.7
31;2021-03-29;4206;435;140537;52616;10.0;3.8
31;2021-03-30;6595;560;147132;53176;10.5;3.8
31;2021-03-31;5650;394;152782;53570;10.9;3.8
31;2021-04-01;6968;568;159750;54138;11.4;3.9
31;2021-04-02;6102;596;165852;54734;11.8;3.9
31;2021-04-03;3927;159;169779;54893;12.1;3.9
31;2021-04-04;2060;116;171839;55009;12.3;3.9
31;2021-04-05;481;70;172320;55079;12.3;3.9
31;2021-04-06;4165;1159;176485;56238;12.6;4.0
31;2021-04-07;5988;992;182473;57230;13.0;4.1
31;2021-04-08;7570;1043;190043;58273;13.6;4.2
31;2021-04-09;8385;1262;198428;59535;14.2;4.2
31;2021-04-10;4717;549;203145;60084;14.5;4.3
31;2021-04-11;2069;140;205214;60224;14.6;4.3
31;2021-04-12;6001;1847;211215;62071;15.1;4.4
31;2021-04-13;8048;2040;219263;64111;15.7;4.6
31;2021-04-14;6655;1932;225918;66043;16.1;4.7
31;2021-04-15;7771;2254;233689;68297;16.7;4.9
31;2021-04-16;7177;2103;240866;70400;17.2;5.0
31;2021-04-17;4414;915;245280;71315;17.5;5.1
31;2021-04-18;2513;358;247793;71673;17.7;5.1
31;2021-04-19;5220;2035;253013;73708;18.1;5.3
31;2021-04-20;6074;2854;259087;76562;18.5;5.5
31;2021-04-21;5974;2803;265061;79365;18.9;5.7
31;2021-04-22;6379;3251;271440;82616;19.4;5.9
31;2021-04-23;6283;2566;277723;85182;19.8;6.1
31;2021-04-24;1616;3143;279339;88325;19.9;6.3
31;2021-04-25;688;2097;280027;90422;20.0;6.5
31;2021-04-26;3794;3229;283821;93651;20.3;6.7
31;2021-04-27;4516;3902;288337;97553;20.6;7.0
31;2021-04-28;4544;3561;292881;101114;20.9;7.2
31;2021-04-29;5183;4065;298064;105179;21.3;7.5
31;2021-04-30;5039;4148;303103;109327;21.6;7.8
31;2021-05-01;1487;3120;304590;112447;21.7;8.0
31;2021-05-02;1416;1979;306006;114426;21.8;8.2
31;2021-05-03;5658;2426;311664;116852;22.2;8.3
31;2021-05-04;4779;4749;316443;121601;22.6;8.7
31;2021-05-05;2994;5731;319437;127332;22.8;9.1
31;2021-05-06;3635;7386;323072;134718;23.1;9.6
31;2021-05-07;5258;7178;328330;141896;23.4;10.1
31;2021-05-08;3634;3103;331964;144999;23.7;10.4
31;2021-05-09;3760;2310;335724;147309;24.0;10.5
31;2021-05-10;5683;5482;341407;152791;24.4;10.9
31;2021-05-11;6605;6704;348012;159495;24.8;11.4
31;2021-05-12;6172;5939;354184;165434;25.3;11.8
31;2021-05-13;4642;2068;358826;167502;25.6;12.0
31;2021-05-14;6911;3982;365737;171484;26.1;12.2
31;2021-05-15;5145;1756;370882;173240;26.5;12.4
31;2021-05-16;3300;634;374182;173874;26.7;12.4
31;2021-05-17;5143;4151;379325;178025;27.1;12.7
31;2021-05-18;5589;4279;384914;182304;27.5;13.0
31;2021-05-19;5782;3763;390696;186067;27.9;13.3
31;2021-05-20;6473;4806;397169;190873;28.4;13.6
31;2021-05-21;5984;4605;403153;195478;28.8;14.0
31;2021-05-22;4082;1628;407235;197106;29.1;14.1
31;2021-05-23;3583;342;410818;197448;29.3;14.1
31;2021-05-24;3881;707;414699;198155;29.6;14.1
31;2021-05-25;6190;3612;420889;201767;30.0;14.4
31;2021-05-26;5608;4644;426497;206411;30.4;14.7
31;2021-05-27;4788;6193;431285;212604;30.8;15.2
31;2021-05-28;4116;6349;435401;218953;31.1;15.6
31;2021-05-29;1917;4032;437318;222985;31.2;15.9
31;2021-05-30;751;2362;438069;225347;31.3;16.1
31;2021-05-31;4397;5083;442466;230430;31.6;16.4
31;2021-06-01;5954;6565;448420;236995;32.0;16.9
31;2021-06-02;5803;6308;454223;243303;32.4;17.4
31;2021-06-03;7308;8139;461531;251442;32.9;17.9
31;2021-06-04;7541;7165;469072;258607;33.5;18.5
31;2021-06-05;9078;2778;478150;261385;34.1;18.7
31;2021-06-06;8106;1580;486256;262965;34.7;18.8
31;2021-06-07;7986;5473;494242;268438;35.3;19.2
31;2021-06-08;9105;6051;503347;274489;35.9;19.6
31;2021-06-09;8918;5558;512265;280047;36.6;20.0
31;2021-06-10;9781;6362;522046;286409;37.3;20.4
31;2021-06-11;10050;6638;532096;293047;38.0;20.9
31;2021-06-12;8788;3026;540884;296073;38.6;21.1
31;2021-06-13;8378;2018;549262;298091;39.2;21.3
31;2021-06-14;8429;6731;557691;304822;39.8;21.8
31;2021-06-15;9773;7445;567464;312267;40.5;22.3
31;2021-06-16;8735;5261;576199;317528;41.1;22.7
31;2021-06-17;8277;6609;584476;324137;41.7;23.1
31;2021-06-18;8551;7755;593027;331892;42.3;23.7
31;2021-06-19;7364;5442;600391;337334;42.9;24.1
31;2021-06-20;5572;3727;605963;341061;43.3;24.3
31;2021-06-21;5374;6918;611337;347979;43.6;24.8
31;2021-06-22;4986;8231;616323;356210;44.0;25.4
31;2021-06-23;5105;7284;621428;363494;44.4;25.9
31;2021-06-24;4634;8340;626062;371834;44.7;26.5
31;2021-06-25;5014;9313;631076;381147;45.0;27.2
31;2021-06-26;4282;6398;635358;387545;45.4;27.7
31;2021-06-27;3596;4106;638954;391651;45.6;28.0
31;2021-06-28;4098;6646;643052;398297;45.9;28.4
31;2021-06-29;3798;7563;646850;405860;46.2;29.0
31;2021-06-30;4280;7821;651130;413681;46.5;29.5
31;2021-07-01;4122;8471;655252;422152;46.8;30.1
31;2021-07-02;4113;9329;659365;431481;47.1;30.8
31;2021-07-03;4100;6113;663465;437594;47.4;31.2
31;2021-07-04;3205;4812;666670;442406;47.6;31.6
31;2021-07-05;4057;7094;670727;449500;47.9;32.1
31;2021-07-06;3889;8363;674616;457863;48.2;32.7
31;2021-07-07;3964;7962;678580;465825;48.4;33.3
31;2021-07-08;4054;8540;682634;474365;48.7;33.9
31;2021-07-09;4462;8800;687096;483165;49.0;34.5
31;2021-07-10;3918;5498;691014;488663;49.3;34.9
31;2021-07-11;3137;4138;694151;492801;49.5;35.2
31;2021-07-12;3825;8641;697976;501442;49.8;35.8
31;2021-07-13;6921;9447;704897;510889;50.3;36.5
31;2021-07-14;6167;3938;711064;514827;50.8;36.7
31;2021-07-15;8515;9451;719579;524278;51.4;37.4
31;2021-07-16;7775;9920;727354;534198;51.9;38.1
31;2021-07-17;8357;10558;735711;544756;52.5;38.9
31;2021-07-18;6620;9474;742331;554230;53.0;39.6
31;2021-07-19;4794;10778;747125;565008;53.3;40.3
31;2021-07-20;7160;11483;754285;576491;53.8;41.2
31;2021-07-21;7040;11532;761325;588023;54.3;42.0
31;2021-07-22;8165;11767;769490;599790;54.9;42.8
31;2021-07-23;7475;11818;776965;611608;55.5;43.7
31;2021-07-24;10310;10575;787275;622183;56.2;44.4
31;2021-07-25;7560;8803;794835;630986;56.7;45.0
31;2021-07-26;5514;9545;800349;640531;57.1;45.7
31;2021-07-27;7961;9199;808310;649730;57.7;46.4
31;2021-07-28;8677;8285;816987;658015;58.3;47.0
31;2021-07-29;8856;8055;825843;666070;58.9;47.5
31;2021-07-30;7673;7988;833516;674058;59.5;48.1
31;2021-07-31;6015;7394;839531;681452;59.9;48.6
31;2021-08-01;4431;4305;843962;685757;60.2;48.9
31;2021-08-02;5490;5419;849452;691176;60.6;49.3
31;2021-08-03;5896;5187;855348;696363;61.1;49.7
31;2021-08-04;5925;4808;861273;701171;61.5;50.1
31;2021-08-05;5585;7232;866858;708403;61.9;50.6
31;2021-08-06;5303;7344;872161;715747;62.3;51.1
31;2021-08-07;4596;6652;876757;722399;62.6;51.6
31;2021-08-08;3385;5579;880142;727978;62.8;52.0
31;2021-08-09;4396;7011;884538;734989;63.1;52.5
31;2021-08-10;4686;6286;889224;741275;63.5;52.9
31;2021-08-11;4527;5860;893751;747135;63.8;53.3
31;2021-08-12;4524;6759;898275;753894;64.1;53.8
31;2021-08-13;4174;6204;902449;760098;64.4;54.3
31;2021-08-14;3033;6462;905482;766560;64.6;54.7
31;2021-08-15;1309;4097;906791;770657;64.7;55.0
31;2021-08-16;3219;8118;910010;778775;65.0;55.6
31;2021-08-17;3435;7098;913445;785873;65.2;56.1
31;2021-08-18;3314;7008;916759;792881;65.4;56.6
31;2021-08-19;2987;6994;919746;799875;65.7;57.1
31;2021-08-20;3025;7396;922771;807271;65.9;57.6
31;2021-08-21;1980;6801;924751;814072;66.0;58.1
31;2021-08-22;1486;5638;926237;819710;66.1;58.5
31;2021-08-23;2385;7728;928622;827438;66.3;59.1
31;2021-08-24;2609;6174;931231;833612;66.5;59.5
31;2021-08-25;2413;5729;933644;839341;66.6;59.9
31;2021-08-26;2279;5801;935923;845142;66.8;60.3
31;2021-08-27;2363;6663;938286;851805;67.0;60.8
31;2021-08-28;1846;6790;940132;858595;67.1;61.3
31;2021-08-29;1282;5067;941414;863662;67.2;61.6
31;2021-08-30;2190;6586;943604;870248;67.4;62.1
31;2021-08-31;2257;5450;945861;875698;67.5;62.5
31;2021-09-01;1754;4656;947615;880354;67.6;62.8
31;2021-09-02;1770;4050;949385;884404;67.8;63.1
31;2021-09-03;1830;4715;951215;889119;67.9;63.5
31;2021-09-04;2006;5688;953221;894807;68.0;63.9
31;2021-09-05;1129;2172;954350;896979;68.1;64.0
31;2021-09-06;1365;3040;955715;900019;68.2;64.2
31;2021-09-07;1263;2867;956978;902886;68.3;64.4
31;2021-09-08;1424;3424;958402;906310;68.4;64.7
31;2021-09-09;1109;2563;959511;908873;68.5;64.9
31;2021-09-10;1677;3420;961188;912293;68.6;65.1
31;2021-09-11;1292;3775;962480;916068;68.7;65.4
31;2021-09-12;541;1683;963021;917751;68.7;65.5
31;2021-09-13;1014;1993;964035;919744;68.8;65.7
31;2021-09-14;1249;2013;965284;921757;68.9;65.8
31;2021-09-15;1087;2691;966371;924448;69.0;66.0
31;2021-09-16;899;1680;967270;926128;69.0;66.1
31;2021-09-17;1076;2508;968346;928636;69.1;66.3
31;2021-09-18;856;2798;969202;931434;69.2;66.5
31;2021-09-19;322;1241;969524;932675;69.2;66.6
31;2021-09-20;608;1597;970132;934272;69.2;66.7
31;2021-09-21;825;1561;970957;935833;69.3;66.8
31;2021-09-22;833;2060;971790;937893;69.4;66.9
31;2021-09-23;773;1548;972563;939441;69.4;67.1
31;2021-09-24;830;2008;973393;941449;69.5;67.2
31;2021-09-25;662;2534;974055;943983;69.5;67.4
31;2021-09-26;249;1127;974304;945110;69.5;67.5
31;2021-09-27;690;1509;974994;946619;69.6;67.6
31;2021-09-28;728;1350;975722;947969;69.6;67.7
31;2021-09-29;757;1666;976479;949635;69.7;67.8
31;2021-09-30;719;1245;977198;950880;69.8;67.9
31;2021-10-01;825;1852;978023;952732;69.8;68.0
31;2021-10-02;765;1761;978788;954493;69.9;68.1
31;2021-10-03;107;349;978895;954842;69.9;68.2
31;2021-10-04;390;694;979285;955536;69.9;68.2
31;2021-10-05;539;1318;979824;956854;69.9;68.3
31;2021-10-06;603;1192;980427;958046;70.0;68.4
31;2021-10-07;643;1389;981070;959435;70.0;68.5
31;2021-10-08;761;1186;981831;960621;70.1;68.6
31;2021-10-09;507;1276;982338;961897;70.1;68.7
31;2021-10-10;20;57;982358;961954;70.1;68.7
31;2021-10-11;373;508;982731;962462;70.1;68.7
31;2021-10-12;584;1054;983315;963516;70.2;68.8
31;2021-10-13;554;1053;983869;964569;70.2;68.9
32;2020-12-27;0;0;0;0;0.0;0.0
32;2020-12-28;0;0;0;0;0.0;0.0
32;2020-12-29;0;0;0;0;0.0;0.0
32;2020-12-30;0;0;0;0;0.0;0.0
32;2020-12-31;0;0;0;0;0.0;0.0
32;2021-01-01;0;0;0;0;0.0;0.0
32;2021-01-02;0;0;0;0;0.0;0.0
32;2021-01-03;1;0;1;0;0.0;0.0
32;2021-01-04;3;0;4;0;0.0;0.0
32;2021-01-05;2;0;6;0;0.0;0.0
32;2021-01-06;3;0;9;0;0.0;0.0
32;2021-01-07;155;0;164;0;0.1;0.0
32;2021-01-08;70;0;234;0;0.1;0.0
32;2021-01-09;5;0;239;0;0.1;0.0
32;2021-01-10;0;0;239;0;0.1;0.0
32;2021-01-11;11;0;250;0;0.1;0.0
32;2021-01-12;96;0;346;0;0.2;0.0
32;2021-01-13;325;1;671;1;0.4;0.0
32;2021-01-14;389;3;1060;4;0.6;0.0
32;2021-01-15;449;3;1509;7;0.8;0.0
32;2021-01-16;17;2;1526;9;0.8;0.0
32;2021-01-17;1;0;1527;9;0.8;0.0
32;2021-01-18;345;1;1872;10;1.0;0.0
32;2021-01-19;420;0;2292;10;1.2;0.0
32;2021-01-20;358;0;2650;10;1.4;0.0
32;2021-01-21;582;2;3232;12;1.7;0.0
32;2021-01-22;372;0;3604;12;1.9;0.0
32;2021-01-23;189;0;3793;12;2.0;0.0
32;2021-01-24;5;0;3798;12;2.0;0.0
32;2021-01-25;468;1;4266;13;2.2;0.0
32;2021-01-26;611;0;4877;13;2.6;0.0
32;2021-01-27;703;4;5580;17;2.9;0.0
32;2021-01-28;687;15;6267;32;3.3;0.0
32;2021-01-29;461;54;6728;86;3.5;0.0
32;2021-01-30;260;0;6988;86;3.7;0.0
32;2021-01-31;4;5;6992;91;3.7;0.0
32;2021-02-01;289;58;7281;149;3.8;0.1
32;2021-02-02;641;139;7922;288;4.2;0.2
32;2021-02-03;338;200;8260;488;4.3;0.3
32;2021-02-04;427;279;8687;767;4.6;0.4
32;2021-02-05;346;360;9033;1127;4.8;0.6
32;2021-02-06;148;0;9181;1127;4.8;0.6
32;2021-02-07;0;36;9181;1163;4.8;0.6
32;2021-02-08;278;121;9459;1284;5.0;0.7
32;2021-02-09;310;229;9769;1513;5.1;0.8
32;2021-02-10;272;254;10041;1767;5.3;0.9
32;2021-02-11;383;317;10424;2084;5.5;1.1
32;2021-02-12;298;280;10722;2364;5.6;1.2
32;2021-02-13;249;1;10971;2365;5.8;1.2
32;2021-02-14;0;28;10971;2393;5.8;1.3
32;2021-02-15;25;212;10996;2605;5.8;1.4
32;2021-02-16;395;368;11391;2973;6.0;1.6
32;2021-02-17;191;474;11582;3447;6.1;1.8
32;2021-02-18;333;493;11915;3940;6.3;2.1
32;2021-02-19;184;278;12099;4218;6.4;2.2
32;2021-02-20;1;120;12100;4338;6.4;2.3
32;2021-02-21;0;0;12100;4338;6.4;2.3
32;2021-02-22;158;385;12258;4723;6.5;2.5
32;2021-02-23;432;571;12690;5294;6.7;2.8
32;2021-02-24;276;381;12966;5675;6.8;3.0
32;2021-02-25;480;526;13446;6201;7.1;3.3
32;2021-02-26;444;384;13890;6585;7.3;3.5
32;2021-02-27;157;246;14047;6831;7.4;3.6
32;2021-02-28;4;0;14051;6831;7.4;3.6
32;2021-03-01;51;300;14102;7131;7.4;3.8
32;2021-03-02;414;449;14516;7580;7.6;4.0
32;2021-03-03;276;292;14792;7872;7.8;4.1
32;2021-03-04;541;340;15333;8212;8.1;4.3
32;2021-03-05;438;248;15771;8460;8.3;4.5
32;2021-03-06;520;173;16291;8633;8.6;4.5
32;2021-03-07;25;5;16316;8638;8.6;4.5
32;2021-03-08;234;295;16550;8933;8.7;4.7
32;2021-03-09;644;332;17194;9265;9.0;4.9
32;2021-03-10;482;329;17676;9594;9.3;5.0
32;2021-03-11;855;295;18531;9889;9.8;5.2
32;2021-03-12;881;344;19412;10233;10.2;5.4
32;2021-03-13;492;246;19904;10479;10.5;5.5
32;2021-03-14;1;0;19905;10479;10.5;5.5
32;2021-03-15;264;26;20169;10505;10.6;5.5
32;2021-03-16;314;310;20483;10815;10.8;5.7
32;2021-03-17;150;156;20633;10971;10.9;5.8
32;2021-03-18;375;308;21008;11279;11.1;5.9
32;2021-03-19;405;183;21413;11462;11.3;6.0
32;2021-03-20;136;33;21549;11495;11.3;6.0
32;2021-03-21;0;0;21549;11495;11.3;6.0
32;2021-03-22;340;170;21889;11665;11.5;6.1
32;2021-03-23;560;399;22449;12064;11.8;6.3
32;2021-03-24;643;271;23092;12335;12.2;6.5
32;2021-03-25;899;418;23991;12753;12.6;6.7
32;2021-03-26;657;294;24648;13047;13.0;6.9
32;2021-03-27;165;3;24813;13050;13.1;6.9
32;2021-03-28;1;1;24814;13051;13.1;6.9
32;2021-03-29;371;49;25185;13100;13.3;6.9
32;2021-03-30;766;290;25951;13390;13.7;7.0
32;2021-03-31;654;174;26605;13564;14.0;7.1
32;2021-04-01;1237;320;27842;13884;14.7;7.3
32;2021-04-02;575;167;28417;14051;15.0;7.4
32;2021-04-03;114;0;28531;14051;15.0;7.4
32;2021-04-04;0;0;28531;14051;15.0;7.4
32;2021-04-05;0;0;28531;14051;15.0;7.4
32;2021-04-06;2650;316;31181;14367;16.4;7.6
32;2021-04-07;1178;206;32359;14573;17.0;7.7
32;2021-04-08;1736;407;34095;14980;17.9;7.9
32;2021-04-09;883;218;34978;15198;18.4;8.0
32;2021-04-10;809;30;35787;15228;18.8;8.0
32;2021-04-11;14;0;35801;15228;18.8;8.0
32;2021-04-12;477;23;36278;15251;19.1;8.0
32;2021-04-13;2469;389;38747;15640;20.4;8.2
32;2021-04-14;1226;264;39973;15904;21.0;8.4
32;2021-04-15;1704;395;41677;16299;21.9;8.6
32;2021-04-16;638;284;42315;16583;22.3;8.7
32;2021-04-17;783;39;43098;16622;22.7;8.7
32;2021-04-18;13;1;43111;16623;22.7;8.7
32;2021-04-19;502;46;43613;16669;22.9;8.8
32;2021-04-20;2472;394;46085;17063;24.3;9.0
32;2021-04-21;1009;302;47094;17365;24.8;9.1
32;2021-04-22;1662;321;48756;17686;25.7;9.3
32;2021-04-23;549;159;49305;17845;25.9;9.4
32;2021-04-24;1392;58;50697;17903;26.7;9.4
32;2021-04-25;0;11;50697;17914;26.7;9.4
32;2021-04-26;387;359;51084;18273;26.9;9.6
32;2021-04-27;2551;559;53635;18832;28.2;9.9
32;2021-04-28;972;357;54607;19189;28.7;10.1
32;2021-04-29;1008;885;55615;20074;29.3;10.6
32;2021-04-30;453;363;56068;20437;29.5;10.8
32;2021-05-01;2607;98;58675;20535;30.9;10.8
32;2021-05-02;0;0;58675;20535;30.9;10.8
32;2021-05-03;170;321;58845;20856;31.0;11.0
32;2021-05-04;785;2497;59630;23353;31.4;12.3
32;2021-05-05;2360;1101;61990;24454;32.6;12.9
32;2021-05-06;516;1661;62506;26115;32.9;13.7
32;2021-05-07;2286;539;64792;26654;34.1;14.0
32;2021-05-08;70;516;64862;27170;34.1;14.3
32;2021-05-09;21;179;64883;27349;34.1;14.4
32;2021-05-10;1994;553;66877;27902;35.2;14.7
32;2021-05-11;651;2278;67528;30180;35.5;15.9
32;2021-05-12;2313;1137;69841;31317;36.8;16.5
32;2021-05-13;280;1417;70121;32734;36.9;17.2
32;2021-05-14;2223;328;72344;33062;38.1;17.4
32;2021-05-15;134;712;72478;33774;38.1;17.8
32;2021-05-16;2;0;72480;33774;38.1;17.8
32;2021-05-17;353;170;72833;33944;38.3;17.9
32;2021-05-18;1642;298;74475;34242;39.2;18.0
32;2021-05-19;2474;273;76949;34515;40.5;18.2
32;2021-05-20;2885;471;79834;34986;42.0;18.4
32;2021-05-21;2532;500;82366;35486;43.3;18.7
32;2021-05-22;334;110;82700;35596;43.5;18.7
32;2021-05-23;2;13;82702;35609;43.5;18.7
32;2021-05-24;3;0;82705;35609;43.5;18.7
32;2021-05-25;1982;374;84687;35983;44.6;18.9
32;2021-05-26;2547;557;87234;36540;45.9;19.2
32;2021-05-27;2876;626;90110;37166;47.4;19.6
32;2021-05-28;2308;767;92418;37933;48.6;20.0
32;2021-05-29;372;314;92790;38247;48.8;20.1
32;2021-05-30;4;6;92794;38253;48.8;20.1
32;2021-05-31;1413;626;94207;38879;49.6;20.5
32;2021-06-01;567;2889;94774;41768;49.9;22.0
32;2021-06-02;1580;1351;96354;43119;50.7;22.7
32;2021-06-03;395;2086;96749;45205;50.9;23.8
32;2021-06-04;1836;831;98585;46036;51.9;24.2
32;2021-06-05;206;1660;98791;47696;52.0;25.1
32;2021-06-06;8;14;98799;47710;52.0;25.1
32;2021-06-07;102;418;98901;48128;52.0;25.3
32;2021-06-08;663;2538;99564;50666;52.4;26.7
32;2021-06-09;1191;1056;100755;51722;53.0;27.2
32;2021-06-10;684;1225;101439;52947;53.4;27.9
32;2021-06-11;926;663;102365;53610;53.9;28.2
32;2021-06-12;150;2679;102515;56289;53.9;29.6
32;2021-06-13;1;1;102516;56290;53.9;29.6
32;2021-06-14;528;210;103044;56500;54.2;29.7
32;2021-06-15;1733;1027;104777;57527;55.1;30.3
32;2021-06-16;850;2778;105627;60305;55.6;31.7
32;2021-06-17;859;829;106486;61134;56.0;32.2
32;2021-06-18;315;2724;106801;63858;56.2;33.6
32;2021-06-19;914;437;107715;64295;56.7;33.8
32;2021-06-20;5;13;107720;64308;56.7;33.8
32;2021-06-21;67;1994;107787;66302;56.7;34.9
32;2021-06-22;1042;971;108829;67273;57.3;35.4
32;2021-06-23;517;2184;109346;69457;57.5;36.5
32;2021-06-24;528;517;109874;69974;57.8;36.8
32;2021-06-25;501;2360;110375;72334;58.1;38.1
32;2021-06-26;108;171;110483;72505;58.1;38.2
32;2021-06-27;2;5;110485;72510;58.1;38.2
32;2021-06-28;630;603;111115;73113;58.5;38.5
32;2021-06-29;800;1982;111915;75095;58.9;39.5
32;2021-06-30;757;2726;112672;77821;59.3;40.9
32;2021-07-01;538;2638;113210;80459;59.6;42.3
32;2021-07-02;641;2335;113851;82794;59.9;43.6
32;2021-07-03;481;506;114332;83300;60.2;43.8
32;2021-07-04;2;12;114334;83312;60.2;43.8
32;2021-07-05;76;390;114410;83702;60.2;44.0
32;2021-07-06;878;2083;115288;85785;60.7;45.1
32;2021-07-07;781;2757;116069;88542;61.1;46.6
32;2021-07-08;479;2268;116548;90810;61.3;47.8
32;2021-07-09;615;2226;117163;93036;61.7;49.0
32;2021-07-10;536;520;117699;93556;61.9;49.2
32;2021-07-11;0;5;117699;93561;61.9;49.2
32;2021-07-12;526;1244;118225;94805;62.2;49.9
32;2021-07-13;1695;1817;119920;96622;63.1;50.8
32;2021-07-14;492;36;120412;96658;63.4;50.9
32;2021-07-15;2096;892;122508;97550;64.5;51.3
32;2021-07-16;1170;1914;123678;99464;65.1;52.3
32;2021-07-17;78;128;123756;99592;65.1;52.4
32;2021-07-18;2;5;123758;99597;65.1;52.4
32;2021-07-19;1997;147;125755;99744;66.2;52.5
32;2021-07-20;2036;1272;127791;101016;67.2;53.2
32;2021-07-21;1614;1692;129405;102708;68.1;54.0
32;2021-07-22;1946;513;131351;103221;69.1;54.3
32;2021-07-23;1408;1731;132759;104952;69.9;55.2
32;2021-07-24;139;118;132898;105070;69.9;55.3
32;2021-07-25;34;10;132932;105080;69.9;55.3
32;2021-07-26;1071;1070;134003;106150;70.5;55.9
32;2021-07-27;1730;2100;135733;108250;71.4;57.0
32;2021-07-28;694;975;136427;109225;71.8;57.5
32;2021-07-29;1694;1609;138121;110834;72.7;58.3
32;2021-07-30;363;349;138484;111183;72.9;58.5
32;2021-07-31;186;350;138670;111533;73.0;58.7
32;2021-08-01;18;4;138688;111537;73.0;58.7
32;2021-08-02;82;76;138770;111613;73.0;58.7
32;2021-08-03;1173;1792;139943;113405;73.6;59.7
32;2021-08-04;634;652;140577;114057;74.0;60.0
32;2021-08-05;1105;1944;141682;116001;74.6;61.0
32;2021-08-06;563;495;142245;116496;74.9;61.3
32;2021-08-07;148;92;142393;116588;74.9;61.3
32;2021-08-08;1;0;142394;116588;74.9;61.3
32;2021-08-09;263;1826;142657;118414;75.1;62.3
32;2021-08-10;715;2078;143372;120492;75.4;63.4
32;2021-08-11;579;446;143951;120938;75.7;63.6
32;2021-08-12;931;2102;144882;123040;76.2;64.7
32;2021-08-13;178;249;145060;123289;76.3;64.9
32;2021-08-14;113;117;145173;123406;76.4;64.9
32;2021-08-15;13;21;145186;123427;76.4;64.9
32;2021-08-16;44;40;145230;123467;76.4;65.0
32;2021-08-17;572;2301;145802;125768;76.7;66.2
32;2021-08-18;312;559;146114;126327;76.9;66.5
32;2021-08-19;956;1410;147070;127737;77.4;67.2
32;2021-08-20;208;166;147278;127903;77.5;67.3
32;2021-08-21;150;194;147428;128097;77.6;67.4
32;2021-08-22;8;3;147436;128100;77.6;67.4
32;2021-08-23;45;101;147481;128201;77.6;67.5
32;2021-08-24;585;1449;148066;129650;77.9;68.2
32;2021-08-25;94;191;148160;129841;78.0;68.3
32;2021-08-26;321;2261;148481;132102;78.1;69.5
32;2021-08-27;276;553;148757;132655;78.3;69.8
32;2021-08-28;70;109;148827;132764;78.3;69.9
32;2021-08-29;1;8;148828;132772;78.3;69.9
32;2021-08-30;20;49;148848;132821;78.3;69.9
32;2021-08-31;195;1516;149043;134337;78.4;70.7
32;2021-09-01;680;785;149723;135122;78.8;71.1
32;2021-09-02;318;1579;150041;136701;79.0;71.9
32;2021-09-03;194;294;150235;136995;79.1;72.1
32;2021-09-04;49;90;150284;137085;79.1;72.1
32;2021-09-05;12;15;150296;137100;79.1;72.1
32;2021-09-06;50;72;150346;137172;79.1;72.2
32;2021-09-07;438;810;150784;137982;79.3;72.6
32;2021-09-08;255;483;151039;138465;79.5;72.9
32;2021-09-09;227;885;151266;139350;79.6;73.3
32;2021-09-10;203;196;151469;139546;79.7;73.4
32;2021-09-11;88;137;151557;139683;79.8;73.5
32;2021-09-12;7;11;151564;139694;79.8;73.5
32;2021-09-13;4;10;151568;139704;79.8;73.5
32;2021-09-14;324;573;151892;140277;79.9;73.8
32;2021-09-15;200;145;152092;140422;80.0;73.9
32;2021-09-16;184;216;152276;140638;80.1;74.0
32;2021-09-17;199;345;152475;140983;80.2;74.2
32;2021-09-18;40;62;152515;141045;80.3;74.2
32;2021-09-19;0;2;152515;141047;80.3;74.2
32;2021-09-20;4;18;152519;141065;80.3;74.2
32;2021-09-21;241;458;152760;141523;80.4;74.5
32;2021-09-22;233;547;152993;142070;80.5;74.8
32;2021-09-23;132;217;153125;142287;80.6;74.9
32;2021-09-24;101;288;153226;142575;80.6;75.0
32;2021-09-25;28;51;153254;142626;80.6;75.1
32;2021-09-26;3;5;153257;142631;80.6;75.1
32;2021-09-27;9;29;153266;142660;80.6;75.1
32;2021-09-28;113;515;153379;143175;80.7;75.3
32;2021-09-29;88;334;153467;143509;80.8;75.5
32;2021-09-30;170;201;153637;143710;80.8;75.6
32;2021-10-01;103;246;153740;143956;80.9;75.8
32;2021-10-02;28;103;153768;144059;80.9;75.8
32;2021-10-03;0;8;153768;144067;80.9;75.8
32;2021-10-04;13;19;153781;144086;80.9;75.8
32;2021-10-05;59;287;153840;144373;81.0;76.0
32;2021-10-06;41;260;153881;144633;81.0;76.1
32;2021-10-07;55;217;153936;144850;81.0;76.2
32;2021-10-08;65;257;154001;145107;81.0;76.4
32;2021-10-09;25;52;154026;145159;81.0;76.4
32;2021-10-10;0;0;154026;145159;81.0;76.4
32;2021-10-11;11;44;154037;145203;81.1;76.4
32;2021-10-12;61;187;154098;145390;81.1;76.5
32;2021-10-13;55;200;154153;145590;81.1;76.6
33;2020-12-27;4;0;4;0;0.0;0.0
33;2020-12-28;4;0;8;0;0.0;0.0
33;2020-12-29;0;0;8;0;0.0;0.0
33;2020-12-30;0;0;8;0;0.0;0.0
33;2020-12-31;1;0;9;0;0.0;0.0
33;2021-01-01;0;0;9;0;0.0;0.0
33;2021-01-02;2;1;11;1;0.0;0.0
33;2021-01-03;2;1;13;2;0.0;0.0
33;2021-01-04;2;0;15;2;0.0;0.0
33;2021-01-05;2;0;17;2;0.0;0.0
33;2021-01-06;134;1;151;3;0.0;0.0
33;2021-01-07;1309;4;1460;7;0.1;0.0
33;2021-01-08;1200;3;2660;10;0.2;0.0
33;2021-01-09;298;1;2958;11;0.2;0.0
33;2021-01-10;229;0;3187;11;0.2;0.0
33;2021-01-11;628;0;3815;11;0.2;0.0
33;2021-01-12;1416;2;5231;13;0.3;0.0
33;2021-01-13;1313;9;6544;22;0.4;0.0
33;2021-01-14;1293;19;7837;41;0.5;0.0
33;2021-01-15;1610;14;9447;55;0.6;0.0
33;2021-01-16;568;10;10015;65;0.6;0.0
33;2021-01-17;406;4;10421;69;0.6;0.0
33;2021-01-18;1225;14;11646;83;0.7;0.0
33;2021-01-19;2937;12;14583;95;0.9;0.0
33;2021-01-20;3423;17;18006;112;1.1;0.0
33;2021-01-21;2863;9;20869;121;1.3;0.0
33;2021-01-22;2328;13;23197;134;1.4;0.0
33;2021-01-23;853;3;24050;137;1.5;0.0
33;2021-01-24;532;2;24582;139;1.5;0.0
33;2021-01-25;2172;63;26754;202;1.6;0.0
33;2021-01-26;2263;164;29017;366;1.8;0.0
33;2021-01-27;2263;209;31280;575;1.9;0.0
33;2021-01-28;2160;438;33440;1013;2.0;0.1
33;2021-01-29;1825;684;35265;1697;2.2;0.1
33;2021-01-30;707;172;35972;1869;2.2;0.1
33;2021-01-31;390;158;36362;2027;2.2;0.1
33;2021-02-01;1457;648;37819;2675;2.3;0.2
33;2021-02-02;2645;1112;40464;3787;2.5;0.2
33;2021-02-03;2942;874;43406;4661;2.7;0.3
33;2021-02-04;4032;1352;47438;6013;2.9;0.4
33;2021-02-05;2193;1172;49631;7185;3.0;0.4
33;2021-02-06;648;199;50279;7384;3.1;0.5
33;2021-02-07;219;229;50498;7613;3.1;0.5
33;2021-02-08;1265;756;51763;8369;3.2;0.5
33;2021-02-09;1327;1675;53090;10044;3.3;0.6
33;2021-02-10;1267;1747;54357;11791;3.3;0.7
33;2021-02-11;1305;1442;55662;13233;3.4;0.8
33;2021-02-12;1121;1250;56783;14483;3.5;0.9
33;2021-02-13;204;292;56987;14775;3.5;0.9
33;2021-02-14;47;245;57034;15020;3.5;0.9
33;2021-02-15;684;1718;57718;16738;3.5;1.0
33;2021-02-16;816;2053;58534;18791;3.6;1.2
33;2021-02-17;668;2048;59202;20839;3.6;1.3
33;2021-02-18;899;2242;60101;23081;3.7;1.4
33;2021-02-19;920;2014;61021;25095;3.7;1.5
33;2021-02-20;78;656;61099;25751;3.7;1.6
33;2021-02-21;37;460;61136;26211;3.7;1.6
33;2021-02-22;709;1885;61845;28096;3.8;1.7
33;2021-02-23;1235;2746;63080;30842;3.9;1.9
33;2021-02-24;1407;2523;64487;33365;3.9;2.0
33;2021-02-25;2840;3759;67327;37124;4.1;2.3
33;2021-02-26;4059;2334;71386;39458;4.4;2.4
33;2021-02-27;1361;722;72747;40180;4.5;2.5
33;2021-02-28;127;514;72874;40694;4.5;2.5
33;2021-03-01;1537;1856;74411;42550;4.6;2.6
33;2021-03-02;2326;1747;76737;44297;4.7;2.7
33;2021-03-03;2312;1709;79049;46006;4.8;2.8
33;2021-03-04;3937;1672;82986;47678;5.1;2.9
33;2021-03-05;5762;1745;88748;49423;5.4;3.0
33;2021-03-06;3416;566;92164;49989;5.6;3.1
33;2021-03-07;741;160;92905;50149;5.7;3.1
33;2021-03-08;2712;1153;95617;51302;5.9;3.1
33;2021-03-09;4404;1341;100021;52643;6.1;3.2
33;2021-03-10;5122;1244;105143;53887;6.4;3.3
33;2021-03-11;7548;1238;112691;55125;6.9;3.4
33;2021-03-12;10118;1180;122809;56305;7.5;3.4
33;2021-03-13;5155;219;127964;56524;7.8;3.5
33;2021-03-14;714;29;128678;56553;7.9;3.5
33;2021-03-15;4445;685;133123;57238;8.1;3.5
33;2021-03-16;3582;883;136705;58121;8.4;3.6
33;2021-03-17;3643;954;140348;59075;8.6;3.6
33;2021-03-18;4037;1417;144385;60492;8.8;3.7
33;2021-03-19;6272;1042;150657;61534;9.2;3.8
33;2021-03-20;3368;109;154025;61643;9.4;3.8
33;2021-03-21;462;30;154487;61673;9.5;3.8
33;2021-03-22;4901;456;159388;62129;9.8;3.8
33;2021-03-23;6324;612;165712;62741;10.1;3.8
33;2021-03-24;7076;530;172788;63271;10.6;3.9
33;2021-03-25;8843;662;181631;63933;11.1;3.9
33;2021-03-26;10040;864;191671;64797;11.7;4.0
33;2021-03-27;3619;84;195290;64881;12.0;4.0
33;2021-03-28;577;34;195867;64915;12.0;4.0
33;2021-03-29;6765;708;202632;65623;12.4;4.0
33;2021-03-30;8103;1051;210735;66674;12.9;4.1
33;2021-03-31;7577;1071;218312;67745;13.4;4.1
33;2021-04-01;8824;1204;227136;68949;13.9;4.2
33;2021-04-02;8411;1567;235547;70516;14.4;4.3
33;2021-04-03;2832;526;238379;71042;14.6;4.3
33;2021-04-04;218;160;238597;71202;14.6;4.4
33;2021-04-05;694;125;239291;71327;14.6;4.4
33;2021-04-06;6049;2690;245340;74017;15.0;4.5
33;2021-04-07;7422;2552;252762;76569;15.5;4.7
33;2021-04-08;10329;2790;263091;79359;16.1;4.9
33;2021-04-09;12687;3103;275778;82462;16.9;5.0
33;2021-04-10;5357;1395;281135;83857;17.2;5.1
33;2021-04-11;1002;353;282137;84210;17.3;5.2
33;2021-04-12;7427;3285;289564;87495;17.7;5.4
33;2021-04-13;9321;3500;298885;90995;18.3;5.6
33;2021-04-14;9040;3649;307925;94644;18.9;5.8
33;2021-04-15;10110;3890;318035;98534;19.5;6.0
33;2021-04-16;9718;4233;327753;102767;20.1;6.3
33;2021-04-17;4652;1662;332405;104429;20.3;6.4
33;2021-04-18;929;414;333334;104843;20.4;6.4
33;2021-04-19;5616;3844;338950;108687;20.8;6.7
33;2021-04-20;7294;4273;346244;112960;21.2;6.9
33;2021-04-21;6594;4355;352838;117315;21.6;7.2
33;2021-04-22;7349;4494;360187;121809;22.1;7.5
33;2021-04-23;7702;4837;367889;126646;22.5;7.8
33;2021-04-24;4500;1804;372389;128450;22.8;7.9
33;2021-04-25;1652;418;374041;128868;22.9;7.9
33;2021-04-26;5270;5090;379311;133958;23.2;8.2
33;2021-04-27;6579;5632;385890;139590;23.6;8.5
33;2021-04-28;6782;5583;392672;145173;24.0;8.9
33;2021-04-29;8425;6251;401097;151424;24.6;9.3
33;2021-04-30;8740;6134;409837;157558;25.1;9.6
33;2021-05-01;2902;516;412739;158074;25.3;9.7
33;2021-05-02;1835;348;414574;158422;25.4;9.7
33;2021-05-03;7018;5221;421592;163643;25.8;10.0
33;2021-05-04;6827;6673;428419;170316;26.2;10.4
33;2021-05-05;7139;7573;435558;177889;26.7;10.9
33;2021-05-06;8704;8246;444262;186135;27.2;11.4
33;2021-05-07;8609;8924;452871;195059;27.7;11.9
33;2021-05-08;3543;1600;456414;196659;27.9;12.0
33;2021-05-09;1118;969;457532;197628;28.0;12.1
33;2021-05-10;6874;7312;464406;204940;28.4;12.5
33;2021-05-11;8634;7882;473040;212822;29.0;13.0
33;2021-05-12;9175;6704;482215;219526;29.5;13.4
33;2021-05-13;5212;2115;487427;221641;29.8;13.6
33;2021-05-14;8129;5354;495556;226995;30.3;13.9
33;2021-05-15;5179;2866;500735;229861;30.7;14.1
33;2021-05-16;1842;803;502577;230664;30.8;14.1
33;2021-05-17;8861;5112;511438;235776;31.3;14.4
33;2021-05-18;10625;4890;522063;240666;32.0;14.7
33;2021-05-19;10900;4784;532963;245450;32.6;15.0
33;2021-05-20;10907;5588;543870;251038;33.3;15.4
33;2021-05-21;10915;6251;554785;257289;34.0;15.8
33;2021-05-22;5121;2751;559906;260040;34.3;15.9
33;2021-05-23;1751;385;561657;260425;34.4;15.9
33;2021-05-24;5412;1001;567069;261426;34.7;16.0
33;2021-05-25;9391;5783;576460;267209;35.3;16.4
33;2021-05-26;9675;6048;586135;273257;35.9;16.7
33;2021-05-27;10902;7725;597037;280982;36.6;17.2
33;2021-05-28;10062;9519;607099;290501;37.2;17.8
33;2021-05-29;5042;4117;612141;294618;37.5;18.0
33;2021-05-30;1703;667;613844;295285;37.6;18.1
33;2021-05-31;8550;6422;622394;301707;38.1;18.5
33;2021-06-01;11802;8722;634196;310429;38.8;19.0
33;2021-06-02;11711;8215;645907;318644;39.5;19.5
33;2021-06-03;12715;9209;658622;327853;40.3;20.1
33;2021-06-04;12933;10957;671555;338810;41.1;20.7
33;2021-06-05;5272;5063;676827;343873;41.4;21.1
33;2021-06-06;2526;1194;679353;345067;41.6;21.1
33;2021-06-07;9758;8503;689111;353570;42.2;21.6
33;2021-06-08;11938;9465;701049;363035;42.9;22.2
33;2021-06-09;11775;8533;712824;371568;43.6;22.7
33;2021-06-10;12951;8397;725775;379965;44.4;23.3
33;2021-06-11;12516;11171;738291;391136;45.2;23.9
33;2021-06-12;6185;4481;744476;395617;45.6;24.2
33;2021-06-13;2613;1283;747089;396900;45.7;24.3
33;2021-06-14;8581;10157;755670;407057;46.3;24.9
33;2021-06-15;12054;10272;767724;417329;47.0;25.5
33;2021-06-16;12058;8879;779782;426208;47.7;26.1
33;2021-06-17;13116;9623;792898;435831;48.5;26.7
33;2021-06-18;11797;11444;804695;447275;49.3;27.4
33;2021-06-19;5610;4821;810305;452096;49.6;27.7
33;2021-06-20;2946;1475;813251;453571;49.8;27.8
33;2021-06-21;7875;10166;821126;463737;50.3;28.4
33;2021-06-22;9065;11085;830191;474822;50.8;29.1
33;2021-06-23;8672;10847;838863;485669;51.4;29.7
33;2021-06-24;9744;9981;848607;495650;52.0;30.3
33;2021-06-25;8047;13716;856654;509366;52.4;31.2
33;2021-06-26;4345;5920;860999;515286;52.7;31.5
33;2021-06-27;2467;1959;863466;517245;52.9;31.7
33;2021-06-28;4871;12763;868337;530008;53.2;32.4
33;2021-06-29;6443;13656;874780;543664;53.6;33.3
33;2021-06-30;6680;13394;881460;557058;54.0;34.1
33;2021-07-01;8046;11809;889506;568867;54.5;34.8
33;2021-07-02;6843;15110;896349;583977;54.9;35.8
33;2021-07-03;3227;6785;899576;590762;55.1;36.2
33;2021-07-04;2066;2379;901642;593141;55.2;36.3
33;2021-07-05;4397;12907;906039;606048;55.5;37.1
33;2021-07-06;6142;14593;912181;620641;55.8;38.0
33;2021-07-07;6871;13053;919052;633694;56.3;38.8
33;2021-07-08;7966;12758;927018;646452;56.8;39.6
33;2021-07-09;6469;15111;933487;661563;57.1;40.5
33;2021-07-10;3114;7162;936601;668725;57.3;40.9
33;2021-07-11;1844;2303;938445;671028;57.5;41.1
33;2021-07-12;3950;14705;942395;685733;57.7;42.0
33;2021-07-13;7152;16107;949547;701840;58.1;43.0
33;2021-07-14;3689;5315;953236;707155;58.4;43.3
33;2021-07-15;7627;15982;960863;723137;58.8;44.3
33;2021-07-16;8589;15150;969452;738287;59.4;45.2
33;2021-07-17;3156;6433;972608;744720;59.5;45.6
33;2021-07-18;1702;3205;974310;747925;59.6;45.8
33;2021-07-19;5871;15096;980181;763021;60.0;46.7
33;2021-07-20;7431;16135;987612;779156;60.5;47.7
33;2021-07-21;8370;14543;995982;793699;61.0;48.6
33;2021-07-22;9365;15111;1005347;808810;61.5;49.5
33;2021-07-23;9666;16350;1015013;825160;62.1;50.5
33;2021-07-24;3838;7554;1018851;832714;62.4;51.0
33;2021-07-25;2093;2667;1020944;835381;62.5;51.1
33;2021-07-26;6966;13421;1027910;848802;62.9;52.0
33;2021-07-27;10090;13402;1038000;862204;63.5;52.8
33;2021-07-28;10931;11976;1048931;874180;64.2;53.5
33;2021-07-29;11673;11913;1060604;886093;64.9;54.2
33;2021-07-30;11401;12225;1072005;898318;65.6;55.0
33;2021-07-31;4761;5650;1076766;903968;65.9;55.3
33;2021-08-01;2484;1951;1079250;905919;66.1;55.5
33;2021-08-02;8418;9891;1087668;915810;66.6;56.1
33;2021-08-03;11560;9027;1099228;924837;67.3;56.6
33;2021-08-04;12287;7372;1111515;932209;68.0;57.1
33;2021-08-05;11936;8046;1123451;940255;68.8;57.6
33;2021-08-06;11231;9057;1134682;949312;69.5;58.1
33;2021-08-07;5929;4516;1140611;953828;69.8;58.4
33;2021-08-08;3186;1770;1143797;955598;70.0;58.5
33;2021-08-09;8661;8721;1152458;964319;70.6;59.0
33;2021-08-10;9374;8452;1161832;972771;71.1;59.6
33;2021-08-11;8115;7590;1169947;980361;71.6;60.0
33;2021-08-12;7980;8021;1177927;988382;72.1;60.5
33;2021-08-13;7848;7682;1185775;996064;72.6;61.0
33;2021-08-14;3526;4332;1189301;1000396;72.8;61.2
33;2021-08-15;1211;1881;1190512;1002277;72.9;61.4
33;2021-08-16;6429;8629;1196941;1010906;73.3;61.9
33;2021-08-17;6639;9070;1203580;1019976;73.7;62.4
33;2021-08-18;5631;8771;1209211;1028747;74.0;63.0
33;2021-08-19;5505;9120;1214716;1037867;74.4;63.5
33;2021-08-20;4962;9837;1219678;1047704;74.7;64.1
33;2021-08-21;2208;5037;1221886;1052741;74.8;64.4
33;2021-08-22;565;2366;1222451;1055107;74.8;64.6
33;2021-08-23;3922;10289;1226373;1065396;75.1;65.2
33;2021-08-24;4144;11094;1230517;1076490;75.3;65.9
33;2021-08-25;3725;10489;1234242;1086979;75.6;66.5
33;2021-08-26;3662;11057;1237904;1098036;75.8;67.2
33;2021-08-27;3829;12588;1241733;1110624;76.0;68.0
33;2021-08-28;1581;6639;1243314;1117263;76.1;68.4
33;2021-08-29;455;2426;1243769;1119689;76.1;68.5
33;2021-08-30;2377;10460;1246146;1130149;76.3;69.2
33;2021-08-31;3252;10862;1249398;1141011;76.5;69.9
33;2021-09-01;2869;8285;1252267;1149296;76.7;70.4
33;2021-09-02;2711;7787;1254978;1157083;76.8;70.8
33;2021-09-03;3119;9376;1258097;1166459;77.0;71.4
33;2021-09-04;1656;5793;1259753;1172252;77.1;71.8
33;2021-09-05;414;1459;1260167;1173711;77.1;71.9
33;2021-09-06;1625;6438;1261792;1180149;77.2;72.2
33;2021-09-07;2083;5717;1263875;1185866;77.4;72.6
33;2021-09-08;1769;5905;1265644;1191771;77.5;73.0
33;2021-09-09;1924;5652;1267568;1197423;77.6;73.3
33;2021-09-10;2105;6304;1269673;1203727;77.7;73.7
33;2021-09-11;1002;4232;1270675;1207959;77.8;74.0
33;2021-09-12;131;556;1270806;1208515;77.8;74.0
33;2021-09-13;1508;3615;1272314;1212130;77.9;74.2
33;2021-09-14;1568;3488;1273882;1215618;78.0;74.4
33;2021-09-15;1547;4451;1275429;1220069;78.1;74.7
33;2021-09-16;1485;3349;1276914;1223418;78.2;74.9
33;2021-09-17;1803;4517;1278717;1227935;78.3;75.2
33;2021-09-18;606;3052;1279323;1230987;78.3;75.4
33;2021-09-19;115;398;1279438;1231385;78.3;75.4
33;2021-09-20;1057;2161;1280495;1233546;78.4;75.5
33;2021-09-21;958;2453;1281453;1235999;78.5;75.7
33;2021-09-22;964;3447;1282417;1239446;78.5;75.9
33;2021-09-23;905;2306;1283322;1241752;78.6;76.0
33;2021-09-24;1291;3721;1284613;1245473;78.6;76.2
33;2021-09-25;516;2354;1285129;1247827;78.7;76.4
33;2021-09-26;64;333;1285193;1248160;78.7;76.4
33;2021-09-27;667;2014;1285860;1250174;78.7;76.5
33;2021-09-28;830;2150;1286690;1252324;78.8;76.7
33;2021-09-29;888;2211;1287578;1254535;78.8;76.8
33;2021-09-30;694;1686;1288272;1256221;78.9;76.9
33;2021-10-01;1058;2683;1289330;1258904;78.9;77.1
33;2021-10-02;557;1350;1289887;1260254;79.0;77.2
33;2021-10-03;10;45;1289897;1260299;79.0;77.2
33;2021-10-04;647;1399;1290544;1261698;79.0;77.2
33;2021-10-05;546;1424;1291090;1263122;79.0;77.3
33;2021-10-06;785;1685;1291875;1264807;79.1;77.4
33;2021-10-07;585;1477;1292460;1266284;79.1;77.5
33;2021-10-08;864;2112;1293324;1268396;79.2;77.7
33;2021-10-09;499;928;1293823;1269324;79.2;77.7
33;2021-10-10;5;42;1293828;1269366;79.2;77.7
33;2021-10-11;490;1184;1294318;1270550;79.2;77.8
33;2021-10-12;541;1136;1294859;1271686;79.3;77.9
33;2021-10-13;769;1377;1295628;1273063;79.3;77.9
34;2020-12-27;1;0;1;0;0.0;0.0
34;2020-12-28;3;0;4;0;0.0;0.0
34;2020-12-29;0;0;4;0;0.0;0.0
34;2020-12-30;0;0;4;0;0.0;0.0
34;2020-12-31;0;0;4;0;0.0;0.0
34;2021-01-01;1;0;5;0;0.0;0.0
34;2021-01-02;2;0;7;0;0.0;0.0
34;2021-01-03;0;0;7;0;0.0;0.0
34;2021-01-04;23;0;30;0;0.0;0.0
34;2021-01-05;108;2;138;2;0.0;0.0
34;2021-01-06;199;7;337;9;0.0;0.0
34;2021-01-07;364;0;701;9;0.1;0.0
34;2021-01-08;606;0;1307;9;0.1;0.0
34;2021-01-09;244;0;1551;9;0.1;0.0
34;2021-01-10;94;1;1645;10;0.1;0.0
34;2021-01-11;567;2;2212;12;0.2;0.0
34;2021-01-12;1009;1;3221;13;0.3;0.0
34;2021-01-13;1098;7;4319;20;0.4;0.0
34;2021-01-14;1957;14;6276;34;0.5;0.0
34;2021-01-15;1471;7;7747;41;0.7;0.0
34;2021-01-16;332;7;8079;48;0.7;0.0
34;2021-01-17;235;1;8314;49;0.7;0.0
34;2021-01-18;1125;5;9439;54;0.8;0.0
34;2021-01-19;1610;8;11049;62;0.9;0.0
34;2021-01-20;2091;23;13140;85;1.1;0.0
34;2021-01-21;4234;20;17374;105;1.5;0.0
34;2021-01-22;2556;10;19930;115;1.7;0.0
34;2021-01-23;600;2;20530;117;1.7;0.0
34;2021-01-24;3;0;20533;117;1.7;0.0
34;2021-01-25;1242;6;21775;123;1.9;0.0
34;2021-01-26;1461;20;23236;143;2.0;0.0
34;2021-01-27;1472;24;24708;167;2.1;0.0
34;2021-01-28;1393;124;26101;291;2.2;0.0
34;2021-01-29;1260;139;27361;430;2.3;0.0
34;2021-01-30;479;25;27840;455;2.4;0.0
34;2021-01-31;4;0;27844;455;2.4;0.0
34;2021-02-01;1028;248;28872;703;2.5;0.1
34;2021-02-02;1464;443;30336;1146;2.6;0.1
34;2021-02-03;2655;525;32991;1671;2.8;0.1
34;2021-02-04;2318;887;35309;2558;3.0;0.2
34;2021-02-05;1891;1175;37200;3733;3.2;0.3
34;2021-02-06;497;241;37697;3974;3.2;0.3
34;2021-02-07;34;108;37731;4082;3.2;0.3
34;2021-02-08;860;1060;38591;5142;3.3;0.4
34;2021-02-09;1035;1301;39626;6443;3.4;0.5
34;2021-02-10;1296;1504;40922;7947;3.5;0.7
34;2021-02-11;1794;2706;42716;10653;3.6;0.9
34;2021-02-12;1923;1645;44639;12298;3.8;1.0
34;2021-02-13;357;513;44996;12811;3.8;1.1
34;2021-02-14;22;286;45018;13097;3.8;1.1
34;2021-02-15;673;1203;45691;14300;3.9;1.2
34;2021-02-16;666;1523;46357;15823;3.9;1.3
34;2021-02-17;715;1519;47072;17342;4.0;1.5
34;2021-02-18;838;1490;47910;18832;4.1;1.6
34;2021-02-19;816;1225;48726;20057;4.1;1.7
34;2021-02-20;300;479;49026;20536;4.2;1.7
34;2021-02-21;64;18;49090;20554;4.2;1.7
34;2021-02-22;632;1296;49722;21850;4.2;1.9
34;2021-02-23;566;1479;50288;23329;4.3;2.0
34;2021-02-24;942;2332;51230;25661;4.4;2.2
34;2021-02-25;1608;2276;52838;27937;4.5;2.4
34;2021-02-26;1850;1632;54688;29569;4.6;2.5
34;2021-02-27;702;431;55390;30000;4.7;2.6
34;2021-02-28;86;64;55476;30064;4.7;2.6
34;2021-03-01;932;1162;56408;31226;4.8;2.7
34;2021-03-02;1592;1279;58000;32505;4.9;2.8
34;2021-03-03;1835;1407;59835;33912;5.1;2.9
34;2021-03-04;2868;1629;62703;35541;5.3;3.0
34;2021-03-05;3686;1544;66389;37085;5.6;3.2
34;2021-03-06;2641;208;69030;37293;5.9;3.2
34;2021-03-07;1242;78;70272;37371;6.0;3.2
34;2021-03-08;2782;1014;73054;38385;6.2;3.3
34;2021-03-09;4020;1458;77074;39843;6.6;3.4
34;2021-03-10;3992;1342;81066;41185;6.9;3.5
34;2021-03-11;5436;1317;86502;42502;7.4;3.6
34;2021-03-12;6492;941;92994;43443;7.9;3.7
34;2021-03-13;3138;182;96132;43625;8.2;3.7
34;2021-03-14;1003;56;97135;43681;8.3;3.7
34;2021-03-15;3308;574;100443;44255;8.5;3.8
34;2021-03-16;2912;674;103355;44929;8.8;3.8
34;2021-03-17;3305;747;106660;45676;9.1;3.9
34;2021-03-18;3451;948;110111;46624;9.4;4.0
34;2021-03-19;4692;809;114803;47433;9.8;4.0
34;2021-03-20;3147;71;117950;47504;10.0;4.0
34;2021-03-21;1997;63;119947;47567;10.2;4.0
34;2021-03-22;3683;475;123630;48042;10.5;4.1
34;2021-03-23;4961;544;128591;48586;10.9;4.1
34;2021-03-24;5221;655;133812;49241;11.4;4.2
34;2021-03-25;7197;732;141009;49973;12.0;4.2
34;2021-03-26;7169;583;148178;50556;12.6;4.3
34;2021-03-27;2374;87;150552;50643;12.8;4.3
34;2021-03-28;700;22;151252;50665;12.9;4.3
34;2021-03-29;4187;769;155439;51434;13.2;4.4
34;2021-03-30;5220;974;160659;52408;13.7;4.5
34;2021-03-31;5069;1219;165728;53627;14.1;4.6
34;2021-04-01;7031;1068;172759;54695;14.7;4.7
34;2021-04-02;5824;1201;178583;55896;15.2;4.8
34;2021-04-03;1137;88;179720;55984;15.3;4.8
34;2021-04-04;166;5;179886;55989;15.3;4.8
34;2021-04-05;433;26;180319;56015;15.3;4.8
34;2021-04-06;3136;2461;183455;58476;15.6;5.0
34;2021-04-07;3387;2648;186842;61124;15.9;5.2
34;2021-04-08;5251;2816;192093;63940;16.3;5.4
34;2021-04-09;8074;2510;200167;66450;17.0;5.6
34;2021-04-10;3164;1378;203331;67828;17.3;5.8
34;2021-04-11;1715;808;205046;68636;17.4;5.8
34;2021-04-12;4501;2539;209547;71175;17.8;6.1
34;2021-04-13;5240;3062;214787;74237;18.3;6.3
34;2021-04-14;5621;3253;220408;77490;18.7;6.6
34;2021-04-15;6997;3182;227405;80672;19.3;6.9
34;2021-04-16;6579;3178;233984;83850;19.9;7.1
34;2021-04-17;2378;2076;236362;85926;20.1;7.3
34;2021-04-18;988;1723;237350;87649;20.2;7.5
34;2021-04-19;3422;3123;240772;90772;20.5;7.7
34;2021-04-20;3768;3666;244540;94438;20.8;8.0
34;2021-04-21;4241;3732;248781;98170;21.2;8.3
34;2021-04-22;4490;4621;253271;102791;21.5;8.7
34;2021-04-23;5379;3537;258650;106328;22.0;9.0
34;2021-04-24;3164;1588;261814;107916;22.3;9.2
34;2021-04-25;1919;650;263733;108566;22.4;9.2
34;2021-04-26;4223;3482;267956;112048;22.8;9.5
34;2021-04-27;5128;4031;273084;116079;23.2;9.9
34;2021-04-28;5771;3558;278855;119637;23.7;10.2
34;2021-04-29;6421;3954;285276;123591;24.3;10.5
34;2021-04-30;7870;3301;293146;126892;24.9;10.8
34;2021-05-01;2405;508;295551;127400;25.1;10.8
34;2021-05-02;3260;329;298811;127729;25.4;10.9
34;2021-05-03;6577;2918;305388;130647;26.0;11.1
34;2021-05-04;7109;3818;312497;134465;26.6;11.4
34;2021-05-05;6497;4537;318994;139002;27.1;11.8
34;2021-05-06;6945;5219;325939;144221;27.7;12.3
34;2021-05-07;6928;5692;332867;149913;28.3;12.7
34;2021-05-08;3609;1174;336476;151087;28.6;12.8
34;2021-05-09;2178;1290;338654;152377;28.8;13.0
34;2021-05-10;5853;4809;344507;157186;29.3;13.4
34;2021-05-11;7411;5332;351918;162518;29.9;13.8
34;2021-05-12;7756;4470;359674;166988;30.6;14.2
34;2021-05-13;6128;786;365802;167774;31.1;14.3
34;2021-05-14;7491;3747;373293;171521;31.7;14.6
34;2021-05-15;4863;1686;378156;173207;32.2;14.7
34;2021-05-16;4949;460;383105;173667;32.6;14.8
34;2021-05-17;8693;1987;391798;175654;33.3;14.9
34;2021-05-18;9143;1980;400941;177634;34.1;15.1
34;2021-05-19;8625;1812;409566;179446;34.8;15.3
34;2021-05-20;8866;2520;418432;181966;35.6;15.5
34;2021-05-21;8784;3229;427216;185195;36.3;15.7
34;2021-05-22;5787;1155;433003;186350;36.8;15.8
34;2021-05-23;3883;549;436886;186899;37.1;15.9
34;2021-05-24;1898;853;438784;187752;37.3;16.0
34;2021-05-25;7142;3816;445926;191568;37.9;16.3
34;2021-05-26;8319;3040;454245;194608;38.6;16.5
34;2021-05-27;8317;4307;462562;198915;39.3;16.9
34;2021-05-28;8063;5456;470625;204371;40.0;17.4
34;2021-05-29;4006;3110;474631;207481;40.4;17.6
34;2021-05-30;1985;1389;476616;208870;40.5;17.8
34;2021-05-31;5878;5260;482494;214130;41.0;18.2
34;2021-06-01;6948;6111;489442;220241;41.6;18.7
34;2021-06-02;6136;5814;495578;226055;42.1;19.2
34;2021-06-03;7704;6487;503282;232542;42.8;19.8
34;2021-06-04;7651;7591;510933;240133;43.4;20.4
34;2021-06-05;4140;3680;515073;243813;43.8;20.7
34;2021-06-06;3266;1865;518339;245678;44.1;20.9
34;2021-06-07;4415;6766;522754;252444;44.4;21.5
34;2021-06-08;5854;6829;528608;259273;44.9;22.0
34;2021-06-09;5826;6845;534434;266118;45.4;22.6
34;2021-06-10;6323;6879;540757;272997;46.0;23.2
34;2021-06-11;5400;9279;546157;282276;46.4;24.0
34;2021-06-12;3166;4728;549323;287004;46.7;24.4
34;2021-06-13;1081;1908;550404;288912;46.8;24.6
34;2021-06-14;3443;7814;553847;296726;47.1;25.2
34;2021-06-15;3951;8793;557798;305519;47.4;26.0
34;2021-06-16;4620;7858;562418;313377;47.8;26.6
34;2021-06-17;4228;7954;566646;321331;48.2;27.3
34;2021-06-18;4351;9330;570997;330661;48.5;28.1
34;2021-06-19;2729;4406;573726;335067;48.8;28.5
34;2021-06-20;888;2873;574614;337940;48.9;28.7
34;2021-06-21;2181;8555;576795;346495;49.0;29.5
34;2021-06-22;2975;9405;579770;355900;49.3;30.3
34;2021-06-23;3528;8965;583298;364865;49.6;31.0
34;2021-06-24;3559;8676;586857;373541;49.9;31.8
34;2021-06-25;3378;10440;590235;383981;50.2;32.6
34;2021-06-26;1641;6191;591876;390172;50.3;33.2
34;2021-06-27;308;4268;592184;394440;50.3;33.5
34;2021-06-28;2266;9429;594450;403869;50.5;34.3
34;2021-06-29;2683;10298;597133;414167;50.8;35.2
34;2021-06-30;3356;9547;600489;423714;51.1;36.0
34;2021-07-01;3530;9449;604019;433163;51.4;36.8
34;2021-07-02;3434;9742;607453;442905;51.6;37.7
34;2021-07-03;1682;6158;609135;449063;51.8;38.2
34;2021-07-04;312;2763;609447;451826;51.8;38.4
34;2021-07-05;3234;7999;612681;459825;52.1;39.1
34;2021-07-06;3531;9176;616212;469001;52.4;39.9
34;2021-07-07;3273;8654;619485;477655;52.7;40.6
34;2021-07-08;4302;8876;623787;486531;53.0;41.4
34;2021-07-09;4010;9349;627797;495880;53.4;42.2
34;2021-07-10;2140;5717;629937;501597;53.6;42.6
34;2021-07-11;924;2576;630861;504173;53.6;42.9
34;2021-07-12;2929;8970;633790;513143;53.9;43.6
34;2021-07-13;4656;10048;638446;523191;54.3;44.5
34;2021-07-14;784;357;639230;523548;54.3;44.5
34;2021-07-15;5910;10400;645140;533948;54.9;45.4
34;2021-07-16;5859;10737;650999;544685;55.4;46.3
34;2021-07-17;4500;4420;655499;549105;55.7;46.7
34;2021-07-18;235;199;655734;549304;55.8;46.7
34;2021-07-19;5119;8336;660853;557640;56.2;47.4
34;2021-07-20;6897;8391;667750;566031;56.8;48.1
34;2021-07-21;7649;7832;675399;573863;57.4;48.8
34;2021-07-22;7443;8181;682842;582044;58.1;49.5
34;2021-07-23;7843;8167;690685;590211;58.7;50.2
34;2021-07-24;6151;3062;696836;593273;59.2;50.4
34;2021-07-25;3210;547;700046;593820;59.5;50.5
34;2021-07-26;6238;6434;706284;600254;60.1;51.0
34;2021-07-27;8755;6058;715039;606312;60.8;51.6
34;2021-07-28;9711;5933;724750;612245;61.6;52.1
34;2021-07-29;11326;6054;736076;618299;62.6;52.6
34;2021-07-30;9848;6545;745924;624844;63.4;53.1
34;2021-07-31;6445;2197;752369;627041;64.0;53.3
34;2021-08-01;3317;621;755686;627662;64.3;53.4
34;2021-08-02;7361;5071;763047;632733;64.9;53.8
34;2021-08-03;8144;5403;771191;638136;65.6;54.3
34;2021-08-04;8446;4570;779637;642706;66.3;54.6
34;2021-08-05;7136;5032;786773;647738;66.9;55.1
34;2021-08-06;6224;5235;792997;652973;67.4;55.5
34;2021-08-07;3110;2437;796107;655410;67.7;55.7
34;2021-08-08;202;204;796309;655614;67.7;55.7
34;2021-08-09;4781;6180;801090;661794;68.1;56.3
34;2021-08-10;5398;6485;806488;668279;68.6;56.8
34;2021-08-11;4832;6544;811320;674823;69.0;57.4
34;2021-08-12;4576;6201;815896;681024;69.4;57.9
34;2021-08-13;4111;5739;820007;686763;69.7;58.4
34;2021-08-14;1796;2881;821803;689644;69.9;58.6
34;2021-08-15;209;194;822012;689838;69.9;58.7
34;2021-08-16;2904;7551;824916;697389;70.1;59.3
34;2021-08-17;3595;8282;828511;705671;70.4;60.0
34;2021-08-18;3207;7564;831718;713235;70.7;60.6
34;2021-08-19;3269;7786;834987;721021;71.0;61.3
34;2021-08-20;2724;7722;837711;728743;71.2;62.0
34;2021-08-21;1414;3578;839125;732321;71.3;62.3
34;2021-08-22;163;308;839288;732629;71.4;62.3
34;2021-08-23;2330;8656;841618;741285;71.6;63.0
34;2021-08-24;2730;8962;844348;750247;71.8;63.8
34;2021-08-25;2346;8543;846694;758790;72.0;64.5
34;2021-08-26;2608;7890;849302;766680;72.2;65.2
34;2021-08-27;2197;7573;851499;774253;72.4;65.8
34;2021-08-28;1118;3561;852617;777814;72.5;66.1
34;2021-08-29;368;1357;852985;779171;72.5;66.2
34;2021-08-30;2054;6769;855039;785940;72.7;66.8
34;2021-08-31;2122;6583;857161;792523;72.9;67.4
34;2021-09-01;2062;5883;859223;798406;73.1;67.9
34;2021-09-02;1668;4089;860891;802495;73.2;68.2
34;2021-09-03;1776;4926;862667;807421;73.3;68.6
34;2021-09-04;1366;3090;864033;810511;73.5;68.9
34;2021-09-05;141;220;864174;810731;73.5;68.9
34;2021-09-06;1189;3172;865363;813903;73.6;69.2
34;2021-09-07;1383;3294;866746;817197;73.7;69.5
34;2021-09-08;1629;4073;868375;821270;73.8;69.8
34;2021-09-09;1194;3104;869569;824374;73.9;70.1
34;2021-09-10;1531;3301;871100;827675;74.1;70.4
34;2021-09-11;1285;1847;872385;829522;74.2;70.5
34;2021-09-12;92;81;872477;829603;74.2;70.5
34;2021-09-13;1004;2528;873481;832131;74.3;70.8
34;2021-09-14;1237;2272;874718;834403;74.4;70.9
34;2021-09-15;1487;2955;876205;837358;74.5;71.2
34;2021-09-16;884;1879;877089;839237;74.6;71.4
34;2021-09-17;1127;2415;878216;841652;74.7;71.6
34;2021-09-18;793;1763;879009;843415;74.7;71.7
34;2021-09-19;36;59;879045;843474;74.7;71.7
34;2021-09-20;617;1910;879662;845384;74.8;71.9
34;2021-09-21;612;1780;880274;847164;74.8;72.0
34;2021-09-22;838;2531;881112;849695;74.9;72.2
34;2021-09-23;667;1657;881779;851352;75.0;72.4
34;2021-09-24;843;2220;882622;853572;75.0;72.6
34;2021-09-25;492;1555;883114;855127;75.1;72.7
34;2021-09-26;51;142;883165;855269;75.1;72.7
34;2021-09-27;624;1481;883789;856750;75.1;72.8
34;2021-09-28;630;1129;884419;857879;75.2;72.9
34;2021-09-29;857;1811;885276;859690;75.3;73.1
34;2021-09-30;608;1350;885884;861040;75.3;73.2
34;2021-10-01;719;1501;886603;862541;75.4;73.3
34;2021-10-02;653;1390;887256;863931;75.4;73.5
34;2021-10-03;60;162;887316;864093;75.4;73.5
34;2021-10-04;597;1084;887913;865177;75.5;73.6
34;2021-10-05;531;1034;888444;866211;75.5;73.6
34;2021-10-06;840;1710;889284;867921;75.6;73.8
34;2021-10-07;551;1000;889835;868921;75.7;73.9
34;2021-10-08;846;1396;890681;870317;75.7;74.0
34;2021-10-09;580;1011;891261;871328;75.8;74.1
34;2021-10-10;66;73;891327;871401;75.8;74.1
34;2021-10-11;689;1061;892016;872462;75.8;74.2
34;2021-10-12;484;685;892500;873147;75.9;74.2
34;2021-10-13;615;1098;893115;874245;75.9;74.3
35;2020-12-27;0;0;0;0;0.0;0.0
35;2020-12-28;0;0;0;0;0.0;0.0
35;2020-12-29;2;0;2;0;0.0;0.0
35;2020-12-30;0;0;2;0;0.0;0.0
35;2020-12-31;3;0;5;0;0.0;0.0
35;2021-01-01;3;0;8;0;0.0;0.0
35;2021-01-02;1;0;9;0;0.0;0.0
35;2021-01-03;0;0;9;0;0.0;0.0
35;2021-01-04;10;0;19;0;0.0;0.0
35;2021-01-05;110;0;129;0;0.0;0.0
35;2021-01-06;175;0;304;0;0.0;0.0
35;2021-01-07;440;1;744;1;0.1;0.0
35;2021-01-08;513;1;1257;2;0.1;0.0
35;2021-01-09;31;0;1288;2;0.1;0.0
35;2021-01-10;2;0;1290;2;0.1;0.0
35;2021-01-11;538;0;1828;2;0.2;0.0
35;2021-01-12;886;3;2714;5;0.3;0.0
35;2021-01-13;971;4;3685;9;0.3;0.0
35;2021-01-14;1261;18;4946;27;0.5;0.0
35;2021-01-15;732;3;5678;30;0.5;0.0
35;2021-01-16;189;3;5867;33;0.5;0.0
35;2021-01-17;44;0;5911;33;0.5;0.0
35;2021-01-18;1222;2;7133;35;0.7;0.0
35;2021-01-19;5407;18;12540;53;1.2;0.0
35;2021-01-20;3238;10;15778;63;1.5;0.0
35;2021-01-21;3644;17;19422;80;1.8;0.0
35;2021-01-22;2087;10;21509;90;2.0;0.0
35;2021-01-23;421;1;21930;91;2.0;0.0
35;2021-01-24;51;0;21981;91;2.0;0.0
35;2021-01-25;918;17;22899;108;2.1;0.0
35;2021-01-26;1130;142;24029;250;2.2;0.0
35;2021-01-27;1029;125;25058;375;2.3;0.0
35;2021-01-28;916;298;25974;673;2.4;0.1
35;2021-01-29;725;290;26699;963;2.5;0.1
35;2021-01-30;140;19;26839;982;2.5;0.1
35;2021-01-31;0;0;26839;982;2.5;0.1
35;2021-02-01;673;333;27512;1315;2.5;0.1
35;2021-02-02;725;483;28237;1798;2.6;0.2
35;2021-02-03;662;506;28899;2304;2.7;0.2
35;2021-02-04;590;657;29489;2961;2.7;0.3
35;2021-02-05;624;563;30113;3524;2.8;0.3
35;2021-02-06;175;8;30288;3532;2.8;0.3
35;2021-02-07;1;0;30289;3532;2.8;0.3
35;2021-02-08;446;653;30735;4185;2.8;0.4
35;2021-02-09;1715;3559;32450;7744;3.0;0.7
35;2021-02-10;1370;2728;33820;10472;3.1;1.0
35;2021-02-11;1945;3236;35765;13708;3.3;1.3
35;2021-02-12;1663;1730;37428;15438;3.5;1.4
35;2021-02-13;58;254;37486;15692;3.5;1.5
35;2021-02-14;8;69;37494;15761;3.5;1.5
35;2021-02-15;771;1099;38265;16860;3.5;1.6
35;2021-02-16;920;1020;39185;17880;3.6;1.7
35;2021-02-17;895;1087;40080;18967;3.7;1.8
35;2021-02-18;1020;996;41100;19963;3.8;1.8
35;2021-02-19;1013;968;42113;20931;3.9;1.9
35;2021-02-20;143;49;42256;20980;3.9;1.9
35;2021-02-21;5;0;42261;20980;3.9;1.9
35;2021-02-22;776;831;43037;21811;4.0;2.0
35;2021-02-23;1288;868;44325;22679;4.1;2.1
35;2021-02-24;1404;815;45729;23494;4.2;2.2
35;2021-02-25;2249;790;47978;24284;4.4;2.2
35;2021-02-26;2599;736;50577;25020;4.7;2.3
35;2021-02-27;869;104;51446;25124;4.8;2.3
35;2021-02-28;10;1;51456;25125;4.8;2.3
35;2021-03-01;959;691;52415;25816;4.8;2.4
35;2021-03-02;1634;1995;54049;27811;5.0;2.6
35;2021-03-03;1914;972;55963;28783;5.2;2.7
35;2021-03-04;2917;1418;58880;30201;5.4;2.8
35;2021-03-05;3715;1352;62595;31553;5.8;2.9
35;2021-03-06;1337;87;63932;31640;5.9;2.9
35;2021-03-07;1;40;63933;31680;5.9;2.9
35;2021-03-08;1475;589;65408;32269;6.0;3.0
35;2021-03-09;3238;620;68646;32889;6.3;3.0
35;2021-03-10;2902;566;71548;33455;6.6;3.1
35;2021-03-11;4199;727;75747;34182;7.0;3.2
35;2021-03-12;6049;571;81796;34753;7.6;3.2
35;2021-03-13;2428;136;84224;34889;7.8;3.2
35;2021-03-14;18;25;84242;34914;7.8;3.2
35;2021-03-15;1966;676;86208;35590;8.0;3.3
35;2021-03-16;2505;734;88713;36324;8.2;3.4
35;2021-03-17;2397;603;91110;36927;8.4;3.4
35;2021-03-18;2334;599;93444;37526;8.6;3.5
35;2021-03-19;3547;514;96991;38040;9.0;3.5
35;2021-03-20;1543;114;98534;38154;9.1;3.5
35;2021-03-21;38;1;98572;38155;9.1;3.5
35;2021-03-22;1749;844;100321;38999;9.3;3.6
35;2021-03-23;3626;1187;103947;40186;9.6;3.7
35;2021-03-24;3730;993;107677;41179;10.0;3.8
35;2021-03-25;5328;1012;113005;42191;10.4;3.9
35;2021-03-26;5853;824;118858;43015;11.0;4.0
35;2021-03-27;1416;211;120274;43226;11.1;4.0
35;2021-03-28;4;0;120278;43226;11.1;4.0
35;2021-03-29;2778;912;123056;44138;11.4;4.1
35;2021-03-30;4292;1338;127348;45476;11.8;4.2
35;2021-03-31;3471;1349;130819;46825;12.1;4.3
35;2021-04-01;4250;1245;135069;48070;12.5;4.4
35;2021-04-02;4861;1215;139930;49285;12.9;4.6
35;2021-04-03;763;216;140693;49501;13.0;4.6
35;2021-04-04;6;0;140699;49501;13.0;4.6
35;2021-04-05;24;2;140723;49503;13.0;4.6
35;2021-04-06;3279;2032;144002;51535;13.3;4.8
35;2021-04-07;3966;1847;147968;53382;13.7;4.9
35;2021-04-08;5803;1597;153771;54979;14.2;5.1
35;2021-04-09;7430;1430;161201;56409;14.9;5.2
35;2021-04-10;1860;255;163061;56664;15.1;5.2
35;2021-04-11;35;23;163096;56687;15.1;5.2
35;2021-04-12;5137;1603;168233;58290;15.5;5.4
35;2021-04-13;7625;2793;175858;61083;16.3;5.6
35;2021-04-14;6315;2306;182173;63389;16.8;5.9
35;2021-04-15;7565;2189;189738;65578;17.5;6.1
35;2021-04-16;8081;1766;197819;67344;18.3;6.2
35;2021-04-17;1571;223;199390;67567;18.4;6.2
35;2021-04-18;10;4;199400;67571;18.4;6.2
35;2021-04-19;4819;1674;204219;69245;18.9;6.4
35;2021-04-20;5165;2648;209384;71893;19.4;6.6
35;2021-04-21;5134;2218;214518;74111;19.8;6.8
35;2021-04-22;6429;2334;220947;76445;20.4;7.1
35;2021-04-23;6821;2374;227768;78819;21.0;7.3
35;2021-04-24;1132;265;228900;79084;21.2;7.3
35;2021-04-25;8;16;228908;79100;21.2;7.3
35;2021-04-26;5099;2163;234007;81263;21.6;7.5
35;2021-04-27;6090;3213;240097;84476;22.2;7.8
35;2021-04-28;6173;2572;246270;87048;22.8;8.0
35;2021-04-29;7117;2769;253387;89817;23.4;8.3
35;2021-04-30;7564;2551;260951;92368;24.1;8.5
35;2021-05-01;618;239;261569;92607;24.2;8.6
35;2021-05-02;15;21;261584;92628;24.2;8.6
35;2021-05-03;5307;2335;266891;94963;24.7;8.8
35;2021-05-04;5067;5343;271958;100306;25.1;9.3
35;2021-05-05;4882;4451;276840;104757;25.6;9.7
35;2021-05-06;6176;5280;283016;110037;26.2;10.2
35;2021-05-07;5620;5251;288636;115288;26.7;10.7
35;2021-05-08;1719;136;290355;115424;26.8;10.7
35;2021-05-09;698;75;291053;115499;26.9;10.7
35;2021-05-10;3719;4954;294772;120453;27.2;11.1
35;2021-05-11;4774;5810;299546;126263;27.7;11.7
35;2021-05-12;5292;5501;304838;131764;28.2;12.2
35;2021-05-13;2699;1424;307537;133188;28.4;12.3
35;2021-05-14;5460;4334;312997;137522;28.9;12.7
35;2021-05-15;2929;718;315926;138240;29.2;12.8
35;2021-05-16;997;61;316923;138301;29.3;12.8
35;2021-05-17;4474;3882;321397;142183;29.7;13.1
35;2021-05-18;5839;4329;327236;146512;30.2;13.5
35;2021-05-19;5866;3633;333102;150145;30.8;13.9
35;2021-05-20;6448;4009;339550;154154;31.4;14.2
35;2021-05-21;6140;4771;345690;158925;31.9;14.7
35;2021-05-22;2118;739;347808;159664;32.1;14.8
35;2021-05-23;688;46;348496;159710;32.2;14.8
35;2021-05-24;3206;1298;351702;161008;32.5;14.9
35;2021-05-25;5541;4278;357243;165286;33.0;15.3
35;2021-05-26;5721;4166;362964;169452;33.5;15.7
35;2021-05-27;6527;4778;369491;174230;34.1;16.1
35;2021-05-28;6330;5573;375821;179803;34.7;16.6
35;2021-05-29;2873;1147;378694;180950;35.0;16.7
35;2021-05-30;878;39;379572;180989;35.1;16.7
35;2021-05-31;6309;4393;385881;185382;35.7;17.1
35;2021-06-01;7365;5124;393246;190506;36.3;17.6
35;2021-06-02;7219;3798;400465;194304;37.0;18.0
35;2021-06-03;8156;4999;408621;199303;37.8;18.4
35;2021-06-04;7274;7468;415895;206771;38.4;19.1
35;2021-06-05;4138;1588;420033;208359;38.8;19.3
35;2021-06-06;3053;147;423086;208506;39.1;19.3
35;2021-06-07;5782;5778;428868;214284;39.6;19.8
35;2021-06-08;7603;5956;436471;220240;40.3;20.4
35;2021-06-09;8461;4818;444932;225058;41.1;20.8
35;2021-06-10;9346;4752;454278;229810;42.0;21.2
35;2021-06-11;8632;7472;462910;237282;42.8;21.9
35;2021-06-12;4684;1209;467594;238491;43.2;22.0
35;2021-06-13;3386;227;470980;238718;43.5;22.1
35;2021-06-14;6231;6519;477211;245237;44.1;22.7
35;2021-06-15;7504;6966;484715;252203;44.8;23.3
35;2021-06-16;8323;5626;493038;257829;45.6;23.8
35;2021-06-17;8898;5912;501936;263741;46.4;24.4
35;2021-06-18;8717;8098;510653;271839;47.2;25.1
35;2021-06-19;1504;2510;512157;274349;47.3;25.4
35;2021-06-20;2953;883;515110;275232;47.6;25.4
35;2021-06-21;5930;6378;521040;281610;48.2;26.0
35;2021-06-22;6841;7500;527881;289110;48.8;26.7
35;2021-06-23;7254;6144;535135;295254;49.5;27.3
35;2021-06-24;8367;5925;543502;301179;50.2;27.8
35;2021-06-25;6627;8481;550129;309660;50.8;28.6
35;2021-06-26;1107;3077;551236;312737;50.9;28.9
35;2021-06-27;2635;1031;553871;313768;51.2;29.0
35;2021-06-28;4298;7761;558169;321529;51.6;29.7
35;2021-06-29;5090;7973;563259;329502;52.1;30.5
35;2021-06-30;5602;7897;568861;337399;52.6;31.2
35;2021-07-01;6588;7551;575449;344950;53.2;31.9
35;2021-07-02;5333;9862;580782;354812;53.7;32.8
35;2021-07-03;1083;2839;581865;357651;53.8;33.1
35;2021-07-04;2149;1554;584014;359205;54.0;33.2
35;2021-07-05;3735;8209;587749;367414;54.3;34.0
35;2021-07-06;4787;9478;592536;376892;54.8;34.8
35;2021-07-07;5060;8323;597596;385215;55.2;35.6
35;2021-07-08;5386;8490;602982;393705;55.7;36.4
35;2021-07-09;3907;11548;606889;405253;56.1;37.5
35;2021-07-10;892;3148;607781;408401;56.2;37.7
35;2021-07-11;1300;2355;609081;410756;56.3;38.0
35;2021-07-12;3121;9145;612202;419901;56.6;38.8
35;2021-07-13;3981;10749;616183;430650;56.9;39.8
35;2021-07-14;2154;4452;618337;435102;57.1;40.2
35;2021-07-15;4293;10181;622630;445283;57.5;41.2
35;2021-07-16;4802;11009;627432;456292;58.0;42.2
35;2021-07-17;1988;4064;629420;460356;58.2;42.5
35;2021-07-18;844;2571;630264;462927;58.2;42.8
35;2021-07-19;3251;8974;633515;471901;58.5;43.6
35;2021-07-20;4242;10592;637757;482493;58.9;44.6
35;2021-07-21;4372;9389;642129;491882;59.3;45.5
35;2021-07-22;4852;9657;646981;501539;59.8;46.3
35;2021-07-23;4564;11012;651545;512551;60.2;47.4
35;2021-07-24;1587;4267;653132;516818;60.4;47.8
35;2021-07-25;815;2846;653947;519664;60.4;48.0
35;2021-07-26;3893;8737;657840;528401;60.8;48.8
35;2021-07-27;5281;9659;663121;538060;61.3;49.7
35;2021-07-28;5318;8673;668439;546733;61.8;50.5
35;2021-07-29;6114;8342;674553;555075;62.3;51.3
35;2021-07-30;5904;9084;680457;564159;62.9;52.1
35;2021-07-31;2322;3655;682779;567814;63.1;52.5
35;2021-08-01;1526;2415;684305;570229;63.2;52.7
35;2021-08-02;4757;6949;689062;577178;63.7;53.3
35;2021-08-03;6712;7582;695774;584760;64.3;54.0
35;2021-08-04;6714;6594;702488;591354;64.9;54.7
35;2021-08-05;6687;6985;709175;598339;65.5;55.3
35;2021-08-06;6067;7322;715242;605661;66.1;56.0
35;2021-08-07;2109;3151;717351;608812;66.3;56.3
35;2021-08-08;1523;2257;718874;611069;66.4;56.5
35;2021-08-09;4617;5535;723491;616604;66.9;57.0
35;2021-08-10;6565;6381;730056;622985;67.5;57.6
35;2021-08-11;6474;5865;736530;628850;68.1;58.1
35;2021-08-12;7013;5586;743543;634436;68.7;58.6
35;2021-08-13;6697;5068;750240;639504;69.3;59.1
35;2021-08-14;3049;1985;753289;641489;69.6;59.3
35;2021-08-15;2471;1261;755760;642750;69.8;59.4
35;2021-08-16;4871;5296;760631;648046;70.3;59.9
35;2021-08-17;6408;6082;767039;654128;70.9;60.5
35;2021-08-18;6487;5633;773526;659761;71.5;61.0
35;2021-08-19;6302;5765;779828;665526;72.1;61.5
35;2021-08-20;5134;6350;784962;671876;72.5;62.1
35;2021-08-21;2384;2634;787346;674510;72.8;62.3
35;2021-08-22;1765;1797;789111;676307;72.9;62.5
35;2021-08-23;3105;6013;792216;682320;73.2;63.1
35;2021-08-24;3503;7221;795719;689541;73.5;63.7
35;2021-08-25;3314;6616;799033;696157;73.8;64.3
35;2021-08-26;2641;6895;801674;703052;74.1;65.0
35;2021-08-27;2784;7261;804458;710313;74.3;65.6
35;2021-08-28;1179;2954;805637;713267;74.5;65.9
35;2021-08-29;517;1760;806154;715027;74.5;66.1
35;2021-08-30;1978;5389;808132;720416;74.7;66.6
35;2021-08-31;2389;6360;810521;726776;74.9;67.2
35;2021-09-01;1924;5760;812445;732536;75.1;67.7
35;2021-09-02;1845;5752;814290;738288;75.3;68.2
35;2021-09-03;2032;6631;816322;744919;75.4;68.8
35;2021-09-04;1134;4009;817456;748928;75.5;69.2
35;2021-09-05;517;2007;817973;750935;75.6;69.4
35;2021-09-06;1139;4592;819112;755527;75.7;69.8
35;2021-09-07;1326;4868;820438;760395;75.8;70.3
35;2021-09-08;1335;5819;821773;766214;75.9;70.8
35;2021-09-09;1263;4845;823036;771059;76.1;71.3
35;2021-09-10;1587;5976;824623;777035;76.2;71.8
35;2021-09-11;625;3798;825248;780833;76.3;72.2
35;2021-09-12;285;2324;825533;783157;76.3;72.4
35;2021-09-13;1325;3834;826858;786991;76.4;72.7
35;2021-09-14;1384;3397;828242;790388;76.5;73.0
35;2021-09-15;1232;4596;829474;794984;76.7;73.5
35;2021-09-16;1130;2851;830604;797835;76.8;73.7
35;2021-09-17;1277;3896;831881;801731;76.9;74.1
35;2021-09-18;518;2877;832399;804608;76.9;74.4
35;2021-09-19;168;1020;832567;805628;76.9;74.5
35;2021-09-20;1154;2650;833721;808278;77.0;74.7
35;2021-09-21;666;1926;834387;810204;77.1;74.9
35;2021-09-22;857;3625;835244;813829;77.2;75.2
35;2021-09-23;565;1532;835809;815361;77.2;75.4
35;2021-09-24;972;3039;836781;818400;77.3;75.6
35;2021-09-25;421;1958;837202;820358;77.4;75.8
35;2021-09-26;16;164;837218;820522;77.4;75.8
35;2021-09-27;518;1626;837736;822148;77.4;76.0
35;2021-09-28;463;1185;838199;823333;77.5;76.1
35;2021-09-29;610;1982;838809;825315;77.5;76.3
35;2021-09-30;352;835;839161;826150;77.6;76.3
35;2021-10-01;809;2165;839970;828315;77.6;76.5
35;2021-10-02;359;1135;840329;829450;77.7;76.7
35;2021-10-03;2;12;840331;829462;77.7;76.7
35;2021-10-04;514;1011;840845;830473;77.7;76.7
35;2021-10-05;433;984;841278;831457;77.7;76.8
35;2021-10-06;604;1331;841882;832788;77.8;77.0
35;2021-10-07;379;980;842261;833768;77.8;77.1
35;2021-10-08;697;2073;842958;835841;77.9;77.2
35;2021-10-09;373;881;843331;836722;77.9;77.3
35;2021-10-10;0;4;843331;836726;77.9;77.3
35;2021-10-11;428;918;843759;837644;78.0;77.4
35;2021-10-12;403;735;844162;838379;78.0;77.5
35;2021-10-13;499;829;844661;839208;78.1;77.6
36;2020-12-27;0;0;0;0;0.0;0.0
36;2020-12-28;0;0;0;0;0.0;0.0
36;2020-12-29;0;0;0;0;0.0;0.0
36;2020-12-30;0;0;0;0;0.0;0.0
36;2020-12-31;0;0;0;0;0.0;0.0
36;2021-01-01;0;0;0;0;0.0;0.0
36;2021-01-02;0;0;0;0;0.0;0.0
36;2021-01-03;0;0;0;0;0.0;0.0
36;2021-01-04;2;0;2;0;0.0;0.0
36;2021-01-05;0;0;2;0;0.0;0.0
36;2021-01-06;24;0;26;0;0.0;0.0
36;2021-01-07;51;0;77;0;0.0;0.0
36;2021-01-08;111;0;188;0;0.1;0.0
36;2021-01-09;84;0;272;0;0.1;0.0
36;2021-01-10;142;0;414;0;0.2;0.0
36;2021-01-11;240;1;654;1;0.3;0.0
36;2021-01-12;282;0;936;1;0.4;0.0
36;2021-01-13;198;1;1134;2;0.5;0.0
36;2021-01-14;506;4;1640;6;0.8;0.0
36;2021-01-15;179;1;1819;7;0.8;0.0
36;2021-01-16;24;1;1843;8;0.8;0.0
36;2021-01-17;19;1;1862;9;0.9;0.0
36;2021-01-18;612;5;2474;14;1.1;0.0
36;2021-01-19;1173;2;3647;16;1.7;0.0
36;2021-01-20;1102;4;4749;20;2.2;0.0
36;2021-01-21;721;1;5470;21;2.5;0.0
36;2021-01-22;858;2;6328;23;2.9;0.0
36;2021-01-23;294;0;6622;23;3.0;0.0
36;2021-01-24;185;1;6807;24;3.1;0.0
36;2021-01-25;640;5;7447;29;3.4;0.0
36;2021-01-26;609;1;8056;30;3.7;0.0
36;2021-01-27;853;20;8909;50;4.1;0.0
36;2021-01-28;478;44;9387;94;4.3;0.0
36;2021-01-29;573;96;9960;190;4.6;0.1
36;2021-01-30;288;71;10248;261;4.7;0.1
36;2021-01-31;115;130;10363;391;4.8;0.2
36;2021-02-01;379;100;10742;491;4.9;0.2
36;2021-02-02;410;175;11152;666;5.1;0.3
36;2021-02-03;473;264;11625;930;5.4;0.4
36;2021-02-04;275;272;11900;1202;5.5;0.6
36;2021-02-05;301;164;12201;1366;5.6;0.6
36;2021-02-06;1;0;12202;1366;5.6;0.6
36;2021-02-07;1;0;12203;1366;5.6;0.6
36;2021-02-08;280;258;12483;1624;5.7;0.7
36;2021-02-09;328;605;12811;2229;5.9;1.0
36;2021-02-10;491;656;13302;2885;6.1;1.3
36;2021-02-11;384;593;13686;3478;6.3;1.6
36;2021-02-12;303;459;13989;3937;6.4;1.8
36;2021-02-13;126;81;14115;4018;6.5;1.9
36;2021-02-14;22;43;14137;4061;6.5;1.9
36;2021-02-15;42;575;14179;4636;6.5;2.1
36;2021-02-16;107;412;14286;5048;6.6;2.3
36;2021-02-17;117;622;14403;5670;6.6;2.6
36;2021-02-18;161;614;14564;6284;6.7;2.9
36;2021-02-19;181;540;14745;6824;6.8;3.1
36;2021-02-20;86;239;14831;7063;6.8;3.3
36;2021-02-21;87;156;14918;7219;6.9;3.3
36;2021-02-22;162;512;15080;7731;6.9;3.6
36;2021-02-23;62;574;15142;8305;7.0;3.8
36;2021-02-24;110;680;15252;8985;7.0;4.1
36;2021-02-25;251;281;15503;9266;7.1;4.3
36;2021-02-26;339;468;15842;9734;7.3;4.5
36;2021-02-27;73;277;15915;10011;7.3;4.6
36;2021-02-28;13;97;15928;10108;7.3;4.7
36;2021-03-01;218;341;16146;10449;7.4;4.8
36;2021-03-02;352;367;16498;10816;7.6;5.0
36;2021-03-03;394;532;16892;11348;7.8;5.2
36;2021-03-04;662;358;17554;11706;8.1;5.4
36;2021-03-05;800;298;18354;12004;8.5;5.5
36;2021-03-06;410;18;18764;12022;8.6;5.5
36;2021-03-07;339;9;19103;12031;8.8;5.5
36;2021-03-08;251;316;19354;12347;8.9;5.7
36;2021-03-09;449;270;19803;12617;9.1;5.8
36;2021-03-10;724;409;20527;13026;9.5;6.0
36;2021-03-11;840;246;21367;13272;9.8;6.1
36;2021-03-12;1446;300;22813;13572;10.5;6.3
36;2021-03-13;576;129;23389;13701;10.8;6.3
36;2021-03-14;113;1;23502;13702;10.8;6.3
36;2021-03-15;648;158;24150;13860;11.1;6.4
36;2021-03-16;445;67;24595;13927;11.3;6.4
36;2021-03-17;766;92;25361;14019;11.7;6.5
36;2021-03-18;414;72;25775;14091;11.9;6.5
36;2021-03-19;737;40;26512;14131;12.2;6.5
36;2021-03-20;450;27;26962;14158;12.4;6.5
36;2021-03-21;0;0;26962;14158;12.4;6.5
36;2021-03-22;497;60;27459;14218;12.6;6.5
36;2021-03-23;777;60;28236;14278;13.0;6.6
36;2021-03-24;1089;78;29325;14356;13.5;6.6
36;2021-03-25;1339;90;30664;14446;14.1;6.7
36;2021-03-26;1418;158;32082;14604;14.8;6.7
36;2021-03-27;475;43;32557;14647;15.0;6.7
36;2021-03-28;68;57;32625;14704;15.0;6.8
36;2021-03-29;462;187;33087;14891;15.2;6.9
36;2021-03-30;583;263;33670;15154;15.5;7.0
36;2021-03-31;1262;172;34932;15326;16.1;7.1
36;2021-04-01;1086;432;36018;15758;16.6;7.3
36;2021-04-02;966;144;36984;15902;17.0;7.3
36;2021-04-03;282;195;37266;16097;17.2;7.4
36;2021-04-04;42;2;37308;16099;17.2;7.4
36;2021-04-05;15;46;37323;16145;17.2;7.4
36;2021-04-06;820;362;38143;16507;17.6;7.6
36;2021-04-07;1072;545;39215;17052;18.1;7.9
36;2021-04-08;1347;482;40562;17534;18.7;8.1
36;2021-04-09;1936;406;42498;17940;19.6;8.3
36;2021-04-10;591;243;43089;18183;19.8;8.4
36;2021-04-11;256;90;43345;18273;20.0;8.4
36;2021-04-12;848;561;44193;18834;20.4;8.7
36;2021-04-13;1140;519;45333;19353;20.9;8.9
36;2021-04-14;1582;866;46915;20219;21.6;9.3
36;2021-04-15;1654;474;48569;20693;22.4;9.5
36;2021-04-16;1486;470;50055;21163;23.1;9.7
36;2021-04-17;893;251;50948;21414;23.5;9.9
36;2021-04-18;383;7;51331;21421;23.6;9.9
36;2021-04-19;874;444;52205;21865;24.0;10.1
36;2021-04-20;1145;524;53350;22389;24.6;10.3
36;2021-04-21;1240;881;54590;23270;25.1;10.7
36;2021-04-22;1593;873;56183;24143;25.9;11.1
36;2021-04-23;1329;618;57512;24761;26.5;11.4
36;2021-04-24;677;380;58189;25141;26.8;11.6
36;2021-04-25;413;95;58602;25236;27.0;11.6
36;2021-04-26;1134;450;59736;25686;27.5;11.8
36;2021-04-27;1278;553;61014;26239;28.1;12.1
36;2021-04-28;1488;1065;62502;27304;28.8;12.6
36;2021-04-29;2016;715;64518;28019;29.7;12.9
36;2021-04-30;1553;458;66071;28477;30.4;13.1
36;2021-05-01;724;64;66795;28541;30.8;13.1
36;2021-05-02;498;64;67293;28605;31.0;13.2
36;2021-05-03;1293;320;68586;28925;31.6;13.3
36;2021-05-04;780;805;69366;29730;31.9;13.7
36;2021-05-05;1282;1306;70648;31036;32.5;14.3
36;2021-05-06;2137;797;72785;31833;33.5;14.7
36;2021-05-07;1469;771;74254;32604;34.2;15.0
36;2021-05-08;306;105;74560;32709;34.3;15.1
36;2021-05-09;174;343;74734;33052;34.4;15.2
36;2021-05-10;1216;818;75950;33870;35.0;15.6
36;2021-05-11;1725;1251;77675;35121;35.8;16.2
36;2021-05-12;1827;1486;79502;36607;36.6;16.9
36;2021-05-13;548;304;80050;36911;36.9;17.0
36;2021-05-14;701;1037;80751;37948;37.2;17.5
36;2021-05-15;635;592;81386;38540;37.5;17.7
36;2021-05-16;337;377;81723;38917;37.6;17.9
36;2021-05-17;615;944;82338;39861;37.9;18.4
36;2021-05-18;874;937;83212;40798;38.3;18.8
36;2021-05-19;1333;845;84545;41643;38.9;19.2
36;2021-05-20;1611;1209;86156;42852;39.7;19.7
36;2021-05-21;1106;1070;87262;43922;40.2;20.2
36;2021-05-22;678;342;87940;44264;40.5;20.4
36;2021-05-23;428;297;88368;44561;40.7;20.5
36;2021-05-24;506;469;88874;45030;40.9;20.7
36;2021-05-25;1045;686;89919;45716;41.4;21.1
36;2021-05-26;1472;1165;91391;46881;42.1;21.6
36;2021-05-27;1398;977;92789;47858;42.7;22.0
36;2021-05-28;921;1480;93710;49338;43.2;22.7
36;2021-05-29;700;507;94410;49845;43.5;23.0
36;2021-05-30;111;572;94521;50417;43.5;23.2
36;2021-05-31;1137;764;95658;51181;44.1;23.6
36;2021-06-01;1413;830;97071;52011;44.7;24.0
36;2021-06-02;2062;614;99133;52625;45.7;24.2
36;2021-06-03;1902;1201;101035;53826;46.5;24.8
36;2021-06-04;1772;1045;102807;54871;47.3;25.3
36;2021-06-05;693;658;103500;55529;47.7;25.6
36;2021-06-06;336;272;103836;55801;47.8;25.7
36;2021-06-07;983;808;104819;56609;48.3;26.1
36;2021-06-08;957;981;105776;57590;48.7;26.5
36;2021-06-09;1675;1071;107451;58661;49.5;27.0
36;2021-06-10;1530;1382;108981;60043;50.2;27.7
36;2021-06-11;1288;1499;110269;61542;50.8;28.3
36;2021-06-12;921;784;111190;62326;51.2;28.7
36;2021-06-13;343;269;111533;62595;51.4;28.8
36;2021-06-14;605;1269;112138;63864;51.6;29.4
36;2021-06-15;733;1215;112871;65079;52.0;30.0
36;2021-06-16;903;1519;113774;66598;52.4;30.7
36;2021-06-17;749;1904;114523;68502;52.7;31.5
36;2021-06-18;706;1879;115229;70381;53.1;32.4
36;2021-06-19;295;395;115524;70776;53.2;32.6
36;2021-06-20;235;327;115759;71103;53.3;32.7
36;2021-06-21;692;1449;116451;72552;53.6;33.4
36;2021-06-22;841;1552;117292;74104;54.0;34.1
36;2021-06-23;774;1791;118066;75895;54.4;35.0
36;2021-06-24;855;1522;118921;77417;54.8;35.7
36;2021-06-25;942;1221;119863;78638;55.2;36.2
36;2021-06-26;324;602;120187;79240;55.4;36.5
36;2021-06-27;105;267;120292;79507;55.4;36.6
36;2021-06-28;696;923;120988;80430;55.7;37.0
36;2021-06-29;688;1459;121676;81889;56.0;37.7
36;2021-06-30;836;2149;122512;84038;56.4;38.7
36;2021-07-01;353;1081;122865;85119;56.6;39.2
36;2021-07-02;749;1843;123614;86962;56.9;40.0
36;2021-07-03;465;885;124079;87847;57.1;40.5
36;2021-07-04;185;326;124264;88173;57.2;40.6
36;2021-07-05;493;1335;124757;89508;57.5;41.2
36;2021-07-06;491;1220;125248;90728;57.7;41.8
36;2021-07-07;586;1791;125834;92519;58.0;42.6
36;2021-07-08;549;1707;126383;94226;58.2;43.4
36;2021-07-09;786;1654;127169;95880;58.6;44.2
36;2021-07-10;469;1119;127638;96999;58.8;44.7
36;2021-07-11;257;154;127895;97153;58.9;44.7
36;2021-07-12;332;1628;128227;98781;59.1;45.5
36;2021-07-13;311;1936;128538;100717;59.2;46.4
36;2021-07-14;376;763;128914;101480;59.4;46.7
36;2021-07-15;917;2164;129831;103644;59.8;47.7
36;2021-07-16;628;1873;130459;105517;60.1;48.6
36;2021-07-17;400;859;130859;106376;60.3;49.0
36;2021-07-18;199;408;131058;106784;60.4;49.2
36;2021-07-19;552;1456;131610;108240;60.6;49.8
36;2021-07-20;776;1407;132386;109647;61.0;50.5
36;2021-07-21;713;1984;133099;111631;61.3;51.4
36;2021-07-22;1138;1686;134237;113317;61.8;52.2
36;2021-07-23;968;1746;135205;115063;62.3;53.0
36;2021-07-24;605;801;135810;115864;62.5;53.4
36;2021-07-25;148;404;135958;116268;62.6;53.5
36;2021-07-26;948;1086;136906;117354;63.0;54.0
36;2021-07-27;816;1355;137722;118709;63.4;54.7
36;2021-07-28;1385;1402;139107;120111;64.1;55.3
36;2021-07-29;1708;1310;140815;121421;64.9;55.9
36;2021-07-30;1445;1322;142260;122743;65.5;56.5
36;2021-07-31;933;537;143193;123280;65.9;56.8
36;2021-08-01;210;239;143403;123519;66.0;56.9
36;2021-08-02;1116;892;144519;124411;66.6;57.3
36;2021-08-03;1271;999;145790;125410;67.1;57.8
36;2021-08-04;1695;940;147485;126350;67.9;58.2
36;2021-08-05;1824;910;149309;127260;68.8;58.6
36;2021-08-06;1418;877;150727;128137;69.4;59.0
36;2021-08-07;541;527;151268;128664;69.7;59.3
36;2021-08-08;292;153;151560;128817;69.8;59.3
36;2021-08-09;817;846;152377;129663;70.2;59.7
36;2021-08-10;1067;1012;153444;130675;70.7;60.2
36;2021-08-11;1356;858;154800;131533;71.3;60.6
36;2021-08-12;1161;854;155961;132387;71.8;61.0
36;2021-08-13;1193;778;157154;133165;72.4;61.3
36;2021-08-14;426;836;157580;134001;72.6;61.7
36;2021-08-15;365;113;157945;134114;72.7;61.8
36;2021-08-16;606;954;158551;135068;73.0;62.2
36;2021-08-17;766;1002;159317;136070;73.4;62.7
36;2021-08-18;1039;1164;160356;137234;73.8;63.2
36;2021-08-19;840;1178;161196;138412;74.2;63.7
36;2021-08-20;489;1481;161685;139893;74.5;64.4
36;2021-08-21;309;468;161994;140361;74.6;64.6
36;2021-08-22;27;65;162021;140426;74.6;64.7
36;2021-08-23;551;1179;162572;141605;74.9;65.2
36;2021-08-24;589;1204;163161;142809;75.1;65.8
36;2021-08-25;466;1094;163627;143903;75.4;66.3
36;2021-08-26;666;1480;164293;145383;75.7;67.0
36;2021-08-27;529;1409;164822;146792;75.9;67.6
36;2021-08-28;368;580;165190;147372;76.1;67.9
36;2021-08-29;222;241;165412;147613;76.2;68.0
36;2021-08-30;246;726;165658;148339;76.3;68.3
36;2021-08-31;387;833;166045;149172;76.5;68.7
36;2021-09-01;388;1060;166433;150232;76.6;69.2
36;2021-09-02;324;910;166757;151142;76.8;69.6
36;2021-09-03;297;1362;167054;152504;76.9;70.2
36;2021-09-04;248;781;167302;153285;77.0;70.6
36;2021-09-05;119;327;167421;153612;77.1;70.7
36;2021-09-06;150;872;167571;154484;77.2;71.1
36;2021-09-07;192;690;167763;155174;77.3;71.5
36;2021-09-08;236;1121;167999;156295;77.4;72.0
36;2021-09-09;293;834;168292;157129;77.5;72.4
36;2021-09-10;270;951;168562;158080;77.6;72.8
36;2021-09-11;165;724;168727;158804;77.7;73.1
36;2021-09-12;82;190;168809;158994;77.7;73.2
36;2021-09-13;168;550;168977;159544;77.8;73.5
36;2021-09-14;170;439;169147;159983;77.9;73.7
36;2021-09-15;303;569;169450;160552;78.0;73.9
36;2021-09-16;252;670;169702;161222;78.2;74.2
36;2021-09-17;256;567;169958;161789;78.3;74.5
36;2021-09-18;123;427;170081;162216;78.3;74.7
36;2021-09-19;43;214;170124;162430;78.3;74.8
36;2021-09-20;131;325;170255;162755;78.4;75.0
36;2021-09-21;132;300;170387;163055;78.5;75.1
36;2021-09-22;119;674;170506;163729;78.5;75.4
36;2021-09-23;135;438;170641;164167;78.6;75.6
36;2021-09-24;128;497;170769;164664;78.6;75.8
36;2021-09-25;119;502;170888;165166;78.7;76.1
36;2021-09-26;15;318;170903;165484;78.7;76.2
36;2021-09-27;66;224;170969;165708;78.7;76.3
36;2021-09-28;69;233;171038;165941;78.8;76.4
36;2021-09-29;107;387;171145;166328;78.8;76.6
36;2021-09-30;110;252;171255;166580;78.9;76.7
36;2021-10-01;163;308;171418;166888;78.9;76.9
36;2021-10-02;43;183;171461;167071;79.0;76.9
36;2021-10-03;4;23;171465;167094;79.0;77.0
36;2021-10-04;54;195;171519;167289;79.0;77.0
36;2021-10-05;115;163;171634;167452;79.0;77.1
36;2021-10-06;99;293;171733;167745;79.1;77.3
36;2021-10-07;84;204;171817;167949;79.1;77.3
36;2021-10-08;130;269;171947;168218;79.2;77.5
36;2021-10-09;83;208;172030;168426;79.2;77.6
36;2021-10-10;4;11;172034;168437;79.2;77.6
36;2021-10-11;86;140;172120;168577;79.3;77.6
36;2021-10-12;78;94;172198;168671;79.3;77.7
36;2021-10-13;149;250;172347;168921;79.4;77.8
37;2020-12-27;1;0;1;0;0.0;0.0
37;2020-12-28;17;0;18;0;0.0;0.0
37;2020-12-29;10;0;28;0;0.0;0.0
37;2020-12-30;0;0;28;0;0.0;0.0
37;2020-12-31;0;0;28;0;0.0;0.0
37;2021-01-01;0;0;28;0;0.0;0.0
37;2021-01-02;0;0;28;0;0.0;0.0
37;2021-01-03;2;0;30;0;0.0;0.0
37;2021-01-04;23;0;53;0;0.0;0.0
37;2021-01-05;47;0;100;0;0.0;0.0
37;2021-01-06;79;0;179;0;0.0;0.0
37;2021-01-07;116;1;295;1;0.0;0.0
37;2021-01-08;442;1;737;2;0.1;0.0
37;2021-01-09;80;2;817;4;0.1;0.0
37;2021-01-10;83;0;900;4;0.1;0.0
37;2021-01-11;281;0;1181;4;0.2;0.0
37;2021-01-12;658;5;1839;9;0.3;0.0
37;2021-01-13;561;1;2400;10;0.4;0.0
37;2021-01-14;526;4;2926;14;0.5;0.0
37;2021-01-15;628;1;3554;15;0.6;0.0
37;2021-01-16;304;2;3858;17;0.6;0.0
37;2021-01-17;263;1;4121;18;0.7;0.0
37;2021-01-18;733;9;4854;27;0.8;0.0
37;2021-01-19;1244;11;6098;38;1.0;0.0
37;2021-01-20;1039;5;7137;43;1.2;0.0
37;2021-01-21;858;1;7995;44;1.3;0.0
37;2021-01-22;767;2;8762;46;1.4;0.0
37;2021-01-23;173;0;8935;46;1.5;0.0
37;2021-01-24;2;0;8937;46;1.5;0.0
37;2021-01-25;543;17;9480;63;1.6;0.0
37;2021-01-26;1814;69;11294;132;1.9;0.0
37;2021-01-27;1523;77;12817;209;2.1;0.0
37;2021-01-28;1535;95;14352;304;2.4;0.1
37;2021-01-29;634;310;14986;614;2.5;0.1
37;2021-01-30;204;61;15190;675;2.5;0.1
37;2021-01-31;15;64;15205;739;2.5;0.1
37;2021-02-01;333;198;15538;937;2.6;0.2
37;2021-02-02;522;526;16060;1463;2.7;0.2
37;2021-02-03;659;349;16719;1812;2.8;0.3
37;2021-02-04;549;408;17268;2220;2.9;0.4
37;2021-02-05;468;443;17736;2663;2.9;0.4
37;2021-02-06;191;2;17927;2665;3.0;0.4
37;2021-02-07;21;1;17948;2666;3.0;0.4
37;2021-02-08;333;323;18281;2989;3.0;0.5
37;2021-02-09;627;709;18908;3698;3.1;0.6
37;2021-02-10;664;509;19572;4207;3.2;0.7
37;2021-02-11;613;562;20185;4769;3.3;0.8
37;2021-02-12;489;552;20674;5321;3.4;0.9
37;2021-02-13;158;204;20832;5525;3.4;0.9
37;2021-02-14;2;72;20834;5597;3.4;0.9
37;2021-02-15;427;480;21261;6077;3.5;1.0
37;2021-02-16;841;1444;22102;7521;3.7;1.2
37;2021-02-17;634;1371;22736;8892;3.8;1.5
37;2021-02-18;914;1417;23650;10309;3.9;1.7
37;2021-02-19;797;836;24447;11145;4.0;1.8
37;2021-02-20;245;209;24692;11354;4.1;1.9
37;2021-02-21;5;1;24697;11355;4.1;1.9
37;2021-02-22;335;581;25032;11936;4.1;2.0
37;2021-02-23;604;632;25636;12568;4.2;2.1
37;2021-02-24;573;623;26209;13191;4.3;2.2
37;2021-02-25;875;613;27084;13804;4.5;2.3
37;2021-02-26;1118;577;28202;14381;4.7;2.4
37;2021-02-27;585;188;28787;14569;4.8;2.4
37;2021-02-28;23;0;28810;14569;4.8;2.4
37;2021-03-01;603;361;29413;14930;4.9;2.5
37;2021-03-02;1090;544;30503;15474;5.0;2.6
37;2021-03-03;973;549;31476;16023;5.2;2.6
37;2021-03-04;1608;485;33084;16508;5.5;2.7
37;2021-03-05;2132;568;35216;17076;5.8;2.8
37;2021-03-06;1165;216;36381;17292;6.0;2.9
37;2021-03-07;472;68;36853;17360;6.1;2.9
37;2021-03-08;670;401;37523;17761;6.2;2.9
37;2021-03-09;1654;704;39177;18465;6.5;3.1
37;2021-03-10;1609;755;40786;19220;6.7;3.2
37;2021-03-11;2051;707;42837;19927;7.1;3.3
37;2021-03-12;3209;481;46046;20408;7.6;3.4
37;2021-03-13;1948;192;47994;20600;7.9;3.4
37;2021-03-14;207;4;48201;20604;8.0;3.4
37;2021-03-15;1071;252;49272;20856;8.1;3.4
37;2021-03-16;1050;535;50322;21391;8.3;3.5
37;2021-03-17;937;282;51259;21673;8.5;3.6
37;2021-03-18;1037;528;52296;22201;8.6;3.7
37;2021-03-19;2218;345;54514;22546;9.0;3.7
37;2021-03-20;1336;145;55850;22691;9.2;3.7
37;2021-03-21;205;4;56055;22695;9.3;3.7
37;2021-03-22;1288;245;57343;22940;9.5;3.8
37;2021-03-23;2257;573;59600;23513;9.8;3.9
37;2021-03-24;2245;469;61845;23982;10.2;4.0
37;2021-03-25;2985;449;64830;24431;10.7;4.0
37;2021-03-26;3525;413;68355;24844;11.3;4.1
37;2021-03-27;1176;129;69531;24973;11.5;4.1
37;2021-03-28;139;1;69670;24974;11.5;4.1
37;2021-03-29;1606;350;71276;25324;11.8;4.2
37;2021-03-30;2525;629;73801;25953;12.2;4.3
37;2021-03-31;2050;485;75851;26438;12.5;4.4
37;2021-04-01;2600;972;78451;27410;13.0;4.5
37;2021-04-02;2808;672;81259;28082;13.4;4.6
37;2021-04-03;818;226;82077;28308;13.6;4.7
37;2021-04-04;104;1;82181;28309;13.6;4.7
37;2021-04-05;4;0;82185;28309;13.6;4.7
37;2021-04-06;2243;785;84428;29094;13.9;4.8
37;2021-04-07;3173;881;87601;29975;14.5;5.0
37;2021-04-08;4045;971;91646;30946;15.1;5.1
37;2021-04-09;4544;960;96190;31906;15.9;5.3
37;2021-04-10;1330;438;97520;32344;16.1;5.3
37;2021-04-11;104;1;97624;32345;16.1;5.3
37;2021-04-12;2642;680;100266;33025;16.6;5.5
37;2021-04-13;4114;1168;104380;34193;17.2;5.6
37;2021-04-14;3043;896;107423;35089;17.7;5.8
37;2021-04-15;3757;1023;111180;36112;18.4;6.0
37;2021-04-16;4359;1231;115539;37343;19.1;6.2
37;2021-04-17;1147;228;116686;37571;19.3;6.2
37;2021-04-18;98;3;116784;37574;19.3;6.2
37;2021-04-19;2481;852;119265;38426;19.7;6.3
37;2021-04-20;3233;1340;122498;39766;20.2;6.6
37;2021-04-21;2928;1163;125426;40929;20.7;6.8
37;2021-04-22;3456;1405;128882;42334;21.3;7.0
37;2021-04-23;3694;1819;132576;44153;21.9;7.3
37;2021-04-24;1007;387;133583;44540;22.1;7.4
37;2021-04-25;46;2;133629;44542;22.1;7.4
37;2021-04-26;2971;1350;136600;45892;22.6;7.6
37;2021-04-27;4186;1817;140786;47709;23.3;7.9
37;2021-04-28;3466;1957;144252;49666;23.8;8.2
37;2021-04-29;4585;2027;148837;51693;24.6;8.5
37;2021-04-30;5056;1995;153893;53688;25.4;8.9
37;2021-05-01;638;214;154531;53902;25.5;8.9
37;2021-05-02;104;15;154635;53917;25.5;8.9
37;2021-05-03;2672;1960;157307;55877;26.0;9.2
37;2021-05-04;3731;2721;161038;58598;26.6;9.7
37;2021-05-05;3498;2091;164536;60689;27.2;10.0
37;2021-05-06;4992;1954;169528;62643;28.0;10.3
37;2021-05-07;4685;2887;174213;65530;28.8;10.8
37;2021-05-08;538;312;174751;65842;28.9;10.9
37;2021-05-09;63;41;174814;65883;28.9;10.9
37;2021-05-10;2161;3486;176975;69369;29.2;11.5
37;2021-05-11;3868;3882;180843;73251;29.9;12.1
37;2021-05-12;4041;2547;184884;75798;30.5;12.5
37;2021-05-13;1139;517;186023;76315;30.7;12.6
37;2021-05-14;4046;2680;190069;78995;31.4;13.0
37;2021-05-15;2322;744;192391;79739;31.8;13.2
37;2021-05-16;22;70;192413;79809;31.8;13.2
37;2021-05-17;2765;2046;195178;81855;32.2;13.5
37;2021-05-18;3876;2363;199054;84218;32.9;13.9
37;2021-05-19;3495;1808;202549;86026;33.5;14.2
37;2021-05-20;4751;1778;207300;87804;34.2;14.5
37;2021-05-21;4525;2572;211825;90376;35.0;14.9
37;2021-05-22;1078;752;212903;91128;35.2;15.1
37;2021-05-23;73;89;212976;91217;35.2;15.1
37;2021-05-24;513;107;213489;91324;35.3;15.1
37;2021-05-25;5123;2176;218612;93500;36.1;15.4
37;2021-05-26;4930;2101;223542;95601;36.9;15.8
37;2021-05-27;5983;2367;229525;97968;37.9;16.2
37;2021-05-28;6019;3268;235544;101236;38.9;16.7
37;2021-05-29;1520;1167;237064;102403;39.2;16.9
37;2021-05-30;55;160;237119;102563;39.2;16.9
37;2021-05-31;3647;2529;240766;105092;39.8;17.4
37;2021-06-01;5841;3624;246607;108716;40.7;18.0
37;2021-06-02;5079;2459;251686;111175;41.6;18.4
37;2021-06-03;6086;2884;257772;114059;42.6;18.8
37;2021-06-04;5510;4209;263282;118268;43.5;19.5
37;2021-06-05;1853;1306;265135;119574;43.8;19.8
37;2021-06-06;49;197;265184;119771;43.8;19.8
37;2021-06-07;3021;4168;268205;123939;44.3;20.5
37;2021-06-08;4201;4658;272406;128597;45.0;21.2
37;2021-06-09;3883;3573;276289;132170;45.6;21.8
37;2021-06-10;5271;3622;281560;135792;46.5;22.4
37;2021-06-11;4972;4839;286532;140631;47.3;23.2
37;2021-06-12;3552;1349;290084;141980;47.9;23.5
37;2021-06-13;15;164;290099;142144;47.9;23.5
37;2021-06-14;2666;4039;292765;146183;48.4;24.1
37;2021-06-15;3898;4780;296663;150963;49.0;24.9
37;2021-06-16;3261;3602;299924;154565;49.5;25.5
37;2021-06-17;4013;4497;303937;159062;50.2;26.3
37;2021-06-18;4704;5075;308641;164137;51.0;27.1
37;2021-06-19;2519;1101;311160;165238;51.4;27.3
37;2021-06-20;10;183;311170;165421;51.4;27.3
37;2021-06-21;2418;3827;313588;169248;51.8;28.0
37;2021-06-22;2968;5008;316556;174256;52.3;28.8
37;2021-06-23;2625;3644;319181;177900;52.7;29.4
37;2021-06-24;2873;3544;322054;181444;53.2;30.0
37;2021-06-25;3308;4882;325362;186326;53.7;30.8
37;2021-06-26;1238;3086;326600;189412;53.9;31.3
37;2021-06-27;23;142;326623;189554;54.0;31.3
37;2021-06-28;1703;4510;328326;194064;54.2;32.1
37;2021-06-29;1904;6225;330230;200289;54.5;33.1
37;2021-06-30;1870;4443;332100;204732;54.9;33.8
37;2021-07-01;2124;4795;334224;209527;55.2;34.6
37;2021-07-02;2681;5595;336905;215122;55.7;35.5
37;2021-07-03;944;2138;337849;217260;55.8;35.9
37;2021-07-04;5;105;337854;217365;55.8;35.9
37;2021-07-05;1709;5137;339563;222502;56.1;36.8
37;2021-07-06;2003;6760;341566;229262;56.4;37.9
37;2021-07-07;1944;5466;343510;234728;56.7;38.8
37;2021-07-08;2465;6662;345975;241390;57.2;39.9
37;2021-07-09;1986;7646;347961;249036;57.5;41.1
37;2021-07-10;1016;2619;348977;251655;57.6;41.6
37;2021-07-11;26;96;349003;251751;57.7;41.6
37;2021-07-12;1130;5984;350133;257735;57.8;42.6
37;2021-07-13;1614;7817;351747;265552;58.1;43.9
37;2021-07-14;525;408;352272;265960;58.2;43.9
37;2021-07-15;2625;7502;354897;273462;58.6;45.2
37;2021-07-16;2757;7804;357654;281266;59.1;46.5
37;2021-07-17;1202;2447;358856;283713;59.3;46.9
37;2021-07-18;50;53;358906;283766;59.3;46.9
37;2021-07-19;1652;6127;360558;289893;59.6;47.9
37;2021-07-20;2906;7065;363464;296958;60.0;49.1
37;2021-07-21;2981;5785;366445;302743;60.5;50.0
37;2021-07-22;4057;6533;370502;309276;61.2;51.1
37;2021-07-23;3808;7109;374310;316385;61.8;52.3
37;2021-07-24;1775;3308;376085;319693;62.1;52.8
37;2021-07-25;66;77;376151;319770;62.1;52.8
37;2021-07-26;3236;4322;379387;324092;62.7;53.5
37;2021-07-27;4429;4963;383816;329055;63.4;54.4
37;2021-07-28;4136;3664;387952;332719;64.1;55.0
37;2021-07-29;5086;4195;393038;336914;64.9;55.7
37;2021-07-30;5247;4939;398285;341853;65.8;56.5
37;2021-07-31;1921;1846;400206;343699;66.1;56.8
37;2021-08-01;31;52;400237;343751;66.1;56.8
37;2021-08-02;3293;3296;403530;347047;66.7;57.3
37;2021-08-03;5262;3146;408792;350193;67.5;57.8
37;2021-08-04;4559;1931;413351;352124;68.3;58.2
37;2021-08-05;4788;2599;418139;354723;69.1;58.6
37;2021-08-06;4852;3307;422991;358030;69.9;59.1
37;2021-08-07;1626;1125;424617;359155;70.1;59.3
37;2021-08-08;34;177;424651;359332;70.1;59.4
37;2021-08-09;2435;2258;427086;361590;70.5;59.7
37;2021-08-10;3027;2639;430113;364229;71.0;60.2
37;2021-08-11;2099;2108;432212;366337;71.4;60.5
37;2021-08-12;2613;2692;434825;369029;71.8;61.0
37;2021-08-13;2485;2777;437310;371806;72.2;61.4
37;2021-08-14;756;814;438066;372620;72.4;61.6
37;2021-08-15;12;57;438078;372677;72.4;61.6
37;2021-08-16;1466;3160;439544;375837;72.6;62.1
37;2021-08-17;1797;3974;441341;379811;72.9;62.7
37;2021-08-18;1399;3141;442740;382952;73.1;63.3
37;2021-08-19;1598;3842;444338;386794;73.4;63.9
37;2021-08-20;1598;4554;445936;391348;73.7;64.6
37;2021-08-21;610;1201;446546;392549;73.8;64.8
37;2021-08-22;3;31;446549;392580;73.8;64.8
37;2021-08-23;1291;3985;447840;396565;74.0;65.5
37;2021-08-24;1541;4852;449381;401417;74.2;66.3
37;2021-08-25;1055;4222;450436;405639;74.4;67.0
37;2021-08-26;1279;4513;451715;410152;74.6;67.8
37;2021-08-27;1456;5663;453171;415815;74.9;68.7
37;2021-08-28;408;1462;453579;417277;74.9;68.9
37;2021-08-29;1;18;453580;417295;74.9;68.9
37;2021-08-30;1076;3879;454656;421174;75.1;69.6
37;2021-08-31;1280;3715;455936;424889;75.3;70.2
37;2021-09-01;977;2494;456913;427383;75.5;70.6
37;2021-09-02;896;2529;457809;429912;75.6;71.0
37;2021-09-03;1046;3567;458855;433479;75.8;71.6
37;2021-09-04;667;1323;459522;434802;75.9;71.8
37;2021-09-05;1;28;459523;434830;75.9;71.8
37;2021-09-06;377;1091;459900;435921;76.0;72.0
37;2021-09-07;536;1299;460436;437220;76.1;72.2
37;2021-09-08;820;1870;461256;439090;76.2;72.5
37;2021-09-09;556;1272;461812;440362;76.3;72.7
37;2021-09-10;817;1610;462629;441972;76.4;73.0
37;2021-09-11;403;939;463032;442911;76.5;73.2
37;2021-09-12;15;15;463047;442926;76.5;73.2
37;2021-09-13;449;1058;463496;443984;76.6;73.3
37;2021-09-14;509;1089;464005;445073;76.6;73.5
37;2021-09-15;625;1478;464630;446551;76.8;73.8
37;2021-09-16;354;770;464984;447321;76.8;73.9
37;2021-09-17;636;1473;465620;448794;76.9;74.1
37;2021-09-18;306;841;465926;449635;77.0;74.3
37;2021-09-19;16;42;465942;449677;77.0;74.3
37;2021-09-20;271;681;466213;450358;77.0;74.4
37;2021-09-21;441;1324;466654;451682;77.1;74.6
37;2021-09-22;428;1289;467082;452971;77.2;74.8
37;2021-09-23;427;1047;467509;454018;77.2;75.0
37;2021-09-24;502;1406;468011;455424;77.3;75.2
37;2021-09-25;231;769;468242;456193;77.3;75.4
37;2021-09-26;1;22;468243;456215;77.3;75.4
37;2021-09-27;289;692;468532;456907;77.4;75.5
37;2021-09-28;396;661;468928;457568;77.5;75.6
37;2021-09-29;368;940;469296;458508;77.5;75.7
37;2021-09-30;372;496;469668;459004;77.6;75.8
37;2021-10-01;438;804;470106;459808;77.7;76.0
37;2021-10-02;223;561;470329;460369;77.7;76.0
37;2021-10-03;19;23;470348;460392;77.7;76.1
37;2021-10-04;259;521;470607;460913;77.7;76.1
37;2021-10-05;323;433;470930;461346;77.8;76.2
37;2021-10-06;371;699;471301;462045;77.9;76.3
37;2021-10-07;283;415;471584;462460;77.9;76.4
37;2021-10-08;392;645;471976;463105;78.0;76.5
37;2021-10-09;205;487;472181;463592;78.0;76.6
37;2021-10-10;3;7;472184;463599;78.0;76.6
37;2021-10-11;214;344;472398;463943;78.0;76.6
37;2021-10-12;242;461;472640;464404;78.1;76.7
37;2021-10-13;288;504;472928;464908;78.1;76.8
38;2020-12-27;1;0;1;0;0.0;0.0
38;2020-12-28;1;0;2;0;0.0;0.0
38;2020-12-29;0;0;2;0;0.0;0.0
38;2020-12-30;2;0;4;0;0.0;0.0
38;2020-12-31;5;0;9;0;0.0;0.0
38;2021-01-01;4;0;13;0;0.0;0.0
38;2021-01-02;1;0;14;0;0.0;0.0
38;2021-01-03;3;0;17;0;0.0;0.0
38;2021-01-04;163;0;180;0;0.0;0.0
38;2021-01-05;258;1;438;1;0.0;0.0
38;2021-01-06;364;0;802;1;0.1;0.0
38;2021-01-07;636;1;1438;2;0.1;0.0
38;2021-01-08;695;0;2133;2;0.2;0.0
38;2021-01-09;30;0;2163;2;0.2;0.0
38;2021-01-10;2;0;2165;2;0.2;0.0
38;2021-01-11;801;2;2966;4;0.2;0.0
38;2021-01-12;1471;5;4437;9;0.4;0.0
38;2021-01-13;1084;5;5521;14;0.4;0.0
38;2021-01-14;1683;15;7204;29;0.6;0.0
38;2021-01-15;1675;9;8879;38;0.7;0.0
38;2021-01-16;307;2;9186;40;0.7;0.0
38;2021-01-17;3;0;9189;40;0.7;0.0
38;2021-01-18;1179;6;10368;46;0.8;0.0
38;2021-01-19;2242;6;12610;52;1.0;0.0
38;2021-01-20;1889;10;14499;62;1.1;0.0
38;2021-01-21;1644;13;16143;75;1.3;0.0
38;2021-01-22;1401;9;17544;84;1.4;0.0
38;2021-01-23;379;3;17923;87;1.4;0.0
38;2021-01-24;1;0;17924;87;1.4;0.0
38;2021-01-25;795;107;18719;194;1.5;0.0
38;2021-01-26;855;183;19574;377;1.5;0.0
38;2021-01-27;1094;278;20668;655;1.6;0.1
38;2021-01-28;1175;480;21843;1135;1.7;0.1
38;2021-01-29;954;376;22797;1511;1.8;0.1
38;2021-01-30;304;0;23101;1511;1.8;0.1
38;2021-01-31;0;0;23101;1511;1.8;0.1
38;2021-02-01;703;598;23804;2109;1.9;0.2
38;2021-02-02;964;954;24768;3063;2.0;0.2
38;2021-02-03;1230;700;25998;3763;2.1;0.3
38;2021-02-04;1278;971;27276;4734;2.2;0.4
38;2021-02-05;1400;845;28676;5579;2.3;0.4
38;2021-02-06;188;95;28864;5674;2.3;0.4
38;2021-02-07;3;48;28867;5722;2.3;0.5
38;2021-02-08;862;791;29729;6513;2.4;0.5
38;2021-02-09;1537;1309;31266;7822;2.5;0.6
38;2021-02-10;1581;1284;32847;9106;2.6;0.7
38;2021-02-11;1871;1156;34718;10262;2.7;0.8
38;2021-02-12;1510;1125;36228;11387;2.9;0.9
38;2021-02-13;467;191;36695;11578;2.9;0.9
38;2021-02-14;1;7;36696;11585;2.9;0.9
38;2021-02-15;976;940;37672;12525;3.0;1.0
38;2021-02-16;1379;975;39051;13500;3.1;1.1
38;2021-02-17;1376;1060;40427;14560;3.2;1.2
38;2021-02-18;1791;1062;42218;15622;3.3;1.2
38;2021-02-19;1256;869;43474;16491;3.4;1.3
38;2021-02-20;470;316;43944;16807;3.5;1.3
38;2021-02-21;1;1;43945;16808;3.5;1.3
38;2021-02-22;1075;903;45020;17711;3.6;1.4
38;2021-02-23;1543;952;46563;18663;3.7;1.5
38;2021-02-24;1743;1143;48306;19806;3.8;1.6
38;2021-02-25;2501;1058;50807;20864;4.0;1.6
38;2021-02-26;3312;1000;54119;21864;4.3;1.7
38;2021-02-27;1511;442;55630;22306;4.4;1.8
38;2021-02-28;33;2;55663;22308;4.4;1.8
38;2021-03-01;2512;799;58175;23107;4.6;1.8
38;2021-03-02;4048;1070;62223;24177;4.9;1.9
38;2021-03-03;3367;1263;65590;25440;5.2;2.0
38;2021-03-04;4489;1403;70079;26843;5.5;2.1
38;2021-03-05;5233;1230;75312;28073;6.0;2.2
38;2021-03-06;3044;276;78356;28349;6.2;2.2
38;2021-03-07;115;2;78471;28351;6.2;2.2
38;2021-03-08;2440;910;80911;29261;6.4;2.3
38;2021-03-09;4030;1329;84941;30590;6.7;2.4
38;2021-03-10;3507;1102;88448;31692;7.0;2.5
38;2021-03-11;5142;1552;93590;33244;7.4;2.6
38;2021-03-12;7094;1202;100684;34446;8.0;2.7
38;2021-03-13;3772;236;104456;34682;8.3;2.7
38;2021-03-14;544;15;105000;34697;8.3;2.7
38;2021-03-15;2702;1020;107702;35717;8.5;2.8
38;2021-03-16;2081;1358;109783;37075;8.7;2.9
38;2021-03-17;2025;1214;111808;38289;8.8;3.0
38;2021-03-18;2641;1378;114449;39667;9.0;3.1
38;2021-03-19;4008;1076;118457;40743;9.4;3.2
38;2021-03-20;1826;252;120283;40995;9.5;3.2
38;2021-03-21;132;8;120415;41003;9.5;3.2
38;2021-03-22;2865;1012;123280;42015;9.7;3.3
38;2021-03-23;4780;1502;128060;43517;10.1;3.4
38;2021-03-24;3707;1587;131767;45104;10.4;3.6
38;2021-03-25;5791;1560;137558;46664;10.9;3.7
38;2021-03-26;6599;1756;144157;48420;11.4;3.8
38;2021-03-27;2513;765;146670;49185;11.6;3.9
38;2021-03-28;926;48;147596;49233;11.7;3.9
38;2021-03-29;2679;1852;150275;51085;11.9;4.0
38;2021-03-30;4564;2554;154839;53639;12.2;4.2
38;2021-03-31;3665;2233;158504;55872;12.5;4.4
38;2021-04-01;5137;2539;163641;58411;12.9;4.6
38;2021-04-02;3874;2540;167515;60951;13.2;4.8
38;2021-04-03;1418;945;168933;61896;13.4;4.9
38;2021-04-04;430;46;169363;61942;13.4;4.9
38;2021-04-05;2178;354;171541;62296;13.6;4.9
38;2021-04-06;4346;2411;175887;64707;13.9;5.1
38;2021-04-07;4415;2751;180302;67458;14.3;5.3
38;2021-04-08;5652;2680;185954;70138;14.7;5.5
38;2021-04-09;8563;2747;194517;72885;15.4;5.8
38;2021-04-10;3597;1499;198114;74384;15.7;5.9
38;2021-04-11;1049;112;199163;74496;15.7;5.9
38;2021-04-12;4203;2260;203366;76756;16.1;6.1
38;2021-04-13;6123;2479;209489;79235;16.6;6.3
38;2021-04-14;5118;2467;214607;81702;17.0;6.5
38;2021-04-15;6361;2776;220968;84478;17.5;6.7
38;2021-04-16;6214;2729;227182;87207;18.0;6.9
38;2021-04-17;2588;997;229770;88204;18.2;7.0
38;2021-04-18;1331;72;231101;88276;18.3;7.0
38;2021-04-19;3949;2842;235050;91118;18.6;7.2
38;2021-04-20;5425;2862;240475;93980;19.0;7.4
38;2021-04-21;4976;2712;245451;96692;19.4;7.6
38;2021-04-22;5790;2841;251241;99533;19.9;7.9
38;2021-04-23;6042;2830;257283;102363;20.3;8.1
38;2021-04-24;2665;1351;259948;103714;20.5;8.2
38;2021-04-25;805;592;260753;104306;20.6;8.2
38;2021-04-26;4487;2483;265240;106789;21.0;8.4
38;2021-04-27;6040;2741;271280;109530;21.4;8.7
38;2021-04-28;6197;2512;277477;112042;21.9;8.9
38;2021-04-29;8332;3079;285809;115121;22.6;9.1
38;2021-04-30;7673;4068;293482;119189;23.2;9.4
38;2021-05-01;1546;204;295028;119393;23.3;9.4
38;2021-05-02;847;74;295875;119467;23.4;9.4
38;2021-05-03;5299;3592;301174;123059;23.8;9.7
38;2021-05-04;6203;5091;307377;128150;24.3;10.1
38;2021-05-05;6067;4612;313444;132762;24.8;10.5
38;2021-05-06;6709;5339;320153;138101;25.3;10.9
38;2021-05-07;7284;6448;327437;144549;25.9;11.4
38;2021-05-08;3777;724;331214;145273;26.2;11.5
38;2021-05-09;2853;1932;334067;147205;26.4;11.6
38;2021-05-10;6157;5311;340224;152516;26.9;12.1
38;2021-05-11;8226;6028;348450;158544;27.5;12.5
38;2021-05-12;9045;4710;357495;163254;28.3;12.9
38;2021-05-13;6635;1417;364130;164671;28.8;13.0
38;2021-05-14;9566;3425;373696;168096;29.5;13.3
38;2021-05-15;6864;1452;380560;169548;30.1;13.4
38;2021-05-16;5474;650;386034;170198;30.5;13.5
38;2021-05-17;7672;3008;393706;173206;31.1;13.7
38;2021-05-18;8622;4035;402328;177241;31.8;14.0
38;2021-05-19;8158;3348;410486;180589;32.5;14.3
38;2021-05-20;8978;4496;419464;185085;33.2;14.6
38;2021-05-21;9960;4586;429424;189671;33.9;15.0
38;2021-05-22;7457;1908;436881;191579;34.5;15.1
38;2021-05-23;5589;580;442470;192159;35.0;15.2
38;2021-05-24;7502;1627;449972;193786;35.6;15.3
38;2021-05-25;9544;4852;459516;198638;36.3;15.7
38;2021-05-26;8126;4727;467642;203365;37.0;16.1
38;2021-05-27;9134;5664;476776;209029;37.7;16.5
38;2021-05-28;8786;6500;485562;215529;38.4;17.0
38;2021-05-29;5821;3256;491383;218785;38.8;17.3
38;2021-05-30;2695;1593;494078;220378;39.1;17.4
38;2021-05-31;8271;5136;502349;225514;39.7;17.8
38;2021-06-01;7964;6433;510313;231947;40.3;18.3
38;2021-06-02;7141;5624;517454;237571;40.9;18.8
38;2021-06-03;7393;6834;524847;244405;41.5;19.3
38;2021-06-04;8130;7615;532977;252020;42.1;19.9
38;2021-06-05;5794;3949;538771;255969;42.6;20.2
38;2021-06-06;2509;1463;541280;257432;42.8;20.4
38;2021-06-07;5554;6870;546834;264302;43.2;20.9
38;2021-06-08;5879;7529;552713;271831;43.7;21.5
38;2021-06-09;5047;6471;557760;278302;44.1;22.0
38;2021-06-10;5427;6790;563187;285092;44.5;22.5
38;2021-06-11;5888;7786;569075;292878;45.0;23.2
38;2021-06-12;3945;3259;573020;296137;45.3;23.4
38;2021-06-13;1256;1299;574276;297436;45.4;23.5
38;2021-06-14;3868;7663;578144;305099;45.7;24.1
38;2021-06-15;5233;8147;583377;313246;46.1;24.8
38;2021-06-16;5125;7408;588502;320654;46.5;25.3
38;2021-06-17;4523;7058;593025;327712;46.9;25.9
38;2021-06-18;6164;9232;599189;336944;47.4;26.6
38;2021-06-19;3596;4972;602785;341916;47.7;27.0
38;2021-06-20;1038;2901;603823;344817;47.7;27.3
38;2021-06-21;3748;8709;607571;353526;48.0;27.9
38;2021-06-22;3790;10107;611361;363633;48.3;28.7
38;2021-06-23;3156;9544;614517;373177;48.6;29.5
38;2021-06-24;3381;8589;617898;381766;48.8;30.2
38;2021-06-25;3787;11492;621685;393258;49.1;31.1
38;2021-06-26;2229;7851;623914;401109;49.3;31.7
38;2021-06-27;1098;4356;625012;405465;49.4;32.1
38;2021-06-28;2952;10304;627964;415769;49.6;32.9
38;2021-06-29;3785;10451;631749;426220;49.9;33.7
38;2021-06-30;4061;9945;635810;436165;50.3;34.5
38;2021-07-01;3548;9012;639358;445177;50.5;35.2
38;2021-07-02;3726;11617;643084;456794;50.8;36.1
38;2021-07-03;1739;8788;644823;465582;51.0;36.8
38;2021-07-04;1244;3209;646067;468791;51.1;37.1
38;2021-07-05;3058;10545;649125;479336;51.3;37.9
38;2021-07-06;3460;10234;652585;489570;51.6;38.7
38;2021-07-07;3569;9400;656154;498970;51.9;39.4
38;2021-07-08;3549;8226;659703;507196;52.2;40.1
38;2021-07-09;3897;10738;663600;517934;52.5;40.9
38;2021-07-10;2405;7808;666005;525742;52.6;41.6
38;2021-07-11;777;2030;666782;527772;52.7;41.7
38;2021-07-12;3483;10678;670265;538450;53.0;42.6
38;2021-07-13;6600;10934;676865;549384;53.5;43.4
38;2021-07-14;4670;3332;681535;552716;53.9;43.7
38;2021-07-15;8733;9668;690268;562384;54.6;44.5
38;2021-07-16;8759;10704;699027;573088;55.3;45.3
38;2021-07-17;4739;7486;703766;580574;55.6;45.9
38;2021-07-18;2570;2488;706336;583062;55.8;46.1
38;2021-07-19;5824;9223;712160;592285;56.3;46.8
38;2021-07-20;6289;8305;718449;600590;56.8;47.5
38;2021-07-21;7866;8028;726315;608618;57.4;48.1
38;2021-07-22;7598;6998;733913;615616;58.0;48.7
38;2021-07-23;8942;9047;742855;624663;58.7;49.4
38;2021-07-24;5576;5535;748431;630198;59.2;49.8
38;2021-07-25;2868;1656;751299;631854;59.4;49.9
38;2021-07-26;7869;7500;759168;639354;60.0;50.5
38;2021-07-27;7628;6275;766796;645629;60.6;51.0
38;2021-07-28;8621;5716;775417;651345;61.3;51.5
38;2021-07-29;7684;4685;783101;656030;61.9;51.9
38;2021-07-30;7810;6666;790911;662696;62.5;52.4
38;2021-07-31;4359;3606;795270;666302;62.9;52.7
38;2021-08-01;1298;1084;796568;667386;63.0;52.8
38;2021-08-02;3943;4453;800511;671839;63.3;53.1
38;2021-08-03;4592;4558;805103;676397;63.6;53.5
38;2021-08-04;4638;4357;809741;680754;64.0;53.8
38;2021-08-05;3742;4641;813483;685395;64.3;54.2
38;2021-08-06;4159;5949;817642;691344;64.6;54.7
38;2021-08-07;2319;3532;819961;694876;64.8;54.9
38;2021-08-08;791;2015;820752;696891;64.9;55.1
38;2021-08-09;3612;5577;824364;702468;65.2;55.5
38;2021-08-10;4930;6255;829294;708723;65.6;56.0
38;2021-08-11;3979;4666;833273;713389;65.9;56.4
38;2021-08-12;3403;4608;836676;717997;66.1;56.8
38;2021-08-13;4206;6033;840882;724030;66.5;57.2
38;2021-08-14;1785;4020;842667;728050;66.6;57.6
38;2021-08-15;538;1917;843205;729967;66.7;57.7
38;2021-08-16;2979;7924;846184;737891;66.9;58.3
38;2021-08-17;3445;5963;849629;743854;67.2;58.8
38;2021-08-18;2996;7141;852625;750995;67.4;59.4
38;2021-08-19;2615;4830;855240;755825;67.6;59.8
38;2021-08-20;2912;8430;858152;764255;67.8;60.4
38;2021-08-21;1206;5015;859358;769270;67.9;60.8
38;2021-08-22;511;1510;859869;770780;68.0;60.9
38;2021-08-23;2592;7626;862461;778406;68.2;61.5
38;2021-08-24;2570;5331;865031;783737;68.4;62.0
38;2021-08-25;2616;5876;867647;789613;68.6;62.4
38;2021-08-26;2282;4244;869929;793857;68.8;62.8
38;2021-08-27;2505;5932;872434;799789;69.0;63.2
38;2021-08-28;1425;3690;873859;803479;69.1;63.5
38;2021-08-29;377;1085;874236;804564;69.1;63.6
38;2021-08-30;2335;5677;876571;810241;69.3;64.1
38;2021-08-31;2224;4592;878795;814833;69.5;64.4
38;2021-09-01;2216;4054;881011;818887;69.6;64.7
38;2021-09-02;1671;3025;882682;821912;69.8;65.0
38;2021-09-03;2061;4585;884743;826497;69.9;65.3
38;2021-09-04;1154;2658;885897;829155;70.0;65.5
38;2021-09-05;390;664;886287;829819;70.1;65.6
38;2021-09-06;1207;2964;887494;832783;70.2;65.8
38;2021-09-07;1309;2880;888803;835663;70.3;66.1
38;2021-09-08;1731;3256;890534;838919;70.4;66.3
38;2021-09-09;1121;1970;891655;840889;70.5;66.5
38;2021-09-10;1599;3271;893254;844160;70.6;66.7
38;2021-09-11;1041;2268;894295;846428;70.7;66.9
38;2021-09-12;218;525;894513;846953;70.7;67.0
38;2021-09-13;918;2130;895431;849083;70.8;67.1
38;2021-09-14;919;1870;896350;850953;70.9;67.3
38;2021-09-15;1333;2762;897683;853715;71.0;67.5
38;2021-09-16;718;1558;898401;855273;71.0;67.6
38;2021-09-17;895;2501;899296;857774;71.1;67.8
38;2021-09-18;709;2221;900005;859995;71.1;68.0
38;2021-09-19;104;371;900109;860366;71.2;68.0
38;2021-09-20;633;1722;900742;862088;71.2;68.2
38;2021-09-21;515;1401;901257;863489;71.2;68.3
38;2021-09-22;692;2733;901949;866222;71.3;68.5
38;2021-09-23;447;1399;902396;867621;71.3;68.6
38;2021-09-24;772;2195;903168;869816;71.4;68.8
38;2021-09-25;493;1935;903661;871751;71.4;68.9
38;2021-09-26;94;378;903755;872129;71.4;68.9
38;2021-09-27;427;1228;904182;873357;71.5;69.0
38;2021-09-28;508;1116;904690;874473;71.5;69.1
38;2021-09-29;681;1906;905371;876379;71.6;69.3
38;2021-09-30;443;826;905814;877205;71.6;69.3
38;2021-10-01;611;1391;906425;878596;71.7;69.5
38;2021-10-02;481;1161;906906;879757;71.7;69.5
38;2021-10-03;94;193;907000;879950;71.7;69.6
38;2021-10-04;459;954;907459;880904;71.7;69.6
38;2021-10-05;408;870;907867;881774;71.8;69.7
38;2021-10-06;620;1250;908487;883024;71.8;69.8
38;2021-10-07;412;872;908899;883896;71.9;69.9
38;2021-10-08;661;1292;909560;885188;71.9;70.0
38;2021-10-09;505;868;910065;886056;71.9;70.0
38;2021-10-10;40;108;910105;886164;71.9;70.1
38;2021-10-11;376;788;910481;886952;72.0;70.1
38;2021-10-12;468;620;910949;887572;72.0;70.2
38;2021-10-13;543;977;911492;888549;72.1;70.2
39;2020-12-27;0;0;0;0;0.0;0.0
39;2020-12-28;0;0;0;0;0.0;0.0
39;2020-12-29;0;0;0;0;0.0;0.0
39;2020-12-30;0;0;0;0;0.0;0.0
39;2020-12-31;0;0;0;0;0.0;0.0
39;2021-01-01;0;0;0;0;0.0;0.0
39;2021-01-02;0;0;0;0;0.0;0.0
39;2021-01-03;0;0;0;0;0.0;0.0
39;2021-01-04;3;0;3;0;0.0;0.0
39;2021-01-05;3;0;6;0;0.0;0.0
39;2021-01-06;57;3;63;3;0.0;0.0
39;2021-01-07;333;3;396;6;0.2;0.0
39;2021-01-08;657;2;1053;8;0.4;0.0
39;2021-01-09;169;0;1222;8;0.5;0.0
39;2021-01-10;1;0;1223;8;0.5;0.0
39;2021-01-11;474;1;1697;9;0.7;0.0
39;2021-01-12;431;1;2128;10;0.8;0.0
39;2021-01-13;408;2;2536;12;1.0;0.0
39;2021-01-14;574;4;3110;16;1.2;0.0
39;2021-01-15;471;2;3581;18;1.4;0.0
39;2021-01-16;141;1;3722;19;1.4;0.0
39;2021-01-17;0;1;3722;20;1.4;0.0
39;2021-01-18;924;7;4646;27;1.8;0.0
39;2021-01-19;1180;7;5826;34;2.3;0.0
39;2021-01-20;905;4;6731;38;2.6;0.0
39;2021-01-21;1179;2;7910;40;3.1;0.0
39;2021-01-22;985;3;8895;43;3.4;0.0
39;2021-01-23;383;1;9278;44;3.6;0.0
39;2021-01-24;0;0;9278;44;3.6;0.0
39;2021-01-25;642;2;9920;46;3.8;0.0
39;2021-01-26;1123;13;11043;59;4.3;0.0
39;2021-01-27;928;19;11971;78;4.6;0.0
39;2021-01-28;741;242;12712;320;4.9;0.1
39;2021-01-29;583;424;13295;744;5.2;0.3
39;2021-01-30;264;110;13559;854;5.3;0.3
39;2021-01-31;1;0;13560;854;5.3;0.3
39;2021-02-01;562;263;14122;1117;5.5;0.4
39;2021-02-02;754;321;14876;1438;5.8;0.6
39;2021-02-03;531;515;15407;1953;6.0;0.8
39;2021-02-04;556;462;15963;2415;6.2;0.9
39;2021-02-05;438;429;16401;2844;6.4;1.1
39;2021-02-06;265;111;16666;2955;6.5;1.1
39;2021-02-07;0;1;16666;2956;6.5;1.1
39;2021-02-08;321;374;16987;3330;6.6;1.3
39;2021-02-09;383;483;17370;3813;6.7;1.5
39;2021-02-10;253;336;17623;4149;6.8;1.6
39;2021-02-11;586;511;18209;4660;7.1;1.8
39;2021-02-12;385;417;18594;5077;7.2;2.0
39;2021-02-13;100;69;18694;5146;7.2;2.0
39;2021-02-14;0;0;18694;5146;7.2;2.0
39;2021-02-15;99;756;18793;5902;7.3;2.3
39;2021-02-16;99;910;18892;6812;7.3;2.6
39;2021-02-17;58;694;18950;7506;7.3;2.9
39;2021-02-18;109;864;19059;8370;7.4;3.2
39;2021-02-19;100;485;19159;8855;7.4;3.4
39;2021-02-20;18;364;19177;9219;7.4;3.6
39;2021-02-21;0;0;19177;9219;7.4;3.6
39;2021-02-22;100;729;19277;9948;7.5;3.9
39;2021-02-23;4;764;19281;10712;7.5;4.2
39;2021-02-24;125;869;19406;11581;7.5;4.5
39;2021-02-25;214;753;19620;12334;7.6;4.8
39;2021-02-26;218;470;19838;12804;7.7;5.0
39;2021-02-27;169;298;20007;13102;7.8;5.1
39;2021-02-28;1;0;20008;13102;7.8;5.1
39;2021-03-01;218;640;20226;13742;7.8;5.3
39;2021-03-02;329;826;20555;14568;8.0;5.6
39;2021-03-03;602;534;21157;15102;8.2;5.9
39;2021-03-04;658;486;21815;15588;8.5;6.0
39;2021-03-05;670;332;22485;15920;8.7;6.2
39;2021-03-06;775;250;23260;16170;9.0;6.3
39;2021-03-07;242;84;23502;16254;9.1;6.3
39;2021-03-08;285;449;23787;16703;9.2;6.5
39;2021-03-09;844;467;24631;17170;9.6;6.7
39;2021-03-10;985;343;25616;17513;9.9;6.8
39;2021-03-11;829;469;26445;17982;10.3;7.0
39;2021-03-12;805;293;27250;18275;10.6;7.1
39;2021-03-13;789;105;28039;18380;10.9;7.1
39;2021-03-14;35;10;28074;18390;10.9;7.1
39;2021-03-15;513;110;28587;18500;11.1;7.2
39;2021-03-16;555;69;29142;18569;11.3;7.2
39;2021-03-17;611;57;29753;18626;11.5;7.2
39;2021-03-18;600;73;30353;18699;11.8;7.3
39;2021-03-19;393;72;30746;18771;11.9;7.3
39;2021-03-20;312;12;31058;18783;12.0;7.3
39;2021-03-21;3;0;31061;18783;12.0;7.3
39;2021-03-22;755;118;31816;18901;12.3;7.3
39;2021-03-23;1129;46;32945;18947;12.8;7.3
39;2021-03-24;1179;102;34124;19049;13.2;7.4
39;2021-03-25;2042;135;36166;19184;14.0;7.4
39;2021-03-26;797;116;36963;19300;14.3;7.5
39;2021-03-27;345;7;37308;19307;14.5;7.5
39;2021-03-28;36;4;37344;19311;14.5;7.5
39;2021-03-29;1036;198;38380;19509;14.9;7.6
39;2021-03-30;1400;271;39780;19780;15.4;7.7
39;2021-03-31;658;531;40438;20311;15.7;7.9
39;2021-04-01;1310;319;41748;20630;16.2;8.0
39;2021-04-02;626;131;42374;20761;16.4;8.1
39;2021-04-03;180;8;42554;20769;16.5;8.1
39;2021-04-04;4;1;42558;20770;16.5;8.1
39;2021-04-05;1;0;42559;20770;16.5;8.1
39;2021-04-06;824;634;43383;21404;16.8;8.3
39;2021-04-07;1134;685;44517;22089;17.3;8.6
39;2021-04-08;1790;583;46307;22672;18.0;8.8
39;2021-04-09;1675;294;47982;22966;18.6;8.9
39;2021-04-10;348;188;48330;23154;18.7;9.0
39;2021-04-11;2;0;48332;23154;18.7;9.0
39;2021-04-12;680;400;49012;23554;19.0;9.1
39;2021-04-13;1200;583;50212;24137;19.5;9.4
39;2021-04-14;845;641;51057;24778;19.8;9.6
39;2021-04-15;1479;722;52536;25500;20.4;9.9
39;2021-04-16;1090;176;53626;25676;20.8;10.0
39;2021-04-17;197;61;53823;25737;20.9;10.0
39;2021-04-18;0;0;53823;25737;20.9;10.0
39;2021-04-19;523;699;54346;26436;21.1;10.3
39;2021-04-20;766;547;55112;26983;21.4;10.5
39;2021-04-21;1142;724;56254;27707;21.8;10.7
39;2021-04-22;1012;1132;57266;28839;22.2;11.2
39;2021-04-23;457;364;57723;29203;22.4;11.3
39;2021-04-24;275;149;57998;29352;22.5;11.4
39;2021-04-25;12;3;58010;29355;22.5;11.4
39;2021-04-26;568;1041;58578;30396;22.7;11.8
39;2021-04-27;788;984;59366;31380;23.0;12.2
39;2021-04-28;1720;419;61086;31799;23.7;12.3
39;2021-04-29;2570;976;63656;32775;24.7;12.7
39;2021-04-30;2473;394;66129;33169;25.6;12.9
39;2021-05-01;41;53;66170;33222;25.7;12.9
39;2021-05-02;0;0;66170;33222;25.7;12.9
39;2021-05-03;917;812;67087;34034;26.0;13.2
39;2021-05-04;948;1128;68035;35162;26.4;13.6
39;2021-05-05;1954;892;69989;36054;27.1;14.0
39;2021-05-06;2425;1349;72414;37403;28.1;14.5
39;2021-05-07;1286;576;73700;37979;28.6;14.7
39;2021-05-08;179;55;73879;38034;28.7;14.8
39;2021-05-09;10;8;73889;38042;28.7;14.8
39;2021-05-10;1762;852;75651;38894;29.3;15.1
39;2021-05-11;1774;1515;77425;40409;30.0;15.7
39;2021-05-12;1810;1500;79235;41909;30.7;16.3
39;2021-05-13;246;23;79481;41932;30.8;16.3
39;2021-05-14;2392;335;81873;42267;31.8;16.4
39;2021-05-15;1848;256;83721;42523;32.5;16.5
39;2021-05-16;0;0;83721;42523;32.5;16.5
39;2021-05-17;1986;726;85707;43249;33.2;16.8
39;2021-05-18;1690;1180;87397;44429;33.9;17.2
39;2021-05-19;2496;558;89893;44987;34.9;17.4
39;2021-05-20;2465;756;92358;45743;35.8;17.7
39;2021-05-21;1800;561;94158;46304;36.5;18.0
39;2021-05-22;322;218;94480;46522;36.6;18.0
39;2021-05-23;8;36;94488;46558;36.6;18.1
39;2021-05-24;8;28;94496;46586;36.6;18.1
39;2021-05-25;1725;1197;96221;47783;37.3;18.5
39;2021-05-26;1643;1377;97864;49160;38.0;19.1
39;2021-05-27;1485;1624;99349;50784;38.5;19.7
39;2021-05-28;856;1220;100205;52004;38.9;20.2
39;2021-05-29;261;276;100466;52280;39.0;20.3
39;2021-05-30;2;40;100468;52320;39.0;20.3
39;2021-05-31;1625;1245;102093;53565;39.6;20.8
39;2021-06-01;1893;1321;103986;54886;40.3;21.3
39;2021-06-02;1705;1167;105691;56053;41.0;21.7
39;2021-06-03;1326;1160;107017;57213;41.5;22.2
39;2021-06-04;940;1073;107957;58286;41.9;22.6
39;2021-06-05;766;516;108723;58802;42.2;22.8
39;2021-06-06;1;36;108724;58838;42.2;22.8
39;2021-06-07;2106;918;110830;59756;43.0;23.2
39;2021-06-08;2208;1155;113038;60911;43.8;23.6
39;2021-06-09;1733;1240;114771;62151;44.5;24.1
39;2021-06-10;1616;2080;116387;64231;45.1;24.9
39;2021-06-11;1568;1270;117955;65501;45.7;25.4
39;2021-06-12;1264;350;119219;65851;46.2;25.5
39;2021-06-13;11;18;119230;65869;46.2;25.5
39;2021-06-14;1335;1894;120565;67763;46.8;26.3
39;2021-06-15;1386;1259;121951;69022;47.3;26.8
39;2021-06-16;1171;1536;123122;70558;47.7;27.4
39;2021-06-17;1044;1718;124166;72276;48.2;28.0
39;2021-06-18;1638;1180;125804;73456;48.8;28.5
39;2021-06-19;249;411;126053;73867;48.9;28.6
39;2021-06-20;2;18;126055;73885;48.9;28.7
39;2021-06-21;351;2495;126406;76380;49.0;29.6
39;2021-06-22;815;2294;127221;78674;49.3;30.5
39;2021-06-23;1200;1301;128421;79975;49.8;31.0
39;2021-06-24;736;1044;129157;81019;50.1;31.4
39;2021-06-25;679;2961;129836;83980;50.4;32.6
39;2021-06-26;206;1564;130042;85544;50.4;33.2
39;2021-06-27;0;0;130042;85544;50.4;33.2
39;2021-06-28;305;2743;130347;88287;50.6;34.2
39;2021-06-29;497;2697;130844;90984;50.7;35.3
39;2021-06-30;895;2426;131739;93410;51.1;36.2
39;2021-07-01;645;1939;132384;95349;51.3;37.0
39;2021-07-02;1111;1406;133495;96755;51.8;37.5
39;2021-07-03;554;524;134049;97279;52.0;37.7
39;2021-07-04;2;1;134051;97280;52.0;37.7
39;2021-07-05;601;2589;134652;99869;52.2;38.7
39;2021-07-06;835;1887;135487;101756;52.5;39.5
39;2021-07-07;591;1389;136078;103145;52.8;40.0
39;2021-07-08;700;906;136778;104051;53.0;40.4
39;2021-07-09;1078;1585;137856;105636;53.5;41.0
39;2021-07-10;739;476;138595;106112;53.8;41.2
39;2021-07-11;28;8;138623;106120;53.8;41.2
39;2021-07-12;577;2599;139200;108719;54.0;42.2
39;2021-07-13;1638;2660;140838;111379;54.6;43.2
39;2021-07-14;17;21;140855;111400;54.6;43.2
39;2021-07-15;1906;1837;142761;113237;55.4;43.9
39;2021-07-16;3226;2053;145987;115290;56.6;44.7
39;2021-07-17;2225;1163;148212;116453;57.5;45.2
39;2021-07-18;164;52;148376;116505;57.5;45.2
39;2021-07-19;1399;2952;149775;119457;58.1;46.3
39;2021-07-20;1842;2813;151617;122270;58.8;47.4
39;2021-07-21;2587;2583;154204;124853;59.8;48.4
39;2021-07-22;1934;1845;156138;126698;60.6;49.1
39;2021-07-23;1814;1933;157952;128631;61.3;49.9
39;2021-07-24;1400;1428;159352;130059;61.8;50.4
39;2021-07-25;0;1;159352;130060;61.8;50.4
39;2021-07-26;1318;2001;160670;132061;62.3;51.2
39;2021-07-27;2343;1905;163013;133966;63.2;52.0
39;2021-07-28;2688;1475;165701;135441;64.3;52.5
39;2021-07-29;2200;1743;167901;137184;65.1;53.2
39;2021-07-30;2045;1466;169946;138650;65.9;53.8
39;2021-07-31;1367;657;171313;139307;66.4;54.0
39;2021-08-01;10;18;171323;139325;66.4;54.0
39;2021-08-02;1205;1401;172528;140726;66.9;54.6
39;2021-08-03;1920;1486;174448;142212;67.7;55.2
39;2021-08-04;1047;659;175495;142871;68.1;55.4
39;2021-08-05;1242;740;176737;143611;68.5;55.7
39;2021-08-06;1375;2289;178112;145900;69.1;56.6
39;2021-08-07;1069;1213;179181;147113;69.5;57.1
39;2021-08-08;26;10;179207;147123;69.5;57.1
39;2021-08-09;436;304;179643;147427;69.7;57.2
39;2021-08-10;1230;932;180873;148359;70.1;57.5
39;2021-08-11;893;1532;181766;149891;70.5;58.1
39;2021-08-12;1596;2171;183362;152062;71.1;59.0
39;2021-08-13;1334;2119;184696;154181;71.6;59.8
39;2021-08-14;361;1106;185057;155287;71.8;60.2
39;2021-08-15;1;1;185058;155288;71.8;60.2
39;2021-08-16;488;736;185546;156024;72.0;60.5
39;2021-08-17;574;1443;186120;157467;72.2;61.1
39;2021-08-18;862;1727;186982;159194;72.5;61.7
39;2021-08-19;906;1593;187888;160787;72.9;62.4
39;2021-08-20;640;2500;188528;163287;73.1;63.3
39;2021-08-21;467;1291;188995;164578;73.3;63.8
39;2021-08-22;7;11;189002;164589;73.3;63.8
39;2021-08-23;267;972;189269;165561;73.4;64.2
39;2021-08-24;456;1607;189725;167168;73.6;64.8
39;2021-08-25;631;1604;190356;168772;73.8;65.5
39;2021-08-26;718;1860;191074;170632;74.1;66.2
39;2021-08-27;405;2060;191479;172692;74.3;67.0
39;2021-08-28;325;1369;191804;174061;74.4;67.5
39;2021-08-29;0;1;191804;174062;74.4;67.5
39;2021-08-30;345;1009;192149;175071;74.5;67.9
39;2021-08-31;399;1006;192548;176077;74.7;68.3
39;2021-09-01;512;1425;193060;177502;74.9;68.8
39;2021-09-02;332;1369;193392;178871;75.0;69.4
39;2021-09-03;477;2248;193869;181119;75.2;70.2
39;2021-09-04;148;183;194017;181302;75.2;70.3
39;2021-09-05;0;1;194017;181303;75.2;70.3
39;2021-09-06;242;481;194259;181784;75.3;70.5
39;2021-09-07;228;253;194487;182037;75.4;70.6
39;2021-09-08;441;677;194928;182714;75.6;70.9
39;2021-09-09;439;843;195367;183557;75.8;71.2
39;2021-09-10;198;586;195565;184143;75.8;71.4
39;2021-09-11;282;817;195847;184960;76.0;71.7
39;2021-09-12;0;32;195847;184992;76.0;71.7
39;2021-09-13;143;150;195990;185142;76.0;71.8
39;2021-09-14;182;296;196172;185438;76.1;71.9
39;2021-09-15;267;585;196439;186023;76.2;72.1
39;2021-09-16;476;1053;196915;187076;76.4;72.6
39;2021-09-17;424;671;197339;187747;76.5;72.8
39;2021-09-18;96;237;197435;187984;76.6;72.9
39;2021-09-19;3;3;197438;187987;76.6;72.9
39;2021-09-20;70;128;197508;188115;76.6;73.0
39;2021-09-21;87;125;197595;188240;76.6;73.0
39;2021-09-22;269;778;197864;189018;76.7;73.3
39;2021-09-23;173;312;198037;189330;76.8;73.4
39;2021-09-24;206;584;198243;189914;76.9;73.7
39;2021-09-25;65;250;198308;190164;76.9;73.8
39;2021-09-26;0;0;198308;190164;76.9;73.8
39;2021-09-27;131;318;198439;190482;77.0;73.9
39;2021-09-28;55;139;198494;190621;77.0;73.9
39;2021-09-29;195;511;198689;191132;77.1;74.1
39;2021-09-30;201;448;198890;191580;77.1;74.3
39;2021-10-01;104;199;198994;191779;77.2;74.4
39;2021-10-02;97;227;199091;192006;77.2;74.5
39;2021-10-03;2;1;199093;192007;77.2;74.5
39;2021-10-04;40;131;199133;192138;77.2;74.5
39;2021-10-05;55;125;199188;192263;77.2;74.6
39;2021-10-06;183;347;199371;192610;77.3;74.7
39;2021-10-07;135;464;199506;193074;77.4;74.9
39;2021-10-08;222;493;199728;193567;77.5;75.1
39;2021-10-09;49;47;199777;193614;77.5;75.1
39;2021-10-10;0;1;199777;193615;77.5;75.1
39;2021-10-11;16;53;199793;193668;77.5;75.1
39;2021-10-12;82;91;199875;193759;77.5;75.1
39;2021-10-13;86;152;199961;193911;77.5;75.2
40;2020-12-27;0;0;0;0;0.0;0.0
40;2020-12-28;0;0;0;0;0.0;0.0
40;2020-12-29;0;0;0;0;0.0;0.0
40;2020-12-30;0;0;0;0;0.0;0.0
40;2020-12-31;1;0;1;0;0.0;0.0
40;2021-01-01;0;0;1;0;0.0;0.0
40;2021-01-02;1;0;2;0;0.0;0.0
40;2021-01-03;0;0;2;0;0.0;0.0
40;2021-01-04;0;0;2;0;0.0;0.0
40;2021-01-05;0;0;2;0;0.0;0.0
40;2021-01-06;1;0;3;0;0.0;0.0
40;2021-01-07;212;0;215;0;0.1;0.0
40;2021-01-08;391;4;606;4;0.1;0.0
40;2021-01-09;0;0;606;4;0.1;0.0
40;2021-01-10;1;0;607;4;0.1;0.0
40;2021-01-11;111;0;718;4;0.2;0.0
40;2021-01-12;0;0;718;4;0.2;0.0
40;2021-01-13;681;6;1399;10;0.3;0.0
40;2021-01-14;901;9;2300;19;0.6;0.0
40;2021-01-15;811;4;3111;23;0.8;0.0
40;2021-01-16;157;0;3268;23;0.8;0.0
40;2021-01-17;1;1;3269;24;0.8;0.0
40;2021-01-18;406;0;3675;24;0.9;0.0
40;2021-01-19;1203;4;4878;28;1.2;0.0
40;2021-01-20;881;2;5759;30;1.4;0.0
40;2021-01-21;1265;6;7024;36;1.7;0.0
40;2021-01-22;811;2;7835;38;1.9;0.0
40;2021-01-23;289;0;8124;38;2.0;0.0
40;2021-01-24;2;0;8126;38;2.0;0.0
40;2021-01-25;394;2;8520;40;2.1;0.0
40;2021-01-26;802;6;9322;46;2.3;0.0
40;2021-01-27;1118;12;10440;58;2.5;0.0
40;2021-01-28;709;112;11149;170;2.7;0.0
40;2021-01-29;601;229;11750;399;2.9;0.1
40;2021-01-30;237;4;11987;403;2.9;0.1
40;2021-01-31;1;0;11988;403;2.9;0.1
40;2021-02-01;359;132;12347;535;3.0;0.1
40;2021-02-02;922;52;13269;587;3.2;0.1
40;2021-02-03;895;300;14164;887;3.4;0.2
40;2021-02-04;1058;602;15222;1489;3.7;0.4
40;2021-02-05;794;422;16016;1911;3.9;0.5
40;2021-02-06;382;84;16398;1995;4.0;0.5
40;2021-02-07;10;0;16408;1995;4.0;0.5
40;2021-02-08;375;121;16783;2116;4.1;0.5
40;2021-02-09;815;541;17598;2657;4.3;0.6
40;2021-02-10;749;469;18347;3126;4.5;0.8
40;2021-02-11;739;682;19086;3808;4.6;0.9
40;2021-02-12;627;641;19713;4449;4.8;1.1
40;2021-02-13;400;94;20113;4543;4.9;1.1
40;2021-02-14;0;0;20113;4543;4.9;1.1
40;2021-02-15;48;385;20161;4928;4.9;1.2
40;2021-02-16;284;600;20445;5528;5.0;1.3
40;2021-02-17;359;891;20804;6419;5.0;1.6
40;2021-02-18;383;694;21187;7113;5.1;1.7
40;2021-02-19;145;643;21332;7756;5.2;1.9
40;2021-02-20;39;94;21371;7850;5.2;1.9
40;2021-02-21;1;66;21372;7916;5.2;1.9
40;2021-02-22;53;561;21425;8477;5.2;2.1
40;2021-02-23;180;835;21605;9312;5.2;2.3
40;2021-02-24;283;684;21888;9996;5.3;2.4
40;2021-02-25;726;989;22614;10985;5.5;2.7
40;2021-02-26;656;632;23270;11617;5.6;2.8
40;2021-02-27;384;101;23654;11718;5.7;2.8
40;2021-02-28;2;0;23656;11718;5.7;2.8
40;2021-03-01;418;509;24074;12227;5.8;3.0
40;2021-03-02;733;1040;24807;13267;6.0;3.2
40;2021-03-03;934;910;25741;14177;6.2;3.4
40;2021-03-04;1326;827;27067;15004;6.6;3.6
40;2021-03-05;1233;741;28300;15745;6.9;3.8
40;2021-03-06;868;393;29168;16138;7.1;3.9
40;2021-03-07;93;10;29261;16148;7.1;3.9
40;2021-03-08;838;504;30099;16652;7.3;4.0
40;2021-03-09;1507;642;31606;17294;7.7;4.2
40;2021-03-10;1754;717;33360;18011;8.1;4.4
40;2021-03-11;1986;698;35346;18709;8.6;4.5
40;2021-03-12;2051;551;37397;19260;9.1;4.7
40;2021-03-13;972;255;38369;19515;9.3;4.7
40;2021-03-14;98;0;38467;19515;9.3;4.7
40;2021-03-15;924;88;39391;19603;9.6;4.8
40;2021-03-16;989;275;40380;19878;9.8;4.8
40;2021-03-17;1577;349;41957;20227;10.2;4.9
40;2021-03-18;1559;339;43516;20566;10.6;5.0
40;2021-03-19;1808;145;45324;20711;11.0;5.0
40;2021-03-20;706;15;46030;20726;11.2;5.0
40;2021-03-21;52;1;46082;20727;11.2;5.0
40;2021-03-22;1174;35;47256;20762;11.5;5.0
40;2021-03-23;2325;170;49581;20932;12.0;5.1
40;2021-03-24;2327;232;51908;21164;12.6;5.1
40;2021-03-25;2768;384;54676;21548;13.3;5.2
40;2021-03-26;3123;212;57799;21760;14.0;5.3
40;2021-03-27;923;49;58722;21809;14.3;5.3
40;2021-03-28;178;47;58900;21856;14.3;5.3
40;2021-03-29;1153;381;60053;22237;14.6;5.4
40;2021-03-30;2298;390;62351;22627;15.1;5.5
40;2021-03-31;1994;309;64345;22936;15.6;5.6
40;2021-04-01;2413;335;66758;23271;16.2;5.6
40;2021-04-02;2361;222;69119;23493;16.8;5.7
40;2021-04-03;741;122;69860;23615;17.0;5.7
40;2021-04-04;363;9;70223;23624;17.0;5.7
40;2021-04-05;523;40;70746;23664;17.2;5.7
40;2021-04-06;2095;809;72841;24473;17.7;5.9
40;2021-04-07;2664;876;75505;25349;18.3;6.2
40;2021-04-08;3063;901;78568;26250;19.1;6.4
40;2021-04-09;3826;612;82394;26862;20.0;6.5
40;2021-04-10;1600;343;83994;27205;20.4;6.6
40;2021-04-11;52;6;84046;27211;20.4;6.6
40;2021-04-12;2179;736;86225;27947;20.9;6.8
40;2021-04-13;2567;1092;88792;29039;21.6;7.0
40;2021-04-14;2571;1377;91363;30416;22.2;7.4
40;2021-04-15;2987;1516;94350;31932;22.9;7.8
40;2021-04-16;2878;1185;97228;33117;23.6;8.0
40;2021-04-17;1464;348;98692;33465;24.0;8.1
40;2021-04-18;57;24;98749;33489;24.0;8.1
40;2021-04-19;1056;1023;99805;34512;24.2;8.4
40;2021-04-20;1622;1745;101427;36257;24.6;8.8
40;2021-04-21;1777;1740;103204;37997;25.1;9.2
40;2021-04-22;2112;1776;105316;39773;25.6;9.7
40;2021-04-23;2163;1398;107479;41171;26.1;10.0
40;2021-04-24;1329;627;108808;41798;26.4;10.1
40;2021-04-25;37;57;108845;41855;26.4;10.2
40;2021-04-26;1251;1137;110096;42992;26.7;10.4
40;2021-04-27;1487;2033;111583;45025;27.1;10.9
40;2021-04-28;2052;1371;113635;46396;27.6;11.3
40;2021-04-29;2609;1901;116244;48297;28.2;11.7
40;2021-04-30;2700;1617;118944;49914;28.9;12.1
40;2021-05-01;1228;781;120172;50695;29.2;12.3
40;2021-05-02;143;323;120315;51018;29.2;12.4
40;2021-05-03;1857;1502;122172;52520;29.7;12.7
40;2021-05-04;1880;2467;124052;54987;30.1;13.3
40;2021-05-05;2187;2669;126239;57656;30.6;14.0
40;2021-05-06;2237;2866;128476;60522;31.2;14.7
40;2021-05-07;1901;3007;130377;63529;31.6;15.4
40;2021-05-08;675;469;131052;63998;31.8;15.5
40;2021-05-09;316;22;131368;64020;31.9;15.5
40;2021-05-10;1400;2057;132768;66077;32.2;16.0
40;2021-05-11;2196;2512;134964;68589;32.8;16.6
40;2021-05-12;2731;1945;137695;70534;33.4;17.1
40;2021-05-13;1985;515;139680;71049;33.9;17.2
40;2021-05-14;2324;1658;142004;72707;34.5;17.6
40;2021-05-15;1340;961;143344;73668;34.8;17.9
40;2021-05-16;434;24;143778;73692;34.9;17.9
40;2021-05-17;2118;1311;145896;75003;35.4;18.2
40;2021-05-18;2508;1416;148404;76419;36.0;18.5
40;2021-05-19;2954;1105;151358;77524;36.7;18.8
40;2021-05-20;3584;1163;154942;78687;37.6;19.1
40;2021-05-21;2925;1329;157867;80016;38.3;19.4
40;2021-05-22;1146;797;159013;80813;38.6;19.6
40;2021-05-23;631;29;159644;80842;38.8;19.6
40;2021-05-24;1212;332;160856;81174;39.0;19.7
40;2021-05-25;2168;1309;163024;82483;39.6;20.0
40;2021-05-26;2614;1563;165638;84046;40.2;20.4
40;2021-05-27;2733;2002;168371;86048;40.9;20.9
40;2021-05-28;2567;2275;170938;88323;41.5;21.4
40;2021-05-29;1558;1257;172496;89580;41.9;21.7
40;2021-05-30;4;52;172500;89632;41.9;21.8
40;2021-05-31;2567;1207;175067;90839;42.5;22.0
40;2021-06-01;3011;1770;178078;92609;43.2;22.5
40;2021-06-02;3170;1992;181248;94601;44.0;23.0
40;2021-06-03;3589;2330;184837;96931;44.9;23.5
40;2021-06-04;3015;2803;187852;99734;45.6;24.2
40;2021-06-05;1780;1395;189632;101129;46.0;24.5
40;2021-06-06;458;79;190090;101208;46.1;24.6
40;2021-06-07;2184;2024;192274;103232;46.7;25.1
40;2021-06-08;2954;2101;195228;105333;47.4;25.6
40;2021-06-09;3212;2266;198440;107599;48.2;26.1
40;2021-06-10;2994;2097;201434;109696;48.9;26.6
40;2021-06-11;3142;2799;204576;112495;49.7;27.3
40;2021-06-12;1963;1634;206539;114129;50.1;27.7
40;2021-06-13;645;162;207184;114291;50.3;27.7
40;2021-06-14;1457;2495;208641;116786;50.6;28.3
40;2021-06-15;2235;2818;210876;119604;51.2;29.0
40;2021-06-16;2608;2459;213484;122063;51.8;29.6
40;2021-06-17;2431;2439;215915;124502;52.4;30.2
40;2021-06-18;2326;2902;218241;127404;53.0;30.9
40;2021-06-19;1798;1229;220039;128633;53.4;31.2
40;2021-06-20;346;276;220385;128909;53.5;31.3
40;2021-06-21;1395;2318;221780;131227;53.8;31.9
40;2021-06-22;1690;2996;223470;134223;54.2;32.6
40;2021-06-23;1603;3343;225073;137566;54.6;33.4
40;2021-06-24;1733;2384;226806;139950;55.1;34.0
40;2021-06-25;1757;3264;228563;143214;55.5;34.8
40;2021-06-26;1328;1712;229891;144926;55.8;35.2
40;2021-06-27;262;354;230153;145280;55.9;35.3
40;2021-06-28;1334;2817;231487;148097;56.2;35.9
40;2021-06-29;1713;3392;233200;151489;56.6;36.8
40;2021-06-30;1776;3643;234976;155132;57.0;37.7
40;2021-07-01;1715;3954;236691;159086;57.5;38.6
40;2021-07-02;1560;3811;238251;162897;57.8;39.5
40;2021-07-03;676;1923;238927;164820;58.0;40.0
40;2021-07-04;219;483;239146;165303;58.0;40.1
40;2021-07-05;1477;3020;240623;168323;58.4;40.9
40;2021-07-06;1768;3613;242391;171936;58.8;41.7
40;2021-07-07;1973;3850;244364;175786;59.3;42.7
40;2021-07-08;2099;3409;246463;179195;59.8;43.5
40;2021-07-09;2108;3947;248571;183142;60.3;44.5
40;2021-07-10;1004;2155;249575;185297;60.6;45.0
40;2021-07-11;207;294;249782;185591;60.6;45.0
40;2021-07-12;1314;4047;251096;189638;60.9;46.0
40;2021-07-13;2428;4698;253524;194336;61.5;47.2
40;2021-07-14;2198;2061;255722;196397;62.1;47.7
40;2021-07-15;2841;4860;258563;201257;62.8;48.9
40;2021-07-16;3311;3944;261874;205201;63.6;49.8
40;2021-07-17;2110;2595;263984;207796;64.1;50.4
40;2021-07-18;472;542;264456;208338;64.2;50.6
40;2021-07-19;2565;3701;267021;212039;64.8;51.5
40;2021-07-20;3065;4052;270086;216091;65.6;52.5
40;2021-07-21;3203;3886;273289;219977;66.3;53.4
40;2021-07-22;3857;3934;277146;223911;67.3;54.4
40;2021-07-23;4092;4110;281238;228021;68.3;55.3
40;2021-07-24;2795;2113;284033;230134;68.9;55.9
40;2021-07-25;958;491;284991;230625;69.2;56.0
40;2021-07-26;2943;3076;287934;233701;69.9;56.7
40;2021-07-27;3526;3602;291460;237303;70.7;57.6
40;2021-07-28;3379;3398;294839;240701;71.6;58.4
40;2021-07-29;3546;3432;298385;244133;72.4;59.3
40;2021-07-30;3137;3405;301522;247538;73.2;60.1
40;2021-07-31;1781;1908;303303;249446;73.6;60.5
40;2021-08-01;342;287;303645;249733;73.7;60.6
40;2021-08-02;2004;2383;305649;252116;74.2;61.2
40;2021-08-03;2335;2697;307984;254813;74.8;61.9
40;2021-08-04;2094;2323;310078;257136;75.3;62.4
40;2021-08-05;1971;2669;312049;259805;75.7;63.1
40;2021-08-06;1886;3068;313935;262873;76.2;63.8
40;2021-08-07;1218;1746;315153;264619;76.5;64.2
40;2021-08-08;84;154;315237;264773;76.5;64.3
40;2021-08-09;1600;3124;316837;267897;76.9;65.0
40;2021-08-10;1429;3159;318266;271056;77.3;65.8
40;2021-08-11;1423;2844;319689;273900;77.6;66.5
40;2021-08-12;1277;3102;320966;277002;77.9;67.2
40;2021-08-13;1139;2980;322105;279982;78.2;68.0
40;2021-08-14;618;2033;322723;282015;78.3;68.5
40;2021-08-15;5;172;322728;282187;78.3;68.5
40;2021-08-16;1108;3382;323836;285569;78.6;69.3
40;2021-08-17;1161;3418;324997;288987;78.9;70.1
40;2021-08-18;989;3258;325986;292245;79.1;70.9
40;2021-08-19;855;2972;326841;295217;79.3;71.7
40;2021-08-20;811;3033;327652;298250;79.5;72.4
40;2021-08-21;523;1901;328175;300151;79.7;72.9
40;2021-08-22;71;464;328246;300615;79.7;73.0
40;2021-08-23;732;2818;328978;303433;79.9;73.7
40;2021-08-24;697;2540;329675;305973;80.0;74.3
40;2021-08-25;678;2002;330353;307975;80.2;74.8
40;2021-08-26;493;1674;330846;309649;80.3;75.2
40;2021-08-27;638;2468;331484;312117;80.5;75.8
40;2021-08-28;328;1215;331812;313332;80.5;76.1
40;2021-08-29;1;9;331813;313341;80.5;76.1
40;2021-08-30;600;2116;332413;315457;80.7;76.6
40;2021-08-31;470;1381;332883;316838;80.8;76.9
40;2021-09-01;451;1349;333334;318187;80.9;77.2
40;2021-09-02;404;1276;333738;319463;81.0;77.5
40;2021-09-03;444;1354;334182;320817;81.1;77.9
40;2021-09-04;368;1051;334550;321868;81.2;78.1
40;2021-09-05;4;10;334554;321878;81.2;78.1
40;2021-09-06;246;698;334800;322576;81.3;78.3
40;2021-09-07;294;774;335094;323350;81.3;78.5
40;2021-09-08;423;895;335517;324245;81.4;78.7
40;2021-09-09;264;718;335781;324963;81.5;78.9
40;2021-09-10;362;933;336143;325896;81.6;79.1
40;2021-09-11;249;755;336392;326651;81.7;79.3
40;2021-09-12;8;7;336400;326658;81.7;79.3
40;2021-09-13;470;596;336870;327254;81.8;79.4
40;2021-09-14;359;378;337229;327632;81.9;79.5
40;2021-09-15;503;898;337732;328530;82.0;79.7
40;2021-09-16;240;348;337972;328878;82.0;79.8
40;2021-09-17;368;788;338340;329666;82.1;80.0
40;2021-09-18;179;633;338519;330299;82.2;80.2
40;2021-09-19;0;9;338519;330308;82.2;80.2
40;2021-09-20;153;382;338672;330690;82.2;80.3
40;2021-09-21;150;288;338822;330978;82.2;80.3
40;2021-09-22;233;559;339055;331537;82.3;80.5
40;2021-09-23;165;298;339220;331835;82.3;80.5
40;2021-09-24;237;606;339457;332441;82.4;80.7
40;2021-09-25;134;427;339591;332868;82.4;80.8
40;2021-09-26;0;2;339591;332870;82.4;80.8
40;2021-09-27;86;224;339677;333094;82.5;80.9
40;2021-09-28;82;229;339759;333323;82.5;80.9
40;2021-09-29;206;585;339965;333908;82.5;81.0
40;2021-09-30;98;221;340063;334129;82.5;81.1
40;2021-10-01;225;437;340288;334566;82.6;81.2
40;2021-10-02;181;321;340469;334887;82.6;81.3
40;2021-10-03;0;2;340469;334889;82.6;81.3
40;2021-10-04;130;249;340599;335138;82.7;81.3
40;2021-10-05;79;205;340678;335343;82.7;81.4
40;2021-10-06;254;460;340932;335803;82.8;81.5
40;2021-10-07;96;196;341028;335999;82.8;81.6
40;2021-10-08;167;451;341195;336450;82.8;81.7
40;2021-10-09;140;212;341335;336662;82.9;81.7
40;2021-10-10;2;8;341337;336670;82.9;81.7
40;2021-10-11;69;255;341406;336925;82.9;81.8
40;2021-10-12;70;227;341476;337152;82.9;81.8
40;2021-10-13;224;460;341700;337612;82.9;81.9
41;2020-12-27;0;0;0;0;0.0;0.0
41;2020-12-28;0;0;0;0;0.0;0.0
41;2020-12-29;0;0;0;0;0.0;0.0
41;2020-12-30;0;0;0;0;0.0;0.0
41;2020-12-31;0;0;0;0;0.0;0.0
41;2021-01-01;0;0;0;0;0.0;0.0
41;2021-01-02;3;0;3;0;0.0;0.0
41;2021-01-03;0;0;3;0;0.0;0.0
41;2021-01-04;0;0;3;0;0.0;0.0
41;2021-01-05;35;0;38;0;0.0;0.0
41;2021-01-06;71;0;109;0;0.0;0.0
41;2021-01-07;21;0;130;0;0.0;0.0
41;2021-01-08;1;0;131;0;0.0;0.0
41;2021-01-09;0;0;131;0;0.0;0.0
41;2021-01-10;0;0;131;0;0.0;0.0
41;2021-01-11;133;0;264;0;0.1;0.0
41;2021-01-12;321;1;585;1;0.2;0.0
41;2021-01-13;271;0;856;1;0.3;0.0
41;2021-01-14;284;2;1140;3;0.3;0.0
41;2021-01-15;215;1;1355;4;0.4;0.0
41;2021-01-16;0;0;1355;4;0.4;0.0
41;2021-01-17;0;0;1355;4;0.4;0.0
41;2021-01-18;397;2;1752;6;0.5;0.0
41;2021-01-19;857;2;2609;8;0.8;0.0
41;2021-01-20;1059;5;3668;13;1.1;0.0
41;2021-01-21;1567;9;5235;22;1.6;0.0
41;2021-01-22;840;1;6075;23;1.9;0.0
41;2021-01-23;92;0;6167;23;1.9;0.0
41;2021-01-24;0;0;6167;23;1.9;0.0
41;2021-01-25;421;1;6588;24;2.0;0.0
41;2021-01-26;473;4;7061;28;2.2;0.0
41;2021-01-27;441;2;7502;30;2.3;0.0
41;2021-01-28;604;56;8106;86;2.5;0.0
41;2021-01-29;260;30;8366;116;2.6;0.0
41;2021-01-30;0;0;8366;116;2.6;0.0
41;2021-01-31;0;0;8366;116;2.6;0.0
41;2021-02-01;349;148;8715;264;2.7;0.1
41;2021-02-02;470;230;9185;494;2.8;0.2
41;2021-02-03;342;203;9527;697;2.9;0.2
41;2021-02-04;559;154;10086;851;3.1;0.3
41;2021-02-05;329;188;10415;1039;3.2;0.3
41;2021-02-06;5;0;10420;1039;3.2;0.3
41;2021-02-07;2;0;10422;1039;3.2;0.3
41;2021-02-08;305;306;10727;1345;3.3;0.4
41;2021-02-09;599;454;11326;1799;3.5;0.5
41;2021-02-10;486;695;11812;2494;3.6;0.8
41;2021-02-11;1067;1158;12879;3652;3.9;1.1
41;2021-02-12;688;361;13567;4013;4.1;1.2
41;2021-02-13;9;5;13576;4018;4.1;1.2
41;2021-02-14;3;27;13579;4045;4.1;1.2
41;2021-02-15;314;306;13893;4351;4.2;1.3
41;2021-02-16;354;567;14247;4918;4.3;1.5
41;2021-02-17;317;457;14564;5375;4.4;1.6
41;2021-02-18;617;326;15181;5701;4.6;1.7
41;2021-02-19;456;337;15637;6038;4.8;1.8
41;2021-02-20;68;58;15705;6096;4.8;1.9
41;2021-02-21;0;0;15705;6096;4.8;1.9
41;2021-02-22;311;414;16016;6510;4.9;2.0
41;2021-02-23;454;346;16470;6856;5.0;2.1
41;2021-02-24;284;442;16754;7298;5.1;2.2
41;2021-02-25;675;461;17429;7759;5.3;2.4
41;2021-02-26;630;253;18059;8012;5.5;2.4
41;2021-02-27;161;4;18220;8016;5.6;2.4
41;2021-02-28;4;31;18224;8047;5.6;2.5
41;2021-03-01;311;315;18535;8362;5.7;2.6
41;2021-03-02;650;410;19185;8772;5.9;2.7
41;2021-03-03;496;411;19681;9183;6.0;2.8
41;2021-03-04;785;840;20466;10023;6.2;3.1
41;2021-03-05;840;675;21306;10698;6.5;3.3
41;2021-03-06;715;23;22021;10721;6.7;3.3
41;2021-03-07;498;20;22519;10741;6.9;3.3
41;2021-03-08;301;376;22820;11117;7.0;3.4
41;2021-03-09;1043;452;23863;11569;7.3;3.5
41;2021-03-10;721;458;24584;12027;7.5;3.7
41;2021-03-11;1184;686;25768;12713;7.9;3.9
41;2021-03-12;1115;414;26883;13127;8.2;4.0
41;2021-03-13;1224;20;28107;13147;8.6;4.0
41;2021-03-14;392;7;28499;13154;8.7;4.0
41;2021-03-15;798;353;29297;13507;8.9;4.1
41;2021-03-16;1061;412;30358;13919;9.3;4.2
41;2021-03-17;586;240;30944;14159;9.4;4.3
41;2021-03-18;926;399;31870;14558;9.7;4.4
41;2021-03-19;911;335;32781;14893;10.0;4.5
41;2021-03-20;543;22;33324;14915;10.2;4.5
41;2021-03-21;1;0;33325;14915;10.2;4.5
41;2021-03-22;810;275;34135;15190;10.4;4.6
41;2021-03-23;1309;495;35444;15685;10.8;4.8
41;2021-03-24;1231;367;36675;16052;11.2;4.9
41;2021-03-25;2026;439;38701;16491;11.8;5.0
41;2021-03-26;1655;327;40356;16818;12.3;5.1
41;2021-03-27;451;58;40807;16876;12.4;5.1
41;2021-03-28;1;0;40808;16876;12.4;5.1
41;2021-03-29;939;310;41747;17186;12.7;5.2
41;2021-03-30;1496;599;43243;17785;13.2;5.4
41;2021-03-31;1148;497;44391;18282;13.5;5.6
41;2021-04-01;2252;567;46643;18849;14.2;5.7
41;2021-04-02;1242;475;47885;19324;14.6;5.9
41;2021-04-03;321;6;48206;19330;14.7;5.9
41;2021-04-04;39;0;48245;19330;14.7;5.9
41;2021-04-05;140;2;48385;19332;14.8;5.9
41;2021-04-06;1301;626;49686;19958;15.2;6.1
41;2021-04-07;1852;710;51538;20668;15.7;6.3
41;2021-04-08;2294;920;53832;21588;16.4;6.6
41;2021-04-09;2568;613;56400;22201;17.2;6.8
41;2021-04-10;954;498;57354;22699;17.5;6.9
41;2021-04-11;279;376;57633;23075;17.6;7.0
41;2021-04-12;1689;659;59322;23734;18.1;7.2
41;2021-04-13;2259;988;61581;24722;18.8;7.5
41;2021-04-14;1794;554;63375;25276;19.3;7.7
41;2021-04-15;2384;980;65759;26256;20.1;8.0
41;2021-04-16;1929;628;67688;26884;20.6;8.2
41;2021-04-17;647;138;68335;27022;20.8;8.2
41;2021-04-18;5;0;68340;27022;20.8;8.2
41;2021-04-19;1260;745;69600;27767;21.2;8.5
41;2021-04-20;2004;1203;71604;28970;21.8;8.8
41;2021-04-21;1503;920;73107;29890;22.3;9.1
41;2021-04-22;2236;1604;75343;31494;23.0;9.6
41;2021-04-23;1736;1080;77079;32574;23.5;9.9
41;2021-04-24;1544;283;78623;32857;24.0;10.0
41;2021-04-25;1007;21;79630;32878;24.3;10.0
41;2021-04-26;1354;625;80984;33503;24.7;10.2
41;2021-04-27;2093;1040;83077;34543;25.3;10.5
41;2021-04-28;1563;865;84640;35408;25.8;10.8
41;2021-04-29;2210;1380;86850;36788;26.5;11.2
41;2021-04-30;1963;878;88813;37666;27.1;11.5
41;2021-05-01;189;12;89002;37678;27.1;11.5
41;2021-05-02;107;17;89109;37695;27.2;11.5
41;2021-05-03;1864;896;90973;38591;27.7;11.8
41;2021-05-04;2092;1543;93065;40134;28.4;12.2
41;2021-05-05;1882;1193;94947;41327;29.0;12.6
41;2021-05-06;2447;1695;97394;43022;29.7;13.1
41;2021-05-07;2016;1805;99410;44827;30.3;13.7
41;2021-05-08;202;154;99612;44981;30.4;13.7
41;2021-05-09;11;354;99623;45335;30.4;13.8
41;2021-05-10;1590;1558;101213;46893;30.9;14.3
41;2021-05-11;2085;2102;103298;48995;31.5;14.9
41;2021-05-12;1951;1678;105249;50673;32.1;15.5
41;2021-05-13;1485;949;106734;51622;32.6;15.7
41;2021-05-14;1577;1305;108311;52927;33.0;16.1
41;2021-05-15;206;295;108517;53222;33.1;16.2
41;2021-05-16;4;0;108521;53222;33.1;16.2
41;2021-05-17;2484;564;111005;53786;33.9;16.4
41;2021-05-18;3138;1032;114143;54818;34.8;16.7
41;2021-05-19;2553;675;116696;55493;35.6;16.9
41;2021-05-20;3349;1152;120045;56645;36.6;17.3
41;2021-05-21;2727;968;122772;57613;37.4;17.6
41;2021-05-22;396;237;123168;57850;37.6;17.6
41;2021-05-23;6;2;123174;57852;37.6;17.6
41;2021-05-24;2605;150;125779;58002;38.4;17.7
41;2021-05-25;2991;577;128770;58579;39.3;17.9
41;2021-05-26;3037;652;131807;59231;40.2;18.1
41;2021-05-27;3294;1111;135101;60342;41.2;18.4
41;2021-05-28;3144;979;138245;61321;42.2;18.7
41;2021-05-29;2073;429;140318;61750;42.8;18.8
41;2021-05-30;344;22;140662;61772;42.9;18.8
41;2021-05-31;1710;1505;142372;63277;43.4;19.3
41;2021-06-01;2263;2012;144635;65289;44.1;19.9
41;2021-06-02;1832;1289;146467;66578;44.7;20.3
41;2021-06-03;2597;1942;149064;68520;45.5;20.9
41;2021-06-04;2303;1967;151367;70487;46.2;21.5
41;2021-06-05;611;1583;151978;72070;46.4;22.0
41;2021-06-06;109;927;152087;72997;46.4;22.3
41;2021-06-07;1515;1529;153602;74526;46.9;22.7
41;2021-06-08;1712;2413;155314;76939;47.4;23.5
41;2021-06-09;1615;1641;156929;78580;47.9;24.0
41;2021-06-10;1917;1819;158846;80399;48.5;24.5
41;2021-06-11;1572;1794;160418;82193;48.9;25.1
41;2021-06-12;664;649;161082;82842;49.1;25.3
41;2021-06-13;13;77;161095;82919;49.1;25.3
41;2021-06-14;1269;1963;162364;84882;49.5;25.9
41;2021-06-15;1834;2761;164198;87643;50.1;26.7
41;2021-06-16;1724;2309;165922;89952;50.6;27.4
41;2021-06-17;1810;2574;167732;92526;51.2;28.2
41;2021-06-18;1662;2400;169394;94926;51.7;29.0
41;2021-06-19;412;531;169806;95457;51.8;29.1
41;2021-06-20;11;32;169817;95489;51.8;29.1
41;2021-06-21;1325;1779;171142;97268;52.2;29.7
41;2021-06-22;1619;2563;172761;99831;52.7;30.5
41;2021-06-23;1375;2046;174136;101877;53.1;31.1
41;2021-06-24;1483;2308;175619;104185;53.6;31.8
41;2021-06-25;1294;2617;176913;106802;54.0;32.6
41;2021-06-26;433;614;177346;107416;54.1;32.8
41;2021-06-27;1;4;177347;107420;54.1;32.8
41;2021-06-28;404;2696;177751;110116;54.2;33.6
41;2021-06-29;664;3442;178415;113558;54.4;34.6
41;2021-06-30;552;3068;178967;116626;54.6;35.6
41;2021-07-01;765;3106;179732;119732;54.8;36.5
41;2021-07-02;589;3501;180321;123233;55.0;37.6
41;2021-07-03;158;647;180479;123880;55.1;37.8
41;2021-07-04;2;2;180481;123882;55.1;37.8
41;2021-07-05;284;2818;180765;126700;55.1;38.6
41;2021-07-06;667;3634;181432;130334;55.3;39.8
41;2021-07-07;479;3137;181911;133471;55.5;40.7
41;2021-07-08;940;3366;182851;136837;55.8;41.7
41;2021-07-09;540;3641;183391;140478;55.9;42.9
41;2021-07-10;247;2088;183638;142566;56.0;43.5
41;2021-07-11;5;280;183643;142846;56.0;43.6
41;2021-07-12;861;2291;184504;145137;56.3;44.3
41;2021-07-13;1198;3285;185702;148422;56.6;45.3
41;2021-07-14;141;1080;185843;149502;56.7;45.6
41;2021-07-15;1333;3319;187176;152821;57.1;46.6
41;2021-07-16;1091;3389;188267;156210;57.4;47.6
41;2021-07-17;344;807;188611;157017;57.5;47.9
41;2021-07-18;24;32;188635;157049;57.5;47.9
41;2021-07-19;1191;2319;189826;159368;57.9;48.6
41;2021-07-20;1643;2745;191469;162113;58.4;49.4
41;2021-07-21;1709;2086;193178;164199;58.9;50.1
41;2021-07-22;2263;2300;195441;166499;59.6;50.8
41;2021-07-23;2104;2468;197545;168967;60.3;51.5
41;2021-07-24;329;842;197874;169809;60.4;51.8
41;2021-07-25;19;23;197893;169832;60.4;51.8
41;2021-07-26;1902;1679;199795;171511;60.9;52.3
41;2021-07-27;2534;2345;202329;173856;61.7;53.0
41;2021-07-28;2161;1831;204490;175687;62.4;53.6
41;2021-07-29;2345;2027;206835;177714;63.1;54.2
41;2021-07-30;2151;2084;208986;179798;63.7;54.8
41;2021-07-31;380;581;209366;180379;63.9;55.0
41;2021-08-01;21;7;209387;180386;63.9;55.0
41;2021-08-02;1550;1605;210937;181991;64.3;55.5
41;2021-08-03;2517;1857;213454;183848;65.1;56.1
41;2021-08-04;2302;1199;215756;185047;65.8;56.4
41;2021-08-05;3047;1266;218803;186313;66.7;56.8
41;2021-08-06;2214;1305;221017;187618;67.4;57.2
41;2021-08-07;511;347;221528;187965;67.6;57.3
41;2021-08-08;13;20;221541;187985;67.6;57.3
41;2021-08-09;1689;1357;223230;189342;68.1;57.8
41;2021-08-10;2563;1423;225793;190765;68.9;58.2
41;2021-08-11;1593;1440;227386;192205;69.4;58.6
41;2021-08-12;1942;1339;229328;193544;70.0;59.0
41;2021-08-13;1474;1697;230802;195241;70.4;59.6
41;2021-08-14;365;209;231167;195450;70.5;59.6
41;2021-08-15;0;16;231167;195466;70.5;59.6
41;2021-08-16;864;2069;232031;197535;70.8;60.3
41;2021-08-17;1498;1634;233529;199169;71.2;60.8
41;2021-08-18;1135;1971;234664;201140;71.6;61.4
41;2021-08-19;1312;1554;235976;202694;72.0;61.8
41;2021-08-20;915;2313;236891;205007;72.3;62.5
41;2021-08-21;120;227;237011;205234;72.3;62.6
41;2021-08-22;1;32;237012;205266;72.3;62.6
41;2021-08-23;694;2295;237706;207561;72.5;63.3
41;2021-08-24;1415;2313;239121;209874;72.9;64.0
41;2021-08-25;620;2200;239741;212074;73.1;64.7
41;2021-08-26;843;2821;240584;214895;73.4;65.5
41;2021-08-27;621;2763;241205;217658;73.6;66.4
41;2021-08-28;99;622;241304;218280;73.6;66.6
41;2021-08-29;46;24;241350;218304;73.6;66.6
41;2021-08-30;668;2114;242018;220418;73.8;67.2
41;2021-08-31;765;2556;242783;222974;74.1;68.0
41;2021-09-01;501;1711;243284;224685;74.2;68.5
41;2021-09-02;628;2011;243912;226696;74.4;69.1
41;2021-09-03;650;2101;244562;228797;74.6;69.8
41;2021-09-04;194;555;244756;229352;74.7;70.0
41;2021-09-05;3;0;244759;229352;74.7;70.0
41;2021-09-06;291;958;245050;230310;74.7;70.3
41;2021-09-07;415;1195;245465;231505;74.9;70.6
41;2021-09-08;314;1172;245779;232677;75.0;71.0
41;2021-09-09;295;1164;246074;233841;75.1;71.3
41;2021-09-10;381;1197;246455;235038;75.2;71.7
41;2021-09-11;85;366;246540;235404;75.2;71.8
41;2021-09-12;0;9;246540;235413;75.2;71.8
41;2021-09-13;200;647;246740;236060;75.3;72.0
41;2021-09-14;364;826;247104;236886;75.4;72.3
41;2021-09-15;279;1070;247383;237956;75.5;72.6
41;2021-09-16;237;833;247620;238789;75.5;72.8
41;2021-09-17;360;713;247980;239502;75.6;73.1
41;2021-09-18;78;169;248058;239671;75.7;73.1
41;2021-09-19;0;7;248058;239678;75.7;73.1
41;2021-09-20;177;514;248235;240192;75.7;73.3
41;2021-09-21;182;515;248417;240707;75.8;73.4
41;2021-09-22;268;802;248685;241509;75.9;73.7
41;2021-09-23;237;662;248922;242171;75.9;73.9
41;2021-09-24;313;630;249235;242801;76.0;74.1
41;2021-09-25;70;233;249305;243034;76.0;74.1
41;2021-09-26;0;3;249305;243037;76.0;74.1
41;2021-09-27;165;342;249470;243379;76.1;74.2
41;2021-09-28;156;421;249626;243800;76.1;74.4
41;2021-09-29;178;490;249804;244290;76.2;74.5
41;2021-09-30;112;337;249916;244627;76.2;74.6
41;2021-10-01;210;390;250126;245017;76.3;74.7
41;2021-10-02;80;140;250206;245157;76.3;74.8
41;2021-10-03;0;0;250206;245157;76.3;74.8
41;2021-10-04;106;264;250312;245421;76.4;74.9
41;2021-10-05;117;297;250429;245718;76.4;75.0
41;2021-10-06;224;412;250653;246130;76.5;75.1
41;2021-10-07;120;176;250773;246306;76.5;75.1
41;2021-10-08;199;511;250972;246817;76.6;75.3
41;2021-10-09;51;119;251023;246936;76.6;75.3
41;2021-10-10;0;18;251023;246954;76.6;75.3
41;2021-10-11;118;170;251141;247124;76.6;75.4
41;2021-10-12;67;167;251208;247291;76.6;75.4
41;2021-10-13;182;286;251390;247577;76.7;75.5
42;2020-12-27;1;0;1;0;0.0;0.0
42;2020-12-28;0;0;1;0;0.0;0.0
42;2020-12-29;0;0;1;0;0.0;0.0
42;2020-12-30;0;0;1;0;0.0;0.0
42;2020-12-31;0;0;1;0;0.0;0.0
42;2021-01-01;0;0;1;0;0.0;0.0
42;2021-01-02;0;0;1;0;0.0;0.0
42;2021-01-03;0;0;1;0;0.0;0.0
42;2021-01-04;1;0;2;0;0.0;0.0
42;2021-01-05;1;0;3;0;0.0;0.0
42;2021-01-06;178;1;181;1;0.0;0.0
42;2021-01-07;256;0;437;1;0.1;0.0
42;2021-01-08;264;5;701;6;0.1;0.0
42;2021-01-09;136;0;837;6;0.1;0.0
42;2021-01-10;0;0;837;6;0.1;0.0
42;2021-01-11;293;2;1130;8;0.1;0.0
42;2021-01-12;412;1;1542;9;0.2;0.0
42;2021-01-13;527;2;2069;11;0.3;0.0
42;2021-01-14;775;4;2844;15;0.4;0.0
42;2021-01-15;707;4;3551;19;0.5;0.0
42;2021-01-16;298;2;3849;21;0.5;0.0
42;2021-01-17;219;0;4068;21;0.5;0.0
42;2021-01-18;968;1;5036;22;0.7;0.0
42;2021-01-19;1329;10;6365;32;0.8;0.0
42;2021-01-20;956;4;7321;36;1.0;0.0
42;2021-01-21;1023;6;8344;42;1.1;0.0
42;2021-01-22;992;7;9336;49;1.2;0.0
42;2021-01-23;401;0;9737;49;1.3;0.0
42;2021-01-24;359;0;10096;49;1.3;0.0
42;2021-01-25;1100;13;11196;62;1.5;0.0
42;2021-01-26;1750;21;12946;83;1.7;0.0
42;2021-01-27;1456;126;14402;209;1.9;0.0
42;2021-01-28;1667;146;16069;355;2.1;0.0
42;2021-01-29;946;120;17015;475;2.2;0.1
42;2021-01-30;257;110;17272;585;2.3;0.1
42;2021-01-31;258;2;17530;587;2.3;0.1
42;2021-02-01;738;63;18268;650;2.4;0.1
42;2021-02-02;1854;322;20122;972;2.6;0.1
42;2021-02-03;1518;492;21640;1464;2.8;0.2
42;2021-02-04;1279;616;22919;2080;3.0;0.3
42;2021-02-05;684;528;23603;2608;3.1;0.3
42;2021-02-06;304;151;23907;2759;3.1;0.4
42;2021-02-07;276;154;24183;2913;3.2;0.4
42;2021-02-08;506;615;24689;3528;3.2;0.5
42;2021-02-09;703;798;25392;4326;3.3;0.6
42;2021-02-10;742;689;26134;5015;3.4;0.7
42;2021-02-11;773;688;26907;5703;3.5;0.7
42;2021-02-12;675;754;27582;6457;3.6;0.8
42;2021-02-13;428;304;28010;6761;3.7;0.9
42;2021-02-14;186;221;28196;6982;3.7;0.9
42;2021-02-15;520;820;28716;7802;3.8;1.0
42;2021-02-16;490;1240;29206;9042;3.8;1.2
42;2021-02-17;518;1531;29724;10573;3.9;1.4
42;2021-02-18;757;1388;30481;11961;4.0;1.6
42;2021-02-19;768;1023;31249;12984;4.1;1.7
42;2021-02-20;248;424;31497;13408;4.1;1.8
42;2021-02-21;63;327;31560;13735;4.1;1.8
42;2021-02-22;574;961;32134;14696;4.2;1.9
42;2021-02-23;1211;1440;33345;16136;4.4;2.1
42;2021-02-24;1244;1221;34589;17357;4.5;2.3
42;2021-02-25;1667;1420;36256;18777;4.7;2.5
42;2021-02-26;1646;927;37902;19704;5.0;2.6
42;2021-02-27;580;297;38482;20001;5.0;2.6
42;2021-02-28;167;126;38649;20127;5.1;2.6
42;2021-03-01;807;847;39456;20974;5.2;2.7
42;2021-03-02;1275;822;40731;21796;5.3;2.9
42;2021-03-03;1368;811;42099;22607;5.5;3.0
42;2021-03-04;1705;729;43804;23336;5.7;3.1
42;2021-03-05;2623;678;46427;24014;6.1;3.1
42;2021-03-06;1934;276;48361;24290;6.3;3.2
42;2021-03-07;1491;97;49852;24387;6.5;3.2
42;2021-03-08;1405;518;51257;24905;6.7;3.3
42;2021-03-09;1983;464;53240;25369;7.0;3.3
42;2021-03-10;2053;514;55293;25883;7.2;3.4
42;2021-03-11;3048;641;58341;26524;7.6;3.5
42;2021-03-12;3008;837;61349;27361;8.0;3.6
42;2021-03-13;1479;374;62828;27735;8.2;3.6
42;2021-03-14;472;177;63300;27912;8.3;3.6
42;2021-03-15;1572;609;64872;28521;8.5;3.7
42;2021-03-16;1472;782;66344;29303;8.7;3.8
42;2021-03-17;1723;1085;68067;30388;8.9;4.0
42;2021-03-18;1803;1033;69870;31421;9.1;4.1
42;2021-03-19;2566;691;72436;32112;9.5;4.2
42;2021-03-20;1672;236;74108;32348;9.7;4.2
42;2021-03-21;526;102;74634;32450;9.8;4.2
42;2021-03-22;1426;747;76060;33197;9.9;4.3
42;2021-03-23;2507;875;78567;34072;10.3;4.5
42;2021-03-24;2783;797;81350;34869;10.6;4.6
42;2021-03-25;3720;944;85070;35813;11.1;4.7
42;2021-03-26;3759;793;88829;36606;11.6;4.8
42;2021-03-27;1806;454;90635;37060;11.9;4.8
42;2021-03-28;1039;217;91674;37277;12.0;4.9
42;2021-03-29;2064;933;93738;38210;12.3;5.0
42;2021-03-30;3146;881;96884;39091;12.7;5.1
42;2021-03-31;2444;1084;99328;40175;13.0;5.3
42;2021-04-01;3391;1059;102719;41234;13.4;5.4
42;2021-04-02;2849;1236;105568;42470;13.8;5.6
42;2021-04-03;1418;612;106986;43082;14.0;5.6
42;2021-04-04;1403;397;108389;43479;14.2;5.7
42;2021-04-05;1901;304;110290;43783;14.4;5.7
42;2021-04-06;2292;1420;112582;45203;14.7;5.9
42;2021-04-07;2761;1845;115343;47048;15.1;6.2
42;2021-04-08;4025;1606;119368;48654;15.6;6.4
42;2021-04-09;5135;1569;124503;50223;16.3;6.6
42;2021-04-10;2591;777;127094;51000;16.6;6.7
42;2021-04-11;1957;434;129051;51434;16.9;6.7
42;2021-04-12;3699;1555;132750;52989;17.4;6.9
42;2021-04-13;4659;1816;137409;54805;18.0;7.2
42;2021-04-14;4308;1914;141717;56719;18.5;7.4
42;2021-04-15;4809;1849;146526;58568;19.2;7.7
42;2021-04-16;4621;1899;151147;60467;19.8;7.9
42;2021-04-17;2982;1079;154129;61546;20.2;8.0
42;2021-04-18;1887;417;156016;61963;20.4;8.1
42;2021-04-19;3090;1544;159106;63507;20.8;8.3
42;2021-04-20;3468;1962;162574;65469;21.3;8.6
42;2021-04-21;3479;1754;166053;67223;21.7;8.8
42;2021-04-22;3768;1959;169821;69182;22.2;9.0
42;2021-04-23;3842;2025;173663;71207;22.7;9.3
42;2021-04-24;2363;1520;176026;72727;23.0;9.5
42;2021-04-25;1658;949;177684;73676;23.2;9.6
42;2021-04-26;3280;1740;180964;75416;23.7;9.9
42;2021-04-27;3253;2217;184217;77633;24.1;10.2
42;2021-04-28;3463;2629;187680;80262;24.5;10.5
42;2021-04-29;3768;2822;191448;83084;25.0;10.9
42;2021-04-30;3360;3037;194808;86121;25.5;11.3
42;2021-05-01;2968;1055;197776;87176;25.9;11.4
42;2021-05-02;1934;1264;199710;88440;26.1;11.6
42;2021-05-03;2868;2772;202578;91212;26.5;11.9
42;2021-05-04;3416;3136;205994;94348;26.9;12.3
42;2021-05-05;3328;3405;209322;97753;27.4;12.8
42;2021-05-06;3888;3776;213210;101529;27.9;13.3
42;2021-05-07;3732;4044;216942;105573;28.4;13.8
42;2021-05-08;3164;1075;220106;106648;28.8;13.9
42;2021-05-09;1505;2213;221611;108861;29.0;14.2
42;2021-05-10;3250;3831;224861;112692;29.4;14.7
42;2021-05-11;5574;3917;230435;116609;30.1;15.2
42;2021-05-12;5339;3571;235774;120180;30.8;15.7
42;2021-05-13;5450;1152;241224;121332;31.5;15.9
42;2021-05-14;5237;2928;246461;124260;32.2;16.2
42;2021-05-15;4880;2127;251341;126387;32.9;16.5
42;2021-05-16;2873;1036;254214;127423;33.2;16.7
42;2021-05-17;5885;2840;260099;130263;34.0;17.0
42;2021-05-18;6251;2983;266350;133246;34.8;17.4
42;2021-05-19;6523;2752;272873;135998;35.7;17.8
42;2021-05-20;7103;2898;279976;138896;36.6;18.2
42;2021-05-21;6351;3276;286327;142172;37.4;18.6
42;2021-05-22;5834;2134;292161;144306;38.2;18.9
42;2021-05-23;2832;874;294993;145180;38.6;19.0
42;2021-05-24;5246;1434;300239;146614;39.3;19.2
42;2021-05-25;5152;3941;305391;150555;39.9;19.7
42;2021-05-26;5160;3459;310551;154014;40.6;20.1
42;2021-05-27;5366;3639;315917;157653;41.3;20.6
42;2021-05-28;5044;4208;320961;161861;42.0;21.2
42;2021-05-29;4340;2988;325301;164849;42.5;21.6
42;2021-05-30;1983;1210;327284;166059;42.8;21.7
42;2021-05-31;4241;3424;331525;169483;43.4;22.2
42;2021-06-01;4592;3570;336117;173053;44.0;22.6
42;2021-06-02;4482;3018;340599;176071;44.5;23.0
42;2021-06-03;4930;3844;345529;179915;45.2;23.5
42;2021-06-04;4765;4217;350294;184132;45.8;24.1
42;2021-06-05;3689;2427;353983;186559;46.3;24.4
42;2021-06-06;1445;1295;355428;187854;46.5;24.6
42;2021-06-07;3992;3377;359420;191231;47.0;25.0
42;2021-06-08;3466;3248;362886;194479;47.5;25.4
42;2021-06-09;2964;3206;365850;197685;47.8;25.9
42;2021-06-10;3242;2934;369092;200619;48.3;26.2
42;2021-06-11;3585;4118;372677;204737;48.7;26.8
42;2021-06-12;2863;2882;375540;207619;49.1;27.1
42;2021-06-13;944;1278;376484;208897;49.2;27.3
42;2021-06-14;2313;4062;378797;212959;49.5;27.8
42;2021-06-15;2830;4070;381627;217029;49.9;28.4
42;2021-06-16;2919;3552;384546;220581;50.3;28.8
42;2021-06-17;2635;3738;387181;224319;50.6;29.3
42;2021-06-18;3093;5146;390274;229465;51.0;30.0
42;2021-06-19;2845;4243;393119;233708;51.4;30.6
42;2021-06-20;857;1844;393976;235552;51.5;30.8
42;2021-06-21;1909;6277;395885;241829;51.8;31.6
42;2021-06-22;1875;5891;397760;247720;52.0;32.4
42;2021-06-23;1845;5321;399605;253041;52.3;33.1
42;2021-06-24;1785;4683;401390;257724;52.5;33.7
42;2021-06-25;2036;6952;403426;264676;52.8;34.6
42;2021-06-26;1408;5818;404834;270494;52.9;35.4
42;2021-06-27;756;2858;405590;273352;53.0;35.7
42;2021-06-28;1746;7063;407336;280415;53.3;36.7
42;2021-06-29;1526;6566;408862;286981;53.5;37.5
42;2021-06-30;1969;5766;410831;292747;53.7;38.3
42;2021-07-01;1779;5119;412610;297866;54.0;39.0
42;2021-07-02;2048;6740;414658;304606;54.2;39.8
42;2021-07-03;1760;5979;416418;310585;54.5;40.6
42;2021-07-04;853;2514;417271;313099;54.6;40.9
42;2021-07-05;1716;6289;418987;319388;54.8;41.8
42;2021-07-06;2106;5576;421093;324964;55.1;42.5
42;2021-07-07;2338;4656;423431;329620;55.4;43.1
42;2021-07-08;2272;3958;425703;333578;55.7;43.6
42;2021-07-09;2416;6096;428119;339674;56.0;44.4
42;2021-07-10;1693;5581;429812;345255;56.2;45.1
42;2021-07-11;921;2304;430733;347559;56.3;45.4
42;2021-07-12;1777;6290;432510;353849;56.6;46.3
42;2021-07-13;3610;6290;436120;360139;57.0;47.1
42;2021-07-14;4480;2055;440600;362194;57.6;47.4
42;2021-07-15;4558;5630;445158;367824;58.2;48.1
42;2021-07-16;4442;6198;449600;374022;58.8;48.9
42;2021-07-17;3219;4710;452819;378732;59.2;49.5
42;2021-07-18;1838;1743;454657;380475;59.5;49.8
42;2021-07-19;3806;5074;458463;385549;60.0;50.4
42;2021-07-20;4719;4821;463182;390370;60.6;51.0
42;2021-07-21;5176;4720;468358;395090;61.2;51.7
42;2021-07-22;5501;3939;473859;399029;62.0;52.2
42;2021-07-23;5500;5120;479359;404149;62.7;52.8
42;2021-07-24;4038;3834;483397;407983;63.2;53.3
42;2021-07-25;1656;1391;485053;409374;63.4;53.5
42;2021-07-26;4731;4314;489784;413688;64.0;54.1
42;2021-07-27;5333;3958;495117;417646;64.7;54.6
42;2021-07-28;5783;3676;500900;421322;65.5;55.1
42;2021-07-29;5678;3435;506578;424757;66.2;55.5
42;2021-07-30;5141;3776;511719;428533;66.9;56.0
42;2021-07-31;4765;3057;516484;431590;67.5;56.4
42;2021-08-01;2498;1318;518982;432908;67.9;56.6
42;2021-08-02;4367;3106;523349;436014;68.4;57.0
42;2021-08-03;3826;3285;527175;439299;68.9;57.4
42;2021-08-04;3473;3225;530648;442524;69.4;57.9
42;2021-08-05;3403;3315;534051;445839;69.8;58.3
42;2021-08-06;3640;3995;537691;449834;70.3;58.8
42;2021-08-07;3022;3067;540713;452901;70.7;59.2
42;2021-08-08;1200;1717;541913;454618;70.9;59.4
42;2021-08-09;2808;3859;544721;458477;71.2;60.0
42;2021-08-10;3275;3909;547996;462386;71.7;60.5
42;2021-08-11;2593;3521;550589;465907;72.0;60.9
42;2021-08-12;2518;3569;553107;469476;72.3;61.4
42;2021-08-13;2334;3909;555441;473385;72.6;61.9
42;2021-08-14;1652;3269;557093;476654;72.8;62.3
42;2021-08-15;600;1027;557693;477681;72.9;62.5
42;2021-08-16;2078;4572;559771;482253;73.2;63.1
42;2021-08-17;2246;4176;562017;486429;73.5;63.6
42;2021-08-18;2053;4146;564070;490575;73.8;64.1
42;2021-08-19;1931;3370;566001;493945;74.0;64.6
42;2021-08-20;2270;4612;568271;498557;74.3;65.2
42;2021-08-21;1083;3866;569354;502423;74.5;65.7
42;2021-08-22;501;2020;569855;504443;74.5;66.0
42;2021-08-23;1625;4668;571480;509111;74.7;66.6
42;2021-08-24;1748;4044;573228;513155;75.0;67.1
42;2021-08-25;1748;3900;574976;517055;75.2;67.6
42;2021-08-26;1445;3048;576421;520103;75.4;68.0
42;2021-08-27;1776;4564;578197;524667;75.6;68.6
42;2021-08-28;1311;3707;579508;528374;75.8;69.1
42;2021-08-29;377;1428;579885;529802;75.8;69.3
42;2021-08-30;1285;3345;581170;533147;76.0;69.7
42;2021-08-31;1238;2713;582408;535860;76.2;70.1
42;2021-09-01;1253;2812;583661;538672;76.3;70.4
42;2021-09-02;1322;2615;584983;541287;76.5;70.8
42;2021-09-03;1573;2940;586556;544227;76.7;71.2
42;2021-09-04;1046;2816;587602;547043;76.8;71.5
42;2021-09-05;382;742;587984;547785;76.9;71.6
42;2021-09-06;763;1781;588747;549566;77.0;71.9
42;2021-09-07;824;1582;589571;551148;77.1;72.1
42;2021-09-08;920;1919;590491;553067;77.2;72.3
42;2021-09-09;658;1463;591149;554530;77.3;72.5
42;2021-09-10;928;1984;592077;556514;77.4;72.8
42;2021-09-11;728;2307;592805;558821;77.5;73.1
42;2021-09-12;163;518;592968;559339;77.5;73.1
42;2021-09-13;551;1161;593519;560500;77.6;73.3
42;2021-09-14;773;1363;594292;561863;77.7;73.5
42;2021-09-15;704;1569;594996;563432;77.8;73.7
42;2021-09-16;526;824;595522;564256;77.9;73.8
42;2021-09-17;737;1637;596259;565893;78.0;74.0
42;2021-09-18;577;1799;596836;567692;78.0;74.2
42;2021-09-19;100;367;596936;568059;78.1;74.3
42;2021-09-20;400;850;597336;568909;78.1;74.4
42;2021-09-21;343;738;597679;569647;78.2;74.5
42;2021-09-22;473;1382;598152;571029;78.2;74.7
42;2021-09-23;372;908;598524;571937;78.3;74.8
42;2021-09-24;471;1563;598995;573500;78.3;75.0
42;2021-09-25;388;1274;599383;574774;78.4;75.2
42;2021-09-26;61;289;599444;575063;78.4;75.2
42;2021-09-27;331;792;599775;575855;78.4;75.3
42;2021-09-28;342;707;600117;576562;78.5;75.4
42;2021-09-29;405;957;600522;577519;78.5;75.5
42;2021-09-30;359;689;600881;578208;78.6;75.6
42;2021-10-01;487;1018;601368;579226;78.6;75.7
42;2021-10-02;378;781;601746;580007;78.7;75.8
42;2021-10-03;90;176;601836;580183;78.7;75.9
42;2021-10-04;269;524;602105;580707;78.7;75.9
42;2021-10-05;286;465;602391;581172;78.8;76.0
42;2021-10-06;412;799;602803;581971;78.8;76.1
42;2021-10-07;287;574;603090;582545;78.9;76.2
42;2021-10-08;405;839;603495;583384;78.9;76.3
42;2021-10-09;381;669;603876;584053;79.0;76.4
42;2021-10-10;89;113;603965;584166;79.0;76.4
42;2021-10-11;262;441;604227;584607;79.0;76.4
42;2021-10-12;202;354;604429;584961;79.0;76.5
42;2021-10-13;433;619;604862;585580;79.1;76.6
43;2020-12-27;0;0;0;0;0.0;0.0
43;2020-12-28;0;0;0;0;0.0;0.0
43;2020-12-29;0;0;0;0;0.0;0.0
43;2020-12-30;0;0;0;0;0.0;0.0
43;2020-12-31;0;0;0;0;0.0;0.0
43;2021-01-01;0;0;0;0;0.0;0.0
43;2021-01-02;0;0;0;0;0.0;0.0
43;2021-01-03;0;0;0;0;0.0;0.0
43;2021-01-04;2;0;2;0;0.0;0.0
43;2021-01-05;0;0;2;0;0.0;0.0
43;2021-01-06;0;0;2;0;0.0;0.0
43;2021-01-07;167;0;169;0;0.1;0.0
43;2021-01-08;151;1;320;1;0.1;0.0
43;2021-01-09;0;0;320;1;0.1;0.0
43;2021-01-10;0;0;320;1;0.1;0.0
43;2021-01-11;137;0;457;1;0.2;0.0
43;2021-01-12;244;1;701;2;0.3;0.0
43;2021-01-13;244;2;945;4;0.4;0.0
43;2021-01-14;294;2;1239;6;0.5;0.0
43;2021-01-15;303;2;1542;8;0.7;0.0
43;2021-01-16;32;0;1574;8;0.7;0.0
43;2021-01-17;0;0;1574;8;0.7;0.0
43;2021-01-18;760;6;2334;14;1.0;0.0
43;2021-01-19;776;5;3110;19;1.4;0.0
43;2021-01-20;519;2;3629;21;1.6;0.0
43;2021-01-21;447;2;4076;23;1.8;0.0
43;2021-01-22;467;7;4543;30;2.0;0.0
43;2021-01-23;1;0;4544;30;2.0;0.0
43;2021-01-24;2;0;4546;30;2.0;0.0
43;2021-01-25;539;0;5085;30;2.2;0.0
43;2021-01-26;614;6;5699;36;2.5;0.0
43;2021-01-27;740;0;6439;36;2.8;0.0
43;2021-01-28;747;31;7186;67;3.2;0.0
43;2021-01-29;722;84;7908;151;3.5;0.1
43;2021-01-30;109;0;8017;151;3.5;0.1
43;2021-01-31;0;0;8017;151;3.5;0.1
43;2021-02-01;403;101;8420;252;3.7;0.1
43;2021-02-02;717;151;9137;403;4.0;0.2
43;2021-02-03;690;44;9827;447;4.3;0.2
43;2021-02-04;525;170;10352;617;4.6;0.3
43;2021-02-05;544;170;10896;787;4.8;0.3
43;2021-02-06;167;19;11063;806;4.9;0.4
43;2021-02-07;0;0;11063;806;4.9;0.4
43;2021-02-08;411;304;11474;1110;5.1;0.5
43;2021-02-09;368;432;11842;1542;5.2;0.7
43;2021-02-10;401;361;12243;1903;5.4;0.8
43;2021-02-11;388;396;12631;2299;5.6;1.0
43;2021-02-12;425;201;13056;2500;5.8;1.1
43;2021-02-13;570;42;13626;2542;6.0;1.1
43;2021-02-14;0;0;13626;2542;6.0;1.1
43;2021-02-15;69;477;13695;3019;6.0;1.3
43;2021-02-16;41;372;13736;3391;6.1;1.5
43;2021-02-17;87;483;13823;3874;6.1;1.7
43;2021-02-18;147;379;13970;4253;6.2;1.9
43;2021-02-19;279;513;14249;4766;6.3;2.1
43;2021-02-20;22;4;14271;4770;6.3;2.1
43;2021-02-21;0;0;14271;4770;6.3;2.1
43;2021-02-22;16;500;14287;5270;6.3;2.3
43;2021-02-23;202;800;14489;6070;6.4;2.7
43;2021-02-24;147;730;14636;6800;6.5;3.0
43;2021-02-25;228;694;14864;7494;6.6;3.3
43;2021-02-26;222;673;15086;8167;6.6;3.6
43;2021-02-27;139;76;15225;8243;6.7;3.6
43;2021-02-28;1;0;15226;8243;6.7;3.6
43;2021-03-01;208;480;15434;8723;6.8;3.8
43;2021-03-02;342;579;15776;9302;7.0;4.1
43;2021-03-03;338;588;16114;9890;7.1;4.4
43;2021-03-04;551;466;16665;10356;7.3;4.6
43;2021-03-05;566;456;17231;10812;7.6;4.8
43;2021-03-06;489;182;17720;10994;7.8;4.8
43;2021-03-07;12;0;17732;10994;7.8;4.8
43;2021-03-08;447;447;18179;11441;8.0;5.0
43;2021-03-09;621;361;18800;11802;8.3;5.2
43;2021-03-10;674;505;19474;12307;8.6;5.4
43;2021-03-11;955;447;20429;12754;9.0;5.6
43;2021-03-12;944;431;21373;13185;9.4;5.8
43;2021-03-13;792;117;22165;13302;9.8;5.9
43;2021-03-14;2;1;22167;13303;9.8;5.9
43;2021-03-15;706;147;22873;13450;10.1;5.9
43;2021-03-16;847;289;23720;13739;10.5;6.1
43;2021-03-17;638;140;24358;13879;10.7;6.1
43;2021-03-18;676;142;25034;14021;11.0;6.2
43;2021-03-19;839;110;25873;14131;11.4;6.2
43;2021-03-20;450;61;26323;14192;11.6;6.3
43;2021-03-21;0;0;26323;14192;11.6;6.3
43;2021-03-22;742;41;27065;14233;11.9;6.3
43;2021-03-23;872;49;27937;14282;12.3;6.3
43;2021-03-24;1174;97;29111;14379;12.8;6.3
43;2021-03-25;1594;162;30705;14541;13.5;6.4
43;2021-03-26;1609;192;32314;14733;14.2;6.5
43;2021-03-27;1449;80;33763;14813;14.9;6.5
43;2021-03-28;420;20;34183;14833;15.1;6.5
43;2021-03-29;1096;171;35279;15004;15.5;6.6
43;2021-03-30;1314;245;36593;15249;16.1;6.7
43;2021-03-31;1306;267;37899;15516;16.7;6.8
43;2021-04-01;1347;344;39246;15860;17.3;7.0
43;2021-04-02;1052;357;40298;16217;17.8;7.1
43;2021-04-03;340;199;40638;16416;17.9;7.2
43;2021-04-04;0;0;40638;16416;17.9;7.2
43;2021-04-05;3;0;40641;16416;17.9;7.2
43;2021-04-06;687;608;41328;17024;18.2;7.5
43;2021-04-07;868;578;42196;17602;18.6;7.8
43;2021-04-08;1086;463;43282;18065;19.1;8.0
43;2021-04-09;1147;663;44429;18728;19.6;8.3
43;2021-04-10;626;265;45055;18993;19.9;8.4
43;2021-04-11;0;0;45055;18993;19.9;8.4
43;2021-04-12;681;650;45736;19643;20.2;8.7
43;2021-04-13;917;726;46653;20369;20.6;9.0
43;2021-04-14;723;672;47376;21041;20.9;9.3
43;2021-04-15;959;702;48335;21743;21.3;9.6
43;2021-04-16;1008;694;49343;22437;21.7;9.9
43;2021-04-17;423;305;49766;22742;21.9;10.0
43;2021-04-18;3;5;49769;22747;21.9;10.0
43;2021-04-19;628;568;50397;23315;22.2;10.3
43;2021-04-20;839;677;51236;23992;22.6;10.6
43;2021-04-21;320;988;51556;24980;22.7;11.0
43;2021-04-22;680;1017;52236;25997;23.0;11.5
43;2021-04-23;401;1103;52637;27100;23.2;11.9
43;2021-04-24;347;1041;52984;28141;23.4;12.4
43;2021-04-25;23;403;53007;28544;23.4;12.6
43;2021-04-26;385;965;53392;29509;23.5;13.0
43;2021-04-27;825;989;54217;30498;23.9;13.4
43;2021-04-28;794;1110;55011;31608;24.2;13.9
43;2021-04-29;1236;1141;56247;32749;24.8;14.4
43;2021-04-30;1199;1070;57446;33819;25.3;14.9
43;2021-05-01;400;27;57846;33846;25.5;14.9
43;2021-05-02;1;0;57847;33846;25.5;14.9
43;2021-05-03;1218;409;59065;34255;26.0;15.1
43;2021-05-04;1237;958;60302;35213;26.6;15.5
43;2021-05-05;1144;849;61446;36062;27.1;15.9
43;2021-05-06;1405;941;62851;37003;27.7;16.3
43;2021-05-07;1089;1173;63940;38176;28.2;16.8
43;2021-05-08;521;136;64461;38312;28.4;16.9
43;2021-05-09;0;2;64461;38314;28.4;16.9
43;2021-05-10;1084;725;65545;39039;28.9;17.2
43;2021-05-11;1553;1010;67098;40049;29.6;17.7
43;2021-05-12;1482;810;68580;40859;30.2;18.0
43;2021-05-13;936;378;69516;41237;30.6;18.2
43;2021-05-14;2204;1112;71720;42349;31.6;18.7
43;2021-05-15;1271;315;72991;42664;32.2;18.8
43;2021-05-16;272;47;73263;42711;32.3;18.8
43;2021-05-17;1625;631;74888;43342;33.0;19.1
43;2021-05-18;1966;676;76854;44018;33.9;19.4
43;2021-05-19;2065;576;78919;44594;34.8;19.7
43;2021-05-20;2338;805;81257;45399;35.8;20.0
43;2021-05-21;2385;709;83642;46108;36.9;20.3
43;2021-05-22;1208;342;84850;46450;37.4;20.5
43;2021-05-23;1;0;84851;46450;37.4;20.5
43;2021-05-24;382;99;85233;46549;37.6;20.5
43;2021-05-25;1407;654;86640;47203;38.2;20.8
43;2021-05-26;1347;559;87987;47762;38.8;21.0
43;2021-05-27;1388;713;89375;48475;39.4;21.4
43;2021-05-28;1348;735;90723;49210;40.0;21.7
43;2021-05-29;1135;604;91858;49814;40.5;22.0
43;2021-05-30;149;17;92007;49831;40.5;22.0
43;2021-05-31;1207;442;93214;50273;41.1;22.2
43;2021-06-01;1281;986;94495;51259;41.6;22.6
43;2021-06-02;1086;700;95581;51959;42.1;22.9
43;2021-06-03;1192;857;96773;52816;42.6;23.3
43;2021-06-04;1351;860;98124;53676;43.2;23.7
43;2021-06-05;823;454;98947;54130;43.6;23.9
43;2021-06-06;10;5;98957;54135;43.6;23.9
43;2021-06-07;748;518;99705;54653;43.9;24.1
43;2021-06-08;664;706;100369;55359;44.2;24.4
43;2021-06-09;538;760;100907;56119;44.5;24.7
43;2021-06-10;807;1120;101714;57239;44.8;25.2
43;2021-06-11;761;1348;102475;58587;45.2;25.8
43;2021-06-12;914;514;103389;59101;45.6;26.0
43;2021-06-13;3;27;103392;59128;45.6;26.1
43;2021-06-14;446;1087;103838;60215;45.8;26.5
43;2021-06-15;629;1195;104467;61410;46.0;27.1
43;2021-06-16;549;974;105016;62384;46.3;27.5
43;2021-06-17;601;1502;105617;63886;46.5;28.2
43;2021-06-18;898;1464;106515;65350;46.9;28.8
43;2021-06-19;447;781;106962;66131;47.1;29.1
43;2021-06-20;0;12;106962;66143;47.1;29.2
43;2021-06-21;424;1307;107386;67450;47.3;29.7
43;2021-06-22;533;1959;107919;69409;47.6;30.6
43;2021-06-23;343;1742;108262;71151;47.7;31.4
43;2021-06-24;511;1494;108773;72645;47.9;32.0
43;2021-06-25;597;2345;109370;74990;48.2;33.0
43;2021-06-26;505;1245;109875;76235;48.4;33.6
43;2021-06-27;10;20;109885;76255;48.4;33.6
43;2021-06-28;341;1784;110226;78039;48.6;34.4
43;2021-06-29;525;2382;110751;80421;48.8;35.4
43;2021-06-30;460;2276;111211;82697;49.0;36.4
43;2021-07-01;473;1910;111684;84607;49.2;37.3
43;2021-07-02;500;1964;112184;86571;49.4;38.2
43;2021-07-03;258;1108;112442;87679;49.6;38.6
43;2021-07-04;1;0;112443;87679;49.6;38.6
43;2021-07-05;526;1202;112969;88881;49.8;39.2
43;2021-07-06;633;1681;113602;90562;50.1;39.9
43;2021-07-07;524;1423;114126;91985;50.3;40.5
43;2021-07-08;837;1417;114963;93402;50.7;41.2
43;2021-07-09;549;1500;115512;94902;50.9;41.8
43;2021-07-10;401;1337;115913;96239;51.1;42.4
43;2021-07-11;23;99;115936;96338;51.1;42.5
43;2021-07-12;604;1685;116540;98023;51.4;43.2
43;2021-07-13;1186;1849;117726;99872;51.9;44.0
43;2021-07-14;848;161;118574;100033;52.3;44.1
43;2021-07-15;1932;1843;120506;101876;53.1;44.9
43;2021-07-16;1752;1616;122258;103492;53.9;45.6
43;2021-07-17;1544;1202;123802;104694;54.6;46.1
43;2021-07-18;4;19;123806;104713;54.6;46.1
43;2021-07-19;1441;1258;125247;105971;55.2;46.7
43;2021-07-20;1895;1451;127142;107422;56.0;47.3
43;2021-07-21;1854;1113;128996;108535;56.9;47.8
43;2021-07-22;2110;1333;131106;109868;57.8;48.4
43;2021-07-23;1619;1326;132725;111194;58.5;49.0
43;2021-07-24;576;1000;133301;112194;58.7;49.4
43;2021-07-25;0;1;133301;112195;58.7;49.4
43;2021-07-26;1643;1072;134944;113267;59.5;49.9
43;2021-07-27;2284;1228;137228;114495;60.5;50.5
43;2021-07-28;1954;1093;139182;115588;61.3;50.9
43;2021-07-29;1986;1019;141168;116607;62.2;51.4
43;2021-07-30;1867;1339;143035;117946;63.0;52.0
43;2021-07-31;706;611;143741;118557;63.3;52.3
43;2021-08-01;13;21;143754;118578;63.4;52.3
43;2021-08-02;1534;970;145288;119548;64.0;52.7
43;2021-08-03;1405;1171;146693;120719;64.7;53.2
43;2021-08-04;1263;1109;147956;121828;65.2;53.7
43;2021-08-05;1254;1285;149210;123113;65.8;54.3
43;2021-08-06;1129;1466;150339;124579;66.3;54.9
43;2021-08-07;758;759;151097;125338;66.6;55.2
43;2021-08-08;5;0;151102;125338;66.6;55.2
43;2021-08-09;822;1636;151924;126974;67.0;56.0
43;2021-08-10;1023;1585;152947;128559;67.4;56.7
43;2021-08-11;680;1340;153627;129899;67.7;57.2
43;2021-08-12;875;1605;154502;131504;68.1;58.0
43;2021-08-13;681;1179;155183;132683;68.4;58.5
43;2021-08-14;364;557;155547;133240;68.6;58.7
43;2021-08-15;5;9;155552;133249;68.6;58.7
43;2021-08-16;686;1675;156238;134924;68.9;59.5
43;2021-08-17;712;1511;156950;136435;69.2;60.1
43;2021-08-18;558;1513;157508;137948;69.4;60.8
43;2021-08-19;641;1614;158149;139562;69.7;61.5
43;2021-08-20;518;1597;158667;141159;69.9;62.2
43;2021-08-21;239;555;158906;141714;70.0;62.5
43;2021-08-22;7;7;158913;141721;70.0;62.5
43;2021-08-23;500;1588;159413;143309;70.3;63.2
43;2021-08-24;518;1398;159931;144707;70.5;63.8
43;2021-08-25;522;1298;160453;146005;70.7;64.3
43;2021-08-26;475;1138;160928;147143;70.9;64.8
43;2021-08-27;529;1360;161457;148503;71.2;65.4
43;2021-08-28;178;499;161635;149002;71.2;65.7
43;2021-08-29;0;1;161635;149003;71.2;65.7
43;2021-08-30;500;1041;162135;150044;71.5;66.1
43;2021-08-31;382;834;162517;150878;71.6;66.5
43;2021-09-01;309;884;162826;151762;71.8;66.9
43;2021-09-02;311;870;163137;152632;71.9;67.3
43;2021-09-03;503;914;163640;153546;72.1;67.7
43;2021-09-04;319;545;163959;154091;72.3;67.9
43;2021-09-05;39;9;163998;154100;72.3;67.9
43;2021-09-06;250;679;164248;154779;72.4;68.2
43;2021-09-07;237;614;164485;155393;72.5;68.5
43;2021-09-08;207;694;164692;156087;72.6;68.8
43;2021-09-09;268;640;164960;156727;72.7;69.1
43;2021-09-10;329;609;165289;157336;72.8;69.3
43;2021-09-11;267;402;165556;157738;73.0;69.5
43;2021-09-12;0;4;165556;157742;73.0;69.5
43;2021-09-13;148;375;165704;158117;73.0;69.7
43;2021-09-14;213;332;165917;158449;73.1;69.8
43;2021-09-15;224;499;166141;158948;73.2;70.1
43;2021-09-16;197;356;166338;159304;73.3;70.2
43;2021-09-17;234;530;166572;159834;73.4;70.4
43;2021-09-18;157;350;166729;160184;73.5;70.6
43;2021-09-19;2;4;166731;160188;73.5;70.6
43;2021-09-20;102;306;166833;160494;73.5;70.7
43;2021-09-21;152;321;166985;160815;73.6;70.9
43;2021-09-22;124;393;167109;161208;73.6;71.0
43;2021-09-23;71;292;167180;161500;73.7;71.2
43;2021-09-24;170;488;167350;161988;73.8;71.4
43;2021-09-25;101;296;167451;162284;73.8;71.5
43;2021-09-26;0;0;167451;162284;73.8;71.5
43;2021-09-27;152;341;167603;162625;73.9;71.7
43;2021-09-28;388;220;167991;162845;74.0;71.8
43;2021-09-29;145;302;168136;163147;74.1;71.9
43;2021-09-30;79;181;168215;163328;74.1;72.0
43;2021-10-01;139;321;168354;163649;74.2;72.1
43;2021-10-02;102;244;168456;163893;74.2;72.2
43;2021-10-03;3;7;168459;163900;74.2;72.2
43;2021-10-04;113;176;168572;164076;74.3;72.3
43;2021-10-05;108;181;168680;164257;74.3;72.4
43;2021-10-06;121;224;168801;164481;74.4;72.5
43;2021-10-07;54;146;168855;164627;74.4;72.6
43;2021-10-08;168;314;169023;164941;74.5;72.7
43;2021-10-09;101;210;169124;165151;74.5;72.8
43;2021-10-10;1;1;169125;165152;74.5;72.8
43;2021-10-11;106;128;169231;165280;74.6;72.8
43;2021-10-12;106;189;169337;165469;74.6;72.9
43;2021-10-13;90;119;169427;165588;74.7;73.0
44;2020-12-27;1;0;1;0;0.0;0.0
44;2020-12-28;3;0;4;0;0.0;0.0
44;2020-12-29;1;0;5;0;0.0;0.0
44;2020-12-30;2;0;7;0;0.0;0.0
44;2020-12-31;1;0;8;0;0.0;0.0
44;2021-01-01;2;1;10;1;0.0;0.0
44;2021-01-02;0;0;10;1;0.0;0.0
44;2021-01-03;4;0;14;1;0.0;0.0
44;2021-01-04;0;0;14;1;0.0;0.0
44;2021-01-05;2;0;16;1;0.0;0.0
44;2021-01-06;20;1;36;2;0.0;0.0
44;2021-01-07;187;0;223;2;0.0;0.0
44;2021-01-08;528;0;751;2;0.1;0.0
44;2021-01-09;473;0;1224;2;0.1;0.0
44;2021-01-10;456;1;1680;3;0.1;0.0
44;2021-01-11;800;1;2480;4;0.2;0.0
44;2021-01-12;910;3;3390;7;0.2;0.0
44;2021-01-13;1086;1;4476;8;0.3;0.0
44;2021-01-14;1116;6;5592;14;0.4;0.0
44;2021-01-15;998;5;6590;19;0.5;0.0
44;2021-01-16;336;3;6926;22;0.5;0.0
44;2021-01-17;328;1;7254;23;0.5;0.0
44;2021-01-18;856;3;8110;26;0.6;0.0
44;2021-01-19;2625;10;10735;36;0.7;0.0
44;2021-01-20;2746;6;13481;42;0.9;0.0
44;2021-01-21;4538;12;18019;54;1.3;0.0
44;2021-01-22;2431;8;20450;62;1.4;0.0
44;2021-01-23;767;1;21217;63;1.5;0.0
44;2021-01-24;120;0;21337;63;1.5;0.0
44;2021-01-25;841;9;22178;72;1.5;0.0
44;2021-01-26;2563;20;24741;92;1.7;0.0
44;2021-01-27;2103;71;26844;163;1.9;0.0
44;2021-01-28;3732;203;30576;366;2.1;0.0
44;2021-01-29;2370;488;32946;854;2.3;0.1
44;2021-01-30;628;211;33574;1065;2.3;0.1
44;2021-01-31;14;210;33588;1275;2.3;0.1
44;2021-02-01;594;544;34182;1819;2.4;0.1
44;2021-02-02;879;757;35061;2576;2.4;0.2
44;2021-02-03;888;889;35949;3465;2.5;0.2
44;2021-02-04;938;724;36887;4189;2.6;0.3
44;2021-02-05;897;636;37784;4825;2.6;0.3
44;2021-02-06;471;270;38255;5095;2.7;0.4
44;2021-02-07;72;203;38327;5298;2.7;0.4
44;2021-02-08;522;460;38849;5758;2.7;0.4
44;2021-02-09;993;1253;39842;7011;2.8;0.5
44;2021-02-10;1144;1307;40986;8318;2.9;0.6
44;2021-02-11;2292;3075;43278;11393;3.0;0.8
44;2021-02-12;1662;1776;44940;13169;3.1;0.9
44;2021-02-13;433;506;45373;13675;3.2;1.0
44;2021-02-14;10;176;45383;13851;3.2;1.0
44;2021-02-15;505;1097;45888;14948;3.2;1.0
44;2021-02-16;1440;2558;47328;17506;3.3;1.2
44;2021-02-17;1106;2167;48434;19673;3.4;1.4
44;2021-02-18;1959;3717;50393;23390;3.5;1.6
44;2021-02-19;1580;2533;51973;25923;3.6;1.8
44;2021-02-20;409;642;52382;26565;3.6;1.8
44;2021-02-21;6;177;52388;26742;3.6;1.9
44;2021-02-22;717;834;53105;27576;3.7;1.9
44;2021-02-23;1248;1126;54353;28702;3.8;2.0
44;2021-02-24;1238;1099;55591;29801;3.9;2.1
44;2021-02-25;2446;1086;58037;30887;4.0;2.1
44;2021-02-26;2291;963;60328;31850;4.2;2.2
44;2021-02-27;975;451;61303;32301;4.3;2.2
44;2021-02-28;7;32;61310;32333;4.3;2.2
44;2021-03-01;988;563;62298;32896;4.3;2.3
44;2021-03-02;1814;1059;64112;33955;4.5;2.4
44;2021-03-03;1859;1137;65971;35092;4.6;2.4
44;2021-03-04;2882;1588;68853;36680;4.8;2.6
44;2021-03-05;3481;1339;72334;38019;5.0;2.6
44;2021-03-06;2507;497;74841;38516;5.2;2.7
44;2021-03-07;988;90;75829;38606;5.3;2.7
44;2021-03-08;1783;624;77612;39230;5.4;2.7
44;2021-03-09;3352;1150;80964;40380;5.6;2.8
44;2021-03-10;3079;1120;84043;41500;5.8;2.9
44;2021-03-11;4439;1794;88482;43294;6.2;3.0
44;2021-03-12;5893;1321;94375;44615;6.6;3.1
44;2021-03-13;3629;305;98004;44920;6.8;3.1
44;2021-03-14;431;64;98435;44984;6.8;3.1
44;2021-03-15;2687;378;101122;45362;7.0;3.2
44;2021-03-16;2149;631;103271;45993;7.2;3.2
44;2021-03-17;1960;682;105231;46675;7.3;3.2
44;2021-03-18;2168;641;107399;47316;7.5;3.3
44;2021-03-19;3784;371;111183;47687;7.7;3.3
44;2021-03-20;3213;302;114396;47989;8.0;3.3
44;2021-03-21;914;23;115310;48012;8.0;3.3
44;2021-03-22;2460;445;117770;48457;8.2;3.4
44;2021-03-23;3960;708;121730;49165;8.5;3.4
44;2021-03-24;4303;636;126033;49801;8.8;3.5
44;2021-03-25;5636;946;131669;50747;9.2;3.5
44;2021-03-26;6510;772;138179;51519;9.6;3.6
44;2021-03-27;3216;436;141395;51955;9.8;3.6
44;2021-03-28;1244;45;142639;52000;9.9;3.6
44;2021-03-29;3120;792;145759;52792;10.1;3.7
44;2021-03-30;5138;1120;150897;53912;10.5;3.8
44;2021-03-31;4612;1317;155509;55229;10.8;3.8
44;2021-04-01;6140;1024;161649;56253;11.2;3.9
44;2021-04-02;5795;965;167444;57218;11.7;4.0
44;2021-04-03;2434;654;169878;57872;11.8;4.0
44;2021-04-04;667;23;170545;57895;11.9;4.0
44;2021-04-05;692;288;171237;58183;11.9;4.0
44;2021-04-06;4216;1390;175453;59573;12.2;4.1
44;2021-04-07;5076;1654;180529;61227;12.6;4.3
44;2021-04-08;7182;1678;187711;62905;13.1;4.4
44;2021-04-09;10066;1834;197777;64739;13.8;4.5
44;2021-04-10;4563;1460;202340;66199;14.1;4.6
44;2021-04-11;2148;431;204488;66630;14.2;4.6
44;2021-04-12;5464;1594;209952;68224;14.6;4.7
44;2021-04-13;6728;2265;216680;70489;15.1;4.9
44;2021-04-14;5911;2242;222591;72731;15.5;5.1
44;2021-04-15;6709;2223;229300;74954;16.0;5.2
44;2021-04-16;7785;2056;237085;77010;16.5;5.4
44;2021-04-17;4300;1391;241385;78401;16.8;5.5
44;2021-04-18;2253;822;243638;79223;17.0;5.5
44;2021-04-19;5042;1912;248680;81135;17.3;5.6
44;2021-04-20;6282;2649;254962;83784;17.7;5.8
44;2021-04-21;6006;2794;260968;86578;18.2;6.0
44;2021-04-22;6958;2517;267926;89095;18.6;6.2
44;2021-04-23;7335;3190;275261;92285;19.2;6.4
44;2021-04-24;3971;2057;279232;94342;19.4;6.6
44;2021-04-25;2076;1060;281308;95402;19.6;6.6
44;2021-04-26;5648;2765;286956;98167;20.0;6.8
44;2021-04-27;7415;4105;294371;102272;20.5;7.1
44;2021-04-28;7609;3793;301980;106065;21.0;7.4
44;2021-04-29;8964;4286;310944;110351;21.6;7.7
44;2021-04-30;9570;4714;320514;115065;22.3;8.0
44;2021-05-01;2848;928;323362;115993;22.5;8.1
44;2021-05-02;1903;618;325265;116611;22.6;8.1
44;2021-05-03;5548;4084;330813;120695;23.0;8.4
44;2021-05-04;6326;5137;337139;125832;23.5;8.8
44;2021-05-05;6071;4636;343210;130468;23.9;9.1
44;2021-05-06;7255;4884;350465;135352;24.4;9.4
44;2021-05-07;7451;5726;357916;141078;24.9;9.8
44;2021-05-08;2583;1269;360499;142347;25.1;9.9
44;2021-05-09;1801;1812;362300;144159;25.2;10.0
44;2021-05-10;6573;5778;368873;149937;25.7;10.4
44;2021-05-11;7787;6280;376660;156217;26.2;10.9
44;2021-05-12;8195;5723;384855;161940;26.8;11.3
44;2021-05-13;5304;1194;390159;163134;27.1;11.4
44;2021-05-14;7587;3974;397746;167108;27.7;11.6
44;2021-05-15;5008;2234;402754;169342;28.0;11.8
44;2021-05-16;2791;741;405545;170083;28.2;11.8
44;2021-05-17;6744;5149;412289;175232;28.7;12.2
44;2021-05-18;7962;5235;420251;180467;29.2;12.6
44;2021-05-19;8165;4283;428416;184750;29.8;12.9
44;2021-05-20;8367;4650;436783;189400;30.4;13.2
44;2021-05-21;8846;5217;445629;194617;31.0;13.5
44;2021-05-22;5097;2232;450726;196849;31.4;13.7
44;2021-05-23;1759;825;452485;197674;31.5;13.8
44;2021-05-24;4884;1615;457369;199289;31.8;13.9
44;2021-05-25;7740;5552;465109;204841;32.4;14.3
44;2021-05-26;8181;5044;473290;209885;32.9;14.6
44;2021-05-27;9659;5358;482949;215243;33.6;15.0
44;2021-05-28;9182;6912;492131;222155;34.2;15.5
44;2021-05-29;5884;3333;498015;225488;34.7;15.7
44;2021-05-30;1775;705;499790;226193;34.8;15.7
44;2021-05-31;8059;6184;507849;232377;35.3;16.2
44;2021-06-01;9905;6571;517754;238948;36.0;16.6
44;2021-06-02;9534;5701;527288;244649;36.7;17.0
44;2021-06-03;10853;5888;538141;250537;37.4;17.4
44;2021-06-04;9959;8075;548100;258612;38.1;18.0
44;2021-06-05;5780;4344;553880;262956;38.5;18.3
44;2021-06-06;2361;1130;556241;264086;38.7;18.4
44;2021-06-07;9549;6936;565790;271022;39.4;18.9
44;2021-06-08;10907;7509;576697;278531;40.1;19.4
44;2021-06-09;10552;6329;587249;284860;40.9;19.8
44;2021-06-10;11424;6043;598673;290903;41.7;20.2
44;2021-06-11;11959;8647;610632;299550;42.5;20.8
44;2021-06-12;7761;4096;618393;303646;43.0;21.1
44;2021-06-13;2792;1004;621185;304650;43.2;21.2
44;2021-06-14;8761;8414;629946;313064;43.8;21.8
44;2021-06-15;11706;8259;641652;321323;44.6;22.4
44;2021-06-16;10976;7661;652628;328984;45.4;22.9
44;2021-06-17;11726;8685;664354;337669;46.2;23.5
44;2021-06-18;10900;10116;675254;347785;47.0;24.2
44;2021-06-19;5884;4324;681138;352109;47.4;24.5
44;2021-06-20;2535;1339;683673;353448;47.6;24.6
44;2021-06-21;7349;10015;691022;363463;48.1;25.3
44;2021-06-22;8469;10627;699491;374090;48.7;26.0
44;2021-06-23;8554;9139;708045;383229;49.3;26.7
44;2021-06-24;9122;8570;717167;391799;49.9;27.3
44;2021-06-25;7643;10817;724810;402616;50.4;28.0
44;2021-06-26;2957;6470;727767;409086;50.6;28.5
44;2021-06-27;816;2403;728583;411489;50.7;28.6
44;2021-06-28;5229;10056;733812;421545;51.1;29.3
44;2021-06-29;6179;12086;739991;433631;51.5;30.2
44;2021-06-30;6183;10448;746174;444079;51.9;30.9
44;2021-07-01;6930;10483;753104;454562;52.4;31.6
44;2021-07-02;6693;12552;759797;467114;52.9;32.5
44;2021-07-03;2584;7005;762381;474119;53.0;33.0
44;2021-07-04;995;2235;763376;476354;53.1;33.1
44;2021-07-05;5315;11872;768691;488226;53.5;34.0
44;2021-07-06;6058;12599;774749;500825;53.9;34.8
44;2021-07-07;6512;11102;781261;511927;54.4;35.6
44;2021-07-08;7391;11959;788652;523886;54.9;36.5
44;2021-07-09;6259;14253;794911;538139;55.3;37.4
44;2021-07-10;2446;7007;797357;545146;55.5;37.9
44;2021-07-11;731;2262;798088;547408;55.5;38.1
44;2021-07-12;4395;14053;802483;561461;55.8;39.1
44;2021-07-13;5767;14850;808250;576311;56.2;40.1
44;2021-07-14;3688;5810;811938;582121;56.5;40.5
44;2021-07-15;7228;14291;819166;596412;57.0;41.5
44;2021-07-16;8234;14994;827400;611406;57.6;42.5
44;2021-07-17;3371;7578;830771;618984;57.8;43.1
44;2021-07-18;1433;2548;832204;621532;57.9;43.2
44;2021-07-19;4870;14697;837074;636229;58.2;44.3
44;2021-07-20;6034;15672;843108;651901;58.7;45.4
44;2021-07-21;5843;13987;848951;665888;59.1;46.3
44;2021-07-22;6722;13750;855673;679638;59.5;47.3
44;2021-07-23;6161;15637;861834;695275;60.0;48.4
44;2021-07-24;2856;8718;864690;703993;60.2;49.0
44;2021-07-25;945;3088;865635;707081;60.2;49.2
44;2021-07-26;6082;12686;871717;719767;60.7;50.1
44;2021-07-27;9714;12191;881431;731958;61.3;50.9
44;2021-07-28;9261;10846;890692;742804;62.0;51.7
44;2021-07-29;10287;10848;900979;753652;62.7;52.4
44;2021-07-30;9185;10927;910164;764579;63.3;53.2
44;2021-07-31;4791;5652;914955;770231;63.7;53.6
44;2021-08-01;2575;1409;917530;771640;63.8;53.7
44;2021-08-02;6632;9477;924162;781117;64.3;54.4
44;2021-08-03;8466;8537;932628;789654;64.9;54.9
44;2021-08-04;9128;6987;941756;796641;65.5;55.4
44;2021-08-05;11570;7524;953326;804165;66.3;56.0
44;2021-08-06;9701;8203;963027;812368;67.0;56.5
44;2021-08-07;4609;3704;967636;816072;67.3;56.8
44;2021-08-08;2540;1727;970176;817799;67.5;56.9
44;2021-08-09;8905;7980;979081;825779;68.1;57.5
44;2021-08-10;10272;7625;989353;833404;68.8;58.0
44;2021-08-11;10425;6790;999778;840194;69.6;58.5
44;2021-08-12;10422;7347;1010200;847541;70.3;59.0
44;2021-08-13;8467;6167;1018667;853708;70.9;59.4
44;2021-08-14;3233;3222;1021900;856930;71.1;59.6
44;2021-08-15;716;933;1022616;857863;71.2;59.7
44;2021-08-16;5854;8307;1028470;866170;71.6;60.3
44;2021-08-17;5607;8179;1034077;874349;72.0;60.8
44;2021-08-18;4824;7621;1038901;881970;72.3;61.4
44;2021-08-19;4977;8351;1043878;890321;72.6;62.0
44;2021-08-20;4503;8922;1048381;899243;72.9;62.6
44;2021-08-21;1960;4612;1050341;903855;73.1;62.9
44;2021-08-22;712;2441;1051053;906296;73.1;63.1
44;2021-08-23;3678;9434;1054731;915730;73.4;63.7
44;2021-08-24;3645;8699;1058376;924429;73.6;64.3
44;2021-08-25;3148;8587;1061524;933016;73.9;64.9
44;2021-08-26;2969;10339;1064493;943355;74.1;65.6
44;2021-08-27;3085;10452;1067578;953807;74.3;66.4
44;2021-08-28;1388;5849;1068966;959656;74.4;66.8
44;2021-08-29;565;2706;1069531;962362;74.4;67.0
44;2021-08-30;2666;10874;1072197;973236;74.6;67.7
44;2021-08-31;2827;10972;1075024;984208;74.8;68.5
44;2021-09-01;2746;9512;1077770;993720;75.0;69.1
44;2021-09-02;2310;8289;1080080;1002009;75.2;69.7
44;2021-09-03;2180;9700;1082260;1011709;75.3;70.4
44;2021-09-04;1456;5827;1083716;1017536;75.4;70.8
44;2021-09-05;442;1318;1084158;1018854;75.4;70.9
44;2021-09-06;1660;6053;1085818;1024907;75.6;71.3
44;2021-09-07;1489;5206;1087307;1030113;75.7;71.7
44;2021-09-08;1916;6052;1089223;1036165;75.8;72.1
44;2021-09-09;1521;4537;1090744;1040702;75.9;72.4
44;2021-09-10;1846;5892;1092590;1046594;76.0;72.8
44;2021-09-11;1091;3940;1093681;1050534;76.1;73.1
44;2021-09-12;239;813;1093920;1051347;76.1;73.2
44;2021-09-13;1206;3573;1095126;1054920;76.2;73.4
44;2021-09-14;1124;3300;1096250;1058220;76.3;73.6
44;2021-09-15;1452;4489;1097702;1062709;76.4;73.9
44;2021-09-16;995;2382;1098697;1065091;76.5;74.1
44;2021-09-17;1264;3851;1099961;1068942;76.5;74.4
44;2021-09-18;779;3131;1100740;1072073;76.6;74.6
44;2021-09-19;217;703;1100957;1072776;76.6;74.6
44;2021-09-20;925;2206;1101882;1074982;76.7;74.8
44;2021-09-21;753;1869;1102635;1076851;76.7;74.9
44;2021-09-22;943;3548;1103578;1080399;76.8;75.2
44;2021-09-23;832;1933;1104410;1082332;76.8;75.3
44;2021-09-24;1106;3000;1105516;1085332;76.9;75.5
44;2021-09-25;499;2292;1106015;1087624;77.0;75.7
44;2021-09-26;185;487;1106200;1088111;77.0;75.7
44;2021-09-27;770;1788;1106970;1089899;77.0;75.8
44;2021-09-28;659;1679;1107629;1091578;77.1;76.0
44;2021-09-29;965;2509;1108594;1094087;77.1;76.1
44;2021-09-30;724;1519;1109318;1095606;77.2;76.2
44;2021-10-01;920;2276;1110238;1097882;77.3;76.4
44;2021-10-02;476;1321;1110714;1099203;77.3;76.5
44;2021-10-03;219;362;1110933;1099565;77.3;76.5
44;2021-10-04;504;963;1111437;1100528;77.3;76.6
44;2021-10-05;464;967;1111901;1101495;77.4;76.6
44;2021-10-06;718;1531;1112619;1103026;77.4;76.8
44;2021-10-07;582;1071;1113201;1104097;77.5;76.8
44;2021-10-08;849;1553;1114050;1105650;77.5;76.9
44;2021-10-09;415;961;1114465;1106611;77.5;77.0
44;2021-10-10;110;228;1114575;1106839;77.6;77.0
44;2021-10-11;522;998;1115097;1107837;77.6;77.1
44;2021-10-12;469;830;1115566;1108667;77.6;77.1
44;2021-10-13;593;1121;1116159;1109788;77.7;77.2
45;2020-12-27;0;0;0;0;0.0;0.0
45;2020-12-28;1;0;1;0;0.0;0.0
45;2020-12-29;0;0;1;0;0.0;0.0
45;2020-12-30;0;0;1;0;0.0;0.0
45;2020-12-31;1;0;2;0;0.0;0.0
45;2021-01-01;0;0;2;0;0.0;0.0
45;2021-01-02;0;0;2;0;0.0;0.0
45;2021-01-03;0;0;2;0;0.0;0.0
45;2021-01-04;0;0;2;0;0.0;0.0
45;2021-01-05;76;0;78;0;0.0;0.0
45;2021-01-06;68;0;146;0;0.0;0.0
45;2021-01-07;220;1;366;1;0.1;0.0
45;2021-01-08;199;1;565;2;0.1;0.0
45;2021-01-09;42;0;607;2;0.1;0.0
45;2021-01-10;23;0;630;2;0.1;0.0
45;2021-01-11;254;0;884;2;0.1;0.0
45;2021-01-12;680;3;1564;5;0.2;0.0
45;2021-01-13;496;2;2060;7;0.3;0.0
45;2021-01-14;495;40;2555;47;0.4;0.0
45;2021-01-15;391;3;2946;50;0.4;0.0
45;2021-01-16;39;1;2985;51;0.4;0.0
45;2021-01-17;24;0;3009;51;0.4;0.0
45;2021-01-18;816;1;3825;52;0.6;0.0
45;2021-01-19;1197;8;5022;60;0.7;0.0
45;2021-01-20;2119;13;7141;73;1.0;0.0
45;2021-01-21;2521;7;9662;80;1.4;0.0
45;2021-01-22;1408;7;11070;87;1.6;0.0
45;2021-01-23;124;0;11194;87;1.6;0.0
45;2021-01-24;39;0;11233;87;1.6;0.0
45;2021-01-25;557;3;11790;90;1.7;0.0
45;2021-01-26;870;19;12660;109;1.9;0.0
45;2021-01-27;650;45;13310;154;1.9;0.0
45;2021-01-28;881;212;14191;366;2.1;0.1
45;2021-01-29;578;124;14769;490;2.2;0.1
45;2021-01-30;40;41;14809;531;2.2;0.1
45;2021-01-31;37;23;14846;554;2.2;0.1
45;2021-02-01;461;205;15307;759;2.2;0.1
45;2021-02-02;761;467;16068;1226;2.4;0.2
45;2021-02-03;773;479;16841;1705;2.5;0.2
45;2021-02-04;716;274;17557;1979;2.6;0.3
45;2021-02-05;418;152;17975;2131;2.6;0.3
45;2021-02-06;39;29;18014;2160;2.6;0.3
45;2021-02-07;7;31;18021;2191;2.6;0.3
45;2021-02-08;455;194;18476;2385;2.7;0.3
45;2021-02-09;1006;411;19482;2796;2.9;0.4
45;2021-02-10;1280;811;20762;3607;3.0;0.5
45;2021-02-11;1384;1527;22146;5134;3.2;0.8
45;2021-02-12;1052;1140;23198;6274;3.4;0.9
45;2021-02-13;85;158;23283;6432;3.4;0.9
45;2021-02-14;40;11;23323;6443;3.4;0.9
45;2021-02-15;524;607;23847;7050;3.5;1.0
45;2021-02-16;758;933;24605;7983;3.6;1.2
45;2021-02-17;642;1046;25247;9029;3.7;1.3
45;2021-02-18;842;849;26089;9878;3.8;1.4
45;2021-02-19;827;761;26916;10639;3.9;1.6
45;2021-02-20;59;94;26975;10733;4.0;1.6
45;2021-02-21;17;44;26992;10777;4.0;1.6
45;2021-02-22;409;632;27401;11409;4.0;1.7
45;2021-02-23;816;790;28217;12199;4.1;1.8
45;2021-02-24;656;917;28873;13116;4.2;1.9
45;2021-02-25;963;781;29836;13897;4.4;2.0
45;2021-02-26;1044;684;30880;14581;4.5;2.1
45;2021-02-27;291;52;31171;14633;4.6;2.1
45;2021-02-28;29;5;31200;14638;4.6;2.1
45;2021-03-01;536;336;31736;14974;4.6;2.2
45;2021-03-02;668;726;32404;15700;4.7;2.3
45;2021-03-03;981;898;33385;16598;4.9;2.4
45;2021-03-04;1108;995;34493;17593;5.1;2.6
45;2021-03-05;1444;875;35937;18468;5.3;2.7
45;2021-03-06;2021;141;37958;18609;5.6;2.7
45;2021-03-07;143;59;38101;18668;5.6;2.7
45;2021-03-08;753;848;38854;19516;5.7;2.9
45;2021-03-09;1256;720;40110;20236;5.9;3.0
45;2021-03-10;1591;906;41701;21142;6.1;3.1
45;2021-03-11;1722;757;43423;21899;6.4;3.2
45;2021-03-12;2072;615;45495;22514;6.7;3.3
45;2021-03-13;988;48;46483;22562;6.8;3.3
45;2021-03-14;24;43;46507;22605;6.8;3.3
45;2021-03-15;810;597;47317;23202;6.9;3.4
45;2021-03-16;942;839;48259;24041;7.1;3.5
45;2021-03-17;1054;689;49313;24730;7.2;3.6
45;2021-03-18;997;585;50310;25315;7.4;3.7
45;2021-03-19;1619;431;51929;25746;7.6;3.8
45;2021-03-20;498;82;52427;25828;7.7;3.8
45;2021-03-21;20;35;52447;25863;7.7;3.8
45;2021-03-22;914;533;53361;26396;7.8;3.9
45;2021-03-23;1985;731;55346;27127;8.1;4.0
45;2021-03-24;1896;556;57242;27683;8.4;4.1
45;2021-03-25;2983;458;60225;28141;8.8;4.1
45;2021-03-26;3390;489;63615;28630;9.3;4.2
45;2021-03-27;1796;126;65411;28756;9.6;4.2
45;2021-03-28;89;40;65500;28796;9.6;4.2
45;2021-03-29;1531;543;67031;29339;9.8;4.3
45;2021-03-30;2785;791;69816;30130;10.2;4.4
45;2021-03-31;2135;585;71951;30715;10.5;4.5
45;2021-04-01;2968;569;74919;31284;11.0;4.6
45;2021-04-02;2827;522;77746;31806;11.4;4.7
45;2021-04-03;810;73;78556;31879;11.5;4.7
45;2021-04-04;113;33;78669;31912;11.5;4.7
45;2021-04-05;15;2;78684;31914;11.5;4.7
45;2021-04-06;1735;798;80419;32712;11.8;4.8
45;2021-04-07;1775;1118;82194;33830;12.0;5.0
45;2021-04-08;2772;1024;84966;34854;12.4;5.1
45;2021-04-09;3676;650;88642;35504;13.0;5.2
45;2021-04-10;2323;120;90965;35624;13.3;5.2
45;2021-04-11;153;25;91118;35649;13.3;5.2
45;2021-04-12;2606;679;93724;36328;13.7;5.3
45;2021-04-13;3848;1096;97572;37424;14.3;5.5
45;2021-04-14;2929;1225;100501;38649;14.7;5.7
45;2021-04-15;3519;1045;104020;39694;15.2;5.8
45;2021-04-16;3775;693;107795;40387;15.8;5.9
45;2021-04-17;1614;116;109409;40503;16.0;5.9
45;2021-04-18;200;43;109609;40546;16.1;5.9
45;2021-04-19;1938;946;111547;41492;16.3;6.1
45;2021-04-20;3074;1701;114621;43193;16.8;6.3
45;2021-04-21;2726;1310;117347;44503;17.2;6.5
45;2021-04-22;3420;1845;120767;46348;17.7;6.8
45;2021-04-23;3278;1788;124045;48136;18.2;7.0
45;2021-04-24;2023;870;126068;49006;18.5;7.2
45;2021-04-25;291;87;126359;49093;18.5;7.2
45;2021-04-26;2229;1166;128588;50259;18.8;7.4
45;2021-04-27;3351;2354;131939;52613;19.3;7.7
45;2021-04-28;2801;1947;134740;54560;19.7;8.0
45;2021-04-29;3854;2346;138594;56906;20.3;8.3
45;2021-04-30;4391;1816;142985;58722;20.9;8.6
45;2021-05-01;451;62;143436;58784;21.0;8.6
45;2021-05-02;627;122;144063;58906;21.1;8.6
45;2021-05-03;2821;994;146884;59900;21.5;8.8
45;2021-05-04;3157;2351;150041;62251;22.0;9.1
45;2021-05-05;2715;2164;152756;64415;22.4;9.4
45;2021-05-06;3330;2543;156086;66958;22.9;9.8
45;2021-05-07;2871;3199;158957;70157;23.3;10.3
45;2021-05-08;613;251;159570;70408;23.4;10.3
45;2021-05-09;1498;133;161068;70541;23.6;10.3
45;2021-05-10;4139;2982;165207;73523;24.2;10.8
45;2021-05-11;5030;2975;170237;76498;24.9;11.2
45;2021-05-12;6078;2786;176315;79284;25.8;11.6
45;2021-05-13;2449;598;178764;79882;26.2;11.7
45;2021-05-14;4965;1633;183729;81515;26.9;11.9
45;2021-05-15;4066;618;187795;82133;27.5;12.0
45;2021-05-16;289;33;188084;82166;27.5;12.0
45;2021-05-17;3359;1539;191443;83705;28.0;12.3
45;2021-05-18;5117;1682;196560;85387;28.8;12.5
45;2021-05-19;4494;2064;201054;87451;29.4;12.8
45;2021-05-20;5267;2142;206321;89593;30.2;13.1
45;2021-05-21;5141;2226;211462;91819;31.0;13.4
45;2021-05-22;3042;632;214504;92451;31.4;13.5
45;2021-05-23;15;94;214519;92545;31.4;13.6
45;2021-05-24;2826;216;217345;92761;31.8;13.6
45;2021-05-25;4961;3034;222306;95795;32.6;14.0
45;2021-05-26;5106;2338;227412;98133;33.3;14.4
45;2021-05-27;5306;3237;232718;101370;34.1;14.8
45;2021-05-28;5665;3593;238383;104963;34.9;15.4
45;2021-05-29;3671;1290;242054;106253;35.4;15.6
45;2021-05-30;33;182;242087;106435;35.5;15.6
45;2021-05-31;4331;2520;246418;108955;36.1;16.0
45;2021-06-01;6090;3007;252508;111962;37.0;16.4
45;2021-06-02;4937;3108;257445;115070;37.7;16.9
45;2021-06-03;5615;3207;263060;118277;38.5;17.3
45;2021-06-04;5895;3186;268955;121463;39.4;17.8
45;2021-06-05;2035;1338;270990;122801;39.7;18.0
45;2021-06-06;88;198;271078;122999;39.7;18.0
45;2021-06-07;4081;2724;275159;125723;40.3;18.4
45;2021-06-08;4646;4080;279805;129803;41.0;19.0
45;2021-06-09;4356;3345;284161;133148;41.6;19.5
45;2021-06-10;4646;2687;288807;135835;42.3;19.9
45;2021-06-11;4121;3669;292928;139504;42.9;20.4
45;2021-06-12;2440;1507;295368;141011;43.3;20.6
45;2021-06-13;21;424;295389;141435;43.3;20.7
45;2021-06-14;3142;4157;298531;145592;43.7;21.3
45;2021-06-15;3388;4325;301919;149917;44.2;22.0
45;2021-06-16;3908;3457;305827;153374;44.8;22.5
45;2021-06-17;3522;3538;309349;156912;45.3;23.0
45;2021-06-18;3799;5028;313148;161940;45.9;23.7
45;2021-06-19;2393;1761;315541;163701;46.2;24.0
45;2021-06-20;48;142;315589;163843;46.2;24.0
45;2021-06-21;2164;5851;317753;169694;46.5;24.8
45;2021-06-22;2417;6530;320170;176224;46.9;25.8
45;2021-06-23;2282;5600;322452;181824;47.2;26.6
45;2021-06-24;2137;3531;324589;185355;47.5;27.1
45;2021-06-25;2444;6446;327033;191801;47.9;28.1
45;2021-06-26;1948;3094;328981;194895;48.2;28.5
45;2021-06-27;53;138;329034;195033;48.2;28.6
45;2021-06-28;2083;4835;331117;199868;48.5;29.3
45;2021-06-29;2848;6817;333965;206685;48.9;30.3
45;2021-06-30;2888;5854;336853;212539;49.3;31.1
45;2021-07-01;2398;5039;339251;217578;49.7;31.9
45;2021-07-02;2378;6284;341629;223862;50.0;32.8
45;2021-07-03;754;2540;342383;226402;50.1;33.2
45;2021-07-04;6;12;342389;226414;50.1;33.2
45;2021-07-05;2143;4992;344532;231406;50.5;33.9
45;2021-07-06;2806;6776;347338;238182;50.9;34.9
45;2021-07-07;2447;6064;349785;244246;51.2;35.8
45;2021-07-08;2827;5377;352612;249623;51.6;36.6
45;2021-07-09;2158;6986;354770;256609;52.0;37.6
45;2021-07-10;1552;3862;356322;260471;52.2;38.1
45;2021-07-11;24;31;356346;260502;52.2;38.1
45;2021-07-12;1591;5996;357937;266498;52.4;39.0
45;2021-07-13;3042;8236;360979;274734;52.9;40.2
45;2021-07-14;1480;1520;362459;276254;53.1;40.5
45;2021-07-15;3734;7291;366193;283545;53.6;41.5
45;2021-07-16;3255;7447;369448;290992;54.1;42.6
45;2021-07-17;1285;2332;370733;293324;54.3;43.0
45;2021-07-18;15;19;370748;293343;54.3;43.0
45;2021-07-19;1870;5936;372618;299279;54.6;43.8
45;2021-07-20;4756;6904;377374;306183;55.3;44.8
45;2021-07-21;5176;5480;382550;311663;56.0;45.6
45;2021-07-22;6179;4904;388729;316567;56.9;46.4
45;2021-07-23;4260;5483;392989;322050;57.5;47.2
45;2021-07-24;1864;2825;394853;324875;57.8;47.6
45;2021-07-25;5;14;394858;324889;57.8;47.6
45;2021-07-26;2913;4985;397771;329874;58.2;48.3
45;2021-07-27;5464;5084;403235;334958;59.0;49.1
45;2021-07-28;4989;4181;408224;339139;59.8;49.7
45;2021-07-29;5281;3257;413505;342396;60.6;50.1
45;2021-07-30;4762;4708;418267;347104;61.2;50.8
45;2021-07-31;849;1950;419116;349054;61.4;51.1
45;2021-08-01;2;4;419118;349058;61.4;51.1
45;2021-08-02;3639;3245;422757;352303;61.9;51.6
45;2021-08-03;4878;3011;427635;355314;62.6;52.0
45;2021-08-04;3744;2235;431379;357549;63.2;52.4
45;2021-08-05;3327;2641;434706;360190;63.7;52.7
45;2021-08-06;3747;3271;438453;363461;64.2;53.2
45;2021-08-07;1680;1050;440133;364511;64.5;53.4
45;2021-08-08;9;18;440142;364529;64.5;53.4
45;2021-08-09;2627;3015;442769;367544;64.8;53.8
45;2021-08-10;3517;3808;446286;371352;65.4;54.4
45;2021-08-11;2701;3721;448987;375073;65.7;54.9
45;2021-08-12;2093;3430;451080;378503;66.1;55.4
45;2021-08-13;1743;4224;452823;382727;66.3;56.0
45;2021-08-14;681;956;453504;383683;66.4;56.2
45;2021-08-15;62;31;453566;383714;66.4;56.2
45;2021-08-16;1159;2319;454725;386033;66.6;56.5
45;2021-08-17;1859;3448;456584;389481;66.9;57.0
45;2021-08-18;1782;4050;458366;393531;67.1;57.6
45;2021-08-19;1445;4268;459811;397799;67.3;58.3
45;2021-08-20;1424;3681;461235;401480;67.5;58.8
45;2021-08-21;905;1154;462140;402634;67.7;59.0
45;2021-08-22;4;8;462144;402642;67.7;59.0
45;2021-08-23;1333;4245;463477;406887;67.9;59.6
45;2021-08-24;1736;4522;465213;411409;68.1;60.2
45;2021-08-25;1585;3726;466798;415135;68.4;60.8
45;2021-08-26;1010;3450;467808;418585;68.5;61.3
45;2021-08-27;1432;4982;469240;423567;68.7;62.0
45;2021-08-28;878;2029;470118;425596;68.8;62.3
45;2021-08-29;100;37;470218;425633;68.9;62.3
45;2021-08-30;1222;4040;471440;429673;69.0;62.9
45;2021-08-31;1077;4391;472517;434064;69.2;63.6
45;2021-09-01;1105;3385;473622;437449;69.4;64.1
45;2021-09-02;925;3116;474547;440565;69.5;64.5
45;2021-09-03;1090;3595;475637;444160;69.7;65.0
45;2021-09-04;495;1261;476132;445421;69.7;65.2
45;2021-09-05;1;16;476133;445437;69.7;65.2
45;2021-09-06;885;2361;477018;447798;69.9;65.6
45;2021-09-07;712;1725;477730;449523;70.0;65.8
45;2021-09-08;859;2218;478589;451741;70.1;66.2
45;2021-09-09;799;1443;479388;453184;70.2;66.4
45;2021-09-10;787;1608;480175;454792;70.3;66.6
45;2021-09-11;442;1520;480617;456312;70.4;66.8
45;2021-09-12;372;161;480989;456473;70.4;66.8
45;2021-09-13;441;973;481430;457446;70.5;67.0
45;2021-09-14;758;1439;482188;458885;70.6;67.2
45;2021-09-15;800;1829;482988;460714;70.7;67.5
45;2021-09-16;803;963;483791;461677;70.8;67.6
45;2021-09-17;766;1655;484557;463332;71.0;67.8
45;2021-09-18;483;991;485040;464323;71.0;68.0
45;2021-09-19;2;29;485042;464352;71.0;68.0
45;2021-09-20;413;979;485455;465331;71.1;68.1
45;2021-09-21;448;749;485903;466080;71.2;68.3
45;2021-09-22;441;1703;486344;467783;71.2;68.5
45;2021-09-23;528;840;486872;468623;71.3;68.6
45;2021-09-24;579;1377;487451;470000;71.4;68.8
45;2021-09-25;351;783;487802;470783;71.4;68.9
45;2021-09-26;2;11;487804;470794;71.4;68.9
45;2021-09-27;435;758;488239;471552;71.5;69.1
45;2021-09-28;451;754;488690;472306;71.6;69.2
45;2021-09-29;477;969;489167;473275;71.6;69.3
45;2021-09-30;357;823;489524;474098;71.7;69.4
45;2021-10-01;317;768;489841;474866;71.7;69.5
45;2021-10-02;293;546;490134;475412;71.8;69.6
45;2021-10-03;98;369;490232;475781;71.8;69.7
45;2021-10-04;219;341;490451;476122;71.8;69.7
45;2021-10-05;347;655;490798;476777;71.9;69.8
45;2021-10-06;436;720;491234;477497;71.9;69.9
45;2021-10-07;282;760;491516;478257;72.0;70.0
45;2021-10-08;342;667;491858;478924;72.0;70.1
45;2021-10-09;418;721;492276;479645;72.1;70.2
45;2021-10-10;4;7;492280;479652;72.1;70.2
45;2021-10-11;200;412;492480;480064;72.1;70.3
45;2021-10-12;342;532;492822;480596;72.2;70.4
45;2021-10-13;331;617;493153;481213;72.2;70.5
46;2020-12-27;4;0;4;0;0.0;0.0
46;2020-12-28;0;0;4;0;0.0;0.0
46;2020-12-29;0;0;4;0;0.0;0.0
46;2020-12-30;0;0;4;0;0.0;0.0
46;2020-12-31;0;0;4;0;0.0;0.0
46;2021-01-01;0;0;4;0;0.0;0.0
46;2021-01-02;0;0;4;0;0.0;0.0
46;2021-01-03;1;0;5;0;0.0;0.0
46;2021-01-04;0;0;5;0;0.0;0.0
46;2021-01-05;0;0;5;0;0.0;0.0
46;2021-01-06;3;0;8;0;0.0;0.0
46;2021-01-07;135;1;143;1;0.1;0.0
46;2021-01-08;181;0;324;1;0.2;0.0
46;2021-01-09;1;0;325;1;0.2;0.0
46;2021-01-10;2;0;327;1;0.2;0.0
46;2021-01-11;118;0;445;1;0.3;0.0
46;2021-01-12;141;0;586;1;0.3;0.0
46;2021-01-13;235;2;821;3;0.5;0.0
46;2021-01-14;244;3;1065;6;0.6;0.0
46;2021-01-15;306;2;1371;8;0.8;0.0
46;2021-01-16;18;0;1389;8;0.8;0.0
46;2021-01-17;0;0;1389;8;0.8;0.0
46;2021-01-18;276;3;1665;11;1.0;0.0
46;2021-01-19;390;1;2055;12;1.2;0.0
46;2021-01-20;939;3;2994;15;1.7;0.0
46;2021-01-21;998;1;3992;16;2.3;0.0
46;2021-01-22;391;2;4383;18;2.5;0.0
46;2021-01-23;0;0;4383;18;2.5;0.0
46;2021-01-24;0;0;4383;18;2.5;0.0
46;2021-01-25;204;2;4587;20;2.6;0.0
46;2021-01-26;264;1;4851;21;2.8;0.0
46;2021-01-27;276;0;5127;21;3.0;0.0
46;2021-01-28;279;43;5406;64;3.1;0.0
46;2021-01-29;233;91;5639;155;3.3;0.1
46;2021-01-30;1;0;5640;155;3.3;0.1
46;2021-01-31;1;0;5641;155;3.3;0.1
46;2021-02-01;234;173;5875;328;3.4;0.2
46;2021-02-02;210;238;6085;566;3.5;0.3
46;2021-02-03;227;97;6312;663;3.6;0.4
46;2021-02-04;372;86;6684;749;3.9;0.4
46;2021-02-05;226;177;6910;926;4.0;0.5
46;2021-02-06;9;0;6919;926;4.0;0.5
46;2021-02-07;43;0;6962;926;4.0;0.5
46;2021-02-08;197;156;7159;1082;4.1;0.6
46;2021-02-09;271;225;7430;1307;4.3;0.8
46;2021-02-10;280;546;7710;1853;4.5;1.1
46;2021-02-11;655;557;8365;2410;4.8;1.4
46;2021-02-12;324;342;8689;2752;5.0;1.6
46;2021-02-13;2;0;8691;2752;5.0;1.6
46;2021-02-14;0;62;8691;2814;5.0;1.6
46;2021-02-15;196;293;8887;3107;5.1;1.8
46;2021-02-16;217;284;9104;3391;5.3;2.0
46;2021-02-17;201;328;9305;3719;5.4;2.1
46;2021-02-18;337;267;9642;3986;5.6;2.3
46;2021-02-19;277;234;9919;4220;5.7;2.4
46;2021-02-20;0;0;9919;4220;5.7;2.4
46;2021-02-21;1;0;9920;4220;5.7;2.4
46;2021-02-22;131;193;10051;4413;5.8;2.5
46;2021-02-23;225;169;10276;4582;5.9;2.6
46;2021-02-24;179;324;10455;4906;6.0;2.8
46;2021-02-25;248;341;10703;5247;6.2;3.0
46;2021-02-26;403;344;11106;5591;6.4;3.2
46;2021-02-27;120;1;11226;5592;6.5;3.2
46;2021-02-28;0;3;11226;5595;6.5;3.2
46;2021-03-01;169;181;11395;5776;6.6;3.3
46;2021-03-02;406;233;11801;6009;6.8;3.5
46;2021-03-03;460;331;12261;6340;7.1;3.7
46;2021-03-04;607;456;12868;6796;7.4;3.9
46;2021-03-05;808;365;13676;7161;7.9;4.1
46;2021-03-06;476;17;14152;7178;8.2;4.1
46;2021-03-07;101;19;14253;7197;8.2;4.2
46;2021-03-08;348;249;14601;7446;8.4;4.3
46;2021-03-09;746;271;15347;7717;8.9;4.5
46;2021-03-10;686;248;16033;7965;9.3;4.6
46;2021-03-11;851;257;16884;8222;9.8;4.7
46;2021-03-12;927;228;17811;8450;10.3;4.9
46;2021-03-13;512;4;18323;8454;10.6;4.9
46;2021-03-14;1;0;18324;8454;10.6;4.9
46;2021-03-15;505;166;18829;8620;10.9;5.0
46;2021-03-16;752;174;19581;8794;11.3;5.1
46;2021-03-17;674;207;20255;9001;11.7;5.2
46;2021-03-18;758;216;21013;9217;12.1;5.3
46;2021-03-19;811;153;21824;9370;12.6;5.4
46;2021-03-20;294;5;22118;9375;12.8;5.4
46;2021-03-21;2;0;22120;9375;12.8;5.4
46;2021-03-22;555;241;22675;9616;13.1;5.6
46;2021-03-23;702;212;23377;9828;13.5;5.7
46;2021-03-24;673;240;24050;10068;13.9;5.8
46;2021-03-25;1135;187;25185;10255;14.5;5.9
46;2021-03-26;1023;342;26208;10597;15.1;6.1
46;2021-03-27;420;73;26628;10670;15.4;6.2
46;2021-03-28;127;1;26755;10671;15.5;6.2
46;2021-03-29;733;253;27488;10924;15.9;6.3
46;2021-03-30;767;365;28255;11289;16.3;6.5
46;2021-03-31;865;421;29120;11710;16.8;6.8
46;2021-04-01;1172;351;30292;12061;17.5;7.0
46;2021-04-02;922;396;31214;12457;18.0;7.2
46;2021-04-03;167;166;31381;12623;18.1;7.3
46;2021-04-04;0;71;31381;12694;18.1;7.3
46;2021-04-05;3;0;31384;12694;18.1;7.3
46;2021-04-06;544;517;31928;13211;18.4;7.6
46;2021-04-07;784;647;32712;13858;18.9;8.0
46;2021-04-08;960;542;33672;14400;19.4;8.3
46;2021-04-09;1018;506;34690;14906;20.0;8.6
46;2021-04-10;506;211;35196;15117;20.3;8.7
46;2021-04-11;232;1;35428;15118;20.5;8.7
46;2021-04-12;845;547;36273;15665;20.9;9.0
46;2021-04-13;1186;721;37459;16386;21.6;9.5
46;2021-04-14;1533;615;38992;17001;22.5;9.8
46;2021-04-15;1505;665;40497;17666;23.4;10.2
46;2021-04-16;1584;566;42081;18232;24.3;10.5
46;2021-04-17;995;137;43076;18369;24.9;10.6
46;2021-04-18;517;10;43593;18379;25.2;10.6
46;2021-04-19;1070;573;44663;18952;25.8;10.9
46;2021-04-20;1229;734;45892;19686;26.5;11.4
46;2021-04-21;1230;714;47122;20400;27.2;11.8
46;2021-04-22;1391;730;48513;21130;28.0;12.2
46;2021-04-23;1132;733;49645;21863;28.7;12.6
46;2021-04-24;472;19;50117;21882;28.9;12.6
46;2021-04-25;351;11;50468;21893;29.1;12.6
46;2021-04-26;852;730;51320;22623;29.6;13.1
46;2021-04-27;1221;668;52541;23291;30.3;13.5
46;2021-04-28;1289;669;53830;23960;31.1;13.8
46;2021-04-29;1417;527;55247;24487;31.9;14.1
46;2021-04-30;1438;569;56685;25056;32.7;14.5
46;2021-05-01;697;74;57382;25130;33.1;14.5
46;2021-05-02;346;4;57728;25134;33.3;14.5
46;2021-05-03;853;570;58581;25704;33.8;14.8
46;2021-05-04;1037;1063;59618;26767;34.4;15.5
46;2021-05-05;1373;789;60991;27556;35.2;15.9
46;2021-05-06;1377;743;62368;28299;36.0;16.3
46;2021-05-07;1396;791;63764;29090;36.8;16.8
46;2021-05-08;280;412;64044;29502;37.0;17.0
46;2021-05-09;23;225;64067;29727;37.0;17.2
46;2021-05-10;515;1137;64582;30864;37.3;17.8
46;2021-05-11;1031;1256;65613;32120;37.9;18.5
46;2021-05-12;993;1564;66606;33684;38.5;19.5
46;2021-05-13;598;143;67204;33827;38.8;19.5
46;2021-05-14;958;1097;68162;34924;39.4;20.2
46;2021-05-15;254;654;68416;35578;39.5;20.5
46;2021-05-16;77;297;68493;35875;39.6;20.7
46;2021-05-17;652;960;69145;36835;39.9;21.3
46;2021-05-18;1402;1024;70547;37859;40.7;21.9
46;2021-05-19;1305;904;71852;38763;41.5;22.4
46;2021-05-20;1453;813;73305;39576;42.3;22.9
46;2021-05-21;997;1158;74302;40734;42.9;23.5
46;2021-05-22;146;369;74448;41103;43.0;23.7
46;2021-05-23;451;26;74899;41129;43.3;23.8
46;2021-05-24;411;113;75310;41242;43.5;23.8
46;2021-05-25;960;1333;76270;42575;44.0;24.6
46;2021-05-26;1237;1149;77507;43724;44.8;25.2
46;2021-05-27;1431;1195;78938;44919;45.6;25.9
46;2021-05-28;1428;1211;80366;46130;46.4;26.6
46;2021-05-29;1049;397;81415;46527;47.0;26.9
46;2021-05-30;409;39;81824;46566;47.3;26.9
46;2021-05-31;968;976;82792;47542;47.8;27.5
46;2021-06-01;1277;999;84069;48541;48.5;28.0
46;2021-06-02;1319;1116;85388;49657;49.3;28.7
46;2021-06-03;1415;1012;86803;50669;50.1;29.3
46;2021-06-04;1330;977;88133;51646;50.9;29.8
46;2021-06-05;381;414;88514;52060;51.1;30.1
46;2021-06-06;209;96;88723;52156;51.2;30.1
46;2021-06-07;814;617;89537;52773;51.7;30.5
46;2021-06-08;1020;896;90557;53669;52.3;31.0
46;2021-06-09;1505;974;92062;54643;53.2;31.6
46;2021-06-10;981;852;93043;55495;53.7;32.0
46;2021-06-11;969;1322;94012;56817;54.3;32.8
46;2021-06-12;459;549;94471;57366;54.6;33.1
46;2021-06-13;27;86;94498;57452;54.6;33.2
46;2021-06-14;593;1138;95091;58590;54.9;33.8
46;2021-06-15;751;1247;95842;59837;55.3;34.6
46;2021-06-16;1002;1113;96844;60950;55.9;35.2
46;2021-06-17;527;897;97371;61847;56.2;35.7
46;2021-06-18;656;1253;98027;63100;56.6;36.4
46;2021-06-19;457;313;98484;63413;56.9;36.6
46;2021-06-20;39;161;98523;63574;56.9;36.7
46;2021-06-21;429;946;98952;64520;57.1;37.3
46;2021-06-22;350;1177;99302;65697;57.3;37.9
46;2021-06-23;519;1074;99821;66771;57.6;38.6
46;2021-06-24;251;820;100072;67591;57.8;39.0
46;2021-06-25;491;1118;100563;68709;58.1;39.7
46;2021-06-26;398;553;100961;69262;58.3;40.0
46;2021-06-27;3;4;100964;69266;58.3;40.0
46;2021-06-28;315;1341;101279;70607;58.5;40.8
46;2021-06-29;375;1680;101654;72287;58.7;41.7
46;2021-06-30;509;1577;102163;73864;59.0;42.7
46;2021-07-01;487;1153;102650;75017;59.3;43.3
46;2021-07-02;455;1087;103105;76104;59.5;43.9
46;2021-07-03;120;454;103225;76558;59.6;44.2
46;2021-07-04;57;127;103282;76685;59.6;44.3
46;2021-07-05;347;1185;103629;77870;59.8;45.0
46;2021-07-06;449;1457;104078;79327;60.1;45.8
46;2021-07-07;583;1728;104661;81055;60.4;46.8
46;2021-07-08;340;1164;105001;82219;60.6;47.5
46;2021-07-09;395;1706;105396;83925;60.9;48.5
46;2021-07-10;285;1039;105681;84964;61.0;49.1
46;2021-07-11;15;375;105696;85339;61.0;49.3
46;2021-07-12;248;1259;105944;86598;61.2;50.0
46;2021-07-13;626;1670;106570;88268;61.5;51.0
46;2021-07-14;73;144;106643;88412;61.6;51.1
46;2021-07-15;917;1464;107560;89876;62.1;51.9
46;2021-07-16;766;1394;108326;91270;62.6;52.7
46;2021-07-17;364;539;108690;91809;62.8;53.0
46;2021-07-18;2;0;108692;91809;62.8;53.0
46;2021-07-19;729;1188;109421;92997;63.2;53.7
46;2021-07-20;983;1438;110404;94435;63.8;54.5
46;2021-07-21;1001;1379;111405;95814;64.3;55.3
46;2021-07-22;1404;1118;112809;96932;65.1;56.0
46;2021-07-23;768;1322;113577;98254;65.6;56.7
46;2021-07-24;957;665;114534;98919;66.1;57.1
46;2021-07-25;136;17;114670;98936;66.2;57.1
46;2021-07-26;881;878;115551;99814;66.7;57.6
46;2021-07-27;1220;978;116771;100792;67.4;58.2
46;2021-07-28;1284;1114;118055;101906;68.2;58.8
46;2021-07-29;1580;849;119635;102755;69.1;59.3
46;2021-07-30;1933;956;121568;103711;70.2;59.9
46;2021-07-31;958;662;122526;104373;70.8;60.3
46;2021-08-01;12;3;122538;104376;70.8;60.3
46;2021-08-02;974;591;123512;104967;71.3;60.6
46;2021-08-03;1365;679;124877;105646;72.1;61.0
46;2021-08-04;1735;586;126612;106232;73.1;61.3
46;2021-08-05;1382;843;127994;107075;73.9;61.8
46;2021-08-06;1422;848;129416;107923;74.7;62.3
46;2021-08-07;707;544;130123;108467;75.1;62.6
46;2021-08-08;152;66;130275;108533;75.2;62.7
46;2021-08-09;1018;694;131293;109227;75.8;63.1
46;2021-08-10;1206;892;132499;110119;76.5;63.6
46;2021-08-11;1260;1064;133759;111183;77.2;64.2
46;2021-08-12;990;800;134749;111983;77.8;64.7
46;2021-08-13;953;1005;135702;112988;78.4;65.2
46;2021-08-14;588;774;136290;113762;78.7;65.7
46;2021-08-15;8;27;136298;113789;78.7;65.7
46;2021-08-16;795;811;137093;114600;79.2;66.2
46;2021-08-17;889;1288;137982;115888;79.7;66.9
46;2021-08-18;770;1051;138752;116939;80.1;67.5
46;2021-08-19;673;1362;139425;118301;80.5;68.3
46;2021-08-20;520;1557;139945;119858;80.8;69.2
46;2021-08-21;378;649;140323;120507;81.0;69.6
46;2021-08-22;2;31;140325;120538;81.0;69.6
46;2021-08-23;424;1204;140749;121742;81.3;70.3
46;2021-08-24;554;1338;141303;123080;81.6;71.1
46;2021-08-25;530;1398;141833;124478;81.9;71.9
46;2021-08-26;392;1095;142225;125573;82.1;72.5
46;2021-08-27;436;1912;142661;127485;82.4;73.6
46;2021-08-28;272;652;142933;128137;82.5;74.0
46;2021-08-29;5;11;142938;128148;82.5;74.0
46;2021-08-30;295;1112;143233;129260;82.7;74.6
46;2021-08-31;340;1239;143573;130499;82.9;75.4
46;2021-09-01;393;1083;143966;131582;83.1;76.0
46;2021-09-02;271;963;144237;132545;83.3;76.5
46;2021-09-03;322;1155;144559;133700;83.5;77.2
46;2021-09-04;188;635;144747;134335;83.6;77.6
46;2021-09-05;8;15;144755;134350;83.6;77.6
46;2021-09-06;219;655;144974;135005;83.7;78.0
46;2021-09-07;252;683;145226;135688;83.9;78.4
46;2021-09-08;277;798;145503;136486;84.0;78.8
46;2021-09-09;201;531;145704;137017;84.1;79.1
46;2021-09-10;277;851;145981;137868;84.3;79.6
46;2021-09-11;151;354;146132;138222;84.4;79.8
46;2021-09-12;8;22;146140;138244;84.4;79.8
46;2021-09-13;179;503;146319;138747;84.5;80.1
46;2021-09-14;266;403;146585;139150;84.6;80.4
46;2021-09-15;257;677;146842;139827;84.8;80.7
46;2021-09-16;132;265;146974;140092;84.9;80.9
46;2021-09-17;234;555;147208;140647;85.0;81.2
46;2021-09-18;101;364;147309;141011;85.1;81.4
46;2021-09-19;3;9;147312;141020;85.1;81.4
46;2021-09-20;70;350;147382;141370;85.1;81.6
46;2021-09-21;70;238;147452;141608;85.2;81.8
46;2021-09-22;128;482;147580;142090;85.2;82.1
46;2021-09-23;83;226;147663;142316;85.3;82.2
46;2021-09-24;76;400;147739;142716;85.3;82.4
46;2021-09-25;69;221;147808;142937;85.4;82.5
46;2021-09-26;3;8;147811;142945;85.4;82.5
46;2021-09-27;76;229;147887;143174;85.4;82.7
46;2021-09-28;48;225;147935;143399;85.4;82.8
46;2021-09-29;84;291;148019;143690;85.5;83.0
46;2021-09-30;63;146;148082;143836;85.5;83.1
46;2021-10-01;101;296;148183;144132;85.6;83.2
46;2021-10-02;80;191;148263;144323;85.6;83.3
46;2021-10-03;0;0;148263;144323;85.6;83.3
46;2021-10-04;63;189;148326;144512;85.7;83.5
46;2021-10-05;66;220;148392;144732;85.7;83.6
46;2021-10-06;72;219;148464;144951;85.7;83.7
46;2021-10-07;61;177;148525;145128;85.8;83.8
46;2021-10-08;123;266;148648;145394;85.8;84.0
46;2021-10-09;71;139;148719;145533;85.9;84.0
46;2021-10-10;4;7;148723;145540;85.9;84.0
46;2021-10-11;57;132;148780;145672;85.9;84.1
46;2021-10-12;40;71;148820;145743;85.9;84.2
46;2021-10-13;71;154;148891;145897;86.0;84.3
47;2020-12-27;0;0;0;0;0.0;0.0
47;2020-12-28;0;0;0;0;0.0;0.0
47;2020-12-29;0;0;0;0;0.0;0.0
47;2020-12-30;0;0;0;0;0.0;0.0
47;2020-12-31;0;0;0;0;0.0;0.0
47;2021-01-01;4;0;4;0;0.0;0.0
47;2021-01-02;0;0;4;0;0.0;0.0
47;2021-01-03;0;0;4;0;0.0;0.0
47;2021-01-04;0;0;4;0;0.0;0.0
47;2021-01-05;1;0;5;0;0.0;0.0
47;2021-01-06;0;0;5;0;0.0;0.0
47;2021-01-07;71;1;76;1;0.0;0.0
47;2021-01-08;314;0;390;1;0.1;0.0
47;2021-01-09;113;0;503;1;0.2;0.0
47;2021-01-10;0;0;503;1;0.2;0.0
47;2021-01-11;249;1;752;2;0.2;0.0
47;2021-01-12;327;0;1079;2;0.3;0.0
47;2021-01-13;349;0;1428;2;0.4;0.0
47;2021-01-14;370;4;1798;6;0.5;0.0
47;2021-01-15;287;2;2085;8;0.6;0.0
47;2021-01-16;176;4;2261;12;0.7;0.0
47;2021-01-17;0;0;2261;12;0.7;0.0
47;2021-01-18;487;2;2748;14;0.8;0.0
47;2021-01-19;468;3;3216;17;1.0;0.0
47;2021-01-20;518;1;3734;18;1.1;0.0
47;2021-01-21;586;1;4320;19;1.3;0.0
47;2021-01-22;471;1;4791;20;1.5;0.0
47;2021-01-23;390;0;5181;20;1.6;0.0
47;2021-01-24;0;0;5181;20;1.6;0.0
47;2021-01-25;434;0;5615;20;1.7;0.0
47;2021-01-26;792;7;6407;27;1.9;0.0
47;2021-01-27;731;1;7138;28;2.2;0.0
47;2021-01-28;575;67;7713;95;2.3;0.0
47;2021-01-29;461;170;8174;265;2.5;0.1
47;2021-01-30;301;39;8475;304;2.6;0.1
47;2021-01-31;0;0;8475;304;2.6;0.1
47;2021-02-01;372;117;8847;421;2.7;0.1
47;2021-02-02;759;316;9606;737;2.9;0.2
47;2021-02-03;426;163;10032;900;3.0;0.3
47;2021-02-04;370;317;10402;1217;3.1;0.4
47;2021-02-05;300;309;10702;1526;3.2;0.5
47;2021-02-06;296;99;10998;1625;3.3;0.5
47;2021-02-07;0;0;10998;1625;3.3;0.5
47;2021-02-08;183;285;11181;1910;3.4;0.6
47;2021-02-09;232;258;11413;2168;3.5;0.7
47;2021-02-10;254;245;11667;2413;3.5;0.7
47;2021-02-11;356;378;12023;2791;3.6;0.8
47;2021-02-12;243;412;12266;3203;3.7;1.0
47;2021-02-13;226;111;12492;3314;3.8;1.0
47;2021-02-14;0;0;12492;3314;3.8;1.0
47;2021-02-15;194;381;12686;3695;3.8;1.1
47;2021-02-16;303;588;12989;4283;3.9;1.3
47;2021-02-17;326;455;13315;4738;4.0;1.4
47;2021-02-18;201;597;13516;5335;4.1;1.6
47;2021-02-19;193;365;13709;5700;4.2;1.7
47;2021-02-20;117;268;13826;5968;4.2;1.8
47;2021-02-21;0;0;13826;5968;4.2;1.8
47;2021-02-22;75;406;13901;6374;4.2;1.9
47;2021-02-23;149;651;14050;7025;4.3;2.1
47;2021-02-24;261;564;14311;7589;4.3;2.3
47;2021-02-25;304;412;14615;8001;4.4;2.4
47;2021-02-26;467;323;15082;8324;4.6;2.5
47;2021-02-27;324;213;15406;8537;4.7;2.6
47;2021-02-28;0;0;15406;8537;4.7;2.6
47;2021-03-01;124;398;15530;8935;4.7;2.7
47;2021-03-02;199;366;15729;9301;4.8;2.8
47;2021-03-03;244;350;15973;9651;4.8;2.9
47;2021-03-04;593;333;16566;9984;5.0;3.0
47;2021-03-05;845;287;17411;10271;5.3;3.1
47;2021-03-06;506;194;17917;10465;5.4;3.2
47;2021-03-07;331;6;18248;10471;5.5;3.2
47;2021-03-08;459;227;18707;10698;5.7;3.2
47;2021-03-09;508;494;19215;11192;5.8;3.4
47;2021-03-10;666;301;19881;11493;6.0;3.5
47;2021-03-11;940;383;20821;11876;6.3;3.6
47;2021-03-12;1373;301;22194;12177;6.7;3.7
47;2021-03-13;950;110;23144;12287;7.0;3.7
47;2021-03-14;51;0;23195;12287;7.0;3.7
47;2021-03-15;593;163;23788;12450;7.2;3.8
47;2021-03-16;750;178;24538;12628;7.4;3.8
47;2021-03-17;861;213;25399;12841;7.7;3.9
47;2021-03-18;917;177;26316;13018;8.0;3.9
47;2021-03-19;1272;129;27588;13147;8.4;4.0
47;2021-03-20;1088;60;28676;13207;8.7;4.0
47;2021-03-21;344;1;29020;13208;8.8;4.0
47;2021-03-22;1009;96;30029;13304;9.1;4.0
47;2021-03-23;1146;149;31175;13453;9.4;4.1
47;2021-03-24;1214;133;32389;13586;9.8;4.1
47;2021-03-25;1567;156;33956;13742;10.3;4.2
47;2021-03-26;1882;202;35838;13944;10.8;4.2
47;2021-03-27;980;131;36818;14075;11.1;4.3
47;2021-03-28;699;6;37517;14081;11.4;4.3
47;2021-03-29;1511;82;39028;14163;11.8;4.3
47;2021-03-30;1645;128;40673;14291;12.3;4.3
47;2021-03-31;1605;157;42278;14448;12.8;4.4
47;2021-04-01;1682;270;43960;14718;13.3;4.5
47;2021-04-02;1932;457;45892;15175;13.9;4.6
47;2021-04-03;1202;184;47094;15359;14.3;4.6
47;2021-04-04;475;13;47569;15372;14.4;4.7
47;2021-04-05;1297;61;48866;15433;14.8;4.7
47;2021-04-06;1386;390;50252;15823;15.2;4.8
47;2021-04-07;1698;598;51950;16421;15.7;5.0
47;2021-04-08;1835;480;53785;16901;16.3;5.1
47;2021-04-09;2085;547;55870;17448;16.9;5.3
47;2021-04-10;1565;326;57435;17774;17.4;5.4
47;2021-04-11;530;9;57965;17783;17.5;5.4
47;2021-04-12;1438;619;59403;18402;18.0;5.6
47;2021-04-13;1813;765;61216;19167;18.5;5.8
47;2021-04-14;1750;722;62966;19889;19.1;6.0
47;2021-04-15;2012;849;64978;20738;19.7;6.3
47;2021-04-16;1768;898;66746;21636;20.2;6.5
47;2021-04-17;1471;969;68217;22605;20.7;6.8
47;2021-04-18;23;0;68240;22605;20.7;6.8
47;2021-04-19;1331;932;69571;23537;21.1;7.1
47;2021-04-20;1625;910;71196;24447;21.6;7.4
47;2021-04-21;1623;775;72819;25222;22.0;7.6
47;2021-04-22;1880;1059;74699;26281;22.6;8.0
47;2021-04-23;1729;1077;76428;27358;23.1;8.3
47;2021-04-24;1549;807;77977;28165;23.6;8.5
47;2021-04-25;242;345;78219;28510;23.7;8.6
47;2021-04-26;1491;1366;79710;29876;24.1;9.0
47;2021-04-27;1921;1476;81631;31352;24.7;9.5
47;2021-04-28;2090;1595;83721;32947;25.3;10.0
47;2021-04-29;2532;1514;86253;34461;26.1;10.4
47;2021-04-30;2044;1780;88297;36241;26.7;11.0
47;2021-05-01;2263;986;90560;37227;27.4;11.3
47;2021-05-02;21;358;90581;37585;27.4;11.4
47;2021-05-03;1596;1422;92177;39007;27.9;11.8
47;2021-05-04;1645;1732;93822;40739;28.4;12.3
47;2021-05-05;1926;1643;95748;42382;29.0;12.8
47;2021-05-06;2105;1509;97853;43891;29.6;13.3
47;2021-05-07;2001;1623;99854;45514;30.2;13.8
47;2021-05-08;2097;464;101951;45978;30.9;13.9
47;2021-05-09;24;359;101975;46337;30.9;14.0
47;2021-05-10;1202;1672;103177;48009;31.2;14.5
47;2021-05-11;2172;1987;105349;49996;31.9;15.1
47;2021-05-12;2624;1451;107973;51447;32.7;15.6
47;2021-05-13;2380;656;110353;52103;33.4;15.8
47;2021-05-14;2061;859;112414;52962;34.0;16.0
47;2021-05-15;1934;865;114348;53827;34.6;16.3
47;2021-05-16;367;9;114715;53836;34.7;16.3
47;2021-05-17;1884;1124;116599;54960;35.3;16.6
47;2021-05-18;2359;1140;118958;56100;36.0;17.0
47;2021-05-19;2344;759;121302;56859;36.7;17.2
47;2021-05-20;2589;973;123891;57832;37.5;17.5
47;2021-05-21;1538;1134;125429;58966;38.0;17.9
47;2021-05-22;2369;839;127798;59805;38.7;18.1
47;2021-05-23;25;186;127823;59991;38.7;18.2
47;2021-05-24;1549;237;129372;60228;39.2;18.2
47;2021-05-25;1481;1318;130853;61546;39.6;18.6
47;2021-05-26;1599;1091;132452;62637;40.1;19.0
47;2021-05-27;1944;1269;134396;63906;40.7;19.3
47;2021-05-28;1459;1537;135855;65443;41.1;19.8
47;2021-05-29;1153;1124;137008;66567;41.5;20.2
47;2021-05-30;12;45;137020;66612;41.5;20.2
47;2021-05-31;1868;1424;138888;68036;42.0;20.6
47;2021-06-01;1921;1344;140809;69380;42.6;21.0
47;2021-06-02;2100;1332;142909;70712;43.3;21.4
47;2021-06-03;2486;1614;145395;72326;44.0;21.9
47;2021-06-04;1965;2118;147360;74444;44.6;22.5
47;2021-06-05;1640;1475;149000;75919;45.1;23.0
47;2021-06-06;211;70;149211;75989;45.2;23.0
47;2021-06-07;1659;2238;150870;78227;45.7;23.7
47;2021-06-08;1629;1904;152499;80131;46.2;24.3
47;2021-06-09;1824;2124;154323;82255;46.7;24.9
47;2021-06-10;2377;1620;156700;83875;47.4;25.4
47;2021-06-11;1826;2101;158526;85976;48.0;26.0
47;2021-06-12;1351;2102;159877;88078;48.4;26.7
47;2021-06-13;4;10;159881;88088;48.4;26.7
47;2021-06-14;1281;2444;161162;90532;48.8;27.4
47;2021-06-15;1464;2033;162626;92565;49.2;28.0
47;2021-06-16;1203;2189;163829;94754;49.6;28.7
47;2021-06-17;1657;1524;165486;96278;50.1;29.1
47;2021-06-18;1439;2496;166925;98774;50.5;29.9
47;2021-06-19;1542;2453;168467;101227;51.0;30.6
47;2021-06-20;5;33;168472;101260;51.0;30.7
47;2021-06-21;1136;2513;169608;103773;51.3;31.4
47;2021-06-22;762;2507;170370;106280;51.6;32.2
47;2021-06-23;999;2015;171369;108295;51.9;32.8
47;2021-06-24;1211;1936;172580;110231;52.2;33.4
47;2021-06-25;1006;2608;173586;112839;52.5;34.2
47;2021-06-26;986;2789;174572;115628;52.8;35.0
47;2021-06-27;16;349;174588;115977;52.9;35.1
47;2021-06-28;875;2407;175463;118384;53.1;35.8
47;2021-06-29;797;2313;176260;120697;53.4;36.5
47;2021-06-30;730;2303;176990;123000;53.6;37.2
47;2021-07-01;923;2107;177913;125107;53.9;37.9
47;2021-07-02;885;2274;178798;127381;54.1;38.6
47;2021-07-03;726;3042;179524;130423;54.3;39.5
47;2021-07-04;34;12;179558;130435;54.4;39.5
47;2021-07-05;978;2147;180536;132582;54.7;40.1
47;2021-07-06;1007;1957;181543;134539;55.0;40.7
47;2021-07-07;1298;2064;182841;136603;55.4;41.4
47;2021-07-08;1143;2193;183984;138796;55.7;42.0
47;2021-07-09;1047;2405;185031;141201;56.0;42.7
47;2021-07-10;951;2131;185982;143332;56.3;43.4
47;2021-07-11;1;6;185983;143338;56.3;43.4
47;2021-07-12;556;2580;186539;145918;56.5;44.2
47;2021-07-13;1094;2585;187633;148503;56.8;45.0
47;2021-07-14;1165;1577;188798;150080;57.2;45.4
47;2021-07-15;1717;3135;190515;153215;57.7;46.4
47;2021-07-16;1722;2677;192237;155892;58.2;47.2
47;2021-07-17;1201;2458;193438;158350;58.6;47.9
47;2021-07-18;36;188;193474;158538;58.6;48.0
47;2021-07-19;1113;2561;194587;161099;58.9;48.8
47;2021-07-20;1638;2341;196225;163440;59.4;49.5
47;2021-07-21;2192;2240;198417;165680;60.1;50.2
47;2021-07-22;2157;2298;200574;167978;60.7;50.9
47;2021-07-23;2124;2251;202698;170229;61.4;51.5
47;2021-07-24;1114;1915;203812;172144;61.7;52.1
47;2021-07-25;20;1;203832;172145;61.7;52.1
47;2021-07-26;1236;1946;205068;174091;62.1;52.7
47;2021-07-27;2123;1633;207191;175724;62.7;53.2
47;2021-07-28;1880;1606;209071;177330;63.3;53.7
47;2021-07-29;2340;1605;211411;178935;64.0;54.2
47;2021-07-30;1865;1627;213276;180562;64.6;54.7
47;2021-07-31;1486;1668;214762;182230;65.0;55.2
47;2021-08-01;18;8;214780;182238;65.0;55.2
47;2021-08-02;2053;1219;216833;183457;65.6;55.5
47;2021-08-03;2159;1106;218992;184563;66.3;55.9
47;2021-08-04;2192;1528;221184;186091;67.0;56.3
47;2021-08-05;2408;1447;223592;187538;67.7;56.8
47;2021-08-06;1999;1841;225591;189379;68.3;57.3
47;2021-08-07;1628;1418;227219;190797;68.8;57.8
47;2021-08-08;24;22;227243;190819;68.8;57.8
47;2021-08-09;1883;1214;229126;192033;69.4;58.1
47;2021-08-10;1919;1298;231045;193331;69.9;58.5
47;2021-08-11;1804;1401;232849;194732;70.5;58.9
47;2021-08-12;2059;1340;234908;196072;71.1;59.4
47;2021-08-13;1424;1668;236332;197740;71.5;59.9
47;2021-08-14;1349;1443;237681;199183;72.0;60.3
47;2021-08-15;11;18;237692;199201;72.0;60.3
47;2021-08-16;1436;1445;239128;200646;72.4;60.7
47;2021-08-17;1124;1684;240252;202330;72.7;61.2
47;2021-08-18;1181;1714;241433;204044;73.1;61.8
47;2021-08-19;1039;1813;242472;205857;73.4;62.3
47;2021-08-20;972;1708;243444;207565;73.7;62.8
47;2021-08-21;829;1277;244273;208842;73.9;63.2
47;2021-08-22;19;31;244292;208873;74.0;63.2
47;2021-08-23;615;1827;244907;210700;74.1;63.8
47;2021-08-24;811;1622;245718;212322;74.4;64.3
47;2021-08-25;811;1787;246529;214109;74.6;64.8
47;2021-08-26;741;2080;247270;216189;74.9;65.4
47;2021-08-27;700;1979;247970;218168;75.1;66.0
47;2021-08-28;568;1670;248538;219838;75.2;66.5
47;2021-08-29;2;16;248540;219854;75.2;66.6
47;2021-08-30;459;1908;248999;221762;75.4;67.1
47;2021-08-31;583;1793;249582;223555;75.6;67.7
47;2021-09-01;422;1956;250004;225511;75.7;68.3
47;2021-09-02;436;1945;250440;227456;75.8;68.9
47;2021-09-03;504;1844;250944;229300;76.0;69.4
47;2021-09-04;479;1743;251423;231043;76.1;69.9
47;2021-09-05;12;35;251435;231078;76.1;70.0
47;2021-09-06;344;1251;251779;232329;76.2;70.3
47;2021-09-07;478;1114;252257;233443;76.4;70.7
47;2021-09-08;419;1484;252676;234927;76.5;71.1
47;2021-09-09;423;1098;253099;236025;76.6;71.4
47;2021-09-10;472;1163;253571;237188;76.8;71.8
47;2021-09-11;438;1373;254009;238561;76.9;72.2
47;2021-09-12;5;6;254014;238567;76.9;72.2
47;2021-09-13;255;731;254269;239298;77.0;72.4
47;2021-09-14;402;797;254671;240095;77.1;72.7
47;2021-09-15;342;940;255013;241035;77.2;73.0
47;2021-09-16;324;560;255337;241595;77.3;73.1
47;2021-09-17;398;646;255735;242241;77.4;73.3
47;2021-09-18;263;956;255998;243197;77.5;73.6
47;2021-09-19;4;4;256002;243201;77.5;73.6
47;2021-09-20;166;470;256168;243671;77.5;73.8
47;2021-09-21;285;455;256453;244126;77.6;73.9
47;2021-09-22;214;617;256667;244743;77.7;74.1
47;2021-09-23;209;378;256876;245121;77.8;74.2
47;2021-09-24;283;614;257159;245735;77.8;74.4
47;2021-09-25;215;628;257374;246363;77.9;74.6
47;2021-09-26;6;6;257380;246369;77.9;74.6
47;2021-09-27;112;377;257492;246746;77.9;74.7
47;2021-09-28;127;374;257619;247120;78.0;74.8
47;2021-09-29;148;473;257767;247593;78.0;75.0
47;2021-09-30;160;356;257927;247949;78.1;75.1
47;2021-10-01;182;519;258109;248468;78.1;75.2
47;2021-10-02;195;486;258304;248954;78.2;75.4
47;2021-10-03;0;5;258304;248959;78.2;75.4
47;2021-10-04;132;362;258436;249321;78.2;75.5
47;2021-10-05;110;307;258546;249628;78.3;75.6
47;2021-10-06;228;459;258774;250087;78.3;75.7
47;2021-10-07;155;367;258929;250454;78.4;75.8
47;2021-10-08;171;413;259100;250867;78.4;75.9
47;2021-10-09;237;376;259337;251243;78.5;76.1
47;2021-10-10;0;3;259337;251246;78.5;76.1
47;2021-10-11;139;207;259476;251453;78.5;76.1
47;2021-10-12;133;286;259609;251739;78.6;76.2
47;2021-10-13;138;287;259747;252026;78.6;76.3
48;2020-12-27;0;0;0;0;0.0;0.0
48;2020-12-28;0;0;0;0;0.0;0.0
48;2020-12-29;0;0;0;0;0.0;0.0
48;2020-12-30;0;0;0;0;0.0;0.0
48;2020-12-31;0;0;0;0;0.0;0.0
48;2021-01-01;0;0;0;0;0.0;0.0
48;2021-01-02;0;0;0;0;0.0;0.0
48;2021-01-03;0;0;0;0;0.0;0.0
48;2021-01-04;0;0;0;0;0.0;0.0
48;2021-01-05;0;0;0;0;0.0;0.0
48;2021-01-06;0;0;0;0;0.0;0.0
48;2021-01-07;56;0;56;0;0.1;0.0
48;2021-01-08;88;1;144;1;0.2;0.0
48;2021-01-09;1;0;145;1;0.2;0.0
48;2021-01-10;0;0;145;1;0.2;0.0
48;2021-01-11;13;0;158;1;0.2;0.0
48;2021-01-12;20;1;178;2;0.2;0.0
48;2021-01-13;104;0;282;2;0.4;0.0
48;2021-01-14;90;1;372;3;0.5;0.0
48;2021-01-15;63;0;435;3;0.6;0.0
48;2021-01-16;0;0;435;3;0.6;0.0
48;2021-01-17;0;0;435;3;0.6;0.0
48;2021-01-18;117;0;552;3;0.7;0.0
48;2021-01-19;345;2;897;5;1.2;0.0
48;2021-01-20;364;0;1261;5;1.7;0.0
48;2021-01-21;466;1;1727;6;2.3;0.0
48;2021-01-22;269;0;1996;6;2.6;0.0
48;2021-01-23;36;0;2032;6;2.7;0.0
48;2021-01-24;0;0;2032;6;2.7;0.0
48;2021-01-25;109;2;2141;8;2.8;0.0
48;2021-01-26;261;0;2402;8;3.1;0.0
48;2021-01-27;257;2;2659;10;3.5;0.0
48;2021-01-28;273;11;2932;21;3.8;0.0
48;2021-01-29;175;60;3107;81;4.1;0.1
48;2021-01-30;1;7;3108;88;4.1;0.1
48;2021-01-31;0;6;3108;94;4.1;0.1
48;2021-02-01;100;48;3208;142;4.2;0.2
48;2021-02-02;195;36;3403;178;4.5;0.2
48;2021-02-03;177;82;3580;260;4.7;0.3
48;2021-02-04;234;14;3814;274;5.0;0.4
48;2021-02-05;145;37;3959;311;5.2;0.4
48;2021-02-06;34;1;3993;312;5.2;0.4
48;2021-02-07;0;0;3993;312;5.2;0.4
48;2021-02-08;50;60;4043;372;5.3;0.5
48;2021-02-09;66;167;4109;539;5.4;0.7
48;2021-02-10;64;303;4173;842;5.5;1.1
48;2021-02-11;165;407;4338;1249;5.7;1.6
48;2021-02-12;120;155;4458;1404;5.8;1.8
48;2021-02-13;8;55;4466;1459;5.9;1.9
48;2021-02-14;0;0;4466;1459;5.9;1.9
48;2021-02-15;51;106;4517;1565;5.9;2.1
48;2021-02-16;43;173;4560;1738;6.0;2.3
48;2021-02-17;35;284;4595;2022;6.0;2.7
48;2021-02-18;252;113;4847;2135;6.4;2.8
48;2021-02-19;60;183;4907;2318;6.4;3.0
48;2021-02-20;0;1;4907;2319;6.4;3.0
48;2021-02-21;0;14;4907;2333;6.4;3.1
48;2021-02-22;24;129;4931;2462;6.5;3.2
48;2021-02-23;74;221;5005;2683;6.6;3.5
48;2021-02-24;68;265;5073;2948;6.6;3.9
48;2021-02-25;148;263;5221;3211;6.8;4.2
48;2021-02-26;51;229;5272;3440;6.9;4.5
48;2021-02-27;28;1;5300;3441;6.9;4.5
48;2021-02-28;3;14;5303;3455;7.0;4.5
48;2021-03-01;102;97;5405;3552;7.1;4.7
48;2021-03-02;199;87;5604;3639;7.3;4.8
48;2021-03-03;152;109;5756;3748;7.5;4.9
48;2021-03-04;195;184;5951;3932;7.8;5.2
48;2021-03-05;136;141;6087;4073;8.0;5.3
48;2021-03-06;180;53;6267;4126;8.2;5.4
48;2021-03-07;75;2;6342;4128;8.3;5.4
48;2021-03-08;352;148;6694;4276;8.8;5.6
48;2021-03-09;377;106;7071;4382;9.3;5.7
48;2021-03-10;263;61;7334;4443;9.6;5.8
48;2021-03-11;334;91;7668;4534;10.1;5.9
48;2021-03-12;256;153;7924;4687;10.4;6.1
48;2021-03-13;301;5;8225;4692;10.8;6.2
48;2021-03-14;8;0;8233;4692;10.8;6.2
48;2021-03-15;174;64;8407;4756;11.0;6.2
48;2021-03-16;167;66;8574;4822;11.2;6.3
48;2021-03-17;156;110;8730;4932;11.4;6.5
48;2021-03-18;191;104;8921;5036;11.7;6.6
48;2021-03-19;116;96;9037;5132;11.8;6.7
48;2021-03-20;101;0;9138;5132;12.0;6.7
48;2021-03-21;0;0;9138;5132;12.0;6.7
48;2021-03-22;160;21;9298;5153;12.2;6.8
48;2021-03-23;329;103;9627;5256;12.6;6.9
48;2021-03-24;284;100;9911;5356;13.0;7.0
48;2021-03-25;757;123;10668;5479;14.0;7.2
48;2021-03-26;269;62;10937;5541;14.3;7.3
48;2021-03-27;104;1;11041;5542;14.5;7.3
48;2021-03-28;80;21;11121;5563;14.6;7.3
48;2021-03-29;305;81;11426;5644;15.0;7.4
48;2021-03-30;365;132;11791;5776;15.5;7.6
48;2021-03-31;448;88;12239;5864;16.0;7.7
48;2021-04-01;732;73;12971;5937;17.0;7.8
48;2021-04-02;487;136;13458;6073;17.6;8.0
48;2021-04-03;140;83;13598;6156;17.8;8.1
48;2021-04-04;0;0;13598;6156;17.8;8.1
48;2021-04-05;43;1;13641;6157;17.9;8.1
48;2021-04-06;465;160;14106;6317;18.5;8.3
48;2021-04-07;465;142;14571;6459;19.1;8.5
48;2021-04-08;620;188;15191;6647;19.9;8.7
48;2021-04-09;446;123;15637;6770;20.5;8.9
48;2021-04-10;95;60;15732;6830;20.6;9.0
48;2021-04-11;2;0;15734;6830;20.6;9.0
48;2021-04-12;364;71;16098;6901;21.1;9.0
48;2021-04-13;361;93;16459;6994;21.6;9.2
48;2021-04-14;624;187;17083;7181;22.4;9.4
48;2021-04-15;701;363;17784;7544;23.3;9.9
48;2021-04-16;538;229;18322;7773;24.0;10.2
48;2021-04-17;89;73;18411;7846;24.1;10.3
48;2021-04-18;0;0;18411;7846;24.1;10.3
48;2021-04-19;196;106;18607;7952;24.4;10.4
48;2021-04-20;216;182;18823;8134;24.7;10.7
48;2021-04-21;284;207;19107;8341;25.0;10.9
48;2021-04-22;306;482;19413;8823;25.4;11.6
48;2021-04-23;255;242;19668;9065;25.8;11.9
48;2021-04-24;97;95;19765;9160;25.9;12.0
48;2021-04-25;1;9;19766;9169;25.9;12.0
48;2021-04-26;87;211;19853;9380;26.0;12.3
48;2021-04-27;172;292;20025;9672;26.2;12.7
48;2021-04-28;149;415;20174;10087;26.4;13.2
48;2021-04-29;203;490;20377;10577;26.7;13.9
48;2021-04-30;172;226;20549;10803;26.9;14.2
48;2021-05-01;0;0;20549;10803;26.9;14.2
48;2021-05-02;0;0;20549;10803;26.9;14.2
48;2021-05-03;106;386;20655;11189;27.1;14.7
48;2021-05-04;227;421;20882;11610;27.4;15.2
48;2021-05-05;84;486;20966;12096;27.5;15.9
48;2021-05-06;775;642;21741;12738;28.5;16.7
48;2021-05-07;96;503;21837;13241;28.6;17.4
48;2021-05-08;309;43;22146;13284;29.0;17.4
48;2021-05-09;285;9;22431;13293;29.4;17.4
48;2021-05-10;55;325;22486;13618;29.5;17.9
48;2021-05-11;221;290;22707;13908;29.8;18.2
48;2021-05-12;249;313;22956;14221;30.1;18.6
48;2021-05-13;472;158;23428;14379;30.7;18.8
48;2021-05-14;244;222;23672;14601;31.0;19.1
48;2021-05-15;84;46;23756;14647;31.1;19.2
48;2021-05-16;1;6;23757;14653;31.1;19.2
48;2021-05-17;474;267;24231;14920;31.8;19.6
48;2021-05-18;263;229;24494;15149;32.1;19.9
48;2021-05-19;207;277;24701;15426;32.4;20.2
48;2021-05-20;318;256;25019;15682;32.8;20.6
48;2021-05-21;174;267;25193;15949;33.0;20.9
48;2021-05-22;25;50;25218;15999;33.1;21.0
48;2021-05-23;0;6;25218;16005;33.1;21.0
48;2021-05-24;0;14;25218;16019;33.1;21.0
48;2021-05-25;181;267;25399;16286;33.3;21.3
48;2021-05-26;416;298;25815;16584;33.8;21.7
48;2021-05-27;1178;380;26993;16964;35.4;22.2
48;2021-05-28;315;350;27308;17314;35.8;22.7
48;2021-05-29;79;50;27387;17364;35.9;22.8
48;2021-05-30;0;1;27387;17365;35.9;22.8
48;2021-05-31;624;263;28011;17628;36.7;23.1
48;2021-06-01;272;305;28283;17933;37.1;23.5
48;2021-06-02;407;424;28690;18357;37.6;24.1
48;2021-06-03;629;431;29319;18788;38.4;24.6
48;2021-06-04;291;283;29610;19071;38.8;25.0
48;2021-06-05;121;77;29731;19148;39.0;25.1
48;2021-06-06;1;1;29732;19149;39.0;25.1
48;2021-06-07;440;161;30172;19310;39.6;25.3
48;2021-06-08;616;309;30788;19619;40.4;25.7
48;2021-06-09;379;190;31167;19809;40.9;26.0
48;2021-06-10;1003;242;32170;20051;42.2;26.3
48;2021-06-11;371;161;32541;20212;42.7;26.5
48;2021-06-12;74;57;32615;20269;42.8;26.6
48;2021-06-13;0;2;32615;20271;42.8;26.6
48;2021-06-14;124;115;32739;20386;42.9;26.7
48;2021-06-15;407;386;33146;20772;43.4;27.2
48;2021-06-16;260;144;33406;20916;43.8;27.4
48;2021-06-17;486;575;33892;21491;44.4;28.2
48;2021-06-18;254;315;34146;21806;44.8;28.6
48;2021-06-19;35;291;34181;22097;44.8;29.0
48;2021-06-20;123;224;34304;22321;45.0;29.3
48;2021-06-21;125;134;34429;22455;45.1;29.4
48;2021-06-22;258;335;34687;22790;45.5;29.9
48;2021-06-23;111;545;34798;23335;45.6;30.6
48;2021-06-24;364;610;35162;23945;46.1;31.4
48;2021-06-25;154;276;35316;24221;46.3;31.8
48;2021-06-26;15;45;35331;24266;46.3;31.8
48;2021-06-27;1;1;35332;24267;46.3;31.8
48;2021-06-28;81;177;35413;24444;46.4;32.0
48;2021-06-29;297;415;35710;24859;46.8;32.6
48;2021-06-30;98;465;35808;25324;46.9;33.2
48;2021-07-01;194;669;36002;25993;47.2;34.1
48;2021-07-02;148;369;36150;26362;47.4;34.6
48;2021-07-03;42;89;36192;26451;47.4;34.7
48;2021-07-04;7;0;36199;26451;47.5;34.7
48;2021-07-05;40;117;36239;26568;47.5;34.8
48;2021-07-06;277;598;36516;27166;47.9;35.6
48;2021-07-07;201;489;36717;27655;48.1;36.3
48;2021-07-08;223;1189;36940;28844;48.4;37.8
48;2021-07-09;159;553;37099;29397;48.6;38.5
48;2021-07-10;95;147;37194;29544;48.8;38.7
48;2021-07-11;0;4;37194;29548;48.8;38.7
48;2021-07-12;139;672;37333;30220;48.9;39.6
48;2021-07-13;211;430;37544;30650;49.2;40.2
48;2021-07-14;179;145;37723;30795;49.4;40.4
48;2021-07-15;187;459;37910;31254;49.7;41.0
48;2021-07-16;234;315;38144;31569;50.0;41.4
48;2021-07-17;129;118;38273;31687;50.2;41.5
48;2021-07-18;4;5;38277;31692;50.2;41.5
48;2021-07-19;105;306;38382;31998;50.3;41.9
48;2021-07-20;677;993;39059;32991;51.2;43.2
48;2021-07-21;68;371;39127;33362;51.3;43.7
48;2021-07-22;777;1125;39904;34487;52.3;45.2
48;2021-07-23;367;439;40271;34926;52.8;45.8
48;2021-07-24;509;170;40780;35096;53.5;46.0
48;2021-07-25;138;46;40918;35142;53.6;46.1
48;2021-07-26;101;199;41019;35341;53.8;46.3
48;2021-07-27;1195;644;42214;35985;55.3;47.2
48;2021-07-28;177;316;42391;36301;55.6;47.6
48;2021-07-29;716;646;43107;36947;56.5;48.4
48;2021-07-30;200;292;43307;37239;56.8;48.8
48;2021-07-31;339;178;43646;37417;57.2;49.0
48;2021-08-01;18;55;43664;37472;57.2;49.1
48;2021-08-02;228;164;43892;37636;57.5;49.3
48;2021-08-03;925;575;44817;38211;58.7;50.1
48;2021-08-04;328;220;45145;38431;59.2;50.4
48;2021-08-05;674;475;45819;38906;60.1;51.0
48;2021-08-06;442;275;46261;39181;60.6;51.4
48;2021-08-07;249;125;46510;39306;61.0;51.5
48;2021-08-08;2;5;46512;39311;61.0;51.5
48;2021-08-09;170;141;46682;39452;61.2;51.7
48;2021-08-10;726;555;47408;40007;62.1;52.4
48;2021-08-11;295;238;47703;40245;62.5;52.8
48;2021-08-12;419;414;48122;40659;63.1;53.3
48;2021-08-13;229;212;48351;40871;63.4;53.6
48;2021-08-14;137;165;48488;41036;63.6;53.8
48;2021-08-15;131;81;48619;41117;63.7;53.9
48;2021-08-16;121;192;48740;41309;63.9;54.2
48;2021-08-17;364;1188;49104;42497;64.4;55.7
48;2021-08-18;211;201;49315;42698;64.6;56.0
48;2021-08-19;240;325;49555;43023;65.0;56.4
48;2021-08-20;215;284;49770;43307;65.2;56.8
48;2021-08-21;85;232;49855;43539;65.4;57.1
48;2021-08-22;0;0;49855;43539;65.4;57.1
48;2021-08-23;65;153;49920;43692;65.4;57.3
48;2021-08-24;308;953;50228;44645;65.8;58.5
48;2021-08-25;156;351;50384;44996;66.0;59.0
48;2021-08-26;180;499;50564;45495;66.3;59.6
48;2021-08-27;153;338;50717;45833;66.5;60.1
48;2021-08-28;127;303;50844;46136;66.6;60.5
48;2021-08-29;0;1;50844;46137;66.6;60.5
48;2021-08-30;54;143;50898;46280;66.7;60.7
48;2021-08-31;257;1051;51155;47331;67.1;62.0
48;2021-09-01;124;334;51279;47665;67.2;62.5
48;2021-09-02;131;388;51410;48053;67.4;63.0
48;2021-09-03;138;297;51548;48350;67.6;63.4
48;2021-09-04;122;209;51670;48559;67.7;63.7
48;2021-09-05;3;25;51673;48584;67.7;63.7
48;2021-09-06;34;178;51707;48762;67.8;63.9
48;2021-09-07;160;347;51867;49109;68.0;64.4
48;2021-09-08;96;181;51963;49290;68.1;64.6
48;2021-09-09;96;235;52059;49525;68.2;64.9
48;2021-09-10;128;263;52187;49788;68.4;65.3
48;2021-09-11;89;195;52276;49983;68.5;65.5
48;2021-09-12;1;2;52277;49985;68.5;65.5
48;2021-09-13;78;66;52355;50051;68.6;65.6
48;2021-09-14;205;259;52560;50310;68.9;65.9
48;2021-09-15;68;164;52628;50474;69.0;66.2
48;2021-09-16;122;220;52750;50694;69.1;66.5
48;2021-09-17;101;183;52851;50877;69.3;66.7
48;2021-09-18;33;90;52884;50967;69.3;66.8
48;2021-09-19;0;0;52884;50967;69.3;66.8
48;2021-09-20;30;88;52914;51055;69.4;66.9
48;2021-09-21;64;183;52978;51238;69.4;67.2
48;2021-09-22;49;151;53027;51389;69.5;67.4
48;2021-09-23;28;100;53055;51489;69.5;67.5
48;2021-09-24;43;118;53098;51607;69.6;67.6
48;2021-09-25;27;78;53125;51685;69.6;67.8
48;2021-09-26;1;0;53126;51685;69.6;67.8
48;2021-09-27;11;43;53137;51728;69.7;67.8
48;2021-09-28;66;155;53203;51883;69.7;68.0
48;2021-09-29;51;133;53254;52016;69.8;68.2
48;2021-09-30;42;87;53296;52103;69.9;68.3
48;2021-10-01;56;141;53352;52244;69.9;68.5
48;2021-10-02;33;51;53385;52295;70.0;68.6
48;2021-10-03;0;1;53385;52296;70.0;68.6
48;2021-10-04;19;62;53404;52358;70.0;68.6
48;2021-10-05;48;151;53452;52509;70.1;68.8
48;2021-10-06;65;94;53517;52603;70.2;69.0
48;2021-10-07;33;112;53550;52715;70.2;69.1
48;2021-10-08;37;113;53587;52828;70.2;69.2
48;2021-10-09;14;55;53601;52883;70.3;69.3
48;2021-10-10;0;1;53601;52884;70.3;69.3
48;2021-10-11;6;25;53607;52909;70.3;69.4
48;2021-10-12;38;94;53645;53003;70.3;69.5
48;2021-10-13;38;80;53683;53083;70.4;69.6
49;2020-12-27;0;0;0;0;0.0;0.0
49;2020-12-28;2;0;2;0;0.0;0.0
49;2020-12-29;0;0;2;0;0.0;0.0
49;2020-12-30;0;0;2;0;0.0;0.0
49;2020-12-31;0;0;2;0;0.0;0.0
49;2021-01-01;2;0;4;0;0.0;0.0
49;2021-01-02;1;1;5;1;0.0;0.0
49;2021-01-03;0;0;5;1;0.0;0.0
49;2021-01-04;10;0;15;1;0.0;0.0
49;2021-01-05;92;0;107;1;0.0;0.0
49;2021-01-06;233;0;340;1;0.0;0.0
49;2021-01-07;367;1;707;2;0.1;0.0
49;2021-01-08;328;1;1035;3;0.1;0.0
49;2021-01-09;118;0;1153;3;0.1;0.0
49;2021-01-10;114;0;1267;3;0.2;0.0
49;2021-01-11;287;0;1554;3;0.2;0.0
49;2021-01-12;623;0;2177;3;0.3;0.0
49;2021-01-13;602;2;2779;5;0.3;0.0
49;2021-01-14;590;7;3369;12;0.4;0.0
49;2021-01-15;764;1;4133;13;0.5;0.0
49;2021-01-16;148;0;4281;13;0.5;0.0
49;2021-01-17;111;2;4392;15;0.5;0.0
49;2021-01-18;691;0;5083;15;0.6;0.0
49;2021-01-19;1204;8;6287;23;0.8;0.0
49;2021-01-20;1511;7;7798;30;1.0;0.0
49;2021-01-21;1943;14;9741;44;1.2;0.0
49;2021-01-22;1305;6;11046;50;1.4;0.0
49;2021-01-23;263;1;11309;51;1.4;0.0
49;2021-01-24;1;0;11310;51;1.4;0.0
49;2021-01-25;552;5;11862;56;1.5;0.0
49;2021-01-26;989;75;12851;131;1.6;0.0
49;2021-01-27;1860;50;14711;181;1.8;0.0
49;2021-01-28;2877;91;17588;272;2.2;0.0
49;2021-01-29;1588;92;19176;364;2.4;0.0
49;2021-01-30;300;46;19476;410;2.4;0.1
49;2021-01-31;62;51;19538;461;2.4;0.1
49;2021-02-01;661;163;20199;624;2.5;0.1
49;2021-02-02;744;384;20943;1008;2.6;0.1
49;2021-02-03;677;382;21620;1390;2.6;0.2
49;2021-02-04;758;445;22378;1835;2.7;0.2
49;2021-02-05;708;590;23086;2425;2.8;0.3
49;2021-02-06;228;111;23314;2536;2.9;0.3
49;2021-02-07;59;83;23373;2619;2.9;0.3
49;2021-02-08;548;480;23921;3099;2.9;0.4
49;2021-02-09;716;648;24637;3747;3.0;0.5
49;2021-02-10;807;950;25444;4697;3.1;0.6
49;2021-02-11;1028;1409;26472;6106;3.2;0.7
49;2021-02-12;869;960;27341;7066;3.4;0.9
49;2021-02-13;266;120;27607;7186;3.4;0.9
49;2021-02-14;9;106;27616;7292;3.4;0.9
49;2021-02-15;730;664;28346;7956;3.5;1.0
49;2021-02-16;1106;1121;29452;9077;3.6;1.1
49;2021-02-17;1160;1872;30612;10949;3.8;1.3
49;2021-02-18;1810;2438;32422;13387;4.0;1.6
49;2021-02-19;1397;1108;33819;14495;4.1;1.8
49;2021-02-20;232;381;34051;14876;4.2;1.8
49;2021-02-21;0;64;34051;14940;4.2;1.8
49;2021-02-22;647;573;34698;15513;4.3;1.9
49;2021-02-23;734;857;35432;16370;4.3;2.0
49;2021-02-24;824;641;36256;17011;4.4;2.1
49;2021-02-25;1208;809;37464;17820;4.6;2.2
49;2021-02-26;1678;848;39142;18668;4.8;2.3
49;2021-02-27;435;282;39577;18950;4.9;2.3
49;2021-02-28;49;38;39626;18988;4.9;2.3
49;2021-03-01;768;587;40394;19575;5.0;2.4
49;2021-03-02;1082;701;41476;20276;5.1;2.5
49;2021-03-03;1559;676;43035;20952;5.3;2.6
49;2021-03-04;1769;942;44804;21894;5.5;2.7
49;2021-03-05;2215;700;47019;22594;5.8;2.8
49;2021-03-06;717;190;47736;22784;5.9;2.8
49;2021-03-07;627;13;48363;22797;5.9;2.8
49;2021-03-08;1398;717;49761;23514;6.1;2.9
49;2021-03-09;2052;745;51813;24259;6.4;3.0
49;2021-03-10;2529;874;54342;25133;6.7;3.1
49;2021-03-11;3195;1477;57537;26610;7.1;3.3
49;2021-03-12;3765;1025;61302;27635;7.5;3.4
49;2021-03-13;1501;218;62803;27853;7.7;3.4
49;2021-03-14;6;0;62809;27853;7.7;3.4
49;2021-03-15;2083;536;64892;28389;8.0;3.5
49;2021-03-16;1732;965;66624;29354;8.2;3.6
49;2021-03-17;1810;681;68434;30035;8.4;3.7
49;2021-03-18;2205;736;70639;30771;8.7;3.8
49;2021-03-19;3333;567;73972;31338;9.1;3.8
49;2021-03-20;1743;210;75715;31548;9.3;3.9
49;2021-03-21;499;23;76214;31571;9.3;3.9
49;2021-03-22;2248;554;78462;32125;9.6;3.9
49;2021-03-23;3406;688;81868;32813;10.0;4.0
49;2021-03-24;3603;508;85471;33321;10.5;4.1
49;2021-03-25;4224;653;89695;33974;11.0;4.2
49;2021-03-26;4886;513;94581;34487;11.6;4.2
49;2021-03-27;1675;104;96256;34591;11.8;4.2
49;2021-03-28;400;28;96656;34619;11.8;4.2
49;2021-03-29;2371;613;99027;35232;12.1;4.3
49;2021-03-30;3267;947;102294;36179;12.5;4.4
49;2021-03-31;2980;754;105274;36933;12.9;4.5
49;2021-04-01;4117;877;109391;37810;13.4;4.6
49;2021-04-02;4297;964;113688;38774;13.9;4.8
49;2021-04-03;971;193;114659;38967;14.1;4.8
49;2021-04-04;315;3;114974;38970;14.1;4.8
49;2021-04-05;944;23;115918;38993;14.2;4.8
49;2021-04-06;2329;1327;118247;40320;14.5;4.9
49;2021-04-07;3309;1372;121556;41692;14.9;5.1
49;2021-04-08;5185;1435;126741;43127;15.5;5.3
49;2021-04-09;6207;1443;132948;44570;16.3;5.5
49;2021-04-10;2065;502;135013;45072;16.5;5.5
49;2021-04-11;390;9;135403;45081;16.6;5.5
49;2021-04-12;4073;1583;139476;46664;17.1;5.7
49;2021-04-13;5380;1921;144856;48585;17.8;6.0
49;2021-04-14;4542;1882;149398;50467;18.3;6.2
49;2021-04-15;5382;1896;154780;52363;19.0;6.4
49;2021-04-16;5761;2145;160541;54508;19.7;6.7
49;2021-04-17;3335;855;163876;55363;20.1;6.8
49;2021-04-18;381;476;164257;55839;20.1;6.8
49;2021-04-19;3710;2061;167967;57900;20.6;7.1
49;2021-04-20;4371;2112;172338;60012;21.1;7.4
49;2021-04-21;3955;2210;176293;62222;21.6;7.6
49;2021-04-22;4837;2114;181130;64336;22.2;7.9
49;2021-04-23;4814;2339;185944;66675;22.8;8.2
49;2021-04-24;2938;1159;188882;67834;23.2;8.3
49;2021-04-25;40;282;188922;68116;23.2;8.3
49;2021-04-26;3744;2113;192666;70229;23.6;8.6
49;2021-04-27;4471;2511;197137;72740;24.2;8.9
49;2021-04-28;4615;2501;201752;75241;24.7;9.2
49;2021-04-29;5206;3027;206958;78268;25.4;9.6
49;2021-04-30;5558;3217;212516;81485;26.0;10.0
49;2021-05-01;2365;667;214881;82152;26.3;10.1
49;2021-05-02;5;40;214886;82192;26.3;10.1
49;2021-05-03;5012;2408;219898;84600;27.0;10.4
49;2021-05-04;4972;3047;224870;87647;27.6;10.7
49;2021-05-05;4789;3008;229659;90655;28.1;11.1
49;2021-05-06;5328;3099;234987;93754;28.8;11.5
49;2021-05-07;4281;5031;239268;98785;29.3;12.1
49;2021-05-08;3577;440;242845;99225;29.8;12.2
49;2021-05-09;10;41;242855;99266;29.8;12.2
49;2021-05-10;4829;4282;247684;103548;30.4;12.7
49;2021-05-11;5397;5092;253081;108640;31.0;13.3
49;2021-05-12;4800;4595;257881;113235;31.6;13.9
49;2021-05-13;4778;691;262659;113926;32.2;14.0
49;2021-05-14;5170;3271;267829;117197;32.8;14.4
49;2021-05-15;4157;1806;271986;119003;33.3;14.6
49;2021-05-16;2786;119;274772;119122;33.7;14.6
49;2021-05-17;4835;3692;279607;122814;34.3;15.1
49;2021-05-18;5472;3769;285079;126583;34.9;15.5
49;2021-05-19;5916;3228;290995;129811;35.7;15.9
49;2021-05-20;6807;2966;297802;132777;36.5;16.3
49;2021-05-21;6450;3746;304252;136523;37.3;16.7
49;2021-05-22;5183;1199;309435;137722;37.9;16.9
49;2021-05-23;1;12;309436;137734;37.9;16.9
49;2021-05-24;4212;448;313648;138182;38.4;16.9
49;2021-05-25;6326;3308;319974;141490;39.2;17.3
49;2021-05-26;6273;2665;326247;144155;40.0;17.7
49;2021-05-27;7114;2728;333361;146883;40.9;18.0
49;2021-05-28;6875;4028;340236;150911;41.7;18.5
49;2021-05-29;5023;1901;345259;152812;42.3;18.7
49;2021-05-30;21;14;345280;152826;42.3;18.7
49;2021-05-31;6036;3221;351316;156047;43.1;19.1
49;2021-06-01;6592;3991;357908;160038;43.9;19.6
49;2021-06-02;5794;3742;363702;163780;44.6;20.1
49;2021-06-03;6602;3421;370304;167201;45.4;20.5
49;2021-06-04;6470;4867;376774;172068;46.2;21.1
49;2021-06-05;4385;2698;381159;174766;46.7;21.4
49;2021-06-06;39;50;381198;174816;46.7;21.4
49;2021-06-07;4634;4761;385832;179577;47.3;22.0
49;2021-06-08;5185;5106;391017;184683;47.9;22.6
49;2021-06-09;5325;4505;396342;189188;48.6;23.2
49;2021-06-10;6005;3785;402347;192973;49.3;23.7
49;2021-06-11;4872;6041;407219;199014;49.9;24.4
49;2021-06-12;4097;3203;411316;202217;50.4;24.8
49;2021-06-13;20;989;411336;203206;50.4;24.9
49;2021-06-14;3410;6016;414746;209222;50.8;25.6
49;2021-06-15;4241;6396;418987;215618;51.4;26.4
49;2021-06-16;4150;5682;423137;221300;51.9;27.1
49;2021-06-17;5069;5078;428206;226378;52.5;27.7
49;2021-06-18;4134;6888;432340;233266;53.0;28.6
49;2021-06-19;3526;3974;435866;237240;53.4;29.1
49;2021-06-20;33;25;435899;237265;53.4;29.1
49;2021-06-21;2828;6512;438727;243777;53.8;29.9
49;2021-06-22;3208;7009;441935;250786;54.2;30.7
49;2021-06-23;3253;6313;445188;257099;54.6;31.5
49;2021-06-24;4317;4979;449505;262078;55.1;32.1
49;2021-06-25;3325;7448;452830;269526;55.5;33.0
49;2021-06-26;2570;4627;455400;274153;55.8;33.6
49;2021-06-27;15;1544;455415;275697;55.8;33.8
49;2021-06-28;2234;7184;457649;282881;56.1;34.7
49;2021-06-29;3028;7272;460677;290153;56.5;35.6
49;2021-06-30;2824;6805;463501;296958;56.8;36.4
49;2021-07-01;3393;6274;466894;303232;57.2;37.2
49;2021-07-02;3063;8067;469957;311299;57.6;38.2
49;2021-07-03;2007;5486;471964;316785;57.8;38.8
49;2021-07-04;7;53;471971;316838;57.8;38.8
49;2021-07-05;1738;7078;473709;323916;58.1;39.7
49;2021-07-06;1894;7551;475603;331467;58.3;40.6
49;2021-07-07;2100;6625;477703;338092;58.6;41.4
49;2021-07-08;2689;6357;480392;344449;58.9;42.2
49;2021-07-09;2361;8251;482753;352700;59.2;43.2
49;2021-07-10;1802;5345;484555;358045;59.4;43.9
49;2021-07-11;12;35;484567;358080;59.4;43.9
49;2021-07-12;1948;7714;486515;365794;59.6;44.8
49;2021-07-13;2572;8304;489087;374098;59.9;45.9
49;2021-07-14;2893;3375;491980;377473;60.3;46.3
49;2021-07-15;3167;7554;495147;385027;60.7;47.2
49;2021-07-16;3396;8299;498543;393326;61.1;48.2
49;2021-07-17;2103;5481;500646;398807;61.4;48.9
49;2021-07-18;3751;583;504397;399390;61.8;49.0
49;2021-07-19;2667;7452;507064;406842;62.1;49.9
49;2021-07-20;3588;7484;510652;414326;62.6;50.8
49;2021-07-21;4228;6464;514880;420790;63.1;51.6
49;2021-07-22;4815;5867;519695;426657;63.7;52.3
49;2021-07-23;5111;6630;524806;433287;64.3;53.1
49;2021-07-24;3690;5004;528496;438291;64.8;53.7
49;2021-07-25;67;33;528563;438324;64.8;53.7
49;2021-07-26;4517;5903;533080;444227;65.3;54.4
49;2021-07-27;5753;5446;538833;449673;66.0;55.1
49;2021-07-28;6019;4362;544852;454035;66.8;55.6
49;2021-07-29;6702;4158;551554;458193;67.6;56.2
49;2021-07-30;6173;4792;557727;462985;68.4;56.7
49;2021-07-31;3959;3422;561686;466407;68.8;57.2
49;2021-08-01;21;22;561707;466429;68.8;57.2
49;2021-08-02;4271;4659;565978;471088;69.4;57.7
49;2021-08-03;5434;3804;571412;474892;70.0;58.2
49;2021-08-04;5276;3722;576688;478614;70.7;58.7
49;2021-08-05;5307;3289;581995;481903;71.3;59.1
49;2021-08-06;5718;4284;587713;486187;72.0;59.6
49;2021-08-07;3926;3044;591639;489231;72.5;60.0
49;2021-08-08;24;36;591663;489267;72.5;60.0
49;2021-08-09;3500;4682;595163;493949;72.9;60.5
49;2021-08-10;4251;3903;599414;497852;73.5;61.0
49;2021-08-11;4007;3654;603421;501506;74.0;61.5
49;2021-08-12;2665;3055;606086;504561;74.3;61.8
49;2021-08-13;3926;4270;610012;508831;74.8;62.4
49;2021-08-14;2279;3149;612291;511980;75.0;62.8
49;2021-08-15;31;26;612322;512006;75.1;62.8
49;2021-08-16;2831;5061;615153;517067;75.4;63.4
49;2021-08-17;3275;4911;618428;521978;75.8;64.0
49;2021-08-18;2977;4114;621405;526092;76.2;64.5
49;2021-08-19;1549;3663;622954;529755;76.4;64.9
49;2021-08-20;2733;5773;625687;535528;76.7;65.6
49;2021-08-21;1400;4150;627087;539678;76.9;66.1
49;2021-08-22;6;41;627093;539719;76.9;66.2
49;2021-08-23;2257;5627;629350;545346;77.1;66.8
49;2021-08-24;2747;5787;632097;551133;77.5;67.6
49;2021-08-25;2330;5431;634427;556564;77.8;68.2
49;2021-08-26;1717;4827;636144;561391;78.0;68.8
49;2021-08-27;2455;6813;638599;568204;78.3;69.6
49;2021-08-28;906;4302;639505;572506;78.4;70.2
49;2021-08-29;5;94;639510;572600;78.4;70.2
49;2021-08-30;1154;4255;640664;576855;78.5;70.7
49;2021-08-31;2249;5915;642913;582770;78.8;71.4
49;2021-09-01;1684;4296;644597;587066;79.0;72.0
49;2021-09-02;1064;2620;645661;589686;79.1;72.3
49;2021-09-03;1461;3952;647122;593638;79.3;72.8
49;2021-09-04;1211;3451;648333;597089;79.5;73.2
49;2021-09-05;5;5;648338;597094;79.5;73.2
49;2021-09-06;1098;2623;649436;599717;79.6;73.5
49;2021-09-07;1191;2539;650627;602256;79.7;73.8
49;2021-09-08;989;3069;651616;605325;79.9;74.2
49;2021-09-09;772;1608;652388;606933;80.0;74.4
49;2021-09-10;973;2839;653361;609772;80.1;74.7
49;2021-09-11;726;2524;654087;612296;80.2;75.0
49;2021-09-12;12;7;654099;612303;80.2;75.0
49;2021-09-13;746;2087;654845;614390;80.3;75.3
49;2021-09-14;644;1709;655489;616099;80.3;75.5
49;2021-09-15;622;2230;656111;618329;80.4;75.8
49;2021-09-16;525;1288;656636;619617;80.5;75.9
49;2021-09-17;932;2518;657568;622135;80.6;76.3
49;2021-09-18;542;2005;658110;624140;80.7;76.5
49;2021-09-19;2;8;658112;624148;80.7;76.5
49;2021-09-20;522;1246;658634;625394;80.7;76.7
49;2021-09-21;432;1598;659066;626992;80.8;76.8
49;2021-09-22;337;1996;659403;628988;80.8;77.1
49;2021-09-23;328;1169;659731;630157;80.9;77.2
49;2021-09-24;566;2242;660297;632399;80.9;77.5
49;2021-09-25;197;1014;660494;633413;81.0;77.6
49;2021-09-26;0;0;660494;633413;81.0;77.6
49;2021-09-27;383;1374;660877;634787;81.0;77.8
49;2021-09-28;413;1061;661290;635848;81.1;77.9
49;2021-09-29;378;1242;661668;637090;81.1;78.1
49;2021-09-30;319;708;661987;637798;81.1;78.2
49;2021-10-01;545;1505;662532;639303;81.2;78.4
49;2021-10-02;354;1134;662886;640437;81.2;78.5
49;2021-10-03;4;13;662890;640450;81.2;78.5
49;2021-10-04;314;759;663204;641209;81.3;78.6
49;2021-10-05;188;553;663392;641762;81.3;78.7
49;2021-10-06;405;751;663797;642513;81.4;78.8
49;2021-10-07;221;410;664018;642923;81.4;78.8
49;2021-10-08;563;1263;664581;644186;81.5;79.0
49;2021-10-09;262;649;664843;644835;81.5;79.0
49;2021-10-10;3;2;664846;644837;81.5;79.0
49;2021-10-11;308;711;665154;645548;81.5;79.1
49;2021-10-12;240;318;665394;645866;81.6;79.2
49;2021-10-13;315;525;665709;646391;81.6;79.2
50;2020-12-27;0;0;0;0;0.0;0.0
50;2020-12-28;0;0;0;0;0.0;0.0
50;2020-12-29;1;0;1;0;0.0;0.0
50;2020-12-30;0;0;1;0;0.0;0.0
50;2020-12-31;0;0;1;0;0.0;0.0
50;2021-01-01;0;0;1;0;0.0;0.0
50;2021-01-02;0;0;1;0;0.0;0.0
50;2021-01-03;0;0;1;0;0.0;0.0
50;2021-01-04;1;0;2;0;0.0;0.0
50;2021-01-05;0;0;2;0;0.0;0.0
50;2021-01-06;126;0;128;0;0.0;0.0
50;2021-01-07;324;0;452;0;0.1;0.0
50;2021-01-08;436;2;888;2;0.2;0.0
50;2021-01-09;237;0;1125;2;0.2;0.0
50;2021-01-10;23;0;1148;2;0.2;0.0
50;2021-01-11;391;1;1539;3;0.3;0.0
50;2021-01-12;599;0;2138;3;0.4;0.0
50;2021-01-13;695;5;2833;8;0.6;0.0
50;2021-01-14;1051;11;3884;19;0.8;0.0
50;2021-01-15;710;4;4594;23;0.9;0.0
50;2021-01-16;215;3;4809;26;1.0;0.0
50;2021-01-17;1;0;4810;26;1.0;0.0
50;2021-01-18;620;2;5430;28;1.1;0.0
50;2021-01-19;902;8;6332;36;1.3;0.0
50;2021-01-20;964;1;7296;37;1.5;0.0
50;2021-01-21;917;4;8213;41;1.7;0.0
50;2021-01-22;716;4;8929;45;1.8;0.0
50;2021-01-23;668;4;9597;49;2.0;0.0
50;2021-01-24;882;3;10479;52;2.1;0.0
50;2021-01-25;2708;16;13187;68;2.7;0.0
50;2021-01-26;1336;16;14523;84;3.0;0.0
50;2021-01-27;769;56;15292;140;3.1;0.0
50;2021-01-28;716;170;16008;310;3.3;0.1
50;2021-01-29;581;307;16589;617;3.4;0.1
50;2021-01-30;382;164;16971;781;3.5;0.2
50;2021-01-31;0;0;16971;781;3.5;0.2
50;2021-02-01;451;224;17422;1005;3.6;0.2
50;2021-02-02;417;235;17839;1240;3.6;0.3
50;2021-02-03;391;375;18230;1615;3.7;0.3
50;2021-02-04;486;448;18716;2063;3.8;0.4
50;2021-02-05;426;448;19142;2511;3.9;0.5
50;2021-02-06;179;114;19321;2625;3.9;0.5
50;2021-02-07;0;0;19321;2625;3.9;0.5
50;2021-02-08;254;505;19575;3130;4.0;0.6
50;2021-02-09;246;640;19821;3770;4.0;0.8
50;2021-02-10;571;557;20392;4327;4.2;0.9
50;2021-02-11;436;915;20828;5242;4.2;1.1
50;2021-02-12;330;671;21158;5913;4.3;1.2
50;2021-02-13;307;487;21465;6400;4.4;1.3
50;2021-02-14;186;826;21651;7226;4.4;1.5
50;2021-02-15;664;2030;22315;9256;4.5;1.9
50;2021-02-16;747;1615;23062;10871;4.7;2.2
50;2021-02-17;632;823;23694;11694;4.8;2.4
50;2021-02-18;569;809;24263;12503;4.9;2.5
50;2021-02-19;631;519;24894;13022;5.1;2.7
50;2021-02-20;423;191;25317;13213;5.2;2.7
50;2021-02-21;85;29;25402;13242;5.2;2.7
50;2021-02-22;291;720;25693;13962;5.2;2.8
50;2021-02-23;503;565;26196;14527;5.3;3.0
50;2021-02-24;624;571;26820;15098;5.5;3.1
50;2021-02-25;780;594;27600;15692;5.6;3.2
50;2021-02-26;998;398;28598;16090;5.8;3.3
50;2021-02-27;887;115;29485;16205;6.0;3.3
50;2021-02-28;111;0;29596;16205;6.0;3.3
50;2021-03-01;488;557;30084;16762;6.1;3.4
50;2021-03-02;651;521;30735;17283;6.3;3.5
50;2021-03-03;798;457;31533;17740;6.4;3.6
50;2021-03-04;1247;340;32780;18080;6.7;3.7
50;2021-03-05;1553;354;34333;18434;7.0;3.8
50;2021-03-06;1321;161;35654;18595;7.3;3.8
50;2021-03-07;550;42;36204;18637;7.4;3.8
50;2021-03-08;1026;625;37230;19262;7.6;3.9
50;2021-03-09;1557;587;38787;19849;7.9;4.0
50;2021-03-10;1607;323;40394;20172;8.2;4.1
50;2021-03-11;2352;362;42746;20534;8.7;4.2
50;2021-03-12;2863;251;45609;20785;9.3;4.2
50;2021-03-13;1995;141;47604;20926;9.7;4.3
50;2021-03-14;280;43;47884;20969;9.8;4.3
50;2021-03-15;1378;301;49262;21270;10.0;4.3
50;2021-03-16;1341;285;50603;21555;10.3;4.4
50;2021-03-17;1296;416;51899;21971;10.6;4.5
50;2021-03-18;1162;435;53061;22406;10.8;4.6
50;2021-03-19;1733;595;54794;23001;11.2;4.7
50;2021-03-20;1688;234;56482;23235;11.5;4.7
50;2021-03-21;794;12;57276;23247;11.7;4.7
50;2021-03-22;1508;343;58784;23590;12.0;4.8
50;2021-03-23;2078;403;60862;23993;12.4;4.9
50;2021-03-24;2281;558;63143;24551;12.9;5.0
50;2021-03-25;2813;476;65956;25027;13.4;5.1
50;2021-03-26;3204;480;69160;25507;14.1;5.2
50;2021-03-27;1825;380;70985;25887;14.5;5.3
50;2021-03-28;403;20;71388;25907;14.5;5.3
50;2021-03-29;2139;723;73527;26630;15.0;5.4
50;2021-03-30;2283;648;75810;27278;15.5;5.6
50;2021-03-31;2479;576;78289;27854;16.0;5.7
50;2021-04-01;3104;876;81393;28730;16.6;5.9
50;2021-04-02;2960;935;84353;29665;17.2;6.0
50;2021-04-03;1245;686;85598;30351;17.4;6.2
50;2021-04-04;320;135;85918;30486;17.5;6.2
50;2021-04-05;400;28;86318;30514;17.6;6.2
50;2021-04-06;2127;1226;88445;31740;18.0;6.5
50;2021-04-07;2558;1185;91003;32925;18.5;6.7
50;2021-04-08;3597;1215;94600;34140;19.3;7.0
50;2021-04-09;3936;1304;98536;35444;20.1;7.2
50;2021-04-10;2534;878;101070;36322;20.6;7.4
50;2021-04-11;411;146;101481;36468;20.7;7.4
50;2021-04-12;2438;1381;103919;37849;21.2;7.7
50;2021-04-13;2679;1523;106598;39372;21.7;8.0
50;2021-04-14;2608;1360;109206;40732;22.3;8.3
50;2021-04-15;3161;1120;112367;41852;22.9;8.5
50;2021-04-16;3363;1105;115730;42957;23.6;8.8
50;2021-04-17;2397;1188;118127;44145;24.1;9.0
50;2021-04-18;425;667;118552;44812;24.2;9.1
50;2021-04-19;1996;1473;120548;46285;24.6;9.4
50;2021-04-20;2273;1593;122821;47878;25.0;9.8
50;2021-04-21;2548;1764;125369;49642;25.6;10.1
50;2021-04-22;3078;1829;128447;51471;26.2;10.5
50;2021-04-23;2757;1924;131204;53395;26.7;10.9
50;2021-04-24;1900;1439;133104;54834;27.1;11.2
50;2021-04-25;470;273;133574;55107;27.2;11.2
50;2021-04-26;2119;1891;135693;56998;27.7;11.6
50;2021-04-27;2412;2005;138105;59003;28.1;12.0
50;2021-04-28;2708;1977;140813;60980;28.7;12.4
50;2021-04-29;3285;2053;144098;63033;29.4;12.8
50;2021-04-30;2999;1937;147097;64970;30.0;13.2
50;2021-05-01;1015;597;148112;65567;30.2;13.4
50;2021-05-02;522;448;148634;66015;30.3;13.5
50;2021-05-03;1771;1806;150405;67821;30.7;13.8
50;2021-05-04;1771;2332;152176;70153;31.0;14.3
50;2021-05-05;1659;2955;153835;73108;31.4;14.9
50;2021-05-06;2530;2590;156365;75698;31.9;15.4
50;2021-05-07;2150;2861;158515;78559;32.3;16.0
50;2021-05-08;1170;796;159685;79355;32.5;16.2
50;2021-05-09;624;362;160309;79717;32.7;16.2
50;2021-05-10;1705;2604;162014;82321;33.0;16.8
50;2021-05-11;2542;2848;164556;85169;33.5;17.4
50;2021-05-12;3179;2440;167735;87609;34.2;17.9
50;2021-05-13;3382;612;171117;88221;34.9;18.0
50;2021-05-14;3568;2279;174685;90500;35.6;18.4
50;2021-05-15;4001;1875;178686;92375;36.4;18.8
50;2021-05-16;947;267;179633;92642;36.6;18.9
50;2021-05-17;2140;1879;181773;94521;37.0;19.3
50;2021-05-18;2523;1620;184296;96141;37.6;19.6
50;2021-05-19;2503;1447;186799;97588;38.1;19.9
50;2021-05-20;3261;1623;190060;99211;38.7;20.2
50;2021-05-21;3156;1912;193216;101123;39.4;20.6
50;2021-05-22;2651;1328;195867;102451;39.9;20.9
50;2021-05-23;604;284;196471;102735;40.0;20.9
50;2021-05-24;1527;489;197998;103224;40.4;21.0
50;2021-05-25;2448;1671;200446;104895;40.9;21.4
50;2021-05-26;3002;1461;203448;106356;41.5;21.7
50;2021-05-27;3036;1972;206484;108328;42.1;22.1
50;2021-05-28;2941;2126;209425;110454;42.7;22.5
50;2021-05-29;2761;1404;212186;111858;43.2;22.8
50;2021-05-30;812;327;212998;112185;43.4;22.9
50;2021-05-31;2651;1817;215649;114002;43.9;23.2
50;2021-06-01;3333;2069;218982;116071;44.6;23.7
50;2021-06-02;3259;1785;222241;117856;45.3;24.0
50;2021-06-03;3914;2060;226155;119916;46.1;24.4
50;2021-06-04;3822;2886;229977;122802;46.9;25.0
50;2021-06-05;2958;1847;232935;124649;47.5;25.4
50;2021-06-06;813;442;233748;125091;47.6;25.5
50;2021-06-07;3512;2082;237260;127173;48.4;25.9
50;2021-06-08;4073;2228;241333;129401;49.2;26.4
50;2021-06-09;4253;1998;245586;131399;50.1;26.8
50;2021-06-10;4193;2118;249779;133517;50.9;27.2
50;2021-06-11;4223;2712;254002;136229;51.8;27.8
50;2021-06-12;3738;1613;257740;137842;52.5;28.1
50;2021-06-13;1143;451;258883;138293;52.8;28.2
50;2021-06-14;2693;2967;261576;141260;53.3;28.8
50;2021-06-15;3016;2602;264592;143862;53.9;29.3
50;2021-06-16;3097;1976;267689;145838;54.6;29.7
50;2021-06-17;2798;2486;270487;148324;55.1;30.2
50;2021-06-18;3239;3055;273726;151379;55.8;30.9
50;2021-06-19;3176;1927;276902;153306;56.4;31.2
50;2021-06-20;731;710;277633;154016;56.6;31.4
50;2021-06-21;1819;3133;279452;157149;57.0;32.0
50;2021-06-22;2064;3393;281516;160542;57.4;32.7
50;2021-06-23;1871;3875;283387;164417;57.8;33.5
50;2021-06-24;1711;4008;285098;168425;58.1;34.3
50;2021-06-25;2134;4009;287232;172434;58.5;35.1
50;2021-06-26;2147;3695;289379;176129;59.0;35.9
50;2021-06-27;615;895;289994;177024;59.1;36.1
50;2021-06-28;1927;3349;291921;180373;59.5;36.8
50;2021-06-29;1881;3409;293802;183782;59.9;37.5
50;2021-06-30;2179;3411;295981;187193;60.3;38.2
50;2021-07-01;1944;3287;297925;190480;60.7;38.8
50;2021-07-02;1898;3935;299823;194415;61.1;39.6
50;2021-07-03;1448;3447;301271;197862;61.4;40.3
50;2021-07-04;445;1066;301716;198928;61.5;40.5
50;2021-07-05;1262;3412;302978;202340;61.7;41.2
50;2021-07-06;1573;3896;304551;206236;62.1;42.0
50;2021-07-07;1804;3617;306355;209853;62.4;42.8
50;2021-07-08;1374;4101;307729;213954;62.7;43.6
50;2021-07-09;1394;4572;309123;218526;63.0;44.5
50;2021-07-10;1023;3599;310146;222125;63.2;45.3
50;2021-07-11;373;1018;310519;223143;63.3;45.5
50;2021-07-12;1317;4625;311836;227768;63.6;46.4
50;2021-07-13;1624;4857;313460;232625;63.9;47.4
50;2021-07-14;1476;2359;314936;234984;64.2;47.9
50;2021-07-15;1688;5056;316624;240040;64.5;48.9
50;2021-07-16;2992;5244;319616;245284;65.1;50.0
50;2021-07-17;2149;3733;321765;249017;65.6;50.8
50;2021-07-18;402;1092;322167;250109;65.7;51.0
50;2021-07-19;1571;5186;323738;255295;66.0;52.0
50;2021-07-20;1924;5407;325662;260702;66.4;53.1
50;2021-07-21;1802;5259;327464;265961;66.7;54.2
50;2021-07-22;1947;5004;329411;270965;67.1;55.2
50;2021-07-23;2072;5385;331483;276350;67.6;56.3
50;2021-07-24;1311;3836;332794;280186;67.8;57.1
50;2021-07-25;274;1037;333068;281223;67.9;57.3
50;2021-07-26;2290;3487;335358;284710;68.3;58.0
50;2021-07-27;2899;3347;338257;288057;68.9;58.7
50;2021-07-28;2998;3689;341255;291746;69.5;59.5
50;2021-07-29;3581;3233;344836;294979;70.3;60.1
50;2021-07-30;3075;3009;347911;297988;70.9;60.7
50;2021-07-31;2406;2672;350317;300660;71.4;61.3
50;2021-08-01;484;686;350801;301346;71.5;61.4
50;2021-08-02;2474;2741;353275;304087;72.0;62.0
50;2021-08-03;3404;2470;356679;306557;72.7;62.5
50;2021-08-04;3602;2323;360281;308880;73.4;63.0
50;2021-08-05;3189;2159;363470;311039;74.1;63.4
50;2021-08-06;3658;2801;367128;313840;74.8;64.0
50;2021-08-07;2462;2156;369590;315996;75.3;64.4
50;2021-08-08;511;712;370101;316708;75.4;64.5
50;2021-08-09;2493;2135;372594;318843;75.9;65.0
50;2021-08-10;2987;1989;375581;320832;76.5;65.4
50;2021-08-11;2852;2018;378433;322850;77.1;65.8
50;2021-08-12;2596;2440;381029;325290;77.7;66.3
50;2021-08-13;2506;1980;383535;327270;78.2;66.7
50;2021-08-14;1811;1748;385346;329018;78.5;67.1
50;2021-08-15;399;334;385745;329352;78.6;67.1
50;2021-08-16;1721;2228;387466;331580;79.0;67.6
50;2021-08-17;1973;2704;389439;334284;79.4;68.1
50;2021-08-18;1846;2389;391285;336673;79.7;68.6
50;2021-08-19;1710;2579;392995;339252;80.1;69.1
50;2021-08-20;1621;2739;394616;341991;80.4;69.7
50;2021-08-21;1017;2727;395633;344718;80.6;70.3
50;2021-08-22;384;519;396017;345237;80.7;70.4
50;2021-08-23;1138;2906;397155;348143;80.9;71.0
50;2021-08-24;1246;3222;398401;351365;81.2;71.6
50;2021-08-25;1107;2649;399508;354014;81.4;72.1
50;2021-08-26;866;3156;400374;357170;81.6;72.8
50;2021-08-27;940;3181;401314;360351;81.8;73.4
50;2021-08-28;795;2887;402109;363238;82.0;74.0
50;2021-08-29;283;575;402392;363813;82.0;74.1
50;2021-08-30;774;2875;403166;366688;82.2;74.7
50;2021-08-31;823;2928;403989;369616;82.3;75.3
50;2021-09-01;708;2659;404697;372275;82.5;75.9
50;2021-09-02;533;2221;405230;374496;82.6;76.3
50;2021-09-03;703;2543;405933;377039;82.7;76.8
50;2021-09-04;620;2852;406553;379891;82.9;77.4
50;2021-09-05;194;669;406747;380560;82.9;77.6
50;2021-09-06;435;1898;407182;382458;83.0;77.9
50;2021-09-07;330;1473;407512;383931;83.1;78.2
50;2021-09-08;502;1934;408014;385865;83.2;78.6
50;2021-09-09;419;1274;408433;387139;83.2;78.9
50;2021-09-10;530;1689;408963;388828;83.3;79.2
50;2021-09-11;365;2179;409328;391007;83.4;79.7
50;2021-09-12;71;369;409399;391376;83.4;79.8
50;2021-09-13;414;1022;409813;392398;83.5;80.0
50;2021-09-14;418;939;410231;393337;83.6;80.2
50;2021-09-15;419;1087;410650;394424;83.7;80.4
50;2021-09-16;464;748;411114;395172;83.8;80.5
50;2021-09-17;462;1032;411576;396204;83.9;80.7
50;2021-09-18;314;1467;411890;397671;83.9;81.0
50;2021-09-19;46;276;411936;397947;84.0;81.1
50;2021-09-20;384;589;412320;398536;84.0;81.2
50;2021-09-21;432;625;412752;399161;84.1;81.4
50;2021-09-22;217;867;412969;400028;84.2;81.5
50;2021-09-23;272;452;413241;400480;84.2;81.6
50;2021-09-24;253;819;413494;401299;84.3;81.8
50;2021-09-25;213;934;413707;402233;84.3;82.0
50;2021-09-26;20;181;413727;402414;84.3;82.0
50;2021-09-27;110;392;413837;402806;84.3;82.1
50;2021-09-28;160;385;413997;403191;84.4;82.2
50;2021-09-29;156;526;414153;403717;84.4;82.3
50;2021-09-30;165;424;414318;404141;84.4;82.4
50;2021-10-01;206;592;414524;404733;84.5;82.5
50;2021-10-02;224;540;414748;405273;84.5;82.6
50;2021-10-03;2;5;414750;405278;84.5;82.6
50;2021-10-04;180;484;414930;405762;84.6;82.7
50;2021-10-05;135;399;415065;406161;84.6;82.8
50;2021-10-06;191;490;415256;406651;84.6;82.9
50;2021-10-07;112;361;415368;407012;84.7;83.0
50;2021-10-08;212;499;415580;407511;84.7;83.1
50;2021-10-09;218;515;415798;408026;84.7;83.2
50;2021-10-10;0;0;415798;408026;84.7;83.2
50;2021-10-11;99;233;415897;408259;84.8;83.2
50;2021-10-12;135;346;416032;408605;84.8;83.3
50;2021-10-13;148;298;416180;408903;84.8;83.3
51;2020-12-27;0;0;0;0;0.0;0.0
51;2020-12-28;0;0;0;0;0.0;0.0
51;2020-12-29;0;0;0;0;0.0;0.0
51;2020-12-30;0;0;0;0;0.0;0.0
51;2020-12-31;1;0;1;0;0.0;0.0
51;2021-01-01;0;0;1;0;0.0;0.0
51;2021-01-02;0;0;1;0;0.0;0.0
51;2021-01-03;0;0;1;0;0.0;0.0
51;2021-01-04;1;0;2;0;0.0;0.0
51;2021-01-05;1;0;3;0;0.0;0.0
51;2021-01-06;6;0;9;0;0.0;0.0
51;2021-01-07;262;1;271;1;0.0;0.0
51;2021-01-08;508;1;779;2;0.1;0.0
51;2021-01-09;91;1;870;3;0.2;0.0
51;2021-01-10;0;0;870;3;0.2;0.0
51;2021-01-11;546;2;1416;5;0.3;0.0
51;2021-01-12;1542;5;2958;10;0.5;0.0
51;2021-01-13;1289;7;4247;17;0.8;0.0
51;2021-01-14;1475;7;5722;24;1.0;0.0
51;2021-01-15;607;4;6329;28;1.1;0.0
51;2021-01-16;177;1;6506;29;1.2;0.0
51;2021-01-17;102;0;6608;29;1.2;0.0
51;2021-01-18;845;4;7453;33;1.3;0.0
51;2021-01-19;997;5;8450;38;1.5;0.0
51;2021-01-20;955;11;9405;49;1.7;0.0
51;2021-01-21;790;3;10195;52;1.8;0.0
51;2021-01-22;394;2;10589;54;1.9;0.0
51;2021-01-23;294;0;10883;54;1.9;0.0
51;2021-01-24;130;1;11013;55;2.0;0.0
51;2021-01-25;712;3;11725;58;2.1;0.0
51;2021-01-26;779;5;12504;63;2.2;0.0
51;2021-01-27;656;4;13160;67;2.3;0.0
51;2021-01-28;646;68;13806;135;2.4;0.0
51;2021-01-29;474;142;14280;277;2.5;0.0
51;2021-01-30;126;5;14406;282;2.6;0.1
51;2021-01-31;83;0;14489;282;2.6;0.1
51;2021-02-01;275;58;14764;340;2.6;0.1
51;2021-02-02;738;723;15502;1063;2.7;0.2
51;2021-02-03;642;472;16144;1535;2.9;0.3
51;2021-02-04;968;816;17112;2351;3.0;0.4
51;2021-02-05;972;513;18084;2864;3.2;0.5
51;2021-02-06;30;147;18114;3011;3.2;0.5
51;2021-02-07;0;18;18114;3029;3.2;0.5
51;2021-02-08;115;412;18229;3441;3.2;0.6
51;2021-02-09;221;470;18450;3911;3.3;0.7
51;2021-02-10;220;637;18670;4548;3.3;0.8
51;2021-02-11;302;530;18972;5078;3.4;0.9
51;2021-02-12;341;564;19313;5642;3.4;1.0
51;2021-02-13;8;115;19321;5757;3.4;1.0
51;2021-02-14;8;171;19329;5928;3.4;1.1
51;2021-02-15;266;848;19595;6776;3.5;1.2
51;2021-02-16;402;969;19997;7745;3.5;1.4
51;2021-02-17;367;877;20364;8622;3.6;1.5
51;2021-02-18;437;593;20801;9215;3.7;1.6
51;2021-02-19;528;424;21329;9639;3.8;1.7
51;2021-02-20;205;293;21534;9932;3.8;1.8
51;2021-02-21;10;101;21544;10033;3.8;1.8
51;2021-02-22;195;689;21739;10722;3.9;1.9
51;2021-02-23;262;1099;22001;11821;3.9;2.1
51;2021-02-24;414;689;22415;12510;4.0;2.2
51;2021-02-25;1049;887;23464;13397;4.2;2.4
51;2021-02-26;1228;668;24692;14065;4.4;2.5
51;2021-02-27;590;124;25282;14189;4.5;2.5
51;2021-02-28;7;71;25289;14260;4.5;2.5
51;2021-03-01;768;314;26057;14574;4.6;2.6
51;2021-03-02;1128;467;27185;15041;4.8;2.7
51;2021-03-03;1195;467;28380;15508;5.0;2.8
51;2021-03-04;1061;701;29441;16209;5.2;2.9
51;2021-03-05;1562;674;31003;16883;5.5;3.0
51;2021-03-06;1434;60;32437;16943;5.8;3.0
51;2021-03-07;251;6;32688;16949;5.8;3.0
51;2021-03-08;992;101;33680;17050;6.0;3.0
51;2021-03-09;1666;195;35346;17245;6.3;3.1
51;2021-03-10;1999;114;37345;17359;6.6;3.1
51;2021-03-11;2371;175;39716;17534;7.0;3.1
51;2021-03-12;3255;167;42971;17701;7.6;3.1
51;2021-03-13;2549;54;45520;17755;8.1;3.1
51;2021-03-14;190;5;45710;17760;8.1;3.1
51;2021-03-15;1580;151;47290;17911;8.4;3.2
51;2021-03-16;1478;186;48768;18097;8.6;3.2
51;2021-03-17;1497;211;50265;18308;8.9;3.2
51;2021-03-18;1615;288;51880;18596;9.2;3.3
51;2021-03-19;2311;303;54191;18899;9.6;3.4
51;2021-03-20;1661;220;55852;19119;9.9;3.4
51;2021-03-21;133;5;55985;19124;9.9;3.4
51;2021-03-22;1416;126;57401;19250;10.2;3.4
51;2021-03-23;2469;170;59870;19420;10.6;3.4
51;2021-03-24;2846;138;62716;19558;11.1;3.5
51;2021-03-25;3254;339;65970;19897;11.7;3.5
51;2021-03-26;3411;511;69381;20408;12.3;3.6
51;2021-03-27;1842;253;71223;20661;12.6;3.7
51;2021-03-28;213;3;71436;20664;12.7;3.7
51;2021-03-29;991;641;72427;21305;12.8;3.8
51;2021-03-30;1747;862;74174;22167;13.2;3.9
51;2021-03-31;1739;761;75913;22928;13.5;4.1
51;2021-04-01;2280;464;78193;23392;13.9;4.1
51;2021-04-02;2425;645;80618;24037;14.3;4.3
51;2021-04-03;1301;414;81919;24451;14.5;4.3
51;2021-04-04;106;2;82025;24453;14.5;4.3
51;2021-04-05;72;141;82097;24594;14.6;4.4
51;2021-04-06;763;1233;82860;25827;14.7;4.6
51;2021-04-07;1312;1412;84172;27239;14.9;4.8
51;2021-04-08;2208;1783;86380;29022;15.3;5.1
51;2021-04-09;2863;1737;89243;30759;15.8;5.5
51;2021-04-10;2219;503;91462;31262;16.2;5.5
51;2021-04-11;105;85;91567;31347;16.2;5.6
51;2021-04-12;1450;1343;93017;32690;16.5;5.8
51;2021-04-13;1936;1682;94953;34372;16.8;6.1
51;2021-04-14;2460;1560;97413;35932;17.3;6.4
51;2021-04-15;2855;1675;100268;37607;17.8;6.7
51;2021-04-16;3214;1609;103482;39216;18.4;7.0
51;2021-04-17;1966;776;105448;39992;18.7;7.1
51;2021-04-18;296;114;105744;40106;18.8;7.1
51;2021-04-19;1561;1162;107305;41268;19.0;7.3
51;2021-04-20;1791;1665;109096;42933;19.3;7.6
51;2021-04-21;2002;1745;111098;44678;19.7;7.9
51;2021-04-22;2407;1666;113505;46344;20.1;8.2
51;2021-04-23;2982;1831;116487;48175;20.7;8.5
51;2021-04-24;1749;955;118236;49130;21.0;8.7
51;2021-04-25;123;161;118359;49291;21.0;8.7
51;2021-04-26;1851;760;120210;50051;21.3;8.9
51;2021-04-27;2442;1237;122652;51288;21.8;9.1
51;2021-04-28;2552;1315;125204;52603;22.2;9.3
51;2021-04-29;2676;1464;127880;54067;22.7;9.6
51;2021-04-30;2975;1679;130855;55746;23.2;9.9
51;2021-05-01;1453;411;132308;56157;23.5;10.0
51;2021-05-02;107;99;132415;56256;23.5;10.0
51;2021-05-03;2484;766;134899;57022;23.9;10.1
51;2021-05-04;2788;1358;137687;58380;24.4;10.4
51;2021-05-05;2860;1642;140547;60022;24.9;10.6
51;2021-05-06;5344;1956;145891;61978;25.9;11.0
51;2021-05-07;3705;1940;149596;63918;26.5;11.3
51;2021-05-08;2862;820;152458;64738;27.0;11.5
51;2021-05-09;212;92;152670;64830;27.1;11.5
51;2021-05-10;3214;1869;155884;66699;27.6;11.8
51;2021-05-11;3643;2042;159527;68741;28.3;12.2
51;2021-05-12;4182;2237;163709;70978;29.0;12.6
51;2021-05-13;1777;505;165486;71483;29.4;12.7
51;2021-05-14;5401;1744;170887;73227;30.3;13.0
51;2021-05-15;4227;1355;175114;74582;31.1;13.2
51;2021-05-16;284;47;175398;74629;31.1;13.2
51;2021-05-17;3131;1524;178529;76153;31.7;13.5
51;2021-05-18;3918;1767;182447;77920;32.4;13.8
51;2021-05-19;4031;1724;186478;79644;33.1;14.1
51;2021-05-20;4649;1969;191127;81613;33.9;14.5
51;2021-05-21;3597;2473;194724;84086;34.5;14.9
51;2021-05-22;2075;1549;196799;85635;34.9;15.2
51;2021-05-23;308;210;197107;85845;35.0;15.2
51;2021-05-24;2018;720;199125;86565;35.3;15.4
51;2021-05-25;3130;1829;202255;88394;35.9;15.7
51;2021-05-26;3297;1711;205552;90105;36.5;16.0
51;2021-05-27;3267;2062;208819;92167;37.0;16.3
51;2021-05-28;3605;2823;212424;94990;37.7;16.8
51;2021-05-29;2401;1995;214825;96985;38.1;17.2
51;2021-05-30;401;133;215226;97118;38.2;17.2
51;2021-05-31;3348;1784;218574;98902;38.8;17.5
51;2021-06-01;3854;2334;222428;101236;39.4;18.0
51;2021-06-02;6096;2332;228524;103568;40.5;18.4
51;2021-06-03;3580;2427;232104;105995;41.2;18.8
51;2021-06-04;6346;2943;238450;108938;42.3;19.3
51;2021-06-05;2597;1822;241047;110760;42.8;19.6
51;2021-06-06;172;157;241219;110917;42.8;19.7
51;2021-06-07;4302;2166;245521;113083;43.5;20.1
51;2021-06-08;3925;2533;249446;115616;44.2;20.5
51;2021-06-09;4016;2750;253462;118366;45.0;21.0
51;2021-06-10;3208;2491;256670;120857;45.5;21.4
51;2021-06-11;3358;3429;260028;124286;46.1;22.0
51;2021-06-12;2165;2170;262193;126456;46.5;22.4
51;2021-06-13;191;149;262384;126605;46.5;22.5
51;2021-06-14;1627;3331;264011;129936;46.8;23.0
51;2021-06-15;3189;3577;267200;133513;47.4;23.7
51;2021-06-16;2208;3685;269408;137198;47.8;24.3
51;2021-06-17;2609;5402;272017;142600;48.2;25.3
51;2021-06-18;2355;5212;274372;147812;48.7;26.2
51;2021-06-19;1683;4425;276055;152237;49.0;27.0
51;2021-06-20;184;228;276239;152465;49.0;27.0
51;2021-06-21;1231;4440;277470;156905;49.2;27.8
51;2021-06-22;1558;4044;279028;160949;49.5;28.5
51;2021-06-23;3670;4239;282698;165188;50.1;29.3
51;2021-06-24;2246;3226;284944;168414;50.5;29.9
51;2021-06-25;1905;6526;286849;174940;50.9;31.0
51;2021-06-26;1203;5065;288052;180005;51.1;31.9
51;2021-06-27;103;336;288155;180341;51.1;32.0
51;2021-06-28;1401;4413;289556;184754;51.4;32.8
51;2021-06-29;1174;4463;290730;189217;51.6;33.6
51;2021-06-30;1686;6045;292416;195262;51.9;34.6
51;2021-07-01;1978;3765;294394;199027;52.2;35.3
51;2021-07-02;1838;6887;296232;205914;52.5;36.5
51;2021-07-03;1003;3198;297235;209112;52.7;37.1
51;2021-07-04;171;254;297406;209366;52.7;37.1
51;2021-07-05;771;5530;298177;214896;52.9;38.1
51;2021-07-06;1246;4781;299423;219677;53.1;39.0
51;2021-07-07;1617;4935;301040;224612;53.4;39.8
51;2021-07-08;2067;3431;303107;228043;53.8;40.4
51;2021-07-09;1854;5056;304961;233099;54.1;41.3
51;2021-07-10;1238;3204;306199;236303;54.3;41.9
51;2021-07-11;190;281;306389;236584;54.3;42.0
51;2021-07-12;996;4379;307385;240963;54.5;42.7
51;2021-07-13;1480;4775;308865;245738;54.8;43.6
51;2021-07-14;1071;1691;309936;247429;55.0;43.9
51;2021-07-15;2938;4915;312874;252344;55.5;44.8
51;2021-07-16;2365;5275;315239;257619;55.9;45.7
51;2021-07-17;1821;3481;317060;261100;56.2;46.3
51;2021-07-18;163;331;317223;261431;56.3;46.4
51;2021-07-19;1892;3978;319115;265409;56.6;47.1
51;2021-07-20;2585;5143;321700;270552;57.1;48.0
51;2021-07-21;3611;4069;325311;274621;57.7;48.7
51;2021-07-22;4412;3758;329723;278379;58.5;49.4
51;2021-07-23;3641;4381;333364;282760;59.1;50.2
51;2021-07-24;2086;2726;335450;285486;59.5;50.6
51;2021-07-25;356;258;335806;285744;59.6;50.7
51;2021-07-26;3113;2808;338919;288552;60.1;51.2
51;2021-07-27;5864;3277;344783;291829;61.2;51.8
51;2021-07-28;4139;4321;348922;296150;61.9;52.5
51;2021-07-29;4701;2722;353623;298872;62.7;53.0
51;2021-07-30;3628;3163;357251;302035;63.4;53.6
51;2021-07-31;2526;2132;359777;304167;63.8;53.9
51;2021-08-01;375;236;360152;304403;63.9;54.0
51;2021-08-02;3287;2310;363439;306713;64.5;54.4
51;2021-08-03;3776;1913;367215;308626;65.1;54.7
51;2021-08-04;4450;2126;371665;310752;65.9;55.1
51;2021-08-05;2655;1536;374320;312288;66.4;55.4
51;2021-08-06;3044;2552;377364;314840;66.9;55.8
51;2021-08-07;2161;1700;379525;316540;67.3;56.1
51;2021-08-08;368;208;379893;316748;67.4;56.2
51;2021-08-09;2604;1852;382497;318600;67.8;56.5
51;2021-08-10;2372;1984;384869;320584;68.3;56.9
51;2021-08-11;2917;2341;387786;322925;68.8;57.3
51;2021-08-12;1754;1958;389540;324883;69.1;57.6
51;2021-08-13;2066;2670;391606;327553;69.5;58.1
51;2021-08-14;1583;2027;393189;329580;69.7;58.5
51;2021-08-15;149;150;393338;329730;69.8;58.5
51;2021-08-16;1356;3016;394694;332746;70.0;59.0
51;2021-08-17;1560;3283;396254;336029;70.3;59.6
51;2021-08-18;1899;3693;398153;339722;70.6;60.3
51;2021-08-19;1409;2549;399562;342271;70.9;60.7
51;2021-08-20;1708;3974;401270;346245;71.2;61.4
51;2021-08-21;988;2497;402258;348742;71.3;61.9
51;2021-08-22;101;343;402359;349085;71.4;61.9
51;2021-08-23;1112;3607;403471;352692;71.6;62.6
51;2021-08-24;1175;3644;404646;356336;71.8;63.2
51;2021-08-25;1321;4488;405967;360824;72.0;64.0
51;2021-08-26;1058;2548;407025;363372;72.2;64.4
51;2021-08-27;1214;4178;408239;367550;72.4;65.2
51;2021-08-28;655;2632;408894;370182;72.5;65.7
51;2021-08-29;84;360;408978;370542;72.5;65.7
51;2021-08-30;1332;4788;410310;375330;72.8;66.6
51;2021-08-31;778;2916;411088;378246;72.9;67.1
51;2021-09-01;738;3216;411826;381462;73.0;67.7
51;2021-09-02;800;2048;412626;383510;73.2;68.0
51;2021-09-03;905;2628;413531;386138;73.3;68.5
51;2021-09-04;622;2706;414153;388844;73.5;69.0
51;2021-09-05;122;194;414275;389038;73.5;69.0
51;2021-09-06;436;1509;414711;390547;73.6;69.3
51;2021-09-07;519;1256;415230;391803;73.6;69.5
51;2021-09-08;627;1925;415857;393728;73.8;69.8
51;2021-09-09;470;1190;416327;394918;73.8;70.0
51;2021-09-10;672;1787;416999;396705;74.0;70.4
51;2021-09-11;562;1828;417561;398533;74.1;70.7
51;2021-09-12;19;79;417580;398612;74.1;70.7
51;2021-09-13;427;851;418007;399463;74.1;70.8
51;2021-09-14;595;873;418602;400336;74.2;71.0
51;2021-09-15;494;1425;419096;401761;74.3;71.3
51;2021-09-16;307;657;419403;402418;74.4;71.4
51;2021-09-17;552;1129;419955;403547;74.5;71.6
51;2021-09-18;470;1421;420425;404968;74.6;71.8
51;2021-09-19;14;64;420439;405032;74.6;71.8
51;2021-09-20;282;539;420721;405571;74.6;71.9
51;2021-09-21;256;490;420977;406061;74.7;72.0
51;2021-09-22;318;1353;421295;407414;74.7;72.3
51;2021-09-23;195;602;421490;408016;74.8;72.4
51;2021-09-24;366;978;421856;408994;74.8;72.5
51;2021-09-25;283;984;422139;409978;74.9;72.7
51;2021-09-26;7;129;422146;410107;74.9;72.7
51;2021-09-27;259;446;422405;410553;74.9;72.8
51;2021-09-28;298;363;422703;410916;75.0;72.9
51;2021-09-29;348;775;423051;411691;75.0;73.0
51;2021-09-30;264;416;423315;412107;75.1;73.1
51;2021-10-01;355;717;423670;412824;75.1;73.2
51;2021-10-02;371;761;424041;413585;75.2;73.4
51;2021-10-03;0;1;424041;413586;75.2;73.4
51;2021-10-04;180;445;424221;414031;75.2;73.4
51;2021-10-05;205;433;424426;414464;75.3;73.5
51;2021-10-06;314;553;424740;415017;75.3;73.6
51;2021-10-07;163;368;424903;415385;75.4;73.7
51;2021-10-08;313;590;425216;415975;75.4;73.8
51;2021-10-09;321;603;425537;416578;75.5;73.9
51;2021-10-10;2;2;425539;416580;75.5;73.9
51;2021-10-11;168;299;425707;416879;75.5;73.9
51;2021-10-12;156;371;425863;417250;75.5;74.0
51;2021-10-13;290;433;426153;417683;75.6;74.1
52;2020-12-27;0;0;0;0;0.0;0.0
52;2020-12-28;1;0;1;0;0.0;0.0
52;2020-12-29;0;0;1;0;0.0;0.0
52;2020-12-30;0;0;1;0;0.0;0.0
52;2020-12-31;0;0;1;0;0.0;0.0
52;2021-01-01;0;0;1;0;0.0;0.0
52;2021-01-02;1;0;2;0;0.0;0.0
52;2021-01-03;0;0;2;0;0.0;0.0
52;2021-01-04;0;0;2;0;0.0;0.0
52;2021-01-05;0;0;2;0;0.0;0.0
52;2021-01-06;2;0;4;0;0.0;0.0
52;2021-01-07;0;0;4;0;0.0;0.0
52;2021-01-08;200;1;204;1;0.1;0.0
52;2021-01-09;93;0;297;1;0.2;0.0
52;2021-01-10;0;0;297;1;0.2;0.0
52;2021-01-11;207;0;504;1;0.3;0.0
52;2021-01-12;171;0;675;1;0.4;0.0
52;2021-01-13;563;3;1238;4;0.7;0.0
52;2021-01-14;677;10;1915;14;1.1;0.0
52;2021-01-15;411;1;2326;15;1.4;0.0
52;2021-01-16;16;1;2342;16;1.4;0.0
52;2021-01-17;0;0;2342;16;1.4;0.0
52;2021-01-18;427;0;2769;16;1.6;0.0
52;2021-01-19;440;1;3209;17;1.9;0.0
52;2021-01-20;422;0;3631;17;2.1;0.0
52;2021-01-21;423;2;4054;19;2.4;0.0
52;2021-01-22;320;2;4374;21;2.6;0.0
52;2021-01-23;73;2;4447;23;2.6;0.0
52;2021-01-24;0;0;4447;23;2.6;0.0
52;2021-01-25;236;0;4683;23;2.8;0.0
52;2021-01-26;308;0;4991;23;2.9;0.0
52;2021-01-27;238;1;5229;24;3.1;0.0
52;2021-01-28;174;4;5403;28;3.2;0.0
52;2021-01-29;74;122;5477;150;3.2;0.1
52;2021-01-30;91;95;5568;245;3.3;0.1
52;2021-01-31;0;0;5568;245;3.3;0.1
52;2021-02-01;117;189;5685;434;3.4;0.3
52;2021-02-02;61;176;5746;610;3.4;0.4
52;2021-02-03;89;410;5835;1020;3.4;0.6
52;2021-02-04;231;592;6066;1612;3.6;1.0
52;2021-02-05;113;505;6179;2117;3.7;1.3
52;2021-02-06;22;0;6201;2117;3.7;1.3
52;2021-02-07;0;1;6201;2118;3.7;1.3
52;2021-02-08;34;208;6235;2326;3.7;1.4
52;2021-02-09;47;216;6282;2542;3.7;1.5
52;2021-02-10;88;189;6370;2731;3.8;1.6
52;2021-02-11;129;148;6499;2879;3.8;1.7
52;2021-02-12;187;128;6686;3007;4.0;1.8
52;2021-02-13;5;1;6691;3008;4.0;1.8
52;2021-02-14;0;16;6691;3024;4.0;1.8
52;2021-02-15;79;277;6770;3301;4.0;2.0
52;2021-02-16;50;358;6820;3659;4.0;2.2
52;2021-02-17;38;313;6858;3972;4.1;2.3
52;2021-02-18;82;279;6940;4251;4.1;2.5
52;2021-02-19;50;192;6990;4443;4.1;2.6
52;2021-02-20;14;106;7004;4549;4.1;2.7
52;2021-02-21;0;0;7004;4549;4.1;2.7
52;2021-02-22;42;382;7046;4931;4.2;2.9
52;2021-02-23;56;278;7102;5209;4.2;3.1
52;2021-02-24;81;246;7183;5455;4.2;3.2
52;2021-02-25;161;238;7344;5693;4.3;3.4
52;2021-02-26;296;182;7640;5875;4.5;3.5
52;2021-02-27;149;49;7789;5924;4.6;3.5
52;2021-02-28;0;0;7789;5924;4.6;3.5
52;2021-03-01;162;14;7951;5938;4.7;3.5
52;2021-03-02;246;52;8197;5990;4.8;3.5
52;2021-03-03;356;38;8553;6028;5.1;3.6
52;2021-03-04;381;58;8934;6086;5.3;3.6
52;2021-03-05;531;54;9465;6140;5.6;3.6
52;2021-03-06;409;36;9874;6176;5.8;3.6
52;2021-03-07;0;0;9874;6176;5.8;3.6
52;2021-03-08;398;112;10272;6288;6.1;3.7
52;2021-03-09;549;111;10821;6399;6.4;3.8
52;2021-03-10;308;109;11129;6508;6.6;3.8
52;2021-03-11;587;36;11716;6544;6.9;3.9
52;2021-03-12;601;70;12317;6614;7.3;3.9
52;2021-03-13;494;11;12811;6625;7.6;3.9
52;2021-03-14;15;3;12826;6628;7.6;3.9
52;2021-03-15;318;28;13144;6656;7.8;3.9
52;2021-03-16;203;16;13347;6672;7.9;3.9
52;2021-03-17;369;16;13716;6688;8.1;4.0
52;2021-03-18;442;12;14158;6700;8.4;4.0
52;2021-03-19;453;55;14611;6755;8.6;4.0
52;2021-03-20;259;12;14870;6767;8.8;4.0
52;2021-03-21;15;1;14885;6768;8.8;4.0
52;2021-03-22;375;49;15260;6817;9.0;4.0
52;2021-03-23;686;145;15946;6962;9.4;4.1
52;2021-03-24;771;74;16717;7036;9.9;4.2
52;2021-03-25;1145;89;17862;7125;10.6;4.2
52;2021-03-26;1037;139;18899;7264;11.2;4.3
52;2021-03-27;477;77;19376;7341;11.4;4.3
52;2021-03-28;53;0;19429;7341;11.5;4.3
52;2021-03-29;507;185;19936;7526;11.8;4.4
52;2021-03-30;868;344;20804;7870;12.3;4.6
52;2021-03-31;956;293;21760;8163;12.9;4.8
52;2021-04-01;1145;183;22905;8346;13.5;4.9
52;2021-04-02;958;111;23863;8457;14.1;5.0
52;2021-04-03;462;3;24325;8460;14.4;5.0
52;2021-04-04;1;1;24326;8461;14.4;5.0
52;2021-04-05;1;0;24327;8461;14.4;5.0
52;2021-04-06;434;296;24761;8757;14.6;5.2
52;2021-04-07;506;451;25267;9208;14.9;5.4
52;2021-04-08;861;212;26128;9420;15.4;5.6
52;2021-04-09;1059;131;27187;9551;16.1;5.6
52;2021-04-10;850;102;28037;9653;16.6;5.7
52;2021-04-11;96;1;28133;9654;16.6;5.7
52;2021-04-12;933;282;29066;9936;17.2;5.9
52;2021-04-13;1251;381;30317;10317;17.9;6.1
52;2021-04-14;1345;459;31662;10776;18.7;6.4
52;2021-04-15;1505;443;33167;11219;19.6;6.6
52;2021-04-16;1569;370;34736;11589;20.5;6.8
52;2021-04-17;1312;137;36048;11726;21.3;6.9
52;2021-04-18;510;29;36558;11755;21.6;6.9
52;2021-04-19;697;612;37255;12367;22.0;7.3
52;2021-04-20;1079;679;38334;13046;22.6;7.7
52;2021-04-21;1058;675;39392;13721;23.3;8.1
52;2021-04-22;1468;737;40860;14458;24.1;8.5
52;2021-04-23;1250;671;42110;15129;24.9;8.9
52;2021-04-24;477;293;42587;15422;25.2;9.1
52;2021-04-25;3;77;42590;15499;25.2;9.2
52;2021-04-26;631;565;43221;16064;25.5;9.5
52;2021-04-27;932;672;44153;16736;26.1;9.9
52;2021-04-28;1444;570;45597;17306;26.9;10.2
52;2021-04-29;1452;583;47049;17889;27.8;10.6
52;2021-04-30;1316;618;48365;18507;28.6;10.9
52;2021-05-01;8;232;48373;18739;28.6;11.1
52;2021-05-02;0;1;48373;18740;28.6;11.1
52;2021-05-03;1159;630;49532;19370;29.3;11.4
52;2021-05-04;1445;723;50977;20093;30.1;11.9
52;2021-05-05;1767;648;52744;20741;31.2;12.3
52;2021-05-06;1962;537;54706;21278;32.3;12.6
52;2021-05-07;1441;1170;56147;22448;33.2;13.3
52;2021-05-08;587;318;56734;22766;33.5;13.5
52;2021-05-09;1;47;56735;22813;33.5;13.5
52;2021-05-10;792;1101;57527;23914;34.0;14.1
52;2021-05-11;868;1391;58395;25305;34.5;15.0
52;2021-05-12;1206;1382;59601;26687;35.2;15.8
52;2021-05-13;67;184;59668;26871;35.3;15.9
52;2021-05-14;1185;1366;60853;28237;36.0;16.7
52;2021-05-15;492;929;61345;29166;36.2;17.2
52;2021-05-16;8;43;61353;29209;36.2;17.3
52;2021-05-17;1141;705;62494;29914;36.9;17.7
52;2021-05-18;1218;677;63712;30591;37.6;18.1
52;2021-05-19;1541;415;65253;31006;38.6;18.3
52;2021-05-20;1546;422;66799;31428;39.5;18.6
52;2021-05-21;1625;611;68424;32039;40.4;18.9
52;2021-05-22;1089;210;69513;32249;41.1;19.1
52;2021-05-23;1;0;69514;32249;41.1;19.1
52;2021-05-24;405;33;69919;32282;41.3;19.1
52;2021-05-25;1352;385;71271;32667;42.1;19.3
52;2021-05-26;1476;672;72747;33339;43.0;19.7
52;2021-05-27;1564;787;74311;34126;43.9;20.2
52;2021-05-28;1494;673;75805;34799;44.8;20.6
52;2021-05-29;695;834;76500;35633;45.2;21.1
52;2021-05-30;16;551;76516;36184;45.2;21.4
52;2021-05-31;825;829;77341;37013;45.7;21.9
52;2021-06-01;956;816;78297;37829;46.3;22.4
52;2021-06-02;896;754;79193;38583;46.8;22.8
52;2021-06-03;825;825;80018;39408;47.3;23.3
52;2021-06-04;883;1340;80901;40748;47.8;24.1
52;2021-06-05;581;637;81482;41385;48.1;24.5
52;2021-06-06;27;55;81509;41440;48.2;24.5
52;2021-06-07;359;931;81868;42371;48.4;25.0
52;2021-06-08;556;1471;82424;43842;48.7;25.9
52;2021-06-09;611;1474;83035;45316;49.1;26.8
52;2021-06-10;794;1159;83829;46475;49.5;27.5
52;2021-06-11;832;1348;84661;47823;50.0;28.3
52;2021-06-12;423;586;85084;48409;50.3;28.6
52;2021-06-13;2;6;85086;48415;50.3;28.6
52;2021-06-14;170;1413;85256;49828;50.4;29.4
52;2021-06-15;221;1807;85477;51635;50.5;30.5
52;2021-06-16;351;1996;85828;53631;50.7;31.7
52;2021-06-17;265;1156;86093;54787;50.9;32.4
52;2021-06-18;308;1553;86401;56340;51.0;33.3
52;2021-06-19;502;690;86903;57030;51.3;33.7
52;2021-06-20;1;17;86904;57047;51.3;33.7
52;2021-06-21;523;898;87427;57945;51.7;34.2
52;2021-06-22;503;1047;87930;58992;52.0;34.9
52;2021-06-23;563;1041;88493;60033;52.3;35.5
52;2021-06-24;610;715;89103;60748;52.6;35.9
52;2021-06-25;661;1314;89764;62062;53.0;36.7
52;2021-06-26;264;722;90028;62784;53.2;37.1
52;2021-06-27;1;8;90029;62792;53.2;37.1
52;2021-06-28;184;1442;90213;64234;53.3;38.0
52;2021-06-29;163;1414;90376;65648;53.4;38.8
52;2021-06-30;221;1468;90597;67116;53.5;39.7
52;2021-07-01;320;1020;90917;68136;53.7;40.3
52;2021-07-02;430;1454;91347;69590;54.0;41.1
52;2021-07-03;302;1148;91649;70738;54.2;41.8
52;2021-07-04;0;11;91649;70749;54.2;41.8
52;2021-07-05;175;1448;91824;72197;54.3;42.7
52;2021-07-06;284;1449;92108;73646;54.4;43.5
52;2021-07-07;309;1163;92417;74809;54.6;44.2
52;2021-07-08;473;1166;92890;75975;54.9;44.9
52;2021-07-09;288;1620;93178;77595;55.1;45.8
52;2021-07-10;155;822;93333;78417;55.1;46.3
52;2021-07-11;13;12;93346;78429;55.2;46.3
52;2021-07-12;299;1467;93645;79896;55.3;47.2
52;2021-07-13;590;1369;94235;81265;55.7;48.0
52;2021-07-14;437;153;94672;81418;55.9;48.1
52;2021-07-15;614;1428;95286;82846;56.3;48.9
52;2021-07-16;899;1339;96185;84185;56.8;49.7
52;2021-07-17;530;343;96715;84528;57.1;49.9
52;2021-07-18;3;12;96718;84540;57.1;49.9
52;2021-07-19;691;987;97409;85527;57.6;50.5
52;2021-07-20;1110;831;98519;86358;58.2;51.0
52;2021-07-21;1161;738;99680;87096;58.9;51.5
52;2021-07-22;1447;869;101127;87965;59.8;52.0
52;2021-07-23;1399;956;102526;88921;60.6;52.5
52;2021-07-24;873;487;103399;89408;61.1;52.8
52;2021-07-25;22;21;103421;89429;61.1;52.8
52;2021-07-26;1010;614;104431;90043;61.7;53.2
52;2021-07-27;1342;658;105773;90701;62.5;53.6
52;2021-07-28;1382;644;107155;91345;63.3;54.0
52;2021-07-29;1263;622;108418;91967;64.1;54.3
52;2021-07-30;1365;713;109783;92680;64.9;54.8
52;2021-07-31;873;549;110656;93229;65.4;55.1
52;2021-08-01;1;14;110657;93243;65.4;55.1
52;2021-08-02;1185;561;111842;93804;66.1;55.4
52;2021-08-03;1363;540;113205;94344;66.9;55.7
52;2021-08-04;1157;579;114362;94923;67.6;56.1
52;2021-08-05;1026;574;115388;95497;68.2;56.4
52;2021-08-06;1057;698;116445;96195;68.8;56.8
52;2021-08-07;519;422;116964;96617;69.1;57.1
52;2021-08-08;0;6;116964;96623;69.1;57.1
52;2021-08-09;469;871;117433;97494;69.4;57.6
52;2021-08-10;717;748;118150;98242;69.8;58.0
52;2021-08-11;535;837;118685;99079;70.1;58.5
52;2021-08-12;623;750;119308;99829;70.5;59.0
52;2021-08-13;420;1029;119728;100858;70.7;59.6
52;2021-08-14;421;360;120149;101218;71.0;59.8
52;2021-08-15;13;13;120162;101231;71.0;59.8
52;2021-08-16;327;934;120489;102165;71.2;60.4
52;2021-08-17;416;911;120905;103076;71.4;60.9
52;2021-08-18;489;944;121394;104020;71.7;61.5
52;2021-08-19;461;836;121855;104856;72.0;62.0
52;2021-08-20;384;1210;122239;106066;72.2;62.7
52;2021-08-21;394;605;122633;106671;72.5;63.0
52;2021-08-22;5;11;122638;106682;72.5;63.0
52;2021-08-23;431;1058;123069;107740;72.7;63.7
52;2021-08-24;307;1077;123376;108817;72.9;64.3
52;2021-08-25;254;1061;123630;109878;73.0;64.9
52;2021-08-26;303;914;123933;110792;73.2;65.5
52;2021-08-27;429;1276;124362;112068;73.5;66.2
52;2021-08-28;243;495;124605;112563;73.6;66.5
52;2021-08-29;3;25;124608;112588;73.6;66.5
52;2021-08-30;204;977;124812;113565;73.7;67.1
52;2021-08-31;205;1034;125017;114599;73.9;67.7
52;2021-09-01;183;1041;125200;115640;74.0;68.3
52;2021-09-02;194;698;125394;116338;74.1;68.7
52;2021-09-03;243;857;125637;117195;74.2;69.2
52;2021-09-04;189;527;125826;117722;74.3;69.6
52;2021-09-05;2;13;125828;117735;74.3;69.6
52;2021-09-06;126;511;125954;118246;74.4;69.9
52;2021-09-07;163;420;126117;118666;74.5;70.1
52;2021-09-08;143;571;126260;119237;74.6;70.5
52;2021-09-09;139;362;126399;119599;74.7;70.7
52;2021-09-10;256;640;126655;120239;74.8;71.0
52;2021-09-11;151;292;126806;120531;74.9;71.2
52;2021-09-12;2;9;126808;120540;74.9;71.2
52;2021-09-13;176;494;126984;121034;75.0;71.5
52;2021-09-14;146;325;127130;121359;75.1;71.7
52;2021-09-15;150;448;127280;121807;75.2;72.0
52;2021-09-16;136;309;127416;122116;75.3;72.2
52;2021-09-17;232;543;127648;122659;75.4;72.5
52;2021-09-18;135;243;127783;122902;75.5;72.6
52;2021-09-19;4;18;127787;122920;75.5;72.6
52;2021-09-20;106;355;127893;123275;75.6;72.8
52;2021-09-21;95;208;127988;123483;75.6;73.0
52;2021-09-22;107;320;128095;123803;75.7;73.1
52;2021-09-23;138;207;128233;124010;75.8;73.3
52;2021-09-24;128;284;128361;124294;75.8;73.4
52;2021-09-25;93;250;128454;124544;75.9;73.6
52;2021-09-26;0;0;128454;124544;75.9;73.6
52;2021-09-27;116;181;128570;124725;76.0;73.7
52;2021-09-28;120;144;128690;124869;76.0;73.8
52;2021-09-29;93;207;128783;125076;76.1;73.9
52;2021-09-30;117;125;128900;125201;76.2;74.0
52;2021-10-01;117;226;129017;125427;76.2;74.1
52;2021-10-02;63;150;129080;125577;76.3;74.2
52;2021-10-03;0;6;129080;125583;76.3;74.2
52;2021-10-04;83;179;129163;125762;76.3;74.3
52;2021-10-05;57;133;129220;125895;76.3;74.4
52;2021-10-06;120;171;129340;126066;76.4;74.5
52;2021-10-07;54;101;129394;126167;76.5;74.5
52;2021-10-08;112;225;129506;126392;76.5;74.7
52;2021-10-09;66;132;129572;126524;76.6;74.8
52;2021-10-10;0;1;129572;126525;76.6;74.8
52;2021-10-11;43;164;129615;126689;76.6;74.9
52;2021-10-12;65;117;129680;126806;76.6;74.9
52;2021-10-13;69;102;129749;126908;76.7;75.0
53;2020-12-27;0;0;0;0;0.0;0.0
53;2020-12-28;0;0;0;0;0.0;0.0
53;2020-12-29;0;0;0;0;0.0;0.0
53;2020-12-30;0;0;0;0;0.0;0.0
53;2020-12-31;0;0;0;0;0.0;0.0
53;2021-01-01;0;0;0;0;0.0;0.0
53;2021-01-02;3;1;3;1;0.0;0.0
53;2021-01-03;0;0;3;1;0.0;0.0
53;2021-01-04;1;0;4;1;0.0;0.0
53;2021-01-05;0;0;4;1;0.0;0.0
53;2021-01-06;0;0;4;1;0.0;0.0
53;2021-01-07;102;0;106;1;0.0;0.0
53;2021-01-08;284;1;390;2;0.1;0.0
53;2021-01-09;134;1;524;3;0.2;0.0
53;2021-01-10;15;0;539;3;0.2;0.0
53;2021-01-11;176;1;715;4;0.2;0.0
53;2021-01-12;456;1;1171;5;0.4;0.0
53;2021-01-13;254;0;1425;5;0.5;0.0
53;2021-01-14;290;7;1715;12;0.6;0.0
53;2021-01-15;343;4;2058;16;0.7;0.0
53;2021-01-16;60;0;2118;16;0.7;0.0
53;2021-01-17;25;2;2143;18;0.7;0.0
53;2021-01-18;364;0;2507;18;0.8;0.0
53;2021-01-19;594;0;3101;18;1.0;0.0
53;2021-01-20;742;0;3843;18;1.3;0.0
53;2021-01-21;772;3;4615;21;1.5;0.0
53;2021-01-22;703;10;5318;31;1.7;0.0
53;2021-01-23;160;1;5478;32;1.8;0.0
53;2021-01-24;6;0;5484;32;1.8;0.0
53;2021-01-25;550;0;6034;32;2.0;0.0
53;2021-01-26;1199;7;7233;39;2.4;0.0
53;2021-01-27;696;6;7929;45;2.6;0.0
53;2021-01-28;737;97;8666;142;2.8;0.0
53;2021-01-29;422;187;9088;329;3.0;0.1
53;2021-01-30;130;0;9218;329;3.0;0.1
53;2021-01-31;0;0;9218;329;3.0;0.1
53;2021-02-01;298;149;9516;478;3.1;0.2
53;2021-02-02;309;232;9825;710;3.2;0.2
53;2021-02-03;228;377;10053;1087;3.3;0.4
53;2021-02-04;184;332;10237;1419;3.4;0.5
53;2021-02-05;234;303;10471;1722;3.4;0.6
53;2021-02-06;153;23;10624;1745;3.5;0.6
53;2021-02-07;0;0;10624;1745;3.5;0.6
53;2021-02-08;168;106;10792;1851;3.5;0.6
53;2021-02-09;369;216;11161;2067;3.7;0.7
53;2021-02-10;266;433;11427;2500;3.7;0.8
53;2021-02-11;433;491;11860;2991;3.9;1.0
53;2021-02-12;318;572;12178;3563;4.0;1.2
53;2021-02-13;96;66;12274;3629;4.0;1.2
53;2021-02-14;0;99;12274;3728;4.0;1.2
53;2021-02-15;239;431;12513;4159;4.1;1.4
53;2021-02-16;527;840;13040;4999;4.3;1.6
53;2021-02-17;391;614;13431;5613;4.4;1.8
53;2021-02-18;547;579;13978;6192;4.6;2.0
53;2021-02-19;895;429;14873;6621;4.9;2.2
53;2021-02-20;139;113;15012;6734;4.9;2.2
53;2021-02-21;1;20;15013;6754;4.9;2.2
53;2021-02-22;161;584;15174;7338;5.0;2.4
53;2021-02-23;59;655;15233;7993;5.0;2.6
53;2021-02-24;137;517;15370;8510;5.0;2.8
53;2021-02-25;457;360;15827;8870;5.2;2.9
53;2021-02-26;437;262;16264;9132;5.3;3.0
53;2021-02-27;86;115;16350;9247;5.4;3.0
53;2021-02-28;0;0;16350;9247;5.4;3.0
53;2021-03-01;231;278;16581;9525;5.4;3.1
53;2021-03-02;246;255;16827;9780;5.5;3.2
53;2021-03-03;321;393;17148;10173;5.6;3.3
53;2021-03-04;859;347;18007;10520;5.9;3.4
53;2021-03-05;660;281;18667;10801;6.1;3.5
53;2021-03-06;447;212;19114;11013;6.3;3.6
53;2021-03-07;276;5;19390;11018;6.3;3.6
53;2021-03-08;375;181;19765;11199;6.5;3.7
53;2021-03-09;878;247;20643;11446;6.8;3.7
53;2021-03-10;807;111;21450;11557;7.0;3.8
53;2021-03-11;1247;229;22697;11786;7.4;3.9
53;2021-03-12;1603;149;24300;11935;8.0;3.9
53;2021-03-13;824;15;25124;11950;8.2;3.9
53;2021-03-14;1;0;25125;11950;8.2;3.9
53;2021-03-15;1001;300;26126;12250;8.6;4.0
53;2021-03-16;1035;332;27161;12582;8.9;4.1
53;2021-03-17;687;261;27848;12843;9.1;4.2
53;2021-03-18;972;345;28820;13188;9.4;4.3
53;2021-03-19;1346;600;30166;13788;9.9;4.5
53;2021-03-20;592;17;30758;13805;10.1;4.5
53;2021-03-21;3;1;30761;13806;10.1;4.5
53;2021-03-22;1214;159;31975;13965;10.5;4.6
53;2021-03-23;1699;72;33674;14037;11.0;4.6
53;2021-03-24;1323;118;34997;14155;11.5;4.6
53;2021-03-25;2322;245;37319;14400;12.2;4.7
53;2021-03-26;1882;153;39201;14553;12.8;4.8
53;2021-03-27;339;3;39540;14556;12.9;4.8
53;2021-03-28;2;0;39542;14556;12.9;4.8
53;2021-03-29;1474;213;41016;14769;13.4;4.8
53;2021-03-30;1944;205;42960;14974;14.1;4.9
53;2021-03-31;1791;224;44751;15198;14.7;5.0
53;2021-04-01;1948;675;46699;15873;15.3;5.2
53;2021-04-02;2075;230;48774;16103;16.0;5.3
53;2021-04-03;414;2;49188;16105;16.1;5.3
53;2021-04-04;11;0;49199;16105;16.1;5.3
53;2021-04-05;9;15;49208;16120;16.1;5.3
53;2021-04-06;1305;507;50513;16627;16.5;5.4
53;2021-04-07;1172;927;51685;17554;16.9;5.7
53;2021-04-08;1663;1010;53348;18564;17.5;6.1
53;2021-04-09;1959;408;55307;18972;18.1;6.2
53;2021-04-10;543;13;55850;18985;18.3;6.2
53;2021-04-11;13;0;55863;18985;18.3;6.2
53;2021-04-12;694;1069;56557;20054;18.5;6.6
53;2021-04-13;1470;1110;58027;21164;19.0;6.9
53;2021-04-14;1021;738;59048;21902;19.3;7.2
53;2021-04-15;1156;1109;60204;23011;19.7;7.5
53;2021-04-16;1271;816;61475;23827;20.1;7.8
53;2021-04-17;279;274;61754;24101;20.2;7.9
53;2021-04-18;0;0;61754;24101;20.2;7.9
53;2021-04-19;681;1068;62435;25169;20.4;8.2
53;2021-04-20;936;1453;63371;26622;20.8;8.7
53;2021-04-21;852;1014;64223;27636;21.0;9.1
53;2021-04-22;1045;1617;65268;29253;21.4;9.6
53;2021-04-23;1329;1055;66597;30308;21.8;9.9
53;2021-04-24;68;7;66665;30315;21.8;9.9
53;2021-04-25;6;39;66671;30354;21.8;9.9
53;2021-04-26;368;1238;67039;31592;22.0;10.3
53;2021-04-27;723;1975;67762;33567;22.2;11.0
53;2021-04-28;977;1392;68739;34959;22.5;11.4
53;2021-04-29;1052;1715;69791;36674;22.9;12.0
53;2021-04-30;1366;1316;71157;37990;23.3;12.4
53;2021-05-01;36;51;71193;38041;23.3;12.5
53;2021-05-02;0;0;71193;38041;23.3;12.5
53;2021-05-03;1570;709;72763;38750;23.8;12.7
53;2021-05-04;1303;1442;74066;40192;24.3;13.2
53;2021-05-05;1611;827;75677;41019;24.8;13.4
53;2021-05-06;1390;1404;77067;42423;25.2;13.9
53;2021-05-07;1537;1306;78604;43729;25.7;14.3
53;2021-05-08;939;36;79543;43765;26.0;14.3
53;2021-05-09;11;2;79554;43767;26.1;14.3
53;2021-05-10;2414;815;81968;44582;26.8;14.6
53;2021-05-11;3097;1286;85065;45868;27.9;15.0
53;2021-05-12;2751;1094;87816;46962;28.8;15.4
53;2021-05-13;350;27;88166;46989;28.9;15.4
53;2021-05-14;2021;678;90187;47667;29.5;15.6
53;2021-05-15;1058;63;91245;47730;29.9;15.6
53;2021-05-16;3;0;91248;47730;29.9;15.6
53;2021-05-17;1701;1196;92949;48926;30.4;16.0
53;2021-05-18;1880;1551;94829;50477;31.1;16.5
53;2021-05-19;2302;748;97131;51225;31.8;16.8
53;2021-05-20;3216;867;100347;52092;32.9;17.1
53;2021-05-21;2798;829;103145;52921;33.8;17.3
53;2021-05-22;21;60;103166;52981;33.8;17.4
53;2021-05-23;1;0;103167;52981;33.8;17.4
53;2021-05-24;8;6;103175;52987;33.8;17.4
53;2021-05-25;1820;803;104995;53790;34.4;17.6
53;2021-05-26;1853;908;106848;54698;35.0;17.9
53;2021-05-27;3072;1080;109920;55778;36.0;18.3
53;2021-05-28;2562;884;112482;56662;36.8;18.6
53;2021-05-29;846;244;113328;56906;37.1;18.6
53;2021-05-30;18;6;113346;56912;37.1;18.6
53;2021-05-31;2565;802;115911;57714;38.0;18.9
53;2021-06-01;3489;1258;119400;58972;39.1;19.3
53;2021-06-02;3183;526;122583;59498;40.1;19.5
53;2021-06-03;4198;789;126781;60287;41.5;19.7
53;2021-06-04;3179;1265;129960;61552;42.6;20.2
53;2021-06-05;137;245;130097;61797;42.6;20.2
53;2021-06-06;1;4;130098;61801;42.6;20.2
53;2021-06-07;2629;922;132727;62723;43.5;20.5
53;2021-06-08;3588;1130;136315;63853;44.6;20.9
53;2021-06-09;2455;944;138770;64797;45.4;21.2
53;2021-06-10;3521;848;142291;65645;46.6;21.5
53;2021-06-11;2964;1213;145255;66858;47.6;21.9
53;2021-06-12;108;138;145363;66996;47.6;21.9
53;2021-06-13;10;2;145373;66998;47.6;21.9
53;2021-06-14;1600;1789;146973;68787;48.1;22.5
53;2021-06-15;1898;2265;148871;71052;48.8;23.3
53;2021-06-16;1828;1733;150699;72785;49.4;23.8
53;2021-06-17;3011;1651;153710;74436;50.3;24.4
53;2021-06-18;2705;1808;156415;76244;51.2;25.0
53;2021-06-19;761;1165;157176;77409;51.5;25.3
53;2021-06-20;3;479;157179;77888;51.5;25.5
53;2021-06-21;918;2525;158097;80413;51.8;26.3
53;2021-06-22;1299;3452;159396;83865;52.2;27.5
53;2021-06-23;1362;2892;160758;86757;52.6;28.4
53;2021-06-24;1802;2033;162560;88790;53.2;29.1
53;2021-06-25;1785;2045;164345;90835;53.8;29.7
53;2021-06-26;977;351;165322;91186;54.1;29.9
53;2021-06-27;8;8;165330;91194;54.1;29.9
53;2021-06-28;662;2899;165992;94093;54.4;30.8
53;2021-06-29;858;3648;166850;97741;54.6;32.0
53;2021-06-30;749;1518;167599;99259;54.9;32.5
53;2021-07-01;1507;2630;169106;101889;55.4;33.4
53;2021-07-02;1530;2026;170636;103915;55.9;34.0
53;2021-07-03;858;574;171494;104489;56.2;34.2
53;2021-07-04;0;4;171494;104493;56.2;34.2
53;2021-07-05;542;2058;172036;106551;56.3;34.9
53;2021-07-06;859;3615;172895;110166;56.6;36.1
53;2021-07-07;1025;2652;173920;112818;57.0;36.9
53;2021-07-08;1314;3116;175234;115934;57.4;38.0
53;2021-07-09;1131;3399;176365;119333;57.8;39.1
53;2021-07-10;422;1001;176787;120334;57.9;39.4
53;2021-07-11;12;20;176799;120354;57.9;39.4
53;2021-07-12;503;3707;177302;124061;58.1;40.6
53;2021-07-13;894;4763;178196;128824;58.4;42.2
53;2021-07-14;104;284;178300;129108;58.4;42.3
53;2021-07-15;1112;4346;179412;133454;58.8;43.7
53;2021-07-16;1248;3847;180660;137301;59.2;45.0
53;2021-07-17;1318;300;181978;137601;59.6;45.1
53;2021-07-18;27;20;182005;137621;59.6;45.1
53;2021-07-19;734;3426;182739;141047;59.8;46.2
53;2021-07-20;985;4123;183724;145170;60.2;47.5
53;2021-07-21;686;3274;184410;148444;60.4;48.6
53;2021-07-22;1513;3525;185923;151969;60.9;49.8
53;2021-07-23;1603;3761;187526;155730;61.4;51.0
53;2021-07-24;956;280;188482;156010;61.7;51.1
53;2021-07-25;60;24;188542;156034;61.7;51.1
53;2021-07-26;1727;1941;190269;157975;62.3;51.7
53;2021-07-27;2356;2824;192625;160799;63.1;52.7
53;2021-07-28;2145;2813;194770;163612;63.8;53.6
53;2021-07-29;2491;2546;197261;166158;64.6;54.4
53;2021-07-30;1828;2647;199089;168805;65.2;55.3
53;2021-07-31;626;232;199715;169037;65.4;55.4
53;2021-08-01;37;25;199752;169062;65.4;55.4
53;2021-08-02;2083;1733;201835;170795;66.1;55.9
53;2021-08-03;2417;1905;204252;172700;66.9;56.6
53;2021-08-04;2476;1863;206728;174563;67.7;57.2
53;2021-08-05;2870;1542;209598;176105;68.6;57.7
53;2021-08-06;2517;1720;212115;177825;69.5;58.2
53;2021-08-07;483;272;212598;178097;69.6;58.3
53;2021-08-08;6;19;212604;178116;69.6;58.3
53;2021-08-09;1839;1650;214443;179766;70.2;58.9
53;2021-08-10;2325;1748;216768;181514;71.0;59.4
53;2021-08-11;1680;867;218448;182381;71.5;59.7
53;2021-08-12;2007;984;220455;183365;72.2;60.0
53;2021-08-13;2039;1315;222494;184680;72.9;60.5
53;2021-08-14;66;63;222560;184743;72.9;60.5
53;2021-08-15;1;2;222561;184745;72.9;60.5
53;2021-08-16;1337;1596;223898;186341;73.3;61.0
53;2021-08-17;1548;1657;225446;187998;73.8;61.6
53;2021-08-18;1515;1600;226961;189598;74.3;62.1
53;2021-08-19;1375;1973;228336;191571;74.8;62.7
53;2021-08-20;1099;2082;229435;193653;75.1;63.4
53;2021-08-21;189;341;229624;193994;75.2;63.5
53;2021-08-22;0;0;229624;193994;75.2;63.5
53;2021-08-23;843;1915;230467;195909;75.5;64.2
53;2021-08-24;903;2117;231370;198026;75.8;64.8
53;2021-08-25;916;2273;232286;200299;76.1;65.6
53;2021-08-26;666;2614;232952;202913;76.3;66.4
53;2021-08-27;754;2645;233706;205558;76.5;67.3
53;2021-08-28;48;133;233754;205691;76.5;67.4
53;2021-08-29;12;31;233766;205722;76.6;67.4
53;2021-08-30;620;2085;234386;207807;76.8;68.1
53;2021-08-31;762;2859;235148;210666;77.0;69.0
53;2021-09-01;342;1544;235490;212210;77.1;69.5
53;2021-09-02;443;1703;235933;213913;77.3;70.1
53;2021-09-03;449;2338;236382;216251;77.4;70.8
53;2021-09-04;115;188;236497;216439;77.4;70.9
53;2021-09-05;1;12;236498;216451;77.4;70.9
53;2021-09-06;299;1468;236797;217919;77.5;71.4
53;2021-09-07;288;1782;237085;219701;77.6;71.9
53;2021-09-08;421;2007;237506;221708;77.8;72.6
53;2021-09-09;237;1351;237743;223059;77.9;73.0
53;2021-09-10;383;1838;238126;224897;78.0;73.6
53;2021-09-11;39;86;238165;224983;78.0;73.7
53;2021-09-12;0;1;238165;224984;78.0;73.7
53;2021-09-13;231;974;238396;225958;78.1;74.0
53;2021-09-14;243;841;238639;226799;78.1;74.3
53;2021-09-15;334;1071;238973;227870;78.3;74.6
53;2021-09-16;305;380;239278;228250;78.4;74.7
53;2021-09-17;430;1057;239708;229307;78.5;75.1
53;2021-09-18;44;70;239752;229377;78.5;75.1
53;2021-09-19;8;14;239760;229391;78.5;75.1
53;2021-09-20;123;382;239883;229773;78.6;75.2
53;2021-09-21;250;651;240133;230424;78.6;75.5
53;2021-09-22;193;665;240326;231089;78.7;75.7
53;2021-09-23;132;395;240458;231484;78.7;75.8
53;2021-09-24;197;639;240655;232123;78.8;76.0
53;2021-09-25;27;50;240682;232173;78.8;76.0
53;2021-09-26;0;0;240682;232173;78.8;76.0
53;2021-09-27;160;374;240842;232547;78.9;76.2
53;2021-09-28;163;281;241005;232828;78.9;76.2
53;2021-09-29;159;488;241164;233316;79.0;76.4
53;2021-09-30;87;213;241251;233529;79.0;76.5
53;2021-10-01;267;621;241518;234150;79.1;76.7
53;2021-10-02;28;52;241546;234202;79.1;76.7
53;2021-10-03;3;7;241549;234209;79.1;76.7
53;2021-10-04;132;277;241681;234486;79.1;76.8
53;2021-10-05;109;210;241790;234696;79.2;76.9
53;2021-10-06;187;345;241977;235041;79.2;77.0
53;2021-10-07;82;287;242059;235328;79.3;77.1
53;2021-10-08;245;539;242304;235867;79.3;77.2
53;2021-10-09;14;27;242318;235894;79.4;77.2
53;2021-10-10;0;0;242318;235894;79.4;77.2
53;2021-10-11;108;159;242426;236053;79.4;77.3
53;2021-10-12;102;230;242528;236283;79.4;77.4
53;2021-10-13;130;229;242658;236512;79.5;77.5
54;2020-12-27;0;0;0;0;0.0;0.0
54;2020-12-28;1;0;1;0;0.0;0.0
54;2020-12-29;0;0;1;0;0.0;0.0
54;2020-12-30;1;0;2;0;0.0;0.0
54;2020-12-31;10;0;12;0;0.0;0.0
54;2021-01-01;0;0;12;0;0.0;0.0
54;2021-01-02;0;0;12;0;0.0;0.0
54;2021-01-03;2;0;14;0;0.0;0.0
54;2021-01-04;163;0;177;0;0.0;0.0
54;2021-01-05;396;2;573;2;0.1;0.0
54;2021-01-06;650;1;1223;3;0.2;0.0
54;2021-01-07;816;2;2039;5;0.3;0.0
54;2021-01-08;706;3;2745;8;0.4;0.0
54;2021-01-09;81;0;2826;8;0.4;0.0
54;2021-01-10;78;0;2904;8;0.4;0.0
54;2021-01-11;974;3;3878;11;0.5;0.0
54;2021-01-12;1182;1;5060;12;0.7;0.0
54;2021-01-13;2428;9;7488;21;1.0;0.0
54;2021-01-14;3401;28;10889;49;1.5;0.0
54;2021-01-15;2718;19;13607;68;1.9;0.0
54;2021-01-16;815;4;14422;72;2.0;0.0
54;2021-01-17;209;0;14631;72;2.0;0.0
54;2021-01-18;1558;7;16189;79;2.2;0.0
54;2021-01-19;1707;2;17896;81;2.5;0.0
54;2021-01-20;1525;5;19421;86;2.7;0.0
54;2021-01-21;1373;5;20794;91;2.8;0.0
54;2021-01-22;1093;8;21887;99;3.0;0.0
54;2021-01-23;477;1;22364;100;3.1;0.0
54;2021-01-24;66;0;22430;100;3.1;0.0
54;2021-01-25;946;35;23376;135;3.2;0.0
54;2021-01-26;142;5;23518;140;3.2;0.0
54;2021-01-27;12;166;23530;306;3.2;0.0
54;2021-01-28;32;229;23562;535;3.2;0.1
54;2021-01-29;19;275;23581;810;3.2;0.1
54;2021-01-30;7;1;23588;811;3.2;0.1
54;2021-01-31;1;0;23589;811;3.2;0.1
54;2021-02-01;13;784;23602;1595;3.2;0.2
54;2021-02-02;25;966;23627;2561;3.2;0.4
54;2021-02-03;364;1530;23991;4091;3.3;0.6
54;2021-02-04;739;2454;24730;6545;3.4;0.9
54;2021-02-05;799;1888;25529;8433;3.5;1.2
54;2021-02-06;204;333;25733;8766;3.5;1.2
54;2021-02-07;4;124;25737;8890;3.5;1.2
54;2021-02-08;117;994;25854;9884;3.5;1.4
54;2021-02-09;306;1067;26160;10951;3.6;1.5
54;2021-02-10;386;795;26546;11746;3.6;1.6
54;2021-02-11;294;813;26840;12559;3.7;1.7
54;2021-02-12;446;1292;27286;13851;3.7;1.9
54;2021-02-13;148;236;27434;14087;3.8;1.9
54;2021-02-14;9;11;27443;14098;3.8;1.9
54;2021-02-15;428;1128;27871;15226;3.8;2.1
54;2021-02-16;401;1222;28272;16448;3.9;2.3
54;2021-02-17;518;956;28790;17404;3.9;2.4
54;2021-02-18;595;780;29385;18184;4.0;2.5
54;2021-02-19;519;777;29904;18961;4.1;2.6
54;2021-02-20;34;282;29938;19243;4.1;2.6
54;2021-02-21;3;24;29941;19267;4.1;2.6
54;2021-02-22;483;598;30424;19865;4.2;2.7
54;2021-02-23;679;560;31103;20425;4.3;2.8
54;2021-02-24;728;354;31831;20779;4.4;2.8
54;2021-02-25;1474;724;33305;21503;4.6;2.9
54;2021-02-26;1776;792;35081;22295;4.8;3.1
54;2021-02-27;698;111;35779;22406;4.9;3.1
54;2021-02-28;11;28;35790;22434;4.9;3.1
54;2021-03-01;625;218;36415;22652;5.0;3.1
54;2021-03-02;1453;151;37868;22803;5.2;3.1
54;2021-03-03;1736;63;39604;22866;5.4;3.1
54;2021-03-04;2015;103;41619;22969;5.7;3.1
54;2021-03-05;2797;146;44416;23115;6.1;3.2
54;2021-03-06;4018;119;48434;23234;6.6;3.2
54;2021-03-07;2625;72;51059;23306;7.0;3.2
54;2021-03-08;1338;68;52397;23374;7.2;3.2
54;2021-03-09;2623;106;55020;23480;7.5;3.2
54;2021-03-10;3179;114;58199;23594;8.0;3.2
54;2021-03-11;3373;103;61572;23697;8.4;3.2
54;2021-03-12;4934;200;66506;23897;9.1;3.3
54;2021-03-13;4196;134;70702;24031;9.7;3.3
54;2021-03-14;543;40;71245;24071;9.8;3.3
54;2021-03-15;1719;105;72964;24176;10.0;3.3
54;2021-03-16;1725;158;74689;24334;10.2;3.3
54;2021-03-17;2080;138;76769;24472;10.5;3.4
54;2021-03-18;2063;166;78832;24638;10.8;3.4
54;2021-03-19;3316;267;82148;24905;11.2;3.4
54;2021-03-20;2309;79;84457;24984;11.6;3.4
54;2021-03-21;293;14;84750;24998;11.6;3.4
54;2021-03-22;1034;302;85784;25300;11.7;3.5
54;2021-03-23;1937;453;87721;25753;12.0;3.5
54;2021-03-24;2194;698;89915;26451;12.3;3.6
54;2021-03-25;3171;722;93086;27173;12.7;3.7
54;2021-03-26;3512;806;96598;27979;13.2;3.8
54;2021-03-27;2420;276;99018;28255;13.6;3.9
54;2021-03-28;280;7;99298;28262;13.6;3.9
54;2021-03-29;1668;357;100966;28619;13.8;3.9
54;2021-03-30;2558;900;103524;29519;14.2;4.0
54;2021-03-31;2599;1134;106123;30653;14.5;4.2
54;2021-04-01;3237;1272;109360;31925;15.0;4.4
54;2021-04-02;2961;1678;112321;33603;15.4;4.6
54;2021-04-03;1264;1310;113585;34913;15.6;4.8
54;2021-04-04;137;421;113722;35334;15.6;4.8
54;2021-04-05;144;574;113866;35908;15.6;4.9
54;2021-04-06;1265;1647;115131;37555;15.8;5.1
54;2021-04-07;923;2239;116054;39794;15.9;5.4
54;2021-04-08;2325;2441;118379;42235;16.2;5.8
54;2021-04-09;4113;3130;122492;45365;16.8;6.2
54;2021-04-10;3204;1674;125696;47039;17.2;6.4
54;2021-04-11;206;1001;125902;48040;17.2;6.6
54;2021-04-12;2198;1528;128100;49568;17.5;6.8
54;2021-04-13;3001;1978;131101;51546;17.9;7.1
54;2021-04-14;3259;1869;134360;53415;18.4;7.3
54;2021-04-15;2876;2302;137236;55717;18.8;7.6
54;2021-04-16;3141;2599;140377;58316;19.2;8.0
54;2021-04-17;3475;1488;143852;59804;19.7;8.2
54;2021-04-18;64;245;143916;60049;19.7;8.2
54;2021-04-19;2464;1090;146380;61139;20.0;8.4
54;2021-04-20;3011;1256;149391;62395;20.5;8.5
54;2021-04-21;4401;1643;153792;64038;21.1;8.8
54;2021-04-22;3723;2392;157515;66430;21.6;9.1
54;2021-04-23;3868;2091;161383;68521;22.1;9.4
54;2021-04-24;2347;1040;163730;69561;22.4;9.5
54;2021-04-25;284;277;164014;69838;22.5;9.6
54;2021-04-26;2306;1273;166320;71111;22.8;9.7
54;2021-04-27;3288;1442;169608;72553;23.2;9.9
54;2021-04-28;2974;1961;172582;74514;23.6;10.2
54;2021-04-29;3795;2089;176377;76603;24.1;10.5
54;2021-04-30;4493;1981;180870;78584;24.8;10.8
54;2021-05-01;2265;808;183135;79392;25.1;10.9
54;2021-05-02;229;68;183364;79460;25.1;10.9
54;2021-05-03;3097;949;186461;80409;25.5;11.0
54;2021-05-04;3514;1459;189975;81868;26.0;11.2
54;2021-05-05;4891;1420;194866;83288;26.7;11.4
54;2021-05-06;4434;2803;199300;86091;27.3;11.8
54;2021-05-07;4823;3418;204123;89509;27.9;12.3
54;2021-05-08;2030;644;206153;90153;28.2;12.3
54;2021-05-09;375;136;206528;90289;28.3;12.4
54;2021-05-10;3207;2242;209735;92531;28.7;12.7
54;2021-05-11;5492;2939;215227;95470;29.5;13.1
54;2021-05-12;4146;3390;219373;98860;30.0;13.5
54;2021-05-13;2648;492;222021;99352;30.4;13.6
54;2021-05-14;6883;2003;228904;101355;31.3;13.9
54;2021-05-15;5484;1324;234388;102679;32.1;14.1
54;2021-05-16;944;108;235332;102787;32.2;14.1
54;2021-05-17;3799;830;239131;103617;32.7;14.2
54;2021-05-18;3288;1104;242419;104721;33.2;14.3
54;2021-05-19;3464;1515;245883;106236;33.7;14.5
54;2021-05-20;4538;1621;250421;107857;34.3;14.8
54;2021-05-21;6754;2523;257175;110380;35.2;15.1
54;2021-05-22;5662;1377;262837;111757;36.0;15.3
54;2021-05-23;504;55;263341;111812;36.1;15.3
54;2021-05-24;1444;343;264785;112155;36.3;15.4
54;2021-05-25;4200;1544;268985;113699;36.8;15.6
54;2021-05-26;3536;2218;272521;115917;37.3;15.9
54;2021-05-27;4179;2434;276700;118351;37.9;16.2
54;2021-05-28;4990;3574;281690;121925;38.6;16.7
54;2021-05-29;3844;3999;285534;125924;39.1;17.2
54;2021-05-30;127;83;285661;126007;39.1;17.3
54;2021-05-31;2940;3067;288601;129074;39.5;17.7
54;2021-06-01;2622;4194;291223;133268;39.9;18.2
54;2021-06-02;2167;4097;293390;137365;40.2;18.8
54;2021-06-03;3145;5655;296535;143020;40.6;19.6
54;2021-06-04;5103;5493;301638;148513;41.3;20.3
54;2021-06-05;2342;3283;303980;151796;41.6;20.8
54;2021-06-06;72;236;304052;152032;41.6;20.8
54;2021-06-07;3706;2937;307758;154969;42.1;21.2
54;2021-06-08;4544;4275;312302;159244;42.8;21.8
54;2021-06-09;6004;3318;318306;162562;43.6;22.3
54;2021-06-10;5296;4452;323602;167014;44.3;22.9
54;2021-06-11;5023;4923;328625;171937;45.0;23.5
54;2021-06-12;4242;3233;332867;175170;45.6;24.0
54;2021-06-13;54;210;332921;175380;45.6;24.0
54;2021-06-14;2334;3595;335255;178975;45.9;24.5
54;2021-06-15;2830;4730;338085;183705;46.3;25.2
54;2021-06-16;3491;5658;341576;189363;46.8;25.9
54;2021-06-17;3138;5222;344714;194585;47.2;26.6
54;2021-06-18;4157;6242;348871;200827;47.8;27.5
54;2021-06-19;2648;3129;351519;203956;48.1;27.9
54;2021-06-20;101;339;351620;204295;48.1;28.0
54;2021-06-21;2556;4772;354176;209067;48.5;28.6
54;2021-06-22;2047;6223;356223;215290;48.8;29.5
54;2021-06-23;2246;5597;358469;220887;49.1;30.2
54;2021-06-24;2090;3455;360559;224342;49.4;30.7
54;2021-06-25;2196;7061;362755;231403;49.7;31.7
54;2021-06-26;2383;5674;365138;237077;50.0;32.5
54;2021-06-27;134;608;365272;237685;50.0;32.5
54;2021-06-28;1959;4357;367231;242042;50.3;33.1
54;2021-06-29;1941;5205;369172;247247;50.5;33.9
54;2021-06-30;1983;5123;371155;252370;50.8;34.6
54;2021-07-01;2143;5983;373298;258353;51.1;35.4
54;2021-07-02;2815;7563;376113;265916;51.5;36.4
54;2021-07-03;2838;4098;378951;270014;51.9;37.0
54;2021-07-04;196;499;379147;270513;51.9;37.0
54;2021-07-05;1668;4251;380815;274764;52.1;37.6
54;2021-07-06;2000;5080;382815;279844;52.4;38.3
54;2021-07-07;1906;4845;384721;284689;52.7;39.0
54;2021-07-08;1679;4114;386400;288803;52.9;39.5
54;2021-07-09;3205;6026;389605;294829;53.3;40.4
54;2021-07-10;2547;4376;392152;299205;53.7;41.0
54;2021-07-11;9;103;392161;299308;53.7;41.0
54;2021-07-12;2100;4698;394261;304006;54.0;41.6
54;2021-07-13;2619;4974;396880;308980;54.3;42.3
54;2021-07-14;1535;1506;398415;310486;54.5;42.5
54;2021-07-15;3172;4836;401587;315322;55.0;43.2
54;2021-07-16;4666;6224;406253;321546;55.6;44.0
54;2021-07-17;4005;4773;410258;326319;56.2;44.7
54;2021-07-18;1804;1688;412062;328007;56.4;44.9
54;2021-07-19;2591;4046;414653;332053;56.8;45.5
54;2021-07-20;2910;4814;417563;336867;57.2;46.1
54;2021-07-21;3132;6335;420695;343202;57.6;47.0
54;2021-07-22;3283;5735;423978;348937;58.0;47.8
54;2021-07-23;3982;6989;427960;355926;58.6;48.7
54;2021-07-24;2945;5334;430905;361260;59.0;49.5
54;2021-07-25;71;50;430976;361310;59.0;49.5
54;2021-07-26;2980;4179;433956;365489;59.4;50.0
54;2021-07-27;3718;4008;437674;369497;59.9;50.6
54;2021-07-28;5211;3879;442885;373376;60.6;51.1
54;2021-07-29;5157;3209;448042;376585;61.3;51.6
54;2021-07-30;5132;5003;453174;381588;62.0;52.2
54;2021-07-31;4538;3232;457712;384820;62.7;52.7
54;2021-08-01;257;73;457969;384893;62.7;52.7
54;2021-08-02;3098;3704;461067;388597;63.1;53.2
54;2021-08-03;4109;2921;465176;391518;63.7;53.6
54;2021-08-04;4428;2707;469604;394225;64.3;54.0
54;2021-08-05;4624;2434;474228;396659;64.9;54.3
54;2021-08-06;5456;3995;479684;400654;65.7;54.9
54;2021-08-07;3676;2829;483360;403483;66.2;55.2
54;2021-08-08;248;114;483608;403597;66.2;55.3
54;2021-08-09;2980;2695;486588;406292;66.6;55.6
54;2021-08-10;2564;3769;489152;410061;67.0;56.1
54;2021-08-11;2335;2565;491487;412626;67.3;56.5
54;2021-08-12;2192;3010;493679;415636;67.6;56.9
54;2021-08-13;2633;4449;496312;420085;68.0;57.5
54;2021-08-14;1436;2077;497748;422162;68.1;57.8
54;2021-08-15;31;43;497779;422205;68.2;57.8
54;2021-08-16;1865;3433;499644;425638;68.4;58.3
54;2021-08-17;1951;3312;501595;428950;68.7;58.7
54;2021-08-18;1501;4107;503096;433057;68.9;59.3
54;2021-08-19;1258;2790;504354;435847;69.1;59.7
54;2021-08-20;1876;4932;506230;440779;69.3;60.3
54;2021-08-21;1471;4016;507701;444795;69.5;60.9
54;2021-08-22;63;28;507764;444823;69.5;60.9
54;2021-08-23;1224;3860;508988;448683;69.7;61.4
54;2021-08-24;1141;3157;510129;451840;69.8;61.9
54;2021-08-25;1427;4382;511556;456222;70.0;62.5
54;2021-08-26;1006;3111;512562;459333;70.2;62.9
54;2021-08-27;1531;5326;514093;464659;70.4;63.6
54;2021-08-28;1148;4284;515241;468943;70.5;64.2
54;2021-08-29;17;50;515258;468993;70.5;64.2
54;2021-08-30;1216;4124;516474;473117;70.7;64.8
54;2021-08-31;1071;4462;517545;477579;70.9;65.4
54;2021-09-01;1109;3400;518654;480979;71.0;65.9
54;2021-09-02;730;1982;519384;482961;71.1;66.1
54;2021-09-03;985;2976;520369;485937;71.2;66.5
54;2021-09-04;1178;3160;521547;489097;71.4;67.0
54;2021-09-05;27;22;521574;489119;71.4;67.0
54;2021-09-06;498;1354;522072;490473;71.5;67.2
54;2021-09-07;606;1465;522678;491938;71.6;67.4
54;2021-09-08;636;1687;523314;493625;71.6;67.6
54;2021-09-09;945;1753;524259;495378;71.8;67.8
54;2021-09-10;1018;2388;525277;497766;71.9;68.1
54;2021-09-11;746;2556;526023;500322;72.0;68.5
54;2021-09-12;93;116;526116;500438;72.0;68.5
54;2021-09-13;651;943;526767;501381;72.1;68.6
54;2021-09-14;623;977;527390;502358;72.2;68.8
54;2021-09-15;639;1747;528029;504105;72.3;69.0
54;2021-09-16;642;714;528671;504819;72.4;69.1
54;2021-09-17;887;1534;529558;506353;72.5;69.3
54;2021-09-18;490;1437;530048;507790;72.6;69.5
54;2021-09-19;29;38;530077;507828;72.6;69.5
54;2021-09-20;375;658;530452;508486;72.6;69.6
54;2021-09-21;446;939;530898;509425;72.7;69.7
54;2021-09-22;408;1120;531306;510545;72.7;69.9
54;2021-09-23;326;845;531632;511390;72.8;70.0
54;2021-09-24;521;1180;532153;512570;72.9;70.2
54;2021-09-25;342;1077;532495;513647;72.9;70.3
54;2021-09-26;9;30;532504;513677;72.9;70.3
54;2021-09-27;232;677;532736;514354;72.9;70.4
54;2021-09-28;340;632;533076;514986;73.0;70.5
54;2021-09-29;391;806;533467;515792;73.0;70.6
54;2021-09-30;229;466;533696;516258;73.1;70.7
54;2021-10-01;481;1011;534177;517269;73.1;70.8
54;2021-10-02;392;961;534569;518230;73.2;71.0
54;2021-10-03;2;10;534571;518240;73.2;71.0
54;2021-10-04;201;528;534772;518768;73.2;71.0
54;2021-10-05;298;943;535070;519711;73.3;71.2
54;2021-10-06;369;807;535439;520518;73.3;71.3
54;2021-10-07;269;686;535708;521204;73.3;71.4
54;2021-10-08;411;971;536119;522175;73.4;71.5
54;2021-10-09;416;733;536535;522908;73.5;71.6
54;2021-10-10;9;18;536544;522926;73.5;71.6
54;2021-10-11;262;432;536806;523358;73.5;71.7
54;2021-10-12;237;614;537043;523972;73.5;71.7
54;2021-10-13;318;525;537361;524497;73.6;71.8
55;2020-12-27;0;0;0;0;0.0;0.0
55;2020-12-28;2;0;2;0;0.0;0.0
55;2020-12-29;0;0;2;0;0.0;0.0
55;2020-12-30;0;0;2;0;0.0;0.0
55;2020-12-31;0;0;2;0;0.0;0.0
55;2021-01-01;0;0;2;0;0.0;0.0
55;2021-01-02;0;0;2;0;0.0;0.0
55;2021-01-03;0;0;2;0;0.0;0.0
55;2021-01-04;1;0;3;0;0.0;0.0
55;2021-01-05;0;0;3;0;0.0;0.0
55;2021-01-06;0;0;3;0;0.0;0.0
55;2021-01-07;122;0;125;0;0.1;0.0
55;2021-01-08;127;0;252;0;0.1;0.0
55;2021-01-09;52;0;304;0;0.2;0.0
55;2021-01-10;0;0;304;0;0.2;0.0
55;2021-01-11;128;1;432;1;0.2;0.0
55;2021-01-12;119;0;551;1;0.3;0.0
55;2021-01-13;134;0;685;1;0.4;0.0
55;2021-01-14;645;8;1330;9;0.7;0.0
55;2021-01-15;237;0;1567;9;0.9;0.0
55;2021-01-16;64;0;1631;9;0.9;0.0
55;2021-01-17;1;0;1632;9;0.9;0.0
55;2021-01-18;414;1;2046;10;1.1;0.0
55;2021-01-19;352;3;2398;13;1.3;0.0
55;2021-01-20;456;2;2854;15;1.6;0.0
55;2021-01-21;430;0;3284;15;1.8;0.0
55;2021-01-22;390;0;3674;15;2.0;0.0
55;2021-01-23;49;0;3723;15;2.0;0.0
55;2021-01-24;0;0;3723;15;2.0;0.0
55;2021-01-25;436;0;4159;15;2.3;0.0
55;2021-01-26;431;0;4590;15;2.5;0.0
55;2021-01-27;424;0;5014;15;2.8;0.0
55;2021-01-28;486;97;5500;112;3.0;0.1
55;2021-01-29;159;54;5659;166;3.1;0.1
55;2021-01-30;92;28;5751;194;3.2;0.1
55;2021-01-31;0;0;5751;194;3.2;0.1
55;2021-02-01;153;176;5904;370;3.3;0.2
55;2021-02-02;159;147;6063;517;3.3;0.3
55;2021-02-03;53;156;6116;673;3.4;0.4
55;2021-02-04;236;399;6352;1072;3.5;0.6
55;2021-02-05;174;140;6526;1212;3.6;0.7
55;2021-02-06;62;56;6588;1268;3.6;0.7
55;2021-02-07;2;53;6590;1321;3.6;0.7
55;2021-02-08;0;18;6590;1339;3.6;0.7
55;2021-02-09;92;116;6682;1455;3.7;0.8
55;2021-02-10;65;23;6747;1478;3.7;0.8
55;2021-02-11;175;98;6922;1576;3.8;0.9
55;2021-02-12;95;28;7017;1604;3.9;0.9
55;2021-02-13;0;0;7017;1604;3.9;0.9
55;2021-02-14;0;0;7017;1604;3.9;0.9
55;2021-02-15;15;417;7032;2021;3.9;1.1
55;2021-02-16;143;394;7175;2415;4.0;1.3
55;2021-02-17;26;489;7201;2904;4.0;1.6
55;2021-02-18;20;341;7221;3245;4.0;1.8
55;2021-02-19;125;287;7346;3532;4.0;1.9
55;2021-02-20;11;0;7357;3532;4.1;1.9
55;2021-02-21;0;0;7357;3532;4.1;1.9
55;2021-02-22;55;458;7412;3990;4.1;2.2
55;2021-02-23;85;439;7497;4429;4.1;2.4
55;2021-02-24;72;415;7569;4844;4.2;2.7
55;2021-02-25;270;684;7839;5528;4.3;3.0
55;2021-02-26;324;236;8163;5764;4.5;3.2
55;2021-02-27;125;87;8288;5851;4.6;3.2
55;2021-02-28;2;8;8290;5859;4.6;3.2
55;2021-03-01;77;141;8367;6000;4.6;3.3
55;2021-03-02;125;170;8492;6170;4.7;3.4
55;2021-03-03;198;3;8690;6173;4.8;3.4
55;2021-03-04;238;43;8928;6216;4.9;3.4
55;2021-03-05;362;47;9290;6263;5.1;3.4
55;2021-03-06;224;6;9514;6269;5.2;3.5
55;2021-03-07;74;5;9588;6274;5.3;3.5
55;2021-03-08;329;52;9917;6326;5.5;3.5
55;2021-03-09;635;50;10552;6376;5.8;3.5
55;2021-03-10;397;26;10949;6402;6.0;3.5
55;2021-03-11;597;147;11546;6549;6.4;3.6
55;2021-03-12;817;94;12363;6643;6.8;3.7
55;2021-03-13;522;13;12885;6656;7.1;3.7
55;2021-03-14;14;0;12899;6656;7.1;3.7
55;2021-03-15;393;24;13292;6680;7.3;3.7
55;2021-03-16;568;111;13860;6791;7.6;3.7
55;2021-03-17;683;22;14543;6813;8.0;3.8
55;2021-03-18;323;23;14866;6836;8.2;3.8
55;2021-03-19;471;60;15337;6896;8.4;3.8
55;2021-03-20;254;16;15591;6912;8.6;3.8
55;2021-03-21;1;1;15592;6913;8.6;3.8
55;2021-03-22;474;21;16066;6934;8.8;3.8
55;2021-03-23;973;66;17039;7000;9.4;3.9
55;2021-03-24;802;43;17841;7043;9.8;3.9
55;2021-03-25;1097;83;18938;7126;10.4;3.9
55;2021-03-26;602;37;19540;7163;10.8;3.9
55;2021-03-27;256;23;19796;7186;10.9;4.0
55;2021-03-28;0;0;19796;7186;10.9;4.0
55;2021-03-29;944;41;20740;7227;11.4;4.0
55;2021-03-30;1425;76;22165;7303;12.2;4.0
55;2021-03-31;1483;73;23648;7376;13.0;4.1
55;2021-04-01;1207;131;24855;7507;13.7;4.1
55;2021-04-02;902;75;25757;7582;14.2;4.2
55;2021-04-03;93;12;25850;7594;14.2;4.2
55;2021-04-04;2;0;25852;7594;14.2;4.2
55;2021-04-05;6;12;25858;7606;14.2;4.2
55;2021-04-06;933;276;26791;7882;14.7;4.3
55;2021-04-07;993;240;27784;8122;15.3;4.5
55;2021-04-08;1649;421;29433;8543;16.2;4.7
55;2021-04-09;1431;263;30864;8806;17.0;4.8
55;2021-04-10;243;175;31107;8981;17.1;4.9
55;2021-04-11;452;23;31559;9004;17.4;5.0
55;2021-04-12;855;330;32414;9334;17.8;5.1
55;2021-04-13;1355;530;33769;9864;18.6;5.4
55;2021-04-14;1372;728;35141;10592;19.3;5.8
55;2021-04-15;1637;461;36778;11053;20.2;6.1
55;2021-04-16;704;379;37482;11432;20.6;6.3
55;2021-04-17;677;32;38159;11464;21.0;6.3
55;2021-04-18;38;19;38197;11483;21.0;6.3
55;2021-04-19;961;348;39158;11831;21.6;6.5
55;2021-04-20;1173;776;40331;12607;22.2;6.9
55;2021-04-21;990;641;41321;13248;22.7;7.3
55;2021-04-22;1099;683;42420;13931;23.4;7.7
55;2021-04-23;1424;600;43844;14531;24.1;8.0
55;2021-04-24;313;124;44157;14655;24.3;8.1
55;2021-04-25;384;51;44541;14706;24.5;8.1
55;2021-04-26;478;815;45019;15521;24.8;8.5
55;2021-04-27;570;996;45589;16517;25.1;9.1
55;2021-04-28;931;815;46520;17332;25.6;9.5
55;2021-04-29;1118;859;47638;18191;26.2;10.0
55;2021-04-30;1280;624;48918;18815;26.9;10.4
55;2021-05-01;153;132;49071;18947;27.0;10.4
55;2021-05-02;2;3;49073;18950;27.0;10.4
55;2021-05-03;1209;630;50282;19580;27.7;10.8
55;2021-05-04;683;1180;50965;20760;28.1;11.4
55;2021-05-05;657;1074;51622;21834;28.4;12.0
55;2021-05-06;1350;1163;52972;22997;29.2;12.7
55;2021-05-07;1433;556;54405;23553;30.0;13.0
55;2021-05-08;156;77;54561;23630;30.0;13.0
55;2021-05-09;62;523;54623;24153;30.1;13.3
55;2021-05-10;860;1030;55483;25183;30.5;13.9
55;2021-05-11;1072;1380;56555;26563;31.1;14.6
55;2021-05-12;1031;1765;57586;28328;31.7;15.6
55;2021-05-13;99;75;57685;28403;31.8;15.6
55;2021-05-14;352;556;58037;28959;32.0;15.9
55;2021-05-15;291;492;58328;29451;32.1;16.2
55;2021-05-16;3;10;58331;29461;32.1;16.2
55;2021-05-17;1028;841;59359;30302;32.7;16.7
55;2021-05-18;1567;893;60926;31195;33.5;17.2
55;2021-05-19;1809;777;62735;31972;34.5;17.6
55;2021-05-20;2215;730;64950;32702;35.8;18.0
55;2021-05-21;2010;800;66960;33502;36.9;18.4
55;2021-05-22;198;167;67158;33669;37.0;18.5
55;2021-05-23;23;120;67181;33789;37.0;18.6
55;2021-05-24;0;0;67181;33789;37.0;18.6
55;2021-05-25;1347;653;68528;34442;37.7;19.0
55;2021-05-26;1675;1018;70203;35460;38.6;19.5
55;2021-05-27;1322;983;71525;36443;39.4;20.1
55;2021-05-28;1521;930;73046;37373;40.2;20.6
55;2021-05-29;1403;698;74449;38071;41.0;21.0
55;2021-05-30;15;205;74464;38276;41.0;21.1
55;2021-05-31;1048;1130;75512;39406;41.6;21.7
55;2021-06-01;919;955;76431;40361;42.1;22.2
55;2021-06-02;1162;983;77593;41344;42.7;22.8
55;2021-06-03;703;545;78296;41889;43.1;23.1
55;2021-06-04;1388;1100;79684;42989;43.9;23.7
55;2021-06-05;1366;278;81050;43267;44.6;23.8
55;2021-06-06;0;2;81050;43269;44.6;23.8
55;2021-06-07;791;714;81841;43983;45.1;24.2
55;2021-06-08;700;1073;82541;45056;45.4;24.8
55;2021-06-09;852;872;83393;45928;45.9;25.3
55;2021-06-10;378;275;83771;46203;46.1;25.4
55;2021-06-11;528;1287;84299;47490;46.4;26.1
55;2021-06-12;761;519;85060;48009;46.8;26.4
55;2021-06-13;265;33;85325;48042;47.0;26.4
55;2021-06-14;391;1362;85716;49404;47.2;27.2
55;2021-06-15;574;1212;86290;50616;47.5;27.9
55;2021-06-16;735;832;87025;51448;47.9;28.3
55;2021-06-17;425;858;87450;52306;48.1;28.8
55;2021-06-18;667;1474;88117;53780;48.5;29.6
55;2021-06-19;593;456;88710;54236;48.8;29.9
55;2021-06-20;0;0;88710;54236;48.8;29.9
55;2021-06-21;441;1023;89151;55259;49.1;30.4
55;2021-06-22;335;1011;89486;56270;49.3;31.0
55;2021-06-23;626;1210;90112;57480;49.6;31.6
55;2021-06-24;164;433;90276;57913;49.7;31.9
55;2021-06-25;642;1227;90918;59140;50.1;32.6
55;2021-06-26;418;341;91336;59481;50.3;32.7
55;2021-06-27;1;2;91337;59483;50.3;32.7
55;2021-06-28;149;1379;91486;60862;50.4;33.5
55;2021-06-29;201;1288;91687;62150;50.5;34.2
55;2021-06-30;272;1930;91959;64080;50.6;35.3
55;2021-07-01;388;1977;92347;66057;50.8;36.4
55;2021-07-02;392;1719;92739;67776;51.1;37.3
55;2021-07-03;107;262;92846;68038;51.1;37.5
55;2021-07-04;12;19;92858;68057;51.1;37.5
55;2021-07-05;222;1508;93080;69565;51.2;38.3
55;2021-07-06;327;900;93407;70465;51.4;38.8
55;2021-07-07;389;1801;93796;72266;51.6;39.8
55;2021-07-08;535;1594;94331;73860;51.9;40.7
55;2021-07-09;457;1478;94788;75338;52.2;41.5
55;2021-07-10;356;1112;95144;76450;52.4;42.1
55;2021-07-11;0;9;95144;76459;52.4;42.1
55;2021-07-12;608;1166;95752;77625;52.7;42.7
55;2021-07-13;599;1487;96351;79112;53.0;43.6
55;2021-07-14;1;13;96352;79125;53.0;43.6
55;2021-07-15;782;1646;97134;80771;53.5;44.5
55;2021-07-16;1255;1810;98389;82581;54.2;45.5
55;2021-07-17;1284;822;99673;83403;54.9;45.9
55;2021-07-18;1;2;99674;83405;54.9;45.9
55;2021-07-19;597;785;100271;84190;55.2;46.3
55;2021-07-20;1001;1024;101272;85214;55.8;46.9
55;2021-07-21;1482;1371;102754;86585;56.6;47.7
55;2021-07-22;1174;568;103928;87153;57.2;48.0
55;2021-07-23;1113;1356;105041;88509;57.8;48.7
55;2021-07-24;819;762;105860;89271;58.3;49.1
55;2021-07-25;120;229;105980;89500;58.3;49.3
55;2021-07-26;668;444;106648;89944;58.7;49.5
55;2021-07-27;1166;479;107814;90423;59.4;49.8
55;2021-07-28;1039;1066;108853;91489;59.9;50.4
55;2021-07-29;670;446;109523;91935;60.3;50.6
55;2021-07-30;1272;966;110795;92901;61.0;51.1
55;2021-07-31;714;613;111509;93514;61.4;51.5
55;2021-08-01;9;5;111518;93519;61.4;51.5
55;2021-08-02;820;443;112338;93962;61.8;51.7
55;2021-08-03;791;419;113129;94381;62.3;52.0
55;2021-08-04;1248;951;114377;95332;63.0;52.5
55;2021-08-05;1055;324;115432;95656;63.5;52.7
55;2021-08-06;819;1096;116251;96752;64.0;53.3
55;2021-08-07;596;336;116847;97088;64.3;53.5
55;2021-08-08;0;0;116847;97088;64.3;53.5
55;2021-08-09;402;306;117249;97394;64.5;53.6
55;2021-08-10;447;776;117696;98170;64.8;54.0
55;2021-08-11;596;640;118292;98810;65.1;54.4
55;2021-08-12;327;489;118619;99299;65.3;54.7
55;2021-08-13;439;1110;119058;100409;65.5;55.3
55;2021-08-14;144;190;119202;100599;65.6;55.4
55;2021-08-15;11;5;119213;100604;65.6;55.4
55;2021-08-16;246;739;119459;101343;65.8;55.8
55;2021-08-17;259;289;119718;101632;65.9;56.0
55;2021-08-18;576;1241;120294;102873;66.2;56.6
55;2021-08-19;451;960;120745;103833;66.5;57.2
55;2021-08-20;623;1012;121368;104845;66.8;57.7
55;2021-08-21;292;772;121660;105617;67.0;58.1
55;2021-08-22;8;6;121668;105623;67.0;58.1
55;2021-08-23;357;612;122025;106235;67.2;58.5
55;2021-08-24;338;833;122363;107068;67.4;58.9
55;2021-08-25;678;1173;123041;108241;67.7;59.6
55;2021-08-26;473;1253;123514;109494;68.0;60.3
55;2021-08-27;336;1247;123850;110741;68.2;61.0
55;2021-08-28;389;578;124239;111319;68.4;61.3
55;2021-08-29;217;59;124456;111378;68.5;61.3
55;2021-08-30;175;670;124631;112048;68.6;61.7
55;2021-08-31;289;802;124920;112850;68.8;62.1
55;2021-09-01;742;1213;125662;114063;69.2;62.8
55;2021-09-02;271;820;125933;114883;69.3;63.2
55;2021-09-03;489;1046;126422;115929;69.6;63.8
55;2021-09-04;290;576;126712;116505;69.8;64.1
55;2021-09-05;18;91;126730;116596;69.8;64.2
55;2021-09-06;61;122;126791;116718;69.8;64.3
55;2021-09-07;284;402;127075;117120;70.0;64.5
55;2021-09-08;275;275;127350;117395;70.1;64.6
55;2021-09-09;200;544;127550;117939;70.2;64.9
55;2021-09-10;253;420;127803;118359;70.4;65.2
55;2021-09-11;101;281;127904;118640;70.4;65.3
55;2021-09-12;1;2;127905;118642;70.4;65.3
55;2021-09-13;103;328;128008;118970;70.5;65.5
55;2021-09-14;278;174;128286;119144;70.6;65.6
55;2021-09-15;308;638;128594;119782;70.8;65.9
55;2021-09-16;120;181;128714;119963;70.9;66.0
55;2021-09-17;89;123;128803;120086;70.9;66.1
55;2021-09-18;142;391;128945;120477;71.0;66.3
55;2021-09-19;1;59;128946;120536;71.0;66.4
55;2021-09-20;82;192;129028;120728;71.0;66.5
55;2021-09-21;100;332;129128;121060;71.1;66.6
55;2021-09-22;109;396;129237;121456;71.1;66.9
55;2021-09-23;95;427;129332;121883;71.2;67.1
55;2021-09-24;88;369;129420;122252;71.3;67.3
55;2021-09-25;57;160;129477;122412;71.3;67.4
55;2021-09-26;0;34;129477;122446;71.3;67.4
55;2021-09-27;48;129;129525;122575;71.3;67.5
55;2021-09-28;51;124;129576;122699;71.3;67.6
55;2021-09-29;157;861;129733;123560;71.4;68.0
55;2021-09-30;58;331;129791;123891;71.5;68.2
55;2021-10-01;57;274;129848;124165;71.5;68.4
55;2021-10-02;91;372;129939;124537;71.5;68.6
55;2021-10-03;0;59;129939;124596;71.5;68.6
55;2021-10-04;108;391;130047;124987;71.6;68.8
55;2021-10-05;71;259;130118;125246;71.6;69.0
55;2021-10-06;101;378;130219;125624;71.7;69.2
55;2021-10-07;58;152;130277;125776;71.7;69.2
55;2021-10-08;61;143;130338;125919;71.8;69.3
55;2021-10-09;54;240;130392;126159;71.8;69.5
55;2021-10-10;20;194;130412;126353;71.8;69.6
55;2021-10-11;70;173;130482;126526;71.8;69.7
55;2021-10-12;76;365;130558;126891;71.9;69.9
55;2021-10-13;89;165;130647;127056;71.9;69.9
56;2020-12-27;0;0;0;0;0.0;0.0
56;2020-12-28;1;0;1;0;0.0;0.0
56;2020-12-29;0;0;1;0;0.0;0.0
56;2020-12-30;0;0;1;0;0.0;0.0
56;2020-12-31;0;0;1;0;0.0;0.0
56;2021-01-01;0;0;1;0;0.0;0.0
56;2021-01-02;1;0;2;0;0.0;0.0
56;2021-01-03;2;2;4;2;0.0;0.0
56;2021-01-04;2;1;6;3;0.0;0.0
56;2021-01-05;1;0;7;3;0.0;0.0
56;2021-01-06;2;0;9;3;0.0;0.0
56;2021-01-07;198;0;207;3;0.0;0.0
56;2021-01-08;119;0;326;3;0.0;0.0
56;2021-01-09;1;0;327;3;0.0;0.0
56;2021-01-10;1;0;328;3;0.0;0.0
56;2021-01-11;242;0;570;3;0.1;0.0
56;2021-01-12;755;15;1325;18;0.2;0.0
56;2021-01-13;638;1;1963;19;0.3;0.0
56;2021-01-14;970;19;2933;38;0.4;0.0
56;2021-01-15;844;5;3777;43;0.5;0.0
56;2021-01-16;235;3;4012;46;0.5;0.0
56;2021-01-17;27;0;4039;46;0.5;0.0
56;2021-01-18;1007;1;5046;47;0.7;0.0
56;2021-01-19;866;24;5912;71;0.8;0.0
56;2021-01-20;885;1;6797;72;0.9;0.0
56;2021-01-21;1450;16;8247;88;1.1;0.0
56;2021-01-22;1183;4;9430;92;1.2;0.0
56;2021-01-23;319;3;9749;95;1.3;0.0
56;2021-01-24;6;0;9755;95;1.3;0.0
56;2021-01-25;830;4;10585;99;1.4;0.0
56;2021-01-26;1034;4;11619;103;1.5;0.0
56;2021-01-27;1082;62;12701;165;1.7;0.0
56;2021-01-28;975;123;13676;288;1.8;0.0
56;2021-01-29;875;107;14551;395;1.9;0.1
56;2021-01-30;139;19;14690;414;1.9;0.1
56;2021-01-31;0;0;14690;414;1.9;0.1
56;2021-02-01;480;155;15170;569;2.0;0.1
56;2021-02-02;941;258;16111;827;2.1;0.1
56;2021-02-03;1025;270;17136;1097;2.3;0.1
56;2021-02-04;4705;360;21841;1457;2.9;0.2
56;2021-02-05;3596;436;25437;1893;3.4;0.3
56;2021-02-06;551;171;25988;2064;3.4;0.3
56;2021-02-07;136;26;26124;2090;3.5;0.3
56;2021-02-08;297;291;26421;2381;3.5;0.3
56;2021-02-09;795;506;27216;2887;3.6;0.4
56;2021-02-10;864;700;28080;3587;3.7;0.5
56;2021-02-11;973;1081;29053;4668;3.8;0.6
56;2021-02-12;1153;645;30206;5313;4.0;0.7
56;2021-02-13;220;103;30426;5416;4.0;0.7
56;2021-02-14;6;46;30432;5462;4.0;0.7
56;2021-02-15;622;1087;31054;6549;4.1;0.9
56;2021-02-16;1219;735;32273;7284;4.3;1.0
56;2021-02-17;1189;959;33462;8243;4.4;1.1
56;2021-02-18;1351;882;34813;9125;4.6;1.2
56;2021-02-19;1323;916;36136;10041;4.8;1.3
56;2021-02-20;365;259;36501;10300;4.8;1.4
56;2021-02-21;2;0;36503;10300;4.8;1.4
56;2021-02-22;376;704;36879;11004;4.9;1.5
56;2021-02-23;742;951;37621;11955;5.0;1.6
56;2021-02-24;918;1187;38539;13142;5.1;1.7
56;2021-02-25;2032;4258;40571;17400;5.4;2.3
56;2021-02-26;2356;2255;42927;19655;5.7;2.6
56;2021-02-27;748;447;43675;20102;5.8;2.7
56;2021-02-28;15;114;43690;20216;5.8;2.7
56;2021-03-01;649;559;44339;20775;5.9;2.7
56;2021-03-02;981;789;45320;21564;6.0;2.9
56;2021-03-03;1150;910;46470;22474;6.2;3.0
56;2021-03-04;1965;1039;48435;23513;6.4;3.1
56;2021-03-05;2584;1436;51019;24949;6.8;3.3
56;2021-03-06;1209;223;52228;25172;6.9;3.3
56;2021-03-07;282;24;52510;25196;6.9;3.3
56;2021-03-08;1141;395;53651;25591;7.1;3.4
56;2021-03-09;2043;633;55694;26224;7.4;3.5
56;2021-03-10;2000;939;57694;27163;7.6;3.6
56;2021-03-11;3252;744;60946;27907;8.1;3.7
56;2021-03-12;4208;834;65154;28741;8.6;3.8
56;2021-03-13;1884;151;67038;28892;8.9;3.8
56;2021-03-14;195;4;67233;28896;8.9;3.8
56;2021-03-15;1286;531;68519;29427;9.1;3.9
56;2021-03-16;1088;1029;69607;30456;9.2;4.0
56;2021-03-17;1371;778;70978;31234;9.4;4.1
56;2021-03-18;2001;1863;72979;33097;9.7;4.4
56;2021-03-19;2947;1398;75926;34495;10.0;4.6
56;2021-03-20;1492;207;77418;34702;10.2;4.6
56;2021-03-21;209;22;77627;34724;10.3;4.6
56;2021-03-22;1612;407;79239;35131;10.5;4.6
56;2021-03-23;2810;687;82049;35818;10.9;4.7
56;2021-03-24;3450;527;85499;36345;11.3;4.8
56;2021-03-25;4238;731;89737;37076;11.9;4.9
56;2021-03-26;5092;774;94829;37850;12.6;5.0
56;2021-03-27;1502;296;96331;38146;12.7;5.0
56;2021-03-28;264;11;96595;38157;12.8;5.1
56;2021-03-29;2236;507;98831;38664;13.1;5.1
56;2021-03-30;3519;787;102350;39451;13.5;5.2
56;2021-03-31;3115;723;105465;40174;14.0;5.3
56;2021-04-01;4079;827;109544;41001;14.5;5.4
56;2021-04-02;3925;954;113469;41955;15.0;5.6
56;2021-04-03;1186;270;114655;42225;15.2;5.6
56;2021-04-04;233;4;114888;42229;15.2;5.6
56;2021-04-05;245;8;115133;42237;15.2;5.6
56;2021-04-06;2828;1238;117961;43475;15.6;5.8
56;2021-04-07;4023;1196;121984;44671;16.1;5.9
56;2021-04-08;5296;1170;127280;45841;16.8;6.1
56;2021-04-09;7396;1289;134676;47130;17.8;6.2
56;2021-04-10;2576;430;137252;47560;18.2;6.3
56;2021-04-11;194;101;137446;47661;18.2;6.3
56;2021-04-12;3932;838;141378;48499;18.7;6.4
56;2021-04-13;5965;1268;147343;49767;19.5;6.6
56;2021-04-14;5168;1434;152511;51201;20.2;6.8
56;2021-04-15;7153;1779;159664;52980;21.1;7.0
56;2021-04-16;7842;2020;167506;55000;22.2;7.3
56;2021-04-17;3130;649;170636;55649;22.6;7.4
56;2021-04-18;528;110;171164;55759;22.7;7.4
56;2021-04-19;3719;1264;174883;57023;23.1;7.5
56;2021-04-20;4107;1981;178990;59004;23.7;7.8
56;2021-04-21;4059;2327;183049;61331;24.2;8.1
56;2021-04-22;5173;1928;188222;63259;24.9;8.4
56;2021-04-23;5172;2424;193394;65683;25.6;8.7
56;2021-04-24;2899;649;196293;66332;26.0;8.8
56;2021-04-25;465;149;196758;66481;26.0;8.8
56;2021-04-26;4710;1672;201468;68153;26.7;9.0
56;2021-04-27;5098;2554;206566;70707;27.3;9.4
56;2021-04-28;4966;2250;211532;72957;28.0;9.7
56;2021-04-29;5842;2944;217374;75901;28.8;10.0
56;2021-04-30;6246;2804;223620;78705;29.6;10.4
56;2021-05-01;2490;365;226110;79070;29.9;10.5
56;2021-05-02;307;254;226417;79324;30.0;10.5
56;2021-05-03;3863;2069;230280;81393;30.5;10.8
56;2021-05-04;4379;3911;234659;85304;31.1;11.3
56;2021-05-05;3522;3879;238181;89183;31.5;11.8
56;2021-05-06;4377;5447;242558;94630;32.1;12.5
56;2021-05-07;4267;5015;246825;99645;32.7;13.2
56;2021-05-08;1645;324;248470;99969;32.9;13.2
56;2021-05-09;494;227;248964;100196;33.0;13.3
56;2021-05-10;3751;3809;252715;104005;33.4;13.8
56;2021-05-11;4169;5053;256884;109058;34.0;14.4
56;2021-05-12;4342;4776;261226;113834;34.6;15.1
56;2021-05-13;2397;1014;263623;114848;34.9;15.2
56;2021-05-14;4227;4362;267850;119210;35.5;15.8
56;2021-05-15;2488;1895;270338;121105;35.8;16.0
56;2021-05-16;237;488;270575;121593;35.8;16.1
56;2021-05-17;2513;3668;273088;125261;36.1;16.6
56;2021-05-18;3522;4102;276610;129363;36.6;17.1
56;2021-05-19;3527;3398;280137;132761;37.1;17.6
56;2021-05-20;3805;4819;283942;137580;37.6;18.2
56;2021-05-21;3748;5228;287690;142808;38.1;18.9
56;2021-05-22;1696;2207;289386;145015;38.3;19.2
56;2021-05-23;284;197;289670;145212;38.3;19.2
56;2021-05-24;2058;497;291728;145709;38.6;19.3
56;2021-05-25;3141;4471;294869;150180;39.0;19.9
56;2021-05-26;3735;3938;298604;154118;39.5;20.4
56;2021-05-27;4362;4868;302966;158986;40.1;21.0
56;2021-05-28;4640;5960;307606;164946;40.7;21.8
56;2021-05-29;1886;1635;309492;166581;41.0;22.0
56;2021-05-30;318;67;309810;166648;41.0;22.1
56;2021-05-31;4502;3222;314312;169870;41.6;22.5
56;2021-06-01;5664;3387;319976;173257;42.3;22.9
56;2021-06-02;5631;2953;325607;176210;43.1;23.3
56;2021-06-03;6189;3304;331796;179514;43.9;23.8
56;2021-06-04;5814;4413;337610;183927;44.7;24.3
56;2021-06-05;4346;2385;341956;186312;45.3;24.7
56;2021-06-06;496;615;342452;186927;45.3;24.7
56;2021-06-07;5101;3172;347553;190099;46.0;25.2
56;2021-06-08;6070;3375;353623;193474;46.8;25.6
56;2021-06-09;6431;2815;360054;196289;47.7;26.0
56;2021-06-10;7479;2874;367533;199163;48.6;26.4
56;2021-06-11;6769;3867;374302;203030;49.5;26.9
56;2021-06-12;5103;2064;379405;205094;50.2;27.1
56;2021-06-13;1978;439;381383;205533;50.5;27.2
56;2021-06-14;3313;4595;384696;210128;50.9;27.8
56;2021-06-15;4201;4898;388897;215026;51.5;28.5
56;2021-06-16;4497;4504;393394;219530;52.1;29.1
56;2021-06-17;4257;4752;397651;224282;52.6;29.7
56;2021-06-18;4513;5973;402164;230255;53.2;30.5
56;2021-06-19;3832;2144;405996;232399;53.7;30.8
56;2021-06-20;1503;340;407499;232739;53.9;30.8
56;2021-06-21;3306;4462;410805;237201;54.4;31.4
56;2021-06-22;3483;5441;414288;242642;54.8;32.1
56;2021-06-23;3763;5061;418051;247703;55.3;32.8
56;2021-06-24;3478;5320;421529;253023;55.8;33.5
56;2021-06-25;3884;6281;425413;259304;56.3;34.3
56;2021-06-26;3202;2916;428615;262220;56.7;34.7
56;2021-06-27;305;163;428920;262383;56.8;34.7
56;2021-06-28;1575;3982;430495;266365;57.0;35.3
56;2021-06-29;2433;5769;432928;272134;57.3;36.0
56;2021-06-30;2499;5561;435427;277695;57.6;36.8
56;2021-07-01;2735;4960;438162;282655;58.0;37.4
56;2021-07-02;2671;6205;440833;288860;58.3;38.2
56;2021-07-03;2203;2684;443036;291544;58.6;38.6
56;2021-07-04;778;811;443814;292355;58.7;38.7
56;2021-07-05;1872;5442;445686;297797;59.0;39.4
56;2021-07-06;2190;5933;447876;303730;59.3;40.2
56;2021-07-07;2844;5642;450720;309372;59.7;40.9
56;2021-07-08;3086;6036;453806;315408;60.1;41.7
56;2021-07-09;2213;7098;456019;322506;60.4;42.7
56;2021-07-10;1126;3004;457145;325510;60.5;43.1
56;2021-07-11;256;344;457401;325854;60.5;43.1
56;2021-07-12;2181;6605;459582;332459;60.8;44.0
56;2021-07-13;3259;7467;462841;339926;61.3;45.0
56;2021-07-14;1785;2591;464626;342517;61.5;45.3
56;2021-07-15;3819;7069;468445;349586;62.0;46.3
56;2021-07-16;4076;8096;472521;357682;62.5;47.3
56;2021-07-17;2320;3525;474841;361207;62.8;47.8
56;2021-07-18;256;478;475097;361685;62.9;47.9
56;2021-07-19;2869;6359;477966;368044;63.3;48.7
56;2021-07-20;3722;7913;481688;375957;63.8;49.8
56;2021-07-21;3096;7519;484784;383476;64.2;50.8
56;2021-07-22;4391;8034;489175;391510;64.7;51.8
56;2021-07-23;4389;8412;493564;399922;65.3;52.9
56;2021-07-24;1687;4602;495251;404524;65.5;53.5
56;2021-07-25;551;1916;495802;406440;65.6;53.8
56;2021-07-26;3680;5461;499482;411901;66.1;54.5
56;2021-07-27;5375;6201;504857;418102;66.8;55.3
56;2021-07-28;4687;5465;509544;423567;67.4;56.1
56;2021-07-29;5378;5628;514922;429195;68.2;56.8
56;2021-07-30;5383;5864;520305;435059;68.9;57.6
56;2021-07-31;2158;2693;522463;437752;69.1;57.9
56;2021-08-01;1255;977;523718;438729;69.3;58.1
56;2021-08-02;4537;4600;528255;443329;69.9;58.7
56;2021-08-03;6387;4962;534642;448291;70.8;59.3
56;2021-08-04;5952;4363;540594;452654;71.5;59.9
56;2021-08-05;6097;4605;546691;457259;72.4;60.5
56;2021-08-06;5855;4926;552546;462185;73.1;61.2
56;2021-08-07;2859;2228;555405;464413;73.5;61.5
56;2021-08-08;1830;566;557235;464979;73.8;61.5
56;2021-08-09;3936;4268;561171;469247;74.3;62.1
56;2021-08-10;4928;4612;566099;473859;74.9;62.7
56;2021-08-11;4565;4138;570664;477997;75.5;63.3
56;2021-08-12;4488;4549;575152;482546;76.1;63.9
56;2021-08-13;4214;4814;579366;487360;76.7;64.5
56;2021-08-14;1793;2136;581159;489496;76.9;64.8
56;2021-08-15;348;485;581507;489981;77.0;64.8
56;2021-08-16;3066;4522;584573;494503;77.4;65.4
56;2021-08-17;3761;5055;588334;499558;77.9;66.1
56;2021-08-18;3740;4609;592074;504167;78.4;66.7
56;2021-08-19;3069;4992;595143;509159;78.8;67.4
56;2021-08-20;2905;5259;598048;514418;79.2;68.1
56;2021-08-21;1159;2399;599207;516817;79.3;68.4
56;2021-08-22;129;503;599336;517320;79.3;68.5
56;2021-08-23;1928;4969;601264;522289;79.6;69.1
56;2021-08-24;1924;5513;603188;527802;79.8;69.9
56;2021-08-25;1710;5056;604898;532858;80.1;70.5
56;2021-08-26;1409;5326;606307;538184;80.2;71.2
56;2021-08-27;1757;5878;608064;544062;80.5;72.0
56;2021-08-28;605;2802;608669;546864;80.6;72.4
56;2021-08-29;79;476;608748;547340;80.6;72.4
56;2021-08-30;1381;4627;610129;551967;80.8;73.1
56;2021-08-31;1473;4648;611602;556615;80.9;73.7
56;2021-09-01;1321;3927;612923;560542;81.1;74.2
56;2021-09-02;1086;3711;614009;564253;81.3;74.7
56;2021-09-03;1103;4240;615112;568493;81.4;75.2
56;2021-09-04;766;2340;615878;570833;81.5;75.6
56;2021-09-05;128;365;616006;571198;81.5;75.6
56;2021-09-06;884;3115;616890;574313;81.6;76.0
56;2021-09-07;820;3001;617710;577314;81.8;76.4
56;2021-09-08;967;3234;618677;580548;81.9;76.8
56;2021-09-09;800;2669;619477;583217;82.0;77.2
56;2021-09-10;942;3160;620419;586377;82.1;77.6
56;2021-09-11;474;2017;620893;588394;82.2;77.9
56;2021-09-12;34;167;620927;588561;82.2;77.9
56;2021-09-13;765;2071;621692;590632;82.3;78.2
56;2021-09-14;700;1870;622392;592502;82.4;78.4
56;2021-09-15;715;2499;623107;595001;82.5;78.7
56;2021-09-16;710;1591;623817;596592;82.6;79.0
56;2021-09-17;761;2148;624578;598740;82.7;79.2
56;2021-09-18;305;1706;624883;600446;82.7;79.5
56;2021-09-19;32;112;624915;600558;82.7;79.5
56;2021-09-20;426;1287;625341;601845;82.8;79.7
56;2021-09-21;502;1164;625843;603009;82.8;79.8
56;2021-09-22;464;1704;626307;604713;82.9;80.0
56;2021-09-23;543;1049;626850;605762;83.0;80.2
56;2021-09-24;581;1613;627431;607375;83.0;80.4
56;2021-09-25;256;1029;627687;608404;83.1;80.5
56;2021-09-26;12;79;627699;608483;83.1;80.5
56;2021-09-27;475;1000;628174;609483;83.1;80.7
56;2021-09-28;436;958;628610;610441;83.2;80.8
56;2021-09-29;386;1168;628996;611609;83.2;80.9
56;2021-09-30;333;606;629329;612215;83.3;81.0
56;2021-10-01;514;1256;629843;613471;83.4;81.2
56;2021-10-02;161;403;630004;613874;83.4;81.2
56;2021-10-03;5;77;630009;613951;83.4;81.3
56;2021-10-04;295;762;630304;614713;83.4;81.4
56;2021-10-05;239;619;630543;615332;83.5;81.4
56;2021-10-06;404;945;630947;616277;83.5;81.6
56;2021-10-07;308;879;631255;617156;83.5;81.7
56;2021-10-08;426;911;631681;618067;83.6;81.8
56;2021-10-09;152;383;631833;618450;83.6;81.9
56;2021-10-10;11;58;631844;618508;83.6;81.9
56;2021-10-11;281;620;632125;619128;83.7;81.9
56;2021-10-12;269;664;632394;619792;83.7;82.0
56;2021-10-13;224;380;632618;620172;83.7;82.1
57;2020-12-27;2;0;2;0;0.0;0.0
57;2020-12-28;0;0;2;0;0.0;0.0
57;2020-12-29;3;0;5;0;0.0;0.0
57;2020-12-30;1;0;6;0;0.0;0.0
57;2020-12-31;0;0;6;0;0.0;0.0
57;2021-01-01;1;1;7;1;0.0;0.0
57;2021-01-02;3;0;10;1;0.0;0.0
57;2021-01-03;0;0;10;1;0.0;0.0
57;2021-01-04;17;0;27;1;0.0;0.0
57;2021-01-05;199;0;226;1;0.0;0.0
57;2021-01-06;226;1;452;2;0.0;0.0
57;2021-01-07;586;2;1038;4;0.1;0.0
57;2021-01-08;509;2;1547;6;0.1;0.0
57;2021-01-09;203;0;1750;6;0.2;0.0
57;2021-01-10;109;1;1859;7;0.2;0.0
57;2021-01-11;470;1;2329;8;0.2;0.0
57;2021-01-12;612;7;2941;15;0.3;0.0
57;2021-01-13;696;2;3637;17;0.4;0.0
57;2021-01-14;708;6;4345;23;0.4;0.0
57;2021-01-15;636;5;4981;28;0.5;0.0
57;2021-01-16;452;1;5433;29;0.5;0.0
57;2021-01-17;493;1;5926;30;0.6;0.0
57;2021-01-18;2717;23;8643;53;0.8;0.0
57;2021-01-19;2567;22;11210;75;1.1;0.0
57;2021-01-20;2771;23;13981;98;1.3;0.0
57;2021-01-21;1803;9;15784;107;1.5;0.0
57;2021-01-22;1325;8;17109;115;1.7;0.0
57;2021-01-23;543;15;17652;130;1.7;0.0
57;2021-01-24;1;0;17653;130;1.7;0.0
57;2021-01-25;869;186;18522;316;1.8;0.0
57;2021-01-26;1112;214;19634;530;1.9;0.1
57;2021-01-27;1070;183;20704;713;2.0;0.1
57;2021-01-28;1041;296;21745;1009;2.1;0.1
57;2021-01-29;983;392;22728;1401;2.2;0.1
57;2021-01-30;440;93;23168;1494;2.2;0.1
57;2021-01-31;11;27;23179;1521;2.2;0.1
57;2021-02-01;828;351;24007;1872;2.3;0.2
57;2021-02-02;989;363;24996;2235;2.4;0.2
57;2021-02-03;987;318;25983;2553;2.5;0.2
57;2021-02-04;1138;803;27121;3356;2.6;0.3
57;2021-02-05;929;354;28050;3710;2.7;0.4
57;2021-02-06;482;347;28532;4057;2.8;0.4
57;2021-02-07;103;336;28635;4393;2.8;0.4
57;2021-02-08;1258;1548;29893;5941;2.9;0.6
57;2021-02-09;1763;1676;31656;7617;3.1;0.7
57;2021-02-10;1711;2075;33367;9692;3.2;0.9
57;2021-02-11;1488;1326;34855;11018;3.4;1.1
57;2021-02-12;1227;677;36082;11695;3.5;1.1
57;2021-02-13;1152;179;37234;11874;3.6;1.1
57;2021-02-14;1211;28;38445;11902;3.7;1.1
57;2021-02-15;766;858;39211;12760;3.8;1.2
57;2021-02-16;1076;798;40287;13558;3.9;1.3
57;2021-02-17;1008;962;41295;14520;4.0;1.4
57;2021-02-18;976;1157;42271;15677;4.1;1.5
57;2021-02-19;956;934;43227;16611;4.2;1.6
57;2021-02-20;1172;614;44399;17225;4.3;1.7
57;2021-02-21;323;13;44722;17238;4.3;1.7
57;2021-02-22;1230;912;45952;18150;4.4;1.8
57;2021-02-23;2234;1087;48186;19237;4.7;1.9
57;2021-02-24;2287;1004;50473;20241;4.9;2.0
57;2021-02-25;3297;1128;53770;21369;5.2;2.1
57;2021-02-26;3593;962;57363;22331;5.5;2.2
57;2021-02-27;3698;543;61061;22874;5.9;2.2
57;2021-02-28;1897;62;62958;22936;6.1;2.2
57;2021-03-01;2083;1344;65041;24280;6.3;2.3
57;2021-03-02;2870;1613;67911;25893;6.6;2.5
57;2021-03-03;2835;1617;70746;27510;6.8;2.7
57;2021-03-04;3288;1302;74034;28812;7.1;2.8
57;2021-03-05;4461;1258;78495;30070;7.6;2.9
57;2021-03-06;7271;798;85766;30868;8.3;3.0
57;2021-03-07;6070;286;91836;31154;8.9;3.0
57;2021-03-08;2300;1018;94136;32172;9.1;3.1
57;2021-03-09;3412;1314;97548;33486;9.4;3.2
57;2021-03-10;3597;981;101145;34467;9.8;3.3
57;2021-03-11;4054;1267;105199;35734;10.2;3.4
57;2021-03-12;5139;1224;110338;36958;10.7;3.6
57;2021-03-13;6293;996;116631;37954;11.3;3.7
57;2021-03-14;2425;431;119056;38385;11.5;3.7
57;2021-03-15;2966;887;122022;39272;11.8;3.8
57;2021-03-16;3067;1306;125089;40578;12.1;3.9
57;2021-03-17;3053;1158;128142;41736;12.4;4.0
57;2021-03-18;3403;1088;131545;42824;12.7;4.1
57;2021-03-19;4628;1065;136173;43889;13.1;4.2
57;2021-03-20;4703;1040;140876;44929;13.6;4.3
57;2021-03-21;1897;257;142773;45186;13.8;4.4
57;2021-03-22;2479;1507;145252;46693;14.0;4.5
57;2021-03-23;3443;2369;148695;49062;14.4;4.7
57;2021-03-24;3898;2169;152593;51231;14.7;4.9
57;2021-03-25;4743;2613;157336;53844;15.2;5.2
57;2021-03-26;4841;2283;162177;56127;15.7;5.4
57;2021-03-27;3710;3169;165887;59296;16.0;5.7
57;2021-03-28;1398;1849;167285;61145;16.1;5.9
57;2021-03-29;1932;2208;169217;63353;16.3;6.1
57;2021-03-30;3303;2528;172520;65881;16.7;6.4
57;2021-03-31;2826;2338;175346;68219;16.9;6.6
57;2021-04-01;3223;3190;178569;71409;17.2;6.9
57;2021-04-02;2392;2599;180961;74008;17.5;7.1
57;2021-04-03;2565;2668;183526;76676;17.7;7.4
57;2021-04-04;596;970;184122;77646;17.8;7.5
57;2021-04-05;1922;676;186044;78322;18.0;7.6
57;2021-04-06;2453;2862;188497;81184;18.2;7.8
57;2021-04-07;3816;3136;192313;84320;18.6;8.1
57;2021-04-08;5613;2934;197926;87254;19.1;8.4
57;2021-04-09;5014;2776;202940;90030;19.6;8.7
57;2021-04-10;2353;3654;205293;93684;19.8;9.0
57;2021-04-11;1099;1892;206392;95576;19.9;9.2
57;2021-04-12;1795;2762;208187;98338;20.1;9.5
57;2021-04-13;1976;3037;210163;101375;20.3;9.8
57;2021-04-14;1922;2997;212085;104372;20.5;10.1
57;2021-04-15;2364;3435;214449;107807;20.7;10.4
57;2021-04-16;2700;3301;217149;111108;21.0;10.7
57;2021-04-17;2474;3184;219623;114292;21.2;11.0
57;2021-04-18;1241;1774;220864;116066;21.3;11.2
57;2021-04-19;2142;2260;223006;118326;21.5;11.4
57;2021-04-20;2513;2787;225519;121113;21.8;11.7
57;2021-04-21;2568;2382;228087;123495;22.0;11.9
57;2021-04-22;3209;2253;231296;125748;22.3;12.1
57;2021-04-23;4060;2586;235356;128334;22.7;12.4
57;2021-04-24;3396;2565;238752;130899;23.0;12.6
57;2021-04-25;757;1127;239509;132026;23.1;12.7
57;2021-04-26;2972;2003;242481;134029;23.4;12.9
57;2021-04-27;3898;2385;246379;136414;23.8;13.2
57;2021-04-28;4213;2596;250592;139010;24.2;13.4
57;2021-04-29;5261;3465;255853;142475;24.7;13.8
57;2021-04-30;4729;3555;260582;146030;25.2;14.1
57;2021-05-01;2356;1687;262938;147717;25.4;14.3
57;2021-05-02;790;915;263728;148632;25.5;14.3
57;2021-05-03;3561;2995;267289;151627;25.8;14.6
57;2021-05-04;4871;3176;272160;154803;26.3;14.9
57;2021-05-05;6123;3171;278283;157974;26.9;15.3
57;2021-05-06;5990;3282;284273;161256;27.4;15.6
57;2021-05-07;6852;3449;291125;164705;28.1;15.9
57;2021-05-08;4051;1605;295176;166310;28.5;16.1
57;2021-05-09;2049;1114;297225;167424;28.7;16.2
57;2021-05-10;5129;3067;302354;170491;29.2;16.5
57;2021-05-11;7453;2850;309807;173341;29.9;16.7
57;2021-05-12;7843;3248;317650;176589;30.7;17.0
57;2021-05-13;4509;915;322159;177504;31.1;17.1
57;2021-05-14;7840;2633;329999;180137;31.9;17.4
57;2021-05-15;5965;2047;335964;182184;32.4;17.6
57;2021-05-16;3307;578;339271;182762;32.8;17.6
57;2021-05-17;3867;2064;343138;184826;33.1;17.8
57;2021-05-18;6292;2105;349430;186931;33.7;18.0
57;2021-05-19;7018;2327;356448;189258;34.4;18.3
57;2021-05-20;6047;2180;362495;191438;35.0;18.5
57;2021-05-21;7563;2925;370058;194363;35.7;18.8
57;2021-05-22;4895;2171;374953;196534;36.2;19.0
57;2021-05-23;1964;430;376917;196964;36.4;19.0
57;2021-05-24;3027;1060;379944;198024;36.7;19.1
57;2021-05-25;5571;2806;385515;200830;37.2;19.4
57;2021-05-26;6375;3178;391890;204008;37.8;19.7
57;2021-05-27;5794;3124;397684;207132;38.4;20.0
57;2021-05-28;7024;4739;404708;211871;39.1;20.5
57;2021-05-29;5220;4245;409928;216116;39.6;20.9
57;2021-05-30;1968;1743;411896;217859;39.8;21.0
57;2021-05-31;4315;3340;416211;221199;40.2;21.4
57;2021-06-01;5934;3718;422145;224917;40.8;21.7
57;2021-06-02;6340;3907;428485;228824;41.4;22.1
57;2021-06-03;6209;3702;434694;232526;42.0;22.4
57;2021-06-04;7569;4992;442263;237518;42.7;22.9
57;2021-06-05;4764;4032;447027;241550;43.2;23.3
57;2021-06-06;1992;890;449019;242440;43.3;23.4
57;2021-06-07;4315;4034;453334;246474;43.8;23.8
57;2021-06-08;6721;4314;460055;250788;44.4;24.2
57;2021-06-09;6876;4156;466931;254944;45.1;24.6
57;2021-06-10;6218;4597;473149;259541;45.7;25.1
57;2021-06-11;5360;5366;478509;264907;46.2;25.6
57;2021-06-12;5741;4452;484250;269359;46.7;26.0
57;2021-06-13;1500;1142;485750;270501;46.9;26.1
57;2021-06-14;3381;4698;489131;275199;47.2;26.6
57;2021-06-15;3815;6024;492946;281223;47.6;27.1
57;2021-06-16;4400;6597;497346;287820;48.0;27.8
57;2021-06-17;4201;6073;501547;293893;48.4;28.4
57;2021-06-18;4273;7308;505820;301201;48.8;29.1
57;2021-06-19;4158;6292;509978;307493;49.2;29.7
57;2021-06-20;986;1665;510964;309158;49.3;29.8
57;2021-06-21;2065;5966;513029;315124;49.5;30.4
57;2021-06-22;2644;7987;515673;323111;49.8;31.2
57;2021-06-23;3071;8385;518744;331496;50.1;32.0
57;2021-06-24;2457;5289;521201;336785;50.3;32.5
57;2021-06-25;2856;7826;524057;344611;50.6;33.3
57;2021-06-26;2872;7258;526929;351869;50.9;34.0
57;2021-06-27;752;2985;527681;354854;50.9;34.3
57;2021-06-28;1591;5079;529272;359933;51.1;34.7
57;2021-06-29;2081;6832;531353;366765;51.3;35.4
57;2021-06-30;3069;7321;534422;374086;51.6;36.1
57;2021-07-01;2707;5957;537129;380043;51.9;36.7
57;2021-07-02;2697;8073;539826;388116;52.1;37.5
57;2021-07-03;3238;6528;543064;394644;52.4;38.1
57;2021-07-04;942;2467;544006;397111;52.5;38.3
57;2021-07-05;1713;4608;545719;401719;52.7;38.8
57;2021-07-06;2425;6480;548144;408199;52.9;39.4
57;2021-07-07;2734;7088;550878;415287;53.2;40.1
57;2021-07-08;2495;5876;553373;421163;53.4;40.7
57;2021-07-09;3424;8415;556797;429578;53.8;41.5
57;2021-07-10;3096;6943;559893;436521;54.1;42.1
57;2021-07-11;854;2233;560747;438754;54.1;42.4
57;2021-07-12;2441;6433;563188;445187;54.4;43.0
57;2021-07-13;4415;7507;567603;452694;54.8;43.7
57;2021-07-14;2823;3843;570426;456537;55.1;44.1
57;2021-07-15;3962;7790;574388;464327;55.5;44.8
57;2021-07-16;5643;9831;580031;474158;56.0;45.8
57;2021-07-17;5823;7287;585854;481445;56.6;46.5
57;2021-07-18;1491;2660;587345;484105;56.7;46.7
57;2021-07-19;2375;6201;589720;490306;56.9;47.3
57;2021-07-20;4333;6915;594053;497221;57.3;48.0
57;2021-07-21;5304;6909;599357;504130;57.9;48.7
57;2021-07-22;5982;5958;605339;510088;58.4;49.2
57;2021-07-23;7016;6407;612355;516495;59.1;49.9
57;2021-07-24;4536;7037;616891;523532;59.6;50.5
57;2021-07-25;1334;1770;618225;525302;59.7;50.7
57;2021-07-26;3724;4496;621949;529798;60.0;51.1
57;2021-07-27;6867;4954;628816;534752;60.7;51.6
57;2021-07-28;7489;4568;636305;539320;61.4;52.1
57;2021-07-29;7636;4603;643941;543923;62.2;52.5
57;2021-07-30;6874;4900;650815;548823;62.8;53.0
57;2021-07-31;5708;5025;656523;553848;63.4;53.5
57;2021-08-01;2027;1116;658550;554964;63.6;53.6
57;2021-08-02;3543;3182;662093;558146;63.9;53.9
57;2021-08-03;5804;4284;667897;562430;64.5;54.3
57;2021-08-04;5229;3463;673126;565893;65.0;54.6
57;2021-08-05;5377;3786;678503;569679;65.5;55.0
57;2021-08-06;5624;4855;684127;574534;66.0;55.5
57;2021-08-07;4586;5169;688713;579703;66.5;56.0
57;2021-08-08;1480;1507;690193;581210;66.6;56.1
57;2021-08-09;2625;3177;692818;584387;66.9;56.4
57;2021-08-10;3520;3788;696338;588175;67.2;56.8
57;2021-08-11;3726;4024;700064;592199;67.6;57.2
57;2021-08-12;3161;5217;703225;597416;67.9;57.7
57;2021-08-13;3497;4733;706722;602149;68.2;58.1
57;2021-08-14;2166;5186;708888;607335;68.4;58.6
57;2021-08-15;529;1093;709417;608428;68.5;58.7
57;2021-08-16;1791;3569;711208;611997;68.7;59.1
57;2021-08-17;2380;5355;713588;617352;68.9;59.6
57;2021-08-18;2473;5375;716061;622727;69.1;60.1
57;2021-08-19;2214;5486;718275;628213;69.3;60.6
57;2021-08-20;2058;6034;720333;634247;69.5;61.2
57;2021-08-21;1874;5395;722207;639642;69.7;61.7
57;2021-08-22;454;1530;722661;641172;69.8;61.9
57;2021-08-23;1144;3719;723805;644891;69.9;62.3
57;2021-08-24;1817;5614;725622;650505;70.0;62.8
57;2021-08-25;1619;5319;727241;655824;70.2;63.3
57;2021-08-26;1609;4674;728850;660498;70.4;63.8
57;2021-08-27;1770;5897;730620;666395;70.5;64.3
57;2021-08-28;2013;5386;732633;671781;70.7;64.9
57;2021-08-29;342;1090;732975;672871;70.8;65.0
57;2021-08-30;1033;3210;734008;676081;70.9;65.3
57;2021-08-31;1553;4295;735561;680376;71.0;65.7
57;2021-09-01;1460;3844;737021;684220;71.2;66.1
57;2021-09-02;1179;3107;738200;687327;71.3;66.4
57;2021-09-03;1569;3956;739769;691283;71.4;66.7
57;2021-09-04;1685;3743;741454;695026;71.6;67.1
57;2021-09-05;383;847;741837;695873;71.6;67.2
57;2021-09-06;773;1771;742610;697644;71.7;67.3
57;2021-09-07;706;1857;743316;699501;71.8;67.5
57;2021-09-08;932;2507;744248;702008;71.8;67.8
57;2021-09-09;614;1970;744862;703978;71.9;68.0
57;2021-09-10;1083;2471;745945;706449;72.0;68.2
57;2021-09-11;1182;2976;747127;709425;72.1;68.5
57;2021-09-12;248;490;747375;709915;72.1;68.5
57;2021-09-13;589;1350;747964;711265;72.2;68.7
57;2021-09-14;780;1703;748744;712968;72.3;68.8
57;2021-09-15;772;1994;749516;714962;72.4;69.0
57;2021-09-16;714;1229;750230;716191;72.4;69.1
57;2021-09-17;1115;1789;751345;717980;72.5;69.3
57;2021-09-18;808;2586;752153;720566;72.6;69.6
57;2021-09-19;120;346;752273;720912;72.6;69.6
57;2021-09-20;411;867;752684;721779;72.7;69.7
57;2021-09-21;507;827;753191;722606;72.7;69.8
57;2021-09-22;495;1307;753686;723913;72.8;69.9
57;2021-09-23;466;1215;754152;725128;72.8;70.0
57;2021-09-24;741;1435;754893;726563;72.9;70.1
57;2021-09-25;503;1999;755396;728562;72.9;70.3
57;2021-09-26;121;326;755517;728888;72.9;70.4
57;2021-09-27;440;845;755957;729733;73.0;70.4
57;2021-09-28;314;598;756271;730331;73.0;70.5
57;2021-09-29;557;1111;756828;731442;73.1;70.6
57;2021-09-30;289;615;757117;732057;73.1;70.7
57;2021-10-01;522;1328;757639;733385;73.1;70.8
57;2021-10-02;662;1562;758301;734947;73.2;71.0
57;2021-10-03;121;232;758422;735179;73.2;71.0
57;2021-10-04;363;617;758785;735796;73.3;71.0
57;2021-10-05;284;576;759069;736372;73.3;71.1
57;2021-10-06;456;772;759525;737144;73.3;71.2
57;2021-10-07;314;627;759839;737771;73.4;71.2
57;2021-10-08;503;1036;760342;738807;73.4;71.3
57;2021-10-09;607;1151;760949;739958;73.5;71.4
57;2021-10-10;101;121;761050;740079;73.5;71.4
57;2021-10-11;341;612;761391;740691;73.5;71.5
57;2021-10-12;302;461;761693;741152;73.5;71.5
57;2021-10-13;553;717;762246;741869;73.6;71.6
58;2020-12-27;0;0;0;0;0.0;0.0
58;2020-12-28;0;0;0;0;0.0;0.0
58;2020-12-29;1;0;1;0;0.0;0.0
58;2020-12-30;0;0;1;0;0.0;0.0
58;2020-12-31;0;0;1;0;0.0;0.0
58;2021-01-01;0;0;1;0;0.0;0.0
58;2021-01-02;0;0;1;0;0.0;0.0
58;2021-01-03;1;0;2;0;0.0;0.0
58;2021-01-04;0;0;2;0;0.0;0.0
58;2021-01-05;2;0;4;0;0.0;0.0
58;2021-01-06;145;0;149;0;0.1;0.0
58;2021-01-07;241;0;390;0;0.2;0.0
58;2021-01-08;63;0;453;0;0.2;0.0
58;2021-01-09;1;0;454;0;0.2;0.0
58;2021-01-10;0;0;454;0;0.2;0.0
58;2021-01-11;55;0;509;0;0.3;0.0
58;2021-01-12;260;0;769;0;0.4;0.0
58;2021-01-13;412;4;1181;4;0.6;0.0
58;2021-01-14;292;2;1473;6;0.7;0.0
58;2021-01-15;143;0;1616;6;0.8;0.0
58;2021-01-16;10;1;1626;7;0.8;0.0
58;2021-01-17;0;0;1626;7;0.8;0.0
58;2021-01-18;414;1;2040;8;1.0;0.0
58;2021-01-19;987;3;3027;11;1.5;0.0
58;2021-01-20;1208;2;4235;13;2.1;0.0
58;2021-01-21;962;5;5197;18;2.6;0.0
58;2021-01-22;779;3;5976;21;3.0;0.0
58;2021-01-23;253;0;6229;21;3.1;0.0
58;2021-01-24;2;0;6231;21;3.1;0.0
58;2021-01-25;439;1;6670;22;3.3;0.0
58;2021-01-26;651;4;7321;26;3.7;0.0
58;2021-01-27;604;44;7925;70;4.0;0.0
58;2021-01-28;758;66;8683;136;4.4;0.1
58;2021-01-29;838;7;9521;143;4.8;0.1
58;2021-01-30;281;0;9802;143;4.9;0.1
58;2021-01-31;10;0;9812;143;4.9;0.1
58;2021-02-01;200;73;10012;216;5.0;0.1
58;2021-02-02;566;83;10578;299;5.3;0.1
58;2021-02-03;279;147;10857;446;5.4;0.2
58;2021-02-04;284;93;11141;539;5.6;0.3
58;2021-02-05;184;93;11325;632;5.7;0.3
58;2021-02-06;89;0;11414;632;5.7;0.3
58;2021-02-07;0;0;11414;632;5.7;0.3
58;2021-02-08;306;72;11720;704;5.9;0.4
58;2021-02-09;503;315;12223;1019;6.1;0.5
58;2021-02-10;350;379;12573;1398;6.3;0.7
58;2021-02-11;286;381;12859;1779;6.4;0.9
58;2021-02-12;243;204;13102;1983;6.6;1.0
58;2021-02-13;84;29;13186;2012;6.6;1.0
58;2021-02-14;0;3;13186;2015;6.6;1.0
58;2021-02-15;114;526;13300;2541;6.7;1.3
58;2021-02-16;207;937;13507;3478;6.8;1.7
58;2021-02-17;221;760;13728;4238;6.9;2.1
58;2021-02-18;186;787;13914;5025;7.0;2.5
58;2021-02-19;238;722;14152;5747;7.1;2.9
58;2021-02-20;62;228;14214;5975;7.1;3.0
58;2021-02-21;0;30;14214;6005;7.1;3.0
58;2021-02-22;78;403;14292;6408;7.2;3.2
58;2021-02-23;49;617;14341;7025;7.2;3.5
58;2021-02-24;39;628;14380;7653;7.2;3.8
58;2021-02-25;252;702;14632;8355;7.3;4.2
58;2021-02-26;246;621;14878;8976;7.5;4.5
58;2021-02-27;104;189;14982;9165;7.5;4.6
58;2021-02-28;11;8;14993;9173;7.5;4.6
58;2021-03-01;145;246;15138;9419;7.6;4.7
58;2021-03-02;416;642;15554;10061;7.8;5.0
58;2021-03-03;523;295;16077;10356;8.1;5.2
58;2021-03-04;725;279;16802;10635;8.4;5.3
58;2021-03-05;866;205;17668;10840;8.9;5.4
58;2021-03-06;577;87;18245;10927;9.1;5.5
58;2021-03-07;63;12;18308;10939;9.2;5.5
58;2021-03-08;156;300;18464;11239;9.3;5.6
58;2021-03-09;545;548;19009;11787;9.5;5.9
58;2021-03-10;841;245;19850;12032;9.9;6.0
58;2021-03-11;858;277;20708;12309;10.4;6.2
58;2021-03-12;862;201;21570;12510;10.8;6.3
58;2021-03-13;506;67;22076;12577;11.1;6.3
58;2021-03-14;34;1;22110;12578;11.1;6.3
58;2021-03-15;531;118;22641;12696;11.3;6.4
58;2021-03-16;725;224;23366;12920;11.7;6.5
58;2021-03-17;755;198;24121;13118;12.1;6.6
58;2021-03-18;584;180;24705;13298;12.4;6.7
58;2021-03-19;540;108;25245;13406;12.6;6.7
58;2021-03-20;322;64;25567;13470;12.8;6.7
58;2021-03-21;17;1;25584;13471;12.8;6.7
58;2021-03-22;796;26;26380;13497;13.2;6.8
58;2021-03-23;1636;44;28016;13541;14.0;6.8
58;2021-03-24;1371;82;29387;13623;14.7;6.8
58;2021-03-25;1840;49;31227;13672;15.6;6.8
58;2021-03-26;1414;57;32641;13729;16.4;6.9
58;2021-03-27;358;8;32999;13737;16.5;6.9
58;2021-03-28;20;0;33019;13737;16.5;6.9
58;2021-03-29;636;154;33655;13891;16.9;7.0
58;2021-03-30;1187;259;34842;14150;17.5;7.1
58;2021-03-31;1116;396;35958;14546;18.0;7.3
58;2021-04-01;1547;407;37505;14953;18.8;7.5
58;2021-04-02;1463;369;38968;15322;19.5;7.7
58;2021-04-03;568;152;39536;15474;19.8;7.8
58;2021-04-04;1;1;39537;15475;19.8;7.8
58;2021-04-05;48;0;39585;15475;19.8;7.8
58;2021-04-06;823;347;40408;15822;20.2;7.9
58;2021-04-07;697;552;41105;16374;20.6;8.2
58;2021-04-08;1493;427;42598;16801;21.3;8.4
58;2021-04-09;1775;487;44373;17288;22.2;8.7
58;2021-04-10;650;202;45023;17490;22.6;8.8
58;2021-04-11;17;3;45040;17493;22.6;8.8
58;2021-04-12;1116;504;46156;17997;23.1;9.0
58;2021-04-13;1435;630;47591;18627;23.8;9.3
58;2021-04-14;1360;700;48951;19327;24.5;9.7
58;2021-04-15;1441;613;50392;19940;25.2;10.0
58;2021-04-16;1734;516;52126;20456;26.1;10.2
58;2021-04-17;721;234;52847;20690;26.5;10.4
58;2021-04-18;20;7;52867;20697;26.5;10.4
58;2021-04-19;530;606;53397;21303;26.8;10.7
58;2021-04-20;487;1120;53884;22423;27.0;11.2
58;2021-04-21;628;970;54512;23393;27.3;11.7
58;2021-04-22;768;1525;55280;24918;27.7;12.5
58;2021-04-23;919;787;56199;25705;28.2;12.9
58;2021-04-24;211;208;56410;25913;28.3;13.0
58;2021-04-25;109;9;56519;25922;28.3;13.0
58;2021-04-26;761;247;57280;26169;28.7;13.1
58;2021-04-27;1499;1120;58779;27289;29.4;13.7
58;2021-04-28;1536;1054;60315;28343;30.2;14.2
58;2021-04-29;1444;1048;61759;29391;30.9;14.7
58;2021-04-30;1258;943;63017;30334;31.6;15.2
58;2021-05-01;6;17;63023;30351;31.6;15.2
58;2021-05-02;4;2;63027;30353;31.6;15.2
58;2021-05-03;1042;407;64069;30760;32.1;15.4
58;2021-05-04;1073;1347;65142;32107;32.6;16.1
58;2021-05-05;955;1095;66097;33202;33.1;16.6
58;2021-05-06;1363;1061;67460;34263;33.8;17.2
58;2021-05-07;1111;1092;68571;35355;34.4;17.7
58;2021-05-08;59;60;68630;35415;34.4;17.7
58;2021-05-09;7;21;68637;35436;34.4;17.8
58;2021-05-10;875;992;69512;36428;34.8;18.3
58;2021-05-11;1184;1985;70696;38413;35.4;19.2
58;2021-05-12;1660;1558;72356;39971;36.3;20.0
58;2021-05-13;49;183;72405;40154;36.3;20.1
58;2021-05-14;2311;909;74716;41063;37.4;20.6
58;2021-05-15;1726;456;76442;41519;38.3;20.8
58;2021-05-16;118;33;76560;41552;38.4;20.8
58;2021-05-17;793;611;77353;42163;38.8;21.1
58;2021-05-18;1333;1182;78686;43345;39.4;21.7
58;2021-05-19;1738;548;80424;43893;40.3;22.0
58;2021-05-20;1701;674;82125;44567;41.1;22.3
58;2021-05-21;854;730;82979;45297;41.6;22.7
58;2021-05-22;304;240;83283;45537;41.7;22.8
58;2021-05-23;2;21;83285;45558;41.7;22.8
58;2021-05-24;21;42;83306;45600;41.7;22.8
58;2021-05-25;1386;1156;84692;46756;42.4;23.4
58;2021-05-26;845;839;85537;47595;42.9;23.8
58;2021-05-27;753;943;86290;48538;43.2;24.3
58;2021-05-28;429;909;86719;49447;43.4;24.8
58;2021-05-29;151;212;86870;49659;43.5;24.9
58;2021-05-30;21;19;86891;49678;43.5;24.9
58;2021-05-31;757;398;87648;50076;43.9;25.1
58;2021-06-01;1372;1656;89020;51732;44.6;25.9
58;2021-06-02;1467;1048;90487;52780;45.3;26.4
58;2021-06-03;1024;958;91511;53738;45.8;26.9
58;2021-06-04;842;909;92353;54647;46.3;27.4
58;2021-06-05;272;263;92625;54910;46.4;27.5
58;2021-06-06;26;50;92651;54960;46.4;27.5
58;2021-06-07;712;793;93363;55753;46.8;27.9
58;2021-06-08;1321;1758;94684;57511;47.4;28.8
58;2021-06-09;1417;1008;96101;58519;48.1;29.3
58;2021-06-10;1106;982;97207;59501;48.7;29.8
58;2021-06-11;1023;907;98230;60408;49.2;30.3
58;2021-06-12;1056;415;99286;60823;49.7;30.5
58;2021-06-13;36;33;99322;60856;49.8;30.5
58;2021-06-14;516;1016;99838;61872;50.0;31.0
58;2021-06-15;1592;1757;101430;63629;50.8;31.9
58;2021-06-16;1806;994;103236;64623;51.7;32.4
58;2021-06-17;2023;1109;105259;65732;52.7;32.9
58;2021-06-18;986;1061;106245;66793;53.2;33.5
58;2021-06-19;581;320;106826;67113;53.5;33.6
58;2021-06-20;9;2;106835;67115;53.5;33.6
58;2021-06-21;472;553;107307;67668;53.8;33.9
58;2021-06-22;1028;1965;108335;69633;54.3;34.9
58;2021-06-23;1477;1511;109812;71144;55.0;35.6
58;2021-06-24;729;1024;110541;72168;55.4;36.2
58;2021-06-25;824;1719;111365;73887;55.8;37.0
58;2021-06-26;554;1228;111919;75115;56.1;37.6
58;2021-06-27;18;26;111937;75141;56.1;37.6
58;2021-06-28;463;987;112400;76128;56.3;38.1
58;2021-06-29;623;2161;113023;78289;56.6;39.2
58;2021-06-30;999;1625;114022;79914;57.1;40.0
58;2021-07-01;760;1674;114782;81588;57.5;40.9
58;2021-07-02;444;851;115226;82439;57.7;41.3
58;2021-07-03;249;512;115475;82951;57.9;41.6
58;2021-07-04;12;30;115487;82981;57.9;41.6
58;2021-07-05;510;768;115997;83749;58.1;42.0
58;2021-07-06;695;2121;116692;85870;58.5;43.0
58;2021-07-07;388;955;117080;86825;58.7;43.5
58;2021-07-08;399;1019;117479;87844;58.9;44.0
58;2021-07-09;709;1422;118188;89266;59.2;44.7
58;2021-07-10;261;412;118449;89678;59.3;44.9
58;2021-07-11;175;53;118624;89731;59.4;45.0
58;2021-07-12;197;968;118821;90699;59.5;45.4
58;2021-07-13;933;2503;119754;93202;60.0;46.7
58;2021-07-14;27;60;119781;93262;60.0;46.7
58;2021-07-15;1135;1936;120916;95198;60.6;47.7
58;2021-07-16;1411;1446;122327;96644;61.3;48.4
58;2021-07-17;463;289;122790;96933;61.5;48.6
58;2021-07-18;102;21;122892;96954;61.6;48.6
58;2021-07-19;1655;987;124547;97941;62.4;49.1
58;2021-07-20;1408;2455;125955;100396;63.1;50.3
58;2021-07-21;1178;2010;127133;102406;63.7;51.3
58;2021-07-22;1143;1670;128276;104076;64.3;52.1
58;2021-07-23;1268;1446;129544;105522;64.9;52.9
58;2021-07-24;1000;1272;130544;106794;65.4;53.5
58;2021-07-25;89;40;130633;106834;65.4;53.5
58;2021-07-26;980;860;131613;107694;65.9;54.0
58;2021-07-27;1566;2569;133179;110263;66.7;55.2
58;2021-07-28;1570;1974;134749;112237;67.5;56.2
58;2021-07-29;1581;1629;136330;113866;68.3;57.0
58;2021-07-30;1466;1427;137796;115293;69.0;57.8
58;2021-07-31;568;525;138364;115818;69.3;58.0
58;2021-08-01;35;13;138399;115831;69.3;58.0
58;2021-08-02;1589;863;139988;116694;70.1;58.5
58;2021-08-03;2051;1781;142039;118475;71.2;59.4
58;2021-08-04;1307;1185;143346;119660;71.8;60.0
58;2021-08-05;1621;1175;144967;120835;72.6;60.5
58;2021-08-06;1360;1032;146327;121867;73.3;61.1
58;2021-08-07;318;401;146645;122268;73.5;61.3
58;2021-08-08;30;58;146675;122326;73.5;61.3
58;2021-08-09;1083;1388;147758;123714;74.0;62.0
58;2021-08-10;1779;1388;149537;125102;74.9;62.7
58;2021-08-11;1134;780;150671;125882;75.5;63.1
58;2021-08-12;1067;1109;151738;126991;76.0;63.6
58;2021-08-13;930;955;152668;127946;76.5;64.1
58;2021-08-14;232;317;152900;128263;76.6;64.3
58;2021-08-15;14;27;152914;128290;76.6;64.3
58;2021-08-16;311;1402;153225;129692;76.8;65.0
58;2021-08-17;805;1337;154030;131029;77.2;65.6
58;2021-08-18;767;1171;154797;132200;77.6;66.2
58;2021-08-19;731;1342;155528;133542;77.9;66.9
58;2021-08-20;708;1298;156236;134840;78.3;67.6
58;2021-08-21;254;476;156490;135316;78.4;67.8
58;2021-08-22;9;86;156499;135402;78.4;67.8
58;2021-08-23;418;816;156917;136218;78.6;68.2
58;2021-08-24;513;1481;157430;137699;78.9;69.0
58;2021-08-25;436;1542;157866;139241;79.1;69.8
58;2021-08-26;553;1731;158419;140972;79.4;70.6
58;2021-08-27;494;1565;158913;142537;79.6;71.4
58;2021-08-28;244;640;159157;143177;79.7;71.7
58;2021-08-29;9;42;159166;143219;79.7;71.8
58;2021-08-30;356;783;159522;144002;79.9;72.1
58;2021-08-31;493;1530;160015;145532;80.2;72.9
58;2021-09-01;429;1495;160444;147027;80.4;73.7
58;2021-09-02;291;1238;160735;148265;80.5;74.3
58;2021-09-03;364;1323;161099;149588;80.7;74.9
58;2021-09-04;206;637;161305;150225;80.8;75.3
58;2021-09-05;3;27;161308;150252;80.8;75.3
58;2021-09-06;117;395;161425;150647;80.9;75.5
58;2021-09-07;320;809;161745;151456;81.0;75.9
58;2021-09-08;240;1036;161985;152492;81.2;76.4
58;2021-09-09;248;472;162233;152964;81.3;76.6
58;2021-09-10;260;679;162493;153643;81.4;77.0
58;2021-09-11;128;440;162621;154083;81.5;77.2
58;2021-09-12;5;6;162626;154089;81.5;77.2
58;2021-09-13;207;439;162833;154528;81.6;77.4
58;2021-09-14;290;664;163123;155192;81.7;77.8
58;2021-09-15;189;573;163312;155765;81.8;78.0
58;2021-09-16;205;451;163517;156216;81.9;78.3
58;2021-09-17;197;376;163714;156592;82.0;78.5
58;2021-09-18;118;362;163832;156954;82.1;78.6
58;2021-09-19;5;4;163837;156958;82.1;78.6
58;2021-09-20;174;230;164011;157188;82.2;78.8
58;2021-09-21;139;421;164150;157609;82.2;79.0
58;2021-09-22;161;535;164311;158144;82.3;79.2
58;2021-09-23;135;288;164446;158432;82.4;79.4
58;2021-09-24;113;391;164559;158823;82.4;79.6
58;2021-09-25;93;374;164652;159197;82.5;79.8
58;2021-09-26;6;13;164658;159210;82.5;79.8
58;2021-09-27;91;232;164749;159442;82.5;79.9
58;2021-09-28;126;330;164875;159772;82.6;80.0
58;2021-09-29;99;346;164974;160118;82.7;80.2
58;2021-09-30;67;217;165041;160335;82.7;80.3
58;2021-10-01;89;220;165130;160555;82.7;80.4
58;2021-10-02;85;220;165215;160775;82.8;80.6
58;2021-10-03;0;6;165215;160781;82.8;80.6
58;2021-10-04;61;204;165276;160985;82.8;80.7
58;2021-10-05;136;326;165412;161311;82.9;80.8
58;2021-10-06;65;310;165477;161621;82.9;81.0
58;2021-10-07;90;161;165567;161782;83.0;81.1
58;2021-10-08;104;225;165671;162007;83.0;81.2
58;2021-10-09;59;139;165730;162146;83.0;81.2
58;2021-10-10;3;8;165733;162154;83.0;81.2
58;2021-10-11;57;160;165790;162314;83.1;81.3
58;2021-10-12;108;212;165898;162526;83.1;81.4
58;2021-10-13;141;256;166039;162782;83.2;81.6
59;2020-12-27;1;0;1;0;0.0;0.0
59;2020-12-28;27;0;28;0;0.0;0.0
59;2020-12-29;0;0;28;0;0.0;0.0
59;2020-12-30;0;0;28;0;0.0;0.0
59;2020-12-31;2;0;30;0;0.0;0.0
59;2021-01-01;3;0;33;0;0.0;0.0
59;2021-01-02;4;2;37;2;0.0;0.0
59;2021-01-03;4;0;41;2;0.0;0.0
59;2021-01-04;79;0;120;2;0.0;0.0
59;2021-01-05;217;0;337;2;0.0;0.0
59;2021-01-06;428;2;765;4;0.0;0.0
59;2021-01-07;1314;1;2079;5;0.1;0.0
59;2021-01-08;1262;10;3341;15;0.1;0.0
59;2021-01-09;608;3;3949;18;0.2;0.0
59;2021-01-10;431;1;4380;19;0.2;0.0
59;2021-01-11;1845;7;6225;26;0.2;0.0
59;2021-01-12;2489;2;8714;28;0.3;0.0
59;2021-01-13;2370;3;11084;31;0.4;0.0
59;2021-01-14;2757;28;13841;59;0.5;0.0
59;2021-01-15;2275;17;16116;76;0.6;0.0
59;2021-01-16;771;3;16887;79;0.7;0.0
59;2021-01-17;560;4;17447;83;0.7;0.0
59;2021-01-18;3511;15;20958;98;0.8;0.0
59;2021-01-19;4760;12;25718;110;1.0;0.0
59;2021-01-20;4135;13;29853;123;1.2;0.0
59;2021-01-21;4731;42;34584;165;1.3;0.0
59;2021-01-22;4026;13;38610;178;1.5;0.0
59;2021-01-23;1217;3;39827;181;1.5;0.0
59;2021-01-24;170;0;39997;181;1.5;0.0
59;2021-01-25;2730;60;42727;241;1.7;0.0
59;2021-01-26;2825;140;45552;381;1.8;0.0
59;2021-01-27;1736;307;47288;688;1.8;0.0
59;2021-01-28;3399;763;50687;1451;2.0;0.1
59;2021-01-29;2544;798;53231;2249;2.1;0.1
59;2021-01-30;288;174;53519;2423;2.1;0.1
59;2021-01-31;24;0;53543;2423;2.1;0.1
59;2021-02-01;79;863;53622;3286;2.1;0.1
59;2021-02-02;691;1464;54313;4750;2.1;0.2
59;2021-02-03;3755;1460;58068;6210;2.2;0.2
59;2021-02-04;2968;1736;61036;7946;2.4;0.3
59;2021-02-05;1071;1408;62107;9354;2.4;0.4
59;2021-02-06;208;354;62315;9708;2.4;0.4
59;2021-02-07;268;49;62583;9757;2.4;0.4
59;2021-02-08;684;1609;63267;11366;2.4;0.4
59;2021-02-09;1016;1840;64283;13206;2.5;0.5
59;2021-02-10;975;1626;65258;14832;2.5;0.6
59;2021-02-11;1349;1809;66607;16641;2.6;0.6
59;2021-02-12;1416;1645;68023;18286;2.6;0.7
59;2021-02-13;208;740;68231;19026;2.6;0.7
59;2021-02-14;14;42;68245;19068;2.6;0.7
59;2021-02-15;1397;3097;69642;22165;2.7;0.9
59;2021-02-16;1438;3757;71080;25922;2.7;1.0
59;2021-02-17;1624;3813;72704;29735;2.8;1.1
59;2021-02-18;3107;5183;75811;34918;2.9;1.3
59;2021-02-19;3208;3620;79019;38538;3.1;1.5
59;2021-02-20;1413;1584;80432;40122;3.1;1.5
59;2021-02-21;241;263;80673;40385;3.1;1.6
59;2021-02-22;1431;2565;82104;42950;3.2;1.7
59;2021-02-23;2658;2869;84762;45819;3.3;1.8
59;2021-02-24;4107;4072;88869;49891;3.4;1.9
59;2021-02-25;6921;3732;95790;53623;3.7;2.1
59;2021-02-26;6499;1896;102289;55519;4.0;2.1
59;2021-02-27;3095;194;105384;55713;4.1;2.2
59;2021-02-28;208;60;105592;55773;4.1;2.2
59;2021-03-01;3692;672;109284;56445;4.2;2.2
59;2021-03-02;4795;577;114079;57022;4.4;2.2
59;2021-03-03;5749;1020;119828;58042;4.6;2.2
59;2021-03-04;7086;966;126914;59008;4.9;2.3
59;2021-03-05;7841;1015;134755;60023;5.2;2.3
59;2021-03-06;11562;565;146317;60588;5.7;2.3
59;2021-03-07;7587;361;153904;60949;5.9;2.4
59;2021-03-08;4498;1122;158402;62071;6.1;2.4
59;2021-03-09;6578;1455;164980;63526;6.4;2.5
59;2021-03-10;7027;1218;172007;64744;6.6;2.5
59;2021-03-11;9474;1910;181481;66654;7.0;2.6
59;2021-03-12;12159;1586;193640;68240;7.5;2.6
59;2021-03-13;16558;1132;210198;69372;8.1;2.7
59;2021-03-14;6964;343;217162;69715;8.4;2.7
59;2021-03-15;5613;1513;222775;71228;8.6;2.8
59;2021-03-16;3740;1335;226515;72563;8.7;2.8
59;2021-03-17;3856;2106;230371;74669;8.9;2.9
59;2021-03-18;3958;2517;234329;77186;9.1;3.0
59;2021-03-19;7744;1843;242073;79029;9.4;3.1
59;2021-03-20;16022;1300;258095;80329;10.0;3.1
59;2021-03-21;6319;458;264414;80787;10.2;3.1
59;2021-03-22;5449;1784;269863;82571;10.4;3.2
59;2021-03-23;7774;2838;277637;85409;10.7;3.3
59;2021-03-24;6860;2994;284497;88403;11.0;3.4
59;2021-03-25;10535;2589;295032;90992;11.4;3.5
59;2021-03-26;12253;2864;307285;93856;11.9;3.6
59;2021-03-27;15275;1170;322560;95026;12.5;3.7
59;2021-03-28;7985;367;330545;95393;12.8;3.7
59;2021-03-29;5494;3214;336039;98607;13.0;3.8
59;2021-03-30;7540;3765;343579;102372;13.3;4.0
59;2021-03-31;6156;4122;349735;106494;13.5;4.1
59;2021-04-01;7494;4932;357229;111426;13.8;4.3
59;2021-04-02;7645;5532;364874;116958;14.1;4.5
59;2021-04-03;13018;4316;377892;121274;14.6;4.7
59;2021-04-04;5348;2192;383240;123466;14.8;4.8
59;2021-04-05;6021;1543;389261;125009;15.0;4.8
59;2021-04-06;5404;4506;394665;129515;15.2;5.0
59;2021-04-07;7624;5458;402289;134973;15.5;5.2
59;2021-04-08;10393;5785;412682;140758;15.9;5.4
59;2021-04-09;13422;5957;426104;146715;16.5;5.7
59;2021-04-10;11478;6158;437582;152873;16.9;5.9
59;2021-04-11;4636;3570;442218;156443;17.1;6.0
59;2021-04-12;6304;4354;448522;160797;17.3;6.2
59;2021-04-13;8934;4810;457456;165607;17.7;6.4
59;2021-04-14;8789;4357;466245;169964;18.0;6.6
59;2021-04-15;10306;4862;476551;174826;18.4;6.8
59;2021-04-16;10880;5508;487431;180334;18.8;7.0
59;2021-04-17;7296;9086;494727;189420;19.1;7.3
59;2021-04-18;3234;4175;497961;193595;19.2;7.5
59;2021-04-19;5044;4303;503005;197898;19.4;7.6
59;2021-04-20;6898;4226;509903;202124;19.7;7.8
59;2021-04-21;6271;4438;516174;206562;19.9;8.0
59;2021-04-22;8612;5526;524786;212088;20.3;8.2
59;2021-04-23;8457;5709;533243;217797;20.6;8.4
59;2021-04-24;5537;8066;538780;225863;20.8;8.7
59;2021-04-25;3242;6081;542022;231944;20.9;9.0
59;2021-04-26;6493;3801;548515;235745;21.2;9.1
59;2021-04-27;8367;5209;556882;240954;21.5;9.3
59;2021-04-28;8766;6585;565648;247539;21.8;9.6
59;2021-04-29;9418;8588;575066;256127;22.2;9.9
59;2021-04-30;10608;8563;585674;264690;22.6;10.2
59;2021-05-01;11998;7611;597672;272301;23.1;10.5
59;2021-05-02;8642;6001;606314;278302;23.4;10.7
59;2021-05-03;9554;5073;615868;283375;23.8;10.9
59;2021-05-04;11427;6019;627295;289394;24.2;11.2
59;2021-05-05;10294;6229;637589;295623;24.6;11.4
59;2021-05-06;11198;8467;648787;304090;25.1;11.7
59;2021-05-07;13297;9636;662084;313726;25.6;12.1
59;2021-05-08;14742;4181;676826;317907;26.1;12.3
59;2021-05-09;11492;3336;688318;321243;26.6;12.4
59;2021-05-10;12746;6660;701064;327903;27.1;12.7
59;2021-05-11;15112;8336;716176;336239;27.7;13.0
59;2021-05-12;16626;8653;732802;344892;28.3;13.3
59;2021-05-13;18441;3462;751243;348354;29.0;13.5
59;2021-05-14;15783;6971;767026;355325;29.6;13.7
59;2021-05-15;23444;5295;790470;360620;30.5;13.9
59;2021-05-16;21176;2417;811646;363037;31.3;14.0
59;2021-05-17;15066;5273;826712;368310;31.9;14.2
59;2021-05-18;16925;5678;843637;373988;32.6;14.4
59;2021-05-19;18319;5114;861956;379102;33.3;14.6
59;2021-05-20;17934;6997;879890;386099;34.0;14.9
59;2021-05-21;18370;8286;898260;394385;34.7;15.2
59;2021-05-22;23812;5687;922072;400072;35.6;15.5
59;2021-05-23;17922;2276;939994;402348;36.3;15.5
59;2021-05-24;16691;2145;956685;404493;37.0;15.6
59;2021-05-25;14990;6674;971675;411167;37.5;15.9
59;2021-05-26;15893;7046;987568;418213;38.1;16.2
59;2021-05-27;16151;9177;1003719;427390;38.8;16.5
59;2021-05-28;15885;11475;1019604;438865;39.4;17.0
59;2021-05-29;14370;8713;1033974;447578;39.9;17.3
59;2021-05-30;8406;1840;1042380;449418;40.3;17.4
59;2021-05-31;14203;7978;1056583;457396;40.8;17.7
59;2021-06-01;15085;10422;1071668;467818;41.4;18.1
59;2021-06-02;14769;9933;1086437;477751;42.0;18.5
59;2021-06-03;15630;12139;1102067;489890;42.6;18.9
59;2021-06-04;15608;13478;1117675;503368;43.2;19.4
59;2021-06-05;14979;9347;1132654;512715;43.7;19.8
59;2021-06-06;8827;3206;1141481;515921;44.1;19.9
59;2021-06-07;10527;9435;1152008;525356;44.5;20.3
59;2021-06-08;11760;11090;1163768;536446;45.0;20.7
59;2021-06-09;10759;11913;1174527;548359;45.4;21.2
59;2021-06-10;11503;12330;1186030;560689;45.8;21.7
59;2021-06-11;10973;15995;1197003;576684;46.2;22.3
59;2021-06-12;11069;13685;1208072;590369;46.7;22.8
59;2021-06-13;6344;7029;1214416;597398;46.9;23.1
59;2021-06-14;6506;12692;1220922;610090;47.2;23.6
59;2021-06-15;8230;15955;1229152;626045;47.5;24.2
59;2021-06-16;9205;13553;1238357;639598;47.8;24.7
59;2021-06-17;9187;15659;1247544;655257;48.2;25.3
59;2021-06-18;9081;20067;1256625;675324;48.5;26.1
59;2021-06-19;8953;17491;1265578;692815;48.9;26.8
59;2021-06-20;4900;10189;1270478;703004;49.1;27.2
59;2021-06-21;5279;15975;1275757;718979;49.3;27.8
59;2021-06-22;6336;18688;1282093;737667;49.5;28.5
59;2021-06-23;6168;19084;1288261;756751;49.8;29.2
59;2021-06-24;7339;20540;1295600;777291;50.0;30.0
59;2021-06-25;6508;21196;1302108;798487;50.3;30.8
59;2021-06-26;6489;23751;1308597;822238;50.5;31.8
59;2021-06-27;4752;17079;1313349;839317;50.7;32.4
59;2021-06-28;5004;19823;1318353;859140;50.9;33.2
59;2021-06-29;5549;20384;1323902;879524;51.1;34.0
59;2021-06-30;6133;20098;1330035;899622;51.4;34.7
59;2021-07-01;6772;20842;1336807;920464;51.6;35.6
59;2021-07-02;6836;23241;1343643;943705;51.9;36.5
59;2021-07-03;5562;24607;1349205;968312;52.1;37.4
59;2021-07-04;4416;15976;1353621;984288;52.3;38.0
59;2021-07-05;5672;17486;1359293;1001774;52.5;38.7
59;2021-07-06;6610;18800;1365903;1020574;52.8;39.4
59;2021-07-07;6940;17452;1372843;1038026;53.0;40.1
59;2021-07-08;8026;17697;1380869;1055723;53.3;40.8
59;2021-07-09;7705;20304;1388574;1076027;53.6;41.6
59;2021-07-10;7450;18539;1396024;1094566;53.9;42.3
59;2021-07-11;4448;10233;1400472;1104799;54.1;42.7
59;2021-07-12;5919;18048;1406391;1122847;54.3;43.4
59;2021-07-13;9910;20758;1416301;1143605;54.7;44.2
59;2021-07-14;9782;8456;1426083;1152061;55.1;44.5
59;2021-07-15;11638;20410;1437721;1172471;55.5;45.3
59;2021-07-16;13216;20514;1450937;1192985;56.0;46.1
59;2021-07-17;12400;17476;1463337;1210461;56.5;46.8
59;2021-07-18;7962;8684;1471299;1219145;56.8;47.1
59;2021-07-19;10404;16455;1481703;1235600;57.2;47.7
59;2021-07-20;13409;17127;1495112;1252727;57.7;48.4
59;2021-07-21;14528;15606;1509640;1268333;58.3;49.0
59;2021-07-22;17064;15226;1526704;1283559;59.0;49.6
59;2021-07-23;15728;15844;1542432;1299403;59.6;50.2
59;2021-07-24;16356;12314;1558788;1311717;60.2;50.7
59;2021-07-25;11916;7341;1570704;1319058;60.7;50.9
59;2021-07-26;13041;12625;1583745;1331683;61.2;51.4
59;2021-07-27;16229;11972;1599974;1343655;61.8;51.9
59;2021-07-28;17457;11680;1617431;1355335;62.5;52.3
59;2021-07-29;17422;11683;1634853;1367018;63.1;52.8
59;2021-07-30;15923;11621;1650776;1378639;63.8;53.3
59;2021-07-31;14022;9210;1664798;1387849;64.3;53.6
59;2021-08-01;9959;4575;1674757;1392424;64.7;53.8
59;2021-08-02;12215;10035;1686972;1402459;65.2;54.2
59;2021-08-03;13454;10061;1700426;1412520;65.7;54.6
59;2021-08-04;11240;8292;1711666;1420812;66.1;54.9
59;2021-08-05;12723;9795;1724389;1430607;66.6;55.3
59;2021-08-06;12561;11047;1736950;1441654;67.1;55.7
59;2021-08-07;9739;9300;1746689;1450954;67.5;56.0
59;2021-08-08;6960;5269;1753649;1456223;67.7;56.2
59;2021-08-09;8411;10831;1762060;1467054;68.1;56.7
59;2021-08-10;10405;10757;1772465;1477811;68.5;57.1
59;2021-08-11;8676;9323;1781141;1487134;68.8;57.4
59;2021-08-12;9004;12077;1790145;1499211;69.1;57.9
59;2021-08-13;8638;11753;1798783;1510964;69.5;58.4
59;2021-08-14;5953;10394;1804736;1521358;69.7;58.8
59;2021-08-15;3377;4666;1808113;1526024;69.8;58.9
59;2021-08-16;5878;13867;1813991;1539891;70.1;59.5
59;2021-08-17;6992;12765;1820983;1552656;70.3;60.0
59;2021-08-18;5956;11470;1826939;1564126;70.6;60.4
59;2021-08-19;6355;13875;1833294;1578001;70.8;61.0
59;2021-08-20;5837;14588;1839131;1592589;71.0;61.5
59;2021-08-21;4188;10295;1843319;1602884;71.2;61.9
59;2021-08-22;2852;7651;1846171;1610535;71.3;62.2
59;2021-08-23;4785;15733;1850956;1626268;71.5;62.8
59;2021-08-24;5302;15194;1856258;1641462;71.7;63.4
59;2021-08-25;4666;13086;1860924;1654548;71.9;63.9
59;2021-08-26;5211;14349;1866135;1668897;72.1;64.5
59;2021-08-27;5009;15432;1871144;1684329;72.3;65.1
59;2021-08-28;3808;12372;1874952;1696701;72.4;65.5
59;2021-08-29;1946;8436;1876898;1705137;72.5;65.9
59;2021-08-30;3896;12670;1880794;1717807;72.6;66.4
59;2021-08-31;3831;12397;1884625;1730204;72.8;66.8
59;2021-09-01;3315;9770;1887940;1739974;72.9;67.2
59;2021-09-02;3215;9908;1891155;1749882;73.0;67.6
59;2021-09-03;3830;10907;1894985;1760789;73.2;68.0
59;2021-09-04;3398;9395;1898383;1770184;73.3;68.4
59;2021-09-05;1242;3454;1899625;1773638;73.4;68.5
59;2021-09-06;2160;6203;1901785;1779841;73.5;68.7
59;2021-09-07;2262;6031;1904047;1785872;73.5;69.0
59;2021-09-08;2594;6547;1906641;1792419;73.6;69.2
59;2021-09-09;2445;5734;1909086;1798153;73.7;69.5
59;2021-09-10;3325;6792;1912411;1804945;73.9;69.7
59;2021-09-11;2600;7022;1915011;1811967;74.0;70.0
59;2021-09-12;914;2785;1915925;1814752;74.0;70.1
59;2021-09-13;1955;4262;1917880;1819014;74.1;70.3
59;2021-09-14;2343;4273;1920223;1823287;74.2;70.4
59;2021-09-15;2279;5365;1922502;1828652;74.3;70.6
59;2021-09-16;2183;4260;1924685;1832912;74.3;70.8
59;2021-09-17;2929;5457;1927614;1838369;74.5;71.0
59;2021-09-18;1788;5919;1929402;1844288;74.5;71.2
59;2021-09-19;384;1302;1929786;1845590;74.5;71.3
59;2021-09-20;1360;3301;1931146;1848891;74.6;71.4
59;2021-09-21;1338;2939;1932484;1851830;74.6;71.5
59;2021-09-22;1417;4741;1933901;1856571;74.7;71.7
59;2021-09-23;1518;2823;1935419;1859394;74.8;71.8
59;2021-09-24;1902;4241;1937321;1863635;74.8;72.0
59;2021-09-25;1156;4021;1938477;1867656;74.9;72.1
59;2021-09-26;314;1209;1938791;1868865;74.9;72.2
59;2021-09-27;1089;2535;1939880;1871400;74.9;72.3
59;2021-09-28;1076;2196;1940956;1873596;75.0;72.4
59;2021-09-29;1289;2959;1942245;1876555;75.0;72.5
59;2021-09-30;1240;2262;1943485;1878817;75.1;72.6
59;2021-10-01;1678;3391;1945163;1882208;75.1;72.7
59;2021-10-02;1465;3258;1946628;1885466;75.2;72.8
59;2021-10-03;263;632;1946891;1886098;75.2;72.9
59;2021-10-04;1079;1983;1947970;1888081;75.2;72.9
59;2021-10-05;1150;2168;1949120;1890249;75.3;73.0
59;2021-10-06;1259;2498;1950379;1892747;75.3;73.1
59;2021-10-07;970;1777;1951349;1894524;75.4;73.2
59;2021-10-08;1679;3301;1953028;1897825;75.4;73.3
59;2021-10-09;1312;2303;1954340;1900128;75.5;73.4
59;2021-10-10;284;450;1954624;1900578;75.5;73.4
59;2021-10-11;1038;1621;1955662;1902199;75.5;73.5
59;2021-10-12;1082;1677;1956744;1903876;75.6;73.5
59;2021-10-13;1199;1879;1957943;1905755;75.6;73.6
60;2020-12-27;0;0;0;0;0.0;0.0
60;2020-12-28;0;0;0;0;0.0;0.0
60;2020-12-29;1;0;1;0;0.0;0.0
60;2020-12-30;1;0;2;0;0.0;0.0
60;2020-12-31;0;0;2;0;0.0;0.0
60;2021-01-01;0;0;2;0;0.0;0.0
60;2021-01-02;5;0;7;0;0.0;0.0
60;2021-01-03;1;0;8;0;0.0;0.0
60;2021-01-04;1;0;9;0;0.0;0.0
60;2021-01-05;37;0;46;0;0.0;0.0
60;2021-01-06;188;4;234;4;0.0;0.0
60;2021-01-07;235;4;469;8;0.1;0.0
60;2021-01-08;380;4;849;12;0.1;0.0
60;2021-01-09;3;0;852;12;0.1;0.0
60;2021-01-10;60;0;912;12;0.1;0.0
60;2021-01-11;345;5;1257;17;0.2;0.0
60;2021-01-12;537;5;1794;22;0.2;0.0
60;2021-01-13;475;5;2269;27;0.3;0.0
60;2021-01-14;509;7;2778;34;0.3;0.0
60;2021-01-15;704;10;3482;44;0.4;0.0
60;2021-01-16;124;1;3606;45;0.4;0.0
60;2021-01-17;32;0;3638;45;0.4;0.0
60;2021-01-18;861;9;4499;54;0.5;0.0
60;2021-01-19;1207;14;5706;68;0.7;0.0
60;2021-01-20;1721;15;7427;83;0.9;0.0
60;2021-01-21;2267;14;9694;97;1.2;0.0
60;2021-01-22;1548;23;11242;120;1.4;0.0
60;2021-01-23;499;4;11741;124;1.4;0.0
60;2021-01-24;61;1;11802;125;1.4;0.0
60;2021-01-25;898;15;12700;140;1.5;0.0
60;2021-01-26;951;17;13651;157;1.7;0.0
60;2021-01-27;646;8;14297;165;1.7;0.0
60;2021-01-28;396;168;14693;333;1.8;0.0
60;2021-01-29;77;106;14770;439;1.8;0.1
60;2021-01-30;0;1;14770;440;1.8;0.1
60;2021-01-31;22;61;14792;501;1.8;0.1
60;2021-02-01;41;105;14833;606;1.8;0.1
60;2021-02-02;26;159;14859;765;1.8;0.1
60;2021-02-03;165;238;15024;1003;1.8;0.1
60;2021-02-04;170;339;15194;1342;1.8;0.2
60;2021-02-05;314;471;15508;1813;1.9;0.2
60;2021-02-06;65;79;15573;1892;1.9;0.2
60;2021-02-07;31;32;15604;1924;1.9;0.2
60;2021-02-08;330;516;15934;2440;1.9;0.3
60;2021-02-09;321;468;16255;2908;2.0;0.4
60;2021-02-10;557;994;16812;3902;2.0;0.5
60;2021-02-11;942;1132;17754;5034;2.2;0.6
60;2021-02-12;921;860;18675;5894;2.3;0.7
60;2021-02-13;91;309;18766;6203;2.3;0.8
60;2021-02-14;25;87;18791;6290;2.3;0.8
60;2021-02-15;614;805;19405;7095;2.4;0.9
60;2021-02-16;580;921;19985;8016;2.4;1.0
60;2021-02-17;632;934;20617;8950;2.5;1.1
60;2021-02-18;684;826;21301;9776;2.6;1.2
60;2021-02-19;641;763;21942;10539;2.7;1.3
60;2021-02-20;104;187;22046;10726;2.7;1.3
60;2021-02-21;23;121;22069;10847;2.7;1.3
60;2021-02-22;461;871;22530;11718;2.7;1.4
60;2021-02-23;535;784;23065;12502;2.8;1.5
60;2021-02-24;794;556;23859;13058;2.9;1.6
60;2021-02-25;1095;313;24954;13371;3.0;1.6
60;2021-02-26;1299;199;26253;13570;3.2;1.6
60;2021-02-27;669;35;26922;13605;3.3;1.6
60;2021-02-28;7;10;26929;13615;3.3;1.7
60;2021-03-01;895;50;27824;13665;3.4;1.7
60;2021-03-02;1012;169;28836;13834;3.5;1.7
60;2021-03-03;1323;460;30159;14294;3.7;1.7
60;2021-03-04;1726;528;31885;14822;3.9;1.8
60;2021-03-05;1823;304;33708;15126;4.1;1.8
60;2021-03-06;1920;151;35628;15277;4.3;1.9
60;2021-03-07;885;40;36513;15317;4.4;1.9
60;2021-03-08;980;319;37493;15636;4.5;1.9
60;2021-03-09;1643;364;39136;16000;4.7;1.9
60;2021-03-10;1938;436;41074;16436;5.0;2.0
60;2021-03-11;2325;390;43399;16826;5.3;2.0
60;2021-03-12;2596;555;45995;17381;5.6;2.1
60;2021-03-13;3839;218;49834;17599;6.0;2.1
60;2021-03-14;1782;65;51616;17664;6.3;2.1
60;2021-03-15;2091;507;53707;18171;6.5;2.2
60;2021-03-16;1584;633;55291;18804;6.7;2.3
60;2021-03-17;1658;626;56949;19430;6.9;2.4
60;2021-03-18;1760;742;58709;20172;7.1;2.4
60;2021-03-19;2591;534;61300;20706;7.4;2.5
60;2021-03-20;3241;202;64541;20908;7.8;2.5
60;2021-03-21;2124;99;66665;21007;8.1;2.5
60;2021-03-22;2132;720;68797;21727;8.3;2.6
60;2021-03-23;3309;732;72106;22459;8.7;2.7
60;2021-03-24;3070;881;75176;23340;9.1;2.8
60;2021-03-25;3848;863;79024;24203;9.6;2.9
60;2021-03-26;4217;883;83241;25086;10.1;3.0
60;2021-03-27;4141;330;87382;25416;10.6;3.1
60;2021-03-28;2450;87;89832;25503;10.9;3.1
60;2021-03-29;2612;1091;92444;26594;11.2;3.2
60;2021-03-30;3286;1081;95730;27675;11.6;3.4
60;2021-03-31;2668;1152;98398;28827;11.9;3.5
60;2021-04-01;2562;1105;100960;29932;12.2;3.6
60;2021-04-02;3310;1115;104270;31047;12.6;3.8
60;2021-04-03;3172;1019;107442;32066;13.0;3.9
60;2021-04-04;874;488;108316;32554;13.1;3.9
60;2021-04-05;458;85;108774;32639;13.2;4.0
60;2021-04-06;1969;1626;110743;34265;13.4;4.2
60;2021-04-07;1984;1757;112727;36022;13.7;4.4
60;2021-04-08;2610;1503;115337;37525;14.0;4.5
60;2021-04-09;2999;1532;118336;39057;14.3;4.7
60;2021-04-10;2927;1594;121263;40651;14.7;4.9
60;2021-04-11;1045;1002;122308;41653;14.8;5.0
60;2021-04-12;2045;1726;124353;43379;15.1;5.3
60;2021-04-13;2750;1790;127103;45169;15.4;5.5
60;2021-04-14;3143;1830;130246;46999;15.8;5.7
60;2021-04-15;3562;1903;133808;48902;16.2;5.9
60;2021-04-16;3288;1962;137096;50864;16.6;6.2
60;2021-04-17;2848;2178;139944;53042;17.0;6.4
60;2021-04-18;573;1834;140517;54876;17.0;6.7
60;2021-04-19;1743;2218;142260;57094;17.2;6.9
60;2021-04-20;2129;2681;144389;59775;17.5;7.2
60;2021-04-21;2653;2212;147042;61987;17.8;7.5
60;2021-04-22;2628;2514;149670;64501;18.1;7.8
60;2021-04-23;2651;2507;152321;67008;18.5;8.1
60;2021-04-24;2470;3461;154791;70469;18.8;8.5
60;2021-04-25;1159;1965;155950;72434;18.9;8.8
60;2021-04-26;1890;2537;157840;74971;19.1;9.1
60;2021-04-27;2311;2852;160151;77823;19.4;9.4
60;2021-04-28;3061;2403;163212;80226;19.8;9.7
60;2021-04-29;3153;2629;166365;82855;20.2;10.0
60;2021-04-30;3459;2969;169824;85824;20.6;10.4
60;2021-05-01;2353;1127;172177;86951;20.9;10.5
60;2021-05-02;2147;847;174324;87798;21.1;10.6
60;2021-05-03;2955;1861;177279;89659;21.5;10.9
60;2021-05-04;3016;2361;180295;92020;21.9;11.2
60;2021-05-05;3260;2812;183555;94832;22.2;11.5
60;2021-05-06;3649;2486;187204;97318;22.7;11.8
60;2021-05-07;3986;2528;191190;99846;23.2;12.1
60;2021-05-08;3582;973;194772;100819;23.6;12.2
60;2021-05-09;3458;959;198230;101778;24.0;12.3
60;2021-05-10;2392;2295;200622;104073;24.3;12.6
60;2021-05-11;3672;2472;204294;106545;24.8;12.9
60;2021-05-12;4717;2558;209011;109103;25.3;13.2
60;2021-05-13;5292;1131;214303;110234;26.0;13.4
60;2021-05-14;5602;1813;219905;112047;26.7;13.6
60;2021-05-15;6172;1721;226077;113768;27.4;13.8
60;2021-05-16;4858;690;230935;114458;28.0;13.9
60;2021-05-17;3715;1673;234650;116131;28.4;14.1
60;2021-05-18;4045;2078;238695;118209;28.9;14.3
60;2021-05-19;5097;1857;243792;120066;29.5;14.6
60;2021-05-20;5460;1814;249252;121880;30.2;14.8
60;2021-05-21;5969;1974;255221;123854;30.9;15.0
60;2021-05-22;5354;1982;260575;125836;31.6;15.3
60;2021-05-23;4263;658;264838;126494;32.1;15.3
60;2021-05-24;2950;534;267788;127028;32.5;15.4
60;2021-05-25;4136;2005;271924;129033;33.0;15.6
60;2021-05-26;4466;1833;276390;130866;33.5;15.9
60;2021-05-27;4611;1998;281001;132864;34.1;16.1
60;2021-05-28;4626;2508;285627;135372;34.6;16.4
60;2021-05-29;4612;2275;290239;137647;35.2;16.7
60;2021-05-30;1086;348;291325;137995;35.3;16.7
60;2021-05-31;3832;2085;295157;140080;35.8;17.0
60;2021-06-01;4445;2854;299602;142934;36.3;17.3
60;2021-06-02;3916;2449;303518;145383;36.8;17.6
60;2021-06-03;3904;2382;307422;147765;37.3;17.9
60;2021-06-04;4652;2910;312074;150675;37.8;18.3
60;2021-06-05;4302;3419;316376;154094;38.3;18.7
60;2021-06-06;2159;795;318535;154889;38.6;18.8
60;2021-06-07;2778;2763;321313;157652;38.9;19.1
60;2021-06-08;3802;3012;325115;160664;39.4;19.5
60;2021-06-09;3249;3402;328364;164066;39.8;19.9
60;2021-06-10;3454;3368;331818;167434;40.2;20.3
60;2021-06-11;3881;4194;335699;171628;40.7;20.8
60;2021-06-12;3780;4282;339479;175910;41.1;21.3
60;2021-06-13;1154;2225;340633;178135;41.3;21.6
60;2021-06-14;1911;3307;342544;181442;41.5;22.0
60;2021-06-15;3015;4165;345559;185607;41.9;22.5
60;2021-06-16;3250;4489;348809;190096;42.3;23.0
60;2021-06-17;2978;4784;351787;194880;42.6;23.6
60;2021-06-18;2982;4606;354769;199486;43.0;24.2
60;2021-06-19;3144;4728;357913;204214;43.4;24.8
60;2021-06-20;1431;1936;359344;206150;43.6;25.0
60;2021-06-21;1408;4042;360752;210192;43.7;25.5
60;2021-06-22;1758;5293;362510;215485;43.9;26.1
60;2021-06-23;1860;5237;364370;220722;44.2;26.8
60;2021-06-24;1803;5601;366173;226323;44.4;27.4
60;2021-06-25;1906;5730;368079;232053;44.6;28.1
60;2021-06-26;1860;6973;369939;239026;44.8;29.0
60;2021-06-27;713;2593;370652;241619;44.9;29.3
60;2021-06-28;1781;4142;372433;245761;45.1;29.8
60;2021-06-29;2010;5467;374443;251228;45.4;30.4
60;2021-06-30;2296;5360;376739;256588;45.7;31.1
60;2021-07-01;1888;4919;378627;261507;45.9;31.7
60;2021-07-02;2370;5878;380997;267385;46.2;32.4
60;2021-07-03;2400;6160;383397;273545;46.5;33.2
60;2021-07-04;792;2724;384189;276269;46.6;33.5
60;2021-07-05;1659;4406;385848;280675;46.8;34.0
60;2021-07-06;2146;4501;387994;285176;47.0;34.6
60;2021-07-07;2174;5119;390168;290295;47.3;35.2
60;2021-07-08;2672;4692;392840;294987;47.6;35.8
60;2021-07-09;2640;5568;395480;300555;47.9;36.4
60;2021-07-10;2579;5875;398059;306430;48.2;37.1
60;2021-07-11;1212;1942;399271;308372;48.4;37.4
60;2021-07-12;1447;4737;400718;313109;48.6;37.9
60;2021-07-13;2912;5019;403630;318128;48.9;38.6
60;2021-07-14;2584;1411;406214;319539;49.2;38.7
60;2021-07-15;3430;4873;409644;324412;49.6;39.3
60;2021-07-16;3698;5242;413342;329654;50.1;40.0
60;2021-07-17;4079;5135;417421;334789;50.6;40.6
60;2021-07-18;2186;2131;419607;336920;50.9;40.8
60;2021-07-19;2542;3892;422149;340812;51.2;41.3
60;2021-07-20;4197;4904;426346;345716;51.7;41.9
60;2021-07-21;4352;4289;430698;350005;52.2;42.4
60;2021-07-22;4627;4337;435325;354342;52.8;42.9
60;2021-07-23;4980;4902;440305;359244;53.4;43.5
60;2021-07-24;4314;4676;444619;363920;53.9;44.1
60;2021-07-25;2604;1831;447223;365751;54.2;44.3
60;2021-07-26;3377;3757;450600;369508;54.6;44.8
60;2021-07-27;4437;4634;455037;374142;55.2;45.3
60;2021-07-28;4554;3771;459591;377913;55.7;45.8
60;2021-07-29;4901;3714;464492;381627;56.3;46.3
60;2021-07-30;5025;4263;469517;385890;56.9;46.8
60;2021-07-31;4063;3969;473580;389859;57.4;47.3
60;2021-08-01;1684;863;475264;390722;57.6;47.4
60;2021-08-02;3198;2755;478462;393477;58.0;47.7
60;2021-08-03;3605;2894;482067;396371;58.4;48.0
60;2021-08-04;3317;2801;485384;399172;58.8;48.4
60;2021-08-05;3032;2261;488416;401433;59.2;48.7
60;2021-08-06;3830;3057;492246;404490;59.7;49.0
60;2021-08-07;3370;3078;495616;407568;60.1;49.4
60;2021-08-08;1535;911;497151;408479;60.3;49.5
60;2021-08-09;2207;2874;499358;411353;60.5;49.9
60;2021-08-10;3276;3313;502634;414666;60.9;50.3
60;2021-08-11;2788;3239;505422;417905;61.3;50.7
60;2021-08-12;2355;2665;507777;420570;61.5;51.0
60;2021-08-13;2751;2999;510528;423569;61.9;51.3
60;2021-08-14;2542;2735;513070;426304;62.2;51.7
60;2021-08-15;1362;553;514432;426857;62.3;51.7
60;2021-08-16;2040;3775;516472;430632;62.6;52.2
60;2021-08-17;2347;3820;518819;434452;62.9;52.7
60;2021-08-18;1943;3284;520762;437736;63.1;53.1
60;2021-08-19;1647;3075;522409;440811;63.3;53.4
60;2021-08-20;1867;3999;524276;444810;63.5;53.9
60;2021-08-21;1613;3492;525889;448302;63.7;54.3
60;2021-08-22;576;1339;526465;449641;63.8;54.5
60;2021-08-23;1104;3223;527569;452864;63.9;54.9
60;2021-08-24;1371;4496;528940;457360;64.1;55.4
60;2021-08-25;1431;3586;530371;460946;64.3;55.9
60;2021-08-26;1432;3459;531803;464405;64.5;56.3
60;2021-08-27;1436;4174;533239;468579;64.6;56.8
60;2021-08-28;1379;4479;534618;473058;64.8;57.3
60;2021-08-29;550;2041;535168;475099;64.9;57.6
60;2021-08-30;1231;2964;536399;478063;65.0;57.9
60;2021-08-31;1644;3799;538043;481862;65.2;58.4
60;2021-09-01;1237;2664;539280;484526;65.4;58.7
60;2021-09-02;1058;2568;540338;487094;65.5;59.0
60;2021-09-03;1024;2975;541362;490069;65.6;59.4
60;2021-09-04;1521;3605;542883;493674;65.8;59.8
60;2021-09-05;367;1332;543250;495006;65.8;60.0
60;2021-09-06;798;2382;544048;497388;65.9;60.3
60;2021-09-07;839;2776;544887;500164;66.0;60.6
60;2021-09-08;887;2709;545774;502873;66.1;60.9
60;2021-09-09;685;2158;546459;505031;66.2;61.2
60;2021-09-10;1052;2770;547511;507801;66.4;61.5
60;2021-09-11;1062;3332;548573;511133;66.5;61.9
60;2021-09-12;308;1108;548881;512241;66.5;62.1
60;2021-09-13;611;1720;549492;513961;66.6;62.3
60;2021-09-14;760;1496;550252;515457;66.7;62.5
60;2021-09-15;570;1243;550822;516700;66.8;62.6
60;2021-09-16;918;1327;551740;518027;66.9;62.8
60;2021-09-17;717;1465;552457;519492;67.0;63.0
60;2021-09-18;819;2609;553276;522101;67.1;63.3
60;2021-09-19;191;497;553467;522598;67.1;63.3
60;2021-09-20;458;1099;553925;523697;67.1;63.5
60;2021-09-21;499;983;554424;524680;67.2;63.6
60;2021-09-22;442;1306;554866;525986;67.3;63.7
60;2021-09-23;627;900;555493;526886;67.3;63.9
60;2021-09-24;489;1195;555982;528081;67.4;64.0
60;2021-09-25;493;1876;556475;529957;67.4;64.2
60;2021-09-26;78;294;556553;530251;67.5;64.3
60;2021-09-27;335;765;556888;531016;67.5;64.4
60;2021-09-28;320;883;557208;531899;67.5;64.5
60;2021-09-29;407;1048;557615;532947;67.6;64.6
60;2021-09-30;367;736;557982;533683;67.6;64.7
60;2021-10-01;412;1036;558394;534719;67.7;64.8
60;2021-10-02;588;1466;558982;536185;67.7;65.0
60;2021-10-03;80;305;559062;536490;67.8;65.0
60;2021-10-04;358;680;559420;537170;67.8;65.1
60;2021-10-05;264;533;559684;537703;67.8;65.2
60;2021-10-06;363;762;560047;538465;67.9;65.3
60;2021-10-07;184;556;560231;539021;67.9;65.3
60;2021-10-08;431;789;560662;539810;68.0;65.4
60;2021-10-09;613;1273;561275;541083;68.0;65.6
60;2021-10-10;49;188;561324;541271;68.0;65.6
60;2021-10-11;289;516;561613;541787;68.1;65.7
60;2021-10-12;219;471;561832;542258;68.1;65.7
60;2021-10-13;360;610;562192;542868;68.1;65.8
61;2020-12-27;0;0;0;0;0.0;0.0
61;2020-12-28;0;0;0;0;0.0;0.0
61;2020-12-29;0;0;0;0;0.0;0.0
61;2020-12-30;0;0;0;0;0.0;0.0
61;2020-12-31;0;0;0;0;0.0;0.0
61;2021-01-01;2;0;2;0;0.0;0.0
61;2021-01-02;1;0;3;0;0.0;0.0
61;2021-01-03;0;0;3;0;0.0;0.0
61;2021-01-04;1;0;4;0;0.0;0.0
61;2021-01-05;3;0;7;0;0.0;0.0
61;2021-01-06;77;0;84;0;0.0;0.0
61;2021-01-07;175;2;259;2;0.1;0.0
61;2021-01-08;405;1;664;3;0.2;0.0
61;2021-01-09;165;1;829;4;0.3;0.0
61;2021-01-10;49;0;878;4;0.3;0.0
61;2021-01-11;396;1;1274;5;0.5;0.0
61;2021-01-12;681;3;1955;8;0.7;0.0
61;2021-01-13;740;2;2695;10;1.0;0.0
61;2021-01-14;530;9;3225;19;1.2;0.0
61;2021-01-15;537;4;3762;23;1.4;0.0
61;2021-01-16;289;1;4051;24;1.5;0.0
61;2021-01-17;891;12;4942;36;1.8;0.0
61;2021-01-18;1914;3;6856;39;2.5;0.0
61;2021-01-19;1327;5;8183;44;3.0;0.0
61;2021-01-20;685;0;8868;44;3.2;0.0
61;2021-01-21;848;1;9716;45;3.5;0.0
61;2021-01-22;764;1;10480;46;3.8;0.0
61;2021-01-23;257;2;10737;48;3.9;0.0
61;2021-01-24;229;2;10966;50;4.0;0.0
61;2021-01-25;578;1;11544;51;4.2;0.0
61;2021-01-26;568;2;12112;53;4.4;0.0
61;2021-01-27;572;14;12684;67;4.6;0.0
61;2021-01-28;466;53;13150;120;4.7;0.0
61;2021-01-29;479;204;13629;324;4.9;0.1
61;2021-01-30;212;3;13841;327;5.0;0.1
61;2021-01-31;109;3;13950;330;5.0;0.1
61;2021-02-01;430;190;14380;520;5.2;0.2
61;2021-02-02;389;424;14769;944;5.3;0.3
61;2021-02-03;412;491;15181;1435;5.5;0.5
61;2021-02-04;390;338;15571;1773;5.6;0.6
61;2021-02-05;536;361;16107;2134;5.8;0.8
61;2021-02-06;206;93;16313;2227;5.9;0.8
61;2021-02-07;45;199;16358;2426;5.9;0.9
61;2021-02-08;541;1405;16899;3831;6.1;1.4
61;2021-02-09;404;810;17303;4641;6.2;1.7
61;2021-02-10;280;560;17583;5201;6.3;1.9
61;2021-02-11;432;558;18015;5759;6.5;2.1
61;2021-02-12;401;736;18416;6495;6.7;2.3
61;2021-02-13;133;431;18549;6926;6.7;2.5
61;2021-02-14;3;315;18552;7241;6.7;2.6
61;2021-02-15;169;841;18721;8082;6.8;2.9
61;2021-02-16;203;679;18924;8761;6.8;3.2
61;2021-02-17;44;638;18968;9399;6.9;3.4
61;2021-02-18;161;524;19129;9923;6.9;3.6
61;2021-02-19;101;391;19230;10314;6.9;3.7
61;2021-02-20;40;236;19270;10550;7.0;3.8
61;2021-02-21;2;155;19272;10705;7.0;3.9
61;2021-02-22;88;566;19360;11271;7.0;4.1
61;2021-02-23;102;494;19462;11765;7.0;4.2
61;2021-02-24;173;570;19635;12335;7.1;4.5
61;2021-02-25;265;445;19900;12780;7.2;4.6
61;2021-02-26;266;465;20166;13245;7.3;4.8
61;2021-02-27;110;228;20276;13473;7.3;4.9
61;2021-02-28;4;122;20280;13595;7.3;4.9
61;2021-03-01;215;611;20495;14206;7.4;5.1
61;2021-03-02;148;700;20643;14906;7.5;5.4
61;2021-03-03;143;448;20786;15354;7.5;5.5
61;2021-03-04;429;444;21215;15798;7.7;5.7
61;2021-03-05;703;302;21918;16100;7.9;5.8
61;2021-03-06;436;232;22354;16332;8.1;5.9
61;2021-03-07;155;2;22509;16334;8.1;5.9
61;2021-03-08;295;314;22804;16648;8.2;6.0
61;2021-03-09;622;186;23426;16834;8.5;6.1
61;2021-03-10;672;189;24098;17023;8.7;6.1
61;2021-03-11;1120;131;25218;17154;9.1;6.2
61;2021-03-12;1467;105;26685;17259;9.6;6.2
61;2021-03-13;775;56;27460;17315;9.9;6.3
61;2021-03-14;226;6;27686;17321;10.0;6.3
61;2021-03-15;814;37;28500;17358;10.3;6.3
61;2021-03-16;723;23;29223;17381;10.6;6.3
61;2021-03-17;761;12;29984;17393;10.8;6.3
61;2021-03-18;858;29;30842;17422;11.1;6.3
61;2021-03-19;1026;51;31868;17473;11.5;6.3
61;2021-03-20;478;17;32346;17490;11.7;6.3
61;2021-03-21;72;3;32418;17493;11.7;6.3
61;2021-03-22;797;94;33215;17587;12.0;6.4
61;2021-03-23;920;41;34135;17628;12.3;6.4
61;2021-03-24;1373;70;35508;17698;12.8;6.4
61;2021-03-25;1876;69;37384;17767;13.5;6.4
61;2021-03-26;1800;47;39184;17814;14.2;6.4
61;2021-03-27;1082;19;40266;17833;14.5;6.4
61;2021-03-28;359;9;40625;17842;14.7;6.4
61;2021-03-29;1273;184;41898;18026;15.1;6.5
61;2021-03-30;1470;102;43368;18128;15.7;6.5
61;2021-03-31;1687;54;45055;18182;16.3;6.6
61;2021-04-01;2051;233;47106;18415;17.0;6.7
61;2021-04-02;1519;435;48625;18850;17.6;6.8
61;2021-04-03;640;290;49265;19140;17.8;6.9
61;2021-04-04;193;1;49458;19141;17.9;6.9
61;2021-04-05;534;8;49992;19149;18.1;6.9
61;2021-04-06;1350;621;51342;19770;18.5;7.1
61;2021-04-07;1695;663;53037;20433;19.2;7.4
61;2021-04-08;2266;837;55303;21270;20.0;7.7
61;2021-04-09;2133;837;57436;22107;20.7;8.0
61;2021-04-10;1534;489;58970;22596;21.3;8.2
61;2021-04-11;238;202;59208;22798;21.4;8.2
61;2021-04-12;1284;737;60492;23535;21.8;8.5
61;2021-04-13;1742;707;62234;24242;22.5;8.8
61;2021-04-14;1734;788;63968;25030;23.1;9.0
61;2021-04-15;2268;789;66236;25819;23.9;9.3
61;2021-04-16;2227;691;68463;26510;24.7;9.6
61;2021-04-17;1483;321;69946;26831;25.3;9.7
61;2021-04-18;538;99;70484;26930;25.5;9.7
61;2021-04-19;936;750;71420;27680;25.8;10.0
61;2021-04-20;1523;786;72943;28466;26.3;10.3
61;2021-04-21;1351;1041;74294;29507;26.8;10.7
61;2021-04-22;1292;1222;75586;30729;27.3;11.1
61;2021-04-23;1213;1154;76799;31883;27.7;11.5
61;2021-04-24;1437;822;78236;32705;28.3;11.8
61;2021-04-25;361;333;78597;33038;28.4;11.9
61;2021-04-26;671;1146;79268;34184;28.6;12.3
61;2021-04-27;1465;1146;80733;35330;29.2;12.8
61;2021-04-28;1386;1392;82119;36722;29.7;13.3
61;2021-04-29;1246;1861;83365;38583;30.1;13.9
61;2021-04-30;1719;1177;85084;39760;30.7;14.4
61;2021-05-01;789;324;85873;40084;31.0;14.5
61;2021-05-02;439;227;86312;40311;31.2;14.6
61;2021-05-03;843;1251;87155;41562;31.5;15.0
61;2021-05-04;1323;1753;88478;43315;32.0;15.6
61;2021-05-05;1008;2032;89486;45347;32.3;16.4
61;2021-05-06;1772;2215;91258;47562;33.0;17.2
61;2021-05-07;1376;1974;92634;49536;33.5;17.9
61;2021-05-08;929;473;93563;50009;33.8;18.1
61;2021-05-09;395;293;93958;50302;33.9;18.2
61;2021-05-10;987;1756;94945;52058;34.3;18.8
61;2021-05-11;1377;1516;96322;53574;34.8;19.3
61;2021-05-12;1869;1594;98191;55168;35.5;19.9
61;2021-05-13;889;491;99080;55659;35.8;20.1
61;2021-05-14;1851;1191;100931;56850;36.4;20.5
61;2021-05-15;2111;1121;103042;57971;37.2;20.9
61;2021-05-16;984;300;104026;58271;37.6;21.0
61;2021-05-17;1312;914;105338;59185;38.0;21.4
61;2021-05-18;2422;894;107760;60079;38.9;21.7
61;2021-05-19;2400;804;110160;60883;39.8;22.0
61;2021-05-20;2212;819;112372;61702;40.6;22.3
61;2021-05-21;2149;861;114521;62563;41.4;22.6
61;2021-05-22;1780;718;116301;63281;42.0;22.9
61;2021-05-23;714;54;117015;63335;42.3;22.9
61;2021-05-24;914;112;117929;63447;42.6;22.9
61;2021-05-25;1991;921;119920;64368;43.3;23.2
61;2021-05-26;2046;932;121966;65300;44.0;23.6
61;2021-05-27;2041;1094;124007;66394;44.8;24.0
61;2021-05-28;2052;1378;126059;67772;45.5;24.5
61;2021-05-29;1466;557;127525;68329;46.1;24.7
61;2021-05-30;450;44;127975;68373;46.2;24.7
61;2021-05-31;1559;938;129534;69311;46.8;25.0
61;2021-06-01;1875;1389;131409;70700;47.5;25.5
61;2021-06-02;1676;1137;133085;71837;48.1;25.9
61;2021-06-03;2250;1110;135335;72947;48.9;26.3
61;2021-06-04;1897;1346;137232;74293;49.6;26.8
61;2021-06-05;1669;1240;138901;75533;50.2;27.3
61;2021-06-06;318;230;139219;75763;50.3;27.4
61;2021-06-07;2189;867;141408;76630;51.1;27.7
61;2021-06-08;1847;1570;143255;78200;51.7;28.2
61;2021-06-09;1975;1185;145230;79385;52.4;28.7
61;2021-06-10;1974;1192;147204;80577;53.2;29.1
61;2021-06-11;1822;1581;149026;82158;53.8;29.7
61;2021-06-12;1424;999;150450;83157;54.3;30.0
61;2021-06-13;340;377;150790;83534;54.5;30.2
61;2021-06-14;1107;1188;151897;84722;54.9;30.6
61;2021-06-15;1214;1694;153111;86416;55.3;31.2
61;2021-06-16;1114;1363;154225;87779;55.7;31.7
61;2021-06-17;1020;1731;155245;89510;56.1;32.3
61;2021-06-18;1523;1671;156768;91181;56.6;32.9
61;2021-06-19;1245;1302;158013;92483;57.1;33.4
61;2021-06-20;289;345;158302;92828;57.2;33.5
61;2021-06-21;807;1629;159109;94457;57.5;34.1
61;2021-06-22;1024;1683;160133;96140;57.8;34.7
61;2021-06-23;967;2436;161100;98576;58.2;35.6
61;2021-06-24;650;1361;161750;99937;58.4;36.1
61;2021-06-25;839;2167;162589;102104;58.7;36.9
61;2021-06-26;620;1955;163209;104059;58.9;37.6
61;2021-06-27;139;799;163348;104858;59.0;37.9
61;2021-06-28;478;2247;163826;107105;59.2;38.7
61;2021-06-29;699;2858;164525;109963;59.4;39.7
61;2021-06-30;771;2463;165296;112426;59.7;40.6
61;2021-07-01;633;1699;165929;114125;59.9;41.2
61;2021-07-02;842;2496;166771;116621;60.2;42.1
61;2021-07-03;417;1910;167188;118531;60.4;42.8
61;2021-07-04;75;638;167263;119169;60.4;43.0
61;2021-07-05;682;1774;167945;120943;60.7;43.7
61;2021-07-06;991;2794;168936;123737;61.0;44.7
61;2021-07-07;734;2360;169670;126097;61.3;45.5
61;2021-07-08;840;1944;170510;128041;61.6;46.2
61;2021-07-09;723;2375;171233;130416;61.8;47.1
61;2021-07-10;463;1767;171696;132183;62.0;47.7
61;2021-07-11;244;489;171940;132672;62.1;47.9
61;2021-07-12;438;2290;172378;134962;62.3;48.7
61;2021-07-13;643;2488;173021;137450;62.5;49.6
61;2021-07-14;150;334;173171;137784;62.5;49.8
61;2021-07-15;815;2814;173986;140598;62.8;50.8
61;2021-07-16;967;2572;174953;143170;63.2;51.7
61;2021-07-17;708;2232;175661;145402;63.4;52.5
61;2021-07-18;339;368;176000;145770;63.6;52.6
61;2021-07-19;934;2403;176934;148173;63.9;53.5
61;2021-07-20;1327;2356;178261;150529;64.4;54.4
61;2021-07-21;1503;2181;179764;152710;64.9;55.1
61;2021-07-22;1750;2188;181514;154898;65.6;55.9
61;2021-07-23;1793;2306;183307;157204;66.2;56.8
61;2021-07-24;1457;2008;184764;159212;66.7;57.5
61;2021-07-25;323;393;185087;159605;66.8;57.6
61;2021-07-26;1252;1933;186339;161538;67.3;58.3
61;2021-07-27;2420;1583;188759;163121;68.2;58.9
61;2021-07-28;2457;1355;191216;164476;69.1;59.4
61;2021-07-29;2563;1577;193779;166053;70.0;60.0
61;2021-07-30;2396;1393;196175;167446;70.8;60.5
61;2021-07-31;1282;1301;197457;168747;71.3;60.9
61;2021-08-01;504;259;197961;169006;71.5;61.0
61;2021-08-02;1913;1123;199874;170129;72.2;61.4
61;2021-08-03;2452;915;202326;171044;73.1;61.8
61;2021-08-04;2344;781;204670;171825;73.9;62.1
61;2021-08-05;1901;992;206571;172817;74.6;62.4
61;2021-08-06;2164;1163;208735;173980;75.4;62.8
61;2021-08-07;1422;799;210157;174779;75.9;63.1
61;2021-08-08;447;263;210604;175042;76.1;63.2
61;2021-08-09;1310;1112;211914;176154;76.5;63.6
61;2021-08-10;1315;1107;213229;177261;77.0;64.0
61;2021-08-11;1117;1257;214346;178518;77.4;64.5
61;2021-08-12;1038;1321;215384;179839;77.8;64.9
61;2021-08-13;879;1610;216263;181449;78.1;65.5
61;2021-08-14;717;864;216980;182313;78.4;65.8
61;2021-08-15;94;183;217074;182496;78.4;65.9
61;2021-08-16;913;1541;217987;184037;78.7;66.5
61;2021-08-17;1153;1702;219140;185739;79.1;67.1
61;2021-08-18;811;1479;219951;187218;79.4;67.6
61;2021-08-19;745;1570;220696;188788;79.7;68.2
61;2021-08-20;800;2131;221496;190919;80.0;68.9
61;2021-08-21;492;1345;221988;192264;80.2;69.4
61;2021-08-22;137;447;222125;192711;80.2;69.6
61;2021-08-23;415;1702;222540;194413;80.4;70.2
61;2021-08-24;528;1899;223068;196312;80.6;70.9
61;2021-08-25;412;1735;223480;198047;80.7;71.5
61;2021-08-26;429;1598;223909;199645;80.9;72.1
61;2021-08-27;515;1889;224424;201534;81.0;72.8
61;2021-08-28;286;1365;224710;202899;81.2;73.3
61;2021-08-29;50;417;224760;203316;81.2;73.4
61;2021-08-30;400;1618;225160;204934;81.3;74.0
61;2021-08-31;505;1672;225665;206606;81.5;74.6
61;2021-09-01;454;1312;226119;207918;81.7;75.1
61;2021-09-02;421;1097;226540;209015;81.8;75.5
61;2021-09-03;476;1296;227016;210311;82.0;76.0
61;2021-09-04;348;1254;227364;211565;82.1;76.4
61;2021-09-05;76;181;227440;211746;82.1;76.5
61;2021-09-06;286;973;227726;212719;82.2;76.8
61;2021-09-07;362;1391;228088;214110;82.4;77.3
61;2021-09-08;274;1193;228362;215303;82.5;77.8
61;2021-09-09;295;886;228657;216189;82.6;78.1
61;2021-09-10;366;889;229023;217078;82.7;78.4
61;2021-09-11;270;1021;229293;218099;82.8;78.8
61;2021-09-12;37;109;229330;218208;82.8;78.8
61;2021-09-13;208;526;229538;218734;82.9;79.0
61;2021-09-14;197;362;229735;219096;83.0;79.1
61;2021-09-15;258;595;229993;219691;83.1;79.3
61;2021-09-16;221;269;230214;219960;83.1;79.4
61;2021-09-17;243;533;230457;220493;83.2;79.6
61;2021-09-18;217;612;230674;221105;83.3;79.8
61;2021-09-19;1;0;230675;221105;83.3;79.8
61;2021-09-20;179;267;230854;221372;83.4;79.9
61;2021-09-21;236;187;231090;221559;83.5;80.0
61;2021-09-22;158;692;231248;222251;83.5;80.3
61;2021-09-23;163;228;231411;222479;83.6;80.3
61;2021-09-24;135;378;231546;222857;83.6;80.5
61;2021-09-25;171;596;231717;223453;83.7;80.7
61;2021-09-26;9;16;231726;223469;83.7;80.7
61;2021-09-27;125;293;231851;223762;83.7;80.8
61;2021-09-28;95;248;231946;224010;83.8;80.9
61;2021-09-29;105;217;232051;224227;83.8;81.0
61;2021-09-30;204;237;232255;224464;83.9;81.1
61;2021-10-01;87;265;232342;224729;83.9;81.2
61;2021-10-02;197;565;232539;225294;84.0;81.4
61;2021-10-03;1;8;232540;225302;84.0;81.4
61;2021-10-04;108;287;232648;225589;84.0;81.5
61;2021-10-05;112;289;232760;225878;84.1;81.6
61;2021-10-06;155;321;232915;226199;84.1;81.7
61;2021-10-07;140;259;233055;226458;84.2;81.8
61;2021-10-08;157;243;233212;226701;84.2;81.9
61;2021-10-09;89;168;233301;226869;84.3;81.9
61;2021-10-10;1;2;233302;226871;84.3;81.9
61;2021-10-11;140;386;233442;227257;84.3;82.1
61;2021-10-12;70;185;233512;227442;84.3;82.1
61;2021-10-13;115;203;233627;227645;84.4;82.2
62;2020-12-27;2;0;2;0;0.0;0.0
62;2020-12-28;1;0;3;0;0.0;0.0
62;2020-12-29;0;0;3;0;0.0;0.0
62;2020-12-30;0;0;3;0;0.0;0.0
62;2020-12-31;0;0;3;0;0.0;0.0
62;2021-01-01;0;0;3;0;0.0;0.0
62;2021-01-02;3;2;6;2;0.0;0.0
62;2021-01-03;0;0;6;2;0.0;0.0
62;2021-01-04;3;0;9;2;0.0;0.0
62;2021-01-05;47;0;56;2;0.0;0.0
62;2021-01-06;123;0;179;2;0.0;0.0
62;2021-01-07;352;0;531;2;0.0;0.0
62;2021-01-08;713;9;1244;11;0.1;0.0
62;2021-01-09;164;1;1408;12;0.1;0.0
62;2021-01-10;84;0;1492;12;0.1;0.0
62;2021-01-11;557;3;2049;15;0.1;0.0
62;2021-01-12;1260;6;3309;21;0.2;0.0
62;2021-01-13;1139;17;4448;38;0.3;0.0
62;2021-01-14;1386;9;5834;47;0.4;0.0
62;2021-01-15;1300;13;7134;60;0.5;0.0
62;2021-01-16;309;3;7443;63;0.5;0.0
62;2021-01-17;107;1;7550;64;0.5;0.0
62;2021-01-18;1667;10;9217;74;0.6;0.0
62;2021-01-19;2104;6;11321;80;0.8;0.0
62;2021-01-20;2056;7;13377;87;0.9;0.0
62;2021-01-21;2244;10;15621;97;1.1;0.0
62;2021-01-22;1835;7;17456;104;1.2;0.0
62;2021-01-23;512;1;17968;105;1.2;0.0
62;2021-01-24;0;0;17968;105;1.2;0.0
62;2021-01-25;1286;8;19254;113;1.3;0.0
62;2021-01-26;1546;21;20800;134;1.4;0.0
62;2021-01-27;1518;179;22318;313;1.5;0.0
62;2021-01-28;4183;402;26501;715;1.8;0.0
62;2021-01-29;2048;340;28549;1055;2.0;0.1
62;2021-01-30;159;151;28708;1206;2.0;0.1
62;2021-01-31;22;3;28730;1209;2.0;0.1
62;2021-02-01;46;355;28776;1564;2.0;0.1
62;2021-02-02;59;785;28835;2349;2.0;0.2
62;2021-02-03;44;627;28879;2976;2.0;0.2
62;2021-02-04;81;801;28960;3777;2.0;0.3
62;2021-02-05;80;748;29040;4525;2.0;0.3
62;2021-02-06;32;199;29072;4724;2.0;0.3
62;2021-02-07;236;31;29308;4755;2.0;0.3
62;2021-02-08;133;841;29441;5596;2.0;0.4
62;2021-02-09;227;1093;29668;6689;2.0;0.5
62;2021-02-10;385;1165;30053;7854;2.1;0.5
62;2021-02-11;726;996;30779;8850;2.1;0.6
62;2021-02-12;968;778;31747;9628;2.2;0.7
62;2021-02-13;162;266;31909;9894;2.2;0.7
62;2021-02-14;0;0;31909;9894;2.2;0.7
62;2021-02-15;665;1265;32574;11159;2.2;0.8
62;2021-02-16;923;1775;33497;12934;2.3;0.9
62;2021-02-17;1082;2069;34579;15003;2.4;1.0
62;2021-02-18;2228;3772;36807;18775;2.5;1.3
62;2021-02-19;2314;2548;39121;21323;2.7;1.5
62;2021-02-20;616;480;39737;21803;2.7;1.5
62;2021-02-21;88;50;39825;21853;2.7;1.5
62;2021-02-22;849;963;40674;22816;2.8;1.6
62;2021-02-23;1419;1212;42093;24028;2.9;1.7
62;2021-02-24;1547;656;43640;24684;3.0;1.7
62;2021-02-25;3169;425;46809;25109;3.2;1.7
62;2021-02-26;2912;355;49721;25464;3.4;1.8
62;2021-02-27;1829;99;51550;25563;3.5;1.8
62;2021-02-28;52;42;51602;25605;3.6;1.8
62;2021-03-01;1322;125;52924;25730;3.6;1.8
62;2021-03-02;3155;189;56079;25919;3.9;1.8
62;2021-03-03;3274;141;59353;26060;4.1;1.8
62;2021-03-04;3810;229;63163;26289;4.3;1.8
62;2021-03-05;4647;250;67810;26539;4.7;1.8
62;2021-03-06;9620;292;77430;26831;5.3;1.8
62;2021-03-07;8074;247;85504;27078;5.9;1.9
62;2021-03-08;2197;273;87701;27351;6.0;1.9
62;2021-03-09;3810;398;91511;27749;6.3;1.9
62;2021-03-10;4233;630;95744;28379;6.6;2.0
62;2021-03-11;5993;1551;101737;29930;7.0;2.1
62;2021-03-12;6639;1445;108376;31375;7.5;2.2
62;2021-03-13;14724;834;123100;32209;8.5;2.2
62;2021-03-14;9582;444;132682;32653;9.1;2.2
62;2021-03-15;3761;1026;136443;33679;9.4;2.3
62;2021-03-16;2736;864;139179;34543;9.6;2.4
62;2021-03-17;2804;744;141983;35287;9.8;2.4
62;2021-03-18;2726;956;144709;36243;10.0;2.5
62;2021-03-19;4784;941;149493;37184;10.3;2.6
62;2021-03-20;11066;635;160559;37819;11.1;2.6
62;2021-03-21;9447;384;170006;38203;11.7;2.6
62;2021-03-22;2944;1120;172950;39323;11.9;2.7
62;2021-03-23;4997;1504;177947;40827;12.2;2.8
62;2021-03-24;4696;1392;182643;42219;12.6;2.9
62;2021-03-25;6554;1494;189197;43713;13.0;3.0
62;2021-03-26;7048;1517;196245;45230;13.5;3.1
62;2021-03-27;12593;768;208838;45998;14.4;3.2
62;2021-03-28;6940;291;215778;46289;14.9;3.2
62;2021-03-29;3470;1219;219248;47508;15.1;3.3
62;2021-03-30;4549;2223;223797;49731;15.4;3.4
62;2021-03-31;4225;2489;228022;52220;15.7;3.6
62;2021-04-01;4977;2775;232999;54995;16.0;3.8
62;2021-04-02;5067;3245;238066;58240;16.4;4.0
62;2021-04-03;8207;3373;246273;61613;17.0;4.2
62;2021-04-04;4582;1946;250855;63559;17.3;4.4
62;2021-04-05;944;468;251799;64027;17.3;4.4
62;2021-04-06;4122;3023;255921;67050;17.6;4.6
62;2021-04-07;5071;3539;260992;70589;18.0;4.9
62;2021-04-08;6492;4016;267484;74605;18.4;5.1
62;2021-04-09;7629;3496;275113;78101;18.9;5.4
62;2021-04-10;6637;8091;281750;86192;19.4;5.9
62;2021-04-11;2804;6903;284554;93095;19.6;6.4
62;2021-04-12;3419;2389;287973;95484;19.8;6.6
62;2021-04-13;6171;3174;294144;98658;20.2;6.8
62;2021-04-14;5306;3073;299450;101731;20.6;7.0
62;2021-04-15;5734;3018;305184;104749;21.0;7.2
62;2021-04-16;5418;3216;310602;107965;21.4;7.4
62;2021-04-17;4355;7378;314957;115343;21.7;7.9
62;2021-04-18;1957;6859;316914;122202;21.8;8.4
62;2021-04-19;2777;1939;319691;124141;22.0;8.5
62;2021-04-20;4148;3900;323839;128041;22.3;8.8
62;2021-04-21;3746;3989;327585;132030;22.5;9.1
62;2021-04-22;3948;5194;331533;137224;22.8;9.4
62;2021-04-23;4064;5333;335597;142557;23.1;9.8
62;2021-04-24;4401;6738;339998;149295;23.4;10.3
62;2021-04-25;1911;3504;341909;152799;23.5;10.5
62;2021-04-26;2224;2436;344133;155235;23.7;10.7
62;2021-04-27;4408;3773;348541;159008;24.0;10.9
62;2021-04-28;4591;4422;353132;163430;24.3;11.2
62;2021-04-29;4787;5909;357919;169339;24.6;11.7
62;2021-04-30;5215;5742;363134;175081;25.0;12.1
62;2021-05-01;5725;3482;368859;178563;25.4;12.3
62;2021-05-02;7826;3163;376685;181726;25.9;12.5
62;2021-05-03;4510;2352;381195;184078;26.2;12.7
62;2021-05-04;5398;4992;386593;189070;26.6;13.0
62;2021-05-05;4736;4843;391329;193913;26.9;13.3
62;2021-05-06;5619;4955;396948;198868;27.3;13.7
62;2021-05-07;7691;4691;404639;203559;27.9;14.0
62;2021-05-08;10659;2352;415298;205911;28.6;14.2
62;2021-05-09;8625;1642;423923;207553;29.2;14.3
62;2021-05-10;4867;4032;428790;211585;29.5;14.6
62;2021-05-11;6414;5060;435204;216645;30.0;14.9
62;2021-05-12;8624;4609;443828;221254;30.6;15.2
62;2021-05-13;9999;1492;453827;222746;31.2;15.3
62;2021-05-14;11880;3414;465707;226160;32.1;15.6
62;2021-05-15;19780;3303;485487;229463;33.4;15.8
62;2021-05-16;16399;1424;501886;230887;34.5;15.9
62;2021-05-17;8180;2659;510066;233546;35.1;16.1
62;2021-05-18;9325;3133;519391;236679;35.8;16.3
62;2021-05-19;8614;2934;528005;239613;36.3;16.5
62;2021-05-20;8341;3843;536346;243456;36.9;16.8
62;2021-05-21;9397;4223;545743;247679;37.6;17.0
62;2021-05-22;17874;3538;563617;251217;38.8;17.3
62;2021-05-23;12373;1164;575990;252381;39.6;17.4
62;2021-05-24;3911;587;579901;252968;39.9;17.4
62;2021-05-25;7221;4098;587122;257066;40.4;17.7
62;2021-05-26;6782;4913;593904;261979;40.9;18.0
62;2021-05-27;6382;5693;600286;267672;41.3;18.4
62;2021-05-28;6518;6772;606804;274444;41.8;18.9
62;2021-05-29;10849;5547;617653;279991;42.5;19.3
62;2021-05-30;4036;985;621689;280976;42.8;19.3
62;2021-05-31;4794;3970;626483;284946;43.1;19.6
62;2021-06-01;6520;6533;633003;291479;43.6;20.1
62;2021-06-02;7444;5820;640447;297299;44.1;20.5
62;2021-06-03;7854;5898;648301;303197;44.6;20.9
62;2021-06-04;7903;6264;656204;309461;45.2;21.3
62;2021-06-05;8274;6239;664478;315700;45.7;21.7
62;2021-06-06;3128;1292;667606;316992;46.0;21.8
62;2021-06-07;4625;3772;672231;320764;46.3;22.1
62;2021-06-08;6207;5911;678438;326675;46.7;22.5
62;2021-06-09;5499;4768;683937;331443;47.1;22.8
62;2021-06-10;5207;5890;689144;337333;47.4;23.2
62;2021-06-11;6208;8876;695352;346209;47.9;23.8
62;2021-06-12;5936;8647;701288;354856;48.3;24.4
62;2021-06-13;3225;3803;704513;358659;48.5;24.7
62;2021-06-14;2610;6781;707123;365440;48.7;25.2
62;2021-06-15;4675;8540;711798;373980;49.0;25.7
62;2021-06-16;5082;7431;716880;381411;49.3;26.3
62;2021-06-17;5235;8045;722115;389456;49.7;26.8
62;2021-06-18;4825;10494;726940;399950;50.0;27.5
62;2021-06-19;5792;13442;732732;413392;50.4;28.5
62;2021-06-20;2101;4369;734833;417761;50.6;28.8
62;2021-06-21;2976;8928;737809;426689;50.8;29.4
62;2021-06-22;3431;10170;741240;436859;51.0;30.1
62;2021-06-23;3388;10324;744628;447183;51.3;30.8
62;2021-06-24;3346;11786;747974;458969;51.5;31.6
62;2021-06-25;3724;15768;751698;474737;51.7;32.7
62;2021-06-26;3549;18426;755247;493163;52.0;33.9
62;2021-06-27;1121;9814;756368;502977;52.1;34.6
62;2021-06-28;1923;8870;758291;511847;52.2;35.2
62;2021-06-29;2974;11463;761265;523310;52.4;36.0
62;2021-06-30;4142;10816;765407;534126;52.7;36.8
62;2021-07-01;4483;10486;769890;544612;53.0;37.5
62;2021-07-02;4161;11985;774051;556597;53.3;38.3
62;2021-07-03;2996;18053;777047;574650;53.5;39.6
62;2021-07-04;1451;9196;778498;583846;53.6;40.2
62;2021-07-05;2416;6917;780914;590763;53.8;40.7
62;2021-07-06;3821;10016;784735;600779;54.0;41.4
62;2021-07-07;3917;8918;788652;609697;54.3;42.0
62;2021-07-08;5248;9089;793900;618786;54.6;42.6
62;2021-07-09;4473;10851;798373;629637;55.0;43.3
62;2021-07-10;4976;11891;803349;641528;55.3;44.2
62;2021-07-11;1337;2091;804686;643619;55.4;44.3
62;2021-07-12;2327;7135;807013;650754;55.5;44.8
62;2021-07-13;5175;12161;812188;662915;55.9;45.6
62;2021-07-14;3634;3164;815822;666079;56.2;45.8
62;2021-07-15;7588;11501;823410;677580;56.7;46.6
62;2021-07-16;7625;11046;831035;688626;57.2;47.4
62;2021-07-17;9719;10335;840754;698961;57.9;48.1
62;2021-07-18;2712;3458;843466;702419;58.1;48.4
62;2021-07-19;6013;7026;849479;709445;58.5;48.8
62;2021-07-20;7935;10725;857414;720170;59.0;49.6
62;2021-07-21;9777;9414;867191;729584;59.7;50.2
62;2021-07-22;9801;9026;876992;738610;60.4;50.8
62;2021-07-23;10630;8412;887622;747022;61.1;51.4
62;2021-07-24;9664;10321;897286;757343;61.8;52.1
62;2021-07-25;5549;1877;902835;759220;62.1;52.3
62;2021-07-26;6239;5390;909074;764610;62.6;52.6
62;2021-07-27;9851;8130;918925;772740;63.3;53.2
62;2021-07-28;10405;7489;929330;780229;64.0;53.7
62;2021-07-29;12005;7661;941335;787890;64.8;54.2
62;2021-07-30;9096;6296;950431;794186;65.4;54.7
62;2021-07-31;6639;4026;957070;798212;65.9;54.9
62;2021-08-01;2342;1103;959412;799315;66.0;55.0
62;2021-08-02;6866;4760;966278;804075;66.5;55.3
62;2021-08-03;8629;7476;974907;811551;67.1;55.9
62;2021-08-04;9491;5485;984398;817036;67.8;56.2
62;2021-08-05;8376;5635;992774;822671;68.3;56.6
62;2021-08-06;7322;5935;1000096;828606;68.8;57.0
62;2021-08-07;5493;4959;1005589;833565;69.2;57.4
62;2021-08-08;1877;1301;1007466;834866;69.3;57.5
62;2021-08-09;5262;5033;1012728;839899;69.7;57.8
62;2021-08-10;6222;7360;1018950;847259;70.1;58.3
62;2021-08-11;5415;7383;1024365;854642;70.5;58.8
62;2021-08-12;6008;7004;1030373;861646;70.9;59.3
62;2021-08-13;4522;6061;1034895;867707;71.2;59.7
62;2021-08-14;3838;6868;1038733;874575;71.5;60.2
62;2021-08-15;1141;1212;1039874;875787;71.6;60.3
62;2021-08-16;3188;5867;1043062;881654;71.8;60.7
62;2021-08-17;4172;7348;1047234;889002;72.1;61.2
62;2021-08-18;4362;7244;1051596;896246;72.4;61.7
62;2021-08-19;4392;8581;1055988;904827;72.7;62.3
62;2021-08-20;3447;8464;1059435;913291;72.9;62.9
62;2021-08-21;2458;9766;1061893;923057;73.1;63.5
62;2021-08-22;392;2817;1062285;925874;73.1;63.7
62;2021-08-23;2744;7830;1065029;933704;73.3;64.3
62;2021-08-24;3840;10409;1068869;944113;73.6;65.0
62;2021-08-25;3509;9196;1072378;953309;73.8;65.6
62;2021-08-26;3193;9774;1075571;963083;74.0;66.3
62;2021-08-27;2599;8826;1078170;971909;74.2;66.9
62;2021-08-28;2044;7997;1080214;979906;74.4;67.5
62;2021-08-29;864;2253;1081078;982159;74.4;67.6
62;2021-08-30;2049;7287;1083127;989446;74.6;68.1
62;2021-08-31;2142;7830;1085269;997276;74.7;68.6
62;2021-09-01;1848;5812;1087117;1003088;74.8;69.0
62;2021-09-02;1853;6450;1088970;1009538;75.0;69.5
62;2021-09-03;2071;6898;1091041;1016436;75.1;70.0
62;2021-09-04;2123;6276;1093164;1022712;75.2;70.4
62;2021-09-05;319;1198;1093483;1023910;75.3;70.5
62;2021-09-06;1032;3360;1094515;1027270;75.3;70.7
62;2021-09-07;1247;3859;1095762;1031129;75.4;71.0
62;2021-09-08;1290;4174;1097052;1035303;75.5;71.3
62;2021-09-09;1276;4263;1098328;1039566;75.6;71.6
62;2021-09-10;1593;4403;1099921;1043969;75.7;71.9
62;2021-09-11;1277;3953;1101198;1047922;75.8;72.1
62;2021-09-12;202;495;1101400;1048417;75.8;72.2
62;2021-09-13;783;2235;1102183;1050652;75.9;72.3
62;2021-09-14;1283;3381;1103466;1054033;76.0;72.6
62;2021-09-15;1344;4221;1104810;1058254;76.0;72.8
62;2021-09-16;1383;2919;1106193;1061173;76.1;73.0
62;2021-09-17;1337;2418;1107530;1063591;76.2;73.2
62;2021-09-18;1089;2883;1108619;1066474;76.3;73.4
62;2021-09-19;138;448;1108757;1066922;76.3;73.4
62;2021-09-20;617;1483;1109374;1068405;76.4;73.5
62;2021-09-21;901;2423;1110275;1070828;76.4;73.7
62;2021-09-22;790;2673;1111065;1073501;76.5;73.9
62;2021-09-23;729;1839;1111794;1075340;76.5;74.0
62;2021-09-24;812;1985;1112606;1077325;76.6;74.2
62;2021-09-25;717;2670;1113323;1079995;76.6;74.3
62;2021-09-26;73;373;1113396;1080368;76.6;74.4
62;2021-09-27;318;1055;1113714;1081423;76.7;74.4
62;2021-09-28;584;1704;1114298;1083127;76.7;74.6
62;2021-09-29;759;1902;1115057;1085029;76.8;74.7
62;2021-09-30;448;1006;1115505;1086035;76.8;74.8
62;2021-10-01;701;1664;1116206;1087699;76.8;74.9
62;2021-10-02;699;1497;1116905;1089196;76.9;75.0
62;2021-10-03;81;236;1116986;1089432;76.9;75.0
62;2021-10-04;375;790;1117361;1090222;76.9;75.0
62;2021-10-05;603;1453;1117964;1091675;77.0;75.1
62;2021-10-06;564;1244;1118528;1092919;77.0;75.2
62;2021-10-07;479;1255;1119007;1094174;77.0;75.3
62;2021-10-08;745;1589;1119752;1095763;77.1;75.4
62;2021-10-09;621;1393;1120373;1097156;77.1;75.5
62;2021-10-10;64;199;1120437;1097355;77.1;75.5
62;2021-10-11;338;653;1120775;1098008;77.1;75.6
62;2021-10-12;469;1341;1121244;1099349;77.2;75.7
62;2021-10-13;517;879;1121761;1100228;77.2;75.7
63;2020-12-27;0;0;0;0;0.0;0.0
63;2020-12-28;1;0;1;0;0.0;0.0
63;2020-12-29;0;0;1;0;0.0;0.0
63;2020-12-30;0;0;1;0;0.0;0.0
63;2020-12-31;0;0;1;0;0.0;0.0
63;2021-01-01;1;0;2;0;0.0;0.0
63;2021-01-02;0;0;2;0;0.0;0.0
63;2021-01-03;1;0;3;0;0.0;0.0
63;2021-01-04;0;0;3;0;0.0;0.0
63;2021-01-05;1;0;4;0;0.0;0.0
63;2021-01-06;4;1;8;1;0.0;0.0
63;2021-01-07;310;1;318;2;0.0;0.0
63;2021-01-08;217;6;535;8;0.1;0.0
63;2021-01-09;91;0;626;8;0.1;0.0
63;2021-01-10;82;0;708;8;0.1;0.0
63;2021-01-11;432;4;1140;12;0.2;0.0
63;2021-01-12;661;1;1801;13;0.3;0.0
63;2021-01-13;873;8;2674;21;0.4;0.0
63;2021-01-14;547;10;3221;31;0.5;0.0
63;2021-01-15;432;5;3653;36;0.6;0.0
63;2021-01-16;157;0;3810;36;0.6;0.0
63;2021-01-17;133;0;3943;36;0.6;0.0
63;2021-01-18;634;3;4577;39;0.7;0.0
63;2021-01-19;868;2;5445;41;0.8;0.0
63;2021-01-20;1069;12;6514;53;1.0;0.0
63;2021-01-21;1018;3;7532;56;1.1;0.0
63;2021-01-22;970;3;8502;59;1.3;0.0
63;2021-01-23;192;0;8694;59;1.3;0.0
63;2021-01-24;165;2;8859;61;1.3;0.0
63;2021-01-25;829;4;9688;65;1.5;0.0
63;2021-01-26;974;2;10662;67;1.6;0.0
63;2021-01-27;1003;5;11665;72;1.8;0.0
63;2021-01-28;1323;69;12988;141;2.0;0.0
63;2021-01-29;1066;66;14054;207;2.1;0.0
63;2021-01-30;68;0;14122;207;2.1;0.0
63;2021-01-31;6;0;14128;207;2.1;0.0
63;2021-02-01;575;181;14703;388;2.2;0.1
63;2021-02-02;886;235;15589;623;2.4;0.1
63;2021-02-03;1475;287;17064;910;2.6;0.1
63;2021-02-04;2120;521;19184;1431;2.9;0.2
63;2021-02-05;1144;272;20328;1703;3.1;0.3
63;2021-02-06;116;0;20444;1703;3.1;0.3
63;2021-02-07;9;1;20453;1704;3.1;0.3
63;2021-02-08;539;405;20992;2109;3.2;0.3
63;2021-02-09;671;433;21663;2542;3.3;0.4
63;2021-02-10;609;602;22272;3144;3.4;0.5
63;2021-02-11;751;473;23023;3617;3.5;0.5
63;2021-02-12;819;808;23842;4425;3.6;0.7
63;2021-02-13;82;1;23924;4426;3.6;0.7
63;2021-02-14;0;65;23924;4491;3.6;0.7
63;2021-02-15;202;782;24126;5273;3.7;0.8
63;2021-02-16;409;1136;24535;6409;3.7;1.0
63;2021-02-17;359;876;24894;7285;3.8;1.1
63;2021-02-18;608;824;25502;8109;3.9;1.2
63;2021-02-19;449;970;25951;9079;3.9;1.4
63;2021-02-20;35;32;25986;9111;3.9;1.4
63;2021-02-21;2;17;25988;9128;3.9;1.4
63;2021-02-22;292;928;26280;10056;4.0;1.5
63;2021-02-23;580;1134;26860;11190;4.1;1.7
63;2021-02-24;696;1415;27556;12605;4.2;1.9
63;2021-02-25;1603;1665;29159;14270;4.4;2.2
63;2021-02-26;1623;1364;30782;15634;4.7;2.4
63;2021-02-27;641;72;31423;15706;4.8;2.4
63;2021-02-28;4;178;31427;15884;4.8;2.4
63;2021-03-01;586;518;32013;16402;4.8;2.5
63;2021-03-02;907;803;32920;17205;5.0;2.6
63;2021-03-03;1036;727;33956;17932;5.1;2.7
63;2021-03-04;1754;502;35710;18434;5.4;2.8
63;2021-03-05;2612;701;38322;19135;5.8;2.9
63;2021-03-06;1551;55;39873;19190;6.0;2.9
63;2021-03-07;512;21;40385;19211;6.1;2.9
63;2021-03-08;967;648;41352;19859;6.3;3.0
63;2021-03-09;1539;1065;42891;20924;6.5;3.2
63;2021-03-10;1655;618;44546;21542;6.7;3.3
63;2021-03-11;3056;898;47602;22440;7.2;3.4
63;2021-03-12;3514;396;51116;22836;7.7;3.5
63;2021-03-13;2049;86;53165;22922;8.1;3.5
63;2021-03-14;61;22;53226;22944;8.1;3.5
63;2021-03-15;1773;374;54999;23318;8.3;3.5
63;2021-03-16;1747;416;56746;23734;8.6;3.6
63;2021-03-17;1642;692;58388;24426;8.8;3.7
63;2021-03-18;1945;753;60333;25179;9.1;3.8
63;2021-03-19;2741;498;63074;25677;9.6;3.9
63;2021-03-20;1122;72;64196;25749;9.7;3.9
63;2021-03-21;50;45;64246;25794;9.7;3.9
63;2021-03-22;1984;261;66230;26055;10.0;3.9
63;2021-03-23;2885;348;69115;26403;10.5;4.0
63;2021-03-24;3224;353;72339;26756;11.0;4.1
63;2021-03-25;4598;398;76937;27154;11.7;4.1
63;2021-03-26;4692;577;81629;27731;12.4;4.2
63;2021-03-27;2457;235;84086;27966;12.7;4.2
63;2021-03-28;1047;83;85133;28049;12.9;4.2
63;2021-03-29;2480;525;87613;28574;13.3;4.3
63;2021-03-30;3283;632;90896;29206;13.8;4.4
63;2021-03-31;2968;761;93864;29967;14.2;4.5
63;2021-04-01;3845;543;97709;30510;14.8;4.6
63;2021-04-02;3484;712;101193;31222;15.3;4.7
63;2021-04-03;1174;181;102367;31403;15.5;4.8
63;2021-04-04;877;29;103244;31432;15.6;4.8
63;2021-04-05;801;86;104045;31518;15.8;4.8
63;2021-04-06;2483;943;106528;32461;16.1;4.9
63;2021-04-07;3208;875;109736;33336;16.6;5.0
63;2021-04-08;4720;1230;114456;34566;17.3;5.2
63;2021-04-09;5314;1012;119770;35578;18.1;5.4
63;2021-04-10;2221;481;121991;36059;18.5;5.5
63;2021-04-11;835;41;122826;36100;18.6;5.5
63;2021-04-12;1591;1315;124417;37415;18.8;5.7
63;2021-04-13;1986;1968;126403;39383;19.1;6.0
63;2021-04-14;2631;1440;129034;40823;19.5;6.2
63;2021-04-15;3809;1548;132843;42371;20.1;6.4
63;2021-04-16;2840;2167;135683;44538;20.6;6.7
63;2021-04-17;1233;673;136916;45211;20.7;6.8
63;2021-04-18;803;67;137719;45278;20.9;6.9
63;2021-04-19;1657;2107;139376;47385;21.1;7.2
63;2021-04-20;1702;2302;141078;49687;21.4;7.5
63;2021-04-21;1514;2413;142592;52100;21.6;7.9
63;2021-04-22;1916;2269;144508;54369;21.9;8.2
63;2021-04-23;2019;3115;146527;57484;22.2;8.7
63;2021-04-24;1192;1128;147719;58612;22.4;8.9
63;2021-04-25;554;412;148273;59024;22.5;8.9
63;2021-04-26;1438;2242;149711;61266;22.7;9.3
63;2021-04-27;2326;2616;152037;63882;23.0;9.7
63;2021-04-28;2346;3171;154383;67053;23.4;10.2
63;2021-04-29;2882;2841;157265;69894;23.8;10.6
63;2021-04-30;2862;2823;160127;72717;24.3;11.0
63;2021-05-01;1127;1052;161254;73769;24.4;11.2
63;2021-05-02;897;640;162151;74409;24.6;11.3
63;2021-05-03;2685;2253;164836;76662;25.0;11.6
63;2021-05-04;2877;2699;167713;79361;25.4;12.0
63;2021-05-05;2939;3126;170652;82487;25.8;12.5
63;2021-05-06;3673;3060;174325;85547;26.4;13.0
63;2021-05-07;4032;3546;178357;89093;27.0;13.5
63;2021-05-08;2002;655;180359;89748;27.3;13.6
63;2021-05-09;1802;608;182161;90356;27.6;13.7
63;2021-05-10;4194;2765;186355;93121;28.2;14.1
63;2021-05-11;5339;2769;191694;95890;29.0;14.5
63;2021-05-12;5274;2914;196968;98804;29.8;15.0
63;2021-05-13;4136;700;201104;99504;30.5;15.1
63;2021-05-14;4772;1514;205876;101018;31.2;15.3
63;2021-05-15;3727;986;209603;102004;31.7;15.4
63;2021-05-16;3521;448;213124;102452;32.3;15.5
63;2021-05-17;3902;1992;217026;104444;32.9;15.8
63;2021-05-18;5124;1615;222150;106059;33.6;16.1
63;2021-05-19;5229;1629;227379;107688;34.4;16.3
63;2021-05-20;6806;2092;234185;109780;35.5;16.6
63;2021-05-21;6256;2334;240441;112114;36.4;17.0
63;2021-05-22;3352;848;243793;112962;36.9;17.1
63;2021-05-23;2388;245;246181;113207;37.3;17.1
63;2021-05-24;2643;581;248824;113788;37.7;17.2
63;2021-05-25;4270;2646;253094;116434;38.3;17.6
63;2021-05-26;5452;2422;258546;118856;39.2;18.0
63;2021-05-27;6502;2801;265048;121657;40.1;18.4
63;2021-05-28;5422;3906;270470;125563;41.0;19.0
63;2021-05-29;3361;1503;273831;127066;41.5;19.2
63;2021-05-30;1579;217;275410;127283;41.7;19.3
63;2021-05-31;4157;2288;279567;129571;42.3;19.6
63;2021-06-01;3805;2962;283372;132533;42.9;20.1
63;2021-06-02;3886;2535;287258;135068;43.5;20.5
63;2021-06-03;4902;3142;292160;138210;44.3;20.9
63;2021-06-04;5100;3624;297260;141834;45.0;21.5
63;2021-06-05;2816;1747;300076;143581;45.4;21.7
63;2021-06-06;1309;698;301385;144279;45.6;21.9
63;2021-06-07;3163;2519;304548;146798;46.1;22.2
63;2021-06-08;2882;2755;307430;149553;46.6;22.7
63;2021-06-09;3025;2271;310455;151824;47.0;23.0
63;2021-06-10;3226;2691;313681;154515;47.5;23.4
63;2021-06-11;3099;4047;316780;158562;48.0;24.0
63;2021-06-12;1640;1969;318420;160531;48.2;24.3
63;2021-06-13;482;1098;318902;161629;48.3;24.5
63;2021-06-14;1824;3472;320726;165101;48.6;25.0
63;2021-06-15;2210;3480;322936;168581;48.9;25.5
63;2021-06-16;2576;3315;325512;171896;49.3;26.0
63;2021-06-17;2398;4316;327910;176212;49.7;26.7
63;2021-06-18;2480;5827;330390;182039;50.0;27.6
63;2021-06-19;1643;2835;332033;184874;50.3;28.0
63;2021-06-20;678;2441;332711;187315;50.4;28.4
63;2021-06-21;1272;5389;333983;192704;50.6;29.2
63;2021-06-22;1233;5539;335216;198243;50.8;30.0
63;2021-06-23;1531;4765;336747;203008;51.0;30.7
63;2021-06-24;1925;5383;338672;208391;51.3;31.6
63;2021-06-25;1751;5899;340423;214290;51.6;32.5
63;2021-06-26;1073;3352;341496;217642;51.7;33.0
63;2021-06-27;712;3487;342208;221129;51.8;33.5
63;2021-06-28;1136;5663;343344;226792;52.0;34.3
63;2021-06-29;1226;5160;344570;231952;52.2;35.1
63;2021-06-30;1606;5294;346176;237246;52.4;35.9
63;2021-07-01;1928;8069;348104;245315;52.7;37.2
63;2021-07-02;2061;6540;350165;251855;53.0;38.1
63;2021-07-03;965;2929;351130;254784;53.2;38.6
63;2021-07-04;1066;1885;352196;256669;53.3;38.9
63;2021-07-05;1540;6280;353736;262949;53.6;39.8
63;2021-07-06;1609;4808;355345;267757;53.8;40.6
63;2021-07-07;1973;4089;357318;271846;54.1;41.2
63;2021-07-08;2204;4587;359522;276433;54.5;41.9
63;2021-07-09;1911;5720;361433;282153;54.7;42.7
63;2021-07-10;1534;3415;362967;285568;55.0;43.3
63;2021-07-11;910;1538;363877;287106;55.1;43.5
63;2021-07-12;1597;8702;365474;295808;55.4;44.8
63;2021-07-13;3598;6134;369072;301942;55.9;45.7
63;2021-07-14;3618;1790;372690;303732;56.4;46.0
63;2021-07-15;4415;5036;377105;308768;57.1;46.8
63;2021-07-16;4693;5788;381798;314556;57.8;47.6
63;2021-07-17;3012;2473;384810;317029;58.3;48.0
63;2021-07-18;2825;1091;387635;318120;58.7;48.2
63;2021-07-19;4002;4848;391637;322968;59.3;48.9
63;2021-07-20;4737;5460;396374;328428;60.0;49.7
63;2021-07-21;4789;3979;401163;332407;60.8;50.3
63;2021-07-22;5509;4402;406672;336809;61.6;51.0
63;2021-07-23;5161;4652;411833;341461;62.4;51.7
63;2021-07-24;3679;1952;415512;343413;62.9;52.0
63;2021-07-25;3065;1438;418577;344851;63.4;52.2
63;2021-07-26;4040;3230;422617;348081;64.0;52.7
63;2021-07-27;3933;3165;426550;351246;64.6;53.2
63;2021-07-28;3851;2716;430401;353962;65.2;53.6
63;2021-07-29;4453;3159;434854;357121;65.9;54.1
63;2021-07-30;3807;3575;438661;360696;66.4;54.6
63;2021-07-31;2161;1721;440822;362417;66.8;54.9
63;2021-08-01;1197;837;442019;363254;66.9;55.0
63;2021-08-02;2226;3067;444245;366321;67.3;55.5
63;2021-08-03;2728;3255;446973;369576;67.7;56.0
63;2021-08-04;2808;3245;449781;372821;68.1;56.5
63;2021-08-05;2444;3481;452225;376302;68.5;57.0
63;2021-08-06;2352;4153;454577;380455;68.9;57.6
63;2021-08-07;1305;2808;455882;383263;69.0;58.0
63;2021-08-08;324;1205;456206;384468;69.1;58.2
63;2021-08-09;1849;4210;458055;388678;69.4;58.9
63;2021-08-10;2218;3994;460273;392672;69.7;59.5
63;2021-08-11;2100;3627;462373;396299;70.0;60.0
63;2021-08-12;1855;4620;464228;400919;70.3;60.7
63;2021-08-13;1677;4009;465905;404928;70.6;61.3
63;2021-08-14;841;3239;466746;408167;70.7;61.8
63;2021-08-15;184;1451;466930;409618;70.7;62.0
63;2021-08-16;1171;4396;468101;414014;70.9;62.7
63;2021-08-17;1601;4052;469702;418066;71.1;63.3
63;2021-08-18;1452;3305;471154;421371;71.4;63.8
63;2021-08-19;1322;3443;472476;424814;71.6;64.3
63;2021-08-20;1386;3711;473862;428525;71.8;64.9
63;2021-08-21;674;2166;474536;430691;71.9;65.2
63;2021-08-22;212;1092;474748;431783;71.9;65.4
63;2021-08-23;1075;3591;475823;435374;72.1;65.9
63;2021-08-24;1091;2990;476914;438364;72.2;66.4
63;2021-08-25;1005;2787;477919;441151;72.4;66.8
63;2021-08-26;1130;2707;479049;443858;72.6;67.2
63;2021-08-27;1149;3162;480198;447020;72.7;67.7
63;2021-08-28;698;1709;480896;448729;72.8;68.0
63;2021-08-29;107;577;481003;449306;72.9;68.1
63;2021-08-30;790;2398;481793;451704;73.0;68.4
63;2021-08-31;992;2472;482785;454176;73.1;68.8
63;2021-09-01;942;1867;483727;456043;73.3;69.1
63;2021-09-02;820;1769;484547;457812;73.4;69.3
63;2021-09-03;905;2262;485452;460074;73.5;69.7
63;2021-09-04;710;1411;486162;461485;73.6;69.9
63;2021-09-05;80;258;486242;461743;73.6;69.9
63;2021-09-06;561;1144;486803;462887;73.7;70.1
63;2021-09-07;660;1343;487463;464230;73.8;70.3
63;2021-09-08;705;1456;488168;465686;73.9;70.5
63;2021-09-09;595;1163;488763;466849;74.0;70.7
63;2021-09-10;732;1645;489495;468494;74.1;71.0
63;2021-09-11;459;998;489954;469492;74.2;71.1
63;2021-09-12;51;144;490005;469636;74.2;71.1
63;2021-09-13;457;930;490462;470566;74.3;71.3
63;2021-09-14;530;814;490992;471380;74.4;71.4
63;2021-09-15;636;1288;491628;472668;74.5;71.6
63;2021-09-16;477;872;492105;473540;74.5;71.7
63;2021-09-17;474;1261;492579;474801;74.6;71.9
63;2021-09-18;319;992;492898;475793;74.7;72.1
63;2021-09-19;44;97;492942;475890;74.7;72.1
63;2021-09-20;365;707;493307;476597;74.7;72.2
63;2021-09-21;412;663;493719;477260;74.8;72.3
63;2021-09-22;401;1113;494120;478373;74.8;72.5
63;2021-09-23;299;666;494419;479039;74.9;72.6
63;2021-09-24;484;1181;494903;480220;75.0;72.7
63;2021-09-25;253;816;495156;481036;75.0;72.9
63;2021-09-26;26;100;495182;481136;75.0;72.9
63;2021-09-27;317;643;495499;481779;75.0;73.0
63;2021-09-28;292;617;495791;482396;75.1;73.1
63;2021-09-29;304;734;496095;483130;75.1;73.2
63;2021-09-30;295;657;496390;483787;75.2;73.3
63;2021-10-01;472;856;496862;484643;75.3;73.4
63;2021-10-02;273;558;497135;485201;75.3;73.5
63;2021-10-03;37;69;497172;485270;75.3;73.5
63;2021-10-04;208;401;497380;485671;75.3;73.6
63;2021-10-05;260;456;497640;486127;75.4;73.6
63;2021-10-06;332;603;497972;486730;75.4;73.7
63;2021-10-07;244;461;498216;487191;75.5;73.8
63;2021-10-08;408;711;498624;487902;75.5;73.9
63;2021-10-09;240;417;498864;488319;75.6;74.0
63;2021-10-10;36;57;498900;488376;75.6;74.0
63;2021-10-11;206;430;499106;488806;75.6;74.0
63;2021-10-12;188;380;499294;489186;75.6;74.1
63;2021-10-13;309;550;499603;489736;75.7;74.2
64;2020-12-27;1;0;1;0;0.0;0.0
64;2020-12-28;2;0;3;0;0.0;0.0
64;2020-12-29;0;0;3;0;0.0;0.0
64;2020-12-30;1;0;4;0;0.0;0.0
64;2020-12-31;0;0;4;0;0.0;0.0
64;2021-01-01;1;0;5;0;0.0;0.0
64;2021-01-02;0;0;5;0;0.0;0.0
64;2021-01-03;0;0;5;0;0.0;0.0
64;2021-01-04;29;0;34;0;0.0;0.0
64;2021-01-05;25;0;59;0;0.0;0.0
64;2021-01-06;189;0;248;0;0.0;0.0
64;2021-01-07;842;1;1090;1;0.2;0.0
64;2021-01-08;880;3;1970;4;0.3;0.0
64;2021-01-09;55;0;2025;4;0.3;0.0
64;2021-01-10;2;0;2027;4;0.3;0.0
64;2021-01-11;543;0;2570;4;0.4;0.0
64;2021-01-12;760;4;3330;8;0.5;0.0
64;2021-01-13;866;3;4196;11;0.6;0.0
64;2021-01-14;1046;6;5242;17;0.8;0.0
64;2021-01-15;929;5;6171;22;0.9;0.0
64;2021-01-16;70;0;6241;22;0.9;0.0
64;2021-01-17;8;2;6249;24;0.9;0.0
64;2021-01-18;942;8;7191;32;1.1;0.0
64;2021-01-19;1448;4;8639;36;1.3;0.0
64;2021-01-20;1618;3;10257;39;1.5;0.0
64;2021-01-21;2603;2;12860;41;1.9;0.0
64;2021-01-22;1651;4;14511;45;2.1;0.0
64;2021-01-23;525;1;15036;46;2.2;0.0
64;2021-01-24;89;0;15125;46;2.2;0.0
64;2021-01-25;974;9;16099;55;2.4;0.0
64;2021-01-26;1358;22;17457;77;2.6;0.0
64;2021-01-27;1241;119;18698;196;2.7;0.0
64;2021-01-28;1652;631;20350;827;3.0;0.1
64;2021-01-29;975;651;21325;1478;3.1;0.2
64;2021-01-30;469;59;21794;1537;3.2;0.2
64;2021-01-31;93;0;21887;1537;3.2;0.2
64;2021-02-01;675;311;22562;1848;3.3;0.3
64;2021-02-02;1134;554;23696;2402;3.5;0.4
64;2021-02-03;1044;646;24740;3048;3.6;0.4
64;2021-02-04;1028;535;25768;3583;3.8;0.5
64;2021-02-05;869;456;26637;4039;3.9;0.6
64;2021-02-06;501;32;27138;4071;4.0;0.6
64;2021-02-07;131;5;27269;4076;4.0;0.6
64;2021-02-08;769;311;28038;4387;4.1;0.6
64;2021-02-09;949;714;28987;5101;4.2;0.7
64;2021-02-10;916;790;29903;5891;4.4;0.9
64;2021-02-11;1199;1508;31102;7399;4.6;1.1
64;2021-02-12;1076;1064;32178;8463;4.7;1.2
64;2021-02-13;223;314;32401;8777;4.7;1.3
64;2021-02-14;38;48;32439;8825;4.7;1.3
64;2021-02-15;223;1132;32662;9957;4.8;1.5
64;2021-02-16;261;1405;32923;11362;4.8;1.7
64;2021-02-17;291;1245;33214;12607;4.9;1.8
64;2021-02-18;509;1714;33723;14321;4.9;2.1
64;2021-02-19;413;1288;34136;15609;5.0;2.3
64;2021-02-20;119;435;34255;16044;5.0;2.3
64;2021-02-21;20;83;34275;16127;5.0;2.4
64;2021-02-22;478;985;34753;17112;5.1;2.5
64;2021-02-23;722;1145;35475;18257;5.2;2.7
64;2021-02-24;731;1014;36206;19271;5.3;2.8
64;2021-02-25;1094;955;37300;20226;5.5;3.0
64;2021-02-26;1216;915;38516;21141;5.6;3.1
64;2021-02-27;864;405;39380;21546;5.8;3.2
64;2021-02-28;42;82;39422;21628;5.8;3.2
64;2021-03-01;767;799;40189;22427;5.9;3.3
64;2021-03-02;1077;918;41266;23345;6.0;3.4
64;2021-03-03;1252;1000;42518;24345;6.2;3.6
64;2021-03-04;1883;1184;44401;25529;6.5;3.7
64;2021-03-05;2199;1078;46600;26607;6.8;3.9
64;2021-03-06;1543;518;48143;27125;7.0;4.0
64;2021-03-07;595;113;48738;27238;7.1;4.0
64;2021-03-08;1534;765;50272;28003;7.4;4.1
64;2021-03-09;2071;849;52343;28852;7.7;4.2
64;2021-03-10;2083;765;54426;29617;8.0;4.3
64;2021-03-11;2976;1078;57402;30695;8.4;4.5
64;2021-03-12;3489;608;60891;31303;8.9;4.6
64;2021-03-13;2258;171;63149;31474;9.2;4.6
64;2021-03-14;233;15;63382;31489;9.3;4.6
64;2021-03-15;2337;234;65719;31723;9.6;4.6
64;2021-03-16;2002;269;67721;31992;9.9;4.7
64;2021-03-17;2070;241;69791;32233;10.2;4.7
64;2021-03-18;2463;209;72254;32442;10.6;4.7
64;2021-03-19;3014;288;75268;32730;11.0;4.8
64;2021-03-20;2470;95;77738;32825;11.4;4.8
64;2021-03-21;1282;28;79020;32853;11.6;4.8
64;2021-03-22;2588;556;81608;33409;11.9;4.9
64;2021-03-23;3197;650;84805;34059;12.4;5.0
64;2021-03-24;3564;708;88369;34767;12.9;5.1
64;2021-03-25;4350;805;92719;35572;13.6;5.2
64;2021-03-26;4429;711;97148;36283;14.2;5.3
64;2021-03-27;2974;437;100122;36720;14.7;5.4
64;2021-03-28;521;56;100643;36776;14.7;5.4
64;2021-03-29;3028;891;103671;37667;15.2;5.5
64;2021-03-30;4135;874;107806;38541;15.8;5.6
64;2021-03-31;3594;796;111400;39337;16.3;5.8
64;2021-04-01;4787;944;116187;40281;17.0;5.9
64;2021-04-02;4444;747;120631;41028;17.7;6.0
64;2021-04-03;2061;588;122692;41616;18.0;6.1
64;2021-04-04;310;50;123002;41666;18.0;6.1
64;2021-04-05;1689;144;124691;41810;18.3;6.1
64;2021-04-06;3647;1394;128338;43204;18.8;6.3
64;2021-04-07;3946;1518;132284;44722;19.4;6.5
64;2021-04-08;5192;1602;137476;46324;20.1;6.8
64;2021-04-09;5899;1648;143375;47972;21.0;7.0
64;2021-04-10;3222;1055;146597;49027;21.5;7.2
64;2021-04-11;448;253;147045;49280;21.5;7.2
64;2021-04-12;4047;1869;151092;51149;22.1;7.5
64;2021-04-13;4466;2171;155558;53320;22.8;7.8
64;2021-04-14;4091;2143;159649;55463;23.4;8.1
64;2021-04-15;4394;2300;164043;57763;24.0;8.5
64;2021-04-16;4300;2261;168343;60024;24.6;8.8
64;2021-04-17;2479;1504;170822;61528;25.0;9.0
64;2021-04-18;1096;1181;171918;62709;25.2;9.2
64;2021-04-19;2735;2450;174653;65159;25.6;9.5
64;2021-04-20;3208;2434;177861;67593;26.0;9.9
64;2021-04-21;3225;2567;181086;70160;26.5;10.3
64;2021-04-22;3389;2787;184475;72947;27.0;10.7
64;2021-04-23;3435;2617;187910;75564;27.5;11.1
64;2021-04-24;2068;1591;189978;77155;27.8;11.3
64;2021-04-25;290;237;190268;77392;27.9;11.3
64;2021-04-26;2661;2656;192929;80048;28.2;11.7
64;2021-04-27;3060;3137;195989;83185;28.7;12.2
64;2021-04-28;3604;3066;199593;86251;29.2;12.6
64;2021-04-29;4650;3465;204243;89716;29.9;13.1
64;2021-04-30;4085;3616;208328;93332;30.5;13.7
64;2021-05-01;1486;1032;209814;94364;30.7;13.8
64;2021-05-02;446;325;210260;94689;30.8;13.9
64;2021-05-03;2910;3528;213170;98217;31.2;14.4
64;2021-05-04;3646;4002;216816;102219;31.7;15.0
64;2021-05-05;3358;4011;220174;106230;32.2;15.5
64;2021-05-06;4109;3992;224283;110222;32.8;16.1
64;2021-05-07;3922;4196;228205;114418;33.4;16.7
64;2021-05-08;2623;1236;230828;115654;33.8;16.9
64;2021-05-09;722;305;231550;115959;33.9;17.0
64;2021-05-10;2862;4238;234412;120197;34.3;17.6
64;2021-05-11;4183;4150;238595;124347;34.9;18.2
64;2021-05-12;4489;3945;243084;128292;35.6;18.8
64;2021-05-13;3198;887;246282;129179;36.0;18.9
64;2021-05-14;5153;3150;251435;132329;36.8;19.4
64;2021-05-15;3526;1865;254961;134194;37.3;19.6
64;2021-05-16;498;225;255459;134419;37.4;19.7
64;2021-05-17;4191;2390;259650;136809;38.0;20.0
64;2021-05-18;5164;2305;264814;139114;38.8;20.4
64;2021-05-19;4980;2165;269794;141279;39.5;20.7
64;2021-05-20;5567;2158;275361;143437;40.3;21.0
64;2021-05-21;5268;2249;280629;145686;41.1;21.3
64;2021-05-22;3581;1508;284210;147194;41.6;21.5
64;2021-05-23;431;206;284641;147400;41.7;21.6
64;2021-05-24;2996;1232;287637;148632;42.1;21.8
64;2021-05-25;4332;2851;291969;151483;42.7;22.2
64;2021-05-26;4359;2716;296328;154199;43.4;22.6
64;2021-05-27;5283;3156;301611;157355;44.1;23.0
64;2021-05-28;4620;3439;306231;160794;44.8;23.5
64;2021-05-29;2810;2114;309041;162908;45.2;23.8
64;2021-05-30;439;203;309480;163111;45.3;23.9
64;2021-05-31;3890;3662;313370;166773;45.9;24.4
64;2021-06-01;5335;3571;318705;170344;46.7;24.9
64;2021-06-02;4931;3176;323636;173520;47.4;25.4
64;2021-06-03;6365;3263;330001;176783;48.3;25.9
64;2021-06-04;5150;4558;335151;181341;49.1;26.5
64;2021-06-05;3482;2524;338633;183865;49.6;26.9
64;2021-06-06;2014;330;340647;184195;49.9;27.0
64;2021-06-07;4128;4333;344775;188528;50.5;27.6
64;2021-06-08;5151;4126;349926;192654;51.2;28.2
64;2021-06-09;5151;3660;355077;196314;52.0;28.7
64;2021-06-10;6180;3145;361257;199459;52.9;29.2
64;2021-06-11;5585;4880;366842;204339;53.7;29.9
64;2021-06-12;3950;2336;370792;206675;54.3;30.3
64;2021-06-13;1555;394;372347;207069;54.5;30.3
64;2021-06-14;3669;4793;376016;211862;55.0;31.0
64;2021-06-15;4572;4708;380588;216570;55.7;31.7
64;2021-06-16;4470;4664;385058;221234;56.4;32.4
64;2021-06-17;3641;4307;388699;225541;56.9;33.0
64;2021-06-18;4421;5170;393120;230711;57.5;33.8
64;2021-06-19;2984;3282;396104;233993;58.0;34.3
64;2021-06-20;881;539;396985;234532;58.1;34.3
64;2021-06-21;2314;5125;399299;239657;58.4;35.1
64;2021-06-22;2555;5726;401854;245383;58.8;35.9
64;2021-06-23;3104;5482;404958;250865;59.3;36.7
64;2021-06-24;2719;3810;407677;254675;59.7;37.3
64;2021-06-25;2900;6436;410577;261111;60.1;38.2
64;2021-06-26;1798;3835;412375;264946;60.4;38.8
64;2021-06-27;493;713;412868;265659;60.4;38.9
64;2021-06-28;1935;6070;414803;271729;60.7;39.8
64;2021-06-29;1967;6265;416770;277994;61.0;40.7
64;2021-06-30;2255;6000;419025;283994;61.3;41.6
64;2021-07-01;2406;5342;421431;289336;61.7;42.4
64;2021-07-02;2307;6406;423738;295742;62.0;43.3
64;2021-07-03;1263;3783;425001;299525;62.2;43.8
64;2021-07-04;411;847;425412;300372;62.3;44.0
64;2021-07-05;1376;5405;426788;305777;62.5;44.8
64;2021-07-06;1994;6152;428782;311929;62.8;45.7
64;2021-07-07;2062;5750;430844;317679;63.1;46.5
64;2021-07-08;1804;4397;432648;322076;63.3;47.1
64;2021-07-09;1825;6536;434473;328612;63.6;48.1
64;2021-07-10;1171;3881;435644;332493;63.8;48.7
64;2021-07-11;253;860;435897;333353;63.8;48.8
64;2021-07-12;1501;6086;437398;339439;64.0;49.7
64;2021-07-13;2366;7248;439764;346687;64.4;50.7
64;2021-07-14;2368;3407;442132;350094;64.7;51.2
64;2021-07-15;2105;5480;444237;355574;65.0;52.0
64;2021-07-16;2848;6777;447085;362351;65.4;53.0
64;2021-07-17;2338;4586;449423;366937;65.8;53.7
64;2021-07-18;716;2051;450139;368988;65.9;54.0
64;2021-07-19;2348;6122;452487;375110;66.2;54.9
64;2021-07-20;3130;6560;455617;381670;66.7;55.9
64;2021-07-21;3345;6046;458962;387716;67.2;56.8
64;2021-07-22;3808;5718;462770;393434;67.7;57.6
64;2021-07-23;3724;5620;466494;399054;68.3;58.4
64;2021-07-24;2553;4431;469047;403485;68.7;59.1
64;2021-07-25;754;1062;469801;404547;68.8;59.2
64;2021-07-26;3085;5131;472886;409678;69.2;60.0
64;2021-07-27;4261;5146;477147;414824;69.8;60.7
64;2021-07-28;4315;4598;481462;419422;70.5;61.4
64;2021-07-29;5518;3905;486980;423327;71.3;62.0
64;2021-07-30;5146;4234;492126;427561;72.0;62.6
64;2021-07-31;3171;3346;495297;430907;72.5;63.1
64;2021-08-01;1145;589;496442;431496;72.7;63.2
64;2021-08-02;4369;2632;500811;434128;73.3;63.5
64;2021-08-03;4557;3176;505368;437304;74.0;64.0
64;2021-08-04;4132;3000;509500;440304;74.6;64.5
64;2021-08-05;4037;2614;513537;442918;75.2;64.8
64;2021-08-06;3843;3338;517380;446256;75.7;65.3
64;2021-08-07;2481;2701;519861;448957;76.1;65.7
64;2021-08-08;492;609;520353;449566;76.2;65.8
64;2021-08-09;2740;3201;523093;452767;76.6;66.3
64;2021-08-10;3354;3437;526447;456204;77.1;66.8
64;2021-08-11;3068;3264;529515;459468;77.5;67.3
64;2021-08-12;3191;3308;532706;462776;78.0;67.7
64;2021-08-13;2575;3660;535281;466436;78.4;68.3
64;2021-08-14;1633;2684;536914;469120;78.6;68.7
64;2021-08-15;208;691;537122;469811;78.6;68.8
64;2021-08-16;2102;3236;539224;473047;78.9;69.2
64;2021-08-17;2299;3708;541523;476755;79.3;69.8
64;2021-08-18;2044;3521;543567;480276;79.6;70.3
64;2021-08-19;1938;3525;545505;483801;79.8;70.8
64;2021-08-20;1578;3975;547083;487776;80.1;71.4
64;2021-08-21;975;2883;548058;490659;80.2;71.8
64;2021-08-22;160;895;548218;491554;80.2;72.0
64;2021-08-23;1269;3239;549487;494793;80.4;72.4
64;2021-08-24;1378;4596;550865;499389;80.6;73.1
64;2021-08-25;1260;3747;552125;503136;80.8;73.6
64;2021-08-26;1110;3532;553235;506668;81.0;74.2
64;2021-08-27;1189;4230;554424;510898;81.2;74.8
64;2021-08-28;735;2496;555159;513394;81.3;75.1
64;2021-08-29;90;533;555249;513927;81.3;75.2
64;2021-08-30;989;3518;556238;517445;81.4;75.7
64;2021-08-31;990;3761;557228;521206;81.6;76.3
64;2021-09-01;932;2912;558160;524118;81.7;76.7
64;2021-09-02;900;2814;559060;526932;81.8;77.1
64;2021-09-03;874;2746;559934;529678;82.0;77.5
64;2021-09-04;698;2055;560632;531733;82.1;77.8
64;2021-09-05;74;206;560706;531939;82.1;77.9
64;2021-09-06;533;2130;561239;534069;82.2;78.2
64;2021-09-07;717;1937;561956;536006;82.3;78.5
64;2021-09-08;737;2539;562693;538545;82.4;78.8
64;2021-09-09;482;1720;563175;540265;82.4;79.1
64;2021-09-10;744;2057;563919;542322;82.5;79.4
64;2021-09-11;594;1973;564513;544295;82.6;79.7
64;2021-09-12;62;167;564575;544462;82.6;79.7
64;2021-09-13;441;1405;565016;545867;82.7;79.9
64;2021-09-14;489;1089;565505;546956;82.8;80.1
64;2021-09-15;690;1747;566195;548703;82.9;80.3
64;2021-09-16;486;844;566681;549547;82.9;80.4
64;2021-09-17;565;1353;567246;550900;83.0;80.6
64;2021-09-18;332;1258;567578;552158;83.1;80.8
64;2021-09-19;18;42;567596;552200;83.1;80.8
64;2021-09-20;248;481;567844;552681;83.1;80.9
64;2021-09-21;433;954;568277;553635;83.2;81.0
64;2021-09-22;384;1426;568661;555061;83.2;81.2
64;2021-09-23;278;730;568939;555791;83.3;81.4
64;2021-09-24;398;986;569337;556777;83.3;81.5
64;2021-09-25;298;1033;569635;557810;83.4;81.7
64;2021-09-26;0;4;569635;557814;83.4;81.7
64;2021-09-27;234;567;569869;558381;83.4;81.7
64;2021-09-28;260;671;570129;559052;83.5;81.8
64;2021-09-29;341;984;570470;560036;83.5;82.0
64;2021-09-30;257;440;570727;560476;83.5;82.0
64;2021-10-01;308;727;571035;561203;83.6;82.1
64;2021-10-02;214;566;571249;561769;83.6;82.2
64;2021-10-03;0;2;571249;561771;83.6;82.2
64;2021-10-04;239;425;571488;562196;83.7;82.3
64;2021-10-05;314;634;571802;562830;83.7;82.4
64;2021-10-06;408;910;572210;563740;83.8;82.5
64;2021-10-07;203;502;572413;564242;83.8;82.6
64;2021-10-08;315;706;572728;564948;83.8;82.7
64;2021-10-09;247;403;572975;565351;83.9;82.8
64;2021-10-10;0;8;572975;565359;83.9;82.8
64;2021-10-11;141;256;573116;565615;83.9;82.8
64;2021-10-12;267;611;573383;566226;83.9;82.9
64;2021-10-13;352;586;573735;566812;84.0;83.0
65;2020-12-27;0;0;0;0;0.0;0.0
65;2020-12-28;1;1;1;1;0.0;0.0
65;2020-12-29;0;0;1;1;0.0;0.0
65;2020-12-30;0;0;1;1;0.0;0.0
65;2020-12-31;0;0;1;1;0.0;0.0
65;2021-01-01;1;1;2;2;0.0;0.0
65;2021-01-02;0;0;2;2;0.0;0.0
65;2021-01-03;0;0;2;2;0.0;0.0
65;2021-01-04;0;0;2;2;0.0;0.0
65;2021-01-05;1;0;3;2;0.0;0.0
65;2021-01-06;3;0;6;2;0.0;0.0
65;2021-01-07;168;0;174;2;0.1;0.0
65;2021-01-08;253;1;427;3;0.2;0.0
65;2021-01-09;177;2;604;5;0.3;0.0
65;2021-01-10;1;0;605;5;0.3;0.0
65;2021-01-11;275;3;880;8;0.4;0.0
65;2021-01-12;271;1;1151;9;0.5;0.0
65;2021-01-13;587;1;1738;10;0.8;0.0
65;2021-01-14;581;9;2319;19;1.0;0.0
65;2021-01-15;527;2;2846;21;1.3;0.0
65;2021-01-16;221;2;3067;23;1.4;0.0
65;2021-01-17;0;0;3067;23;1.4;0.0
65;2021-01-18;554;5;3621;28;1.6;0.0
65;2021-01-19;571;2;4192;30;1.8;0.0
65;2021-01-20;585;6;4777;36;2.1;0.0
65;2021-01-21;585;0;5362;36;2.4;0.0
65;2021-01-22;598;2;5960;38;2.6;0.0
65;2021-01-23;174;1;6134;39;2.7;0.0
65;2021-01-24;3;1;6137;40;2.7;0.0
65;2021-01-25;551;4;6688;44;2.9;0.0
65;2021-01-26;883;2;7571;46;3.3;0.0
65;2021-01-27;592;14;8163;60;3.6;0.0
65;2021-01-28;509;71;8672;131;3.8;0.1
65;2021-01-29;426;138;9098;269;4.0;0.1
65;2021-01-30;182;74;9280;343;4.1;0.2
65;2021-01-31;15;0;9295;343;4.1;0.2
65;2021-02-01;351;95;9646;438;4.3;0.2
65;2021-02-02;432;190;10078;628;4.4;0.3
65;2021-02-03;463;245;10541;873;4.6;0.4
65;2021-02-04;310;330;10851;1203;4.8;0.5
65;2021-02-05;284;362;11135;1565;4.9;0.7
65;2021-02-06;99;99;11234;1664;5.0;0.7
65;2021-02-07;10;0;11244;1664;5.0;0.7
65;2021-02-08;426;221;11670;1885;5.1;0.8
65;2021-02-09;272;379;11942;2264;5.3;1.0
65;2021-02-10;298;269;12240;2533;5.4;1.1
65;2021-02-11;320;275;12560;2808;5.5;1.2
65;2021-02-12;277;229;12837;3037;5.7;1.3
65;2021-02-13;126;97;12963;3134;5.7;1.4
65;2021-02-14;3;16;12966;3150;5.7;1.4
65;2021-02-15;203;412;13169;3562;5.8;1.6
65;2021-02-16;489;578;13658;4140;6.0;1.8
65;2021-02-17;231;500;13889;4640;6.1;2.0
65;2021-02-18;284;581;14173;5221;6.2;2.3
65;2021-02-19;156;478;14329;5699;6.3;2.5
65;2021-02-20;53;158;14382;5857;6.3;2.6
65;2021-02-21;3;48;14385;5905;6.3;2.6
65;2021-02-22;167;539;14552;6444;6.4;2.8
65;2021-02-23;249;527;14801;6971;6.5;3.1
65;2021-02-24;231;639;15032;7610;6.6;3.4
65;2021-02-25;215;183;15247;7793;6.7;3.4
65;2021-02-26;349;772;15596;8565;6.9;3.8
65;2021-02-27;109;204;15705;8769;6.9;3.9
65;2021-02-28;1;0;15706;8769;6.9;3.9
65;2021-03-01;379;373;16085;9142;7.1;4.0
65;2021-03-02;455;364;16540;9506;7.3;4.2
65;2021-03-03;381;391;16921;9897;7.5;4.4
65;2021-03-04;696;332;17617;10229;7.8;4.5
65;2021-03-05;679;286;18296;10515;8.1;4.6
65;2021-03-06;1187;89;19483;10604;8.6;4.7
65;2021-03-07;257;12;19740;10616;8.7;4.7
65;2021-03-08;412;345;20152;10961;8.9;4.8
65;2021-03-09;670;339;20822;11300;9.2;5.0
65;2021-03-10;624;371;21446;11671;9.5;5.1
65;2021-03-11;778;362;22224;12033;9.8;5.3
65;2021-03-12;1060;192;23284;12225;10.3;5.4
65;2021-03-13;356;93;23640;12318;10.4;5.4
65;2021-03-14;3;30;23643;12348;10.4;5.4
65;2021-03-15;816;188;24459;12536;10.8;5.5
65;2021-03-16;694;221;25153;12757;11.1;5.6
65;2021-03-17;712;209;25865;12966;11.4;5.7
65;2021-03-18;537;236;26402;13202;11.6;5.8
65;2021-03-19;878;164;27280;13366;12.0;5.9
65;2021-03-20;245;46;27525;13412;12.1;5.9
65;2021-03-21;12;2;27537;13414;12.1;5.9
65;2021-03-22;734;154;28271;13568;12.5;6.0
65;2021-03-23;838;369;29109;13937;12.8;6.1
65;2021-03-24;868;254;29977;14191;13.2;6.3
65;2021-03-25;1253;191;31230;14382;13.8;6.3
65;2021-03-26;1225;148;32455;14530;14.3;6.4
65;2021-03-27;1357;95;33812;14625;14.9;6.4
65;2021-03-28;1;2;33813;14627;14.9;6.4
65;2021-03-29;1490;362;35303;14989;15.6;6.6
65;2021-03-30;1357;407;36660;15396;16.2;6.8
65;2021-03-31;1208;372;37868;15768;16.7;7.0
65;2021-04-01;1509;399;39377;16167;17.4;7.1
65;2021-04-02;1685;289;41062;16456;18.1;7.3
65;2021-04-03;247;45;41309;16501;18.2;7.3
65;2021-04-04;4;2;41313;16503;18.2;7.3
65;2021-04-05;158;44;41471;16547;18.3;7.3
65;2021-04-06;1294;494;42765;17041;18.9;7.5
65;2021-04-07;1958;461;44723;17502;19.7;7.7
65;2021-04-08;1644;421;46367;17923;20.4;7.9
65;2021-04-09;1643;472;48010;18395;21.2;8.1
65;2021-04-10;1592;153;49602;18548;21.9;8.2
65;2021-04-11;3;0;49605;18548;21.9;8.2
65;2021-04-12;1352;737;50957;19285;22.5;8.5
65;2021-04-13;1584;596;52541;19881;23.2;8.8
65;2021-04-14;1905;745;54446;20626;24.0;9.1
65;2021-04-15;1701;678;56147;21304;24.8;9.4
65;2021-04-16;1824;530;57971;21834;25.6;9.6
65;2021-04-17;2156;133;60127;21967;26.5;9.7
65;2021-04-18;7;27;60134;21994;26.5;9.7
65;2021-04-19;1337;776;61471;22770;27.1;10.0
65;2021-04-20;1530;711;63001;23481;27.8;10.4
65;2021-04-21;1052;1049;64053;24530;28.2;10.8
65;2021-04-22;1647;729;65700;25259;29.0;11.1
65;2021-04-23;1160;1149;66860;26408;29.5;11.6
65;2021-04-24;1265;612;68125;27020;30.0;11.9
65;2021-04-25;31;15;68156;27035;30.0;11.9
65;2021-04-26;1611;1299;69767;28334;30.8;12.5
65;2021-04-27;1423;1342;71190;29676;31.4;13.1
65;2021-04-28;1731;1026;72921;30702;32.1;13.5
65;2021-04-29;1959;1038;74880;31740;33.0;14.0
65;2021-04-30;1782;926;76662;32666;33.8;14.4
65;2021-05-01;1574;233;78236;32899;34.5;14.5
65;2021-05-02;671;25;78907;32924;34.8;14.5
65;2021-05-03;1280;1620;80187;34544;35.3;15.2
65;2021-05-04;1537;1245;81724;35789;36.0;15.8
65;2021-05-05;1374;1648;83098;37437;36.6;16.5
65;2021-05-06;1558;1177;84656;38614;37.3;17.0
65;2021-05-07;1275;1571;85931;40185;37.9;17.7
65;2021-05-08;1647;443;87578;40628;38.6;17.9
65;2021-05-09;0;88;87578;40716;38.6;17.9
65;2021-05-10;953;1883;88531;42599;39.0;18.8
65;2021-05-11;1061;1808;89592;44407;39.5;19.6
65;2021-05-12;1236;1637;90828;46044;40.0;20.3
65;2021-05-13;1345;171;92173;46215;40.6;20.4
65;2021-05-14;1575;1094;93748;47309;41.3;20.9
65;2021-05-15;1402;509;95150;47818;41.9;21.1
65;2021-05-16;1444;70;96594;47888;42.6;21.1
65;2021-05-17;1036;1614;97630;49502;43.0;21.8
65;2021-05-18;1612;1207;99242;50709;43.7;22.4
65;2021-05-19;1684;1010;100926;51719;44.5;22.8
65;2021-05-20;1845;1054;102771;52773;45.3;23.3
65;2021-05-21;1790;1230;104561;54003;46.1;23.8
65;2021-05-22;1287;639;105848;54642;46.7;24.1
65;2021-05-23;689;32;106537;54674;47.0;24.1
65;2021-05-24;703;77;107240;54751;47.3;24.1
65;2021-05-25;1359;1547;108599;56298;47.9;24.8
65;2021-05-26;1471;1354;110070;57652;48.5;25.4
65;2021-05-27;1622;1464;111692;59116;49.2;26.1
65;2021-05-28;1598;1673;113290;60789;49.9;26.8
65;2021-05-29;1188;1515;114478;62304;50.5;27.5
65;2021-05-30;7;10;114485;62314;50.5;27.5
65;2021-05-31;1323;1298;115808;63612;51.1;28.0
65;2021-06-01;1832;937;117640;64549;51.9;28.5
65;2021-06-02;1574;950;119214;65499;52.6;28.9
65;2021-06-03;1343;1105;120557;66604;53.1;29.4
65;2021-06-04;1790;1560;122347;68164;53.9;30.0
65;2021-06-05;432;1240;122779;69404;54.1;30.6
65;2021-06-06;3;13;122782;69417;54.1;30.6
65;2021-06-07;675;1984;123457;71401;54.4;31.5
65;2021-06-08;956;1534;124413;72935;54.8;32.2
65;2021-06-09;828;1548;125241;74483;55.2;32.8
65;2021-06-10;739;1155;125980;75638;55.5;33.3
65;2021-06-11;909;1802;126889;77440;55.9;34.1
65;2021-06-12;150;640;127039;78080;56.0;34.4
65;2021-06-13;5;7;127044;78087;56.0;34.4
65;2021-06-14;502;2421;127546;80508;56.2;35.5
65;2021-06-15;942;1802;128488;82310;56.6;36.3
65;2021-06-16;1064;1365;129552;83675;57.1;36.9
65;2021-06-17;814;1046;130366;84721;57.5;37.3
65;2021-06-18;1019;1633;131385;86354;57.9;38.1
65;2021-06-19;690;1689;132075;88043;58.2;38.8
65;2021-06-20;2;2;132077;88045;58.2;38.8
65;2021-06-21;735;1941;132812;89986;58.5;39.7
65;2021-06-22;1045;1479;133857;91465;59.0;40.3
65;2021-06-23;1063;1234;134920;92699;59.5;40.9
65;2021-06-24;976;1143;135896;93842;59.9;41.4
65;2021-06-25;831;1968;136727;95810;60.3;42.2
65;2021-06-26;168;1658;136895;97468;60.3;43.0
65;2021-06-27;15;1100;136910;98568;60.4;43.5
65;2021-06-28;444;2301;137354;100869;60.6;44.5
65;2021-06-29;683;1921;138037;102790;60.9;45.3
65;2021-06-30;934;1678;138971;104468;61.3;46.1
65;2021-07-01;605;749;139576;105217;61.5;46.4
65;2021-07-02;1166;1732;140742;106949;62.0;47.1
65;2021-07-03;197;1915;140939;108864;62.1;48.0
65;2021-07-04;416;186;141355;109050;62.3;48.1
65;2021-07-05;641;1992;141996;111042;62.6;49.0
65;2021-07-06;897;2127;142893;113169;63.0;49.9
65;2021-07-07;978;1517;143871;114686;63.4;50.6
65;2021-07-08;328;664;144199;115350;63.6;50.9
65;2021-07-09;550;1594;144749;116944;63.8;51.6
65;2021-07-10;304;956;145053;117900;63.9;52.0
65;2021-07-11;0;0;145053;117900;63.9;52.0
65;2021-07-12;481;2220;145534;120120;64.2;53.0
65;2021-07-13;700;2148;146234;122268;64.5;53.9
65;2021-07-14;214;52;146448;122320;64.6;53.9
65;2021-07-15;1098;1664;147546;123984;65.0;54.7
65;2021-07-16;1186;1884;148732;125868;65.6;55.5
65;2021-07-17;431;541;149163;126409;65.8;55.7
65;2021-07-18;22;11;149185;126420;65.8;55.7
65;2021-07-19;635;1494;149820;127914;66.0;56.4
65;2021-07-20;1447;1704;151267;129618;66.7;57.1
65;2021-07-21;1420;1663;152687;131281;67.3;57.9
65;2021-07-22;2198;1291;154885;132572;68.3;58.4
65;2021-07-23;1623;1791;156508;134363;69.0;59.2
65;2021-07-24;1041;649;157549;135012;69.5;59.5
65;2021-07-25;24;21;157573;135033;69.5;59.5
65;2021-07-26;1142;1246;158715;136279;70.0;60.1
65;2021-07-27;1793;1954;160508;138233;70.8;60.9
65;2021-07-28;1603;1323;162111;139556;71.5;61.5
65;2021-07-29;2900;1140;165011;140696;72.7;62.0
65;2021-07-30;2449;1399;167460;142095;73.8;62.6
65;2021-07-31;2305;356;169765;142451;74.8;62.8
65;2021-08-01;14;16;169779;142467;74.8;62.8
65;2021-08-02;994;835;170773;143302;75.3;63.2
65;2021-08-03;2103;1071;172876;144373;76.2;63.6
65;2021-08-04;1803;642;174679;145015;77.0;63.9
65;2021-08-05;1821;833;176500;145848;77.8;64.3
65;2021-08-06;1666;977;178166;146825;78.5;64.7
65;2021-08-07;730;487;178896;147312;78.9;64.9
65;2021-08-08;2;9;178898;147321;78.9;64.9
65;2021-08-09;705;944;179603;148265;79.2;65.4
65;2021-08-10;1195;1544;180798;149809;79.7;66.0
65;2021-08-11;731;1265;181529;151074;80.0;66.6
65;2021-08-12;777;1085;182306;152159;80.4;67.1
65;2021-08-13;428;1011;182734;153170;80.6;67.5
65;2021-08-14;602;567;183336;153737;80.8;67.8
65;2021-08-15;8;19;183344;153756;80.8;67.8
65;2021-08-16;405;1538;183749;155294;81.0;68.5
65;2021-08-17;738;2178;184487;157472;81.3;69.4
65;2021-08-18;605;1545;185092;159017;81.6;70.1
65;2021-08-19;731;1319;185823;160336;81.9;70.7
65;2021-08-20;459;1336;186282;161672;82.1;71.3
65;2021-08-21;44;105;186326;161777;82.1;71.3
65;2021-08-22;11;13;186337;161790;82.1;71.3
65;2021-08-23;273;1681;186610;163471;82.3;72.1
65;2021-08-24;551;2445;187161;165916;82.5;73.1
65;2021-08-25;418;1959;187579;167875;82.7;74.0
65;2021-08-26;468;2308;188047;170183;82.9;75.0
65;2021-08-27;447;1949;188494;172132;83.1;75.9
65;2021-08-28;163;195;188657;172327;83.2;76.0
65;2021-08-29;9;18;188666;172345;83.2;76.0
65;2021-08-30;260;1029;188926;173374;83.3;76.4
65;2021-08-31;467;1506;189393;174880;83.5;77.1
65;2021-09-01;459;1077;189852;175957;83.7;77.6
65;2021-09-02;374;883;190226;176840;83.9;78.0
65;2021-09-03;453;1107;190679;177947;84.1;78.4
65;2021-09-04;166;847;190845;178794;84.1;78.8
65;2021-09-05;19;15;190864;178809;84.1;78.8
65;2021-09-06;278;499;191142;179308;84.3;79.0
65;2021-09-07;326;809;191468;180117;84.4;79.4
65;2021-09-08;356;762;191824;180879;84.6;79.7
65;2021-09-09;286;579;192110;181458;84.7;80.0
65;2021-09-10;386;722;192496;182180;84.9;80.3
65;2021-09-11;54;129;192550;182309;84.9;80.4
65;2021-09-12;1;2;192551;182311;84.9;80.4
65;2021-09-13;210;309;192761;182620;85.0;80.5
65;2021-09-14;191;364;192952;182984;85.1;80.7
65;2021-09-15;250;639;193202;183623;85.2;80.9
65;2021-09-16;140;214;193342;183837;85.2;81.0
65;2021-09-17;280;525;193622;184362;85.4;81.3
65;2021-09-18;98;269;193720;184631;85.4;81.4
65;2021-09-19;2;13;193722;184644;85.4;81.4
65;2021-09-20;110;234;193832;184878;85.4;81.5
65;2021-09-21;111;258;193943;185136;85.5;81.6
65;2021-09-22;154;680;194097;185816;85.6;81.9
65;2021-09-23;65;158;194162;185974;85.6;82.0
65;2021-09-24;171;556;194333;186530;85.7;82.2
65;2021-09-25;73;218;194406;186748;85.7;82.3
65;2021-09-26;3;0;194409;186748;85.7;82.3
65;2021-09-27;62;263;194471;187011;85.7;82.4
65;2021-09-28;85;280;194556;187291;85.8;82.6
65;2021-09-29;131;419;194687;187710;85.8;82.8
65;2021-09-30;44;124;194731;187834;85.8;82.8
65;2021-10-01;166;399;194897;188233;85.9;83.0
65;2021-10-02;19;66;194916;188299;85.9;83.0
65;2021-10-03;0;7;194916;188306;85.9;83.0
65;2021-10-04;121;269;195037;188575;86.0;83.1
65;2021-10-05;63;179;195100;188754;86.0;83.2
65;2021-10-06;174;346;195274;189100;86.1;83.4
65;2021-10-07;73;177;195347;189277;86.1;83.4
65;2021-10-08;179;406;195526;189683;86.2;83.6
65;2021-10-09;17;23;195543;189706;86.2;83.6
65;2021-10-10;0;6;195543;189712;86.2;83.6
65;2021-10-11;100;205;195643;189917;86.2;83.7
65;2021-10-12;33;107;195676;190024;86.3;83.8
65;2021-10-13;142;233;195818;190257;86.3;83.9
66;2020-12-27;0;0;0;0;0.0;0.0
66;2020-12-28;3;0;3;0;0.0;0.0
66;2020-12-29;0;0;3;0;0.0;0.0
66;2020-12-30;0;0;3;0;0.0;0.0
66;2020-12-31;1;0;4;0;0.0;0.0
66;2021-01-01;3;0;7;0;0.0;0.0
66;2021-01-02;0;0;7;0;0.0;0.0
66;2021-01-03;0;0;7;0;0.0;0.0
66;2021-01-04;30;0;37;0;0.0;0.0
66;2021-01-05;135;0;172;0;0.0;0.0
66;2021-01-06;194;0;366;0;0.1;0.0
66;2021-01-07;182;0;548;0;0.1;0.0
66;2021-01-08;212;0;760;0;0.2;0.0
66;2021-01-09;233;0;993;0;0.2;0.0
66;2021-01-10;11;0;1004;0;0.2;0.0
66;2021-01-11;404;2;1408;2;0.3;0.0
66;2021-01-12;588;2;1996;4;0.4;0.0
66;2021-01-13;877;9;2873;13;0.6;0.0
66;2021-01-14;892;12;3765;25;0.8;0.0
66;2021-01-15;588;2;4353;27;0.9;0.0
66;2021-01-16;106;3;4459;30;0.9;0.0
66;2021-01-17;46;1;4505;31;0.9;0.0
66;2021-01-18;654;3;5159;34;1.1;0.0
66;2021-01-19;720;3;5879;37;1.2;0.0
66;2021-01-20;1170;4;7049;41;1.5;0.0
66;2021-01-21;2398;7;9447;48;2.0;0.0
66;2021-01-22;1438;10;10885;58;2.3;0.0
66;2021-01-23;399;4;11284;62;2.4;0.0
66;2021-01-24;225;9;11509;71;2.4;0.0
66;2021-01-25;739;40;12248;111;2.6;0.0
66;2021-01-26;787;66;13035;177;2.7;0.0
66;2021-01-27;867;104;13902;281;2.9;0.1
66;2021-01-28;878;130;14780;411;3.1;0.1
66;2021-01-29;820;129;15600;540;3.3;0.1
66;2021-01-30;481;68;16081;608;3.4;0.1
66;2021-01-31;202;27;16283;635;3.4;0.1
66;2021-02-01;562;188;16845;823;3.5;0.2
66;2021-02-02;622;289;17467;1112;3.6;0.2
66;2021-02-03;734;628;18201;1740;3.8;0.4
66;2021-02-04;688;620;18889;2360;3.9;0.5
66;2021-02-05;778;414;19667;2774;4.1;0.6
66;2021-02-06;420;147;20087;2921;4.2;0.6
66;2021-02-07;170;140;20257;3061;4.2;0.6
66;2021-02-08;502;391;20759;3452;4.3;0.7
66;2021-02-09;533;400;21292;3852;4.4;0.8
66;2021-02-10;621;769;21913;4621;4.6;1.0
66;2021-02-11;1104;1569;23017;6190;4.8;1.3
66;2021-02-12;1122;1202;24139;7392;5.0;1.5
66;2021-02-13;367;302;24506;7694;5.1;1.6
66;2021-02-14;111;196;24617;7890;5.1;1.6
66;2021-02-15;425;694;25042;8584;5.2;1.8
66;2021-02-16;304;785;25346;9369;5.3;2.0
66;2021-02-17;377;697;25723;10066;5.4;2.1
66;2021-02-18;366;769;26089;10835;5.4;2.3
66;2021-02-19;400;703;26489;11538;5.5;2.4
66;2021-02-20;184;408;26673;11946;5.6;2.5
66;2021-02-21;41;169;26714;12115;5.6;2.5
66;2021-02-22;415;638;27129;12753;5.7;2.7
66;2021-02-23;509;664;27638;13417;5.8;2.8
66;2021-02-24;347;754;27985;14171;5.8;3.0
66;2021-02-25;717;712;28702;14883;6.0;3.1
66;2021-02-26;954;746;29656;15629;6.2;3.3
66;2021-02-27;363;428;30019;16057;6.3;3.4
66;2021-02-28;59;172;30078;16229;6.3;3.4
66;2021-03-01;378;650;30456;16879;6.4;3.5
66;2021-03-02;336;658;30792;17537;6.4;3.7
66;2021-03-03;531;645;31323;18182;6.5;3.8
66;2021-03-04;991;1060;32314;19242;6.7;4.0
66;2021-03-05;1528;799;33842;20041;7.1;4.2
66;2021-03-06;1147;347;34989;20388;7.3;4.3
66;2021-03-07;1098;100;36087;20488;7.5;4.3
66;2021-03-08;696;545;36783;21033;7.7;4.4
66;2021-03-09;1228;597;38011;21630;7.9;4.5
66;2021-03-10;1303;505;39314;22135;8.2;4.6
66;2021-03-11;1474;592;40788;22727;8.5;4.7
66;2021-03-12;2396;580;43184;23307;9.0;4.9
66;2021-03-13;1081;308;44265;23615;9.2;4.9
66;2021-03-14;192;84;44457;23699;9.3;4.9
66;2021-03-15;1109;395;45566;24094;9.5;5.0
66;2021-03-16;953;259;46519;24353;9.7;5.1
66;2021-03-17;866;398;47385;24751;9.9;5.2
66;2021-03-18;970;346;48355;25097;10.1;5.2
66;2021-03-19;1293;322;49648;25419;10.4;5.3
66;2021-03-20;837;125;50485;25544;10.5;5.3
66;2021-03-21;186;45;50671;25589;10.6;5.3
66;2021-03-22;1115;397;51786;25986;10.8;5.4
66;2021-03-23;1756;389;53542;26375;11.2;5.5
66;2021-03-24;1797;521;55339;26896;11.6;5.6
66;2021-03-25;2537;474;57876;27370;12.1;5.7
66;2021-03-26;2577;370;60453;27740;12.6;5.8
66;2021-03-27;1211;303;61664;28043;12.9;5.9
66;2021-03-28;321;3;61985;28046;12.9;5.9
66;2021-03-29;1831;262;63816;28308;13.3;5.9
66;2021-03-30;2241;177;66057;28485;13.8;5.9
66;2021-03-31;1987;252;68044;28737;14.2;6.0
66;2021-04-01;2674;305;70718;29042;14.8;6.1
66;2021-04-02;2421;261;73139;29303;15.3;6.1
66;2021-04-03;1148;335;74287;29638;15.5;6.2
66;2021-04-04;107;125;74394;29763;15.5;6.2
66;2021-04-05;197;144;74591;29907;15.6;6.2
66;2021-04-06;1334;650;75925;30557;15.9;6.4
66;2021-04-07;1399;598;77324;31155;16.1;6.5
66;2021-04-08;2070;550;79394;31705;16.6;6.6
66;2021-04-09;3507;691;82901;32396;17.3;6.8
66;2021-04-10;2308;527;85209;32923;17.8;6.9
66;2021-04-11;1202;171;86411;33094;18.0;6.9
66;2021-04-12;2703;1026;89114;34120;18.6;7.1
66;2021-04-13;3609;1064;92723;35184;19.4;7.3
66;2021-04-14;3292;926;96015;36110;20.0;7.5
66;2021-04-15;3557;1054;99572;37164;20.8;7.8
66;2021-04-16;3592;1039;103164;38203;21.5;8.0
66;2021-04-17;2263;593;105427;38796;22.0;8.1
66;2021-04-18;1445;132;106872;38928;22.3;8.1
66;2021-04-19;2256;1125;109128;40053;22.8;8.4
66;2021-04-20;2373;1079;111501;41132;23.3;8.6
66;2021-04-21;2871;1181;114372;42313;23.9;8.8
66;2021-04-22;2662;1236;117034;43549;24.4;9.1
66;2021-04-23;2379;1236;119413;44785;24.9;9.3
66;2021-04-24;2743;882;122156;45667;25.5;9.5
66;2021-04-25;1206;267;123362;45934;25.8;9.6
66;2021-04-26;1998;1254;125360;47188;26.2;9.9
66;2021-04-27;2748;1311;128108;48499;26.7;10.1
66;2021-04-28;2420;1658;130528;50157;27.3;10.5
66;2021-04-29;2704;2133;133232;52290;27.8;10.9
66;2021-04-30;3053;1559;136285;53849;28.5;11.2
66;2021-05-01;2000;470;138285;54319;28.9;11.3
66;2021-05-02;1529;264;139814;54583;29.2;11.4
66;2021-05-03;2940;1112;142754;55695;29.8;11.6
66;2021-05-04;3169;1343;145923;57038;30.5;11.9
66;2021-05-05;3055;1549;148978;58587;31.1;12.2
66;2021-05-06;3755;2092;152733;60679;31.9;12.7
66;2021-05-07;2967;3080;155700;63759;32.5;13.3
66;2021-05-08;1730;1170;157430;64929;32.9;13.6
66;2021-05-09;886;1369;158316;66298;33.1;13.8
66;2021-05-10;1802;2970;160118;69268;33.4;14.5
66;2021-05-11;2741;3129;162859;72397;34.0;15.1
66;2021-05-12;2432;2569;165291;74966;34.5;15.7
66;2021-05-13;2259;1386;167550;76352;35.0;15.9
66;2021-05-14;2770;2119;170320;78471;35.6;16.4
66;2021-05-15;2326;1576;172646;80047;36.0;16.7
66;2021-05-16;2286;1246;174932;81293;36.5;17.0
66;2021-05-17;2051;1825;176983;83118;36.9;17.4
66;2021-05-18;3237;1808;180220;84926;37.6;17.7
66;2021-05-19;2876;1340;183096;86266;38.2;18.0
66;2021-05-20;4372;1445;187468;87711;39.1;18.3
66;2021-05-21;3268;1463;190736;89174;39.8;18.6
66;2021-05-22;3066;779;193802;89953;40.5;18.8
66;2021-05-23;1509;236;195311;90189;40.8;18.8
66;2021-05-24;1953;427;197264;90616;41.2;18.9
66;2021-05-25;2795;1689;200059;92305;41.8;19.3
66;2021-05-26;2778;1492;202837;93797;42.3;19.6
66;2021-05-27;3384;2248;206221;96045;43.1;20.1
66;2021-05-28;2683;3049;208904;99094;43.6;20.7
66;2021-05-29;2145;1520;211049;100614;44.1;21.0
66;2021-05-30;786;988;211835;101602;44.2;21.2
66;2021-05-31;2124;1774;213959;103376;44.7;21.6
66;2021-06-01;2636;2005;216595;105381;45.2;22.0
66;2021-06-02;2806;2339;219401;107720;45.8;22.5
66;2021-06-03;2488;2967;221889;110687;46.3;23.1
66;2021-06-04;1958;3355;223847;114042;46.7;23.8
66;2021-06-05;1409;2601;225256;116643;47.0;24.4
66;2021-06-06;294;1228;225550;117871;47.1;24.6
66;2021-06-07;1335;2957;226885;120828;47.4;25.2
66;2021-06-08;1736;3020;228621;123848;47.7;25.9
66;2021-06-09;2065;2787;230686;126635;48.2;26.4
66;2021-06-10;2085;2964;232771;129599;48.6;27.1
66;2021-06-11;2098;3859;234869;133458;49.0;27.9
66;2021-06-12;871;2411;235740;135869;49.2;28.4
66;2021-06-13;516;1333;236256;137202;49.3;28.6
66;2021-06-14;1360;3497;237616;140699;49.6;29.4
66;2021-06-15;2131;3573;239747;144272;50.1;30.1
66;2021-06-16;1792;3569;241539;147841;50.4;30.9
66;2021-06-17;2441;3608;243980;151449;50.9;31.6
66;2021-06-18;2225;3824;246205;155273;51.4;32.4
66;2021-06-19;1542;2320;247747;157593;51.7;32.9
66;2021-06-20;998;1267;248745;158860;51.9;33.2
66;2021-06-21;1163;2879;249908;161739;52.2;33.8
66;2021-06-22;1510;3762;251418;165501;52.5;34.6
66;2021-06-23;1325;3027;252743;168528;52.8;35.2
66;2021-06-24;1527;3227;254270;171755;53.1;35.9
66;2021-06-25;1404;3536;255674;175291;53.4;36.6
66;2021-06-26;962;2680;256636;177971;53.6;37.2
66;2021-06-27;677;1557;257313;179528;53.7;37.5
66;2021-06-28;980;2975;258293;182503;53.9;38.1
66;2021-06-29;1148;3797;259441;186300;54.2;38.9
66;2021-06-30;1278;3306;260719;189606;54.4;39.6
66;2021-07-01;1453;4047;262172;193653;54.7;40.4
66;2021-07-02;1349;3603;263521;197256;55.0;41.2
66;2021-07-03;1152;3899;264673;201155;55.3;42.0
66;2021-07-04;715;1790;265388;202945;55.4;42.4
66;2021-07-05;1293;3005;266681;205950;55.7;43.0
66;2021-07-06;1458;3785;268139;209735;56.0;43.8
66;2021-07-07;1430;3248;269569;212983;56.3;44.5
66;2021-07-08;1387;3385;270956;216368;56.6;45.2
66;2021-07-09;1450;3465;272406;219833;56.9;45.9
66;2021-07-10;1005;2403;273411;222236;57.1;46.4
66;2021-07-11;540;1540;273951;223776;57.2;46.7
66;2021-07-12;1021;3645;274972;227421;57.4;47.5
66;2021-07-13;2223;4263;277195;231684;57.9;48.4
66;2021-07-14;1953;1243;279148;232927;58.3;48.6
66;2021-07-15;2801;3111;281949;236038;58.9;49.3
66;2021-07-16;3410;3214;285359;239252;59.6;49.9
66;2021-07-17;2123;2033;287482;241285;60.0;50.4
66;2021-07-18;1197;1063;288679;242348;60.3;50.6
66;2021-07-19;2794;3083;291473;245431;60.9;51.2
66;2021-07-20;3654;2887;295127;248318;61.6;51.8
66;2021-07-21;3962;2955;299089;251273;62.4;52.5
66;2021-07-22;3917;2821;303006;254094;63.3;53.0
66;2021-07-23;3914;3033;306920;257127;64.1;53.7
66;2021-07-24;2584;1923;309504;259050;64.6;54.1
66;2021-07-25;2020;1241;311524;260291;65.0;54.3
66;2021-07-26;2865;2629;314389;262920;65.6;54.9
66;2021-07-27;3231;2889;317620;265809;66.3;55.5
66;2021-07-28;3355;2583;320975;268392;67.0;56.0
66;2021-07-29;3864;2536;324839;270928;67.8;56.6
66;2021-07-30;4233;2476;329072;273404;68.7;57.1
66;2021-07-31;2231;1716;331303;275120;69.2;57.4
66;2021-08-01;1821;900;333124;276020;69.5;57.6
66;2021-08-02;2391;1919;335515;277939;70.0;58.0
66;2021-08-03;2623;2075;338138;280014;70.6;58.5
66;2021-08-04;2646;1996;340784;282010;71.1;58.9
66;2021-08-05;2444;2439;343228;284449;71.7;59.4
66;2021-08-06;2339;2648;345567;287097;72.1;59.9
66;2021-08-07;1506;2099;347073;289196;72.5;60.4
66;2021-08-08;613;1458;347686;290654;72.6;60.7
66;2021-08-09;1356;2800;349042;293454;72.9;61.3
66;2021-08-10;1649;3075;350691;296529;73.2;61.9
66;2021-08-11;1628;3021;352319;299550;73.6;62.5
66;2021-08-12;1678;2991;353997;302541;73.9;63.2
66;2021-08-13;1473;2984;355470;305525;74.2;63.8
66;2021-08-14;658;2508;356128;308033;74.3;64.3
66;2021-08-15;137;1629;356265;309662;74.4;64.6
66;2021-08-16;1281;2595;357546;312257;74.6;65.2
66;2021-08-17;1496;2980;359042;315237;75.0;65.8
66;2021-08-18;1348;3073;360390;318310;75.2;66.5
66;2021-08-19;1113;2925;361503;321235;75.5;67.1
66;2021-08-20;1019;3324;362522;324559;75.7;67.8
66;2021-08-21;594;2014;363116;326573;75.8;68.2
66;2021-08-22;233;1352;363349;327925;75.9;68.5
66;2021-08-23;1158;2764;364507;330689;76.1;69.0
66;2021-08-24;1064;2952;365571;333641;76.3;69.7
66;2021-08-25;914;2301;366485;335942;76.5;70.1
66;2021-08-26;960;2186;367445;338128;76.7;70.6
66;2021-08-27;917;2367;368362;340495;76.9;71.1
66;2021-08-28;514;1137;368876;341632;77.0;71.3
66;2021-08-29;245;333;369121;341965;77.1;71.4
66;2021-08-30;838;2542;369959;344507;77.2;71.9
66;2021-08-31;835;2657;370794;347164;77.4;72.5
66;2021-09-01;734;1925;371528;349089;77.6;72.9
66;2021-09-02;671;1518;372199;350607;77.7;73.2
66;2021-09-03;717;1747;372916;352354;77.9;73.6
66;2021-09-04;722;1602;373638;353956;78.0;73.9
66;2021-09-05;205;261;373843;354217;78.0;73.9
66;2021-09-06;431;1338;374274;355555;78.1;74.2
66;2021-09-07;378;1177;374652;356732;78.2;74.5
66;2021-09-08;558;1309;375210;358041;78.3;74.7
66;2021-09-09;467;1107;375677;359148;78.4;75.0
66;2021-09-10;495;1159;376172;360307;78.5;75.2
66;2021-09-11;516;1172;376688;361479;78.6;75.5
66;2021-09-12;94;135;376782;361614;78.7;75.5
66;2021-09-13;339;1029;377121;362643;78.7;75.7
66;2021-09-14;385;904;377506;363547;78.8;75.9
66;2021-09-15;477;958;377983;364505;78.9;76.1
66;2021-09-16;390;795;378373;365300;79.0;76.3
66;2021-09-17;341;770;378714;366070;79.1;76.4
66;2021-09-18;358;1099;379072;367169;79.1;76.7
66;2021-09-19;77;241;379149;367410;79.2;76.7
66;2021-09-20;292;672;379441;368082;79.2;76.8
66;2021-09-21;308;585;379749;368667;79.3;77.0
66;2021-09-22;316;792;380065;369459;79.3;77.1
66;2021-09-23;236;508;380301;369967;79.4;77.2
66;2021-09-24;360;772;380661;370739;79.5;77.4
66;2021-09-25;217;941;380878;371680;79.5;77.6
66;2021-09-26;63;213;380941;371893;79.5;77.6
66;2021-09-27;184;499;381125;372392;79.6;77.7
66;2021-09-28;246;545;381371;372937;79.6;77.9
66;2021-09-29;232;576;381603;373513;79.7;78.0
66;2021-09-30;335;454;381938;373967;79.7;78.1
66;2021-10-01;293;519;382231;374486;79.8;78.2
66;2021-10-02;277;620;382508;375106;79.9;78.3
66;2021-10-03;81;125;382589;375231;79.9;78.3
66;2021-10-04;223;374;382812;375605;79.9;78.4
66;2021-10-05;241;444;383053;376049;80.0;78.5
66;2021-10-06;192;378;383245;376427;80.0;78.6
66;2021-10-07;234;458;383479;376885;80.1;78.7
66;2021-10-08;278;554;383757;377439;80.1;78.8
66;2021-10-09;313;538;384070;377977;80.2;78.9
66;2021-10-10;4;12;384074;377989;80.2;78.9
66;2021-10-11;197;395;384271;378384;80.2;79.0
66;2021-10-12;224;342;384495;378726;80.3;79.1
66;2021-10-13;230;416;384725;379142;80.3;79.2
67;2020-12-27;18;1;18;1;0.0;0.0
67;2020-12-28;4;0;22;1;0.0;0.0
67;2020-12-29;2;0;24;1;0.0;0.0
67;2020-12-30;0;0;24;1;0.0;0.0
67;2020-12-31;1;0;25;1;0.0;0.0
67;2021-01-01;6;1;31;2;0.0;0.0
67;2021-01-02;1;0;32;2;0.0;0.0
67;2021-01-03;1;0;33;2;0.0;0.0
67;2021-01-04;43;0;76;2;0.0;0.0
67;2021-01-05;167;7;243;9;0.0;0.0
67;2021-01-06;121;0;364;9;0.0;0.0
67;2021-01-07;235;1;599;10;0.1;0.0
67;2021-01-08;235;1;834;11;0.1;0.0
67;2021-01-09;113;1;947;12;0.1;0.0
67;2021-01-10;67;0;1014;12;0.1;0.0
67;2021-01-11;184;1;1198;13;0.1;0.0
67;2021-01-12;511;2;1709;15;0.2;0.0
67;2021-01-13;660;4;2369;19;0.2;0.0
67;2021-01-14;1096;14;3465;33;0.3;0.0
67;2021-01-15;942;8;4407;41;0.4;0.0
67;2021-01-16;199;4;4606;45;0.4;0.0
67;2021-01-17;101;2;4707;47;0.4;0.0
67;2021-01-18;903;4;5610;51;0.5;0.0
67;2021-01-19;1423;5;7033;56;0.6;0.0
67;2021-01-20;1855;14;8888;70;0.8;0.0
67;2021-01-21;2218;12;11106;82;1.0;0.0
67;2021-01-22;1995;9;13101;91;1.2;0.0
67;2021-01-23;814;6;13915;97;1.2;0.0
67;2021-01-24;380;1;14295;98;1.3;0.0
67;2021-01-25;526;31;14821;129;1.3;0.0
67;2021-01-26;164;110;14985;239;1.3;0.0
67;2021-01-27;1404;141;16389;380;1.4;0.0
67;2021-01-28;3060;233;19449;613;1.7;0.1
67;2021-01-29;2034;168;21483;781;1.9;0.1
67;2021-01-30;1098;82;22581;863;2.0;0.1
67;2021-01-31;1163;32;23744;895;2.1;0.1
67;2021-02-01;3398;253;27142;1148;2.4;0.1
67;2021-02-02;2695;429;29837;1577;2.6;0.1
67;2021-02-03;1578;401;31415;1978;2.8;0.2
67;2021-02-04;1197;755;32612;2733;2.9;0.2
67;2021-02-05;1195;638;33807;3371;3.0;0.3
67;2021-02-06;799;151;34606;3522;3.1;0.3
67;2021-02-07;292;44;34898;3566;3.1;0.3
67;2021-02-08;841;448;35739;4014;3.2;0.4
67;2021-02-09;963;730;36702;4744;3.2;0.4
67;2021-02-10;934;795;37636;5539;3.3;0.5
67;2021-02-11;1152;1130;38788;6669;3.4;0.6
67;2021-02-12;1245;780;40033;7449;3.5;0.7
67;2021-02-13;767;280;40800;7729;3.6;0.7
67;2021-02-14;244;94;41044;7823;3.6;0.7
67;2021-02-15;782;840;41826;8663;3.7;0.8
67;2021-02-16;932;1140;42758;9803;3.8;0.9
67;2021-02-17;786;1186;43544;10989;3.8;1.0
67;2021-02-18;1402;2568;44946;13557;4.0;1.2
67;2021-02-19;1376;2103;46322;15660;4.1;1.4
67;2021-02-20;634;898;46956;16558;4.1;1.5
67;2021-02-21;209;1195;47165;17753;4.2;1.6
67;2021-02-22;1401;2170;48566;19923;4.3;1.8
67;2021-02-23;1461;1561;50027;21484;4.4;1.9
67;2021-02-24;1439;1054;51466;22538;4.5;2.0
67;2021-02-25;1619;1474;53085;24012;4.7;2.1
67;2021-02-26;2227;1412;55312;25424;4.9;2.2
67;2021-02-27;1260;784;56572;26208;5.0;2.3
67;2021-02-28;148;365;56720;26573;5.0;2.3
67;2021-03-01;641;998;57361;27571;5.1;2.4
67;2021-03-02;898;1202;58259;28773;5.1;2.5
67;2021-03-03;1412;1279;59671;30052;5.3;2.7
67;2021-03-04;1963;1064;61634;31116;5.4;2.7
67;2021-03-05;3258;1110;64892;32226;5.7;2.8
67;2021-03-06;2337;775;67229;33001;5.9;2.9
67;2021-03-07;468;283;67697;33284;6.0;2.9
67;2021-03-08;1188;792;68885;34076;6.1;3.0
67;2021-03-09;2227;906;71112;34982;6.3;3.1
67;2021-03-10;2456;1191;73568;36173;6.5;3.2
67;2021-03-11;3208;1368;76776;37541;6.8;3.3
67;2021-03-12;5264;1392;82040;38933;7.2;3.4
67;2021-03-13;3998;902;86038;39835;7.6;3.5
67;2021-03-14;483;390;86521;40225;7.6;3.6
67;2021-03-15;2193;1162;88714;41387;7.8;3.7
67;2021-03-16;1552;1239;90266;42626;8.0;3.8
67;2021-03-17;2072;925;92338;43551;8.2;3.8
67;2021-03-18;2391;740;94729;44291;8.4;3.9
67;2021-03-19;3673;757;98402;45048;8.7;4.0
67;2021-03-20;3064;514;101466;45562;9.0;4.0
67;2021-03-21;338;17;101804;45579;9.0;4.0
67;2021-03-22;2332;781;104136;46360;9.2;4.1
67;2021-03-23;3403;779;107539;47139;9.5;4.2
67;2021-03-24;3912;813;111451;47952;9.8;4.2
67;2021-03-25;5315;543;116766;48495;10.3;4.3
67;2021-03-26;6870;484;123636;48979;10.9;4.3
67;2021-03-27;3927;348;127563;49327;11.3;4.4
67;2021-03-28;580;101;128143;49428;11.3;4.4
67;2021-03-29;3824;430;131967;49858;11.7;4.4
67;2021-03-30;4848;677;136815;50535;12.1;4.5
67;2021-03-31;4849;709;141664;51244;12.5;4.5
67;2021-04-01;5149;932;146813;52176;13.0;4.6
67;2021-04-02;1009;177;147822;52353;13.1;4.6
67;2021-04-03;1689;286;149511;52639;13.2;4.6
67;2021-04-04;328;6;149839;52645;13.2;4.6
67;2021-04-05;371;5;150210;52650;13.3;4.6
67;2021-04-06;3483;1189;153693;53839;13.6;4.8
67;2021-04-07;4534;1287;158227;55126;14.0;4.9
67;2021-04-08;5664;1414;163891;56540;14.5;5.0
67;2021-04-09;7111;1360;171002;57900;15.1;5.1
67;2021-04-10;4334;902;175336;58802;15.5;5.2
67;2021-04-11;857;428;176193;59230;15.6;5.2
67;2021-04-12;3886;1414;180079;60644;15.9;5.4
67;2021-04-13;4891;1583;184970;62227;16.3;5.5
67;2021-04-14;5297;1916;190267;64143;16.8;5.7
67;2021-04-15;6084;2112;196351;66255;17.3;5.8
67;2021-04-16;7836;2436;204187;68691;18.0;6.1
67;2021-04-17;4010;1582;208197;70273;18.4;6.2
67;2021-04-18;1111;646;209308;70919;18.5;6.3
67;2021-04-19;3630;2147;212938;73066;18.8;6.5
67;2021-04-20;4257;1930;217195;74996;19.2;6.6
67;2021-04-21;4071;2516;221266;77512;19.5;6.8
67;2021-04-22;4478;2926;225744;80438;19.9;7.1
67;2021-04-23;5257;3014;231001;83452;20.4;7.4
67;2021-04-24;3101;2023;234102;85475;20.7;7.5
67;2021-04-25;1027;452;235129;85927;20.8;7.6
67;2021-04-26;3190;2618;238319;88545;21.0;7.8
67;2021-04-27;4023;2928;242342;91473;21.4;8.1
67;2021-04-28;4255;3438;246597;94911;21.8;8.4
67;2021-04-29;5125;3519;251722;98430;22.2;8.7
67;2021-04-30;7184;2497;258906;100927;22.9;8.9
67;2021-05-01;2685;793;261591;101720;23.1;9.0
67;2021-05-02;2181;682;263772;102402;23.3;9.0
67;2021-05-03;5561;2619;269333;105021;23.8;9.3
67;2021-05-04;5854;3616;275187;108637;24.3;9.6
67;2021-05-05;5221;4206;280408;112843;24.8;10.0
67;2021-05-06;6714;4928;287122;117771;25.4;10.4
67;2021-05-07;6436;6932;293558;124703;25.9;11.0
67;2021-05-08;3575;1023;297133;125726;26.2;11.1
67;2021-05-09;3366;594;300499;126320;26.5;11.2
67;2021-05-10;4698;4532;305197;130852;26.9;11.6
67;2021-05-11;5649;4932;310846;135784;27.4;12.0
67;2021-05-12;6597;4847;317443;140631;28.0;12.4
67;2021-05-13;7310;1674;324753;142305;28.7;12.6
67;2021-05-14;8880;5358;333633;147663;29.5;13.0
67;2021-05-15;8198;3657;341831;151320;30.2;13.4
67;2021-05-16;6176;969;348007;152289;30.7;13.4
67;2021-05-17;5689;3884;353696;156173;31.2;13.8
67;2021-05-18;6896;3976;360592;160149;31.8;14.1
67;2021-05-19;7376;4167;367968;164316;32.5;14.5
67;2021-05-20;8681;4233;376649;168549;33.3;14.9
67;2021-05-21;8156;5859;384805;174408;34.0;15.4
67;2021-05-22;5933;3420;390738;177828;34.5;15.7
67;2021-05-23;2656;593;393394;178421;34.7;15.8
67;2021-05-24;4415;865;397809;179286;35.1;15.8
67;2021-05-25;5412;4767;403221;184053;35.6;16.3
67;2021-05-26;6063;4876;409284;188929;36.1;16.7
67;2021-05-27;7311;4900;416595;193829;36.8;17.1
67;2021-05-28;7965;6503;424560;200332;37.5;17.7
67;2021-05-29;6646;3871;431206;204203;38.1;18.0
67;2021-05-30;1147;809;432353;205012;38.2;18.1
67;2021-05-31;6405;4058;438758;209070;38.7;18.5
67;2021-06-01;7328;4407;446086;213477;39.4;18.8
67;2021-06-02;8066;4182;454152;217659;40.1;19.2
67;2021-06-03;8841;4866;462993;222525;40.9;19.6
67;2021-06-04;8594;6139;471587;228664;41.6;20.2
67;2021-06-05;6548;3983;478135;232647;42.2;20.5
67;2021-06-06;3468;875;481603;233522;42.5;20.6
67;2021-06-07;7407;4259;489010;237781;43.2;21.0
67;2021-06-08;8616;4931;497626;242712;43.9;21.4
67;2021-06-09;9258;4794;506884;247506;44.8;21.9
67;2021-06-10;9770;5021;516654;252527;45.6;22.3
67;2021-06-11;8066;8325;524720;260852;46.3;23.0
67;2021-06-12;6789;5203;531509;266055;46.9;23.5
67;2021-06-13;3105;1044;534614;267099;47.2;23.6
67;2021-06-14;5504;6460;540118;273559;47.7;24.2
67;2021-06-15;6688;6753;546806;280312;48.3;24.7
67;2021-06-16;6950;6698;553756;287010;48.9;25.3
67;2021-06-17;7275;9044;561031;296054;49.5;26.1
67;2021-06-18;7600;8506;568631;304560;50.2;26.9
67;2021-06-19;6386;5960;575017;310520;50.8;27.4
67;2021-06-20;1446;1411;576463;311931;50.9;27.5
67;2021-06-21;4266;6775;580729;318706;51.3;28.1
67;2021-06-22;4241;9093;584970;327799;51.6;28.9
67;2021-06-23;5292;8184;590262;335983;52.1;29.7
67;2021-06-24;4521;9101;594783;345084;52.5;30.5
67;2021-06-25;5334;9951;600117;355035;53.0;31.3
67;2021-06-26;3463;9104;603580;364139;53.3;32.2
67;2021-06-27;1023;3523;604603;367662;53.4;32.5
67;2021-06-28;2845;8722;607448;376384;53.6;33.2
67;2021-06-29;2898;8612;610346;384996;53.9;34.0
67;2021-06-30;3382;8742;613728;393738;54.2;34.8
67;2021-07-01;3668;8428;617396;402166;54.5;35.5
67;2021-07-02;3736;10938;621132;413104;54.8;36.5
67;2021-07-03;2981;7742;624113;420846;55.1;37.2
67;2021-07-04;764;1869;624877;422715;55.2;37.3
67;2021-07-05;2626;8250;627503;430965;55.4;38.1
67;2021-07-06;3110;8441;630613;439406;55.7;38.8
67;2021-07-07;3926;8742;634539;448148;56.0;39.6
67;2021-07-08;4204;7785;638743;455933;56.4;40.3
67;2021-07-09;3767;11369;642510;467302;56.7;41.3
67;2021-07-10;2860;8205;645370;475507;57.0;42.0
67;2021-07-11;945;1995;646315;477502;57.1;42.2
67;2021-07-12;2479;9725;648794;487227;57.3;43.0
67;2021-07-13;4122;9890;652916;497117;57.6;43.9
67;2021-07-14;3493;4408;656409;501525;58.0;44.3
67;2021-07-15;5142;12230;661551;513755;58.4;45.4
67;2021-07-16;4867;12293;666418;526048;58.8;46.4
67;2021-07-17;3734;8824;670152;534872;59.2;47.2
67;2021-07-18;1465;2550;671617;537422;59.3;47.4
67;2021-07-19;4649;9745;676266;547167;59.7;48.3
67;2021-07-20;5774;9824;682040;556991;60.2;49.2
67;2021-07-21;5869;10649;687909;567640;60.7;50.1
67;2021-07-22;6439;10227;694348;577867;61.3;51.0
67;2021-07-23;7395;11191;701743;589058;62.0;52.0
67;2021-07-24;5422;7581;707165;596639;62.4;52.7
67;2021-07-25;2317;1972;709482;598611;62.6;52.9
67;2021-07-26;5003;7250;714485;605861;63.1;53.5
67;2021-07-27;6623;7330;721108;613191;63.7;54.1
67;2021-07-28;7542;7210;728650;620401;64.3;54.8
67;2021-07-29;8394;6437;737044;626838;65.1;55.3
67;2021-07-30;8668;7312;745712;634150;65.8;56.0
67;2021-07-31;5113;4878;750825;639028;66.3;56.4
67;2021-08-01;2486;1434;753311;640462;66.5;56.5
67;2021-08-02;6422;5095;759733;645557;67.1;57.0
67;2021-08-03;7322;4718;767055;650275;67.7;57.4
67;2021-08-04;6909;4604;773964;654879;68.3;57.8
67;2021-08-05;5753;4232;779717;659111;68.8;58.2
67;2021-08-06;6333;5427;786050;664538;69.4;58.7
67;2021-08-07;4693;4279;790743;668817;69.8;59.1
67;2021-08-08;1311;1440;792054;670257;69.9;59.2
67;2021-08-09;3144;4479;795198;674736;70.2;59.6
67;2021-08-10;3255;4782;798453;679518;70.5;60.0
67;2021-08-11;3434;4677;801887;684195;70.8;60.4
67;2021-08-12;3146;4887;805033;689082;71.1;60.8
67;2021-08-13;3209;5385;808242;694467;71.4;61.3
67;2021-08-14;2198;5086;810440;699553;71.6;61.8
67;2021-08-15;713;1605;811153;701158;71.6;61.9
67;2021-08-16;2095;5242;813248;706400;71.8;62.4
67;2021-08-17;2108;5278;815356;711678;72.0;62.8
67;2021-08-18;2385;6345;817741;718023;72.2;63.4
67;2021-08-19;1903;6153;819644;724176;72.4;63.9
67;2021-08-20;2362;7459;822006;731635;72.6;64.6
67;2021-08-21;1530;5572;823536;737207;72.7;65.1
67;2021-08-22;390;2051;823926;739258;72.7;65.3
67;2021-08-23;1946;6851;825872;746109;72.9;65.9
67;2021-08-24;1999;6613;827871;752722;73.1;66.5
67;2021-08-25;2127;7217;829998;759939;73.3;67.1
67;2021-08-26;1856;5553;831854;765492;73.4;67.6
67;2021-08-27;2221;7057;834075;772549;73.6;68.2
67;2021-08-28;1707;6109;835782;778658;73.8;68.7
67;2021-08-29;439;1600;836221;780258;73.8;68.9
67;2021-08-30;1423;4274;837644;784532;74.0;69.3
67;2021-08-31;1448;3955;839092;788487;74.1;69.6
67;2021-09-01;1886;4058;840978;792545;74.3;70.0
67;2021-09-02;1088;2718;842066;795263;74.3;70.2
67;2021-09-03;1564;3921;843630;799184;74.5;70.6
67;2021-09-04;1483;3773;845113;802957;74.6;70.9
67;2021-09-05;259;842;845372;803799;74.6;71.0
67;2021-09-06;976;1936;846348;805735;74.7;71.1
67;2021-09-07;900;1848;847248;807583;74.8;71.3
67;2021-09-08;1210;2471;848458;810054;74.9;71.5
67;2021-09-09;1124;1794;849582;811848;75.0;71.7
67;2021-09-10;1439;2369;851021;814217;75.1;71.9
67;2021-09-11;1065;2756;852086;816973;75.2;72.1
67;2021-09-12;253;522;852339;817495;75.3;72.2
67;2021-09-13;752;1448;853091;818943;75.3;72.3
67;2021-09-14;953;1476;854044;820419;75.4;72.4
67;2021-09-15;1031;2107;855075;822526;75.5;72.6
67;2021-09-16;757;1306;855832;823832;75.6;72.7
67;2021-09-17;972;2230;856804;826062;75.6;72.9
67;2021-09-18;809;2423;857613;828485;75.7;73.1
67;2021-09-19;104;411;857717;828896;75.7;73.2
67;2021-09-20;607;1132;858324;830028;75.8;73.3
67;2021-09-21;492;1066;858816;831094;75.8;73.4
67;2021-09-22;669;1951;859485;833045;75.9;73.6
67;2021-09-23;567;942;860052;833987;75.9;73.6
67;2021-09-24;688;1674;860740;835661;76.0;73.8
67;2021-09-25;602;1869;861342;837530;76.0;73.9
67;2021-09-26;73;327;861415;837857;76.1;74.0
67;2021-09-27;399;950;861814;838807;76.1;74.1
67;2021-09-28;404;861;862218;839668;76.1;74.1
67;2021-09-29;619;1361;862837;841029;76.2;74.3
67;2021-09-30;423;932;863260;841961;76.2;74.3
67;2021-10-01;662;1439;863922;843400;76.3;74.5
67;2021-10-02;625;1288;864547;844688;76.3;74.6
67;2021-10-03;95;221;864642;844909;76.3;74.6
67;2021-10-04;314;677;864956;845586;76.4;74.7
67;2021-10-05;324;751;865280;846337;76.4;74.7
67;2021-10-06;579;1132;865859;847469;76.4;74.8
67;2021-10-07;445;772;866304;848241;76.5;74.9
67;2021-10-08;631;1270;866935;849511;76.5;75.0
67;2021-10-09;505;1020;867440;850531;76.6;75.1
67;2021-10-10;79;111;867519;850642;76.6;75.1
67;2021-10-11;326;604;867845;851246;76.6;75.2
67;2021-10-12;360;602;868205;851848;76.7;75.2
67;2021-10-13;570;928;868775;852776;76.7;75.3
68;2020-12-27;0;0;0;0;0.0;0.0
68;2020-12-28;0;0;0;0;0.0;0.0
68;2020-12-29;0;0;0;0;0.0;0.0
68;2020-12-30;2;0;2;0;0.0;0.0
68;2020-12-31;0;0;2;0;0.0;0.0
68;2021-01-01;0;0;2;0;0.0;0.0
68;2021-01-02;0;0;2;0;0.0;0.0
68;2021-01-03;1;0;3;0;0.0;0.0
68;2021-01-04;2;1;5;1;0.0;0.0
68;2021-01-05;11;0;16;1;0.0;0.0
68;2021-01-06;245;1;261;2;0.0;0.0
68;2021-01-07;75;0;336;2;0.0;0.0
68;2021-01-08;118;1;454;3;0.1;0.0
68;2021-01-09;20;0;474;3;0.1;0.0
68;2021-01-10;1;0;475;3;0.1;0.0
68;2021-01-11;82;0;557;3;0.1;0.0
68;2021-01-12;388;1;945;4;0.1;0.0
68;2021-01-13;704;3;1649;7;0.2;0.0
68;2021-01-14;372;2;2021;9;0.3;0.0
68;2021-01-15;204;1;2225;10;0.3;0.0
68;2021-01-16;1;0;2226;10;0.3;0.0
68;2021-01-17;0;0;2226;10;0.3;0.0
68;2021-01-18;379;5;2605;15;0.3;0.0
68;2021-01-19;559;5;3164;20;0.4;0.0
68;2021-01-20;707;10;3871;30;0.5;0.0
68;2021-01-21;1395;14;5266;44;0.7;0.0
68;2021-01-22;1498;15;6764;59;0.9;0.0
68;2021-01-23;215;3;6979;62;0.9;0.0
68;2021-01-24;699;2;7678;64;1.0;0.0
68;2021-01-25;1390;45;9068;109;1.2;0.0
68;2021-01-26;1555;80;10623;189;1.4;0.0
68;2021-01-27;2779;160;13402;349;1.8;0.0
68;2021-01-28;2358;62;15760;411;2.1;0.1
68;2021-01-29;1509;119;17269;530;2.3;0.1
68;2021-01-30;165;3;17434;533;2.3;0.1
68;2021-01-31;0;0;17434;533;2.3;0.1
68;2021-02-01;737;118;18171;651;2.4;0.1
68;2021-02-02;871;305;19042;956;2.5;0.1
68;2021-02-03;1001;616;20043;1572;2.6;0.2
68;2021-02-04;1001;323;21044;1895;2.8;0.2
68;2021-02-05;948;234;21992;2129;2.9;0.3
68;2021-02-06;140;2;22132;2131;2.9;0.3
68;2021-02-07;2;16;22134;2147;2.9;0.3
68;2021-02-08;893;24;23027;2171;3.0;0.3
68;2021-02-09;1357;47;24384;2218;3.2;0.3
68;2021-02-10;1453;65;25837;2283;3.4;0.3
68;2021-02-11;1486;469;27323;2752;3.6;0.4
68;2021-02-12;1551;446;28874;3198;3.8;0.4
68;2021-02-13;131;1;29005;3199;3.8;0.4
68;2021-02-14;58;232;29063;3431;3.8;0.4
68;2021-02-15;662;1087;29725;4518;3.9;0.6
68;2021-02-16;865;1370;30590;5888;4.0;0.8
68;2021-02-17;1288;2130;31878;8018;4.2;1.1
68;2021-02-18;1668;2067;33546;10085;4.4;1.3
68;2021-02-19;988;1370;34534;11455;4.5;1.5
68;2021-02-20;93;125;34627;11580;4.5;1.5
68;2021-02-21;1;40;34628;11620;4.5;1.5
68;2021-02-22;447;796;35075;12416;4.6;1.6
68;2021-02-23;639;1062;35714;13478;4.7;1.8
68;2021-02-24;854;1158;36568;14636;4.8;1.9
68;2021-02-25;1208;1250;37776;15886;4.9;2.1
68;2021-02-26;1199;990;38975;16876;5.1;2.2
68;2021-02-27;550;178;39525;17054;5.2;2.2
68;2021-02-28;12;1;39537;17055;5.2;2.2
68;2021-03-01;942;768;40479;17823;5.3;2.3
68;2021-03-02;1215;928;41694;18751;5.5;2.5
68;2021-03-03;1593;973;43287;19724;5.7;2.6
68;2021-03-04;1995;1052;45282;20776;5.9;2.7
68;2021-03-05;2355;1053;47637;21829;6.2;2.9
68;2021-03-06;2288;254;49925;22083;6.5;2.9
68;2021-03-07;838;108;50763;22191;6.7;2.9
68;2021-03-08;1476;978;52239;23169;6.8;3.0
68;2021-03-09;1698;1332;53937;24501;7.1;3.2
68;2021-03-10;1966;1805;55903;26306;7.3;3.4
68;2021-03-11;2637;1914;58540;28220;7.7;3.7
68;2021-03-12;2631;1425;61171;29645;8.0;3.9
68;2021-03-13;3342;264;64513;29909;8.5;3.9
68;2021-03-14;1541;68;66054;29977;8.7;3.9
68;2021-03-15;1796;623;67850;30600;8.9;4.0
68;2021-03-16;1998;603;69848;31203;9.2;4.1
68;2021-03-17;1958;736;71806;31939;9.4;4.2
68;2021-03-18;2220;951;74026;32890;9.7;4.3
68;2021-03-19;3084;741;77110;33631;10.1;4.4
68;2021-03-20;974;125;78084;33756;10.2;4.4
68;2021-03-21;68;2;78152;33758;10.2;4.4
68;2021-03-22;1964;598;80116;34356;10.5;4.5
68;2021-03-23;2861;621;82977;34977;10.9;4.6
68;2021-03-24;3177;819;86154;35796;11.3;4.7
68;2021-03-25;3501;795;89655;36591;11.7;4.8
68;2021-03-26;3894;738;93549;37329;12.3;4.9
68;2021-03-27;1101;169;94650;37498;12.4;4.9
68;2021-03-28;56;3;94706;37501;12.4;4.9
68;2021-03-29;2260;1368;96966;38869;12.7;5.1
68;2021-03-30;2933;1305;99899;40174;13.1;5.3
68;2021-03-31;2643;1368;102542;41542;13.4;5.4
68;2021-04-01;2747;1553;105289;43095;13.8;5.6
68;2021-04-02;244;88;105533;43183;13.8;5.7
68;2021-04-03;241;124;105774;43307;13.9;5.7
68;2021-04-04;6;0;105780;43307;13.9;5.7
68;2021-04-05;49;4;105829;43311;13.9;5.7
68;2021-04-06;1793;1327;107622;44638;14.1;5.8
68;2021-04-07;2585;1542;110207;46180;14.4;6.1
68;2021-04-08;3234;1509;113441;47689;14.9;6.2
68;2021-04-09;4200;1536;117641;49225;15.4;6.4
68;2021-04-10;1203;1974;118844;51199;15.6;6.7
68;2021-04-11;126;1317;118970;52516;15.6;6.9
68;2021-04-12;2666;1639;121636;54155;15.9;7.1
68;2021-04-13;2760;2113;124396;56268;16.3;7.4
68;2021-04-14;3606;2272;128002;58540;16.8;7.7
68;2021-04-15;4055;2167;132057;60707;17.3;8.0
68;2021-04-16;3942;2085;135999;62792;17.8;8.2
68;2021-04-17;1075;444;137074;63236;18.0;8.3
68;2021-04-18;85;9;137159;63245;18.0;8.3
68;2021-04-19;2358;1834;139517;65079;18.3;8.5
68;2021-04-20;2442;2330;141959;67409;18.6;8.8
68;2021-04-21;2829;2478;144788;69887;19.0;9.2
68;2021-04-22;3287;1974;148075;71861;19.4;9.4
68;2021-04-23;3412;2077;151487;73938;19.8;9.7
68;2021-04-24;842;489;152329;74427;20.0;9.8
68;2021-04-25;214;20;152543;74447;20.0;9.8
68;2021-04-26;2328;2107;154871;76554;20.3;10.0
68;2021-04-27;2599;2217;157470;78771;20.6;10.3
68;2021-04-28;3572;1767;161042;80538;21.1;10.6
68;2021-04-29;4164;1751;165206;82289;21.6;10.8
68;2021-04-30;4834;1376;170040;83665;22.3;11.0
68;2021-05-01;948;121;170988;83786;22.4;11.0
68;2021-05-02;732;70;171720;83856;22.5;11.0
68;2021-05-03;3620;1820;175340;85676;23.0;11.2
68;2021-05-04;3937;2363;179277;88039;23.5;11.5
68;2021-05-05;3632;3249;182909;91288;24.0;12.0
68;2021-05-06;4804;2864;187713;94152;24.6;12.3
68;2021-05-07;4518;2909;192231;97061;25.2;12.7
68;2021-05-08;1672;210;193903;97271;25.4;12.7
68;2021-05-09;1075;107;194978;97378;25.5;12.8
68;2021-05-10;3160;3721;198138;101099;26.0;13.2
68;2021-05-11;4715;3623;202853;104722;26.6;13.7
68;2021-05-12;5785;3295;208638;108017;27.3;14.2
68;2021-05-13;4766;840;213404;108857;28.0;14.3
68;2021-05-14;5959;2134;219363;110991;28.7;14.5
68;2021-05-15;3558;910;222921;111901;29.2;14.7
68;2021-05-16;670;119;223591;112020;29.3;14.7
68;2021-05-17;4449;2499;228040;114519;29.9;15.0
68;2021-05-18;6139;2307;234179;116826;30.7;15.3
68;2021-05-19;5867;2883;240046;119709;31.5;15.7
68;2021-05-20;5929;2413;245975;122122;32.2;16.0
68;2021-05-21;5778;2870;251753;124992;33.0;16.4
68;2021-05-22;2576;927;254329;125919;33.3;16.5
68;2021-05-23;15;16;254344;125935;33.3;16.5
68;2021-05-24;2304;970;256648;126905;33.6;16.6
68;2021-05-25;4343;3436;260991;130341;34.2;17.1
68;2021-05-26;4884;3384;265875;133725;34.8;17.5
68;2021-05-27;5400;3408;271275;137133;35.5;18.0
68;2021-05-28;5623;3728;276898;140861;36.3;18.5
68;2021-05-29;1540;1186;278438;142047;36.5;18.6
68;2021-05-30;41;46;278479;142093;36.5;18.6
68;2021-05-31;5158;2364;283637;144457;37.2;18.9
68;2021-06-01;5989;2799;289626;147256;37.9;19.3
68;2021-06-02;4886;3006;294512;150262;38.6;19.7
68;2021-06-03;5938;3099;300450;153361;39.4;20.1
68;2021-06-04;4896;3306;305346;156667;40.0;20.5
68;2021-06-05;781;1169;306127;157836;40.1;20.7
68;2021-06-06;69;114;306196;157950;40.1;20.7
68;2021-06-07;4753;3036;310949;160986;40.7;21.1
68;2021-06-08;4934;3556;315883;164542;41.4;21.6
68;2021-06-09;4994;3448;320877;167990;42.0;22.0
68;2021-06-10;5200;3145;326077;171135;42.7;22.4
68;2021-06-11;5055;4150;331132;175285;43.4;23.0
68;2021-06-12;3036;1771;334168;177056;43.8;23.2
68;2021-06-13;514;682;334682;177738;43.9;23.3
68;2021-06-14;2516;4390;337198;182128;44.2;23.9
68;2021-06-15;3112;4724;340310;186852;44.6;24.5
68;2021-06-16;3387;4442;343697;191294;45.0;25.1
68;2021-06-17;2359;4458;346056;195752;45.3;25.6
68;2021-06-18;3357;5172;349413;200924;45.8;26.3
68;2021-06-19;2253;2170;351666;203094;46.1;26.6
68;2021-06-20;258;891;351924;203985;46.1;26.7
68;2021-06-21;2059;5148;353983;209133;46.4;27.4
68;2021-06-22;1900;5174;355883;214307;46.6;28.1
68;2021-06-23;2319;5740;358202;220047;46.9;28.8
68;2021-06-24;2154;4897;360356;224944;47.2;29.5
68;2021-06-25;2287;6660;362643;231604;47.5;30.3
68;2021-06-26;1303;2606;363946;234210;47.7;30.7
68;2021-06-27;151;880;364097;235090;47.7;30.8
68;2021-06-28;1601;6444;365698;241534;47.9;31.6
68;2021-06-29;1539;6632;367237;248166;48.1;32.5
68;2021-06-30;1797;6554;369034;254720;48.4;33.4
68;2021-07-01;2105;5351;371139;260071;48.6;34.1
68;2021-07-02;2098;6482;373237;266553;48.9;34.9
68;2021-07-03;989;1934;374226;268487;49.0;35.2
68;2021-07-04;242;200;374468;268687;49.1;35.2
68;2021-07-05;1456;5513;375924;274200;49.3;35.9
68;2021-07-06;2001;5884;377925;280084;49.5;36.7
68;2021-07-07;2455;4974;380380;285058;49.8;37.4
68;2021-07-08;2434;4750;382814;289808;50.2;38.0
68;2021-07-09;2091;7364;384905;297172;50.4;38.9
68;2021-07-10;1028;2003;385933;299175;50.6;39.2
68;2021-07-11;147;156;386080;299331;50.6;39.2
68;2021-07-12;1646;6771;387726;306102;50.8;40.1
68;2021-07-13;2909;6550;390635;312652;51.2;41.0
68;2021-07-14;1840;984;392475;313636;51.4;41.1
68;2021-07-15;3187;6654;395662;320290;51.8;42.0
68;2021-07-16;3817;6762;399479;327052;52.3;42.9
68;2021-07-17;3361;2302;402840;329354;52.8;43.2
68;2021-07-18;1054;230;403894;329584;52.9;43.2
68;2021-07-19;3050;6081;406944;335665;53.3;44.0
68;2021-07-20;4002;5677;410946;341342;53.8;44.7
68;2021-07-21;4339;5831;415285;347173;54.4;45.5
68;2021-07-22;4188;4848;419473;352021;55.0;46.1
68;2021-07-23;5041;5761;424514;357782;55.6;46.9
68;2021-07-24;3349;2134;427863;359916;56.1;47.2
68;2021-07-25;825;537;428688;360453;56.2;47.2
68;2021-07-26;4835;4450;433523;364903;56.8;47.8
68;2021-07-27;6364;3756;439887;368659;57.6;48.3
68;2021-07-28;6848;3883;446735;372542;58.5;48.8
68;2021-07-29;6398;3428;453133;375970;59.4;49.3
68;2021-07-30;6342;4378;459475;380348;60.2;49.8
68;2021-07-31;3917;1427;463392;381775;60.7;50.0
68;2021-08-01;1651;494;465043;382269;60.9;50.1
68;2021-08-02;4606;3151;469649;385420;61.5;50.5
68;2021-08-03;3550;2453;473199;387873;62.0;50.8
68;2021-08-04;3135;2689;476334;390562;62.4;51.2
68;2021-08-05;2753;2641;479087;393203;62.8;51.5
68;2021-08-06;3995;4327;483082;397530;63.3;52.1
68;2021-08-07;1227;1305;484309;398835;63.5;52.3
68;2021-08-08;364;813;484673;399648;63.5;52.4
68;2021-08-09;2575;3683;487248;403331;63.8;52.8
68;2021-08-10;2217;2784;489465;406115;64.1;53.2
68;2021-08-11;1896;2728;491361;408843;64.4;53.6
68;2021-08-12;1752;2666;493113;411509;64.6;53.9
68;2021-08-13;2716;4759;495829;416268;65.0;54.5
68;2021-08-14;715;1444;496544;417712;65.1;54.7
68;2021-08-15;45;445;496589;418157;65.1;54.8
68;2021-08-16;2004;5062;498593;423219;65.3;55.5
68;2021-08-17;1803;4846;500396;428065;65.6;56.1
68;2021-08-18;1182;3697;501578;431762;65.7;56.6
68;2021-08-19;1367;3741;502945;435503;65.9;57.1
68;2021-08-20;2229;6065;505174;441568;66.2;57.9
68;2021-08-21;492;1382;505666;442950;66.3;58.0
68;2021-08-22;116;457;505782;443407;66.3;58.1
68;2021-08-23;1191;5425;506973;448832;66.4;58.8
68;2021-08-24;1407;5954;508380;454786;66.6;59.6
68;2021-08-25;1661;3752;510041;458538;66.8;60.1
68;2021-08-26;1991;4505;512032;463043;67.1;60.7
68;2021-08-27;1850;6281;513882;469324;67.3;61.5
68;2021-08-28;422;1070;514304;470394;67.4;61.6
68;2021-08-29;36;418;514340;470812;67.4;61.7
68;2021-08-30;1350;4519;515690;475331;67.6;62.3
68;2021-08-31;1304;4113;516994;479444;67.7;62.8
68;2021-09-01;890;2141;517884;481585;67.9;63.1
68;2021-09-02;878;1769;518762;483354;68.0;63.3
68;2021-09-03;1308;4321;520070;487675;68.1;63.9
68;2021-09-04;495;870;520565;488545;68.2;64.0
68;2021-09-05;209;120;520774;488665;68.2;64.0
68;2021-09-06;698;2137;521472;490802;68.3;64.3
68;2021-09-07;607;1262;522079;492064;68.4;64.5
68;2021-09-08;618;1330;522697;493394;68.5;64.6
68;2021-09-09;900;1241;523597;494635;68.6;64.8
68;2021-09-10;1485;3027;525082;497662;68.8;65.2
68;2021-09-11;470;619;525552;498281;68.9;65.3
68;2021-09-12;73;53;525625;498334;68.9;65.3
68;2021-09-13;816;1184;526441;499518;69.0;65.5
68;2021-09-14;975;1346;527416;500864;69.1;65.6
68;2021-09-15;696;1586;528112;502450;69.2;65.8
68;2021-09-16;631;1079;528743;503529;69.3;66.0
68;2021-09-17;986;2331;529729;505860;69.4;66.3
68;2021-09-18;445;766;530174;506626;69.5;66.4
68;2021-09-19;16;48;530190;506674;69.5;66.4
68;2021-09-20;553;967;530743;507641;69.5;66.5
68;2021-09-21;585;1327;531328;508968;69.6;66.7
68;2021-09-22;635;1155;531963;510123;69.7;66.8
68;2021-09-23;367;680;532330;510803;69.7;66.9
68;2021-09-24;646;1607;532976;512410;69.8;67.1
68;2021-09-25;276;668;533252;513078;69.9;67.2
68;2021-09-26;19;56;533271;513134;69.9;67.2
68;2021-09-27;339;688;533610;513822;69.9;67.3
68;2021-09-28;339;546;533949;514368;70.0;67.4
68;2021-09-29;538;877;534487;515245;70.0;67.5
68;2021-09-30;387;790;534874;516035;70.1;67.6
68;2021-10-01;505;1541;535379;517576;70.1;67.8
68;2021-10-02;267;572;535646;518148;70.2;67.9
68;2021-10-03;38;91;535684;518239;70.2;67.9
68;2021-10-04;213;424;535897;518663;70.2;68.0
68;2021-10-05;290;561;536187;519224;70.3;68.0
68;2021-10-06;383;876;536570;520100;70.3;68.1
68;2021-10-07;389;594;536959;520694;70.4;68.2
68;2021-10-08;694;1622;537653;522316;70.4;68.4
68;2021-10-09;308;615;537961;522931;70.5;68.5
68;2021-10-10;29;45;537990;522976;70.5;68.5
68;2021-10-11;235;463;538225;523439;70.5;68.6
68;2021-10-12;242;479;538467;523918;70.6;68.6
68;2021-10-13;494;663;538961;524581;70.6;68.7
69;2020-12-27;5;1;5;1;0.0;0.0
69;2020-12-28;13;3;18;4;0.0;0.0
69;2020-12-29;5;0;23;4;0.0;0.0
69;2020-12-30;6;1;29;5;0.0;0.0
69;2020-12-31;12;4;41;9;0.0;0.0
69;2021-01-01;2;0;43;9;0.0;0.0
69;2021-01-02;2;1;45;10;0.0;0.0
69;2021-01-03;3;2;48;12;0.0;0.0
69;2021-01-04;13;0;61;12;0.0;0.0
69;2021-01-05;218;9;279;21;0.0;0.0
69;2021-01-06;518;5;797;26;0.0;0.0
69;2021-01-07;813;5;1610;31;0.1;0.0
69;2021-01-08;829;1;2439;32;0.1;0.0
69;2021-01-09;42;3;2481;35;0.1;0.0
69;2021-01-10;3;1;2484;36;0.1;0.0
69;2021-01-11;1135;2;3619;38;0.2;0.0
69;2021-01-12;1399;10;5018;48;0.3;0.0
69;2021-01-13;1395;6;6413;54;0.3;0.0
69;2021-01-14;2287;27;8700;81;0.5;0.0
69;2021-01-15;1829;8;10529;89;0.6;0.0
69;2021-01-16;930;4;11459;93;0.6;0.0
69;2021-01-17;260;3;11719;96;0.6;0.0
69;2021-01-18;1695;19;13414;115;0.7;0.0
69;2021-01-19;3513;37;16927;152;0.9;0.0
69;2021-01-20;4457;34;21384;186;1.1;0.0
69;2021-01-21;4078;43;25462;229;1.4;0.0
69;2021-01-22;3184;30;28646;259;1.5;0.0
69;2021-01-23;1287;6;29933;265;1.6;0.0
69;2021-01-24;103;1;30036;266;1.6;0.0
69;2021-01-25;2245;45;32281;311;1.7;0.0
69;2021-01-26;2563;92;34844;403;1.9;0.0
69;2021-01-27;2360;176;37204;579;2.0;0.0
69;2021-01-28;2238;374;39442;953;2.1;0.1
69;2021-01-29;2111;291;41553;1244;2.2;0.1
69;2021-01-30;889;3;42442;1247;2.3;0.1
69;2021-01-31;65;0;42507;1247;2.3;0.1
69;2021-02-01;1112;401;43619;1648;2.3;0.1
69;2021-02-02;1560;425;45179;2073;2.4;0.1
69;2021-02-03;1444;537;46623;2610;2.5;0.1
69;2021-02-04;1797;954;48420;3564;2.6;0.2
69;2021-02-05;820;822;49240;4386;2.6;0.2
69;2021-02-06;370;53;49610;4439;2.6;0.2
69;2021-02-07;0;0;49610;4439;2.6;0.2
69;2021-02-08;1132;1075;50742;5514;2.7;0.3
69;2021-02-09;2052;2117;52794;7631;2.8;0.4
69;2021-02-10;1855;2658;54649;10289;2.9;0.5
69;2021-02-11;1860;3296;56509;13585;3.0;0.7
69;2021-02-12;1906;2101;58415;15686;3.1;0.8
69;2021-02-13;460;788;58875;16474;3.1;0.9
69;2021-02-14;89;39;58964;16513;3.1;0.9
69;2021-02-15;1016;1764;59980;18277;3.2;1.0
69;2021-02-16;984;2438;60964;20715;3.2;1.1
69;2021-02-17;1026;2391;61990;23106;3.3;1.2
69;2021-02-18;967;2302;62957;25408;3.4;1.4
69;2021-02-19;890;1873;63847;27281;3.4;1.5
69;2021-02-20;321;911;64168;28192;3.4;1.5
69;2021-02-21;53;70;64221;28262;3.4;1.5
69;2021-02-22;608;2099;64829;30361;3.5;1.6
69;2021-02-23;741;2221;65570;32582;3.5;1.7
69;2021-02-24;973;2252;66543;34834;3.5;1.9
69;2021-02-25;2214;2689;68757;37523;3.7;2.0
69;2021-02-26;2772;1932;71529;39455;3.8;2.1
69;2021-02-27;925;576;72454;40031;3.9;2.1
69;2021-02-28;148;104;72602;40135;3.9;2.1
69;2021-03-01;2171;914;74773;41049;4.0;2.2
69;2021-03-02;3299;1430;78072;42479;4.2;2.3
69;2021-03-03;3671;1246;81743;43725;4.4;2.3
69;2021-03-04;4887;1319;86630;45044;4.6;2.4
69;2021-03-05;5874;1280;92504;46324;4.9;2.5
69;2021-03-06;3417;434;95921;46758;5.1;2.5
69;2021-03-07;640;44;96561;46802;5.1;2.5
69;2021-03-08;2962;1134;99523;47936;5.3;2.6
69;2021-03-09;4607;1282;104130;49218;5.6;2.6
69;2021-03-10;5075;1071;109205;50289;5.8;2.7
69;2021-03-11;6603;1082;115808;51371;6.2;2.7
69;2021-03-12;8857;1252;124665;52623;6.6;2.8
69;2021-03-13;4928;257;129593;52880;6.9;2.8
69;2021-03-14;2741;158;132334;53038;7.1;2.8
69;2021-03-15;4804;742;137138;53780;7.3;2.9
69;2021-03-16;3820;679;140958;54459;7.5;2.9
69;2021-03-17;3953;906;144911;55365;7.7;3.0
69;2021-03-18;4966;1636;149877;57001;8.0;3.0
69;2021-03-19;6684;1086;156561;58087;8.3;3.1
69;2021-03-20;3593;287;160154;58374;8.5;3.1
69;2021-03-21;1975;104;162129;58478;8.6;3.1
69;2021-03-22;4550;829;166679;59307;8.9;3.2
69;2021-03-23;7364;852;174043;60159;9.3;3.2
69;2021-03-24;6456;1025;180499;61184;9.6;3.3
69;2021-03-25;8595;1144;189094;62328;10.1;3.3
69;2021-03-26;8813;1273;197907;63601;10.5;3.4
69;2021-03-27;3157;802;201064;64403;10.7;3.4
69;2021-03-28;2219;192;203283;64595;10.8;3.4
69;2021-03-29;4095;2198;207378;66793;11.1;3.6
69;2021-03-30;7640;2572;215018;69365;11.5;3.7
69;2021-03-31;6356;3201;221374;72566;11.8;3.9
69;2021-04-01;8463;2763;229837;75329;12.3;4.0
69;2021-04-02;8315;3150;238152;78479;12.7;4.2
69;2021-04-03;5424;2174;243576;80653;13.0;4.3
69;2021-04-04;6610;556;250186;81209;13.3;4.3
69;2021-04-05;6192;823;256378;82032;13.7;4.4
69;2021-04-06;5115;3498;261493;85530;13.9;4.6
69;2021-04-07;5168;3910;266661;89440;14.2;4.8
69;2021-04-08;6430;4059;273091;93499;14.6;5.0
69;2021-04-09;9165;3802;282256;97301;15.0;5.2
69;2021-04-10;3055;2512;285311;99813;15.2;5.3
69;2021-04-11;2035;1904;287346;101717;15.3;5.4
69;2021-04-12;5474;3592;292820;105309;15.6;5.6
69;2021-04-13;7068;4135;299888;109444;16.0;5.8
69;2021-04-14;6717;4169;306605;113613;16.3;6.1
69;2021-04-15;7943;4617;314548;118230;16.8;6.3
69;2021-04-16;7868;4520;322416;122750;17.2;6.5
69;2021-04-17;5036;2319;327452;125069;17.5;6.7
69;2021-04-18;1715;1796;329167;126865;17.5;6.8
69;2021-04-19;7020;3782;336187;130647;17.9;7.0
69;2021-04-20;6485;4779;342672;135426;18.3;7.2
69;2021-04-21;5691;4428;348363;139854;18.6;7.5
69;2021-04-22;6427;5457;354790;145311;18.9;7.7
69;2021-04-23;6737;4918;361527;150229;19.3;8.0
69;2021-04-24;3160;2037;364687;152266;19.4;8.1
69;2021-04-25;2120;1548;366807;153814;19.6;8.2
69;2021-04-26;4495;3887;371302;157701;19.8;8.4
69;2021-04-27;6516;5337;377818;163038;20.1;8.7
69;2021-04-28;6272;4875;384090;167913;20.5;9.0
69;2021-04-29;6706;5408;390796;173321;20.8;9.2
69;2021-04-30;6931;6193;397727;179514;21.2;9.6
69;2021-05-01;3301;646;401028;180160;21.4;9.6
69;2021-05-02;1628;5885;402656;186045;21.5;9.9
69;2021-05-03;5860;8256;408516;194301;21.8;10.4
69;2021-05-04;7608;8181;416124;202482;22.2;10.8
69;2021-05-05;11212;5668;427336;208150;22.8;11.1
69;2021-05-06;12470;6311;439806;214461;23.4;11.4
69;2021-05-07;11685;7173;451491;221634;24.1;11.8
69;2021-05-08;4303;1658;455794;223292;24.3;11.9
69;2021-05-09;6634;2684;462428;225976;24.6;12.0
69;2021-05-10;6935;6076;469363;232052;25.0;12.4
69;2021-05-11;9829;7048;479192;239100;25.5;12.7
69;2021-05-12;12450;6813;491642;245913;26.2;13.1
69;2021-05-13;10838;2562;502480;248475;26.8;13.2
69;2021-05-14;12599;5217;515079;253692;27.5;13.5
69;2021-05-15;9136;2591;524215;256283;27.9;13.7
69;2021-05-16;8403;1876;532618;258159;28.4;13.8
69;2021-05-17;11306;5652;543924;263811;29.0;14.1
69;2021-05-18;13226;6401;557150;270212;29.7;14.4
69;2021-05-19;13696;5888;570846;276100;30.4;14.7
69;2021-05-20;11387;6087;582233;282187;31.0;15.0
69;2021-05-21;11036;6559;593269;288746;31.6;15.4
69;2021-05-22;5574;2577;598843;291323;31.9;15.5
69;2021-05-23;4573;1543;603416;292866;32.2;15.6
69;2021-05-24;8419;1864;611835;294730;32.6;15.7
69;2021-05-25;9742;6179;621577;300909;33.1;16.0
69;2021-05-26;10282;6110;631859;307019;33.7;16.4
69;2021-05-27;10429;6788;642288;313807;34.2;16.7
69;2021-05-28;11610;8754;653898;322561;34.9;17.2
69;2021-05-29;7387;6047;661285;328608;35.2;17.5
69;2021-05-30;7387;3169;668672;331777;35.6;17.7
69;2021-05-31;10955;6381;679627;338158;36.2;18.0
69;2021-06-01;12844;7520;692471;345678;36.9;18.4
69;2021-06-02;14887;6724;707358;352402;37.7;18.8
69;2021-06-03;16641;7432;723999;359834;38.6;19.2
69;2021-06-04;16199;8565;740198;368399;39.5;19.6
69;2021-06-05;10105;3420;750303;371819;40.0;19.8
69;2021-06-06;7488;1720;757791;373539;40.4;19.9
69;2021-06-07;12815;7029;770606;380568;41.1;20.3
69;2021-06-08;16308;8283;786914;388851;41.9;20.7
69;2021-06-09;15212;7361;802126;396212;42.8;21.1
69;2021-06-10;16277;7337;818403;403549;43.6;21.5
69;2021-06-11;16635;9691;835038;413240;44.5;22.0
69;2021-06-12;8529;4188;843567;417428;45.0;22.3
69;2021-06-13;5620;2146;849187;419574;45.3;22.4
69;2021-06-14;8575;9085;857762;428659;45.7;22.8
69;2021-06-15;10932;11015;868694;439674;46.3;23.4
69;2021-06-16;11332;12322;880026;451996;46.9;24.1
69;2021-06-17;11455;13260;891481;465256;47.5;24.8
69;2021-06-18;12043;14775;903524;480031;48.2;25.6
69;2021-06-19;6813;8355;910337;488386;48.5;26.0
69;2021-06-20;5274;4768;915611;493154;48.8;26.3
69;2021-06-21;6538;12119;922149;505273;49.2;26.9
69;2021-06-22;7211;13836;929360;519109;49.5;27.7
69;2021-06-23;8347;13028;937707;532137;50.0;28.4
69;2021-06-24;9293;13745;947000;545882;50.5;29.1
69;2021-06-25;7079;16311;954079;562193;50.9;30.0
69;2021-06-26;3871;9073;957950;571266;51.1;30.5
69;2021-06-27;3291;7420;961241;578686;51.2;30.8
69;2021-06-28;4551;14893;965792;593579;51.5;31.6
69;2021-06-29;5367;15670;971159;609249;51.8;32.5
69;2021-06-30;6387;14452;977546;623701;52.1;33.2
69;2021-07-01;9054;11980;986600;635681;52.6;33.9
69;2021-07-02;10688;14130;997288;649811;53.2;34.6
69;2021-07-03;5994;7771;1003282;657582;53.5;35.1
69;2021-07-04;4126;5551;1007408;663133;53.7;35.3
69;2021-07-05;6230;13021;1013638;676154;54.0;36.0
69;2021-07-06;5914;14280;1019552;690434;54.3;36.8
69;2021-07-07;7318;13563;1026870;703997;54.7;37.5
69;2021-07-08;7587;13409;1034457;717406;55.1;38.2
69;2021-07-09;7582;16480;1042039;733886;55.5;39.1
69;2021-07-10;3124;10312;1045163;744198;55.7;39.7
69;2021-07-11;4331;5830;1049494;750028;55.9;40.0
69;2021-07-12;4212;16969;1053706;766997;56.2;40.9
69;2021-07-13;6451;20720;1060157;787717;56.5;42.0
69;2021-07-14;5054;8482;1065211;796199;56.8;42.4
69;2021-07-15;7498;22583;1072709;818782;57.2;43.6
69;2021-07-16;9963;20120;1082672;838902;57.7;44.7
69;2021-07-17;4882;12239;1087554;851141;58.0;45.4
69;2021-07-18;3411;8894;1090965;860035;58.2;45.8
69;2021-07-19;7071;16463;1098036;876498;58.5;46.7
69;2021-07-20;9581;19308;1107617;895806;59.0;47.7
69;2021-07-21;9387;17423;1117004;913229;59.5;48.7
69;2021-07-22;11472;16402;1128476;929631;60.2;49.6
69;2021-07-23;11140;17688;1139616;947319;60.7;50.5
69;2021-07-24;5706;11048;1145322;958367;61.0;51.1
69;2021-07-25;4706;6630;1150028;964997;61.3;51.4
69;2021-07-26;8927;12953;1158955;977950;61.8;52.1
69;2021-07-27;12939;12097;1171894;990047;62.5;52.8
69;2021-07-28;12092;12158;1183986;1002205;63.1;53.4
69;2021-07-29;14762;12264;1198748;1014469;63.9;54.1
69;2021-07-30;14417;12245;1213165;1026714;64.7;54.7
69;2021-07-31;8270;7255;1221435;1033969;65.1;55.1
69;2021-08-01;5187;5881;1226622;1039850;65.4;55.4
69;2021-08-02;13270;9640;1239892;1049490;66.1;55.9
69;2021-08-03;13291;8991;1253183;1058481;66.8;56.4
69;2021-08-04;14352;8141;1267535;1066622;67.6;56.9
69;2021-08-05;11533;7540;1279068;1074162;68.2;57.3
69;2021-08-06;10609;7798;1289677;1081960;68.7;57.7
69;2021-08-07;5007;4811;1294684;1086771;69.0;57.9
69;2021-08-08;4371;3565;1299055;1090336;69.2;58.1
69;2021-08-09;7779;9219;1306834;1099555;69.7;58.6
69;2021-08-10;8089;7041;1314923;1106596;70.1;59.0
69;2021-08-11;7899;8113;1322822;1114709;70.5;59.4
69;2021-08-12;7317;7334;1330139;1122043;70.9;59.8
69;2021-08-13;6749;8361;1336888;1130404;71.3;60.3
69;2021-08-14;4513;5210;1341401;1135614;71.5;60.5
69;2021-08-15;2490;2522;1343891;1138136;71.6;60.7
69;2021-08-16;5937;8882;1349828;1147018;72.0;61.1
69;2021-08-17;6418;8275;1356246;1155293;72.3;61.6
69;2021-08-18;6251;9473;1362497;1164766;72.6;62.1
69;2021-08-19;6339;9335;1368836;1174101;73.0;62.6
69;2021-08-20;6189;8846;1375025;1182947;73.3;63.1
69;2021-08-21;2862;3958;1377887;1186905;73.4;63.3
69;2021-08-22;1965;2420;1379852;1189325;73.6;63.4
69;2021-08-23;3948;12384;1383800;1201709;73.8;64.1
69;2021-08-24;5191;13644;1388991;1215353;74.0;64.8
69;2021-08-25;4554;12910;1393545;1228263;74.3;65.5
69;2021-08-26;4561;11736;1398106;1239999;74.5;66.1
69;2021-08-27;4309;14451;1402415;1254450;74.8;66.9
69;2021-08-28;1966;8635;1404381;1263085;74.9;67.3
69;2021-08-29;1339;6527;1405720;1269612;74.9;67.7
69;2021-08-30;3259;11734;1408979;1281346;75.1;68.3
69;2021-08-31;4199;9998;1413178;1291344;75.3;68.8
69;2021-09-01;5088;9452;1418266;1300796;75.6;69.3
69;2021-09-02;4478;8374;1422744;1309170;75.8;69.8
69;2021-09-03;4488;10435;1427232;1319605;76.1;70.3
69;2021-09-04;2996;8538;1430228;1328143;76.2;70.8
69;2021-09-05;1434;3618;1431662;1331761;76.3;71.0
69;2021-09-06;2433;6130;1434095;1337891;76.4;71.3
69;2021-09-07;2396;6055;1436491;1343946;76.6;71.6
69;2021-09-08;2699;6822;1439190;1350768;76.7;72.0
69;2021-09-09;2417;5812;1441607;1356580;76.8;72.3
69;2021-09-10;2689;6655;1444296;1363235;77.0;72.7
69;2021-09-11;1737;5063;1446033;1368298;77.1;72.9
69;2021-09-12;519;2225;1446552;1370523;77.1;73.1
69;2021-09-13;1725;4554;1448277;1375077;77.2;73.3
69;2021-09-14;1814;4220;1450091;1379297;77.3;73.5
69;2021-09-15;1882;5053;1451973;1384350;77.4;73.8
69;2021-09-16;1522;3493;1453495;1387843;77.5;74.0
69;2021-09-17;1796;4888;1455291;1392731;77.6;74.2
69;2021-09-18;1113;4090;1456404;1396821;77.6;74.5
69;2021-09-19;479;1523;1456883;1398344;77.7;74.5
69;2021-09-20;991;2994;1457874;1401338;77.7;74.7
69;2021-09-21;979;3515;1458853;1404853;77.8;74.9
69;2021-09-22;1150;4071;1460003;1408924;77.8;75.1
69;2021-09-23;907;3072;1460910;1411996;77.9;75.3
69;2021-09-24;1245;4186;1462155;1416182;77.9;75.5
69;2021-09-25;723;2737;1462878;1418919;78.0;75.6
69;2021-09-26;296;1211;1463174;1420130;78.0;75.7
69;2021-09-27;664;2044;1463838;1422174;78.0;75.8
69;2021-09-28;924;2108;1464762;1424282;78.1;75.9
69;2021-09-29;1145;3294;1465907;1427576;78.1;76.1
69;2021-09-30;941;2364;1466848;1429940;78.2;76.2
69;2021-10-01;1517;3545;1468365;1433485;78.3;76.4
69;2021-10-02;946;2268;1469311;1435753;78.3;76.5
69;2021-10-03;317;649;1469628;1436402;78.3;76.6
69;2021-10-04;783;2018;1470411;1438420;78.4;76.7
69;2021-10-05;774;1832;1471185;1440252;78.4;76.8
69;2021-10-06;1102;2419;1472287;1442671;78.5;76.9
69;2021-10-07;869;1791;1473156;1444462;78.5;77.0
69;2021-10-08;1250;3019;1474406;1447481;78.6;77.2
69;2021-10-09;733;1558;1475139;1449039;78.6;77.2
69;2021-10-10;54;412;1475193;1449451;78.6;77.3
69;2021-10-11;571;1768;1475764;1451219;78.7;77.4
69;2021-10-12;817;1313;1476581;1452532;78.7;77.4
69;2021-10-13;1117;2081;1477698;1454613;78.8;77.5
70;2020-12-27;0;0;0;0;0.0;0.0
70;2020-12-28;0;0;0;0;0.0;0.0
70;2020-12-29;0;0;0;0;0.0;0.0
70;2020-12-30;0;0;0;0;0.0;0.0
70;2020-12-31;0;0;0;0;0.0;0.0
70;2021-01-01;0;0;0;0;0.0;0.0
70;2021-01-02;0;0;0;0;0.0;0.0
70;2021-01-03;0;0;0;0;0.0;0.0
70;2021-01-04;0;0;0;0;0.0;0.0
70;2021-01-05;1;1;1;1;0.0;0.0
70;2021-01-06;24;0;25;1;0.0;0.0
70;2021-01-07;121;0;146;1;0.1;0.0
70;2021-01-08;22;0;168;1;0.1;0.0
70;2021-01-09;0;0;168;1;0.1;0.0
70;2021-01-10;0;0;168;1;0.1;0.0
70;2021-01-11;148;1;316;2;0.1;0.0
70;2021-01-12;201;1;517;3;0.2;0.0
70;2021-01-13;172;2;689;5;0.3;0.0
70;2021-01-14;148;6;837;11;0.4;0.0
70;2021-01-15;153;1;990;12;0.4;0.0
70;2021-01-16;65;0;1055;12;0.5;0.0
70;2021-01-17;0;0;1055;12;0.5;0.0
70;2021-01-18;398;0;1453;12;0.6;0.0
70;2021-01-19;503;2;1956;14;0.8;0.0
70;2021-01-20;494;2;2450;16;1.1;0.0
70;2021-01-21;675;3;3125;19;1.3;0.0
70;2021-01-22;458;3;3583;22;1.5;0.0
70;2021-01-23;261;2;3844;24;1.6;0.0
70;2021-01-24;4;0;3848;24;1.7;0.0
70;2021-01-25;370;1;4218;25;1.8;0.0
70;2021-01-26;335;1;4553;26;2.0;0.0
70;2021-01-27;331;12;4884;38;2.1;0.0
70;2021-01-28;366;36;5250;74;2.3;0.0
70;2021-01-29;329;52;5579;126;2.4;0.1
70;2021-01-30;228;1;5807;127;2.5;0.1
70;2021-01-31;0;0;5807;127;2.5;0.1
70;2021-02-01;262;52;6069;179;2.6;0.1
70;2021-02-02;272;98;6341;277;2.7;0.1
70;2021-02-03;250;61;6591;338;2.8;0.1
70;2021-02-04;265;125;6856;463;2.9;0.2
70;2021-02-05;254;75;7110;538;3.0;0.2
70;2021-02-06;209;38;7319;576;3.1;0.2
70;2021-02-07;0;0;7319;576;3.1;0.2
70;2021-02-08;179;233;7498;809;3.2;0.3
70;2021-02-09;206;229;7704;1038;3.3;0.4
70;2021-02-10;196;305;7900;1343;3.4;0.6
70;2021-02-11;351;338;8251;1681;3.5;0.7
70;2021-02-12;239;492;8490;2173;3.6;0.9
70;2021-02-13;75;210;8565;2383;3.7;1.0
70;2021-02-14;0;29;8565;2412;3.7;1.0
70;2021-02-15;69;339;8634;2751;3.7;1.2
70;2021-02-16;113;362;8747;3113;3.8;1.3
70;2021-02-17;165;302;8912;3415;3.8;1.5
70;2021-02-18;205;257;9117;3672;3.9;1.6
70;2021-02-19;197;204;9314;3876;4.0;1.7
70;2021-02-20;192;69;9506;3945;4.1;1.7
70;2021-02-21;1;0;9507;3945;4.1;1.7
70;2021-02-22;106;238;9613;4183;4.1;1.8
70;2021-02-23;125;261;9738;4444;4.2;1.9
70;2021-02-24;132;234;9870;4678;4.2;2.0
70;2021-02-25;315;259;10185;4937;4.4;2.1
70;2021-02-26;395;151;10580;5088;4.5;2.2
70;2021-02-27;147;202;10727;5290;4.6;2.3
70;2021-02-28;0;0;10727;5290;4.6;2.3
70;2021-03-01;248;243;10975;5533;4.7;2.4
70;2021-03-02;487;278;11462;5811;4.9;2.5
70;2021-03-03;468;260;11930;6071;5.1;2.6
70;2021-03-04;693;278;12623;6349;5.4;2.7
70;2021-03-05;767;262;13390;6611;5.7;2.8
70;2021-03-06;539;119;13929;6730;6.0;2.9
70;2021-03-07;216;23;14145;6753;6.1;2.9
70;2021-03-08;554;214;14699;6967;6.3;3.0
70;2021-03-09;864;176;15563;7143;6.7;3.1
70;2021-03-10;659;179;16222;7322;7.0;3.1
70;2021-03-11;698;256;16920;7578;7.3;3.2
70;2021-03-12;985;181;17905;7759;7.7;3.3
70;2021-03-13;582;125;18487;7884;7.9;3.4
70;2021-03-14;20;1;18507;7885;7.9;3.4
70;2021-03-15;774;112;19281;7997;8.3;3.4
70;2021-03-16;655;99;19936;8096;8.5;3.5
70;2021-03-17;595;183;20531;8279;8.8;3.6
70;2021-03-18;633;141;21164;8420;9.1;3.6
70;2021-03-19;1019;143;22183;8563;9.5;3.7
70;2021-03-20;641;186;22824;8749;9.8;3.8
70;2021-03-21;9;0;22833;8749;9.8;3.8
70;2021-03-22;757;101;23590;8850;10.1;3.8
70;2021-03-23;1310;165;24900;9015;10.7;3.9
70;2021-03-24;1270;111;26170;9126;11.2;3.9
70;2021-03-25;1247;201;27417;9327;11.8;4.0
70;2021-03-26;1485;304;28902;9631;12.4;4.1
70;2021-03-27;956;129;29858;9760;12.8;4.2
70;2021-03-28;0;10;29858;9770;12.8;4.2
70;2021-03-29;721;417;30579;10187;13.1;4.4
70;2021-03-30;1093;317;31672;10504;13.6;4.5
70;2021-03-31;878;318;32550;10822;14.0;4.6
70;2021-04-01;1153;429;33703;11251;14.5;4.8
70;2021-04-02;1310;348;35013;11599;15.0;5.0
70;2021-04-03;639;323;35652;11922;15.3;5.1
70;2021-04-04;11;1;35663;11923;15.3;5.1
70;2021-04-05;4;2;35667;11925;15.3;5.1
70;2021-04-06;831;558;36498;12483;15.7;5.4
70;2021-04-07;858;590;37356;13073;16.0;5.6
70;2021-04-08;1319;567;38675;13640;16.6;5.8
70;2021-04-09;1402;542;40077;14182;17.2;6.1
70;2021-04-10;859;346;40936;14528;17.6;6.2
70;2021-04-11;23;1;40959;14529;17.6;6.2
70;2021-04-12;696;662;41655;15191;17.9;6.5
70;2021-04-13;921;770;42576;15961;18.3;6.8
70;2021-04-14;816;579;43392;16540;18.6;7.1
70;2021-04-15;1079;608;44471;17148;19.1;7.4
70;2021-04-16;1242;554;45713;17702;19.6;7.6
70;2021-04-17;688;469;46401;18171;19.9;7.8
70;2021-04-18;62;4;46463;18175;19.9;7.8
70;2021-04-19;540;810;47003;18985;20.2;8.1
70;2021-04-20;663;852;47666;19837;20.4;8.5
70;2021-04-21;483;932;48149;20769;20.6;8.9
70;2021-04-22;775;802;48924;21571;21.0;9.3
70;2021-04-23;875;743;49799;22314;21.4;9.6
70;2021-04-24;432;642;50231;22956;21.5;9.8
70;2021-04-25;11;0;50242;22956;21.5;9.8
70;2021-04-26;923;605;51165;23561;21.9;10.1
70;2021-04-27;1208;756;52373;24317;22.5;10.4
70;2021-04-28;889;812;53262;25129;22.8;10.8
70;2021-04-29;1342;935;54604;26064;23.4;11.2
70;2021-04-30;1533;876;56137;26940;24.1;11.6
70;2021-05-01;1694;121;57831;27061;24.8;11.6
70;2021-05-02;2;0;57833;27061;24.8;11.6
70;2021-05-03;1189;582;59022;27643;25.3;11.9
70;2021-05-04;1353;758;60375;28401;25.9;12.2
70;2021-05-05;1188;880;61563;29281;26.4;12.6
70;2021-05-06;1845;1271;63408;30552;27.2;13.1
70;2021-05-07;2127;1247;65535;31799;28.1;13.6
70;2021-05-08;1342;194;66877;31993;28.7;13.7
70;2021-05-09;9;58;66886;32051;28.7;13.7
70;2021-05-10;961;947;67847;32998;29.1;14.2
70;2021-05-11;1240;1080;69087;34078;29.6;14.6
70;2021-05-12;1175;866;70262;34944;30.1;15.0
70;2021-05-13;1544;147;71806;35091;30.8;15.0
70;2021-05-14;2062;757;73868;35848;31.7;15.4
70;2021-05-15;2656;531;76524;36379;32.8;15.6
70;2021-05-16;999;72;77523;36451;33.2;15.6
70;2021-05-17;1237;386;78760;36837;33.8;15.8
70;2021-05-18;1296;591;80056;37428;34.3;16.1
70;2021-05-19;1476;480;81532;37908;35.0;16.3
70;2021-05-20;1779;632;83311;38540;35.7;16.5
70;2021-05-21;1692;823;85003;39363;36.5;16.9
70;2021-05-22;1219;666;86222;40029;37.0;17.2
70;2021-05-23;8;14;86230;40043;37.0;17.2
70;2021-05-24;227;28;86457;40071;37.1;17.2
70;2021-05-25;837;926;87294;40997;37.4;17.6
70;2021-05-26;1048;946;88342;41943;37.9;18.0
70;2021-05-27;1263;998;89605;42941;38.4;18.4
70;2021-05-28;1546;1161;91151;44102;39.1;18.9
70;2021-05-29;1370;588;92521;44690;39.7;19.2
70;2021-05-30;1;8;92522;44698;39.7;19.2
70;2021-05-31;969;679;93491;45377;40.1;19.5
70;2021-06-01;1213;848;94704;46225;40.6;19.8
70;2021-06-02;1265;680;95969;46905;41.2;20.1
70;2021-06-03;1429;837;97398;47742;41.8;20.5
70;2021-06-04;1335;1111;98733;48853;42.3;20.9
70;2021-06-05;1024;663;99757;49516;42.8;21.2
70;2021-06-06;599;79;100356;49595;43.0;21.3
70;2021-06-07;941;848;101297;50443;43.4;21.6
70;2021-06-08;1216;1187;102513;51630;44.0;22.1
70;2021-06-09;1156;987;103669;52617;44.5;22.6
70;2021-06-10;1567;831;105236;53448;45.1;22.9
70;2021-06-11;1586;1959;106822;55407;45.8;23.8
70;2021-06-12;829;1970;107651;57377;46.2;24.6
70;2021-06-13;143;15;107794;57392;46.2;24.6
70;2021-06-14;559;1243;108353;58635;46.5;25.1
70;2021-06-15;451;1506;108804;60141;46.7;25.8
70;2021-06-16;798;1391;109602;61532;47.0;26.4
70;2021-06-17;1154;2098;110756;63630;47.5;27.3
70;2021-06-18;995;2254;111751;65884;47.9;28.3
70;2021-06-19;1092;1639;112843;67523;48.4;29.0
70;2021-06-20;1;3;112844;67526;48.4;29.0
70;2021-06-21;691;1453;113535;68979;48.7;29.6
70;2021-06-22;655;1513;114190;70492;49.0;30.2
70;2021-06-23;662;1569;114852;72061;49.3;30.9
70;2021-06-24;877;2049;115729;74110;49.6;31.8
70;2021-06-25;681;2649;116410;76759;49.9;32.9
70;2021-06-26;943;2136;117353;78895;50.3;33.8
70;2021-06-27;141;763;117494;79658;50.4;34.2
70;2021-06-28;335;1353;117829;81011;50.5;34.7
70;2021-06-29;411;1611;118240;82622;50.7;35.4
70;2021-06-30;390;1633;118630;84255;50.9;36.1
70;2021-07-01;642;1751;119272;86006;51.1;36.9
70;2021-07-02;815;1578;120087;87584;51.5;37.6
70;2021-07-03;841;1084;120928;88668;51.9;38.0
70;2021-07-04;29;70;120957;88738;51.9;38.1
70;2021-07-05;610;1037;121567;89775;52.1;38.5
70;2021-07-06;681;1274;122248;91049;52.4;39.0
70;2021-07-07;508;1425;122756;92474;52.6;39.7
70;2021-07-08;817;1574;123573;94048;53.0;40.3
70;2021-07-09;873;1662;124446;95710;53.4;41.0
70;2021-07-10;831;1033;125277;96743;53.7;41.5
70;2021-07-11;7;20;125284;96763;53.7;41.5
70;2021-07-12;432;1391;125716;98154;53.9;42.1
70;2021-07-13;907;1868;126623;100022;54.3;42.9
70;2021-07-14;33;6;126656;100028;54.3;42.9
70;2021-07-15;1382;1694;128038;101722;54.9;43.6
70;2021-07-16;1632;2061;129670;103783;55.6;44.5
70;2021-07-17;1501;1454;131171;105237;56.2;45.1
70;2021-07-18;1145;641;132316;105878;56.7;45.4
70;2021-07-19;883;976;133199;106854;57.1;45.8
70;2021-07-20;1349;1352;134548;108206;57.7;46.4
70;2021-07-21;1286;1402;135834;109608;58.2;47.0
70;2021-07-22;1867;1828;137701;111436;59.0;47.8
70;2021-07-23;1826;2491;139527;113927;59.8;48.9
70;2021-07-24;1364;1806;140891;115733;60.4;49.6
70;2021-07-25;27;3;140918;115736;60.4;49.6
70;2021-07-26;1055;975;141973;116711;60.9;50.0
70;2021-07-27;1398;976;143371;117687;61.5;50.5
70;2021-07-28;1404;1162;144775;118849;62.1;51.0
70;2021-07-29;1873;1387;146648;120236;62.9;51.6
70;2021-07-30;1975;1348;148623;121584;63.7;52.1
70;2021-07-31;1751;1166;150374;122750;64.5;52.6
70;2021-08-01;2;4;150376;122754;64.5;52.6
70;2021-08-02;776;736;151152;123490;64.8;53.0
70;2021-08-03;1296;1039;152448;124529;65.4;53.4
70;2021-08-04;1210;922;153658;125451;65.9;53.8
70;2021-08-05;1657;1191;155315;126642;66.6;54.3
70;2021-08-06;1795;1336;157110;127978;67.4;54.9
70;2021-08-07;1192;1032;158302;129010;67.9;55.3
70;2021-08-08;35;28;158337;129038;67.9;55.3
70;2021-08-09;533;704;158870;129742;68.1;55.6
70;2021-08-10;898;1129;159768;130871;68.5;56.1
70;2021-08-11;808;722;160576;131593;68.9;56.4
70;2021-08-12;906;1272;161482;132865;69.2;57.0
70;2021-08-13;1040;1621;162522;134486;69.7;57.7
70;2021-08-14;771;977;163293;135463;70.0;58.1
70;2021-08-15;36;28;163329;135491;70.0;58.1
70;2021-08-16;545;910;163874;136401;70.3;58.5
70;2021-08-17;680;1194;164554;137595;70.6;59.0
70;2021-08-18;535;940;165089;138535;70.8;59.4
70;2021-08-19;565;1385;165654;139920;71.0;60.0
70;2021-08-20;510;1900;166164;141820;71.3;60.8
70;2021-08-21;447;1163;166611;142983;71.4;61.3
70;2021-08-22;2;6;166613;142989;71.4;61.3
70;2021-08-23;282;879;166895;143868;71.6;61.7
70;2021-08-24;386;1373;167281;145241;71.7;62.3
70;2021-08-25;354;1344;167635;146585;71.9;62.9
70;2021-08-26;439;1560;168074;148145;72.1;63.5
70;2021-08-27;392;2127;168466;150272;72.2;64.4
70;2021-08-28;367;1706;168833;151978;72.4;65.2
70;2021-08-29;12;6;168845;151984;72.4;65.2
70;2021-08-30;298;831;169143;152815;72.5;65.5
70;2021-08-31;360;1121;169503;153936;72.7;66.0
70;2021-09-01;316;987;169819;154923;72.8;66.4
70;2021-09-02;305;1107;170124;156030;73.0;66.9
70;2021-09-03;280;1067;170404;157097;73.1;67.4
70;2021-09-04;455;1117;170859;158214;73.3;67.8
70;2021-09-05;21;22;170880;158236;73.3;67.9
70;2021-09-06;168;602;171048;158838;73.4;68.1
70;2021-09-07;186;746;171234;159584;73.4;68.4
70;2021-09-08;193;778;171427;160362;73.5;68.8
70;2021-09-09;182;734;171609;161096;73.6;69.1
70;2021-09-10;256;798;171865;161894;73.7;69.4
70;2021-09-11;300;891;172165;162785;73.8;69.8
70;2021-09-12;7;30;172172;162815;73.8;69.8
70;2021-09-13;155;354;172327;163169;73.9;70.0
70;2021-09-14;318;423;172645;163592;74.0;70.2
70;2021-09-15;171;533;172816;164125;74.1;70.4
70;2021-09-16;251;392;173067;164517;74.2;70.5
70;2021-09-17;195;457;173262;164974;74.3;70.7
70;2021-09-18;177;459;173439;165433;74.4;70.9
70;2021-09-19;3;14;173442;165447;74.4;70.9
70;2021-09-20;82;215;173524;165662;74.4;71.0
70;2021-09-21;163;280;173687;165942;74.5;71.2
70;2021-09-22;115;384;173802;166326;74.5;71.3
70;2021-09-23;66;229;173868;166555;74.6;71.4
70;2021-09-24;196;389;174064;166944;74.6;71.6
70;2021-09-25;139;504;174203;167448;74.7;71.8
70;2021-09-26;0;1;174203;167449;74.7;71.8
70;2021-09-27;51;201;174254;167650;74.7;71.9
70;2021-09-28;77;195;174331;167845;74.8;72.0
70;2021-09-29;91;240;174422;168085;74.8;72.1
70;2021-09-30;81;158;174503;168243;74.8;72.1
70;2021-10-01;122;250;174625;168493;74.9;72.3
70;2021-10-02;115;326;174740;168819;74.9;72.4
70;2021-10-03;1;1;174741;168820;74.9;72.4
70;2021-10-04;73;169;174814;168989;75.0;72.5
70;2021-10-05;82;289;174896;169278;75.0;72.6
70;2021-10-06;129;213;175025;169491;75.1;72.7
70;2021-10-07;99;225;175124;169716;75.1;72.8
70;2021-10-08;113;222;175237;169938;75.1;72.9
70;2021-10-09;137;302;175374;170240;75.2;73.0
70;2021-10-10;1;5;175375;170245;75.2;73.0
70;2021-10-11;50;109;175425;170354;75.2;73.1
70;2021-10-12;53;122;175478;170476;75.2;73.1
70;2021-10-13;84;188;175562;170664;75.3;73.2
71;2020-12-27;0;0;0;0;0.0;0.0
71;2020-12-28;1;0;1;0;0.0;0.0
71;2020-12-29;0;0;1;0;0.0;0.0
71;2020-12-30;0;0;1;0;0.0;0.0
71;2020-12-31;0;0;1;0;0.0;0.0
71;2021-01-01;1;0;2;0;0.0;0.0
71;2021-01-02;0;0;2;0;0.0;0.0
71;2021-01-03;2;1;4;1;0.0;0.0
71;2021-01-04;1;0;5;1;0.0;0.0
71;2021-01-05;13;0;18;1;0.0;0.0
71;2021-01-06;72;0;90;1;0.0;0.0
71;2021-01-07;67;2;157;3;0.0;0.0
71;2021-01-08;146;0;303;3;0.1;0.0
71;2021-01-09;117;0;420;3;0.1;0.0
71;2021-01-10;1;0;421;3;0.1;0.0
71;2021-01-11;245;1;666;4;0.1;0.0
71;2021-01-12;845;1;1511;5;0.3;0.0
71;2021-01-13;564;2;2075;7;0.4;0.0
71;2021-01-14;591;12;2666;19;0.5;0.0
71;2021-01-15;665;2;3331;21;0.6;0.0
71;2021-01-16;10;0;3341;21;0.6;0.0
71;2021-01-17;0;0;3341;21;0.6;0.0
71;2021-01-18;1095;8;4436;29;0.8;0.0
71;2021-01-19;1694;7;6130;36;1.1;0.0
71;2021-01-20;1517;7;7647;43;1.4;0.0
71;2021-01-21;2062;20;9709;63;1.8;0.0
71;2021-01-22;1414;6;11123;69;2.0;0.0
71;2021-01-23;816;6;11939;75;2.2;0.0
71;2021-01-24;1;1;11940;76;2.2;0.0
71;2021-01-25;1065;6;13005;82;2.4;0.0
71;2021-01-26;1505;29;14510;111;2.6;0.0
71;2021-01-27;1249;34;15759;145;2.9;0.0
71;2021-01-28;1082;99;16841;244;3.1;0.0
71;2021-01-29;1015;142;17856;386;3.3;0.1
71;2021-01-30;604;2;18460;388;3.4;0.1
71;2021-01-31;1;15;18461;403;3.4;0.1
71;2021-02-01;752;238;19213;641;3.5;0.1
71;2021-02-02;755;356;19968;997;3.6;0.2
71;2021-02-03;817;422;20785;1419;3.8;0.3
71;2021-02-04;784;573;21569;1992;3.9;0.4
71;2021-02-05;704;522;22273;2514;4.1;0.5
71;2021-02-06;539;10;22812;2524;4.2;0.5
71;2021-02-07;4;50;22816;2574;4.2;0.5
71;2021-02-08;603;696;23419;3270;4.3;0.6
71;2021-02-09;371;1009;23790;4279;4.3;0.8
71;2021-02-10;412;991;24202;5270;4.4;1.0
71;2021-02-11;477;1181;24679;6451;4.5;1.2
71;2021-02-12;535;1037;25214;7488;4.6;1.4
71;2021-02-13;124;500;25338;7988;4.6;1.5
71;2021-02-14;2;7;25340;7995;4.6;1.5
71;2021-02-15;322;908;25662;8903;4.7;1.6
71;2021-02-16;445;1353;26107;10256;4.8;1.9
71;2021-02-17;428;1128;26535;11384;4.8;2.1
71;2021-02-18;548;930;27083;12314;4.9;2.2
71;2021-02-19;571;844;27654;13158;5.0;2.4
71;2021-02-20;224;382;27878;13540;5.1;2.5
71;2021-02-21;4;13;27882;13553;5.1;2.5
71;2021-02-22;238;871;28120;14424;5.1;2.6
71;2021-02-23;452;929;28572;15353;5.2;2.8
71;2021-02-24;446;719;29018;16072;5.3;2.9
71;2021-02-25;533;724;29551;16796;5.4;3.1
71;2021-02-26;832;539;30383;17335;5.5;3.2
71;2021-02-27;456;335;30839;17670;5.6;3.2
71;2021-02-28;54;14;30893;17684;5.6;3.2
71;2021-03-01;1188;683;32081;18367;5.9;3.4
71;2021-03-02;1574;650;33655;19017;6.1;3.5
71;2021-03-03;1819;774;35474;19791;6.5;3.6
71;2021-03-04;2003;828;37477;20619;6.8;3.8
71;2021-03-05;2286;699;39763;21318;7.3;3.9
71;2021-03-06;754;66;40517;21384;7.4;3.9
71;2021-03-07;40;21;40557;21405;7.4;3.9
71;2021-03-08;1454;789;42011;22194;7.7;4.1
71;2021-03-09;2162;536;44173;22730;8.1;4.1
71;2021-03-10;2173;482;46346;23212;8.5;4.2
71;2021-03-11;2630;677;48976;23889;8.9;4.4
71;2021-03-12;2603;632;51579;24521;9.4;4.5
71;2021-03-13;995;102;52574;24623;9.6;4.5
71;2021-03-14;36;0;52610;24623;9.6;4.5
71;2021-03-15;1797;501;54407;25124;9.9;4.6
71;2021-03-16;1820;204;56227;25328;10.3;4.6
71;2021-03-17;2135;257;58362;25585;10.7;4.7
71;2021-03-18;1954;441;60316;26026;11.0;4.8
71;2021-03-19;2370;342;62686;26368;11.4;4.8
71;2021-03-20;1084;42;63770;26410;11.6;4.8
71;2021-03-21;17;5;63787;26415;11.6;4.8
71;2021-03-22;2575;385;66362;26800;12.1;4.9
71;2021-03-23;3347;509;69709;27309;12.7;5.0
71;2021-03-24;3349;473;73058;27782;13.3;5.1
71;2021-03-25;4029;606;77087;28388;14.1;5.2
71;2021-03-26;4057;348;81144;28736;14.8;5.2
71;2021-03-27;997;107;82141;28843;15.0;5.3
71;2021-03-28;57;8;82198;28851;15.0;5.3
71;2021-03-29;2408;1177;84606;30028;15.4;5.5
71;2021-03-30;2948;1359;87554;31387;16.0;5.7
71;2021-03-31;2545;1534;90099;32921;16.4;6.0
71;2021-04-01;2718;1305;92817;34226;16.9;6.2
71;2021-04-02;2501;1423;95318;35649;17.4;6.5
71;2021-04-03;268;34;95586;35683;17.4;6.5
71;2021-04-04;6;0;95592;35683;17.4;6.5
71;2021-04-05;61;2;95653;35685;17.5;6.5
71;2021-04-06;2257;1882;97910;37567;17.9;6.9
71;2021-04-07;2387;1797;100297;39364;18.3;7.2
71;2021-04-08;3283;1813;103580;41177;18.9;7.5
71;2021-04-09;4040;1678;107620;42855;19.6;7.8
71;2021-04-10;769;49;108389;42904;19.8;7.8
71;2021-04-11;97;4;108486;42908;19.8;7.8
71;2021-04-12;2352;1705;110838;44613;20.2;8.1
71;2021-04-13;2583;1894;113421;46507;20.7;8.5
71;2021-04-14;2375;1929;115796;48436;21.1;8.8
71;2021-04-15;2779;1696;118575;50132;21.6;9.2
71;2021-04-16;2628;1647;121203;51779;22.1;9.5
71;2021-04-17;952;347;122155;52126;22.3;9.5
71;2021-04-18;106;6;122261;52132;22.3;9.5
71;2021-04-19;1758;2573;124019;54705;22.6;10.0
71;2021-04-20;2220;2604;126239;57309;23.0;10.5
71;2021-04-21;2123;2594;128362;59903;23.4;10.9
71;2021-04-22;2512;2450;130874;62353;23.9;11.4
71;2021-04-23;2922;2271;133796;64624;24.4;11.8
71;2021-04-24;517;52;134313;64676;24.5;11.8
71;2021-04-25;26;0;134339;64676;24.5;11.8
71;2021-04-26;2565;2139;136904;66815;25.0;12.2
71;2021-04-27;2990;2274;139894;69089;25.5;12.6
71;2021-04-28;3073;2129;142967;71218;26.1;13.0
71;2021-04-29;3780;2234;146747;73452;26.8;13.4
71;2021-04-30;3926;1730;150673;75182;27.5;13.7
71;2021-05-01;39;53;150712;75235;27.5;13.7
71;2021-05-02;23;18;150735;75253;27.5;13.7
71;2021-05-03;4290;1385;155025;76638;28.3;14.0
71;2021-05-04;2955;2360;157980;78998;28.8;14.4
71;2021-05-05;3426;2088;161406;81086;29.5;14.8
71;2021-05-06;3467;2373;164873;83459;30.1;15.2
71;2021-05-07;3678;2813;168551;86272;30.8;15.7
71;2021-05-08;179;183;168730;86455;30.8;15.8
71;2021-05-09;44;47;168774;86502;30.8;15.8
71;2021-05-10;3696;2293;172470;88795;31.5;16.2
71;2021-05-11;4663;2361;177133;91156;32.3;16.6
71;2021-05-12;3978;2602;181111;93758;33.1;17.1
71;2021-05-13;1576;155;182687;93913;33.3;17.1
71;2021-05-14;3766;2197;186453;96110;34.0;17.5
71;2021-05-15;243;331;186696;96441;34.1;17.6
71;2021-05-16;2;0;186698;96441;34.1;17.6
71;2021-05-17;3864;1887;190562;98328;34.8;17.9
71;2021-05-18;3498;2429;194060;100757;35.4;18.4
71;2021-05-19;3719;2279;197779;103036;36.1;18.8
71;2021-05-20;4184;2300;201963;105336;36.9;19.2
71;2021-05-21;3722;2567;205685;107903;37.5;19.7
71;2021-05-22;169;304;205854;108207;37.6;19.8
71;2021-05-23;14;55;205868;108262;37.6;19.8
71;2021-05-24;21;96;205889;108358;37.6;19.8
71;2021-05-25;2689;3004;208578;111362;38.1;20.3
71;2021-05-26;2972;2434;211550;113796;38.6;20.8
71;2021-05-27;3387;2589;214937;116385;39.2;21.2
71;2021-05-28;2919;3160;217856;119545;39.8;21.8
71;2021-05-29;482;659;218338;120204;39.9;21.9
71;2021-05-30;76;58;218414;120262;39.9;22.0
71;2021-05-31;2774;3455;221188;123717;40.4;22.6
71;2021-06-01;3671;3543;224859;127260;41.0;23.2
71;2021-06-02;3997;2635;228856;129895;41.8;23.7
71;2021-06-03;4435;2524;233291;132419;42.6;24.2
71;2021-06-04;3716;3715;237007;136134;43.3;24.8
71;2021-06-05;684;647;237691;136781;43.4;25.0
71;2021-06-06;57;91;237748;136872;43.4;25.0
71;2021-06-07;3281;4151;241029;141023;44.0;25.7
71;2021-06-08;3894;4010;244923;145033;44.7;26.5
71;2021-06-09;4695;2753;249618;147786;45.6;27.0
71;2021-06-10;5265;2748;254883;150534;46.5;27.5
71;2021-06-11;4435;3723;259318;154257;47.3;28.2
71;2021-06-12;715;595;260033;154852;47.5;28.3
71;2021-06-13;104;187;260137;155039;47.5;28.3
71;2021-06-14;3511;3787;263648;158826;48.1;29.0
71;2021-06-15;4205;3555;267853;162381;48.9;29.6
71;2021-06-16;4595;2731;272448;165112;49.7;30.1
71;2021-06-17;4267;3001;276715;168113;50.5;30.7
71;2021-06-18;4325;3770;281040;171883;51.3;31.4
71;2021-06-19;1269;654;282309;172537;51.5;31.5
71;2021-06-20;37;27;282346;172564;51.5;31.5
71;2021-06-21;2271;4277;284617;176841;52.0;32.3
71;2021-06-22;2689;4356;287306;181197;52.4;33.1
71;2021-06-23;3061;3421;290367;184618;53.0;33.7
71;2021-06-24;3328;3023;293695;187641;53.6;34.3
71;2021-06-25;2652;4473;296347;192114;54.1;35.1
71;2021-06-26;372;551;296719;192665;54.2;35.2
71;2021-06-27;29;67;296748;192732;54.2;35.2
71;2021-06-28;1535;4624;298283;197356;54.4;36.0
71;2021-06-29;1992;4823;300275;202179;54.8;36.9
71;2021-06-30;2504;3937;302779;206116;55.3;37.6
71;2021-07-01;2826;3899;305605;210015;55.8;38.3
71;2021-07-02;3032;3987;308637;214002;56.3;39.1
71;2021-07-03;319;712;308956;214714;56.4;39.2
71;2021-07-04;28;132;308984;214846;56.4;39.2
71;2021-07-05;2474;4322;311458;219168;56.9;40.0
71;2021-07-06;2462;4562;313920;223730;57.3;40.8
71;2021-07-07;2983;3724;316903;227454;57.8;41.5
71;2021-07-08;2766;4111;319669;231565;58.4;42.3
71;2021-07-09;2383;5023;322052;236588;58.8;43.2
71;2021-07-10;212;656;322264;237244;58.8;43.3
71;2021-07-11;15;65;322279;237309;58.8;43.3
71;2021-07-12;1911;5304;324190;242613;59.2;44.3
71;2021-07-13;2537;5863;326727;248476;59.6;45.4
71;2021-07-14;950;401;327677;248877;59.8;45.4
71;2021-07-15;3024;5735;330701;254612;60.4;46.5
71;2021-07-16;3294;6010;333995;260622;61.0;47.6
71;2021-07-17;505;781;334500;261403;61.1;47.7
71;2021-07-18;89;93;334589;261496;61.1;47.7
71;2021-07-19;2865;5554;337454;267050;61.6;48.7
71;2021-07-20;3367;5914;340821;272964;62.2;49.8
71;2021-07-21;3413;5472;344234;278436;62.8;50.8
71;2021-07-22;3945;5334;348179;283770;63.6;51.8
71;2021-07-23;3233;6002;351412;289772;64.1;52.9
71;2021-07-24;716;602;352128;290374;64.3;53.0
71;2021-07-25;148;82;352276;290456;64.3;53.0
71;2021-07-26;3596;4891;355872;295347;65.0;53.9
71;2021-07-27;4089;5123;359961;300470;65.7;54.8
71;2021-07-28;4248;4813;364209;305283;66.5;55.7
71;2021-07-29;4213;4645;368422;309928;67.3;56.6
71;2021-07-30;4241;4926;372663;314854;68.0;57.5
71;2021-07-31;722;723;373385;315577;68.2;57.6
71;2021-08-01;108;35;373493;315612;68.2;57.6
71;2021-08-02;3967;3760;377460;319372;68.9;58.3
71;2021-08-03;4408;3823;381868;323195;69.7;59.0
71;2021-08-04;4391;2985;386259;326180;70.5;59.5
71;2021-08-05;4189;3271;390448;329451;71.3;60.1
71;2021-08-06;3702;4015;394150;333466;71.9;60.9
71;2021-08-07;495;329;394645;333795;72.0;60.9
71;2021-08-08;51;65;394696;333860;72.0;60.9
71;2021-08-09;3045;3410;397741;337270;72.6;61.6
71;2021-08-10;3074;3389;400815;340659;73.2;62.2
71;2021-08-11;3186;3082;404001;343741;73.7;62.7
71;2021-08-12;3016;3106;407017;346847;74.3;63.3
71;2021-08-13;2691;3334;409708;350181;74.8;63.9
71;2021-08-14;282;518;409990;350699;74.8;64.0
71;2021-08-15;49;110;410039;350809;74.8;64.0
71;2021-08-16;1709;3528;411748;354337;75.2;64.7
71;2021-08-17;1739;3433;413487;357770;75.5;65.3
71;2021-08-18;1453;3160;414940;360930;75.7;65.9
71;2021-08-19;1277;3117;416217;364047;76.0;66.5
71;2021-08-20;1290;3699;417507;367746;76.2;67.1
71;2021-08-21;148;413;417655;368159;76.2;67.2
71;2021-08-22;41;99;417696;368258;76.2;67.2
71;2021-08-23;1427;4543;419123;372801;76.5;68.1
71;2021-08-24;1335;3804;420458;376605;76.8;68.7
71;2021-08-25;950;3773;421408;380378;76.9;69.4
71;2021-08-26;958;3393;422366;383771;77.1;70.1
71;2021-08-27;1151;4462;423517;388233;77.3;70.9
71;2021-08-28;195;413;423712;388646;77.3;70.9
71;2021-08-29;29;106;423741;388752;77.3;71.0
71;2021-08-30;1250;3879;424991;392631;77.6;71.7
71;2021-08-31;1022;3480;426013;396111;77.8;72.3
71;2021-09-01;933;3271;426946;399382;77.9;72.9
71;2021-09-02;602;2837;427548;402219;78.0;73.4
71;2021-09-03;836;3680;428384;405899;78.2;74.1
71;2021-09-04;267;530;428651;406429;78.2;74.2
71;2021-09-05;23;52;428674;406481;78.3;74.2
71;2021-09-06;638;2377;429312;408858;78.4;74.6
71;2021-09-07;517;1712;429829;410570;78.5;74.9
71;2021-09-08;720;2188;430549;412758;78.6;75.3
71;2021-09-09;456;1274;431005;414032;78.7;75.6
71;2021-09-10;819;2148;431824;416180;78.8;76.0
71;2021-09-11;199;266;432023;416446;78.9;76.0
71;2021-09-12;19;37;432042;416483;78.9;76.0
71;2021-09-13;643;1283;432685;417766;79.0;76.3
71;2021-09-14;487;1076;433172;418842;79.1;76.5
71;2021-09-15;603;1497;433775;420339;79.2;76.7
71;2021-09-16;447;823;434222;421162;79.3;76.9
71;2021-09-17;534;1437;434756;422599;79.4;77.1
71;2021-09-18;144;262;434900;422861;79.4;77.2
71;2021-09-19;9;28;434909;422889;79.4;77.2
71;2021-09-20;488;925;435397;423814;79.5;77.4
71;2021-09-21;294;711;435691;424525;79.5;77.5
71;2021-09-22;342;1377;436033;425902;79.6;77.7
71;2021-09-23;306;578;436339;426480;79.6;77.8
71;2021-09-24;367;1030;436706;427510;79.7;78.0
71;2021-09-25;71;176;436777;427686;79.7;78.1
71;2021-09-26;11;35;436788;427721;79.7;78.1
71;2021-09-27;287;757;437075;428478;79.8;78.2
71;2021-09-28;288;477;437363;428955;79.8;78.3
71;2021-09-29;332;740;437695;429695;79.9;78.4
71;2021-09-30;208;500;437903;430195;79.9;78.5
71;2021-10-01;332;893;438235;431088;80.0;78.7
71;2021-10-02;108;226;438343;431314;80.0;78.7
71;2021-10-03;3;7;438346;431321;80.0;78.7
71;2021-10-04;252;555;438598;431876;80.1;78.8
71;2021-10-05;195;392;438793;432268;80.1;78.9
71;2021-10-06;381;657;439174;432925;80.2;79.0
71;2021-10-07;147;349;439321;433274;80.2;79.1
71;2021-10-08;323;647;439644;433921;80.3;79.2
71;2021-10-09;59;163;439703;434084;80.3;79.2
71;2021-10-10;5;17;439708;434101;80.3;79.2
71;2021-10-11;253;517;439961;434618;80.3;79.3
71;2021-10-12;203;415;440164;435033;80.3;79.4
71;2021-10-13;293;470;440457;435503;80.4;79.5
72;2020-12-27;0;0;0;0;0.0;0.0
72;2020-12-28;0;0;0;0;0.0;0.0
72;2020-12-29;0;0;0;0;0.0;0.0
72;2020-12-30;0;0;0;0;0.0;0.0
72;2020-12-31;0;0;0;0;0.0;0.0
72;2021-01-01;2;0;2;0;0.0;0.0
72;2021-01-02;0;0;2;0;0.0;0.0
72;2021-01-03;0;0;2;0;0.0;0.0
72;2021-01-04;0;0;2;0;0.0;0.0
72;2021-01-05;14;0;16;0;0.0;0.0
72;2021-01-06;27;0;43;0;0.0;0.0
72;2021-01-07;110;1;153;1;0.0;0.0
72;2021-01-08;232;1;385;2;0.1;0.0
72;2021-01-09;36;0;421;2;0.1;0.0
72;2021-01-10;0;0;421;2;0.1;0.0
72;2021-01-11;485;1;906;3;0.2;0.0
72;2021-01-12;614;1;1520;4;0.3;0.0
72;2021-01-13;500;1;2020;5;0.4;0.0
72;2021-01-14;644;3;2664;8;0.5;0.0
72;2021-01-15;478;1;3142;9;0.6;0.0
72;2021-01-16;94;0;3236;9;0.6;0.0
72;2021-01-17;0;0;3236;9;0.6;0.0
72;2021-01-18;294;1;3530;10;0.6;0.0
72;2021-01-19;779;4;4309;14;0.8;0.0
72;2021-01-20;1539;6;5848;20;1.0;0.0
72;2021-01-21;1778;6;7626;26;1.4;0.0
72;2021-01-22;1149;6;8775;32;1.6;0.0
72;2021-01-23;32;0;8807;32;1.6;0.0
72;2021-01-24;0;0;8807;32;1.6;0.0
72;2021-01-25;503;7;9310;39;1.7;0.0
72;2021-01-26;1166;21;10476;60;1.9;0.0
72;2021-01-27;883;22;11359;82;2.0;0.0
72;2021-01-28;776;67;12135;149;2.2;0.0
72;2021-01-29;712;68;12847;217;2.3;0.0
72;2021-01-30;58;0;12905;217;2.3;0.0
72;2021-01-31;1;0;12906;217;2.3;0.0
72;2021-02-01;499;228;13405;445;2.4;0.1
72;2021-02-02;506;294;13911;739;2.5;0.1
72;2021-02-03;486;230;14397;969;2.6;0.2
72;2021-02-04;477;341;14874;1310;2.7;0.2
72;2021-02-05;514;407;15388;1717;2.7;0.3
72;2021-02-06;83;14;15471;1731;2.8;0.3
72;2021-02-07;19;3;15490;1734;2.8;0.3
72;2021-02-08;310;401;15800;2135;2.8;0.4
72;2021-02-09;488;530;16288;2665;2.9;0.5
72;2021-02-10;567;929;16855;3594;3.0;0.6
72;2021-02-11;860;1343;17715;4937;3.2;0.9
72;2021-02-12;851;594;18566;5531;3.3;1.0
72;2021-02-13;112;38;18678;5569;3.3;1.0
72;2021-02-14;1;22;18679;5591;3.3;1.0
72;2021-02-15;220;502;18899;6093;3.4;1.1
72;2021-02-16;503;1027;19402;7120;3.5;1.3
72;2021-02-17;463;715;19865;7835;3.5;1.4
72;2021-02-18;596;635;20461;8470;3.7;1.5
72;2021-02-19;521;598;20982;9068;3.7;1.6
72;2021-02-20;81;57;21063;9125;3.8;1.6
72;2021-02-21;0;0;21063;9125;3.8;1.6
72;2021-02-22;329;578;21392;9703;3.8;1.7
72;2021-02-23;569;531;21961;10234;3.9;1.8
72;2021-02-24;435;472;22396;10706;4.0;1.9
72;2021-02-25;922;564;23318;11270;4.2;2.0
72;2021-02-26;600;512;23918;11782;4.3;2.1
72;2021-02-27;322;67;24240;11849;4.3;2.1
72;2021-02-28;15;17;24255;11866;4.3;2.1
72;2021-03-01;379;480;24634;12346;4.4;2.2
72;2021-03-02;503;604;25137;12950;4.5;2.3
72;2021-03-03;733;655;25870;13605;4.6;2.4
72;2021-03-04;742;787;26612;14392;4.8;2.6
72;2021-03-05;935;772;27547;15164;4.9;2.7
72;2021-03-06;761;136;28308;15300;5.1;2.7
72;2021-03-07;448;26;28756;15326;5.1;2.7
72;2021-03-08;561;446;29317;15772;5.2;2.8
72;2021-03-09;1045;645;30362;16417;5.4;2.9
72;2021-03-10;1134;662;31496;17079;5.6;3.0
72;2021-03-11;1610;497;33106;17576;5.9;3.1
72;2021-03-12;1364;519;34470;18095;6.2;3.2
72;2021-03-13;983;122;35453;18217;6.3;3.3
72;2021-03-14;14;10;35467;18227;6.3;3.3
72;2021-03-15;1159;225;36626;18452;6.5;3.3
72;2021-03-16;1052;191;37678;18643;6.7;3.3
72;2021-03-17;1035;263;38713;18906;6.9;3.4
72;2021-03-18;1089;371;39802;19277;7.1;3.4
72;2021-03-19;1275;293;41077;19570;7.3;3.5
72;2021-03-20;488;93;41565;19663;7.4;3.5
72;2021-03-21;19;0;41584;19663;7.4;3.5
72;2021-03-22;1347;345;42931;20008;7.7;3.6
72;2021-03-23;1725;486;44656;20494;8.0;3.7
72;2021-03-24;1841;307;46497;20801;8.3;3.7
72;2021-03-25;2448;468;48945;21269;8.7;3.8
72;2021-03-26;2336;374;51281;21643;9.2;3.9
72;2021-03-27;616;31;51897;21674;9.3;3.9
72;2021-03-28;22;0;51919;21674;9.3;3.9
72;2021-03-29;1616;383;53535;22057;9.6;3.9
72;2021-03-30;2496;390;56031;22447;10.0;4.0
72;2021-03-31;2145;374;58176;22821;10.4;4.1
72;2021-04-01;2850;354;61026;23175;10.9;4.1
72;2021-04-02;2247;405;63273;23580;11.3;4.2
72;2021-04-03;292;39;63565;23619;11.3;4.2
72;2021-04-04;16;5;63581;23624;11.3;4.2
72;2021-04-05;52;49;63633;23673;11.4;4.2
72;2021-04-06;1759;472;65392;24145;11.7;4.3
72;2021-04-07;2577;603;67969;24748;12.1;4.4
72;2021-04-08;2721;785;70690;25533;12.6;4.6
72;2021-04-09;3863;591;74553;26124;13.3;4.7
72;2021-04-10;1112;54;75665;26178;13.5;4.7
72;2021-04-11;8;1;75673;26179;13.5;4.7
72;2021-04-12;1846;906;77519;27085;13.8;4.8
72;2021-04-13;2373;1082;79892;28167;14.3;5.0
72;2021-04-14;2250;1099;82142;29266;14.7;5.2
72;2021-04-15;2420;1120;84562;30386;15.1;5.4
72;2021-04-16;2563;970;87125;31356;15.6;5.6
72;2021-04-17;707;145;87832;31501;15.7;5.6
72;2021-04-18;57;2;87889;31503;15.7;5.6
72;2021-04-19;1396;1098;89285;32601;15.9;5.8
72;2021-04-20;2996;1309;92281;33910;16.5;6.1
72;2021-04-21;2515;1567;94796;35477;16.9;6.3
72;2021-04-22;2814;1794;97610;37271;17.4;6.7
72;2021-04-23;3213;1461;100823;38732;18.0;6.9
72;2021-04-24;1400;270;102223;39002;18.2;7.0
72;2021-04-25;881;18;103104;39020;18.4;7.0
72;2021-04-26;3513;1482;106617;40502;19.0;7.2
72;2021-04-27;4088;1867;110705;42369;19.8;7.6
72;2021-04-28;3835;1880;114540;44249;20.4;7.9
72;2021-04-29;4161;1821;118701;46070;21.2;8.2
72;2021-04-30;3615;1714;122316;47784;21.8;8.5
72;2021-05-01;1641;227;123957;48011;22.1;8.6
72;2021-05-02;1533;161;125490;48172;22.4;8.6
72;2021-05-03;3456;1155;128946;49327;23.0;8.8
72;2021-05-04;4013;1807;132959;51134;23.7;9.1
72;2021-05-05;3866;2182;136825;53316;24.4;9.5
72;2021-05-06;3596;1947;140421;55263;25.1;9.9
72;2021-05-07;3544;2149;143965;57412;25.7;10.2
72;2021-05-08;1900;155;145865;57567;26.0;10.3
72;2021-05-09;2080;213;147945;57780;26.4;10.3
72;2021-05-10;3769;1527;151714;59307;27.1;10.6
72;2021-05-11;4596;1997;156310;61304;27.9;10.9
72;2021-05-12;4080;1819;160390;63123;28.6;11.3
72;2021-05-13;3031;273;163421;63396;29.2;11.3
72;2021-05-14;3663;1399;167084;64795;29.8;11.6
72;2021-05-15;3117;365;170201;65160;30.4;11.6
72;2021-05-16;2500;152;172701;65312;30.8;11.7
72;2021-05-17;3723;1289;176424;66601;31.5;11.9
72;2021-05-18;4330;1690;180754;68291;32.3;12.2
72;2021-05-19;3973;1513;184727;69804;33.0;12.5
72;2021-05-20;4261;1455;188988;71259;33.7;12.7
72;2021-05-21;3788;1392;192776;72651;34.4;13.0
72;2021-05-22;2561;506;195337;73157;34.9;13.1
72;2021-05-23;1391;163;196728;73320;35.1;13.1
72;2021-05-24;2353;295;199081;73615;35.5;13.1
72;2021-05-25;4076;1412;203157;75027;36.3;13.4
72;2021-05-26;4096;1414;207253;76441;37.0;13.6
72;2021-05-27;4345;2049;211598;78490;37.8;14.0
72;2021-05-28;4105;2016;215703;80506;38.5;14.4
72;2021-05-29;2668;811;218371;81317;39.0;14.5
72;2021-05-30;1142;871;219513;82188;39.2;14.7
72;2021-05-31;3121;2331;222634;84519;39.7;15.1
72;2021-06-01;3570;2670;226204;87189;40.4;15.6
72;2021-06-02;3611;2785;229815;89974;41.0;16.1
72;2021-06-03;4242;2997;234057;92971;41.8;16.6
72;2021-06-04;3891;2752;237948;95723;42.5;17.1
72;2021-06-05;1440;2567;239388;98290;42.7;17.5
72;2021-06-06;911;1541;240299;99831;42.9;17.8
72;2021-06-07;1744;3424;242043;103255;43.2;18.4
72;2021-06-08;2930;3835;244973;107090;43.7;19.1
72;2021-06-09;2646;3371;247619;110461;44.2;19.7
72;2021-06-10;2825;3319;250444;113780;44.7;20.3
72;2021-06-11;2840;3775;253284;117555;45.2;21.0
72;2021-06-12;1242;2603;254526;120158;45.4;21.4
72;2021-06-13;388;1860;254914;122018;45.5;21.8
72;2021-06-14;1336;4127;256250;126145;45.7;22.5
72;2021-06-15;2751;3516;259001;129661;46.2;23.1
72;2021-06-16;2428;3581;261429;133242;46.7;23.8
72;2021-06-17;2318;3877;263747;137119;47.1;24.5
72;2021-06-18;2310;4317;266057;141436;47.5;25.2
72;2021-06-19;1128;2763;267185;144199;47.7;25.7
72;2021-06-20;339;2055;267524;146254;47.8;26.1
72;2021-06-21;1564;4034;269088;150288;48.0;26.8
72;2021-06-22;1715;4993;270803;155281;48.3;27.7
72;2021-06-23;2008;4223;272811;159504;48.7;28.5
72;2021-06-24;2233;4013;275044;163517;49.1;29.2
72;2021-06-25;1774;4836;276818;168353;49.4;30.1
72;2021-06-26;1190;2876;278008;171229;49.6;30.6
72;2021-06-27;392;2111;278400;173340;49.7;30.9
72;2021-06-28;1439;4292;279839;177632;50.0;31.7
72;2021-06-29;1770;4741;281609;182373;50.3;32.6
72;2021-06-30;1980;4169;283589;186542;50.6;33.3
72;2021-07-01;1954;4417;285543;190959;51.0;34.1
72;2021-07-02;1853;4714;287396;195673;51.3;34.9
72;2021-07-03;1292;3124;288688;198797;51.5;35.5
72;2021-07-04;579;1947;289267;200744;51.6;35.8
72;2021-07-05;1193;4164;290460;204908;51.8;36.6
72;2021-07-06;1458;5160;291918;210068;52.1;37.5
72;2021-07-07;1582;4609;293500;214677;52.4;38.3
72;2021-07-08;1648;4326;295148;219003;52.7;39.1
72;2021-07-09;2107;4603;297255;223606;53.1;39.9
72;2021-07-10;1589;2691;298844;226297;53.3;40.4
72;2021-07-11;947;1587;299791;227884;53.5;40.7
72;2021-07-12;1592;3757;301383;231641;53.8;41.3
72;2021-07-13;2091;4774;303474;236415;54.2;42.2
72;2021-07-14;1325;2365;304799;238780;54.4;42.6
72;2021-07-15;3485;3422;308284;242202;55.0;43.2
72;2021-07-16;3175;4124;311459;246326;55.6;44.0
72;2021-07-17;2646;1760;314105;248086;56.1;44.3
72;2021-07-18;1710;824;315815;248910;56.4;44.4
72;2021-07-19;2919;3507;318734;252417;56.9;45.1
72;2021-07-20;3040;4284;321774;256701;57.4;45.8
72;2021-07-21;2885;3589;324659;260290;58.0;46.5
72;2021-07-22;3772;2918;328431;263208;58.6;47.0
72;2021-07-23;3478;3792;331909;267000;59.2;47.7
72;2021-07-24;2820;1462;334729;268462;59.7;47.9
72;2021-07-25;1453;1081;336182;269543;60.0;48.1
72;2021-07-26;2726;2918;338908;272461;60.5;48.6
72;2021-07-27;3859;3822;342767;276283;61.2;49.3
72;2021-07-28;3571;3122;346338;279405;61.8;49.9
72;2021-07-29;3572;2712;349910;282117;62.5;50.4
72;2021-07-30;3788;3384;353698;285501;63.1;51.0
72;2021-07-31;2546;1750;356244;287251;63.6;51.3
72;2021-08-01;1835;432;358079;287683;63.9;51.4
72;2021-08-02;3215;2285;361294;289968;64.5;51.8
72;2021-08-03;3236;3297;364530;293265;65.1;52.3
72;2021-08-04;3769;2554;368299;295819;65.7;52.8
72;2021-08-05;3770;2460;372069;298279;66.4;53.2
72;2021-08-06;3342;2695;375411;300974;67.0;53.7
72;2021-08-07;2347;1613;377758;302587;67.4;54.0
72;2021-08-08;1623;701;379381;303288;67.7;54.1
72;2021-08-09;2699;2670;382080;305958;68.2;54.6
72;2021-08-10;2915;2748;384995;308706;68.7;55.1
72;2021-08-11;2368;2204;387363;310910;69.1;55.5
72;2021-08-12;2381;2597;389744;313507;69.6;56.0
72;2021-08-13;2158;2295;391902;315802;70.0;56.4
72;2021-08-14;1167;1546;393069;317348;70.2;56.6
72;2021-08-15;623;614;393692;317962;70.3;56.8
72;2021-08-16;1649;2372;395341;320334;70.6;57.2
72;2021-08-17;1717;2889;397058;323223;70.9;57.7
72;2021-08-18;1709;2872;398767;326095;71.2;58.2
72;2021-08-19;1245;2914;400012;329009;71.4;58.7
72;2021-08-20;1656;3170;401668;332179;71.7;59.3
72;2021-08-21;699;2031;402367;334210;71.8;59.7
72;2021-08-22;261;1150;402628;335360;71.9;59.9
72;2021-08-23;1738;3422;404366;338782;72.2;60.5
72;2021-08-24;1532;4122;405898;342904;72.5;61.2
72;2021-08-25;1602;3453;407500;346357;72.7;61.8
72;2021-08-26;1264;4443;408764;350800;73.0;62.6
72;2021-08-27;1192;4113;409956;354913;73.2;63.4
72;2021-08-28;881;2656;410837;357569;73.3;63.8
72;2021-08-29;357;1683;411194;359252;73.4;64.1
72;2021-08-30;1130;3407;412324;362659;73.6;64.7
72;2021-08-31;1219;3911;413543;366570;73.8;65.4
72;2021-09-01;1070;3163;414613;369733;74.0;66.0
72;2021-09-02;901;3231;415514;372964;74.2;66.6
72;2021-09-03;928;3064;416442;376028;74.3;67.1
72;2021-09-04;702;2554;417144;378582;74.5;67.6
72;2021-09-05;256;1498;417400;380080;74.5;67.8
72;2021-09-06;585;2506;417985;382586;74.6;68.3
72;2021-09-07;507;2583;418492;385169;74.7;68.8
72;2021-09-08;617;2889;419109;388058;74.8;69.3
72;2021-09-09;396;1770;419505;389828;74.9;69.6
72;2021-09-10;625;2395;420130;392223;75.0;70.0
72;2021-09-11;402;2636;420532;394859;75.1;70.5
72;2021-09-12;170;923;420702;395782;75.1;70.6
72;2021-09-13;368;1302;421070;397084;75.2;70.9
72;2021-09-14;488;1225;421558;398309;75.2;71.1
72;2021-09-15;616;1994;422174;400303;75.4;71.5
72;2021-09-16;335;832;422509;401135;75.4;71.6
72;2021-09-17;443;1423;422952;402558;75.5;71.9
72;2021-09-18;355;1520;423307;404078;75.6;72.1
72;2021-09-19;89;359;423396;404437;75.6;72.2
72;2021-09-20;350;793;423746;405230;75.6;72.3
72;2021-09-21;318;787;424064;406017;75.7;72.5
72;2021-09-22;442;1526;424506;407543;75.8;72.7
72;2021-09-23;396;630;424902;408173;75.8;72.9
72;2021-09-24;601;1006;425503;409179;76.0;73.0
72;2021-09-25;259;1004;425762;410183;76.0;73.2
72;2021-09-26;73;216;425835;410399;76.0;73.3
72;2021-09-27;210;640;426045;411039;76.0;73.4
72;2021-09-28;206;427;426251;411466;76.1;73.4
72;2021-09-29;360;1013;426611;412479;76.1;73.6
72;2021-09-30;164;331;426775;412810;76.2;73.7
72;2021-10-01;288;707;427063;413517;76.2;73.8
72;2021-10-02;311;581;427374;414098;76.3;73.9
72;2021-10-03;91;161;427465;414259;76.3;73.9
72;2021-10-04;178;410;427643;414669;76.3;74.0
72;2021-10-05;268;331;427911;415000;76.4;74.1
72;2021-10-06;257;560;428168;415560;76.4;74.2
72;2021-10-07;220;353;428388;415913;76.5;74.2
72;2021-10-08;328;648;428716;416561;76.5;74.4
72;2021-10-09;217;436;428933;416997;76.6;74.4
72;2021-10-10;84;117;429017;417114;76.6;74.5
72;2021-10-11;173;259;429190;417373;76.6;74.5
72;2021-10-12;213;361;429403;417734;76.6;74.6
72;2021-10-13;262;459;429665;418193;76.7;74.6
73;2020-12-27;1;1;1;1;0.0;0.0
73;2020-12-28;1;0;2;1;0.0;0.0
73;2020-12-29;0;0;2;1;0.0;0.0
73;2020-12-30;0;0;2;1;0.0;0.0
73;2020-12-31;0;0;2;1;0.0;0.0
73;2021-01-01;0;0;2;1;0.0;0.0
73;2021-01-02;0;0;2;1;0.0;0.0
73;2021-01-03;0;0;2;1;0.0;0.0
73;2021-01-04;1;0;3;1;0.0;0.0
73;2021-01-05;0;0;3;1;0.0;0.0
73;2021-01-06;1;0;4;1;0.0;0.0
73;2021-01-07;30;0;34;1;0.0;0.0
73;2021-01-08;81;0;115;1;0.0;0.0
73;2021-01-09;0;0;115;1;0.0;0.0
73;2021-01-10;0;0;115;1;0.0;0.0
73;2021-01-11;101;1;216;2;0.0;0.0
73;2021-01-12;303;1;519;3;0.1;0.0
73;2021-01-13;363;1;882;4;0.2;0.0
73;2021-01-14;516;3;1398;7;0.3;0.0
73;2021-01-15;617;1;2015;8;0.5;0.0
73;2021-01-16;128;2;2143;10;0.5;0.0
73;2021-01-17;0;0;2143;10;0.5;0.0
73;2021-01-18;624;0;2767;10;0.6;0.0
73;2021-01-19;1240;4;4007;14;0.9;0.0
73;2021-01-20;950;2;4957;16;1.1;0.0
73;2021-01-21;984;5;5941;21;1.4;0.0
73;2021-01-22;948;0;6889;21;1.6;0.0
73;2021-01-23;389;0;7278;21;1.7;0.0
73;2021-01-24;0;0;7278;21;1.7;0.0
73;2021-01-25;656;6;7934;27;1.8;0.0
73;2021-01-26;761;2;8695;29;2.0;0.0
73;2021-01-27;1107;6;9802;35;2.3;0.0
73;2021-01-28;961;5;10763;40;2.5;0.0
73;2021-01-29;684;7;11447;47;2.6;0.0
73;2021-01-30;345;3;11792;50;2.7;0.0
73;2021-01-31;0;0;11792;50;2.7;0.0
73;2021-02-01;606;42;12398;92;2.9;0.0
73;2021-02-02;752;336;13150;428;3.0;0.1
73;2021-02-03;648;353;13798;781;3.2;0.2
73;2021-02-04;626;236;14424;1017;3.3;0.2
73;2021-02-05;680;408;15104;1425;3.5;0.3
73;2021-02-06;263;39;15367;1464;3.6;0.3
73;2021-02-07;1;0;15368;1464;3.6;0.3
73;2021-02-08;524;253;15892;1717;3.7;0.4
73;2021-02-09;793;454;16685;2171;3.9;0.5
73;2021-02-10;901;395;17586;2566;4.1;0.6
73;2021-02-11;963;718;18549;3284;4.3;0.8
73;2021-02-12;811;512;19360;3796;4.5;0.9
73;2021-02-13;263;59;19623;3855;4.5;0.9
73;2021-02-14;1;0;19624;3855;4.5;0.9
73;2021-02-15;346;528;19970;4383;4.6;1.0
73;2021-02-16;454;764;20424;5147;4.7;1.2
73;2021-02-17;451;966;20875;6113;4.8;1.4
73;2021-02-18;467;559;21342;6672;4.9;1.5
73;2021-02-19;445;640;21787;7312;5.0;1.7
73;2021-02-20;70;249;21857;7561;5.1;1.7
73;2021-02-21;0;0;21857;7561;5.1;1.7
73;2021-02-22;240;443;22097;8004;5.1;1.9
73;2021-02-23;327;523;22424;8527;5.2;2.0
73;2021-02-24;487;748;22911;9275;5.3;2.1
73;2021-02-25;504;515;23415;9790;5.4;2.3
73;2021-02-26;730;569;24145;10359;5.6;2.4
73;2021-02-27;330;237;24475;10596;5.7;2.4
73;2021-02-28;2;1;24477;10597;5.7;2.4
73;2021-03-01;557;509;25034;11106;5.8;2.6
73;2021-03-02;667;902;25701;12008;5.9;2.8
73;2021-03-03;643;1197;26344;13205;6.1;3.1
73;2021-03-04;1040;905;27384;14110;6.3;3.3
73;2021-03-05;1240;614;28624;14724;6.6;3.4
73;2021-03-06;1091;336;29715;15060;6.9;3.5
73;2021-03-07;455;94;30170;15154;7.0;3.5
73;2021-03-08;609;430;30779;15584;7.1;3.6
73;2021-03-09;985;543;31764;16127;7.3;3.7
73;2021-03-10;1035;874;32799;17001;7.6;3.9
73;2021-03-11;1559;663;34358;17664;7.9;4.1
73;2021-03-12;2018;539;36376;18203;8.4;4.2
73;2021-03-13;1180;206;37556;18409;8.7;4.3
73;2021-03-14;66;3;37622;18412;8.7;4.3
73;2021-03-15;1185;400;38807;18812;9.0;4.3
73;2021-03-16;795;400;39602;19212;9.2;4.4
73;2021-03-17;877;481;40479;19693;9.4;4.6
73;2021-03-18;1352;260;41831;19953;9.7;4.6
73;2021-03-19;1767;396;43598;20349;10.1;4.7
73;2021-03-20;888;131;44486;20480;10.3;4.7
73;2021-03-21;123;3;44609;20483;10.3;4.7
73;2021-03-22;1184;403;45793;20886;10.6;4.8
73;2021-03-23;1448;244;47241;21130;10.9;4.9
73;2021-03-24;1597;346;48838;21476;11.3;5.0
73;2021-03-25;2064;389;50902;21865;11.8;5.1
73;2021-03-26;2472;368;53374;22233;12.3;5.1
73;2021-03-27;885;148;54259;22381;12.5;5.2
73;2021-03-28;312;16;54571;22397;12.6;5.2
73;2021-03-29;1508;241;56079;22638;13.0;5.2
73;2021-03-30;2087;487;58166;23125;13.4;5.3
73;2021-03-31;2089;407;60255;23532;13.9;5.4
73;2021-04-01;2087;339;62342;23871;14.4;5.5
73;2021-04-02;2362;236;64704;24107;15.0;5.6
73;2021-04-03;848;147;65552;24254;15.2;5.6
73;2021-04-04;188;18;65740;24272;15.2;5.6
73;2021-04-05;212;26;65952;24298;15.2;5.6
73;2021-04-06;1506;513;67458;24811;15.6;5.7
73;2021-04-07;1947;654;69405;25465;16.0;5.9
73;2021-04-08;2492;829;71897;26294;16.6;6.1
73;2021-04-09;3059;532;74956;26826;17.3;6.2
73;2021-04-10;1134;322;76090;27148;17.6;6.3
73;2021-04-11;164;10;76254;27158;17.6;6.3
73;2021-04-12;1696;988;77950;28146;18.0;6.5
73;2021-04-13;1893;1131;79843;29277;18.5;6.8
73;2021-04-14;2012;1093;81855;30370;18.9;7.0
73;2021-04-15;2416;1192;84271;31562;19.5;7.3
73;2021-04-16;1893;936;86164;32498;19.9;7.5
73;2021-04-17;1173;561;87337;33059;20.2;7.6
73;2021-04-18;155;76;87492;33135;20.2;7.7
73;2021-04-19;1383;1066;88875;34201;20.5;7.9
73;2021-04-20;1790;1327;90665;35528;21.0;8.2
73;2021-04-21;1576;1305;92241;36833;21.3;8.5
73;2021-04-22;1812;1226;94053;38059;21.7;8.8
73;2021-04-23;1896;1254;95949;39313;22.2;9.1
73;2021-04-24;980;679;96929;39992;22.4;9.2
73;2021-04-25;79;97;97008;40089;22.4;9.3
73;2021-04-26;1164;1320;98172;41409;22.7;9.6
73;2021-04-27;1440;1475;99612;42884;23.0;9.9
73;2021-04-28;1731;1461;101343;44345;23.4;10.3
73;2021-04-29;2413;1565;103756;45910;24.0;10.6
73;2021-04-30;2396;1445;106152;47355;24.5;10.9
73;2021-05-01;1068;310;107220;47665;24.8;11.0
73;2021-05-02;34;165;107254;47830;24.8;11.1
73;2021-05-03;1392;1595;108646;49425;25.1;11.4
73;2021-05-04;1713;1835;110359;51260;25.5;11.9
73;2021-05-05;1974;1690;112333;52950;26.0;12.2
73;2021-05-06;2431;1698;114764;54648;26.5;12.6
73;2021-05-07;2259;1849;117023;56497;27.1;13.1
73;2021-05-08;1838;377;118861;56874;27.5;13.1
73;2021-05-09;127;127;118988;57001;27.5;13.2
73;2021-05-10;1608;1892;120596;58893;27.9;13.6
73;2021-05-11;2378;2368;122974;61261;28.4;14.2
73;2021-05-12;3555;2098;126529;63359;29.3;14.6
73;2021-05-13;1554;276;128083;63635;29.6;14.7
73;2021-05-14;1588;1493;129671;65128;30.0;15.1
73;2021-05-15;1447;943;131118;66071;30.3;15.3
73;2021-05-16;131;62;131249;66133;30.3;15.3
73;2021-05-17;1711;1953;132960;68086;30.7;15.7
73;2021-05-18;2495;1736;135455;69822;31.3;16.1
73;2021-05-19;2538;1622;137993;71444;31.9;16.5
73;2021-05-20;3162;1502;141155;72946;32.6;16.9
73;2021-05-21;2473;1850;143628;74796;33.2;17.3
73;2021-05-22;1989;923;145617;75719;33.7;17.5
73;2021-05-23;212;14;145829;75733;33.7;17.5
73;2021-05-24;2563;327;148392;76060;34.3;17.6
73;2021-05-25;2139;1741;150531;77801;34.8;18.0
73;2021-05-26;2342;2000;152873;79801;35.3;18.4
73;2021-05-27;3081;1715;155954;81516;36.1;18.8
73;2021-05-28;2918;2376;158872;83892;36.7;19.4
73;2021-05-29;2316;1322;161188;85214;37.3;19.7
73;2021-05-30;188;14;161376;85228;37.3;19.7
73;2021-05-31;2410;1632;163786;86860;37.9;20.1
73;2021-06-01;3178;1792;166964;88652;38.6;20.5
73;2021-06-02;3108;1459;170072;90111;39.3;20.8
73;2021-06-03;4422;1741;174494;91852;40.3;21.2
73;2021-06-04;4276;2184;178770;94036;41.3;21.7
73;2021-06-05;3165;1282;181935;95318;42.1;22.0
73;2021-06-06;1881;299;183816;95617;42.5;22.1
73;2021-06-07;2759;2150;186575;97767;43.1;22.6
73;2021-06-08;2684;1873;189259;99640;43.8;23.0
73;2021-06-09;2365;1790;191624;101430;44.3;23.4
73;2021-06-10;2005;1648;193629;103078;44.8;23.8
73;2021-06-11;2192;2441;195821;105519;45.3;24.4
73;2021-06-12;2245;1333;198066;106852;45.8;24.7
73;2021-06-13;44;82;198110;106934;45.8;24.7
73;2021-06-14;1347;2927;199457;109861;46.1;25.4
73;2021-06-15;1592;2755;201049;112616;46.5;26.0
73;2021-06-16;1466;2566;202515;115182;46.8;26.6
73;2021-06-17;947;1727;203462;116909;47.0;27.0
73;2021-06-18;1884;2933;205346;119842;47.5;27.7
73;2021-06-19;1424;1986;206770;121828;47.8;28.2
73;2021-06-20;448;307;207218;122135;47.9;28.2
73;2021-06-21;1111;2938;208329;125073;48.2;28.9
73;2021-06-22;1090;2870;209419;127943;48.4;29.6
73;2021-06-23;1086;3137;210505;131080;48.7;30.3
73;2021-06-24;883;1794;211388;132874;48.9;30.7
73;2021-06-25;1324;2796;212712;135670;49.2;31.4
73;2021-06-26;966;2399;213678;138069;49.4;31.9
73;2021-06-27;329;550;214007;138619;49.5;32.0
73;2021-06-28;971;3557;214978;142176;49.7;32.9
73;2021-06-29;1076;3340;216054;145516;49.9;33.6
73;2021-06-30;1239;3117;217293;148633;50.2;34.4
73;2021-07-01;1191;2363;218484;150996;50.5;34.9
73;2021-07-02;1203;3617;219687;154613;50.8;35.7
73;2021-07-03;961;2793;220648;157406;51.0;36.4
73;2021-07-04;301;619;220949;158025;51.1;36.5
73;2021-07-05;1157;3681;222106;161706;51.3;37.4
73;2021-07-06;1251;2952;223357;164658;51.6;38.1
73;2021-07-07;1443;2948;224800;167606;52.0;38.7
73;2021-07-08;1373;2297;226173;169903;52.3;39.3
73;2021-07-09;1431;4026;227604;173929;52.6;40.2
73;2021-07-10;891;3012;228495;176941;52.8;40.9
73;2021-07-11;561;1470;229056;178411;53.0;41.2
73;2021-07-12;1059;4196;230115;182607;53.2;42.2
73;2021-07-13;1729;4225;231844;186832;53.6;43.2
73;2021-07-14;1843;1920;233687;188752;54.0;43.6
73;2021-07-15;2747;3797;236434;192549;54.7;44.5
73;2021-07-16;2416;4016;238850;196565;55.2;45.4
73;2021-07-17;1515;2607;240365;199172;55.6;46.0
73;2021-07-18;1176;1218;241541;200390;55.8;46.3
73;2021-07-19;2449;3251;243990;203641;56.4;47.1
73;2021-07-20;3366;2856;247356;206497;57.2;47.7
73;2021-07-21;3382;2790;250738;209287;58.0;48.4
73;2021-07-22;2733;2216;253471;211503;58.6;48.9
73;2021-07-23;3417;2902;256888;214405;59.4;49.6
73;2021-07-24;2059;2280;258947;216685;59.9;50.1
73;2021-07-25;625;797;259572;217482;60.0;50.3
73;2021-07-26;2632;2496;262204;219978;60.6;50.9
73;2021-07-27;3813;2271;266017;222249;61.5;51.4
73;2021-07-28;3535;2097;269552;224346;62.3;51.9
73;2021-07-29;3980;2154;273532;226500;63.2;52.4
73;2021-07-30;3565;2477;277097;228977;64.1;52.9
73;2021-07-31;2477;1594;279574;230571;64.6;53.3
73;2021-08-01;834;620;280408;231191;64.8;53.4
73;2021-08-02;3104;2105;283512;233296;65.5;53.9
73;2021-08-03;3494;2000;287006;235296;66.4;54.4
73;2021-08-04;3299;2025;290305;237321;67.1;54.9
73;2021-08-05;2875;2233;293180;239554;67.8;55.4
73;2021-08-06;2509;2382;295689;241936;68.4;55.9
73;2021-08-07;1416;1482;297105;243418;68.7;56.3
73;2021-08-08;434;619;297539;244037;68.8;56.4
73;2021-08-09;1785;2396;299324;246433;69.2;57.0
73;2021-08-10;1897;2490;301221;248923;69.6;57.5
73;2021-08-11;1848;2535;303069;251458;70.1;58.1
73;2021-08-12;1682;2502;304751;253960;70.5;58.7
73;2021-08-13;1461;2842;306212;256802;70.8;59.4
73;2021-08-14;990;1534;307202;258336;71.0;59.7
73;2021-08-15;92;161;307294;258497;71.0;59.8
73;2021-08-16;952;1392;308246;259889;71.3;60.1
73;2021-08-17;964;1960;309210;261849;71.5;60.5
73;2021-08-18;1038;2841;310248;264690;71.7;61.2
73;2021-08-19;1045;3055;311293;267745;72.0;61.9
73;2021-08-20;852;3146;312145;270891;72.2;62.6
73;2021-08-21;463;1837;312608;272728;72.3;63.1
73;2021-08-22;268;936;312876;273664;72.3;63.3
73;2021-08-23;677;2970;313553;276634;72.5;64.0
73;2021-08-24;899;3160;314452;279794;72.7;64.7
73;2021-08-25;712;2907;315164;282701;72.9;65.4
73;2021-08-26;691;2424;315855;285125;73.0;65.9
73;2021-08-27;791;2748;316646;287873;73.2;66.6
73;2021-08-28;457;1749;317103;289622;73.3;67.0
73;2021-08-29;303;1018;317406;290640;73.4;67.2
73;2021-08-30;820;2569;318226;293209;73.6;67.8
73;2021-08-31;819;2359;319045;295568;73.8;68.3
73;2021-09-01;749;2098;319794;297666;73.9;68.8
73;2021-09-02;619;1762;320413;299428;74.1;69.2
73;2021-09-03;697;2025;321110;301453;74.2;69.7
73;2021-09-04;531;1372;321641;302825;74.4;70.0
73;2021-09-05;227;703;321868;303528;74.4;70.2
73;2021-09-06;351;1076;322219;304604;74.5;70.4
73;2021-09-07;414;875;322633;305479;74.6;70.6
73;2021-09-08;491;1016;323124;306495;74.7;70.9
73;2021-09-09;467;1020;323591;307515;74.8;71.1
73;2021-09-10;578;1269;324169;308784;74.9;71.4
73;2021-09-11;354;1002;324523;309786;75.0;71.6
73;2021-09-12;96;154;324619;309940;75.0;71.7
73;2021-09-13;343;715;324962;310655;75.1;71.8
73;2021-09-14;412;621;325374;311276;75.2;72.0
73;2021-09-15;427;815;325801;312091;75.3;72.2
73;2021-09-16;332;647;326133;312738;75.4;72.3
73;2021-09-17;377;870;326510;313608;75.5;72.5
73;2021-09-18;260;630;326770;314238;75.5;72.6
73;2021-09-19;47;205;326817;314443;75.6;72.7
73;2021-09-20;163;632;326980;315075;75.6;72.8
73;2021-09-21;298;538;327278;315613;75.7;73.0
73;2021-09-22;275;774;327553;316387;75.7;73.1
73;2021-09-23;282;477;327835;316864;75.8;73.3
73;2021-09-24;292;857;328127;317721;75.9;73.5
73;2021-09-25;189;724;328316;318445;75.9;73.6
73;2021-09-26;73;211;328389;318656;75.9;73.7
73;2021-09-27;243;498;328632;319154;76.0;73.8
73;2021-09-28;185;340;328817;319494;76.0;73.9
73;2021-09-29;220;675;329037;320169;76.1;74.0
73;2021-09-30;193;365;329230;320534;76.1;74.1
73;2021-10-01;211;564;329441;321098;76.2;74.2
73;2021-10-02;197;482;329638;321580;76.2;74.3
73;2021-10-03;8;11;329646;321591;76.2;74.3
73;2021-10-04;213;363;329859;321954;76.3;74.4
73;2021-10-05;166;312;330025;322266;76.3;74.5
73;2021-10-06;315;508;330340;322774;76.4;74.6
73;2021-10-07;163;302;330503;323076;76.4;74.7
73;2021-10-08;254;536;330757;323612;76.5;74.8
73;2021-10-09;158;348;330915;323960;76.5;74.9
73;2021-10-10;3;6;330918;323966;76.5;74.9
73;2021-10-11;191;316;331109;324282;76.5;75.0
73;2021-10-12;133;182;331242;324464;76.6;75.0
73;2021-10-13;227;365;331469;324829;76.6;75.1
74;2020-12-27;10;6;10;6;0.0;0.0
74;2020-12-28;10;1;20;7;0.0;0.0
74;2020-12-29;0;0;20;7;0.0;0.0
74;2020-12-30;5;2;25;9;0.0;0.0
74;2020-12-31;1;0;26;9;0.0;0.0
74;2021-01-01;1;0;27;9;0.0;0.0
74;2021-01-02;1;1;28;10;0.0;0.0
74;2021-01-03;0;0;28;10;0.0;0.0
74;2021-01-04;4;3;32;13;0.0;0.0
74;2021-01-05;4;1;36;14;0.0;0.0
74;2021-01-06;48;2;84;16;0.0;0.0
74;2021-01-07;220;1;304;17;0.0;0.0
74;2021-01-08;296;2;600;19;0.1;0.0
74;2021-01-09;79;0;679;19;0.1;0.0
74;2021-01-10;74;0;753;19;0.1;0.0
74;2021-01-11;375;1;1128;20;0.1;0.0
74;2021-01-12;408;3;1536;23;0.2;0.0
74;2021-01-13;396;0;1932;23;0.2;0.0
74;2021-01-14;482;5;2414;28;0.3;0.0
74;2021-01-15;645;4;3059;32;0.4;0.0
74;2021-01-16;254;1;3313;33;0.4;0.0
74;2021-01-17;137;2;3450;35;0.4;0.0
74;2021-01-18;527;3;3977;38;0.5;0.0
74;2021-01-19;815;3;4792;41;0.6;0.0
74;2021-01-20;1282;4;6074;45;0.7;0.0
74;2021-01-21;1570;3;7644;48;0.9;0.0
74;2021-01-22;1242;7;8886;55;1.1;0.0
74;2021-01-23;345;1;9231;56;1.1;0.0
74;2021-01-24;94;2;9325;58;1.1;0.0
74;2021-01-25;801;3;10126;61;1.2;0.0
74;2021-01-26;1372;26;11498;87;1.4;0.0
74;2021-01-27;1084;17;12582;104;1.5;0.0
74;2021-01-28;1003;42;13585;146;1.6;0.0
74;2021-01-29;883;43;14468;189;1.7;0.0
74;2021-01-30;305;1;14773;190;1.8;0.0
74;2021-01-31;87;1;14860;191;1.8;0.0
74;2021-02-01;631;45;15491;236;1.9;0.0
74;2021-02-02;645;154;16136;390;1.9;0.0
74;2021-02-03;606;121;16742;511;2.0;0.1
74;2021-02-04;617;136;17359;647;2.1;0.1
74;2021-02-05;557;224;17916;871;2.2;0.1
74;2021-02-06;276;136;18192;1007;2.2;0.1
74;2021-02-07;93;123;18285;1130;2.2;0.1
74;2021-02-08;620;349;18905;1479;2.3;0.2
74;2021-02-09;542;534;19447;2013;2.3;0.2
74;2021-02-10;692;518;20139;2531;2.4;0.3
74;2021-02-11;1084;1016;21223;3547;2.6;0.4
74;2021-02-12;917;617;22140;4164;2.7;0.5
74;2021-02-13;407;240;22547;4404;2.7;0.5
74;2021-02-14;320;112;22867;4516;2.8;0.5
74;2021-02-15;281;847;23148;5363;2.8;0.6
74;2021-02-16;492;1064;23640;6427;2.9;0.8
74;2021-02-17;533;1103;24173;7530;2.9;0.9
74;2021-02-18;473;987;24646;8517;3.0;1.0
74;2021-02-19;620;656;25266;9173;3.0;1.1
74;2021-02-20;114;187;25380;9360;3.1;1.1
74;2021-02-21;48;61;25428;9421;3.1;1.1
74;2021-02-22;320;787;25748;10208;3.1;1.2
74;2021-02-23;307;821;26055;11029;3.1;1.3
74;2021-02-24;242;680;26297;11709;3.2;1.4
74;2021-02-25;524;752;26821;12461;3.2;1.5
74;2021-02-26;972;702;27793;13163;3.4;1.6
74;2021-02-27;254;181;28047;13344;3.4;1.6
74;2021-02-28;125;71;28172;13415;3.4;1.6
74;2021-03-01;724;638;28896;14053;3.5;1.7
74;2021-03-02;1095;691;29991;14744;3.6;1.8
74;2021-03-03;1026;643;31017;15387;3.7;1.9
74;2021-03-04;1613;1028;32630;16415;3.9;2.0
74;2021-03-05;2095;898;34725;17313;4.2;2.1
74;2021-03-06;1762;339;36487;17652;4.4;2.1
74;2021-03-07;1388;109;37875;17761;4.6;2.1
74;2021-03-08;1198;961;39073;18722;4.7;2.3
74;2021-03-09;1958;677;41031;19399;5.0;2.3
74;2021-03-10;1749;923;42780;20322;5.2;2.5
74;2021-03-11;2452;738;45232;21060;5.5;2.5
74;2021-03-12;3246;1040;48478;22100;5.9;2.7
74;2021-03-13;2004;282;50482;22382;6.1;2.7
74;2021-03-14;609;105;51091;22487;6.2;2.7
74;2021-03-15;2130;571;53221;23058;6.4;2.8
74;2021-03-16;1965;423;55186;23481;6.7;2.8
74;2021-03-17;1975;326;57161;23807;6.9;2.9
74;2021-03-18;2137;296;59298;24103;7.2;2.9
74;2021-03-19;2637;305;61935;24408;7.5;2.9
74;2021-03-20;1375;105;63310;24513;7.6;3.0
74;2021-03-21;290;33;63600;24546;7.7;3.0
74;2021-03-22;2055;339;65655;24885;7.9;3.0
74;2021-03-23;2723;347;68378;25232;8.3;3.0
74;2021-03-24;2947;316;71325;25548;8.6;3.1
74;2021-03-25;3875;318;75200;25866;9.1;3.1
74;2021-03-26;4096;397;79296;26263;9.6;3.2
74;2021-03-27;1941;265;81237;26528;9.8;3.2
74;2021-03-28;437;78;81674;26606;9.9;3.2
74;2021-03-29;3035;728;84709;27334;10.2;3.3
74;2021-03-30;3543;785;88252;28119;10.7;3.4
74;2021-03-31;3144;747;91396;28866;11.0;3.5
74;2021-04-01;4235;913;95631;29779;11.5;3.6
74;2021-04-02;3711;808;99342;30587;12.0;3.7
74;2021-04-03;1697;547;101039;31134;12.2;3.8
74;2021-04-04;236;122;101275;31256;12.2;3.8
74;2021-04-05;433;17;101708;31273;12.3;3.8
74;2021-04-06;2621;1223;104329;32496;12.6;3.9
74;2021-04-07;3195;1267;107524;33763;13.0;4.1
74;2021-04-08;3864;1199;111388;34962;13.4;4.2
74;2021-04-09;4111;1200;115499;36162;13.9;4.4
74;2021-04-10;1944;1038;117443;37200;14.2;4.5
74;2021-04-11;253;184;117696;37384;14.2;4.5
74;2021-04-12;2724;1788;120420;39172;14.5;4.7
74;2021-04-13;3123;2117;123543;41289;14.9;5.0
74;2021-04-14;2903;1983;126446;43272;15.3;5.2
74;2021-04-15;3463;1928;129909;45200;15.7;5.5
74;2021-04-16;3386;1796;133295;46996;16.1;5.7
74;2021-04-17;1936;1041;135231;48037;16.3;5.8
74;2021-04-18;218;211;135449;48248;16.4;5.8
74;2021-04-19;2101;2108;137550;50356;16.6;6.1
74;2021-04-20;3068;2431;140618;52787;17.0;6.4
74;2021-04-21;2465;2382;143083;55169;17.3;6.7
74;2021-04-22;2630;2345;145713;57514;17.6;6.9
74;2021-04-23;2573;2260;148286;59774;17.9;7.2
74;2021-04-24;1485;1548;149771;61322;18.1;7.4
74;2021-04-25;229;150;150000;61472;18.1;7.4
74;2021-04-26;2396;2472;152396;63944;18.4;7.7
74;2021-04-27;3272;2919;155668;66863;18.8;8.1
74;2021-04-28;3465;2648;159133;69511;19.2;8.4
74;2021-04-29;3908;2701;163041;72212;19.7;8.7
74;2021-04-30;4076;2233;167117;74445;20.2;9.0
74;2021-05-01;2121;400;169238;74845;20.4;9.0
74;2021-05-02;206;239;169444;75084;20.5;9.1
74;2021-05-03;2597;3032;172041;78116;20.8;9.4
74;2021-05-04;3216;3118;175257;81234;21.2;9.8
74;2021-05-05;3392;3021;178649;84255;21.6;10.2
74;2021-05-06;3860;2639;182509;86894;22.0;10.5
74;2021-05-07;3595;3559;186104;90453;22.5;10.9
74;2021-05-08;1145;827;187249;91280;22.6;11.0
74;2021-05-09;195;247;187444;91527;22.6;11.0
74;2021-05-10;3466;3150;190910;94677;23.0;11.4
74;2021-05-11;4317;3425;195227;98102;23.6;11.8
74;2021-05-12;5306;2970;200533;101072;24.2;12.2
74;2021-05-13;2357;950;202890;102022;24.5;12.3
74;2021-05-14;5956;2407;208846;104429;25.2;12.6
74;2021-05-15;4514;1852;213360;106281;25.8;12.8
74;2021-05-16;3012;338;216372;106619;26.1;12.9
74;2021-05-17;5397;2890;221769;109509;26.8;13.2
74;2021-05-18;6792;2818;228561;112327;27.6;13.6
74;2021-05-19;6234;2296;234795;114623;28.3;13.8
74;2021-05-20;6643;2558;241438;117181;29.1;14.1
74;2021-05-21;6526;2994;247964;120175;29.9;14.5
74;2021-05-22;5293;1569;253257;121744;30.6;14.7
74;2021-05-23;2052;282;255309;122026;30.8;14.7
74;2021-05-24;2363;660;257672;122686;31.1;14.8
74;2021-05-25;5073;3334;262745;126020;31.7;15.2
74;2021-05-26;5255;2563;268000;128583;32.4;15.5
74;2021-05-27;6002;2975;274002;131558;33.1;15.9
74;2021-05-28;5656;3587;279658;135145;33.8;16.3
74;2021-05-29;3799;2156;283457;137301;34.2;16.6
74;2021-05-30;489;309;283946;137610;34.3;16.6
74;2021-05-31;5069;3549;289015;141159;34.9;17.0
74;2021-06-01;4931;3730;293946;144889;35.5;17.5
74;2021-06-02;5269;3207;299215;148096;36.1;17.9
74;2021-06-03;6890;3251;306105;151347;37.0;18.3
74;2021-06-04;6912;4432;313017;155779;37.8;18.8
74;2021-06-05;4610;2707;317627;158486;38.3;19.1
74;2021-06-06;124;112;317751;158598;38.4;19.1
74;2021-06-07;5032;4146;322783;162744;39.0;19.6
74;2021-06-08;5025;3951;327808;166695;39.6;20.1
74;2021-06-09;5081;3483;332889;170178;40.2;20.5
74;2021-06-10;5124;2879;338013;173057;40.8;20.9
74;2021-06-11;5214;3814;343227;176871;41.4;21.4
74;2021-06-12;3567;2378;346794;179249;41.9;21.6
74;2021-06-13;120;89;346914;179338;41.9;21.6
74;2021-06-14;3593;4482;350507;183820;42.3;22.2
74;2021-06-15;3671;3899;354178;187719;42.8;22.7
74;2021-06-16;4827;3126;359005;190845;43.3;23.0
74;2021-06-17;3816;2957;362821;193802;43.8;23.4
74;2021-06-18;4115;4671;366936;198473;44.3;24.0
74;2021-06-19;2992;3101;369928;201574;44.7;24.3
74;2021-06-20;125;97;370053;201671;44.7;24.3
74;2021-06-21;2382;5420;372435;207091;45.0;25.0
74;2021-06-22;2493;5313;374928;212404;45.3;25.6
74;2021-06-23;2974;4619;377902;217023;45.6;26.2
74;2021-06-24;2865;4627;380767;221650;46.0;26.8
74;2021-06-25;2930;6768;383697;228418;46.3;27.6
74;2021-06-26;1705;5400;385402;233818;46.5;28.2
74;2021-06-27;66;1664;385468;235482;46.5;28.4
74;2021-06-28;1915;7219;387383;242701;46.8;29.3
74;2021-06-29;2299;7422;389682;250123;47.0;30.2
74;2021-06-30;2747;6545;392429;256668;47.4;31.0
74;2021-07-01;3529;5426;395958;262094;47.8;31.6
74;2021-07-02;3120;6640;399078;268734;48.2;32.4
74;2021-07-03;1698;5084;400776;273818;48.4;33.1
74;2021-07-04;81;1022;400857;274840;48.4;33.2
74;2021-07-05;2078;6829;402935;281669;48.6;34.0
74;2021-07-06;2799;6491;405734;288160;49.0;34.8
74;2021-07-07;3094;5447;408828;293607;49.4;35.4
74;2021-07-08;3867;4924;412695;298531;49.8;36.0
74;2021-07-09;2671;6978;415366;305509;50.1;36.9
74;2021-07-10;1623;5131;416989;310640;50.3;37.5
74;2021-07-11;76;142;417065;310782;50.3;37.5
74;2021-07-12;2098;7899;419163;318681;50.6;38.5
74;2021-07-13;3967;7586;423130;326267;51.1;39.4
74;2021-07-14;1968;2238;425098;328505;51.3;39.7
74;2021-07-15;3593;6876;428691;335381;51.7;40.5
74;2021-07-16;4243;7741;432934;343122;52.3;41.4
74;2021-07-17;3004;5334;435938;348456;52.6;42.1
74;2021-07-18;156;155;436094;348611;52.6;42.1
74;2021-07-19;4295;7352;440389;355963;53.2;43.0
74;2021-07-20;5872;6469;446261;362432;53.9;43.8
74;2021-07-21;5669;6675;451930;369107;54.6;44.6
74;2021-07-22;4773;5323;456703;374430;55.1;45.2
74;2021-07-23;6227;6996;462930;381426;55.9;46.0
74;2021-07-24;3157;4316;466087;385742;56.3;46.6
74;2021-07-25;181;172;466268;385914;56.3;46.6
74;2021-07-26;5618;6135;471886;392049;57.0;47.3
74;2021-07-27;6852;5177;478738;397226;57.8;48.0
74;2021-07-28;6660;5102;485398;402328;58.6;48.6
74;2021-07-29;5280;3931;490678;406259;59.2;49.0
74;2021-07-30;6715;5505;497393;411764;60.0;49.7
74;2021-07-31;4379;3123;501772;414887;60.6;50.1
74;2021-08-01;184;149;501956;415036;60.6;50.1
74;2021-08-02;6274;4410;508230;419446;61.4;50.6
74;2021-08-03;6038;3860;514268;423306;62.1;51.1
74;2021-08-04;6325;3508;520593;426814;62.8;51.5
74;2021-08-05;4935;3270;525528;430084;63.4;51.9
74;2021-08-06;5069;4183;530597;434267;64.1;52.4
74;2021-08-07;3213;2899;533810;437166;64.4;52.8
74;2021-08-08;154;134;533964;437300;64.5;52.8
74;2021-08-09;4977;4829;538941;442129;65.1;53.4
74;2021-08-10;4992;4689;543933;446818;65.7;53.9
74;2021-08-11;4447;4892;548380;451710;66.2;54.5
74;2021-08-12;3626;3608;552006;455318;66.6;55.0
74;2021-08-13;3837;4625;555843;459943;67.1;55.5
74;2021-08-14;2184;3342;558027;463285;67.4;55.9
74;2021-08-15;66;103;558093;463388;67.4;55.9
74;2021-08-16;3913;5880;562006;469268;67.8;56.6
74;2021-08-17;3136;5486;565142;474754;68.2;57.3
74;2021-08-18;3092;5462;568234;480216;68.6;58.0
74;2021-08-19;2357;3897;570591;484113;68.9;58.4
74;2021-08-20;2638;5698;573229;489811;69.2;59.1
74;2021-08-21;1239;4273;574468;494084;69.3;59.6
74;2021-08-22;56;137;574524;494221;69.4;59.7
74;2021-08-23;2197;6698;576721;500919;69.6;60.5
74;2021-08-24;2220;5939;578941;506858;69.9;61.2
74;2021-08-25;1978;6296;580919;513154;70.1;61.9
74;2021-08-26;1564;3788;582483;516942;70.3;62.4
74;2021-08-27;1940;5512;584423;522454;70.5;63.1
74;2021-08-28;925;4042;585348;526496;70.7;63.6
74;2021-08-29;67;188;585415;526684;70.7;63.6
74;2021-08-30;1873;5354;587288;532038;70.9;64.2
74;2021-08-31;1681;4968;588969;537006;71.1;64.8
74;2021-09-01;1984;3879;590953;540885;71.3;65.3
74;2021-09-02;1225;2813;592178;543698;71.5;65.6
74;2021-09-03;1552;3836;593730;547534;71.7;66.1
74;2021-09-04;1158;2749;594888;550283;71.8;66.4
74;2021-09-05;49;92;594937;550375;71.8;66.4
74;2021-09-06;1332;3032;596269;553407;72.0;66.8
74;2021-09-07;1031;2745;597300;556152;72.1;67.1
74;2021-09-08;1316;2870;598616;559022;72.3;67.5
74;2021-09-09;1222;1936;599838;560958;72.4;67.7
74;2021-09-10;1124;2755;600962;563713;72.5;68.0
74;2021-09-11;766;2214;601728;565927;72.6;68.3
74;2021-09-12;40;74;601768;566001;72.6;68.3
74;2021-09-13;1002;2069;602770;568070;72.8;68.6
74;2021-09-14;1095;1973;603865;570043;72.9;68.8
74;2021-09-15;1067;2274;604932;572317;73.0;69.1
74;2021-09-16;752;1031;605684;573348;73.1;69.2
74;2021-09-17;840;1848;606524;575196;73.2;69.4
74;2021-09-18;608;1671;607132;576867;73.3;69.6
74;2021-09-19;3;9;607135;576876;73.3;69.6
74;2021-09-20;811;1887;607946;578763;73.4;69.9
74;2021-09-21;641;1373;608587;580136;73.5;70.0
74;2021-09-22;649;2105;609236;582241;73.5;70.3
74;2021-09-23;638;998;609874;583239;73.6;70.4
74;2021-09-24;724;1970;610598;585209;73.7;70.6
74;2021-09-25;461;1623;611059;586832;73.8;70.8
74;2021-09-26;1;2;611060;586834;73.8;70.8
74;2021-09-27;574;1776;611634;588610;73.8;71.1
74;2021-09-28;398;962;612032;589572;73.9;71.2
74;2021-09-29;547;1564;612579;591136;73.9;71.4
74;2021-09-30;389;1061;612968;592197;74.0;71.5
74;2021-10-01;600;1121;613568;593318;74.1;71.6
74;2021-10-02;434;816;614002;594134;74.1;71.7
74;2021-10-03;5;11;614007;594145;74.1;71.7
74;2021-10-04;531;1110;614538;595255;74.2;71.9
74;2021-10-05;366;1089;614904;596344;74.2;72.0
74;2021-10-06;449;991;615353;597335;74.3;72.1
74;2021-10-07;301;630;615654;597965;74.3;72.2
74;2021-10-08;560;1160;616214;599125;74.4;72.3
74;2021-10-09;408;771;616622;599896;74.4;72.4
74;2021-10-10;5;15;616627;599911;74.4;72.4
74;2021-10-11;383;818;617010;600729;74.5;72.5
74;2021-10-12;351;796;617361;601525;74.5;72.6
74;2021-10-13;428;849;617789;602374;74.6;72.7
75;2020-12-27;77;11;77;11;0.0;0.0
75;2020-12-28;67;2;144;13;0.0;0.0
75;2020-12-29;34;3;178;16;0.0;0.0
75;2020-12-30;89;1;267;17;0.0;0.0
75;2020-12-31;48;4;315;21;0.0;0.0
75;2021-01-01;63;11;378;32;0.0;0.0
75;2021-01-02;67;4;445;36;0.0;0.0
75;2021-01-03;110;6;555;42;0.0;0.0
75;2021-01-04;323;11;878;53;0.0;0.0
75;2021-01-05;883;16;1761;69;0.1;0.0
75;2021-01-06;1372;23;3133;92;0.1;0.0
75;2021-01-07;2072;23;5205;115;0.2;0.0
75;2021-01-08;2881;33;8086;148;0.4;0.0
75;2021-01-09;1100;3;9186;151;0.4;0.0
75;2021-01-10;1100;4;10286;155;0.5;0.0
75;2021-01-11;3120;69;13406;224;0.6;0.0
75;2021-01-12;3494;64;16900;288;0.8;0.0
75;2021-01-13;3577;58;20477;346;1.0;0.0
75;2021-01-14;3803;104;24280;450;1.1;0.0
75;2021-01-15;3343;68;27623;518;1.3;0.0
75;2021-01-16;1148;26;28771;544;1.3;0.0
75;2021-01-17;564;19;29335;563;1.4;0.0
75;2021-01-18;3296;84;32631;647;1.5;0.0
75;2021-01-19;3881;61;36512;708;1.7;0.0
75;2021-01-20;4442;81;40954;789;1.9;0.0
75;2021-01-21;4953;103;45907;892;2.1;0.0
75;2021-01-22;4611;100;50518;992;2.4;0.0
75;2021-01-23;1773;16;52291;1008;2.4;0.0
75;2021-01-24;763;12;53054;1020;2.5;0.0
75;2021-01-25;1743;37;54797;1057;2.6;0.0
75;2021-01-26;2564;100;57361;1157;2.7;0.1
75;2021-01-27;3177;184;60538;1341;2.8;0.1
75;2021-01-28;4791;260;65329;1601;3.0;0.1
75;2021-01-29;4066;276;69395;1877;3.2;0.1
75;2021-01-30;1361;36;70756;1913;3.3;0.1
75;2021-01-31;228;3;70984;1916;3.3;0.1
75;2021-02-01;1637;383;72621;2299;3.4;0.1
75;2021-02-02;2155;653;74776;2952;3.5;0.1
75;2021-02-03;1900;692;76676;3644;3.6;0.2
75;2021-02-04;2155;1131;78831;4775;3.7;0.2
75;2021-02-05;2229;874;81060;5649;3.8;0.3
75;2021-02-06;1143;111;82203;5760;3.8;0.3
75;2021-02-07;179;9;82382;5769;3.8;0.3
75;2021-02-08;1270;1466;83652;7235;3.9;0.3
75;2021-02-09;1803;2388;85455;9623;4.0;0.4
75;2021-02-10;2430;2394;87885;12017;4.1;0.6
75;2021-02-11;2952;6306;90837;18323;4.2;0.9
75;2021-02-12;3143;2411;93980;20734;4.4;1.0
75;2021-02-13;865;1040;94845;21774;4.4;1.0
75;2021-02-14;215;47;95060;21821;4.4;1.0
75;2021-02-15;1012;2444;96072;24265;4.5;1.1
75;2021-02-16;1471;6482;97543;30747;4.5;1.4
75;2021-02-17;1348;3216;98891;33963;4.6;1.6
75;2021-02-18;1780;5814;100671;39777;4.7;1.9
75;2021-02-19;2234;4135;102905;43912;4.8;2.0
75;2021-02-20;485;1675;103390;45587;4.8;2.1
75;2021-02-21;201;167;103591;45754;4.8;2.1
75;2021-02-22;1230;1925;104821;47679;4.9;2.2
75;2021-02-23;1477;2719;106298;50398;4.9;2.3
75;2021-02-24;1703;2336;108001;52734;5.0;2.5
75;2021-02-25;2800;5307;110801;58041;5.2;2.7
75;2021-02-26;3387;2730;114188;60771;5.3;2.8
75;2021-02-27;1411;946;115599;61717;5.4;2.9
75;2021-02-28;332;147;115931;61864;5.4;2.9
75;2021-03-01;2614;1701;118545;63565;5.5;3.0
75;2021-03-02;4202;2242;122747;65807;5.7;3.1
75;2021-03-03;5450;2383;128197;68190;6.0;3.2
75;2021-03-04;8066;2655;136263;70845;6.3;3.3
75;2021-03-05;10589;2816;146852;73661;6.8;3.4
75;2021-03-06;11091;1141;157943;74802;7.4;3.5
75;2021-03-07;9513;1563;167456;76365;7.8;3.6
75;2021-03-08;5929;1619;173385;77984;8.1;3.6
75;2021-03-09;7548;2183;180933;80167;8.4;3.7
75;2021-03-10;7526;2191;188459;82358;8.8;3.8
75;2021-03-11;10370;2612;198829;84970;9.3;4.0
75;2021-03-12;12080;2640;210909;87610;9.8;4.1
75;2021-03-13;8564;819;219473;88429;10.2;4.1
75;2021-03-14;4180;272;223653;88701;10.4;4.1
75;2021-03-15;7485;1016;231138;89717;10.8;4.2
75;2021-03-16;5171;728;236309;90445;11.0;4.2
75;2021-03-17;5439;872;241748;91317;11.3;4.3
75;2021-03-18;6633;914;248381;92231;11.6;4.3
75;2021-03-19;9774;1049;258155;93280;12.0;4.3
75;2021-03-20;5945;626;264100;93906;12.3;4.4
75;2021-03-21;1596;437;265696;94343;12.4;4.4
75;2021-03-22;8670;1064;274366;95407;12.8;4.4
75;2021-03-23;10977;1315;285343;96722;13.3;4.5
75;2021-03-24;11022;1384;296365;98106;13.8;4.6
75;2021-03-25;14225;1612;310590;99718;14.5;4.6
75;2021-03-26;13998;1763;324588;101481;15.1;4.7
75;2021-03-27;7293;799;331881;102280;15.4;4.8
75;2021-03-28;1791;166;333672;102446;15.5;4.8
75;2021-03-29;7985;2238;341657;104684;15.9;4.9
75;2021-03-30;10949;3296;352606;107980;16.4;5.0
75;2021-03-31;9757;3657;362363;111637;16.9;5.2
75;2021-04-01;10723;5257;373086;116894;17.4;5.4
75;2021-04-02;9068;5633;382154;122527;17.8;5.7
75;2021-04-03;4129;4913;386283;127440;18.0;5.9
75;2021-04-04;1424;1502;387707;128942;18.0;6.0
75;2021-04-05;2264;1443;389971;130385;18.2;6.1
75;2021-04-06;6932;4347;396903;134732;18.5;6.3
75;2021-04-07;8110;4461;405013;139193;18.9;6.5
75;2021-04-08;11097;4230;416110;143423;19.4;6.7
75;2021-04-09;12222;4674;428332;148097;19.9;6.9
75;2021-04-10;5851;4294;434183;152391;20.2;7.1
75;2021-04-11;1952;1807;436135;154198;20.3;7.2
75;2021-04-12;7493;3822;443628;158020;20.7;7.4
75;2021-04-13;8576;6879;452204;164899;21.0;7.7
75;2021-04-14;8309;5263;460513;170162;21.4;7.9
75;2021-04-15;8937;6177;469450;176339;21.9;8.2
75;2021-04-16;9399;6151;478849;182490;22.3;8.5
75;2021-04-17;4822;3655;483671;186145;22.5;8.7
75;2021-04-18;1675;885;485346;187030;22.6;8.7
75;2021-04-19;5596;4981;490942;192011;22.9;8.9
75;2021-04-20;6475;5991;497417;198002;23.2;9.2
75;2021-04-21;6883;5601;504300;203603;23.5;9.5
75;2021-04-22;7550;5942;511850;209545;23.8;9.8
75;2021-04-23;8706;6511;520556;216056;24.2;10.1
75;2021-04-24;6185;3368;526741;219424;24.5;10.2
75;2021-04-25;2974;770;529715;220194;24.7;10.2
75;2021-04-26;7033;4736;536748;224930;25.0;10.5
75;2021-04-27;10603;6453;547351;231383;25.5;10.8
75;2021-04-28;12207;6052;559558;237435;26.0;11.1
75;2021-04-29;13764;6379;573322;243814;26.7;11.3
75;2021-04-30;13669;6217;586991;250031;27.3;11.6
75;2021-05-01;5081;1337;592072;251368;27.6;11.7
75;2021-05-02;2392;806;594464;252174;27.7;11.7
75;2021-05-03;10298;13516;604762;265690;28.2;12.4
75;2021-05-04;11201;8101;615963;273791;28.7;12.7
75;2021-05-05;13567;6735;629530;280526;29.3;13.1
75;2021-05-06;14012;8217;643542;288743;30.0;13.4
75;2021-05-07;13990;8601;657532;297344;30.6;13.8
75;2021-05-08;10087;5524;667619;302868;31.1;14.1
75;2021-05-09;3821;3194;671440;306062;31.3;14.2
75;2021-05-10;14302;6732;685742;312794;31.9;14.6
75;2021-05-11;16853;8414;702595;321208;32.7;15.0
75;2021-05-12;17967;8165;720562;329373;33.5;15.3
75;2021-05-13;13649;2495;734211;331868;34.2;15.4
75;2021-05-14;18398;5134;752609;337002;35.0;15.7
75;2021-05-15;12326;2660;764935;339662;35.6;15.8
75;2021-05-16;3862;760;768797;340422;35.8;15.8
75;2021-05-17;16014;4652;784811;345074;36.5;16.1
75;2021-05-18;19166;5327;803977;350401;37.4;16.3
75;2021-05-19;20734;10700;824711;361101;38.4;16.8
75;2021-05-20;21586;8663;846297;369764;39.4;17.2
75;2021-05-21;21033;6553;867330;376317;40.4;17.5
75;2021-05-22;15911;3301;883241;379618;41.1;17.7
75;2021-05-23;5639;1336;888880;380954;41.4;17.7
75;2021-05-24;15637;2559;904517;383513;42.1;17.9
75;2021-05-25;18038;9565;922555;393078;42.9;18.3
75;2021-05-26;18891;8204;941446;401282;43.8;18.7
75;2021-05-27;20149;9793;961595;411075;44.8;19.1
75;2021-05-28;19340;10842;980935;421917;45.7;19.6
75;2021-05-29;16115;5838;997050;427755;46.4;19.9
75;2021-05-30;7039;2157;1004089;429912;46.7;20.0
75;2021-05-31;18095;9437;1022184;439349;47.6;20.5
75;2021-06-01;18699;12980;1040883;452329;48.5;21.1
75;2021-06-02;18122;10301;1059005;462630;49.3;21.5
75;2021-06-03;20256;11957;1079261;474587;50.2;22.1
75;2021-06-04;18121;12844;1097382;487431;51.1;22.7
75;2021-06-05;11992;9614;1109374;497045;51.6;23.1
75;2021-06-06;6728;3163;1116102;500208;52.0;23.3
75;2021-06-07;13894;11827;1129996;512035;52.6;23.8
75;2021-06-08;14805;13966;1144801;526001;53.3;24.5
75;2021-06-09;16509;15235;1161310;541236;54.1;25.2
75;2021-06-10;18367;26292;1179677;567528;54.9;26.4
75;2021-06-11;15312;16458;1194989;583986;55.6;27.2
75;2021-06-12;13285;10003;1208274;593989;56.2;27.6
75;2021-06-13;6279;3794;1214553;597783;56.5;27.8
75;2021-06-14;11827;15397;1226380;613180;57.1;28.5
75;2021-06-15;12729;19550;1239109;632730;57.7;29.5
75;2021-06-16;12213;17241;1251322;649971;58.2;30.3
75;2021-06-17;12661;17677;1263983;667648;58.8;31.1
75;2021-06-18;11279;22609;1275262;690257;59.4;32.1
75;2021-06-19;7535;11823;1282797;702080;59.7;32.7
75;2021-06-20;2821;5477;1285618;707557;59.8;32.9
75;2021-06-21;8515;16331;1294133;723888;60.2;33.7
75;2021-06-22;8810;21793;1302943;745681;60.7;34.7
75;2021-06-23;10309;21431;1313252;767112;61.1;35.7
75;2021-06-24;11320;20639;1324572;787751;61.7;36.7
75;2021-06-25;9877;24686;1334449;812437;62.1;37.8
75;2021-06-26;7937;15420;1342386;827857;62.5;38.5
75;2021-06-27;2701;6325;1345087;834182;62.6;38.8
75;2021-06-28;8482;20157;1353569;854339;63.0;39.8
75;2021-06-29;9348;23832;1362917;878171;63.4;40.9
75;2021-06-30;10217;23625;1373134;901796;63.9;42.0
75;2021-07-01;11438;23516;1384572;925312;64.5;43.1
75;2021-07-02;10894;24771;1395466;950083;65.0;44.2
75;2021-07-03;7819;19806;1403285;969889;65.3;45.1
75;2021-07-04;3909;9556;1407194;979445;65.5;45.6
75;2021-07-05;9349;21582;1416543;1001027;65.9;46.6
75;2021-07-06;10176;24010;1426719;1025037;66.4;47.7
75;2021-07-07;10170;25091;1436889;1050128;66.9;48.9
75;2021-07-08;10673;25025;1447562;1075153;67.4;50.0
75;2021-07-09;10869;24038;1458431;1099191;67.9;51.2
75;2021-07-10;7954;18500;1466385;1117691;68.3;52.0
75;2021-07-11;4350;8528;1470735;1126219;68.5;52.4
75;2021-07-12;9863;23091;1480598;1149310;68.9;53.5
75;2021-07-13;14397;24814;1494995;1174124;69.6;54.7
75;2021-07-14;8352;9728;1503347;1183852;70.0;55.1
75;2021-07-15;15583;25665;1518930;1209517;70.7;56.3
75;2021-07-16;15828;22159;1534758;1231676;71.4;57.3
75;2021-07-17;12196;16912;1546954;1248588;72.0;58.1
75;2021-07-18;6268;6843;1553222;1255431;72.3;58.4
75;2021-07-19;14405;21302;1567627;1276733;73.0;59.4
75;2021-07-20;16074;21902;1583701;1298635;73.7;60.5
75;2021-07-21;15715;20711;1599416;1319346;74.5;61.4
75;2021-07-22;17155;20100;1616571;1339446;75.2;62.3
75;2021-07-23;17168;19110;1633739;1358556;76.0;63.2
75;2021-07-24;11199;14081;1644938;1372637;76.6;63.9
75;2021-07-25;5006;5071;1649944;1377708;76.8;64.1
75;2021-07-26;15182;16876;1665126;1394584;77.5;64.9
75;2021-07-27;18159;16673;1683285;1411257;78.4;65.7
75;2021-07-28;17157;15497;1700442;1426754;79.2;66.4
75;2021-07-29;16775;15098;1717217;1441852;79.9;67.1
75;2021-07-30;16911;14354;1734128;1456206;80.7;67.8
75;2021-07-31;9348;9868;1743476;1466074;81.2;68.2
75;2021-08-01;3728;3256;1747204;1469330;81.3;68.4
75;2021-08-02;10980;11989;1758184;1481319;81.8;69.0
75;2021-08-03;11138;10842;1769322;1492161;82.4;69.5
75;2021-08-04;9734;9485;1779056;1501646;82.8;69.9
75;2021-08-05;8725;9556;1787781;1511202;83.2;70.3
75;2021-08-06;8260;9994;1796041;1521196;83.6;70.8
75;2021-08-07;5714;7159;1801755;1528355;83.9;71.1
75;2021-08-08;1969;3282;1803724;1531637;84.0;71.3
75;2021-08-09;8615;11481;1812339;1543118;84.4;71.8
75;2021-08-10;9306;11591;1821645;1554709;84.8;72.4
75;2021-08-11;7795;10146;1829440;1564855;85.2;72.8
75;2021-08-12;6945;10600;1836385;1575455;85.5;73.3
75;2021-08-13;6262;8869;1842647;1584324;85.8;73.7
75;2021-08-14;4121;7200;1846768;1591524;86.0;74.1
75;2021-08-15;1032;1938;1847800;1593462;86.0;74.2
75;2021-08-16;6150;14033;1853950;1607495;86.3;74.8
75;2021-08-17;5821;13610;1859771;1621105;86.6;75.5
75;2021-08-18;5084;12011;1864855;1633116;86.8;76.0
75;2021-08-19;4779;12689;1869634;1645805;87.0;76.6
75;2021-08-20;4575;11792;1874209;1657597;87.2;77.2
75;2021-08-21;3193;8814;1877402;1666411;87.4;77.6
75;2021-08-22;998;3163;1878400;1669574;87.4;77.7
75;2021-08-23;4929;15307;1883329;1684881;87.7;78.4
75;2021-08-24;4812;14539;1888141;1699420;87.9;79.1
75;2021-08-25;4544;12335;1892685;1711755;88.1;79.7
75;2021-08-26;4094;10281;1896779;1722036;88.3;80.2
75;2021-08-27;4485;11685;1901264;1733721;88.5;80.7
75;2021-08-28;3074;8306;1904338;1742027;88.6;81.1
75;2021-08-29;755;2020;1905093;1744047;88.7;81.2
75;2021-08-30;4532;14027;1909625;1758074;88.9;81.8
75;2021-08-31;4430;12790;1914055;1770864;89.1;82.4
75;2021-09-01;4124;9851;1918179;1780715;89.3;82.9
75;2021-09-02;3367;7868;1921546;1788583;89.4;83.3
75;2021-09-03;3759;8706;1925305;1797289;89.6;83.7
75;2021-09-04;3597;7870;1928902;1805159;89.8;84.0
75;2021-09-05;710;1365;1929612;1806524;89.8;84.1
75;2021-09-06;2631;6566;1932243;1813090;89.9;84.4
75;2021-09-07;2416;6011;1934659;1819101;90.1;84.7
75;2021-09-08;2633;6032;1937292;1825133;90.2;85.0
75;2021-09-09;2480;5307;1939772;1830440;90.3;85.2
75;2021-09-10;2811;6200;1942583;1836640;90.4;85.5
75;2021-09-11;2450;6205;1945033;1842845;90.5;85.8
75;2021-09-12;510;1008;1945543;1843853;90.6;85.8
75;2021-09-13;2340;4918;1947883;1848771;90.7;86.1
75;2021-09-14;2307;4035;1950190;1852806;90.8;86.2
75;2021-09-15;2343;4657;1952533;1857463;90.9;86.5
75;2021-09-16;1900;3716;1954433;1861179;91.0;86.6
75;2021-09-17;2560;4767;1956993;1865946;91.1;86.9
75;2021-09-18;1576;4681;1958569;1870627;91.2;87.1
75;2021-09-19;291;739;1958860;1871366;91.2;87.1
75;2021-09-20;1731;3653;1960591;1875019;91.3;87.3
75;2021-09-21;1641;3206;1962232;1878225;91.3;87.4
75;2021-09-22;1595;3968;1963827;1882193;91.4;87.6
75;2021-09-23;1424;2851;1965251;1885044;91.5;87.7
75;2021-09-24;1800;4035;1967051;1889079;91.6;87.9
75;2021-09-25;1262;4353;1968313;1893432;91.6;88.1
75;2021-09-26;281;531;1968594;1893963;91.6;88.2
75;2021-09-27;1310;3018;1969904;1896981;91.7;88.3
75;2021-09-28;1405;2474;1971309;1899455;91.8;88.4
75;2021-09-29;1379;2877;1972688;1902332;91.8;88.6
75;2021-09-30;1266;2519;1973954;1904851;91.9;88.7
75;2021-10-01;1520;2684;1975474;1907535;92.0;88.8
75;2021-10-02;1421;2759;1976895;1910294;92.0;88.9
75;2021-10-03;224;424;1977119;1910718;92.0;88.9
75;2021-10-04;1352;2512;1978471;1913230;92.1;89.1
75;2021-10-05;1089;2168;1979560;1915398;92.1;89.2
75;2021-10-06;1225;2420;1980785;1917818;92.2;89.3
75;2021-10-07;1128;2069;1981913;1919887;92.3;89.4
75;2021-10-08;1486;3058;1983399;1922945;92.3;89.5
75;2021-10-09;1299;2242;1984698;1925187;92.4;89.6
75;2021-10-10;250;363;1984948;1925550;92.4;89.6
75;2021-10-11;1246;2215;1986194;1927765;92.5;89.7
75;2021-10-12;1221;2102;1987415;1929867;92.5;89.8
75;2021-10-13;1255;2131;1988670;1931998;92.6;89.9
76;2020-12-27;0;0;0;0;0.0;0.0
76;2020-12-28;1;1;1;1;0.0;0.0
76;2020-12-29;0;0;1;1;0.0;0.0
76;2020-12-30;0;0;1;1;0.0;0.0
76;2020-12-31;0;0;1;1;0.0;0.0
76;2021-01-01;0;0;1;1;0.0;0.0
76;2021-01-02;0;0;1;1;0.0;0.0
76;2021-01-03;0;0;1;1;0.0;0.0
76;2021-01-04;17;0;18;1;0.0;0.0
76;2021-01-05;138;0;156;1;0.0;0.0
76;2021-01-06;682;2;838;3;0.1;0.0
76;2021-01-07;1354;7;2192;10;0.2;0.0
76;2021-01-08;1537;2;3729;12;0.3;0.0
76;2021-01-09;736;2;4465;14;0.4;0.0
76;2021-01-10;492;2;4957;16;0.4;0.0
76;2021-01-11;1358;3;6315;19;0.5;0.0
76;2021-01-12;1358;3;7673;22;0.6;0.0
76;2021-01-13;1187;5;8860;27;0.7;0.0
76;2021-01-14;2178;24;11038;51;0.9;0.0
76;2021-01-15;1910;9;12948;60;1.0;0.0
76;2021-01-16;991;8;13939;68;1.1;0.0
76;2021-01-17;2898;23;16837;91;1.4;0.0
76;2021-01-18;4395;19;21232;110;1.7;0.0
76;2021-01-19;3021;11;24253;121;1.9;0.0
76;2021-01-20;2072;10;26325;131;2.1;0.0
76;2021-01-21;1773;4;28098;135;2.3;0.0
76;2021-01-22;1705;4;29803;139;2.4;0.0
76;2021-01-23;450;4;30253;143;2.4;0.0
76;2021-01-24;100;0;30353;143;2.4;0.0
76;2021-01-25;1476;139;31829;282;2.6;0.0
76;2021-01-26;1394;335;33223;617;2.7;0.0
76;2021-01-27;1341;433;34564;1050;2.8;0.1
76;2021-01-28;1286;385;35850;1435;2.9;0.1
76;2021-01-29;1155;458;37005;1893;3.0;0.2
76;2021-01-30;283;302;37288;2195;3.0;0.2
76;2021-01-31;4;98;37292;2293;3.0;0.2
76;2021-02-01;842;808;38134;3101;3.1;0.2
76;2021-02-02;1056;1017;39190;4118;3.2;0.3
76;2021-02-03;921;996;40111;5114;3.2;0.4
76;2021-02-04;976;1454;41087;6568;3.3;0.5
76;2021-02-05;975;1105;42062;7673;3.4;0.6
76;2021-02-06;264;878;42326;8551;3.4;0.7
76;2021-02-07;468;1654;42794;10205;3.4;0.8
76;2021-02-08;1924;3729;44718;13934;3.6;1.1
76;2021-02-09;1753;2990;46471;16924;3.7;1.4
76;2021-02-10;1489;1809;47960;18733;3.9;1.5
76;2021-02-11;1680;1529;49640;20262;4.0;1.6
76;2021-02-12;1706;1573;51346;21835;4.1;1.8
76;2021-02-13;230;337;51576;22172;4.1;1.8
76;2021-02-14;9;82;51585;22254;4.1;1.8
76;2021-02-15;552;1713;52137;23967;4.2;1.9
76;2021-02-16;742;1642;52879;25609;4.3;2.1
76;2021-02-17;626;1448;53505;27057;4.3;2.2
76;2021-02-18;780;1392;54285;28449;4.4;2.3
76;2021-02-19;870;1341;55155;29790;4.4;2.4
76;2021-02-20;270;287;55425;30077;4.5;2.4
76;2021-02-21;0;0;55425;30077;4.5;2.4
76;2021-02-22;371;1306;55796;31383;4.5;2.5
76;2021-02-23;576;1238;56372;32621;4.5;2.6
76;2021-02-24;601;1198;56973;33819;4.6;2.7
76;2021-02-25;1665;1265;58638;35084;4.7;2.8
76;2021-02-26;2171;1057;60809;36141;4.9;2.9
76;2021-02-27;1109;276;61918;36417;5.0;2.9
76;2021-02-28;27;196;61945;36613;5.0;2.9
76;2021-03-01;830;2087;62775;38700;5.0;3.1
76;2021-03-02;1382;1719;64157;40419;5.2;3.2
76;2021-03-03;1942;1392;66099;41811;5.3;3.4
76;2021-03-04;2818;1119;68917;42930;5.5;3.5
76;2021-03-05;4183;826;73100;43756;5.9;3.5
76;2021-03-06;3366;172;76466;43928;6.1;3.5
76;2021-03-07;1257;36;77723;43964;6.2;3.5
76;2021-03-08;2102;1262;79825;45226;6.4;3.6
76;2021-03-09;3575;1174;83400;46400;6.7;3.7
76;2021-03-10;3595;1073;86995;47473;7.0;3.8
76;2021-03-11;5635;952;92630;48425;7.4;3.9
76;2021-03-12;6830;620;99460;49045;8.0;3.9
76;2021-03-13;4646;158;104106;49203;8.4;4.0
76;2021-03-14;1068;28;105174;49231;8.5;4.0
76;2021-03-15;2919;245;108093;49476;8.7;4.0
76;2021-03-16;2557;404;110650;49880;8.9;4.0
76;2021-03-17;2696;319;113346;50199;9.1;4.0
76;2021-03-18;3003;318;116349;50517;9.4;4.1
76;2021-03-19;4397;441;120746;50958;9.7;4.1
76;2021-03-20;3974;301;124720;51259;10.0;4.1
76;2021-03-21;838;18;125558;51277;10.1;4.1
76;2021-03-22;3992;357;129550;51634;10.4;4.2
76;2021-03-23;5710;369;135260;52003;10.9;4.2
76;2021-03-24;5701;404;140961;52407;11.3;4.2
76;2021-03-25;7505;582;148466;52989;11.9;4.3
76;2021-03-26;8722;605;157188;53594;12.6;4.3
76;2021-03-27;4809;397;161997;53991;13.0;4.3
76;2021-03-28;1021;32;163018;54023;13.1;4.3
76;2021-03-29;5388;836;168406;54859;13.5;4.4
76;2021-03-30;6587;1068;174993;55927;14.1;4.5
76;2021-03-31;6462;1284;181455;57211;14.6;4.6
76;2021-04-01;6784;2045;188239;59256;15.1;4.8
76;2021-04-02;6485;2689;194724;61945;15.7;5.0
76;2021-04-03;2442;1083;197166;63028;15.9;5.1
76;2021-04-04;265;11;197431;63039;15.9;5.1
76;2021-04-05;869;379;198300;63418;15.9;5.1
76;2021-04-06;3557;2798;201857;66216;16.2;5.3
76;2021-04-07;4415;2412;206272;68628;16.6;5.5
76;2021-04-08;5840;2788;212112;71416;17.1;5.7
76;2021-04-09;8803;3085;220915;74501;17.8;6.0
76;2021-04-10;4876;1429;225791;75930;18.2;6.1
76;2021-04-11;814;535;226605;76465;18.2;6.1
76;2021-04-12;4726;2860;231331;79325;18.6;6.4
76;2021-04-13;5926;2874;237257;82199;19.1;6.6
76;2021-04-14;4803;3137;242060;85336;19.5;6.9
76;2021-04-15;5562;3363;247622;88699;19.9;7.1
76;2021-04-16;7356;3448;254978;92147;20.5;7.4
76;2021-04-17;4387;1436;259365;93583;20.9;7.5
76;2021-04-18;339;141;259704;93724;20.9;7.5
76;2021-04-19;3478;3779;263182;97503;21.2;7.8
76;2021-04-20;4344;4286;267526;101789;21.5;8.2
76;2021-04-21;4192;4697;271718;106486;21.8;8.6
76;2021-04-22;4564;5443;276282;111929;22.2;9.0
76;2021-04-23;5444;5981;281726;117910;22.7;9.5
76;2021-04-24;4165;2197;285891;120107;23.0;9.7
76;2021-04-25;895;269;286786;120376;23.1;9.7
76;2021-04-26;4484;4480;291270;124856;23.4;10.0
76;2021-04-27;5000;5010;296270;129866;23.8;10.4
76;2021-04-28;5348;4179;301618;134045;24.2;10.8
76;2021-04-29;6926;4177;308544;138222;24.8;11.1
76;2021-04-30;8219;4658;316763;142880;25.5;11.5
76;2021-05-01;4828;1017;321591;143897;25.9;11.6
76;2021-05-02;1842;265;323433;144162;26.0;11.6
76;2021-05-03;4703;3314;328136;147476;26.4;11.9
76;2021-05-04;4822;4563;332958;152039;26.8;12.2
76;2021-05-05;4783;5182;337741;157221;27.2;12.6
76;2021-05-06;5924;5590;343665;162811;27.6;13.1
76;2021-05-07;6137;6772;349802;169583;28.1;13.6
76;2021-05-08;5056;917;354858;170500;28.5;13.7
76;2021-05-09;2541;235;357399;170735;28.7;13.7
76;2021-05-10;4947;5069;362346;175804;29.1;14.1
76;2021-05-11;6519;5690;368865;181494;29.7;14.6
76;2021-05-12;6263;5085;375128;186579;30.2;15.0
76;2021-05-13;8842;1284;383970;187863;30.9;15.1
76;2021-05-14;10415;4664;394385;192527;31.7;15.5
76;2021-05-15;9119;2458;403504;194985;32.4;15.7
76;2021-05-16;6236;479;409740;195464;32.9;15.7
76;2021-05-17;7226;3279;416966;198743;33.5;16.0
76;2021-05-18;8304;2817;425270;201560;34.2;16.2
76;2021-05-19;8402;3200;433672;204760;34.9;16.5
76;2021-05-20;9650;3427;443322;208187;35.6;16.7
76;2021-05-21;8369;4097;451691;212284;36.3;17.1
76;2021-05-22;7163;2365;458854;214649;36.9;17.3
76;2021-05-23;6388;416;465242;215065;37.4;17.3
76;2021-05-24;6864;1529;472106;216594;38.0;17.4
76;2021-05-25;8024;4091;480130;220685;38.6;17.7
76;2021-05-26;7571;3611;487701;224296;39.2;18.0
76;2021-05-27;8340;4709;496041;229005;39.9;18.4
76;2021-05-28;8231;6572;504272;235577;40.5;18.9
76;2021-05-29;6225;3517;510497;239094;41.0;19.2
76;2021-05-30;3149;431;513646;239525;41.3;19.3
76;2021-05-31;8168;3973;521814;243498;42.0;19.6
76;2021-06-01;9209;5035;531023;248533;42.7;20.0
76;2021-06-02;7930;4447;538953;252980;43.3;20.3
76;2021-06-03;9540;5408;548493;258388;44.1;20.8
76;2021-06-04;9242;6699;557735;265087;44.8;21.3
76;2021-06-05;6285;3816;564020;268903;45.3;21.6
76;2021-06-06;2556;650;566576;269553;45.6;21.7
76;2021-06-07;6978;5455;573554;275008;46.1;22.1
76;2021-06-08;8661;6290;582215;281298;46.8;22.6
76;2021-06-09;7210;6083;589425;287381;47.4;23.1
76;2021-06-10;8000;6564;597425;293945;48.0;23.6
76;2021-06-11;7575;8240;605000;302185;48.6;24.3
76;2021-06-12;7166;5879;612166;308064;49.2;24.8
76;2021-06-13;2962;1295;615128;309359;49.5;24.9
76;2021-06-14;6487;6735;621615;316094;50.0;25.4
76;2021-06-15;6301;7479;627916;323573;50.5;26.0
76;2021-06-16;6651;7485;634567;331058;51.0;26.6
76;2021-06-17;7011;7760;641578;338818;51.6;27.2
76;2021-06-18;7687;9232;649265;348050;52.2;28.0
76;2021-06-19;5988;6260;655253;354310;52.7;28.5
76;2021-06-20;2809;1818;658062;356128;52.9;28.6
76;2021-06-21;5589;8176;663651;364304;53.4;29.3
76;2021-06-22;4923;9882;668574;374186;53.8;30.1
76;2021-06-23;4728;9435;673302;383621;54.1;30.8
76;2021-06-24;4796;9922;678098;393543;54.5;31.6
76;2021-06-25;5220;11584;683318;405127;54.9;32.6
76;2021-06-26;3454;7878;686772;413005;55.2;33.2
76;2021-06-27;1367;5162;688139;418167;55.3;33.6
76;2021-06-28;3612;9950;691751;428117;55.6;34.4
76;2021-06-29;3873;10227;695624;438344;55.9;35.2
76;2021-06-30;4267;9838;699891;448182;56.3;36.0
76;2021-07-01;4596;9909;704487;458091;56.6;36.8
76;2021-07-02;4368;12014;708855;470105;57.0;37.8
76;2021-07-03;3583;8450;712438;478555;57.3;38.5
76;2021-07-04;1487;5305;713925;483860;57.4;38.9
76;2021-07-05;3956;9332;717881;493192;57.7;39.7
76;2021-07-06;4056;10075;721937;503267;58.0;40.5
76;2021-07-07;4011;9327;725948;512594;58.4;41.2
76;2021-07-08;4466;9464;730414;522058;58.7;42.0
76;2021-07-09;4364;12413;734778;534471;59.1;43.0
76;2021-07-10;3138;8556;737916;543027;59.3;43.7
76;2021-07-11;1777;2821;739693;545848;59.5;43.9
76;2021-07-12;3155;11156;742848;557004;59.7;44.8
76;2021-07-13;4933;12264;747781;569268;60.1;45.8
76;2021-07-14;4803;5548;752584;574816;60.5;46.2
76;2021-07-15;5911;11790;758495;586606;61.0;47.2
76;2021-07-16;6719;12019;765214;598625;61.5;48.1
76;2021-07-17;5277;8709;770491;607334;61.9;48.8
76;2021-07-18;2257;3357;772748;610691;62.1;49.1
76;2021-07-19;5160;11155;777908;621846;62.5;50.0
76;2021-07-20;6275;11628;784183;633474;63.0;50.9
76;2021-07-21;6342;10571;790525;644045;63.6;51.8
76;2021-07-22;8240;9655;798765;653700;64.2;52.6
76;2021-07-23;7643;12004;806408;665704;64.8;53.5
76;2021-07-24;4992;7717;811400;673421;65.2;54.1
76;2021-07-25;2873;3138;814273;676559;65.5;54.4
76;2021-07-26;5432;10149;819705;686708;65.9;55.2
76;2021-07-27;8337;9557;828042;696265;66.6;56.0
76;2021-07-28;8270;7825;836312;704090;67.2;56.6
76;2021-07-29;9591;6991;845903;711081;68.0;57.2
76;2021-07-30;8011;7849;853914;718930;68.7;57.8
76;2021-07-31;6614;5333;860528;724263;69.2;58.2
76;2021-08-01;3863;2087;864391;726350;69.5;58.4
76;2021-08-02;6563;7101;870954;733451;70.0;59.0
76;2021-08-03;7973;6362;878927;739813;70.7;59.5
76;2021-08-04;7258;5847;886185;745660;71.2;60.0
76;2021-08-05;8100;5732;894285;751392;71.9;60.4
76;2021-08-06;6810;6877;901095;758269;72.4;61.0
76;2021-08-07;4792;4387;905887;762656;72.8;61.3
76;2021-08-08;2409;2158;908296;764814;73.0;61.5
76;2021-08-09;5638;6740;913934;771554;73.5;62.0
76;2021-08-10;6351;6557;920285;778111;74.0;62.6
76;2021-08-11;6452;5498;926737;783609;74.5;63.0
76;2021-08-12;6046;6063;932783;789672;75.0;63.5
76;2021-08-13;5059;6212;937842;795884;75.4;64.0
76;2021-08-14;3840;4599;941682;800483;75.7;64.4
76;2021-08-15;1579;2356;943261;802839;75.8;64.5
76;2021-08-16;3667;6719;946928;809558;76.1;65.1
76;2021-08-17;3919;6946;950847;816504;76.4;65.6
76;2021-08-18;3747;6738;954594;823242;76.7;66.2
76;2021-08-19;3390;7172;957984;830414;77.0;66.8
76;2021-08-20;3434;7831;961418;838245;77.3;67.4
76;2021-08-21;1825;4221;963243;842466;77.4;67.7
76;2021-08-22;871;3295;964114;845761;77.5;68.0
76;2021-08-23;2625;7761;966739;853522;77.7;68.6
76;2021-08-24;2824;7591;969563;861113;78.0;69.2
76;2021-08-25;2631;7079;972194;868192;78.2;69.8
76;2021-08-26;2074;5800;974268;873992;78.3;70.3
76;2021-08-27;2702;7952;976970;881944;78.5;70.9
76;2021-08-28;2137;6064;979107;888008;78.7;71.4
76;2021-08-29;698;3014;979805;891022;78.8;71.6
76;2021-08-30;2168;7348;981973;898370;79.0;72.2
76;2021-08-31;1945;7139;983918;905509;79.1;72.8
76;2021-09-01;1730;6410;985648;911919;79.2;73.3
76;2021-09-02;1307;4505;986955;916424;79.4;73.7
76;2021-09-03;1593;6603;988548;923027;79.5;74.2
76;2021-09-04;1618;5990;990166;929017;79.6;74.7
76;2021-09-05;636;1820;990802;930837;79.7;74.8
76;2021-09-06;1346;4372;992148;935209;79.8;75.2
76;2021-09-07;1169;3721;993317;938930;79.9;75.5
76;2021-09-08;1277;4459;994594;943389;80.0;75.8
76;2021-09-09;1095;2918;995689;946307;80.1;76.1
76;2021-09-10;1702;4032;997391;950339;80.2;76.4
76;2021-09-11;1167;3202;998558;953541;80.3;76.7
76;2021-09-12;286;828;998844;954369;80.3;76.7
76;2021-09-13;828;2192;999672;956561;80.4;76.9
76;2021-09-14;1379;2623;1001051;959184;80.5;77.1
76;2021-09-15;1175;3270;1002226;962454;80.6;77.4
76;2021-09-16;1272;1959;1003498;964413;80.7;77.5
76;2021-09-17;1412;2902;1004910;967315;80.8;77.8
76;2021-09-18;735;2512;1005645;969827;80.9;78.0
76;2021-09-19;197;777;1005842;970604;80.9;78.0
76;2021-09-20;846;1811;1006688;972415;80.9;78.2
76;2021-09-21;767;1597;1007455;974012;81.0;78.3
76;2021-09-22;677;2297;1008132;976309;81.1;78.5
76;2021-09-23;756;1170;1008888;977479;81.1;78.6
76;2021-09-24;1063;2043;1009951;979522;81.2;78.8
76;2021-09-25;574;2130;1010525;981652;81.2;78.9
76;2021-09-26;125;416;1010650;982068;81.3;79.0
76;2021-09-27;627;1347;1011277;983415;81.3;79.1
76;2021-09-28;504;1126;1011781;984541;81.3;79.2
76;2021-09-29;786;1589;1012567;986130;81.4;79.3
76;2021-09-30;425;884;1012992;987014;81.4;79.4
76;2021-10-01;858;1705;1013850;988719;81.5;79.5
76;2021-10-02;585;1313;1014435;990032;81.6;79.6
76;2021-10-03;129;386;1014564;990418;81.6;79.6
76;2021-10-04;599;1143;1015163;991561;81.6;79.7
76;2021-10-05;482;1021;1015645;992582;81.7;79.8
76;2021-10-06;460;899;1016105;993481;81.7;79.9
76;2021-10-07;386;842;1016491;994323;81.7;79.9
76;2021-10-08;905;1926;1017396;996249;81.8;80.1
76;2021-10-09;587;1003;1017983;997252;81.8;80.2
76;2021-10-10;71;77;1018054;997329;81.9;80.2
76;2021-10-11;487;1058;1018541;998387;81.9;80.3
76;2021-10-12;496;886;1019037;999273;81.9;80.3
76;2021-10-13;583;1042;1019620;1000315;82.0;80.4
77;2020-12-27;1;0;1;0;0.0;0.0
77;2020-12-28;2;0;3;0;0.0;0.0
77;2020-12-29;0;0;3;0;0.0;0.0
77;2020-12-30;0;0;3;0;0.0;0.0
77;2020-12-31;0;0;3;0;0.0;0.0
77;2021-01-01;4;0;7;0;0.0;0.0
77;2021-01-02;2;2;9;2;0.0;0.0
77;2021-01-03;0;0;9;2;0.0;0.0
77;2021-01-04;7;0;16;2;0.0;0.0
77;2021-01-05;200;0;216;2;0.0;0.0
77;2021-01-06;237;2;453;4;0.0;0.0
77;2021-01-07;522;4;975;8;0.1;0.0
77;2021-01-08;621;1;1596;9;0.1;0.0
77;2021-01-09;273;1;1869;10;0.1;0.0
77;2021-01-10;235;2;2104;12;0.1;0.0
77;2021-01-11;782;4;2886;16;0.2;0.0
77;2021-01-12;884;1;3770;17;0.3;0.0
77;2021-01-13;941;3;4711;20;0.3;0.0
77;2021-01-14;849;7;5560;27;0.4;0.0
77;2021-01-15;859;11;6419;38;0.5;0.0
77;2021-01-16;168;1;6587;39;0.5;0.0
77;2021-01-17;132;2;6719;41;0.5;0.0
77;2021-01-18;1196;5;7915;46;0.6;0.0
77;2021-01-19;1722;24;9637;70;0.7;0.0
77;2021-01-20;2542;13;12179;83;0.9;0.0
77;2021-01-21;2062;30;14241;113;1.0;0.0
77;2021-01-22;1148;8;15389;121;1.1;0.0
77;2021-01-23;348;0;15737;121;1.1;0.0
77;2021-01-24;45;0;15782;121;1.1;0.0
77;2021-01-25;940;25;16722;146;1.2;0.0
77;2021-01-26;1715;27;18437;173;1.3;0.0
77;2021-01-27;1364;29;19801;202;1.4;0.0
77;2021-01-28;1698;94;21499;296;1.5;0.0
77;2021-01-29;1289;148;22788;444;1.6;0.0
77;2021-01-30;211;2;22999;446;1.6;0.0
77;2021-01-31;1;0;23000;446;1.6;0.0
77;2021-02-01;570;211;23570;657;1.7;0.0
77;2021-02-02;872;266;24442;923;1.7;0.1
77;2021-02-03;794;524;25236;1447;1.8;0.1
77;2021-02-04;789;808;26025;2255;1.8;0.2
77;2021-02-05;858;849;26883;3104;1.9;0.2
77;2021-02-06;165;101;27048;3205;1.9;0.2
77;2021-02-07;17;93;27065;3298;1.9;0.2
77;2021-02-08;498;938;27563;4236;1.9;0.3
77;2021-02-09;590;1465;28153;5701;2.0;0.4
77;2021-02-10;1030;1838;29183;7539;2.0;0.5
77;2021-02-11;1059;1655;30242;9194;2.1;0.6
77;2021-02-12;1098;1173;31340;10367;2.2;0.7
77;2021-02-13;189;176;31529;10543;2.2;0.7
77;2021-02-14;12;56;31541;10599;2.2;0.7
77;2021-02-15;555;1023;32096;11622;2.3;0.8
77;2021-02-16;598;1532;32694;13154;2.3;0.9
77;2021-02-17;515;1186;33209;14340;2.3;1.0
77;2021-02-18;839;1615;34048;15955;2.4;1.1
77;2021-02-19;778;1102;34826;17057;2.4;1.2
77;2021-02-20;55;176;34881;17233;2.5;1.2
77;2021-02-21;7;31;34888;17264;2.5;1.2
77;2021-02-22;303;770;35191;18034;2.5;1.3
77;2021-02-23;360;1126;35551;19160;2.5;1.3
77;2021-02-24;513;896;36064;20056;2.5;1.4
77;2021-02-25;793;964;36857;21020;2.6;1.5
77;2021-02-26;840;838;37697;21858;2.6;1.5
77;2021-02-27;459;170;38156;22028;2.7;1.5
77;2021-02-28;33;5;38189;22033;2.7;1.5
77;2021-03-01;680;715;38869;22748;2.7;1.6
77;2021-03-02;1091;1025;39960;23773;2.8;1.7
77;2021-03-03;1958;1193;41918;24966;2.9;1.8
77;2021-03-04;2794;1146;44712;26112;3.1;1.8
77;2021-03-05;3374;1059;48086;27171;3.4;1.9
77;2021-03-06;4827;276;52913;27447;3.7;1.9
77;2021-03-07;3195;118;56108;27565;3.9;1.9
77;2021-03-08;1230;507;57338;28072;4.0;2.0
77;2021-03-09;2508;642;59846;28714;4.2;2.0
77;2021-03-10;2397;584;62243;29298;4.4;2.1
77;2021-03-11;3503;795;65746;30093;4.6;2.1
77;2021-03-12;3891;697;69637;30790;4.9;2.2
77;2021-03-13;4478;213;74115;31003;5.2;2.2
77;2021-03-14;2154;125;76269;31128;5.4;2.2
77;2021-03-15;2511;281;78780;31409;5.5;2.2
77;2021-03-16;2444;381;81224;31790;5.7;2.2
77;2021-03-17;2555;438;83779;32228;5.9;2.3
77;2021-03-18;3010;404;86789;32632;6.1;2.3
77;2021-03-19;3357;440;90146;33072;6.3;2.3
77;2021-03-20;1967;79;92113;33151;6.5;2.3
77;2021-03-21;243;14;92356;33165;6.5;2.3
77;2021-03-22;3019;408;95375;33573;6.7;2.4
77;2021-03-23;4520;537;99895;34110;7.0;2.4
77;2021-03-24;4156;623;104051;34733;7.3;2.4
77;2021-03-25;5907;414;109958;35147;7.7;2.5
77;2021-03-26;6267;455;116225;35602;8.2;2.5
77;2021-03-27;3323;127;119548;35729;8.4;2.5
77;2021-03-28;1730;50;121278;35779;8.5;2.5
77;2021-03-29;2654;691;123932;36470;8.7;2.6
77;2021-03-30;3996;1194;127928;37664;9.0;2.6
77;2021-03-31;3758;1231;131686;38895;9.3;2.7
77;2021-04-01;4141;1842;135827;40737;9.5;2.9
77;2021-04-02;3992;2022;139819;42759;9.8;3.0
77;2021-04-03;1743;2282;141562;45041;9.9;3.2
77;2021-04-04;420;1427;141982;46468;10.0;3.3
77;2021-04-05;161;163;142143;46631;10.0;3.3
77;2021-04-06;2723;1931;144866;48562;10.2;3.4
77;2021-04-07;3320;2091;148186;50653;10.4;3.6
77;2021-04-08;4532;2373;152718;53026;10.7;3.7
77;2021-04-09;4854;2097;157572;55123;11.1;3.9
77;2021-04-10;3075;2757;160647;57880;11.3;4.1
77;2021-04-11;586;720;161233;58600;11.3;4.1
77;2021-04-12;2230;1828;163463;60428;11.5;4.2
77;2021-04-13;3359;2645;166822;63073;11.7;4.4
77;2021-04-14;2518;2657;169340;65730;11.9;4.6
77;2021-04-15;3319;3123;172659;68853;12.1;4.8
77;2021-04-16;3575;2727;176234;71580;12.4;5.0
77;2021-04-17;1386;479;177620;72059;12.5;5.1
77;2021-04-18;150;11;177770;72070;12.5;5.1
77;2021-04-19;2083;2514;179853;74584;12.6;5.2
77;2021-04-20;2572;3384;182425;77968;12.8;5.5
77;2021-04-21;2195;3480;184620;81448;13.0;5.7
77;2021-04-22;3002;3865;187622;85313;13.2;6.0
77;2021-04-23;3531;3640;191153;88953;13.4;6.2
77;2021-04-24;4899;2519;196052;91472;13.8;6.4
77;2021-04-25;4078;1248;200130;92720;14.1;6.5
77;2021-04-26;3224;2045;203354;94765;14.3;6.7
77;2021-04-27;3996;2520;207350;97285;14.6;6.8
77;2021-04-28;4067;2621;211417;99906;14.9;7.0
77;2021-04-29;4480;3085;215897;102991;15.2;7.2
77;2021-04-30;4911;3346;220808;106337;15.5;7.5
77;2021-05-01;2466;600;223274;106937;15.7;7.5
77;2021-05-02;3141;278;226415;107215;15.9;7.5
77;2021-05-03;5991;2082;232406;109297;16.3;7.7
77;2021-05-04;6437;2995;238843;112292;16.8;7.9
77;2021-05-05;6018;3028;244861;115320;17.2;8.1
77;2021-05-06;6886;3599;251747;118919;17.7;8.4
77;2021-05-07;8204;3273;259951;122192;18.3;8.6
77;2021-05-08;5718;816;265669;123008;18.7;8.6
77;2021-05-09;4904;484;270573;123492;19.0;8.7
77;2021-05-10;8087;2330;278660;125822;19.6;8.8
77;2021-05-11;9576;2921;288236;128743;20.2;9.0
77;2021-05-12;8977;2284;297213;131027;20.9;9.2
77;2021-05-13;9302;884;306515;131911;21.5;9.3
77;2021-05-14;10437;1673;316952;133584;22.3;9.4
77;2021-05-15;8991;1248;325943;134832;22.9;9.5
77;2021-05-16;5152;470;331095;135302;23.3;9.5
77;2021-05-17;10371;1481;341466;136783;24.0;9.6
77;2021-05-18;11786;1806;353252;138589;24.8;9.7
77;2021-05-19;10918;1606;364170;140195;25.6;9.8
77;2021-05-20;12215;2157;376385;142352;26.4;10.0
77;2021-05-21;11652;2696;388037;145048;27.3;10.2
77;2021-05-22;9817;1741;397854;146789;27.9;10.3
77;2021-05-23;6978;818;404832;147607;28.4;10.4
77;2021-05-24;6762;779;411594;148386;28.9;10.4
77;2021-05-25;8315;2817;419909;151203;29.5;10.6
77;2021-05-26;7561;2980;427470;154183;30.0;10.8
77;2021-05-27;7552;3968;435022;158151;30.6;11.1
77;2021-05-28;7634;4010;442656;162161;31.1;11.4
77;2021-05-29;7353;2332;450009;164493;31.6;11.6
77;2021-05-30;4355;891;454364;165384;31.9;11.6
77;2021-05-31;8382;3836;462746;169220;32.5;11.9
77;2021-06-01;9645;4383;472391;173603;33.2;12.2
77;2021-06-02;9006;3931;481397;177534;33.8;12.5
77;2021-06-03;9001;5282;490398;182816;34.4;12.8
77;2021-06-04;9115;5496;499513;188312;35.1;13.2
77;2021-06-05;6660;4992;506173;193304;35.6;13.6
77;2021-06-06;4909;3210;511082;196514;35.9;13.8
77;2021-06-07;6421;4540;517503;201054;36.4;14.1
77;2021-06-08;5726;5228;523229;206282;36.8;14.5
77;2021-06-09;5059;4964;528288;211246;37.1;14.8
77;2021-06-10;5014;5459;533302;216705;37.5;15.2
77;2021-06-11;5752;6028;539054;222733;37.9;15.6
77;2021-06-12;6544;4752;545598;227485;38.3;16.0
77;2021-06-13;3507;3053;549105;230538;38.6;16.2
77;2021-06-14;3220;7933;552325;238471;38.8;16.8
77;2021-06-15;4127;8484;556452;246955;39.1;17.3
77;2021-06-16;4803;8378;561255;255333;39.4;17.9
77;2021-06-17;4467;9029;565722;264362;39.7;18.6
77;2021-06-18;4364;9790;570086;274152;40.0;19.3
77;2021-06-19;5306;6931;575392;281083;40.4;19.7
77;2021-06-20;2096;3801;577488;284884;40.6;20.0
77;2021-06-21;3228;9577;580716;294461;40.8;20.7
77;2021-06-22;3665;11377;584381;305838;41.0;21.5
77;2021-06-23;3443;10052;587824;315890;41.3;22.2
77;2021-06-24;3359;10923;591183;326813;41.5;23.0
77;2021-06-25;3623;10800;594806;337613;41.8;23.7
77;2021-06-26;4085;10070;598891;347683;42.1;24.4
77;2021-06-27;2124;6430;601015;354113;42.2;24.9
77;2021-06-28;2797;10831;603812;364944;42.4;25.6
77;2021-06-29;3415;12532;607227;377476;42.7;26.5
77;2021-06-30;3291;11452;610518;388928;42.9;27.3
77;2021-07-01;3296;11657;613814;400585;43.1;28.1
77;2021-07-02;3464;12256;617278;412841;43.4;29.0
77;2021-07-03;3182;10803;620460;423644;43.6;29.8
77;2021-07-04;1996;6491;622456;430135;43.7;30.2
77;2021-07-05;3584;9541;626040;439676;44.0;30.9
77;2021-07-06;3737;9531;629777;449207;44.2;31.6
77;2021-07-07;4051;8952;633828;458159;44.5;32.2
77;2021-07-08;3934;8760;637762;466919;44.8;32.8
77;2021-07-09;4712;10343;642474;477262;45.1;33.5
77;2021-07-10;4043;9842;646517;487104;45.4;34.2
77;2021-07-11;3090;5093;649607;492197;45.6;34.6
77;2021-07-12;3285;10870;652892;503067;45.9;35.3
77;2021-07-13;6163;12042;659055;515109;46.3;36.2
77;2021-07-14;3602;6448;662657;521557;46.5;36.6
77;2021-07-15;7189;11980;669846;533537;47.1;37.5
77;2021-07-16;7824;9893;677670;543430;47.6;38.2
77;2021-07-17;5792;9466;683462;552896;48.0;38.8
77;2021-07-18;4139;5331;687601;558227;48.3;39.2
77;2021-07-19;7517;8955;695118;567182;48.8;39.8
77;2021-07-20;9671;8047;704789;575229;49.5;40.4
77;2021-07-21;9523;7483;714312;582712;50.2;40.9
77;2021-07-22;10561;7560;724873;590272;50.9;41.5
77;2021-07-23;9877;8207;734750;598479;51.6;42.0
77;2021-07-24;7215;7879;741965;606358;52.1;42.6
77;2021-07-25;5897;4038;747862;610396;52.5;42.9
77;2021-07-26;9209;5971;757071;616367;53.2;43.3
77;2021-07-27;10952;6047;768023;622414;53.9;43.7
77;2021-07-28;9491;6429;777514;628843;54.6;44.2
77;2021-07-29;9537;5520;787051;634363;55.3;44.6
77;2021-07-30;9745;6370;796796;640733;56.0;45.0
77;2021-07-31;7265;6634;804061;647367;56.5;45.5
77;2021-08-01;2954;1216;807015;648583;56.7;45.6
77;2021-08-02;7134;5733;814149;654316;57.2;46.0
77;2021-08-03;5856;4528;820005;658844;57.6;46.3
77;2021-08-04;4740;4389;824745;663233;57.9;46.6
77;2021-08-05;3259;2973;828004;666206;58.2;46.8
77;2021-08-06;5979;5265;833983;671471;58.6;47.2
77;2021-08-07;5296;6796;839279;678267;59.0;47.6
77;2021-08-08;1977;1863;841256;680130;59.1;47.8
77;2021-08-09;5092;6584;846348;686714;59.5;48.2
77;2021-08-10;2713;3581;849061;690295;59.6;48.5
77;2021-08-11;3144;6242;852205;696537;59.9;48.9
77;2021-08-12;2281;3577;854486;700114;60.0;49.2
77;2021-08-13;2736;4896;857222;705010;60.2;49.5
77;2021-08-14;2960;7333;860182;712343;60.4;50.0
77;2021-08-15;789;773;860971;713116;60.5;50.1
77;2021-08-16;2478;6985;863449;720101;60.7;50.6
77;2021-08-17;2896;7215;866345;727316;60.9;51.1
77;2021-08-18;2686;6565;869031;733881;61.0;51.6
77;2021-08-19;2653;5105;871684;738986;61.2;51.9
77;2021-08-20;2711;5687;874395;744673;61.4;52.3
77;2021-08-21;2717;7339;877112;752012;61.6;52.8
77;2021-08-22;1735;5344;878847;757356;61.7;53.2
77;2021-08-23;2516;9622;881363;766978;61.9;53.9
77;2021-08-24;3069;9244;884432;776222;62.1;54.5
77;2021-08-25;2565;6541;886997;782763;62.3;55.0
77;2021-08-26;2559;6257;889556;789020;62.5;55.4
77;2021-08-27;2781;6996;892337;796016;62.7;55.9
77;2021-08-28;1975;7253;894312;803269;62.8;56.4
77;2021-08-29;1484;5151;895796;808420;62.9;56.8
77;2021-08-30;2526;8049;898322;816469;63.1;57.4
77;2021-08-31;2851;5601;901173;822070;63.3;57.7
77;2021-09-01;2302;3520;903475;825590;63.5;58.0
77;2021-09-02;1612;2812;905087;828402;63.6;58.2
77;2021-09-03;2137;4138;907224;832540;63.7;58.5
77;2021-09-04;2421;5583;909645;838123;63.9;58.9
77;2021-09-05;902;1371;910547;839494;64.0;59.0
77;2021-09-06;1067;1890;911614;841384;64.0;59.1
77;2021-09-07;845;2020;912459;843404;64.1;59.2
77;2021-09-08;1715;3072;914174;846476;64.2;59.5
77;2021-09-09;985;1842;915159;848318;64.3;59.6
77;2021-09-10;1195;2203;916354;850521;64.4;59.7
77;2021-09-11;2049;5403;918403;855924;64.5;60.1
77;2021-09-12;523;1353;918926;857277;64.5;60.2
77;2021-09-13;882;1723;919808;859000;64.6;60.3
77;2021-09-14;1026;1630;920834;860630;64.7;60.5
77;2021-09-15;1182;2530;922016;863160;64.8;60.6
77;2021-09-16;960;1498;922976;864658;64.8;60.7
77;2021-09-17;1157;2023;924133;866681;64.9;60.9
77;2021-09-18;1304;3581;925437;870262;65.0;61.1
77;2021-09-19;233;1182;925670;871444;65.0;61.2
77;2021-09-20;831;1627;926501;873071;65.1;61.3
77;2021-09-21;797;1503;927298;874574;65.1;61.4
77;2021-09-22;757;2487;928055;877061;65.2;61.6
77;2021-09-23;569;1509;928624;878570;65.2;61.7
77;2021-09-24;827;1950;929451;880520;65.3;61.9
77;2021-09-25;1002;3958;930453;884478;65.4;62.1
77;2021-09-26;205;758;930658;885236;65.4;62.2
77;2021-09-27;648;1312;931306;886548;65.4;62.3
77;2021-09-28;773;846;932079;887394;65.5;62.3
77;2021-09-29;939;1977;933018;889371;65.5;62.5
77;2021-09-30;587;937;933605;890308;65.6;62.5
77;2021-10-01;625;1025;934230;891333;65.6;62.6
77;2021-10-02;948;2104;935178;893437;65.7;62.8
77;2021-10-03;129;470;935307;893907;65.7;62.8
77;2021-10-04;412;720;935719;894627;65.7;62.8
77;2021-10-05;332;731;936051;895358;65.8;62.9
77;2021-10-06;536;1284;936587;896642;65.8;63.0
77;2021-10-07;387;723;936974;897365;65.8;63.0
77;2021-10-08;636;1219;937610;898584;65.9;63.1
77;2021-10-09;845;1986;938455;900570;65.9;63.3
77;2021-10-10;33;55;938488;900625;65.9;63.3
77;2021-10-11;566;854;939054;901479;66.0;63.3
77;2021-10-12;492;878;939546;902357;66.0;63.4
77;2021-10-13;740;968;940286;903325;66.0;63.5
78;2020-12-27;2;0;2;0;0.0;0.0
78;2020-12-28;1;1;3;1;0.0;0.0
78;2020-12-29;0;0;3;1;0.0;0.0
78;2020-12-30;1;0;4;1;0.0;0.0
78;2020-12-31;15;0;19;1;0.0;0.0
78;2021-01-01;1;0;20;1;0.0;0.0
78;2021-01-02;1;0;21;1;0.0;0.0
78;2021-01-03;3;1;24;2;0.0;0.0
78;2021-01-04;145;3;169;5;0.0;0.0
78;2021-01-05;175;1;344;6;0.0;0.0
78;2021-01-06;208;4;552;10;0.0;0.0
78;2021-01-07;469;2;1021;12;0.1;0.0
78;2021-01-08;651;5;1672;17;0.1;0.0
78;2021-01-09;22;0;1694;17;0.1;0.0
78;2021-01-10;2;0;1696;17;0.1;0.0
78;2021-01-11;791;4;2487;21;0.2;0.0
78;2021-01-12;945;5;3432;26;0.2;0.0
78;2021-01-13;741;10;4173;36;0.3;0.0
78;2021-01-14;812;10;4985;46;0.3;0.0
78;2021-01-15;849;11;5834;57;0.4;0.0
78;2021-01-16;32;1;5866;58;0.4;0.0
78;2021-01-17;0;0;5866;58;0.4;0.0
78;2021-01-18;1384;21;7250;79;0.5;0.0
78;2021-01-19;1841;27;9091;106;0.6;0.0
78;2021-01-20;1651;19;10742;125;0.7;0.0
78;2021-01-21;3258;18;14000;143;1.0;0.0
78;2021-01-22;2216;20;16216;163;1.1;0.0
78;2021-01-23;280;0;16496;163;1.1;0.0
78;2021-01-24;5;0;16501;163;1.1;0.0
78;2021-01-25;957;31;17458;194;1.2;0.0
78;2021-01-26;1560;22;19018;216;1.3;0.0
78;2021-01-27;2063;52;21081;268;1.5;0.0
78;2021-01-28;2439;113;23520;381;1.6;0.0
78;2021-01-29;1492;64;25012;445;1.7;0.0
78;2021-01-30;210;2;25222;447;1.7;0.0
78;2021-01-31;3;0;25225;447;1.7;0.0
78;2021-02-01;788;224;26013;671;1.8;0.0
78;2021-02-02;967;346;26980;1017;1.9;0.1
78;2021-02-03;977;240;27957;1257;1.9;0.1
78;2021-02-04;1117;446;29074;1703;2.0;0.1
78;2021-02-05;1191;504;30265;2207;2.1;0.2
78;2021-02-06;200;46;30465;2253;2.1;0.2
78;2021-02-07;139;14;30604;2267;2.1;0.2
78;2021-02-08;763;606;31367;2873;2.2;0.2
78;2021-02-09;1121;945;32488;3818;2.2;0.3
78;2021-02-10;1245;1179;33733;4997;2.3;0.3
78;2021-02-11;1820;1894;35553;6891;2.5;0.5
78;2021-02-12;1820;1387;37373;8278;2.6;0.6
78;2021-02-13;173;76;37546;8354;2.6;0.6
78;2021-02-14;27;26;37573;8380;2.6;0.6
78;2021-02-15;448;1432;38021;9812;2.6;0.7
78;2021-02-16;628;1562;38649;11374;2.7;0.8
78;2021-02-17;588;2221;39237;13595;2.7;0.9
78;2021-02-18;997;2278;40234;15873;2.8;1.1
78;2021-02-19;821;1722;41055;17595;2.8;1.2
78;2021-02-20;148;125;41203;17720;2.8;1.2
78;2021-02-21;0;12;41203;17732;2.8;1.2
78;2021-02-22;502;1060;41705;18792;2.9;1.3
78;2021-02-23;540;1126;42245;19918;2.9;1.4
78;2021-02-24;620;1245;42865;21163;3.0;1.5
78;2021-02-25;867;1154;43732;22317;3.0;1.5
78;2021-02-26;1131;1241;44863;23558;3.1;1.6
78;2021-02-27;740;151;45603;23709;3.1;1.6
78;2021-02-28;68;18;45671;23727;3.2;1.6
78;2021-03-01;966;908;46637;24635;3.2;1.7
78;2021-03-02;1727;1059;48364;25694;3.3;1.8
78;2021-03-03;1967;1243;50331;26937;3.5;1.9
78;2021-03-04;2952;1604;53283;28541;3.7;2.0
78;2021-03-05;3259;1674;56542;30215;3.9;2.1
78;2021-03-06;6244;326;62786;30541;4.3;2.1
78;2021-03-07;3444;108;66230;30649;4.6;2.1
78;2021-03-08;1462;764;67692;31413;4.7;2.2
78;2021-03-09;2944;917;70636;32330;4.9;2.2
78;2021-03-10;3081;1128;73717;33458;5.1;2.3
78;2021-03-11;4179;1321;77896;34779;5.4;2.4
78;2021-03-12;5373;1368;83269;36147;5.7;2.5
78;2021-03-13;4657;211;87926;36358;6.1;2.5
78;2021-03-14;1038;42;88964;36400;6.1;2.5
78;2021-03-15;3622;272;92586;36672;6.4;2.5
78;2021-03-16;2568;579;95154;37251;6.6;2.6
78;2021-03-17;2970;449;98124;37700;6.8;2.6
78;2021-03-18;3780;460;101904;38160;7.0;2.6
78;2021-03-19;5317;502;107221;38662;7.4;2.7
78;2021-03-20;2260;134;109481;38796;7.6;2.7
78;2021-03-21;167;7;109648;38803;7.6;2.7
78;2021-03-22;3530;384;113178;39187;7.8;2.7
78;2021-03-23;5231;554;118409;39741;8.2;2.7
78;2021-03-24;4891;562;123300;40303;8.5;2.8
78;2021-03-25;6940;581;130240;40884;9.0;2.8
78;2021-03-26;6944;730;137184;41614;9.5;2.9
78;2021-03-27;3746;204;140930;41818;9.7;2.9
78;2021-03-28;1919;56;142849;41874;9.9;2.9
78;2021-03-29;3863;768;146712;42642;10.1;2.9
78;2021-03-30;5526;1063;152238;43705;10.5;3.0
78;2021-03-31;5334;1307;157572;45012;10.9;3.1
78;2021-04-01;5590;2377;163162;47389;11.3;3.3
78;2021-04-02;5194;2637;168356;50026;11.6;3.5
78;2021-04-03;2197;2568;170553;52594;11.8;3.6
78;2021-04-04;174;14;170727;52608;11.8;3.6
78;2021-04-05;199;20;170926;52628;11.8;3.6
78;2021-04-06;3617;2311;174543;54939;12.0;3.8
78;2021-04-07;4357;2594;178900;57533;12.3;4.0
78;2021-04-08;5523;2679;184423;60212;12.7;4.2
78;2021-04-09;6907;2462;191330;62674;13.2;4.3
78;2021-04-10;3995;1911;195325;64585;13.5;4.5
78;2021-04-11;374;607;195699;65192;13.5;4.5
78;2021-04-12;3530;2369;199229;67561;13.8;4.7
78;2021-04-13;5460;2515;204689;70076;14.1;4.8
78;2021-04-14;4957;3404;209646;73480;14.5;5.1
78;2021-04-15;4616;3860;214262;77340;14.8;5.3
78;2021-04-16;5626;4035;219888;81375;15.2;5.6
78;2021-04-17;3610;720;223498;82095;15.4;5.7
78;2021-04-18;272;42;223770;82137;15.4;5.7
78;2021-04-19;3246;2817;227016;84954;15.7;5.9
78;2021-04-20;4709;3691;231725;88645;16.0;6.1
78;2021-04-21;4535;3511;236260;92156;16.3;6.4
78;2021-04-22;4567;4701;240827;96857;16.6;6.7
78;2021-04-23;5059;4435;245886;101292;17.0;7.0
78;2021-04-24;4865;2631;250751;103923;17.3;7.2
78;2021-04-25;3049;1732;253800;105655;17.5;7.3
78;2021-04-26;4768;3326;258568;108981;17.8;7.5
78;2021-04-27;5474;4320;264042;113301;18.2;7.8
78;2021-04-28;5650;4797;269692;118098;18.6;8.2
78;2021-04-29;6263;4086;275955;122184;19.0;8.4
78;2021-04-30;7207;4466;283162;126650;19.5;8.7
78;2021-05-01;612;255;283774;126905;19.6;8.8
78;2021-05-02;2009;166;285783;127071;19.7;8.8
78;2021-05-03;7465;1289;293248;128360;20.2;8.9
78;2021-05-04;6077;3985;299325;132345;20.7;9.1
78;2021-05-05;7296;4565;306621;136910;21.2;9.5
78;2021-05-06;6480;5179;313101;142089;21.6;9.8
78;2021-05-07;8309;5144;321410;147233;22.2;10.2
78;2021-05-08;2916;1454;324326;148687;22.4;10.3
78;2021-05-09;2820;356;327146;149043;22.6;10.3
78;2021-05-10;7345;4459;334491;153502;23.1;10.6
78;2021-05-11;8143;5423;342634;158925;23.7;11.0
78;2021-05-12;8729;3918;351363;162843;24.3;11.2
78;2021-05-13;6628;603;357991;163446;24.7;11.3
78;2021-05-14;10216;2217;368207;165663;25.4;11.4
78;2021-05-15;4934;2362;373141;168025;25.8;11.6
78;2021-05-16;3697;792;376838;168817;26.0;11.7
78;2021-05-17;8741;1348;385579;170165;26.6;11.7
78;2021-05-18;9885;1894;395464;172059;27.3;11.9
78;2021-05-19;11652;1711;407116;173770;28.1;12.0
78;2021-05-20;11596;2265;418712;176035;28.9;12.2
78;2021-05-21;12121;2630;430833;178665;29.7;12.3
78;2021-05-22;6538;1364;437371;180029;30.2;12.4
78;2021-05-23;3125;390;440496;180419;30.4;12.5
78;2021-05-24;3521;417;444017;180836;30.7;12.5
78;2021-05-25;9984;2509;454001;183345;31.3;12.7
78;2021-05-26;10159;3781;464160;187126;32.0;12.9
78;2021-05-27;10948;4645;475108;191771;32.8;13.2
78;2021-05-28;11405;6030;486513;197801;33.6;13.7
78;2021-05-29;4227;3385;490740;201186;33.9;13.9
78;2021-05-30;135;348;490875;201534;33.9;13.9
78;2021-05-31;7967;5360;498842;206894;34.4;14.3
78;2021-06-01;10023;6525;508865;213419;35.1;14.7
78;2021-06-02;8582;6204;517447;219623;35.7;15.2
78;2021-06-03;9892;6478;527339;226101;36.4;15.6
78;2021-06-04;9794;8145;537133;234246;37.1;16.2
78;2021-06-05;5519;6133;542652;240379;37.5;16.6
78;2021-06-06;2150;2010;544802;242389;37.6;16.7
78;2021-06-07;8113;6519;552915;248908;38.2;17.2
78;2021-06-08;8064;7322;560979;256230;38.7;17.7
78;2021-06-09;7325;6733;568304;262963;39.2;18.2
78;2021-06-10;7105;7106;575409;270069;39.7;18.6
78;2021-06-11;7584;8186;582993;278255;40.2;19.2
78;2021-06-12;6372;2921;589365;281176;40.7;19.4
78;2021-06-13;946;2458;590311;283634;40.7;19.6
78;2021-06-14;3415;9808;593726;293442;41.0;20.3
78;2021-06-15;5794;8287;599520;301729;41.4;20.8
78;2021-06-16;5430;8624;604950;310353;41.8;21.4
78;2021-06-17;5482;8537;610432;318890;42.1;22.0
78;2021-06-18;6103;9801;616535;328691;42.6;22.7
78;2021-06-19;5219;4820;621754;333511;42.9;23.0
78;2021-06-20;625;2838;622379;336349;43.0;23.2
78;2021-06-21;4092;9470;626471;345819;43.2;23.9
78;2021-06-22;3349;10317;629820;356136;43.5;24.6
78;2021-06-23;3839;10394;633659;366530;43.7;25.3
78;2021-06-24;3795;9978;637454;376508;44.0;26.0
78;2021-06-25;3995;13149;641449;389657;44.3;26.9
78;2021-06-26;4209;7951;645658;397608;44.6;27.4
78;2021-06-27;1041;2540;646699;400148;44.6;27.6
78;2021-06-28;3288;10900;649987;411048;44.9;28.4
78;2021-06-29;3535;11246;653522;422294;45.1;29.2
78;2021-06-30;4110;13225;657632;435519;45.4;30.1
78;2021-07-01;4106;12701;661738;448220;45.7;30.9
78;2021-07-02;4260;13938;665998;462158;46.0;31.9
78;2021-07-03;3159;8621;669157;470779;46.2;32.5
78;2021-07-04;778;1742;669935;472521;46.2;32.6
78;2021-07-05;3384;9694;673319;482215;46.5;33.3
78;2021-07-06;3525;12044;676844;494259;46.7;34.1
78;2021-07-07;3824;11606;680668;505865;47.0;34.9
78;2021-07-08;3927;11678;684595;517543;47.3;35.7
78;2021-07-09;4759;12743;689354;530286;47.6;36.6
78;2021-07-10;2626;6613;691980;536899;47.8;37.1
78;2021-07-11;748;2047;692728;538946;47.8;37.2
78;2021-07-12;3038;11745;695766;550691;48.0;38.0
78;2021-07-13;5351;11974;701117;562665;48.4;38.8
78;2021-07-14;2533;4989;703650;567654;48.6;39.2
78;2021-07-15;5662;11954;709312;579608;49.0;40.0
78;2021-07-16;7320;10787;716632;590395;49.5;40.8
78;2021-07-17;4725;4898;721357;595293;49.8;41.1
78;2021-07-18;1158;471;722515;595764;49.9;41.1
78;2021-07-19;3879;10350;726394;606114;50.1;41.8
78;2021-07-20;5616;9926;732010;616040;50.5;42.5
78;2021-07-21;5905;9859;737915;625899;50.9;43.2
78;2021-07-22;5972;9296;743887;635195;51.4;43.8
78;2021-07-23;6258;9230;750145;644425;51.8;44.5
78;2021-07-24;2937;4973;753082;649398;52.0;44.8
78;2021-07-25;987;376;754069;649774;52.1;44.9
78;2021-07-26;4869;6987;758938;656761;52.4;45.3
78;2021-07-27;7600;6915;766538;663676;52.9;45.8
78;2021-07-28;6976;5933;773514;669609;53.4;46.2
78;2021-07-29;7902;6010;781416;675619;53.9;46.6
78;2021-07-30;7740;7052;789156;682671;54.5;47.1
78;2021-07-31;2653;2734;791809;685405;54.7;47.3
78;2021-08-01;109;72;791918;685477;54.7;47.3
78;2021-08-02;2446;2131;794364;687608;54.8;47.5
78;2021-08-03;4271;4255;798635;691863;55.1;47.8
78;2021-08-04;4467;2809;803102;694672;55.4;48.0
78;2021-08-05;3887;3172;806989;697844;55.7;48.2
78;2021-08-06;3979;3719;810968;701563;56.0;48.4
78;2021-08-07;2819;3442;813787;705005;56.2;48.7
78;2021-08-08;483;343;814270;705348;56.2;48.7
78;2021-08-09;1880;1662;816150;707010;56.3;48.8
78;2021-08-10;3420;3983;819570;710993;56.6;49.1
78;2021-08-11;3052;3383;822622;714376;56.8;49.3
78;2021-08-12;2794;3535;825416;717911;57.0;49.6
78;2021-08-13;2867;3187;828283;721098;57.2;49.8
78;2021-08-14;2301;2981;830584;724079;57.3;50.0
78;2021-08-15;315;373;830899;724452;57.4;50.0
78;2021-08-16;942;2342;831841;726794;57.4;50.2
78;2021-08-17;2795;4422;834636;731216;57.6;50.5
78;2021-08-18;2476;3820;837112;735036;57.8;50.7
78;2021-08-19;2240;3583;839352;738619;57.9;51.0
78;2021-08-20;2101;4000;841453;742619;58.1;51.3
78;2021-08-21;1885;3587;843338;746206;58.2;51.5
78;2021-08-22;87;147;843425;746353;58.2;51.5
78;2021-08-23;2162;4248;845587;750601;58.4;51.8
78;2021-08-24;3630;6973;849217;757574;58.6;52.3
78;2021-08-25;3296;6593;852513;764167;58.8;52.8
78;2021-08-26;2981;7237;855494;771404;59.1;53.3
78;2021-08-27;2866;7372;858360;778776;59.3;53.8
78;2021-08-28;2443;5278;860803;784054;59.4;54.1
78;2021-08-29;369;351;861172;784405;59.4;54.1
78;2021-08-30;2859;4976;864031;789381;59.6;54.5
78;2021-08-31;3451;5676;867482;795057;59.9;54.9
78;2021-09-01;2829;4931;870311;799988;60.1;55.2
78;2021-09-02;2102;4010;872413;803998;60.2;55.5
78;2021-09-03;2260;4279;874673;808277;60.4;55.8
78;2021-09-04;2488;3951;877161;812228;60.6;56.1
78;2021-09-05;292;375;877453;812603;60.6;56.1
78;2021-09-06;1318;2498;878771;815101;60.7;56.3
78;2021-09-07;1363;2942;880134;818043;60.8;56.5
78;2021-09-08;1686;3308;881820;821351;60.9;56.7
78;2021-09-09;1094;2750;882914;824101;60.9;56.9
78;2021-09-10;1386;3014;884300;827115;61.0;57.1
78;2021-09-11;2054;3746;886354;830861;61.2;57.4
78;2021-09-12;73;139;886427;831000;61.2;57.4
78;2021-09-13;788;2020;887215;833020;61.2;57.5
78;2021-09-14;1072;2819;888287;835839;61.3;57.7
78;2021-09-15;1226;3532;889513;839371;61.4;57.9
78;2021-09-16;853;2090;890366;841461;61.5;58.1
78;2021-09-17;1186;2839;891552;844300;61.5;58.3
78;2021-09-18;1393;4073;892945;848373;61.6;58.6
78;2021-09-19;145;409;893090;848782;61.7;58.6
78;2021-09-20;671;1711;893761;850493;61.7;58.7
78;2021-09-21;825;1978;894586;852471;61.8;58.8
78;2021-09-22;957;3518;895543;855989;61.8;59.1
78;2021-09-23;885;1641;896428;857630;61.9;59.2
78;2021-09-24;1010;2386;897438;860016;62.0;59.4
78;2021-09-25;1055;3919;898493;863935;62.0;59.6
78;2021-09-26;59;155;898552;864090;62.0;59.6
78;2021-09-27;683;1507;899235;865597;62.1;59.8
78;2021-09-28;830;1498;900065;867095;62.1;59.9
78;2021-09-29;1009;2163;901074;869258;62.2;60.0
78;2021-09-30;559;928;901633;870186;62.2;60.1
78;2021-10-01;931;1822;902564;872008;62.3;60.2
78;2021-10-02;1246;2468;903810;874476;62.4;60.4
78;2021-10-03;54;70;903864;874546;62.4;60.4
78;2021-10-04;487;939;904351;875485;62.4;60.4
78;2021-10-05;436;732;904787;876217;62.5;60.5
78;2021-10-06;806;1569;905593;877786;62.5;60.6
78;2021-10-07;394;784;905987;878570;62.5;60.6
78;2021-10-08;897;1741;906884;880311;62.6;60.8
78;2021-10-09;977;1845;907861;882156;62.7;60.9
78;2021-10-10;101;115;907962;882271;62.7;60.9
78;2021-10-11;453;1002;908415;883273;62.7;61.0
78;2021-10-12;407;638;908822;883911;62.7;61.0
78;2021-10-13;651;1304;909473;885215;62.8;61.1
79;2020-12-27;0;0;0;0;0.0;0.0
79;2020-12-28;4;0;4;0;0.0;0.0
79;2020-12-29;0;0;4;0;0.0;0.0
79;2020-12-30;0;0;4;0;0.0;0.0
79;2020-12-31;0;0;4;0;0.0;0.0
79;2021-01-01;0;0;4;0;0.0;0.0
79;2021-01-02;0;0;4;0;0.0;0.0
79;2021-01-03;0;0;4;0;0.0;0.0
79;2021-01-04;1;0;5;0;0.0;0.0
79;2021-01-05;0;0;5;0;0.0;0.0
79;2021-01-06;0;0;5;0;0.0;0.0
79;2021-01-07;158;0;163;0;0.0;0.0
79;2021-01-08;165;0;328;0;0.1;0.0
79;2021-01-09;100;1;428;1;0.1;0.0
79;2021-01-10;3;0;431;1;0.1;0.0
79;2021-01-11;184;1;615;2;0.2;0.0
79;2021-01-12;245;1;860;3;0.2;0.0
79;2021-01-13;258;0;1118;3;0.3;0.0
79;2021-01-14;506;9;1624;12;0.4;0.0
79;2021-01-15;618;7;2242;19;0.6;0.0
79;2021-01-16;66;0;2308;19;0.6;0.0
79;2021-01-17;0;0;2308;19;0.6;0.0
79;2021-01-18;478;2;2786;21;0.7;0.0
79;2021-01-19;1361;3;4147;24;1.1;0.0
79;2021-01-20;1678;2;5825;26;1.6;0.0
79;2021-01-21;1999;8;7824;34;2.1;0.0
79;2021-01-22;875;5;8699;39;2.3;0.0
79;2021-01-23;65;0;8764;39;2.4;0.0
79;2021-01-24;0;0;8764;39;2.4;0.0
79;2021-01-25;646;7;9410;46;2.5;0.0
79;2021-01-26;593;14;10003;60;2.7;0.0
79;2021-01-27;740;84;10743;144;2.9;0.0
79;2021-01-28;733;152;11476;296;3.1;0.1
79;2021-01-29;495;88;11971;384;3.2;0.1
79;2021-01-30;0;0;11971;384;3.2;0.1
79;2021-01-31;0;0;11971;384;3.2;0.1
79;2021-02-01;207;111;12178;495;3.3;0.1
79;2021-02-02;334;74;12512;569;3.4;0.2
79;2021-02-03;391;60;12903;629;3.5;0.2
79;2021-02-04;326;109;13229;738;3.6;0.2
79;2021-02-05;360;275;13589;1013;3.6;0.3
79;2021-02-06;6;1;13595;1014;3.6;0.3
79;2021-02-07;22;0;13617;1014;3.7;0.3
79;2021-02-08;283;167;13900;1181;3.7;0.3
79;2021-02-09;457;785;14357;1966;3.9;0.5
79;2021-02-10;619;1199;14976;3165;4.0;0.8
79;2021-02-11;776;1237;15752;4402;4.2;1.2
79;2021-02-12;471;767;16223;5169;4.4;1.4
79;2021-02-13;53;74;16276;5243;4.4;1.4
79;2021-02-14;0;0;16276;5243;4.4;1.4
79;2021-02-15;186;503;16462;5746;4.4;1.5
79;2021-02-16;333;731;16795;6477;4.5;1.7
79;2021-02-17;248;877;17043;7354;4.6;2.0
79;2021-02-18;353;945;17396;8299;4.7;2.2
79;2021-02-19;268;560;17664;8859;4.7;2.4
79;2021-02-20;5;22;17669;8881;4.7;2.4
79;2021-02-21;1;0;17670;8881;4.7;2.4
79;2021-02-22;137;462;17807;9343;4.8;2.5
79;2021-02-23;247;567;18054;9910;4.8;2.7
79;2021-02-24;246;544;18300;10454;4.9;2.8
79;2021-02-25;520;470;18820;10924;5.1;2.9
79;2021-02-26;599;399;19419;11323;5.2;3.0
79;2021-02-27;408;7;19827;11330;5.3;3.0
79;2021-02-28;35;0;19862;11330;5.3;3.0
79;2021-03-01;89;362;19951;11692;5.4;3.1
79;2021-03-02;302;508;20253;12200;5.4;3.3
79;2021-03-03;662;545;20915;12745;5.6;3.4
79;2021-03-04;904;572;21819;13317;5.9;3.6
79;2021-03-05;1218;449;23037;13766;6.2;3.7
79;2021-03-06;611;8;23648;13774;6.3;3.7
79;2021-03-07;77;1;23725;13775;6.4;3.7
79;2021-03-08;345;310;24070;14085;6.5;3.8
79;2021-03-09;842;342;24912;14427;6.7;3.9
79;2021-03-10;1146;405;26058;14832;7.0;4.0
79;2021-03-11;1641;328;27699;15160;7.4;4.1
79;2021-03-12;1721;122;29420;15282;7.9;4.1
79;2021-03-13;1135;13;30555;15295;8.2;4.1
79;2021-03-14;50;0;30605;15295;8.2;4.1
79;2021-03-15;497;158;31102;15453;8.3;4.1
79;2021-03-16;735;148;31837;15601;8.5;4.2
79;2021-03-17;578;109;32415;15710;8.7;4.2
79;2021-03-18;553;203;32968;15913;8.8;4.3
79;2021-03-19;661;261;33629;16174;9.0;4.3
79;2021-03-20;1007;15;34636;16189;9.3;4.3
79;2021-03-21;3;0;34639;16189;9.3;4.3
79;2021-03-22;957;210;35596;16399;9.6;4.4
79;2021-03-23;1595;172;37191;16571;10.0;4.4
79;2021-03-24;1831;167;39022;16738;10.5;4.5
79;2021-03-25;2499;195;41521;16933;11.1;4.5
79;2021-03-26;2406;138;43927;17071;11.8;4.6
79;2021-03-27;768;18;44695;17089;12.0;4.6
79;2021-03-28;1;0;44696;17089;12.0;4.6
79;2021-03-29;2148;117;46844;17206;12.6;4.6
79;2021-03-30;2817;67;49661;17273;13.3;4.6
79;2021-03-31;2777;381;52438;17654;14.1;4.7
79;2021-04-01;2698;387;55136;18041;14.8;4.8
79;2021-04-02;2823;397;57959;18438;15.6;4.9
79;2021-04-03;634;55;58593;18493;15.7;5.0
79;2021-04-04;3;0;58596;18493;15.7;5.0
79;2021-04-05;382;5;58978;18498;15.8;5.0
79;2021-04-06;1792;586;60770;19084;16.3;5.1
79;2021-04-07;3112;738;63882;19822;17.1;5.3
79;2021-04-08;2632;704;66514;20526;17.9;5.5
79;2021-04-09;3737;549;70251;21075;18.9;5.7
79;2021-04-10;1466;388;71717;21463;19.2;5.8
79;2021-04-11;4;0;71721;21463;19.2;5.8
79;2021-04-12;1753;355;73474;21818;19.7;5.9
79;2021-04-13;2174;756;75648;22574;20.3;6.1
79;2021-04-14;2480;681;78128;23255;21.0;6.2
79;2021-04-15;2216;670;80344;23925;21.6;6.4
79;2021-04-16;1413;446;81757;24371;21.9;6.5
79;2021-04-17;581;354;82338;24725;22.1;6.6
79;2021-04-18;1;14;82339;24739;22.1;6.6
79;2021-04-19;1088;842;83427;25581;22.4;6.9
79;2021-04-20;1506;1229;84933;26810;22.8;7.2
79;2021-04-21;1419;1440;86352;28250;23.2;7.6
79;2021-04-22;1572;1089;87924;29339;23.6;7.9
79;2021-04-23;1316;1192;89240;30531;23.9;8.2
79;2021-04-24;653;463;89893;30994;24.1;8.3
79;2021-04-25;1;0;89894;30994;24.1;8.3
79;2021-04-26;1343;1813;91237;32807;24.5;8.8
79;2021-04-27;1899;2352;93136;35159;25.0;9.4
79;2021-04-28;1458;2867;94594;38026;25.4;10.2
79;2021-04-29;2103;2254;96697;40280;26.0;10.8
79;2021-04-30;2115;2463;98812;42743;26.5;11.5
79;2021-05-01;521;381;99333;43124;26.7;11.6
79;2021-05-02;1;11;99334;43135;26.7;11.6
79;2021-05-03;1182;1293;100516;44428;27.0;11.9
79;2021-05-04;1732;2333;102248;46761;27.4;12.5
79;2021-05-05;1694;2482;103942;49243;27.9;13.2
79;2021-05-06;2326;2223;106268;51466;28.5;13.8
79;2021-05-07;2105;2803;108373;54269;29.1;14.6
79;2021-05-08;198;506;108571;54775;29.1;14.7
79;2021-05-09;0;0;108571;54775;29.1;14.7
79;2021-05-10;1582;1787;110153;56562;29.6;15.2
79;2021-05-11;2309;1653;112462;58215;30.2;15.6
79;2021-05-12;2000;2683;114462;60898;30.7;16.3
79;2021-05-13;640;290;115102;61188;30.9;16.4
79;2021-05-14;2100;675;117202;61863;31.5;16.6
79;2021-05-15;1399;499;118601;62362;31.8;16.7
79;2021-05-16;1;22;118602;62384;31.8;16.7
79;2021-05-17;1873;1087;120475;63471;32.3;17.0
79;2021-05-18;2971;1272;123446;64743;33.1;17.4
79;2021-05-19;2899;969;126345;65712;33.9;17.6
79;2021-05-20;3106;1248;129451;66960;34.7;18.0
79;2021-05-21;2768;1066;132219;68026;35.5;18.3
79;2021-05-22;1084;261;133303;68287;35.8;18.3
79;2021-05-23;1;0;133304;68287;35.8;18.3
79;2021-05-24;161;20;133465;68307;35.8;18.3
79;2021-05-25;3198;991;136663;69298;36.7;18.6
79;2021-05-26;3312;854;139975;70152;37.6;18.8
79;2021-05-27;3589;1719;143564;71871;38.5;19.3
79;2021-05-28;3331;1825;146895;73696;39.4;19.8
79;2021-05-29;1072;450;147967;74146;39.7;19.9
79;2021-05-30;3;1;147970;74147;39.7;19.9
79;2021-05-31;2382;735;150352;74882;40.3;20.1
79;2021-06-01;3021;1577;153373;76459;41.2;20.5
79;2021-06-02;4066;1165;157439;77624;42.3;20.8
79;2021-06-03;4089;1758;161528;79382;43.3;21.3
79;2021-06-04;4141;2037;165669;81419;44.5;21.9
79;2021-06-05;2801;760;168470;82179;45.2;22.1
79;2021-06-06;696;39;169166;82218;45.4;22.1
79;2021-06-07;2805;1414;171971;83632;46.2;22.4
79;2021-06-08;2982;2070;174953;85702;47.0;23.0
79;2021-06-09;3631;1937;178584;87639;47.9;23.5
79;2021-06-10;3020;1971;181604;89610;48.7;24.0
79;2021-06-11;3767;2316;185371;91926;49.7;24.7
79;2021-06-12;1707;612;187078;92538;50.2;24.8
79;2021-06-13;213;24;187291;92562;50.3;24.8
79;2021-06-14;1247;1690;188538;94252;50.6;25.3
79;2021-06-15;1883;2362;190421;96614;51.1;25.9
79;2021-06-16;2204;2247;192625;98861;51.7;26.5
79;2021-06-17;2237;2620;194862;101481;52.3;27.2
79;2021-06-18;2413;2324;197275;103805;52.9;27.9
79;2021-06-19;1246;580;198521;104385;53.3;28.0
79;2021-06-20;3;2;198524;104387;53.3;28.0
79;2021-06-21;1233;2282;199757;106669;53.6;28.6
79;2021-06-22;1547;2877;201304;109546;54.0;29.4
79;2021-06-23;1770;2550;203074;112096;54.5;30.1
79;2021-06-24;2105;2002;205179;114098;55.1;30.6
79;2021-06-25;1488;2840;206667;116938;55.5;31.4
79;2021-06-26;870;808;207537;117746;55.7;31.6
79;2021-06-27;13;6;207550;117752;55.7;31.6
79;2021-06-28;1056;2620;208606;120372;56.0;32.3
79;2021-06-29;1473;3552;210079;123924;56.4;33.3
79;2021-06-30;1354;3447;211433;127371;56.7;34.2
79;2021-07-01;1202;3786;212635;131157;57.1;35.2
79;2021-07-02;1487;3346;214122;134503;57.5;36.1
79;2021-07-03;399;1504;214521;136007;57.6;36.5
79;2021-07-04;2;9;214523;136016;57.6;36.5
79;2021-07-05;754;2119;215277;138135;57.8;37.1
79;2021-07-06;947;3666;216224;141801;58.0;38.1
79;2021-07-07;1332;4308;217556;146109;58.4;39.2
79;2021-07-08;1107;4042;218663;150151;58.7;40.3
79;2021-07-09;836;3718;219499;153869;58.9;41.3
79;2021-07-10;514;1315;220013;155184;59.0;41.6
79;2021-07-11;3;12;220016;155196;59.0;41.6
79;2021-07-12;545;3696;220561;158892;59.2;42.6
79;2021-07-13;999;5187;221560;164079;59.5;44.0
79;2021-07-14;134;874;221694;164953;59.5;44.3
79;2021-07-15;1235;4684;222929;169637;59.8;45.5
79;2021-07-16;1333;4365;224262;174002;60.2;46.7
79;2021-07-17;576;2425;224838;176427;60.3;47.3
79;2021-07-18;44;498;224882;176925;60.4;47.5
79;2021-07-19;737;3316;225619;180241;60.5;48.4
79;2021-07-20;1230;3947;226849;184188;60.9;49.4
79;2021-07-21;1177;4198;228026;188386;61.2;50.6
79;2021-07-22;1354;3976;229380;192362;61.6;51.6
79;2021-07-23;1349;4556;230729;196918;61.9;52.8
79;2021-07-24;865;1499;231594;198417;62.2;53.2
79;2021-07-25;55;327;231649;198744;62.2;53.3
79;2021-07-26;1372;2599;233021;201343;62.5;54.0
79;2021-07-27;2084;2996;235105;204339;63.1;54.8
79;2021-07-28;2497;2495;237602;206834;63.8;55.5
79;2021-07-29;3010;2862;240612;209696;64.6;56.3
79;2021-07-30;2138;2815;242750;212511;65.1;57.0
79;2021-07-31;888;1157;243638;213668;65.4;57.3
79;2021-08-01;5;3;243643;213671;65.4;57.3
79;2021-08-02;1796;1545;245439;215216;65.9;57.8
79;2021-08-03;2823;2052;248262;217268;66.6;58.3
79;2021-08-04;2985;1744;251247;219012;67.4;58.8
79;2021-08-05;2900;2214;254147;221226;68.2;59.4
79;2021-08-06;2529;1636;256676;222862;68.9;59.8
79;2021-08-07;872;813;257548;223675;69.1;60.0
79;2021-08-08;4;3;257552;223678;69.1;60.0
79;2021-08-09;2495;1086;260047;224764;69.8;60.3
79;2021-08-10;2977;1549;263024;226313;70.6;60.7
79;2021-08-11;2587;1662;265611;227975;71.3;61.2
79;2021-08-12;2767;1431;268378;229406;72.0;61.6
79;2021-08-13;2875;1059;271253;230465;72.8;61.8
79;2021-08-14;518;391;271771;230856;72.9;62.0
79;2021-08-15;8;5;271779;230861;72.9;62.0
79;2021-08-16;1766;1196;273545;232057;73.4;62.3
79;2021-08-17;2103;1592;275648;233649;74.0;62.7
79;2021-08-18;1922;1915;277570;235564;74.5;63.2
79;2021-08-19;1617;1709;279187;237273;74.9;63.7
79;2021-08-20;1513;2162;280700;239435;75.3;64.3
79;2021-08-21;243;543;280943;239978;75.4;64.4
79;2021-08-22;1;21;280944;239999;75.4;64.4
79;2021-08-23;864;2176;281808;242175;75.6;65.0
79;2021-08-24;1072;2484;282880;244659;75.9;65.7
79;2021-08-25;1051;2760;283931;247419;76.2;66.4
79;2021-08-26;1017;2330;284948;249749;76.5;67.0
79;2021-08-27;611;2059;285559;251808;76.6;67.6
79;2021-08-28;299;841;285858;252649;76.7;67.8
79;2021-08-29;7;5;285865;252654;76.7;67.8
79;2021-08-30;554;2342;286419;254996;76.9;68.4
79;2021-08-31;633;2505;287052;257501;77.0;69.1
79;2021-09-01;650;2615;287702;260116;77.2;69.8
79;2021-09-02;762;2414;288464;262530;77.4;70.5
79;2021-09-03;637;2689;289101;265219;77.6;71.2
79;2021-09-04;266;700;289367;265919;77.7;71.4
79;2021-09-05;13;17;289380;265936;77.7;71.4
79;2021-09-06;330;1792;289710;267728;77.7;71.8
79;2021-09-07;347;2018;290057;269746;77.8;72.4
79;2021-09-08;542;2120;290599;271866;78.0;73.0
79;2021-09-09;318;1636;290917;273502;78.1;73.4
79;2021-09-10;422;2065;291339;275567;78.2;74.0
79;2021-09-11;162;836;291501;276403;78.2;74.2
79;2021-09-12;0;0;291501;276403;78.2;74.2
79;2021-09-13;364;1060;291865;277463;78.3;74.5
79;2021-09-14;383;1185;292248;278648;78.4;74.8
79;2021-09-15;475;1432;292723;280080;78.6;75.2
79;2021-09-16;464;1095;293187;281175;78.7;75.5
79;2021-09-17;445;1406;293632;282581;78.8;75.8
79;2021-09-18;141;567;293773;283148;78.8;76.0
79;2021-09-19;1;4;293774;283152;78.8;76.0
79;2021-09-20;190;553;293964;283705;78.9;76.1
79;2021-09-21;351;720;294315;284425;79.0;76.3
79;2021-09-22;209;1102;294524;285527;79.0;76.6
79;2021-09-23;412;566;294936;286093;79.2;76.8
79;2021-09-24;244;1349;295180;287442;79.2;77.1
79;2021-09-25;75;325;295255;287767;79.2;77.2
79;2021-09-26;0;1;295255;287768;79.2;77.2
79;2021-09-27;205;527;295460;288295;79.3;77.4
79;2021-09-28;130;409;295590;288704;79.3;77.5
79;2021-09-29;325;743;295915;289447;79.4;77.7
79;2021-09-30;154;279;296069;289726;79.5;77.8
79;2021-10-01;248;541;296317;290267;79.5;77.9
79;2021-10-02;127;248;296444;290515;79.6;78.0
79;2021-10-03;0;0;296444;290515;79.6;78.0
79;2021-10-04;157;332;296601;290847;79.6;78.1
79;2021-10-05;115;260;296716;291107;79.6;78.1
79;2021-10-06;144;336;296860;291443;79.7;78.2
79;2021-10-07;92;223;296952;291666;79.7;78.3
79;2021-10-08;222;549;297174;292215;79.8;78.4
79;2021-10-09;89;151;297263;292366;79.8;78.5
79;2021-10-10;1;3;297264;292369;79.8;78.5
79;2021-10-11;123;281;297387;292650;79.8;78.5
79;2021-10-12;147;345;297534;292995;79.8;78.6
79;2021-10-13;213;283;297747;293278;79.9;78.7
80;2020-12-27;0;0;0;0;0.0;0.0
80;2020-12-28;0;0;0;0;0.0;0.0
80;2020-12-29;11;0;11;0;0.0;0.0
80;2020-12-30;0;0;11;0;0.0;0.0
80;2020-12-31;0;0;11;0;0.0;0.0
80;2021-01-01;0;0;11;0;0.0;0.0
80;2021-01-02;1;0;12;0;0.0;0.0
80;2021-01-03;1;0;13;0;0.0;0.0
80;2021-01-04;0;0;13;0;0.0;0.0
80;2021-01-05;1;0;14;0;0.0;0.0
80;2021-01-06;30;0;44;0;0.0;0.0
80;2021-01-07;276;2;320;2;0.1;0.0
80;2021-01-08;330;1;650;3;0.1;0.0
80;2021-01-09;108;0;758;3;0.1;0.0
80;2021-01-10;21;0;779;3;0.1;0.0
80;2021-01-11;276;0;1055;3;0.2;0.0
80;2021-01-12;430;1;1485;4;0.3;0.0
80;2021-01-13;514;4;1999;8;0.4;0.0
80;2021-01-14;454;4;2453;12;0.4;0.0
80;2021-01-15;331;1;2784;13;0.5;0.0
80;2021-01-16;103;1;2887;14;0.5;0.0
80;2021-01-17;102;1;2989;15;0.5;0.0
80;2021-01-18;412;2;3401;17;0.6;0.0
80;2021-01-19;963;17;4364;34;0.8;0.0
80;2021-01-20;1086;11;5450;45;1.0;0.0
80;2021-01-21;1013;9;6463;54;1.1;0.0
80;2021-01-22;1114;5;7577;59;1.3;0.0
80;2021-01-23;907;18;8484;77;1.5;0.0
80;2021-01-24;823;10;9307;87;1.6;0.0
80;2021-01-25;1544;21;10851;108;1.9;0.0
80;2021-01-26;1480;12;12331;120;2.2;0.0
80;2021-01-27;822;26;13153;146;2.3;0.0
80;2021-01-28;622;172;13775;318;2.4;0.1
80;2021-01-29;637;216;14412;534;2.5;0.1
80;2021-01-30;87;59;14499;593;2.5;0.1
80;2021-01-31;0;0;14499;593;2.5;0.1
80;2021-02-01;26;254;14525;847;2.5;0.1
80;2021-02-02;21;441;14546;1288;2.6;0.2
80;2021-02-03;28;542;14574;1830;2.6;0.3
80;2021-02-04;278;358;14852;2188;2.6;0.4
80;2021-02-05;347;213;15199;2401;2.7;0.4
80;2021-02-06;168;69;15367;2470;2.7;0.4
80;2021-02-07;1;0;15368;2470;2.7;0.4
80;2021-02-08;424;241;15792;2711;2.8;0.5
80;2021-02-09;686;245;16478;2956;2.9;0.5
80;2021-02-10;607;496;17085;3452;3.0;0.6
80;2021-02-11;862;353;17947;3805;3.1;0.7
80;2021-02-12;947;318;18894;4123;3.3;0.7
80;2021-02-13;197;428;19091;4551;3.4;0.8
80;2021-02-14;78;571;19169;5122;3.4;0.9
80;2021-02-15;606;1015;19775;6137;3.5;1.1
80;2021-02-16;688;1133;20463;7270;3.6;1.3
80;2021-02-17;484;1170;20947;8440;3.7;1.5
80;2021-02-18;571;1138;21518;9578;3.8;1.7
80;2021-02-19;502;853;22020;10431;3.9;1.8
80;2021-02-20;22;510;22042;10941;3.9;1.9
80;2021-02-21;47;46;22089;10987;3.9;1.9
80;2021-02-22;146;573;22235;11560;3.9;2.0
80;2021-02-23;471;688;22706;12248;4.0;2.1
80;2021-02-24;431;678;23137;12926;4.1;2.3
80;2021-02-25;814;534;23951;13460;4.2;2.4
80;2021-02-26;1063;522;25014;13982;4.4;2.5
80;2021-02-27;475;71;25489;14053;4.5;2.5
80;2021-02-28;49;24;25538;14077;4.5;2.5
80;2021-03-01;730;68;26268;14145;4.6;2.5
80;2021-03-02;1014;93;27282;14238;4.8;2.5
80;2021-03-03;981;56;28263;14294;5.0;2.5
80;2021-03-04;1389;239;29652;14533;5.2;2.6
80;2021-03-05;1874;335;31526;14868;5.5;2.6
80;2021-03-06;2916;338;34442;15206;6.0;2.7
80;2021-03-07;1842;85;36284;15291;6.4;2.7
80;2021-03-08;714;608;36998;15899;6.5;2.8
80;2021-03-09;1310;910;38308;16809;6.7;3.0
80;2021-03-10;1724;756;40032;17565;7.0;3.1
80;2021-03-11;1909;827;41941;18392;7.4;3.2
80;2021-03-12;3140;752;45081;19144;7.9;3.4
80;2021-03-13;4006;221;49087;19365;8.6;3.4
80;2021-03-14;350;14;49437;19379;8.7;3.4
80;2021-03-15;1014;249;50451;19628;8.9;3.4
80;2021-03-16;884;346;51335;19974;9.0;3.5
80;2021-03-17;665;279;52000;20253;9.1;3.6
80;2021-03-18;1003;297;53003;20550;9.3;3.6
80;2021-03-19;1738;385;54741;20935;9.6;3.7
80;2021-03-20;3821;118;58562;21053;10.3;3.7
80;2021-03-21;486;31;59048;21084;10.4;3.7
80;2021-03-22;902;291;59950;21375;10.5;3.8
80;2021-03-23;1713;418;61663;21793;10.8;3.8
80;2021-03-24;1755;468;63418;22261;11.1;3.9
80;2021-03-25;2714;453;66132;22714;11.6;4.0
80;2021-03-26;3105;424;69237;23138;12.2;4.1
80;2021-03-27;2237;232;71474;23370;12.5;4.1
80;2021-03-28;676;95;72150;23465;12.7;4.1
80;2021-03-29;1978;754;74128;24219;13.0;4.3
80;2021-03-30;1968;874;76096;25093;13.4;4.4
80;2021-03-31;1495;986;77591;26079;13.6;4.6
80;2021-04-01;1950;1490;79541;27569;14.0;4.8
80;2021-04-02;2811;1579;82352;29148;14.5;5.1
80;2021-04-03;3048;863;85400;30011;15.0;5.3
80;2021-04-04;134;8;85534;30019;15.0;5.3
80;2021-04-05;684;201;86218;30220;15.1;5.3
80;2021-04-06;1280;968;87498;31188;15.4;5.5
80;2021-04-07;1624;1202;89122;32390;15.6;5.7
80;2021-04-08;2154;844;91276;33234;16.0;5.8
80;2021-04-09;3533;1359;94809;34593;16.6;6.1
80;2021-04-10;2737;1952;97546;36545;17.1;6.4
80;2021-04-11;187;177;97733;36722;17.2;6.4
80;2021-04-12;1814;491;99547;37213;17.5;6.5
80;2021-04-13;2385;1037;101932;38250;17.9;6.7
80;2021-04-14;2769;1167;104701;39417;18.4;6.9
80;2021-04-15;3731;882;108432;40299;19.0;7.1
80;2021-04-16;3337;878;111769;41177;19.6;7.2
80;2021-04-17;1653;2299;113422;43476;19.9;7.6
80;2021-04-18;372;390;113794;43866;20.0;7.7
80;2021-04-19;951;772;114745;44638;20.1;7.8
80;2021-04-20;1613;823;116358;45461;20.4;8.0
80;2021-04-21;1612;998;117970;46459;20.7;8.2
80;2021-04-22;2167;1253;120137;47712;21.1;8.4
80;2021-04-23;2640;1252;122777;48964;21.5;8.6
80;2021-04-24;1357;1193;124134;50157;21.8;8.8
80;2021-04-25;209;531;124343;50688;21.8;8.9
80;2021-04-26;1295;1445;125638;52133;22.1;9.1
80;2021-04-27;2025;1398;127663;53531;22.4;9.4
80;2021-04-28;2199;1396;129862;54927;22.8;9.6
80;2021-04-29;3219;1888;133081;56815;23.4;10.0
80;2021-04-30;3081;2857;136162;59672;23.9;10.5
80;2021-05-01;987;660;137149;60332;24.1;10.6
80;2021-05-02;371;54;137520;60386;24.1;10.6
80;2021-05-03;2720;1188;140240;61574;24.6;10.8
80;2021-05-04;2494;1708;142734;63282;25.1;11.1
80;2021-05-05;3366;1899;146100;65181;25.6;11.4
80;2021-05-06;3168;2558;149268;67739;26.2;11.9
80;2021-05-07;3455;2699;152723;70438;26.8;12.4
80;2021-05-08;2784;927;155507;71365;27.3;12.5
80;2021-05-09;1407;269;156914;71634;27.5;12.6
80;2021-05-10;1880;1832;158794;73466;27.9;12.9
80;2021-05-11;3274;1806;162068;75272;28.4;13.2
80;2021-05-12;4703;1576;166771;76848;29.3;13.5
80;2021-05-13;3837;367;170608;77215;29.9;13.6
80;2021-05-14;5186;1406;175794;78621;30.9;13.8
80;2021-05-15;5917;1054;181711;79675;31.9;14.0
80;2021-05-16;2678;315;184389;79990;32.4;14.0
80;2021-05-17;2371;819;186760;80809;32.8;14.2
80;2021-05-18;3945;853;190705;81662;33.5;14.3
80;2021-05-19;4018;944;194723;82606;34.2;14.5
80;2021-05-20;4568;1221;199291;83827;35.0;14.7
80;2021-05-21;4890;1670;204181;85497;35.8;15.0
80;2021-05-22;5030;1159;209211;86656;36.7;15.2
80;2021-05-23;1783;242;210994;86898;37.0;15.3
80;2021-05-24;1469;160;212463;87058;37.3;15.3
80;2021-05-25;2622;1137;215085;88195;37.7;15.5
80;2021-05-26;4249;1708;219334;89903;38.5;15.8
80;2021-05-27;3977;2471;223311;92374;39.2;16.2
80;2021-05-28;3865;2978;227176;95352;39.9;16.7
80;2021-05-29;3697;1631;230873;96983;40.5;17.0
80;2021-05-30;1182;198;232055;97181;40.7;17.1
80;2021-05-31;2604;1372;234659;98553;41.2;17.3
80;2021-06-01;4031;2437;238690;100990;41.9;17.7
80;2021-06-02;3334;2009;242024;102999;42.5;18.1
80;2021-06-03;4264;2933;246288;105932;43.2;18.6
80;2021-06-04;4796;3086;251084;109018;44.1;19.1
80;2021-06-05;3554;2073;254638;111091;44.7;19.5
80;2021-06-06;803;211;255441;111302;44.8;19.5
80;2021-06-07;1750;1945;257191;113247;45.1;19.9
80;2021-06-08;2743;2561;259934;115808;45.6;20.3
80;2021-06-09;3012;2735;262946;118543;46.1;20.8
80;2021-06-10;3162;3171;266108;121714;46.7;21.4
80;2021-06-11;3216;3901;269324;125615;47.3;22.0
80;2021-06-12;3042;2329;272366;127944;47.8;22.5
80;2021-06-13;474;404;272840;128348;47.9;22.5
80;2021-06-14;1263;2852;274103;131200;48.1;23.0
80;2021-06-15;2315;3421;276418;134621;48.5;23.6
80;2021-06-16;1563;4212;277981;138833;48.8;24.4
80;2021-06-17;2359;3625;280340;142458;49.2;25.0
80;2021-06-18;2552;3907;282892;146365;49.7;25.7
80;2021-06-19;2986;4342;285878;150707;50.2;26.5
80;2021-06-20;203;1077;286081;151784;50.2;26.6
80;2021-06-21;1015;2620;287096;154404;50.4;27.1
80;2021-06-22;1149;3930;288245;158334;50.6;27.8
80;2021-06-23;1850;5291;290095;163625;50.9;28.7
80;2021-06-24;1695;4685;291790;168310;51.2;29.5
80;2021-06-25;1374;6126;293164;174436;51.5;30.6
80;2021-06-26;1934;6183;295098;180619;51.8;31.7
80;2021-06-27;333;2031;295431;182650;51.9;32.1
80;2021-06-28;903;3170;296334;185820;52.0;32.6
80;2021-06-29;1919;4624;298253;190444;52.3;33.4
80;2021-06-30;1245;4785;299498;195229;52.6;34.3
80;2021-07-01;1593;5000;301091;200229;52.8;35.1
80;2021-07-02;1856;5986;302947;206215;53.2;36.2
80;2021-07-03;1293;5265;304240;211480;53.4;37.1
80;2021-07-04;692;1471;304932;212951;53.5;37.4
80;2021-07-05;879;2963;305811;215914;53.7;37.9
80;2021-07-06;1852;3991;307663;219905;54.0;38.6
80;2021-07-07;1561;4506;309224;224411;54.3;39.4
80;2021-07-08;2082;5003;311306;229414;54.6;40.3
80;2021-07-09;2596;5473;313902;234887;55.1;41.2
80;2021-07-10;1617;4017;315519;238904;55.4;41.9
80;2021-07-11;406;805;315925;239709;55.4;42.1
80;2021-07-12;871;3379;316796;243088;55.6;42.7
80;2021-07-13;2087;5088;318883;248176;56.0;43.6
80;2021-07-14;2802;1750;321685;249926;56.5;43.9
80;2021-07-15;2792;5297;324477;255223;56.9;44.8
80;2021-07-16;3877;5893;328354;261116;57.6;45.8
80;2021-07-17;3368;4461;331722;265577;58.2;46.6
80;2021-07-18;874;896;332596;266473;58.4;46.8
80;2021-07-19;2158;2886;334754;269359;58.8;47.3
80;2021-07-20;3321;4903;338075;274262;59.3;48.1
80;2021-07-21;3497;4497;341572;278759;59.9;48.9
80;2021-07-22;4362;4573;345934;283332;60.7;49.7
80;2021-07-23;5399;4830;351333;288162;61.7;50.6
80;2021-07-24;4367;4346;355700;292508;62.4;51.3
80;2021-07-25;1185;650;356885;293158;62.6;51.5
80;2021-07-26;2681;2340;359566;295498;63.1;51.9
80;2021-07-27;4373;3706;363939;299204;63.9;52.5
80;2021-07-28;5101;2803;369040;302007;64.8;53.0
80;2021-07-29;4991;3231;374031;305238;65.6;53.6
80;2021-07-30;5024;3641;379055;308879;66.5;54.2
80;2021-07-31;4156;2927;383211;311806;67.3;54.7
80;2021-08-01;1288;363;384499;312169;67.5;54.8
80;2021-08-02;2059;1739;386558;313908;67.8;55.1
80;2021-08-03;3716;2363;390274;316271;68.5;55.5
80;2021-08-04;3367;2491;393641;318762;69.1;55.9
80;2021-08-05;3137;2579;396778;321341;69.6;56.4
80;2021-08-06;3248;2878;400026;324219;70.2;56.9
80;2021-08-07;2430;2670;402456;326889;70.6;57.4
80;2021-08-08;621;686;403077;327575;70.7;57.5
80;2021-08-09;1382;2078;404459;329653;71.0;57.9
80;2021-08-10;2353;2848;406812;332501;71.4;58.4
80;2021-08-11;1946;2383;408758;334884;71.7;58.8
80;2021-08-12;2237;2661;410995;337545;72.1;59.2
80;2021-08-13;1882;3154;412877;340699;72.5;59.8
80;2021-08-14;1411;2113;414288;342812;72.7;60.2
80;2021-08-15;318;663;414606;343475;72.8;60.3
80;2021-08-16;897;2419;415503;345894;72.9;60.7
80;2021-08-17;1709;3505;417212;349399;73.2;61.3
80;2021-08-18;1234;3714;418446;353113;73.4;62.0
80;2021-08-19;1569;3821;420015;356934;73.7;62.6
80;2021-08-20;1264;4434;421279;361368;73.9;63.4
80;2021-08-21;1078;2687;422357;364055;74.1;63.9
80;2021-08-22;145;680;422502;364735;74.2;64.0
80;2021-08-23;583;3000;423085;367735;74.3;64.5
80;2021-08-24;1092;4371;424177;372106;74.4;65.3
80;2021-08-25;973;3677;425150;375783;74.6;66.0
80;2021-08-26;956;3819;426106;379602;74.8;66.6
80;2021-08-27;1014;4458;427120;384060;75.0;67.4
80;2021-08-28;723;3347;427843;387407;75.1;68.0
80;2021-08-29;199;555;428042;387962;75.1;68.1
80;2021-08-30;501;2280;428543;390242;75.2;68.5
80;2021-08-31;750;3111;429293;393353;75.3;69.0
80;2021-09-01;675;2316;429968;395669;75.5;69.4
80;2021-09-02;527;2077;430495;397746;75.6;69.8
80;2021-09-03;761;2804;431256;400550;75.7;70.3
80;2021-09-04;958;2598;432214;403148;75.9;70.8
80;2021-09-05;166;341;432380;403489;75.9;70.8
80;2021-09-06;420;1305;432800;404794;76.0;71.0
80;2021-09-07;491;1581;433291;406375;76.0;71.3
80;2021-09-08;495;1549;433786;407924;76.1;71.6
80;2021-09-09;532;1515;434318;409439;76.2;71.9
80;2021-09-10;620;1704;434938;411143;76.3;72.2
80;2021-09-11;520;1959;435458;413102;76.4;72.5
80;2021-09-12;78;303;435536;413405;76.4;72.6
80;2021-09-13;312;784;435848;414189;76.5;72.7
80;2021-09-14;642;1085;436490;415274;76.6;72.9
80;2021-09-15;357;1089;436847;416363;76.7;73.1
80;2021-09-16;476;1029;437323;417392;76.8;73.3
80;2021-09-17;506;1237;437829;418629;76.8;73.5
80;2021-09-18;348;1278;438177;419907;76.9;73.7
80;2021-09-19;19;169;438196;420076;76.9;73.7
80;2021-09-20;327;445;438523;420521;77.0;73.8
80;2021-09-21;297;615;438820;421136;77.0;73.9
80;2021-09-22;284;709;439104;421845;77.1;74.0
80;2021-09-23;303;506;439407;422351;77.1;74.1
80;2021-09-24;371;897;439778;423248;77.2;74.3
80;2021-09-25;283;1133;440061;424381;77.2;74.5
80;2021-09-26;20;109;440081;424490;77.2;74.5
80;2021-09-27;190;536;440271;425026;77.3;74.6
80;2021-09-28;148;382;440419;425408;77.3;74.7
80;2021-09-29;257;511;440676;425919;77.3;74.8
80;2021-09-30;199;329;440875;426248;77.4;74.8
80;2021-10-01;306;721;441181;426969;77.4;74.9
80;2021-10-02;335;894;441516;427863;77.5;75.1
80;2021-10-03;18;64;441534;427927;77.5;75.1
80;2021-10-04;136;321;441670;428248;77.5;75.2
80;2021-10-05;166;460;441836;428708;77.5;75.2
80;2021-10-06;259;445;442095;429153;77.6;75.3
80;2021-10-07;195;427;442290;429580;77.6;75.4
80;2021-10-08;253;689;442543;430269;77.7;75.5
80;2021-10-09;283;479;442826;430748;77.7;75.6
80;2021-10-10;26;34;442852;430782;77.7;75.6
80;2021-10-11;153;224;443005;431006;77.8;75.6
80;2021-10-12;186;418;443191;431424;77.8;75.7
80;2021-10-13;215;269;443406;431693;77.8;75.8
81;2020-12-27;1;0;1;0;0.0;0.0
81;2020-12-28;0;0;1;0;0.0;0.0
81;2020-12-29;0;0;1;0;0.0;0.0
81;2020-12-30;1;0;2;0;0.0;0.0
81;2020-12-31;1;0;3;0;0.0;0.0
81;2021-01-01;0;0;3;0;0.0;0.0
81;2021-01-02;0;0;3;0;0.0;0.0
81;2021-01-03;0;0;3;0;0.0;0.0
81;2021-01-04;1;0;4;0;0.0;0.0
81;2021-01-05;0;0;4;0;0.0;0.0
81;2021-01-06;5;0;9;0;0.0;0.0
81;2021-01-07;265;0;274;0;0.1;0.0
81;2021-01-08;312;1;586;1;0.2;0.0
81;2021-01-09;74;1;660;2;0.2;0.0
81;2021-01-10;1;0;661;2;0.2;0.0
81;2021-01-11;133;0;794;2;0.2;0.0
81;2021-01-12;167;0;961;2;0.2;0.0
81;2021-01-13;234;1;1195;3;0.3;0.0
81;2021-01-14;963;7;2158;10;0.6;0.0
81;2021-01-15;523;3;2681;13;0.7;0.0
81;2021-01-16;71;1;2752;14;0.7;0.0
81;2021-01-17;0;0;2752;14;0.7;0.0
81;2021-01-18;581;3;3333;17;0.9;0.0
81;2021-01-19;662;4;3995;21;1.0;0.0
81;2021-01-20;754;2;4749;23;1.2;0.0
81;2021-01-21;1184;16;5933;39;1.5;0.0
81;2021-01-22;857;3;6790;42;1.8;0.0
81;2021-01-23;221;2;7011;44;1.8;0.0
81;2021-01-24;102;0;7113;44;1.8;0.0
81;2021-01-25;570;6;7683;50;2.0;0.0
81;2021-01-26;634;6;8317;56;2.1;0.0
81;2021-01-27;552;3;8869;59;2.3;0.0
81;2021-01-28;700;209;9569;268;2.5;0.1
81;2021-01-29;303;184;9872;452;2.5;0.1
81;2021-01-30;203;37;10075;489;2.6;0.1
81;2021-01-31;104;1;10179;490;2.6;0.1
81;2021-02-01;321;130;10500;620;2.7;0.2
81;2021-02-02;445;143;10945;763;2.8;0.2
81;2021-02-03;476;220;11421;983;2.9;0.3
81;2021-02-04;1449;725;12870;1708;3.3;0.4
81;2021-02-05;870;316;13740;2024;3.5;0.5
81;2021-02-06;274;18;14014;2042;3.6;0.5
81;2021-02-07;103;0;14117;2042;3.6;0.5
81;2021-02-08;275;219;14392;2261;3.7;0.6
81;2021-02-09;420;217;14812;2478;3.8;0.6
81;2021-02-10;371;286;15183;2764;3.9;0.7
81;2021-02-11;651;397;15834;3161;4.1;0.8
81;2021-02-12;581;544;16415;3705;4.2;1.0
81;2021-02-13;188;156;16603;3861;4.3;1.0
81;2021-02-14;100;1;16703;3862;4.3;1.0
81;2021-02-15;234;483;16937;4345;4.4;1.1
81;2021-02-16;282;617;17219;4962;4.4;1.3
81;2021-02-17;241;521;17460;5483;4.5;1.4
81;2021-02-18;483;671;17943;6154;4.6;1.6
81;2021-02-19;572;416;18515;6570;4.8;1.7
81;2021-02-20;322;282;18837;6852;4.9;1.8
81;2021-02-21;23;80;18860;6932;4.9;1.8
81;2021-02-22;233;535;19093;7467;4.9;1.9
81;2021-02-23;169;591;19262;8058;5.0;2.1
81;2021-02-24;291;629;19553;8687;5.0;2.2
81;2021-02-25;720;1054;20273;9741;5.2;2.5
81;2021-02-26;911;957;21184;10698;5.5;2.8
81;2021-02-27;275;242;21459;10940;5.5;2.8
81;2021-02-28;21;88;21480;11028;5.5;2.8
81;2021-03-01;208;410;21688;11438;5.6;2.9
81;2021-03-02;364;544;22052;11982;5.7;3.1
81;2021-03-03;462;422;22514;12404;5.8;3.2
81;2021-03-04;1061;460;23575;12864;6.1;3.3
81;2021-03-05;1406;397;24981;13261;6.4;3.4
81;2021-03-06;982;171;25963;13432;6.7;3.5
81;2021-03-07;154;102;26117;13534;6.7;3.5
81;2021-03-08;466;362;26583;13896;6.9;3.6
81;2021-03-09;816;373;27399;14269;7.1;3.7
81;2021-03-10;898;396;28297;14665;7.3;3.8
81;2021-03-11;1352;360;29649;15025;7.6;3.9
81;2021-03-12;1691;308;31340;15333;8.1;4.0
81;2021-03-13;1031;189;32371;15522;8.3;4.0
81;2021-03-14;66;82;32437;15604;8.4;4.0
81;2021-03-15;1093;225;33530;15829;8.6;4.1
81;2021-03-16;724;230;34254;16059;8.8;4.1
81;2021-03-17;893;280;35147;16339;9.1;4.2
81;2021-03-18;970;579;36117;16918;9.3;4.4
81;2021-03-19;1271;460;37388;17378;9.6;4.5
81;2021-03-20;677;285;38065;17663;9.8;4.6
81;2021-03-21;139;22;38204;17685;9.8;4.6
81;2021-03-22;932;279;39136;17964;10.1;4.6
81;2021-03-23;1420;224;40556;18188;10.5;4.7
81;2021-03-24;1606;267;42162;18455;10.9;4.8
81;2021-03-25;2028;327;44190;18782;11.4;4.8
81;2021-03-26;2100;289;46290;19071;11.9;4.9
81;2021-03-27;1092;38;47382;19109;12.2;4.9
81;2021-03-28;734;41;48116;19150;12.4;4.9
81;2021-03-29;2866;196;50982;19346;13.1;5.0
81;2021-03-30;3055;218;54037;19564;13.9;5.0
81;2021-03-31;2691;302;56728;19866;14.6;5.1
81;2021-04-01;3315;570;60043;20436;15.5;5.3
81;2021-04-02;2615;376;62658;20812;16.2;5.4
81;2021-04-03;1147;306;63805;21118;16.4;5.4
81;2021-04-04;1403;25;65208;21143;16.8;5.5
81;2021-04-05;718;21;65926;21164;17.0;5.5
81;2021-04-06;1599;520;67525;21684;17.4;5.6
81;2021-04-07;1817;585;69342;22269;17.9;5.7
81;2021-04-08;2619;828;71961;23097;18.6;6.0
81;2021-04-09;3052;479;75013;23576;19.3;6.1
81;2021-04-10;1475;519;76488;24095;19.7;6.2
81;2021-04-11;1299;71;77787;24166;20.1;6.2
81;2021-04-12;1220;685;79007;24851;20.4;6.4
81;2021-04-13;2528;795;81535;25646;21.0;6.6
81;2021-04-14;2506;836;84041;26482;21.7;6.8
81;2021-04-15;3099;1204;87140;27686;22.5;7.1
81;2021-04-16;2823;1098;89963;28784;23.2;7.4
81;2021-04-17;1145;300;91108;29084;23.5;7.5
81;2021-04-18;519;146;91627;29230;23.6;7.5
81;2021-04-19;913;823;92540;30053;23.9;7.7
81;2021-04-20;2270;1170;94810;31223;24.4;8.0
81;2021-04-21;2224;1007;97034;32230;25.0;8.3
81;2021-04-22;2816;1065;99850;33295;25.7;8.6
81;2021-04-23;2886;975;102736;34270;26.5;8.8
81;2021-04-24;1326;742;104062;35012;26.8;9.0
81;2021-04-25;454;716;104516;35728;26.9;9.2
81;2021-04-26;1061;2424;105577;38152;27.2;9.8
81;2021-04-27;1595;2362;107172;40514;27.6;10.4
81;2021-04-28;1427;2400;108599;42914;28.0;11.1
81;2021-04-29;1818;2749;110417;45663;28.5;11.8
81;2021-04-30;2013;2354;112430;48017;29.0;12.4
81;2021-05-01;362;686;112792;48703;29.1;12.6
81;2021-05-02;291;1379;113083;50082;29.2;12.9
81;2021-05-03;1115;1170;114198;51252;29.4;13.2
81;2021-05-04;2620;1912;116818;53164;30.1;13.7
81;2021-05-05;2016;1936;118834;55100;30.6;14.2
81;2021-05-06;2748;3458;121582;58558;31.3;15.1
81;2021-05-07;2128;2882;123710;61440;31.9;15.8
81;2021-05-08;962;878;124672;62318;32.1;16.1
81;2021-05-09;534;1350;125206;63668;32.3;16.4
81;2021-05-10;823;1600;126029;65268;32.5;16.8
81;2021-05-11;1661;2576;127690;67844;32.9;17.5
81;2021-05-12;1640;2464;129330;70308;33.3;18.1
81;2021-05-13;1216;564;130546;70872;33.7;18.3
81;2021-05-14;1890;1725;132436;72597;34.1;18.7
81;2021-05-15;1511;622;133947;73219;34.5;18.9
81;2021-05-16;1368;417;135315;73636;34.9;19.0
81;2021-05-17;1167;864;136482;74500;35.2;19.2
81;2021-05-18;1702;1429;138184;75929;35.6;19.6
81;2021-05-19;2641;1244;140825;77173;36.3;19.9
81;2021-05-20;2968;1351;143793;78524;37.1;20.2
81;2021-05-21;2739;1118;146532;79642;37.8;20.5
81;2021-05-22;2814;523;149346;80165;38.5;20.7
81;2021-05-23;1178;74;150524;80239;38.8;20.7
81;2021-05-24;837;83;151361;80322;39.0;20.7
81;2021-05-25;2490;1104;153851;81426;39.7;21.0
81;2021-05-26;1891;801;155742;82227;40.2;21.2
81;2021-05-27;2555;1547;158297;83774;40.8;21.6
81;2021-05-28;2566;1663;160863;85437;41.5;22.0
81;2021-05-29;1400;544;162263;85981;41.8;22.2
81;2021-05-30;935;219;163198;86200;42.1;22.2
81;2021-05-31;1183;1340;164381;87540;42.4;22.6
81;2021-06-01;1779;2695;166160;90235;42.8;23.3
81;2021-06-02;2006;2447;168166;92682;43.4;23.9
81;2021-06-03;2003;2532;170169;95214;43.9;24.5
81;2021-06-04;1844;2946;172013;98160;44.3;25.3
81;2021-06-05;1757;1307;173770;99467;44.8;25.6
81;2021-06-06;370;366;174140;99833;44.9;25.7
81;2021-06-07;1209;1540;175349;101373;45.2;26.1
81;2021-06-08;2369;2386;177718;103759;45.8;26.7
81;2021-06-09;2438;1868;180156;105627;46.4;27.2
81;2021-06-10;1278;1563;181434;107190;46.8;27.6
81;2021-06-11;2657;2200;184091;109390;47.5;28.2
81;2021-06-12;1659;1039;185750;110429;47.9;28.5
81;2021-06-13;444;476;186194;110905;48.0;28.6
81;2021-06-14;771;1418;186965;112323;48.2;29.0
81;2021-06-15;1677;3501;188642;115824;48.6;29.9
81;2021-06-16;1269;3013;189911;118837;49.0;30.6
81;2021-06-17;1344;2525;191255;121362;49.3;31.3
81;2021-06-18;1836;2770;193091;124132;49.8;32.0
81;2021-06-19;824;951;193915;125083;50.0;32.2
81;2021-06-20;405;536;194320;125619;50.1;32.4
81;2021-06-21;425;1039;194745;126658;50.2;32.7
81;2021-06-22;1061;2568;195806;129226;50.5;33.3
81;2021-06-23;1142;2159;196948;131385;50.8;33.9
81;2021-06-24;1115;1939;198063;133324;51.1;34.4
81;2021-06-25;1238;2866;199301;136190;51.4;35.1
81;2021-06-26;721;1713;200022;137903;51.6;35.6
81;2021-06-27;526;1646;200548;139549;51.7;36.0
81;2021-06-28;476;1540;201024;141089;51.8;36.4
81;2021-06-29;1079;2635;202103;143724;52.1;37.1
81;2021-06-30;1043;3153;203146;146877;52.4;37.9
81;2021-07-01;1101;2627;204247;149504;52.7;38.5
81;2021-07-02;1070;2860;205317;152364;52.9;39.3
81;2021-07-03;732;2829;206049;155193;53.1;40.0
81;2021-07-04;268;1010;206317;156203;53.2;40.3
81;2021-07-05;702;1626;207019;157829;53.4;40.7
81;2021-07-06;975;3176;207994;161005;53.6;41.5
81;2021-07-07;1059;2442;209053;163447;53.9;42.1
81;2021-07-08;1030;2236;210083;165683;54.2;42.7
81;2021-07-09;1147;2704;211230;168387;54.5;43.4
81;2021-07-10;806;1523;212036;169910;54.7;43.8
81;2021-07-11;436;1012;212472;170922;54.8;44.1
81;2021-07-12;785;1725;213257;172647;55.0;44.5
81;2021-07-13;2081;3144;215338;175791;55.5;45.3
81;2021-07-14;1443;1573;216781;177364;55.9;45.7
81;2021-07-15;2545;2765;219326;180129;56.5;46.4
81;2021-07-16;2032;3030;221358;183159;57.1;47.2
81;2021-07-17;1218;2454;222576;185613;57.4;47.9
81;2021-07-18;672;1131;223248;186744;57.6;48.1
81;2021-07-19;1256;1733;224504;188477;57.9;48.6
81;2021-07-20;3064;2807;227568;191284;58.7;49.3
81;2021-07-21;3488;2347;231056;193631;59.6;49.9
81;2021-07-22;3557;2096;234613;195727;60.5;50.5
81;2021-07-23;3172;3250;237785;198977;61.3;51.3
81;2021-07-24;2519;1723;240304;200700;62.0;51.7
81;2021-07-25;1684;711;241988;201411;62.4;51.9
81;2021-07-26;2014;1547;244002;202958;62.9;52.3
81;2021-07-27;3619;2545;247621;205503;63.8;53.0
81;2021-07-28;3052;2210;250673;207713;64.6;53.5
81;2021-07-29;3354;1782;254027;209495;65.5;54.0
81;2021-07-30;2828;2260;256855;211755;66.2;54.6
81;2021-07-31;1947;1015;258802;212770;66.7;54.9
81;2021-08-01;835;639;259637;213409;66.9;55.0
81;2021-08-02;1082;989;260719;214398;67.2;55.3
81;2021-08-03;2362;2116;263081;216514;67.8;55.8
81;2021-08-04;2031;1535;265112;218049;68.3;56.2
81;2021-08-05;1544;1877;266656;219926;68.7;56.7
81;2021-08-06;1725;1970;268381;221896;69.2;57.2
81;2021-08-07;985;1042;269366;222938;69.4;57.5
81;2021-08-08;437;708;269803;223646;69.6;57.7
81;2021-08-09;806;659;270609;224305;69.8;57.8
81;2021-08-10;1610;2757;272219;227062;70.2;58.5
81;2021-08-11;1110;2410;273329;229472;70.5;59.2
81;2021-08-12;1063;2249;274392;231721;70.7;59.7
81;2021-08-13;873;2473;275265;234194;71.0;60.4
81;2021-08-14;501;1873;275766;236067;71.1;60.9
81;2021-08-15;141;1100;275907;237167;71.1;61.1
81;2021-08-16;631;1816;276538;238983;71.3;61.6
81;2021-08-17;1347;3101;277885;242084;71.6;62.4
81;2021-08-18;1067;2360;278952;244444;71.9;63.0
81;2021-08-19;941;2267;279893;246711;72.2;63.6
81;2021-08-20;928;2354;280821;249065;72.4;64.2
81;2021-08-21;471;1538;281292;250603;72.5;64.6
81;2021-08-22;184;931;281476;251534;72.6;64.8
81;2021-08-23;487;1260;281963;252794;72.7;65.2
81;2021-08-24;852;2543;282815;255337;72.9;65.8
81;2021-08-25;718;2054;283533;257391;73.1;66.4
81;2021-08-26;855;2110;284388;259501;73.3;66.9
81;2021-08-27;853;2185;285241;261686;73.5;67.5
81;2021-08-28;484;1417;285725;263103;73.7;67.8
81;2021-08-29;163;832;285888;263935;73.7;68.0
81;2021-08-30;419;1183;286307;265118;73.8;68.3
81;2021-08-31;832;2020;287139;267138;74.0;68.9
81;2021-09-01;659;1232;287798;268370;74.2;69.2
81;2021-09-02;574;1077;288372;269447;74.3;69.5
81;2021-09-03;581;1272;288953;270719;74.5;69.8
81;2021-09-04;496;864;289449;271583;74.6;70.0
81;2021-09-05;97;222;289546;271805;74.6;70.1
81;2021-09-06;279;463;289825;272268;74.7;70.2
81;2021-09-07;387;1092;290212;273360;74.8;70.5
81;2021-09-08;438;1069;290650;274429;74.9;70.7
81;2021-09-09;367;809;291017;275238;75.0;71.0
81;2021-09-10;394;962;291411;276200;75.1;71.2
81;2021-09-11;407;853;291818;277053;75.2;71.4
81;2021-09-12;79;216;291897;277269;75.3;71.5
81;2021-09-13;231;461;292128;277730;75.3;71.6
81;2021-09-14;504;730;292632;278460;75.4;71.8
81;2021-09-15;452;765;293084;279225;75.6;72.0
81;2021-09-16;336;548;293420;279773;75.6;72.1
81;2021-09-17;414;841;293834;280614;75.8;72.3
81;2021-09-18;260;697;294094;281311;75.8;72.5
81;2021-09-19;52;164;294146;281475;75.8;72.6
81;2021-09-20;112;323;294258;281798;75.9;72.6
81;2021-09-21;266;596;294524;282394;75.9;72.8
81;2021-09-22;214;664;294738;283058;76.0;73.0
81;2021-09-23;165;662;294903;283720;76.0;73.1
81;2021-09-24;307;704;295210;284424;76.1;73.3
81;2021-09-25;173;674;295383;285098;76.1;73.5
81;2021-09-26;36;116;295419;285214;76.2;73.5
81;2021-09-27;136;272;295555;285486;76.2;73.6
81;2021-09-28;185;362;295740;285848;76.2;73.7
81;2021-09-29;248;517;295988;286365;76.3;73.8
81;2021-09-30;143;292;296131;286657;76.3;73.9
81;2021-10-01;244;426;296375;287083;76.4;74.0
81;2021-10-02;181;415;296556;287498;76.5;74.1
81;2021-10-03;44;105;296600;287603;76.5;74.1
81;2021-10-04;88;209;296688;287812;76.5;74.2
81;2021-10-05;135;320;296823;288132;76.5;74.3
81;2021-10-06;208;470;297031;288602;76.6;74.4
81;2021-10-07;139;306;297170;288908;76.6;74.5
81;2021-10-08;193;499;297363;289407;76.7;74.6
81;2021-10-09;150;320;297513;289727;76.7;74.7
81;2021-10-10;52;71;297565;289798;76.7;74.7
81;2021-10-11;107;181;297672;289979;76.7;74.8
81;2021-10-12;139;249;297811;290228;76.8;74.8
81;2021-10-13;196;288;298007;290516;76.8;74.9
82;2020-12-27;1;0;1;0;0.0;0.0
82;2020-12-28;2;0;3;0;0.0;0.0
82;2020-12-29;0;0;3;0;0.0;0.0
82;2020-12-30;0;0;3;0;0.0;0.0
82;2020-12-31;0;0;3;0;0.0;0.0
82;2021-01-01;0;0;3;0;0.0;0.0
82;2021-01-02;0;0;3;0;0.0;0.0
82;2021-01-03;0;0;3;0;0.0;0.0
82;2021-01-04;0;0;3;0;0.0;0.0
82;2021-01-05;86;0;89;0;0.0;0.0
82;2021-01-06;1;0;90;0;0.0;0.0
82;2021-01-07;75;0;165;0;0.1;0.0
82;2021-01-08;46;0;211;0;0.1;0.0
82;2021-01-09;77;0;288;0;0.1;0.0
82;2021-01-10;0;0;288;0;0.1;0.0
82;2021-01-11;94;0;382;0;0.1;0.0
82;2021-01-12;285;0;667;0;0.3;0.0
82;2021-01-13;336;1;1003;1;0.4;0.0
82;2021-01-14;443;5;1446;6;0.6;0.0
82;2021-01-15;612;3;2058;9;0.8;0.0
82;2021-01-16;230;3;2288;12;0.9;0.0
82;2021-01-17;89;0;2377;12;0.9;0.0
82;2021-01-18;432;0;2809;12;1.1;0.0
82;2021-01-19;482;1;3291;13;1.3;0.0
82;2021-01-20;663;4;3954;17;1.5;0.0
82;2021-01-21;447;2;4401;19;1.7;0.0
82;2021-01-22;483;2;4884;21;1.9;0.0
82;2021-01-23;151;0;5035;21;1.9;0.0
82;2021-01-24;0;0;5035;21;1.9;0.0
82;2021-01-25;375;0;5410;21;2.1;0.0
82;2021-01-26;468;0;5878;21;2.2;0.0
82;2021-01-27;520;1;6398;22;2.4;0.0
82;2021-01-28;587;35;6985;57;2.7;0.0
82;2021-01-29;405;108;7390;165;2.8;0.1
82;2021-01-30;44;22;7434;187;2.8;0.1
82;2021-01-31;2;0;7436;187;2.8;0.1
82;2021-02-01;292;55;7728;242;2.9;0.1
82;2021-02-02;344;102;8072;344;3.1;0.1
82;2021-02-03;462;66;8534;410;3.2;0.2
82;2021-02-04;768;216;9302;626;3.5;0.2
82;2021-02-05;480;145;9782;771;3.7;0.3
82;2021-02-06;93;39;9875;810;3.8;0.3
82;2021-02-07;29;79;9904;889;3.8;0.3
82;2021-02-08;151;225;10055;1114;3.8;0.4
82;2021-02-09;238;397;10293;1511;3.9;0.6
82;2021-02-10;271;599;10564;2110;4.0;0.8
82;2021-02-11;225;400;10789;2510;4.1;1.0
82;2021-02-12;190;608;10979;3118;4.2;1.2
82;2021-02-13;60;117;11039;3235;4.2;1.2
82;2021-02-14;5;80;11044;3315;4.2;1.3
82;2021-02-15;216;304;11260;3619;4.3;1.4
82;2021-02-16;280;391;11540;4010;4.4;1.5
82;2021-02-17;359;522;11899;4532;4.5;1.7
82;2021-02-18;508;506;12407;5038;4.7;1.9
82;2021-02-19;492;542;12899;5580;4.9;2.1
82;2021-02-20;78;139;12977;5719;4.9;2.2
82;2021-02-21;0;0;12977;5719;4.9;2.2
82;2021-02-22;200;407;13177;6126;5.0;2.3
82;2021-02-23;277;469;13454;6595;5.1;2.5
82;2021-02-24;285;456;13739;7051;5.2;2.7
82;2021-02-25;637;510;14376;7561;5.5;2.9
82;2021-02-26;648;398;15024;7959;5.7;3.0
82;2021-02-27;214;75;15238;8034;5.8;3.1
82;2021-02-28;30;7;15268;8041;5.8;3.1
82;2021-03-01;291;230;15559;8271;5.9;3.1
82;2021-03-02;495;405;16054;8676;6.1;3.3
82;2021-03-03;440;387;16494;9063;6.3;3.5
82;2021-03-04;600;301;17094;9364;6.5;3.6
82;2021-03-05;681;382;17775;9746;6.8;3.7
82;2021-03-06;693;47;18468;9793;7.0;3.7
82;2021-03-07;302;4;18770;9797;7.1;3.7
82;2021-03-08;603;154;19373;9951;7.4;3.8
82;2021-03-09;582;256;19955;10207;7.6;3.9
82;2021-03-10;779;248;20734;10455;7.9;4.0
82;2021-03-11;977;286;21711;10741;8.3;4.1
82;2021-03-12;992;105;22703;10846;8.6;4.1
82;2021-03-13;564;54;23267;10900;8.9;4.2
82;2021-03-14;61;5;23328;10905;8.9;4.2
82;2021-03-15;485;326;23813;11231;9.1;4.3
82;2021-03-16;197;332;24010;11563;9.1;4.4
82;2021-03-17;191;294;24201;11857;9.2;4.5
82;2021-03-18;279;350;24480;12207;9.3;4.6
82;2021-03-19;531;312;25011;12519;9.5;4.8
82;2021-03-20;251;58;25262;12577;9.6;4.8
82;2021-03-21;23;0;25285;12577;9.6;4.8
82;2021-03-22;406;323;25691;12900;9.8;4.9
82;2021-03-23;601;314;26292;13214;10.0;5.0
82;2021-03-24;621;332;26913;13546;10.2;5.2
82;2021-03-25;928;246;27841;13792;10.6;5.3
82;2021-03-26;1216;272;29057;14064;11.1;5.4
82;2021-03-27;479;79;29536;14143;11.2;5.4
82;2021-03-28;136;2;29672;14145;11.3;5.4
82;2021-03-29;925;379;30597;14524;11.7;5.5
82;2021-03-30;1188;280;31785;14804;12.1;5.6
82;2021-03-31;1018;263;32803;15067;12.5;5.7
82;2021-04-01;1070;199;33873;15266;12.9;5.8
82;2021-04-02;1213;286;35086;15552;13.4;5.9
82;2021-04-03;715;132;35801;15684;13.6;6.0
82;2021-04-04;276;14;36077;15698;13.7;6.0
82;2021-04-05;388;20;36465;15718;13.9;6.0
82;2021-04-06;953;512;37418;16230;14.2;6.2
82;2021-04-07;1016;498;38434;16728;14.6;6.4
82;2021-04-08;1454;418;39888;17146;15.2;6.5
82;2021-04-09;1656;474;41544;17620;15.8;6.7
82;2021-04-10;1716;103;43260;17723;16.5;6.7
82;2021-04-11;560;20;43820;17743;16.7;6.8
82;2021-04-12;1348;294;45168;18037;17.2;6.9
82;2021-04-13;1626;275;46794;18312;17.8;7.0
82;2021-04-14;1412;302;48206;18614;18.4;7.1
82;2021-04-15;1781;325;49987;18939;19.0;7.2
82;2021-04-16;1542;336;51529;19275;19.6;7.3
82;2021-04-17;1243;71;52772;19346;20.1;7.4
82;2021-04-18;560;15;53332;19361;20.3;7.4
82;2021-04-19;958;360;54290;19721;20.7;7.5
82;2021-04-20;1267;403;55557;20124;21.2;7.7
82;2021-04-21;1217;374;56774;20498;21.6;7.8
82;2021-04-22;1452;295;58226;20793;22.2;7.9
82;2021-04-23;1076;683;59302;21476;22.6;8.2
82;2021-04-24;1188;265;60490;21741;23.0;8.3
82;2021-04-25;736;49;61226;21790;23.3;8.3
82;2021-04-26;748;810;61974;22600;23.6;8.6
82;2021-04-27;905;925;62879;23525;23.9;9.0
82;2021-04-28;921;898;63800;24423;24.3;9.3
82;2021-04-29;1107;912;64907;25335;24.7;9.6
82;2021-04-30;1042;891;65949;26226;25.1;10.0
82;2021-05-01;1143;258;67092;26484;25.5;10.1
82;2021-05-02;697;145;67789;26629;25.8;10.1
82;2021-05-03;410;1217;68199;27846;26.0;10.6
82;2021-05-04;862;1170;69061;29016;26.3;11.0
82;2021-05-05;568;1176;69629;30192;26.5;11.5
82;2021-05-06;848;1420;70477;31612;26.8;12.0
82;2021-05-07;734;1459;71211;33071;27.1;12.6
82;2021-05-08;934;520;72145;33591;27.5;12.8
82;2021-05-09;753;578;72898;34169;27.8;13.0
82;2021-05-10;850;1366;73748;35535;28.1;13.5
82;2021-05-11;1157;1348;74905;36883;28.5;14.0
82;2021-05-12;1015;1345;75920;38228;28.9;14.6
82;2021-05-13;1454;432;77374;38660;29.5;14.7
82;2021-05-14;1690;1240;79064;39900;30.1;15.2
82;2021-05-15;1934;697;80998;40597;30.8;15.5
82;2021-05-16;558;114;81556;40711;31.1;15.5
82;2021-05-17;1090;1173;82646;41884;31.5;15.9
82;2021-05-18;1465;1190;84111;43074;32.0;16.4
82;2021-05-19;1272;974;85383;44048;32.5;16.8
82;2021-05-20;1408;1160;86791;45208;33.0;17.2
82;2021-05-21;1411;1219;88202;46427;33.6;17.7
82;2021-05-22;2067;631;90269;47058;34.4;17.9
82;2021-05-23;705;117;90974;47175;34.6;18.0
82;2021-05-24;1441;265;92415;47440;35.2;18.1
82;2021-05-25;1444;963;93859;48403;35.7;18.4
82;2021-05-26;1411;919;95270;49322;36.3;18.8
82;2021-05-27;1460;1025;96730;50347;36.8;19.2
82;2021-05-28;1540;1146;98270;51493;37.4;19.6
82;2021-05-29;1496;545;99766;52038;38.0;19.8
82;2021-05-30;402;101;100168;52139;38.1;19.9
82;2021-05-31;1490;991;101658;53130;38.7;20.2
82;2021-06-01;1750;1052;103408;54182;39.4;20.6
82;2021-06-02;1477;1007;104885;55189;39.9;21.0
82;2021-06-03;1489;1184;106374;56373;40.5;21.5
82;2021-06-04;2250;1306;108624;57679;41.4;22.0
82;2021-06-05;2267;987;110891;58666;42.2;22.3
82;2021-06-06;329;133;111220;58799;42.4;22.4
82;2021-06-07;957;1275;112177;60074;42.7;22.9
82;2021-06-08;1445;1138;113622;61212;43.3;23.3
82;2021-06-09;1707;1142;115329;62354;43.9;23.7
82;2021-06-10;1441;1208;116770;63562;44.5;24.2
82;2021-06-11;1922;1128;118692;64690;45.2;24.6
82;2021-06-12;2392;1395;121084;66085;46.1;25.2
82;2021-06-13;379;113;121463;66198;46.3;25.2
82;2021-06-14;1213;1082;122676;67280;46.7;25.6
82;2021-06-15;1462;1245;124138;68525;47.3;26.1
82;2021-06-16;1749;1168;125887;69693;47.9;26.5
82;2021-06-17;1219;1472;127106;71165;48.4;27.1
82;2021-06-18;1469;1439;128575;72604;49.0;27.6
82;2021-06-19;2269;981;130844;73585;49.8;28.0
82;2021-06-20;269;173;131113;73758;49.9;28.1
82;2021-06-21;484;1361;131597;75119;50.1;28.6
82;2021-06-22;893;1710;132490;76829;50.4;29.3
82;2021-06-23;1238;1587;133728;78416;50.9;29.9
82;2021-06-24;756;1904;134484;80320;51.2;30.6
82;2021-06-25;739;1936;135223;82256;51.5;31.3
82;2021-06-26;1239;2146;136462;84402;52.0;32.1
82;2021-06-27;195;440;136657;84842;52.0;32.3
82;2021-06-28;329;1411;136986;86253;52.2;32.8
82;2021-06-29;518;1842;137504;88095;52.4;33.5
82;2021-06-30;947;1912;138451;90007;52.7;34.3
82;2021-07-01;658;1633;139109;91640;53.0;34.9
82;2021-07-02;931;2295;140040;93935;53.3;35.8
82;2021-07-03;858;2340;140898;96275;53.7;36.7
82;2021-07-04;120;439;141018;96714;53.7;36.8
82;2021-07-05;445;1561;141463;98275;53.9;37.4
82;2021-07-06;513;1867;141976;100142;54.1;38.1
82;2021-07-07;793;1775;142769;101917;54.4;38.8
82;2021-07-08;504;1504;143273;103421;54.6;39.4
82;2021-07-09;781;2155;144054;105576;54.9;40.2
82;2021-07-10;706;2218;144760;107794;55.1;41.0
82;2021-07-11;39;380;144799;108174;55.1;41.2
82;2021-07-12;578;1884;145377;110058;55.4;41.9
82;2021-07-13;714;2003;146091;112061;55.6;42.7
82;2021-07-14;617;741;146708;112802;55.9;43.0
82;2021-07-15;859;1751;147567;114553;56.2;43.6
82;2021-07-16;1436;2638;149003;117191;56.7;44.6
82;2021-07-17;560;2182;149563;119373;57.0;45.5
82;2021-07-18;14;41;149577;119414;57.0;45.5
82;2021-07-19;736;2072;150313;121486;57.2;46.3
82;2021-07-20;920;1883;151233;123369;57.6;47.0
82;2021-07-21;1289;1762;152522;125131;58.1;47.6
82;2021-07-22;1083;1766;153605;126897;58.5;48.3
82;2021-07-23;1056;2990;154661;129887;58.9;49.5
82;2021-07-24;1102;1490;155763;131377;59.3;50.0
82;2021-07-25;303;74;156066;131451;59.4;50.1
82;2021-07-26;950;1896;157016;133347;59.8;50.8
82;2021-07-27;1324;1641;158340;134988;60.3;51.4
82;2021-07-28;1469;1499;159809;136487;60.9;52.0
82;2021-07-29;1331;1534;161140;138021;61.4;52.6
82;2021-07-30;1537;2477;162677;140498;61.9;53.5
82;2021-07-31;459;296;163136;140794;62.1;53.6
82;2021-08-01;273;50;163409;140844;62.2;53.6
82;2021-08-02;1271;879;164680;141723;62.7;54.0
82;2021-08-03;1435;832;166115;142555;63.3;54.3
82;2021-08-04;1363;1029;167478;143584;63.8;54.7
82;2021-08-05;1491;601;168969;144185;64.3;54.9
82;2021-08-06;996;648;169965;144833;64.7;55.1
82;2021-08-07;923;1197;170888;146030;65.1;55.6
82;2021-08-08;157;65;171045;146095;65.1;55.6
82;2021-08-09;1071;899;172116;146994;65.5;56.0
82;2021-08-10;1289;916;173405;147910;66.0;56.3
82;2021-08-11;1264;1123;174669;149033;66.5;56.7
82;2021-08-12;1473;946;176142;149979;67.1;57.1
82;2021-08-13;1413;997;177555;150976;67.6;57.5
82;2021-08-14;314;486;177869;151462;67.7;57.7
82;2021-08-15;61;38;177930;151500;67.8;57.7
82;2021-08-16;781;1459;178711;152959;68.0;58.2
82;2021-08-17;1064;1235;179775;154194;68.5;58.7
82;2021-08-18;616;848;180391;155042;68.7;59.0
82;2021-08-19;1012;1147;181403;156189;69.1;59.5
82;2021-08-20;1034;1907;182437;158096;69.5;60.2
82;2021-08-21;495;991;182932;159087;69.7;60.6
82;2021-08-22;21;55;182953;159142;69.7;60.6
82;2021-08-23;745;1292;183698;160434;69.9;61.1
82;2021-08-24;863;1117;184561;161551;70.3;61.5
82;2021-08-25;849;1538;185410;163089;70.6;62.1
82;2021-08-26;598;1108;186008;164197;70.8;62.5
82;2021-08-27;898;1686;186906;165883;71.2;63.2
82;2021-08-28;211;616;187117;166499;71.3;63.4
82;2021-08-29;44;49;187161;166548;71.3;63.4
82;2021-08-30;431;1015;187592;167563;71.4;63.8
82;2021-08-31;339;1004;187931;168567;71.6;64.2
82;2021-09-01;721;1356;188652;169923;71.8;64.7
82;2021-09-02;406;1235;189058;171158;72.0;65.2
82;2021-09-03;500;1738;189558;172896;72.2;65.8
82;2021-09-04;426;691;189984;173587;72.3;66.1
82;2021-09-05;6;23;189990;173610;72.3;66.1
82;2021-09-06;374;1141;190364;174751;72.5;66.5
82;2021-09-07;209;880;190573;175631;72.6;66.9
82;2021-09-08;495;1169;191068;176800;72.8;67.3
82;2021-09-09;249;930;191317;177730;72.8;67.7
82;2021-09-10;490;1249;191807;178979;73.0;68.2
82;2021-09-11;212;475;192019;179454;73.1;68.3
82;2021-09-12;12;29;192031;179483;73.1;68.3
82;2021-09-13;298;851;192329;180334;73.2;68.7
82;2021-09-14;210;802;192539;181136;73.3;69.0
82;2021-09-15;308;1166;192847;182302;73.4;69.4
82;2021-09-16;221;496;193068;182798;73.5;69.6
82;2021-09-17;189;495;193257;183293;73.6;69.8
82;2021-09-18;326;1082;193583;184375;73.7;70.2
82;2021-09-19;1;14;193584;184389;73.7;70.2
82;2021-09-20;141;416;193725;184805;73.8;70.4
82;2021-09-21;94;382;193819;185187;73.8;70.5
82;2021-09-22;137;455;193956;185642;73.9;70.7
82;2021-09-23;112;383;194068;186025;73.9;70.8
82;2021-09-24;211;600;194279;186625;74.0;71.1
82;2021-09-25;231;659;194510;187284;74.1;71.3
82;2021-09-26;5;10;194515;187294;74.1;71.3
82;2021-09-27;100;453;194615;187747;74.1;71.5
82;2021-09-28;90;229;194705;187976;74.1;71.6
82;2021-09-29;231;479;194936;188455;74.2;71.8
82;2021-09-30;111;250;195047;188705;74.3;71.9
82;2021-10-01;197;372;195244;189077;74.3;72.0
82;2021-10-02;133;273;195377;189350;74.4;72.1
82;2021-10-03;4;1;195381;189351;74.4;72.1
82;2021-10-04;120;415;195501;189766;74.4;72.3
82;2021-10-05;129;274;195630;190040;74.5;72.4
82;2021-10-06;167;343;195797;190383;74.6;72.5
82;2021-10-07;63;124;195860;190507;74.6;72.5
82;2021-10-08;291;386;196151;190893;74.7;72.7
82;2021-10-09;122;247;196273;191140;74.7;72.8
82;2021-10-10;2;14;196275;191154;74.7;72.8
82;2021-10-11;93;226;196368;191380;74.8;72.9
82;2021-10-12;87;140;196455;191520;74.8;72.9
82;2021-10-13;185;292;196640;191812;74.9;73.0
83;2020-12-27;2;0;2;0;0.0;0.0
83;2020-12-28;0;0;2;0;0.0;0.0
83;2020-12-29;2;0;4;0;0.0;0.0
83;2020-12-30;3;0;7;0;0.0;0.0
83;2020-12-31;0;0;7;0;0.0;0.0
83;2021-01-01;1;0;8;0;0.0;0.0
83;2021-01-02;0;0;8;0;0.0;0.0
83;2021-01-03;1;0;9;0;0.0;0.0
83;2021-01-04;1;0;10;0;0.0;0.0
83;2021-01-05;4;1;14;1;0.0;0.0
83;2021-01-06;69;0;83;1;0.0;0.0
83;2021-01-07;324;0;407;1;0.0;0.0
83;2021-01-08;421;1;828;2;0.1;0.0
83;2021-01-09;48;0;876;2;0.1;0.0
83;2021-01-10;1;0;877;2;0.1;0.0
83;2021-01-11;475;0;1352;2;0.1;0.0
83;2021-01-12;1015;5;2367;7;0.2;0.0
83;2021-01-13;963;8;3330;15;0.3;0.0
83;2021-01-14;848;9;4178;24;0.4;0.0
83;2021-01-15;714;3;4892;27;0.5;0.0
83;2021-01-16;42;1;4934;28;0.5;0.0
83;2021-01-17;1;0;4935;28;0.5;0.0
83;2021-01-18;1227;4;6162;32;0.6;0.0
83;2021-01-19;2021;8;8183;40;0.8;0.0
83;2021-01-20;1660;9;9843;49;0.9;0.0
83;2021-01-21;2101;8;11944;57;1.1;0.0
83;2021-01-22;1663;8;13607;65;1.3;0.0
83;2021-01-23;246;2;13853;67;1.3;0.0
83;2021-01-24;21;1;13874;68;1.3;0.0
83;2021-01-25;1556;7;15430;75;1.4;0.0
83;2021-01-26;1758;15;17188;90;1.6;0.0
83;2021-01-27;2156;87;19344;177;1.8;0.0
83;2021-01-28;5100;392;24444;569;2.3;0.1
83;2021-01-29;2949;355;27393;924;2.6;0.1
83;2021-01-30;237;47;27630;971;2.6;0.1
83;2021-01-31;46;0;27676;971;2.6;0.1
83;2021-02-01;1283;413;28959;1384;2.7;0.1
83;2021-02-02;1441;720;30400;2104;2.8;0.2
83;2021-02-03;1527;635;31927;2739;3.0;0.3
83;2021-02-04;1485;743;33412;3482;3.1;0.3
83;2021-02-05;1227;681;34639;4163;3.2;0.4
83;2021-02-06;24;15;34663;4178;3.2;0.4
83;2021-02-07;2;0;34665;4178;3.2;0.4
83;2021-02-08;1090;622;35755;4800;3.3;0.4
83;2021-02-09;1325;911;37080;5711;3.5;0.5
83;2021-02-10;1538;803;38618;6514;3.6;0.6
83;2021-02-11;1612;1028;40230;7542;3.7;0.7
83;2021-02-12;1352;825;41582;8367;3.9;0.8
83;2021-02-13;55;26;41637;8393;3.9;0.8
83;2021-02-14;0;0;41637;8393;3.9;0.8
83;2021-02-15;677;1050;42314;9443;3.9;0.9
83;2021-02-16;543;1371;42857;10814;4.0;1.0
83;2021-02-17;805;1831;43662;12645;4.1;1.2
83;2021-02-18;1630;3872;45292;16517;4.2;1.5
83;2021-02-19;1482;2331;46774;18848;4.4;1.8
83;2021-02-20;63;169;46837;19017;4.4;1.8
83;2021-02-21;25;36;46862;19053;4.4;1.8
83;2021-02-22;507;1748;47369;20801;4.4;1.9
83;2021-02-23;673;1441;48042;22242;4.5;2.1
83;2021-02-24;726;1484;48768;23726;4.5;2.2
83;2021-02-25;1252;1410;50020;25136;4.7;2.3
83;2021-02-26;1298;1255;51318;26391;4.8;2.5
83;2021-02-27;552;56;51870;26447;4.8;2.5
83;2021-02-28;10;15;51880;26462;4.8;2.5
83;2021-03-01;808;1239;52688;27701;4.9;2.6
83;2021-03-02;992;1310;53680;29011;5.0;2.7
83;2021-03-03;1440;1528;55120;30539;5.1;2.8
83;2021-03-04;1895;1393;57015;31932;5.3;3.0
83;2021-03-05;2221;1242;59236;33174;5.5;3.1
83;2021-03-06;3010;121;62246;33295;5.8;3.1
83;2021-03-07;2227;49;64473;33344;6.0;3.1
83;2021-03-08;851;1320;65324;34664;6.1;3.2
83;2021-03-09;1938;1230;67262;35894;6.3;3.3
83;2021-03-10;2382;1374;69644;37268;6.5;3.5
83;2021-03-11;3677;2216;73321;39484;6.8;3.7
83;2021-03-12;3662;1519;76983;41003;7.2;3.8
83;2021-03-13;4614;186;81597;41189;7.6;3.8
83;2021-03-14;2343;62;83940;41251;7.8;3.8
83;2021-03-15;3339;676;87279;41927;8.1;3.9
83;2021-03-16;2603;701;89882;42628;8.4;4.0
83;2021-03-17;2846;790;92728;43418;8.6;4.0
83;2021-03-18;3553;797;96281;44215;9.0;4.1
83;2021-03-19;4175;594;100456;44809;9.4;4.2
83;2021-03-20;3476;77;103932;44886;9.7;4.2
83;2021-03-21;2011;32;105943;44918;9.9;4.2
83;2021-03-22;3965;898;109908;45816;10.2;4.3
83;2021-03-23;4751;601;114659;46417;10.7;4.3
83;2021-03-24;5048;731;119707;47148;11.1;4.4
83;2021-03-25;6536;863;126243;48011;11.8;4.5
83;2021-03-26;7176;763;133419;48774;12.4;4.5
83;2021-03-27;3969;390;137388;49164;12.8;4.6
83;2021-03-28;2183;35;139571;49199;13.0;4.6
83;2021-03-29;4558;777;144129;49976;13.4;4.7
83;2021-03-30;5969;962;150098;50938;14.0;4.7
83;2021-03-31;5553;1083;155651;52021;14.5;4.8
83;2021-04-01;5980;1272;161631;53293;15.1;5.0
83;2021-04-02;5763;1078;167394;54371;15.6;5.1
83;2021-04-03;1800;636;169194;55007;15.8;5.1
83;2021-04-04;854;348;170048;55355;15.8;5.2
83;2021-04-05;190;67;170238;55422;15.9;5.2
83;2021-04-06;4733;1412;174971;56834;16.3;5.3
83;2021-04-07;5832;1666;180803;58500;16.8;5.4
83;2021-04-08;7893;2015;188696;60515;17.6;5.6
83;2021-04-09;7599;2213;196295;62728;18.3;5.8
83;2021-04-10;2948;2656;199243;65384;18.6;6.1
83;2021-04-11;1716;2143;200959;67527;18.7;6.3
83;2021-04-12;4951;2885;205910;70412;19.2;6.6
83;2021-04-13;5408;3007;211318;73419;19.7;6.8
83;2021-04-14;5897;2954;217215;76373;20.2;7.1
83;2021-04-15;6776;3045;223991;79418;20.9;7.4
83;2021-04-16;6127;3530;230118;82948;21.4;7.7
83;2021-04-17;3511;2194;233629;85142;21.8;7.9
83;2021-04-18;2179;1301;235808;86443;22.0;8.0
83;2021-04-19;4113;3909;239921;90352;22.3;8.4
83;2021-04-20;4360;3875;244281;94227;22.7;8.8
83;2021-04-21;4300;4157;248581;98384;23.1;9.2
83;2021-04-22;5009;4309;253590;102693;23.6;9.6
83;2021-04-23;4529;4572;258119;107265;24.0;10.0
83;2021-04-24;2629;2721;260748;109986;24.3;10.2
83;2021-04-25;1925;1572;262673;111558;24.5;10.4
83;2021-04-26;3568;3856;266241;115414;24.8;10.7
83;2021-04-27;4140;4560;270381;119974;25.2;11.2
83;2021-04-28;4314;4382;274695;124356;25.6;11.6
83;2021-04-29;5823;5139;280518;129495;26.1;12.1
83;2021-04-30;5786;4316;286304;133811;26.7;12.5
83;2021-05-01;1693;431;287997;134242;26.8;12.5
83;2021-05-02;1237;760;289234;135002;26.9;12.6
83;2021-05-03;3751;4287;292985;139289;27.3;13.0
83;2021-05-04;3345;5104;296330;144393;27.6;13.4
83;2021-05-05;3644;4977;299974;149370;27.9;13.9
83;2021-05-06;4678;4966;304652;154336;28.4;14.4
83;2021-05-07;4166;5315;308818;159651;28.8;14.9
83;2021-05-08;2764;1017;311582;160668;29.0;15.0
83;2021-05-09;2151;1237;313733;161905;29.2;15.1
83;2021-05-10;3201;5428;316934;167333;29.5;15.6
83;2021-05-11;5126;5691;322060;173024;30.0;16.1
83;2021-05-12;6293;4845;328353;177869;30.6;16.6
83;2021-05-13;6582;1345;334935;179214;31.2;16.7
83;2021-05-14;7422;4117;342357;183331;31.9;17.1
83;2021-05-15;7751;2210;350108;185541;32.6;17.3
83;2021-05-16;6624;1247;356732;186788;33.2;17.4
83;2021-05-17;4894;4211;361626;190999;33.7;17.8
83;2021-05-18;5533;3865;367159;194864;34.2;18.1
83;2021-05-19;6207;3410;373366;198274;34.8;18.5
83;2021-05-20;6753;3807;380119;202081;35.4;18.8
83;2021-05-21;7904;3870;388023;205951;36.1;19.2
83;2021-05-22;6087;1720;394110;207671;36.7;19.3
83;2021-05-23;4682;713;398792;208384;37.1;19.4
83;2021-05-24;5809;973;404601;209357;37.7;19.5
83;2021-05-25;5510;4758;410111;214115;38.2;19.9
83;2021-05-26;4858;4447;414969;218562;38.6;20.4
83;2021-05-27;5069;5259;420038;223821;39.1;20.8
83;2021-05-28;4504;5760;424542;229581;39.5;21.4
83;2021-05-29;2706;4271;427248;233852;39.8;21.8
83;2021-05-30;1256;1373;428504;235225;39.9;21.9
83;2021-05-31;5486;4765;433990;239990;40.4;22.3
83;2021-06-01;5732;5308;439722;245298;40.9;22.8
83;2021-06-02;5262;4585;444984;249883;41.4;23.3
83;2021-06-03;5744;5134;450728;255017;42.0;23.7
83;2021-06-04;5445;6043;456173;261060;42.5;24.3
83;2021-06-05;3919;3198;460092;264258;42.8;24.6
83;2021-06-06;1933;1383;462025;265641;43.0;24.7
83;2021-06-07;3912;5093;465937;270734;43.4;25.2
83;2021-06-08;4175;4821;470112;275555;43.8;25.7
83;2021-06-09;4007;4704;474119;280259;44.2;26.1
83;2021-06-10;3999;4264;478118;284523;44.5;26.5
83;2021-06-11;3659;5451;481777;289974;44.9;27.0
83;2021-06-12;2913;2985;484690;292959;45.1;27.3
83;2021-06-13;995;1390;485685;294349;45.2;27.4
83;2021-06-14;2854;5656;488539;300005;45.5;27.9
83;2021-06-15;3166;4861;491705;304866;45.8;28.4
83;2021-06-16;2963;4504;494668;309370;46.1;28.8
83;2021-06-17;2785;5291;497453;314661;46.3;29.3
83;2021-06-18;3160;5965;500613;320626;46.6;29.9
83;2021-06-19;2323;4100;502936;324726;46.8;30.2
83;2021-06-20;676;1889;503612;326615;46.9;30.4
83;2021-06-21;2109;7585;505721;334200;47.1;31.1
83;2021-06-22;2103;7167;507824;341367;47.3;31.8
83;2021-06-23;1935;6929;509759;348296;47.5;32.4
83;2021-06-24;1962;7367;511721;355663;47.7;33.1
83;2021-06-25;2111;8395;513832;364058;47.9;33.9
83;2021-06-26;1462;6808;515294;370866;48.0;34.5
83;2021-06-27;692;3184;515986;374050;48.1;34.8
83;2021-06-28;1570;7882;517556;381932;48.2;35.6
83;2021-06-29;1907;7809;519463;389741;48.4;36.3
83;2021-06-30;2240;7274;521703;397015;48.6;37.0
83;2021-07-01;2562;6567;524265;403582;48.8;37.6
83;2021-07-02;2265;7798;526530;411380;49.0;38.3
83;2021-07-03;1509;5685;528039;417065;49.2;38.8
83;2021-07-04;572;2752;528611;419817;49.2;39.1
83;2021-07-05;1925;7532;530536;427349;49.4;39.8
83;2021-07-06;2571;5941;533107;433290;49.6;40.3
83;2021-07-07;2686;4667;535793;437957;49.9;40.8
83;2021-07-08;3246;4477;539039;442434;50.2;41.2
83;2021-07-09;3045;6965;542084;449399;50.5;41.8
83;2021-07-10;1579;4929;543663;454328;50.6;42.3
83;2021-07-11;1009;1766;544672;456094;50.7;42.5
83;2021-07-12;2142;7689;546814;463783;50.9;43.2
83;2021-07-13;4042;7097;550856;470880;51.3;43.9
83;2021-07-14;2094;1322;552950;472202;51.5;44.0
83;2021-07-15;4580;6845;557530;479047;51.9;44.6
83;2021-07-16;5274;7123;562804;486170;52.4;45.3
83;2021-07-17;3650;5002;566454;491172;52.8;45.7
83;2021-07-18;1604;1311;568058;492483;52.9;45.9
83;2021-07-19;3954;6320;572012;498803;53.3;46.5
83;2021-07-20;5986;6197;577998;505000;53.8;47.0
83;2021-07-21;6031;5216;584029;510216;54.4;47.5
83;2021-07-22;7118;5545;591147;515761;55.1;48.0
83;2021-07-23;7098;5921;598245;521682;55.7;48.6
83;2021-07-24;4650;4569;602895;526251;56.1;49.0
83;2021-07-25;1329;737;604224;526988;56.3;49.1
83;2021-07-26;5546;4939;609770;531927;56.8;49.5
83;2021-07-27;6833;4906;616603;536833;57.4;50.0
83;2021-07-28;6601;4427;623204;541260;58.0;50.4
83;2021-07-29;7500;4862;630704;546122;58.7;50.9
83;2021-07-30;6968;4762;637672;550884;59.4;51.3
83;2021-07-31;4667;3218;642339;554102;59.8;51.6
83;2021-08-01;1066;849;643405;554951;59.9;51.7
83;2021-08-02;5771;3710;649176;558661;60.5;52.0
83;2021-08-03;6387;3998;655563;562659;61.0;52.4
83;2021-08-04;5915;3717;661478;566376;61.6;52.7
83;2021-08-05;6184;4091;667662;570467;62.2;53.1
83;2021-08-06;6162;4918;673824;575385;62.7;53.6
83;2021-08-07;3751;3557;677575;578942;63.1;53.9
83;2021-08-08;1064;823;678639;579765;63.2;54.0
83;2021-08-09;4718;4647;683357;584412;63.6;54.4
83;2021-08-10;5236;5149;688593;589561;64.1;54.9
83;2021-08-11;4593;5069;693186;594630;64.6;55.4
83;2021-08-12;4929;5569;698115;600199;65.0;55.9
83;2021-08-13;4938;5741;703053;605940;65.5;56.4
83;2021-08-14;3223;3892;706276;609832;65.8;56.8
83;2021-08-15;208;392;706484;610224;65.8;56.8
83;2021-08-16;3632;5483;710116;615707;66.1;57.3
83;2021-08-17;3577;5272;713693;620979;66.5;57.8
83;2021-08-18;3608;5004;717301;625983;66.8;58.3
83;2021-08-19;4181;6261;721482;632244;67.2;58.9
83;2021-08-20;3644;6516;725126;638760;67.5;59.5
83;2021-08-21;2348;4490;727474;643250;67.7;59.9
83;2021-08-22;635;1033;728109;644283;67.8;60.0
83;2021-08-23;2506;5787;730615;650070;68.0;60.5
83;2021-08-24;2924;5922;733539;655992;68.3;61.1
83;2021-08-25;2585;5294;736124;661286;68.6;61.6
83;2021-08-26;2802;5846;738926;667132;68.8;62.1
83;2021-08-27;2918;5925;741844;673057;69.1;62.7
83;2021-08-28;1934;4539;743778;677596;69.3;63.1
83;2021-08-29;476;1162;744254;678758;69.3;63.2
83;2021-08-30;2384;4883;746638;683641;69.5;63.7
83;2021-08-31;2510;5296;749148;688937;69.8;64.2
83;2021-09-01;2549;4593;751697;693530;70.0;64.6
83;2021-09-02;2485;4428;754182;697958;70.2;65.0
83;2021-09-03;2337;4647;756519;702605;70.5;65.4
83;2021-09-04;1946;4376;758465;706981;70.6;65.8
83;2021-09-05;568;415;759033;707396;70.7;65.9
83;2021-09-06;1659;3336;760692;710732;70.8;66.2
83;2021-09-07;1669;3167;762361;713899;71.0;66.5
83;2021-09-08;1937;3337;764298;717236;71.2;66.8
83;2021-09-09;1493;3301;765791;720537;71.3;67.1
83;2021-09-10;1780;3618;767571;724155;71.5;67.4
83;2021-09-11;1373;3633;768944;727788;71.6;67.8
83;2021-09-12;204;458;769148;728246;71.6;67.8
83;2021-09-13;1226;2516;770374;730762;71.7;68.1
83;2021-09-14;1328;2496;771702;733258;71.9;68.3
83;2021-09-15;1370;2538;773072;735796;72.0;68.5
83;2021-09-16;1042;2176;774114;737972;72.1;68.7
83;2021-09-17;1039;2527;775153;740499;72.2;69.0
83;2021-09-18;1023;3001;776176;743500;72.3;69.2
83;2021-09-19;97;399;776273;743899;72.3;69.3
83;2021-09-20;678;2034;776951;745933;72.4;69.5
83;2021-09-21;718;1810;777669;747743;72.4;69.6
83;2021-09-22;769;2498;778438;750241;72.5;69.9
83;2021-09-23;716;2113;779154;752354;72.6;70.1
83;2021-09-24;721;2197;779875;754551;72.6;70.3
83;2021-09-25;741;2666;780616;757217;72.7;70.5
83;2021-09-26;70;449;780686;757666;72.7;70.6
83;2021-09-27;593;1730;781279;759396;72.8;70.7
83;2021-09-28;542;1503;781821;760899;72.8;70.9
83;2021-09-29;715;1878;782536;762777;72.9;71.0
83;2021-09-30;638;1507;783174;764284;72.9;71.2
83;2021-10-01;746;1534;783920;765818;73.0;71.3
83;2021-10-02;688;1621;784608;767439;73.1;71.5
83;2021-10-03;108;254;784716;767693;73.1;71.5
83;2021-10-04;482;889;785198;768582;73.1;71.6
83;2021-10-05;591;1116;785789;769698;73.2;71.7
83;2021-10-06;742;1553;786531;771251;73.2;71.8
83;2021-10-07;520;1051;787051;772302;73.3;71.9
83;2021-10-08;729;1332;787780;773634;73.4;72.0
83;2021-10-09;520;987;788300;774621;73.4;72.1
83;2021-10-10;16;39;788316;774660;73.4;72.1
83;2021-10-11;630;1124;788946;775784;73.5;72.2
83;2021-10-12;487;780;789433;776564;73.5;72.3
83;2021-10-13;620;995;790053;777559;73.6;72.4
84;2020-12-27;1;1;1;1;0.0;0.0
84;2020-12-28;1;1;2;2;0.0;0.0
84;2020-12-29;3;1;5;3;0.0;0.0
84;2020-12-30;2;0;7;3;0.0;0.0
84;2020-12-31;2;0;9;3;0.0;0.0
84;2021-01-01;0;0;9;3;0.0;0.0
84;2021-01-02;0;0;9;3;0.0;0.0
84;2021-01-03;0;0;9;3;0.0;0.0
84;2021-01-04;0;0;9;3;0.0;0.0
84;2021-01-05;0;0;9;3;0.0;0.0
84;2021-01-06;0;0;9;3;0.0;0.0
84;2021-01-07;69;0;78;3;0.0;0.0
84;2021-01-08;84;0;162;3;0.0;0.0
84;2021-01-09;31;1;193;4;0.0;0.0
84;2021-01-10;0;0;193;4;0.0;0.0
84;2021-01-11;219;0;412;4;0.1;0.0
84;2021-01-12;624;2;1036;6;0.2;0.0
84;2021-01-13;359;1;1395;7;0.2;0.0
84;2021-01-14;960;16;2355;23;0.4;0.0
84;2021-01-15;619;11;2974;34;0.5;0.0
84;2021-01-16;167;1;3141;35;0.6;0.0
84;2021-01-17;29;1;3170;36;0.6;0.0
84;2021-01-18;697;3;3867;39;0.7;0.0
84;2021-01-19;881;6;4748;45;0.8;0.0
84;2021-01-20;1023;6;5771;51;1.0;0.0
84;2021-01-21;1050;6;6821;57;1.2;0.0
84;2021-01-22;1135;2;7956;59;1.4;0.0
84;2021-01-23;250;0;8206;59;1.5;0.0
84;2021-01-24;3;0;8209;59;1.5;0.0
84;2021-01-25;809;4;9018;63;1.6;0.0
84;2021-01-26;940;7;9958;70;1.8;0.0
84;2021-01-27;1072;4;11030;74;2.0;0.0
84;2021-01-28;1622;19;12652;93;2.3;0.0
84;2021-01-29;1202;63;13854;156;2.5;0.0
84;2021-01-30;171;21;14025;177;2.5;0.0
84;2021-01-31;7;0;14032;177;2.5;0.0
84;2021-02-01;662;146;14694;323;2.6;0.1
84;2021-02-02;789;268;15483;591;2.8;0.1
84;2021-02-03;762;243;16245;834;2.9;0.1
84;2021-02-04;913;400;17158;1234;3.1;0.2
84;2021-02-05;728;416;17886;1650;3.2;0.3
84;2021-02-06;127;49;18013;1699;3.2;0.3
84;2021-02-07;1;0;18014;1699;3.2;0.3
84;2021-02-08;569;274;18583;1973;3.3;0.4
84;2021-02-09;694;720;19277;2693;3.4;0.5
84;2021-02-10;560;565;19837;3258;3.5;0.6
84;2021-02-11;549;590;20386;3848;3.6;0.7
84;2021-02-12;562;680;20948;4528;3.7;0.8
84;2021-02-13;48;170;20996;4698;3.7;0.8
84;2021-02-14;3;0;20999;4698;3.7;0.8
84;2021-02-15;207;887;21206;5585;3.8;1.0
84;2021-02-16;223;823;21429;6408;3.8;1.1
84;2021-02-17;448;778;21877;7186;3.9;1.3
84;2021-02-18;557;1102;22434;8288;4.0;1.5
84;2021-02-19;739;1184;23173;9472;4.1;1.7
84;2021-02-20;68;153;23241;9625;4.1;1.7
84;2021-02-21;6;37;23247;9662;4.1;1.7
84;2021-02-22;369;744;23616;10406;4.2;1.9
84;2021-02-23;272;704;23888;11110;4.3;2.0
84;2021-02-24;395;736;24283;11846;4.3;2.1
84;2021-02-25;713;862;24996;12708;4.5;2.3
84;2021-02-26;823;682;25819;13390;4.6;2.4
84;2021-02-27;133;125;25952;13515;4.6;2.4
84;2021-02-28;18;0;25970;13515;4.6;2.4
84;2021-03-01;459;667;26429;14182;4.7;2.5
84;2021-03-02;634;809;27063;14991;4.8;2.7
84;2021-03-03;820;949;27883;15940;5.0;2.8
84;2021-03-04;1100;695;28983;16635;5.2;3.0
84;2021-03-05;1312;527;30295;17162;5.4;3.1
84;2021-03-06;1459;68;31754;17230;5.7;3.1
84;2021-03-07;481;17;32235;17247;5.7;3.1
84;2021-03-08;813;612;33048;17859;5.9;3.2
84;2021-03-09;1390;785;34438;18644;6.1;3.3
84;2021-03-10;1474;674;35912;19318;6.4;3.4
84;2021-03-11;1983;649;37895;19967;6.8;3.6
84;2021-03-12;2083;638;39978;20605;7.1;3.7
84;2021-03-13;747;37;40725;20642;7.3;3.7
84;2021-03-14;247;53;40972;20695;7.3;3.7
84;2021-03-15;1073;311;42045;21006;7.5;3.7
84;2021-03-16;1180;328;43225;21334;7.7;3.8
84;2021-03-17;1147;445;44372;21779;7.9;3.9
84;2021-03-18;1459;399;45831;22178;8.2;4.0
84;2021-03-19;2179;465;48010;22643;8.6;4.0
84;2021-03-20;841;28;48851;22671;8.7;4.0
84;2021-03-21;151;11;49002;22682;8.7;4.0
84;2021-03-22;1162;468;50164;23150;8.9;4.1
84;2021-03-23;1916;440;52080;23590;9.3;4.2
84;2021-03-24;2177;405;54257;23995;9.7;4.3
84;2021-03-25;3656;406;57913;24401;10.3;4.3
84;2021-03-26;3319;489;61232;24890;10.9;4.4
84;2021-03-27;915;60;62147;24950;11.1;4.4
84;2021-03-28;74;3;62221;24953;11.1;4.4
84;2021-03-29;1717;537;63938;25490;11.4;4.5
84;2021-03-30;2674;692;66612;26182;11.9;4.7
84;2021-03-31;2405;651;69017;26833;12.3;4.8
84;2021-04-01;3021;587;72038;27420;12.8;4.9
84;2021-04-02;2452;538;74490;27958;13.3;5.0
84;2021-04-03;512;29;75002;27987;13.4;5.0
84;2021-04-04;15;2;75017;27989;13.4;5.0
84;2021-04-05;814;105;75831;28094;13.5;5.0
84;2021-04-06;2147;850;77978;28944;13.9;5.2
84;2021-04-07;2406;871;80384;29815;14.3;5.3
84;2021-04-08;3653;1052;84037;30867;15.0;5.5
84;2021-04-09;4116;958;88153;31825;15.7;5.7
84;2021-04-10;1310;135;89463;31960;15.9;5.7
84;2021-04-11;37;12;89500;31972;16.0;5.7
84;2021-04-12;2095;814;91595;32786;16.3;5.8
84;2021-04-13;2940;1373;94535;34159;16.9;6.1
84;2021-04-14;2811;1362;97346;35521;17.4;6.3
84;2021-04-15;3272;1426;100618;36947;17.9;6.6
84;2021-04-16;3432;1556;104050;38503;18.5;6.9
84;2021-04-17;1666;201;105716;38704;18.8;6.9
84;2021-04-18;38;1;105754;38705;18.9;6.9
84;2021-04-19;2507;927;108261;39632;19.3;7.1
84;2021-04-20;2628;1535;110889;41167;19.8;7.3
84;2021-04-21;2651;1491;113540;42658;20.2;7.6
84;2021-04-22;3014;1744;116554;44402;20.8;7.9
84;2021-04-23;3042;1912;119596;46314;21.3;8.3
84;2021-04-24;1530;289;121126;46603;21.6;8.3
84;2021-04-25;27;2;121153;46605;21.6;8.3
84;2021-04-26;2198;1377;123351;47982;22.0;8.6
84;2021-04-27;2557;1987;125908;49969;22.4;8.9
84;2021-04-28;2818;1856;128726;51825;22.9;9.2
84;2021-04-29;3420;2057;132146;53882;23.6;9.6
84;2021-04-30;3134;2436;135280;56318;24.1;10.0
84;2021-05-01;457;259;135737;56577;24.2;10.1
84;2021-05-02;2;0;135739;56577;24.2;10.1
84;2021-05-03;2161;1634;137900;58211;24.6;10.4
84;2021-05-04;2488;2546;140388;60757;25.0;10.8
84;2021-05-05;2354;2230;142742;62987;25.4;11.2
84;2021-05-06;3223;2264;145965;65251;26.0;11.6
84;2021-05-07;2766;2564;148731;67815;26.5;12.1
84;2021-05-08;1158;527;149889;68342;26.7;12.2
84;2021-05-09;8;53;149897;68395;26.7;12.2
84;2021-05-10;2159;2466;152056;70861;27.1;12.6
84;2021-05-11;2905;3160;154961;74021;27.6;13.2
84;2021-05-12;2849;2923;157810;76944;28.1;13.7
84;2021-05-13;2160;849;159970;77793;28.5;13.9
84;2021-05-14;2728;2039;162698;79832;29.0;14.2
84;2021-05-15;2001;987;164699;80819;29.4;14.4
84;2021-05-16;1340;188;166039;81007;29.6;14.4
84;2021-05-17;2226;2157;168265;83164;30.0;14.8
84;2021-05-18;2904;2116;171169;85280;30.5;15.2
84;2021-05-19;3230;1666;174399;86946;31.1;15.5
84;2021-05-20;3698;2208;178097;89154;31.7;15.9
84;2021-05-21;3471;2335;181568;91489;32.4;16.3
84;2021-05-22;1582;684;183150;92173;32.6;16.4
84;2021-05-23;6;9;183156;92182;32.6;16.4
84;2021-05-24;1840;426;184996;92608;33.0;16.5
84;2021-05-25;2983;2191;187979;94799;33.5;16.9
84;2021-05-26;3075;2089;191054;96888;34.1;17.3
84;2021-05-27;3857;2320;194911;99208;34.7;17.7
84;2021-05-28;3180;3309;198091;102517;35.3;18.3
84;2021-05-29;1093;1653;199184;104170;35.5;18.6
84;2021-05-30;10;85;199194;104255;35.5;18.6
84;2021-05-31;2191;2642;201385;106897;35.9;19.1
84;2021-06-01;3141;3159;204526;110056;36.5;19.6
84;2021-06-02;3170;2631;207696;112687;37.0;20.1
84;2021-06-03;4115;3000;211811;115687;37.8;20.6
84;2021-06-04;3614;3036;215425;118723;38.4;21.2
84;2021-06-05;1781;1501;217206;120224;38.7;21.4
84;2021-06-06;984;208;218190;120432;38.9;21.5
84;2021-06-07;2451;2760;220641;123192;39.3;22.0
84;2021-06-08;3317;3056;223958;126248;39.9;22.5
84;2021-06-09;3033;2689;226991;128937;40.5;23.0
84;2021-06-10;3512;2798;230503;131735;41.1;23.5
84;2021-06-11;3031;3069;233534;134804;41.6;24.0
84;2021-06-12;1965;1313;235499;136117;42.0;24.3
84;2021-06-13;413;213;235912;136330;42.1;24.3
84;2021-06-14;1930;3155;237842;139485;42.4;24.9
84;2021-06-15;2573;3454;240415;142939;42.9;25.5
84;2021-06-16;2527;2963;242942;145902;43.3;26.0
84;2021-06-17;2994;3481;245936;149383;43.8;26.6
84;2021-06-18;2424;3555;248360;152938;44.3;27.3
84;2021-06-19;1287;1552;249647;154490;44.5;27.5
84;2021-06-20;546;354;250193;154844;44.6;27.6
84;2021-06-21;1570;3135;251763;157979;44.9;28.2
84;2021-06-22;2163;4011;253926;161990;45.3;28.9
84;2021-06-23;2117;3310;256043;165300;45.6;29.5
84;2021-06-24;2201;3483;258244;168783;46.0;30.1
84;2021-06-25;1836;3888;260080;172671;46.4;30.8
84;2021-06-26;1133;1818;261213;174489;46.6;31.1
84;2021-06-27;297;345;261510;174834;46.6;31.2
84;2021-06-28;1207;3224;262717;178058;46.8;31.7
84;2021-06-29;1477;4051;264194;182109;47.1;32.5
84;2021-06-30;1716;3969;265910;186078;47.4;33.2
84;2021-07-01;1819;3957;267729;190035;47.7;33.9
84;2021-07-02;1764;3900;269493;193935;48.0;34.6
84;2021-07-03;1102;2030;270595;195965;48.2;34.9
84;2021-07-04;395;417;270990;196382;48.3;35.0
84;2021-07-05;1550;3540;272540;199922;48.6;35.6
84;2021-07-06;1638;4165;274178;204087;48.9;36.4
84;2021-07-07;1676;3103;275854;207190;49.2;36.9
84;2021-07-08;2158;3743;278012;210933;49.6;37.6
84;2021-07-09;1874;3970;279886;214903;49.9;38.3
84;2021-07-10;1253;2162;281139;217065;50.1;38.7
84;2021-07-11;354;300;281493;217365;50.2;38.7
84;2021-07-12;1408;3836;282901;221201;50.4;39.4
84;2021-07-13;2334;5010;285235;226211;50.8;40.3
84;2021-07-14;1885;1249;287120;227460;51.2;40.5
84;2021-07-15;2708;4561;289828;232021;51.7;41.4
84;2021-07-16;2778;4605;292606;236626;52.2;42.2
84;2021-07-17;1588;2449;294194;239075;52.4;42.6
84;2021-07-18;1017;552;295211;239627;52.6;42.7
84;2021-07-19;2416;3746;297627;243373;53.1;43.4
84;2021-07-20;2954;4169;300581;247542;53.6;44.1
84;2021-07-21;3187;3654;303768;251196;54.1;44.8
84;2021-07-22;3777;3791;307545;254987;54.8;45.5
84;2021-07-23;3520;3681;311065;258668;55.4;46.1
84;2021-07-24;1470;2249;312535;260917;55.7;46.5
84;2021-07-25;1033;513;313568;261430;55.9;46.6
84;2021-07-26;2725;3040;316293;264470;56.4;47.1
84;2021-07-27;3443;3569;319736;268039;57.0;47.8
84;2021-07-28;3867;3308;323603;271347;57.7;48.4
84;2021-07-29;4224;3162;327827;274509;58.4;48.9
84;2021-07-30;4027;3330;331854;277839;59.2;49.5
84;2021-07-31;2000;1694;333854;279533;59.5;49.8
84;2021-08-01;819;437;334673;279970;59.7;49.9
84;2021-08-02;2993;2696;337666;282666;60.2;50.4
84;2021-08-03;4108;2798;341774;285464;60.9;50.9
84;2021-08-04;3918;2614;345692;288078;61.6;51.4
84;2021-08-05;3888;2590;349580;290668;62.3;51.8
84;2021-08-06;3694;2867;353274;293535;63.0;52.3
84;2021-08-07;2078;1747;355352;295282;63.3;52.6
84;2021-08-08;386;735;355738;296017;63.4;52.8
84;2021-08-09;2940;2604;358678;298621;63.9;53.2
84;2021-08-10;3749;2957;362427;301578;64.6;53.8
84;2021-08-11;3269;2677;365696;304255;65.2;54.2
84;2021-08-12;3173;2976;368869;307231;65.8;54.8
84;2021-08-13;2924;2702;371793;309933;66.3;55.2
84;2021-08-14;1736;1747;373529;311680;66.6;55.6
84;2021-08-15;314;227;373843;311907;66.6;55.6
84;2021-08-16;2452;3086;376295;314993;67.1;56.1
84;2021-08-17;2737;3260;379032;318253;67.6;56.7
84;2021-08-18;2421;2802;381453;321055;68.0;57.2
84;2021-08-19;2280;3120;383733;324175;68.4;57.8
84;2021-08-20;2214;3308;385947;327483;68.8;58.4
84;2021-08-21;1228;1886;387175;329369;69.0;58.7
84;2021-08-22;167;738;387342;330107;69.0;58.8
84;2021-08-23;1778;3298;389120;333405;69.4;59.4
84;2021-08-24;1925;3468;391045;336873;69.7;60.0
84;2021-08-25;1845;3352;392890;340225;70.0;60.6
84;2021-08-26;1640;3628;394530;343853;70.3;61.3
84;2021-08-27;1631;3815;396161;347668;70.6;62.0
84;2021-08-28;920;2181;397081;349849;70.8;62.4
84;2021-08-29;174;607;397255;350456;70.8;62.5
84;2021-08-30;1392;3228;398647;353684;71.1;63.0
84;2021-08-31;1366;4079;400013;357763;71.3;63.8
84;2021-09-01;1251;3460;401264;361223;71.5;64.4
84;2021-09-02;1210;2949;402474;364172;71.7;64.9
84;2021-09-03;1285;3364;403759;367536;72.0;65.5
84;2021-09-04;779;2103;404538;369639;72.1;65.9
84;2021-09-05;127;467;404665;370106;72.1;66.0
84;2021-09-06;816;2229;405481;372335;72.3;66.4
84;2021-09-07;1027;2421;406508;374756;72.5;66.8
84;2021-09-08;911;2680;407419;377436;72.6;67.3
84;2021-09-09;889;2065;408308;379501;72.8;67.6
84;2021-09-10;942;2583;409250;382084;73.0;68.1
84;2021-09-11;591;1797;409841;383881;73.1;68.4
84;2021-09-12;117;301;409958;384182;73.1;68.5
84;2021-09-13;708;1517;410666;385699;73.2;68.8
84;2021-09-14;831;1500;411497;387199;73.4;69.0
84;2021-09-15;825;1934;412322;389133;73.5;69.4
84;2021-09-16;610;1338;412932;390471;73.6;69.6
84;2021-09-17;617;1613;413549;392084;73.7;69.9
84;2021-09-18;516;1498;414065;393582;73.8;70.2
84;2021-09-19;46;177;414111;393759;73.8;70.2
84;2021-09-20;329;891;414440;394650;73.9;70.3
84;2021-09-21;364;1115;414804;395765;73.9;70.5
84;2021-09-22;420;1590;415224;397355;74.0;70.8
84;2021-09-23;398;1116;415622;398471;74.1;71.0
84;2021-09-24;396;1250;416018;399721;74.2;71.3
84;2021-09-25;323;1246;416341;400967;74.2;71.5
84;2021-09-26;53;142;416394;401109;74.2;71.5
84;2021-09-27;313;787;416707;401896;74.3;71.6
84;2021-09-28;310;758;417017;402654;74.3;71.8
84;2021-09-29;350;1221;417367;403875;74.4;72.0
84;2021-09-30;374;919;417741;404794;74.5;72.2
84;2021-10-01;440;852;418181;405646;74.5;72.3
84;2021-10-02;247;753;418428;406399;74.6;72.4
84;2021-10-03;37;94;418465;406493;74.6;72.5
84;2021-10-04;297;549;418762;407042;74.6;72.6
84;2021-10-05;332;525;419094;407567;74.7;72.7
84;2021-10-06;345;823;419439;408390;74.8;72.8
84;2021-10-07;357;665;419796;409055;74.8;72.9
84;2021-10-08;415;775;420211;409830;74.9;73.1
84;2021-10-09;225;634;420436;410464;74.9;73.2
84;2021-10-10;28;86;420464;410550;74.9;73.2
84;2021-10-11;252;382;420716;410932;75.0;73.3
84;2021-10-12;304;415;421020;411347;75.0;73.3
84;2021-10-13;398;591;421418;411938;75.1;73.4
85;2020-12-27;1;0;1;0;0.0;0.0
85;2020-12-28;0;0;1;0;0.0;0.0
85;2020-12-29;0;0;1;0;0.0;0.0
85;2020-12-30;0;0;1;0;0.0;0.0
85;2020-12-31;0;0;1;0;0.0;0.0
85;2021-01-01;0;0;1;0;0.0;0.0
85;2021-01-02;0;0;1;0;0.0;0.0
85;2021-01-03;1;0;2;0;0.0;0.0
85;2021-01-04;26;0;28;0;0.0;0.0
85;2021-01-05;62;0;90;0;0.0;0.0
85;2021-01-06;107;1;197;1;0.0;0.0
85;2021-01-07;203;0;400;1;0.1;0.0
85;2021-01-08;293;2;693;3;0.1;0.0
85;2021-01-09;288;1;981;4;0.1;0.0
85;2021-01-10;59;0;1040;4;0.2;0.0
85;2021-01-11;453;0;1493;4;0.2;0.0
85;2021-01-12;584;2;2077;6;0.3;0.0
85;2021-01-13;545;2;2622;8;0.4;0.0
85;2021-01-14;685;5;3307;13;0.5;0.0
85;2021-01-15;439;3;3746;16;0.5;0.0
85;2021-01-16;263;3;4009;19;0.6;0.0
85;2021-01-17;37;0;4046;19;0.6;0.0
85;2021-01-18;999;3;5045;22;0.7;0.0
85;2021-01-19;1429;17;6474;39;0.9;0.0
85;2021-01-20;1891;5;8365;44;1.2;0.0
85;2021-01-21;3222;13;11587;57;1.7;0.0
85;2021-01-22;1700;22;13287;79;1.9;0.0
85;2021-01-23;466;1;13753;80;2.0;0.0
85;2021-01-24;50;0;13803;80;2.0;0.0
85;2021-01-25;577;1;14380;81;2.1;0.0
85;2021-01-26;878;34;15258;115;2.2;0.0
85;2021-01-27;1809;34;17067;149;2.5;0.0
85;2021-01-28;1637;45;18704;194;2.7;0.0
85;2021-01-29;875;64;19579;258;2.9;0.0
85;2021-01-30;149;5;19728;263;2.9;0.0
85;2021-01-31;2;45;19730;308;2.9;0.0
85;2021-02-01;484;103;20214;411;3.0;0.1
85;2021-02-02;535;174;20749;585;3.0;0.1
85;2021-02-03;415;259;21164;844;3.1;0.1
85;2021-02-04;623;265;21787;1109;3.2;0.2
85;2021-02-05;624;264;22411;1373;3.3;0.2
85;2021-02-06;157;244;22568;1617;3.3;0.2
85;2021-02-07;1;0;22569;1617;3.3;0.2
85;2021-02-08;390;650;22959;2267;3.4;0.3
85;2021-02-09;663;1059;23622;3326;3.5;0.5
85;2021-02-10;583;1126;24205;4452;3.5;0.7
85;2021-02-11;1524;3040;25729;7492;3.8;1.1
85;2021-02-12;1015;1264;26744;8756;3.9;1.3
85;2021-02-13;251;501;26995;9257;4.0;1.4
85;2021-02-14;2;131;26997;9388;4.0;1.4
85;2021-02-15;336;807;27333;10195;4.0;1.5
85;2021-02-16;569;1180;27902;11375;4.1;1.7
85;2021-02-17;783;1576;28685;12951;4.2;1.9
85;2021-02-18;1277;1940;29962;14891;4.4;2.2
85;2021-02-19;956;1208;30918;16099;4.5;2.4
85;2021-02-20;174;260;31092;16359;4.6;2.4
85;2021-02-21;1;11;31093;16370;4.6;2.4
85;2021-02-22;815;886;31908;17256;4.7;2.5
85;2021-02-23;826;490;32734;17746;4.8;2.6
85;2021-02-24;757;312;33491;18058;4.9;2.6
85;2021-02-25;1336;401;34827;18459;5.1;2.7
85;2021-02-26;1229;332;36056;18791;5.3;2.8
85;2021-02-27;402;103;36458;18894;5.3;2.8
85;2021-02-28;7;1;36465;18895;5.3;2.8
85;2021-03-01;766;428;37231;19323;5.4;2.8
85;2021-03-02;1100;793;38331;20116;5.6;2.9
85;2021-03-03;844;516;39175;20632;5.7;3.0
85;2021-03-04;1577;1177;40752;21809;6.0;3.2
85;2021-03-05;1741;852;42493;22661;6.2;3.3
85;2021-03-06;1227;133;43720;22794;6.4;3.3
85;2021-03-07;333;36;44053;22830;6.4;3.3
85;2021-03-08;1741;467;45794;23297;6.7;3.4
85;2021-03-09;2239;582;48033;23879;7.0;3.5
85;2021-03-10;1863;652;49896;24531;7.3;3.6
85;2021-03-11;3118;1102;53014;25633;7.8;3.8
85;2021-03-12;2730;873;55744;26506;8.2;3.9
85;2021-03-13;1372;167;57116;26673;8.4;3.9
85;2021-03-14;182;3;57298;26676;8.4;3.9
85;2021-03-15;1919;519;59217;27195;8.7;4.0
85;2021-03-16;1631;523;60848;27718;8.9;4.1
85;2021-03-17;980;528;61828;28246;9.0;4.1
85;2021-03-18;1905;459;63733;28705;9.3;4.2
85;2021-03-19;2198;375;65931;29080;9.7;4.3
85;2021-03-20;1069;179;67000;29259;9.8;4.3
85;2021-03-21;272;5;67272;29264;9.8;4.3
85;2021-03-22;1763;562;69035;29826;10.1;4.4
85;2021-03-23;2420;741;71455;30567;10.5;4.5
85;2021-03-24;2206;532;73661;31099;10.8;4.6
85;2021-03-25;3649;602;77310;31701;11.3;4.6
85;2021-03-26;3357;655;80667;32356;11.8;4.7
85;2021-03-27;1729;124;82396;32480;12.1;4.8
85;2021-03-28;540;6;82936;32486;12.1;4.8
85;2021-03-29;2414;765;85350;33251;12.5;4.9
85;2021-03-30;2866;1028;88216;34279;12.9;5.0
85;2021-03-31;2199;680;90415;34959;13.2;5.1
85;2021-04-01;3880;922;94295;35881;13.8;5.3
85;2021-04-02;2711;1112;97006;36993;14.2;5.4
85;2021-04-03;1411;323;98417;37316;14.4;5.5
85;2021-04-04;324;29;98741;37345;14.5;5.5
85;2021-04-05;104;174;98845;37519;14.5;5.5
85;2021-04-06;2196;1599;101041;39118;14.8;5.7
85;2021-04-07;3092;1198;104133;40316;15.2;5.9
85;2021-04-08;4544;1612;108677;41928;15.9;6.1
85;2021-04-09;4604;1237;113281;43165;16.6;6.3
85;2021-04-10;1866;401;115147;43566;16.9;6.4
85;2021-04-11;27;10;115174;43576;16.9;6.4
85;2021-04-12;4284;1496;119458;45072;17.5;6.6
85;2021-04-13;4837;1885;124295;46957;18.2;6.9
85;2021-04-14;3960;1016;128255;47973;18.8;7.0
85;2021-04-15;5516;1746;133771;49719;19.6;7.3
85;2021-04-16;5241;1546;139012;51265;20.3;7.5
85;2021-04-17;1382;436;140394;51701;20.5;7.6
85;2021-04-18;351;12;140745;51713;20.6;7.6
85;2021-04-19;3368;1705;144113;53418;21.1;7.8
85;2021-04-20;3694;1930;147807;55348;21.6;8.1
85;2021-04-21;2693;1694;150500;57042;22.0;8.3
85;2021-04-22;3805;2238;154305;59280;22.6;8.7
85;2021-04-23;3903;2096;158208;61376;23.2;9.0
85;2021-04-24;1663;1535;159871;62911;23.4;9.2
85;2021-04-25;981;565;160852;63476;23.5;9.3
85;2021-04-26;3589;2357;164441;65833;24.1;9.6
85;2021-04-27;4392;2169;168833;68002;24.7;10.0
85;2021-04-28;5747;1262;174580;69264;25.6;10.1
85;2021-04-29;5635;2010;180215;71274;26.4;10.4
85;2021-04-30;5573;1678;185788;72952;27.2;10.7
85;2021-05-01;1736;638;187524;73590;27.4;10.8
85;2021-05-02;873;471;188397;74061;27.6;10.8
85;2021-05-03;3494;2389;191891;76450;28.1;11.2
85;2021-05-04;3487;3089;195378;79539;28.6;11.6
85;2021-05-05;4532;2170;199910;81709;29.3;12.0
85;2021-05-06;4922;2605;204832;84314;30.0;12.3
85;2021-05-07;3933;3861;208765;88175;30.6;12.9
85;2021-05-08;2246;232;211011;88407;30.9;12.9
85;2021-05-09;1507;183;212518;88590;31.1;13.0
85;2021-05-10;3209;4925;215727;93515;31.6;13.7
85;2021-05-11;4027;4973;219754;98488;32.2;14.4
85;2021-05-12;5019;3936;224773;102424;32.9;15.0
85;2021-05-13;5144;614;229917;103038;33.7;15.1
85;2021-05-14;4356;3167;234273;106205;34.3;15.5
85;2021-05-15;2325;776;236598;106981;34.6;15.7
85;2021-05-16;2212;162;238810;107143;35.0;15.7
85;2021-05-17;4145;3375;242955;110518;35.6;16.2
85;2021-05-18;5215;2854;248170;113372;36.3;16.6
85;2021-05-19;6493;1771;254663;115143;37.3;16.9
85;2021-05-20;6773;2177;261436;117320;38.3;17.2
85;2021-05-21;5497;2742;266933;120062;39.1;17.6
85;2021-05-22;2584;754;269517;120816;39.4;17.7
85;2021-05-23;1329;161;270846;120977;39.6;17.7
85;2021-05-24;4572;436;275418;121413;40.3;17.8
85;2021-05-25;4516;3569;279934;124982;41.0;18.3
85;2021-05-26;4945;2680;284879;127662;41.7;18.7
85;2021-05-27;4959;3695;289838;131357;42.4;19.2
85;2021-05-28;5252;4064;295090;135421;43.2;19.8
85;2021-05-29;3962;1533;299052;136954;43.8;20.0
85;2021-05-30;1291;126;300343;137080;44.0;20.1
85;2021-05-31;4689;3382;305032;140462;44.6;20.6
85;2021-06-01;5405;3400;310437;143862;45.4;21.1
85;2021-06-02;5554;2522;315991;146384;46.3;21.4
85;2021-06-03;5915;3235;321906;149619;47.1;21.9
85;2021-06-04;5837;3823;327743;153442;48.0;22.5
85;2021-06-05;2847;1938;330590;155380;48.4;22.7
85;2021-06-06;1511;804;332101;156184;48.6;22.9
85;2021-06-07;3236;4860;335337;161044;49.1;23.6
85;2021-06-08;4090;4529;339427;165573;49.7;24.2
85;2021-06-09;4844;3516;344271;169089;50.4;24.8
85;2021-06-10;5199;3703;349470;172792;51.2;25.3
85;2021-06-11;4507;4665;353977;177457;51.8;26.0
85;2021-06-12;1491;1800;355468;179257;52.0;26.2
85;2021-06-13;1219;672;356687;179929;52.2;26.3
85;2021-06-14;2682;5094;359369;185023;52.6;27.1
85;2021-06-15;3715;4935;363084;189958;53.1;27.8
85;2021-06-16;4083;3908;367167;193866;53.7;28.4
85;2021-06-17;3939;3902;371106;197768;54.3;28.9
85;2021-06-18;3625;5686;374731;203454;54.9;29.8
85;2021-06-19;1213;2030;375944;205484;55.0;30.1
85;2021-06-20;140;520;376084;206004;55.0;30.2
85;2021-06-21;2375;5811;378459;211815;55.4;31.0
85;2021-06-22;2849;5733;381308;217548;55.8;31.8
85;2021-06-23;3390;4499;384698;222047;56.3;32.5
85;2021-06-24;3642;4562;388340;226609;56.8;33.2
85;2021-06-25;2289;6181;390629;232790;57.2;34.1
85;2021-06-26;791;3757;391420;236547;57.3;34.6
85;2021-06-27;125;1369;391545;237916;57.3;34.8
85;2021-06-28;1186;6713;392731;244629;57.5;35.8
85;2021-06-29;1757;6876;394488;251505;57.7;36.8
85;2021-06-30;2212;6208;396700;257713;58.1;37.7
85;2021-07-01;2842;6056;399542;263769;58.5;38.6
85;2021-07-02;2268;7015;401810;270784;58.8;39.6
85;2021-07-03;618;3165;402428;273949;58.9;40.1
85;2021-07-04;145;1086;402573;275035;58.9;40.3
85;2021-07-05;1064;6649;403637;281684;59.1;41.2
85;2021-07-06;1582;6455;405219;288139;59.3;42.2
85;2021-07-07;1649;5864;406868;294003;59.6;43.0
85;2021-07-08;2165;5440;409033;299443;59.9;43.8
85;2021-07-09;1645;7096;410678;306539;60.1;44.9
85;2021-07-10;566;2835;411244;309374;60.2;45.3
85;2021-07-11;529;1287;411773;310661;60.3;45.5
85;2021-07-12;1408;7046;413181;317707;60.5;46.5
85;2021-07-13;2059;7388;415240;325095;60.8;47.6
85;2021-07-14;1451;2047;416691;327142;61.0;47.9
85;2021-07-15;2681;6943;419372;334085;61.4;48.9
85;2021-07-16;3432;6835;422804;340920;61.9;49.9
85;2021-07-17;1565;2153;424369;343073;62.1;50.2
85;2021-07-18;1150;1154;425519;344227;62.3;50.4
85;2021-07-19;3559;6229;429078;350456;62.8;51.3
85;2021-07-20;4300;6214;433378;356670;63.4;52.2
85;2021-07-21;3996;6199;437374;362869;64.0;53.1
85;2021-07-22;3908;6189;441282;369058;64.6;54.0
85;2021-07-23;4534;6707;445816;375765;65.3;55.0
85;2021-07-24;1045;2296;446861;378061;65.4;55.3
85;2021-07-25;491;303;447352;378364;65.5;55.4
85;2021-07-26;4514;5362;451866;383726;66.1;56.2
85;2021-07-27;5321;5396;457187;389122;66.9;57.0
85;2021-07-28;4962;4972;462149;394094;67.6;57.7
85;2021-07-29;5879;4736;468028;398830;68.5;58.4
85;2021-07-30;6028;4953;474056;403783;69.4;59.1
85;2021-07-31;1226;1577;475282;405360;69.6;59.3
85;2021-08-01;470;195;475752;405555;69.6;59.4
85;2021-08-02;4950;3954;480702;409509;70.4;59.9
85;2021-08-03;6523;3355;487225;412864;71.3;60.4
85;2021-08-04;6631;3426;493856;416290;72.3;60.9
85;2021-08-05;6200;3604;500056;419894;73.2;61.5
85;2021-08-06;5810;4515;505866;424409;74.0;62.1
85;2021-08-07;1506;1180;507372;425589;74.3;62.3
85;2021-08-08;332;232;507704;425821;74.3;62.3
85;2021-08-09;4154;3276;511858;429097;74.9;62.8
85;2021-08-10;4830;3420;516688;432517;75.6;63.3
85;2021-08-11;4672;4218;521360;436735;76.3;63.9
85;2021-08-12;4473;4298;525833;441033;77.0;64.6
85;2021-08-13;3899;3648;529732;444681;77.5;65.1
85;2021-08-14;1028;1088;530760;445769;77.7;65.2
85;2021-08-15;160;237;530920;446006;77.7;65.3
85;2021-08-16;2843;4775;533763;450781;78.1;66.0
85;2021-08-17;2977;4359;536740;455140;78.6;66.6
85;2021-08-18;3155;4109;539895;459249;79.0;67.2
85;2021-08-19;2730;4280;542625;463529;79.4;67.8
85;2021-08-20;2481;5229;545106;468758;79.8;68.6
85;2021-08-21;703;1398;545809;470156;79.9;68.8
85;2021-08-22;344;1019;546153;471175;79.9;69.0
85;2021-08-23;1873;5373;548026;476548;80.2;69.8
85;2021-08-24;1825;4873;549851;481421;80.5;70.5
85;2021-08-25;1648;4834;551499;486255;80.7;71.2
85;2021-08-26;1542;4765;553041;491020;81.0;71.9
85;2021-08-27;1703;5519;554744;496539;81.2;72.7
85;2021-08-28;573;1348;555317;497887;81.3;72.9
85;2021-08-29;128;989;555445;498876;81.3;73.0
85;2021-08-30;1121;4911;556566;503787;81.5;73.7
85;2021-08-31;1132;5361;557698;509148;81.6;74.5
85;2021-09-01;1138;4993;558836;514141;81.8;75.3
85;2021-09-02;993;4146;559829;518287;81.9;75.9
85;2021-09-03;1246;4232;561075;522519;82.1;76.5
85;2021-09-04;370;1294;561445;523813;82.2;76.7
85;2021-09-05;42;168;561487;523981;82.2;76.7
85;2021-09-06;851;3389;562338;527370;82.3;77.2
85;2021-09-07;843;2867;563181;530237;82.4;77.6
85;2021-09-08;870;3377;564051;533614;82.6;78.1
85;2021-09-09;651;2541;564702;536155;82.7;78.5
85;2021-09-10;793;3305;565495;539460;82.8;79.0
85;2021-09-11;243;1303;565738;540763;82.8;79.2
85;2021-09-12;17;35;565755;540798;82.8;79.2
85;2021-09-13;547;2121;566302;542919;82.9;79.5
85;2021-09-14;551;1631;566853;544550;83.0;79.7
85;2021-09-15;611;2529;567464;547079;83.1;80.1
85;2021-09-16;400;1363;567864;548442;83.1;80.3
85;2021-09-17;738;2387;568602;550829;83.2;80.6
85;2021-09-18;190;918;568792;551747;83.3;80.8
85;2021-09-19;5;22;568797;551769;83.3;80.8
85;2021-09-20;353;1355;569150;553124;83.3;81.0
85;2021-09-21;431;1069;569581;554193;83.4;81.1
85;2021-09-22;434;1905;570015;556098;83.4;81.4
85;2021-09-23;810;983;570825;557081;83.6;81.5
85;2021-09-24;591;1929;571416;559010;83.6;81.8
85;2021-09-25;153;882;571569;559892;83.7;82.0
85;2021-09-26;0;12;571569;559904;83.7;82.0
85;2021-09-27;364;929;571933;560833;83.7;82.1
85;2021-09-28;231;565;572164;561398;83.7;82.2
85;2021-09-29;396;1288;572560;562686;83.8;82.4
85;2021-09-30;366;801;572926;563487;83.9;82.5
85;2021-10-01;423;921;573349;564408;83.9;82.6
85;2021-10-02;179;508;573528;564916;83.9;82.7
85;2021-10-03;4;12;573532;564928;83.9;82.7
85;2021-10-04;200;685;573732;565613;84.0;82.8
85;2021-10-05;294;429;574026;566042;84.0;82.9
85;2021-10-06;359;866;574385;566908;84.1;83.0
85;2021-10-07;238;392;574623;567300;84.1;83.0
85;2021-10-08;338;1018;574961;568318;84.2;83.2
85;2021-10-09;105;309;575066;568627;84.2;83.2
85;2021-10-10;14;8;575080;568635;84.2;83.2
85;2021-10-11;207;479;575287;569114;84.2;83.3
85;2021-10-12;169;330;575456;569444;84.2;83.4
85;2021-10-13;317;636;575773;570080;84.3;83.4
86;2020-12-27;0;0;0;0;0.0;0.0
86;2020-12-28;2;0;2;0;0.0;0.0
86;2020-12-29;1;0;3;0;0.0;0.0
86;2020-12-30;0;0;3;0;0.0;0.0
86;2020-12-31;0;0;3;0;0.0;0.0
86;2021-01-01;0;0;3;0;0.0;0.0
86;2021-01-02;1;0;4;0;0.0;0.0
86;2021-01-03;2;0;6;0;0.0;0.0
86;2021-01-04;0;0;6;0;0.0;0.0
86;2021-01-05;1;0;7;0;0.0;0.0
86;2021-01-06;178;1;185;1;0.0;0.0
86;2021-01-07;672;0;857;1;0.2;0.0
86;2021-01-08;609;3;1466;4;0.3;0.0
86;2021-01-09;0;0;1466;4;0.3;0.0
86;2021-01-10;173;0;1639;4;0.4;0.0
86;2021-01-11;305;0;1944;4;0.4;0.0
86;2021-01-12;460;1;2404;5;0.5;0.0
86;2021-01-13;337;1;2741;6;0.6;0.0
86;2021-01-14;552;1;3293;7;0.8;0.0
86;2021-01-15;544;3;3837;10;0.9;0.0
86;2021-01-16;2;0;3839;10;0.9;0.0
86;2021-01-17;0;0;3839;10;0.9;0.0
86;2021-01-18;564;0;4403;10;1.0;0.0
86;2021-01-19;1918;1;6321;11;1.4;0.0
86;2021-01-20;1464;27;7785;38;1.8;0.0
86;2021-01-21;1291;2;9076;40;2.1;0.0
86;2021-01-22;836;0;9912;40;2.3;0.0
86;2021-01-23;314;1;10226;41;2.3;0.0
86;2021-01-24;0;0;10226;41;2.3;0.0
86;2021-01-25;587;109;10813;150;2.5;0.0
86;2021-01-26;752;124;11565;274;2.6;0.1
86;2021-01-27;765;156;12330;430;2.8;0.1
86;2021-01-28;1054;425;13384;855;3.1;0.2
86;2021-01-29;880;217;14264;1072;3.3;0.2
86;2021-01-30;276;103;14540;1175;3.3;0.3
86;2021-01-31;57;157;14597;1332;3.3;0.3
86;2021-02-01;434;209;15031;1541;3.4;0.4
86;2021-02-02;573;385;15604;1926;3.6;0.4
86;2021-02-03;525;224;16129;2150;3.7;0.5
86;2021-02-04;479;366;16608;2516;3.8;0.6
86;2021-02-05;437;739;17045;3255;3.9;0.7
86;2021-02-06;148;204;17193;3459;3.9;0.8
86;2021-02-07;120;8;17313;3467;4.0;0.8
86;2021-02-08;362;327;17675;3794;4.0;0.9
86;2021-02-09;755;1121;18430;4915;4.2;1.1
86;2021-02-10;972;939;19402;5854;4.4;1.3
86;2021-02-11;1009;977;20411;6831;4.7;1.6
86;2021-02-12;746;381;21157;7212;4.8;1.6
86;2021-02-13;193;96;21350;7308;4.9;1.7
86;2021-02-14;1;34;21351;7342;4.9;1.7
86;2021-02-15;243;507;21594;7849;4.9;1.8
86;2021-02-16;384;865;21978;8714;5.0;2.0
86;2021-02-17;453;894;22431;9608;5.1;2.2
86;2021-02-18;422;871;22853;10479;5.2;2.4
86;2021-02-19;602;640;23455;11119;5.4;2.5
86;2021-02-20;115;176;23570;11295;5.4;2.6
86;2021-02-21;1;0;23571;11295;5.4;2.6
86;2021-02-22;241;426;23812;11721;5.4;2.7
86;2021-02-23;369;603;24181;12324;5.5;2.8
86;2021-02-24;410;584;24591;12908;5.6;3.0
86;2021-02-25;903;668;25494;13576;5.8;3.1
86;2021-02-26;1029;538;26523;14114;6.1;3.2
86;2021-02-27;460;151;26983;14265;6.2;3.3
86;2021-02-28;3;2;26986;14267;6.2;3.3
86;2021-03-01;232;526;27218;14793;6.2;3.4
86;2021-03-02;1142;853;28360;15646;6.5;3.6
86;2021-03-03;794;632;29154;16278;6.7;3.7
86;2021-03-04;1496;632;30650;16910;7.0;3.9
86;2021-03-05;1577;315;32227;17225;7.4;3.9
86;2021-03-06;995;169;33222;17394;7.6;4.0
86;2021-03-07;371;32;33593;17426;7.7;4.0
86;2021-03-08;473;542;34066;17968;7.8;4.1
86;2021-03-09;1368;533;35434;18501;8.1;4.2
86;2021-03-10;949;612;36383;19113;8.3;4.4
86;2021-03-11;1798;481;38181;19594;8.7;4.5
86;2021-03-12;2209;443;40390;20037;9.2;4.6
86;2021-03-13;1444;103;41834;20140;9.6;4.6
86;2021-03-14;133;16;41967;20156;9.6;4.6
86;2021-03-15;785;160;42752;20316;9.8;4.6
86;2021-03-16;847;206;43599;20522;10.0;4.7
86;2021-03-17;786;207;44385;20729;10.1;4.7
86;2021-03-18;1005;104;45390;20833;10.4;4.8
86;2021-03-19;2145;330;47535;21163;10.9;4.8
86;2021-03-20;592;133;48127;21296;11.0;4.9
86;2021-03-21;10;0;48137;21296;11.0;4.9
86;2021-03-22;852;278;48989;21574;11.2;4.9
86;2021-03-23;2017;331;51006;21905;11.7;5.0
86;2021-03-24;1557;291;52563;22196;12.0;5.1
86;2021-03-25;2489;357;55052;22553;12.6;5.2
86;2021-03-26;3044;364;58096;22917;13.3;5.2
86;2021-03-27;733;143;58829;23060;13.4;5.3
86;2021-03-28;5;128;58834;23188;13.5;5.3
86;2021-03-29;1260;391;60094;23579;13.7;5.4
86;2021-03-30;2406;827;62500;24406;14.3;5.6
86;2021-03-31;1511;630;64011;25036;14.6;5.7
86;2021-04-01;2246;949;66257;25985;15.1;5.9
86;2021-04-02;1902;560;68159;26545;15.6;6.1
86;2021-04-03;826;327;68985;26872;15.8;6.1
86;2021-04-04;83;110;69068;26982;15.8;6.2
86;2021-04-05;314;5;69382;26987;15.9;6.2
86;2021-04-06;1531;963;70913;27950;16.2;6.4
86;2021-04-07;1633;630;72546;28580;16.6;6.5
86;2021-04-08;2569;764;75115;29344;17.2;6.7
86;2021-04-09;3250;657;78365;30001;17.9;6.9
86;2021-04-10;1662;196;80027;30197;18.3;6.9
86;2021-04-11;442;11;80469;30208;18.4;6.9
86;2021-04-12;819;766;81288;30974;18.6;7.1
86;2021-04-13;2454;941;83742;31915;19.1;7.3
86;2021-04-14;1870;883;85612;32798;19.6;7.5
86;2021-04-15;2276;732;87888;33530;20.1;7.7
86;2021-04-16;2471;1232;90359;34762;20.7;7.9
86;2021-04-17;1040;264;91399;35026;20.9;8.0
86;2021-04-18;119;4;91518;35030;20.9;8.0
86;2021-04-19;745;799;92263;35829;21.1;8.2
86;2021-04-20;2301;1508;94564;37337;21.6;8.5
86;2021-04-21;2108;1128;96672;38465;22.1;8.8
86;2021-04-22;2329;1447;99001;39912;22.6;9.1
86;2021-04-23;2392;1579;101393;41491;23.2;9.5
86;2021-04-24;1299;512;102692;42003;23.5;9.6
86;2021-04-25;825;28;103517;42031;23.7;9.6
86;2021-04-26;2079;895;105596;42926;24.1;9.8
86;2021-04-27;3155;1672;108751;44598;24.9;10.2
86;2021-04-28;3002;1522;111753;46120;25.5;10.5
86;2021-04-29;3558;1835;115311;47955;26.4;11.0
86;2021-04-30;2969;1488;118280;49443;27.0;11.3
86;2021-05-01;1580;200;119860;49643;27.4;11.3
86;2021-05-02;1279;45;121139;49688;27.7;11.4
86;2021-05-03;2563;1009;123702;50697;28.3;11.6
86;2021-05-04;3508;1903;127210;52600;29.1;12.0
86;2021-05-05;3989;1488;131199;54088;30.0;12.4
86;2021-05-06;4289;1658;135488;55746;31.0;12.7
86;2021-05-07;4043;1830;139531;57576;31.9;13.2
86;2021-05-08;1976;399;141507;57975;32.4;13.3
86;2021-05-09;1642;203;143149;58178;32.7;13.3
86;2021-05-10;1958;1176;145107;59354;33.2;13.6
86;2021-05-11;3603;2688;148710;62042;34.0;14.2
86;2021-05-12;2252;1649;150962;63691;34.5;14.6
86;2021-05-13;1687;299;152649;63990;34.9;14.6
86;2021-05-14;2097;789;154746;64779;35.4;14.8
86;2021-05-15;1466;503;156212;65282;35.7;14.9
86;2021-05-16;778;164;156990;65446;35.9;15.0
86;2021-05-17;3218;1060;160208;66506;36.6;15.2
86;2021-05-18;4305;1665;164513;68171;37.6;15.6
86;2021-05-19;3587;1438;168100;69609;38.4;15.9
86;2021-05-20;4370;1625;172470;71234;39.4;16.3
86;2021-05-21;3438;1772;175908;73006;40.2;16.7
86;2021-05-22;2076;665;177984;73671;40.7;16.8
86;2021-05-23;1437;183;179421;73854;41.0;16.9
86;2021-05-24;1845;204;181266;74058;41.4;16.9
86;2021-05-25;2851;1640;184117;75698;42.1;17.3
86;2021-05-26;2725;1530;186842;77228;42.7;17.7
86;2021-05-27;3546;1851;190388;79079;43.5;18.1
86;2021-05-28;2164;2539;192552;81618;44.0;18.7
86;2021-05-29;1527;1286;194079;82904;44.4;19.0
86;2021-05-30;934;133;195013;83037;44.6;19.0
86;2021-05-31;1922;1820;196935;84857;45.0;19.4
86;2021-06-01;2665;2588;199600;87445;45.6;20.0
86;2021-06-02;2306;2664;201906;90109;46.2;20.6
86;2021-06-03;3337;2413;205243;92522;46.9;21.2
86;2021-06-04;2237;2860;207480;95382;47.4;21.8
86;2021-06-05;1503;1582;208983;96964;47.8;22.2
86;2021-06-06;820;900;209803;97864;48.0;22.4
86;2021-06-07;1119;2464;210922;100328;48.2;22.9
86;2021-06-08;1990;3697;212912;104025;48.7;23.8
86;2021-06-09;1901;3319;214813;107344;49.1;24.5
86;2021-06-10;2349;3239;217162;110583;49.6;25.3
86;2021-06-11;1517;2796;218679;113379;50.0;25.9
86;2021-06-12;746;2244;219425;115623;50.2;26.4
86;2021-06-13;214;1477;219639;117100;50.2;26.8
86;2021-06-14;1158;2902;220797;120002;50.5;27.4
86;2021-06-15;1690;4260;222487;124262;50.9;28.4
86;2021-06-16;1808;3136;224295;127398;51.3;29.1
86;2021-06-17;1777;4445;226072;131843;51.7;30.1
86;2021-06-18;1882;4586;227954;136429;52.1;31.2
86;2021-06-19;636;2097;228590;138526;52.3;31.7
86;2021-06-20;172;1319;228762;139845;52.3;32.0
86;2021-06-21;1106;2237;229868;142082;52.6;32.5
86;2021-06-22;1298;3459;231166;145541;52.9;33.3
86;2021-06-23;1364;2403;232530;147944;53.2;33.8
86;2021-06-24;1590;2725;234120;150669;53.5;34.4
86;2021-06-25;1192;3546;235312;154215;53.8;35.3
86;2021-06-26;391;2651;235703;156866;53.9;35.9
86;2021-06-27;138;1633;235841;158499;53.9;36.2
86;2021-06-28;270;3338;236111;161837;54.0;37.0
86;2021-06-29;858;4604;236969;166441;54.2;38.1
86;2021-06-30;1051;2974;238020;169415;54.4;38.7
86;2021-07-01;1549;3004;239569;172419;54.8;39.4
86;2021-07-02;1111;3643;240680;176062;55.0;40.3
86;2021-07-03;517;2393;241197;178455;55.1;40.8
86;2021-07-04;115;1346;241312;179801;55.2;41.1
86;2021-07-05;472;2833;241784;182634;55.3;41.8
86;2021-07-06;988;4108;242772;186742;55.5;42.7
86;2021-07-07;1260;2627;244032;189369;55.8;43.3
86;2021-07-08;1618;3149;245650;192518;56.2;44.0
86;2021-07-09;1746;3083;247396;195601;56.6;44.7
86;2021-07-10;1304;1954;248700;197555;56.9;45.2
86;2021-07-11;482;839;249182;198394;57.0;45.4
86;2021-07-12;848;2403;250030;200797;57.2;45.9
86;2021-07-13;1780;3369;251810;204166;57.6;46.7
86;2021-07-14;785;1232;252595;205398;57.7;47.0
86;2021-07-15;1882;3292;254477;208690;58.2;47.7
86;2021-07-16;1671;2663;256148;211353;58.6;48.3
86;2021-07-17;1351;1599;257499;212952;58.9;48.7
86;2021-07-18;381;908;257880;213860;59.0;48.9
86;2021-07-19;1377;1887;259257;215747;59.3;49.3
86;2021-07-20;2352;2736;261609;218483;59.8;50.0
86;2021-07-21;2305;2165;263914;220648;60.3;50.4
86;2021-07-22;2903;2801;266817;223449;61.0;51.1
86;2021-07-23;2466;2166;269283;225615;61.6;51.6
86;2021-07-24;1546;1226;270829;226841;61.9;51.9
86;2021-07-25;718;322;271547;227163;62.1;51.9
86;2021-07-26;1588;2103;273135;229266;62.4;52.4
86;2021-07-27;3558;2757;276693;232023;63.3;53.0
86;2021-07-28;3284;2141;279977;234164;64.0;53.5
86;2021-07-29;3266;2547;283243;236711;64.8;54.1
86;2021-07-30;2247;2380;285490;239091;65.3;54.7
86;2021-07-31;1429;1059;286919;240150;65.6;54.9
86;2021-08-01;651;338;287570;240488;65.7;55.0
86;2021-08-02;1944;1679;289514;242167;66.2;55.4
86;2021-08-03;3290;1992;292804;244159;66.9;55.8
86;2021-08-04;2739;1789;295543;245948;67.6;56.2
86;2021-08-05;3572;2057;299115;248005;68.4;56.7
86;2021-08-06;2420;1764;301535;249769;68.9;57.1
86;2021-08-07;1576;997;303111;250766;69.3;57.3
86;2021-08-08;958;553;304069;251319;69.5;57.5
86;2021-08-09;1885;1305;305954;252624;69.9;57.8
86;2021-08-10;2683;1780;308637;254404;70.6;58.2
86;2021-08-11;2367;1436;311004;255840;71.1;58.5
86;2021-08-12;2486;1834;313490;257674;71.7;58.9
86;2021-08-13;1838;1488;315328;259162;72.1;59.3
86;2021-08-14;1331;1153;316659;260315;72.4;59.5
86;2021-08-15;562;623;317221;260938;72.5;59.7
86;2021-08-16;1143;1788;318364;262726;72.8;60.1
86;2021-08-17;1559;2215;319923;264941;73.1;60.6
86;2021-08-18;1266;1861;321189;266802;73.4;61.0
86;2021-08-19;1501;2634;322690;269436;73.8;61.6
86;2021-08-20;1257;2609;323947;272045;74.1;62.2
86;2021-08-21;889;2008;324836;274053;74.3;62.7
86;2021-08-22;350;721;325186;274774;74.3;62.8
86;2021-08-23;724;1824;325910;276598;74.5;63.2
86;2021-08-24;1081;2752;326991;279350;74.8;63.9
86;2021-08-25;935;2064;327926;281414;75.0;64.3
86;2021-08-26;920;2813;328846;284227;75.2;65.0
86;2021-08-27;863;2174;329709;286401;75.4;65.5
86;2021-08-28;557;1775;330266;288176;75.5;65.9
86;2021-08-29;114;828;330380;289004;75.5;66.1
86;2021-08-30;686;2101;331066;291105;75.7;66.6
86;2021-08-31;960;3156;332026;294261;75.9;67.3
86;2021-09-01;571;2583;332597;296844;76.0;67.9
86;2021-09-02;757;2610;333354;299454;76.2;68.5
86;2021-09-03;758;2251;334112;301705;76.4;69.0
86;2021-09-04;366;2127;334478;303832;76.5;69.5
86;2021-09-05;27;909;334505;304741;76.5;69.7
86;2021-09-06;359;1572;334864;306313;76.6;70.0
86;2021-09-07;510;1995;335374;308308;76.7;70.5
86;2021-09-08;566;2112;335940;310420;76.8;71.0
86;2021-09-09;577;1785;336517;312205;76.9;71.4
86;2021-09-10;525;1819;337042;314024;77.1;71.8
86;2021-09-11;359;1832;337401;315856;77.1;72.2
86;2021-09-12;102;764;337503;316620;77.2;72.4
86;2021-09-13;324;984;337827;317604;77.2;72.6
86;2021-09-14;410;1359;338237;318963;77.3;72.9
86;2021-09-15;474;1556;338711;320519;77.4;73.3
86;2021-09-16;437;1011;339148;321530;77.5;73.5
86;2021-09-17;491;1061;339639;322591;77.6;73.8
86;2021-09-18;294;1271;339933;323862;77.7;74.0
86;2021-09-19;85;415;340018;324277;77.7;74.1
86;2021-09-20;223;641;340241;324918;77.8;74.3
86;2021-09-21;266;827;340507;325745;77.8;74.5
86;2021-09-22;337;1185;340844;326930;77.9;74.7
86;2021-09-23;354;581;341198;327511;78.0;74.9
86;2021-09-24;309;841;341507;328352;78.1;75.1
86;2021-09-25;289;1063;341796;329415;78.1;75.3
86;2021-09-26;45;166;341841;329581;78.2;75.4
86;2021-09-27;160;359;342001;329940;78.2;75.4
86;2021-09-28;239;368;342240;330308;78.2;75.5
86;2021-09-29;229;686;342469;330994;78.3;75.7
86;2021-09-30;255;496;342724;331490;78.4;75.8
86;2021-10-01;258;524;342982;332014;78.4;75.9
86;2021-10-02;279;578;343261;332592;78.5;76.0
86;2021-10-03;19;73;343280;332665;78.5;76.1
86;2021-10-04;97;319;343377;332984;78.5;76.1
86;2021-10-05;130;275;343507;333259;78.5;76.2
86;2021-10-06;183;451;343690;333710;78.6;76.3
86;2021-10-07;188;449;343878;334159;78.6;76.4
86;2021-10-08;202;483;344080;334642;78.7;76.5
86;2021-10-09;230;451;344310;335093;78.7;76.6
86;2021-10-10;2;5;344312;335098;78.7;76.6
86;2021-10-11;145;302;344457;335400;78.8;76.7
86;2021-10-12;116;306;344573;335706;78.8;76.8
86;2021-10-13;220;382;344793;336088;78.8;76.8
87;2020-12-27;0;0;0;0;0.0;0.0
87;2020-12-28;3;2;3;2;0.0;0.0
87;2020-12-29;0;0;3;2;0.0;0.0
87;2020-12-30;0;0;3;2;0.0;0.0
87;2020-12-31;0;0;3;2;0.0;0.0
87;2021-01-01;0;0;3;2;0.0;0.0
87;2021-01-02;0;0;3;2;0.0;0.0
87;2021-01-03;0;0;3;2;0.0;0.0
87;2021-01-04;2;1;5;3;0.0;0.0
87;2021-01-05;1;0;6;3;0.0;0.0
87;2021-01-06;10;0;16;3;0.0;0.0
87;2021-01-07;301;1;317;4;0.1;0.0
87;2021-01-08;407;0;724;4;0.2;0.0
87;2021-01-09;66;0;790;4;0.2;0.0
87;2021-01-10;35;0;825;4;0.2;0.0
87;2021-01-11;424;0;1249;4;0.3;0.0
87;2021-01-12;654;0;1903;4;0.5;0.0
87;2021-01-13;660;3;2563;7;0.7;0.0
87;2021-01-14;517;11;3080;18;0.8;0.0
87;2021-01-15;534;3;3614;21;1.0;0.0
87;2021-01-16;204;1;3818;22;1.0;0.0
87;2021-01-17;1;0;3819;22;1.0;0.0
87;2021-01-18;645;6;4464;28;1.2;0.0
87;2021-01-19;657;1;5121;29;1.4;0.0
87;2021-01-20;674;4;5795;33;1.6;0.0
87;2021-01-21;717;2;6512;35;1.8;0.0
87;2021-01-22;757;4;7269;39;2.0;0.0
87;2021-01-23;287;1;7556;40;2.0;0.0
87;2021-01-24;1;0;7557;40;2.0;0.0
87;2021-01-25;620;10;8177;50;2.2;0.0
87;2021-01-26;570;52;8747;102;2.4;0.0
87;2021-01-27;572;40;9319;142;2.5;0.0
87;2021-01-28;856;110;10175;252;2.7;0.1
87;2021-01-29;741;273;10916;525;2.9;0.1
87;2021-01-30;325;72;11241;597;3.0;0.2
87;2021-01-31;34;71;11275;668;3.0;0.2
87;2021-02-01;413;309;11688;977;3.2;0.3
87;2021-02-02;452;482;12140;1459;3.3;0.4
87;2021-02-03;540;420;12680;1879;3.4;0.5
87;2021-02-04;613;595;13293;2474;3.6;0.7
87;2021-02-05;344;382;13637;2856;3.7;0.8
87;2021-02-06;55;156;13692;3012;3.7;0.8
87;2021-02-07;20;0;13712;3012;3.7;0.8
87;2021-02-08;246;444;13958;3456;3.8;0.9
87;2021-02-09;219;541;14177;3997;3.8;1.1
87;2021-02-10;262;623;14439;4620;3.9;1.2
87;2021-02-11;286;539;14725;5159;4.0;1.4
87;2021-02-12;287;556;15012;5715;4.0;1.5
87;2021-02-13;25;170;15037;5885;4.1;1.6
87;2021-02-14;0;3;15037;5888;4.1;1.6
87;2021-02-15;237;388;15274;6276;4.1;1.7
87;2021-02-16;332;330;15606;6606;4.2;1.8
87;2021-02-17;329;379;15935;6985;4.3;1.9
87;2021-02-18;478;646;16413;7631;4.4;2.1
87;2021-02-19;406;481;16819;8112;4.5;2.2
87;2021-02-20;124;195;16943;8307;4.6;2.2
87;2021-02-21;2;9;16945;8316;4.6;2.2
87;2021-02-22;440;576;17385;8892;4.7;2.4
87;2021-02-23;557;636;17942;9528;4.8;2.6
87;2021-02-24;451;598;18393;10126;5.0;2.7
87;2021-02-25;790;709;19183;10835;5.2;2.9
87;2021-02-26;842;480;20025;11315;5.4;3.1
87;2021-02-27;405;212;20430;11527;5.5;3.1
87;2021-02-28;3;0;20433;11527;5.5;3.1
87;2021-03-01;518;370;20951;11897;5.7;3.2
87;2021-03-02;1031;392;21982;12289;5.9;3.3
87;2021-03-03;1174;353;23156;12642;6.2;3.4
87;2021-03-04;1406;341;24562;12983;6.6;3.5
87;2021-03-05;1770;287;26332;13270;7.1;3.6
87;2021-03-06;1049;42;27381;13312;7.4;3.6
87;2021-03-07;257;6;27638;13318;7.5;3.6
87;2021-03-08;863;247;28501;13565;7.7;3.7
87;2021-03-09;1287;236;29788;13801;8.0;3.7
87;2021-03-10;1299;237;31087;14038;8.4;3.8
87;2021-03-11;1756;257;32843;14295;8.9;3.9
87;2021-03-12;2129;293;34972;14588;9.4;3.9
87;2021-03-13;1309;22;36281;14610;9.8;3.9
87;2021-03-14;80;1;36361;14611;9.8;3.9
87;2021-03-15;987;358;37348;14969;10.1;4.0
87;2021-03-16;1060;244;38408;15213;10.4;4.1
87;2021-03-17;1070;221;39478;15434;10.6;4.2
87;2021-03-18;1186;349;40664;15783;11.0;4.3
87;2021-03-19;1684;283;42348;16066;11.4;4.3
87;2021-03-20;926;92;43274;16158;11.7;4.4
87;2021-03-21;32;0;43306;16158;11.7;4.4
87;2021-03-22;1048;384;44354;16542;12.0;4.5
87;2021-03-23;1386;432;45740;16974;12.3;4.6
87;2021-03-24;1508;367;47248;17341;12.7;4.7
87;2021-03-25;2500;399;49748;17740;13.4;4.8
87;2021-03-26;2532;460;52280;18200;14.1;4.9
87;2021-03-27;891;126;53171;18326;14.3;4.9
87;2021-03-28;270;18;53441;18344;14.4;4.9
87;2021-03-29;1119;418;54560;18762;14.7;5.1
87;2021-03-30;1907;669;56467;19431;15.2;5.2
87;2021-03-31;1660;697;58127;20128;15.7;5.4
87;2021-04-01;2237;574;60364;20702;16.3;5.6
87;2021-04-02;1843;636;62207;21338;16.8;5.8
87;2021-04-03;455;266;62662;21604;16.9;5.8
87;2021-04-04;2;0;62664;21604;16.9;5.8
87;2021-04-05;82;1;62746;21605;16.9;5.8
87;2021-04-06;1005;910;63751;22515;17.2;6.1
87;2021-04-07;1487;927;65238;23442;17.6;6.3
87;2021-04-08;1785;1034;67023;24476;18.1;6.6
87;2021-04-09;2647;743;69670;25219;18.8;6.8
87;2021-04-10;1189;307;70859;25526;19.1;6.9
87;2021-04-11;69;1;70928;25527;19.1;6.9
87;2021-04-12;1619;829;72547;26356;19.6;7.1
87;2021-04-13;2288;1065;74835;27421;20.2;7.4
87;2021-04-14;2530;1192;77365;28613;20.9;7.7
87;2021-04-15;2223;1078;79588;29691;21.5;8.0
87;2021-04-16;2735;1071;82323;30762;22.2;8.3
87;2021-04-17;731;389;83054;31151;22.4;8.4
87;2021-04-18;111;141;83165;31292;22.4;8.4
87;2021-04-19;1662;839;84827;32131;22.9;8.7
87;2021-04-20;2084;885;86911;33016;23.4;8.9
87;2021-04-21;2295;996;89206;34012;24.1;9.2
87;2021-04-22;2564;1167;91770;35179;24.8;9.5
87;2021-04-23;1997;1184;93767;36363;25.3;9.8
87;2021-04-24;824;621;94591;36984;25.5;10.0
87;2021-04-25;66;103;94657;37087;25.5;10.0
87;2021-04-26;1356;916;96013;38003;25.9;10.2
87;2021-04-27;2398;1206;98411;39209;26.5;10.6
87;2021-04-28;3867;1445;102278;40654;27.6;11.0
87;2021-04-29;3078;1845;105356;42499;28.4;11.5
87;2021-04-30;3172;1363;108528;43862;29.3;11.8
87;2021-05-01;614;61;109142;43923;29.4;11.8
87;2021-05-02;361;5;109503;43928;29.5;11.8
87;2021-05-03;2323;940;111826;44868;30.2;12.1
87;2021-05-04;2902;1074;114728;45942;30.9;12.4
87;2021-05-05;2989;1511;117717;47453;31.7;12.8
87;2021-05-06;2531;1725;120248;49178;32.4;13.3
87;2021-05-07;2945;1725;123193;50903;33.2;13.7
87;2021-05-08;772;295;123965;51198;33.4;13.8
87;2021-05-09;18;133;123983;51331;33.4;13.8
87;2021-05-10;1938;1602;125921;52933;34.0;14.3
87;2021-05-11;2465;1908;128386;54841;34.6;14.8
87;2021-05-12;2623;2066;131009;56907;35.3;15.3
87;2021-05-13;1085;293;132094;57200;35.6;15.4
87;2021-05-14;2245;1775;134339;58975;36.2;15.9
87;2021-05-15;950;409;135289;59384;36.5;16.0
87;2021-05-16;141;73;135430;59457;36.5;16.0
87;2021-05-17;1628;1762;137058;61219;37.0;16.5
87;2021-05-18;2632;1821;139690;63040;37.7;17.0
87;2021-05-19;2821;1554;142511;64594;38.4;17.4
87;2021-05-20;3302;1724;145813;66318;39.3;17.9
87;2021-05-21;2764;1843;148577;68161;40.1;18.4
87;2021-05-22;1457;629;150034;68790;40.5;18.6
87;2021-05-23;211;92;150245;68882;40.5;18.6
87;2021-05-24;1055;143;151300;69025;40.8;18.6
87;2021-05-25;2117;1811;153417;70836;41.4;19.1
87;2021-05-26;3219;2478;156636;73314;42.2;19.8
87;2021-05-27;3022;2357;159658;75671;43.1;20.4
87;2021-05-28;2675;2522;162333;78193;43.8;21.1
87;2021-05-29;1061;1313;163394;79506;44.1;21.4
87;2021-05-30;258;60;163652;79566;44.1;21.5
87;2021-05-31;2287;1361;165939;80927;44.8;21.8
87;2021-06-01;2547;1865;168486;82792;45.4;22.3
87;2021-06-02;2524;1856;171010;84648;46.1;22.8
87;2021-06-03;3213;2529;174223;87177;47.0;23.5
87;2021-06-04;2838;2063;177061;89240;47.8;24.1
87;2021-06-05;1310;574;178371;89814;48.1;24.2
87;2021-06-06;261;95;178632;89909;48.2;24.2
87;2021-06-07;2098;1900;180730;91809;48.7;24.8
87;2021-06-08;2958;2603;183688;94412;49.5;25.5
87;2021-06-09;2303;2812;185991;97224;50.2;26.2
87;2021-06-10;2974;2552;188965;99776;51.0;26.9
87;2021-06-11;2363;3075;191328;102851;51.6;27.7
87;2021-06-12;1219;1103;192547;103954;51.9;28.0
87;2021-06-13;294;485;192841;104439;52.0;28.2
87;2021-06-14;980;2729;193821;107168;52.3;28.9
87;2021-06-15;1362;3318;195183;110486;52.6;29.8
87;2021-06-16;1650;3424;196833;113910;53.1;30.7
87;2021-06-17;2438;2314;199271;116224;53.7;31.3
87;2021-06-18;1791;3019;201062;119243;54.2;32.2
87;2021-06-19;1047;1177;202109;120420;54.5;32.5
87;2021-06-20;205;206;202314;120626;54.6;32.5
87;2021-06-21;1040;2648;203354;123274;54.8;33.2
87;2021-06-22;1029;2880;204383;126154;55.1;34.0
87;2021-06-23;1255;3081;205638;129235;55.5;34.9
87;2021-06-24;1616;2561;207254;131796;55.9;35.5
87;2021-06-25;1448;2710;208702;134506;56.3;36.3
87;2021-06-26;529;1201;209231;135707;56.4;36.6
87;2021-06-27;26;212;209257;135919;56.4;36.7
87;2021-06-28;717;2575;209974;138494;56.6;37.4
87;2021-06-29;1156;3417;211130;141911;56.9;38.3
87;2021-06-30;1125;2652;212255;144563;57.2;39.0
87;2021-07-01;1482;2552;213737;147115;57.6;39.7
87;2021-07-02;1204;3463;214941;150578;58.0;40.6
87;2021-07-03;415;1512;215356;152090;58.1;41.0
87;2021-07-04;24;384;215380;152474;58.1;41.1
87;2021-07-05;685;2393;216065;154867;58.3;41.8
87;2021-07-06;582;3220;216647;158087;58.4;42.6
87;2021-07-07;862;3344;217509;161431;58.7;43.5
87;2021-07-08;1119;3671;218628;165102;59.0;44.5
87;2021-07-09;1113;3702;219741;168804;59.3;45.5
87;2021-07-10;290;1360;220031;170164;59.3;45.9
87;2021-07-11;49;284;220080;170448;59.4;46.0
87;2021-07-12;559;3192;220639;173640;59.5;46.8
87;2021-07-13;833;3513;221472;177153;59.7;47.8
87;2021-07-14;517;538;221989;177691;59.9;47.9
87;2021-07-15;1361;3463;223350;181154;60.2;48.9
87;2021-07-16;1731;3597;225081;184751;60.7;49.8
87;2021-07-17;655;1373;225736;186124;60.9;50.2
87;2021-07-18;81;285;225817;186409;60.9;50.3
87;2021-07-19;1434;3400;227251;189809;61.3;51.2
87;2021-07-20;1805;3591;229056;193400;61.8;52.2
87;2021-07-21;1451;3153;230507;196553;62.2;53.0
87;2021-07-22;1877;3251;232384;199804;62.7;53.9
87;2021-07-23;1875;3172;234259;202976;63.2;54.7
87;2021-07-24;816;1284;235075;204260;63.4;55.1
87;2021-07-25;106;241;235181;204501;63.4;55.2
87;2021-07-26;1541;2329;236722;206830;63.8;55.8
87;2021-07-27;2556;2063;239278;208893;64.5;56.3
87;2021-07-28;2390;2007;241668;210900;65.2;56.9
87;2021-07-29;3011;2000;244679;212900;66.0;57.4
87;2021-07-30;2543;2077;247222;214977;66.7;58.0
87;2021-07-31;1103;837;248325;215814;67.0;58.2
87;2021-08-01;283;151;248608;215965;67.1;58.2
87;2021-08-02;2119;1520;250727;217485;67.6;58.7
87;2021-08-03;2496;1331;253223;218816;68.3;59.0
87;2021-08-04;2314;1063;255537;219879;68.9;59.3
87;2021-08-05;2528;1414;258065;221293;69.6;59.7
87;2021-08-06;2144;1659;260209;222952;70.2;60.1
87;2021-08-07;1110;783;261319;223735;70.5;60.3
87;2021-08-08;208;125;261527;223860;70.5;60.4
87;2021-08-09;1818;1526;263345;225386;71.0;60.8
87;2021-08-10;2201;1533;265546;226919;71.6;61.2
87;2021-08-11;1912;1273;267458;228192;72.1;61.5
87;2021-08-12;2106;1481;269564;229673;72.7;61.9
87;2021-08-13;1724;1621;271288;231294;73.2;62.4
87;2021-08-14;672;733;271960;232027;73.3;62.6
87;2021-08-15;72;104;272032;232131;73.4;62.6
87;2021-08-16;1505;1739;273537;233870;73.8;63.1
87;2021-08-17;1354;1669;274891;235539;74.1;63.5
87;2021-08-18;1246;1998;276137;237537;74.5;64.1
87;2021-08-19;1223;1798;277360;239335;74.8;64.6
87;2021-08-20;917;2207;278277;241542;75.1;65.1
87;2021-08-21;318;966;278595;242508;75.1;65.4
87;2021-08-22;92;235;278687;242743;75.2;65.5
87;2021-08-23;746;2393;279433;245136;75.4;66.1
87;2021-08-24;765;2135;280198;247271;75.6;66.7
87;2021-08-25;710;2062;280908;249333;75.8;67.2
87;2021-08-26;860;2156;281768;251489;76.0;67.8
87;2021-08-27;790;2668;282558;254157;76.2;68.5
87;2021-08-28;332;1301;282890;255458;76.3;68.9
87;2021-08-29;65;244;282955;255702;76.3;69.0
87;2021-08-30;472;2198;283427;257900;76.4;69.6
87;2021-08-31;608;1902;284035;259802;76.6;70.1
87;2021-09-01;750;2351;284785;262153;76.8;70.7
87;2021-09-02;557;2137;285342;264290;77.0;71.3
87;2021-09-03;650;2150;285992;266440;77.1;71.9
87;2021-09-04;277;1065;286269;267505;77.2;72.1
87;2021-09-05;9;6;286278;267511;77.2;72.1
87;2021-09-06;396;1601;286674;269112;77.3;72.6
87;2021-09-07;386;1241;287060;270353;77.4;72.9
87;2021-09-08;460;1467;287520;271820;77.5;73.3
87;2021-09-09;326;965;287846;272785;77.6;73.6
87;2021-09-10;466;1380;288312;274165;77.8;73.9
87;2021-09-11;320;894;288632;275059;77.8;74.2
87;2021-09-12;3;13;288635;275072;77.8;74.2
87;2021-09-13;313;764;288948;275836;77.9;74.4
87;2021-09-14;287;619;289235;276455;78.0;74.6
87;2021-09-15;369;964;289604;277419;78.1;74.8
87;2021-09-16;348;789;289952;278208;78.2;75.0
87;2021-09-17;408;885;290360;279093;78.3;75.3
87;2021-09-18;286;728;290646;279821;78.4;75.5
87;2021-09-19;4;14;290650;279835;78.4;75.5
87;2021-09-20;204;465;290854;280300;78.4;75.6
87;2021-09-21;262;508;291116;280808;78.5;75.7
87;2021-09-22;237;758;291353;281566;78.6;75.9
87;2021-09-23;218;529;291571;282095;78.6;76.1
87;2021-09-24;293;740;291864;282835;78.7;76.3
87;2021-09-25;167;511;292031;283346;78.8;76.4
87;2021-09-26;2;5;292033;283351;78.8;76.4
87;2021-09-27;195;402;292228;283753;78.8;76.5
87;2021-09-28;204;322;292432;284075;78.9;76.6
87;2021-09-29;173;400;292605;284475;78.9;76.7
87;2021-09-30;140;268;292745;284743;79.0;76.8
87;2021-10-01;205;513;292950;285256;79.0;76.9
87;2021-10-02;156;399;293106;285655;79.1;77.0
87;2021-10-03;3;3;293109;285658;79.1;77.0
87;2021-10-04;157;290;293266;285948;79.1;77.1
87;2021-10-05;112;212;293378;286160;79.1;77.2
87;2021-10-06;197;413;293575;286573;79.2;77.3
87;2021-10-07;110;259;293685;286832;79.2;77.4
87;2021-10-08;228;476;293913;287308;79.3;77.5
87;2021-10-09;178;356;294091;287664;79.3;77.6
87;2021-10-10;4;4;294095;287668;79.3;77.6
87;2021-10-11;135;267;294230;287935;79.4;77.7
87;2021-10-12;107;215;294337;288150;79.4;77.7
87;2021-10-13;160;211;294497;288361;79.4;77.8
88;2020-12-27;0;0;0;0;0.0;0.0
88;2020-12-28;0;0;0;0;0.0;0.0
88;2020-12-29;0;0;0;0;0.0;0.0
88;2020-12-30;0;0;0;0;0.0;0.0
88;2020-12-31;0;0;0;0;0.0;0.0
88;2021-01-01;2;0;2;0;0.0;0.0
88;2021-01-02;0;0;2;0;0.0;0.0
88;2021-01-03;0;0;2;0;0.0;0.0
88;2021-01-04;0;0;2;0;0.0;0.0
88;2021-01-05;1;0;3;0;0.0;0.0
88;2021-01-06;3;0;6;0;0.0;0.0
88;2021-01-07;71;1;77;1;0.0;0.0
88;2021-01-08;189;2;266;3;0.1;0.0
88;2021-01-09;190;3;456;6;0.1;0.0
88;2021-01-10;0;0;456;6;0.1;0.0
88;2021-01-11;227;0;683;6;0.2;0.0
88;2021-01-12;422;0;1105;6;0.3;0.0
88;2021-01-13;491;2;1596;8;0.4;0.0
88;2021-01-14;347;3;1943;11;0.5;0.0
88;2021-01-15;380;3;2323;14;0.6;0.0
88;2021-01-16;62;0;2385;14;0.7;0.0
88;2021-01-17;1;0;2386;14;0.7;0.0
88;2021-01-18;461;0;2847;14;0.8;0.0
88;2021-01-19;452;0;3299;14;0.9;0.0
88;2021-01-20;462;1;3761;15;1.0;0.0
88;2021-01-21;1547;7;5308;22;1.5;0.0
88;2021-01-22;1182;2;6490;24;1.8;0.0
88;2021-01-23;285;0;6775;24;1.9;0.0
88;2021-01-24;298;2;7073;26;2.0;0.0
88;2021-01-25;937;4;8010;30;2.2;0.0
88;2021-01-26;388;5;8398;35;2.3;0.0
88;2021-01-27;4;0;8402;35;2.3;0.0
88;2021-01-28;162;38;8564;73;2.4;0.0
88;2021-01-29;527;160;9091;233;2.5;0.1
88;2021-01-30;288;128;9379;361;2.6;0.1
88;2021-01-31;0;0;9379;361;2.6;0.1
88;2021-02-01;405;281;9784;642;2.7;0.2
88;2021-02-02;333;363;10117;1005;2.8;0.3
88;2021-02-03;437;241;10554;1246;2.9;0.3
88;2021-02-04;315;229;10869;1475;3.0;0.4
88;2021-02-05;457;252;11326;1727;3.2;0.5
88;2021-02-06;110;56;11436;1783;3.2;0.5
88;2021-02-07;0;0;11436;1783;3.2;0.5
88;2021-02-08;360;203;11796;1986;3.3;0.6
88;2021-02-09;291;288;12087;2274;3.4;0.6
88;2021-02-10;416;344;12503;2618;3.5;0.7
88;2021-02-11;850;1094;13353;3712;3.7;1.0
88;2021-02-12;939;707;14292;4419;4.0;1.2
88;2021-02-13;162;211;14454;4630;4.0;1.3
88;2021-02-14;81;216;14535;4846;4.0;1.3
88;2021-02-15;639;1076;15174;5922;4.2;1.6
88;2021-02-16;472;723;15646;6645;4.4;1.8
88;2021-02-17;455;437;16101;7082;4.5;2.0
88;2021-02-18;516;385;16617;7467;4.6;2.1
88;2021-02-19;535;461;17152;7928;4.8;2.2
88;2021-02-20;156;101;17308;8029;4.8;2.2
88;2021-02-21;1;25;17309;8054;4.8;2.2
88;2021-02-22;425;342;17734;8396;4.9;2.3
88;2021-02-23;403;232;18137;8628;5.0;2.4
88;2021-02-24;505;210;18642;8838;5.2;2.5
88;2021-02-25;674;286;19316;9124;5.4;2.5
88;2021-02-26;863;277;20179;9401;5.6;2.6
88;2021-02-27;269;34;20448;9435;5.7;2.6
88;2021-02-28;30;1;20478;9436;5.7;2.6
88;2021-03-01;358;463;20836;9899;5.8;2.8
88;2021-03-02;431;497;21267;10396;5.9;2.9
88;2021-03-03;650;466;21917;10862;6.1;3.0
88;2021-03-04;1045;768;22962;11630;6.4;3.2
88;2021-03-05;933;706;23895;12336;6.6;3.4
88;2021-03-06;1873;119;25768;12455;7.2;3.5
88;2021-03-07;1060;82;26828;12537;7.5;3.5
88;2021-03-08;726;692;27554;13229;7.7;3.7
88;2021-03-09;1095;541;28649;13770;8.0;3.8
88;2021-03-10;1083;498;29732;14268;8.3;4.0
88;2021-03-11;1441;404;31173;14672;8.7;4.1
88;2021-03-12;1309;490;32482;15162;9.0;4.2
88;2021-03-13;1211;131;33693;15293;9.4;4.3
88;2021-03-14;166;5;33859;15298;9.4;4.3
88;2021-03-15;928;447;34787;15745;9.7;4.4
88;2021-03-16;1023;345;35810;16090;10.0;4.5
88;2021-03-17;905;425;36715;16515;10.2;4.6
88;2021-03-18;1302;405;38017;16920;10.6;4.7
88;2021-03-19;1466;508;39483;17428;11.0;4.8
88;2021-03-20;1319;57;40802;17485;11.3;4.9
88;2021-03-21;37;0;40839;17485;11.4;4.9
88;2021-03-22;1233;546;42072;18031;11.7;5.0
88;2021-03-23;1780;448;43852;18479;12.2;5.1
88;2021-03-24;1877;475;45729;18954;12.7;5.3
88;2021-03-25;2497;497;48226;19451;13.4;5.4
88;2021-03-26;2480;463;50706;19914;14.1;5.5
88;2021-03-27;884;301;51590;20215;14.3;5.6
88;2021-03-28;61;4;51651;20219;14.4;5.6
88;2021-03-29;1305;449;52956;20668;14.7;5.7
88;2021-03-30;2062;395;55018;21063;15.3;5.9
88;2021-03-31;1619;578;56637;21641;15.8;6.0
88;2021-04-01;2116;720;58753;22361;16.3;6.2
88;2021-04-02;2812;648;61565;23009;17.1;6.4
88;2021-04-03;745;215;62310;23224;17.3;6.5
88;2021-04-04;16;1;62326;23225;17.3;6.5
88;2021-04-05;23;2;62349;23227;17.3;6.5
88;2021-04-06;1140;680;63489;23907;17.7;6.6
88;2021-04-07;1601;715;65090;24622;18.1;6.8
88;2021-04-08;1857;792;66947;25414;18.6;7.1
88;2021-04-09;3079;744;70026;26158;19.5;7.3
88;2021-04-10;724;650;70750;26808;19.7;7.5
88;2021-04-11;33;1;70783;26809;19.7;7.5
88;2021-04-12;1537;989;72320;27798;20.1;7.7
88;2021-04-13;2035;1091;74355;28889;20.7;8.0
88;2021-04-14;1910;952;76265;29841;21.2;8.3
88;2021-04-15;1967;1246;78232;31087;21.8;8.6
88;2021-04-16;2109;1050;80341;32137;22.3;8.9
88;2021-04-17;1430;766;81771;32903;22.7;9.2
88;2021-04-18;268;23;82039;32926;22.8;9.2
88;2021-04-19;1172;1239;83211;34165;23.1;9.5
88;2021-04-20;1190;1398;84401;35563;23.5;9.9
88;2021-04-21;1503;1300;85904;36863;23.9;10.3
88;2021-04-22;1900;1637;87804;38500;24.4;10.7
88;2021-04-23;1825;2047;89629;40547;24.9;11.3
88;2021-04-24;1184;788;90813;41335;25.3;11.5
88;2021-04-25;34;2;90847;41337;25.3;11.5
88;2021-04-26;1182;1176;92029;42513;25.6;11.8
88;2021-04-27;1277;1737;93306;44250;26.0;12.3
88;2021-04-28;1634;1498;94940;45748;26.4;12.7
88;2021-04-29;2081;1468;97021;47216;27.0;13.1
88;2021-04-30;2450;1634;99471;48850;27.7;13.6
88;2021-05-01;2008;290;101479;49140;28.2;13.7
88;2021-05-02;1301;120;102780;49260;28.6;13.7
88;2021-05-03;1559;1218;104339;50478;29.0;14.0
88;2021-05-04;1444;1469;105783;51947;29.4;14.4
88;2021-05-05;2426;1599;108209;53546;30.1;14.9
88;2021-05-06;3211;1214;111420;54760;31.0;15.2
88;2021-05-07;2938;1359;114358;56119;31.8;15.6
88;2021-05-08;1532;470;115890;56589;32.2;15.7
88;2021-05-09;1734;163;117624;56752;32.7;15.8
88;2021-05-10;1763;1571;119387;58323;33.2;16.2
88;2021-05-11;2655;1914;122042;60237;33.9;16.8
88;2021-05-12;2531;1853;124573;62090;34.6;17.3
88;2021-05-13;3258;683;127831;62773;35.6;17.5
88;2021-05-14;2500;1545;130331;64318;36.3;17.9
88;2021-05-15;1624;744;131955;65062;36.7;18.1
88;2021-05-16;1332;104;133287;65166;37.1;18.1
88;2021-05-17;1987;946;135274;66112;37.6;18.4
88;2021-05-18;2255;1117;137529;67229;38.3;18.7
88;2021-05-19;2721;1150;140250;68379;39.0;19.0
88;2021-05-20;3348;1239;143598;69618;39.9;19.4
88;2021-05-21;2875;1151;146473;70769;40.7;19.7
88;2021-05-22;1431;713;147904;71482;41.1;19.9
88;2021-05-23;558;74;148462;71556;41.3;19.9
88;2021-05-24;1675;435;150137;71991;41.8;20.0
88;2021-05-25;1646;1175;151783;73166;42.2;20.4
88;2021-05-26;2368;1141;154151;74307;42.9;20.7
88;2021-05-27;2200;1363;156351;75670;43.5;21.0
88;2021-05-28;1891;1988;158242;77658;44.0;21.6
88;2021-05-29;1230;1755;159472;79413;44.4;22.1
88;2021-05-30;587;418;160059;79831;44.5;22.2
88;2021-05-31;1327;1852;161386;81683;44.9;22.7
88;2021-06-01;1720;1986;163106;83669;45.4;23.3
88;2021-06-02;2076;1871;165182;85540;45.9;23.8
88;2021-06-03;2738;1622;167920;87162;46.7;24.2
88;2021-06-04;2042;1935;169962;89097;47.3;24.8
88;2021-06-05;1531;1139;171493;90236;47.7;25.1
88;2021-06-06;692;156;172185;90392;47.9;25.1
88;2021-06-07;1290;1710;173475;92102;48.3;25.6
88;2021-06-08;1666;1935;175141;94037;48.7;26.2
88;2021-06-09;1619;1911;176760;95948;49.2;26.7
88;2021-06-10;1781;2049;178541;97997;49.7;27.3
88;2021-06-11;1549;2218;180090;100215;50.1;27.9
88;2021-06-12;669;1657;180759;101872;50.3;28.3
88;2021-06-13;464;377;181223;102249;50.4;28.4
88;2021-06-14;1030;2251;182253;104500;50.7;29.1
88;2021-06-15;1928;2458;184181;106958;51.2;29.8
88;2021-06-16;1486;2873;185667;109831;51.6;30.5
88;2021-06-17;1601;2733;187268;112564;52.1;31.3
88;2021-06-18;1355;2461;188623;115025;52.5;32.0
88;2021-06-19;701;1090;189324;116115;52.7;32.3
88;2021-06-20;78;79;189402;116194;52.7;32.3
88;2021-06-21;672;2579;190074;118773;52.9;33.0
88;2021-06-22;869;3433;190943;122206;53.1;34.0
88;2021-06-23;1144;2877;192087;125083;53.4;34.8
88;2021-06-24;702;2604;192789;127687;53.6;35.5
88;2021-06-25;1436;3180;194225;130867;54.0;36.4
88;2021-06-26;903;2073;195128;132940;54.3;37.0
88;2021-06-27;543;635;195671;133575;54.4;37.2
88;2021-06-28;758;2515;196429;136090;54.6;37.9
88;2021-06-29;960;3353;197389;139443;54.9;38.8
88;2021-06-30;1137;3116;198526;142559;55.2;39.7
88;2021-07-01;1056;2686;199582;145245;55.5;40.4
88;2021-07-02;992;3150;200574;148395;55.8;41.3
88;2021-07-03;692;1699;201266;150094;56.0;41.7
88;2021-07-04;258;815;201524;150909;56.1;42.0
88;2021-07-05;993;2021;202517;152930;56.3;42.5
88;2021-07-06;1022;2416;203539;155346;56.6;43.2
88;2021-07-07;1177;2586;204716;157932;56.9;43.9
88;2021-07-08;1082;2063;205798;159995;57.2;44.5
88;2021-07-09;1583;2708;207381;162703;57.7;45.3
88;2021-07-10;721;1820;208102;164523;57.9;45.8
88;2021-07-11;468;696;208570;165219;58.0;46.0
88;2021-07-12;1056;2520;209626;167739;58.3;46.7
88;2021-07-13;1313;2655;210939;170394;58.7;47.4
88;2021-07-14;1207;802;212146;171196;59.0;47.6
88;2021-07-15;1744;3312;213890;174508;59.5;48.5
88;2021-07-16;1469;2964;215359;177472;59.9;49.4
88;2021-07-17;802;1587;216161;179059;60.1;49.8
88;2021-07-18;180;679;216341;179738;60.2;50.0
88;2021-07-19;1563;2231;217904;181969;60.6;50.6
88;2021-07-20;2144;2385;220048;184354;61.2;51.3
88;2021-07-21;1939;2218;221987;186572;61.7;51.9
88;2021-07-22;1699;2108;223686;188680;62.2;52.5
88;2021-07-23;2508;2784;226194;191464;62.9;53.3
88;2021-07-24;1059;1187;227253;192651;63.2;53.6
88;2021-07-25;432;608;227685;193259;63.3;53.8
88;2021-07-26;1715;2076;229400;195335;63.8;54.3
88;2021-07-27;2351;2061;231751;197396;64.5;54.9
88;2021-07-28;2210;2250;233961;199646;65.1;55.5
88;2021-07-29;3033;1636;236994;201282;65.9;56.0
88;2021-07-30;2272;2297;239266;203579;66.6;56.6
88;2021-07-31;1105;1037;240371;204616;66.9;56.9
88;2021-08-01;450;461;240821;205077;67.0;57.0
88;2021-08-02;2376;1770;243197;206847;67.6;57.5
88;2021-08-03;2875;1592;246072;208439;68.4;58.0
88;2021-08-04;2520;1529;248592;209968;69.1;58.4
88;2021-08-05;1994;1378;250586;211346;69.7;58.8
88;2021-08-06;2948;2010;253534;213356;70.5;59.3
88;2021-08-07;1176;912;254710;214268;70.8;59.6
88;2021-08-08;751;319;255461;214587;71.1;59.7
88;2021-08-09;1551;1650;257012;216237;71.5;60.1
88;2021-08-10;1941;2041;258953;218278;72.0;60.7
88;2021-08-11;1871;1759;260824;220037;72.5;61.2
88;2021-08-12;1671;1349;262495;221386;73.0;61.6
88;2021-08-13;1952;2137;264447;223523;73.6;62.2
88;2021-08-14;580;912;265027;224435;73.7;62.4
88;2021-08-15;337;520;265364;224955;73.8;62.6
88;2021-08-16;1149;1988;266513;226943;74.1;63.1
88;2021-08-17;1267;2058;267780;229001;74.5;63.7
88;2021-08-18;1209;1925;268989;230926;74.8;64.2
88;2021-08-19;1042;1582;270031;232508;75.1;64.7
88;2021-08-20;1020;2330;271051;234838;75.4;65.3
88;2021-08-21;405;1144;271456;235982;75.5;65.6
88;2021-08-22;100;479;271556;236461;75.5;65.8
88;2021-08-23;734;1640;272290;238101;75.7;66.2
88;2021-08-24;918;1973;273208;240074;76.0;66.8
88;2021-08-25;891;2459;274099;242533;76.2;67.5
88;2021-08-26;868;2049;274967;244582;76.5;68.0
88;2021-08-27;844;2711;275811;247293;76.7;68.8
88;2021-08-28;491;1351;276302;248644;76.9;69.2
88;2021-08-29;130;693;276432;249337;76.9;69.4
88;2021-08-30;698;2342;277130;251679;77.1;70.0
88;2021-08-31;782;2330;277912;254009;77.3;70.7
88;2021-09-01;686;1991;278598;256000;77.5;71.2
88;2021-09-02;666;1603;279264;257603;77.7;71.7
88;2021-09-03;728;2106;279992;259709;77.9;72.2
88;2021-09-04;429;1104;280421;260813;78.0;72.5
88;2021-09-05;188;370;280609;261183;78.1;72.6
88;2021-09-06;505;1208;281114;262391;78.2;73.0
88;2021-09-07;566;1225;281680;263616;78.3;73.3
88;2021-09-08;459;1330;282139;264946;78.5;73.7
88;2021-09-09;540;769;282679;265715;78.6;73.9
88;2021-09-10;592;1342;283271;267057;78.8;74.3
88;2021-09-11;349;781;283620;267838;78.9;74.5
88;2021-09-12;71;125;283691;267963;78.9;74.5
88;2021-09-13;429;701;284120;268664;79.0;74.7
88;2021-09-14;555;722;284675;269386;79.2;74.9
88;2021-09-15;428;971;285103;270357;79.3;75.2
88;2021-09-16;255;536;285358;270893;79.4;75.3
88;2021-09-17;434;1026;285792;271919;79.5;75.6
88;2021-09-18;237;680;286029;272599;79.6;75.8
88;2021-09-19;52;164;286081;272763;79.6;75.9
88;2021-09-20;222;565;286303;273328;79.6;76.0
88;2021-09-21;208;598;286511;273926;79.7;76.2
88;2021-09-22;207;780;286718;274706;79.8;76.4
88;2021-09-23;287;626;287005;275332;79.8;76.6
88;2021-09-24;280;802;287285;276134;79.9;76.8
88;2021-09-25;131;564;287416;276698;79.9;77.0
88;2021-09-26;18;159;287434;276857;79.9;77.0
88;2021-09-27;165;457;287599;277314;80.0;77.1
88;2021-09-28;175;523;287774;277837;80.0;77.3
88;2021-09-29;174;504;287948;278341;80.1;77.4
88;2021-09-30;127;459;288075;278800;80.1;77.5
88;2021-10-01;207;672;288282;279472;80.2;77.7
88;2021-10-02;129;359;288411;279831;80.2;77.8
88;2021-10-03;22;80;288433;279911;80.2;77.9
88;2021-10-04;137;467;288570;280378;80.3;78.0
88;2021-10-05;178;581;288748;280959;80.3;78.1
88;2021-10-06;198;398;288946;281357;80.4;78.3
88;2021-10-07;61;209;289007;281566;80.4;78.3
88;2021-10-08;266;630;289273;282196;80.5;78.5
88;2021-10-09;118;241;289391;282437;80.5;78.6
88;2021-10-10;22;46;289413;282483;80.5;78.6
88;2021-10-11;89;225;289502;282708;80.5;78.6
88;2021-10-12;149;258;289651;282966;80.6;78.7
88;2021-10-13;145;259;289796;283225;80.6;78.8
89;2020-12-27;0;0;0;0;0.0;0.0
89;2020-12-28;2;1;2;1;0.0;0.0
89;2020-12-29;0;0;2;1;0.0;0.0
89;2020-12-30;0;0;2;1;0.0;0.0
89;2020-12-31;0;0;2;1;0.0;0.0
89;2021-01-01;0;0;2;1;0.0;0.0
89;2021-01-02;0;0;2;1;0.0;0.0
89;2021-01-03;0;0;2;1;0.0;0.0
89;2021-01-04;0;0;2;1;0.0;0.0
89;2021-01-05;0;0;2;1;0.0;0.0
89;2021-01-06;48;0;50;1;0.0;0.0
89;2021-01-07;201;0;251;1;0.1;0.0
89;2021-01-08;48;0;299;1;0.1;0.0
89;2021-01-09;1;0;300;1;0.1;0.0
89;2021-01-10;0;0;300;1;0.1;0.0
89;2021-01-11;221;0;521;1;0.2;0.0
89;2021-01-12;349;0;870;1;0.3;0.0
89;2021-01-13;535;3;1405;4;0.4;0.0
89;2021-01-14;711;8;2116;12;0.6;0.0
89;2021-01-15;278;2;2394;14;0.7;0.0
89;2021-01-16;90;4;2484;18;0.7;0.0
89;2021-01-17;0;0;2484;18;0.7;0.0
89;2021-01-18;503;1;2987;19;0.9;0.0
89;2021-01-19;841;4;3828;23;1.2;0.0
89;2021-01-20;762;0;4590;23;1.4;0.0
89;2021-01-21;939;4;5529;27;1.7;0.0
89;2021-01-22;1020;1;6549;28;2.0;0.0
89;2021-01-23;200;0;6749;28;2.0;0.0
89;2021-01-24;107;1;6856;29;2.1;0.0
89;2021-01-25;483;4;7339;33;2.2;0.0
89;2021-01-26;582;14;7921;47;2.4;0.0
89;2021-01-27;473;38;8394;85;2.5;0.0
89;2021-01-28;551;127;8945;212;2.7;0.1
89;2021-01-29;959;43;9904;255;3.0;0.1
89;2021-01-30;184;67;10088;322;3.0;0.1
89;2021-01-31;24;2;10112;324;3.0;0.1
89;2021-02-01;255;152;10367;476;3.1;0.1
89;2021-02-02;283;333;10650;809;3.2;0.2
89;2021-02-03;292;344;10942;1153;3.3;0.3
89;2021-02-04;434;593;11376;1746;3.4;0.5
89;2021-02-05;387;204;11763;1950;3.5;0.6
89;2021-02-06;77;66;11840;2016;3.6;0.6
89;2021-02-07;0;0;11840;2016;3.6;0.6
89;2021-02-08;287;188;12127;2204;3.7;0.7
89;2021-02-09;284;441;12411;2645;3.7;0.8
89;2021-02-10;396;313;12807;2958;3.9;0.9
89;2021-02-11;332;548;13139;3506;4.0;1.1
89;2021-02-12;434;599;13573;4105;4.1;1.2
89;2021-02-13;51;130;13624;4235;4.1;1.3
89;2021-02-14;21;116;13645;4351;4.1;1.3
89;2021-02-15;217;403;13862;4754;4.2;1.4
89;2021-02-16;134;534;13996;5288;4.2;1.6
89;2021-02-17;263;438;14259;5726;4.3;1.7
89;2021-02-18;225;544;14484;6270;4.4;1.9
89;2021-02-19;246;652;14730;6922;4.4;2.1
89;2021-02-20;33;140;14763;7062;4.4;2.1
89;2021-02-21;0;10;14763;7072;4.4;2.1
89;2021-02-22;233;451;14996;7523;4.5;2.3
89;2021-02-23;170;490;15166;8013;4.6;2.4
89;2021-02-24;344;389;15510;8402;4.7;2.5
89;2021-02-25;370;464;15880;8866;4.8;2.7
89;2021-02-26;385;338;16265;9204;4.9;2.8
89;2021-02-27;138;82;16403;9286;4.9;2.8
89;2021-02-28;6;13;16409;9299;4.9;2.8
89;2021-03-01;541;237;16950;9536;5.1;2.9
89;2021-03-02;755;356;17705;9892;5.3;3.0
89;2021-03-03;647;277;18352;10169;5.5;3.1
89;2021-03-04;633;380;18985;10549;5.7;3.2
89;2021-03-05;728;506;19713;11055;5.9;3.3
89;2021-03-06;549;135;20262;11190;6.1;3.4
89;2021-03-07;288;40;20550;11230;6.2;3.4
89;2021-03-08;560;330;21110;11560;6.4;3.5
89;2021-03-09;1003;278;22113;11838;6.7;3.6
89;2021-03-10;984;257;23097;12095;7.0;3.6
89;2021-03-11;1077;304;24174;12399;7.3;3.7
89;2021-03-12;1280;338;25454;12737;7.7;3.8
89;2021-03-13;637;45;26091;12782;7.9;3.8
89;2021-03-14;1;0;26092;12782;7.9;3.8
89;2021-03-15;816;317;26908;13099;8.1;3.9
89;2021-03-16;948;229;27856;13328;8.4;4.0
89;2021-03-17;920;273;28776;13601;8.7;4.1
89;2021-03-18;885;258;29661;13859;8.9;4.2
89;2021-03-19;1149;197;30810;14056;9.3;4.2
89;2021-03-20;844;33;31654;14089;9.5;4.2
89;2021-03-21;173;6;31827;14095;9.6;4.2
89;2021-03-22;1044;227;32871;14322;9.9;4.3
89;2021-03-23;1744;263;34615;14585;10.4;4.4
89;2021-03-24;1968;333;36583;14918;11.0;4.5
89;2021-03-25;1821;175;38404;15093;11.6;4.5
89;2021-03-26;2628;190;41032;15283;12.4;4.6
89;2021-03-27;1775;52;42807;15335;12.9;4.6
89;2021-03-28;32;3;42839;15338;12.9;4.6
89;2021-03-29;965;579;43804;15917;13.2;4.8
89;2021-03-30;1156;574;44960;16491;13.5;5.0
89;2021-03-31;2004;474;46964;16965;14.1;5.1
89;2021-04-01;2121;463;49085;17428;14.8;5.2
89;2021-04-02;2140;450;51225;17878;15.4;5.4
89;2021-04-03;1004;243;52229;18121;15.7;5.5
89;2021-04-04;16;1;52245;18122;15.7;5.5
89;2021-04-05;92;4;52337;18126;15.8;5.5
89;2021-04-06;1034;758;53371;18884;16.1;5.7
89;2021-04-07;1027;806;54398;19690;16.4;5.9
89;2021-04-08;1731;728;56129;20418;16.9;6.1
89;2021-04-09;2164;773;58293;21191;17.6;6.4
89;2021-04-10;891;180;59184;21371;17.8;6.4
89;2021-04-11;38;51;59222;21422;17.8;6.5
89;2021-04-12;1010;795;60232;22217;18.1;6.7
89;2021-04-13;1356;1082;61588;23299;18.5;7.0
89;2021-04-14;1214;1040;62802;24339;18.9;7.3
89;2021-04-15;1412;948;64214;25287;19.3;7.6
89;2021-04-16;1330;941;65544;26228;19.7;7.9
89;2021-04-17;1070;456;66614;26684;20.1;8.0
89;2021-04-18;27;154;66641;26838;20.1;8.1
89;2021-04-19;748;1040;67389;27878;20.3;8.4
89;2021-04-20;1016;1535;68405;29413;20.6;8.9
89;2021-04-21;814;1107;69219;30520;20.8;9.2
89;2021-04-22;1107;1169;70326;31689;21.2;9.5
89;2021-04-23;1820;1966;72146;33655;21.7;10.1
89;2021-04-24;1173;1175;73319;34830;22.1;10.5
89;2021-04-25;139;6;73458;34836;22.1;10.5
89;2021-04-26;1503;778;74961;35614;22.6;10.7
89;2021-04-27;1733;1054;76694;36668;23.1;11.0
89;2021-04-28;1599;1856;78293;38524;23.6;11.6
89;2021-04-29;1970;1932;80263;40456;24.2;12.2
89;2021-04-30;1803;1770;82066;42226;24.7;12.7
89;2021-05-01;846;722;82912;42948;25.0;12.9
89;2021-05-02;134;31;83046;42979;25.0;12.9
89;2021-05-03;1606;766;84652;43745;25.5;13.2
89;2021-05-04;1617;1131;86269;44876;26.0;13.5
89;2021-05-05;2319;1267;88588;46143;26.7;13.9
89;2021-05-06;2411;1381;90999;47524;27.4;14.3
89;2021-05-07;2718;1318;93717;48842;28.2;14.7
89;2021-05-08;1786;535;95503;49377;28.8;14.9
89;2021-05-09;196;19;95699;49396;28.8;14.9
89;2021-05-10;1202;963;96901;50359;29.2;15.2
89;2021-05-11;2491;1466;99392;51825;29.9;15.6
89;2021-05-12;2060;1217;101452;53042;30.5;16.0
89;2021-05-13;415;332;101867;53374;30.7;16.1
89;2021-05-14;1880;1095;103747;54469;31.2;16.4
89;2021-05-15;2247;394;105994;54863;31.9;16.5
89;2021-05-16;10;35;106004;54898;31.9;16.5
89;2021-05-17;2091;638;108095;55536;32.5;16.7
89;2021-05-18;2324;832;110419;56368;33.2;17.0
89;2021-05-19;2860;882;113279;57250;34.1;17.2
89;2021-05-20;2927;886;116206;58136;35.0;17.5
89;2021-05-21;2481;879;118687;59015;35.7;17.8
89;2021-05-22;1431;572;120118;59587;36.2;17.9
89;2021-05-23;108;10;120226;59597;36.2;17.9
89;2021-05-24;288;226;120514;59823;36.3;18.0
89;2021-05-25;1558;982;122072;60805;36.8;18.3
89;2021-05-26;1815;1024;123887;61829;37.3;18.6
89;2021-05-27;2117;1358;126004;63187;37.9;19.0
89;2021-05-28;2143;1422;128147;64609;38.6;19.5
89;2021-05-29;541;658;128688;65267;38.8;19.7
89;2021-05-30;25;22;128713;65289;38.8;19.7
89;2021-05-31;1248;972;129961;66261;39.1;20.0
89;2021-06-01;1505;981;131466;67242;39.6;20.2
89;2021-06-02;1946;1279;133412;68521;40.2;20.6
89;2021-06-03;2432;1523;135844;70044;40.9;21.1
89;2021-06-04;2140;1888;137984;71932;41.5;21.7
89;2021-06-05;1185;1224;139169;73156;41.9;22.0
89;2021-06-06;24;37;139193;73193;41.9;22.0
89;2021-06-07;2107;1452;141300;74645;42.5;22.5
89;2021-06-08;2196;1452;143496;76097;43.2;22.9
89;2021-06-09;2326;1510;145822;77607;43.9;23.4
89;2021-06-10;2794;1600;148616;79207;44.8;23.9
89;2021-06-11;1951;1750;150567;80957;45.3;24.4
89;2021-06-12;1103;759;151670;81716;45.7;24.6
89;2021-06-13;156;423;151826;82139;45.7;24.7
89;2021-06-14;1313;1825;153139;83964;46.1;25.3
89;2021-06-15;1404;2010;154543;85974;46.5;25.9
89;2021-06-16;1129;2582;155672;88556;46.9;26.7
89;2021-06-17;1434;2335;157106;90891;47.3;27.4
89;2021-06-18;1624;2878;158730;93769;47.8;28.2
89;2021-06-19;686;1660;159416;95429;48.0;28.7
89;2021-06-20;55;127;159471;95556;48.0;28.8
89;2021-06-21;758;1528;160229;97084;48.2;29.2
89;2021-06-22;1049;2679;161278;99763;48.6;30.0
89;2021-06-23;1157;1800;162435;101563;48.9;30.6
89;2021-06-24;1078;1498;163513;103061;49.2;31.0
89;2021-06-25;1008;2425;164521;105486;49.5;31.8
89;2021-06-26;560;2482;165081;107968;49.7;32.5
89;2021-06-27;14;28;165095;107996;49.7;32.5
89;2021-06-28;1033;2495;166128;110491;50.0;33.3
89;2021-06-29;691;2403;166819;112894;50.2;34.0
89;2021-06-30;1083;3181;167902;116075;50.6;35.0
89;2021-07-01;1026;2989;168928;119064;50.9;35.9
89;2021-07-02;1109;2753;170037;121817;51.2;36.7
89;2021-07-03;554;1575;170591;123392;51.4;37.2
89;2021-07-04;11;36;170602;123428;51.4;37.2
89;2021-07-05;1296;1839;171898;125267;51.8;37.7
89;2021-07-06;1057;2312;172955;127579;52.1;38.4
89;2021-07-07;682;1787;173637;129366;52.3;39.0
89;2021-07-08;805;1873;174442;131239;52.5;39.5
89;2021-07-09;1146;2606;175588;133845;52.9;40.3
89;2021-07-10;719;816;176307;134661;53.1;40.5
89;2021-07-11;26;39;176333;134700;53.1;40.6
89;2021-07-12;1428;1901;177761;136601;53.5;41.1
89;2021-07-13;2145;2746;179906;139347;54.2;42.0
89;2021-07-14;322;326;180228;139673;54.3;42.1
89;2021-07-15;2253;3156;182481;142829;54.9;43.0
89;2021-07-16;2391;2865;184872;145694;55.7;43.9
89;2021-07-17;1235;1229;186107;146923;56.0;44.2
89;2021-07-18;277;97;186384;147020;56.1;44.3
89;2021-07-19;1566;2812;187950;149832;56.6;45.1
89;2021-07-20;1929;3283;189879;153115;57.2;46.1
89;2021-07-21;2081;2725;191960;155840;57.8;46.9
89;2021-07-22;2481;2994;194441;158834;58.5;47.8
89;2021-07-23;2474;3105;196915;161939;59.3;48.8
89;2021-07-24;1241;1247;198156;163186;59.7;49.1
89;2021-07-25;69;185;198225;163371;59.7;49.2
89;2021-07-26;1719;2322;199944;165693;60.2;49.9
89;2021-07-27;2345;1911;202289;167604;60.9;50.5
89;2021-07-28;2539;1339;204828;168943;61.7;50.9
89;2021-07-29;2525;1620;207353;170563;62.4;51.4
89;2021-07-30;2679;1627;210032;172190;63.2;51.8
89;2021-07-31;1121;1073;211153;173263;63.6;52.2
89;2021-08-01;69;33;211222;173296;63.6;52.2
89;2021-08-02;1805;1289;213027;174585;64.1;52.6
89;2021-08-03;2502;1255;215529;175840;64.9;52.9
89;2021-08-04;1556;1641;217085;177481;65.4;53.4
89;2021-08-05;1577;1693;218662;179174;65.8;54.0
89;2021-08-06;2219;1651;220881;180825;66.5;54.4
89;2021-08-07;931;1098;221812;181923;66.8;54.8
89;2021-08-08;56;48;221868;181971;66.8;54.8
89;2021-08-09;1119;1175;222987;183146;67.1;55.1
89;2021-08-10;1832;1816;224819;184962;67.7;55.7
89;2021-08-11;1593;1585;226412;186547;68.2;56.2
89;2021-08-12;1452;1393;227864;187940;68.6;56.6
89;2021-08-13;1353;1955;229217;189895;69.0;57.2
89;2021-08-14;529;1024;229746;190919;69.2;57.5
89;2021-08-15;20;43;229766;190962;69.2;57.5
89;2021-08-16;1035;1969;230801;192931;69.5;58.1
89;2021-08-17;863;1573;231664;194504;69.8;58.6
89;2021-08-18;642;1898;232306;196402;70.0;59.1
89;2021-08-19;696;1389;233002;197791;70.2;59.6
89;2021-08-20;1156;2266;234158;200057;70.5;60.2
89;2021-08-21;297;1003;234455;201060;70.6;60.5
89;2021-08-22;32;34;234487;201094;70.6;60.6
89;2021-08-23;835;2252;235322;203346;70.9;61.2
89;2021-08-24;869;2366;236191;205712;71.1;61.9
89;2021-08-25;595;1429;236786;207141;71.3;62.4
89;2021-08-26;617;2053;237403;209194;71.5;63.0
89;2021-08-27;880;2265;238283;211459;71.8;63.7
89;2021-08-28;380;1303;238663;212762;71.9;64.1
89;2021-08-29;30;70;238693;212832;71.9;64.1
89;2021-08-30;664;2210;239357;215042;72.1;64.8
89;2021-08-31;610;1578;239967;216620;72.3;65.2
89;2021-09-01;614;1299;240581;217919;72.4;65.6
89;2021-09-02;468;1326;241049;219245;72.6;66.0
89;2021-09-03;639;1908;241688;221153;72.8;66.6
89;2021-09-04;515;947;242203;222100;72.9;66.9
89;2021-09-05;21;11;242224;222111;72.9;66.9
89;2021-09-06;467;1545;242691;223656;73.1;67.3
89;2021-09-07;399;914;243090;224570;73.2;67.6
89;2021-09-08;379;857;243469;225427;73.3;67.9
89;2021-09-09;288;832;243757;226259;73.4;68.1
89;2021-09-10;492;1382;244249;227641;73.5;68.5
89;2021-09-11;280;763;244529;228404;73.6;68.8
89;2021-09-12;11;38;244540;228442;73.6;68.8
89;2021-09-13;388;1069;244928;229511;73.8;69.1
89;2021-09-14;372;660;245300;230171;73.9;69.3
89;2021-09-15;238;700;245538;230871;73.9;69.5
89;2021-09-16;250;571;245788;231442;74.0;69.7
89;2021-09-17;497;1118;246285;232560;74.2;70.0
89;2021-09-18;179;744;246464;233304;74.2;70.3
89;2021-09-19;5;18;246469;233322;74.2;70.3
89;2021-09-20;250;726;246719;234048;74.3;70.5
89;2021-09-21;297;480;247016;234528;74.4;70.6
89;2021-09-22;198;579;247214;235107;74.4;70.8
89;2021-09-23;232;474;247446;235581;74.5;70.9
89;2021-09-24;303;871;247749;236452;74.6;71.2
89;2021-09-25;108;465;247857;236917;74.6;71.3
89;2021-09-26;3;19;247860;236936;74.6;71.3
89;2021-09-27;195;506;248055;237442;74.7;71.5
89;2021-09-28;240;410;248295;237852;74.8;71.6
89;2021-09-29;185;422;248480;238274;74.8;71.7
89;2021-09-30;168;620;248648;238894;74.9;71.9
89;2021-10-01;255;660;248903;239554;74.9;72.1
89;2021-10-02;120;479;249023;240033;75.0;72.3
89;2021-10-03;8;8;249031;240041;75.0;72.3
89;2021-10-04;121;545;249152;240586;75.0;72.4
89;2021-10-05;138;573;249290;241159;75.1;72.6
89;2021-10-06;228;590;249518;241749;75.1;72.8
89;2021-10-07;88;338;249606;242087;75.2;72.9
89;2021-10-08;234;730;249840;242817;75.2;73.1
89;2021-10-09;111;279;249951;243096;75.3;73.2
89;2021-10-10;0;11;249951;243107;75.3;73.2
89;2021-10-11;125;318;250076;243425;75.3;73.3
89;2021-10-12;101;268;250177;243693;75.3;73.4
89;2021-10-13;131;312;250308;244005;75.4;73.5
90;2020-12-27;0;0;0;0;0.0;0.0
90;2020-12-28;0;0;0;0;0.0;0.0
90;2020-12-29;0;0;0;0;0.0;0.0
90;2020-12-30;1;0;1;0;0.0;0.0
90;2020-12-31;0;0;1;0;0.0;0.0
90;2021-01-01;0;0;1;0;0.0;0.0
90;2021-01-02;1;0;2;0;0.0;0.0
90;2021-01-03;0;0;2;0;0.0;0.0
90;2021-01-04;2;0;4;0;0.0;0.0
90;2021-01-05;0;0;4;0;0.0;0.0
90;2021-01-06;0;0;4;0;0.0;0.0
90;2021-01-07;1;0;5;0;0.0;0.0
90;2021-01-08;170;0;175;0;0.1;0.0
90;2021-01-09;46;0;221;0;0.2;0.0
90;2021-01-10;0;0;221;0;0.2;0.0
90;2021-01-11;200;0;421;0;0.3;0.0
90;2021-01-12;431;1;852;1;0.6;0.0
90;2021-01-13;467;2;1319;3;0.9;0.0
90;2021-01-14;414;2;1733;5;1.2;0.0
90;2021-01-15;404;9;2137;14;1.5;0.0
90;2021-01-16;111;2;2248;16;1.6;0.0
90;2021-01-17;1;0;2249;16;1.6;0.0
90;2021-01-18;365;2;2614;18;1.9;0.0
90;2021-01-19;462;6;3076;24;2.2;0.0
90;2021-01-20;393;2;3469;26;2.5;0.0
90;2021-01-21;351;1;3820;27;2.7;0.0
90;2021-01-22;345;2;4165;29;3.0;0.0
90;2021-01-23;98;0;4263;29;3.0;0.0
90;2021-01-24;0;0;4263;29;3.0;0.0
90;2021-01-25;322;3;4585;32;3.3;0.0
90;2021-01-26;224;0;4809;32;3.4;0.0
90;2021-01-27;254;0;5063;32;3.6;0.0
90;2021-01-28;328;33;5391;65;3.8;0.0
90;2021-01-29;291;163;5682;228;4.1;0.2
90;2021-01-30;175;45;5857;273;4.2;0.2
90;2021-01-31;118;0;5975;273;4.3;0.2
90;2021-02-01;275;116;6250;389;4.5;0.3
90;2021-02-02;290;163;6540;552;4.7;0.4
90;2021-02-03;256;368;6796;920;4.8;0.7
90;2021-02-04;257;306;7053;1226;5.0;0.9
90;2021-02-05;266;271;7319;1497;5.2;1.1
90;2021-02-06;90;68;7409;1565;5.3;1.1
90;2021-02-07;0;0;7409;1565;5.3;1.1
90;2021-02-08;170;217;7579;1782;5.4;1.3
90;2021-02-09;139;166;7718;1948;5.5;1.4
90;2021-02-10;182;32;7900;1980;5.6;1.4
90;2021-02-11;229;109;8129;2089;5.8;1.5
90;2021-02-12;126;239;8255;2328;5.9;1.7
90;2021-02-13;96;46;8351;2374;6.0;1.7
90;2021-02-14;0;0;8351;2374;6.0;1.7
90;2021-02-15;113;280;8464;2654;6.0;1.9
90;2021-02-16;92;275;8556;2929;6.1;2.1
90;2021-02-17;178;204;8734;3133;6.2;2.2
90;2021-02-18;128;242;8862;3375;6.3;2.4
90;2021-02-19;64;271;8926;3646;6.4;2.6
90;2021-02-20;40;72;8966;3718;6.4;2.7
90;2021-02-21;0;0;8966;3718;6.4;2.7
90;2021-02-22;77;334;9043;4052;6.5;2.9
90;2021-02-23;40;258;9083;4310;6.5;3.1
90;2021-02-24;109;290;9192;4600;6.6;3.3
90;2021-02-25;89;314;9281;4914;6.6;3.5
90;2021-02-26;89;393;9370;5307;6.7;3.8
90;2021-02-27;140;175;9510;5482;6.8;3.9
90;2021-02-28;8;113;9518;5595;6.8;4.0
90;2021-03-01;211;231;9729;5826;6.9;4.2
90;2021-03-02;178;284;9907;6110;7.1;4.4
90;2021-03-03;239;355;10146;6465;7.2;4.6
90;2021-03-04;260;278;10406;6743;7.4;4.8
90;2021-03-05;359;271;10765;7014;7.7;5.0
90;2021-03-06;291;104;11056;7118;7.9;5.1
90;2021-03-07;18;1;11074;7119;7.9;5.1
90;2021-03-08;246;249;11320;7368;8.1;5.3
90;2021-03-09;430;167;11750;7535;8.4;5.4
90;2021-03-10;348;197;12098;7732;8.6;5.5
90;2021-03-11;347;120;12445;7852;8.9;5.6
90;2021-03-12;519;130;12964;7982;9.3;5.7
90;2021-03-13;539;49;13503;8031;9.6;5.7
90;2021-03-14;21;0;13524;8031;9.7;5.7
90;2021-03-15;388;118;13912;8149;9.9;5.8
90;2021-03-16;402;103;14314;8252;10.2;5.9
90;2021-03-17;323;76;14637;8328;10.4;5.9
90;2021-03-18;349;84;14986;8412;10.7;6.0
90;2021-03-19;468;79;15454;8491;11.0;6.1
90;2021-03-20;427;48;15881;8539;11.3;6.1
90;2021-03-21;7;1;15888;8540;11.3;6.1
90;2021-03-22;399;31;16287;8571;11.6;6.1
90;2021-03-23;740;79;17027;8650;12.1;6.2
90;2021-03-24;817;47;17844;8697;12.7;6.2
90;2021-03-25;949;79;18793;8776;13.4;6.3
90;2021-03-26;1227;62;20020;8838;14.3;6.3
90;2021-03-27;439;34;20459;8872;14.6;6.3
90;2021-03-28;34;0;20493;8872;14.6;6.3
90;2021-03-29;712;144;21205;9016;15.1;6.4
90;2021-03-30;675;156;21880;9172;15.6;6.5
90;2021-03-31;728;87;22608;9259;16.1;6.6
90;2021-04-01;602;123;23210;9382;16.6;6.7
90;2021-04-02;657;98;23867;9480;17.0;6.8
90;2021-04-03;370;41;24237;9521;17.3;6.8
90;2021-04-04;1;0;24238;9521;17.3;6.8
90;2021-04-05;0;0;24238;9521;17.3;6.8
90;2021-04-06;528;252;24766;9773;17.7;7.0
90;2021-04-07;485;268;25251;10041;18.0;7.2
90;2021-04-08;510;246;25761;10287;18.4;7.3
90;2021-04-09;751;268;26512;10555;18.9;7.5
90;2021-04-10;224;9;26736;10564;19.1;7.5
90;2021-04-11;7;0;26743;10564;19.1;7.5
90;2021-04-12;557;482;27300;11046;19.5;7.9
90;2021-04-13;632;531;27932;11577;19.9;8.3
90;2021-04-14;525;354;28457;11931;20.3;8.5
90;2021-04-15;905;293;29362;12224;21.0;8.7
90;2021-04-16;370;406;29732;12630;21.2;9.0
90;2021-04-17;189;129;29921;12759;21.4;9.1
90;2021-04-18;21;0;29942;12759;21.4;9.1
90;2021-04-19;435;573;30377;13332;21.7;9.5
90;2021-04-20;493;620;30870;13952;22.0;10.0
90;2021-04-21;353;497;31223;14449;22.3;10.3
90;2021-04-22;569;602;31792;15051;22.7;10.7
90;2021-04-23;504;743;32296;15794;23.0;11.3
90;2021-04-24;305;202;32601;15996;23.3;11.4
90;2021-04-25;1;0;32602;15996;23.3;11.4
90;2021-04-26;509;751;33111;16747;23.6;11.9
90;2021-04-27;640;683;33751;17430;24.1;12.4
90;2021-04-28;765;448;34516;17878;24.6;12.8
90;2021-04-29;1003;455;35519;18333;25.3;13.1
90;2021-04-30;1120;460;36639;18793;26.1;13.4
90;2021-05-01;60;42;36699;18835;26.2;13.4
90;2021-05-02;4;0;36703;18835;26.2;13.4
90;2021-05-03;903;286;37606;19121;26.8;13.6
90;2021-05-04;784;638;38390;19759;27.4;14.1
90;2021-05-05;891;504;39281;20263;28.0;14.5
90;2021-05-06;851;626;40132;20889;28.6;14.9
90;2021-05-07;440;507;40572;21396;29.0;15.3
90;2021-05-08;26;27;40598;21423;29.0;15.3
90;2021-05-09;5;33;40603;21456;29.0;15.3
90;2021-05-10;506;585;41109;22041;29.3;15.7
90;2021-05-11;778;638;41887;22679;29.9;16.2
90;2021-05-12;531;598;42418;23277;30.3;16.6
90;2021-05-13;1113;265;43531;23542;31.1;16.8
90;2021-05-14;865;403;44396;23945;31.7;17.1
90;2021-05-15;14;125;44410;24070;31.7;17.2
90;2021-05-16;2;7;44412;24077;31.7;17.2
90;2021-05-17;792;290;45204;24367;32.3;17.4
90;2021-05-18;1024;472;46228;24839;33.0;17.7
90;2021-05-19;1264;384;47492;25223;33.9;18.0
90;2021-05-20;1201;270;48693;25493;34.7;18.2
90;2021-05-21;1265;436;49958;25929;35.6;18.5
90;2021-05-22;9;131;49967;26060;35.7;18.6
90;2021-05-23;4;0;49971;26060;35.7;18.6
90;2021-05-24;368;265;50339;26325;35.9;18.8
90;2021-05-25;635;791;50974;27116;36.4;19.3
90;2021-05-26;630;569;51604;27685;36.8;19.8
90;2021-05-27;962;383;52566;28068;37.5;20.0
90;2021-05-28;668;827;53234;28895;38.0;20.6
90;2021-05-29;93;296;53327;29191;38.1;20.8
90;2021-05-30;4;1;53331;29192;38.1;20.8
90;2021-05-31;808;713;54139;29905;38.6;21.3
90;2021-06-01;969;739;55108;30644;39.3;21.9
90;2021-06-02;760;676;55868;31320;39.9;22.3
90;2021-06-03;758;744;56626;32064;40.4;22.9
90;2021-06-04;833;972;57459;33036;41.0;23.6
90;2021-06-05;54;427;57513;33463;41.0;23.9
90;2021-06-06;1;16;57514;33479;41.0;23.9
90;2021-06-07;1265;1081;58779;34560;41.9;24.7
90;2021-06-08;1482;939;60261;35499;43.0;25.3
90;2021-06-09;964;659;61225;36158;43.7;25.8
90;2021-06-10;627;498;61852;36656;44.1;26.2
90;2021-06-11;787;1126;62639;37782;44.7;27.0
90;2021-06-12;806;297;63445;38079;45.3;27.2
90;2021-06-13;10;12;63455;38091;45.3;27.2
90;2021-06-14;264;972;63719;39063;45.5;27.9
90;2021-06-15;566;882;64285;39945;45.9;28.5
90;2021-06-16;509;548;64794;40493;46.2;28.9
90;2021-06-17;443;638;65237;41131;46.5;29.3
90;2021-06-18;623;997;65860;42128;47.0;30.1
90;2021-06-19;450;171;66310;42299;47.3;30.2
90;2021-06-20;0;28;66310;42327;47.3;30.2
90;2021-06-21;256;1176;66566;43503;47.5;31.0
90;2021-06-22;384;950;66950;44453;47.8;31.7
90;2021-06-23;415;633;67365;45086;48.1;32.2
90;2021-06-24;319;602;67684;45688;48.3;32.6
90;2021-06-25;431;1270;68115;46958;48.6;33.5
90;2021-06-26;420;560;68535;47518;48.9;33.9
90;2021-06-27;2;6;68537;47524;48.9;33.9
90;2021-06-28;381;1298;68918;48822;49.2;34.8
90;2021-06-29;305;1305;69223;50127;49.4;35.8
90;2021-06-30;485;1227;69708;51354;49.7;36.6
90;2021-07-01;355;920;70063;52274;50.0;37.3
90;2021-07-02;506;1205;70569;53479;50.4;38.2
90;2021-07-03;53;129;70622;53608;50.4;38.3
90;2021-07-04;0;21;70622;53629;50.4;38.3
90;2021-07-05;400;1014;71022;54643;50.7;39.0
90;2021-07-06;514;970;71536;55613;51.0;39.7
90;2021-07-07;381;998;71917;56611;51.3;40.4
90;2021-07-08;304;607;72221;57218;51.5;40.8
90;2021-07-09;439;950;72660;58168;51.8;41.5
90;2021-07-10;32;91;72692;58259;51.9;41.6
90;2021-07-11;7;17;72699;58276;51.9;41.6
90;2021-07-12;246;1075;72945;59351;52.0;42.3
90;2021-07-13;476;1162;73421;60513;52.4;43.2
90;2021-07-14;4;9;73425;60522;52.4;43.2
90;2021-07-15;789;1455;74214;61977;53.0;44.2
90;2021-07-16;826;1681;75040;63658;53.5;45.4
90;2021-07-17;484;955;75524;64613;53.9;46.1
90;2021-07-18;4;2;75528;64615;53.9;46.1
90;2021-07-19;1186;1460;76714;66075;54.7;47.1
90;2021-07-20;1339;1135;78053;67210;55.7;48.0
90;2021-07-21;1395;983;79448;68193;56.7;48.7
90;2021-07-22;1127;697;80575;68890;57.5;49.2
90;2021-07-23;968;1020;81543;69910;58.2;49.9
90;2021-07-24;121;66;81664;69976;58.3;49.9
90;2021-07-25;2;1;81666;69977;58.3;49.9
90;2021-07-26;1074;801;82740;70778;59.0;50.5
90;2021-07-27;1081;746;83821;71524;59.8;51.0
90;2021-07-28;825;712;84646;72236;60.4;51.5
90;2021-07-29;843;441;85489;72677;61.0;51.9
90;2021-07-30;786;506;86275;73183;61.6;52.2
90;2021-07-31;484;313;86759;73496;61.9;52.4
90;2021-08-01;0;3;86759;73499;61.9;52.4
90;2021-08-02;850;510;87609;74009;62.5;52.8
90;2021-08-03;929;494;88538;74503;63.2;53.2
90;2021-08-04;1067;460;89605;74963;63.9;53.5
90;2021-08-05;521;223;90126;75186;64.3;53.6
90;2021-08-06;649;388;90775;75574;64.8;53.9
90;2021-08-07;37;63;90812;75637;64.8;54.0
90;2021-08-08;18;3;90830;75640;64.8;54.0
90;2021-08-09;730;947;91560;76587;65.3;54.6
90;2021-08-10;536;1152;92096;77739;65.7;55.5
90;2021-08-11;537;948;92633;78687;66.1;56.1
90;2021-08-12;449;820;93082;79507;66.4;56.7
90;2021-08-13;545;898;93627;80405;66.8;57.4
90;2021-08-14;30;98;93657;80503;66.8;57.4
90;2021-08-15;2;7;93659;80510;66.8;57.4
90;2021-08-16;451;632;94110;81142;67.2;57.9
90;2021-08-17;347;1167;94457;82309;67.4;58.7
90;2021-08-18;275;881;94732;83190;67.6;59.4
90;2021-08-19;248;627;94980;83817;67.8;59.8
90;2021-08-20;361;772;95341;84589;68.0;60.4
90;2021-08-21;32;71;95373;84660;68.1;60.4
90;2021-08-22;0;7;95373;84667;68.1;60.4
90;2021-08-23;320;489;95693;85156;68.3;60.8
90;2021-08-24;337;959;96030;86115;68.5;61.4
90;2021-08-25;254;915;96284;87030;68.7;62.1
90;2021-08-26;247;675;96531;87705;68.9;62.6
90;2021-08-27;279;737;96810;88442;69.1;63.1
90;2021-08-28;21;64;96831;88506;69.1;63.2
90;2021-08-29;3;6;96834;88512;69.1;63.2
90;2021-08-30;328;629;97162;89141;69.3;63.6
90;2021-08-31;281;1010;97443;90151;69.5;64.3
90;2021-09-01;268;677;97711;90828;69.7;64.8
90;2021-09-02;159;386;97870;91214;69.8;65.1
90;2021-09-03;222;517;98092;91731;70.0;65.5
90;2021-09-04;55;139;98147;91870;70.0;65.6
90;2021-09-05;10;23;98157;91893;70.0;65.6
90;2021-09-06;135;722;98292;92615;70.1;66.1
90;2021-09-07;220;570;98512;93185;70.3;66.5
90;2021-09-08;224;575;98736;93760;70.5;66.9
90;2021-09-09;189;257;98925;94017;70.6;67.1
90;2021-09-10;192;472;99117;94489;70.7;67.4
90;2021-09-11;12;4;99129;94493;70.7;67.4
90;2021-09-12;0;7;99129;94500;70.7;67.4
90;2021-09-13;211;371;99340;94871;70.9;67.7
90;2021-09-14;161;337;99501;95208;71.0;67.9
90;2021-09-15;187;392;99688;95600;71.1;68.2
90;2021-09-16;154;239;99842;95839;71.2;68.4
90;2021-09-17;185;340;100027;96179;71.4;68.6
90;2021-09-18;17;24;100044;96203;71.4;68.6
90;2021-09-19;7;4;100051;96207;71.4;68.6
90;2021-09-20;153;250;100204;96457;71.5;68.8
90;2021-09-21;105;248;100309;96705;71.6;69.0
90;2021-09-22;105;353;100414;97058;71.7;69.3
90;2021-09-23;80;138;100494;97196;71.7;69.4
90;2021-09-24;102;285;100596;97481;71.8;69.6
90;2021-09-25;16;31;100612;97512;71.8;69.6
90;2021-09-26;0;7;100612;97519;71.8;69.6
90;2021-09-27;93;199;100705;97718;71.9;69.7
90;2021-09-28;90;140;100795;97858;71.9;69.8
90;2021-09-29;79;236;100874;98094;72.0;70.0
90;2021-09-30;61;131;100935;98225;72.0;70.1
90;2021-10-01;112;232;101047;98457;72.1;70.3
90;2021-10-02;10;28;101057;98485;72.1;70.3
90;2021-10-03;0;11;101057;98496;72.1;70.3
90;2021-10-04;140;209;101197;98705;72.2;70.4
90;2021-10-05;44;133;101241;98838;72.2;70.5
90;2021-10-06;91;186;101332;99024;72.3;70.7
90;2021-10-07;58;135;101390;99159;72.3;70.8
90;2021-10-08;112;239;101502;99398;72.4;70.9
90;2021-10-09;11;20;101513;99418;72.4;70.9
90;2021-10-10;0;4;101513;99422;72.4;70.9
90;2021-10-11;79;120;101592;99542;72.5;71.0
90;2021-10-12;70;120;101662;99662;72.5;71.1
90;2021-10-13;108;156;101770;99818;72.6;71.2
91;2020-12-27;0;0;0;0;0.0;0.0
91;2020-12-28;0;0;0;0;0.0;0.0
91;2020-12-29;1;0;1;0;0.0;0.0
91;2020-12-30;1;0;2;0;0.0;0.0
91;2020-12-31;0;0;2;0;0.0;0.0
91;2021-01-01;5;0;7;0;0.0;0.0
91;2021-01-02;0;0;7;0;0.0;0.0
91;2021-01-03;0;0;7;0;0.0;0.0
91;2021-01-04;1;0;8;0;0.0;0.0
91;2021-01-05;71;0;79;0;0.0;0.0
91;2021-01-06;189;2;268;2;0.0;0.0
91;2021-01-07;522;7;790;9;0.1;0.0
91;2021-01-08;394;1;1184;10;0.1;0.0
91;2021-01-09;89;3;1273;13;0.1;0.0
91;2021-01-10;1;0;1274;13;0.1;0.0
91;2021-01-11;595;2;1869;15;0.1;0.0
91;2021-01-12;899;8;2768;23;0.2;0.0
91;2021-01-13;703;8;3471;31;0.3;0.0
91;2021-01-14;721;12;4192;43;0.3;0.0
91;2021-01-15;570;4;4762;47;0.4;0.0
91;2021-01-16;316;7;5078;54;0.4;0.0
91;2021-01-17;118;2;5196;56;0.4;0.0
91;2021-01-18;991;3;6187;59;0.5;0.0
91;2021-01-19;1877;31;8064;90;0.6;0.0
91;2021-01-20;2377;42;10441;132;0.8;0.0
91;2021-01-21;2109;24;12550;156;1.0;0.0
91;2021-01-22;1863;12;14413;168;1.1;0.0
91;2021-01-23;413;1;14826;169;1.1;0.0
91;2021-01-24;53;0;14879;169;1.1;0.0
91;2021-01-25;1049;4;15928;173;1.2;0.0
91;2021-01-26;1576;54;17504;227;1.3;0.0
91;2021-01-27;2423;128;19927;355;1.5;0.0
91;2021-01-28;1988;230;21915;585;1.7;0.0
91;2021-01-29;1746;70;23661;655;1.8;0.0
91;2021-01-30;422;9;24083;664;1.8;0.1
91;2021-01-31;54;0;24137;664;1.8;0.1
91;2021-02-01;965;219;25102;883;1.9;0.1
91;2021-02-02;859;365;25961;1248;2.0;0.1
91;2021-02-03;938;570;26899;1818;2.0;0.1
91;2021-02-04;885;279;27784;2097;2.1;0.2
91;2021-02-05;1037;359;28821;2456;2.2;0.2
91;2021-02-06;341;92;29162;2548;2.2;0.2
91;2021-02-07;14;1;29176;2549;2.2;0.2
91;2021-02-08;904;606;30080;3155;2.3;0.2
91;2021-02-09;963;861;31043;4016;2.4;0.3
91;2021-02-10;1065;995;32108;5011;2.4;0.4
91;2021-02-11;1123;1020;33231;6031;2.5;0.5
91;2021-02-12;1064;839;34295;6870;2.6;0.5
91;2021-02-13;332;359;34627;7229;2.6;0.5
91;2021-02-14;18;113;34645;7342;2.6;0.6
91;2021-02-15;370;1252;35015;8594;2.7;0.7
91;2021-02-16;555;1745;35570;10339;2.7;0.8
91;2021-02-17;814;2682;36384;13021;2.8;1.0
91;2021-02-18;944;2017;37328;15038;2.8;1.1
91;2021-02-19;874;1380;38202;16418;2.9;1.2
91;2021-02-20;168;357;38370;16775;2.9;1.3
91;2021-02-21;13;49;38383;16824;2.9;1.3
91;2021-02-22;335;1195;38718;18019;2.9;1.4
91;2021-02-23;398;1068;39116;19087;3.0;1.4
91;2021-02-24;475;1055;39591;20142;3.0;1.5
91;2021-02-25;736;1020;40327;21162;3.1;1.6
91;2021-02-26;1096;1059;41423;22221;3.1;1.7
91;2021-02-27;613;329;42036;22550;3.2;1.7
91;2021-02-28;65;66;42101;22616;3.2;1.7
91;2021-03-01;933;1074;43034;23690;3.3;1.8
91;2021-03-02;1261;1091;44295;24781;3.4;1.9
91;2021-03-03;1467;1281;45762;26062;3.5;2.0
91;2021-03-04;2435;1139;48197;27201;3.7;2.1
91;2021-03-05;3358;1185;51555;28386;3.9;2.2
91;2021-03-06;4913;477;56468;28863;4.3;2.2
91;2021-03-07;3208;123;59676;28986;4.5;2.2
91;2021-03-08;1474;1068;61150;30054;4.6;2.3
91;2021-03-09;2625;1002;63775;31056;4.8;2.4
91;2021-03-10;2626;1054;66401;32110;5.0;2.4
91;2021-03-11;3786;1146;70187;33256;5.3;2.5
91;2021-03-12;4793;1064;74980;34320;5.7;2.6
91;2021-03-13;5258;360;80238;34680;6.1;2.6
91;2021-03-14;305;29;80543;34709;6.1;2.6
91;2021-03-15;2988;447;83531;35156;6.3;2.7
91;2021-03-16;2617;393;86148;35549;6.5;2.7
91;2021-03-17;2227;356;88375;35905;6.7;2.7
91;2021-03-18;2394;418;90769;36323;6.9;2.8
91;2021-03-19;4093;389;94862;36712;7.2;2.8
91;2021-03-20;3608;191;98470;36903;7.5;2.8
91;2021-03-21;138;30;98608;36933;7.5;2.8
91;2021-03-22;3150;609;101758;37542;7.7;2.8
91;2021-03-23;4139;706;105897;38248;8.0;2.9
91;2021-03-24;3937;510;109834;38758;8.3;2.9
91;2021-03-25;5060;539;114894;39297;8.7;3.0
91;2021-03-26;5550;562;120444;39859;9.1;3.0
91;2021-03-27;4982;352;125426;40211;9.5;3.0
91;2021-03-28;282;59;125708;40270;9.5;3.1
91;2021-03-29;3304;1046;129012;41316;9.8;3.1
91;2021-03-30;4426;1239;133438;42555;10.1;3.2
91;2021-03-31;3370;1349;136808;43904;10.4;3.3
91;2021-04-01;3739;1693;140547;45597;10.7;3.5
91;2021-04-02;3886;2321;144433;47918;10.9;3.6
91;2021-04-03;1874;2877;146307;50795;11.1;3.8
91;2021-04-04;647;1320;146954;52115;11.1;3.9
91;2021-04-05;562;135;147516;52250;11.2;4.0
91;2021-04-06;3403;1795;150919;54045;11.4;4.1
91;2021-04-07;3420;1946;154339;55991;11.7;4.2
91;2021-04-08;4664;2179;159003;58170;12.1;4.4
91;2021-04-09;5348;2170;164351;60340;12.5;4.6
91;2021-04-10;2734;2824;167085;63164;12.7;4.8
91;2021-04-11;191;141;167276;63305;12.7;4.8
91;2021-04-12;2854;2283;170130;65588;12.9;5.0
91;2021-04-13;3758;2657;173888;68245;13.2;5.2
91;2021-04-14;3707;2332;177595;70577;13.5;5.3
91;2021-04-15;4477;2527;182072;73104;13.8;5.5
91;2021-04-16;4548;2816;186620;75920;14.1;5.8
91;2021-04-17;2983;2084;189603;78004;14.4;5.9
91;2021-04-18;269;73;189872;78077;14.4;5.9
91;2021-04-19;2306;2743;192178;80820;14.6;6.1
91;2021-04-20;3178;2990;195356;83810;14.8;6.4
91;2021-04-21;2990;2904;198346;86714;15.0;6.6
91;2021-04-22;3171;3370;201517;90084;15.3;6.8
91;2021-04-23;3717;3361;205234;93445;15.6;7.1
91;2021-04-24;3480;3736;208714;97181;15.8;7.4
91;2021-04-25;2619;647;211333;97828;16.0;7.4
91;2021-04-26;3486;2812;214819;100640;16.3;7.6
91;2021-04-27;4486;2930;219305;103570;16.6;7.8
91;2021-04-28;4569;2709;223874;106279;17.0;8.1
91;2021-04-29;5746;3069;229620;109348;17.4;8.3
91;2021-04-30;5385;2857;235005;112205;17.8;8.5
91;2021-05-01;3517;529;238522;112734;18.1;8.5
91;2021-05-02;628;134;239150;112868;18.1;8.6
91;2021-05-03;5202;2292;244352;115160;18.5;8.7
91;2021-05-04;5589;3181;249941;118341;18.9;9.0
91;2021-05-05;4852;2878;254793;121219;19.3;9.2
91;2021-05-06;5245;3381;260038;124600;19.7;9.4
91;2021-05-07;6122;3751;266160;128351;20.2;9.7
91;2021-05-08;6519;968;272679;129319;20.7;9.8
91;2021-05-09;4804;570;277483;129889;21.0;9.8
91;2021-05-10;5902;3011;283385;132900;21.5;10.1
91;2021-05-11;6826;3835;290211;136735;22.0;10.4
91;2021-05-12;5895;3443;296106;140178;22.4;10.6
91;2021-05-13;4825;1083;300931;141261;22.8;10.7
91;2021-05-14;6549;2396;307480;143657;23.3;10.9
91;2021-05-15;7793;1931;315273;145588;23.9;11.0
91;2021-05-16;4584;373;319857;145961;24.2;11.1
91;2021-05-17;6952;1706;326809;147667;24.8;11.2
91;2021-05-18;8120;1743;334929;149410;25.4;11.3
91;2021-05-19;7099;1697;342028;151107;25.9;11.5
91;2021-05-20;8201;2143;350229;153250;26.5;11.6
91;2021-05-21;8146;2580;358375;155830;27.2;11.8
91;2021-05-22;7660;1538;366035;157368;27.7;11.9
91;2021-05-23;4792;535;370827;157903;28.1;12.0
91;2021-05-24;5014;597;375841;158500;28.5;12.0
91;2021-05-25;7621;2654;383462;161154;29.1;12.2
91;2021-05-26;6874;2946;390336;164100;29.6;12.4
91;2021-05-27;7971;3448;398307;167548;30.2;12.7
91;2021-05-28;7534;4326;405841;171874;30.8;13.0
91;2021-05-29;9301;3508;415142;175382;31.5;13.3
91;2021-05-30;5948;964;421090;176346;31.9;13.4
91;2021-05-31;6738;3698;427828;180044;32.4;13.6
91;2021-06-01;7788;4781;435616;184825;33.0;14.0
91;2021-06-02;7454;3961;443070;188786;33.6;14.3
91;2021-06-03;7859;4780;450929;193566;34.2;14.7
91;2021-06-04;7194;5724;458123;199290;34.7;15.1
91;2021-06-05;6385;5821;464508;205111;35.2;15.5
91;2021-06-06;4087;2512;468595;207623;35.5;15.7
91;2021-06-07;5878;5481;474473;213104;36.0;16.2
91;2021-06-08;7039;5796;481512;218900;36.5;16.6
91;2021-06-09;6469;5145;487981;224045;37.0;17.0
91;2021-06-10;7177;5779;495158;229824;37.5;17.4
91;2021-06-11;6546;7112;501704;236936;38.0;18.0
91;2021-06-12;6218;7368;507922;244304;38.5;18.5
91;2021-06-13;2846;2316;510768;246620;38.7;18.7
91;2021-06-14;4225;7198;514993;253818;39.0;19.2
91;2021-06-15;5575;7262;520568;261080;39.5;19.8
91;2021-06-16;5297;6447;525865;267527;39.9;20.3
91;2021-06-17;6251;7131;532116;274658;40.3;20.8
91;2021-06-18;4630;8740;536746;283398;40.7;21.5
91;2021-06-19;4190;7156;540936;290554;41.0;22.0
91;2021-06-20;1007;4212;541943;294766;41.1;22.3
91;2021-06-21;3232;7236;545175;302002;41.3;22.9
91;2021-06-22;4157;9229;549332;311231;41.6;23.6
91;2021-06-23;4315;7962;553647;319193;42.0;24.2
91;2021-06-24;4912;8483;558559;327676;42.3;24.8
91;2021-06-25;3477;9166;562036;336842;42.6;25.5
91;2021-06-26;2989;8034;565025;344876;42.8;26.1
91;2021-06-27;550;2996;565575;347872;42.9;26.4
91;2021-06-28;3129;8237;568704;356109;43.1;27.0
91;2021-06-29;3588;9634;572292;365743;43.4;27.7
91;2021-06-30;3953;8701;576245;374444;43.7;28.4
91;2021-07-01;4103;8873;580348;383317;44.0;29.1
91;2021-07-02;3775;9320;584123;392637;44.3;29.8
91;2021-07-03;2881;9789;587004;402426;44.5;30.5
91;2021-07-04;852;4726;587856;407152;44.6;30.9
91;2021-07-05;2662;7258;590518;414410;44.8;31.4
91;2021-07-06;3758;9431;594276;423841;45.0;32.1
91;2021-07-07;3806;8592;598082;432433;45.3;32.8
91;2021-07-08;4358;8992;602440;441425;45.7;33.5
91;2021-07-09;3968;9953;606408;451378;46.0;34.2
91;2021-07-10;3397;10236;609805;461614;46.2;35.0
91;2021-07-11;987;4804;610792;466418;46.3;35.4
91;2021-07-12;2804;8887;613596;475305;46.5;36.0
91;2021-07-13;4467;10393;618063;485698;46.8;36.8
91;2021-07-14;2304;3586;620367;489284;47.0;37.1
91;2021-07-15;4537;9824;624904;499108;47.4;37.8
91;2021-07-16;6287;9769;631191;508877;47.8;38.6
91;2021-07-17;5751;9069;636942;517946;48.3;39.3
91;2021-07-18;3402;3686;640344;521632;48.5;39.5
91;2021-07-19;3777;7538;644121;529170;48.8;40.1
91;2021-07-20;6074;9310;650195;538480;49.3;40.8
91;2021-07-21;6252;7741;656447;546221;49.8;41.4
91;2021-07-22;6497;8401;662944;554622;50.2;42.0
91;2021-07-23;6926;8288;669870;562910;50.8;42.7
91;2021-07-24;5012;6481;674882;569391;51.2;43.2
91;2021-07-25;3267;1408;678149;570799;51.4;43.3
91;2021-07-26;4935;6594;683084;577393;51.8;43.8
91;2021-07-27;7567;7084;690651;584477;52.3;44.3
91;2021-07-28;7365;5924;698016;590401;52.9;44.7
91;2021-07-29;7401;5916;705417;596317;53.5;45.2
91;2021-07-30;6914;5783;712331;602100;54.0;45.6
91;2021-07-31;4910;4790;717241;606890;54.4;46.0
91;2021-08-01;2659;1340;719900;608230;54.6;46.1
91;2021-08-02;4890;4238;724790;612468;54.9;46.4
91;2021-08-03;6202;4696;730992;617164;55.4;46.8
91;2021-08-04;5701;4143;736693;621307;55.8;47.1
91;2021-08-05;5607;4272;742300;625579;56.3;47.4
91;2021-08-06;5711;5630;748011;631209;56.7;47.8
91;2021-08-07;3085;2420;751096;633629;56.9;48.0
91;2021-08-08;622;1102;751718;634731;57.0;48.1
91;2021-08-09;3893;3978;755611;638709;57.3;48.4
91;2021-08-10;4650;4555;760261;643264;57.6;48.8
91;2021-08-11;4151;4487;764412;647751;57.9;49.1
91;2021-08-12;4091;4785;768503;652536;58.2;49.5
91;2021-08-13;4301;4866;772804;657402;58.6;49.8
91;2021-08-14;2246;2402;775050;659804;58.7;50.0
91;2021-08-15;95;171;775145;659975;58.7;50.0
91;2021-08-16;3106;4664;778251;664639;59.0;50.4
91;2021-08-17;3654;5822;781905;670461;59.3;50.8
91;2021-08-18;3031;5799;784936;676260;59.5;51.3
91;2021-08-19;3481;5775;788417;682035;59.8;51.7
91;2021-08-20;3220;6958;791637;688993;60.0;52.2
91;2021-08-21;2464;3355;794101;692348;60.2;52.5
91;2021-08-22;738;1297;794839;693645;60.2;52.6
91;2021-08-23;2429;5311;797268;698956;60.4;53.0
91;2021-08-24;2987;6964;800255;705920;60.7;53.5
91;2021-08-25;3438;6723;803693;712643;60.9;54.0
91;2021-08-26;2749;5954;806442;718597;61.1;54.5
91;2021-08-27;2836;7504;809278;726101;61.3;55.0
91;2021-08-28;2390;4836;811668;730937;61.5;55.4
91;2021-08-29;1782;2800;813450;733737;61.7;55.6
91;2021-08-30;1805;5547;815255;739284;61.8;56.0
91;2021-08-31;2258;5916;817513;745200;62.0;56.5
91;2021-09-01;2561;4379;820074;749579;62.2;56.8
91;2021-09-02;1987;3568;822061;753147;62.3;57.1
91;2021-09-03;2204;4653;824265;757800;62.5;57.4
91;2021-09-04;2089;4095;826354;761895;62.6;57.7
91;2021-09-05;748;880;827102;762775;62.7;57.8
91;2021-09-06;1734;2991;828836;765766;62.8;58.0
91;2021-09-07;1570;2794;830406;768560;62.9;58.3
91;2021-09-08;1797;3083;832203;771643;63.1;58.5
91;2021-09-09;1317;2815;833520;774458;63.2;58.7
91;2021-09-10;1811;3554;835331;778012;63.3;59.0
91;2021-09-11;1754;4287;837085;782299;63.4;59.3
91;2021-09-12;627;945;837712;783244;63.5;59.4
91;2021-09-13;1310;2294;839022;785538;63.6;59.5
91;2021-09-14;1830;2657;840852;788195;63.7;59.7
91;2021-09-15;1664;3286;842516;791481;63.9;60.0
91;2021-09-16;1501;2386;844017;793867;64.0;60.2
91;2021-09-17;1447;2999;845464;796866;64.1;60.4
91;2021-09-18;1390;3669;846854;800535;64.2;60.7
91;2021-09-19;460;1149;847314;801684;64.2;60.8
91;2021-09-20;774;1600;848088;803284;64.3;60.9
91;2021-09-21;929;1751;849017;805035;64.3;61.0
91;2021-09-22;963;2644;849980;807679;64.4;61.2
91;2021-09-23;928;1734;850908;809413;64.5;61.3
91;2021-09-24;896;2201;851804;811614;64.6;61.5
91;2021-09-25;1052;3484;852856;815098;64.6;61.8
91;2021-09-26;217;822;853073;815920;64.7;61.8
91;2021-09-27;729;1570;853802;817490;64.7;62.0
91;2021-09-28;900;1444;854702;818934;64.8;62.1
91;2021-09-29;1014;2227;855716;821161;64.9;62.2
91;2021-09-30;662;1131;856378;822292;64.9;62.3
91;2021-10-01;970;1880;857348;824172;65.0;62.5
91;2021-10-02;1106;2392;858454;826564;65.1;62.6
91;2021-10-03;266;613;858720;827177;65.1;62.7
91;2021-10-04;620;1168;859340;828345;65.1;62.8
91;2021-10-05;593;1116;859933;829461;65.2;62.9
91;2021-10-06;779;1926;860712;831387;65.2;63.0
91;2021-10-07;575;1128;861287;832515;65.3;63.1
91;2021-10-08;787;1753;862074;834268;65.3;63.2
91;2021-10-09;1080;1995;863154;836263;65.4;63.4
91;2021-10-10;281;516;863435;836779;65.4;63.4
91;2021-10-11;580;1147;864015;837926;65.5;63.5
91;2021-10-12;527;1178;864542;839104;65.5;63.6
91;2021-10-13;805;1575;865347;840679;65.6;63.7
92;2020-12-27;47;5;47;5;0.0;0.0
92;2020-12-28;30;1;77;6;0.0;0.0
92;2020-12-29;66;2;143;8;0.0;0.0
92;2020-12-30;55;5;198;13;0.0;0.0
92;2020-12-31;14;1;212;14;0.0;0.0
92;2021-01-01;44;3;256;17;0.0;0.0
92;2021-01-02;17;0;273;17;0.0;0.0
92;2021-01-03;19;1;292;18;0.0;0.0
92;2021-01-04;82;5;374;23;0.0;0.0
92;2021-01-05;237;4;611;27;0.0;0.0
92;2021-01-06;421;4;1032;31;0.1;0.0
92;2021-01-07;674;9;1706;40;0.1;0.0
92;2021-01-08;851;4;2557;44;0.2;0.0
92;2021-01-09;130;6;2687;50;0.2;0.0
92;2021-01-10;53;2;2740;52;0.2;0.0
92;2021-01-11;853;12;3593;64;0.2;0.0
92;2021-01-12;1309;13;4902;77;0.3;0.0
92;2021-01-13;1254;17;6156;94;0.4;0.0
92;2021-01-14;1246;32;7402;126;0.5;0.0
92;2021-01-15;986;11;8388;137;0.5;0.0
92;2021-01-16;187;4;8575;141;0.5;0.0
92;2021-01-17;35;2;8610;143;0.5;0.0
92;2021-01-18;1557;34;10167;177;0.6;0.0
92;2021-01-19;1578;31;11745;208;0.7;0.0
92;2021-01-20;1826;20;13571;228;0.8;0.0
92;2021-01-21;3455;36;17026;264;1.1;0.0
92;2021-01-22;2630;47;19656;311;1.2;0.0
92;2021-01-23;154;9;19810;320;1.2;0.0
92;2021-01-24;36;3;19846;323;1.2;0.0
92;2021-01-25;863;20;20709;343;1.3;0.0
92;2021-01-26;1221;14;21930;357;1.4;0.0
92;2021-01-27;2226;108;24156;465;1.5;0.0
92;2021-01-28;4201;208;28357;673;1.8;0.0
92;2021-01-29;2721;267;31078;940;1.9;0.1
92;2021-01-30;327;18;31405;958;1.9;0.1
92;2021-01-31;36;6;31441;964;1.9;0.1
92;2021-02-01;878;324;32319;1288;2.0;0.1
92;2021-02-02;1073;355;33392;1643;2.1;0.1
92;2021-02-03;1007;447;34399;2090;2.1;0.1
92;2021-02-04;1058;548;35457;2638;2.2;0.2
92;2021-02-05;1336;503;36793;3141;2.3;0.2
92;2021-02-06;129;24;36922;3165;2.3;0.2
92;2021-02-07;24;19;36946;3184;2.3;0.2
92;2021-02-08;589;733;37535;3917;2.3;0.2
92;2021-02-09;1074;1305;38609;5222;2.4;0.3
92;2021-02-10;1094;1313;39703;6535;2.5;0.4
92;2021-02-11;1521;1941;41224;8476;2.6;0.5
92;2021-02-12;1427;1486;42651;9962;2.6;0.6
92;2021-02-13;80;68;42731;10030;2.6;0.6
92;2021-02-14;31;6;42762;10036;2.6;0.6
92;2021-02-15;584;1653;43346;11689;2.7;0.7
92;2021-02-16;793;2047;44139;13736;2.7;0.9
92;2021-02-17;630;1760;44769;15496;2.8;1.0
92;2021-02-18;1583;3654;46352;19150;2.9;1.2
92;2021-02-19;1737;2665;48089;21815;3.0;1.4
92;2021-02-20;150;400;48239;22215;3.0;1.4
92;2021-02-21;51;55;48290;22270;3.0;1.4
92;2021-02-22;506;1214;48796;23484;3.0;1.5
92;2021-02-23;746;1364;49542;24848;3.1;1.5
92;2021-02-24;621;1291;50163;26139;3.1;1.6
92;2021-02-25;937;1797;51100;27936;3.2;1.7
92;2021-02-26;1469;1372;52569;29308;3.3;1.8
92;2021-02-27;507;190;53076;29498;3.3;1.8
92;2021-02-28;75;58;53151;29556;3.3;1.8
92;2021-03-01;1108;1058;54259;30614;3.4;1.9
92;2021-03-02;1991;1384;56250;31998;3.5;2.0
92;2021-03-03;2812;1110;59062;33108;3.7;2.1
92;2021-03-04;3606;1543;62668;34651;3.9;2.1
92;2021-03-05;4987;1746;67655;36397;4.2;2.3
92;2021-03-06;5727;351;73382;36748;4.5;2.3
92;2021-03-07;2909;243;76291;36991;4.7;2.3
92;2021-03-08;2430;833;78721;37824;4.9;2.3
92;2021-03-09;3449;1049;82170;38873;5.1;2.4
92;2021-03-10;3953;971;86123;39844;5.3;2.5
92;2021-03-11;5028;1431;91151;41275;5.6;2.6
92;2021-03-12;6780;1590;97931;42865;6.1;2.7
92;2021-03-13;5163;256;103094;43121;6.4;2.7
92;2021-03-14;1747;81;104841;43202;6.5;2.7
92;2021-03-15;3811;624;108652;43826;6.7;2.7
92;2021-03-16;3703;615;112355;44441;7.0;2.8
92;2021-03-17;3881;440;116236;44881;7.2;2.8
92;2021-03-18;4151;769;120387;45650;7.5;2.8
92;2021-03-19;5936;763;126323;46413;7.8;2.9
92;2021-03-20;2544;84;128867;46497;8.0;2.9
92;2021-03-21;156;33;129023;46530;8.0;2.9
92;2021-03-22;4120;494;133143;47024;8.3;2.9
92;2021-03-23;6112;896;139255;47920;8.6;3.0
92;2021-03-24;6386;677;145641;48597;9.0;3.0
92;2021-03-25;8446;675;154087;49272;9.5;3.1
92;2021-03-26;8364;914;162451;50186;10.1;3.1
92;2021-03-27;2838;286;165289;50472;10.2;3.1
92;2021-03-28;543;40;165832;50512;10.3;3.1
92;2021-03-29;4673;1076;170505;51588;10.6;3.2
92;2021-03-30;6396;1571;176901;53159;11.0;3.3
92;2021-03-31;5556;2275;182457;55434;11.3;3.4
92;2021-04-01;6280;3701;188737;59135;11.7;3.7
92;2021-04-02;5640;3450;194377;62585;12.0;3.9
92;2021-04-03;878;1425;195255;64010;12.1;4.0
92;2021-04-04;493;1065;195748;65075;12.1;4.0
92;2021-04-05;820;163;196568;65238;12.2;4.0
92;2021-04-06;3668;1975;200236;67213;12.4;4.2
92;2021-04-07;5005;2899;205241;70112;12.7;4.3
92;2021-04-08;5994;3206;211235;73318;13.1;4.5
92;2021-04-09;8039;3091;219274;76409;13.6;4.7
92;2021-04-10;2647;1306;221921;77715;13.8;4.8
92;2021-04-11;171;810;222092;78525;13.8;4.9
92;2021-04-12;3690;2529;225782;81054;14.0;5.0
92;2021-04-13;4389;4444;230171;85498;14.3;5.3
92;2021-04-14;4878;4053;235049;89551;14.6;5.5
92;2021-04-15;5305;3968;240354;93519;14.9;5.8
92;2021-04-16;5082;3876;245436;97395;15.2;6.0
92;2021-04-17;1807;1198;247243;98593;15.3;6.1
92;2021-04-18;351;97;247594;98690;15.3;6.1
92;2021-04-19;2821;2848;250415;101538;15.5;6.3
92;2021-04-20;4200;3764;254615;105302;15.8;6.5
92;2021-04-21;4620;4527;259235;109829;16.1;6.8
92;2021-04-22;4664;5135;263899;114964;16.4;7.1
92;2021-04-23;5262;4738;269161;119702;16.7;7.4
92;2021-04-24;4944;1919;274105;121621;17.0;7.5
92;2021-04-25;1798;153;275903;121774;17.1;7.5
92;2021-04-26;4004;3630;279907;125404;17.3;7.8
92;2021-04-27;6048;5276;285955;130680;17.7;8.1
92;2021-04-28;7385;4519;293340;135199;18.2;8.4
92;2021-04-29;7995;4806;301335;140005;18.7;8.7
92;2021-04-30;8847;4865;310182;144870;19.2;9.0
92;2021-05-01;1203;413;311385;145283;19.3;9.0
92;2021-05-02;670;141;312055;145424;19.3;9.0
92;2021-05-03;6792;3894;318847;149318;19.8;9.3
92;2021-05-04;10435;4381;329282;153699;20.4;9.5
92;2021-05-05;10078;5260;339360;158959;21.0;9.9
92;2021-05-06;11428;4912;350788;163871;21.7;10.2
92;2021-05-07;9867;5310;360655;169181;22.3;10.5
92;2021-05-08;7215;1925;367870;171106;22.8;10.6
92;2021-05-09;3787;602;371657;171708;23.0;10.6
92;2021-05-10;9547;4009;381204;175717;23.6;10.9
92;2021-05-11;13980;5699;395184;181416;24.5;11.2
92;2021-05-12;14287;4585;409471;186001;25.4;11.5
92;2021-05-13;9168;911;418639;186912;25.9;11.6
92;2021-05-14;12030;2313;430669;189225;26.7;11.7
92;2021-05-15;8394;1231;439063;190456;27.2;11.8
92;2021-05-16;4144;453;443207;190909;27.5;11.8
92;2021-05-17;10650;2216;453857;193125;28.1;12.0
92;2021-05-18;16410;3122;470267;196247;29.1;12.2
92;2021-05-19;16047;3718;486314;199965;30.1;12.4
92;2021-05-20;16840;3986;503154;203951;31.2;12.6
92;2021-05-21;14070;3622;517224;207573;32.1;12.9
92;2021-05-22;8318;1515;525542;209088;32.6;13.0
92;2021-05-23;4083;454;529625;209542;32.8;13.0
92;2021-05-24;6122;856;535747;210398;33.2;13.0
92;2021-05-25;13114;4566;548861;214964;34.0;13.3
92;2021-05-26;11927;5039;560788;220003;34.8;13.6
92;2021-05-27;12736;6328;573524;226331;35.5;14.0
92;2021-05-28;11234;6290;584758;232621;36.2;14.4
92;2021-05-29;5453;2304;590211;234925;36.6;14.6
92;2021-05-30;2252;389;592463;235314;36.7;14.6
92;2021-05-31;12049;5299;604512;240613;37.5;14.9
92;2021-06-01;12637;7639;617149;248252;38.2;15.4
92;2021-06-02;14381;7209;631530;255461;39.1;15.8
92;2021-06-03;14599;8032;646129;263493;40.0;16.3
92;2021-06-04;12237;8226;658366;271719;40.8;16.8
92;2021-06-05;7383;6232;665749;277951;41.3;17.2
92;2021-06-06;3597;1675;669346;279626;41.5;17.3
92;2021-06-07;11435;7637;680781;287263;42.2;17.8
92;2021-06-08;12766;9606;693547;296869;43.0;18.4
92;2021-06-09;11663;9474;705210;306343;43.7;19.0
92;2021-06-10;11968;10570;717178;316913;44.4;19.6
92;2021-06-11;8156;11038;725334;327951;44.9;20.3
92;2021-06-12;6364;5092;731698;333043;45.3;20.6
92;2021-06-13;3971;2720;735669;335763;45.6;20.8
92;2021-06-14;5213;11171;740882;346934;45.9;21.5
92;2021-06-15;6540;13129;747422;360063;46.3;22.3
92;2021-06-16;6954;12994;754376;373057;46.7;23.1
92;2021-06-17;7429;14002;761805;387059;47.2;24.0
92;2021-06-18;6907;14387;768712;401446;47.6;24.9
92;2021-06-19;3969;9107;772681;410553;47.9;25.4
92;2021-06-20;1968;5606;774649;416159;48.0;25.8
92;2021-06-21;4841;12276;779490;428435;48.3;26.5
92;2021-06-22;5880;17540;785370;445975;48.7;27.6
92;2021-06-23;5486;15993;790856;461968;49.0;28.6
92;2021-06-24;6211;15119;797067;477087;49.4;29.6
92;2021-06-25;5121;16098;802188;493185;49.7;30.6
92;2021-06-26;4071;10454;806259;503639;50.0;31.2
92;2021-06-27;1858;6046;808117;509685;50.1;31.6
92;2021-06-28;3674;12047;811791;521732;50.3;32.3
92;2021-06-29;4679;18154;816470;539886;50.6;33.5
92;2021-06-30;4455;16226;820925;556112;50.9;34.5
92;2021-07-01;5525;16306;826450;572418;51.2;35.5
92;2021-07-02;4943;15286;831393;587704;51.5;36.4
92;2021-07-03;3309;10185;834702;597889;51.7;37.0
92;2021-07-04;1125;4208;835827;602097;51.8;37.3
92;2021-07-05;4825;12332;840652;614429;52.1;38.1
92;2021-07-06;5290;15814;845942;630243;52.4;39.1
92;2021-07-07;4269;11463;850211;641706;52.7;39.8
92;2021-07-08;5409;14638;855620;656344;53.0;40.7
92;2021-07-09;5899;14204;861519;670548;53.4;41.6
92;2021-07-10;4378;8458;865897;679006;53.7;42.1
92;2021-07-11;1487;2617;867384;681623;53.7;42.2
92;2021-07-12;4420;14645;871804;696268;54.0;43.1
92;2021-07-13;7881;17460;879685;713728;54.5;44.2
92;2021-07-14;5115;5746;884800;719474;54.8;44.6
92;2021-07-15;9570;16256;894370;735730;55.4;45.6
92;2021-07-16;9066;14190;903436;749920;56.0;46.5
92;2021-07-17;6583;7605;910019;757525;56.4;46.9
92;2021-07-18;1842;2482;911861;760007;56.5;47.1
92;2021-07-19;6481;13204;918342;773211;56.9;47.9
92;2021-07-20;10096;14114;928438;787325;57.5;48.8
92;2021-07-21;10473;12126;938911;799451;58.2;49.5
92;2021-07-22;12060;12997;950971;812448;58.9;50.3
92;2021-07-23;11594;11360;962565;823808;59.6;51.0
92;2021-07-24;6733;6272;969298;830080;60.1;51.4
92;2021-07-25;2778;2329;972076;832409;60.2;51.6
92;2021-07-26;9491;9178;981567;841587;60.8;52.2
92;2021-07-27;11526;9624;993093;851211;61.5;52.7
92;2021-07-28;12948;8209;1006041;859420;62.3;53.3
92;2021-07-29;10457;8640;1016498;868060;63.0;53.8
92;2021-07-30;9129;8360;1025627;876420;63.6;54.3
92;2021-07-31;5703;4825;1031330;881245;63.9;54.6
92;2021-08-01;2220;1301;1033550;882546;64.0;54.7
92;2021-08-02;4800;4939;1038350;887485;64.3;55.0
92;2021-08-03;5145;6150;1043495;893635;64.7;55.4
92;2021-08-04;4779;4875;1048274;898510;65.0;55.7
92;2021-08-05;4533;5694;1052807;904204;65.2;56.0
92;2021-08-06;4553;5974;1057360;910178;65.5;56.4
92;2021-08-07;2840;4183;1060200;914361;65.7;56.7
92;2021-08-08;964;1083;1061164;915444;65.8;56.7
92;2021-08-09;3212;4255;1064376;919699;66.0;57.0
92;2021-08-10;3838;5613;1068214;925312;66.2;57.3
92;2021-08-11;3239;4436;1071453;929748;66.4;57.6
92;2021-08-12;3398;5602;1074851;935350;66.6;58.0
92;2021-08-13;3002;5148;1077853;940498;66.8;58.3
92;2021-08-14;1887;3931;1079740;944429;66.9;58.5
92;2021-08-15;594;840;1080334;945269;66.9;58.6
92;2021-08-16;2407;5326;1082741;950595;67.1;58.9
92;2021-08-17;2638;6993;1085379;957588;67.3;59.3
92;2021-08-18;2432;5256;1087811;962844;67.4;59.7
92;2021-08-19;2529;5745;1090340;968589;67.6;60.0
92;2021-08-20;2286;5199;1092626;973788;67.7;60.3
92;2021-08-21;1396;4224;1094022;978012;67.8;60.6
92;2021-08-22;427;1599;1094449;979611;67.8;60.7
92;2021-08-23;2496;6602;1096945;986213;68.0;61.1
92;2021-08-24;3158;8351;1100103;994564;68.2;61.6
92;2021-08-25;2867;7586;1102970;1002150;68.3;62.1
92;2021-08-26;3021;7579;1105991;1009729;68.5;62.6
92;2021-08-27;3108;7017;1109099;1016746;68.7;63.0
92;2021-08-28;1625;4516;1110724;1021262;68.8;63.3
92;2021-08-29;346;789;1111070;1022051;68.8;63.3
92;2021-08-30;2257;4704;1113327;1026755;69.0;63.6
92;2021-08-31;3097;6629;1116424;1033384;69.2;64.0
92;2021-09-01;3376;6894;1119800;1040278;69.4;64.5
92;2021-09-02;2671;6051;1122471;1046329;69.6;64.8
92;2021-09-03;2709;5787;1125180;1052116;69.7;65.2
92;2021-09-04;2360;4775;1127540;1056891;69.9;65.5
92;2021-09-05;447;924;1127987;1057815;69.9;65.5
92;2021-09-06;1337;2989;1129324;1060804;70.0;65.7
92;2021-09-07;1720;3329;1131044;1064133;70.1;65.9
92;2021-09-08;2186;3617;1133230;1067750;70.2;66.2
92;2021-09-09;1246;2617;1134476;1070367;70.3;66.3
92;2021-09-10;1805;3386;1136281;1073753;70.4;66.5
92;2021-09-11;1614;2714;1137895;1076467;70.5;66.7
92;2021-09-12;213;433;1138108;1076900;70.5;66.7
92;2021-09-13;1127;2225;1139235;1079125;70.6;66.9
92;2021-09-14;1241;2405;1140476;1081530;70.7;67.0
92;2021-09-15;1600;3632;1142076;1085162;70.8;67.2
92;2021-09-16;1092;2168;1143168;1087330;70.8;67.4
92;2021-09-17;1443;3102;1144611;1090432;70.9;67.6
92;2021-09-18;994;2236;1145605;1092668;71.0;67.7
92;2021-09-19;131;290;1145736;1092958;71.0;67.7
92;2021-09-20;783;1835;1146519;1094793;71.0;67.8
92;2021-09-21;795;1872;1147314;1096665;71.1;68.0
92;2021-09-22;1083;3819;1148397;1100484;71.2;68.2
92;2021-09-23;739;1824;1149136;1102308;71.2;68.3
92;2021-09-24;1094;2854;1150230;1105162;71.3;68.5
92;2021-09-25;620;2213;1150850;1107375;71.3;68.6
92;2021-09-26;95;249;1150945;1107624;71.3;68.6
92;2021-09-27;769;1631;1151714;1109255;71.4;68.7
92;2021-09-28;788;1573;1152502;1110828;71.4;68.8
92;2021-09-29;1135;2836;1153637;1113664;71.5;69.0
92;2021-09-30;854;1334;1154491;1114998;71.5;69.1
92;2021-10-01;1130;2101;1155621;1117099;71.6;69.2
92;2021-10-02;798;1805;1156419;1118904;71.7;69.3
92;2021-10-03;89;205;1156508;1119109;71.7;69.3
92;2021-10-04;703;1314;1157211;1120423;71.7;69.4
92;2021-10-05;731;1317;1157942;1121740;71.8;69.5
92;2021-10-06;1061;1993;1159003;1123733;71.8;69.6
92;2021-10-07;541;936;1159544;1124669;71.9;69.7
92;2021-10-08;1110;1859;1160654;1126528;71.9;69.8
92;2021-10-09;707;1364;1161361;1127892;72.0;69.9
92;2021-10-10;101;126;1161462;1128018;72.0;69.9
92;2021-10-11;660;977;1162122;1128995;72.0;70.0
92;2021-10-12;818;1160;1162940;1130155;72.1;70.0
92;2021-10-13;998;1522;1163938;1131677;72.1;70.1
93;2020-12-27;12;3;12;3;0.0;0.0
93;2020-12-28;6;2;18;5;0.0;0.0
93;2020-12-29;2;0;20;5;0.0;0.0
93;2020-12-30;44;1;64;6;0.0;0.0
93;2020-12-31;11;0;75;6;0.0;0.0
93;2021-01-01;5;0;80;6;0.0;0.0
93;2021-01-02;1;0;81;6;0.0;0.0
93;2021-01-03;4;0;85;6;0.0;0.0
93;2021-01-04;3;1;88;7;0.0;0.0
93;2021-01-05;67;3;155;10;0.0;0.0
93;2021-01-06;179;0;334;10;0.0;0.0
93;2021-01-07;381;3;715;13;0.0;0.0
93;2021-01-08;634;2;1349;15;0.1;0.0
93;2021-01-09;21;0;1370;15;0.1;0.0
93;2021-01-10;2;0;1372;15;0.1;0.0
93;2021-01-11;505;5;1877;20;0.1;0.0
93;2021-01-12;753;7;2630;27;0.2;0.0
93;2021-01-13;752;7;3382;34;0.2;0.0
93;2021-01-14;690;18;4072;52;0.2;0.0
93;2021-01-15;515;4;4587;56;0.3;0.0
93;2021-01-16;138;3;4725;59;0.3;0.0
93;2021-01-17;6;1;4731;60;0.3;0.0
93;2021-01-18;1197;13;5928;73;0.4;0.0
93;2021-01-19;1614;20;7542;93;0.5;0.0
93;2021-01-20;1557;20;9099;113;0.5;0.0
93;2021-01-21;1922;38;11021;151;0.7;0.0
93;2021-01-22;1391;18;12412;169;0.7;0.0
93;2021-01-23;713;8;13125;177;0.8;0.0
93;2021-01-24;0;0;13125;177;0.8;0.0
93;2021-01-25;1209;14;14334;191;0.9;0.0
93;2021-01-26;1297;35;15631;226;0.9;0.0
93;2021-01-27;2158;76;17789;302;1.1;0.0
93;2021-01-28;2268;213;20057;515;1.2;0.0
93;2021-01-29;1625;233;21682;748;1.3;0.0
93;2021-01-30;928;48;22610;796;1.4;0.0
93;2021-01-31;10;8;22620;804;1.4;0.0
93;2021-02-01;1186;175;23806;979;1.4;0.1
93;2021-02-02;1175;306;24981;1285;1.5;0.1
93;2021-02-03;1231;398;26212;1683;1.6;0.1
93;2021-02-04;926;566;27138;2249;1.6;0.1
93;2021-02-05;800;433;27938;2682;1.7;0.2
93;2021-02-06;694;73;28632;2755;1.7;0.2
93;2021-02-07;6;0;28638;2755;1.7;0.2
93;2021-02-08;915;645;29553;3400;1.8;0.2
93;2021-02-09;852;603;30405;4003;1.8;0.2
93;2021-02-10;883;677;31288;4680;1.9;0.3
93;2021-02-11;1244;839;32532;5519;1.9;0.3
93;2021-02-12;1041;641;33573;6160;2.0;0.4
93;2021-02-13;395;267;33968;6427;2.0;0.4
93;2021-02-14;13;59;33981;6486;2.0;0.4
93;2021-02-15;414;1261;34395;7747;2.1;0.5
93;2021-02-16;552;1232;34947;8979;2.1;0.5
93;2021-02-17;541;1751;35488;10730;2.1;0.6
93;2021-02-18;1136;1870;36624;12600;2.2;0.8
93;2021-02-19;994;1542;37618;14142;2.3;0.8
93;2021-02-20;305;664;37923;14806;2.3;0.9
93;2021-02-21;10;24;37933;14830;2.3;0.9
93;2021-02-22;602;1288;38535;16118;2.3;1.0
93;2021-02-23;560;1122;39095;17240;2.3;1.0
93;2021-02-24;646;1218;39741;18458;2.4;1.1
93;2021-02-25;901;1075;40642;19533;2.4;1.2
93;2021-02-26;1121;980;41763;20513;2.5;1.2
93;2021-02-27;543;623;42306;21136;2.5;1.3
93;2021-02-28;88;57;42394;21193;2.5;1.3
93;2021-03-01;1083;1073;43477;22266;2.6;1.3
93;2021-03-02;1448;1152;44925;23418;2.7;1.4
93;2021-03-03;1749;1198;46674;24616;2.8;1.5
93;2021-03-04;2718;1146;49392;25762;3.0;1.5
93;2021-03-05;3820;918;53212;26680;3.2;1.6
93;2021-03-06;5051;593;58263;27273;3.5;1.6
93;2021-03-07;4300;255;62563;27528;3.7;1.6
93;2021-03-08;2037;1277;64600;28805;3.9;1.7
93;2021-03-09;2916;984;67516;29789;4.0;1.8
93;2021-03-10;2862;1130;70378;30919;4.2;1.9
93;2021-03-11;3574;1284;73952;32203;4.4;1.9
93;2021-03-12;4124;1321;78076;33524;4.7;2.0
93;2021-03-13;4291;654;82367;34178;4.9;2.0
93;2021-03-14;884;80;83251;34258;5.0;2.1
93;2021-03-15;3556;703;86807;34961;5.2;2.1
93;2021-03-16;3157;627;89964;35588;5.4;2.1
93;2021-03-17;2656;608;92620;36196;5.5;2.2
93;2021-03-18;3318;739;95938;36935;5.7;2.2
93;2021-03-19;3769;668;99707;37603;6.0;2.3
93;2021-03-20;3460;309;103167;37912;6.2;2.3
93;2021-03-21;814;273;103981;38185;6.2;2.3
93;2021-03-22;3852;636;107833;38821;6.5;2.3
93;2021-03-23;4766;825;112599;39646;6.7;2.4
93;2021-03-24;4114;702;116713;40348;7.0;2.4
93;2021-03-25;5587;883;122300;41231;7.3;2.5
93;2021-03-26;5547;913;127847;42144;7.7;2.5
93;2021-03-27;4282;328;132129;42472;7.9;2.5
93;2021-03-28;613;44;132742;42516;7.9;2.5
93;2021-03-29;3851;978;136593;43494;8.2;2.6
93;2021-03-30;4726;1283;141319;44777;8.5;2.7
93;2021-03-31;3914;1265;145233;46042;8.7;2.8
93;2021-04-01;4055;3159;149288;49201;8.9;2.9
93;2021-04-02;3224;3572;152512;52773;9.1;3.2
93;2021-04-03;2517;2271;155029;55044;9.3;3.3
93;2021-04-04;765;166;155794;55210;9.3;3.3
93;2021-04-05;708;92;156502;55302;9.4;3.3
93;2021-04-06;4564;2370;161066;57672;9.6;3.5
93;2021-04-07;4905;2112;165971;59784;9.9;3.6
93;2021-04-08;5816;2704;171787;62488;10.3;3.7
93;2021-04-09;6097;3212;177884;65700;10.7;3.9
93;2021-04-10;4201;2500;182085;68200;10.9;4.1
93;2021-04-11;575;437;182660;68637;10.9;4.1
93;2021-04-12;4100;2929;186760;71566;11.2;4.3
93;2021-04-13;4607;3674;191367;75240;11.5;4.5
93;2021-04-14;4367;2493;195734;77733;11.7;4.7
93;2021-04-15;4560;3051;200294;80784;12.0;4.8
93;2021-04-16;4442;3008;204736;83792;12.3;5.0
93;2021-04-17;3517;2508;208253;86300;12.5;5.2
93;2021-04-18;289;434;208542;86734;12.5;5.2
93;2021-04-19;3775;2879;212317;89613;12.7;5.4
93;2021-04-20;4308;3284;216625;92897;13.0;5.6
93;2021-04-21;4145;2787;220770;95684;13.2;5.7
93;2021-04-22;4513;4033;225283;99717;13.5;6.0
93;2021-04-23;5628;3264;230911;102981;13.8;6.2
93;2021-04-24;5921;3339;236832;106320;14.2;6.4
93;2021-04-25;1733;599;238565;106919;14.3;6.4
93;2021-04-26;4864;3100;243429;110019;14.6;6.6
93;2021-04-27;6454;3637;249883;113656;15.0;6.8
93;2021-04-28;6071;3444;255954;117100;15.3;7.0
93;2021-04-29;7299;3258;263253;120358;15.8;7.2
93;2021-04-30;8267;3135;271520;123493;16.3;7.4
93;2021-05-01;4948;1199;276468;124692;16.6;7.5
93;2021-05-02;419;649;276887;125341;16.6;7.5
93;2021-05-03;8175;5134;285062;130475;17.1;7.8
93;2021-05-04;7824;5412;292886;135887;17.5;8.1
93;2021-05-05;7577;4818;300463;140705;18.0;8.4
93;2021-05-06;8252;4790;308715;145495;18.5;8.7
93;2021-05-07;7016;5438;315731;150933;18.9;9.0
93;2021-05-08;8363;2399;324094;153332;19.4;9.2
93;2021-05-09;6124;1372;330218;154704;19.8;9.3
93;2021-05-10;8259;4084;338477;158788;20.3;9.5
93;2021-05-11;9308;4814;347785;163602;20.8;9.8
93;2021-05-12;9194;3660;356979;167262;21.4;10.0
93;2021-05-13;8302;1654;365281;168916;21.9;10.1
93;2021-05-14;10421;3533;375702;172449;22.5;10.3
93;2021-05-15;11125;3011;386827;175460;23.2;10.5
93;2021-05-16;5558;728;392385;176188;23.5;10.5
93;2021-05-17;11903;2269;404288;178457;24.2;10.7
93;2021-05-18;14100;2388;418388;180845;25.1;10.8
93;2021-05-19;11433;2945;429821;183790;25.7;11.0
93;2021-05-20;12623;3486;442444;187276;26.5;11.2
93;2021-05-21;13015;2888;455459;190164;27.3;11.4
93;2021-05-22;12376;2202;467835;192366;28.0;11.5
93;2021-05-23;8478;1109;476313;193475;28.5;11.6
93;2021-05-24;11210;1944;487523;195419;29.2;11.7
93;2021-05-25;12292;4321;499815;199740;29.9;12.0
93;2021-05-26;11079;3758;510894;203498;30.6;12.2
93;2021-05-27;12708;3897;523602;207395;31.4;12.4
93;2021-05-28;12653;5260;536255;212655;32.1;12.7
93;2021-05-29;11395;4269;547650;216924;32.8;13.0
93;2021-05-30;8209;1380;555859;218304;33.3;13.1
93;2021-05-31;9180;5177;565039;223481;33.8;13.4
93;2021-06-01;11407;6280;576446;229761;34.5;13.8
93;2021-06-02;10720;5198;587166;234959;35.2;14.1
93;2021-06-03;10821;5518;597987;240477;35.8;14.4
93;2021-06-04;10599;7799;608586;248276;36.4;14.9
93;2021-06-05;9022;7361;617608;255637;37.0;15.3
93;2021-06-06;8404;1746;626012;257383;37.5;15.4
93;2021-06-07;10071;7516;636083;264899;38.1;15.9
93;2021-06-08;10367;7379;646450;272278;38.7;16.3
93;2021-06-09;10243;7296;656693;279574;39.3;16.7
93;2021-06-10;9010;8196;665703;287770;39.9;17.2
93;2021-06-11;8823;8820;674526;296590;40.4;17.8
93;2021-06-12;9862;6662;684388;303252;41.0;18.2
93;2021-06-13;7169;2132;691557;305384;41.4;18.3
93;2021-06-14;5401;9735;696958;315119;41.7;18.9
93;2021-06-15;6243;9664;703201;324783;42.1;19.4
93;2021-06-16;6649;9061;709850;333844;42.5;20.0
93;2021-06-17;5758;8474;715608;342318;42.8;20.5
93;2021-06-18;7226;11123;722834;353441;43.3;21.2
93;2021-06-19;7076;11102;729910;364543;43.7;21.8
93;2021-06-20;4945;6878;734855;371421;44.0;22.2
93;2021-06-21;4072;10729;738927;382150;44.2;22.9
93;2021-06-22;4695;11314;743622;393464;44.5;23.6
93;2021-06-23;4539;10598;748161;404062;44.8;24.2
93;2021-06-24;4200;10297;752361;414359;45.0;24.8
93;2021-06-25;5187;13052;757548;427411;45.4;25.6
93;2021-06-26;5300;13927;762848;441338;45.7;26.4
93;2021-06-27;3286;7105;766134;448443;45.9;26.9
93;2021-06-28;3701;12508;769835;460951;46.1;27.6
93;2021-06-29;4018;12355;773853;473306;46.3;28.3
93;2021-06-30;4146;11304;777999;484610;46.6;29.0
93;2021-07-01;6084;11162;784083;495772;46.9;29.7
93;2021-07-02;5810;12382;789893;508154;47.3;30.4
93;2021-07-03;5550;13464;795443;521618;47.6;31.2
93;2021-07-04;3078;7886;798521;529504;47.8;31.7
93;2021-07-05;4595;10848;803116;540352;48.1;32.4
93;2021-07-06;4866;11761;807982;552113;48.4;33.1
93;2021-07-07;5234;11417;813216;563530;48.7;33.7
93;2021-07-08;5067;10273;818283;573803;49.0;34.4
93;2021-07-09;5927;13037;824210;586840;49.3;35.1
93;2021-07-10;5921;14293;830131;601133;49.7;36.0
93;2021-07-11;3688;9093;833819;610226;49.9;36.5
93;2021-07-12;5608;12080;839427;622306;50.3;37.3
93;2021-07-13;11147;13312;850574;635618;50.9;38.1
93;2021-07-14;10676;6803;861250;642421;51.6;38.5
93;2021-07-15;12559;14140;873809;656561;52.3;39.3
93;2021-07-16;13244;13697;887053;670258;53.1;40.1
93;2021-07-17;11420;13919;898473;684177;53.8;41.0
93;2021-07-18;7401;8960;905874;693137;54.2;41.5
93;2021-07-19;9639;10931;915513;704068;54.8;42.2
93;2021-07-20;12669;10694;928182;714762;55.6;42.8
93;2021-07-21;14410;10958;942592;725720;56.4;43.5
93;2021-07-22;14181;9484;956773;735204;57.3;44.0
93;2021-07-23;14624;10664;971397;745868;58.2;44.7
93;2021-07-24;13925;10654;985322;756522;59.0;45.3
93;2021-07-25;9037;6364;994359;762886;59.5;45.7
93;2021-07-26;12796;7801;1007155;770687;60.3;46.1
93;2021-07-27;15186;7468;1022341;778155;61.2;46.6
93;2021-07-28;15031;8311;1037372;786466;62.1;47.1
93;2021-07-29;13606;7082;1050978;793548;62.9;47.5
93;2021-07-30;14191;7879;1065169;801427;63.8;48.0
93;2021-07-31;12255;7723;1077424;809150;64.5;48.4
93;2021-08-01;7776;4613;1085200;813763;65.0;48.7
93;2021-08-02;13340;5783;1098540;819546;65.8;49.1
93;2021-08-03;8432;6871;1106972;826417;66.3;49.5
93;2021-08-04;8179;8010;1115151;834427;66.8;50.0
93;2021-08-05;6300;6865;1121451;841292;67.1;50.4
93;2021-08-06;7374;8339;1128825;849631;67.6;50.9
93;2021-08-07;7481;9058;1136306;858689;68.0;51.4
93;2021-08-08;4679;5561;1140985;864250;68.3;51.7
93;2021-08-09;7630;8089;1148615;872339;68.8;52.2
93;2021-08-10;7493;8855;1156108;881194;69.2;52.8
93;2021-08-11;7684;9696;1163792;890890;69.7;53.3
93;2021-08-12;6637;9045;1170429;899935;70.1;53.9
93;2021-08-13;6844;9032;1177273;908967;70.5;54.4
93;2021-08-14;7394;10509;1184667;919476;70.9;55.1
93;2021-08-15;2967;3625;1187634;923101;71.1;55.3
93;2021-08-16;6588;11222;1194222;934323;71.5;55.9
93;2021-08-17;6385;10919;1200607;945242;71.9;56.6
93;2021-08-18;5730;11214;1206337;956456;72.2;57.3
93;2021-08-19;5030;9674;1211367;966130;72.5;57.8
93;2021-08-20;5324;11235;1216691;977365;72.8;58.5
93;2021-08-21;4557;11947;1221248;989312;73.1;59.2
93;2021-08-22;2264;7051;1223512;996363;73.3;59.7
93;2021-08-23;4593;9336;1228105;1005699;73.5;60.2
93;2021-08-24;4542;8437;1232647;1014136;73.8;60.7
93;2021-08-25;4316;8610;1236963;1022746;74.1;61.2
93;2021-08-26;3784;7109;1240747;1029855;74.3;61.7
93;2021-08-27;4135;8550;1244882;1038405;74.5;62.2
93;2021-08-28;3993;9593;1248875;1047998;74.8;62.7
93;2021-08-29;1822;4807;1250697;1052805;74.9;63.0
93;2021-08-30;3208;7541;1253905;1060346;75.1;63.5
93;2021-08-31;3127;7660;1257032;1068006;75.3;63.9
93;2021-09-01;5284;7510;1262316;1075516;75.6;64.4
93;2021-09-02;3907;5787;1266223;1081303;75.8;64.7
93;2021-09-03;3004;7046;1269227;1088349;76.0;65.2
93;2021-09-04;3472;8775;1272699;1097124;76.2;65.7
93;2021-09-05;1305;3623;1274004;1100747;76.3;65.9
93;2021-09-06;2051;5083;1276055;1105830;76.4;66.2
93;2021-09-07;1901;4637;1277956;1110467;76.5;66.5
93;2021-09-08;2342;5346;1280298;1115813;76.7;66.8
93;2021-09-09;2063;4608;1282361;1120421;76.8;67.1
93;2021-09-10;2937;5447;1285298;1125868;77.0;67.4
93;2021-09-11;2439;6867;1287737;1132735;77.1;67.8
93;2021-09-12;879;2819;1288616;1135554;77.2;68.0
93;2021-09-13;2022;4543;1290638;1140097;77.3;68.3
93;2021-09-14;1949;4054;1292587;1144151;77.4;68.5
93;2021-09-15;1952;4286;1294539;1148437;77.5;68.8
93;2021-09-16;1630;3047;1296169;1151484;77.6;68.9
93;2021-09-17;2005;4562;1298174;1156046;77.7;69.2
93;2021-09-18;1664;5570;1299838;1161616;77.8;69.6
93;2021-09-19;538;2105;1300376;1163721;77.9;69.7
93;2021-09-20;1362;2930;1301738;1166651;77.9;69.9
93;2021-09-21;1039;2492;1302777;1169143;78.0;70.0
93;2021-09-22;1510;3934;1304287;1173077;78.1;70.2
93;2021-09-23;1050;2431;1305337;1175508;78.2;70.4
93;2021-09-24;1353;3438;1306690;1178946;78.2;70.6
93;2021-09-25;1116;4527;1307806;1183473;78.3;70.9
93;2021-09-26;433;1679;1308239;1185152;78.3;71.0
93;2021-09-27;893;2227;1309132;1187379;78.4;71.1
93;2021-09-28;865;2031;1309997;1189410;78.4;71.2
93;2021-09-29;1228;3256;1311225;1192666;78.5;71.4
93;2021-09-30;896;2356;1312121;1195022;78.6;71.6
93;2021-10-01;1135;2747;1313256;1197769;78.6;71.7
93;2021-10-02;1153;2785;1314409;1200554;78.7;71.9
93;2021-10-03;302;832;1314711;1201386;78.7;71.9
93;2021-10-04;885;2205;1315596;1203591;78.8;72.1
93;2021-10-05;770;2061;1316366;1205652;78.8;72.2
93;2021-10-06;1057;2347;1317423;1207999;78.9;72.3
93;2021-10-07;866;2356;1318289;1210355;78.9;72.5
93;2021-10-08;1067;2582;1319356;1212937;79.0;72.6
93;2021-10-09;1313;2792;1320669;1215729;79.1;72.8
93;2021-10-10;313;988;1320982;1216717;79.1;72.9
93;2021-10-11;710;1977;1321692;1218694;79.1;73.0
93;2021-10-12;681;1997;1322373;1220691;79.2;73.1
93;2021-10-13;1040;2337;1323413;1223028;79.2;73.2
94;2020-12-27;8;0;8;0;0.0;0.0
94;2020-12-28;11;1;19;1;0.0;0.0
94;2020-12-29;0;0;19;1;0.0;0.0
94;2020-12-30;1;0;20;1;0.0;0.0
94;2020-12-31;7;2;27;3;0.0;0.0
94;2021-01-01;5;0;32;3;0.0;0.0
94;2021-01-02;0;0;32;3;0.0;0.0
94;2021-01-03;3;1;35;4;0.0;0.0
94;2021-01-04;39;2;74;6;0.0;0.0
94;2021-01-05;233;2;307;8;0.0;0.0
94;2021-01-06;333;5;640;13;0.0;0.0
94;2021-01-07;694;11;1334;24;0.1;0.0
94;2021-01-08;925;11;2259;35;0.2;0.0
94;2021-01-09;47;0;2306;35;0.2;0.0
94;2021-01-10;18;0;2324;35;0.2;0.0
94;2021-01-11;1015;13;3339;48;0.2;0.0
94;2021-01-12;1343;26;4682;74;0.3;0.0
94;2021-01-13;1408;26;6090;100;0.4;0.0
94;2021-01-14;1544;31;7634;131;0.5;0.0
94;2021-01-15;1222;25;8856;156;0.6;0.0
94;2021-01-16;197;1;9053;157;0.6;0.0
94;2021-01-17;100;2;9153;159;0.7;0.0
94;2021-01-18;1501;29;10654;188;0.8;0.0
94;2021-01-19;1952;30;12606;218;0.9;0.0
94;2021-01-20;2190;28;14796;246;1.1;0.0
94;2021-01-21;3032;23;17828;269;1.3;0.0
94;2021-01-22;2193;30;20021;299;1.4;0.0
94;2021-01-23;735;4;20756;303;1.5;0.0
94;2021-01-24;286;0;21042;303;1.5;0.0
94;2021-01-25;1474;27;22516;330;1.6;0.0
94;2021-01-26;1581;29;24097;359;1.7;0.0
94;2021-01-27;1848;56;25945;415;1.8;0.0
94;2021-01-28;1559;141;27504;556;2.0;0.0
94;2021-01-29;1380;150;28884;706;2.1;0.1
94;2021-01-30;581;4;29465;710;2.1;0.1
94;2021-01-31;123;9;29588;719;2.1;0.1
94;2021-02-01;931;153;30519;872;2.2;0.1
94;2021-02-02;854;253;31373;1125;2.2;0.1
94;2021-02-03;762;368;32135;1493;2.3;0.1
94;2021-02-04;901;430;33036;1923;2.3;0.1
94;2021-02-05;875;574;33911;2497;2.4;0.2
94;2021-02-06;409;75;34320;2572;2.4;0.2
94;2021-02-07;123;1;34443;2573;2.4;0.2
94;2021-02-08;637;550;35080;3123;2.5;0.2
94;2021-02-09;1036;986;36116;4109;2.6;0.3
94;2021-02-10;1103;1364;37219;5473;2.6;0.4
94;2021-02-11;1430;1558;38649;7031;2.7;0.5
94;2021-02-12;1395;1657;40044;8688;2.8;0.6
94;2021-02-13;300;262;40344;8950;2.9;0.6
94;2021-02-14;30;72;40374;9022;2.9;0.6
94;2021-02-15;755;1768;41129;10790;2.9;0.8
94;2021-02-16;702;2745;41831;13535;3.0;1.0
94;2021-02-17;719;1593;42550;15128;3.0;1.1
94;2021-02-18;798;1704;43348;16832;3.1;1.2
94;2021-02-19;968;1463;44316;18295;3.2;1.3
94;2021-02-20;133;922;44449;19217;3.2;1.4
94;2021-02-21;21;184;44470;19401;3.2;1.4
94;2021-02-22;525;1350;44995;20751;3.2;1.5
94;2021-02-23;625;1278;45620;22029;3.2;1.6
94;2021-02-24;694;928;46314;22957;3.3;1.6
94;2021-02-25;1073;1568;47387;24525;3.4;1.7
94;2021-02-26;1322;1077;48709;25602;3.5;1.8
94;2021-02-27;518;557;49227;26159;3.5;1.9
94;2021-02-28;91;84;49318;26243;3.5;1.9
94;2021-03-01;887;950;50205;27193;3.6;1.9
94;2021-03-02;1568;1006;51773;28199;3.7;2.0
94;2021-03-03;1952;1029;53725;29228;3.8;2.1
94;2021-03-04;2858;1210;56583;30438;4.0;2.2
94;2021-03-05;3839;1374;60422;31812;4.3;2.3
94;2021-03-06;4823;607;65245;32419;4.6;2.3
94;2021-03-07;3689;583;68934;33002;4.9;2.3
94;2021-03-08;1919;821;70853;33823;5.0;2.4
94;2021-03-09;2561;954;73414;34777;5.2;2.5
94;2021-03-10;3201;1066;76615;35843;5.4;2.5
94;2021-03-11;3840;968;80455;36811;5.7;2.6
94;2021-03-12;4587;849;85042;37660;6.0;2.7
94;2021-03-13;4133;415;89175;38075;6.3;2.7
94;2021-03-14;2115;163;91290;38238;6.5;2.7
94;2021-03-15;3172;810;94462;39048;6.7;2.8
94;2021-03-16;2776;458;97238;39506;6.9;2.8
94;2021-03-17;2863;477;100101;39983;7.1;2.8
94;2021-03-18;3267;457;103368;40440;7.4;2.9
94;2021-03-19;4273;736;107641;41176;7.7;2.9
94;2021-03-20;3692;306;111333;41482;7.9;3.0
94;2021-03-21;1465;397;112798;41879;8.0;3.0
94;2021-03-22;3221;687;116019;42566;8.3;3.0
94;2021-03-23;4515;756;120534;43322;8.6;3.1
94;2021-03-24;4629;649;125163;43971;8.9;3.1
94;2021-03-25;6321;710;131484;44681;9.4;3.2
94;2021-03-26;6090;858;137574;45539;9.8;3.2
94;2021-03-27;4471;287;142045;45826;10.1;3.3
94;2021-03-28;1891;119;143936;45945;10.2;3.3
94;2021-03-29;4129;1253;148065;47198;10.5;3.4
94;2021-03-30;5298;1371;153363;48569;10.9;3.5
94;2021-03-31;4914;1844;158277;50413;11.3;3.6
94;2021-04-01;5834;2344;164111;52757;11.7;3.8
94;2021-04-02;5246;2344;169357;55101;12.0;3.9
94;2021-04-03;3087;2540;172444;57641;12.3;4.1
94;2021-04-04;1051;781;173495;58422;12.3;4.2
94;2021-04-05;837;163;174332;58585;12.4;4.2
94;2021-04-06;3582;2617;177914;61202;12.7;4.4
94;2021-04-07;3865;2284;181779;63486;12.9;4.5
94;2021-04-08;4630;2089;186409;65575;13.3;4.7
94;2021-04-09;5366;2503;191775;68078;13.6;4.8
94;2021-04-10;2955;3014;194730;71092;13.8;5.1
94;2021-04-11;1267;1771;195997;72863;13.9;5.2
94;2021-04-12;3441;2302;199438;75165;14.2;5.3
94;2021-04-13;4314;3439;203752;78604;14.5;5.6
94;2021-04-14;3904;2713;207656;81317;14.8;5.8
94;2021-04-15;4453;3015;212109;84332;15.1;6.0
94;2021-04-16;4710;2861;216819;87193;15.4;6.2
94;2021-04-17;2463;2778;219282;89971;15.6;6.4
94;2021-04-18;919;1249;220201;91220;15.7;6.5
94;2021-04-19;2977;2457;223178;93677;15.9;6.7
94;2021-04-20;3275;2723;226453;96400;16.1;6.9
94;2021-04-21;3221;3179;229674;99579;16.3;7.1
94;2021-04-22;3912;3658;233586;103237;16.6;7.3
94;2021-04-23;4121;4012;237707;107249;16.9;7.6
94;2021-04-24;4265;3417;241972;110666;17.2;7.9
94;2021-04-25;2408;1517;244380;112183;17.4;8.0
94;2021-04-26;4011;3291;248391;115474;17.7;8.2
94;2021-04-27;5098;3396;253489;118870;18.0;8.5
94;2021-04-28;4832;3655;258321;122525;18.4;8.7
94;2021-04-29;6414;3832;264735;126357;18.8;9.0
94;2021-04-30;6487;3965;271222;130322;19.3;9.3
94;2021-05-01;4057;1069;275279;131391;19.6;9.3
94;2021-05-02;3049;1478;278328;132869;19.8;9.4
94;2021-05-03;5734;5345;284062;138214;20.2;9.8
94;2021-05-04;6098;3587;290160;141801;20.6;10.1
94;2021-05-05;6183;3437;296343;145238;21.1;10.3
94;2021-05-06;7162;3544;303505;148782;21.6;10.6
94;2021-05-07;6673;4130;310178;152912;22.1;10.9
94;2021-05-08;4907;2563;315085;155475;22.4;11.1
94;2021-05-09;4226;2257;319311;157732;22.7;11.2
94;2021-05-10;7713;3135;327024;160867;23.3;11.4
94;2021-05-11;8971;3944;335995;164811;23.9;11.7
94;2021-05-12;9575;3612;345570;168423;24.6;12.0
94;2021-05-13;8675;1368;354245;169791;25.2;12.1
94;2021-05-14;9866;3315;364111;173106;25.9;12.3
94;2021-05-15;8941;2163;373052;175269;26.5;12.5
94;2021-05-16;5068;912;378120;176181;26.9;12.5
94;2021-05-17;10835;2257;388955;178438;27.7;12.7
94;2021-05-18;11296;2453;400251;180891;28.5;12.9
94;2021-05-19;11675;3601;411926;184492;29.3;13.1
94;2021-05-20;12156;4363;424082;188855;30.2;13.4
94;2021-05-21;11874;3166;435956;192021;31.0;13.7
94;2021-05-22;10283;1972;446239;193993;31.7;13.8
94;2021-05-23;4998;712;451237;194705;32.1;13.8
94;2021-05-24;9669;1349;460906;196054;32.8;13.9
94;2021-05-25;10000;4272;470906;200326;33.5;14.2
94;2021-05-26;10294;3313;481200;203639;34.2;14.5
94;2021-05-27;10863;4589;492063;208228;35.0;14.8
94;2021-05-28;10441;4952;502504;213180;35.7;15.2
94;2021-05-29;9868;3459;512372;216639;36.4;15.4
94;2021-05-30;4785;931;517157;217570;36.8;15.5
94;2021-05-31;9989;4240;527146;221810;37.5;15.8
94;2021-06-01;10307;5101;537453;226911;38.2;16.1
94;2021-06-02;9354;4588;546807;231499;38.9;16.5
94;2021-06-03;9561;5608;556368;237107;39.6;16.9
94;2021-06-04;10404;6541;566772;243648;40.3;17.3
94;2021-06-05;9182;6250;575954;249898;41.0;17.8
94;2021-06-06;3984;1849;579938;251747;41.2;17.9
94;2021-06-07;8664;5977;588602;257724;41.9;18.3
94;2021-06-08;8997;7521;597599;265245;42.5;18.9
94;2021-06-09;8954;8166;606553;273411;43.1;19.4
94;2021-06-10;8801;10973;615354;284384;43.8;20.2
94;2021-06-11;7850;8400;623204;292784;44.3;20.8
94;2021-06-12;10259;6855;633463;299639;45.1;21.3
94;2021-06-13;3469;3263;636932;302902;45.3;21.5
94;2021-06-14;6960;8204;643892;311106;45.8;22.1
94;2021-06-15;7735;8822;651627;319928;46.3;22.8
94;2021-06-16;7245;8271;658872;328199;46.9;23.3
94;2021-06-17;6698;9067;665570;337266;47.3;24.0
94;2021-06-18;6575;11959;672145;349225;47.8;24.8
94;2021-06-19;6002;9587;678147;358812;48.2;25.5
94;2021-06-20;1887;4008;680034;362820;48.4;25.8
94;2021-06-21;4529;11190;684563;374010;48.7;26.6
94;2021-06-22;4843;10811;689406;384821;49.0;27.4
94;2021-06-23;4180;11151;693586;395972;49.3;28.2
94;2021-06-24;4970;10336;698556;406308;49.7;28.9
94;2021-06-25;4285;13734;702841;420042;50.0;29.9
94;2021-06-26;3139;12007;705980;432049;50.2;30.7
94;2021-06-27;1059;4998;707039;437047;50.3;31.1
94;2021-06-28;3494;12076;710533;449123;50.5;31.9
94;2021-06-29;4054;12175;714587;461298;50.8;32.8
94;2021-06-30;4364;11649;718951;472947;51.1;33.6
94;2021-07-01;5673;11118;724624;484065;51.5;34.4
94;2021-07-02;5327;12196;729951;496261;51.9;35.3
94;2021-07-03;3710;11799;733661;508060;52.2;36.1
94;2021-07-04;1518;5092;735179;513152;52.3;36.5
94;2021-07-05;4495;11430;739674;524582;52.6;37.3
94;2021-07-06;4620;10893;744294;535475;52.9;38.1
94;2021-07-07;5045;11083;749339;546558;53.3;38.9
94;2021-07-08;5111;10032;754450;556590;53.7;39.6
94;2021-07-09;6108;11876;760558;568466;54.1;40.4
94;2021-07-10;4122;11358;764680;579824;54.4;41.2
94;2021-07-11;1555;4719;766235;584543;54.5;41.6
94;2021-07-12;4337;11966;770572;596509;54.8;42.4
94;2021-07-13;6490;12051;777062;608560;55.3;43.3
94;2021-07-14;4291;5297;781353;613857;55.6;43.7
94;2021-07-15;7319;12370;788672;626227;56.1;44.5
94;2021-07-16;7849;11327;796521;637554;56.6;45.3
94;2021-07-17;6106;11327;802627;648881;57.1;46.1
94;2021-07-18;2629;4024;805256;652905;57.3;46.4
94;2021-07-19;6915;10448;812171;663353;57.8;47.2
94;2021-07-20;8571;10386;820742;673739;58.4;47.9
94;2021-07-21;8803;9587;829545;683326;59.0;48.6
94;2021-07-22;9794;9432;839339;692758;59.7;49.3
94;2021-07-23;9434;9415;848773;702173;60.4;49.9
94;2021-07-24;7216;8885;855989;711058;60.9;50.6
94;2021-07-25;2191;2743;858180;713801;61.0;50.8
94;2021-07-26;7971;8046;866151;721847;61.6;51.3
94;2021-07-27;8621;7007;874772;728854;62.2;51.8
94;2021-07-28;8812;6325;883584;735179;62.8;52.3
94;2021-07-29;9059;6377;892643;741556;63.5;52.7
94;2021-07-30;8207;6600;900850;748156;64.1;53.2
94;2021-07-31;7215;6312;908065;754468;64.6;53.7
94;2021-08-01;3203;1783;911268;756251;64.8;53.8
94;2021-08-02;6672;5471;917940;761722;65.3;54.2
94;2021-08-03;6378;5212;924318;766934;65.7;54.5
94;2021-08-04;6326;5132;930644;772066;66.2;54.9
94;2021-08-05;5865;5473;936509;777539;66.6;55.3
94;2021-08-06;5815;5848;942324;783387;67.0;55.7
94;2021-08-07;4254;4483;946578;787870;67.3;56.0
94;2021-08-08;1371;1718;947949;789588;67.4;56.2
94;2021-08-09;4898;6531;952847;796119;67.8;56.6
94;2021-08-10;5406;6311;958253;802430;68.2;57.1
94;2021-08-11;4308;5726;962561;808156;68.5;57.5
94;2021-08-12;4428;6507;966989;814663;68.8;57.9
94;2021-08-13;3791;5756;970780;820419;69.0;58.3
94;2021-08-14;2904;5736;973684;826155;69.3;58.8
94;2021-08-15;458;736;974142;826891;69.3;58.8
94;2021-08-16;3507;8283;977649;835174;69.5;59.4
94;2021-08-17;3377;8129;981026;843303;69.8;60.0
94;2021-08-18;3275;8614;984301;851917;70.0;60.6
94;2021-08-19;3338;6911;987639;858828;70.2;61.1
94;2021-08-20;3393;7754;991032;866582;70.5;61.6
94;2021-08-21;2569;7151;993601;873733;70.7;62.1
94;2021-08-22;897;2737;994498;876470;70.7;62.3
94;2021-08-23;2849;8451;997347;884921;70.9;62.9
94;2021-08-24;3150;7516;1000497;892437;71.2;63.5
94;2021-08-25;2747;6747;1003244;899184;71.4;64.0
94;2021-08-26;2595;6146;1005839;905330;71.5;64.4
94;2021-08-27;2652;6572;1008491;911902;71.7;64.9
94;2021-08-28;2578;6494;1011069;918396;71.9;65.3
94;2021-08-29;868;2348;1011937;920744;72.0;65.5
94;2021-08-30;2839;7731;1014776;928475;72.2;66.0
94;2021-08-31;2606;7202;1017382;935677;72.4;66.5
94;2021-09-01;2522;5670;1019904;941347;72.5;67.0
94;2021-09-02;1980;4633;1021884;945980;72.7;67.3
94;2021-09-03;2105;5179;1023989;951159;72.8;67.6
94;2021-09-04;2398;5143;1026387;956302;73.0;68.0
94;2021-09-05;706;1130;1027093;957432;73.0;68.1
94;2021-09-06;1583;3446;1028676;960878;73.2;68.3
94;2021-09-07;1514;3183;1030190;964061;73.3;68.6
94;2021-09-08;1514;3292;1031704;967353;73.4;68.8
94;2021-09-09;1277;2861;1032981;970214;73.5;69.0
94;2021-09-10;1641;3409;1034622;973623;73.6;69.2
94;2021-09-11;1847;4248;1036469;977871;73.7;69.5
94;2021-09-12;420;1105;1036889;978976;73.7;69.6
94;2021-09-13;1055;2273;1037944;981249;73.8;69.8
94;2021-09-14;1335;2601;1039279;983850;73.9;70.0
94;2021-09-15;1310;3111;1040589;986961;74.0;70.2
94;2021-09-16;1039;2181;1041628;989142;74.1;70.3
94;2021-09-17;1173;2690;1042801;991832;74.2;70.5
94;2021-09-18;1111;3693;1043912;995525;74.2;70.8
94;2021-09-19;296;1039;1044208;996564;74.3;70.9
94;2021-09-20;785;1966;1044993;998530;74.3;71.0
94;2021-09-21;1002;1787;1045995;1000317;74.4;71.1
94;2021-09-22;954;2368;1046949;1002685;74.5;71.3
94;2021-09-23;774;1700;1047723;1004385;74.5;71.4
94;2021-09-24;994;1979;1048717;1006364;74.6;71.6
94;2021-09-25;965;3064;1049682;1009428;74.7;71.8
94;2021-09-26;270;700;1049952;1010128;74.7;71.8
94;2021-09-27;680;1469;1050632;1011597;74.7;71.9
94;2021-09-28;661;1424;1051293;1013021;74.8;72.0
94;2021-09-29;851;1591;1052144;1014612;74.8;72.2
94;2021-09-30;994;1262;1053138;1015874;74.9;72.3
94;2021-10-01;1078;1801;1054216;1017675;75.0;72.4
94;2021-10-02;979;2167;1055195;1019842;75.0;72.5
94;2021-10-03;249;609;1055444;1020451;75.1;72.6
94;2021-10-04;587;1098;1056031;1021549;75.1;72.7
94;2021-10-05;651;1094;1056682;1022643;75.2;72.7
94;2021-10-06;687;1307;1057369;1023950;75.2;72.8
94;2021-10-07;640;1007;1058009;1024957;75.2;72.9
94;2021-10-08;914;1395;1058923;1026352;75.3;73.0
94;2021-10-09;812;1599;1059735;1027951;75.4;73.1
94;2021-10-10;240;411;1059975;1028362;75.4;73.1
94;2021-10-11;516;855;1060491;1029217;75.4;73.2
94;2021-10-12;666;1217;1061157;1030434;75.5;73.3
94;2021-10-13;746;1252;1061903;1031686;75.5;73.4
95;2020-12-27;3;0;3;0;0.0;0.0
95;2020-12-28;6;0;9;0;0.0;0.0
95;2020-12-29;0;0;9;0;0.0;0.0
95;2020-12-30;0;0;9;0;0.0;0.0
95;2020-12-31;2;0;11;0;0.0;0.0
95;2021-01-01;0;0;11;0;0.0;0.0
95;2021-01-02;13;0;24;0;0.0;0.0
95;2021-01-03;1;0;25;0;0.0;0.0
95;2021-01-04;50;0;75;0;0.0;0.0
95;2021-01-05;319;0;394;0;0.0;0.0
95;2021-01-06;191;0;585;0;0.0;0.0
95;2021-01-07;130;1;715;1;0.1;0.0
95;2021-01-08;279;2;994;3;0.1;0.0
95;2021-01-09;251;0;1245;3;0.1;0.0
95;2021-01-10;384;3;1629;6;0.1;0.0
95;2021-01-11;492;3;2121;9;0.2;0.0
95;2021-01-12;864;3;2985;12;0.2;0.0
95;2021-01-13;782;12;3767;24;0.3;0.0
95;2021-01-14;886;13;4653;37;0.4;0.0
95;2021-01-15;758;6;5411;43;0.4;0.0
95;2021-01-16;298;4;5709;47;0.5;0.0
95;2021-01-17;225;2;5934;49;0.5;0.0
95;2021-01-18;1338;7;7272;56;0.6;0.0
95;2021-01-19;1579;9;8851;65;0.7;0.0
95;2021-01-20;2039;6;10890;71;0.9;0.0
95;2021-01-21;1856;7;12746;78;1.0;0.0
95;2021-01-22;1326;7;14072;85;1.1;0.0
95;2021-01-23;648;0;14720;85;1.2;0.0
95;2021-01-24;182;0;14902;85;1.2;0.0
95;2021-01-25;795;37;15697;122;1.3;0.0
95;2021-01-26;989;163;16686;285;1.3;0.0
95;2021-01-27;1251;192;17937;477;1.4;0.0
95;2021-01-28;1720;37;19657;514;1.6;0.0
95;2021-01-29;1251;210;20908;724;1.7;0.1
95;2021-01-30;478;6;21386;730;1.7;0.1
95;2021-01-31;212;2;21598;732;1.7;0.1
95;2021-02-01;566;273;22164;1005;1.8;0.1
95;2021-02-02;528;270;22692;1275;1.8;0.1
95;2021-02-03;614;519;23306;1794;1.9;0.1
95;2021-02-04;1068;369;24374;2163;2.0;0.2
95;2021-02-05;734;306;25108;2469;2.0;0.2
95;2021-02-06;338;255;25446;2724;2.0;0.2
95;2021-02-07;142;407;25588;3131;2.0;0.3
95;2021-02-08;765;342;26353;3473;2.1;0.3
95;2021-02-09;1136;1101;27489;4574;2.2;0.4
95;2021-02-10;1262;1420;28751;5994;2.3;0.5
95;2021-02-11;1387;1149;30138;7143;2.4;0.6
95;2021-02-12;1031;986;31169;8129;2.5;0.7
95;2021-02-13;330;319;31499;8448;2.5;0.7
95;2021-02-14;43;186;31542;8634;2.5;0.7
95;2021-02-15;430;1061;31972;9695;2.6;0.8
95;2021-02-16;493;916;32465;10611;2.6;0.8
95;2021-02-17;654;1134;33119;11745;2.7;0.9
95;2021-02-18;725;1696;33844;13441;2.7;1.1
95;2021-02-19;783;1305;34627;14746;2.8;1.2
95;2021-02-20;306;492;34933;15238;2.8;1.2
95;2021-02-21;165;313;35098;15551;2.8;1.2
95;2021-02-22;327;1022;35425;16573;2.8;1.3
95;2021-02-23;368;727;35793;17300;2.9;1.4
95;2021-02-24;310;881;36103;18181;2.9;1.5
95;2021-02-25;729;1142;36832;19323;3.0;1.5
95;2021-02-26;991;887;37823;20210;3.0;1.6
95;2021-02-27;365;434;38188;20644;3.1;1.7
95;2021-02-28;61;235;38249;20879;3.1;1.7
95;2021-03-01;773;593;39022;21472;3.1;1.7
95;2021-03-02;1322;861;40344;22333;3.2;1.8
95;2021-03-03;1601;989;41945;23322;3.4;1.9
95;2021-03-04;3196;1225;45141;24547;3.6;2.0
95;2021-03-05;3647;1111;48788;25658;3.9;2.1
95;2021-03-06;4005;515;52793;26173;4.2;2.1
95;2021-03-07;4221;344;57014;26517;4.6;2.1
95;2021-03-08;1541;876;58555;27393;4.7;2.2
95;2021-03-09;2622;516;61177;27909;4.9;2.2
95;2021-03-10;2344;863;63521;28772;5.1;2.3
95;2021-03-11;3141;1171;66662;29943;5.3;2.4
95;2021-03-12;3521;821;70183;30764;5.6;2.5
95;2021-03-13;3515;434;73698;31198;5.9;2.5
95;2021-03-14;1981;315;75679;31513;6.1;2.5
95;2021-03-15;2371;330;78050;31843;6.3;2.6
95;2021-03-16;1575;427;79625;32270;6.4;2.6
95;2021-03-17;2103;427;81728;32697;6.5;2.6
95;2021-03-18;2800;384;84528;33081;6.8;2.6
95;2021-03-19;3474;375;88002;33456;7.0;2.7
95;2021-03-20;2593;211;90595;33667;7.3;2.7
95;2021-03-21;1205;257;91800;33924;7.4;2.7
95;2021-03-22;2936;374;94736;34298;7.6;2.7
95;2021-03-23;3439;474;98175;34772;7.9;2.8
95;2021-03-24;3946;532;102121;35304;8.2;2.8
95;2021-03-25;5861;672;107982;35976;8.6;2.9
95;2021-03-26;5429;704;113411;36680;9.1;2.9
95;2021-03-27;3748;231;117159;36911;9.4;3.0
95;2021-03-28;1536;130;118695;37041;9.5;3.0
95;2021-03-29;2894;581;121589;37622;9.7;3.0
95;2021-03-30;3886;1266;125475;38888;10.1;3.1
95;2021-03-31;3658;1693;129133;40581;10.3;3.3
95;2021-04-01;5483;2297;134616;42878;10.8;3.4
95;2021-04-02;3560;2777;138176;45655;11.1;3.7
95;2021-04-03;2096;2496;140272;48151;11.2;3.9
95;2021-04-04;1249;1213;141521;49364;11.3;4.0
95;2021-04-05;596;64;142117;49428;11.4;4.0
95;2021-04-06;1859;1545;143976;50973;11.5;4.1
95;2021-04-07;4953;2213;148929;53186;11.9;4.3
95;2021-04-08;4896;2482;153825;55668;12.3;4.5
95;2021-04-09;5434;2351;159259;58019;12.8;4.6
95;2021-04-10;3709;1443;162968;59462;13.1;4.8
95;2021-04-11;1567;1045;164535;60507;13.2;4.8
95;2021-04-12;3254;1630;167789;62137;13.4;5.0
95;2021-04-13;3141;1700;170930;63837;13.7;5.1
95;2021-04-14;2751;2005;173681;65842;13.9;5.3
95;2021-04-15;3901;3364;177582;69206;14.2;5.5
95;2021-04-16;4064;3044;181646;72250;14.6;5.8
95;2021-04-17;2376;1760;184022;74010;14.7;5.9
95;2021-04-18;1511;1028;185533;75038;14.9;6.0
95;2021-04-19;2570;2376;188103;77414;15.1;6.2
95;2021-04-20;2121;2460;190224;79874;15.2;6.4
95;2021-04-21;3931;2640;194155;82514;15.6;6.6
95;2021-04-22;3413;4639;197568;87153;15.8;7.0
95;2021-04-23;2765;3564;200333;90717;16.0;7.3
95;2021-04-24;3571;2599;203904;93316;16.3;7.5
95;2021-04-25;1959;1554;205863;94870;16.5;7.6
95;2021-04-26;2753;2713;208616;97583;16.7;7.8
95;2021-04-27;3852;2185;212468;99768;17.0;8.0
95;2021-04-28;3890;2677;216358;102445;17.3;8.2
95;2021-04-29;6142;4563;222500;107008;17.8;8.6
95;2021-04-30;6904;2951;229404;109959;18.4;8.8
95;2021-05-01;2371;923;231775;110882;18.6;8.9
95;2021-05-02;2446;1507;234221;112389;18.8;9.0
95;2021-05-03;5128;1939;239349;114328;19.2;9.2
95;2021-05-04;6351;2737;245700;117065;19.7;9.4
95;2021-05-05;5146;3811;250846;120876;20.1;9.7
95;2021-05-06;8206;4938;259052;125814;20.8;10.1
95;2021-05-07;5778;4760;264830;130574;21.2;10.5
95;2021-05-08;5742;1536;270572;132110;21.7;10.6
95;2021-05-09;2831;1596;273403;133706;21.9;10.7
95;2021-05-10;9972;3203;283375;136909;22.7;11.0
95;2021-05-11;8451;3470;291826;140379;23.4;11.2
95;2021-05-12;9465;3228;301291;143607;24.1;11.5
95;2021-05-13;7954;1205;309245;144812;24.8;11.6
95;2021-05-14;7014;1911;316259;146723;25.3;11.8
95;2021-05-15;4513;1071;320772;147794;25.7;11.8
95;2021-05-16;4825;848;325597;148642;26.1;11.9
95;2021-05-17;7738;1354;333335;149996;26.7;12.0
95;2021-05-18;9468;1861;342803;151857;27.5;12.2
95;2021-05-19;9243;2503;352046;154360;28.2;12.4
95;2021-05-20;12586;2447;364632;156807;29.2;12.6
95;2021-05-21;10172;2541;374804;159348;30.0;12.8
95;2021-05-22;9395;1575;384199;160923;30.8;12.9
95;2021-05-23;4145;965;388344;161888;31.1;13.0
95;2021-05-24;2396;535;390740;162423;31.3;13.0
95;2021-05-25;7212;2082;397952;164505;31.9;13.2
95;2021-05-26;8851;3125;406803;167630;32.6;13.4
95;2021-05-27;10361;4441;417164;172071;33.4;13.8
95;2021-05-28;7682;4418;424846;176489;34.0;14.1
95;2021-05-29;5264;2761;430110;179250;34.5;14.4
95;2021-05-30;3732;1710;433842;180960;34.8;14.5
95;2021-05-31;6424;3331;440266;184291;35.3;14.8
95;2021-06-01;8783;3811;449049;188102;36.0;15.1
95;2021-06-02;8729;4750;457778;192852;36.7;15.4
95;2021-06-03;8524;6564;466302;199416;37.4;16.0
95;2021-06-04;8882;4406;475184;203822;38.1;16.3
95;2021-06-05;8335;3747;483519;207569;38.7;16.6
95;2021-06-06;4836;1626;488355;209195;39.1;16.8
95;2021-06-07;6059;4547;494414;213742;39.6;17.1
95;2021-06-08;6550;5514;500964;219256;40.1;17.6
95;2021-06-09;6254;6478;507218;225734;40.6;18.1
95;2021-06-10;6430;6817;513648;232551;41.1;18.6
95;2021-06-11;7222;6444;520870;238995;41.7;19.1
95;2021-06-12;6002;4374;526872;243369;42.2;19.5
95;2021-06-13;2083;3289;528955;246658;42.4;19.8
95;2021-06-14;5372;5995;534327;252653;42.8;20.2
95;2021-06-15;5740;8074;540067;260727;43.3;20.9
95;2021-06-16;5491;7539;545558;268266;43.7;21.5
95;2021-06-17;6599;8165;552157;276431;44.2;22.1
95;2021-06-18;5822;7862;557979;284293;44.7;22.8
95;2021-06-19;4965;8927;562944;293220;45.1;23.5
95;2021-06-20;1426;3316;564370;296536;45.2;23.8
95;2021-06-21;3534;7715;567904;304251;45.5;24.4
95;2021-06-22;5066;9055;572970;313306;45.9;25.1
95;2021-06-23;4774;10877;577744;324183;46.3;26.0
95;2021-06-24;4941;10724;582685;334907;46.7;26.8
95;2021-06-25;4878;10358;587563;345265;47.1;27.7
95;2021-06-26;4320;8477;591883;353742;47.4;28.3
95;2021-06-27;1032;3996;592915;357738;47.5;28.7
95;2021-06-28;2742;9488;595657;367226;47.7;29.4
95;2021-06-29;2537;8788;598194;376014;47.9;30.1
95;2021-06-30;3952;9996;602146;386010;48.2;30.9
95;2021-07-01;4863;11166;607009;397176;48.6;31.8
95;2021-07-02;4260;10546;611269;407722;49.0;32.7
95;2021-07-03;3525;9155;614794;416877;49.2;33.4
95;2021-07-04;1279;3401;616073;420278;49.4;33.7
95;2021-07-05;2358;4375;618431;424653;49.5;34.0
95;2021-07-06;2772;7753;621203;432406;49.8;34.6
95;2021-07-07;3961;9620;625164;442026;50.1;35.4
95;2021-07-08;5313;9820;630477;451846;50.5;36.2
95;2021-07-09;4553;10080;635030;461926;50.9;37.0
95;2021-07-10;3400;7392;638430;469318;51.1;37.6
95;2021-07-11;1526;3603;639956;472921;51.3;37.9
95;2021-07-12;2990;9692;642946;482613;51.5;38.7
95;2021-07-13;5054;10073;648000;492686;51.9;39.5
95;2021-07-14;4428;5743;652428;498429;52.3;39.9
95;2021-07-15;7402;12371;659830;510800;52.9;40.9
95;2021-07-16;7985;12007;667815;522807;53.5;41.9
95;2021-07-17;5053;7822;672868;530629;53.9;42.5
95;2021-07-18;3482;2914;676350;533543;54.2;42.7
95;2021-07-19;4832;6869;681182;540412;54.6;43.3
95;2021-07-20;6960;8386;688142;548798;55.1;44.0
95;2021-07-21;9257;9452;697399;558250;55.9;44.7
95;2021-07-22;10149;9729;707548;567979;56.7;45.5
95;2021-07-23;10918;10207;718466;578186;57.6;46.3
95;2021-07-24;5259;6237;723725;584423;58.0;46.8
95;2021-07-25;2251;2284;725976;586707;58.2;47.0
95;2021-07-26;4522;4026;730498;590733;58.5;47.3
95;2021-07-27;8502;7045;739000;597778;59.2;47.9
95;2021-07-28;9715;7564;748715;605342;60.0;48.5
95;2021-07-29;8428;5474;757143;610816;60.7;48.9
95;2021-07-30;8516;7776;765659;618592;61.3;49.6
95;2021-07-31;4237;4104;769896;622696;61.7;49.9
95;2021-08-01;2338;1375;772234;624071;61.9;50.0
95;2021-08-02;4160;3918;776394;627989;62.2;50.3
95;2021-08-03;6154;5541;782548;633530;62.7;50.7
95;2021-08-04;6511;6088;789059;639618;63.2;51.2
95;2021-08-05;6868;5732;795927;645350;63.8;51.7
95;2021-08-06;6514;7066;802441;652416;64.3;52.3
95;2021-08-07;2843;3038;805284;655454;64.5;52.5
95;2021-08-08;1370;1888;806654;657342;64.6;52.7
95;2021-08-09;3927;5038;810581;662380;64.9;53.1
95;2021-08-10;5275;5844;815856;668224;65.4;53.5
95;2021-08-11;5370;6563;821226;674787;65.8;54.1
95;2021-08-12;5228;6365;826454;681152;66.2;54.6
95;2021-08-13;3916;5477;830370;686629;66.5;55.0
95;2021-08-14;3571;3323;833941;689952;66.8;55.3
95;2021-08-15;284;361;834225;690313;66.8;55.3
95;2021-08-16;2860;6055;837085;696368;67.1;55.8
95;2021-08-17;3623;7265;840708;703633;67.3;56.4
95;2021-08-18;4276;8074;844984;711707;67.7;57.0
95;2021-08-19;3798;6595;848782;718302;68.0;57.5
95;2021-08-20;3793;7931;852575;726233;68.3;58.2
95;2021-08-21;2717;4304;855292;730537;68.5;58.5
95;2021-08-22;858;2399;856150;732936;68.6;58.7
95;2021-08-23;2469;5652;858619;738588;68.8;59.2
95;2021-08-24;2967;6472;861586;745060;69.0;59.7
95;2021-08-25;3774;8294;865360;753354;69.3;60.3
95;2021-08-26;3166;7534;868526;760888;69.6;61.0
95;2021-08-27;3517;8722;872043;769610;69.9;61.6
95;2021-08-28;2803;5496;874846;775106;70.1;62.1
95;2021-08-29;638;1713;875484;776819;70.1;62.2
95;2021-08-30;2762;6100;878246;782919;70.4;62.7
95;2021-08-31;2820;6310;881066;789229;70.6;63.2
95;2021-09-01;2744;6040;883810;795269;70.8;63.7
95;2021-09-02;1696;4228;885506;799497;70.9;64.0
95;2021-09-03;2221;5359;887727;804856;71.1;64.5
95;2021-09-04;2526;5627;890253;810483;71.3;64.9
95;2021-09-05;421;628;890674;811111;71.3;65.0
95;2021-09-06;1246;3139;891920;814250;71.4;65.2
95;2021-09-07;1396;3144;893316;817394;71.6;65.5
95;2021-09-08;1664;3890;894980;821284;71.7;65.8
95;2021-09-09;1300;3247;896280;824531;71.8;66.0
95;2021-09-10;1576;3517;897856;828048;71.9;66.3
95;2021-09-11;1541;3565;899397;831613;72.0;66.6
95;2021-09-12;321;697;899718;832310;72.1;66.7
95;2021-09-13;879;2207;900597;834517;72.1;66.8
95;2021-09-14;1153;2273;901750;836790;72.2;67.0
95;2021-09-15;1395;3574;903145;840364;72.3;67.3
95;2021-09-16;914;1888;904059;842252;72.4;67.5
95;2021-09-17;1259;2882;905318;845134;72.5;67.7
95;2021-09-18;1277;4204;906595;849338;72.6;68.0
95;2021-09-19;237;584;906832;849922;72.6;68.1
95;2021-09-20;631;1415;907463;851337;72.7;68.2
95;2021-09-21;829;1807;908292;853144;72.8;68.3
95;2021-09-22;945;3081;909237;856225;72.8;68.6
95;2021-09-23;750;1195;909987;857420;72.9;68.7
95;2021-09-24;774;2047;910761;859467;73.0;68.8
95;2021-09-25;1012;3802;911773;863269;73.0;69.2
95;2021-09-26;136;411;911909;863680;73.0;69.2
95;2021-09-27;688;1195;912597;864875;73.1;69.3
95;2021-09-28;773;1410;913370;866285;73.2;69.4
95;2021-09-29;810;1903;914180;868188;73.2;69.5
95;2021-09-30;799;1131;914979;869319;73.3;69.6
95;2021-10-01;758;1406;915737;870725;73.4;69.7
95;2021-10-02;1219;2488;916956;873213;73.5;69.9
95;2021-10-03;132;262;917088;873475;73.5;70.0
95;2021-10-04;402;710;917490;874185;73.5;70.0
95;2021-10-05;595;1218;918085;875403;73.5;70.1
95;2021-10-06;715;1286;918800;876689;73.6;70.2
95;2021-10-07;499;814;919299;877503;73.6;70.3
95;2021-10-08;759;1408;920058;878911;73.7;70.4
95;2021-10-09;1013;1734;921071;880645;73.8;70.5
95;2021-10-10;140;250;921211;880895;73.8;70.6
95;2021-10-11;374;573;921585;881468;73.8;70.6
95;2021-10-12;522;847;922107;882315;73.9;70.7
95;2021-10-13;789;1182;922896;883497;73.9;70.8
971;2020-12-27;0;0;0;0;0.0;0.0
971;2020-12-28;0;0;0;0;0.0;0.0
971;2020-12-29;0;0;0;0;0.0;0.0
971;2020-12-30;0;0;0;0;0.0;0.0
971;2020-12-31;0;0;0;0;0.0;0.0
971;2021-01-01;1;0;1;0;0.0;0.0
971;2021-01-02;0;0;1;0;0.0;0.0
971;2021-01-03;0;0;1;0;0.0;0.0
971;2021-01-04;1;0;2;0;0.0;0.0
971;2021-01-05;0;0;2;0;0.0;0.0
971;2021-01-06;1;0;3;0;0.0;0.0
971;2021-01-07;0;0;3;0;0.0;0.0
971;2021-01-08;59;1;62;1;0.0;0.0
971;2021-01-09;20;0;82;1;0.0;0.0
971;2021-01-10;0;0;82;1;0.0;0.0
971;2021-01-11;61;0;143;1;0.0;0.0
971;2021-01-12;46;0;189;1;0.1;0.0
971;2021-01-13;47;1;236;2;0.1;0.0
971;2021-01-14;63;0;299;2;0.1;0.0
971;2021-01-15;77;2;376;4;0.1;0.0
971;2021-01-16;0;0;376;4;0.1;0.0
971;2021-01-17;0;0;376;4;0.1;0.0
971;2021-01-18;82;2;458;6;0.1;0.0
971;2021-01-19;148;0;606;6;0.2;0.0
971;2021-01-20;134;0;740;6;0.2;0.0
971;2021-01-21;156;1;896;7;0.2;0.0
971;2021-01-22;135;0;1031;7;0.3;0.0
971;2021-01-23;1;0;1032;7;0.3;0.0
971;2021-01-24;0;0;1032;7;0.3;0.0
971;2021-01-25;204;3;1236;10;0.3;0.0
971;2021-01-26;220;4;1456;14;0.4;0.0
971;2021-01-27;237;1;1693;15;0.4;0.0
971;2021-01-28;242;6;1935;21;0.5;0.0
971;2021-01-29;200;3;2135;24;0.6;0.0
971;2021-01-30;25;1;2160;25;0.6;0.0
971;2021-01-31;1;0;2161;25;0.6;0.0
971;2021-02-01;231;5;2392;30;0.6;0.0
971;2021-02-02;247;27;2639;57;0.7;0.0
971;2021-02-03;228;4;2867;61;0.8;0.0
971;2021-02-04;307;26;3174;87;0.8;0.0
971;2021-02-05;289;36;3463;123;0.9;0.0
971;2021-02-06;49;1;3512;124;0.9;0.0
971;2021-02-07;0;0;3512;124;0.9;0.0
971;2021-02-08;261;23;3773;147;1.0;0.0
971;2021-02-09;323;29;4096;176;1.1;0.0
971;2021-02-10;256;31;4352;207;1.2;0.1
971;2021-02-11;302;113;4654;320;1.2;0.1
971;2021-02-12;291;31;4945;351;1.3;0.1
971;2021-02-13;51;7;4996;358;1.3;0.1
971;2021-02-14;19;36;5015;394;1.3;0.1
971;2021-02-15;85;45;5100;439;1.4;0.1
971;2021-02-16;16;1;5116;440;1.4;0.1
971;2021-02-17;17;1;5133;441;1.4;0.1
971;2021-02-18;256;19;5389;460;1.4;0.1
971;2021-02-19;250;22;5639;482;1.5;0.1
971;2021-02-20;49;0;5688;482;1.5;0.1
971;2021-02-21;2;0;5690;482;1.5;0.1
971;2021-02-22;197;68;5887;550;1.6;0.1
971;2021-02-23;206;78;6093;628;1.6;0.2
971;2021-02-24;347;127;6440;755;1.7;0.2
971;2021-02-25;385;80;6825;835;1.8;0.2
971;2021-02-26;236;86;7061;921;1.9;0.2
971;2021-02-27;65;0;7126;921;1.9;0.2
971;2021-02-28;1;0;7127;921;1.9;0.2
971;2021-03-01;179;87;7306;1008;1.9;0.3
971;2021-03-02;278;131;7584;1139;2.0;0.3
971;2021-03-03;244;122;7828;1261;2.1;0.3
971;2021-03-04;336;87;8164;1348;2.2;0.4
971;2021-03-05;377;150;8541;1498;2.3;0.4
971;2021-03-06;598;16;9139;1514;2.4;0.4
971;2021-03-07;2;0;9141;1514;2.4;0.4
971;2021-03-08;331;149;9472;1663;2.5;0.4
971;2021-03-09;393;164;9865;1827;2.6;0.5
971;2021-03-10;437;168;10302;1995;2.7;0.5
971;2021-03-11;122;46;10424;2041;2.8;0.5
971;2021-03-12;505;235;10929;2276;2.9;0.6
971;2021-03-13;139;4;11068;2280;2.9;0.6
971;2021-03-14;14;23;11082;2303;2.9;0.6
971;2021-03-15;424;49;11506;2352;3.1;0.6
971;2021-03-16;492;88;11998;2440;3.2;0.6
971;2021-03-17;471;79;12469;2519;3.3;0.7
971;2021-03-18;590;88;13059;2607;3.5;0.7
971;2021-03-19;583;98;13642;2705;3.6;0.7
971;2021-03-20;177;21;13819;2726;3.7;0.7
971;2021-03-21;8;0;13827;2726;3.7;0.7
971;2021-03-22;361;92;14188;2818;3.8;0.7
971;2021-03-23;541;160;14729;2978;3.9;0.8
971;2021-03-24;475;111;15204;3089;4.0;0.8
971;2021-03-25;758;186;15962;3275;4.2;0.9
971;2021-03-26;644;124;16606;3399;4.4;0.9
971;2021-03-27;296;40;16902;3439;4.5;0.9
971;2021-03-28;24;2;16926;3441;4.5;0.9
971;2021-03-29;385;85;17311;3526;4.6;0.9
971;2021-03-30;627;170;17938;3696;4.8;1.0
971;2021-03-31;545;134;18483;3830;4.9;1.0
971;2021-04-01;663;200;19146;4030;5.1;1.1
971;2021-04-02;41;37;19187;4067;5.1;1.1
971;2021-04-03;63;8;19250;4075;5.1;1.1
971;2021-04-04;4;19;19254;4094;5.1;1.1
971;2021-04-05;13;0;19267;4094;5.1;1.1
971;2021-04-06;489;200;19756;4294;5.2;1.1
971;2021-04-07;581;124;20337;4418;5.4;1.2
971;2021-04-08;527;164;20864;4582;5.5;1.2
971;2021-04-09;486;213;21350;4795;5.7;1.3
971;2021-04-10;101;5;21451;4800;5.7;1.3
971;2021-04-11;8;12;21459;4812;5.7;1.3
971;2021-04-12;307;266;21766;5078;5.8;1.3
971;2021-04-13;556;328;22322;5406;5.9;1.4
971;2021-04-14;448;232;22770;5638;6.0;1.5
971;2021-04-15;553;314;23323;5952;6.2;1.6
971;2021-04-16;563;275;23886;6227;6.3;1.7
971;2021-04-17;216;5;24102;6232;6.4;1.7
971;2021-04-18;6;14;24108;6246;6.4;1.7
971;2021-04-19;405;244;24513;6490;6.5;1.7
971;2021-04-20;726;348;25239;6838;6.7;1.8
971;2021-04-21;627;322;25866;7160;6.9;1.9
971;2021-04-22;819;341;26685;7501;7.1;2.0
971;2021-04-23;845;252;27530;7753;7.3;2.1
971;2021-04-24;390;82;27920;7835;7.4;2.1
971;2021-04-25;601;66;28521;7901;7.6;2.1
971;2021-04-26;982;232;29503;8133;7.8;2.2
971;2021-04-27;721;238;30224;8371;8.0;2.2
971;2021-04-28;865;273;31089;8644;8.2;2.3
971;2021-04-29;1203;218;32292;8862;8.6;2.4
971;2021-04-30;1269;197;33561;9059;8.9;2.4
971;2021-05-01;608;44;34169;9103;9.1;2.4
971;2021-05-02;357;20;34526;9123;9.2;2.4
971;2021-05-03;925;194;35451;9317;9.4;2.5
971;2021-05-04;962;212;36413;9529;9.7;2.5
971;2021-05-05;1022;252;37435;9781;9.9;2.6
971;2021-05-06;1146;179;38581;9960;10.2;2.6
971;2021-05-07;1266;275;39847;10235;10.6;2.7
971;2021-05-08;323;40;40170;10275;10.7;2.7
971;2021-05-09;183;11;40353;10286;10.7;2.7
971;2021-05-10;852;221;41205;10507;10.9;2.8
971;2021-05-11;965;314;42170;10821;11.2;2.9
971;2021-05-12;911;325;43081;11146;11.4;3.0
971;2021-05-13;212;78;43293;11224;11.5;3.0
971;2021-05-14;861;274;44154;11498;11.7;3.1
971;2021-05-15;486;15;44640;11513;11.8;3.1
971;2021-05-16;182;36;44822;11549;11.9;3.1
971;2021-05-17;721;276;45543;11825;12.1;3.1
971;2021-05-18;743;389;46286;12214;12.3;3.2
971;2021-05-19;705;529;46991;12743;12.5;3.4
971;2021-05-20;811;379;47802;13122;12.7;3.5
971;2021-05-21;827;405;48629;13527;12.9;3.6
971;2021-05-22;508;214;49137;13741;13.0;3.6
971;2021-05-23;199;114;49336;13855;13.1;3.7
971;2021-05-24;201;173;49537;14028;13.1;3.7
971;2021-05-25;551;660;50088;14688;13.3;3.9
971;2021-05-26;596;491;50684;15179;13.4;4.0
971;2021-05-27;133;179;50817;15358;13.5;4.1
971;2021-05-28;520;525;51337;15883;13.6;4.2
971;2021-05-29;238;140;51575;16023;13.7;4.3
971;2021-05-30;75;112;51650;16135;13.7;4.3
971;2021-05-31;452;535;52102;16670;13.8;4.4
971;2021-06-01;595;706;52697;17376;14.0;4.6
971;2021-06-02;576;705;53273;18081;14.1;4.8
971;2021-06-03;509;558;53782;18639;14.3;4.9
971;2021-06-04;834;799;54616;19438;14.5;5.2
971;2021-06-05;317;644;54933;20082;14.6;5.3
971;2021-06-06;139;528;55072;20610;14.6;5.5
971;2021-06-07;420;781;55492;21391;14.7;5.7
971;2021-06-08;485;886;55977;22277;14.9;5.9
971;2021-06-09;504;857;56481;23134;15.0;6.1
971;2021-06-10;538;848;57019;23982;15.1;6.4
971;2021-06-11;474;1233;57493;25215;15.3;6.7
971;2021-06-12;303;659;57796;25874;15.3;6.9
971;2021-06-13;126;312;57922;26186;15.4;6.9
971;2021-06-14;371;3678;58293;29864;15.5;7.9
971;2021-06-15;483;1981;58776;31845;15.6;8.4
971;2021-06-16;479;1431;59255;33276;15.7;8.8
971;2021-06-17;432;1009;59687;34285;15.8;9.1
971;2021-06-18;483;1020;60170;35305;16.0;9.4
971;2021-06-19;313;508;60483;35813;16.0;9.5
971;2021-06-20;111;231;60594;36044;16.1;9.6
971;2021-06-21;348;674;60942;36718;16.2;9.7
971;2021-06-22;333;870;61275;37588;16.3;10.0
971;2021-06-23;371;892;61646;38480;16.4;10.2
971;2021-06-24;417;731;62063;39211;16.5;10.4
971;2021-06-25;456;759;62519;39970;16.6;10.6
971;2021-06-26;301;512;62820;40482;16.7;10.7
971;2021-06-27;116;148;62936;40630;16.7;10.8
971;2021-06-28;304;682;63240;41312;16.8;11.0
971;2021-06-29;388;780;63628;42092;16.9;11.2
971;2021-06-30;441;926;64069;43018;17.0;11.4
971;2021-07-01;364;649;64433;43667;17.1;11.6
971;2021-07-02;434;693;64867;44360;17.2;11.8
971;2021-07-03;277;467;65144;44827;17.3;11.9
971;2021-07-04;112;238;65256;45065;17.3;12.0
971;2021-07-05;331;504;65587;45569;17.4;12.1
971;2021-07-06;388;769;65975;46338;17.5;12.3
971;2021-07-07;378;844;66353;47182;17.6;12.5
971;2021-07-08;416;791;66769;47973;17.7;12.7
971;2021-07-09;437;796;67206;48769;17.8;12.9
971;2021-07-10;245;295;67451;49064;17.9;13.0
971;2021-07-11;169;137;67620;49201;17.9;13.1
971;2021-07-12;477;603;68097;49804;18.1;13.2
971;2021-07-13;883;1001;68980;50805;18.3;13.5
971;2021-07-14;476;283;69456;51088;18.4;13.6
971;2021-07-15;885;842;70341;51930;18.7;13.8
971;2021-07-16;1095;1041;71436;52971;19.0;14.1
971;2021-07-17;647;445;72083;53416;19.1;14.2
971;2021-07-18;401;221;72484;53637;19.2;14.2
971;2021-07-19;579;579;73063;54216;19.4;14.4
971;2021-07-20;841;736;73904;54952;19.6;14.6
971;2021-07-21;767;501;74671;55453;19.8;14.7
971;2021-07-22;988;877;75659;56330;20.1;14.9
971;2021-07-23;1034;759;76693;57089;20.3;15.1
971;2021-07-24;426;387;77119;57476;20.5;15.3
971;2021-07-25;247;262;77366;57738;20.5;15.3
971;2021-07-26;636;566;78002;58304;20.7;15.5
971;2021-07-27;884;590;78886;58894;20.9;15.6
971;2021-07-28;797;655;79683;59549;21.1;15.8
971;2021-07-29;971;674;80654;60223;21.4;16.0
971;2021-07-30;1320;755;81974;60978;21.8;16.2
971;2021-07-31;557;412;82531;61390;21.9;16.3
971;2021-08-01;315;251;82846;61641;22.0;16.4
971;2021-08-02;765;422;83611;62063;22.2;16.5
971;2021-08-03;764;677;84375;62740;22.4;16.6
971;2021-08-04;694;675;85069;63415;22.6;16.8
971;2021-08-05;699;595;85768;64010;22.8;17.0
971;2021-08-06;934;644;86702;64654;23.0;17.2
971;2021-08-07;452;392;87154;65046;23.1;17.3
971;2021-08-08;279;313;87433;65359;23.2;17.3
971;2021-08-09;592;585;88025;65944;23.4;17.5
971;2021-08-10;762;797;88787;66741;23.6;17.7
971;2021-08-11;925;793;89712;67534;23.8;17.9
971;2021-08-12;1025;804;90737;68338;24.1;18.1
971;2021-08-13;980;444;91717;68782;24.3;18.3
971;2021-08-14;634;702;92351;69484;24.5;18.4
971;2021-08-15;437;413;92788;69897;24.6;18.5
971;2021-08-16;823;742;93611;70639;24.8;18.7
971;2021-08-17;908;871;94519;71510;25.1;19.0
971;2021-08-18;1277;977;95796;72487;25.4;19.2
971;2021-08-19;1349;928;97145;73415;25.8;19.5
971;2021-08-20;1534;1050;98679;74465;26.2;19.8
971;2021-08-21;733;519;99412;74984;26.4;19.9
971;2021-08-22;366;272;99778;75256;26.5;20.0
971;2021-08-23;876;630;100654;75886;26.7;20.1
971;2021-08-24;1294;795;101948;76681;27.1;20.3
971;2021-08-25;1392;801;103340;77482;27.4;20.6
971;2021-08-26;1404;775;104744;78257;27.8;20.8
971;2021-08-27;1506;1100;106250;79357;28.2;21.1
971;2021-08-28;939;580;107189;79937;28.4;21.2
971;2021-08-29;222;241;107411;80178;28.5;21.3
971;2021-08-30;932;720;108343;80898;28.7;21.5
971;2021-08-31;1255;863;109598;81761;29.1;21.7
971;2021-09-01;1128;879;110726;82640;29.4;21.9
971;2021-09-02;1074;852;111800;83492;29.7;22.2
971;2021-09-03;989;1098;112789;84590;29.9;22.4
971;2021-09-04;543;624;113332;85214;30.1;22.6
971;2021-09-05;129;238;113461;85452;30.1;22.7
971;2021-09-06;612;665;114073;86117;30.3;22.9
971;2021-09-07;637;700;114710;86817;30.4;23.0
971;2021-09-08;707;1003;115417;87820;30.6;23.3
971;2021-09-09;641;1071;116058;88891;30.8;23.6
971;2021-09-10;744;1288;116802;90179;31.0;23.9
971;2021-09-11;399;686;117201;90865;31.1;24.1
971;2021-09-12;86;357;117287;91222;31.1;24.2
971;2021-09-13;377;620;117664;91842;31.2;24.4
971;2021-09-14;552;1104;118216;92946;31.4;24.7
971;2021-09-15;557;1166;118773;94112;31.5;25.0
971;2021-09-16;454;1084;119227;95196;31.6;25.3
971;2021-09-17;565;1479;119792;96675;31.8;25.7
971;2021-09-18;279;1021;120071;97696;31.9;25.9
971;2021-09-19;92;336;120163;98032;31.9;26.0
971;2021-09-20;237;966;120400;98998;31.9;26.3
971;2021-09-21;284;1191;120684;100189;32.0;26.6
971;2021-09-22;382;1196;121066;101385;32.1;26.9
971;2021-09-23;369;1222;121435;102607;32.2;27.2
971;2021-09-24;452;1282;121887;103889;32.3;27.6
971;2021-09-25;233;777;122120;104666;32.4;27.8
971;2021-09-26;73;228;122193;104894;32.4;27.8
971;2021-09-27;248;665;122441;105559;32.5;28.0
971;2021-09-28;262;835;122703;106394;32.6;28.2
971;2021-09-29;312;890;123015;107284;32.6;28.5
971;2021-09-30;347;759;123362;108043;32.7;28.7
971;2021-10-01;384;863;123746;108906;32.8;28.9
971;2021-10-02;268;541;124014;109447;32.9;29.0
971;2021-10-03;71;167;124085;109614;32.9;29.1
971;2021-10-04;223;443;124308;110057;33.0;29.2
971;2021-10-05;338;613;124646;110670;33.1;29.4
971;2021-10-06;334;630;124980;111300;33.2;29.5
971;2021-10-07;364;575;125344;111875;33.3;29.7
971;2021-10-08;426;778;125770;112653;33.4;29.9
971;2021-10-09;318;449;126088;113102;33.5;30.0
971;2021-10-10;68;148;126156;113250;33.5;30.0
971;2021-10-11;244;358;126400;113608;33.5;30.1
971;2021-10-12;283;486;126683;114094;33.6;30.3
971;2021-10-13;350;426;127033;114520;33.7;30.4
972;2020-12-27;0;0;0;0;0.0;0.0
972;2020-12-28;0;0;0;0;0.0;0.0
972;2020-12-29;0;0;0;0;0.0;0.0
972;2020-12-30;0;0;0;0;0.0;0.0
972;2020-12-31;0;0;0;0;0.0;0.0
972;2021-01-01;0;0;0;0;0.0;0.0
972;2021-01-02;0;0;0;0;0.0;0.0
972;2021-01-03;0;0;0;0;0.0;0.0
972;2021-01-04;0;0;0;0;0.0;0.0
972;2021-01-05;0;0;0;0;0.0;0.0
972;2021-01-06;5;0;5;0;0.0;0.0
972;2021-01-07;31;0;36;0;0.0;0.0
972;2021-01-08;90;1;126;1;0.0;0.0
972;2021-01-09;20;0;146;1;0.0;0.0
972;2021-01-10;0;0;146;1;0.0;0.0
972;2021-01-11;122;0;268;1;0.1;0.0
972;2021-01-12;79;0;347;1;0.1;0.0
972;2021-01-13;65;0;412;1;0.1;0.0
972;2021-01-14;88;1;500;2;0.1;0.0
972;2021-01-15;171;7;671;9;0.2;0.0
972;2021-01-16;51;0;722;9;0.2;0.0
972;2021-01-17;0;0;722;9;0.2;0.0
972;2021-01-18;158;0;880;9;0.2;0.0
972;2021-01-19;168;1;1048;10;0.3;0.0
972;2021-01-20;170;0;1218;10;0.3;0.0
972;2021-01-21;181;2;1399;12;0.4;0.0
972;2021-01-22;173;0;1572;12;0.4;0.0
972;2021-01-23;58;0;1630;12;0.5;0.0
972;2021-01-24;0;0;1630;12;0.5;0.0
972;2021-01-25;161;1;1791;13;0.5;0.0
972;2021-01-26;138;1;1929;14;0.5;0.0
972;2021-01-27;163;5;2092;19;0.6;0.0
972;2021-01-28;152;12;2244;31;0.6;0.0
972;2021-01-29;143;41;2387;72;0.7;0.0
972;2021-01-30;96;16;2483;88;0.7;0.0
972;2021-01-31;0;0;2483;88;0.7;0.0
972;2021-02-01;119;73;2602;161;0.7;0.0
972;2021-02-02;184;94;2786;255;0.8;0.1
972;2021-02-03;132;76;2918;331;0.8;0.1
972;2021-02-04;160;70;3078;401;0.9;0.1
972;2021-02-05;123;93;3201;494;0.9;0.1
972;2021-02-06;63;26;3264;520;0.9;0.1
972;2021-02-07;1;0;3265;520;0.9;0.1
972;2021-02-08;137;79;3402;599;0.9;0.2
972;2021-02-09;177;77;3579;676;1.0;0.2
972;2021-02-10;153;90;3732;766;1.0;0.2
972;2021-02-11;149;101;3881;867;1.1;0.2
972;2021-02-12;152;131;4033;998;1.1;0.3
972;2021-02-13;47;37;4080;1035;1.1;0.3
972;2021-02-14;0;0;4080;1035;1.1;0.3
972;2021-02-15;51;67;4131;1102;1.2;0.3
972;2021-02-16;0;1;4131;1103;1.2;0.3
972;2021-02-17;1;3;4132;1106;1.2;0.3
972;2021-02-18;69;127;4201;1233;1.2;0.3
972;2021-02-19;69;129;4270;1362;1.2;0.4
972;2021-02-20;48;68;4318;1430;1.2;0.4
972;2021-02-21;0;0;4318;1430;1.2;0.4
972;2021-02-22;102;60;4420;1490;1.2;0.4
972;2021-02-23;113;235;4533;1725;1.3;0.5
972;2021-02-24;106;220;4639;1945;1.3;0.5
972;2021-02-25;93;150;4732;2095;1.3;0.6
972;2021-02-26;132;168;4864;2263;1.4;0.6
972;2021-02-27;69;52;4933;2315;1.4;0.6
972;2021-02-28;0;0;4933;2315;1.4;0.6
972;2021-03-01;138;143;5071;2458;1.4;0.7
972;2021-03-02;158;79;5229;2537;1.5;0.7
972;2021-03-03;179;145;5408;2682;1.5;0.7
972;2021-03-04;152;135;5560;2817;1.5;0.8
972;2021-03-05;236;128;5796;2945;1.6;0.8
972;2021-03-06;119;58;5915;3003;1.6;0.8
972;2021-03-07;100;3;6015;3006;1.7;0.8
972;2021-03-08;196;134;6211;3140;1.7;0.9
972;2021-03-09;283;101;6494;3241;1.8;0.9
972;2021-03-10;322;136;6816;3377;1.9;0.9
972;2021-03-11;337;81;7153;3458;2.0;1.0
972;2021-03-12;413;57;7566;3515;2.1;1.0
972;2021-03-13;155;21;7721;3536;2.2;1.0
972;2021-03-14;4;1;7725;3537;2.2;1.0
972;2021-03-15;277;91;8002;3628;2.2;1.0
972;2021-03-16;305;56;8307;3684;2.3;1.0
972;2021-03-17;388;48;8695;3732;2.4;1.0
972;2021-03-18;437;46;9132;3778;2.5;1.1
972;2021-03-19;402;63;9534;3841;2.7;1.1
972;2021-03-20;149;48;9683;3889;2.7;1.1
972;2021-03-21;25;1;9708;3890;2.7;1.1
972;2021-03-22;361;117;10069;4007;2.8;1.1
972;2021-03-23;404;124;10473;4131;2.9;1.2
972;2021-03-24;429;107;10902;4238;3.0;1.2
972;2021-03-25;492;105;11394;4343;3.2;1.2
972;2021-03-26;634;106;12028;4449;3.4;1.2
972;2021-03-27;154;71;12182;4520;3.4;1.3
972;2021-03-28;81;2;12263;4522;3.4;1.3
972;2021-03-29;423;166;12686;4688;3.5;1.3
972;2021-03-30;469;244;13155;4932;3.7;1.4
972;2021-03-31;1151;193;14306;5125;4.0;1.4
972;2021-04-01;955;174;15261;5299;4.3;1.5
972;2021-04-02;896;16;16157;5315;4.5;1.5
972;2021-04-03;789;58;16946;5373;4.7;1.5
972;2021-04-04;751;15;17697;5388;4.9;1.5
972;2021-04-05;828;44;18525;5432;5.2;1.5
972;2021-04-06;885;136;19410;5568;5.4;1.6
972;2021-04-07;1437;332;20847;5900;5.8;1.6
972;2021-04-08;1307;272;22154;6172;6.2;1.7
972;2021-04-09;1239;316;23393;6488;6.5;1.8
972;2021-04-10;838;165;24231;6653;6.8;1.9
972;2021-04-11;620;15;24851;6668;6.9;1.9
972;2021-04-12;869;318;25720;6986;7.2;1.9
972;2021-04-13;880;330;26600;7316;7.4;2.0
972;2021-04-14;959;324;27559;7640;7.7;2.1
972;2021-04-15;960;303;28519;7943;7.9;2.2
972;2021-04-16;997;301;29516;8244;8.2;2.3
972;2021-04-17;529;161;30045;8405;8.4;2.3
972;2021-04-18;339;56;30384;8461;8.5;2.4
972;2021-04-19;668;342;31052;8803;8.7;2.5
972;2021-04-20;865;309;31917;9112;8.9;2.5
972;2021-04-21;1002;354;32919;9466;9.2;2.6
972;2021-04-22;605;312;33524;9778;9.3;2.7
972;2021-04-23;614;465;34138;10243;9.5;2.9
972;2021-04-24;364;197;34502;10440;9.6;2.9
972;2021-04-25;168;200;34670;10640;9.7;3.0
972;2021-04-26;516;541;35186;11181;9.8;3.1
972;2021-04-27;568;607;35754;11788;10.0;3.3
972;2021-04-28;448;691;36202;12479;10.1;3.5
972;2021-04-29;654;643;36856;13122;10.3;3.7
972;2021-04-30;771;686;37627;13808;10.5;3.8
972;2021-05-01;244;246;37871;14054;10.6;3.9
972;2021-05-02;227;513;38098;14567;10.6;4.1
972;2021-05-03;569;770;38667;15337;10.8;4.3
972;2021-05-04;525;678;39192;16015;10.9;4.5
972;2021-05-05;548;896;39740;16911;11.1;4.7
972;2021-05-06;546;785;40286;17696;11.2;4.9
972;2021-05-07;629;1015;40915;18711;11.4;5.2
972;2021-05-08;225;526;41140;19237;11.5;5.4
972;2021-05-09;172;506;41312;19743;11.5;5.5
972;2021-05-10;519;856;41831;20599;11.7;5.7
972;2021-05-11;477;870;42308;21469;11.8;6.0
972;2021-05-12;560;910;42868;22379;11.9;6.2
972;2021-05-13;275;532;43143;22911;12.0;6.4
972;2021-05-14;388;748;43531;23659;12.1;6.6
972;2021-05-15;233;578;43764;24237;12.2;6.8
972;2021-05-16;155;442;43919;24679;12.2;6.9
972;2021-05-17;475;754;44394;25433;12.4;7.1
972;2021-05-18;445;678;44839;26111;12.5;7.3
972;2021-05-19;453;744;45292;26855;12.6;7.5
972;2021-05-20;594;500;45886;27355;12.8;7.6
972;2021-05-21;544;683;46430;28038;12.9;7.8
972;2021-05-22;186;359;46616;28397;13.0;7.9
972;2021-05-23;111;182;46727;28579;13.0;8.0
972;2021-05-24;134;241;46861;28820;13.1;8.0
972;2021-05-25;350;697;47211;29517;13.2;8.2
972;2021-05-26;381;712;47592;30229;13.3;8.4
972;2021-05-27;271;647;47863;30876;13.3;8.6
972;2021-05-28;280;815;48143;31691;13.4;8.8
972;2021-05-29;154;513;48297;32204;13.5;9.0
972;2021-05-30;17;33;48314;32237;13.5;9.0
972;2021-05-31;346;680;48660;32917;13.6;9.2
972;2021-06-01;299;543;48959;33460;13.6;9.3
972;2021-06-02;325;575;49284;34035;13.7;9.5
972;2021-06-03;247;424;49531;34459;13.8;9.6
972;2021-06-04;350;642;49881;35101;13.9;9.8
972;2021-06-05;260;371;50141;35472;14.0;9.9
972;2021-06-06;25;32;50166;35504;14.0;9.9
972;2021-06-07;260;735;50426;36239;14.1;10.1
972;2021-06-08;255;585;50681;36824;14.1;10.3
972;2021-06-09;303;697;50984;37521;14.2;10.5
972;2021-06-10;308;451;51292;37972;14.3;10.6
972;2021-06-11;358;533;51650;38505;14.4;10.7
972;2021-06-12;232;320;51882;38825;14.5;10.8
972;2021-06-13;32;29;51914;38854;14.5;10.8
972;2021-06-14;367;548;52281;39402;14.6;11.0
972;2021-06-15;409;486;52690;39888;14.7;11.1
972;2021-06-16;436;435;53126;40323;14.8;11.2
972;2021-06-17;354;573;53480;40896;14.9;11.4
972;2021-06-18;458;537;53938;41433;15.0;11.5
972;2021-06-19;225;196;54163;41629;15.1;11.6
972;2021-06-20;25;17;54188;41646;15.1;11.6
972;2021-06-21;332;579;54520;42225;15.2;11.8
972;2021-06-22;297;463;54817;42688;15.3;11.9
972;2021-06-23;421;562;55238;43250;15.4;12.1
972;2021-06-24;330;437;55568;43687;15.5;12.2
972;2021-06-25;313;387;55881;44074;15.6;12.3
972;2021-06-26;222;201;56103;44275;15.6;12.3
972;2021-06-27;16;23;56119;44298;15.6;12.3
972;2021-06-28;336;425;56455;44723;15.7;12.5
972;2021-06-29;329;430;56784;45153;15.8;12.6
972;2021-06-30;440;421;57224;45574;16.0;12.7
972;2021-07-01;351;394;57575;45968;16.0;12.8
972;2021-07-02;124;201;57699;46169;16.1;12.9
972;2021-07-03;100;118;57799;46287;16.1;12.9
972;2021-07-04;24;36;57823;46323;16.1;12.9
972;2021-07-05;494;580;58317;46903;16.3;13.1
972;2021-07-06;488;429;58805;47332;16.4;13.2
972;2021-07-07;613;496;59418;47828;16.6;13.3
972;2021-07-08;492;422;59910;48250;16.7;13.4
972;2021-07-09;629;583;60539;48833;16.9;13.6
972;2021-07-10;405;309;60944;49142;17.0;13.7
972;2021-07-11;52;38;60996;49180;17.0;13.7
972;2021-07-12;847;697;61843;49877;17.2;13.9
972;2021-07-13;1475;707;63318;50584;17.6;14.1
972;2021-07-14;133;65;63451;50649;17.7;14.1
972;2021-07-15;1603;680;65054;51329;18.1;14.3
972;2021-07-16;1632;663;66686;51992;18.6;14.5
972;2021-07-17;1094;367;67780;52359;18.9;14.6
972;2021-07-18;56;39;67836;52398;18.9;14.6
972;2021-07-19;1148;654;68984;53052;19.2;14.8
972;2021-07-20;1130;579;70114;53631;19.5;14.9
972;2021-07-21;1089;604;71203;54235;19.8;15.1
972;2021-07-22;906;519;72109;54754;20.1;15.3
972;2021-07-23;969;484;73078;55238;20.4;15.4
972;2021-07-24;506;224;73584;55462;20.5;15.5
972;2021-07-25;50;63;73634;55525;20.5;15.5
972;2021-07-26;685;525;74319;56050;20.7;15.6
972;2021-07-27;1029;516;75348;56566;21.0;15.8
972;2021-07-28;645;562;75993;57128;21.2;15.9
972;2021-07-29;842;548;76835;57676;21.4;16.1
972;2021-07-30;904;615;77739;58291;21.7;16.2
972;2021-07-31;561;275;78300;58566;21.8;16.3
972;2021-08-01;83;33;78383;58599;21.8;16.3
972;2021-08-02;813;816;79196;59415;22.1;16.6
972;2021-08-03;730;743;79926;60158;22.3;16.8
972;2021-08-04;788;572;80714;60730;22.5;16.9
972;2021-08-05;915;590;81629;61320;22.8;17.1
972;2021-08-06;1196;896;82825;62216;23.1;17.3
972;2021-08-07;667;571;83492;62787;23.3;17.5
972;2021-08-08;85;83;83577;62870;23.3;17.5
972;2021-08-09;1130;1064;84707;63934;23.6;17.8
972;2021-08-10;1200;1041;85907;64975;23.9;18.1
972;2021-08-11;1235;921;87142;65896;24.3;18.4
972;2021-08-12;1452;930;88594;66826;24.7;18.6
972;2021-08-13;1317;645;89911;67471;25.1;18.8
972;2021-08-14;850;322;90761;67793;25.3;18.9
972;2021-08-15;70;55;90831;67848;25.3;18.9
972;2021-08-16;1282;1048;92113;68896;25.7;19.2
972;2021-08-17;1177;1187;93290;70083;26.0;19.5
972;2021-08-18;1238;1174;94528;71257;26.3;19.9
972;2021-08-19;1286;892;95814;72149;26.7;20.1
972;2021-08-20;1329;893;97143;73042;27.1;20.4
972;2021-08-21;758;626;97901;73668;27.3;20.5
972;2021-08-22;47;82;97948;73750;27.3;20.6
972;2021-08-23;1182;859;99130;74609;27.6;20.8
972;2021-08-24;1380;880;100510;75489;28.0;21.0
972;2021-08-25;1079;769;101589;76258;28.3;21.3
972;2021-08-26;1280;802;102869;77060;28.7;21.5
972;2021-08-27;1286;1077;104155;78137;29.0;21.8
972;2021-08-28;779;756;104934;78893;29.2;22.0
972;2021-08-29;100;64;105034;78957;29.3;22.0
972;2021-08-30;1141;1111;106175;80068;29.6;22.3
972;2021-08-31;907;1099;107082;81167;29.8;22.6
972;2021-09-01;812;1117;107894;82284;30.1;22.9
972;2021-09-02;879;1189;108773;83473;30.3;23.3
972;2021-09-03;772;1279;109545;84752;30.5;23.6
972;2021-09-04;616;887;110161;85639;30.7;23.9
972;2021-09-05;145;128;110306;85767;30.7;23.9
972;2021-09-06;600;1026;110906;86793;30.9;24.2
972;2021-09-07;636;935;111542;87728;31.1;24.5
972;2021-09-08;593;1128;112135;88856;31.3;24.8
972;2021-09-09;521;1064;112656;89920;31.4;25.1
972;2021-09-10;588;1297;113244;91217;31.6;25.4
972;2021-09-11;490;893;113734;92110;31.7;25.7
972;2021-09-12;109;106;113843;92216;31.7;25.7
972;2021-09-13;488;1084;114331;93300;31.9;26.0
972;2021-09-14;485;1085;114816;94385;32.0;26.3
972;2021-09-15;404;1089;115220;95474;32.1;26.6
972;2021-09-16;386;1069;115606;96543;32.2;26.9
972;2021-09-17;594;1274;116200;97817;32.4;27.3
972;2021-09-18;452;931;116652;98748;32.5;27.5
972;2021-09-19;43;121;116695;98869;32.5;27.6
972;2021-09-20;377;922;117072;99791;32.6;27.8
972;2021-09-21;431;990;117503;100781;32.8;28.1
972;2021-09-22;363;856;117866;101637;32.9;28.3
972;2021-09-23;406;826;118272;102463;33.0;28.6
972;2021-09-24;460;979;118732;103442;33.1;28.8
972;2021-09-25;333;835;119065;104277;33.2;29.1
972;2021-09-26;30;183;119095;104460;33.2;29.1
972;2021-09-27;303;666;119398;105126;33.3;29.3
972;2021-09-28;409;670;119807;105796;33.4;29.5
972;2021-09-29;364;645;120171;106441;33.5;29.7
972;2021-09-30;475;666;120646;107107;33.6;29.9
972;2021-10-01;539;755;121185;107862;33.8;30.1
972;2021-10-02;369;610;121554;108472;33.9;30.2
972;2021-10-03;40;79;121594;108551;33.9;30.3
972;2021-10-04;368;456;121962;109007;34.0;30.4
972;2021-10-05;368;542;122330;109549;34.1;30.5
972;2021-10-06;391;511;122721;110060;34.2;30.7
972;2021-10-07;395;496;123116;110556;34.3;30.8
972;2021-10-08;520;624;123636;111180;34.5;31.0
972;2021-10-09;414;521;124050;111701;34.6;31.1
972;2021-10-10;34;66;124084;111767;34.6;31.2
972;2021-10-11;450;464;124534;112231;34.7;31.3
972;2021-10-12;391;412;124925;112643;34.8;31.4
972;2021-10-13;463;527;125388;113170;35.0;31.5
973;2020-12-27;0;0;0;0;0.0;0.0
973;2020-12-28;0;0;0;0;0.0;0.0
973;2020-12-29;0;0;0;0;0.0;0.0
973;2020-12-30;0;0;0;0;0.0;0.0
973;2020-12-31;0;0;0;0;0.0;0.0
973;2021-01-01;0;0;0;0;0.0;0.0
973;2021-01-02;1;1;1;1;0.0;0.0
973;2021-01-03;0;0;1;1;0.0;0.0
973;2021-01-04;0;0;1;1;0.0;0.0
973;2021-01-05;0;0;1;1;0.0;0.0
973;2021-01-06;0;0;1;1;0.0;0.0
973;2021-01-07;0;0;1;1;0.0;0.0
973;2021-01-08;0;0;1;1;0.0;0.0
973;2021-01-09;0;0;1;1;0.0;0.0
973;2021-01-10;0;0;1;1;0.0;0.0
973;2021-01-11;0;0;1;1;0.0;0.0
973;2021-01-12;0;0;1;1;0.0;0.0
973;2021-01-13;30;0;31;1;0.0;0.0
973;2021-01-14;46;0;77;1;0.0;0.0
973;2021-01-15;35;0;112;1;0.0;0.0
973;2021-01-16;18;1;130;2;0.0;0.0
973;2021-01-17;0;0;130;2;0.0;0.0
973;2021-01-18;63;0;193;2;0.1;0.0
973;2021-01-19;151;1;344;3;0.1;0.0
973;2021-01-20;134;0;478;3;0.2;0.0
973;2021-01-21;118;0;596;3;0.2;0.0
973;2021-01-22;76;0;672;3;0.2;0.0
973;2021-01-23;0;0;672;3;0.2;0.0
973;2021-01-24;0;0;672;3;0.2;0.0
973;2021-01-25;56;0;728;3;0.3;0.0
973;2021-01-26;100;2;828;5;0.3;0.0
973;2021-01-27;109;1;937;6;0.3;0.0
973;2021-01-28;96;3;1033;9;0.4;0.0
973;2021-01-29;104;3;1137;12;0.4;0.0
973;2021-01-30;0;0;1137;12;0.4;0.0
973;2021-01-31;0;0;1137;12;0.4;0.0
973;2021-02-01;54;0;1191;12;0.4;0.0
973;2021-02-02;122;5;1313;17;0.5;0.0
973;2021-02-03;119;7;1432;24;0.5;0.0
973;2021-02-04;79;25;1511;49;0.5;0.0
973;2021-02-05;66;8;1577;57;0.5;0.0
973;2021-02-06;0;0;1577;57;0.5;0.0
973;2021-02-07;0;0;1577;57;0.5;0.0
973;2021-02-08;52;12;1629;69;0.6;0.0
973;2021-02-09;92;39;1721;108;0.6;0.0
973;2021-02-10;101;41;1822;149;0.6;0.1
973;2021-02-11;105;93;1927;242;0.7;0.1
973;2021-02-12;89;63;2016;305;0.7;0.1
973;2021-02-13;0;0;2016;305;0.7;0.1
973;2021-02-14;0;0;2016;305;0.7;0.1
973;2021-02-15;28;65;2044;370;0.7;0.1
973;2021-02-16;123;52;2167;422;0.7;0.1
973;2021-02-17;145;119;2312;541;0.8;0.2
973;2021-02-18;103;139;2415;680;0.8;0.2
973;2021-02-19;122;72;2537;752;0.9;0.3
973;2021-02-20;0;0;2537;752;0.9;0.3
973;2021-02-21;0;0;2537;752;0.9;0.3
973;2021-02-22;78;48;2615;800;0.9;0.3
973;2021-02-23;158;103;2773;903;1.0;0.3
973;2021-02-24;189;124;2962;1027;1.0;0.4
973;2021-02-25;259;92;3221;1119;1.1;0.4
973;2021-02-26;264;71;3485;1190;1.2;0.4
973;2021-02-27;121;2;3606;1192;1.2;0.4
973;2021-02-28;0;0;3606;1192;1.2;0.4
973;2021-03-01;182;88;3788;1280;1.3;0.4
973;2021-03-02;257;107;4045;1387;1.4;0.5
973;2021-03-03;256;131;4301;1518;1.5;0.5
973;2021-03-04;281;87;4582;1605;1.6;0.6
973;2021-03-05;274;48;4856;1653;1.7;0.6
973;2021-03-06;118;2;4974;1655;1.7;0.6
973;2021-03-07;0;0;4974;1655;1.7;0.6
973;2021-03-08;188;42;5162;1697;1.8;0.6
973;2021-03-09;353;93;5515;1790;1.9;0.6
973;2021-03-10;360;120;5875;1910;2.0;0.7
973;2021-03-11;271;113;6146;2023;2.1;0.7
973;2021-03-12;288;96;6434;2119;2.2;0.7
973;2021-03-13;112;4;6546;2123;2.3;0.7
973;2021-03-14;0;0;6546;2123;2.3;0.7
973;2021-03-15;181;27;6727;2150;2.3;0.7
973;2021-03-16;243;142;6970;2292;2.4;0.8
973;2021-03-17;274;129;7244;2421;2.5;0.8
973;2021-03-18;249;157;7493;2578;2.6;0.9
973;2021-03-19;283;129;7776;2707;2.7;0.9
973;2021-03-20;260;22;8036;2729;2.8;0.9
973;2021-03-21;119;4;8155;2733;2.8;0.9
973;2021-03-22;219;109;8374;2842;2.9;1.0
973;2021-03-23;276;195;8650;3037;3.0;1.0
973;2021-03-24;236;214;8886;3251;3.1;1.1
973;2021-03-25;167;180;9053;3431;3.1;1.2
973;2021-03-26;189;307;9242;3738;3.2;1.3
973;2021-03-27;58;94;9300;3832;3.2;1.3
973;2021-03-28;0;0;9300;3832;3.2;1.3
973;2021-03-29;175;249;9475;4081;3.3;1.4
973;2021-03-30;446;239;9921;4320;3.4;1.5
973;2021-03-31;318;293;10239;4613;3.5;1.6
973;2021-04-01;446;263;10685;4876;3.7;1.7
973;2021-04-02;309;283;10994;5159;3.8;1.8
973;2021-04-03;159;126;11153;5285;3.8;1.8
973;2021-04-04;0;0;11153;5285;3.8;1.8
973;2021-04-05;118;15;11271;5300;3.9;1.8
973;2021-04-06;441;337;11712;5637;4.0;1.9
973;2021-04-07;502;345;12214;5982;4.2;2.1
973;2021-04-08;513;270;12727;6252;4.4;2.2
973;2021-04-09;498;227;13225;6479;4.5;2.2
973;2021-04-10;147;91;13372;6570;4.6;2.3
973;2021-04-11;2;0;13374;6570;4.6;2.3
973;2021-04-12;551;270;13925;6840;4.8;2.4
973;2021-04-13;673;245;14598;7085;5.0;2.4
973;2021-04-14;721;316;15319;7401;5.3;2.5
973;2021-04-15;776;248;16095;7649;5.5;2.6
973;2021-04-16;761;306;16856;7955;5.8;2.7
973;2021-04-17;499;138;17355;8093;6.0;2.8
973;2021-04-18;499;47;17854;8140;6.1;2.8
973;2021-04-19;715;254;18569;8394;6.4;2.9
973;2021-04-20;607;280;19176;8674;6.6;3.0
973;2021-04-21;873;251;20049;8925;6.9;3.1
973;2021-04-22;727;233;20776;9158;7.1;3.2
973;2021-04-23;705;234;21481;9392;7.4;3.2
973;2021-04-24;524;99;22005;9491;7.6;3.3
973;2021-04-25;611;50;22616;9541;7.8;3.3
973;2021-04-26;779;233;23395;9774;8.0;3.4
973;2021-04-27;817;349;24212;10123;8.3;3.5
973;2021-04-28;746;332;24958;10455;8.6;3.6
973;2021-04-29;666;287;25624;10742;8.8;3.7
973;2021-04-30;711;261;26335;11003;9.1;3.8
973;2021-05-01;211;29;26546;11032;9.1;3.8
973;2021-05-02;602;86;27148;11118;9.3;3.8
973;2021-05-03;554;395;27702;11513;9.5;4.0
973;2021-05-04;666;327;28368;11840;9.8;4.1
973;2021-05-05;700;457;29068;12297;10.0;4.2
973;2021-05-06;695;479;29763;12776;10.2;4.4
973;2021-05-07;594;474;30357;13250;10.4;4.6
973;2021-05-08;343;60;30700;13310;10.6;4.6
973;2021-05-09;262;72;30962;13382;10.7;4.6
973;2021-05-10;440;612;31402;13994;10.8;4.8
973;2021-05-11;399;497;31801;14491;10.9;5.0
973;2021-05-12;514;647;32315;15138;11.1;5.2
973;2021-05-13;333;99;32648;15237;11.2;5.2
973;2021-05-14;485;555;33133;15792;11.4;5.4
973;2021-05-15;257;348;33390;16140;11.5;5.6
973;2021-05-16;207;210;33597;16350;11.6;5.6
973;2021-05-17;447;599;34044;16949;11.7;5.8
973;2021-05-18;564;568;34608;17517;11.9;6.0
973;2021-05-19;534;552;35142;18069;12.1;6.2
973;2021-05-20;643;451;35785;18520;12.3;6.4
973;2021-05-21;505;609;36290;19129;12.5;6.6
973;2021-05-22;167;500;36457;19629;12.5;6.8
973;2021-05-23;271;475;36728;20104;12.6;6.9
973;2021-05-24;562;249;37290;20353;12.8;7.0
973;2021-05-25;501;745;37791;21098;13.0;7.3
973;2021-05-26;453;684;38244;21782;13.2;7.5
973;2021-05-27;712;528;38956;22310;13.4;7.7
973;2021-05-28;580;554;39536;22864;13.6;7.9
973;2021-05-29;257;360;39793;23224;13.7;8.0
973;2021-05-30;151;399;39944;23623;13.7;8.1
973;2021-05-31;356;573;40300;24196;13.9;8.3
973;2021-06-01;421;467;40721;24663;14.0;8.5
973;2021-06-02;567;554;41288;25217;14.2;8.7
973;2021-06-03;525;470;41813;25687;14.4;8.8
973;2021-06-04;601;496;42414;26183;14.6;9.0
973;2021-06-05;273;292;42687;26475;14.7;9.1
973;2021-06-06;211;301;42898;26776;14.8;9.2
973;2021-06-07;488;452;43386;27228;14.9;9.4
973;2021-06-08;544;315;43930;27543;15.1;9.5
973;2021-06-09;530;390;44460;27933;15.3;9.6
973;2021-06-10;360;291;44820;28224;15.4;9.7
973;2021-06-11;436;466;45256;28690;15.6;9.9
973;2021-06-12;170;283;45426;28973;15.6;10.0
973;2021-06-13;215;269;45641;29242;15.7;10.1
973;2021-06-14;384;549;46025;29791;15.8;10.2
973;2021-06-15;377;445;46402;30236;16.0;10.4
973;2021-06-16;491;459;46893;30695;16.1;10.6
973;2021-06-17;442;578;47335;31273;16.3;10.8
973;2021-06-18;390;562;47725;31835;16.4;11.0
973;2021-06-19;235;260;47960;32095;16.5;11.0
973;2021-06-20;126;270;48086;32365;16.5;11.1
973;2021-06-21;335;601;48421;32966;16.7;11.3
973;2021-06-22;376;462;48797;33428;16.8;11.5
973;2021-06-23;343;539;49140;33967;16.9;11.7
973;2021-06-24;446;500;49586;34467;17.1;11.9
973;2021-06-25;445;559;50031;35026;17.2;12.0
973;2021-06-26;172;320;50203;35346;17.3;12.2
973;2021-06-27;121;170;50324;35516;17.3;12.2
973;2021-06-28;314;593;50638;36109;17.4;12.4
973;2021-06-29;376;506;51014;36615;17.5;12.6
973;2021-06-30;410;680;51424;37295;17.7;12.8
973;2021-07-01;431;399;51855;37694;17.8;13.0
973;2021-07-02;511;524;52366;38218;18.0;13.1
973;2021-07-03;210;275;52576;38493;18.1;13.2
973;2021-07-04;86;243;52662;38736;18.1;13.3
973;2021-07-05;361;546;53023;39282;18.2;13.5
973;2021-07-06;373;474;53396;39756;18.4;13.7
973;2021-07-07;374;415;53770;40171;18.5;13.8
973;2021-07-08;316;328;54086;40499;18.6;13.9
973;2021-07-09;392;434;54478;40933;18.7;14.1
973;2021-07-10;168;278;54646;41211;18.8;14.2
973;2021-07-11;102;163;54748;41374;18.8;14.2
973;2021-07-12;403;497;55151;41871;19.0;14.4
973;2021-07-13;682;558;55833;42429;19.2;14.6
973;2021-07-14;394;161;56227;42590;19.3;14.7
973;2021-07-15;658;528;56885;43118;19.6;14.8
973;2021-07-16;602;485;57487;43603;19.8;15.0
973;2021-07-17;345;285;57832;43888;19.9;15.1
973;2021-07-18;251;124;58083;44012;20.0;15.1
973;2021-07-19;524;459;58607;44471;20.2;15.3
973;2021-07-20;585;494;59192;44965;20.4;15.5
973;2021-07-21;725;397;59917;45362;20.6;15.6
973;2021-07-22;660;452;60577;45814;20.8;15.8
973;2021-07-23;608;370;61185;46184;21.0;15.9
973;2021-07-24;326;241;61511;46425;21.2;16.0
973;2021-07-25;166;111;61677;46536;21.2;16.0
973;2021-07-26;446;345;62123;46881;21.4;16.1
973;2021-07-27;554;358;62677;47239;21.6;16.3
973;2021-07-28;468;370;63145;47609;21.7;16.4
973;2021-07-29;536;431;63681;48040;21.9;16.5
973;2021-07-30;541;408;64222;48448;22.1;16.7
973;2021-07-31;204;163;64426;48611;22.2;16.7
973;2021-08-01;139;132;64565;48743;22.2;16.8
973;2021-08-02;398;432;64963;49175;22.3;16.9
973;2021-08-03;432;402;65395;49577;22.5;17.1
973;2021-08-04;308;373;65703;49950;22.6;17.2
973;2021-08-05;343;363;66046;50313;22.7;17.3
973;2021-08-06;365;524;66411;50837;22.8;17.5
973;2021-08-07;164;266;66575;51103;22.9;17.6
973;2021-08-08;123;177;66698;51280;22.9;17.6
973;2021-08-09;332;473;67030;51753;23.1;17.8
973;2021-08-10;363;516;67393;52269;23.2;18.0
973;2021-08-11;584;519;67977;52788;23.4;18.2
973;2021-08-12;551;584;68528;53372;23.6;18.4
973;2021-08-13;367;234;68895;53606;23.7;18.4
973;2021-08-14;253;401;69148;54007;23.8;18.6
973;2021-08-15;122;138;69270;54145;23.8;18.6
973;2021-08-16;307;473;69577;54618;23.9;18.8
973;2021-08-17;372;401;69949;55019;24.1;18.9
973;2021-08-18;369;446;70318;55465;24.2;19.1
973;2021-08-19;331;483;70649;55948;24.3;19.2
973;2021-08-20;313;401;70962;56349;24.4;19.4
973;2021-08-21;161;257;71123;56606;24.5;19.5
973;2021-08-22;115;183;71238;56789;24.5;19.5
973;2021-08-23;286;384;71524;57173;24.6;19.7
973;2021-08-24;313;465;71837;57638;24.7;19.8
973;2021-08-25;295;350;72132;57988;24.8;19.9
973;2021-08-26;322;404;72454;58392;24.9;20.1
973;2021-08-27;368;426;72822;58818;25.1;20.2
973;2021-08-28;143;266;72965;59084;25.1;20.3
973;2021-08-29;87;187;73052;59271;25.1;20.4
973;2021-08-30;222;338;73274;59609;25.2;20.5
973;2021-08-31;312;371;73586;59980;25.3;20.6
973;2021-09-01;261;393;73847;60373;25.4;20.8
973;2021-09-02;317;386;74164;60759;25.5;20.9
973;2021-09-03;285;342;74449;61101;25.6;21.0
973;2021-09-04;147;197;74596;61298;25.7;21.1
973;2021-09-05;72;88;74668;61386;25.7;21.1
973;2021-09-06;184;232;74852;61618;25.7;21.2
973;2021-09-07;209;256;75061;61874;25.8;21.3
973;2021-09-08;221;397;75282;62271;25.9;21.4
973;2021-09-09;225;290;75507;62561;26.0;21.5
973;2021-09-10;228;314;75735;62875;26.1;21.6
973;2021-09-11;125;292;75860;63167;26.1;21.7
973;2021-09-12;59;95;75919;63262;26.1;21.8
973;2021-09-13;223;226;76142;63488;26.2;21.8
973;2021-09-14;265;296;76407;63784;26.3;21.9
973;2021-09-15;346;331;76753;64115;26.4;22.1
973;2021-09-16;265;240;77018;64355;26.5;22.1
973;2021-09-17;215;242;77233;64597;26.6;22.2
973;2021-09-18;114;244;77347;64841;26.6;22.3
973;2021-09-19;55;150;77402;64991;26.6;22.4
973;2021-09-20;147;187;77549;65178;26.7;22.4
973;2021-09-21;193;203;77742;65381;26.7;22.5
973;2021-09-22;186;350;77928;65731;26.8;22.6
973;2021-09-23;246;240;78174;65971;26.9;22.7
973;2021-09-24;257;307;78431;66278;27.0;22.8
973;2021-09-25;113;257;78544;66535;27.0;22.9
973;2021-09-26;39;94;78583;66629;27.0;22.9
973;2021-09-27;158;167;78741;66796;27.1;23.0
973;2021-09-28;159;205;78900;67001;27.1;23.0
973;2021-09-29;204;237;79104;67238;27.2;23.1
973;2021-09-30;291;304;79395;67542;27.3;23.2
973;2021-10-01;200;219;79595;67761;27.4;23.3
973;2021-10-02;104;169;79699;67930;27.4;23.4
973;2021-10-03;60;92;79759;68022;27.4;23.4
973;2021-10-04;194;209;79953;68231;27.5;23.5
973;2021-10-05;174;177;80127;68408;27.6;23.5
973;2021-10-06;198;205;80325;68613;27.6;23.6
973;2021-10-07;212;174;80537;68787;27.7;23.7
973;2021-10-08;226;202;80763;68989;27.8;23.7
973;2021-10-09;107;153;80870;69142;27.8;23.8
973;2021-10-10;46;73;80916;69215;27.8;23.8
973;2021-10-11;155;176;81071;69391;27.9;23.9
973;2021-10-12;178;177;81249;69568;28.0;23.9
973;2021-10-13;196;282;81445;69850;28.0;24.0
974;2020-12-27;0;0;0;0;0.0;0.0
974;2020-12-28;0;0;0;0;0.0;0.0
974;2020-12-29;0;0;0;0;0.0;0.0
974;2020-12-30;0;0;0;0;0.0;0.0
974;2020-12-31;0;0;0;0;0.0;0.0
974;2021-01-01;1;0;1;0;0.0;0.0
974;2021-01-02;0;0;1;0;0.0;0.0
974;2021-01-03;0;0;1;0;0.0;0.0
974;2021-01-04;0;0;1;0;0.0;0.0
974;2021-01-05;2;0;3;0;0.0;0.0
974;2021-01-06;0;0;3;0;0.0;0.0
974;2021-01-07;0;0;3;0;0.0;0.0
974;2021-01-08;0;0;3;0;0.0;0.0
974;2021-01-09;1;0;4;0;0.0;0.0
974;2021-01-10;0;0;4;0;0.0;0.0
974;2021-01-11;0;0;4;0;0.0;0.0
974;2021-01-12;0;0;4;0;0.0;0.0
974;2021-01-13;0;0;4;0;0.0;0.0
974;2021-01-14;0;0;4;0;0.0;0.0
974;2021-01-15;335;0;339;0;0.0;0.0
974;2021-01-16;28;0;367;0;0.0;0.0
974;2021-01-17;0;0;367;0;0.0;0.0
974;2021-01-18;49;1;416;1;0.0;0.0
974;2021-01-19;395;0;811;1;0.1;0.0
974;2021-01-20;485;1;1296;2;0.2;0.0
974;2021-01-21;614;2;1910;4;0.2;0.0
974;2021-01-22;414;1;2324;5;0.3;0.0
974;2021-01-23;75;0;2399;5;0.3;0.0
974;2021-01-24;0;0;2399;5;0.3;0.0
974;2021-01-25;274;2;2673;7;0.3;0.0
974;2021-01-26;428;0;3101;7;0.4;0.0
974;2021-01-27;316;0;3417;7;0.4;0.0
974;2021-01-28;409;1;3826;8;0.4;0.0
974;2021-01-29;422;3;4248;11;0.5;0.0
974;2021-01-30;421;1;4669;12;0.5;0.0
974;2021-01-31;0;0;4669;12;0.5;0.0
974;2021-02-01;373;4;5042;16;0.6;0.0
974;2021-02-02;503;3;5545;19;0.6;0.0
974;2021-02-03;602;14;6147;33;0.7;0.0
974;2021-02-04;629;21;6776;54;0.8;0.0
974;2021-02-05;564;97;7340;151;0.9;0.0
974;2021-02-06;501;6;7841;157;0.9;0.0
974;2021-02-07;0;8;7841;165;0.9;0.0
974;2021-02-08;470;34;8311;199;1.0;0.0
974;2021-02-09;787;93;9098;292;1.1;0.0
974;2021-02-10;820;87;9918;379;1.2;0.0
974;2021-02-11;795;89;10713;468;1.2;0.1
974;2021-02-12;638;95;11351;563;1.3;0.1
974;2021-02-13;655;76;12006;639;1.4;0.1
974;2021-02-14;1;0;12007;639;1.4;0.1
974;2021-02-15;526;129;12533;768;1.5;0.1
974;2021-02-16;651;533;13184;1301;1.5;0.2
974;2021-02-17;593;327;13777;1628;1.6;0.2
974;2021-02-18;495;409;14272;2037;1.7;0.2
974;2021-02-19;497;318;14769;2355;1.7;0.3
974;2021-02-20;577;116;15346;2471;1.8;0.3
974;2021-02-21;0;0;15346;2471;1.8;0.3
974;2021-02-22;403;237;15749;2708;1.8;0.3
974;2021-02-23;608;241;16357;2949;1.9;0.3
974;2021-02-24;583;254;16940;3203;2.0;0.4
974;2021-02-25;649;296;17589;3499;2.0;0.4
974;2021-02-26;485;468;18074;3967;2.1;0.5
974;2021-02-27;384;466;18458;4433;2.1;0.5
974;2021-02-28;0;0;18458;4433;2.1;0.5
974;2021-03-01;293;384;18751;4817;2.2;0.6
974;2021-03-02;487;500;19238;5317;2.2;0.6
974;2021-03-03;758;537;19996;5854;2.3;0.7
974;2021-03-04;778;492;20774;6346;2.4;0.7
974;2021-03-05;729;519;21503;6865;2.5;0.8
974;2021-03-06;814;526;22317;7391;2.6;0.9
974;2021-03-07;0;0;22317;7391;2.6;0.9
974;2021-03-08;435;554;22752;7945;2.6;0.9
974;2021-03-09;671;771;23423;8716;2.7;1.0
974;2021-03-10;644;837;24067;9553;2.8;1.1
974;2021-03-11;700;626;24767;10179;2.9;1.2
974;2021-03-12;732;656;25499;10835;3.0;1.3
974;2021-03-13;669;599;26168;11434;3.0;1.3
974;2021-03-14;2;0;26170;11434;3.0;1.3
974;2021-03-15;508;491;26678;11925;3.1;1.4
974;2021-03-16;681;693;27359;12618;3.2;1.5
974;2021-03-17;847;522;28206;13140;3.3;1.5
974;2021-03-18;1022;503;29228;13643;3.4;1.6
974;2021-03-19;786;528;30014;14171;3.5;1.6
974;2021-03-20;578;593;30592;14764;3.6;1.7
974;2021-03-21;0;0;30592;14764;3.6;1.7
974;2021-03-22;566;467;31158;15231;3.6;1.8
974;2021-03-23;780;635;31938;15866;3.7;1.8
974;2021-03-24;790;640;32728;16506;3.8;1.9
974;2021-03-25;934;539;33662;17045;3.9;2.0
974;2021-03-26;923;452;34585;17497;4.0;2.0
974;2021-03-27;781;335;35366;17832;4.1;2.1
974;2021-03-28;1;0;35367;17832;4.1;2.1
974;2021-03-29;960;272;36327;18104;4.2;2.1
974;2021-03-30;883;495;37210;18599;4.3;2.2
974;2021-03-31;736;657;37946;19256;4.4;2.2
974;2021-04-01;718;706;38664;19962;4.5;2.3
974;2021-04-02;688;756;39352;20718;4.6;2.4
974;2021-04-03;699;700;40051;21418;4.7;2.5
974;2021-04-04;0;0;40051;21418;4.7;2.5
974;2021-04-05;0;0;40051;21418;4.7;2.5
974;2021-04-06;796;634;40847;22052;4.7;2.6
974;2021-04-07;1367;783;42214;22835;4.9;2.7
974;2021-04-08;1792;772;44006;23607;5.1;2.7
974;2021-04-09;1508;777;45514;24384;5.3;2.8
974;2021-04-10;1137;650;46651;25034;5.4;2.9
974;2021-04-11;2;0;46653;25034;5.4;2.9
974;2021-04-12;1238;548;47891;25582;5.6;3.0
974;2021-04-13;1439;751;49330;26333;5.7;3.1
974;2021-04-14;2066;771;51396;27104;6.0;3.2
974;2021-04-15;2510;957;53906;28061;6.3;3.3
974;2021-04-16;1936;786;55842;28847;6.5;3.4
974;2021-04-17;1290;604;57132;29451;6.6;3.4
974;2021-04-18;0;0;57132;29451;6.6;3.4
974;2021-04-19;1374;564;58506;30015;6.8;3.5
974;2021-04-20;1651;805;60157;30820;7.0;3.6
974;2021-04-21;2124;626;62281;31446;7.2;3.7
974;2021-04-22;2952;822;65233;32268;7.6;3.8
974;2021-04-23;2311;822;67544;33090;7.9;3.8
974;2021-04-24;1111;805;68655;33895;8.0;3.9
974;2021-04-25;3;0;68658;33895;8.0;3.9
974;2021-04-26;1172;911;69830;34806;8.1;4.0
974;2021-04-27;1687;1029;71517;35835;8.3;4.2
974;2021-04-28;2901;752;74418;36587;8.7;4.3
974;2021-04-29;3947;819;78365;37406;9.1;4.3
974;2021-04-30;3450;912;81815;38318;9.5;4.5
974;2021-05-01;2106;231;83921;38549;9.8;4.5
974;2021-05-02;1;0;83922;38549;9.8;4.5
974;2021-05-03;1865;576;85787;39125;10.0;4.5
974;2021-05-04;2127;1093;87914;40218;10.2;4.7
974;2021-05-05;3119;1648;91033;41866;10.6;4.9
974;2021-05-06;4001;1590;95034;43456;11.1;5.1
974;2021-05-07;3228;1525;98262;44981;11.4;5.2
974;2021-05-08;1578;506;99840;45487;11.6;5.3
974;2021-05-09;2;1;99842;45488;11.6;5.3
974;2021-05-10;2412;1001;102254;46489;11.9;5.4
974;2021-05-11;3650;1640;105904;48129;12.3;5.6
974;2021-05-12;4721;2403;110625;50532;12.9;5.9
974;2021-05-13;3553;600;114178;51132;13.3;5.9
974;2021-05-14;5276;2521;119454;53653;13.9;6.2
974;2021-05-15;3157;1537;122611;55190;14.3;6.4
974;2021-05-16;17;19;122628;55209;14.3;6.4
974;2021-05-17;2995;1498;125623;56707;14.6;6.6
974;2021-05-18;3765;1803;129388;58510;15.0;6.8
974;2021-05-19;4687;2435;134075;60945;15.6;7.1
974;2021-05-20;5139;2853;139214;63798;16.2;7.4
974;2021-05-21;4996;2630;144210;66428;16.8;7.7
974;2021-05-22;3372;1256;147582;67684;17.2;7.9
974;2021-05-23;6;3;147588;67687;17.2;7.9
974;2021-05-24;3645;1078;151233;68765;17.6;8.0
974;2021-05-25;4248;1923;155481;70688;18.1;8.2
974;2021-05-26;4984;2992;160465;73680;18.7;8.6
974;2021-05-27;4620;4101;165085;77781;19.2;9.0
974;2021-05-28;4384;3837;169469;81618;19.7;9.5
974;2021-05-29;2554;2457;172023;84075;20.0;9.8
974;2021-05-30;8;14;172031;84089;20.0;9.8
974;2021-05-31;2347;2251;174378;86340;20.3;10.0
974;2021-06-01;3301;2762;177679;89102;20.7;10.4
974;2021-06-02;3968;3366;181647;92468;21.1;10.8
974;2021-06-03;4042;3653;185689;96121;21.6;11.2
974;2021-06-04;3849;3758;189538;99879;22.0;11.6
974;2021-06-05;2213;1931;191751;101810;22.3;11.8
974;2021-06-06;1074;135;192825;101945;22.4;11.9
974;2021-06-07;2012;2526;194837;104471;22.7;12.1
974;2021-06-08;2558;3339;197395;107810;23.0;12.5
974;2021-06-09;2982;4839;200377;112649;23.3;13.1
974;2021-06-10;3411;4466;203788;117115;23.7;13.6
974;2021-06-11;2840;4623;206628;121738;24.0;14.2
974;2021-06-12;1726;3379;208354;125117;24.2;14.5
974;2021-06-13;1324;246;209678;125363;24.4;14.6
974;2021-06-14;1489;3181;211167;128544;24.6;14.9
974;2021-06-15;2060;3617;213227;132161;24.8;15.4
974;2021-06-16;2748;4664;215975;136825;25.1;15.9
974;2021-06-17;2522;4896;218497;141721;25.4;16.5
974;2021-06-18;2597;4890;221094;146611;25.7;17.0
974;2021-06-19;1300;3516;222394;150127;25.9;17.5
974;2021-06-20;633;289;223027;150416;25.9;17.5
974;2021-06-21;1265;3235;224292;153651;26.1;17.9
974;2021-06-22;1618;3760;225910;157411;26.3;18.3
974;2021-06-23;2258;4995;228168;162406;26.5;18.9
974;2021-06-24;2280;4069;230448;166475;26.8;19.4
974;2021-06-25;2188;4107;232636;170582;27.1;19.8
974;2021-06-26;1401;2712;234037;173294;27.2;20.2
974;2021-06-27;664;268;234701;173562;27.3;20.2
974;2021-06-28;1307;2481;236008;176043;27.4;20.5
974;2021-06-29;1755;2846;237763;178889;27.6;20.8
974;2021-06-30;2561;3843;240324;182732;27.9;21.2
974;2021-07-01;2699;3826;243023;186558;28.3;21.7
974;2021-07-02;2511;3708;245534;190266;28.6;22.1
974;2021-07-03;1613;2457;247147;192723;28.7;22.4
974;2021-07-04;881;1039;248028;193762;28.8;22.5
974;2021-07-05;1698;2223;249726;195985;29.0;22.8
974;2021-07-06;2569;2545;252295;198530;29.3;23.1
974;2021-07-07;2665;3135;254960;201665;29.6;23.5
974;2021-07-08;2418;3173;257378;204838;29.9;23.8
974;2021-07-09;2761;3429;260139;208267;30.3;24.2
974;2021-07-10;1618;2192;261757;210459;30.4;24.5
974;2021-07-11;729;1017;262486;211476;30.5;24.6
974;2021-07-12;1745;2605;264231;214081;30.7;24.9
974;2021-07-13;4433;3348;268664;217429;31.2;25.3
974;2021-07-14;3300;608;271964;218037;31.6;25.4
974;2021-07-15;5557;4024;277521;222061;32.3;25.8
974;2021-07-16;6239;3304;283760;225365;33.0;26.2
974;2021-07-17;4374;1912;288134;227277;33.5;26.4
974;2021-07-18;2673;765;290807;228042;33.8;26.5
974;2021-07-19;4650;2031;295457;230073;34.4;26.8
974;2021-07-20;6231;2431;301688;232504;35.1;27.0
974;2021-07-21;6745;2863;308433;235367;35.9;27.4
974;2021-07-22;7141;2826;315574;238193;36.7;27.7
974;2021-07-23;6642;2982;322216;241175;37.5;28.0
974;2021-07-24;3800;2066;326016;243241;37.9;28.3
974;2021-07-25;2522;754;328538;243995;38.2;28.4
974;2021-07-26;4372;2099;332910;246094;38.7;28.6
974;2021-07-27;5443;2563;338353;248657;39.3;28.9
974;2021-07-28;5395;2909;343748;251566;40.0;29.3
974;2021-07-29;5742;2814;349490;254380;40.6;29.6
974;2021-07-30;5877;2582;355367;256962;41.3;29.9
974;2021-07-31;3936;1649;359303;258611;41.8;30.1
974;2021-08-01;1907;716;361210;259327;42.0;30.2
974;2021-08-02;3436;1869;364646;261196;42.4;30.4
974;2021-08-03;4300;4075;368946;265271;42.9;30.8
974;2021-08-04;4878;4232;373824;269503;43.5;31.3
974;2021-08-05;4446;4667;378270;274170;44.0;31.9
974;2021-08-06;4082;5104;382352;279274;44.5;32.5
974;2021-08-07;2748;4042;385100;283316;44.8;32.9
974;2021-08-08;1481;2265;386581;285581;45.0;33.2
974;2021-08-09;2573;4525;389154;290106;45.3;33.7
974;2021-08-10;3790;4964;392944;295070;45.7;34.3
974;2021-08-11;4644;5449;397588;300519;46.2;34.9
974;2021-08-12;4714;5917;402302;306436;46.8;35.6
974;2021-08-13;4458;5828;406760;312264;47.3;36.3
974;2021-08-14;2608;4329;409368;316593;47.6;36.8
974;2021-08-15;1573;2175;410941;318768;47.8;37.1
974;2021-08-16;2345;4182;413286;322950;48.1;37.6
974;2021-08-17;3187;4525;416473;327475;48.4;38.1
974;2021-08-18;3346;5900;419819;333375;48.8;38.8
974;2021-08-19;3311;4908;423130;338283;49.2;39.3
974;2021-08-20;3441;5274;426571;343557;49.6;40.0
974;2021-08-21;1832;4616;428403;348173;49.8;40.5
974;2021-08-22;1019;1944;429422;350117;49.9;40.7
974;2021-08-23;1816;3328;431238;353445;50.1;41.1
974;2021-08-24;2461;3774;433699;357219;50.4;41.5
974;2021-08-25;2908;5217;436607;362436;50.8;42.1
974;2021-08-26;2669;3871;439276;366307;51.1;42.6
974;2021-08-27;2780;4011;442056;370318;51.4;43.1
974;2021-08-28;1864;3884;443920;374202;51.6;43.5
974;2021-08-29;760;1574;444680;375776;51.7;43.7
974;2021-08-30;1565;2528;446245;378304;51.9;44.0
974;2021-08-31;1866;3333;448111;381637;52.1;44.4
974;2021-09-01;2407;4874;450518;386511;52.4;44.9
974;2021-09-02;2258;4280;452776;390791;52.7;45.4
974;2021-09-03;2339;4472;455115;395263;52.9;46.0
974;2021-09-04;1586;3890;456701;399153;53.1;46.4
974;2021-09-05;607;1309;457308;400462;53.2;46.6
974;2021-09-06;1215;2499;458523;402961;53.3;46.9
974;2021-09-07;1365;3110;459888;406071;53.5;47.2
974;2021-09-08;2119;3884;462007;409955;53.7;47.7
974;2021-09-09;1801;3329;463808;413284;53.9;48.1
974;2021-09-10;1931;3723;465739;417007;54.2;48.5
974;2021-09-11;1537;2469;467276;419476;54.3;48.8
974;2021-09-12;391;960;467667;420436;54.4;48.9
974;2021-09-13;1086;1847;468753;422283;54.5;49.1
974;2021-09-14;1521;2329;470274;424612;54.7;49.4
974;2021-09-15;1827;3033;472101;427645;54.9;49.7
974;2021-09-16;1403;2782;473504;430427;55.1;50.1
974;2021-09-17;1500;3064;475004;433491;55.2;50.4
974;2021-09-18;1203;1955;476207;435446;55.4;50.6
974;2021-09-19;291;716;476498;436162;55.4;50.7
974;2021-09-20;723;1632;477221;437794;55.5;50.9
974;2021-09-21;838;1816;478059;439610;55.6;51.1
974;2021-09-22;1262;2518;479321;442128;55.7;51.4
974;2021-09-23;846;2119;480167;444247;55.8;51.7
974;2021-09-24;1099;2475;481266;446722;56.0;51.9
974;2021-09-25;767;1879;482033;448601;56.1;52.2
974;2021-09-26;160;518;482193;449119;56.1;52.2
974;2021-09-27;607;1072;482800;450191;56.1;52.4
974;2021-09-28;850;1536;483650;451727;56.2;52.5
974;2021-09-29;1200;2329;484850;454056;56.4;52.8
974;2021-09-30;998;1753;485848;455809;56.5;53.0
974;2021-10-01;1278;1989;487126;457798;56.6;53.2
974;2021-10-02;945;1469;488071;459267;56.8;53.4
974;2021-10-03;267;387;488338;459654;56.8;53.5
974;2021-10-04;723;1151;489061;460805;56.9;53.6
974;2021-10-05;961;1345;490022;462150;57.0;53.7
974;2021-10-06;1197;1914;491219;464064;57.1;54.0
974;2021-10-07;991;1478;492210;465542;57.2;54.1
974;2021-10-08;1145;1806;493355;467348;57.4;54.3
974;2021-10-09;905;1326;494260;468674;57.5;54.5
974;2021-10-10;210;238;494470;468912;57.5;54.5
974;2021-10-11;1034;946;495504;469858;57.6;54.6
974;2021-10-12;1151;978;496655;470836;57.8;54.8
974;2021-10-13;1337;1476;497992;472312;57.9;54.9
976;2020-12-27;0;0;0;0;0.0;0.0
976;2020-12-28;0;0;0;0;0.0;0.0
976;2020-12-29;0;0;0;0;0.0;0.0
976;2020-12-30;0;0;0;0;0.0;0.0
976;2020-12-31;0;0;0;0;0.0;0.0
976;2021-01-01;0;0;0;0;0.0;0.0
976;2021-01-02;0;0;0;0;0.0;0.0
976;2021-01-03;0;0;0;0;0.0;0.0
976;2021-01-04;0;0;0;0;0.0;0.0
976;2021-01-05;0;0;0;0;0.0;0.0
976;2021-01-06;0;0;0;0;0.0;0.0
976;2021-01-07;0;0;0;0;0.0;0.0
976;2021-01-08;0;0;0;0;0.0;0.0
976;2021-01-09;0;0;0;0;0.0;0.0
976;2021-01-10;0;0;0;0;0.0;0.0
976;2021-01-11;9;0;9;0;0.0;0.0
976;2021-01-12;0;0;9;0;0.0;0.0
976;2021-01-13;0;0;9;0;0.0;0.0
976;2021-01-14;0;0;9;0;0.0;0.0
976;2021-01-15;1;0;10;0;0.0;0.0
976;2021-01-16;1;0;11;0;0.0;0.0
976;2021-01-17;0;0;11;0;0.0;0.0
976;2021-01-18;1;0;12;0;0.0;0.0
976;2021-01-19;0;0;12;0;0.0;0.0
976;2021-01-20;0;0;12;0;0.0;0.0
976;2021-01-21;1;1;13;1;0.0;0.0
976;2021-01-22;0;0;13;1;0.0;0.0
976;2021-01-23;1;0;14;1;0.0;0.0
976;2021-01-24;0;0;14;1;0.0;0.0
976;2021-01-25;144;3;158;4;0.1;0.0
976;2021-01-26;167;3;325;7;0.1;0.0
976;2021-01-27;250;4;575;11;0.2;0.0
976;2021-01-28;104;9;679;20;0.2;0.0
976;2021-01-29;233;5;912;25;0.3;0.0
976;2021-01-30;286;11;1198;36;0.4;0.0
976;2021-01-31;1;0;1199;36;0.4;0.0
976;2021-02-01;161;2;1360;38;0.5;0.0
976;2021-02-02;328;11;1688;49;0.6;0.0
976;2021-02-03;227;4;1915;53;0.7;0.0
976;2021-02-04;215;10;2130;63;0.8;0.0
976;2021-02-05;213;1;2343;64;0.8;0.0
976;2021-02-06;83;10;2426;74;0.9;0.0
976;2021-02-07;0;0;2426;74;0.9;0.0
976;2021-02-08;82;4;2508;78;0.9;0.0
976;2021-02-09;194;2;2702;80;1.0;0.0
976;2021-02-10;187;5;2889;85;1.0;0.0
976;2021-02-11;236;6;3125;91;1.1;0.0
976;2021-02-12;288;7;3413;98;1.2;0.0
976;2021-02-13;56;0;3469;98;1.2;0.0
976;2021-02-14;2;0;3471;98;1.2;0.0
976;2021-02-15;358;11;3829;109;1.4;0.0
976;2021-02-16;266;10;4095;119;1.5;0.0
976;2021-02-17;167;9;4262;128;1.5;0.0
976;2021-02-18;217;16;4479;144;1.6;0.1
976;2021-02-19;237;24;4716;168;1.7;0.1
976;2021-02-20;138;9;4854;177;1.7;0.1
976;2021-02-21;0;0;4854;177;1.7;0.1
976;2021-02-22;130;121;4984;298;1.8;0.1
976;2021-02-23;185;156;5169;454;1.8;0.2
976;2021-02-24;176;146;5345;600;1.9;0.2
976;2021-02-25;227;278;5572;878;2.0;0.3
976;2021-02-26;242;247;5814;1125;2.1;0.4
976;2021-02-27;0;0;5814;1125;2.1;0.4
976;2021-02-28;0;0;5814;1125;2.1;0.4
976;2021-03-01;146;258;5960;1383;2.1;0.5
976;2021-03-02;228;260;6188;1643;2.2;0.6
976;2021-03-03;202;190;6390;1833;2.3;0.7
976;2021-03-04;205;145;6595;1978;2.4;0.7
976;2021-03-05;225;118;6820;2096;2.4;0.7
976;2021-03-06;1;0;6821;2096;2.4;0.7
976;2021-03-07;1;0;6822;2096;2.4;0.7
976;2021-03-08;189;112;7011;2208;2.5;0.8
976;2021-03-09;390;164;7401;2372;2.6;0.8
976;2021-03-10;179;178;7580;2550;2.7;0.9
976;2021-03-11;167;209;7747;2759;2.8;1.0
976;2021-03-12;237;294;7984;3053;2.9;1.1
976;2021-03-13;3;1;7987;3054;2.9;1.1
976;2021-03-14;0;0;7987;3054;2.9;1.1
976;2021-03-15;157;295;8144;3349;2.9;1.2
976;2021-03-16;238;227;8382;3576;3.0;1.3
976;2021-03-17;264;147;8646;3723;3.1;1.3
976;2021-03-18;174;235;8820;3958;3.2;1.4
976;2021-03-19;174;298;8994;4256;3.2;1.5
976;2021-03-20;0;0;8994;4256;3.2;1.5
976;2021-03-21;0;0;8994;4256;3.2;1.5
976;2021-03-22;97;136;9091;4392;3.3;1.6
976;2021-03-23;136;239;9227;4631;3.3;1.7
976;2021-03-24;160;147;9387;4778;3.4;1.7
976;2021-03-25;184;206;9571;4984;3.4;1.8
976;2021-03-26;160;212;9731;5196;3.5;1.9
976;2021-03-27;18;0;9749;5196;3.5;1.9
976;2021-03-28;1;0;9750;5196;3.5;1.9
976;2021-03-29;0;2;9750;5198;3.5;1.9
976;2021-03-30;272;337;10022;5535;3.6;2.0
976;2021-03-31;225;124;10247;5659;3.7;2.0
976;2021-04-01;246;105;10493;5764;3.8;2.1
976;2021-04-02;286;263;10779;6027;3.9;2.2
976;2021-04-03;905;310;11684;6337;4.2;2.3
976;2021-04-04;2;0;11686;6337;4.2;2.3
976;2021-04-05;1;0;11687;6337;4.2;2.3
976;2021-04-06;161;277;11848;6614;4.2;2.4
976;2021-04-07;236;267;12084;6881;4.3;2.5
976;2021-04-08;283;140;12367;7021;4.4;2.5
976;2021-04-09;248;172;12615;7193;4.5;2.6
976;2021-04-10;181;114;12796;7307;4.6;2.6
976;2021-04-11;7;0;12803;7307;4.6;2.6
976;2021-04-12;0;19;12803;7326;4.6;2.6
976;2021-04-13;395;346;13198;7672;4.7;2.7
976;2021-04-14;239;206;13437;7878;4.8;2.8
976;2021-04-15;209;117;13646;7995;4.9;2.9
976;2021-04-16;215;127;13861;8122;5.0;2.9
976;2021-04-17;225;130;14086;8252;5.0;3.0
976;2021-04-18;1;0;14087;8252;5.0;3.0
976;2021-04-19;7;1;14094;8253;5.0;3.0
976;2021-04-20;367;222;14461;8475;5.2;3.0
976;2021-04-21;412;151;14873;8626;5.3;3.1
976;2021-04-22;410;151;15283;8777;5.5;3.1
976;2021-04-23;366;166;15649;8943;5.6;3.2
976;2021-04-24;414;130;16063;9073;5.7;3.2
976;2021-04-25;3;0;16066;9073;5.7;3.2
976;2021-04-26;55;8;16121;9081;5.8;3.2
976;2021-04-27;350;292;16471;9373;5.9;3.4
976;2021-04-28;355;514;16826;9887;6.0;3.5
976;2021-04-29;559;344;17385;10231;6.2;3.7
976;2021-04-30;408;239;17793;10470;6.4;3.7
976;2021-05-01;672;288;18465;10758;6.6;3.8
976;2021-05-02;0;0;18465;10758;6.6;3.8
976;2021-05-03;140;6;18605;10764;6.7;3.9
976;2021-05-04;355;426;18960;11190;6.8;4.0
976;2021-05-05;447;318;19407;11508;6.9;4.1
976;2021-05-06;320;203;19727;11711;7.1;4.2
976;2021-05-07;341;133;20068;11844;7.2;4.2
976;2021-05-08;309;142;20377;11986;7.3;4.3
976;2021-05-09;0;0;20377;11986;7.3;4.3
976;2021-05-10;9;9;20386;11995;7.3;4.3
976;2021-05-11;363;493;20749;12488;7.4;4.5
976;2021-05-12;334;310;21083;12798;7.5;4.6
976;2021-05-13;126;96;21209;12894;7.6;4.6
976;2021-05-14;0;0;21209;12894;7.6;4.6
976;2021-05-15;485;282;21694;13176;7.8;4.7
976;2021-05-16;1;0;21695;13176;7.8;4.7
976;2021-05-17;124;51;21819;13227;7.8;4.7
976;2021-05-18;518;430;22337;13657;8.0;4.9
976;2021-05-19;651;663;22988;14320;8.2;5.1
976;2021-05-20;1056;499;24044;14819;8.6;5.3
976;2021-05-21;1045;313;25089;15132;9.0;5.4
976;2021-05-22;1241;298;26330;15430;9.4;5.5
976;2021-05-23;0;0;26330;15430;9.4;5.5
976;2021-05-24;1;0;26331;15430;9.4;5.5
976;2021-05-25;890;622;27221;16052;9.7;5.7
976;2021-05-26;1033;843;28254;16895;10.1;6.0
976;2021-05-27;1322;512;29576;17407;10.6;6.2
976;2021-05-28;956;375;30532;17782;10.9;6.4
976;2021-05-29;1130;392;31662;18174;11.3;6.5
976;2021-05-30;1;1;31663;18175;11.3;6.5
976;2021-05-31;107;6;31770;18181;11.4;6.5
976;2021-06-01;1149;653;32919;18834;11.8;6.7
976;2021-06-02;1244;532;34163;19366;12.2;6.9
976;2021-06-03;813;355;34976;19721;12.5;7.1
976;2021-06-04;1000;325;35976;20046;12.9;7.2
976;2021-06-05;680;299;36656;20345;13.1;7.3
976;2021-06-06;1;0;36657;20345;13.1;7.3
976;2021-06-07;93;12;36750;20357;13.1;7.3
976;2021-06-08;952;442;37702;20799;13.5;7.4
976;2021-06-09;969;550;38671;21349;13.8;7.6
976;2021-06-10;704;232;39375;21581;14.1;7.7
976;2021-06-11;850;365;40225;21946;14.4;7.9
976;2021-06-12;583;275;40808;22221;14.6;8.0
976;2021-06-13;2;0;40810;22221;14.6;8.0
976;2021-06-14;187;112;40997;22333;14.7;8.0
976;2021-06-15;412;838;41409;23171;14.8;8.3
976;2021-06-16;891;1440;42300;24611;15.1;8.8
976;2021-06-17;799;661;43099;25272;15.4;9.0
976;2021-06-18;705;620;43804;25892;15.7;9.3
976;2021-06-19;537;645;44341;26537;15.9;9.5
976;2021-06-20;1;0;44342;26537;15.9;9.5
976;2021-06-21;127;132;44469;26669;15.9;9.5
976;2021-06-22;429;1150;44898;27819;16.1;10.0
976;2021-06-23;695;1186;45593;29005;16.3;10.4
976;2021-06-24;480;544;46073;29549;16.5;10.6
976;2021-06-25;542;479;46615;30028;16.7;10.7
976;2021-06-26;386;692;47001;30720;16.8;11.0
976;2021-06-27;1;0;47002;30720;16.8;11.0
976;2021-06-28;109;191;47111;30911;16.9;11.1
976;2021-06-29;746;973;47857;31884;17.1;11.4
976;2021-06-30;714;948;48571;32832;17.4;11.7
976;2021-07-01;591;547;49162;33379;17.6;11.9
976;2021-07-02;451;432;49613;33811;17.8;12.1
976;2021-07-03;443;422;50056;34233;17.9;12.2
976;2021-07-04;2;0;50058;34233;17.9;12.2
976;2021-07-05;121;223;50179;34456;18.0;12.3
976;2021-07-06;498;865;50677;35321;18.1;12.6
976;2021-07-07;771;1014;51448;36335;18.4;13.0
976;2021-07-08;836;636;52284;36971;18.7;13.2
976;2021-07-09;786;519;53070;37490;19.0;13.4
976;2021-07-10;441;319;53511;37809;19.1;13.5
976;2021-07-11;0;0;53511;37809;19.1;13.5
976;2021-07-12;164;170;53675;37979;19.2;13.6
976;2021-07-13;847;1000;54522;38979;19.5;13.9
976;2021-07-14;1;5;54523;38984;19.5;13.9
976;2021-07-15;1221;812;55744;39796;19.9;14.2
976;2021-07-16;1291;656;57035;40452;20.4;14.5
976;2021-07-17;1033;377;58068;40829;20.8;14.6
976;2021-07-18;0;0;58068;40829;20.8;14.6
976;2021-07-19;206;134;58274;40963;20.9;14.7
976;2021-07-20;1155;877;59429;41840;21.3;15.0
976;2021-07-21;34;29;59463;41869;21.3;15.0
976;2021-07-22;1123;666;60586;42535;21.7;15.2
976;2021-07-23;1206;545;61792;43080;22.1;15.4
976;2021-07-24;855;440;62647;43520;22.4;15.6
976;2021-07-25;2;0;62649;43520;22.4;15.6
976;2021-07-26;180;37;62829;43557;22.5;15.6
976;2021-07-27;1139;827;63968;44384;22.9;15.9
976;2021-07-28;1044;634;65012;45018;23.3;16.1
976;2021-07-29;1234;566;66246;45584;23.7;16.3
976;2021-07-30;1218;412;67464;45996;24.1;16.5
976;2021-07-31;760;277;68224;46273;24.4;16.6
976;2021-08-01;5;3;68229;46276;24.4;16.6
976;2021-08-02;344;174;68573;46450;24.5;16.6
976;2021-08-03;1508;935;70081;47385;25.1;17.0
976;2021-08-04;1828;808;71909;48193;25.7;17.2
976;2021-08-05;1466;504;73375;48697;26.3;17.4
976;2021-08-06;1698;509;75073;49206;26.9;17.6
976;2021-08-07;912;358;75985;49564;27.2;17.7
976;2021-08-08;7;1;75992;49565;27.2;17.7
976;2021-08-09;537;236;76529;49801;27.4;17.8
976;2021-08-10;1641;1380;78170;51181;28.0;18.3
976;2021-08-11;2044;1240;80214;52421;28.7;18.8
976;2021-08-12;1714;621;81928;53042;29.3;19.0
976;2021-08-13;1574;536;83502;53578;29.9;19.2
976;2021-08-14;833;458;84335;54036;30.2;19.3
976;2021-08-15;0;0;84335;54036;30.2;19.3
976;2021-08-16;569;291;84904;54327;30.4;19.4
976;2021-08-17;1828;1301;86732;55628;31.0;19.9
976;2021-08-18;2233;1227;88965;56855;31.8;20.3
976;2021-08-19;1981;555;90946;57410;32.5;20.5
976;2021-08-20;1814;552;92760;57962;33.2;20.7
976;2021-08-21;1059;523;93819;58485;33.6;20.9
976;2021-08-22;15;0;93834;58485;33.6;20.9
976;2021-08-23;578;271;94412;58756;33.8;21.0
976;2021-08-24;1064;1009;95476;59765;34.2;21.4
976;2021-08-25;1084;1293;96560;61058;34.6;21.8
976;2021-08-26;913;574;97473;61632;34.9;22.1
976;2021-08-27;741;565;98214;62197;35.1;22.3
976;2021-08-28;472;857;98686;63054;35.3;22.6
976;2021-08-29;0;12;98686;63066;35.3;22.6
976;2021-08-30;160;253;98846;63319;35.4;22.7
976;2021-08-31;655;1159;99501;64478;35.6;23.1
976;2021-09-01;821;1392;100322;65870;35.9;23.6
976;2021-09-02;849;903;101171;66773;36.2;23.9
976;2021-09-03;911;1287;102082;68060;36.5;24.4
976;2021-09-04;433;1000;102515;69060;36.7;24.7
976;2021-09-05;0;1;102515;69061;36.7;24.7
976;2021-09-06;445;397;102960;69458;36.8;24.9
976;2021-09-07;743;699;103703;70157;37.1;25.1
976;2021-09-08;1112;1262;104815;71419;37.5;25.6
976;2021-09-09;890;1009;105705;72428;37.8;25.9
976;2021-09-10;1231;1081;106936;73509;38.3;26.3
976;2021-09-11;535;1033;107471;74542;38.5;26.7
976;2021-09-12;1;32;107472;74574;38.5;26.7
976;2021-09-13;708;616;108180;75190;38.7;26.9
976;2021-09-14;1104;719;109284;75909;39.1;27.2
976;2021-09-15;1689;1185;110973;77094;39.7;27.6
976;2021-09-16;1746;894;112719;77988;40.3;27.9
976;2021-09-17;1848;1063;114567;79051;41.0;28.3
976;2021-09-18;974;781;115541;79832;41.3;28.6
976;2021-09-19;2;52;115543;79884;41.3;28.6
976;2021-09-20;1022;543;116565;80427;41.7;28.8
976;2021-09-21;1666;772;118231;81199;42.3;29.1
976;2021-09-22;1468;967;119699;82166;42.8;29.4
976;2021-09-23;1021;879;120720;83045;43.2;29.7
976;2021-09-24;1088;1011;121808;84056;43.6;30.1
976;2021-09-25;489;479;122297;84535;43.8;30.2
976;2021-09-26;0;21;122297;84556;43.8;30.3
976;2021-09-27;691;423;122988;84979;44.0;30.4
976;2021-09-28;1166;924;124154;85903;44.4;30.7
976;2021-09-29;1331;1059;125485;86962;44.9;31.1
976;2021-09-30;996;688;126481;87650;45.3;31.4
976;2021-10-01;1262;1368;127743;89018;45.7;31.9
976;2021-10-02;456;649;128199;89667;45.9;32.1
976;2021-10-03;0;0;128199;89667;45.9;32.1
976;2021-10-04;744;618;128943;90285;46.1;32.3
976;2021-10-05;780;967;129723;91252;46.4;32.7
976;2021-10-06;1204;1405;130927;92657;46.8;33.2
976;2021-10-07;804;1127;131731;93784;47.1;33.6
976;2021-10-08;1259;1391;132990;95175;47.6;34.1
976;2021-10-09;463;856;133453;96031;47.8;34.4
976;2021-10-10;0;0;133453;96031;47.8;34.4
976;2021-10-11;1042;710;134495;96741;48.1;34.6
976;2021-10-12;1350;1475;135845;98216;48.6;35.1
976;2021-10-13;1475;1731;137320;99947;49.1;35.8
977;2020-12-27;0;0;0;0;0.0;0.0
977;2020-12-28;0;0;0;0;0.0;0.0
977;2020-12-29;0;0;0;0;0.0;0.0
977;2020-12-30;0;0;0;0;0.0;0.0
977;2020-12-31;0;0;0;0;0.0;0.0
977;2021-01-01;0;0;0;0;0.0;0.0
977;2021-01-02;0;0;0;0;0.0;0.0
977;2021-01-03;0;0;0;0;0.0;0.0
977;2021-01-04;0;0;0;0;0.0;0.0
977;2021-01-05;0;0;0;0;0.0;0.0
977;2021-01-06;0;0;0;0;0.0;0.0
977;2021-01-07;0;0;0;0;0.0;0.0
977;2021-01-08;0;0;0;0;0.0;0.0
977;2021-01-09;0;0;0;0;0.0;0.0
977;2021-01-10;0;0;0;0;0.0;0.0
977;2021-01-11;0;0;0;0;0.0;0.0
977;2021-01-12;0;0;0;0;0.0;0.0
977;2021-01-13;0;0;0;0;0.0;0.0
977;2021-01-14;0;0;0;0;0.0;0.0
977;2021-01-15;0;0;0;0;0.0;0.0
977;2021-01-16;0;0;0;0;0.0;0.0
977;2021-01-17;0;0;0;0;0.0;0.0
977;2021-01-18;1;0;1;0;0.0;0.0
977;2021-01-19;0;0;1;0;0.0;0.0
977;2021-01-20;0;0;1;0;0.0;0.0
977;2021-01-21;12;0;13;0;0.1;0.0
977;2021-01-22;12;0;25;0;0.3;0.0
977;2021-01-23;0;0;25;0;0.3;0.0
977;2021-01-24;0;0;25;0;0.3;0.0
977;2021-01-25;0;0;25;0;0.3;0.0
977;2021-01-26;0;0;25;0;0.3;0.0
977;2021-01-27;12;0;37;0;0.4;0.0
977;2021-01-28;1;0;38;0;0.4;0.0
977;2021-01-29;6;0;44;0;0.4;0.0
977;2021-01-30;0;0;44;0;0.4;0.0
977;2021-01-31;0;0;44;0;0.4;0.0
977;2021-02-01;0;0;44;0;0.4;0.0
977;2021-02-02;0;0;44;0;0.4;0.0
977;2021-02-03;11;0;55;0;0.6;0.0
977;2021-02-04;12;0;67;0;0.7;0.0
977;2021-02-05;11;0;78;0;0.8;0.0
977;2021-02-06;0;0;78;0;0.8;0.0
977;2021-02-07;0;0;78;0;0.8;0.0
977;2021-02-08;0;0;78;0;0.8;0.0
977;2021-02-09;14;0;92;0;0.9;0.0
977;2021-02-10;0;0;92;0;0.9;0.0
977;2021-02-11;18;0;110;0;1.1;0.0
977;2021-02-12;46;0;156;0;1.6;0.0
977;2021-02-13;0;0;156;0;1.6;0.0
977;2021-02-14;0;0;156;0;1.6;0.0
977;2021-02-15;0;0;156;0;1.6;0.0
977;2021-02-16;0;0;156;0;1.6;0.0
977;2021-02-17;0;0;156;0;1.6;0.0
977;2021-02-18;19;0;175;0;1.8;0.0
977;2021-02-19;35;0;210;0;2.1;0.0
977;2021-02-20;0;0;210;0;2.1;0.0
977;2021-02-21;0;0;210;0;2.1;0.0
977;2021-02-22;0;0;210;0;2.1;0.0
977;2021-02-23;0;21;210;21;2.1;0.2
977;2021-02-24;0;0;210;21;2.1;0.2
977;2021-02-25;15;9;225;30;2.3;0.3
977;2021-02-26;33;18;258;48;2.6;0.5
977;2021-02-27;0;0;258;48;2.6;0.5
977;2021-02-28;0;0;258;48;2.6;0.5
977;2021-03-01;0;0;258;48;2.6;0.5
977;2021-03-02;19;11;277;59;2.8;0.6
977;2021-03-03;0;0;277;59;2.8;0.6
977;2021-03-04;16;12;293;71;2.9;0.7
977;2021-03-05;35;18;328;89;3.3;0.9
977;2021-03-06;0;0;328;89;3.3;0.9
977;2021-03-07;0;0;328;89;3.3;0.9
977;2021-03-08;0;0;328;89;3.3;0.9
977;2021-03-09;1;0;329;89;3.3;0.9
977;2021-03-10;0;0;329;89;3.3;0.9
977;2021-03-11;20;30;349;119;3.5;1.2
977;2021-03-12;62;42;411;161;4.1;1.6
977;2021-03-13;0;0;411;161;4.1;1.6
977;2021-03-14;0;0;411;161;4.1;1.6
977;2021-03-15;0;0;411;161;4.1;1.6
977;2021-03-16;30;10;441;171;4.4;1.7
977;2021-03-17;0;0;441;171;4.4;1.7
977;2021-03-18;30;16;471;187;4.7;1.9
977;2021-03-19;58;28;529;215;5.3;2.2
977;2021-03-20;0;0;529;215;5.3;2.2
977;2021-03-21;0;0;529;215;5.3;2.2
977;2021-03-22;0;0;529;215;5.3;2.2
977;2021-03-23;0;0;529;215;5.3;2.2
977;2021-03-24;0;0;529;215;5.3;2.2
977;2021-03-25;65;17;594;232;6.0;2.3
977;2021-03-26;73;26;667;258;6.7;2.6
977;2021-03-27;0;0;667;258;6.7;2.6
977;2021-03-28;0;0;667;258;6.7;2.6
977;2021-03-29;0;0;667;258;6.7;2.6
977;2021-03-30;39;17;706;275;7.1;2.8
977;2021-03-31;26;15;732;290;7.3;2.9
977;2021-04-01;25;32;757;322;7.6;3.2
977;2021-04-02;0;0;757;322;7.6;3.2
977;2021-04-03;0;0;757;322;7.6;3.2
977;2021-04-04;0;0;757;322;7.6;3.2
977;2021-04-05;9;0;766;322;7.7;3.2
977;2021-04-06;0;0;766;322;7.7;3.2
977;2021-04-07;0;0;766;322;7.7;3.2
977;2021-04-08;57;46;823;368;8.3;3.7
977;2021-04-09;58;32;881;400;8.8;4.0
977;2021-04-10;0;0;881;400;8.8;4.0
977;2021-04-11;0;0;881;400;8.8;4.0
977;2021-04-12;0;0;881;400;8.8;4.0
977;2021-04-13;0;0;881;400;8.8;4.0
977;2021-04-14;5;5;886;405;8.9;4.1
977;2021-04-15;57;70;943;475;9.5;4.8
977;2021-04-16;89;35;1032;510;10.4;5.1
977;2021-04-17;0;1;1032;511;10.4;5.1
977;2021-04-18;0;0;1032;511;10.4;5.1
977;2021-04-19;1;0;1033;511;10.4;5.1
977;2021-04-20;335;62;1368;573;13.7;5.8
977;2021-04-21;337;30;1705;603;17.1;6.1
977;2021-04-22;284;48;1989;651;20.0;6.5
977;2021-04-23;260;43;2249;694;22.6;7.0
977;2021-04-24;231;1;2480;695;24.9;7.0
977;2021-04-25;0;0;2480;695;24.9;7.0
977;2021-04-26;284;20;2764;715;27.7;7.2
977;2021-04-27;224;68;2988;783;30.0;7.9
977;2021-04-28;192;26;3180;809;31.9;8.1
977;2021-04-29;170;23;3350;832;33.6;8.4
977;2021-04-30;171;17;3521;849;35.3;8.5
977;2021-05-01;202;12;3723;861;37.4;8.6
977;2021-05-02;0;0;3723;861;37.4;8.6
977;2021-05-03;135;9;3858;870;38.7;8.7
977;2021-05-04;161;54;4019;924;40.3;9.3
977;2021-05-05;221;28;4240;952;42.6;9.6
977;2021-05-06;175;34;4415;986;44.3;9.9
977;2021-05-07;149;32;4564;1018;45.8;10.2
977;2021-05-08;1;0;4565;1018;45.8;10.2
977;2021-05-09;0;0;4565;1018;45.8;10.2
977;2021-05-10;0;0;4565;1018;45.8;10.2
977;2021-05-11;3;41;4568;1059;45.9;10.6
977;2021-05-12;6;36;4574;1095;45.9;11.0
977;2021-05-13;0;0;4574;1095;45.9;11.0
977;2021-05-14;28;98;4602;1193;46.2;12.0
977;2021-05-15;0;0;4602;1193;46.2;12.0
977;2021-05-16;1;0;4603;1193;46.2;12.0
977;2021-05-17;1;14;4604;1207;46.2;12.1
977;2021-05-18;17;32;4621;1239;46.4;12.4
977;2021-05-19;1;2;4622;1241;46.4;12.5
977;2021-05-20;0;8;4622;1249;46.4;12.5
977;2021-05-21;12;31;4634;1280;46.5;12.9
977;2021-05-22;0;0;4634;1280;46.5;12.9
977;2021-05-23;0;0;4634;1280;46.5;12.9
977;2021-05-24;0;0;4634;1280;46.5;12.9
977;2021-05-25;50;331;4684;1611;47.0;16.2
977;2021-05-26;54;360;4738;1971;47.6;19.8
977;2021-05-27;34;317;4772;2288;47.9;23.0
977;2021-05-28;27;256;4799;2544;48.2;25.5
977;2021-05-29;35;375;4834;2919;48.5;29.3
977;2021-05-30;1;0;4835;2919;48.5;29.3
977;2021-05-31;45;216;4880;3135;49.0;31.5
977;2021-06-01;48;227;4928;3362;49.5;33.8
977;2021-06-02;69;273;4997;3635;50.2;36.5
977;2021-06-03;43;252;5040;3887;50.6;39.0
977;2021-06-04;82;270;5122;4157;51.4;41.7
977;2021-06-05;1;0;5123;4157;51.4;41.7
977;2021-06-06;0;0;5123;4157;51.4;41.7
977;2021-06-07;1;1;5124;4158;51.4;41.7
977;2021-06-08;8;2;5132;4160;51.5;41.8
977;2021-06-09;0;3;5132;4163;51.5;41.8
977;2021-06-10;8;4;5140;4167;51.6;41.8
977;2021-06-11;4;8;5144;4175;51.6;41.9
977;2021-06-12;15;59;5159;4234;51.8;42.5
977;2021-06-13;0;0;5159;4234;51.8;42.5
977;2021-06-14;0;0;5159;4234;51.8;42.5
977;2021-06-15;0;1;5159;4235;51.8;42.5
977;2021-06-16;0;0;5159;4235;51.8;42.5
977;2021-06-17;2;6;5161;4241;51.8;42.6
977;2021-06-18;0;2;5161;4243;51.8;42.6
977;2021-06-19;25;49;5186;4292;52.1;43.1
977;2021-06-20;0;0;5186;4292;52.1;43.1
977;2021-06-21;1;2;5187;4294;52.1;43.1
977;2021-06-22;9;0;5196;4294;52.2;43.1
977;2021-06-23;15;9;5211;4303;52.3;43.2
977;2021-06-24;10;5;5221;4308;52.4;43.2
977;2021-06-25;0;0;5221;4308;52.4;43.2
977;2021-06-26;25;45;5246;4353;52.7;43.7
977;2021-06-27;0;0;5246;4353;52.7;43.7
977;2021-06-28;0;0;5246;4353;52.7;43.7
977;2021-06-29;0;0;5246;4353;52.7;43.7
977;2021-06-30;0;0;5246;4353;52.7;43.7
977;2021-07-01;28;36;5274;4389;52.9;44.1
977;2021-07-02;26;31;5300;4420;53.2;44.4
977;2021-07-03;30;215;5330;4635;53.5;46.5
977;2021-07-04;0;0;5330;4635;53.5;46.5
977;2021-07-05;4;8;5334;4643;53.5;46.6
977;2021-07-06;0;0;5334;4643;53.5;46.6
977;2021-07-07;8;0;5342;4643;53.6;46.6
977;2021-07-08;33;23;5375;4666;54.0;46.8
977;2021-07-09;23;31;5398;4697;54.2;47.2
977;2021-07-10;33;45;5431;4742;54.5;47.6
977;2021-07-11;0;0;5431;4742;54.5;47.6
977;2021-07-12;0;1;5431;4743;54.5;47.6
977;2021-07-13;10;10;5441;4753;54.6;47.7
977;2021-07-14;0;0;5441;4753;54.6;47.7
977;2021-07-15;1;11;5442;4764;54.6;47.8
977;2021-07-16;44;51;5486;4815;55.1;48.3
977;2021-07-17;34;39;5520;4854;55.4;48.7
977;2021-07-18;1;0;5521;4854;55.4;48.7
977;2021-07-19;3;2;5524;4856;55.5;48.8
977;2021-07-20;3;1;5527;4857;55.5;48.8
977;2021-07-21;33;16;5560;4873;55.8;48.9
977;2021-07-22;36;33;5596;4906;56.2;49.3
977;2021-07-23;32;31;5628;4937;56.5;49.6
977;2021-07-24;42;25;5670;4962;56.9;49.8
977;2021-07-25;0;0;5670;4962;56.9;49.8
977;2021-07-26;13;10;5683;4972;57.1;49.9
977;2021-07-27;0;10;5683;4982;57.1;50.0
977;2021-07-28;31;14;5714;4996;57.4;50.2
977;2021-07-29;33;32;5747;5028;57.7;50.5
977;2021-07-30;31;28;5778;5056;58.0;50.8
977;2021-07-31;53;24;5831;5080;58.5;51.0
977;2021-08-01;0;0;5831;5080;58.5;51.0
977;2021-08-02;11;1;5842;5081;58.6;51.0
977;2021-08-03;0;0;5842;5081;58.6;51.0
977;2021-08-04;40;14;5882;5095;59.1;51.1
977;2021-08-05;28;30;5910;5125;59.3;51.5
977;2021-08-06;35;35;5945;5160;59.7;51.8
977;2021-08-07;56;25;6001;5185;60.2;52.1
977;2021-08-08;0;0;6001;5185;60.2;52.1
977;2021-08-09;7;5;6008;5190;60.3;52.1
977;2021-08-10;15;9;6023;5199;60.5;52.2
977;2021-08-11;36;18;6059;5217;60.8;52.4
977;2021-08-12;24;30;6083;5247;61.1;52.7
977;2021-08-13;32;14;6115;5261;61.4;52.8
977;2021-08-14;20;26;6135;5287;61.6;53.1
977;2021-08-15;0;0;6135;5287;61.6;53.1
977;2021-08-16;14;29;6149;5316;61.7;53.4
977;2021-08-17;15;8;6164;5324;61.9;53.4
977;2021-08-18;25;28;6189;5352;62.1;53.7
977;2021-08-19;31;36;6220;5388;62.4;54.1
977;2021-08-20;27;41;6247;5429;62.7;54.5
977;2021-08-21;35;41;6282;5470;63.1;54.9
977;2021-08-22;6;0;6288;5470;63.1;54.9
977;2021-08-23;3;11;6291;5481;63.2;55.0
977;2021-08-24;8;3;6299;5484;63.2;55.1
977;2021-08-25;20;37;6319;5521;63.4;55.4
977;2021-08-26;27;41;6346;5562;63.7;55.8
977;2021-08-27;27;35;6373;5597;64.0;56.2
977;2021-08-28;27;56;6400;5653;64.3;56.8
977;2021-08-29;0;0;6400;5653;64.3;56.8
977;2021-08-30;1;4;6401;5657;64.3;56.8
977;2021-08-31;1;2;6402;5659;64.3;56.8
977;2021-09-01;10;25;6412;5684;64.4;57.1
977;2021-09-02;22;32;6434;5716;64.6;57.4
977;2021-09-03;26;24;6460;5740;64.9;57.6
977;2021-09-04;37;44;6497;5784;65.2;58.1
977;2021-09-05;0;0;6497;5784;65.2;58.1
977;2021-09-06;4;16;6501;5800;65.3;58.2
977;2021-09-07;1;4;6502;5804;65.3;58.3
977;2021-09-08;12;11;6514;5815;65.4;58.4
977;2021-09-09;20;31;6534;5846;65.6;58.7
977;2021-09-10;7;31;6541;5877;65.7;59.0
977;2021-09-11;36;29;6577;5906;66.0;59.3
977;2021-09-12;0;6;6577;5912;66.0;59.4
977;2021-09-13;4;3;6581;5915;66.1;59.4
977;2021-09-14;1;0;6582;5915;66.1;59.4
977;2021-09-15;12;26;6594;5941;66.2;59.6
977;2021-09-16;15;31;6609;5972;66.3;60.0
977;2021-09-17;10;33;6619;6005;66.4;60.3
977;2021-09-18;20;39;6639;6044;66.6;60.7
977;2021-09-19;0;0;6639;6044;66.6;60.7
977;2021-09-20;0;2;6639;6046;66.6;60.7
977;2021-09-21;0;1;6639;6047;66.6;60.7
977;2021-09-22;12;11;6651;6058;66.8;60.8
977;2021-09-23;7;30;6658;6088;66.8;61.1
977;2021-09-24;0;0;6658;6088;66.8;61.1
977;2021-09-25;11;49;6669;6137;67.0;61.6
977;2021-09-26;0;0;6669;6137;67.0;61.6
977;2021-09-27;0;0;6669;6137;67.0;61.6
977;2021-09-28;0;1;6669;6138;67.0;61.6
977;2021-09-29;5;15;6674;6153;67.0;61.8
977;2021-09-30;18;19;6692;6172;67.2;62.0
977;2021-10-01;0;3;6692;6175;67.2;62.0
977;2021-10-02;10;39;6702;6214;67.3;62.4
977;2021-10-03;0;0;6702;6214;67.3;62.4
977;2021-10-04;0;0;6702;6214;67.3;62.4
977;2021-10-05;0;0;6702;6214;67.3;62.4
977;2021-10-06;15;23;6717;6237;67.4;62.6
977;2021-10-07;25;31;6742;6268;67.7;62.9
977;2021-10-08;3;2;6745;6270;67.7;62.9
977;2021-10-09;5;16;6750;6286;67.8;63.1
977;2021-10-10;0;0;6750;6286;67.8;63.1
977;2021-10-11;0;1;6750;6287;67.8;63.1
977;2021-10-12;0;0;6750;6287;67.8;63.1
977;2021-10-13;7;21;6757;6308;67.8;63.3
978;2020-12-27;0;0;0;0;0.0;0.0
978;2020-12-28;0;0;0;0;0.0;0.0
978;2020-12-29;0;0;0;0;0.0;0.0
978;2020-12-30;0;0;0;0;0.0;0.0
978;2020-12-31;0;0;0;0;0.0;0.0
978;2021-01-01;0;0;0;0;0.0;0.0
978;2021-01-02;0;0;0;0;0.0;0.0
978;2021-01-03;0;0;0;0;0.0;0.0
978;2021-01-04;0;0;0;0;0.0;0.0
978;2021-01-05;0;0;0;0;0.0;0.0
978;2021-01-06;0;0;0;0;0.0;0.0
978;2021-01-07;0;0;0;0;0.0;0.0
978;2021-01-08;0;0;0;0;0.0;0.0
978;2021-01-09;0;0;0;0;0.0;0.0
978;2021-01-10;0;0;0;0;0.0;0.0
978;2021-01-11;0;0;0;0;0.0;0.0
978;2021-01-12;0;0;0;0;0.0;0.0
978;2021-01-13;10;0;10;0;0.0;0.0
978;2021-01-14;12;1;22;1;0.1;0.0
978;2021-01-15;10;0;32;1;0.1;0.0
978;2021-01-16;0;0;32;1;0.1;0.0
978;2021-01-17;0;0;32;1;0.1;0.0
978;2021-01-18;0;0;32;1;0.1;0.0
978;2021-01-19;12;0;44;1;0.1;0.0
978;2021-01-20;13;0;57;1;0.2;0.0
978;2021-01-21;6;0;63;1;0.2;0.0
978;2021-01-22;0;0;63;1;0.2;0.0
978;2021-01-23;0;0;63;1;0.2;0.0
978;2021-01-24;0;0;63;1;0.2;0.0
978;2021-01-25;0;0;63;1;0.2;0.0
978;2021-01-26;9;0;72;1;0.2;0.0
978;2021-01-27;10;0;82;1;0.2;0.0
978;2021-01-28;6;1;88;2;0.2;0.0
978;2021-01-29;0;0;88;2;0.2;0.0
978;2021-01-30;0;0;88;2;0.2;0.0
978;2021-01-31;0;0;88;2;0.2;0.0
978;2021-02-01;1;0;89;2;0.3;0.0
978;2021-02-02;39;0;128;2;0.4;0.0
978;2021-02-03;11;0;139;2;0.4;0.0
978;2021-02-04;32;0;171;2;0.5;0.0
978;2021-02-05;6;0;177;2;0.5;0.0
978;2021-02-06;0;0;177;2;0.5;0.0
978;2021-02-07;0;0;177;2;0.5;0.0
978;2021-02-08;0;0;177;2;0.5;0.0
978;2021-02-09;38;0;215;2;0.6;0.0
978;2021-02-10;27;1;242;3;0.7;0.0
978;2021-02-11;0;0;242;3;0.7;0.0
978;2021-02-12;36;0;278;3;0.8;0.0
978;2021-02-13;0;0;278;3;0.8;0.0
978;2021-02-14;0;0;278;3;0.8;0.0
978;2021-02-15;50;1;328;4;0.9;0.0
978;2021-02-16;0;0;328;4;0.9;0.0
978;2021-02-17;0;0;328;4;0.9;0.0
978;2021-02-18;28;0;356;4;1.0;0.0
978;2021-02-19;44;0;400;4;1.1;0.0
978;2021-02-20;0;0;400;4;1.1;0.0
978;2021-02-21;0;0;400;4;1.1;0.0
978;2021-02-22;45;4;445;8;1.3;0.0
978;2021-02-23;41;29;486;37;1.4;0.1
978;2021-02-24;36;1;522;38;1.5;0.1
978;2021-02-25;55;36;577;74;1.6;0.2
978;2021-02-26;39;5;616;79;1.7;0.2
978;2021-02-27;0;0;616;79;1.7;0.2
978;2021-02-28;0;0;616;79;1.7;0.2
978;2021-03-01;50;5;666;84;1.9;0.2
978;2021-03-02;7;27;673;111;1.9;0.3
978;2021-03-03;53;29;726;140;2.1;0.4
978;2021-03-04;31;26;757;166;2.1;0.5
978;2021-03-05;46;10;803;176;2.3;0.5
978;2021-03-06;0;0;803;176;2.3;0.5
978;2021-03-07;0;0;803;176;2.3;0.5
978;2021-03-08;32;7;835;183;2.4;0.5
978;2021-03-09;21;27;856;210;2.4;0.6
978;2021-03-10;35;28;891;238;2.5;0.7
978;2021-03-11;2;0;893;238;2.5;0.7
978;2021-03-12;53;22;946;260;2.7;0.7
978;2021-03-13;13;0;959;260;2.7;0.7
978;2021-03-14;0;0;959;260;2.7;0.7
978;2021-03-15;31;41;990;301;2.8;0.9
978;2021-03-16;73;6;1063;307;3.0;0.9
978;2021-03-17;67;13;1130;320;3.2;0.9
978;2021-03-18;82;39;1212;359;3.4;1.0
978;2021-03-19;32;50;1244;409;3.5;1.2
978;2021-03-20;0;0;1244;409;3.5;1.2
978;2021-03-21;0;0;1244;409;3.5;1.2
978;2021-03-22;35;45;1279;454;3.6;1.3
978;2021-03-23;30;43;1309;497;3.7;1.4
978;2021-03-24;38;42;1347;539;3.8;1.5
978;2021-03-25;97;34;1444;573;4.1;1.6
978;2021-03-26;45;33;1489;606;4.2;1.7
978;2021-03-27;94;3;1583;609;4.5;1.7
978;2021-03-28;0;0;1583;609;4.5;1.7
978;2021-03-29;69;48;1652;657;4.7;1.9
978;2021-03-30;99;25;1751;682;5.0;1.9
978;2021-03-31;91;49;1842;731;5.2;2.1
978;2021-04-01;57;48;1899;779;5.4;2.2
978;2021-04-02;0;0;1899;779;5.4;2.2
978;2021-04-03;1;0;1900;779;5.4;2.2
978;2021-04-04;0;0;1900;779;5.4;2.2
978;2021-04-05;2;0;1902;779;5.4;2.2
978;2021-04-06;49;63;1951;842;5.5;2.4
978;2021-04-07;93;33;2044;875;5.8;2.5
978;2021-04-08;122;7;2166;882;6.1;2.5
978;2021-04-09;91;40;2257;922;6.4;2.6
978;2021-04-10;170;13;2427;935;6.9;2.6
978;2021-04-11;0;0;2427;935;6.9;2.6
978;2021-04-12;42;75;2469;1010;7.0;2.9
978;2021-04-13;49;71;2518;1081;7.1;3.1
978;2021-04-14;82;45;2600;1126;7.4;3.2
978;2021-04-15;92;22;2692;1148;7.6;3.2
978;2021-04-16;77;43;2769;1191;7.8;3.4
978;2021-04-17;165;5;2934;1196;8.3;3.4
978;2021-04-18;0;0;2934;1196;8.3;3.4
978;2021-04-19;52;67;2986;1263;8.5;3.6
978;2021-04-20;83;27;3069;1290;8.7;3.7
978;2021-04-21;91;28;3160;1318;8.9;3.7
978;2021-04-22;101;20;3261;1338;9.2;3.8
978;2021-04-23;45;66;3306;1404;9.4;4.0
978;2021-04-24;99;78;3405;1482;9.6;4.2
978;2021-04-25;0;0;3405;1482;9.6;4.2
978;2021-04-26;29;91;3434;1573;9.7;4.5
978;2021-04-27;59;63;3493;1636;9.9;4.6
978;2021-04-28;93;40;3586;1676;10.1;4.7
978;2021-04-29;89;31;3675;1707;10.4;4.8
978;2021-04-30;103;14;3778;1721;10.7;4.9
978;2021-05-01;0;8;3778;1729;10.7;4.9
978;2021-05-02;0;0;3778;1729;10.7;4.9
978;2021-05-03;25;99;3803;1828;10.8;5.2
978;2021-05-04;159;102;3962;1930;11.2;5.5
978;2021-05-05;142;59;4104;1989;11.6;5.6
978;2021-05-06;199;49;4303;2038;12.2;5.8
978;2021-05-07;127;71;4430;2109;12.5;6.0
978;2021-05-08;69;122;4499;2231;12.7;6.3
978;2021-05-09;0;0;4499;2231;12.7;6.3
978;2021-05-10;124;100;4623;2331;13.1;6.6
978;2021-05-11;132;72;4755;2403;13.5;6.8
978;2021-05-12;155;78;4910;2481;13.9;7.0
978;2021-05-13;83;6;4993;2487;14.1;7.0
978;2021-05-14;130;62;5123;2549;14.5;7.2
978;2021-05-15;86;4;5209;2553;14.7;7.2
978;2021-05-16;0;0;5209;2553;14.7;7.2
978;2021-05-17;146;115;5355;2668;15.2;7.6
978;2021-05-18;151;94;5506;2762;15.6;7.8
978;2021-05-19;84;69;5590;2831;15.8;8.0
978;2021-05-20;104;26;5694;2857;16.1;8.1
978;2021-05-21;98;52;5792;2909;16.4;8.2
978;2021-05-22;99;11;5891;2920;16.7;8.3
978;2021-05-23;0;0;5891;2920;16.7;8.3
978;2021-05-24;33;7;5924;2927;16.8;8.3
978;2021-05-25;119;78;6043;3005;17.1;8.5
978;2021-05-26;108;49;6151;3054;17.4;8.6
978;2021-05-27;112;42;6263;3096;17.7;8.8
978;2021-05-28;33;1;6296;3097;17.8;8.8
978;2021-05-29;60;213;6356;3310;18.0;9.4
978;2021-05-30;0;0;6356;3310;18.0;9.4
978;2021-05-31;111;63;6467;3373;18.3;9.5
978;2021-06-01;116;62;6583;3435;18.6;9.7
978;2021-06-02;131;33;6714;3468;19.0;9.8
978;2021-06-03;101;38;6815;3506;19.3;9.9
978;2021-06-04;128;70;6943;3576;19.6;10.1
978;2021-06-05;83;21;7026;3597;19.9;10.2
978;2021-06-06;0;0;7026;3597;19.9;10.2
978;2021-06-07;96;96;7122;3693;20.2;10.5
978;2021-06-08;82;89;7204;3782;20.4;10.7
978;2021-06-09;99;73;7303;3855;20.7;10.9
978;2021-06-10;112;63;7415;3918;21.0;11.1
978;2021-06-11;116;106;7531;4024;21.3;11.4
978;2021-06-12;57;30;7588;4054;21.5;11.5
978;2021-06-13;0;0;7588;4054;21.5;11.5
978;2021-06-14;105;127;7693;4181;21.8;11.8
978;2021-06-15;88;120;7781;4301;22.0;12.2
978;2021-06-16;105;148;7886;4449;22.3;12.6
978;2021-06-17;85;72;7971;4521;22.6;12.8
978;2021-06-18;67;98;8038;4619;22.7;13.1
978;2021-06-19;65;79;8103;4698;22.9;13.3
978;2021-06-20;0;0;8103;4698;22.9;13.3
978;2021-06-21;78;150;8181;4848;23.2;13.7
978;2021-06-22;71;103;8252;4951;23.4;14.0
978;2021-06-23;68;115;8320;5066;23.5;14.3
978;2021-06-24;43;75;8363;5141;23.7;14.5
978;2021-06-25;64;100;8427;5241;23.8;14.8
978;2021-06-26;35;61;8462;5302;23.9;15.0
978;2021-06-27;0;0;8462;5302;23.9;15.0
978;2021-06-28;73;131;8535;5433;24.2;15.4
978;2021-06-29;62;104;8597;5537;24.3;15.7
978;2021-06-30;56;110;8653;5647;24.5;16.0
978;2021-07-01;42;87;8695;5734;24.6;16.2
978;2021-07-02;52;90;8747;5824;24.8;16.5
978;2021-07-03;40;90;8787;5914;24.9;16.7
978;2021-07-04;0;1;8787;5915;24.9;16.7
978;2021-07-05;67;93;8854;6008;25.1;17.0
978;2021-07-06;55;74;8909;6082;25.2;17.2
978;2021-07-07;55;123;8964;6205;25.4;17.6
978;2021-07-08;54;107;9018;6312;25.5;17.9
978;2021-07-09;45;92;9063;6404;25.6;18.1
978;2021-07-10;38;85;9101;6489;25.8;18.4
978;2021-07-11;0;4;9101;6493;25.8;18.4
978;2021-07-12;71;130;9172;6623;26.0;18.7
978;2021-07-13;146;162;9318;6785;26.4;19.2
978;2021-07-14;3;0;9321;6785;26.4;19.2
978;2021-07-15;161;195;9482;6980;26.8;19.8
978;2021-07-16;113;113;9595;7093;27.2;20.1
978;2021-07-17;52;100;9647;7193;27.3;20.4
978;2021-07-18;0;0;9647;7193;27.3;20.4
978;2021-07-19;99;133;9746;7326;27.6;20.7
978;2021-07-20;80;74;9826;7400;27.8;20.9
978;2021-07-21;63;50;9889;7450;28.0;21.1
978;2021-07-22;97;114;9986;7564;28.3;21.4
978;2021-07-23;67;98;10053;7662;28.5;21.7
978;2021-07-24;20;35;10073;7697;28.5;21.8
978;2021-07-25;0;0;10073;7697;28.5;21.8
978;2021-07-26;100;116;10173;7813;28.8;22.1
978;2021-07-27;72;144;10245;7957;29.0;22.5
978;2021-07-28;72;126;10317;8083;29.2;22.9
978;2021-07-29;80;98;10397;8181;29.4;23.2
978;2021-07-30;82;115;10479;8296;29.7;23.5
978;2021-07-31;49;68;10528;8364;29.8;23.7
978;2021-08-01;0;0;10528;8364;29.8;23.7
978;2021-08-02;65;95;10593;8459;30.0;23.9
978;2021-08-03;60;94;10653;8553;30.1;24.2
978;2021-08-04;64;55;10717;8608;30.3;24.4
978;2021-08-05;48;70;10765;8678;30.5;24.6
978;2021-08-06;73;127;10838;8805;30.7;24.9
978;2021-08-07;44;46;10882;8851;30.8;25.0
978;2021-08-08;0;0;10882;8851;30.8;25.0
978;2021-08-09;138;150;11020;9001;31.2;25.5
978;2021-08-10;81;93;11101;9094;31.4;25.7
978;2021-08-11;106;99;11207;9193;31.7;26.0
978;2021-08-12;99;99;11306;9292;32.0;26.3
978;2021-08-13;132;75;11438;9367;32.4;26.5
978;2021-08-14;74;100;11512;9467;32.6;26.8
978;2021-08-15;0;0;11512;9467;32.6;26.8
978;2021-08-16;45;72;11557;9539;32.7;27.0
978;2021-08-17;33;33;11590;9572;32.8;27.1
978;2021-08-18;35;55;11625;9627;32.9;27.2
978;2021-08-19;34;26;11659;9653;33.0;27.3
978;2021-08-20;46;61;11705;9714;33.1;27.5
978;2021-08-21;0;0;11705;9714;33.1;27.5
978;2021-08-22;0;0;11705;9714;33.1;27.5
978;2021-08-23;51;87;11756;9801;33.3;27.7
978;2021-08-24;31;53;11787;9854;33.4;27.9
978;2021-08-25;26;51;11813;9905;33.4;28.0
978;2021-08-26;31;26;11844;9931;33.5;28.1
978;2021-08-27;47;88;11891;10019;33.7;28.4
978;2021-08-28;3;0;11894;10019;33.7;28.4
978;2021-08-29;0;0;11894;10019;33.7;28.4
978;2021-08-30;39;113;11933;10132;33.8;28.7
978;2021-08-31;46;80;11979;10212;33.9;28.9
978;2021-09-01;31;84;12010;10296;34.0;29.1
978;2021-09-02;39;70;12049;10366;34.1;29.3
978;2021-09-03;16;94;12065;10460;34.1;29.6
978;2021-09-04;0;0;12065;10460;34.1;29.6
978;2021-09-05;0;0;12065;10460;34.1;29.6
978;2021-09-06;32;77;12097;10537;34.2;29.8
978;2021-09-07;37;45;12134;10582;34.3;29.9
978;2021-09-08;21;42;12155;10624;34.4;30.1
978;2021-09-09;21;51;12176;10675;34.5;30.2
978;2021-09-10;43;75;12219;10750;34.6;30.4
978;2021-09-11;1;0;12220;10750;34.6;30.4
978;2021-09-12;5;1;12225;10751;34.6;30.4
978;2021-09-13;34;53;12259;10804;34.7;30.6
978;2021-09-14;23;27;12282;10831;34.8;30.7
978;2021-09-15;25;43;12307;10874;34.8;30.8
978;2021-09-16;8;33;12315;10907;34.9;30.9
978;2021-09-17;13;45;12328;10952;34.9;31.0
978;2021-09-18;0;0;12328;10952;34.9;31.0
978;2021-09-19;0;0;12328;10952;34.9;31.0
978;2021-09-20;13;35;12341;10987;34.9;31.1
978;2021-09-21;15;37;12356;11024;35.0;31.2
978;2021-09-22;13;34;12369;11058;35.0;31.3
978;2021-09-23;26;41;12395;11099;35.1;31.4
978;2021-09-24;19;27;12414;11126;35.1;31.5
978;2021-09-25;0;1;12414;11127;35.1;31.5
978;2021-09-26;0;0;12414;11127;35.1;31.5
978;2021-09-27;11;31;12425;11158;35.2;31.6
978;2021-09-28;19;25;12444;11183;35.2;31.6
978;2021-09-29;20;25;12464;11208;35.3;31.7
978;2021-09-30;23;23;12487;11231;35.3;31.8
978;2021-10-01;25;37;12512;11268;35.4;31.9
978;2021-10-02;0;0;12512;11268;35.4;31.9
978;2021-10-03;0;0;12512;11268;35.4;31.9
978;2021-10-04;22;27;12534;11295;35.5;32.0
978;2021-10-05;15;16;12549;11311;35.5;32.0
978;2021-10-06;12;16;12561;11327;35.5;32.1
978;2021-10-07;11;15;12572;11342;35.6;32.1
978;2021-10-08;16;15;12588;11357;35.6;32.1
978;2021-10-09;0;0;12588;11357;35.6;32.1
978;2021-10-10;0;0;12588;11357;35.6;32.1
978;2021-10-11;25;22;12613;11379;35.7;32.2
978;2021-10-12;24;29;12637;11408;35.8;32.3
978;2021-10-13;13;18;12650;11426;35.8;32.3
