dep;jour;n_dose1;n_complet;n_cum_dose1;n_cum_complet;couv_dose1;couv_complet
01;2020-12-27;1;0;1;0;0.0;0.0
01;2020-12-28;0;0;1;0;0.0;0.0
01;2020-12-29;0;0;1;0;0.0;0.0
01;2020-12-30;0;0;1;0;0.0;0.0
01;2020-12-31;0;0;1;0;0.0;0.0
01;2021-01-01;2;0;3;0;0.0;0.0
01;2021-01-02;0;0;3;0;0.0;0.0
01;2021-01-03;0;0;3;0;0.0;0.0
01;2021-01-04;2;0;5;0;0.0;0.0
01;2021-01-05;2;0;7;0;0.0;0.0
01;2021-01-06;1;0;8;0;0.0;0.0
01;2021-01-07;67;0;75;0;0.0;0.0
01;2021-01-08;159;0;234;0;0.0;0.0
01;2021-01-09;2;1;236;1;0.0;0.0
01;2021-01-10;0;0;236;1;0.0;0.0
01;2021-01-11;148;0;384;1;0.1;0.0
01;2021-01-12;317;2;701;3;0.1;0.0
01;2021-01-13;444;1;1145;4;0.2;0.0
01;2021-01-14;530;3;1675;7;0.3;0.0
01;2021-01-15;398;3;2073;10;0.3;0.0
01;2021-01-16;202;0;2275;10;0.3;0.0
01;2021-01-17;128;0;2403;10;0.4;0.0
01;2021-01-18;379;1;2782;11;0.4;0.0
01;2021-01-19;1041;1;3823;12;0.6;0.0
01;2021-01-20;1262;2;5085;14;0.8;0.0
01;2021-01-21;1099;4;6184;18;0.9;0.0
01;2021-01-22;649;0;6833;18;1.0;0.0
01;2021-01-23;222;0;7055;18;1.1;0.0
01;2021-01-24;71;1;7126;19;1.1;0.0
01;2021-01-25;485;1;7611;20;1.2;0.0
01;2021-01-26;741;3;8352;23;1.3;0.0
01;2021-01-27;517;3;8869;26;1.4;0.0
01;2021-01-28;682;51;9551;77;1.5;0.0
01;2021-01-29;637;98;10188;175;1.6;0.0
01;2021-01-30;237;15;10425;190;1.6;0.0
01;2021-01-31;62;0;10487;190;1.6;0.0
01;2021-02-01;458;70;10945;260;1.7;0.0
01;2021-02-02;518;171;11463;431;1.7;0.1
01;2021-02-03;374;232;11837;663;1.8;0.1
01;2021-02-04;480;372;12317;1035;1.9;0.2
01;2021-02-05;441;237;12758;1272;1.9;0.2
01;2021-02-06;261;105;13019;1377;2.0;0.2
01;2021-02-07;2;93;13021;1470;2.0;0.2
01;2021-02-08;505;325;13526;1795;2.1;0.3
01;2021-02-09;775;734;14301;2529;2.2;0.4
01;2021-02-10;953;622;15254;3151;2.3;0.5
01;2021-02-11;792;684;16046;3835;2.4;0.6
01;2021-02-12;639;481;16685;4316;2.5;0.7
01;2021-02-13;161;99;16846;4415;2.6;0.7
01;2021-02-14;0;9;16846;4424;2.6;0.7
01;2021-02-15;437;377;17283;4801;2.6;0.7
01;2021-02-16;660;339;17943;5140;2.7;0.8
01;2021-02-17;520;224;18463;5364;2.8;0.8
01;2021-02-18;589;498;19052;5862;2.9;0.9
01;2021-02-19;580;203;19632;6065;3.0;0.9
01;2021-02-20;201;124;19833;6189;3.0;0.9
01;2021-02-21;0;1;19833;6190;3.0;0.9
01;2021-02-22;428;447;20261;6637;3.1;1.0
01;2021-02-23;482;421;20743;7058;3.2;1.1
01;2021-02-24;433;369;21176;7427;3.2;1.1
01;2021-02-25;827;514;22003;7941;3.3;1.2
01;2021-02-26;874;435;22877;8376;3.5;1.3
01;2021-02-27;480;102;23357;8478;3.6;1.3
01;2021-02-28;20;3;23377;8481;3.6;1.3
01;2021-03-01;630;380;24007;8861;3.7;1.3
01;2021-03-02;963;479;24970;9340;3.8;1.4
01;2021-03-03;939;594;25909;9934;3.9;1.5
01;2021-03-04;1198;552;27107;10486;4.1;1.6
01;2021-03-05;1354;435;28461;10921;4.3;1.7
01;2021-03-06;781;91;29242;11012;4.5;1.7
01;2021-03-07;43;1;29285;11013;4.5;1.7
01;2021-03-08;669;569;29954;11582;4.6;1.8
01;2021-03-09;1340;536;31294;12118;4.8;1.8
01;2021-03-10;1160;536;32454;12654;4.9;1.9
01;2021-03-11;1686;605;34140;13259;5.2;2.0
01;2021-03-12;2004;604;36144;13863;5.5;2.1
01;2021-03-13;1502;95;37646;13958;5.7;2.1
01;2021-03-14;132;59;37778;14017;5.8;2.1
01;2021-03-15;1157;392;38935;14409;5.9;2.2
01;2021-03-16;1012;550;39947;14959;6.1;2.3
01;2021-03-17;839;335;40786;15294;6.2;2.3
01;2021-03-18;1294;463;42080;15757;6.4;2.4
01;2021-03-19;1748;527;43828;16284;6.7;2.5
01;2021-03-20;1447;133;45275;16417;6.9;2.5
01;2021-03-21;97;11;45372;16428;6.9;2.5
01;2021-03-22;1576;485;46948;16913;7.1;2.6
01;2021-03-23;2197;640;49145;17553;7.5;2.7
01;2021-03-24;1615;413;50760;17966;7.7;2.7
01;2021-03-25;2910;633;53670;18599;8.2;2.8
01;2021-03-26;2872;612;56542;19211;8.6;2.9
01;2021-03-27;1311;158;57853;19369;8.8;2.9
01;2021-03-28;22;1;57875;19370;8.8;2.9
01;2021-03-29;1930;537;59805;19907;9.1;3.0
01;2021-03-30;2516;765;62321;20672;9.5;3.1
01;2021-03-31;1868;622;64189;21294;9.8;3.2
01;2021-04-01;2571;852;66760;22146;10.2;3.4
01;2021-04-02;2818;722;69578;22868;10.6;3.5
01;2021-04-03;1256;134;70834;23002;10.8;3.5
01;2021-04-04;3;0;70837;23002;10.8;3.5
01;2021-04-05;1261;65;72098;23067;11.0;3.5
01;2021-04-06;2823;792;74921;23859;11.4;3.6
01;2021-04-07;2740;706;77661;24565;11.8;3.7
01;2021-04-08;3243;994;80904;25559;12.3;3.9
01;2021-04-09;3988;1333;84892;26892;12.9;4.1
01;2021-04-10;1824;301;86716;27193;13.2;4.1
01;2021-04-11;44;22;86760;27215;13.2;4.1
01;2021-04-12;2716;1222;89476;28437;13.6;4.3
01;2021-04-13;2944;1323;92420;29760;14.1;4.5
01;2021-04-14;3127;1082;95547;30842;14.5;4.7
01;2021-04-15;3073;1474;98620;32316;15.0;4.9
01;2021-04-16;2861;1576;101481;33892;15.4;5.2
01;2021-04-17;1654;682;103135;34574;15.7;5.3
01;2021-04-18;13;0;103148;34574;15.7;5.3
01;2021-04-19;2040;1520;105188;36094;16.0;5.5
01;2021-04-20;2664;1570;107852;37664;16.4;5.7
01;2021-04-21;2688;1348;110540;39012;16.8;5.9
01;2021-04-22;2835;1532;113375;40544;17.3;6.2
01;2021-04-23;2764;1532;116139;42076;17.7;6.4
01;2021-04-24;1447;652;117586;42728;17.9;6.5
01;2021-04-25;9;0;117595;42728;17.9;6.5
01;2021-04-26;1970;1730;119565;44458;18.2;6.8
01;2021-04-27;2573;1552;122138;46010;18.6;7.0
01;2021-04-28;2502;1567;124640;47577;19.0;7.2
01;2021-04-29;2714;1759;127354;49336;19.4;7.5
01;2021-04-30;2983;2241;130337;51577;19.8;7.9
01;2021-05-01;1473;855;131810;52432;20.1;8.0
01;2021-05-02;546;76;132356;52508;20.1;8.0
01;2021-05-03;2295;2477;134651;54985;20.5;8.4
01;2021-05-04;2540;2634;137191;57619;20.9;8.8
01;2021-05-05;2528;2497;139719;60116;21.3;9.2
01;2021-05-06;2996;2527;142715;62643;21.7;9.5
01;2021-05-07;3218;2775;145933;65418;22.2;10.0
01;2021-05-08;1646;923;147579;66341;22.5;10.1
01;2021-05-09;1023;162;148602;66503;22.6;10.1
01;2021-05-10;2501;3066;151103;69569;23.0;10.6
01;2021-05-11;3581;3055;154684;72624;23.5;11.1
01;2021-05-12;3652;3002;158336;75626;24.1;11.5
01;2021-05-13;4088;1501;162424;77127;24.7;11.7
01;2021-05-14;4270;2344;166694;79471;25.4;12.1
01;2021-05-15;3158;1435;169852;80906;25.9;12.3
01;2021-05-16;1413;150;171265;81056;26.1;12.3
01;2021-05-17;3445;2469;174710;83525;26.6;12.7
01;2021-05-18;4073;1957;178783;85482;27.2;13.0
01;2021-05-19;3974;1900;182757;87382;27.8;13.3
01;2021-05-20;4530;2011;187287;89393;28.5;13.6
01;2021-05-21;4621;2193;191908;91586;29.2;13.9
01;2021-05-22;3368;951;195276;92537;29.7;14.1
01;2021-05-23;834;83;196110;92620;29.9;14.1
01;2021-05-24;2765;500;198875;93120;30.3;14.2
01;2021-05-25;3559;2428;202434;95548;30.8;14.5
01;2021-05-26;3571;2245;206005;97793;31.4;14.9
01;2021-05-27;3854;2096;209859;99889;31.9;15.2
01;2021-05-28;3665;2630;213524;102519;32.5;15.6
01;2021-05-29;3060;1297;216584;103816;33.0;15.8
01;2021-05-30;613;88;217197;103904;33.1;15.8
01;2021-05-31;2406;2516;219603;106420;33.4;16.2
01;2021-06-01;2770;2583;222373;109003;33.8;16.6
01;2021-06-02;2884;2201;225257;111204;34.3;16.9
01;2021-06-03;3365;2438;228622;113642;34.8;17.3
01;2021-06-04;4501;3369;233123;117011;35.5;17.8
01;2021-06-05;3253;1733;236376;118744;36.0;18.1
01;2021-06-06;670;78;237046;118822;36.1;18.1
01;2021-06-07;3389;2875;240435;121697;36.6;18.5
01;2021-06-08;3650;2719;244085;124416;37.2;18.9
01;2021-06-09;2949;2634;247034;127050;37.6;19.3
01;2021-06-10;2768;2038;249802;129088;38.0;19.6
01;2021-06-11;3071;3362;252873;132450;38.5;20.2
01;2021-06-12;2402;2197;255275;134647;38.9;20.5
01;2021-06-13;200;479;255475;135126;38.9;20.6
01;2021-06-14;2122;3165;257597;138291;39.2;21.1
01;2021-06-15;2004;3368;259601;141659;39.5;21.6
01;2021-06-16;2180;3290;261781;144949;39.8;22.1
01;2021-06-17;1958;3174;263739;148123;40.1;22.5
01;2021-06-18;2645;4163;266384;152286;40.5;23.2
01;2021-06-19;1728;2558;268112;154844;40.8;23.6
01;2021-06-20;159;498;268271;155342;40.8;23.6
01;2021-06-21;1799;3703;270070;159045;41.1;24.2
01;2021-06-22;1552;4000;271622;163045;41.3;24.8
01;2021-06-23;1584;3756;273206;166801;41.6;25.4
01;2021-06-24;1471;3565;274677;170366;41.8;25.9
01;2021-06-25;1889;4563;276566;174929;42.1;26.6
01;2021-06-26;1210;2946;277776;177875;42.3;27.1
01;2021-06-27;170;339;277946;178214;42.3;27.1
01;2021-06-28;1385;4024;279331;182238;42.5;27.7
01;2021-06-29;1413;3847;280744;186085;42.7;28.3
01;2021-06-30;1379;4158;282123;190243;42.9;29.0
01;2021-07-01;1432;4089;283555;194332;43.2;29.6
01;2021-07-02;1589;4986;285144;199318;43.4;30.3
01;2021-07-03;858;3376;286002;202694;43.5;30.9
01;2021-07-04;105;499;286107;203193;43.6;30.9
01;2021-07-05;1488;4082;287595;207275;43.8;31.6
01;2021-07-06;1105;4276;288700;211551;43.9;32.2
01;2021-07-07;1757;3697;290457;215248;44.2;32.8
01;2021-07-08;1475;3676;291932;218924;44.4;33.3
01;2021-07-09;1885;4361;293817;223285;44.7;34.0
01;2021-07-10;1120;3439;294937;226724;44.9;34.5
01;2021-07-11;105;418;295042;227142;44.9;34.6
01;2021-07-12;1422;3842;296464;230984;45.1;35.2
01;2021-07-13;2058;4117;298522;235101;45.4;35.8
01;2021-07-14;148;179;298670;235280;45.5;35.8
01;2021-07-15;3091;4190;301761;239470;45.9;36.5
01;2021-07-16;3747;4841;305508;244311;46.5;37.2
01;2021-07-17;2204;3047;307712;247358;46.8;37.7
01;2021-07-18;289;551;308001;247909;46.9;37.7
01;2021-07-19;2915;3867;310916;251776;47.3;38.3
01;2021-07-20;3298;3690;314214;255466;47.8;38.9
01;2021-07-21;3936;3563;318150;259029;48.4;39.4
01;2021-07-22;4219;3495;322369;262524;49.1;40.0
01;2021-07-23;3941;4220;326310;266744;49.7;40.6
01;2021-07-24;2732;2712;329042;269456;50.1;41.0
01;2021-07-25;61;59;329103;269515;50.1;41.0
01;2021-07-26;3348;3239;332451;272754;50.6;41.5
01;2021-07-27;4103;2788;336554;275542;51.2;41.9
01;2021-07-28;3990;2651;340544;278193;51.8;42.3
01;2021-07-29;4697;2437;345241;280630;52.6;42.7
01;2021-07-30;4455;3430;349696;284060;53.2;43.2
01;2021-07-31;3642;1773;353338;285833;53.8;43.5
01;2021-08-01;397;74;353735;285907;53.8;43.5
01;2021-08-02;3081;2452;356816;288359;54.3;43.9
01;2021-08-03;3071;2451;359887;290810;54.8;44.3
01;2021-08-04;2542;1734;362429;292544;55.2;44.5
01;2021-08-05;2243;2361;364672;294905;55.5;44.9
01;2021-08-06;2749;3111;367421;298016;55.9;45.4
01;2021-08-07;2073;1836;369494;299852;56.2;45.6
01;2021-08-08;246;261;369740;300113;56.3;45.7
01;2021-08-09;1135;2633;370875;302746;56.5;46.1
01;2021-08-10;1449;2414;372324;305160;56.7;46.5
01;2021-08-11;1472;2594;373796;307754;56.9;46.8
01;2021-08-12;1625;2825;375421;310579;57.1;47.3
01;2021-08-13;1815;2725;377236;313304;57.4;47.7
01;2021-08-14;1394;2234;378630;315538;57.6;48.0
01;2021-08-15;14;21;378644;315559;57.6;48.0
01;2021-08-16;979;3012;379623;318571;57.8;48.5
01;2021-08-17;1352;2760;380975;321331;58.0;48.9
01;2021-08-18;1255;2904;382230;324235;58.2;49.4
01;2021-08-19;1301;2424;383531;326659;58.4;49.7
01;2021-08-20;1456;3949;384987;330608;58.6;50.3
01;2021-08-21;881;2847;385868;333455;58.7;50.8
01;2021-08-22;19;20;385887;333475;58.7;50.8
01;2021-08-23;1116;3019;387003;336494;58.9;51.2
01;2021-08-24;1224;3146;388227;339640;59.1;51.7
01;2021-08-25;1121;2990;389348;342630;59.3;52.2
01;2021-08-26;1640;2734;390988;345364;59.5;52.6
01;2021-08-27;1635;3647;392623;349011;59.8;53.1
01;2021-08-28;1040;2589;393663;351600;59.9;53.5
01;2021-08-29;16;31;393679;351631;59.9;53.5
01;2021-08-30;1181;2733;394860;354364;60.1;53.9
01;2021-08-31;1088;1944;395948;356308;60.3;54.2
01;2021-09-01;908;1869;396856;358177;60.4;54.5
01;2021-09-02;797;1758;397653;359935;60.5;54.8
01;2021-09-03;1129;2399;398782;362334;60.7;55.2
01;2021-09-04;795;2003;399577;364337;60.8;55.5
01;2021-09-05;97;81;399674;364418;60.8;55.5
01;2021-09-06;647;1398;400321;365816;60.9;55.7
01;2021-09-07;575;1201;400896;367017;61.0;55.9
01;2021-09-08;811;1577;401707;368594;61.1;56.1
01;2021-09-09;739;1274;402446;369868;61.3;56.3
01;2021-09-10;1035;1813;403481;371681;61.4;56.6
01;2021-09-11;734;1493;404215;373174;61.5;56.8
01;2021-09-12;22;41;404237;373215;61.5;56.8
01;2021-09-13;573;1342;404810;374557;61.6;57.0
01;2021-09-14;610;1406;405420;375963;61.7;57.2
02;2020-12-27;0;0;0;0;0.0;0.0
02;2020-12-28;0;0;0;0;0.0;0.0
02;2020-12-29;0;0;0;0;0.0;0.0
02;2020-12-30;0;0;0;0;0.0;0.0
02;2020-12-31;0;0;0;0;0.0;0.0
02;2021-01-01;0;0;0;0;0.0;0.0
02;2021-01-02;0;0;0;0;0.0;0.0
02;2021-01-03;0;0;0;0;0.0;0.0
02;2021-01-04;0;0;0;0;0.0;0.0
02;2021-01-05;0;0;0;0;0.0;0.0
02;2021-01-06;22;0;22;0;0.0;0.0
02;2021-01-07;261;2;283;2;0.1;0.0
02;2021-01-08;489;3;772;5;0.1;0.0
02;2021-01-09;74;0;846;5;0.2;0.0
02;2021-01-10;49;0;895;5;0.2;0.0
02;2021-01-11;267;0;1162;5;0.2;0.0
02;2021-01-12;355;1;1517;6;0.3;0.0
02;2021-01-13;468;4;1985;10;0.4;0.0
02;2021-01-14;651;11;2636;21;0.5;0.0
02;2021-01-15;631;6;3267;27;0.6;0.0
02;2021-01-16;333;4;3600;31;0.7;0.0
02;2021-01-17;62;0;3662;31;0.7;0.0
02;2021-01-18;811;8;4473;39;0.9;0.0
02;2021-01-19;942;5;5415;44;1.0;0.0
02;2021-01-20;1430;5;6845;49;1.3;0.0
02;2021-01-21;2602;5;9447;54;1.8;0.0
02;2021-01-22;1421;5;10868;59;2.1;0.0
02;2021-01-23;291;1;11159;60;2.1;0.0
02;2021-01-24;67;0;11226;60;2.1;0.0
02;2021-01-25;432;8;11658;68;2.2;0.0
02;2021-01-26;704;14;12362;82;2.3;0.0
02;2021-01-27;162;2;12524;84;2.4;0.0
02;2021-01-28;69;226;12593;310;2.4;0.1
02;2021-01-29;119;374;12712;684;2.4;0.1
02;2021-01-30;4;13;12716;697;2.4;0.1
02;2021-01-31;0;10;12716;707;2.4;0.1
02;2021-02-01;11;199;12727;906;2.4;0.2
02;2021-02-02;45;313;12772;1219;2.4;0.2
02;2021-02-03;124;305;12896;1524;2.5;0.3
02;2021-02-04;227;323;13123;1847;2.5;0.4
02;2021-02-05;178;364;13301;2211;2.5;0.4
02;2021-02-06;68;149;13369;2360;2.5;0.4
02;2021-02-07;9;0;13378;2360;2.5;0.4
02;2021-02-08;305;391;13683;2751;2.6;0.5
02;2021-02-09;322;600;14005;3351;2.7;0.6
02;2021-02-10;485;935;14490;4286;2.8;0.8
02;2021-02-11;936;1725;15426;6011;2.9;1.1
02;2021-02-12;885;1011;16311;7022;3.1;1.3
02;2021-02-13;290;111;16601;7133;3.2;1.4
02;2021-02-14;1;5;16602;7138;3.2;1.4
02;2021-02-15;344;514;16946;7652;3.2;1.5
02;2021-02-16;413;425;17359;8077;3.3;1.5
02;2021-02-17;499;488;17858;8565;3.4;1.6
02;2021-02-18;507;356;18365;8921;3.5;1.7
02;2021-02-19;444;463;18809;9384;3.6;1.8
02;2021-02-20;372;194;19181;9578;3.6;1.8
02;2021-02-21;39;17;19220;9595;3.7;1.8
02;2021-02-22;377;254;19597;9849;3.7;1.9
02;2021-02-23;432;296;20029;10145;3.8;1.9
02;2021-02-24;600;126;20629;10271;3.9;2.0
02;2021-02-25;870;122;21499;10393;4.1;2.0
02;2021-02-26;808;72;22307;10465;4.2;2.0
02;2021-02-27;445;14;22752;10479;4.3;2.0
02;2021-02-28;55;2;22807;10481;4.3;2.0
02;2021-03-01;638;23;23445;10504;4.5;2.0
02;2021-03-02;1032;122;24477;10626;4.7;2.0
02;2021-03-03;754;199;25231;10825;4.8;2.1
02;2021-03-04;1162;608;26393;11433;5.0;2.2
02;2021-03-05;1048;494;27441;11927;5.2;2.3
02;2021-03-06;2140;95;29581;12022;5.6;2.3
02;2021-03-07;1505;50;31086;12072;5.9;2.3
02;2021-03-08;574;337;31660;12409;6.0;2.4
02;2021-03-09;998;370;32658;12779;6.2;2.4
02;2021-03-10;895;434;33553;13213;6.4;2.5
02;2021-03-11;1294;380;34847;13593;6.6;2.6
02;2021-03-12;1705;388;36552;13981;6.9;2.7
02;2021-03-13;2592;239;39144;14220;7.4;2.7
02;2021-03-14;1457;43;40601;14263;7.7;2.7
02;2021-03-15;612;442;41213;14705;7.8;2.8
02;2021-03-16;863;399;42076;15104;8.0;2.9
02;2021-03-17;759;434;42835;15538;8.1;3.0
02;2021-03-18;608;607;43443;16145;8.3;3.1
02;2021-03-19;1172;293;44615;16438;8.5;3.1
02;2021-03-20;2430;157;47045;16595;8.9;3.2
02;2021-03-21;1488;82;48533;16677;9.2;3.2
02;2021-03-22;762;484;49295;17161;9.4;3.3
02;2021-03-23;1194;542;50489;17703;9.6;3.4
02;2021-03-24;1582;498;52071;18201;9.9;3.5
02;2021-03-25;1694;589;53765;18790;10.2;3.6
02;2021-03-26;2412;491;56177;19281;10.7;3.7
02;2021-03-27;2495;138;58672;19419;11.2;3.7
02;2021-03-28;638;14;59310;19433;11.3;3.7
02;2021-03-29;1038;850;60348;20283;11.5;3.9
02;2021-03-30;1554;840;61902;21123;11.8;4.0
02;2021-03-31;1299;712;63201;21835;12.0;4.2
02;2021-04-01;1290;860;64491;22695;12.3;4.3
02;2021-04-02;1184;1222;65675;23917;12.5;4.5
02;2021-04-03;2646;848;68321;24765;13.0;4.7
02;2021-04-04;727;240;69048;25005;13.1;4.8
02;2021-04-05;1509;133;70557;25138;13.4;4.8
02;2021-04-06;1540;850;72097;25988;13.7;4.9
02;2021-04-07;1871;777;73968;26765;14.1;5.1
02;2021-04-08;1919;1103;75887;27868;14.4;5.3
02;2021-04-09;2433;1092;78320;28960;14.9;5.5
02;2021-04-10;2430;1210;80750;30170;15.4;5.7
02;2021-04-11;476;416;81226;30586;15.4;5.8
02;2021-04-12;1824;619;83050;31205;15.8;5.9
02;2021-04-13;1601;922;84651;32127;16.1;6.1
02;2021-04-14;2584;977;87235;33104;16.6;6.3
02;2021-04-15;2496;778;89731;33882;17.1;6.4
02;2021-04-16;2439;1130;92170;35012;17.5;6.7
02;2021-04-17;1890;2141;94060;37153;17.9;7.1
02;2021-04-18;270;811;94330;37964;17.9;7.2
02;2021-04-19;1158;632;95488;38596;18.2;7.3
02;2021-04-20;1676;765;97164;39361;18.5;7.5
02;2021-04-21;1550;994;98714;40355;18.8;7.7
02;2021-04-22;1748;704;100462;41059;19.1;7.8
02;2021-04-23;1930;1408;102392;42467;19.5;8.1
02;2021-04-24;1714;1639;104106;44106;19.8;8.4
02;2021-04-25;462;235;104568;44341;19.9;8.4
02;2021-04-26;1339;561;105907;44902;20.1;8.5
02;2021-04-27;1627;1092;107534;45994;20.4;8.7
02;2021-04-28;1592;1429;109126;47423;20.7;9.0
02;2021-04-29;1888;1169;111014;48592;21.1;9.2
02;2021-04-30;2717;1650;113731;50242;21.6;9.6
02;2021-05-01;1991;1228;115722;51470;22.0;9.8
02;2021-05-02;1982;422;117704;51892;22.4;9.9
02;2021-05-03;2225;981;119929;52873;22.8;10.1
02;2021-05-04;1523;1307;121452;54180;23.1;10.3
02;2021-05-05;2330;1842;123782;56022;23.5;10.6
02;2021-05-06;2123;1737;125905;57759;23.9;11.0
02;2021-05-07;2358;2171;128263;59930;24.4;11.4
02;2021-05-08;2920;950;131183;60880;24.9;11.6
02;2021-05-09;1822;421;133005;61301;25.3;11.7
02;2021-05-10;2375;1480;135380;62781;25.7;11.9
02;2021-05-11;2878;1567;138258;64348;26.3;12.2
02;2021-05-12;2675;1607;140933;65955;26.8;12.5
02;2021-05-13;2991;1038;143924;66993;27.4;12.7
02;2021-05-14;3382;1197;147306;68190;28.0;13.0
02;2021-05-15;4374;1082;151680;69272;28.8;13.2
02;2021-05-16;2797;212;154477;69484;29.4;13.2
02;2021-05-17;2147;664;156624;70148;29.8;13.3
02;2021-05-18;2635;971;159259;71119;30.3;13.5
02;2021-05-19;2852;999;162111;72118;30.8;13.7
02;2021-05-20;3554;1231;165665;73349;31.5;13.9
02;2021-05-21;3819;1066;169484;74415;32.2;14.1
02;2021-05-22;5847;969;175331;75384;33.3;14.3
02;2021-05-23;2659;240;177990;75624;33.8;14.4
02;2021-05-24;3542;541;181532;76165;34.5;14.5
02;2021-05-25;2260;1163;183792;77328;34.9;14.7
02;2021-05-26;3080;1498;186872;78826;35.5;15.0
02;2021-05-27;3651;1488;190523;80314;36.2;15.3
02;2021-05-28;3514;1576;194037;81890;36.9;15.6
02;2021-05-29;4081;1562;198118;83452;37.7;15.9
02;2021-05-30;1449;177;199567;83629;37.9;15.9
02;2021-05-31;2575;1187;202142;84816;38.4;16.1
02;2021-06-01;2870;1868;205012;86684;39.0;16.5
02;2021-06-02;3160;1650;208172;88334;39.6;16.8
02;2021-06-03;2857;1833;211029;90167;40.1;17.1
02;2021-06-04;3142;2054;214171;92221;40.7;17.5
02;2021-06-05;3441;1733;217612;93954;41.4;17.9
02;2021-06-06;1738;259;219350;94213;41.7;17.9
02;2021-06-07;1613;1499;220963;95712;42.0;18.2
02;2021-06-08;2063;1839;223026;97551;42.4;18.5
02;2021-06-09;2057;1644;225083;99195;42.8;18.9
02;2021-06-10;2011;1838;227094;101033;43.2;19.2
02;2021-06-11;2194;3073;229288;104106;43.6;19.8
02;2021-06-12;2312;2592;231600;106698;44.0;20.3
02;2021-06-13;684;1387;232284;108085;44.2;20.5
02;2021-06-14;1049;2392;233333;110477;44.4;21.0
02;2021-06-15;1519;2458;234852;112935;44.6;21.5
02;2021-06-16;1534;2750;236386;115685;44.9;22.0
02;2021-06-17;1782;2853;238168;118538;45.3;22.5
02;2021-06-18;2312;3570;240480;122108;45.7;23.2
02;2021-06-19;1841;3820;242321;125928;46.1;23.9
02;2021-06-20;644;1522;242965;127450;46.2;24.2
02;2021-06-21;808;3192;243773;130642;46.3;24.8
02;2021-06-22;1155;3668;244928;134310;46.6;25.5
02;2021-06-23;1227;3587;246155;137897;46.8;26.2
02;2021-06-24;1327;3148;247482;141045;47.0;26.8
02;2021-06-25;1400;4545;248882;145590;47.3;27.7
02;2021-06-26;1346;4228;250228;149818;47.6;28.5
02;2021-06-27;600;2334;250828;152152;47.7;28.9
02;2021-06-28;877;3021;251705;155173;47.8;29.5
02;2021-06-29;919;2929;252624;158102;48.0;30.1
02;2021-06-30;1511;3162;254135;161264;48.3;30.7
02;2021-07-01;1196;3591;255331;164855;48.5;31.3
02;2021-07-02;1360;5133;256691;169988;48.8;32.3
02;2021-07-03;999;5989;257690;175977;49.0;33.5
02;2021-07-04;509;2370;258199;178347;49.1;33.9
02;2021-07-05;661;3935;258860;182282;49.2;34.7
02;2021-07-06;675;3045;259535;185327;49.3;35.2
02;2021-07-07;1322;3723;260857;189050;49.6;35.9
02;2021-07-08;1394;3869;262251;192919;49.9;36.7
02;2021-07-09;1281;4213;263532;197132;50.1;37.5
02;2021-07-10;1332;4604;264864;201736;50.3;38.3
02;2021-07-11;481;1968;265345;203704;50.4;38.7
02;2021-07-12;1416;3726;266761;207430;50.7;39.4
02;2021-07-13;2066;3662;268827;211092;51.1;40.1
02;2021-07-14;1755;1600;270582;212692;51.4;40.4
02;2021-07-15;2725;3557;273307;216249;52.0;41.1
02;2021-07-16;3166;4217;276473;220466;52.6;41.9
02;2021-07-17;3563;4229;280036;224695;53.2;42.7
02;2021-07-18;2038;1614;282074;226309;53.6;43.0
02;2021-07-19;3440;3034;285514;229343;54.3;43.6
02;2021-07-20;3500;3301;289014;232644;54.9;44.2
02;2021-07-21;3910;2952;292924;235596;55.7;44.8
02;2021-07-22;3323;2802;296247;238398;56.3;45.3
02;2021-07-23;3208;3555;299455;241953;56.9;46.0
02;2021-07-24;4448;3723;303903;245676;57.8;46.7
02;2021-07-25;2192;1090;306095;246766;58.2;46.9
02;2021-07-26;3878;2254;309973;249020;58.9;47.3
02;2021-07-27;3662;2148;313635;251168;59.6;47.7
02;2021-07-28;3282;2096;316917;253264;60.2;48.1
02;2021-07-29;2583;2224;319500;255488;60.7;48.6
02;2021-07-30;3315;2304;322815;257792;61.4;49.0
02;2021-07-31;4186;2278;327001;260070;62.2;49.4
02;2021-08-01;1475;692;328476;260762;62.4;49.6
02;2021-08-02;2039;1601;330515;262363;62.8;49.9
02;2021-08-03;2534;1897;333049;264260;63.3;50.2
02;2021-08-04;2568;1707;335617;265967;63.8;50.6
02;2021-08-05;1849;2266;337466;268233;64.2;51.0
02;2021-08-06;2099;2743;339565;270976;64.5;51.5
02;2021-08-07;2522;2788;342087;273764;65.0;52.0
02;2021-08-08;1027;1572;343114;275336;65.2;52.3
02;2021-08-09;1899;2749;345013;278085;65.6;52.9
02;2021-08-10;1766;2459;346779;280544;65.9;53.3
02;2021-08-11;1481;2108;348260;282652;66.2;53.7
02;2021-08-12;1209;2331;349469;284983;66.4;54.2
02;2021-08-13;1612;2907;351081;287890;66.7;54.7
02;2021-08-14;1665;3691;352746;291581;67.1;55.4
02;2021-08-15;161;572;352907;292153;67.1;55.5
02;2021-08-16;1270;3754;354177;295907;67.3;56.3
02;2021-08-17;1420;2841;355597;298748;67.6;56.8
02;2021-08-18;1576;3182;357173;301930;67.9;57.4
02;2021-08-19;1134;3219;358307;305149;68.1;58.0
02;2021-08-20;1201;2949;359508;308098;68.3;58.6
02;2021-08-21;1447;4081;360955;312179;68.6;59.3
02;2021-08-22;407;1656;361362;313835;68.7;59.7
02;2021-08-23;1153;3076;362515;316911;68.9;60.2
02;2021-08-24;903;2184;363418;319095;69.1;60.7
02;2021-08-25;1019;2593;364437;321688;69.3;61.2
02;2021-08-26;910;2333;365347;324021;69.5;61.6
02;2021-08-27;964;2611;366311;326632;69.6;62.1
02;2021-08-28;1299;3424;367610;330056;69.9;62.7
02;2021-08-29;328;1170;367938;331226;69.9;63.0
02;2021-08-30;993;2470;368931;333696;70.1;63.4
02;2021-08-31;858;2256;369789;335952;70.3;63.9
02;2021-09-01;702;1549;370491;337501;70.4;64.2
02;2021-09-02;647;1761;371138;339262;70.6;64.5
02;2021-09-03;690;1956;371828;341218;70.7;64.9
02;2021-09-04;848;2837;372676;344055;70.8;65.4
02;2021-09-05;226;531;372902;344586;70.9;65.5
02;2021-09-06;402;1035;373304;345621;71.0;65.7
02;2021-09-07;451;1399;373755;347020;71.0;66.0
02;2021-09-08;507;1874;374262;348894;71.1;66.3
02;2021-09-09;437;1329;374699;350223;71.2;66.6
02;2021-09-10;558;1549;375257;351772;71.3;66.9
02;2021-09-11;708;2271;375965;354043;71.5;67.3
02;2021-09-12;91;284;376056;354327;71.5;67.4
02;2021-09-13;421;1205;376477;355532;71.6;67.6
02;2021-09-14;407;1161;376884;356693;71.6;67.8
03;2020-12-27;0;0;0;0;0.0;0.0
03;2020-12-28;1;0;1;0;0.0;0.0
03;2020-12-29;0;0;1;0;0.0;0.0
03;2020-12-30;1;0;2;0;0.0;0.0
03;2020-12-31;0;0;2;0;0.0;0.0
03;2021-01-01;0;0;2;0;0.0;0.0
03;2021-01-02;0;0;2;0;0.0;0.0
03;2021-01-03;0;0;2;0;0.0;0.0
03;2021-01-04;0;0;2;0;0.0;0.0
03;2021-01-05;0;0;2;0;0.0;0.0
03;2021-01-06;10;0;12;0;0.0;0.0
03;2021-01-07;61;0;73;0;0.0;0.0
03;2021-01-08;146;1;219;1;0.1;0.0
03;2021-01-09;122;0;341;1;0.1;0.0
03;2021-01-10;6;0;347;1;0.1;0.0
03;2021-01-11;412;1;759;2;0.2;0.0
03;2021-01-12;631;0;1390;2;0.4;0.0
03;2021-01-13;669;2;2059;4;0.6;0.0
03;2021-01-14;861;4;2920;8;0.9;0.0
03;2021-01-15;387;2;3307;10;1.0;0.0
03;2021-01-16;278;0;3585;10;1.1;0.0
03;2021-01-17;42;0;3627;10;1.1;0.0
03;2021-01-18;878;0;4505;10;1.4;0.0
03;2021-01-19;1150;2;5655;12;1.7;0.0
03;2021-01-20;1290;3;6945;15;2.1;0.0
03;2021-01-21;1200;5;8145;20;2.5;0.0
03;2021-01-22;1117;4;9262;24;2.8;0.0
03;2021-01-23;466;0;9728;24;2.9;0.0
03;2021-01-24;0;0;9728;24;2.9;0.0
03;2021-01-25;187;0;9915;24;3.0;0.0
03;2021-01-26;679;7;10594;31;3.2;0.0
03;2021-01-27;695;10;11289;41;3.4;0.0
03;2021-01-28;1020;40;12309;81;3.7;0.0
03;2021-01-29;856;77;13165;158;4.0;0.0
03;2021-01-30;600;1;13765;159;4.2;0.0
03;2021-01-31;0;0;13765;159;4.2;0.0
03;2021-02-01;160;67;13925;226;4.2;0.1
03;2021-02-02;767;226;14692;452;4.4;0.1
03;2021-02-03;1056;422;15748;874;4.8;0.3
03;2021-02-04;1558;596;17306;1470;5.2;0.4
03;2021-02-05;948;297;18254;1767;5.5;0.5
03;2021-02-06;152;13;18406;1780;5.6;0.5
03;2021-02-07;5;0;18411;1780;5.6;0.5
03;2021-02-08;128;51;18539;1831;5.6;0.6
03;2021-02-09;612;420;19151;2251;5.8;0.7
03;2021-02-10;485;331;19636;2582;5.9;0.8
03;2021-02-11;1026;555;20662;3137;6.2;0.9
03;2021-02-12;1078;511;21740;3648;6.6;1.1
03;2021-02-13;126;151;21866;3799;6.6;1.1
03;2021-02-14;0;1;21866;3800;6.6;1.1
03;2021-02-15;309;606;22175;4406;6.7;1.3
03;2021-02-16;548;914;22723;5320;6.9;1.6
03;2021-02-17;453;1058;23176;6378;7.0;1.9
03;2021-02-18;368;1002;23544;7380;7.1;2.2
03;2021-02-19;496;657;24040;8037;7.3;2.4
03;2021-02-20;128;143;24168;8180;7.3;2.5
03;2021-02-21;2;1;24170;8181;7.3;2.5
03;2021-02-22;158;160;24328;8341;7.3;2.5
03;2021-02-23;720;767;25048;9108;7.6;2.7
03;2021-02-24;609;867;25657;9975;7.7;3.0
03;2021-02-25;1093;1560;26750;11535;8.1;3.5
03;2021-02-26;821;1215;27571;12750;8.3;3.8
03;2021-02-27;96;212;27667;12962;8.4;3.9
03;2021-02-28;0;14;27667;12976;8.4;3.9
03;2021-03-01;178;217;27845;13193;8.4;4.0
03;2021-03-02;818;586;28663;13779;8.7;4.2
03;2021-03-03;904;395;29567;14174;8.9;4.3
03;2021-03-04;1540;532;31107;14706;9.4;4.4
03;2021-03-05;1121;656;32228;15362;9.7;4.6
03;2021-03-06;915;106;33143;15468;10.0;4.7
03;2021-03-07;2;0;33145;15468;10.0;4.7
03;2021-03-08;239;232;33384;15700;10.1;4.7
03;2021-03-09;1016;419;34400;16119;10.4;4.9
03;2021-03-10;941;504;35341;16623;10.7;5.0
03;2021-03-11;1676;616;37017;17239;11.2;5.2
03;2021-03-12;1302;798;38319;18037;11.6;5.4
03;2021-03-13;864;112;39183;18149;11.8;5.5
03;2021-03-14;2;5;39185;18154;11.8;5.5
03;2021-03-15;250;194;39435;18348;11.9;5.5
03;2021-03-16;650;397;40085;18745;12.1;5.7
03;2021-03-17;1305;428;41390;19173;12.5;5.8
03;2021-03-18;1720;391;43110;19564;13.0;5.9
03;2021-03-19;1728;361;44838;19925;13.5;6.0
03;2021-03-20;301;26;45139;19951;13.6;6.0
03;2021-03-21;1;0;45140;19951;13.6;6.0
03;2021-03-22;222;387;45362;20338;13.7;6.1
03;2021-03-23;1355;351;46717;20689;14.1;6.2
03;2021-03-24;1824;349;48541;21038;14.7;6.3
03;2021-03-25;2368;565;50909;21603;15.4;6.5
03;2021-03-26;2240;443;53149;22046;16.0;6.7
03;2021-03-27;816;21;53965;22067;16.3;6.7
03;2021-03-28;1;39;53966;22106;16.3;6.7
03;2021-03-29;659;175;54625;22281;16.5;6.7
03;2021-03-30;1908;448;56533;22729;17.1;6.9
03;2021-03-31;1014;981;57547;23710;17.4;7.2
03;2021-04-01;1375;1092;58922;24802;17.8;7.5
03;2021-04-02;1706;613;60628;25415;18.3;7.7
03;2021-04-03;366;99;60994;25514;18.4;7.7
03;2021-04-04;3;0;60997;25514;18.4;7.7
03;2021-04-05;18;14;61015;25528;18.4;7.7
03;2021-04-06;1073;410;62088;25938;18.7;7.8
03;2021-04-07;1562;522;63650;26460;19.2;8.0
03;2021-04-08;2121;482;65771;26942;19.9;8.1
03;2021-04-09;2057;1160;67828;28102;20.5;8.5
03;2021-04-10;1013;73;68841;28175;20.8;8.5
03;2021-04-11;478;9;69319;28184;20.9;8.5
03;2021-04-12;985;226;70304;28410;21.2;8.6
03;2021-04-13;1873;986;72177;29396;21.8;8.9
03;2021-04-14;2335;1220;74512;30616;22.5;9.2
03;2021-04-15;2621;1400;77133;32016;23.3;9.7
03;2021-04-16;2836;1179;79969;33195;24.1;10.0
03;2021-04-17;1082;441;81051;33636;24.5;10.2
03;2021-04-18;0;0;81051;33636;24.5;10.2
03;2021-04-19;1191;586;82242;34222;24.8;10.3
03;2021-04-20;1748;1273;83990;35495;25.4;10.7
03;2021-04-21;1122;1293;85112;36788;25.7;11.1
03;2021-04-22;1675;999;86787;37787;26.2;11.4
03;2021-04-23;2478;1272;89265;39059;26.9;11.8
03;2021-04-24;1301;921;90566;39980;27.3;12.1
03;2021-04-25;350;16;90916;39996;27.4;12.1
03;2021-04-26;1332;464;92248;40460;27.8;12.2
03;2021-04-27;1767;1521;94015;41981;28.4;12.7
03;2021-04-28;1930;1120;95945;43101;29.0;13.0
03;2021-04-29;2371;1235;98316;44336;29.7;13.4
03;2021-04-30;1931;806;100247;45142;30.3;13.6
03;2021-05-01;437;491;100684;45633;30.4;13.8
03;2021-05-02;2;1;100686;45634;30.4;13.8
03;2021-05-03;1912;773;102598;46407;31.0;14.0
03;2021-05-04;2845;1632;105443;48039;31.8;14.5
03;2021-05-05;2603;1326;108046;49365;32.6;14.9
03;2021-05-06;3096;2007;111142;51372;33.5;15.5
03;2021-05-07;4729;1789;115871;53161;35.0;16.0
03;2021-05-08;661;381;116532;53542;35.2;16.2
03;2021-05-09;49;511;116581;54053;35.2;16.3
03;2021-05-10;1892;1481;118473;55534;35.8;16.8
03;2021-05-11;3900;1837;122373;57371;36.9;17.3
03;2021-05-12;2971;1521;125344;58892;37.8;17.8
03;2021-05-13;4383;410;129727;59302;39.2;17.9
03;2021-05-14;3655;1698;133382;61000;40.3;18.4
03;2021-05-15;1942;490;135324;61490;40.8;18.6
03;2021-05-16;520;57;135844;61547;41.0;18.6
03;2021-05-17;1277;862;137121;62409;41.4;18.8
03;2021-05-18;3070;1504;140191;63913;42.3;19.3
03;2021-05-19;2623;967;142814;64880;43.1;19.6
03;2021-05-20;3336;1143;146150;66023;44.1;19.9
03;2021-05-21;4195;1281;150345;67304;45.4;20.3
03;2021-05-22;2012;359;152357;67663;46.0;20.4
03;2021-05-23;641;73;152998;67736;46.2;20.4
03;2021-05-24;2655;216;155653;67952;47.0;20.5
03;2021-05-25;3070;1688;158723;69640;47.9;21.0
03;2021-05-26;2338;1042;161061;70682;48.6;21.3
03;2021-05-27;2947;1127;164008;71809;49.5;21.7
03;2021-05-28;3849;2280;167857;74089;50.7;22.4
03;2021-05-29;1748;603;169605;74692;51.2;22.5
03;2021-05-30;242;23;169847;74715;51.3;22.6
03;2021-05-31;697;569;170544;75284;51.5;22.7
03;2021-06-01;2303;2346;172847;77630;52.2;23.4
03;2021-06-02;1535;1747;174382;79377;52.6;24.0
03;2021-06-03;2060;2753;176442;82130;53.3;24.8
03;2021-06-04;1699;2508;178141;84638;53.8;25.5
03;2021-06-05;1076;1143;179217;85781;54.1;25.9
03;2021-06-06;59;7;179276;85788;54.1;25.9
03;2021-06-07;785;1815;180061;87603;54.3;26.4
03;2021-06-08;1457;2556;181518;90159;54.8;27.2
03;2021-06-09;1267;1877;182785;92036;55.2;27.8
03;2021-06-10;1380;2124;184165;94160;55.6;28.4
03;2021-06-11;1503;3450;185668;97610;56.0;29.5
03;2021-06-12;831;823;186499;98433;56.3;29.7
03;2021-06-13;20;10;186519;98443;56.3;29.7
03;2021-06-14;381;2175;186900;100618;56.4;30.4
03;2021-06-15;1317;3834;188217;104452;56.8;31.5
03;2021-06-16;788;2889;189005;107341;57.0;32.4
03;2021-06-17;1083;3334;190088;110675;57.4;33.4
03;2021-06-18;1109;3978;191197;114653;57.7;34.6
03;2021-06-19;641;1618;191838;116271;57.9;35.1
03;2021-06-20;20;8;191858;116279;57.9;35.1
03;2021-06-21;462;2636;192320;118915;58.0;35.9
03;2021-06-22;1027;4004;193347;122919;58.4;37.1
03;2021-06-23;716;3285;194063;126204;58.6;38.1
03;2021-06-24;984;3862;195047;130066;58.9;39.3
03;2021-06-25;1019;3893;196066;133959;59.2;40.4
03;2021-06-26;513;2040;196579;135999;59.3;41.0
03;2021-06-27;65;486;196644;136485;59.4;41.2
03;2021-06-28;640;2097;197284;138582;59.5;41.8
03;2021-06-29;1029;3331;198313;141913;59.9;42.8
03;2021-06-30;831;3119;199144;145032;60.1;43.8
03;2021-07-01;986;2937;200130;147969;60.4;44.7
03;2021-07-02;920;4095;201050;152064;60.7;45.9
03;2021-07-03;487;1884;201537;153948;60.8;46.5
03;2021-07-04;20;332;201557;154280;60.8;46.6
03;2021-07-05;817;2381;202374;156661;61.1;47.3
03;2021-07-06;1171;3462;203545;160123;61.4;48.3
03;2021-07-07;805;2618;204350;162741;61.7;49.1
03;2021-07-08;1060;3040;205410;165781;62.0;50.0
03;2021-07-09;1471;3627;206881;169408;62.4;51.1
03;2021-07-10;509;1925;207390;171333;62.6;51.7
03;2021-07-11;61;492;207451;171825;62.6;51.9
03;2021-07-12;939;1149;208390;172974;62.9;52.2
03;2021-07-13;2613;3151;211003;176125;63.7;53.2
03;2021-07-14;195;25;211198;176150;63.7;53.2
03;2021-07-15;2613;2454;213811;178604;64.5;53.9
03;2021-07-16;2736;2275;216547;180879;65.4;54.6
03;2021-07-17;1033;1626;217580;182505;65.7;55.1
03;2021-07-18;33;6;217613;182511;65.7;55.1
03;2021-07-19;2393;1276;220006;183787;66.4;55.5
03;2021-07-20;3075;3032;223081;186819;67.3;56.4
03;2021-07-21;3213;1438;226294;188257;68.3;56.8
03;2021-07-22;2853;1885;229147;190142;69.2;57.4
03;2021-07-23;3206;1305;232353;191447;70.1;57.8
03;2021-07-24;591;581;232944;192028;70.3;58.0
03;2021-07-25;18;5;232962;192033;70.3;58.0
03;2021-07-26;2045;1577;235007;193610;70.9;58.4
03;2021-07-27;3325;2234;238332;195844;71.9;59.1
03;2021-07-28;2715;1115;241047;196959;72.8;59.4
03;2021-07-29;2548;1661;243595;198620;73.5;59.9
03;2021-07-30;2136;1454;245731;200074;74.2;60.4
03;2021-07-31;965;893;246696;200967;74.5;60.7
03;2021-08-01;13;20;246709;200987;74.5;60.7
03;2021-08-02;1680;1605;248389;202592;75.0;61.1
03;2021-08-03;2224;2774;250613;205366;75.6;62.0
03;2021-08-04;2195;891;252808;206257;76.3;62.3
03;2021-08-05;1265;1940;254073;208197;76.7;62.8
03;2021-08-06;1281;1024;255354;209221;77.1;63.1
03;2021-08-07;606;494;255960;209715;77.3;63.3
03;2021-08-08;66;29;256026;209744;77.3;63.3
03;2021-08-09;598;1305;256624;211049;77.5;63.7
03;2021-08-10;1678;3471;258302;214520;78.0;64.7
03;2021-08-11;1336;2530;259638;217050;78.4;65.5
03;2021-08-12;1138;3514;260776;220564;78.7;66.6
03;2021-08-13;773;1051;261549;221615;78.9;66.9
03;2021-08-14;379;567;261928;222182;79.1;67.1
03;2021-08-15;9;61;261937;222243;79.1;67.1
03;2021-08-16;724;2694;262661;224937;79.3;67.9
03;2021-08-17;1078;3217;263739;228154;79.6;68.9
03;2021-08-18;1163;2156;264902;230310;80.0;69.5
03;2021-08-19;1009;3047;265911;233357;80.3;70.4
03;2021-08-20;719;1139;266630;234496;80.5;70.8
03;2021-08-21;419;726;267049;235222;80.6;71.0
03;2021-08-22;8;6;267057;235228;80.6;71.0
03;2021-08-23;781;2289;267838;237517;80.8;71.7
03;2021-08-24;892;2405;268730;239922;81.1;72.4
03;2021-08-25;928;2026;269658;241948;81.4;73.0
03;2021-08-26;570;1435;270228;243383;81.6;73.5
03;2021-08-27;456;1580;270684;244963;81.7;73.9
03;2021-08-28;218;674;270902;245637;81.8;74.1
03;2021-08-29;4;0;270906;245637;81.8;74.1
03;2021-08-30;767;1469;271673;247106;82.0;74.6
03;2021-08-31;698;2055;272371;249161;82.2;75.2
03;2021-09-01;598;1514;272969;250675;82.4;75.7
03;2021-09-02;477;1235;273446;251910;82.5;76.0
03;2021-09-03;489;1186;273935;253096;82.7;76.4
03;2021-09-04;251;630;274186;253726;82.8;76.6
03;2021-09-05;5;11;274191;253737;82.8;76.6
03;2021-09-06;320;1098;274511;254835;82.9;76.9
03;2021-09-07;572;1595;275083;256430;83.0;77.4
03;2021-09-08;422;1540;275505;257970;83.2;77.9
03;2021-09-09;273;949;275778;258919;83.2;78.1
03;2021-09-10;406;1242;276184;260161;83.4;78.5
03;2021-09-11;206;688;276390;260849;83.4;78.7
03;2021-09-12;1;19;276391;260868;83.4;78.7
03;2021-09-13;285;943;276676;261811;83.5;79.0
03;2021-09-14;434;1417;277110;263228;83.6;79.4
04;2020-12-27;0;0;0;0;0.0;0.0
04;2020-12-28;1;0;1;0;0.0;0.0
04;2020-12-29;0;0;1;0;0.0;0.0
04;2020-12-30;0;0;1;0;0.0;0.0
04;2020-12-31;0;0;1;0;0.0;0.0
04;2021-01-01;0;0;1;0;0.0;0.0
04;2021-01-02;0;0;1;0;0.0;0.0
04;2021-01-03;0;0;1;0;0.0;0.0
04;2021-01-04;0;0;1;0;0.0;0.0
04;2021-01-05;4;0;5;0;0.0;0.0
04;2021-01-06;0;0;5;0;0.0;0.0
04;2021-01-07;61;0;66;0;0.0;0.0
04;2021-01-08;88;0;154;0;0.1;0.0
04;2021-01-09;57;0;211;0;0.1;0.0
04;2021-01-10;0;0;211;0;0.1;0.0
04;2021-01-11;77;0;288;0;0.2;0.0
04;2021-01-12;421;0;709;0;0.4;0.0
04;2021-01-13;245;2;954;2;0.6;0.0
04;2021-01-14;90;2;1044;4;0.6;0.0
04;2021-01-15;165;4;1209;8;0.7;0.0
04;2021-01-16;106;2;1315;10;0.8;0.0
04;2021-01-17;14;0;1329;10;0.8;0.0
04;2021-01-18;236;9;1565;19;0.9;0.0
04;2021-01-19;468;3;2033;22;1.2;0.0
04;2021-01-20;574;9;2607;31;1.6;0.0
04;2021-01-21;614;3;3221;34;1.9;0.0
04;2021-01-22;638;0;3859;34;2.3;0.0
04;2021-01-23;111;0;3970;34;2.4;0.0
04;2021-01-24;0;0;3970;34;2.4;0.0
04;2021-01-25;240;0;4210;34;2.5;0.0
04;2021-01-26;656;1;4866;35;2.9;0.0
04;2021-01-27;480;0;5346;35;3.2;0.0
04;2021-01-28;665;20;6011;55;3.6;0.0
04;2021-01-29;368;41;6379;96;3.9;0.1
04;2021-01-30;65;41;6444;137;3.9;0.1
04;2021-01-31;1;5;6445;142;3.9;0.1
04;2021-02-01;268;136;6713;278;4.1;0.2
04;2021-02-02;561;173;7274;451;4.4;0.3
04;2021-02-03;367;159;7641;610;4.6;0.4
04;2021-02-04;357;52;7998;662;4.8;0.4
04;2021-02-05;379;202;8377;864;5.1;0.5
04;2021-02-06;50;85;8427;949;5.1;0.6
04;2021-02-07;2;22;8429;971;5.1;0.6
04;2021-02-08;163;61;8592;1032;5.2;0.6
04;2021-02-09;194;112;8786;1144;5.3;0.7
04;2021-02-10;252;153;9038;1297;5.5;0.8
04;2021-02-11;364;244;9402;1541;5.7;0.9
04;2021-02-12;293;283;9695;1824;5.9;1.1
04;2021-02-13;26;86;9721;1910;5.9;1.2
04;2021-02-14;0;0;9721;1910;5.9;1.2
04;2021-02-15;31;135;9752;2045;5.9;1.2
04;2021-02-16;81;412;9833;2457;6.0;1.5
04;2021-02-17;67;366;9900;2823;6.0;1.7
04;2021-02-18;45;521;9945;3344;6.0;2.0
04;2021-02-19;52;306;9997;3650;6.1;2.2
04;2021-02-20;5;65;10002;3715;6.1;2.2
04;2021-02-21;0;0;10002;3715;6.1;2.2
04;2021-02-22;7;247;10009;3962;6.1;2.4
04;2021-02-23;19;501;10028;4463;6.1;2.7
04;2021-02-24;38;365;10066;4828;6.1;2.9
04;2021-02-25;72;323;10138;5151;6.1;3.1
04;2021-02-26;216;274;10354;5425;6.3;3.3
04;2021-02-27;179;66;10533;5491;6.4;3.3
04;2021-02-28;1;0;10534;5491;6.4;3.3
04;2021-03-01;18;64;10552;5555;6.4;3.4
04;2021-03-02;135;37;10687;5592;6.5;3.4
04;2021-03-03;375;558;11062;6150;6.7;3.7
04;2021-03-04;207;417;11269;6567;6.8;4.0
04;2021-03-05;236;318;11505;6885;7.0;4.2
04;2021-03-06;912;71;12417;6956;7.5;4.2
04;2021-03-07;498;25;12915;6981;7.8;4.2
04;2021-03-08;45;69;12960;7050;7.8;4.3
04;2021-03-09;215;229;13175;7279;8.0;4.4
04;2021-03-10;401;338;13576;7617;8.2;4.6
04;2021-03-11;495;314;14071;7931;8.5;4.8
04;2021-03-12;699;190;14770;8121;8.9;4.9
04;2021-03-13;1088;63;15858;8184;9.6;5.0
04;2021-03-14;461;3;16319;8187;9.9;5.0
04;2021-03-15;93;14;16412;8201;9.9;5.0
04;2021-03-16;74;8;16486;8209;10.0;5.0
04;2021-03-17;535;80;17021;8289;10.3;5.0
04;2021-03-18;815;24;17836;8313;10.8;5.0
04;2021-03-19;724;33;18560;8346;11.2;5.1
04;2021-03-20;159;3;18719;8349;11.3;5.1
04;2021-03-21;0;0;18719;8349;11.3;5.1
04;2021-03-22;105;13;18824;8362;11.4;5.1
04;2021-03-23;244;7;19068;8369;11.5;5.1
04;2021-03-24;1024;51;20092;8420;12.2;5.1
04;2021-03-25;1325;45;21417;8465;13.0;5.1
04;2021-03-26;1449;66;22866;8531;13.8;5.2
04;2021-03-27;266;18;23132;8549;14.0;5.2
04;2021-03-28;2;0;23134;8549;14.0;5.2
04;2021-03-29;681;13;23815;8562;14.4;5.2
04;2021-03-30;1086;142;24901;8704;15.1;5.3
04;2021-03-31;1327;107;26228;8811;15.9;5.3
04;2021-04-01;1133;133;27361;8944;16.6;5.4
04;2021-04-02;1185;113;28546;9057;17.3;5.5
04;2021-04-03;250;20;28796;9077;17.4;5.5
04;2021-04-04;1;0;28797;9077;17.4;5.5
04;2021-04-05;36;1;28833;9078;17.5;5.5
04;2021-04-06;930;148;29763;9226;18.0;5.6
04;2021-04-07;881;435;30644;9661;18.5;5.8
04;2021-04-08;926;697;31570;10358;19.1;6.3
04;2021-04-09;678;421;32248;10779;19.5;6.5
04;2021-04-10;231;191;32479;10970;19.7;6.6
04;2021-04-11;153;65;32632;11035;19.8;6.7
04;2021-04-12;593;101;33225;11136;20.1;6.7
04;2021-04-13;1190;240;34415;11376;20.8;6.9
04;2021-04-14;995;498;35410;11874;21.4;7.2
04;2021-04-15;921;672;36331;12546;22.0;7.6
04;2021-04-16;819;456;37150;13002;22.5;7.9
04;2021-04-17;211;69;37361;13071;22.6;7.9
04;2021-04-18;0;13;37361;13084;22.6;7.9
04;2021-04-19;338;287;37699;13371;22.8;8.1
04;2021-04-20;1005;444;38704;13815;23.4;8.4
04;2021-04-21;656;743;39360;14558;23.8;8.8
04;2021-04-22;759;853;40119;15411;24.3;9.3
04;2021-04-23;695;537;40814;15948;24.7;9.7
04;2021-04-24;165;65;40979;16013;24.8;9.7
04;2021-04-25;0;0;40979;16013;24.8;9.7
04;2021-04-26;172;611;41151;16624;24.9;10.1
04;2021-04-27;395;966;41546;17590;25.1;10.6
04;2021-04-28;432;1085;41978;18675;25.4;11.3
04;2021-04-29;687;1126;42665;19801;25.8;12.0
04;2021-04-30;436;847;43101;20648;26.1;12.5
04;2021-05-01;104;22;43205;20670;26.2;12.5
04;2021-05-02;8;131;43213;20801;26.2;12.6
04;2021-05-03;151;551;43364;21352;26.2;12.9
04;2021-05-04;564;835;43928;22187;26.6;13.4
04;2021-05-05;514;924;44442;23111;26.9;14.0
04;2021-05-06;1162;591;45604;23702;27.6;14.3
04;2021-05-07;657;754;46261;24456;28.0;14.8
04;2021-05-08;48;98;46309;24554;28.0;14.9
04;2021-05-09;0;0;46309;24554;28.0;14.9
04;2021-05-10;466;293;46775;24847;28.3;15.0
04;2021-05-11;1200;906;47975;25753;29.0;15.6
04;2021-05-12;1389;741;49364;26494;29.9;16.0
04;2021-05-13;378;131;49742;26625;30.1;16.1
04;2021-05-14;440;295;50182;26920;30.4;16.3
04;2021-05-15;99;162;50281;27082;30.4;16.4
04;2021-05-16;4;6;50285;27088;30.4;16.4
04;2021-05-17;155;298;50440;27386;30.5;16.6
04;2021-05-18;392;974;50832;28360;30.8;17.2
04;2021-05-19;773;688;51605;29048;31.2;17.6
04;2021-05-20;1258;549;52863;29597;32.0;17.9
04;2021-05-21;853;787;53716;30384;32.5;18.4
04;2021-05-22;105;146;53821;30530;32.6;18.5
04;2021-05-23;1;1;53822;30531;32.6;18.5
04;2021-05-24;2;36;53824;30567;32.6;18.5
04;2021-05-25;867;593;54691;31160;33.1;18.9
04;2021-05-26;1048;787;55739;31947;33.7;19.3
04;2021-05-27;1357;633;57096;32580;34.6;19.7
04;2021-05-28;1119;652;58215;33232;35.2;20.1
04;2021-05-29;90;398;58305;33630;35.3;20.4
04;2021-05-30;3;1;58308;33631;35.3;20.4
04;2021-05-31;421;417;58729;34048;35.6;20.6
04;2021-06-01;643;640;59372;34688;35.9;21.0
04;2021-06-02;871;1063;60243;35751;36.5;21.6
04;2021-06-03;1196;851;61439;36602;37.2;22.2
04;2021-06-04;977;777;62416;37379;37.8;22.6
04;2021-06-05;142;200;62558;37579;37.9;22.7
04;2021-06-06;7;13;62565;37592;37.9;22.8
04;2021-06-07;563;315;63128;37907;38.2;22.9
04;2021-06-08;843;594;63971;38501;38.7;23.3
04;2021-06-09;1148;685;65119;39186;39.4;23.7
04;2021-06-10;1147;585;66266;39771;40.1;24.1
04;2021-06-11;945;616;67211;40387;40.7;24.4
04;2021-06-12;212;144;67423;40531;40.8;24.5
04;2021-06-13;1;1;67424;40532;40.8;24.5
04;2021-06-14;478;303;67902;40835;41.1;24.7
04;2021-06-15;645;1003;68547;41838;41.5;25.3
04;2021-06-16;1022;786;69569;42624;42.1;25.8
04;2021-06-17;1001;960;70570;43584;42.7;26.4
04;2021-06-18;765;886;71335;44470;43.2;26.9
04;2021-06-19;40;85;71375;44555;43.2;27.0
04;2021-06-20;7;9;71382;44564;43.2;27.0
04;2021-06-21;306;615;71688;45179;43.4;27.3
04;2021-06-22;361;1310;72049;46489;43.6;28.1
04;2021-06-23;476;1313;72525;47802;43.9;28.9
04;2021-06-24;852;815;73377;48617;44.4;29.4
04;2021-06-25;462;639;73839;49256;44.7;29.8
04;2021-06-26;57;130;73896;49386;44.7;29.9
04;2021-06-27;4;4;73900;49390;44.7;29.9
04;2021-06-28;158;341;74058;49731;44.8;30.1
04;2021-06-29;371;838;74429;50569;45.1;30.6
04;2021-06-30;541;1121;74970;51690;45.4;31.3
04;2021-07-01;579;1219;75549;52909;45.7;32.0
04;2021-07-02;557;1090;76106;53999;46.1;32.7
04;2021-07-03;65;162;76171;54161;46.1;32.8
04;2021-07-04;6;6;76177;54167;46.1;32.8
04;2021-07-05;106;297;76283;54464;46.2;33.0
04;2021-07-06;505;1382;76788;55846;46.5;33.8
04;2021-07-07;495;1342;77283;57188;46.8;34.6
04;2021-07-08;726;1362;78009;58550;47.2;35.4
04;2021-07-09;582;1061;78591;59611;47.6;36.1
04;2021-07-10;92;177;78683;59788;47.6;36.2
04;2021-07-11;0;21;78683;59809;47.6;36.2
04;2021-07-12;128;652;78811;60461;47.7;36.6
04;2021-07-13;882;1541;79693;62002;48.2;37.5
04;2021-07-14;26;43;79719;62045;48.3;37.6
04;2021-07-15;1220;1737;80939;63782;49.0;38.6
04;2021-07-16;1082;1113;82021;64895;49.7;39.3
04;2021-07-17;446;234;82467;65129;49.9;39.4
04;2021-07-18;114;18;82581;65147;50.0;39.4
04;2021-07-19;484;655;83065;65802;50.3;39.8
04;2021-07-20;1314;1467;84379;67269;51.1;40.7
04;2021-07-21;1127;1166;85506;68435;51.8;41.4
04;2021-07-22;1500;1372;87006;69807;52.7;42.3
04;2021-07-23;1151;1139;88157;70946;53.4;42.9
04;2021-07-24;685;213;88842;71159;53.8;43.1
04;2021-07-25;42;16;88884;71175;53.8;43.1
04;2021-07-26;445;639;89329;71814;54.1;43.5
04;2021-07-27;1372;1045;90701;72859;54.9;44.1
04;2021-07-28;1074;1038;91775;73897;55.6;44.7
04;2021-07-29;1560;1300;93335;75197;56.5;45.5
04;2021-07-30;1247;923;94582;76120;57.3;46.1
04;2021-07-31;252;176;94834;76296;57.4;46.2
04;2021-08-01;48;19;94882;76315;57.4;46.2
04;2021-08-02;139;109;95021;76424;57.5;46.3
04;2021-08-03;1347;1115;96368;77539;58.3;46.9
04;2021-08-04;1178;862;97546;78401;59.0;47.5
04;2021-08-05;1193;736;98739;79137;59.8;47.9
04;2021-08-06;519;397;99258;79534;60.1;48.1
04;2021-08-07;162;162;99420;79696;60.2;48.2
04;2021-08-08;25;12;99445;79708;60.2;48.3
04;2021-08-09;103;117;99548;79825;60.3;48.3
04;2021-08-10;656;980;100204;80805;60.7;48.9
04;2021-08-11;1147;1022;101351;81827;61.4;49.5
04;2021-08-12;1125;1301;102476;83128;62.0;50.3
04;2021-08-13;443;385;102919;83513;62.3;50.6
04;2021-08-14;100;73;103019;83586;62.4;50.6
04;2021-08-15;0;0;103019;83586;62.4;50.6
04;2021-08-16;103;138;103122;83724;62.4;50.7
04;2021-08-17;497;1014;103619;84738;62.7;51.3
04;2021-08-18;719;1319;104338;86057;63.2;52.1
04;2021-08-19;741;1410;105079;87467;63.6;52.9
04;2021-08-20;745;1364;105824;88831;64.1;53.8
04;2021-08-21;66;111;105890;88942;64.1;53.8
04;2021-08-22;15;45;105905;88987;64.1;53.9
04;2021-08-23;54;110;105959;89097;64.1;53.9
04;2021-08-24;680;1492;106639;90589;64.6;54.8
04;2021-08-25;656;1183;107295;91772;64.9;55.6
04;2021-08-26;488;1214;107783;92986;65.2;56.3
04;2021-08-27;450;931;108233;93917;65.5;56.9
04;2021-08-28;125;245;108358;94162;65.6;57.0
04;2021-08-29;27;23;108385;94185;65.6;57.0
04;2021-08-30;122;244;108507;94429;65.7;57.2
04;2021-08-31;510;1007;109017;95436;66.0;57.8
04;2021-09-01;507;1253;109524;96689;66.3;58.5
04;2021-09-02;333;930;109857;97619;66.5;59.1
04;2021-09-03;289;819;110146;98438;66.7;59.6
04;2021-09-04;149;239;110295;98677;66.8;59.7
04;2021-09-05;14;9;110309;98686;66.8;59.7
04;2021-09-06;57;106;110366;98792;66.8;59.8
04;2021-09-07;370;1037;110736;99829;67.0;60.4
04;2021-09-08;324;889;111060;100718;67.2;61.0
04;2021-09-09;339;959;111399;101677;67.4;61.5
04;2021-09-10;277;812;111676;102489;67.6;62.0
04;2021-09-11;93;153;111769;102642;67.7;62.1
04;2021-09-12;14;30;111783;102672;67.7;62.2
04;2021-09-13;95;98;111878;102770;67.7;62.2
04;2021-09-14;323;957;112201;103727;67.9;62.8
05;2020-12-27;0;0;0;0;0.0;0.0
05;2020-12-28;1;0;1;0;0.0;0.0
05;2020-12-29;1;0;2;0;0.0;0.0
05;2020-12-30;2;0;4;0;0.0;0.0
05;2020-12-31;0;0;4;0;0.0;0.0
05;2021-01-01;2;0;6;0;0.0;0.0
05;2021-01-02;2;0;8;0;0.0;0.0
05;2021-01-03;1;0;9;0;0.0;0.0
05;2021-01-04;2;0;11;0;0.0;0.0
05;2021-01-05;0;0;11;0;0.0;0.0
05;2021-01-06;22;0;33;0;0.0;0.0
05;2021-01-07;128;0;161;0;0.1;0.0
05;2021-01-08;146;0;307;0;0.2;0.0
05;2021-01-09;11;0;318;0;0.2;0.0
05;2021-01-10;0;0;318;0;0.2;0.0
05;2021-01-11;44;0;362;0;0.3;0.0
05;2021-01-12;105;0;467;0;0.3;0.0
05;2021-01-13;140;0;607;0;0.4;0.0
05;2021-01-14;167;0;774;0;0.5;0.0
05;2021-01-15;128;1;902;1;0.6;0.0
05;2021-01-16;14;0;916;1;0.6;0.0
05;2021-01-17;0;0;916;1;0.6;0.0
05;2021-01-18;226;1;1142;2;0.8;0.0
05;2021-01-19;228;0;1370;2;1.0;0.0
05;2021-01-20;213;0;1583;2;1.1;0.0
05;2021-01-21;255;0;1838;2;1.3;0.0
05;2021-01-22;195;1;2033;3;1.4;0.0
05;2021-01-23;112;0;2145;3;1.5;0.0
05;2021-01-24;0;0;2145;3;1.5;0.0
05;2021-01-25;317;0;2462;3;1.7;0.0
05;2021-01-26;486;0;2948;3;2.1;0.0
05;2021-01-27;389;3;3337;6;2.4;0.0
05;2021-01-28;363;42;3700;48;2.6;0.0
05;2021-01-29;364;109;4064;157;2.9;0.1
05;2021-01-30;97;9;4161;166;2.9;0.1
05;2021-01-31;4;0;4165;166;2.9;0.1
05;2021-02-01;177;20;4342;186;3.1;0.1
05;2021-02-02;187;68;4529;254;3.2;0.2
05;2021-02-03;207;58;4736;312;3.3;0.2
05;2021-02-04;197;113;4933;425;3.5;0.3
05;2021-02-05;183;109;5116;534;3.6;0.4
05;2021-02-06;76;24;5192;558;3.7;0.4
05;2021-02-07;0;5;5192;563;3.7;0.4
05;2021-02-08;84;95;5276;658;3.7;0.5
05;2021-02-09;97;91;5373;749;3.8;0.5
05;2021-02-10;81;147;5454;896;3.8;0.6
05;2021-02-11;87;111;5541;1007;3.9;0.7
05;2021-02-12;84;121;5625;1128;4.0;0.8
05;2021-02-13;75;29;5700;1157;4.0;0.8
05;2021-02-14;0;0;5700;1157;4.0;0.8
05;2021-02-15;97;148;5797;1305;4.1;0.9
05;2021-02-16;111;233;5908;1538;4.2;1.1
05;2021-02-17;136;198;6044;1736;4.3;1.2
05;2021-02-18;154;265;6198;2001;4.4;1.4
05;2021-02-19;158;288;6356;2289;4.5;1.6
05;2021-02-20;31;73;6387;2362;4.5;1.7
05;2021-02-21;0;0;6387;2362;4.5;1.7
05;2021-02-22;70;204;6457;2566;4.6;1.8
05;2021-02-23;18;167;6475;2733;4.6;1.9
05;2021-02-24;20;142;6495;2875;4.6;2.0
05;2021-02-25;56;117;6551;2992;4.6;2.1
05;2021-02-26;145;169;6696;3161;4.7;2.2
05;2021-02-27;65;149;6761;3310;4.8;2.3
05;2021-02-28;11;0;6772;3310;4.8;2.3
05;2021-03-01;92;143;6864;3453;4.8;2.4
05;2021-03-02;92;157;6956;3610;4.9;2.5
05;2021-03-03;112;192;7068;3802;5.0;2.7
05;2021-03-04;242;138;7310;3940;5.2;2.8
05;2021-03-05;578;165;7888;4105;5.6;2.9
05;2021-03-06;668;49;8556;4154;6.0;2.9
05;2021-03-07;516;19;9072;4173;6.4;2.9
05;2021-03-08;556;128;9628;4301;6.8;3.0
05;2021-03-09;520;148;10148;4449;7.2;3.1
05;2021-03-10;498;124;10646;4573;7.5;3.2
05;2021-03-11;377;136;11023;4709;7.8;3.3
05;2021-03-12;435;87;11458;4796;8.1;3.4
05;2021-03-13;796;93;12254;4889;8.6;3.4
05;2021-03-14;670;11;12924;4900;9.1;3.5
05;2021-03-15;354;122;13278;5022;9.4;3.5
05;2021-03-16;149;135;13427;5157;9.5;3.6
05;2021-03-17;262;120;13689;5277;9.7;3.7
05;2021-03-18;364;35;14053;5312;9.9;3.7
05;2021-03-19;450;59;14503;5371;10.2;3.8
05;2021-03-20;167;28;14670;5399;10.3;3.8
05;2021-03-21;1;0;14671;5399;10.3;3.8
05;2021-03-22;717;36;15388;5435;10.9;3.8
05;2021-03-23;805;15;16193;5450;11.4;3.8
05;2021-03-24;790;77;16983;5527;12.0;3.9
05;2021-03-25;901;59;17884;5586;12.6;3.9
05;2021-03-26;1023;49;18907;5635;13.3;4.0
05;2021-03-27;467;33;19374;5668;13.7;4.0
05;2021-03-28;10;0;19384;5668;13.7;4.0
05;2021-03-29;905;63;20289;5731;14.3;4.0
05;2021-03-30;1142;78;21431;5809;15.1;4.1
05;2021-03-31;823;253;22254;6062;15.7;4.3
05;2021-04-01;901;239;23155;6301;16.3;4.4
05;2021-04-02;665;378;23820;6679;16.8;4.7
05;2021-04-03;551;183;24371;6862;17.2;4.8
05;2021-04-04;350;63;24721;6925;17.4;4.9
05;2021-04-05;158;12;24879;6937;17.6;4.9
05;2021-04-06;646;274;25525;7211;18.0;5.1
05;2021-04-07;773;323;26298;7534;18.6;5.3
05;2021-04-08;734;336;27032;7870;19.1;5.6
05;2021-04-09;883;406;27915;8276;19.7;5.8
05;2021-04-10;714;387;28629;8663;20.2;6.1
05;2021-04-11;191;172;28820;8835;20.3;6.2
05;2021-04-12;732;264;29552;9099;20.8;6.4
05;2021-04-13;921;247;30473;9346;21.5;6.6
05;2021-04-14;668;326;31141;9672;22.0;6.8
05;2021-04-15;768;398;31909;10070;22.5;7.1
05;2021-04-16;731;397;32640;10467;23.0;7.4
05;2021-04-17;671;238;33311;10705;23.5;7.6
05;2021-04-18;305;23;33616;10728;23.7;7.6
05;2021-04-19;363;536;33979;11264;24.0;7.9
05;2021-04-20;482;628;34461;11892;24.3;8.4
05;2021-04-21;494;627;34955;12519;24.7;8.8
05;2021-04-22;385;546;35340;13065;24.9;9.2
05;2021-04-23;523;655;35863;13720;25.3;9.7
05;2021-04-24;347;384;36210;14104;25.5;9.9
05;2021-04-25;288;23;36498;14127;25.7;10.0
05;2021-04-26;367;704;36865;14831;26.0;10.5
05;2021-04-27;657;749;37522;15580;26.5;11.0
05;2021-04-28;468;721;37990;16301;26.8;11.5
05;2021-04-29;702;747;38692;17048;27.3;12.0
05;2021-04-30;509;753;39201;17801;27.7;12.6
05;2021-05-01;138;110;39339;17911;27.8;12.6
05;2021-05-02;267;115;39606;18026;27.9;12.7
05;2021-05-03;457;492;40063;18518;28.3;13.1
05;2021-05-04;384;503;40447;19021;28.5;13.4
05;2021-05-05;462;670;40909;19691;28.9;13.9
05;2021-05-06;646;725;41555;20416;29.3;14.4
05;2021-05-07;596;800;42151;21216;29.7;15.0
05;2021-05-08;481;177;42632;21393;30.1;15.1
05;2021-05-09;208;57;42840;21450;30.2;15.1
05;2021-05-10;500;696;43340;22146;30.6;15.6
05;2021-05-11;669;905;44009;23051;31.0;16.3
05;2021-05-12;647;733;44656;23784;31.5;16.8
05;2021-05-13;960;116;45616;23900;32.2;16.9
05;2021-05-14;826;495;46442;24395;32.8;17.2
05;2021-05-15;1043;354;47485;24749;33.5;17.5
05;2021-05-16;235;52;47720;24801;33.7;17.5
05;2021-05-17;484;430;48204;25231;34.0;17.8
05;2021-05-18;519;419;48723;25650;34.4;18.1
05;2021-05-19;727;459;49450;26109;34.9;18.4
05;2021-05-20;747;434;50197;26543;35.4;18.7
05;2021-05-21;706;512;50903;27055;35.9;19.1
05;2021-05-22;607;239;51510;27294;36.3;19.3
05;2021-05-23;277;59;51787;27353;36.5;19.3
05;2021-05-24;509;157;52296;27510;36.9;19.4
05;2021-05-25;515;483;52811;27993;37.3;19.7
05;2021-05-26;696;363;53507;28356;37.7;20.0
05;2021-05-27;799;572;54306;28928;38.3;20.4
05;2021-05-28;666;648;54972;29576;38.8;20.9
05;2021-05-29;566;544;55538;30120;39.2;21.2
05;2021-05-30;212;82;55750;30202;39.3;21.3
05;2021-05-31;575;495;56325;30697;39.7;21.7
05;2021-06-01;589;585;56914;31282;40.1;22.1
05;2021-06-02;685;703;57599;31985;40.6;22.6
05;2021-06-03;716;649;58315;32634;41.1;23.0
05;2021-06-04;1018;815;59333;33449;41.9;23.6
05;2021-06-05;807;508;60140;33957;42.4;24.0
05;2021-06-06;202;89;60342;34046;42.6;24.0
05;2021-06-07;605;833;60947;34879;43.0;24.6
05;2021-06-08;702;659;61649;35538;43.5;25.1
05;2021-06-09;648;782;62297;36320;43.9;25.6
05;2021-06-10;544;717;62841;37037;44.3;26.1
05;2021-06-11;766;723;63607;37760;44.9;26.6
05;2021-06-12;593;484;64200;38244;45.3;27.0
05;2021-06-13;112;91;64312;38335;45.4;27.0
05;2021-06-14;403;669;64715;39004;45.7;27.5
05;2021-06-15;543;910;65258;39914;46.0;28.2
05;2021-06-16;433;671;65691;40585;46.3;28.6
05;2021-06-17;361;805;66052;41390;46.6;29.2
05;2021-06-18;398;723;66450;42113;46.9;29.7
05;2021-06-19;421;570;66871;42683;47.2;30.1
05;2021-06-20;64;77;66935;42760;47.2;30.2
05;2021-06-21;319;641;67254;43401;47.4;30.6
05;2021-06-22;356;829;67610;44230;47.7;31.2
05;2021-06-23;354;764;67964;44994;47.9;31.7
05;2021-06-24;388;1022;68352;46016;48.2;32.5
05;2021-06-25;229;892;68581;46908;48.4;33.1
05;2021-06-26;292;1074;68873;47982;48.6;33.8
05;2021-06-27;128;170;69001;48152;48.7;34.0
05;2021-06-28;254;792;69255;48944;48.9;34.5
05;2021-06-29;250;785;69505;49729;49.0;35.1
05;2021-06-30;329;788;69834;50517;49.3;35.6
05;2021-07-01;383;790;70217;51307;49.5;36.2
05;2021-07-02;370;871;70587;52178;49.8;36.8
05;2021-07-03;305;741;70892;52919;50.0;37.3
05;2021-07-04;179;177;71071;53096;50.1;37.5
05;2021-07-05;264;781;71335;53877;50.3;38.0
05;2021-07-06;336;858;71671;54735;50.6;38.6
05;2021-07-07;401;782;72072;55517;50.8;39.2
05;2021-07-08;431;848;72503;56365;51.1;39.8
05;2021-07-09;422;994;72925;57359;51.4;40.5
05;2021-07-10;314;729;73239;58088;51.7;41.0
05;2021-07-11;176;120;73415;58208;51.8;41.1
05;2021-07-12;416;1014;73831;59222;52.1;41.8
05;2021-07-13;483;870;74314;60092;52.4;42.4
05;2021-07-14;838;299;75152;60391;53.0;42.6
05;2021-07-15;709;993;75861;61384;53.5;43.3
05;2021-07-16;1027;1457;76888;62841;54.2;44.3
05;2021-07-17;674;1306;77562;64147;54.7;45.3
05;2021-07-18;285;131;77847;64278;54.9;45.3
05;2021-07-19;572;792;78419;65070;55.3;45.9
05;2021-07-20;763;801;79182;65871;55.9;46.5
05;2021-07-21;883;840;80065;66711;56.5;47.1
05;2021-07-22;814;870;80879;67581;57.1;47.7
05;2021-07-23;1447;1239;82326;68820;58.1;48.5
05;2021-07-24;864;836;83190;69656;58.7;49.1
05;2021-07-25;305;160;83495;69816;58.9;49.3
05;2021-07-26;779;561;84274;70377;59.5;49.6
05;2021-07-27;1261;755;85535;71132;60.3;50.2
05;2021-07-28;1523;719;87058;71851;61.4;50.7
05;2021-07-29;1346;724;88404;72575;62.4;51.2
05;2021-07-30;961;594;89365;73169;63.0;51.6
05;2021-07-31;782;525;90147;73694;63.6;52.0
05;2021-08-01;192;178;90339;73872;63.7;52.1
05;2021-08-02;836;549;91175;74421;64.3;52.5
05;2021-08-03;827;610;92002;75031;64.9;52.9
05;2021-08-04;990;757;92992;75788;65.6;53.5
05;2021-08-05;982;725;93974;76513;66.3;54.0
05;2021-08-06;875;794;94849;77307;66.9;54.5
05;2021-08-07;631;641;95480;77948;67.4;55.0
05;2021-08-08;196;270;95676;78218;67.5;55.2
05;2021-08-09;774;847;96450;79065;68.0;55.8
05;2021-08-10;652;699;97102;79764;68.5;56.3
05;2021-08-11;743;858;97845;80622;69.0;56.9
05;2021-08-12;793;784;98638;81406;69.6;57.4
05;2021-08-13;626;893;99264;82299;70.0;58.1
05;2021-08-14;408;782;99672;83081;70.3;58.6
05;2021-08-15;189;224;99861;83305;70.4;58.8
05;2021-08-16;489;1083;100350;84388;70.8;59.5
05;2021-08-17;433;880;100783;85268;71.1;60.2
05;2021-08-18;435;973;101218;86241;71.4;60.8
05;2021-08-19;500;963;101718;87204;71.8;61.5
05;2021-08-20;477;1114;102195;88318;72.1;62.3
05;2021-08-21;359;851;102554;89169;72.3;62.9
05;2021-08-22;117;254;102671;89423;72.4;63.1
05;2021-08-23;321;828;102992;90251;72.7;63.7
05;2021-08-24;401;779;103393;91030;72.9;64.2
05;2021-08-25;407;924;103800;91954;73.2;64.9
05;2021-08-26;304;814;104104;92768;73.4;65.4
05;2021-08-27;334;921;104438;93689;73.7;66.1
05;2021-08-28;244;655;104682;94344;73.8;66.6
05;2021-08-29;66;255;104748;94599;73.9;66.7
05;2021-08-30;268;803;105016;95402;74.1;67.3
05;2021-08-31;252;713;105268;96115;74.3;67.8
05;2021-09-01;268;655;105536;96770;74.4;68.3
05;2021-09-02;250;705;105786;97475;74.6;68.8
05;2021-09-03;251;616;106037;98091;74.8;69.2
05;2021-09-04;202;668;106239;98759;74.9;69.7
05;2021-09-05;55;178;106294;98937;75.0;69.8
05;2021-09-06;163;421;106457;99358;75.1;70.1
05;2021-09-07;217;618;106674;99976;75.3;70.5
05;2021-09-08;177;592;106851;100568;75.4;70.9
05;2021-09-09;190;522;107041;101090;75.5;71.3
05;2021-09-10;181;448;107222;101538;75.6;71.6
05;2021-09-11;148;463;107370;102001;75.7;72.0
05;2021-09-12;22;106;107392;102107;75.8;72.0
05;2021-09-13;162;416;107554;102523;75.9;72.3
05;2021-09-14;211;362;107765;102885;76.0;72.6
06;2020-12-27;15;0;15;0;0.0;0.0
06;2020-12-28;24;0;39;0;0.0;0.0
06;2020-12-29;12;0;51;0;0.0;0.0
06;2020-12-30;9;0;60;0;0.0;0.0
06;2020-12-31;30;0;90;0;0.0;0.0
06;2021-01-01;24;0;114;0;0.0;0.0
06;2021-01-02;7;0;121;0;0.0;0.0
06;2021-01-03;9;0;130;0;0.0;0.0
06;2021-01-04;155;1;285;1;0.0;0.0
06;2021-01-05;191;2;476;3;0.0;0.0
06;2021-01-06;248;1;724;4;0.1;0.0
06;2021-01-07;521;2;1245;6;0.1;0.0
06;2021-01-08;690;2;1935;8;0.2;0.0
06;2021-01-09;393;3;2328;11;0.2;0.0
06;2021-01-10;82;0;2410;11;0.2;0.0
06;2021-01-11;1156;1;3566;12;0.3;0.0
06;2021-01-12;2250;5;5816;17;0.5;0.0
06;2021-01-13;1749;6;7565;23;0.7;0.0
06;2021-01-14;2166;18;9731;41;0.9;0.0
06;2021-01-15;1891;5;11622;46;1.1;0.0
06;2021-01-16;992;4;12614;50;1.2;0.0
06;2021-01-17;243;0;12857;50;1.2;0.0
06;2021-01-18;2502;7;15359;57;1.4;0.0
06;2021-01-19;2778;12;18137;69;1.7;0.0
06;2021-01-20;3375;12;21512;81;2.0;0.0
06;2021-01-21;3046;23;24558;104;2.3;0.0
06;2021-01-22;2986;16;27544;120;2.6;0.0
06;2021-01-23;1307;3;28851;123;2.7;0.0
06;2021-01-24;34;0;28885;123;2.7;0.0
06;2021-01-25;2082;12;30967;135;2.9;0.0
06;2021-01-26;3409;44;34376;179;3.2;0.0
06;2021-01-27;2572;93;36948;272;3.4;0.0
06;2021-01-28;2823;182;39771;454;3.7;0.0
06;2021-01-29;2523;281;42294;735;3.9;0.1
06;2021-01-30;674;38;42968;773;4.0;0.1
06;2021-01-31;4;1;42972;774;4.0;0.1
06;2021-02-01;1029;411;44001;1185;4.1;0.1
06;2021-02-02;1507;362;45508;1547;4.2;0.1
06;2021-02-03;336;126;45844;1673;4.2;0.2
06;2021-02-04;723;773;46567;2446;4.3;0.2
06;2021-02-05;1015;945;47582;3391;4.4;0.3
06;2021-02-06;169;358;47751;3749;4.4;0.3
06;2021-02-07;14;49;47765;3798;4.4;0.4
06;2021-02-08;542;871;48307;4669;4.5;0.4
06;2021-02-09;323;682;48630;5351;4.5;0.5
06;2021-02-10;382;562;49012;5913;4.5;0.5
06;2021-02-11;482;898;49494;6811;4.6;0.6
06;2021-02-12;660;1077;50154;7888;4.6;0.7
06;2021-02-13;206;237;50360;8125;4.7;0.8
06;2021-02-14;17;1;50377;8126;4.7;0.8
06;2021-02-15;472;977;50849;9103;4.7;0.8
06;2021-02-16;873;1746;51722;10849;4.8;1.0
06;2021-02-17;840;1738;52562;12587;4.9;1.2
06;2021-02-18;1818;2202;54380;14789;5.0;1.4
06;2021-02-19;1771;1771;56151;16560;5.2;1.5
06;2021-02-20;287;416;56438;16976;5.2;1.6
06;2021-02-21;24;52;56462;17028;5.2;1.6
06;2021-02-22;1088;1220;57550;18248;5.3;1.7
06;2021-02-23;1760;1174;59310;19422;5.5;1.8
06;2021-02-24;2122;999;61432;20421;5.7;1.9
06;2021-02-25;3864;1367;65296;21788;6.0;2.0
06;2021-02-26;3408;1346;68704;23134;6.4;2.1
06;2021-02-27;1441;292;70145;23426;6.5;2.2
06;2021-02-28;98;23;70243;23449;6.5;2.2
06;2021-03-01;2425;669;72668;24118;6.7;2.2
06;2021-03-02;2466;810;75134;24928;7.0;2.3
06;2021-03-03;2871;459;78005;25387;7.2;2.4
06;2021-03-04;4634;503;82639;25890;7.7;2.4
06;2021-03-05;3920;900;86559;26790;8.0;2.5
06;2021-03-06;11969;338;98528;27128;9.1;2.5
06;2021-03-07;10220;307;108748;27435;10.1;2.5
06;2021-03-08;4181;980;112929;28415;10.5;2.6
06;2021-03-09;5015;791;117944;29206;10.9;2.7
06;2021-03-10;4737;654;122681;29860;11.4;2.8
06;2021-03-11;6743;823;129424;30683;12.0;2.8
06;2021-03-12;6889;973;136313;31656;12.6;2.9
06;2021-03-13;11268;342;147581;31998;13.7;3.0
06;2021-03-14;514;45;148095;32043;13.7;3.0
06;2021-03-15;4845;715;152940;32758;14.2;3.0
06;2021-03-16;3781;992;156721;33750;14.5;3.1
06;2021-03-17;6210;1730;162931;35480;15.1;3.3
06;2021-03-18;5135;1750;168066;37230;15.6;3.4
06;2021-03-19;6836;1955;174902;39185;16.2;3.6
06;2021-03-20;2377;513;177279;39698;16.4;3.7
06;2021-03-21;414;23;177693;39721;16.5;3.7
06;2021-03-22;3993;684;181686;40405;16.8;3.7
06;2021-03-23;5994;1181;187680;41586;17.4;3.9
06;2021-03-24;4231;3040;191911;44626;17.8;4.1
06;2021-03-25;5881;3086;197792;47712;18.3;4.4
06;2021-03-26;6371;1969;204163;49681;18.9;4.6
06;2021-03-27;2041;358;206204;50039;19.1;4.6
06;2021-03-28;215;5;206419;50044;19.1;4.6
06;2021-03-29;3212;2070;209631;52114;19.4;4.8
06;2021-03-30;5200;2482;214831;54596;19.9;5.1
06;2021-03-31;8063;1651;222894;56247;20.6;5.2
06;2021-04-01;7673;2457;230567;58704;21.4;5.4
06;2021-04-02;7254;2699;237821;61403;22.0;5.7
06;2021-04-03;2726;1374;240547;62777;22.3;5.8
06;2021-04-04;302;547;240849;63324;22.3;5.9
06;2021-04-05;1413;695;242262;64019;22.4;5.9
06;2021-04-06;6676;3308;248938;67327;23.1;6.2
06;2021-04-07;6241;3888;255179;71215;23.6;6.6
06;2021-04-08;5753;5646;260932;76861;24.2;7.1
06;2021-04-09;9397;5855;270329;82716;25.0;7.7
06;2021-04-10;2397;2779;272726;85495;25.3;7.9
06;2021-04-11;189;58;272915;85553;25.3;7.9
06;2021-04-12;4392;3502;277307;89055;25.7;8.3
06;2021-04-13;6390;5002;283697;94057;26.3;8.7
06;2021-04-14;5477;4431;289174;98488;26.8;9.1
06;2021-04-15;5558;4383;294732;102871;27.3;9.5
06;2021-04-16;7092;5190;301824;108061;28.0;10.0
06;2021-04-17;2787;3051;304611;111112;28.2;10.3
06;2021-04-18;268;223;304879;111335;28.2;10.3
06;2021-04-19;5501;4038;310380;115373;28.8;10.7
06;2021-04-20;5667;4870;316047;120243;29.3;11.1
06;2021-04-21;8334;4173;324381;124416;30.1;11.5
06;2021-04-22;8582;4195;332963;128611;30.8;11.9
06;2021-04-23;8843;4278;341806;132889;31.7;12.3
06;2021-04-24;2357;1495;344163;134384;31.9;12.4
06;2021-04-25;122;14;344285;134398;31.9;12.5
06;2021-04-26;4158;2316;348443;136714;32.3;12.7
06;2021-04-27;4589;4037;353032;140751;32.7;13.0
06;2021-04-28;4158;4578;357190;145329;33.1;13.5
06;2021-04-29;6094;5451;363284;150780;33.7;14.0
06;2021-04-30;6784;5165;370068;155945;34.3;14.4
06;2021-05-01;4169;835;374237;156780;34.7;14.5
06;2021-05-02;494;155;374731;156935;34.7;14.5
06;2021-05-03;6926;3557;381657;160492;35.4;14.9
06;2021-05-04;5760;5383;387417;165875;35.9;15.4
06;2021-05-05;4550;3908;391967;169783;36.3;15.7
06;2021-05-06;5233;4738;397200;174521;36.8;16.2
06;2021-05-07;5665;5674;402865;180195;37.3;16.7
06;2021-05-08;4875;1330;407740;181525;37.8;16.8
06;2021-05-09;206;308;407946;181833;37.8;16.8
06;2021-05-10;4833;5046;412779;186879;38.2;17.3
06;2021-05-11;4948;5562;417727;192441;38.7;17.8
06;2021-05-12;9115;4901;426842;197342;39.5;18.3
06;2021-05-13;9284;2145;436126;199487;40.4;18.5
06;2021-05-14;10864;3364;446990;202851;41.4;18.8
06;2021-05-15;9309;2221;456299;205072;42.3;19.0
06;2021-05-16;1507;287;457806;205359;42.4;19.0
06;2021-05-17;7522;3750;465328;209109;43.1;19.4
06;2021-05-18;9747;3225;475075;212334;44.0;19.7
06;2021-05-19;7717;2982;482792;215316;44.7;19.9
06;2021-05-20;7974;3670;490766;218986;45.5;20.3
06;2021-05-21;8826;3947;499592;222933;46.3;20.7
06;2021-05-22;3035;1325;502627;224258;46.6;20.8
06;2021-05-23;132;628;502759;224886;46.6;20.8
06;2021-05-24;3205;1002;505964;225888;46.9;20.9
06;2021-05-25;4769;4932;510733;230820;47.3;21.4
06;2021-05-26;5701;6631;516434;237451;47.8;22.0
06;2021-05-27;5594;6279;522028;243730;48.4;22.6
06;2021-05-28;4994;7287;527022;251017;48.8;23.3
06;2021-05-29;1644;2928;528666;253945;49.0;23.5
06;2021-05-30;258;1122;528924;255067;49.0;23.6
06;2021-05-31;4421;5119;533345;260186;49.4;24.1
06;2021-06-01;5757;7424;539102;267610;49.9;24.8
06;2021-06-02;3324;8549;542426;276159;50.3;25.6
06;2021-06-03;4556;8306;546982;284465;50.7;26.4
06;2021-06-04;5501;7730;552483;292195;51.2;27.1
06;2021-06-05;2466;3345;554949;295540;51.4;27.4
06;2021-06-06;181;234;555130;295774;51.4;27.4
06;2021-06-07;4151;5584;559281;301358;51.8;27.9
06;2021-06-08;4482;5211;563763;306569;52.2;28.4
06;2021-06-09;4131;7360;567894;313929;52.6;29.1
06;2021-06-10;4803;6869;572697;320798;53.1;29.7
06;2021-06-11;3932;8357;576629;329155;53.4;30.5
06;2021-06-12;1748;3749;578377;332904;53.6;30.8
06;2021-06-13;150;439;578527;333343;53.6;30.9
06;2021-06-14;2745;8605;581272;341948;53.9;31.7
06;2021-06-15;3295;9488;584567;351436;54.2;32.6
06;2021-06-16;3520;7020;588087;358456;54.5;33.2
06;2021-06-17;3691;7190;591778;365646;54.8;33.9
06;2021-06-18;2649;5929;594427;371575;55.1;34.4
06;2021-06-19;1318;1685;595745;373260;55.2;34.6
06;2021-06-20;211;349;595956;373609;55.2;34.6
06;2021-06-21;1739;6304;597695;379913;55.4;35.2
06;2021-06-22;2368;7362;600063;387275;55.6;35.9
06;2021-06-23;2097;6543;602160;393818;55.8;36.5
06;2021-06-24;3495;8973;605655;402791;56.1;37.3
06;2021-06-25;2311;9608;607966;412399;56.3;38.2
06;2021-06-26;897;2288;608863;414687;56.4;38.4
06;2021-06-27;379;1188;609242;415875;56.4;38.5
06;2021-06-28;2499;8127;611741;424002;56.7;39.3
06;2021-06-29;2394;7728;614135;431730;56.9;40.0
06;2021-06-30;1527;7693;615662;439423;57.0;40.7
06;2021-07-01;3580;7486;619242;446909;57.4;41.4
06;2021-07-02;4488;8283;623730;455192;57.8;42.2
06;2021-07-03;1244;4310;624974;459502;57.9;42.6
06;2021-07-04;318;303;625292;459805;57.9;42.6
06;2021-07-05;4079;5145;629371;464950;58.3;43.1
06;2021-07-06;2150;5817;631521;470767;58.5;43.6
06;2021-07-07;4199;5979;635720;476746;58.9;44.2
06;2021-07-08;3731;6334;639451;483080;59.2;44.8
06;2021-07-09;4867;6237;644318;489317;59.7;45.3
06;2021-07-10;1776;2332;646094;491649;59.9;45.5
06;2021-07-11;331;322;646425;491971;59.9;45.6
06;2021-07-12;4209;7153;650634;499124;60.3;46.2
06;2021-07-13;6133;9027;656767;508151;60.8;47.1
06;2021-07-14;1236;442;658003;508593;61.0;47.1
06;2021-07-15;6837;8044;664840;516637;61.6;47.9
06;2021-07-16;8542;9028;673382;525665;62.4;48.7
06;2021-07-17;3176;5474;676558;531139;62.7;49.2
06;2021-07-18;1081;5333;677639;536472;62.8;49.7
06;2021-07-19;6169;8027;683808;544499;63.4;50.4
06;2021-07-20;7602;10257;691410;554756;64.1;51.4
06;2021-07-21;8481;8711;699891;563467;64.8;52.2
06;2021-07-22;10453;7871;710344;571338;65.8;52.9
06;2021-07-23;9571;6934;719915;578272;66.7;53.6
06;2021-07-24;3307;3105;723222;581377;67.0;53.9
06;2021-07-25;1003;479;724225;581856;67.1;53.9
06;2021-07-26;7667;6893;731892;588749;67.8;54.5
06;2021-07-27;9276;5596;741168;594345;68.7;55.1
06;2021-07-28;7481;5407;748649;599752;69.4;55.6
06;2021-07-29;8886;5781;757535;605533;70.2;56.1
06;2021-07-30;8561;5550;766096;611083;71.0;56.6
06;2021-07-31;3827;3082;769923;614165;71.3;56.9
06;2021-08-01;902;434;770825;614599;71.4;56.9
06;2021-08-02;7134;4625;777959;619224;72.1;57.4
06;2021-08-03;6843;5495;784802;624719;72.7;57.9
06;2021-08-04;5824;3513;790626;628232;73.2;58.2
06;2021-08-05;6743;4467;797369;632699;73.9;58.6
06;2021-08-06;6098;6117;803467;638816;74.4;59.2
06;2021-08-07;2326;2471;805793;641287;74.7;59.4
06;2021-08-08;612;628;806405;641915;74.7;59.5
06;2021-08-09;4847;6025;811252;647940;75.2;60.0
06;2021-08-10;5507;6913;816759;654853;75.7;60.7
06;2021-08-11;4425;6210;821184;661063;76.1;61.2
06;2021-08-12;4693;6743;825877;667806;76.5;61.9
06;2021-08-13;3845;6450;829722;674256;76.9;62.5
06;2021-08-14;1568;2280;831290;676536;77.0;62.7
06;2021-08-15;409;637;831699;677173;77.1;62.7
06;2021-08-16;3221;6894;834920;684067;77.4;63.4
06;2021-08-17;3808;7772;838728;691839;77.7;64.1
06;2021-08-18;2979;6411;841707;698250;78.0;64.7
06;2021-08-19;3982;8119;845689;706369;78.3;65.4
06;2021-08-20;3219;6517;848908;712886;78.6;66.0
06;2021-08-21;1818;3590;850726;716476;78.8;66.4
06;2021-08-22;368;707;851094;717183;78.8;66.4
06;2021-08-23;2432;6528;853526;723711;79.1;67.0
06;2021-08-24;2816;6467;856342;730178;79.3;67.6
06;2021-08-25;2552;5671;858894;735849;79.6;68.2
06;2021-08-26;2646;6876;861540;742725;79.8;68.8
06;2021-08-27;2450;7084;863990;749809;80.0;69.5
06;2021-08-28;1283;3331;865273;753140;80.2;69.8
06;2021-08-29;289;825;865562;753965;80.2;69.9
06;2021-08-30;2367;6372;867929;760337;80.4;70.4
06;2021-08-31;2705;7139;870634;767476;80.7;71.1
06;2021-09-01;2238;5811;872872;773287;80.9;71.6
06;2021-09-02;2393;6428;875265;779715;81.1;72.2
06;2021-09-03;2091;6878;877356;786593;81.3;72.9
06;2021-09-04;1333;3651;878689;790244;81.4;73.2
06;2021-09-05;264;526;878953;790770;81.4;73.3
06;2021-09-06;1373;4899;880326;795669;81.6;73.7
06;2021-09-07;1576;5261;881902;800930;81.7;74.2
06;2021-09-08;1523;4459;883425;805389;81.8;74.6
06;2021-09-09;1384;4172;884809;809561;82.0;75.0
06;2021-09-10;1743;4249;886552;813810;82.1;75.4
06;2021-09-11;1040;2452;887592;816262;82.2;75.6
06;2021-09-12;140;335;887732;816597;82.2;75.7
06;2021-09-13;1245;3524;888977;820121;82.4;76.0
06;2021-09-14;1395;3104;890372;823225;82.5;76.3
07;2020-12-27;0;0;0;0;0.0;0.0
07;2020-12-28;0;0;0;0;0.0;0.0
07;2020-12-29;0;0;0;0;0.0;0.0
07;2020-12-30;0;0;0;0;0.0;0.0
07;2020-12-31;0;0;0;0;0.0;0.0
07;2021-01-01;7;0;7;0;0.0;0.0
07;2021-01-02;0;0;7;0;0.0;0.0
07;2021-01-03;0;0;7;0;0.0;0.0
07;2021-01-04;0;0;7;0;0.0;0.0
07;2021-01-05;0;0;7;0;0.0;0.0
07;2021-01-06;31;0;38;0;0.0;0.0
07;2021-01-07;130;1;168;1;0.1;0.0
07;2021-01-08;45;1;213;2;0.1;0.0
07;2021-01-09;17;0;230;2;0.1;0.0
07;2021-01-10;0;0;230;2;0.1;0.0
07;2021-01-11;157;1;387;3;0.1;0.0
07;2021-01-12;310;0;697;3;0.2;0.0
07;2021-01-13;309;1;1006;4;0.3;0.0
07;2021-01-14;476;0;1482;4;0.5;0.0
07;2021-01-15;188;0;1670;4;0.5;0.0
07;2021-01-16;17;0;1687;4;0.5;0.0
07;2021-01-17;2;0;1689;4;0.5;0.0
07;2021-01-18;364;4;2053;8;0.6;0.0
07;2021-01-19;831;2;2884;10;0.9;0.0
07;2021-01-20;605;2;3489;12;1.1;0.0
07;2021-01-21;452;3;3941;15;1.2;0.0
07;2021-01-22;291;0;4232;15;1.3;0.0
07;2021-01-23;107;0;4339;15;1.3;0.0
07;2021-01-24;0;0;4339;15;1.3;0.0
07;2021-01-25;164;0;4503;15;1.4;0.0
07;2021-01-26;491;4;4994;19;1.5;0.0
07;2021-01-27;556;8;5550;27;1.7;0.0
07;2021-01-28;1207;101;6757;128;2.1;0.0
07;2021-01-29;707;17;7464;145;2.3;0.0
07;2021-01-30;213;4;7677;149;2.3;0.0
07;2021-01-31;7;0;7684;149;2.4;0.0
07;2021-02-01;267;17;7951;166;2.4;0.1
07;2021-02-02;664;195;8615;361;2.6;0.1
07;2021-02-03;1046;175;9661;536;3.0;0.2
07;2021-02-04;722;248;10383;784;3.2;0.2
07;2021-02-05;484;240;10867;1024;3.3;0.3
07;2021-02-06;98;3;10965;1027;3.4;0.3
07;2021-02-07;12;1;10977;1028;3.4;0.3
07;2021-02-08;239;143;11216;1171;3.4;0.4
07;2021-02-09;488;303;11704;1474;3.6;0.5
07;2021-02-10;538;366;12242;1840;3.7;0.6
07;2021-02-11;400;243;12642;2083;3.9;0.6
07;2021-02-12;267;146;12909;2229;3.9;0.7
07;2021-02-13;69;16;12978;2245;4.0;0.7
07;2021-02-14;0;0;12978;2245;4.0;0.7
07;2021-02-15;270;103;13248;2348;4.1;0.7
07;2021-02-16;348;309;13596;2657;4.2;0.8
07;2021-02-17;466;284;14062;2941;4.3;0.9
07;2021-02-18;562;719;14624;3660;4.5;1.1
07;2021-02-19;457;474;15081;4134;4.6;1.3
07;2021-02-20;109;58;15190;4192;4.6;1.3
07;2021-02-21;15;0;15205;4192;4.7;1.3
07;2021-02-22;425;178;15630;4370;4.8;1.3
07;2021-02-23;646;579;16276;4949;5.0;1.5
07;2021-02-24;928;654;17204;5603;5.3;1.7
07;2021-02-25;710;468;17914;6071;5.5;1.9
07;2021-02-26;845;243;18759;6314;5.7;1.9
07;2021-02-27;190;138;18949;6452;5.8;2.0
07;2021-02-28;1;0;18950;6452;5.8;2.0
07;2021-03-01;438;180;19388;6632;5.9;2.0
07;2021-03-02;655;522;20043;7154;6.1;2.2
07;2021-03-03;693;478;20736;7632;6.3;2.3
07;2021-03-04;1100;311;21836;7943;6.7;2.4
07;2021-03-05;1084;340;22920;8283;7.0;2.5
07;2021-03-06;1125;96;24045;8379;7.4;2.6
07;2021-03-07;717;20;24762;8399;7.6;2.6
07;2021-03-08;352;278;25114;8677;7.7;2.7
07;2021-03-09;1089;393;26203;9070;8.0;2.8
07;2021-03-10;867;500;27070;9570;8.3;2.9
07;2021-03-11;1373;442;28443;10012;8.7;3.1
07;2021-03-12;1618;539;30061;10551;9.2;3.2
07;2021-03-13;682;89;30743;10640;9.4;3.3
07;2021-03-14;4;0;30747;10640;9.4;3.3
07;2021-03-15;527;275;31274;10915;9.6;3.3
07;2021-03-16;1209;475;32483;11390;9.9;3.5
07;2021-03-17;1188;769;33671;12159;10.3;3.7
07;2021-03-18;1219;405;34890;12564;10.7;3.8
07;2021-03-19;1268;422;36158;12986;11.1;4.0
07;2021-03-20;467;106;36625;13092;11.2;4.0
07;2021-03-21;3;1;36628;13093;11.2;4.0
07;2021-03-22;790;530;37418;13623;11.4;4.2
07;2021-03-23;1518;711;38936;14334;11.9;4.4
07;2021-03-24;1278;660;40214;14994;12.3;4.6
07;2021-03-25;1852;507;42066;15501;12.9;4.7
07;2021-03-26;1834;435;43900;15936;13.4;4.9
07;2021-03-27;385;96;44285;16032;13.5;4.9
07;2021-03-28;6;1;44291;16033;13.5;4.9
07;2021-03-29;789;354;45080;16387;13.8;5.0
07;2021-03-30;1526;506;46606;16893;14.3;5.2
07;2021-03-31;1660;507;48266;17400;14.8;5.3
07;2021-04-01;1588;661;49854;18061;15.3;5.5
07;2021-04-02;1523;438;51377;18499;15.7;5.7
07;2021-04-03;230;106;51607;18605;15.8;5.7
07;2021-04-04;3;1;51610;18606;15.8;5.7
07;2021-04-05;0;66;51610;18672;15.8;5.7
07;2021-04-06;1160;759;52770;19431;16.1;5.9
07;2021-04-07;1316;900;54086;20331;16.5;6.2
07;2021-04-08;1969;1176;56055;21507;17.1;6.6
07;2021-04-09;2425;567;58480;22074;17.9;6.8
07;2021-04-10;808;162;59288;22236;18.1;6.8
07;2021-04-11;339;12;59627;22248;18.2;6.8
07;2021-04-12;1287;596;60914;22844;18.6;7.0
07;2021-04-13;1768;1336;62682;24180;19.2;7.4
07;2021-04-14;1678;1008;64360;25188;19.7;7.7
07;2021-04-15;1443;842;65803;26030;20.1;8.0
07;2021-04-16;1505;907;67308;26937;20.6;8.2
07;2021-04-17;870;216;68178;27153;20.9;8.3
07;2021-04-18;701;38;68879;27191;21.1;8.3
07;2021-04-19;1161;574;70040;27765;21.4;8.5
07;2021-04-20;1442;1318;71482;29083;21.9;8.9
07;2021-04-21;1718;917;73200;30000;22.4;9.2
07;2021-04-22;1817;965;75017;30965;22.9;9.5
07;2021-04-23;1411;969;76428;31934;23.4;9.8
07;2021-04-24;962;252;77390;32186;23.7;9.8
07;2021-04-25;717;69;78107;32255;23.9;9.9
07;2021-04-26;1138;677;79245;32932;24.2;10.1
07;2021-04-27;1396;1565;80641;34497;24.7;10.6
07;2021-04-28;1636;1755;82277;36252;25.2;11.1
07;2021-04-29;1938;1531;84215;37783;25.8;11.6
07;2021-04-30;1661;1478;85876;39261;26.3;12.0
07;2021-05-01;960;118;86836;39379;26.6;12.0
07;2021-05-02;844;155;87680;39534;26.8;12.1
07;2021-05-03;1280;434;88960;39968;27.2;12.2
07;2021-05-04;2171;1564;91131;41532;27.9;12.7
07;2021-05-05;1745;1385;92876;42917;28.4;13.1
07;2021-05-06;2105;1587;94981;44504;29.1;13.6
07;2021-05-07;1597;1555;96578;46059;29.5;14.1
07;2021-05-08;1229;403;97807;46462;29.9;14.2
07;2021-05-09;1030;327;98837;46789;30.2;14.3
07;2021-05-10;1406;1176;100243;47965;30.7;14.7
07;2021-05-11;2472;1693;102715;49658;31.4;15.2
07;2021-05-12;2165;1277;104880;50935;32.1;15.6
07;2021-05-13;1712;273;106592;51208;32.6;15.7
07;2021-05-14;1735;996;108327;52204;33.1;16.0
07;2021-05-15;1627;500;109954;52704;33.6;16.1
07;2021-05-16;1444;213;111398;52917;34.1;16.2
07;2021-05-17;1772;857;113170;53774;34.6;16.5
07;2021-05-18;2296;1301;115466;55075;35.3;16.8
07;2021-05-19;2375;999;117841;56074;36.1;17.2
07;2021-05-20;2165;1308;120006;57382;36.7;17.6
07;2021-05-21;1758;1312;121764;58694;37.3;18.0
07;2021-05-22;935;542;122699;59236;37.5;18.1
07;2021-05-23;857;157;123556;59393;37.8;18.2
07;2021-05-24;1650;339;125206;59732;38.3;18.3
07;2021-05-25;2185;1476;127391;61208;39.0;18.7
07;2021-05-26;1529;1380;128920;62588;39.4;19.1
07;2021-05-27;2018;1412;130938;64000;40.1;19.6
07;2021-05-28;1771;2078;132709;66078;40.6;20.2
07;2021-05-29;943;682;133652;66760;40.9;20.4
07;2021-05-30;622;570;134274;67330;41.1;20.6
07;2021-05-31;1133;1281;135407;68611;41.4;21.0
07;2021-06-01;2153;2001;137560;70612;42.1;21.6
07;2021-06-02;1530;1653;139090;72265;42.6;22.1
07;2021-06-03;1712;1254;140802;73519;43.1;22.5
07;2021-06-04;1676;1593;142478;75112;43.6;23.0
07;2021-06-05;987;955;143465;76067;43.9;23.3
07;2021-06-06;598;624;144063;76691;44.1;23.5
07;2021-06-07;962;1193;145025;77884;44.4;23.8
07;2021-06-08;1549;1771;146574;79655;44.8;24.4
07;2021-06-09;1030;1418;147604;81073;45.2;24.8
07;2021-06-10;788;1389;148392;82462;45.4;25.2
07;2021-06-11;1154;2032;149546;84494;45.8;25.8
07;2021-06-12;643;1217;150189;85711;45.9;26.2
07;2021-06-13;395;444;150584;86155;46.1;26.4
07;2021-06-14;566;1959;151150;88114;46.2;27.0
07;2021-06-15;936;2550;152086;90664;46.5;27.7
07;2021-06-16;1024;1852;153110;92516;46.8;28.3
07;2021-06-17;885;1950;153995;94466;47.1;28.9
07;2021-06-18;872;2282;154867;96748;47.4;29.6
07;2021-06-19;603;1453;155470;98201;47.6;30.0
07;2021-06-20;369;727;155839;98928;47.7;30.3
07;2021-06-21;517;2144;156356;101072;47.8;30.9
07;2021-06-22;655;2661;157011;103733;48.0;31.7
07;2021-06-23;680;1961;157691;105694;48.2;32.3
07;2021-06-24;646;1849;158337;107543;48.4;32.9
07;2021-06-25;701;2175;159038;109718;48.7;33.6
07;2021-06-26;362;1431;159400;111149;48.8;34.0
07;2021-06-27;285;1073;159685;112222;48.9;34.3
07;2021-06-28;506;2241;160191;114463;49.0;35.0
07;2021-06-29;540;2986;160731;117449;49.2;35.9
07;2021-06-30;822;2280;161553;119729;49.4;36.6
07;2021-07-01;776;1952;162329;121681;49.7;37.2
07;2021-07-02;882;2297;163211;123978;49.9;37.9
07;2021-07-03;421;1139;163632;125117;50.1;38.3
07;2021-07-04;211;852;163843;125969;50.1;38.5
07;2021-07-05;670;1686;164513;127655;50.3;39.1
07;2021-07-06;880;2632;165393;130287;50.6;39.9
07;2021-07-07;970;1947;166363;132234;50.9;40.5
07;2021-07-08;928;1960;167291;134194;51.2;41.1
07;2021-07-09;995;2261;168286;136455;51.5;41.7
07;2021-07-10;598;1101;168884;137556;51.7;42.1
07;2021-07-11;239;614;169123;138170;51.7;42.3
07;2021-07-12;809;1769;169932;139939;52.0;42.8
07;2021-07-13;1771;3174;171703;143113;52.5;43.8
07;2021-07-14;167;133;171870;143246;52.6;43.8
07;2021-07-15;1961;2464;173831;145710;53.2;44.6
07;2021-07-16;2056;1986;175887;147696;53.8;45.2
07;2021-07-17;1484;1250;177371;148946;54.3;45.6
07;2021-07-18;771;480;178142;149426;54.5;45.7
07;2021-07-19;1514;1686;179656;151112;55.0;46.2
07;2021-07-20;2522;2683;182178;153795;55.7;47.1
07;2021-07-21;1856;1915;184034;155710;56.3;47.6
07;2021-07-22;1919;1373;185953;157083;56.9;48.1
07;2021-07-23;2267;1687;188220;158770;57.6;48.6
07;2021-07-24;1642;1111;189862;159881;58.1;48.9
07;2021-07-25;34;22;189896;159903;58.1;48.9
07;2021-07-26;2197;1539;192093;161442;58.8;49.4
07;2021-07-27;3014;1913;195107;163355;59.7;50.0
07;2021-07-28;1644;1308;196751;164663;60.2;50.4
07;2021-07-29;2541;1274;199292;165937;61.0;50.8
07;2021-07-30;1356;1417;200648;167354;61.4;51.2
07;2021-07-31;1506;922;202154;168276;61.8;51.5
07;2021-08-01;74;26;202228;168302;61.9;51.5
07;2021-08-02;1514;1133;203742;169435;62.3;51.8
07;2021-08-03;2418;1913;206160;171348;63.1;52.4
07;2021-08-04;1948;1031;208108;172379;63.7;52.7
07;2021-08-05;1892;1295;210000;173674;64.2;53.1
07;2021-08-06;2032;1707;212032;175381;64.9;53.7
07;2021-08-07;999;554;213031;175935;65.2;53.8
07;2021-08-08;12;23;213043;175958;65.2;53.8
07;2021-08-09;1258;1383;214301;177341;65.6;54.3
07;2021-08-10;1602;2261;215903;179602;66.1;54.9
07;2021-08-11;1399;1600;217302;181202;66.5;55.4
07;2021-08-12;1104;1484;218406;182686;66.8;55.9
07;2021-08-13;1180;1788;219586;184474;67.2;56.4
07;2021-08-14;512;765;220098;185239;67.3;56.7
07;2021-08-15;9;28;220107;185267;67.3;56.7
07;2021-08-16;757;1328;220864;186595;67.6;57.1
07;2021-08-17;1334;2278;222198;188873;68.0;57.8
07;2021-08-18;872;1514;223070;190387;68.2;58.2
07;2021-08-19;1146;1697;224216;192084;68.6;58.8
07;2021-08-20;899;2085;225115;194169;68.9;59.4
07;2021-08-21;365;549;225480;194718;69.0;59.6
07;2021-08-22;7;23;225487;194741;69.0;59.6
07;2021-08-23;467;1306;225954;196047;69.1;60.0
07;2021-08-24;1124;2309;227078;198356;69.5;60.7
07;2021-08-25;683;1834;227761;200190;69.7;61.2
07;2021-08-26;684;2019;228445;202209;69.9;61.9
07;2021-08-27;779;1820;229224;204029;70.1;62.4
07;2021-08-28;335;607;229559;204636;70.2;62.6
07;2021-08-29;1;33;229560;204669;70.2;62.6
07;2021-08-30;425;1323;229985;205992;70.4;63.0
07;2021-08-31;1091;2281;231076;208273;70.7;63.7
07;2021-09-01;535;1396;231611;209669;70.9;64.1
07;2021-09-02;601;1541;232212;211210;71.0;64.6
07;2021-09-03;735;1889;232947;213099;71.3;65.2
07;2021-09-04;308;716;233255;213815;71.4;65.4
07;2021-09-05;26;26;233281;213841;71.4;65.4
07;2021-09-06;401;1028;233682;214869;71.5;65.7
07;2021-09-07;514;1462;234196;216331;71.6;66.2
07;2021-09-08;440;1161;234636;217492;71.8;66.5
07;2021-09-09;477;1052;235113;218544;71.9;66.9
07;2021-09-10;519;1414;235632;219958;72.1;67.3
07;2021-09-11;167;660;235799;220618;72.1;67.5
07;2021-09-12;0;9;235799;220627;72.1;67.5
07;2021-09-13;347;616;236146;221243;72.2;67.7
07;2021-09-14;518;1117;236664;222360;72.4;68.0
08;2020-12-27;1;0;1;0;0.0;0.0
08;2020-12-28;0;0;1;0;0.0;0.0
08;2020-12-29;0;0;1;0;0.0;0.0
08;2020-12-30;0;0;1;0;0.0;0.0
08;2020-12-31;0;0;1;0;0.0;0.0
08;2021-01-01;0;0;1;0;0.0;0.0
08;2021-01-02;0;0;1;0;0.0;0.0
08;2021-01-03;2;0;3;0;0.0;0.0
08;2021-01-04;24;0;27;0;0.0;0.0
08;2021-01-05;1;0;28;0;0.0;0.0
08;2021-01-06;0;0;28;0;0.0;0.0
08;2021-01-07;188;0;216;0;0.1;0.0
08;2021-01-08;315;0;531;0;0.2;0.0
08;2021-01-09;113;0;644;0;0.2;0.0
08;2021-01-10;1;0;645;0;0.2;0.0
08;2021-01-11;67;0;712;0;0.3;0.0
08;2021-01-12;157;0;869;0;0.3;0.0
08;2021-01-13;480;1;1349;1;0.5;0.0
08;2021-01-14;537;9;1886;10;0.7;0.0
08;2021-01-15;287;2;2173;12;0.8;0.0
08;2021-01-16;107;0;2280;12;0.9;0.0
08;2021-01-17;2;0;2282;12;0.9;0.0
08;2021-01-18;371;2;2653;14;1.0;0.0
08;2021-01-19;873;1;3526;15;1.3;0.0
08;2021-01-20;910;4;4436;19;1.7;0.0
08;2021-01-21;743;1;5179;20;2.0;0.0
08;2021-01-22;677;1;5856;21;2.2;0.0
08;2021-01-23;237;0;6093;21;2.3;0.0
08;2021-01-24;0;0;6093;21;2.3;0.0
08;2021-01-25;209;0;6302;21;2.4;0.0
08;2021-01-26;303;1;6605;22;2.5;0.0
08;2021-01-27;410;1;7015;23;2.6;0.0
08;2021-01-28;565;176;7580;199;2.9;0.1
08;2021-01-29;588;172;8168;371;3.1;0.1
08;2021-01-30;222;59;8390;430;3.2;0.2
08;2021-01-31;0;0;8390;430;3.2;0.2
08;2021-02-01;80;43;8470;473;3.2;0.2
08;2021-02-02;192;160;8662;633;3.3;0.2
08;2021-02-03;141;162;8803;795;3.3;0.3
08;2021-02-04;309;275;9112;1070;3.4;0.4
08;2021-02-05;499;341;9611;1411;3.6;0.5
08;2021-02-06;149;66;9760;1477;3.7;0.6
08;2021-02-07;8;0;9768;1477;3.7;0.6
08;2021-02-08;40;155;9808;1632;3.7;0.6
08;2021-02-09;220;605;10028;2237;3.8;0.8
08;2021-02-10;334;585;10362;2822;3.9;1.1
08;2021-02-11;466;320;10828;3142;4.1;1.2
08;2021-02-12;676;335;11504;3477;4.3;1.3
08;2021-02-13;140;91;11644;3568;4.4;1.3
08;2021-02-14;3;60;11647;3628;4.4;1.4
08;2021-02-15;227;166;11874;3794;4.5;1.4
08;2021-02-16;130;303;12004;4097;4.5;1.5
08;2021-02-17;112;315;12116;4412;4.6;1.7
08;2021-02-18;215;415;12331;4827;4.6;1.8
08;2021-02-19;305;336;12636;5163;4.8;1.9
08;2021-02-20;7;185;12643;5348;4.8;2.0
08;2021-02-21;0;0;12643;5348;4.8;2.0
08;2021-02-22;131;148;12774;5496;4.8;2.1
08;2021-02-23;150;260;12924;5756;4.9;2.2
08;2021-02-24;163;331;13087;6087;4.9;2.3
08;2021-02-25;500;439;13587;6526;5.1;2.5
08;2021-02-26;603;535;14190;7061;5.3;2.7
08;2021-02-27;318;173;14508;7234;5.5;2.7
08;2021-02-28;19;1;14527;7235;5.5;2.7
08;2021-03-01;200;90;14727;7325;5.5;2.8
08;2021-03-02;654;256;15381;7581;5.8;2.9
08;2021-03-03;897;183;16278;7764;6.1;2.9
08;2021-03-04;734;279;17012;8043;6.4;3.0
08;2021-03-05;1022;474;18034;8517;6.8;3.2
08;2021-03-06;695;137;18729;8654;7.1;3.3
08;2021-03-07;75;2;18804;8656;7.1;3.3
08;2021-03-08;217;122;19021;8778;7.2;3.3
08;2021-03-09;688;147;19709;8925;7.4;3.4
08;2021-03-10;1038;113;20747;9038;7.8;3.4
08;2021-03-11;982;232;21729;9270;8.2;3.5
08;2021-03-12;1631;504;23360;9774;8.8;3.7
08;2021-03-13;798;122;24158;9896;9.1;3.7
08;2021-03-14;22;0;24180;9896;9.1;3.7
08;2021-03-15;291;72;24471;9968;9.2;3.8
08;2021-03-16;563;38;25034;10006;9.4;3.8
08;2021-03-17;804;64;25838;10070;9.7;3.8
08;2021-03-18;816;156;26654;10226;10.0;3.9
08;2021-03-19;1135;277;27789;10503;10.5;4.0
08;2021-03-20;511;16;28300;10519;10.7;4.0
08;2021-03-21;13;1;28313;10520;10.7;4.0
08;2021-03-22;367;45;28680;10565;10.8;4.0
08;2021-03-23;733;63;29413;10628;11.1;4.0
08;2021-03-24;1327;69;30740;10697;11.6;4.0
08;2021-03-25;1905;96;32645;10793;12.3;4.1
08;2021-03-26;2570;170;35215;10963;13.3;4.1
08;2021-03-27;898;123;36113;11086;13.6;4.2
08;2021-03-28;228;6;36341;11092;13.7;4.2
08;2021-03-29;261;183;36602;11275;13.8;4.2
08;2021-03-30;832;482;37434;11757;14.1;4.4
08;2021-03-31;852;529;38286;12286;14.4;4.6
08;2021-04-01;1685;445;39971;12731;15.1;4.8
08;2021-04-02;1499;514;41470;13245;15.6;5.0
08;2021-04-03;1329;203;42799;13448;16.1;5.1
08;2021-04-04;134;4;42933;13452;16.2;5.1
08;2021-04-05;17;0;42950;13452;16.2;5.1
08;2021-04-06;703;481;43653;13933;16.4;5.2
08;2021-04-07;911;701;44564;14634;16.8;5.5
08;2021-04-08;1743;521;46307;15155;17.4;5.7
08;2021-04-09;2348;728;48655;15883;18.3;6.0
08;2021-04-10;1448;226;50103;16109;18.9;6.1
08;2021-04-11;10;6;50113;16115;18.9;6.1
08;2021-04-12;671;211;50784;16326;19.1;6.1
08;2021-04-13;1310;610;52094;16936;19.6;6.4
08;2021-04-14;1280;867;53374;17803;20.1;6.7
08;2021-04-15;1606;805;54980;18608;20.7;7.0
08;2021-04-16;1873;880;56853;19488;21.4;7.3
08;2021-04-17;1112;402;57965;19890;21.8;7.5
08;2021-04-18;23;14;57988;19904;21.8;7.5
08;2021-04-19;1151;298;59139;20202;22.3;7.6
08;2021-04-20;1120;542;60259;20744;22.7;7.8
08;2021-04-21;1139;744;61398;21488;23.1;8.1
08;2021-04-22;1327;879;62725;22367;23.6;8.4
08;2021-04-23;1676;1171;64401;23538;24.3;8.9
08;2021-04-24;1325;646;65726;24184;24.8;9.1
08;2021-04-25;26;198;65752;24382;24.8;9.2
08;2021-04-26;1040;156;66792;24538;25.2;9.2
08;2021-04-27;1338;592;68130;25130;25.7;9.5
08;2021-04-28;1453;665;69583;25795;26.2;9.7
08;2021-04-29;1173;1305;70756;27100;26.6;10.2
08;2021-04-30;1769;1606;72525;28706;27.3;10.8
08;2021-05-01;1049;493;73574;29199;27.7;11.0
08;2021-05-02;627;183;74201;29382;27.9;11.1
08;2021-05-03;1169;372;75370;29754;28.4;11.2
08;2021-05-04;1328;873;76698;30627;28.9;11.5
08;2021-05-05;1567;1335;78265;31962;29.5;12.0
08;2021-05-06;1971;1650;80236;33612;30.2;12.7
08;2021-05-07;1861;2097;82097;35709;30.9;13.4
08;2021-05-08;923;767;83020;36476;31.3;13.7
08;2021-05-09;443;71;83463;36547;31.4;13.8
08;2021-05-10;1192;657;84655;37204;31.9;14.0
08;2021-05-11;1910;940;86565;38144;32.6;14.4
08;2021-05-12;1810;1239;88375;39383;33.3;14.8
08;2021-05-13;1306;616;89681;39999;33.8;15.1
08;2021-05-14;2534;1036;92215;41035;34.7;15.5
08;2021-05-15;1821;712;94036;41747;35.4;15.7
08;2021-05-16;820;102;94856;41849;35.7;15.8
08;2021-05-17;700;905;95556;42754;36.0;16.1
08;2021-05-18;1251;838;96807;43592;36.5;16.4
08;2021-05-19;1610;960;98417;44552;37.1;16.8
08;2021-05-20;2147;955;100564;45507;37.9;17.1
08;2021-05-21;2338;1273;102902;46780;38.8;17.6
08;2021-05-22;1817;762;104719;47542;39.4;17.9
08;2021-05-23;864;90;105583;47632;39.8;17.9
08;2021-05-24;716;106;106299;47738;40.0;18.0
08;2021-05-25;1456;669;107755;48407;40.6;18.2
08;2021-05-26;1526;1008;109281;49415;41.2;18.6
08;2021-05-27;2005;1143;111286;50558;41.9;19.0
08;2021-05-28;1973;1811;113259;52369;42.7;19.7
08;2021-05-29;1768;960;115027;53329;43.3;20.1
08;2021-05-30;836;102;115863;53431;43.6;20.1
08;2021-05-31;755;569;116618;54000;43.9;20.3
08;2021-06-01;1350;876;117968;54876;44.4;20.7
08;2021-06-02;1295;1192;119263;56068;44.9;21.1
08;2021-06-03;1386;1521;120649;57589;45.4;21.7
08;2021-06-04;1777;2418;122426;60007;46.1;22.6
08;2021-06-05;1177;1379;123603;61386;46.5;23.1
08;2021-06-06;907;106;124510;61492;46.9;23.2
08;2021-06-07;661;1174;125171;62666;47.1;23.6
08;2021-06-08;931;1496;126102;64162;47.5;24.2
08;2021-06-09;841;1386;126943;65548;47.8;24.7
08;2021-06-10;1718;1561;128661;67109;48.5;25.3
08;2021-06-11;1721;2206;130382;69315;49.1;26.1
08;2021-06-12;1418;1526;131800;70841;49.6;26.7
08;2021-06-13;386;598;132186;71439;49.8;26.9
08;2021-06-14;380;1304;132566;72743;49.9;27.4
08;2021-06-15;742;1549;133308;74292;50.2;28.0
08;2021-06-16;809;2052;134117;76344;50.5;28.8
08;2021-06-17;1285;1850;135402;78194;51.0;29.4
08;2021-06-18;1609;2592;137011;80786;51.6;30.4
08;2021-06-19;1325;1405;138336;82191;52.1;31.0
08;2021-06-20;117;422;138453;82613;52.1;31.1
08;2021-06-21;494;1397;138947;84010;52.3;31.6
08;2021-06-22;809;2023;139756;86033;52.6;32.4
08;2021-06-23;860;1672;140616;87705;53.0;33.0
08;2021-06-24;1038;1923;141654;89628;53.3;33.8
08;2021-06-25;1084;2729;142738;92357;53.8;34.8
08;2021-06-26;1011;1784;143749;94141;54.1;35.5
08;2021-06-27;351;642;144100;94783;54.3;35.7
08;2021-06-28;397;1324;144497;96107;54.4;36.2
08;2021-06-29;628;1472;145125;97579;54.7;36.7
08;2021-06-30;856;1689;145981;99268;55.0;37.4
08;2021-07-01;887;2193;146868;101461;55.3;38.2
08;2021-07-02;939;2644;147807;104105;55.7;39.2
08;2021-07-03;784;2145;148591;106250;56.0;40.0
08;2021-07-04;128;861;148719;107111;56.0;40.3
08;2021-07-05;104;1195;148823;108306;56.0;40.8
08;2021-07-06;425;1834;149248;110140;56.2;41.5
08;2021-07-07;364;1781;149612;111921;56.3;42.1
08;2021-07-08;717;2016;150329;113937;56.6;42.9
08;2021-07-09;734;2434;151063;116371;56.9;43.8
08;2021-07-10;653;1998;151716;118369;57.1;44.6
08;2021-07-11;238;726;151954;119095;57.2;44.9
08;2021-07-12;312;1192;152266;120287;57.3;45.3
08;2021-07-13;946;1787;153212;122074;57.7;46.0
08;2021-07-14;178;329;153390;122403;57.8;46.1
08;2021-07-15;760;2448;154150;124851;58.1;47.0
08;2021-07-16;1084;2404;155234;127255;58.5;47.9
08;2021-07-17;993;2105;156227;129360;58.8;48.7
08;2021-07-18;346;741;156573;130101;59.0;49.0
08;2021-07-19;457;918;157030;131019;59.1;49.3
08;2021-07-20;878;1435;157908;132454;59.5;49.9
08;2021-07-21;1235;1716;159143;134170;59.9;50.5
08;2021-07-22;1151;2168;160294;136338;60.4;51.3
08;2021-07-23;1586;2441;161880;138779;61.0;52.3
08;2021-07-24;1310;1921;163190;140700;61.5;53.0
08;2021-07-25;774;445;163964;141145;61.7;53.2
08;2021-07-26;1323;843;165287;141988;62.2;53.5
08;2021-07-27;2188;1405;167475;143393;63.1;54.0
08;2021-07-28;2414;1452;169889;144845;64.0;54.5
08;2021-07-29;2605;1346;172494;146191;65.0;55.1
08;2021-07-30;2601;1588;175095;147779;65.9;55.7
08;2021-07-31;1974;1076;177069;148855;66.7;56.1
08;2021-08-01;935;300;178004;149155;67.0;56.2
08;2021-08-02;1256;682;179260;149837;67.5;56.4
08;2021-08-03;1633;821;180893;150658;68.1;56.7
08;2021-08-04;1493;663;182386;151321;68.7;57.0
08;2021-08-05;1905;977;184291;152298;69.4;57.4
08;2021-08-06;2589;1100;186880;153398;70.4;57.8
08;2021-08-07;1674;1161;188554;154559;71.0;58.2
08;2021-08-08;585;373;189139;154932;71.2;58.3
08;2021-08-09;672;534;189811;155466;71.5;58.5
08;2021-08-10;881;750;190692;156216;71.8;58.8
08;2021-08-11;524;791;191216;157007;72.0;59.1
08;2021-08-12;1161;1079;192377;158086;72.4;59.5
08;2021-08-13;1157;1012;193534;159098;72.9;59.9
08;2021-08-14;587;912;194121;160010;73.1;60.3
08;2021-08-15;137;274;194258;160284;73.2;60.4
08;2021-08-16;220;1180;194478;161464;73.2;60.8
08;2021-08-17;514;1210;194992;162674;73.4;61.3
08;2021-08-18;280;1264;195272;163938;73.5;61.7
08;2021-08-19;605;1888;195877;165826;73.8;62.5
08;2021-08-20;685;2178;196562;168004;74.0;63.3
08;2021-08-21;274;1339;196836;169343;74.1;63.8
08;2021-08-22;105;900;196941;170243;74.2;64.1
08;2021-08-23;160;1448;197101;171691;74.2;64.7
08;2021-08-24;361;1753;197462;173444;74.4;65.3
08;2021-08-25;320;1248;197782;174692;74.5;65.8
08;2021-08-26;500;2065;198282;176757;74.7;66.6
08;2021-08-27;449;2324;198731;179081;74.8;67.4
08;2021-08-28;260;1287;198991;180368;74.9;67.9
08;2021-08-29;167;561;199158;180929;75.0;68.1
08;2021-08-30;302;1167;199460;182096;75.1;68.6
08;2021-08-31;360;1284;199820;183380;75.3;69.1
08;2021-09-01;413;1353;200233;184733;75.4;69.6
08;2021-09-02;463;1291;200696;186024;75.6;70.1
08;2021-09-03;462;1693;201158;187717;75.8;70.7
08;2021-09-04;348;1464;201506;189181;75.9;71.2
08;2021-09-05;106;206;201612;189387;75.9;71.3
08;2021-09-06;196;515;201808;189902;76.0;71.5
08;2021-09-07;205;612;202013;190514;76.1;71.7
08;2021-09-08;277;597;202290;191111;76.2;72.0
08;2021-09-09;342;743;202632;191854;76.3;72.3
08;2021-09-10;493;1028;203125;192882;76.5;72.6
08;2021-09-11;384;848;203509;193730;76.6;73.0
08;2021-09-12;52;91;203561;193821;76.7;73.0
08;2021-09-13;373;250;203934;194071;76.8;73.1
08;2021-09-14;264;421;204198;194492;76.9;73.2
09;2020-12-27;0;0;0;0;0.0;0.0
09;2020-12-28;1;0;1;0;0.0;0.0
09;2020-12-29;0;0;1;0;0.0;0.0
09;2020-12-30;0;0;1;0;0.0;0.0
09;2020-12-31;0;0;1;0;0.0;0.0
09;2021-01-01;0;0;1;0;0.0;0.0
09;2021-01-02;0;0;1;0;0.0;0.0
09;2021-01-03;0;0;1;0;0.0;0.0
09;2021-01-04;2;1;3;1;0.0;0.0
09;2021-01-05;0;0;3;1;0.0;0.0
09;2021-01-06;3;0;6;1;0.0;0.0
09;2021-01-07;257;2;263;3;0.2;0.0
09;2021-01-08;228;0;491;3;0.3;0.0
09;2021-01-09;103;0;594;3;0.4;0.0
09;2021-01-10;59;0;653;3;0.4;0.0
09;2021-01-11;175;0;828;3;0.5;0.0
09;2021-01-12;303;0;1131;3;0.7;0.0
09;2021-01-13;196;0;1327;3;0.9;0.0
09;2021-01-14;432;8;1759;11;1.2;0.0
09;2021-01-15;223;1;1982;12;1.3;0.0
09;2021-01-16;192;1;2174;13;1.4;0.0
09;2021-01-17;123;0;2297;13;1.5;0.0
09;2021-01-18;265;1;2562;14;1.7;0.0
09;2021-01-19;256;1;2818;15;1.8;0.0
09;2021-01-20;346;1;3164;16;2.1;0.0
09;2021-01-21;331;1;3495;17;2.3;0.0
09;2021-01-22;329;1;3824;18;2.5;0.0
09;2021-01-23;237;0;4061;18;2.7;0.0
09;2021-01-24;85;1;4146;19;2.7;0.0
09;2021-01-25;206;10;4352;29;2.9;0.0
09;2021-01-26;632;25;4984;54;3.3;0.0
09;2021-01-27;472;45;5456;99;3.6;0.1
09;2021-01-28;286;140;5742;239;3.8;0.2
09;2021-01-29;251;121;5993;360;3.9;0.2
09;2021-01-30;143;50;6136;410;4.0;0.3
09;2021-01-31;56;10;6192;420;4.1;0.3
09;2021-02-01;81;127;6273;547;4.1;0.4
09;2021-02-02;57;276;6330;823;4.2;0.5
09;2021-02-03;87;187;6417;1010;4.2;0.7
09;2021-02-04;49;260;6466;1270;4.2;0.8
09;2021-02-05;90;117;6556;1387;4.3;0.9
09;2021-02-06;68;31;6624;1418;4.3;0.9
09;2021-02-07;6;48;6630;1466;4.4;1.0
09;2021-02-08;22;139;6652;1605;4.4;1.1
09;2021-02-09;55;215;6707;1820;4.4;1.2
09;2021-02-10;14;121;6721;1941;4.4;1.3
09;2021-02-11;6;156;6727;2097;4.4;1.4
09;2021-02-12;148;100;6875;2197;4.5;1.4
09;2021-02-13;7;115;6882;2312;4.5;1.5
09;2021-02-14;0;35;6882;2347;4.5;1.5
09;2021-02-15;75;105;6957;2452;4.6;1.6
09;2021-02-16;227;424;7184;2876;4.7;1.9
09;2021-02-17;83;317;7267;3193;4.8;2.1
09;2021-02-18;87;352;7354;3545;4.8;2.3
09;2021-02-19;63;188;7417;3733;4.9;2.4
09;2021-02-20;59;143;7476;3876;4.9;2.5
09;2021-02-21;0;37;7476;3913;4.9;2.6
09;2021-02-22;127;164;7603;4077;5.0;2.7
09;2021-02-23;161;102;7764;4179;5.1;2.7
09;2021-02-24;74;141;7838;4320;5.1;2.8
09;2021-02-25;211;143;8049;4463;5.3;2.9
09;2021-02-26;162;139;8211;4602;5.4;3.0
09;2021-02-27;65;44;8276;4646;5.4;3.0
09;2021-02-28;44;13;8320;4659;5.5;3.1
09;2021-03-01;247;83;8567;4742;5.6;3.1
09;2021-03-02;282;63;8849;4805;5.8;3.2
09;2021-03-03;252;120;9101;4925;6.0;3.2
09;2021-03-04;414;29;9515;4954;6.2;3.3
09;2021-03-05;331;47;9846;5001;6.5;3.3
09;2021-03-06;397;41;10243;5042;6.7;3.3
09;2021-03-07;124;4;10367;5046;6.8;3.3
09;2021-03-08;380;60;10747;5106;7.1;3.4
09;2021-03-09;437;128;11184;5234;7.3;3.4
09;2021-03-10;562;71;11746;5305;7.7;3.5
09;2021-03-11;695;77;12441;5382;8.2;3.5
09;2021-03-12;660;31;13101;5413;8.6;3.6
09;2021-03-13;385;3;13486;5416;8.8;3.6
09;2021-03-14;120;3;13606;5419;8.9;3.6
09;2021-03-15;467;50;14073;5469;9.2;3.6
09;2021-03-16;370;77;14443;5546;9.5;3.6
09;2021-03-17;399;72;14842;5618;9.7;3.7
09;2021-03-18;454;43;15296;5661;10.0;3.7
09;2021-03-19;525;56;15821;5717;10.4;3.8
09;2021-03-20;314;39;16135;5756;10.6;3.8
09;2021-03-21;105;0;16240;5756;10.7;3.8
09;2021-03-22;424;117;16664;5873;10.9;3.9
09;2021-03-23;567;164;17231;6037;11.3;4.0
09;2021-03-24;711;43;17942;6080;11.8;4.0
09;2021-03-25;869;134;18811;6214;12.3;4.1
09;2021-03-26;751;47;19562;6261;12.8;4.1
09;2021-03-27;622;70;20184;6331;13.2;4.2
09;2021-03-28;132;24;20316;6355;13.3;4.2
09;2021-03-29;498;273;20814;6628;13.7;4.3
09;2021-03-30;729;153;21543;6781;14.1;4.4
09;2021-03-31;803;182;22346;6963;14.7;4.6
09;2021-04-01;734;252;23080;7215;15.1;4.7
09;2021-04-02;694;264;23774;7479;15.6;4.9
09;2021-04-03;771;116;24545;7595;16.1;5.0
09;2021-04-04;122;57;24667;7652;16.2;5.0
09;2021-04-05;237;61;24904;7713;16.3;5.1
09;2021-04-06;1058;390;25962;8103;17.0;5.3
09;2021-04-07;1209;359;27171;8462;17.8;5.6
09;2021-04-08;1470;406;28641;8868;18.8;5.8
09;2021-04-09;1138;416;29779;9284;19.5;6.1
09;2021-04-10;1349;196;31128;9480;20.4;6.2
09;2021-04-11;173;101;31301;9581;20.5;6.3
09;2021-04-12;737;345;32038;9926;21.0;6.5
09;2021-04-13;1047;413;33085;10339;21.7;6.8
09;2021-04-14;1332;510;34417;10849;22.6;7.1
09;2021-04-15;1147;502;35564;11351;23.3;7.4
09;2021-04-16;1032;405;36596;11756;24.0;7.7
09;2021-04-17;1193;356;37789;12112;24.8;7.9
09;2021-04-18;102;96;37891;12208;24.9;8.0
09;2021-04-19;697;406;38588;12614;25.3;8.3
09;2021-04-20;766;528;39354;13142;25.8;8.6
09;2021-04-21;939;588;40293;13730;26.4;9.0
09;2021-04-22;666;605;40959;14335;26.9;9.4
09;2021-04-23;774;430;41733;14765;27.4;9.7
09;2021-04-24;741;671;42474;15436;27.9;10.1
09;2021-04-25;75;112;42549;15548;27.9;10.2
09;2021-04-26;382;529;42931;16077;28.2;10.5
09;2021-04-27;444;719;43375;16796;28.5;11.0
09;2021-04-28;806;794;44181;17590;29.0;11.5
09;2021-04-29;550;777;44731;18367;29.4;12.1
09;2021-04-30;621;723;45352;19090;29.8;12.5
09;2021-05-01;478;455;45830;19545;30.1;12.8
09;2021-05-02;51;100;45881;19645;30.1;12.9
09;2021-05-03;521;662;46402;20307;30.4;13.3
09;2021-05-04;554;1347;46956;21654;30.8;14.2
09;2021-05-05;822;1348;47778;23002;31.4;15.1
09;2021-05-06;849;1032;48627;24034;31.9;15.8
09;2021-05-07;977;822;49604;24856;32.5;16.3
09;2021-05-08;395;461;49999;25317;32.8;16.6
09;2021-05-09;264;84;50263;25401;33.0;16.7
09;2021-05-10;504;966;50767;26367;33.3;17.3
09;2021-05-11;741;1049;51508;27416;33.8;18.0
09;2021-05-12;1535;1402;53043;28818;34.8;18.9
09;2021-05-13;1383;425;54426;29243;35.7;19.2
09;2021-05-14;986;653;55412;29896;36.4;19.6
09;2021-05-15;1236;789;56648;30685;37.2;20.1
09;2021-05-16;296;48;56944;30733;37.4;20.2
09;2021-05-17;873;412;57817;31145;37.9;20.4
09;2021-05-18;1291;395;59108;31540;38.8;20.7
09;2021-05-19;1496;371;60604;31911;39.8;20.9
09;2021-05-20;1380;404;61984;32315;40.7;21.2
09;2021-05-21;1164;496;63148;32811;41.4;21.5
09;2021-05-22;1546;365;64694;33176;42.5;21.8
09;2021-05-23;273;24;64967;33200;42.6;21.8
09;2021-05-24;177;100;65144;33300;42.7;21.9
09;2021-05-25;998;500;66142;33800;43.4;22.2
09;2021-05-26;1285;447;67427;34247;44.2;22.5
09;2021-05-27;966;403;68393;34650;44.9;22.7
09;2021-05-28;958;511;69351;35161;45.5;23.1
09;2021-05-29;1796;601;71147;35762;46.7;23.5
09;2021-05-30;541;197;71688;35959;47.0;23.6
09;2021-05-31;717;592;72405;36551;47.5;24.0
09;2021-06-01;970;638;73375;37189;48.1;24.4
09;2021-06-02;1009;896;74384;38085;48.8;25.0
09;2021-06-03;810;681;75194;38766;49.3;25.4
09;2021-06-04;877;798;76071;39564;49.9;26.0
09;2021-06-05;1320;875;77391;40439;50.8;26.5
09;2021-06-06;304;108;77695;40547;51.0;26.6
09;2021-06-07;623;517;78318;41064;51.4;26.9
09;2021-06-08;823;488;79141;41552;51.9;27.3
09;2021-06-09;805;834;79946;42386;52.5;27.8
09;2021-06-10;643;534;80589;42920;52.9;28.2
09;2021-06-11;831;762;81420;43682;53.4;28.7
09;2021-06-12;636;809;82056;44491;53.8;29.2
09;2021-06-13;94;130;82150;44621;53.9;29.3
09;2021-06-14;630;708;82780;45329;54.3;29.7
09;2021-06-15;823;889;83603;46218;54.9;30.3
09;2021-06-16;627;1079;84230;47297;55.3;31.0
09;2021-06-17;780;853;85010;48150;55.8;31.6
09;2021-06-18;635;1146;85645;49296;56.2;32.3
09;2021-06-19;517;1580;86162;50876;56.5;33.4
09;2021-06-20;8;279;86170;51155;56.5;33.6
09;2021-06-21;473;698;86643;51853;56.9;34.0
09;2021-06-22;463;1066;87106;52919;57.2;34.7
09;2021-06-23;435;1224;87541;54143;57.4;35.5
09;2021-06-24;581;771;88122;54914;57.8;36.0
09;2021-06-25;411;1063;88533;55977;58.1;36.7
09;2021-06-26;443;1087;88976;57064;58.4;37.4
09;2021-06-27;2;275;88978;57339;58.4;37.6
09;2021-06-28;239;1046;89217;58385;58.5;38.3
09;2021-06-29;314;1228;89531;59613;58.7;39.1
09;2021-06-30;457;1491;89988;61104;59.0;40.1
09;2021-07-01;384;1429;90372;62533;59.3;41.0
09;2021-07-02;308;1162;90680;63695;59.5;41.8
09;2021-07-03;210;1619;90890;65314;59.6;42.9
09;2021-07-04;4;254;90894;65568;59.6;43.0
09;2021-07-05;189;713;91083;66281;59.8;43.5
09;2021-07-06;293;1221;91376;67502;60.0;44.3
09;2021-07-07;419;1399;91795;68901;60.2;45.2
09;2021-07-08;325;1057;92120;69958;60.4;45.9
09;2021-07-09;293;1153;92413;71111;60.6;46.7
09;2021-07-10;345;1727;92758;72838;60.9;47.8
09;2021-07-11;147;392;92905;73230;61.0;48.1
09;2021-07-12;187;1074;93092;74304;61.1;48.8
09;2021-07-13;642;1308;93734;75612;61.5;49.6
09;2021-07-14;490;220;94224;75832;61.8;49.8
09;2021-07-15;819;1165;95043;76997;62.4;50.5
09;2021-07-16;610;1189;95653;78186;62.8;51.3
09;2021-07-17;1016;1444;96669;79630;63.4;52.3
09;2021-07-18;302;221;96971;79851;63.6;52.4
09;2021-07-19;483;973;97454;80824;63.9;53.0
09;2021-07-20;830;1256;98284;82080;64.5;53.9
09;2021-07-21;1017;1167;99301;83247;65.2;54.6
09;2021-07-22;847;909;100148;84156;65.7;55.2
09;2021-07-23;724;910;100872;85066;66.2;55.8
09;2021-07-24;928;464;101800;85530;66.8;56.1
09;2021-07-25;560;134;102360;85664;67.2;56.2
09;2021-07-26;647;767;103007;86431;67.6;56.7
09;2021-07-27;1180;948;104187;87379;68.4;57.3
09;2021-07-28;1196;987;105383;88366;69.1;58.0
09;2021-07-29;1042;737;106425;89103;69.8;58.5
09;2021-07-30;780;624;107205;89727;70.3;58.9
09;2021-07-31;1378;418;108583;90145;71.2;59.2
09;2021-08-01;141;125;108724;90270;71.3;59.2
09;2021-08-02;614;478;109338;90748;71.7;59.5
09;2021-08-03;1254;767;110592;91515;72.6;60.1
09;2021-08-04;1398;654;111990;92169;73.5;60.5
09;2021-08-05;998;677;112988;92846;74.1;60.9
09;2021-08-06;1018;640;114006;93486;74.8;61.3
09;2021-08-07;827;429;114833;93915;75.4;61.6
09;2021-08-08;129;131;114962;94046;75.4;61.7
09;2021-08-09;690;646;115652;94692;75.9;62.1
09;2021-08-10;940;694;116592;95386;76.5;62.6
09;2021-08-11;896;866;117488;96252;77.1;63.2
09;2021-08-12;631;729;118119;96981;77.5;63.6
09;2021-08-13;465;645;118584;97626;77.8;64.1
09;2021-08-14;311;828;118895;98454;78.0;64.6
09;2021-08-15;66;138;118961;98592;78.1;64.7
09;2021-08-16;546;619;119507;99211;78.4;65.1
09;2021-08-17;674;777;120181;99988;78.9;65.6
09;2021-08-18;619;930;120800;100918;79.3;66.2
09;2021-08-19;431;722;121231;101640;79.5;66.7
09;2021-08-20;363;749;121594;102389;79.8;67.2
09;2021-08-21;343;1384;121937;103773;80.0;68.1
09;2021-08-22;67;168;122004;103941;80.1;68.2
09;2021-08-23;336;757;122340;104698;80.3;68.7
09;2021-08-24;405;955;122745;105653;80.5;69.3
09;2021-08-25;283;1004;123028;106657;80.7;70.0
09;2021-08-26;315;927;123343;107584;80.9;70.6
09;2021-08-27;223;740;123566;108324;81.1;71.1
09;2021-08-28;256;970;123822;109294;81.2;71.7
09;2021-08-29;15;144;123837;109438;81.3;71.8
09;2021-08-30;275;748;124112;110186;81.4;72.3
09;2021-08-31;316;1150;124428;111336;81.6;73.1
09;2021-09-01;360;977;124788;112313;81.9;73.7
09;2021-09-02;159;604;124947;112917;82.0;74.1
09;2021-09-03;223;879;125170;113796;82.1;74.7
09;2021-09-04;163;536;125333;114332;82.2;75.0
09;2021-09-05;25;104;125358;114436;82.3;75.1
09;2021-09-06;183;653;125541;115089;82.4;75.5
09;2021-09-07;154;694;125695;115783;82.5;76.0
09;2021-09-08;201;918;125896;116701;82.6;76.6
09;2021-09-09;159;556;126055;117257;82.7;76.9
09;2021-09-10;130;475;126185;117732;82.8;77.3
09;2021-09-11;174;506;126359;118238;82.9;77.6
09;2021-09-12;27;80;126386;118318;82.9;77.6
09;2021-09-13;129;524;126515;118842;83.0;78.0
09;2021-09-14;140;686;126655;119528;83.1;78.4
10;2020-12-27;0;0;0;0;0.0;0.0
10;2020-12-28;0;0;0;0;0.0;0.0
10;2020-12-29;0;0;0;0;0.0;0.0
10;2020-12-30;0;0;0;0;0.0;0.0
10;2020-12-31;0;0;0;0;0.0;0.0
10;2021-01-01;0;0;0;0;0.0;0.0
10;2021-01-02;1;0;1;0;0.0;0.0
10;2021-01-03;0;0;1;0;0.0;0.0
10;2021-01-04;0;0;1;0;0.0;0.0
10;2021-01-05;1;0;2;0;0.0;0.0
10;2021-01-06;0;0;2;0;0.0;0.0
10;2021-01-07;84;0;86;0;0.0;0.0
10;2021-01-08;255;0;341;0;0.1;0.0
10;2021-01-09;0;0;341;0;0.1;0.0
10;2021-01-10;0;0;341;0;0.1;0.0
10;2021-01-11;118;0;459;0;0.1;0.0
10;2021-01-12;195;0;654;0;0.2;0.0
10;2021-01-13;313;0;967;0;0.3;0.0
10;2021-01-14;391;7;1358;7;0.4;0.0
10;2021-01-15;359;3;1717;10;0.6;0.0
10;2021-01-16;56;0;1773;10;0.6;0.0
10;2021-01-17;0;0;1773;10;0.6;0.0
10;2021-01-18;702;0;2475;10;0.8;0.0
10;2021-01-19;1391;2;3866;12;1.2;0.0
10;2021-01-20;1079;7;4945;19;1.6;0.0
10;2021-01-21;1152;2;6097;21;2.0;0.0
10;2021-01-22;819;2;6916;23;2.2;0.0
10;2021-01-23;309;0;7225;23;2.3;0.0
10;2021-01-24;0;0;7225;23;2.3;0.0
10;2021-01-25;445;8;7670;31;2.5;0.0
10;2021-01-26;487;17;8157;48;2.6;0.0
10;2021-01-27;459;14;8616;62;2.8;0.0
10;2021-01-28;358;37;8974;99;2.9;0.0
10;2021-01-29;430;132;9404;231;3.0;0.1
10;2021-01-30;30;0;9434;231;3.0;0.1
10;2021-01-31;0;0;9434;231;3.0;0.1
10;2021-02-01;405;118;9839;349;3.2;0.1
10;2021-02-02;182;133;10021;482;3.2;0.2
10;2021-02-03;361;211;10382;693;3.4;0.2
10;2021-02-04;342;233;10724;926;3.5;0.3
10;2021-02-05;328;264;11052;1190;3.6;0.4
10;2021-02-06;3;35;11055;1225;3.6;0.4
10;2021-02-07;0;0;11055;1225;3.6;0.4
10;2021-02-08;190;310;11245;1535;3.6;0.5
10;2021-02-09;486;442;11731;1977;3.8;0.6
10;2021-02-10;667;455;12398;2432;4.0;0.8
10;2021-02-11;781;572;13179;3004;4.3;1.0
10;2021-02-12;580;516;13759;3520;4.4;1.1
10;2021-02-13;37;93;13796;3613;4.5;1.2
10;2021-02-14;0;0;13796;3613;4.5;1.2
10;2021-02-15;142;298;13938;3911;4.5;1.3
10;2021-02-16;116;412;14054;4323;4.5;1.4
10;2021-02-17;129;467;14183;4790;4.6;1.5
10;2021-02-18;216;413;14399;5203;4.6;1.7
10;2021-02-19;188;389;14587;5592;4.7;1.8
10;2021-02-20;24;151;14611;5743;4.7;1.9
10;2021-02-21;0;0;14611;5743;4.7;1.9
10;2021-02-22;77;343;14688;6086;4.7;2.0
10;2021-02-23;76;453;14764;6539;4.8;2.1
10;2021-02-24;113;306;14877;6845;4.8;2.2
10;2021-02-25;324;318;15201;7163;4.9;2.3
10;2021-02-26;351;257;15552;7420;5.0;2.4
10;2021-02-27;275;107;15827;7527;5.1;2.4
10;2021-02-28;0;0;15827;7527;5.1;2.4
10;2021-03-01;257;281;16084;7808;5.2;2.5
10;2021-03-02;435;322;16519;8130;5.3;2.6
10;2021-03-03;454;518;16973;8648;5.5;2.8
10;2021-03-04;636;462;17609;9110;5.7;2.9
10;2021-03-05;677;227;18286;9337;5.9;3.0
10;2021-03-06;950;42;19236;9379;6.2;3.0
10;2021-03-07;769;6;20005;9385;6.5;3.0
10;2021-03-08;502;398;20507;9783;6.6;3.2
10;2021-03-09;673;378;21180;10161;6.8;3.3
10;2021-03-10;660;333;21840;10494;7.0;3.4
10;2021-03-11;1174;224;23014;10718;7.4;3.5
10;2021-03-12;1338;231;24352;10949;7.9;3.5
10;2021-03-13;891;38;25243;10987;8.1;3.5
10;2021-03-14;1381;15;26624;11002;8.6;3.6
10;2021-03-15;821;76;27445;11078;8.9;3.6
10;2021-03-16;688;61;28133;11139;9.1;3.6
10;2021-03-17;831;67;28964;11206;9.3;3.6
10;2021-03-18;885;79;29849;11285;9.6;3.6
10;2021-03-19;951;64;30800;11349;9.9;3.7
10;2021-03-20;552;18;31352;11367;10.1;3.7
10;2021-03-21;1849;42;33201;11409;10.7;3.7
10;2021-03-22;879;73;34080;11482;11.0;3.7
10;2021-03-23;1244;89;35324;11571;11.4;3.7
10;2021-03-24;1311;58;36635;11629;11.8;3.8
10;2021-03-25;1676;225;38311;11854;12.4;3.8
10;2021-03-26;1431;115;39742;11969;12.8;3.9
10;2021-03-27;762;78;40504;12047;13.1;3.9
10;2021-03-28;1221;29;41725;12076;13.5;3.9
10;2021-03-29;648;303;42373;12379;13.7;4.0
10;2021-03-30;927;374;43300;12753;14.0;4.1
10;2021-03-31;617;358;43917;13111;14.2;4.2
10;2021-04-01;884;682;44801;13793;14.5;4.5
10;2021-04-02;1069;587;45870;14380;14.8;4.6
10;2021-04-03;540;602;46410;14982;15.0;4.8
10;2021-04-04;1826;262;48236;15244;15.6;4.9
10;2021-04-05;1843;43;50079;15287;16.2;4.9
10;2021-04-06;514;650;50593;15937;16.3;5.1
10;2021-04-07;590;540;51183;16477;16.5;5.3
10;2021-04-08;1057;606;52240;17083;16.9;5.5
10;2021-04-09;1130;611;53370;17694;17.2;5.7
10;2021-04-10;1770;349;55140;18043;17.8;5.8
10;2021-04-11;55;1220;55195;19263;17.8;6.2
10;2021-04-12;1003;807;56198;20070;18.1;6.5
10;2021-04-13;1506;893;57704;20963;18.6;6.8
10;2021-04-14;820;601;58524;21564;18.9;7.0
10;2021-04-15;1454;891;59978;22455;19.4;7.2
10;2021-04-16;1109;697;61087;23152;19.7;7.5
10;2021-04-17;2391;361;63478;23513;20.5;7.6
10;2021-04-18;1422;1783;64900;25296;20.9;8.2
10;2021-04-19;838;833;65738;26129;21.2;8.4
10;2021-04-20;546;1033;66284;27162;21.4;8.8
10;2021-04-21;636;973;66920;28135;21.6;9.1
10;2021-04-22;932;963;67852;29098;21.9;9.4
10;2021-04-23;2173;776;70025;29874;22.6;9.6
10;2021-04-24;2296;374;72321;30248;23.3;9.8
10;2021-04-25;1991;1214;74312;31462;24.0;10.2
10;2021-04-26;773;620;75085;32082;24.2;10.4
10;2021-04-27;895;536;75980;32618;24.5;10.5
10;2021-04-28;873;405;76853;33023;24.8;10.7
10;2021-04-29;1433;668;78286;33691;25.3;10.9
10;2021-04-30;2173;768;80459;34459;26.0;11.1
10;2021-05-01;1988;2166;82447;36625;26.6;11.8
10;2021-05-02;1948;1897;84395;38522;27.2;12.4
10;2021-05-03;622;447;85017;38969;27.4;12.6
10;2021-05-04;1145;1247;86162;40216;27.8;13.0
10;2021-05-05;1755;1022;87917;41238;28.4;13.3
10;2021-05-06;2257;947;90174;42185;29.1;13.6
10;2021-05-07;2218;1134;92392;43319;29.8;14.0
10;2021-05-08;2272;858;94664;44177;30.5;14.3
10;2021-05-09;2005;100;96669;44277;31.2;14.3
10;2021-05-10;531;1092;97200;45369;31.4;14.6
10;2021-05-11;1052;1024;98252;46393;31.7;15.0
10;2021-05-12;2062;882;100314;47275;32.4;15.3
10;2021-05-13;2180;435;102494;47710;33.1;15.4
10;2021-05-14;2729;673;105223;48383;34.0;15.6
10;2021-05-15;2426;2049;107649;50432;34.7;16.3
10;2021-05-16;2081;1448;109730;51880;35.4;16.7
10;2021-05-17;1451;442;111181;52322;35.9;16.9
10;2021-05-18;2510;641;113691;52963;36.7;17.1
10;2021-05-19;1553;640;115244;53603;37.2;17.3
10;2021-05-20;1892;846;117136;54449;37.8;17.6
10;2021-05-21;2318;618;119454;55067;38.5;17.8
10;2021-05-22;2180;421;121634;55488;39.2;17.9
10;2021-05-23;1817;138;123451;55626;39.8;17.9
10;2021-05-24;1969;177;125420;55803;40.5;18.0
10;2021-05-25;2195;491;127615;56294;41.2;18.2
10;2021-05-26;1678;419;129293;56713;41.7;18.3
10;2021-05-27;1660;752;130953;57465;42.3;18.5
10;2021-05-28;1721;1180;132674;58645;42.8;18.9
10;2021-05-29;2170;643;134844;59288;43.5;19.1
10;2021-05-30;1029;135;135873;59423;43.8;19.2
10;2021-05-31;1040;741;136913;60164;44.2;19.4
10;2021-06-01;1135;885;138048;61049;44.5;19.7
10;2021-06-02;1033;720;139081;61769;44.9;19.9
10;2021-06-03;1473;1066;140554;62835;45.4;20.3
10;2021-06-04;1768;2598;142322;65433;45.9;21.1
10;2021-06-05;1519;2450;143841;67883;46.4;21.9
10;2021-06-06;1005;1876;144846;69759;46.7;22.5
10;2021-06-07;699;1110;145545;70869;47.0;22.9
10;2021-06-08;897;1172;146442;72041;47.3;23.2
10;2021-06-09;880;911;147322;72952;47.5;23.5
10;2021-06-10;679;1070;148001;74022;47.8;23.9
10;2021-06-11;1199;2197;149200;76219;48.1;24.6
10;2021-06-12;855;2387;150055;78606;48.4;25.4
10;2021-06-13;401;1834;150456;80440;48.5;26.0
10;2021-06-14;538;742;150994;81182;48.7;26.2
10;2021-06-15;741;2129;151735;83311;49.0;26.9
10;2021-06-16;741;1860;152476;85171;49.2;27.5
10;2021-06-17;851;2458;153327;87629;49.5;28.3
10;2021-06-18;1031;2473;154358;90102;49.8;29.1
10;2021-06-19;981;2595;155339;92697;50.1;29.9
10;2021-06-20;549;1597;155888;94294;50.3;30.4
10;2021-06-21;684;1044;156572;95338;50.5;30.8
10;2021-06-22;745;1525;157317;96863;50.8;31.3
10;2021-06-23;653;2407;157970;99270;51.0;32.0
10;2021-06-24;784;2618;158754;101888;51.2;32.9
10;2021-06-25;730;3048;159484;104936;51.5;33.9
10;2021-06-26;513;2746;159997;107682;51.6;34.7
10;2021-06-27;403;1940;160400;109622;51.8;35.4
10;2021-06-28;685;1787;161085;111409;52.0;35.9
10;2021-06-29;617;2696;161702;114105;52.2;36.8
10;2021-06-30;534;1523;162236;115628;52.3;37.3
10;2021-07-01;553;2172;162789;117800;52.5;38.0
10;2021-07-02;668;2727;163457;120527;52.7;38.9
10;2021-07-03;529;2600;163986;123127;52.9;39.7
10;2021-07-04;411;1727;164397;124854;53.0;40.3
10;2021-07-05;668;2222;165065;127076;53.3;41.0
10;2021-07-06;652;2189;165717;129265;53.5;41.7
10;2021-07-07;638;1703;166355;130968;53.7;42.3
10;2021-07-08;751;1458;167106;132426;53.9;42.7
10;2021-07-09;817;1946;167923;134372;54.2;43.4
10;2021-07-10;633;2096;168556;136468;54.4;44.0
10;2021-07-11;500;1383;169056;137851;54.6;44.5
10;2021-07-12;783;1620;169839;139471;54.8;45.0
10;2021-07-13;1126;1873;170965;141344;55.2;45.6
10;2021-07-14;1170;1056;172135;142400;55.5;45.9
10;2021-07-15;1475;1979;173610;144379;56.0;46.6
10;2021-07-16;1241;2274;174851;146653;56.4;47.3
10;2021-07-17;1288;1739;176139;148392;56.8;47.9
10;2021-07-18;942;1225;177081;149617;57.1;48.3
10;2021-07-19;1361;1621;178442;151238;57.6;48.8
10;2021-07-20;1687;1431;180129;152669;58.1;49.3
10;2021-07-21;1395;1484;181524;154153;58.6;49.7
10;2021-07-22;1936;1598;183460;155751;59.2;50.3
10;2021-07-23;1596;1544;185056;157295;59.7;50.8
10;2021-07-24;1390;1227;186446;158522;60.2;51.2
10;2021-07-25;1251;788;187697;159310;60.6;51.4
10;2021-07-26;1913;1314;189610;160624;61.2;51.8
10;2021-07-27;2138;1069;191748;161693;61.9;52.2
10;2021-07-28;2095;1016;193843;162709;62.5;52.5
10;2021-07-29;2439;1204;196282;163913;63.3;52.9
10;2021-07-30;2162;1310;198444;165223;64.0;53.3
10;2021-07-31;1680;937;200124;166160;64.6;53.6
10;2021-08-01;1236;570;201360;166730;65.0;53.8
10;2021-08-02;1417;1337;202777;168067;65.4;54.2
10;2021-08-03;1567;895;204344;168962;65.9;54.5
10;2021-08-04;1318;1066;205662;170028;66.4;54.9
10;2021-08-05;1628;1346;207290;171374;66.9;55.3
10;2021-08-06;1805;1333;209095;172707;67.5;55.7
10;2021-08-07;1151;1132;210246;173839;67.8;56.1
10;2021-08-08;660;751;210906;174590;68.1;56.3
10;2021-08-09;1305;1544;212211;176134;68.5;56.8
10;2021-08-10;1632;1350;213843;177484;69.0;57.3
10;2021-08-11;836;1106;214679;178590;69.3;57.6
10;2021-08-12;1027;1225;215706;179815;69.6;58.0
10;2021-08-13;730;1075;216436;180890;69.8;58.4
10;2021-08-14;571;1235;217007;182125;70.0;58.8
10;2021-08-15;303;780;217310;182905;70.1;59.0
10;2021-08-16;702;1617;218012;184522;70.3;59.5
10;2021-08-17;861;1775;218873;186297;70.6;60.1
10;2021-08-18;695;1619;219568;187916;70.8;60.6
10;2021-08-19;538;1568;220106;189484;71.0;61.1
10;2021-08-20;624;1734;220730;191218;71.2;61.7
10;2021-08-21;419;1424;221149;192642;71.4;62.2
10;2021-08-22;187;1061;221336;193703;71.4;62.5
10;2021-08-23;479;1560;221815;195263;71.6;63.0
10;2021-08-24;665;1770;222480;197033;71.8;63.6
10;2021-08-25;454;1379;222934;198412;71.9;64.0
10;2021-08-26;427;1485;223361;199897;72.1;64.5
10;2021-08-27;620;1587;223981;201484;72.3;65.0
10;2021-08-28;390;1332;224371;202816;72.4;65.4
10;2021-08-29;225;946;224596;203762;72.5;65.7
10;2021-08-30;432;1395;225028;205157;72.6;66.2
10;2021-08-31;466;1450;225494;206607;72.8;66.7
10;2021-09-01;295;1201;225789;207808;72.9;67.1
10;2021-09-02;262;1147;226051;208955;72.9;67.4
10;2021-09-03;400;1218;226451;210173;73.1;67.8
10;2021-09-04;335;1095;226786;211268;73.2;68.2
10;2021-09-05;173;467;226959;211735;73.2;68.3
10;2021-09-06;268;753;227227;212488;73.3;68.6
10;2021-09-07;302;759;227529;213247;73.4;68.8
10;2021-09-08;253;763;227782;214010;73.5;69.1
10;2021-09-09;326;966;228108;214976;73.6;69.4
10;2021-09-10;407;903;228515;215879;73.7;69.7
10;2021-09-11;259;716;228774;216595;73.8;69.9
10;2021-09-12;91;227;228865;216822;73.8;70.0
10;2021-09-13;224;680;229089;217502;73.9;70.2
10;2021-09-14;236;990;229325;218492;74.0;70.5
11;2020-12-27;0;0;0;0;0.0;0.0
11;2020-12-28;1;0;1;0;0.0;0.0
11;2020-12-29;1;0;2;0;0.0;0.0
11;2020-12-30;0;0;2;0;0.0;0.0
11;2020-12-31;0;0;2;0;0.0;0.0
11;2021-01-01;0;0;2;0;0.0;0.0
11;2021-01-02;5;0;7;0;0.0;0.0
11;2021-01-03;0;0;7;0;0.0;0.0
11;2021-01-04;1;0;8;0;0.0;0.0
11;2021-01-05;95;0;103;0;0.0;0.0
11;2021-01-06;25;0;128;0;0.0;0.0
11;2021-01-07;119;0;247;0;0.1;0.0
11;2021-01-08;91;1;338;1;0.1;0.0
11;2021-01-09;86;0;424;1;0.1;0.0
11;2021-01-10;67;0;491;1;0.1;0.0
11;2021-01-11;136;0;627;1;0.2;0.0
11;2021-01-12;545;3;1172;4;0.3;0.0
11;2021-01-13;410;1;1582;5;0.4;0.0
11;2021-01-14;646;8;2228;13;0.6;0.0
11;2021-01-15;342;3;2570;16;0.7;0.0
11;2021-01-16;77;1;2647;17;0.7;0.0
11;2021-01-17;47;1;2694;18;0.7;0.0
11;2021-01-18;388;0;3082;18;0.8;0.0
11;2021-01-19;538;4;3620;22;1.0;0.0
11;2021-01-20;693;7;4313;29;1.2;0.0
11;2021-01-21;649;4;4962;33;1.3;0.0
11;2021-01-22;524;2;5486;35;1.5;0.0
11;2021-01-23;160;0;5646;35;1.5;0.0
11;2021-01-24;139;0;5785;35;1.6;0.0
11;2021-01-25;377;19;6162;54;1.7;0.0
11;2021-01-26;846;86;7008;140;1.9;0.0
11;2021-01-27;801;23;7809;163;2.1;0.0
11;2021-01-28;650;53;8459;216;2.3;0.1
11;2021-01-29;442;120;8901;336;2.4;0.1
11;2021-01-30;137;0;9038;336;2.4;0.1
11;2021-01-31;82;0;9120;336;2.4;0.1
11;2021-02-01;345;187;9465;523;2.5;0.1
11;2021-02-02;412;361;9877;884;2.7;0.2
11;2021-02-03;391;343;10268;1227;2.8;0.3
11;2021-02-04;376;485;10644;1712;2.9;0.5
11;2021-02-05;317;327;10961;2039;2.9;0.5
11;2021-02-06;209;56;11170;2095;3.0;0.6
11;2021-02-07;108;13;11278;2108;3.0;0.6
11;2021-02-08;316;127;11594;2235;3.1;0.6
11;2021-02-09;300;244;11894;2479;3.2;0.7
11;2021-02-10;342;386;12236;2865;3.3;0.8
11;2021-02-11;610;528;12846;3393;3.4;0.9
11;2021-02-12;404;339;13250;3732;3.6;1.0
11;2021-02-13;194;87;13444;3819;3.6;1.0
11;2021-02-14;72;22;13516;3841;3.6;1.0
11;2021-02-15;241;173;13757;4014;3.7;1.1
11;2021-02-16;265;458;14022;4472;3.8;1.2
11;2021-02-17;453;534;14475;5006;3.9;1.3
11;2021-02-18;456;470;14931;5476;4.0;1.5
11;2021-02-19;300;448;15231;5924;4.1;1.6
11;2021-02-20;147;61;15378;5985;4.1;1.6
11;2021-02-21;59;32;15437;6017;4.1;1.6
11;2021-02-22;124;273;15561;6290;4.2;1.7
11;2021-02-23;282;264;15843;6554;4.3;1.8
11;2021-02-24;252;317;16095;6871;4.3;1.8
11;2021-02-25;563;280;16658;7151;4.5;1.9
11;2021-02-26;523;268;17181;7419;4.6;2.0
11;2021-02-27;319;88;17500;7507;4.7;2.0
11;2021-02-28;95;20;17595;7527;4.7;2.0
11;2021-03-01;339;260;17934;7787;4.8;2.1
11;2021-03-02;562;343;18496;8130;5.0;2.2
11;2021-03-03;600;381;19096;8511;5.1;2.3
11;2021-03-04;1078;368;20174;8879;5.4;2.4
11;2021-03-05;1003;373;21177;9252;5.7;2.5
11;2021-03-06;1094;179;22271;9431;6.0;2.5
11;2021-03-07;658;30;22929;9461;6.2;2.5
11;2021-03-08;370;308;23299;9769;6.3;2.6
11;2021-03-09;997;355;24296;10124;6.5;2.7
11;2021-03-10;1174;509;25470;10633;6.8;2.9
11;2021-03-11;1572;407;27042;11040;7.3;3.0
11;2021-03-12;1457;417;28499;11457;7.6;3.1
11;2021-03-13;1160;222;29659;11679;8.0;3.1
11;2021-03-14;523;50;30182;11729;8.1;3.1
11;2021-03-15;651;226;30833;11955;8.3;3.2
11;2021-03-16;853;196;31686;12151;8.5;3.3
11;2021-03-17;907;210;32593;12361;8.7;3.3
11;2021-03-18;1172;281;33765;12642;9.1;3.4
11;2021-03-19;1372;239;35137;12881;9.4;3.5
11;2021-03-20;790;172;35927;13053;9.6;3.5
11;2021-03-21;225;65;36152;13118;9.7;3.5
11;2021-03-22;808;219;36960;13337;9.9;3.6
11;2021-03-23;1806;386;38766;13723;10.4;3.7
11;2021-03-24;1846;314;40612;14037;10.9;3.8
11;2021-03-25;2192;372;42804;14409;11.5;3.9
11;2021-03-26;2125;421;44929;14830;12.1;4.0
11;2021-03-27;1178;145;46107;14975;12.4;4.0
11;2021-03-28;265;42;46372;15017;12.4;4.0
11;2021-03-29;1182;223;47554;15240;12.8;4.1
11;2021-03-30;1993;321;49547;15561;13.3;4.2
11;2021-03-31;1614;384;51161;15945;13.7;4.3
11;2021-04-01;2145;425;53306;16370;14.3;4.4
11;2021-04-02;1643;428;54949;16798;14.7;4.5
11;2021-04-03;720;145;55669;16943;14.9;4.5
11;2021-04-04;198;75;55867;17018;15.0;4.6
11;2021-04-05;257;4;56124;17022;15.1;4.6
11;2021-04-06;1574;551;57698;17573;15.5;4.7
11;2021-04-07;1778;572;59476;18145;16.0;4.9
11;2021-04-08;1784;680;61260;18825;16.4;5.1
11;2021-04-09;2263;602;63523;19427;17.0;5.2
11;2021-04-10;1169;178;64692;19605;17.4;5.3
11;2021-04-11;549;105;65241;19710;17.5;5.3
11;2021-04-12;1616;539;66857;20249;17.9;5.4
11;2021-04-13;2261;883;69118;21132;18.5;5.7
11;2021-04-14;1661;1018;70779;22150;19.0;5.9
11;2021-04-15;1845;1130;72624;23280;19.5;6.2
11;2021-04-16;1837;849;74461;24129;20.0;6.5
11;2021-04-17;1773;561;76234;24690;20.5;6.6
11;2021-04-18;114;155;76348;24845;20.5;6.7
11;2021-04-19;1384;735;77732;25580;20.9;6.9
11;2021-04-20;1729;1277;79461;26857;21.3;7.2
11;2021-04-21;1779;1323;81240;28180;21.8;7.6
11;2021-04-22;1751;1323;82991;29503;22.3;7.9
11;2021-04-23;2012;1235;85003;30738;22.8;8.2
11;2021-04-24;1735;468;86738;31206;23.3;8.4
11;2021-04-25;661;177;87399;31383;23.4;8.4
11;2021-04-26;1380;838;88779;32221;23.8;8.6
11;2021-04-27;1840;1549;90619;33770;24.3;9.1
11;2021-04-28;2009;1465;92628;35235;24.9;9.5
11;2021-04-29;2248;1636;94876;36871;25.5;9.9
11;2021-04-30;2158;1424;97034;38295;26.0;10.3
11;2021-05-01;1338;341;98372;38636;26.4;10.4
11;2021-05-02;588;336;98960;38972;26.6;10.5
11;2021-05-03;1487;735;100447;39707;27.0;10.7
11;2021-05-04;1879;1426;102326;41133;27.5;11.0
11;2021-05-05;1895;1442;104221;42575;28.0;11.4
11;2021-05-06;2192;1477;106413;44052;28.6;11.8
11;2021-05-07;2106;1548;108519;45600;29.1;12.2
11;2021-05-08;898;726;109417;46326;29.4;12.4
11;2021-05-09;628;543;110045;46869;29.5;12.6
11;2021-05-10;1328;1651;111373;48520;29.9;13.0
11;2021-05-11;2041;1868;113414;50388;30.4;13.5
11;2021-05-12;1848;1649;115262;52037;30.9;14.0
11;2021-05-13;1406;414;116668;52451;31.3;14.1
11;2021-05-14;1716;1182;118384;53633;31.8;14.4
11;2021-05-15;1157;897;119541;54530;32.1;14.6
11;2021-05-16;808;164;120349;54694;32.3;14.7
11;2021-05-17;1471;1048;121820;55742;32.7;15.0
11;2021-05-18;1898;1190;123718;56932;33.2;15.3
11;2021-05-19;1847;1123;125565;58055;33.7;15.6
11;2021-05-20;1970;1091;127535;59146;34.2;15.9
11;2021-05-21;2275;1088;129810;60234;34.8;16.2
11;2021-05-22;1485;726;131295;60960;35.2;16.4
11;2021-05-23;768;71;132063;61031;35.4;16.4
11;2021-05-24;1411;224;133474;61255;35.8;16.4
11;2021-05-25;1811;1353;135285;62608;36.3;16.8
11;2021-05-26;1934;1298;137219;63906;36.8;17.1
11;2021-05-27;1988;1722;139207;65628;37.4;17.6
11;2021-05-28;1758;1899;140965;67527;37.8;18.1
11;2021-05-29;1428;1599;142393;69126;38.2;18.5
11;2021-05-30;486;392;142879;69518;38.3;18.7
11;2021-05-31;1261;1615;144140;71133;38.7;19.1
11;2021-06-01;1857;1903;145997;73036;39.2;19.6
11;2021-06-02;1761;2068;147758;75104;39.6;20.2
11;2021-06-03;2600;2410;150358;77514;40.3;20.8
11;2021-06-04;2146;2664;152504;80178;40.9;21.5
11;2021-06-05;1590;1902;154094;82080;41.3;22.0
11;2021-06-06;877;859;154971;82939;41.6;22.3
11;2021-06-07;1527;1708;156498;84647;42.0;22.7
11;2021-06-08;2038;1987;158536;86634;42.5;23.2
11;2021-06-09;1789;2181;160325;88815;43.0;23.8
11;2021-06-10;1806;2427;162131;91242;43.5;24.5
11;2021-06-11;1864;2492;163995;93734;44.0;25.1
11;2021-06-12;1457;1622;165452;95356;44.4;25.6
11;2021-06-13;713;723;166165;96079;44.6;25.8
11;2021-06-14;1033;1968;167198;98047;44.9;26.3
11;2021-06-15;1395;2685;168593;100732;45.2;27.0
11;2021-06-16;1337;2527;169930;103259;45.6;27.7
11;2021-06-17;1474;2520;171404;105779;46.0;28.4
11;2021-06-18;1520;2484;172924;108263;46.4;29.0
11;2021-06-19;1237;1410;174161;109673;46.7;29.4
11;2021-06-20;299;599;174460;110272;46.8;29.6
11;2021-06-21;838;2122;175298;112394;47.0;30.2
11;2021-06-22;1016;2604;176314;114998;47.3;30.9
11;2021-06-23;1097;2088;177411;117086;47.6;31.4
11;2021-06-24;907;2244;178318;119330;47.8;32.0
11;2021-06-25;993;2546;179311;121876;48.1;32.7
11;2021-06-26;776;1656;180087;123532;48.3;33.1
11;2021-06-27;210;688;180297;124220;48.4;33.3
11;2021-06-28;697;2298;180994;126518;48.6;33.9
11;2021-06-29;964;2598;181958;129116;48.8;34.6
11;2021-06-30;906;2521;182864;131637;49.1;35.3
11;2021-07-01;1004;1888;183868;133525;49.3;35.8
11;2021-07-02;968;2541;184836;136066;49.6;36.5
11;2021-07-03;728;1806;185564;137872;49.8;37.0
11;2021-07-04;340;1109;185904;138981;49.9;37.3
11;2021-07-05;696;2133;186600;141114;50.1;37.9
11;2021-07-06;973;2519;187573;143633;50.3;38.5
11;2021-07-07;946;2509;188519;146142;50.6;39.2
11;2021-07-08;1191;1910;189710;148052;50.9;39.7
11;2021-07-09;823;1794;190533;149846;51.1;40.2
11;2021-07-10;369;1301;190902;151147;51.2;40.6
11;2021-07-11;313;564;191215;151711;51.3;40.7
11;2021-07-12;505;2671;191720;154382;51.4;41.4
11;2021-07-13;1305;3063;193025;157445;51.8;42.2
11;2021-07-14;211;233;193236;157678;51.8;42.3
11;2021-07-15;1451;2962;194687;160640;52.2;43.1
11;2021-07-16;1876;2731;196563;163371;52.7;43.8
11;2021-07-17;1075;2162;197638;165533;53.0;44.4
11;2021-07-18;653;946;198291;166479;53.2;44.7
11;2021-07-19;1355;2089;199646;168568;53.6;45.2
11;2021-07-20;1998;2403;201644;170971;54.1;45.9
11;2021-07-21;2015;2436;203659;173407;54.6;46.5
11;2021-07-22;2415;1885;206074;175292;55.3;47.0
11;2021-07-23;2231;2280;208305;177572;55.9;47.6
11;2021-07-24;1274;1628;209579;179200;56.2;48.1
11;2021-07-25;750;692;210329;179892;56.4;48.3
11;2021-07-26;1667;1428;211996;181320;56.9;48.6
11;2021-07-27;2342;1998;214338;183318;57.5;49.2
11;2021-07-28;2482;1987;216820;185305;58.2;49.7
11;2021-07-29;2772;1793;219592;187098;58.9;50.2
11;2021-07-30;2575;1803;222167;188901;59.6;50.7
11;2021-07-31;2008;1141;224175;190042;60.1;51.0
11;2021-08-01;1012;482;225187;190524;60.4;51.1
11;2021-08-02;1933;1153;227120;191677;60.9;51.4
11;2021-08-03;2441;1600;229561;193277;61.6;51.9
11;2021-08-04;2556;1265;232117;194542;62.3;52.2
11;2021-08-05;2384;1334;234501;195876;62.9;52.6
11;2021-08-06;2253;1660;236754;197536;63.5;53.0
11;2021-08-07;1666;1167;238420;198703;64.0;53.3
11;2021-08-08;599;210;239019;198913;64.1;53.4
11;2021-08-09;1032;1433;240051;200346;64.4;53.8
11;2021-08-10;1744;1984;241795;202330;64.9;54.3
11;2021-08-11;1716;1688;243511;204018;65.3;54.7
11;2021-08-12;1710;1855;245221;205873;65.8;55.2
11;2021-08-13;1348;1654;246569;207527;66.2;55.7
11;2021-08-14;982;1596;247551;209123;66.4;56.1
11;2021-08-15;138;125;247689;209248;66.5;56.1
11;2021-08-16;730;1913;248419;211161;66.7;56.7
11;2021-08-17;1046;2393;249465;213554;66.9;57.3
11;2021-08-18;1106;2031;250571;215585;67.2;57.8
11;2021-08-19;1004;2290;251575;217875;67.5;58.5
11;2021-08-20;967;2290;252542;220165;67.8;59.1
11;2021-08-21;575;1838;253117;222003;67.9;59.6
11;2021-08-22;190;512;253307;222515;68.0;59.7
11;2021-08-23;522;1816;253829;224331;68.1;60.2
11;2021-08-24;793;2254;254622;226585;68.3;60.8
11;2021-08-25;788;2152;255410;228737;68.5;61.4
11;2021-08-26;747;2001;256157;230738;68.7;61.9
11;2021-08-27;703;2224;256860;232962;68.9;62.5
11;2021-08-28;436;1744;257296;234706;69.0;63.0
11;2021-08-29;143;514;257439;235220;69.1;63.1
11;2021-08-30;449;1345;257888;236565;69.2;63.5
11;2021-08-31;569;1947;258457;238512;69.3;64.0
11;2021-09-01;598;1809;259055;240321;69.5;64.5
11;2021-09-02;549;1702;259604;242023;69.7;64.9
11;2021-09-03;531;1711;260135;243734;69.8;65.4
11;2021-09-04;486;1553;260621;245287;69.9;65.8
11;2021-09-05;153;271;260774;245558;70.0;65.9
11;2021-09-06;298;856;261072;246414;70.0;66.1
11;2021-09-07;354;1124;261426;247538;70.1;66.4
11;2021-09-08;475;1308;261901;248846;70.3;66.8
11;2021-09-09;392;1037;262293;249883;70.4;67.0
11;2021-09-10;381;1134;262674;251017;70.5;67.4
11;2021-09-11;375;1052;263049;252069;70.6;67.6
11;2021-09-12;61;145;263110;252214;70.6;67.7
11;2021-09-13;237;1046;263347;253260;70.7;68.0
11;2021-09-14;336;956;263683;254216;70.7;68.2
12;2020-12-27;0;0;0;0;0.0;0.0
12;2020-12-28;0;0;0;0;0.0;0.0
12;2020-12-29;0;0;0;0;0.0;0.0
12;2020-12-30;0;0;0;0;0.0;0.0
12;2020-12-31;0;0;0;0;0.0;0.0
12;2021-01-01;0;0;0;0;0.0;0.0
12;2021-01-02;0;0;0;0;0.0;0.0
12;2021-01-03;2;0;2;0;0.0;0.0
12;2021-01-04;1;0;3;0;0.0;0.0
12;2021-01-05;1;0;4;0;0.0;0.0
12;2021-01-06;12;0;16;0;0.0;0.0
12;2021-01-07;202;0;218;0;0.1;0.0
12;2021-01-08;65;0;283;0;0.1;0.0
12;2021-01-09;0;0;283;0;0.1;0.0
12;2021-01-10;1;0;284;0;0.1;0.0
12;2021-01-11;101;0;385;0;0.1;0.0
12;2021-01-12;361;0;746;0;0.3;0.0
12;2021-01-13;285;0;1031;0;0.4;0.0
12;2021-01-14;600;12;1631;12;0.6;0.0
12;2021-01-15;367;8;1998;20;0.7;0.0
12;2021-01-16;138;1;2136;21;0.8;0.0
12;2021-01-17;0;0;2136;21;0.8;0.0
12;2021-01-18;453;0;2589;21;0.9;0.0
12;2021-01-19;606;3;3195;24;1.1;0.0
12;2021-01-20;879;2;4074;26;1.5;0.0
12;2021-01-21;735;0;4809;26;1.7;0.0
12;2021-01-22;798;1;5607;27;2.0;0.0
12;2021-01-23;382;0;5989;27;2.2;0.0
12;2021-01-24;0;0;5989;27;2.2;0.0
12;2021-01-25;453;0;6442;27;2.3;0.0
12;2021-01-26;650;0;7092;27;2.5;0.0
12;2021-01-27;1886;30;8978;57;3.2;0.0
12;2021-01-28;1886;220;10864;277;3.9;0.1
12;2021-01-29;1331;41;12195;318;4.4;0.1
12;2021-01-30;359;2;12554;320;4.5;0.1
12;2021-01-31;0;0;12554;320;4.5;0.1
12;2021-02-01;334;85;12888;405;4.6;0.1
12;2021-02-02;457;233;13345;638;4.8;0.2
12;2021-02-03;457;164;13802;802;5.0;0.3
12;2021-02-04;459;510;14261;1312;5.1;0.5
12;2021-02-05;449;170;14710;1482;5.3;0.5
12;2021-02-06;220;42;14930;1524;5.4;0.5
12;2021-02-07;8;0;14938;1524;5.4;0.5
12;2021-02-08;104;281;15042;1805;5.4;0.6
12;2021-02-09;208;293;15250;2098;5.5;0.8
12;2021-02-10;464;394;15714;2492;5.6;0.9
12;2021-02-11;539;293;16253;2785;5.8;1.0
12;2021-02-12;570;264;16823;3049;6.0;1.1
12;2021-02-13;175;110;16998;3159;6.1;1.1
12;2021-02-14;1;0;16999;3159;6.1;1.1
12;2021-02-15;175;295;17174;3454;6.2;1.2
12;2021-02-16;171;424;17345;3878;6.2;1.4
12;2021-02-17;366;1301;17711;5179;6.4;1.9
12;2021-02-18;676;1508;18387;6687;6.6;2.4
12;2021-02-19;594;891;18981;7578;6.8;2.7
12;2021-02-20;103;355;19084;7933;6.9;2.8
12;2021-02-21;0;0;19084;7933;6.9;2.8
12;2021-02-22;150;325;19234;8258;6.9;3.0
12;2021-02-23;157;468;19391;8726;7.0;3.1
12;2021-02-24;156;542;19547;9268;7.0;3.3
12;2021-02-25;201;642;19748;9910;7.1;3.6
12;2021-02-26;320;545;20068;10455;7.2;3.8
12;2021-02-27;190;301;20258;10756;7.3;3.9
12;2021-02-28;13;0;20271;10756;7.3;3.9
12;2021-03-01;51;318;20322;11074;7.3;4.0
12;2021-03-02;190;453;20512;11527;7.4;4.1
12;2021-03-03;244;347;20756;11874;7.5;4.3
12;2021-03-04;278;322;21034;12196;7.6;4.4
12;2021-03-05;421;329;21455;12525;7.7;4.5
12;2021-03-06;793;121;22248;12646;8.0;4.5
12;2021-03-07;140;32;22388;12678;8.0;4.6
12;2021-03-08;234;192;22622;12870;8.1;4.6
12;2021-03-09;716;219;23338;13089;8.4;4.7
12;2021-03-10;784;720;24122;13809;8.7;5.0
12;2021-03-11;919;642;25041;14451;9.0;5.2
12;2021-03-12;1260;512;26301;14963;9.4;5.4
12;2021-03-13;896;134;27197;15097;9.8;5.4
12;2021-03-14;45;2;27242;15099;9.8;5.4
12;2021-03-15;559;154;27801;15253;10.0;5.5
12;2021-03-16;818;159;28619;15412;10.3;5.5
12;2021-03-17;1504;165;30123;15577;10.8;5.6
12;2021-03-18;996;244;31119;15821;11.2;5.7
12;2021-03-19;1383;278;32502;16099;11.7;5.8
12;2021-03-20;725;78;33227;16177;11.9;5.8
12;2021-03-21;264;10;33491;16187;12.0;5.8
12;2021-03-22;606;174;34097;16361;12.2;5.9
12;2021-03-23;1214;175;35311;16536;12.7;5.9
12;2021-03-24;1422;205;36733;16741;13.2;6.0
12;2021-03-25;1846;205;38579;16946;13.9;6.1
12;2021-03-26;1978;227;40557;17173;14.6;6.2
12;2021-03-27;981;68;41538;17241;14.9;6.2
12;2021-03-28;60;1;41598;17242;14.9;6.2
12;2021-03-29;963;84;42561;17326;15.3;6.2
12;2021-03-30;1737;123;44298;17449;15.9;6.3
12;2021-03-31;1461;105;45759;17554;16.4;6.3
12;2021-04-01;1958;164;47717;17718;17.1;6.4
12;2021-04-02;1615;342;49332;18060;17.7;6.5
12;2021-04-03;882;95;50214;18155;18.0;6.5
12;2021-04-04;1;0;50215;18155;18.0;6.5
12;2021-04-05;645;14;50860;18169;18.3;6.5
12;2021-04-06;1155;535;52015;18704;18.7;6.7
12;2021-04-07;1651;636;53666;19340;19.3;6.9
12;2021-04-08;2098;569;55764;19909;20.0;7.2
12;2021-04-09;2112;649;57876;20558;20.8;7.4
12;2021-04-10;1427;219;59303;20777;21.3;7.5
12;2021-04-11;120;1;59423;20778;21.3;7.5
12;2021-04-12;1838;502;61261;21280;22.0;7.6
12;2021-04-13;1907;774;63168;22054;22.7;7.9
12;2021-04-14;1832;1318;65000;23372;23.4;8.4
12;2021-04-15;1938;895;66938;24267;24.0;8.7
12;2021-04-16;1676;1205;68614;25472;24.6;9.2
12;2021-04-17;1554;568;70168;26040;25.2;9.4
12;2021-04-18;0;0;70168;26040;25.2;9.4
12;2021-04-19;1688;549;71856;26589;25.8;9.6
12;2021-04-20;1546;984;73402;27573;26.4;9.9
12;2021-04-21;1693;1183;75095;28756;27.0;10.3
12;2021-04-22;1691;1092;76786;29848;27.6;10.7
12;2021-04-23;1383;1335;78169;31183;28.1;11.2
12;2021-04-24;1451;719;79620;31902;28.6;11.5
12;2021-04-25;60;0;79680;31902;28.6;11.5
12;2021-04-26;1459;897;81139;32799;29.1;11.8
12;2021-04-27;1320;1279;82459;34078;29.6;12.2
12;2021-04-28;1113;1870;83572;35948;30.0;12.9
12;2021-04-29;1571;1910;85143;37858;30.6;13.6
12;2021-04-30;1813;1836;86956;39694;31.2;14.3
12;2021-05-01;1616;260;88572;39954;31.8;14.4
12;2021-05-02;8;0;88580;39954;31.8;14.4
12;2021-05-03;1713;1251;90293;41205;32.4;14.8
12;2021-05-04;1483;1392;91776;42597;33.0;15.3
12;2021-05-05;1296;1673;93072;44270;33.4;15.9
12;2021-05-06;1753;1376;94825;45646;34.1;16.4
12;2021-05-07;1485;1777;96310;47423;34.6;17.0
12;2021-05-08;1330;461;97640;47884;35.1;17.2
12;2021-05-09;13;34;97653;47918;35.1;17.2
12;2021-05-10;828;2213;98481;50131;35.4;18.0
12;2021-05-11;930;1848;99411;51979;35.7;18.7
12;2021-05-12;948;1820;100359;53799;36.1;19.3
12;2021-05-13;1588;811;101947;54610;36.6;19.6
12;2021-05-14;1235;1534;103182;56144;37.1;20.2
12;2021-05-15;1068;1115;104250;57259;37.5;20.6
12;2021-05-16;2;19;104252;57278;37.5;20.6
12;2021-05-17;1082;1810;105334;59088;37.8;21.2
12;2021-05-18;1427;1533;106761;60621;38.4;21.8
12;2021-05-19;1915;1331;108676;61952;39.0;22.3
12;2021-05-20;2119;876;110795;62828;39.8;22.6
12;2021-05-21;1821;1253;112616;64081;40.5;23.0
12;2021-05-22;1206;1014;113822;65095;40.9;23.4
12;2021-05-23;7;12;113829;65107;40.9;23.4
12;2021-05-24;1956;537;115785;65644;41.6;23.6
12;2021-05-25;1744;1157;117529;66801;42.2;24.0
12;2021-05-26;1998;780;119527;67581;42.9;24.3
12;2021-05-27;2165;744;121692;68325;43.7;24.5
12;2021-05-28;1928;1025;123620;69350;44.4;24.9
12;2021-05-29;1637;805;125257;70155;45.0;25.2
12;2021-05-30;9;43;125266;70198;45.0;25.2
12;2021-05-31;1699;810;126965;71008;45.6;25.5
12;2021-06-01;1889;1026;128854;72034;46.3;25.9
12;2021-06-02;1979;1052;130833;73086;47.0;26.3
12;2021-06-03;2120;824;132953;73910;47.8;26.6
12;2021-06-04;1967;1417;134920;75327;48.5;27.1
12;2021-06-05;1739;985;136659;76312;49.1;27.4
12;2021-06-06;6;6;136665;76318;49.1;27.4
12;2021-06-07;1091;1809;137756;78127;49.5;28.1
12;2021-06-08;1332;1201;139088;79328;50.0;28.5
12;2021-06-09;896;1291;139984;80619;50.3;29.0
12;2021-06-10;1022;920;141006;81539;50.7;29.3
12;2021-06-11;1204;2076;142210;83615;51.1;30.0
12;2021-06-12;1033;1320;143243;84935;51.5;30.5
12;2021-06-13;6;47;143249;84982;51.5;30.5
12;2021-06-14;662;1830;143911;86812;51.7;31.2
12;2021-06-15;746;1876;144657;88688;52.0;31.9
12;2021-06-16;821;1818;145478;90506;52.3;32.5
12;2021-06-17;678;995;146156;91501;52.5;32.9
12;2021-06-18;1134;1840;147290;93341;52.9;33.5
12;2021-06-19;914;1406;148204;94747;53.2;34.0
12;2021-06-20;4;10;148208;94757;53.2;34.0
12;2021-06-21;512;1738;148720;96495;53.4;34.7
12;2021-06-22;503;1475;149223;97970;53.6;35.2
12;2021-06-23;578;1306;149801;99276;53.8;35.7
12;2021-06-24;249;541;150050;99817;53.9;35.9
12;2021-06-25;876;1841;150926;101658;54.2;36.5
12;2021-06-26;673;1527;151599;103185;54.5;37.1
12;2021-06-27;1;9;151600;103194;54.5;37.1
12;2021-06-28;468;2453;152068;105647;54.6;38.0
12;2021-06-29;565;1956;152633;107603;54.8;38.7
12;2021-06-30;829;2132;153462;109735;55.1;39.4
12;2021-07-01;344;1087;153806;110822;55.3;39.8
12;2021-07-02;796;2627;154602;113449;55.5;40.8
12;2021-07-03;565;1873;155167;115322;55.7;41.4
12;2021-07-04;1;0;155168;115322;55.7;41.4
12;2021-07-05;440;2407;155608;117729;55.9;42.3
12;2021-07-06;640;2496;156248;120225;56.1;43.2
12;2021-07-07;688;2117;156936;122342;56.4;44.0
12;2021-07-08;294;912;157230;123254;56.5;44.3
12;2021-07-09;724;2586;157954;125840;56.7;45.2
12;2021-07-10;445;2077;158399;127917;56.9;46.0
12;2021-07-11;0;0;158399;127917;56.9;46.0
12;2021-07-12;587;2439;158986;130356;57.1;46.8
12;2021-07-13;842;2592;159828;132948;57.4;47.8
12;2021-07-14;44;25;159872;132973;57.4;47.8
12;2021-07-15;792;2106;160664;135079;57.7;48.5
12;2021-07-16;1248;2556;161912;137635;58.2;49.4
12;2021-07-17;790;2007;162702;139642;58.5;50.2
12;2021-07-18;25;11;162727;139653;58.5;50.2
12;2021-07-19;1319;2004;164046;141657;58.9;50.9
12;2021-07-20;1422;1474;165468;143131;59.4;51.4
12;2021-07-21;1022;941;166490;144072;59.8;51.8
12;2021-07-22;2237;1308;168727;145380;60.6;52.2
12;2021-07-23;1866;2056;170593;147436;61.3;53.0
12;2021-07-24;1604;1564;172197;149000;61.9;53.5
12;2021-07-25;98;28;172295;149028;61.9;53.5
12;2021-07-26;1931;1437;174226;150465;62.6;54.1
12;2021-07-27;2237;1007;176463;151472;63.4;54.4
12;2021-07-28;1716;676;178179;152148;64.0;54.7
12;2021-07-29;1192;807;179371;152955;64.4;54.9
12;2021-07-30;2508;1283;181879;154238;65.3;55.4
12;2021-07-31;1965;1002;183844;155240;66.0;55.8
12;2021-08-01;225;38;184069;155278;66.1;55.8
12;2021-08-02;1815;832;185884;156110;66.8;56.1
12;2021-08-03;1960;776;187844;156886;67.5;56.4
12;2021-08-04;1691;832;189535;157718;68.1;56.7
12;2021-08-05;1636;680;191171;158398;68.7;56.9
12;2021-08-06;1708;1313;192879;159711;69.3;57.4
12;2021-08-07;1447;744;194326;160455;69.8;57.6
12;2021-08-08;0;3;194326;160458;69.8;57.6
12;2021-08-09;1351;1416;195677;161874;70.3;58.2
12;2021-08-10;1343;1247;197020;163121;70.8;58.6
12;2021-08-11;820;1195;197840;164316;71.1;59.0
12;2021-08-12;736;1070;198576;165386;71.3;59.4
12;2021-08-13;1074;1335;199650;166721;71.7;59.9
12;2021-08-14;739;1354;200389;168075;72.0;60.4
12;2021-08-15;255;75;200644;168150;72.1;60.4
12;2021-08-16;670;1817;201314;169967;72.3;61.1
12;2021-08-17;904;1991;202218;171958;72.6;61.8
12;2021-08-18;449;1522;202667;173480;72.8;62.3
12;2021-08-19;639;1115;203306;174595;73.0;62.7
12;2021-08-20;797;1886;204103;176481;73.3;63.4
12;2021-08-21;472;1526;204575;178007;73.5;63.9
12;2021-08-22;93;27;204668;178034;73.5;64.0
12;2021-08-23;452;1921;205120;179955;73.7;64.6
12;2021-08-24;485;1917;205605;181872;73.9;65.3
12;2021-08-25;329;1580;205934;183452;74.0;65.9
12;2021-08-26;481;1608;206415;185060;74.2;66.5
12;2021-08-27;598;1697;207013;186757;74.4;67.1
12;2021-08-28;332;1550;207345;188307;74.5;67.6
12;2021-08-29;175;140;207520;188447;74.6;67.7
12;2021-08-30;560;1909;208080;190356;74.8;68.4
12;2021-08-31;414;1392;208494;191748;74.9;68.9
12;2021-09-01;424;1019;208918;192767;75.1;69.3
12;2021-09-02;266;822;209184;193589;75.1;69.5
12;2021-09-03;485;1375;209669;194964;75.3;70.0
12;2021-09-04;429;1209;210098;196173;75.5;70.5
12;2021-09-05;52;205;210150;196378;75.5;70.5
12;2021-09-06;215;805;210365;197183;75.6;70.8
12;2021-09-07;271;672;210636;197855;75.7;71.1
12;2021-09-08;243;619;210879;198474;75.8;71.3
12;2021-09-09;174;448;211053;198922;75.8;71.5
12;2021-09-10;496;1276;211549;200198;76.0;71.9
12;2021-09-11;385;1084;211934;201282;76.1;72.3
12;2021-09-12;17;120;211951;201402;76.1;72.4
12;2021-09-13;158;624;212109;202026;76.2;72.6
12;2021-09-14;273;512;212382;202538;76.3;72.8
13;2020-12-27;4;0;4;0;0.0;0.0
13;2020-12-28;6;0;10;0;0.0;0.0
13;2020-12-29;1;0;11;0;0.0;0.0
13;2020-12-30;2;0;13;0;0.0;0.0
13;2020-12-31;6;0;19;0;0.0;0.0
13;2021-01-01;4;0;23;0;0.0;0.0
13;2021-01-02;4;0;27;0;0.0;0.0
13;2021-01-03;11;0;38;0;0.0;0.0
13;2021-01-04;1;0;39;0;0.0;0.0
13;2021-01-05;78;1;117;1;0.0;0.0
13;2021-01-06;122;0;239;1;0.0;0.0
13;2021-01-07;174;1;413;2;0.0;0.0
13;2021-01-08;188;0;601;2;0.0;0.0
13;2021-01-09;13;0;614;2;0.0;0.0
13;2021-01-10;3;0;617;2;0.0;0.0
13;2021-01-11;481;1;1098;3;0.1;0.0
13;2021-01-12;814;1;1912;4;0.1;0.0
13;2021-01-13;1086;1;2998;5;0.1;0.0
13;2021-01-14;1581;17;4579;22;0.2;0.0
13;2021-01-15;1539;7;6118;29;0.3;0.0
13;2021-01-16;407;2;6525;31;0.3;0.0
13;2021-01-17;44;0;6569;31;0.3;0.0
13;2021-01-18;2383;9;8952;40;0.4;0.0
13;2021-01-19;7410;35;16362;75;0.8;0.0
13;2021-01-20;5564;16;21926;91;1.1;0.0
13;2021-01-21;5365;29;27291;120;1.3;0.0
13;2021-01-22;4002;22;31293;142;1.5;0.0
13;2021-01-23;1350;6;32643;148;1.6;0.0
13;2021-01-24;492;5;33135;153;1.6;0.0
13;2021-01-25;2340;27;35475;180;1.7;0.0
13;2021-01-26;2951;84;38426;264;1.9;0.0
13;2021-01-27;3120;119;41546;383;2.0;0.0
13;2021-01-28;3246;175;44792;558;2.2;0.0
13;2021-01-29;2511;120;47303;678;2.3;0.0
13;2021-01-30;1025;10;48328;688;2.4;0.0
13;2021-01-31;251;0;48579;688;2.4;0.0
13;2021-02-01;1862;262;50441;950;2.5;0.0
13;2021-02-02;2254;567;52695;1517;2.6;0.1
13;2021-02-03;1864;539;54559;2056;2.7;0.1
13;2021-02-04;1907;880;56466;2936;2.8;0.1
13;2021-02-05;2625;1457;59091;4393;2.9;0.2
13;2021-02-06;855;272;59946;4665;2.9;0.2
13;2021-02-07;277;5;60223;4670;3.0;0.2
13;2021-02-08;1903;1396;62126;6066;3.1;0.3
13;2021-02-09;3318;3961;65444;10027;3.2;0.5
13;2021-02-10;3235;3169;68679;13196;3.4;0.6
13;2021-02-11;3582;3186;72261;16382;3.6;0.8
13;2021-02-12;2838;2727;75099;19109;3.7;0.9
13;2021-02-13;734;523;75833;19632;3.7;1.0
13;2021-02-14;72;324;75905;19956;3.7;1.0
13;2021-02-15;968;1764;76873;21720;3.8;1.1
13;2021-02-16;1392;2304;78265;24024;3.8;1.2
13;2021-02-17;1348;2598;79613;26622;3.9;1.3
13;2021-02-18;1903;2337;81516;28959;4.0;1.4
13;2021-02-19;1514;1916;83030;30875;4.1;1.5
13;2021-02-20;458;650;83488;31525;4.1;1.5
13;2021-02-21;33;238;83521;31763;4.1;1.6
13;2021-02-22;1024;1922;84545;33685;4.2;1.7
13;2021-02-23;1288;2234;85833;35919;4.2;1.8
13;2021-02-24;1520;2265;87353;38184;4.3;1.9
13;2021-02-25;2383;1836;89736;40020;4.4;2.0
13;2021-02-26;2457;1862;92193;41882;4.5;2.1
13;2021-02-27;982;659;93175;42541;4.6;2.1
13;2021-02-28;195;186;93370;42727;4.6;2.1
13;2021-03-01;1925;1354;95295;44081;4.7;2.2
13;2021-03-02;3012;2321;98307;46402;4.8;2.3
13;2021-03-03;3487;2365;101794;48767;5.0;2.4
13;2021-03-04;4207;2845;106001;51612;5.2;2.5
13;2021-03-05;4046;2548;110047;54160;5.4;2.7
13;2021-03-06;5302;749;115349;54909;5.7;2.7
13;2021-03-07;4293;363;119642;55272;5.9;2.7
13;2021-03-08;3929;1792;123571;57064;6.1;2.8
13;2021-03-09;5075;2075;128646;59139;6.3;2.9
13;2021-03-10;5182;1868;133828;61007;6.6;3.0
13;2021-03-11;7309;2019;141137;63026;6.9;3.1
13;2021-03-12;8331;1998;149468;65024;7.3;3.2
13;2021-03-13;6377;697;155845;65721;7.7;3.2
13;2021-03-14;2313;161;158158;65882;7.8;3.2
13;2021-03-15;6359;1287;164517;67169;8.1;3.3
13;2021-03-16;5080;1490;169597;68659;8.3;3.4
13;2021-03-17;5176;1396;174773;70055;8.6;3.4
13;2021-03-18;5818;1826;180591;71881;8.9;3.5
13;2021-03-19;6810;1595;187401;73476;9.2;3.6
13;2021-03-20;4043;690;191444;74166;9.4;3.6
13;2021-03-21;724;84;192168;74250;9.4;3.6
13;2021-03-22;7300;1532;199468;75782;9.8;3.7
13;2021-03-23;9132;1738;208600;77520;10.3;3.8
13;2021-03-24;8866;2175;217466;79695;10.7;3.9
13;2021-03-25;10913;2097;228379;81792;11.2;4.0
13;2021-03-26;10715;1897;239094;83689;11.8;4.1
13;2021-03-27;4868;822;243962;84511;12.0;4.2
13;2021-03-28;1120;80;245082;84591;12.0;4.2
13;2021-03-29;7578;1985;252660;86576;12.4;4.3
13;2021-03-30;12621;2503;265281;89079;13.0;4.4
13;2021-03-31;10818;3150;276099;92229;13.6;4.5
13;2021-04-01;12280;3073;288379;95302;14.2;4.7
13;2021-04-02;9793;3886;298172;99188;14.7;4.9
13;2021-04-03;4011;2801;302183;101989;14.9;5.0
13;2021-04-04;631;305;302814;102294;14.9;5.0
13;2021-04-05;3534;729;306348;103023;15.1;5.1
13;2021-04-06;8522;4238;314870;107261;15.5;5.3
13;2021-04-07;10083;4680;324953;111941;16.0;5.5
13;2021-04-08;10120;5455;335073;117396;16.5;5.8
13;2021-04-09;11278;5108;346351;122504;17.0;6.0
13;2021-04-10;7301;2094;353652;124598;17.4;6.1
13;2021-04-11;1379;534;355031;125132;17.5;6.2
13;2021-04-12;7985;4783;363016;129915;17.8;6.4
13;2021-04-13;9148;5481;372164;135396;18.3;6.7
13;2021-04-14;9536;5813;381700;141209;18.8;6.9
13;2021-04-15;9881;5949;391581;147158;19.2;7.2
13;2021-04-16;9968;5560;401549;152718;19.7;7.5
13;2021-04-17;4081;2022;405630;154740;19.9;7.6
13;2021-04-18;2523;1423;408153;156163;20.1;7.7
13;2021-04-19;6456;6401;414609;162564;20.4;8.0
13;2021-04-20;7407;7583;422016;170147;20.7;8.4
13;2021-04-21;7776;7378;429792;177525;21.1;8.7
13;2021-04-22;8465;7914;438257;185439;21.5;9.1
13;2021-04-23;8394;6819;446651;192258;22.0;9.5
13;2021-04-24;4625;3815;451276;196073;22.2;9.6
13;2021-04-25;876;520;452152;196593;22.2;9.7
13;2021-04-26;6171;7110;458323;203703;22.5;10.0
13;2021-04-27;7263;8021;465586;211724;22.9;10.4
13;2021-04-28;9453;7704;475039;219428;23.3;10.8
13;2021-04-29;11408;7588;486447;227016;23.9;11.2
13;2021-04-30;10920;7364;497367;234380;24.4;11.5
13;2021-05-01;5366;3793;502733;238173;24.7;11.7
13;2021-05-02;2100;747;504833;238920;24.8;11.7
13;2021-05-03;7300;7863;512133;246783;25.2;12.1
13;2021-05-04;8456;8507;520589;255290;25.6;12.5
13;2021-05-05;8231;8964;528820;264254;26.0;13.0
13;2021-05-06;10144;8582;538964;272836;26.5;13.4
13;2021-05-07;8857;10023;547821;282859;26.9;13.9
13;2021-05-08;4572;3935;552393;286794;27.2;14.1
13;2021-05-09;938;686;553331;287480;27.2;14.1
13;2021-05-10;7714;8750;561045;296230;27.6;14.6
13;2021-05-11;10983;9556;572028;305786;28.1;15.0
13;2021-05-12;12846;8725;584874;314511;28.7;15.5
13;2021-05-13;9511;3639;594385;318150;29.2;15.6
13;2021-05-14;13660;6447;608045;324597;29.9;16.0
13;2021-05-15;10200;4535;618245;329132;30.4;16.2
13;2021-05-16;3125;789;621370;329921;30.5;16.2
13;2021-05-17;10849;6794;632219;336715;31.1;16.6
13;2021-05-18;11919;6480;644138;343195;31.7;16.9
13;2021-05-19;12160;6357;656298;349552;32.3;17.2
13;2021-05-20;13451;6466;669749;356018;32.9;17.5
13;2021-05-21;13003;6780;682752;362798;33.6;17.8
13;2021-05-22;7523;3636;690275;366434;33.9;18.0
13;2021-05-23;863;639;691138;367073;34.0;18.0
13;2021-05-24;6770;2471;697908;369544;34.3;18.2
13;2021-05-25;9273;7594;707181;377138;34.8;18.5
13;2021-05-26;10144;7841;717325;384979;35.3;18.9
13;2021-05-27;10352;8420;727677;393399;35.8;19.3
13;2021-05-28;9008;9162;736685;402561;36.2;19.8
13;2021-05-29;7179;4619;743864;407180;36.6;20.0
13;2021-05-30;891;527;744755;407707;36.6;20.0
13;2021-05-31;8195;8022;752950;415729;37.0;20.4
13;2021-06-01;9591;9284;762541;425013;37.5;20.9
13;2021-06-02;10094;8780;772635;433793;38.0;21.3
13;2021-06-03;12300;9484;784935;443277;38.6;21.8
13;2021-06-04;12038;10030;796973;453307;39.2;22.3
13;2021-06-05;7832;5589;804805;458896;39.6;22.6
13;2021-06-06;1671;886;806476;459782;39.6;22.6
13;2021-06-07;6688;9876;813164;469658;40.0;23.1
13;2021-06-08;8320;9984;821484;479642;40.4;23.6
13;2021-06-09;8403;9732;829887;489374;40.8;24.1
13;2021-06-10;8951;9768;838838;499142;41.2;24.5
13;2021-06-11;8240;12708;847078;511850;41.6;25.2
13;2021-06-12;5789;6706;852867;518556;41.9;25.5
13;2021-06-13;953;1216;853820;519772;42.0;25.5
13;2021-06-14;6008;11142;859828;530914;42.3;26.1
13;2021-06-15;7293;11402;867121;542316;42.6;26.7
13;2021-06-16;7349;9875;874470;552191;43.0;27.1
13;2021-06-17;7445;10712;881915;562903;43.3;27.7
13;2021-06-18;7549;11069;889464;573972;43.7;28.2
13;2021-06-19;4619;7496;894083;581468;43.9;28.6
13;2021-06-20;971;1045;895054;582513;44.0;28.6
13;2021-06-21;4471;12263;899525;594776;44.2;29.2
13;2021-06-22;4942;13874;904467;608650;44.5;29.9
13;2021-06-23;5155;13579;909622;622229;44.7;30.6
13;2021-06-24;5341;12857;914963;635086;45.0;31.2
13;2021-06-25;5265;14685;920228;649771;45.2;31.9
13;2021-06-26;3021;9684;923249;659455;45.4;32.4
13;2021-06-27;535;931;923784;660386;45.4;32.5
13;2021-06-28;3738;12563;927522;672949;45.6;33.1
13;2021-06-29;4503;12905;932025;685854;45.8;33.7
13;2021-06-30;4905;12693;936930;698547;46.1;34.3
13;2021-07-01;5592;11496;942522;710043;46.3;34.9
13;2021-07-02;5583;12399;948105;722442;46.6;35.5
13;2021-07-03;3515;9166;951620;731608;46.8;36.0
13;2021-07-04;476;867;952096;732475;46.8;36.0
13;2021-07-05;3875;11772;955971;744247;47.0;36.6
13;2021-07-06;5466;11677;961437;755924;47.3;37.2
13;2021-07-07;5827;10707;967264;766631;47.5;37.7
13;2021-07-08;6231;10324;973495;776955;47.9;38.2
13;2021-07-09;5936;11929;979431;788884;48.1;38.8
13;2021-07-10;3169;8638;982600;797522;48.3;39.2
13;2021-07-11;437;1014;983037;798536;48.3;39.3
13;2021-07-12;4496;10951;987533;809487;48.5;39.8
13;2021-07-13;8978;13181;996511;822668;49.0;40.4
13;2021-07-14;5617;4858;1002128;827526;49.3;40.7
13;2021-07-15;11453;12948;1013581;840474;49.8;41.3
13;2021-07-16;12204;12922;1025785;853396;50.4;41.9
13;2021-07-17;6590;8492;1032375;861888;50.7;42.4
13;2021-07-18;726;1059;1033101;862947;50.8;42.4
13;2021-07-19;9810;11147;1042911;874094;51.3;43.0
13;2021-07-20;12277;11661;1055188;885755;51.9;43.5
13;2021-07-21;12696;10355;1067884;896110;52.5;44.0
13;2021-07-22;14564;10457;1082448;906567;53.2;44.6
13;2021-07-23;14488;10967;1096936;917534;53.9;45.1
13;2021-07-24;8347;7991;1105283;925525;54.3;45.5
13;2021-07-25;1017;784;1106300;926309;54.4;45.5
13;2021-07-26;11669;9112;1117969;935421;55.0;46.0
13;2021-07-27;13630;9422;1131599;944843;55.6;46.4
13;2021-07-28;12352;8182;1143951;953025;56.2;46.8
13;2021-07-29;13853;8167;1157804;961192;56.9;47.2
13;2021-07-30;13756;8669;1171560;969861;57.6;47.7
13;2021-07-31;8708;5856;1180268;975717;58.0;48.0
13;2021-08-01;1106;729;1181374;976446;58.1;48.0
13;2021-08-02;10054;6718;1191428;983164;58.6;48.3
13;2021-08-03;11093;7309;1202521;990473;59.1;48.7
13;2021-08-04;9434;6568;1211955;997041;59.6;49.0
13;2021-08-05;9450;7567;1221405;1004608;60.0;49.4
13;2021-08-06;9160;9024;1230565;1013632;60.5;49.8
13;2021-08-07;5434;5579;1235999;1019211;60.8;50.1
13;2021-08-08;906;804;1236905;1020015;60.8;50.1
13;2021-08-09;8300;9069;1245205;1029084;61.2;50.6
13;2021-08-10;9034;8898;1254239;1037982;61.6;51.0
13;2021-08-11;7797;8535;1262036;1046517;62.0;51.4
13;2021-08-12;7640;9657;1269676;1056174;62.4;51.9
13;2021-08-13;6930;9182;1276606;1065356;62.7;52.4
13;2021-08-14;3695;6456;1280301;1071812;62.9;52.7
13;2021-08-15;479;733;1280780;1072545;63.0;52.7
13;2021-08-16;6431;11073;1287211;1083618;63.3;53.3
13;2021-08-17;6637;10608;1293848;1094226;63.6;53.8
13;2021-08-18;6314;10166;1300162;1104392;63.9;54.3
13;2021-08-19;6649;10599;1306811;1114991;64.2;54.8
13;2021-08-20;5797;11229;1312608;1126220;64.5;55.4
13;2021-08-21;2611;7564;1315219;1133784;64.6;55.7
13;2021-08-22;368;1091;1315587;1134875;64.7;55.8
13;2021-08-23;4920;11205;1320507;1146080;64.9;56.3
13;2021-08-24;5411;10899;1325918;1156979;65.2;56.9
13;2021-08-25;5155;10078;1331073;1167057;65.4;57.4
13;2021-08-26;5083;9757;1336156;1176814;65.7;57.8
13;2021-08-27;4989;10615;1341145;1187429;65.9;58.4
13;2021-08-28;2330;6455;1343475;1193884;66.0;58.7
13;2021-08-29;335;1135;1343810;1195019;66.1;58.7
13;2021-08-30;4193;9847;1348003;1204866;66.3;59.2
13;2021-08-31;4476;10097;1352479;1214963;66.5;59.7
13;2021-09-01;4168;8564;1356647;1223527;66.7;60.1
13;2021-09-02;4189;8456;1360836;1231983;66.9;60.6
13;2021-09-03;4230;9280;1365066;1241263;67.1;61.0
13;2021-09-04;2142;5545;1367208;1246808;67.2;61.3
13;2021-09-05;183;392;1367391;1247200;67.2;61.3
13;2021-09-06;3070;6692;1370461;1253892;67.4;61.6
13;2021-09-07;3180;7262;1373641;1261154;67.5;62.0
13;2021-09-08;3398;7143;1377039;1268297;67.7;62.3
13;2021-09-09;3122;6681;1380161;1274978;67.8;62.7
13;2021-09-10;3541;7724;1383702;1282702;68.0;63.0
13;2021-09-11;2276;5456;1385978;1288158;68.1;63.3
13;2021-09-12;218;328;1386196;1288486;68.1;63.3
13;2021-09-13;2413;5203;1388609;1293689;68.3;63.6
13;2021-09-14;3020;6253;1391629;1299942;68.4;63.9
14;2020-12-27;0;0;0;0;0.0;0.0
14;2020-12-28;1;1;1;1;0.0;0.0
14;2020-12-29;0;0;1;1;0.0;0.0
14;2020-12-30;0;0;1;1;0.0;0.0
14;2020-12-31;3;0;4;1;0.0;0.0
14;2021-01-01;1;0;5;1;0.0;0.0
14;2021-01-02;1;0;6;1;0.0;0.0
14;2021-01-03;0;0;6;1;0.0;0.0
14;2021-01-04;10;0;16;1;0.0;0.0
14;2021-01-05;24;0;40;1;0.0;0.0
14;2021-01-06;349;0;389;1;0.1;0.0
14;2021-01-07;402;2;791;3;0.1;0.0
14;2021-01-08;631;2;1422;5;0.2;0.0
14;2021-01-09;127;0;1549;5;0.2;0.0
14;2021-01-10;41;0;1590;5;0.2;0.0
14;2021-01-11;673;1;2263;6;0.3;0.0
14;2021-01-12;954;2;3217;8;0.5;0.0
14;2021-01-13;849;1;4066;9;0.6;0.0
14;2021-01-14;2838;15;6904;24;1.0;0.0
14;2021-01-15;1896;17;8800;41;1.3;0.0
14;2021-01-16;271;2;9071;43;1.3;0.0
14;2021-01-17;145;7;9216;50;1.3;0.0
14;2021-01-18;1086;5;10302;55;1.5;0.0
14;2021-01-19;1154;2;11456;57;1.7;0.0
14;2021-01-20;1988;2;13444;59;1.9;0.0
14;2021-01-21;1815;6;15259;65;2.2;0.0
14;2021-01-22;1495;5;16754;70;2.4;0.0
14;2021-01-23;297;1;17051;71;2.5;0.0
14;2021-01-24;72;0;17123;71;2.5;0.0
14;2021-01-25;911;10;18034;81;2.6;0.0
14;2021-01-26;848;35;18882;116;2.7;0.0
14;2021-01-27;884;157;19766;273;2.9;0.0
14;2021-01-28;782;103;20548;376;3.0;0.1
14;2021-01-29;786;220;21334;596;3.1;0.1
14;2021-01-30;270;11;21604;607;3.1;0.1
14;2021-01-31;58;1;21662;608;3.1;0.1
14;2021-02-01;728;219;22390;827;3.2;0.1
14;2021-02-02;829;412;23219;1239;3.4;0.2
14;2021-02-03;761;369;23980;1608;3.5;0.2
14;2021-02-04;1170;1851;25150;3459;3.6;0.5
14;2021-02-05;1296;1271;26446;4730;3.8;0.7
14;2021-02-06;396;210;26842;4940;3.9;0.7
14;2021-02-07;179;58;27021;4998;3.9;0.7
14;2021-02-08;774;677;27795;5675;4.0;0.8
14;2021-02-09;722;851;28517;6526;4.1;0.9
14;2021-02-10;825;1412;29342;7938;4.2;1.1
14;2021-02-11;1351;1339;30693;9277;4.4;1.3
14;2021-02-12;1382;961;32075;10238;4.6;1.5
14;2021-02-13;308;152;32383;10390;4.7;1.5
14;2021-02-14;84;44;32467;10434;4.7;1.5
14;2021-02-15;441;870;32908;11304;4.8;1.6
14;2021-02-16;679;707;33587;12011;4.9;1.7
14;2021-02-17;406;758;33993;12769;4.9;1.8
14;2021-02-18;706;687;34699;13456;5.0;1.9
14;2021-02-19;733;601;35432;14057;5.1;2.0
14;2021-02-20;88;209;35520;14266;5.1;2.1
14;2021-02-21;6;79;35526;14345;5.1;2.1
14;2021-02-22;431;798;35957;15143;5.2;2.2
14;2021-02-23;486;695;36443;15838;5.3;2.3
14;2021-02-24;438;688;36881;16526;5.3;2.4
14;2021-02-25;1224;978;38105;17504;5.5;2.5
14;2021-02-26;1576;1014;39681;18518;5.7;2.7
14;2021-02-27;507;225;40188;18743;5.8;2.7
14;2021-02-28;27;32;40215;18775;5.8;2.7
14;2021-03-01;522;750;40737;19525;5.9;2.8
14;2021-03-02;966;664;41703;20189;6.0;2.9
14;2021-03-03;1080;719;42783;20908;6.2;3.0
14;2021-03-04;1949;723;44732;21631;6.5;3.1
14;2021-03-05;2433;781;47165;22412;6.8;3.2
14;2021-03-06;3076;176;50241;22588;7.3;3.3
14;2021-03-07;1196;59;51437;22647;7.4;3.3
14;2021-03-08;1252;710;52689;23357;7.6;3.4
14;2021-03-09;1741;645;54430;24002;7.9;3.5
14;2021-03-10;1835;532;56265;24534;8.1;3.5
14;2021-03-11;2757;433;59022;24967;8.5;3.6
14;2021-03-12;4045;536;63067;25503;9.1;3.7
14;2021-03-13;1853;169;64920;25672;9.4;3.7
14;2021-03-14;31;38;64951;25710;9.4;3.7
14;2021-03-15;2005;142;66956;25852;9.7;3.7
14;2021-03-16;1401;265;68357;26117;9.9;3.8
14;2021-03-17;1155;195;69512;26312;10.1;3.8
14;2021-03-18;1481;295;70993;26607;10.3;3.8
14;2021-03-19;2608;260;73601;26867;10.6;3.9
14;2021-03-20;2659;41;76260;26908;11.0;3.9
14;2021-03-21;454;8;76714;26916;11.1;3.9
14;2021-03-22;1872;362;78586;27278;11.4;3.9
14;2021-03-23;2178;318;80764;27596;11.7;4.0
14;2021-03-24;2432;191;83196;27787;12.0;4.0
14;2021-03-25;3292;317;86488;28104;12.5;4.1
14;2021-03-26;4607;472;91095;28576;13.2;4.1
14;2021-03-27;2231;225;93326;28801;13.5;4.2
14;2021-03-28;36;1;93362;28802;13.5;4.2
14;2021-03-29;1614;478;94976;29280;13.7;4.2
14;2021-03-30;2722;514;97698;29794;14.1;4.3
14;2021-03-31;2326;921;100024;30715;14.5;4.4
14;2021-04-01;4174;1680;104198;32395;15.1;4.7
14;2021-04-02;3867;1266;108065;33661;15.6;4.9
14;2021-04-03;1128;1199;109193;34860;15.8;5.0
14;2021-04-04;25;481;109218;35341;15.8;5.1
14;2021-04-05;1219;324;110437;35665;16.0;5.2
14;2021-04-06;2383;996;112820;36661;16.3;5.3
14;2021-04-07;2729;1029;115549;37690;16.7;5.5
14;2021-04-08;4301;1118;119850;38808;17.3;5.6
14;2021-04-09;6030;1181;125880;39989;18.2;5.8
14;2021-04-10;2896;439;128776;40428;18.6;5.8
14;2021-04-11;629;121;129405;40549;18.7;5.9
14;2021-04-12;2915;1583;132320;42132;19.1;6.1
14;2021-04-13;3471;1442;135791;43574;19.6;6.3
14;2021-04-14;3123;1165;138914;44739;20.1;6.5
14;2021-04-15;4400;1499;143314;46238;20.7;6.7
14;2021-04-16;4600;1564;147914;47802;21.4;6.9
14;2021-04-17;2312;1668;150226;49470;21.7;7.2
14;2021-04-18;539;327;150765;49797;21.8;7.2
14;2021-04-19;2759;1684;153524;51481;22.2;7.4
14;2021-04-20;3390;1816;156914;53297;22.7;7.7
14;2021-04-21;3015;1467;159929;54764;23.1;7.9
14;2021-04-22;4230;2087;164159;56851;23.7;8.2
14;2021-04-23;4650;2300;168809;59151;24.4;8.6
14;2021-04-24;1852;1748;170661;60899;24.7;8.8
14;2021-04-25;456;29;171117;60928;24.7;8.8
14;2021-04-26;3378;1565;174495;62493;25.2;9.0
14;2021-04-27;3504;2560;177999;65053;25.7;9.4
14;2021-04-28;3245;1897;181244;66950;26.2;9.7
14;2021-04-29;4545;2307;185789;69257;26.9;10.0
14;2021-04-30;5125;2629;190914;71886;27.6;10.4
14;2021-05-01;3554;200;194468;72086;28.1;10.4
14;2021-05-02;1237;55;195705;72141;28.3;10.4
14;2021-05-03;2483;2765;198188;74906;28.7;10.8
14;2021-05-04;3128;2892;201316;77798;29.1;11.3
14;2021-05-05;3688;2742;205004;80540;29.6;11.6
14;2021-05-06;4930;3473;209934;84013;30.4;12.2
14;2021-05-07;4868;3836;214802;87849;31.1;12.7
14;2021-05-08;2728;1263;217530;89112;31.5;12.9
14;2021-05-09;1914;670;219444;89782;31.7;13.0
14;2021-05-10;3635;3143;223079;92925;32.3;13.4
14;2021-05-11;4346;3599;227425;96524;32.9;14.0
14;2021-05-12;4052;3214;231477;99738;33.5;14.4
14;2021-05-13;4690;1131;236167;100869;34.2;14.6
14;2021-05-14;6675;2626;242842;103495;35.1;15.0
14;2021-05-15;5150;778;247992;104273;35.9;15.1
14;2021-05-16;2319;120;250311;104393;36.2;15.1
14;2021-05-17;2820;2257;253131;106650;36.6;15.4
14;2021-05-18;4090;2235;257221;108885;37.2;15.7
14;2021-05-19;3752;2021;260973;110906;37.7;16.0
14;2021-05-20;4482;2764;265455;113670;38.4;16.4
14;2021-05-21;4277;3521;269732;117191;39.0;16.9
14;2021-05-22;1670;862;271402;118053;39.3;17.1
14;2021-05-23;649;71;272051;118124;39.3;17.1
14;2021-05-24;2845;750;274896;118874;39.8;17.2
14;2021-05-25;3637;3382;278533;122256;40.3;17.7
14;2021-05-26;3439;2406;281972;124662;40.8;18.0
14;2021-05-27;4771;3231;286743;127893;41.5;18.5
14;2021-05-28;5093;3865;291836;131758;42.2;19.1
14;2021-05-29;2341;2454;294177;134212;42.5;19.4
14;2021-05-30;760;237;294937;134449;42.7;19.4
14;2021-05-31;4092;2963;299029;137412;43.2;19.9
14;2021-06-01;5740;3202;304769;140614;44.1;20.3
14;2021-06-02;5028;2859;309797;143473;44.8;20.7
14;2021-06-03;6661;4018;316458;147491;45.8;21.3
14;2021-06-04;6446;5132;322904;152623;46.7;22.1
14;2021-06-05;4360;1860;327264;154483;47.3;22.3
14;2021-06-06;2045;83;329309;154566;47.6;22.4
14;2021-06-07;4253;3448;333562;158014;48.2;22.9
14;2021-06-08;5239;3130;338801;161144;49.0;23.3
14;2021-06-09;4272;2963;343073;164107;49.6;23.7
14;2021-06-10;5083;2969;348156;167076;50.4;24.2
14;2021-06-11;4843;4874;352999;171950;51.1;24.9
14;2021-06-12;3679;4519;356678;176469;51.6;25.5
14;2021-06-13;849;1089;357527;177558;51.7;25.7
14;2021-06-14;2186;3789;359713;181347;52.0;26.2
14;2021-06-15;3316;3970;363029;185317;52.5;26.8
14;2021-06-16;3449;4554;366478;189871;53.0;27.5
14;2021-06-17;4234;5263;370712;195134;53.6;28.2
14;2021-06-18;3734;6118;374446;201252;54.2;29.1
14;2021-06-19;2591;2951;377037;204203;54.5;29.5
14;2021-06-20;580;1556;377617;205759;54.6;29.8
14;2021-06-21;2122;4356;379739;210115;54.9;30.4
14;2021-06-22;2583;5178;382322;215293;55.3;31.1
14;2021-06-23;2502;4348;384824;219641;55.7;31.8
14;2021-06-24;3450;5810;388274;225451;56.2;32.6
14;2021-06-25;2752;7271;391026;232722;56.6;33.7
14;2021-06-26;2176;4540;393202;237262;56.9;34.3
14;2021-06-27;440;1828;393642;239090;56.9;34.6
14;2021-06-28;1311;3962;394953;243052;57.1;35.2
14;2021-06-29;1791;5363;396744;248415;57.4;35.9
14;2021-06-30;2024;4618;398768;253033;57.7;36.6
14;2021-07-01;2932;5064;401700;258097;58.1;37.3
14;2021-07-02;2601;6668;404301;264765;58.5;38.3
14;2021-07-03;1430;2645;405731;267410;58.7;38.7
14;2021-07-04;422;713;406153;268123;58.7;38.8
14;2021-07-05;1192;4780;407345;272903;58.9;39.5
14;2021-07-06;2093;6001;409438;278904;59.2;40.3
14;2021-07-07;2260;4576;411698;283480;59.5;41.0
14;2021-07-08;2912;5524;414610;289004;60.0;41.8
14;2021-07-09;2771;6431;417381;295435;60.4;42.7
14;2021-07-10;2041;3203;419422;298638;60.7;43.2
14;2021-07-11;900;872;420322;299510;60.8;43.3
14;2021-07-12;1635;5902;421957;305412;61.0;44.2
14;2021-07-13;3085;7342;425042;312754;61.5;45.2
14;2021-07-14;2259;3061;427301;315815;61.8;45.7
14;2021-07-15;4173;7653;431474;323468;62.4;46.8
14;2021-07-16;4710;7691;436184;331159;63.1;47.9
14;2021-07-17;2117;4210;438301;335369;63.4;48.5
14;2021-07-18;822;1870;439123;337239;63.5;48.8
14;2021-07-19;2600;6123;441723;343362;63.9;49.7
14;2021-07-20;3248;7253;444971;350615;64.4;50.7
14;2021-07-21;4107;5842;449078;356457;64.9;51.6
14;2021-07-22;4855;6604;453933;363061;65.6;52.5
14;2021-07-23;5385;6768;459318;369829;66.4;53.5
14;2021-07-24;3085;3790;462403;373619;66.9;54.0
14;2021-07-25;1506;1248;463909;374867;67.1;54.2
14;2021-07-26;4684;4186;468593;379053;67.8;54.8
14;2021-07-27;5405;4360;473998;383413;68.6;55.5
14;2021-07-28;5117;3971;479115;387384;69.3;56.0
14;2021-07-29;6445;4884;485560;392268;70.2;56.7
14;2021-07-30;5841;5166;491401;397434;71.1;57.5
14;2021-07-31;2774;2509;494175;399943;71.5;57.8
14;2021-08-01;1895;933;496070;400876;71.7;58.0
14;2021-08-02;3948;4289;500018;405165;72.3;58.6
14;2021-08-03;4481;4170;504499;409335;73.0;59.2
14;2021-08-04;4648;3537;509147;412872;73.6;59.7
14;2021-08-05;4660;4036;513807;416908;74.3;60.3
14;2021-08-06;4428;4807;518235;421715;74.9;61.0
14;2021-08-07;2133;2295;520368;424010;75.3;61.3
14;2021-08-08;638;853;521006;424863;75.3;61.4
14;2021-08-09;2128;2876;523134;427739;75.7;61.9
14;2021-08-10;3660;4171;526794;431910;76.2;62.5
14;2021-08-11;3075;3450;529869;435360;76.6;63.0
14;2021-08-12;3483;4347;533352;439707;77.1;63.6
14;2021-08-13;2637;4137;535989;443844;77.5;64.2
14;2021-08-14;1424;2007;537413;445851;77.7;64.5
14;2021-08-15;391;1483;537804;447334;77.8;64.7
14;2021-08-16;1831;2782;539635;450116;78.0;65.1
14;2021-08-17;2261;4565;541896;454681;78.4;65.8
14;2021-08-18;2064;4524;543960;459205;78.7;66.4
14;2021-08-19;2333;5085;546293;464290;79.0;67.1
14;2021-08-20;2188;5403;548481;469693;79.3;67.9
14;2021-08-21;1014;2836;549495;472529;79.5;68.3
14;2021-08-22;170;1564;549665;474093;79.5;68.6
14;2021-08-23;1264;4169;550929;478262;79.7;69.2
14;2021-08-24;1328;4303;552257;482565;79.9;69.8
14;2021-08-25;1393;4399;553650;486964;80.1;70.4
14;2021-08-26;1421;5077;555071;492041;80.3;71.2
14;2021-08-27;1467;5290;556538;497331;80.5;71.9
14;2021-08-28;729;3004;557267;500335;80.6;72.4
14;2021-08-29;183;1013;557450;501348;80.6;72.5
14;2021-08-30;1011;3630;558461;504978;80.8;73.0
14;2021-08-31;1324;4803;559785;509781;81.0;73.7
14;2021-09-01;1064;3984;560849;513765;81.1;74.3
14;2021-09-02;857;3349;561706;517114;81.2;74.8
14;2021-09-03;1173;4355;562879;521469;81.4;75.4
14;2021-09-04;661;2372;563540;523841;81.5;75.8
14;2021-09-05;126;413;563666;524254;81.5;75.8
14;2021-09-06;463;2221;564129;526475;81.6;76.1
14;2021-09-07;495;2200;564624;528675;81.7;76.5
14;2021-09-08;678;3170;565302;531845;81.8;76.9
14;2021-09-09;590;2210;565892;534055;81.8;77.2
14;2021-09-10;765;2867;566657;536922;82.0;77.7
14;2021-09-11;519;1625;567176;538547;82.0;77.9
14;2021-09-12;75;295;567251;538842;82.0;77.9
14;2021-09-13;311;1601;567562;540443;82.1;78.2
14;2021-09-14;647;1900;568209;542343;82.2;78.4
15;2020-12-27;2;0;2;0;0.0;0.0
15;2020-12-28;0;0;2;0;0.0;0.0
15;2020-12-29;0;0;2;0;0.0;0.0
15;2020-12-30;0;0;2;0;0.0;0.0
15;2020-12-31;0;0;2;0;0.0;0.0
15;2021-01-01;1;0;3;0;0.0;0.0
15;2021-01-02;0;0;3;0;0.0;0.0
15;2021-01-03;0;0;3;0;0.0;0.0
15;2021-01-04;0;0;3;0;0.0;0.0
15;2021-01-05;0;0;3;0;0.0;0.0
15;2021-01-06;0;0;3;0;0.0;0.0
15;2021-01-07;72;0;75;0;0.1;0.0
15;2021-01-08;110;0;185;0;0.1;0.0
15;2021-01-09;0;0;185;0;0.1;0.0
15;2021-01-10;2;0;187;0;0.1;0.0
15;2021-01-11;99;0;286;0;0.2;0.0
15;2021-01-12;94;0;380;0;0.3;0.0
15;2021-01-13;230;0;610;0;0.4;0.0
15;2021-01-14;313;1;923;1;0.6;0.0
15;2021-01-15;138;0;1061;1;0.7;0.0
15;2021-01-16;90;0;1151;1;0.8;0.0
15;2021-01-17;0;0;1151;1;0.8;0.0
15;2021-01-18;404;2;1555;3;1.1;0.0
15;2021-01-19;550;0;2105;3;1.5;0.0
15;2021-01-20;629;1;2734;4;1.9;0.0
15;2021-01-21;576;4;3310;8;2.3;0.0
15;2021-01-22;503;1;3813;9;2.7;0.0
15;2021-01-23;432;1;4245;10;3.0;0.0
15;2021-01-24;6;0;4251;10;3.0;0.0
15;2021-01-25;401;0;4652;10;3.3;0.0
15;2021-01-26;437;0;5089;10;3.6;0.0
15;2021-01-27;736;7;5825;17;4.1;0.0
15;2021-01-28;624;51;6449;68;4.5;0.0
15;2021-01-29;336;80;6785;148;4.8;0.1
15;2021-01-30;218;3;7003;151;4.9;0.1
15;2021-01-31;1;1;7004;152;4.9;0.1
15;2021-02-01;239;81;7243;233;5.1;0.2
15;2021-02-02;188;80;7431;313;5.2;0.2
15;2021-02-03;267;145;7698;458;5.4;0.3
15;2021-02-04;663;165;8361;623;5.9;0.4
15;2021-02-05;296;200;8657;823;6.1;0.6
15;2021-02-06;98;52;8755;875;6.1;0.6
15;2021-02-07;0;0;8755;875;6.1;0.6
15;2021-02-08;233;85;8988;960;6.3;0.7
15;2021-02-09;205;105;9193;1065;6.4;0.7
15;2021-02-10;338;287;9531;1352;6.7;0.9
15;2021-02-11;117;225;9648;1577;6.8;1.1
15;2021-02-12;136;145;9784;1722;6.9;1.2
15;2021-02-13;92;76;9876;1798;6.9;1.3
15;2021-02-14;0;0;9876;1798;6.9;1.3
15;2021-02-15;64;176;9940;1974;7.0;1.4
15;2021-02-16;52;248;9992;2222;7.0;1.6
15;2021-02-17;134;380;10126;2602;7.1;1.8
15;2021-02-18;87;678;10213;3280;7.2;2.3
15;2021-02-19;90;374;10303;3654;7.2;2.6
15;2021-02-20;20;212;10323;3866;7.2;2.7
15;2021-02-21;0;0;10323;3866;7.2;2.7
15;2021-02-22;23;399;10346;4265;7.2;3.0
15;2021-02-23;180;384;10526;4649;7.4;3.3
15;2021-02-24;31;399;10557;5048;7.4;3.5
15;2021-02-25;228;824;10785;5872;7.6;4.1
15;2021-02-26;186;429;10971;6301;7.7;4.4
15;2021-02-27;145;74;11116;6375;7.8;4.5
15;2021-02-28;1;0;11117;6375;7.8;4.5
15;2021-03-01;121;192;11238;6567;7.9;4.6
15;2021-03-02;250;274;11488;6841;8.0;4.8
15;2021-03-03;207;26;11695;6867;8.2;4.8
15;2021-03-04;246;224;11941;7091;8.4;5.0
15;2021-03-05;348;164;12289;7255;8.6;5.1
15;2021-03-06;680;11;12969;7266;9.1;5.1
15;2021-03-07;81;2;13050;7268;9.1;5.1
15;2021-03-08;93;93;13143;7361;9.2;5.2
15;2021-03-09;281;269;13424;7630;9.4;5.3
15;2021-03-10;417;166;13841;7796;9.7;5.5
15;2021-03-11;434;279;14275;8075;10.0;5.7
15;2021-03-12;525;90;14800;8165;10.4;5.7
15;2021-03-13;355;7;15155;8172;10.6;5.7
15;2021-03-14;18;0;15173;8172;10.6;5.7
15;2021-03-15;542;64;15715;8236;11.0;5.8
15;2021-03-16;328;21;16043;8257;11.2;5.8
15;2021-03-17;130;53;16173;8310;11.3;5.8
15;2021-03-18;250;91;16423;8401;11.5;5.9
15;2021-03-19;669;31;17092;8432;12.0;5.9
15;2021-03-20;148;36;17240;8468;12.1;5.9
15;2021-03-21;6;0;17246;8468;12.1;5.9
15;2021-03-22;575;79;17821;8547;12.5;6.0
15;2021-03-23;776;98;18597;8645;13.0;6.1
15;2021-03-24;937;35;19534;8680;13.7;6.1
15;2021-03-25;1282;33;20816;8713;14.6;6.1
15;2021-03-26;1009;61;21825;8774;15.3;6.1
15;2021-03-27;301;7;22126;8781;15.5;6.1
15;2021-03-28;20;0;22146;8781;15.5;6.1
15;2021-03-29;782;18;22928;8799;16.1;6.2
15;2021-03-30;1136;202;24064;9001;16.9;6.3
15;2021-03-31;941;26;25005;9027;17.5;6.3
15;2021-04-01;1233;60;26238;9087;18.4;6.4
15;2021-04-02;1142;61;27380;9148;19.2;6.4
15;2021-04-03;120;18;27500;9166;19.3;6.4
15;2021-04-04;0;0;27500;9166;19.3;6.4
15;2021-04-05;33;3;27533;9169;19.3;6.4
15;2021-04-06;834;86;28367;9255;19.9;6.5
15;2021-04-07;663;108;29030;9363;20.3;6.6
15;2021-04-08;1247;150;30277;9513;21.2;6.7
15;2021-04-09;1277;105;31554;9618;22.1;6.7
15;2021-04-10;364;20;31918;9638;22.3;6.7
15;2021-04-11;14;0;31932;9638;22.4;6.7
15;2021-04-12;644;456;32576;10094;22.8;7.1
15;2021-04-13;1124;321;33700;10415;23.6;7.3
15;2021-04-14;1039;199;34739;10614;24.3;7.4
15;2021-04-15;1183;309;35922;10923;25.2;7.6
15;2021-04-16;1038;551;36960;11474;25.9;8.0
15;2021-04-17;445;14;37405;11488;26.2;8.0
15;2021-04-18;0;10;37405;11498;26.2;8.1
15;2021-04-19;539;514;37944;12012;26.6;8.4
15;2021-04-20;847;615;38791;12627;27.2;8.8
15;2021-04-21;593;651;39384;13278;27.6;9.3
15;2021-04-22;728;775;40112;14053;28.1;9.8
15;2021-04-23;731;676;40843;14729;28.6;10.3
15;2021-04-24;363;123;41206;14852;28.9;10.4
15;2021-04-25;1;3;41207;14855;28.9;10.4
15;2021-04-26;325;632;41532;15487;29.1;10.8
15;2021-04-27;469;939;42001;16426;29.4;11.5
15;2021-04-28;383;785;42384;17211;29.7;12.1
15;2021-04-29;587;1005;42971;18216;30.1;12.8
15;2021-04-30;547;1071;43518;19287;30.5;13.5
15;2021-05-01;283;30;43801;19317;30.7;13.5
15;2021-05-02;0;0;43801;19317;30.7;13.5
15;2021-05-03;881;331;44682;19648;31.3;13.8
15;2021-05-04;802;854;45484;20502;31.8;14.4
15;2021-05-05;676;680;46160;21182;32.3;14.8
15;2021-05-06;827;967;46987;22149;32.9;15.5
15;2021-05-07;1154;902;48141;23051;33.7;16.1
15;2021-05-08;491;55;48632;23106;34.1;16.2
15;2021-05-09;24;9;48656;23115;34.1;16.2
15;2021-05-10;705;910;49361;24025;34.6;16.8
15;2021-05-11;1186;1182;50547;25207;35.4;17.7
15;2021-05-12;1147;836;51694;26043;36.2;18.2
15;2021-05-13;1165;440;52859;26483;37.0;18.5
15;2021-05-14;1504;582;54363;27065;38.1;19.0
15;2021-05-15;1410;418;55773;27483;39.1;19.2
15;2021-05-16;1;10;55774;27493;39.1;19.3
15;2021-05-17;999;605;56773;28098;39.8;19.7
15;2021-05-18;1222;970;57995;29068;40.6;20.4
15;2021-05-19;1020;459;59015;29527;41.3;20.7
15;2021-05-20;1239;781;60254;30308;42.2;21.2
15;2021-05-21;1349;748;61603;31056;43.1;21.7
15;2021-05-22;527;188;62130;31244;43.5;21.9
15;2021-05-23;2;11;62132;31255;43.5;21.9
15;2021-05-24;693;257;62825;31512;44.0;22.1
15;2021-05-25;1151;620;63976;32132;44.8;22.5
15;2021-05-26;1095;459;65071;32591;45.6;22.8
15;2021-05-27;1271;660;66342;33251;46.5;23.3
15;2021-05-28;1509;882;67851;34133;47.5;23.9
15;2021-05-29;984;360;68835;34493;48.2;24.2
15;2021-05-30;14;25;68849;34518;48.2;24.2
15;2021-05-31;1201;479;70050;34997;49.1;24.5
15;2021-06-01;1400;570;71450;35567;50.0;24.9
15;2021-06-02;865;417;72315;35984;50.6;25.2
15;2021-06-03;932;701;73247;36685;51.3;25.7
15;2021-06-04;1076;713;74323;37398;52.0;26.2
15;2021-06-05;651;262;74974;37660;52.5;26.4
15;2021-06-06;16;20;74990;37680;52.5;26.4
15;2021-06-07;797;349;75787;38029;53.1;26.6
15;2021-06-08;477;393;76264;38422;53.4;26.9
15;2021-06-09;377;377;76641;38799;53.7;27.2
15;2021-06-10;276;423;76917;39222;53.9;27.5
15;2021-06-11;661;1099;77578;40321;54.3;28.2
15;2021-06-12;377;467;77955;40788;54.6;28.6
15;2021-06-13;11;6;77966;40794;54.6;28.6
15;2021-06-14;542;977;78508;41771;55.0;29.2
15;2021-06-15;450;1164;78958;42935;55.3;30.1
15;2021-06-16;543;899;79501;43834;55.7;30.7
15;2021-06-17;290;934;79791;44768;55.9;31.3
15;2021-06-18;741;1205;80532;45973;56.4;32.2
15;2021-06-19;543;705;81075;46678;56.8;32.7
15;2021-06-20;11;1;81086;46679;56.8;32.7
15;2021-06-21;280;1042;81366;47721;57.0;33.4
15;2021-06-22;232;1479;81598;49200;57.1;34.5
15;2021-06-23;346;1445;81944;50645;57.4;35.5
15;2021-06-24;292;1094;82236;51739;57.6;36.2
15;2021-06-25;379;1640;82615;53379;57.8;37.4
15;2021-06-26;165;908;82780;54287;58.0;38.0
15;2021-06-27;0;0;82780;54287;58.0;38.0
15;2021-06-28;176;1227;82956;55514;58.1;38.9
15;2021-06-29;303;1264;83259;56778;58.3;39.8
15;2021-06-30;268;981;83527;57759;58.5;40.4
15;2021-07-01;381;1220;83908;58979;58.8;41.3
15;2021-07-02;410;1348;84318;60327;59.0;42.2
15;2021-07-03;251;706;84569;61033;59.2;42.7
15;2021-07-04;1;1;84570;61034;59.2;42.7
15;2021-07-05;248;1257;84818;62291;59.4;43.6
15;2021-07-06;274;1467;85092;63758;59.6;44.6
15;2021-07-07;256;1344;85348;65102;59.8;45.6
15;2021-07-08;489;1353;85837;66455;60.1;46.5
15;2021-07-09;488;1783;86325;68238;60.4;47.8
15;2021-07-10;215;862;86540;69100;60.6;48.4
15;2021-07-11;9;5;86549;69105;60.6;48.4
15;2021-07-12;277;1484;86826;70589;60.8;49.4
15;2021-07-13;587;1775;87413;72364;61.2;50.7
15;2021-07-14;16;130;87429;72494;61.2;50.8
15;2021-07-15;1132;729;88561;73223;62.0;51.3
15;2021-07-16;1141;1336;89702;74559;62.8;52.2
15;2021-07-17;820;953;90522;75512;63.4;52.9
15;2021-07-18;0;3;90522;75515;63.4;52.9
15;2021-07-19;1075;1270;91597;76785;64.1;53.8
15;2021-07-20;1614;546;93211;77331;65.3;54.1
15;2021-07-21;1189;603;94400;77934;66.1;54.6
15;2021-07-22;894;511;95294;78445;66.7;54.9
15;2021-07-23;1341;1064;96635;79509;67.7;55.7
15;2021-07-24;628;769;97263;80278;68.1;56.2
15;2021-07-25;1;24;97264;80302;68.1;56.2
15;2021-07-26;1248;593;98512;80895;69.0;56.6
15;2021-07-27;1692;574;100204;81469;70.2;57.0
15;2021-07-28;1239;581;101443;82050;71.0;57.5
15;2021-07-29;837;399;102280;82449;71.6;57.7
15;2021-07-30;1008;1131;103288;83580;72.3;58.5
15;2021-07-31;604;637;103892;84217;72.7;59.0
15;2021-08-01;21;12;103913;84229;72.8;59.0
15;2021-08-02;1143;542;105056;84771;73.6;59.4
15;2021-08-03;1164;382;106220;85153;74.4;59.6
15;2021-08-04;789;408;107009;85561;74.9;59.9
15;2021-08-05;383;284;107392;85845;75.2;60.1
15;2021-08-06;790;1235;108182;87080;75.8;61.0
15;2021-08-07;264;1160;108446;88240;75.9;61.8
15;2021-08-08;3;6;108449;88246;75.9;61.8
15;2021-08-09;512;1165;108961;89411;76.3;62.6
15;2021-08-10;435;724;109396;90135;76.6;63.1
15;2021-08-11;411;1007;109807;91142;76.9;63.8
15;2021-08-12;523;1183;110330;92325;77.3;64.6
15;2021-08-13;681;1137;111011;93462;77.7;65.4
15;2021-08-14;179;552;111190;94014;77.9;65.8
15;2021-08-15;17;9;111207;94023;77.9;65.8
15;2021-08-16;387;1134;111594;95157;78.1;66.6
15;2021-08-17;399;1140;111993;96297;78.4;67.4
15;2021-08-18;368;803;112361;97100;78.7;68.0
15;2021-08-19;300;878;112661;97978;78.9;68.6
15;2021-08-20;601;1214;113262;99192;79.3;69.5
15;2021-08-21;217;866;113479;100058;79.5;70.1
15;2021-08-22;12;26;113491;100084;79.5;70.1
15;2021-08-23;227;611;113718;100695;79.6;70.5
15;2021-08-24;245;590;113963;101285;79.8;70.9
15;2021-08-25;150;492;114113;101777;79.9;71.3
15;2021-08-26;136;362;114249;102139;80.0;71.5
15;2021-08-27;365;1337;114614;103476;80.3;72.5
15;2021-08-28;214;857;114828;104333;80.4;73.1
15;2021-08-29;7;13;114835;104346;80.4;73.1
15;2021-08-30;223;1062;115058;105408;80.6;73.8
15;2021-08-31;402;664;115460;106072;80.8;74.3
15;2021-09-01;182;445;115642;106517;81.0;74.6
15;2021-09-02;92;276;115734;106793;81.0;74.8
15;2021-09-03;201;1007;115935;107800;81.2;75.5
15;2021-09-04;150;422;116085;108222;81.3;75.8
15;2021-09-05;0;2;116085;108224;81.3;75.8
15;2021-09-06;98;490;116183;108714;81.4;76.1
15;2021-09-07;98;269;116281;108983;81.4;76.3
15;2021-09-08;199;613;116480;109596;81.6;76.7
15;2021-09-09;102;353;116582;109949;81.6;77.0
15;2021-09-10;231;1004;116813;110953;81.8;77.7
15;2021-09-11;95;365;116908;111318;81.9;77.9
15;2021-09-12;0;0;116908;111318;81.9;77.9
15;2021-09-13;102;411;117010;111729;81.9;78.2
15;2021-09-14;120;254;117130;111983;82.0;78.4
16;2020-12-27;0;0;0;0;0.0;0.0
16;2020-12-28;2;0;2;0;0.0;0.0
16;2020-12-29;0;0;2;0;0.0;0.0
16;2020-12-30;1;0;3;0;0.0;0.0
16;2020-12-31;0;0;3;0;0.0;0.0
16;2021-01-01;0;0;3;0;0.0;0.0
16;2021-01-02;0;0;3;0;0.0;0.0
16;2021-01-03;0;0;3;0;0.0;0.0
16;2021-01-04;1;0;4;0;0.0;0.0
16;2021-01-05;1;0;5;0;0.0;0.0
16;2021-01-06;88;0;93;0;0.0;0.0
16;2021-01-07;240;0;333;0;0.1;0.0
16;2021-01-08;465;2;798;2;0.2;0.0
16;2021-01-09;1;0;799;2;0.2;0.0
16;2021-01-10;1;0;800;2;0.2;0.0
16;2021-01-11;304;0;1104;2;0.3;0.0
16;2021-01-12;437;1;1541;3;0.4;0.0
16;2021-01-13;480;0;2021;3;0.6;0.0
16;2021-01-14;600;6;2621;9;0.8;0.0
16;2021-01-15;504;3;3125;12;0.9;0.0
16;2021-01-16;0;0;3125;12;0.9;0.0
16;2021-01-17;0;0;3125;12;0.9;0.0
16;2021-01-18;432;2;3557;14;1.0;0.0
16;2021-01-19;833;2;4390;16;1.3;0.0
16;2021-01-20;1185;2;5575;18;1.6;0.0
16;2021-01-21;1376;3;6951;21;2.0;0.0
16;2021-01-22;1114;0;8065;21;2.3;0.0
16;2021-01-23;183;0;8248;21;2.4;0.0
16;2021-01-24;0;0;8248;21;2.4;0.0
16;2021-01-25;641;2;8889;23;2.6;0.0
16;2021-01-26;1026;1;9915;24;2.8;0.0
16;2021-01-27;1406;105;11321;129;3.3;0.0
16;2021-01-28;1275;53;12596;182;3.6;0.1
16;2021-01-29;742;125;13338;307;3.8;0.1
16;2021-01-30;36;0;13374;307;3.8;0.1
16;2021-01-31;0;0;13374;307;3.8;0.1
16;2021-02-01;394;197;13768;504;4.0;0.1
16;2021-02-02;576;160;14344;664;4.1;0.2
16;2021-02-03;621;342;14965;1006;4.3;0.3
16;2021-02-04;464;254;15429;1260;4.4;0.4
16;2021-02-05;505;261;15934;1521;4.6;0.4
16;2021-02-06;3;80;15937;1601;4.6;0.5
16;2021-02-07;41;3;15978;1604;4.6;0.5
16;2021-02-08;356;188;16334;1792;4.7;0.5
16;2021-02-09;650;249;16984;2041;4.9;0.6
16;2021-02-10;693;597;17677;2638;5.1;0.8
16;2021-02-11;802;515;18479;3153;5.3;0.9
16;2021-02-12;623;792;19102;3945;5.5;1.1
16;2021-02-13;43;77;19145;4022;5.5;1.2
16;2021-02-14;2;5;19147;4027;5.5;1.2
16;2021-02-15;217;570;19364;4597;5.6;1.3
16;2021-02-16;374;791;19738;5388;5.7;1.5
16;2021-02-17;347;1155;20085;6543;5.8;1.9
16;2021-02-18;512;1048;20597;7591;5.9;2.2
16;2021-02-19;389;637;20986;8228;6.0;2.4
16;2021-02-20;2;8;20988;8236;6.0;2.4
16;2021-02-21;2;0;20990;8236;6.0;2.4
16;2021-02-22;136;406;21126;8642;6.1;2.5
16;2021-02-23;206;677;21332;9319;6.1;2.7
16;2021-02-24;274;770;21606;10089;6.2;2.9
16;2021-02-25;395;528;22001;10617;6.3;3.0
16;2021-02-26;479;423;22480;11040;6.5;3.2
16;2021-02-27;249;1;22729;11041;6.5;3.2
16;2021-02-28;5;1;22734;11042;6.5;3.2
16;2021-03-01;152;237;22886;11279;6.6;3.2
16;2021-03-02;272;512;23158;11791;6.7;3.4
16;2021-03-03;391;622;23549;12413;6.8;3.6
16;2021-03-04;804;509;24353;12922;7.0;3.7
16;2021-03-05;1143;490;25496;13412;7.3;3.9
16;2021-03-06;753;13;26249;13425;7.5;3.9
16;2021-03-07;94;18;26343;13443;7.6;3.9
16;2021-03-08;438;272;26781;13715;7.7;3.9
16;2021-03-09;774;554;27555;14269;7.9;4.1
16;2021-03-10;606;593;28161;14862;8.1;4.3
16;2021-03-11;1447;506;29608;15368;8.5;4.4
16;2021-03-12;1164;422;30772;15790;8.8;4.5
16;2021-03-13;765;15;31537;15805;9.1;4.5
16;2021-03-14;1;0;31538;15805;9.1;4.5
16;2021-03-15;462;171;32000;15976;9.2;4.6
16;2021-03-16;860;402;32860;16378;9.4;4.7
16;2021-03-17;590;280;33450;16658;9.6;4.8
16;2021-03-18;1033;267;34483;16925;9.9;4.9
16;2021-03-19;1101;232;35584;17157;10.2;4.9
16;2021-03-20;396;5;35980;17162;10.3;4.9
16;2021-03-21;9;0;35989;17162;10.3;4.9
16;2021-03-22;728;96;36717;17258;10.5;5.0
16;2021-03-23;1464;101;38181;17359;11.0;5.0
16;2021-03-24;1120;182;39301;17541;11.3;5.0
16;2021-03-25;2047;87;41348;17628;11.9;5.1
16;2021-03-26;1916;98;43264;17726;12.4;5.1
16;2021-03-27;433;21;43697;17747;12.6;5.1
16;2021-03-28;0;0;43697;17747;12.6;5.1
16;2021-03-29;925;60;44622;17807;12.8;5.1
16;2021-03-30;1884;177;46506;17984;13.4;5.2
16;2021-03-31;1514;134;48020;18118;13.8;5.2
16;2021-04-01;2009;398;50029;18516;14.4;5.3
16;2021-04-02;1442;378;51471;18894;14.8;5.4
16;2021-04-03;288;5;51759;18899;14.9;5.4
16;2021-04-04;1;0;51760;18899;14.9;5.4
16;2021-04-05;2;0;51762;18899;14.9;5.4
16;2021-04-06;2013;544;53775;19443;15.4;5.6
16;2021-04-07;1954;405;55729;19848;16.0;5.7
16;2021-04-08;2823;583;58552;20431;16.8;5.9
16;2021-04-09;2695;553;61247;20984;17.6;6.0
16;2021-04-10;1291;37;62538;21021;18.0;6.0
16;2021-04-11;2;0;62540;21021;18.0;6.0
16;2021-04-12;1431;316;63971;21337;18.4;6.1
16;2021-04-13;2124;838;66095;22175;19.0;6.4
16;2021-04-14;1951;629;68046;22804;19.5;6.5
16;2021-04-15;2103;979;70149;23783;20.1;6.8
16;2021-04-16;2045;786;72194;24569;20.7;7.1
16;2021-04-17;1507;92;73701;24661;21.2;7.1
16;2021-04-18;197;3;73898;24664;21.2;7.1
16;2021-04-19;1440;523;75338;25187;21.6;7.2
16;2021-04-20;2055;1231;77393;26418;22.2;7.6
16;2021-04-21;1776;750;79169;27168;22.7;7.8
16;2021-04-22;2291;1006;81460;28174;23.4;8.1
16;2021-04-23;2364;1166;83824;29340;24.1;8.4
16;2021-04-24;829;38;84653;29378;24.3;8.4
16;2021-04-25;117;5;84770;29383;24.3;8.4
16;2021-04-26;1400;808;86170;30191;24.7;8.7
16;2021-04-27;2057;1411;88227;31602;25.3;9.1
16;2021-04-28;1591;1124;89818;32726;25.8;9.4
16;2021-04-29;2250;1483;92068;34209;26.4;9.8
16;2021-04-30;2856;1338;94924;35547;27.3;10.2
16;2021-05-01;353;60;95277;35607;27.4;10.2
16;2021-05-02;155;13;95432;35620;27.4;10.2
16;2021-05-03;2610;529;98042;36149;28.2;10.4
16;2021-05-04;2061;2040;100103;38189;28.8;11.0
16;2021-05-05;1688;1826;101791;40015;29.2;11.5
16;2021-05-06;1888;2236;103679;42251;29.8;12.1
16;2021-05-07;3071;2116;106750;44367;30.7;12.7
16;2021-05-08;1197;466;107947;44833;31.0;12.9
16;2021-05-09;530;27;108477;44860;31.2;12.9
16;2021-05-10;1930;1623;110407;46483;31.7;13.4
16;2021-05-11;2354;1959;112761;48442;32.4;13.9
16;2021-05-12;1734;1792;114495;50234;32.9;14.4
16;2021-05-13;1461;354;115956;50588;33.3;14.5
16;2021-05-14;1989;1551;117945;52139;33.9;15.0
16;2021-05-15;596;895;118541;53034;34.0;15.2
16;2021-05-16;132;6;118673;53040;34.1;15.2
16;2021-05-17;1609;1285;120282;54325;34.5;15.6
16;2021-05-18;2759;1422;123041;55747;35.3;16.0
16;2021-05-19;2006;1241;125047;56988;35.9;16.4
16;2021-05-20;2833;1389;127880;58377;36.7;16.8
16;2021-05-21;2943;1389;130823;59766;37.6;17.2
16;2021-05-22;412;711;131235;60477;37.7;17.4
16;2021-05-23;210;11;131445;60488;37.8;17.4
16;2021-05-24;1263;234;132708;60722;38.1;17.4
16;2021-05-25;2759;1461;135467;62183;38.9;17.9
16;2021-05-26;1835;1186;137302;63369;39.4;18.2
16;2021-05-27;2419;1582;139721;64951;40.1;18.7
16;2021-05-28;2899;1557;142620;66508;41.0;19.1
16;2021-05-29;814;883;143434;67391;41.2;19.4
16;2021-05-30;1;4;143435;67395;41.2;19.4
16;2021-05-31;1984;1099;145419;68494;41.8;19.7
16;2021-06-01;2344;1705;147763;70199;42.4;20.2
16;2021-06-02;1821;1502;149584;71701;43.0;20.6
16;2021-06-03;2623;1758;152207;73459;43.7;21.1
16;2021-06-04;2834;2028;155041;75487;44.5;21.7
16;2021-06-05;1006;546;156047;76033;44.8;21.8
16;2021-06-06;161;29;156208;76062;44.9;21.8
16;2021-06-07;1991;1281;158199;77343;45.4;22.2
16;2021-06-08;2395;1990;160594;79333;46.1;22.8
16;2021-06-09;2529;1617;163123;80950;46.9;23.2
16;2021-06-10;2571;1996;165694;82946;47.6;23.8
16;2021-06-11;2152;2730;167846;85676;48.2;24.6
16;2021-06-12;1614;517;169460;86193;48.7;24.8
16;2021-06-13;261;72;169721;86265;48.7;24.8
16;2021-06-14;797;2794;170518;89059;49.0;25.6
16;2021-06-15;1866;2623;172384;91682;49.5;26.3
16;2021-06-16;1576;2085;173960;93767;50.0;26.9
16;2021-06-17;2041;2497;176001;96264;50.5;27.6
16;2021-06-18;2061;3215;178062;99479;51.1;28.6
16;2021-06-19;1352;1311;179414;100790;51.5;28.9
16;2021-06-20;243;28;179657;100818;51.6;29.0
16;2021-06-21;1411;2168;181068;102986;52.0;29.6
16;2021-06-22;1675;2943;182743;105929;52.5;30.4
16;2021-06-23;1565;2017;184308;107946;52.9;31.0
16;2021-06-24;1927;2167;186235;110113;53.5;31.6
16;2021-06-25;1984;2725;188219;112838;54.1;32.4
16;2021-06-26;1061;725;189280;113563;54.4;32.6
16;2021-06-27;132;25;189412;113588;54.4;32.6
16;2021-06-28;1164;1963;190576;115551;54.7;33.2
16;2021-06-29;1283;3355;191859;118906;55.1;34.2
16;2021-06-30;1337;2713;193196;121619;55.5;34.9
16;2021-07-01;1866;3155;195062;124774;56.0;35.8
16;2021-07-02;1424;3580;196486;128354;56.4;36.9
16;2021-07-03;694;1108;197180;129462;56.6;37.2
16;2021-07-04;3;15;197183;129477;56.6;37.2
16;2021-07-05;815;2297;197998;131774;56.9;37.8
16;2021-07-06;1278;3363;199276;135137;57.2;38.8
16;2021-07-07;871;2274;200147;137411;57.5;39.5
16;2021-07-08;1234;2732;201381;140143;57.8;40.3
16;2021-07-09;1112;3706;202493;143849;58.2;41.3
16;2021-07-10;338;1336;202831;145185;58.3;41.7
16;2021-07-11;2;13;202833;145198;58.3;41.7
16;2021-07-12;634;2434;203467;147632;58.4;42.4
16;2021-07-13;1392;3527;204859;151159;58.8;43.4
16;2021-07-14;799;877;205658;152036;59.1;43.7
16;2021-07-15;1250;3407;206908;155443;59.4;44.6
16;2021-07-16;1498;3379;208406;158822;59.9;45.6
16;2021-07-17;538;1188;208944;160010;60.0;46.0
16;2021-07-18;14;6;208958;160016;60.0;46.0
16;2021-07-19;618;2853;209576;162869;60.2;46.8
16;2021-07-20;1125;3281;210701;166150;60.5;47.7
16;2021-07-21;1118;2619;211819;168769;60.8;48.5
16;2021-07-22;1871;2853;213690;171622;61.4;49.3
16;2021-07-23;1554;3544;215244;175166;61.8;50.3
16;2021-07-24;639;1207;215883;176373;62.0;50.7
16;2021-07-25;11;11;215894;176384;62.0;50.7
16;2021-07-26;1530;2129;217424;178513;62.4;51.3
16;2021-07-27;1868;2818;219292;181331;63.0;52.1
16;2021-07-28;1863;2314;221155;183645;63.5;52.7
16;2021-07-29;2243;2472;223398;186117;64.2;53.5
16;2021-07-30;2356;3102;225754;189219;64.8;54.3
16;2021-07-31;960;1353;226714;190572;65.1;54.7
16;2021-08-01;192;22;226906;190594;65.2;54.7
16;2021-08-02;2122;1827;229028;192421;65.8;55.3
16;2021-08-03;2124;2324;231152;194745;66.4;55.9
16;2021-08-04;2121;1885;233273;196630;67.0;56.5
16;2021-08-05;2777;1654;236050;198284;67.8;56.9
16;2021-08-06;2511;2365;238561;200649;68.5;57.6
16;2021-08-07;831;562;239392;201211;68.8;57.8
16;2021-08-08;36;33;239428;201244;68.8;57.8
16;2021-08-09;2181;1061;241609;202305;69.4;58.1
16;2021-08-10;2887;1584;244496;203889;70.2;58.6
16;2021-08-11;2604;1230;247100;205119;71.0;58.9
16;2021-08-12;2001;1735;249101;206854;71.5;59.4
16;2021-08-13;2688;1467;251789;208321;72.3;59.8
16;2021-08-14;757;456;252546;208777;72.5;60.0
16;2021-08-15;28;4;252574;208781;72.5;60.0
16;2021-08-16;1338;1581;253912;210362;72.9;60.4
16;2021-08-17;1835;1627;255747;211989;73.5;60.9
16;2021-08-18;1593;1471;257340;213460;73.9;61.3
16;2021-08-19;1513;1776;258853;215236;74.3;61.8
16;2021-08-20;1603;1902;260456;217138;74.8;62.4
16;2021-08-21;562;827;261018;217965;75.0;62.6
16;2021-08-22;4;5;261022;217970;75.0;62.6
16;2021-08-23;989;2064;262011;220034;75.3;63.2
16;2021-08-24;1039;2376;263050;222410;75.6;63.9
16;2021-08-25;882;1780;263932;224190;75.8;64.4
16;2021-08-26;871;2530;264803;226720;76.1;65.1
16;2021-08-27;852;2407;265655;229127;76.3;65.8
16;2021-08-28;260;770;265915;229897;76.4;66.0
16;2021-08-29;2;16;265917;229913;76.4;66.0
16;2021-08-30;639;2397;266556;232310;76.6;66.7
16;2021-08-31;667;2632;267223;234942;76.7;67.5
16;2021-09-01;468;2542;267691;237484;76.9;68.2
16;2021-09-02;539;2365;268230;239849;77.0;68.9
16;2021-09-03;539;2812;268769;242661;77.2;69.7
16;2021-09-04;361;964;269130;243625;77.3;70.0
16;2021-09-05;5;29;269135;243654;77.3;70.0
16;2021-09-06;317;1760;269452;245414;77.4;70.5
16;2021-09-07;353;1990;269805;247404;77.5;71.1
16;2021-09-08;388;2213;270193;249617;77.6;71.7
16;2021-09-09;343;1709;270536;251326;77.7;72.2
16;2021-09-10;442;2100;270978;253426;77.8;72.8
16;2021-09-11;185;847;271163;254273;77.9;73.0
16;2021-09-12;6;23;271169;254296;77.9;73.0
16;2021-09-13;255;1351;271424;255647;78.0;73.4
16;2021-09-14;360;1440;271784;257087;78.1;73.8
17;2020-12-27;0;0;0;0;0.0;0.0
17;2020-12-28;0;0;0;0;0.0;0.0
17;2020-12-29;0;0;0;0;0.0;0.0
17;2020-12-30;1;0;1;0;0.0;0.0
17;2020-12-31;0;0;1;0;0.0;0.0
17;2021-01-01;1;0;2;0;0.0;0.0
17;2021-01-02;1;0;3;0;0.0;0.0
17;2021-01-03;0;0;3;0;0.0;0.0
17;2021-01-04;56;0;59;0;0.0;0.0
17;2021-01-05;98;0;157;0;0.0;0.0
17;2021-01-06;132;0;289;0;0.0;0.0
17;2021-01-07;485;1;774;1;0.1;0.0
17;2021-01-08;418;0;1192;1;0.2;0.0
17;2021-01-09;0;0;1192;1;0.2;0.0
17;2021-01-10;1;0;1193;1;0.2;0.0
17;2021-01-11;381;1;1574;2;0.2;0.0
17;2021-01-12;750;1;2324;3;0.4;0.0
17;2021-01-13;654;2;2978;5;0.5;0.0
17;2021-01-14;617;9;3595;14;0.6;0.0
17;2021-01-15;681;1;4276;15;0.7;0.0
17;2021-01-16;129;2;4405;17;0.7;0.0
17;2021-01-17;19;0;4424;17;0.7;0.0
17;2021-01-18;887;2;5311;19;0.8;0.0
17;2021-01-19;1910;3;7221;22;1.1;0.0
17;2021-01-20;2394;2;9615;24;1.5;0.0
17;2021-01-21;2499;3;12114;27;1.9;0.0
17;2021-01-22;1892;6;14006;33;2.2;0.0
17;2021-01-23;738;1;14744;34;2.3;0.0
17;2021-01-24;48;0;14792;34;2.3;0.0
17;2021-01-25;1383;5;16175;39;2.5;0.0
17;2021-01-26;2110;2;18285;41;2.8;0.0
17;2021-01-27;1675;32;19960;73;3.1;0.0
17;2021-01-28;2474;218;22434;291;3.5;0.0
17;2021-01-29;1739;158;24173;449;3.7;0.1
17;2021-01-30;528;3;24701;452;3.8;0.1
17;2021-01-31;37;2;24738;454;3.8;0.1
17;2021-02-01;740;186;25478;640;3.9;0.1
17;2021-02-02;1202;320;26680;960;4.1;0.1
17;2021-02-03;1296;375;27976;1335;4.3;0.2
17;2021-02-04;1162;436;29138;1771;4.5;0.3
17;2021-02-05;603;695;29741;2466;4.6;0.4
17;2021-02-06;23;39;29764;2505;4.6;0.4
17;2021-02-07;31;13;29795;2518;4.6;0.4
17;2021-02-08;706;348;30501;2866;4.7;0.4
17;2021-02-09;1101;1082;31602;3948;4.9;0.6
17;2021-02-10;866;1219;32468;5167;5.0;0.8
17;2021-02-11;1242;1296;33710;6463;5.2;1.0
17;2021-02-12;771;880;34481;7343;5.3;1.1
17;2021-02-13;43;93;34524;7436;5.3;1.1
17;2021-02-14;1;10;34525;7446;5.3;1.2
17;2021-02-15;621;925;35146;8371;5.4;1.3
17;2021-02-16;750;1426;35896;9797;5.5;1.5
17;2021-02-17;795;1000;36691;10797;5.7;1.7
17;2021-02-18;965;1710;37656;12507;5.8;1.9
17;2021-02-19;1067;1247;38723;13754;6.0;2.1
17;2021-02-20;105;257;38828;14011;6.0;2.2
17;2021-02-21;9;2;38837;14013;6.0;2.2
17;2021-02-22;647;1244;39484;15257;6.1;2.4
17;2021-02-23;781;1211;40265;16468;6.2;2.5
17;2021-02-24;1080;1291;41345;17759;6.4;2.7
17;2021-02-25;1087;1457;42432;19216;6.6;3.0
17;2021-02-26;1307;1047;43739;20263;6.8;3.1
17;2021-02-27;527;212;44266;20475;6.8;3.2
17;2021-02-28;19;9;44285;20484;6.8;3.2
17;2021-03-01;634;867;44919;21351;6.9;3.3
17;2021-03-02;1094;741;46013;22092;7.1;3.4
17;2021-03-03;1618;684;47631;22776;7.4;3.5
17;2021-03-04;2426;1006;50057;23782;7.7;3.7
17;2021-03-05;2663;566;52720;24348;8.1;3.8
17;2021-03-06;1029;28;53749;24376;8.3;3.8
17;2021-03-07;183;17;53932;24393;8.3;3.8
17;2021-03-08;1017;748;54949;25141;8.5;3.9
17;2021-03-09;1745;519;56694;25660;8.8;4.0
17;2021-03-10;2047;592;58741;26252;9.1;4.1
17;2021-03-11;3226;922;61967;27174;9.6;4.2
17;2021-03-12;3356;566;65323;27740;10.1;4.3
17;2021-03-13;1202;11;66525;27751;10.3;4.3
17;2021-03-14;32;0;66557;27751;10.3;4.3
17;2021-03-15;1242;961;67799;28712;10.5;4.4
17;2021-03-16;893;517;68692;29229;10.6;4.5
17;2021-03-17;1460;689;70152;29918;10.8;4.6
17;2021-03-18;1683;757;71835;30675;11.1;4.7
17;2021-03-19;2096;535;73931;31210;11.4;4.8
17;2021-03-20;1084;57;75015;31267;11.6;4.8
17;2021-03-21;37;41;75052;31308;11.6;4.8
17;2021-03-22;1578;681;76630;31989;11.8;4.9
17;2021-03-23;2491;572;79121;32561;12.2;5.0
17;2021-03-24;3545;842;82666;33403;12.8;5.2
17;2021-03-25;4713;638;87379;34041;13.5;5.3
17;2021-03-26;4944;468;92323;34509;14.3;5.3
17;2021-03-27;1737;68;94060;34577;14.5;5.3
17;2021-03-28;369;45;94429;34622;14.6;5.4
17;2021-03-29;2362;565;96791;35187;15.0;5.4
17;2021-03-30;2655;975;99446;36162;15.4;5.6
17;2021-03-31;3844;897;103290;37059;16.0;5.7
17;2021-04-01;4014;1157;107304;38216;16.6;5.9
17;2021-04-02;3710;831;111014;39047;17.2;6.0
17;2021-04-03;1152;187;112166;39234;17.3;6.1
17;2021-04-04;501;6;112667;39240;17.4;6.1
17;2021-04-05;445;128;113112;39368;17.5;6.1
17;2021-04-06;3481;1024;116593;40392;18.0;6.2
17;2021-04-07;4130;1147;120723;41539;18.7;6.4
17;2021-04-08;4570;1476;125293;43015;19.4;6.6
17;2021-04-09;6498;841;131791;43856;20.4;6.8
17;2021-04-10;2583;68;134374;43924;20.8;6.8
17;2021-04-11;790;16;135164;43940;20.9;6.8
17;2021-04-12;2889;1609;138053;45549;21.3;7.0
17;2021-04-13;4151;1283;142204;46832;22.0;7.2
17;2021-04-14;4419;1203;146623;48035;22.7;7.4
17;2021-04-15;4600;1133;151223;49168;23.4;7.6
17;2021-04-16;4298;1153;155521;50321;24.0;7.8
17;2021-04-17;1682;382;157203;50703;24.3;7.8
17;2021-04-18;472;81;157675;50784;24.4;7.8
17;2021-04-19;2338;2052;160013;52836;24.7;8.2
17;2021-04-20;2929;2545;162942;55381;25.2;8.6
17;2021-04-21;2973;1940;165915;57321;25.6;8.9
17;2021-04-22;3122;2355;169037;59676;26.1;9.2
17;2021-04-23;2447;2724;171484;62400;26.5;9.6
17;2021-04-24;1669;923;173153;63323;26.8;9.8
17;2021-04-25;665;244;173818;63567;26.9;9.8
17;2021-04-26;2578;2611;176396;66178;27.3;10.2
17;2021-04-27;3151;2659;179547;68837;27.7;10.6
17;2021-04-28;3103;2915;182650;71752;28.2;11.1
17;2021-04-29;4149;2833;186799;74585;28.9;11.5
17;2021-04-30;4356;2619;191155;77204;29.5;11.9
17;2021-05-01;849;539;192004;77743;29.7;12.0
17;2021-05-02;553;837;192557;78580;29.8;12.1
17;2021-05-03;2542;2953;195099;81533;30.2;12.6
17;2021-05-04;2317;3710;197416;85243;30.5;13.2
17;2021-05-05;2908;3696;200324;88939;31.0;13.7
17;2021-05-06;4122;3391;204446;92330;31.6;14.3
17;2021-05-07;4357;3617;208803;95947;32.3;14.8
17;2021-05-08;1306;751;210109;96698;32.5;14.9
17;2021-05-09;1310;705;211419;97403;32.7;15.1
17;2021-05-10;2727;3674;214146;101077;33.1;15.6
17;2021-05-11;3499;3984;217645;105061;33.6;16.2
17;2021-05-12;3532;3796;221177;108857;34.2;16.8
17;2021-05-13;2545;693;223722;109550;34.6;16.9
17;2021-05-14;3032;2392;226754;111942;35.0;17.3
17;2021-05-15;2128;654;228882;112596;35.4;17.4
17;2021-05-16;1734;316;230616;112912;35.6;17.4
17;2021-05-17;4288;1997;234904;114909;36.3;17.8
17;2021-05-18;4746;1629;239650;116538;37.0;18.0
17;2021-05-19;5070;1281;244720;117819;37.8;18.2
17;2021-05-20;4943;1936;249663;119755;38.6;18.5
17;2021-05-21;4998;1945;254661;121700;39.4;18.8
17;2021-05-22;2392;529;257053;122229;39.7;18.9
17;2021-05-23;1900;128;258953;122357;40.0;18.9
17;2021-05-24;1426;210;260379;122567;40.2;18.9
17;2021-05-25;4030;1766;264409;124333;40.9;19.2
17;2021-05-26;4368;2035;268777;126368;41.5;19.5
17;2021-05-27;5216;2137;273993;128505;42.3;19.9
17;2021-05-28;4468;3413;278461;131918;43.0;20.4
17;2021-05-29;1561;1696;280022;133614;43.3;20.6
17;2021-05-30;857;411;280879;134025;43.4;20.7
17;2021-05-31;2946;2997;283825;137022;43.9;21.2
17;2021-06-01;4296;2915;288121;139937;44.5;21.6
17;2021-06-02;4203;3167;292324;143104;45.2;22.1
17;2021-06-03;5056;3144;297380;146248;46.0;22.6
17;2021-06-04;4517;3849;301897;150097;46.7;23.2
17;2021-06-05;1991;1594;303888;151691;47.0;23.4
17;2021-06-06;851;733;304739;152424;47.1;23.6
17;2021-06-07;3138;4339;307877;156763;47.6;24.2
17;2021-06-08;3790;4492;311667;161255;48.2;24.9
17;2021-06-09;4346;3047;316013;164302;48.8;25.4
17;2021-06-10;4929;2782;320942;167084;49.6;25.8
17;2021-06-11;4794;3679;325736;170763;50.3;26.4
17;2021-06-12;1812;1387;327548;172150;50.6;26.6
17;2021-06-13;612;415;328160;172565;50.7;26.7
17;2021-06-14;2834;4532;330994;177097;51.2;27.4
17;2021-06-15;3624;4368;334618;181465;51.7;28.0
17;2021-06-16;4131;3691;338749;185156;52.4;28.6
17;2021-06-17;4368;4108;343117;189264;53.0;29.2
17;2021-06-18;4054;4436;347171;193700;53.7;29.9
17;2021-06-19;1450;1976;348621;195676;53.9;30.2
17;2021-06-20;595;1036;349216;196712;54.0;30.4
17;2021-06-21;2562;4370;351778;201082;54.4;31.1
17;2021-06-22;3530;4453;355308;205535;54.9;31.8
17;2021-06-23;3796;3993;359104;209528;55.5;32.4
17;2021-06-24;3600;3952;362704;213480;56.1;33.0
17;2021-06-25;2719;4983;365423;218463;56.5;33.8
17;2021-06-26;906;2334;366329;220797;56.6;34.1
17;2021-06-27;396;1902;366725;222699;56.7;34.4
17;2021-06-28;1523;5414;368248;228113;56.9;35.3
17;2021-06-29;1684;5889;369932;234002;57.2;36.2
17;2021-06-30;2029;5547;371961;239549;57.5;37.0
17;2021-07-01;2267;5558;374228;245107;57.8;37.9
17;2021-07-02;2488;5981;376716;251088;58.2;38.8
17;2021-07-03;627;2534;377343;253622;58.3;39.2
17;2021-07-04;155;1250;377498;254872;58.3;39.4
17;2021-07-05;1891;5179;379389;260051;58.6;40.2
17;2021-07-06;2132;5596;381521;265647;59.0;41.1
17;2021-07-07;2408;5499;383929;271146;59.3;41.9
17;2021-07-08;2916;5440;386845;276586;59.8;42.7
17;2021-07-09;2526;6075;389371;282661;60.2;43.7
17;2021-07-10;827;2471;390198;285132;60.3;44.1
17;2021-07-11;380;907;390578;286039;60.4;44.2
17;2021-07-12;2007;5618;392585;291657;60.7;45.1
17;2021-07-13;2373;6716;394958;298373;61.0;46.1
17;2021-07-14;71;71;395029;298444;61.0;46.1
17;2021-07-15;2191;6860;397220;305304;61.4;47.2
17;2021-07-16;2779;6964;399999;312268;61.8;48.3
17;2021-07-17;1051;2271;401050;314539;62.0;48.6
17;2021-07-18;313;1037;401363;315576;62.0;48.8
17;2021-07-19;2635;5905;403998;321481;62.4;49.7
17;2021-07-20;3320;6312;407318;327793;62.9;50.7
17;2021-07-21;3803;6026;411121;333819;63.5;51.6
17;2021-07-22;4251;6265;415372;340084;64.2;52.6
17;2021-07-23;3905;6562;419277;346646;64.8;53.6
17;2021-07-24;2068;1389;421345;348035;65.1;53.8
17;2021-07-25;1043;417;422388;348452;65.3;53.8
17;2021-07-26;3740;5424;426128;353876;65.9;54.7
17;2021-07-27;4730;5437;430858;359313;66.6;55.5
17;2021-07-28;5218;5163;436076;364476;67.4;56.3
17;2021-07-29;5168;5340;441244;369816;68.2;57.2
17;2021-07-30;5511;5572;446755;375388;69.0;58.0
17;2021-07-31;2118;1212;448873;376600;69.4;58.2
17;2021-08-01;1095;359;449968;376959;69.5;58.3
17;2021-08-02;4623;4391;454591;381350;70.3;58.9
17;2021-08-03;5765;4161;460356;385511;71.1;59.6
17;2021-08-04;6200;3376;466556;388887;72.1;60.1
17;2021-08-05;6389;3149;472945;392036;73.1;60.6
17;2021-08-06;5890;3603;478835;395639;74.0;61.1
17;2021-08-07;1990;867;480825;396506;74.3;61.3
17;2021-08-08;978;219;481803;396725;74.5;61.3
17;2021-08-09;3923;3689;485726;400414;75.1;61.9
17;2021-08-10;5084;3487;490810;403901;75.8;62.4
17;2021-08-11;4918;3811;495728;407712;76.6;63.0
17;2021-08-12;4894;3955;500622;411667;77.4;63.6
17;2021-08-13;4522;4142;505144;415809;78.1;64.3
17;2021-08-14;1239;1381;506383;417190;78.3;64.5
17;2021-08-15;406;375;506789;417565;78.3;64.5
17;2021-08-16;2851;4063;509640;421628;78.8;65.2
17;2021-08-17;3051;4288;512691;425916;79.2;65.8
17;2021-08-18;2619;4547;515310;430463;79.6;66.5
17;2021-08-19;2725;4370;518035;434833;80.1;67.2
17;2021-08-20;2484;5025;520519;439858;80.4;68.0
17;2021-08-21;683;1355;521202;441213;80.5;68.2
17;2021-08-22;217;458;521419;441671;80.6;68.3
17;2021-08-23;1982;4952;523401;446623;80.9;69.0
17;2021-08-24;1939;5091;525340;451714;81.2;69.8
17;2021-08-25;1656;5505;526996;457219;81.4;70.7
17;2021-08-26;1598;5762;528594;462981;81.7;71.5
17;2021-08-27;1544;5952;530138;468933;81.9;72.5
17;2021-08-28;517;1454;530655;470387;82.0;72.7
17;2021-08-29;87;575;530742;470962;82.0;72.8
17;2021-08-30;1425;5112;532167;476074;82.2;73.6
17;2021-08-31;1324;5353;533491;481427;82.4;74.4
17;2021-09-01;1192;5116;534683;486543;82.6;75.2
17;2021-09-02;1134;4548;535817;491091;82.8;75.9
17;2021-09-03;1160;5334;536977;496425;83.0;76.7
17;2021-09-04;285;972;537262;497397;83.0;76.9
17;2021-09-05;53;138;537315;497535;83.0;76.9
17;2021-09-06;722;3732;538037;501267;83.1;77.5
17;2021-09-07;712;3269;538749;504536;83.3;78.0
17;2021-09-08;821;4147;539570;508683;83.4;78.6
17;2021-09-09;810;3193;540380;511876;83.5;79.1
17;2021-09-10;782;3952;541162;515828;83.6;79.7
17;2021-09-11;297;998;541459;516826;83.7;79.9
17;2021-09-12;0;23;541459;516849;83.7;79.9
17;2021-09-13;648;2798;542107;519647;83.8;80.3
17;2021-09-14;601;2751;542708;522398;83.9;80.7
18;2020-12-27;0;0;0;0;0.0;0.0
18;2020-12-28;0;0;0;0;0.0;0.0
18;2020-12-29;0;0;0;0;0.0;0.0
18;2020-12-30;1;0;1;0;0.0;0.0
18;2020-12-31;0;0;1;0;0.0;0.0
18;2021-01-01;0;0;1;0;0.0;0.0
18;2021-01-02;0;0;1;0;0.0;0.0
18;2021-01-03;0;0;1;0;0.0;0.0
18;2021-01-04;3;0;4;0;0.0;0.0
18;2021-01-05;0;0;4;0;0.0;0.0
18;2021-01-06;1;0;5;0;0.0;0.0
18;2021-01-07;30;1;35;1;0.0;0.0
18;2021-01-08;65;0;100;1;0.0;0.0
18;2021-01-09;225;0;325;1;0.1;0.0
18;2021-01-10;146;0;471;1;0.2;0.0
18;2021-01-11;170;1;641;2;0.2;0.0
18;2021-01-12;372;0;1013;2;0.3;0.0
18;2021-01-13;270;1;1283;3;0.4;0.0
18;2021-01-14;269;2;1552;5;0.5;0.0
18;2021-01-15;332;2;1884;7;0.6;0.0
18;2021-01-16;288;2;2172;9;0.7;0.0
18;2021-01-17;1;0;2173;9;0.7;0.0
18;2021-01-18;291;0;2464;9;0.8;0.0
18;2021-01-19;1374;2;3838;11;1.3;0.0
18;2021-01-20;1239;2;5077;13;1.7;0.0
18;2021-01-21;965;0;6042;13;2.0;0.0
18;2021-01-22;780;2;6822;15;2.3;0.0
18;2021-01-23;249;2;7071;17;2.4;0.0
18;2021-01-24;0;0;7071;17;2.4;0.0
18;2021-01-25;509;0;7580;17;2.6;0.0
18;2021-01-26;395;1;7975;18;2.7;0.0
18;2021-01-27;390;2;8365;20;2.8;0.0
18;2021-01-28;566;8;8931;28;3.0;0.0
18;2021-01-29;491;72;9422;100;3.2;0.0
18;2021-01-30;432;135;9854;235;3.3;0.1
18;2021-01-31;82;97;9936;332;3.4;0.1
18;2021-02-01;328;119;10264;451;3.5;0.2
18;2021-02-02;507;227;10771;678;3.6;0.2
18;2021-02-03;398;201;11169;879;3.8;0.3
18;2021-02-04;630;226;11799;1105;4.0;0.4
18;2021-02-05;448;181;12247;1286;4.1;0.4
18;2021-02-06;283;88;12530;1374;4.2;0.5
18;2021-02-07;108;1;12638;1375;4.3;0.5
18;2021-02-08;268;189;12906;1564;4.4;0.5
18;2021-02-09;583;761;13489;2325;4.6;0.8
18;2021-02-10;741;628;14230;2953;4.8;1.0
18;2021-02-11;655;411;14885;3364;5.0;1.1
18;2021-02-12;502;302;15387;3666;5.2;1.2
18;2021-02-13;286;107;15673;3773;5.3;1.3
18;2021-02-14;364;97;16037;3870;5.4;1.3
18;2021-02-15;378;308;16415;4178;5.5;1.4
18;2021-02-16;399;327;16814;4505;5.7;1.5
18;2021-02-17;403;385;17217;4890;5.8;1.6
18;2021-02-18;344;456;17561;5346;5.9;1.8
18;2021-02-19;472;243;18033;5589;6.1;1.9
18;2021-02-20;721;191;18754;5780;6.3;2.0
18;2021-02-21;316;4;19070;5784;6.4;2.0
18;2021-02-22;217;293;19287;6077;6.5;2.1
18;2021-02-23;204;270;19491;6347;6.6;2.1
18;2021-02-24;241;200;19732;6547;6.7;2.2
18;2021-02-25;293;453;20025;7000;6.8;2.4
18;2021-02-26;582;191;20607;7191;7.0;2.4
18;2021-02-27;510;346;21117;7537;7.1;2.5
18;2021-02-28;7;66;21124;7603;7.1;2.6
18;2021-03-01;236;345;21360;7948;7.2;2.7
18;2021-03-02;284;462;21644;8410;7.3;2.8
18;2021-03-03;346;526;21990;8936;7.4;3.0
18;2021-03-04;475;521;22465;9457;7.6;3.2
18;2021-03-05;524;334;22989;9791;7.8;3.3
18;2021-03-06;1071;307;24060;10098;8.1;3.4
18;2021-03-07;7;131;24067;10229;8.1;3.5
18;2021-03-08;335;313;24402;10542;8.2;3.6
18;2021-03-09;410;328;24812;10870;8.4;3.7
18;2021-03-10;422;414;25234;11284;8.5;3.8
18;2021-03-11;518;383;25752;11667;8.7;3.9
18;2021-03-12;704;283;26456;11950;8.9;4.0
18;2021-03-13;1164;241;27620;12191;9.3;4.1
18;2021-03-14;301;213;27921;12404;9.4;4.2
18;2021-03-15;492;365;28413;12769;9.6;4.3
18;2021-03-16;392;302;28805;13071;9.7;4.4
18;2021-03-17;383;407;29188;13478;9.8;4.5
18;2021-03-18;512;220;29700;13698;10.0;4.6
18;2021-03-19;755;220;30455;13918;10.3;4.7
18;2021-03-20;986;614;31441;14532;10.6;4.9
18;2021-03-21;308;305;31749;14837;10.7;5.0
18;2021-03-22;603;292;32352;15129;10.9;5.1
18;2021-03-23;706;287;33058;15416;11.2;5.2
18;2021-03-24;1051;295;34109;15711;11.5;5.3
18;2021-03-25;1049;299;35158;16010;11.9;5.4
18;2021-03-26;1210;347;36368;16357;12.3;5.5
18;2021-03-27;1489;317;37857;16674;12.8;5.6
18;2021-03-28;215;0;38072;16674;12.8;5.6
18;2021-03-29;1102;197;39174;16871;13.2;5.7
18;2021-03-30;1084;302;40258;17173;13.6;5.8
18;2021-03-31;1305;252;41563;17425;14.0;5.9
18;2021-04-01;1377;347;42940;17772;14.5;6.0
18;2021-04-02;1229;309;44169;18081;14.9;6.1
18;2021-04-03;581;181;44750;18262;15.1;6.2
18;2021-04-04;71;5;44821;18267;15.1;6.2
18;2021-04-05;199;0;45020;18267;15.2;6.2
18;2021-04-06;1027;350;46047;18617;15.5;6.3
18;2021-04-07;1322;363;47369;18980;16.0;6.4
18;2021-04-08;1692;347;49061;19327;16.6;6.5
18;2021-04-09;1833;281;50894;19608;17.2;6.6
18;2021-04-10;2633;651;53527;20259;18.1;6.8
18;2021-04-11;1986;316;55513;20575;18.7;6.9
18;2021-04-12;1401;404;56914;20979;19.2;7.1
18;2021-04-13;1784;469;58698;21448;19.8;7.2
18;2021-04-14;1378;517;60076;21965;20.3;7.4
18;2021-04-15;1532;528;61608;22493;20.8;7.6
18;2021-04-16;1614;591;63222;23084;21.3;7.8
18;2021-04-17;1599;517;64821;23601;21.9;8.0
18;2021-04-18;377;232;65198;23833;22.0;8.0
18;2021-04-19;1317;593;66515;24426;22.4;8.2
18;2021-04-20;1446;714;67961;25140;22.9;8.5
18;2021-04-21;1270;908;69231;26048;23.4;8.8
18;2021-04-22;1403;703;70634;26751;23.8;9.0
18;2021-04-23;1387;734;72021;27485;24.3;9.3
18;2021-04-24;1355;1271;73376;28756;24.8;9.7
18;2021-04-25;288;217;73664;28973;24.9;9.8
18;2021-04-26;1204;953;74868;29926;25.3;10.1
18;2021-04-27;1545;764;76413;30690;25.8;10.4
18;2021-04-28;1359;876;77772;31566;26.2;10.6
18;2021-04-29;1850;734;79622;32300;26.9;10.9
18;2021-04-30;1570;991;81192;33291;27.4;11.2
18;2021-05-01;788;210;81980;33501;27.7;11.3
18;2021-05-02;806;61;82786;33562;27.9;11.3
18;2021-05-03;1627;1011;84413;34573;28.5;11.7
18;2021-05-04;1730;1283;86143;35856;29.1;12.1
18;2021-05-05;1735;1213;87878;37069;29.6;12.5
18;2021-05-06;2163;1361;90041;38430;30.4;13.0
18;2021-05-07;1234;1398;91275;39828;30.8;13.4
18;2021-05-08;994;1464;92269;41292;31.1;13.9
18;2021-05-09;500;2258;92769;43550;31.3;14.7
18;2021-05-10;1157;1508;93926;45058;31.7;15.2
18;2021-05-11;1696;1747;95622;46805;32.3;15.8
18;2021-05-12;1808;1494;97430;48299;32.9;16.3
18;2021-05-13;1061;370;98491;48669;33.2;16.4
18;2021-05-14;1346;942;99837;49611;33.7;16.7
18;2021-05-15;1809;1163;101646;50774;34.3;17.1
18;2021-05-16;538;581;102184;51355;34.5;17.3
18;2021-05-17;1245;1091;103429;52446;34.9;17.7
18;2021-05-18;2147;933;105576;53379;35.6;18.0
18;2021-05-19;2162;919;107738;54298;36.3;18.3
18;2021-05-20;2277;984;110015;55282;37.1;18.7
18;2021-05-21;1497;764;111512;56046;37.6;18.9
18;2021-05-22;1724;1072;113236;57118;38.2;19.3
18;2021-05-23;485;335;113721;57453;38.4;19.4
18;2021-05-24;462;292;114183;57745;38.5;19.5
18;2021-05-25;1842;1057;116025;58802;39.1;19.8
18;2021-05-26;2154;844;118179;59646;39.9;20.1
18;2021-05-27;2209;1229;120388;60875;40.6;20.5
18;2021-05-28;1713;1306;122101;62181;41.2;21.0
18;2021-05-29;2621;1660;124722;63841;42.1;21.5
18;2021-05-30;1484;504;126206;64345;42.6;21.7
18;2021-05-31;1786;693;127992;65038;43.2;21.9
18;2021-06-01;2040;948;130032;65986;43.9;22.3
18;2021-06-02;2010;1015;132042;67001;44.5;22.6
18;2021-06-03;2283;1198;134325;68199;45.3;23.0
18;2021-06-04;1913;1121;136238;69320;46.0;23.4
18;2021-06-05;2802;1446;139040;70766;46.9;23.9
18;2021-06-06;365;381;139405;71147;47.0;24.0
18;2021-06-07;1296;1233;140701;72380;47.5;24.4
18;2021-06-08;1490;1394;142191;73774;48.0;24.9
18;2021-06-09;1329;1067;143520;74841;48.4;25.2
18;2021-06-10;1632;1407;145152;76248;49.0;25.7
18;2021-06-11;1496;1404;146648;77652;49.5;26.2
18;2021-06-12;1245;2511;147893;80163;49.9;27.0
18;2021-06-13;126;262;148019;80425;49.9;27.1
18;2021-06-14;656;1828;148675;82253;50.2;27.8
18;2021-06-15;1093;1822;149768;84075;50.5;28.4
18;2021-06-16;1258;1442;151026;85517;51.0;28.9
18;2021-06-17;1205;1671;152231;87188;51.4;29.4
18;2021-06-18;1292;1665;153523;88853;51.8;30.0
18;2021-06-19;1564;1251;155087;90104;52.3;30.4
18;2021-06-20;246;159;155333;90263;52.4;30.5
18;2021-06-21;665;1602;155998;91865;52.6;31.0
18;2021-06-22;1068;1644;157066;93509;53.0;31.5
18;2021-06-23;944;1642;158010;95151;53.3;32.1
18;2021-06-24;1033;1063;159043;96214;53.7;32.5
18;2021-06-25;893;1745;159936;97959;54.0;33.0
18;2021-06-26;1098;1473;161034;99432;54.3;33.5
18;2021-06-27;31;372;161065;99804;54.3;33.7
18;2021-06-28;423;1923;161488;101727;54.5;34.3
18;2021-06-29;595;2377;162083;104104;54.7;35.1
18;2021-06-30;600;2543;162683;106647;54.9;36.0
18;2021-07-01;963;2155;163646;108802;55.2;36.7
18;2021-07-02;615;1686;164261;110488;55.4;37.3
18;2021-07-03;755;2574;165016;113062;55.7;38.1
18;2021-07-04;164;1032;165180;114094;55.7;38.5
18;2021-07-05;765;1877;165945;115971;56.0;39.1
18;2021-07-06;560;2300;166505;118271;56.2;39.9
18;2021-07-07;767;2115;167272;120386;56.4;40.6
18;2021-07-08;1031;1984;168303;122370;56.8;41.3
18;2021-07-09;704;2307;169007;124677;57.0;42.1
18;2021-07-10;781;3172;169788;127849;57.3;43.1
18;2021-07-11;82;665;169870;128514;57.3;43.4
18;2021-07-12;223;2253;170093;130767;57.4;44.1
18;2021-07-13;619;2905;170712;133672;57.6;45.1
18;2021-07-14;194;936;170906;134608;57.7;45.4
18;2021-07-15;1396;2816;172302;137424;58.1;46.4
18;2021-07-16;1185;2122;173487;139546;58.5;47.1
18;2021-07-17;1130;2471;174617;142017;58.9;47.9
18;2021-07-18;229;332;174846;142349;59.0;48.0
18;2021-07-19;1056;1658;175902;144007;59.3;48.6
18;2021-07-20;1625;2268;177527;146275;59.9;49.3
18;2021-07-21;1902;2062;179429;148337;60.5;50.0
18;2021-07-22;2214;1901;181643;150238;61.3;50.7
18;2021-07-23;1399;1612;183042;151850;61.8;51.2
18;2021-07-24;891;1532;183933;153382;62.1;51.7
18;2021-07-25;192;396;184125;153778;62.1;51.9
18;2021-07-26;1399;1503;185524;155281;62.6;52.4
18;2021-07-27;1825;1535;187349;156816;63.2;52.9
18;2021-07-28;2199;1796;189548;158612;63.9;53.5
18;2021-07-29;2142;1817;191690;160429;64.7;54.1
18;2021-07-30;1586;1343;193276;161772;65.2;54.6
18;2021-07-31;1237;1281;194513;163053;65.6;55.0
18;2021-08-01;90;34;194603;163087;65.7;55.0
18;2021-08-02;1410;766;196013;163853;66.1;55.3
18;2021-08-03;1720;1629;197733;165482;66.7;55.8
18;2021-08-04;2439;1102;200172;166584;67.5;56.2
18;2021-08-05;1529;1247;201701;167831;68.0;56.6
18;2021-08-06;1582;1140;203283;168971;68.6;57.0
18;2021-08-07;609;764;203892;169735;68.8;57.3
18;2021-08-08;49;60;203941;169795;68.8;57.3
18;2021-08-09;1105;874;205046;170669;69.2;57.6
18;2021-08-10;1207;1511;206253;172180;69.6;58.1
18;2021-08-11;1608;1507;207861;173687;70.1;58.6
18;2021-08-12;1554;1594;209415;175281;70.7;59.1
18;2021-08-13;1087;1171;210502;176452;71.0;59.5
18;2021-08-14;759;603;211261;177055;71.3;59.7
18;2021-08-15;35;17;211296;177072;71.3;59.7
18;2021-08-16;829;1201;212125;178273;71.6;60.1
18;2021-08-17;978;1998;213103;180271;71.9;60.8
18;2021-08-18;1156;1959;214259;182230;72.3;61.5
18;2021-08-19;1098;1612;215357;183842;72.7;62.0
18;2021-08-20;910;1756;216267;185598;73.0;62.6
18;2021-08-21;420;706;216687;186304;73.1;62.9
18;2021-08-22;21;73;216708;186377;73.1;62.9
18;2021-08-23;484;1680;217192;188057;73.3;63.4
18;2021-08-24;900;1493;218092;189550;73.6;63.9
18;2021-08-25;838;1864;218930;191414;73.9;64.6
18;2021-08-26;769;1530;219699;192944;74.1;65.1
18;2021-08-27;572;1995;220271;194939;74.3;65.8
18;2021-08-28;501;870;220772;195809;74.5;66.1
18;2021-08-29;91;176;220863;195985;74.5;66.1
18;2021-08-30;526;1443;221389;197428;74.7;66.6
18;2021-08-31;503;1441;221892;198869;74.9;67.1
18;2021-09-01;577;1643;222469;200512;75.1;67.6
18;2021-09-02;397;1268;222866;201780;75.2;68.1
18;2021-09-03;452;1304;223318;203084;75.3;68.5
18;2021-09-04;356;807;223674;203891;75.5;68.8
18;2021-09-05;29;80;223703;203971;75.5;68.8
18;2021-09-06;278;1090;223981;205061;75.6;69.2
18;2021-09-07;279;989;224260;206050;75.7;69.5
18;2021-09-08;400;1137;224660;207187;75.8;69.9
18;2021-09-09;352;1145;225012;208332;75.9;70.3
18;2021-09-10;405;1090;225417;209422;76.1;70.7
18;2021-09-11;262;866;225679;210288;76.1;70.9
18;2021-09-12;8;32;225687;210320;76.1;71.0
18;2021-09-13;310;859;225997;211179;76.2;71.2
18;2021-09-14;271;1012;226268;212191;76.3;71.6
19;2020-12-27;0;0;0;0;0.0;0.0
19;2020-12-28;0;0;0;0;0.0;0.0
19;2020-12-29;1;0;1;0;0.0;0.0
19;2020-12-30;0;0;1;0;0.0;0.0
19;2020-12-31;0;0;1;0;0.0;0.0
19;2021-01-01;0;0;1;0;0.0;0.0
19;2021-01-02;0;0;1;0;0.0;0.0
19;2021-01-03;0;0;1;0;0.0;0.0
19;2021-01-04;0;0;1;0;0.0;0.0
19;2021-01-05;0;0;1;0;0.0;0.0
19;2021-01-06;0;0;1;0;0.0;0.0
19;2021-01-07;344;1;345;1;0.1;0.0
19;2021-01-08;247;1;592;2;0.2;0.0
19;2021-01-09;1;0;593;2;0.2;0.0
19;2021-01-10;1;0;594;2;0.2;0.0
19;2021-01-11;38;0;632;2;0.3;0.0
19;2021-01-12;415;1;1047;3;0.4;0.0
19;2021-01-13;425;3;1472;6;0.6;0.0
19;2021-01-14;475;0;1947;6;0.8;0.0
19;2021-01-15;226;0;2173;6;0.9;0.0
19;2021-01-16;0;0;2173;6;0.9;0.0
19;2021-01-17;1;0;2174;6;0.9;0.0
19;2021-01-18;251;2;2425;8;1.0;0.0
19;2021-01-19;519;0;2944;8;1.2;0.0
19;2021-01-20;922;5;3866;13;1.6;0.0
19;2021-01-21;507;4;4373;17;1.8;0.0
19;2021-01-22;1317;4;5690;21;2.4;0.0
19;2021-01-23;281;0;5971;21;2.5;0.0
19;2021-01-24;37;0;6008;21;2.5;0.0
19;2021-01-25;233;0;6241;21;2.6;0.0
19;2021-01-26;607;3;6848;24;2.8;0.0
19;2021-01-27;334;3;7182;27;3.0;0.0
19;2021-01-28;297;153;7479;180;3.1;0.1
19;2021-01-29;348;54;7827;234;3.3;0.1
19;2021-01-30;130;24;7957;258;3.3;0.1
19;2021-01-31;42;0;7999;258;3.3;0.1
19;2021-02-01;158;94;8157;352;3.4;0.1
19;2021-02-02;303;424;8460;776;3.5;0.3
19;2021-02-03;285;235;8745;1011;3.6;0.4
19;2021-02-04;255;363;9000;1374;3.7;0.6
19;2021-02-05;311;74;9311;1448;3.9;0.6
19;2021-02-06;214;2;9525;1450;4.0;0.6
19;2021-02-07;48;2;9573;1452;4.0;0.6
19;2021-02-08;177;92;9750;1544;4.1;0.6
19;2021-02-09;333;178;10083;1722;4.2;0.7
19;2021-02-10;517;222;10600;1944;4.4;0.8
19;2021-02-11;412;300;11012;2244;4.6;0.9
19;2021-02-12;798;1124;11810;3368;4.9;1.4
19;2021-02-13;352;140;12162;3508;5.1;1.5
19;2021-02-14;98;5;12260;3513;5.1;1.5
19;2021-02-15;200;213;12460;3726;5.2;1.6
19;2021-02-16;386;149;12846;3875;5.3;1.6
19;2021-02-17;306;392;13152;4267;5.5;1.8
19;2021-02-18;174;422;13326;4689;5.5;2.0
19;2021-02-19;469;259;13795;4948;5.7;2.1
19;2021-02-20;133;158;13928;5106;5.8;2.1
19;2021-02-21;20;33;13948;5139;5.8;2.1
19;2021-02-22;221;190;14169;5329;5.9;2.2
19;2021-02-23;268;311;14437;5640;6.0;2.3
19;2021-02-24;361;179;14798;5819;6.2;2.4
19;2021-02-25;519;342;15317;6161;6.4;2.6
19;2021-02-26;395;271;15712;6432;6.5;2.7
19;2021-02-27;348;133;16060;6565;6.7;2.7
19;2021-02-28;68;32;16128;6597;6.7;2.7
19;2021-03-01;266;197;16394;6794;6.8;2.8
19;2021-03-02;428;223;16822;7017;7.0;2.9
19;2021-03-03;692;303;17514;7320;7.3;3.0
19;2021-03-04;826;324;18340;7644;7.6;3.2
19;2021-03-05;891;666;19231;8310;8.0;3.5
19;2021-03-06;1072;174;20303;8484;8.4;3.5
19;2021-03-07;463;32;20766;8516;8.6;3.5
19;2021-03-08;639;133;21405;8649;8.9;3.6
19;2021-03-09;836;226;22241;8875;9.3;3.7
19;2021-03-10;1155;275;23396;9150;9.7;3.8
19;2021-03-11;1274;291;24670;9441;10.3;3.9
19;2021-03-12;1136;379;25806;9820;10.7;4.1
19;2021-03-13;1111;160;26917;9980;11.2;4.2
19;2021-03-14;161;80;27078;10060;11.3;4.2
19;2021-03-15;699;131;27777;10191;11.6;4.2
19;2021-03-16;688;298;28465;10489;11.8;4.4
19;2021-03-17;839;277;29304;10766;12.2;4.5
19;2021-03-18;767;279;30071;11045;12.5;4.6
19;2021-03-19;1014;483;31085;11528;12.9;4.8
19;2021-03-20;783;131;31868;11659;13.3;4.9
19;2021-03-21;128;3;31996;11662;13.3;4.9
19;2021-03-22;548;174;32544;11836;13.5;4.9
19;2021-03-23;1045;229;33589;12065;14.0;5.0
19;2021-03-24;1171;371;34760;12436;14.5;5.2
19;2021-03-25;1189;404;35949;12840;15.0;5.3
19;2021-03-26;1324;274;37273;13114;15.5;5.5
19;2021-03-27;854;185;38127;13299;15.9;5.5
19;2021-03-28;63;60;38190;13359;15.9;5.6
19;2021-03-29;612;176;38802;13535;16.1;5.6
19;2021-03-30;971;344;39773;13879;16.5;5.8
19;2021-03-31;1157;490;40930;14369;17.0;6.0
19;2021-04-01;1491;424;42421;14793;17.7;6.2
19;2021-04-02;1008;521;43429;15314;18.1;6.4
19;2021-04-03;597;282;44026;15596;18.3;6.5
19;2021-04-04;130;3;44156;15599;18.4;6.5
19;2021-04-05;40;75;44196;15674;18.4;6.5
19;2021-04-06;735;602;44931;16276;18.7;6.8
19;2021-04-07;978;732;45909;17008;19.1;7.1
19;2021-04-08;1116;1014;47025;18022;19.6;7.5
19;2021-04-09;1642;615;48667;18637;20.2;7.8
19;2021-04-10;946;557;49613;19194;20.6;8.0
19;2021-04-11;557;74;50170;19268;20.9;8.0
19;2021-04-12;681;521;50851;19789;21.2;8.2
19;2021-04-13;915;575;51766;20364;21.5;8.5
19;2021-04-14;1333;844;53099;21208;22.1;8.8
19;2021-04-15;1229;871;54328;22079;22.6;9.2
19;2021-04-16;1505;818;55833;22897;23.2;9.5
19;2021-04-17;762;478;56595;23375;23.5;9.7
19;2021-04-18;661;69;57256;23444;23.8;9.8
19;2021-04-19;730;439;57986;23883;24.1;9.9
19;2021-04-20;979;747;58965;24630;24.5;10.2
19;2021-04-21;1271;698;60236;25328;25.1;10.5
19;2021-04-22;1189;898;61425;26226;25.6;10.9
19;2021-04-23;1129;1020;62554;27246;26.0;11.3
19;2021-04-24;679;676;63233;27922;26.3;11.6
19;2021-04-25;675;69;63908;27991;26.6;11.6
19;2021-04-26;1056;331;64964;28322;27.0;11.8
19;2021-04-27;1028;568;65992;28890;27.5;12.0
19;2021-04-28;1553;555;67545;29445;28.1;12.3
19;2021-04-29;1453;1181;68998;30626;28.7;12.7
19;2021-04-30;1876;1056;70874;31682;29.5;13.2
19;2021-05-01;671;171;71545;31853;29.8;13.3
19;2021-05-02;550;152;72095;32005;30.0;13.3
19;2021-05-03;854;547;72949;32552;30.4;13.5
19;2021-05-04;1025;707;73974;33259;30.8;13.8
19;2021-05-05;1255;741;75229;34000;31.3;14.1
19;2021-05-06;1127;1194;76356;35194;31.8;14.6
19;2021-05-07;1664;1189;78020;36383;32.5;15.1
19;2021-05-08;712;205;78732;36588;32.8;15.2
19;2021-05-09;487;546;79219;37134;33.0;15.5
19;2021-05-10;1164;665;80383;37799;33.4;15.7
19;2021-05-11;1640;856;82023;38655;34.1;16.1
19;2021-05-12;1945;1315;83968;39970;34.9;16.6
19;2021-05-13;571;242;84539;40212;35.2;16.7
19;2021-05-14;1646;988;86185;41200;35.9;17.1
19;2021-05-15;1443;592;87628;41792;36.5;17.4
19;2021-05-16;350;82;87978;41874;36.6;17.4
19;2021-05-17;1498;559;89476;42433;37.2;17.7
19;2021-05-18;1670;498;91146;42931;37.9;17.9
19;2021-05-19;2009;822;93155;43753;38.8;18.2
19;2021-05-20;1722;890;94877;44643;39.5;18.6
19;2021-05-21;1965;814;96842;45457;40.3;18.9
19;2021-05-22;1272;652;98114;46109;40.8;19.2
19;2021-05-23;324;131;98438;46240;41.0;19.2
19;2021-05-24;139;46;98577;46286;41.0;19.3
19;2021-05-25;1502;492;100079;46778;41.6;19.5
19;2021-05-26;1926;666;102005;47444;42.4;19.7
19;2021-05-27;1786;834;103791;48278;43.2;20.1
19;2021-05-28;1937;991;105728;49269;44.0;20.5
19;2021-05-29;1375;705;107103;49974;44.6;20.8
19;2021-05-30;191;495;107294;50469;44.6;21.0
19;2021-05-31;1199;537;108493;51006;45.1;21.2
19;2021-06-01;1285;886;109778;51892;45.7;21.6
19;2021-06-02;1817;951;111595;52843;46.4;22.0
19;2021-06-03;1447;1248;113042;54091;47.0;22.5
19;2021-06-04;1848;1349;114890;55440;47.8;23.1
19;2021-06-05;1210;815;116100;56255;48.3;23.4
19;2021-06-06;87;648;116187;56903;48.3;23.7
19;2021-06-07;922;934;117109;57837;48.7;24.1
19;2021-06-08;1104;906;118213;58743;49.2;24.4
19;2021-06-09;1330;1459;119543;60202;49.7;25.0
19;2021-06-10;1284;1580;120827;61782;50.3;25.7
19;2021-06-11;1315;1915;122142;63697;50.8;26.5
19;2021-06-12;1357;1314;123499;65011;51.4;27.1
19;2021-06-13;543;424;124042;65435;51.6;27.2
19;2021-06-14;736;1016;124778;66451;51.9;27.6
19;2021-06-15;979;1143;125757;67594;52.3;28.1
19;2021-06-16;1222;1363;126979;68957;52.8;28.7
19;2021-06-17;869;1789;127848;70746;53.2;29.4
19;2021-06-18;1057;2136;128905;72882;53.6;30.3
19;2021-06-19;919;1302;129824;74184;54.0;30.9
19;2021-06-20;395;327;130219;74511;54.2;31.0
19;2021-06-21;500;1075;130719;75586;54.4;31.5
19;2021-06-22;698;1490;131417;77076;54.7;32.1
19;2021-06-23;745;1988;132162;79064;55.0;32.9
19;2021-06-24;687;1663;132849;80727;55.3;33.6
19;2021-06-25;562;2216;133411;82943;55.5;34.5
19;2021-06-26;473;1741;133884;84684;55.7;35.2
19;2021-06-27;289;445;134173;85129;55.8;35.4
19;2021-06-28;315;1499;134488;86628;56.0;36.0
19;2021-06-29;354;1894;134842;88522;56.1;36.8
19;2021-06-30;795;2153;135637;90675;56.4;37.7
19;2021-07-01;361;2321;135998;92996;56.6;38.7
19;2021-07-02;781;2317;136779;95313;56.9;39.7
19;2021-07-03;513;1744;137292;97057;57.1;40.4
19;2021-07-04;1;73;137293;97130;57.1;40.4
19;2021-07-05;600;1015;137893;98145;57.4;40.8
19;2021-07-06;505;1539;138398;99684;57.6;41.5
19;2021-07-07;706;2046;139104;101730;57.9;42.3
19;2021-07-08;770;2149;139874;103879;58.2;43.2
19;2021-07-09;716;2659;140590;106538;58.5;44.3
19;2021-07-10;587;1706;141177;108244;58.7;45.0
19;2021-07-11;45;212;141222;108456;58.8;45.1
19;2021-07-12;447;1488;141669;109944;58.9;45.7
19;2021-07-13;687;1829;142356;111773;59.2;46.5
19;2021-07-14;202;272;142558;112045;59.3;46.6
19;2021-07-15;870;2051;143428;114096;59.7;47.5
19;2021-07-16;1230;2445;144658;116541;60.2;48.5
19;2021-07-17;703;1718;145361;118259;60.5;49.2
19;2021-07-18;365;673;145726;118932;60.6;49.5
19;2021-07-19;969;1402;146695;120334;61.0;50.1
19;2021-07-20;967;1674;147662;122008;61.4;50.8
19;2021-07-21;1083;1711;148745;123719;61.9;51.5
19;2021-07-22;1393;1854;150138;125573;62.5;52.2
19;2021-07-23;1785;1995;151923;127568;63.2;53.1
19;2021-07-24;908;1754;152831;129322;63.6;53.8
19;2021-07-25;165;513;152996;129835;63.7;54.0
19;2021-07-26;911;911;153907;130746;64.0;54.4
19;2021-07-27;1424;1115;155331;131861;64.6;54.9
19;2021-07-28;2047;1222;157378;133083;65.5;55.4
19;2021-07-29;1623;1204;159001;134287;66.2;55.9
19;2021-07-30;1910;1027;160911;135314;67.0;56.3
19;2021-07-31;1129;1018;162040;136332;67.4;56.7
19;2021-08-01;347;372;162387;136704;67.6;56.9
19;2021-08-02;1147;809;163534;137513;68.0;57.2
19;2021-08-03;1451;1052;164985;138565;68.6;57.7
19;2021-08-04;1987;762;166972;139327;69.5;58.0
19;2021-08-05;1628;957;168600;140284;70.2;58.4
19;2021-08-06;1962;1214;170562;141498;71.0;58.9
19;2021-08-07;1335;1000;171897;142498;71.5;59.3
19;2021-08-08;186;234;172083;142732;71.6;59.4
19;2021-08-09;1009;785;173092;143517;72.0;59.7
19;2021-08-10;1280;1012;174372;144529;72.6;60.1
19;2021-08-11;1356;1006;175728;145535;73.1;60.6
19;2021-08-12;1016;1275;176744;146810;73.5;61.1
19;2021-08-13;1179;1276;177923;148086;74.0;61.6
19;2021-08-14;980;1163;178903;149249;74.4;62.1
19;2021-08-15;30;54;178933;149303;74.5;62.1
19;2021-08-16;591;1029;179524;150332;74.7;62.6
19;2021-08-17;630;1167;180154;151499;75.0;63.0
19;2021-08-18;652;979;180806;152478;75.2;63.4
19;2021-08-19;436;1259;181242;153737;75.4;64.0
19;2021-08-20;864;1927;182106;155664;75.8;64.8
19;2021-08-21;495;1376;182601;157040;76.0;65.3
19;2021-08-22;52;93;182653;157133;76.0;65.4
19;2021-08-23;222;1157;182875;158290;76.1;65.9
19;2021-08-24;536;1317;183411;159607;76.3;66.4
19;2021-08-25;644;1557;184055;161164;76.6;67.1
19;2021-08-26;475;1463;184530;162627;76.8;67.7
19;2021-08-27;500;1689;185030;164316;77.0;68.4
19;2021-08-28;360;1277;185390;165593;77.1;68.9
19;2021-08-29;60;182;185450;165775;77.2;69.0
19;2021-08-30;224;1094;185674;166869;77.3;69.4
19;2021-08-31;323;1452;185997;168321;77.4;70.0
19;2021-09-01;355;1479;186352;169800;77.5;70.7
19;2021-09-02;345;1318;186697;171118;77.7;71.2
19;2021-09-03;408;1518;187105;172636;77.9;71.8
19;2021-09-04;301;1393;187406;174029;78.0;72.4
19;2021-09-05;32;245;187438;174274;78.0;72.5
19;2021-09-06;197;697;187635;174971;78.1;72.8
19;2021-09-07;227;822;187862;175793;78.2;73.1
19;2021-09-08;278;933;188140;176726;78.3;73.5
19;2021-09-09;254;617;188394;177343;78.4;73.8
19;2021-09-10;250;853;188644;178196;78.5;74.1
19;2021-09-11;293;1157;188937;179353;78.6;74.6
19;2021-09-12;42;151;188979;179504;78.6;74.7
19;2021-09-13;106;437;189085;179941;78.7;74.9
19;2021-09-14;155;611;189240;180552;78.7;75.1
21;2020-12-27;4;0;4;0;0.0;0.0
21;2020-12-28;2;0;6;0;0.0;0.0
21;2020-12-29;19;0;25;0;0.0;0.0
21;2020-12-30;22;0;47;0;0.0;0.0
21;2020-12-31;0;0;47;0;0.0;0.0
21;2021-01-01;0;0;47;0;0.0;0.0
21;2021-01-02;1;0;48;0;0.0;0.0
21;2021-01-03;1;0;49;0;0.0;0.0
21;2021-01-04;22;0;71;0;0.0;0.0
21;2021-01-05;250;2;321;2;0.1;0.0
21;2021-01-06;300;0;621;2;0.1;0.0
21;2021-01-07;388;0;1009;2;0.2;0.0
21;2021-01-08;455;2;1464;4;0.3;0.0
21;2021-01-09;252;0;1716;4;0.3;0.0
21;2021-01-10;2;0;1718;4;0.3;0.0
21;2021-01-11;624;1;2342;5;0.4;0.0
21;2021-01-12;655;0;2997;5;0.6;0.0
21;2021-01-13;705;2;3702;7;0.7;0.0
21;2021-01-14;1192;6;4894;13;0.9;0.0
21;2021-01-15;718;5;5612;18;1.1;0.0
21;2021-01-16;162;0;5774;18;1.1;0.0
21;2021-01-17;5;0;5779;18;1.1;0.0
21;2021-01-18;1318;4;7097;22;1.3;0.0
21;2021-01-19;1371;2;8468;24;1.6;0.0
21;2021-01-20;1297;45;9765;69;1.8;0.0
21;2021-01-21;1542;3;11307;72;2.1;0.0
21;2021-01-22;1245;5;12552;77;2.4;0.0
21;2021-01-23;488;0;13040;77;2.4;0.0
21;2021-01-24;124;0;13164;77;2.5;0.0
21;2021-01-25;928;18;14092;95;2.6;0.0
21;2021-01-26;1542;135;15634;230;2.9;0.0
21;2021-01-27;2060;145;17694;375;3.3;0.1
21;2021-01-28;1461;216;19155;591;3.6;0.1
21;2021-01-29;1023;209;20178;800;3.8;0.2
21;2021-01-30;470;26;20648;826;3.9;0.2
21;2021-01-31;97;3;20745;829;3.9;0.2
21;2021-02-01;453;280;21198;1109;4.0;0.2
21;2021-02-02;456;428;21654;1537;4.1;0.3
21;2021-02-03;445;271;22099;1808;4.1;0.3
21;2021-02-04;417;522;22516;2330;4.2;0.4
21;2021-02-05;490;448;23006;2778;4.3;0.5
21;2021-02-06;158;217;23164;2995;4.3;0.6
21;2021-02-07;2;2;23166;2997;4.3;0.6
21;2021-02-08;433;367;23599;3364;4.4;0.6
21;2021-02-09;515;466;24114;3830;4.5;0.7
21;2021-02-10;461;541;24575;4371;4.6;0.8
21;2021-02-11;485;714;25060;5085;4.7;1.0
21;2021-02-12;356;825;25416;5910;4.8;1.1
21;2021-02-13;365;243;25781;6153;4.8;1.2
21;2021-02-14;239;130;26020;6283;4.9;1.2
21;2021-02-15;120;1095;26140;7378;4.9;1.4
21;2021-02-16;207;1307;26347;8685;4.9;1.6
21;2021-02-17;402;1760;26749;10445;5.0;2.0
21;2021-02-18;604;1180;27353;11625;5.1;2.2
21;2021-02-19;217;990;27570;12615;5.2;2.4
21;2021-02-20;121;327;27691;12942;5.2;2.4
21;2021-02-21;1;83;27692;13025;5.2;2.4
21;2021-02-22;83;654;27775;13679;5.2;2.6
21;2021-02-23;170;885;27945;14564;5.2;2.7
21;2021-02-24;225;609;28170;15173;5.3;2.8
21;2021-02-25;647;715;28817;15888;5.4;3.0
21;2021-02-26;926;598;29743;16486;5.6;3.1
21;2021-02-27;533;242;30276;16728;5.7;3.1
21;2021-02-28;24;112;30300;16840;5.7;3.2
21;2021-03-01;679;522;30979;17362;5.8;3.3
21;2021-03-02;1054;490;32033;17852;6.0;3.4
21;2021-03-03;1170;380;33203;18232;6.2;3.4
21;2021-03-04;1685;470;34888;18702;6.5;3.5
21;2021-03-05;2196;626;37084;19328;7.0;3.6
21;2021-03-06;1593;189;38677;19517;7.3;3.7
21;2021-03-07;4;15;38681;19532;7.3;3.7
21;2021-03-08;772;410;39453;19942;7.4;3.7
21;2021-03-09;1571;527;41024;20469;7.7;3.8
21;2021-03-10;1627;523;42651;20992;8.0;3.9
21;2021-03-11;2196;668;44847;21660;8.4;4.1
21;2021-03-12;2906;430;47753;22090;9.0;4.1
21;2021-03-13;1932;155;49685;22245;9.3;4.2
21;2021-03-14;38;42;49723;22287;9.3;4.2
21;2021-03-15;1414;87;51137;22374;9.6;4.2
21;2021-03-16;1885;150;53022;22524;9.9;4.2
21;2021-03-17;1809;111;54831;22635;10.3;4.2
21;2021-03-18;2128;260;56959;22895;10.7;4.3
21;2021-03-19;1964;148;58923;23043;11.1;4.3
21;2021-03-20;1228;38;60151;23081;11.3;4.3
21;2021-03-21;2;0;60153;23081;11.3;4.3
21;2021-03-22;1556;92;61709;23173;11.6;4.3
21;2021-03-23;2695;104;64404;23277;12.1;4.4
21;2021-03-24;2892;163;67296;23440;12.6;4.4
21;2021-03-25;3731;245;71027;23685;13.3;4.4
21;2021-03-26;3655;195;74682;23880;14.0;4.5
21;2021-03-27;1732;60;76414;23940;14.3;4.5
21;2021-03-28;200;38;76614;23978;14.4;4.5
21;2021-03-29;1789;510;78403;24488;14.7;4.6
21;2021-03-30;2348;794;80751;25282;15.2;4.7
21;2021-03-31;2717;645;83468;25927;15.7;4.9
21;2021-04-01;2693;719;86161;26646;16.2;5.0
21;2021-04-02;2249;739;88410;27385;16.6;5.1
21;2021-04-03;1018;280;89428;27665;16.8;5.2
21;2021-04-04;2;12;89430;27677;16.8;5.2
21;2021-04-05;9;0;89439;27677;16.8;5.2
21;2021-04-06;1360;1133;90799;28810;17.0;5.4
21;2021-04-07;1751;967;92550;29777;17.4;5.6
21;2021-04-08;3218;1141;95768;30918;18.0;5.8
21;2021-04-09;3482;1184;99250;32102;18.6;6.0
21;2021-04-10;1376;729;100626;32831;18.9;6.2
21;2021-04-11;145;3;100771;32834;18.9;6.2
21;2021-04-12;1117;1344;101888;34178;19.1;6.4
21;2021-04-13;1656;1777;103544;35955;19.4;6.7
21;2021-04-14;1484;1466;105028;37421;19.7;7.0
21;2021-04-15;1902;1592;106930;39013;20.1;7.3
21;2021-04-16;2322;1309;109252;40322;20.5;7.6
21;2021-04-17;1020;972;110272;41294;20.7;7.7
21;2021-04-18;15;4;110287;41298;20.7;7.7
21;2021-04-19;1110;1318;111397;42616;20.9;8.0
21;2021-04-20;1242;1833;112639;44449;21.1;8.3
21;2021-04-21;1095;1720;113734;46169;21.3;8.7
21;2021-04-22;1276;2209;115010;48378;21.6;9.1
21;2021-04-23;1984;1722;116994;50100;22.0;9.4
21;2021-04-24;1001;872;117995;50972;22.1;9.6
21;2021-04-25;9;167;118004;51139;22.1;9.6
21;2021-04-26;1013;1591;119017;52730;22.3;9.9
21;2021-04-27;1842;1932;120859;54662;22.7;10.3
21;2021-04-28;2230;2221;123089;56883;23.1;10.7
21;2021-04-29;3136;2251;126225;59134;23.7;11.1
21;2021-04-30;3562;1824;129787;60958;24.4;11.4
21;2021-05-01;962;225;130749;61183;24.5;11.5
21;2021-05-02;2;5;130751;61188;24.5;11.5
21;2021-05-03;2081;1349;132832;62537;24.9;11.7
21;2021-05-04;2577;1640;135409;64177;25.4;12.0
21;2021-05-05;2248;1690;137657;65867;25.8;12.4
21;2021-05-06;3015;2244;140672;68111;26.4;12.8
21;2021-05-07;2804;2169;143476;70280;26.9;13.2
21;2021-05-08;1068;271;144544;70551;27.1;13.2
21;2021-05-09;26;177;144570;70728;27.1;13.3
21;2021-05-10;3170;1730;147740;72458;27.7;13.6
21;2021-05-11;4923;2003;152663;74461;28.6;14.0
21;2021-05-12;4805;1744;157468;76205;29.6;14.3
21;2021-05-13;3846;368;161314;76573;30.3;14.4
21;2021-05-14;5202;1470;166516;78043;31.2;14.6
21;2021-05-15;3428;646;169944;78689;31.9;14.8
21;2021-05-16;49;4;169993;78693;31.9;14.8
21;2021-05-17;4128;1256;174121;79949;32.7;15.0
21;2021-05-18;4359;1501;178480;81450;33.5;15.3
21;2021-05-19;3470;1125;181950;82575;34.1;15.5
21;2021-05-20;3901;1357;185851;83932;34.9;15.8
21;2021-05-21;3626;2152;189477;86084;35.6;16.2
21;2021-05-22;1669;768;191146;86852;35.9;16.3
21;2021-05-23;4;17;191150;86869;35.9;16.3
21;2021-05-24;1816;266;192966;87135;36.2;16.4
21;2021-05-25;2649;1963;195615;89098;36.7;16.7
21;2021-05-26;2604;1997;198219;91095;37.2;17.1
21;2021-05-27;4014;2087;202233;93182;38.0;17.5
21;2021-05-28;3572;2813;205805;95995;38.6;18.0
21;2021-05-29;1931;1468;207736;97463;39.0;18.3
21;2021-05-30;98;13;207834;97476;39.0;18.3
21;2021-05-31;2502;1775;210336;99251;39.5;18.6
21;2021-06-01;3453;2250;213789;101501;40.1;19.0
21;2021-06-02;2617;1757;216406;103258;40.6;19.4
21;2021-06-03;3146;2075;219552;105333;41.2;19.8
21;2021-06-04;3286;2586;222838;107919;41.8;20.3
21;2021-06-05;2925;1654;225763;109573;42.4;20.6
21;2021-06-06;51;85;225814;109658;42.4;20.6
21;2021-06-07;4317;1344;230131;111002;43.2;20.8
21;2021-06-08;4941;2144;235072;113146;44.1;21.2
21;2021-06-09;4502;1624;239574;114770;45.0;21.5
21;2021-06-10;3935;2595;243509;117365;45.7;22.0
21;2021-06-11;4169;3095;247678;120460;46.5;22.6
21;2021-06-12;2198;1606;249876;122066;46.9;22.9
21;2021-06-13;29;11;249905;122077;46.9;22.9
21;2021-06-14;2199;2563;252104;124640;47.3;23.4
21;2021-06-15;2959;3089;255063;127729;47.9;24.0
21;2021-06-16;2854;2609;257917;130338;48.4;24.5
21;2021-06-17;3422;3041;261339;133379;49.0;25.0
21;2021-06-18;2427;3793;263766;137172;49.5;25.7
21;2021-06-19;2045;1863;265811;139035;49.9;26.1
21;2021-06-20;26;13;265837;139048;49.9;26.1
21;2021-06-21;1843;3407;267680;142455;50.2;26.7
21;2021-06-22;1885;5828;269565;148283;50.6;27.8
21;2021-06-23;2030;5013;271595;153296;51.0;28.8
21;2021-06-24;2367;4664;273962;157960;51.4;29.6
21;2021-06-25;1532;5897;275494;163857;51.7;30.7
21;2021-06-26;1441;3899;276935;167756;52.0;31.5
21;2021-06-27;18;125;276953;167881;52.0;31.5
21;2021-06-28;1397;4016;278350;171897;52.2;32.3
21;2021-06-29;1637;4175;279987;176072;52.5;33.0
21;2021-06-30;1569;3374;281556;179446;52.8;33.7
21;2021-07-01;1665;4150;283221;183596;53.1;34.5
21;2021-07-02;2179;4229;285400;187825;53.6;35.2
21;2021-07-03;1095;2101;286495;189926;53.8;35.6
21;2021-07-04;37;55;286532;189981;53.8;35.7
21;2021-07-05;1609;3626;288141;193607;54.1;36.3
21;2021-07-06;1348;3581;289489;197188;54.3;37.0
21;2021-07-07;1455;3240;290944;200428;54.6;37.6
21;2021-07-08;1881;4157;292825;204585;55.0;38.4
21;2021-07-09;2084;4347;294909;208932;55.3;39.2
21;2021-07-10;1089;2546;295998;211478;55.5;39.7
21;2021-07-11;21;74;296019;211552;55.6;39.7
21;2021-07-12;1658;3728;297677;215280;55.9;40.4
21;2021-07-13;2345;4886;300022;220166;56.3;41.3
21;2021-07-14;2873;2016;302895;222182;56.8;41.7
21;2021-07-15;3816;4551;306711;226733;57.6;42.5
21;2021-07-16;3890;5251;310601;231984;58.3;43.5
21;2021-07-17;2774;4169;313375;236153;58.8;44.3
21;2021-07-18;157;82;313532;236235;58.8;44.3
21;2021-07-19;2377;4625;315909;240860;59.3;45.2
21;2021-07-20;2760;5486;318669;246346;59.8;46.2
21;2021-07-21;2910;4788;321579;251134;60.3;47.1
21;2021-07-22;3026;4720;324605;255854;60.9;48.0
21;2021-07-23;4354;4895;328959;260749;61.7;48.9
21;2021-07-24;3037;3019;331996;263768;62.3;49.5
21;2021-07-25;68;40;332064;263808;62.3;49.5
21;2021-07-26;2664;3588;334728;267396;62.8;50.2
21;2021-07-27;3412;3772;338140;271168;63.5;50.9
21;2021-07-28;3575;3351;341715;274519;64.1;51.5
21;2021-07-29;4134;3363;345849;277882;64.9;52.1
21;2021-07-30;4624;3340;350473;281222;65.8;52.8
21;2021-07-31;3429;2378;353902;283600;66.4;53.2
21;2021-08-01;330;57;354232;283657;66.5;53.2
21;2021-08-02;2541;3165;356773;286822;67.0;53.8
21;2021-08-03;2622;2762;359395;289584;67.4;54.3
21;2021-08-04;2367;2486;361762;292070;67.9;54.8
21;2021-08-05;2217;3077;363979;295147;68.3;55.4
21;2021-08-06;2589;3308;366568;298455;68.8;56.0
21;2021-08-07;1904;2659;368472;301114;69.1;56.5
21;2021-08-08;74;69;368546;301183;69.2;56.5
21;2021-08-09;1651;2929;370197;304112;69.5;57.1
21;2021-08-10;1411;2714;371608;306826;69.7;57.6
21;2021-08-11;1665;2446;373273;309272;70.0;58.0
21;2021-08-12;1170;2417;374443;311689;70.3;58.5
21;2021-08-13;1520;2746;375963;314435;70.6;59.0
21;2021-08-14;855;2437;376818;316872;70.7;59.5
21;2021-08-15;51;64;376869;316936;70.7;59.5
21;2021-08-16;1397;2819;378266;319755;71.0;60.0
21;2021-08-17;1204;2776;379470;322531;71.2;60.5
21;2021-08-18;1031;2871;380501;325402;71.4;61.1
21;2021-08-19;954;3067;381455;328469;71.6;61.6
21;2021-08-20;1055;4192;382510;332661;71.8;62.4
21;2021-08-21;841;3140;383351;335801;71.9;63.0
21;2021-08-22;32;116;383383;335917;71.9;63.0
21;2021-08-23;923;3219;384306;339136;72.1;63.6
21;2021-08-24;975;2878;385281;342014;72.3;64.2
21;2021-08-25;860;2551;386141;344565;72.5;64.7
21;2021-08-26;713;2424;386854;346989;72.6;65.1
21;2021-08-27;1028;3390;387882;350379;72.8;65.8
21;2021-08-28;704;2753;388586;353132;72.9;66.3
21;2021-08-29;43;215;388629;353347;72.9;66.3
21;2021-08-30;774;2265;389403;355612;73.1;66.7
21;2021-08-31;935;2108;390338;357720;73.2;67.1
21;2021-09-01;613;1777;390951;359497;73.4;67.5
21;2021-09-02;541;1459;391492;360956;73.5;67.7
21;2021-09-03;782;2031;392274;362987;73.6;68.1
21;2021-09-04;749;1671;393023;364658;73.8;68.4
21;2021-09-05;69;107;393092;364765;73.8;68.5
21;2021-09-06;406;1477;393498;366242;73.8;68.7
21;2021-09-07;388;1311;393886;367553;73.9;69.0
21;2021-09-08;547;1605;394433;369158;74.0;69.3
21;2021-09-09;396;1378;394829;370536;74.1;69.5
21;2021-09-10;642;1760;395471;372296;74.2;69.9
21;2021-09-11;468;1460;395939;373756;74.3;70.1
21;2021-09-12;19;35;395958;373791;74.3;70.1
21;2021-09-13;237;888;396195;374679;74.3;70.3
21;2021-09-14;424;1315;396619;375994;74.4;70.6
22;2020-12-27;0;0;0;0;0.0;0.0
22;2020-12-28;0;0;0;0;0.0;0.0
22;2020-12-29;0;0;0;0;0.0;0.0
22;2020-12-30;0;0;0;0;0.0;0.0
22;2020-12-31;0;0;0;0;0.0;0.0
22;2021-01-01;0;0;0;0;0.0;0.0
22;2021-01-02;2;0;2;0;0.0;0.0
22;2021-01-03;0;0;2;0;0.0;0.0
22;2021-01-04;5;0;7;0;0.0;0.0
22;2021-01-05;61;0;68;0;0.0;0.0
22;2021-01-06;114;1;182;1;0.0;0.0
22;2021-01-07;67;0;249;1;0.0;0.0
22;2021-01-08;174;0;423;1;0.1;0.0
22;2021-01-09;1;0;424;1;0.1;0.0
22;2021-01-10;0;0;424;1;0.1;0.0
22;2021-01-11;234;1;658;2;0.1;0.0
22;2021-01-12;627;0;1285;2;0.2;0.0
22;2021-01-13;677;1;1962;3;0.3;0.0
22;2021-01-14;716;8;2678;11;0.4;0.0
22;2021-01-15;529;2;3207;13;0.5;0.0
22;2021-01-16;96;0;3303;13;0.6;0.0
22;2021-01-17;1;0;3304;13;0.6;0.0
22;2021-01-18;311;1;3615;14;0.6;0.0
22;2021-01-19;687;0;4302;14;0.7;0.0
22;2021-01-20;598;1;4900;15;0.8;0.0
22;2021-01-21;947;1;5847;16;1.0;0.0
22;2021-01-22;840;2;6687;18;1.1;0.0
22;2021-01-23;219;0;6906;18;1.2;0.0
22;2021-01-24;1;0;6907;18;1.2;0.0
22;2021-01-25;750;9;7657;27;1.3;0.0
22;2021-01-26;1017;59;8674;86;1.5;0.0
22;2021-01-27;3861;108;12535;194;2.1;0.0
22;2021-01-28;4512;83;17047;277;2.9;0.0
22;2021-01-29;1898;120;18945;397;3.2;0.1
22;2021-01-30;289;0;19234;397;3.2;0.1
22;2021-01-31;3;0;19237;397;3.2;0.1
22;2021-02-01;641;75;19878;472;3.3;0.1
22;2021-02-02;903;414;20781;886;3.5;0.1
22;2021-02-03;690;472;21471;1358;3.6;0.2
22;2021-02-04;964;611;22435;1969;3.8;0.3
22;2021-02-05;723;512;23158;2481;3.9;0.4
22;2021-02-06;256;0;23414;2481;3.9;0.4
22;2021-02-07;0;0;23414;2481;3.9;0.4
22;2021-02-08;531;112;23945;2593;4.0;0.4
22;2021-02-09;614;264;24559;2857;4.1;0.5
22;2021-02-10;425;180;24984;3037;4.2;0.5
22;2021-02-11;1086;299;26070;3336;4.4;0.6
22;2021-02-12;594;296;26664;3632;4.5;0.6
22;2021-02-13;319;70;26983;3702;4.5;0.6
22;2021-02-14;0;4;26983;3706;4.5;0.6
22;2021-02-15;672;361;27655;4067;4.6;0.7
22;2021-02-16;1042;597;28697;4664;4.8;0.8
22;2021-02-17;1202;2312;29899;6976;5.0;1.2
22;2021-02-18;2143;2652;32042;9628;5.4;1.6
22;2021-02-19;1637;1750;33679;11378;5.6;1.9
22;2021-02-20;480;157;34159;11535;5.7;1.9
22;2021-02-21;6;49;34165;11584;5.7;1.9
22;2021-02-22;403;567;34568;12151;5.8;2.0
22;2021-02-23;665;763;35233;12914;5.9;2.2
22;2021-02-24;695;763;35928;13677;6.0;2.3
22;2021-02-25;1200;1000;37128;14677;6.2;2.5
22;2021-02-26;1068;597;38196;15274;6.4;2.6
22;2021-02-27;564;219;38760;15493;6.5;2.6
22;2021-02-28;16;8;38776;15501;6.5;2.6
22;2021-03-01;958;453;39734;15954;6.7;2.7
22;2021-03-02;1206;745;40940;16699;6.9;2.8
22;2021-03-03;1325;735;42265;17434;7.1;2.9
22;2021-03-04;1602;792;43867;18226;7.4;3.1
22;2021-03-05;2108;691;45975;18917;7.7;3.2
22;2021-03-06;1114;244;47089;19161;7.9;3.2
22;2021-03-07;219;1;47308;19162;7.9;3.2
22;2021-03-08;1291;583;48599;19745;8.2;3.3
22;2021-03-09;1824;669;50423;20414;8.5;3.4
22;2021-03-10;1988;927;52411;21341;8.8;3.6
22;2021-03-11;2377;1545;54788;22886;9.2;3.8
22;2021-03-12;3102;906;57890;23792;9.7;4.0
22;2021-03-13;1721;277;59611;24069;10.0;4.0
22;2021-03-14;245;22;59856;24091;10.0;4.0
22;2021-03-15;1620;554;61476;24645;10.3;4.1
22;2021-03-16;1604;837;63080;25482;10.6;4.3
22;2021-03-17;2650;689;65730;26171;11.0;4.4
22;2021-03-18;2551;1096;68281;27267;11.5;4.6
22;2021-03-19;3281;792;71562;28059;12.0;4.7
22;2021-03-20;2209;282;73771;28341;12.4;4.8
22;2021-03-21;16;0;73787;28341;12.4;4.8
22;2021-03-22;2364;357;76151;28698;12.8;4.8
22;2021-03-23;3142;780;79293;29478;13.3;4.9
22;2021-03-24;3485;678;82778;30156;13.9;5.1
22;2021-03-25;3962;605;86740;30761;14.5;5.2
22;2021-03-26;4003;482;90743;31243;15.2;5.2
22;2021-03-27;2091;179;92834;31422;15.6;5.3
22;2021-03-28;67;1;92901;31423;15.6;5.3
22;2021-03-29;2766;904;95667;32327;16.0;5.4
22;2021-03-30;3568;1148;99235;33475;16.6;5.6
22;2021-03-31;3676;1079;102911;34554;17.3;5.8
22;2021-04-01;4944;1128;107855;35682;18.1;6.0
22;2021-04-02;4391;1034;112246;36716;18.8;6.2
22;2021-04-03;1997;403;114243;37119;19.2;6.2
22;2021-04-04;37;0;114280;37119;19.2;6.2
22;2021-04-05;15;0;114295;37119;19.2;6.2
22;2021-04-06;3291;1135;117586;38254;19.7;6.4
22;2021-04-07;3432;1364;121018;39618;20.3;6.6
22;2021-04-08;4449;1322;125467;40940;21.0;6.9
22;2021-04-09;5184;1360;130651;42300;21.9;7.1
22;2021-04-10;2447;365;133098;42665;22.3;7.2
22;2021-04-11;485;10;133583;42675;22.4;7.2
22;2021-04-12;2988;1006;136571;43681;22.9;7.3
22;2021-04-13;3319;1517;139890;45198;23.5;7.6
22;2021-04-14;3169;2481;143059;47679;24.0;8.0
22;2021-04-15;3600;2430;146659;50109;24.6;8.4
22;2021-04-16;3632;2484;150291;52593;25.2;8.8
22;2021-04-17;1919;1792;152210;54385;25.5;9.1
22;2021-04-18;17;0;152227;54385;25.5;9.1
22;2021-04-19;3022;2145;155249;56530;26.0;9.5
22;2021-04-20;3313;2793;158562;59323;26.6;10.0
22;2021-04-21;3224;2730;161786;62053;27.1;10.4
22;2021-04-22;3593;3128;165379;65181;27.7;10.9
22;2021-04-23;3729;3173;169108;68354;28.4;11.5
22;2021-04-24;2006;1962;171114;70316;28.7;11.8
22;2021-04-25;17;0;171131;70316;28.7;11.8
22;2021-04-26;3213;2853;174344;73169;29.2;12.3
22;2021-04-27;3373;3128;177717;76297;29.8;12.8
22;2021-04-28;3489;3149;181206;79446;30.4;13.3
22;2021-04-29;4081;3243;185287;82689;31.1;13.9
22;2021-04-30;3905;3215;189192;85904;31.7;14.4
22;2021-05-01;60;69;189252;85973;31.7;14.4
22;2021-05-02;1237;59;190489;86032;32.0;14.4
22;2021-05-03;2030;2711;192519;88743;32.3;14.9
22;2021-05-04;2154;2894;194673;91637;32.7;15.4
22;2021-05-05;2050;3005;196723;94642;33.0;15.9
22;2021-05-06;2509;3488;199232;98130;33.4;16.5
22;2021-05-07;2831;3385;202063;101515;33.9;17.0
22;2021-05-08;45;120;202108;101635;33.9;17.0
22;2021-05-09;602;438;202710;102073;34.0;17.1
22;2021-05-10;4474;2727;207184;104800;34.8;17.6
22;2021-05-11;5107;2892;212291;107692;35.6;18.1
22;2021-05-12;6600;1016;218891;108708;36.7;18.2
22;2021-05-13;528;35;219419;108743;36.8;18.2
22;2021-05-14;6408;1075;225827;109818;37.9;18.4
22;2021-05-15;3988;419;229815;110237;38.5;18.5
22;2021-05-16;419;37;230234;110274;38.6;18.5
22;2021-05-17;5669;516;235903;110790;39.6;18.6
22;2021-05-18;6010;944;241913;111734;40.6;18.7
22;2021-05-19;6131;705;248044;112439;41.6;18.9
22;2021-05-20;6586;1369;254630;113808;42.7;19.1
22;2021-05-21;5897;1450;260527;115258;43.7;19.3
22;2021-05-22;4092;768;264619;116026;44.4;19.5
22;2021-05-23;407;17;265026;116043;44.5;19.5
22;2021-05-24;5313;225;270339;116268;45.3;19.5
22;2021-05-25;5637;1169;275976;117437;46.3;19.7
22;2021-05-26;4226;2807;280202;120244;47.0;20.2
22;2021-05-27;4506;3830;284708;124074;47.8;20.8
22;2021-05-28;4384;4418;289092;128492;48.5;21.6
22;2021-05-29;3046;1770;292138;130262;49.0;21.8
22;2021-05-30;19;7;292157;130269;49.0;21.9
22;2021-05-31;3653;3147;295810;133416;49.6;22.4
22;2021-06-01;3523;3684;299333;137100;50.2;23.0
22;2021-06-02;3086;3374;302419;140474;50.7;23.6
22;2021-06-03;3197;4085;305616;144559;51.3;24.2
22;2021-06-04;3372;4535;308988;149094;51.8;25.0
22;2021-06-05;3543;2025;312531;151119;52.4;25.3
22;2021-06-06;214;30;312745;151149;52.5;25.4
22;2021-06-07;3046;3255;315791;154404;53.0;25.9
22;2021-06-08;2800;3526;318591;157930;53.4;26.5
22;2021-06-09;2543;3507;321134;161437;53.9;27.1
22;2021-06-10;2517;4243;323651;165680;54.3;27.8
22;2021-06-11;2552;4227;326203;169907;54.7;28.5
22;2021-06-12;2414;1453;328617;171360;55.1;28.7
22;2021-06-13;133;1093;328750;172453;55.1;28.9
22;2021-06-14;2644;2461;331394;174914;55.6;29.3
22;2021-06-15;3096;2995;334490;177909;56.1;29.8
22;2021-06-16;3007;2805;337497;180714;56.6;30.3
22;2021-06-17;2561;3174;340058;183888;57.0;30.8
22;2021-06-18;3099;4111;343157;187999;57.6;31.5
22;2021-06-19;2985;1453;346142;189452;58.1;31.8
22;2021-06-20;155;8;346297;189460;58.1;31.8
22;2021-06-21;1783;5021;348080;194481;58.4;32.6
22;2021-06-22;2403;5548;350483;200029;58.8;33.6
22;2021-06-23;1284;6203;351767;206232;59.0;34.6
22;2021-06-24;2578;3912;354345;210144;59.4;35.2
22;2021-06-25;1569;6810;355914;216954;59.7;36.4
22;2021-06-26;783;3855;356697;220809;59.8;37.0
22;2021-06-27;4;511;356701;221320;59.8;37.1
22;2021-06-28;1051;5585;357752;226905;60.0;38.1
22;2021-06-29;1376;5951;359128;232856;60.2;39.1
22;2021-06-30;1130;5736;360258;238592;60.4;40.0
22;2021-07-01;1383;6034;361641;244626;60.7;41.0
22;2021-07-02;1712;6089;363353;250715;60.9;42.1
22;2021-07-03;1008;3818;364361;254533;61.1;42.7
22;2021-07-04;149;365;364510;254898;61.1;42.8
22;2021-07-05;1597;5804;366107;260702;61.4;43.7
22;2021-07-06;2315;5993;368422;266695;61.8;44.7
22;2021-07-07;2292;4933;370714;271628;62.2;45.6
22;2021-07-08;2503;5096;373217;276724;62.6;46.4
22;2021-07-09;2497;5377;375714;282101;63.0;47.3
22;2021-07-10;1808;3356;377522;285457;63.3;47.9
22;2021-07-11;484;75;378006;285532;63.4;47.9
22;2021-07-12;2333;4723;380339;290255;63.8;48.7
22;2021-07-13;3783;5055;384122;295310;64.4;49.5
22;2021-07-14;700;2495;384822;297805;64.5;50.0
22;2021-07-15;3869;4620;388691;302425;65.2;50.7
22;2021-07-16;3835;5289;392526;307714;65.8;51.6
22;2021-07-17;2556;3411;395082;311125;66.3;52.2
22;2021-07-18;570;88;395652;311213;66.4;52.2
22;2021-07-19;2772;4106;398424;315319;66.8;52.9
22;2021-07-20;3923;4129;402347;319448;67.5;53.6
22;2021-07-21;3998;3404;406345;322852;68.2;54.2
22;2021-07-22;4859;3704;411204;326556;69.0;54.8
22;2021-07-23;4453;4218;415657;330774;69.7;55.5
22;2021-07-24;2261;2615;417918;333389;70.1;55.9
22;2021-07-25;118;149;418036;333538;70.1;55.9
22;2021-07-26;3023;3917;421059;337455;70.6;56.6
22;2021-07-27;3725;4910;424784;342365;71.3;57.4
22;2021-07-28;3706;3657;428490;346022;71.9;58.0
22;2021-07-29;4296;3779;432786;349801;72.6;58.7
22;2021-07-30;4039;3970;436825;353771;73.3;59.3
22;2021-07-31;2403;2805;439228;356576;73.7;59.8
22;2021-08-01;118;151;439346;356727;73.7;59.8
22;2021-08-02;4669;2550;444015;359277;74.5;60.3
22;2021-08-03;4787;3427;448802;362704;75.3;60.8
22;2021-08-04;5767;2494;454569;365198;76.2;61.3
22;2021-08-05;4123;3803;458692;369001;76.9;61.9
22;2021-08-06;3653;3808;462345;372809;77.6;62.5
22;2021-08-07;2355;2265;464700;375074;77.9;62.9
22;2021-08-08;425;71;465125;375145;78.0;62.9
22;2021-08-09;2722;2706;467847;377851;78.5;63.4
22;2021-08-10;2722;3512;470569;381363;78.9;64.0
22;2021-08-11;2416;3115;472985;384478;79.3;64.5
22;2021-08-12;2194;3475;475179;387953;79.7;65.1
22;2021-08-13;1914;2966;477093;390919;80.0;65.6
22;2021-08-14;1330;1912;478423;392831;80.2;65.9
22;2021-08-15;85;198;478508;393029;80.3;65.9
22;2021-08-16;1467;3179;479975;396208;80.5;66.5
22;2021-08-17;1751;3459;481726;399667;80.8;67.0
22;2021-08-18;1403;3304;483129;402971;81.0;67.6
22;2021-08-19;1327;3608;484456;406579;81.3;68.2
22;2021-08-20;1454;3599;485910;410178;81.5;68.8
22;2021-08-21;808;2258;486718;412436;81.6;69.2
22;2021-08-22;151;308;486869;412744;81.7;69.2
22;2021-08-23;1957;3610;488826;416354;82.0;69.8
22;2021-08-24;1422;3248;490248;419602;82.2;70.4
22;2021-08-25;838;2507;491086;422109;82.4;70.8
22;2021-08-26;1052;4292;492138;426401;82.5;71.5
22;2021-08-27;1308;4601;493446;431002;82.8;72.3
22;2021-08-28;727;2518;494173;433520;82.9;72.7
22;2021-08-29;35;26;494208;433546;82.9;72.7
22;2021-08-30;918;2963;495126;436509;83.0;73.2
22;2021-08-31;960;3797;496086;440306;83.2;73.9
22;2021-09-01;952;3415;497038;443721;83.4;74.4
22;2021-09-02;826;3063;497864;446784;83.5;74.9
22;2021-09-03;929;3072;498793;449856;83.7;75.5
22;2021-09-04;779;2739;499572;452595;83.8;75.9
22;2021-09-05;95;47;499667;452642;83.8;75.9
22;2021-09-06;486;2187;500153;454829;83.9;76.3
22;2021-09-07;507;2307;500660;457136;84.0;76.7
22;2021-09-08;618;2204;501278;459340;84.1;77.0
22;2021-09-09;676;2315;501954;461655;84.2;77.4
22;2021-09-10;700;2444;502654;464099;84.3;77.8
22;2021-09-11;578;1825;503232;465924;84.4;78.2
22;2021-09-12;31;85;503263;466009;84.4;78.2
22;2021-09-13;480;2590;503743;468599;84.5;78.6
22;2021-09-14;577;2304;504320;470903;84.6;79.0
23;2020-12-27;0;0;0;0;0.0;0.0
23;2020-12-28;1;0;1;0;0.0;0.0
23;2020-12-29;0;0;1;0;0.0;0.0
23;2020-12-30;0;0;1;0;0.0;0.0
23;2020-12-31;0;0;1;0;0.0;0.0
23;2021-01-01;0;0;1;0;0.0;0.0
23;2021-01-02;1;0;2;0;0.0;0.0
23;2021-01-03;1;0;3;0;0.0;0.0
23;2021-01-04;1;0;4;0;0.0;0.0
23;2021-01-05;3;0;7;0;0.0;0.0
23;2021-01-06;10;0;17;0;0.0;0.0
23;2021-01-07;116;1;133;1;0.1;0.0
23;2021-01-08;117;0;250;1;0.2;0.0
23;2021-01-09;36;0;286;1;0.2;0.0
23;2021-01-10;1;0;287;1;0.2;0.0
23;2021-01-11;176;1;463;2;0.4;0.0
23;2021-01-12;238;3;701;5;0.6;0.0
23;2021-01-13;308;0;1009;5;0.9;0.0
23;2021-01-14;293;4;1302;9;1.1;0.0
23;2021-01-15;334;5;1636;14;1.4;0.0
23;2021-01-16;163;1;1799;15;1.5;0.0
23;2021-01-17;0;0;1799;15;1.5;0.0
23;2021-01-18;342;3;2141;18;1.8;0.0
23;2021-01-19;498;2;2639;20;2.3;0.0
23;2021-01-20;362;1;3001;21;2.6;0.0
23;2021-01-21;700;1;3701;22;3.2;0.0
23;2021-01-22;479;0;4180;22;3.6;0.0
23;2021-01-23;368;1;4548;23;3.9;0.0
23;2021-01-24;0;0;4548;23;3.9;0.0
23;2021-01-25;382;16;4930;39;4.2;0.0
23;2021-01-26;301;5;5231;44;4.5;0.0
23;2021-01-27;228;2;5459;46;4.7;0.0
23;2021-01-28;232;30;5691;76;4.9;0.1
23;2021-01-29;304;98;5995;174;5.2;0.1
23;2021-01-30;100;24;6095;198;5.2;0.2
23;2021-01-31;2;33;6097;231;5.2;0.2
23;2021-02-01;148;80;6245;311;5.4;0.3
23;2021-02-02;157;107;6402;418;5.5;0.4
23;2021-02-03;105;178;6507;596;5.6;0.5
23;2021-02-04;78;248;6585;844;5.7;0.7
23;2021-02-05;117;274;6702;1118;5.8;1.0
23;2021-02-06;14;127;6716;1245;5.8;1.1
23;2021-02-07;1;0;6717;1245;5.8;1.1
23;2021-02-08;124;166;6841;1411;5.9;1.2
23;2021-02-09;89;254;6930;1665;6.0;1.4
23;2021-02-10;92;227;7022;1892;6.0;1.6
23;2021-02-11;245;513;7267;2405;6.3;2.1
23;2021-02-12;174;258;7441;2663;6.4;2.3
23;2021-02-13;8;178;7449;2841;6.4;2.4
23;2021-02-14;8;0;7457;2841;6.4;2.4
23;2021-02-15;157;300;7614;3141;6.5;2.7
23;2021-02-16;103;368;7717;3509;6.6;3.0
23;2021-02-17;65;404;7782;3913;6.7;3.4
23;2021-02-18;142;304;7924;4217;6.8;3.6
23;2021-02-19;109;203;8033;4420;6.9;3.8
23;2021-02-20;2;81;8035;4501;6.9;3.9
23;2021-02-21;0;0;8035;4501;6.9;3.9
23;2021-02-22;104;178;8139;4679;7.0;4.0
23;2021-02-23;109;174;8248;4853;7.1;4.2
23;2021-02-24;176;140;8424;4993;7.2;4.3
23;2021-02-25;184;86;8608;5079;7.4;4.4
23;2021-02-26;287;149;8895;5228;7.7;4.5
23;2021-02-27;112;11;9007;5239;7.7;4.5
23;2021-02-28;1;31;9008;5270;7.7;4.5
23;2021-03-01;88;172;9096;5442;7.8;4.7
23;2021-03-02;229;115;9325;5557;8.0;4.8
23;2021-03-03;133;79;9458;5636;8.1;4.8
23;2021-03-04;307;129;9765;5765;8.4;5.0
23;2021-03-05;517;104;10282;5869;8.8;5.0
23;2021-03-06;494;6;10776;5875;9.3;5.1
23;2021-03-07;313;3;11089;5878;9.5;5.1
23;2021-03-08;197;70;11286;5948;9.7;5.1
23;2021-03-09;421;102;11707;6050;10.1;5.2
23;2021-03-10;348;37;12055;6087;10.4;5.2
23;2021-03-11;324;44;12379;6131;10.6;5.3
23;2021-03-12;618;34;12997;6165;11.2;5.3
23;2021-03-13;287;12;13284;6177;11.4;5.3
23;2021-03-14;47;34;13331;6211;11.5;5.3
23;2021-03-15;220;124;13551;6335;11.7;5.4
23;2021-03-16;192;80;13743;6415;11.8;5.5
23;2021-03-17;131;99;13874;6514;11.9;5.6
23;2021-03-18;193;92;14067;6606;12.1;5.7
23;2021-03-19;207;117;14274;6723;12.3;5.8
23;2021-03-20;631;37;14905;6760;12.8;5.8
23;2021-03-21;128;0;15033;6760;12.9;5.8
23;2021-03-22;274;156;15307;6916;13.2;5.9
23;2021-03-23;504;102;15811;7018;13.6;6.0
23;2021-03-24;423;124;16234;7142;14.0;6.1
23;2021-03-25;820;188;17054;7330;14.7;6.3
23;2021-03-26;735;193;17789;7523;15.3;6.5
23;2021-03-27;505;50;18294;7573;15.7;6.5
23;2021-03-28;3;9;18297;7582;15.7;6.5
23;2021-03-29;358;108;18655;7690;16.0;6.6
23;2021-03-30;537;178;19192;7868;16.5;6.8
23;2021-03-31;411;171;19603;8039;16.9;6.9
23;2021-04-01;600;171;20203;8210;17.4;7.1
23;2021-04-02;498;296;20701;8506;17.8;7.3
23;2021-04-03;715;44;21416;8550;18.4;7.4
23;2021-04-04;4;0;21420;8550;18.4;7.4
23;2021-04-05;2;3;21422;8553;18.4;7.4
23;2021-04-06;382;293;21804;8846;18.8;7.6
23;2021-04-07;707;309;22511;9155;19.4;7.9
23;2021-04-08;805;236;23316;9391;20.1;8.1
23;2021-04-09;940;366;24256;9757;20.9;8.4
23;2021-04-10;1097;111;25353;9868;21.8;8.5
23;2021-04-11;21;2;25374;9870;21.8;8.5
23;2021-04-12;692;236;26066;10106;22.4;8.7
23;2021-04-13;670;302;26736;10408;23.0;9.0
23;2021-04-14;586;178;27322;10586;23.5;9.1
23;2021-04-15;930;185;28252;10771;24.3;9.3
23;2021-04-16;905;212;29157;10983;25.1;9.4
23;2021-04-17;996;553;30153;11536;25.9;9.9
23;2021-04-18;3;136;30156;11672;25.9;10.0
23;2021-04-19;613;297;30769;11969;26.5;10.3
23;2021-04-20;721;291;31490;12260;27.1;10.5
23;2021-04-21;733;397;32223;12657;27.7;10.9
23;2021-04-22;657;472;32880;13129;28.3;11.3
23;2021-04-23;597;346;33477;13475;28.8;11.6
23;2021-04-24;855;448;34332;13923;29.5;12.0
23;2021-04-25;0;0;34332;13923;29.5;12.0
23;2021-04-26;616;254;34948;14177;30.1;12.2
23;2021-04-27;675;419;35623;14596;30.6;12.6
23;2021-04-28;628;276;36251;14872;31.2;12.8
23;2021-04-29;883;379;37134;15251;31.9;13.1
23;2021-04-30;719;784;37853;16035;32.6;13.8
23;2021-05-01;1229;42;39082;16077;33.6;13.8
23;2021-05-02;14;0;39096;16077;33.6;13.8
23;2021-05-03;434;520;39530;16597;34.0;14.3
23;2021-05-04;617;513;40147;17110;34.5;14.7
23;2021-05-05;540;713;40687;17823;35.0;15.3
23;2021-05-06;728;698;41415;18521;35.6;15.9
23;2021-05-07;685;643;42100;19164;36.2;16.5
23;2021-05-08;1411;588;43511;19752;37.4;17.0
23;2021-05-09;4;0;43515;19752;37.4;17.0
23;2021-05-10;555;656;44070;20408;37.9;17.6
23;2021-05-11;560;764;44630;21172;38.4;18.2
23;2021-05-12;720;662;45350;21834;39.0;18.8
23;2021-05-13;537;56;45887;21890;39.5;18.8
23;2021-05-14;788;458;46675;22348;40.1;19.2
23;2021-05-15;995;235;47670;22583;41.0;19.4
23;2021-05-16;0;0;47670;22583;41.0;19.4
23;2021-05-17;568;448;48238;23031;41.5;19.8
23;2021-05-18;777;292;49015;23323;42.2;20.1
23;2021-05-19;1051;259;50066;23582;43.1;20.3
23;2021-05-20;837;314;50903;23896;43.8;20.6
23;2021-05-21;1108;311;52011;24207;44.7;20.8
23;2021-05-22;740;125;52751;24332;45.4;20.9
23;2021-05-23;3;20;52754;24352;45.4;20.9
23;2021-05-24;363;166;53117;24518;45.7;21.1
23;2021-05-25;908;336;54025;24854;46.5;21.4
23;2021-05-26;1078;227;55103;25081;47.4;21.6
23;2021-05-27;932;438;56035;25519;48.2;21.9
23;2021-05-28;781;743;56816;26262;48.9;22.6
23;2021-05-29;638;1099;57454;27361;49.4;23.5
23;2021-05-30;6;63;57460;27424;49.4;23.6
23;2021-05-31;433;539;57893;27963;49.8;24.1
23;2021-06-01;582;827;58475;28790;50.3;24.8
23;2021-06-02;625;516;59100;29306;50.8;25.2
23;2021-06-03;709;551;59809;29857;51.4;25.7
23;2021-06-04;778;614;60587;30471;52.1;26.2
23;2021-06-05;545;777;61132;31248;52.6;26.9
23;2021-06-06;0;0;61132;31248;52.6;26.9
23;2021-06-07;393;696;61525;31944;52.9;27.5
23;2021-06-08;323;776;61848;32720;53.2;28.1
23;2021-06-09;287;648;62135;33368;53.4;28.7
23;2021-06-10;374;690;62509;34058;53.8;29.3
23;2021-06-11;384;807;62893;34865;54.1;30.0
23;2021-06-12;377;1265;63270;36130;54.4;31.1
23;2021-06-13;13;5;63283;36135;54.4;31.1
23;2021-06-14;235;589;63518;36724;54.6;31.6
23;2021-06-15;231;860;63749;37584;54.8;32.3
23;2021-06-16;362;579;64111;38163;55.1;32.8
23;2021-06-17;339;810;64450;38973;55.4;33.5
23;2021-06-18;356;767;64806;39740;55.7;34.2
23;2021-06-19;492;1523;65298;41263;56.2;35.5
23;2021-06-20;2;11;65300;41274;56.2;35.5
23;2021-06-21;205;620;65505;41894;56.3;36.0
23;2021-06-22;216;687;65721;42581;56.5;36.6
23;2021-06-23;221;750;65942;43331;56.7;37.3
23;2021-06-24;200;606;66142;43937;56.9;37.8
23;2021-06-25;302;815;66444;44752;57.1;38.5
23;2021-06-26;221;999;66665;45751;57.3;39.3
23;2021-06-27;3;0;66668;45751;57.3;39.3
23;2021-06-28;115;692;66783;46443;57.4;39.9
23;2021-06-29;189;823;66972;47266;57.6;40.7
23;2021-06-30;169;944;67141;48210;57.7;41.5
23;2021-07-01;168;870;67309;49080;57.9;42.2
23;2021-07-02;192;1069;67501;50149;58.1;43.1
23;2021-07-03;250;979;67751;51128;58.3;44.0
23;2021-07-04;1;0;67752;51128;58.3;44.0
23;2021-07-05;160;805;67912;51933;58.4;44.7
23;2021-07-06;215;1043;68127;52976;58.6;45.6
23;2021-07-07;210;848;68337;53824;58.8;46.3
23;2021-07-08;254;740;68591;54564;59.0;46.9
23;2021-07-09;275;1012;68866;55576;59.2;47.8
23;2021-07-10;234;644;69100;56220;59.4;48.4
23;2021-07-11;0;0;69100;56220;59.4;48.4
23;2021-07-12;232;702;69332;56922;59.6;49.0
23;2021-07-13;471;917;69803;57839;60.0;49.7
23;2021-07-14;212;320;70015;58159;60.2;50.0
23;2021-07-15;483;811;70498;58970;60.6;50.7
23;2021-07-16;765;566;71263;59536;61.3;51.2
23;2021-07-17;220;478;71483;60014;61.5;51.6
23;2021-07-18;0;1;71483;60015;61.5;51.6
23;2021-07-19;704;628;72187;60643;62.1;52.2
23;2021-07-20;633;568;72820;61211;62.6;52.6
23;2021-07-21;702;635;73522;61846;63.2;53.2
23;2021-07-22;945;437;74467;62283;64.0;53.6
23;2021-07-23;842;508;75309;62791;64.8;54.0
23;2021-07-24;1014;439;76323;63230;65.6;54.4
23;2021-07-25;13;16;76336;63246;65.7;54.4
23;2021-07-26;787;566;77123;63812;66.3;54.9
23;2021-07-27;929;436;78052;64248;67.1;55.3
23;2021-07-28;878;412;78930;64660;67.9;55.6
23;2021-07-29;1050;400;79980;65060;68.8;56.0
23;2021-07-30;947;521;80927;65581;69.6;56.4
23;2021-07-31;1166;306;82093;65887;70.6;56.7
23;2021-08-01;19;8;82112;65895;70.6;56.7
23;2021-08-02;673;506;82785;66401;71.2;57.1
23;2021-08-03;767;458;83552;66859;71.9;57.5
23;2021-08-04;612;297;84164;67156;72.4;57.8
23;2021-08-05;692;365;84856;67521;73.0;58.1
23;2021-08-06;422;482;85278;68003;73.3;58.5
23;2021-08-07;299;189;85577;68192;73.6;58.6
23;2021-08-08;146;38;85723;68230;73.7;58.7
23;2021-08-09;493;492;86216;68722;74.2;59.1
23;2021-08-10;467;608;86683;69330;74.6;59.6
23;2021-08-11;426;487;87109;69817;74.9;60.0
23;2021-08-12;513;567;87622;70384;75.4;60.5
23;2021-08-13;418;578;88040;70962;75.7;61.0
23;2021-08-14;287;390;88327;71352;76.0;61.4
23;2021-08-15;27;9;88354;71361;76.0;61.4
23;2021-08-16;277;711;88631;72072;76.2;62.0
23;2021-08-17;278;729;88909;72801;76.5;62.6
23;2021-08-18;180;635;89089;73436;76.6;63.2
23;2021-08-19;257;727;89346;74163;76.8;63.8
23;2021-08-20;214;682;89560;74845;77.0;64.4
23;2021-08-21;140;499;89700;75344;77.1;64.8
23;2021-08-22;54;48;89754;75392;77.2;64.8
23;2021-08-23;149;816;89903;76208;77.3;65.5
23;2021-08-24;263;911;90166;77119;77.5;66.3
23;2021-08-25;185;791;90351;77910;77.7;67.0
23;2021-08-26;215;744;90566;78654;77.9;67.6
23;2021-08-27;213;641;90779;79295;78.1;68.2
23;2021-08-28;219;454;90998;79749;78.3;68.6
23;2021-08-29;15;88;91013;79837;78.3;68.7
23;2021-08-30;187;665;91200;80502;78.4;69.2
23;2021-08-31;227;672;91427;81174;78.6;69.8
23;2021-09-01;160;429;91587;81603;78.8;70.2
23;2021-09-02;117;346;91704;81949;78.9;70.5
23;2021-09-03;207;583;91911;82532;79.0;71.0
23;2021-09-04;178;846;92089;83378;79.2;71.7
23;2021-09-05;5;7;92094;83385;79.2;71.7
23;2021-09-06;131;489;92225;83874;79.3;72.1
23;2021-09-07;97;527;92322;84401;79.4;72.6
23;2021-09-08;120;487;92442;84888;79.5;73.0
23;2021-09-09;114;393;92556;85281;79.6;73.3
23;2021-09-10;149;450;92705;85731;79.7;73.7
23;2021-09-11;102;224;92807;85955;79.8;73.9
23;2021-09-12;5;16;92812;85971;79.8;73.9
23;2021-09-13;109;400;92921;86371;79.9;74.3
23;2021-09-14;109;464;93030;86835;80.0;74.7
24;2020-12-27;1;0;1;0;0.0;0.0
24;2020-12-28;1;0;2;0;0.0;0.0
24;2020-12-29;2;0;4;0;0.0;0.0
24;2020-12-30;1;0;5;0;0.0;0.0
24;2020-12-31;1;0;6;0;0.0;0.0
24;2021-01-01;1;0;7;0;0.0;0.0
24;2021-01-02;0;0;7;0;0.0;0.0
24;2021-01-03;0;0;7;0;0.0;0.0
24;2021-01-04;1;0;8;0;0.0;0.0
24;2021-01-05;1;0;9;0;0.0;0.0
24;2021-01-06;2;0;11;0;0.0;0.0
24;2021-01-07;190;0;201;0;0.0;0.0
24;2021-01-08;282;0;483;0;0.1;0.0
24;2021-01-09;185;13;668;13;0.2;0.0
24;2021-01-10;35;0;703;13;0.2;0.0
24;2021-01-11;269;0;972;13;0.2;0.0
24;2021-01-12;280;0;1252;13;0.3;0.0
24;2021-01-13;233;0;1485;13;0.4;0.0
24;2021-01-14;1021;21;2506;34;0.6;0.0
24;2021-01-15;605;4;3111;38;0.8;0.0
24;2021-01-16;87;0;3198;38;0.8;0.0
24;2021-01-17;2;1;3200;39;0.8;0.0
24;2021-01-18;300;0;3500;39;0.9;0.0
24;2021-01-19;468;1;3968;40;1.0;0.0
24;2021-01-20;556;0;4524;40;1.1;0.0
24;2021-01-21;645;6;5169;46;1.3;0.0
24;2021-01-22;516;1;5685;47;1.4;0.0
24;2021-01-23;152;1;5837;48;1.4;0.0
24;2021-01-24;3;0;5840;48;1.4;0.0
24;2021-01-25;442;0;6282;48;1.5;0.0
24;2021-01-26;638;65;6920;113;1.7;0.0
24;2021-01-27;1267;12;8187;125;2.0;0.0
24;2021-01-28;985;126;9172;251;2.2;0.1
24;2021-01-29;932;128;10104;379;2.5;0.1
24;2021-01-30;282;1;10386;380;2.5;0.1
24;2021-01-31;0;0;10386;380;2.5;0.1
24;2021-02-01;377;164;10763;544;2.6;0.1
24;2021-02-02;616;289;11379;833;2.8;0.2
24;2021-02-03;653;435;12032;1268;2.9;0.3
24;2021-02-04;978;382;13010;1650;3.2;0.4
24;2021-02-05;690;356;13700;2006;3.4;0.5
24;2021-02-06;141;35;13841;2041;3.4;0.5
24;2021-02-07;33;1;13874;2042;3.4;0.5
24;2021-02-08;309;222;14183;2264;3.5;0.6
24;2021-02-09;454;230;14637;2494;3.6;0.6
24;2021-02-10;378;101;15015;2595;3.7;0.6
24;2021-02-11;561;487;15576;3082;3.8;0.8
24;2021-02-12;495;374;16071;3456;3.9;0.8
24;2021-02-13;202;41;16273;3497;4.0;0.9
24;2021-02-14;89;0;16362;3497;4.0;0.9
24;2021-02-15;187;197;16549;3694;4.1;0.9
24;2021-02-16;336;452;16885;4146;4.1;1.0
24;2021-02-17;584;783;17469;4929;4.3;1.2
24;2021-02-18;443;647;17912;5576;4.4;1.4
24;2021-02-19;462;639;18374;6215;4.5;1.5
24;2021-02-20;163;107;18537;6322;4.5;1.5
24;2021-02-21;109;0;18646;6322;4.6;1.5
24;2021-02-22;426;454;19072;6776;4.7;1.7
24;2021-02-23;562;598;19634;7374;4.8;1.8
24;2021-02-24;538;734;20172;8108;4.9;2.0
24;2021-02-25;728;773;20900;8881;5.1;2.2
24;2021-02-26;977;830;21877;9711;5.4;2.4
24;2021-02-27;363;228;22240;9939;5.4;2.4
24;2021-02-28;25;4;22265;9943;5.5;2.4
24;2021-03-01;292;317;22557;10260;5.5;2.5
24;2021-03-02;539;380;23096;10640;5.7;2.6
24;2021-03-03;681;297;23777;10937;5.8;2.7
24;2021-03-04;914;468;24691;11405;6.0;2.8
24;2021-03-05;1068;520;25759;11925;6.3;2.9
24;2021-03-06;1127;125;26886;12050;6.6;3.0
24;2021-03-07;232;63;27118;12113;6.6;3.0
24;2021-03-08;531;217;27649;12330;6.8;3.0
24;2021-03-09;1173;395;28822;12725;7.1;3.1
24;2021-03-10;1142;413;29964;13138;7.3;3.2
24;2021-03-11;1606;444;31570;13582;7.7;3.3
24;2021-03-12;2052;429;33622;14011;8.2;3.4
24;2021-03-13;1348;181;34970;14192;8.6;3.5
24;2021-03-14;141;88;35111;14280;8.6;3.5
24;2021-03-15;954;163;36065;14443;8.8;3.5
24;2021-03-16;1143;228;37208;14671;9.1;3.6
24;2021-03-17;1218;279;38426;14950;9.4;3.7
24;2021-03-18;1055;550;39481;15500;9.7;3.8
24;2021-03-19;1253;526;40734;16026;10.0;3.9
24;2021-03-20;1055;143;41789;16169;10.2;4.0
24;2021-03-21;25;11;41814;16180;10.2;4.0
24;2021-03-22;1224;406;43038;16586;10.5;4.1
24;2021-03-23;1881;388;44919;16974;11.0;4.2
24;2021-03-24;1891;379;46810;17353;11.5;4.2
24;2021-03-25;1991;468;48801;17821;11.9;4.4
24;2021-03-26;2374;278;51175;18099;12.5;4.4
24;2021-03-27;1349;42;52524;18141;12.9;4.4
24;2021-03-28;63;9;52587;18150;12.9;4.4
24;2021-03-29;1673;327;54260;18477;13.3;4.5
24;2021-03-30;2410;390;56670;18867;13.9;4.6
24;2021-03-31;2186;308;58856;19175;14.4;4.7
24;2021-04-01;2197;308;61053;19483;14.9;4.8
24;2021-04-02;2072;391;63125;19874;15.5;4.9
24;2021-04-03;1377;121;64502;19995;15.8;4.9
24;2021-04-04;74;1;64576;19996;15.8;4.9
24;2021-04-05;948;60;65524;20056;16.0;4.9
24;2021-04-06;2355;700;67879;20756;16.6;5.1
24;2021-04-07;2717;691;70596;21447;17.3;5.3
24;2021-04-08;3007;959;73603;22406;18.0;5.5
24;2021-04-09;3489;1004;77092;23410;18.9;5.7
24;2021-04-10;2595;313;79687;23723;19.5;5.8
24;2021-04-11;1103;20;80790;23743;19.8;5.8
24;2021-04-12;2499;809;83289;24552;20.4;6.0
24;2021-04-13;2904;1201;86193;25753;21.1;6.3
24;2021-04-14;2939;1197;89132;26950;21.8;6.6
24;2021-04-15;2792;1103;91924;28053;22.5;6.9
24;2021-04-16;3266;975;95190;29028;23.3;7.1
24;2021-04-17;2273;501;97463;29529;23.9;7.2
24;2021-04-18;424;6;97887;29535;24.0;7.2
24;2021-04-19;1599;1011;99486;30546;24.4;7.5
24;2021-04-20;2269;1432;101755;31978;24.9;7.8
24;2021-04-21;2146;1443;103901;33421;25.4;8.2
24;2021-04-22;2061;1257;105962;34678;25.9;8.5
24;2021-04-23;1959;1334;107921;36012;26.4;8.8
24;2021-04-24;863;724;108784;36736;26.6;9.0
24;2021-04-25;54;4;108838;36740;26.7;9.0
24;2021-04-26;1296;1476;110134;38216;27.0;9.4
24;2021-04-27;1850;1879;111984;40095;27.4;9.8
24;2021-04-28;1507;1942;113491;42037;27.8;10.3
24;2021-04-29;1730;1883;115221;43920;28.2;10.8
24;2021-04-30;2272;1768;117493;45688;28.8;11.2
24;2021-05-01;2059;1061;119552;46749;29.3;11.4
24;2021-05-02;1924;217;121476;46966;29.7;11.5
24;2021-05-03;1474;1829;122950;48795;30.1;11.9
24;2021-05-04;2227;2295;125177;51090;30.7;12.5
24;2021-05-05;1891;2716;127068;53806;31.1;13.2
24;2021-05-06;1890;2794;128958;56600;31.6;13.9
24;2021-05-07;2266;2785;131224;59385;32.1;14.5
24;2021-05-08;1285;1150;132509;60535;32.4;14.8
24;2021-05-09;1169;903;133678;61438;32.7;15.0
24;2021-05-10;1098;2624;134776;64062;33.0;15.7
24;2021-05-11;2039;2782;136815;66844;33.5;16.4
24;2021-05-12;1923;2245;138738;69089;34.0;16.9
24;2021-05-13;1465;1214;140203;70303;34.3;17.2
24;2021-05-14;2378;1334;142581;71637;34.9;17.5
24;2021-05-15;2047;816;144628;72453;35.4;17.7
24;2021-05-16;1171;346;145799;72799;35.7;17.8
24;2021-05-17;2242;1250;148041;74049;36.2;18.1
24;2021-05-18;2485;1818;150526;75867;36.9;18.6
24;2021-05-19;2284;1377;152810;77244;37.4;18.9
24;2021-05-20;2375;1571;155185;78815;38.0;19.3
24;2021-05-21;2433;1415;157618;80230;38.6;19.6
24;2021-05-22;1719;409;159337;80639;39.0;19.7
24;2021-05-23;952;72;160289;80711;39.2;19.8
24;2021-05-24;1516;331;161805;81042;39.6;19.8
24;2021-05-25;2298;1383;164103;82425;40.2;20.2
24;2021-05-26;2149;1319;166252;83744;40.7;20.5
24;2021-05-27;1749;2193;168001;85937;41.1;21.0
24;2021-05-28;2145;1999;170146;87936;41.7;21.5
24;2021-05-29;1154;2083;171300;90019;41.9;22.0
24;2021-05-30;1418;169;172718;90188;42.3;22.1
24;2021-05-31;1744;1364;174462;91552;42.7;22.4
24;2021-06-01;2583;1978;177045;93530;43.4;22.9
24;2021-06-02;2654;1781;179699;95311;44.0;23.3
24;2021-06-03;2290;1458;181989;96769;44.6;23.7
24;2021-06-04;2381;1900;184370;98669;45.1;24.2
24;2021-06-05;2007;1413;186377;100082;45.6;24.5
24;2021-06-06;767;222;187144;100304;45.8;24.6
24;2021-06-07;1432;1496;188576;101800;46.2;24.9
24;2021-06-08;1678;1905;190254;103705;46.6;25.4
24;2021-06-09;1323;1596;191577;105301;46.9;25.8
24;2021-06-10;1577;1908;193154;107209;47.3;26.3
24;2021-06-11;1335;2077;194489;109286;47.6;26.8
24;2021-06-12;1120;2539;195609;111825;47.9;27.4
24;2021-06-13;1238;921;196847;112746;48.2;27.6
24;2021-06-14;1166;1858;198013;114604;48.5;28.1
24;2021-06-15;1487;2989;199500;117593;48.9;28.8
24;2021-06-16;1670;2732;201170;120325;49.3;29.5
24;2021-06-17;1544;2176;202714;122501;49.6;30.0
24;2021-06-18;1401;2859;204115;125360;50.0;30.7
24;2021-06-19;1274;1522;205389;126882;50.3;31.1
24;2021-06-20;514;501;205903;127383;50.4;31.2
24;2021-06-21;932;1834;206835;129217;50.6;31.6
24;2021-06-22;1452;2591;208287;131808;51.0;32.3
24;2021-06-23;1427;2419;209714;134227;51.4;32.9
24;2021-06-24;1138;1917;210852;136144;51.6;33.3
24;2021-06-25;968;2817;211820;138961;51.9;34.0
24;2021-06-26;866;2101;212686;141062;52.1;34.5
24;2021-06-27;402;979;213088;142041;52.2;34.8
24;2021-06-28;818;2482;213906;144523;52.4;35.4
24;2021-06-29;940;2868;214846;147391;52.6;36.1
24;2021-06-30;1113;2457;215959;149848;52.9;36.7
24;2021-07-01;1132;2303;217091;152151;53.2;37.3
24;2021-07-02;1099;2743;218190;154894;53.4;37.9
24;2021-07-03;811;1903;219001;156797;53.6;38.4
24;2021-07-04;410;1013;219411;157810;53.7;38.6
24;2021-07-05;795;2316;220206;160126;53.9;39.2
24;2021-07-06;879;3354;221085;163480;54.1;40.0
24;2021-07-07;1084;3043;222169;166523;54.4;40.8
24;2021-07-08;1342;2119;223511;168642;54.7;41.3
24;2021-07-09;1178;3218;224689;171860;55.0;42.1
24;2021-07-10;480;1962;225169;173822;55.1;42.6
24;2021-07-11;587;1189;225756;175011;55.3;42.9
24;2021-07-12;907;2518;226663;177529;55.5;43.5
24;2021-07-13;1324;3214;227987;180743;55.8;44.3
24;2021-07-14;619;1189;228606;181932;56.0;44.5
24;2021-07-15;1697;2776;230303;184708;56.4;45.2
24;2021-07-16;2148;2598;232451;187306;56.9;45.9
24;2021-07-17;1529;2236;233980;189542;57.3;46.4
24;2021-07-18;709;887;234689;190429;57.5;46.6
24;2021-07-19;1580;2188;236269;192617;57.9;47.2
24;2021-07-20;2020;2438;238289;195055;58.3;47.8
24;2021-07-21;1875;2329;240164;197384;58.8;48.3
24;2021-07-22;2351;2439;242515;199823;59.4;48.9
24;2021-07-23;2305;2623;244820;202446;59.9;49.6
24;2021-07-24;1808;1546;246628;203992;60.4;49.9
24;2021-07-25;816;874;247444;204866;60.6;50.2
24;2021-07-26;1573;2016;249017;206882;61.0;50.7
24;2021-07-27;2853;2290;251870;209172;61.7;51.2
24;2021-07-28;2764;1934;254634;211106;62.4;51.7
24;2021-07-29;3069;2238;257703;213344;63.1;52.2
24;2021-07-30;2467;1918;260170;215262;63.7;52.7
24;2021-07-31;1652;1563;261822;216825;64.1;53.1
24;2021-08-01;1118;655;262940;217480;64.4;53.3
24;2021-08-02;1945;1620;264885;219100;64.9;53.6
24;2021-08-03;2891;1907;267776;221007;65.6;54.1
24;2021-08-04;3080;1629;270856;222636;66.3;54.5
24;2021-08-05;3048;1437;273904;224073;67.1;54.9
24;2021-08-06;2536;1537;276440;225610;67.7;55.2
24;2021-08-07;1790;1118;278230;226728;68.1;55.5
24;2021-08-08;1106;685;279336;227413;68.4;55.7
24;2021-08-09;1741;1383;281077;228796;68.8;56.0
24;2021-08-10;2267;1784;283344;230580;69.4;56.5
24;2021-08-11;2278;1694;285622;232274;69.9;56.9
24;2021-08-12;1914;1958;287536;234232;70.4;57.4
24;2021-08-13;1531;1625;289067;235857;70.8;57.8
24;2021-08-14;1169;1242;290236;237099;71.1;58.1
24;2021-08-15;741;581;290977;237680;71.2;58.2
24;2021-08-16;1121;1704;292098;239384;71.5;58.6
24;2021-08-17;1630;2107;293728;241491;71.9;59.1
24;2021-08-18;1564;1921;295292;243412;72.3;59.6
24;2021-08-19;1126;2634;296418;246046;72.6;60.2
24;2021-08-20;1104;2427;297522;248473;72.9;60.8
24;2021-08-21;874;1631;298396;250104;73.1;61.2
24;2021-08-22;350;1102;298746;251206;73.2;61.5
24;2021-08-23;667;2037;299413;253243;73.3;62.0
24;2021-08-24;813;2394;300226;255637;73.5;62.6
24;2021-08-25;808;2319;301034;257956;73.7;63.2
24;2021-08-26;742;2839;301776;260795;73.9;63.9
24;2021-08-27;799;2760;302575;263555;74.1;64.5
24;2021-08-28;516;1911;303091;265466;74.2;65.0
24;2021-08-29;170;1029;303261;266495;74.3;65.3
24;2021-08-30;368;1966;303629;268461;74.3;65.7
24;2021-08-31;587;2489;304216;270950;74.5;66.3
24;2021-09-01;619;2476;304835;273426;74.6;67.0
24;2021-09-02;465;1900;305300;275326;74.8;67.4
24;2021-09-03;539;2233;305839;277559;74.9;68.0
24;2021-09-04;347;1995;306186;279554;75.0;68.5
24;2021-09-05;240;971;306426;280525;75.0;68.7
24;2021-09-06;344;1622;306770;282147;75.1;69.1
24;2021-09-07;477;1893;307247;284040;75.2;69.6
24;2021-09-08;397;1926;307644;285966;75.3;70.0
24;2021-09-09;334;1345;307978;287311;75.4;70.4
24;2021-09-10;374;1782;308352;289093;75.5;70.8
24;2021-09-11;310;1685;308662;290778;75.6;71.2
24;2021-09-12;92;433;308754;291211;75.6;71.3
24;2021-09-13;292;1231;309046;292442;75.7;71.6
24;2021-09-14;420;1131;309466;293573;75.8;71.9
25;2020-12-27;0;0;0;0;0.0;0.0
25;2020-12-28;1;0;1;0;0.0;0.0
25;2020-12-29;0;0;1;0;0.0;0.0
25;2020-12-30;0;0;1;0;0.0;0.0
25;2020-12-31;3;0;4;0;0.0;0.0
25;2021-01-01;0;0;4;0;0.0;0.0
25;2021-01-02;1;0;5;0;0.0;0.0
25;2021-01-03;0;0;5;0;0.0;0.0
25;2021-01-04;1;0;6;0;0.0;0.0
25;2021-01-05;1;0;7;0;0.0;0.0
25;2021-01-06;75;1;82;1;0.0;0.0
25;2021-01-07;236;1;318;2;0.1;0.0
25;2021-01-08;345;1;663;3;0.1;0.0
25;2021-01-09;102;0;765;3;0.1;0.0
25;2021-01-10;0;0;765;3;0.1;0.0
25;2021-01-11;503;5;1268;8;0.2;0.0
25;2021-01-12;683;2;1951;10;0.4;0.0
25;2021-01-13;627;2;2578;12;0.5;0.0
25;2021-01-14;898;12;3476;24;0.6;0.0
25;2021-01-15;786;9;4262;33;0.8;0.0
25;2021-01-16;206;0;4468;33;0.8;0.0
25;2021-01-17;112;0;4580;33;0.8;0.0
25;2021-01-18;1297;6;5877;39;1.1;0.0
25;2021-01-19;1412;5;7289;44;1.4;0.0
25;2021-01-20;1422;4;8711;48;1.6;0.0
25;2021-01-21;1842;3;10553;51;2.0;0.0
25;2021-01-22;1509;4;12062;55;2.2;0.0
25;2021-01-23;499;0;12561;55;2.3;0.0
25;2021-01-24;119;0;12680;55;2.4;0.0
25;2021-01-25;991;0;13671;55;2.5;0.0
25;2021-01-26;1487;41;15158;96;2.8;0.0
25;2021-01-27;1248;67;16406;163;3.0;0.0
25;2021-01-28;1090;74;17496;237;3.2;0.0
25;2021-01-29;906;199;18402;436;3.4;0.1
25;2021-01-30;293;82;18695;518;3.5;0.1
25;2021-01-31;2;0;18697;518;3.5;0.1
25;2021-02-01;612;201;19309;719;3.6;0.1
25;2021-02-02;674;363;19983;1082;3.7;0.2
25;2021-02-03;758;214;20741;1296;3.8;0.2
25;2021-02-04;715;365;21456;1661;4.0;0.3
25;2021-02-05;520;425;21976;2086;4.1;0.4
25;2021-02-06;197;138;22173;2224;4.1;0.4
25;2021-02-07;2;34;22175;2258;4.1;0.4
25;2021-02-08;612;455;22787;2713;4.2;0.5
25;2021-02-09;615;422;23402;3135;4.3;0.6
25;2021-02-10;818;415;24220;3550;4.5;0.7
25;2021-02-11;589;735;24809;4285;4.6;0.8
25;2021-02-12;413;465;25222;4750;4.7;0.9
25;2021-02-13;97;113;25319;4863;4.7;0.9
25;2021-02-14;0;0;25319;4863;4.7;0.9
25;2021-02-15;186;812;25505;5675;4.7;1.1
25;2021-02-16;213;1177;25718;6852;4.8;1.3
25;2021-02-17;108;1028;25826;7880;4.8;1.5
25;2021-02-18;147;1139;25973;9019;4.8;1.7
25;2021-02-19;102;999;26075;10018;4.8;1.9
25;2021-02-20;27;364;26102;10382;4.8;1.9
25;2021-02-21;1;102;26103;10484;4.8;1.9
25;2021-02-22;83;875;26186;11359;4.9;2.1
25;2021-02-23;195;865;26381;12224;4.9;2.3
25;2021-02-24;104;804;26485;13028;4.9;2.4
25;2021-02-25;522;798;27007;13826;5.0;2.6
25;2021-02-26;607;816;27614;14642;5.1;2.7
25;2021-02-27;228;313;27842;14955;5.2;2.8
25;2021-02-28;5;1;27847;14956;5.2;2.8
25;2021-03-01;443;532;28290;15488;5.2;2.9
25;2021-03-02;654;710;28944;16198;5.4;3.0
25;2021-03-03;542;656;29486;16854;5.5;3.1
25;2021-03-04;1157;600;30643;17454;5.7;3.2
25;2021-03-05;1855;347;32498;17801;6.0;3.3
25;2021-03-06;1170;208;33668;18009;6.2;3.3
25;2021-03-07;9;7;33677;18016;6.2;3.3
25;2021-03-08;548;632;34225;18648;6.3;3.5
25;2021-03-09;1040;712;35265;19360;6.5;3.6
25;2021-03-10;1151;596;36416;19956;6.8;3.7
25;2021-03-11;1658;546;38074;20502;7.1;3.8
25;2021-03-12;1996;439;40070;20941;7.4;3.9
25;2021-03-13;1120;97;41190;21038;7.6;3.9
25;2021-03-14;35;0;41225;21038;7.6;3.9
25;2021-03-15;1126;138;42351;21176;7.9;3.9
25;2021-03-16;1287;119;43638;21295;8.1;3.9
25;2021-03-17;1414;137;45052;21432;8.4;4.0
25;2021-03-18;1529;85;46581;21517;8.6;4.0
25;2021-03-19;1595;126;48176;21643;8.9;4.0
25;2021-03-20;822;38;48998;21681;9.1;4.0
25;2021-03-21;24;0;49022;21681;9.1;4.0
25;2021-03-22;1485;85;50507;21766;9.4;4.0
25;2021-03-23;2162;145;52669;21911;9.8;4.1
25;2021-03-24;2419;96;55088;22007;10.2;4.1
25;2021-03-25;2838;194;57926;22201;10.7;4.1
25;2021-03-26;3160;182;61086;22383;11.3;4.1
25;2021-03-27;1111;89;62197;22472;11.5;4.2
25;2021-03-28;121;64;62318;22536;11.6;4.2
25;2021-03-29;1789;276;64107;22812;11.9;4.2
25;2021-03-30;2214;392;66321;23204;12.3;4.3
25;2021-03-31;2221;359;68542;23563;12.7;4.4
25;2021-04-01;2450;522;70992;24085;13.2;4.5
25;2021-04-02;2027;600;73019;24685;13.5;4.6
25;2021-04-03;447;110;73466;24795;13.6;4.6
25;2021-04-04;39;19;73505;24814;13.6;4.6
25;2021-04-05;145;4;73650;24818;13.7;4.6
25;2021-04-06;1937;685;75587;25503;14.0;4.7
25;2021-04-07;1878;847;77465;26350;14.4;4.9
25;2021-04-08;2435;822;79900;27172;14.8;5.0
25;2021-04-09;2597;997;82497;28169;15.3;5.2
25;2021-04-10;978;288;83475;28457;15.5;5.3
25;2021-04-11;105;28;83580;28485;15.5;5.3
25;2021-04-12;1558;966;85138;29451;15.8;5.5
25;2021-04-13;1989;1320;87127;30771;16.2;5.7
25;2021-04-14;1750;1214;88877;31985;16.5;5.9
25;2021-04-15;1998;1327;90875;33312;16.8;6.2
25;2021-04-16;2084;1006;92959;34318;17.2;6.4
25;2021-04-17;1105;414;94064;34732;17.4;6.4
25;2021-04-18;118;18;94182;34750;17.5;6.4
25;2021-04-19;1327;1243;95509;35993;17.7;6.7
25;2021-04-20;1615;1462;97124;37455;18.0;6.9
25;2021-04-21;1717;1629;98841;39084;18.3;7.2
25;2021-04-22;1858;1709;100699;40793;18.7;7.6
25;2021-04-23;1903;1769;102602;42562;19.0;7.9
25;2021-04-24;1279;703;103881;43265;19.3;8.0
25;2021-04-25;140;114;104021;43379;19.3;8.0
25;2021-04-26;1722;1685;105743;45064;19.6;8.4
25;2021-04-27;2804;1521;108547;46585;20.1;8.6
25;2021-04-28;2426;1553;110973;48138;20.6;8.9
25;2021-04-29;2649;1823;113622;49961;21.1;9.3
25;2021-04-30;3109;1560;116731;51521;21.6;9.6
25;2021-05-01;1789;334;118520;51855;22.0;9.6
25;2021-05-02;442;22;118962;51877;22.1;9.6
25;2021-05-03;2902;845;121864;52722;22.6;9.8
25;2021-05-04;2640;1883;124504;54605;23.1;10.1
25;2021-05-05;2598;1666;127102;56271;23.6;10.4
25;2021-05-06;2927;2163;130029;58434;24.1;10.8
25;2021-05-07;3063;2116;133092;60550;24.7;11.2
25;2021-05-08;1334;229;134426;60779;24.9;11.3
25;2021-05-09;244;87;134670;60866;25.0;11.3
25;2021-05-10;3130;1635;137800;62501;25.5;11.6
25;2021-05-11;3748;2037;141548;64538;26.2;12.0
25;2021-05-12;3688;1788;145236;66326;26.9;12.3
25;2021-05-13;3523;598;148759;66924;27.6;12.4
25;2021-05-14;4484;1305;153243;68229;28.4;12.6
25;2021-05-15;3283;710;156526;68939;29.0;12.8
25;2021-05-16;723;93;157249;69032;29.1;12.8
25;2021-05-17;4090;1096;161339;70128;29.9;13.0
25;2021-05-18;5204;1194;166543;71322;30.9;13.2
25;2021-05-19;5248;1133;171791;72455;31.8;13.4
25;2021-05-20;5135;1451;176926;73906;32.8;13.7
25;2021-05-21;5764;1981;182690;75887;33.9;14.1
25;2021-05-22;3177;722;185867;76609;34.5;14.2
25;2021-05-23;781;156;186648;76765;34.6;14.2
25;2021-05-24;1529;152;188177;76917;34.9;14.3
25;2021-05-25;3516;1648;191693;78565;35.5;14.6
25;2021-05-26;3977;1556;195670;80121;36.3;14.9
25;2021-05-27;4519;1897;200189;82018;37.1;15.2
25;2021-05-28;3994;2650;204183;84668;37.9;15.7
25;2021-05-29;2016;1021;206199;85689;38.2;15.9
25;2021-05-30;175;96;206374;85785;38.3;15.9
25;2021-05-31;2673;1705;209047;87490;38.8;16.2
25;2021-06-01;2729;2155;211776;89645;39.3;16.6
25;2021-06-02;2609;2247;214385;91892;39.7;17.0
25;2021-06-03;3274;2044;217659;93936;40.3;17.4
25;2021-06-04;3210;2407;220869;96343;40.9;17.9
25;2021-06-05;1492;1401;222361;97744;41.2;18.1
25;2021-06-06;987;259;223348;98003;41.4;18.2
25;2021-06-07;2782;2575;226130;100578;41.9;18.6
25;2021-06-08;2605;2760;228735;103338;42.4;19.2
25;2021-06-09;2382;2765;231117;106103;42.8;19.7
25;2021-06-10;2324;2654;233441;108757;43.3;20.2
25;2021-06-11;2709;3303;236150;112060;43.8;20.8
25;2021-06-12;1572;1855;237722;113915;44.1;21.1
25;2021-06-13;496;257;238218;114172;44.2;21.2
25;2021-06-14;1422;3754;239640;117926;44.4;21.9
25;2021-06-15;1644;3567;241284;121493;44.7;22.5
25;2021-06-16;1954;3273;243238;124766;45.1;23.1
25;2021-06-17;1474;3321;244712;128087;45.4;23.7
25;2021-06-18;2289;4298;247001;132385;45.8;24.5
25;2021-06-19;1351;1976;248352;134361;46.0;24.9
25;2021-06-20;59;239;248411;134600;46.0;25.0
25;2021-06-21;1139;4139;249550;138739;46.3;25.7
25;2021-06-22;1150;4674;250700;143413;46.5;26.6
25;2021-06-23;1406;4073;252106;147486;46.7;27.3
25;2021-06-24;1194;4085;253300;151571;47.0;28.1
25;2021-06-25;1641;5604;254941;157175;47.3;29.1
25;2021-06-26;626;3384;255567;160559;47.4;29.8
25;2021-06-27;451;878;256018;161437;47.5;29.9
25;2021-06-28;907;4475;256925;165912;47.6;30.8
25;2021-06-29;1132;5471;258057;171383;47.8;31.8
25;2021-06-30;1311;5370;259368;176753;48.1;32.8
25;2021-07-01;1709;5231;261077;181984;48.4;33.7
25;2021-07-02;1751;5061;262828;187045;48.7;34.7
25;2021-07-03;1042;2694;263870;189739;48.9;35.2
25;2021-07-04;409;722;264279;190461;49.0;35.3
25;2021-07-05;1300;2579;265579;193040;49.2;35.8
25;2021-07-06;1571;4745;267150;197785;49.5;36.7
25;2021-07-07;1600;4504;268750;202289;49.8;37.5
25;2021-07-08;1557;3933;270307;206222;50.1;38.2
25;2021-07-09;1800;4588;272107;210810;50.4;39.1
25;2021-07-10;781;2372;272888;213182;50.6;39.5
25;2021-07-11;127;307;273015;213489;50.6;39.6
25;2021-07-12;1405;3860;274420;217349;50.9;40.3
25;2021-07-13;2473;4768;276893;222117;51.3;41.2
25;2021-07-14;379;561;277272;222678;51.4;41.3
25;2021-07-15;2403;3655;279675;226333;51.8;42.0
25;2021-07-16;3486;3833;283161;230166;52.5;42.7
25;2021-07-17;2208;2040;285369;232206;52.9;43.0
25;2021-07-18;807;1299;286176;233505;53.0;43.3
25;2021-07-19;2545;4209;288721;237714;53.5;44.1
25;2021-07-20;3383;3714;292104;241428;54.1;44.8
25;2021-07-21;3301;3367;295405;244795;54.8;45.4
25;2021-07-22;3350;2984;298755;247779;55.4;45.9
25;2021-07-23;3567;3354;302322;251133;56.0;46.6
25;2021-07-24;1414;2271;303736;253404;56.3;47.0
25;2021-07-25;679;709;304415;254113;56.4;47.1
25;2021-07-26;3057;3009;307472;257122;57.0;47.7
25;2021-07-27;3837;2126;311309;259248;57.7;48.1
25;2021-07-28;3694;2120;315003;261368;58.4;48.5
25;2021-07-29;4320;2092;319323;263460;59.2;48.8
25;2021-07-30;4294;2488;323617;265948;60.0;49.3
25;2021-07-31;1821;1469;325438;267417;60.3;49.6
25;2021-08-01;1352;199;326790;267616;60.6;49.6
25;2021-08-02;2737;2210;329527;269826;61.1;50.0
25;2021-08-03;2843;2206;332370;272032;61.6;50.4
25;2021-08-04;2939;1430;335309;273462;62.2;50.7
25;2021-08-05;2199;1732;337508;275194;62.6;51.0
25;2021-08-06;2282;2349;339790;277543;63.0;51.4
25;2021-08-07;1294;1206;341084;278749;63.2;51.7
25;2021-08-08;326;477;341410;279226;63.3;51.8
25;2021-08-09;2025;2229;343435;281455;63.7;52.2
25;2021-08-10;1970;2521;345405;283976;64.0;52.6
25;2021-08-11;1832;2034;347237;286010;64.4;53.0
25;2021-08-12;2145;2502;349382;288512;64.8;53.5
25;2021-08-13;1704;2023;351086;290535;65.1;53.9
25;2021-08-14;970;1788;352056;292323;65.3;54.2
25;2021-08-15;9;45;352065;292368;65.3;54.2
25;2021-08-16;1259;3261;353324;295629;65.5;54.8
25;2021-08-17;1457;3285;354781;298914;65.8;55.4
25;2021-08-18;1232;2802;356013;301716;66.0;55.9
25;2021-08-19;986;2868;356999;304584;66.2;56.5
25;2021-08-20;1423;3691;358422;308275;66.4;57.1
25;2021-08-21;566;1782;358988;310057;66.5;57.5
25;2021-08-22;212;1273;359200;311330;66.6;57.7
25;2021-08-23;1102;3333;360302;314663;66.8;58.3
25;2021-08-24;1066;3232;361368;317895;67.0;58.9
25;2021-08-25;1017;3059;362385;320954;67.2;59.5
25;2021-08-26;1135;3005;363520;323959;67.4;60.1
25;2021-08-27;1197;3063;364717;327022;67.6;60.6
25;2021-08-28;589;1787;365306;328809;67.7;61.0
25;2021-08-29;158;511;365464;329320;67.7;61.0
25;2021-08-30;935;2822;366399;332142;67.9;61.6
25;2021-08-31;963;2417;367362;334559;68.1;62.0
25;2021-09-01;837;2573;368199;337132;68.3;62.5
25;2021-09-02;767;1948;368966;339080;68.4;62.9
25;2021-09-03;793;2216;369759;341296;68.5;63.3
25;2021-09-04;686;1551;370445;342847;68.7;63.6
25;2021-09-05;127;234;370572;343081;68.7;63.6
25;2021-09-06;622;1843;371194;344924;68.8;63.9
25;2021-09-07;489;1412;371683;346336;68.9;64.2
25;2021-09-08;621;1997;372304;348333;69.0;64.6
25;2021-09-09;424;1363;372728;349696;69.1;64.8
25;2021-09-10;839;2061;373567;351757;69.2;65.2
25;2021-09-11;372;1144;373939;352901;69.3;65.4
25;2021-09-12;110;230;374049;353131;69.3;65.5
25;2021-09-13;721;1337;374770;354468;69.5;65.7
25;2021-09-14;605;1311;375375;355779;69.6;66.0
26;2020-12-27;0;0;0;0;0.0;0.0
26;2020-12-28;0;0;0;0;0.0;0.0
26;2020-12-29;0;0;0;0;0.0;0.0
26;2020-12-30;0;0;0;0;0.0;0.0
26;2020-12-31;0;0;0;0;0.0;0.0
26;2021-01-01;1;0;1;0;0.0;0.0
26;2021-01-02;0;0;1;0;0.0;0.0
26;2021-01-03;0;0;1;0;0.0;0.0
26;2021-01-04;0;0;1;0;0.0;0.0
26;2021-01-05;0;0;1;0;0.0;0.0
26;2021-01-06;0;0;1;0;0.0;0.0
26;2021-01-07;168;0;169;0;0.0;0.0
26;2021-01-08;125;0;294;0;0.1;0.0
26;2021-01-09;2;0;296;0;0.1;0.0
26;2021-01-10;0;0;296;0;0.1;0.0
26;2021-01-11;266;1;562;1;0.1;0.0
26;2021-01-12;176;1;738;2;0.1;0.0
26;2021-01-13;417;1;1155;3;0.2;0.0
26;2021-01-14;489;0;1644;3;0.3;0.0
26;2021-01-15;563;1;2207;4;0.4;0.0
26;2021-01-16;250;1;2457;5;0.5;0.0
26;2021-01-17;0;0;2457;5;0.5;0.0
26;2021-01-18;637;1;3094;6;0.6;0.0
26;2021-01-19;785;2;3879;8;0.7;0.0
26;2021-01-20;742;0;4621;8;0.9;0.0
26;2021-01-21;807;2;5428;10;1.0;0.0
26;2021-01-22;787;4;6215;14;1.2;0.0
26;2021-01-23;563;3;6778;17;1.3;0.0
26;2021-01-24;24;0;6802;17;1.3;0.0
26;2021-01-25;697;3;7499;20;1.4;0.0
26;2021-01-26;801;4;8300;24;1.6;0.0
26;2021-01-27;822;6;9122;30;1.8;0.0
26;2021-01-28;1330;104;10452;134;2.0;0.0
26;2021-01-29;970;63;11422;197;2.2;0.0
26;2021-01-30;606;5;12028;202;2.3;0.0
26;2021-01-31;24;0;12052;202;2.3;0.0
26;2021-02-01;709;175;12761;377;2.5;0.1
26;2021-02-02;1275;199;14036;576;2.7;0.1
26;2021-02-03;1260;245;15296;821;2.9;0.2
26;2021-02-04;986;395;16282;1216;3.1;0.2
26;2021-02-05;673;291;16955;1507;3.3;0.3
26;2021-02-06;407;170;17362;1677;3.3;0.3
26;2021-02-07;57;2;17419;1679;3.3;0.3
26;2021-02-08;545;351;17964;2030;3.5;0.4
26;2021-02-09;616;405;18580;2435;3.6;0.5
26;2021-02-10;665;288;19245;2723;3.7;0.5
26;2021-02-11;753;252;19998;2975;3.8;0.6
26;2021-02-12;591;387;20589;3362;4.0;0.6
26;2021-02-13;388;237;20977;3599;4.0;0.7
26;2021-02-14;36;0;21013;3599;4.0;0.7
26;2021-02-15;414;397;21427;3996;4.1;0.8
26;2021-02-16;294;437;21721;4433;4.2;0.9
26;2021-02-17;196;578;21917;5011;4.2;1.0
26;2021-02-18;337;755;22254;5766;4.3;1.1
26;2021-02-19;341;690;22595;6456;4.3;1.2
26;2021-02-20;95;371;22690;6827;4.4;1.3
26;2021-02-21;3;17;22693;6844;4.4;1.3
26;2021-02-22;144;530;22837;7374;4.4;1.4
26;2021-02-23;398;879;23235;8253;4.5;1.6
26;2021-02-24;345;1082;23580;9335;4.5;1.8
26;2021-02-25;742;913;24322;10248;4.7;2.0
26;2021-02-26;926;530;25248;10778;4.9;2.1
26;2021-02-27;278;416;25526;11194;4.9;2.2
26;2021-02-28;3;28;25529;11222;4.9;2.2
26;2021-03-01;458;565;25987;11787;5.0;2.3
26;2021-03-02;742;535;26729;12322;5.1;2.4
26;2021-03-03;730;603;27459;12925;5.3;2.5
26;2021-03-04;1046;504;28505;13429;5.5;2.6
26;2021-03-05;1710;473;30215;13902;5.8;2.7
26;2021-03-06;2773;426;32988;14328;6.3;2.8
26;2021-03-07;2989;217;35977;14545;6.9;2.8
26;2021-03-08;910;581;36887;15126;7.1;2.9
26;2021-03-09;1325;500;38212;15626;7.3;3.0
26;2021-03-10;1219;470;39431;16096;7.6;3.1
26;2021-03-11;1609;613;41040;16709;7.9;3.2
26;2021-03-12;2215;456;43255;17165;8.3;3.3
26;2021-03-13;1886;315;45141;17480;8.7;3.4
26;2021-03-14;69;39;45210;17519;8.7;3.4
26;2021-03-15;1652;244;46862;17763;9.0;3.4
26;2021-03-16;1233;510;48095;18273;9.2;3.5
26;2021-03-17;1369;295;49464;18568;9.5;3.6
26;2021-03-18;1587;274;51051;18842;9.8;3.6
26;2021-03-19;2444;342;53495;19184;10.3;3.7
26;2021-03-20;1289;151;54784;19335;10.5;3.7
26;2021-03-21;61;20;54845;19355;10.5;3.7
26;2021-03-22;1847;195;56692;19550;10.9;3.8
26;2021-03-23;2474;275;59166;19825;11.4;3.8
26;2021-03-24;2552;245;61718;20070;11.9;3.9
26;2021-03-25;3044;339;64762;20409;12.4;3.9
26;2021-03-26;3050;355;67812;20764;13.0;4.0
26;2021-03-27;1245;161;69057;20925;13.3;4.0
26;2021-03-28;94;7;69151;20932;13.3;4.0
26;2021-03-29;1908;405;71059;21337;13.7;4.1
26;2021-03-30;2383;548;73442;21885;14.1;4.2
26;2021-03-31;2229;582;75671;22467;14.5;4.3
26;2021-04-01;2278;779;77949;23246;15.0;4.5
26;2021-04-02;2214;987;80163;24233;15.4;4.7
26;2021-04-03;552;1198;80715;25431;15.5;4.9
26;2021-04-04;215;883;80930;26314;15.5;5.1
26;2021-04-05;556;53;81486;26367;15.7;5.1
26;2021-04-06;1486;833;82972;27200;15.9;5.2
26;2021-04-07;1792;894;84764;28094;16.3;5.4
26;2021-04-08;3007;936;87771;29030;16.9;5.6
26;2021-04-09;3416;1007;91187;30037;17.5;5.8
26;2021-04-10;1356;924;92543;30961;17.8;5.9
26;2021-04-11;88;35;92631;30996;17.8;6.0
26;2021-04-12;1714;1125;94345;32121;18.1;6.2
26;2021-04-13;2797;1450;97142;33571;18.7;6.4
26;2021-04-14;2207;1482;99349;35053;19.1;6.7
26;2021-04-15;2282;1588;101631;36641;19.5;7.0
26;2021-04-16;2271;1588;103902;38229;20.0;7.3
26;2021-04-17;1096;841;104998;39070;20.2;7.5
26;2021-04-18;36;52;105034;39122;20.2;7.5
26;2021-04-19;1547;1570;106581;40692;20.5;7.8
26;2021-04-20;1799;1723;108380;42415;20.8;8.1
26;2021-04-21;2012;1507;110392;43922;21.2;8.4
26;2021-04-22;2291;1599;112683;45521;21.6;8.7
26;2021-04-23;2011;1636;114694;47157;22.0;9.1
26;2021-04-24;1655;844;116349;48001;22.4;9.2
26;2021-04-25;629;97;116978;48098;22.5;9.2
26;2021-04-26;1377;1595;118355;49693;22.7;9.5
26;2021-04-27;1986;1683;120341;51376;23.1;9.9
26;2021-04-28;1867;1541;122208;52917;23.5;10.2
26;2021-04-29;2866;1891;125074;54808;24.0;10.5
26;2021-04-30;2627;1762;127701;56570;24.5;10.9
26;2021-05-01;1538;378;129239;56948;24.8;10.9
26;2021-05-02;1086;118;130325;57066;25.0;11.0
26;2021-05-03;2200;1786;132525;58852;25.5;11.3
26;2021-05-04;2614;2358;135139;61210;26.0;11.8
26;2021-05-05;2772;2196;137911;63406;26.5;12.2
26;2021-05-06;3321;2223;141232;65629;27.1;12.6
26;2021-05-07;2861;2254;144093;67883;27.7;13.0
26;2021-05-08;1960;619;146053;68502;28.1;13.2
26;2021-05-09;713;123;146766;68625;28.2;13.2
26;2021-05-10;3023;1827;149789;70452;28.8;13.5
26;2021-05-11;4446;2182;154235;72634;29.6;14.0
26;2021-05-12;4828;1694;159063;74328;30.6;14.3
26;2021-05-13;4363;616;163426;74944;31.4;14.4
26;2021-05-14;4642;1549;168068;76493;32.3;14.7
26;2021-05-15;4469;625;172537;77118;33.1;14.8
26;2021-05-16;3630;343;176167;77461;33.8;14.9
26;2021-05-17;3657;1486;179824;78947;34.5;15.2
26;2021-05-18;4477;1742;184301;80689;35.4;15.5
26;2021-05-19;4487;1451;188788;82140;36.3;15.8
26;2021-05-20;4686;1764;193474;83904;37.2;16.1
26;2021-05-21;4731;1799;198205;85703;38.1;16.5
26;2021-05-22;3189;690;201394;86393;38.7;16.6
26;2021-05-23;1598;183;202992;86576;39.0;16.6
26;2021-05-24;3791;743;206783;87319;39.7;16.8
26;2021-05-25;3593;2345;210376;89664;40.4;17.2
26;2021-05-26;4179;2271;214555;91935;41.2;17.7
26;2021-05-27;4215;2460;218770;94395;42.0;18.1
26;2021-05-28;3777;2766;222547;97161;42.8;18.7
26;2021-05-29;3088;1654;225635;98815;43.3;19.0
26;2021-05-30;322;70;225957;98885;43.4;19.0
26;2021-05-31;3081;1854;229038;100739;44.0;19.4
26;2021-06-01;3111;2307;232149;103046;44.6;19.8
26;2021-06-02;2871;2219;235020;105265;45.1;20.2
26;2021-06-03;2851;2489;237871;107754;45.7;20.7
26;2021-06-04;2660;2908;240531;110662;46.2;21.3
26;2021-06-05;1805;1694;242336;112356;46.6;21.6
26;2021-06-06;9;0;242345;112356;46.6;21.6
26;2021-06-07;2348;2430;244693;114786;47.0;22.1
26;2021-06-08;2453;2293;247146;117079;47.5;22.5
26;2021-06-09;2095;2387;249241;119466;47.9;22.9
26;2021-06-10;1981;2762;251222;122228;48.3;23.5
26;2021-06-11;1896;3274;253118;125502;48.6;24.1
26;2021-06-12;1219;1790;254337;127292;48.9;24.5
26;2021-06-13;97;214;254434;127506;48.9;24.5
26;2021-06-14;1417;3498;255851;131004;49.1;25.2
26;2021-06-15;1585;3964;257436;134968;49.5;25.9
26;2021-06-16;1785;3470;259221;138438;49.8;26.6
26;2021-06-17;1509;3166;260730;141604;50.1;27.2
26;2021-06-18;1797;4369;262527;145973;50.4;28.0
26;2021-06-19;933;3178;263460;149151;50.6;28.7
26;2021-06-20;264;876;263724;150027;50.7;28.8
26;2021-06-21;1005;4557;264729;154584;50.9;29.7
26;2021-06-22;1061;5120;265790;159704;51.1;30.7
26;2021-06-23;1167;5072;266957;164776;51.3;31.7
26;2021-06-24;1259;4543;268216;169319;51.5;32.5
26;2021-06-25;1014;5541;269230;174860;51.7;33.6
26;2021-06-26;662;3824;269892;178684;51.8;34.3
26;2021-06-27;300;1273;270192;179957;51.9;34.6
26;2021-06-28;778;4757;270970;184714;52.1;35.5
26;2021-06-29;1098;4959;272068;189673;52.3;36.4
26;2021-06-30;1413;4893;273481;194566;52.5;37.4
26;2021-07-01;1651;4391;275132;198957;52.9;38.2
26;2021-07-02;1334;5164;276466;204121;53.1;39.2
26;2021-07-03;771;3322;277237;207443;53.3;39.8
26;2021-07-04;332;633;277569;208076;53.3;40.0
26;2021-07-05;889;4677;278458;212753;53.5;40.9
26;2021-07-06;1266;4200;279724;216953;53.7;41.7
26;2021-07-07;1442;3796;281166;220749;54.0;42.4
26;2021-07-08;2388;3332;283554;224081;54.5;43.0
26;2021-07-09;1559;4787;285113;228868;54.8;44.0
26;2021-07-10;910;2914;286023;231782;54.9;44.5
26;2021-07-11;333;348;286356;232130;55.0;44.6
26;2021-07-12;1113;4219;287469;236349;55.2;45.4
26;2021-07-13;2303;4344;289772;240693;55.7;46.2
26;2021-07-14;1060;813;290832;241506;55.9;46.4
26;2021-07-15;3169;3654;294001;245160;56.5;47.1
26;2021-07-16;3004;3690;297005;248850;57.1;47.8
26;2021-07-17;1877;1814;298882;250664;57.4;48.2
26;2021-07-18;20;24;298902;250688;57.4;48.2
26;2021-07-19;2727;3265;301629;253953;57.9;48.8
26;2021-07-20;3706;3371;305335;257324;58.7;49.4
26;2021-07-21;3589;3086;308924;260410;59.3;50.0
26;2021-07-22;4122;2969;313046;263379;60.1;50.6
26;2021-07-23;3862;3401;316908;266780;60.9;51.2
26;2021-07-24;2344;1363;319252;268143;61.3;51.5
26;2021-07-25;608;97;319860;268240;61.4;51.5
26;2021-07-26;3428;2581;323288;270821;62.1;52.0
26;2021-07-27;4845;2619;328133;273440;63.0;52.5
26;2021-07-28;4536;2390;332669;275830;63.9;53.0
26;2021-07-29;3907;2897;336576;278727;64.7;53.5
26;2021-07-30;3487;2668;340063;281395;65.3;54.1
26;2021-07-31;1144;1008;341207;282403;65.5;54.2
26;2021-08-01;418;108;341625;282511;65.6;54.3
26;2021-08-02;2949;2362;344574;284873;66.2;54.7
26;2021-08-03;3297;2295;347871;287168;66.8;55.2
26;2021-08-04;3996;2015;351867;289183;67.6;55.6
26;2021-08-05;3147;2203;355014;291386;68.2;56.0
26;2021-08-06;3140;2639;358154;294025;68.8;56.5
26;2021-08-07;640;844;358794;294869;68.9;56.6
26;2021-08-08;29;13;358823;294882;68.9;56.6
26;2021-08-09;2190;3062;361013;297944;69.4;57.2
26;2021-08-10;2340;3046;363353;300990;69.8;57.8
26;2021-08-11;2079;2717;365432;303707;70.2;58.3
26;2021-08-12;1773;2587;367205;306294;70.5;58.8
26;2021-08-13;1740;2424;368945;308718;70.9;59.3
26;2021-08-14;272;872;369217;309590;70.9;59.5
26;2021-08-15;6;8;369223;309598;70.9;59.5
26;2021-08-16;1186;3290;370409;312888;71.2;60.1
26;2021-08-17;1516;3152;371925;316040;71.4;60.7
26;2021-08-18;1632;3376;373557;319416;71.8;61.4
26;2021-08-19;1555;3071;375112;322487;72.1;62.0
26;2021-08-20;1441;2979;376553;325466;72.3;62.5
26;2021-08-21;598;1090;377151;326556;72.5;62.7
26;2021-08-22;59;379;377210;326935;72.5;62.8
26;2021-08-23;1595;3621;378805;330556;72.8;63.5
26;2021-08-24;1731;3592;380536;334148;73.1;64.2
26;2021-08-25;1603;3660;382139;337808;73.4;64.9
26;2021-08-26;1485;3156;383624;340964;73.7;65.5
26;2021-08-27;1557;3605;385181;344569;74.0;66.2
26;2021-08-28;395;1101;385576;345670;74.1;66.4
26;2021-08-29;10;25;385586;345695;74.1;66.4
26;2021-08-30;1460;3439;387046;349134;74.4;67.1
26;2021-08-31;1280;3429;388326;352563;74.6;67.7
26;2021-09-01;1367;2812;389693;355375;74.9;68.3
26;2021-09-02;1112;2150;390805;357525;75.1;68.7
26;2021-09-03;1102;2752;391907;360277;75.3;69.2
26;2021-09-04;426;738;392333;361015;75.4;69.4
26;2021-09-05;25;24;392358;361039;75.4;69.4
26;2021-09-06;723;1778;393081;362817;75.5;69.7
26;2021-09-07;753;1692;393834;364509;75.7;70.0
26;2021-09-08;845;1925;394679;366434;75.8;70.4
26;2021-09-09;504;1607;395183;368041;75.9;70.7
26;2021-09-10;831;2054;396014;370095;76.1;71.1
26;2021-09-11;303;799;396317;370894;76.1;71.2
26;2021-09-12;1;5;396318;370899;76.1;71.2
26;2021-09-13;537;1726;396855;372625;76.2;71.6
26;2021-09-14;711;1687;397566;374312;76.4;71.9
27;2020-12-27;1;0;1;0;0.0;0.0
27;2020-12-28;1;0;2;0;0.0;0.0
27;2020-12-29;2;0;4;0;0.0;0.0
27;2020-12-30;0;0;4;0;0.0;0.0
27;2020-12-31;0;0;4;0;0.0;0.0
27;2021-01-01;0;0;4;0;0.0;0.0
27;2021-01-02;0;0;4;0;0.0;0.0
27;2021-01-03;2;0;6;0;0.0;0.0
27;2021-01-04;0;0;6;0;0.0;0.0
27;2021-01-05;15;0;21;0;0.0;0.0
27;2021-01-06;161;0;182;0;0.0;0.0
27;2021-01-07;372;1;554;1;0.1;0.0
27;2021-01-08;443;0;997;1;0.2;0.0
27;2021-01-09;72;1;1069;2;0.2;0.0
27;2021-01-10;100;0;1169;2;0.2;0.0
27;2021-01-11;383;0;1552;2;0.3;0.0
27;2021-01-12;409;2;1961;4;0.3;0.0
27;2021-01-13;840;1;2801;5;0.5;0.0
27;2021-01-14;1630;24;4431;29;0.7;0.0
27;2021-01-15;1222;3;5653;32;0.9;0.0
27;2021-01-16;333;1;5986;33;1.0;0.0
27;2021-01-17;205;0;6191;33;1.0;0.0
27;2021-01-18;799;2;6990;35;1.2;0.0
27;2021-01-19;773;3;7763;38;1.3;0.0
27;2021-01-20;871;1;8634;39;1.4;0.0
27;2021-01-21;654;4;9288;43;1.5;0.0
27;2021-01-22;780;4;10068;47;1.7;0.0
27;2021-01-23;350;0;10418;47;1.7;0.0
27;2021-01-24;169;2;10587;49;1.8;0.0
27;2021-01-25;635;13;11222;62;1.9;0.0
27;2021-01-26;462;16;11684;78;1.9;0.0
27;2021-01-27;506;98;12190;176;2.0;0.0
27;2021-01-28;517;235;12707;411;2.1;0.1
27;2021-01-29;509;99;13216;510;2.2;0.1
27;2021-01-30;242;23;13458;533;2.2;0.1
27;2021-01-31;27;18;13485;551;2.2;0.1
27;2021-02-01;348;178;13833;729;2.3;0.1
27;2021-02-02;307;237;14140;966;2.4;0.2
27;2021-02-03;487;350;14627;1316;2.4;0.2
27;2021-02-04;716;796;15343;2112;2.6;0.4
27;2021-02-05;664;962;16007;3074;2.7;0.5
27;2021-02-06;126;190;16133;3264;2.7;0.5
27;2021-02-07;25;35;16158;3299;2.7;0.5
27;2021-02-08;312;300;16470;3599;2.7;0.6
27;2021-02-09;341;410;16811;4009;2.8;0.7
27;2021-02-10;303;445;17114;4454;2.8;0.7
27;2021-02-11;318;365;17432;4819;2.9;0.8
27;2021-02-12;230;435;17662;5254;2.9;0.9
27;2021-02-13;151;101;17813;5355;3.0;0.9
27;2021-02-14;6;64;17819;5419;3.0;0.9
27;2021-02-15;390;441;18209;5860;3.0;1.0
27;2021-02-16;295;522;18504;6382;3.1;1.1
27;2021-02-17;247;465;18751;6847;3.1;1.1
27;2021-02-18;363;494;19114;7341;3.2;1.2
27;2021-02-19;218;531;19332;7872;3.2;1.3
27;2021-02-20;129;203;19461;8075;3.2;1.3
27;2021-02-21;12;96;19473;8171;3.2;1.4
27;2021-02-22;482;446;19955;8617;3.3;1.4
27;2021-02-23;496;515;20451;9132;3.4;1.5
27;2021-02-24;543;530;20994;9662;3.5;1.6
27;2021-02-25;847;627;21841;10289;3.6;1.7
27;2021-02-26;953;599;22794;10888;3.8;1.8
27;2021-02-27;408;131;23202;11019;3.9;1.8
27;2021-02-28;173;24;23375;11043;3.9;1.8
27;2021-03-01;488;375;23863;11418;4.0;1.9
27;2021-03-02;765;282;24628;11700;4.1;1.9
27;2021-03-03;852;282;25480;11982;4.2;2.0
27;2021-03-04;887;206;26367;12188;4.4;2.0
27;2021-03-05;1304;202;27671;12390;4.6;2.1
27;2021-03-06;1637;100;29308;12490;4.9;2.1
27;2021-03-07;620;16;29928;12506;5.0;2.1
27;2021-03-08;1204;265;31132;12771;5.2;2.1
27;2021-03-09;1827;229;32959;13000;5.5;2.2
27;2021-03-10;2116;324;35075;13324;5.8;2.2
27;2021-03-11;2162;198;37237;13522;6.2;2.3
27;2021-03-12;2818;190;40055;13712;6.7;2.3
27;2021-03-13;1920;120;41975;13832;7.0;2.3
27;2021-03-14;655;15;42630;13847;7.1;2.3
27;2021-03-15;1556;212;44186;14059;7.4;2.3
27;2021-03-16;1489;236;45675;14295;7.6;2.4
27;2021-03-17;1855;337;47530;14632;7.9;2.4
27;2021-03-18;1688;344;49218;14976;8.2;2.5
27;2021-03-19;1834;161;51052;15137;8.5;2.5
27;2021-03-20;905;41;51957;15178;8.6;2.5
27;2021-03-21;258;3;52215;15181;8.7;2.5
27;2021-03-22;1235;533;53450;15714;8.9;2.6
27;2021-03-23;1627;439;55077;16153;9.2;2.7
27;2021-03-24;1523;467;56600;16620;9.4;2.8
27;2021-03-25;2165;504;58765;17124;9.8;2.9
27;2021-03-26;2531;433;61296;17557;10.2;2.9
27;2021-03-27;1568;199;62864;17756;10.5;3.0
27;2021-03-28;1149;49;64013;17805;10.7;3.0
27;2021-03-29;1375;820;65388;18625;10.9;3.1
27;2021-03-30;1391;835;66779;19460;11.1;3.2
27;2021-03-31;1487;866;68266;20326;11.4;3.4
27;2021-04-01;1956;810;70222;21136;11.7;3.5
27;2021-04-02;2000;1170;72222;22306;12.0;3.7
27;2021-04-03;1563;732;73785;23038;12.3;3.8
27;2021-04-04;978;175;74763;23213;12.4;3.9
27;2021-04-05;283;6;75046;23219;12.5;3.9
27;2021-04-06;1416;1791;76462;25010;12.7;4.2
27;2021-04-07;1323;1742;77785;26752;12.9;4.5
27;2021-04-08;1684;1677;79469;28429;13.2;4.7
27;2021-04-09;2948;1558;82417;29987;13.7;5.0
27;2021-04-10;2033;985;84450;30972;14.1;5.2
27;2021-04-11;946;211;85396;31183;14.2;5.2
27;2021-04-12;2435;1506;87831;32689;14.6;5.4
27;2021-04-13;2393;1547;90224;34236;15.0;5.7
27;2021-04-14;2085;1623;92309;35859;15.4;6.0
27;2021-04-15;1874;1658;94183;37517;15.7;6.2
27;2021-04-16;2753;1109;96936;38626;16.1;6.4
27;2021-04-17;2169;497;99105;39123;16.5;6.5
27;2021-04-18;453;16;99558;39139;16.6;6.5
27;2021-04-19;1713;1175;101271;40314;16.9;6.7
27;2021-04-20;2387;1299;103658;41613;17.3;6.9
27;2021-04-21;2210;1081;105868;42694;17.6;7.1
27;2021-04-22;2180;1417;108048;44111;18.0;7.3
27;2021-04-23;2447;1172;110495;45283;18.4;7.5
27;2021-04-24;3258;1146;113753;46429;18.9;7.7
27;2021-04-25;1130;1051;114883;47480;19.1;7.9
27;2021-04-26;1924;1147;116807;48627;19.4;8.1
27;2021-04-27;2529;1082;119336;49709;19.9;8.3
27;2021-04-28;2396;1310;121732;51019;20.3;8.5
27;2021-04-29;2491;1471;124223;52490;20.7;8.7
27;2021-04-30;2371;1605;126594;54095;21.1;9.0
27;2021-05-01;2638;890;129232;54985;21.5;9.2
27;2021-05-02;1953;896;131185;55881;21.8;9.3
27;2021-05-03;3064;870;134249;56751;22.3;9.4
27;2021-05-04;2781;1647;137030;58398;22.8;9.7
27;2021-05-05;2816;1648;139846;60046;23.3;10.0
27;2021-05-06;3184;1280;143030;61326;23.8;10.2
27;2021-05-07;3322;1980;146352;63306;24.4;10.5
27;2021-05-08;2804;1329;149156;64635;24.8;10.8
27;2021-05-09;1696;296;150852;64931;25.1;10.8
27;2021-05-10;2950;2269;153802;67200;25.6;11.2
27;2021-05-11;3358;1752;157160;68952;26.2;11.5
27;2021-05-12;3463;1725;160623;70677;26.7;11.8
27;2021-05-13;1892;254;162515;70931;27.1;11.8
27;2021-05-14;3884;1782;166399;72713;27.7;12.1
27;2021-05-15;6602;950;173001;73663;28.8;12.3
27;2021-05-16;3668;438;176669;74101;29.4;12.3
27;2021-05-17;2776;1161;179445;75262;29.9;12.5
27;2021-05-18;3845;1294;183290;76556;30.5;12.7
27;2021-05-19;3967;1154;187257;77710;31.2;12.9
27;2021-05-20;3874;1169;191131;78879;31.8;13.1
27;2021-05-21;3968;1788;195099;80667;32.5;13.4
27;2021-05-22;4369;802;199468;81469;33.2;13.6
27;2021-05-23;799;173;200267;81642;33.3;13.6
27;2021-05-24;1490;343;201757;81985;33.6;13.6
27;2021-05-25;3512;1605;205269;83590;34.2;13.9
27;2021-05-26;3857;1741;209126;85331;34.8;14.2
27;2021-05-27;3789;1478;212915;86809;35.4;14.5
27;2021-05-28;3401;2619;216316;89428;36.0;14.9
27;2021-05-29;4823;2293;221139;91721;36.8;15.3
27;2021-05-30;1118;248;222257;91969;37.0;15.3
27;2021-05-31;3466;2271;225723;94240;37.6;15.7
27;2021-06-01;3816;2240;229539;96480;38.2;16.1
27;2021-06-02;3341;2175;232880;98655;38.8;16.4
27;2021-06-03;4430;2114;237310;100769;39.5;16.8
27;2021-06-04;3603;2961;240913;103730;40.1;17.3
27;2021-06-05;3208;3348;244121;107078;40.6;17.8
27;2021-06-06;2005;1007;246126;108085;41.0;18.0
27;2021-06-07;2571;2354;248697;110439;41.4;18.4
27;2021-06-08;3127;2371;251824;112810;41.9;18.8
27;2021-06-09;2304;2469;254128;115279;42.3;19.2
27;2021-06-10;2432;2038;256560;117317;42.7;19.5
27;2021-06-11;2890;3767;259450;121084;43.2;20.2
27;2021-06-12;1982;4192;261432;125276;43.5;20.9
27;2021-06-13;1084;2686;262516;127962;43.7;21.3
27;2021-06-14;1995;3108;264511;131070;44.0;21.8
27;2021-06-15;2688;3018;267199;134088;44.5;22.3
27;2021-06-16;2502;3254;269701;137342;44.9;22.9
27;2021-06-17;2296;3288;271997;140630;45.3;23.4
27;2021-06-18;2746;4418;274743;145048;45.7;24.1
27;2021-06-19;1863;3392;276606;148440;46.0;24.7
27;2021-06-20;607;710;277213;149150;46.1;24.8
27;2021-06-21;1703;3495;278916;152645;46.4;25.4
27;2021-06-22;2385;3710;281301;156355;46.8;26.0
27;2021-06-23;2075;3568;283376;159923;47.2;26.6
27;2021-06-24;2256;3412;285632;163335;47.6;27.2
27;2021-06-25;1936;4457;287568;167792;47.9;27.9
27;2021-06-26;884;5353;288452;173145;48.0;28.8
27;2021-06-27;377;1427;288829;174572;48.1;29.1
27;2021-06-28;1128;3403;289957;177975;48.3;29.6
27;2021-06-29;1702;4364;291659;182339;48.6;30.4
27;2021-06-30;2117;4096;293776;186435;48.9;31.0
27;2021-07-01;2224;3909;296000;190344;49.3;31.7
27;2021-07-02;1590;4619;297590;194963;49.5;32.5
27;2021-07-03;1308;4774;298898;199737;49.8;33.3
27;2021-07-04;504;1404;299402;201141;49.8;33.5
27;2021-07-05;1418;3529;300820;204670;50.1;34.1
27;2021-07-06;1369;4181;302189;208851;50.3;34.8
27;2021-07-07;1758;4899;303947;213750;50.6;35.6
27;2021-07-08;2089;4348;306036;218098;50.9;36.3
27;2021-07-09;1984;5289;308020;223387;51.3;37.2
27;2021-07-10;1167;4178;309187;227565;51.5;37.9
27;2021-07-11;426;1139;309613;228704;51.5;38.1
27;2021-07-12;1254;4374;310867;233078;51.8;38.8
27;2021-07-13;2760;5348;313627;238426;52.2;39.7
27;2021-07-14;1519;1752;315146;240178;52.5;40.0
27;2021-07-15;3035;5464;318181;245642;53.0;40.9
27;2021-07-16;3821;5286;322002;250928;53.6;41.8
27;2021-07-17;2734;3878;324736;254806;54.1;42.4
27;2021-07-18;552;1265;325288;256071;54.2;42.6
27;2021-07-19;3688;3785;328976;259856;54.8;43.3
27;2021-07-20;3460;3591;332436;263447;55.3;43.9
27;2021-07-21;4254;3900;336690;267347;56.1;44.5
27;2021-07-22;4752;3713;341442;271060;56.8;45.1
27;2021-07-23;3592;3395;345034;274455;57.4;45.7
27;2021-07-24;3114;2325;348148;276780;58.0;46.1
27;2021-07-25;493;545;348641;277325;58.0;46.2
27;2021-07-26;3071;3176;351712;280501;58.6;46.7
27;2021-07-27;3598;3101;355310;283602;59.2;47.2
27;2021-07-28;3592;3241;358902;286843;59.7;47.8
27;2021-07-29;4591;3510;363493;290353;60.5;48.3
27;2021-07-30;3816;3140;367309;293493;61.1;48.9
27;2021-07-31;3065;2582;370374;296075;61.7;49.3
27;2021-08-01;538;498;370912;296573;61.7;49.4
27;2021-08-02;3321;2583;374233;299156;62.3;49.8
27;2021-08-03;3429;2771;377662;301927;62.9;50.3
27;2021-08-04;3052;2334;380714;304261;63.4;50.7
27;2021-08-05;2679;2358;383393;306619;63.8;51.0
27;2021-08-06;3271;3245;386664;309864;64.4;51.6
27;2021-08-07;1801;2553;388465;312417;64.7;52.0
27;2021-08-08;219;197;388684;312614;64.7;52.0
27;2021-08-09;2212;2807;390896;315421;65.1;52.5
27;2021-08-10;2814;3506;393710;318927;65.5;53.1
27;2021-08-11;2631;3098;396341;322025;66.0;53.6
27;2021-08-12;2355;3904;398696;325929;66.4;54.3
27;2021-08-13;1744;2570;400440;328499;66.7;54.7
27;2021-08-14;1163;2889;401603;331388;66.9;55.2
27;2021-08-15;18;23;401621;331411;66.9;55.2
27;2021-08-16;1809;3814;403430;335225;67.2;55.8
27;2021-08-17;2043;3440;405473;338665;67.5;56.4
27;2021-08-18;1453;2986;406926;341651;67.7;56.9
27;2021-08-19;1708;3355;408634;345006;68.0;57.4
27;2021-08-20;1632;3438;410266;348444;68.3;58.0
27;2021-08-21;985;2842;411251;351286;68.5;58.5
27;2021-08-22;184;158;411435;351444;68.5;58.5
27;2021-08-23;1079;4005;412514;355449;68.7;59.2
27;2021-08-24;1435;3971;413949;359420;68.9;59.8
27;2021-08-25;1715;3412;415664;362832;69.2;60.4
27;2021-08-26;1146;2925;416810;365757;69.4;60.9
27;2021-08-27;1264;3218;418074;368975;69.6;61.4
27;2021-08-28;907;2866;418981;371841;69.8;61.9
27;2021-08-29;86;136;419067;371977;69.8;61.9
27;2021-08-30;905;3314;419972;375291;69.9;62.5
27;2021-08-31;1221;3206;421193;378497;70.1;63.0
27;2021-09-01;993;3175;422186;381672;70.3;63.5
27;2021-09-02;871;2489;423057;384161;70.4;64.0
27;2021-09-03;850;2467;423907;386628;70.6;64.4
27;2021-09-04;724;2087;424631;388715;70.7;64.7
27;2021-09-05;36;162;424667;388877;70.7;64.7
27;2021-09-06;536;1804;425203;390681;70.8;65.0
27;2021-09-07;693;2365;425896;393046;70.9;65.4
27;2021-09-08;764;2408;426660;395454;71.0;65.8
27;2021-09-09;676;1931;427336;397385;71.1;66.2
27;2021-09-10;892;2371;428228;399756;71.3;66.5
27;2021-09-11;599;1943;428827;401699;71.4;66.9
27;2021-09-12;42;184;428869;401883;71.4;66.9
27;2021-09-13;341;1336;429210;403219;71.5;67.1
27;2021-09-14;527;1459;429737;404678;71.5;67.4
28;2020-12-27;0;0;0;0;0.0;0.0
28;2020-12-28;0;0;0;0;0.0;0.0
28;2020-12-29;0;0;0;0;0.0;0.0
28;2020-12-30;0;0;0;0;0.0;0.0
28;2020-12-31;0;0;0;0;0.0;0.0
28;2021-01-01;1;0;1;0;0.0;0.0
28;2021-01-02;0;0;1;0;0.0;0.0
28;2021-01-03;0;0;1;0;0.0;0.0
28;2021-01-04;0;0;1;0;0.0;0.0
28;2021-01-05;5;0;6;0;0.0;0.0
28;2021-01-06;84;0;90;0;0.0;0.0
28;2021-01-07;102;0;192;0;0.0;0.0
28;2021-01-08;134;2;326;2;0.1;0.0
28;2021-01-09;78;0;404;2;0.1;0.0
28;2021-01-10;1;0;405;2;0.1;0.0
28;2021-01-11;205;0;610;2;0.1;0.0
28;2021-01-12;265;1;875;3;0.2;0.0
28;2021-01-13;397;3;1272;6;0.3;0.0
28;2021-01-14;450;5;1722;11;0.4;0.0
28;2021-01-15;374;3;2096;14;0.5;0.0
28;2021-01-16;206;2;2302;16;0.5;0.0
28;2021-01-17;21;0;2323;16;0.5;0.0
28;2021-01-18;372;2;2695;18;0.6;0.0
28;2021-01-19;503;4;3198;22;0.7;0.0
28;2021-01-20;637;1;3835;23;0.9;0.0
28;2021-01-21;797;3;4632;26;1.1;0.0
28;2021-01-22;479;1;5111;27;1.2;0.0
28;2021-01-23;354;0;5465;27;1.3;0.0
28;2021-01-24;1;0;5466;27;1.3;0.0
28;2021-01-25;456;4;5922;31;1.4;0.0
28;2021-01-26;719;4;6641;35;1.5;0.0
28;2021-01-27;1213;50;7854;85;1.8;0.0
28;2021-01-28;1587;88;9441;173;2.2;0.0
28;2021-01-29;897;87;10338;260;2.4;0.1
28;2021-01-30;248;47;10586;307;2.5;0.1
28;2021-01-31;2;22;10588;329;2.5;0.1
28;2021-02-01;325;115;10913;444;2.5;0.1
28;2021-02-02;370;197;11283;641;2.6;0.1
28;2021-02-03;473;247;11756;888;2.7;0.2
28;2021-02-04;525;263;12281;1151;2.9;0.3
28;2021-02-05;436;210;12717;1361;3.0;0.3
28;2021-02-06;200;128;12917;1489;3.0;0.3
28;2021-02-07;0;0;12917;1489;3.0;0.3
28;2021-02-08;331;207;13248;1696;3.1;0.4
28;2021-02-09;281;262;13529;1958;3.2;0.5
28;2021-02-10;443;324;13972;2282;3.3;0.5
28;2021-02-11;562;412;14534;2694;3.4;0.6
28;2021-02-12;453;332;14987;3026;3.5;0.7
28;2021-02-13;181;157;15168;3183;3.5;0.7
28;2021-02-14;0;2;15168;3185;3.5;0.7
28;2021-02-15;280;342;15448;3527;3.6;0.8
28;2021-02-16;394;594;15842;4121;3.7;1.0
28;2021-02-17;585;1037;16427;5158;3.8;1.2
28;2021-02-18;666;1297;17093;6455;4.0;1.5
28;2021-02-19;548;661;17641;7116;4.1;1.7
28;2021-02-20;114;116;17755;7232;4.1;1.7
28;2021-02-21;7;32;17762;7264;4.1;1.7
28;2021-02-22;223;424;17985;7688;4.2;1.8
28;2021-02-23;203;311;18188;7999;4.2;1.9
28;2021-02-24;244;379;18432;8378;4.3;2.0
28;2021-02-25;574;345;19006;8723;4.4;2.0
28;2021-02-26;764;307;19770;9030;4.6;2.1
28;2021-02-27;265;74;20035;9104;4.7;2.1
28;2021-02-28;23;17;20058;9121;4.7;2.1
28;2021-03-01;292;181;20350;9302;4.7;2.2
28;2021-03-02;397;248;20747;9550;4.8;2.2
28;2021-03-03;369;339;21116;9889;4.9;2.3
28;2021-03-04;720;426;21836;10315;5.1;2.4
28;2021-03-05;1319;368;23155;10683;5.4;2.5
28;2021-03-06;1998;81;25153;10764;5.9;2.5
28;2021-03-07;974;30;26127;10794;6.1;2.5
28;2021-03-08;398;262;26525;11056;6.2;2.6
28;2021-03-09;981;329;27506;11385;6.4;2.7
28;2021-03-10;1357;487;28863;11872;6.7;2.8
28;2021-03-11;1536;663;30399;12535;7.1;2.9
28;2021-03-12;2258;607;32657;13142;7.6;3.1
28;2021-03-13;1235;113;33892;13255;7.9;3.1
28;2021-03-14;518;17;34410;13272;8.0;3.1
28;2021-03-15;755;225;35165;13497;8.2;3.1
28;2021-03-16;716;219;35881;13716;8.4;3.2
28;2021-03-17;746;283;36627;13999;8.5;3.3
28;2021-03-18;1203;267;37830;14266;8.8;3.3
28;2021-03-19;1558;319;39388;14585;9.2;3.4
28;2021-03-20;639;21;40027;14606;9.3;3.4
28;2021-03-21;29;8;40056;14614;9.3;3.4
28;2021-03-22;767;317;40823;14931;9.5;3.5
28;2021-03-23;1027;189;41850;15120;9.7;3.5
28;2021-03-24;1313;274;43163;15394;10.1;3.6
28;2021-03-25;1797;285;44960;15679;10.5;3.7
28;2021-03-26;2084;345;47044;16024;11.0;3.7
28;2021-03-27;402;38;47446;16062;11.0;3.7
28;2021-03-28;12;0;47458;16062;11.1;3.7
28;2021-03-29;1140;349;48598;16411;11.3;3.8
28;2021-03-30;1711;251;50309;16662;11.7;3.9
28;2021-03-31;2018;475;52327;17137;12.2;4.0
28;2021-04-01;1796;586;54123;17723;12.6;4.1
28;2021-04-02;1585;1314;55708;19037;13.0;4.4
28;2021-04-03;607;1070;56315;20107;13.1;4.7
28;2021-04-04;33;299;56348;20406;13.1;4.8
28;2021-04-05;40;3;56388;20409;13.1;4.8
28;2021-04-06;1225;459;57613;20868;13.4;4.9
28;2021-04-07;1890;1005;59503;21873;13.9;5.1
28;2021-04-08;2086;1069;61589;22942;14.3;5.3
28;2021-04-09;3235;916;64824;23858;15.1;5.6
28;2021-04-10;1581;199;66405;24057;15.5;5.6
28;2021-04-11;141;450;66546;24507;15.5;5.7
28;2021-04-12;1674;558;68220;25065;15.9;5.8
28;2021-04-13;1875;673;70095;25738;16.3;6.0
28;2021-04-14;2771;902;72866;26640;17.0;6.2
28;2021-04-15;2556;1145;75422;27785;17.6;6.5
28;2021-04-16;2553;806;77975;28591;18.2;6.7
28;2021-04-17;2309;133;80284;28724;18.7;6.7
28;2021-04-18;45;8;80329;28732;18.7;6.7
28;2021-04-19;1577;648;81906;29380;19.1;6.8
28;2021-04-20;1840;597;83746;29977;19.5;7.0
28;2021-04-21;2679;962;86425;30939;20.1;7.2
28;2021-04-22;1783;1216;88208;32155;20.5;7.5
28;2021-04-23;2325;1103;90533;33258;21.1;7.7
28;2021-04-24;3657;136;94190;33394;21.9;7.8
28;2021-04-25;1012;38;95202;33432;22.2;7.8
28;2021-04-26;1331;928;96533;34360;22.5;8.0
28;2021-04-27;1436;1267;97969;35627;22.8;8.3
28;2021-04-28;2374;1827;100343;37454;23.4;8.7
28;2021-04-29;2130;1506;102473;38960;23.9;9.1
28;2021-04-30;2974;1225;105447;40185;24.6;9.4
28;2021-05-01;127;115;105574;40300;24.6;9.4
28;2021-05-02;2;65;105576;40365;24.6;9.4
28;2021-05-03;1047;1014;106623;41379;24.8;9.6
28;2021-05-04;1360;1671;107983;43050;25.1;10.0
28;2021-05-05;2831;1649;110814;44699;25.8;10.4
28;2021-05-06;2457;1473;113271;46172;26.4;10.8
28;2021-05-07;2311;1923;115582;48095;26.9;11.2
28;2021-05-08;1078;112;116660;48207;27.2;11.2
28;2021-05-09;105;610;116765;48817;27.2;11.4
28;2021-05-10;1308;1891;118073;50708;27.5;11.8
28;2021-05-11;2028;2329;120101;53037;28.0;12.4
28;2021-05-12;2619;3231;122720;56268;28.6;13.1
28;2021-05-13;290;451;123010;56719;28.6;13.2
28;2021-05-14;1899;1612;124909;58331;29.1;13.6
28;2021-05-15;1436;1673;126345;60004;29.4;14.0
28;2021-05-16;1987;131;128332;60135;29.9;14.0
28;2021-05-17;2876;1485;131208;61620;30.6;14.3
28;2021-05-18;3382;1378;134590;62998;31.3;14.7
28;2021-05-19;5092;1279;139682;64277;32.5;15.0
28;2021-05-20;4150;1231;143832;65508;33.5;15.3
28;2021-05-21;3465;1579;147297;67087;34.3;15.6
28;2021-05-22;729;1161;148026;68248;34.5;15.9
28;2021-05-23;1957;137;149983;68385;34.9;15.9
28;2021-05-24;1429;395;151412;68780;35.3;16.0
28;2021-05-25;1877;1403;153289;70183;35.7;16.3
28;2021-05-26;2767;1341;156056;71524;36.3;16.7
28;2021-05-27;2756;1233;158812;72757;37.0;16.9
28;2021-05-28;3081;1726;161893;74483;37.7;17.3
28;2021-05-29;1869;871;163762;75354;38.1;17.5
28;2021-05-30;16;47;163778;75401;38.1;17.6
28;2021-05-31;2014;934;165792;76335;38.6;17.8
28;2021-06-01;2133;1653;167925;77988;39.1;18.2
28;2021-06-02;2077;2458;170002;80446;39.6;18.7
28;2021-06-03;2498;1560;172500;82006;40.2;19.1
28;2021-06-04;2608;2353;175108;84359;40.8;19.6
28;2021-06-05;1909;2521;177017;86880;41.2;20.2
28;2021-06-06;1059;1046;178076;87926;41.5;20.5
28;2021-06-07;3577;1573;181653;89499;42.3;20.8
28;2021-06-08;3198;1519;184851;91018;43.0;21.2
28;2021-06-09;3676;2123;188527;93141;43.9;21.7
28;2021-06-10;3142;1257;191669;94398;44.6;22.0
28;2021-06-11;3792;2129;195461;96527;45.5;22.5
28;2021-06-12;1305;560;196766;97087;45.8;22.6
28;2021-06-13;385;108;197151;97195;45.9;22.6
28;2021-06-14;2208;1993;199359;99188;46.4;23.1
28;2021-06-15;2092;2225;201451;101413;46.9;23.6
28;2021-06-16;2510;3972;203961;105385;47.5;24.5
28;2021-06-17;1931;3135;205892;108520;47.9;25.3
28;2021-06-18;2474;3784;208366;112304;48.5;26.2
28;2021-06-19;776;1612;209142;113916;48.7;26.5
28;2021-06-20;23;24;209165;113940;48.7;26.5
28;2021-06-21;1685;1989;210850;115929;49.1;27.0
28;2021-06-22;1372;2106;212222;118035;49.4;27.5
28;2021-06-23;1782;3164;214004;121199;49.8;28.2
28;2021-06-24;733;929;214737;122128;50.0;28.4
28;2021-06-25;1890;3025;216627;125153;50.4;29.1
28;2021-06-26;310;2111;216937;127264;50.5;29.6
28;2021-06-27;588;1284;217525;128548;50.7;29.9
28;2021-06-28;1226;3655;218751;132203;50.9;30.8
28;2021-06-29;1342;3790;220093;135993;51.3;31.7
28;2021-06-30;1495;4259;221588;140252;51.6;32.7
28;2021-07-01;1277;3500;222865;143752;51.9;33.5
28;2021-07-02;1313;4652;224178;148404;52.2;34.6
28;2021-07-03;1132;2369;225310;150773;52.5;35.1
28;2021-07-04;146;1326;225456;152099;52.5;35.4
28;2021-07-05;1362;2513;226818;154612;52.8;36.0
28;2021-07-06;1510;2868;228328;157480;53.2;36.7
28;2021-07-07;1636;4141;229964;161621;53.6;37.6
28;2021-07-08;1470;3239;231434;164860;53.9;38.4
28;2021-07-09;1394;4516;232828;169376;54.2;39.4
28;2021-07-10;528;2206;233356;171582;54.3;40.0
28;2021-07-11;2;1;233358;171583;54.3;40.0
28;2021-07-12;1527;3929;234885;175512;54.7;40.9
28;2021-07-13;2263;4143;237148;179655;55.2;41.8
28;2021-07-14;1330;1395;238478;181050;55.5;42.2
28;2021-07-15;2986;3975;241464;185025;56.2;43.1
28;2021-07-16;2444;4751;243908;189776;56.8;44.2
28;2021-07-17;1263;2429;245171;192205;57.1;44.8
28;2021-07-18;369;944;245540;193149;57.2;45.0
28;2021-07-19;1809;4335;247349;197484;57.6;46.0
28;2021-07-20;2478;4090;249827;201574;58.2;46.9
28;2021-07-21;2965;4286;252792;205860;58.9;47.9
28;2021-07-22;3669;3429;256461;209289;59.7;48.7
28;2021-07-23;2963;3997;259424;213286;60.4;49.7
28;2021-07-24;1713;1484;261137;214770;60.8;50.0
28;2021-07-25;67;60;261204;214830;60.8;50.0
28;2021-07-26;2932;3385;264136;218215;61.5;50.8
28;2021-07-27;3885;2621;268021;220836;62.4;51.4
28;2021-07-28;3949;2742;271970;223578;63.3;52.1
28;2021-07-29;4469;2090;276439;225668;64.4;52.6
28;2021-07-30;3821;2843;280260;228511;65.3;53.2
28;2021-07-31;763;821;281023;229332;65.4;53.4
28;2021-08-01;378;65;281401;229397;65.5;53.4
28;2021-08-02;1794;1519;283195;230916;65.9;53.8
28;2021-08-03;2686;2165;285881;233081;66.6;54.3
28;2021-08-04;1934;2299;287815;235380;67.0;54.8
28;2021-08-05;1666;1731;289481;237111;67.4;55.2
28;2021-08-06;1616;1969;291097;239080;67.8;55.7
28;2021-08-07;801;1001;291898;240081;68.0;55.9
28;2021-08-08;22;33;291920;240114;68.0;55.9
28;2021-08-09;1389;1101;293309;241215;68.3;56.2
28;2021-08-10;1713;2027;295022;243242;68.7;56.6
28;2021-08-11;1272;1572;296294;244814;69.0;57.0
28;2021-08-12;1165;1882;297459;246696;69.3;57.4
28;2021-08-13;1320;1648;298779;248344;69.6;57.8
28;2021-08-14;656;842;299435;249186;69.7;58.0
28;2021-08-15;266;60;299701;249246;69.8;58.0
28;2021-08-16;860;2145;300561;251391;70.0;58.5
28;2021-08-17;1127;2797;301688;254188;70.3;59.2
28;2021-08-18;891;2411;302579;256599;70.5;59.8
28;2021-08-19;884;2614;303463;259213;70.7;60.4
28;2021-08-20;939;2752;304402;261965;70.9;61.0
28;2021-08-21;379;1000;304781;262965;71.0;61.2
28;2021-08-22;8;31;304789;262996;71.0;61.2
28;2021-08-23;1042;2148;305831;265144;71.2;61.7
28;2021-08-24;864;2582;306695;267726;71.4;62.3
28;2021-08-25;1068;2210;307763;269936;71.7;62.9
28;2021-08-26;692;1815;308455;271751;71.8;63.3
28;2021-08-27;749;2365;309204;274116;72.0;63.8
28;2021-08-28;522;1094;309726;275210;72.1;64.1
28;2021-08-29;7;23;309733;275233;72.1;64.1
28;2021-08-30;992;2183;310725;277416;72.4;64.6
28;2021-08-31;797;2248;311522;279664;72.5;65.1
28;2021-09-01;744;2603;312266;282267;72.7;65.7
28;2021-09-02;541;2111;312807;284378;72.8;66.2
28;2021-09-03;661;2560;313468;286938;73.0;66.8
28;2021-09-04;583;2602;314051;289540;73.1;67.4
28;2021-09-05;209;247;314260;289787;73.2;67.5
28;2021-09-06;403;1618;314663;291405;73.3;67.9
28;2021-09-07;351;1451;315014;292856;73.4;68.2
28;2021-09-08;540;1587;315554;294443;73.5;68.6
28;2021-09-09;318;1142;315872;295585;73.6;68.8
28;2021-09-10;583;1657;316455;297242;73.7;69.2
28;2021-09-11;298;1329;316753;298571;73.8;69.5
28;2021-09-12;39;32;316792;298603;73.8;69.5
28;2021-09-13;309;1028;317101;299631;73.8;69.8
28;2021-09-14;320;1269;317421;300900;73.9;70.1
29;2020-12-27;0;0;0;0;0.0;0.0
29;2020-12-28;1;0;1;0;0.0;0.0
29;2020-12-29;0;0;1;0;0.0;0.0
29;2020-12-30;0;0;1;0;0.0;0.0
29;2020-12-31;0;0;1;0;0.0;0.0
29;2021-01-01;2;0;3;0;0.0;0.0
29;2021-01-02;0;0;3;0;0.0;0.0
29;2021-01-03;1;0;4;0;0.0;0.0
29;2021-01-04;32;0;36;0;0.0;0.0
29;2021-01-05;31;0;67;0;0.0;0.0
29;2021-01-06;43;0;110;0;0.0;0.0
29;2021-01-07;137;0;247;0;0.0;0.0
29;2021-01-08;408;0;655;0;0.1;0.0
29;2021-01-09;2;0;657;0;0.1;0.0
29;2021-01-10;2;0;659;0;0.1;0.0
29;2021-01-11;667;0;1326;0;0.1;0.0
29;2021-01-12;1120;0;2446;0;0.3;0.0
29;2021-01-13;1101;1;3547;1;0.4;0.0
29;2021-01-14;894;4;4441;5;0.5;0.0
29;2021-01-15;1221;6;5662;11;0.6;0.0
29;2021-01-16;168;1;5830;12;0.6;0.0
29;2021-01-17;112;1;5942;13;0.7;0.0
29;2021-01-18;842;3;6784;16;0.7;0.0
29;2021-01-19;1313;1;8097;17;0.9;0.0
29;2021-01-20;2396;2;10493;19;1.2;0.0
29;2021-01-21;5660;7;16153;26;1.8;0.0
29;2021-01-22;3776;4;19929;30;2.2;0.0
29;2021-01-23;538;0;20467;30;2.3;0.0
29;2021-01-24;200;1;20667;31;2.3;0.0
29;2021-01-25;575;7;21242;38;2.3;0.0
29;2021-01-26;951;34;22193;72;2.4;0.0
29;2021-01-27;1286;51;23479;123;2.6;0.0
29;2021-01-28;803;134;24282;257;2.7;0.0
29;2021-01-29;780;195;25062;452;2.8;0.0
29;2021-01-30;281;4;25343;456;2.8;0.1
29;2021-01-31;80;5;25423;461;2.8;0.1
29;2021-02-01;429;370;25852;831;2.9;0.1
29;2021-02-02;879;635;26731;1466;2.9;0.2
29;2021-02-03;812;808;27543;2274;3.0;0.3
29;2021-02-04;867;603;28410;2877;3.1;0.3
29;2021-02-05;675;548;29085;3425;3.2;0.4
29;2021-02-06;249;86;29334;3511;3.2;0.4
29;2021-02-07;78;92;29412;3603;3.2;0.4
29;2021-02-08;383;420;29795;4023;3.3;0.4
29;2021-02-09;863;813;30658;4836;3.4;0.5
29;2021-02-10;1150;945;31808;5781;3.5;0.6
29;2021-02-11;1796;3851;33604;9632;3.7;1.1
29;2021-02-12;2326;2430;35930;12062;4.0;1.3
29;2021-02-13;638;388;36568;12450;4.0;1.4
29;2021-02-14;12;201;36580;12651;4.0;1.4
29;2021-02-15;265;764;36845;13415;4.1;1.5
29;2021-02-16;887;868;37732;14283;4.2;1.6
29;2021-02-17;801;648;38533;14931;4.3;1.6
29;2021-02-18;1530;696;40063;15627;4.4;1.7
29;2021-02-19;1417;796;41480;16423;4.6;1.8
29;2021-02-20;204;268;41684;16691;4.6;1.8
29;2021-02-21;162;139;41846;16830;4.6;1.9
29;2021-02-22;773;442;42619;17272;4.7;1.9
29;2021-02-23;1271;704;43890;17976;4.8;2.0
29;2021-02-24;1471;628;45361;18604;5.0;2.1
29;2021-02-25;2511;694;47872;19298;5.3;2.1
29;2021-02-26;2676;556;50548;19854;5.6;2.2
29;2021-02-27;1284;209;51832;20063;5.7;2.2
29;2021-02-28;200;56;52032;20119;5.7;2.2
29;2021-03-01;945;375;52977;20494;5.8;2.3
29;2021-03-02;1817;651;54794;21145;6.0;2.3
29;2021-03-03;2095;857;56889;22002;6.3;2.4
29;2021-03-04;2844;1399;59733;23401;6.6;2.6
29;2021-03-05;3540;1535;63273;24936;7.0;2.8
29;2021-03-06;2000;397;65273;25333;7.2;2.8
29;2021-03-07;412;73;65685;25406;7.2;2.8
29;2021-03-08;1274;518;66959;25924;7.4;2.9
29;2021-03-09;2605;865;69564;26789;7.7;3.0
29;2021-03-10;2427;777;71991;27566;7.9;3.0
29;2021-03-11;4521;906;76512;28472;8.4;3.1
29;2021-03-12;5270;892;81782;29364;9.0;3.2
29;2021-03-13;2826;383;84608;29747;9.3;3.3
29;2021-03-14;365;3;84973;29750;9.4;3.3
29;2021-03-15;2050;266;87023;30016;9.6;3.3
29;2021-03-16;1825;724;88848;30740;9.8;3.4
29;2021-03-17;1861;692;90709;31432;10.0;3.5
29;2021-03-18;1865;1020;92574;32452;10.2;3.6
29;2021-03-19;3269;870;95843;33322;10.6;3.7
29;2021-03-20;1915;214;97758;33536;10.8;3.7
29;2021-03-21;132;11;97890;33547;10.8;3.7
29;2021-03-22;1647;549;99537;34096;11.0;3.8
29;2021-03-23;3442;1028;102979;35124;11.4;3.9
29;2021-03-24;3781;1017;106760;36141;11.8;4.0
29;2021-03-25;4820;1061;111580;37202;12.3;4.1
29;2021-03-26;5425;1157;117005;38359;12.9;4.2
29;2021-03-27;2429;329;119434;38688;13.2;4.3
29;2021-03-28;198;50;119632;38738;13.2;4.3
29;2021-03-29;2041;813;121673;39551;13.4;4.4
29;2021-03-30;3977;1324;125650;40875;13.9;4.5
29;2021-03-31;3935;1152;129585;42027;14.3;4.6
29;2021-04-01;5028;1140;134613;43167;14.8;4.8
29;2021-04-02;4766;1165;139379;44332;15.4;4.9
29;2021-04-03;2500;535;141879;44867;15.7;4.9
29;2021-04-04;146;33;142025;44900;15.7;5.0
29;2021-04-05;972;329;142997;45229;15.8;5.0
29;2021-04-06;3200;1232;146197;46461;16.1;5.1
29;2021-04-07;3654;940;149851;47401;16.5;5.2
29;2021-04-08;5285;2054;155136;49455;17.1;5.5
29;2021-04-09;6753;1560;161889;51015;17.9;5.6
29;2021-04-10;3502;709;165391;51724;18.2;5.7
29;2021-04-11;120;80;165511;51804;18.3;5.7
29;2021-04-12;3854;1480;169365;53284;18.7;5.9
29;2021-04-13;5863;1754;175228;55038;19.3;6.1
29;2021-04-14;4762;1742;179990;56780;19.9;6.3
29;2021-04-15;7177;1731;187167;58511;20.6;6.5
29;2021-04-16;6704;1353;193871;59864;21.4;6.6
29;2021-04-17;3829;968;197700;60832;21.8;6.7
29;2021-04-18;489;40;198189;60872;21.9;6.7
29;2021-04-19;3881;1464;202070;62336;22.3;6.9
29;2021-04-20;4398;2134;206468;64470;22.8;7.1
29;2021-04-21;4375;2197;210843;66667;23.3;7.4
29;2021-04-22;6643;2851;217486;69518;24.0;7.7
29;2021-04-23;6050;2194;223536;71712;24.7;7.9
29;2021-04-24;4008;1309;227544;73021;25.1;8.1
29;2021-04-25;434;169;227978;73190;25.1;8.1
29;2021-04-26;5261;1859;233239;75049;25.7;8.3
29;2021-04-27;5336;3175;238575;78224;26.3;8.6
29;2021-04-28;5361;2890;243936;81114;26.9;8.9
29;2021-04-29;6596;3304;250532;84418;27.6;9.3
29;2021-04-30;6269;3850;256801;88268;28.3;9.7
29;2021-05-01;1987;977;258788;89245;28.5;9.8
29;2021-05-02;1249;191;260037;89436;28.7;9.9
29;2021-05-03;4541;2278;264578;91714;29.2;10.1
29;2021-05-04;4111;3730;268689;95444;29.6;10.5
29;2021-05-05;4519;3401;273208;98845;30.1;10.9
29;2021-05-06;6238;3708;279446;102553;30.8;11.3
29;2021-05-07;5985;4561;285431;107114;31.5;11.8
29;2021-05-08;2096;560;287527;107674;31.7;11.9
29;2021-05-09;1731;136;289258;107810;31.9;11.9
29;2021-05-10;4760;3750;294018;111560;32.4;12.3
29;2021-05-11;4711;4965;298729;116525;33.0;12.9
29;2021-05-12;5025;4359;303754;120884;33.5;13.3
29;2021-05-13;3441;1498;307195;122382;33.9;13.5
29;2021-05-14;5650;3981;312845;126363;34.5;13.9
29;2021-05-15;4048;2294;316893;128657;35.0;14.2
29;2021-05-16;1588;294;318481;128951;35.1;14.2
29;2021-05-17;5563;3121;324044;132072;35.7;14.6
29;2021-05-18;5732;3071;329776;135143;36.4;14.9
29;2021-05-19;6214;2955;335990;138098;37.1;15.2
29;2021-05-20;7176;4546;343166;142644;37.9;15.7
29;2021-05-21;7216;3797;350382;146441;38.6;16.2
29;2021-05-22;5343;2123;355725;148564;39.2;16.4
29;2021-05-23;1631;65;357356;148629;39.4;16.4
29;2021-05-24;3485;534;360841;149163;39.8;16.5
29;2021-05-25;5836;3029;366677;152192;40.4;16.8
29;2021-05-26;5894;2987;372571;155179;41.1;17.1
29;2021-05-27;6826;3953;379397;159132;41.9;17.6
29;2021-05-28;6547;4391;385944;163523;42.6;18.0
29;2021-05-29;4382;2796;390326;166319;43.1;18.3
29;2021-05-30;1114;360;391440;166679;43.2;18.4
29;2021-05-31;6384;3432;397824;170111;43.9;18.8
29;2021-06-01;6604;4312;404428;174423;44.6;19.2
29;2021-06-02;6166;4126;410594;178549;45.3;19.7
29;2021-06-03;7696;4497;418290;183046;46.1;20.2
29;2021-06-04;6814;6136;425104;189182;46.9;20.9
29;2021-06-05;5351;3022;430455;192204;47.5;21.2
29;2021-06-06;1285;538;431740;192742;47.6;21.3
29;2021-06-07;4660;5562;436400;198304;48.1;21.9
29;2021-06-08;7174;5187;443574;203491;48.9;22.4
29;2021-06-09;6408;4743;449982;208234;49.6;23.0
29;2021-06-10;7776;5046;457758;213280;50.5;23.5
29;2021-06-11;8478;5861;466236;219141;51.4;24.2
29;2021-06-12;6567;2811;472803;221952;52.2;24.5
29;2021-06-13;2352;1370;475155;223322;52.4;24.6
29;2021-06-14;4036;6307;479191;229629;52.9;25.3
29;2021-06-15;5479;6184;484670;235813;53.5;26.0
29;2021-06-16;5572;5622;490242;241435;54.1;26.6
29;2021-06-17;6368;6305;496610;247740;54.8;27.3
29;2021-06-18;6116;7486;502726;255226;55.5;28.2
29;2021-06-19;4623;3523;507349;258749;56.0;28.5
29;2021-06-20;891;1452;508240;260201;56.1;28.7
29;2021-06-21;3761;6492;512001;266693;56.5;29.4
29;2021-06-22;4490;6421;516491;273114;57.0;30.1
29;2021-06-23;4679;6130;521170;279244;57.5;30.8
29;2021-06-24;4809;6745;525979;285989;58.0;31.5
29;2021-06-25;3598;7530;529577;293519;58.4;32.4
29;2021-06-26;2131;4093;531708;297612;58.7;32.8
29;2021-06-27;967;1632;532675;299244;58.8;33.0
29;2021-06-28;2843;6862;535518;306106;59.1;33.8
29;2021-06-29;2816;7722;538334;313828;59.4;34.6
29;2021-06-30;3048;7506;541382;321334;59.7;35.4
29;2021-07-01;3790;8417;545172;329751;60.1;36.4
29;2021-07-02;3607;9652;548779;339403;60.5;37.4
29;2021-07-03;2328;6051;551107;345454;60.8;38.1
29;2021-07-04;816;1771;551923;347225;60.9;38.3
29;2021-07-05;1915;7155;553838;354380;61.1;39.1
29;2021-07-06;1540;8005;555378;362385;61.3;40.0
29;2021-07-07;1707;7037;557085;369422;61.5;40.8
29;2021-07-08;2453;8201;559538;377623;61.7;41.7
29;2021-07-09;2632;9062;562170;386685;62.0;42.7
29;2021-07-10;1919;6103;564089;392788;62.2;43.3
29;2021-07-11;449;1064;564538;393852;62.3;43.4
29;2021-07-12;1983;8379;566521;402231;62.5;44.4
29;2021-07-13;2754;8659;569275;410890;62.8;45.3
29;2021-07-14;2087;3373;571362;414263;63.0;45.7
29;2021-07-15;3859;9723;575221;423986;63.5;46.8
29;2021-07-16;4621;9184;579842;433170;64.0;47.8
29;2021-07-17;3224;6110;583066;439280;64.3;48.5
29;2021-07-18;669;1080;583735;440360;64.4;48.6
29;2021-07-19;3158;7543;586893;447903;64.7;49.4
29;2021-07-20;3558;9432;590451;457335;65.1;50.4
29;2021-07-21;3662;7709;594113;465044;65.5;51.3
29;2021-07-22;3429;8532;597542;473576;65.9;52.2
29;2021-07-23;4066;10702;601608;484278;66.4;53.4
29;2021-07-24;2536;5957;604144;490235;66.6;54.1
29;2021-07-25;656;2360;604800;492595;66.7;54.3
29;2021-07-26;3399;7278;608199;499873;67.1;55.1
29;2021-07-27;3727;7111;611926;506984;67.5;55.9
29;2021-07-28;4209;6031;616135;513015;68.0;56.6
29;2021-07-29;5700;6361;621835;519376;68.6;57.3
29;2021-07-30;5472;6535;627307;525911;69.2;58.0
29;2021-07-31;2939;4930;630246;530841;69.5;58.6
29;2021-08-01;658;921;630904;531762;69.6;58.7
29;2021-08-02;4298;5213;635202;536975;70.1;59.2
29;2021-08-03;5495;4406;640697;541381;70.7;59.7
29;2021-08-04;5743;3607;646440;544988;71.3;60.1
29;2021-08-05;6656;4111;653096;549099;72.0;60.6
29;2021-08-06;6211;4333;659307;553432;72.7;61.0
29;2021-08-07;4289;2954;663596;556386;73.2;61.4
29;2021-08-08;849;753;664445;557139;73.3;61.5
29;2021-08-09;3086;4737;667531;561876;73.6;62.0
29;2021-08-10;4491;3864;672022;565740;74.1;62.4
29;2021-08-11;3964;3188;675986;568928;74.6;62.8
29;2021-08-12;4645;4497;680631;573425;75.1;63.3
29;2021-08-13;4193;3714;684824;577139;75.5;63.7
29;2021-08-14;2966;2845;687790;579984;75.9;64.0
29;2021-08-15;337;404;688127;580388;75.9;64.0
29;2021-08-16;3284;4375;691411;584763;76.3;64.5
29;2021-08-17;4405;3413;695816;588176;76.8;64.9
29;2021-08-18;3675;3615;699491;591791;77.2;65.3
29;2021-08-19;3905;4716;703396;596507;77.6;65.8
29;2021-08-20;3504;4600;706900;601107;78.0;66.3
29;2021-08-21;2271;3167;709171;604274;78.2;66.7
29;2021-08-22;214;416;709385;604690;78.3;66.7
29;2021-08-23;2497;4626;711882;609316;78.5;67.2
29;2021-08-24;2445;4950;714327;614266;78.8;67.8
29;2021-08-25;2150;4229;716477;618495;79.0;68.2
29;2021-08-26;2340;5337;718817;623832;79.3;68.8
29;2021-08-27;2043;5917;720860;629749;79.5;69.5
29;2021-08-28;1468;3997;722328;633746;79.7;69.9
29;2021-08-29;449;1318;722777;635064;79.7;70.1
29;2021-08-30;1453;4231;724230;639295;79.9;70.5
29;2021-08-31;1595;4533;725825;643828;80.1;71.0
29;2021-09-01;1341;4005;727166;647833;80.2;71.5
29;2021-09-02;1171;4428;728337;652261;80.3;71.9
29;2021-09-03;1420;5289;729757;657550;80.5;72.5
29;2021-09-04;1416;4065;731173;661615;80.7;73.0
29;2021-09-05;225;740;731398;662355;80.7;73.1
29;2021-09-06;736;3763;732134;666118;80.8;73.5
29;2021-09-07;922;4040;733056;670158;80.9;73.9
29;2021-09-08;906;3912;733962;674070;81.0;74.4
29;2021-09-09;954;3934;734916;678004;81.1;74.8
29;2021-09-10;1194;5080;736110;683084;81.2;75.3
29;2021-09-11;728;3667;736838;686751;81.3;75.8
29;2021-09-12;116;442;736954;687193;81.3;75.8
29;2021-09-13;833;3948;737787;691141;81.4;76.2
29;2021-09-14;703;3911;738490;695052;81.5;76.7
2A;2020-12-27;0;0;0;0;0.0;0.0
2A;2020-12-28;0;0;0;0;0.0;0.0
2A;2020-12-29;0;0;0;0;0.0;0.0
2A;2020-12-30;0;0;0;0;0.0;0.0
2A;2020-12-31;0;0;0;0;0.0;0.0
2A;2021-01-01;0;0;0;0;0.0;0.0
2A;2021-01-02;1;0;1;0;0.0;0.0
2A;2021-01-03;0;0;1;0;0.0;0.0
2A;2021-01-04;0;0;1;0;0.0;0.0
2A;2021-01-05;0;0;1;0;0.0;0.0
2A;2021-01-06;6;0;7;0;0.0;0.0
2A;2021-01-07;122;1;129;1;0.1;0.0
2A;2021-01-08;114;0;243;1;0.1;0.0
2A;2021-01-09;39;0;282;1;0.2;0.0
2A;2021-01-10;33;0;315;1;0.2;0.0
2A;2021-01-11;76;0;391;1;0.2;0.0
2A;2021-01-12;85;0;476;1;0.3;0.0
2A;2021-01-13;112;0;588;1;0.4;0.0
2A;2021-01-14;191;1;779;2;0.5;0.0
2A;2021-01-15;149;0;928;2;0.6;0.0
2A;2021-01-16;160;1;1088;3;0.7;0.0
2A;2021-01-17;85;1;1173;4;0.7;0.0
2A;2021-01-18;201;2;1374;6;0.8;0.0
2A;2021-01-19;488;1;1862;7;1.1;0.0
2A;2021-01-20;356;0;2218;7;1.4;0.0
2A;2021-01-21;453;1;2671;8;1.6;0.0
2A;2021-01-22;367;0;3038;8;1.9;0.0
2A;2021-01-23;183;0;3221;8;2.0;0.0
2A;2021-01-24;118;1;3339;9;2.1;0.0
2A;2021-01-25;215;0;3554;9;2.2;0.0
2A;2021-01-26;402;7;3956;16;2.4;0.0
2A;2021-01-27;324;5;4280;21;2.6;0.0
2A;2021-01-28;335;73;4615;94;2.8;0.1
2A;2021-01-29;342;59;4957;153;3.1;0.1
2A;2021-01-30;127;34;5084;187;3.1;0.1
2A;2021-01-31;92;11;5176;198;3.2;0.1
2A;2021-02-01;231;42;5407;240;3.3;0.1
2A;2021-02-02;289;107;5696;347;3.5;0.2
2A;2021-02-03;265;72;5961;419;3.7;0.3
2A;2021-02-04;256;113;6217;532;3.8;0.3
2A;2021-02-05;267;95;6484;627;4.0;0.4
2A;2021-02-06;121;54;6605;681;4.1;0.4
2A;2021-02-07;68;39;6673;720;4.1;0.4
2A;2021-02-08;92;169;6765;889;4.2;0.5
2A;2021-02-09;128;263;6893;1152;4.2;0.7
2A;2021-02-10;163;208;7056;1360;4.3;0.8
2A;2021-02-11;296;308;7352;1668;4.5;1.0
2A;2021-02-12;345;240;7697;1908;4.7;1.2
2A;2021-02-13;225;49;7922;1957;4.9;1.2
2A;2021-02-14;135;59;8057;2016;5.0;1.2
2A;2021-02-15;198;152;8255;2168;5.1;1.3
2A;2021-02-16;384;265;8639;2433;5.3;1.5
2A;2021-02-17;289;151;8928;2584;5.5;1.6
2A;2021-02-18;340;164;9268;2748;5.7;1.7
2A;2021-02-19;145;252;9413;3000;5.8;1.8
2A;2021-02-20;243;103;9656;3103;5.9;1.9
2A;2021-02-21;58;42;9714;3145;6.0;1.9
2A;2021-02-22;77;193;9791;3338;6.0;2.1
2A;2021-02-23;122;238;9913;3576;6.1;2.2
2A;2021-02-24;82;242;9995;3818;6.2;2.4
2A;2021-02-25;104;210;10099;4028;6.2;2.5
2A;2021-02-26;123;217;10222;4245;6.3;2.6
2A;2021-02-27;308;51;10530;4296;6.5;2.6
2A;2021-02-28;69;55;10599;4351;6.5;2.7
2A;2021-03-01;116;129;10715;4480;6.6;2.8
2A;2021-03-02;199;236;10914;4716;6.7;2.9
2A;2021-03-03;244;234;11158;4950;6.9;3.0
2A;2021-03-04;508;205;11666;5155;7.2;3.2
2A;2021-03-05;973;259;12639;5414;7.8;3.3
2A;2021-03-06;1167;73;13806;5487;8.5;3.4
2A;2021-03-07;1020;43;14826;5530;9.1;3.4
2A;2021-03-08;933;79;15759;5609;9.7;3.5
2A;2021-03-09;937;140;16696;5749;10.3;3.5
2A;2021-03-10;632;135;17328;5884;10.7;3.6
2A;2021-03-11;723;258;18051;6142;11.1;3.8
2A;2021-03-12;561;310;18612;6452;11.5;4.0
2A;2021-03-13;613;189;19225;6641;11.8;4.1
2A;2021-03-14;312;125;19537;6766;12.0;4.2
2A;2021-03-15;377;197;19914;6963;12.3;4.3
2A;2021-03-16;498;366;20412;7329;12.6;4.5
2A;2021-03-17;702;267;21114;7596;13.0;4.7
2A;2021-03-18;447;299;21561;7895;13.3;4.9
2A;2021-03-19;489;152;22050;8047;13.6;5.0
2A;2021-03-20;1079;258;23129;8305;14.2;5.1
2A;2021-03-21;695;53;23824;8358;14.7;5.1
2A;2021-03-22;347;65;24171;8423;14.9;5.2
2A;2021-03-23;518;56;24689;8479;15.2;5.2
2A;2021-03-24;864;92;25553;8571;15.7;5.3
2A;2021-03-25;930;141;26483;8712;16.3;5.4
2A;2021-03-26;1080;164;27563;8876;17.0;5.5
2A;2021-03-27;1189;199;28752;9075;17.7;5.6
2A;2021-03-28;241;95;28993;9170;17.9;5.6
2A;2021-03-29;283;138;29276;9308;18.0;5.7
2A;2021-03-30;383;233;29659;9541;18.3;5.9
2A;2021-03-31;446;224;30105;9765;18.5;6.0
2A;2021-04-01;638;451;30743;10216;18.9;6.3
2A;2021-04-02;904;780;31647;10996;19.5;6.8
2A;2021-04-03;646;981;32293;11977;19.9;7.4
2A;2021-04-04;579;783;32872;12760;20.2;7.9
2A;2021-04-05;525;691;33397;13451;20.6;8.3
2A;2021-04-06;550;558;33947;14009;20.9;8.6
2A;2021-04-07;792;428;34739;14437;21.4;8.9
2A;2021-04-08;1049;358;35788;14795;22.0;9.1
2A;2021-04-09;935;388;36723;15183;22.6;9.3
2A;2021-04-10;1059;382;37782;15565;23.3;9.6
2A;2021-04-11;362;256;38144;15821;23.5;9.7
2A;2021-04-12;669;339;38813;16160;23.9;9.9
2A;2021-04-13;329;379;39142;16539;24.1;10.2
2A;2021-04-14;1046;587;40188;17126;24.7;10.5
2A;2021-04-15;1045;524;41233;17650;25.4;10.9
2A;2021-04-16;873;392;42106;18042;25.9;11.1
2A;2021-04-17;1369;935;43475;18977;26.8;11.7
2A;2021-04-18;983;948;44458;19925;27.4;12.3
2A;2021-04-19;270;343;44728;20268;27.5;12.5
2A;2021-04-20;354;344;45082;20612;27.8;12.7
2A;2021-04-21;729;734;45811;21346;28.2;13.1
2A;2021-04-22;897;646;46708;21992;28.8;13.5
2A;2021-04-23;986;776;47694;22768;29.4;14.0
2A;2021-04-24;1751;984;49445;23752;30.4;14.6
2A;2021-04-25;976;305;50421;24057;31.0;14.8
2A;2021-04-26;308;226;50729;24283;31.2;15.0
2A;2021-04-27;344;347;51073;24630;31.4;15.2
2A;2021-04-28;1676;424;52749;25054;32.5;15.4
2A;2021-04-29;1054;361;53803;25415;33.1;15.6
2A;2021-04-30;1131;1062;54934;26477;33.8;16.3
2A;2021-05-01;971;575;55905;27052;34.4;16.7
2A;2021-05-02;675;708;56580;27760;34.8;17.1
2A;2021-05-03;583;575;57163;28335;35.2;17.4
2A;2021-05-04;752;535;57915;28870;35.7;17.8
2A;2021-05-05;1011;984;58926;29854;36.3;18.4
2A;2021-05-06;904;911;59830;30765;36.8;18.9
2A;2021-05-07;1156;835;60986;31600;37.5;19.5
2A;2021-05-08;422;501;61408;32101;37.8;19.8
2A;2021-05-09;783;638;62191;32739;38.3;20.2
2A;2021-05-10;454;741;62645;33480;38.6;20.6
2A;2021-05-11;652;416;63297;33896;39.0;20.9
2A;2021-05-12;924;488;64221;34384;39.5;21.2
2A;2021-05-13;920;138;65141;34522;40.1;21.3
2A;2021-05-14;797;679;65938;35201;40.6;21.7
2A;2021-05-15;780;649;66718;35850;41.1;22.1
2A;2021-05-16;739;500;67457;36350;41.5;22.4
2A;2021-05-17;584;557;68041;36907;41.9;22.7
2A;2021-05-18;614;475;68655;37382;42.3;23.0
2A;2021-05-19;787;480;69442;37862;42.8;23.3
2A;2021-05-20;692;539;70134;38401;43.2;23.6
2A;2021-05-21;536;483;70670;38884;43.5;23.9
2A;2021-05-22;442;310;71112;39194;43.8;24.1
2A;2021-05-23;533;282;71645;39476;44.1;24.3
2A;2021-05-24;125;33;71770;39509;44.2;24.3
2A;2021-05-25;420;503;72190;40012;44.4;24.6
2A;2021-05-26;425;1166;72615;41178;44.7;25.4
2A;2021-05-27;435;1111;73050;42289;45.0;26.0
2A;2021-05-28;298;915;73348;43204;45.2;26.6
2A;2021-05-29;334;900;73682;44104;45.4;27.2
2A;2021-05-30;181;507;73863;44611;45.5;27.5
2A;2021-05-31;191;413;74054;45024;45.6;27.7
2A;2021-06-01;342;727;74396;45751;45.8;28.2
2A;2021-06-02;285;940;74681;46691;46.0;28.7
2A;2021-06-03;306;849;74987;47540;46.2;29.3
2A;2021-06-04;271;1091;75258;48631;46.3;29.9
2A;2021-06-05;319;1442;75577;50073;46.5;30.8
2A;2021-06-06;173;907;75750;50980;46.6;31.4
2A;2021-06-07;170;658;75920;51638;46.7;31.8
2A;2021-06-08;324;706;76244;52344;46.9;32.2
2A;2021-06-09;300;1315;76544;53659;47.1;33.0
2A;2021-06-10;329;857;76873;54516;47.3;33.6
2A;2021-06-11;277;1019;77150;55535;47.5;34.2
2A;2021-06-12;232;657;77382;56192;47.6;34.6
2A;2021-06-13;189;797;77571;56989;47.8;35.1
2A;2021-06-14;251;922;77822;57911;47.9;35.7
2A;2021-06-15;217;507;78039;58418;48.0;36.0
2A;2021-06-16;213;776;78252;59194;48.2;36.4
2A;2021-06-17;235;591;78487;59785;48.3;36.8
2A;2021-06-18;246;912;78733;60697;48.5;37.4
2A;2021-06-19;208;690;78941;61387;48.6;37.8
2A;2021-06-20;150;692;79091;62079;48.7;38.2
2A;2021-06-21;181;792;79272;62871;48.8;38.7
2A;2021-06-22;236;841;79508;63712;49.0;39.2
2A;2021-06-23;217;568;79725;64280;49.1;39.6
2A;2021-06-24;149;369;79874;64649;49.2;39.8
2A;2021-06-25;167;470;80041;65119;49.3;40.1
2A;2021-06-26;203;873;80244;65992;49.4;40.6
2A;2021-06-27;175;794;80419;66786;49.5;41.1
2A;2021-06-28;194;704;80613;67490;49.6;41.6
2A;2021-06-29;215;689;80828;68179;49.8;42.0
2A;2021-06-30;242;491;81070;68670;49.9;42.3
2A;2021-07-01;212;484;81282;69154;50.0;42.6
2A;2021-07-02;295;369;81577;69523;50.2;42.8
2A;2021-07-03;211;617;81788;70140;50.4;43.2
2A;2021-07-04;178;664;81966;70804;50.5;43.6
2A;2021-07-05;163;235;82129;71039;50.6;43.7
2A;2021-07-06;252;389;82381;71428;50.7;44.0
2A;2021-07-07;433;610;82814;72038;51.0;44.4
2A;2021-07-08;593;705;83407;72743;51.4;44.8
2A;2021-07-09;384;421;83791;73164;51.6;45.0
2A;2021-07-10;281;346;84072;73510;51.8;45.3
2A;2021-07-11;92;151;84164;73661;51.8;45.4
2A;2021-07-12;316;346;84480;74007;52.0;45.6
2A;2021-07-13;1179;533;85659;74540;52.7;45.9
2A;2021-07-14;1624;340;87283;74880;53.7;46.1
2A;2021-07-15;1437;836;88720;75716;54.6;46.6
2A;2021-07-16;1169;464;89889;76180;55.3;46.9
2A;2021-07-17;1096;345;90985;76525;56.0;47.1
2A;2021-07-18;635;135;91620;76660;56.4;47.2
2A;2021-07-19;918;425;92538;77085;57.0;47.5
2A;2021-07-20;1284;468;93822;77553;57.8;47.7
2A;2021-07-21;1428;724;95250;78277;58.6;48.2
2A;2021-07-22;1399;764;96649;79041;59.5;48.7
2A;2021-07-23;1440;464;98089;79505;60.4;48.9
2A;2021-07-24;896;289;98985;79794;60.9;49.1
2A;2021-07-25;451;81;99436;79875;61.2;49.2
2A;2021-07-26;1199;506;100635;80381;62.0;49.5
2A;2021-07-27;1300;511;101935;80892;62.8;49.8
2A;2021-07-28;1200;592;103135;81484;63.5;50.2
2A;2021-07-29;1229;656;104364;82140;64.3;50.6
2A;2021-07-30;961;609;105325;82749;64.8;50.9
2A;2021-07-31;543;340;105868;83089;65.2;51.2
2A;2021-08-01;570;123;106438;83212;65.5;51.2
2A;2021-08-02;450;493;106888;83705;65.8;51.5
2A;2021-08-03;814;882;107702;84587;66.3;52.1
2A;2021-08-04;725;1161;108427;85748;66.8;52.8
2A;2021-08-05;957;1348;109384;87096;67.3;53.6
2A;2021-08-06;389;814;109773;87910;67.6;54.1
2A;2021-08-07;353;888;110126;88798;67.8;54.7
2A;2021-08-08;78;185;110204;88983;67.9;54.8
2A;2021-08-09;662;1141;110866;90124;68.3;55.5
2A;2021-08-10;641;1208;111507;91332;68.7;56.2
2A;2021-08-11;595;1061;112102;92393;69.0;56.9
2A;2021-08-12;742;1490;112844;93883;69.5;57.8
2A;2021-08-13;483;1067;113327;94950;69.8;58.5
2A;2021-08-14;412;765;113739;95715;70.0;58.9
2A;2021-08-15;22;26;113761;95741;70.0;58.9
2A;2021-08-16;484;1292;114245;97033;70.3;59.7
2A;2021-08-17;937;1555;115182;98588;70.9;60.7
2A;2021-08-18;525;1123;115707;99711;71.2;61.4
2A;2021-08-19;430;1009;116137;100720;71.5;62.0
2A;2021-08-20;328;574;116465;101294;71.7;62.4
2A;2021-08-21;229;535;116694;101829;71.8;62.7
2A;2021-08-22;195;618;116889;102447;72.0;63.1
2A;2021-08-23;323;744;117212;103191;72.2;63.5
2A;2021-08-24;323;858;117535;104049;72.4;64.1
2A;2021-08-25;393;879;117928;104928;72.6;64.6
2A;2021-08-26;341;769;118269;105697;72.8;65.1
2A;2021-08-27;242;711;118511;106408;73.0;65.5
2A;2021-08-28;254;352;118765;106760;73.1;65.7
2A;2021-08-29;97;115;118862;106875;73.2;65.8
2A;2021-08-30;243;653;119105;107528;73.3;66.2
2A;2021-08-31;169;520;119274;108048;73.4;66.5
2A;2021-09-01;337;837;119611;108885;73.6;67.0
2A;2021-09-02;311;737;119922;109622;73.8;67.5
2A;2021-09-03;239;635;120161;110257;74.0;67.9
2A;2021-09-04;147;453;120308;110710;74.1;68.2
2A;2021-09-05;25;32;120333;110742;74.1;68.2
2A;2021-09-06;111;424;120444;111166;74.2;68.4
2A;2021-09-07;191;792;120635;111958;74.3;68.9
2A;2021-09-08;219;792;120854;112750;74.4;69.4
2A;2021-09-09;201;592;121055;113342;74.5;69.8
2A;2021-09-10;160;473;121215;113815;74.6;70.1
2A;2021-09-11;135;345;121350;114160;74.7;70.3
2A;2021-09-12;41;143;121391;114303;74.7;70.4
2A;2021-09-13;99;227;121490;114530;74.8;70.5
2A;2021-09-14;210;425;121700;114955;74.9;70.8
2B;2020-12-27;0;0;0;0;0.0;0.0
2B;2020-12-28;0;0;0;0;0.0;0.0
2B;2020-12-29;0;0;0;0;0.0;0.0
2B;2020-12-30;0;0;0;0;0.0;0.0
2B;2020-12-31;0;0;0;0;0.0;0.0
2B;2021-01-01;0;0;0;0;0.0;0.0
2B;2021-01-02;0;0;0;0;0.0;0.0
2B;2021-01-03;0;0;0;0;0.0;0.0
2B;2021-01-04;2;0;2;0;0.0;0.0
2B;2021-01-05;0;0;2;0;0.0;0.0
2B;2021-01-06;48;1;50;1;0.0;0.0
2B;2021-01-07;210;0;260;1;0.1;0.0
2B;2021-01-08;197;1;457;2;0.3;0.0
2B;2021-01-09;40;0;497;2;0.3;0.0
2B;2021-01-10;1;0;498;2;0.3;0.0
2B;2021-01-11;74;0;572;2;0.3;0.0
2B;2021-01-12;128;1;700;3;0.4;0.0
2B;2021-01-13;93;0;793;3;0.4;0.0
2B;2021-01-14;72;0;865;3;0.5;0.0
2B;2021-01-15;259;0;1124;3;0.6;0.0
2B;2021-01-16;43;0;1167;3;0.6;0.0
2B;2021-01-17;8;0;1175;3;0.6;0.0
2B;2021-01-18;271;0;1446;3;0.8;0.0
2B;2021-01-19;502;0;1948;3;1.1;0.0
2B;2021-01-20;462;2;2410;5;1.3;0.0
2B;2021-01-21;358;0;2768;5;1.5;0.0
2B;2021-01-22;380;0;3148;5;1.7;0.0
2B;2021-01-23;61;0;3209;5;1.8;0.0
2B;2021-01-24;29;0;3238;5;1.8;0.0
2B;2021-01-25;210;2;3448;7;1.9;0.0
2B;2021-01-26;391;1;3839;8;2.1;0.0
2B;2021-01-27;342;30;4181;38;2.3;0.0
2B;2021-01-28;365;118;4546;156;2.5;0.1
2B;2021-01-29;294;135;4840;291;2.7;0.2
2B;2021-01-30;80;32;4920;323;2.7;0.2
2B;2021-01-31;60;0;4980;323;2.7;0.2
2B;2021-02-01;232;84;5212;407;2.9;0.2
2B;2021-02-02;357;72;5569;479;3.1;0.3
2B;2021-02-03;520;86;6089;565;3.3;0.3
2B;2021-02-04;458;110;6547;675;3.6;0.4
2B;2021-02-05;395;85;6942;760;3.8;0.4
2B;2021-02-06;87;11;7029;771;3.9;0.4
2B;2021-02-07;60;0;7089;771;3.9;0.4
2B;2021-02-08;231;121;7320;892;4.0;0.5
2B;2021-02-09;586;251;7906;1143;4.3;0.6
2B;2021-02-10;485;160;8391;1303;4.6;0.7
2B;2021-02-11;382;108;8773;1411;4.8;0.8
2B;2021-02-12;299;110;9072;1521;5.0;0.8
2B;2021-02-13;77;10;9149;1531;5.0;0.8
2B;2021-02-14;62;1;9211;1532;5.1;0.8
2B;2021-02-15;190;100;9401;1632;5.2;0.9
2B;2021-02-16;253;217;9654;1849;5.3;1.0
2B;2021-02-17;312;252;9966;2101;5.5;1.2
2B;2021-02-18;215;278;10181;2379;5.6;1.3
2B;2021-02-19;163;267;10344;2646;5.7;1.5
2B;2021-02-20;32;38;10376;2684;5.7;1.5
2B;2021-02-21;28;23;10404;2707;5.7;1.5
2B;2021-02-22;133;154;10537;2861;5.8;1.6
2B;2021-02-23;231;301;10768;3162;5.9;1.7
2B;2021-02-24;229;266;10997;3428;6.0;1.9
2B;2021-02-25;245;280;11242;3708;6.2;2.0
2B;2021-02-26;300;241;11542;3949;6.3;2.2
2B;2021-02-27;60;70;11602;4019;6.4;2.2
2B;2021-02-28;1;44;11603;4063;6.4;2.2
2B;2021-03-01;246;238;11849;4301;6.5;2.4
2B;2021-03-02;352;354;12201;4655;6.7;2.6
2B;2021-03-03;299;395;12500;5050;6.9;2.8
2B;2021-03-04;447;376;12947;5426;7.1;3.0
2B;2021-03-05;619;352;13566;5778;7.4;3.2
2B;2021-03-06;682;90;14248;5868;7.8;3.2
2B;2021-03-07;361;56;14609;5924;8.0;3.3
2B;2021-03-08;301;220;14910;6144;8.2;3.4
2B;2021-03-09;384;472;15294;6616;8.4;3.6
2B;2021-03-10;631;420;15925;7036;8.7;3.9
2B;2021-03-11;584;333;16509;7369;9.1;4.0
2B;2021-03-12;968;219;17477;7588;9.6;4.2
2B;2021-03-13;511;97;17988;7685;9.9;4.2
2B;2021-03-14;226;63;18214;7748;10.0;4.3
2B;2021-03-15;515;198;18729;7946;10.3;4.4
2B;2021-03-16;571;271;19300;8217;10.6;4.5
2B;2021-03-17;530;258;19830;8475;10.9;4.7
2B;2021-03-18;551;221;20381;8696;11.2;4.8
2B;2021-03-19;804;192;21185;8888;11.6;4.9
2B;2021-03-20;656;37;21841;8925;12.0;4.9
2B;2021-03-21;428;36;22269;8961;12.2;4.9
2B;2021-03-22;546;122;22815;9083;12.5;5.0
2B;2021-03-23;789;255;23604;9338;13.0;5.1
2B;2021-03-24;831;214;24435;9552;13.4;5.2
2B;2021-03-25;824;163;25259;9715;13.9;5.3
2B;2021-03-26;958;189;26217;9904;14.4;5.4
2B;2021-03-27;1092;36;27309;9940;15.0;5.5
2B;2021-03-28;830;121;28139;10061;15.4;5.5
2B;2021-03-29;745;177;28884;10238;15.8;5.6
2B;2021-03-30;972;323;29856;10561;16.4;5.8
2B;2021-03-31;981;265;30837;10826;16.9;5.9
2B;2021-04-01;1003;226;31840;11052;17.5;6.1
2B;2021-04-02;966;408;32806;11460;18.0;6.3
2B;2021-04-03;1246;153;34052;11613;18.7;6.4
2B;2021-04-04;197;60;34249;11673;18.8;6.4
2B;2021-04-05;109;113;34358;11786;18.9;6.5
2B;2021-04-06;1033;359;35391;12145;19.4;6.7
2B;2021-04-07;1231;421;36622;12566;20.1;6.9
2B;2021-04-08;1129;408;37751;12974;20.7;7.1
2B;2021-04-09;1166;567;38917;13541;21.4;7.4
2B;2021-04-10;1353;265;40270;13806;22.1;7.6
2B;2021-04-11;815;65;41085;13871;22.5;7.6
2B;2021-04-12;853;558;41938;14429;23.0;7.9
2B;2021-04-13;1063;630;43001;15059;23.6;8.3
2B;2021-04-14;1046;494;44047;15553;24.2;8.5
2B;2021-04-15;886;517;44933;16070;24.7;8.8
2B;2021-04-16;910;647;45843;16717;25.2;9.2
2B;2021-04-17;386;447;46229;17164;25.4;9.4
2B;2021-04-18;253;342;46482;17506;25.5;9.6
2B;2021-04-19;822;436;47304;17942;26.0;9.8
2B;2021-04-20;898;843;48202;18785;26.4;10.3
2B;2021-04-21;1056;608;49258;19393;27.0;10.6
2B;2021-04-22;938;732;50196;20125;27.5;11.0
2B;2021-04-23;662;627;50858;20752;27.9;11.4
2B;2021-04-24;287;772;51145;21524;28.1;11.8
2B;2021-04-25;285;477;51430;22001;28.2;12.1
2B;2021-04-26;708;918;52138;22919;28.6;12.6
2B;2021-04-27;965;872;53103;23791;29.1;13.1
2B;2021-04-28;919;861;54022;24652;29.6;13.5
2B;2021-04-29;925;867;54947;25519;30.1;14.0
2B;2021-04-30;1133;831;56080;26350;30.8;14.5
2B;2021-05-01;460;1116;56540;27466;31.0;15.1
2B;2021-05-02;335;244;56875;27710;31.2;15.2
2B;2021-05-03;1017;496;57892;28206;31.8;15.5
2B;2021-05-04;811;1151;58703;29357;32.2;16.1
2B;2021-05-05;801;1376;59504;30733;32.6;16.9
2B;2021-05-06;1287;905;60791;31638;33.4;17.4
2B;2021-05-07;1062;987;61853;32625;33.9;17.9
2B;2021-05-08;459;853;62312;33478;34.2;18.4
2B;2021-05-09;394;683;62706;34161;34.4;18.7
2B;2021-05-10;926;801;63632;34962;34.9;19.2
2B;2021-05-11;933;1162;64565;36124;35.4;19.8
2B;2021-05-12;861;893;65426;37017;35.9;20.3
2B;2021-05-13;1028;376;66454;37393;36.5;20.5
2B;2021-05-14;719;578;67173;37971;36.9;20.8
2B;2021-05-15;701;353;67874;38324;37.2;21.0
2B;2021-05-16;300;180;68174;38504;37.4;21.1
2B;2021-05-17;1003;405;69177;38909;38.0;21.3
2B;2021-05-18;991;383;70168;39292;38.5;21.6
2B;2021-05-19;771;416;70939;39708;38.9;21.8
2B;2021-05-20;673;359;71612;40067;39.3;22.0
2B;2021-05-21;706;502;72318;40569;39.7;22.3
2B;2021-05-22;574;392;72892;40961;40.0;22.5
2B;2021-05-23;170;46;73062;41007;40.1;22.5
2B;2021-05-24;40;115;73102;41122;40.1;22.6
2B;2021-05-25;549;350;73651;41472;40.4;22.8
2B;2021-05-26;545;787;74196;42259;40.7;23.2
2B;2021-05-27;407;1131;74603;43390;40.9;23.8
2B;2021-05-28;553;906;75156;44296;41.2;24.3
2B;2021-05-29;311;353;75467;44649;41.4;24.5
2B;2021-05-30;46;45;75513;44694;41.4;24.5
2B;2021-05-31;376;831;75889;45525;41.6;25.0
2B;2021-06-01;414;1037;76303;46562;41.9;25.5
2B;2021-06-02;364;988;76667;47550;42.1;26.1
2B;2021-06-03;499;806;77166;48356;42.3;26.5
2B;2021-06-04;344;1253;77510;49609;42.5;27.2
2B;2021-06-05;257;491;77767;50100;42.7;27.5
2B;2021-06-06;51;129;77818;50229;42.7;27.6
2B;2021-06-07;283;949;78101;51178;42.9;28.1
2B;2021-06-08;399;1167;78500;52345;43.1;28.7
2B;2021-06-09;519;1177;79019;53522;43.4;29.4
2B;2021-06-10;368;939;79387;54461;43.6;29.9
2B;2021-06-11;432;1272;79819;55733;43.8;30.6
2B;2021-06-12;151;544;79970;56277;43.9;30.9
2B;2021-06-13;27;59;79997;56336;43.9;30.9
2B;2021-06-14;195;1111;80192;57447;44.0;31.5
2B;2021-06-15;345;1219;80537;58666;44.2;32.2
2B;2021-06-16;383;935;80920;59601;44.4;32.7
2B;2021-06-17;403;1047;81323;60648;44.6;33.3
2B;2021-06-18;348;960;81671;61608;44.8;33.8
2B;2021-06-19;144;330;81815;61938;44.9;34.0
2B;2021-06-20;44;194;81859;62132;44.9;34.1
2B;2021-06-21;265;962;82124;63094;45.1;34.6
2B;2021-06-22;317;1115;82441;64209;45.2;35.2
2B;2021-06-23;209;872;82650;65081;45.3;35.7
2B;2021-06-24;337;757;82987;65838;45.5;36.1
2B;2021-06-25;212;1074;83199;66912;45.6;36.7
2B;2021-06-26;105;550;83304;67462;45.7;37.0
2B;2021-06-27;32;215;83336;67677;45.7;37.1
2B;2021-06-28;329;954;83665;68631;45.9;37.7
2B;2021-06-29;270;987;83935;69618;46.1;38.2
2B;2021-06-30;381;950;84316;70568;46.3;38.7
2B;2021-07-01;226;509;84542;71077;46.4;39.0
2B;2021-07-02;219;557;84761;71634;46.5;39.3
2B;2021-07-03;91;397;84852;72031;46.6;39.5
2B;2021-07-04;2;0;84854;72031;46.6;39.5
2B;2021-07-05;264;666;85118;72697;46.7;39.9
2B;2021-07-06;450;707;85568;73404;46.9;40.3
2B;2021-07-07;377;909;85945;74313;47.2;40.8
2B;2021-07-08;183;349;86128;74662;47.3;41.0
2B;2021-07-09;250;376;86378;75038;47.4;41.2
2B;2021-07-10;197;199;86575;75237;47.5;41.3
2B;2021-07-11;13;14;86588;75251;47.5;41.3
2B;2021-07-12;498;746;87086;75997;47.8;41.7
2B;2021-07-13;822;1019;87908;77016;48.2;42.3
2B;2021-07-14;344;100;88252;77116;48.4;42.3
2B;2021-07-15;1272;589;89524;77705;49.1;42.6
2B;2021-07-16;1121;564;90645;78269;49.7;42.9
2B;2021-07-17;711;319;91356;78588;50.1;43.1
2B;2021-07-18;179;49;91535;78637;50.2;43.1
2B;2021-07-19;858;709;92393;79346;50.7;43.5
2B;2021-07-20;1212;681;93605;80027;51.4;43.9
2B;2021-07-21;1396;725;95001;80752;52.1;44.3
2B;2021-07-22;1330;604;96331;81356;52.9;44.6
2B;2021-07-23;1325;501;97656;81857;53.6;44.9
2B;2021-07-24;536;316;98192;82173;53.9;45.1
2B;2021-07-25;203;71;98395;82244;54.0;45.1
2B;2021-07-26;913;632;99308;82876;54.5;45.5
2B;2021-07-27;1579;702;100887;83578;55.4;45.9
2B;2021-07-28;1174;634;102061;84212;56.0;46.2
2B;2021-07-29;1145;449;103206;84661;56.6;46.5
2B;2021-07-30;766;349;103972;85010;57.0;46.6
2B;2021-07-31;539;233;104511;85243;57.3;46.8
2B;2021-08-01;230;57;104741;85300;57.5;46.8
2B;2021-08-02;802;471;105543;85771;57.9;47.1
2B;2021-08-03;1137;785;106680;86556;58.5;47.5
2B;2021-08-04;811;454;107491;87010;59.0;47.7
2B;2021-08-05;1024;558;108515;87568;59.5;48.0
2B;2021-08-06;702;524;109217;88092;59.9;48.3
2B;2021-08-07;306;406;109523;88498;60.1;48.6
2B;2021-08-08;93;142;109616;88640;60.1;48.6
2B;2021-08-09;537;747;110153;89387;60.4;49.0
2B;2021-08-10;737;1132;110890;90519;60.8;49.7
2B;2021-08-11;752;900;111642;91419;61.3;50.2
2B;2021-08-12;691;1045;112333;92464;61.6;50.7
2B;2021-08-13;491;948;112824;93412;61.9;51.3
2B;2021-08-14;200;438;113024;93850;62.0;51.5
2B;2021-08-15;117;173;113141;94023;62.1;51.6
2B;2021-08-16;509;1064;113650;95087;62.4;52.2
2B;2021-08-17;585;1306;114235;96393;62.7;52.9
2B;2021-08-18;509;1193;114744;97586;63.0;53.5
2B;2021-08-19;432;898;115176;98484;63.2;54.0
2B;2021-08-20;365;809;115541;99293;63.4;54.5
2B;2021-08-21;158;475;115699;99768;63.5;54.7
2B;2021-08-22;79;208;115778;99976;63.5;54.9
2B;2021-08-23;371;943;116149;100919;63.7;55.4
2B;2021-08-24;495;1212;116644;102131;64.0;56.0
2B;2021-08-25;343;968;116987;103099;64.2;56.6
2B;2021-08-26;397;816;117384;103915;64.4;57.0
2B;2021-08-27;258;572;117642;104487;64.5;57.3
2B;2021-08-28;166;442;117808;104929;64.6;57.6
2B;2021-08-29;52;126;117860;105055;64.7;57.6
2B;2021-08-30;363;851;118223;105906;64.9;58.1
2B;2021-08-31;378;921;118601;106827;65.1;58.6
2B;2021-09-01;367;986;118968;107813;65.3;59.2
2B;2021-09-02;304;735;119272;108548;65.4;59.6
2B;2021-09-03;218;507;119490;109055;65.6;59.8
2B;2021-09-04;123;352;119613;109407;65.6;60.0
2B;2021-09-05;17;137;119630;109544;65.6;60.1
2B;2021-09-06;162;654;119792;110198;65.7;60.5
2B;2021-09-07;255;984;120047;111182;65.9;61.0
2B;2021-09-08;201;745;120248;111927;66.0;61.4
2B;2021-09-09;180;520;120428;112447;66.1;61.7
2B;2021-09-10;199;483;120627;112930;66.2;62.0
2B;2021-09-11;128;309;120755;113239;66.3;62.1
2B;2021-09-12;17;114;120772;113353;66.3;62.2
2B;2021-09-13;189;533;120961;113886;66.4;62.5
2B;2021-09-14;278;930;121239;114816;66.5;63.0
30;2020-12-27;1;0;1;0;0.0;0.0
30;2020-12-28;1;0;2;0;0.0;0.0
30;2020-12-29;0;0;2;0;0.0;0.0
30;2020-12-30;0;0;2;0;0.0;0.0
30;2020-12-31;0;0;2;0;0.0;0.0
30;2021-01-01;0;0;2;0;0.0;0.0
30;2021-01-02;0;0;2;0;0.0;0.0
30;2021-01-03;0;0;2;0;0.0;0.0
30;2021-01-04;1;0;3;0;0.0;0.0
30;2021-01-05;3;0;6;0;0.0;0.0
30;2021-01-06;128;0;134;0;0.0;0.0
30;2021-01-07;313;0;447;0;0.1;0.0
30;2021-01-08;533;0;980;0;0.1;0.0
30;2021-01-09;270;0;1250;0;0.2;0.0
30;2021-01-10;0;0;1250;0;0.2;0.0
30;2021-01-11;537;0;1787;0;0.2;0.0
30;2021-01-12;800;3;2587;3;0.3;0.0
30;2021-01-13;640;0;3227;3;0.4;0.0
30;2021-01-14;652;5;3879;8;0.5;0.0
30;2021-01-15;756;2;4635;10;0.6;0.0
30;2021-01-16;313;0;4948;10;0.7;0.0
30;2021-01-17;3;0;4951;10;0.7;0.0
30;2021-01-18;944;5;5895;15;0.8;0.0
30;2021-01-19;1735;5;7630;20;1.0;0.0
30;2021-01-20;1304;2;8934;22;1.2;0.0
30;2021-01-21;1229;2;10163;24;1.4;0.0
30;2021-01-22;1078;6;11241;30;1.5;0.0
30;2021-01-23;634;2;11875;32;1.6;0.0
30;2021-01-24;0;0;11875;32;1.6;0.0
30;2021-01-25;831;4;12706;36;1.7;0.0
30;2021-01-26;1061;15;13767;51;1.8;0.0
30;2021-01-27;982;104;14749;155;2.0;0.0
30;2021-01-28;713;246;15462;401;2.1;0.1
30;2021-01-29;669;419;16131;820;2.2;0.1
30;2021-01-30;472;261;16603;1081;2.2;0.1
30;2021-01-31;3;6;16606;1087;2.2;0.1
30;2021-02-01;816;404;17422;1491;2.3;0.2
30;2021-02-02;1876;635;19298;2126;2.6;0.3
30;2021-02-03;1185;455;20483;2581;2.7;0.3
30;2021-02-04;968;589;21451;3170;2.9;0.4
30;2021-02-05;599;698;22050;3868;2.9;0.5
30;2021-02-06;294;203;22344;4071;3.0;0.5
30;2021-02-07;3;8;22347;4079;3.0;0.5
30;2021-02-08;574;604;22921;4683;3.1;0.6
30;2021-02-09;984;909;23905;5592;3.2;0.7
30;2021-02-10;986;981;24891;6573;3.3;0.9
30;2021-02-11;929;935;25820;7508;3.4;1.0
30;2021-02-12;619;875;26439;8383;3.5;1.1
30;2021-02-13;436;296;26875;8679;3.6;1.2
30;2021-02-14;3;19;26878;8698;3.6;1.2
30;2021-02-15;450;473;27328;9171;3.7;1.2
30;2021-02-16;460;712;27788;9883;3.7;1.3
30;2021-02-17;682;518;28470;10401;3.8;1.4
30;2021-02-18;796;427;29266;10828;3.9;1.4
30;2021-02-19;574;562;29840;11390;4.0;1.5
30;2021-02-20;223;176;30063;11566;4.0;1.5
30;2021-02-21;5;3;30068;11569;4.0;1.5
30;2021-02-22;501;650;30569;12219;4.1;1.6
30;2021-02-23;973;1341;31542;13560;4.2;1.8
30;2021-02-24;929;1013;32471;14573;4.3;1.9
30;2021-02-25;1209;778;33680;15351;4.5;2.1
30;2021-02-26;1337;490;35017;15841;4.7;2.1
30;2021-02-27;564;442;35581;16283;4.8;2.2
30;2021-02-28;3;7;35584;16290;4.8;2.2
30;2021-03-01;1340;741;36924;17031;4.9;2.3
30;2021-03-02;1713;807;38637;17838;5.2;2.4
30;2021-03-03;2310;655;40947;18493;5.5;2.5
30;2021-03-04;2638;798;43585;19291;5.8;2.6
30;2021-03-05;2765;559;46350;19850;6.2;2.7
30;2021-03-06;2997;315;49347;20165;6.6;2.7
30;2021-03-07;1862;47;51209;20212;6.8;2.7
30;2021-03-08;1555;708;52764;20920;7.0;2.8
30;2021-03-09;2276;794;55040;21714;7.4;2.9
30;2021-03-10;2359;606;57399;22320;7.7;3.0
30;2021-03-11;3056;661;60455;22981;8.1;3.1
30;2021-03-12;3115;360;63570;23341;8.5;3.1
30;2021-03-13;2227;278;65797;23619;8.8;3.2
30;2021-03-14;83;3;65880;23622;8.8;3.2
30;2021-03-15;1579;547;67459;24169;9.0;3.2
30;2021-03-16;1299;1013;68758;25182;9.2;3.4
30;2021-03-17;1456;625;70214;25807;9.4;3.4
30;2021-03-18;1649;704;71863;26511;9.6;3.5
30;2021-03-19;2250;533;74113;27044;9.9;3.6
30;2021-03-20;1401;142;75514;27186;10.1;3.6
30;2021-03-21;58;8;75572;27194;10.1;3.6
30;2021-03-22;2397;709;77969;27903;10.4;3.7
30;2021-03-23;3512;797;81481;28700;10.9;3.8
30;2021-03-24;3639;807;85120;29507;11.4;3.9
30;2021-03-25;4406;838;89526;30345;12.0;4.1
30;2021-03-26;4363;642;93889;30987;12.5;4.1
30;2021-03-27;1971;374;95860;31361;12.8;4.2
30;2021-03-28;35;29;95895;31390;12.8;4.2
30;2021-03-29;2817;1641;98712;33031;13.2;4.4
30;2021-03-30;3778;1868;102490;34899;13.7;4.7
30;2021-03-31;3507;1632;105997;36531;14.2;4.9
30;2021-04-01;4016;1465;110013;37996;14.7;5.1
30;2021-04-02;3605;1221;113618;39217;15.2;5.2
30;2021-04-03;1063;1216;114681;40433;15.3;5.4
30;2021-04-04;30;188;114711;40621;15.3;5.4
30;2021-04-05;766;289;115477;40910;15.4;5.5
30;2021-04-06;3044;1576;118521;42486;15.8;5.7
30;2021-04-07;2720;1627;121241;44113;16.2;5.9
30;2021-04-08;3923;1484;125164;45597;16.7;6.1
30;2021-04-09;4889;1512;130053;47109;17.4;6.3
30;2021-04-10;2427;1175;132480;48284;17.7;6.5
30;2021-04-11;950;59;133430;48343;17.8;6.5
30;2021-04-12;3146;1489;136576;49832;18.2;6.7
30;2021-04-13;4019;1929;140595;51761;18.8;6.9
30;2021-04-14;3387;1542;143982;53303;19.2;7.1
30;2021-04-15;3830;1469;147812;54772;19.7;7.3
30;2021-04-16;3703;1543;151515;56315;20.2;7.5
30;2021-04-17;1493;950;153008;57265;20.4;7.7
30;2021-04-18;961;67;153969;57332;20.6;7.7
30;2021-04-19;2450;2295;156419;59627;20.9;8.0
30;2021-04-20;2816;2826;159235;62453;21.3;8.3
30;2021-04-21;2603;2568;161838;65021;21.6;8.7
30;2021-04-22;3527;2317;165365;67338;22.1;9.0
30;2021-04-23;3583;2299;168948;69637;22.6;9.3
30;2021-04-24;1347;1229;170295;70866;22.8;9.5
30;2021-04-25;748;90;171043;70956;22.9;9.5
30;2021-04-26;2019;2387;173062;73343;23.1;9.8
30;2021-04-27;2952;2594;176014;75937;23.5;10.1
30;2021-04-28;2838;2485;178852;78422;23.9;10.5
30;2021-04-29;3621;2318;182473;80740;24.4;10.8
30;2021-04-30;3409;2013;185882;82753;24.8;11.1
30;2021-05-01;1749;601;187631;83354;25.1;11.1
30;2021-05-02;665;245;188296;83599;25.2;11.2
30;2021-05-03;3758;2502;192054;86101;25.7;11.5
30;2021-05-04;3986;3538;196040;89639;26.2;12.0
30;2021-05-05;3947;3117;199987;92756;26.7;12.4
30;2021-05-06;4205;3363;204192;96119;27.3;12.8
30;2021-05-07;4079;3060;208271;99179;27.8;13.3
30;2021-05-08;1605;722;209876;99901;28.0;13.3
30;2021-05-09;372;613;210248;100514;28.1;13.4
30;2021-05-10;2921;3112;213169;103626;28.5;13.8
30;2021-05-11;5388;3644;218557;107270;29.2;14.3
30;2021-05-12;5303;3214;223860;110484;29.9;14.8
30;2021-05-13;3232;1028;227092;111512;30.3;14.9
30;2021-05-14;4892;2460;231984;113972;31.0;15.2
30;2021-05-15;3408;1206;235392;115178;31.4;15.4
30;2021-05-16;397;338;235789;115516;31.5;15.4
30;2021-05-17;3798;3030;239587;118546;32.0;15.8
30;2021-05-18;4828;3032;244415;121578;32.7;16.2
30;2021-05-19;4775;2546;249190;124124;33.3;16.6
30;2021-05-20;5015;2572;254205;126696;34.0;16.9
30;2021-05-21;4888;2472;259093;129168;34.6;17.3
30;2021-05-22;3158;1285;262251;130453;35.0;17.4
30;2021-05-23;288;344;262539;130797;35.1;17.5
30;2021-05-24;786;766;263325;131563;35.2;17.6
30;2021-05-25;2657;3157;265982;134720;35.5;18.0
30;2021-05-26;2889;2572;268871;137292;35.9;18.3
30;2021-05-27;3761;2708;272632;140000;36.4;18.7
30;2021-05-28;3326;3246;275958;143246;36.9;19.1
30;2021-05-29;1687;1794;277645;145040;37.1;19.4
30;2021-05-30;360;584;278005;145624;37.1;19.5
30;2021-05-31;2830;2293;280835;147917;37.5;19.8
30;2021-06-01;3659;2792;284494;150709;38.0;20.1
30;2021-06-02;3320;2451;287814;153160;38.5;20.5
30;2021-06-03;4132;3343;291946;156503;39.0;20.9
30;2021-06-04;3904;3394;295850;159897;39.5;21.4
30;2021-06-05;1907;1315;297757;161212;39.8;21.5
30;2021-06-06;684;264;298441;161476;39.9;21.6
30;2021-06-07;4727;2525;303168;164001;40.5;21.9
30;2021-06-08;4833;3322;308001;167323;41.2;22.4
30;2021-06-09;4155;2988;312156;170311;41.7;22.8
30;2021-06-10;4612;3354;316768;173665;42.3;23.2
30;2021-06-11;4587;3807;321355;177472;42.9;23.7
30;2021-06-12;2485;1709;323840;179181;43.3;23.9
30;2021-06-13;494;344;324334;179525;43.3;24.0
30;2021-06-14;2470;4710;326804;184235;43.7;24.6
30;2021-06-15;3199;5309;330003;189544;44.1;25.3
30;2021-06-16;3108;4644;333111;194188;44.5;25.9
30;2021-06-17;3923;4371;337034;198559;45.0;26.5
30;2021-06-18;3714;4695;340748;203254;45.5;27.2
30;2021-06-19;1441;2004;342189;205258;45.7;27.4
30;2021-06-20;357;491;342546;205749;45.8;27.5
30;2021-06-21;2380;4911;344926;210660;46.1;28.1
30;2021-06-22;2365;5741;347291;216401;46.4;28.9
30;2021-06-23;2529;5342;349820;221743;46.7;29.6
30;2021-06-24;2339;4706;352159;226449;47.1;30.3
30;2021-06-25;2611;5601;354770;232050;47.4;31.0
30;2021-06-26;909;2939;355679;234989;47.5;31.4
30;2021-06-27;222;527;355901;235516;47.6;31.5
30;2021-06-28;1670;6027;357571;241543;47.8;32.3
30;2021-06-29;1837;6025;359408;247568;48.0;33.1
30;2021-06-30;2003;5255;361411;252823;48.3;33.8
30;2021-07-01;2988;4718;364399;257541;48.7;34.4
30;2021-07-02;2836;4629;367235;262170;49.1;35.0
30;2021-07-03;1155;3047;368390;265217;49.2;35.4
30;2021-07-04;116;393;368506;265610;49.2;35.5
30;2021-07-05;2027;4028;370533;269638;49.5;36.0
30;2021-07-06;2666;4972;373199;274610;49.9;36.7
30;2021-07-07;2539;4220;375738;278830;50.2;37.3
30;2021-07-08;2016;3422;377754;282252;50.5;37.7
30;2021-07-09;2410;5315;380164;287567;50.8;38.4
30;2021-07-10;1505;2156;381669;289723;51.0;38.7
30;2021-07-11;48;415;381717;290138;51.0;38.8
30;2021-07-12;2528;5150;384245;295288;51.3;39.5
30;2021-07-13;3302;6036;387547;301324;51.8;40.3
30;2021-07-14;501;551;388048;301875;51.8;40.3
30;2021-07-15;4137;5477;392185;307352;52.4;41.1
30;2021-07-16;4987;5727;397172;313079;53.1;41.8
30;2021-07-17;1706;2466;398878;315545;53.3;42.2
30;2021-07-18;146;601;399024;316146;53.3;42.2
30;2021-07-19;3374;6309;402398;322455;53.8;43.1
30;2021-07-20;4644;6521;407042;328976;54.4;44.0
30;2021-07-21;4064;5412;411106;334388;54.9;44.7
30;2021-07-22;4901;5738;416007;340126;55.6;45.4
30;2021-07-23;5001;5864;421008;345990;56.2;46.2
30;2021-07-24;2241;3261;423249;349251;56.5;46.7
30;2021-07-25;137;309;423386;349560;56.6;46.7
30;2021-07-26;4418;4130;427804;353690;57.2;47.3
30;2021-07-27;4860;4649;432664;358339;57.8;47.9
30;2021-07-28;4880;4023;437544;362362;58.5;48.4
30;2021-07-29;5928;4136;443472;366498;59.3;49.0
30;2021-07-30;5346;4387;448818;370885;60.0;49.6
30;2021-07-31;2653;1965;451471;372850;60.3;49.8
30;2021-08-01;734;312;452205;373162;60.4;49.9
30;2021-08-02;3685;4016;455890;377178;60.9;50.4
30;2021-08-03;4886;3953;460776;381131;61.6;50.9
30;2021-08-04;5281;3052;466057;384183;62.3;51.3
30;2021-08-05;4619;3787;470676;387970;62.9;51.8
30;2021-08-06;4294;4056;474970;392026;63.5;52.4
30;2021-08-07;1841;1952;476811;393978;63.7;52.6
30;2021-08-08;619;280;477430;394258;63.8;52.7
30;2021-08-09;3344;3759;480774;398017;64.2;53.2
30;2021-08-10;3929;4403;484703;402420;64.8;53.8
30;2021-08-11;3403;3481;488106;405901;65.2;54.2
30;2021-08-12;3764;4217;491870;410118;65.7;54.8
30;2021-08-13;3307;3339;495177;413457;66.2;55.2
30;2021-08-14;1132;2050;496309;415507;66.3;55.5
30;2021-08-15;270;176;496579;415683;66.3;55.5
30;2021-08-16;2201;4864;498780;420547;66.6;56.2
30;2021-08-17;2744;4197;501524;424744;67.0;56.7
30;2021-08-18;2813;3834;504337;428578;67.4;57.3
30;2021-08-19;2853;4318;507190;432896;67.8;57.8
30;2021-08-20;2601;4461;509791;437357;68.1;58.4
30;2021-08-21;1017;2887;510808;440244;68.2;58.8
30;2021-08-22;226;516;511034;440760;68.3;58.9
30;2021-08-23;1684;4475;512718;445235;68.5;59.5
30;2021-08-24;1945;4523;514663;449758;68.8;60.1
30;2021-08-25;1680;4344;516343;454102;69.0;60.7
30;2021-08-26;1843;4254;518186;458356;69.2;61.2
30;2021-08-27;1761;4354;519947;462710;69.5;61.8
30;2021-08-28;679;2474;520626;465184;69.6;62.2
30;2021-08-29;181;613;520807;465797;69.6;62.2
30;2021-08-30;1405;4306;522212;470103;69.8;62.8
30;2021-08-31;1324;4189;523536;474292;69.9;63.4
30;2021-09-01;1235;3624;524771;477916;70.1;63.9
30;2021-09-02;1350;3584;526121;481500;70.3;64.3
30;2021-09-03;1499;4184;527620;485684;70.5;64.9
30;2021-09-04;682;1960;528302;487644;70.6;65.2
30;2021-09-05;136;527;528438;488171;70.6;65.2
30;2021-09-06;730;2741;529168;490912;70.7;65.6
30;2021-09-07;693;2644;529861;493556;70.8;65.9
30;2021-09-08;860;2861;530721;496417;70.9;66.3
30;2021-09-09;888;2487;531609;498904;71.0;66.7
30;2021-09-10;918;2998;532527;501902;71.1;67.1
30;2021-09-11;524;1659;533051;503561;71.2;67.3
30;2021-09-12;91;225;533142;503786;71.2;67.3
30;2021-09-13;666;2009;533808;505795;71.3;67.6
30;2021-09-14;622;2032;534430;507827;71.4;67.8
31;2020-12-27;0;0;0;0;0.0;0.0
31;2020-12-28;1;0;1;0;0.0;0.0
31;2020-12-29;0;0;1;0;0.0;0.0
31;2020-12-30;0;0;1;0;0.0;0.0
31;2020-12-31;1;0;2;0;0.0;0.0
31;2021-01-01;4;0;6;0;0.0;0.0
31;2021-01-02;0;0;6;0;0.0;0.0
31;2021-01-03;2;0;8;0;0.0;0.0
31;2021-01-04;5;0;13;0;0.0;0.0
31;2021-01-05;50;0;63;0;0.0;0.0
31;2021-01-06;211;1;274;1;0.0;0.0
31;2021-01-07;284;1;558;2;0.0;0.0
31;2021-01-08;546;1;1104;3;0.1;0.0
31;2021-01-09;275;0;1379;3;0.1;0.0
31;2021-01-10;286;0;1665;3;0.1;0.0
31;2021-01-11;983;3;2648;6;0.2;0.0
31;2021-01-12;1193;1;3841;7;0.3;0.0
31;2021-01-13;1158;3;4999;10;0.4;0.0
31;2021-01-14;1179;18;6178;28;0.4;0.0
31;2021-01-15;1047;3;7225;31;0.5;0.0
31;2021-01-16;243;1;7468;32;0.5;0.0
31;2021-01-17;176;0;7644;32;0.5;0.0
31;2021-01-18;1616;5;9260;37;0.7;0.0
31;2021-01-19;2936;10;12196;47;0.9;0.0
31;2021-01-20;3670;12;15866;59;1.1;0.0
31;2021-01-21;2994;7;18860;66;1.3;0.0
31;2021-01-22;2274;4;21134;70;1.5;0.0
31;2021-01-23;728;2;21862;72;1.6;0.0
31;2021-01-24;212;1;22074;73;1.6;0.0
31;2021-01-25;1744;9;23818;82;1.7;0.0
31;2021-01-26;1839;36;25657;118;1.8;0.0
31;2021-01-27;1575;140;27232;258;1.9;0.0
31;2021-01-28;1385;283;28617;541;2.0;0.0
31;2021-01-29;1359;315;29976;856;2.1;0.1
31;2021-01-30;446;168;30422;1024;2.2;0.1
31;2021-01-31;61;191;30483;1215;2.2;0.1
31;2021-02-01;1182;664;31665;1879;2.3;0.1
31;2021-02-02;3054;760;34719;2639;2.5;0.2
31;2021-02-03;1922;736;36641;3375;2.6;0.2
31;2021-02-04;1813;790;38454;4165;2.7;0.3
31;2021-02-05;1342;539;39796;4704;2.8;0.3
31;2021-02-06;383;52;40179;4756;2.9;0.3
31;2021-02-07;37;37;40216;4793;2.9;0.3
31;2021-02-08;1115;608;41331;5401;3.0;0.4
31;2021-02-09;1679;1480;43010;6881;3.1;0.5
31;2021-02-10;1961;2268;44971;9149;3.2;0.7
31;2021-02-11;1814;1744;46785;10893;3.3;0.8
31;2021-02-12;1540;747;48325;11640;3.4;0.8
31;2021-02-13;504;211;48829;11851;3.5;0.8
31;2021-02-14;56;191;48885;12042;3.5;0.9
31;2021-02-15;443;1055;49328;13097;3.5;0.9
31;2021-02-16;464;1261;49792;14358;3.6;1.0
31;2021-02-17;471;1324;50263;15682;3.6;1.1
31;2021-02-18;476;1396;50739;17078;3.6;1.2
31;2021-02-19;393;1287;51132;18365;3.6;1.3
31;2021-02-20;69;412;51201;18777;3.7;1.3
31;2021-02-21;77;145;51278;18922;3.7;1.4
31;2021-02-22;433;1449;51711;20371;3.7;1.5
31;2021-02-23;865;2657;52576;23028;3.8;1.6
31;2021-02-24;652;1927;53228;24955;3.8;1.8
31;2021-02-25;1434;1612;54662;26567;3.9;1.9
31;2021-02-26;1711;987;56373;27554;4.0;2.0
31;2021-02-27;638;307;57011;27861;4.1;2.0
31;2021-02-28;78;54;57089;27915;4.1;2.0
31;2021-03-01;874;941;57963;28856;4.1;2.1
31;2021-03-02;1240;1435;59203;30291;4.2;2.2
31;2021-03-03;1354;1624;60557;31915;4.3;2.3
31;2021-03-04;2424;1313;62981;33228;4.5;2.4
31;2021-03-05;3054;1438;66035;34666;4.7;2.5
31;2021-03-06;2835;355;68870;35021;4.9;2.5
31;2021-03-07;5368;108;74238;35129;5.3;2.5
31;2021-03-08;1599;966;75837;36095;5.4;2.6
31;2021-03-09;2792;1040;78629;37135;5.6;2.7
31;2021-03-10;2574;991;81203;38126;5.8;2.7
31;2021-03-11;4381;1063;85584;39189;6.1;2.8
31;2021-03-12;5316;1100;90900;40289;6.5;2.9
31;2021-03-13;2838;473;93738;40762;6.7;2.9
31;2021-03-14;235;49;93973;40811;6.7;2.9
31;2021-03-15;2583;412;96556;41223;6.9;2.9
31;2021-03-16;1747;778;98303;42001;7.0;3.0
31;2021-03-17;1657;539;99960;42540;7.1;3.0
31;2021-03-18;1988;697;101948;43237;7.3;3.1
31;2021-03-19;3187;519;105135;43756;7.5;3.1
31;2021-03-20;1797;135;106932;43891;7.6;3.1
31;2021-03-21;210;24;107142;43915;7.6;3.1
31;2021-03-22;2580;354;109722;44269;7.8;3.2
31;2021-03-23;4056;317;113778;44586;8.1;3.2
31;2021-03-24;4357;288;118135;44874;8.4;3.2
31;2021-03-25;6041;515;124176;45389;8.9;3.2
31;2021-03-26;5466;506;129642;45895;9.3;3.3
31;2021-03-27;4350;208;133992;46103;9.6;3.3
31;2021-03-28;2291;48;136283;46151;9.7;3.3
31;2021-03-29;4207;429;140490;46580;10.0;3.3
31;2021-03-30;6597;553;147087;47133;10.5;3.4
31;2021-03-31;5651;379;152738;47512;10.9;3.4
31;2021-04-01;6967;553;159705;48065;11.4;3.4
31;2021-04-02;6102;573;165807;48638;11.8;3.5
31;2021-04-03;3929;151;169736;48789;12.1;3.5
31;2021-04-04;2060;113;171796;48902;12.3;3.5
31;2021-04-05;481;70;172277;48972;12.3;3.5
31;2021-04-06;4166;1144;176443;50116;12.6;3.6
31;2021-04-07;5987;982;182430;51098;13.0;3.6
31;2021-04-08;7568;1037;189998;52135;13.6;3.7
31;2021-04-09;8387;1256;198385;53391;14.2;3.8
31;2021-04-10;4717;543;203102;53934;14.5;3.8
31;2021-04-11;2068;136;205170;54070;14.6;3.9
31;2021-04-12;6000;1834;211170;55904;15.1;4.0
31;2021-04-13;8048;2014;219218;57918;15.6;4.1
31;2021-04-14;6653;1900;225871;59818;16.1;4.3
31;2021-04-15;7773;2238;233644;62056;16.7;4.4
31;2021-04-16;7182;2092;240826;64148;17.2;4.6
31;2021-04-17;4414;904;245240;65052;17.5;4.6
31;2021-04-18;2513;354;247753;65406;17.7;4.7
31;2021-04-19;5220;2021;252973;67427;18.1;4.8
31;2021-04-20;6074;2834;259047;70261;18.5;5.0
31;2021-04-21;5974;2787;265021;73048;18.9;5.2
31;2021-04-22;6380;3237;271401;76285;19.4;5.4
31;2021-04-23;6283;2549;277684;78834;19.8;5.6
31;2021-04-24;1615;3138;279299;81972;19.9;5.9
31;2021-04-25;688;2091;279987;84063;20.0;6.0
31;2021-04-26;3794;3213;283781;87276;20.3;6.2
31;2021-04-27;4517;3875;288298;91151;20.6;6.5
31;2021-04-28;4544;3551;292842;94702;20.9;6.8
31;2021-04-29;5185;4055;298027;98757;21.3;7.0
31;2021-04-30;5037;4120;303064;102877;21.6;7.3
31;2021-05-01;1487;3115;304551;105992;21.7;7.6
31;2021-05-02;1414;1980;305965;107972;21.8;7.7
31;2021-05-03;5658;2416;311623;110388;22.2;7.9
31;2021-05-04;4780;4735;316403;115123;22.6;8.2
31;2021-05-05;2996;5711;319399;120834;22.8;8.6
31;2021-05-06;3636;7373;323035;128207;23.1;9.2
31;2021-05-07;5258;7145;328293;135352;23.4;9.7
31;2021-05-08;3634;3104;331927;138456;23.7;9.9
31;2021-05-09;3760;2307;335687;140763;24.0;10.0
31;2021-05-10;5685;5471;341372;146234;24.4;10.4
31;2021-05-11;6653;6680;348025;152914;24.8;10.9
31;2021-05-12;6172;5927;354197;158841;25.3;11.3
31;2021-05-13;4643;2064;358840;160905;25.6;11.5
31;2021-05-14;6913;3974;365753;164879;26.1;11.8
31;2021-05-15;5144;1753;370897;166632;26.5;11.9
31;2021-05-16;3301;633;374198;167265;26.7;11.9
31;2021-05-17;5144;4148;379342;171413;27.1;12.2
31;2021-05-18;5589;4268;384931;175681;27.5;12.5
31;2021-05-19;5783;3760;390714;179441;27.9;12.8
31;2021-05-20;6476;4790;397190;184231;28.4;13.2
31;2021-05-21;5985;4595;403175;188826;28.8;13.5
31;2021-05-22;4085;1628;407260;190454;29.1;13.6
31;2021-05-23;3585;342;410845;190796;29.3;13.6
31;2021-05-24;3880;706;414725;191502;29.6;13.7
31;2021-05-25;6191;3605;420916;195107;30.0;13.9
31;2021-05-26;5611;4641;426527;199748;30.4;14.3
31;2021-05-27;4789;6184;431316;205932;30.8;14.7
31;2021-05-28;4118;6345;435434;212277;31.1;15.2
31;2021-05-29;1918;4024;437352;216301;31.2;15.4
31;2021-05-30;751;2361;438103;218662;31.3;15.6
31;2021-05-31;4399;5072;442502;223734;31.6;16.0
31;2021-06-01;5955;6557;448457;230291;32.0;16.4
31;2021-06-02;5801;6296;454258;236587;32.4;16.9
31;2021-06-03;7308;8133;461566;244720;32.9;17.5
31;2021-06-04;7545;7150;469111;251870;33.5;18.0
31;2021-06-05;9080;2769;478191;254639;34.1;18.2
31;2021-06-06;8115;1581;486306;256220;34.7;18.3
31;2021-06-07;7990;5469;494296;261689;35.3;18.7
31;2021-06-08;9109;6043;503405;267732;35.9;19.1
31;2021-06-09;8920;5550;512325;273282;36.6;19.5
31;2021-06-10;9784;6352;522109;279634;37.3;20.0
31;2021-06-11;10050;6627;532159;286261;38.0;20.4
31;2021-06-12;8791;3020;540950;289281;38.6;20.6
31;2021-06-13;8376;2018;549326;291299;39.2;20.8
31;2021-06-14;8433;6730;557759;298029;39.8;21.3
31;2021-06-15;9780;7447;567539;305476;40.5;21.8
31;2021-06-16;8739;5254;576278;310730;41.1;22.2
31;2021-06-17;8280;6603;584558;317333;41.7;22.7
31;2021-06-18;8554;7750;593112;325083;42.3;23.2
31;2021-06-19;7367;5438;600479;330521;42.9;23.6
31;2021-06-20;5575;3726;606054;334247;43.3;23.9
31;2021-06-21;5377;6917;611431;341164;43.6;24.4
31;2021-06-22;4989;8226;616420;349390;44.0;24.9
31;2021-06-23;5111;7282;621531;356672;44.4;25.5
31;2021-06-24;4635;8323;626166;364995;44.7;26.1
31;2021-06-25;5018;9311;631184;374306;45.1;26.7
31;2021-06-26;4283;6399;635467;380705;45.4;27.2
31;2021-06-27;3598;4108;639065;384813;45.6;27.5
31;2021-06-28;4101;6643;643166;391456;45.9;27.9
31;2021-06-29;3799;7561;646965;399017;46.2;28.5
31;2021-06-30;4281;7813;651246;406830;46.5;29.0
31;2021-07-01;4095;8465;655341;415295;46.8;29.6
31;2021-07-02;4109;9326;659450;424621;47.1;30.3
31;2021-07-03;4101;6111;663551;430732;47.4;30.7
31;2021-07-04;3206;4811;666757;435543;47.6;31.1
31;2021-07-05;4056;7096;670813;442639;47.9;31.6
31;2021-07-06;3889;8363;674702;451002;48.2;32.2
31;2021-07-07;3963;7962;678665;458964;48.4;32.8
31;2021-07-08;4055;8537;682720;467501;48.7;33.4
31;2021-07-09;4464;8800;687184;476301;49.1;34.0
31;2021-07-10;3919;5492;691103;481793;49.3;34.4
31;2021-07-11;3138;4138;694241;485931;49.6;34.7
31;2021-07-12;3826;8631;698067;494562;49.8;35.3
31;2021-07-13;6922;9442;704989;504004;50.3;36.0
31;2021-07-14;6168;3936;711157;507940;50.8;36.3
31;2021-07-15;8522;9449;719679;517389;51.4;36.9
31;2021-07-16;7779;9911;727458;527300;51.9;37.6
31;2021-07-17;8366;10556;735824;537856;52.5;38.4
31;2021-07-18;6628;9472;742452;547328;53.0;39.1
31;2021-07-19;4793;10772;747245;558100;53.3;39.8
31;2021-07-20;7165;11480;754410;569580;53.9;40.7
31;2021-07-21;7044;11528;761454;581108;54.4;41.5
31;2021-07-22;8166;11757;769620;592865;54.9;42.3
31;2021-07-23;7476;11808;777096;604673;55.5;43.2
31;2021-07-24;10319;10569;787415;615242;56.2;43.9
31;2021-07-25;7568;8803;794983;624045;56.7;44.5
31;2021-07-26;5520;9545;800503;633590;57.1;45.2
31;2021-07-27;7968;9197;808471;642787;57.7;45.9
31;2021-07-28;8683;8282;817154;651069;58.3;46.5
31;2021-07-29;8855;8047;826009;659116;59.0;47.0
31;2021-07-30;7672;7985;833681;667101;59.5;47.6
31;2021-07-31;6017;7393;839698;674494;59.9;48.1
31;2021-08-01;4434;4302;844132;678796;60.3;48.5
31;2021-08-02;5486;5418;849618;684214;60.6;48.8
31;2021-08-03;5857;5185;855475;689399;61.1;49.2
31;2021-08-04;5924;4802;861399;694201;61.5;49.6
31;2021-08-05;5584;7229;866983;701430;61.9;50.1
31;2021-08-06;5300;7343;872283;708773;62.3;50.6
31;2021-08-07;4597;6651;876880;715424;62.6;51.1
31;2021-08-08;3386;5576;880266;721000;62.8;51.5
31;2021-08-09;4393;7010;884659;728010;63.1;52.0
31;2021-08-10;4679;6280;889338;734290;63.5;52.4
31;2021-08-11;4523;5856;893861;740146;63.8;52.8
31;2021-08-12;4523;6753;898384;746899;64.1;53.3
31;2021-08-13;4156;6196;902540;753095;64.4;53.8
31;2021-08-14;3034;6458;905574;759553;64.6;54.2
31;2021-08-15;1298;4095;906872;763648;64.7;54.5
31;2021-08-16;3214;8115;910086;771763;65.0;55.1
31;2021-08-17;3430;7096;913516;778859;65.2;55.6
31;2021-08-18;3311;7003;916827;785862;65.4;56.1
31;2021-08-19;2982;6990;919809;792852;65.7;56.6
31;2021-08-20;2972;7391;922781;800243;65.9;57.1
31;2021-08-21;1974;6797;924755;807040;66.0;57.6
31;2021-08-22;1489;5634;926244;812674;66.1;58.0
31;2021-08-23;2332;7724;928576;820398;66.3;58.6
31;2021-08-24;2548;6165;931124;826563;66.5;59.0
31;2021-08-25;2355;5728;933479;832291;66.6;59.4
31;2021-08-26;2261;5794;935740;838085;66.8;59.8
31;2021-08-27;2350;6661;938090;844746;67.0;60.3
31;2021-08-28;1826;6787;939916;851533;67.1;60.8
31;2021-08-29;1270;5064;941186;856597;67.2;61.1
31;2021-08-30;2113;6629;943299;863226;67.3;61.6
31;2021-08-31;2246;5564;945545;868790;67.5;62.0
31;2021-09-01;1678;5055;947223;873845;67.6;62.4
31;2021-09-02;1744;4526;948967;878371;67.7;62.7
31;2021-09-03;1768;5209;950735;883580;67.9;63.1
31;2021-09-04;1997;5936;952732;889516;68.0;63.5
31;2021-09-05;1126;2404;953858;891920;68.1;63.7
31;2021-09-06;1358;3605;955216;895525;68.2;63.9
31;2021-09-07;1241;3351;956457;898876;68.3;64.2
31;2021-09-08;1404;3955;957861;902831;68.4;64.4
31;2021-09-09;1071;3104;958932;905935;68.4;64.7
31;2021-09-10;1637;3952;960569;909887;68.6;64.9
31;2021-09-11;1283;3984;961852;913871;68.7;65.2
31;2021-09-12;539;1814;962391;915685;68.7;65.4
31;2021-09-13;989;2625;963380;918310;68.8;65.5
31;2021-09-14;1176;2787;964556;921097;68.9;65.7
32;2020-12-27;0;0;0;0;0.0;0.0
32;2020-12-28;0;0;0;0;0.0;0.0
32;2020-12-29;0;0;0;0;0.0;0.0
32;2020-12-30;0;0;0;0;0.0;0.0
32;2020-12-31;0;0;0;0;0.0;0.0
32;2021-01-01;0;0;0;0;0.0;0.0
32;2021-01-02;0;0;0;0;0.0;0.0
32;2021-01-03;1;0;1;0;0.0;0.0
32;2021-01-04;3;0;4;0;0.0;0.0
32;2021-01-05;1;0;5;0;0.0;0.0
32;2021-01-06;2;0;7;0;0.0;0.0
32;2021-01-07;155;0;162;0;0.1;0.0
32;2021-01-08;70;0;232;0;0.1;0.0
32;2021-01-09;5;0;237;0;0.1;0.0
32;2021-01-10;1;0;238;0;0.1;0.0
32;2021-01-11;11;0;249;0;0.1;0.0
32;2021-01-12;96;0;345;0;0.2;0.0
32;2021-01-13;325;1;670;1;0.4;0.0
32;2021-01-14;378;3;1048;4;0.6;0.0
32;2021-01-15;448;2;1496;6;0.8;0.0
32;2021-01-16;16;2;1512;8;0.8;0.0
32;2021-01-17;1;0;1513;8;0.8;0.0
32;2021-01-18;345;1;1858;9;1.0;0.0
32;2021-01-19;418;0;2276;9;1.2;0.0
32;2021-01-20;358;0;2634;9;1.4;0.0
32;2021-01-21;582;0;3216;9;1.7;0.0
32;2021-01-22;372;0;3588;9;1.9;0.0
32;2021-01-23;180;0;3768;9;2.0;0.0
32;2021-01-24;5;0;3773;9;2.0;0.0
32;2021-01-25;468;1;4241;10;2.2;0.0
32;2021-01-26;608;0;4849;10;2.6;0.0
32;2021-01-27;702;4;5551;14;2.9;0.0
32;2021-01-28;687;12;6238;26;3.3;0.0
32;2021-01-29;460;49;6698;75;3.5;0.0
32;2021-01-30;260;0;6958;75;3.7;0.0
32;2021-01-31;4;5;6962;80;3.7;0.0
32;2021-02-01;289;57;7251;137;3.8;0.1
32;2021-02-02;638;135;7889;272;4.2;0.1
32;2021-02-03;338;196;8227;468;4.3;0.2
32;2021-02-04;426;270;8653;738;4.6;0.4
32;2021-02-05;348;354;9001;1092;4.7;0.6
32;2021-02-06;147;0;9148;1092;4.8;0.6
32;2021-02-07;0;36;9148;1128;4.8;0.6
32;2021-02-08;278;108;9426;1236;5.0;0.7
32;2021-02-09;310;225;9736;1461;5.1;0.8
32;2021-02-10;271;242;10007;1703;5.3;0.9
32;2021-02-11;382;301;10389;2004;5.5;1.1
32;2021-02-12;297;226;10686;2230;5.6;1.2
32;2021-02-13;249;1;10935;2231;5.8;1.2
32;2021-02-14;0;28;10935;2259;5.8;1.2
32;2021-02-15;25;183;10960;2442;5.8;1.3
32;2021-02-16;393;337;11353;2779;6.0;1.5
32;2021-02-17;192;438;11545;3217;6.1;1.7
32;2021-02-18;331;422;11876;3639;6.2;1.9
32;2021-02-19;184;264;12060;3903;6.3;2.1
32;2021-02-20;1;70;12061;3973;6.3;2.1
32;2021-02-21;0;0;12061;3973;6.3;2.1
32;2021-02-22;158;332;12219;4305;6.4;2.3
32;2021-02-23;431;516;12650;4821;6.7;2.5
32;2021-02-24;277;335;12927;5156;6.8;2.7
32;2021-02-25;481;468;13408;5624;7.1;3.0
32;2021-02-26;444;360;13852;5984;7.3;3.1
32;2021-02-27;157;214;14009;6198;7.4;3.3
32;2021-02-28;4;0;14013;6198;7.4;3.3
32;2021-03-01;51;277;14064;6475;7.4;3.4
32;2021-03-02;415;405;14479;6880;7.6;3.6
32;2021-03-03;276;268;14755;7148;7.8;3.8
32;2021-03-04;541;320;15296;7468;8.0;3.9
32;2021-03-05;437;228;15733;7696;8.3;4.0
32;2021-03-06;522;145;16255;7841;8.6;4.1
32;2021-03-07;25;5;16280;7846;8.6;4.1
32;2021-03-08;234;275;16514;8121;8.7;4.3
32;2021-03-09;644;311;17158;8432;9.0;4.4
32;2021-03-10;482;318;17640;8750;9.3;4.6
32;2021-03-11;854;283;18494;9033;9.7;4.8
32;2021-03-12;882;333;19376;9366;10.2;4.9
32;2021-03-13;492;233;19868;9599;10.5;5.1
32;2021-03-14;1;0;19869;9599;10.5;5.1
32;2021-03-15;267;25;20136;9624;10.6;5.1
32;2021-03-16;314;302;20450;9926;10.8;5.2
32;2021-03-17;150;153;20600;10079;10.8;5.3
32;2021-03-18;375;304;20975;10383;11.0;5.5
32;2021-03-19;404;177;21379;10560;11.2;5.6
32;2021-03-20;136;33;21515;10593;11.3;5.6
32;2021-03-21;0;0;21515;10593;11.3;5.6
32;2021-03-22;340;167;21855;10760;11.5;5.7
32;2021-03-23;560;397;22415;11157;11.8;5.9
32;2021-03-24;643;267;23058;11424;12.1;6.0
32;2021-03-25;899;412;23957;11836;12.6;6.2
32;2021-03-26;657;293;24614;12129;13.0;6.4
32;2021-03-27;165;3;24779;12132;13.0;6.4
32;2021-03-28;1;1;24780;12133;13.0;6.4
32;2021-03-29;371;48;25151;12181;13.2;6.4
32;2021-03-30;766;287;25917;12468;13.6;6.6
32;2021-03-31;654;170;26571;12638;14.0;6.7
32;2021-04-01;1237;318;27808;12956;14.6;6.8
32;2021-04-02;575;167;28383;13123;14.9;6.9
32;2021-04-03;114;0;28497;13123;15.0;6.9
32;2021-04-04;0;0;28497;13123;15.0;6.9
32;2021-04-05;0;0;28497;13123;15.0;6.9
32;2021-04-06;2649;311;31146;13434;16.4;7.1
32;2021-04-07;1178;202;32324;13636;17.0;7.2
32;2021-04-08;1736;405;34060;14041;17.9;7.4
32;2021-04-09;883;218;34943;14259;18.4;7.5
32;2021-04-10;809;29;35752;14288;18.8;7.5
32;2021-04-11;14;0;35766;14288;18.8;7.5
32;2021-04-12;477;23;36243;14311;19.1;7.5
32;2021-04-13;2469;388;38712;14699;20.4;7.7
32;2021-04-14;1227;263;39939;14962;21.0;7.9
32;2021-04-15;1704;392;41643;15354;21.9;8.1
32;2021-04-16;638;282;42281;15636;22.2;8.2
32;2021-04-17;783;39;43064;15675;22.7;8.2
32;2021-04-18;13;1;43077;15676;22.7;8.2
32;2021-04-19;502;45;43579;15721;22.9;8.3
32;2021-04-20;2472;392;46051;16113;24.2;8.5
32;2021-04-21;1010;303;47061;16416;24.8;8.6
32;2021-04-22;1662;319;48723;16735;25.6;8.8
32;2021-04-23;549;158;49272;16893;25.9;8.9
32;2021-04-24;1392;55;50664;16948;26.7;8.9
32;2021-04-25;0;11;50664;16959;26.7;8.9
32;2021-04-26;387;359;51051;17318;26.9;9.1
32;2021-04-27;2552;555;53603;17873;28.2;9.4
32;2021-04-28;972;354;54575;18227;28.7;9.6
32;2021-04-29;1009;883;55584;19110;29.2;10.1
32;2021-04-30;453;363;56037;19473;29.5;10.2
32;2021-05-01;2607;97;58644;19570;30.9;10.3
32;2021-05-02;0;0;58644;19570;30.9;10.3
32;2021-05-03;171;321;58815;19891;30.9;10.5
32;2021-05-04;788;2490;59603;22381;31.4;11.8
32;2021-05-05;2361;1098;61964;23479;32.6;12.4
32;2021-05-06;516;1655;62480;25134;32.9;13.2
32;2021-05-07;2286;538;64766;25672;34.1;13.5
32;2021-05-08;71;516;64837;26188;34.1;13.8
32;2021-05-09;21;179;64858;26367;34.1;13.9
32;2021-05-10;1994;547;66852;26914;35.2;14.2
32;2021-05-11;651;2275;67503;29189;35.5;15.4
32;2021-05-12;2313;1138;69816;30327;36.7;16.0
32;2021-05-13;281;1417;70097;31744;36.9;16.7
32;2021-05-14;2222;328;72319;32072;38.1;16.9
32;2021-05-15;134;712;72453;32784;38.1;17.3
32;2021-05-16;2;0;72455;32784;38.1;17.3
32;2021-05-17;353;169;72808;32953;38.3;17.3
32;2021-05-18;1642;297;74450;33250;39.2;17.5
32;2021-05-19;2475;272;76925;33522;40.5;17.6
32;2021-05-20;2887;470;79812;33992;42.0;17.9
32;2021-05-21;2535;499;82347;34491;43.3;18.1
32;2021-05-22;334;110;82681;34601;43.5;18.2
32;2021-05-23;2;13;82683;34614;43.5;18.2
32;2021-05-24;3;0;82686;34614;43.5;18.2
32;2021-05-25;1983;372;84669;34986;44.6;18.4
32;2021-05-26;2548;556;87217;35542;45.9;18.7
32;2021-05-27;2878;626;90095;36168;47.4;19.0
32;2021-05-28;2312;766;92407;36934;48.6;19.4
32;2021-05-29;372;313;92779;37247;48.8;19.6
32;2021-05-30;4;6;92783;37253;48.8;19.6
32;2021-05-31;1414;625;94197;37878;49.6;19.9
32;2021-06-01;566;2886;94763;40764;49.9;21.5
32;2021-06-02;1580;1351;96343;42115;50.7;22.2
32;2021-06-03;395;2085;96738;44200;50.9;23.3
32;2021-06-04;1837;830;98575;45030;51.9;23.7
32;2021-06-05;206;1660;98781;46690;52.0;24.6
32;2021-06-06;8;14;98789;46704;52.0;24.6
32;2021-06-07;102;418;98891;47122;52.0;24.8
32;2021-06-08;664;2538;99555;49660;52.4;26.1
32;2021-06-09;1191;1055;100746;50715;53.0;26.7
32;2021-06-10;686;1225;101432;51940;53.4;27.3
32;2021-06-11;926;662;102358;52602;53.9;27.7
32;2021-06-12;150;2679;102508;55281;53.9;29.1
32;2021-06-13;1;1;102509;55282;53.9;29.1
32;2021-06-14;529;210;103038;55492;54.2;29.2
32;2021-06-15;1735;1025;104773;56517;55.1;29.7
32;2021-06-16;850;2777;105623;59294;55.6;31.2
32;2021-06-17;860;829;106483;60123;56.0;31.6
32;2021-06-18;315;2723;106798;62846;56.2;33.1
32;2021-06-19;914;437;107712;63283;56.7;33.3
32;2021-06-20;5;13;107717;63296;56.7;33.3
32;2021-06-21;67;1994;107784;65290;56.7;34.4
32;2021-06-22;1043;969;108827;66259;57.3;34.9
32;2021-06-23;516;2183;109343;68442;57.5;36.0
32;2021-06-24;528;518;109871;68960;57.8;36.3
32;2021-06-25;501;2360;110372;71320;58.1;37.5
32;2021-06-26;108;171;110480;71491;58.1;37.6
32;2021-06-27;2;5;110482;71496;58.1;37.6
32;2021-06-28;630;603;111112;72099;58.5;37.9
32;2021-06-29;800;1984;111912;74083;58.9;39.0
32;2021-06-30;757;2727;112669;76810;59.3;40.4
32;2021-07-01;540;2640;113209;79450;59.6;41.8
32;2021-07-02;641;2335;113850;81785;59.9;43.0
32;2021-07-03;482;506;114332;82291;60.2;43.3
32;2021-07-04;1;12;114333;82303;60.2;43.3
32;2021-07-05;76;390;114409;82693;60.2;43.5
32;2021-07-06;880;2083;115289;84776;60.7;44.6
32;2021-07-07;781;2757;116070;87533;61.1;46.1
32;2021-07-08;478;2268;116548;89801;61.3;47.3
32;2021-07-09;615;2226;117163;92027;61.7;48.4
32;2021-07-10;537;521;117700;92548;61.9;48.7
32;2021-07-11;0;5;117700;92553;61.9;48.7
32;2021-07-12;525;1243;118225;93796;62.2;49.4
32;2021-07-13;1697;1817;119922;95613;63.1;50.3
32;2021-07-14;492;35;120414;95648;63.4;50.3
32;2021-07-15;2095;891;122509;96539;64.5;50.8
32;2021-07-16;1170;1914;123679;98453;65.1;51.8
32;2021-07-17;78;129;123757;98582;65.1;51.9
32;2021-07-18;2;5;123759;98587;65.1;51.9
32;2021-07-19;1996;147;125755;98734;66.2;52.0
32;2021-07-20;2039;1271;127794;100005;67.2;52.6
32;2021-07-21;1616;1691;129410;101696;68.1;53.5
32;2021-07-22;1949;513;131359;102209;69.1;53.8
32;2021-07-23;1407;1731;132766;103940;69.9;54.7
32;2021-07-24;139;117;132905;104057;69.9;54.8
32;2021-07-25;34;10;132939;104067;70.0;54.8
32;2021-07-26;1071;1071;134010;105138;70.5;55.3
32;2021-07-27;1730;2099;135740;107237;71.4;56.4
32;2021-07-28;694;974;136434;108211;71.8;56.9
32;2021-07-29;1694;1607;138128;109818;72.7;57.8
32;2021-07-30;363;348;138491;110166;72.9;58.0
32;2021-07-31;187;351;138678;110517;73.0;58.2
32;2021-08-01;18;4;138696;110521;73.0;58.2
32;2021-08-02;82;76;138778;110597;73.0;58.2
32;2021-08-03;1175;1793;139953;112390;73.6;59.1
32;2021-08-04;633;652;140586;113042;74.0;59.5
32;2021-08-05;1109;1943;141695;114985;74.6;60.5
32;2021-08-06;561;495;142256;115480;74.9;60.8
32;2021-08-07;148;92;142404;115572;74.9;60.8
32;2021-08-08;0;0;142404;115572;74.9;60.8
32;2021-08-09;263;1826;142667;117398;75.1;61.8
32;2021-08-10;716;2077;143383;119475;75.4;62.9
32;2021-08-11;581;447;143964;119922;75.8;63.1
32;2021-08-12;933;2101;144897;122023;76.2;64.2
32;2021-08-13;177;250;145074;122273;76.3;64.3
32;2021-08-14;113;117;145187;122390;76.4;64.4
32;2021-08-15;13;21;145200;122411;76.4;64.4
32;2021-08-16;41;39;145241;122450;76.4;64.4
32;2021-08-17;573;2300;145814;124750;76.7;65.6
32;2021-08-18;310;559;146124;125309;76.9;65.9
32;2021-08-19;951;1407;147075;126716;77.4;66.7
32;2021-08-20;154;165;147229;126881;77.5;66.8
32;2021-08-21;149;191;147378;127072;77.6;66.9
32;2021-08-22;8;3;147386;127075;77.6;66.9
32;2021-08-23;42;101;147428;127176;77.6;66.9
32;2021-08-24;582;1449;148010;128625;77.9;67.7
32;2021-08-25;92;191;148102;128816;77.9;67.8
32;2021-08-26;321;2260;148423;131076;78.1;69.0
32;2021-08-27;271;552;148694;131628;78.2;69.3
32;2021-08-28;70;109;148764;131737;78.3;69.3
32;2021-08-29;1;8;148765;131745;78.3;69.3
32;2021-08-30;19;50;148784;131795;78.3;69.4
32;2021-08-31;195;1535;148979;133330;78.4;70.2
32;2021-09-01;651;828;149630;134158;78.7;70.6
32;2021-09-02;315;1734;149945;135892;78.9;71.5
32;2021-09-03;187;313;150132;136205;79.0;71.7
32;2021-09-04;49;106;150181;136311;79.0;71.7
32;2021-09-05;11;15;150192;136326;79.0;71.7
32;2021-09-06;38;103;150230;136429;79.1;71.8
32;2021-09-07;436;947;150666;137376;79.3;72.3
32;2021-09-08;253;554;150919;137930;79.4;72.6
32;2021-09-09;227;1062;151146;138992;79.5;73.1
32;2021-09-10;203;241;151349;139233;79.6;73.3
32;2021-09-11;87;160;151436;139393;79.7;73.3
32;2021-09-12;7;11;151443;139404;79.7;73.4
32;2021-09-13;4;12;151447;139416;79.7;73.4
32;2021-09-14;313;844;151760;140260;79.9;73.8
33;2020-12-27;2;0;2;0;0.0;0.0
33;2020-12-28;3;0;5;0;0.0;0.0
33;2020-12-29;0;0;5;0;0.0;0.0
33;2020-12-30;0;0;5;0;0.0;0.0
33;2020-12-31;0;0;5;0;0.0;0.0
33;2021-01-01;0;0;5;0;0.0;0.0
33;2021-01-02;2;0;7;0;0.0;0.0
33;2021-01-03;1;0;8;0;0.0;0.0
33;2021-01-04;2;0;10;0;0.0;0.0
33;2021-01-05;2;0;12;0;0.0;0.0
33;2021-01-06;135;0;147;0;0.0;0.0
33;2021-01-07;1309;1;1456;1;0.1;0.0
33;2021-01-08;1200;2;2656;3;0.2;0.0
33;2021-01-09;298;0;2954;3;0.2;0.0
33;2021-01-10;229;0;3183;3;0.2;0.0
33;2021-01-11;627;0;3810;3;0.2;0.0
33;2021-01-12;1417;2;5227;5;0.3;0.0
33;2021-01-13;1313;9;6540;14;0.4;0.0
33;2021-01-14;1291;12;7831;26;0.5;0.0
33;2021-01-15;1606;11;9437;37;0.6;0.0
33;2021-01-16;569;6;10006;43;0.6;0.0
33;2021-01-17;406;2;10412;45;0.6;0.0
33;2021-01-18;1223;9;11635;54;0.7;0.0
33;2021-01-19;2928;4;14563;58;0.9;0.0
33;2021-01-20;3406;11;17969;69;1.1;0.0
33;2021-01-21;2864;3;20833;72;1.3;0.0
33;2021-01-22;2328;7;23161;79;1.4;0.0
33;2021-01-23;852;2;24013;81;1.5;0.0
33;2021-01-24;531;2;24544;83;1.5;0.0
33;2021-01-25;2173;54;26717;137;1.6;0.0
33;2021-01-26;2244;141;28961;278;1.8;0.0
33;2021-01-27;2261;188;31222;466;1.9;0.0
33;2021-01-28;2158;411;33380;877;2.0;0.1
33;2021-01-29;1822;633;35202;1510;2.2;0.1
33;2021-01-30;704;155;35906;1665;2.2;0.1
33;2021-01-31;390;133;36296;1798;2.2;0.1
33;2021-02-01;1456;602;37752;2400;2.3;0.1
33;2021-02-02;2645;1032;40397;3432;2.5;0.2
33;2021-02-03;2923;832;43320;4264;2.7;0.3
33;2021-02-04;4031;1276;47351;5540;2.9;0.3
33;2021-02-05;2191;1094;49542;6634;3.0;0.4
33;2021-02-06;646;172;50188;6806;3.1;0.4
33;2021-02-07;218;182;50406;6988;3.1;0.4
33;2021-02-08;1264;680;51670;7668;3.2;0.5
33;2021-02-09;1324;1430;52994;9098;3.2;0.6
33;2021-02-10;1265;1526;54259;10624;3.3;0.7
33;2021-02-11;1303;1295;55562;11919;3.4;0.7
33;2021-02-12;1119;1077;56681;12996;3.5;0.8
33;2021-02-13;203;241;56884;13237;3.5;0.8
33;2021-02-14;47;192;56931;13429;3.5;0.8
33;2021-02-15;684;1339;57615;14768;3.5;0.9
33;2021-02-16;814;1674;58429;16442;3.6;1.0
33;2021-02-17;667;1672;59096;18114;3.6;1.1
33;2021-02-18;898;1777;59994;19891;3.7;1.2
33;2021-02-19;917;1667;60911;21558;3.7;1.3
33;2021-02-20;79;458;60990;22016;3.7;1.3
33;2021-02-21;38;349;61028;22365;3.7;1.4
33;2021-02-22;706;1475;61734;23840;3.8;1.5
33;2021-02-23;1234;2144;62968;25984;3.9;1.6
33;2021-02-24;1399;2047;64367;28031;3.9;1.7
33;2021-02-25;2834;3207;67201;31238;4.1;1.9
33;2021-02-26;4058;1986;71259;33224;4.4;2.0
33;2021-02-27;1360;558;72619;33782;4.4;2.1
33;2021-02-28;126;425;72745;34207;4.5;2.1
33;2021-03-01;1534;1562;74279;35769;4.5;2.2
33;2021-03-02;2324;1495;76603;37264;4.7;2.3
33;2021-03-03;2311;1475;78914;38739;4.8;2.4
33;2021-03-04;3935;1460;82849;40199;5.1;2.5
33;2021-03-05;5761;1517;88610;41716;5.4;2.6
33;2021-03-06;3414;502;92024;42218;5.6;2.6
33;2021-03-07;741;139;92765;42357;5.7;2.6
33;2021-03-08;2715;992;95480;43349;5.8;2.7
33;2021-03-09;4403;1157;99883;44506;6.1;2.7
33;2021-03-10;5122;1124;105005;45630;6.4;2.8
33;2021-03-11;7542;1139;112547;46769;6.9;2.9
33;2021-03-12;10121;1099;122668;47868;7.5;2.9
33;2021-03-13;5156;204;127824;48072;7.8;2.9
33;2021-03-14;715;28;128539;48100;7.9;2.9
33;2021-03-15;4442;660;132981;48760;8.1;3.0
33;2021-03-16;3579;814;136560;49574;8.4;3.0
33;2021-03-17;3640;919;140200;50493;8.6;3.1
33;2021-03-18;4038;1388;144238;51881;8.8;3.2
33;2021-03-19;6270;1012;150508;52893;9.2;3.2
33;2021-03-20;3368;104;153876;52997;9.4;3.2
33;2021-03-21;462;29;154338;53026;9.4;3.2
33;2021-03-22;4900;442;159238;53468;9.7;3.3
33;2021-03-23;6321;601;165559;54069;10.1;3.3
33;2021-03-24;7077;526;172636;54595;10.6;3.3
33;2021-03-25;8841;644;181477;55239;11.1;3.4
33;2021-03-26;10039;844;191516;56083;11.7;3.4
33;2021-03-27;3620;83;195136;56166;11.9;3.4
33;2021-03-28;577;33;195713;56199;12.0;3.4
33;2021-03-29;6769;697;202482;56896;12.4;3.5
33;2021-03-30;8101;1031;210583;57927;12.9;3.5
33;2021-03-31;7579;1044;218162;58971;13.4;3.6
33;2021-04-01;8823;1192;226985;60163;13.9;3.7
33;2021-04-02;8406;1546;235391;61709;14.4;3.8
33;2021-04-03;2832;520;238223;62229;14.6;3.8
33;2021-04-04;218;160;238441;62389;14.6;3.8
33;2021-04-05;693;123;239134;62512;14.6;3.8
33;2021-04-06;6051;2677;245185;65189;15.0;4.0
33;2021-04-07;7425;2518;252610;67707;15.5;4.1
33;2021-04-08;10327;2767;262937;70474;16.1;4.3
33;2021-04-09;12688;3084;275625;73558;16.9;4.5
33;2021-04-10;5357;1392;280982;74950;17.2;4.6
33;2021-04-11;1002;351;281984;75301;17.3;4.6
33;2021-04-12;7423;3274;289407;78575;17.7;4.8
33;2021-04-13;9320;3472;298727;82047;18.3;5.0
33;2021-04-14;9044;3636;307771;85683;18.8;5.2
33;2021-04-15;10112;3875;317883;89558;19.5;5.5
33;2021-04-16;9720;4219;327603;93777;20.1;5.7
33;2021-04-17;4652;1656;332255;95433;20.3;5.8
33;2021-04-18;929;411;333184;95844;20.4;5.9
33;2021-04-19;5617;3832;338801;99676;20.7;6.1
33;2021-04-20;7294;4261;346095;103937;21.2;6.4
33;2021-04-21;6595;4342;352690;108279;21.6;6.6
33;2021-04-22;7351;4479;360041;112758;22.0;6.9
33;2021-04-23;7708;4815;367749;117573;22.5;7.2
33;2021-04-24;4503;1796;372252;119369;22.8;7.3
33;2021-04-25;1651;418;373903;119787;22.9;7.3
33;2021-04-26;5267;5074;379170;124861;23.2;7.6
33;2021-04-27;6579;5583;385749;130444;23.6;8.0
33;2021-04-28;6783;5556;392532;136000;24.0;8.3
33;2021-04-29;8425;6215;400957;142215;24.5;8.7
33;2021-04-30;8740;6091;409697;148306;25.1;9.1
33;2021-05-01;2902;513;412599;148819;25.3;9.1
33;2021-05-02;1835;346;414434;149165;25.4;9.1
33;2021-05-03;7018;5207;421452;154372;25.8;9.5
33;2021-05-04;6828;6651;428280;161023;26.2;9.9
33;2021-05-05;7143;7565;435423;168588;26.7;10.3
33;2021-05-06;8705;8218;444128;176806;27.2;10.8
33;2021-05-07;8609;8862;452737;185668;27.7;11.4
33;2021-05-08;3542;1587;456279;187255;27.9;11.5
33;2021-05-09;1118;969;457397;188224;28.0;11.5
33;2021-05-10;6877;7289;464274;195513;28.4;12.0
33;2021-05-11;8636;7861;472910;203374;29.0;12.5
33;2021-05-12;9176;6702;482086;210076;29.5;12.9
33;2021-05-13;5209;2111;487295;212187;29.8;13.0
33;2021-05-14;8130;5350;495425;217537;30.3;13.3
33;2021-05-15;5184;2864;500609;220401;30.6;13.5
33;2021-05-16;1842;804;502451;221205;30.8;13.5
33;2021-05-17;8860;5109;511311;226314;31.3;13.9
33;2021-05-18;10626;4875;521937;231189;32.0;14.2
33;2021-05-19;10902;4773;532839;235962;32.6;14.4
33;2021-05-20;10912;5580;543751;241542;33.3;14.8
33;2021-05-21;10919;6236;554670;247778;34.0;15.2
33;2021-05-22;5122;2748;559792;250526;34.3;15.3
33;2021-05-23;1750;385;561542;250911;34.4;15.4
33;2021-05-24;5414;1000;566956;251911;34.7;15.4
33;2021-05-25;9391;5762;576347;257673;35.3;15.8
33;2021-05-26;9679;6032;586026;263705;35.9;16.1
33;2021-05-27;10907;7706;596933;271411;36.5;16.6
33;2021-05-28;10067;9480;607000;280891;37.2;17.2
33;2021-05-29;5042;4115;612042;285006;37.5;17.4
33;2021-05-30;1703;667;613745;285673;37.6;17.5
33;2021-05-31;8555;6404;622300;292077;38.1;17.9
33;2021-06-01;11807;8695;634107;300772;38.8;18.4
33;2021-06-02;11713;8192;645820;308964;39.5;18.9
33;2021-06-03;12717;9182;658537;318146;40.3;19.5
33;2021-06-04;12939;10932;671476;329078;41.1;20.1
33;2021-06-05;5276;5053;676752;334131;41.4;20.5
33;2021-06-06;2526;1193;679278;335324;41.6;20.5
33;2021-06-07;9760;8496;689038;343820;42.2;21.0
33;2021-06-08;11941;9440;700979;353260;42.9;21.6
33;2021-06-09;11778;8516;712757;361776;43.6;22.1
33;2021-06-10;12954;8381;725711;370157;44.4;22.7
33;2021-06-11;12521;11149;738232;381306;45.2;23.3
33;2021-06-12;6189;4475;744421;385781;45.6;23.6
33;2021-06-13;2614;1283;747035;387064;45.7;23.7
33;2021-06-14;8585;10149;755620;397213;46.3;24.3
33;2021-06-15;12060;10257;767680;407470;47.0;24.9
33;2021-06-16;12057;8861;779737;416331;47.7;25.5
33;2021-06-17;13117;9604;792854;425935;48.5;26.1
33;2021-06-18;11800;11431;804654;437366;49.3;26.8
33;2021-06-19;5613;4816;810267;442182;49.6;27.1
33;2021-06-20;2947;1475;813214;443657;49.8;27.2
33;2021-06-21;7878;10164;821092;453821;50.3;27.8
33;2021-06-22;9068;11077;830160;464898;50.8;28.5
33;2021-06-23;8667;10843;838827;475741;51.4;29.1
33;2021-06-24;9747;9983;848574;485724;52.0;29.7
33;2021-06-25;8050;13708;856624;499432;52.4;30.6
33;2021-06-26;4343;5917;860967;505349;52.7;30.9
33;2021-06-27;2468;1960;863435;507309;52.9;31.1
33;2021-06-28;4875;12764;868310;520073;53.2;31.8
33;2021-06-29;6445;13652;874755;533725;53.6;32.7
33;2021-06-30;6684;13388;881439;547113;54.0;33.5
33;2021-07-01;8052;11811;889491;558924;54.5;34.2
33;2021-07-02;6849;15106;896340;574030;54.9;35.1
33;2021-07-03;3232;6784;899572;580814;55.1;35.6
33;2021-07-04;2068;2379;901640;583193;55.2;35.7
33;2021-07-05;4401;12907;906041;596100;55.5;36.5
33;2021-07-06;6151;14590;912192;610690;55.8;37.4
33;2021-07-07;6897;13044;919089;623734;56.3;38.2
33;2021-07-08;7974;12752;927063;636486;56.8;39.0
33;2021-07-09;6472;15109;933535;651595;57.2;39.9
33;2021-07-10;3114;7159;936649;658754;57.3;40.3
33;2021-07-11;1845;2303;938494;661057;57.5;40.5
33;2021-07-12;3951;14702;942445;675759;57.7;41.4
33;2021-07-13;7163;16101;949608;691860;58.1;42.4
33;2021-07-14;3689;5318;953297;697178;58.4;42.7
33;2021-07-15;7627;15971;960924;713149;58.8;43.7
33;2021-07-16;8589;15140;969513;728289;59.4;44.6
33;2021-07-17;3157;6426;972670;734715;59.5;45.0
33;2021-07-18;1703;3205;974373;737920;59.7;45.2
33;2021-07-19;5872;15090;980245;753010;60.0;46.1
33;2021-07-20;7428;16117;987673;769127;60.5;47.1
33;2021-07-21;8377;14536;996050;783663;61.0;48.0
33;2021-07-22;9372;15099;1005422;798762;61.6;48.9
33;2021-07-23;9669;16348;1015091;815110;62.1;49.9
33;2021-07-24;3837;7552;1018928;822662;62.4;50.4
33;2021-07-25;2093;2667;1021021;825329;62.5;50.5
33;2021-07-26;6965;13411;1027986;838740;62.9;51.3
33;2021-07-27;10097;13396;1038083;852136;63.6;52.2
33;2021-07-28;10937;11966;1049020;864102;64.2;52.9
33;2021-07-29;11679;11900;1060699;876002;64.9;53.6
33;2021-07-30;11399;12205;1072098;888207;65.6;54.4
33;2021-07-31;4762;5648;1076860;893855;65.9;54.7
33;2021-08-01;2487;1951;1079347;895806;66.1;54.8
33;2021-08-02;8415;9888;1087762;905694;66.6;55.4
33;2021-08-03;11557;9014;1099319;914708;67.3;56.0
33;2021-08-04;12292;7360;1111611;922068;68.1;56.4
33;2021-08-05;11931;8037;1123542;930105;68.8;56.9
33;2021-08-06;11224;9055;1134766;939160;69.5;57.5
33;2021-08-07;5934;4518;1140700;943678;69.8;57.8
33;2021-08-08;3202;1820;1143902;945498;70.0;57.9
33;2021-08-09;8661;8718;1152563;954216;70.6;58.4
33;2021-08-10;9362;8445;1161925;962661;71.1;58.9
33;2021-08-11;8109;7576;1170034;970237;71.6;59.4
33;2021-08-12;7972;8015;1178006;978252;72.1;59.9
33;2021-08-13;7846;7675;1185852;985927;72.6;60.4
33;2021-08-14;3521;4330;1189373;990257;72.8;60.6
33;2021-08-15;1213;1881;1190586;992138;72.9;60.7
33;2021-08-16;6428;8633;1197014;1000771;73.3;61.3
33;2021-08-17;6617;9062;1203631;1009833;73.7;61.8
33;2021-08-18;5603;8770;1209234;1018603;74.0;62.4
33;2021-08-19;5487;9114;1214721;1027717;74.4;62.9
33;2021-08-20;4920;9835;1219641;1037552;74.7;63.5
33;2021-08-21;2192;5034;1221833;1042586;74.8;63.8
33;2021-08-22;566;2366;1222399;1044952;74.8;64.0
33;2021-08-23;3899;10289;1226298;1055241;75.1;64.6
33;2021-08-24;4116;11091;1230414;1066332;75.3;65.3
33;2021-08-25;3695;10481;1234109;1076813;75.6;65.9
33;2021-08-26;3608;11048;1237717;1087861;75.8;66.6
33;2021-08-27;3770;12583;1241487;1100444;76.0;67.4
33;2021-08-28;1560;6635;1243047;1107079;76.1;67.8
33;2021-08-29;453;2429;1243500;1109508;76.1;67.9
33;2021-08-30;2320;10535;1245820;1120043;76.3;68.6
33;2021-08-31;3218;11069;1249038;1131112;76.5;69.2
33;2021-09-01;2795;8814;1251833;1139926;76.6;69.8
33;2021-09-02;2671;8386;1254504;1148312;76.8;70.3
33;2021-09-03;3081;10135;1257585;1158447;77.0;70.9
33;2021-09-04;1633;6078;1259218;1164525;77.1;71.3
33;2021-09-05;411;1516;1259629;1166041;77.1;71.4
33;2021-09-06;1588;7177;1261217;1173218;77.2;71.8
33;2021-09-07;2050;6578;1263267;1179796;77.3;72.2
33;2021-09-08;1742;6596;1265009;1186392;77.4;72.6
33;2021-09-09;1868;6735;1266877;1193127;77.6;73.0
33;2021-09-10;2071;7274;1268948;1200401;77.7;73.5
33;2021-09-11;978;4487;1269926;1204888;77.7;73.8
33;2021-09-12;130;604;1270056;1205492;77.8;73.8
33;2021-09-13;1453;4783;1271509;1210275;77.8;74.1
33;2021-09-14;1527;5130;1273036;1215405;77.9;74.4
34;2020-12-27;1;0;1;0;0.0;0.0
34;2020-12-28;1;0;2;0;0.0;0.0
34;2020-12-29;0;0;2;0;0.0;0.0
34;2020-12-30;0;0;2;0;0.0;0.0
34;2020-12-31;0;0;2;0;0.0;0.0
34;2021-01-01;1;0;3;0;0.0;0.0
34;2021-01-02;2;0;5;0;0.0;0.0
34;2021-01-03;0;0;5;0;0.0;0.0
34;2021-01-04;23;0;28;0;0.0;0.0
34;2021-01-05;106;2;134;2;0.0;0.0
34;2021-01-06;198;1;332;3;0.0;0.0
34;2021-01-07;364;0;696;3;0.1;0.0
34;2021-01-08;606;0;1302;3;0.1;0.0
34;2021-01-09;244;0;1546;3;0.1;0.0
34;2021-01-10;95;1;1641;4;0.1;0.0
34;2021-01-11;567;2;2208;6;0.2;0.0
34;2021-01-12;1007;1;3215;7;0.3;0.0
34;2021-01-13;1098;6;4313;13;0.4;0.0
34;2021-01-14;1957;12;6270;25;0.5;0.0
34;2021-01-15;1470;4;7740;29;0.7;0.0
34;2021-01-16;332;7;8072;36;0.7;0.0
34;2021-01-17;233;1;8305;37;0.7;0.0
34;2021-01-18;1126;3;9431;40;0.8;0.0
34;2021-01-19;1610;8;11041;48;0.9;0.0
34;2021-01-20;2088;8;13129;56;1.1;0.0
34;2021-01-21;4235;10;17364;66;1.5;0.0
34;2021-01-22;2554;8;19918;74;1.7;0.0
34;2021-01-23;600;2;20518;76;1.7;0.0
34;2021-01-24;2;0;20520;76;1.7;0.0
34;2021-01-25;1243;5;21763;81;1.9;0.0
34;2021-01-26;1460;17;23223;98;2.0;0.0
34;2021-01-27;1470;23;24693;121;2.1;0.0
34;2021-01-28;1392;120;26085;241;2.2;0.0
34;2021-01-29;1260;124;27345;365;2.3;0.0
34;2021-01-30;479;12;27824;377;2.4;0.0
34;2021-01-31;4;0;27828;377;2.4;0.0
34;2021-02-01;1028;220;28856;597;2.5;0.1
34;2021-02-02;1459;399;30315;996;2.6;0.1
34;2021-02-03;2656;482;32971;1478;2.8;0.1
34;2021-02-04;2313;835;35284;2313;3.0;0.2
34;2021-02-05;1888;1072;37172;3385;3.2;0.3
34;2021-02-06;498;209;37670;3594;3.2;0.3
34;2021-02-07;32;95;37702;3689;3.2;0.3
34;2021-02-08;860;954;38562;4643;3.3;0.4
34;2021-02-09;1034;1186;39596;5829;3.4;0.5
34;2021-02-10;1296;1338;40892;7167;3.5;0.6
34;2021-02-11;1791;2422;42683;9589;3.6;0.8
34;2021-02-12;1923;1458;44606;11047;3.8;0.9
34;2021-02-13;357;435;44963;11482;3.8;1.0
34;2021-02-14;22;271;44985;11753;3.8;1.0
34;2021-02-15;673;845;45658;12598;3.9;1.1
34;2021-02-16;665;1125;46323;13723;3.9;1.2
34;2021-02-17;714;1160;47037;14883;4.0;1.3
34;2021-02-18;836;1110;47873;15993;4.1;1.4
34;2021-02-19;815;899;48688;16892;4.1;1.4
34;2021-02-20;301;335;48989;17227;4.2;1.5
34;2021-02-21;64;18;49053;17245;4.2;1.5
34;2021-02-22;630;976;49683;18221;4.2;1.5
34;2021-02-23;562;1101;50245;19322;4.3;1.6
34;2021-02-24;941;1927;51186;21249;4.4;1.8
34;2021-02-25;1607;1886;52793;23135;4.5;2.0
34;2021-02-26;1849;1329;54642;24464;4.6;2.1
34;2021-02-27;701;316;55343;24780;4.7;2.1
34;2021-02-28;86;61;55429;24841;4.7;2.1
34;2021-03-01;930;938;56359;25779;4.8;2.2
34;2021-03-02;1591;1046;57950;26825;4.9;2.3
34;2021-03-03;1834;1129;59784;27954;5.1;2.4
34;2021-03-04;2866;1385;62650;29339;5.3;2.5
34;2021-03-05;3686;1358;66336;30697;5.6;2.6
34;2021-03-06;2644;174;68980;30871;5.9;2.6
34;2021-03-07;1243;56;70223;30927;6.0;2.6
34;2021-03-08;2781;838;73004;31765;6.2;2.7
34;2021-03-09;4019;1248;77023;33013;6.5;2.8
34;2021-03-10;3992;1180;81015;34193;6.9;2.9
34;2021-03-11;5437;1188;86452;35381;7.4;3.0
34;2021-03-12;6495;850;92947;36231;7.9;3.1
34;2021-03-13;3138;164;96085;36395;8.2;3.1
34;2021-03-14;1003;54;97088;36449;8.3;3.1
34;2021-03-15;3306;549;100394;36998;8.5;3.1
34;2021-03-16;2913;638;103307;37636;8.8;3.2
34;2021-03-17;3305;732;106612;38368;9.1;3.3
34;2021-03-18;3450;902;110062;39270;9.4;3.3
34;2021-03-19;4695;787;114757;40057;9.8;3.4
34;2021-03-20;3148;64;117905;40121;10.0;3.4
34;2021-03-21;1997;60;119902;40181;10.2;3.4
34;2021-03-22;3683;459;123585;40640;10.5;3.5
34;2021-03-23;4962;534;128547;41174;10.9;3.5
34;2021-03-24;5219;627;133766;41801;11.4;3.6
34;2021-03-25;7198;712;140964;42513;12.0;3.6
34;2021-03-26;7169;571;148133;43084;12.6;3.7
34;2021-03-27;2373;82;150506;43166;12.8;3.7
34;2021-03-28;699;21;151205;43187;12.9;3.7
34;2021-03-29;4186;748;155391;43935;13.2;3.7
34;2021-03-30;5222;960;160613;44895;13.7;3.8
34;2021-03-31;5068;1202;165681;46097;14.1;3.9
34;2021-04-01;7034;1035;172715;47132;14.7;4.0
34;2021-04-02;5823;1188;178538;48320;15.2;4.1
34;2021-04-03;1137;85;179675;48405;15.3;4.1
34;2021-04-04;166;5;179841;48410;15.3;4.1
34;2021-04-05;432;26;180273;48436;15.3;4.1
34;2021-04-06;3138;2441;183411;50877;15.6;4.3
34;2021-04-07;3387;2630;186798;53507;15.9;4.5
34;2021-04-08;5253;2802;192051;56309;16.3;4.8
34;2021-04-09;8074;2490;200125;58799;17.0;5.0
34;2021-04-10;3164;1372;203289;60171;17.3;5.1
34;2021-04-11;1715;805;205004;60976;17.4;5.2
34;2021-04-12;4500;2518;209504;63494;17.8;5.4
34;2021-04-13;5240;3049;214744;66543;18.3;5.7
34;2021-04-14;5619;3235;220363;69778;18.7;5.9
34;2021-04-15;6998;3166;227361;72944;19.3;6.2
34;2021-04-16;6576;3157;233937;76101;19.9;6.5
34;2021-04-17;2378;2068;236315;78169;20.1;6.6
34;2021-04-18;989;1717;237304;79886;20.2;6.8
34;2021-04-19;3421;3119;240725;83005;20.5;7.1
34;2021-04-20;3766;3659;244491;86664;20.8;7.4
34;2021-04-21;4243;3716;248734;90380;21.1;7.7
34;2021-04-22;4489;4596;253223;94976;21.5;8.1
34;2021-04-23;5379;3514;258602;98490;22.0;8.4
34;2021-04-24;3164;1579;261766;100069;22.3;8.5
34;2021-04-25;1919;644;263685;100713;22.4;8.6
34;2021-04-26;4224;3469;267909;104182;22.8;8.9
34;2021-04-27;5128;4007;273037;108189;23.2;9.2
34;2021-04-28;5771;3539;278808;111728;23.7;9.5
34;2021-04-29;6422;3923;285230;115651;24.3;9.8
34;2021-04-30;7874;3258;293104;118909;24.9;10.1
34;2021-05-01;2405;499;295509;119408;25.1;10.2
34;2021-05-02;3262;321;298771;119729;25.4;10.2
34;2021-05-03;6576;2901;305347;122630;26.0;10.4
34;2021-05-04;7111;3790;312458;126420;26.6;10.7
34;2021-05-05;6498;4527;318956;130947;27.1;11.1
34;2021-05-06;6947;5190;325903;136137;27.7;11.6
34;2021-05-07;6930;5656;332833;141793;28.3;12.1
34;2021-05-08;3609;1172;336442;142965;28.6;12.2
34;2021-05-09;2178;1287;338620;144252;28.8;12.3
34;2021-05-10;5854;4799;344474;149051;29.3;12.7
34;2021-05-11;7414;5307;351888;154358;29.9;13.1
34;2021-05-12;7756;4452;359644;158810;30.6;13.5
34;2021-05-13;6127;782;365771;159592;31.1;13.6
34;2021-05-14;7491;3734;373262;163326;31.7;13.9
34;2021-05-15;4865;1688;378127;165014;32.1;14.0
34;2021-05-16;4952;460;383079;165474;32.6;14.1
34;2021-05-17;8696;1983;391775;167457;33.3;14.2
34;2021-05-18;9141;1972;400916;169429;34.1;14.4
34;2021-05-19;8629;1813;409545;171242;34.8;14.6
34;2021-05-20;8869;2515;418414;173757;35.6;14.8
34;2021-05-21;8786;3207;427200;176964;36.3;15.0
34;2021-05-22;5788;1154;432988;178118;36.8;15.1
34;2021-05-23;3884;549;436872;178667;37.1;15.2
34;2021-05-24;1897;852;438769;179519;37.3;15.3
34;2021-05-25;7142;3811;445911;183330;37.9;15.6
34;2021-05-26;8325;3033;454236;186363;38.6;15.8
34;2021-05-27;8321;4307;462557;190670;39.3;16.2
34;2021-05-28;8053;5439;470610;196109;40.0;16.7
34;2021-05-29;4008;3101;474618;199210;40.4;16.9
34;2021-05-30;1988;1389;476606;200599;40.5;17.1
34;2021-05-31;5877;5246;482483;205845;41.0;17.5
34;2021-06-01;6954;6091;489437;211936;41.6;18.0
34;2021-06-02;6138;5807;495575;217743;42.1;18.5
34;2021-06-03;7714;6479;503289;224222;42.8;19.1
34;2021-06-04;7660;7580;510949;231802;43.4;19.7
34;2021-06-05;4142;3678;515091;235480;43.8;20.0
34;2021-06-06;3270;1865;518361;237345;44.1;20.2
34;2021-06-07;4422;6760;522783;244105;44.4;20.8
34;2021-06-08;5858;6827;528641;250932;44.9;21.3
34;2021-06-09;5829;6838;534470;257770;45.4;21.9
34;2021-06-10;6325;6863;540795;264633;46.0;22.5
34;2021-06-11;5402;9275;546197;273908;46.4;23.3
34;2021-06-12;3167;4726;549364;278634;46.7;23.7
34;2021-06-13;1081;1906;550445;280540;46.8;23.9
34;2021-06-14;3447;7812;553892;288352;47.1;24.5
34;2021-06-15;3955;8790;557847;297142;47.4;25.3
34;2021-06-16;4620;7855;562467;304997;47.8;25.9
34;2021-06-17;4225;7950;566692;312947;48.2;26.6
34;2021-06-18;4350;9327;571042;322274;48.6;27.4
34;2021-06-19;2733;4404;573775;326678;48.8;27.8
34;2021-06-20;891;2872;574666;329550;48.9;28.0
34;2021-06-21;2181;8555;576847;338105;49.0;28.7
34;2021-06-22;2977;9409;579824;347514;49.3;29.5
34;2021-06-23;3529;8965;583353;356479;49.6;30.3
34;2021-06-24;3561;8674;586914;365153;49.9;31.0
34;2021-06-25;3376;10438;590290;375591;50.2;31.9
34;2021-06-26;1643;6189;591933;381780;50.3;32.5
34;2021-06-27;308;4270;592241;386050;50.4;32.8
34;2021-06-28;2267;9429;594508;395479;50.5;33.6
34;2021-06-29;2686;10299;597194;405778;50.8;34.5
34;2021-06-30;3357;9545;600551;415323;51.1;35.3
34;2021-07-01;3527;9442;604078;424765;51.4;36.1
34;2021-07-02;3434;9740;607512;434505;51.7;36.9
34;2021-07-03;1682;6158;609194;440663;51.8;37.5
34;2021-07-04;312;2763;609506;443426;51.8;37.7
34;2021-07-05;3233;7998;612739;451424;52.1;38.4
34;2021-07-06;3538;9178;616277;460602;52.4;39.2
34;2021-07-07;3276;8650;619553;469252;52.7;39.9
34;2021-07-08;4303;8869;623856;478121;53.0;40.7
34;2021-07-09;4008;9348;627864;487469;53.4;41.4
34;2021-07-10;2142;5718;630006;493187;53.6;41.9
34;2021-07-11;924;2578;630930;495765;53.6;42.2
34;2021-07-12;2929;8969;633859;504734;53.9;42.9
34;2021-07-13;4659;10043;638518;514777;54.3;43.8
34;2021-07-14;783;357;639301;515134;54.4;43.8
34;2021-07-15;5912;10395;645213;525529;54.9;44.7
34;2021-07-16;5862;10724;651075;536253;55.4;45.6
34;2021-07-17;4497;4412;655572;540665;55.7;46.0
34;2021-07-18;234;195;655806;540860;55.8;46.0
34;2021-07-19;5119;8326;660925;549186;56.2;46.7
34;2021-07-20;6905;8384;667830;557570;56.8;47.4
34;2021-07-21;7657;7822;675487;565392;57.4;48.1
34;2021-07-22;7441;8171;682928;573563;58.1;48.8
34;2021-07-23;7839;8155;690767;581718;58.7;49.5
34;2021-07-24;6153;3058;696920;584776;59.3;49.7
34;2021-07-25;3214;547;700134;585323;59.5;49.8
34;2021-07-26;6244;6430;706378;591753;60.1;50.3
34;2021-07-27;8756;6055;715134;597808;60.8;50.8
34;2021-07-28;9707;5920;724841;603728;61.6;51.3
34;2021-07-29;11328;6051;736169;609779;62.6;51.8
34;2021-07-30;9850;6534;746019;616313;63.4;52.4
34;2021-07-31;6448;2194;752467;618507;64.0;52.6
34;2021-08-01;3321;616;755788;619123;64.3;52.6
34;2021-08-02;7361;5065;763149;624188;64.9;53.1
34;2021-08-03;8142;5393;771291;629581;65.6;53.5
34;2021-08-04;8452;4563;779743;634144;66.3;53.9
34;2021-08-05;7108;5022;786851;639166;66.9;54.3
34;2021-08-06;5953;5221;792804;644387;67.4;54.8
34;2021-08-07;3104;2433;795908;646820;67.7;55.0
34;2021-08-08;199;204;796107;647024;67.7;55.0
34;2021-08-09;4778;6170;800885;653194;68.1;55.5
34;2021-08-10;5398;6483;806283;659677;68.6;56.1
34;2021-08-11;4834;6539;811117;666216;69.0;56.6
34;2021-08-12;4569;6200;815686;672416;69.4;57.2
34;2021-08-13;4107;5738;819793;678154;69.7;57.7
34;2021-08-14;1798;2882;821591;681036;69.9;57.9
34;2021-08-15;203;190;821794;681226;69.9;57.9
34;2021-08-16;2864;7546;824658;688772;70.1;58.6
34;2021-08-17;3580;8280;828238;697052;70.4;59.3
34;2021-08-18;3197;7554;831435;704606;70.7;59.9
34;2021-08-19;3262;7777;834697;712383;71.0;60.6
34;2021-08-20;2723;7717;837420;720100;71.2;61.2
34;2021-08-21;1383;3560;838803;723660;71.3;61.5
34;2021-08-22;161;310;838964;723970;71.3;61.6
34;2021-08-23;2325;8652;841289;732622;71.5;62.3
34;2021-08-24;2721;8960;844010;741582;71.8;63.1
34;2021-08-25;2334;8539;846344;750121;72.0;63.8
34;2021-08-26;2576;7883;848920;758004;72.2;64.4
34;2021-08-27;2185;7567;851105;765571;72.4;65.1
34;2021-08-28;1106;3558;852211;769129;72.5;65.4
34;2021-08-29;361;1358;852572;770487;72.5;65.5
34;2021-08-30;2040;6877;854612;777364;72.7;66.1
34;2021-08-31;2109;6834;856721;784198;72.8;66.7
34;2021-09-01;2038;6429;858759;790627;73.0;67.2
34;2021-09-02;1653;4855;860412;795482;73.2;67.6
34;2021-09-03;1753;5561;862165;801043;73.3;68.1
34;2021-09-04;1354;3376;863519;804419;73.4;68.4
34;2021-09-05;143;241;863662;804660;73.4;68.4
34;2021-09-06;1145;4052;864807;808712;73.5;68.8
34;2021-09-07;1348;4125;866155;812837;73.6;69.1
34;2021-09-08;1609;4774;867764;817611;73.8;69.5
34;2021-09-09;1178;3852;868942;821463;73.9;69.8
34;2021-09-10;1505;4087;870447;825550;74.0;70.2
34;2021-09-11;1270;2072;871717;827622;74.1;70.4
34;2021-09-12;88;87;871805;827709;74.1;70.4
34;2021-09-13;988;3295;872793;831004;74.2;70.7
34;2021-09-14;1204;3256;873997;834260;74.3;70.9
35;2020-12-27;0;0;0;0;0.0;0.0
35;2020-12-28;0;0;0;0;0.0;0.0
35;2020-12-29;2;0;2;0;0.0;0.0
35;2020-12-30;0;0;2;0;0.0;0.0
35;2020-12-31;1;0;3;0;0.0;0.0
35;2021-01-01;3;0;6;0;0.0;0.0
35;2021-01-02;1;0;7;0;0.0;0.0
35;2021-01-03;0;0;7;0;0.0;0.0
35;2021-01-04;10;0;17;0;0.0;0.0
35;2021-01-05;110;0;127;0;0.0;0.0
35;2021-01-06;175;0;302;0;0.0;0.0
35;2021-01-07;440;1;742;1;0.1;0.0
35;2021-01-08;513;1;1255;2;0.1;0.0
35;2021-01-09;31;0;1286;2;0.1;0.0
35;2021-01-10;2;0;1288;2;0.1;0.0
35;2021-01-11;538;0;1826;2;0.2;0.0
35;2021-01-12;886;3;2712;5;0.3;0.0
35;2021-01-13;969;1;3681;6;0.3;0.0
35;2021-01-14;1261;18;4942;24;0.5;0.0
35;2021-01-15;729;2;5671;26;0.5;0.0
35;2021-01-16;189;2;5860;28;0.5;0.0
35;2021-01-17;44;0;5904;28;0.5;0.0
35;2021-01-18;1222;0;7126;28;0.7;0.0
35;2021-01-19;5408;12;12534;40;1.2;0.0
35;2021-01-20;3237;8;15771;48;1.5;0.0
35;2021-01-21;3638;5;19409;53;1.8;0.0
35;2021-01-22;2088;10;21497;63;2.0;0.0
35;2021-01-23;421;1;21918;64;2.0;0.0
35;2021-01-24;50;0;21968;64;2.0;0.0
35;2021-01-25;917;15;22885;79;2.1;0.0
35;2021-01-26;1130;125;24015;204;2.2;0.0
35;2021-01-27;1030;115;25045;319;2.3;0.0
35;2021-01-28;915;272;25960;591;2.4;0.1
35;2021-01-29;724;255;26684;846;2.5;0.1
35;2021-01-30;139;15;26823;861;2.5;0.1
35;2021-01-31;0;0;26823;861;2.5;0.1
35;2021-02-01;670;281;27493;1142;2.5;0.1
35;2021-02-02;726;409;28219;1551;2.6;0.1
35;2021-02-03;661;467;28880;2018;2.7;0.2
35;2021-02-04;591;582;29471;2600;2.7;0.2
35;2021-02-05;624;509;30095;3109;2.8;0.3
35;2021-02-06;175;4;30270;3113;2.8;0.3
35;2021-02-07;1;0;30271;3113;2.8;0.3
35;2021-02-08;446;539;30717;3652;2.8;0.3
35;2021-02-09;1715;3232;32432;6884;3.0;0.6
35;2021-02-10;1368;2518;33800;9402;3.1;0.9
35;2021-02-11;1946;3006;35746;12408;3.3;1.1
35;2021-02-12;1662;1551;37408;13959;3.5;1.3
35;2021-02-13;58;230;37466;14189;3.5;1.3
35;2021-02-14;8;46;37474;14235;3.5;1.3
35;2021-02-15;771;825;38245;15060;3.5;1.4
35;2021-02-16;920;781;39165;15841;3.6;1.5
35;2021-02-17;892;870;40057;16711;3.7;1.5
35;2021-02-18;1015;804;41072;17515;3.8;1.6
35;2021-02-19;1012;750;42084;18265;3.9;1.7
35;2021-02-20;143;38;42227;18303;3.9;1.7
35;2021-02-21;5;0;42232;18303;3.9;1.7
35;2021-02-22;777;649;43009;18952;4.0;1.8
35;2021-02-23;1288;692;44297;19644;4.1;1.8
35;2021-02-24;1404;678;45701;20322;4.2;1.9
35;2021-02-25;2249;658;47950;20980;4.4;1.9
35;2021-02-26;2601;594;50551;21574;4.7;2.0
35;2021-02-27;869;78;51420;21652;4.8;2.0
35;2021-02-28;10;0;51430;21652;4.8;2.0
35;2021-03-01;962;570;52392;22222;4.8;2.1
35;2021-03-02;1634;1803;54026;24025;5.0;2.2
35;2021-03-03;1913;863;55939;24888;5.2;2.3
35;2021-03-04;2918;1292;58857;26180;5.4;2.4
35;2021-03-05;3717;1254;62574;27434;5.8;2.5
35;2021-03-06;1339;81;63913;27515;5.9;2.5
35;2021-03-07;1;36;63914;27551;5.9;2.5
35;2021-03-08;1474;539;65388;28090;6.0;2.6
35;2021-03-09;3236;546;68624;28636;6.3;2.6
35;2021-03-10;2905;516;71529;29152;6.6;2.7
35;2021-03-11;4199;650;75728;29802;7.0;2.8
35;2021-03-12;6048;519;81776;30321;7.6;2.8
35;2021-03-13;2427;124;84203;30445;7.8;2.8
35;2021-03-14;18;25;84221;30470;7.8;2.8
35;2021-03-15;1966;656;86187;31126;8.0;2.9
35;2021-03-16;2505;714;88692;31840;8.2;2.9
35;2021-03-17;2397;588;91089;32428;8.4;3.0
35;2021-03-18;2336;580;93425;33008;8.6;3.1
35;2021-03-19;3546;496;96971;33504;9.0;3.1
35;2021-03-20;1542;108;98513;33612;9.1;3.1
35;2021-03-21;38;1;98551;33613;9.1;3.1
35;2021-03-22;1750;835;100301;34448;9.3;3.2
35;2021-03-23;3626;1167;103927;35615;9.6;3.3
35;2021-03-24;3731;982;107658;36597;9.9;3.4
35;2021-03-25;5329;979;112987;37576;10.4;3.5
35;2021-03-26;5851;800;118838;38376;11.0;3.5
35;2021-03-27;1416;208;120254;38584;11.1;3.6
35;2021-03-28;4;0;120258;38584;11.1;3.6
35;2021-03-29;2780;902;123038;39486;11.4;3.6
35;2021-03-30;4292;1312;127330;40798;11.8;3.8
35;2021-03-31;3471;1327;130801;42125;12.1;3.9
35;2021-04-01;4252;1237;135053;43362;12.5;4.0
35;2021-04-02;4864;1204;139917;44566;12.9;4.1
35;2021-04-03;764;213;140681;44779;13.0;4.1
35;2021-04-04;6;0;140687;44779;13.0;4.1
35;2021-04-05;23;1;140710;44780;13.0;4.1
35;2021-04-06;3283;2021;143993;46801;13.3;4.3
35;2021-04-07;3966;1840;147959;48641;13.7;4.5
35;2021-04-08;5803;1590;153762;50231;14.2;4.6
35;2021-04-09;7427;1411;161189;51642;14.9;4.8
35;2021-04-10;1861;250;163050;51892;15.1;4.8
35;2021-04-11;35;23;163085;51915;15.1;4.8
35;2021-04-12;5137;1593;168222;53508;15.5;4.9
35;2021-04-13;7626;2781;175848;56289;16.3;5.2
35;2021-04-14;6313;2298;182161;58587;16.8;5.4
35;2021-04-15;7566;2175;189727;60762;17.5;5.6
35;2021-04-16;8081;1760;197808;62522;18.3;5.8
35;2021-04-17;1571;223;199379;62745;18.4;5.8
35;2021-04-18;10;4;199389;62749;18.4;5.8
35;2021-04-19;4820;1667;204209;64416;18.9;6.0
35;2021-04-20;5164;2636;209373;67052;19.3;6.2
35;2021-04-21;5134;2207;214507;69259;19.8;6.4
35;2021-04-22;6429;2326;220936;71585;20.4;6.6
35;2021-04-23;6822;2362;227758;73947;21.0;6.8
35;2021-04-24;1131;261;228889;74208;21.2;6.9
35;2021-04-25;8;16;228897;74224;21.2;6.9
35;2021-04-26;5101;2152;233998;76376;21.6;7.1
35;2021-04-27;6092;3189;240090;79565;22.2;7.4
35;2021-04-28;6173;2548;246263;82113;22.8;7.6
35;2021-04-29;7116;2729;253379;84842;23.4;7.8
35;2021-04-30;7562;2520;260941;87362;24.1;8.1
35;2021-05-01;618;239;261559;87601;24.2;8.1
35;2021-05-02;15;21;261574;87622;24.2;8.1
35;2021-05-03;5308;2328;266882;89950;24.7;8.3
35;2021-05-04;5071;5315;271953;95265;25.1;8.8
35;2021-05-05;4883;4436;276836;99701;25.6;9.2
35;2021-05-06;6177;5259;283013;104960;26.2;9.7
35;2021-05-07;5619;5218;288632;110178;26.7;10.2
35;2021-05-08;1720;135;290352;110313;26.8;10.2
35;2021-05-09;698;75;291050;110388;26.9;10.2
35;2021-05-10;3724;4951;294774;115339;27.2;10.7
35;2021-05-11;4775;5795;299549;121134;27.7;11.2
35;2021-05-12;5291;5491;304840;126625;28.2;11.7
35;2021-05-13;2702;1427;307542;128052;28.4;11.8
35;2021-05-14;5460;4327;313002;132379;28.9;12.2
35;2021-05-15;2930;718;315932;133097;29.2;12.3
35;2021-05-16;999;61;316931;133158;29.3;12.3
35;2021-05-17;4475;3872;321406;137030;29.7;12.7
35;2021-05-18;5838;4314;327244;141344;30.2;13.1
35;2021-05-19;5867;3631;333111;144975;30.8;13.4
35;2021-05-20;6448;3996;339559;148971;31.4;13.8
35;2021-05-21;6140;4755;345699;153726;31.9;14.2
35;2021-05-22;2118;727;347817;154453;32.1;14.3
35;2021-05-23;688;46;348505;154499;32.2;14.3
35;2021-05-24;3208;1297;351713;155796;32.5;14.4
35;2021-05-25;5544;4270;357257;160066;33.0;14.8
35;2021-05-26;5726;4154;362983;164220;33.5;15.2
35;2021-05-27;6528;4750;369511;168970;34.1;15.6
35;2021-05-28;6332;5544;375843;174514;34.7;16.1
35;2021-05-29;2875;1137;378718;175651;35.0;16.2
35;2021-05-30;878;39;379596;175690;35.1;16.2
35;2021-05-31;6312;4379;385908;180069;35.7;16.6
35;2021-06-01;7365;5102;393273;185171;36.3;17.1
35;2021-06-02;7221;3790;400494;188961;37.0;17.5
35;2021-06-03;8155;4982;408649;193943;37.8;17.9
35;2021-06-04;7274;7441;415923;201384;38.4;18.6
35;2021-06-05;4139;1580;420062;202964;38.8;18.8
35;2021-06-06;3055;146;423117;203110;39.1;18.8
35;2021-06-07;5782;5772;428899;208882;39.6;19.3
35;2021-06-08;7602;5947;436501;214829;40.3;19.9
35;2021-06-09;8465;4806;444966;219635;41.1;20.3
35;2021-06-10;9349;4733;454315;224368;42.0;20.7
35;2021-06-11;8635;7463;462950;231831;42.8;21.4
35;2021-06-12;4688;1208;467638;233039;43.2;21.5
35;2021-06-13;3386;227;471024;233266;43.5;21.6
35;2021-06-14;6233;6517;477257;239783;44.1;22.2
35;2021-06-15;7506;6962;484763;246745;44.8;22.8
35;2021-06-16;8325;5621;493088;252366;45.6;23.3
35;2021-06-17;8895;5900;501983;258266;46.4;23.9
35;2021-06-18;8719;8091;510702;266357;47.2;24.6
35;2021-06-19;1504;2511;512206;268868;47.3;24.8
35;2021-06-20;2955;883;515161;269751;47.6;24.9
35;2021-06-21;5932;6372;521093;276123;48.2;25.5
35;2021-06-22;6843;7497;527936;283620;48.8;26.2
35;2021-06-23;7252;6145;535188;289765;49.5;26.8
35;2021-06-24;8371;5922;543559;295687;50.2;27.3
35;2021-06-25;6630;8475;550189;304162;50.8;28.1
35;2021-06-26;1107;3076;551296;307238;50.9;28.4
35;2021-06-27;2637;1031;553933;308269;51.2;28.5
35;2021-06-28;4297;7759;558230;316028;51.6;29.2
35;2021-06-29;5091;7970;563321;323998;52.1;29.9
35;2021-06-30;5603;7890;568924;331888;52.6;30.7
35;2021-07-01;6586;7537;575510;339425;53.2;31.4
35;2021-07-02;5334;9856;580844;349281;53.7;32.3
35;2021-07-03;1084;2838;581928;352119;53.8;32.5
35;2021-07-04;2149;1554;584077;353673;54.0;32.7
35;2021-07-05;3737;8206;587814;361879;54.3;33.4
35;2021-07-06;4789;9472;592603;371351;54.8;34.3
35;2021-07-07;5059;8317;597662;379668;55.2;35.1
35;2021-07-08;5387;8486;603049;388154;55.7;35.9
35;2021-07-09;3907;11544;606956;399698;56.1;36.9
35;2021-07-10;892;3149;607848;402847;56.2;37.2
35;2021-07-11;1301;2355;609149;405202;56.3;37.4
35;2021-07-12;3121;9145;612270;414347;56.6;38.3
35;2021-07-13;3983;10748;616253;425095;57.0;39.3
35;2021-07-14;2152;4449;618405;429544;57.2;39.7
35;2021-07-15;4295;10179;622700;439723;57.5;40.6
35;2021-07-16;4801;11002;627501;450725;58.0;41.7
35;2021-07-17;1986;4065;629487;454790;58.2;42.0
35;2021-07-18;845;2571;630332;457361;58.3;42.3
35;2021-07-19;3253;8970;633585;466331;58.6;43.1
35;2021-07-20;4243;10588;637828;476919;58.9;44.1
35;2021-07-21;4372;9382;642200;486301;59.3;44.9
35;2021-07-22;4849;9655;647049;495956;59.8;45.8
35;2021-07-23;4566;11009;651615;506965;60.2;46.9
35;2021-07-24;1587;4267;653202;511232;60.4;47.2
35;2021-07-25;816;2844;654018;514076;60.4;47.5
35;2021-07-26;3892;8737;657910;522813;60.8;48.3
35;2021-07-27;5282;9650;663192;532463;61.3;49.2
35;2021-07-28;5320;8669;668512;541132;61.8;50.0
35;2021-07-29;6111;8336;674623;549468;62.3;50.8
35;2021-07-30;5905;9086;680528;558554;62.9;51.6
35;2021-07-31;2319;3655;682847;562209;63.1;52.0
35;2021-08-01;1525;2411;684372;564620;63.2;52.2
35;2021-08-02;4757;6950;689129;571570;63.7;52.8
35;2021-08-03;6714;7580;695843;579150;64.3;53.5
35;2021-08-04;6711;6588;702554;585738;64.9;54.1
35;2021-08-05;6684;6980;709238;592718;65.5;54.8
35;2021-08-06;6064;7321;715302;600039;66.1;55.5
35;2021-08-07;2108;3149;717410;603188;66.3;55.7
35;2021-08-08;1525;2256;718935;605444;66.4;56.0
35;2021-08-09;4616;5536;723551;610980;66.9;56.5
35;2021-08-10;6565;6378;730116;617358;67.5;57.1
35;2021-08-11;6471;5863;736587;623221;68.1;57.6
35;2021-08-12;7006;5579;743593;628800;68.7;58.1
35;2021-08-13;6673;5061;750266;633861;69.3;58.6
35;2021-08-14;3048;1984;753314;635845;69.6;58.8
35;2021-08-15;2474;1256;755788;637101;69.8;58.9
35;2021-08-16;4862;5291;760650;642392;70.3;59.4
35;2021-08-17;6386;6076;767036;648468;70.9;59.9
35;2021-08-18;6473;5626;773509;654094;71.5;60.4
35;2021-08-19;6284;5755;779793;659849;72.1;61.0
35;2021-08-20;5124;6346;784917;666195;72.5;61.6
35;2021-08-21;2381;2631;787298;668826;72.8;61.8
35;2021-08-22;1762;1795;789060;670621;72.9;62.0
35;2021-08-23;3093;6009;792153;676630;73.2;62.5
35;2021-08-24;3472;7220;795625;683850;73.5;63.2
35;2021-08-25;3287;6614;798912;690464;73.8;63.8
35;2021-08-26;2615;6889;801527;697353;74.1;64.4
35;2021-08-27;2750;7258;804277;704611;74.3;65.1
35;2021-08-28;1175;2952;805452;707563;74.4;65.4
35;2021-08-29;518;1759;805970;709322;74.5;65.6
35;2021-08-30;1964;5487;807934;714809;74.7;66.1
35;2021-08-31;2348;6508;810282;721317;74.9;66.7
35;2021-09-01;1909;6090;812191;727407;75.1;67.2
35;2021-09-02;1829;6170;814020;733577;75.2;67.8
35;2021-09-03;2015;7046;816035;740623;75.4;68.4
35;2021-09-04;1119;4095;817154;744718;75.5;68.8
35;2021-09-05;517;2074;817671;746792;75.6;69.0
35;2021-09-06;1125;5007;818796;751799;75.7;69.5
35;2021-09-07;1310;5411;820106;757210;75.8;70.0
35;2021-09-08;1331;6256;821437;763466;75.9;70.6
35;2021-09-09;1247;5309;822684;768775;76.0;71.0
35;2021-09-10;1563;6587;824247;775362;76.2;71.7
35;2021-09-11;622;3897;824869;779259;76.2;72.0
35;2021-09-12;286;2374;825155;781633;76.3;72.2
35;2021-09-13;1304;4305;826459;785938;76.4;72.6
35;2021-09-14;1340;4444;827799;790382;76.5;73.0
36;2020-12-27;0;0;0;0;0.0;0.0
36;2020-12-28;0;0;0;0;0.0;0.0
36;2020-12-29;0;0;0;0;0.0;0.0
36;2020-12-30;0;0;0;0;0.0;0.0
36;2020-12-31;0;0;0;0;0.0;0.0
36;2021-01-01;0;0;0;0;0.0;0.0
36;2021-01-02;0;0;0;0;0.0;0.0
36;2021-01-03;0;0;0;0;0.0;0.0
36;2021-01-04;2;0;2;0;0.0;0.0
36;2021-01-05;0;0;2;0;0.0;0.0
36;2021-01-06;24;0;26;0;0.0;0.0
36;2021-01-07;51;0;77;0;0.0;0.0
36;2021-01-08;111;0;188;0;0.1;0.0
36;2021-01-09;84;0;272;0;0.1;0.0
36;2021-01-10;142;0;414;0;0.2;0.0
36;2021-01-11;240;1;654;1;0.3;0.0
36;2021-01-12;282;0;936;1;0.4;0.0
36;2021-01-13;198;1;1134;2;0.5;0.0
36;2021-01-14;505;3;1639;5;0.8;0.0
36;2021-01-15;179;1;1818;6;0.8;0.0
36;2021-01-16;24;1;1842;7;0.8;0.0
36;2021-01-17;19;1;1861;8;0.9;0.0
36;2021-01-18;613;3;2474;11;1.1;0.0
36;2021-01-19;1174;1;3648;12;1.7;0.0
36;2021-01-20;1102;2;4750;14;2.2;0.0
36;2021-01-21;721;0;5471;14;2.5;0.0
36;2021-01-22;858;2;6329;16;2.9;0.0
36;2021-01-23;295;0;6624;16;3.1;0.0
36;2021-01-24;185;0;6809;16;3.1;0.0
36;2021-01-25;640;4;7449;20;3.4;0.0
36;2021-01-26;610;1;8059;21;3.7;0.0
36;2021-01-27;852;19;8911;40;4.1;0.0
36;2021-01-28;478;34;9389;74;4.3;0.0
36;2021-01-29;573;88;9962;162;4.6;0.1
36;2021-01-30;288;61;10250;223;4.7;0.1
36;2021-01-31;115;116;10365;339;4.8;0.2
36;2021-02-01;378;88;10743;427;4.9;0.2
36;2021-02-02;410;167;11153;594;5.1;0.3
36;2021-02-03;473;240;11626;834;5.4;0.4
36;2021-02-04;275;246;11901;1080;5.5;0.5
36;2021-02-05;302;151;12203;1231;5.6;0.6
36;2021-02-06;1;0;12204;1231;5.6;0.6
36;2021-02-07;1;0;12205;1231;5.6;0.6
36;2021-02-08;280;198;12485;1429;5.7;0.7
36;2021-02-09;328;536;12813;1965;5.9;0.9
36;2021-02-10;490;601;13303;2566;6.1;1.2
36;2021-02-11;384;567;13687;3133;6.3;1.4
36;2021-02-12;303;356;13990;3489;6.4;1.6
36;2021-02-13;126;55;14116;3544;6.5;1.6
36;2021-02-14;22;22;14138;3566;6.5;1.6
36;2021-02-15;42;443;14180;4009;6.5;1.8
36;2021-02-16;107;309;14287;4318;6.6;2.0
36;2021-02-17;117;480;14404;4798;6.6;2.2
36;2021-02-18;161;521;14565;5319;6.7;2.4
36;2021-02-19;181;407;14746;5726;6.8;2.6
36;2021-02-20;86;194;14832;5920;6.8;2.7
36;2021-02-21;87;127;14919;6047;6.9;2.8
36;2021-02-22;162;393;15081;6440;6.9;3.0
36;2021-02-23;62;499;15143;6939;7.0;3.2
36;2021-02-24;110;559;15253;7498;7.0;3.5
36;2021-02-25;251;226;15504;7724;7.1;3.6
36;2021-02-26;339;397;15843;8121;7.3;3.7
36;2021-02-27;73;216;15916;8337;7.3;3.8
36;2021-02-28;13;79;15929;8416;7.3;3.9
36;2021-03-01;218;301;16147;8717;7.4;4.0
36;2021-03-02;352;323;16499;9040;7.6;4.2
36;2021-03-03;394;482;16893;9522;7.8;4.4
36;2021-03-04;663;324;17556;9846;8.1;4.5
36;2021-03-05;799;271;18355;10117;8.5;4.7
36;2021-03-06;410;17;18765;10134;8.6;4.7
36;2021-03-07;339;7;19104;10141;8.8;4.7
36;2021-03-08;251;290;19355;10431;8.9;4.8
36;2021-03-09;449;241;19804;10672;9.1;4.9
36;2021-03-10;724;389;20528;11061;9.5;5.1
36;2021-03-11;840;237;21368;11298;9.8;5.2
36;2021-03-12;1446;295;22814;11593;10.5;5.3
36;2021-03-13;575;124;23389;11717;10.8;5.4
36;2021-03-14;113;1;23502;11718;10.8;5.4
36;2021-03-15;649;154;24151;11872;11.1;5.5
36;2021-03-16;447;67;24598;11939;11.3;5.5
36;2021-03-17;766;90;25364;12029;11.7;5.5
36;2021-03-18;414;72;25778;12101;11.9;5.6
36;2021-03-19;738;40;26516;12141;12.2;5.6
36;2021-03-20;451;26;26967;12167;12.4;5.6
36;2021-03-21;0;0;26967;12167;12.4;5.6
36;2021-03-22;497;59;27464;12226;12.6;5.6
36;2021-03-23;777;58;28241;12284;13.0;5.7
36;2021-03-24;1090;76;29331;12360;13.5;5.7
36;2021-03-25;1337;89;30668;12449;14.1;5.7
36;2021-03-26;1419;140;32087;12589;14.8;5.8
36;2021-03-27;475;43;32562;12632;15.0;5.8
36;2021-03-28;68;56;32630;12688;15.0;5.8
36;2021-03-29;462;182;33092;12870;15.2;5.9
36;2021-03-30;584;263;33676;13133;15.5;6.0
36;2021-03-31;1263;172;34939;13305;16.1;6.1
36;2021-04-01;1086;430;36025;13735;16.6;6.3
36;2021-04-02;966;143;36991;13878;17.0;6.4
36;2021-04-03;282;176;37273;14054;17.2;6.5
36;2021-04-04;42;2;37315;14056;17.2;6.5
36;2021-04-05;15;46;37330;14102;17.2;6.5
36;2021-04-06;821;361;38151;14463;17.6;6.7
36;2021-04-07;1073;539;39224;15002;18.1;6.9
36;2021-04-08;1347;479;40571;15481;18.7;7.1
36;2021-04-09;1939;403;42510;15884;19.6;7.3
36;2021-04-10;592;243;43102;16127;19.8;7.4
36;2021-04-11;256;90;43358;16217;20.0;7.5
36;2021-04-12;848;561;44206;16778;20.4;7.7
36;2021-04-13;1140;517;45346;17295;20.9;8.0
36;2021-04-14;1582;864;46928;18159;21.6;8.4
36;2021-04-15;1654;473;48582;18632;22.4;8.6
36;2021-04-16;1488;466;50070;19098;23.1;8.8
36;2021-04-17;893;250;50963;19348;23.5;8.9
36;2021-04-18;383;7;51346;19355;23.6;8.9
36;2021-04-19;874;443;52220;19798;24.0;9.1
36;2021-04-20;1145;521;53365;20319;24.6;9.4
36;2021-04-21;1240;879;54605;21198;25.1;9.8
36;2021-04-22;1593;869;56198;22067;25.9;10.2
36;2021-04-23;1327;613;57525;22680;26.5;10.4
36;2021-04-24;678;381;58203;23061;26.8;10.6
36;2021-04-25;413;94;58616;23155;27.0;10.7
36;2021-04-26;1134;446;59750;23601;27.5;10.9
36;2021-04-27;1278;551;61028;24152;28.1;11.1
36;2021-04-28;1488;1061;62516;25213;28.8;11.6
36;2021-04-29;2016;701;64532;25914;29.7;11.9
36;2021-04-30;1553;458;66085;26372;30.4;12.1
36;2021-05-01;724;62;66809;26434;30.8;12.2
36;2021-05-02;498;64;67307;26498;31.0;12.2
36;2021-05-03;1292;315;68599;26813;31.6;12.3
36;2021-05-04;780;804;69379;27617;32.0;12.7
36;2021-05-05;1283;1304;70662;28921;32.5;13.3
36;2021-05-06;2138;795;72800;29716;33.5;13.7
36;2021-05-07;1469;765;74269;30481;34.2;14.0
36;2021-05-08;306;105;74575;30586;34.3;14.1
36;2021-05-09;174;343;74749;30929;34.4;14.2
36;2021-05-10;1216;814;75965;31743;35.0;14.6
36;2021-05-11;1725;1244;77690;32987;35.8;15.2
36;2021-05-12;1827;1484;79517;34471;36.6;15.9
36;2021-05-13;548;304;80065;34775;36.9;16.0
36;2021-05-14;701;1036;80766;35811;37.2;16.5
36;2021-05-15;635;591;81401;36402;37.5;16.8
36;2021-05-16;337;377;81738;36779;37.6;16.9
36;2021-05-17;615;943;82353;37722;37.9;17.4
36;2021-05-18;874;936;83227;38658;38.3;17.8
36;2021-05-19;1333;846;84560;39504;38.9;18.2
36;2021-05-20;1611;1201;86171;40705;39.7;18.7
36;2021-05-21;1107;1064;87278;41769;40.2;19.2
36;2021-05-22;678;342;87956;42111;40.5;19.4
36;2021-05-23;429;297;88385;42408;40.7;19.5
36;2021-05-24;506;469;88891;42877;40.9;19.7
36;2021-05-25;1046;685;89937;43562;41.4;20.1
36;2021-05-26;1473;1158;91410;44720;42.1;20.6
36;2021-05-27;1397;976;92807;45696;42.7;21.0
36;2021-05-28;921;1481;93728;47177;43.2;21.7
36;2021-05-29;700;507;94428;47684;43.5;22.0
36;2021-05-30;111;572;94539;48256;43.5;22.2
36;2021-05-31;1137;763;95676;49019;44.1;22.6
36;2021-06-01;1412;828;97088;49847;44.7;23.0
36;2021-06-02;2062;614;99150;50461;45.7;23.2
36;2021-06-03;1902;1200;101052;51661;46.5;23.8
36;2021-06-04;1774;1038;102826;52699;47.4;24.3
36;2021-06-05;693;657;103519;53356;47.7;24.6
36;2021-06-06;336;272;103855;53628;47.8;24.7
36;2021-06-07;983;806;104838;54434;48.3;25.1
36;2021-06-08;958;981;105796;55415;48.7;25.5
36;2021-06-09;1675;1061;107471;56476;49.5;26.0
36;2021-06-10;1530;1381;109001;57857;50.2;26.6
36;2021-06-11;1289;1489;110290;59346;50.8;27.3
36;2021-06-12;920;779;111210;60125;51.2;27.7
36;2021-06-13;343;269;111553;60394;51.4;27.8
36;2021-06-14;606;1268;112159;61662;51.7;28.4
36;2021-06-15;734;1215;112893;62877;52.0;29.0
36;2021-06-16;903;1518;113796;64395;52.4;29.7
36;2021-06-17;750;1899;114546;66294;52.8;30.5
36;2021-06-18;706;1878;115252;68172;53.1;31.4
36;2021-06-19;295;395;115547;68567;53.2;31.6
36;2021-06-20;235;327;115782;68894;53.3;31.7
36;2021-06-21;686;1449;116468;70343;53.6;32.4
36;2021-06-22;841;1552;117309;71895;54.0;33.1
36;2021-06-23;773;1786;118082;73681;54.4;33.9
36;2021-06-24;855;1523;118937;75204;54.8;34.6
36;2021-06-25;942;1218;119879;76422;55.2;35.2
36;2021-06-26;325;602;120204;77024;55.4;35.5
36;2021-06-27;105;267;120309;77291;55.4;35.6
36;2021-06-28;697;924;121006;78215;55.7;36.0
36;2021-06-29;688;1459;121694;79674;56.0;36.7
36;2021-06-30;837;2147;122531;81821;56.4;37.7
36;2021-07-01;351;1081;122882;82902;56.6;38.2
36;2021-07-02;748;1843;123630;84745;56.9;39.0
36;2021-07-03;466;885;124096;85630;57.2;39.4
36;2021-07-04;185;325;124281;85955;57.2;39.6
36;2021-07-05;494;1335;124775;87290;57.5;40.2
36;2021-07-06;491;1221;125266;88511;57.7;40.8
36;2021-07-07;586;1792;125852;90303;58.0;41.6
36;2021-07-08;550;1707;126402;92010;58.2;42.4
36;2021-07-09;786;1651;127188;93661;58.6;43.1
36;2021-07-10;470;1119;127658;94780;58.8;43.6
36;2021-07-11;257;154;127915;94934;58.9;43.7
36;2021-07-12;332;1628;128247;96562;59.1;44.5
36;2021-07-13;312;1937;128559;98499;59.2;45.4
36;2021-07-14;376;763;128935;99262;59.4;45.7
36;2021-07-15;917;2164;129852;101426;59.8;46.7
36;2021-07-16;628;1870;130480;103296;60.1;47.6
36;2021-07-17;400;859;130880;104155;60.3;48.0
36;2021-07-18;199;408;131079;104563;60.4;48.2
36;2021-07-19;552;1456;131631;106019;60.6;48.8
36;2021-07-20;776;1406;132407;107425;61.0;49.5
36;2021-07-21;713;1983;133120;109408;61.3;50.4
36;2021-07-22;1139;1687;134259;111095;61.8;51.2
36;2021-07-23;969;1739;135228;112834;62.3;52.0
36;2021-07-24;606;800;135834;113634;62.6;52.3
36;2021-07-25;148;404;135982;114038;62.6;52.5
36;2021-07-26;949;1085;136931;115123;63.1;53.0
36;2021-07-27;816;1354;137747;116477;63.4;53.6
36;2021-07-28;1385;1402;139132;117879;64.1;54.3
36;2021-07-29;1707;1308;140839;119187;64.9;54.9
36;2021-07-30;1448;1324;142287;120511;65.5;55.5
36;2021-07-31;933;536;143220;121047;66.0;55.7
36;2021-08-01;209;239;143429;121286;66.1;55.9
36;2021-08-02;1117;892;144546;122178;66.6;56.3
36;2021-08-03;1272;995;145818;123173;67.2;56.7
36;2021-08-04;1693;938;147511;124111;67.9;57.2
36;2021-08-05;1823;910;149334;125021;68.8;57.6
36;2021-08-06;1419;877;150753;125898;69.4;58.0
36;2021-08-07;541;527;151294;126425;69.7;58.2
36;2021-08-08;292;154;151586;126579;69.8;58.3
36;2021-08-09;818;846;152404;127425;70.2;58.7
36;2021-08-10;1068;1012;153472;128437;70.7;59.1
36;2021-08-11;1355;857;154827;129294;71.3;59.5
36;2021-08-12;1159;855;155986;130149;71.8;59.9
36;2021-08-13;1187;777;157173;130926;72.4;60.3
36;2021-08-14;426;838;157599;131764;72.6;60.7
36;2021-08-15;363;113;157962;131877;72.7;60.7
36;2021-08-16;606;957;158568;132834;73.0;61.2
36;2021-08-17;766;1000;159334;133834;73.4;61.6
36;2021-08-18;1038;1163;160372;134997;73.9;62.2
36;2021-08-19;838;1179;161210;136176;74.2;62.7
36;2021-08-20;486;1478;161696;137654;74.5;63.4
36;2021-08-21;309;467;162005;138121;74.6;63.6
36;2021-08-22;27;65;162032;138186;74.6;63.6
36;2021-08-23;551;1178;162583;139364;74.9;64.2
36;2021-08-24;588;1205;163171;140569;75.1;64.7
36;2021-08-25;461;1093;163632;141662;75.4;65.2
36;2021-08-26;666;1479;164298;143141;75.7;65.9
36;2021-08-27;528;1410;164826;144551;75.9;66.6
36;2021-08-28;368;580;165194;145131;76.1;66.8
36;2021-08-29;220;239;165414;145370;76.2;66.9
36;2021-08-30;246;748;165660;146118;76.3;67.3
36;2021-08-31;387;934;166047;147052;76.5;67.7
36;2021-09-01;385;1219;166432;148271;76.6;68.3
36;2021-09-02;324;1054;166756;149325;76.8;68.8
36;2021-09-03;296;1492;167052;150817;76.9;69.5
36;2021-09-04;248;867;167300;151684;77.0;69.9
36;2021-09-05;119;382;167419;152066;77.1;70.0
36;2021-09-06;149;1040;167568;153106;77.2;70.5
36;2021-09-07;190;853;167758;153959;77.3;70.9
36;2021-09-08;236;1303;167994;155262;77.4;71.5
36;2021-09-09;291;1010;168285;156272;77.5;72.0
36;2021-09-10;269;1140;168554;157412;77.6;72.5
36;2021-09-11;162;761;168716;158173;77.7;72.8
36;2021-09-12;82;236;168798;158409;77.7;73.0
36;2021-09-13;168;734;168966;159143;77.8;73.3
36;2021-09-14;164;790;169130;159933;77.9;73.7
37;2020-12-27;0;0;0;0;0.0;0.0
37;2020-12-28;17;0;17;0;0.0;0.0
37;2020-12-29;10;0;27;0;0.0;0.0
37;2020-12-30;0;0;27;0;0.0;0.0
37;2020-12-31;0;0;27;0;0.0;0.0
37;2021-01-01;0;0;27;0;0.0;0.0
37;2021-01-02;0;0;27;0;0.0;0.0
37;2021-01-03;0;0;27;0;0.0;0.0
37;2021-01-04;21;0;48;0;0.0;0.0
37;2021-01-05;47;0;95;0;0.0;0.0
37;2021-01-06;79;0;174;0;0.0;0.0
37;2021-01-07;116;0;290;0;0.0;0.0
37;2021-01-08;442;1;732;1;0.1;0.0
37;2021-01-09;80;1;812;2;0.1;0.0
37;2021-01-10;83;0;895;2;0.1;0.0
37;2021-01-11;280;0;1175;2;0.2;0.0
37;2021-01-12;658;4;1833;6;0.3;0.0
37;2021-01-13;560;1;2393;7;0.4;0.0
37;2021-01-14;523;3;2916;10;0.5;0.0
37;2021-01-15;628;1;3544;11;0.6;0.0
37;2021-01-16;304;2;3848;13;0.6;0.0
37;2021-01-17;262;1;4110;14;0.7;0.0
37;2021-01-18;733;9;4843;23;0.8;0.0
37;2021-01-19;1243;10;6086;33;1.0;0.0
37;2021-01-20;1038;3;7124;36;1.2;0.0
37;2021-01-21;856;1;7980;37;1.3;0.0
37;2021-01-22;768;2;8748;39;1.4;0.0
37;2021-01-23;173;0;8921;39;1.5;0.0
37;2021-01-24;0;0;8921;39;1.5;0.0
37;2021-01-25;541;15;9462;54;1.6;0.0
37;2021-01-26;1814;63;11276;117;1.9;0.0
37;2021-01-27;1524;68;12800;185;2.1;0.0
37;2021-01-28;1531;87;14331;272;2.4;0.0
37;2021-01-29;634;304;14965;576;2.5;0.1
37;2021-01-30;202;53;15167;629;2.5;0.1
37;2021-01-31;15;52;15182;681;2.5;0.1
37;2021-02-01;332;182;15514;863;2.6;0.1
37;2021-02-02;523;494;16037;1357;2.6;0.2
37;2021-02-03;659;330;16696;1687;2.8;0.3
37;2021-02-04;548;385;17244;2072;2.8;0.3
37;2021-02-05;466;406;17710;2478;2.9;0.4
37;2021-02-06;189;2;17899;2480;3.0;0.4
37;2021-02-07;20;1;17919;2481;3.0;0.4
37;2021-02-08;332;279;18251;2760;3.0;0.5
37;2021-02-09;626;620;18877;3380;3.1;0.6
37;2021-02-10;664;464;19541;3844;3.2;0.6
37;2021-02-11;612;522;20153;4366;3.3;0.7
37;2021-02-12;489;516;20642;4882;3.4;0.8
37;2021-02-13;156;169;20798;5051;3.4;0.8
37;2021-02-14;2;70;20800;5121;3.4;0.8
37;2021-02-15;427;388;21227;5509;3.5;0.9
37;2021-02-16;841;1320;22068;6829;3.6;1.1
37;2021-02-17;635;1217;22703;8046;3.8;1.3
37;2021-02-18;913;1288;23616;9334;3.9;1.5
37;2021-02-19;795;729;24411;10063;4.0;1.7
37;2021-02-20;245;155;24656;10218;4.1;1.7
37;2021-02-21;5;1;24661;10219;4.1;1.7
37;2021-02-22;335;465;24996;10684;4.1;1.8
37;2021-02-23;606;492;25602;11176;4.2;1.8
37;2021-02-24;572;481;26174;11657;4.3;1.9
37;2021-02-25;875;481;27049;12138;4.5;2.0
37;2021-02-26;1116;472;28165;12610;4.7;2.1
37;2021-02-27;585;132;28750;12742;4.7;2.1
37;2021-02-28;23;0;28773;12742;4.8;2.1
37;2021-03-01;603;307;29376;13049;4.9;2.2
37;2021-03-02;1090;457;30466;13506;5.0;2.2
37;2021-03-03;973;439;31439;13945;5.2;2.3
37;2021-03-04;1607;413;33046;14358;5.5;2.4
37;2021-03-05;2129;475;35175;14833;5.8;2.5
37;2021-03-06;1165;174;36340;15007;6.0;2.5
37;2021-03-07;472;66;36812;15073;6.1;2.5
37;2021-03-08;668;362;37480;15435;6.2;2.5
37;2021-03-09;1652;621;39132;16056;6.5;2.7
37;2021-03-10;1607;679;40739;16735;6.7;2.8
37;2021-03-11;2049;639;42788;17374;7.1;2.9
37;2021-03-12;3209;456;45997;17830;7.6;2.9
37;2021-03-13;1947;181;47944;18011;7.9;3.0
37;2021-03-14;206;4;48150;18015;8.0;3.0
37;2021-03-15;1069;243;49219;18258;8.1;3.0
37;2021-03-16;1049;522;50268;18780;8.3;3.1
37;2021-03-17;934;277;51202;19057;8.5;3.1
37;2021-03-18;1035;517;52237;19574;8.6;3.2
37;2021-03-19;2218;338;54455;19912;9.0;3.3
37;2021-03-20;1334;140;55789;20052;9.2;3.3
37;2021-03-21;204;3;55993;20055;9.2;3.3
37;2021-03-22;1287;238;57280;20293;9.5;3.4
37;2021-03-23;2257;564;59537;20857;9.8;3.4
37;2021-03-24;2246;463;61783;21320;10.2;3.5
37;2021-03-25;2985;440;64768;21760;10.7;3.6
37;2021-03-26;3524;402;68292;22162;11.3;3.7
37;2021-03-27;1175;125;69467;22287;11.5;3.7
37;2021-03-28;139;1;69606;22288;11.5;3.7
37;2021-03-29;1605;344;71211;22632;11.8;3.7
37;2021-03-30;2524;618;73735;23250;12.2;3.8
37;2021-03-31;2048;482;75783;23732;12.5;3.9
37;2021-04-01;2601;965;78384;24697;12.9;4.1
37;2021-04-02;2811;667;81195;25364;13.4;4.2
37;2021-04-03;818;222;82013;25586;13.5;4.2
37;2021-04-04;104;1;82117;25587;13.6;4.2
37;2021-04-05;4;0;82121;25587;13.6;4.2
37;2021-04-06;2241;782;84362;26369;13.9;4.4
37;2021-04-07;3173;873;87535;27242;14.5;4.5
37;2021-04-08;4045;964;91580;28206;15.1;4.7
37;2021-04-09;4546;947;96126;29153;15.9;4.8
37;2021-04-10;1328;429;97454;29582;16.1;4.9
37;2021-04-11;104;1;97558;29583;16.1;4.9
37;2021-04-12;2644;675;100202;30258;16.6;5.0
37;2021-04-13;4114;1163;104316;31421;17.2;5.2
37;2021-04-14;3044;895;107360;32316;17.7;5.3
37;2021-04-15;3759;1018;111119;33334;18.4;5.5
37;2021-04-16;4359;1229;115478;34563;19.1;5.7
37;2021-04-17;1147;223;116625;34786;19.3;5.7
37;2021-04-18;97;3;116722;34789;19.3;5.7
37;2021-04-19;2482;847;119204;35636;19.7;5.9
37;2021-04-20;3234;1339;122438;36975;20.2;6.1
37;2021-04-21;2930;1155;125368;38130;20.7;6.3
37;2021-04-22;3456;1400;128824;39530;21.3;6.5
37;2021-04-23;3692;1813;132516;41343;21.9;6.8
37;2021-04-24;1007;385;133523;41728;22.1;6.9
37;2021-04-25;46;2;133569;41730;22.1;6.9
37;2021-04-26;2971;1336;136540;43066;22.6;7.1
37;2021-04-27;4186;1800;140726;44866;23.2;7.4
37;2021-04-28;3464;1950;144190;46816;23.8;7.7
37;2021-04-29;4586;2002;148776;48818;24.6;8.1
37;2021-04-30;5056;1949;153832;50767;25.4;8.4
37;2021-05-01;638;209;154470;50976;25.5;8.4
37;2021-05-02;104;15;154574;50991;25.5;8.4
37;2021-05-03;2672;1957;157246;52948;26.0;8.7
37;2021-05-04;3731;2703;160977;55651;26.6;9.2
37;2021-05-05;3498;2070;164475;57721;27.2;9.5
37;2021-05-06;4994;1942;169469;59663;28.0;9.9
37;2021-05-07;4684;2867;174153;62530;28.8;10.3
37;2021-05-08;538;312;174691;62842;28.9;10.4
37;2021-05-09;63;41;174754;62883;28.9;10.4
37;2021-05-10;2159;3480;176913;66363;29.2;11.0
37;2021-05-11;3869;3869;180782;70232;29.9;11.6
37;2021-05-12;4041;2537;184823;72769;30.5;12.0
37;2021-05-13;1139;515;185962;73284;30.7;12.1
37;2021-05-14;4046;2676;190008;75960;31.4;12.5
37;2021-05-15;2323;743;192331;76703;31.8;12.7
37;2021-05-16;22;70;192353;76773;31.8;12.7
37;2021-05-17;2765;2038;195118;78811;32.2;13.0
37;2021-05-18;3875;2358;198993;81169;32.9;13.4
37;2021-05-19;3495;1807;202488;82976;33.4;13.7
37;2021-05-20;4752;1768;207240;84744;34.2;14.0
37;2021-05-21;4525;2569;211765;87313;35.0;14.4
37;2021-05-22;1078;751;212843;88064;35.2;14.5
37;2021-05-23;73;89;212916;88153;35.2;14.6
37;2021-05-24;513;106;213429;88259;35.3;14.6
37;2021-05-25;5124;2176;218553;90435;36.1;14.9
37;2021-05-26;4929;2099;223482;92534;36.9;15.3
37;2021-05-27;5988;2354;229470;94888;37.9;15.7
37;2021-05-28;6023;3246;235493;98134;38.9;16.2
37;2021-05-29;1520;1164;237013;99298;39.2;16.4
37;2021-05-30;55;160;237068;99458;39.2;16.4
37;2021-05-31;3648;2519;240716;101977;39.8;16.8
37;2021-06-01;5846;3610;246562;105587;40.7;17.4
37;2021-06-02;5077;2449;251639;108036;41.6;17.8
37;2021-06-03;6087;2876;257726;110912;42.6;18.3
37;2021-06-04;5511;4201;263237;115113;43.5;19.0
37;2021-06-05;1855;1300;265092;116413;43.8;19.2
37;2021-06-06;49;197;265141;116610;43.8;19.3
37;2021-06-07;3022;4165;268163;120775;44.3;20.0
37;2021-06-08;4202;4643;272365;125418;45.0;20.7
37;2021-06-09;3883;3564;276248;128982;45.6;21.3
37;2021-06-10;5271;3617;281519;132599;46.5;21.9
37;2021-06-11;4977;4822;286496;137421;47.3;22.7
37;2021-06-12;3553;1347;290049;138768;47.9;22.9
37;2021-06-13;15;164;290064;138932;47.9;22.9
37;2021-06-14;2668;4032;292732;142964;48.4;23.6
37;2021-06-15;3900;4779;296632;147743;49.0;24.4
37;2021-06-16;3259;3601;299891;151344;49.5;25.0
37;2021-06-17;4012;4492;303903;155836;50.2;25.7
37;2021-06-18;4705;5068;308608;160904;51.0;26.6
37;2021-06-19;2520;1099;311128;162003;51.4;26.8
37;2021-06-20;9;183;311137;162186;51.4;26.8
37;2021-06-21;2419;3827;313556;166013;51.8;27.4
37;2021-06-22;2970;5004;316526;171017;52.3;28.2
37;2021-06-23;2626;3641;319152;174658;52.7;28.9
37;2021-06-24;2874;3538;322026;178196;53.2;29.4
37;2021-06-25;3309;4876;325335;183072;53.7;30.2
37;2021-06-26;1240;3084;326575;186156;53.9;30.8
37;2021-06-27;23;142;326598;186298;53.9;30.8
37;2021-06-28;1704;4508;328302;190806;54.2;31.5
37;2021-06-29;1904;6223;330206;197029;54.5;32.5
37;2021-06-30;1871;4441;332077;201470;54.9;33.3
37;2021-07-01;2126;4793;334203;206263;55.2;34.1
37;2021-07-02;2680;5588;336883;211851;55.6;35.0
37;2021-07-03;945;2138;337828;213989;55.8;35.3
37;2021-07-04;5;105;337833;214094;55.8;35.4
37;2021-07-05;1709;5133;339542;219227;56.1;36.2
37;2021-07-06;2005;6759;341547;225986;56.4;37.3
37;2021-07-07;1945;5461;343492;231447;56.7;38.2
37;2021-07-08;2465;6663;345957;238110;57.1;39.3
37;2021-07-09;1988;7640;347945;245750;57.5;40.6
37;2021-07-10;1014;2617;348959;248367;57.6;41.0
37;2021-07-11;26;96;348985;248463;57.6;41.0
37;2021-07-12;1132;5982;350117;254445;57.8;42.0
37;2021-07-13;1616;7817;351733;262262;58.1;43.3
37;2021-07-14;524;407;352257;262669;58.2;43.4
37;2021-07-15;2625;7497;354882;270166;58.6;44.6
37;2021-07-16;2760;7798;357642;277964;59.1;45.9
37;2021-07-17;1202;2444;358844;280408;59.3;46.3
37;2021-07-18;50;53;358894;280461;59.3;46.3
37;2021-07-19;1653;6129;360547;286590;59.6;47.3
37;2021-07-20;2909;7063;363456;293653;60.0;48.5
37;2021-07-21;2983;5783;366439;299436;60.5;49.5
37;2021-07-22;4060;6531;370499;305967;61.2;50.5
37;2021-07-23;3810;7100;374309;313067;61.8;51.7
37;2021-07-24;1777;3306;376086;316373;62.1;52.3
37;2021-07-25;66;77;376152;316450;62.1;52.3
37;2021-07-26;3241;4321;379393;320771;62.7;53.0
37;2021-07-27;4433;4960;383826;325731;63.4;53.8
37;2021-07-28;4142;3658;387968;329389;64.1;54.4
37;2021-07-29;5088;4195;393056;333584;64.9;55.1
37;2021-07-30;5246;4933;398302;338517;65.8;55.9
37;2021-07-31;1924;1846;400226;340363;66.1;56.2
37;2021-08-01;31;52;400257;340415;66.1;56.2
37;2021-08-02;3294;3291;403551;343706;66.7;56.8
37;2021-08-03;5263;3144;408814;346850;67.5;57.3
37;2021-08-04;4559;1924;413373;348774;68.3;57.6
37;2021-08-05;4786;2599;418159;351373;69.1;58.0
37;2021-08-06;4854;3306;423013;354679;69.9;58.6
37;2021-08-07;1624;1122;424637;355801;70.1;58.8
37;2021-08-08;34;176;424671;355977;70.1;58.8
37;2021-08-09;2434;2259;427105;358236;70.6;59.2
37;2021-08-10;3027;2638;430132;360874;71.1;59.6
37;2021-08-11;2099;2107;432231;362981;71.4;60.0
37;2021-08-12;2614;2687;434845;365668;71.8;60.4
37;2021-08-13;2484;2773;437329;368441;72.2;60.9
37;2021-08-14;755;814;438084;369255;72.4;61.0
37;2021-08-15;12;57;438096;369312;72.4;61.0
37;2021-08-16;1464;3159;439560;372471;72.6;61.5
37;2021-08-17;1794;3973;441354;376444;72.9;62.2
37;2021-08-18;1396;3141;442750;379585;73.1;62.7
37;2021-08-19;1595;3841;444345;383426;73.4;63.3
37;2021-08-20;1599;4549;445944;387975;73.7;64.1
37;2021-08-21;611;1202;446555;389177;73.8;64.3
37;2021-08-22;3;31;446558;389208;73.8;64.3
37;2021-08-23;1288;3985;447846;393193;74.0;64.9
37;2021-08-24;1540;4848;449386;398041;74.2;65.8
37;2021-08-25;1053;4223;450439;402264;74.4;66.4
37;2021-08-26;1277;4513;451716;406777;74.6;67.2
37;2021-08-27;1446;5661;453162;412438;74.9;68.1
37;2021-08-28;404;1462;453566;413900;74.9;68.4
37;2021-08-29;1;18;453567;413918;74.9;68.4
37;2021-08-30;1070;3945;454637;417863;75.1;69.0
37;2021-08-31;1277;3826;455914;421689;75.3;69.7
37;2021-09-01;975;2689;456889;424378;75.5;70.1
37;2021-09-02;890;2808;457779;427186;75.6;70.6
37;2021-09-03;1042;3960;458821;431146;75.8;71.2
37;2021-09-04;665;1464;459486;432610;75.9;71.5
37;2021-09-05;1;30;459487;432640;75.9;71.5
37;2021-09-06;375;1314;459862;433954;76.0;71.7
37;2021-09-07;531;1507;460393;435461;76.1;71.9
37;2021-09-08;816;2078;461209;437539;76.2;72.3
37;2021-09-09;550;1532;461759;439071;76.3;72.5
37;2021-09-10;810;1905;462569;440976;76.4;72.8
37;2021-09-11;395;1005;462964;441981;76.5;73.0
37;2021-09-12;14;24;462978;442005;76.5;73.0
37;2021-09-13;450;1397;463428;443402;76.6;73.2
37;2021-09-14;504;1514;463932;444916;76.6;73.5
38;2020-12-27;1;0;1;0;0.0;0.0
38;2020-12-28;1;0;2;0;0.0;0.0
38;2020-12-29;0;0;2;0;0.0;0.0
38;2020-12-30;2;0;4;0;0.0;0.0
38;2020-12-31;5;0;9;0;0.0;0.0
38;2021-01-01;2;0;11;0;0.0;0.0
38;2021-01-02;1;0;12;0;0.0;0.0
38;2021-01-03;3;0;15;0;0.0;0.0
38;2021-01-04;163;0;178;0;0.0;0.0
38;2021-01-05;258;1;436;1;0.0;0.0
38;2021-01-06;364;0;800;1;0.1;0.0
38;2021-01-07;636;1;1436;2;0.1;0.0
38;2021-01-08;695;0;2131;2;0.2;0.0
38;2021-01-09;30;0;2161;2;0.2;0.0
38;2021-01-10;2;0;2163;2;0.2;0.0
38;2021-01-11;801;1;2964;3;0.2;0.0
38;2021-01-12;1471;4;4435;7;0.4;0.0
38;2021-01-13;1083;5;5518;12;0.4;0.0
38;2021-01-14;1682;13;7200;25;0.6;0.0
38;2021-01-15;1676;7;8876;32;0.7;0.0
38;2021-01-16;307;1;9183;33;0.7;0.0
38;2021-01-17;3;0;9186;33;0.7;0.0
38;2021-01-18;1178;3;10364;36;0.8;0.0
38;2021-01-19;2241;6;12605;42;1.0;0.0
38;2021-01-20;1887;4;14492;46;1.1;0.0
38;2021-01-21;1644;7;16136;53;1.3;0.0
38;2021-01-22;1400;8;17536;61;1.4;0.0
38;2021-01-23;379;3;17915;64;1.4;0.0
38;2021-01-24;1;0;17916;64;1.4;0.0
38;2021-01-25;791;86;18707;150;1.5;0.0
38;2021-01-26;855;142;19562;292;1.5;0.0
38;2021-01-27;1093;230;20655;522;1.6;0.0
38;2021-01-28;1174;431;21829;953;1.7;0.1
38;2021-01-29;952;341;22781;1294;1.8;0.1
38;2021-01-30;304;0;23085;1294;1.8;0.1
38;2021-01-31;0;0;23085;1294;1.8;0.1
38;2021-02-01;702;550;23787;1844;1.9;0.1
38;2021-02-02;966;886;24753;2730;2.0;0.2
38;2021-02-03;1230;602;25983;3332;2.1;0.3
38;2021-02-04;1278;869;27261;4201;2.2;0.3
38;2021-02-05;1399;814;28660;5015;2.3;0.4
38;2021-02-06;187;80;28847;5095;2.3;0.4
38;2021-02-07;3;47;28850;5142;2.3;0.4
38;2021-02-08;862;643;29712;5785;2.3;0.5
38;2021-02-09;1537;1161;31249;6946;2.5;0.5
38;2021-02-10;1581;1152;32830;8098;2.6;0.6
38;2021-02-11;1871;1018;34701;9116;2.7;0.7
38;2021-02-12;1509;976;36210;10092;2.9;0.8
38;2021-02-13;467;164;36677;10256;2.9;0.8
38;2021-02-14;1;3;36678;10259;2.9;0.8
38;2021-02-15;977;749;37655;11008;3.0;0.9
38;2021-02-16;1379;799;39034;11807;3.1;0.9
38;2021-02-17;1376;873;40410;12680;3.2;1.0
38;2021-02-18;1791;899;42201;13579;3.3;1.1
38;2021-02-19;1256;680;43457;14259;3.4;1.1
38;2021-02-20;471;237;43928;14496;3.5;1.1
38;2021-02-21;1;0;43929;14496;3.5;1.1
38;2021-02-22;1075;708;45004;15204;3.6;1.2
38;2021-02-23;1541;798;46545;16002;3.7;1.3
38;2021-02-24;1737;972;48282;16974;3.8;1.3
38;2021-02-25;2501;889;50783;17863;4.0;1.4
38;2021-02-26;3311;837;54094;18700;4.3;1.5
38;2021-02-27;1511;350;55605;19050;4.4;1.5
38;2021-02-28;33;2;55638;19052;4.4;1.5
38;2021-03-01;2512;679;58150;19731;4.6;1.6
38;2021-03-02;4048;973;62198;20704;4.9;1.6
38;2021-03-03;3368;1125;65566;21829;5.2;1.7
38;2021-03-04;4487;1286;70053;23115;5.5;1.8
38;2021-03-05;5234;1080;75287;24195;6.0;1.9
38;2021-03-06;3042;261;78329;24456;6.2;1.9
38;2021-03-07;115;2;78444;24458;6.2;1.9
38;2021-03-08;2442;790;80886;25248;6.4;2.0
38;2021-03-09;4028;1205;84914;26453;6.7;2.1
38;2021-03-10;3509;995;88423;27448;7.0;2.2
38;2021-03-11;5141;1441;93564;28889;7.4;2.3
38;2021-03-12;7094;1125;100658;30014;8.0;2.4
38;2021-03-13;3772;223;104430;30237;8.3;2.4
38;2021-03-14;544;15;104974;30252;8.3;2.4
38;2021-03-15;2701;976;107675;31228;8.5;2.5
38;2021-03-16;2081;1272;109756;32500;8.7;2.6
38;2021-03-17;2025;1177;111781;33677;8.8;2.7
38;2021-03-18;2641;1339;114422;35016;9.0;2.8
38;2021-03-19;4010;1033;118432;36049;9.4;2.8
38;2021-03-20;1826;243;120258;36292;9.5;2.9
38;2021-03-21;130;8;120388;36300;9.5;2.9
38;2021-03-22;2867;982;123255;37282;9.7;2.9
38;2021-03-23;4782;1470;128037;38752;10.1;3.1
38;2021-03-24;3707;1537;131744;40289;10.4;3.2
38;2021-03-25;5792;1532;137536;41821;10.9;3.3
38;2021-03-26;6599;1735;144135;43556;11.4;3.4
38;2021-03-27;2512;755;146647;44311;11.6;3.5
38;2021-03-28;926;48;147573;44359;11.7;3.5
38;2021-03-29;2678;1833;150251;46192;11.9;3.7
38;2021-03-30;4564;2529;154815;48721;12.2;3.9
38;2021-03-31;3665;2216;158480;50937;12.5;4.0
38;2021-04-01;5134;2521;163614;53458;12.9;4.2
38;2021-04-02;3874;2514;167488;55972;13.2;4.4
38;2021-04-03;1418;937;168906;56909;13.4;4.5
38;2021-04-04;430;45;169336;56954;13.4;4.5
38;2021-04-05;2177;347;171513;57301;13.6;4.5
38;2021-04-06;4347;2399;175860;59700;13.9;4.7
38;2021-04-07;4415;2729;180275;62429;14.3;4.9
38;2021-04-08;5650;2664;185925;65093;14.7;5.1
38;2021-04-09;8562;2727;194487;67820;15.4;5.4
38;2021-04-10;3600;1476;198087;69296;15.7;5.5
38;2021-04-11;1048;100;199135;69396;15.7;5.5
38;2021-04-12;4203;2251;203338;71647;16.1;5.7
38;2021-04-13;6125;2469;209463;74116;16.6;5.9
38;2021-04-14;5120;2456;214583;76572;17.0;6.1
38;2021-04-15;6363;2769;220946;79341;17.5;6.3
38;2021-04-16;6216;2705;227162;82046;18.0;6.5
38;2021-04-17;2588;993;229750;83039;18.2;6.6
38;2021-04-18;1333;72;231083;83111;18.3;6.6
38;2021-04-19;3946;2835;235029;85946;18.6;6.8
38;2021-04-20;5425;2855;240454;88801;19.0;7.0
38;2021-04-21;4978;2703;245432;91504;19.4;7.2
38;2021-04-22;5786;2832;251218;94336;19.9;7.5
38;2021-04-23;6039;2818;257257;97154;20.3;7.7
38;2021-04-24;2665;1350;259922;98504;20.5;7.8
38;2021-04-25;805;590;260727;99094;20.6;7.8
38;2021-04-26;4488;2475;265215;101569;21.0;8.0
38;2021-04-27;6044;2719;271259;104288;21.4;8.2
38;2021-04-28;6199;2505;277458;106793;21.9;8.4
38;2021-04-29;8330;3059;285788;109852;22.6;8.7
38;2021-04-30;7675;4041;293463;113893;23.2;9.0
38;2021-05-01;1546;195;295009;114088;23.3;9.0
38;2021-05-02;846;74;295855;114162;23.4;9.0
38;2021-05-03;5300;3589;301155;117751;23.8;9.3
38;2021-05-04;6201;5080;307356;122831;24.3;9.7
38;2021-05-05;6069;4604;313425;127435;24.8;10.1
38;2021-05-06;6713;5328;320138;132763;25.3;10.5
38;2021-05-07;7285;6438;327423;139201;25.9;11.0
38;2021-05-08;3778;719;331201;139920;26.2;11.1
38;2021-05-09;2853;1930;334054;141850;26.4;11.2
38;2021-05-10;6157;5305;340211;147155;26.9;11.6
38;2021-05-11;8227;6018;348438;153173;27.5;12.1
38;2021-05-12;9049;4702;357487;157875;28.3;12.5
38;2021-05-13;6635;1416;364122;159291;28.8;12.6
38;2021-05-14;9565;3423;373687;162714;29.5;12.9
38;2021-05-15;6865;1448;380552;164162;30.1;13.0
38;2021-05-16;5474;650;386026;164812;30.5;13.0
38;2021-05-17;7672;3000;393698;167812;31.1;13.3
38;2021-05-18;8625;4032;402323;171844;31.8;13.6
38;2021-05-19;8159;3351;410482;175195;32.4;13.8
38;2021-05-20;8979;4489;419461;179684;33.2;14.2
38;2021-05-21;9959;4583;429420;184267;33.9;14.6
38;2021-05-22;7457;1906;436877;186173;34.5;14.7
38;2021-05-23;5590;580;442467;186753;35.0;14.8
38;2021-05-24;7503;1625;449970;188378;35.6;14.9
38;2021-05-25;9543;4850;459513;193228;36.3;15.3
38;2021-05-26;8127;4726;467640;197954;37.0;15.6
38;2021-05-27;9135;5655;476775;203609;37.7;16.1
38;2021-05-28;8788;6485;485563;210094;38.4;16.6
38;2021-05-29;5821;3246;491384;213340;38.8;16.9
38;2021-05-30;2695;1593;494079;214933;39.1;17.0
38;2021-05-31;8273;5131;502352;220064;39.7;17.4
38;2021-06-01;7964;6422;510316;226486;40.3;17.9
38;2021-06-02;7144;5615;517460;232101;40.9;18.3
38;2021-06-03;7397;6822;524857;238923;41.5;18.9
38;2021-06-04;8129;7609;532986;246532;42.1;19.5
38;2021-06-05;5798;3946;538784;250478;42.6;19.8
38;2021-06-06;2508;1463;541292;251941;42.8;19.9
38;2021-06-07;5554;6868;546846;258809;43.2;20.5
38;2021-06-08;5878;7526;552724;266335;43.7;21.1
38;2021-06-09;5052;6464;557776;272799;44.1;21.6
38;2021-06-10;5429;6788;563205;279587;44.5;22.1
38;2021-06-11;5889;7785;569094;287372;45.0;22.7
38;2021-06-12;3944;3258;573038;290630;45.3;23.0
38;2021-06-13;1258;1299;574296;291929;45.4;23.1
38;2021-06-14;3870;7663;578166;299592;45.7;23.7
38;2021-06-15;5235;8146;583401;307738;46.1;24.3
38;2021-06-16;5126;7402;588527;315140;46.5;24.9
38;2021-06-17;4524;7056;593051;322196;46.9;25.5
38;2021-06-18;6167;9230;599218;331426;47.4;26.2
38;2021-06-19;3595;4968;602813;336394;47.7;26.6
38;2021-06-20;1038;2901;603851;339295;47.7;26.8
38;2021-06-21;3750;8710;607601;348005;48.0;27.5
38;2021-06-22;3793;10103;611394;358108;48.3;28.3
38;2021-06-23;3156;9549;614550;367657;48.6;29.1
38;2021-06-24;3382;8586;617932;376243;48.8;29.7
38;2021-06-25;3786;11487;621718;387730;49.1;30.7
38;2021-06-26;2230;7853;623948;395583;49.3;31.3
38;2021-06-27;1099;4356;625047;399939;49.4;31.6
38;2021-06-28;2953;10303;628000;410242;49.6;32.4
38;2021-06-29;3786;10450;631786;420692;49.9;33.3
38;2021-06-30;4062;9938;635848;430630;50.3;34.0
38;2021-07-01;3550;9010;639398;439640;50.5;34.8
38;2021-07-02;3729;11615;643127;451255;50.8;35.7
38;2021-07-03;1741;8785;644868;460040;51.0;36.4
38;2021-07-04;1243;3209;646111;463249;51.1;36.6
38;2021-07-05;3061;10545;649172;473794;51.3;37.5
38;2021-07-06;3461;10237;652633;484031;51.6;38.3
38;2021-07-07;3571;9401;656204;493432;51.9;39.0
38;2021-07-08;3501;8220;659705;501652;52.2;39.7
38;2021-07-09;3894;10739;663599;512391;52.5;40.5
38;2021-07-10;2405;7803;666004;520194;52.6;41.1
38;2021-07-11;778;2029;666782;522223;52.7;41.3
38;2021-07-12;3483;10677;670265;532900;53.0;42.1
38;2021-07-13;6598;10929;676863;543829;53.5;43.0
38;2021-07-14;4676;3335;681539;547164;53.9;43.3
38;2021-07-15;8737;9672;690276;556836;54.6;44.0
38;2021-07-16;8764;10700;699040;567536;55.3;44.9
38;2021-07-17;4742;7484;703782;575020;55.6;45.5
38;2021-07-18;2573;2490;706355;577510;55.8;45.7
38;2021-07-19;5827;9223;712182;586733;56.3;46.4
38;2021-07-20;6289;8306;718471;595039;56.8;47.0
38;2021-07-21;7865;8029;726336;603068;57.4;47.7
38;2021-07-22;7602;6997;733938;610065;58.0;48.2
38;2021-07-23;8947;9041;742885;619106;58.7;48.9
38;2021-07-24;5577;5534;748462;624640;59.2;49.4
38;2021-07-25;2872;1653;751334;626293;59.4;49.5
38;2021-07-26;7875;7502;759209;633795;60.0;50.1
38;2021-07-27;7629;6275;766838;640070;60.6;50.6
38;2021-07-28;8630;5712;775468;645782;61.3;51.1
38;2021-07-29;7684;4679;783152;650461;61.9;51.4
38;2021-07-30;7808;6656;790960;657117;62.5;51.9
38;2021-07-31;4356;3601;795316;660718;62.9;52.2
38;2021-08-01;1301;1085;796617;661803;63.0;52.3
38;2021-08-02;3925;4450;800542;666253;63.3;52.7
38;2021-08-03;4585;4554;805127;670807;63.6;53.0
38;2021-08-04;4637;4355;809764;675162;64.0;53.4
38;2021-08-05;3728;4642;813492;679804;64.3;53.7
38;2021-08-06;4158;5948;817650;685752;64.6;54.2
38;2021-08-07;2309;3533;819959;689285;64.8;54.5
38;2021-08-08;793;2016;820752;691301;64.9;54.6
38;2021-08-09;3606;5577;824358;696878;65.2;55.1
38;2021-08-10;4887;6252;829245;703130;65.6;55.6
38;2021-08-11;3959;4662;833204;707792;65.9;56.0
38;2021-08-12;3390;4607;836594;712399;66.1;56.3
38;2021-08-13;4199;6030;840793;718429;66.5;56.8
38;2021-08-14;1780;4018;842573;722447;66.6;57.1
38;2021-08-15;535;1919;843108;724366;66.6;57.3
38;2021-08-16;2977;7922;846085;732288;66.9;57.9
38;2021-08-17;3438;5959;849523;738247;67.2;58.4
38;2021-08-18;2981;7148;852504;745395;67.4;58.9
38;2021-08-19;2609;4824;855113;750219;67.6;59.3
38;2021-08-20;2885;8424;857998;758643;67.8;60.0
38;2021-08-21;1196;5016;859194;763659;67.9;60.4
38;2021-08-22;507;1511;859701;765170;68.0;60.5
38;2021-08-23;2578;7620;862279;772790;68.2;61.1
38;2021-08-24;2558;5328;864837;778118;68.4;61.5
38;2021-08-25;2545;5869;867382;783987;68.6;62.0
38;2021-08-26;2250;4242;869632;788229;68.7;62.3
38;2021-08-27;2493;5927;872125;794156;68.9;62.8
38;2021-08-28;1412;3684;873537;797840;69.1;63.1
38;2021-08-29;374;1084;873911;798924;69.1;63.2
38;2021-08-30;2311;5779;876222;804703;69.3;63.6
38;2021-08-31;2197;4725;878419;809428;69.4;64.0
38;2021-09-01;2171;4368;880590;813796;69.6;64.3
38;2021-09-02;1655;3378;882245;817174;69.7;64.6
38;2021-09-03;1996;5067;884241;822241;69.9;65.0
38;2021-09-04;1137;2821;885378;825062;70.0;65.2
38;2021-09-05;385;725;885763;825787;70.0;65.3
38;2021-09-06;1183;3411;886946;829198;70.1;65.6
38;2021-09-07;1288;3370;888234;832568;70.2;65.8
38;2021-09-08;1712;3653;889946;836221;70.4;66.1
38;2021-09-09;1100;2340;891046;838561;70.4;66.3
38;2021-09-10;1555;3892;892601;842453;70.6;66.6
38;2021-09-11;1034;2391;893635;844844;70.6;66.8
38;2021-09-12;212;546;893847;845390;70.7;66.8
38;2021-09-13;903;2783;894750;848173;70.7;67.1
38;2021-09-14;895;2600;895645;850773;70.8;67.3
39;2020-12-27;0;0;0;0;0.0;0.0
39;2020-12-28;0;0;0;0;0.0;0.0
39;2020-12-29;0;0;0;0;0.0;0.0
39;2020-12-30;0;0;0;0;0.0;0.0
39;2020-12-31;0;0;0;0;0.0;0.0
39;2021-01-01;0;0;0;0;0.0;0.0
39;2021-01-02;0;0;0;0;0.0;0.0
39;2021-01-03;0;0;0;0;0.0;0.0
39;2021-01-04;3;0;3;0;0.0;0.0
39;2021-01-05;3;0;6;0;0.0;0.0
39;2021-01-06;57;3;63;3;0.0;0.0
39;2021-01-07;333;2;396;5;0.2;0.0
39;2021-01-08;657;2;1053;7;0.4;0.0
39;2021-01-09;169;0;1222;7;0.5;0.0
39;2021-01-10;1;0;1223;7;0.5;0.0
39;2021-01-11;474;1;1697;8;0.7;0.0
39;2021-01-12;431;1;2128;9;0.8;0.0
39;2021-01-13;408;2;2536;11;1.0;0.0
39;2021-01-14;575;3;3111;14;1.2;0.0
39;2021-01-15;471;1;3582;15;1.4;0.0
39;2021-01-16;141;1;3723;16;1.4;0.0
39;2021-01-17;0;1;3723;17;1.4;0.0
39;2021-01-18;924;7;4647;24;1.8;0.0
39;2021-01-19;1181;6;5828;30;2.3;0.0
39;2021-01-20;906;4;6734;34;2.6;0.0
39;2021-01-21;1178;2;7912;36;3.1;0.0
39;2021-01-22;985;1;8897;37;3.5;0.0
39;2021-01-23;383;1;9280;38;3.6;0.0
39;2021-01-24;0;0;9280;38;3.6;0.0
39;2021-01-25;642;2;9922;40;3.8;0.0
39;2021-01-26;1121;11;11043;51;4.3;0.0
39;2021-01-27;927;16;11970;67;4.6;0.0
39;2021-01-28;740;228;12710;295;4.9;0.1
39;2021-01-29;582;395;13292;690;5.2;0.3
39;2021-01-30;265;101;13557;791;5.3;0.3
39;2021-01-31;1;0;13558;791;5.3;0.3
39;2021-02-01;562;245;14120;1036;5.5;0.4
39;2021-02-02;754;276;14874;1312;5.8;0.5
39;2021-02-03;531;497;15405;1809;6.0;0.7
39;2021-02-04;555;425;15960;2234;6.2;0.9
39;2021-02-05;439;400;16399;2634;6.4;1.0
39;2021-02-06;265;106;16664;2740;6.5;1.1
39;2021-02-07;0;1;16664;2741;6.5;1.1
39;2021-02-08;321;292;16985;3033;6.6;1.2
39;2021-02-09;383;444;17368;3477;6.7;1.3
39;2021-02-10;253;297;17621;3774;6.8;1.5
39;2021-02-11;587;485;18208;4259;7.1;1.7
39;2021-02-12;386;402;18594;4661;7.2;1.8
39;2021-02-13;99;57;18693;4718;7.2;1.8
39;2021-02-14;0;0;18693;4718;7.2;1.8
39;2021-02-15;99;599;18792;5317;7.3;2.1
39;2021-02-16;99;813;18891;6130;7.3;2.4
39;2021-02-17;58;606;18949;6736;7.3;2.6
39;2021-02-18;109;756;19058;7492;7.4;2.9
39;2021-02-19;100;438;19158;7930;7.4;3.1
39;2021-02-20;18;331;19176;8261;7.4;3.2
39;2021-02-21;0;0;19176;8261;7.4;3.2
39;2021-02-22;100;646;19276;8907;7.5;3.5
39;2021-02-23;4;688;19280;9595;7.5;3.7
39;2021-02-24;125;777;19405;10372;7.5;4.0
39;2021-02-25;214;674;19619;11046;7.6;4.3
39;2021-02-26;218;437;19837;11483;7.7;4.5
39;2021-02-27;169;261;20006;11744;7.8;4.6
39;2021-02-28;1;0;20007;11744;7.8;4.6
39;2021-03-01;218;595;20225;12339;7.8;4.8
39;2021-03-02;329;780;20554;13119;8.0;5.1
39;2021-03-03;602;502;21156;13621;8.2;5.3
39;2021-03-04;658;443;21814;14064;8.5;5.5
39;2021-03-05;670;307;22484;14371;8.7;5.6
39;2021-03-06;777;229;23261;14600;9.0;5.7
39;2021-03-07;242;84;23503;14684;9.1;5.7
39;2021-03-08;286;431;23789;15115;9.2;5.9
39;2021-03-09;843;444;24632;15559;9.6;6.0
39;2021-03-10;984;330;25616;15889;9.9;6.2
39;2021-03-11;829;449;26445;16338;10.3;6.3
39;2021-03-12;805;280;27250;16618;10.6;6.4
39;2021-03-13;788;102;28038;16720;10.9;6.5
39;2021-03-14;35;10;28073;16730;10.9;6.5
39;2021-03-15;513;107;28586;16837;11.1;6.5
39;2021-03-16;555;68;29141;16905;11.3;6.6
39;2021-03-17;612;56;29753;16961;11.5;6.6
39;2021-03-18;597;71;30350;17032;11.8;6.6
39;2021-03-19;393;68;30743;17100;11.9;6.6
39;2021-03-20;312;12;31055;17112;12.0;6.6
39;2021-03-21;3;0;31058;17112;12.0;6.6
39;2021-03-22;754;115;31812;17227;12.3;6.7
39;2021-03-23;1130;44;32942;17271;12.8;6.7
39;2021-03-24;1179;97;34121;17368;13.2;6.7
39;2021-03-25;2042;131;36163;17499;14.0;6.8
39;2021-03-26;797;116;36960;17615;14.3;6.8
39;2021-03-27;345;7;37305;17622;14.5;6.8
39;2021-03-28;36;4;37341;17626;14.5;6.8
39;2021-03-29;1037;192;38378;17818;14.9;6.9
39;2021-03-30;1400;268;39778;18086;15.4;7.0
39;2021-03-31;658;526;40436;18612;15.7;7.2
39;2021-04-01;1310;315;41746;18927;16.2;7.3
39;2021-04-02;626;129;42372;19056;16.4;7.4
39;2021-04-03;180;8;42552;19064;16.5;7.4
39;2021-04-04;4;1;42556;19065;16.5;7.4
39;2021-04-05;1;0;42557;19065;16.5;7.4
39;2021-04-06;824;634;43381;19699;16.8;7.6
39;2021-04-07;1133;680;44514;20379;17.3;7.9
39;2021-04-08;1790;579;46304;20958;18.0;8.1
39;2021-04-09;1676;293;47980;21251;18.6;8.2
39;2021-04-10;346;187;48326;21438;18.7;8.3
39;2021-04-11;2;0;48328;21438;18.7;8.3
39;2021-04-12;680;398;49008;21836;19.0;8.5
39;2021-04-13;1200;579;50208;22415;19.5;8.7
39;2021-04-14;845;639;51053;23054;19.8;8.9
39;2021-04-15;1481;722;52534;23776;20.4;9.2
39;2021-04-16;1090;176;53624;23952;20.8;9.3
39;2021-04-17;197;61;53821;24013;20.9;9.3
39;2021-04-18;0;0;53821;24013;20.9;9.3
39;2021-04-19;524;696;54345;24709;21.1;9.6
39;2021-04-20;766;546;55111;25255;21.4;9.8
39;2021-04-21;1142;721;56253;25976;21.8;10.1
39;2021-04-22;1012;1130;57265;27106;22.2;10.5
39;2021-04-23;457;363;57722;27469;22.4;10.7
39;2021-04-24;276;149;57998;27618;22.5;10.7
39;2021-04-25;12;3;58010;27621;22.5;10.7
39;2021-04-26;568;1039;58578;28660;22.7;11.1
39;2021-04-27;788;982;59366;29642;23.0;11.5
39;2021-04-28;1720;418;61086;30060;23.7;11.7
39;2021-04-29;2571;972;63657;31032;24.7;12.0
39;2021-04-30;2475;392;66132;31424;25.6;12.2
39;2021-05-01;41;53;66173;31477;25.7;12.2
39;2021-05-02;0;0;66173;31477;25.7;12.2
39;2021-05-03;917;808;67090;32285;26.0;12.5
39;2021-05-04;949;1123;68039;33408;26.4;13.0
39;2021-05-05;1954;880;69993;34288;27.1;13.3
39;2021-05-06;2424;1342;72417;35630;28.1;13.8
39;2021-05-07;1286;573;73703;36203;28.6;14.0
39;2021-05-08;179;55;73882;36258;28.7;14.1
39;2021-05-09;10;8;73892;36266;28.7;14.1
39;2021-05-10;1761;849;75653;37115;29.3;14.4
39;2021-05-11;1775;1514;77428;38629;30.0;15.0
39;2021-05-12;1810;1493;79238;40122;30.7;15.6
39;2021-05-13;246;23;79484;40145;30.8;15.6
39;2021-05-14;2392;335;81876;40480;31.8;15.7
39;2021-05-15;1849;255;83725;40735;32.5;15.8
39;2021-05-16;0;0;83725;40735;32.5;15.8
39;2021-05-17;1988;726;85713;41461;33.2;16.1
39;2021-05-18;1693;1180;87406;42641;33.9;16.5
39;2021-05-19;2496;553;89902;43194;34.9;16.8
39;2021-05-20;2465;757;92367;43951;35.8;17.0
39;2021-05-21;1800;561;94167;44512;36.5;17.3
39;2021-05-22;322;218;94489;44730;36.6;17.3
39;2021-05-23;7;36;94496;44766;36.6;17.4
39;2021-05-24;8;28;94504;44794;36.7;17.4
39;2021-05-25;1725;1195;96229;45989;37.3;17.8
39;2021-05-26;1643;1376;97872;47365;38.0;18.4
39;2021-05-27;1486;1623;99358;48988;38.5;19.0
39;2021-05-28;856;1219;100214;50207;38.9;19.5
39;2021-05-29;261;273;100475;50480;39.0;19.6
39;2021-05-30;2;40;100477;50520;39.0;19.6
39;2021-05-31;1626;1244;102103;51764;39.6;20.1
39;2021-06-01;1893;1322;103996;53086;40.3;20.6
39;2021-06-02;1707;1165;105703;54251;41.0;21.0
39;2021-06-03;1326;1158;107029;55409;41.5;21.5
39;2021-06-04;940;1070;107969;56479;41.9;21.9
39;2021-06-05;766;513;108735;56992;42.2;22.1
39;2021-06-06;1;36;108736;57028;42.2;22.1
39;2021-06-07;2104;918;110840;57946;43.0;22.5
39;2021-06-08;2211;1153;113051;59099;43.8;22.9
39;2021-06-09;1733;1240;114784;60339;44.5;23.4
39;2021-06-10;1617;2082;116401;62421;45.1;24.2
39;2021-06-11;1569;1270;117970;63691;45.8;24.7
39;2021-06-12;1263;348;119233;64039;46.2;24.8
39;2021-06-13;11;18;119244;64057;46.2;24.8
39;2021-06-14;1337;1890;120581;65947;46.8;25.6
39;2021-06-15;1388;1258;121969;67205;47.3;26.1
39;2021-06-16;1171;1532;123140;68737;47.8;26.7
39;2021-06-17;1043;1715;124183;70452;48.2;27.3
39;2021-06-18;1638;1180;125821;71632;48.8;27.8
39;2021-06-19;249;404;126070;72036;48.9;27.9
39;2021-06-20;2;18;126072;72054;48.9;27.9
39;2021-06-21;351;2495;126423;74549;49.0;28.9
39;2021-06-22;814;2294;127237;76843;49.3;29.8
39;2021-06-23;1200;1301;128437;78144;49.8;30.3
39;2021-06-24;736;1043;129173;79187;50.1;30.7
39;2021-06-25;680;2962;129853;82149;50.4;31.9
39;2021-06-26;207;1564;130060;83713;50.4;32.5
39;2021-06-27;0;0;130060;83713;50.4;32.5
39;2021-06-28;305;2743;130365;86456;50.6;33.5
39;2021-06-29;497;2698;130862;89154;50.8;34.6
39;2021-06-30;898;2425;131760;91579;51.1;35.5
39;2021-07-01;645;1938;132405;93517;51.3;36.3
39;2021-07-02;1113;1407;133518;94924;51.8;36.8
39;2021-07-03;554;524;134072;95448;52.0;37.0
39;2021-07-04;2;1;134074;95449;52.0;37.0
39;2021-07-05;602;2588;134676;98037;52.2;38.0
39;2021-07-06;836;1888;135512;99925;52.6;38.8
39;2021-07-07;591;1386;136103;101311;52.8;39.3
39;2021-07-08;699;906;136802;102217;53.1;39.6
39;2021-07-09;1080;1585;137882;103802;53.5;40.3
39;2021-07-10;739;476;138621;104278;53.8;40.4
39;2021-07-11;28;8;138649;104286;53.8;40.4
39;2021-07-12;578;2598;139227;106884;54.0;41.5
39;2021-07-13;1637;2659;140864;109543;54.6;42.5
39;2021-07-14;17;21;140881;109564;54.6;42.5
39;2021-07-15;1905;1837;142786;111401;55.4;43.2
39;2021-07-16;3227;2051;146013;113452;56.6;44.0
39;2021-07-17;2225;1163;148238;114615;57.5;44.5
39;2021-07-18;164;52;148402;114667;57.6;44.5
39;2021-07-19;1402;2947;149804;117614;58.1;45.6
39;2021-07-20;1842;2811;151646;120425;58.8;46.7
39;2021-07-21;2588;2582;154234;123007;59.8;47.7
39;2021-07-22;1935;1842;156169;124849;60.6;48.4
39;2021-07-23;1815;1933;157984;126782;61.3;49.2
39;2021-07-24;1400;1429;159384;128211;61.8;49.7
39;2021-07-25;0;1;159384;128212;61.8;49.7
39;2021-07-26;1320;1999;160704;130211;62.3;50.5
39;2021-07-27;2345;1902;163049;132113;63.2;51.2
39;2021-07-28;2688;1475;165737;133588;64.3;51.8
39;2021-07-29;2200;1743;167937;135331;65.1;52.5
39;2021-07-30;2047;1467;169984;136798;65.9;53.1
39;2021-07-31;1367;656;171351;137454;66.5;53.3
39;2021-08-01;10;18;171361;137472;66.5;53.3
39;2021-08-02;1205;1399;172566;138871;66.9;53.9
39;2021-08-03;1921;1486;174487;140357;67.7;54.4
39;2021-08-04;1046;661;175533;141018;68.1;54.7
39;2021-08-05;1239;738;176772;141756;68.6;55.0
39;2021-08-06;1375;2291;178147;144047;69.1;55.9
39;2021-08-07;1067;1213;179214;145260;69.5;56.3
39;2021-08-08;26;10;179240;145270;69.5;56.3
39;2021-08-09;436;302;179676;145572;69.7;56.5
39;2021-08-10;1230;932;180906;146504;70.2;56.8
39;2021-08-11;894;1532;181800;148036;70.5;57.4
39;2021-08-12;1597;2170;183397;150206;71.1;58.3
39;2021-08-13;1331;2120;184728;152326;71.6;59.1
39;2021-08-14;361;1106;185089;153432;71.8;59.5
39;2021-08-15;0;1;185089;153433;71.8;59.5
39;2021-08-16;488;735;185577;154168;72.0;59.8
39;2021-08-17;572;1441;186149;155609;72.2;60.3
39;2021-08-18;860;1727;187009;157336;72.5;61.0
39;2021-08-19;906;1594;187915;158930;72.9;61.6
39;2021-08-20;638;2502;188553;161432;73.1;62.6
39;2021-08-21;468;1292;189021;162724;73.3;63.1
39;2021-08-22;6;11;189027;162735;73.3;63.1
39;2021-08-23;263;972;189290;163707;73.4;63.5
39;2021-08-24;453;1609;189743;165316;73.6;64.1
39;2021-08-25;624;1604;190367;166920;73.8;64.7
39;2021-08-26;708;1860;191075;168780;74.1;65.5
39;2021-08-27;405;2060;191480;170840;74.3;66.3
39;2021-08-28;323;1367;191803;172207;74.4;66.8
39;2021-08-29;0;1;191803;172208;74.4;66.8
39;2021-08-30;345;1017;192148;173225;74.5;67.2
39;2021-08-31;395;1035;192543;174260;74.7;67.6
39;2021-09-01;507;1577;193050;175837;74.9;68.2
39;2021-09-02;331;1479;193381;177316;75.0;68.8
39;2021-09-03;467;2386;193848;179702;75.2;69.7
39;2021-09-04;147;212;193995;179914;75.2;69.8
39;2021-09-05;0;1;193995;179915;75.2;69.8
39;2021-09-06;239;552;194234;180467;75.3;70.0
39;2021-09-07;227;343;194461;180810;75.4;70.1
39;2021-09-08;439;915;194900;181725;75.6;70.5
39;2021-09-09;418;1193;195318;182918;75.7;70.9
39;2021-09-10;198;737;195516;183655;75.8;71.2
39;2021-09-11;282;928;195798;184583;75.9;71.6
39;2021-09-12;0;32;195798;184615;75.9;71.6
39;2021-09-13;130;218;195928;184833;76.0;71.7
39;2021-09-14;178;413;196106;185246;76.1;71.8
40;2020-12-27;0;0;0;0;0.0;0.0
40;2020-12-28;0;0;0;0;0.0;0.0
40;2020-12-29;0;0;0;0;0.0;0.0
40;2020-12-30;0;0;0;0;0.0;0.0
40;2020-12-31;1;0;1;0;0.0;0.0
40;2021-01-01;0;0;1;0;0.0;0.0
40;2021-01-02;0;0;1;0;0.0;0.0
40;2021-01-03;0;0;1;0;0.0;0.0
40;2021-01-04;0;0;1;0;0.0;0.0
40;2021-01-05;0;0;1;0;0.0;0.0
40;2021-01-06;1;0;2;0;0.0;0.0
40;2021-01-07;212;0;214;0;0.1;0.0
40;2021-01-08;391;2;605;2;0.1;0.0
40;2021-01-09;0;0;605;2;0.1;0.0
40;2021-01-10;1;0;606;2;0.1;0.0
40;2021-01-11;111;0;717;2;0.2;0.0
40;2021-01-12;0;0;717;2;0.2;0.0
40;2021-01-13;681;5;1398;7;0.3;0.0
40;2021-01-14;901;7;2299;14;0.6;0.0
40;2021-01-15;811;3;3110;17;0.8;0.0
40;2021-01-16;157;0;3267;17;0.8;0.0
40;2021-01-17;1;1;3268;18;0.8;0.0
40;2021-01-18;402;0;3670;18;0.9;0.0
40;2021-01-19;1205;3;4875;21;1.2;0.0
40;2021-01-20;879;2;5754;23;1.4;0.0
40;2021-01-21;1266;5;7020;28;1.7;0.0
40;2021-01-22;810;2;7830;30;1.9;0.0
40;2021-01-23;288;0;8118;30;2.0;0.0
40;2021-01-24;2;0;8120;30;2.0;0.0
40;2021-01-25;393;2;8513;32;2.1;0.0
40;2021-01-26;803;5;9316;37;2.3;0.0
40;2021-01-27;1118;11;10434;48;2.5;0.0
40;2021-01-28;708;109;11142;157;2.7;0.0
40;2021-01-29;601;225;11743;382;2.9;0.1
40;2021-01-30;237;3;11980;385;2.9;0.1
40;2021-01-31;1;0;11981;385;2.9;0.1
40;2021-02-01;358;127;12339;512;3.0;0.1
40;2021-02-02;923;50;13262;562;3.2;0.1
40;2021-02-03;895;294;14157;856;3.4;0.2
40;2021-02-04;1059;543;15216;1399;3.7;0.3
40;2021-02-05;794;333;16010;1732;3.9;0.4
40;2021-02-06;380;81;16390;1813;4.0;0.4
40;2021-02-07;10;0;16400;1813;4.0;0.4
40;2021-02-08;372;103;16772;1916;4.1;0.5
40;2021-02-09;810;501;17582;2417;4.3;0.6
40;2021-02-10;749;394;18331;2811;4.4;0.7
40;2021-02-11;740;555;19071;3366;4.6;0.8
40;2021-02-12;628;570;19699;3936;4.8;1.0
40;2021-02-13;400;83;20099;4019;4.9;1.0
40;2021-02-14;0;0;20099;4019;4.9;1.0
40;2021-02-15;48;319;20147;4338;4.9;1.1
40;2021-02-16;285;487;20432;4825;5.0;1.2
40;2021-02-17;360;804;20792;5629;5.0;1.4
40;2021-02-18;382;587;21174;6216;5.1;1.5
40;2021-02-19;143;551;21317;6767;5.2;1.6
40;2021-02-20;39;80;21356;6847;5.2;1.7
40;2021-02-21;1;63;21357;6910;5.2;1.7
40;2021-02-22;53;453;21410;7363;5.2;1.8
40;2021-02-23;179;688;21589;8051;5.2;2.0
40;2021-02-24;283;571;21872;8622;5.3;2.1
40;2021-02-25;727;861;22599;9483;5.5;2.3
40;2021-02-26;656;517;23255;10000;5.6;2.4
40;2021-02-27;384;91;23639;10091;5.7;2.4
40;2021-02-28;2;0;23641;10091;5.7;2.4
40;2021-03-01;418;441;24059;10532;5.8;2.6
40;2021-03-02;734;862;24793;11394;6.0;2.8
40;2021-03-03;934;761;25727;12155;6.2;3.0
40;2021-03-04;1321;722;27048;12877;6.6;3.1
40;2021-03-05;1231;645;28279;13522;6.9;3.3
40;2021-03-06;867;338;29146;13860;7.1;3.4
40;2021-03-07;92;1;29238;13861;7.1;3.4
40;2021-03-08;838;434;30076;14295;7.3;3.5
40;2021-03-09;1505;555;31581;14850;7.7;3.6
40;2021-03-10;1753;671;33334;15521;8.1;3.8
40;2021-03-11;1985;631;35319;16152;8.6;3.9
40;2021-03-12;2049;519;37368;16671;9.1;4.0
40;2021-03-13;972;245;38340;16916;9.3;4.1
40;2021-03-14;98;0;38438;16916;9.3;4.1
40;2021-03-15;924;87;39362;17003;9.6;4.1
40;2021-03-16;988;258;40350;17261;9.8;4.2
40;2021-03-17;1576;333;41926;17594;10.2;4.3
40;2021-03-18;1560;333;43486;17927;10.6;4.4
40;2021-03-19;1808;140;45294;18067;11.0;4.4
40;2021-03-20;706;14;46000;18081;11.2;4.4
40;2021-03-21;52;1;46052;18082;11.2;4.4
40;2021-03-22;1174;35;47226;18117;11.5;4.4
40;2021-03-23;2325;166;49551;18283;12.0;4.4
40;2021-03-24;2326;231;51877;18514;12.6;4.5
40;2021-03-25;2768;380;54645;18894;13.3;4.6
40;2021-03-26;3122;201;57767;19095;14.0;4.6
40;2021-03-27;923;47;58690;19142;14.2;4.6
40;2021-03-28;178;47;58868;19189;14.3;4.7
40;2021-03-29;1153;374;60021;19563;14.6;4.7
40;2021-03-30;2298;387;62319;19950;15.1;4.8
40;2021-03-31;1996;300;64315;20250;15.6;4.9
40;2021-04-01;2413;330;66728;20580;16.2;5.0
40;2021-04-02;2362;219;69090;20799;16.8;5.0
40;2021-04-03;743;120;69833;20919;17.0;5.1
40;2021-04-04;362;8;70195;20927;17.0;5.1
40;2021-04-05;523;40;70718;20967;17.2;5.1
40;2021-04-06;2096;802;72814;21769;17.7;5.3
40;2021-04-07;2665;868;75479;22637;18.3;5.5
40;2021-04-08;3061;895;78540;23532;19.1;5.7
40;2021-04-09;3826;604;82366;24136;20.0;5.9
40;2021-04-10;1599;341;83965;24477;20.4;5.9
40;2021-04-11;51;6;84016;24483;20.4;5.9
40;2021-04-12;2178;729;86194;25212;20.9;6.1
40;2021-04-13;2567;1088;88761;26300;21.5;6.4
40;2021-04-14;2573;1375;91334;27675;22.2;6.7
40;2021-04-15;2987;1505;94321;29180;22.9;7.1
40;2021-04-16;2878;1181;97199;30361;23.6;7.4
40;2021-04-17;1464;345;98663;30706;23.9;7.5
40;2021-04-18;57;24;98720;30730;24.0;7.5
40;2021-04-19;1058;1019;99778;31749;24.2;7.7
40;2021-04-20;1622;1744;101400;33493;24.6;8.1
40;2021-04-21;1777;1734;103177;35227;25.0;8.6
40;2021-04-22;2111;1771;105288;36998;25.6;9.0
40;2021-04-23;2163;1390;107451;38388;26.1;9.3
40;2021-04-24;1328;622;108779;39010;26.4;9.5
40;2021-04-25;37;57;108816;39067;26.4;9.5
40;2021-04-26;1251;1133;110067;40200;26.7;9.8
40;2021-04-27;1487;2030;111554;42230;27.1;10.3
40;2021-04-28;2053;1366;113607;43596;27.6;10.6
40;2021-04-29;2608;1888;116215;45484;28.2;11.0
40;2021-04-30;2702;1613;118917;47097;28.9;11.4
40;2021-05-01;1229;783;120146;47880;29.2;11.6
40;2021-05-02;143;322;120289;48202;29.2;11.7
40;2021-05-03;1857;1498;122146;49700;29.6;12.1
40;2021-05-04;1882;2465;124028;52165;30.1;12.7
40;2021-05-05;2188;2668;126216;54833;30.6;13.3
40;2021-05-06;2238;2864;128454;57697;31.2;14.0
40;2021-05-07;1904;3002;130358;60699;31.6;14.7
40;2021-05-08;674;469;131032;61168;31.8;14.8
40;2021-05-09;316;22;131348;61190;31.9;14.9
40;2021-05-10;1400;2040;132748;63230;32.2;15.3
40;2021-05-11;2197;2503;134945;65733;32.8;16.0
40;2021-05-12;2730;1943;137675;67676;33.4;16.4
40;2021-05-13;1984;511;139659;68187;33.9;16.6
40;2021-05-14;2325;1657;141984;69844;34.5;17.0
40;2021-05-15;1340;962;143324;70806;34.8;17.2
40;2021-05-16;434;24;143758;70830;34.9;17.2
40;2021-05-17;2121;1305;145879;72135;35.4;17.5
40;2021-05-18;2509;1404;148388;73539;36.0;17.9
40;2021-05-19;2956;1106;151344;74645;36.7;18.1
40;2021-05-20;3586;1159;154930;75804;37.6;18.4
40;2021-05-21;2926;1319;157856;77123;38.3;18.7
40;2021-05-22;1146;794;159002;77917;38.6;18.9
40;2021-05-23;631;29;159633;77946;38.7;18.9
40;2021-05-24;1212;332;160845;78278;39.0;19.0
40;2021-05-25;2168;1310;163013;79588;39.6;19.3
40;2021-05-26;2614;1562;165627;81150;40.2;19.7
40;2021-05-27;2733;1998;168360;83148;40.9;20.2
40;2021-05-28;2569;2270;170929;85418;41.5;20.7
40;2021-05-29;1559;1253;172488;86671;41.9;21.0
40;2021-05-30;4;52;172492;86723;41.9;21.1
40;2021-05-31;2567;1207;175059;87930;42.5;21.3
40;2021-06-01;3012;1766;178071;89696;43.2;21.8
40;2021-06-02;3173;1987;181244;91683;44.0;22.3
40;2021-06-03;3593;2332;184837;94015;44.9;22.8
40;2021-06-04;3015;2802;187852;96817;45.6;23.5
40;2021-06-05;1780;1395;189632;98212;46.0;23.8
40;2021-06-06;459;79;190091;98291;46.1;23.9
40;2021-06-07;2186;2022;192277;100313;46.7;24.3
40;2021-06-08;2955;2096;195232;102409;47.4;24.9
40;2021-06-09;3216;2266;198448;104675;48.2;25.4
40;2021-06-10;2996;2097;201444;106772;48.9;25.9
40;2021-06-11;3140;2792;204584;109564;49.7;26.6
40;2021-06-12;1964;1635;206548;111199;50.1;27.0
40;2021-06-13;645;162;207193;111361;50.3;27.0
40;2021-06-14;1458;2494;208651;113855;50.6;27.6
40;2021-06-15;2236;2820;210887;116675;51.2;28.3
40;2021-06-16;2609;2459;213496;119134;51.8;28.9
40;2021-06-17;2432;2438;215928;121572;52.4;29.5
40;2021-06-18;2326;2902;218254;124474;53.0;30.2
40;2021-06-19;1799;1227;220053;125701;53.4;30.5
40;2021-06-20;345;276;220398;125977;53.5;30.6
40;2021-06-21;1395;2318;221793;128295;53.8;31.1
40;2021-06-22;1688;2995;223481;131290;54.2;31.9
40;2021-06-23;1606;3344;225087;134634;54.6;32.7
40;2021-06-24;1735;2384;226822;137018;55.1;33.3
40;2021-06-25;1760;3258;228582;140276;55.5;34.0
40;2021-06-26;1328;1712;229910;141988;55.8;34.5
40;2021-06-27;263;354;230173;142342;55.9;34.6
40;2021-06-28;1334;2819;231507;145161;56.2;35.2
40;2021-06-29;1711;3391;233218;148552;56.6;36.1
40;2021-06-30;1777;3641;234995;152193;57.0;36.9
40;2021-07-01;1714;3951;236709;156144;57.5;37.9
40;2021-07-02;1562;3808;238271;159952;57.8;38.8
40;2021-07-03;678;1918;238949;161870;58.0;39.3
40;2021-07-04;219;483;239168;162353;58.1;39.4
40;2021-07-05;1476;3020;240644;165373;58.4;40.1
40;2021-07-06;1769;3612;242413;168985;58.8;41.0
40;2021-07-07;1975;3844;244388;172829;59.3;42.0
40;2021-07-08;2102;3408;246490;176237;59.8;42.8
40;2021-07-09;2112;3948;248602;180185;60.3;43.7
40;2021-07-10;1005;2158;249607;182343;60.6;44.3
40;2021-07-11;207;294;249814;182637;60.6;44.3
40;2021-07-12;1313;4045;251127;186682;61.0;45.3
40;2021-07-13;2428;4697;253555;191379;61.5;46.5
40;2021-07-14;2199;2059;255754;193438;62.1;47.0
40;2021-07-15;2845;4859;258599;198297;62.8;48.1
40;2021-07-16;3315;3945;261914;202242;63.6;49.1
40;2021-07-17;2111;2595;264025;204837;64.1;49.7
40;2021-07-18;472;542;264497;205379;64.2;49.9
40;2021-07-19;2569;3698;267066;209077;64.8;50.7
40;2021-07-20;3064;4053;270130;213130;65.6;51.7
40;2021-07-21;3207;3889;273337;217019;66.3;52.7
40;2021-07-22;3857;3931;277194;220950;67.3;53.6
40;2021-07-23;4091;4110;281285;225060;68.3;54.6
40;2021-07-24;2796;2114;284081;227174;69.0;55.1
40;2021-07-25;955;489;285036;227663;69.2;55.3
40;2021-07-26;2942;3075;287978;230738;69.9;56.0
40;2021-07-27;3527;3602;291505;234340;70.8;56.9
40;2021-07-28;3380;3398;294885;237738;71.6;57.7
40;2021-07-29;3544;3432;298429;241170;72.4;58.5
40;2021-07-30;3136;3407;301565;244577;73.2;59.4
40;2021-07-31;1782;1908;303347;246485;73.6;59.8
40;2021-08-01;343;287;303690;246772;73.7;59.9
40;2021-08-02;2003;2379;305693;249151;74.2;60.5
40;2021-08-03;2334;2694;308027;251845;74.8;61.1
40;2021-08-04;2093;2322;310120;254167;75.3;61.7
40;2021-08-05;1970;2671;312090;256838;75.8;62.3
40;2021-08-06;1886;3066;313976;259904;76.2;63.1
40;2021-08-07;1218;1746;315194;261650;76.5;63.5
40;2021-08-08;84;154;315278;261804;76.5;63.5
40;2021-08-09;1599;3125;316877;264929;76.9;64.3
40;2021-08-10;1430;3160;318307;268089;77.3;65.1
40;2021-08-11;1423;2847;319730;270936;77.6;65.8
40;2021-08-12;1277;3101;321007;274037;77.9;66.5
40;2021-08-13;1138;2979;322145;277016;78.2;67.2
40;2021-08-14;619;2031;322764;279047;78.3;67.7
40;2021-08-15;5;172;322769;279219;78.3;67.8
40;2021-08-16;1107;3383;323876;282602;78.6;68.6
40;2021-08-17;1160;3418;325036;286020;78.9;69.4
40;2021-08-18;986;3259;326022;289279;79.1;70.2
40;2021-08-19;855;2971;326877;292250;79.3;70.9
40;2021-08-20;810;3034;327687;295284;79.5;71.7
40;2021-08-21;523;1899;328210;297183;79.7;72.1
40;2021-08-22;71;463;328281;297646;79.7;72.2
40;2021-08-23;728;2818;329009;300464;79.9;72.9
40;2021-08-24;692;2541;329701;303005;80.0;73.5
40;2021-08-25;673;2003;330374;305008;80.2;74.0
40;2021-08-26;488;1675;330862;306683;80.3;74.4
40;2021-08-27;636;2469;331498;309152;80.5;75.0
40;2021-08-28;324;1215;331822;310367;80.5;75.3
40;2021-08-29;1;9;331823;310376;80.5;75.3
40;2021-08-30;600;2160;332423;312536;80.7;75.9
40;2021-08-31;469;1466;332892;314002;80.8;76.2
40;2021-09-01;449;1547;333341;315549;80.9;76.6
40;2021-09-02;401;1502;333742;317051;81.0;77.0
40;2021-09-03;436;1631;334178;318682;81.1;77.4
40;2021-09-04;369;1187;334547;319869;81.2;77.6
40;2021-09-05;2;26;334549;319895;81.2;77.6
40;2021-09-06;243;880;334792;320775;81.3;77.9
40;2021-09-07;291;977;335083;321752;81.3;78.1
40;2021-09-08;403;1236;335486;322988;81.4;78.4
40;2021-09-09;256;1037;335742;324025;81.5;78.7
40;2021-09-10;360;1278;336102;325303;81.6;79.0
40;2021-09-11;248;887;336350;326190;81.6;79.2
40;2021-09-12;3;8;336353;326198;81.6;79.2
40;2021-09-13;369;949;336722;327147;81.7;79.4
40;2021-09-14;284;884;337006;328031;81.8;79.6
41;2020-12-27;0;0;0;0;0.0;0.0
41;2020-12-28;0;0;0;0;0.0;0.0
41;2020-12-29;0;0;0;0;0.0;0.0
41;2020-12-30;0;0;0;0;0.0;0.0
41;2020-12-31;0;0;0;0;0.0;0.0
41;2021-01-01;0;0;0;0;0.0;0.0
41;2021-01-02;2;0;2;0;0.0;0.0
41;2021-01-03;0;0;2;0;0.0;0.0
41;2021-01-04;0;0;2;0;0.0;0.0
41;2021-01-05;35;0;37;0;0.0;0.0
41;2021-01-06;72;0;109;0;0.0;0.0
41;2021-01-07;21;0;130;0;0.0;0.0
41;2021-01-08;1;0;131;0;0.0;0.0
41;2021-01-09;0;0;131;0;0.0;0.0
41;2021-01-10;0;0;131;0;0.0;0.0
41;2021-01-11;133;0;264;0;0.1;0.0
41;2021-01-12;321;1;585;1;0.2;0.0
41;2021-01-13;271;0;856;1;0.3;0.0
41;2021-01-14;284;1;1140;2;0.3;0.0
41;2021-01-15;215;1;1355;3;0.4;0.0
41;2021-01-16;0;0;1355;3;0.4;0.0
41;2021-01-17;0;0;1355;3;0.4;0.0
41;2021-01-18;397;2;1752;5;0.5;0.0
41;2021-01-19;857;2;2609;7;0.8;0.0
41;2021-01-20;1059;3;3668;10;1.1;0.0
41;2021-01-21;1568;2;5236;12;1.6;0.0
41;2021-01-22;838;1;6074;13;1.9;0.0
41;2021-01-23;92;0;6166;13;1.9;0.0
41;2021-01-24;0;0;6166;13;1.9;0.0
41;2021-01-25;421;1;6587;14;2.0;0.0
41;2021-01-26;473;3;7060;17;2.2;0.0
41;2021-01-27;441;2;7501;19;2.3;0.0
41;2021-01-28;604;57;8105;76;2.5;0.0
41;2021-01-29;260;14;8365;90;2.6;0.0
41;2021-01-30;0;0;8365;90;2.6;0.0
41;2021-01-31;0;0;8365;90;2.6;0.0
41;2021-02-01;349;121;8714;211;2.7;0.1
41;2021-02-02;471;216;9185;427;2.8;0.1
41;2021-02-03;341;199;9526;626;2.9;0.2
41;2021-02-04;559;136;10085;762;3.1;0.2
41;2021-02-05;329;167;10414;929;3.2;0.3
41;2021-02-06;4;0;10418;929;3.2;0.3
41;2021-02-07;2;0;10420;929;3.2;0.3
41;2021-02-08;306;273;10726;1202;3.3;0.4
41;2021-02-09;599;409;11325;1611;3.5;0.5
41;2021-02-10;486;671;11811;2282;3.6;0.7
41;2021-02-11;1066;1152;12877;3434;3.9;1.0
41;2021-02-12;687;355;13564;3789;4.1;1.2
41;2021-02-13;9;5;13573;3794;4.1;1.2
41;2021-02-14;3;27;13576;3821;4.1;1.2
41;2021-02-15;314;259;13890;4080;4.2;1.2
41;2021-02-16;354;468;14244;4548;4.3;1.4
41;2021-02-17;317;400;14561;4948;4.4;1.5
41;2021-02-18;617;267;15178;5215;4.6;1.6
41;2021-02-19;456;279;15634;5494;4.8;1.7
41;2021-02-20;68;37;15702;5531;4.8;1.7
41;2021-02-21;0;0;15702;5531;4.8;1.7
41;2021-02-22;310;332;16012;5863;4.9;1.8
41;2021-02-23;454;270;16466;6133;5.0;1.9
41;2021-02-24;282;366;16748;6499;5.1;2.0
41;2021-02-25;676;383;17424;6882;5.3;2.1
41;2021-02-26;630;219;18054;7101;5.5;2.2
41;2021-02-27;161;4;18215;7105;5.6;2.2
41;2021-02-28;4;31;18219;7136;5.6;2.2
41;2021-03-01;311;260;18530;7396;5.7;2.3
41;2021-03-02;649;337;19179;7733;5.9;2.4
41;2021-03-03;497;366;19676;8099;6.0;2.5
41;2021-03-04;786;749;20462;8848;6.2;2.7
41;2021-03-05;840;638;21302;9486;6.5;2.9
41;2021-03-06;715;22;22017;9508;6.7;2.9
41;2021-03-07;498;18;22515;9526;6.9;2.9
41;2021-03-08;301;334;22816;9860;7.0;3.0
41;2021-03-09;1042;402;23858;10262;7.3;3.1
41;2021-03-10;721;440;24579;10702;7.5;3.3
41;2021-03-11;1182;634;25761;11336;7.9;3.5
41;2021-03-12;1116;398;26877;11734;8.2;3.6
41;2021-03-13;1224;18;28101;11752;8.6;3.6
41;2021-03-14;392;7;28493;11759;8.7;3.6
41;2021-03-15;797;339;29290;12098;8.9;3.7
41;2021-03-16;1061;402;30351;12500;9.3;3.8
41;2021-03-17;587;236;30938;12736;9.4;3.9
41;2021-03-18;926;396;31864;13132;9.7;4.0
41;2021-03-19;911;328;32775;13460;10.0;4.1
41;2021-03-20;541;16;33316;13476;10.2;4.1
41;2021-03-21;1;0;33317;13476;10.2;4.1
41;2021-03-22;810;270;34127;13746;10.4;4.2
41;2021-03-23;1309;480;35436;14226;10.8;4.3
41;2021-03-24;1231;363;36667;14589;11.2;4.5
41;2021-03-25;2026;437;38693;15026;11.8;4.6
41;2021-03-26;1655;325;40348;15351;12.3;4.7
41;2021-03-27;452;58;40800;15409;12.4;4.7
41;2021-03-28;1;0;40801;15409;12.4;4.7
41;2021-03-29;939;305;41740;15714;12.7;4.8
41;2021-03-30;1496;589;43236;16303;13.2;5.0
41;2021-03-31;1148;490;44384;16793;13.5;5.1
41;2021-04-01;2252;564;46636;17357;14.2;5.3
41;2021-04-02;1242;473;47878;17830;14.6;5.4
41;2021-04-03;321;5;48199;17835;14.7;5.4
41;2021-04-04;39;0;48238;17835;14.7;5.4
41;2021-04-05;140;2;48378;17837;14.8;5.4
41;2021-04-06;1302;623;49680;18460;15.2;5.6
41;2021-04-07;1853;702;51533;19162;15.7;5.8
41;2021-04-08;2294;916;53827;20078;16.4;6.1
41;2021-04-09;2569;611;56396;20689;17.2;6.3
41;2021-04-10;954;496;57350;21185;17.5;6.5
41;2021-04-11;279;376;57629;21561;17.6;6.6
41;2021-04-12;1690;655;59319;22216;18.1;6.8
41;2021-04-13;2262;988;61581;23204;18.8;7.1
41;2021-04-14;1794;546;63375;23750;19.3;7.2
41;2021-04-15;2385;973;65760;24723;20.1;7.5
41;2021-04-16;1931;625;67691;25348;20.6;7.7
41;2021-04-17;647;137;68338;25485;20.8;7.8
41;2021-04-18;5;0;68343;25485;20.8;7.8
41;2021-04-19;1262;744;69605;26229;21.2;8.0
41;2021-04-20;2004;1196;71609;27425;21.8;8.4
41;2021-04-21;1503;919;73112;28344;22.3;8.6
41;2021-04-22;2236;1598;75348;29942;23.0;9.1
41;2021-04-23;1736;1078;77084;31020;23.5;9.5
41;2021-04-24;1544;283;78628;31303;24.0;9.5
41;2021-04-25;1007;20;79635;31323;24.3;9.6
41;2021-04-26;1355;625;80990;31948;24.7;9.7
41;2021-04-27;2094;1033;83084;32981;25.3;10.1
41;2021-04-28;1562;857;84646;33838;25.8;10.3
41;2021-04-29;2211;1376;86857;35214;26.5;10.7
41;2021-04-30;1963;862;88820;36076;27.1;11.0
41;2021-05-01;189;12;89009;36088;27.2;11.0
41;2021-05-02;107;17;89116;36105;27.2;11.0
41;2021-05-03;1866;892;90982;36997;27.8;11.3
41;2021-05-04;2093;1543;93075;38540;28.4;11.8
41;2021-05-05;1881;1188;94956;39728;29.0;12.1
41;2021-05-06;2448;1692;97404;41420;29.7;12.6
41;2021-05-07;2017;1801;99421;43221;30.3;13.2
41;2021-05-08;203;155;99624;43376;30.4;13.2
41;2021-05-09;11;354;99635;43730;30.4;13.3
41;2021-05-10;1590;1554;101225;45284;30.9;13.8
41;2021-05-11;2087;2100;103312;47384;31.5;14.5
41;2021-05-12;1951;1678;105263;49062;32.1;15.0
41;2021-05-13;1486;947;106749;50009;32.6;15.3
41;2021-05-14;1576;1305;108325;51314;33.0;15.7
41;2021-05-15;206;293;108531;51607;33.1;15.7
41;2021-05-16;4;0;108535;51607;33.1;15.7
41;2021-05-17;2483;564;111018;52171;33.9;15.9
41;2021-05-18;3138;1029;114156;53200;34.8;16.2
41;2021-05-19;2553;673;116709;53873;35.6;16.4
41;2021-05-20;3349;1147;120058;55020;36.6;16.8
41;2021-05-21;2727;967;122785;55987;37.5;17.1
41;2021-05-22;397;237;123182;56224;37.6;17.2
41;2021-05-23;6;2;123188;56226;37.6;17.2
41;2021-05-24;2605;150;125793;56376;38.4;17.2
41;2021-05-25;2992;577;128785;56953;39.3;17.4
41;2021-05-26;3038;650;131823;57603;40.2;17.6
41;2021-05-27;3296;1110;135119;58713;41.2;17.9
41;2021-05-28;3144;971;138263;59684;42.2;18.2
41;2021-05-29;2074;429;140337;60113;42.8;18.3
41;2021-05-30;344;22;140681;60135;42.9;18.3
41;2021-05-31;1711;1499;142392;61634;43.4;18.8
41;2021-06-01;2262;2010;144654;63644;44.1;19.4
41;2021-06-02;1832;1288;146486;64932;44.7;19.8
41;2021-06-03;2597;1940;149083;66872;45.5;20.4
41;2021-06-04;2304;1958;151387;68830;46.2;21.0
41;2021-06-05;611;1583;151998;70413;46.4;21.5
41;2021-06-06;109;927;152107;71340;46.4;21.8
41;2021-06-07;1515;1530;153622;72870;46.9;22.2
41;2021-06-08;1713;2410;155335;75280;47.4;23.0
41;2021-06-09;1615;1635;156950;76915;47.9;23.5
41;2021-06-10;1917;1814;158867;78729;48.5;24.0
41;2021-06-11;1572;1790;160439;80519;48.9;24.6
41;2021-06-12;663;648;161102;81167;49.1;24.8
41;2021-06-13;13;77;161115;81244;49.1;24.8
41;2021-06-14;1269;1962;162384;83206;49.5;25.4
41;2021-06-15;1835;2758;164219;85964;50.1;26.2
41;2021-06-16;1725;2308;165944;88272;50.6;26.9
41;2021-06-17;1811;2573;167755;90845;51.2;27.7
41;2021-06-18;1665;2399;169420;93244;51.7;28.4
41;2021-06-19;412;529;169832;93773;51.8;28.6
41;2021-06-20;11;32;169843;93805;51.8;28.6
41;2021-06-21;1325;1779;171168;95584;52.2;29.2
41;2021-06-22;1619;2562;172787;98146;52.7;29.9
41;2021-06-23;1375;2038;174162;100184;53.1;30.6
41;2021-06-24;1483;2307;175645;102491;53.6;31.3
41;2021-06-25;1293;2616;176938;105107;54.0;32.1
41;2021-06-26;434;614;177372;105721;54.1;32.2
41;2021-06-27;1;4;177373;105725;54.1;32.2
41;2021-06-28;404;2696;177777;108421;54.2;33.1
41;2021-06-29;666;3443;178443;111864;54.4;34.1
41;2021-06-30;552;3067;178995;114931;54.6;35.1
41;2021-07-01;767;3098;179762;118029;54.8;36.0
41;2021-07-02;590;3500;180352;121529;55.0;37.1
41;2021-07-03;158;646;180510;122175;55.1;37.3
41;2021-07-04;2;2;180512;122177;55.1;37.3
41;2021-07-05;287;2818;180799;124995;55.1;38.1
41;2021-07-06;666;3634;181465;128629;55.4;39.2
41;2021-07-07;479;3140;181944;131769;55.5;40.2
41;2021-07-08;941;3367;182885;135136;55.8;41.2
41;2021-07-09;540;3641;183425;138777;56.0;42.3
41;2021-07-10;247;2087;183672;140864;56.0;43.0
41;2021-07-11;5;280;183677;141144;56.0;43.1
41;2021-07-12;862;2292;184539;143436;56.3;43.8
41;2021-07-13;1198;3283;185737;146719;56.7;44.8
41;2021-07-14;141;1080;185878;147799;56.7;45.1
41;2021-07-15;1334;3318;187212;151117;57.1;46.1
41;2021-07-16;1091;3390;188303;154507;57.4;47.1
41;2021-07-17;344;807;188647;155314;57.5;47.4
41;2021-07-18;24;32;188671;155346;57.6;47.4
41;2021-07-19;1190;2319;189861;157665;57.9;48.1
41;2021-07-20;1641;2744;191502;160409;58.4;48.9
41;2021-07-21;1708;2083;193210;162492;58.9;49.6
41;2021-07-22;2262;2289;195472;164781;59.6;50.3
41;2021-07-23;2104;2469;197576;167250;60.3;51.0
41;2021-07-24;329;840;197905;168090;60.4;51.3
41;2021-07-25;19;23;197924;168113;60.4;51.3
41;2021-07-26;1904;1678;199828;169791;61.0;51.8
41;2021-07-27;2536;2339;202364;172130;61.7;52.5
41;2021-07-28;2161;1828;204525;173958;62.4;53.1
41;2021-07-29;2345;2025;206870;175983;63.1;53.7
41;2021-07-30;2152;2085;209022;178068;63.8;54.3
41;2021-07-31;378;580;209400;178648;63.9;54.5
41;2021-08-01;21;7;209421;178655;63.9;54.5
41;2021-08-02;1550;1605;210971;180260;64.4;55.0
41;2021-08-03;2516;1856;213487;182116;65.1;55.6
41;2021-08-04;2301;1199;215788;183315;65.8;55.9
41;2021-08-05;3046;1262;218834;184577;66.8;56.3
41;2021-08-06;2214;1302;221048;185879;67.4;56.7
41;2021-08-07;511;347;221559;186226;67.6;56.8
41;2021-08-08;13;20;221572;186246;67.6;56.8
41;2021-08-09;1689;1357;223261;187603;68.1;57.2
41;2021-08-10;2563;1420;225824;189023;68.9;57.7
41;2021-08-11;1594;1439;227418;190462;69.4;58.1
41;2021-08-12;1943;1336;229361;191798;70.0;58.5
41;2021-08-13;1477;1697;230838;193495;70.4;59.0
41;2021-08-14;364;205;231202;193700;70.5;59.1
41;2021-08-15;0;16;231202;193716;70.5;59.1
41;2021-08-16;866;2069;232068;195785;70.8;59.7
41;2021-08-17;1498;1632;233566;197417;71.2;60.2
41;2021-08-18;1134;1970;234700;199387;71.6;60.8
41;2021-08-19;1309;1553;236009;200940;72.0;61.3
41;2021-08-20;915;2314;236924;203254;72.3;62.0
41;2021-08-21;120;227;237044;203481;72.3;62.1
41;2021-08-22;1;32;237045;203513;72.3;62.1
41;2021-08-23;694;2295;237739;205808;72.5;62.8
41;2021-08-24;1412;2306;239151;208114;72.9;63.5
41;2021-08-25;618;2201;239769;210315;73.1;64.2
41;2021-08-26;842;2820;240611;213135;73.4;65.0
41;2021-08-27;617;2760;241228;215895;73.6;65.9
41;2021-08-28;98;622;241326;216517;73.6;66.0
41;2021-08-29;46;24;241372;216541;73.6;66.1
41;2021-08-30;667;2117;242039;218658;73.8;66.7
41;2021-08-31;765;2597;242804;221255;74.1;67.5
41;2021-09-01;497;1829;243301;223084;74.2;68.0
41;2021-09-02;625;2152;243926;225236;74.4;68.7
41;2021-09-03;652;2228;244578;227464;74.6;69.4
41;2021-09-04;194;593;244772;228057;74.7;69.6
41;2021-09-05;3;1;244775;228058;74.7;69.6
41;2021-09-06;290;1094;245065;229152;74.8;69.9
41;2021-09-07;415;1355;245480;230507;74.9;70.3
41;2021-09-08;314;1276;245794;231783;75.0;70.7
41;2021-09-09;295;1295;246089;233078;75.1;71.1
41;2021-09-10;381;1374;246470;234452;75.2;71.5
41;2021-09-11;82;391;246552;234843;75.2;71.6
41;2021-09-12;0;9;246552;234852;75.2;71.6
41;2021-09-13;201;913;246753;235765;75.3;71.9
41;2021-09-14;362;1056;247115;236821;75.4;72.2
42;2020-12-27;2;0;2;0;0.0;0.0
42;2020-12-28;0;0;2;0;0.0;0.0
42;2020-12-29;0;0;2;0;0.0;0.0
42;2020-12-30;0;0;2;0;0.0;0.0
42;2020-12-31;0;0;2;0;0.0;0.0
42;2021-01-01;0;0;2;0;0.0;0.0
42;2021-01-02;0;0;2;0;0.0;0.0
42;2021-01-03;0;0;2;0;0.0;0.0
42;2021-01-04;1;0;3;0;0.0;0.0
42;2021-01-05;1;0;4;0;0.0;0.0
42;2021-01-06;178;1;182;1;0.0;0.0
42;2021-01-07;256;0;438;1;0.1;0.0
42;2021-01-08;264;1;702;2;0.1;0.0
42;2021-01-09;136;0;838;2;0.1;0.0
42;2021-01-10;0;0;838;2;0.1;0.0
42;2021-01-11;293;2;1131;4;0.1;0.0
42;2021-01-12;412;1;1543;5;0.2;0.0
42;2021-01-13;527;2;2070;7;0.3;0.0
42;2021-01-14;774;2;2844;9;0.4;0.0
42;2021-01-15;705;4;3549;13;0.5;0.0
42;2021-01-16;298;2;3847;15;0.5;0.0
42;2021-01-17;219;0;4066;15;0.5;0.0
42;2021-01-18;968;1;5034;16;0.7;0.0
42;2021-01-19;1329;8;6363;24;0.8;0.0
42;2021-01-20;956;3;7319;27;1.0;0.0
42;2021-01-21;1022;6;8341;33;1.1;0.0
42;2021-01-22;992;5;9333;38;1.2;0.0
42;2021-01-23;401;0;9734;38;1.3;0.0
42;2021-01-24;358;0;10092;38;1.3;0.0
42;2021-01-25;1099;12;11191;50;1.5;0.0
42;2021-01-26;1747;18;12938;68;1.7;0.0
42;2021-01-27;1457;118;14395;186;1.9;0.0
42;2021-01-28;1668;132;16063;318;2.1;0.0
42;2021-01-29;947;109;17010;427;2.2;0.1
42;2021-01-30;257;96;17267;523;2.3;0.1
42;2021-01-31;258;2;17525;525;2.3;0.1
42;2021-02-01;737;58;18262;583;2.4;0.1
42;2021-02-02;1826;265;20088;848;2.6;0.1
42;2021-02-03;1517;455;21605;1303;2.8;0.2
42;2021-02-04;1282;556;22887;1859;3.0;0.2
42;2021-02-05;684;482;23571;2341;3.1;0.3
42;2021-02-06;304;128;23875;2469;3.1;0.3
42;2021-02-07;276;134;24151;2603;3.2;0.3
42;2021-02-08;508;492;24659;3095;3.2;0.4
42;2021-02-09;703;628;25362;3723;3.3;0.5
42;2021-02-10;742;553;26104;4276;3.4;0.6
42;2021-02-11;772;552;26876;4828;3.5;0.6
42;2021-02-12;674;602;27550;5430;3.6;0.7
42;2021-02-13;428;242;27978;5672;3.7;0.7
42;2021-02-14;186;173;28164;5845;3.7;0.8
42;2021-02-15;520;623;28684;6468;3.8;0.8
42;2021-02-16;490;997;29174;7465;3.8;1.0
42;2021-02-17;518;1333;29692;8798;3.9;1.2
42;2021-02-18;756;1163;30448;9961;4.0;1.3
42;2021-02-19;769;848;31217;10809;4.1;1.4
42;2021-02-20;248;331;31465;11140;4.1;1.5
42;2021-02-21;63;254;31528;11394;4.1;1.5
42;2021-02-22;574;803;32102;12197;4.2;1.6
42;2021-02-23;1210;1300;33312;13497;4.4;1.8
42;2021-02-24;1245;1039;34557;14536;4.5;1.9
42;2021-02-25;1666;1307;36223;15843;4.7;2.1
42;2021-02-26;1647;828;37870;16671;5.0;2.2
42;2021-02-27;580;242;38450;16913;5.0;2.2
42;2021-02-28;167;98;38617;17011;5.0;2.2
42;2021-03-01;807;752;39424;17763;5.2;2.3
42;2021-03-02;1276;720;40700;18483;5.3;2.4
42;2021-03-03;1368;713;42068;19196;5.5;2.5
42;2021-03-04;1705;648;43773;19844;5.7;2.6
42;2021-03-05;2625;617;46398;20461;6.1;2.7
42;2021-03-06;1933;242;48331;20703;6.3;2.7
42;2021-03-07;1491;92;49822;20795;6.5;2.7
42;2021-03-08;1405;486;51227;21281;6.7;2.8
42;2021-03-09;1984;431;53211;21712;7.0;2.8
42;2021-03-10;2053;487;55264;22199;7.2;2.9
42;2021-03-11;3047;602;58311;22801;7.6;3.0
42;2021-03-12;3008;810;61319;23611;8.0;3.1
42;2021-03-13;1479;352;62798;23963;8.2;3.1
42;2021-03-14;472;161;63270;24124;8.3;3.2
42;2021-03-15;1571;587;64841;24711;8.5;3.2
42;2021-03-16;1472;754;66313;25465;8.7;3.3
42;2021-03-17;1724;1070;68037;26535;8.9;3.5
42;2021-03-18;1804;1023;69841;27558;9.1;3.6
42;2021-03-19;2567;675;72408;28233;9.5;3.7
42;2021-03-20;1672;233;74080;28466;9.7;3.7
42;2021-03-21;526;99;74606;28565;9.8;3.7
42;2021-03-22;1427;730;76033;29295;9.9;3.8
42;2021-03-23;2507;854;78540;30149;10.3;3.9
42;2021-03-24;2783;783;81323;30932;10.6;4.0
42;2021-03-25;3720;930;85043;31862;11.1;4.2
42;2021-03-26;3759;783;88802;32645;11.6;4.3
42;2021-03-27;1806;452;90608;33097;11.8;4.3
42;2021-03-28;1040;215;91648;33312;12.0;4.4
42;2021-03-29;2062;922;93710;34234;12.3;4.5
42;2021-03-30;3146;863;96856;35097;12.7;4.6
42;2021-03-31;2444;1070;99300;36167;13.0;4.7
42;2021-04-01;3392;1051;102692;37218;13.4;4.9
42;2021-04-02;2850;1229;105542;38447;13.8;5.0
42;2021-04-03;1419;609;106961;39056;14.0;5.1
42;2021-04-04;1404;393;108365;39449;14.2;5.2
42;2021-04-05;1901;297;110266;39746;14.4;5.2
42;2021-04-06;2292;1409;112558;41155;14.7;5.4
42;2021-04-07;2763;1829;115321;42984;15.1;5.6
42;2021-04-08;4025;1586;119346;44570;15.6;5.8
42;2021-04-09;5135;1561;124481;46131;16.3;6.0
42;2021-04-10;2591;766;127072;46897;16.6;6.1
42;2021-04-11;1956;432;129028;47329;16.9;6.2
42;2021-04-12;3699;1548;132727;48877;17.4;6.4
42;2021-04-13;4659;1808;137386;50685;18.0;6.6
42;2021-04-14;4311;1903;141697;52588;18.5;6.9
42;2021-04-15;4810;1837;146507;54425;19.2;7.1
42;2021-04-16;4620;1890;151127;56315;19.8;7.4
42;2021-04-17;2983;1070;154110;57385;20.2;7.5
42;2021-04-18;1885;413;155995;57798;20.4;7.6
42;2021-04-19;3090;1536;159085;59334;20.8;7.8
42;2021-04-20;3468;1955;162553;61289;21.3;8.0
42;2021-04-21;3479;1747;166032;63036;21.7;8.2
42;2021-04-22;3769;1952;169801;64988;22.2;8.5
42;2021-04-23;3841;2016;173642;67004;22.7;8.8
42;2021-04-24;2363;1518;176005;68522;23.0;9.0
42;2021-04-25;1658;942;177663;69464;23.2;9.1
42;2021-04-26;3280;1733;180943;71197;23.7;9.3
42;2021-04-27;3256;2207;184199;73404;24.1;9.6
42;2021-04-28;3464;2619;187663;76023;24.5;9.9
42;2021-04-29;3770;2800;191433;78823;25.0;10.3
42;2021-04-30;3361;3025;194794;81848;25.5;10.7
42;2021-05-01;2969;1051;197763;82899;25.9;10.8
42;2021-05-02;1935;1259;199698;84158;26.1;11.0
42;2021-05-03;2868;2766;202566;86924;26.5;11.4
42;2021-05-04;3417;3125;205983;90049;26.9;11.8
42;2021-05-05;3327;3395;209310;93444;27.4;12.2
42;2021-05-06;3888;3769;213198;97213;27.9;12.7
42;2021-05-07;3731;4037;216929;101250;28.4;13.2
42;2021-05-08;3165;1069;220094;102319;28.8;13.4
42;2021-05-09;1505;2214;221599;104533;29.0;13.7
42;2021-05-10;3250;3828;224849;108361;29.4;14.2
42;2021-05-11;5575;3899;230424;112260;30.1;14.7
42;2021-05-12;5342;3567;235766;115827;30.8;15.1
42;2021-05-13;5453;1149;241219;116976;31.5;15.3
42;2021-05-14;5239;2927;246458;119903;32.2;15.7
42;2021-05-15;4881;2127;251339;122030;32.9;16.0
42;2021-05-16;2873;1036;254212;123066;33.2;16.1
42;2021-05-17;5887;2839;260099;125905;34.0;16.5
42;2021-05-18;6252;2977;266351;128882;34.8;16.9
42;2021-05-19;6524;2750;272875;131632;35.7;17.2
42;2021-05-20;7104;2893;279979;134525;36.6;17.6
42;2021-05-21;6351;3275;286330;137800;37.4;18.0
42;2021-05-22;5836;2132;292166;139932;38.2;18.3
42;2021-05-23;2835;874;295001;140806;38.6;18.4
42;2021-05-24;5250;1433;300251;142239;39.3;18.6
42;2021-05-25;5155;3939;305406;146178;39.9;19.1
42;2021-05-26;5162;3457;310568;149635;40.6;19.6
42;2021-05-27;5370;3630;315938;153265;41.3;20.0
42;2021-05-28;5043;4189;320981;157454;42.0;20.6
42;2021-05-29;4344;2984;325325;160438;42.5;21.0
42;2021-05-30;1981;1205;327306;161643;42.8;21.1
42;2021-05-31;4243;3420;331549;165063;43.4;21.6
42;2021-06-01;4592;3562;336141;168625;44.0;22.1
42;2021-06-02;4481;3004;340622;171629;44.5;22.4
42;2021-06-03;4930;3838;345552;175467;45.2;22.9
42;2021-06-04;4767;4213;350319;179680;45.8;23.5
42;2021-06-05;3689;2424;354008;182104;46.3;23.8
42;2021-06-06;1446;1293;355454;183397;46.5;24.0
42;2021-06-07;3991;3377;359445;186774;47.0;24.4
42;2021-06-08;3467;3245;362912;190019;47.5;24.8
42;2021-06-09;2965;3206;365877;193225;47.8;25.3
42;2021-06-10;3242;2933;369119;196158;48.3;25.7
42;2021-06-11;3589;4112;372708;200270;48.7;26.2
42;2021-06-12;2863;2880;375571;203150;49.1;26.6
42;2021-06-13;944;1278;376515;204428;49.2;26.7
42;2021-06-14;2313;4061;378828;208489;49.5;27.3
42;2021-06-15;2831;4071;381659;212560;49.9;27.8
42;2021-06-16;2923;3551;384582;216111;50.3;28.3
42;2021-06-17;2638;3733;387220;219844;50.6;28.7
42;2021-06-18;3094;5145;390314;224989;51.0;29.4
42;2021-06-19;2849;4244;393163;229233;51.4;30.0
42;2021-06-20;857;1844;394020;231077;51.5;30.2
42;2021-06-21;1908;6278;395928;237355;51.8;31.0
42;2021-06-22;1877;5892;397805;243247;52.0;31.8
42;2021-06-23;1845;5323;399650;248570;52.3;32.5
42;2021-06-24;1787;4683;401437;253253;52.5;33.1
42;2021-06-25;2039;6951;403476;260204;52.8;34.0
42;2021-06-26;1409;5822;404885;266026;52.9;34.8
42;2021-06-27;756;2858;405641;268884;53.0;35.2
42;2021-06-28;1746;7063;407387;275947;53.3;36.1
42;2021-06-29;1527;6566;408914;282513;53.5;36.9
42;2021-06-30;1968;5764;410882;288277;53.7;37.7
42;2021-07-01;1779;5121;412661;293398;54.0;38.4
42;2021-07-02;2049;6742;414710;300140;54.2;39.2
42;2021-07-03;1760;5977;416470;306117;54.5;40.0
42;2021-07-04;854;2513;417324;308630;54.6;40.4
42;2021-07-05;1716;6286;419040;314916;54.8;41.2
42;2021-07-06;2106;5576;421146;320492;55.1;41.9
42;2021-07-07;2337;4661;423483;325153;55.4;42.5
42;2021-07-08;2273;3957;425756;329110;55.7;43.0
42;2021-07-09;2415;6097;428171;335207;56.0;43.8
42;2021-07-10;1694;5582;429865;340789;56.2;44.6
42;2021-07-11;921;2304;430786;343093;56.3;44.9
42;2021-07-12;1777;6288;432563;349381;56.6;45.7
42;2021-07-13;3612;6290;436175;355671;57.0;46.5
42;2021-07-14;4479;2053;440654;357724;57.6;46.8
42;2021-07-15;4561;5627;445215;363351;58.2;47.5
42;2021-07-16;4445;6195;449660;369546;58.8;48.3
42;2021-07-17;3221;4706;452881;374252;59.2;48.9
42;2021-07-18;1839;1743;454720;375995;59.5;49.2
42;2021-07-19;3806;5073;458526;381068;60.0;49.8
42;2021-07-20;4719;4822;463245;385890;60.6;50.5
42;2021-07-21;5176;4716;468421;390606;61.3;51.1
42;2021-07-22;5499;3934;473920;394540;62.0;51.6
42;2021-07-23;5500;5113;479420;399653;62.7;52.3
42;2021-07-24;4037;3832;483457;403485;63.2;52.8
42;2021-07-25;1656;1389;485113;404874;63.4;52.9
42;2021-07-26;4733;4315;489846;409189;64.1;53.5
42;2021-07-27;5333;3958;495179;413147;64.8;54.0
42;2021-07-28;5786;3676;500965;416823;65.5;54.5
42;2021-07-29;5680;3429;506645;420252;66.3;55.0
42;2021-07-30;5140;3773;511785;424025;66.9;55.4
42;2021-07-31;4764;3057;516549;427082;67.5;55.8
42;2021-08-01;2499;1315;519048;428397;67.9;56.0
42;2021-08-02;4364;3106;523412;431503;68.4;56.4
42;2021-08-03;3819;3282;527231;434785;68.9;56.9
42;2021-08-04;3473;3222;530704;438007;69.4;57.3
42;2021-08-05;3403;3312;534107;441319;69.8;57.7
42;2021-08-06;3638;3994;537745;445313;70.3;58.2
42;2021-08-07;3024;3066;540769;448379;70.7;58.6
42;2021-08-08;1198;1716;541967;450095;70.9;58.9
42;2021-08-09;2809;3858;544776;453953;71.2;59.4
42;2021-08-10;3275;3904;548051;457857;71.7;59.9
42;2021-08-11;2593;3519;550644;461376;72.0;60.3
42;2021-08-12;2515;3567;553159;464943;72.3;60.8
42;2021-08-13;2331;3907;555490;468850;72.6;61.3
42;2021-08-14;1651;3268;557141;472118;72.9;61.7
42;2021-08-15;600;1027;557741;473145;72.9;61.9
42;2021-08-16;2074;4569;559815;477714;73.2;62.5
42;2021-08-17;2245;4174;562060;481888;73.5;63.0
42;2021-08-18;2050;4145;564110;486033;73.8;63.6
42;2021-08-19;1925;3368;566035;489401;74.0;64.0
42;2021-08-20;2268;4610;568303;494011;74.3;64.6
42;2021-08-21;1082;3864;569385;497875;74.5;65.1
42;2021-08-22;501;2020;569886;499895;74.5;65.4
42;2021-08-23;1622;4664;571508;504559;74.7;66.0
42;2021-08-24;1733;4039;573241;508598;75.0;66.5
42;2021-08-25;1739;3891;574980;512489;75.2;67.0
42;2021-08-26;1438;3041;576418;515530;75.4;67.4
42;2021-08-27;1772;4560;578190;520090;75.6;68.0
42;2021-08-28;1300;3707;579490;523797;75.8;68.5
42;2021-08-29;377;1427;579867;525224;75.8;68.7
42;2021-08-30;1276;3429;581143;528653;76.0;69.1
42;2021-08-31;1234;2855;582377;531508;76.2;69.5
42;2021-09-01;1242;3013;583619;534521;76.3;69.9
42;2021-09-02;1309;2929;584928;537450;76.5;70.3
42;2021-09-03;1559;3298;586487;540748;76.7;70.7
42;2021-09-04;1039;2989;587526;543737;76.8;71.1
42;2021-09-05;378;874;587904;544611;76.9;71.2
42;2021-09-06;759;2165;588663;546776;77.0;71.5
42;2021-09-07;815;1929;589478;548705;77.1;71.8
42;2021-09-08;913;2226;590391;550931;77.2;72.0
42;2021-09-09;649;1777;591040;552708;77.3;72.3
42;2021-09-10;921;2272;591961;554980;77.4;72.6
42;2021-09-11;712;2402;592673;557382;77.5;72.9
42;2021-09-12;163;552;592836;557934;77.5;73.0
42;2021-09-13;543;1617;593379;559551;77.6;73.2
42;2021-09-14;769;1966;594148;561517;77.7;73.4
43;2020-12-27;0;0;0;0;0.0;0.0
43;2020-12-28;0;0;0;0;0.0;0.0
43;2020-12-29;0;0;0;0;0.0;0.0
43;2020-12-30;0;0;0;0;0.0;0.0
43;2020-12-31;0;0;0;0;0.0;0.0
43;2021-01-01;0;0;0;0;0.0;0.0
43;2021-01-02;0;0;0;0;0.0;0.0
43;2021-01-03;0;0;0;0;0.0;0.0
43;2021-01-04;2;0;2;0;0.0;0.0
43;2021-01-05;0;0;2;0;0.0;0.0
43;2021-01-06;0;0;2;0;0.0;0.0
43;2021-01-07;167;0;169;0;0.1;0.0
43;2021-01-08;151;1;320;1;0.1;0.0
43;2021-01-09;0;0;320;1;0.1;0.0
43;2021-01-10;0;0;320;1;0.1;0.0
43;2021-01-11;137;0;457;1;0.2;0.0
43;2021-01-12;244;0;701;1;0.3;0.0
43;2021-01-13;244;2;945;3;0.4;0.0
43;2021-01-14;294;2;1239;5;0.5;0.0
43;2021-01-15;303;2;1542;7;0.7;0.0
43;2021-01-16;32;0;1574;7;0.7;0.0
43;2021-01-17;0;0;1574;7;0.7;0.0
43;2021-01-18;761;5;2335;12;1.0;0.0
43;2021-01-19;776;5;3111;17;1.4;0.0
43;2021-01-20;519;2;3630;19;1.6;0.0
43;2021-01-21;446;2;4076;21;1.8;0.0
43;2021-01-22;465;6;4541;27;2.0;0.0
43;2021-01-23;1;0;4542;27;2.0;0.0
43;2021-01-24;2;0;4544;27;2.0;0.0
43;2021-01-25;539;0;5083;27;2.2;0.0
43;2021-01-26;615;5;5698;32;2.5;0.0
43;2021-01-27;740;0;6438;32;2.8;0.0
43;2021-01-28;747;30;7185;62;3.2;0.0
43;2021-01-29;721;81;7906;143;3.5;0.1
43;2021-01-30;109;0;8015;143;3.5;0.1
43;2021-01-31;0;0;8015;143;3.5;0.1
43;2021-02-01;404;99;8419;242;3.7;0.1
43;2021-02-02;716;145;9135;387;4.0;0.2
43;2021-02-03;690;41;9825;428;4.3;0.2
43;2021-02-04;524;157;10349;585;4.6;0.3
43;2021-02-05;544;147;10893;732;4.8;0.3
43;2021-02-06;165;16;11058;748;4.9;0.3
43;2021-02-07;0;0;11058;748;4.9;0.3
43;2021-02-08;411;282;11469;1030;5.1;0.5
43;2021-02-09;368;414;11837;1444;5.2;0.6
43;2021-02-10;400;348;12237;1792;5.4;0.8
43;2021-02-11;388;312;12625;2104;5.6;0.9
43;2021-02-12;425;187;13050;2291;5.8;1.0
43;2021-02-13;570;41;13620;2332;6.0;1.0
43;2021-02-14;0;0;13620;2332;6.0;1.0
43;2021-02-15;69;385;13689;2717;6.0;1.2
43;2021-02-16;41;319;13730;3036;6.1;1.3
43;2021-02-17;87;427;13817;3463;6.1;1.5
43;2021-02-18;147;324;13964;3787;6.2;1.7
43;2021-02-19;278;459;14242;4246;6.3;1.9
43;2021-02-20;22;4;14264;4250;6.3;1.9
43;2021-02-21;0;0;14264;4250;6.3;1.9
43;2021-02-22;16;424;14280;4674;6.3;2.1
43;2021-02-23;202;709;14482;5383;6.4;2.4
43;2021-02-24;147;679;14629;6062;6.4;2.7
43;2021-02-25;227;618;14856;6680;6.5;2.9
43;2021-02-26;222;576;15078;7256;6.6;3.2
43;2021-02-27;138;60;15216;7316;6.7;3.2
43;2021-02-28;1;0;15217;7316;6.7;3.2
43;2021-03-01;210;439;15427;7755;6.8;3.4
43;2021-03-02;342;540;15769;8295;6.9;3.7
43;2021-03-03;338;547;16107;8842;7.1;3.9
43;2021-03-04;551;435;16658;9277;7.3;4.1
43;2021-03-05;566;425;17224;9702;7.6;4.3
43;2021-03-06;489;174;17713;9876;7.8;4.4
43;2021-03-07;12;0;17725;9876;7.8;4.4
43;2021-03-08;447;413;18172;10289;8.0;4.5
43;2021-03-09;621;350;18793;10639;8.3;4.7
43;2021-03-10;674;475;19467;11114;8.6;4.9
43;2021-03-11;953;426;20420;11540;9.0;5.1
43;2021-03-12;945;413;21365;11953;9.4;5.3
43;2021-03-13;792;109;22157;12062;9.8;5.3
43;2021-03-14;2;0;22159;12062;9.8;5.3
43;2021-03-15;706;142;22865;12204;10.1;5.4
43;2021-03-16;848;283;23713;12487;10.5;5.5
43;2021-03-17;638;137;24351;12624;10.7;5.6
43;2021-03-18;676;138;25027;12762;11.0;5.6
43;2021-03-19;839;91;25866;12853;11.4;5.7
43;2021-03-20;450;60;26316;12913;11.6;5.7
43;2021-03-21;0;0;26316;12913;11.6;5.7
43;2021-03-22;743;39;27059;12952;11.9;5.7
43;2021-03-23;872;49;27931;13001;12.3;5.7
43;2021-03-24;1174;95;29105;13096;12.8;5.8
43;2021-03-25;1594;156;30699;13252;13.5;5.8
43;2021-03-26;1609;191;32308;13443;14.2;5.9
43;2021-03-27;1449;79;33757;13522;14.9;6.0
43;2021-03-28;420;20;34177;13542;15.1;6.0
43;2021-03-29;1096;171;35273;13713;15.5;6.0
43;2021-03-30;1313;234;36586;13947;16.1;6.1
43;2021-03-31;1305;265;37891;14212;16.7;6.3
43;2021-04-01;1347;341;39238;14553;17.3;6.4
43;2021-04-02;1052;350;40290;14903;17.8;6.6
43;2021-04-03;340;198;40630;15101;17.9;6.7
43;2021-04-04;0;0;40630;15101;17.9;6.7
43;2021-04-05;3;0;40633;15101;17.9;6.7
43;2021-04-06;688;607;41321;15708;18.2;6.9
43;2021-04-07;868;574;42189;16282;18.6;7.2
43;2021-04-08;1087;463;43276;16745;19.1;7.4
43;2021-04-09;1148;661;44424;17406;19.6;7.7
43;2021-04-10;626;264;45050;17670;19.9;7.8
43;2021-04-11;0;0;45050;17670;19.9;7.8
43;2021-04-12;682;650;45732;18320;20.2;8.1
43;2021-04-13;917;726;46649;19046;20.6;8.4
43;2021-04-14;725;667;47374;19713;20.9;8.7
43;2021-04-15;959;701;48333;20414;21.3;9.0
43;2021-04-16;1009;694;49342;21108;21.7;9.3
43;2021-04-17;423;301;49765;21409;21.9;9.4
43;2021-04-18;3;5;49768;21414;21.9;9.4
43;2021-04-19;629;568;50397;21982;22.2;9.7
43;2021-04-20;840;675;51237;22657;22.6;10.0
43;2021-04-21;320;986;51557;23643;22.7;10.4
43;2021-04-22;680;1016;52237;24659;23.0;10.9
43;2021-04-23;401;1102;52638;25761;23.2;11.4
43;2021-04-24;347;1039;52985;26800;23.4;11.8
43;2021-04-25;23;403;53008;27203;23.4;12.0
43;2021-04-26;385;964;53393;28167;23.5;12.4
43;2021-04-27;825;984;54218;29151;23.9;12.8
43;2021-04-28;794;1108;55012;30259;24.2;13.3
43;2021-04-29;1238;1139;56250;31398;24.8;13.8
43;2021-04-30;1199;1066;57449;32464;25.3;14.3
43;2021-05-01;400;27;57849;32491;25.5;14.3
43;2021-05-02;1;0;57850;32491;25.5;14.3
43;2021-05-03;1218;408;59068;32899;26.0;14.5
43;2021-05-04;1237;954;60305;33853;26.6;14.9
43;2021-05-05;1143;848;61448;34701;27.1;15.3
43;2021-05-06;1405;938;62853;35639;27.7;15.7
43;2021-05-07;1089;1172;63942;36811;28.2;16.2
43;2021-05-08;521;136;64463;36947;28.4;16.3
43;2021-05-09;0;2;64463;36949;28.4;16.3
43;2021-05-10;1084;725;65547;37674;28.9;16.6
43;2021-05-11;1554;1010;67101;38684;29.6;17.0
43;2021-05-12;1482;808;68583;39492;30.2;17.4
43;2021-05-13;936;378;69519;39870;30.6;17.6
43;2021-05-14;2204;1110;71723;40980;31.6;18.1
43;2021-05-15;1271;315;72994;41295;32.2;18.2
43;2021-05-16;272;47;73266;41342;32.3;18.2
43;2021-05-17;1625;631;74891;41973;33.0;18.5
43;2021-05-18;1966;675;76857;42648;33.9;18.8
43;2021-05-19;2065;571;78922;43219;34.8;19.0
43;2021-05-20;2338;805;81260;44024;35.8;19.4
43;2021-05-21;2385;709;83645;44733;36.9;19.7
43;2021-05-22;1209;341;84854;45074;37.4;19.9
43;2021-05-23;1;0;84855;45074;37.4;19.9
43;2021-05-24;382;99;85237;45173;37.6;19.9
43;2021-05-25;1408;653;86645;45826;38.2;20.2
43;2021-05-26;1348;560;87993;46386;38.8;20.4
43;2021-05-27;1390;714;89383;47100;39.4;20.8
43;2021-05-28;1348;727;90731;47827;40.0;21.1
43;2021-05-29;1135;604;91866;48431;40.5;21.3
43;2021-05-30;149;17;92015;48448;40.6;21.4
43;2021-05-31;1208;442;93223;48890;41.1;21.5
43;2021-06-01;1280;985;94503;49875;41.6;22.0
43;2021-06-02;1086;700;95589;50575;42.1;22.3
43;2021-06-03;1193;857;96782;51432;42.7;22.7
43;2021-06-04;1351;858;98133;52290;43.2;23.0
43;2021-06-05;824;452;98957;52742;43.6;23.2
43;2021-06-06;10;5;98967;52747;43.6;23.2
43;2021-06-07;748;516;99715;53263;43.9;23.5
43;2021-06-08;664;705;100379;53968;44.2;23.8
43;2021-06-09;539;760;100918;54728;44.5;24.1
43;2021-06-10;808;1120;101726;55848;44.8;24.6
43;2021-06-11;761;1348;102487;57196;45.2;25.2
43;2021-06-12;914;514;103401;57710;45.6;25.4
43;2021-06-13;3;27;103404;57737;45.6;25.4
43;2021-06-14;446;1087;103850;58824;45.8;25.9
43;2021-06-15;630;1192;104480;60016;46.0;26.5
43;2021-06-16;549;974;105029;60990;46.3;26.9
43;2021-06-17;602;1500;105631;62490;46.6;27.5
43;2021-06-18;899;1464;106530;63954;46.9;28.2
43;2021-06-19;447;782;106977;64736;47.1;28.5
43;2021-06-20;0;12;106977;64748;47.1;28.5
43;2021-06-21;424;1306;107401;66054;47.3;29.1
43;2021-06-22;533;1959;107934;68013;47.6;30.0
43;2021-06-23;343;1743;108277;69756;47.7;30.7
43;2021-06-24;512;1492;108789;71248;47.9;31.4
43;2021-06-25;597;2345;109386;73593;48.2;32.4
43;2021-06-26;505;1245;109891;74838;48.4;33.0
43;2021-06-27;10;20;109901;74858;48.4;33.0
43;2021-06-28;341;1785;110242;76643;48.6;33.8
43;2021-06-29;525;2381;110767;79024;48.8;34.8
43;2021-06-30;460;2276;111227;81300;49.0;35.8
43;2021-07-01;473;1910;111700;83210;49.2;36.7
43;2021-07-02;500;1964;112200;85174;49.4;37.5
43;2021-07-03;258;1108;112458;86282;49.6;38.0
43;2021-07-04;1;0;112459;86282;49.6;38.0
43;2021-07-05;526;1202;112985;87484;49.8;38.6
43;2021-07-06;633;1680;113618;89164;50.1;39.3
43;2021-07-07;525;1423;114143;90587;50.3;39.9
43;2021-07-08;837;1418;114980;92005;50.7;40.5
43;2021-07-09;550;1500;115530;93505;50.9;41.2
43;2021-07-10;401;1337;115931;94842;51.1;41.8
43;2021-07-11;23;99;115954;94941;51.1;41.8
43;2021-07-12;603;1685;116557;96626;51.4;42.6
43;2021-07-13;1186;1849;117743;98475;51.9;43.4
43;2021-07-14;848;159;118591;98634;52.3;43.5
43;2021-07-15;1932;1840;120523;100474;53.1;44.3
43;2021-07-16;1752;1616;122275;102090;53.9;45.0
43;2021-07-17;1545;1201;123820;103291;54.6;45.5
43;2021-07-18;4;19;123824;103310;54.6;45.5
43;2021-07-19;1441;1257;125265;104567;55.2;46.1
43;2021-07-20;1897;1451;127162;106018;56.0;46.7
43;2021-07-21;1852;1111;129014;107129;56.9;47.2
43;2021-07-22;2110;1334;131124;108463;57.8;47.8
43;2021-07-23;1619;1325;132743;109788;58.5;48.4
43;2021-07-24;577;1000;133320;110788;58.8;48.8
43;2021-07-25;0;1;133320;110789;58.8;48.8
43;2021-07-26;1642;1071;134962;111860;59.5;49.3
43;2021-07-27;2283;1227;137245;113087;60.5;49.8
43;2021-07-28;1953;1093;139198;114180;61.3;50.3
43;2021-07-29;1987;1014;141185;115194;62.2;50.8
43;2021-07-30;1870;1336;143055;116530;63.0;51.4
43;2021-07-31;706;610;143761;117140;63.4;51.6
43;2021-08-01;13;21;143774;117161;63.4;51.6
43;2021-08-02;1540;968;145314;118129;64.0;52.1
43;2021-08-03;1405;1168;146719;119297;64.7;52.6
43;2021-08-04;1263;1108;147982;120405;65.2;53.1
43;2021-08-05;1255;1285;149237;121690;65.8;53.6
43;2021-08-06;1129;1464;150366;123154;66.3;54.3
43;2021-08-07;758;757;151124;123911;66.6;54.6
43;2021-08-08;5;0;151129;123911;66.6;54.6
43;2021-08-09;821;1636;151950;125547;67.0;55.3
43;2021-08-10;1024;1584;152974;127131;67.4;56.0
43;2021-08-11;681;1340;153655;128471;67.7;56.6
43;2021-08-12;875;1606;154530;130077;68.1;57.3
43;2021-08-13;679;1179;155209;131256;68.4;57.8
43;2021-08-14;361;556;155570;131812;68.6;58.1
43;2021-08-15;3;9;155573;131821;68.6;58.1
43;2021-08-16;684;1674;156257;133495;68.9;58.8
43;2021-08-17;711;1511;156968;135006;69.2;59.5
43;2021-08-18;560;1513;157528;136519;69.4;60.2
43;2021-08-19;642;1610;158170;138129;69.7;60.9
43;2021-08-20;518;1594;158688;139723;69.9;61.6
43;2021-08-21;238;555;158926;140278;70.0;61.8
43;2021-08-22;7;7;158933;140285;70.0;61.8
43;2021-08-23;500;1589;159433;141874;70.3;62.5
43;2021-08-24;515;1397;159948;143271;70.5;63.1
43;2021-08-25;511;1299;160459;144570;70.7;63.7
43;2021-08-26;473;1137;160932;145707;70.9;64.2
43;2021-08-27;528;1358;161460;147065;71.2;64.8
43;2021-08-28;176;499;161636;147564;71.2;65.0
43;2021-08-29;0;1;161636;147565;71.2;65.0
43;2021-08-30;484;1059;162120;148624;71.4;65.5
43;2021-08-31;381;889;162501;149513;71.6;65.9
43;2021-09-01;305;960;162806;150473;71.8;66.3
43;2021-09-02;308;967;163114;151440;71.9;66.7
43;2021-09-03;502;1017;163616;152457;72.1;67.2
43;2021-09-04;317;569;163933;153026;72.2;67.4
43;2021-09-05;39;24;163972;153050;72.3;67.5
43;2021-09-06;249;760;164221;153810;72.4;67.8
43;2021-09-07;236;712;164457;154522;72.5;68.1
43;2021-09-08;207;804;164664;155326;72.6;68.5
43;2021-09-09;267;808;164931;156134;72.7;68.8
43;2021-09-10;328;705;165259;156839;72.8;69.1
43;2021-09-11;265;456;165524;157295;72.9;69.3
43;2021-09-12;0;4;165524;157299;72.9;69.3
43;2021-09-13;146;516;165670;157815;73.0;69.6
43;2021-09-14;210;634;165880;158449;73.1;69.8
44;2020-12-27;1;0;1;0;0.0;0.0
44;2020-12-28;1;0;2;0;0.0;0.0
44;2020-12-29;1;0;3;0;0.0;0.0
44;2020-12-30;1;0;4;0;0.0;0.0
44;2020-12-31;1;0;5;0;0.0;0.0
44;2021-01-01;2;0;7;0;0.0;0.0
44;2021-01-02;0;0;7;0;0.0;0.0
44;2021-01-03;3;0;10;0;0.0;0.0
44;2021-01-04;0;0;10;0;0.0;0.0
44;2021-01-05;2;0;12;0;0.0;0.0
44;2021-01-06;20;1;32;1;0.0;0.0
44;2021-01-07;187;0;219;1;0.0;0.0
44;2021-01-08;528;0;747;1;0.1;0.0
44;2021-01-09;473;0;1220;1;0.1;0.0
44;2021-01-10;455;1;1675;2;0.1;0.0
44;2021-01-11;801;1;2476;3;0.2;0.0
44;2021-01-12;909;1;3385;4;0.2;0.0
44;2021-01-13;1086;1;4471;5;0.3;0.0
44;2021-01-14;1115;6;5586;11;0.4;0.0
44;2021-01-15;989;1;6575;12;0.5;0.0
44;2021-01-16;336;2;6911;14;0.5;0.0
44;2021-01-17;328;1;7239;15;0.5;0.0
44;2021-01-18;856;3;8095;18;0.6;0.0
44;2021-01-19;2623;5;10718;23;0.7;0.0
44;2021-01-20;2741;4;13459;27;0.9;0.0
44;2021-01-21;4535;8;17994;35;1.3;0.0
44;2021-01-22;2416;7;20410;42;1.4;0.0
44;2021-01-23;767;1;21177;43;1.5;0.0
44;2021-01-24;119;0;21296;43;1.5;0.0
44;2021-01-25;841;0;22137;43;1.5;0.0
44;2021-01-26;2565;16;24702;59;1.7;0.0
44;2021-01-27;2104;55;26806;114;1.9;0.0
44;2021-01-28;3733;186;30539;300;2.1;0.0
44;2021-01-29;2370;441;32909;741;2.3;0.1
44;2021-01-30;627;191;33536;932;2.3;0.1
44;2021-01-31;14;176;33550;1108;2.3;0.1
44;2021-02-01;593;501;34143;1609;2.4;0.1
44;2021-02-02;879;696;35022;2305;2.4;0.2
44;2021-02-03;890;814;35912;3119;2.5;0.2
44;2021-02-04;938;661;36850;3780;2.6;0.3
44;2021-02-05;897;562;37747;4342;2.6;0.3
44;2021-02-06;471;230;38218;4572;2.7;0.3
44;2021-02-07;72;174;38290;4746;2.7;0.3
44;2021-02-08;521;385;38811;5131;2.7;0.4
44;2021-02-09;995;1109;39806;6240;2.8;0.4
44;2021-02-10;1141;1143;40947;7383;2.8;0.5
44;2021-02-11;2288;2940;43235;10323;3.0;0.7
44;2021-02-12;1662;1648;44897;11971;3.1;0.8
44;2021-02-13;433;407;45330;12378;3.2;0.9
44;2021-02-14;10;158;45340;12536;3.2;0.9
44;2021-02-15;505;829;45845;13365;3.2;0.9
44;2021-02-16;1440;2151;47285;15516;3.3;1.1
44;2021-02-17;1105;1855;48390;17371;3.4;1.2
44;2021-02-18;1959;3282;50349;20653;3.5;1.4
44;2021-02-19;1579;2292;51928;22945;3.6;1.6
44;2021-02-20;409;489;52337;23434;3.6;1.6
44;2021-02-21;6;171;52343;23605;3.6;1.6
44;2021-02-22;717;683;53060;24288;3.7;1.7
44;2021-02-23;1246;898;54306;25186;3.8;1.8
44;2021-02-24;1238;896;55544;26082;3.9;1.8
44;2021-02-25;2445;819;57989;26901;4.0;1.9
44;2021-02-26;2292;775;60281;27676;4.2;1.9
44;2021-02-27;976;343;61257;28019;4.3;1.9
44;2021-02-28;7;31;61264;28050;4.3;2.0
44;2021-03-01;989;456;62253;28506;4.3;2.0
44;2021-03-02;1813;874;64066;29380;4.5;2.0
44;2021-03-03;1861;977;65927;30357;4.6;2.1
44;2021-03-04;2881;1391;68808;31748;4.8;2.2
44;2021-03-05;3482;1225;72290;32973;5.0;2.3
44;2021-03-06;2508;408;74798;33381;5.2;2.3
44;2021-03-07;988;87;75786;33468;5.3;2.3
44;2021-03-08;1785;526;77571;33994;5.4;2.4
44;2021-03-09;3351;1000;80922;34994;5.6;2.4
44;2021-03-10;3079;1017;84001;36011;5.8;2.5
44;2021-03-11;4439;1693;88440;37704;6.2;2.6
44;2021-03-12;5894;1276;94334;38980;6.6;2.7
44;2021-03-13;3632;281;97966;39261;6.8;2.7
44;2021-03-14;431;61;98397;39322;6.8;2.7
44;2021-03-15;2688;362;101085;39684;7.0;2.8
44;2021-03-16;2149;619;103234;40303;7.2;2.8
44;2021-03-17;1966;649;105200;40952;7.3;2.8
44;2021-03-18;2169;633;107369;41585;7.5;2.9
44;2021-03-19;3788;362;111157;41947;7.7;2.9
44;2021-03-20;3213;297;114370;42244;8.0;2.9
44;2021-03-21;914;19;115284;42263;8.0;2.9
44;2021-03-22;2462;437;117746;42700;8.2;3.0
44;2021-03-23;3960;700;121706;43400;8.5;3.0
44;2021-03-24;4303;626;126009;44026;8.8;3.1
44;2021-03-25;5635;920;131644;44946;9.2;3.1
44;2021-03-26;6510;750;138154;45696;9.6;3.2
44;2021-03-27;3216;400;141370;46096;9.8;3.2
44;2021-03-28;1244;26;142614;46122;9.9;3.2
44;2021-03-29;3122;783;145736;46905;10.1;3.3
44;2021-03-30;5139;1102;150875;48007;10.5;3.3
44;2021-03-31;4613;1295;155488;49302;10.8;3.4
44;2021-04-01;6139;1003;161627;50305;11.2;3.5
44;2021-04-02;5796;949;167423;51254;11.6;3.6
44;2021-04-03;2435;648;169858;51902;11.8;3.6
44;2021-04-04;667;21;170525;51923;11.9;3.6
44;2021-04-05;692;287;171217;52210;11.9;3.6
44;2021-04-06;4216;1368;175433;53578;12.2;3.7
44;2021-04-07;5077;1648;180510;55226;12.6;3.8
44;2021-04-08;7180;1663;187690;56889;13.1;4.0
44;2021-04-09;10067;1815;197757;58704;13.8;4.1
44;2021-04-10;4563;1454;202320;60158;14.1;4.2
44;2021-04-11;2149;423;204469;60581;14.2;4.2
44;2021-04-12;5466;1587;209935;62168;14.6;4.3
44;2021-04-13;6729;2255;216664;64423;15.1;4.5
44;2021-04-14;5911;2236;222575;66659;15.5;4.6
44;2021-04-15;6709;2207;229284;68866;16.0;4.8
44;2021-04-16;7784;2045;237068;70911;16.5;4.9
44;2021-04-17;4301;1382;241369;72293;16.8;5.0
44;2021-04-18;2254;818;243623;73111;17.0;5.1
44;2021-04-19;5046;1901;248669;75012;17.3;5.2
44;2021-04-20;6282;2643;254951;77655;17.7;5.4
44;2021-04-21;6007;2786;260958;80441;18.2;5.6
44;2021-04-22;6961;2509;267919;82950;18.6;5.8
44;2021-04-23;7337;3181;275256;86131;19.2;6.0
44;2021-04-24;3971;2043;279227;88174;19.4;6.1
44;2021-04-25;2076;1056;281303;89230;19.6;6.2
44;2021-04-26;5653;2751;286956;91981;20.0;6.4
44;2021-04-27;7419;4078;294375;96059;20.5;6.7
44;2021-04-28;7608;3773;301983;99832;21.0;6.9
44;2021-04-29;8966;4268;310949;104100;21.6;7.2
44;2021-04-30;9569;4680;320518;108780;22.3;7.6
44;2021-05-01;2849;919;323367;109699;22.5;7.6
44;2021-05-02;1901;619;325268;110318;22.6;7.7
44;2021-05-03;5550;4059;330818;114377;23.0;8.0
44;2021-05-04;6330;5114;337148;119491;23.5;8.3
44;2021-05-05;6074;4604;343222;124095;23.9;8.6
44;2021-05-06;7256;4870;350478;128965;24.4;9.0
44;2021-05-07;7452;5689;357930;134654;24.9;9.4
44;2021-05-08;2583;1262;360513;135916;25.1;9.5
44;2021-05-09;1801;1812;362314;137728;25.2;9.6
44;2021-05-10;6574;5763;368888;143491;25.7;10.0
44;2021-05-11;7788;6251;376676;149742;26.2;10.4
44;2021-05-12;8196;5707;384872;155449;26.8;10.8
44;2021-05-13;5305;1192;390177;156641;27.1;10.9
44;2021-05-14;7587;3969;397764;160610;27.7;11.2
44;2021-05-15;5008;2233;402772;162843;28.0;11.3
44;2021-05-16;2795;739;405567;163582;28.2;11.4
44;2021-05-17;6745;5142;412312;168724;28.7;11.7
44;2021-05-18;7966;5210;420278;173934;29.2;12.1
44;2021-05-19;8168;4273;428446;178207;29.8;12.4
44;2021-05-20;8367;4644;436813;182851;30.4;12.7
44;2021-05-21;8843;5190;445656;188041;31.0;13.1
44;2021-05-22;5099;2231;450755;190272;31.4;13.2
44;2021-05-23;1759;824;452514;191096;31.5;13.3
44;2021-05-24;4887;1616;457401;192712;31.8;13.4
44;2021-05-25;7741;5544;465142;198256;32.4;13.8
44;2021-05-26;8182;5042;473324;203298;32.9;14.1
44;2021-05-27;9661;5341;482985;208639;33.6;14.5
44;2021-05-28;9187;6891;492172;215530;34.2;15.0
44;2021-05-29;5886;3310;498058;218840;34.7;15.2
44;2021-05-30;1775;705;499833;219545;34.8;15.3
44;2021-05-31;8063;6172;507896;225717;35.3;15.7
44;2021-06-01;9908;6540;517804;232257;36.0;16.2
44;2021-06-02;9532;5680;527336;237937;36.7;16.6
44;2021-06-03;10863;5868;538199;243805;37.4;17.0
44;2021-06-04;9961;8067;548160;251872;38.1;17.5
44;2021-06-05;5781;4330;553941;256202;38.5;17.8
44;2021-06-06;2363;1130;556304;257332;38.7;17.9
44;2021-06-07;9555;6932;565859;264264;39.4;18.4
44;2021-06-08;10913;7499;576772;271763;40.1;18.9
44;2021-06-09;10557;6314;587329;278077;40.9;19.3
44;2021-06-10;11428;6037;598757;284114;41.7;19.8
44;2021-06-11;11962;8630;610719;292744;42.5;20.4
44;2021-06-12;7767;4093;618486;296837;43.0;20.7
44;2021-06-13;2794;1006;621280;297843;43.2;20.7
44;2021-06-14;8768;8410;630048;306253;43.8;21.3
44;2021-06-15;11709;8255;641757;314508;44.7;21.9
44;2021-06-16;10978;7656;652735;322164;45.4;22.4
44;2021-06-17;11731;8684;664466;330848;46.2;23.0
44;2021-06-18;10903;10114;675369;340962;47.0;23.7
44;2021-06-19;5885;4320;681254;345282;47.4;24.0
44;2021-06-20;2535;1341;683789;346623;47.6;24.1
44;2021-06-21;7353;10014;691142;356637;48.1;24.8
44;2021-06-22;8469;10626;699611;367263;48.7;25.6
44;2021-06-23;8557;9140;708168;376403;49.3;26.2
44;2021-06-24;9124;8564;717292;384967;49.9;26.8
44;2021-06-25;7648;10814;724940;395781;50.4;27.5
44;2021-06-26;2960;6467;727900;402248;50.6;28.0
44;2021-06-27;817;2405;728717;404653;50.7;28.2
44;2021-06-28;5230;10058;733947;414711;51.1;28.9
44;2021-06-29;6181;12081;740128;426792;51.5;29.7
44;2021-06-30;6185;10447;746313;437239;51.9;30.4
44;2021-07-01;6933;10475;753246;447714;52.4;31.2
44;2021-07-02;6696;12553;759942;460267;52.9;32.0
44;2021-07-03;2583;7003;762525;467270;53.1;32.5
44;2021-07-04;995;2236;763520;469506;53.1;32.7
44;2021-07-05;5322;11869;768842;481375;53.5;33.5
44;2021-07-06;6061;12599;774903;493974;53.9;34.4
44;2021-07-07;6511;11099;781414;505073;54.4;35.1
44;2021-07-08;7397;11955;788811;517028;54.9;36.0
44;2021-07-09;6263;14247;795074;531275;55.3;37.0
44;2021-07-10;2449;7008;797523;538283;55.5;37.5
44;2021-07-11;731;2262;798254;540545;55.5;37.6
44;2021-07-12;4400;14052;802654;554597;55.9;38.6
44;2021-07-13;5772;14848;808426;569445;56.3;39.6
44;2021-07-14;3690;5810;812116;575255;56.5;40.0
44;2021-07-15;7233;14282;819349;589537;57.0;41.0
44;2021-07-16;8236;14991;827585;604528;57.6;42.1
44;2021-07-17;3372;7574;830957;612102;57.8;42.6
44;2021-07-18;1434;2548;832391;614650;57.9;42.8
44;2021-07-19;4869;14695;837260;629345;58.3;43.8
44;2021-07-20;6037;15671;843297;645016;58.7;44.9
44;2021-07-21;5846;13988;849143;659004;59.1;45.9
44;2021-07-22;6726;13745;855869;672749;59.6;46.8
44;2021-07-23;6162;15627;862031;688376;60.0;47.9
44;2021-07-24;2853;8715;864884;697091;60.2;48.5
44;2021-07-25;945;3088;865829;700179;60.2;48.7
44;2021-07-26;6081;12683;871910;712862;60.7;49.6
44;2021-07-27;9710;12183;881620;725045;61.3;50.5
44;2021-07-28;9251;10842;890871;735887;62.0;51.2
44;2021-07-29;10286;10838;901157;746725;62.7;52.0
44;2021-07-30;9172;10924;910329;757649;63.3;52.7
44;2021-07-31;4786;5648;915115;763297;63.7;53.1
44;2021-08-01;2572;1409;917687;764706;63.9;53.2
44;2021-08-02;6614;9474;924301;774180;64.3;53.9
44;2021-08-03;8452;8535;932753;782715;64.9;54.5
44;2021-08-04;9113;6984;941866;789699;65.5;54.9
44;2021-08-05;11555;7519;953421;797218;66.3;55.5
44;2021-08-06;9676;8198;963097;805416;67.0;56.0
44;2021-08-07;4607;3702;967704;809118;67.3;56.3
44;2021-08-08;2538;1728;970242;810846;67.5;56.4
44;2021-08-09;8892;7977;979134;818823;68.1;57.0
44;2021-08-10;10260;7615;989394;826438;68.8;57.5
44;2021-08-11;10410;6784;999804;833222;69.6;58.0
44;2021-08-12;10409;7346;1010213;840568;70.3;58.5
44;2021-08-13;8450;6157;1018663;846725;70.9;58.9
44;2021-08-14;3233;3220;1021896;849945;71.1;59.1
44;2021-08-15;716;930;1022612;850875;71.2;59.2
44;2021-08-16;5848;8303;1028460;859178;71.6;59.8
44;2021-08-17;5605;8177;1034065;867355;72.0;60.4
44;2021-08-18;4818;7614;1038883;874969;72.3;60.9
44;2021-08-19;4956;8347;1043839;883316;72.6;61.5
44;2021-08-20;4486;8922;1048325;892238;72.9;62.1
44;2021-08-21;1952;4613;1050277;896851;73.1;62.4
44;2021-08-22;703;2440;1050980;899291;73.1;62.6
44;2021-08-23;3666;9428;1054646;908719;73.4;63.2
44;2021-08-24;3634;8697;1058280;917416;73.6;63.8
44;2021-08-25;3132;8584;1061412;926000;73.9;64.4
44;2021-08-26;2934;10340;1064346;936340;74.1;65.2
44;2021-08-27;3062;10455;1067408;946795;74.3;65.9
44;2021-08-28;1367;5851;1068775;952646;74.4;66.3
44;2021-08-29;561;2706;1069336;955352;74.4;66.5
44;2021-08-30;2652;10967;1071988;966319;74.6;67.2
44;2021-08-31;2807;11225;1074795;977544;74.8;68.0
44;2021-09-01;2670;9935;1077465;987479;75.0;68.7
44;2021-09-02;2247;8746;1079712;996225;75.1;69.3
44;2021-09-03;2121;10201;1081833;1006426;75.3;70.0
44;2021-09-04;1447;6023;1083280;1012449;75.4;70.4
44;2021-09-05;436;1435;1083716;1013884;75.4;70.5
44;2021-09-06;1616;6619;1085332;1020503;75.5;71.0
44;2021-09-07;1471;5775;1086803;1026278;75.6;71.4
44;2021-09-08;1884;6516;1088687;1032794;75.8;71.9
44;2021-09-09;1485;5134;1090172;1037928;75.9;72.2
44;2021-09-10;1821;6486;1091993;1044414;76.0;72.7
44;2021-09-11;1083;4158;1093076;1048572;76.1;73.0
44;2021-09-12;227;849;1093303;1049421;76.1;73.0
44;2021-09-13;1164;4386;1094467;1053807;76.2;73.3
44;2021-09-14;1101;4381;1095568;1058188;76.2;73.6
45;2020-12-27;0;0;0;0;0.0;0.0
45;2020-12-28;1;0;1;0;0.0;0.0
45;2020-12-29;0;0;1;0;0.0;0.0
45;2020-12-30;0;0;1;0;0.0;0.0
45;2020-12-31;1;0;2;0;0.0;0.0
45;2021-01-01;0;0;2;0;0.0;0.0
45;2021-01-02;0;0;2;0;0.0;0.0
45;2021-01-03;0;0;2;0;0.0;0.0
45;2021-01-04;0;0;2;0;0.0;0.0
45;2021-01-05;76;0;78;0;0.0;0.0
45;2021-01-06;68;0;146;0;0.0;0.0
45;2021-01-07;207;0;353;0;0.1;0.0
45;2021-01-08;199;1;552;1;0.1;0.0
45;2021-01-09;42;0;594;1;0.1;0.0
45;2021-01-10;23;0;617;1;0.1;0.0
45;2021-01-11;254;0;871;1;0.1;0.0
45;2021-01-12;680;3;1551;4;0.2;0.0
45;2021-01-13;496;1;2047;5;0.3;0.0
45;2021-01-14;491;39;2538;44;0.4;0.0
45;2021-01-15;391;3;2929;47;0.4;0.0
45;2021-01-16;39;1;2968;48;0.4;0.0
45;2021-01-17;24;0;2992;48;0.4;0.0
45;2021-01-18;815;1;3807;49;0.6;0.0
45;2021-01-19;1197;5;5004;54;0.7;0.0
45;2021-01-20;2119;12;7123;66;1.0;0.0
45;2021-01-21;2523;6;9646;72;1.4;0.0
45;2021-01-22;1409;4;11055;76;1.6;0.0
45;2021-01-23;124;0;11179;76;1.6;0.0
45;2021-01-24;39;0;11218;76;1.6;0.0
45;2021-01-25;557;3;11775;79;1.7;0.0
45;2021-01-26;870;16;12645;95;1.9;0.0
45;2021-01-27;650;42;13295;137;1.9;0.0
45;2021-01-28;881;197;14176;334;2.1;0.0
45;2021-01-29;578;109;14754;443;2.2;0.1
45;2021-01-30;40;35;14794;478;2.2;0.1
45;2021-01-31;37;22;14831;500;2.2;0.1
45;2021-02-01;462;193;15293;693;2.2;0.1
45;2021-02-02;759;436;16052;1129;2.4;0.2
45;2021-02-03;773;443;16825;1572;2.5;0.2
45;2021-02-04;710;257;17535;1829;2.6;0.3
45;2021-02-05;418;149;17953;1978;2.6;0.3
45;2021-02-06;38;25;17991;2003;2.6;0.3
45;2021-02-07;7;24;17998;2027;2.6;0.3
45;2021-02-08;455;175;18453;2202;2.7;0.3
45;2021-02-09;1006;356;19459;2558;2.8;0.4
45;2021-02-10;1281;762;20740;3320;3.0;0.5
45;2021-02-11;1386;1440;22126;4760;3.2;0.7
45;2021-02-12;1052;1069;23178;5829;3.4;0.9
45;2021-02-13;85;148;23263;5977;3.4;0.9
45;2021-02-14;39;11;23302;5988;3.4;0.9
45;2021-02-15;524;451;23826;6439;3.5;0.9
45;2021-02-16;757;722;24583;7161;3.6;1.0
45;2021-02-17;642;801;25225;7962;3.7;1.2
45;2021-02-18;841;649;26066;8611;3.8;1.3
45;2021-02-19;827;636;26893;9247;3.9;1.4
45;2021-02-20;59;75;26952;9322;3.9;1.4
45;2021-02-21;17;33;26969;9355;3.9;1.4
45;2021-02-22;409;466;27378;9821;4.0;1.4
45;2021-02-23;816;574;28194;10395;4.1;1.5
45;2021-02-24;651;694;28845;11089;4.2;1.6
45;2021-02-25;962;586;29807;11675;4.4;1.7
45;2021-02-26;1044;519;30851;12194;4.5;1.8
45;2021-02-27;290;33;31141;12227;4.6;1.8
45;2021-02-28;28;2;31169;12229;4.6;1.8
45;2021-03-01;534;248;31703;12477;4.6;1.8
45;2021-03-02;671;568;32374;13045;4.7;1.9
45;2021-03-03;982;740;33356;13785;4.9;2.0
45;2021-03-04;1108;910;34464;14695;5.0;2.2
45;2021-03-05;1445;771;35909;15466;5.3;2.3
45;2021-03-06;2021;125;37930;15591;5.6;2.3
45;2021-03-07;143;53;38073;15644;5.6;2.3
45;2021-03-08;753;767;38826;16411;5.7;2.4
45;2021-03-09;1256;592;40082;17003;5.9;2.5
45;2021-03-10;1591;810;41673;17813;6.1;2.6
45;2021-03-11;1722;684;43395;18497;6.4;2.7
45;2021-03-12;2073;566;45468;19063;6.7;2.8
45;2021-03-13;988;44;46456;19107;6.8;2.8
45;2021-03-14;24;39;46480;19146;6.8;2.8
45;2021-03-15;810;572;47290;19718;6.9;2.9
45;2021-03-16;942;812;48232;20530;7.1;3.0
45;2021-03-17;1053;652;49285;21182;7.2;3.1
45;2021-03-18;998;572;50283;21754;7.4;3.2
45;2021-03-19;1619;418;51902;22172;7.6;3.2
45;2021-03-20;498;80;52400;22252;7.7;3.3
45;2021-03-21;20;35;52420;22287;7.7;3.3
45;2021-03-22;914;519;53334;22806;7.8;3.3
45;2021-03-23;1985;709;55319;23515;8.1;3.4
45;2021-03-24;1897;540;57216;24055;8.4;3.5
45;2021-03-25;2983;451;60199;24506;8.8;3.6
45;2021-03-26;3390;483;63589;24989;9.3;3.7
45;2021-03-27;1796;123;65385;25112;9.6;3.7
45;2021-03-28;89;40;65474;25152;9.6;3.7
45;2021-03-29;1531;538;67005;25690;9.8;3.8
45;2021-03-30;2785;777;69790;26467;10.2;3.9
45;2021-03-31;2135;576;71925;27043;10.5;4.0
45;2021-04-01;2973;565;74898;27608;11.0;4.0
45;2021-04-02;2827;513;77725;28121;11.4;4.1
45;2021-04-03;810;71;78535;28192;11.5;4.1
45;2021-04-04;113;33;78648;28225;11.5;4.1
45;2021-04-05;14;2;78662;28227;11.5;4.1
45;2021-04-06;1736;791;80398;29018;11.8;4.2
45;2021-04-07;1775;1112;82173;30130;12.0;4.4
45;2021-04-08;2772;1020;84945;31150;12.4;4.6
45;2021-04-09;3675;645;88620;31795;13.0;4.7
45;2021-04-10;2323;116;90943;31911;13.3;4.7
45;2021-04-11;153;24;91096;31935;13.3;4.7
45;2021-04-12;2608;666;93704;32601;13.7;4.8
45;2021-04-13;3850;1092;97554;33693;14.3;4.9
45;2021-04-14;2930;1218;100484;34911;14.7;5.1
45;2021-04-15;3518;1036;104002;35947;15.2;5.3
45;2021-04-16;3775;688;107777;36635;15.8;5.4
45;2021-04-17;1614;112;109391;36747;16.0;5.4
45;2021-04-18;200;42;109591;36789;16.0;5.4
45;2021-04-19;1938;943;111529;37732;16.3;5.5
45;2021-04-20;3075;1695;114604;39427;16.8;5.8
45;2021-04-21;2723;1304;117327;40731;17.2;6.0
45;2021-04-22;3422;1843;120749;42574;17.7;6.2
45;2021-04-23;3279;1784;124028;44358;18.2;6.5
45;2021-04-24;2023;866;126051;45224;18.5;6.6
45;2021-04-25;291;86;126342;45310;18.5;6.6
45;2021-04-26;2230;1162;128572;46472;18.8;6.8
45;2021-04-27;3353;2351;131925;48823;19.3;7.1
45;2021-04-28;2803;1938;134728;50761;19.7;7.4
45;2021-04-29;3854;2321;138582;53082;20.3;7.8
45;2021-04-30;4391;1798;142973;54880;20.9;8.0
45;2021-05-01;451;61;143424;54941;21.0;8.0
45;2021-05-02;627;122;144051;55063;21.1;8.1
45;2021-05-03;2821;992;146872;56055;21.5;8.2
45;2021-05-04;3160;2349;150032;58404;22.0;8.6
45;2021-05-05;2716;2162;152748;60566;22.4;8.9
45;2021-05-06;3329;2537;156077;63103;22.9;9.2
45;2021-05-07;2873;3182;158950;66285;23.3;9.7
45;2021-05-08;612;243;159562;66528;23.4;9.7
45;2021-05-09;1498;128;161060;66656;23.6;9.8
45;2021-05-10;4141;2970;165201;69626;24.2;10.2
45;2021-05-11;5030;2966;170231;72592;24.9;10.6
45;2021-05-12;6078;2771;176309;75363;25.8;11.0
45;2021-05-13;2450;598;178759;75961;26.2;11.1
45;2021-05-14;4967;1627;183726;77588;26.9;11.4
45;2021-05-15;4067;616;187793;78204;27.5;11.5
45;2021-05-16;289;33;188082;78237;27.5;11.5
45;2021-05-17;3360;1528;191442;79765;28.0;11.7
45;2021-05-18;5117;1680;196559;81445;28.8;11.9
45;2021-05-19;4495;2064;201054;83509;29.4;12.2
45;2021-05-20;5268;2137;206322;85646;30.2;12.5
45;2021-05-21;5143;2223;211465;87869;31.0;12.9
45;2021-05-22;3042;632;214507;88501;31.4;13.0
45;2021-05-23;15;94;214522;88595;31.4;13.0
45;2021-05-24;2827;214;217349;88809;31.8;13.0
45;2021-05-25;4962;3028;222311;91837;32.6;13.4
45;2021-05-26;5112;2337;227423;94174;33.3;13.8
45;2021-05-27;5309;3230;232732;97404;34.1;14.3
45;2021-05-28;5664;3590;238396;100994;34.9;14.8
45;2021-05-29;3671;1288;242067;102282;35.4;15.0
45;2021-05-30;33;182;242100;102464;35.5;15.0
45;2021-05-31;4330;2513;246430;104977;36.1;15.4
45;2021-06-01;6091;2999;252521;107976;37.0;15.8
45;2021-06-02;4945;3107;257466;111083;37.7;16.3
45;2021-06-03;5621;3199;263087;114282;38.5;16.7
45;2021-06-04;5897;3179;268984;117461;39.4;17.2
45;2021-06-05;2034;1331;271018;118792;39.7;17.4
45;2021-06-06;88;198;271106;118990;39.7;17.4
45;2021-06-07;4080;2722;275186;121712;40.3;17.8
45;2021-06-08;4644;4070;279830;125782;41.0;18.4
45;2021-06-09;4358;3342;284188;129124;41.6;18.9
45;2021-06-10;4649;2687;288837;131811;42.3;19.3
45;2021-06-11;4123;3661;292960;135472;42.9;19.8
45;2021-06-12;2440;1504;295400;136976;43.3;20.1
45;2021-06-13;21;424;295421;137400;43.3;20.1
45;2021-06-14;3140;4150;298561;141550;43.7;20.7
45;2021-06-15;3389;4325;301950;145875;44.2;21.4
45;2021-06-16;3904;3452;305854;149327;44.8;21.9
45;2021-06-17;3525;3536;309379;152863;45.3;22.4
45;2021-06-18;3799;5030;313178;157893;45.9;23.1
45;2021-06-19;2395;1761;315573;159654;46.2;23.4
45;2021-06-20;48;142;315621;159796;46.2;23.4
45;2021-06-21;2164;5850;317785;165646;46.5;24.3
45;2021-06-22;2419;6531;320204;172177;46.9;25.2
45;2021-06-23;2283;5599;322487;177776;47.2;26.0
45;2021-06-24;2136;3533;324623;181309;47.5;26.6
45;2021-06-25;2444;6447;327067;187756;47.9;27.5
45;2021-06-26;1947;3092;329014;190848;48.2;27.9
45;2021-06-27;53;138;329067;190986;48.2;28.0
45;2021-06-28;2076;4827;331143;195813;48.5;28.7
45;2021-06-29;2847;6815;333990;202628;48.9;29.7
45;2021-06-30;2887;5850;336877;208478;49.3;30.5
45;2021-07-01;2401;5038;339278;213516;49.7;31.3
45;2021-07-02;2371;6283;341649;219799;50.0;32.2
45;2021-07-03;755;2542;342404;222341;50.1;32.6
45;2021-07-04;6;12;342410;222353;50.1;32.6
45;2021-07-05;2139;4989;344549;227342;50.5;33.3
45;2021-07-06;2805;6779;347354;234121;50.9;34.3
45;2021-07-07;2449;6061;349803;240182;51.2;35.2
45;2021-07-08;2828;5380;352631;245562;51.6;36.0
45;2021-07-09;2148;6985;354779;252547;52.0;37.0
45;2021-07-10;1547;3862;356326;256409;52.2;37.5
45;2021-07-11;24;31;356350;256440;52.2;37.6
45;2021-07-12;1591;5998;357941;262438;52.4;38.4
45;2021-07-13;3040;8238;360981;270676;52.9;39.6
45;2021-07-14;1474;1519;362455;272195;53.1;39.9
45;2021-07-15;3733;7289;366188;279484;53.6;40.9
45;2021-07-16;3259;7445;369447;286929;54.1;42.0
45;2021-07-17;1285;2332;370732;289261;54.3;42.4
45;2021-07-18;15;19;370747;289280;54.3;42.4
45;2021-07-19;1868;5937;372615;295217;54.6;43.2
45;2021-07-20;4761;6901;377376;302118;55.3;44.2
45;2021-07-21;5177;5478;382553;307596;56.0;45.0
45;2021-07-22;6182;4906;388735;312502;56.9;45.8
45;2021-07-23;4261;5479;392996;317981;57.5;46.6
45;2021-07-24;1862;2823;394858;320804;57.8;47.0
45;2021-07-25;5;14;394863;320818;57.8;47.0
45;2021-07-26;2918;4977;397781;325795;58.2;47.7
45;2021-07-27;5467;5080;403248;330875;59.1;48.5
45;2021-07-28;4991;4176;408239;335051;59.8;49.1
45;2021-07-29;5281;3253;413520;338304;60.6;49.5
45;2021-07-30;4762;4711;418282;343015;61.3;50.2
45;2021-07-31;849;1950;419131;344965;61.4;50.5
45;2021-08-01;2;4;419133;344969;61.4;50.5
45;2021-08-02;3620;3246;422753;348215;61.9;51.0
45;2021-08-03;4878;3010;427631;351225;62.6;51.4
45;2021-08-04;3744;2233;431375;353458;63.2;51.8
45;2021-08-05;3314;2633;434689;356091;63.7;52.1
45;2021-08-06;3751;3266;438440;359357;64.2;52.6
45;2021-08-07;1682;1047;440122;360404;64.4;52.8
45;2021-08-08;9;18;440131;360422;64.5;52.8
45;2021-08-09;2600;3013;442731;363435;64.8;53.2
45;2021-08-10;3512;3804;446243;367239;65.3;53.8
45;2021-08-11;2701;3717;448944;370956;65.7;54.3
45;2021-08-12;2096;3430;451040;374386;66.0;54.8
45;2021-08-13;1744;4223;452784;378609;66.3;55.4
45;2021-08-14;682;956;453466;379565;66.4;55.6
45;2021-08-15;59;31;453525;379596;66.4;55.6
45;2021-08-16;1159;2317;454684;381913;66.6;55.9
45;2021-08-17;1858;3449;456542;385362;66.9;56.4
45;2021-08-18;1782;4049;458324;389411;67.1;57.0
45;2021-08-19;1443;4269;459767;393680;67.3;57.6
45;2021-08-20;1421;3681;461188;397361;67.5;58.2
45;2021-08-21;905;1152;462093;398513;67.7;58.4
45;2021-08-22;4;8;462097;398521;67.7;58.4
45;2021-08-23;1326;4240;463423;402761;67.9;59.0
45;2021-08-24;1734;4520;465157;407281;68.1;59.6
45;2021-08-25;1577;3724;466734;411005;68.3;60.2
45;2021-08-26;1003;3450;467737;414455;68.5;60.7
45;2021-08-27;1420;4979;469157;419434;68.7;61.4
45;2021-08-28;877;2027;470034;421461;68.8;61.7
45;2021-08-29;100;38;470134;421499;68.8;61.7
45;2021-08-30;1218;4114;471352;425613;69.0;62.3
45;2021-08-31;1072;4508;472424;430121;69.2;63.0
45;2021-09-01;1096;3548;473520;433669;69.3;63.5
45;2021-09-02;919;3354;474439;437023;69.5;64.0
45;2021-09-03;1086;3843;475525;440866;69.6;64.6
45;2021-09-04;493;1312;476018;442178;69.7;64.8
45;2021-09-05;1;16;476019;442194;69.7;64.8
45;2021-09-06;878;2823;476897;445017;69.8;65.2
45;2021-09-07;703;2228;477600;447245;69.9;65.5
45;2021-09-08;847;2614;478447;449859;70.1;65.9
45;2021-09-09;795;1678;479242;451537;70.2;66.1
45;2021-09-10;771;1867;480013;453404;70.3;66.4
45;2021-09-11;440;1602;480453;455006;70.4;66.6
45;2021-09-12;369;369;480822;455375;70.4;66.7
45;2021-09-13;353;1293;481175;456668;70.5;66.9
45;2021-09-14;743;2072;481918;458740;70.6;67.2
46;2020-12-27;4;0;4;0;0.0;0.0
46;2020-12-28;0;0;4;0;0.0;0.0
46;2020-12-29;0;0;4;0;0.0;0.0
46;2020-12-30;0;0;4;0;0.0;0.0
46;2020-12-31;0;0;4;0;0.0;0.0
46;2021-01-01;0;0;4;0;0.0;0.0
46;2021-01-02;0;0;4;0;0.0;0.0
46;2021-01-03;1;0;5;0;0.0;0.0
46;2021-01-04;0;0;5;0;0.0;0.0
46;2021-01-05;0;0;5;0;0.0;0.0
46;2021-01-06;3;0;8;0;0.0;0.0
46;2021-01-07;136;0;144;0;0.1;0.0
46;2021-01-08;181;0;325;0;0.2;0.0
46;2021-01-09;1;0;326;0;0.2;0.0
46;2021-01-10;2;0;328;0;0.2;0.0
46;2021-01-11;118;0;446;0;0.3;0.0
46;2021-01-12;140;0;586;0;0.3;0.0
46;2021-01-13;235;0;821;0;0.5;0.0
46;2021-01-14;243;2;1064;2;0.6;0.0
46;2021-01-15;306;2;1370;4;0.8;0.0
46;2021-01-16;18;0;1388;4;0.8;0.0
46;2021-01-17;0;0;1388;4;0.8;0.0
46;2021-01-18;276;2;1664;6;1.0;0.0
46;2021-01-19;390;0;2054;6;1.2;0.0
46;2021-01-20;937;2;2991;8;1.7;0.0
46;2021-01-21;997;0;3988;8;2.3;0.0
46;2021-01-22;390;2;4378;10;2.5;0.0
46;2021-01-23;0;0;4378;10;2.5;0.0
46;2021-01-24;0;0;4378;10;2.5;0.0
46;2021-01-25;204;1;4582;11;2.6;0.0
46;2021-01-26;264;1;4846;12;2.8;0.0
46;2021-01-27;277;0;5123;12;3.0;0.0
46;2021-01-28;278;43;5401;55;3.1;0.0
46;2021-01-29;233;61;5634;116;3.3;0.1
46;2021-01-30;1;0;5635;116;3.3;0.1
46;2021-01-31;1;0;5636;116;3.3;0.1
46;2021-02-01;234;141;5870;257;3.4;0.1
46;2021-02-02;210;201;6080;458;3.5;0.3
46;2021-02-03;227;90;6307;548;3.6;0.3
46;2021-02-04;372;73;6679;621;3.9;0.4
46;2021-02-05;226;153;6905;774;4.0;0.4
46;2021-02-06;9;0;6914;774;4.0;0.4
46;2021-02-07;43;0;6957;774;4.0;0.4
46;2021-02-08;197;125;7154;899;4.1;0.5
46;2021-02-09;271;202;7425;1101;4.3;0.6
46;2021-02-10;280;481;7705;1582;4.4;0.9
46;2021-02-11;655;511;8360;2093;4.8;1.2
46;2021-02-12;322;313;8682;2406;5.0;1.4
46;2021-02-13;2;0;8684;2406;5.0;1.4
46;2021-02-14;0;62;8684;2468;5.0;1.4
46;2021-02-15;195;223;8879;2691;5.1;1.6
46;2021-02-16;218;214;9097;2905;5.3;1.7
46;2021-02-17;200;276;9297;3181;5.4;1.8
46;2021-02-18;336;228;9633;3409;5.6;2.0
46;2021-02-19;277;199;9910;3608;5.7;2.1
46;2021-02-20;0;0;9910;3608;5.7;2.1
46;2021-02-21;1;0;9911;3608;5.7;2.1
46;2021-02-22;131;156;10042;3764;5.8;2.2
46;2021-02-23;225;130;10267;3894;5.9;2.2
46;2021-02-24;179;263;10446;4157;6.0;2.4
46;2021-02-25;248;288;10694;4445;6.2;2.6
46;2021-02-26;401;314;11095;4759;6.4;2.7
46;2021-02-27;120;1;11215;4760;6.5;2.7
46;2021-02-28;0;3;11215;4763;6.5;2.8
46;2021-03-01;169;157;11384;4920;6.6;2.8
46;2021-03-02;406;198;11790;5118;6.8;3.0
46;2021-03-03;458;309;12248;5427;7.1;3.1
46;2021-03-04;607;412;12855;5839;7.4;3.4
46;2021-03-05;809;336;13664;6175;7.9;3.6
46;2021-03-06;476;15;14140;6190;8.2;3.6
46;2021-03-07;101;19;14241;6209;8.2;3.6
46;2021-03-08;349;223;14590;6432;8.4;3.7
46;2021-03-09;746;255;15336;6687;8.9;3.9
46;2021-03-10;685;234;16021;6921;9.3;4.0
46;2021-03-11;852;247;16873;7168;9.7;4.1
46;2021-03-12;927;205;17800;7373;10.3;4.3
46;2021-03-13;512;3;18312;7376;10.6;4.3
46;2021-03-14;0;0;18312;7376;10.6;4.3
46;2021-03-15;505;153;18817;7529;10.9;4.3
46;2021-03-16;752;166;19569;7695;11.3;4.4
46;2021-03-17;674;188;20243;7883;11.7;4.6
46;2021-03-18;758;204;21001;8087;12.1;4.7
46;2021-03-19;811;145;21812;8232;12.6;4.8
46;2021-03-20;293;3;22105;8235;12.8;4.8
46;2021-03-21;2;0;22107;8235;12.8;4.8
46;2021-03-22;555;238;22662;8473;13.1;4.9
46;2021-03-23;702;209;23364;8682;13.5;5.0
46;2021-03-24;674;237;24038;8919;13.9;5.2
46;2021-03-25;1135;177;25173;9096;14.5;5.3
46;2021-03-26;1025;338;26198;9434;15.1;5.4
46;2021-03-27;420;50;26618;9484;15.4;5.5
46;2021-03-28;127;1;26745;9485;15.4;5.5
46;2021-03-29;733;251;27478;9736;15.9;5.6
46;2021-03-30;767;364;28245;10100;16.3;5.8
46;2021-03-31;865;415;29110;10515;16.8;6.1
46;2021-04-01;1172;345;30282;10860;17.5;6.3
46;2021-04-02;924;393;31206;11253;18.0;6.5
46;2021-04-03;167;165;31373;11418;18.1;6.6
46;2021-04-04;0;71;31373;11489;18.1;6.6
46;2021-04-05;3;0;31376;11489;18.1;6.6
46;2021-04-06;545;518;31921;12007;18.4;6.9
46;2021-04-07;785;644;32706;12651;18.9;7.3
46;2021-04-08;962;540;33668;13191;19.4;7.6
46;2021-04-09;1018;506;34686;13697;20.0;7.9
46;2021-04-10;506;208;35192;13905;20.3;8.0
46;2021-04-11;232;1;35424;13906;20.5;8.0
46;2021-04-12;845;546;36269;14452;20.9;8.3
46;2021-04-13;1187;718;37456;15170;21.6;8.8
46;2021-04-14;1533;612;38989;15782;22.5;9.1
46;2021-04-15;1502;661;40491;16443;23.4;9.5
46;2021-04-16;1585;567;42076;17010;24.3;9.8
46;2021-04-17;994;135;43070;17145;24.9;9.9
46;2021-04-18;517;9;43587;17154;25.2;9.9
46;2021-04-19;1070;570;44657;17724;25.8;10.2
46;2021-04-20;1229;728;45886;18452;26.5;10.7
46;2021-04-21;1230;711;47116;19163;27.2;11.1
46;2021-04-22;1391;726;48507;19889;28.0;11.5
46;2021-04-23;1132;732;49639;20621;28.7;11.9
46;2021-04-24;472;19;50111;20640;28.9;11.9
46;2021-04-25;351;11;50462;20651;29.1;11.9
46;2021-04-26;852;730;51314;21381;29.6;12.3
46;2021-04-27;1221;664;52535;22045;30.3;12.7
46;2021-04-28;1289;667;53824;22712;31.1;13.1
46;2021-04-29;1416;522;55240;23234;31.9;13.4
46;2021-04-30;1438;564;56678;23798;32.7;13.7
46;2021-05-01;697;72;57375;23870;33.1;13.8
46;2021-05-02;346;4;57721;23874;33.3;13.8
46;2021-05-03;854;568;58575;24442;33.8;14.1
46;2021-05-04;1037;1062;59612;25504;34.4;14.7
46;2021-05-05;1374;787;60986;26291;35.2;15.2
46;2021-05-06;1376;741;62362;27032;36.0;15.6
46;2021-05-07;1398;792;63760;27824;36.8;16.1
46;2021-05-08;280;409;64040;28233;37.0;16.3
46;2021-05-09;23;225;64063;28458;37.0;16.4
46;2021-05-10;517;1136;64580;29594;37.3;17.1
46;2021-05-11;1034;1254;65614;30848;37.9;17.8
46;2021-05-12;993;1556;66607;32404;38.5;18.7
46;2021-05-13;600;144;67207;32548;38.8;18.8
46;2021-05-14;959;1097;68166;33645;39.4;19.4
46;2021-05-15;254;654;68420;34299;39.5;19.8
46;2021-05-16;77;297;68497;34596;39.6;20.0
46;2021-05-17;653;960;69150;35556;39.9;20.5
46;2021-05-18;1404;1024;70554;36580;40.7;21.1
46;2021-05-19;1306;904;71860;37484;41.5;21.6
46;2021-05-20;1453;810;73313;38294;42.3;22.1
46;2021-05-21;997;1158;74310;39452;42.9;22.8
46;2021-05-22;147;367;74457;39819;43.0;23.0
46;2021-05-23;451;25;74908;39844;43.3;23.0
46;2021-05-24;411;113;75319;39957;43.5;23.1
46;2021-05-25;961;1333;76280;41290;44.1;23.8
46;2021-05-26;1239;1149;77519;42439;44.8;24.5
46;2021-05-27;1433;1191;78952;43630;45.6;25.2
46;2021-05-28;1428;1208;80380;44838;46.4;25.9
46;2021-05-29;1052;397;81432;45235;47.0;26.1
46;2021-05-30;409;40;81841;45275;47.3;26.1
46;2021-05-31;970;976;82811;46251;47.8;26.7
46;2021-06-01;1277;996;84088;47247;48.6;27.3
46;2021-06-02;1321;1117;85409;48364;49.3;27.9
46;2021-06-03;1418;1009;86827;49373;50.1;28.5
46;2021-06-04;1332;977;88159;50350;50.9;29.1
46;2021-06-05;381;414;88540;50764;51.1;29.3
46;2021-06-06;209;96;88749;50860;51.3;29.4
46;2021-06-07;814;616;89563;51476;51.7;29.7
46;2021-06-08;1020;895;90583;52371;52.3;30.2
46;2021-06-09;1504;974;92087;53345;53.2;30.8
46;2021-06-10;982;850;93069;54195;53.7;31.3
46;2021-06-11;970;1321;94039;55516;54.3;32.1
46;2021-06-12;459;545;94498;56061;54.6;32.4
46;2021-06-13;27;86;94525;56147;54.6;32.4
46;2021-06-14;593;1138;95118;57285;54.9;33.1
46;2021-06-15;751;1246;95869;58531;55.4;33.8
46;2021-06-16;1001;1112;96870;59643;55.9;34.4
46;2021-06-17;527;895;97397;60538;56.2;35.0
46;2021-06-18;658;1254;98055;61792;56.6;35.7
46;2021-06-19;457;313;98512;62105;56.9;35.9
46;2021-06-20;39;161;98551;62266;56.9;36.0
46;2021-06-21;429;946;98980;63212;57.2;36.5
46;2021-06-22;350;1177;99330;64389;57.4;37.2
46;2021-06-23;520;1075;99850;65464;57.7;37.8
46;2021-06-24;251;821;100101;66285;57.8;38.3
46;2021-06-25;491;1118;100592;67403;58.1;38.9
46;2021-06-26;397;553;100989;67956;58.3;39.2
46;2021-06-27;3;4;100992;67960;58.3;39.2
46;2021-06-28;315;1338;101307;69298;58.5;40.0
46;2021-06-29;376;1682;101683;70980;58.7;41.0
46;2021-06-30;512;1578;102195;72558;59.0;41.9
46;2021-07-01;490;1153;102685;73711;59.3;42.6
46;2021-07-02;468;1086;103153;74797;59.6;43.2
46;2021-07-03;124;455;103277;75252;59.6;43.5
46;2021-07-04;57;127;103334;75379;59.7;43.5
46;2021-07-05;347;1187;103681;76566;59.9;44.2
46;2021-07-06;449;1458;104130;78024;60.1;45.1
46;2021-07-07;583;1726;104713;79750;60.5;46.1
46;2021-07-08;341;1165;105054;80915;60.7;46.7
46;2021-07-09;396;1707;105450;82622;60.9;47.7
46;2021-07-10;285;1040;105735;83662;61.1;48.3
46;2021-07-11;15;375;105750;84037;61.1;48.5
46;2021-07-12;248;1261;105998;85298;61.2;49.3
46;2021-07-13;626;1671;106624;86969;61.6;50.2
46;2021-07-14;73;144;106697;87113;61.6;50.3
46;2021-07-15;917;1466;107614;88579;62.1;51.2
46;2021-07-16;766;1395;108380;89974;62.6;52.0
46;2021-07-17;364;539;108744;90513;62.8;52.3
46;2021-07-18;2;0;108746;90513;62.8;52.3
46;2021-07-19;729;1189;109475;91702;63.2;53.0
46;2021-07-20;983;1436;110458;93138;63.8;53.8
46;2021-07-21;1002;1379;111460;94517;64.4;54.6
46;2021-07-22;1404;1117;112864;95634;65.2;55.2
46;2021-07-23;768;1322;113632;96956;65.6;56.0
46;2021-07-24;957;663;114589;97619;66.2;56.4
46;2021-07-25;136;17;114725;97636;66.3;56.4
46;2021-07-26;881;879;115606;98515;66.8;56.9
46;2021-07-27;1220;978;116826;99493;67.5;57.5
46;2021-07-28;1284;1114;118110;100607;68.2;58.1
46;2021-07-29;1580;849;119690;101456;69.1;58.6
46;2021-07-30;1931;957;121621;102413;70.2;59.1
46;2021-07-31;958;660;122579;103073;70.8;59.5
46;2021-08-01;12;3;122591;103076;70.8;59.5
46;2021-08-02;974;591;123565;103667;71.4;59.9
46;2021-08-03;1365;680;124930;104347;72.1;60.3
46;2021-08-04;1738;608;126668;104955;73.1;60.6
46;2021-08-05;1383;847;128051;105802;73.9;61.1
46;2021-08-06;1422;846;129473;106648;74.8;61.6
46;2021-08-07;707;542;130180;107190;75.2;61.9
46;2021-08-08;147;66;130327;107256;75.3;61.9
46;2021-08-09;1017;694;131344;107950;75.8;62.3
46;2021-08-10;1204;892;132548;108842;76.5;62.9
46;2021-08-11;1261;1065;133809;109907;77.3;63.5
46;2021-08-12;990;799;134799;110706;77.8;63.9
46;2021-08-13;953;1004;135752;111710;78.4;64.5
46;2021-08-14;585;774;136337;112484;78.7;65.0
46;2021-08-15;8;27;136345;112511;78.7;65.0
46;2021-08-16;795;807;137140;113318;79.2;65.4
46;2021-08-17;886;1288;138026;114606;79.7;66.2
46;2021-08-18;769;1051;138795;115657;80.2;66.8
46;2021-08-19;672;1362;139467;117019;80.5;67.6
46;2021-08-20;520;1556;139987;118575;80.8;68.5
46;2021-08-21;376;649;140363;119224;81.1;68.8
46;2021-08-22;2;31;140365;119255;81.1;68.9
46;2021-08-23;423;1203;140788;120458;81.3;69.6
46;2021-08-24;552;1337;141340;121795;81.6;70.3
46;2021-08-25;525;1398;141865;123193;81.9;71.1
46;2021-08-26;390;1094;142255;124287;82.1;71.8
46;2021-08-27;433;1911;142688;126198;82.4;72.9
46;2021-08-28;270;651;142958;126849;82.6;73.3
46;2021-08-29;5;11;142963;126860;82.6;73.3
46;2021-08-30;284;1133;143247;127993;82.7;73.9
46;2021-08-31;331;1278;143578;129271;82.9;74.7
46;2021-09-01;393;1146;143971;130417;83.1;75.3
46;2021-09-02;267;1017;144238;131434;83.3;75.9
46;2021-09-03;320;1293;144558;132727;83.5;76.6
46;2021-09-04;188;664;144746;133391;83.6;77.0
46;2021-09-05;8;16;144754;133407;83.6;77.0
46;2021-09-06;218;755;144972;134162;83.7;77.5
46;2021-09-07;252;814;145224;134976;83.9;77.9
46;2021-09-08;277;891;145501;135867;84.0;78.5
46;2021-09-09;196;638;145697;136505;84.1;78.8
46;2021-09-10;277;1024;145974;137529;84.3;79.4
46;2021-09-11;145;387;146119;137916;84.4;79.6
46;2021-09-12;8;23;146127;137939;84.4;79.7
46;2021-09-13;177;693;146304;138632;84.5;80.1
46;2021-09-14;264;734;146568;139366;84.6;80.5
47;2020-12-27;0;0;0;0;0.0;0.0
47;2020-12-28;0;0;0;0;0.0;0.0
47;2020-12-29;0;0;0;0;0.0;0.0
47;2020-12-30;0;0;0;0;0.0;0.0
47;2020-12-31;0;0;0;0;0.0;0.0
47;2021-01-01;4;0;4;0;0.0;0.0
47;2021-01-02;0;0;4;0;0.0;0.0
47;2021-01-03;0;0;4;0;0.0;0.0
47;2021-01-04;0;0;4;0;0.0;0.0
47;2021-01-05;0;0;4;0;0.0;0.0
47;2021-01-06;0;0;4;0;0.0;0.0
47;2021-01-07;71;0;75;0;0.0;0.0
47;2021-01-08;314;0;389;0;0.1;0.0
47;2021-01-09;113;0;502;0;0.2;0.0
47;2021-01-10;0;0;502;0;0.2;0.0
47;2021-01-11;249;1;751;1;0.2;0.0
47;2021-01-12;327;0;1078;1;0.3;0.0
47;2021-01-13;349;0;1427;1;0.4;0.0
47;2021-01-14;364;4;1791;5;0.5;0.0
47;2021-01-15;287;1;2078;6;0.6;0.0
47;2021-01-16;176;3;2254;9;0.7;0.0
47;2021-01-17;0;0;2254;9;0.7;0.0
47;2021-01-18;486;1;2740;10;0.8;0.0
47;2021-01-19;469;2;3209;12;1.0;0.0
47;2021-01-20;516;0;3725;12;1.1;0.0
47;2021-01-21;585;1;4310;13;1.3;0.0
47;2021-01-22;470;0;4780;13;1.4;0.0
47;2021-01-23;391;0;5171;13;1.6;0.0
47;2021-01-24;0;0;5171;13;1.6;0.0
47;2021-01-25;426;0;5597;13;1.7;0.0
47;2021-01-26;791;4;6388;17;1.9;0.0
47;2021-01-27;732;0;7120;17;2.2;0.0
47;2021-01-28;576;60;7696;77;2.3;0.0
47;2021-01-29;461;161;8157;238;2.5;0.1
47;2021-01-30;302;37;8459;275;2.6;0.1
47;2021-01-31;0;0;8459;275;2.6;0.1
47;2021-02-01;373;113;8832;388;2.7;0.1
47;2021-02-02;759;308;9591;696;2.9;0.2
47;2021-02-03;425;149;10016;845;3.0;0.3
47;2021-02-04;370;303;10386;1148;3.1;0.3
47;2021-02-05;300;302;10686;1450;3.2;0.4
47;2021-02-06;297;83;10983;1533;3.3;0.5
47;2021-02-07;0;0;10983;1533;3.3;0.5
47;2021-02-08;183;201;11166;1734;3.4;0.5
47;2021-02-09;231;199;11397;1933;3.5;0.6
47;2021-02-10;254;199;11651;2132;3.5;0.6
47;2021-02-11;356;319;12007;2451;3.6;0.7
47;2021-02-12;243;373;12250;2824;3.7;0.9
47;2021-02-13;226;89;12476;2913;3.8;0.9
47;2021-02-14;0;0;12476;2913;3.8;0.9
47;2021-02-15;194;312;12670;3225;3.8;1.0
47;2021-02-16;303;524;12973;3749;3.9;1.1
47;2021-02-17;326;385;13299;4134;4.0;1.3
47;2021-02-18;201;483;13500;4617;4.1;1.4
47;2021-02-19;193;307;13693;4924;4.1;1.5
47;2021-02-20;117;217;13810;5141;4.2;1.6
47;2021-02-21;0;0;13810;5141;4.2;1.6
47;2021-02-22;75;323;13885;5464;4.2;1.7
47;2021-02-23;149;542;14034;6006;4.2;1.8
47;2021-02-24;261;492;14295;6498;4.3;2.0
47;2021-02-25;304;362;14599;6860;4.4;2.1
47;2021-02-26;468;288;15067;7148;4.6;2.2
47;2021-02-27;324;175;15391;7323;4.7;2.2
47;2021-02-28;0;0;15391;7323;4.7;2.2
47;2021-03-01;124;364;15515;7687;4.7;2.3
47;2021-03-02;200;322;15715;8009;4.8;2.4
47;2021-03-03;244;303;15959;8312;4.8;2.5
47;2021-03-04;593;297;16552;8609;5.0;2.6
47;2021-03-05;844;255;17396;8864;5.3;2.7
47;2021-03-06;507;168;17903;9032;5.4;2.7
47;2021-03-07;331;6;18234;9038;5.5;2.7
47;2021-03-08;458;200;18692;9238;5.7;2.8
47;2021-03-09;508;454;19200;9692;5.8;2.9
47;2021-03-10;666;280;19866;9972;6.0;3.0
47;2021-03-11;940;359;20806;10331;6.3;3.1
47;2021-03-12;1374;267;22180;10598;6.7;3.2
47;2021-03-13;950;108;23130;10706;7.0;3.2
47;2021-03-14;51;0;23181;10706;7.0;3.2
47;2021-03-15;592;151;23773;10857;7.2;3.3
47;2021-03-16;750;158;24523;11015;7.4;3.3
47;2021-03-17;860;201;25383;11216;7.7;3.4
47;2021-03-18;917;175;26300;11391;8.0;3.4
47;2021-03-19;1272;127;27572;11518;8.3;3.5
47;2021-03-20;1088;59;28660;11577;8.7;3.5
47;2021-03-21;344;1;29004;11578;8.8;3.5
47;2021-03-22;1011;94;30015;11672;9.1;3.5
47;2021-03-23;1146;144;31161;11816;9.4;3.6
47;2021-03-24;1213;128;32374;11944;9.8;3.6
47;2021-03-25;1568;150;33942;12094;10.3;3.7
47;2021-03-26;1882;197;35824;12291;10.8;3.7
47;2021-03-27;980;130;36804;12421;11.1;3.8
47;2021-03-28;700;5;37504;12426;11.4;3.8
47;2021-03-29;1512;80;39016;12506;11.8;3.8
47;2021-03-30;1645;127;40661;12633;12.3;3.8
47;2021-03-31;1606;152;42267;12785;12.8;3.9
47;2021-04-01;1682;269;43949;13054;13.3;4.0
47;2021-04-02;1934;452;45883;13506;13.9;4.1
47;2021-04-03;1202;182;47085;13688;14.3;4.1
47;2021-04-04;475;13;47560;13701;14.4;4.1
47;2021-04-05;1297;58;48857;13759;14.8;4.2
47;2021-04-06;1386;387;50243;14146;15.2;4.3
47;2021-04-07;1697;591;51940;14737;15.7;4.5
47;2021-04-08;1834;468;53774;15205;16.3;4.6
47;2021-04-09;2084;541;55858;15746;16.9;4.8
47;2021-04-10;1565;325;57423;16071;17.4;4.9
47;2021-04-11;530;9;57953;16080;17.5;4.9
47;2021-04-12;1438;613;59391;16693;18.0;5.1
47;2021-04-13;1816;763;61207;17456;18.5;5.3
47;2021-04-14;1749;720;62956;18176;19.1;5.5
47;2021-04-15;2012;844;64968;19020;19.7;5.8
47;2021-04-16;1767;890;66735;19910;20.2;6.0
47;2021-04-17;1472;969;68207;20879;20.6;6.3
47;2021-04-18;23;0;68230;20879;20.7;6.3
47;2021-04-19;1331;931;69561;21810;21.1;6.6
47;2021-04-20;1626;910;71187;22720;21.5;6.9
47;2021-04-21;1626;774;72813;23494;22.0;7.1
47;2021-04-22;1870;1056;74683;24550;22.6;7.4
47;2021-04-23;1726;1071;76409;25621;23.1;7.8
47;2021-04-24;1549;802;77958;26423;23.6;8.0
47;2021-04-25;242;345;78200;26768;23.7;8.1
47;2021-04-26;1490;1359;79690;28127;24.1;8.5
47;2021-04-27;1921;1466;81611;29593;24.7;9.0
47;2021-04-28;2090;1589;83701;31182;25.3;9.4
47;2021-04-29;2533;1504;86234;32686;26.1;9.9
47;2021-04-30;2044;1779;88278;34465;26.7;10.4
47;2021-05-01;2263;984;90541;35449;27.4;10.7
47;2021-05-02;21;357;90562;35806;27.4;10.8
47;2021-05-03;1596;1418;92158;37224;27.9;11.3
47;2021-05-04;1646;1730;93804;38954;28.4;11.8
47;2021-05-05;1927;1639;95731;40593;29.0;12.3
47;2021-05-06;2106;1507;97837;42100;29.6;12.7
47;2021-05-07;2001;1622;99838;43722;30.2;13.2
47;2021-05-08;2098;464;101936;44186;30.9;13.4
47;2021-05-09;24;359;101960;44545;30.9;13.5
47;2021-05-10;1202;1669;103162;46214;31.2;14.0
47;2021-05-11;2173;1983;105335;48197;31.9;14.6
47;2021-05-12;2626;1445;107961;49642;32.7;15.0
47;2021-05-13;2381;657;110342;50299;33.4;15.2
47;2021-05-14;2062;859;112404;51158;34.0;15.5
47;2021-05-15;1935;863;114339;52021;34.6;15.7
47;2021-05-16;367;9;114706;52030;34.7;15.8
47;2021-05-17;1885;1124;116591;53154;35.3;16.1
47;2021-05-18;2358;1139;118949;54293;36.0;16.4
47;2021-05-19;2345;760;121294;55053;36.7;16.7
47;2021-05-20;2589;967;123883;56020;37.5;17.0
47;2021-05-21;1539;1134;125422;57154;38.0;17.3
47;2021-05-22;2369;839;127791;57993;38.7;17.6
47;2021-05-23;25;186;127816;58179;38.7;17.6
47;2021-05-24;1549;237;129365;58416;39.2;17.7
47;2021-05-25;1485;1319;130850;59735;39.6;18.1
47;2021-05-26;1599;1090;132449;60825;40.1;18.4
47;2021-05-27;1942;1270;134391;62095;40.7;18.8
47;2021-05-28;1458;1534;135849;63629;41.1;19.3
47;2021-05-29;1153;1120;137002;64749;41.5;19.6
47;2021-05-30;12;45;137014;64794;41.5;19.6
47;2021-05-31;1868;1415;138882;66209;42.0;20.0
47;2021-06-01;1922;1341;140804;67550;42.6;20.4
47;2021-06-02;2102;1332;142906;68882;43.3;20.9
47;2021-06-03;2486;1610;145392;70492;44.0;21.3
47;2021-06-04;1968;2117;147360;72609;44.6;22.0
47;2021-06-05;1640;1470;149000;74079;45.1;22.4
47;2021-06-06;211;70;149211;74149;45.2;22.4
47;2021-06-07;1661;2239;150872;76388;45.7;23.1
47;2021-06-08;1631;1903;152503;78291;46.2;23.7
47;2021-06-09;1824;2123;154327;80414;46.7;24.3
47;2021-06-10;2377;1619;156704;82033;47.4;24.8
47;2021-06-11;1827;2099;158531;84132;48.0;25.5
47;2021-06-12;1351;2102;159882;86234;48.4;26.1
47;2021-06-13;4;10;159886;86244;48.4;26.1
47;2021-06-14;1281;2440;161167;88684;48.8;26.8
47;2021-06-15;1465;2033;162632;90717;49.2;27.5
47;2021-06-16;1206;2184;163838;92901;49.6;28.1
47;2021-06-17;1656;1522;165494;94423;50.1;28.6
47;2021-06-18;1440;2496;166934;96919;50.5;29.3
47;2021-06-19;1540;2453;168474;99372;51.0;30.1
47;2021-06-20;5;33;168479;99405;51.0;30.1
47;2021-06-21;1136;2513;169615;101918;51.3;30.9
47;2021-06-22;761;2505;170376;104423;51.6;31.6
47;2021-06-23;999;2016;171375;106439;51.9;32.2
47;2021-06-24;1212;1936;172587;108375;52.2;32.8
47;2021-06-25;1006;2608;173593;110983;52.6;33.6
47;2021-06-26;988;2790;174581;113773;52.8;34.4
47;2021-06-27;16;349;174597;114122;52.9;34.5
47;2021-06-28;875;2407;175472;116529;53.1;35.3
47;2021-06-29;797;2313;176269;118842;53.4;36.0
47;2021-06-30;730;2304;176999;121146;53.6;36.7
47;2021-07-01;922;2106;177921;123252;53.9;37.3
47;2021-07-02;885;2274;178806;125526;54.1;38.0
47;2021-07-03;726;3044;179532;128570;54.3;38.9
47;2021-07-04;34;12;179566;128582;54.4;38.9
47;2021-07-05;980;2148;180546;130730;54.7;39.6
47;2021-07-06;1008;1957;181554;132687;55.0;40.2
47;2021-07-07;1300;2065;182854;134752;55.4;40.8
47;2021-07-08;1144;2193;183998;136945;55.7;41.5
47;2021-07-09;1049;2406;185047;139351;56.0;42.2
47;2021-07-10;953;2131;186000;141482;56.3;42.8
47;2021-07-11;1;6;186001;141488;56.3;42.8
47;2021-07-12;558;2582;186559;144070;56.5;43.6
47;2021-07-13;1094;2588;187653;146658;56.8;44.4
47;2021-07-14;1166;1577;188819;148235;57.2;44.9
47;2021-07-15;1717;3136;190536;151371;57.7;45.8
47;2021-07-16;1723;2677;192259;154048;58.2;46.6
47;2021-07-17;1202;2459;193461;156507;58.6;47.4
47;2021-07-18;36;188;193497;156695;58.6;47.4
47;2021-07-19;1115;2558;194612;159253;58.9;48.2
47;2021-07-20;1639;2340;196251;161593;59.4;48.9
47;2021-07-21;2193;2239;198444;163832;60.1;49.6
47;2021-07-22;2159;2299;200603;166131;60.7;50.3
47;2021-07-23;2125;2248;202728;168379;61.4;51.0
47;2021-07-24;1115;1915;203843;170294;61.7;51.6
47;2021-07-25;20;1;203863;170295;61.7;51.6
47;2021-07-26;1236;1943;205099;172238;62.1;52.1
47;2021-07-27;2121;1634;207220;173872;62.7;52.6
47;2021-07-28;1882;1607;209102;175479;63.3;53.1
47;2021-07-29;2326;1596;211428;177075;64.0;53.6
47;2021-07-30;1865;1624;213293;178699;64.6;54.1
47;2021-07-31;1485;1667;214778;180366;65.0;54.6
47;2021-08-01;18;8;214796;180374;65.0;54.6
47;2021-08-02;2056;1218;216852;181592;65.6;55.0
47;2021-08-03;2160;1105;219012;182697;66.3;55.3
47;2021-08-04;2193;1527;221205;184224;67.0;55.8
47;2021-08-05;2407;1447;223612;185671;67.7;56.2
47;2021-08-06;2002;1842;225614;187513;68.3;56.8
47;2021-08-07;1628;1418;227242;188931;68.8;57.2
47;2021-08-08;24;22;227266;188953;68.8;57.2
47;2021-08-09;1884;1212;229150;190165;69.4;57.6
47;2021-08-10;1922;1297;231072;191462;70.0;58.0
47;2021-08-11;1804;1402;232876;192864;70.5;58.4
47;2021-08-12;2061;1336;234937;194200;71.1;58.8
47;2021-08-13;1424;1667;236361;195867;71.6;59.3
47;2021-08-14;1351;1442;237712;197309;72.0;59.7
47;2021-08-15;11;18;237723;197327;72.0;59.7
47;2021-08-16;1436;1446;239159;198773;72.4;60.2
47;2021-08-17;1124;1682;240283;200455;72.7;60.7
47;2021-08-18;1171;1713;241454;202168;73.1;61.2
47;2021-08-19;1037;1810;242491;203978;73.4;61.7
47;2021-08-20;965;1707;243456;205685;73.7;62.3
47;2021-08-21;826;1274;244282;206959;73.9;62.7
47;2021-08-22;19;31;244301;206990;74.0;62.7
47;2021-08-23;614;1826;244915;208816;74.1;63.2
47;2021-08-24;810;1620;245725;210436;74.4;63.7
47;2021-08-25;804;1786;246529;212222;74.6;64.2
47;2021-08-26;731;2080;247260;214302;74.9;64.9
47;2021-08-27;698;1978;247958;216280;75.1;65.5
47;2021-08-28;549;1669;248507;217949;75.2;66.0
47;2021-08-29;2;16;248509;217965;75.2;66.0
47;2021-08-30;458;1925;248967;219890;75.4;66.6
47;2021-08-31;580;1817;249547;221707;75.5;67.1
47;2021-09-01;413;2022;249960;223729;75.7;67.7
47;2021-09-02;435;2017;250395;225746;75.8;68.3
47;2021-09-03;500;1953;250895;227699;76.0;68.9
47;2021-09-04;477;1822;251372;229521;76.1;69.5
47;2021-09-05;8;36;251380;229557;76.1;69.5
47;2021-09-06;338;1405;251718;230962;76.2;69.9
47;2021-09-07;472;1267;252190;232229;76.3;70.3
47;2021-09-08;415;1621;252605;233850;76.5;70.8
47;2021-09-09;405;1343;253010;235193;76.6;71.2
47;2021-09-10;470;1331;253480;236524;76.7;71.6
47;2021-09-11;435;1429;253915;237953;76.9;72.0
47;2021-09-12;3;7;253918;237960;76.9;72.0
47;2021-09-13;252;952;254170;238912;76.9;72.3
47;2021-09-14;390;1043;254560;239955;77.1;72.6
48;2020-12-27;0;0;0;0;0.0;0.0
48;2020-12-28;0;0;0;0;0.0;0.0
48;2020-12-29;0;0;0;0;0.0;0.0
48;2020-12-30;0;0;0;0;0.0;0.0
48;2020-12-31;0;0;0;0;0.0;0.0
48;2021-01-01;0;0;0;0;0.0;0.0
48;2021-01-02;0;0;0;0;0.0;0.0
48;2021-01-03;0;0;0;0;0.0;0.0
48;2021-01-04;0;0;0;0;0.0;0.0
48;2021-01-05;0;0;0;0;0.0;0.0
48;2021-01-06;0;0;0;0;0.0;0.0
48;2021-01-07;56;0;56;0;0.1;0.0
48;2021-01-08;88;0;144;0;0.2;0.0
48;2021-01-09;1;0;145;0;0.2;0.0
48;2021-01-10;0;0;145;0;0.2;0.0
48;2021-01-11;13;0;158;0;0.2;0.0
48;2021-01-12;19;1;177;1;0.2;0.0
48;2021-01-13;104;0;281;1;0.4;0.0
48;2021-01-14;90;1;371;2;0.5;0.0
48;2021-01-15;63;0;434;2;0.6;0.0
48;2021-01-16;0;0;434;2;0.6;0.0
48;2021-01-17;0;0;434;2;0.6;0.0
48;2021-01-18;117;0;551;2;0.7;0.0
48;2021-01-19;345;2;896;4;1.2;0.0
48;2021-01-20;364;0;1260;4;1.7;0.0
48;2021-01-21;466;1;1726;5;2.3;0.0
48;2021-01-22;269;0;1995;5;2.6;0.0
48;2021-01-23;36;0;2031;5;2.7;0.0
48;2021-01-24;0;0;2031;5;2.7;0.0
48;2021-01-25;109;2;2140;7;2.8;0.0
48;2021-01-26;261;0;2401;7;3.1;0.0
48;2021-01-27;257;1;2658;8;3.5;0.0
48;2021-01-28;271;10;2929;18;3.8;0.0
48;2021-01-29;175;59;3104;77;4.1;0.1
48;2021-01-30;1;7;3105;84;4.1;0.1
48;2021-01-31;0;6;3105;90;4.1;0.1
48;2021-02-01;100;45;3205;135;4.2;0.2
48;2021-02-02;193;32;3398;167;4.5;0.2
48;2021-02-03;177;81;3575;248;4.7;0.3
48;2021-02-04;234;12;3809;260;5.0;0.3
48;2021-02-05;145;33;3954;293;5.2;0.4
48;2021-02-06;34;1;3988;294;5.2;0.4
48;2021-02-07;0;0;3988;294;5.2;0.4
48;2021-02-08;50;57;4038;351;5.3;0.5
48;2021-02-09;66;151;4104;502;5.4;0.7
48;2021-02-10;65;297;4169;799;5.5;1.0
48;2021-02-11;165;379;4334;1178;5.7;1.5
48;2021-02-12;120;143;4454;1321;5.8;1.7
48;2021-02-13;8;54;4462;1375;5.8;1.8
48;2021-02-14;0;0;4462;1375;5.8;1.8
48;2021-02-15;51;84;4513;1459;5.9;1.9
48;2021-02-16;43;132;4556;1591;6.0;2.1
48;2021-02-17;35;267;4591;1858;6.0;2.4
48;2021-02-18;252;91;4843;1949;6.3;2.6
48;2021-02-19;60;149;4903;2098;6.4;2.8
48;2021-02-20;0;1;4903;2099;6.4;2.8
48;2021-02-21;0;14;4903;2113;6.4;2.8
48;2021-02-22;24;85;4927;2198;6.5;2.9
48;2021-02-23;74;199;5001;2397;6.6;3.1
48;2021-02-24;68;238;5069;2635;6.6;3.5
48;2021-02-25;148;212;5217;2847;6.8;3.7
48;2021-02-26;51;185;5268;3032;6.9;4.0
48;2021-02-27;28;1;5296;3033;6.9;4.0
48;2021-02-28;3;14;5299;3047;6.9;4.0
48;2021-03-01;102;77;5401;3124;7.1;4.1
48;2021-03-02;199;72;5600;3196;7.3;4.2
48;2021-03-03;154;94;5754;3290;7.5;4.3
48;2021-03-04;194;171;5948;3461;7.8;4.5
48;2021-03-05;136;122;6084;3583;8.0;4.7
48;2021-03-06;180;52;6264;3635;8.2;4.8
48;2021-03-07;75;2;6339;3637;8.3;4.8
48;2021-03-08;352;120;6691;3757;8.8;4.9
48;2021-03-09;377;92;7068;3849;9.3;5.0
48;2021-03-10;263;57;7331;3906;9.6;5.1
48;2021-03-11;334;82;7665;3988;10.0;5.2
48;2021-03-12;255;138;7920;4126;10.4;5.4
48;2021-03-13;301;5;8221;4131;10.8;5.4
48;2021-03-14;8;0;8229;4131;10.8;5.4
48;2021-03-15;174;55;8403;4186;11.0;5.5
48;2021-03-16;167;65;8570;4251;11.2;5.6
48;2021-03-17;156;110;8726;4361;11.4;5.7
48;2021-03-18;190;104;8916;4465;11.7;5.9
48;2021-03-19;116;95;9032;4560;11.8;6.0
48;2021-03-20;101;0;9133;4560;12.0;6.0
48;2021-03-21;0;0;9133;4560;12.0;6.0
48;2021-03-22;160;18;9293;4578;12.2;6.0
48;2021-03-23;329;100;9622;4678;12.6;6.1
48;2021-03-24;284;99;9906;4777;13.0;6.3
48;2021-03-25;757;117;10663;4894;14.0;6.4
48;2021-03-26;269;58;10932;4952;14.3;6.5
48;2021-03-27;104;1;11036;4953;14.5;6.5
48;2021-03-28;80;20;11116;4973;14.6;6.5
48;2021-03-29;305;78;11421;5051;15.0;6.6
48;2021-03-30;365;131;11786;5182;15.4;6.8
48;2021-03-31;448;85;12234;5267;16.0;6.9
48;2021-04-01;729;72;12963;5339;17.0;7.0
48;2021-04-02;487;134;13450;5473;17.6;7.2
48;2021-04-03;140;83;13590;5556;17.8;7.3
48;2021-04-04;0;0;13590;5556;17.8;7.3
48;2021-04-05;43;1;13633;5557;17.9;7.3
48;2021-04-06;465;160;14098;5717;18.5;7.5
48;2021-04-07;465;141;14563;5858;19.1;7.7
48;2021-04-08;620;188;15183;6046;19.9;7.9
48;2021-04-09;446;122;15629;6168;20.5;8.1
48;2021-04-10;95;60;15724;6228;20.6;8.2
48;2021-04-11;2;0;15726;6228;20.6;8.2
48;2021-04-12;364;71;16090;6299;21.1;8.3
48;2021-04-13;361;92;16451;6391;21.6;8.4
48;2021-04-14;624;187;17075;6578;22.4;8.6
48;2021-04-15;702;358;17777;6936;23.3;9.1
48;2021-04-16;538;225;18315;7161;24.0;9.4
48;2021-04-17;89;71;18404;7232;24.1;9.5
48;2021-04-18;0;0;18404;7232;24.1;9.5
48;2021-04-19;197;105;18601;7337;24.4;9.6
48;2021-04-20;216;180;18817;7517;24.7;9.9
48;2021-04-21;284;208;19101;7725;25.0;10.1
48;2021-04-22;307;480;19408;8205;25.4;10.8
48;2021-04-23;255;242;19663;8447;25.8;11.1
48;2021-04-24;97;94;19760;8541;25.9;11.2
48;2021-04-25;1;9;19761;8550;25.9;11.2
48;2021-04-26;87;210;19848;8760;26.0;11.5
48;2021-04-27;172;292;20020;9052;26.2;11.9
48;2021-04-28;149;415;20169;9467;26.4;12.4
48;2021-04-29;204;488;20373;9955;26.7;13.0
48;2021-04-30;172;223;20545;10178;26.9;13.3
48;2021-05-01;0;0;20545;10178;26.9;13.3
48;2021-05-02;0;0;20545;10178;26.9;13.3
48;2021-05-03;106;386;20651;10564;27.1;13.8
48;2021-05-04;227;420;20878;10984;27.4;14.4
48;2021-05-05;84;486;20962;11470;27.5;15.0
48;2021-05-06;775;640;21737;12110;28.5;15.9
48;2021-05-07;96;503;21833;12613;28.6;16.5
48;2021-05-08;309;43;22142;12656;29.0;16.6
48;2021-05-09;285;9;22427;12665;29.4;16.6
48;2021-05-10;55;325;22482;12990;29.5;17.0
48;2021-05-11;221;289;22703;13279;29.8;17.4
48;2021-05-12;249;313;22952;13592;30.1;17.8
48;2021-05-13;472;158;23424;13750;30.7;18.0
48;2021-05-14;244;222;23668;13972;31.0;18.3
48;2021-05-15;84;46;23752;14018;31.1;18.4
48;2021-05-16;1;6;23753;14024;31.1;18.4
48;2021-05-17;474;267;24227;14291;31.8;18.7
48;2021-05-18;263;229;24490;14520;32.1;19.0
48;2021-05-19;207;277;24697;14797;32.4;19.4
48;2021-05-20;318;256;25015;15053;32.8;19.7
48;2021-05-21;174;267;25189;15320;33.0;20.1
48;2021-05-22;25;50;25214;15370;33.1;20.1
48;2021-05-23;0;6;25214;15376;33.1;20.2
48;2021-05-24;0;14;25214;15390;33.1;20.2
48;2021-05-25;180;264;25394;15654;33.3;20.5
48;2021-05-26;416;298;25810;15952;33.8;20.9
48;2021-05-27;1179;379;26989;16331;35.4;21.4
48;2021-05-28;316;350;27305;16681;35.8;21.9
48;2021-05-29;79;50;27384;16731;35.9;21.9
48;2021-05-30;0;1;27384;16732;35.9;21.9
48;2021-05-31;625;263;28009;16995;36.7;22.3
48;2021-06-01;272;305;28281;17300;37.1;22.7
48;2021-06-02;407;425;28688;17725;37.6;23.2
48;2021-06-03;629;431;29317;18156;38.4;23.8
48;2021-06-04;291;282;29608;18438;38.8;24.2
48;2021-06-05;121;77;29729;18515;39.0;24.3
48;2021-06-06;1;1;29730;18516;39.0;24.3
48;2021-06-07;440;161;30170;18677;39.5;24.5
48;2021-06-08;615;309;30785;18986;40.4;24.9
48;2021-06-09;379;190;31164;19176;40.9;25.1
48;2021-06-10;1002;241;32166;19417;42.2;25.5
48;2021-06-11;372;161;32538;19578;42.7;25.7
48;2021-06-12;74;57;32612;19635;42.7;25.7
48;2021-06-13;0;2;32612;19637;42.7;25.7
48;2021-06-14;124;115;32736;19752;42.9;25.9
48;2021-06-15;407;386;33143;20138;43.4;26.4
48;2021-06-16;260;144;33403;20282;43.8;26.6
48;2021-06-17;486;575;33889;20857;44.4;27.3
48;2021-06-18;254;314;34143;21171;44.8;27.8
48;2021-06-19;35;291;34178;21462;44.8;28.1
48;2021-06-20;123;224;34301;21686;45.0;28.4
48;2021-06-21;125;134;34426;21820;45.1;28.6
48;2021-06-22;258;334;34684;22154;45.5;29.0
48;2021-06-23;111;545;34795;22699;45.6;29.8
48;2021-06-24;364;610;35159;23309;46.1;30.6
48;2021-06-25;154;276;35313;23585;46.3;30.9
48;2021-06-26;15;45;35328;23630;46.3;31.0
48;2021-06-27;1;1;35329;23631;46.3;31.0
48;2021-06-28;81;177;35410;23808;46.4;31.2
48;2021-06-29;297;413;35707;24221;46.8;31.8
48;2021-06-30;98;465;35805;24686;46.9;32.4
48;2021-07-01;194;669;35999;25355;47.2;33.2
48;2021-07-02;148;369;36147;25724;47.4;33.7
48;2021-07-03;42;89;36189;25813;47.4;33.8
48;2021-07-04;7;0;36196;25813;47.4;33.8
48;2021-07-05;40;116;36236;25929;47.5;34.0
48;2021-07-06;277;597;36513;26526;47.9;34.8
48;2021-07-07;201;488;36714;27014;48.1;35.4
48;2021-07-08;224;1191;36938;28205;48.4;37.0
48;2021-07-09;159;553;37097;28758;48.6;37.7
48;2021-07-10;95;147;37192;28905;48.8;37.9
48;2021-07-11;0;4;37192;28909;48.8;37.9
48;2021-07-12;140;674;37332;29583;48.9;38.8
48;2021-07-13;212;431;37544;30014;49.2;39.3
48;2021-07-14;179;145;37723;30159;49.4;39.5
48;2021-07-15;187;459;37910;30618;49.7;40.1
48;2021-07-16;234;314;38144;30932;50.0;40.5
48;2021-07-17;129;118;38273;31050;50.2;40.7
48;2021-07-18;4;5;38277;31055;50.2;40.7
48;2021-07-19;105;306;38382;31361;50.3;41.1
48;2021-07-20;678;993;39060;32354;51.2;42.4
48;2021-07-21;69;371;39129;32725;51.3;42.9
48;2021-07-22;779;1124;39908;33849;52.3;44.4
48;2021-07-23;367;437;40275;34286;52.8;44.9
48;2021-07-24;509;170;40784;34456;53.5;45.2
48;2021-07-25;138;46;40922;34502;53.6;45.2
48;2021-07-26;101;198;41023;34700;53.8;45.5
48;2021-07-27;1195;644;42218;35344;55.3;46.3
48;2021-07-28;177;316;42395;35660;55.6;46.7
48;2021-07-29;715;646;43110;36306;56.5;47.6
48;2021-07-30;200;292;43310;36598;56.8;48.0
48;2021-07-31;337;178;43647;36776;57.2;48.2
48;2021-08-01;18;55;43665;36831;57.2;48.3
48;2021-08-02;228;164;43893;36995;57.5;48.5
48;2021-08-03;924;572;44817;37567;58.7;49.2
48;2021-08-04;328;220;45145;37787;59.2;49.5
48;2021-08-05;675;474;45820;38261;60.1;50.2
48;2021-08-06;442;275;46262;38536;60.6;50.5
48;2021-08-07;249;125;46511;38661;61.0;50.7
48;2021-08-08;2;5;46513;38666;61.0;50.7
48;2021-08-09;170;140;46683;38806;61.2;50.9
48;2021-08-10;726;555;47409;39361;62.1;51.6
48;2021-08-11;295;238;47704;39599;62.5;51.9
48;2021-08-12;419;414;48123;40013;63.1;52.5
48;2021-08-13;229;212;48352;40225;63.4;52.7
48;2021-08-14;137;165;48489;40390;63.6;52.9
48;2021-08-15;131;81;48620;40471;63.7;53.1
48;2021-08-16;121;192;48741;40663;63.9;53.3
48;2021-08-17;365;1188;49106;41851;64.4;54.9
48;2021-08-18;208;201;49314;42052;64.6;55.1
48;2021-08-19;240;325;49554;42377;65.0;55.6
48;2021-08-20;215;284;49769;42661;65.2;55.9
48;2021-08-21;85;232;49854;42893;65.4;56.2
48;2021-08-22;0;0;49854;42893;65.4;56.2
48;2021-08-23;65;153;49919;43046;65.4;56.4
48;2021-08-24;308;951;50227;43997;65.8;57.7
48;2021-08-25;156;349;50383;44346;66.0;58.1
48;2021-08-26;180;501;50563;44847;66.3;58.8
48;2021-08-27;152;337;50715;45184;66.5;59.2
48;2021-08-28;126;302;50841;45486;66.6;59.6
48;2021-08-29;0;1;50841;45487;66.6;59.6
48;2021-08-30;54;146;50895;45633;66.7;59.8
48;2021-08-31;258;1070;51153;46703;67.1;61.2
48;2021-09-01;123;347;51276;47050;67.2;61.7
48;2021-09-02;131;404;51407;47454;67.4;62.2
48;2021-09-03;138;328;51545;47782;67.6;62.6
48;2021-09-04;121;242;51666;48024;67.7;63.0
48;2021-09-05;3;26;51669;48050;67.7;63.0
48;2021-09-06;34;189;51703;48239;67.8;63.2
48;2021-09-07;159;392;51862;48631;68.0;63.7
48;2021-09-08;96;225;51958;48856;68.1;64.0
48;2021-09-09;83;296;52041;49152;68.2;64.4
48;2021-09-10;128;401;52169;49553;68.4;65.0
48;2021-09-11;89;215;52258;49768;68.5;65.2
48;2021-09-12;1;3;52259;49771;68.5;65.2
48;2021-09-13;74;151;52333;49922;68.6;65.4
48;2021-09-14;198;383;52531;50305;68.9;65.9
49;2020-12-27;0;0;0;0;0.0;0.0
49;2020-12-28;2;0;2;0;0.0;0.0
49;2020-12-29;0;0;2;0;0.0;0.0
49;2020-12-30;0;0;2;0;0.0;0.0
49;2020-12-31;0;0;2;0;0.0;0.0
49;2021-01-01;2;0;4;0;0.0;0.0
49;2021-01-02;1;1;5;1;0.0;0.0
49;2021-01-03;0;0;5;1;0.0;0.0
49;2021-01-04;10;0;15;1;0.0;0.0
49;2021-01-05;92;0;107;1;0.0;0.0
49;2021-01-06;232;0;339;1;0.0;0.0
49;2021-01-07;367;0;706;1;0.1;0.0
49;2021-01-08;329;1;1035;2;0.1;0.0
49;2021-01-09;118;0;1153;2;0.1;0.0
49;2021-01-10;114;0;1267;2;0.2;0.0
49;2021-01-11;287;0;1554;2;0.2;0.0
49;2021-01-12;623;0;2177;2;0.3;0.0
49;2021-01-13;602;2;2779;4;0.3;0.0
49;2021-01-14;590;5;3369;9;0.4;0.0
49;2021-01-15;775;1;4144;10;0.5;0.0
49;2021-01-16;147;0;4291;10;0.5;0.0
49;2021-01-17;111;2;4402;12;0.5;0.0
49;2021-01-18;691;0;5093;12;0.6;0.0
49;2021-01-19;1204;1;6297;13;0.8;0.0
49;2021-01-20;1512;3;7809;16;1.0;0.0
49;2021-01-21;1943;4;9752;20;1.2;0.0
49;2021-01-22;1319;5;11071;25;1.4;0.0
49;2021-01-23;263;0;11334;25;1.4;0.0
49;2021-01-24;1;0;11335;25;1.4;0.0
49;2021-01-25;552;3;11887;28;1.5;0.0
49;2021-01-26;987;74;12874;102;1.6;0.0
49;2021-01-27;1860;35;14734;137;1.8;0.0
49;2021-01-28;2878;75;17612;212;2.2;0.0
49;2021-01-29;1589;83;19201;295;2.4;0.0
49;2021-01-30;300;41;19501;336;2.4;0.0
49;2021-01-31;62;45;19563;381;2.4;0.0
49;2021-02-01;662;149;20225;530;2.5;0.1
49;2021-02-02;743;360;20968;890;2.6;0.1
49;2021-02-03;677;309;21645;1199;2.7;0.1
49;2021-02-04;758;409;22403;1608;2.7;0.2
49;2021-02-05;708;534;23111;2142;2.8;0.3
49;2021-02-06;228;101;23339;2243;2.9;0.3
49;2021-02-07;59;68;23398;2311;2.9;0.3
49;2021-02-08;549;414;23947;2725;2.9;0.3
49;2021-02-09;714;543;24661;3268;3.0;0.4
49;2021-02-10;807;793;25468;4061;3.1;0.5
49;2021-02-11;1029;1312;26497;5373;3.2;0.7
49;2021-02-12;871;895;27368;6268;3.4;0.8
49;2021-02-13;266;99;27634;6367;3.4;0.8
49;2021-02-14;9;90;27643;6457;3.4;0.8
49;2021-02-15;730;590;28373;7047;3.5;0.9
49;2021-02-16;1106;1042;29479;8089;3.6;1.0
49;2021-02-17;1160;1722;30639;9811;3.8;1.2
49;2021-02-18;1811;2343;32450;12154;4.0;1.5
49;2021-02-19;1397;1043;33847;13197;4.1;1.6
49;2021-02-20;233;330;34080;13527;4.2;1.7
49;2021-02-21;0;64;34080;13591;4.2;1.7
49;2021-02-22;646;467;34726;14058;4.3;1.7
49;2021-02-23;734;736;35460;14794;4.3;1.8
49;2021-02-24;822;525;36282;15319;4.4;1.9
49;2021-02-25;1208;675;37490;15994;4.6;2.0
49;2021-02-26;1678;721;39168;16715;4.8;2.0
49;2021-02-27;435;224;39603;16939;4.9;2.1
49;2021-02-28;49;30;39652;16969;4.9;2.1
49;2021-03-01;767;493;40419;17462;5.0;2.1
49;2021-03-02;1082;601;41501;18063;5.1;2.2
49;2021-03-03;1559;598;43060;18661;5.3;2.3
49;2021-03-04;1768;836;44828;19497;5.5;2.4
49;2021-03-05;2214;620;47042;20117;5.8;2.5
49;2021-03-06;717;160;47759;20277;5.9;2.5
49;2021-03-07;627;12;48386;20289;5.9;2.5
49;2021-03-08;1397;657;49783;20946;6.1;2.6
49;2021-03-09;2051;685;51834;21631;6.4;2.7
49;2021-03-10;2530;836;54364;22467;6.7;2.8
49;2021-03-11;3195;1428;57559;23895;7.1;2.9
49;2021-03-12;3766;975;61325;24870;7.5;3.0
49;2021-03-13;1501;198;62826;25068;7.7;3.1
49;2021-03-14;6;0;62832;25068;7.7;3.1
49;2021-03-15;2084;524;64916;25592;8.0;3.1
49;2021-03-16;1733;955;66649;26547;8.2;3.3
49;2021-03-17;1811;674;68460;27221;8.4;3.3
49;2021-03-18;2204;717;70664;27938;8.7;3.4
49;2021-03-19;3334;557;73998;28495;9.1;3.5
49;2021-03-20;1743;203;75741;28698;9.3;3.5
49;2021-03-21;499;22;76240;28720;9.3;3.5
49;2021-03-22;2247;542;78487;29262;9.6;3.6
49;2021-03-23;3406;673;81893;29935;10.0;3.7
49;2021-03-24;3602;497;85495;30432;10.5;3.7
49;2021-03-25;4226;651;89721;31083;11.0;3.8
49;2021-03-26;4885;500;94606;31583;11.6;3.9
49;2021-03-27;1674;98;96280;31681;11.8;3.9
49;2021-03-28;400;27;96680;31708;11.8;3.9
49;2021-03-29;2371;605;99051;32313;12.1;4.0
49;2021-03-30;3267;937;102318;33250;12.5;4.1
49;2021-03-31;2980;748;105298;33998;12.9;4.2
49;2021-04-01;4122;868;109420;34866;13.4;4.3
49;2021-04-02;4297;954;113717;35820;13.9;4.4
49;2021-04-03;971;193;114688;36013;14.1;4.4
49;2021-04-04;315;3;115003;36016;14.1;4.4
49;2021-04-05;944;22;115947;36038;14.2;4.4
49;2021-04-06;2331;1316;118278;37354;14.5;4.6
49;2021-04-07;3308;1363;121586;38717;14.9;4.7
49;2021-04-08;5184;1422;126770;40139;15.5;4.9
49;2021-04-09;6207;1436;132977;41575;16.3;5.1
49;2021-04-10;2067;500;135044;42075;16.6;5.2
49;2021-04-11;390;9;135434;42084;16.6;5.2
49;2021-04-12;4075;1572;139509;43656;17.1;5.4
49;2021-04-13;5381;1913;144890;45569;17.8;5.6
49;2021-04-14;4542;1877;149432;47446;18.3;5.8
49;2021-04-15;5380;1879;154812;49325;19.0;6.0
49;2021-04-16;5762;2138;160574;51463;19.7;6.3
49;2021-04-17;3336;852;163910;52315;20.1;6.4
49;2021-04-18;381;476;164291;52791;20.1;6.5
49;2021-04-19;3710;2056;168001;54847;20.6;6.7
49;2021-04-20;4375;2111;172376;56958;21.1;7.0
49;2021-04-21;3954;2202;176330;59160;21.6;7.3
49;2021-04-22;4836;2108;181166;61268;22.2;7.5
49;2021-04-23;4814;2334;185980;63602;22.8;7.8
49;2021-04-24;2939;1154;188919;64756;23.2;7.9
49;2021-04-25;40;282;188959;65038;23.2;8.0
49;2021-04-26;3743;2109;192702;67147;23.6;8.2
49;2021-04-27;4473;2497;197175;69644;24.2;8.5
49;2021-04-28;4617;2498;201792;72142;24.7;8.8
49;2021-04-29;5206;3015;206998;75157;25.4;9.2
49;2021-04-30;5556;3194;212554;78351;26.1;9.6
49;2021-05-01;2364;665;214918;79016;26.3;9.7
49;2021-05-02;5;40;214923;79056;26.3;9.7
49;2021-05-03;5012;2409;219935;81465;27.0;10.0
49;2021-05-04;4972;3035;224907;84500;27.6;10.4
49;2021-05-05;4789;3005;229696;87505;28.2;10.7
49;2021-05-06;5330;3092;235026;90597;28.8;11.1
49;2021-05-07;4281;5009;239307;95606;29.3;11.7
49;2021-05-08;3577;437;242884;96043;29.8;11.8
49;2021-05-09;10;41;242894;96084;29.8;11.8
49;2021-05-10;4830;4269;247724;100353;30.4;12.3
49;2021-05-11;5397;5083;253121;105436;31.0;12.9
49;2021-05-12;4801;4590;257922;110026;31.6;13.5
49;2021-05-13;4779;690;262701;110716;32.2;13.6
49;2021-05-14;5172;3267;267873;113983;32.8;14.0
49;2021-05-15;4157;1806;272030;115789;33.3;14.2
49;2021-05-16;2788;117;274818;115906;33.7;14.2
49;2021-05-17;4834;3682;279652;119588;34.3;14.7
49;2021-05-18;5474;3769;285126;123357;34.9;15.1
49;2021-05-19;5918;3231;291044;126588;35.7;15.5
49;2021-05-20;6809;2964;297853;129552;36.5;15.9
49;2021-05-21;6452;3745;304305;133297;37.3;16.3
49;2021-05-22;5186;1191;309491;134488;37.9;16.5
49;2021-05-23;1;12;309492;134500;37.9;16.5
49;2021-05-24;4215;448;313707;134948;38.5;16.5
49;2021-05-25;6330;3295;320037;138243;39.2;16.9
49;2021-05-26;6274;2664;326311;140907;40.0;17.3
49;2021-05-27;7112;2723;333423;143630;40.9;17.6
49;2021-05-28;6877;4004;340300;147634;41.7;18.1
49;2021-05-29;5024;1894;345324;149528;42.3;18.3
49;2021-05-30;21;14;345345;149542;42.3;18.3
49;2021-05-31;6038;3217;351383;152759;43.1;18.7
49;2021-06-01;6591;3978;357974;156737;43.9;19.2
49;2021-06-02;5795;3739;363769;160476;44.6;19.7
49;2021-06-03;6606;3417;370375;163893;45.4;20.1
49;2021-06-04;6470;4859;376845;168752;46.2;20.7
49;2021-06-05;4387;2694;381232;171446;46.7;21.0
49;2021-06-06;38;48;381270;171494;46.7;21.0
49;2021-06-07;4634;4759;385904;176253;47.3;21.6
49;2021-06-08;5188;5102;391092;181355;47.9;22.2
49;2021-06-09;5325;4502;396417;185857;48.6;22.8
49;2021-06-10;6006;3780;402423;189637;49.3;23.2
49;2021-06-11;4872;6032;407295;195669;49.9;24.0
49;2021-06-12;4098;3200;411393;198869;50.4;24.4
49;2021-06-13;20;989;411413;199858;50.4;24.5
49;2021-06-14;3412;6015;414825;205873;50.8;25.2
49;2021-06-15;4243;6393;419068;212266;51.4;26.0
49;2021-06-16;4152;5677;423220;217943;51.9;26.7
49;2021-06-17;5068;5076;428288;223019;52.5;27.3
49;2021-06-18;4134;6886;432422;229905;53.0;28.2
49;2021-06-19;3525;3971;435947;233876;53.4;28.7
49;2021-06-20;33;25;435980;233901;53.4;28.7
49;2021-06-21;2829;6510;438809;240411;53.8;29.5
49;2021-06-22;3208;7005;442017;247416;54.2;30.3
49;2021-06-23;3254;6313;445271;253729;54.6;31.1
49;2021-06-24;4318;4976;449589;258705;55.1;31.7
49;2021-06-25;3328;7449;452917;266154;55.5;32.6
49;2021-06-26;2570;4626;455487;270780;55.8;33.2
49;2021-06-27;15;1544;455502;272324;55.8;33.4
49;2021-06-28;2234;7183;457736;279507;56.1;34.3
49;2021-06-29;3029;7270;460765;286777;56.5;35.1
49;2021-06-30;2826;6805;463591;293582;56.8;36.0
49;2021-07-01;3396;6277;466987;299859;57.2;36.8
49;2021-07-02;3068;8070;470055;307929;57.6;37.7
49;2021-07-03;2008;5485;472063;313414;57.9;38.4
49;2021-07-04;7;53;472070;313467;57.9;38.4
49;2021-07-05;1741;7081;473811;320548;58.1;39.3
49;2021-07-06;1895;7550;475706;328098;58.3;40.2
49;2021-07-07;2102;6623;477808;334721;58.6;41.0
49;2021-07-08;2691;6358;480499;341079;58.9;41.8
49;2021-07-09;2363;8246;482862;349325;59.2;42.8
49;2021-07-10;1804;5344;484666;354669;59.4;43.5
49;2021-07-11;11;35;484677;354704;59.4;43.5
49;2021-07-12;1948;7713;486625;362417;59.6;44.4
49;2021-07-13;2574;8305;489199;370722;60.0;45.4
49;2021-07-14;2893;3373;492092;374095;60.3;45.9
49;2021-07-15;3168;7552;495260;381647;60.7;46.8
49;2021-07-16;3398;8296;498658;389943;61.1;47.8
49;2021-07-17;2104;5479;500762;395422;61.4;48.5
49;2021-07-18;3751;583;504513;396005;61.8;48.5
49;2021-07-19;2668;7452;507181;403457;62.2;49.5
49;2021-07-20;3588;7480;510769;410937;62.6;50.4
49;2021-07-21;4230;6464;514999;417401;63.1;51.2
49;2021-07-22;4818;5865;519817;423266;63.7;51.9
49;2021-07-23;5116;6622;524933;429888;64.3;52.7
49;2021-07-24;3689;5001;528622;434889;64.8;53.3
49;2021-07-25;67;33;528689;434922;64.8;53.3
49;2021-07-26;4516;5900;533205;440822;65.4;54.0
49;2021-07-27;5755;5443;538960;446265;66.1;54.7
49;2021-07-28;6019;4361;544979;450626;66.8;55.2
49;2021-07-29;6705;4154;551684;454780;67.6;55.7
49;2021-07-30;6177;4788;557861;459568;68.4;56.3
49;2021-07-31;3959;3422;561820;462990;68.9;56.7
49;2021-08-01;21;22;561841;463012;68.9;56.7
49;2021-08-02;4272;4654;566113;467666;69.4;57.3
49;2021-08-03;5434;3801;571547;471467;70.1;57.8
49;2021-08-04;5274;3716;576821;475183;70.7;58.2
49;2021-08-05;5307;3290;582128;478473;71.3;58.6
49;2021-08-06;5718;4281;587846;482754;72.1;59.2
49;2021-08-07;3924;3044;591770;485798;72.5;59.5
49;2021-08-08;24;36;591794;485834;72.5;59.5
49;2021-08-09;3499;4681;595293;490515;73.0;60.1
49;2021-08-10;4245;3898;599538;494413;73.5;60.6
49;2021-08-11;4009;3647;603547;498060;74.0;61.0
49;2021-08-12;2659;3055;606206;501115;74.3;61.4
49;2021-08-13;3920;4266;610126;505381;74.8;61.9
49;2021-08-14;2278;3149;612404;508530;75.1;62.3
49;2021-08-15;29;26;612433;508556;75.1;62.3
49;2021-08-16;2831;5063;615264;513619;75.4;63.0
49;2021-08-17;3278;4913;618542;518532;75.8;63.6
49;2021-08-18;2970;4114;621512;522646;76.2;64.1
49;2021-08-19;1539;3662;623051;526308;76.4;64.5
49;2021-08-20;2732;5776;625783;532084;76.7;65.2
49;2021-08-21;1390;4149;627173;536233;76.9;65.7
49;2021-08-22;6;41;627179;536274;76.9;65.7
49;2021-08-23;2253;5626;629432;541900;77.1;66.4
49;2021-08-24;2737;5786;632169;547686;77.5;67.1
49;2021-08-25;2325;5431;634494;553117;77.8;67.8
49;2021-08-26;1704;4827;636198;557944;78.0;68.4
49;2021-08-27;2446;6812;638644;564756;78.3;69.2
49;2021-08-28;901;4304;639545;569060;78.4;69.7
49;2021-08-29;4;94;639549;569154;78.4;69.8
49;2021-08-30;1151;4295;640700;573449;78.5;70.3
49;2021-08-31;2233;6001;642933;579450;78.8;71.0
49;2021-09-01;1678;4453;644611;583903;79.0;71.6
49;2021-09-02;1052;2805;645663;586708;79.1;71.9
49;2021-09-03;1456;4184;647119;590892;79.3;72.4
49;2021-09-04;1207;3570;648326;594462;79.5;72.9
49;2021-09-05;4;9;648330;594471;79.5;72.9
49;2021-09-06;1093;2943;649423;597414;79.6;73.2
49;2021-09-07;1188;2883;650611;600297;79.7;73.6
49;2021-09-08;980;3323;651591;603620;79.9;74.0
49;2021-09-09;770;1774;652361;605394;80.0;74.2
49;2021-09-10;971;3066;653332;608460;80.1;74.6
49;2021-09-11;722;2639;654054;611099;80.2;74.9
49;2021-09-12;11;8;654065;611107;80.2;74.9
49;2021-09-13;738;2540;654803;613647;80.3;75.2
49;2021-09-14;633;2300;655436;615947;80.3;75.5
50;2020-12-27;0;0;0;0;0.0;0.0
50;2020-12-28;0;0;0;0;0.0;0.0
50;2020-12-29;1;0;1;0;0.0;0.0
50;2020-12-30;0;0;1;0;0.0;0.0
50;2020-12-31;0;0;1;0;0.0;0.0
50;2021-01-01;0;0;1;0;0.0;0.0
50;2021-01-02;0;0;1;0;0.0;0.0
50;2021-01-03;0;0;1;0;0.0;0.0
50;2021-01-04;1;0;2;0;0.0;0.0
50;2021-01-05;0;0;2;0;0.0;0.0
50;2021-01-06;126;0;128;0;0.0;0.0
50;2021-01-07;323;0;451;0;0.1;0.0
50;2021-01-08;436;2;887;2;0.2;0.0
50;2021-01-09;236;0;1123;2;0.2;0.0
50;2021-01-10;23;0;1146;2;0.2;0.0
50;2021-01-11;391;1;1537;3;0.3;0.0
50;2021-01-12;600;0;2137;3;0.4;0.0
50;2021-01-13;694;5;2831;8;0.6;0.0
50;2021-01-14;1046;5;3877;13;0.8;0.0
50;2021-01-15;710;2;4587;15;0.9;0.0
50;2021-01-16;215;3;4802;18;1.0;0.0
50;2021-01-17;1;0;4803;18;1.0;0.0
50;2021-01-18;620;1;5423;19;1.1;0.0
50;2021-01-19;901;3;6324;22;1.3;0.0
50;2021-01-20;965;0;7289;22;1.5;0.0
50;2021-01-21;917;4;8206;26;1.7;0.0
50;2021-01-22;716;2;8922;28;1.8;0.0
50;2021-01-23;667;4;9589;32;2.0;0.0
50;2021-01-24;880;3;10469;35;2.1;0.0
50;2021-01-25;2711;7;13180;42;2.7;0.0
50;2021-01-26;1336;14;14516;56;3.0;0.0
50;2021-01-27;766;56;15282;112;3.1;0.0
50;2021-01-28;718;161;16000;273;3.3;0.1
50;2021-01-29;581;290;16581;563;3.4;0.1
50;2021-01-30;381;137;16962;700;3.5;0.1
50;2021-01-31;0;0;16962;700;3.5;0.1
50;2021-02-01;450;209;17412;909;3.5;0.2
50;2021-02-02;417;224;17829;1133;3.6;0.2
50;2021-02-03;391;366;18220;1499;3.7;0.3
50;2021-02-04;486;422;18706;1921;3.8;0.4
50;2021-02-05;424;425;19130;2346;3.9;0.5
50;2021-02-06;179;104;19309;2450;3.9;0.5
50;2021-02-07;0;0;19309;2450;3.9;0.5
50;2021-02-08;254;432;19563;2882;4.0;0.6
50;2021-02-09;246;548;19809;3430;4.0;0.7
50;2021-02-10;571;469;20380;3899;4.2;0.8
50;2021-02-11;437;830;20817;4729;4.2;1.0
50;2021-02-12;329;576;21146;5305;4.3;1.1
50;2021-02-13;306;413;21452;5718;4.4;1.2
50;2021-02-14;185;732;21637;6450;4.4;1.3
50;2021-02-15;663;1776;22300;8226;4.5;1.7
50;2021-02-16;746;1454;23046;9680;4.7;2.0
50;2021-02-17;632;674;23678;10354;4.8;2.1
50;2021-02-18;569;685;24247;11039;4.9;2.2
50;2021-02-19;631;393;24878;11432;5.1;2.3
50;2021-02-20;423;128;25301;11560;5.2;2.4
50;2021-02-21;85;21;25386;11581;5.2;2.4
50;2021-02-22;291;569;25677;12150;5.2;2.5
50;2021-02-23;502;430;26179;12580;5.3;2.6
50;2021-02-24;624;489;26803;13069;5.5;2.7
50;2021-02-25;779;479;27582;13548;5.6;2.8
50;2021-02-26;999;318;28581;13866;5.8;2.8
50;2021-02-27;887;97;29468;13963;6.0;2.8
50;2021-02-28;111;0;29579;13963;6.0;2.8
50;2021-03-01;488;448;30067;14411;6.1;2.9
50;2021-03-02;651;431;30718;14842;6.3;3.0
50;2021-03-03;797;381;31515;15223;6.4;3.1
50;2021-03-04;1248;290;32763;15513;6.7;3.2
50;2021-03-05;1554;296;34317;15809;7.0;3.2
50;2021-03-06;1319;137;35636;15946;7.3;3.2
50;2021-03-07;550;39;36186;15985;7.4;3.3
50;2021-03-08;1025;572;37211;16557;7.6;3.4
50;2021-03-09;1559;541;38770;17098;7.9;3.5
50;2021-03-10;1609;293;40379;17391;8.2;3.5
50;2021-03-11;2352;338;42731;17729;8.7;3.6
50;2021-03-12;2866;239;45597;17968;9.3;3.7
50;2021-03-13;1995;125;47592;18093;9.7;3.7
50;2021-03-14;280;41;47872;18134;9.8;3.7
50;2021-03-15;1378;291;49250;18425;10.0;3.8
50;2021-03-16;1341;275;50591;18700;10.3;3.8
50;2021-03-17;1296;402;51887;19102;10.6;3.9
50;2021-03-18;1162;427;53049;19529;10.8;4.0
50;2021-03-19;1733;576;54782;20105;11.2;4.1
50;2021-03-20;1688;231;56470;20336;11.5;4.1
50;2021-03-21;794;12;57264;20348;11.7;4.1
50;2021-03-22;1509;333;58773;20681;12.0;4.2
50;2021-03-23;2077;398;60850;21079;12.4;4.3
50;2021-03-24;2281;550;63131;21629;12.9;4.4
50;2021-03-25;2813;470;65944;22099;13.4;4.5
50;2021-03-26;3206;468;69150;22567;14.1;4.6
50;2021-03-27;1823;372;70973;22939;14.5;4.7
50;2021-03-28;403;20;71376;22959;14.5;4.7
50;2021-03-29;2139;717;73515;23676;15.0;4.8
50;2021-03-30;2283;641;75798;24317;15.4;5.0
50;2021-03-31;2478;569;78276;24886;16.0;5.1
50;2021-04-01;3106;862;81382;25748;16.6;5.2
50;2021-04-02;2963;928;84345;26676;17.2;5.4
50;2021-04-03;1245;675;85590;27351;17.4;5.6
50;2021-04-04;321;134;85911;27485;17.5;5.6
50;2021-04-05;400;27;86311;27512;17.6;5.6
50;2021-04-06;2129;1223;88440;28735;18.0;5.9
50;2021-04-07;2559;1175;90999;29910;18.5;6.1
50;2021-04-08;3597;1207;94596;31117;19.3;6.3
50;2021-04-09;3936;1300;98532;32417;20.1;6.6
50;2021-04-10;2533;873;101065;33290;20.6;6.8
50;2021-04-11;411;144;101476;33434;20.7;6.8
50;2021-04-12;2438;1375;103914;34809;21.2;7.1
50;2021-04-13;2678;1511;106592;36320;21.7;7.4
50;2021-04-14;2608;1353;109200;37673;22.3;7.7
50;2021-04-15;3162;1114;112362;38787;22.9;7.9
50;2021-04-16;3365;1103;115727;39890;23.6;8.1
50;2021-04-17;2398;1185;118125;41075;24.1;8.4
50;2021-04-18;425;664;118550;41739;24.2;8.5
50;2021-04-19;1997;1470;120547;43209;24.6;8.8
50;2021-04-20;2275;1588;122822;44797;25.0;9.1
50;2021-04-21;2552;1758;125374;46555;25.6;9.5
50;2021-04-22;3078;1825;128452;48380;26.2;9.9
50;2021-04-23;2758;1916;131210;50296;26.7;10.3
50;2021-04-24;1901;1428;133111;51724;27.1;10.5
50;2021-04-25;470;272;133581;51996;27.2;10.6
50;2021-04-26;2120;1877;135701;53873;27.7;11.0
50;2021-04-27;2413;1996;138114;55869;28.1;11.4
50;2021-04-28;2708;1972;140822;57841;28.7;11.8
50;2021-04-29;3286;2039;144108;59880;29.4;12.2
50;2021-04-30;3000;1924;147108;61804;30.0;12.6
50;2021-05-01;1015;596;148123;62400;30.2;12.7
50;2021-05-02;523;448;148646;62848;30.3;12.8
50;2021-05-03;1771;1804;150417;64652;30.7;13.2
50;2021-05-04;1771;2329;152188;66981;31.0;13.7
50;2021-05-05;1661;2950;153849;69931;31.4;14.3
50;2021-05-06;2531;2580;156380;72511;31.9;14.8
50;2021-05-07;2150;2850;158530;75361;32.3;15.4
50;2021-05-08;1171;792;159701;76153;32.5;15.5
50;2021-05-09;624;361;160325;76514;32.7;15.6
50;2021-05-10;1705;2603;162030;79117;33.0;16.1
50;2021-05-11;2542;2836;164572;81953;33.5;16.7
50;2021-05-12;3180;2437;167752;84390;34.2;17.2
50;2021-05-13;3383;611;171135;85001;34.9;17.3
50;2021-05-14;3571;2274;174706;87275;35.6;17.8
50;2021-05-15;4003;1870;178709;89145;36.4;18.2
50;2021-05-16;947;267;179656;89412;36.6;18.2
50;2021-05-17;2140;1877;181796;91289;37.1;18.6
50;2021-05-18;2523;1615;184319;92904;37.6;18.9
50;2021-05-19;2503;1446;186822;94350;38.1;19.2
50;2021-05-20;3261;1625;190083;95975;38.7;19.6
50;2021-05-21;3158;1907;193241;97882;39.4;19.9
50;2021-05-22;2651;1323;195892;99205;39.9;20.2
50;2021-05-23;604;284;196496;99489;40.0;20.3
50;2021-05-24;1527;490;198023;99979;40.4;20.4
50;2021-05-25;2450;1668;200473;101647;40.9;20.7
50;2021-05-26;3000;1455;203473;103102;41.5;21.0
50;2021-05-27;3034;1970;206507;105072;42.1;21.4
50;2021-05-28;2945;2111;209452;107183;42.7;21.8
50;2021-05-29;2760;1402;212212;108585;43.2;22.1
50;2021-05-30;812;327;213024;108912;43.4;22.2
50;2021-05-31;2652;1815;215676;110727;44.0;22.6
50;2021-06-01;3332;2067;219008;112794;44.6;23.0
50;2021-06-02;3261;1788;222269;114582;45.3;23.4
50;2021-06-03;3914;2060;226183;116642;46.1;23.8
50;2021-06-04;3824;2874;230007;119516;46.9;24.4
50;2021-06-05;2960;1837;232967;121353;47.5;24.7
50;2021-06-06;813;442;233780;121795;47.6;24.8
50;2021-06-07;3513;2078;237293;123873;48.4;25.2
50;2021-06-08;4072;2228;241365;126101;49.2;25.7
50;2021-06-09;4255;1986;245620;128087;50.1;26.1
50;2021-06-10;4198;2114;249818;130201;50.9;26.5
50;2021-06-11;4226;2715;254044;132916;51.8;27.1
50;2021-06-12;3738;1614;257782;134530;52.5;27.4
50;2021-06-13;1143;451;258925;134981;52.8;27.5
50;2021-06-14;2694;2967;261619;137948;53.3;28.1
50;2021-06-15;3020;2599;264639;140547;53.9;28.6
50;2021-06-16;3096;1970;267735;142517;54.6;29.0
50;2021-06-17;2799;2484;270534;145001;55.1;29.6
50;2021-06-18;3240;3049;273774;148050;55.8;30.2
50;2021-06-19;3178;1925;276952;149975;56.4;30.6
50;2021-06-20;731;710;277683;150685;56.6;30.7
50;2021-06-21;1819;3129;279502;153814;57.0;31.3
50;2021-06-22;2064;3390;281566;157204;57.4;32.0
50;2021-06-23;1872;3875;283438;161079;57.8;32.8
50;2021-06-24;1714;4007;285152;165086;58.1;33.6
50;2021-06-25;2135;4010;287287;169096;58.6;34.5
50;2021-06-26;2146;3693;289433;172789;59.0;35.2
50;2021-06-27;616;895;290049;173684;59.1;35.4
50;2021-06-28;1927;3349;291976;177033;59.5;36.1
50;2021-06-29;1882;3406;293858;180439;59.9;36.8
50;2021-06-30;2183;3407;296041;183846;60.3;37.5
50;2021-07-01;1947;3281;297988;187127;60.7;38.1
50;2021-07-02;1899;3932;299887;191059;61.1;38.9
50;2021-07-03;1448;3446;301335;194505;61.4;39.6
50;2021-07-04;445;1066;301780;195571;61.5;39.9
50;2021-07-05;1262;3412;303042;198983;61.8;40.6
50;2021-07-06;1576;3894;304618;202877;62.1;41.3
50;2021-07-07;1803;3617;306421;206494;62.4;42.1
50;2021-07-08;1377;4105;307798;210599;62.7;42.9
50;2021-07-09;1395;4572;309193;215171;63.0;43.9
50;2021-07-10;1025;3599;310218;218770;63.2;44.6
50;2021-07-11;373;1018;310591;219788;63.3;44.8
50;2021-07-12;1319;4623;311910;224411;63.6;45.7
50;2021-07-13;1626;4857;313536;229268;63.9;46.7
50;2021-07-14;1476;2359;315012;231627;64.2;47.2
50;2021-07-15;1687;5048;316699;236675;64.5;48.2
50;2021-07-16;2993;5242;319692;241917;65.2;49.3
50;2021-07-17;2149;3732;321841;245649;65.6;50.1
50;2021-07-18;402;1089;322243;246738;65.7;50.3
50;2021-07-19;1573;5183;323816;251921;66.0;51.3
50;2021-07-20;1929;5410;325745;257331;66.4;52.4
50;2021-07-21;1803;5256;327548;262587;66.8;53.5
50;2021-07-22;1949;5003;329497;267590;67.2;54.5
50;2021-07-23;2072;5372;331569;272962;67.6;55.6
50;2021-07-24;1310;3837;332879;276799;67.8;56.4
50;2021-07-25;274;1037;333153;277836;67.9;56.6
50;2021-07-26;2290;3487;335443;281323;68.4;57.3
50;2021-07-27;2899;3345;338342;284668;69.0;58.0
50;2021-07-28;2996;3685;341338;288353;69.6;58.8
50;2021-07-29;3583;3220;344921;291573;70.3;59.4
50;2021-07-30;3075;3005;347996;294578;70.9;60.0
50;2021-07-31;2405;2672;350401;297250;71.4;60.6
50;2021-08-01;484;685;350885;297935;71.5;60.7
50;2021-08-02;2475;2738;353360;300673;72.0;61.3
50;2021-08-03;3405;2469;356765;303142;72.7;61.8
50;2021-08-04;3597;2322;360362;305464;73.4;62.3
50;2021-08-05;3187;2159;363549;307623;74.1;62.7
50;2021-08-06;3654;2799;367203;310422;74.8;63.3
50;2021-08-07;2459;2156;369662;312578;75.3;63.7
50;2021-08-08;511;712;370173;313290;75.4;63.8
50;2021-08-09;2484;2133;372657;315423;75.9;64.3
50;2021-08-10;2972;1985;375629;317408;76.6;64.7
50;2021-08-11;2833;2018;378462;319426;77.1;65.1
50;2021-08-12;2572;2440;381034;321866;77.7;65.6
50;2021-08-13;2466;1980;383500;323846;78.2;66.0
50;2021-08-14;1810;1746;385310;325592;78.5;66.4
50;2021-08-15;399;334;385709;325926;78.6;66.4
50;2021-08-16;1695;2225;387404;328151;79.0;66.9
50;2021-08-17;1951;2702;389355;330853;79.4;67.4
50;2021-08-18;1817;2388;391172;333241;79.7;67.9
50;2021-08-19;1702;2575;392874;335816;80.1;68.4
50;2021-08-20;1605;2740;394479;338556;80.4;69.0
50;2021-08-21;1012;2727;395491;341283;80.6;69.6
50;2021-08-22;384;519;395875;341802;80.7;69.7
50;2021-08-23;1135;2902;397010;344704;80.9;70.3
50;2021-08-24;1240;3222;398250;347926;81.2;70.9
50;2021-08-25;1085;2650;399335;350576;81.4;71.4
50;2021-08-26;860;3158;400195;353734;81.6;72.1
50;2021-08-27;928;3181;401123;356915;81.8;72.7
50;2021-08-28;789;2888;401912;359803;81.9;73.3
50;2021-08-29;282;574;402194;360377;82.0;73.4
50;2021-08-30;767;2945;402961;363322;82.1;74.0
50;2021-08-31;816;3033;403777;366355;82.3;74.7
50;2021-09-01;628;2886;404405;369241;82.4;75.3
50;2021-09-02;500;2541;404905;371782;82.5;75.8
50;2021-09-03;654;2876;405559;374658;82.7;76.4
50;2021-09-04;617;2992;406176;377650;82.8;77.0
50;2021-09-05;194;741;406370;378391;82.8;77.1
50;2021-09-06;376;2194;406746;380585;82.9;77.6
50;2021-09-07;293;1752;407039;382337;83.0;77.9
50;2021-09-08;457;2126;407496;384463;83.0;78.4
50;2021-09-09;379;1492;407875;385955;83.1;78.7
50;2021-09-10;491;2013;408366;387968;83.2;79.1
50;2021-09-11;362;2427;408728;390395;83.3;79.6
50;2021-09-12;71;387;408799;390782;83.3;79.6
50;2021-09-13;405;1382;409204;392164;83.4;79.9
50;2021-09-14;401;1382;409605;393546;83.5;80.2
51;2020-12-27;0;0;0;0;0.0;0.0
51;2020-12-28;0;0;0;0;0.0;0.0
51;2020-12-29;0;0;0;0;0.0;0.0
51;2020-12-30;0;0;0;0;0.0;0.0
51;2020-12-31;1;0;1;0;0.0;0.0
51;2021-01-01;0;0;1;0;0.0;0.0
51;2021-01-02;0;0;1;0;0.0;0.0
51;2021-01-03;0;0;1;0;0.0;0.0
51;2021-01-04;1;0;2;0;0.0;0.0
51;2021-01-05;1;0;3;0;0.0;0.0
51;2021-01-06;6;0;9;0;0.0;0.0
51;2021-01-07;262;1;271;1;0.0;0.0
51;2021-01-08;508;1;779;2;0.1;0.0
51;2021-01-09;91;0;870;2;0.2;0.0
51;2021-01-10;0;0;870;2;0.2;0.0
51;2021-01-11;545;2;1415;4;0.3;0.0
51;2021-01-12;1541;4;2956;8;0.5;0.0
51;2021-01-13;1291;5;4247;13;0.8;0.0
51;2021-01-14;1476;6;5723;19;1.0;0.0
51;2021-01-15;607;3;6330;22;1.1;0.0
51;2021-01-16;177;1;6507;23;1.2;0.0
51;2021-01-17;102;0;6609;23;1.2;0.0
51;2021-01-18;846;3;7455;26;1.3;0.0
51;2021-01-19;999;2;8454;28;1.5;0.0
51;2021-01-20;944;7;9398;35;1.7;0.0
51;2021-01-21;790;2;10188;37;1.8;0.0
51;2021-01-22;392;2;10580;39;1.9;0.0
51;2021-01-23;294;0;10874;39;1.9;0.0
51;2021-01-24;130;1;11004;40;2.0;0.0
51;2021-01-25;712;3;11716;43;2.1;0.0
51;2021-01-26;780;5;12496;48;2.2;0.0
51;2021-01-27;655;2;13151;50;2.3;0.0
51;2021-01-28;646;55;13797;105;2.4;0.0
51;2021-01-29;474;141;14271;246;2.5;0.0
51;2021-01-30;126;5;14397;251;2.6;0.0
51;2021-01-31;83;0;14480;251;2.6;0.0
51;2021-02-01;275;58;14755;309;2.6;0.1
51;2021-02-02;738;621;15493;930;2.7;0.2
51;2021-02-03;642;453;16135;1383;2.9;0.2
51;2021-02-04;968;734;17103;2117;3.0;0.4
51;2021-02-05;973;473;18076;2590;3.2;0.5
51;2021-02-06;30;136;18106;2726;3.2;0.5
51;2021-02-07;0;18;18106;2744;3.2;0.5
51;2021-02-08;115;392;18221;3136;3.2;0.6
51;2021-02-09;222;454;18443;3590;3.3;0.6
51;2021-02-10;219;599;18662;4189;3.3;0.7
51;2021-02-11;302;490;18964;4679;3.4;0.8
51;2021-02-12;341;489;19305;5168;3.4;0.9
51;2021-02-13;8;94;19313;5262;3.4;0.9
51;2021-02-14;8;118;19321;5380;3.4;1.0
51;2021-02-15;265;593;19586;5973;3.5;1.1
51;2021-02-16;402;763;19988;6736;3.5;1.2
51;2021-02-17;367;694;20355;7430;3.6;1.3
51;2021-02-18;437;470;20792;7900;3.7;1.4
51;2021-02-19;529;380;21321;8280;3.8;1.5
51;2021-02-20;205;264;21526;8544;3.8;1.5
51;2021-02-21;10;93;21536;8637;3.8;1.5
51;2021-02-22;195;544;21731;9181;3.9;1.6
51;2021-02-23;262;913;21993;10094;3.9;1.8
51;2021-02-24;414;554;22407;10648;4.0;1.9
51;2021-02-25;1050;779;23457;11427;4.2;2.0
51;2021-02-26;1227;601;24684;12028;4.4;2.1
51;2021-02-27;590;96;25274;12124;4.5;2.2
51;2021-02-28;7;52;25281;12176;4.5;2.2
51;2021-03-01;767;278;26048;12454;4.6;2.2
51;2021-03-02;1128;415;27176;12869;4.8;2.3
51;2021-03-03;1193;388;28369;13257;5.0;2.4
51;2021-03-04;1061;630;29430;13887;5.2;2.5
51;2021-03-05;1560;565;30990;14452;5.5;2.6
51;2021-03-06;1433;56;32423;14508;5.8;2.6
51;2021-03-07;250;5;32673;14513;5.8;2.6
51;2021-03-08;992;98;33665;14611;6.0;2.6
51;2021-03-09;1665;180;35330;14791;6.3;2.6
51;2021-03-10;1994;99;37324;14890;6.6;2.6
51;2021-03-11;2372;167;39696;15057;7.0;2.7
51;2021-03-12;3253;149;42949;15206;7.6;2.7
51;2021-03-13;2550;49;45499;15255;8.1;2.7
51;2021-03-14;190;5;45689;15260;8.1;2.7
51;2021-03-15;1580;150;47269;15410;8.4;2.7
51;2021-03-16;1479;182;48748;15592;8.6;2.8
51;2021-03-17;1497;206;50245;15798;8.9;2.8
51;2021-03-18;1615;287;51860;16085;9.2;2.9
51;2021-03-19;2311;296;54171;16381;9.6;2.9
51;2021-03-20;1662;215;55833;16596;9.9;2.9
51;2021-03-21;133;4;55966;16600;9.9;2.9
51;2021-03-22;1417;125;57383;16725;10.2;3.0
51;2021-03-23;2468;158;59851;16883;10.6;3.0
51;2021-03-24;2844;131;62695;17014;11.1;3.0
51;2021-03-25;3254;331;65949;17345;11.7;3.1
51;2021-03-26;3413;499;69362;17844;12.3;3.2
51;2021-03-27;1842;249;71204;18093;12.6;3.2
51;2021-03-28;213;3;71417;18096;12.7;3.2
51;2021-03-29;991;629;72408;18725;12.8;3.3
51;2021-03-30;1748;849;74156;19574;13.2;3.5
51;2021-03-31;1738;748;75894;20322;13.5;3.6
51;2021-04-01;2283;447;78177;20769;13.9;3.7
51;2021-04-02;2425;641;80602;21410;14.3;3.8
51;2021-04-03;1304;411;81906;21821;14.5;3.9
51;2021-04-04;106;2;82012;21823;14.5;3.9
51;2021-04-05;72;138;82084;21961;14.6;3.9
51;2021-04-06;763;1230;82847;23191;14.7;4.1
51;2021-04-07;1313;1407;84160;24598;14.9;4.4
51;2021-04-08;2206;1766;86366;26364;15.3;4.7
51;2021-04-09;2862;1724;89228;28088;15.8;5.0
51;2021-04-10;2219;496;91447;28584;16.2;5.1
51;2021-04-11;105;85;91552;28669;16.2;5.1
51;2021-04-12;1450;1337;93002;30006;16.5;5.3
51;2021-04-13;1936;1670;94938;31676;16.8;5.6
51;2021-04-14;2461;1548;97399;33224;17.3;5.9
51;2021-04-15;2855;1672;100254;34896;17.8;6.2
51;2021-04-16;3215;1596;103469;36492;18.4;6.5
51;2021-04-17;1966;775;105435;37267;18.7;6.6
51;2021-04-18;296;114;105731;37381;18.8;6.6
51;2021-04-19;1561;1157;107292;38538;19.0;6.8
51;2021-04-20;1794;1661;109086;40199;19.3;7.1
51;2021-04-21;2005;1741;111091;41940;19.7;7.4
51;2021-04-22;2407;1659;113498;43599;20.1;7.7
51;2021-04-23;2982;1823;116480;45422;20.7;8.1
51;2021-04-24;1750;951;118230;46373;21.0;8.2
51;2021-04-25;123;160;118353;46533;21.0;8.3
51;2021-04-26;1851;761;120204;47294;21.3;8.4
51;2021-04-27;2442;1214;122646;48508;21.8;8.6
51;2021-04-28;2552;1290;125198;49798;22.2;8.8
51;2021-04-29;2674;1460;127872;51258;22.7;9.1
51;2021-04-30;2976;1658;130848;52916;23.2;9.4
51;2021-05-01;1454;412;132302;53328;23.5;9.5
51;2021-05-02;107;99;132409;53427;23.5;9.5
51;2021-05-03;2484;753;134893;54180;23.9;9.6
51;2021-05-04;2788;1350;137681;55530;24.4;9.8
51;2021-05-05;2860;1638;140541;57168;24.9;10.1
51;2021-05-06;5344;1947;145885;59115;25.9;10.5
51;2021-05-07;3705;1902;149590;61017;26.5;10.8
51;2021-05-08;2862;815;152452;61832;27.0;11.0
51;2021-05-09;211;92;152663;61924;27.1;11.0
51;2021-05-10;3216;1859;155879;63783;27.6;11.3
51;2021-05-11;3643;2032;159522;65815;28.3;11.7
51;2021-05-12;4182;2232;163704;68047;29.0;12.1
51;2021-05-13;1777;505;165481;68552;29.3;12.2
51;2021-05-14;5402;1742;170883;70294;30.3;12.5
51;2021-05-15;4229;1352;175112;71646;31.1;12.7
51;2021-05-16;284;45;175396;71691;31.1;12.7
51;2021-05-17;3133;1522;178529;73213;31.7;13.0
51;2021-05-18;3918;1760;182447;74973;32.4;13.3
51;2021-05-19;4031;1721;186478;76694;33.1;13.6
51;2021-05-20;4650;1965;191128;78659;33.9;14.0
51;2021-05-21;3597;2465;194725;81124;34.5;14.4
51;2021-05-22;2076;1547;196801;82671;34.9;14.7
51;2021-05-23;308;210;197109;82881;35.0;14.7
51;2021-05-24;2019;718;199128;83599;35.3;14.8
51;2021-05-25;3130;1828;202258;85427;35.9;15.2
51;2021-05-26;3297;1710;205555;87137;36.5;15.5
51;2021-05-27;3267;2056;208822;89193;37.0;15.8
51;2021-05-28;3606;2795;212428;91988;37.7;16.3
51;2021-05-29;2402;1991;214830;93979;38.1;16.7
51;2021-05-30;401;133;215231;94112;38.2;16.7
51;2021-05-31;3349;1768;218580;95880;38.8;17.0
51;2021-06-01;3855;2321;222435;98201;39.5;17.4
51;2021-06-02;6098;2325;228533;100526;40.5;17.8
51;2021-06-03;3582;2424;232115;102950;41.2;18.3
51;2021-06-04;6345;2934;238460;105884;42.3;18.8
51;2021-06-05;2598;1815;241058;107699;42.8;19.1
51;2021-06-06;172;157;241230;107856;42.8;19.1
51;2021-06-07;4303;2164;245533;110020;43.5;19.5
51;2021-06-08;3925;2529;249458;112549;44.2;20.0
51;2021-06-09;4018;2748;253476;115297;45.0;20.4
51;2021-06-10;3208;2484;256684;117781;45.5;20.9
51;2021-06-11;3358;3425;260042;121206;46.1;21.5
51;2021-06-12;2166;2171;262208;123377;46.5;21.9
51;2021-06-13;191;149;262399;123526;46.5;21.9
51;2021-06-14;1627;3328;264026;126854;46.8;22.5
51;2021-06-15;3191;3577;267217;130431;47.4;23.1
51;2021-06-16;2208;3683;269425;134114;47.8;23.8
51;2021-06-17;2609;5400;272034;139514;48.2;24.7
51;2021-06-18;2358;5213;274392;144727;48.7;25.7
51;2021-06-19;1683;4425;276075;149152;49.0;26.5
51;2021-06-20;184;228;276259;149380;49.0;26.5
51;2021-06-21;1231;4435;277490;153815;49.2;27.3
51;2021-06-22;1558;4043;279048;157858;49.5;28.0
51;2021-06-23;3671;4236;282719;162094;50.1;28.7
51;2021-06-24;2247;3225;284966;165319;50.5;29.3
51;2021-06-25;1907;6525;286873;171844;50.9;30.5
51;2021-06-26;1203;5067;288076;176911;51.1;31.4
51;2021-06-27;103;336;288179;177247;51.1;31.4
51;2021-06-28;1401;4413;289580;181660;51.4;32.2
51;2021-06-29;1175;4463;290755;186123;51.6;33.0
51;2021-06-30;1687;6044;292442;192167;51.9;34.1
51;2021-07-01;1978;3766;294420;195933;52.2;34.8
51;2021-07-02;1836;6889;296256;202822;52.5;36.0
51;2021-07-03;1004;3196;297260;206018;52.7;36.5
51;2021-07-04;171;254;297431;206272;52.8;36.6
51;2021-07-05;768;5529;298199;211801;52.9;37.6
51;2021-07-06;1248;4779;299447;216580;53.1;38.4
51;2021-07-07;1615;4935;301062;221515;53.4;39.3
51;2021-07-08;2068;3430;303130;224945;53.8;39.9
51;2021-07-09;1855;5054;304985;229999;54.1;40.8
51;2021-07-10;1236;3205;306221;233204;54.3;41.4
51;2021-07-11;191;281;306412;233485;54.3;41.4
51;2021-07-12;995;4379;307407;237864;54.5;42.2
51;2021-07-13;1481;4768;308888;242632;54.8;43.0
51;2021-07-14;1071;1689;309959;244321;55.0;43.3
51;2021-07-15;2937;4910;312896;249231;55.5;44.2
51;2021-07-16;2364;5274;315260;254505;55.9;45.1
51;2021-07-17;1821;3476;317081;257981;56.2;45.8
51;2021-07-18;163;330;317244;258311;56.3;45.8
51;2021-07-19;1892;3975;319136;262286;56.6;46.5
51;2021-07-20;2585;5141;321721;267427;57.1;47.4
51;2021-07-21;3614;4065;325335;271492;57.7;48.2
51;2021-07-22;4413;3759;329748;275251;58.5;48.8
51;2021-07-23;3643;4379;333391;279630;59.1;49.6
51;2021-07-24;2086;2723;335477;282353;59.5;50.1
51;2021-07-25;356;258;335833;282611;59.6;50.1
51;2021-07-26;3116;2810;338949;285421;60.1;50.6
51;2021-07-27;5860;3271;344809;288692;61.2;51.2
51;2021-07-28;4137;4319;348946;293011;61.9;52.0
51;2021-07-29;4700;2717;353646;295728;62.7;52.5
51;2021-07-30;3625;3152;357271;298880;63.4;53.0
51;2021-07-31;2529;2131;359800;301011;63.8;53.4
51;2021-08-01;375;236;360175;301247;63.9;53.4
51;2021-08-02;3287;2307;363462;303554;64.5;53.8
51;2021-08-03;3775;1910;367237;305464;65.1;54.2
51;2021-08-04;4456;2123;371693;307587;65.9;54.6
51;2021-08-05;2656;1534;374349;309121;66.4;54.8
51;2021-08-06;3044;2551;377393;311672;66.9;55.3
51;2021-08-07;2163;1696;379556;313368;67.3;55.6
51;2021-08-08;367;208;379923;313576;67.4;55.6
51;2021-08-09;2605;1851;382528;315427;67.8;55.9
51;2021-08-10;2371;1981;384899;317408;68.3;56.3
51;2021-08-11;2916;2340;387815;319748;68.8;56.7
51;2021-08-12;1753;1948;389568;321696;69.1;57.1
51;2021-08-13;2067;2670;391635;324366;69.5;57.5
51;2021-08-14;1581;2028;393216;326394;69.7;57.9
51;2021-08-15;149;149;393365;326543;69.8;57.9
51;2021-08-16;1356;3014;394721;329557;70.0;58.5
51;2021-08-17;1555;3282;396276;332839;70.3;59.0
51;2021-08-18;1898;3690;398174;336529;70.6;59.7
51;2021-08-19;1404;2547;399578;339076;70.9;60.1
51;2021-08-20;1704;3968;401282;343044;71.2;60.8
51;2021-08-21;987;2496;402269;345540;71.3;61.3
51;2021-08-22;101;343;402370;345883;71.4;61.3
51;2021-08-23;1106;3605;403476;349488;71.6;62.0
51;2021-08-24;1169;3640;404645;353128;71.8;62.6
51;2021-08-25;1308;4486;405953;357614;72.0;63.4
51;2021-08-26;1052;2546;407005;360160;72.2;63.9
51;2021-08-27;1212;4178;408217;364338;72.4;64.6
51;2021-08-28;649;2628;408866;366966;72.5;65.1
51;2021-08-29;83;360;408949;367326;72.5;65.1
51;2021-08-30;1330;4828;410279;372154;72.8;66.0
51;2021-08-31;777;3014;411056;375168;72.9;66.5
51;2021-09-01;739;3372;411795;378540;73.0;67.1
51;2021-09-02;794;2215;412589;380755;73.2;67.5
51;2021-09-03;901;2909;413490;383664;73.3;68.0
51;2021-09-04;612;2804;414102;386468;73.4;68.5
51;2021-09-05;122;225;414224;386693;73.5;68.6
51;2021-09-06;432;1790;414656;388483;73.5;68.9
51;2021-09-07;517;1665;415173;390148;73.6;69.2
51;2021-09-08;625;2175;415798;392323;73.7;69.6
51;2021-09-09;462;1346;416260;393669;73.8;69.8
51;2021-09-10;657;2084;416917;395753;73.9;70.2
51;2021-09-11;558;1929;417475;397682;74.0;70.5
51;2021-09-12;19;82;417494;397764;74.0;70.5
51;2021-09-13;422;1084;417916;398848;74.1;70.7
51;2021-09-14;586;1326;418502;400174;74.2;71.0
52;2020-12-27;0;0;0;0;0.0;0.0
52;2020-12-28;1;0;1;0;0.0;0.0
52;2020-12-29;0;0;1;0;0.0;0.0
52;2020-12-30;0;0;1;0;0.0;0.0
52;2020-12-31;0;0;1;0;0.0;0.0
52;2021-01-01;0;0;1;0;0.0;0.0
52;2021-01-02;1;0;2;0;0.0;0.0
52;2021-01-03;0;0;2;0;0.0;0.0
52;2021-01-04;0;0;2;0;0.0;0.0
52;2021-01-05;0;0;2;0;0.0;0.0
52;2021-01-06;2;0;4;0;0.0;0.0
52;2021-01-07;0;0;4;0;0.0;0.0
52;2021-01-08;201;1;205;1;0.1;0.0
52;2021-01-09;93;0;298;1;0.2;0.0
52;2021-01-10;0;0;298;1;0.2;0.0
52;2021-01-11;207;0;505;1;0.3;0.0
52;2021-01-12;171;0;676;1;0.4;0.0
52;2021-01-13;563;2;1239;3;0.7;0.0
52;2021-01-14;677;10;1916;13;1.1;0.0
52;2021-01-15;411;1;2327;14;1.4;0.0
52;2021-01-16;16;0;2343;14;1.4;0.0
52;2021-01-17;0;0;2343;14;1.4;0.0
52;2021-01-18;427;0;2770;14;1.6;0.0
52;2021-01-19;440;0;3210;14;1.9;0.0
52;2021-01-20;420;0;3630;14;2.1;0.0
52;2021-01-21;424;1;4054;15;2.4;0.0
52;2021-01-22;321;2;4375;17;2.6;0.0
52;2021-01-23;73;1;4448;18;2.6;0.0
52;2021-01-24;0;0;4448;18;2.6;0.0
52;2021-01-25;235;0;4683;18;2.8;0.0
52;2021-01-26;307;0;4990;18;2.9;0.0
52;2021-01-27;238;1;5228;19;3.1;0.0
52;2021-01-28;174;4;5402;23;3.2;0.0
52;2021-01-29;74;116;5476;139;3.2;0.1
52;2021-01-30;91;92;5567;231;3.3;0.1
52;2021-01-31;0;0;5567;231;3.3;0.1
52;2021-02-01;117;178;5684;409;3.4;0.2
52;2021-02-02;61;167;5745;576;3.4;0.3
52;2021-02-03;89;387;5834;963;3.4;0.6
52;2021-02-04;231;534;6065;1497;3.6;0.9
52;2021-02-05;113;421;6178;1918;3.7;1.1
52;2021-02-06;22;0;6200;1918;3.7;1.1
52;2021-02-07;0;1;6200;1919;3.7;1.1
52;2021-02-08;34;163;6234;2082;3.7;1.2
52;2021-02-09;47;174;6281;2256;3.7;1.3
52;2021-02-10;88;163;6369;2419;3.8;1.4
52;2021-02-11;129;123;6498;2542;3.8;1.5
52;2021-02-12;187;106;6685;2648;3.9;1.6
52;2021-02-13;5;1;6690;2649;4.0;1.6
52;2021-02-14;0;16;6690;2665;4.0;1.6
52;2021-02-15;79;226;6769;2891;4.0;1.7
52;2021-02-16;50;282;6819;3173;4.0;1.9
52;2021-02-17;38;254;6857;3427;4.1;2.0
52;2021-02-18;82;239;6939;3666;4.1;2.2
52;2021-02-19;51;151;6990;3817;4.1;2.3
52;2021-02-20;14;89;7004;3906;4.1;2.3
52;2021-02-21;0;0;7004;3906;4.1;2.3
52;2021-02-22;42;322;7046;4228;4.2;2.5
52;2021-02-23;57;224;7103;4452;4.2;2.6
52;2021-02-24;81;212;7184;4664;4.2;2.8
52;2021-02-25;161;224;7345;4888;4.3;2.9
52;2021-02-26;296;174;7641;5062;4.5;3.0
52;2021-02-27;149;49;7790;5111;4.6;3.0
52;2021-02-28;0;0;7790;5111;4.6;3.0
52;2021-03-01;163;13;7953;5124;4.7;3.0
52;2021-03-02;203;45;8156;5169;4.8;3.1
52;2021-03-03;356;35;8512;5204;5.0;3.1
52;2021-03-04;379;58;8891;5262;5.3;3.1
52;2021-03-05;531;51;9422;5313;5.6;3.1
52;2021-03-06;409;35;9831;5348;5.8;3.2
52;2021-03-07;0;0;9831;5348;5.8;3.2
52;2021-03-08;398;102;10229;5450;6.0;3.2
52;2021-03-09;549;102;10778;5552;6.4;3.3
52;2021-03-10;308;102;11086;5654;6.6;3.3
52;2021-03-11;586;33;11672;5687;6.9;3.4
52;2021-03-12;584;67;12256;5754;7.2;3.4
52;2021-03-13;492;10;12748;5764;7.5;3.4
52;2021-03-14;15;3;12763;5767;7.5;3.4
52;2021-03-15;318;27;13081;5794;7.7;3.4
52;2021-03-16;203;15;13284;5809;7.8;3.4
52;2021-03-17;367;13;13651;5822;8.1;3.4
52;2021-03-18;442;10;14093;5832;8.3;3.4
52;2021-03-19;452;53;14545;5885;8.6;3.5
52;2021-03-20;259;12;14804;5897;8.7;3.5
52;2021-03-21;15;1;14819;5898;8.8;3.5
52;2021-03-22;375;49;15194;5947;9.0;3.5
52;2021-03-23;686;87;15880;6034;9.4;3.6
52;2021-03-24;771;69;16651;6103;9.8;3.6
52;2021-03-25;1141;87;17792;6190;10.5;3.7
52;2021-03-26;1037;135;18829;6325;11.1;3.7
52;2021-03-27;477;75;19306;6400;11.4;3.8
52;2021-03-28;53;0;19359;6400;11.4;3.8
52;2021-03-29;507;182;19866;6582;11.7;3.9
52;2021-03-30;870;295;20736;6877;12.3;4.1
52;2021-03-31;956;291;21692;7168;12.8;4.2
52;2021-04-01;1145;183;22837;7351;13.5;4.3
52;2021-04-02;958;108;23795;7459;14.1;4.4
52;2021-04-03;461;2;24256;7461;14.3;4.4
52;2021-04-04;1;1;24257;7462;14.3;4.4
52;2021-04-05;1;0;24258;7462;14.3;4.4
52;2021-04-06;433;293;24691;7755;14.6;4.6
52;2021-04-07;506;450;25197;8205;14.9;4.8
52;2021-04-08;860;208;26057;8413;15.4;5.0
52;2021-04-09;1058;130;27115;8543;16.0;5.0
52;2021-04-10;852;102;27967;8645;16.5;5.1
52;2021-04-11;96;1;28063;8646;16.6;5.1
52;2021-04-12;932;276;28995;8922;17.1;5.3
52;2021-04-13;1251;379;30246;9301;17.9;5.5
52;2021-04-14;1346;455;31592;9756;18.7;5.8
52;2021-04-15;1506;438;33098;10194;19.6;6.0
52;2021-04-16;1573;357;34671;10551;20.5;6.2
52;2021-04-17;1311;134;35982;10685;21.3;6.3
52;2021-04-18;510;29;36492;10714;21.6;6.3
52;2021-04-19;697;611;37189;11325;22.0;6.7
52;2021-04-20;1080;678;38269;12003;22.6;7.1
52;2021-04-21;1060;673;39329;12676;23.2;7.5
52;2021-04-22;1468;733;40797;13409;24.1;7.9
52;2021-04-23;1251;667;42048;14076;24.8;8.3
52;2021-04-24;477;293;42525;14369;25.1;8.5
52;2021-04-25;3;77;42528;14446;25.1;8.5
52;2021-04-26;632;559;43160;15005;25.5;8.9
52;2021-04-27;933;668;44093;15673;26.1;9.3
52;2021-04-28;1442;567;45535;16240;26.9;9.6
52;2021-04-29;1452;583;46987;16823;27.8;9.9
52;2021-04-30;1316;610;48303;17433;28.5;10.3
52;2021-05-01;8;230;48311;17663;28.5;10.4
52;2021-05-02;0;1;48311;17664;28.5;10.4
52;2021-05-03;1159;628;49470;18292;29.2;10.8
52;2021-05-04;1445;719;50915;19011;30.1;11.2
52;2021-05-05;1768;647;52683;19658;31.1;11.6
52;2021-05-06;1963;537;54646;20195;32.3;11.9
52;2021-05-07;1442;1168;56088;21363;33.1;12.6
52;2021-05-08;589;318;56677;21681;33.5;12.8
52;2021-05-09;1;47;56678;21728;33.5;12.8
52;2021-05-10;793;1100;57471;22828;34.0;13.5
52;2021-05-11;868;1389;58339;24217;34.5;14.3
52;2021-05-12;1206;1382;59545;25599;35.2;15.1
52;2021-05-13;67;184;59612;25783;35.2;15.2
52;2021-05-14;1185;1366;60797;27149;35.9;16.0
52;2021-05-15;491;929;61288;28078;36.2;16.6
52;2021-05-16;8;43;61296;28121;36.2;16.6
52;2021-05-17;1144;705;62440;28826;36.9;17.0
52;2021-05-18;1218;677;63658;29503;37.6;17.4
52;2021-05-19;1542;416;65200;29919;38.5;17.7
52;2021-05-20;1546;418;66746;30337;39.4;17.9
52;2021-05-21;1625;614;68371;30951;40.4;18.3
52;2021-05-22;1089;210;69460;31161;41.0;18.4
52;2021-05-23;1;0;69461;31161;41.0;18.4
52;2021-05-24;405;33;69866;31194;41.3;18.4
52;2021-05-25;1351;385;71217;31579;42.1;18.7
52;2021-05-26;1479;672;72696;32251;43.0;19.1
52;2021-05-27;1565;787;74261;33038;43.9;19.5
52;2021-05-28;1493;668;75754;33706;44.8;19.9
52;2021-05-29;695;834;76449;34540;45.2;20.4
52;2021-05-30;16;551;76465;35091;45.2;20.7
52;2021-05-31;824;830;77289;35921;45.7;21.2
52;2021-06-01;956;816;78245;36737;46.2;21.7
52;2021-06-02;896;754;79141;37491;46.8;22.2
52;2021-06-03;825;825;79966;38316;47.2;22.6
52;2021-06-04;883;1340;80849;39656;47.8;23.4
52;2021-06-05;581;637;81430;40293;48.1;23.8
52;2021-06-06;27;55;81457;40348;48.1;23.8
52;2021-06-07;359;931;81816;41279;48.3;24.4
52;2021-06-08;556;1468;82372;42747;48.7;25.3
52;2021-06-09;612;1474;82984;44221;49.0;26.1
52;2021-06-10;794;1157;83778;45378;49.5;26.8
52;2021-06-11;830;1347;84608;46725;50.0;27.6
52;2021-06-12;422;586;85030;47311;50.2;28.0
52;2021-06-13;2;6;85032;47317;50.2;28.0
52;2021-06-14;171;1413;85203;48730;50.3;28.8
52;2021-06-15;221;1807;85424;50537;50.5;29.9
52;2021-06-16;351;1996;85775;52533;50.7;31.0
52;2021-06-17;265;1156;86040;53689;50.8;31.7
52;2021-06-18;308;1553;86348;55242;51.0;32.6
52;2021-06-19;502;684;86850;55926;51.3;33.0
52;2021-06-20;1;17;86851;55943;51.3;33.1
52;2021-06-21;523;897;87374;56840;51.6;33.6
52;2021-06-22;503;1048;87877;57888;51.9;34.2
52;2021-06-23;563;1043;88440;58931;52.3;34.8
52;2021-06-24;610;716;89050;59647;52.6;35.2
52;2021-06-25;661;1313;89711;60960;53.0;36.0
52;2021-06-26;264;722;89975;61682;53.2;36.4
52;2021-06-27;1;8;89976;61690;53.2;36.4
52;2021-06-28;185;1443;90161;63133;53.3;37.3
52;2021-06-29;163;1415;90324;64548;53.4;38.1
52;2021-06-30;220;1467;90544;66015;53.5;39.0
52;2021-07-01;320;1021;90864;67036;53.7;39.6
52;2021-07-02;430;1454;91294;68490;53.9;40.5
52;2021-07-03;302;1148;91596;69638;54.1;41.1
52;2021-07-04;0;11;91596;69649;54.1;41.2
52;2021-07-05;173;1447;91769;71096;54.2;42.0
52;2021-07-06;284;1449;92053;72545;54.4;42.9
52;2021-07-07;309;1165;92362;73710;54.6;43.6
52;2021-07-08;473;1166;92835;74876;54.9;44.2
52;2021-07-09;288;1620;93123;76496;55.0;45.2
52;2021-07-10;155;822;93278;77318;55.1;45.7
52;2021-07-11;13;12;93291;77330;55.1;45.7
52;2021-07-12;299;1466;93590;78796;55.3;46.6
52;2021-07-13;590;1366;94180;80162;55.6;47.4
52;2021-07-14;437;153;94617;80315;55.9;47.5
52;2021-07-15;614;1429;95231;81744;56.3;48.3
52;2021-07-16;900;1337;96131;83081;56.8;49.1
52;2021-07-17;530;343;96661;83424;57.1;49.3
52;2021-07-18;3;12;96664;83436;57.1;49.3
52;2021-07-19;691;986;97355;84422;57.5;49.9
52;2021-07-20;1110;831;98465;85253;58.2;50.4
52;2021-07-21;1161;737;99626;85990;58.9;50.8
52;2021-07-22;1449;862;101075;86852;59.7;51.3
52;2021-07-23;1400;956;102475;87808;60.5;51.9
52;2021-07-24;874;487;103349;88295;61.1;52.2
52;2021-07-25;22;21;103371;88316;61.1;52.2
52;2021-07-26;1010;613;104381;88929;61.7;52.5
52;2021-07-27;1343;657;105724;89586;62.5;52.9
52;2021-07-28;1381;642;107105;90228;63.3;53.3
52;2021-07-29;1263;622;108368;90850;64.0;53.7
52;2021-07-30;1366;710;109734;91560;64.8;54.1
52;2021-07-31;873;549;110607;92109;65.4;54.4
52;2021-08-01;1;14;110608;92123;65.4;54.4
52;2021-08-02;1184;562;111792;92685;66.1;54.8
52;2021-08-03;1363;540;113155;93225;66.9;55.1
52;2021-08-04;1156;580;114311;93805;67.5;55.4
52;2021-08-05;1025;575;115336;94380;68.1;55.8
52;2021-08-06;1057;698;116393;95078;68.8;56.2
52;2021-08-07;519;422;116912;95500;69.1;56.4
52;2021-08-08;0;6;116912;95506;69.1;56.4
52;2021-08-09;468;870;117380;96376;69.4;56.9
52;2021-08-10;717;748;118097;97124;69.8;57.4
52;2021-08-11;534;836;118631;97960;70.1;57.9
52;2021-08-12;622;750;119253;98710;70.5;58.3
52;2021-08-13;418;1027;119671;99737;70.7;58.9
52;2021-08-14;421;360;120092;100097;71.0;59.1
52;2021-08-15;13;13;120105;100110;71.0;59.1
52;2021-08-16;327;933;120432;101043;71.2;59.7
52;2021-08-17;414;910;120846;101953;71.4;60.2
52;2021-08-18;482;944;121328;102897;71.7;60.8
52;2021-08-19;460;836;121788;103733;72.0;61.3
52;2021-08-20;385;1211;122173;104944;72.2;62.0
52;2021-08-21;395;604;122568;105548;72.4;62.4
52;2021-08-22;4;11;122572;105559;72.4;62.4
52;2021-08-23;428;1059;123000;106618;72.7;63.0
52;2021-08-24;299;1077;123299;107695;72.9;63.6
52;2021-08-25;250;1061;123549;108756;73.0;64.3
52;2021-08-26;297;913;123846;109669;73.2;64.8
52;2021-08-27;426;1276;124272;110945;73.4;65.6
52;2021-08-28;243;495;124515;111440;73.6;65.8
52;2021-08-29;3;25;124518;111465;73.6;65.9
52;2021-08-30;203;998;124721;112463;73.7;66.4
52;2021-08-31;205;1055;124926;113518;73.8;67.1
52;2021-09-01;180;1067;125106;114585;73.9;67.7
52;2021-09-02;194;762;125300;115347;74.0;68.2
52;2021-09-03;240;936;125540;116283;74.2;68.7
52;2021-09-04;189;556;125729;116839;74.3;69.0
52;2021-09-05;2;14;125731;116853;74.3;69.0
52;2021-09-06;123;542;125854;117395;74.4;69.4
52;2021-09-07;160;520;126014;117915;74.5;69.7
52;2021-09-08;136;615;126150;118530;74.5;70.0
52;2021-09-09;138;432;126288;118962;74.6;70.3
52;2021-09-10;255;740;126543;119702;74.8;70.7
52;2021-09-11;151;321;126694;120023;74.9;70.9
52;2021-09-12;2;12;126696;120035;74.9;70.9
52;2021-09-13;174;621;126870;120656;75.0;71.3
52;2021-09-14;139;460;127009;121116;75.0;71.6
53;2020-12-27;0;0;0;0;0.0;0.0
53;2020-12-28;0;0;0;0;0.0;0.0
53;2020-12-29;0;0;0;0;0.0;0.0
53;2020-12-30;0;0;0;0;0.0;0.0
53;2020-12-31;0;0;0;0;0.0;0.0
53;2021-01-01;0;0;0;0;0.0;0.0
53;2021-01-02;1;0;1;0;0.0;0.0
53;2021-01-03;0;0;1;0;0.0;0.0
53;2021-01-04;1;0;2;0;0.0;0.0
53;2021-01-05;0;0;2;0;0.0;0.0
53;2021-01-06;0;0;2;0;0.0;0.0
53;2021-01-07;102;0;104;0;0.0;0.0
53;2021-01-08;284;1;388;1;0.1;0.0
53;2021-01-09;134;1;522;2;0.2;0.0
53;2021-01-10;15;0;537;2;0.2;0.0
53;2021-01-11;176;0;713;2;0.2;0.0
53;2021-01-12;454;0;1167;2;0.4;0.0
53;2021-01-13;253;0;1420;2;0.5;0.0
53;2021-01-14;290;7;1710;9;0.6;0.0
53;2021-01-15;343;4;2053;13;0.7;0.0
53;2021-01-16;61;0;2114;13;0.7;0.0
53;2021-01-17;25;0;2139;13;0.7;0.0
53;2021-01-18;364;0;2503;13;0.8;0.0
53;2021-01-19;594;0;3097;13;1.0;0.0
53;2021-01-20;742;0;3839;13;1.3;0.0
53;2021-01-21;769;2;4608;15;1.5;0.0
53;2021-01-22;705;5;5313;20;1.7;0.0
53;2021-01-23;160;0;5473;20;1.8;0.0
53;2021-01-24;6;0;5479;20;1.8;0.0
53;2021-01-25;550;0;6029;20;2.0;0.0
53;2021-01-26;1198;6;7227;26;2.4;0.0
53;2021-01-27;696;4;7923;30;2.6;0.0
53;2021-01-28;737;93;8660;123;2.8;0.0
53;2021-01-29;422;177;9082;300;3.0;0.1
53;2021-01-30;129;0;9211;300;3.0;0.1
53;2021-01-31;0;0;9211;300;3.0;0.1
53;2021-02-01;298;143;9509;443;3.1;0.1
53;2021-02-02;309;226;9818;669;3.2;0.2
53;2021-02-03;227;358;10045;1027;3.3;0.3
53;2021-02-04;184;303;10229;1330;3.3;0.4
53;2021-02-05;234;289;10463;1619;3.4;0.5
53;2021-02-06;153;23;10616;1642;3.5;0.5
53;2021-02-07;0;0;10616;1642;3.5;0.5
53;2021-02-08;168;89;10784;1731;3.5;0.6
53;2021-02-09;369;206;11153;1937;3.7;0.6
53;2021-02-10;266;397;11419;2334;3.7;0.8
53;2021-02-11;433;397;11852;2731;3.9;0.9
53;2021-02-12;318;486;12170;3217;4.0;1.1
53;2021-02-13;96;53;12266;3270;4.0;1.1
53;2021-02-14;0;99;12266;3369;4.0;1.1
53;2021-02-15;239;334;12505;3703;4.1;1.2
53;2021-02-16;528;697;13033;4400;4.3;1.4
53;2021-02-17;391;518;13424;4918;4.4;1.6
53;2021-02-18;547;505;13971;5423;4.6;1.8
53;2021-02-19;895;358;14866;5781;4.9;1.9
53;2021-02-20;139;83;15005;5864;4.9;1.9
53;2021-02-21;1;20;15006;5884;4.9;1.9
53;2021-02-22;161;433;15167;6317;5.0;2.1
53;2021-02-23;59;506;15226;6823;5.0;2.2
53;2021-02-24;137;393;15363;7216;5.0;2.4
53;2021-02-25;457;268;15820;7484;5.2;2.5
53;2021-02-26;438;217;16258;7701;5.3;2.5
53;2021-02-27;86;85;16344;7786;5.4;2.5
53;2021-02-28;0;0;16344;7786;5.4;2.5
53;2021-03-01;231;223;16575;8009;5.4;2.6
53;2021-03-02;246;210;16821;8219;5.5;2.7
53;2021-03-03;321;366;17142;8585;5.6;2.8
53;2021-03-04;860;333;18002;8918;5.9;2.9
53;2021-03-05;659;269;18661;9187;6.1;3.0
53;2021-03-06;447;184;19108;9371;6.3;3.1
53;2021-03-07;276;5;19384;9376;6.3;3.1
53;2021-03-08;375;160;19759;9536;6.5;3.1
53;2021-03-09;878;242;20637;9778;6.8;3.2
53;2021-03-10;807;106;21444;9884;7.0;3.2
53;2021-03-11;1247;228;22691;10112;7.4;3.3
53;2021-03-12;1603;144;24294;10256;8.0;3.4
53;2021-03-13;824;13;25118;10269;8.2;3.4
53;2021-03-14;1;0;25119;10269;8.2;3.4
53;2021-03-15;1002;288;26121;10557;8.6;3.5
53;2021-03-16;1035;331;27156;10888;8.9;3.6
53;2021-03-17;687;257;27843;11145;9.1;3.6
53;2021-03-18;972;345;28815;11490;9.4;3.8
53;2021-03-19;1344;591;30159;12081;9.9;4.0
53;2021-03-20;592;17;30751;12098;10.1;4.0
53;2021-03-21;3;0;30754;12098;10.1;4.0
53;2021-03-22;1213;155;31967;12253;10.5;4.0
53;2021-03-23;1699;70;33666;12323;11.0;4.0
53;2021-03-24;1323;117;34989;12440;11.5;4.1
53;2021-03-25;2323;237;37312;12677;12.2;4.2
53;2021-03-26;1884;152;39196;12829;12.8;4.2
53;2021-03-27;339;3;39535;12832;12.9;4.2
53;2021-03-28;2;0;39537;12832;12.9;4.2
53;2021-03-29;1474;213;41011;13045;13.4;4.3
53;2021-03-30;1944;202;42955;13247;14.1;4.3
53;2021-03-31;1792;223;44747;13470;14.7;4.4
53;2021-04-01;1948;671;46695;14141;15.3;4.6
53;2021-04-02;2075;227;48770;14368;16.0;4.7
53;2021-04-03;414;1;49184;14369;16.1;4.7
53;2021-04-04;10;0;49194;14369;16.1;4.7
53;2021-04-05;9;15;49203;14384;16.1;4.7
53;2021-04-06;1304;503;50507;14887;16.5;4.9
53;2021-04-07;1175;925;51682;15812;16.9;5.2
53;2021-04-08;1663;1005;53345;16817;17.5;5.5
53;2021-04-09;1958;406;55303;17223;18.1;5.6
53;2021-04-10;543;13;55846;17236;18.3;5.6
53;2021-04-11;12;0;55858;17236;18.3;5.6
53;2021-04-12;694;1067;56552;18303;18.5;6.0
53;2021-04-13;1470;1105;58022;19408;19.0;6.4
53;2021-04-14;1024;734;59046;20142;19.3;6.6
53;2021-04-15;1158;1105;60204;21247;19.7;7.0
53;2021-04-16;1271;815;61475;22062;20.1;7.2
53;2021-04-17;281;273;61756;22335;20.2;7.3
53;2021-04-18;0;0;61756;22335;20.2;7.3
53;2021-04-19;681;1061;62437;23396;20.4;7.7
53;2021-04-20;936;1452;63373;24848;20.8;8.1
53;2021-04-21;851;1009;64224;25857;21.0;8.5
53;2021-04-22;1046;1613;65270;27470;21.4;9.0
53;2021-04-23;1327;1052;66597;28522;21.8;9.3
53;2021-04-24;68;7;66665;28529;21.8;9.3
53;2021-04-25;6;39;66671;28568;21.8;9.4
53;2021-04-26;368;1230;67039;29798;22.0;9.8
53;2021-04-27;723;1968;67762;31766;22.2;10.4
53;2021-04-28;978;1393;68740;33159;22.5;10.9
53;2021-04-29;1052;1711;69792;34870;22.9;11.4
53;2021-04-30;1366;1315;71158;36185;23.3;11.8
53;2021-05-01;36;50;71194;36235;23.3;11.9
53;2021-05-02;0;0;71194;36235;23.3;11.9
53;2021-05-03;1571;703;72765;36938;23.8;12.1
53;2021-05-04;1304;1442;74069;38380;24.3;12.6
53;2021-05-05;1611;825;75680;39205;24.8;12.8
53;2021-05-06;1391;1399;77071;40604;25.2;13.3
53;2021-05-07;1538;1300;78609;41904;25.7;13.7
53;2021-05-08;939;36;79548;41940;26.1;13.7
53;2021-05-09;11;2;79559;41942;26.1;13.7
53;2021-05-10;2416;815;81975;42757;26.8;14.0
53;2021-05-11;3098;1281;85073;44038;27.9;14.4
53;2021-05-12;2751;1093;87824;45131;28.8;14.8
53;2021-05-13;350;27;88174;45158;28.9;14.8
53;2021-05-14;2021;678;90195;45836;29.5;15.0
53;2021-05-15;1058;64;91253;45900;29.9;15.0
53;2021-05-16;3;0;91256;45900;29.9;15.0
53;2021-05-17;1701;1196;92957;47096;30.4;15.4
53;2021-05-18;1881;1550;94838;48646;31.1;15.9
53;2021-05-19;2303;745;97141;49391;31.8;16.2
53;2021-05-20;3216;866;100357;50257;32.9;16.5
53;2021-05-21;2798;828;103155;51085;33.8;16.7
53;2021-05-22;21;59;103176;51144;33.8;16.7
53;2021-05-23;0;0;103176;51144;33.8;16.7
53;2021-05-24;8;6;103184;51150;33.8;16.8
53;2021-05-25;1820;802;105004;51952;34.4;17.0
53;2021-05-26;1852;906;106856;52858;35.0;17.3
53;2021-05-27;3073;1079;109929;53937;36.0;17.7
53;2021-05-28;2562;872;112491;54809;36.8;17.9
53;2021-05-29;846;240;113337;55049;37.1;18.0
53;2021-05-30;18;6;113355;55055;37.1;18.0
53;2021-05-31;2565;802;115920;55857;38.0;18.3
53;2021-06-01;3489;1255;119409;57112;39.1;18.7
53;2021-06-02;3184;521;122593;57633;40.1;18.9
53;2021-06-03;4198;783;126791;58416;41.5;19.1
53;2021-06-04;3180;1265;129971;59681;42.6;19.5
53;2021-06-05;137;245;130108;59926;42.6;19.6
53;2021-06-06;1;4;130109;59930;42.6;19.6
53;2021-06-07;2629;923;132738;60853;43.5;19.9
53;2021-06-08;3589;1127;136327;61980;44.6;20.3
53;2021-06-09;2454;943;138781;62923;45.4;20.6
53;2021-06-10;3521;842;142302;63765;46.6;20.9
53;2021-06-11;2966;1210;145268;64975;47.6;21.3
53;2021-06-12;108;138;145376;65113;47.6;21.3
53;2021-06-13;10;2;145386;65115;47.6;21.3
53;2021-06-14;1600;1788;146986;66903;48.1;21.9
53;2021-06-15;1899;2264;148885;69167;48.8;22.7
53;2021-06-16;1826;1732;150711;70899;49.4;23.2
53;2021-06-17;3013;1651;153724;72550;50.3;23.8
53;2021-06-18;2704;1805;156428;74355;51.2;24.3
53;2021-06-19;762;1165;157190;75520;51.5;24.7
53;2021-06-20;3;479;157193;75999;51.5;24.9
53;2021-06-21;918;2524;158111;78523;51.8;25.7
53;2021-06-22;1299;3452;159410;81975;52.2;26.8
53;2021-06-23;1362;2892;160772;84867;52.6;27.8
53;2021-06-24;1802;2033;162574;86900;53.2;28.5
53;2021-06-25;1786;2044;164360;88944;53.8;29.1
53;2021-06-26;977;350;165337;89294;54.1;29.2
53;2021-06-27;8;8;165345;89302;54.1;29.2
53;2021-06-28;662;2900;166007;92202;54.4;30.2
53;2021-06-29;858;3645;166865;95847;54.6;31.4
53;2021-06-30;748;1518;167613;97365;54.9;31.9
53;2021-07-01;1507;2630;169120;99995;55.4;32.7
53;2021-07-02;1528;2025;170648;102020;55.9;33.4
53;2021-07-03;857;574;171505;102594;56.2;33.6
53;2021-07-04;0;4;171505;102598;56.2;33.6
53;2021-07-05;542;2058;172047;104656;56.3;34.3
53;2021-07-06;860;3616;172907;108272;56.6;35.5
53;2021-07-07;1024;2652;173931;110924;57.0;36.3
53;2021-07-08;1313;3116;175244;114040;57.4;37.3
53;2021-07-09;1131;3401;176375;117441;57.8;38.5
53;2021-07-10;422;1000;176797;118441;57.9;38.8
53;2021-07-11;12;20;176809;118461;57.9;38.8
53;2021-07-12;503;3706;177312;122167;58.1;40.0
53;2021-07-13;895;4762;178207;126929;58.4;41.6
53;2021-07-14;104;284;178311;127213;58.4;41.7
53;2021-07-15;1112;4343;179423;131556;58.8;43.1
53;2021-07-16;1248;3847;180671;135403;59.2;44.3
53;2021-07-17;1317;299;181988;135702;59.6;44.4
53;2021-07-18;27;20;182015;135722;59.6;44.4
53;2021-07-19;734;3428;182749;139150;59.8;45.6
53;2021-07-20;985;4122;183734;143272;60.2;46.9
53;2021-07-21;686;3274;184420;146546;60.4;48.0
53;2021-07-22;1513;3522;185933;150068;60.9;49.1
53;2021-07-23;1604;3759;187537;153827;61.4;50.4
53;2021-07-24;956;280;188493;154107;61.7;50.5
53;2021-07-25;60;24;188553;154131;61.7;50.5
53;2021-07-26;1727;1941;190280;156072;62.3;51.1
53;2021-07-27;2357;2820;192637;158892;63.1;52.0
53;2021-07-28;2145;2813;194782;161705;63.8;53.0
53;2021-07-29;2493;2545;197275;164250;64.6;53.8
53;2021-07-30;1829;2647;199104;166897;65.2;54.7
53;2021-07-31;626;228;199730;167125;65.4;54.7
53;2021-08-01;37;25;199767;167150;65.4;54.7
53;2021-08-02;2084;1730;201851;168880;66.1;55.3
53;2021-08-03;2415;1905;204266;170785;66.9;55.9
53;2021-08-04;2478;1862;206744;172647;67.7;56.5
53;2021-08-05;2870;1540;209614;174187;68.6;57.0
53;2021-08-06;2517;1718;212131;175905;69.5;57.6
53;2021-08-07;483;272;212614;176177;69.6;57.7
53;2021-08-08;6;19;212620;176196;69.6;57.7
53;2021-08-09;1840;1648;214460;177844;70.2;58.2
53;2021-08-10;2325;1748;216785;179592;71.0;58.8
53;2021-08-11;1682;866;218467;180458;71.5;59.1
53;2021-08-12;2007;982;220474;181440;72.2;59.4
53;2021-08-13;2039;1314;222513;182754;72.9;59.8
53;2021-08-14;66;63;222579;182817;72.9;59.9
53;2021-08-15;1;2;222580;182819;72.9;59.9
53;2021-08-16;1334;1595;223914;184414;73.3;60.4
53;2021-08-17;1548;1656;225462;186070;73.8;60.9
53;2021-08-18;1515;1602;226977;187672;74.3;61.5
53;2021-08-19;1372;1973;228349;189645;74.8;62.1
53;2021-08-20;1097;2082;229446;191727;75.1;62.8
53;2021-08-21;189;342;229635;192069;75.2;62.9
53;2021-08-22;0;0;229635;192069;75.2;62.9
53;2021-08-23;843;1913;230478;193982;75.5;63.5
53;2021-08-24;902;2114;231380;196096;75.8;64.2
53;2021-08-25;908;2272;232288;198368;76.1;65.0
53;2021-08-26;666;2611;232954;200979;76.3;65.8
53;2021-08-27;753;2642;233707;203621;76.5;66.7
53;2021-08-28;48;133;233755;203754;76.5;66.7
53;2021-08-29;11;31;233766;203785;76.6;66.7
53;2021-08-30;618;2107;234384;205892;76.8;67.4
53;2021-08-31;759;2919;235143;208811;77.0;68.4
53;2021-09-01;339;1637;235482;210448;77.1;68.9
53;2021-09-02;441;1824;235923;212272;77.3;69.5
53;2021-09-03;447;2496;236370;214768;77.4;70.3
53;2021-09-04;115;212;236485;214980;77.4;70.4
53;2021-09-05;1;12;236486;214992;77.4;70.4
53;2021-09-06;300;1663;236786;216655;77.5;70.9
53;2021-09-07;285;1942;237071;218597;77.6;71.6
53;2021-09-08;420;2157;237491;220754;77.8;72.3
53;2021-09-09;235;1460;237726;222214;77.8;72.8
53;2021-09-10;380;2088;238106;224302;78.0;73.5
53;2021-09-11;39;137;238145;224439;78.0;73.5
53;2021-09-12;0;1;238145;224440;78.0;73.5
53;2021-09-13;230;1197;238375;225637;78.1;73.9
53;2021-09-14;240;1048;238615;226685;78.1;74.2
54;2020-12-27;0;0;0;0;0.0;0.0
54;2020-12-28;1;0;1;0;0.0;0.0
54;2020-12-29;0;0;1;0;0.0;0.0
54;2020-12-30;0;0;1;0;0.0;0.0
54;2020-12-31;10;0;11;0;0.0;0.0
54;2021-01-01;0;0;11;0;0.0;0.0
54;2021-01-02;0;0;11;0;0.0;0.0
54;2021-01-03;1;0;12;0;0.0;0.0
54;2021-01-04;163;0;175;0;0.0;0.0
54;2021-01-05;396;0;571;0;0.1;0.0
54;2021-01-06;650;1;1221;1;0.2;0.0
54;2021-01-07;817;2;2038;3;0.3;0.0
54;2021-01-08;706;3;2744;6;0.4;0.0
54;2021-01-09;81;0;2825;6;0.4;0.0
54;2021-01-10;78;0;2903;6;0.4;0.0
54;2021-01-11;974;3;3877;9;0.5;0.0
54;2021-01-12;1181;1;5058;10;0.7;0.0
54;2021-01-13;2425;7;7483;17;1.0;0.0
54;2021-01-14;3401;25;10884;42;1.5;0.0
54;2021-01-15;2721;13;13605;55;1.9;0.0
54;2021-01-16;815;3;14420;58;2.0;0.0
54;2021-01-17;209;0;14629;58;2.0;0.0
54;2021-01-18;1557;5;16186;63;2.2;0.0
54;2021-01-19;1706;0;17892;63;2.4;0.0
54;2021-01-20;1525;4;19417;67;2.7;0.0
54;2021-01-21;1372;4;20789;71;2.8;0.0
54;2021-01-22;1092;8;21881;79;3.0;0.0
54;2021-01-23;478;1;22359;80;3.1;0.0
54;2021-01-24;66;0;22425;80;3.1;0.0
54;2021-01-25;946;28;23371;108;3.2;0.0
54;2021-01-26;142;0;23513;108;3.2;0.0
54;2021-01-27;12;147;23525;255;3.2;0.0
54;2021-01-28;32;205;23557;460;3.2;0.1
54;2021-01-29;18;233;23575;693;3.2;0.1
54;2021-01-30;7;0;23582;693;3.2;0.1
54;2021-01-31;1;0;23583;693;3.2;0.1
54;2021-02-01;13;740;23596;1433;3.2;0.2
54;2021-02-02;23;914;23619;2347;3.2;0.3
54;2021-02-03;363;1390;23982;3737;3.3;0.5
54;2021-02-04;740;2229;24722;5966;3.4;0.8
54;2021-02-05;797;1663;25519;7629;3.5;1.0
54;2021-02-06;204;250;25723;7879;3.5;1.1
54;2021-02-07;4;100;25727;7979;3.5;1.1
54;2021-02-08;117;849;25844;8828;3.5;1.2
54;2021-02-09;305;932;26149;9760;3.6;1.3
54;2021-02-10;385;688;26534;10448;3.6;1.4
54;2021-02-11;294;713;26828;11161;3.7;1.5
54;2021-02-12;446;1098;27274;12259;3.7;1.7
54;2021-02-13;148;217;27422;12476;3.8;1.7
54;2021-02-14;9;8;27431;12484;3.8;1.7
54;2021-02-15;428;962;27859;13446;3.8;1.8
54;2021-02-16;401;1067;28260;14513;3.9;2.0
54;2021-02-17;518;820;28778;15333;3.9;2.1
54;2021-02-18;595;679;29373;16012;4.0;2.2
54;2021-02-19;520;642;29893;16654;4.1;2.3
54;2021-02-20;33;248;29926;16902;4.1;2.3
54;2021-02-21;3;21;29929;16923;4.1;2.3
54;2021-02-22;484;518;30413;17441;4.2;2.4
54;2021-02-23;679;505;31092;17946;4.3;2.5
54;2021-02-24;728;336;31820;18282;4.4;2.5
54;2021-02-25;1475;663;33295;18945;4.6;2.6
54;2021-02-26;1776;746;35071;19691;4.8;2.7
54;2021-02-27;698;108;35769;19799;4.9;2.7
54;2021-02-28;11;26;35780;19825;4.9;2.7
54;2021-03-01;649;193;36429;20018;5.0;2.7
54;2021-03-02;1502;144;37931;20162;5.2;2.8
54;2021-03-03;1763;61;39694;20223;5.4;2.8
54;2021-03-04;2028;97;41722;20320;5.7;2.8
54;2021-03-05;2797;143;44519;20463;6.1;2.8
54;2021-03-06;4045;108;48564;20571;6.6;2.8
54;2021-03-07;2626;69;51190;20640;7.0;2.8
54;2021-03-08;1337;63;52527;20703;7.2;2.8
54;2021-03-09;2647;103;55174;20806;7.6;2.8
54;2021-03-10;3195;105;58369;20911;8.0;2.9
54;2021-03-11;3390;97;61759;21008;8.5;2.9
54;2021-03-12;4981;181;66740;21189;9.1;2.9
54;2021-03-13;4206;110;70946;21299;9.7;2.9
54;2021-03-14;543;40;71489;21339;9.8;2.9
54;2021-03-15;1719;102;73208;21441;10.0;2.9
54;2021-03-16;1735;169;74943;21610;10.3;3.0
54;2021-03-17;2082;149;77025;21759;10.5;3.0
54;2021-03-18;2062;169;79087;21928;10.8;3.0
54;2021-03-19;3320;270;82407;22198;11.3;3.0
54;2021-03-20;2312;72;84719;22270;11.6;3.0
54;2021-03-21;295;14;85014;22284;11.6;3.1
54;2021-03-22;1034;322;86048;22606;11.8;3.1
54;2021-03-23;1937;502;87985;23108;12.0;3.2
54;2021-03-24;2195;706;90180;23814;12.3;3.3
54;2021-03-25;3177;715;93357;24529;12.8;3.4
54;2021-03-26;3515;812;96872;25341;13.3;3.5
54;2021-03-27;2419;289;99291;25630;13.6;3.5
54;2021-03-28;279;6;99570;25636;13.6;3.5
54;2021-03-29;1669;383;101239;26019;13.9;3.6
54;2021-03-30;2559;967;103798;26986;14.2;3.7
54;2021-03-31;2598;1138;106396;28124;14.6;3.9
54;2021-04-01;3238;1283;109634;29407;15.0;4.0
54;2021-04-02;2963;1674;112597;31081;15.4;4.3
54;2021-04-03;1264;1301;113861;32382;15.6;4.4
54;2021-04-04;137;419;113998;32801;15.6;4.5
54;2021-04-05;144;572;114142;33373;15.6;4.6
54;2021-04-06;1269;1647;115411;35020;15.8;4.8
54;2021-04-07;926;2253;116337;37273;15.9;5.1
54;2021-04-08;2326;2422;118663;39695;16.2;5.4
54;2021-04-09;4121;3126;122784;42821;16.8;5.9
54;2021-04-10;3207;1677;125991;44498;17.2;6.1
54;2021-04-11;206;945;126197;45443;17.3;6.2
54;2021-04-12;2199;1529;128396;46972;17.6;6.4
54;2021-04-13;3001;1969;131397;48941;18.0;6.7
54;2021-04-14;3261;1860;134658;50801;18.4;7.0
54;2021-04-15;2876;2296;137534;53097;18.8;7.3
54;2021-04-16;3142;2598;140676;55695;19.3;7.6
54;2021-04-17;3474;1488;144150;57183;19.7;7.8
54;2021-04-18;64;245;144214;57428;19.7;7.9
54;2021-04-19;2462;1081;146676;58509;20.1;8.0
54;2021-04-20;3011;1245;149687;59754;20.5;8.2
54;2021-04-21;4403;1628;154090;61382;21.1;8.4
54;2021-04-22;3721;2385;157811;63767;21.6;8.7
54;2021-04-23;3866;2081;161677;65848;22.1;9.0
54;2021-04-24;2346;1039;164023;66887;22.5;9.2
54;2021-04-25;283;276;164306;67163;22.5;9.2
54;2021-04-26;2306;1270;166612;68433;22.8;9.4
54;2021-04-27;3288;1438;169900;69871;23.3;9.6
54;2021-04-28;2974;1939;172874;71810;23.7;9.8
54;2021-04-29;3796;2073;176670;73883;24.2;10.1
54;2021-04-30;4491;1953;181161;75836;24.8;10.4
54;2021-05-01;2264;803;183425;76639;25.1;10.5
54;2021-05-02;229;68;183654;76707;25.1;10.5
54;2021-05-03;3098;937;186752;77644;25.6;10.6
54;2021-05-04;3517;1452;190269;79096;26.1;10.8
54;2021-05-05;4895;1409;195164;80505;26.7;11.0
54;2021-05-06;4437;2797;199601;83302;27.3;11.4
54;2021-05-07;4825;3395;204426;86697;28.0;11.9
54;2021-05-08;2030;645;206456;87342;28.3;12.0
54;2021-05-09;375;136;206831;87478;28.3;12.0
54;2021-05-10;3208;2237;210039;89715;28.8;12.3
54;2021-05-11;5491;2932;215530;92647;29.5;12.7
54;2021-05-12;4146;3386;219676;96033;30.1;13.1
54;2021-05-13;2647;492;222323;96525;30.4;13.2
54;2021-05-14;6886;2001;229209;98526;31.4;13.5
54;2021-05-15;5485;1321;234694;99847;32.1;13.7
54;2021-05-16;946;109;235640;99956;32.3;13.7
54;2021-05-17;3798;826;239438;100782;32.8;13.8
54;2021-05-18;3289;1104;242727;101886;33.2;13.9
54;2021-05-19;3465;1514;246192;103400;33.7;14.2
54;2021-05-20;4538;1614;250730;105014;34.3;14.4
54;2021-05-21;6755;2500;257485;107514;35.3;14.7
54;2021-05-22;5662;1373;263147;108887;36.0;14.9
54;2021-05-23;504;55;263651;108942;36.1;14.9
54;2021-05-24;1444;344;265095;109286;36.3;15.0
54;2021-05-25;4200;1532;269295;110818;36.9;15.2
54;2021-05-26;3535;2213;272830;113031;37.4;15.5
54;2021-05-27;4182;2421;277012;115452;37.9;15.8
54;2021-05-28;4985;3549;281997;119001;38.6;16.3
54;2021-05-29;3847;3995;285844;122996;39.1;16.8
54;2021-05-30;127;83;285971;123079;39.2;16.9
54;2021-05-31;2939;3058;288910;126137;39.6;17.3
54;2021-06-01;2622;4194;291532;130331;39.9;17.8
54;2021-06-02;2165;4087;293697;134418;40.2;18.4
54;2021-06-03;3147;5646;296844;140064;40.6;19.2
54;2021-06-04;5103;5465;301947;145529;41.3;19.9
54;2021-06-05;2342;3280;304289;148809;41.7;20.4
54;2021-06-06;71;236;304360;149045;41.7;20.4
54;2021-06-07;3706;2935;308066;151980;42.2;20.8
54;2021-06-08;4546;4266;312612;156246;42.8;21.4
54;2021-06-09;6004;3309;318616;159555;43.6;21.8
54;2021-06-10;5300;4449;323916;164004;44.3;22.5
54;2021-06-11;5021;4916;328937;168920;45.0;23.1
54;2021-06-12;4244;3226;333181;172146;45.6;23.6
54;2021-06-13;54;210;333235;172356;45.6;23.6
54;2021-06-14;2331;3593;335566;175949;45.9;24.1
54;2021-06-15;2831;4728;338397;180677;46.3;24.7
54;2021-06-16;3490;5657;341887;186334;46.8;25.5
54;2021-06-17;3138;5217;345025;191551;47.2;26.2
54;2021-06-18;4157;6238;349182;197789;47.8;27.1
54;2021-06-19;2647;3125;351829;200914;48.2;27.5
54;2021-06-20;101;339;351930;201253;48.2;27.6
54;2021-06-21;2558;4767;354488;206020;48.5;28.2
54;2021-06-22;2048;6222;356536;212242;48.8;29.1
54;2021-06-23;2245;5589;358781;217831;49.1;29.8
54;2021-06-24;2093;3456;360874;221287;49.4;30.3
54;2021-06-25;2202;7055;363076;228342;49.7;31.3
54;2021-06-26;2383;5670;365459;234012;50.0;32.0
54;2021-06-27;134;607;365593;234619;50.1;32.1
54;2021-06-28;1962;4352;367555;238971;50.3;32.7
54;2021-06-29;1941;5204;369496;244175;50.6;33.4
54;2021-06-30;1982;5121;371478;249296;50.9;34.1
54;2021-07-01;2140;5983;373618;255279;51.2;35.0
54;2021-07-02;2816;7563;376434;262842;51.5;36.0
54;2021-07-03;2837;4094;379271;266936;51.9;36.5
54;2021-07-04;196;498;379467;267434;52.0;36.6
54;2021-07-05;1669;4253;381136;271687;52.2;37.2
54;2021-07-06;2000;5077;383136;276764;52.5;37.9
54;2021-07-07;1906;4843;385042;281607;52.7;38.6
54;2021-07-08;1680;4111;386722;285718;52.9;39.1
54;2021-07-09;3206;6025;389928;291743;53.4;39.9
54;2021-07-10;2544;4375;392472;296118;53.7;40.5
54;2021-07-11;9;103;392481;296221;53.7;40.6
54;2021-07-12;2101;4694;394582;300915;54.0;41.2
54;2021-07-13;2621;4969;397203;305884;54.4;41.9
54;2021-07-14;1536;1506;398739;307390;54.6;42.1
54;2021-07-15;3174;4835;401913;312225;55.0;42.7
54;2021-07-16;4667;6215;406580;318440;55.7;43.6
54;2021-07-17;4007;4766;410587;323206;56.2;44.3
54;2021-07-18;1804;1682;412391;324888;56.5;44.5
54;2021-07-19;2591;4045;414982;328933;56.8;45.0
54;2021-07-20;2906;4812;417888;333745;57.2;45.7
54;2021-07-21;3132;6331;421020;340076;57.6;46.6
54;2021-07-22;3279;5732;424299;345808;58.1;47.3
54;2021-07-23;3984;6977;428283;352785;58.6;48.3
54;2021-07-24;2948;5317;431231;358102;59.0;49.0
54;2021-07-25;71;50;431302;358152;59.1;49.0
54;2021-07-26;2983;4168;434285;362320;59.5;49.6
54;2021-07-27;3722;4010;438007;366330;60.0;50.2
54;2021-07-28;5206;3869;443213;370199;60.7;50.7
54;2021-07-29;5158;3201;448371;373400;61.4;51.1
54;2021-07-30;5136;5000;453507;378400;62.1;51.8
54;2021-07-31;4536;3231;458043;381631;62.7;52.2
54;2021-08-01;257;73;458300;381704;62.7;52.3
54;2021-08-02;3098;3705;461398;385409;63.2;52.8
54;2021-08-03;4105;2915;465503;388324;63.7;53.2
54;2021-08-04;4423;2697;469926;391021;64.3;53.5
54;2021-08-05;4618;2432;474544;393453;65.0;53.9
54;2021-08-06;5447;3989;479991;397442;65.7;54.4
54;2021-08-07;3671;2831;483662;400273;66.2;54.8
54;2021-08-08;248;114;483910;400387;66.3;54.8
54;2021-08-09;2979;2693;486889;403080;66.7;55.2
54;2021-08-10;2562;3766;489451;406846;67.0;55.7
54;2021-08-11;2333;2566;491784;409412;67.3;56.1
54;2021-08-12;2191;3004;493975;412416;67.6;56.5
54;2021-08-13;2623;4448;496598;416864;68.0;57.1
54;2021-08-14;1431;2075;498029;418939;68.2;57.4
54;2021-08-15;31;43;498060;418982;68.2;57.4
54;2021-08-16;1854;3425;499914;422407;68.4;57.8
54;2021-08-17;1944;3313;501858;425720;68.7;58.3
54;2021-08-18;1495;4102;503353;429822;68.9;58.8
54;2021-08-19;1255;2790;504608;432612;69.1;59.2
54;2021-08-20;1869;4931;506477;437543;69.3;59.9
54;2021-08-21;1462;4014;507939;441557;69.5;60.5
54;2021-08-22;59;27;507998;441584;69.6;60.5
54;2021-08-23;1205;3852;509203;445436;69.7;61.0
54;2021-08-24;1118;3154;510321;448590;69.9;61.4
54;2021-08-25;1401;4379;511722;452969;70.1;62.0
54;2021-08-26;993;3110;512715;456079;70.2;62.4
54;2021-08-27;1498;5323;514213;461402;70.4;63.2
54;2021-08-28;1126;4274;515339;465676;70.6;63.8
54;2021-08-29;15;50;515354;465726;70.6;63.8
54;2021-08-30;1183;4194;516537;469920;70.7;64.3
54;2021-08-31;1044;4699;517581;474619;70.9;65.0
54;2021-09-01;1092;3754;518673;478373;71.0;65.5
54;2021-09-02;717;2166;519390;480539;71.1;65.8
54;2021-09-03;969;3212;520359;483751;71.2;66.2
54;2021-09-04;1146;3426;521505;487177;71.4;66.7
54;2021-09-05;24;32;521529;487209;71.4;66.7
54;2021-09-06;484;1465;522013;488674;71.5;66.9
54;2021-09-07;585;1597;522598;490271;71.5;67.1
54;2021-09-08;624;1894;523222;492165;71.6;67.4
54;2021-09-09;924;2107;524146;494272;71.8;67.7
54;2021-09-10;974;2772;525120;497044;71.9;68.1
54;2021-09-11;720;2690;525840;499734;72.0;68.4
54;2021-09-12;80;116;525920;499850;72.0;68.4
54;2021-09-13;635;1253;526555;501103;72.1;68.6
54;2021-09-14;574;1471;527129;502574;72.2;68.8
55;2020-12-27;0;0;0;0;0.0;0.0
55;2020-12-28;0;0;0;0;0.0;0.0
55;2020-12-29;0;0;0;0;0.0;0.0
55;2020-12-30;0;0;0;0;0.0;0.0
55;2020-12-31;0;0;0;0;0.0;0.0
55;2021-01-01;0;0;0;0;0.0;0.0
55;2021-01-02;0;0;0;0;0.0;0.0
55;2021-01-03;0;0;0;0;0.0;0.0
55;2021-01-04;1;0;1;0;0.0;0.0
55;2021-01-05;0;0;1;0;0.0;0.0
55;2021-01-06;0;0;1;0;0.0;0.0
55;2021-01-07;122;0;123;0;0.1;0.0
55;2021-01-08;127;0;250;0;0.1;0.0
55;2021-01-09;52;0;302;0;0.2;0.0
55;2021-01-10;0;0;302;0;0.2;0.0
55;2021-01-11;128;1;430;1;0.2;0.0
55;2021-01-12;119;0;549;1;0.3;0.0
55;2021-01-13;135;0;684;1;0.4;0.0
55;2021-01-14;644;7;1328;8;0.7;0.0
55;2021-01-15;237;0;1565;8;0.9;0.0
55;2021-01-16;62;0;1627;8;0.9;0.0
55;2021-01-17;1;0;1628;8;0.9;0.0
55;2021-01-18;413;1;2041;9;1.1;0.0
55;2021-01-19;352;3;2393;12;1.3;0.0
55;2021-01-20;456;2;2849;14;1.6;0.0
55;2021-01-21;430;0;3279;14;1.8;0.0
55;2021-01-22;391;0;3670;14;2.0;0.0
55;2021-01-23;49;0;3719;14;2.0;0.0
55;2021-01-24;0;0;3719;14;2.0;0.0
55;2021-01-25;436;0;4155;14;2.3;0.0
55;2021-01-26;431;0;4586;14;2.5;0.0
55;2021-01-27;424;0;5010;14;2.8;0.0
55;2021-01-28;485;97;5495;111;3.0;0.1
55;2021-01-29;159;50;5654;161;3.1;0.1
55;2021-01-30;92;27;5746;188;3.2;0.1
55;2021-01-31;0;0;5746;188;3.2;0.1
55;2021-02-01;153;155;5899;343;3.2;0.2
55;2021-02-02;159;132;6058;475;3.3;0.3
55;2021-02-03;53;139;6111;614;3.4;0.3
55;2021-02-04;234;378;6345;992;3.5;0.5
55;2021-02-05;174;138;6519;1130;3.6;0.6
55;2021-02-06;62;56;6581;1186;3.6;0.7
55;2021-02-07;2;53;6583;1239;3.6;0.7
55;2021-02-08;0;17;6583;1256;3.6;0.7
55;2021-02-09;92;115;6675;1371;3.7;0.8
55;2021-02-10;65;23;6740;1394;3.7;0.8
55;2021-02-11;175;93;6915;1487;3.8;0.8
55;2021-02-12;94;27;7009;1514;3.9;0.8
55;2021-02-13;0;0;7009;1514;3.9;0.8
55;2021-02-14;0;0;7009;1514;3.9;0.8
55;2021-02-15;15;306;7024;1820;3.9;1.0
55;2021-02-16;143;277;7167;2097;3.9;1.2
55;2021-02-17;26;388;7193;2485;4.0;1.4
55;2021-02-18;20;258;7213;2743;4.0;1.5
55;2021-02-19;125;245;7338;2988;4.0;1.6
55;2021-02-20;11;0;7349;2988;4.0;1.6
55;2021-02-21;0;0;7349;2988;4.0;1.6
55;2021-02-22;55;365;7404;3353;4.1;1.8
55;2021-02-23;85;367;7489;3720;4.1;2.0
55;2021-02-24;72;347;7561;4067;4.2;2.2
55;2021-02-25;270;621;7831;4688;4.3;2.6
55;2021-02-26;324;205;8155;4893;4.5;2.7
55;2021-02-27;125;85;8280;4978;4.6;2.7
55;2021-02-28;2;8;8282;4986;4.6;2.7
55;2021-03-01;77;118;8359;5104;4.6;2.8
55;2021-03-02;124;136;8483;5240;4.7;2.9
55;2021-03-03;198;3;8681;5243;4.8;2.9
55;2021-03-04;238;40;8919;5283;4.9;2.9
55;2021-03-05;362;43;9281;5326;5.1;2.9
55;2021-03-06;224;6;9505;5332;5.2;2.9
55;2021-03-07;74;1;9579;5333;5.3;2.9
55;2021-03-08;329;49;9908;5382;5.5;3.0
55;2021-03-09;635;48;10543;5430;5.8;3.0
55;2021-03-10;397;24;10940;5454;6.0;3.0
55;2021-03-11;597;138;11537;5592;6.4;3.1
55;2021-03-12;816;89;12353;5681;6.8;3.1
55;2021-03-13;523;12;12876;5693;7.1;3.1
55;2021-03-14;14;0;12890;5693;7.1;3.1
55;2021-03-15;393;23;13283;5716;7.3;3.1
55;2021-03-16;568;104;13851;5820;7.6;3.2
55;2021-03-17;683;21;14534;5841;8.0;3.2
55;2021-03-18;323;23;14857;5864;8.2;3.2
55;2021-03-19;471;59;15328;5923;8.4;3.3
55;2021-03-20;254;15;15582;5938;8.6;3.3
55;2021-03-21;1;1;15583;5939;8.6;3.3
55;2021-03-22;474;20;16057;5959;8.8;3.3
55;2021-03-23;972;65;17029;6024;9.4;3.3
55;2021-03-24;802;43;17831;6067;9.8;3.3
55;2021-03-25;1098;81;18929;6148;10.4;3.4
55;2021-03-26;602;36;19531;6184;10.8;3.4
55;2021-03-27;256;23;19787;6207;10.9;3.4
55;2021-03-28;0;0;19787;6207;10.9;3.4
55;2021-03-29;944;39;20731;6246;11.4;3.4
55;2021-03-30;1425;72;22156;6318;12.2;3.5
55;2021-03-31;1484;69;23640;6387;13.0;3.5
55;2021-04-01;1207;129;24847;6516;13.7;3.6
55;2021-04-02;902;69;25749;6585;14.2;3.6
55;2021-04-03;93;12;25842;6597;14.2;3.6
55;2021-04-04;2;0;25844;6597;14.2;3.6
55;2021-04-05;6;12;25850;6609;14.2;3.6
55;2021-04-06;933;277;26783;6886;14.7;3.8
55;2021-04-07;993;237;27776;7123;15.3;3.9
55;2021-04-08;1649;420;29425;7543;16.2;4.2
55;2021-04-09;1430;261;30855;7804;17.0;4.3
55;2021-04-10;242;174;31097;7978;17.1;4.4
55;2021-04-11;452;21;31549;7999;17.4;4.4
55;2021-04-12;855;327;32404;8326;17.8;4.6
55;2021-04-13;1355;526;33759;8852;18.6;4.9
55;2021-04-14;1372;726;35131;9578;19.3;5.3
55;2021-04-15;1637;457;36768;10035;20.2;5.5
55;2021-04-16;705;379;37473;10414;20.6;5.7
55;2021-04-17;677;31;38150;10445;21.0;5.8
55;2021-04-18;38;18;38188;10463;21.0;5.8
55;2021-04-19;961;346;39149;10809;21.6;6.0
55;2021-04-20;1173;771;40322;11580;22.2;6.4
55;2021-04-21;991;640;41313;12220;22.7;6.7
55;2021-04-22;1099;675;42412;12895;23.3;7.1
55;2021-04-23;1424;598;43836;13493;24.1;7.4
55;2021-04-24;313;124;44149;13617;24.3;7.5
55;2021-04-25;384;51;44533;13668;24.5;7.5
55;2021-04-26;478;815;45011;14483;24.8;8.0
55;2021-04-27;570;994;45581;15477;25.1;8.5
55;2021-04-28;931;816;46512;16293;25.6;9.0
55;2021-04-29;1118;857;47630;17150;26.2;9.4
55;2021-04-30;1280;620;48910;17770;26.9;9.8
55;2021-05-01;153;131;49063;17901;27.0;9.9
55;2021-05-02;2;3;49065;17904;27.0;9.9
55;2021-05-03;1208;629;50273;18533;27.7;10.2
55;2021-05-04;683;1177;50956;19710;28.1;10.9
55;2021-05-05;658;1070;51614;20780;28.4;11.4
55;2021-05-06;1349;1157;52963;21937;29.2;12.1
55;2021-05-07;1433;554;54396;22491;29.9;12.4
55;2021-05-08;156;77;54552;22568;30.0;12.4
55;2021-05-09;62;522;54614;23090;30.1;12.7
55;2021-05-10;860;1029;55474;24119;30.5;13.3
55;2021-05-11;1070;1371;56544;25490;31.1;14.0
55;2021-05-12;1031;1761;57575;27251;31.7;15.0
55;2021-05-13;99;75;57674;27326;31.8;15.0
55;2021-05-14;352;555;58026;27881;31.9;15.3
55;2021-05-15;291;486;58317;28367;32.1;15.6
55;2021-05-16;3;10;58320;28377;32.1;15.6
55;2021-05-17;1028;841;59348;29218;32.7;16.1
55;2021-05-18;1568;886;60916;30104;33.5;16.6
55;2021-05-19;1809;778;62725;30882;34.5;17.0
55;2021-05-20;2215;730;64940;31612;35.8;17.4
55;2021-05-21;2011;799;66951;32411;36.9;17.8
55;2021-05-22;198;167;67149;32578;37.0;17.9
55;2021-05-23;23;120;67172;32698;37.0;18.0
55;2021-05-24;0;0;67172;32698;37.0;18.0
55;2021-05-25;1347;651;68519;33349;37.7;18.4
55;2021-05-26;1674;1017;70193;34366;38.6;18.9
55;2021-05-27;1321;981;71514;35347;39.4;19.5
55;2021-05-28;1521;928;73035;36275;40.2;20.0
55;2021-05-29;1403;694;74438;36969;41.0;20.4
55;2021-05-30;15;205;74453;37174;41.0;20.5
55;2021-05-31;1049;1130;75502;38304;41.6;21.1
55;2021-06-01;919;957;76421;39261;42.1;21.6
55;2021-06-02;1163;980;77584;40241;42.7;22.2
55;2021-06-03;703;538;78287;40779;43.1;22.5
55;2021-06-04;1389;1098;79676;41877;43.9;23.1
55;2021-06-05;1366;277;81042;42154;44.6;23.2
55;2021-06-06;0;2;81042;42156;44.6;23.2
55;2021-06-07;791;714;81833;42870;45.1;23.6
55;2021-06-08;699;1074;82532;43944;45.4;24.2
55;2021-06-09;852;868;83384;44812;45.9;24.7
55;2021-06-10;379;275;83763;45087;46.1;24.8
55;2021-06-11;528;1285;84291;46372;46.4;25.5
55;2021-06-12;761;518;85052;46890;46.8;25.8
55;2021-06-13;265;33;85317;46923;47.0;25.8
55;2021-06-14;391;1363;85708;48286;47.2;26.6
55;2021-06-15;574;1212;86282;49498;47.5;27.3
55;2021-06-16;735;832;87017;50330;47.9;27.7
55;2021-06-17;425;858;87442;51188;48.1;28.2
55;2021-06-18;668;1473;88110;52661;48.5;29.0
55;2021-06-19;593;454;88703;53115;48.8;29.2
55;2021-06-20;0;0;88703;53115;48.8;29.2
55;2021-06-21;439;1023;89142;54138;49.1;29.8
55;2021-06-22;335;1012;89477;55150;49.3;30.4
55;2021-06-23;626;1209;90103;56359;49.6;31.0
55;2021-06-24;163;433;90266;56792;49.7;31.3
55;2021-06-25;642;1227;90908;58019;50.0;31.9
55;2021-06-26;418;341;91326;58360;50.3;32.1
55;2021-06-27;1;2;91327;58362;50.3;32.1
55;2021-06-28;149;1380;91476;59742;50.4;32.9
55;2021-06-29;201;1287;91677;61029;50.5;33.6
55;2021-06-30;272;1929;91949;62958;50.6;34.7
55;2021-07-01;388;1978;92337;64936;50.8;35.7
55;2021-07-02;391;1719;92728;66655;51.1;36.7
55;2021-07-03;108;262;92836;66917;51.1;36.8
55;2021-07-04;12;19;92848;66936;51.1;36.9
55;2021-07-05;222;1508;93070;68444;51.2;37.7
55;2021-07-06;327;899;93397;69343;51.4;38.2
55;2021-07-07;388;1801;93785;71144;51.6;39.2
55;2021-07-08;534;1594;94319;72738;51.9;40.0
55;2021-07-09;456;1479;94775;74217;52.2;40.9
55;2021-07-10;356;1112;95131;75329;52.4;41.5
55;2021-07-11;0;9;95131;75338;52.4;41.5
55;2021-07-12;608;1166;95739;76504;52.7;42.1
55;2021-07-13;599;1487;96338;77991;53.0;42.9
55;2021-07-14;1;13;96339;78004;53.0;42.9
55;2021-07-15;782;1645;97121;79649;53.5;43.8
55;2021-07-16;1255;1808;98376;81457;54.2;44.8
55;2021-07-17;1283;821;99659;82278;54.9;45.3
55;2021-07-18;1;2;99660;82280;54.9;45.3
55;2021-07-19;597;785;100257;83065;55.2;45.7
55;2021-07-20;1001;1019;101258;84084;55.7;46.3
55;2021-07-21;1484;1370;102742;85454;56.6;47.0
55;2021-07-22;1175;564;103917;86018;57.2;47.4
55;2021-07-23;1113;1354;105030;87372;57.8;48.1
55;2021-07-24;819;760;105849;88132;58.3;48.5
55;2021-07-25;120;229;105969;88361;58.3;48.6
55;2021-07-26;669;444;106638;88805;58.7;48.9
55;2021-07-27;1168;479;107806;89284;59.4;49.2
55;2021-07-28;1039;1063;108845;90347;59.9;49.7
55;2021-07-29;670;446;109515;90793;60.3;50.0
55;2021-07-30;1271;966;110786;91759;61.0;50.5
55;2021-07-31;714;613;111500;92372;61.4;50.9
55;2021-08-01;9;5;111509;92377;61.4;50.9
55;2021-08-02;628;443;112137;92820;61.7;51.1
55;2021-08-03;645;418;112782;93238;62.1;51.3
55;2021-08-04;1248;951;114030;94189;62.8;51.9
55;2021-08-05;1002;323;115032;94512;63.3;52.0
55;2021-08-06;816;1095;115848;95607;63.8;52.6
55;2021-08-07;596;336;116444;95943;64.1;52.8
55;2021-08-08;0;0;116444;95943;64.1;52.8
55;2021-08-09;402;306;116846;96249;64.3;53.0
55;2021-08-10;445;775;117291;97024;64.6;53.4
55;2021-08-11;593;640;117884;97664;64.9;53.8
55;2021-08-12;325;488;118209;98152;65.1;54.0
55;2021-08-13;433;1109;118642;99261;65.3;54.6
55;2021-08-14;137;190;118779;99451;65.4;54.8
55;2021-08-15;11;5;118790;99456;65.4;54.8
55;2021-08-16;245;739;119035;100195;65.5;55.2
55;2021-08-17;257;290;119292;100485;65.7;55.3
55;2021-08-18;542;1241;119834;101726;66.0;56.0
55;2021-08-19;450;960;120284;102686;66.2;56.5
55;2021-08-20;569;1012;120853;103698;66.5;57.1
55;2021-08-21;292;771;121145;104469;66.7;57.5
55;2021-08-22;8;6;121153;104475;66.7;57.5
55;2021-08-23;353;611;121506;105086;66.9;57.9
55;2021-08-24;303;833;121809;105919;67.1;58.3
55;2021-08-25;664;1172;122473;107091;67.4;59.0
55;2021-08-26;448;1253;122921;108344;67.7;59.6
55;2021-08-27;315;1246;123236;109590;67.8;60.3
55;2021-08-28;382;579;123618;110169;68.1;60.7
55;2021-08-29;216;58;123834;110227;68.2;60.7
55;2021-08-30;129;677;123963;110904;68.2;61.1
55;2021-08-31;282;823;124245;111727;68.4;61.5
55;2021-09-01;542;1269;124787;112996;68.7;62.2
55;2021-09-02;204;894;124991;113890;68.8;62.7
55;2021-09-03;406;1273;125397;115163;69.0;63.4
55;2021-09-04;287;600;125684;115763;69.2;63.7
55;2021-09-05;17;90;125701;115853;69.2;63.8
55;2021-09-06;59;127;125760;115980;69.2;63.9
55;2021-09-07;269;595;126029;116575;69.4;64.2
55;2021-09-08;215;334;126244;116909;69.5;64.4
55;2021-09-09;181;595;126425;117504;69.6;64.7
55;2021-09-10;180;550;126605;118054;69.7;65.0
55;2021-09-11;89;315;126694;118369;69.7;65.2
55;2021-09-12;1;1;126695;118370;69.8;65.2
55;2021-09-13;95;432;126790;118802;69.8;65.4
55;2021-09-14;226;279;127016;119081;69.9;65.6
56;2020-12-27;0;0;0;0;0.0;0.0
56;2020-12-28;1;0;1;0;0.0;0.0
56;2020-12-29;0;0;1;0;0.0;0.0
56;2020-12-30;0;0;1;0;0.0;0.0
56;2020-12-31;0;0;1;0;0.0;0.0
56;2021-01-01;0;0;1;0;0.0;0.0
56;2021-01-02;1;0;2;0;0.0;0.0
56;2021-01-03;2;0;4;0;0.0;0.0
56;2021-01-04;2;0;6;0;0.0;0.0
56;2021-01-05;1;0;7;0;0.0;0.0
56;2021-01-06;2;0;9;0;0.0;0.0
56;2021-01-07;198;0;207;0;0.0;0.0
56;2021-01-08;119;0;326;0;0.0;0.0
56;2021-01-09;1;0;327;0;0.0;0.0
56;2021-01-10;1;0;328;0;0.0;0.0
56;2021-01-11;242;0;570;0;0.1;0.0
56;2021-01-12;754;0;1324;0;0.2;0.0
56;2021-01-13;638;1;1962;1;0.3;0.0
56;2021-01-14;970;2;2932;3;0.4;0.0
56;2021-01-15;843;5;3775;8;0.5;0.0
56;2021-01-16;234;3;4009;11;0.5;0.0
56;2021-01-17;27;0;4036;11;0.5;0.0
56;2021-01-18;1005;1;5041;12;0.7;0.0
56;2021-01-19;866;0;5907;12;0.8;0.0
56;2021-01-20;884;1;6791;13;0.9;0.0
56;2021-01-21;1450;1;8241;14;1.1;0.0
56;2021-01-22;1182;3;9423;17;1.2;0.0
56;2021-01-23;319;2;9742;19;1.3;0.0
56;2021-01-24;6;0;9748;19;1.3;0.0
56;2021-01-25;830;0;10578;19;1.4;0.0
56;2021-01-26;1034;4;11612;23;1.5;0.0
56;2021-01-27;1082;59;12694;82;1.7;0.0
56;2021-01-28;975;119;13669;201;1.8;0.0
56;2021-01-29;873;100;14542;301;1.9;0.0
56;2021-01-30;139;18;14681;319;1.9;0.0
56;2021-01-31;0;0;14681;319;1.9;0.0
56;2021-02-01;479;113;15160;432;2.0;0.1
56;2021-02-02;941;246;16101;678;2.1;0.1
56;2021-02-03;1023;254;17124;932;2.3;0.1
56;2021-02-04;4701;332;21825;1264;2.9;0.2
56;2021-02-05;3591;417;25416;1681;3.4;0.2
56;2021-02-06;551;162;25967;1843;3.4;0.2
56;2021-02-07;136;26;26103;1869;3.5;0.2
56;2021-02-08;297;256;26400;2125;3.5;0.3
56;2021-02-09;794;406;27194;2531;3.6;0.3
56;2021-02-10;866;637;28060;3168;3.7;0.4
56;2021-02-11;973;999;29033;4167;3.8;0.6
56;2021-02-12;1152;568;30185;4735;4.0;0.6
56;2021-02-13;220;76;30405;4811;4.0;0.6
56;2021-02-14;6;45;30411;4856;4.0;0.6
56;2021-02-15;623;833;31034;5689;4.1;0.8
56;2021-02-16;1220;589;32254;6278;4.3;0.8
56;2021-02-17;1189;770;33443;7048;4.4;0.9
56;2021-02-18;1352;707;34795;7755;4.6;1.0
56;2021-02-19;1322;704;36117;8459;4.8;1.1
56;2021-02-20;365;191;36482;8650;4.8;1.1
56;2021-02-21;1;0;36483;8650;4.8;1.1
56;2021-02-22;376;577;36859;9227;4.9;1.2
56;2021-02-23;741;737;37600;9964;5.0;1.3
56;2021-02-24;917;908;38517;10872;5.1;1.4
56;2021-02-25;2032;3831;40549;14703;5.4;1.9
56;2021-02-26;2356;2102;42905;16805;5.7;2.2
56;2021-02-27;745;366;43650;17171;5.8;2.3
56;2021-02-28;15;112;43665;17283;5.8;2.3
56;2021-03-01;648;449;44313;17732;5.9;2.3
56;2021-03-02;979;654;45292;18386;6.0;2.4
56;2021-03-03;1150;763;46442;19149;6.1;2.5
56;2021-03-04;1967;925;48409;20074;6.4;2.7
56;2021-03-05;2582;1322;50991;21396;6.7;2.8
56;2021-03-06;1209;191;52200;21587;6.9;2.9
56;2021-03-07;282;24;52482;21611;6.9;2.9
56;2021-03-08;1141;349;53623;21960;7.1;2.9
56;2021-03-09;2042;539;55665;22499;7.4;3.0
56;2021-03-10;2000;851;57665;23350;7.6;3.1
56;2021-03-11;3252;695;60917;24045;8.1;3.2
56;2021-03-12;4208;772;65125;24817;8.6;3.3
56;2021-03-13;1885;145;67010;24962;8.9;3.3
56;2021-03-14;195;4;67205;24966;8.9;3.3
56;2021-03-15;1285;521;68490;25487;9.1;3.4
56;2021-03-16;1089;998;69579;26485;9.2;3.5
56;2021-03-17;1371;755;70950;27240;9.4;3.6
56;2021-03-18;2001;1842;72951;29082;9.7;3.8
56;2021-03-19;2945;1366;75896;30448;10.0;4.0
56;2021-03-20;1493;202;77389;30650;10.2;4.1
56;2021-03-21;208;22;77597;30672;10.3;4.1
56;2021-03-22;1611;400;79208;31072;10.5;4.1
56;2021-03-23;2808;678;82016;31750;10.9;4.2
56;2021-03-24;3450;519;85466;32269;11.3;4.3
56;2021-03-25;4240;713;89706;32982;11.9;4.4
56;2021-03-26;5092;759;94798;33741;12.5;4.5
56;2021-03-27;1501;288;96299;34029;12.7;4.5
56;2021-03-28;264;11;96563;34040;12.8;4.5
56;2021-03-29;2236;501;98799;34541;13.1;4.6
56;2021-03-30;3519;784;102318;35325;13.5;4.7
56;2021-03-31;3116;717;105434;36042;14.0;4.8
56;2021-04-01;4078;819;109512;36861;14.5;4.9
56;2021-04-02;3928;942;113440;37803;15.0;5.0
56;2021-04-03;1186;270;114626;38073;15.2;5.0
56;2021-04-04;232;4;114858;38077;15.2;5.0
56;2021-04-05;244;8;115102;38085;15.2;5.0
56;2021-04-06;2827;1233;117929;39318;15.6;5.2
56;2021-04-07;4026;1193;121955;40511;16.1;5.4
56;2021-04-08;5298;1164;127253;41675;16.8;5.5
56;2021-04-09;7392;1280;134645;42955;17.8;5.7
56;2021-04-10;2576;428;137221;43383;18.2;5.7
56;2021-04-11;194;101;137415;43484;18.2;5.8
56;2021-04-12;3933;833;141348;44317;18.7;5.9
56;2021-04-13;5966;1263;147314;45580;19.5;6.0
56;2021-04-14;5167;1431;152481;47011;20.2;6.2
56;2021-04-15;7154;1774;159635;48785;21.1;6.5
56;2021-04-16;7841;2011;167476;50796;22.2;6.7
56;2021-04-17;3132;647;170608;51443;22.6;6.8
56;2021-04-18;528;110;171136;51553;22.7;6.8
56;2021-04-19;3719;1262;174855;52815;23.1;7.0
56;2021-04-20;4107;1975;178962;54790;23.7;7.3
56;2021-04-21;4060;2320;183022;57110;24.2;7.6
56;2021-04-22;5175;1918;188197;59028;24.9;7.8
56;2021-04-23;5171;2410;193368;61438;25.6;8.1
56;2021-04-24;2901;637;196269;62075;26.0;8.2
56;2021-04-25;465;150;196734;62225;26.0;8.2
56;2021-04-26;4710;1659;201444;63884;26.7;8.5
56;2021-04-27;5098;2537;206542;66421;27.3;8.8
56;2021-04-28;4969;2241;211511;68662;28.0;9.1
56;2021-04-29;5842;2925;217353;71587;28.8;9.5
56;2021-04-30;6245;2782;223598;74369;29.6;9.8
56;2021-05-01;2489;362;226087;74731;29.9;9.9
56;2021-05-02;307;254;226394;74985;30.0;9.9
56;2021-05-03;3865;2052;230259;77037;30.5;10.2
56;2021-05-04;4379;3899;234638;80936;31.1;10.7
56;2021-05-05;3524;3872;238162;84808;31.5;11.2
56;2021-05-06;4377;5430;242539;90238;32.1;11.9
56;2021-05-07;4268;4990;246807;95228;32.7;12.6
56;2021-05-08;1645;320;248452;95548;32.9;12.6
56;2021-05-09;495;227;248947;95775;32.9;12.7
56;2021-05-10;3751;3803;252698;99578;33.4;13.2
56;2021-05-11;4170;5041;256868;104619;34.0;13.8
56;2021-05-12;4342;4772;261210;109391;34.6;14.5
56;2021-05-13;2397;1014;263607;110405;34.9;14.6
56;2021-05-14;4228;4348;267835;114753;35.4;15.2
56;2021-05-15;2487;1895;270322;116648;35.8;15.4
56;2021-05-16;237;488;270559;117136;35.8;15.5
56;2021-05-17;2513;3664;273072;120800;36.1;16.0
56;2021-05-18;3522;4090;276594;124890;36.6;16.5
56;2021-05-19;3528;3394;280122;128284;37.1;17.0
56;2021-05-20;3805;4808;283927;133092;37.6;17.6
56;2021-05-21;3746;5216;287673;138308;38.1;18.3
56;2021-05-22;1698;2207;289371;140515;38.3;18.6
56;2021-05-23;284;197;289655;140712;38.3;18.6
56;2021-05-24;2058;497;291713;141209;38.6;18.7
56;2021-05-25;3140;4472;294853;145681;39.0;19.3
56;2021-05-26;3735;3933;298588;149614;39.5;19.8
56;2021-05-27;4362;4862;302950;154476;40.1;20.4
56;2021-05-28;4638;5938;307588;160414;40.7;21.2
56;2021-05-29;1886;1631;309474;162045;41.0;21.4
56;2021-05-30;318;67;309792;162112;41.0;21.5
56;2021-05-31;4502;3213;314294;165325;41.6;21.9
56;2021-06-01;5664;3378;319958;168703;42.3;22.3
56;2021-06-02;5638;2947;325596;171650;43.1;22.7
56;2021-06-03;6188;3292;331784;174942;43.9;23.2
56;2021-06-04;5814;4399;337598;179341;44.7;23.7
56;2021-06-05;4346;2371;341944;181712;45.3;24.0
56;2021-06-06;496;616;342440;182328;45.3;24.1
56;2021-06-07;5103;3167;347543;185495;46.0;24.6
56;2021-06-08;6071;3365;353614;188860;46.8;25.0
56;2021-06-09;6433;2812;360047;191672;47.7;25.4
56;2021-06-10;7480;2872;367527;194544;48.6;25.7
56;2021-06-11;6765;3864;374292;198408;49.5;26.3
56;2021-06-12;5102;2062;379394;200470;50.2;26.5
56;2021-06-13;1980;439;381374;200909;50.5;26.6
56;2021-06-14;3313;4588;384687;205497;50.9;27.2
56;2021-06-15;4202;4878;388889;210375;51.5;27.8
56;2021-06-16;4497;4501;393386;214876;52.1;28.4
56;2021-06-17;4258;4747;397644;219623;52.6;29.1
56;2021-06-18;4518;5968;402162;225591;53.2;29.9
56;2021-06-19;3836;2143;405998;227734;53.7;30.1
56;2021-06-20;1504;340;407502;228074;53.9;30.2
56;2021-06-21;3308;4461;410810;232535;54.4;30.8
56;2021-06-22;3485;5434;414295;237969;54.8;31.5
56;2021-06-23;3765;5062;418060;243031;55.3;32.2
56;2021-06-24;3477;5320;421537;248351;55.8;32.9
56;2021-06-25;3884;6280;425421;254631;56.3;33.7
56;2021-06-26;3205;2915;428626;257546;56.7;34.1
56;2021-06-27;305;163;428931;257709;56.8;34.1
56;2021-06-28;1575;3982;430506;261691;57.0;34.6
56;2021-06-29;2435;5761;432941;267452;57.3;35.4
56;2021-06-30;2498;5558;435439;273010;57.6;36.1
56;2021-07-01;2735;4953;438174;277963;58.0;36.8
56;2021-07-02;2658;6201;440832;284164;58.3;37.6
56;2021-07-03;2205;2676;443037;286840;58.6;38.0
56;2021-07-04;778;811;443815;287651;58.7;38.1
56;2021-07-05;1872;5442;445687;293093;59.0;38.8
56;2021-07-06;2190;5932;447877;299025;59.3;39.6
56;2021-07-07;2846;5645;450723;304670;59.7;40.3
56;2021-07-08;3087;6035;453810;310705;60.1;41.1
56;2021-07-09;2217;7098;456027;317803;60.4;42.1
56;2021-07-10;1127;3000;457154;320803;60.5;42.5
56;2021-07-11;256;344;457410;321147;60.5;42.5
56;2021-07-12;2183;6606;459593;327753;60.8;43.4
56;2021-07-13;3261;7467;462854;335220;61.3;44.4
56;2021-07-14;1786;2591;464640;337811;61.5;44.7
56;2021-07-15;3821;7066;468461;344877;62.0;45.6
56;2021-07-16;4078;8085;472539;352962;62.5;46.7
56;2021-07-17;2321;3522;474860;356484;62.8;47.2
56;2021-07-18;256;478;475116;356962;62.9;47.2
56;2021-07-19;2867;6356;477983;363318;63.3;48.1
56;2021-07-20;3725;7913;481708;371231;63.8;49.1
56;2021-07-21;3095;7518;484803;378749;64.2;50.1
56;2021-07-22;4394;8025;489197;386774;64.7;51.2
56;2021-07-23;4392;8405;493589;395179;65.3;52.3
56;2021-07-24;1688;4600;495277;399779;65.6;52.9
56;2021-07-25;552;1918;495829;401697;65.6;53.2
56;2021-07-26;3682;5454;499511;407151;66.1;53.9
56;2021-07-27;5375;6194;504886;413345;66.8;54.7
56;2021-07-28;4689;5463;509575;418808;67.4;55.4
56;2021-07-29;5383;5626;514958;424434;68.2;56.2
56;2021-07-30;5388;5863;520346;430297;68.9;57.0
56;2021-07-31;2157;2690;522503;432987;69.2;57.3
56;2021-08-01;1252;977;523755;433964;69.3;57.4
56;2021-08-02;4515;4597;528270;438561;69.9;58.0
56;2021-08-03;6381;4959;534651;443520;70.8;58.7
56;2021-08-04;5954;4362;540605;447882;71.5;59.3
56;2021-08-05;6100;4603;546705;452485;72.4;59.9
56;2021-08-06;5849;4922;552554;457407;73.1;60.5
56;2021-08-07;2856;2224;555410;459631;73.5;60.8
56;2021-08-08;1827;564;557237;460195;73.8;60.9
56;2021-08-09;3926;4265;561163;464460;74.3;61.5
56;2021-08-10;4931;4609;566094;469069;74.9;62.1
56;2021-08-11;4566;4142;570660;473211;75.5;62.6
56;2021-08-12;4483;4537;575143;477748;76.1;63.2
56;2021-08-13;4216;4807;579359;482555;76.7;63.9
56;2021-08-14;1783;2136;581142;484691;76.9;64.1
56;2021-08-15;349;485;581491;485176;77.0;64.2
56;2021-08-16;3060;4520;584551;489696;77.4;64.8
56;2021-08-17;3755;5053;588306;494749;77.9;65.5
56;2021-08-18;3738;4608;592044;499357;78.4;66.1
56;2021-08-19;3060;4988;595104;504345;78.8;66.8
56;2021-08-20;2895;5258;597999;509603;79.1;67.4
56;2021-08-21;1153;2399;599152;512002;79.3;67.8
56;2021-08-22;129;503;599281;512505;79.3;67.8
56;2021-08-23;1921;4968;601202;517473;79.6;68.5
56;2021-08-24;1920;5512;603122;522985;79.8;69.2
56;2021-08-25;1699;5057;604821;528042;80.0;69.9
56;2021-08-26;1398;5323;606219;533365;80.2;70.6
56;2021-08-27;1734;5874;607953;539239;80.5;71.4
56;2021-08-28;591;2801;608544;542040;80.5;71.7
56;2021-08-29;79;477;608623;542517;80.6;71.8
56;2021-08-30;1375;4743;609998;547260;80.7;72.4
56;2021-08-31;1472;4791;611470;552051;80.9;73.1
56;2021-09-01;1314;4196;612784;556247;81.1;73.6
56;2021-09-02;1078;4037;613862;560284;81.2;74.2
56;2021-09-03;1088;4595;614950;564879;81.4;74.8
56;2021-09-04;756;2443;615706;567322;81.5;75.1
56;2021-09-05;121;371;615827;567693;81.5;75.1
56;2021-09-06;877;3622;616704;571315;81.6;75.6
56;2021-09-07;811;3471;617515;574786;81.7;76.1
56;2021-09-08;962;3467;618477;578253;81.9;76.5
56;2021-09-09;794;3018;619271;581271;82.0;76.9
56;2021-09-10;930;3491;620201;584762;82.1;77.4
56;2021-09-11;475;2107;620676;586869;82.1;77.7
56;2021-09-12;34;171;620710;587040;82.2;77.7
56;2021-09-13;752;2674;621462;589714;82.3;78.0
56;2021-09-14;690;2776;622152;592490;82.3;78.4
57;2020-12-27;2;0;2;0;0.0;0.0
57;2020-12-28;0;0;2;0;0.0;0.0
57;2020-12-29;1;0;3;0;0.0;0.0
57;2020-12-30;1;0;4;0;0.0;0.0
57;2020-12-31;0;0;4;0;0.0;0.0
57;2021-01-01;1;0;5;0;0.0;0.0
57;2021-01-02;3;0;8;0;0.0;0.0
57;2021-01-03;0;0;8;0;0.0;0.0
57;2021-01-04;17;0;25;0;0.0;0.0
57;2021-01-05;199;0;224;0;0.0;0.0
57;2021-01-06;226;1;450;1;0.0;0.0
57;2021-01-07;586;2;1036;3;0.1;0.0
57;2021-01-08;509;2;1545;5;0.1;0.0
57;2021-01-09;202;0;1747;5;0.2;0.0
57;2021-01-10;108;1;1855;6;0.2;0.0
57;2021-01-11;470;1;2325;7;0.2;0.0
57;2021-01-12;613;6;2938;13;0.3;0.0
57;2021-01-13;695;2;3633;15;0.4;0.0
57;2021-01-14;707;6;4340;21;0.4;0.0
57;2021-01-15;636;5;4976;26;0.5;0.0
57;2021-01-16;452;1;5428;27;0.5;0.0
57;2021-01-17;493;1;5921;28;0.6;0.0
57;2021-01-18;2715;20;8636;48;0.8;0.0
57;2021-01-19;2567;20;11203;68;1.1;0.0
57;2021-01-20;2763;17;13966;85;1.3;0.0
57;2021-01-21;1797;5;15763;90;1.5;0.0
57;2021-01-22;1325;6;17088;96;1.6;0.0
57;2021-01-23;543;15;17631;111;1.7;0.0
57;2021-01-24;1;0;17632;111;1.7;0.0
57;2021-01-25;869;174;18501;285;1.8;0.0
57;2021-01-26;1112;202;19613;487;1.9;0.0
57;2021-01-27;1070;160;20683;647;2.0;0.1
57;2021-01-28;1040;241;21723;888;2.1;0.1
57;2021-01-29;983;368;22706;1256;2.2;0.1
57;2021-01-30;440;82;23146;1338;2.2;0.1
57;2021-01-31;11;16;23157;1354;2.2;0.1
57;2021-02-01;827;321;23984;1675;2.3;0.2
57;2021-02-02;989;334;24973;2009;2.4;0.2
57;2021-02-03;986;294;25959;2303;2.5;0.2
57;2021-02-04;1138;773;27097;3076;2.6;0.3
57;2021-02-05;929;324;28026;3400;2.7;0.3
57;2021-02-06;481;308;28507;3708;2.8;0.4
57;2021-02-07;103;333;28610;4041;2.8;0.4
57;2021-02-08;1258;1397;29868;5438;2.9;0.5
57;2021-02-09;1764;1573;31632;7011;3.1;0.7
57;2021-02-10;1712;1955;33344;8966;3.2;0.9
57;2021-02-11;1486;1265;34830;10231;3.4;1.0
57;2021-02-12;1227;612;36057;10843;3.5;1.0
57;2021-02-13;1152;133;37209;10976;3.6;1.1
57;2021-02-14;1210;27;38419;11003;3.7;1.1
57;2021-02-15;766;698;39185;11701;3.8;1.1
57;2021-02-16;1076;654;40261;12355;3.9;1.2
57;2021-02-17;1009;787;41270;13142;4.0;1.3
57;2021-02-18;974;966;42244;14108;4.1;1.4
57;2021-02-19;956;730;43200;14838;4.2;1.4
57;2021-02-20;1174;488;44374;15326;4.3;1.5
57;2021-02-21;323;13;44697;15339;4.3;1.5
57;2021-02-22;1231;733;45928;16072;4.4;1.6
57;2021-02-23;2236;915;48164;16987;4.6;1.6
57;2021-02-24;2287;822;50451;17809;4.9;1.7
57;2021-02-25;3298;940;53749;18749;5.2;1.8
57;2021-02-26;3590;826;57339;19575;5.5;1.9
57;2021-02-27;3697;478;61036;20053;5.9;1.9
57;2021-02-28;1896;58;62932;20111;6.1;1.9
57;2021-03-01;2055;1202;64987;21313;6.3;2.1
57;2021-03-02;2859;1419;67846;22732;6.5;2.2
57;2021-03-03;2807;1465;70653;24197;6.8;2.3
57;2021-03-04;3274;1182;73927;25379;7.1;2.5
57;2021-03-05;4457;1139;78384;26518;7.6;2.6
57;2021-03-06;7245;693;85629;27211;8.3;2.6
57;2021-03-07;6071;256;91700;27467;8.9;2.7
57;2021-03-08;2299;907;93999;28374;9.1;2.7
57;2021-03-09;3386;1194;97385;29568;9.4;2.9
57;2021-03-10;3582;893;100967;30461;9.7;2.9
57;2021-03-11;4039;1172;105006;31633;10.1;3.1
57;2021-03-12;5109;1123;110115;32756;10.6;3.2
57;2021-03-13;6284;939;116399;33695;11.2;3.3
57;2021-03-14;2425;423;118824;34118;11.5;3.3
57;2021-03-15;2962;863;121786;34981;11.8;3.4
57;2021-03-16;3061;1260;124847;36241;12.1;3.5
57;2021-03-17;3050;1130;127897;37371;12.3;3.6
57;2021-03-18;3402;1055;131299;38426;12.7;3.7
57;2021-03-19;4627;1029;135926;39455;13.1;3.8
57;2021-03-20;4701;1023;140627;40478;13.6;3.9
57;2021-03-21;1895;250;142522;40728;13.8;3.9
57;2021-03-22;2480;1455;145002;42183;14.0;4.1
57;2021-03-23;3443;2322;148445;44505;14.3;4.3
57;2021-03-24;3896;2130;152341;46635;14.7;4.5
57;2021-03-25;4741;2585;157082;49220;15.2;4.8
57;2021-03-26;4842;2251;161924;51471;15.6;5.0
57;2021-03-27;3709;3129;165633;54600;16.0;5.3
57;2021-03-28;1401;1827;167034;56427;16.1;5.4
57;2021-03-29;1934;2155;168968;58582;16.3;5.7
57;2021-03-30;3300;2462;172268;61044;16.6;5.9
57;2021-03-31;2825;2278;175093;63322;16.9;6.1
57;2021-04-01;3222;3157;178315;66479;17.2;6.4
57;2021-04-02;2393;2565;180708;69044;17.4;6.7
57;2021-04-03;2566;2650;183274;71694;17.7;6.9
57;2021-04-04;594;968;183868;72662;17.8;7.0
57;2021-04-05;1923;673;185791;73335;17.9;7.1
57;2021-04-06;2451;2826;188242;76161;18.2;7.4
57;2021-04-07;3813;3088;192055;79249;18.5;7.7
57;2021-04-08;5613;2897;197668;82146;19.1;7.9
57;2021-04-09;5014;2722;202682;84868;19.6;8.2
57;2021-04-10;2353;3635;205035;88503;19.8;8.5
57;2021-04-11;1099;1890;206134;90393;19.9;8.7
57;2021-04-12;1795;2744;207929;93137;20.1;9.0
57;2021-04-13;1976;3022;209905;96159;20.3;9.3
57;2021-04-14;1921;2985;211826;99144;20.4;9.6
57;2021-04-15;2366;3424;214192;102568;20.7;9.9
57;2021-04-16;2700;3286;216892;105854;20.9;10.2
57;2021-04-17;2474;3178;219366;109032;21.2;10.5
57;2021-04-18;1244;1771;220610;110803;21.3;10.7
57;2021-04-19;2141;2257;222751;113060;21.5;10.9
57;2021-04-20;2514;2779;225265;115839;21.7;11.2
57;2021-04-21;2570;2380;227835;118219;22.0;11.4
57;2021-04-22;3207;2249;231042;120468;22.3;11.6
57;2021-04-23;4055;2574;235097;123042;22.7;11.9
57;2021-04-24;3395;2560;238492;125602;23.0;12.1
57;2021-04-25;757;1126;239249;126728;23.1;12.2
57;2021-04-26;2971;1989;242220;128717;23.4;12.4
57;2021-04-27;3900;2372;246120;131089;23.8;12.7
57;2021-04-28;4212;2586;250332;133675;24.2;12.9
57;2021-04-29;5260;3439;255592;137114;24.7;13.2
57;2021-04-30;4730;3529;260322;140643;25.1;13.6
57;2021-05-01;2353;1686;262675;142329;25.4;13.7
57;2021-05-02;790;913;263465;143242;25.4;13.8
57;2021-05-03;3565;2991;267030;146233;25.8;14.1
57;2021-05-04;4871;3160;271901;149393;26.2;14.4
57;2021-05-05;6122;3157;278023;152550;26.8;14.7
57;2021-05-06;5992;3275;284015;155825;27.4;15.0
57;2021-05-07;6852;3436;290867;159261;28.1;15.4
57;2021-05-08;4053;1605;294920;160866;28.5;15.5
57;2021-05-09;2049;1114;296969;161980;28.7;15.6
57;2021-05-10;5130;3065;302099;165045;29.2;15.9
57;2021-05-11;7450;2847;309549;167892;29.9;16.2
57;2021-05-12;7848;3243;317397;171135;30.6;16.5
57;2021-05-13;4511;915;321908;172050;31.1;16.6
57;2021-05-14;7838;2628;329746;174678;31.8;16.9
57;2021-05-15;5967;2045;335713;176723;32.4;17.1
57;2021-05-16;3308;578;339021;177301;32.7;17.1
57;2021-05-17;3866;2068;342887;179369;33.1;17.3
57;2021-05-18;6292;2105;349179;181474;33.7;17.5
57;2021-05-19;7023;2327;356202;183801;34.4;17.7
57;2021-05-20;6051;2174;362253;185975;35.0;18.0
57;2021-05-21;7565;2921;369818;188896;35.7;18.2
57;2021-05-22;4894;2171;374712;191067;36.2;18.4
57;2021-05-23;1963;430;376675;191497;36.4;18.5
57;2021-05-24;3032;1055;379707;192552;36.7;18.6
57;2021-05-25;5576;2803;385283;195355;37.2;18.9
57;2021-05-26;6378;3178;391661;198533;37.8;19.2
57;2021-05-27;5795;3121;397456;201654;38.4;19.5
57;2021-05-28;7026;4733;404482;206387;39.0;19.9
57;2021-05-29;5223;4244;409705;210631;39.6;20.3
57;2021-05-30;1967;1742;411672;212373;39.7;20.5
57;2021-05-31;4319;3339;415991;215712;40.2;20.8
57;2021-06-01;5936;3711;421927;219423;40.7;21.2
57;2021-06-02;6342;3896;428269;223319;41.3;21.6
57;2021-06-03;6215;3692;434484;227011;41.9;21.9
57;2021-06-04;7571;4990;442055;232001;42.7;22.4
57;2021-06-05;4768;4030;446823;236031;43.1;22.8
57;2021-06-06;1993;889;448816;236920;43.3;22.9
57;2021-06-07;4325;4034;453141;240954;43.7;23.3
57;2021-06-08;6721;4317;459862;245271;44.4;23.7
57;2021-06-09;6884;4155;466746;249426;45.1;24.1
57;2021-06-10;6221;4598;472967;254024;45.7;24.5
57;2021-06-11;5368;5363;478335;259387;46.2;25.0
57;2021-06-12;5743;4447;484078;263834;46.7;25.5
57;2021-06-13;1500;1142;485578;264976;46.9;25.6
57;2021-06-14;3384;4702;488962;269678;47.2;26.0
57;2021-06-15;3818;6022;492780;275700;47.6;26.6
57;2021-06-16;4403;6598;497183;282298;48.0;27.3
57;2021-06-17;4201;6073;501384;288371;48.4;27.8
57;2021-06-18;4275;7305;505659;295676;48.8;28.5
57;2021-06-19;4158;6290;509817;301966;49.2;29.2
57;2021-06-20;987;1667;510804;303633;49.3;29.3
57;2021-06-21;2069;5969;512873;309602;49.5;29.9
57;2021-06-22;2645;7990;515518;317592;49.8;30.7
57;2021-06-23;3076;8386;518594;325978;50.1;31.5
57;2021-06-24;2457;5285;521051;331263;50.3;32.0
57;2021-06-25;2857;7826;523908;339089;50.6;32.7
57;2021-06-26;2871;7256;526779;346345;50.9;33.4
57;2021-06-27;754;2987;527533;349332;50.9;33.7
57;2021-06-28;1591;5078;529124;354410;51.1;34.2
57;2021-06-29;2086;6829;531210;361239;51.3;34.9
57;2021-06-30;3066;7326;534276;368565;51.6;35.6
57;2021-07-01;2707;5958;536983;374523;51.8;36.2
57;2021-07-02;2701;8078;539684;382601;52.1;36.9
57;2021-07-03;3240;6530;542924;389131;52.4;37.6
57;2021-07-04;946;2467;543870;391598;52.5;37.8
57;2021-07-05;1712;4606;545582;396204;52.7;38.2
57;2021-07-06;2427;6480;548009;402684;52.9;38.9
57;2021-07-07;2734;7091;550743;409775;53.2;39.6
57;2021-07-08;2495;5875;553238;415650;53.4;40.1
57;2021-07-09;3429;8417;556667;424067;53.7;40.9
57;2021-07-10;3097;6940;559764;431007;54.0;41.6
57;2021-07-11;855;2232;560619;433239;54.1;41.8
57;2021-07-12;2441;6436;563060;439675;54.4;42.4
57;2021-07-13;4415;7506;567475;447181;54.8;43.2
57;2021-07-14;2826;3842;570301;451023;55.1;43.5
57;2021-07-15;3960;7789;574261;458812;55.4;44.3
57;2021-07-16;5643;9829;579904;468641;56.0;45.2
57;2021-07-17;5829;7286;585733;475927;56.5;45.9
57;2021-07-18;1493;2661;587226;478588;56.7;46.2
57;2021-07-19;2373;6205;589599;484793;56.9;46.8
57;2021-07-20;4326;6912;593925;491705;57.3;47.5
57;2021-07-21;5303;6903;599228;498608;57.8;48.1
57;2021-07-22;5961;5955;605189;504563;58.4;48.7
57;2021-07-23;7022;6407;612211;510970;59.1;49.3
57;2021-07-24;4536;7036;616747;518006;59.5;50.0
57;2021-07-25;1335;1770;618082;519776;59.7;50.2
57;2021-07-26;3727;4493;621809;524269;60.0;50.6
57;2021-07-27;6871;4948;628680;529217;60.7;51.1
57;2021-07-28;7484;4565;636164;533782;61.4;51.5
57;2021-07-29;7627;4592;643791;538374;62.2;52.0
57;2021-07-30;6875;4899;650666;543273;62.8;52.4
57;2021-07-31;5708;5018;656374;548291;63.4;52.9
57;2021-08-01;2025;1115;658399;549406;63.6;53.0
57;2021-08-02;3526;3178;661925;552584;63.9;53.3
57;2021-08-03;5782;4282;667707;556866;64.5;53.8
57;2021-08-04;5231;3458;672938;560324;65.0;54.1
57;2021-08-05;5376;3776;678314;564100;65.5;54.5
57;2021-08-06;5623;4848;683937;568948;66.0;54.9
57;2021-08-07;4580;5164;688517;574112;66.5;55.4
57;2021-08-08;1476;1507;689993;575619;66.6;55.6
57;2021-08-09;2620;3173;692613;578792;66.9;55.9
57;2021-08-10;3520;3787;696133;582579;67.2;56.2
57;2021-08-11;3725;4022;699858;586601;67.6;56.6
57;2021-08-12;3155;5214;703013;591815;67.9;57.1
57;2021-08-13;3490;4732;706503;596547;68.2;57.6
57;2021-08-14;2162;5184;708665;601731;68.4;58.1
57;2021-08-15;529;1093;709194;602824;68.5;58.2
57;2021-08-16;1784;3560;710978;606384;68.6;58.5
57;2021-08-17;2374;5356;713352;611740;68.9;59.1
57;2021-08-18;2462;5373;715814;617113;69.1;59.6
57;2021-08-19;2210;5484;718024;622597;69.3;60.1
57;2021-08-20;2053;6021;720077;628618;69.5;60.7
57;2021-08-21;1868;5389;721945;634007;69.7;61.2
57;2021-08-22;458;1527;722403;635534;69.7;61.4
57;2021-08-23;1145;3716;723548;639250;69.8;61.7
57;2021-08-24;1807;5612;725355;644862;70.0;62.3
57;2021-08-25;1611;5314;726966;650176;70.2;62.8
57;2021-08-26;1590;4667;728556;654843;70.3;63.2
57;2021-08-27;1761;5892;730317;660735;70.5;63.8
57;2021-08-28;2002;5377;732319;666112;70.7;64.3
57;2021-08-29;340;1088;732659;667200;70.7;64.4
57;2021-08-30;1028;3259;733687;670459;70.8;64.7
57;2021-08-31;1528;4419;735215;674878;71.0;65.2
57;2021-09-01;1434;4145;736649;679023;71.1;65.6
57;2021-09-02;1161;3397;737810;682420;71.2;65.9
57;2021-09-03;1550;4346;739360;686766;71.4;66.3
57;2021-09-04;1676;3992;741036;690758;71.5;66.7
57;2021-09-05;379;934;741415;691692;71.6;66.8
57;2021-09-06;750;2130;742165;693822;71.6;67.0
57;2021-09-07;689;2241;742854;696063;71.7;67.2
57;2021-09-08;900;2916;743754;698979;71.8;67.5
57;2021-09-09;594;2358;744348;701337;71.9;67.7
57;2021-09-10;1068;2966;745416;704303;72.0;68.0
57;2021-09-11;1162;3247;746578;707550;72.1;68.3
57;2021-09-12;243;546;746821;708096;72.1;68.4
57;2021-09-13;580;1788;747401;709884;72.2;68.5
57;2021-09-14;735;2330;748136;712214;72.2;68.8
58;2020-12-27;0;0;0;0;0.0;0.0
58;2020-12-28;0;0;0;0;0.0;0.0
58;2020-12-29;1;0;1;0;0.0;0.0
58;2020-12-30;0;0;1;0;0.0;0.0
58;2020-12-31;0;0;1;0;0.0;0.0
58;2021-01-01;0;0;1;0;0.0;0.0
58;2021-01-02;0;0;1;0;0.0;0.0
58;2021-01-03;1;0;2;0;0.0;0.0
58;2021-01-04;0;0;2;0;0.0;0.0
58;2021-01-05;2;0;4;0;0.0;0.0
58;2021-01-06;145;0;149;0;0.1;0.0
58;2021-01-07;241;0;390;0;0.2;0.0
58;2021-01-08;63;0;453;0;0.2;0.0
58;2021-01-09;1;0;454;0;0.2;0.0
58;2021-01-10;0;0;454;0;0.2;0.0
58;2021-01-11;54;0;508;0;0.3;0.0
58;2021-01-12;258;0;766;0;0.4;0.0
58;2021-01-13;406;0;1172;0;0.6;0.0
58;2021-01-14;291;1;1463;1;0.7;0.0
58;2021-01-15;141;0;1604;1;0.8;0.0
58;2021-01-16;10;1;1614;2;0.8;0.0
58;2021-01-17;0;0;1614;2;0.8;0.0
58;2021-01-18;413;1;2027;3;1.0;0.0
58;2021-01-19;987;2;3014;5;1.5;0.0
58;2021-01-20;1206;2;4220;7;2.1;0.0
58;2021-01-21;962;4;5182;11;2.6;0.0
58;2021-01-22;779;3;5961;14;3.0;0.0
58;2021-01-23;251;0;6212;14;3.1;0.0
58;2021-01-24;2;0;6214;14;3.1;0.0
58;2021-01-25;439;0;6653;14;3.3;0.0
58;2021-01-26;650;3;7303;17;3.7;0.0
58;2021-01-27;604;44;7907;61;4.0;0.0
58;2021-01-28;756;65;8663;126;4.3;0.1
58;2021-01-29;837;5;9500;131;4.8;0.1
58;2021-01-30;281;0;9781;131;4.9;0.1
58;2021-01-31;10;0;9791;131;4.9;0.1
58;2021-02-01;200;70;9991;201;5.0;0.1
58;2021-02-02;566;79;10557;280;5.3;0.1
58;2021-02-03;279;135;10836;415;5.4;0.2
58;2021-02-04;285;85;11121;500;5.6;0.3
58;2021-02-05;184;86;11305;586;5.7;0.3
58;2021-02-06;89;0;11394;586;5.7;0.3
58;2021-02-07;0;0;11394;586;5.7;0.3
58;2021-02-08;306;60;11700;646;5.9;0.3
58;2021-02-09;503;294;12203;940;6.1;0.5
58;2021-02-10;350;358;12553;1298;6.3;0.7
58;2021-02-11;287;365;12840;1663;6.4;0.8
58;2021-02-12;243;190;13083;1853;6.6;0.9
58;2021-02-13;83;29;13166;1882;6.6;0.9
58;2021-02-14;0;3;13166;1885;6.6;0.9
58;2021-02-15;114;365;13280;2250;6.7;1.1
58;2021-02-16;208;701;13488;2951;6.8;1.5
58;2021-02-17;221;600;13709;3551;6.9;1.8
58;2021-02-18;187;571;13896;4122;7.0;2.1
58;2021-02-19;241;587;14137;4709;7.1;2.4
58;2021-02-20;62;170;14199;4879;7.1;2.4
58;2021-02-21;0;30;14199;4909;7.1;2.5
58;2021-02-22;78;298;14277;5207;7.2;2.6
58;2021-02-23;49;483;14326;5690;7.2;2.9
58;2021-02-24;39;495;14365;6185;7.2;3.1
58;2021-02-25;252;591;14617;6776;7.3;3.4
58;2021-02-26;246;485;14863;7261;7.4;3.6
58;2021-02-27;104;142;14967;7403;7.5;3.7
58;2021-02-28;11;8;14978;7411;7.5;3.7
58;2021-03-01;145;183;15123;7594;7.6;3.8
58;2021-03-02;416;527;15539;8121;7.8;4.1
58;2021-03-03;524;248;16063;8369;8.0;4.2
58;2021-03-04;725;256;16788;8625;8.4;4.3
58;2021-03-05;867;193;17655;8818;8.8;4.4
58;2021-03-06;578;77;18233;8895;9.1;4.5
58;2021-03-07;63;10;18296;8905;9.2;4.5
58;2021-03-08;156;270;18452;9175;9.2;4.6
58;2021-03-09;545;477;18997;9652;9.5;4.8
58;2021-03-10;838;215;19835;9867;9.9;4.9
58;2021-03-11;857;246;20692;10113;10.4;5.1
58;2021-03-12;862;184;21554;10297;10.8;5.2
58;2021-03-13;506;63;22060;10360;11.1;5.2
58;2021-03-14;34;1;22094;10361;11.1;5.2
58;2021-03-15;528;107;22622;10468;11.3;5.2
58;2021-03-16;726;220;23348;10688;11.7;5.4
58;2021-03-17;756;189;24104;10877;12.1;5.4
58;2021-03-18;584;172;24688;11049;12.4;5.5
58;2021-03-19;539;98;25227;11147;12.6;5.6
58;2021-03-20;322;64;25549;11211;12.8;5.6
58;2021-03-21;17;0;25566;11211;12.8;5.6
58;2021-03-22;795;25;26361;11236;13.2;5.6
58;2021-03-23;1636;42;27997;11278;14.0;5.7
58;2021-03-24;1369;76;29366;11354;14.7;5.7
58;2021-03-25;1840;45;31206;11399;15.6;5.7
58;2021-03-26;1414;56;32620;11455;16.3;5.7
58;2021-03-27;358;8;32978;11463;16.5;5.7
58;2021-03-28;20;0;32998;11463;16.5;5.7
58;2021-03-29;637;148;33635;11611;16.9;5.8
58;2021-03-30;1186;254;34821;11865;17.4;5.9
58;2021-03-31;1116;390;35937;12255;18.0;6.1
58;2021-04-01;1548;401;37485;12656;18.8;6.3
58;2021-04-02;1464;360;38949;13016;19.5;6.5
58;2021-04-03;568;148;39517;13164;19.8;6.6
58;2021-04-04;1;1;39518;13165;19.8;6.6
58;2021-04-05;47;0;39565;13165;19.8;6.6
58;2021-04-06;824;343;40389;13508;20.2;6.8
58;2021-04-07;695;550;41084;14058;20.6;7.0
58;2021-04-08;1493;427;42577;14485;21.3;7.3
58;2021-04-09;1774;486;44351;14971;22.2;7.5
58;2021-04-10;652;201;45003;15172;22.5;7.6
58;2021-04-11;17;3;45020;15175;22.6;7.6
58;2021-04-12;1116;502;46136;15677;23.1;7.9
58;2021-04-13;1436;629;47572;16306;23.8;8.2
58;2021-04-14;1339;675;48911;16981;24.5;8.5
58;2021-04-15;1433;600;50344;17581;25.2;8.8
58;2021-04-16;1734;513;52078;18094;26.1;9.1
58;2021-04-17;722;233;52800;18327;26.5;9.2
58;2021-04-18;20;7;52820;18334;26.5;9.2
58;2021-04-19;531;602;53351;18936;26.7;9.5
58;2021-04-20;486;1119;53837;20055;27.0;10.0
58;2021-04-21;629;967;54466;21022;27.3;10.5
58;2021-04-22;767;1518;55233;22540;27.7;11.3
58;2021-04-23;919;784;56152;23324;28.1;11.7
58;2021-04-24;211;206;56363;23530;28.2;11.8
58;2021-04-25;109;9;56472;23539;28.3;11.8
58;2021-04-26;762;247;57234;23786;28.7;11.9
58;2021-04-27;1499;1104;58733;24890;29.4;12.5
58;2021-04-28;1536;1041;60269;25931;30.2;13.0
58;2021-04-29;1442;1038;61711;26969;30.9;13.5
58;2021-04-30;1257;935;62968;27904;31.5;14.0
58;2021-05-01;6;17;62974;27921;31.6;14.0
58;2021-05-02;4;2;62978;27923;31.6;14.0
58;2021-05-03;1042;407;64020;28330;32.1;14.2
58;2021-05-04;1074;1344;65094;29674;32.6;14.9
58;2021-05-05;955;1092;66049;30766;33.1;15.4
58;2021-05-06;1363;1053;67412;31819;33.8;15.9
58;2021-05-07;1111;1088;68523;32907;34.3;16.5
58;2021-05-08;59;60;68582;32967;34.4;16.5
58;2021-05-09;7;21;68589;32988;34.4;16.5
58;2021-05-10;875;990;69464;33978;34.8;17.0
58;2021-05-11;1185;1980;70649;35958;35.4;18.0
58;2021-05-12;1661;1557;72310;37515;36.2;18.8
58;2021-05-13;49;183;72359;37698;36.3;18.9
58;2021-05-14;2311;907;74670;38605;37.4;19.3
58;2021-05-15;1726;456;76396;39061;38.3;19.6
58;2021-05-16;118;33;76514;39094;38.3;19.6
58;2021-05-17;793;611;77307;39705;38.7;19.9
58;2021-05-18;1332;1180;78639;40885;39.4;20.5
58;2021-05-19;1737;548;80376;41433;40.3;20.8
58;2021-05-20;1701;673;82077;42106;41.1;21.1
58;2021-05-21;854;719;82931;42825;41.5;21.5
58;2021-05-22;304;237;83235;43062;41.7;21.6
58;2021-05-23;2;21;83237;43083;41.7;21.6
58;2021-05-24;21;41;83258;43124;41.7;21.6
58;2021-05-25;1386;1155;84644;44279;42.4;22.2
58;2021-05-26;845;833;85489;45112;42.8;22.6
58;2021-05-27;753;935;86242;46047;43.2;23.1
58;2021-05-28;429;906;86671;46953;43.4;23.5
58;2021-05-29;151;209;86822;47162;43.5;23.6
58;2021-05-30;21;19;86843;47181;43.5;23.6
58;2021-05-31;757;385;87600;47566;43.9;23.8
58;2021-06-01;1373;1644;88973;49210;44.6;24.7
58;2021-06-02;1468;1049;90441;50259;45.3;25.2
58;2021-06-03;1024;956;91465;51215;45.8;25.7
58;2021-06-04;843;902;92308;52117;46.2;26.1
58;2021-06-05;272;263;92580;52380;46.4;26.2
58;2021-06-06;26;45;92606;52425;46.4;26.3
58;2021-06-07;712;791;93318;53216;46.8;26.7
58;2021-06-08;1324;1758;94642;54974;47.4;27.5
58;2021-06-09;1419;1007;96061;55981;48.1;28.0
58;2021-06-10;1109;974;97170;56955;48.7;28.5
58;2021-06-11;1030;907;98200;57862;49.2;29.0
58;2021-06-12;1056;415;99256;58277;49.7;29.2
58;2021-06-13;36;33;99292;58310;49.7;29.2
58;2021-06-14;516;1016;99808;59326;50.0;29.7
58;2021-06-15;1595;1757;101403;61083;50.8;30.6
58;2021-06-16;1806;992;103209;62075;51.7;31.1
58;2021-06-17;2023;1101;105232;63176;52.7;31.7
58;2021-06-18;988;1062;106220;64238;53.2;32.2
58;2021-06-19;581;319;106801;64557;53.5;32.3
58;2021-06-20;9;2;106810;64559;53.5;32.3
58;2021-06-21;472;553;107282;65112;53.7;32.6
58;2021-06-22;1028;1961;108310;67073;54.3;33.6
58;2021-06-23;1478;1504;109788;68577;55.0;34.4
58;2021-06-24;728;1023;110516;69600;55.4;34.9
58;2021-06-25;826;1720;111342;71320;55.8;35.7
58;2021-06-26;554;1229;111896;72549;56.1;36.3
58;2021-06-27;18;22;111914;72571;56.1;36.4
58;2021-06-28;463;987;112377;73558;56.3;36.9
58;2021-06-29;623;2161;113000;75719;56.6;37.9
58;2021-06-30;999;1624;113999;77343;57.1;38.7
58;2021-07-01;760;1670;114759;79013;57.5;39.6
58;2021-07-02;444;849;115203;79862;57.7;40.0
58;2021-07-03;249;512;115452;80374;57.8;40.3
58;2021-07-04;12;30;115464;80404;57.8;40.3
58;2021-07-05;511;765;115975;81169;58.1;40.7
58;2021-07-06;695;2121;116670;83290;58.5;41.7
58;2021-07-07;389;947;117059;84237;58.6;42.2
58;2021-07-08;399;1017;117458;85254;58.8;42.7
58;2021-07-09;709;1417;118167;86671;59.2;43.4
58;2021-07-10;260;412;118427;87083;59.3;43.6
58;2021-07-11;175;52;118602;87135;59.4;43.7
58;2021-07-12;197;965;118799;88100;59.5;44.1
58;2021-07-13;932;2502;119731;90602;60.0;45.4
58;2021-07-14;27;58;119758;90660;60.0;45.4
58;2021-07-15;1135;1935;120893;92595;60.6;46.4
58;2021-07-16;1412;1443;122305;94038;61.3;47.1
58;2021-07-17;463;287;122768;94325;61.5;47.3
58;2021-07-18;102;21;122870;94346;61.6;47.3
58;2021-07-19;1654;987;124524;95333;62.4;47.8
58;2021-07-20;1407;2454;125931;97787;63.1;49.0
58;2021-07-21;1177;2008;127108;99795;63.7;50.0
58;2021-07-22;1144;1670;128252;101465;64.3;50.8
58;2021-07-23;1265;1444;129517;102909;64.9;51.6
58;2021-07-24;1001;1271;130518;104180;65.4;52.2
58;2021-07-25;89;39;130607;104219;65.4;52.2
58;2021-07-26;981;860;131588;105079;65.9;52.6
58;2021-07-27;1568;2572;133156;107651;66.7;53.9
58;2021-07-28;1573;1969;134729;109620;67.5;54.9
58;2021-07-29;1582;1619;136311;111239;68.3;55.7
58;2021-07-30;1466;1428;137777;112667;69.0;56.4
58;2021-07-31;569;524;138346;113191;69.3;56.7
58;2021-08-01;35;13;138381;113204;69.3;56.7
58;2021-08-02;1589;854;139970;114058;70.1;57.1
58;2021-08-03;2051;1778;142021;115836;71.2;58.0
58;2021-08-04;1309;1184;143330;117020;71.8;58.6
58;2021-08-05;1621;1175;144951;118195;72.6;59.2
58;2021-08-06;1359;1032;146310;119227;73.3;59.7
58;2021-08-07;318;400;146628;119627;73.5;59.9
58;2021-08-08;30;58;146658;119685;73.5;60.0
58;2021-08-09;1084;1387;147742;121072;74.0;60.7
58;2021-08-10;1780;1387;149522;122459;74.9;61.4
58;2021-08-11;1134;779;150656;123238;75.5;61.7
58;2021-08-12;1067;1108;151723;124346;76.0;62.3
58;2021-08-13;932;954;152655;125300;76.5;62.8
58;2021-08-14;233;317;152888;125617;76.6;62.9
58;2021-08-15;13;27;152901;125644;76.6;62.9
58;2021-08-16;311;1402;153212;127046;76.8;63.7
58;2021-08-17;805;1337;154017;128383;77.2;64.3
58;2021-08-18;765;1172;154782;129555;77.5;64.9
58;2021-08-19;728;1341;155510;130896;77.9;65.6
58;2021-08-20;706;1295;156216;132191;78.3;66.2
58;2021-08-21;252;476;156468;132667;78.4;66.5
58;2021-08-22;9;86;156477;132753;78.4;66.5
58;2021-08-23;418;814;156895;133567;78.6;66.9
58;2021-08-24;512;1480;157407;135047;78.9;67.7
58;2021-08-25;436;1543;157843;136590;79.1;68.4
58;2021-08-26;552;1732;158395;138322;79.4;69.3
58;2021-08-27;491;1563;158886;139885;79.6;70.1
58;2021-08-28;241;640;159127;140525;79.7;70.4
58;2021-08-29;9;42;159136;140567;79.7;70.4
58;2021-08-30;357;808;159493;141375;79.9;70.8
58;2021-08-31;484;1608;159977;142983;80.2;71.6
58;2021-09-01;419;1676;160396;144659;80.4;72.5
58;2021-09-02;288;1361;160684;146020;80.5;73.2
58;2021-09-03;363;1564;161047;147584;80.7;73.9
58;2021-09-04;206;700;161253;148284;80.8;74.3
58;2021-09-05;3;27;161256;148311;80.8;74.3
58;2021-09-06;116;560;161372;148871;80.8;74.6
58;2021-09-07;317;986;161689;149857;81.0;75.1
58;2021-09-08;240;1327;161929;151184;81.1;75.7
58;2021-09-09;247;703;162176;151887;81.3;76.1
58;2021-09-10;254;962;162430;152849;81.4;76.6
58;2021-09-11;129;526;162559;153375;81.4;76.8
58;2021-09-12;5;17;162564;153392;81.4;76.9
58;2021-09-13;207;749;162771;154141;81.6;77.2
58;2021-09-14;279;970;163050;155111;81.7;77.7
59;2020-12-27;1;0;1;0;0.0;0.0
59;2020-12-28;27;0;28;0;0.0;0.0
59;2020-12-29;0;0;28;0;0.0;0.0
59;2020-12-30;0;0;28;0;0.0;0.0
59;2020-12-31;1;0;29;0;0.0;0.0
59;2021-01-01;3;0;32;0;0.0;0.0
59;2021-01-02;3;0;35;0;0.0;0.0
59;2021-01-03;4;0;39;0;0.0;0.0
59;2021-01-04;79;0;118;0;0.0;0.0
59;2021-01-05;217;0;335;0;0.0;0.0
59;2021-01-06;429;1;764;1;0.0;0.0
59;2021-01-07;1314;0;2078;1;0.1;0.0
59;2021-01-08;1262;5;3340;6;0.1;0.0
59;2021-01-09;609;3;3949;9;0.2;0.0
59;2021-01-10;428;0;4377;9;0.2;0.0
59;2021-01-11;1847;5;6224;14;0.2;0.0
59;2021-01-12;2471;2;8695;16;0.3;0.0
59;2021-01-13;2367;2;11062;18;0.4;0.0
59;2021-01-14;2758;21;13820;39;0.5;0.0
59;2021-01-15;2275;15;16095;54;0.6;0.0
59;2021-01-16;771;1;16866;55;0.7;0.0
59;2021-01-17;560;1;17426;56;0.7;0.0
59;2021-01-18;3511;13;20937;69;0.8;0.0
59;2021-01-19;4758;7;25695;76;1.0;0.0
59;2021-01-20;4134;11;29829;87;1.2;0.0
59;2021-01-21;4730;31;34559;118;1.3;0.0
59;2021-01-22;4024;10;38583;128;1.5;0.0
59;2021-01-23;1216;3;39799;131;1.5;0.0
59;2021-01-24;170;0;39969;131;1.5;0.0
59;2021-01-25;2729;50;42698;181;1.6;0.0
59;2021-01-26;2811;127;45509;308;1.8;0.0
59;2021-01-27;1736;286;47245;594;1.8;0.0
59;2021-01-28;3399;715;50644;1309;2.0;0.1
59;2021-01-29;2541;716;53185;2025;2.1;0.1
59;2021-01-30;288;143;53473;2168;2.1;0.1
59;2021-01-31;24;0;53497;2168;2.1;0.1
59;2021-02-01;79;759;53576;2927;2.1;0.1
59;2021-02-02;688;1329;54264;4256;2.1;0.2
59;2021-02-03;3749;1342;58013;5598;2.2;0.2
59;2021-02-04;2965;1600;60978;7198;2.4;0.3
59;2021-02-05;1053;1272;62031;8470;2.4;0.3
59;2021-02-06;206;298;62237;8768;2.4;0.3
59;2021-02-07;268;49;62505;8817;2.4;0.3
59;2021-02-08;683;1362;63188;10179;2.4;0.4
59;2021-02-09;1014;1533;64202;11712;2.5;0.5
59;2021-02-10;976;1387;65178;13099;2.5;0.5
59;2021-02-11;1347;1589;66525;14688;2.6;0.6
59;2021-02-12;1414;1407;67939;16095;2.6;0.6
59;2021-02-13;207;593;68146;16688;2.6;0.6
59;2021-02-14;13;39;68159;16727;2.6;0.6
59;2021-02-15;1395;2166;69554;18893;2.7;0.7
59;2021-02-16;1436;2641;70990;21534;2.7;0.8
59;2021-02-17;1622;2722;72612;24256;2.8;0.9
59;2021-02-18;3107;4152;75719;28408;2.9;1.1
59;2021-02-19;3212;3031;78931;31439;3.0;1.2
59;2021-02-20;1414;1234;80345;32673;3.1;1.3
59;2021-02-21;242;236;80587;32909;3.1;1.3
59;2021-02-22;1429;1992;82016;34901;3.2;1.3
59;2021-02-23;2659;2273;84675;37174;3.3;1.4
59;2021-02-24;4108;3607;88783;40781;3.4;1.6
59;2021-02-25;6916;3444;95699;44225;3.7;1.7
59;2021-02-26;6496;1686;102195;45911;3.9;1.8
59;2021-02-27;3096;181;105291;46092;4.1;1.8
59;2021-02-28;208;59;105499;46151;4.1;1.8
59;2021-03-01;3693;576;109192;46727;4.2;1.8
59;2021-03-02;4794;515;113986;47242;4.4;1.8
59;2021-03-03;5749;923;119735;48165;4.6;1.9
59;2021-03-04;7084;875;126819;49040;4.9;1.9
59;2021-03-05;7834;894;134653;49934;5.2;1.9
59;2021-03-06;11561;473;146214;50407;5.6;1.9
59;2021-03-07;7586;319;153800;50726;5.9;2.0
59;2021-03-08;4497;996;158297;51722;6.1;2.0
59;2021-03-09;6581;1262;164878;52984;6.4;2.0
59;2021-03-10;7027;1070;171905;54054;6.6;2.1
59;2021-03-11;9476;1774;181381;55828;7.0;2.2
59;2021-03-12;12160;1482;193541;57310;7.5;2.2
59;2021-03-13;16558;1052;210099;58362;8.1;2.3
59;2021-03-14;6965;324;217064;58686;8.4;2.3
59;2021-03-15;5616;1435;222680;60121;8.6;2.3
59;2021-03-16;3738;1268;226418;61389;8.7;2.4
59;2021-03-17;3856;2044;230274;63433;8.9;2.5
59;2021-03-18;3958;2426;234232;65859;9.0;2.5
59;2021-03-19;7743;1753;241975;67612;9.3;2.6
59;2021-03-20;16025;1265;258000;68877;10.0;2.7
59;2021-03-21;6315;443;264315;69320;10.2;2.7
59;2021-03-22;5449;1732;269764;71052;10.4;2.7
59;2021-03-23;7773;2774;277537;73826;10.7;2.9
59;2021-03-24;6861;2932;284398;76758;11.0;3.0
59;2021-03-25;10532;2531;294930;79289;11.4;3.1
59;2021-03-26;12254;2802;307184;82091;11.9;3.2
59;2021-03-27;15277;1141;322461;83232;12.5;3.2
59;2021-03-28;7985;359;330446;83591;12.8;3.2
59;2021-03-29;5495;3165;335941;86756;13.0;3.4
59;2021-03-30;7540;3724;343481;90480;13.3;3.5
59;2021-03-31;6157;4068;349638;94548;13.5;3.7
59;2021-04-01;7491;4897;357129;99445;13.8;3.8
59;2021-04-02;7646;5493;364775;104938;14.1;4.1
59;2021-04-03;13019;4291;377794;109229;14.6;4.2
59;2021-04-04;5349;2175;383143;111404;14.8;4.3
59;2021-04-05;6020;1528;389163;112932;15.0;4.4
59;2021-04-06;5406;4472;394569;117404;15.2;4.5
59;2021-04-07;7625;5415;402194;122819;15.5;4.7
59;2021-04-08;10395;5733;412589;128552;15.9;5.0
59;2021-04-09;13419;5919;426008;134471;16.5;5.2
59;2021-04-10;11479;6122;437487;140593;16.9;5.4
59;2021-04-11;4637;3555;442124;144148;17.1;5.6
59;2021-04-12;6304;4340;448428;148488;17.3;5.7
59;2021-04-13;8934;4781;457362;153269;17.7;5.9
59;2021-04-14;8789;4341;466151;157610;18.0;6.1
59;2021-04-15;10310;4843;476461;162453;18.4;6.3
59;2021-04-16;10880;5494;487341;167947;18.8;6.5
59;2021-04-17;7299;9069;494640;177016;19.1;6.8
59;2021-04-18;3235;4159;497875;181175;19.2;7.0
59;2021-04-19;5043;4287;502918;185462;19.4;7.2
59;2021-04-20;6897;4205;509815;189667;19.7;7.3
59;2021-04-21;6274;4420;516089;194087;19.9;7.5
59;2021-04-22;8613;5514;524702;199601;20.3;7.7
59;2021-04-23;8459;5678;533161;205279;20.6;7.9
59;2021-04-24;5538;8044;538699;213323;20.8;8.2
59;2021-04-25;3243;6075;541942;219398;20.9;8.5
59;2021-04-26;6492;3781;548434;223179;21.2;8.6
59;2021-04-27;8366;5152;556800;228331;21.5;8.8
59;2021-04-28;8771;6535;565571;234866;21.8;9.1
59;2021-04-29;9418;8494;574989;243360;22.2;9.4
59;2021-04-30;10606;8472;585595;251832;22.6;9.7
59;2021-05-01;11999;7594;597594;259426;23.1;10.0
59;2021-05-02;8646;5989;606240;265415;23.4;10.3
59;2021-05-03;9555;5046;615795;270461;23.8;10.4
59;2021-05-04;11424;5967;627219;276428;24.2;10.7
59;2021-05-05;10297;6189;637516;282617;24.6;10.9
59;2021-05-06;11198;8428;648714;291045;25.1;11.2
59;2021-05-07;13299;9561;662013;300606;25.6;11.6
59;2021-05-08;14746;4164;676759;304770;26.1;11.8
59;2021-05-09;11492;3328;688251;308098;26.6;11.9
59;2021-05-10;12747;6618;700998;314716;27.1;12.2
59;2021-05-11;15113;8301;716111;323017;27.7;12.5
59;2021-05-12;16630;8627;732741;331644;28.3;12.8
59;2021-05-13;18443;3456;751184;335100;29.0;12.9
59;2021-05-14;15781;6958;766965;342058;29.6;13.2
59;2021-05-15;23450;5278;790415;347336;30.5;13.4
59;2021-05-16;21184;2414;811599;349750;31.3;13.5
59;2021-05-17;15073;5259;826672;355009;31.9;13.7
59;2021-05-18;16928;5661;843600;360670;32.6;13.9
59;2021-05-19;18323;5103;861923;365773;33.3;14.1
59;2021-05-20;17934;6983;879857;372756;34.0;14.4
59;2021-05-21;18372;8259;898229;381015;34.7;14.7
59;2021-05-22;23816;5672;922045;386687;35.6;14.9
59;2021-05-23;17922;2274;939967;388961;36.3;15.0
59;2021-05-24;16691;2138;956658;391099;37.0;15.1
59;2021-05-25;14991;6654;971649;397753;37.5;15.4
59;2021-05-26;15895;7031;987544;404784;38.1;15.6
59;2021-05-27;16153;9153;1003697;413937;38.8;16.0
59;2021-05-28;15887;11416;1019584;425353;39.4;16.4
59;2021-05-29;14376;8687;1033960;434040;39.9;16.8
59;2021-05-30;8407;1841;1042367;435881;40.3;16.8
59;2021-05-31;14211;7944;1056578;443825;40.8;17.1
59;2021-06-01;15096;10362;1071674;454187;41.4;17.5
59;2021-06-02;14772;9893;1086446;464080;42.0;17.9
59;2021-06-03;15633;12095;1102079;476175;42.6;18.4
59;2021-06-04;15616;13434;1117695;489609;43.2;18.9
59;2021-06-05;14984;9336;1132679;498945;43.7;19.3
59;2021-06-06;8833;3205;1141512;502150;44.1;19.4
59;2021-06-07;10529;9417;1152041;511567;44.5;19.8
59;2021-06-08;11763;11071;1163804;522638;45.0;20.2
59;2021-06-09;10767;11880;1174571;534518;45.4;20.6
59;2021-06-10;11504;12306;1186075;546824;45.8;21.1
59;2021-06-11;10979;15975;1197054;562799;46.2;21.7
59;2021-06-12;11075;13675;1208129;576474;46.7;22.3
59;2021-06-13;6345;7030;1214474;583504;46.9;22.5
59;2021-06-14;6510;12673;1220984;596177;47.2;23.0
59;2021-06-15;8237;15946;1229221;612123;47.5;23.6
59;2021-06-16;9205;13541;1238426;625664;47.8;24.2
59;2021-06-17;9190;15645;1247616;641309;48.2;24.8
59;2021-06-18;9089;20061;1256705;661370;48.5;25.5
59;2021-06-19;8957;17486;1265662;678856;48.9;26.2
59;2021-06-20;4901;10189;1270563;689045;49.1;26.6
59;2021-06-21;5280;15964;1275843;705009;49.3;27.2
59;2021-06-22;6335;18673;1282178;723682;49.5;28.0
59;2021-06-23;6168;19083;1288346;742765;49.8;28.7
59;2021-06-24;7340;20518;1295686;763283;50.0;29.5
59;2021-06-25;6509;21195;1302195;784478;50.3;30.3
59;2021-06-26;6488;23745;1308683;808223;50.5;31.2
59;2021-06-27;4755;17078;1313438;825301;50.7;31.9
59;2021-06-28;5005;19816;1318443;845117;50.9;32.6
59;2021-06-29;5553;20374;1323996;865491;51.1;33.4
59;2021-06-30;6134;20098;1330130;885589;51.4;34.2
59;2021-07-01;6795;20838;1336925;906427;51.6;35.0
59;2021-07-02;6842;23244;1343767;929671;51.9;35.9
59;2021-07-03;5564;24612;1349331;954283;52.1;36.9
59;2021-07-04;4418;15977;1353749;970260;52.3;37.5
59;2021-07-05;5674;17486;1359423;987746;52.5;38.2
59;2021-07-06;6611;18798;1366034;1006544;52.8;38.9
59;2021-07-07;6947;17451;1372981;1023995;53.0;39.6
59;2021-07-08;8028;17685;1381009;1041680;53.3;40.2
59;2021-07-09;7706;20297;1388715;1061977;53.6;41.0
59;2021-07-10;7450;18539;1396165;1080516;53.9;41.7
59;2021-07-11;4450;10230;1400615;1090746;54.1;42.1
59;2021-07-12;5915;18045;1406530;1108791;54.3;42.8
59;2021-07-13;9914;20755;1416444;1129546;54.7;43.6
59;2021-07-14;9785;8457;1426229;1138003;55.1;44.0
59;2021-07-15;11635;20391;1437864;1158394;55.5;44.7
59;2021-07-16;13224;20493;1451088;1178887;56.0;45.5
59;2021-07-17;12400;17464;1463488;1196351;56.5;46.2
59;2021-07-18;7967;8684;1471455;1205035;56.8;46.5
59;2021-07-19;10404;16446;1481859;1221481;57.2;47.2
59;2021-07-20;13417;17124;1495276;1238605;57.8;47.8
59;2021-07-21;14528;15595;1509804;1254200;58.3;48.4
59;2021-07-22;17070;15194;1526874;1269394;59.0;49.0
59;2021-07-23;15735;15824;1542609;1285218;59.6;49.6
59;2021-07-24;16357;12295;1558966;1297513;60.2;50.1
59;2021-07-25;11920;7335;1570886;1304848;60.7;50.4
59;2021-07-26;13046;12612;1583932;1317460;61.2;50.9
59;2021-07-27;16246;11950;1600178;1329410;61.8;51.3
59;2021-07-28;17456;11659;1617634;1341069;62.5;51.8
59;2021-07-29;17429;11664;1635063;1352733;63.2;52.2
59;2021-07-30;15921;11603;1650984;1364336;63.8;52.7
59;2021-07-31;14018;9205;1665002;1373541;64.3;53.1
59;2021-08-01;9961;4567;1674963;1378108;64.7;53.2
59;2021-08-02;12198;10025;1687161;1388133;65.2;53.6
59;2021-08-03;13447;10048;1700608;1398181;65.7;54.0
59;2021-08-04;11233;8277;1711841;1406458;66.1;54.3
59;2021-08-05;12714;9784;1724555;1416242;66.6;54.7
59;2021-08-06;12559;11033;1737114;1427275;67.1;55.1
59;2021-08-07;9739;9297;1746853;1436572;67.5;55.5
59;2021-08-08;6959;5263;1753812;1441835;67.7;55.7
59;2021-08-09;8401;10819;1762213;1452654;68.1;56.1
59;2021-08-10;10400;10770;1772613;1463424;68.5;56.5
59;2021-08-11;8658;9314;1781271;1472738;68.8;56.9
59;2021-08-12;8995;12067;1790266;1484805;69.1;57.4
59;2021-08-13;8615;11741;1798881;1496546;69.5;57.8
59;2021-08-14;5951;10388;1804832;1506934;69.7;58.2
59;2021-08-15;3372;4663;1808204;1511597;69.8;58.4
59;2021-08-16;5868;13859;1814072;1525456;70.1;58.9
59;2021-08-17;6947;12758;1821019;1538214;70.3;59.4
59;2021-08-18;5898;11465;1826917;1549679;70.6;59.9
59;2021-08-19;6334;13865;1833251;1563544;70.8;60.4
59;2021-08-20;5821;14570;1839072;1578114;71.0;61.0
59;2021-08-21;4175;10289;1843247;1588403;71.2;61.4
59;2021-08-22;2847;7649;1846094;1596052;71.3;61.6
59;2021-08-23;4769;15724;1850863;1611776;71.5;62.3
59;2021-08-24;5279;15177;1856142;1626953;71.7;62.8
59;2021-08-25;4644;13078;1860786;1640031;71.9;63.3
59;2021-08-26;5177;14337;1865963;1654368;72.1;63.9
59;2021-08-27;4962;15409;1870925;1669777;72.3;64.5
59;2021-08-28;3792;12369;1874717;1682146;72.4;65.0
59;2021-08-29;1930;8430;1876647;1690576;72.5;65.3
59;2021-08-30;3841;12926;1880488;1703502;72.6;65.8
59;2021-08-31;3793;12937;1884281;1716439;72.8;66.3
59;2021-09-01;3268;10703;1887549;1727142;72.9;66.7
59;2021-09-02;3173;10941;1890722;1738083;73.0;67.1
59;2021-09-03;3773;12128;1894495;1750211;73.2;67.6
59;2021-09-04;3383;9958;1897878;1760169;73.3;68.0
59;2021-09-05;1202;3655;1899080;1763824;73.4;68.1
59;2021-09-06;2131;7327;1901211;1771151;73.4;68.4
59;2021-09-07;2224;7041;1903435;1778192;73.5;68.7
59;2021-09-08;2561;7505;1905996;1785697;73.6;69.0
59;2021-09-09;2406;6695;1908402;1792392;73.7;69.2
59;2021-09-10;3256;8077;1911658;1800469;73.8;69.5
59;2021-09-11;2573;7501;1914231;1807970;73.9;69.8
59;2021-09-12;909;2914;1915140;1810884;74.0;69.9
59;2021-09-13;1940;5523;1917080;1816407;74.0;70.2
59;2021-09-14;2278;5922;1919358;1822329;74.1;70.4
60;2020-12-27;0;0;0;0;0.0;0.0
60;2020-12-28;0;0;0;0;0.0;0.0
60;2020-12-29;1;0;1;0;0.0;0.0
60;2020-12-30;0;0;1;0;0.0;0.0
60;2020-12-31;0;0;1;0;0.0;0.0
60;2021-01-01;0;0;1;0;0.0;0.0
60;2021-01-02;5;0;6;0;0.0;0.0
60;2021-01-03;1;0;7;0;0.0;0.0
60;2021-01-04;1;0;8;0;0.0;0.0
60;2021-01-05;37;0;45;0;0.0;0.0
60;2021-01-06;188;3;233;3;0.0;0.0
60;2021-01-07;236;4;469;7;0.1;0.0
60;2021-01-08;380;3;849;10;0.1;0.0
60;2021-01-09;3;0;852;10;0.1;0.0
60;2021-01-10;60;0;912;10;0.1;0.0
60;2021-01-11;345;2;1257;12;0.2;0.0
60;2021-01-12;536;2;1793;14;0.2;0.0
60;2021-01-13;476;5;2269;19;0.3;0.0
60;2021-01-14;507;6;2776;25;0.3;0.0
60;2021-01-15;702;7;3478;32;0.4;0.0
60;2021-01-16;124;1;3602;33;0.4;0.0
60;2021-01-17;32;0;3634;33;0.4;0.0
60;2021-01-18;860;7;4494;40;0.5;0.0
60;2021-01-19;1203;11;5697;51;0.7;0.0
60;2021-01-20;1718;11;7415;62;0.9;0.0
60;2021-01-21;2264;8;9679;70;1.2;0.0
60;2021-01-22;1543;14;11222;84;1.4;0.0
60;2021-01-23;499;4;11721;88;1.4;0.0
60;2021-01-24;61;1;11782;89;1.4;0.0
60;2021-01-25;897;14;12679;103;1.5;0.0
60;2021-01-26;950;15;13629;118;1.7;0.0
60;2021-01-27;646;6;14275;124;1.7;0.0
60;2021-01-28;395;164;14670;288;1.8;0.0
60;2021-01-29;77;98;14747;386;1.8;0.0
60;2021-01-30;0;1;14747;387;1.8;0.0
60;2021-01-31;22;57;14769;444;1.8;0.1
60;2021-02-01;39;102;14808;546;1.8;0.1
60;2021-02-02;26;143;14834;689;1.8;0.1
60;2021-02-03;165;228;14999;917;1.8;0.1
60;2021-02-04;170;331;15169;1248;1.8;0.2
60;2021-02-05;315;467;15484;1715;1.9;0.2
60;2021-02-06;65;76;15549;1791;1.9;0.2
60;2021-02-07;31;30;15580;1821;1.9;0.2
60;2021-02-08;329;486;15909;2307;1.9;0.3
60;2021-02-09;319;426;16228;2733;2.0;0.3
60;2021-02-10;555;945;16783;3678;2.0;0.4
60;2021-02-11;942;1059;17725;4737;2.1;0.6
60;2021-02-12;914;808;18639;5545;2.3;0.7
60;2021-02-13;91;289;18730;5834;2.3;0.7
60;2021-02-14;24;81;18754;5915;2.3;0.7
60;2021-02-15;612;633;19366;6548;2.3;0.8
60;2021-02-16;580;779;19946;7327;2.4;0.9
60;2021-02-17;633;757;20579;8084;2.5;1.0
60;2021-02-18;684;695;21263;8779;2.6;1.1
60;2021-02-19;641;623;21904;9402;2.7;1.1
60;2021-02-20;104;155;22008;9557;2.7;1.2
60;2021-02-21;23;98;22031;9655;2.7;1.2
60;2021-02-22;461;732;22492;10387;2.7;1.3
60;2021-02-23;535;658;23027;11045;2.8;1.3
60;2021-02-24;794;463;23821;11508;2.9;1.4
60;2021-02-25;1095;248;24916;11756;3.0;1.4
60;2021-02-26;1300;165;26216;11921;3.2;1.4
60;2021-02-27;666;35;26882;11956;3.3;1.4
60;2021-02-28;7;10;26889;11966;3.3;1.5
60;2021-03-01;894;47;27783;12013;3.4;1.5
60;2021-03-02;1013;158;28796;12171;3.5;1.5
60;2021-03-03;1322;421;30118;12592;3.7;1.5
60;2021-03-04;1725;472;31843;13064;3.9;1.6
60;2021-03-05;1822;282;33665;13346;4.1;1.6
60;2021-03-06;1920;141;35585;13487;4.3;1.6
60;2021-03-07;885;31;36470;13518;4.4;1.6
60;2021-03-08;978;292;37448;13810;4.5;1.7
60;2021-03-09;1642;326;39090;14136;4.7;1.7
60;2021-03-10;1938;396;41028;14532;5.0;1.8
60;2021-03-11;2325;362;43353;14894;5.3;1.8
60;2021-03-12;2596;523;45949;15417;5.6;1.9
60;2021-03-13;3839;206;49788;15623;6.0;1.9
60;2021-03-14;1782;60;51570;15683;6.3;1.9
60;2021-03-15;2090;484;53660;16167;6.5;2.0
60;2021-03-16;1583;613;55243;16780;6.7;2.0
60;2021-03-17;1658;600;56901;17380;6.9;2.1
60;2021-03-18;1759;727;58660;18107;7.1;2.2
60;2021-03-19;2591;521;61251;18628;7.4;2.3
60;2021-03-20;3241;190;64492;18818;7.8;2.3
60;2021-03-21;2125;98;66617;18916;8.1;2.3
60;2021-03-22;2133;703;68750;19619;8.3;2.4
60;2021-03-23;3308;710;72058;20329;8.7;2.5
60;2021-03-24;3070;864;75128;21193;9.1;2.6
60;2021-03-25;3849;842;78977;22035;9.6;2.7
60;2021-03-26;4217;869;83194;22904;10.1;2.8
60;2021-03-27;4142;321;87336;23225;10.6;2.8
60;2021-03-28;2450;83;89786;23308;10.9;2.8
60;2021-03-29;2612;1079;92398;24387;11.2;3.0
60;2021-03-30;3285;1069;95683;25456;11.6;3.1
60;2021-03-31;2668;1133;98351;26589;11.9;3.2
60;2021-04-01;2562;1101;100913;27690;12.2;3.4
60;2021-04-02;3308;1111;104221;28801;12.6;3.5
60;2021-04-03;3171;1008;107392;29809;13.0;3.6
60;2021-04-04;876;485;108268;30294;13.1;3.7
60;2021-04-05;458;81;108726;30375;13.2;3.7
60;2021-04-06;1966;1618;110692;31993;13.4;3.9
60;2021-04-07;1984;1744;112676;33737;13.7;4.1
60;2021-04-08;2612;1495;115288;35232;14.0;4.3
60;2021-04-09;2999;1522;118287;36754;14.3;4.5
60;2021-04-10;2928;1585;121215;38339;14.7;4.6
60;2021-04-11;1046;998;122261;39337;14.8;4.8
60;2021-04-12;2045;1719;124306;41056;15.1;5.0
60;2021-04-13;2749;1785;127055;42841;15.4;5.2
60;2021-04-14;3144;1821;130199;44662;15.8;5.4
60;2021-04-15;3562;1891;133761;46553;16.2;5.6
60;2021-04-16;3292;1951;137053;48504;16.6;5.9
60;2021-04-17;2849;2168;139902;50672;17.0;6.1
60;2021-04-18;573;1832;140475;52504;17.0;6.4
60;2021-04-19;1742;2211;142217;54715;17.2;6.6
60;2021-04-20;2130;2676;144347;57391;17.5;7.0
60;2021-04-21;2653;2207;147000;59598;17.8;7.2
60;2021-04-22;2631;2507;149631;62105;18.1;7.5
60;2021-04-23;2650;2499;152281;64604;18.5;7.8
60;2021-04-24;2471;3450;154752;68054;18.8;8.2
60;2021-04-25;1160;1959;155912;70013;18.9;8.5
60;2021-04-26;1890;2522;157802;72535;19.1;8.8
60;2021-04-27;2311;2834;160113;75369;19.4;9.1
60;2021-04-28;3061;2391;163174;77760;19.8;9.4
60;2021-04-29;3154;2621;166328;80381;20.2;9.7
60;2021-04-30;3460;2958;169788;83339;20.6;10.1
60;2021-05-01;2355;1124;172143;84463;20.9;10.2
60;2021-05-02;2148;845;174291;85308;21.1;10.3
60;2021-05-03;2956;1856;177247;87164;21.5;10.6
60;2021-05-04;3018;2354;180265;89518;21.8;10.8
60;2021-05-05;3260;2810;183525;92328;22.2;11.2
60;2021-05-06;3649;2476;187174;94804;22.7;11.5
60;2021-05-07;3987;2513;191161;97317;23.2;11.8
60;2021-05-08;3583;968;194744;98285;23.6;11.9
60;2021-05-09;3460;956;198204;99241;24.0;12.0
60;2021-05-10;2392;2294;200596;101535;24.3;12.3
60;2021-05-11;3670;2465;204266;104000;24.8;12.6
60;2021-05-12;4718;2549;208984;106549;25.3;12.9
60;2021-05-13;5292;1129;214276;107678;26.0;13.1
60;2021-05-14;5603;1804;219879;109482;26.6;13.3
60;2021-05-15;6173;1718;226052;111200;27.4;13.5
60;2021-05-16;4861;691;230913;111891;28.0;13.6
60;2021-05-17;3716;1675;234629;113566;28.4;13.8
60;2021-05-18;4047;2074;238676;115640;28.9;14.0
60;2021-05-19;5098;1857;243774;117497;29.5;14.2
60;2021-05-20;5461;1789;249235;119286;30.2;14.5
60;2021-05-21;5974;1971;255209;121257;30.9;14.7
60;2021-05-22;5356;1972;260565;123229;31.6;14.9
60;2021-05-23;4267;658;264832;123887;32.1;15.0
60;2021-05-24;2951;534;267783;124421;32.5;15.1
60;2021-05-25;4139;2004;271922;126425;33.0;15.3
60;2021-05-26;4467;1833;276389;128258;33.5;15.5
60;2021-05-27;4613;1995;281002;130253;34.1;15.8
60;2021-05-28;4627;2492;285629;132745;34.6;16.1
60;2021-05-29;4612;2268;290241;135013;35.2;16.4
60;2021-05-30;1086;347;291327;135360;35.3;16.4
60;2021-05-31;3831;2083;295158;137443;35.8;16.7
60;2021-06-01;4445;2844;299603;140287;36.3;17.0
60;2021-06-02;3916;2444;303519;142731;36.8;17.3
60;2021-06-03;3906;2371;307425;145102;37.3;17.6
60;2021-06-04;4653;2903;312078;148005;37.8;17.9
60;2021-06-05;4303;3421;316381;151426;38.3;18.4
60;2021-06-06;2159;794;318540;152220;38.6;18.4
60;2021-06-07;2777;2761;321317;154981;38.9;18.8
60;2021-06-08;3802;2999;325119;157980;39.4;19.1
60;2021-06-09;3248;3399;328367;161379;39.8;19.6
60;2021-06-10;3456;3367;331823;164746;40.2;20.0
60;2021-06-11;3882;4189;335705;168935;40.7;20.5
60;2021-06-12;3782;4280;339487;173215;41.1;21.0
60;2021-06-13;1156;2225;340643;175440;41.3;21.3
60;2021-06-14;1911;3306;342554;178746;41.5;21.7
60;2021-06-15;3015;4160;345569;182906;41.9;22.2
60;2021-06-16;3252;4486;348821;187392;42.3;22.7
60;2021-06-17;2978;4782;351799;192174;42.6;23.3
60;2021-06-18;2984;4602;354783;196776;43.0;23.8
60;2021-06-19;3146;4724;357929;201500;43.4;24.4
60;2021-06-20;1432;1937;359361;203437;43.6;24.7
60;2021-06-21;1408;4041;360769;207478;43.7;25.1
60;2021-06-22;1759;5287;362528;212765;43.9;25.8
60;2021-06-23;1862;5233;364390;217998;44.2;26.4
60;2021-06-24;1804;5603;366194;223601;44.4;27.1
60;2021-06-25;1905;5728;368099;229329;44.6;27.8
60;2021-06-26;1863;6976;369962;236305;44.8;28.6
60;2021-06-27;715;2594;370677;238899;44.9;29.0
60;2021-06-28;1782;4142;372459;243041;45.1;29.5
60;2021-06-29;2014;5462;374473;248503;45.4;30.1
60;2021-06-30;2298;5358;376771;253861;45.7;30.8
60;2021-07-01;1891;4916;378662;258777;45.9;31.4
60;2021-07-02;2370;5880;381032;264657;46.2;32.1
60;2021-07-03;2404;6159;383436;270816;46.5;32.8
60;2021-07-04;792;2725;384228;273541;46.6;33.2
60;2021-07-05;1660;4405;385888;277946;46.8;33.7
60;2021-07-06;2147;4495;388035;282441;47.0;34.2
60;2021-07-07;2174;5116;390209;287557;47.3;34.9
60;2021-07-08;2672;4688;392881;292245;47.6;35.4
60;2021-07-09;2642;5562;395523;297807;47.9;36.1
60;2021-07-10;2581;5874;398104;303681;48.3;36.8
60;2021-07-11;1215;1942;399319;305623;48.4;37.0
60;2021-07-12;1446;4737;400765;310360;48.6;37.6
60;2021-07-13;2912;5023;403677;315383;48.9;38.2
60;2021-07-14;2586;1408;406263;316791;49.2;38.4
60;2021-07-15;3433;4870;409696;321661;49.7;39.0
60;2021-07-16;3700;5237;413396;326898;50.1;39.6
60;2021-07-17;4081;5132;417477;332030;50.6;40.2
60;2021-07-18;2187;2130;419664;334160;50.9;40.5
60;2021-07-19;2542;3888;422206;338048;51.2;41.0
60;2021-07-20;4198;4896;426404;342944;51.7;41.6
60;2021-07-21;4355;4281;430759;347225;52.2;42.1
60;2021-07-22;4628;4329;435387;351554;52.8;42.6
60;2021-07-23;4984;4898;440371;356452;53.4;43.2
60;2021-07-24;4317;4673;444688;361125;53.9;43.8
60;2021-07-25;2603;1830;447291;362955;54.2;44.0
60;2021-07-26;3379;3757;450670;366712;54.6;44.4
60;2021-07-27;4438;4625;455108;371337;55.2;45.0
60;2021-07-28;4551;3769;459659;375106;55.7;45.5
60;2021-07-29;4900;3707;464559;378813;56.3;45.9
60;2021-07-30;5031;4257;469590;383070;56.9;46.4
60;2021-07-31;4064;3969;473654;387039;57.4;46.9
60;2021-08-01;1685;862;475339;387901;57.6;47.0
60;2021-08-02;3177;2754;478516;390655;58.0;47.3
60;2021-08-03;3586;2892;482102;393547;58.4;47.7
60;2021-08-04;3314;2795;485416;396342;58.8;48.0
60;2021-08-05;3028;2256;488444;398598;59.2;48.3
60;2021-08-06;3829;3055;492273;401653;59.7;48.7
60;2021-08-07;3371;3074;495644;404727;60.1;49.1
60;2021-08-08;1534;909;497178;405636;60.3;49.2
60;2021-08-09;2202;2869;499380;408505;60.5;49.5
60;2021-08-10;3279;3307;502659;411812;60.9;49.9
60;2021-08-11;2812;3231;505471;415043;61.3;50.3
60;2021-08-12;2358;2664;507829;417707;61.5;50.6
60;2021-08-13;2750;2996;510579;420703;61.9;51.0
60;2021-08-14;2543;2734;513122;423437;62.2;51.3
60;2021-08-15;1361;553;514483;423990;62.4;51.4
60;2021-08-16;2045;3772;516528;427762;62.6;51.8
60;2021-08-17;2344;3819;518872;431581;62.9;52.3
60;2021-08-18;1941;3283;520813;434864;63.1;52.7
60;2021-08-19;1645;3074;522458;437938;63.3;53.1
60;2021-08-20;1857;3995;524315;441933;63.5;53.6
60;2021-08-21;1606;3490;525921;445423;63.7;54.0
60;2021-08-22;572;1338;526493;446761;63.8;54.1
60;2021-08-23;1102;3223;527595;449984;63.9;54.5
60;2021-08-24;1368;4489;528963;454473;64.1;55.1
60;2021-08-25;1431;3582;530394;458055;64.3;55.5
60;2021-08-26;1424;3459;531818;461514;64.5;55.9
60;2021-08-27;1432;4169;533250;465683;64.6;56.4
60;2021-08-28;1373;4476;534623;470159;64.8;57.0
60;2021-08-29;547;2035;535170;472194;64.9;57.2
60;2021-08-30;1226;2997;536396;475191;65.0;57.6
60;2021-08-31;1629;3849;538025;479040;65.2;58.1
60;2021-09-01;1229;2792;539254;481832;65.4;58.4
60;2021-09-02;1052;2717;540306;484549;65.5;58.7
60;2021-09-03;1019;3177;541325;487726;65.6;59.1
60;2021-09-04;1511;3727;542836;491453;65.8;59.6
60;2021-09-05;364;1361;543200;492814;65.8;59.7
60;2021-09-06;793;2566;543993;495380;65.9;60.0
60;2021-09-07;831;2981;544824;498361;66.0;60.4
60;2021-09-08;882;2990;545706;501351;66.1;60.8
60;2021-09-09;679;2365;546385;503716;66.2;61.1
60;2021-09-10;1037;2989;547422;506705;66.3;61.4
60;2021-09-11;1060;3490;548482;510195;66.5;61.8
60;2021-09-12;304;1137;548786;511332;66.5;62.0
60;2021-09-13;597;1943;549383;513275;66.6;62.2
60;2021-09-14;697;1823;550080;515098;66.7;62.4
61;2020-12-27;0;0;0;0;0.0;0.0
61;2020-12-28;0;0;0;0;0.0;0.0
61;2020-12-29;0;0;0;0;0.0;0.0
61;2020-12-30;0;0;0;0;0.0;0.0
61;2020-12-31;0;0;0;0;0.0;0.0
61;2021-01-01;1;0;1;0;0.0;0.0
61;2021-01-02;1;0;2;0;0.0;0.0
61;2021-01-03;0;0;2;0;0.0;0.0
61;2021-01-04;1;0;3;0;0.0;0.0
61;2021-01-05;3;0;6;0;0.0;0.0
61;2021-01-06;77;0;83;0;0.0;0.0
61;2021-01-07;175;2;258;2;0.1;0.0
61;2021-01-08;406;1;664;3;0.2;0.0
61;2021-01-09;165;1;829;4;0.3;0.0
61;2021-01-10;49;0;878;4;0.3;0.0
61;2021-01-11;396;1;1274;5;0.5;0.0
61;2021-01-12;681;2;1955;7;0.7;0.0
61;2021-01-13;740;1;2695;8;1.0;0.0
61;2021-01-14;530;7;3225;15;1.2;0.0
61;2021-01-15;537;4;3762;19;1.4;0.0
61;2021-01-16;289;1;4051;20;1.5;0.0
61;2021-01-17;859;6;4910;26;1.8;0.0
61;2021-01-18;1913;2;6823;28;2.5;0.0
61;2021-01-19;1323;3;8146;31;2.9;0.0
61;2021-01-20;683;0;8829;31;3.2;0.0
61;2021-01-21;848;1;9677;32;3.5;0.0
61;2021-01-22;764;0;10441;32;3.8;0.0
61;2021-01-23;257;2;10698;34;3.9;0.0
61;2021-01-24;229;0;10927;34;3.9;0.0
61;2021-01-25;578;1;11505;35;4.2;0.0
61;2021-01-26;563;0;12068;35;4.4;0.0
61;2021-01-27;569;13;12637;48;4.6;0.0
61;2021-01-28;464;50;13101;98;4.7;0.0
61;2021-01-29;479;132;13580;230;4.9;0.1
61;2021-01-30;212;3;13792;233;5.0;0.1
61;2021-01-31;109;0;13901;233;5.0;0.1
61;2021-02-01;430;178;14331;411;5.2;0.1
61;2021-02-02;387;287;14718;698;5.3;0.3
61;2021-02-03;412;382;15130;1080;5.5;0.4
61;2021-02-04;390;261;15520;1341;5.6;0.5
61;2021-02-05;537;333;16057;1674;5.8;0.6
61;2021-02-06;201;78;16258;1752;5.9;0.6
61;2021-02-07;45;199;16303;1951;5.9;0.7
61;2021-02-08;541;1196;16844;3147;6.1;1.1
61;2021-02-09;405;738;17249;3885;6.2;1.4
61;2021-02-10;279;510;17528;4395;6.3;1.6
61;2021-02-11;432;450;17960;4845;6.5;1.7
61;2021-02-12;402;627;18362;5472;6.6;2.0
61;2021-02-13;133;331;18495;5803;6.7;2.1
61;2021-02-14;3;245;18498;6048;6.7;2.2
61;2021-02-15;172;605;18670;6653;6.7;2.4
61;2021-02-16;203;512;18873;7165;6.8;2.6
61;2021-02-17;44;458;18917;7623;6.8;2.8
61;2021-02-18;161;394;19078;8017;6.9;2.9
61;2021-02-19;101;303;19179;8320;6.9;3.0
61;2021-02-20;40;194;19219;8514;6.9;3.1
61;2021-02-21;2;119;19221;8633;6.9;3.1
61;2021-02-22;88;437;19309;9070;7.0;3.3
61;2021-02-23;107;379;19416;9449;7.0;3.4
61;2021-02-24;173;428;19589;9877;7.1;3.6
61;2021-02-25;265;323;19854;10200;7.2;3.7
61;2021-02-26;266;378;20120;10578;7.3;3.8
61;2021-02-27;110;182;20230;10760;7.3;3.9
61;2021-02-28;4;117;20234;10877;7.3;3.9
61;2021-03-01;217;521;20451;11398;7.4;4.1
61;2021-03-02;148;619;20599;12017;7.4;4.3
61;2021-03-03;142;376;20741;12393;7.5;4.5
61;2021-03-04;431;390;21172;12783;7.6;4.6
61;2021-03-05;701;265;21873;13048;7.9;4.7
61;2021-03-06;437;213;22310;13261;8.1;4.8
61;2021-03-07;155;2;22465;13263;8.1;4.8
61;2021-03-08;296;287;22761;13550;8.2;4.9
61;2021-03-09;622;159;23383;13709;8.4;5.0
61;2021-03-10;672;163;24055;13872;8.7;5.0
61;2021-03-11;1120;118;25175;13990;9.1;5.1
61;2021-03-12;1468;89;26643;14079;9.6;5.1
61;2021-03-13;775;53;27418;14132;9.9;5.1
61;2021-03-14;226;6;27644;14138;10.0;5.1
61;2021-03-15;814;34;28458;14172;10.3;5.1
61;2021-03-16;721;19;29179;14191;10.5;5.1
61;2021-03-17;761;13;29940;14204;10.8;5.1
61;2021-03-18;858;26;30798;14230;11.1;5.1
61;2021-03-19;1027;50;31825;14280;11.5;5.2
61;2021-03-20;472;14;32297;14294;11.7;5.2
61;2021-03-21;72;2;32369;14296;11.7;5.2
61;2021-03-22;796;90;33165;14386;12.0;5.2
61;2021-03-23;920;39;34085;14425;12.3;5.2
61;2021-03-24;1372;70;35457;14495;12.8;5.2
61;2021-03-25;1876;68;37333;14563;13.5;5.3
61;2021-03-26;1799;46;39132;14609;14.1;5.3
61;2021-03-27;1083;18;40215;14627;14.5;5.3
61;2021-03-28;359;9;40574;14636;14.7;5.3
61;2021-03-29;1271;182;41845;14818;15.1;5.4
61;2021-03-30;1471;96;43316;14914;15.6;5.4
61;2021-03-31;1686;51;45002;14965;16.3;5.4
61;2021-04-01;2051;230;47053;15195;17.0;5.5
61;2021-04-02;1520;433;48573;15628;17.5;5.6
61;2021-04-03;640;285;49213;15913;17.8;5.7
61;2021-04-04;193;1;49406;15914;17.8;5.7
61;2021-04-05;532;8;49938;15922;18.0;5.8
61;2021-04-06;1354;618;51292;16540;18.5;6.0
61;2021-04-07;1699;657;52991;17197;19.1;6.2
61;2021-04-08;2267;831;55258;18028;20.0;6.5
61;2021-04-09;2138;833;57396;18861;20.7;6.8
61;2021-04-10;1534;484;58930;19345;21.3;7.0
61;2021-04-11;238;199;59168;19544;21.4;7.1
61;2021-04-12;1289;734;60457;20278;21.8;7.3
61;2021-04-13;1739;705;62196;20983;22.5;7.6
61;2021-04-14;1735;784;63931;21767;23.1;7.9
61;2021-04-15;2268;781;66199;22548;23.9;8.1
61;2021-04-16;2223;687;68422;23235;24.7;8.4
61;2021-04-17;1487;324;69909;23559;25.2;8.5
61;2021-04-18;538;99;70447;23658;25.4;8.5
61;2021-04-19;938;749;71385;24407;25.8;8.8
61;2021-04-20;1523;786;72908;25193;26.3;9.1
61;2021-04-21;1352;1040;74260;26233;26.8;9.5
61;2021-04-22;1293;1216;75553;27449;27.3;9.9
61;2021-04-23;1216;1147;76769;28596;27.7;10.3
61;2021-04-24;1437;819;78206;29415;28.2;10.6
61;2021-04-25;361;331;78567;29746;28.4;10.7
61;2021-04-26;670;1143;79237;30889;28.6;11.2
61;2021-04-27;1465;1138;80702;32027;29.1;11.6
61;2021-04-28;1386;1390;82088;33417;29.6;12.1
61;2021-04-29;1247;1858;83335;35275;30.1;12.7
61;2021-04-30;1721;1173;85056;36448;30.7;13.2
61;2021-05-01;788;321;85844;36769;31.0;13.3
61;2021-05-02;439;225;86283;36994;31.2;13.4
61;2021-05-03;844;1249;87127;38243;31.5;13.8
61;2021-05-04;1326;1750;88453;39993;31.9;14.4
61;2021-05-05;1009;2027;89462;42020;32.3;15.2
61;2021-05-06;1772;2211;91234;44231;32.9;16.0
61;2021-05-07;1376;1971;92610;46202;33.4;16.7
61;2021-05-08;930;472;93540;46674;33.8;16.9
61;2021-05-09;394;293;93934;46967;33.9;17.0
61;2021-05-10;988;1744;94922;48711;34.3;17.6
61;2021-05-11;1376;1515;96298;50226;34.8;18.1
61;2021-05-12;1870;1591;98168;51817;35.5;18.7
61;2021-05-13;889;491;99057;52308;35.8;18.9
61;2021-05-14;1852;1186;100909;53494;36.4;19.3
61;2021-05-15;2104;1117;103013;54611;37.2;19.7
61;2021-05-16;984;300;103997;54911;37.6;19.8
61;2021-05-17;1312;913;105309;55824;38.0;20.2
61;2021-05-18;2423;892;107732;56716;38.9;20.5
61;2021-05-19;2401;805;110133;57521;39.8;20.8
61;2021-05-20;2213;815;112346;58336;40.6;21.1
61;2021-05-21;2150;861;114496;59197;41.3;21.4
61;2021-05-22;1781;718;116277;59915;42.0;21.6
61;2021-05-23;714;54;116991;59969;42.2;21.7
61;2021-05-24;913;110;117904;60079;42.6;21.7
61;2021-05-25;1991;920;119895;60999;43.3;22.0
61;2021-05-26;2045;931;121940;61930;44.0;22.4
61;2021-05-27;2041;1089;123981;63019;44.8;22.8
61;2021-05-28;2053;1374;126034;64393;45.5;23.3
61;2021-05-29;1464;556;127498;64949;46.0;23.5
61;2021-05-30;450;44;127948;64993;46.2;23.5
61;2021-05-31;1561;936;129509;65929;46.8;23.8
61;2021-06-01;1876;1387;131385;67316;47.4;24.3
61;2021-06-02;1675;1133;133060;68449;48.1;24.7
61;2021-06-03;2250;1110;135310;69559;48.9;25.1
61;2021-06-04;1894;1344;137204;70903;49.5;25.6
61;2021-06-05;1669;1240;138873;72143;50.2;26.1
61;2021-06-06;318;230;139191;72373;50.3;26.1
61;2021-06-07;2189;867;141380;73240;51.1;26.4
61;2021-06-08;1847;1566;143227;74806;51.7;27.0
61;2021-06-09;1975;1185;145202;75991;52.4;27.4
61;2021-06-10;1974;1192;147176;77183;53.2;27.9
61;2021-06-11;1823;1579;148999;78762;53.8;28.4
61;2021-06-12;1424;999;150423;79761;54.3;28.8
61;2021-06-13;340;377;150763;80138;54.4;28.9
61;2021-06-14;1107;1188;151870;81326;54.8;29.4
61;2021-06-15;1215;1693;153085;83019;55.3;30.0
61;2021-06-16;1113;1363;154198;84382;55.7;30.5
61;2021-06-17;1020;1729;155218;86111;56.1;31.1
61;2021-06-18;1523;1671;156741;87782;56.6;31.7
61;2021-06-19;1245;1303;157986;89085;57.1;32.2
61;2021-06-20;289;345;158275;89430;57.2;32.3
61;2021-06-21;807;1627;159082;91057;57.5;32.9
61;2021-06-22;1024;1679;160106;92736;57.8;33.5
61;2021-06-23;967;2436;161073;95172;58.2;34.4
61;2021-06-24;650;1361;161723;96533;58.4;34.9
61;2021-06-25;840;2166;162563;98699;58.7;35.6
61;2021-06-26;624;1953;163187;100652;58.9;36.3
61;2021-06-27;139;799;163326;101451;59.0;36.6
61;2021-06-28;478;2246;163804;103697;59.2;37.4
61;2021-06-29;699;2859;164503;106556;59.4;38.5
61;2021-06-30;771;2463;165274;109019;59.7;39.4
61;2021-07-01;633;1696;165907;110715;59.9;40.0
61;2021-07-02;842;2496;166749;113211;60.2;40.9
61;2021-07-03;417;1912;167166;115123;60.4;41.6
61;2021-07-04;75;638;167241;115761;60.4;41.8
61;2021-07-05;683;1774;167924;117535;60.6;42.4
61;2021-07-06;990;2792;168914;120327;61.0;43.5
61;2021-07-07;734;2361;169648;122688;61.3;44.3
61;2021-07-08;841;1945;170489;124633;61.6;45.0
61;2021-07-09;723;2375;171212;127008;61.8;45.9
61;2021-07-10;464;1768;171676;128776;62.0;46.5
61;2021-07-11;244;489;171920;129265;62.1;46.7
61;2021-07-12;438;2290;172358;131555;62.2;47.5
61;2021-07-13;645;2486;173003;134041;62.5;48.4
61;2021-07-14;149;334;173152;134375;62.5;48.5
61;2021-07-15;815;2814;173967;137189;62.8;49.5
61;2021-07-16;968;2569;174935;139758;63.2;50.5
61;2021-07-17;707;2232;175642;141990;63.4;51.3
61;2021-07-18;339;368;175981;142358;63.6;51.4
61;2021-07-19;935;2399;176916;144757;63.9;52.3
61;2021-07-20;1327;2355;178243;147112;64.4;53.1
61;2021-07-21;1503;2182;179746;149294;64.9;53.9
61;2021-07-22;1751;2189;181497;151483;65.5;54.7
61;2021-07-23;1794;2303;183291;153786;66.2;55.5
61;2021-07-24;1457;2007;184748;155793;66.7;56.3
61;2021-07-25;324;393;185072;156186;66.8;56.4
61;2021-07-26;1252;1931;186324;158117;67.3;57.1
61;2021-07-27;2419;1584;188743;159701;68.2;57.7
61;2021-07-28;2458;1353;191201;161054;69.0;58.2
61;2021-07-29;2563;1576;193764;162630;70.0;58.7
61;2021-07-30;2398;1388;196162;164018;70.8;59.2
61;2021-07-31;1282;1300;197444;165318;71.3;59.7
61;2021-08-01;503;259;197947;165577;71.5;59.8
61;2021-08-02;1914;1121;199861;166698;72.2;60.2
61;2021-08-03;2451;915;202312;167613;73.1;60.5
61;2021-08-04;2346;781;204658;168394;73.9;60.8
61;2021-08-05;1900;990;206558;169384;74.6;61.2
61;2021-08-06;2165;1162;208723;170546;75.4;61.6
61;2021-08-07;1422;799;210145;171345;75.9;61.9
61;2021-08-08;447;263;210592;171608;76.1;62.0
61;2021-08-09;1309;1112;211901;172720;76.5;62.4
61;2021-08-10;1316;1107;213217;173827;77.0;62.8
61;2021-08-11;1118;1258;214335;175085;77.4;63.2
61;2021-08-12;1035;1321;215370;176406;77.8;63.7
61;2021-08-13;879;1609;216249;178015;78.1;64.3
61;2021-08-14;717;862;216966;178877;78.4;64.6
61;2021-08-15;94;184;217060;179061;78.4;64.7
61;2021-08-16;913;1541;217973;180602;78.7;65.2
61;2021-08-17;1152;1698;219125;182300;79.1;65.8
61;2021-08-18;809;1479;219934;183779;79.4;66.4
61;2021-08-19;743;1570;220677;185349;79.7;66.9
61;2021-08-20;802;2132;221479;187481;80.0;67.7
61;2021-08-21;491;1343;221970;188824;80.2;68.2
61;2021-08-22;137;447;222107;189271;80.2;68.4
61;2021-08-23;414;1702;222521;190973;80.4;69.0
61;2021-08-24;524;1898;223045;192871;80.5;69.7
61;2021-08-25;411;1734;223456;194605;80.7;70.3
61;2021-08-26;425;1597;223881;196202;80.9;70.9
61;2021-08-27;514;1888;224395;198090;81.0;71.5
61;2021-08-28;284;1366;224679;199456;81.1;72.0
61;2021-08-29;50;417;224729;199873;81.2;72.2
61;2021-08-30;382;1624;225111;201497;81.3;72.8
61;2021-08-31;505;1713;225616;203210;81.5;73.4
61;2021-09-01;451;1500;226067;204710;81.6;73.9
61;2021-09-02;419;1341;226486;206051;81.8;74.4
61;2021-09-03;474;1578;226960;207629;82.0;75.0
61;2021-09-04;342;1337;227302;208966;82.1;75.5
61;2021-09-05;76;225;227378;209191;82.1;75.5
61;2021-09-06;281;1231;227659;210422;82.2;76.0
61;2021-09-07;361;1565;228020;211987;82.3;76.6
61;2021-09-08;272;1431;228292;213418;82.4;77.1
61;2021-09-09;277;1204;228569;214622;82.5;77.5
61;2021-09-10;363;1167;228932;215789;82.7;77.9
61;2021-09-11;270;1101;229202;216890;82.8;78.3
61;2021-09-12;35;127;229237;217017;82.8;78.4
61;2021-09-13;206;866;229443;217883;82.9;78.7
61;2021-09-14;187;691;229630;218574;82.9;78.9
62;2020-12-27;2;0;2;0;0.0;0.0
62;2020-12-28;2;0;4;0;0.0;0.0
62;2020-12-29;0;0;4;0;0.0;0.0
62;2020-12-30;0;0;4;0;0.0;0.0
62;2020-12-31;0;0;4;0;0.0;0.0
62;2021-01-01;0;0;4;0;0.0;0.0
62;2021-01-02;2;0;6;0;0.0;0.0
62;2021-01-03;0;0;6;0;0.0;0.0
62;2021-01-04;2;0;8;0;0.0;0.0
62;2021-01-05;47;0;55;0;0.0;0.0
62;2021-01-06;123;0;178;0;0.0;0.0
62;2021-01-07;351;0;529;0;0.0;0.0
62;2021-01-08;713;6;1242;6;0.1;0.0
62;2021-01-09;164;1;1406;7;0.1;0.0
62;2021-01-10;84;0;1490;7;0.1;0.0
62;2021-01-11;556;1;2046;8;0.1;0.0
62;2021-01-12;1260;3;3306;11;0.2;0.0
62;2021-01-13;1139;6;4445;17;0.3;0.0
62;2021-01-14;1386;8;5831;25;0.4;0.0
62;2021-01-15;1299;8;7130;33;0.5;0.0
62;2021-01-16;308;2;7438;35;0.5;0.0
62;2021-01-17;107;0;7545;35;0.5;0.0
62;2021-01-18;1666;8;9211;43;0.6;0.0
62;2021-01-19;2103;4;11314;47;0.8;0.0
62;2021-01-20;2055;5;13369;52;0.9;0.0
62;2021-01-21;2243;5;15612;57;1.1;0.0
62;2021-01-22;1835;7;17447;64;1.2;0.0
62;2021-01-23;512;1;17959;65;1.2;0.0
62;2021-01-24;0;0;17959;65;1.2;0.0
62;2021-01-25;1284;6;19243;71;1.3;0.0
62;2021-01-26;1544;13;20787;84;1.4;0.0
62;2021-01-27;1501;139;22288;223;1.5;0.0
62;2021-01-28;4168;344;26456;567;1.8;0.0
62;2021-01-29;2035;302;28491;869;2.0;0.1
62;2021-01-30;159;128;28650;997;2.0;0.1
62;2021-01-31;22;3;28672;1000;2.0;0.1
62;2021-02-01;46;318;28718;1318;2.0;0.1
62;2021-02-02;59;737;28777;2055;2.0;0.1
62;2021-02-03;44;575;28821;2630;2.0;0.2
62;2021-02-04;81;744;28902;3374;2.0;0.2
62;2021-02-05;80;636;28982;4010;2.0;0.3
62;2021-02-06;31;155;29013;4165;2.0;0.3
62;2021-02-07;237;30;29250;4195;2.0;0.3
62;2021-02-08;132;674;29382;4869;2.0;0.3
62;2021-02-09;227;912;29609;5781;2.0;0.4
62;2021-02-10;385;996;29994;6777;2.1;0.5
62;2021-02-11;726;846;30720;7623;2.1;0.5
62;2021-02-12;966;639;31686;8262;2.2;0.6
62;2021-02-13;160;210;31846;8472;2.2;0.6
62;2021-02-14;0;0;31846;8472;2.2;0.6
62;2021-02-15;665;926;32511;9398;2.2;0.6
62;2021-02-16;923;1376;33434;10774;2.3;0.7
62;2021-02-17;1075;1617;34509;12391;2.4;0.9
62;2021-02-18;2226;3407;36735;15798;2.5;1.1
62;2021-02-19;2311;2259;39046;18057;2.7;1.2
62;2021-02-20;616;370;39662;18427;2.7;1.3
62;2021-02-21;87;26;39749;18453;2.7;1.3
62;2021-02-22;848;713;40597;19166;2.8;1.3
62;2021-02-23;1420;994;42017;20160;2.9;1.4
62;2021-02-24;1547;537;43564;20697;3.0;1.4
62;2021-02-25;3169;369;46733;21066;3.2;1.5
62;2021-02-26;2911;301;49644;21367;3.4;1.5
62;2021-02-27;1830;85;51474;21452;3.5;1.5
62;2021-02-28;52;42;51526;21494;3.5;1.5
62;2021-03-01;1322;103;52848;21597;3.6;1.5
62;2021-03-02;3157;157;56005;21754;3.9;1.5
62;2021-03-03;3272;130;59277;21884;4.1;1.5
62;2021-03-04;3811;216;63088;22100;4.3;1.5
62;2021-03-05;4646;227;67734;22327;4.7;1.5
62;2021-03-06;9621;263;77355;22590;5.3;1.6
62;2021-03-07;8075;221;85430;22811;5.9;1.6
62;2021-03-08;2196;233;87626;23044;6.0;1.6
62;2021-03-09;3808;347;91434;23391;6.3;1.6
62;2021-03-10;4234;563;95668;23954;6.6;1.6
62;2021-03-11;5994;1478;101662;25432;7.0;1.8
62;2021-03-12;6638;1380;108300;26812;7.5;1.8
62;2021-03-13;14724;798;123024;27610;8.5;1.9
62;2021-03-14;9586;406;132610;28016;9.1;1.9
62;2021-03-15;3763;994;136373;29010;9.4;2.0
62;2021-03-16;2737;833;139110;29843;9.6;2.1
62;2021-03-17;2805;719;141915;30562;9.8;2.1
62;2021-03-18;2724;935;144639;31497;10.0;2.2
62;2021-03-19;4783;908;149422;32405;10.3;2.2
62;2021-03-20;11067;617;160489;33022;11.0;2.3
62;2021-03-21;9449;372;169938;33394;11.7;2.3
62;2021-03-22;2943;1089;172881;34483;11.9;2.4
62;2021-03-23;4996;1467;177877;35950;12.2;2.5
62;2021-03-24;4696;1361;182573;37311;12.6;2.6
62;2021-03-25;6555;1458;189128;38769;13.0;2.7
62;2021-03-26;7049;1488;196177;40257;13.5;2.8
62;2021-03-27;12592;749;208769;41006;14.4;2.8
62;2021-03-28;6941;287;215710;41293;14.8;2.8
62;2021-03-29;3472;1202;219182;42495;15.1;2.9
62;2021-03-30;4549;2201;223731;44696;15.4;3.1
62;2021-03-31;4223;2458;227954;47154;15.7;3.2
62;2021-04-01;4975;2759;232929;49913;16.0;3.4
62;2021-04-02;5067;3231;237996;53144;16.4;3.7
62;2021-04-03;8210;3346;246206;56490;16.9;3.9
62;2021-04-04;4582;1930;250788;58420;17.3;4.0
62;2021-04-05;944;461;251732;58881;17.3;4.1
62;2021-04-06;4125;3007;255857;61888;17.6;4.3
62;2021-04-07;5060;3501;260917;65389;18.0;4.5
62;2021-04-08;6489;3987;267406;69376;18.4;4.8
62;2021-04-09;7629;3477;275035;72853;18.9;5.0
62;2021-04-10;6635;8070;281670;80923;19.4;5.6
62;2021-04-11;2808;6881;284478;87804;19.6;6.0
62;2021-04-12;3423;2381;287901;90185;19.8;6.2
62;2021-04-13;6172;3165;294073;93350;20.2;6.4
62;2021-04-14;5306;3063;299379;96413;20.6;6.6
62;2021-04-15;5735;2984;305114;99397;21.0;6.8
62;2021-04-16;5420;3200;310534;102597;21.4;7.1
62;2021-04-17;4359;7356;314893;109953;21.7;7.6
62;2021-04-18;1956;6845;316849;116798;21.8;8.0
62;2021-04-19;2779;1933;319628;118731;22.0;8.2
62;2021-04-20;4150;3886;323778;122617;22.3;8.4
62;2021-04-21;3747;3986;327525;126603;22.5;8.7
62;2021-04-22;3949;5195;331474;131798;22.8;9.1
62;2021-04-23;4063;5319;335537;137117;23.1;9.4
62;2021-04-24;4403;6725;339940;143842;23.4;9.9
62;2021-04-25;1910;3498;341850;147340;23.5;10.1
62;2021-04-26;2224;2421;344074;149761;23.7;10.3
62;2021-04-27;4409;3751;348483;153512;24.0;10.6
62;2021-04-28;4589;4396;353072;157908;24.3;10.9
62;2021-04-29;4790;5849;357862;163757;24.6;11.3
62;2021-04-30;5214;5689;363076;169446;25.0;11.7
62;2021-05-01;5726;3472;368802;172918;25.4;11.9
62;2021-05-02;7828;3146;376630;176064;25.9;12.1
62;2021-05-03;4508;2337;381138;178401;26.2;12.3
62;2021-05-04;5396;4966;386534;183367;26.6;12.6
62;2021-05-05;4735;4824;391269;188191;26.9;13.0
62;2021-05-06;5622;4936;396891;193127;27.3;13.3
62;2021-05-07;7691;4657;404582;197784;27.8;13.6
62;2021-05-08;10658;2323;415240;200107;28.6;13.8
62;2021-05-09;8626;1639;423866;201746;29.2;13.9
62;2021-05-10;4867;4019;428733;205765;29.5;14.2
62;2021-05-11;6415;5038;435148;210803;30.0;14.5
62;2021-05-12;8623;4587;443771;215390;30.5;14.8
62;2021-05-13;9999;1491;453770;216881;31.2;14.9
62;2021-05-14;11881;3392;465651;220273;32.1;15.2
62;2021-05-15;19785;3291;485436;223564;33.4;15.4
62;2021-05-16;16397;1415;501833;224979;34.5;15.5
62;2021-05-17;8183;2659;510016;227638;35.1;15.7
62;2021-05-18;9325;3130;519341;230768;35.7;15.9
62;2021-05-19;8614;2927;527955;233695;36.3;16.1
62;2021-05-20;8342;3837;536297;237532;36.9;16.4
62;2021-05-21;9399;4216;545696;241748;37.6;16.6
62;2021-05-22;17876;3526;563572;245274;38.8;16.9
62;2021-05-23;12377;1162;575949;246436;39.6;17.0
62;2021-05-24;3910;586;579859;247022;39.9;17.0
62;2021-05-25;7221;4096;587080;251118;40.4;17.3
62;2021-05-26;6782;4913;593862;256031;40.9;17.6
62;2021-05-27;6382;5686;600244;261717;41.3;18.0
62;2021-05-28;6519;6730;606763;268447;41.8;18.5
62;2021-05-29;10852;5538;617615;273985;42.5;18.9
62;2021-05-30;4037;982;621652;274967;42.8;18.9
62;2021-05-31;4797;3947;626449;278914;43.1;19.2
62;2021-06-01;6521;6507;632970;285421;43.6;19.6
62;2021-06-02;7443;5812;640413;291233;44.1;20.0
62;2021-06-03;7859;5875;648272;297108;44.6;20.5
62;2021-06-04;7905;6235;656177;303343;45.2;20.9
62;2021-06-05;8275;6225;664452;309568;45.7;21.3
62;2021-06-06;3129;1289;667581;310857;46.0;21.4
62;2021-06-07;4623;3761;672204;314618;46.3;21.7
62;2021-06-08;6210;5903;678414;320521;46.7;22.1
62;2021-06-09;5498;4764;683912;325285;47.1;22.4
62;2021-06-10;5207;5865;689119;331150;47.4;22.8
62;2021-06-11;6213;8865;695332;340015;47.9;23.4
62;2021-06-12;5935;8642;701267;348657;48.3;24.0
62;2021-06-13;3228;3794;704495;352451;48.5;24.3
62;2021-06-14;2611;6771;707106;359222;48.7;24.7
62;2021-06-15;4675;8528;711781;367750;49.0;25.3
62;2021-06-16;5081;7429;716862;375179;49.3;25.8
62;2021-06-17;5234;8041;722096;383220;49.7;26.4
62;2021-06-18;4825;10489;726921;393709;50.0;27.1
62;2021-06-19;5798;13435;732719;407144;50.4;28.0
62;2021-06-20;2101;4369;734820;411513;50.6;28.3
62;2021-06-21;2975;8922;737795;420435;50.8;28.9
62;2021-06-22;3430;10168;741225;430603;51.0;29.6
62;2021-06-23;3388;10311;744613;440914;51.3;30.3
62;2021-06-24;3346;11782;747959;452696;51.5;31.2
62;2021-06-25;3726;15763;751685;468459;51.7;32.2
62;2021-06-26;3550;18423;755235;486882;52.0;33.5
62;2021-06-27;1121;9813;756356;496695;52.1;34.2
62;2021-06-28;1926;8865;758282;505560;52.2;34.8
62;2021-06-29;2974;11462;761256;517022;52.4;35.6
62;2021-06-30;4143;10812;765399;527834;52.7;36.3
62;2021-07-01;4482;10485;769881;538319;53.0;37.1
62;2021-07-02;4164;11976;774045;550295;53.3;37.9
62;2021-07-03;2997;18055;777042;568350;53.5;39.1
62;2021-07-04;1450;9196;778492;577546;53.6;39.8
62;2021-07-05;2416;6912;780908;584458;53.8;40.2
62;2021-07-06;3822;10012;784730;594470;54.0;40.9
62;2021-07-07;3916;8910;788646;603380;54.3;41.5
62;2021-07-08;5246;9085;793892;612465;54.6;42.2
62;2021-07-09;4470;10843;798362;623308;55.0;42.9
62;2021-07-10;4978;11892;803340;635200;55.3;43.7
62;2021-07-11;1337;2089;804677;637289;55.4;43.9
62;2021-07-12;2327;7134;807004;644423;55.5;44.4
62;2021-07-13;5177;12154;812181;656577;55.9;45.2
62;2021-07-14;3636;3162;815817;659739;56.2;45.4
62;2021-07-15;7586;11493;823403;671232;56.7;46.2
62;2021-07-16;7626;11041;831029;682273;57.2;47.0
62;2021-07-17;9729;10330;840758;692603;57.9;47.7
62;2021-07-18;2715;3457;843473;696060;58.1;47.9
62;2021-07-19;6014;7010;849487;703070;58.5;48.4
62;2021-07-20;7940;10719;857427;713789;59.0;49.1
62;2021-07-21;9777;9405;867204;723194;59.7;49.8
62;2021-07-22;9802;9012;877006;732206;60.4;50.4
62;2021-07-23;10633;8411;887639;740617;61.1;51.0
62;2021-07-24;9667;10318;897306;750935;61.8;51.7
62;2021-07-25;5549;1874;902855;752809;62.1;51.8
62;2021-07-26;6241;5384;909096;758193;62.6;52.2
62;2021-07-27;9854;8125;918950;766318;63.3;52.7
62;2021-07-28;10400;7488;929350;773806;64.0;53.3
62;2021-07-29;12005;7653;941355;781459;64.8;53.8
62;2021-07-30;9093;6287;950448;787746;65.4;54.2
62;2021-07-31;6639;4022;957087;791768;65.9;54.5
62;2021-08-01;2342;1103;959429;792871;66.0;54.6
62;2021-08-02;6867;4758;966296;797629;66.5;54.9
62;2021-08-03;8627;7473;974923;805102;67.1;55.4
62;2021-08-04;9495;5484;984418;810586;67.8;55.8
62;2021-08-05;8368;5626;992786;816212;68.3;56.2
62;2021-08-06;7323;5932;1000109;822144;68.8;56.6
62;2021-08-07;5494;4958;1005603;827102;69.2;56.9
62;2021-08-08;1875;1301;1007478;828403;69.3;57.0
62;2021-08-09;5259;5030;1012737;833433;69.7;57.4
62;2021-08-10;6222;7358;1018959;840791;70.1;57.9
62;2021-08-11;5415;7377;1024374;848168;70.5;58.4
62;2021-08-12;6001;7001;1030375;855169;70.9;58.9
62;2021-08-13;4509;6060;1034884;861229;71.2;59.3
62;2021-08-14;3831;6864;1038715;868093;71.5;59.8
62;2021-08-15;1138;1213;1039853;869306;71.6;59.8
62;2021-08-16;3179;5865;1043032;875171;71.8;60.2
62;2021-08-17;4170;7346;1047202;882517;72.1;60.7
62;2021-08-18;4348;7239;1051550;889756;72.4;61.2
62;2021-08-19;4350;8582;1055900;898338;72.7;61.8
62;2021-08-20;3373;8459;1059273;906797;72.9;62.4
62;2021-08-21;2457;9762;1061730;916559;73.1;63.1
62;2021-08-22;389;2815;1062119;919374;73.1;63.3
62;2021-08-23;2732;7827;1064851;927201;73.3;63.8
62;2021-08-24;3830;10408;1068681;937609;73.6;64.5
62;2021-08-25;3496;9202;1072177;946811;73.8;65.2
62;2021-08-26;3176;9772;1075353;956583;74.0;65.8
62;2021-08-27;2572;8824;1077925;965407;74.2;66.5
62;2021-08-28;2021;7997;1079946;973404;74.3;67.0
62;2021-08-29;862;2253;1080808;975657;74.4;67.2
62;2021-08-30;2032;7381;1082840;983038;74.5;67.7
62;2021-08-31;2126;8015;1084966;991053;74.7;68.2
62;2021-09-01;1803;6166;1086769;997219;74.8;68.6
62;2021-09-02;1838;6849;1088607;1004068;74.9;69.1
62;2021-09-03;2058;7431;1090665;1011499;75.1;69.6
62;2021-09-04;2116;6672;1092781;1018171;75.2;70.1
62;2021-09-05;311;1264;1093092;1019435;75.2;70.2
62;2021-09-06;1013;3808;1094105;1023243;75.3;70.4
62;2021-09-07;1225;4347;1095330;1027590;75.4;70.7
62;2021-09-08;1279;4552;1096609;1032142;75.5;71.0
62;2021-09-09;1265;4704;1097874;1036846;75.6;71.4
62;2021-09-10;1581;4965;1099455;1041811;75.7;71.7
62;2021-09-11;1263;4283;1100718;1046094;75.8;72.0
62;2021-09-12;199;546;1100917;1046640;75.8;72.0
62;2021-09-13;762;2755;1101679;1049395;75.8;72.2
62;2021-09-14;1219;4254;1102898;1053649;75.9;72.5
63;2020-12-27;0;0;0;0;0.0;0.0
63;2020-12-28;1;0;1;0;0.0;0.0
63;2020-12-29;0;0;1;0;0.0;0.0
63;2020-12-30;0;0;1;0;0.0;0.0
63;2020-12-31;0;0;1;0;0.0;0.0
63;2021-01-01;1;0;2;0;0.0;0.0
63;2021-01-02;0;0;2;0;0.0;0.0
63;2021-01-03;1;0;3;0;0.0;0.0
63;2021-01-04;0;0;3;0;0.0;0.0
63;2021-01-05;1;0;4;0;0.0;0.0
63;2021-01-06;4;1;8;1;0.0;0.0
63;2021-01-07;310;0;318;1;0.0;0.0
63;2021-01-08;216;0;534;1;0.1;0.0
63;2021-01-09;91;0;625;1;0.1;0.0
63;2021-01-10;82;0;707;1;0.1;0.0
63;2021-01-11;431;2;1138;3;0.2;0.0
63;2021-01-12;661;1;1799;4;0.3;0.0
63;2021-01-13;873;2;2672;6;0.4;0.0
63;2021-01-14;546;8;3218;14;0.5;0.0
63;2021-01-15;431;3;3649;17;0.6;0.0
63;2021-01-16;157;0;3806;17;0.6;0.0
63;2021-01-17;133;0;3939;17;0.6;0.0
63;2021-01-18;632;2;4571;19;0.7;0.0
63;2021-01-19;866;1;5437;20;0.8;0.0
63;2021-01-20;1069;1;6506;21;1.0;0.0
63;2021-01-21;1015;3;7521;24;1.1;0.0
63;2021-01-22;968;3;8489;27;1.3;0.0
63;2021-01-23;192;0;8681;27;1.3;0.0
63;2021-01-24;164;1;8845;28;1.3;0.0
63;2021-01-25;829;0;9674;28;1.5;0.0
63;2021-01-26;972;2;10646;30;1.6;0.0
63;2021-01-27;1003;4;11649;34;1.8;0.0
63;2021-01-28;1321;67;12970;101;2.0;0.0
63;2021-01-29;1067;62;14037;163;2.1;0.0
63;2021-01-30;68;0;14105;163;2.1;0.0
63;2021-01-31;6;0;14111;163;2.1;0.0
63;2021-02-01;575;162;14686;325;2.2;0.0
63;2021-02-02;885;219;15571;544;2.4;0.1
63;2021-02-03;1474;269;17045;813;2.6;0.1
63;2021-02-04;2120;487;19165;1300;2.9;0.2
63;2021-02-05;1145;253;20310;1553;3.1;0.2
63;2021-02-06;117;0;20427;1553;3.1;0.2
63;2021-02-07;9;1;20436;1554;3.1;0.2
63;2021-02-08;538;345;20974;1899;3.2;0.3
63;2021-02-09;671;359;21645;2258;3.3;0.3
63;2021-02-10;608;508;22253;2766;3.4;0.4
63;2021-02-11;751;404;23004;3170;3.5;0.5
63;2021-02-12;820;730;23824;3900;3.6;0.6
63;2021-02-13;82;1;23906;3901;3.6;0.6
63;2021-02-14;0;57;23906;3958;3.6;0.6
63;2021-02-15;202;620;24108;4578;3.7;0.7
63;2021-02-16;409;952;24517;5530;3.7;0.8
63;2021-02-17;353;666;24870;6196;3.8;0.9
63;2021-02-18;607;659;25477;6855;3.9;1.0
63;2021-02-19;449;764;25926;7619;3.9;1.2
63;2021-02-20;35;17;25961;7636;3.9;1.2
63;2021-02-21;2;9;25963;7645;3.9;1.2
63;2021-02-22;291;690;26254;8335;4.0;1.3
63;2021-02-23;580;881;26834;9216;4.1;1.4
63;2021-02-24;696;1201;27530;10417;4.2;1.6
63;2021-02-25;1603;1438;29133;11855;4.4;1.8
63;2021-02-26;1625;1196;30758;13051;4.7;2.0
63;2021-02-27;642;65;31400;13116;4.8;2.0
63;2021-02-28;4;177;31404;13293;4.8;2.0
63;2021-03-01;586;403;31990;13696;4.8;2.1
63;2021-03-02;906;652;32896;14348;5.0;2.2
63;2021-03-03;1036;590;33932;14938;5.1;2.3
63;2021-03-04;1753;423;35685;15361;5.4;2.3
63;2021-03-05;2612;619;38297;15980;5.8;2.4
63;2021-03-06;1551;53;39848;16033;6.0;2.4
63;2021-03-07;513;19;40361;16052;6.1;2.4
63;2021-03-08;967;564;41328;16616;6.3;2.5
63;2021-03-09;1538;903;42866;17519;6.5;2.7
63;2021-03-10;1653;544;44519;18063;6.7;2.7
63;2021-03-11;3053;851;47572;18914;7.2;2.9
63;2021-03-12;3514;378;51086;19292;7.7;2.9
63;2021-03-13;2049;81;53135;19373;8.0;2.9
63;2021-03-14;61;21;53196;19394;8.1;2.9
63;2021-03-15;1766;359;54962;19753;8.3;3.0
63;2021-03-16;1746;389;56708;20142;8.6;3.1
63;2021-03-17;1642;651;58350;20793;8.8;3.1
63;2021-03-18;1941;729;60291;21522;9.1;3.3
63;2021-03-19;2742;482;63033;22004;9.5;3.3
63;2021-03-20;1121;66;64154;22070;9.7;3.3
63;2021-03-21;50;45;64204;22115;9.7;3.3
63;2021-03-22;1985;253;66189;22368;10.0;3.4
63;2021-03-23;2886;342;69075;22710;10.5;3.4
63;2021-03-24;3222;343;72297;23053;11.0;3.5
63;2021-03-25;4599;389;76896;23442;11.6;3.6
63;2021-03-26;4691;544;81587;23986;12.4;3.6
63;2021-03-27;2455;232;84042;24218;12.7;3.7
63;2021-03-28;1047;83;85089;24301;12.9;3.7
63;2021-03-29;2480;513;87569;24814;13.3;3.8
63;2021-03-30;3284;627;90853;25441;13.8;3.9
63;2021-03-31;2968;744;93821;26185;14.2;4.0
63;2021-04-01;3844;520;97665;26705;14.8;4.0
63;2021-04-02;3483;711;101148;27416;15.3;4.2
63;2021-04-03;1174;181;102322;27597;15.5;4.2
63;2021-04-04;877;28;103199;27625;15.6;4.2
63;2021-04-05;802;85;104001;27710;15.8;4.2
63;2021-04-06;2477;940;106478;28650;16.1;4.3
63;2021-04-07;3209;872;109687;29522;16.6;4.5
63;2021-04-08;4722;1220;114409;30742;17.3;4.7
63;2021-04-09;5314;997;119723;31739;18.1;4.8
63;2021-04-10;2221;481;121944;32220;18.5;4.9
63;2021-04-11;834;39;122778;32259;18.6;4.9
63;2021-04-12;1597;1309;124375;33568;18.8;5.1
63;2021-04-13;1986;1961;126361;35529;19.1;5.4
63;2021-04-14;2630;1437;128991;36966;19.5;5.6
63;2021-04-15;3809;1541;132800;38507;20.1;5.8
63;2021-04-16;2841;2156;135641;40663;20.5;6.2
63;2021-04-17;1233;672;136874;41335;20.7;6.3
63;2021-04-18;803;61;137677;41396;20.9;6.3
63;2021-04-19;1656;2099;139333;43495;21.1;6.6
63;2021-04-20;1702;2298;141035;45793;21.4;6.9
63;2021-04-21;1518;2406;142553;48199;21.6;7.3
63;2021-04-22;1915;2259;144468;50458;21.9;7.6
63;2021-04-23;2018;3110;146486;53568;22.2;8.1
63;2021-04-24;1192;1126;147678;54694;22.4;8.3
63;2021-04-25;554;412;148232;55106;22.5;8.3
63;2021-04-26;1438;2240;149670;57346;22.7;8.7
63;2021-04-27;2327;2607;151997;59953;23.0;9.1
63;2021-04-28;2347;3157;154344;63110;23.4;9.6
63;2021-04-29;2881;2807;157225;65917;23.8;10.0
63;2021-04-30;2862;2803;160087;68720;24.2;10.4
63;2021-05-01;1128;1051;161215;69771;24.4;10.6
63;2021-05-02;897;639;162112;70410;24.6;10.7
63;2021-05-03;2685;2232;164797;72642;25.0;11.0
63;2021-05-04;2879;2688;167676;75330;25.4;11.4
63;2021-05-05;2936;3117;170612;78447;25.8;11.9
63;2021-05-06;3671;3049;174283;81496;26.4;12.3
63;2021-05-07;4033;3524;178316;85020;27.0;12.9
63;2021-05-08;2000;653;180316;85673;27.3;13.0
63;2021-05-09;1802;606;182118;86279;27.6;13.1
63;2021-05-10;4196;2760;186314;89039;28.2;13.5
63;2021-05-11;5338;2758;191652;91797;29.0;13.9
63;2021-05-12;5270;2903;196922;94700;29.8;14.3
63;2021-05-13;4132;699;201054;95399;30.5;14.4
63;2021-05-14;4772;1510;205826;96909;31.2;14.7
63;2021-05-15;3724;986;209550;97895;31.7;14.8
63;2021-05-16;3521;447;213071;98342;32.3;14.9
63;2021-05-17;3899;1991;216970;100333;32.9;15.2
63;2021-05-18;5120;1610;222090;101943;33.6;15.4
63;2021-05-19;5222;1626;227312;103569;34.4;15.7
63;2021-05-20;6801;2088;234113;105657;35.5;16.0
63;2021-05-21;6254;2328;240367;107985;36.4;16.4
63;2021-05-22;3353;848;243720;108833;36.9;16.5
63;2021-05-23;2385;245;246105;109078;37.3;16.5
63;2021-05-24;2639;580;248744;109658;37.7;16.6
63;2021-05-25;4269;2641;253013;112299;38.3;17.0
63;2021-05-26;5451;2418;258464;114717;39.1;17.4
63;2021-05-27;6503;2799;264967;117516;40.1;17.8
63;2021-05-28;5420;3874;270387;121390;41.0;18.4
63;2021-05-29;3360;1499;273747;122889;41.5;18.6
63;2021-05-30;1579;217;275326;123106;41.7;18.6
63;2021-05-31;4154;2282;279480;125388;42.3;19.0
63;2021-06-01;3806;2946;283286;128334;42.9;19.4
63;2021-06-02;3888;2522;287174;130856;43.5;19.8
63;2021-06-03;4904;3135;292078;133991;44.2;20.3
63;2021-06-04;5100;3617;297178;137608;45.0;20.8
63;2021-06-05;2816;1742;299994;139350;45.4;21.1
63;2021-06-06;1308;697;301302;140047;45.6;21.2
63;2021-06-07;3165;2513;304467;142560;46.1;21.6
63;2021-06-08;2880;2745;307347;145305;46.6;22.0
63;2021-06-09;3026;2267;310373;147572;47.0;22.4
63;2021-06-10;3226;2688;313599;150260;47.5;22.8
63;2021-06-11;3100;4044;316699;154304;48.0;23.4
63;2021-06-12;1638;1969;318337;156273;48.2;23.7
63;2021-06-13;482;1098;318819;157371;48.3;23.8
63;2021-06-14;1826;3472;320645;160843;48.6;24.4
63;2021-06-15;2210;3476;322855;164319;48.9;24.9
63;2021-06-16;2575;3313;325430;167632;49.3;25.4
63;2021-06-17;2400;4314;327830;171946;49.7;26.0
63;2021-06-18;2479;5825;330309;177771;50.0;26.9
63;2021-06-19;1643;2835;331952;180606;50.3;27.4
63;2021-06-20;677;2441;332629;183047;50.4;27.7
63;2021-06-21;1272;5387;333901;188434;50.6;28.5
63;2021-06-22;1233;5537;335134;193971;50.8;29.4
63;2021-06-23;1530;4765;336664;198736;51.0;30.1
63;2021-06-24;1925;5384;338589;204120;51.3;30.9
63;2021-06-25;1752;5893;340341;210013;51.5;31.8
63;2021-06-26;1073;3351;341414;213364;51.7;32.3
63;2021-06-27;713;3487;342127;216851;51.8;32.8
63;2021-06-28;1137;5663;343264;222514;52.0;33.7
63;2021-06-29;1225;5159;344489;227673;52.2;34.5
63;2021-06-30;1603;5291;346092;232964;52.4;35.3
63;2021-07-01;1916;8061;348008;241025;52.7;36.5
63;2021-07-02;2061;6542;350069;247567;53.0;37.5
63;2021-07-03;963;2925;351032;250492;53.2;37.9
63;2021-07-04;1066;1885;352098;252377;53.3;38.2
63;2021-07-05;1539;6280;353637;258657;53.6;39.2
63;2021-07-06;1603;4804;355240;263461;53.8;39.9
63;2021-07-07;1976;4086;357216;267547;54.1;40.5
63;2021-07-08;2207;4579;359423;272126;54.4;41.2
63;2021-07-09;1926;5720;361349;277846;54.7;42.1
63;2021-07-10;1536;3415;362885;281261;55.0;42.6
63;2021-07-11;910;1537;363795;282798;55.1;42.8
63;2021-07-12;1595;8703;365390;291501;55.3;44.2
63;2021-07-13;3602;6135;368992;297636;55.9;45.1
63;2021-07-14;3618;1790;372610;299426;56.4;45.4
63;2021-07-15;4415;5029;377025;304455;57.1;46.1
63;2021-07-16;4694;5782;381719;310237;57.8;47.0
63;2021-07-17;3013;2473;384732;312710;58.3;47.4
63;2021-07-18;2826;1089;387558;313799;58.7;47.5
63;2021-07-19;4002;4843;391560;318642;59.3;48.3
63;2021-07-20;4740;5454;396300;324096;60.0;49.1
63;2021-07-21;4793;3975;401093;328071;60.7;49.7
63;2021-07-22;5510;4397;406603;332468;61.6;50.4
63;2021-07-23;5160;4651;411763;337119;62.4;51.1
63;2021-07-24;3677;1951;415440;339070;62.9;51.4
63;2021-07-25;3065;1438;418505;340508;63.4;51.6
63;2021-07-26;4040;3226;422545;343734;64.0;52.1
63;2021-07-27;3934;3161;426479;346895;64.6;52.5
63;2021-07-28;3857;2717;430336;349612;65.2;53.0
63;2021-07-29;4455;3159;434791;352771;65.9;53.4
63;2021-07-30;3817;3573;438608;356344;66.4;54.0
63;2021-07-31;2161;1718;440769;358062;66.8;54.2
63;2021-08-01;1197;836;441966;358898;66.9;54.4
63;2021-08-02;2234;3068;444200;361966;67.3;54.8
63;2021-08-03;2740;3252;446940;365218;67.7;55.3
63;2021-08-04;2818;3244;449758;368462;68.1;55.8
63;2021-08-05;2446;3472;452204;371934;68.5;56.3
63;2021-08-06;2357;4151;454561;376085;68.8;57.0
63;2021-08-07;1308;2806;455869;378891;69.0;57.4
63;2021-08-08;324;1205;456193;380096;69.1;57.6
63;2021-08-09;1897;4221;458090;384317;69.4;58.2
63;2021-08-10;2298;3993;460388;388310;69.7;58.8
63;2021-08-11;2138;3627;462526;391937;70.1;59.4
63;2021-08-12;1949;4623;464475;396560;70.3;60.1
63;2021-08-13;1685;4009;466160;400569;70.6;60.7
63;2021-08-14;842;3236;467002;403805;70.7;61.2
63;2021-08-15;184;1451;467186;405256;70.8;61.4
63;2021-08-16;1259;4398;468445;409654;71.0;62.0
63;2021-08-17;1630;4051;470075;413705;71.2;62.7
63;2021-08-18;1467;3303;471542;417008;71.4;63.2
63;2021-08-19;1365;3445;472907;420453;71.6;63.7
63;2021-08-20;1376;3710;474283;424163;71.8;64.2
63;2021-08-21;674;2165;474957;426328;71.9;64.6
63;2021-08-22;212;1092;475169;427420;72.0;64.7
63;2021-08-23;1067;3591;476236;431011;72.1;65.3
63;2021-08-24;1084;2988;477320;433999;72.3;65.7
63;2021-08-25;1001;2790;478321;436789;72.4;66.2
63;2021-08-26;1125;2704;479446;439493;72.6;66.6
63;2021-08-27;1143;3160;480589;442653;72.8;67.0
63;2021-08-28;696;1708;481285;444361;72.9;67.3
63;2021-08-29;107;577;481392;444938;72.9;67.4
63;2021-08-30;786;2443;482178;447381;73.0;67.8
63;2021-08-31;985;2564;483163;449945;73.2;68.1
63;2021-09-01;916;2137;484079;452082;73.3;68.5
63;2021-09-02;816;2195;484895;454277;73.4;68.8
63;2021-09-03;903;2662;485798;456939;73.6;69.2
63;2021-09-04;708;1536;486506;458475;73.7;69.4
63;2021-09-05;80;273;486586;458748;73.7;69.5
63;2021-09-06;556;1608;487142;460356;73.8;69.7
63;2021-09-07;655;1736;487797;462092;73.9;70.0
63;2021-09-08;703;1786;488500;463878;74.0;70.3
63;2021-09-09;587;1648;489087;465526;74.1;70.5
63;2021-09-10;729;2126;489816;467652;74.2;70.8
63;2021-09-11;454;1119;490270;468771;74.3;71.0
63;2021-09-12;49;159;490319;468930;74.3;71.0
63;2021-09-13;456;1467;490775;470397;74.3;71.2
63;2021-09-14;516;1409;491291;471806;74.4;71.5
64;2020-12-27;1;0;1;0;0.0;0.0
64;2020-12-28;2;0;3;0;0.0;0.0
64;2020-12-29;0;0;3;0;0.0;0.0
64;2020-12-30;0;0;3;0;0.0;0.0
64;2020-12-31;0;0;3;0;0.0;0.0
64;2021-01-01;0;0;3;0;0.0;0.0
64;2021-01-02;0;0;3;0;0.0;0.0
64;2021-01-03;0;0;3;0;0.0;0.0
64;2021-01-04;29;0;32;0;0.0;0.0
64;2021-01-05;25;0;57;0;0.0;0.0
64;2021-01-06;188;0;245;0;0.0;0.0
64;2021-01-07;842;1;1087;1;0.2;0.0
64;2021-01-08;880;2;1967;3;0.3;0.0
64;2021-01-09;54;0;2021;3;0.3;0.0
64;2021-01-10;2;0;2023;3;0.3;0.0
64;2021-01-11;543;0;2566;3;0.4;0.0
64;2021-01-12;760;3;3326;6;0.5;0.0
64;2021-01-13;866;2;4192;8;0.6;0.0
64;2021-01-14;1046;3;5238;11;0.8;0.0
64;2021-01-15;929;3;6167;14;0.9;0.0
64;2021-01-16;70;0;6237;14;0.9;0.0
64;2021-01-17;5;0;6242;14;0.9;0.0
64;2021-01-18;942;5;7184;19;1.1;0.0
64;2021-01-19;1448;2;8632;21;1.3;0.0
64;2021-01-20;1617;3;10249;24;1.5;0.0
64;2021-01-21;2604;1;12853;25;1.9;0.0
64;2021-01-22;1651;3;14504;28;2.1;0.0
64;2021-01-23;524;1;15028;29;2.2;0.0
64;2021-01-24;89;0;15117;29;2.2;0.0
64;2021-01-25;974;7;16091;36;2.4;0.0
64;2021-01-26;1358;21;17449;57;2.6;0.0
64;2021-01-27;1243;114;18692;171;2.7;0.0
64;2021-01-28;1649;603;20341;774;3.0;0.1
64;2021-01-29;973;604;21314;1378;3.1;0.2
64;2021-01-30;468;54;21782;1432;3.2;0.2
64;2021-01-31;92;0;21874;1432;3.2;0.2
64;2021-02-01;674;287;22548;1719;3.3;0.3
64;2021-02-02;1134;523;23682;2242;3.5;0.3
64;2021-02-03;1043;603;24725;2845;3.6;0.4
64;2021-02-04;1027;510;25752;3355;3.8;0.5
64;2021-02-05;868;445;26620;3800;3.9;0.6
64;2021-02-06;501;32;27121;3832;4.0;0.6
64;2021-02-07;131;3;27252;3835;4.0;0.6
64;2021-02-08;769;276;28021;4111;4.1;0.6
64;2021-02-09;948;657;28969;4768;4.2;0.7
64;2021-02-10;916;709;29885;5477;4.4;0.8
64;2021-02-11;1200;1241;31085;6718;4.6;1.0
64;2021-02-12;1076;964;32161;7682;4.7;1.1
64;2021-02-13;225;214;32386;7896;4.7;1.2
64;2021-02-14;38;26;32424;7922;4.7;1.2
64;2021-02-15;221;855;32645;8777;4.8;1.3
64;2021-02-16;260;1136;32905;9913;4.8;1.5
64;2021-02-17;290;992;33195;10905;4.9;1.6
64;2021-02-18;508;1460;33703;12365;4.9;1.8
64;2021-02-19;415;1036;34118;13401;5.0;2.0
64;2021-02-20;119;316;34237;13717;5.0;2.0
64;2021-02-21;20;66;34257;13783;5.0;2.0
64;2021-02-22;477;773;34734;14556;5.1;2.1
64;2021-02-23;721;904;35455;15460;5.2;2.3
64;2021-02-24;732;821;36187;16281;5.3;2.4
64;2021-02-25;1094;772;37281;17053;5.5;2.5
64;2021-02-26;1216;741;38497;17794;5.6;2.6
64;2021-02-27;864;303;39361;18097;5.8;2.6
64;2021-02-28;42;58;39403;18155;5.8;2.7
64;2021-03-01;767;630;40170;18785;5.9;2.7
64;2021-03-02;1079;757;41249;19542;6.0;2.9
64;2021-03-03;1251;861;42500;20403;6.2;3.0
64;2021-03-04;1880;1066;44380;21469;6.5;3.1
64;2021-03-05;2198;923;46578;22392;6.8;3.3
64;2021-03-06;1543;457;48121;22849;7.0;3.3
64;2021-03-07;596;85;48717;22934;7.1;3.4
64;2021-03-08;1535;678;50252;23612;7.4;3.5
64;2021-03-09;2069;760;52321;24372;7.7;3.6
64;2021-03-10;2082;689;54403;25061;8.0;3.7
64;2021-03-11;2974;994;57377;26055;8.4;3.8
64;2021-03-12;3487;565;60864;26620;8.9;3.9
64;2021-03-13;2258;159;63122;26779;9.2;3.9
64;2021-03-14;233;15;63355;26794;9.3;3.9
64;2021-03-15;2337;221;65692;27015;9.6;4.0
64;2021-03-16;1993;258;67685;27273;9.9;4.0
64;2021-03-17;2072;236;69757;27509;10.2;4.0
64;2021-03-18;2464;205;72221;27714;10.6;4.1
64;2021-03-19;3013;277;75234;27991;11.0;4.1
64;2021-03-20;2469;92;77703;28083;11.4;4.1
64;2021-03-21;1280;27;78983;28110;11.6;4.1
64;2021-03-22;2589;539;81572;28649;11.9;4.2
64;2021-03-23;3198;644;84770;29293;12.4;4.3
64;2021-03-24;3564;694;88334;29987;12.9;4.4
64;2021-03-25;4351;792;92685;30779;13.6;4.5
64;2021-03-26;4429;693;97114;31472;14.2;4.6
64;2021-03-27;2973;429;100087;31901;14.7;4.7
64;2021-03-28;521;55;100608;31956;14.7;4.7
64;2021-03-29;3028;873;103636;32829;15.2;4.8
64;2021-03-30;4136;862;107772;33691;15.8;4.9
64;2021-03-31;3593;784;111365;34475;16.3;5.0
64;2021-04-01;4783;936;116148;35411;17.0;5.2
64;2021-04-02;4445;743;120593;36154;17.7;5.3
64;2021-04-03;2060;583;122653;36737;18.0;5.4
64;2021-04-04;309;48;122962;36785;18.0;5.4
64;2021-04-05;1689;143;124651;36928;18.2;5.4
64;2021-04-06;3654;1387;128305;38315;18.8;5.6
64;2021-04-07;3948;1507;132253;39822;19.4;5.8
64;2021-04-08;5195;1591;137448;41413;20.1;6.1
64;2021-04-09;5900;1635;143348;43048;21.0;6.3
64;2021-04-10;3224;1047;146572;44095;21.5;6.5
64;2021-04-11;448;250;147020;44345;21.5;6.5
64;2021-04-12;4047;1864;151067;46209;22.1;6.8
64;2021-04-13;4466;2158;155533;48367;22.8;7.1
64;2021-04-14;4089;2133;159622;50500;23.4;7.4
64;2021-04-15;4396;2291;164018;52791;24.0;7.7
64;2021-04-16;4298;2253;168316;55044;24.6;8.1
64;2021-04-17;2480;1496;170796;56540;25.0;8.3
64;2021-04-18;1096;1181;171892;57721;25.2;8.4
64;2021-04-19;2735;2439;174627;60160;25.6;8.8
64;2021-04-20;3210;2425;177837;62585;26.0;9.2
64;2021-04-21;3225;2559;181062;65144;26.5;9.5
64;2021-04-22;3389;2775;184451;67919;27.0;9.9
64;2021-04-23;3434;2612;187885;70531;27.5;10.3
64;2021-04-24;2068;1586;189953;72117;27.8;10.6
64;2021-04-25;290;235;190243;72352;27.8;10.6
64;2021-04-26;2661;2644;192904;74996;28.2;11.0
64;2021-04-27;3061;3127;195965;78123;28.7;11.4
64;2021-04-28;3605;3053;199570;81176;29.2;11.9
64;2021-04-29;4653;3456;204223;84632;29.9;12.4
64;2021-04-30;4086;3599;208309;88231;30.5;12.9
64;2021-05-01;1485;1030;209794;89261;30.7;13.1
64;2021-05-02;446;325;210240;89586;30.8;13.1
64;2021-05-03;2909;3520;213149;93106;31.2;13.6
64;2021-05-04;3648;3980;216797;97086;31.7;14.2
64;2021-05-05;3360;4009;220157;101095;32.2;14.8
64;2021-05-06;4110;3989;224267;105084;32.8;15.4
64;2021-05-07;3922;4186;228189;109270;33.4;16.0
64;2021-05-08;2621;1236;230810;110506;33.8;16.2
64;2021-05-09;720;305;231530;110811;33.9;16.2
64;2021-05-10;2862;4231;234392;115042;34.3;16.8
64;2021-05-11;4186;4139;238578;119181;34.9;17.4
64;2021-05-12;4488;3940;243066;123121;35.6;18.0
64;2021-05-13;3199;885;246265;124006;36.0;18.2
64;2021-05-14;5153;3149;251418;127155;36.8;18.6
64;2021-05-15;3526;1865;254944;129020;37.3;18.9
64;2021-05-16;498;225;255442;129245;37.4;18.9
64;2021-05-17;4193;2387;259635;131632;38.0;19.3
64;2021-05-18;5165;2298;264800;133930;38.8;19.6
64;2021-05-19;4978;2163;269778;136093;39.5;19.9
64;2021-05-20;5570;2159;275348;138252;40.3;20.2
64;2021-05-21;5271;2245;280619;140497;41.1;20.6
64;2021-05-22;3582;1508;284201;142005;41.6;20.8
64;2021-05-23;431;206;284632;142211;41.7;20.8
64;2021-05-24;2997;1231;287629;143442;42.1;21.0
64;2021-05-25;4334;2849;291963;146291;42.7;21.4
64;2021-05-26;4356;2713;296319;149004;43.4;21.8
64;2021-05-27;5285;3156;301604;152160;44.1;22.3
64;2021-05-28;4620;3432;306224;155592;44.8;22.8
64;2021-05-29;2811;2111;309035;157703;45.2;23.1
64;2021-05-30;439;203;309474;157906;45.3;23.1
64;2021-05-31;3890;3660;313364;161566;45.9;23.6
64;2021-06-01;5339;3565;318703;165131;46.7;24.2
64;2021-06-02;4934;3175;323637;168306;47.4;24.6
64;2021-06-03;6367;3254;330004;171560;48.3;25.1
64;2021-06-04;5151;4551;335155;176111;49.1;25.8
64;2021-06-05;3485;2521;338640;178632;49.6;26.1
64;2021-06-06;2014;328;340654;178960;49.9;26.2
64;2021-06-07;4130;4332;344784;183292;50.5;26.8
64;2021-06-08;5155;4118;349939;187410;51.2;27.4
64;2021-06-09;5153;3655;355092;191065;52.0;28.0
64;2021-06-10;6182;3145;361274;194210;52.9;28.4
64;2021-06-11;5591;4872;366865;199082;53.7;29.1
64;2021-06-12;3950;2329;370815;201411;54.3;29.5
64;2021-06-13;1556;392;372371;201803;54.5;29.5
64;2021-06-14;3671;4792;376042;206595;55.0;30.2
64;2021-06-15;4574;4708;380616;211303;55.7;30.9
64;2021-06-16;4471;4665;385087;215968;56.4;31.6
64;2021-06-17;3643;4305;388730;220273;56.9;32.2
64;2021-06-18;4425;5168;393155;225441;57.5;33.0
64;2021-06-19;2985;3281;396140;228722;58.0;33.5
64;2021-06-20;881;539;397021;229261;58.1;33.6
64;2021-06-21;2315;5124;399336;234385;58.5;34.3
64;2021-06-22;2559;5728;401895;240113;58.8;35.1
64;2021-06-23;3105;5482;405000;245595;59.3;35.9
64;2021-06-24;2720;3809;407720;249404;59.7;36.5
64;2021-06-25;2903;6437;410623;255841;60.1;37.4
64;2021-06-26;1799;3837;412422;259678;60.4;38.0
64;2021-06-27;492;713;412914;260391;60.4;38.1
64;2021-06-28;1937;6069;414851;266460;60.7;39.0
64;2021-06-29;1966;6266;416817;272726;61.0;39.9
64;2021-06-30;2255;6001;419072;278727;61.3;40.8
64;2021-07-01;2413;5345;421485;284072;61.7;41.6
64;2021-07-02;2305;6403;423790;290475;62.0;42.5
64;2021-07-03;1263;3782;425053;294257;62.2;43.1
64;2021-07-04;411;847;425464;295104;62.3;43.2
64;2021-07-05;1379;5407;426843;300511;62.5;44.0
64;2021-07-06;1997;6150;428840;306661;62.8;44.9
64;2021-07-07;2065;5752;430905;312413;63.1;45.7
64;2021-07-08;1802;4398;432707;316811;63.3;46.4
64;2021-07-09;1824;6540;434531;323351;63.6;47.3
64;2021-07-10;1171;3881;435702;327232;63.8;47.9
64;2021-07-11;253;860;435955;328092;63.8;48.0
64;2021-07-12;1502;6089;437457;334181;64.0;48.9
64;2021-07-13;2366;7250;439823;341431;64.4;50.0
64;2021-07-14;2372;3406;442195;344837;64.7;50.5
64;2021-07-15;2104;5483;444299;350320;65.0;51.3
64;2021-07-16;2848;6774;447147;357094;65.5;52.3
64;2021-07-17;2338;4586;449485;361680;65.8;52.9
64;2021-07-18;716;2050;450201;363730;65.9;53.2
64;2021-07-19;2352;6123;452553;369853;66.2;54.1
64;2021-07-20;3127;6556;455680;376409;66.7;55.1
64;2021-07-21;3346;6047;459026;382456;67.2;56.0
64;2021-07-22;3816;5717;462842;388173;67.7;56.8
64;2021-07-23;3726;5618;466568;393791;68.3;57.6
64;2021-07-24;2551;4428;469119;398219;68.7;58.3
64;2021-07-25;753;1062;469872;399281;68.8;58.4
64;2021-07-26;3089;5132;472961;404413;69.2;59.2
64;2021-07-27;4265;5144;477226;409557;69.9;59.9
64;2021-07-28;4316;4594;481542;414151;70.5;60.6
64;2021-07-29;5520;3904;487062;418055;71.3;61.2
64;2021-07-30;5150;4223;492212;422278;72.0;61.8
64;2021-07-31;3173;3347;495385;425625;72.5;62.3
64;2021-08-01;1145;588;496530;426213;72.7;62.4
64;2021-08-02;4357;2631;500887;428844;73.3;62.8
64;2021-08-03;4554;3174;505441;432018;74.0;63.2
64;2021-08-04;4130;2997;509571;435015;74.6;63.7
64;2021-08-05;4022;2611;513593;437626;75.2;64.1
64;2021-08-06;3839;3336;517432;440962;75.7;64.5
64;2021-08-07;2482;2700;519914;443662;76.1;64.9
64;2021-08-08;492;609;520406;444271;76.2;65.0
64;2021-08-09;2736;3200;523142;447471;76.6;65.5
64;2021-08-10;3348;3433;526490;450904;77.1;66.0
64;2021-08-11;3064;3263;529554;454167;77.5;66.5
64;2021-08-12;3188;3301;532742;457468;78.0;67.0
64;2021-08-13;2574;3656;535316;461124;78.4;67.5
64;2021-08-14;1628;2680;536944;463804;78.6;67.9
64;2021-08-15;207;691;537151;464495;78.6;68.0
64;2021-08-16;2102;3233;539253;467728;78.9;68.5
64;2021-08-17;2293;3705;541546;471433;79.3;69.0
64;2021-08-18;2041;3518;543587;474951;79.6;69.5
64;2021-08-19;1934;3523;545521;478474;79.9;70.0
64;2021-08-20;1577;3975;547098;482449;80.1;70.6
64;2021-08-21;973;2881;548071;485330;80.2;71.0
64;2021-08-22;160;894;548231;486224;80.2;71.2
64;2021-08-23;1265;3237;549496;489461;80.4;71.6
64;2021-08-24;1370;4592;550866;494053;80.6;72.3
64;2021-08-25;1253;3744;552119;497797;80.8;72.9
64;2021-08-26;1102;3532;553221;501329;81.0;73.4
64;2021-08-27;1186;4225;554407;505554;81.2;74.0
64;2021-08-28;730;2497;555137;508051;81.3;74.4
64;2021-08-29;90;533;555227;508584;81.3;74.4
64;2021-08-30;984;3610;556211;512194;81.4;75.0
64;2021-08-31;989;3972;557200;516166;81.6;75.6
64;2021-09-01;913;3192;558113;519358;81.7;76.0
64;2021-09-02;892;3260;559005;522618;81.8;76.5
64;2021-09-03;867;3200;559872;525818;82.0;77.0
64;2021-09-04;694;2242;560566;528060;82.1;77.3
64;2021-09-05;74;267;560640;528327;82.1;77.3
64;2021-09-06;527;2582;561167;530909;82.1;77.7
64;2021-09-07;709;2337;561876;533246;82.2;78.1
64;2021-09-08;731;2830;562607;536076;82.4;78.5
64;2021-09-09;473;2162;563080;538238;82.4;78.8
64;2021-09-10;740;2472;563820;540710;82.5;79.1
64;2021-09-11;592;2134;564412;542844;82.6;79.5
64;2021-09-12;60;211;564472;543055;82.6;79.5
64;2021-09-13;435;1915;564907;544970;82.7;79.8
64;2021-09-14;484;1924;565391;546894;82.8;80.1
65;2020-12-27;0;0;0;0;0.0;0.0
65;2020-12-28;1;0;1;0;0.0;0.0
65;2020-12-29;0;0;1;0;0.0;0.0
65;2020-12-30;0;0;1;0;0.0;0.0
65;2020-12-31;0;0;1;0;0.0;0.0
65;2021-01-01;1;0;2;0;0.0;0.0
65;2021-01-02;0;0;2;0;0.0;0.0
65;2021-01-03;0;0;2;0;0.0;0.0
65;2021-01-04;0;0;2;0;0.0;0.0
65;2021-01-05;1;0;3;0;0.0;0.0
65;2021-01-06;3;0;6;0;0.0;0.0
65;2021-01-07;167;0;173;0;0.1;0.0
65;2021-01-08;253;1;426;1;0.2;0.0
65;2021-01-09;177;1;603;2;0.3;0.0
65;2021-01-10;1;0;604;2;0.3;0.0
65;2021-01-11;275;3;879;5;0.4;0.0
65;2021-01-12;272;1;1151;6;0.5;0.0
65;2021-01-13;587;1;1738;7;0.8;0.0
65;2021-01-14;579;5;2317;12;1.0;0.0
65;2021-01-15;527;2;2844;14;1.3;0.0
65;2021-01-16;221;2;3065;16;1.4;0.0
65;2021-01-17;1;0;3066;16;1.4;0.0
65;2021-01-18;554;4;3620;20;1.6;0.0
65;2021-01-19;570;2;4190;22;1.8;0.0
65;2021-01-20;585;5;4775;27;2.1;0.0
65;2021-01-21;584;0;5359;27;2.4;0.0
65;2021-01-22;598;0;5957;27;2.6;0.0
65;2021-01-23;174;1;6131;28;2.7;0.0
65;2021-01-24;3;1;6134;29;2.7;0.0
65;2021-01-25;551;4;6685;33;2.9;0.0
65;2021-01-26;882;2;7567;35;3.3;0.0
65;2021-01-27;590;10;8157;45;3.6;0.0
65;2021-01-28;509;70;8666;115;3.8;0.1
65;2021-01-29;426;135;9092;250;4.0;0.1
65;2021-01-30;183;42;9275;292;4.1;0.1
65;2021-01-31;15;0;9290;292;4.1;0.1
65;2021-02-01;350;77;9640;369;4.2;0.2
65;2021-02-02;431;146;10071;515;4.4;0.2
65;2021-02-03;463;207;10534;722;4.6;0.3
65;2021-02-04;310;267;10844;989;4.8;0.4
65;2021-02-05;284;310;11128;1299;4.9;0.6
65;2021-02-06;99;72;11227;1371;4.9;0.6
65;2021-02-07;10;0;11237;1371;5.0;0.6
65;2021-02-08;427;184;11664;1555;5.1;0.7
65;2021-02-09;272;308;11936;1863;5.3;0.8
65;2021-02-10;298;202;12234;2065;5.4;0.9
65;2021-02-11;320;226;12554;2291;5.5;1.0
65;2021-02-12;277;177;12831;2468;5.7;1.1
65;2021-02-13;125;78;12956;2546;5.7;1.1
65;2021-02-14;3;15;12959;2561;5.7;1.1
65;2021-02-15;203;314;13162;2875;5.8;1.3
65;2021-02-16;489;449;13651;3324;6.0;1.5
65;2021-02-17;231;405;13882;3729;6.1;1.6
65;2021-02-18;284;467;14166;4196;6.2;1.8
65;2021-02-19;156;365;14322;4561;6.3;2.0
65;2021-02-20;53;140;14375;4701;6.3;2.1
65;2021-02-21;3;48;14378;4749;6.3;2.1
65;2021-02-22;166;436;14544;5185;6.4;2.3
65;2021-02-23;249;426;14793;5611;6.5;2.5
65;2021-02-24;232;536;15025;6147;6.6;2.7
65;2021-02-25;214;157;15239;6304;6.7;2.8
65;2021-02-26;350;638;15589;6942;6.9;3.1
65;2021-02-27;109;166;15698;7108;6.9;3.1
65;2021-02-28;1;0;15699;7108;6.9;3.1
65;2021-03-01;378;316;16077;7424;7.1;3.3
65;2021-03-02;454;281;16531;7705;7.3;3.4
65;2021-03-03;381;334;16912;8039;7.5;3.5
65;2021-03-04;695;285;17607;8324;7.8;3.7
65;2021-03-05;678;261;18285;8585;8.1;3.8
65;2021-03-06;1187;78;19472;8663;8.6;3.8
65;2021-03-07;258;12;19730;8675;8.7;3.8
65;2021-03-08;412;315;20142;8990;8.9;4.0
65;2021-03-09;669;309;20811;9299;9.2;4.1
65;2021-03-10;625;347;21436;9646;9.4;4.3
65;2021-03-11;778;336;22214;9982;9.8;4.4
65;2021-03-12;1059;183;23273;10165;10.3;4.5
65;2021-03-13;354;88;23627;10253;10.4;4.5
65;2021-03-14;3;30;23630;10283;10.4;4.5
65;2021-03-15;816;182;24446;10465;10.8;4.6
65;2021-03-16;693;212;25139;10677;11.1;4.7
65;2021-03-17;711;201;25850;10878;11.4;4.8
65;2021-03-18;536;228;26386;11106;11.6;4.9
65;2021-03-19;878;158;27264;11264;12.0;5.0
65;2021-03-20;245;42;27509;11306;12.1;5.0
65;2021-03-21;12;2;27521;11308;12.1;5.0
65;2021-03-22;735;147;28256;11455;12.5;5.0
65;2021-03-23;837;359;29093;11814;12.8;5.2
65;2021-03-24;867;248;29960;12062;13.2;5.3
65;2021-03-25;1253;188;31213;12250;13.8;5.4
65;2021-03-26;1225;139;32438;12389;14.3;5.5
65;2021-03-27;1357;92;33795;12481;14.9;5.5
65;2021-03-28;1;1;33796;12482;14.9;5.5
65;2021-03-29;1492;358;35288;12840;15.6;5.7
65;2021-03-30;1357;406;36645;13246;16.2;5.8
65;2021-03-31;1208;366;37853;13612;16.7;6.0
65;2021-04-01;1510;393;39363;14005;17.4;6.2
65;2021-04-02;1684;286;41047;14291;18.1;6.3
65;2021-04-03;247;45;41294;14336;18.2;6.3
65;2021-04-04;4;2;41298;14338;18.2;6.3
65;2021-04-05;158;44;41456;14382;18.3;6.3
65;2021-04-06;1295;493;42751;14875;18.8;6.6
65;2021-04-07;1959;457;44710;15332;19.7;6.8
65;2021-04-08;1643;414;46353;15746;20.4;6.9
65;2021-04-09;1644;471;47997;16217;21.2;7.1
65;2021-04-10;1592;150;49589;16367;21.9;7.2
65;2021-04-11;3;0;49592;16367;21.9;7.2
65;2021-04-12;1350;733;50942;17100;22.5;7.5
65;2021-04-13;1584;588;52526;17688;23.2;7.8
65;2021-04-14;1904;744;54430;18432;24.0;8.1
65;2021-04-15;1701;669;56131;19101;24.7;8.4
65;2021-04-16;1824;527;57955;19628;25.5;8.7
65;2021-04-17;2156;131;60111;19759;26.5;8.7
65;2021-04-18;7;27;60118;19786;26.5;8.7
65;2021-04-19;1337;766;61455;20552;27.1;9.1
65;2021-04-20;1531;706;62986;21258;27.8;9.4
65;2021-04-21;1054;1041;64040;22299;28.2;9.8
65;2021-04-22;1646;725;65686;23024;29.0;10.1
65;2021-04-23;1160;1146;66846;24170;29.5;10.7
65;2021-04-24;1265;610;68111;24780;30.0;10.9
65;2021-04-25;31;15;68142;24795;30.0;10.9
65;2021-04-26;1609;1288;69751;26083;30.7;11.5
65;2021-04-27;1423;1336;71174;27419;31.4;12.1
65;2021-04-28;1731;1021;72905;28440;32.1;12.5
65;2021-04-29;1959;1031;74864;29471;33.0;13.0
65;2021-04-30;1782;922;76646;30393;33.8;13.4
65;2021-05-01;1574;229;78220;30622;34.5;13.5
65;2021-05-02;671;25;78891;30647;34.8;13.5
65;2021-05-03;1280;1618;80171;32265;35.3;14.2
65;2021-05-04;1536;1241;81707;33506;36.0;14.8
65;2021-05-05;1374;1640;83081;35146;36.6;15.5
65;2021-05-06;1558;1172;84639;36318;37.3;16.0
65;2021-05-07;1274;1566;85913;37884;37.9;16.7
65;2021-05-08;1647;443;87560;38327;38.6;16.9
65;2021-05-09;0;87;87560;38414;38.6;16.9
65;2021-05-10;954;1883;88514;40297;39.0;17.8
65;2021-05-11;1059;1808;89573;42105;39.5;18.6
65;2021-05-12;1236;1636;90809;43741;40.0;19.3
65;2021-05-13;1345;171;92154;43912;40.6;19.4
65;2021-05-14;1575;1094;93729;45006;41.3;19.8
65;2021-05-15;1401;509;95130;45515;41.9;20.1
65;2021-05-16;1444;69;96574;45584;42.6;20.1
65;2021-05-17;1036;1614;97610;47198;43.0;20.8
65;2021-05-18;1613;1206;99223;48404;43.7;21.3
65;2021-05-19;1685;1009;100908;49413;44.5;21.8
65;2021-05-20;1845;1054;102753;50467;45.3;22.2
65;2021-05-21;1791;1230;104544;51697;46.1;22.8
65;2021-05-22;1287;638;105831;52335;46.7;23.1
65;2021-05-23;689;32;106520;52367;47.0;23.1
65;2021-05-24;703;77;107223;52444;47.3;23.1
65;2021-05-25;1358;1547;108581;53991;47.9;23.8
65;2021-05-26;1472;1353;110053;55344;48.5;24.4
65;2021-05-27;1622;1461;111675;56805;49.2;25.0
65;2021-05-28;1599;1670;113274;58475;49.9;25.8
65;2021-05-29;1188;1515;114462;59990;50.5;26.4
65;2021-05-30;7;10;114469;60000;50.5;26.5
65;2021-05-31;1324;1298;115793;61298;51.0;27.0
65;2021-06-01;1833;936;117626;62234;51.9;27.4
65;2021-06-02;1575;950;119201;63184;52.5;27.9
65;2021-06-03;1342;1104;120543;64288;53.1;28.3
65;2021-06-04;1791;1559;122334;65847;53.9;29.0
65;2021-06-05;433;1240;122767;67087;54.1;29.6
65;2021-06-06;3;13;122770;67100;54.1;29.6
65;2021-06-07;674;1984;123444;69084;54.4;30.5
65;2021-06-08;956;1532;124400;70616;54.8;31.1
65;2021-06-09;827;1546;125227;72162;55.2;31.8
65;2021-06-10;740;1153;125967;73315;55.5;32.3
65;2021-06-11;911;1802;126878;75117;55.9;33.1
65;2021-06-12;150;640;127028;75757;56.0;33.4
65;2021-06-13;5;7;127033;75764;56.0;33.4
65;2021-06-14;502;2422;127535;78186;56.2;34.5
65;2021-06-15;942;1801;128477;79987;56.6;35.3
65;2021-06-16;1065;1366;129542;81353;57.1;35.9
65;2021-06-17;814;1046;130356;82399;57.5;36.3
65;2021-06-18;1017;1632;131373;84031;57.9;37.0
65;2021-06-19;691;1689;132064;85720;58.2;37.8
65;2021-06-20;2;2;132066;85722;58.2;37.8
65;2021-06-21;735;1940;132801;87662;58.5;38.6
65;2021-06-22;1045;1479;133846;89141;59.0;39.3
65;2021-06-23;1064;1232;134910;90373;59.5;39.8
65;2021-06-24;959;1143;135869;91516;59.9;40.3
65;2021-06-25;831;1967;136700;93483;60.3;41.2
65;2021-06-26;168;1658;136868;95141;60.3;41.9
65;2021-06-27;15;1100;136883;96241;60.3;42.4
65;2021-06-28;444;2301;137327;98542;60.5;43.4
65;2021-06-29;685;1921;138012;100463;60.8;44.3
65;2021-06-30;933;1679;138945;102142;61.3;45.0
65;2021-07-01;606;751;139551;102893;61.5;45.4
65;2021-07-02;1167;1733;140718;104626;62.0;46.1
65;2021-07-03;197;1916;140915;106542;62.1;47.0
65;2021-07-04;416;186;141331;106728;62.3;47.1
65;2021-07-05;641;1992;141972;108720;62.6;47.9
65;2021-07-06;897;2127;142869;110847;63.0;48.9
65;2021-07-07;976;1516;143845;112363;63.4;49.5
65;2021-07-08;326;663;144171;113026;63.6;49.8
65;2021-07-09;550;1592;144721;114618;63.8;50.5
65;2021-07-10;302;956;145023;115574;63.9;50.9
65;2021-07-11;0;0;145023;115574;63.9;50.9
65;2021-07-12;480;2222;145503;117796;64.1;51.9
65;2021-07-13;700;2148;146203;119944;64.5;52.9
65;2021-07-14;214;52;146417;119996;64.5;52.9
65;2021-07-15;1076;1662;147493;121658;65.0;53.6
65;2021-07-16;1186;1884;148679;123542;65.5;54.5
65;2021-07-17;431;542;149110;124084;65.7;54.7
65;2021-07-18;22;11;149132;124095;65.7;54.7
65;2021-07-19;635;1495;149767;125590;66.0;55.4
65;2021-07-20;1447;1705;151214;127295;66.7;56.1
65;2021-07-21;1419;1661;152633;128956;67.3;56.8
65;2021-07-22;2197;1288;154830;130244;68.3;57.4
65;2021-07-23;1623;1789;156453;132033;69.0;58.2
65;2021-07-24;1043;649;157496;132682;69.4;58.5
65;2021-07-25;24;21;157520;132703;69.4;58.5
65;2021-07-26;1143;1246;158663;133949;69.9;59.1
65;2021-07-27;1793;1953;160456;135902;70.7;59.9
65;2021-07-28;1603;1321;162059;137223;71.4;60.5
65;2021-07-29;2896;1135;164955;138358;72.7;61.0
65;2021-07-30;2450;1397;167405;139755;73.8;61.6
65;2021-07-31;2304;355;169709;140110;74.8;61.8
65;2021-08-01;14;16;169723;140126;74.8;61.8
65;2021-08-02;992;834;170715;140960;75.3;62.1
65;2021-08-03;2103;1071;172818;142031;76.2;62.6
65;2021-08-04;1801;641;174619;142672;77.0;62.9
65;2021-08-05;1822;833;176441;143505;77.8;63.3
65;2021-08-06;1666;970;178107;144475;78.5;63.7
65;2021-08-07;730;487;178837;144962;78.8;63.9
65;2021-08-08;2;9;178839;144971;78.8;63.9
65;2021-08-09;701;943;179540;145914;79.1;64.3
65;2021-08-10;1194;1544;180734;147458;79.7;65.0
65;2021-08-11;731;1264;181465;148722;80.0;65.6
65;2021-08-12;779;1082;182244;149804;80.3;66.0
65;2021-08-13;425;1009;182669;150813;80.5;66.5
65;2021-08-14;601;566;183270;151379;80.8;66.7
65;2021-08-15;7;19;183277;151398;80.8;66.7
65;2021-08-16;402;1536;183679;152934;81.0;67.4
65;2021-08-17;736;2176;184415;155110;81.3;68.4
65;2021-08-18;598;1544;185013;156654;81.6;69.1
65;2021-08-19;729;1315;185742;157969;81.9;69.6
65;2021-08-20;452;1336;186194;159305;82.1;70.2
65;2021-08-21;39;105;186233;159410;82.1;70.3
65;2021-08-22;11;13;186244;159423;82.1;70.3
65;2021-08-23;263;1681;186507;161104;82.2;71.0
65;2021-08-24;545;2445;187052;163549;82.5;72.1
65;2021-08-25;413;1960;187465;165509;82.6;73.0
65;2021-08-26;457;2306;187922;167815;82.8;74.0
65;2021-08-27;435;1946;188357;169761;83.0;74.8
65;2021-08-28;161;194;188518;169955;83.1;74.9
65;2021-08-29;9;18;188527;169973;83.1;74.9
65;2021-08-30;257;1055;188784;171028;83.2;75.4
65;2021-08-31;460;1588;189244;172616;83.4;76.1
65;2021-09-01;452;1162;189696;173778;83.6;76.6
65;2021-09-02;354;1009;190050;174787;83.8;77.1
65;2021-09-03;440;1245;190490;176032;84.0;77.6
65;2021-09-04;164;909;190654;176941;84.0;78.0
65;2021-09-05;12;35;190666;176976;84.1;78.0
65;2021-09-06;275;794;190941;177770;84.2;78.4
65;2021-09-07;315;1194;191256;178964;84.3;78.9
65;2021-09-08;344;1037;191600;180001;84.5;79.4
65;2021-09-09;247;782;191847;180783;84.6;79.7
65;2021-09-10;373;923;192220;181706;84.7;80.1
65;2021-09-11;53;167;192273;181873;84.8;80.2
65;2021-09-12;1;2;192274;181875;84.8;80.2
65;2021-09-13;193;490;192467;182365;84.8;80.4
65;2021-09-14;183;590;192650;182955;84.9;80.7
66;2020-12-27;0;0;0;0;0.0;0.0
66;2020-12-28;2;0;2;0;0.0;0.0
66;2020-12-29;0;0;2;0;0.0;0.0
66;2020-12-30;0;0;2;0;0.0;0.0
66;2020-12-31;1;0;3;0;0.0;0.0
66;2021-01-01;3;0;6;0;0.0;0.0
66;2021-01-02;0;0;6;0;0.0;0.0
66;2021-01-03;0;0;6;0;0.0;0.0
66;2021-01-04;30;0;36;0;0.0;0.0
66;2021-01-05;135;0;171;0;0.0;0.0
66;2021-01-06;195;0;366;0;0.1;0.0
66;2021-01-07;182;0;548;0;0.1;0.0
66;2021-01-08;212;0;760;0;0.2;0.0
66;2021-01-09;233;0;993;0;0.2;0.0
66;2021-01-10;11;0;1004;0;0.2;0.0
66;2021-01-11;404;3;1408;3;0.3;0.0
66;2021-01-12;588;2;1996;5;0.4;0.0
66;2021-01-13;877;7;2873;12;0.6;0.0
66;2021-01-14;892;11;3765;23;0.8;0.0
66;2021-01-15;588;1;4353;24;0.9;0.0
66;2021-01-16;106;2;4459;26;0.9;0.0
66;2021-01-17;46;1;4505;27;0.9;0.0
66;2021-01-18;655;3;5160;30;1.1;0.0
66;2021-01-19;717;3;5877;33;1.2;0.0
66;2021-01-20;1169;3;7046;36;1.5;0.0
66;2021-01-21;2403;4;9449;40;2.0;0.0
66;2021-01-22;1439;6;10888;46;2.3;0.0
66;2021-01-23;399;4;11287;50;2.4;0.0
66;2021-01-24;226;9;11513;59;2.4;0.0
66;2021-01-25;739;31;12252;90;2.6;0.0
66;2021-01-26;787;56;13039;146;2.7;0.0
66;2021-01-27;867;75;13906;221;2.9;0.0
66;2021-01-28;877;116;14783;337;3.1;0.1
66;2021-01-29;819;110;15602;447;3.3;0.1
66;2021-01-30;481;50;16083;497;3.4;0.1
66;2021-01-31;202;17;16285;514;3.4;0.1
66;2021-02-01;562;151;16847;665;3.5;0.1
66;2021-02-02;621;266;17468;931;3.6;0.2
66;2021-02-03;736;545;18204;1476;3.8;0.3
66;2021-02-04;688;508;18892;1984;3.9;0.4
66;2021-02-05;778;369;19670;2353;4.1;0.5
66;2021-02-06;420;129;20090;2482;4.2;0.5
66;2021-02-07;169;123;20259;2605;4.2;0.5
66;2021-02-08;501;297;20760;2902;4.3;0.6
66;2021-02-09;533;295;21293;3197;4.4;0.7
66;2021-02-10;618;614;21911;3811;4.6;0.8
66;2021-02-11;1105;1384;23016;5195;4.8;1.1
66;2021-02-12;1122;1061;24138;6256;5.0;1.3
66;2021-02-13;366;221;24504;6477;5.1;1.4
66;2021-02-14;111;154;24615;6631;5.1;1.4
66;2021-02-15;425;519;25040;7150;5.2;1.5
66;2021-02-16;303;579;25343;7729;5.3;1.6
66;2021-02-17;379;558;25722;8287;5.4;1.7
66;2021-02-18;366;620;26088;8907;5.4;1.9
66;2021-02-19;400;574;26488;9481;5.5;2.0
66;2021-02-20;184;317;26672;9798;5.6;2.0
66;2021-02-21;41;124;26713;9922;5.6;2.1
66;2021-02-22;416;479;27129;10401;5.7;2.2
66;2021-02-23;508;501;27637;10902;5.8;2.3
66;2021-02-24;347;575;27984;11477;5.8;2.4
66;2021-02-25;717;536;28701;12013;6.0;2.5
66;2021-02-26;954;599;29655;12612;6.2;2.6
66;2021-02-27;363;321;30018;12933;6.3;2.7
66;2021-02-28;59;105;30077;13038;6.3;2.7
66;2021-03-01;378;512;30455;13550;6.4;2.8
66;2021-03-02;335;537;30790;14087;6.4;2.9
66;2021-03-03;529;515;31319;14602;6.5;3.0
66;2021-03-04;991;912;32310;15514;6.7;3.2
66;2021-03-05;1528;697;33838;16211;7.1;3.4
66;2021-03-06;1146;303;34984;16514;7.3;3.4
66;2021-03-07;1099;77;36083;16591;7.5;3.5
66;2021-03-08;696;471;36779;17062;7.7;3.6
66;2021-03-09;1225;526;38004;17588;7.9;3.7
66;2021-03-10;1301;444;39305;18032;8.2;3.8
66;2021-03-11;1474;541;40779;18573;8.5;3.9
66;2021-03-12;2395;543;43174;19116;9.0;4.0
66;2021-03-13;1081;287;44255;19403;9.2;4.1
66;2021-03-14;192;78;44447;19481;9.3;4.1
66;2021-03-15;1109;383;45556;19864;9.5;4.1
66;2021-03-16;952;254;46508;20118;9.7;4.2
66;2021-03-17;866;382;47374;20500;9.9;4.3
66;2021-03-18;969;338;48343;20838;10.1;4.4
66;2021-03-19;1293;313;49636;21151;10.4;4.4
66;2021-03-20;837;121;50473;21272;10.5;4.4
66;2021-03-21;186;43;50659;21315;10.6;4.4
66;2021-03-22;1115;379;51774;21694;10.8;4.5
66;2021-03-23;1757;387;53531;22081;11.2;4.6
66;2021-03-24;1796;510;55327;22591;11.6;4.7
66;2021-03-25;2537;461;57864;23052;12.1;4.8
66;2021-03-26;2577;362;60441;23414;12.6;4.9
66;2021-03-27;1211;292;61652;23706;12.9;4.9
66;2021-03-28;321;3;61973;23709;12.9;4.9
66;2021-03-29;1831;250;63804;23959;13.3;5.0
66;2021-03-30;2241;172;66045;24131;13.8;5.0
66;2021-03-31;1987;249;68032;24380;14.2;5.1
66;2021-04-01;2673;301;70705;24681;14.8;5.2
66;2021-04-02;2422;256;73127;24937;15.3;5.2
66;2021-04-03;1148;331;74275;25268;15.5;5.3
66;2021-04-04;107;124;74382;25392;15.5;5.3
66;2021-04-05;197;140;74579;25532;15.6;5.3
66;2021-04-06;1334;647;75913;26179;15.8;5.5
66;2021-04-07;1397;597;77310;26776;16.1;5.6
66;2021-04-08;2071;547;79381;27323;16.6;5.7
66;2021-04-09;3507;662;82888;27985;17.3;5.8
66;2021-04-10;2308;524;85196;28509;17.8;6.0
66;2021-04-11;1201;168;86397;28677;18.0;6.0
66;2021-04-12;2702;1020;89099;29697;18.6;6.2
66;2021-04-13;3609;1055;92708;30752;19.4;6.4
66;2021-04-14;3293;921;96001;31673;20.0;6.6
66;2021-04-15;3556;1048;99557;32721;20.8;6.8
66;2021-04-16;3592;1033;103149;33754;21.5;7.0
66;2021-04-17;2263;592;105412;34346;22.0;7.2
66;2021-04-18;1445;132;106857;34478;22.3;7.2
66;2021-04-19;2256;1120;109113;35598;22.8;7.4
66;2021-04-20;2374;1075;111487;36673;23.3;7.7
66;2021-04-21;2870;1175;114357;37848;23.9;7.9
66;2021-04-22;2662;1232;117019;39080;24.4;8.2
66;2021-04-23;2380;1234;119399;40314;24.9;8.4
66;2021-04-24;2744;882;122143;41196;25.5;8.6
66;2021-04-25;1207;266;123350;41462;25.8;8.7
66;2021-04-26;1998;1252;125348;42714;26.2;8.9
66;2021-04-27;2749;1302;128097;44016;26.7;9.2
66;2021-04-28;2421;1654;130518;45670;27.2;9.5
66;2021-04-29;2704;2126;133222;47796;27.8;10.0
66;2021-04-30;3055;1552;136277;49348;28.5;10.3
66;2021-05-01;2001;470;138278;49818;28.9;10.4
66;2021-05-02;1529;264;139807;50082;29.2;10.5
66;2021-05-03;2940;1109;142747;51191;29.8;10.7
66;2021-05-04;3169;1339;145916;52530;30.5;11.0
66;2021-05-05;3054;1548;148970;54078;31.1;11.3
66;2021-05-06;3755;2084;152725;56162;31.9;11.7
66;2021-05-07;2968;3064;155693;59226;32.5;12.4
66;2021-05-08;1730;1170;157423;60396;32.9;12.6
66;2021-05-09;887;1369;158310;61765;33.1;12.9
66;2021-05-10;1805;2968;160115;64733;33.4;13.5
66;2021-05-11;2741;3125;162856;67858;34.0;14.2
66;2021-05-12;2432;2569;165288;70427;34.5;14.7
66;2021-05-13;2260;1387;167548;71814;35.0;15.0
66;2021-05-14;2773;2118;170321;73932;35.6;15.4
66;2021-05-15;2329;1574;172650;75506;36.0;15.8
66;2021-05-16;2286;1247;174936;76753;36.5;16.0
66;2021-05-17;2051;1826;176987;78579;36.9;16.4
66;2021-05-18;3237;1808;180224;80387;37.6;16.8
66;2021-05-19;2878;1341;183102;81728;38.2;17.1
66;2021-05-20;4375;1444;187477;83172;39.1;17.4
66;2021-05-21;3268;1461;190745;84633;39.8;17.7
66;2021-05-22;3066;780;193811;85413;40.5;17.8
66;2021-05-23;1510;236;195321;85649;40.8;17.9
66;2021-05-24;1954;427;197275;86076;41.2;18.0
66;2021-05-25;2797;1688;200072;87764;41.8;18.3
66;2021-05-26;2780;1490;202852;89254;42.3;18.6
66;2021-05-27;3386;2247;206238;91501;43.1;19.1
66;2021-05-28;2686;3034;208924;94535;43.6;19.7
66;2021-05-29;2147;1515;211071;96050;44.1;20.1
66;2021-05-30;786;988;211857;97038;44.2;20.3
66;2021-05-31;2126;1771;213983;98809;44.7;20.6
66;2021-06-01;2638;2001;216621;100810;45.2;21.0
66;2021-06-02;2811;2334;219432;103144;45.8;21.5
66;2021-06-03;2496;2957;221928;106101;46.3;22.2
66;2021-06-04;1964;3351;223892;109452;46.7;22.9
66;2021-06-05;1411;2599;225303;112051;47.0;23.4
66;2021-06-06;294;1228;225597;113279;47.1;23.6
66;2021-06-07;1343;2956;226940;116235;47.4;24.3
66;2021-06-08;1738;3019;228678;119254;47.7;24.9
66;2021-06-09;2068;2787;230746;122041;48.2;25.5
66;2021-06-10;2091;2961;232837;125002;48.6;26.1
66;2021-06-11;2103;3857;234940;128859;49.0;26.9
66;2021-06-12;872;2411;235812;131270;49.2;27.4
66;2021-06-13;518;1333;236330;132603;49.3;27.7
66;2021-06-14;1361;3495;237691;136098;49.6;28.4
66;2021-06-15;2131;3570;239822;139668;50.1;29.2
66;2021-06-16;1793;3567;241615;143235;50.4;29.9
66;2021-06-17;2442;3604;244057;146839;51.0;30.7
66;2021-06-18;2228;3822;246285;150661;51.4;31.5
66;2021-06-19;1543;2320;247828;152981;51.7;31.9
66;2021-06-20;998;1266;248826;154247;51.9;32.2
66;2021-06-21;1163;2878;249989;157125;52.2;32.8
66;2021-06-22;1510;3762;251499;160887;52.5;33.6
66;2021-06-23;1326;3027;252825;163914;52.8;34.2
66;2021-06-24;1527;3229;254352;167143;53.1;34.9
66;2021-06-25;1404;3536;255756;170679;53.4;35.6
66;2021-06-26;962;2680;256718;173359;53.6;36.2
66;2021-06-27;679;1557;257397;174916;53.7;36.5
66;2021-06-28;979;2975;258376;177891;53.9;37.1
66;2021-06-29;1149;3797;259525;181688;54.2;37.9
66;2021-06-30;1283;3306;260808;184994;54.4;38.6
66;2021-07-01;1484;4047;262292;189041;54.8;39.5
66;2021-07-02;1516;3600;263808;192641;55.1;40.2
66;2021-07-03;1154;3901;264962;196542;55.3;41.0
66;2021-07-04;717;1790;265679;198332;55.5;41.4
66;2021-07-05;1295;3006;266974;201338;55.7;42.0
66;2021-07-06;1456;3787;268430;205125;56.0;42.8
66;2021-07-07;1433;3247;269863;208372;56.3;43.5
66;2021-07-08;1378;3384;271241;211756;56.6;44.2
66;2021-07-09;1522;3467;272763;215223;56.9;44.9
66;2021-07-10;1004;2403;273767;217626;57.2;45.4
66;2021-07-11;540;1539;274307;219165;57.3;45.8
66;2021-07-12;1023;3643;275330;222808;57.5;46.5
66;2021-07-13;2356;4264;277686;227072;58.0;47.4
66;2021-07-14;1988;1242;279674;228314;58.4;47.7
66;2021-07-15;2838;3112;282512;231426;59.0;48.3
66;2021-07-16;3377;3209;285889;234635;59.7;49.0
66;2021-07-17;2126;2036;288015;236671;60.1;49.4
66;2021-07-18;1198;1062;289213;237733;60.4;49.6
66;2021-07-19;2794;3085;292007;240818;61.0;50.3
66;2021-07-20;3658;2882;295665;243700;61.7;50.9
66;2021-07-21;4099;2954;299764;246654;62.6;51.5
66;2021-07-22;3913;2817;303677;249471;63.4;52.1
66;2021-07-23;3914;3031;307591;252502;64.2;52.7
66;2021-07-24;2584;1922;310175;254424;64.8;53.1
66;2021-07-25;2023;1241;312198;255665;65.2;53.4
66;2021-07-26;2866;2627;315064;258292;65.8;53.9
66;2021-07-27;3231;2888;318295;261180;66.4;54.5
66;2021-07-28;3356;2579;321651;263759;67.2;55.1
66;2021-07-29;3865;2536;325516;266295;68.0;55.6
66;2021-07-30;4236;2467;329752;268762;68.8;56.1
66;2021-07-31;2233;1716;331985;270478;69.3;56.5
66;2021-08-01;1821;900;333806;271378;69.7;56.7
66;2021-08-02;2381;1920;336187;273298;70.2;57.1
66;2021-08-03;2624;2068;338811;275366;70.7;57.5
66;2021-08-04;2638;1994;341449;277360;71.3;57.9
66;2021-08-05;2441;2508;343890;279868;71.8;58.4
66;2021-08-06;2338;2646;346228;282514;72.3;59.0
66;2021-08-07;1506;2097;347734;284611;72.6;59.4
66;2021-08-08;614;1457;348348;286068;72.7;59.7
66;2021-08-09;1357;2798;349705;288866;73.0;60.3
66;2021-08-10;1646;3075;351351;291941;73.4;60.9
66;2021-08-11;1680;3019;353031;294960;73.7;61.6
66;2021-08-12;1673;2992;354704;297952;74.1;62.2
66;2021-08-13;1472;2981;356176;300933;74.4;62.8
66;2021-08-14;659;2509;356835;303442;74.5;63.3
66;2021-08-15;136;1629;356971;305071;74.5;63.7
66;2021-08-16;1278;2593;358249;307664;74.8;64.2
66;2021-08-17;1489;2978;359738;310642;75.1;64.9
66;2021-08-18;1346;3072;361084;313714;75.4;65.5
66;2021-08-19;1110;2921;362194;316635;75.6;66.1
66;2021-08-20;994;3320;363188;319955;75.8;66.8
66;2021-08-21;581;2013;363769;321968;75.9;67.2
66;2021-08-22;233;1352;364002;323320;76.0;67.5
66;2021-08-23;1147;2762;365149;326082;76.2;68.1
66;2021-08-24;1052;2949;366201;329031;76.5;68.7
66;2021-08-25;902;2307;367103;331338;76.6;69.2
66;2021-08-26;957;2186;368060;333524;76.8;69.6
66;2021-08-27;919;2369;368979;335893;77.0;70.1
66;2021-08-28;515;1138;369494;337031;77.1;70.4
66;2021-08-29;244;333;369738;337364;77.2;70.4
66;2021-08-30;835;2597;370573;339961;77.4;71.0
66;2021-08-31;826;2727;371399;342688;77.5;71.5
66;2021-09-01;729;2164;372128;344852;77.7;72.0
66;2021-09-02;667;1904;372795;346756;77.8;72.4
66;2021-09-03;707;2190;373502;348946;78.0;72.8
66;2021-09-04;700;1789;374202;350735;78.1;73.2
66;2021-09-05;203;311;374405;351046;78.2;73.3
66;2021-09-06;422;2118;374827;353164;78.3;73.7
66;2021-09-07;376;1690;375203;354854;78.3;74.1
66;2021-09-08;554;1839;375757;356693;78.4;74.5
66;2021-09-09;463;1593;376220;358286;78.5;74.8
66;2021-09-10;490;1529;376710;359815;78.6;75.1
66;2021-09-11;511;1306;377221;361121;78.8;75.4
66;2021-09-12;94;178;377315;361299;78.8;75.4
66;2021-09-13;324;1685;377639;362984;78.8;75.8
66;2021-09-14;383;1458;378022;364442;78.9;76.1
67;2020-12-27;8;0;8;0;0.0;0.0
67;2020-12-28;4;0;12;0;0.0;0.0
67;2020-12-29;2;0;14;0;0.0;0.0
67;2020-12-30;0;0;14;0;0.0;0.0
67;2020-12-31;0;0;14;0;0.0;0.0
67;2021-01-01;5;0;19;0;0.0;0.0
67;2021-01-02;1;0;20;0;0.0;0.0
67;2021-01-03;1;0;21;0;0.0;0.0
67;2021-01-04;41;0;62;0;0.0;0.0
67;2021-01-05;167;0;229;0;0.0;0.0
67;2021-01-06;121;0;350;0;0.0;0.0
67;2021-01-07;235;1;585;1;0.1;0.0
67;2021-01-08;233;1;818;2;0.1;0.0
67;2021-01-09;113;1;931;3;0.1;0.0
67;2021-01-10;67;0;998;3;0.1;0.0
67;2021-01-11;182;1;1180;4;0.1;0.0
67;2021-01-12;511;1;1691;5;0.1;0.0
67;2021-01-13;657;2;2348;7;0.2;0.0
67;2021-01-14;1087;7;3435;14;0.3;0.0
67;2021-01-15;939;6;4374;20;0.4;0.0
67;2021-01-16;199;3;4573;23;0.4;0.0
67;2021-01-17;101;0;4674;23;0.4;0.0
67;2021-01-18;900;3;5574;26;0.5;0.0
67;2021-01-19;1424;5;6998;31;0.6;0.0
67;2021-01-20;1854;12;8852;43;0.8;0.0
67;2021-01-21;2213;9;11065;52;1.0;0.0
67;2021-01-22;1991;7;13056;59;1.2;0.0
67;2021-01-23;813;5;13869;64;1.2;0.0
67;2021-01-24;380;1;14249;65;1.3;0.0
67;2021-01-25;527;29;14776;94;1.3;0.0
67;2021-01-26;160;101;14936;195;1.3;0.0
67;2021-01-27;1398;79;16334;274;1.4;0.0
67;2021-01-28;3057;205;19391;479;1.7;0.0
67;2021-01-29;2031;139;21422;618;1.9;0.1
67;2021-01-30;1096;66;22518;684;2.0;0.1
67;2021-01-31;1163;23;23681;707;2.1;0.1
67;2021-02-01;3395;236;27076;943;2.4;0.1
67;2021-02-02;2693;390;29769;1333;2.6;0.1
67;2021-02-03;1574;372;31343;1705;2.8;0.2
67;2021-02-04;1193;713;32536;2418;2.9;0.2
67;2021-02-05;1194;589;33730;3007;3.0;0.3
67;2021-02-06;797;122;34527;3129;3.0;0.3
67;2021-02-07;291;37;34818;3166;3.1;0.3
67;2021-02-08;839;383;35657;3549;3.1;0.3
67;2021-02-09;959;653;36616;4202;3.2;0.4
67;2021-02-10;933;699;37549;4901;3.3;0.4
67;2021-02-11;1151;1057;38700;5958;3.4;0.5
67;2021-02-12;1245;669;39945;6627;3.5;0.6
67;2021-02-13;765;240;40710;6867;3.6;0.6
67;2021-02-14;244;91;40954;6958;3.6;0.6
67;2021-02-15;780;654;41734;7612;3.7;0.7
67;2021-02-16;930;864;42664;8476;3.8;0.7
67;2021-02-17;783;938;43447;9414;3.8;0.8
67;2021-02-18;1401;2331;44848;11745;4.0;1.0
67;2021-02-19;1376;1789;46224;13534;4.1;1.2
67;2021-02-20;633;746;46857;14280;4.1;1.3
67;2021-02-21;209;1074;47066;15354;4.2;1.4
67;2021-02-22;1404;1956;48470;17310;4.3;1.5
67;2021-02-23;1462;1307;49932;18617;4.4;1.6
67;2021-02-24;1438;894;51370;19511;4.5;1.7
67;2021-02-25;1618;1204;52988;20715;4.7;1.8
67;2021-02-26;2229;1159;55217;21874;4.9;1.9
67;2021-02-27;1257;620;56474;22494;5.0;2.0
67;2021-02-28;147;261;56621;22755;5.0;2.0
67;2021-03-01;640;843;57261;23598;5.1;2.1
67;2021-03-02;896;1037;58157;24635;5.1;2.2
67;2021-03-03;1409;1109;59566;25744;5.3;2.3
67;2021-03-04;1962;930;61528;26674;5.4;2.4
67;2021-03-05;3258;997;64786;27671;5.7;2.4
67;2021-03-06;2334;679;67120;28350;5.9;2.5
67;2021-03-07;467;239;67587;28589;6.0;2.5
67;2021-03-08;1188;719;68775;29308;6.1;2.6
67;2021-03-09;2225;821;71000;30129;6.3;2.7
67;2021-03-10;2449;1093;73449;31222;6.5;2.8
67;2021-03-11;3207;1293;76656;32515;6.8;2.9
67;2021-03-12;5260;1301;81916;33816;7.2;3.0
67;2021-03-13;3998;847;85914;34663;7.6;3.1
67;2021-03-14;484;370;86398;35033;7.6;3.1
67;2021-03-15;2189;1123;88587;36156;7.8;3.2
67;2021-03-16;1553;1199;90140;37355;8.0;3.3
67;2021-03-17;2070;892;92210;38247;8.1;3.4
67;2021-03-18;2389;720;94599;38967;8.4;3.4
67;2021-03-19;3671;736;98270;39703;8.7;3.5
67;2021-03-20;3063;503;101333;40206;8.9;3.5
67;2021-03-21;335;17;101668;40223;9.0;3.6
67;2021-03-22;2332;755;104000;40978;9.2;3.6
67;2021-03-23;3401;768;107401;41746;9.5;3.7
67;2021-03-24;3909;795;111310;42541;9.8;3.8
67;2021-03-25;5314;535;116624;43076;10.3;3.8
67;2021-03-26;6868;465;123492;43541;10.9;3.8
67;2021-03-27;3926;344;127418;43885;11.2;3.9
67;2021-03-28;580;98;127998;43983;11.3;3.9
67;2021-03-29;3821;423;131819;44406;11.6;3.9
67;2021-03-30;4848;665;136667;45071;12.1;4.0
67;2021-03-31;4848;690;141515;45761;12.5;4.0
67;2021-04-01;5147;925;146662;46686;12.9;4.1
67;2021-04-02;1008;171;147670;46857;13.0;4.1
67;2021-04-03;1689;282;149359;47139;13.2;4.2
67;2021-04-04;328;5;149687;47144;13.2;4.2
67;2021-04-05;371;5;150058;47149;13.2;4.2
67;2021-04-06;3483;1175;153541;48324;13.6;4.3
67;2021-04-07;4532;1281;158073;49605;14.0;4.4
67;2021-04-08;5661;1404;163734;51009;14.5;4.5
67;2021-04-09;7111;1347;170845;52356;15.1;4.6
67;2021-04-10;4332;886;175177;53242;15.5;4.7
67;2021-04-11;855;425;176032;53667;15.5;4.7
67;2021-04-12;3888;1401;179920;55068;15.9;4.9
67;2021-04-13;4892;1574;184812;56642;16.3;5.0
67;2021-04-14;5290;1897;190102;58539;16.8;5.2
67;2021-04-15;6081;2106;196183;60645;17.3;5.4
67;2021-04-16;7837;2415;204020;63060;18.0;5.6
67;2021-04-17;4009;1574;208029;64634;18.4;5.7
67;2021-04-18;1111;645;209140;65279;18.5;5.8
67;2021-04-19;3632;2138;212772;67417;18.8;6.0
67;2021-04-20;4258;1917;217030;69334;19.2;6.1
67;2021-04-21;4069;2512;221099;71846;19.5;6.3
67;2021-04-22;4480;2914;225579;74760;19.9;6.6
67;2021-04-23;5247;3001;230826;77761;20.4;6.9
67;2021-04-24;3102;2023;233928;79784;20.7;7.0
67;2021-04-25;1028;449;234956;80233;20.7;7.1
67;2021-04-26;3191;2614;238147;82847;21.0;7.3
67;2021-04-27;4024;2903;242171;85750;21.4;7.6
67;2021-04-28;4253;3411;246424;89161;21.8;7.9
67;2021-04-29;5126;3491;251550;92652;22.2;8.2
67;2021-04-30;7180;2460;258730;95112;22.8;8.4
67;2021-05-01;2687;779;261417;95891;23.1;8.5
67;2021-05-02;2181;676;263598;96567;23.3;8.5
67;2021-05-03;5562;2613;269160;99180;23.8;8.8
67;2021-05-04;5854;3600;275014;102780;24.3;9.1
67;2021-05-05;5220;4190;280234;106970;24.7;9.4
67;2021-05-06;6714;4917;286948;111887;25.3;9.9
67;2021-05-07;6435;6891;293383;118778;25.9;10.5
67;2021-05-08;3575;1018;296958;119796;26.2;10.6
67;2021-05-09;3371;591;300329;120387;26.5;10.6
67;2021-05-10;4697;4524;305026;124911;26.9;11.0
67;2021-05-11;5650;4910;310676;129821;27.4;11.5
67;2021-05-12;6600;4835;317276;134656;28.0;11.9
67;2021-05-13;7313;1670;324589;136326;28.7;12.0
67;2021-05-14;8880;5353;333469;141679;29.4;12.5
67;2021-05-15;8199;3655;341668;145334;30.2;12.8
67;2021-05-16;6178;969;347846;146303;30.7;12.9
67;2021-05-17;5695;3880;353541;150183;31.2;13.3
67;2021-05-18;6900;3975;360441;154158;31.8;13.6
67;2021-05-19;7378;4167;367819;158325;32.5;14.0
67;2021-05-20;8695;4230;376514;162555;33.2;14.4
67;2021-05-21;8165;5849;384679;168404;34.0;14.9
67;2021-05-22;5937;3416;390616;171820;34.5;15.2
67;2021-05-23;2660;593;393276;172413;34.7;15.2
67;2021-05-24;4418;863;397694;173276;35.1;15.3
67;2021-05-25;5414;4767;403108;178043;35.6;15.7
67;2021-05-26;6067;4869;409175;182912;36.1;16.1
67;2021-05-27;7315;4887;416490;187799;36.8;16.6
67;2021-05-28;7967;6487;424457;194286;37.5;17.2
67;2021-05-29;6652;3861;431109;198147;38.1;17.5
67;2021-05-30;1147;809;432256;198956;38.2;17.6
67;2021-05-31;6408;4056;438664;203012;38.7;17.9
67;2021-06-01;7328;4392;445992;207404;39.4;18.3
67;2021-06-02;8067;4174;454059;211578;40.1;18.7
67;2021-06-03;8843;4858;462902;216436;40.9;19.1
67;2021-06-04;8596;6119;471498;222555;41.6;19.6
67;2021-06-05;6554;3980;478052;226535;42.2;20.0
67;2021-06-06;3478;874;481530;227409;42.5;20.1
67;2021-06-07;7415;4251;488945;231660;43.2;20.5
67;2021-06-08;8630;4923;497575;236583;43.9;20.9
67;2021-06-09;9264;4788;506839;241371;44.7;21.3
67;2021-06-10;9777;5010;516616;246381;45.6;21.8
67;2021-06-11;8070;8309;524686;254690;46.3;22.5
67;2021-06-12;6792;5201;531478;259891;46.9;22.9
67;2021-06-13;3108;1044;534586;260935;47.2;23.0
67;2021-06-14;5511;6454;540097;267389;47.7;23.6
67;2021-06-15;6689;6749;546786;274138;48.3;24.2
67;2021-06-16;6954;6700;553740;280838;48.9;24.8
67;2021-06-17;7277;9049;561017;289887;49.5;25.6
67;2021-06-18;7606;8502;568623;298389;50.2;26.3
67;2021-06-19;6390;5965;575013;304354;50.8;26.9
67;2021-06-20;1451;1411;576464;305765;50.9;27.0
67;2021-06-21;4267;6773;580731;312538;51.3;27.6
67;2021-06-22;4243;9094;584974;321632;51.6;28.4
67;2021-06-23;5294;8187;590268;329819;52.1;29.1
67;2021-06-24;4524;9097;594792;338916;52.5;29.9
67;2021-06-25;5342;9954;600134;348870;53.0;30.8
67;2021-06-26;3465;9103;603599;357973;53.3;31.6
67;2021-06-27;1024;3523;604623;361496;53.4;31.9
67;2021-06-28;2848;8727;607471;370223;53.6;32.7
67;2021-06-29;2899;8612;610370;378835;53.9;33.4
67;2021-06-30;3383;8741;613753;387576;54.2;34.2
67;2021-07-01;3655;8424;617408;396000;54.5;35.0
67;2021-07-02;3737;10934;621145;406934;54.8;35.9
67;2021-07-03;2981;7746;624126;414680;55.1;36.6
67;2021-07-04;764;1871;624890;416551;55.2;36.8
67;2021-07-05;2624;8253;627514;424804;55.4;37.5
67;2021-07-06;3103;8437;630617;433241;55.7;38.3
67;2021-07-07;3928;8742;634545;441983;56.0;39.0
67;2021-07-08;4202;7787;638747;449770;56.4;39.7
67;2021-07-09;3768;11372;642515;461142;56.7;40.7
67;2021-07-10;2863;8207;645378;469349;57.0;41.4
67;2021-07-11;944;1995;646322;471344;57.1;41.6
67;2021-07-12;2479;9724;648801;481068;57.3;42.5
67;2021-07-13;4123;9888;652924;490956;57.6;43.3
67;2021-07-14;3492;4406;656416;495362;58.0;43.7
67;2021-07-15;5142;12229;661558;507591;58.4;44.8
67;2021-07-16;4870;12294;666428;519885;58.8;45.9
67;2021-07-17;3737;8823;670165;528708;59.2;46.7
67;2021-07-18;1464;2550;671629;531258;59.3;46.9
67;2021-07-19;4648;9739;676277;540997;59.7;47.8
67;2021-07-20;5777;9823;682054;550820;60.2;48.6
67;2021-07-21;5870;10653;687924;561473;60.7;49.6
67;2021-07-22;6440;10221;694364;571694;61.3;50.5
67;2021-07-23;7401;11186;701765;582880;62.0;51.5
67;2021-07-24;5425;7577;707190;590457;62.4;52.1
67;2021-07-25;2317;1970;709507;592427;62.6;52.3
67;2021-07-26;5010;7245;714517;599672;63.1;52.9
67;2021-07-27;6634;7321;721151;606993;63.7;53.6
67;2021-07-28;7545;7208;728696;614201;64.3;54.2
67;2021-07-29;8400;6431;737096;620632;65.1;54.8
67;2021-07-30;8671;7311;745767;627943;65.8;55.4
67;2021-07-31;5114;4878;750881;632821;66.3;55.9
67;2021-08-01;2485;1430;753366;634251;66.5;56.0
67;2021-08-02;6361;5089;759727;639340;67.1;56.4
67;2021-08-03;7300;4709;767027;644049;67.7;56.9
67;2021-08-04;6894;4600;773921;648649;68.3;57.3
67;2021-08-05;5747;4230;779668;652879;68.8;57.6
67;2021-08-06;6332;5425;786000;658304;69.4;58.1
67;2021-08-07;4684;4275;790684;662579;69.8;58.5
67;2021-08-08;1309;1438;791993;664017;69.9;58.6
67;2021-08-09;3133;4482;795126;668499;70.2;59.0
67;2021-08-10;3226;4782;798352;673281;70.5;59.4
67;2021-08-11;3419;4675;801771;677956;70.8;59.9
67;2021-08-12;3132;4886;804903;682842;71.1;60.3
67;2021-08-13;3199;5386;808102;688228;71.3;60.8
67;2021-08-14;2200;5082;810302;693310;71.5;61.2
67;2021-08-15;714;1602;811016;694912;71.6;61.4
67;2021-08-16;2070;5238;813086;700150;71.8;61.8
67;2021-08-17;2090;5273;815176;705423;72.0;62.3
67;2021-08-18;2362;6343;817538;711766;72.2;62.8
67;2021-08-19;1891;6151;819429;717917;72.3;63.4
67;2021-08-20;2319;7453;821748;725370;72.6;64.0
67;2021-08-21;1528;5568;823276;730938;72.7;64.5
67;2021-08-22;387;2050;823663;732988;72.7;64.7
67;2021-08-23;1916;6847;825579;739835;72.9;65.3
67;2021-08-24;1983;6614;827562;746449;73.1;65.9
67;2021-08-25;2088;7213;829650;753662;73.3;66.5
67;2021-08-26;1831;5541;831481;759203;73.4;67.0
67;2021-08-27;2189;7049;833670;766252;73.6;67.7
67;2021-08-28;1695;6097;835365;772349;73.8;68.2
67;2021-08-29;437;1599;835802;773948;73.8;68.3
67;2021-08-30;1408;4440;837210;778388;73.9;68.7
67;2021-08-31;1416;4205;838626;782593;74.0;69.1
67;2021-09-01;1774;4544;840400;787137;74.2;69.5
67;2021-09-02;1051;3134;841451;790271;74.3;69.8
67;2021-09-03;1539;4435;842990;794706;74.4;70.2
67;2021-09-04;1464;4093;844454;798799;74.6;70.5
67;2021-09-05;259;936;844713;799735;74.6;70.6
67;2021-09-06;954;2335;845667;802070;74.7;70.8
67;2021-09-07;878;2233;846545;804303;74.7;71.0
67;2021-09-08;1189;2990;847734;807293;74.8;71.3
67;2021-09-09;1102;2281;848836;809574;74.9;71.5
67;2021-09-10;1414;2882;850250;812456;75.1;71.7
67;2021-09-11;1055;3098;851305;815554;75.2;72.0
67;2021-09-12;250;612;851555;816166;75.2;72.1
67;2021-09-13;685;2041;852240;818207;75.2;72.2
67;2021-09-14;913;2004;853153;820211;75.3;72.4
68;2020-12-27;0;0;0;0;0.0;0.0
68;2020-12-28;0;0;0;0;0.0;0.0
68;2020-12-29;0;0;0;0;0.0;0.0
68;2020-12-30;2;0;2;0;0.0;0.0
68;2020-12-31;0;0;2;0;0.0;0.0
68;2021-01-01;0;0;2;0;0.0;0.0
68;2021-01-02;0;0;2;0;0.0;0.0
68;2021-01-03;1;0;3;0;0.0;0.0
68;2021-01-04;2;0;5;0;0.0;0.0
68;2021-01-05;11;0;16;0;0.0;0.0
68;2021-01-06;245;1;261;1;0.0;0.0
68;2021-01-07;75;0;336;1;0.0;0.0
68;2021-01-08;118;1;454;2;0.1;0.0
68;2021-01-09;20;0;474;2;0.1;0.0
68;2021-01-10;1;0;475;2;0.1;0.0
68;2021-01-11;82;0;557;2;0.1;0.0
68;2021-01-12;386;1;943;3;0.1;0.0
68;2021-01-13;703;2;1646;5;0.2;0.0
68;2021-01-14;372;2;2018;7;0.3;0.0
68;2021-01-15;204;1;2222;8;0.3;0.0
68;2021-01-16;1;0;2223;8;0.3;0.0
68;2021-01-17;0;0;2223;8;0.3;0.0
68;2021-01-18;379;5;2602;13;0.3;0.0
68;2021-01-19;559;5;3161;18;0.4;0.0
68;2021-01-20;707;10;3868;28;0.5;0.0
68;2021-01-21;1394;13;5262;41;0.7;0.0
68;2021-01-22;1499;12;6761;53;0.9;0.0
68;2021-01-23;215;3;6976;56;0.9;0.0
68;2021-01-24;698;1;7674;57;1.0;0.0
68;2021-01-25;1390;41;9064;98;1.2;0.0
68;2021-01-26;1555;80;10619;178;1.4;0.0
68;2021-01-27;2768;146;13387;324;1.8;0.0
68;2021-01-28;2355;58;15742;382;2.1;0.1
68;2021-01-29;1509;115;17251;497;2.3;0.1
68;2021-01-30;165;3;17416;500;2.3;0.1
68;2021-01-31;0;0;17416;500;2.3;0.1
68;2021-02-01;737;106;18153;606;2.4;0.1
68;2021-02-02;869;293;19022;899;2.5;0.1
68;2021-02-03;1000;596;20022;1495;2.6;0.2
68;2021-02-04;1001;307;21023;1802;2.8;0.2
68;2021-02-05;948;220;21971;2022;2.9;0.3
68;2021-02-06;140;2;22111;2024;2.9;0.3
68;2021-02-07;1;16;22112;2040;2.9;0.3
68;2021-02-08;893;23;23005;2063;3.0;0.3
68;2021-02-09;1359;42;24364;2105;3.2;0.3
68;2021-02-10;1453;63;25817;2168;3.4;0.3
68;2021-02-11;1486;461;27303;2629;3.6;0.3
68;2021-02-12;1550;436;28853;3065;3.8;0.4
68;2021-02-13;132;1;28985;3066;3.8;0.4
68;2021-02-14;58;232;29043;3298;3.8;0.4
68;2021-02-15;663;969;29706;4267;3.9;0.6
68;2021-02-16;864;1196;30570;5463;4.0;0.7
68;2021-02-17;1284;2011;31854;7474;4.2;1.0
68;2021-02-18;1663;1930;33517;9404;4.4;1.2
68;2021-02-19;987;1246;34504;10650;4.5;1.4
68;2021-02-20;93;118;34597;10768;4.5;1.4
68;2021-02-21;1;38;34598;10806;4.5;1.4
68;2021-02-22;446;684;35044;11490;4.6;1.5
68;2021-02-23;639;968;35683;12458;4.7;1.6
68;2021-02-24;854;1042;36537;13500;4.8;1.8
68;2021-02-25;1208;1135;37745;14635;4.9;1.9
68;2021-02-26;1200;847;38945;15482;5.1;2.0
68;2021-02-27;549;158;39494;15640;5.2;2.0
68;2021-02-28;12;1;39506;15641;5.2;2.0
68;2021-03-01;942;678;40448;16319;5.3;2.1
68;2021-03-02;1216;857;41664;17176;5.5;2.3
68;2021-03-03;1593;892;43257;18068;5.7;2.4
68;2021-03-04;1995;945;45252;19013;5.9;2.5
68;2021-03-05;2356;949;47608;19962;6.2;2.6
68;2021-03-06;2287;233;49895;20195;6.5;2.6
68;2021-03-07;839;105;50734;20300;6.6;2.7
68;2021-03-08;1474;886;52208;21186;6.8;2.8
68;2021-03-09;1698;1237;53906;22423;7.1;2.9
68;2021-03-10;1964;1711;55870;24134;7.3;3.2
68;2021-03-11;2639;1833;58509;25967;7.7;3.4
68;2021-03-12;2628;1348;61137;27315;8.0;3.6
68;2021-03-13;3342;258;64479;27573;8.4;3.6
68;2021-03-14;1543;65;66022;27638;8.7;3.6
68;2021-03-15;1795;608;67817;28246;8.9;3.7
68;2021-03-16;2001;591;69818;28837;9.1;3.8
68;2021-03-17;1957;719;71775;29556;9.4;3.9
68;2021-03-18;2220;934;73995;30490;9.7;4.0
68;2021-03-19;3085;720;77080;31210;10.1;4.1
68;2021-03-20;973;121;78053;31331;10.2;4.1
68;2021-03-21;68;2;78121;31333;10.2;4.1
68;2021-03-22;1965;588;80086;31921;10.5;4.2
68;2021-03-23;2860;614;82946;32535;10.9;4.3
68;2021-03-24;3177;807;86123;33342;11.3;4.4
68;2021-03-25;3501;781;89624;34123;11.7;4.5
68;2021-03-26;3894;720;93518;34843;12.3;4.6
68;2021-03-27;1102;167;94620;35010;12.4;4.6
68;2021-03-28;56;3;94676;35013;12.4;4.6
68;2021-03-29;2262;1355;96938;36368;12.7;4.8
68;2021-03-30;2934;1288;99872;37656;13.1;4.9
68;2021-03-31;2642;1346;102514;39002;13.4;5.1
68;2021-04-01;2748;1540;105262;40542;13.8;5.3
68;2021-04-02;244;88;105506;40630;13.8;5.3
68;2021-04-03;240;123;105746;40753;13.9;5.3
68;2021-04-04;5;0;105751;40753;13.9;5.3
68;2021-04-05;49;3;105800;40756;13.9;5.3
68;2021-04-06;1792;1321;107592;42077;14.1;5.5
68;2021-04-07;2585;1535;110177;43612;14.4;5.7
68;2021-04-08;3234;1501;113411;45113;14.9;5.9
68;2021-04-09;4201;1526;117612;46639;15.4;6.1
68;2021-04-10;1204;1968;118816;48607;15.6;6.4
68;2021-04-11;126;1318;118942;49925;15.6;6.5
68;2021-04-12;2668;1631;121610;51556;15.9;6.8
68;2021-04-13;2760;2108;124370;53664;16.3;7.0
68;2021-04-14;3607;2266;127977;55930;16.8;7.3
68;2021-04-15;4054;2157;132031;58087;17.3;7.6
68;2021-04-16;3943;2078;135974;60165;17.8;7.9
68;2021-04-17;1075;440;137049;60605;18.0;7.9
68;2021-04-18;85;9;137134;60614;18.0;7.9
68;2021-04-19;2358;1830;139492;62444;18.3;8.2
68;2021-04-20;2442;2323;141934;64767;18.6;8.5
68;2021-04-21;2831;2473;144765;67240;19.0;8.8
68;2021-04-22;3287;1973;148052;69213;19.4;9.1
68;2021-04-23;3414;2072;151466;71285;19.8;9.3
68;2021-04-24;842;487;152308;71772;20.0;9.4
68;2021-04-25;214;20;152522;71792;20.0;9.4
68;2021-04-26;2331;2105;154853;73897;20.3;9.7
68;2021-04-27;2600;2212;157453;76109;20.6;10.0
68;2021-04-28;3573;1760;161026;77869;21.1;10.2
68;2021-04-29;4166;1747;165192;79616;21.6;10.4
68;2021-04-30;4833;1367;170025;80983;22.3;10.6
68;2021-05-01;948;120;170973;81103;22.4;10.6
68;2021-05-02;732;69;171705;81172;22.5;10.6
68;2021-05-03;3624;1819;175329;82991;23.0;10.9
68;2021-05-04;3937;2358;179266;85349;23.5;11.2
68;2021-05-05;3632;3239;182898;88588;24.0;11.6
68;2021-05-06;4809;2858;187707;91446;24.6;12.0
68;2021-05-07;4522;2900;192229;94346;25.2;12.4
68;2021-05-08;1671;210;193900;94556;25.4;12.4
68;2021-05-09;1077;107;194977;94663;25.5;12.4
68;2021-05-10;3159;3720;198136;98383;26.0;12.9
68;2021-05-11;4719;3614;202855;101997;26.6;13.4
68;2021-05-12;5789;3292;208644;105289;27.3;13.8
68;2021-05-13;4765;839;213409;106128;28.0;13.9
68;2021-05-14;5962;2133;219371;108261;28.7;14.2
68;2021-05-15;3560;909;222931;109170;29.2;14.3
68;2021-05-16;670;118;223601;109288;29.3;14.3
68;2021-05-17;4449;2497;228050;111785;29.9;14.6
68;2021-05-18;6141;2307;234191;114092;30.7;14.9
68;2021-05-19;5871;2883;240062;116975;31.5;15.3
68;2021-05-20;5931;2409;245993;119384;32.2;15.6
68;2021-05-21;5778;2867;251771;122251;33.0;16.0
68;2021-05-22;2578;925;254349;123176;33.3;16.1
68;2021-05-23;15;16;254364;123192;33.3;16.1
68;2021-05-24;2307;970;256671;124162;33.6;16.3
68;2021-05-25;4347;3437;261018;127599;34.2;16.7
68;2021-05-26;4882;3382;265900;130981;34.8;17.2
68;2021-05-27;5408;3401;271308;134382;35.5;17.6
68;2021-05-28;5621;3716;276929;138098;36.3;18.1
68;2021-05-29;1541;1186;278470;139284;36.5;18.2
68;2021-05-30;41;46;278511;139330;36.5;18.3
68;2021-05-31;5162;2363;283673;141693;37.2;18.6
68;2021-06-01;5990;2792;289663;144485;38.0;18.9
68;2021-06-02;4887;3007;294550;147492;38.6;19.3
68;2021-06-03;5943;3097;300493;150589;39.4;19.7
68;2021-06-04;4897;3298;305390;153887;40.0;20.2
68;2021-06-05;781;1168;306171;155055;40.1;20.3
68;2021-06-06;69;114;306240;155169;40.1;20.3
68;2021-06-07;4758;3034;310998;158203;40.7;20.7
68;2021-06-08;4940;3554;315938;161757;41.4;21.2
68;2021-06-09;4996;3445;320934;165202;42.1;21.6
68;2021-06-10;5202;3145;326136;168347;42.7;22.1
68;2021-06-11;5059;4148;331195;172495;43.4;22.6
68;2021-06-12;3036;1769;334231;174264;43.8;22.8
68;2021-06-13;515;682;334746;174946;43.9;22.9
68;2021-06-14;2517;4392;337263;179338;44.2;23.5
68;2021-06-15;3112;4717;340375;184055;44.6;24.1
68;2021-06-16;3390;4443;343765;188498;45.0;24.7
68;2021-06-17;2361;4454;346126;192952;45.4;25.3
68;2021-06-18;3360;5176;349486;198128;45.8;26.0
68;2021-06-19;2256;2170;351742;200298;46.1;26.2
68;2021-06-20;259;893;352001;201191;46.1;26.4
68;2021-06-21;2061;5152;354062;206343;46.4;27.0
68;2021-06-22;1901;5175;355963;211518;46.6;27.7
68;2021-06-23;2317;5742;358280;217260;46.9;28.5
68;2021-06-24;2157;4897;360437;222157;47.2;29.1
68;2021-06-25;2287;6655;362724;228812;47.5;30.0
68;2021-06-26;1303;2609;364027;231421;47.7;30.3
68;2021-06-27;151;880;364178;232301;47.7;30.4
68;2021-06-28;1601;6445;365779;238746;47.9;31.3
68;2021-06-29;1539;6632;367318;245378;48.1;32.2
68;2021-06-30;1798;6555;369116;251933;48.4;33.0
68;2021-07-01;2111;5352;371227;257285;48.6;33.7
68;2021-07-02;2103;6483;373330;263768;48.9;34.6
68;2021-07-03;988;1935;374318;265703;49.0;34.8
68;2021-07-04;242;200;374560;265903;49.1;34.8
68;2021-07-05;1458;5516;376018;271419;49.3;35.6
68;2021-07-06;2002;5883;378020;277302;49.5;36.3
68;2021-07-07;2457;4975;380477;282277;49.9;37.0
68;2021-07-08;2436;4747;382913;287024;50.2;37.6
68;2021-07-09;2092;7367;385005;294391;50.4;38.6
68;2021-07-10;1026;2004;386031;296395;50.6;38.8
68;2021-07-11;147;156;386178;296551;50.6;38.9
68;2021-07-12;1647;6772;387825;303323;50.8;39.7
68;2021-07-13;2909;6547;390734;309870;51.2;40.6
68;2021-07-14;1841;983;392575;310853;51.4;40.7
68;2021-07-15;3189;6654;395764;317507;51.9;41.6
68;2021-07-16;3818;6762;399582;324269;52.4;42.5
68;2021-07-17;3363;2301;402945;326570;52.8;42.8
68;2021-07-18;1054;230;403999;326800;52.9;42.8
68;2021-07-19;3052;6081;407051;332881;53.3;43.6
68;2021-07-20;4002;5665;411053;338546;53.9;44.4
68;2021-07-21;4339;5828;415392;344374;54.4;45.1
68;2021-07-22;4192;4845;419584;349219;55.0;45.8
68;2021-07-23;5043;5759;424627;354978;55.6;46.5
68;2021-07-24;3351;2129;427978;357107;56.1;46.8
68;2021-07-25;826;537;428804;357644;56.2;46.9
68;2021-07-26;4837;4450;433641;362094;56.8;47.4
68;2021-07-27;6378;3753;440019;365847;57.7;47.9
68;2021-07-28;6853;3878;446872;369725;58.6;48.4
68;2021-07-29;6398;3420;453270;373145;59.4;48.9
68;2021-07-30;6350;4377;459620;377522;60.2;49.5
68;2021-07-31;3918;1426;463538;378948;60.7;49.7
68;2021-08-01;1653;493;465191;379441;61.0;49.7
68;2021-08-02;4600;3149;469791;382590;61.6;50.1
68;2021-08-03;3544;2445;473335;385035;62.0;50.4
68;2021-08-04;3141;2688;476476;387723;62.4;50.8
68;2021-08-05;2749;2638;479225;390361;62.8;51.1
68;2021-08-06;3998;4327;483223;394688;63.3;51.7
68;2021-08-07;1227;1304;484450;395992;63.5;51.9
68;2021-08-08;364;813;484814;396805;63.5;52.0
68;2021-08-09;2575;3683;487389;400488;63.9;52.5
68;2021-08-10;2214;2781;489603;403269;64.2;52.8
68;2021-08-11;1898;2729;491501;405998;64.4;53.2
68;2021-08-12;1750;2667;493251;408665;64.6;53.5
68;2021-08-13;2716;4758;495967;413423;65.0;54.2
68;2021-08-14;714;1440;496681;414863;65.1;54.4
68;2021-08-15;45;445;496726;415308;65.1;54.4
68;2021-08-16;2003;5061;498729;420369;65.3;55.1
68;2021-08-17;1799;4845;500528;425214;65.6;55.7
68;2021-08-18;1177;3691;501705;428905;65.7;56.2
68;2021-08-19;1363;3741;503068;432646;65.9;56.7
68;2021-08-20;2224;6062;505292;438708;66.2;57.5
68;2021-08-21;492;1379;505784;440087;66.3;57.7
68;2021-08-22;116;458;505900;440545;66.3;57.7
68;2021-08-23;1187;5424;507087;445969;66.4;58.4
68;2021-08-24;1402;5949;508489;451918;66.6;59.2
68;2021-08-25;1656;3751;510145;455669;66.8;59.7
68;2021-08-26;1984;4502;512129;460171;67.1;60.3
68;2021-08-27;1842;6279;513971;466450;67.3;61.1
68;2021-08-28;422;1070;514393;467520;67.4;61.3
68;2021-08-29;36;418;514429;467938;67.4;61.3
68;2021-08-30;1343;4554;515772;472492;67.6;61.9
68;2021-08-31;1295;4238;517067;476730;67.7;62.5
68;2021-09-01;880;2278;517947;479008;67.9;62.8
68;2021-09-02;875;1980;518822;480988;68.0;63.0
68;2021-09-03;1302;4610;520124;485598;68.2;63.6
68;2021-09-04;491;953;520615;486551;68.2;63.8
68;2021-09-05;209;175;520824;486726;68.2;63.8
68;2021-09-06;689;2387;521513;489113;68.3;64.1
68;2021-09-07;606;1450;522119;490563;68.4;64.3
68;2021-09-08;616;1484;522735;492047;68.5;64.5
68;2021-09-09;898;1566;523633;493613;68.6;64.7
68;2021-09-10;1478;3342;525111;496955;68.8;65.1
68;2021-09-11;459;668;525570;497623;68.9;65.2
68;2021-09-12;73;63;525643;497686;68.9;65.2
68;2021-09-13;809;1387;526452;499073;69.0;65.4
68;2021-09-14;949;1719;527401;500792;69.1;65.6
69;2020-12-27;5;0;5;0;0.0;0.0
69;2020-12-28;12;0;17;0;0.0;0.0
69;2020-12-29;5;0;22;0;0.0;0.0
69;2020-12-30;6;0;28;0;0.0;0.0
69;2020-12-31;12;0;40;0;0.0;0.0
69;2021-01-01;2;0;42;0;0.0;0.0
69;2021-01-02;2;0;44;0;0.0;0.0
69;2021-01-03;3;0;47;0;0.0;0.0
69;2021-01-04;13;0;60;0;0.0;0.0
69;2021-01-05;218;0;278;0;0.0;0.0
69;2021-01-06;518;0;796;0;0.0;0.0
69;2021-01-07;812;0;1608;0;0.1;0.0
69;2021-01-08;828;1;2436;1;0.1;0.0
69;2021-01-09;41;1;2477;2;0.1;0.0
69;2021-01-10;3;1;2480;3;0.1;0.0
69;2021-01-11;1135;2;3615;5;0.2;0.0
69;2021-01-12;1397;7;5012;12;0.3;0.0
69;2021-01-13;1395;3;6407;15;0.3;0.0
69;2021-01-14;2283;17;8690;32;0.5;0.0
69;2021-01-15;1826;8;10516;40;0.6;0.0
69;2021-01-16;930;3;11446;43;0.6;0.0
69;2021-01-17;260;2;11706;45;0.6;0.0
69;2021-01-18;1694;18;13400;63;0.7;0.0
69;2021-01-19;3513;36;16913;99;0.9;0.0
69;2021-01-20;4456;29;21369;128;1.1;0.0
69;2021-01-21;4077;25;25446;153;1.4;0.0
69;2021-01-22;3171;19;28617;172;1.5;0.0
69;2021-01-23;1287;5;29904;177;1.6;0.0
69;2021-01-24;101;1;30005;178;1.6;0.0
69;2021-01-25;2244;36;32249;214;1.7;0.0
69;2021-01-26;2562;87;34811;301;1.9;0.0
69;2021-01-27;2355;169;37166;470;2.0;0.0
69;2021-01-28;2236;351;39402;821;2.1;0.0
69;2021-01-29;2112;273;41514;1094;2.2;0.1
69;2021-01-30;889;3;42403;1097;2.3;0.1
69;2021-01-31;65;0;42468;1097;2.3;0.1
69;2021-02-01;1112;382;43580;1479;2.3;0.1
69;2021-02-02;1558;382;45138;1861;2.4;0.1
69;2021-02-03;1442;518;46580;2379;2.5;0.1
69;2021-02-04;1794;895;48374;3274;2.6;0.2
69;2021-02-05;820;797;49194;4071;2.6;0.2
69;2021-02-06;369;41;49563;4112;2.6;0.2
69;2021-02-07;0;0;49563;4112;2.6;0.2
69;2021-02-08;1133;938;50696;5050;2.7;0.3
69;2021-02-09;2051;1793;52747;6843;2.8;0.4
69;2021-02-10;1856;2408;54603;9251;2.9;0.5
69;2021-02-11;1862;2960;56465;12211;3.0;0.7
69;2021-02-12;1905;1797;58370;14008;3.1;0.7
69;2021-02-13;459;568;58829;14576;3.1;0.8
69;2021-02-14;89;32;58918;14608;3.1;0.8
69;2021-02-15;1014;1407;59932;16015;3.2;0.9
69;2021-02-16;984;1859;60916;17874;3.2;1.0
69;2021-02-17;1027;1895;61943;19769;3.3;1.1
69;2021-02-18;967;1836;62910;21605;3.4;1.2
69;2021-02-19;891;1486;63801;23091;3.4;1.2
69;2021-02-20;321;672;64122;23763;3.4;1.3
69;2021-02-21;53;53;64175;23816;3.4;1.3
69;2021-02-22;610;1695;64785;25511;3.5;1.4
69;2021-02-23;740;1834;65525;27345;3.5;1.5
69;2021-02-24;971;1854;66496;29199;3.5;1.6
69;2021-02-25;2215;2309;68711;31508;3.7;1.7
69;2021-02-26;2775;1651;71486;33159;3.8;1.8
69;2021-02-27;925;496;72411;33655;3.9;1.8
69;2021-02-28;148;98;72559;33753;3.9;1.8
69;2021-03-01;2166;748;74725;34501;4.0;1.8
69;2021-03-02;3298;1180;78023;35681;4.2;1.9
69;2021-03-03;3670;1129;81693;36810;4.4;2.0
69;2021-03-04;4885;1208;86578;38018;4.6;2.0
69;2021-03-05;5875;1117;92453;39135;4.9;2.1
69;2021-03-06;3417;365;95870;39500;5.1;2.1
69;2021-03-07;641;43;96511;39543;5.1;2.1
69;2021-03-08;2960;991;99471;40534;5.3;2.2
69;2021-03-09;4609;1109;104080;41643;5.5;2.2
69;2021-03-10;5071;964;109151;42607;5.8;2.3
69;2021-03-11;6601;976;115752;43583;6.2;2.3
69;2021-03-12;8859;1110;124611;44693;6.6;2.4
69;2021-03-13;4927;238;129538;44931;6.9;2.4
69;2021-03-14;2741;149;132279;45080;7.1;2.4
69;2021-03-15;4807;670;137086;45750;7.3;2.4
69;2021-03-16;3819;656;140905;46406;7.5;2.5
69;2021-03-17;3952;865;144857;47271;7.7;2.5
69;2021-03-18;4967;1529;149824;48800;8.0;2.6
69;2021-03-19;6687;966;156511;49766;8.3;2.7
69;2021-03-20;3594;276;160105;50042;8.5;2.7
69;2021-03-21;1976;100;162081;50142;8.6;2.7
69;2021-03-22;4549;742;166630;50884;8.9;2.7
69;2021-03-23;7366;801;173996;51685;9.3;2.8
69;2021-03-24;6456;994;180452;52679;9.6;2.8
69;2021-03-25;8590;1115;189042;53794;10.1;2.9
69;2021-03-26;8814;1242;197856;55036;10.5;2.9
69;2021-03-27;3157;789;201013;55825;10.7;3.0
69;2021-03-28;2219;186;203232;56011;10.8;3.0
69;2021-03-29;4098;2166;207330;58177;11.1;3.1
69;2021-03-30;7642;2531;214972;60708;11.5;3.2
69;2021-03-31;6357;3098;221329;63806;11.8;3.4
69;2021-04-01;8464;2716;229793;66522;12.2;3.5
69;2021-04-02;8312;3105;238105;69627;12.7;3.7
69;2021-04-03;5425;2113;243530;71740;13.0;3.8
69;2021-04-04;6611;542;250141;72282;13.3;3.9
69;2021-04-05;6194;815;256335;73097;13.7;3.9
69;2021-04-06;5116;3463;261451;76560;13.9;4.1
69;2021-04-07;5169;3864;266620;80424;14.2;4.3
69;2021-04-08;6427;3995;273047;84419;14.6;4.5
69;2021-04-09;9166;3734;282213;88153;15.0;4.7
69;2021-04-10;3053;2488;285266;90641;15.2;4.8
69;2021-04-11;2039;1896;287305;92537;15.3;4.9
69;2021-04-12;5472;3557;292777;96094;15.6;5.1
69;2021-04-13;7069;4113;299846;100207;16.0;5.3
69;2021-04-14;6719;4151;306565;104358;16.3;5.6
69;2021-04-15;7944;4592;314509;108950;16.8;5.8
69;2021-04-16;7866;4487;322375;113437;17.2;6.0
69;2021-04-17;5038;2311;327413;115748;17.5;6.2
69;2021-04-18;1716;1791;329129;117539;17.5;6.3
69;2021-04-19;7019;3774;336148;121313;17.9;6.5
69;2021-04-20;6487;4757;342635;126070;18.3;6.7
69;2021-04-21;5688;4415;348323;130485;18.6;7.0
69;2021-04-22;6429;5438;354752;135923;18.9;7.2
69;2021-04-23;6739;4900;361491;140823;19.3;7.5
69;2021-04-24;3157;2028;364648;142851;19.4;7.6
69;2021-04-25;2119;1545;366767;144396;19.5;7.7
69;2021-04-26;4496;3866;371263;148262;19.8;7.9
69;2021-04-27;6516;5305;377779;153567;20.1;8.2
69;2021-04-28;6274;4858;384053;158425;20.5;8.4
69;2021-04-29;6705;5359;390758;163784;20.8;8.7
69;2021-04-30;6931;6142;397689;169926;21.2;9.1
69;2021-05-01;3303;644;400992;170570;21.4;9.1
69;2021-05-02;1628;5881;402620;176451;21.5;9.4
69;2021-05-03;5858;8241;408478;184692;21.8;9.8
69;2021-05-04;7607;8151;416085;192843;22.2;10.3
69;2021-05-05;11213;5658;427298;198501;22.8;10.6
69;2021-05-06;12475;6299;439773;204800;23.4;10.9
69;2021-05-07;11690;7137;451463;211937;24.1;11.3
69;2021-05-08;4306;1652;455769;213589;24.3;11.4
69;2021-05-09;6637;2679;462406;216268;24.6;11.5
69;2021-05-10;6940;6065;469346;222333;25.0;11.9
69;2021-05-11;9830;7030;479176;229363;25.5;12.2
69;2021-05-12;12461;6784;491637;236147;26.2;12.6
69;2021-05-13;10844;2562;502481;238709;26.8;12.7
69;2021-05-14;12595;5209;515076;243918;27.5;13.0
69;2021-05-15;9141;2592;524217;246510;27.9;13.1
69;2021-05-16;8409;1877;532626;248387;28.4;13.2
69;2021-05-17;11307;5649;543933;254036;29.0;13.5
69;2021-05-18;13229;6400;557162;260436;29.7;13.9
69;2021-05-19;13700;5894;570862;266330;30.4;14.2
69;2021-05-20;11391;6074;582253;272404;31.0;14.5
69;2021-05-21;11044;6549;593297;278953;31.6;14.9
69;2021-05-22;5579;2575;598876;281528;31.9;15.0
69;2021-05-23;4571;1543;603447;283071;32.2;15.1
69;2021-05-24;8429;1862;611876;284933;32.6;15.2
69;2021-05-25;9749;6175;621625;291108;33.1;15.5
69;2021-05-26;10287;6108;631912;297216;33.7;15.8
69;2021-05-27;10439;6783;642351;303999;34.2;16.2
69;2021-05-28;11621;8735;653972;312734;34.9;16.7
69;2021-05-29;7394;6044;661366;318778;35.3;17.0
69;2021-05-30;7384;3169;668750;321947;35.6;17.2
69;2021-05-31;10966;6371;679716;328318;36.2;17.5
69;2021-06-01;12853;7500;692569;335818;36.9;17.9
69;2021-06-02;14898;6720;707467;342538;37.7;18.3
69;2021-06-03;16648;7422;724115;349960;38.6;18.7
69;2021-06-04;16212;8550;740327;358510;39.5;19.1
69;2021-06-05;10110;3416;750437;361926;40.0;19.3
69;2021-06-06;7489;1719;757926;363645;40.4;19.4
69;2021-06-07;12826;7020;770752;370665;41.1;19.8
69;2021-06-08;16383;8279;787135;378944;42.0;20.2
69;2021-06-09;15223;7349;802358;386293;42.8;20.6
69;2021-06-10;16295;7333;818653;393626;43.6;21.0
69;2021-06-11;16654;9677;835307;403303;44.5;21.5
69;2021-06-12;8542;4188;843849;407491;45.0;21.7
69;2021-06-13;5624;2149;849473;409640;45.3;21.8
69;2021-06-14;8589;9082;858062;418722;45.7;22.3
69;2021-06-15;10949;11015;869011;429737;46.3;22.9
69;2021-06-16;11352;12321;880363;442058;46.9;23.6
69;2021-06-17;11478;13253;891841;455311;47.5;24.3
69;2021-06-18;12077;14773;903918;470084;48.2;25.1
69;2021-06-19;6832;8359;910750;478443;48.5;25.5
69;2021-06-20;5278;4769;916028;483212;48.8;25.8
69;2021-06-21;6557;12124;922585;495336;49.2;26.4
69;2021-06-22;7221;13822;929806;509158;49.6;27.1
69;2021-06-23;8359;13027;938165;522185;50.0;27.8
69;2021-06-24;9309;13742;947474;535927;50.5;28.6
69;2021-06-25;7077;16310;954551;552237;50.9;29.4
69;2021-06-26;3954;9075;958505;561312;51.1;29.9
69;2021-06-27;3293;7421;961798;568733;51.3;30.3
69;2021-06-28;4551;14893;966349;583626;51.5;31.1
69;2021-06-29;5376;15665;971725;599291;51.8;31.9
69;2021-06-30;6396;14450;978121;613741;52.1;32.7
69;2021-07-01;8826;11978;986947;625719;52.6;33.4
69;2021-07-02;10649;14127;997596;639846;53.2;34.1
69;2021-07-03;6004;7773;1003600;647619;53.5;34.5
69;2021-07-04;4152;5553;1007752;653172;53.7;34.8
69;2021-07-05;6238;13021;1013990;666193;54.0;35.5
69;2021-07-06;5894;14282;1019884;680475;54.4;36.3
69;2021-07-07;7323;13564;1027207;694039;54.8;37.0
69;2021-07-08;7575;13410;1034782;707449;55.2;37.7
69;2021-07-09;7591;16471;1042373;723920;55.6;38.6
69;2021-07-10;3127;10315;1045500;734235;55.7;39.1
69;2021-07-11;4332;5833;1049832;740068;56.0;39.4
69;2021-07-12;4216;16973;1054048;757041;56.2;40.4
69;2021-07-13;6459;20726;1060507;777767;56.5;41.5
69;2021-07-14;5060;8491;1065567;786258;56.8;41.9
69;2021-07-15;7501;22589;1073068;808847;57.2;43.1
69;2021-07-16;9888;20125;1082956;828972;57.7;44.2
69;2021-07-17;4885;12242;1087841;841214;58.0;44.8
69;2021-07-18;3413;8895;1091254;850109;58.2;45.3
69;2021-07-19;7086;16455;1098340;866564;58.5;46.2
69;2021-07-20;9584;19318;1107924;885882;59.1;47.2
69;2021-07-21;9388;17414;1117312;903296;59.6;48.1
69;2021-07-22;11471;16458;1128783;919754;60.2;49.0
69;2021-07-23;11133;17697;1139916;937451;60.8;50.0
69;2021-07-24;5701;11059;1145617;948510;61.1;50.6
69;2021-07-25;4709;6632;1150326;955142;61.3;50.9
69;2021-07-26;8932;12958;1159258;968100;61.8;51.6
69;2021-07-27;12948;12152;1172206;980252;62.5;52.3
69;2021-07-28;12102;12159;1184308;992411;63.1;52.9
69;2021-07-29;14772;12341;1199080;1004752;63.9;53.6
69;2021-07-30;14370;12250;1213450;1017002;64.7;54.2
69;2021-07-31;8269;7246;1221719;1024248;65.1;54.6
69;2021-08-01;5196;5876;1226915;1030124;65.4;54.9
69;2021-08-02;12615;9622;1239530;1039746;66.1;55.4
69;2021-08-03;13221;8993;1252751;1048739;66.8;55.9
69;2021-08-04;13779;8171;1266530;1056910;67.5;56.3
69;2021-08-05;11412;7532;1277942;1064442;68.1;56.7
69;2021-08-06;10452;7799;1288394;1072241;68.7;57.2
69;2021-08-07;4994;4816;1293388;1077057;68.9;57.4
69;2021-08-08;4359;3563;1297747;1080620;69.2;57.6
69;2021-08-09;7702;9223;1305449;1089843;69.6;58.1
69;2021-08-10;8015;7030;1313464;1096873;70.0;58.5
69;2021-08-11;7870;8118;1321334;1104991;70.4;58.9
69;2021-08-12;7231;7335;1328565;1112326;70.8;59.3
69;2021-08-13;6669;8360;1335234;1120686;71.2;59.7
69;2021-08-14;4478;5370;1339712;1126056;71.4;60.0
69;2021-08-15;2431;2523;1342143;1128579;71.5;60.2
69;2021-08-16;5599;8882;1347742;1137461;71.8;60.6
69;2021-08-17;6327;8270;1354069;1145731;72.2;61.1
69;2021-08-18;6203;9467;1360272;1155198;72.5;61.6
69;2021-08-19;6279;9325;1366551;1164523;72.8;62.1
69;2021-08-20;5930;8830;1372481;1173353;73.2;62.5
69;2021-08-21;2807;3955;1375288;1177308;73.3;62.8
69;2021-08-22;1915;2420;1377203;1179728;73.4;62.9
69;2021-08-23;3667;12380;1380870;1192108;73.6;63.5
69;2021-08-24;5080;13629;1385950;1205737;73.9;64.3
69;2021-08-25;4307;12892;1390257;1218629;74.1;65.0
69;2021-08-26;4417;11726;1394674;1230355;74.3;65.6
69;2021-08-27;4242;14470;1398916;1244825;74.6;66.4
69;2021-08-28;1846;8627;1400762;1253452;74.7;66.8
69;2021-08-29;1289;6524;1402051;1259976;74.7;67.2
69;2021-08-30;3143;11814;1405194;1271790;74.9;67.8
69;2021-08-31;4104;10189;1409298;1281979;75.1;68.3
69;2021-09-01;3537;9782;1412835;1291761;75.3;68.9
69;2021-09-02;4147;9231;1416982;1300992;75.5;69.3
69;2021-09-03;3853;11242;1420835;1312234;75.7;69.9
69;2021-09-04;2177;8709;1423012;1320943;75.9;70.4
69;2021-09-05;1411;3850;1424423;1324793;75.9;70.6
69;2021-09-06;2189;6905;1426612;1331698;76.0;71.0
69;2021-09-07;2288;6967;1428900;1338665;76.2;71.4
69;2021-09-08;2627;7498;1431527;1346163;76.3;71.8
69;2021-09-09;2328;6752;1433855;1352915;76.4;72.1
69;2021-09-10;2532;7600;1436387;1360515;76.6;72.5
69;2021-09-11;1608;5278;1437995;1365793;76.7;72.8
69;2021-09-12;503;2333;1438498;1368126;76.7;72.9
69;2021-09-13;1591;5461;1440089;1373587;76.8;73.2
69;2021-09-14;1773;5503;1441862;1379090;76.9;73.5
70;2020-12-27;0;0;0;0;0.0;0.0
70;2020-12-28;0;0;0;0;0.0;0.0
70;2020-12-29;0;0;0;0;0.0;0.0
70;2020-12-30;0;0;0;0;0.0;0.0
70;2020-12-31;0;0;0;0;0.0;0.0
70;2021-01-01;0;0;0;0;0.0;0.0
70;2021-01-02;0;0;0;0;0.0;0.0
70;2021-01-03;0;0;0;0;0.0;0.0
70;2021-01-04;0;0;0;0;0.0;0.0
70;2021-01-05;1;0;1;0;0.0;0.0
70;2021-01-06;24;0;25;0;0.0;0.0
70;2021-01-07;121;0;146;0;0.1;0.0
70;2021-01-08;22;0;168;0;0.1;0.0
70;2021-01-09;0;0;168;0;0.1;0.0
70;2021-01-10;0;0;168;0;0.1;0.0
70;2021-01-11;148;1;316;1;0.1;0.0
70;2021-01-12;201;1;517;2;0.2;0.0
70;2021-01-13;172;2;689;4;0.3;0.0
70;2021-01-14;148;5;837;9;0.4;0.0
70;2021-01-15;153;1;990;10;0.4;0.0
70;2021-01-16;65;0;1055;10;0.5;0.0
70;2021-01-17;0;0;1055;10;0.5;0.0
70;2021-01-18;397;0;1452;10;0.6;0.0
70;2021-01-19;503;2;1955;12;0.8;0.0
70;2021-01-20;494;2;2449;14;1.1;0.0
70;2021-01-21;674;2;3123;16;1.3;0.0
70;2021-01-22;458;2;3581;18;1.5;0.0
70;2021-01-23;261;2;3842;20;1.6;0.0
70;2021-01-24;4;0;3846;20;1.6;0.0
70;2021-01-25;371;1;4217;21;1.8;0.0
70;2021-01-26;335;1;4552;22;2.0;0.0
70;2021-01-27;331;10;4883;32;2.1;0.0
70;2021-01-28;365;35;5248;67;2.3;0.0
70;2021-01-29;329;52;5577;119;2.4;0.1
70;2021-01-30;228;0;5805;119;2.5;0.1
70;2021-01-31;0;0;5805;119;2.5;0.1
70;2021-02-01;261;32;6066;151;2.6;0.1
70;2021-02-02;272;92;6338;243;2.7;0.1
70;2021-02-03;251;53;6589;296;2.8;0.1
70;2021-02-04;265;120;6854;416;2.9;0.2
70;2021-02-05;254;72;7108;488;3.0;0.2
70;2021-02-06;209;37;7317;525;3.1;0.2
70;2021-02-07;0;0;7317;525;3.1;0.2
70;2021-02-08;179;150;7496;675;3.2;0.3
70;2021-02-09;204;140;7700;815;3.3;0.3
70;2021-02-10;196;216;7896;1031;3.4;0.4
70;2021-02-11;351;269;8247;1300;3.5;0.6
70;2021-02-12;239;406;8486;1706;3.6;0.7
70;2021-02-13;75;145;8561;1851;3.7;0.8
70;2021-02-14;0;29;8561;1880;3.7;0.8
70;2021-02-15;70;271;8631;2151;3.7;0.9
70;2021-02-16;113;279;8744;2430;3.7;1.0
70;2021-02-17;164;274;8908;2704;3.8;1.2
70;2021-02-18;205;226;9113;2930;3.9;1.3
70;2021-02-19;197;180;9310;3110;4.0;1.3
70;2021-02-20;192;56;9502;3166;4.1;1.4
70;2021-02-21;1;0;9503;3166;4.1;1.4
70;2021-02-22;106;181;9609;3347;4.1;1.4
70;2021-02-23;125;206;9734;3553;4.2;1.5
70;2021-02-24;132;178;9866;3731;4.2;1.6
70;2021-02-25;315;199;10181;3930;4.4;1.7
70;2021-02-26;395;122;10576;4052;4.5;1.7
70;2021-02-27;147;146;10723;4198;4.6;1.8
70;2021-02-28;0;0;10723;4198;4.6;1.8
70;2021-03-01;249;206;10972;4404;4.7;1.9
70;2021-03-02;487;231;11459;4635;4.9;2.0
70;2021-03-03;467;218;11926;4853;5.1;2.1
70;2021-03-04;693;236;12619;5089;5.4;2.2
70;2021-03-05;767;225;13386;5314;5.7;2.3
70;2021-03-06;540;99;13926;5413;6.0;2.3
70;2021-03-07;216;23;14142;5436;6.1;2.3
70;2021-03-08;554;193;14696;5629;6.3;2.4
70;2021-03-09;866;165;15562;5794;6.7;2.5
70;2021-03-10;659;170;16221;5964;7.0;2.6
70;2021-03-11;698;244;16919;6208;7.3;2.7
70;2021-03-12;985;173;17904;6381;7.7;2.7
70;2021-03-13;583;117;18487;6498;7.9;2.8
70;2021-03-14;20;1;18507;6499;7.9;2.8
70;2021-03-15;774;104;19281;6603;8.3;2.8
70;2021-03-16;655;97;19936;6700;8.5;2.9
70;2021-03-17;595;179;20531;6879;8.8;2.9
70;2021-03-18;633;138;21164;7017;9.1;3.0
70;2021-03-19;1019;139;22183;7156;9.5;3.1
70;2021-03-20;641;186;22824;7342;9.8;3.1
70;2021-03-21;9;0;22833;7342;9.8;3.1
70;2021-03-22;757;97;23590;7439;10.1;3.2
70;2021-03-23;1310;154;24900;7593;10.7;3.3
70;2021-03-24;1270;106;26170;7699;11.2;3.3
70;2021-03-25;1246;198;27416;7897;11.8;3.4
70;2021-03-26;1487;298;28903;8195;12.4;3.5
70;2021-03-27;957;128;29860;8323;12.8;3.6
70;2021-03-28;0;10;29860;8333;12.8;3.6
70;2021-03-29;721;413;30581;8746;13.1;3.8
70;2021-03-30;1093;316;31674;9062;13.6;3.9
70;2021-03-31;878;317;32552;9379;14.0;4.0
70;2021-04-01;1154;428;33706;9807;14.5;4.2
70;2021-04-02;1310;345;35016;10152;15.0;4.4
70;2021-04-03;639;320;35655;10472;15.3;4.5
70;2021-04-04;11;0;35666;10472;15.3;4.5
70;2021-04-05;4;2;35670;10474;15.3;4.5
70;2021-04-06;832;555;36502;11029;15.7;4.7
70;2021-04-07;858;588;37360;11617;16.0;5.0
70;2021-04-08;1320;560;38680;12177;16.6;5.2
70;2021-04-09;1404;537;40084;12714;17.2;5.5
70;2021-04-10;859;346;40943;13060;17.6;5.6
70;2021-04-11;23;1;40966;13061;17.6;5.6
70;2021-04-12;696;660;41662;13721;17.9;5.9
70;2021-04-13;921;769;42583;14490;18.3;6.2
70;2021-04-14;816;575;43399;15065;18.6;6.5
70;2021-04-15;1079;604;44478;15669;19.1;6.7
70;2021-04-16;1243;551;45721;16220;19.6;7.0
70;2021-04-17;689;468;46410;16688;19.9;7.2
70;2021-04-18;62;4;46472;16692;19.9;7.2
70;2021-04-19;540;809;47012;17501;20.2;7.5
70;2021-04-20;664;852;47676;18353;20.4;7.9
70;2021-04-21;483;926;48159;19279;20.7;8.3
70;2021-04-22;775;800;48934;20079;21.0;8.6
70;2021-04-23;875;741;49809;20820;21.4;8.9
70;2021-04-24;432;642;50241;21462;21.5;9.2
70;2021-04-25;11;0;50252;21462;21.5;9.2
70;2021-04-26;924;604;51176;22066;21.9;9.5
70;2021-04-27;1209;753;52385;22819;22.5;9.8
70;2021-04-28;889;811;53274;23630;22.8;10.1
70;2021-04-29;1343;926;54617;24556;23.4;10.5
70;2021-04-30;1533;871;56150;25427;24.1;10.9
70;2021-05-01;1694;120;57844;25547;24.8;11.0
70;2021-05-02;2;0;57846;25547;24.8;11.0
70;2021-05-03;1189;579;59035;26126;25.3;11.2
70;2021-05-04;1354;754;60389;26880;25.9;11.5
70;2021-05-05;1190;878;61579;27758;26.4;11.9
70;2021-05-06;1847;1271;63426;29029;27.2;12.4
70;2021-05-07;2127;1239;65553;30268;28.1;13.0
70;2021-05-08;1341;193;66894;30461;28.7;13.1
70;2021-05-09;9;57;66903;30518;28.7;13.1
70;2021-05-10;961;946;67864;31464;29.1;13.5
70;2021-05-11;1241;1076;69105;32540;29.6;14.0
70;2021-05-12;1176;863;70281;33403;30.1;14.3
70;2021-05-13;1544;147;71825;33550;30.8;14.4
70;2021-05-14;2062;754;73887;34304;31.7;14.7
70;2021-05-15;2657;531;76544;34835;32.8;14.9
70;2021-05-16;999;72;77543;34907;33.3;15.0
70;2021-05-17;1238;386;78781;35293;33.8;15.1
70;2021-05-18;1296;591;80077;35884;34.3;15.4
70;2021-05-19;1476;480;81553;36364;35.0;15.6
70;2021-05-20;1779;630;83332;36994;35.7;15.9
70;2021-05-21;1693;816;85025;37810;36.5;16.2
70;2021-05-22;1221;665;86246;38475;37.0;16.5
70;2021-05-23;8;14;86254;38489;37.0;16.5
70;2021-05-24;227;27;86481;38516;37.1;16.5
70;2021-05-25;837;926;87318;39442;37.4;16.9
70;2021-05-26;1048;946;88366;40388;37.9;17.3
70;2021-05-27;1263;994;89629;41382;38.4;17.7
70;2021-05-28;1546;1158;91175;42540;39.1;18.2
70;2021-05-29;1371;587;92546;43127;39.7;18.5
70;2021-05-30;1;8;92547;43135;39.7;18.5
70;2021-05-31;969;679;93516;43814;40.1;18.8
70;2021-06-01;1213;848;94729;44662;40.6;19.2
70;2021-06-02;1265;678;95994;45340;41.2;19.4
70;2021-06-03;1430;837;97424;46177;41.8;19.8
70;2021-06-04;1335;1111;98759;47288;42.4;20.3
70;2021-06-05;1024;663;99783;47951;42.8;20.6
70;2021-06-06;599;78;100382;48029;43.0;20.6
70;2021-06-07;941;849;101323;48878;43.5;21.0
70;2021-06-08;1216;1187;102539;50065;44.0;21.5
70;2021-06-09;1156;988;103695;51053;44.5;21.9
70;2021-06-10;1569;830;105264;51883;45.1;22.2
70;2021-06-11;1587;1955;106851;53838;45.8;23.1
70;2021-06-12;829;1971;107680;55809;46.2;23.9
70;2021-06-13;143;15;107823;55824;46.2;23.9
70;2021-06-14;559;1244;108382;57068;46.5;24.5
70;2021-06-15;451;1506;108833;58574;46.7;25.1
70;2021-06-16;800;1393;109633;59967;47.0;25.7
70;2021-06-17;1154;2098;110787;62065;47.5;26.6
70;2021-06-18;997;2255;111784;64320;47.9;27.6
70;2021-06-19;1091;1639;112875;65959;48.4;28.3
70;2021-06-20;1;3;112876;65962;48.4;28.3
70;2021-06-21;692;1452;113568;67414;48.7;28.9
70;2021-06-22;654;1513;114222;68927;49.0;29.6
70;2021-06-23;662;1570;114884;70497;49.3;30.2
70;2021-06-24;877;2049;115761;72546;49.6;31.1
70;2021-06-25;681;2648;116442;75194;49.9;32.2
70;2021-06-26;943;2134;117385;77328;50.3;33.2
70;2021-06-27;141;763;117526;78091;50.4;33.5
70;2021-06-28;336;1351;117862;79442;50.5;34.1
70;2021-06-29;411;1610;118273;81052;50.7;34.8
70;2021-06-30;391;1635;118664;82687;50.9;35.5
70;2021-07-01;642;1752;119306;84439;51.2;36.2
70;2021-07-02;815;1576;120121;86015;51.5;36.9
70;2021-07-03;841;1085;120962;87100;51.9;37.4
70;2021-07-04;29;70;120991;87170;51.9;37.4
70;2021-07-05;610;1037;121601;88207;52.1;37.8
70;2021-07-06;681;1273;122282;89480;52.4;38.4
70;2021-07-07;509;1425;122791;90905;52.7;39.0
70;2021-07-08;817;1574;123608;92479;53.0;39.7
70;2021-07-09;872;1662;124480;94141;53.4;40.4
70;2021-07-10;831;1033;125311;95174;53.7;40.8
70;2021-07-11;7;20;125318;95194;53.7;40.8
70;2021-07-12;431;1391;125749;96585;53.9;41.4
70;2021-07-13;907;1867;126656;98452;54.3;42.2
70;2021-07-14;33;6;126689;98458;54.3;42.2
70;2021-07-15;1383;1692;128072;100150;54.9;42.9
70;2021-07-16;1632;2055;129704;102205;55.6;43.8
70;2021-07-17;1501;1455;131205;103660;56.3;44.5
70;2021-07-18;1145;641;132350;104301;56.8;44.7
70;2021-07-19;883;974;133233;105275;57.1;45.1
70;2021-07-20;1350;1351;134583;106626;57.7;45.7
70;2021-07-21;1288;1402;135871;108028;58.3;46.3
70;2021-07-22;1869;1828;137740;109856;59.1;47.1
70;2021-07-23;1830;2493;139570;112349;59.9;48.2
70;2021-07-24;1364;1806;140934;114155;60.4;49.0
70;2021-07-25;27;3;140961;114158;60.4;49.0
70;2021-07-26;1056;975;142017;115133;60.9;49.4
70;2021-07-27;1405;975;143422;116108;61.5;49.8
70;2021-07-28;1405;1162;144827;117270;62.1;50.3
70;2021-07-29;1874;1387;146701;118657;62.9;50.9
70;2021-07-30;1974;1346;148675;120003;63.8;51.5
70;2021-07-31;1752;1166;150427;121169;64.5;52.0
70;2021-08-01;2;4;150429;121173;64.5;52.0
70;2021-08-02;776;737;151205;121910;64.8;52.3
70;2021-08-03;1296;1037;152501;122947;65.4;52.7
70;2021-08-04;1211;921;153712;123868;65.9;53.1
70;2021-08-05;1658;1190;155370;125058;66.6;53.6
70;2021-08-06;1796;1332;157166;126390;67.4;54.2
70;2021-08-07;1194;1028;158360;127418;67.9;54.6
70;2021-08-08;35;28;158395;127446;67.9;54.7
70;2021-08-09;533;704;158928;128150;68.2;55.0
70;2021-08-10;898;1132;159826;129282;68.5;55.4
70;2021-08-11;807;722;160633;130004;68.9;55.7
70;2021-08-12;906;1272;161539;131276;69.3;56.3
70;2021-08-13;1041;1622;162580;132898;69.7;57.0
70;2021-08-14;772;975;163352;133873;70.0;57.4
70;2021-08-15;36;28;163388;133901;70.1;57.4
70;2021-08-16;544;907;163932;134808;70.3;57.8
70;2021-08-17;678;1194;164610;136002;70.6;58.3
70;2021-08-18;537;939;165147;136941;70.8;58.7
70;2021-08-19;565;1385;165712;138326;71.1;59.3
70;2021-08-20;512;1901;166224;140227;71.3;60.1
70;2021-08-21;447;1162;166671;141389;71.5;60.6
70;2021-08-22;2;6;166673;141395;71.5;60.6
70;2021-08-23;281;879;166954;142274;71.6;61.0
70;2021-08-24;386;1374;167340;143648;71.8;61.6
70;2021-08-25;354;1343;167694;144991;71.9;62.2
70;2021-08-26;439;1560;168133;146551;72.1;62.8
70;2021-08-27;389;2126;168522;148677;72.3;63.8
70;2021-08-28;367;1706;168889;150383;72.4;64.5
70;2021-08-29;11;6;168900;150389;72.4;64.5
70;2021-08-30;296;834;169196;151223;72.6;64.8
70;2021-08-31;357;1127;169553;152350;72.7;65.3
70;2021-09-01;316;1195;169869;153545;72.8;65.8
70;2021-09-02;303;1296;170172;154841;73.0;66.4
70;2021-09-03;278;1244;170450;156085;73.1;66.9
70;2021-09-04;453;1261;170903;157346;73.3;67.5
70;2021-09-05;20;31;170923;157377;73.3;67.5
70;2021-09-06;167;700;171090;158077;73.4;67.8
70;2021-09-07;186;879;171276;158956;73.4;68.2
70;2021-09-08;195;875;171471;159831;73.5;68.5
70;2021-09-09;174;861;171645;160692;73.6;68.9
70;2021-09-10;253;914;171898;161606;73.7;69.3
70;2021-09-11;289;972;172187;162578;73.8;69.7
70;2021-09-12;7;37;172194;162615;73.8;69.7
70;2021-09-13;148;440;172342;163055;73.9;69.9
70;2021-09-14;302;562;172644;163617;74.0;70.2
71;2020-12-27;0;0;0;0;0.0;0.0
71;2020-12-28;0;0;0;0;0.0;0.0
71;2020-12-29;0;0;0;0;0.0;0.0
71;2020-12-30;0;0;0;0;0.0;0.0
71;2020-12-31;0;0;0;0;0.0;0.0
71;2021-01-01;1;0;1;0;0.0;0.0
71;2021-01-02;0;0;1;0;0.0;0.0
71;2021-01-03;2;0;3;0;0.0;0.0
71;2021-01-04;1;0;4;0;0.0;0.0
71;2021-01-05;13;0;17;0;0.0;0.0
71;2021-01-06;72;0;89;0;0.0;0.0
71;2021-01-07;67;0;156;0;0.0;0.0
71;2021-01-08;146;0;302;0;0.1;0.0
71;2021-01-09;117;0;419;0;0.1;0.0
71;2021-01-10;1;0;420;0;0.1;0.0
71;2021-01-11;245;1;665;1;0.1;0.0
71;2021-01-12;846;1;1511;2;0.3;0.0
71;2021-01-13;563;2;2074;4;0.4;0.0
71;2021-01-14;583;9;2657;13;0.5;0.0
71;2021-01-15;667;2;3324;15;0.6;0.0
71;2021-01-16;9;0;3333;15;0.6;0.0
71;2021-01-17;0;0;3333;15;0.6;0.0
71;2021-01-18;1094;7;4427;22;0.8;0.0
71;2021-01-19;1696;7;6123;29;1.1;0.0
71;2021-01-20;1517;6;7640;35;1.4;0.0
71;2021-01-21;2061;15;9701;50;1.8;0.0
71;2021-01-22;1413;6;11114;56;2.0;0.0
71;2021-01-23;815;6;11929;62;2.2;0.0
71;2021-01-24;1;0;11930;62;2.2;0.0
71;2021-01-25;1065;5;12995;67;2.4;0.0
71;2021-01-26;1505;25;14500;92;2.6;0.0
71;2021-01-27;1248;33;15748;125;2.9;0.0
71;2021-01-28;1083;76;16831;201;3.1;0.0
71;2021-01-29;1014;132;17845;333;3.3;0.1
71;2021-01-30;605;1;18450;334;3.4;0.1
71;2021-01-31;1;14;18451;348;3.4;0.1
71;2021-02-01;751;226;19202;574;3.5;0.1
71;2021-02-02;753;338;19955;912;3.6;0.2
71;2021-02-03;817;395;20772;1307;3.8;0.2
71;2021-02-04;781;541;21553;1848;3.9;0.3
71;2021-02-05;704;479;22257;2327;4.1;0.4
71;2021-02-06;535;8;22792;2335;4.2;0.4
71;2021-02-07;4;49;22796;2384;4.2;0.4
71;2021-02-08;603;502;23399;2886;4.3;0.5
71;2021-02-09;368;806;23767;3692;4.3;0.7
71;2021-02-10;412;779;24179;4471;4.4;0.8
71;2021-02-11;474;941;24653;5412;4.5;1.0
71;2021-02-12;535;842;25188;6254;4.6;1.1
71;2021-02-13;124;353;25312;6607;4.6;1.2
71;2021-02-14;2;7;25314;6614;4.6;1.2
71;2021-02-15;323;698;25637;7312;4.7;1.3
71;2021-02-16;442;1083;26079;8395;4.8;1.5
71;2021-02-17;427;964;26506;9359;4.8;1.7
71;2021-02-18;548;756;27054;10115;4.9;1.8
71;2021-02-19;573;663;27627;10778;5.0;2.0
71;2021-02-20;224;283;27851;11061;5.1;2.0
71;2021-02-21;4;13;27855;11074;5.1;2.0
71;2021-02-22;237;730;28092;11804;5.1;2.2
71;2021-02-23;452;783;28544;12587;5.2;2.3
71;2021-02-24;446;572;28990;13159;5.3;2.4
71;2021-02-25;533;596;29523;13755;5.4;2.5
71;2021-02-26;830;475;30353;14230;5.5;2.6
71;2021-02-27;457;264;30810;14494;5.6;2.6
71;2021-02-28;54;14;30864;14508;5.6;2.6
71;2021-03-01;1187;557;32051;15065;5.9;2.7
71;2021-03-02;1574;541;33625;15606;6.1;2.8
71;2021-03-03;1819;682;35444;16288;6.5;3.0
71;2021-03-04;2003;719;37447;17007;6.8;3.1
71;2021-03-05;2290;609;39737;17616;7.3;3.2
71;2021-03-06;754;61;40491;17677;7.4;3.2
71;2021-03-07;40;20;40531;17697;7.4;3.2
71;2021-03-08;1452;712;41983;18409;7.7;3.4
71;2021-03-09;2160;485;44143;18894;8.1;3.4
71;2021-03-10;2173;441;46316;19335;8.5;3.5
71;2021-03-11;2629;642;48945;19977;8.9;3.6
71;2021-03-12;2605;591;51550;20568;9.4;3.8
71;2021-03-13;995;94;52545;20662;9.6;3.8
71;2021-03-14;36;0;52581;20662;9.6;3.8
71;2021-03-15;1798;487;54379;21149;9.9;3.9
71;2021-03-16;1822;202;56201;21351;10.3;3.9
71;2021-03-17;2134;246;58335;21597;10.6;3.9
71;2021-03-18;1954;428;60289;22025;11.0;4.0
71;2021-03-19;2372;331;62661;22356;11.4;4.1
71;2021-03-20;1084;40;63745;22396;11.6;4.1
71;2021-03-21;17;5;63762;22401;11.6;4.1
71;2021-03-22;2576;381;66338;22782;12.1;4.2
71;2021-03-23;3346;502;69684;23284;12.7;4.3
71;2021-03-24;3350;468;73034;23752;13.3;4.3
71;2021-03-25;4028;589;77062;24341;14.1;4.4
71;2021-03-26;4058;339;81120;24680;14.8;4.5
71;2021-03-27;997;107;82117;24787;15.0;4.5
71;2021-03-28;57;8;82174;24795;15.0;4.5
71;2021-03-29;2409;1161;84583;25956;15.4;4.7
71;2021-03-30;2952;1353;87535;27309;16.0;5.0
71;2021-03-31;2549;1519;90084;28828;16.4;5.3
71;2021-04-01;2717;1297;92801;30125;16.9;5.5
71;2021-04-02;2503;1413;95304;31538;17.4;5.8
71;2021-04-03;268;34;95572;31572;17.4;5.8
71;2021-04-04;6;0;95578;31572;17.4;5.8
71;2021-04-05;61;2;95639;31574;17.5;5.8
71;2021-04-06;2259;1874;97898;33448;17.9;6.1
71;2021-04-07;2390;1781;100288;35229;18.3;6.4
71;2021-04-08;3284;1799;103572;37028;18.9;6.8
71;2021-04-09;4043;1660;107615;38688;19.6;7.1
71;2021-04-10;769;47;108384;38735;19.8;7.1
71;2021-04-11;100;4;108484;38739;19.8;7.1
71;2021-04-12;2356;1695;110840;40434;20.2;7.4
71;2021-04-13;2585;1882;113425;42316;20.7;7.7
71;2021-04-14;2374;1917;115799;44233;21.1;8.1
71;2021-04-15;2780;1689;118579;45922;21.6;8.4
71;2021-04-16;2628;1648;121207;47570;22.1;8.7
71;2021-04-17;952;343;122159;47913;22.3;8.7
71;2021-04-18;106;6;122265;47919;22.3;8.7
71;2021-04-19;1761;2569;124026;50488;22.6;9.2
71;2021-04-20;2222;2601;126248;53089;23.0;9.7
71;2021-04-21;2124;2592;128372;55681;23.4;10.2
71;2021-04-22;2511;2440;130883;58121;23.9;10.6
71;2021-04-23;2923;2263;133806;60384;24.4;11.0
71;2021-04-24;517;53;134323;60437;24.5;11.0
71;2021-04-25;26;0;134349;60437;24.5;11.0
71;2021-04-26;2567;2136;136916;62573;25.0;11.4
71;2021-04-27;2990;2266;139906;64839;25.5;11.8
71;2021-04-28;3075;2124;142981;66963;26.1;12.2
71;2021-04-29;3781;2210;146762;69173;26.8;12.6
71;2021-04-30;3929;1715;150691;70888;27.5;12.9
71;2021-05-01;39;53;150730;70941;27.5;12.9
71;2021-05-02;23;18;150753;70959;27.5;13.0
71;2021-05-03;4289;1385;155042;72344;28.3;13.2
71;2021-05-04;2956;2357;157998;74701;28.8;13.6
71;2021-05-05;3427;2084;161425;76785;29.5;14.0
71;2021-05-06;3467;2360;164892;79145;30.1;14.4
71;2021-05-07;3679;2802;168571;81947;30.8;15.0
71;2021-05-08;180;183;168751;82130;30.8;15.0
71;2021-05-09;44;47;168795;82177;30.8;15.0
71;2021-05-10;3698;2282;172493;84459;31.5;15.4
71;2021-05-11;4664;2359;177157;86818;32.3;15.8
71;2021-05-12;3978;2595;181135;89413;33.1;16.3
71;2021-05-13;1576;155;182711;89568;33.4;16.3
71;2021-05-14;3766;2194;186477;91762;34.0;16.8
71;2021-05-15;242;330;186719;92092;34.1;16.8
71;2021-05-16;2;0;186721;92092;34.1;16.8
71;2021-05-17;3864;1886;190585;93978;34.8;17.2
71;2021-05-18;3497;2425;194082;96403;35.4;17.6
71;2021-05-19;3719;2278;197801;98681;36.1;18.0
71;2021-05-20;4183;2286;201984;100967;36.9;18.4
71;2021-05-21;3724;2561;205708;103528;37.6;18.9
71;2021-05-22;169;304;205877;103832;37.6;19.0
71;2021-05-23;14;55;205891;103887;37.6;19.0
71;2021-05-24;19;94;205910;103981;37.6;19.0
71;2021-05-25;2690;3003;208600;106984;38.1;19.5
71;2021-05-26;2973;2431;211573;109415;38.6;20.0
71;2021-05-27;3387;2587;214960;112002;39.2;20.4
71;2021-05-28;2920;3149;217880;115151;39.8;21.0
71;2021-05-29;482;656;218362;115807;39.9;21.1
71;2021-05-30;75;57;218437;115864;39.9;21.1
71;2021-05-31;2776;3450;221213;119314;40.4;21.8
71;2021-06-01;3676;3540;224889;122854;41.1;22.4
71;2021-06-02;3998;2631;228887;125485;41.8;22.9
71;2021-06-03;4436;2521;233323;128006;42.6;23.4
71;2021-06-04;3717;3701;237040;131707;43.3;24.0
71;2021-06-05;684;646;237724;132353;43.4;24.2
71;2021-06-06;57;91;237781;132444;43.4;24.2
71;2021-06-07;3282;4152;241063;136596;44.0;24.9
71;2021-06-08;3898;4010;244961;140606;44.7;25.7
71;2021-06-09;4694;2753;249655;143359;45.6;26.2
71;2021-06-10;5268;2744;254923;146103;46.5;26.7
71;2021-06-11;4435;3722;259358;149825;47.3;27.3
71;2021-06-12;716;593;260074;150418;47.5;27.5
71;2021-06-13;104;187;260178;150605;47.5;27.5
71;2021-06-14;3513;3785;263691;154390;48.1;28.2
71;2021-06-15;4207;3551;267898;157941;48.9;28.8
71;2021-06-16;4597;2729;272495;160670;49.7;29.3
71;2021-06-17;4268;2989;276763;163659;50.5;29.9
71;2021-06-18;4328;3770;281091;167429;51.3;30.6
71;2021-06-19;1269;654;282360;168083;51.5;30.7
71;2021-06-20;37;27;282397;168110;51.5;30.7
71;2021-06-21;2270;4277;284667;172387;52.0;31.5
71;2021-06-22;2687;4353;287354;176740;52.5;32.3
71;2021-06-23;3060;3420;290414;180160;53.0;32.9
71;2021-06-24;3329;3023;293743;183183;53.6;33.4
71;2021-06-25;2654;4470;296397;187653;54.1;34.3
71;2021-06-26;372;551;296769;188204;54.2;34.4
71;2021-06-27;29;68;296798;188272;54.2;34.4
71;2021-06-28;1535;4624;298333;192896;54.5;35.2
71;2021-06-29;1992;4821;300325;197717;54.8;36.1
71;2021-06-30;2505;3933;302830;201650;55.3;36.8
71;2021-07-01;2826;3904;305656;205554;55.8;37.5
71;2021-07-02;3030;3985;308686;209539;56.3;38.2
71;2021-07-03;318;711;309004;210250;56.4;38.4
71;2021-07-04;28;132;309032;210382;56.4;38.4
71;2021-07-05;2476;4321;311508;214703;56.9;39.2
71;2021-07-06;2462;4562;313970;219265;57.3;40.0
71;2021-07-07;2984;3725;316954;222990;57.9;40.7
71;2021-07-08;2769;4110;319723;227100;58.4;41.5
71;2021-07-09;2382;5021;322105;232121;58.8;42.4
71;2021-07-10;212;656;322317;232777;58.8;42.5
71;2021-07-11;15;65;322332;232842;58.8;42.5
71;2021-07-12;1913;5306;324245;238148;59.2;43.5
71;2021-07-13;2541;5865;326786;244013;59.7;44.5
71;2021-07-14;950;400;327736;244413;59.8;44.6
71;2021-07-15;3025;5732;330761;250145;60.4;45.7
71;2021-07-16;3296;6002;334057;256147;61.0;46.8
71;2021-07-17;505;779;334562;256926;61.1;46.9
71;2021-07-18;89;86;334651;257012;61.1;46.9
71;2021-07-19;2864;5551;337515;262563;61.6;47.9
71;2021-07-20;3371;5912;340886;268475;62.2;49.0
71;2021-07-21;3414;5469;344300;273944;62.8;50.0
71;2021-07-22;3945;5333;348245;279277;63.6;51.0
71;2021-07-23;3235;6000;351480;285277;64.2;52.1
71;2021-07-24;715;595;352195;285872;64.3;52.2
71;2021-07-25;148;82;352343;285954;64.3;52.2
71;2021-07-26;3598;4888;355941;290842;65.0;53.1
71;2021-07-27;4092;5122;360033;295964;65.7;54.0
71;2021-07-28;4251;4809;364284;300773;66.5;54.9
71;2021-07-29;4214;4644;368498;305417;67.3;55.8
71;2021-07-30;4242;4922;372740;310339;68.0;56.6
71;2021-07-31;722;722;373462;311061;68.2;56.8
71;2021-08-01;107;35;373569;311096;68.2;56.8
71;2021-08-02;3970;3760;377539;314856;68.9;57.5
71;2021-08-03;4406;3818;381945;318674;69.7;58.2
71;2021-08-04;4391;2982;386336;321656;70.5;58.7
71;2021-08-05;4190;3266;390526;324922;71.3;59.3
71;2021-08-06;3698;4008;394224;328930;72.0;60.0
71;2021-08-07;495;329;394719;329259;72.1;60.1
71;2021-08-08;50;65;394769;329324;72.1;60.1
71;2021-08-09;3046;3407;397815;332731;72.6;60.7
71;2021-08-10;3075;3388;400890;336119;73.2;61.4
71;2021-08-11;3185;3081;404075;339200;73.8;61.9
71;2021-08-12;3016;3106;407091;342306;74.3;62.5
71;2021-08-13;2690;3333;409781;345639;74.8;63.1
71;2021-08-14;282;518;410063;346157;74.9;63.2
71;2021-08-15;49;110;410112;346267;74.9;63.2
71;2021-08-16;1708;3526;411820;349793;75.2;63.9
71;2021-08-17;1738;3434;413558;353227;75.5;64.5
71;2021-08-18;1452;3163;415010;356390;75.8;65.1
71;2021-08-19;1274;3115;416284;359505;76.0;65.6
71;2021-08-20;1286;3698;417570;363203;76.2;66.3
71;2021-08-21;147;413;417717;363616;76.3;66.4
71;2021-08-22;40;99;417757;363715;76.3;66.4
71;2021-08-23;1422;4541;419179;368256;76.5;67.2
71;2021-08-24;1329;3800;420508;372056;76.8;67.9
71;2021-08-25;948;3773;421456;375829;76.9;68.6
71;2021-08-26;953;3395;422409;379224;77.1;69.2
71;2021-08-27;1147;4462;423556;383686;77.3;70.0
71;2021-08-28;195;413;423751;384099;77.4;70.1
71;2021-08-29;27;106;423778;384205;77.4;70.1
71;2021-08-30;1247;3939;425025;388144;77.6;70.9
71;2021-08-31;1016;3626;426041;391770;77.8;71.5
71;2021-09-01;929;3587;426970;395357;77.9;72.2
71;2021-09-02;599;3117;427569;398474;78.0;72.7
71;2021-09-03;833;4031;428402;402505;78.2;73.5
71;2021-09-04;258;586;428660;403091;78.2;73.6
71;2021-09-05;23;58;428683;403149;78.3;73.6
71;2021-09-06;635;2791;429318;405940;78.4;74.1
71;2021-09-07;515;2268;429833;408208;78.5;74.5
71;2021-09-08;710;2605;430543;410813;78.6;75.0
71;2021-09-09;454;1794;430997;412607;78.7;75.3
71;2021-09-10;804;2763;431801;415370;78.8;75.8
71;2021-09-11;200;323;432001;415693;78.9;75.9
71;2021-09-12;19;49;432020;415742;78.9;75.9
71;2021-09-13;643;1618;432663;417360;79.0;76.2
71;2021-09-14;479;1566;433142;418926;79.1;76.5
72;2020-12-27;0;0;0;0;0.0;0.0
72;2020-12-28;0;0;0;0;0.0;0.0
72;2020-12-29;0;0;0;0;0.0;0.0
72;2020-12-30;0;0;0;0;0.0;0.0
72;2020-12-31;0;0;0;0;0.0;0.0
72;2021-01-01;2;0;2;0;0.0;0.0
72;2021-01-02;0;0;2;0;0.0;0.0
72;2021-01-03;0;0;2;0;0.0;0.0
72;2021-01-04;0;0;2;0;0.0;0.0
72;2021-01-05;14;0;16;0;0.0;0.0
72;2021-01-06;27;0;43;0;0.0;0.0
72;2021-01-07;110;0;153;0;0.0;0.0
72;2021-01-08;232;0;385;0;0.1;0.0
72;2021-01-09;36;0;421;0;0.1;0.0
72;2021-01-10;0;0;421;0;0.1;0.0
72;2021-01-11;485;1;906;1;0.2;0.0
72;2021-01-12;615;1;1521;2;0.3;0.0
72;2021-01-13;500;1;2021;3;0.4;0.0
72;2021-01-14;644;3;2665;6;0.5;0.0
72;2021-01-15;478;1;3143;7;0.6;0.0
72;2021-01-16;94;0;3237;7;0.6;0.0
72;2021-01-17;0;0;3237;7;0.6;0.0
72;2021-01-18;294;0;3531;7;0.6;0.0
72;2021-01-19;777;4;4308;11;0.8;0.0
72;2021-01-20;1538;6;5846;17;1.0;0.0
72;2021-01-21;1776;5;7622;22;1.4;0.0
72;2021-01-22;1149;5;8771;27;1.6;0.0
72;2021-01-23;32;0;8803;27;1.6;0.0
72;2021-01-24;0;0;8803;27;1.6;0.0
72;2021-01-25;503;7;9306;34;1.7;0.0
72;2021-01-26;1164;21;10470;55;1.9;0.0
72;2021-01-27;884;20;11354;75;2.0;0.0
72;2021-01-28;777;66;12131;141;2.2;0.0
72;2021-01-29;712;59;12843;200;2.3;0.0
72;2021-01-30;58;0;12901;200;2.3;0.0
72;2021-01-31;1;0;12902;200;2.3;0.0
72;2021-02-01;499;195;13401;395;2.4;0.1
72;2021-02-02;506;288;13907;683;2.5;0.1
72;2021-02-03;487;216;14394;899;2.6;0.2
72;2021-02-04;477;327;14871;1226;2.7;0.2
72;2021-02-05;514;304;15385;1530;2.7;0.3
72;2021-02-06;83;7;15468;1537;2.8;0.3
72;2021-02-07;19;1;15487;1538;2.8;0.3
72;2021-02-08;310;319;15797;1857;2.8;0.3
72;2021-02-09;488;500;16285;2357;2.9;0.4
72;2021-02-10;567;847;16852;3204;3.0;0.6
72;2021-02-11;861;1249;17713;4453;3.2;0.8
72;2021-02-12;851;564;18564;5017;3.3;0.9
72;2021-02-13;109;35;18673;5052;3.3;0.9
72;2021-02-14;1;22;18674;5074;3.3;0.9
72;2021-02-15;220;389;18894;5463;3.4;1.0
72;2021-02-16;503;935;19397;6398;3.5;1.1
72;2021-02-17;463;577;19860;6975;3.5;1.2
72;2021-02-18;594;540;20454;7515;3.7;1.3
72;2021-02-19;521;491;20975;8006;3.7;1.4
72;2021-02-20;79;50;21054;8056;3.8;1.4
72;2021-02-21;0;0;21054;8056;3.8;1.4
72;2021-02-22;328;457;21382;8513;3.8;1.5
72;2021-02-23;569;372;21951;8885;3.9;1.6
72;2021-02-24;435;408;22386;9293;4.0;1.7
72;2021-02-25;922;468;23308;9761;4.2;1.7
72;2021-02-26;600;395;23908;10156;4.3;1.8
72;2021-02-27;322;32;24230;10188;4.3;1.8
72;2021-02-28;15;17;24245;10205;4.3;1.8
72;2021-03-01;378;371;24623;10576;4.4;1.9
72;2021-03-02;503;513;25126;11089;4.5;2.0
72;2021-03-03;733;540;25859;11629;4.6;2.1
72;2021-03-04;741;672;26600;12301;4.7;2.2
72;2021-03-05;935;691;27535;12992;4.9;2.3
72;2021-03-06;762;111;28297;13103;5.1;2.3
72;2021-03-07;448;26;28745;13129;5.1;2.3
72;2021-03-08;560;390;29305;13519;5.2;2.4
72;2021-03-09;1045;558;30350;14077;5.4;2.5
72;2021-03-10;1136;613;31486;14690;5.6;2.6
72;2021-03-11;1611;426;33097;15116;5.9;2.7
72;2021-03-12;1364;482;34461;15598;6.2;2.8
72;2021-03-13;983;103;35444;15701;6.3;2.8
72;2021-03-14;14;10;35458;15711;6.3;2.8
72;2021-03-15;1159;213;36617;15924;6.5;2.8
72;2021-03-16;1052;180;37669;16104;6.7;2.9
72;2021-03-17;1035;253;38704;16357;6.9;2.9
72;2021-03-18;1088;361;39792;16718;7.1;3.0
72;2021-03-19;1275;286;41067;17004;7.3;3.0
72;2021-03-20;489;88;41556;17092;7.4;3.1
72;2021-03-21;19;0;41575;17092;7.4;3.1
72;2021-03-22;1347;339;42922;17431;7.7;3.1
72;2021-03-23;1724;472;44646;17903;8.0;3.2
72;2021-03-24;1841;296;46487;18199;8.3;3.2
72;2021-03-25;2447;459;48934;18658;8.7;3.3
72;2021-03-26;2336;367;51270;19025;9.2;3.4
72;2021-03-27;614;31;51884;19056;9.3;3.4
72;2021-03-28;22;0;51906;19056;9.3;3.4
72;2021-03-29;1616;381;53522;19437;9.6;3.5
72;2021-03-30;2496;384;56018;19821;10.0;3.5
72;2021-03-31;2145;365;58163;20186;10.4;3.6
72;2021-04-01;2851;349;61014;20535;10.9;3.7
72;2021-04-02;2249;398;63263;20933;11.3;3.7
72;2021-04-03;292;39;63555;20972;11.3;3.7
72;2021-04-04;16;3;63571;20975;11.3;3.7
72;2021-04-05;51;49;63622;21024;11.4;3.8
72;2021-04-06;1759;469;65381;21493;11.7;3.8
72;2021-04-07;2575;597;67956;22090;12.1;3.9
72;2021-04-08;2725;781;70681;22871;12.6;4.1
72;2021-04-09;3864;581;74545;23452;13.3;4.2
72;2021-04-10;1112;52;75657;23504;13.5;4.2
72;2021-04-11;8;1;75665;23505;13.5;4.2
72;2021-04-12;1850;902;77515;24407;13.8;4.4
72;2021-04-13;2373;1072;79888;25479;14.3;4.5
72;2021-04-14;2250;1095;82138;26574;14.7;4.7
72;2021-04-15;2422;1117;84560;27691;15.1;4.9
72;2021-04-16;2563;957;87123;28648;15.6;5.1
72;2021-04-17;707;144;87830;28792;15.7;5.1
72;2021-04-18;57;2;87887;28794;15.7;5.1
72;2021-04-19;1396;1089;89283;29883;15.9;5.3
72;2021-04-20;2997;1303;92280;31186;16.5;5.6
72;2021-04-21;2516;1561;94796;32747;16.9;5.8
72;2021-04-22;2814;1791;97610;34538;17.4;6.2
72;2021-04-23;3215;1455;100825;35993;18.0;6.4
72;2021-04-24;1400;268;102225;36261;18.2;6.5
72;2021-04-25;881;18;103106;36279;18.4;6.5
72;2021-04-26;3514;1474;106620;37753;19.0;6.7
72;2021-04-27;4093;1852;110713;39605;19.8;7.1
72;2021-04-28;3834;1870;114547;41475;20.4;7.4
72;2021-04-29;4161;1780;118708;43255;21.2;7.7
72;2021-04-30;3615;1703;122323;44958;21.8;8.0
72;2021-05-01;1642;225;123965;45183;22.1;8.1
72;2021-05-02;1533;161;125498;45344;22.4;8.1
72;2021-05-03;3456;1153;128954;46497;23.0;8.3
72;2021-05-04;4012;1797;132966;48294;23.7;8.6
72;2021-05-05;3868;2173;136834;50467;24.4;9.0
72;2021-05-06;3597;1930;140431;52397;25.1;9.4
72;2021-05-07;3543;2138;143974;54535;25.7;9.7
72;2021-05-08;1899;152;145873;54687;26.0;9.8
72;2021-05-09;2082;214;147955;54901;26.4;9.8
72;2021-05-10;3770;1525;151725;56426;27.1;10.1
72;2021-05-11;4597;1993;156322;58419;27.9;10.4
72;2021-05-12;4081;1817;160403;60236;28.6;10.8
72;2021-05-13;3032;273;163435;60509;29.2;10.8
72;2021-05-14;3663;1396;167098;61905;29.8;11.0
72;2021-05-15;3121;366;170219;62271;30.4;11.1
72;2021-05-16;2502;152;172721;62423;30.8;11.1
72;2021-05-17;3725;1285;176446;63708;31.5;11.4
72;2021-05-18;4331;1687;180777;65395;32.3;11.7
72;2021-05-19;3976;1509;184753;66904;33.0;11.9
72;2021-05-20;4262;1451;189015;68355;33.7;12.2
72;2021-05-21;3789;1388;192804;69743;34.4;12.4
72;2021-05-22;2561;506;195365;70249;34.9;12.5
72;2021-05-23;1391;163;196756;70412;35.1;12.6
72;2021-05-24;2353;294;199109;70706;35.5;12.6
72;2021-05-25;4075;1412;203184;72118;36.3;12.9
72;2021-05-26;4097;1413;207281;73531;37.0;13.1
72;2021-05-27;4346;2048;211627;75579;37.8;13.5
72;2021-05-28;4105;2002;215732;77581;38.5;13.8
72;2021-05-29;2668;804;218400;78385;39.0;14.0
72;2021-05-30;1142;870;219542;79255;39.2;14.1
72;2021-05-31;3121;2326;222663;81581;39.7;14.6
72;2021-06-01;3569;2668;226232;84249;40.4;15.0
72;2021-06-02;3613;2778;229845;87027;41.0;15.5
72;2021-06-03;4242;2996;234087;90023;41.8;16.1
72;2021-06-04;3891;2752;237978;92775;42.5;16.6
72;2021-06-05;1440;2568;239418;95343;42.7;17.0
72;2021-06-06;908;1542;240326;96885;42.9;17.3
72;2021-06-07;1746;3423;242072;100308;43.2;17.9
72;2021-06-08;2931;3832;245003;104140;43.7;18.6
72;2021-06-09;2648;3370;247651;107510;44.2;19.2
72;2021-06-10;2826;3315;250477;110825;44.7;19.8
72;2021-06-11;2840;3771;253317;114596;45.2;20.5
72;2021-06-12;1242;2598;254559;117194;45.4;20.9
72;2021-06-13;388;1860;254947;119054;45.5;21.3
72;2021-06-14;1336;4127;256283;123181;45.7;22.0
72;2021-06-15;2755;3507;259038;126688;46.2;22.6
72;2021-06-16;2428;3579;261466;130267;46.7;23.3
72;2021-06-17;2319;3869;263785;134136;47.1;23.9
72;2021-06-18;2310;4311;266095;138447;47.5;24.7
72;2021-06-19;1128;2763;267223;141210;47.7;25.2
72;2021-06-20;339;2056;267562;143266;47.8;25.6
72;2021-06-21;1563;4028;269125;147294;48.0;26.3
72;2021-06-22;1712;4992;270837;152286;48.3;27.2
72;2021-06-23;2008;4221;272845;156507;48.7;27.9
72;2021-06-24;2233;4011;275078;160518;49.1;28.7
72;2021-06-25;1774;4835;276852;165353;49.4;29.5
72;2021-06-26;1190;2877;278042;168230;49.6;30.0
72;2021-06-27;392;2112;278434;170342;49.7;30.4
72;2021-06-28;1440;4293;279874;174635;50.0;31.2
72;2021-06-29;1770;4740;281644;179375;50.3;32.0
72;2021-06-30;1980;4169;283624;183544;50.6;32.8
72;2021-07-01;1953;4417;285577;187961;51.0;33.6
72;2021-07-02;1853;4715;287430;192676;51.3;34.4
72;2021-07-03;1294;3122;288724;195798;51.5;34.9
72;2021-07-04;584;1949;289308;197747;51.6;35.3
72;2021-07-05;1194;4165;290502;201912;51.9;36.0
72;2021-07-06;1462;5150;291964;207062;52.1;37.0
72;2021-07-07;1582;4609;293546;211671;52.4;37.8
72;2021-07-08;1648;4324;295194;215995;52.7;38.6
72;2021-07-09;2107;4604;297301;220599;53.1;39.4
72;2021-07-10;1595;2690;298896;223289;53.4;39.9
72;2021-07-11;948;1587;299844;224876;53.5;40.1
72;2021-07-12;1592;3752;301436;228628;53.8;40.8
72;2021-07-13;2090;4774;303526;233402;54.2;41.7
72;2021-07-14;1327;2365;304853;235767;54.4;42.1
72;2021-07-15;3488;3421;308341;239188;55.0;42.7
72;2021-07-16;3175;4122;311516;243310;55.6;43.4
72;2021-07-17;2646;1758;314162;245068;56.1;43.7
72;2021-07-18;1710;823;315872;245891;56.4;43.9
72;2021-07-19;2919;3507;318791;249398;56.9;44.5
72;2021-07-20;3038;4279;321829;253677;57.4;45.3
72;2021-07-21;2883;3585;324712;257262;58.0;45.9
72;2021-07-22;3773;2911;328485;260173;58.6;46.4
72;2021-07-23;3478;3790;331963;263963;59.3;47.1
72;2021-07-24;2820;1460;334783;265423;59.8;47.4
72;2021-07-25;1456;1080;336239;266503;60.0;47.6
72;2021-07-26;2724;2918;338963;269421;60.5;48.1
72;2021-07-27;3859;3817;342822;273238;61.2;48.8
72;2021-07-28;3571;3121;346393;276359;61.8;49.3
72;2021-07-29;3572;2711;349965;279070;62.5;49.8
72;2021-07-30;3788;3378;353753;282448;63.1;50.4
72;2021-07-31;2550;1747;356303;284195;63.6;50.7
72;2021-08-01;1837;432;358140;284627;63.9;50.8
72;2021-08-02;3215;2285;361355;286912;64.5;51.2
72;2021-08-03;3237;3297;364592;290209;65.1;51.8
72;2021-08-04;3769;2549;368361;292758;65.8;52.3
72;2021-08-05;3770;2461;372131;295219;66.4;52.7
72;2021-08-06;3339;2693;375470;297912;67.0;53.2
72;2021-08-07;2348;1612;377818;299524;67.4;53.5
72;2021-08-08;1625;699;379443;300223;67.7;53.6
72;2021-08-09;2700;2666;382143;302889;68.2;54.1
72;2021-08-10;2917;2748;385060;305637;68.7;54.6
72;2021-08-11;2368;2203;387428;307840;69.2;54.9
72;2021-08-12;2378;2597;389806;310437;69.6;55.4
72;2021-08-13;2157;2295;391963;312732;70.0;55.8
72;2021-08-14;1167;1545;393130;314277;70.2;56.1
72;2021-08-15;623;614;393753;314891;70.3;56.2
72;2021-08-16;1654;2373;395407;317264;70.6;56.6
72;2021-08-17;1716;2888;397123;320152;70.9;57.1
72;2021-08-18;1710;2874;398833;323026;71.2;57.7
72;2021-08-19;1246;2916;400079;325942;71.4;58.2
72;2021-08-20;1652;3168;401731;329110;71.7;58.7
72;2021-08-21;698;2031;402429;331141;71.8;59.1
72;2021-08-22;259;1150;402688;332291;71.9;59.3
72;2021-08-23;1736;3421;404424;335712;72.2;59.9
72;2021-08-24;1529;4124;405953;339836;72.5;60.7
72;2021-08-25;1593;3451;407546;343287;72.7;61.3
72;2021-08-26;1265;4443;408811;347730;73.0;62.1
72;2021-08-27;1185;4110;409996;351840;73.2;62.8
72;2021-08-28;878;2656;410874;354496;73.3;63.3
72;2021-08-29;356;1682;411230;356178;73.4;63.6
72;2021-08-30;1131;3465;412361;359643;73.6;64.2
72;2021-08-31;1217;4012;413578;363655;73.8;64.9
72;2021-09-01;1066;3308;414644;366963;74.0;65.5
72;2021-09-02;901;3459;415545;370422;74.2;66.1
72;2021-09-03;927;3305;416472;373727;74.3;66.7
72;2021-09-04;701;2659;417173;376386;74.5;67.2
72;2021-09-05;256;1553;417429;377939;74.5;67.5
72;2021-09-06;585;2812;418014;380751;74.6;68.0
72;2021-09-07;499;2950;418513;383701;74.7;68.5
72;2021-09-08;617;3173;419130;386874;74.8;69.1
72;2021-09-09;393;2094;419523;388968;74.9;69.4
72;2021-09-10;624;2711;420147;391679;75.0;69.9
72;2021-09-11;401;2716;420548;394395;75.1;70.4
72;2021-09-12;168;954;420716;395349;75.1;70.6
72;2021-09-13;366;1616;421082;396965;75.2;70.9
72;2021-09-14;480;1656;421562;398621;75.2;71.2
73;2020-12-27;1;0;1;0;0.0;0.0
73;2020-12-28;1;0;2;0;0.0;0.0
73;2020-12-29;0;0;2;0;0.0;0.0
73;2020-12-30;0;0;2;0;0.0;0.0
73;2020-12-31;0;0;2;0;0.0;0.0
73;2021-01-01;0;0;2;0;0.0;0.0
73;2021-01-02;0;0;2;0;0.0;0.0
73;2021-01-03;0;0;2;0;0.0;0.0
73;2021-01-04;1;0;3;0;0.0;0.0
73;2021-01-05;0;0;3;0;0.0;0.0
73;2021-01-06;1;0;4;0;0.0;0.0
73;2021-01-07;30;0;34;0;0.0;0.0
73;2021-01-08;81;0;115;0;0.0;0.0
73;2021-01-09;0;0;115;0;0.0;0.0
73;2021-01-10;0;0;115;0;0.0;0.0
73;2021-01-11;101;0;216;0;0.0;0.0
73;2021-01-12;303;1;519;1;0.1;0.0
73;2021-01-13;360;1;879;2;0.2;0.0
73;2021-01-14;515;2;1394;4;0.3;0.0
73;2021-01-15;617;1;2011;5;0.5;0.0
73;2021-01-16;128;0;2139;5;0.5;0.0
73;2021-01-17;0;0;2139;5;0.5;0.0
73;2021-01-18;624;0;2763;5;0.6;0.0
73;2021-01-19;1241;2;4004;7;0.9;0.0
73;2021-01-20;951;2;4955;9;1.1;0.0
73;2021-01-21;984;4;5939;13;1.4;0.0
73;2021-01-22;947;0;6886;13;1.6;0.0
73;2021-01-23;387;0;7273;13;1.7;0.0
73;2021-01-24;0;0;7273;13;1.7;0.0
73;2021-01-25;656;4;7929;17;1.8;0.0
73;2021-01-26;761;2;8690;19;2.0;0.0
73;2021-01-27;1106;5;9796;24;2.3;0.0
73;2021-01-28;961;5;10757;29;2.5;0.0
73;2021-01-29;683;5;11440;34;2.6;0.0
73;2021-01-30;345;2;11785;36;2.7;0.0
73;2021-01-31;0;0;11785;36;2.7;0.0
73;2021-02-01;607;37;12392;73;2.9;0.0
73;2021-02-02;753;327;13145;400;3.0;0.1
73;2021-02-03;650;342;13795;742;3.2;0.2
73;2021-02-04;626;224;14421;966;3.3;0.2
73;2021-02-05;680;398;15101;1364;3.5;0.3
73;2021-02-06;262;38;15363;1402;3.6;0.3
73;2021-02-07;1;0;15364;1402;3.6;0.3
73;2021-02-08;523;227;15887;1629;3.7;0.4
73;2021-02-09;793;400;16680;2029;3.9;0.5
73;2021-02-10;900;364;17580;2393;4.1;0.6
73;2021-02-11;962;673;18542;3066;4.3;0.7
73;2021-02-12;810;462;19352;3528;4.5;0.8
73;2021-02-13;263;46;19615;3574;4.5;0.8
73;2021-02-14;1;0;19616;3574;4.5;0.8
73;2021-02-15;346;387;19962;3961;4.6;0.9
73;2021-02-16;454;619;20416;4580;4.7;1.1
73;2021-02-17;451;829;20867;5409;4.8;1.3
73;2021-02-18;468;429;21335;5838;4.9;1.3
73;2021-02-19;445;528;21780;6366;5.0;1.5
73;2021-02-20;69;189;21849;6555;5.1;1.5
73;2021-02-21;0;0;21849;6555;5.1;1.5
73;2021-02-22;240;356;22089;6911;5.1;1.6
73;2021-02-23;327;434;22416;7345;5.2;1.7
73;2021-02-24;487;619;22903;7964;5.3;1.8
73;2021-02-25;503;410;23406;8374;5.4;1.9
73;2021-02-26;730;491;24136;8865;5.6;2.0
73;2021-02-27;330;201;24466;9066;5.7;2.1
73;2021-02-28;1;1;24467;9067;5.7;2.1
73;2021-03-01;557;441;25024;9508;5.8;2.2
73;2021-03-02;667;772;25691;10280;5.9;2.4
73;2021-03-03;642;1037;26333;11317;6.1;2.6
73;2021-03-04;1039;810;27372;12127;6.3;2.8
73;2021-03-05;1240;539;28612;12666;6.6;2.9
73;2021-03-06;1091;296;29703;12962;6.9;3.0
73;2021-03-07;455;88;30158;13050;7.0;3.0
73;2021-03-08;607;394;30765;13444;7.1;3.1
73;2021-03-09;983;466;31748;13910;7.3;3.2
73;2021-03-10;1035;759;32783;14669;7.6;3.4
73;2021-03-11;1558;586;34341;15255;7.9;3.5
73;2021-03-12;2018;506;36359;15761;8.4;3.6
73;2021-03-13;1179;192;37538;15953;8.7;3.7
73;2021-03-14;66;3;37604;15956;8.7;3.7
73;2021-03-15;1185;367;38789;16323;9.0;3.8
73;2021-03-16;796;389;39585;16712;9.2;3.9
73;2021-03-17;878;456;40463;17168;9.4;4.0
73;2021-03-18;1351;257;41814;17425;9.7;4.0
73;2021-03-19;1766;386;43580;17811;10.1;4.1
73;2021-03-20;888;127;44468;17938;10.3;4.1
73;2021-03-21;123;2;44591;17940;10.3;4.1
73;2021-03-22;1183;397;45774;18337;10.6;4.2
73;2021-03-23;1448;237;47222;18574;10.9;4.3
73;2021-03-24;1593;342;48815;18916;11.3;4.4
73;2021-03-25;2063;386;50878;19302;11.8;4.5
73;2021-03-26;2472;366;53350;19668;12.3;4.5
73;2021-03-27;885;147;54235;19815;12.5;4.6
73;2021-03-28;312;14;54547;19829;12.6;4.6
73;2021-03-29;1509;237;56056;20066;13.0;4.6
73;2021-03-30;2088;487;58144;20553;13.4;4.8
73;2021-03-31;2089;399;60233;20952;13.9;4.8
73;2021-04-01;2087;334;62320;21286;14.4;4.9
73;2021-04-02;2363;228;64683;21514;15.0;5.0
73;2021-04-03;848;147;65531;21661;15.1;5.0
73;2021-04-04;188;17;65719;21678;15.2;5.0
73;2021-04-05;212;26;65931;21704;15.2;5.0
73;2021-04-06;1507;509;67438;22213;15.6;5.1
73;2021-04-07;1946;649;69384;22862;16.0;5.3
73;2021-04-08;2491;820;71875;23682;16.6;5.5
73;2021-04-09;3062;522;74937;24204;17.3;5.6
73;2021-04-10;1135;320;76072;24524;17.6;5.7
73;2021-04-11;163;10;76235;24534;17.6;5.7
73;2021-04-12;1695;979;77930;25513;18.0;5.9
73;2021-04-13;1893;1128;79823;26641;18.5;6.2
73;2021-04-14;2017;1093;81840;27734;18.9;6.4
73;2021-04-15;2416;1189;84256;28923;19.5;6.7
73;2021-04-16;1894;932;86150;29855;19.9;6.9
73;2021-04-17;1176;560;87326;30415;20.2;7.0
73;2021-04-18;155;76;87481;30491;20.2;7.0
73;2021-04-19;1383;1057;88864;31548;20.5;7.3
73;2021-04-20;1790;1320;90654;32868;21.0;7.6
73;2021-04-21;1576;1301;92230;34169;21.3;7.9
73;2021-04-22;1813;1225;94043;35394;21.7;8.2
73;2021-04-23;1897;1254;95940;36648;22.2;8.5
73;2021-04-24;980;672;96920;37320;22.4;8.6
73;2021-04-25;79;96;96999;37416;22.4;8.7
73;2021-04-26;1164;1319;98163;38735;22.7;9.0
73;2021-04-27;1441;1467;99604;40202;23.0;9.3
73;2021-04-28;1732;1456;101336;41658;23.4;9.6
73;2021-04-29;2413;1563;103749;43221;24.0;10.0
73;2021-04-30;2397;1431;106146;44652;24.5;10.3
73;2021-05-01;1068;308;107214;44960;24.8;10.4
73;2021-05-02;34;165;107248;45125;24.8;10.4
73;2021-05-03;1392;1593;108640;46718;25.1;10.8
73;2021-05-04;1712;1827;110352;48545;25.5;11.2
73;2021-05-05;1976;1684;112328;50229;26.0;11.6
73;2021-05-06;2431;1695;114759;51924;26.5;12.0
73;2021-05-07;2261;1835;117020;53759;27.1;12.4
73;2021-05-08;1837;377;118857;54136;27.5;12.5
73;2021-05-09;127;125;118984;54261;27.5;12.5
73;2021-05-10;1608;1891;120592;56152;27.9;13.0
73;2021-05-11;2379;2367;122971;58519;28.4;13.5
73;2021-05-12;3556;2095;126527;60614;29.3;14.0
73;2021-05-13;1554;276;128081;60890;29.6;14.1
73;2021-05-14;1588;1492;129669;62382;30.0;14.4
73;2021-05-15;1447;943;131116;63325;30.3;14.6
73;2021-05-16;131;62;131247;63387;30.3;14.7
73;2021-05-17;1712;1949;132959;65336;30.7;15.1
73;2021-05-18;2495;1735;135454;67071;31.3;15.5
73;2021-05-19;2539;1623;137993;68694;31.9;15.9
73;2021-05-20;3161;1501;141154;70195;32.6;16.2
73;2021-05-21;2473;1849;143627;72044;33.2;16.7
73;2021-05-22;1989;923;145616;72967;33.7;16.9
73;2021-05-23;212;15;145828;72982;33.7;16.9
73;2021-05-24;2565;324;148393;73306;34.3;16.9
73;2021-05-25;2139;1741;150532;75047;34.8;17.3
73;2021-05-26;2343;1999;152875;77046;35.3;17.8
73;2021-05-27;3082;1712;155957;78758;36.1;18.2
73;2021-05-28;2918;2371;158875;81129;36.7;18.8
73;2021-05-29;2316;1321;161191;82450;37.3;19.1
73;2021-05-30;187;14;161378;82464;37.3;19.1
73;2021-05-31;2410;1630;163788;84094;37.9;19.4
73;2021-06-01;3178;1790;166966;85884;38.6;19.9
73;2021-06-02;3107;1453;170073;87337;39.3;20.2
73;2021-06-03;4424;1740;174497;89077;40.3;20.6
73;2021-06-04;4277;2183;178774;91260;41.3;21.1
73;2021-06-05;3161;1280;181935;92540;42.1;21.4
73;2021-06-06;1881;298;183816;92838;42.5;21.5
73;2021-06-07;2760;2147;186576;94985;43.1;22.0
73;2021-06-08;2685;1873;189261;96858;43.8;22.4
73;2021-06-09;2366;1789;191627;98647;44.3;22.8
73;2021-06-10;2006;1643;193633;100290;44.8;23.2
73;2021-06-11;2191;2440;195824;102730;45.3;23.7
73;2021-06-12;2246;1331;198070;104061;45.8;24.1
73;2021-06-13;44;82;198114;104143;45.8;24.1
73;2021-06-14;1347;2926;199461;107069;46.1;24.8
73;2021-06-15;1592;2755;201053;109824;46.5;25.4
73;2021-06-16;1468;2565;202521;112389;46.8;26.0
73;2021-06-17;946;1728;203467;114117;47.0;26.4
73;2021-06-18;1884;2930;205351;117047;47.5;27.1
73;2021-06-19;1423;1986;206774;119033;47.8;27.5
73;2021-06-20;448;307;207222;119340;47.9;27.6
73;2021-06-21;1110;2938;208332;122278;48.2;28.3
73;2021-06-22;1093;2870;209425;125148;48.4;28.9
73;2021-06-23;1085;3136;210510;128284;48.7;29.7
73;2021-06-24;883;1794;211393;130078;48.9;30.1
73;2021-06-25;1324;2794;212717;132872;49.2;30.7
73;2021-06-26;968;2397;213685;135269;49.4;31.3
73;2021-06-27;329;549;214014;135818;49.5;31.4
73;2021-06-28;971;3556;214985;139374;49.7;32.2
73;2021-06-29;1075;3341;216060;142715;50.0;33.0
73;2021-06-30;1241;3116;217301;145831;50.2;33.7
73;2021-07-01;1175;2363;218476;148194;50.5;34.3
73;2021-07-02;1206;3617;219682;151811;50.8;35.1
73;2021-07-03;961;2793;220643;154604;51.0;35.7
73;2021-07-04;301;619;220944;155223;51.1;35.9
73;2021-07-05;1156;3683;222100;158906;51.3;36.7
73;2021-07-06;1251;2950;223351;161856;51.6;37.4
73;2021-07-07;1444;2949;224795;164805;52.0;38.1
73;2021-07-08;1373;2299;226168;167104;52.3;38.6
73;2021-07-09;1430;4025;227598;171129;52.6;39.6
73;2021-07-10;891;3012;228489;174141;52.8;40.3
73;2021-07-11;561;1470;229050;175611;53.0;40.6
73;2021-07-12;1060;4195;230110;179806;53.2;41.6
73;2021-07-13;1729;4227;231839;184033;53.6;42.5
73;2021-07-14;1844;1919;233683;185952;54.0;43.0
73;2021-07-15;2747;3795;236430;189747;54.7;43.9
73;2021-07-16;2416;4016;238846;193763;55.2;44.8
73;2021-07-17;1515;2607;240361;196370;55.6;45.4
73;2021-07-18;1176;1217;241537;197587;55.8;45.7
73;2021-07-19;2451;3250;243988;200837;56.4;46.4
73;2021-07-20;3367;2854;247355;203691;57.2;47.1
73;2021-07-21;3382;2789;250737;206480;58.0;47.7
73;2021-07-22;2733;2215;253470;208695;58.6;48.2
73;2021-07-23;3417;2902;256887;211597;59.4;48.9
73;2021-07-24;2059;2280;258946;213877;59.9;49.4
73;2021-07-25;625;797;259571;214674;60.0;49.6
73;2021-07-26;2634;2494;262205;217168;60.6;50.2
73;2021-07-27;3815;2273;266020;219441;61.5;50.7
73;2021-07-28;3536;2095;269556;221536;62.3;51.2
73;2021-07-29;3981;2153;273537;223689;63.2;51.7
73;2021-07-30;3565;2475;277102;226164;64.1;52.3
73;2021-07-31;2477;1590;279579;227754;64.6;52.7
73;2021-08-01;833;620;280412;228374;64.8;52.8
73;2021-08-02;3105;2102;283517;230476;65.5;53.3
73;2021-08-03;3492;1999;287009;232475;66.4;53.7
73;2021-08-04;3299;2025;290308;234500;67.1;54.2
73;2021-08-05;2876;2230;293184;236730;67.8;54.7
73;2021-08-06;2510;2380;295694;239110;68.4;55.3
73;2021-08-07;1418;1482;297112;240592;68.7;55.6
73;2021-08-08;434;619;297546;241211;68.8;55.8
73;2021-08-09;1786;2391;299332;243602;69.2;56.3
73;2021-08-10;1896;2487;301228;246089;69.6;56.9
73;2021-08-11;1847;2534;303075;248623;70.1;57.5
73;2021-08-12;1679;2500;304754;251123;70.5;58.1
73;2021-08-13;1458;2840;306212;253963;70.8;58.7
73;2021-08-14;990;1534;307202;255497;71.0;59.1
73;2021-08-15;92;161;307294;255658;71.0;59.1
73;2021-08-16;950;1395;308244;257053;71.3;59.4
73;2021-08-17;962;1960;309206;259013;71.5;59.9
73;2021-08-18;1033;2842;310239;261855;71.7;60.5
73;2021-08-19;1041;3055;311280;264910;72.0;61.2
73;2021-08-20;849;3144;312129;268054;72.2;62.0
73;2021-08-21;459;1837;312588;269891;72.3;62.4
73;2021-08-22;268;936;312856;270827;72.3;62.6
73;2021-08-23;677;2970;313533;273797;72.5;63.3
73;2021-08-24;894;3158;314427;276955;72.7;64.0
73;2021-08-25;709;2906;315136;279861;72.9;64.7
73;2021-08-26;684;2424;315820;282285;73.0;65.3
73;2021-08-27;787;2749;316607;285034;73.2;65.9
73;2021-08-28;456;1748;317063;286782;73.3;66.3
73;2021-08-29;302;1015;317365;287797;73.4;66.5
73;2021-08-30;816;2587;318181;290384;73.6;67.1
73;2021-08-31;808;2387;318989;292771;73.7;67.7
73;2021-09-01;741;2249;319730;295020;73.9;68.2
73;2021-09-02;617;2016;320347;297036;74.1;68.7
73;2021-09-03;691;2207;321038;299243;74.2;69.2
73;2021-09-04;527;1463;321565;300706;74.3;69.5
73;2021-09-05;226;752;321791;301458;74.4;69.7
73;2021-09-06;345;1287;322136;302745;74.5;70.0
73;2021-09-07;413;1092;322549;303837;74.6;70.2
73;2021-09-08;486;1182;323035;305019;74.7;70.5
73;2021-09-09;462;1284;323497;306303;74.8;70.8
73;2021-09-10;574;1525;324071;307828;74.9;71.2
73;2021-09-11;350;1091;324421;308919;75.0;71.4
73;2021-09-12;96;163;324517;309082;75.0;71.5
73;2021-09-13;341;1026;324858;310108;75.1;71.7
73;2021-09-14;401;953;325259;311061;75.2;71.9
74;2020-12-27;9;0;9;0;0.0;0.0
74;2020-12-28;3;0;12;0;0.0;0.0
74;2020-12-29;0;0;12;0;0.0;0.0
74;2020-12-30;2;0;14;0;0.0;0.0
74;2020-12-31;0;0;14;0;0.0;0.0
74;2021-01-01;0;0;14;0;0.0;0.0
74;2021-01-02;1;1;15;1;0.0;0.0
74;2021-01-03;0;0;15;1;0.0;0.0
74;2021-01-04;3;0;18;1;0.0;0.0
74;2021-01-05;3;0;21;1;0.0;0.0
74;2021-01-06;47;0;68;1;0.0;0.0
74;2021-01-07;219;1;287;2;0.0;0.0
74;2021-01-08;292;2;579;4;0.1;0.0
74;2021-01-09;78;0;657;4;0.1;0.0
74;2021-01-10;74;0;731;4;0.1;0.0
74;2021-01-11;375;0;1106;4;0.1;0.0
74;2021-01-12;406;3;1512;7;0.2;0.0
74;2021-01-13;396;0;1908;7;0.2;0.0
74;2021-01-14;479;1;2387;8;0.3;0.0
74;2021-01-15;645;4;3032;12;0.4;0.0
74;2021-01-16;254;1;3286;13;0.4;0.0
74;2021-01-17;133;1;3419;14;0.4;0.0
74;2021-01-18;524;0;3943;14;0.5;0.0
74;2021-01-19;808;2;4751;16;0.6;0.0
74;2021-01-20;1277;4;6028;20;0.7;0.0
74;2021-01-21;1568;2;7596;22;0.9;0.0
74;2021-01-22;1243;6;8839;28;1.1;0.0
74;2021-01-23;344;1;9183;29;1.1;0.0
74;2021-01-24;92;1;9275;30;1.1;0.0
74;2021-01-25;801;2;10076;32;1.2;0.0
74;2021-01-26;1365;14;11441;46;1.4;0.0
74;2021-01-27;1082;11;12523;57;1.5;0.0
74;2021-01-28;998;27;13521;84;1.6;0.0
74;2021-01-29;881;35;14402;119;1.7;0.0
74;2021-01-30;305;1;14707;120;1.8;0.0
74;2021-01-31;86;1;14793;121;1.8;0.0
74;2021-02-01;632;44;15425;165;1.9;0.0
74;2021-02-02;645;147;16070;312;1.9;0.0
74;2021-02-03;604;114;16674;426;2.0;0.1
74;2021-02-04;613;122;17287;548;2.1;0.1
74;2021-02-05;549;185;17836;733;2.2;0.1
74;2021-02-06;272;111;18108;844;2.2;0.1
74;2021-02-07;93;102;18201;946;2.2;0.1
74;2021-02-08;619;310;18820;1256;2.3;0.2
74;2021-02-09;537;422;19357;1678;2.3;0.2
74;2021-02-10;688;469;20045;2147;2.4;0.3
74;2021-02-11;1071;933;21116;3080;2.5;0.4
74;2021-02-12;911;568;22027;3648;2.7;0.4
74;2021-02-13;406;211;22433;3859;2.7;0.5
74;2021-02-14;317;98;22750;3957;2.7;0.5
74;2021-02-15;278;634;23028;4591;2.8;0.6
74;2021-02-16;489;841;23517;5432;2.8;0.7
74;2021-02-17;531;897;24048;6329;2.9;0.8
74;2021-02-18;470;840;24518;7169;3.0;0.9
74;2021-02-19;617;565;25135;7734;3.0;0.9
74;2021-02-20;114;135;25249;7869;3.0;0.9
74;2021-02-21;47;49;25296;7918;3.1;1.0
74;2021-02-22;319;596;25615;8514;3.1;1.0
74;2021-02-23;306;674;25921;9188;3.1;1.1
74;2021-02-24;241;550;26162;9738;3.2;1.2
74;2021-02-25;523;600;26685;10338;3.2;1.2
74;2021-02-26;973;571;27658;10909;3.3;1.3
74;2021-02-27;254;137;27912;11046;3.4;1.3
74;2021-02-28;125;65;28037;11111;3.4;1.3
74;2021-03-01;723;551;28760;11662;3.5;1.4
74;2021-03-02;1092;567;29852;12229;3.6;1.5
74;2021-03-03;1019;542;30871;12771;3.7;1.5
74;2021-03-04;1612;896;32483;13667;3.9;1.6
74;2021-03-05;2089;793;34572;14460;4.2;1.7
74;2021-03-06;1761;300;36333;14760;4.4;1.8
74;2021-03-07;1387;103;37720;14863;4.6;1.8
74;2021-03-08;1197;850;38917;15713;4.7;1.9
74;2021-03-09;1954;590;40871;16303;4.9;2.0
74;2021-03-10;1748;787;42619;17090;5.1;2.1
74;2021-03-11;2447;659;45066;17749;5.4;2.1
74;2021-03-12;3244;970;48310;18719;5.8;2.3
74;2021-03-13;2000;267;50310;18986;6.1;2.3
74;2021-03-14;609;101;50919;19087;6.1;2.3
74;2021-03-15;2129;538;53048;19625;6.4;2.4
74;2021-03-16;1961;402;55009;20027;6.6;2.4
74;2021-03-17;1974;308;56983;20335;6.9;2.5
74;2021-03-18;2136;282;59119;20617;7.1;2.5
74;2021-03-19;2636;293;61755;20910;7.5;2.5
74;2021-03-20;1374;103;63129;21013;7.6;2.5
74;2021-03-21;290;32;63419;21045;7.7;2.5
74;2021-03-22;2055;313;65474;21358;7.9;2.6
74;2021-03-23;2723;337;68197;21695;8.2;2.6
74;2021-03-24;2947;305;71144;22000;8.6;2.7
74;2021-03-25;3873;307;75017;22307;9.1;2.7
74;2021-03-26;4096;384;79113;22691;9.6;2.7
74;2021-03-27;1941;261;81054;22952;9.8;2.8
74;2021-03-28;437;78;81491;23030;9.8;2.8
74;2021-03-29;3035;702;84526;23732;10.2;2.9
74;2021-03-30;3543;759;88069;24491;10.6;3.0
74;2021-03-31;3145;738;91214;25229;11.0;3.0
74;2021-04-01;4237;900;95451;26129;11.5;3.2
74;2021-04-02;3708;790;99159;26919;12.0;3.2
74;2021-04-03;1699;535;100858;27454;12.2;3.3
74;2021-04-04;236;122;101094;27576;12.2;3.3
74;2021-04-05;433;16;101527;27592;12.3;3.3
74;2021-04-06;2625;1206;104152;28798;12.6;3.5
74;2021-04-07;3195;1250;107347;30048;13.0;3.6
74;2021-04-08;3868;1188;111215;31236;13.4;3.8
74;2021-04-09;4109;1178;115324;32414;13.9;3.9
74;2021-04-10;1944;1027;117268;33441;14.2;4.0
74;2021-04-11;254;184;117522;33625;14.2;4.1
74;2021-04-12;2724;1776;120246;35401;14.5;4.3
74;2021-04-13;3126;2104;123372;37505;14.9;4.5
74;2021-04-14;2903;1972;126275;39477;15.2;4.8
74;2021-04-15;3459;1910;129734;41387;15.7;5.0
74;2021-04-16;3386;1789;133120;43176;16.1;5.2
74;2021-04-17;1935;1033;135055;44209;16.3;5.3
74;2021-04-18;218;211;135273;44420;16.3;5.4
74;2021-04-19;2100;2094;137373;46514;16.6;5.6
74;2021-04-20;3073;2417;140446;48931;17.0;5.9
74;2021-04-21;2463;2374;142909;51305;17.3;6.2
74;2021-04-22;2630;2336;145539;53641;17.6;6.5
74;2021-04-23;2570;2245;148109;55886;17.9;6.7
74;2021-04-24;1484;1540;149593;57426;18.1;6.9
74;2021-04-25;227;149;149820;57575;18.1;7.0
74;2021-04-26;2397;2460;152217;60035;18.4;7.2
74;2021-04-27;3273;2906;155490;62941;18.8;7.6
74;2021-04-28;3464;2628;158954;65569;19.2;7.9
74;2021-04-29;3910;2696;162864;68265;19.7;8.2
74;2021-04-30;4077;2225;166941;70490;20.2;8.5
74;2021-05-01;2122;397;169063;70887;20.4;8.6
74;2021-05-02;205;237;169268;71124;20.4;8.6
74;2021-05-03;2597;3022;171865;74146;20.7;9.0
74;2021-05-04;3218;3115;175083;77261;21.1;9.3
74;2021-05-05;3392;3020;178475;80281;21.5;9.7
74;2021-05-06;3858;2632;182333;82913;22.0;10.0
74;2021-05-07;3593;3542;185926;86455;22.4;10.4
74;2021-05-08;1147;826;187073;87281;22.6;10.5
74;2021-05-09;194;247;187267;87528;22.6;10.6
74;2021-05-10;3467;3145;190734;90673;23.0;10.9
74;2021-05-11;4318;3419;195052;94092;23.5;11.4
74;2021-05-12;5305;2963;200357;97055;24.2;11.7
74;2021-05-13;2362;952;202719;98007;24.5;11.8
74;2021-05-14;5955;2401;208674;100408;25.2;12.1
74;2021-05-15;4517;1851;213191;102259;25.7;12.3
74;2021-05-16;3012;337;216203;102596;26.1;12.4
74;2021-05-17;5398;2892;221601;105488;26.8;12.7
74;2021-05-18;6792;2816;228393;108304;27.6;13.1
74;2021-05-19;6234;2296;234627;110600;28.3;13.4
74;2021-05-20;6646;2557;241273;113157;29.1;13.7
74;2021-05-21;6527;2992;247800;116149;29.9;14.0
74;2021-05-22;5295;1569;253095;117718;30.6;14.2
74;2021-05-23;2052;282;255147;118000;30.8;14.2
74;2021-05-24;2363;660;257510;118660;31.1;14.3
74;2021-05-25;5073;3333;262583;121993;31.7;14.7
74;2021-05-26;5256;2564;267839;124557;32.3;15.0
74;2021-05-27;6004;2978;273843;127535;33.1;15.4
74;2021-05-28;5657;3577;279500;131112;33.7;15.8
74;2021-05-29;3798;2158;283298;133270;34.2;16.1
74;2021-05-30;488;309;283786;133579;34.3;16.1
74;2021-05-31;5073;3551;288859;137130;34.9;16.6
74;2021-06-01;4937;3725;293796;140855;35.5;17.0
74;2021-06-02;5271;3208;299067;144063;36.1;17.4
74;2021-06-03;6897;3246;305964;147309;36.9;17.8
74;2021-06-04;6913;4434;312877;151743;37.8;18.3
74;2021-06-05;4612;2705;317489;154448;38.3;18.6
74;2021-06-06;124;112;317613;154560;38.3;18.7
74;2021-06-07;5031;4145;322644;158705;38.9;19.2
74;2021-06-08;5028;3948;327672;162653;39.6;19.6
74;2021-06-09;5082;3482;332754;166135;40.2;20.1
74;2021-06-10;5125;2876;337879;169011;40.8;20.4
74;2021-06-11;5215;3813;343094;172824;41.4;20.9
74;2021-06-12;3573;2381;346667;175205;41.8;21.1
74;2021-06-13;120;89;346787;175294;41.9;21.2
74;2021-06-14;3599;4482;350386;179776;42.3;21.7
74;2021-06-15;3672;3894;354058;183670;42.7;22.2
74;2021-06-16;4829;3122;358887;186792;43.3;22.5
74;2021-06-17;3822;2952;362709;189744;43.8;22.9
74;2021-06-18;4116;4665;366825;194409;44.3;23.5
74;2021-06-19;2997;3102;369822;197511;44.6;23.8
74;2021-06-20;125;97;369947;197608;44.7;23.9
74;2021-06-21;2387;5421;372334;203029;44.9;24.5
74;2021-06-22;2493;5312;374827;208341;45.2;25.1
74;2021-06-23;2978;4620;377805;212961;45.6;25.7
74;2021-06-24;2867;4626;380672;217587;46.0;26.3
74;2021-06-25;2932;6769;383604;224356;46.3;27.1
74;2021-06-26;1709;5402;385313;229758;46.5;27.7
74;2021-06-27;66;1664;385379;231422;46.5;27.9
74;2021-06-28;1917;7220;387296;238642;46.8;28.8
74;2021-06-29;2301;7427;389597;246069;47.0;29.7
74;2021-06-30;2748;6544;392345;252613;47.4;30.5
74;2021-07-01;3476;5426;395821;258039;47.8;31.1
74;2021-07-02;3122;6639;398943;264678;48.2;32.0
74;2021-07-03;1699;5086;400642;269764;48.4;32.6
74;2021-07-04;82;1022;400724;270786;48.4;32.7
74;2021-07-05;2079;6835;402803;277621;48.6;33.5
74;2021-07-06;2807;6490;405610;284111;49.0;34.3
74;2021-07-07;3096;5446;408706;289557;49.3;35.0
74;2021-07-08;3866;4918;412572;294475;49.8;35.5
74;2021-07-09;2675;6978;415247;301453;50.1;36.4
74;2021-07-10;1626;5132;416873;306585;50.3;37.0
74;2021-07-11;76;142;416949;306727;50.3;37.0
74;2021-07-12;2096;7899;419045;314626;50.6;38.0
74;2021-07-13;3967;7588;423012;322214;51.1;38.9
74;2021-07-14;1969;2239;424981;324453;51.3;39.2
74;2021-07-15;3592;6871;428573;331324;51.7;40.0
74;2021-07-16;4247;7741;432820;339065;52.2;40.9
74;2021-07-17;3005;5330;435825;344395;52.6;41.6
74;2021-07-18;155;155;435980;344550;52.6;41.6
74;2021-07-19;4294;7355;440274;351905;53.1;42.5
74;2021-07-20;5874;6466;446148;358371;53.9;43.3
74;2021-07-21;5678;6674;451826;365045;54.5;44.1
74;2021-07-22;4778;5325;456604;370370;55.1;44.7
74;2021-07-23;6226;6991;462830;377361;55.9;45.6
74;2021-07-24;3155;4314;465985;381675;56.3;46.1
74;2021-07-25;181;171;466166;381846;56.3;46.1
74;2021-07-26;5622;6134;471788;387980;57.0;46.8
74;2021-07-27;6859;5177;478647;393157;57.8;47.5
74;2021-07-28;6665;5100;485312;398257;58.6;48.1
74;2021-07-29;5277;3927;490589;402184;59.2;48.5
74;2021-07-30;6711;5502;497300;407686;60.0;49.2
74;2021-07-31;4379;3122;501679;410808;60.6;49.6
74;2021-08-01;183;148;501862;410956;60.6;49.6
74;2021-08-02;6125;4410;507987;415366;61.3;50.1
74;2021-08-03;5973;3859;513960;419225;62.0;50.6
74;2021-08-04;6319;3507;520279;422732;62.8;51.0
74;2021-08-05;4922;3263;525201;425995;63.4;51.4
74;2021-08-06;5051;4178;530252;430173;64.0;51.9
74;2021-08-07;3205;2899;533457;433072;64.4;52.3
74;2021-08-08;155;134;533612;433206;64.4;52.3
74;2021-08-09;4940;4826;538552;438032;65.0;52.9
74;2021-08-10;4955;4683;543507;442715;65.6;53.4
74;2021-08-11;4391;4889;547898;447604;66.1;54.0
74;2021-08-12;3597;3607;551495;451211;66.6;54.5
74;2021-08-13;3768;4620;555263;455831;67.0;55.0
74;2021-08-14;2177;3342;557440;459173;67.3;55.4
74;2021-08-15;60;102;557500;459275;67.3;55.4
74;2021-08-16;3237;5870;560737;465145;67.7;56.1
74;2021-08-17;3067;5485;563804;470630;68.1;56.8
74;2021-08-18;2994;5458;566798;476088;68.4;57.5
74;2021-08-19;2332;3894;569130;479982;68.7;57.9
74;2021-08-20;2588;5695;571718;485677;69.0;58.6
74;2021-08-21;1228;4272;572946;489949;69.2;59.1
74;2021-08-22;56;137;573002;490086;69.2;59.2
74;2021-08-23;1938;6690;574940;496776;69.4;60.0
74;2021-08-24;2135;5941;577075;502717;69.7;60.7
74;2021-08-25;1885;6295;578960;509012;69.9;61.4
74;2021-08-26;1516;3784;580476;512796;70.1;61.9
74;2021-08-27;1809;5504;582285;518300;70.3;62.6
74;2021-08-28;905;4036;583190;522336;70.4;63.1
74;2021-08-29;54;186;583244;522522;70.4;63.1
74;2021-08-30;1696;5483;584940;528005;70.6;63.7
74;2021-08-31;1621;5120;586561;533125;70.8;64.4
74;2021-09-01;1615;4143;588176;537268;71.0;64.9
74;2021-09-02;1197;3028;589373;540296;71.1;65.2
74;2021-09-03;1455;4184;590828;544480;71.3;65.7
74;2021-09-04;1123;2835;591951;547315;71.5;66.1
74;2021-09-05;48;94;591999;547409;71.5;66.1
74;2021-09-06;1199;3373;593198;550782;71.6;66.5
74;2021-09-07;1012;3047;594210;553829;71.7;66.9
74;2021-09-08;1296;3173;595506;557002;71.9;67.2
74;2021-09-09;1211;2203;596717;559205;72.0;67.5
74;2021-09-10;1107;3099;597824;562304;72.2;67.9
74;2021-09-11;746;2317;598570;564621;72.3;68.2
74;2021-09-12;40;80;598610;564701;72.3;68.2
74;2021-09-13;947;2622;599557;567323;72.4;68.5
74;2021-09-14;1044;2462;600601;569785;72.5;68.8
75;2020-12-27;68;1;68;1;0.0;0.0
75;2020-12-28;59;0;127;1;0.0;0.0
75;2020-12-29;27;0;154;1;0.0;0.0
75;2020-12-30;82;0;236;1;0.0;0.0
75;2020-12-31;43;0;279;1;0.0;0.0
75;2021-01-01;60;3;339;4;0.0;0.0
75;2021-01-02;64;1;403;5;0.0;0.0
75;2021-01-03;104;1;507;6;0.0;0.0
75;2021-01-04;320;1;827;7;0.0;0.0
75;2021-01-05;878;10;1705;17;0.1;0.0
75;2021-01-06;1368;16;3073;33;0.1;0.0
75;2021-01-07;2066;19;5139;52;0.2;0.0
75;2021-01-08;2877;30;8016;82;0.4;0.0
75;2021-01-09;1098;2;9114;84;0.4;0.0
75;2021-01-10;1101;4;10215;88;0.5;0.0
75;2021-01-11;3113;46;13328;134;0.6;0.0
75;2021-01-12;3489;51;16817;185;0.8;0.0
75;2021-01-13;3570;43;20387;228;0.9;0.0
75;2021-01-14;3766;60;24153;288;1.1;0.0
75;2021-01-15;3330;47;27483;335;1.3;0.0
75;2021-01-16;1142;14;28625;349;1.3;0.0
75;2021-01-17;558;14;29183;363;1.4;0.0
75;2021-01-18;3283;69;32466;432;1.5;0.0
75;2021-01-19;3867;47;36333;479;1.7;0.0
75;2021-01-20;4427;57;40760;536;1.9;0.0
75;2021-01-21;4938;70;45698;606;2.1;0.0
75;2021-01-22;4600;69;50298;675;2.3;0.0
75;2021-01-23;1761;12;52059;687;2.4;0.0
75;2021-01-24;757;7;52816;694;2.5;0.0
75;2021-01-25;1736;24;54552;718;2.5;0.0
75;2021-01-26;2562;80;57114;798;2.7;0.0
75;2021-01-27;3162;148;60276;946;2.8;0.0
75;2021-01-28;4776;227;65052;1173;3.0;0.1
75;2021-01-29;4055;236;69107;1409;3.2;0.1
75;2021-01-30;1357;18;70464;1427;3.3;0.1
75;2021-01-31;223;3;70687;1430;3.3;0.1
75;2021-02-01;1622;339;72309;1769;3.4;0.1
75;2021-02-02;2145;583;74454;2352;3.5;0.1
75;2021-02-03;1889;631;76343;2983;3.6;0.1
75;2021-02-04;2149;1034;78492;4017;3.7;0.2
75;2021-02-05;2223;755;80715;4772;3.8;0.2
75;2021-02-06;1126;71;81841;4843;3.8;0.2
75;2021-02-07;178;6;82019;4849;3.8;0.2
75;2021-02-08;1261;1272;83280;6121;3.9;0.3
75;2021-02-09;1798;2184;85078;8305;4.0;0.4
75;2021-02-10;2424;2170;87502;10475;4.1;0.5
75;2021-02-11;2944;4876;90446;15351;4.2;0.7
75;2021-02-12;3128;2221;93574;17572;4.4;0.8
75;2021-02-13;851;820;94425;18392;4.4;0.9
75;2021-02-14;209;39;94634;18431;4.4;0.9
75;2021-02-15;1007;1886;95641;20317;4.5;0.9
75;2021-02-16;1458;5118;97099;25435;4.5;1.2
75;2021-02-17;1332;2435;98431;27870;4.6;1.3
75;2021-02-18;1773;4499;100204;32369;4.7;1.5
75;2021-02-19;2226;3254;102430;35623;4.8;1.7
75;2021-02-20;479;1278;102909;36901;4.8;1.7
75;2021-02-21;199;112;103108;37013;4.8;1.7
75;2021-02-22;1224;1472;104332;38485;4.9;1.8
75;2021-02-23;1456;1972;105788;40457;4.9;1.9
75;2021-02-24;1691;1736;107479;42193;5.0;2.0
75;2021-02-25;2784;4290;110263;46483;5.1;2.2
75;2021-02-26;3380;2047;113643;48530;5.3;2.3
75;2021-02-27;1408;689;115051;49219;5.4;2.3
75;2021-02-28;326;99;115377;49318;5.4;2.3
75;2021-03-01;2600;1336;117977;50654;5.5;2.4
75;2021-03-02;4186;1669;122163;52323;5.7;2.4
75;2021-03-03;5434;1866;127597;54189;5.9;2.5
75;2021-03-04;8058;2125;135655;56314;6.3;2.6
75;2021-03-05;10578;2259;146233;58573;6.8;2.7
75;2021-03-06;11079;946;157312;59519;7.3;2.8
75;2021-03-07;9513;1401;166825;60920;7.8;2.8
75;2021-03-08;5911;1372;172736;62292;8.0;2.9
75;2021-03-09;7528;1888;180264;64180;8.4;3.0
75;2021-03-10;7514;1950;187778;66130;8.7;3.1
75;2021-03-11;10357;2335;198135;68465;9.2;3.2
75;2021-03-12;12072;2400;210207;70865;9.8;3.3
75;2021-03-13;8554;744;218761;71609;10.2;3.3
75;2021-03-14;4169;258;222930;71867;10.4;3.3
75;2021-03-15;7465;960;230395;72827;10.7;3.4
75;2021-03-16;5158;677;235553;73504;11.0;3.4
75;2021-03-17;5433;822;240986;74326;11.2;3.5
75;2021-03-18;6624;851;247610;75177;11.5;3.5
75;2021-03-19;9763;979;257373;76156;12.0;3.5
75;2021-03-20;5943;600;263316;76756;12.3;3.6
75;2021-03-21;1590;424;264906;77180;12.3;3.6
75;2021-03-22;8657;1014;273563;78194;12.7;3.6
75;2021-03-23;10967;1253;284530;79447;13.2;3.7
75;2021-03-24;11010;1321;295540;80768;13.8;3.8
75;2021-03-25;14222;1531;309762;82299;14.4;3.8
75;2021-03-26;13982;1697;323744;83996;15.1;3.9
75;2021-03-27;7285;766;331029;84762;15.4;3.9
75;2021-03-28;1784;150;332813;84912;15.5;4.0
75;2021-03-29;7973;2171;340786;87083;15.9;4.1
75;2021-03-30;10949;3199;351735;90282;16.4;4.2
75;2021-03-31;9751;3562;361486;93844;16.8;4.4
75;2021-04-01;10707;5168;372193;99012;17.3;4.6
75;2021-04-02;9064;5531;381257;104543;17.7;4.9
75;2021-04-03;4120;4847;385377;109390;17.9;5.1
75;2021-04-04;1422;1455;386799;110845;18.0;5.2
75;2021-04-05;2251;1316;389050;112161;18.1;5.2
75;2021-04-06;6918;4254;395968;116415;18.4;5.4
75;2021-04-07;8097;4374;404065;120789;18.8;5.6
75;2021-04-08;11093;4167;415158;124956;19.3;5.8
75;2021-04-09;12216;4610;427374;129566;19.9;6.0
75;2021-04-10;5849;4236;433223;133802;20.2;6.2
75;2021-04-11;1943;1785;435166;135587;20.3;6.3
75;2021-04-12;7485;3781;442651;139368;20.6;6.5
75;2021-04-13;8573;6779;451224;146147;21.0;6.8
75;2021-04-14;8304;5213;459528;151360;21.4;7.0
75;2021-04-15;8909;6122;468437;157482;21.8;7.3
75;2021-04-16;9391;6098;477828;163580;22.2;7.6
75;2021-04-17;4820;3638;482648;167218;22.5;7.8
75;2021-04-18;1671;876;484319;168094;22.5;7.8
75;2021-04-19;5592;4940;489911;173034;22.8;8.1
75;2021-04-20;6473;5946;496384;178980;23.1;8.3
75;2021-04-21;6878;5561;503262;184541;23.4;8.6
75;2021-04-22;7549;5897;510811;190438;23.8;8.9
75;2021-04-23;8652;6403;519463;196841;24.2;9.2
75;2021-04-24;6179;3346;525642;200187;24.5;9.3
75;2021-04-25;2967;760;528609;200947;24.6;9.4
75;2021-04-26;7032;4701;535641;205648;24.9;9.6
75;2021-04-27;10602;6387;546243;212035;25.4;9.9
75;2021-04-28;12202;5984;558445;218019;26.0;10.1
75;2021-04-29;13767;6314;572212;224333;26.6;10.4
75;2021-04-30;13668;6141;585880;230474;27.3;10.7
75;2021-05-01;5081;1326;590961;231800;27.5;10.8
75;2021-05-02;2387;789;593348;232589;27.6;10.8
75;2021-05-03;10296;13446;603644;246035;28.1;11.5
75;2021-05-04;11193;8060;614837;254095;28.6;11.8
75;2021-05-05;13571;6697;628408;260792;29.3;12.1
75;2021-05-06;14010;8171;642418;268963;29.9;12.5
75;2021-05-07;13982;8556;656400;277519;30.6;12.9
75;2021-05-08;10086;5503;666486;283022;31.0;13.2
75;2021-05-09;3823;3181;670309;286203;31.2;13.3
75;2021-05-10;14302;6706;684611;292909;31.9;13.6
75;2021-05-11;16852;8389;701463;301298;32.7;14.0
75;2021-05-12;17968;8130;719431;309428;33.5;14.4
75;2021-05-13;13640;2488;733071;311916;34.1;14.5
75;2021-05-14;18399;5120;751470;317036;35.0;14.8
75;2021-05-15;12321;2648;763791;319684;35.6;14.9
75;2021-05-16;3858;758;767649;320442;35.7;14.9
75;2021-05-17;16009;4643;783658;325085;36.5;15.1
75;2021-05-18;19168;5308;802826;330393;37.4;15.4
75;2021-05-19;20733;10695;823559;341088;38.3;15.9
75;2021-05-20;21592;8656;845151;349744;39.3;16.3
75;2021-05-21;21039;6539;866190;356283;40.3;16.6
75;2021-05-22;15923;3297;882113;359580;41.1;16.7
75;2021-05-23;5636;1333;887749;360913;41.3;16.8
75;2021-05-24;15645;2558;903394;363471;42.1;16.9
75;2021-05-25;18039;9562;921433;373033;42.9;17.4
75;2021-05-26;18893;8195;940326;381228;43.8;17.7
75;2021-05-27;20154;9791;960480;391019;44.7;18.2
75;2021-05-28;19355;10829;979835;401848;45.6;18.7
75;2021-05-29;16125;5835;995960;407683;46.4;19.0
75;2021-05-30;7044;2159;1003004;409842;46.7;19.1
75;2021-05-31;18104;9432;1021108;419274;47.5;19.5
75;2021-06-01;18714;12959;1039822;432233;48.4;20.1
75;2021-06-02;18131;10291;1057953;442524;49.2;20.6
75;2021-06-03;20286;11954;1078239;454478;50.2;21.2
75;2021-06-04;18139;12829;1096378;467307;51.0;21.8
75;2021-06-05;12002;9614;1108380;476921;51.6;22.2
75;2021-06-06;6733;3156;1115113;480077;51.9;22.3
75;2021-06-07;13914;11815;1129027;491892;52.6;22.9
75;2021-06-08;14812;13957;1143839;505849;53.2;23.5
75;2021-06-09;16525;15227;1160364;521076;54.0;24.3
75;2021-06-10;18388;26290;1178752;547366;54.9;25.5
75;2021-06-11;15334;16461;1194086;563827;55.6;26.2
75;2021-06-12;13301;10001;1207387;573828;56.2;26.7
75;2021-06-13;6279;3795;1213666;577623;56.5;26.9
75;2021-06-14;11841;15393;1225507;593016;57.0;27.6
75;2021-06-15;12750;19545;1238257;612561;57.6;28.5
75;2021-06-16;12217;17236;1250474;629797;58.2;29.3
75;2021-06-17;12669;17675;1263143;647472;58.8;30.1
75;2021-06-18;11287;22602;1274430;670074;59.3;31.2
75;2021-06-19;7541;11821;1281971;681895;59.7;31.7
75;2021-06-20;2824;5481;1284795;687376;59.8;32.0
75;2021-06-21;8523;16330;1293318;703706;60.2;32.8
75;2021-06-22;8819;21799;1302137;725505;60.6;33.8
75;2021-06-23;10324;21433;1312461;746938;61.1;34.8
75;2021-06-24;11325;20639;1323786;767577;61.6;35.7
75;2021-06-25;9882;24684;1333668;792261;62.1;36.9
75;2021-06-26;7950;15427;1341618;807688;62.5;37.6
75;2021-06-27;2703;6326;1344321;814014;62.6;37.9
75;2021-06-28;8478;20145;1352799;834159;63.0;38.8
75;2021-06-29;9354;23824;1362153;857983;63.4;39.9
75;2021-06-30;10211;23626;1372364;881609;63.9;41.0
75;2021-07-01;11469;23520;1383833;905129;64.4;42.1
75;2021-07-02;10909;24778;1394742;929907;64.9;43.3
75;2021-07-03;7831;19813;1402573;949720;65.3;44.2
75;2021-07-04;3915;9558;1406488;959278;65.5;44.7
75;2021-07-05;9353;21582;1415841;980860;65.9;45.7
75;2021-07-06;10175;24011;1426016;1004871;66.4;46.8
75;2021-07-07;10174;25092;1436190;1029963;66.9;47.9
75;2021-07-08;10675;25015;1446865;1054978;67.4;49.1
75;2021-07-09;10874;24038;1457739;1079016;67.9;50.2
75;2021-07-10;7959;18507;1465698;1097523;68.2;51.1
75;2021-07-11;4352;8534;1470050;1106057;68.4;51.5
75;2021-07-12;9857;23092;1479907;1129149;68.9;52.6
75;2021-07-13;14404;24815;1494311;1153964;69.6;53.7
75;2021-07-14;8352;9728;1502663;1163692;69.9;54.2
75;2021-07-15;15306;25661;1517969;1189353;70.7;55.4
75;2021-07-16;15836;22151;1533805;1211504;71.4;56.4
75;2021-07-17;12217;16914;1546022;1228418;72.0;57.2
75;2021-07-18;6281;6842;1552303;1235260;72.3;57.5
75;2021-07-19;14405;21307;1566708;1256567;72.9;58.5
75;2021-07-20;16086;21897;1582794;1278464;73.7;59.5
75;2021-07-21;15716;20711;1598510;1299175;74.4;60.5
75;2021-07-22;17157;20084;1615667;1319259;75.2;61.4
75;2021-07-23;17184;19109;1632851;1338368;76.0;62.3
75;2021-07-24;11208;14076;1644059;1352444;76.5;63.0
75;2021-07-25;5012;5075;1649071;1357519;76.8;63.2
75;2021-07-26;15195;16884;1664266;1374403;77.5;64.0
75;2021-07-27;18154;16657;1682420;1391060;78.3;64.8
75;2021-07-28;17156;15481;1699576;1406541;79.1;65.5
75;2021-07-29;16779;15101;1716355;1421642;79.9;66.2
75;2021-07-30;16356;14346;1732711;1435988;80.7;66.8
75;2021-07-31;9344;9860;1742055;1445848;81.1;67.3
75;2021-08-01;3699;3305;1745754;1449153;81.3;67.5
75;2021-08-02;10840;11995;1756594;1461148;81.8;68.0
75;2021-08-03;11092;10837;1767686;1471985;82.3;68.5
75;2021-08-04;9694;9506;1777380;1481491;82.7;69.0
75;2021-08-05;8704;9546;1786084;1491037;83.1;69.4
75;2021-08-06;8209;9989;1794293;1501026;83.5;69.9
75;2021-08-07;5696;7151;1799989;1508177;83.8;70.2
75;2021-08-08;1952;3278;1801941;1511455;83.9;70.4
75;2021-08-09;8554;11466;1810495;1522921;84.3;70.9
75;2021-08-10;9168;11580;1819663;1534501;84.7;71.4
75;2021-08-11;7762;10141;1827425;1544642;85.1;71.9
75;2021-08-12;6896;10640;1834321;1555282;85.4;72.4
75;2021-08-13;6199;8923;1840520;1564205;85.7;72.8
75;2021-08-14;4098;7203;1844618;1571408;85.9;73.1
75;2021-08-15;1003;1934;1845621;1573342;85.9;73.2
75;2021-08-16;6084;14036;1851705;1587378;86.2;73.9
75;2021-08-17;5782;13599;1857487;1600977;86.5;74.5
75;2021-08-18;4987;12001;1862474;1612978;86.7;75.1
75;2021-08-19;4742;12685;1867216;1625663;86.9;75.7
75;2021-08-20;4493;11781;1871709;1637444;87.1;76.2
75;2021-08-21;3167;8805;1874876;1646249;87.3;76.6
75;2021-08-22;992;3161;1875868;1649410;87.3;76.8
75;2021-08-23;4876;15308;1880744;1664718;87.5;77.5
75;2021-08-24;4765;14536;1885509;1679254;87.8;78.2
75;2021-08-25;4432;12324;1889941;1691578;88.0;78.7
75;2021-08-26;4004;10273;1893945;1701851;88.2;79.2
75;2021-08-27;4394;11660;1898339;1713511;88.4;79.8
75;2021-08-28;3019;8287;1901358;1721798;88.5;80.1
75;2021-08-29;747;2015;1902105;1723813;88.5;80.2
75;2021-08-30;4469;14663;1906574;1738476;88.7;80.9
75;2021-08-31;4331;13785;1910905;1752261;89.0;81.6
75;2021-09-01;3855;11378;1914760;1763639;89.1;82.1
75;2021-09-02;3169;9619;1917929;1773258;89.3;82.5
75;2021-09-03;3625;10403;1921554;1783661;89.4;83.0
75;2021-09-04;3524;8904;1925078;1792565;89.6;83.4
75;2021-09-05;694;1711;1925772;1794276;89.6;83.5
75;2021-09-06;2541;8074;1928313;1802350;89.8;83.9
75;2021-09-07;2282;7365;1930595;1809715;89.9;84.2
75;2021-09-08;2488;7317;1933083;1817032;90.0;84.6
75;2021-09-09;2324;6809;1935407;1823841;90.1;84.9
75;2021-09-10;2634;8019;1938041;1831860;90.2;85.3
75;2021-09-11;2332;6956;1940373;1838816;90.3;85.6
75;2021-09-12;493;1196;1940866;1840012;90.3;85.7
75;2021-09-13;2181;6462;1943047;1846474;90.4;86.0
75;2021-09-14;2121;5610;1945168;1852084;90.5;86.2
76;2020-12-27;0;0;0;0;0.0;0.0
76;2020-12-28;1;0;1;0;0.0;0.0
76;2020-12-29;0;0;1;0;0.0;0.0
76;2020-12-30;0;0;1;0;0.0;0.0
76;2020-12-31;0;0;1;0;0.0;0.0
76;2021-01-01;0;0;1;0;0.0;0.0
76;2021-01-02;0;0;1;0;0.0;0.0
76;2021-01-03;0;0;1;0;0.0;0.0
76;2021-01-04;17;0;18;0;0.0;0.0
76;2021-01-05;138;0;156;0;0.0;0.0
76;2021-01-06;682;2;838;2;0.1;0.0
76;2021-01-07;1354;7;2192;9;0.2;0.0
76;2021-01-08;1536;2;3728;11;0.3;0.0
76;2021-01-09;736;2;4464;13;0.4;0.0
76;2021-01-10;492;1;4956;14;0.4;0.0
76;2021-01-11;1359;2;6315;16;0.5;0.0
76;2021-01-12;1359;2;7674;18;0.6;0.0
76;2021-01-13;1188;4;8862;22;0.7;0.0
76;2021-01-14;2176;24;11038;46;0.9;0.0
76;2021-01-15;1911;9;12949;55;1.0;0.0
76;2021-01-16;991;6;13940;61;1.1;0.0
76;2021-01-17;2898;19;16838;80;1.4;0.0
76;2021-01-18;4400;16;21238;96;1.7;0.0
76;2021-01-19;3016;8;24254;104;2.0;0.0
76;2021-01-20;2071;6;26325;110;2.1;0.0
76;2021-01-21;1773;4;28098;114;2.3;0.0
76;2021-01-22;1706;4;29804;118;2.4;0.0
76;2021-01-23;450;2;30254;120;2.4;0.0
76;2021-01-24;99;0;30353;120;2.4;0.0
76;2021-01-25;1474;135;31827;255;2.6;0.0
76;2021-01-26;1392;323;33219;578;2.7;0.0
76;2021-01-27;1342;411;34561;989;2.8;0.1
76;2021-01-28;1286;366;35847;1355;2.9;0.1
76;2021-01-29;1156;429;37003;1784;3.0;0.1
76;2021-01-30;283;274;37286;2058;3.0;0.2
76;2021-01-31;4;91;37290;2149;3.0;0.2
76;2021-02-01;842;738;38132;2887;3.1;0.2
76;2021-02-02;1056;941;39188;3828;3.2;0.3
76;2021-02-03;920;902;40108;4730;3.2;0.4
76;2021-02-04;976;1366;41084;6096;3.3;0.5
76;2021-02-05;975;1036;42059;7132;3.4;0.6
76;2021-02-06;260;771;42319;7903;3.4;0.6
76;2021-02-07;468;1483;42787;9386;3.4;0.8
76;2021-02-08;1923;3330;44710;12716;3.6;1.0
76;2021-02-09;1756;2555;46466;15271;3.7;1.2
76;2021-02-10;1489;1610;47955;16881;3.9;1.4
76;2021-02-11;1677;1295;49632;18176;4.0;1.5
76;2021-02-12;1705;1348;51337;19524;4.1;1.6
76;2021-02-13;230;278;51567;19802;4.1;1.6
76;2021-02-14;9;80;51576;19882;4.1;1.6
76;2021-02-15;554;1337;52130;21219;4.2;1.7
76;2021-02-16;741;1275;52871;22494;4.3;1.8
76;2021-02-17;625;1097;53496;23591;4.3;1.9
76;2021-02-18;780;1050;54276;24641;4.4;2.0
76;2021-02-19;869;1020;55145;25661;4.4;2.1
76;2021-02-20;270;228;55415;25889;4.5;2.1
76;2021-02-21;0;0;55415;25889;4.5;2.1
76;2021-02-22;371;944;55786;26833;4.5;2.2
76;2021-02-23;575;909;56361;27742;4.5;2.2
76;2021-02-24;599;902;56960;28644;4.6;2.3
76;2021-02-25;1664;955;58624;29599;4.7;2.4
76;2021-02-26;2171;818;60795;30417;4.9;2.4
76;2021-02-27;1108;229;61903;30646;5.0;2.5
76;2021-02-28;27;182;61930;30828;5.0;2.5
76;2021-03-01;828;1783;62758;32611;5.0;2.6
76;2021-03-02;1382;1464;64140;34075;5.2;2.7
76;2021-03-03;1942;1159;66082;35234;5.3;2.8
76;2021-03-04;2819;936;68901;36170;5.5;2.9
76;2021-03-05;4183;695;73084;36865;5.9;3.0
76;2021-03-06;3365;153;76449;37018;6.1;3.0
76;2021-03-07;1257;31;77706;37049;6.2;3.0
76;2021-03-08;2102;1101;79808;38150;6.4;3.1
76;2021-03-09;3575;1015;83383;39165;6.7;3.1
76;2021-03-10;3594;952;86977;40117;7.0;3.2
76;2021-03-11;5633;871;92610;40988;7.4;3.3
76;2021-03-12;6830;570;99440;41558;8.0;3.3
76;2021-03-13;4647;145;104087;41703;8.4;3.4
76;2021-03-14;1068;26;105155;41729;8.5;3.4
76;2021-03-15;2919;232;108074;41961;8.7;3.4
76;2021-03-16;2557;393;110631;42354;8.9;3.4
76;2021-03-17;2697;308;113328;42662;9.1;3.4
76;2021-03-18;3003;303;116331;42965;9.4;3.5
76;2021-03-19;4397;429;120728;43394;9.7;3.5
76;2021-03-20;3974;286;124702;43680;10.0;3.5
76;2021-03-21;838;16;125540;43696;10.1;3.5
76;2021-03-22;3992;348;129532;44044;10.4;3.5
76;2021-03-23;5711;351;135243;44395;10.9;3.6
76;2021-03-24;5701;391;140944;44786;11.3;3.6
76;2021-03-25;7507;573;148451;45359;11.9;3.6
76;2021-03-26;8722;587;157173;45946;12.6;3.7
76;2021-03-27;4810;387;161983;46333;13.0;3.7
76;2021-03-28;1021;32;163004;46365;13.1;3.7
76;2021-03-29;5390;816;168394;47181;13.5;3.8
76;2021-03-30;6587;1053;174981;48234;14.1;3.9
76;2021-03-31;6462;1251;181443;49485;14.6;4.0
76;2021-04-01;6787;2012;188230;51497;15.1;4.1
76;2021-04-02;6487;2674;194717;54171;15.7;4.4
76;2021-04-03;2442;1076;197159;55247;15.9;4.4
76;2021-04-04;264;10;197423;55257;15.9;4.4
76;2021-04-05;868;377;198291;55634;15.9;4.5
76;2021-04-06;3558;2778;201849;58412;16.2;4.7
76;2021-04-07;4417;2390;206266;60802;16.6;4.9
76;2021-04-08;5841;2775;212107;63577;17.1;5.1
76;2021-04-09;8805;3063;220912;66640;17.8;5.4
76;2021-04-10;4877;1420;225789;68060;18.2;5.5
76;2021-04-11;814;535;226603;68595;18.2;5.5
76;2021-04-12;4726;2840;231329;71435;18.6;5.7
76;2021-04-13;5929;2851;237258;74286;19.1;6.0
76;2021-04-14;4803;3126;242061;77412;19.5;6.2
76;2021-04-15;5564;3348;247625;80760;19.9;6.5
76;2021-04-16;7354;3439;254979;84199;20.5;6.8
76;2021-04-17;4388;1429;259367;85628;20.9;6.9
76;2021-04-18;339;140;259706;85768;20.9;6.9
76;2021-04-19;3478;3764;263184;89532;21.2;7.2
76;2021-04-20;4343;4274;267527;93806;21.5;7.5
76;2021-04-21;4193;4679;271720;98485;21.8;7.9
76;2021-04-22;4562;5436;276282;103921;22.2;8.4
76;2021-04-23;5440;5964;281722;109885;22.7;8.8
76;2021-04-24;4165;2191;285887;112076;23.0;9.0
76;2021-04-25;894;268;286781;112344;23.1;9.0
76;2021-04-26;4485;4462;291266;116806;23.4;9.4
76;2021-04-27;4999;4982;296265;121788;23.8;9.8
76;2021-04-28;5349;4145;301614;125933;24.2;10.1
76;2021-04-29;6926;4141;308540;130074;24.8;10.5
76;2021-04-30;8219;4604;316759;134678;25.5;10.8
76;2021-05-01;4828;1012;321587;135690;25.9;10.9
76;2021-05-02;1843;264;323430;135954;26.0;10.9
76;2021-05-03;4703;3298;328133;139252;26.4;11.2
76;2021-05-04;4822;4535;332955;143787;26.8;11.6
76;2021-05-05;4784;5166;337739;148953;27.2;12.0
76;2021-05-06;5923;5567;343662;154520;27.6;12.4
76;2021-05-07;6138;6740;349800;161260;28.1;13.0
76;2021-05-08;5056;908;354856;162168;28.5;13.0
76;2021-05-09;2539;235;357395;162403;28.7;13.1
76;2021-05-10;4947;5062;362342;167465;29.1;13.5
76;2021-05-11;6518;5673;368860;173138;29.7;13.9
76;2021-05-12;6264;5081;375124;178219;30.2;14.3
76;2021-05-13;8846;1284;383970;179503;30.9;14.4
76;2021-05-14;10417;4659;394387;184162;31.7;14.8
76;2021-05-15;9120;2456;403507;186618;32.4;15.0
76;2021-05-16;6234;479;409741;187097;32.9;15.0
76;2021-05-17;7227;3274;416968;190371;33.5;15.3
76;2021-05-18;8304;2815;425272;193186;34.2;15.5
76;2021-05-19;8403;3201;433675;196387;34.9;15.8
76;2021-05-20;9652;3426;443327;199813;35.6;16.1
76;2021-05-21;8369;4087;451696;203900;36.3;16.4
76;2021-05-22;7167;2358;458863;206258;36.9;16.6
76;2021-05-23;6390;415;465253;206673;37.4;16.6
76;2021-05-24;6865;1525;472118;208198;38.0;16.7
76;2021-05-25;8025;4084;480143;212282;38.6;17.1
76;2021-05-26;7574;3607;487717;215889;39.2;17.4
76;2021-05-27;8344;4695;496061;220584;39.9;17.7
76;2021-05-28;8233;6537;504294;227121;40.5;18.3
76;2021-05-29;6226;3512;510520;230633;41.0;18.5
76;2021-05-30;3148;431;513668;231064;41.3;18.6
76;2021-05-31;8169;3950;521837;235014;42.0;18.9
76;2021-06-01;9214;5017;531051;240031;42.7;19.3
76;2021-06-02;7933;4442;538984;244473;43.3;19.7
76;2021-06-03;9541;5393;548525;249866;44.1;20.1
76;2021-06-04;9245;6662;557770;256528;44.8;20.6
76;2021-06-05;6289;3799;564059;260327;45.4;20.9
76;2021-06-06;2556;649;566615;260976;45.6;21.0
76;2021-06-07;6982;5443;573597;266419;46.1;21.4
76;2021-06-08;8659;6264;582256;272683;46.8;21.9
76;2021-06-09;7213;6071;589469;278754;47.4;22.4
76;2021-06-10;7996;6559;597465;285313;48.0;22.9
76;2021-06-11;7581;8227;605046;293540;48.6;23.6
76;2021-06-12;7167;5876;612213;299416;49.2;24.1
76;2021-06-13;2963;1296;615176;300712;49.5;24.2
76;2021-06-14;6490;6720;621666;307432;50.0;24.7
76;2021-06-15;6299;7469;627965;314901;50.5;25.3
76;2021-06-16;6655;7483;634620;322384;51.0;25.9
76;2021-06-17;7012;7752;641632;330136;51.6;26.5
76;2021-06-18;7689;9225;649321;339361;52.2;27.3
76;2021-06-19;5986;6258;655307;345619;52.7;27.8
76;2021-06-20;2811;1817;658118;347436;52.9;27.9
76;2021-06-21;5591;8175;663709;355611;53.4;28.6
76;2021-06-22;4925;9866;668634;365477;53.8;29.4
76;2021-06-23;4731;9434;673365;374911;54.1;30.1
76;2021-06-24;4798;9913;678163;384824;54.5;30.9
76;2021-06-25;5225;11574;683388;396398;54.9;31.9
76;2021-06-26;3454;7875;686842;404273;55.2;32.5
76;2021-06-27;1367;5164;688209;409437;55.3;32.9
76;2021-06-28;3614;9946;691823;419383;55.6;33.7
76;2021-06-29;3876;10219;695699;429602;55.9;34.5
76;2021-06-30;4271;9842;699970;439444;56.3;35.3
76;2021-07-01;4599;9909;704569;449353;56.6;36.1
76;2021-07-02;4370;12000;708939;461353;57.0;37.1
76;2021-07-03;3587;8449;712526;469802;57.3;37.8
76;2021-07-04;1487;5306;714013;475108;57.4;38.2
76;2021-07-05;3957;9330;717970;484438;57.7;38.9
76;2021-07-06;4056;10074;722026;494512;58.1;39.8
76;2021-07-07;4015;9324;726041;503836;58.4;40.5
76;2021-07-08;4466;9456;730507;513292;58.7;41.3
76;2021-07-09;4367;12408;734874;525700;59.1;42.3
76;2021-07-10;3138;8546;738012;534246;59.3;43.0
76;2021-07-11;1778;2821;739790;537067;59.5;43.2
76;2021-07-12;3158;11146;742948;548213;59.7;44.1
76;2021-07-13;4935;12256;747883;560469;60.1;45.1
76;2021-07-14;4805;5544;752688;566013;60.5;45.5
76;2021-07-15;5915;11787;758603;577800;61.0;46.5
76;2021-07-16;6721;12011;765324;589811;61.5;47.4
76;2021-07-17;5281;8708;770605;598519;62.0;48.1
76;2021-07-18;2259;3358;772864;601877;62.1;48.4
76;2021-07-19;5163;11148;778027;613025;62.6;49.3
76;2021-07-20;6277;11618;784304;624643;63.1;50.2
76;2021-07-21;6343;10565;790647;635208;63.6;51.1
76;2021-07-22;8241;9650;798888;644858;64.2;51.8
76;2021-07-23;7645;11997;806533;656855;64.8;52.8
76;2021-07-24;4993;7718;811526;664573;65.2;53.4
76;2021-07-25;2873;3142;814399;667715;65.5;53.7
76;2021-07-26;5440;10147;819839;677862;65.9;54.5
76;2021-07-27;8341;9555;828180;687417;66.6;55.3
76;2021-07-28;8271;7824;836451;695241;67.3;55.9
76;2021-07-29;9590;6985;846041;702226;68.0;56.5
76;2021-07-30;8016;7843;854057;710069;68.7;57.1
76;2021-07-31;6617;5330;860674;715399;69.2;57.5
76;2021-08-01;3863;2084;864537;717483;69.5;57.7
76;2021-08-02;6562;7093;871099;724576;70.0;58.3
76;2021-08-03;7975;6358;879074;730934;70.7;58.8
76;2021-08-04;7254;5837;886328;736771;71.3;59.2
76;2021-08-05;8099;5724;894427;742495;71.9;59.7
76;2021-08-06;6811;6873;901238;749368;72.5;60.2
76;2021-08-07;4790;4380;906028;753748;72.8;60.6
76;2021-08-08;2408;2157;908436;755905;73.0;60.8
76;2021-08-09;5641;6737;914077;762642;73.5;61.3
76;2021-08-10;6350;6552;920427;769194;74.0;61.8
76;2021-08-11;6452;5492;926879;774686;74.5;62.3
76;2021-08-12;6042;6059;932921;780745;75.0;62.8
76;2021-08-13;5054;6202;937975;786947;75.4;63.3
76;2021-08-14;3839;4594;941814;791541;75.7;63.6
76;2021-08-15;1580;2355;943394;793896;75.8;63.8
76;2021-08-16;3625;6718;947019;800614;76.1;64.4
76;2021-08-17;3908;6942;950927;807556;76.5;64.9
76;2021-08-18;3731;6738;954658;814294;76.8;65.5
76;2021-08-19;3373;7165;958031;821459;77.0;66.0
76;2021-08-20;3420;7827;961451;829286;77.3;66.7
76;2021-08-21;1817;4221;963268;833507;77.4;67.0
76;2021-08-22;865;3293;964133;836800;77.5;67.3
76;2021-08-23;2620;7757;966753;844557;77.7;67.9
76;2021-08-24;2820;7585;969573;852142;78.0;68.5
76;2021-08-25;2619;7080;972192;859222;78.2;69.1
76;2021-08-26;2066;5797;974258;865019;78.3;69.5
76;2021-08-27;2683;7948;976941;872967;78.5;70.2
76;2021-08-28;2131;6061;979072;879028;78.7;70.7
76;2021-08-29;693;3009;979765;882037;78.8;70.9
76;2021-08-30;2161;7441;981926;889478;78.9;71.5
76;2021-08-31;1940;7330;983866;896808;79.1;72.1
76;2021-09-01;1714;6891;985580;903699;79.2;72.7
76;2021-09-02;1303;4994;986883;908693;79.3;73.1
76;2021-09-03;1589;7207;988472;915900;79.5;73.6
76;2021-09-04;1605;6344;990077;922244;79.6;74.1
76;2021-09-05;632;1941;990709;924185;79.7;74.3
76;2021-09-06;1259;5065;991968;929250;79.8;74.7
76;2021-09-07;1158;4454;993126;933704;79.8;75.1
76;2021-09-08;1263;5078;994389;938782;79.9;75.5
76;2021-09-09;1084;3570;995473;942352;80.0;75.8
76;2021-09-10;1694;4837;997167;947189;80.2;76.2
76;2021-09-11;1159;3605;998326;950794;80.3;76.4
76;2021-09-12;286;888;998612;951682;80.3;76.5
76;2021-09-13;813;3183;999425;954865;80.4;76.8
76;2021-09-14;1342;3671;1000767;958536;80.5;77.1
77;2020-12-27;1;0;1;0;0.0;0.0
77;2020-12-28;1;0;2;0;0.0;0.0
77;2020-12-29;0;0;2;0;0.0;0.0
77;2020-12-30;0;0;2;0;0.0;0.0
77;2020-12-31;0;0;2;0;0.0;0.0
77;2021-01-01;4;0;6;0;0.0;0.0
77;2021-01-02;2;0;8;0;0.0;0.0
77;2021-01-03;0;0;8;0;0.0;0.0
77;2021-01-04;7;0;15;0;0.0;0.0
77;2021-01-05;199;0;214;0;0.0;0.0
77;2021-01-06;235;2;449;2;0.0;0.0
77;2021-01-07;521;4;970;6;0.1;0.0
77;2021-01-08;621;0;1591;6;0.1;0.0
77;2021-01-09;273;1;1864;7;0.1;0.0
77;2021-01-10;235;2;2099;9;0.1;0.0
77;2021-01-11;783;3;2882;12;0.2;0.0
77;2021-01-12;884;1;3766;13;0.3;0.0
77;2021-01-13;941;1;4707;14;0.3;0.0
77;2021-01-14;850;7;5557;21;0.4;0.0
77;2021-01-15;859;10;6416;31;0.5;0.0
77;2021-01-16;168;1;6584;32;0.5;0.0
77;2021-01-17;132;2;6716;34;0.5;0.0
77;2021-01-18;1194;4;7910;38;0.6;0.0
77;2021-01-19;1722;13;9632;51;0.7;0.0
77;2021-01-20;2540;7;12172;58;0.9;0.0
77;2021-01-21;2058;24;14230;82;1.0;0.0
77;2021-01-22;1148;7;15378;89;1.1;0.0
77;2021-01-23;350;0;15728;89;1.1;0.0
77;2021-01-24;44;0;15772;89;1.1;0.0
77;2021-01-25;941;22;16713;111;1.2;0.0
77;2021-01-26;1714;24;18427;135;1.3;0.0
77;2021-01-27;1364;23;19791;158;1.4;0.0
77;2021-01-28;1698;88;21489;246;1.5;0.0
77;2021-01-29;1289;138;22778;384;1.6;0.0
77;2021-01-30;211;2;22989;386;1.6;0.0
77;2021-01-31;1;0;22990;386;1.6;0.0
77;2021-02-01;569;190;23559;576;1.7;0.0
77;2021-02-02;871;243;24430;819;1.7;0.1
77;2021-02-03;795;490;25225;1309;1.8;0.1
77;2021-02-04;789;756;26014;2065;1.8;0.1
77;2021-02-05;857;766;26871;2831;1.9;0.2
77;2021-02-06;165;95;27036;2926;1.9;0.2
77;2021-02-07;17;87;27053;3013;1.9;0.2
77;2021-02-08;498;827;27551;3840;1.9;0.3
77;2021-02-09;590;1350;28141;5190;2.0;0.4
77;2021-02-10;1029;1669;29170;6859;2.0;0.5
77;2021-02-11;1060;1502;30230;8361;2.1;0.6
77;2021-02-12;1098;1037;31328;9398;2.2;0.7
77;2021-02-13;188;167;31516;9565;2.2;0.7
77;2021-02-14;12;56;31528;9621;2.2;0.7
77;2021-02-15;555;722;32083;10343;2.3;0.7
77;2021-02-16;599;1181;32682;11524;2.3;0.8
77;2021-02-17;514;961;33196;12485;2.3;0.9
77;2021-02-18;839;1344;34035;13829;2.4;1.0
77;2021-02-19;777;905;34812;14734;2.4;1.0
77;2021-02-20;54;131;34866;14865;2.4;1.0
77;2021-02-21;7;31;34873;14896;2.4;1.0
77;2021-02-22;303;540;35176;15436;2.5;1.1
77;2021-02-23;360;817;35536;16253;2.5;1.1
77;2021-02-24;513;658;36049;16911;2.5;1.2
77;2021-02-25;794;737;36843;17648;2.6;1.2
77;2021-02-26;841;662;37684;18310;2.6;1.3
77;2021-02-27;459;118;38143;18428;2.7;1.3
77;2021-02-28;33;5;38176;18433;2.7;1.3
77;2021-03-01;678;575;38854;19008;2.7;1.3
77;2021-03-02;1093;871;39947;19879;2.8;1.4
77;2021-03-03;1957;1037;41904;20916;2.9;1.5
77;2021-03-04;2796;994;44700;21910;3.1;1.5
77;2021-03-05;3381;904;48081;22814;3.4;1.6
77;2021-03-06;4825;245;52906;23059;3.7;1.6
77;2021-03-07;3194;111;56100;23170;3.9;1.6
77;2021-03-08;1230;461;57330;23631;4.0;1.7
77;2021-03-09;2507;566;59837;24197;4.2;1.7
77;2021-03-10;2399;527;62236;24724;4.4;1.7
77;2021-03-11;3501;746;65737;25470;4.6;1.8
77;2021-03-12;3891;652;69628;26122;4.9;1.8
77;2021-03-13;4481;196;74109;26318;5.2;1.8
77;2021-03-14;2153;111;76262;26429;5.4;1.9
77;2021-03-15;2511;270;78773;26699;5.5;1.9
77;2021-03-16;2444;370;81217;27069;5.7;1.9
77;2021-03-17;2554;416;83771;27485;5.9;1.9
77;2021-03-18;3011;387;86782;27872;6.1;2.0
77;2021-03-19;3358;430;90140;28302;6.3;2.0
77;2021-03-20;1967;77;92107;28379;6.5;2.0
77;2021-03-21;243;14;92350;28393;6.5;2.0
77;2021-03-22;3021;394;95371;28787;6.7;2.0
77;2021-03-23;4520;521;99891;29308;7.0;2.1
77;2021-03-24;4154;612;104045;29920;7.3;2.1
77;2021-03-25;5910;399;109955;30319;7.7;2.1
77;2021-03-26;6269;449;116224;30768;8.2;2.2
77;2021-03-27;3322;123;119546;30891;8.4;2.2
77;2021-03-28;1729;49;121275;30940;8.5;2.2
77;2021-03-29;2655;683;123930;31623;8.7;2.2
77;2021-03-30;3995;1177;127925;32800;9.0;2.3
77;2021-03-31;3755;1218;131680;34018;9.2;2.4
77;2021-04-01;4145;1798;135825;35816;9.5;2.5
77;2021-04-02;3993;2006;139818;37822;9.8;2.7
77;2021-04-03;1745;2273;141563;40095;9.9;2.8
77;2021-04-04;423;1424;141986;41519;10.0;2.9
77;2021-04-05;162;164;142148;41683;10.0;2.9
77;2021-04-06;2721;1923;144869;43606;10.2;3.1
77;2021-04-07;3322;2085;148191;45691;10.4;3.2
77;2021-04-08;4535;2359;152726;48050;10.7;3.4
77;2021-04-09;4854;2086;157580;50136;11.1;3.5
77;2021-04-10;3074;2750;160654;52886;11.3;3.7
77;2021-04-11;586;716;161240;53602;11.3;3.8
77;2021-04-12;2230;1820;163470;55422;11.5;3.9
77;2021-04-13;3358;2633;166828;58055;11.7;4.1
77;2021-04-14;2521;2651;169349;60706;11.9;4.3
77;2021-04-15;3322;3111;172671;63817;12.1;4.5
77;2021-04-16;3575;2717;176246;66534;12.4;4.7
77;2021-04-17;1386;476;177632;67010;12.5;4.7
77;2021-04-18;150;11;177782;67021;12.5;4.7
77;2021-04-19;2085;2510;179867;69531;12.6;4.9
77;2021-04-20;2573;3379;182440;72910;12.8;5.1
77;2021-04-21;2194;3472;184634;76382;13.0;5.4
77;2021-04-22;3003;3855;187637;80237;13.2;5.6
77;2021-04-23;3533;3637;191170;83874;13.4;5.9
77;2021-04-24;4901;2500;196071;86374;13.8;6.1
77;2021-04-25;4079;1238;200150;87612;14.1;6.2
77;2021-04-26;3226;2041;203376;89653;14.3;6.3
77;2021-04-27;3997;2504;207373;92157;14.6;6.5
77;2021-04-28;4068;2607;211441;94764;14.9;6.7
77;2021-04-29;4482;3062;215923;97826;15.2;6.9
77;2021-04-30;4911;3326;220834;101152;15.5;7.1
77;2021-05-01;2466;592;223300;101744;15.7;7.1
77;2021-05-02;3142;276;226442;102020;15.9;7.2
77;2021-05-03;5992;2069;232434;104089;16.3;7.3
77;2021-05-04;6440;2990;238874;107079;16.8;7.5
77;2021-05-05;6020;3022;244894;110101;17.2;7.7
77;2021-05-06;6888;3590;251782;113691;17.7;8.0
77;2021-05-07;8207;3254;259989;116945;18.3;8.2
77;2021-05-08;5718;809;265707;117754;18.7;8.3
77;2021-05-09;4908;482;270615;118236;19.0;8.3
77;2021-05-10;8090;2327;278705;120563;19.6;8.5
77;2021-05-11;9581;2910;288286;123473;20.3;8.7
77;2021-05-12;8981;2277;297267;125750;20.9;8.8
77;2021-05-13;9306;881;306573;126631;21.5;8.9
77;2021-05-14;10439;1666;317012;128297;22.3;9.0
77;2021-05-15;8993;1247;326005;129544;22.9;9.1
77;2021-05-16;5153;470;331158;130014;23.3;9.1
77;2021-05-17;10375;1477;341533;131491;24.0;9.2
77;2021-05-18;11785;1802;353318;133293;24.8;9.4
77;2021-05-19;10918;1599;364236;134892;25.6;9.5
77;2021-05-20;12214;2151;376450;137043;26.4;9.6
77;2021-05-21;11657;2699;388107;139742;27.3;9.8
77;2021-05-22;9820;1736;397927;141478;28.0;9.9
77;2021-05-23;6987;812;404914;142290;28.4;10.0
77;2021-05-24;6764;777;411678;143067;28.9;10.0
77;2021-05-25;8317;2816;419995;145883;29.5;10.2
77;2021-05-26;7564;2978;427559;148861;30.0;10.5
77;2021-05-27;7552;3966;435111;152827;30.6;10.7
77;2021-05-28;7637;3999;442748;156826;31.1;11.0
77;2021-05-29;7356;2320;450104;159146;31.6;11.2
77;2021-05-30;4359;891;454463;160037;31.9;11.2
77;2021-05-31;8383;3833;462846;163870;32.5;11.5
77;2021-06-01;9648;4373;472494;168243;33.2;11.8
77;2021-06-02;9007;3925;481501;172168;33.8;12.1
77;2021-06-03;9005;5257;490506;177425;34.5;12.5
77;2021-06-04;9118;5487;499624;182912;35.1;12.8
77;2021-06-05;6662;4982;506286;187894;35.6;13.2
77;2021-06-06;4910;3210;511196;191104;35.9;13.4
77;2021-06-07;6420;4535;517616;195639;36.4;13.7
77;2021-06-08;5728;5224;523344;200863;36.8;14.1
77;2021-06-09;5063;4954;528407;205817;37.1;14.5
77;2021-06-10;5015;5456;533422;211273;37.5;14.8
77;2021-06-11;5759;6027;539181;217300;37.9;15.3
77;2021-06-12;6545;4753;545726;222053;38.3;15.6
77;2021-06-13;3508;3052;549234;225105;38.6;15.8
77;2021-06-14;3219;7932;552453;233037;38.8;16.4
77;2021-06-15;4125;8474;556578;241511;39.1;17.0
77;2021-06-16;4810;8378;561388;249889;39.4;17.6
77;2021-06-17;4473;9024;565861;258913;39.7;18.2
77;2021-06-18;4366;9786;570227;268699;40.1;18.9
77;2021-06-19;5307;6931;575534;275630;40.4;19.4
77;2021-06-20;2096;3800;577630;279430;40.6;19.6
77;2021-06-21;3230;9583;580860;289013;40.8;20.3
77;2021-06-22;3668;11370;584528;300383;41.1;21.1
77;2021-06-23;3441;10055;587969;310438;41.3;21.8
77;2021-06-24;3362;10911;591331;321349;41.5;22.6
77;2021-06-25;3624;10802;594955;332151;41.8;23.3
77;2021-06-26;4089;10069;599044;342220;42.1;24.0
77;2021-06-27;2124;6427;601168;348647;42.2;24.5
77;2021-06-28;2799;10831;603967;359478;42.4;25.3
77;2021-06-29;3418;12525;607385;372003;42.7;26.1
77;2021-06-30;3293;11449;610678;383452;42.9;26.9
77;2021-07-01;3293;11652;613971;395104;43.1;27.8
77;2021-07-02;3466;12255;617437;407359;43.4;28.6
77;2021-07-03;3186;10803;620623;418162;43.6;29.4
77;2021-07-04;1997;6492;622620;424654;43.7;29.8
77;2021-07-05;3590;9546;626210;434200;44.0;30.5
77;2021-07-06;3743;9530;629953;443730;44.3;31.2
77;2021-07-07;4064;8963;634017;452693;44.5;31.8
77;2021-07-08;3935;8759;637952;461452;44.8;32.4
77;2021-07-09;4710;10338;642662;471790;45.1;33.1
77;2021-07-10;4047;9843;646709;481633;45.4;33.8
77;2021-07-11;3093;5094;649802;486727;45.6;34.2
77;2021-07-12;3286;10869;653088;497596;45.9;35.0
77;2021-07-13;6167;12030;659255;509626;46.3;35.8
77;2021-07-14;3604;6446;662859;516072;46.6;36.3
77;2021-07-15;7189;11973;670048;528045;47.1;37.1
77;2021-07-16;7830;9897;677878;537942;47.6;37.8
77;2021-07-17;5796;9465;683674;547407;48.0;38.5
77;2021-07-18;4139;5328;687813;552735;48.3;38.8
77;2021-07-19;7518;8951;695331;561686;48.8;39.5
77;2021-07-20;9645;8037;704976;569723;49.5;40.0
77;2021-07-21;9527;7483;714503;577206;50.2;40.5
77;2021-07-22;10565;7552;725068;584758;50.9;41.1
77;2021-07-23;9873;8201;734941;592959;51.6;41.7
77;2021-07-24;7219;7875;742160;600834;52.1;42.2
77;2021-07-25;5900;4033;748060;604867;52.5;42.5
77;2021-07-26;9219;5973;757279;610840;53.2;42.9
77;2021-07-27;10964;6042;768243;616882;54.0;43.3
77;2021-07-28;9494;6425;777737;623307;54.6;43.8
77;2021-07-29;9539;5509;787276;628816;55.3;44.2
77;2021-07-30;9743;6363;797019;635179;56.0;44.6
77;2021-07-31;7268;6633;804287;641812;56.5;45.1
77;2021-08-01;2955;1215;807242;643027;56.7;45.2
77;2021-08-02;7131;5733;814373;648760;57.2;45.6
77;2021-08-03;5856;4521;820229;653281;57.6;45.9
77;2021-08-04;4733;4387;824962;657668;57.9;46.2
77;2021-08-05;3255;2970;828217;660638;58.2;46.4
77;2021-08-06;5889;5260;834106;665898;58.6;46.8
77;2021-08-07;5295;6795;839401;672693;59.0;47.3
77;2021-08-08;1980;1863;841381;674556;59.1;47.4
77;2021-08-09;5062;6582;846443;681138;59.5;47.8
77;2021-08-10;2676;3578;849119;684716;59.6;48.1
77;2021-08-11;3118;6239;852237;690955;59.9;48.5
77;2021-08-12;2257;3572;854494;694527;60.0;48.8
77;2021-08-13;2724;4894;857218;699421;60.2;49.1
77;2021-08-14;2953;7332;860171;706753;60.4;49.6
77;2021-08-15;787;773;860958;707526;60.5;49.7
77;2021-08-16;2370;6984;863328;714510;60.6;50.2
77;2021-08-17;2890;7208;866218;721718;60.8;50.7
77;2021-08-18;2680;6559;868898;728277;61.0;51.2
77;2021-08-19;2645;5103;871543;733380;61.2;51.5
77;2021-08-20;2676;5684;874219;739064;61.4;51.9
77;2021-08-21;2717;7329;876936;746393;61.6;52.4
77;2021-08-22;1731;5340;878667;751733;61.7;52.8
77;2021-08-23;2438;9617;881105;761350;61.9;53.5
77;2021-08-24;3056;9238;884161;770588;62.1;54.1
77;2021-08-25;2533;6529;886694;777117;62.3;54.6
77;2021-08-26;2544;6254;889238;783371;62.5;55.0
77;2021-08-27;2756;6993;891994;790364;62.7;55.5
77;2021-08-28;1955;7247;893949;797611;62.8;56.0
77;2021-08-29;1480;5149;895429;802760;62.9;56.4
77;2021-08-30;2509;8142;897938;810902;63.1;57.0
77;2021-08-31;2822;5733;900760;816635;63.3;57.4
77;2021-09-01;2207;3840;902967;820475;63.4;57.6
77;2021-09-02;1598;3140;904565;823615;63.5;57.9
77;2021-09-03;2109;4551;906674;828166;63.7;58.2
77;2021-09-04;2392;5775;909066;833941;63.9;58.6
77;2021-09-05;893;1554;909959;835495;63.9;58.7
77;2021-09-06;1038;2310;910997;837805;64.0;58.9
77;2021-09-07;824;2285;911821;840090;64.1;59.0
77;2021-09-08;1697;3580;913518;843670;64.2;59.3
77;2021-09-09;945;2203;914463;845873;64.2;59.4
77;2021-09-10;1169;2548;915632;848421;64.3;59.6
77;2021-09-11;2033;5694;917665;854115;64.5;60.0
77;2021-09-12;517;1416;918182;855531;64.5;60.1
77;2021-09-13;863;2294;919045;857825;64.6;60.3
77;2021-09-14;1004;2149;920049;859974;64.6;60.4
78;2020-12-27;2;0;2;0;0.0;0.0
78;2020-12-28;0;0;2;0;0.0;0.0
78;2020-12-29;0;0;2;0;0.0;0.0
78;2020-12-30;0;0;2;0;0.0;0.0
78;2020-12-31;15;0;17;0;0.0;0.0
78;2021-01-01;1;0;18;0;0.0;0.0
78;2021-01-02;1;0;19;0;0.0;0.0
78;2021-01-03;3;0;22;0;0.0;0.0
78;2021-01-04;145;3;167;3;0.0;0.0
78;2021-01-05;175;1;342;4;0.0;0.0
78;2021-01-06;208;3;550;7;0.0;0.0
78;2021-01-07;469;2;1019;9;0.1;0.0
78;2021-01-08;651;3;1670;12;0.1;0.0
78;2021-01-09;22;0;1692;12;0.1;0.0
78;2021-01-10;2;0;1694;12;0.1;0.0
78;2021-01-11;792;3;2486;15;0.2;0.0
78;2021-01-12;945;5;3431;20;0.2;0.0
78;2021-01-13;741;8;4172;28;0.3;0.0
78;2021-01-14;811;9;4983;37;0.3;0.0
78;2021-01-15;848;10;5831;47;0.4;0.0
78;2021-01-16;32;0;5863;47;0.4;0.0
78;2021-01-17;0;0;5863;47;0.4;0.0
78;2021-01-18;1384;21;7247;68;0.5;0.0
78;2021-01-19;1841;27;9088;95;0.6;0.0
78;2021-01-20;1659;15;10747;110;0.7;0.0
78;2021-01-21;3258;16;14005;126;1.0;0.0
78;2021-01-22;2218;17;16223;143;1.1;0.0
78;2021-01-23;279;0;16502;143;1.1;0.0
78;2021-01-24;5;0;16507;143;1.1;0.0
78;2021-01-25;958;26;17465;169;1.2;0.0
78;2021-01-26;1560;19;19025;188;1.3;0.0
78;2021-01-27;2061;38;21086;226;1.5;0.0
78;2021-01-28;2436;87;23522;313;1.6;0.0
78;2021-01-29;1490;57;25012;370;1.7;0.0
78;2021-01-30;210;2;25222;372;1.7;0.0
78;2021-01-31;3;0;25225;372;1.7;0.0
78;2021-02-01;788;211;26013;583;1.8;0.0
78;2021-02-02;968;318;26981;901;1.9;0.1
78;2021-02-03;975;217;27956;1118;1.9;0.1
78;2021-02-04;1117;413;29073;1531;2.0;0.1
78;2021-02-05;1191;447;30264;1978;2.1;0.1
78;2021-02-06;200;44;30464;2022;2.1;0.1
78;2021-02-07;139;13;30603;2035;2.1;0.1
78;2021-02-08;760;538;31363;2573;2.2;0.2
78;2021-02-09;1122;860;32485;3433;2.2;0.2
78;2021-02-10;1246;1066;33731;4499;2.3;0.3
78;2021-02-11;1820;1679;35551;6178;2.5;0.4
78;2021-02-12;1820;1244;37371;7422;2.6;0.5
78;2021-02-13;173;63;37544;7485;2.6;0.5
78;2021-02-14;27;23;37571;7508;2.6;0.5
78;2021-02-15;447;1129;38018;8637;2.6;0.6
78;2021-02-16;629;1298;38647;9935;2.7;0.7
78;2021-02-17;587;1924;39234;11859;2.7;0.8
78;2021-02-18;998;1913;40232;13772;2.8;1.0
78;2021-02-19;820;1439;41052;15211;2.8;1.1
78;2021-02-20;149;102;41201;15313;2.8;1.1
78;2021-02-21;0;12;41201;15325;2.8;1.1
78;2021-02-22;502;808;41703;16133;2.9;1.1
78;2021-02-23;540;896;42243;17029;2.9;1.2
78;2021-02-24;619;1026;42862;18055;3.0;1.2
78;2021-02-25;866;911;43728;18966;3.0;1.3
78;2021-02-26;1132;1015;44860;19981;3.1;1.4
78;2021-02-27;740;115;45600;20096;3.1;1.4
78;2021-02-28;68;18;45668;20114;3.2;1.4
78;2021-03-01;966;701;46634;20815;3.2;1.4
78;2021-03-02;1727;885;48361;21700;3.3;1.5
78;2021-03-03;1965;1053;50326;22753;3.5;1.6
78;2021-03-04;2949;1411;53275;24164;3.7;1.7
78;2021-03-05;3255;1471;56530;25635;3.9;1.8
78;2021-03-06;6247;277;62777;25912;4.3;1.8
78;2021-03-07;3444;103;66221;26015;4.6;1.8
78;2021-03-08;1460;669;67681;26684;4.7;1.8
78;2021-03-09;2942;830;70623;27514;4.9;1.9
78;2021-03-10;3080;1035;73703;28549;5.1;2.0
78;2021-03-11;4177;1236;77880;29785;5.4;2.1
78;2021-03-12;5372;1280;83252;31065;5.7;2.1
78;2021-03-13;4658;197;87910;31262;6.1;2.2
78;2021-03-14;1036;41;88946;31303;6.1;2.2
78;2021-03-15;3620;265;92566;31568;6.4;2.2
78;2021-03-16;2566;558;95132;32126;6.6;2.2
78;2021-03-17;2968;432;98100;32558;6.8;2.2
78;2021-03-18;3781;441;101881;32999;7.0;2.3
78;2021-03-19;5319;484;107200;33483;7.4;2.3
78;2021-03-20;2258;127;109458;33610;7.6;2.3
78;2021-03-21;165;7;109623;33617;7.6;2.3
78;2021-03-22;3532;377;113155;33994;7.8;2.3
78;2021-03-23;5232;535;118387;34529;8.2;2.4
78;2021-03-24;4893;551;123280;35080;8.5;2.4
78;2021-03-25;6941;559;130221;35639;9.0;2.5
78;2021-03-26;6942;702;137163;36341;9.5;2.5
78;2021-03-27;3746;195;140909;36536;9.7;2.5
78;2021-03-28;1919;54;142828;36590;9.9;2.5
78;2021-03-29;3865;758;146693;37348;10.1;2.6
78;2021-03-30;5527;1049;152220;38397;10.5;2.7
78;2021-03-31;5333;1286;157553;39683;10.9;2.7
78;2021-04-01;5594;2345;163147;42028;11.3;2.9
78;2021-04-02;5194;2621;168341;44649;11.6;3.1
78;2021-04-03;2198;2559;170539;47208;11.8;3.3
78;2021-04-04;173;14;170712;47222;11.8;3.3
78;2021-04-05;199;19;170911;47241;11.8;3.3
78;2021-04-06;3618;2301;174529;49542;12.0;3.4
78;2021-04-07;4357;2583;178886;52125;12.3;3.6
78;2021-04-08;5526;2672;184412;54797;12.7;3.8
78;2021-04-09;6909;2440;191321;57237;13.2;4.0
78;2021-04-10;3995;1902;195316;59139;13.5;4.1
78;2021-04-11;374;606;195690;59745;13.5;4.1
78;2021-04-12;3532;2356;199222;62101;13.8;4.3
78;2021-04-13;5460;2495;204682;64596;14.1;4.5
78;2021-04-14;4956;3381;209638;67977;14.5;4.7
78;2021-04-15;4616;3850;214254;71827;14.8;5.0
78;2021-04-16;5626;4013;219880;75840;15.2;5.2
78;2021-04-17;3615;716;223495;76556;15.4;5.3
78;2021-04-18;272;42;223767;76598;15.4;5.3
78;2021-04-19;3244;2812;227011;79410;15.7;5.5
78;2021-04-20;4710;3683;231721;83093;16.0;5.7
78;2021-04-21;4534;3507;236255;86600;16.3;6.0
78;2021-04-22;4565;4692;240820;91292;16.6;6.3
78;2021-04-23;5061;4430;245881;95722;17.0;6.6
78;2021-04-24;4866;2613;250747;98335;17.3;6.8
78;2021-04-25;3047;1733;253794;100068;17.5;6.9
78;2021-04-26;4770;3317;258564;103385;17.8;7.1
78;2021-04-27;5473;4294;264037;107679;18.2;7.4
78;2021-04-28;5651;4772;269688;112451;18.6;7.8
78;2021-04-29;6263;4055;275951;116506;19.0;8.0
78;2021-04-30;7208;4444;283159;120950;19.5;8.3
78;2021-05-01;612;254;283771;121204;19.6;8.4
78;2021-05-02;2008;164;285779;121368;19.7;8.4
78;2021-05-03;7464;1270;293243;122638;20.2;8.5
78;2021-05-04;6079;3972;299322;126610;20.7;8.7
78;2021-05-05;7301;4545;306623;131155;21.2;9.1
78;2021-05-06;6481;5164;313104;136319;21.6;9.4
78;2021-05-07;8313;5115;321417;141434;22.2;9.8
78;2021-05-08;2917;1446;324334;142880;22.4;9.9
78;2021-05-09;2819;350;327153;143230;22.6;9.9
78;2021-05-10;7343;4448;334496;147678;23.1;10.2
78;2021-05-11;8142;5405;342638;153083;23.7;10.6
78;2021-05-12;8733;3914;351371;156997;24.3;10.8
78;2021-05-13;6631;600;358002;157597;24.7;10.9
78;2021-05-14;10218;2213;368220;159810;25.4;11.0
78;2021-05-15;4936;2360;373156;162170;25.8;11.2
78;2021-05-16;3697;793;376853;162963;26.0;11.2
78;2021-05-17;8744;1348;385597;164311;26.6;11.3
78;2021-05-18;9888;1891;395485;166202;27.3;11.5
78;2021-05-19;11654;1710;407139;167912;28.1;11.6
78;2021-05-20;11599;2261;418738;170173;28.9;11.7
78;2021-05-21;12131;2619;430869;172792;29.7;11.9
78;2021-05-22;6546;1362;437415;174154;30.2;12.0
78;2021-05-23;3126;390;440541;174544;30.4;12.0
78;2021-05-24;3523;418;444064;174962;30.7;12.1
78;2021-05-25;9988;2504;454052;177466;31.3;12.3
78;2021-05-26;10166;3775;464218;181241;32.0;12.5
78;2021-05-27;10960;4641;475178;185882;32.8;12.8
78;2021-05-28;11413;6014;486591;191896;33.6;13.2
78;2021-05-29;4228;3380;490819;195276;33.9;13.5
78;2021-05-30;136;344;490955;195620;33.9;13.5
78;2021-05-31;7971;5351;498926;200971;34.4;13.9
78;2021-06-01;10027;6517;508953;207488;35.1;14.3
78;2021-06-02;8587;6198;517540;213686;35.7;14.8
78;2021-06-03;9899;6469;527439;220155;36.4;15.2
78;2021-06-04;9795;8143;537234;228298;37.1;15.8
78;2021-06-05;5522;6131;542756;234429;37.5;16.2
78;2021-06-06;2151;2009;544907;236438;37.6;16.3
78;2021-06-07;8124;6519;553031;242957;38.2;16.8
78;2021-06-08;8066;7323;561097;250280;38.7;17.3
78;2021-06-09;7327;6723;568424;257003;39.2;17.7
78;2021-06-10;7113;7096;575537;264099;39.7;18.2
78;2021-06-11;7585;8182;583122;272281;40.3;18.8
78;2021-06-12;6374;2920;589496;275201;40.7;19.0
78;2021-06-13;946;2458;590442;277659;40.8;19.2
78;2021-06-14;3414;9810;593856;287469;41.0;19.8
78;2021-06-15;5803;8284;599659;295753;41.4;20.4
78;2021-06-16;5434;8625;605093;304378;41.8;21.0
78;2021-06-17;5486;8535;610579;312913;42.1;21.6
78;2021-06-18;6168;9799;616747;322712;42.6;22.3
78;2021-06-19;5223;4817;621970;327529;42.9;22.6
78;2021-06-20;624;2838;622594;330367;43.0;22.8
78;2021-06-21;4100;9470;626694;339837;43.3;23.5
78;2021-06-22;3350;10317;630044;350154;43.5;24.2
78;2021-06-23;3842;10394;633886;360548;43.8;24.9
78;2021-06-24;3799;9971;637685;370519;44.0;25.6
78;2021-06-25;4004;13145;641689;383664;44.3;26.5
78;2021-06-26;4211;7952;645900;391616;44.6;27.0
78;2021-06-27;1041;2541;646941;394157;44.7;27.2
78;2021-06-28;3294;10899;650235;405056;44.9;28.0
78;2021-06-29;3540;11252;653775;416308;45.1;28.7
78;2021-06-30;4113;13224;657888;429532;45.4;29.7
78;2021-07-01;4108;12698;661996;442230;45.7;30.5
78;2021-07-02;4262;13939;666258;456169;46.0;31.5
78;2021-07-03;3161;8620;669419;464789;46.2;32.1
78;2021-07-04;777;1742;670196;466531;46.3;32.2
78;2021-07-05;3388;9693;673584;476224;46.5;32.9
78;2021-07-06;3530;12040;677114;488264;46.7;33.7
78;2021-07-07;3822;11606;680936;499870;47.0;34.5
78;2021-07-08;3891;11679;684827;511549;47.3;35.3
78;2021-07-09;4808;12742;689635;524291;47.6;36.2
78;2021-07-10;2627;6612;692262;530903;47.8;36.6
78;2021-07-11;748;2047;693010;532950;47.8;36.8
78;2021-07-12;3037;11741;696047;544691;48.0;37.6
78;2021-07-13;5354;11977;701401;556668;48.4;38.4
78;2021-07-14;2534;4990;703935;561658;48.6;38.8
78;2021-07-15;5670;11955;709605;573613;49.0;39.6
78;2021-07-16;7290;10782;716895;584395;49.5;40.3
78;2021-07-17;4729;4888;721624;589283;49.8;40.7
78;2021-07-18;1125;468;722749;589751;49.9;40.7
78;2021-07-19;3843;10348;726592;600099;50.2;41.4
78;2021-07-20;5618;9924;732210;610023;50.5;42.1
78;2021-07-21;5905;9861;738115;619884;51.0;42.8
78;2021-07-22;5953;9290;744068;629174;51.4;43.4
78;2021-07-23;6240;9223;750308;638397;51.8;44.1
78;2021-07-24;2938;4964;753246;643361;52.0;44.4
78;2021-07-25;987;375;754233;643736;52.1;44.4
78;2021-07-26;4865;6986;759098;650722;52.4;44.9
78;2021-07-27;7602;6917;766700;657639;52.9;45.4
78;2021-07-28;6981;5931;773681;663570;53.4;45.8
78;2021-07-29;7908;6002;781589;669572;54.0;46.2
78;2021-07-30;7742;7046;789331;676618;54.5;46.7
78;2021-07-31;2652;2732;791983;679350;54.7;46.9
78;2021-08-01;108;72;792091;679422;54.7;46.9
78;2021-08-02;2403;2122;794494;681544;54.8;47.0
78;2021-08-03;4266;4250;798760;685794;55.1;47.3
78;2021-08-04;4463;2808;803223;688602;55.4;47.5
78;2021-08-05;3881;3170;807104;691772;55.7;47.8
78;2021-08-06;3981;3712;811085;695484;56.0;48.0
78;2021-08-07;2822;3443;813907;698927;56.2;48.2
78;2021-08-08;481;343;814388;699270;56.2;48.3
78;2021-08-09;1871;1660;816259;700930;56.3;48.4
78;2021-08-10;3400;3981;819659;704911;56.6;48.7
78;2021-08-11;2974;3382;822633;708293;56.8;48.9
78;2021-08-12;2738;3541;825371;711834;57.0;49.1
78;2021-08-13;2861;3181;828232;715015;57.2;49.4
78;2021-08-14;2299;3085;830531;718100;57.3;49.6
78;2021-08-15;279;377;830810;718477;57.4;49.6
78;2021-08-16;908;2337;831718;720814;57.4;49.8
78;2021-08-17;2789;4422;834507;725236;57.6;50.1
78;2021-08-18;2457;3815;836964;729051;57.8;50.3
78;2021-08-19;2233;3581;839197;732632;57.9;50.6
78;2021-08-20;2088;3998;841285;736630;58.1;50.9
78;2021-08-21;1884;3586;843169;740216;58.2;51.1
78;2021-08-22;85;147;843254;740363;58.2;51.1
78;2021-08-23;2146;4242;845400;744605;58.4;51.4
78;2021-08-24;3625;6966;849025;751571;58.6;51.9
78;2021-08-25;3283;6591;852308;758162;58.8;52.3
78;2021-08-26;2968;7229;855276;765391;59.0;52.8
78;2021-08-27;2847;7367;858123;772758;59.2;53.3
78;2021-08-28;2422;5268;860545;778026;59.4;53.7
78;2021-08-29;369;351;860914;778377;59.4;53.7
78;2021-08-30;2855;5069;863769;783446;59.6;54.1
78;2021-08-31;3447;5810;867216;789256;59.9;54.5
78;2021-09-01;2706;5289;869922;794545;60.1;54.8
78;2021-09-02;2086;4435;872008;798980;60.2;55.2
78;2021-09-03;2246;4714;874254;803694;60.4;55.5
78;2021-09-04;2472;4247;876726;807941;60.5;55.8
78;2021-09-05;289;382;877015;808323;60.5;55.8
78;2021-09-06;1280;2998;878295;811321;60.6;56.0
78;2021-09-07;1348;3503;879643;814824;60.7;56.2
78;2021-09-08;1678;3790;881321;818614;60.8;56.5
78;2021-09-09;1069;3304;882390;821918;60.9;56.7
78;2021-09-10;1362;3460;883752;825378;61.0;57.0
78;2021-09-11;2039;4192;885791;829570;61.1;57.3
78;2021-09-12;72;165;885863;829735;61.2;57.3
78;2021-09-13;771;2569;886634;832304;61.2;57.5
78;2021-09-14;1047;3809;887681;836113;61.3;57.7
79;2020-12-27;0;0;0;0;0.0;0.0
79;2020-12-28;3;0;3;0;0.0;0.0
79;2020-12-29;0;0;3;0;0.0;0.0
79;2020-12-30;0;0;3;0;0.0;0.0
79;2020-12-31;0;0;3;0;0.0;0.0
79;2021-01-01;0;0;3;0;0.0;0.0
79;2021-01-02;0;0;3;0;0.0;0.0
79;2021-01-03;0;0;3;0;0.0;0.0
79;2021-01-04;1;0;4;0;0.0;0.0
79;2021-01-05;0;0;4;0;0.0;0.0
79;2021-01-06;0;0;4;0;0.0;0.0
79;2021-01-07;158;0;162;0;0.0;0.0
79;2021-01-08;165;0;327;0;0.1;0.0
79;2021-01-09;99;0;426;0;0.1;0.0
79;2021-01-10;3;0;429;0;0.1;0.0
79;2021-01-11;184;1;613;1;0.2;0.0
79;2021-01-12;245;1;858;2;0.2;0.0
79;2021-01-13;258;0;1116;2;0.3;0.0
79;2021-01-14;505;8;1621;10;0.4;0.0
79;2021-01-15;616;5;2237;15;0.6;0.0
79;2021-01-16;66;0;2303;15;0.6;0.0
79;2021-01-17;0;0;2303;15;0.6;0.0
79;2021-01-18;477;2;2780;17;0.7;0.0
79;2021-01-19;1361;1;4141;18;1.1;0.0
79;2021-01-20;1677;1;5818;19;1.6;0.0
79;2021-01-21;1998;7;7816;26;2.1;0.0
79;2021-01-22;874;4;8690;30;2.3;0.0
79;2021-01-23;65;0;8755;30;2.3;0.0
79;2021-01-24;0;0;8755;30;2.3;0.0
79;2021-01-25;646;7;9401;37;2.5;0.0
79;2021-01-26;594;13;9995;50;2.7;0.0
79;2021-01-27;740;81;10735;131;2.9;0.0
79;2021-01-28;733;128;11468;259;3.1;0.1
79;2021-01-29;492;81;11960;340;3.2;0.1
79;2021-01-30;0;0;11960;340;3.2;0.1
79;2021-01-31;0;0;11960;340;3.2;0.1
79;2021-02-01;207;105;12167;445;3.3;0.1
79;2021-02-02;335;73;12502;518;3.4;0.1
79;2021-02-03;390;56;12892;574;3.5;0.2
79;2021-02-04;325;107;13217;681;3.5;0.2
79;2021-02-05;360;273;13577;954;3.6;0.3
79;2021-02-06;4;0;13581;954;3.6;0.3
79;2021-02-07;22;0;13603;954;3.7;0.3
79;2021-02-08;283;160;13886;1114;3.7;0.3
79;2021-02-09;457;744;14343;1858;3.8;0.5
79;2021-02-10;619;1148;14962;3006;4.0;0.8
79;2021-02-11;777;1192;15739;4198;4.2;1.1
79;2021-02-12;467;711;16206;4909;4.3;1.3
79;2021-02-13;53;61;16259;4970;4.4;1.3
79;2021-02-14;0;0;16259;4970;4.4;1.3
79;2021-02-15;186;426;16445;5396;4.4;1.4
79;2021-02-16;333;643;16778;6039;4.5;1.6
79;2021-02-17;249;754;17027;6793;4.6;1.8
79;2021-02-18;353;849;17380;7642;4.7;2.1
79;2021-02-19;267;508;17647;8150;4.7;2.2
79;2021-02-20;4;18;17651;8168;4.7;2.2
79;2021-02-21;1;0;17652;8168;4.7;2.2
79;2021-02-22;136;400;17788;8568;4.8;2.3
79;2021-02-23;248;498;18036;9066;4.8;2.4
79;2021-02-24;246;461;18282;9527;4.9;2.6
79;2021-02-25;519;416;18801;9943;5.0;2.7
79;2021-02-26;599;348;19400;10291;5.2;2.8
79;2021-02-27;407;7;19807;10298;5.3;2.8
79;2021-02-28;35;0;19842;10298;5.3;2.8
79;2021-03-01;89;295;19931;10593;5.3;2.8
79;2021-03-02;302;452;20233;11045;5.4;3.0
79;2021-03-03;662;482;20895;11527;5.6;3.1
79;2021-03-04;904;524;21799;12051;5.9;3.2
79;2021-03-05;1217;409;23016;12460;6.2;3.3
79;2021-03-06;611;5;23627;12465;6.3;3.3
79;2021-03-07;77;1;23704;12466;6.4;3.3
79;2021-03-08;344;279;24048;12745;6.5;3.4
79;2021-03-09;841;312;24889;13057;6.7;3.5
79;2021-03-10;1146;376;26035;13433;7.0;3.6
79;2021-03-11;1640;306;27675;13739;7.4;3.7
79;2021-03-12;1721;110;29396;13849;7.9;3.7
79;2021-03-13;1136;13;30532;13862;8.2;3.7
79;2021-03-14;50;0;30582;13862;8.2;3.7
79;2021-03-15;497;157;31079;14019;8.3;3.8
79;2021-03-16;735;146;31814;14165;8.5;3.8
79;2021-03-17;578;107;32392;14272;8.7;3.8
79;2021-03-18;553;199;32945;14471;8.8;3.9
79;2021-03-19;662;256;33607;14727;9.0;4.0
79;2021-03-20;1007;14;34614;14741;9.3;4.0
79;2021-03-21;3;0;34617;14741;9.3;4.0
79;2021-03-22;957;203;35574;14944;9.5;4.0
79;2021-03-23;1595;170;37169;15114;10.0;4.1
79;2021-03-24;1832;162;39001;15276;10.5;4.1
79;2021-03-25;2499;190;41500;15466;11.1;4.2
79;2021-03-26;2406;137;43906;15603;11.8;4.2
79;2021-03-27;769;18;44675;15621;12.0;4.2
79;2021-03-28;1;0;44676;15621;12.0;4.2
79;2021-03-29;2148;115;46824;15736;12.6;4.2
79;2021-03-30;2817;64;49641;15800;13.3;4.2
79;2021-03-31;2777;380;52418;16180;14.1;4.3
79;2021-04-01;2697;381;55115;16561;14.8;4.4
79;2021-04-02;2823;394;57938;16955;15.5;4.6
79;2021-04-03;634;53;58572;17008;15.7;4.6
79;2021-04-04;3;0;58575;17008;15.7;4.6
79;2021-04-05;381;4;58956;17012;15.8;4.6
79;2021-04-06;1794;582;60750;17594;16.3;4.7
79;2021-04-07;3117;727;63867;18321;17.1;4.9
79;2021-04-08;2631;697;66498;19018;17.8;5.1
79;2021-04-09;3738;542;70236;19560;18.8;5.2
79;2021-04-10;1466;386;71702;19946;19.2;5.4
79;2021-04-11;4;0;71706;19946;19.2;5.4
79;2021-04-12;1753;353;73459;20299;19.7;5.4
79;2021-04-13;2174;749;75633;21048;20.3;5.6
79;2021-04-14;2480;677;78113;21725;21.0;5.8
79;2021-04-15;2215;666;80328;22391;21.6;6.0
79;2021-04-16;1414;442;81742;22833;21.9;6.1
79;2021-04-17;581;352;82323;23185;22.1;6.2
79;2021-04-18;1;14;82324;23199;22.1;6.2
79;2021-04-19;1088;838;83412;24037;22.4;6.5
79;2021-04-20;1507;1230;84919;25267;22.8;6.8
79;2021-04-21;1419;1439;86338;26706;23.2;7.2
79;2021-04-22;1572;1085;87910;27791;23.6;7.5
79;2021-04-23;1316;1187;89226;28978;23.9;7.8
79;2021-04-24;653;458;89879;29436;24.1;7.9
79;2021-04-25;1;0;89880;29436;24.1;7.9
79;2021-04-26;1343;1813;91223;31249;24.5;8.4
79;2021-04-27;1898;2336;93121;33585;25.0;9.0
79;2021-04-28;1457;2866;94578;36451;25.4;9.8
79;2021-04-29;2105;2239;96683;38690;25.9;10.4
79;2021-04-30;2114;2453;98797;41143;26.5;11.0
79;2021-05-01;521;378;99318;41521;26.7;11.1
79;2021-05-02;1;11;99319;41532;26.7;11.1
79;2021-05-03;1182;1290;100501;42822;27.0;11.5
79;2021-05-04;1733;2325;102234;45147;27.4;12.1
79;2021-05-05;1695;2481;103929;47628;27.9;12.8
79;2021-05-06;2328;2222;106257;49850;28.5;13.4
79;2021-05-07;2088;2796;108345;52646;29.1;14.1
79;2021-05-08;199;506;108544;53152;29.1;14.3
79;2021-05-09;0;0;108544;53152;29.1;14.3
79;2021-05-10;1584;1786;110128;54938;29.6;14.7
79;2021-05-11;2310;1651;112438;56589;30.2;15.2
79;2021-05-12;2001;2680;114439;59269;30.7;15.9
79;2021-05-13;640;289;115079;59558;30.9;16.0
79;2021-05-14;2100;673;117179;60231;31.4;16.2
79;2021-05-15;1399;498;118578;60729;31.8;16.3
79;2021-05-16;1;22;118579;60751;31.8;16.3
79;2021-05-17;1876;1085;120455;61836;32.3;16.6
79;2021-05-18;2971;1272;123426;63108;33.1;16.9
79;2021-05-19;2897;968;126323;64076;33.9;17.2
79;2021-05-20;3106;1244;129429;65320;34.7;17.5
79;2021-05-21;2768;1066;132197;66386;35.5;17.8
79;2021-05-22;1084;261;133281;66647;35.8;17.9
79;2021-05-23;1;0;133282;66647;35.8;17.9
79;2021-05-24;161;20;133443;66667;35.8;17.9
79;2021-05-25;3199;990;136642;67657;36.7;18.2
79;2021-05-26;3313;852;139955;68509;37.6;18.4
79;2021-05-27;3590;1718;143545;70227;38.5;18.8
79;2021-05-28;3330;1815;146875;72042;39.4;19.3
79;2021-05-29;1073;447;147948;72489;39.7;19.5
79;2021-05-30;3;1;147951;72490;39.7;19.5
79;2021-05-31;2382;731;150333;73221;40.3;19.6
79;2021-06-01;3021;1569;153354;74790;41.2;20.1
79;2021-06-02;4067;1165;157421;75955;42.2;20.4
79;2021-06-03;4090;1753;161511;77708;43.3;20.9
79;2021-06-04;4144;2031;165655;79739;44.5;21.4
79;2021-06-05;2802;758;168457;80497;45.2;21.6
79;2021-06-06;696;39;169153;80536;45.4;21.6
79;2021-06-07;2809;1412;171962;81948;46.1;22.0
79;2021-06-08;2983;2066;174945;84014;46.9;22.5
79;2021-06-09;3631;1934;178576;85948;47.9;23.1
79;2021-06-10;3020;1964;181596;87912;48.7;23.6
79;2021-06-11;3768;2314;185364;90226;49.7;24.2
79;2021-06-12;1707;611;187071;90837;50.2;24.4
79;2021-06-13;214;24;187285;90861;50.3;24.4
79;2021-06-14;1247;1691;188532;92552;50.6;24.8
79;2021-06-15;1881;2358;190413;94910;51.1;25.5
79;2021-06-16;2206;2247;192619;97157;51.7;26.1
79;2021-06-17;2238;2613;194857;99770;52.3;26.8
79;2021-06-18;2413;2313;197270;102083;52.9;27.4
79;2021-06-19;1246;579;198516;102662;53.3;27.6
79;2021-06-20;3;2;198519;102664;53.3;27.6
79;2021-06-21;1233;2282;199752;104946;53.6;28.2
79;2021-06-22;1548;2869;201300;107815;54.0;28.9
79;2021-06-23;1771;2549;203071;110364;54.5;29.6
79;2021-06-24;2107;2001;205178;112365;55.1;30.2
79;2021-06-25;1488;2838;206666;115203;55.5;30.9
79;2021-06-26;870;808;207536;116011;55.7;31.1
79;2021-06-27;13;6;207549;116017;55.7;31.1
79;2021-06-28;1056;2622;208605;118639;56.0;31.8
79;2021-06-29;1474;3550;210079;122189;56.4;32.8
79;2021-06-30;1355;3447;211434;125636;56.7;33.7
79;2021-07-01;1203;3785;212637;129421;57.1;34.7
79;2021-07-02;1489;3347;214126;132768;57.5;35.6
79;2021-07-03;399;1504;214525;134272;57.6;36.0
79;2021-07-04;2;9;214527;134281;57.6;36.0
79;2021-07-05;753;2119;215280;136400;57.8;36.6
79;2021-07-06;947;3661;216227;140061;58.0;37.6
79;2021-07-07;1333;4309;217560;144370;58.4;38.7
79;2021-07-08;1104;4043;218664;148413;58.7;39.8
79;2021-07-09;837;3718;219501;152131;58.9;40.8
79;2021-07-10;516;1316;220017;153447;59.0;41.2
79;2021-07-11;2;12;220019;153459;59.0;41.2
79;2021-07-12;545;3694;220564;157153;59.2;42.2
79;2021-07-13;999;5187;221563;162340;59.5;43.6
79;2021-07-14;134;874;221697;163214;59.5;43.8
79;2021-07-15;1234;4681;222931;167895;59.8;45.1
79;2021-07-16;1333;4363;224264;172258;60.2;46.2
79;2021-07-17;576;2425;224840;174683;60.3;46.9
79;2021-07-18;45;498;224885;175181;60.4;47.0
79;2021-07-19;736;3315;225621;178496;60.5;47.9
79;2021-07-20;1232;3945;226853;182441;60.9;49.0
79;2021-07-21;1179;4197;228032;186638;61.2;50.1
79;2021-07-22;1354;3972;229386;190610;61.6;51.2
79;2021-07-23;1350;4553;230736;195163;61.9;52.4
79;2021-07-24;865;1499;231601;196662;62.2;52.8
79;2021-07-25;55;326;231656;196988;62.2;52.9
79;2021-07-26;1374;2598;233030;199586;62.5;53.6
79;2021-07-27;2084;2993;235114;202579;63.1;54.4
79;2021-07-28;2498;2491;237612;205070;63.8;55.0
79;2021-07-29;3009;2862;240621;207932;64.6;55.8
79;2021-07-30;2138;2817;242759;210749;65.1;56.6
79;2021-07-31;888;1157;243647;211906;65.4;56.9
79;2021-08-01;5;3;243652;211909;65.4;56.9
79;2021-08-02;1796;1545;245448;213454;65.9;57.3
79;2021-08-03;2820;2050;248268;215504;66.6;57.8
79;2021-08-04;2987;1743;251255;217247;67.4;58.3
79;2021-08-05;2901;2210;254156;219457;68.2;58.9
79;2021-08-06;2530;1634;256686;221091;68.9;59.3
79;2021-08-07;872;812;257558;221903;69.1;59.6
79;2021-08-08;4;3;257562;221906;69.1;59.6
79;2021-08-09;2493;1085;260055;222991;69.8;59.8
79;2021-08-10;2976;1545;263031;224536;70.6;60.3
79;2021-08-11;2580;1660;265611;226196;71.3;60.7
79;2021-08-12;2766;1425;268377;227621;72.0;61.1
79;2021-08-13;2872;1060;271249;228681;72.8;61.4
79;2021-08-14;518;391;271767;229072;72.9;61.5
79;2021-08-15;7;5;271774;229077;72.9;61.5
79;2021-08-16;1762;1195;273536;230272;73.4;61.8
79;2021-08-17;2101;1590;275637;231862;74.0;62.2
79;2021-08-18;1919;1914;277556;233776;74.5;62.7
79;2021-08-19;1616;1708;279172;235484;74.9;63.2
79;2021-08-20;1511;2159;280683;237643;75.3;63.8
79;2021-08-21;240;543;280923;238186;75.4;63.9
79;2021-08-22;1;21;280924;238207;75.4;63.9
79;2021-08-23;863;2176;281787;240383;75.6;64.5
79;2021-08-24;1069;2483;282856;242866;75.9;65.2
79;2021-08-25;1044;2760;283900;245626;76.2;65.9
79;2021-08-26;1015;2329;284915;247955;76.5;66.5
79;2021-08-27;610;2057;285525;250012;76.6;67.1
79;2021-08-28;296;840;285821;250852;76.7;67.3
79;2021-08-29;7;5;285828;250857;76.7;67.3
79;2021-08-30;553;2366;286381;253223;76.9;68.0
79;2021-08-31;633;2537;287014;255760;77.0;68.6
79;2021-09-01;647;2693;287661;258453;77.2;69.4
79;2021-09-02;755;2511;288416;260964;77.4;70.0
79;2021-09-03;632;2793;289048;263757;77.6;70.8
79;2021-09-04;266;722;289314;264479;77.6;71.0
79;2021-09-05;12;24;289326;264503;77.6;71.0
79;2021-09-06;329;1900;289655;266403;77.7;71.5
79;2021-09-07;342;2139;289997;268542;77.8;72.1
79;2021-09-08;538;2235;290535;270777;78.0;72.7
79;2021-09-09;315;1762;290850;272539;78.1;73.1
79;2021-09-10;416;2284;291266;274823;78.2;73.8
79;2021-09-11;160;868;291426;275691;78.2;74.0
79;2021-09-12;0;0;291426;275691;78.2;74.0
79;2021-09-13;362;1292;291788;276983;78.3;74.3
79;2021-09-14;368;1556;292156;278539;78.4;74.8
80;2020-12-27;0;0;0;0;0.0;0.0
80;2020-12-28;0;0;0;0;0.0;0.0
80;2020-12-29;11;0;11;0;0.0;0.0
80;2020-12-30;0;0;11;0;0.0;0.0
80;2020-12-31;0;0;11;0;0.0;0.0
80;2021-01-01;0;0;11;0;0.0;0.0
80;2021-01-02;0;0;11;0;0.0;0.0
80;2021-01-03;1;0;12;0;0.0;0.0
80;2021-01-04;0;0;12;0;0.0;0.0
80;2021-01-05;0;0;12;0;0.0;0.0
80;2021-01-06;30;0;42;0;0.0;0.0
80;2021-01-07;276;2;318;2;0.1;0.0
80;2021-01-08;330;0;648;2;0.1;0.0
80;2021-01-09;108;0;756;2;0.1;0.0
80;2021-01-10;21;0;777;2;0.1;0.0
80;2021-01-11;276;0;1053;2;0.2;0.0
80;2021-01-12;428;1;1481;3;0.3;0.0
80;2021-01-13;514;4;1995;7;0.4;0.0
80;2021-01-14;453;4;2448;11;0.4;0.0
80;2021-01-15;331;1;2779;12;0.5;0.0
80;2021-01-16;103;1;2882;13;0.5;0.0
80;2021-01-17;102;1;2984;14;0.5;0.0
80;2021-01-18;412;2;3396;16;0.6;0.0
80;2021-01-19;962;15;4358;31;0.8;0.0
80;2021-01-20;1086;10;5444;41;1.0;0.0
80;2021-01-21;1011;9;6455;50;1.1;0.0
80;2021-01-22;1114;3;7569;53;1.3;0.0
80;2021-01-23;907;3;8476;56;1.5;0.0
80;2021-01-24;824;5;9300;61;1.6;0.0
80;2021-01-25;1543;10;10843;71;1.9;0.0
80;2021-01-26;1480;11;12323;82;2.2;0.0
80;2021-01-27;822;22;13145;104;2.3;0.0
80;2021-01-28;623;157;13768;261;2.4;0.0
80;2021-01-29;637;190;14405;451;2.5;0.1
80;2021-01-30;87;54;14492;505;2.5;0.1
80;2021-01-31;0;0;14492;505;2.5;0.1
80;2021-02-01;26;230;14518;735;2.5;0.1
80;2021-02-02;21;408;14539;1143;2.6;0.2
80;2021-02-03;29;480;14568;1623;2.6;0.3
80;2021-02-04;278;310;14846;1933;2.6;0.3
80;2021-02-05;347;196;15193;2129;2.7;0.4
80;2021-02-06;168;56;15361;2185;2.7;0.4
80;2021-02-07;1;0;15362;2185;2.7;0.4
80;2021-02-08;426;205;15788;2390;2.8;0.4
80;2021-02-09;686;229;16474;2619;2.9;0.5
80;2021-02-10;606;425;17080;3044;3.0;0.5
80;2021-02-11;862;301;17942;3345;3.1;0.6
80;2021-02-12;945;284;18887;3629;3.3;0.6
80;2021-02-13;197;372;19084;4001;3.3;0.7
80;2021-02-14;78;481;19162;4482;3.4;0.8
80;2021-02-15;606;944;19768;5426;3.5;1.0
80;2021-02-16;688;978;20456;6404;3.6;1.1
80;2021-02-17;485;977;20941;7381;3.7;1.3
80;2021-02-18;569;890;21510;8271;3.8;1.5
80;2021-02-19;503;674;22013;8945;3.9;1.6
80;2021-02-20;22;365;22035;9310;3.9;1.6
80;2021-02-21;47;38;22082;9348;3.9;1.6
80;2021-02-22;148;457;22230;9805;3.9;1.7
80;2021-02-23;471;572;22701;10377;4.0;1.8
80;2021-02-24;431;525;23132;10902;4.1;1.9
80;2021-02-25;815;412;23947;11314;4.2;2.0
80;2021-02-26;1063;410;25010;11724;4.4;2.1
80;2021-02-27;475;54;25485;11778;4.5;2.1
80;2021-02-28;49;22;25534;11800;4.5;2.1
80;2021-03-01;729;62;26263;11862;4.6;2.1
80;2021-03-02;1013;89;27276;11951;4.8;2.1
80;2021-03-03;982;51;28258;12002;5.0;2.1
80;2021-03-04;1391;192;29649;12194;5.2;2.1
80;2021-03-05;1874;306;31523;12500;5.5;2.2
80;2021-03-06;2918;328;34441;12828;6.0;2.3
80;2021-03-07;1842;73;36283;12901;6.4;2.3
80;2021-03-08;715;550;36998;13451;6.5;2.4
80;2021-03-09;1310;797;38308;14248;6.7;2.5
80;2021-03-10;1724;695;40032;14943;7.0;2.6
80;2021-03-11;1910;760;41942;15703;7.4;2.8
80;2021-03-12;3138;703;45080;16406;7.9;2.9
80;2021-03-13;4008;202;49088;16608;8.6;2.9
80;2021-03-14;350;12;49438;16620;8.7;2.9
80;2021-03-15;1014;239;50452;16859;8.9;3.0
80;2021-03-16;882;330;51334;17189;9.0;3.0
80;2021-03-17;665;270;51999;17459;9.1;3.1
80;2021-03-18;1002;287;53001;17746;9.3;3.1
80;2021-03-19;1739;370;54740;18116;9.6;3.2
80;2021-03-20;3822;117;58562;18233;10.3;3.2
80;2021-03-21;486;31;59048;18264;10.4;3.2
80;2021-03-22;903;287;59951;18551;10.5;3.3
80;2021-03-23;1713;411;61664;18962;10.8;3.3
80;2021-03-24;1755;464;63419;19426;11.1;3.4
80;2021-03-25;2714;442;66133;19868;11.6;3.5
80;2021-03-26;3106;404;69239;20272;12.2;3.6
80;2021-03-27;2237;226;71476;20498;12.5;3.6
80;2021-03-28;676;93;72152;20591;12.7;3.6
80;2021-03-29;1979;737;74131;21328;13.0;3.7
80;2021-03-30;1969;860;76100;22188;13.4;3.9
80;2021-03-31;1495;981;77595;23169;13.6;4.1
80;2021-04-01;1951;1480;79546;24649;14.0;4.3
80;2021-04-02;2811;1547;82357;26196;14.5;4.6
80;2021-04-03;3048;852;85405;27048;15.0;4.7
80;2021-04-04;134;8;85539;27056;15.0;4.7
80;2021-04-05;684;195;86223;27251;15.1;4.8
80;2021-04-06;1280;958;87503;28209;15.4;5.0
80;2021-04-07;1624;1193;89127;29402;15.6;5.2
80;2021-04-08;2154;840;91281;30242;16.0;5.3
80;2021-04-09;3530;1351;94811;31593;16.6;5.5
80;2021-04-10;2737;1946;97548;33539;17.1;5.9
80;2021-04-11;189;176;97737;33715;17.2;5.9
80;2021-04-12;1815;483;99552;34198;17.5;6.0
80;2021-04-13;2385;1030;101937;35228;17.9;6.2
80;2021-04-14;2770;1161;104707;36389;18.4;6.4
80;2021-04-15;3731;877;108438;37266;19.0;6.5
80;2021-04-16;3337;871;111775;38137;19.6;6.7
80;2021-04-17;1653;2291;113428;40428;19.9;7.1
80;2021-04-18;372;390;113800;40818;20.0;7.2
80;2021-04-19;951;772;114751;41590;20.1;7.3
80;2021-04-20;1612;819;116363;42409;20.4;7.4
80;2021-04-21;1612;995;117975;43404;20.7;7.6
80;2021-04-22;2167;1251;120142;44655;21.1;7.8
80;2021-04-23;2639;1244;122781;45899;21.5;8.1
80;2021-04-24;1356;1189;124137;47088;21.8;8.3
80;2021-04-25;209;531;124346;47619;21.8;8.4
80;2021-04-26;1295;1438;125641;49057;22.1;8.6
80;2021-04-27;2024;1396;127665;50453;22.4;8.9
80;2021-04-28;2199;1379;129864;51832;22.8;9.1
80;2021-04-29;3219;1866;133083;53698;23.4;9.4
80;2021-04-30;3081;2840;136164;56538;23.9;9.9
80;2021-05-01;987;658;137151;57196;24.1;10.0
80;2021-05-02;371;53;137522;57249;24.1;10.0
80;2021-05-03;2721;1185;140243;58434;24.6;10.3
80;2021-05-04;2495;1697;142738;60131;25.1;10.6
80;2021-05-05;3365;1894;146103;62025;25.6;10.9
80;2021-05-06;3172;2546;149275;64571;26.2;11.3
80;2021-05-07;3454;2684;152729;67255;26.8;11.8
80;2021-05-08;2782;924;155511;68179;27.3;12.0
80;2021-05-09;1407;268;156918;68447;27.5;12.0
80;2021-05-10;1880;1828;158798;70275;27.9;12.3
80;2021-05-11;3276;1792;162074;72067;28.4;12.6
80;2021-05-12;4703;1575;166777;73642;29.3;12.9
80;2021-05-13;3836;367;170613;74009;29.9;13.0
80;2021-05-14;5189;1392;175802;75401;30.9;13.2
80;2021-05-15;5918;1053;181720;76454;31.9;13.4
80;2021-05-16;2678;312;184398;76766;32.4;13.5
80;2021-05-17;2372;818;186770;77584;32.8;13.6
80;2021-05-18;3949;849;190719;78433;33.5;13.8
80;2021-05-19;4021;941;194740;79374;34.2;13.9
80;2021-05-20;4569;1214;199309;80588;35.0;14.1
80;2021-05-21;4892;1649;204201;82237;35.8;14.4
80;2021-05-22;5031;1156;209232;83393;36.7;14.6
80;2021-05-23;1783;237;211015;83630;37.0;14.7
80;2021-05-24;1469;159;212484;83789;37.3;14.7
80;2021-05-25;2622;1136;215106;84925;37.8;14.9
80;2021-05-26;4251;1701;219357;86626;38.5;15.2
80;2021-05-27;3977;2466;223334;89092;39.2;15.6
80;2021-05-28;3866;2969;227200;92061;39.9;16.2
80;2021-05-29;3699;1627;230899;93688;40.5;16.4
80;2021-05-30;1182;198;232081;93886;40.7;16.5
80;2021-05-31;2605;1370;234686;95256;41.2;16.7
80;2021-06-01;4033;2434;238719;97690;41.9;17.1
80;2021-06-02;3335;2004;242054;99694;42.5;17.5
80;2021-06-03;4267;2924;246321;102618;43.2;18.0
80;2021-06-04;4796;3082;251117;105700;44.1;18.6
80;2021-06-05;3561;2065;254678;107765;44.7;18.9
80;2021-06-06;802;211;255480;107976;44.8;19.0
80;2021-06-07;1753;1945;257233;109921;45.1;19.3
80;2021-06-08;2747;2551;259980;112472;45.6;19.7
80;2021-06-09;3010;2734;262990;115206;46.2;20.2
80;2021-06-10;3168;3167;266158;118373;46.7;20.8
80;2021-06-11;3223;3890;269381;122263;47.3;21.5
80;2021-06-12;3043;2324;272424;124587;47.8;21.9
80;2021-06-13;473;404;272897;124991;47.9;21.9
80;2021-06-14;1265;2851;274162;127842;48.1;22.4
80;2021-06-15;2315;3419;276477;131261;48.5;23.0
80;2021-06-16;1564;4213;278041;135474;48.8;23.8
80;2021-06-17;2361;3622;280402;139096;49.2;24.4
80;2021-06-18;2555;3900;282957;142996;49.7;25.1
80;2021-06-19;2989;4341;285946;147337;50.2;25.9
80;2021-06-20;203;1077;286149;148414;50.2;26.0
80;2021-06-21;1017;2619;287166;151033;50.4;26.5
80;2021-06-22;1153;3931;288319;154964;50.6;27.2
80;2021-06-23;1855;5289;290174;160253;50.9;28.1
80;2021-06-24;1701;4683;291875;164936;51.2;28.9
80;2021-06-25;1376;6122;293251;171058;51.5;30.0
80;2021-06-26;1936;6184;295187;177242;51.8;31.1
80;2021-06-27;333;2031;295520;179273;51.9;31.5
80;2021-06-28;909;3168;296429;182441;52.0;32.0
80;2021-06-29;1924;4620;298353;187061;52.4;32.8
80;2021-06-30;1252;4785;299605;191846;52.6;33.7
80;2021-07-01;1629;5000;301234;196846;52.9;34.5
80;2021-07-02;1879;5986;303113;202832;53.2;35.6
80;2021-07-03;1331;5267;304444;208099;53.4;36.5
80;2021-07-04;692;1471;305136;209570;53.6;36.8
80;2021-07-05;908;2964;306044;212534;53.7;37.3
80;2021-07-06;1873;3988;307917;216522;54.0;38.0
80;2021-07-07;1577;4506;309494;221028;54.3;38.8
80;2021-07-08;2098;5003;311592;226031;54.7;39.7
80;2021-07-09;2619;5470;314211;231501;55.1;40.6
80;2021-07-10;1635;4017;315846;235518;55.4;41.3
80;2021-07-11;406;805;316252;236323;55.5;41.5
80;2021-07-12;882;3379;317134;239702;55.7;42.1
80;2021-07-13;2102;5084;319236;244786;56.0;43.0
80;2021-07-14;2804;1749;322040;246535;56.5;43.3
80;2021-07-15;2808;5297;324848;251832;57.0;44.2
80;2021-07-16;3896;5890;328744;257722;57.7;45.2
80;2021-07-17;3384;4462;332128;262184;58.3;46.0
80;2021-07-18;875;896;333003;263080;58.4;46.2
80;2021-07-19;2163;2884;335166;265964;58.8;46.7
80;2021-07-20;3331;4903;338497;270867;59.4;47.5
80;2021-07-21;3510;4495;342007;275362;60.0;48.3
80;2021-07-22;4373;4571;346380;279933;60.8;49.1
80;2021-07-23;5408;4825;351788;284758;61.7;50.0
80;2021-07-24;4378;4343;356166;289101;62.5;50.7
80;2021-07-25;1186;650;357352;289751;62.7;50.9
80;2021-07-26;2682;2339;360034;292090;63.2;51.3
80;2021-07-27;4372;3706;364406;295796;64.0;51.9
80;2021-07-28;5102;2803;369508;298599;64.9;52.4
80;2021-07-29;4993;3230;374501;301829;65.7;53.0
80;2021-07-30;5028;3639;379529;305468;66.6;53.6
80;2021-07-31;4156;2928;383685;308396;67.3;54.1
80;2021-08-01;1289;362;384974;308758;67.6;54.2
80;2021-08-02;2059;1756;387033;310514;67.9;54.5
80;2021-08-03;3719;2362;390752;312876;68.6;54.9
80;2021-08-04;3368;2490;394120;315366;69.2;55.3
80;2021-08-05;3134;2571;397254;317937;69.7;55.8
80;2021-08-06;3248;2903;400502;320840;70.3;56.3
80;2021-08-07;2422;2665;402924;323505;70.7;56.8
80;2021-08-08;618;723;403542;324228;70.8;56.9
80;2021-08-09;1382;2121;404924;326349;71.1;57.3
80;2021-08-10;2352;2848;407276;329197;71.5;57.8
80;2021-08-11;1943;2481;409219;331678;71.8;58.2
80;2021-08-12;2237;2674;411456;334352;72.2;58.7
80;2021-08-13;1884;3153;413340;337505;72.5;59.2
80;2021-08-14;1411;2144;414751;339649;72.8;59.6
80;2021-08-15;318;673;415069;340322;72.8;59.7
80;2021-08-16;897;2514;415966;342836;73.0;60.2
80;2021-08-17;1709;3551;417675;346387;73.3;60.8
80;2021-08-18;1237;3713;418912;350100;73.5;61.4
80;2021-08-19;1563;3820;420475;353920;73.8;62.1
80;2021-08-20;1259;4434;421734;358354;74.0;62.9
80;2021-08-21;1075;2685;422809;361039;74.2;63.4
80;2021-08-22;145;680;422954;361719;74.2;63.5
80;2021-08-23;581;2997;423535;364716;74.3;64.0
80;2021-08-24;1091;4368;424626;369084;74.5;64.8
80;2021-08-25;970;3672;425596;372756;74.7;65.4
80;2021-08-26;955;3817;426551;376573;74.9;66.1
80;2021-08-27;1014;4455;427565;381028;75.0;66.9
80;2021-08-28;716;3348;428281;384376;75.2;67.5
80;2021-08-29;197;555;428478;384931;75.2;67.6
80;2021-08-30;499;2306;428977;387237;75.3;68.0
80;2021-08-31;748;3182;429725;390419;75.4;68.5
80;2021-09-01;674;2480;430399;392899;75.5;69.0
80;2021-09-02;525;2275;430924;395174;75.6;69.4
80;2021-09-03;758;3115;431682;398289;75.8;69.9
80;2021-09-04;951;2750;432633;401039;75.9;70.4
80;2021-09-05;165;374;432798;401413;76.0;70.5
80;2021-09-06;421;1557;433219;402970;76.0;70.7
80;2021-09-07;490;1839;433709;404809;76.1;71.0
80;2021-09-08;491;1872;434200;406681;76.2;71.4
80;2021-09-09;526;1765;434726;408446;76.3;71.7
80;2021-09-10;614;2070;435340;410516;76.4;72.0
80;2021-09-11;520;2116;435860;412632;76.5;72.4
80;2021-09-12;77;327;435937;412959;76.5;72.5
80;2021-09-13;310;1099;436247;414058;76.6;72.7
80;2021-09-14;625;1470;436872;415528;76.7;72.9
81;2020-12-27;0;0;0;0;0.0;0.0
81;2020-12-28;0;0;0;0;0.0;0.0
81;2020-12-29;0;0;0;0;0.0;0.0
81;2020-12-30;0;0;0;0;0.0;0.0
81;2020-12-31;0;0;0;0;0.0;0.0
81;2021-01-01;0;0;0;0;0.0;0.0
81;2021-01-02;0;0;0;0;0.0;0.0
81;2021-01-03;0;0;0;0;0.0;0.0
81;2021-01-04;1;0;1;0;0.0;0.0
81;2021-01-05;0;0;1;0;0.0;0.0
81;2021-01-06;5;0;6;0;0.0;0.0
81;2021-01-07;266;0;272;0;0.1;0.0
81;2021-01-08;312;1;584;1;0.2;0.0
81;2021-01-09;74;1;658;2;0.2;0.0
81;2021-01-10;1;0;659;2;0.2;0.0
81;2021-01-11;133;0;792;2;0.2;0.0
81;2021-01-12;167;0;959;2;0.2;0.0
81;2021-01-13;233;1;1192;3;0.3;0.0
81;2021-01-14;963;6;2155;9;0.6;0.0
81;2021-01-15;524;3;2679;12;0.7;0.0
81;2021-01-16;72;0;2751;12;0.7;0.0
81;2021-01-17;0;0;2751;12;0.7;0.0
81;2021-01-18;581;2;3332;14;0.9;0.0
81;2021-01-19;662;4;3994;18;1.0;0.0
81;2021-01-20;752;2;4746;20;1.2;0.0
81;2021-01-21;1186;4;5932;24;1.5;0.0
81;2021-01-22;856;2;6788;26;1.7;0.0
81;2021-01-23;221;2;7009;28;1.8;0.0
81;2021-01-24;102;0;7111;28;1.8;0.0
81;2021-01-25;569;1;7680;29;2.0;0.0
81;2021-01-26;634;2;8314;31;2.1;0.0
81;2021-01-27;551;1;8865;32;2.3;0.0
81;2021-01-28;700;203;9565;235;2.5;0.1
81;2021-01-29;303;171;9868;406;2.5;0.1
81;2021-01-30;204;34;10072;440;2.6;0.1
81;2021-01-31;104;0;10176;440;2.6;0.1
81;2021-02-01;321;110;10497;550;2.7;0.1
81;2021-02-02;445;116;10942;666;2.8;0.2
81;2021-02-03;476;204;11418;870;2.9;0.2
81;2021-02-04;1449;629;12867;1499;3.3;0.4
81;2021-02-05;870;298;13737;1797;3.5;0.5
81;2021-02-06;274;18;14011;1815;3.6;0.5
81;2021-02-07;103;0;14114;1815;3.6;0.5
81;2021-02-08;275;194;14389;2009;3.7;0.5
81;2021-02-09;419;187;14808;2196;3.8;0.6
81;2021-02-10;371;262;15179;2458;3.9;0.6
81;2021-02-11;651;340;15830;2798;4.1;0.7
81;2021-02-12;579;467;16409;3265;4.2;0.8
81;2021-02-13;188;104;16597;3369;4.3;0.9
81;2021-02-14;100;1;16697;3370;4.3;0.9
81;2021-02-15;234;324;16931;3694;4.4;1.0
81;2021-02-16;281;459;17212;4153;4.4;1.1
81;2021-02-17;242;378;17454;4531;4.5;1.2
81;2021-02-18;482;539;17936;5070;4.6;1.3
81;2021-02-19;570;303;18506;5373;4.8;1.4
81;2021-02-20;322;222;18828;5595;4.9;1.4
81;2021-02-21;23;66;18851;5661;4.9;1.5
81;2021-02-22;232;419;19083;6080;4.9;1.6
81;2021-02-23;168;480;19251;6560;5.0;1.7
81;2021-02-24;291;513;19542;7073;5.0;1.8
81;2021-02-25;716;921;20258;7994;5.2;2.1
81;2021-02-26;909;842;21167;8836;5.5;2.3
81;2021-02-27;275;221;21442;9057;5.5;2.3
81;2021-02-28;21;61;21463;9118;5.5;2.4
81;2021-03-01;208;352;21671;9470;5.6;2.4
81;2021-03-02;364;458;22035;9928;5.7;2.6
81;2021-03-03;462;370;22497;10298;5.8;2.7
81;2021-03-04;1061;405;23558;10703;6.1;2.8
81;2021-03-05;1407;352;24965;11055;6.4;2.8
81;2021-03-06;982;158;25947;11213;6.7;2.9
81;2021-03-07;154;91;26101;11304;6.7;2.9
81;2021-03-08;466;318;26567;11622;6.8;3.0
81;2021-03-09;814;333;27381;11955;7.1;3.1
81;2021-03-10;899;359;28280;12314;7.3;3.2
81;2021-03-11;1352;325;29632;12639;7.6;3.3
81;2021-03-12;1690;296;31322;12935;8.1;3.3
81;2021-03-13;1030;171;32352;13106;8.3;3.4
81;2021-03-14;66;79;32418;13185;8.4;3.4
81;2021-03-15;1093;219;33511;13404;8.6;3.5
81;2021-03-16;724;214;34235;13618;8.8;3.5
81;2021-03-17;893;275;35128;13893;9.1;3.6
81;2021-03-18;970;573;36098;14466;9.3;3.7
81;2021-03-19;1271;456;37369;14922;9.6;3.8
81;2021-03-20;677;285;38046;15207;9.8;3.9
81;2021-03-21;139;22;38185;15229;9.8;3.9
81;2021-03-22;933;267;39118;15496;10.1;4.0
81;2021-03-23;1421;219;40539;15715;10.5;4.1
81;2021-03-24;1606;262;42145;15977;10.9;4.1
81;2021-03-25;2028;322;44173;16299;11.4;4.2
81;2021-03-26;2101;268;46274;16567;11.9;4.3
81;2021-03-27;1092;37;47366;16604;12.2;4.3
81;2021-03-28;734;37;48100;16641;12.4;4.3
81;2021-03-29;2867;187;50967;16828;13.1;4.3
81;2021-03-30;3055;212;54022;17040;13.9;4.4
81;2021-03-31;2691;298;56713;17338;14.6;4.5
81;2021-04-01;3314;567;60027;17905;15.5;4.6
81;2021-04-02;2615;369;62642;18274;16.1;4.7
81;2021-04-03;1147;304;63789;18578;16.4;4.8
81;2021-04-04;1403;24;65192;18602;16.8;4.8
81;2021-04-05;719;20;65911;18622;17.0;4.8
81;2021-04-06;1599;514;67510;19136;17.4;4.9
81;2021-04-07;1817;583;69327;19719;17.9;5.1
81;2021-04-08;2619;820;71946;20539;18.5;5.3
81;2021-04-09;3052;476;74998;21015;19.3;5.4
81;2021-04-10;1476;516;76474;21531;19.7;5.6
81;2021-04-11;1298;70;77772;21601;20.0;5.6
81;2021-04-12;1220;683;78992;22284;20.4;5.7
81;2021-04-13;2529;790;81521;23074;21.0;5.9
81;2021-04-14;2506;833;84027;23907;21.7;6.2
81;2021-04-15;3098;1197;87125;25104;22.5;6.5
81;2021-04-16;2822;1090;89947;26194;23.2;6.8
81;2021-04-17;1145;295;91092;26489;23.5;6.8
81;2021-04-18;519;145;91611;26634;23.6;6.9
81;2021-04-19;913;819;92524;27453;23.9;7.1
81;2021-04-20;2270;1168;94794;28621;24.4;7.4
81;2021-04-21;2224;1004;97018;29625;25.0;7.6
81;2021-04-22;2817;1060;99835;30685;25.7;7.9
81;2021-04-23;2886;969;102721;31654;26.5;8.2
81;2021-04-24;1327;742;104048;32396;26.8;8.4
81;2021-04-25;454;715;104502;33111;26.9;8.5
81;2021-04-26;1061;2421;105563;35532;27.2;9.2
81;2021-04-27;1597;2344;107160;37876;27.6;9.8
81;2021-04-28;1427;2393;108587;40269;28.0;10.4
81;2021-04-29;1818;2739;110405;43008;28.5;11.1
81;2021-04-30;2014;2348;112419;45356;29.0;11.7
81;2021-05-01;362;685;112781;46041;29.1;11.9
81;2021-05-02;291;1376;113072;47417;29.1;12.2
81;2021-05-03;1115;1168;114187;48585;29.4;12.5
81;2021-05-04;2619;1905;116806;50490;30.1;13.0
81;2021-05-05;2016;1931;118822;52421;30.6;13.5
81;2021-05-06;2748;3454;121570;55875;31.3;14.4
81;2021-05-07;2128;2878;123698;58753;31.9;15.1
81;2021-05-08;963;878;124661;59631;32.1;15.4
81;2021-05-09;535;1352;125196;60983;32.3;15.7
81;2021-05-10;825;1599;126021;62582;32.5;16.1
81;2021-05-11;1661;2571;127682;65153;32.9;16.8
81;2021-05-12;1640;2460;129322;67613;33.3;17.4
81;2021-05-13;1216;564;130538;68177;33.7;17.6
81;2021-05-14;1890;1723;132428;69900;34.1;18.0
81;2021-05-15;1511;618;133939;70518;34.5;18.2
81;2021-05-16;1368;417;135307;70935;34.9;18.3
81;2021-05-17;1167;864;136474;71799;35.2;18.5
81;2021-05-18;1702;1419;138176;73218;35.6;18.9
81;2021-05-19;2643;1244;140819;74462;36.3;19.2
81;2021-05-20;2968;1351;143787;75813;37.1;19.5
81;2021-05-21;2740;1115;146527;76928;37.8;19.8
81;2021-05-22;2815;518;149342;77446;38.5;20.0
81;2021-05-23;1178;74;150520;77520;38.8;20.0
81;2021-05-24;837;82;151357;77602;39.0;20.0
81;2021-05-25;2493;1103;153850;78705;39.7;20.3
81;2021-05-26;1892;800;155742;79505;40.2;20.5
81;2021-05-27;2556;1543;158298;81048;40.8;20.9
81;2021-05-28;2566;1660;160864;82708;41.5;21.3
81;2021-05-29;1400;542;162264;83250;41.8;21.5
81;2021-05-30;935;219;163199;83469;42.1;21.5
81;2021-05-31;1183;1336;164382;84805;42.4;21.9
81;2021-06-01;1781;2695;166163;87500;42.8;22.6
81;2021-06-02;2006;2445;168169;89945;43.4;23.2
81;2021-06-03;2004;2529;170173;92474;43.9;23.8
81;2021-06-04;1845;2942;172018;95416;44.3;24.6
81;2021-06-05;1758;1306;173776;96722;44.8;24.9
81;2021-06-06;370;366;174146;97088;44.9;25.0
81;2021-06-07;1209;1540;175355;98628;45.2;25.4
81;2021-06-08;2371;2383;177726;101011;45.8;26.0
81;2021-06-09;2440;1867;180166;102878;46.4;26.5
81;2021-06-10;1279;1560;181445;104438;46.8;26.9
81;2021-06-11;2658;2198;184103;106636;47.5;27.5
81;2021-06-12;1659;1037;185762;107673;47.9;27.8
81;2021-06-13;444;475;186206;108148;48.0;27.9
81;2021-06-14;772;1415;186978;109563;48.2;28.2
81;2021-06-15;1678;3500;188656;113063;48.6;29.1
81;2021-06-16;1269;3013;189925;116076;49.0;29.9
81;2021-06-17;1344;2525;191269;118601;49.3;30.6
81;2021-06-18;1837;2770;193106;121371;49.8;31.3
81;2021-06-19;825;950;193931;122321;50.0;31.5
81;2021-06-20;405;536;194336;122857;50.1;31.7
81;2021-06-21;426;1038;194762;123895;50.2;31.9
81;2021-06-22;1061;2567;195823;126462;50.5;32.6
81;2021-06-23;1142;2158;196965;128620;50.8;33.2
81;2021-06-24;1115;1937;198080;130557;51.1;33.7
81;2021-06-25;1239;2865;199319;133422;51.4;34.4
81;2021-06-26;722;1712;200041;135134;51.6;34.8
81;2021-06-27;526;1646;200567;136780;51.7;35.3
81;2021-06-28;476;1538;201043;138318;51.8;35.7
81;2021-06-29;1083;2636;202126;140954;52.1;36.3
81;2021-06-30;1043;3153;203169;144107;52.4;37.2
81;2021-07-01;951;2627;204120;146734;52.6;37.8
81;2021-07-02;1069;2860;205189;149594;52.9;38.6
81;2021-07-03;732;2829;205921;152423;53.1;39.3
81;2021-07-04;268;1010;206189;153433;53.2;39.6
81;2021-07-05;703;1624;206892;155057;53.3;40.0
81;2021-07-06;975;3177;207867;158234;53.6;40.8
81;2021-07-07;1059;2436;208926;160670;53.9;41.4
81;2021-07-08;1030;2232;209956;162902;54.1;42.0
81;2021-07-09;1147;2702;211103;165604;54.4;42.7
81;2021-07-10;807;1523;211910;167127;54.6;43.1
81;2021-07-11;436;1012;212346;168139;54.7;43.3
81;2021-07-12;737;1726;213083;169865;54.9;43.8
81;2021-07-13;2066;3144;215149;173009;55.5;44.6
81;2021-07-14;1443;1572;216592;174581;55.8;45.0
81;2021-07-15;2546;2761;219138;177342;56.5;45.7
81;2021-07-16;2035;3030;221173;180372;57.0;46.5
81;2021-07-17;1219;2452;222392;182824;57.3;47.1
81;2021-07-18;672;1131;223064;183955;57.5;47.4
81;2021-07-19;1256;1733;224320;185688;57.8;47.9
81;2021-07-20;3066;2807;227386;188495;58.6;48.6
81;2021-07-21;3492;2346;230878;190841;59.5;49.2
81;2021-07-22;3561;2095;234439;192936;60.4;49.7
81;2021-07-23;3174;3245;237613;196181;61.3;50.6
81;2021-07-24;2519;1722;240132;197903;61.9;51.0
81;2021-07-25;1685;711;241817;198614;62.3;51.2
81;2021-07-26;2015;1546;243832;200160;62.9;51.6
81;2021-07-27;3620;2542;247452;202702;63.8;52.3
81;2021-07-28;3052;2204;250504;204906;64.6;52.8
81;2021-07-29;3355;1779;253859;206685;65.4;53.3
81;2021-07-30;2829;2261;256688;208946;66.2;53.9
81;2021-07-31;1948;1015;258636;209961;66.7;54.1
81;2021-08-01;836;637;259472;210598;66.9;54.3
81;2021-08-02;1082;989;260554;211587;67.2;54.5
81;2021-08-03;2362;2115;262916;213702;67.8;55.1
81;2021-08-04;2031;1534;264947;215236;68.3;55.5
81;2021-08-05;1541;1873;266488;217109;68.7;56.0
81;2021-08-06;1728;1971;268216;219080;69.1;56.5
81;2021-08-07;984;1042;269200;220122;69.4;56.7
81;2021-08-08;437;708;269637;220830;69.5;56.9
81;2021-08-09;804;659;270441;221489;69.7;57.1
81;2021-08-10;1609;2754;272050;224243;70.1;57.8
81;2021-08-11;1109;2409;273159;226652;70.4;58.4
81;2021-08-12;1062;2249;274221;228901;70.7;59.0
81;2021-08-13;872;2472;275093;231373;70.9;59.6
81;2021-08-14;501;1873;275594;233246;71.0;60.1
81;2021-08-15;141;1100;275735;234346;71.1;60.4
81;2021-08-16;632;1817;276367;236163;71.2;60.9
81;2021-08-17;1347;3100;277714;239263;71.6;61.7
81;2021-08-18;1066;2360;278780;241623;71.9;62.3
81;2021-08-19;940;2264;279720;243887;72.1;62.9
81;2021-08-20;928;2353;280648;246240;72.4;63.5
81;2021-08-21;469;1537;281117;247777;72.5;63.9
81;2021-08-22;184;930;281301;248707;72.5;64.1
81;2021-08-23;484;1261;281785;249968;72.6;64.4
81;2021-08-24;844;2541;282629;252509;72.9;65.1
81;2021-08-25;699;2053;283328;254562;73.0;65.6
81;2021-08-26;851;2108;284179;256670;73.3;66.2
81;2021-08-27;845;2183;285024;258853;73.5;66.7
81;2021-08-28;483;1417;285507;260270;73.6;67.1
81;2021-08-29;163;829;285670;261099;73.6;67.3
81;2021-08-30;416;1210;286086;262309;73.8;67.6
81;2021-08-31;825;2115;286911;264424;74.0;68.2
81;2021-09-01;648;1409;287559;265833;74.1;68.5
81;2021-09-02;567;1305;288126;267138;74.3;68.9
81;2021-09-03;578;1463;288704;268601;74.4;69.2
81;2021-09-04;496;931;289200;269532;74.6;69.5
81;2021-09-05;98;245;289298;269777;74.6;69.5
81;2021-09-06;271;677;289569;270454;74.7;69.7
81;2021-09-07;380;1380;289949;271834;74.7;70.1
81;2021-09-08;433;1266;290382;273100;74.9;70.4
81;2021-09-09;362;1038;290744;274138;75.0;70.7
81;2021-09-10;389;1246;291133;275384;75.1;71.0
81;2021-09-11;400;926;291533;276310;75.2;71.2
81;2021-09-12;76;241;291609;276551;75.2;71.3
81;2021-09-13;229;729;291838;277280;75.2;71.5
81;2021-09-14;496;1187;292334;278467;75.4;71.8
82;2020-12-27;0;0;0;0;0.0;0.0
82;2020-12-28;2;0;2;0;0.0;0.0
82;2020-12-29;0;0;2;0;0.0;0.0
82;2020-12-30;0;0;2;0;0.0;0.0
82;2020-12-31;0;0;2;0;0.0;0.0
82;2021-01-01;0;0;2;0;0.0;0.0
82;2021-01-02;0;0;2;0;0.0;0.0
82;2021-01-03;0;0;2;0;0.0;0.0
82;2021-01-04;0;0;2;0;0.0;0.0
82;2021-01-05;86;0;88;0;0.0;0.0
82;2021-01-06;1;0;89;0;0.0;0.0
82;2021-01-07;75;0;164;0;0.1;0.0
82;2021-01-08;46;0;210;0;0.1;0.0
82;2021-01-09;77;0;287;0;0.1;0.0
82;2021-01-10;0;0;287;0;0.1;0.0
82;2021-01-11;94;0;381;0;0.1;0.0
82;2021-01-12;285;0;666;0;0.3;0.0
82;2021-01-13;336;1;1002;1;0.4;0.0
82;2021-01-14;444;2;1446;3;0.6;0.0
82;2021-01-15;612;2;2058;5;0.8;0.0
82;2021-01-16;230;3;2288;8;0.9;0.0
82;2021-01-17;89;0;2377;8;0.9;0.0
82;2021-01-18;432;0;2809;8;1.1;0.0
82;2021-01-19;482;1;3291;9;1.3;0.0
82;2021-01-20;663;2;3954;11;1.5;0.0
82;2021-01-21;447;1;4401;12;1.7;0.0
82;2021-01-22;483;2;4884;14;1.9;0.0
82;2021-01-23;151;0;5035;14;1.9;0.0
82;2021-01-24;0;0;5035;14;1.9;0.0
82;2021-01-25;376;0;5411;14;2.1;0.0
82;2021-01-26;468;0;5879;14;2.2;0.0
82;2021-01-27;520;0;6399;14;2.4;0.0
82;2021-01-28;586;34;6985;48;2.7;0.0
82;2021-01-29;405;108;7390;156;2.8;0.1
82;2021-01-30;44;20;7434;176;2.8;0.1
82;2021-01-31;0;0;7434;176;2.8;0.1
82;2021-02-01;294;53;7728;229;2.9;0.1
82;2021-02-02;344;95;8072;324;3.1;0.1
82;2021-02-03;462;65;8534;389;3.2;0.1
82;2021-02-04;765;210;9299;599;3.5;0.2
82;2021-02-05;480;132;9779;731;3.7;0.3
82;2021-02-06;93;36;9872;767;3.8;0.3
82;2021-02-07;29;79;9901;846;3.8;0.3
82;2021-02-08;149;185;10050;1031;3.8;0.4
82;2021-02-09;238;329;10288;1360;3.9;0.5
82;2021-02-10;271;543;10559;1903;4.0;0.7
82;2021-02-11;225;347;10784;2250;4.1;0.9
82;2021-02-12;190;521;10974;2771;4.2;1.1
82;2021-02-13;60;97;11034;2868;4.2;1.1
82;2021-02-14;5;61;11039;2929;4.2;1.1
82;2021-02-15;217;244;11256;3173;4.3;1.2
82;2021-02-16;280;326;11536;3499;4.4;1.3
82;2021-02-17;359;462;11895;3961;4.5;1.5
82;2021-02-18;507;431;12402;4392;4.7;1.7
82;2021-02-19;490;500;12892;4892;4.9;1.9
82;2021-02-20;78;119;12970;5011;4.9;1.9
82;2021-02-21;0;0;12970;5011;4.9;1.9
82;2021-02-22;200;332;13170;5343;5.0;2.0
82;2021-02-23;277;411;13447;5754;5.1;2.2
82;2021-02-24;283;363;13730;6117;5.2;2.3
82;2021-02-25;639;465;14369;6582;5.5;2.5
82;2021-02-26;648;382;15017;6964;5.7;2.7
82;2021-02-27;214;62;15231;7026;5.8;2.7
82;2021-02-28;30;7;15261;7033;5.8;2.7
82;2021-03-01;291;197;15552;7230;5.9;2.8
82;2021-03-02;495;355;16047;7585;6.1;2.9
82;2021-03-03;440;342;16487;7927;6.3;3.0
82;2021-03-04;600;280;17087;8207;6.5;3.1
82;2021-03-05;680;357;17767;8564;6.8;3.3
82;2021-03-06;693;36;18460;8600;7.0;3.3
82;2021-03-07;302;3;18762;8603;7.1;3.3
82;2021-03-08;603;141;19365;8744;7.4;3.3
82;2021-03-09;582;229;19947;8973;7.6;3.4
82;2021-03-10;779;223;20726;9196;7.9;3.5
82;2021-03-11;976;267;21702;9463;8.3;3.6
82;2021-03-12;992;99;22694;9562;8.6;3.6
82;2021-03-13;564;54;23258;9616;8.9;3.7
82;2021-03-14;61;5;23319;9621;8.9;3.7
82;2021-03-15;485;313;23804;9934;9.1;3.8
82;2021-03-16;197;325;24001;10259;9.1;3.9
82;2021-03-17;191;285;24192;10544;9.2;4.0
82;2021-03-18;279;344;24471;10888;9.3;4.1
82;2021-03-19;533;303;25004;11191;9.5;4.3
82;2021-03-20;251;56;25255;11247;9.6;4.3
82;2021-03-21;23;0;25278;11247;9.6;4.3
82;2021-03-22;406;316;25684;11563;9.8;4.4
82;2021-03-23;601;312;26285;11875;10.0;4.5
82;2021-03-24;620;323;26905;12198;10.2;4.6
82;2021-03-25;928;244;27833;12442;10.6;4.7
82;2021-03-26;1216;264;29049;12706;11.1;4.8
82;2021-03-27;479;78;29528;12784;11.2;4.9
82;2021-03-28;136;2;29664;12786;11.3;4.9
82;2021-03-29;925;375;30589;13161;11.6;5.0
82;2021-03-30;1188;280;31777;13441;12.1;5.1
82;2021-03-31;1019;259;32796;13700;12.5;5.2
82;2021-04-01;1072;197;33868;13897;12.9;5.3
82;2021-04-02;1212;284;35080;14181;13.4;5.4
82;2021-04-03;715;129;35795;14310;13.6;5.4
82;2021-04-04;276;14;36071;14324;13.7;5.5
82;2021-04-05;388;20;36459;14344;13.9;5.5
82;2021-04-06;953;510;37412;14854;14.2;5.7
82;2021-04-07;1017;495;38429;15349;14.6;5.8
82;2021-04-08;1454;419;39883;15768;15.2;6.0
82;2021-04-09;1656;470;41539;16238;15.8;6.2
82;2021-04-10;1716;103;43255;16341;16.5;6.2
82;2021-04-11;560;19;43815;16360;16.7;6.2
82;2021-04-12;1348;293;45163;16653;17.2;6.3
82;2021-04-13;1626;271;46789;16924;17.8;6.4
82;2021-04-14;1411;296;48200;17220;18.4;6.6
82;2021-04-15;1782;324;49982;17544;19.0;6.7
82;2021-04-16;1542;335;51524;17879;19.6;6.8
82;2021-04-17;1243;70;52767;17949;20.1;6.8
82;2021-04-18;561;15;53328;17964;20.3;6.8
82;2021-04-19;958;358;54286;18322;20.7;7.0
82;2021-04-20;1268;401;55554;18723;21.2;7.1
82;2021-04-21;1219;373;56773;19096;21.6;7.3
82;2021-04-22;1452;294;58225;19390;22.2;7.4
82;2021-04-23;1076;682;59301;20072;22.6;7.6
82;2021-04-24;1188;264;60489;20336;23.0;7.7
82;2021-04-25;736;48;61225;20384;23.3;7.8
82;2021-04-26;748;808;61973;21192;23.6;8.1
82;2021-04-27;905;921;62878;22113;23.9;8.4
82;2021-04-28;921;896;63799;23009;24.3;8.8
82;2021-04-29;1107;912;64906;23921;24.7;9.1
82;2021-04-30;1042;884;65948;24805;25.1;9.4
82;2021-05-01;1143;258;67091;25063;25.5;9.5
82;2021-05-02;697;145;67788;25208;25.8;9.6
82;2021-05-03;410;1215;68198;26423;26.0;10.1
82;2021-05-04;864;1167;69062;27590;26.3;10.5
82;2021-05-05;568;1172;69630;28762;26.5;11.0
82;2021-05-06;848;1409;70478;30171;26.8;11.5
82;2021-05-07;734;1455;71212;31626;27.1;12.0
82;2021-05-08;934;518;72146;32144;27.5;12.2
82;2021-05-09;753;578;72899;32722;27.8;12.5
82;2021-05-10;850;1363;73749;34085;28.1;13.0
82;2021-05-11;1157;1347;74906;35432;28.5;13.5
82;2021-05-12;1016;1344;75922;36776;28.9;14.0
82;2021-05-13;1454;432;77376;37208;29.5;14.2
82;2021-05-14;1691;1239;79067;38447;30.1;14.6
82;2021-05-15;1935;697;81002;39144;30.8;14.9
82;2021-05-16;558;114;81560;39258;31.1;14.9
82;2021-05-17;1090;1172;82650;40430;31.5;15.4
82;2021-05-18;1466;1188;84116;41618;32.0;15.8
82;2021-05-19;1272;974;85388;42592;32.5;16.2
82;2021-05-20;1408;1160;86796;43752;33.1;16.7
82;2021-05-21;1411;1217;88207;44969;33.6;17.1
82;2021-05-22;2069;623;90276;45592;34.4;17.4
82;2021-05-23;705;117;90981;45709;34.6;17.4
82;2021-05-24;1441;265;92422;45974;35.2;17.5
82;2021-05-25;1446;964;93868;46938;35.7;17.9
82;2021-05-26;1413;919;95281;47857;36.3;18.2
82;2021-05-27;1460;1025;96741;48882;36.8;18.6
82;2021-05-28;1540;1139;98281;50021;37.4;19.0
82;2021-05-29;1496;543;99777;50564;38.0;19.3
82;2021-05-30;402;101;100179;50665;38.1;19.3
82;2021-05-31;1491;990;101670;51655;38.7;19.7
82;2021-06-01;1751;1048;103421;52703;39.4;20.1
82;2021-06-02;1478;1006;104899;53709;39.9;20.5
82;2021-06-03;1490;1180;106389;54889;40.5;20.9
82;2021-06-04;2250;1304;108639;56193;41.4;21.4
82;2021-06-05;2271;984;110910;57177;42.2;21.8
82;2021-06-06;329;133;111239;57310;42.4;21.8
82;2021-06-07;958;1275;112197;58585;42.7;22.3
82;2021-06-08;1445;1139;113642;59724;43.3;22.7
82;2021-06-09;1709;1142;115351;60866;43.9;23.2
82;2021-06-10;1441;1208;116792;62074;44.5;23.6
82;2021-06-11;1922;1126;118714;63200;45.2;24.1
82;2021-06-12;2392;1394;121106;64594;46.1;24.6
82;2021-06-13;379;113;121485;64707;46.3;24.6
82;2021-06-14;1213;1081;122698;65788;46.7;25.1
82;2021-06-15;1462;1245;124160;67033;47.3;25.5
82;2021-06-16;1751;1168;125911;68201;47.9;26.0
82;2021-06-17;1219;1472;127130;69673;48.4;26.5
82;2021-06-18;1469;1439;128599;71112;49.0;27.1
82;2021-06-19;2271;982;130870;72094;49.8;27.5
82;2021-06-20;268;173;131138;72267;49.9;27.5
82;2021-06-21;483;1360;131621;73627;50.1;28.0
82;2021-06-22;892;1709;132513;75336;50.5;28.7
82;2021-06-23;1239;1586;133752;76922;50.9;29.3
82;2021-06-24;757;1905;134509;78827;51.2;30.0
82;2021-06-25;741;1936;135250;80763;51.5;30.8
82;2021-06-26;1240;2144;136490;82907;52.0;31.6
82;2021-06-27;195;438;136685;83345;52.0;31.7
82;2021-06-28;329;1412;137014;84757;52.2;32.3
82;2021-06-29;518;1840;137532;86597;52.4;33.0
82;2021-06-30;948;1912;138480;88509;52.7;33.7
82;2021-07-01;659;1632;139139;90141;53.0;34.3
82;2021-07-02;931;2293;140070;92434;53.3;35.2
82;2021-07-03;859;2342;140929;94776;53.7;36.1
82;2021-07-04;120;439;141049;95215;53.7;36.3
82;2021-07-05;444;1561;141493;96776;53.9;36.9
82;2021-07-06;513;1866;142006;98642;54.1;37.6
82;2021-07-07;793;1772;142799;100414;54.4;38.2
82;2021-07-08;504;1504;143303;101918;54.6;38.8
82;2021-07-09;781;2154;144084;104072;54.9;39.6
82;2021-07-10;706;2215;144790;106287;55.1;40.5
82;2021-07-11;39;380;144829;106667;55.1;40.6
82;2021-07-12;578;1884;145407;108551;55.4;41.3
82;2021-07-13;715;2002;146122;110553;55.6;42.1
82;2021-07-14;617;741;146739;111294;55.9;42.4
82;2021-07-15;858;1749;147597;113043;56.2;43.0
82;2021-07-16;1438;2636;149035;115679;56.7;44.0
82;2021-07-17;561;2184;149596;117863;57.0;44.9
82;2021-07-18;14;41;149610;117904;57.0;44.9
82;2021-07-19;737;2071;150347;119975;57.2;45.7
82;2021-07-20;921;1884;151268;121859;57.6;46.4
82;2021-07-21;1289;1760;152557;123619;58.1;47.1
82;2021-07-22;1083;1765;153640;125384;58.5;47.7
82;2021-07-23;1054;2988;154694;128372;58.9;48.9
82;2021-07-24;1103;1490;155797;129862;59.3;49.4
82;2021-07-25;303;73;156100;129935;59.4;49.5
82;2021-07-26;952;1897;157052;131832;59.8;50.2
82;2021-07-27;1342;1640;158394;133472;60.3;50.8
82;2021-07-28;1468;1499;159862;134971;60.9;51.4
82;2021-07-29;1330;1534;161192;136505;61.4;52.0
82;2021-07-30;1539;2475;162731;138980;62.0;52.9
82;2021-07-31;459;295;163190;139275;62.1;53.0
82;2021-08-01;273;50;163463;139325;62.2;53.1
82;2021-08-02;1271;876;164734;140201;62.7;53.4
82;2021-08-03;1435;832;166169;141033;63.3;53.7
82;2021-08-04;1364;1030;167533;142063;63.8;54.1
82;2021-08-05;1490;600;169023;142663;64.4;54.3
82;2021-08-06;994;646;170017;143309;64.7;54.6
82;2021-08-07;923;1195;170940;144504;65.1;55.0
82;2021-08-08;156;65;171096;144569;65.2;55.0
82;2021-08-09;1072;899;172168;145468;65.6;55.4
82;2021-08-10;1290;914;173458;146382;66.0;55.7
82;2021-08-11;1263;1123;174721;147505;66.5;56.2
82;2021-08-12;1472;947;176193;148452;67.1;56.5
82;2021-08-13;1413;998;177606;149450;67.6;56.9
82;2021-08-14;313;485;177919;149935;67.7;57.1
82;2021-08-15;61;38;177980;149973;67.8;57.1
82;2021-08-16;782;1460;178762;151433;68.1;57.7
82;2021-08-17;1063;1236;179825;152669;68.5;58.1
82;2021-08-18;616;848;180441;153517;68.7;58.5
82;2021-08-19;1008;1145;181449;154662;69.1;58.9
82;2021-08-20;1033;1907;182482;156569;69.5;59.6
82;2021-08-21;495;990;182977;157559;69.7;60.0
82;2021-08-22;21;55;182998;157614;69.7;60.0
82;2021-08-23;743;1293;183741;158907;70.0;60.5
82;2021-08-24;860;1116;184601;160023;70.3;60.9
82;2021-08-25;849;1535;185450;161558;70.6;61.5
82;2021-08-26;594;1098;186044;162656;70.8;61.9
82;2021-08-27;896;1683;186940;164339;71.2;62.6
82;2021-08-28;211;616;187151;164955;71.3;62.8
82;2021-08-29;37;49;187188;165004;71.3;62.8
82;2021-08-30;429;1024;187617;166028;71.4;63.2
82;2021-08-31;338;1022;187955;167050;71.6;63.6
82;2021-09-01;719;1404;188674;168454;71.8;64.1
82;2021-09-02;400;1294;189074;169748;72.0;64.6
82;2021-09-03;497;1883;189571;171631;72.2;65.4
82;2021-09-04;423;734;189994;172365;72.3;65.6
82;2021-09-05;6;23;190000;172388;72.3;65.6
82;2021-09-06;372;1289;190372;173677;72.5;66.1
82;2021-09-07;209;961;190581;174638;72.6;66.5
82;2021-09-08;492;1258;191073;175896;72.8;67.0
82;2021-09-09;244;1042;191317;176938;72.8;67.4
82;2021-09-10;487;1459;191804;178397;73.0;67.9
82;2021-09-11;212;528;192016;178925;73.1;68.1
82;2021-09-12;10;29;192026;178954;73.1;68.1
82;2021-09-13;297;1116;192323;180070;73.2;68.6
82;2021-09-14;209;943;192532;181013;73.3;68.9
83;2020-12-27;1;0;1;0;0.0;0.0
83;2020-12-28;0;0;1;0;0.0;0.0
83;2020-12-29;2;0;3;0;0.0;0.0
83;2020-12-30;1;0;4;0;0.0;0.0
83;2020-12-31;0;0;4;0;0.0;0.0
83;2021-01-01;1;0;5;0;0.0;0.0
83;2021-01-02;0;0;5;0;0.0;0.0
83;2021-01-03;1;0;6;0;0.0;0.0
83;2021-01-04;1;0;7;0;0.0;0.0
83;2021-01-05;4;0;11;0;0.0;0.0
83;2021-01-06;69;0;80;0;0.0;0.0
83;2021-01-07;324;0;404;0;0.0;0.0
83;2021-01-08;422;0;826;0;0.1;0.0
83;2021-01-09;48;0;874;0;0.1;0.0
83;2021-01-10;1;0;875;0;0.1;0.0
83;2021-01-11;475;0;1350;0;0.1;0.0
83;2021-01-12;1003;4;2353;4;0.2;0.0
83;2021-01-13;963;7;3316;11;0.3;0.0
83;2021-01-14;846;5;4162;16;0.4;0.0
83;2021-01-15;702;1;4864;17;0.5;0.0
83;2021-01-16;41;1;4905;18;0.5;0.0
83;2021-01-17;1;0;4906;18;0.5;0.0
83;2021-01-18;1224;4;6130;22;0.6;0.0
83;2021-01-19;2019;6;8149;28;0.8;0.0
83;2021-01-20;1660;7;9809;35;0.9;0.0
83;2021-01-21;2101;7;11910;42;1.1;0.0
83;2021-01-22;1659;6;13569;48;1.3;0.0
83;2021-01-23;245;0;13814;48;1.3;0.0
83;2021-01-24;21;1;13835;49;1.3;0.0
83;2021-01-25;1554;7;15389;56;1.4;0.0
83;2021-01-26;1758;12;17147;68;1.6;0.0
83;2021-01-27;2153;78;19300;146;1.8;0.0
83;2021-01-28;5093;341;24393;487;2.3;0.0
83;2021-01-29;2948;317;27341;804;2.5;0.1
83;2021-01-30;237;42;27578;846;2.6;0.1
83;2021-01-31;46;0;27624;846;2.6;0.1
83;2021-02-01;1281;380;28905;1226;2.7;0.1
83;2021-02-02;1439;682;30344;1908;2.8;0.2
83;2021-02-03;1527;586;31871;2494;3.0;0.2
83;2021-02-04;1484;703;33355;3197;3.1;0.3
83;2021-02-05;1226;610;34581;3807;3.2;0.4
83;2021-02-06;23;12;34604;3819;3.2;0.4
83;2021-02-07;1;0;34605;3819;3.2;0.4
83;2021-02-08;1090;550;35695;4369;3.3;0.4
83;2021-02-09;1324;757;37019;5126;3.4;0.5
83;2021-02-10;1534;724;38553;5850;3.6;0.5
83;2021-02-11;1607;978;40160;6828;3.7;0.6
83;2021-02-12;1348;768;41508;7596;3.9;0.7
83;2021-02-13;55;21;41563;7617;3.9;0.7
83;2021-02-14;0;0;41563;7617;3.9;0.7
83;2021-02-15;672;767;42235;8384;3.9;0.8
83;2021-02-16;541;1075;42776;9459;4.0;0.9
83;2021-02-17;804;1500;43580;10959;4.1;1.0
83;2021-02-18;1627;3352;45207;14311;4.2;1.3
83;2021-02-19;1480;1999;46687;16310;4.3;1.5
83;2021-02-20;63;155;46750;16465;4.4;1.5
83;2021-02-21;25;33;46775;16498;4.4;1.5
83;2021-02-22;508;1382;47283;17880;4.4;1.7
83;2021-02-23;671;1134;47954;19014;4.5;1.8
83;2021-02-24;724;1175;48678;20189;4.5;1.9
83;2021-02-25;1251;1105;49929;21294;4.6;2.0
83;2021-02-26;1299;979;51228;22273;4.8;2.1
83;2021-02-27;552;50;51780;22323;4.8;2.1
83;2021-02-28;10;12;51790;22335;4.8;2.1
83;2021-03-01;811;986;52601;23321;4.9;2.2
83;2021-03-02;989;1066;53590;24387;5.0;2.3
83;2021-03-03;1439;1282;55029;25669;5.1;2.4
83;2021-03-04;1889;1164;56918;26833;5.3;2.5
83;2021-03-05;2220;1064;59138;27897;5.5;2.6
83;2021-03-06;3010;111;62148;28008;5.8;2.6
83;2021-03-07;2227;43;64375;28051;6.0;2.6
83;2021-03-08;850;1104;65225;29155;6.1;2.7
83;2021-03-09;1933;1037;67158;30192;6.3;2.8
83;2021-03-10;2380;1230;69538;31422;6.5;2.9
83;2021-03-11;3675;2039;73213;33461;6.8;3.1
83;2021-03-12;3642;1377;76855;34838;7.2;3.2
83;2021-03-13;4610;172;81465;35010;7.6;3.3
83;2021-03-14;2340;55;83805;35065;7.8;3.3
83;2021-03-15;3337;649;87142;35714;8.1;3.3
83;2021-03-16;2601;663;89743;36377;8.4;3.4
83;2021-03-17;2847;740;92590;37117;8.6;3.5
83;2021-03-18;3549;782;96139;37899;9.0;3.5
83;2021-03-19;4176;580;100315;38479;9.3;3.6
83;2021-03-20;3477;71;103792;38550;9.7;3.6
83;2021-03-21;2011;30;105803;38580;9.9;3.6
83;2021-03-22;3966;886;109769;39466;10.2;3.7
83;2021-03-23;4755;577;114524;40043;10.7;3.7
83;2021-03-24;5051;708;119575;40751;11.1;3.8
83;2021-03-25;6534;843;126109;41594;11.7;3.9
83;2021-03-26;7177;748;133286;42342;12.4;3.9
83;2021-03-27;3969;383;137255;42725;12.8;4.0
83;2021-03-28;2183;33;139438;42758;13.0;4.0
83;2021-03-29;4558;761;143996;43519;13.4;4.1
83;2021-03-30;5968;938;149964;44457;14.0;4.1
83;2021-03-31;5554;1071;155518;45528;14.5;4.2
83;2021-04-01;5981;1250;161499;46778;15.0;4.4
83;2021-04-02;5762;1069;167261;47847;15.6;4.5
83;2021-04-03;1801;630;169062;48477;15.7;4.5
83;2021-04-04;855;346;169917;48823;15.8;4.5
83;2021-04-05;191;64;170108;48887;15.8;4.6
83;2021-04-06;4731;1389;174839;50276;16.3;4.7
83;2021-04-07;5832;1657;180671;51933;16.8;4.8
83;2021-04-08;7884;1991;188555;53924;17.6;5.0
83;2021-04-09;7597;2196;196152;56120;18.3;5.2
83;2021-04-10;2948;2643;199100;58763;18.5;5.5
83;2021-04-11;1716;2131;200816;60894;18.7;5.7
83;2021-04-12;4953;2853;205769;63747;19.2;5.9
83;2021-04-13;5410;2992;211179;66739;19.7;6.2
83;2021-04-14;5896;2929;217075;69668;20.2;6.5
83;2021-04-15;6776;3036;223851;72704;20.8;6.8
83;2021-04-16;6126;3513;229977;76217;21.4;7.1
83;2021-04-17;3511;2186;233488;78403;21.7;7.3
83;2021-04-18;2179;1292;235667;79695;21.9;7.4
83;2021-04-19;4109;3900;239776;83595;22.3;7.8
83;2021-04-20;4358;3867;244134;87462;22.7;8.1
83;2021-04-21;4303;4144;248437;91606;23.1;8.5
83;2021-04-22;5010;4295;253447;95901;23.6;8.9
83;2021-04-23;4528;4560;257975;100461;24.0;9.4
83;2021-04-24;2630;2710;260605;103171;24.3;9.6
83;2021-04-25;1925;1570;262530;104741;24.4;9.8
83;2021-04-26;3569;3848;266099;108589;24.8;10.1
83;2021-04-27;4140;4536;270239;113125;25.2;10.5
83;2021-04-28;4314;4358;274553;117483;25.6;10.9
83;2021-04-29;5819;5106;280372;122589;26.1;11.4
83;2021-04-30;5789;4287;286161;126876;26.6;11.8
83;2021-05-01;1691;428;287852;127304;26.8;11.9
83;2021-05-02;1237;758;289089;128062;26.9;11.9
83;2021-05-03;3751;4281;292840;132343;27.3;12.3
83;2021-05-04;3345;5095;296185;137438;27.6;12.8
83;2021-05-05;3643;4971;299828;142409;27.9;13.3
83;2021-05-06;4673;4945;304501;147354;28.4;13.7
83;2021-05-07;4168;5308;308669;152662;28.7;14.2
83;2021-05-08;2764;1010;311433;153672;29.0;14.3
83;2021-05-09;2153;1236;313586;154908;29.2;14.4
83;2021-05-10;3203;5415;316789;160323;29.5;14.9
83;2021-05-11;5130;5681;321919;166004;30.0;15.5
83;2021-05-12;6292;4848;328211;170852;30.6;15.9
83;2021-05-13;6582;1343;334793;172195;31.2;16.0
83;2021-05-14;7422;4116;342215;176311;31.9;16.4
83;2021-05-15;7754;2203;349969;178514;32.6;16.6
83;2021-05-16;6627;1247;356596;179761;33.2;16.7
83;2021-05-17;4894;4209;361490;183970;33.7;17.1
83;2021-05-18;5537;3861;367027;187831;34.2;17.5
83;2021-05-19;6209;3409;373236;191240;34.8;17.8
83;2021-05-20;6759;3799;379995;195039;35.4;18.2
83;2021-05-21;7908;3861;387903;198900;36.1;18.5
83;2021-05-22;6091;1718;393994;200618;36.7;18.7
83;2021-05-23;4685;712;398679;201330;37.1;18.7
83;2021-05-24;5810;971;404489;202301;37.7;18.8
83;2021-05-25;5516;4755;410005;207056;38.2;19.3
83;2021-05-26;4858;4446;414863;211502;38.6;19.7
83;2021-05-27;5070;5252;419933;216754;39.1;20.2
83;2021-05-28;4506;5759;424439;222513;39.5;20.7
83;2021-05-29;2705;4264;427144;226777;39.8;21.1
83;2021-05-30;1257;1373;428401;228150;39.9;21.2
83;2021-05-31;5488;4765;433889;232915;40.4;21.7
83;2021-06-01;5732;5289;439621;238204;40.9;22.2
83;2021-06-02;5263;4581;444884;242785;41.4;22.6
83;2021-06-03;5745;5128;450629;247913;42.0;23.1
83;2021-06-04;5446;6044;456075;253957;42.5;23.6
83;2021-06-05;3926;3198;460001;257155;42.8;23.9
83;2021-06-06;1937;1382;461938;258537;43.0;24.1
83;2021-06-07;3917;5086;465855;263623;43.4;24.5
83;2021-06-08;4178;4813;470033;268436;43.8;25.0
83;2021-06-09;4008;4699;474041;273135;44.1;25.4
83;2021-06-10;3998;4260;478039;277395;44.5;25.8
83;2021-06-11;3658;5445;481697;282840;44.9;26.3
83;2021-06-12;2913;2981;484610;285821;45.1;26.6
83;2021-06-13;995;1390;485605;287211;45.2;26.7
83;2021-06-14;2857;5650;488462;292861;45.5;27.3
83;2021-06-15;3170;4859;491632;297720;45.8;27.7
83;2021-06-16;2964;4505;494596;302225;46.1;28.1
83;2021-06-17;2779;5282;497375;307507;46.3;28.6
83;2021-06-18;3159;5964;500534;313471;46.6;29.2
83;2021-06-19;2323;4100;502857;317571;46.8;29.6
83;2021-06-20;676;1889;503533;319460;46.9;29.7
83;2021-06-21;2111;7587;505644;327047;47.1;30.5
83;2021-06-22;2103;7162;507747;334209;47.3;31.1
83;2021-06-23;1937;6928;509684;341137;47.5;31.8
83;2021-06-24;1964;7367;511648;348504;47.6;32.5
83;2021-06-25;2114;8397;513762;356901;47.8;33.2
83;2021-06-26;1464;6808;515226;363709;48.0;33.9
83;2021-06-27;692;3186;515918;366895;48.0;34.2
83;2021-06-28;1572;7886;517490;374781;48.2;34.9
83;2021-06-29;1911;7810;519401;382591;48.4;35.6
83;2021-06-30;2243;7275;521644;389866;48.6;36.3
83;2021-07-01;2561;6566;524205;396432;48.8;36.9
83;2021-07-02;2266;7800;526471;404232;49.0;37.6
83;2021-07-03;1510;5686;527981;409918;49.2;38.2
83;2021-07-04;573;2752;528554;412670;49.2;38.4
83;2021-07-05;1925;7533;530479;420203;49.4;39.1
83;2021-07-06;2573;5941;533052;426144;49.6;39.7
83;2021-07-07;2686;4671;535738;430815;49.9;40.1
83;2021-07-08;3246;4469;538984;435284;50.2;40.5
83;2021-07-09;3048;6962;542032;442246;50.5;41.2
83;2021-07-10;1577;4925;543609;447171;50.6;41.6
83;2021-07-11;1009;1766;544618;448937;50.7;41.8
83;2021-07-12;2141;7684;546759;456621;50.9;42.5
83;2021-07-13;4039;7086;550798;463707;51.3;43.2
83;2021-07-14;2096;1321;552894;465028;51.5;43.3
83;2021-07-15;4586;6845;557480;471873;51.9;43.9
83;2021-07-16;5274;7119;562754;478992;52.4;44.6
83;2021-07-17;3654;4998;566408;483990;52.7;45.1
83;2021-07-18;1605;1312;568013;485302;52.9;45.2
83;2021-07-19;3954;6315;571967;491617;53.3;45.8
83;2021-07-20;5989;6184;577956;497801;53.8;46.4
83;2021-07-21;6029;5209;583985;503010;54.4;46.8
83;2021-07-22;7119;5535;591104;508545;55.0;47.4
83;2021-07-23;7104;5913;598208;514458;55.7;47.9
83;2021-07-24;4650;4559;602858;519017;56.1;48.3
83;2021-07-25;1329;737;604187;519754;56.3;48.4
83;2021-07-26;5552;4934;609739;524688;56.8;48.9
83;2021-07-27;6839;4897;616578;529585;57.4;49.3
83;2021-07-28;6599;4424;623177;534009;58.0;49.7
83;2021-07-29;7503;4853;630680;538862;58.7;50.2
83;2021-07-30;6970;4759;637650;543621;59.4;50.6
83;2021-07-31;4670;3215;642320;546836;59.8;50.9
83;2021-08-01;1066;849;643386;547685;59.9;51.0
83;2021-08-02;5772;3702;649158;551387;60.5;51.3
83;2021-08-03;6388;3994;655546;555381;61.0;51.7
83;2021-08-04;5907;3709;661453;559090;61.6;52.1
83;2021-08-05;6181;4084;667634;563174;62.2;52.4
83;2021-08-06;6163;4912;673797;568086;62.7;52.9
83;2021-08-07;3754;3553;677551;571639;63.1;53.2
83;2021-08-08;1065;822;678616;572461;63.2;53.3
83;2021-08-09;4714;4639;683330;577100;63.6;53.7
83;2021-08-10;5238;5144;688568;582244;64.1;54.2
83;2021-08-11;4588;5069;693156;587313;64.5;54.7
83;2021-08-12;4923;5568;698079;592881;65.0;55.2
83;2021-08-13;4936;5743;703015;598624;65.5;55.7
83;2021-08-14;3219;3891;706234;602515;65.8;56.1
83;2021-08-15;206;391;706440;602906;65.8;56.1
83;2021-08-16;3632;5478;710072;608384;66.1;56.7
83;2021-08-17;3572;5267;713644;613651;66.5;57.1
83;2021-08-18;3591;4996;717235;618647;66.8;57.6
83;2021-08-19;4172;6258;721407;624905;67.2;58.2
83;2021-08-20;3628;6508;725035;631413;67.5;58.8
83;2021-08-21;2341;4486;727376;635899;67.7;59.2
83;2021-08-22;631;1032;728007;636931;67.8;59.3
83;2021-08-23;2499;5782;730506;642713;68.0;59.9
83;2021-08-24;2913;5916;733419;648629;68.3;60.4
83;2021-08-25;2569;5288;735988;653917;68.5;60.9
83;2021-08-26;2782;5835;738770;659752;68.8;61.4
83;2021-08-27;2902;5918;741672;665670;69.1;62.0
83;2021-08-28;1929;4534;743601;670204;69.2;62.4
83;2021-08-29;473;1161;744074;671365;69.3;62.5
83;2021-08-30;2362;4965;746436;676330;69.5;63.0
83;2021-08-31;2501;5472;748937;681802;69.7;63.5
83;2021-09-01;2523;5070;751460;686872;70.0;64.0
83;2021-09-02;2476;4959;753936;691831;70.2;64.4
83;2021-09-03;2305;5244;756241;697075;70.4;64.9
83;2021-09-04;1909;4638;758150;701713;70.6;65.3
83;2021-09-05;567;541;758717;702254;70.7;65.4
83;2021-09-06;1634;4105;760351;706359;70.8;65.8
83;2021-09-07;1638;3869;761989;710228;71.0;66.1
83;2021-09-08;1897;3849;763886;714077;71.1;66.5
83;2021-09-09;1471;3917;765357;717994;71.3;66.9
83;2021-09-10;1758;4323;767115;722317;71.4;67.3
83;2021-09-11;1372;3878;768487;726195;71.6;67.6
83;2021-09-12;202;494;768689;726689;71.6;67.7
83;2021-09-13;1209;3354;769898;730043;71.7;68.0
83;2021-09-14;1267;3459;771165;733502;71.8;68.3
84;2020-12-27;1;0;1;0;0.0;0.0
84;2020-12-28;1;0;2;0;0.0;0.0
84;2020-12-29;2;0;4;0;0.0;0.0
84;2020-12-30;1;0;5;0;0.0;0.0
84;2020-12-31;0;0;5;0;0.0;0.0
84;2021-01-01;0;0;5;0;0.0;0.0
84;2021-01-02;0;0;5;0;0.0;0.0
84;2021-01-03;0;0;5;0;0.0;0.0
84;2021-01-04;0;0;5;0;0.0;0.0
84;2021-01-05;0;0;5;0;0.0;0.0
84;2021-01-06;0;0;5;0;0.0;0.0
84;2021-01-07;69;0;74;0;0.0;0.0
84;2021-01-08;81;0;155;0;0.0;0.0
84;2021-01-09;31;0;186;0;0.0;0.0
84;2021-01-10;0;0;186;0;0.0;0.0
84;2021-01-11;219;0;405;0;0.1;0.0
84;2021-01-12;624;2;1029;2;0.2;0.0
84;2021-01-13;359;0;1388;2;0.2;0.0
84;2021-01-14;954;12;2342;14;0.4;0.0
84;2021-01-15;618;9;2960;23;0.5;0.0
84;2021-01-16;167;0;3127;23;0.6;0.0
84;2021-01-17;29;1;3156;24;0.6;0.0
84;2021-01-18;696;2;3852;26;0.7;0.0
84;2021-01-19;880;2;4732;28;0.8;0.0
84;2021-01-20;1020;3;5752;31;1.0;0.0
84;2021-01-21;1049;5;6801;36;1.2;0.0
84;2021-01-22;1135;1;7936;37;1.4;0.0
84;2021-01-23;250;0;8186;37;1.5;0.0
84;2021-01-24;3;0;8189;37;1.5;0.0
84;2021-01-25;807;0;8996;37;1.6;0.0
84;2021-01-26;939;4;9935;41;1.8;0.0
84;2021-01-27;1072;2;11007;43;2.0;0.0
84;2021-01-28;1622;16;12629;59;2.3;0.0
84;2021-01-29;1202;57;13831;116;2.5;0.0
84;2021-01-30;171;16;14002;132;2.5;0.0
84;2021-01-31;7;0;14009;132;2.5;0.0
84;2021-02-01;658;124;14667;256;2.6;0.0
84;2021-02-02;788;245;15455;501;2.8;0.1
84;2021-02-03;760;228;16215;729;2.9;0.1
84;2021-02-04;914;370;17129;1099;3.1;0.2
84;2021-02-05;727;377;17856;1476;3.2;0.3
84;2021-02-06;127;40;17983;1516;3.2;0.3
84;2021-02-07;0;0;17983;1516;3.2;0.3
84;2021-02-08;568;231;18551;1747;3.3;0.3
84;2021-02-09;692;609;19243;2356;3.4;0.4
84;2021-02-10;557;488;19800;2844;3.5;0.5
84;2021-02-11;550;488;20350;3332;3.6;0.6
84;2021-02-12;562;591;20912;3923;3.7;0.7
84;2021-02-13;46;137;20958;4060;3.7;0.7
84;2021-02-14;3;0;20961;4060;3.7;0.7
84;2021-02-15;209;716;21170;4776;3.8;0.9
84;2021-02-16;222;673;21392;5449;3.8;1.0
84;2021-02-17;447;651;21839;6100;3.9;1.1
84;2021-02-18;557;934;22396;7034;4.0;1.3
84;2021-02-19;738;980;23134;8014;4.1;1.4
84;2021-02-20;68;115;23202;8129;4.1;1.4
84;2021-02-21;6;35;23208;8164;4.1;1.5
84;2021-02-22;369;613;23577;8777;4.2;1.6
84;2021-02-23;273;605;23850;9382;4.3;1.7
84;2021-02-24;395;604;24245;9986;4.3;1.8
84;2021-02-25;713;699;24958;10685;4.4;1.9
84;2021-02-26;824;569;25782;11254;4.6;2.0
84;2021-02-27;133;101;25915;11355;4.6;2.0
84;2021-02-28;17;0;25932;11355;4.6;2.0
84;2021-03-01;457;547;26389;11902;4.7;2.1
84;2021-03-02;633;697;27022;12599;4.8;2.2
84;2021-03-03;820;815;27842;13414;5.0;2.4
84;2021-03-04;1098;610;28940;14024;5.2;2.5
84;2021-03-05;1314;474;30254;14498;5.4;2.6
84;2021-03-06;1460;64;31714;14562;5.7;2.6
84;2021-03-07;481;16;32195;14578;5.7;2.6
84;2021-03-08;812;539;33007;15117;5.9;2.7
84;2021-03-09;1388;700;34395;15817;6.1;2.8
84;2021-03-10;1476;603;35871;16420;6.4;2.9
84;2021-03-11;1984;595;37855;17015;6.7;3.0
84;2021-03-12;2080;574;39935;17589;7.1;3.1
84;2021-03-13;747;36;40682;17625;7.3;3.1
84;2021-03-14;247;53;40929;17678;7.3;3.2
84;2021-03-15;1069;300;41998;17978;7.5;3.2
84;2021-03-16;1180;310;43178;18288;7.7;3.3
84;2021-03-17;1147;422;44325;18710;7.9;3.3
84;2021-03-18;1458;388;45783;19098;8.2;3.4
84;2021-03-19;2177;452;47960;19550;8.5;3.5
84;2021-03-20;839;25;48799;19575;8.7;3.5
84;2021-03-21;150;11;48949;19586;8.7;3.5
84;2021-03-22;1159;458;50108;20044;8.9;3.6
84;2021-03-23;1914;430;52022;20474;9.3;3.6
84;2021-03-24;2178;394;54200;20868;9.7;3.7
84;2021-03-25;3655;392;57855;21260;10.3;3.8
84;2021-03-26;3319;472;61174;21732;10.9;3.9
84;2021-03-27;915;58;62089;21790;11.1;3.9
84;2021-03-28;74;2;62163;21792;11.1;3.9
84;2021-03-29;1717;526;63880;22318;11.4;4.0
84;2021-03-30;2670;684;66550;23002;11.9;4.1
84;2021-03-31;2405;640;68955;23642;12.3;4.2
84;2021-04-01;3024;574;71979;24216;12.8;4.3
84;2021-04-02;2451;525;74430;24741;13.3;4.4
84;2021-04-03;510;28;74940;24769;13.4;4.4
84;2021-04-04;14;0;74954;24769;13.4;4.4
84;2021-04-05;814;100;75768;24869;13.5;4.4
84;2021-04-06;2146;839;77914;25708;13.9;4.6
84;2021-04-07;2404;860;80318;26568;14.3;4.7
84;2021-04-08;3654;1041;83972;27609;15.0;4.9
84;2021-04-09;4117;946;88089;28555;15.7;5.1
84;2021-04-10;1308;130;89397;28685;15.9;5.1
84;2021-04-11;37;12;89434;28697;15.9;5.1
84;2021-04-12;2095;806;91529;29503;16.3;5.3
84;2021-04-13;2942;1364;94471;30867;16.8;5.5
84;2021-04-14;2812;1350;97283;32217;17.3;5.7
84;2021-04-15;3274;1416;100557;33633;17.9;6.0
84;2021-04-16;3431;1549;103988;35182;18.5;6.3
84;2021-04-17;1666;200;105654;35382;18.8;6.3
84;2021-04-18;38;1;105692;35383;18.8;6.3
84;2021-04-19;2507;920;108199;36303;19.3;6.5
84;2021-04-20;2626;1527;110825;37830;19.8;6.7
84;2021-04-21;2652;1482;113477;39312;20.2;7.0
84;2021-04-22;3014;1739;116491;41051;20.8;7.3
84;2021-04-23;3040;1906;119531;42957;21.3;7.7
84;2021-04-24;1531;288;121062;43245;21.6;7.7
84;2021-04-25;27;2;121089;43247;21.6;7.7
84;2021-04-26;2200;1364;123289;44611;22.0;8.0
84;2021-04-27;2555;1979;125844;46590;22.4;8.3
84;2021-04-28;2819;1842;128663;48432;22.9;8.6
84;2021-04-29;3420;2048;132083;50480;23.5;9.0
84;2021-04-30;3134;2425;135217;52905;24.1;9.4
84;2021-05-01;457;259;135674;53164;24.2;9.5
84;2021-05-02;2;0;135676;53164;24.2;9.5
84;2021-05-03;2163;1628;137839;54792;24.6;9.8
84;2021-05-04;2489;2533;140328;57325;25.0;10.2
84;2021-05-05;2352;2225;142680;59550;25.4;10.6
84;2021-05-06;3224;2260;145904;61810;26.0;11.0
84;2021-05-07;2766;2557;148670;64367;26.5;11.5
84;2021-05-08;1158;527;149828;64894;26.7;11.6
84;2021-05-09;7;52;149835;64946;26.7;11.6
84;2021-05-10;2159;2466;151994;67412;27.1;12.0
84;2021-05-11;2907;3153;154901;70565;27.6;12.6
84;2021-05-12;2848;2921;157749;73486;28.1;13.1
84;2021-05-13;2159;847;159908;74333;28.5;13.3
84;2021-05-14;2729;2036;162637;76369;29.0;13.6
84;2021-05-15;2001;985;164638;77354;29.3;13.8
84;2021-05-16;1340;186;165978;77540;29.6;13.8
84;2021-05-17;2223;2154;168201;79694;30.0;14.2
84;2021-05-18;2904;2113;171105;81807;30.5;14.6
84;2021-05-19;3231;1664;174336;83471;31.1;14.9
84;2021-05-20;3702;2209;178038;85680;31.7;15.3
84;2021-05-21;3472;2331;181510;88011;32.4;15.7
84;2021-05-22;1584;681;183094;88692;32.6;15.8
84;2021-05-23;6;9;183100;88701;32.6;15.8
84;2021-05-24;1840;424;184940;89125;33.0;15.9
84;2021-05-25;2984;2187;187924;91312;33.5;16.3
84;2021-05-26;3077;2090;191001;93402;34.0;16.6
84;2021-05-27;3859;2310;194860;95712;34.7;17.1
84;2021-05-28;3182;3302;198042;99014;35.3;17.6
84;2021-05-29;1093;1649;199135;100663;35.5;17.9
84;2021-05-30;9;85;199144;100748;35.5;18.0
84;2021-05-31;2190;2638;201334;103386;35.9;18.4
84;2021-06-01;3144;3161;204478;106547;36.4;19.0
84;2021-06-02;3173;2630;207651;109177;37.0;19.5
84;2021-06-03;4116;2999;211767;112176;37.7;20.0
84;2021-06-04;3616;3022;215383;115198;38.4;20.5
84;2021-06-05;1782;1501;217165;116699;38.7;20.8
84;2021-06-06;989;208;218154;116907;38.9;20.8
84;2021-06-07;2452;2758;220606;119665;39.3;21.3
84;2021-06-08;3319;3054;223925;122719;39.9;21.9
84;2021-06-09;3034;2686;226959;125405;40.5;22.4
84;2021-06-10;3514;2795;230473;128200;41.1;22.9
84;2021-06-11;3032;3069;233505;131269;41.6;23.4
84;2021-06-12;1965;1308;235470;132577;42.0;23.6
84;2021-06-13;414;213;235884;132790;42.0;23.7
84;2021-06-14;1929;3152;237813;135942;42.4;24.2
84;2021-06-15;2575;3454;240388;139396;42.9;24.8
84;2021-06-16;2527;2961;242915;142357;43.3;25.4
84;2021-06-17;2997;3481;245912;145838;43.8;26.0
84;2021-06-18;2425;3552;248337;149390;44.3;26.6
84;2021-06-19;1288;1551;249625;150941;44.5;26.9
84;2021-06-20;549;354;250174;151295;44.6;27.0
84;2021-06-21;1570;3136;251744;154431;44.9;27.5
84;2021-06-22;2164;4012;253908;158443;45.3;28.2
84;2021-06-23;2119;3306;256027;161749;45.6;28.8
84;2021-06-24;2202;3485;258229;165234;46.0;29.5
84;2021-06-25;1836;3887;260065;169121;46.4;30.1
84;2021-06-26;1132;1815;261197;170936;46.6;30.5
84;2021-06-27;297;345;261494;171281;46.6;30.5
84;2021-06-28;1207;3224;262701;174505;46.8;31.1
84;2021-06-29;1482;4052;264183;178557;47.1;31.8
84;2021-06-30;1716;3968;265899;182525;47.4;32.5
84;2021-07-01;1819;3956;267718;186481;47.7;33.2
84;2021-07-02;1752;3899;269470;190380;48.0;33.9
84;2021-07-03;1103;2030;270573;192410;48.2;34.3
84;2021-07-04;395;416;270968;192826;48.3;34.4
84;2021-07-05;1547;3542;272515;196368;48.6;35.0
84;2021-07-06;1638;4165;274153;200533;48.9;35.7
84;2021-07-07;1677;3103;275830;203636;49.2;36.3
84;2021-07-08;2161;3746;277991;207382;49.6;37.0
84;2021-07-09;1876;3971;279867;211353;49.9;37.7
84;2021-07-10;1256;2162;281123;213515;50.1;38.1
84;2021-07-11;357;303;281480;213818;50.2;38.1
84;2021-07-12;1411;3838;282891;217656;50.4;38.8
84;2021-07-13;2336;5009;285227;222665;50.8;39.7
84;2021-07-14;1886;1249;287113;223914;51.2;39.9
84;2021-07-15;2705;4552;289818;228466;51.7;40.7
84;2021-07-16;2781;4603;292599;233069;52.2;41.5
84;2021-07-17;1590;2449;294189;235518;52.4;42.0
84;2021-07-18;1018;552;295207;236070;52.6;42.1
84;2021-07-19;2417;3744;297624;239814;53.1;42.7
84;2021-07-20;2958;4170;300582;243984;53.6;43.5
84;2021-07-21;3187;3655;303769;247639;54.1;44.1
84;2021-07-22;3782;3793;307551;251432;54.8;44.8
84;2021-07-23;3523;3679;311074;255111;55.5;45.5
84;2021-07-24;1471;2248;312545;257359;55.7;45.9
84;2021-07-25;1034;512;313579;257871;55.9;46.0
84;2021-07-26;2725;3036;316304;260907;56.4;46.5
84;2021-07-27;3449;3568;319753;264475;57.0;47.1
84;2021-07-28;3870;3309;323623;267784;57.7;47.7
84;2021-07-29;4229;3154;327852;270938;58.4;48.3
84;2021-07-30;4029;3325;331881;274263;59.2;48.9
84;2021-07-31;2004;1693;333885;275956;59.5;49.2
84;2021-08-01;820;433;334705;276389;59.7;49.3
84;2021-08-02;2990;2693;337695;279082;60.2;49.7
84;2021-08-03;4112;2796;341807;281878;60.9;50.2
84;2021-08-04;3918;2606;345725;284484;61.6;50.7
84;2021-08-05;3887;2580;349612;287064;62.3;51.2
84;2021-08-06;3698;2869;353310;289933;63.0;51.7
84;2021-08-07;2079;1743;355389;291676;63.3;52.0
84;2021-08-08;386;735;355775;292411;63.4;52.1
84;2021-08-09;2939;2602;358714;295013;63.9;52.6
84;2021-08-10;3745;2950;362459;297963;64.6;53.1
84;2021-08-11;3272;2672;365731;300635;65.2;53.6
84;2021-08-12;3174;2979;368905;303614;65.8;54.1
84;2021-08-13;2925;2698;371830;306312;66.3;54.6
84;2021-08-14;1734;1744;373564;308056;66.6;54.9
84;2021-08-15;290;228;373854;308284;66.6;55.0
84;2021-08-16;2410;3078;376264;311362;67.1;55.5
84;2021-08-17;2708;3258;378972;314620;67.6;56.1
84;2021-08-18;2414;2797;381386;317417;68.0;56.6
84;2021-08-19;2276;3118;383662;320535;68.4;57.1
84;2021-08-20;2194;3303;385856;323838;68.8;57.7
84;2021-08-21;1228;1883;387084;325721;69.0;58.1
84;2021-08-22;167;738;387251;326459;69.0;58.2
84;2021-08-23;1753;3294;389004;329753;69.3;58.8
84;2021-08-24;1909;3463;390913;333216;69.7;59.4
84;2021-08-25;1835;3349;392748;336565;70.0;60.0
84;2021-08-26;1631;3627;394379;340192;70.3;60.6
84;2021-08-27;1596;3812;395975;344004;70.6;61.3
84;2021-08-28;912;2180;396887;346184;70.7;61.7
84;2021-08-29;174;607;397061;346791;70.8;61.8
84;2021-08-30;1371;3278;398432;350069;71.0;62.4
84;2021-08-31;1354;4150;399786;354219;71.3;63.1
84;2021-09-01;1233;3590;401019;357809;71.5;63.8
84;2021-09-02;1191;3202;402210;361011;71.7;64.4
84;2021-09-03;1269;3551;403479;364562;71.9;65.0
84;2021-09-04;740;2175;404219;366737;72.1;65.4
84;2021-09-05;124;474;404343;367211;72.1;65.5
84;2021-09-06;788;2479;405131;369690;72.2;65.9
84;2021-09-07;1019;2746;406150;372436;72.4;66.4
84;2021-09-08;904;2914;407054;375350;72.6;66.9
84;2021-09-09;882;2433;407936;377783;72.7;67.3
84;2021-09-10;922;2900;408858;380683;72.9;67.9
84;2021-09-11;573;1913;409431;382596;73.0;68.2
84;2021-09-12;115;300;409546;382896;73.0;68.3
84;2021-09-13;696;1944;410242;384840;73.1;68.6
84;2021-09-14;804;2037;411046;386877;73.3;69.0
85;2020-12-27;1;0;1;0;0.0;0.0
85;2020-12-28;0;0;1;0;0.0;0.0
85;2020-12-29;0;0;1;0;0.0;0.0
85;2020-12-30;0;0;1;0;0.0;0.0
85;2020-12-31;0;0;1;0;0.0;0.0
85;2021-01-01;0;0;1;0;0.0;0.0
85;2021-01-02;0;0;1;0;0.0;0.0
85;2021-01-03;1;0;2;0;0.0;0.0
85;2021-01-04;26;0;28;0;0.0;0.0
85;2021-01-05;62;0;90;0;0.0;0.0
85;2021-01-06;107;1;197;1;0.0;0.0
85;2021-01-07;203;0;400;1;0.1;0.0
85;2021-01-08;293;2;693;3;0.1;0.0
85;2021-01-09;288;1;981;4;0.1;0.0
85;2021-01-10;59;0;1040;4;0.2;0.0
85;2021-01-11;453;0;1493;4;0.2;0.0
85;2021-01-12;586;1;2079;5;0.3;0.0
85;2021-01-13;544;2;2623;7;0.4;0.0
85;2021-01-14;683;4;3306;11;0.5;0.0
85;2021-01-15;439;3;3745;14;0.5;0.0
85;2021-01-16;264;2;4009;16;0.6;0.0
85;2021-01-17;37;0;4046;16;0.6;0.0
85;2021-01-18;999;1;5045;17;0.7;0.0
85;2021-01-19;1430;10;6475;27;0.9;0.0
85;2021-01-20;1875;2;8350;29;1.2;0.0
85;2021-01-21;3222;7;11572;36;1.7;0.0
85;2021-01-22;1700;16;13272;52;1.9;0.0
85;2021-01-23;466;1;13738;53;2.0;0.0
85;2021-01-24;50;0;13788;53;2.0;0.0
85;2021-01-25;577;0;14365;53;2.1;0.0
85;2021-01-26;877;33;15242;86;2.2;0.0
85;2021-01-27;1810;32;17052;118;2.5;0.0
85;2021-01-28;1637;38;18689;156;2.7;0.0
85;2021-01-29;875;63;19564;219;2.9;0.0
85;2021-01-30;149;5;19713;224;2.9;0.0
85;2021-01-31;2;40;19715;264;2.9;0.0
85;2021-02-01;484;98;20199;362;3.0;0.1
85;2021-02-02;537;172;20736;534;3.0;0.1
85;2021-02-03;415;248;21151;782;3.1;0.1
85;2021-02-04;621;252;21772;1034;3.2;0.2
85;2021-02-05;624;253;22396;1287;3.3;0.2
85;2021-02-06;158;212;22554;1499;3.3;0.2
85;2021-02-07;1;0;22555;1499;3.3;0.2
85;2021-02-08;388;497;22943;1996;3.4;0.3
85;2021-02-09;663;981;23606;2977;3.5;0.4
85;2021-02-10;583;1034;24189;4011;3.5;0.6
85;2021-02-11;1542;2788;25731;6799;3.8;1.0
85;2021-02-12;1013;1162;26744;7961;3.9;1.2
85;2021-02-13;251;432;26995;8393;4.0;1.2
85;2021-02-14;2;84;26997;8477;4.0;1.2
85;2021-02-15;336;647;27333;9124;4.0;1.3
85;2021-02-16;569;959;27902;10083;4.1;1.5
85;2021-02-17;785;1451;28687;11534;4.2;1.7
85;2021-02-18;1277;1718;29964;13252;4.4;1.9
85;2021-02-19;956;1087;30920;14339;4.5;2.1
85;2021-02-20;174;188;31094;14527;4.6;2.1
85;2021-02-21;1;11;31095;14538;4.6;2.1
85;2021-02-22;814;745;31909;15283;4.7;2.2
85;2021-02-23;828;371;32737;15654;4.8;2.3
85;2021-02-24;757;237;33494;15891;4.9;2.3
85;2021-02-25;1336;313;34830;16204;5.1;2.4
85;2021-02-26;1230;248;36060;16452;5.3;2.4
85;2021-02-27;401;76;36461;16528;5.3;2.4
85;2021-02-28;7;1;36468;16529;5.3;2.4
85;2021-03-01;765;352;37233;16881;5.4;2.5
85;2021-03-02;1100;669;38333;17550;5.6;2.6
85;2021-03-03;844;438;39177;17988;5.7;2.6
85;2021-03-04;1577;1082;40754;19070;6.0;2.8
85;2021-03-05;1741;743;42495;19813;6.2;2.9
85;2021-03-06;1227;115;43722;19928;6.4;2.9
85;2021-03-07;333;27;44055;19955;6.4;2.9
85;2021-03-08;1741;406;45796;20361;6.7;3.0
85;2021-03-09;2239;515;48035;20876;7.0;3.1
85;2021-03-10;1862;618;49897;21494;7.3;3.1
85;2021-03-11;3119;1029;53016;22523;7.8;3.3
85;2021-03-12;2730;817;55746;23340;8.2;3.4
85;2021-03-13;1372;153;57118;23493;8.4;3.4
85;2021-03-14;182;3;57300;23496;8.4;3.4
85;2021-03-15;1919;507;59219;24003;8.7;3.5
85;2021-03-16;1631;511;60850;24514;8.9;3.6
85;2021-03-17;980;524;61830;25038;9.1;3.7
85;2021-03-18;1904;449;63734;25487;9.3;3.7
85;2021-03-19;2200;365;65934;25852;9.7;3.8
85;2021-03-20;1069;178;67003;26030;9.8;3.8
85;2021-03-21;272;5;67275;26035;9.8;3.8
85;2021-03-22;1764;553;69039;26588;10.1;3.9
85;2021-03-23;2421;729;71460;27317;10.5;4.0
85;2021-03-24;2207;520;73667;27837;10.8;4.1
85;2021-03-25;3649;595;77316;28432;11.3;4.2
85;2021-03-26;3357;645;80673;29077;11.8;4.3
85;2021-03-27;1729;124;82402;29201;12.1;4.3
85;2021-03-28;541;4;82943;29205;12.1;4.3
85;2021-03-29;2414;758;85357;29963;12.5;4.4
85;2021-03-30;2865;1022;88222;30985;12.9;4.5
85;2021-03-31;2200;676;90422;31661;13.2;4.6
85;2021-04-01;3880;913;94302;32574;13.8;4.8
85;2021-04-02;2709;1103;97011;33677;14.2;4.9
85;2021-04-03;1413;322;98424;33999;14.4;5.0
85;2021-04-04;324;29;98748;34028;14.5;5.0
85;2021-04-05;104;175;98852;34203;14.5;5.0
85;2021-04-06;2200;1592;101052;35795;14.8;5.2
85;2021-04-07;3094;1188;104146;36983;15.2;5.4
85;2021-04-08;4544;1599;108690;38582;15.9;5.6
85;2021-04-09;4605;1224;113295;39806;16.6;5.8
85;2021-04-10;1867;400;115162;40206;16.9;5.9
85;2021-04-11;27;10;115189;40216;16.9;5.9
85;2021-04-12;4286;1487;119475;41703;17.5;6.1
85;2021-04-13;4835;1866;124310;43569;18.2;6.4
85;2021-04-14;3962;1009;128272;44578;18.8;6.5
85;2021-04-15;5519;1740;133791;46318;19.6;6.8
85;2021-04-16;5241;1541;139032;47859;20.4;7.0
85;2021-04-17;1382;436;140414;48295;20.6;7.1
85;2021-04-18;351;12;140765;48307;20.6;7.1
85;2021-04-19;3368;1699;144133;50006;21.1;7.3
85;2021-04-20;3694;1928;147827;51934;21.6;7.6
85;2021-04-21;2693;1692;150520;53626;22.0;7.8
85;2021-04-22;3806;2230;154326;55856;22.6;8.2
85;2021-04-23;3902;2090;158228;57946;23.2;8.5
85;2021-04-24;1662;1532;159890;59478;23.4;8.7
85;2021-04-25;981;564;160871;60042;23.5;8.8
85;2021-04-26;3589;2351;164460;62393;24.1;9.1
85;2021-04-27;4393;2151;168853;64544;24.7;9.4
85;2021-04-28;5747;1255;174600;65799;25.6;9.6
85;2021-04-29;5635;1994;180235;67793;26.4;9.9
85;2021-04-30;5575;1664;185810;69457;27.2;10.2
85;2021-05-01;1736;638;187546;70095;27.5;10.3
85;2021-05-02;873;471;188419;70566;27.6;10.3
85;2021-05-03;3494;2387;191913;72953;28.1;10.7
85;2021-05-04;3487;3083;195400;76036;28.6;11.1
85;2021-05-05;4532;2165;199932;78201;29.3;11.4
85;2021-05-06;4921;2597;204853;80798;30.0;11.8
85;2021-05-07;3932;3850;208785;84648;30.6;12.4
85;2021-05-08;2246;232;211031;84880;30.9;12.4
85;2021-05-09;1509;183;212540;85063;31.1;12.5
85;2021-05-10;3211;4917;215751;89980;31.6;13.2
85;2021-05-11;4027;4967;219778;94947;32.2;13.9
85;2021-05-12;5020;3934;224798;98881;32.9;14.5
85;2021-05-13;5146;613;229944;99494;33.7;14.6
85;2021-05-14;4358;3166;234302;102660;34.3;15.0
85;2021-05-15;2327;771;236629;103431;34.6;15.1
85;2021-05-16;2213;162;238842;103593;35.0;15.2
85;2021-05-17;4145;3374;242987;106967;35.6;15.7
85;2021-05-18;5215;2853;248202;109820;36.3;16.1
85;2021-05-19;6493;1770;254695;111590;37.3;16.3
85;2021-05-20;6775;2176;261470;113766;38.3;16.7
85;2021-05-21;5499;2737;266969;116503;39.1;17.1
85;2021-05-22;2584;749;269553;117252;39.5;17.2
85;2021-05-23;1329;161;270882;117413;39.6;17.2
85;2021-05-24;4573;437;275455;117850;40.3;17.3
85;2021-05-25;4517;3563;279972;121413;41.0;17.8
85;2021-05-26;4946;2679;284918;124092;41.7;18.2
85;2021-05-27;4960;3693;289878;127785;42.4;18.7
85;2021-05-28;5253;4053;295131;131838;43.2;19.3
85;2021-05-29;3962;1527;299093;133365;43.8;19.5
85;2021-05-30;1292;125;300385;133490;44.0;19.5
85;2021-05-31;4690;3376;305075;136866;44.7;20.0
85;2021-06-01;5406;3395;310481;140261;45.4;20.5
85;2021-06-02;5557;2515;316038;142776;46.3;20.9
85;2021-06-03;5917;3231;321955;146007;47.1;21.4
85;2021-06-04;5841;3807;327796;149814;48.0;21.9
85;2021-06-05;2848;1935;330644;151749;48.4;22.2
85;2021-06-06;1511;803;332155;152552;48.6;22.3
85;2021-06-07;3237;4859;335392;157411;49.1;23.0
85;2021-06-08;4091;4522;339483;161933;49.7;23.7
85;2021-06-09;4848;3502;344331;165435;50.4;24.2
85;2021-06-10;5201;3698;349532;169133;51.2;24.8
85;2021-06-11;4507;4657;354039;173790;51.8;25.4
85;2021-06-12;1492;1795;355531;175585;52.0;25.7
85;2021-06-13;1220;673;356751;176258;52.2;25.8
85;2021-06-14;2682;5094;359433;181352;52.6;26.5
85;2021-06-15;3715;4928;363148;186280;53.2;27.3
85;2021-06-16;4083;3906;367231;190186;53.8;27.8
85;2021-06-17;3940;3901;371171;194087;54.3;28.4
85;2021-06-18;3626;5683;374797;199770;54.9;29.2
85;2021-06-19;1213;2029;376010;201799;55.0;29.5
85;2021-06-20;140;521;376150;202320;55.1;29.6
85;2021-06-21;2376;5812;378526;208132;55.4;30.5
85;2021-06-22;2849;5729;381375;213861;55.8;31.3
85;2021-06-23;3391;4499;384766;218360;56.3;32.0
85;2021-06-24;3642;4561;388408;222921;56.9;32.6
85;2021-06-25;2290;6179;390698;229100;57.2;33.5
85;2021-06-26;791;3758;391489;232858;57.3;34.1
85;2021-06-27;125;1370;391614;234228;57.3;34.3
85;2021-06-28;1186;6713;392800;240941;57.5;35.3
85;2021-06-29;1757;6869;394557;247810;57.8;36.3
85;2021-06-30;2213;6209;396770;254019;58.1;37.2
85;2021-07-01;2844;6059;399614;260078;58.5;38.1
85;2021-07-02;2332;7017;401946;267095;58.8;39.1
85;2021-07-03;618;3164;402564;270259;58.9;39.6
85;2021-07-04;145;1084;402709;271343;58.9;39.7
85;2021-07-05;1084;6653;403793;277996;59.1;40.7
85;2021-07-06;1582;6455;405375;284451;59.3;41.6
85;2021-07-07;1650;5861;407025;290312;59.6;42.5
85;2021-07-08;2166;5439;409191;295751;59.9;43.3
85;2021-07-09;1647;7095;410838;302846;60.1;44.3
85;2021-07-10;565;2836;411403;305682;60.2;44.7
85;2021-07-11;529;1288;411932;306970;60.3;44.9
85;2021-07-12;1409;7048;413341;314018;60.5;46.0
85;2021-07-13;2061;7386;415402;321404;60.8;47.0
85;2021-07-14;1453;2047;416855;323451;61.0;47.3
85;2021-07-15;2681;6937;419536;330388;61.4;48.4
85;2021-07-16;3431;6829;422967;337217;61.9;49.4
85;2021-07-17;1565;2147;424532;339364;62.1;49.7
85;2021-07-18;1150;1154;425682;340518;62.3;49.8
85;2021-07-19;3557;6223;429239;346741;62.8;50.8
85;2021-07-20;4301;6212;433540;352953;63.5;51.7
85;2021-07-21;3998;6192;437538;359145;64.0;52.6
85;2021-07-22;3907;6188;441445;365333;64.6;53.5
85;2021-07-23;4531;6706;445976;372039;65.3;54.5
85;2021-07-24;1047;2293;447023;374332;65.4;54.8
85;2021-07-25;491;303;447514;374635;65.5;54.8
85;2021-07-26;4515;5360;452029;379995;66.2;55.6
85;2021-07-27;5322;5396;457351;385391;66.9;56.4
85;2021-07-28;4964;4969;462315;390360;67.7;57.1
85;2021-07-29;5879;4732;468194;395092;68.5;57.8
85;2021-07-30;6029;4950;474223;400042;69.4;58.6
85;2021-07-31;1233;1575;475456;401617;69.6;58.8
85;2021-08-01;471;195;475927;401812;69.7;58.8
85;2021-08-02;4949;3950;480876;405762;70.4;59.4
85;2021-08-03;6525;3352;487401;409114;71.3;59.9
85;2021-08-04;6631;3422;494032;412536;72.3;60.4
85;2021-08-05;6197;3601;500229;416137;73.2;60.9
85;2021-08-06;5813;4513;506042;420650;74.1;61.6
85;2021-08-07;1506;1180;507548;421830;74.3;61.7
85;2021-08-08;331;232;507879;422062;74.3;61.8
85;2021-08-09;4149;3275;512028;425337;74.9;62.3
85;2021-08-10;4829;3418;516857;428755;75.7;62.8
85;2021-08-11;4669;4213;521526;432968;76.3;63.4
85;2021-08-12;4472;4297;525998;437265;77.0;64.0
85;2021-08-13;3888;3645;529886;440910;77.6;64.5
85;2021-08-14;1025;1089;530911;441999;77.7;64.7
85;2021-08-15;160;239;531071;442238;77.7;64.7
85;2021-08-16;2839;4773;533910;447011;78.1;65.4
85;2021-08-17;2971;4354;536881;451365;78.6;66.1
85;2021-08-18;3151;4105;540032;455470;79.0;66.7
85;2021-08-19;2727;4274;542759;459744;79.4;67.3
85;2021-08-20;2477;5225;545236;464969;79.8;68.1
85;2021-08-21;692;1395;545928;466364;79.9;68.3
85;2021-08-22;343;1017;546271;467381;80.0;68.4
85;2021-08-23;1872;5370;548143;472751;80.2;69.2
85;2021-08-24;1822;4867;549965;477618;80.5;69.9
85;2021-08-25;1643;4833;551608;482451;80.7;70.6
85;2021-08-26;1538;4765;553146;487216;81.0;71.3
85;2021-08-27;1691;5516;554837;492732;81.2;72.1
85;2021-08-28;569;1345;555406;494077;81.3;72.3
85;2021-08-29;127;988;555533;495065;81.3;72.5
85;2021-08-30;1120;4971;556653;500036;81.5;73.2
85;2021-08-31;1125;5450;557778;505486;81.6;74.0
85;2021-09-01;1135;5227;558913;510713;81.8;74.8
85;2021-09-02;988;4372;559901;515085;82.0;75.4
85;2021-09-03;1239;4536;561140;519621;82.1;76.1
85;2021-09-04;369;1385;561509;521006;82.2;76.3
85;2021-09-05;42;195;561551;521201;82.2;76.3
85;2021-09-06;850;3824;562401;525025;82.3;76.8
85;2021-09-07;841;3312;563242;528337;82.4;77.3
85;2021-09-08;865;3652;564107;531989;82.6;77.9
85;2021-09-09;646;2978;564753;534967;82.7;78.3
85;2021-09-10;790;3644;565543;538611;82.8;78.8
85;2021-09-11;244;1404;565787;540015;82.8;79.0
85;2021-09-12;15;56;565802;540071;82.8;79.1
85;2021-09-13;542;2608;566344;542679;82.9;79.4
85;2021-09-14;523;2374;566867;545053;83.0;79.8
86;2020-12-27;0;0;0;0;0.0;0.0
86;2020-12-28;1;0;1;0;0.0;0.0
86;2020-12-29;1;0;2;0;0.0;0.0
86;2020-12-30;0;0;2;0;0.0;0.0
86;2020-12-31;0;0;2;0;0.0;0.0
86;2021-01-01;0;0;2;0;0.0;0.0
86;2021-01-02;0;0;2;0;0.0;0.0
86;2021-01-03;2;0;4;0;0.0;0.0
86;2021-01-04;0;0;4;0;0.0;0.0
86;2021-01-05;1;0;5;0;0.0;0.0
86;2021-01-06;178;0;183;0;0.0;0.0
86;2021-01-07;672;0;855;0;0.2;0.0
86;2021-01-08;610;2;1465;2;0.3;0.0
86;2021-01-09;0;0;1465;2;0.3;0.0
86;2021-01-10;173;0;1638;2;0.4;0.0
86;2021-01-11;305;0;1943;2;0.4;0.0
86;2021-01-12;460;0;2403;2;0.5;0.0
86;2021-01-13;337;0;2740;2;0.6;0.0
86;2021-01-14;552;1;3292;3;0.8;0.0
86;2021-01-15;543;0;3835;3;0.9;0.0
86;2021-01-16;2;0;3837;3;0.9;0.0
86;2021-01-17;0;0;3837;3;0.9;0.0
86;2021-01-18;564;0;4401;3;1.0;0.0
86;2021-01-19;1915;1;6316;4;1.4;0.0
86;2021-01-20;1463;10;7779;14;1.8;0.0
86;2021-01-21;1292;0;9071;14;2.1;0.0
86;2021-01-22;834;0;9905;14;2.3;0.0
86;2021-01-23;313;0;10218;14;2.3;0.0
86;2021-01-24;0;0;10218;14;2.3;0.0
86;2021-01-25;586;102;10804;116;2.5;0.0
86;2021-01-26;751;108;11555;224;2.6;0.1
86;2021-01-27;765;140;12320;364;2.8;0.1
86;2021-01-28;1048;382;13368;746;3.1;0.2
86;2021-01-29;880;196;14248;942;3.3;0.2
86;2021-01-30;275;94;14523;1036;3.3;0.2
86;2021-01-31;57;157;14580;1193;3.3;0.3
86;2021-02-01;434;193;15014;1386;3.4;0.3
86;2021-02-02;573;368;15587;1754;3.6;0.4
86;2021-02-03;525;213;16112;1967;3.7;0.4
86;2021-02-04;478;349;16590;2316;3.8;0.5
86;2021-02-05;437;664;17027;2980;3.9;0.7
86;2021-02-06;148;171;17175;3151;3.9;0.7
86;2021-02-07;120;8;17295;3159;4.0;0.7
86;2021-02-08;361;246;17656;3405;4.0;0.8
86;2021-02-09;753;959;18409;4364;4.2;1.0
86;2021-02-10;975;819;19384;5183;4.4;1.2
86;2021-02-11;1009;871;20393;6054;4.7;1.4
86;2021-02-12;747;308;21140;6362;4.8;1.5
86;2021-02-13;193;69;21333;6431;4.9;1.5
86;2021-02-14;1;34;21334;6465;4.9;1.5
86;2021-02-15;243;346;21577;6811;4.9;1.6
86;2021-02-16;384;630;21961;7441;5.0;1.7
86;2021-02-17;453;775;22414;8216;5.1;1.9
86;2021-02-18;422;761;22836;8977;5.2;2.1
86;2021-02-19;602;510;23438;9487;5.4;2.2
86;2021-02-20;115;132;23553;9619;5.4;2.2
86;2021-02-21;1;0;23554;9619;5.4;2.2
86;2021-02-22;241;333;23795;9952;5.4;2.3
86;2021-02-23;369;498;24164;10450;5.5;2.4
86;2021-02-24;409;487;24573;10937;5.6;2.5
86;2021-02-25;902;569;25475;11506;5.8;2.6
86;2021-02-26;1029;467;26504;11973;6.1;2.7
86;2021-02-27;460;126;26964;12099;6.2;2.8
86;2021-02-28;3;2;26967;12101;6.2;2.8
86;2021-03-01;232;449;27199;12550;6.2;2.9
86;2021-03-02;1142;742;28341;13292;6.5;3.0
86;2021-03-03;794;552;29135;13844;6.7;3.2
86;2021-03-04;1495;584;30630;14428;7.0;3.3
86;2021-03-05;1578;291;32208;14719;7.4;3.4
86;2021-03-06;995;150;33203;14869;7.6;3.4
86;2021-03-07;371;29;33574;14898;7.7;3.4
86;2021-03-08;472;493;34046;15391;7.8;3.5
86;2021-03-09;1368;483;35414;15874;8.1;3.6
86;2021-03-10;948;572;36362;16446;8.3;3.8
86;2021-03-11;1798;449;38160;16895;8.7;3.9
86;2021-03-12;2208;413;40368;17308;9.2;4.0
86;2021-03-13;1444;94;41812;17402;9.6;4.0
86;2021-03-14;133;16;41945;17418;9.6;4.0
86;2021-03-15;784;151;42729;17569;9.8;4.0
86;2021-03-16;848;194;43577;17763;10.0;4.1
86;2021-03-17;786;200;44363;17963;10.1;4.1
86;2021-03-18;1005;101;45368;18064;10.4;4.1
86;2021-03-19;2145;307;47513;18371;10.9;4.2
86;2021-03-20;592;129;48105;18500;11.0;4.2
86;2021-03-21;10;0;48115;18500;11.0;4.2
86;2021-03-22;852;273;48967;18773;11.2;4.3
86;2021-03-23;2015;322;50982;19095;11.7;4.4
86;2021-03-24;1557;287;52539;19382;12.0;4.4
86;2021-03-25;2488;342;55027;19724;12.6;4.5
86;2021-03-26;3043;361;58070;20085;13.3;4.6
86;2021-03-27;733;142;58803;20227;13.4;4.6
86;2021-03-28;5;124;58808;20351;13.4;4.7
86;2021-03-29;1259;385;60067;20736;13.7;4.7
86;2021-03-30;2403;820;62470;21556;14.3;4.9
86;2021-03-31;1511;623;63981;22179;14.6;5.1
86;2021-04-01;2244;939;66225;23118;15.1;5.3
86;2021-04-02;1902;550;68127;23668;15.6;5.4
86;2021-04-03;826;324;68953;23992;15.8;5.5
86;2021-04-04;83;109;69036;24101;15.8;5.5
86;2021-04-05;314;5;69350;24106;15.9;5.5
86;2021-04-06;1534;958;70884;25064;16.2;5.7
86;2021-04-07;1634;620;72518;25684;16.6;5.9
86;2021-04-08;2568;760;75086;26444;17.2;6.0
86;2021-04-09;3251;650;78337;27094;17.9;6.2
86;2021-04-10;1663;192;80000;27286;18.3;6.2
86;2021-04-11;442;11;80442;27297;18.4;6.2
86;2021-04-12;821;762;81263;28059;18.6;6.4
86;2021-04-13;2453;939;83716;28998;19.1;6.6
86;2021-04-14;1871;875;85587;29873;19.6;6.8
86;2021-04-15;2276;726;87863;30599;20.1;7.0
86;2021-04-16;2472;1227;90335;31826;20.7;7.3
86;2021-04-17;1039;264;91374;32090;20.9;7.3
86;2021-04-18;119;4;91493;32094;20.9;7.3
86;2021-04-19;746;797;92239;32891;21.1;7.5
86;2021-04-20;2302;1503;94541;34394;21.6;7.9
86;2021-04-21;2107;1126;96648;35520;22.1;8.1
86;2021-04-22;2331;1435;98979;36955;22.6;8.4
86;2021-04-23;2393;1577;101372;38532;23.2;8.8
86;2021-04-24;1300;511;102672;39043;23.5;8.9
86;2021-04-25;825;27;103497;39070;23.7;8.9
86;2021-04-26;2080;889;105577;39959;24.1;9.1
86;2021-04-27;3156;1661;108733;41620;24.9;9.5
86;2021-04-28;3003;1508;111736;43128;25.5;9.9
86;2021-04-29;3557;1830;115293;44958;26.4;10.3
86;2021-04-30;2970;1477;118263;46435;27.0;10.6
86;2021-05-01;1580;197;119843;46632;27.4;10.7
86;2021-05-02;1280;45;121123;46677;27.7;10.7
86;2021-05-03;2563;1004;123686;47681;28.3;10.9
86;2021-05-04;3509;1893;127195;49574;29.1;11.3
86;2021-05-05;3989;1484;131184;51058;30.0;11.7
86;2021-05-06;4291;1649;135475;52707;31.0;12.1
86;2021-05-07;4047;1824;139522;54531;31.9;12.5
86;2021-05-08;1976;396;141498;54927;32.3;12.6
86;2021-05-09;1641;203;143139;55130;32.7;12.6
86;2021-05-10;1958;1175;145097;56305;33.2;12.9
86;2021-05-11;3604;2683;148701;58988;34.0;13.5
86;2021-05-12;2252;1649;150953;60637;34.5;13.9
86;2021-05-13;1687;299;152640;60936;34.9;13.9
86;2021-05-14;2097;788;154737;61724;35.4;14.1
86;2021-05-15;1467;499;156204;62223;35.7;14.2
86;2021-05-16;778;164;156982;62387;35.9;14.3
86;2021-05-17;3221;1056;160203;63443;36.6;14.5
86;2021-05-18;4307;1661;164510;65104;37.6;14.9
86;2021-05-19;3592;1433;168102;66537;38.4;15.2
86;2021-05-20;4376;1618;172478;68155;39.4;15.6
86;2021-05-21;3438;1771;175916;69926;40.2;16.0
86;2021-05-22;2077;664;177993;70590;40.7;16.1
86;2021-05-23;1439;183;179432;70773;41.0;16.2
86;2021-05-24;1848;203;181280;70976;41.4;16.2
86;2021-05-25;2850;1638;184130;72614;42.1;16.6
86;2021-05-26;2727;1528;186857;74142;42.7;17.0
86;2021-05-27;3546;1849;190403;75991;43.5;17.4
86;2021-05-28;2164;2533;192567;78524;44.0;18.0
86;2021-05-29;1527;1286;194094;79810;44.4;18.2
86;2021-05-30;934;132;195028;79942;44.6;18.3
86;2021-05-31;1922;1818;196950;81760;45.0;18.7
86;2021-06-01;2664;2579;199614;84339;45.6;19.3
86;2021-06-02;2305;2659;201919;86998;46.2;19.9
86;2021-06-03;3337;2408;205256;89406;46.9;20.4
86;2021-06-04;2239;2858;207495;92264;47.4;21.1
86;2021-06-05;1502;1575;208997;93839;47.8;21.5
86;2021-06-06;819;900;209816;94739;48.0;21.7
86;2021-06-07;1118;2464;210934;97203;48.2;22.2
86;2021-06-08;1990;3694;212924;100897;48.7;23.1
86;2021-06-09;1902;3314;214826;104211;49.1;23.8
86;2021-06-10;2352;3241;217178;107452;49.7;24.6
86;2021-06-11;1517;2783;218695;110235;50.0;25.2
86;2021-06-12;746;2242;219441;112477;50.2;25.7
86;2021-06-13;214;1477;219655;113954;50.2;26.1
86;2021-06-14;1159;2903;220814;116857;50.5;26.7
86;2021-06-15;1688;4257;222502;121114;50.9;27.7
86;2021-06-16;1809;3135;224311;124249;51.3;28.4
86;2021-06-17;1777;4445;226088;128694;51.7;29.4
86;2021-06-18;1884;4587;227972;133281;52.1;30.5
86;2021-06-19;636;2100;228608;135381;52.3;31.0
86;2021-06-20;173;1319;228781;136700;52.3;31.3
86;2021-06-21;1106;2234;229887;138934;52.6;31.8
86;2021-06-22;1298;3458;231185;142392;52.9;32.6
86;2021-06-23;1364;2398;232549;144790;53.2;33.1
86;2021-06-24;1590;2724;234139;147514;53.5;33.7
86;2021-06-25;1193;3546;235332;151060;53.8;34.5
86;2021-06-26;391;2653;235723;153713;53.9;35.1
86;2021-06-27;138;1633;235861;155346;53.9;35.5
86;2021-06-28;270;3339;236131;158685;54.0;36.3
86;2021-06-29;858;4604;236989;163289;54.2;37.3
86;2021-06-30;1051;2974;238040;166263;54.4;38.0
86;2021-07-01;1541;3004;239581;169267;54.8;38.7
86;2021-07-02;1109;3637;240690;172904;55.0;39.5
86;2021-07-03;517;2394;241207;175298;55.1;40.1
86;2021-07-04;116;1347;241323;176645;55.2;40.4
86;2021-07-05;470;2832;241793;179477;55.3;41.0
86;2021-07-06;989;4108;242782;183585;55.5;42.0
86;2021-07-07;1261;2628;244043;186213;55.8;42.6
86;2021-07-08;1619;3149;245662;189362;56.2;43.3
86;2021-07-09;1747;3081;247409;192443;56.6;44.0
86;2021-07-10;1304;1954;248713;194397;56.9;44.4
86;2021-07-11;482;839;249195;195236;57.0;44.6
86;2021-07-12;850;2400;250045;197636;57.2;45.2
86;2021-07-13;1781;3367;251826;201003;57.6;46.0
86;2021-07-14;785;1232;252611;202235;57.8;46.2
86;2021-07-15;1886;3290;254497;205525;58.2;47.0
86;2021-07-16;1672;2657;256169;208182;58.6;47.6
86;2021-07-17;1351;1601;257520;209783;58.9;48.0
86;2021-07-18;381;907;257901;210690;59.0;48.2
86;2021-07-19;1377;1887;259278;212577;59.3;48.6
86;2021-07-20;2353;2732;261631;215309;59.8;49.2
86;2021-07-21;2306;2161;263937;217470;60.3;49.7
86;2021-07-22;2904;2798;266841;220268;61.0;50.4
86;2021-07-23;2467;2162;269308;222430;61.6;50.9
86;2021-07-24;1548;1224;270856;223654;61.9;51.1
86;2021-07-25;718;322;271574;223976;62.1;51.2
86;2021-07-26;1588;2102;273162;226078;62.5;51.7
86;2021-07-27;3561;2755;276723;228833;63.3;52.3
86;2021-07-28;3285;2140;280008;230973;64.0;52.8
86;2021-07-29;3265;2542;283273;233515;64.8;53.4
86;2021-07-30;2248;2368;285521;235883;65.3;53.9
86;2021-07-31;1429;1059;286950;236942;65.6;54.2
86;2021-08-01;652;338;287602;237280;65.8;54.2
86;2021-08-02;1943;1680;289545;238960;66.2;54.6
86;2021-08-03;3294;1991;292839;240951;67.0;55.1
86;2021-08-04;2742;1785;295581;242736;67.6;55.5
86;2021-08-05;3570;2054;299151;244790;68.4;56.0
86;2021-08-06;2401;1760;301552;246550;68.9;56.4
86;2021-08-07;1577;997;303129;247547;69.3;56.6
86;2021-08-08;955;553;304084;248100;69.5;56.7
86;2021-08-09;1883;1304;305967;249404;70.0;57.0
86;2021-08-10;2685;1778;308652;251182;70.6;57.4
86;2021-08-11;2362;1437;311014;252619;71.1;57.8
86;2021-08-12;2485;1831;313499;254450;71.7;58.2
86;2021-08-13;1838;1489;315337;255939;72.1;58.5
86;2021-08-14;1331;1153;316668;257092;72.4;58.8
86;2021-08-15;563;623;317231;257715;72.5;58.9
86;2021-08-16;1147;1788;318378;259503;72.8;59.3
86;2021-08-17;1557;2215;319935;261718;73.1;59.8
86;2021-08-18;1264;1860;321199;263578;73.4;60.3
86;2021-08-19;1502;2631;322701;266209;73.8;60.9
86;2021-08-20;1256;2607;323957;268816;74.1;61.5
86;2021-08-21;886;2007;324843;270823;74.3;61.9
86;2021-08-22;349;722;325192;271545;74.3;62.1
86;2021-08-23;723;1822;325915;273367;74.5;62.5
86;2021-08-24;1077;2752;326992;276119;74.8;63.1
86;2021-08-25;931;2067;327923;278186;75.0;63.6
86;2021-08-26;912;2813;328835;280999;75.2;64.2
86;2021-08-27;863;2173;329698;283172;75.4;64.7
86;2021-08-28;549;1774;330247;284946;75.5;65.1
86;2021-08-29;113;828;330360;285774;75.5;65.3
86;2021-08-30;684;2121;331044;287895;75.7;65.8
86;2021-08-31;958;3203;332002;291098;75.9;66.6
86;2021-09-01;569;2749;332571;293847;76.0;67.2
86;2021-09-02;745;2829;333316;296676;76.2;67.8
86;2021-09-03;754;2402;334070;299078;76.4;68.4
86;2021-09-04;364;2217;334434;301295;76.5;68.9
86;2021-09-05;27;918;334461;302213;76.5;69.1
86;2021-09-06;355;1753;334816;303966;76.5;69.5
86;2021-09-07;508;2203;335324;306169;76.7;70.0
86;2021-09-08;557;2399;335881;308568;76.8;70.5
86;2021-09-09;572;2001;336453;310569;76.9;71.0
86;2021-09-10;516;2134;336969;312703;77.0;71.5
86;2021-09-11;354;1893;337323;314596;77.1;71.9
86;2021-09-12;101;797;337424;315393;77.1;72.1
86;2021-09-13;318;1429;337742;316822;77.2;72.4
86;2021-09-14;396;2011;338138;318833;77.3;72.9
87;2020-12-27;0;0;0;0;0.0;0.0
87;2020-12-28;3;0;3;0;0.0;0.0
87;2020-12-29;0;0;3;0;0.0;0.0
87;2020-12-30;0;0;3;0;0.0;0.0
87;2020-12-31;0;0;3;0;0.0;0.0
87;2021-01-01;0;0;3;0;0.0;0.0
87;2021-01-02;0;0;3;0;0.0;0.0
87;2021-01-03;0;0;3;0;0.0;0.0
87;2021-01-04;2;0;5;0;0.0;0.0
87;2021-01-05;1;0;6;0;0.0;0.0
87;2021-01-06;10;0;16;0;0.0;0.0
87;2021-01-07;301;0;317;0;0.1;0.0
87;2021-01-08;407;0;724;0;0.2;0.0
87;2021-01-09;65;0;789;0;0.2;0.0
87;2021-01-10;35;0;824;0;0.2;0.0
87;2021-01-11;424;0;1248;0;0.3;0.0
87;2021-01-12;653;0;1901;0;0.5;0.0
87;2021-01-13;660;3;2561;3;0.7;0.0
87;2021-01-14;517;10;3078;13;0.8;0.0
87;2021-01-15;533;3;3611;16;1.0;0.0
87;2021-01-16;204;1;3815;17;1.0;0.0
87;2021-01-17;1;0;3816;17;1.0;0.0
87;2021-01-18;646;5;4462;22;1.2;0.0
87;2021-01-19;656;1;5118;23;1.4;0.0
87;2021-01-20;674;3;5792;26;1.6;0.0
87;2021-01-21;717;0;6509;26;1.8;0.0
87;2021-01-22;758;4;7267;30;2.0;0.0
87;2021-01-23;287;0;7554;30;2.0;0.0
87;2021-01-24;0;0;7554;30;2.0;0.0
87;2021-01-25;620;10;8174;40;2.2;0.0
87;2021-01-26;570;47;8744;87;2.4;0.0
87;2021-01-27;572;36;9316;123;2.5;0.0
87;2021-01-28;857;91;10173;214;2.7;0.1
87;2021-01-29;740;239;10913;453;2.9;0.1
87;2021-01-30;326;66;11239;519;3.0;0.1
87;2021-01-31;34;71;11273;590;3.0;0.2
87;2021-02-01;413;280;11686;870;3.2;0.2
87;2021-02-02;453;407;12139;1277;3.3;0.3
87;2021-02-03;540;350;12679;1627;3.4;0.4
87;2021-02-04;612;528;13291;2155;3.6;0.6
87;2021-02-05;342;352;13633;2507;3.7;0.7
87;2021-02-06;55;109;13688;2616;3.7;0.7
87;2021-02-07;20;0;13708;2616;3.7;0.7
87;2021-02-08;245;369;13953;2985;3.8;0.8
87;2021-02-09;219;440;14172;3425;3.8;0.9
87;2021-02-10;262;462;14434;3887;3.9;1.0
87;2021-02-11;286;408;14720;4295;4.0;1.2
87;2021-02-12;287;402;15007;4697;4.0;1.3
87;2021-02-13;25;135;15032;4832;4.1;1.3
87;2021-02-14;0;2;15032;4834;4.1;1.3
87;2021-02-15;237;300;15269;5134;4.1;1.4
87;2021-02-16;330;235;15599;5369;4.2;1.4
87;2021-02-17;330;296;15929;5665;4.3;1.5
87;2021-02-18;478;537;16407;6202;4.4;1.7
87;2021-02-19;404;391;16811;6593;4.5;1.8
87;2021-02-20;123;144;16934;6737;4.6;1.8
87;2021-02-21;2;9;16936;6746;4.6;1.8
87;2021-02-22;440;445;17376;7191;4.7;1.9
87;2021-02-23;557;492;17933;7683;4.8;2.1
87;2021-02-24;451;466;18384;8149;5.0;2.2
87;2021-02-25;790;581;19174;8730;5.2;2.4
87;2021-02-26;841;378;20015;9108;5.4;2.5
87;2021-02-27;405;150;20420;9258;5.5;2.5
87;2021-02-28;3;0;20423;9258;5.5;2.5
87;2021-03-01;518;303;20941;9561;5.6;2.6
87;2021-03-02;1030;318;21971;9879;5.9;2.7
87;2021-03-03;1174;282;23145;10161;6.2;2.7
87;2021-03-04;1406;307;24551;10468;6.6;2.8
87;2021-03-05;1770;239;26321;10707;7.1;2.9
87;2021-03-06;1048;37;27369;10744;7.4;2.9
87;2021-03-07;257;6;27626;10750;7.5;2.9
87;2021-03-08;864;207;28490;10957;7.7;3.0
87;2021-03-09;1288;207;29778;11164;8.0;3.0
87;2021-03-10;1299;213;31077;11377;8.4;3.1
87;2021-03-11;1754;235;32831;11612;8.9;3.1
87;2021-03-12;2129;253;34960;11865;9.4;3.2
87;2021-03-13;1308;22;36268;11887;9.8;3.2
87;2021-03-14;80;1;36348;11888;9.8;3.2
87;2021-03-15;989;348;37337;12236;10.1;3.3
87;2021-03-16;1061;231;38398;12467;10.4;3.4
87;2021-03-17;1070;218;39468;12685;10.6;3.4
87;2021-03-18;1185;332;40653;13017;11.0;3.5
87;2021-03-19;1684;278;42337;13295;11.4;3.6
87;2021-03-20;926;84;43263;13379;11.7;3.6
87;2021-03-21;32;0;43295;13379;11.7;3.6
87;2021-03-22;1049;365;44344;13744;12.0;3.7
87;2021-03-23;1386;426;45730;14170;12.3;3.8
87;2021-03-24;1508;364;47238;14534;12.7;3.9
87;2021-03-25;2500;395;49738;14929;13.4;4.0
87;2021-03-26;2533;453;52271;15382;14.1;4.1
87;2021-03-27;891;123;53162;15505;14.3;4.2
87;2021-03-28;269;18;53431;15523;14.4;4.2
87;2021-03-29;1118;412;54549;15935;14.7;4.3
87;2021-03-30;1908;660;56457;16595;15.2;4.5
87;2021-03-31;1660;690;58117;17285;15.7;4.7
87;2021-04-01;2240;571;60357;17856;16.3;4.8
87;2021-04-02;1843;628;62200;18484;16.8;5.0
87;2021-04-03;455;266;62655;18750;16.9;5.1
87;2021-04-04;2;0;62657;18750;16.9;5.1
87;2021-04-05;82;1;62739;18751;16.9;5.1
87;2021-04-06;1000;903;63739;19654;17.2;5.3
87;2021-04-07;1487;921;65226;20575;17.6;5.5
87;2021-04-08;1785;1030;67011;21605;18.1;5.8
87;2021-04-09;2647;740;69658;22345;18.8;6.0
87;2021-04-10;1189;306;70847;22651;19.1;6.1
87;2021-04-11;69;0;70916;22651;19.1;6.1
87;2021-04-12;1619;826;72535;23477;19.6;6.3
87;2021-04-13;2289;1063;74824;24540;20.2;6.6
87;2021-04-14;2530;1185;77354;25725;20.9;6.9
87;2021-04-15;2224;1074;79578;26799;21.5;7.2
87;2021-04-16;2736;1068;82314;27867;22.2;7.5
87;2021-04-17;731;388;83045;28255;22.4;7.6
87;2021-04-18;111;139;83156;28394;22.4;7.7
87;2021-04-19;1659;839;84815;29233;22.9;7.9
87;2021-04-20;2085;883;86900;30116;23.4;8.1
87;2021-04-21;2296;990;89196;31106;24.1;8.4
87;2021-04-22;2565;1161;91761;32267;24.7;8.7
87;2021-04-23;1997;1180;93758;33447;25.3;9.0
87;2021-04-24;825;619;94583;34066;25.5;9.2
87;2021-04-25;64;103;94647;34169;25.5;9.2
87;2021-04-26;1356;910;96003;35079;25.9;9.5
87;2021-04-27;2399;1198;98402;36277;26.5;9.8
87;2021-04-28;3869;1431;102271;37708;27.6;10.2
87;2021-04-29;3078;1827;105349;39535;28.4;10.7
87;2021-04-30;3174;1345;108523;40880;29.3;11.0
87;2021-05-01;614;59;109137;40939;29.4;11.0
87;2021-05-02;361;5;109498;40944;29.5;11.0
87;2021-05-03;2322;932;111820;41876;30.2;11.3
87;2021-05-04;2906;1067;114726;42943;30.9;11.6
87;2021-05-05;2989;1505;117715;44448;31.7;12.0
87;2021-05-06;2531;1698;120246;46146;32.4;12.4
87;2021-05-07;2945;1710;123191;47856;33.2;12.9
87;2021-05-08;772;291;123963;48147;33.4;13.0
87;2021-05-09;18;133;123981;48280;33.4;13.0
87;2021-05-10;1938;1584;125919;49864;34.0;13.4
87;2021-05-11;2467;1903;128386;51767;34.6;14.0
87;2021-05-12;2624;2062;131010;53829;35.3;14.5
87;2021-05-13;1085;292;132095;54121;35.6;14.6
87;2021-05-14;2245;1773;134340;55894;36.2;15.1
87;2021-05-15;950;409;135290;56303;36.5;15.2
87;2021-05-16;141;73;135431;56376;36.5;15.2
87;2021-05-17;1628;1762;137059;58138;37.0;15.7
87;2021-05-18;2634;1817;139693;59955;37.7;16.2
87;2021-05-19;2822;1553;142515;61508;38.4;16.6
87;2021-05-20;3303;1724;145818;63232;39.3;17.1
87;2021-05-21;2765;1839;148583;65071;40.1;17.6
87;2021-05-22;1458;627;150041;65698;40.5;17.7
87;2021-05-23;211;92;150252;65790;40.5;17.7
87;2021-05-24;1055;141;151307;65931;40.8;17.8
87;2021-05-25;2117;1809;153424;67740;41.4;18.3
87;2021-05-26;3222;2477;156646;70217;42.2;18.9
87;2021-05-27;3022;2354;159668;72571;43.1;19.6
87;2021-05-28;2674;2511;162342;75082;43.8;20.3
87;2021-05-29;1061;1306;163403;76388;44.1;20.6
87;2021-05-30;258;60;163661;76448;44.1;20.6
87;2021-05-31;2287;1356;165948;77804;44.8;21.0
87;2021-06-01;2548;1858;168496;79662;45.4;21.5
87;2021-06-02;2525;1851;171021;81513;46.1;22.0
87;2021-06-03;3212;2525;174233;84038;47.0;22.7
87;2021-06-04;2839;2053;177072;86091;47.8;23.2
87;2021-06-05;1311;571;178383;86662;48.1;23.4
87;2021-06-06;262;95;178645;86757;48.2;23.4
87;2021-06-07;2101;1894;180746;88651;48.7;23.9
87;2021-06-08;2961;2597;183707;91248;49.5;24.6
87;2021-06-09;2304;2810;186011;94058;50.2;25.4
87;2021-06-10;2974;2554;188985;96612;51.0;26.1
87;2021-06-11;2364;3063;191349;99675;51.6;26.9
87;2021-06-12;1220;1099;192569;100774;51.9;27.2
87;2021-06-13;294;485;192863;101259;52.0;27.3
87;2021-06-14;980;2729;193843;103988;52.3;28.0
87;2021-06-15;1361;3319;195204;107307;52.6;28.9
87;2021-06-16;1650;3424;196854;110731;53.1;29.9
87;2021-06-17;2439;2315;199293;113046;53.8;30.5
87;2021-06-18;1790;3011;201083;116057;54.2;31.3
87;2021-06-19;1047;1177;202130;117234;54.5;31.6
87;2021-06-20;205;206;202335;117440;54.6;31.7
87;2021-06-21;1041;2643;203376;120083;54.9;32.4
87;2021-06-22;1029;2881;204405;122964;55.1;33.2
87;2021-06-23;1257;3081;205662;126045;55.5;34.0
87;2021-06-24;1619;2559;207281;128604;55.9;34.7
87;2021-06-25;1450;2708;208731;131312;56.3;35.4
87;2021-06-26;529;1199;209260;132511;56.4;35.7
87;2021-06-27;26;212;209286;132723;56.4;35.8
87;2021-06-28;717;2574;210003;135297;56.6;36.5
87;2021-06-29;1157;3415;211160;138712;57.0;37.4
87;2021-06-30;1125;2651;212285;141363;57.3;38.1
87;2021-07-01;1482;2549;213767;143912;57.7;38.8
87;2021-07-02;1200;3460;214967;147372;58.0;39.7
87;2021-07-03;414;1512;215381;148884;58.1;40.2
87;2021-07-04;24;384;215405;149268;58.1;40.3
87;2021-07-05;686;2392;216091;151660;58.3;40.9
87;2021-07-06;584;3221;216675;154881;58.4;41.8
87;2021-07-07;864;3344;217539;158225;58.7;42.7
87;2021-07-08;1119;3671;218658;161896;59.0;43.7
87;2021-07-09;1112;3700;219770;165596;59.3;44.7
87;2021-07-10;290;1360;220060;166956;59.4;45.0
87;2021-07-11;49;284;220109;167240;59.4;45.1
87;2021-07-12;560;3191;220669;170431;59.5;46.0
87;2021-07-13;833;3509;221502;173940;59.7;46.9
87;2021-07-14;518;538;222020;174478;59.9;47.1
87;2021-07-15;1361;3461;223381;177939;60.2;48.0
87;2021-07-16;1732;3596;225113;181535;60.7;49.0
87;2021-07-17;655;1373;225768;182908;60.9;49.3
87;2021-07-18;81;285;225849;183193;60.9;49.4
87;2021-07-19;1434;3401;227283;186594;61.3;50.3
87;2021-07-20;1806;3592;229089;190186;61.8;51.3
87;2021-07-21;1452;3149;230541;193335;62.2;52.1
87;2021-07-22;1878;3243;232419;196578;62.7;53.0
87;2021-07-23;1876;3171;234295;199749;63.2;53.9
87;2021-07-24;817;1285;235112;201034;63.4;54.2
87;2021-07-25;106;241;235218;201275;63.4;54.3
87;2021-07-26;1542;2328;236760;203603;63.9;54.9
87;2021-07-27;2556;2060;239316;205663;64.5;55.5
87;2021-07-28;2391;2004;241707;207667;65.2;56.0
87;2021-07-29;3010;1998;244717;209665;66.0;56.5
87;2021-07-30;2544;2072;247261;211737;66.7;57.1
87;2021-07-31;1105;837;248366;212574;67.0;57.3
87;2021-08-01;284;151;248650;212725;67.1;57.4
87;2021-08-02;2119;1517;250769;214242;67.6;57.8
87;2021-08-03;2494;1330;253263;215572;68.3;58.1
87;2021-08-04;2315;1061;255578;216633;68.9;58.4
87;2021-08-05;2529;1411;258107;218044;69.6;58.8
87;2021-08-06;2142;1658;260249;219702;70.2;59.3
87;2021-08-07;1109;782;261358;220484;70.5;59.5
87;2021-08-08;208;124;261566;220608;70.5;59.5
87;2021-08-09;1819;1524;263385;222132;71.0;59.9
87;2021-08-10;2200;1534;265585;223666;71.6;60.3
87;2021-08-11;1914;1273;267499;224939;72.1;60.7
87;2021-08-12;2104;1479;269603;226418;72.7;61.1
87;2021-08-13;1726;1619;271329;228037;73.2;61.5
87;2021-08-14;671;733;272000;228770;73.4;61.7
87;2021-08-15;72;104;272072;228874;73.4;61.7
87;2021-08-16;1504;1739;273576;230613;73.8;62.2
87;2021-08-17;1350;1667;274926;232280;74.1;62.6
87;2021-08-18;1243;1997;276169;234277;74.5;63.2
87;2021-08-19;1219;1797;277388;236074;74.8;63.7
87;2021-08-20;916;2204;278304;238278;75.1;64.3
87;2021-08-21;317;965;278621;239243;75.1;64.5
87;2021-08-22;92;236;278713;239479;75.2;64.6
87;2021-08-23;745;2391;279458;241870;75.4;65.2
87;2021-08-24;763;2135;280221;244005;75.6;65.8
87;2021-08-25;707;2062;280928;246067;75.8;66.4
87;2021-08-26;855;2155;281783;248222;76.0;66.9
87;2021-08-27;780;2665;282563;250887;76.2;67.7
87;2021-08-28;326;1298;282889;252185;76.3;68.0
87;2021-08-29;65;244;282954;252429;76.3;68.1
87;2021-08-30;471;2212;283425;254641;76.4;68.7
87;2021-08-31;606;1933;284031;256574;76.6;69.2
87;2021-09-01;743;2467;284774;259041;76.8;69.9
87;2021-09-02;551;2341;285325;261382;77.0;70.5
87;2021-09-03;643;2483;285968;263865;77.1;71.2
87;2021-09-04;274;1130;286242;264995;77.2;71.5
87;2021-09-05;9;7;286251;265002;77.2;71.5
87;2021-09-06;395;1987;286646;266989;77.3;72.0
87;2021-09-07;383;1523;287029;268512;77.4;72.4
87;2021-09-08;457;1820;287486;270332;77.5;72.9
87;2021-09-09;323;1283;287809;271615;77.6;73.3
87;2021-09-10;465;1693;288274;273308;77.7;73.7
87;2021-09-11;318;972;288592;274280;77.8;74.0
87;2021-09-12;3;13;288595;274293;77.8;74.0
87;2021-09-13;309;1104;288904;275397;77.9;74.3
87;2021-09-14;282;1016;289186;276413;78.0;74.6
88;2020-12-27;0;0;0;0;0.0;0.0
88;2020-12-28;0;0;0;0;0.0;0.0
88;2020-12-29;0;0;0;0;0.0;0.0
88;2020-12-30;0;0;0;0;0.0;0.0
88;2020-12-31;0;0;0;0;0.0;0.0
88;2021-01-01;2;0;2;0;0.0;0.0
88;2021-01-02;0;0;2;0;0.0;0.0
88;2021-01-03;0;0;2;0;0.0;0.0
88;2021-01-04;0;0;2;0;0.0;0.0
88;2021-01-05;1;0;3;0;0.0;0.0
88;2021-01-06;3;0;6;0;0.0;0.0
88;2021-01-07;71;1;77;1;0.0;0.0
88;2021-01-08;189;2;266;3;0.1;0.0
88;2021-01-09;190;2;456;5;0.1;0.0
88;2021-01-10;0;0;456;5;0.1;0.0
88;2021-01-11;227;0;683;5;0.2;0.0
88;2021-01-12;422;0;1105;5;0.3;0.0
88;2021-01-13;491;2;1596;7;0.4;0.0
88;2021-01-14;347;2;1943;9;0.5;0.0
88;2021-01-15;380;1;2323;10;0.6;0.0
88;2021-01-16;62;0;2385;10;0.7;0.0
88;2021-01-17;1;0;2386;10;0.7;0.0
88;2021-01-18;461;0;2847;10;0.8;0.0
88;2021-01-19;451;0;3298;10;0.9;0.0
88;2021-01-20;461;1;3759;11;1.0;0.0
88;2021-01-21;1546;5;5305;16;1.5;0.0
88;2021-01-22;1181;2;6486;18;1.8;0.0
88;2021-01-23;284;0;6770;18;1.9;0.0
88;2021-01-24;298;2;7068;20;2.0;0.0
88;2021-01-25;938;4;8006;24;2.2;0.0
88;2021-01-26;388;5;8394;29;2.3;0.0
88;2021-01-27;4;0;8398;29;2.3;0.0
88;2021-01-28;162;34;8560;63;2.4;0.0
88;2021-01-29;526;145;9086;208;2.5;0.1
88;2021-01-30;288;79;9374;287;2.6;0.1
88;2021-01-31;0;0;9374;287;2.6;0.1
88;2021-02-01;406;261;9780;548;2.7;0.2
88;2021-02-02;333;346;10113;894;2.8;0.2
88;2021-02-03;437;223;10550;1117;2.9;0.3
88;2021-02-04;315;210;10865;1327;3.0;0.4
88;2021-02-05;457;236;11322;1563;3.1;0.4
88;2021-02-06;110;49;11432;1612;3.2;0.4
88;2021-02-07;0;0;11432;1612;3.2;0.4
88;2021-02-08;360;160;11792;1772;3.3;0.5
88;2021-02-09;291;237;12083;2009;3.4;0.6
88;2021-02-10;416;299;12499;2308;3.5;0.6
88;2021-02-11;850;950;13349;3258;3.7;0.9
88;2021-02-12;941;658;14290;3916;4.0;1.1
88;2021-02-13;162;201;14452;4117;4.0;1.1
88;2021-02-14;81;195;14533;4312;4.0;1.2
88;2021-02-15;641;893;15174;5205;4.2;1.4
88;2021-02-16;472;532;15646;5737;4.4;1.6
88;2021-02-17;456;341;16102;6078;4.5;1.7
88;2021-02-18;516;270;16618;6348;4.6;1.8
88;2021-02-19;536;381;17154;6729;4.8;1.9
88;2021-02-20;156;86;17310;6815;4.8;1.9
88;2021-02-21;1;25;17311;6840;4.8;1.9
88;2021-02-22;425;252;17736;7092;4.9;2.0
88;2021-02-23;403;187;18139;7279;5.0;2.0
88;2021-02-24;506;168;18645;7447;5.2;2.1
88;2021-02-25;675;218;19320;7665;5.4;2.1
88;2021-02-26;863;230;20183;7895;5.6;2.2
88;2021-02-27;269;31;20452;7926;5.7;2.2
88;2021-02-28;30;1;20482;7927;5.7;2.2
88;2021-03-01;359;378;20841;8305;5.8;2.3
88;2021-03-02;431;390;21272;8695;5.9;2.4
88;2021-03-03;650;363;21922;9058;6.1;2.5
88;2021-03-04;1043;658;22965;9716;6.4;2.7
88;2021-03-05;934;626;23899;10342;6.6;2.9
88;2021-03-06;1874;112;25773;10454;7.2;2.9
88;2021-03-07;1060;77;26833;10531;7.5;2.9
88;2021-03-08;727;625;27560;11156;7.7;3.1
88;2021-03-09;1094;467;28654;11623;8.0;3.2
88;2021-03-10;1084;451;29738;12074;8.3;3.4
88;2021-03-11;1441;362;31179;12436;8.7;3.5
88;2021-03-12;1309;460;32488;12896;9.0;3.6
88;2021-03-13;1210;128;33698;13024;9.4;3.6
88;2021-03-14;166;5;33864;13029;9.4;3.6
88;2021-03-15;929;438;34793;13467;9.7;3.7
88;2021-03-16;1024;338;35817;13805;10.0;3.8
88;2021-03-17;905;406;36722;14211;10.2;4.0
88;2021-03-18;1303;398;38025;14609;10.6;4.1
88;2021-03-19;1465;499;39490;15108;11.0;4.2
88;2021-03-20;1319;55;40809;15163;11.4;4.2
88;2021-03-21;37;0;40846;15163;11.4;4.2
88;2021-03-22;1233;541;42079;15704;11.7;4.4
88;2021-03-23;1780;442;43859;16146;12.2;4.5
88;2021-03-24;1877;466;45736;16612;12.7;4.6
88;2021-03-25;2499;492;48235;17104;13.4;4.8
88;2021-03-26;2480;441;50715;17545;14.1;4.9
88;2021-03-27;883;297;51598;17842;14.4;5.0
88;2021-03-28;61;3;51659;17845;14.4;5.0
88;2021-03-29;1305;436;52964;18281;14.7;5.1
88;2021-03-30;2062;392;55026;18673;15.3;5.2
88;2021-03-31;1619;575;56645;19248;15.8;5.4
88;2021-04-01;2118;716;58763;19964;16.3;5.6
88;2021-04-02;2816;647;61579;20611;17.1;5.7
88;2021-04-03;745;215;62324;20826;17.3;5.8
88;2021-04-04;16;1;62340;20827;17.3;5.8
88;2021-04-05;23;2;62363;20829;17.3;5.8
88;2021-04-06;1140;678;63503;21507;17.7;6.0
88;2021-04-07;1600;714;65103;22221;18.1;6.2
88;2021-04-08;1858;788;66961;23009;18.6;6.4
88;2021-04-09;3080;741;70041;23750;19.5;6.6
88;2021-04-10;724;648;70765;24398;19.7;6.8
88;2021-04-11;33;1;70798;24399;19.7;6.8
88;2021-04-12;1538;986;72336;25385;20.1;7.1
88;2021-04-13;2037;1090;74373;26475;20.7;7.4
88;2021-04-14;1911;949;76284;27424;21.2;7.6
88;2021-04-15;1967;1244;78251;28668;21.8;8.0
88;2021-04-16;2109;1048;80360;29716;22.4;8.3
88;2021-04-17;1429;765;81789;30481;22.7;8.5
88;2021-04-18;268;23;82057;30504;22.8;8.5
88;2021-04-19;1172;1236;83229;31740;23.2;8.8
88;2021-04-20;1190;1396;84419;33136;23.5;9.2
88;2021-04-21;1503;1295;85922;34431;23.9;9.6
88;2021-04-22;1900;1632;87822;36063;24.4;10.0
88;2021-04-23;1826;2047;89648;38110;24.9;10.6
88;2021-04-24;1185;782;90833;38892;25.3;10.8
88;2021-04-25;34;2;90867;38894;25.3;10.8
88;2021-04-26;1181;1168;92048;40062;25.6;11.1
88;2021-04-27;1278;1726;93326;41788;26.0;11.6
88;2021-04-28;1634;1496;94960;43284;26.4;12.0
88;2021-04-29;2082;1455;97042;44739;27.0;12.4
88;2021-04-30;2451;1624;99493;46363;27.7;12.9
88;2021-05-01;2008;287;101501;46650;28.2;13.0
88;2021-05-02;1301;120;102802;46770;28.6;13.0
88;2021-05-03;1558;1218;104360;47988;29.0;13.3
88;2021-05-04;1444;1465;105804;49453;29.4;13.8
88;2021-05-05;2427;1598;108231;51051;30.1;14.2
88;2021-05-06;3210;1204;111441;52255;31.0;14.5
88;2021-05-07;2938;1345;114379;53600;31.8;14.9
88;2021-05-08;1533;466;115912;54066;32.2;15.0
88;2021-05-09;1735;161;117647;54227;32.7;15.1
88;2021-05-10;1764;1568;119411;55795;33.2;15.5
88;2021-05-11;2657;1907;122068;57702;34.0;16.0
88;2021-05-12;2531;1853;124599;59555;34.7;16.6
88;2021-05-13;3258;684;127857;60239;35.6;16.8
88;2021-05-14;2501;1539;130358;61778;36.3;17.2
88;2021-05-15;1625;744;131983;62522;36.7;17.4
88;2021-05-16;1333;103;133316;62625;37.1;17.4
88;2021-05-17;1988;943;135304;63568;37.6;17.7
88;2021-05-18;2256;1116;137560;64684;38.3;18.0
88;2021-05-19;2722;1147;140282;65831;39.0;18.3
88;2021-05-20;3347;1236;143629;67067;40.0;18.7
88;2021-05-21;2876;1148;146505;68215;40.8;19.0
88;2021-05-22;1432;713;147937;68928;41.1;19.2
88;2021-05-23;558;74;148495;69002;41.3;19.2
88;2021-05-24;1675;435;150170;69437;41.8;19.3
88;2021-05-25;1649;1174;151819;70611;42.2;19.6
88;2021-05-26;2368;1140;154187;71751;42.9;20.0
88;2021-05-27;2201;1361;156388;73112;43.5;20.3
88;2021-05-28;1891;1963;158279;75075;44.0;20.9
88;2021-05-29;1230;1755;159509;76830;44.4;21.4
88;2021-05-30;587;418;160096;77248;44.5;21.5
88;2021-05-31;1327;1849;161423;79097;44.9;22.0
88;2021-06-01;1720;1983;163143;81080;45.4;22.6
88;2021-06-02;2076;1871;165219;82951;46.0;23.1
88;2021-06-03;2739;1612;167958;84563;46.7;23.5
88;2021-06-04;2044;1926;170002;86489;47.3;24.1
88;2021-06-05;1531;1135;171533;87624;47.7;24.4
88;2021-06-06;693;156;172226;87780;47.9;24.4
88;2021-06-07;1292;1710;173518;89490;48.3;24.9
88;2021-06-08;1666;1933;175184;91423;48.7;25.4
88;2021-06-09;1618;1908;176802;93331;49.2;26.0
88;2021-06-10;1781;2046;178583;95377;49.7;26.5
88;2021-06-11;1549;2211;180132;97588;50.1;27.1
88;2021-06-12;669;1657;180801;99245;50.3;27.6
88;2021-06-13;464;377;181265;99622;50.4;27.7
88;2021-06-14;1030;2248;182295;101870;50.7;28.3
88;2021-06-15;1929;2458;184224;104328;51.2;29.0
88;2021-06-16;1486;2873;185710;107201;51.7;29.8
88;2021-06-17;1601;2731;187311;109932;52.1;30.6
88;2021-06-18;1355;2460;188666;112392;52.5;31.3
88;2021-06-19;701;1090;189367;113482;52.7;31.6
88;2021-06-20;78;79;189445;113561;52.7;31.6
88;2021-06-21;672;2580;190117;116141;52.9;32.3
88;2021-06-22;869;3433;190986;119574;53.1;33.3
88;2021-06-23;1144;2876;192130;122450;53.4;34.1
88;2021-06-24;703;2604;192833;125054;53.6;34.8
88;2021-06-25;1435;3180;194268;128234;54.0;35.7
88;2021-06-26;903;2072;195171;130306;54.3;36.2
88;2021-06-27;543;635;195714;130941;54.4;36.4
88;2021-06-28;760;2515;196474;133456;54.6;37.1
88;2021-06-29;961;3354;197435;136810;54.9;38.1
88;2021-06-30;1136;3114;198571;139924;55.2;38.9
88;2021-07-01;1056;2686;199627;142610;55.5;39.7
88;2021-07-02;992;3144;200619;145754;55.8;40.5
88;2021-07-03;694;1699;201313;147453;56.0;41.0
88;2021-07-04;258;815;201571;148268;56.1;41.2
88;2021-07-05;993;2021;202564;150289;56.3;41.8
88;2021-07-06;1021;2415;203585;152704;56.6;42.5
88;2021-07-07;1179;2588;204764;155292;57.0;43.2
88;2021-07-08;1085;2064;205849;157356;57.3;43.8
88;2021-07-09;1584;2703;207433;160059;57.7;44.5
88;2021-07-10;722;1817;208155;161876;57.9;45.0
88;2021-07-11;468;696;208623;162572;58.0;45.2
88;2021-07-12;1055;2520;209678;165092;58.3;45.9
88;2021-07-13;1313;2654;210991;167746;58.7;46.7
88;2021-07-14;1206;798;212197;168544;59.0;46.9
88;2021-07-15;1744;3306;213941;171850;59.5;47.8
88;2021-07-16;1470;2961;215411;174811;59.9;48.6
88;2021-07-17;802;1587;216213;176398;60.1;49.1
88;2021-07-18;180;679;216393;177077;60.2;49.3
88;2021-07-19;1564;2231;217957;179308;60.6;49.9
88;2021-07-20;2143;2388;220100;181696;61.2;50.5
88;2021-07-21;1938;2217;222038;183913;61.8;51.2
88;2021-07-22;1699;2108;223737;186021;62.2;51.7
88;2021-07-23;2509;2778;226246;188799;62.9;52.5
88;2021-07-24;1059;1186;227305;189985;63.2;52.8
88;2021-07-25;432;608;227737;190593;63.3;53.0
88;2021-07-26;1715;2074;229452;192667;63.8;53.6
88;2021-07-27;2351;2059;231803;194726;64.5;54.2
88;2021-07-28;2212;2248;234015;196974;65.1;54.8
88;2021-07-29;3033;1633;237048;198607;65.9;55.2
88;2021-07-30;2274;2293;239322;200900;66.6;55.9
88;2021-07-31;1106;1036;240428;201936;66.9;56.2
88;2021-08-01;449;461;240877;202397;67.0;56.3
88;2021-08-02;2376;1768;243253;204165;67.7;56.8
88;2021-08-03;2876;1590;246129;205755;68.5;57.2
88;2021-08-04;2517;1529;248646;207284;69.2;57.7
88;2021-08-05;1995;1379;250641;208663;69.7;58.0
88;2021-08-06;2931;2012;253572;210675;70.5;58.6
88;2021-08-07;1175;912;254747;211587;70.9;58.9
88;2021-08-08;751;320;255498;211907;71.1;58.9
88;2021-08-09;1549;1648;257047;213555;71.5;59.4
88;2021-08-10;1938;2039;258985;215594;72.0;60.0
88;2021-08-11;1867;1752;260852;217346;72.6;60.5
88;2021-08-12;1669;1351;262521;218697;73.0;60.8
88;2021-08-13;1949;2130;264470;220827;73.6;61.4
88;2021-08-14;579;911;265049;221738;73.7;61.7
88;2021-08-15;337;521;265386;222259;73.8;61.8
88;2021-08-16;1149;1988;266535;224247;74.1;62.4
88;2021-08-17;1268;2056;267803;226303;74.5;62.9
88;2021-08-18;1208;1924;269011;228227;74.8;63.5
88;2021-08-19;1041;1582;270052;229809;75.1;63.9
88;2021-08-20;1020;2329;271072;232138;75.4;64.6
88;2021-08-21;403;1142;271475;233280;75.5;64.9
88;2021-08-22;100;479;271575;233759;75.5;65.0
88;2021-08-23;731;1640;272306;235399;75.7;65.5
88;2021-08-24;916;1973;273222;237372;76.0;66.0
88;2021-08-25;889;2459;274111;239831;76.2;66.7
88;2021-08-26;864;2047;274975;241878;76.5;67.3
88;2021-08-27;844;2710;275819;244588;76.7;68.0
88;2021-08-28;485;1351;276304;245939;76.9;68.4
88;2021-08-29;130;694;276434;246633;76.9;68.6
88;2021-08-30;697;2383;277131;249016;77.1;69.3
88;2021-08-31;779;2374;277910;251390;77.3;69.9
88;2021-09-01;682;2074;278592;253464;77.5;70.5
88;2021-09-02;659;1742;279251;255206;77.7;71.0
88;2021-09-03;727;2260;279978;257466;77.9;71.6
88;2021-09-04;426;1156;280404;258622;78.0;71.9
88;2021-09-05;188;424;280592;259046;78.0;72.1
88;2021-09-06;504;1358;281096;260404;78.2;72.4
88;2021-09-07;567;1407;281663;261811;78.3;72.8
88;2021-09-08;455;1492;282118;263303;78.5;73.2
88;2021-09-09;536;1098;282654;264401;78.6;73.5
88;2021-09-10;587;1576;283241;265977;78.8;74.0
88;2021-09-11;342;850;283583;266827;78.9;74.2
88;2021-09-12;70;142;283653;266969;78.9;74.3
88;2021-09-13;427;1073;284080;268042;79.0;74.6
88;2021-09-14;543;1275;284623;269317;79.2;74.9
89;2020-12-27;0;0;0;0;0.0;0.0
89;2020-12-28;2;0;2;0;0.0;0.0
89;2020-12-29;0;0;2;0;0.0;0.0
89;2020-12-30;0;0;2;0;0.0;0.0
89;2020-12-31;0;0;2;0;0.0;0.0
89;2021-01-01;0;0;2;0;0.0;0.0
89;2021-01-02;0;0;2;0;0.0;0.0
89;2021-01-03;0;0;2;0;0.0;0.0
89;2021-01-04;0;0;2;0;0.0;0.0
89;2021-01-05;0;0;2;0;0.0;0.0
89;2021-01-06;48;0;50;0;0.0;0.0
89;2021-01-07;201;0;251;0;0.1;0.0
89;2021-01-08;48;0;299;0;0.1;0.0
89;2021-01-09;1;0;300;0;0.1;0.0
89;2021-01-10;0;0;300;0;0.1;0.0
89;2021-01-11;221;0;521;0;0.2;0.0
89;2021-01-12;349;0;870;0;0.3;0.0
89;2021-01-13;533;3;1403;3;0.4;0.0
89;2021-01-14;711;7;2114;10;0.6;0.0
89;2021-01-15;275;2;2389;12;0.7;0.0
89;2021-01-16;90;3;2479;15;0.7;0.0
89;2021-01-17;0;0;2479;15;0.7;0.0
89;2021-01-18;503;1;2982;16;0.9;0.0
89;2021-01-19;841;3;3823;19;1.2;0.0
89;2021-01-20;760;0;4583;19;1.4;0.0
89;2021-01-21;940;4;5523;23;1.7;0.0
89;2021-01-22;1021;1;6544;24;2.0;0.0
89;2021-01-23;200;0;6744;24;2.0;0.0
89;2021-01-24;107;0;6851;24;2.1;0.0
89;2021-01-25;482;3;7333;27;2.2;0.0
89;2021-01-26;582;12;7915;39;2.4;0.0
89;2021-01-27;473;37;8388;76;2.5;0.0
89;2021-01-28;551;123;8939;199;2.7;0.1
89;2021-01-29;958;39;9897;238;3.0;0.1
89;2021-01-30;184;13;10081;251;3.0;0.1
89;2021-01-31;24;1;10105;252;3.0;0.1
89;2021-02-01;255;138;10360;390;3.1;0.1
89;2021-02-02;283;313;10643;703;3.2;0.2
89;2021-02-03;292;318;10935;1021;3.3;0.3
89;2021-02-04;432;559;11367;1580;3.4;0.5
89;2021-02-05;387;177;11754;1757;3.5;0.5
89;2021-02-06;77;66;11831;1823;3.6;0.5
89;2021-02-07;0;0;11831;1823;3.6;0.5
89;2021-02-08;288;158;12119;1981;3.6;0.6
89;2021-02-09;285;397;12404;2378;3.7;0.7
89;2021-02-10;396;279;12800;2657;3.9;0.8
89;2021-02-11;332;526;13132;3183;4.0;1.0
89;2021-02-12;433;561;13565;3744;4.1;1.1
89;2021-02-13;52;123;13617;3867;4.1;1.2
89;2021-02-14;21;116;13638;3983;4.1;1.2
89;2021-02-15;218;306;13856;4289;4.2;1.3
89;2021-02-16;134;426;13990;4715;4.2;1.4
89;2021-02-17;263;334;14253;5049;4.3;1.5
89;2021-02-18;225;420;14478;5469;4.4;1.6
89;2021-02-19;244;569;14722;6038;4.4;1.8
89;2021-02-20;33;126;14755;6164;4.4;1.9
89;2021-02-21;0;10;14755;6174;4.4;1.9
89;2021-02-22;233;355;14988;6529;4.5;2.0
89;2021-02-23;171;385;15159;6914;4.6;2.1
89;2021-02-24;343;290;15502;7204;4.7;2.2
89;2021-02-25;370;371;15872;7575;4.8;2.3
89;2021-02-26;385;278;16257;7853;4.9;2.4
89;2021-02-27;138;62;16395;7915;4.9;2.4
89;2021-02-28;6;12;16401;7927;4.9;2.4
89;2021-03-01;541;198;16942;8125;5.1;2.4
89;2021-03-02;754;307;17696;8432;5.3;2.5
89;2021-03-03;647;230;18343;8662;5.5;2.6
89;2021-03-04;633;335;18976;8997;5.7;2.7
89;2021-03-05;728;455;19704;9452;5.9;2.8
89;2021-03-06;549;118;20253;9570;6.1;2.9
89;2021-03-07;288;40;20541;9610;6.2;2.9
89;2021-03-08;559;300;21100;9910;6.4;3.0
89;2021-03-09;1002;241;22102;10151;6.7;3.1
89;2021-03-10;984;232;23086;10383;7.0;3.1
89;2021-03-11;1075;283;24161;10666;7.3;3.2
89;2021-03-12;1281;309;25442;10975;7.7;3.3
89;2021-03-13;637;44;26079;11019;7.9;3.3
89;2021-03-14;1;0;26080;11019;7.9;3.3
89;2021-03-15;816;310;26896;11329;8.1;3.4
89;2021-03-16;948;217;27844;11546;8.4;3.5
89;2021-03-17;920;265;28764;11811;8.7;3.6
89;2021-03-18;885;253;29649;12064;8.9;3.6
89;2021-03-19;1149;196;30798;12260;9.3;3.7
89;2021-03-20;844;27;31642;12287;9.5;3.7
89;2021-03-21;173;6;31815;12293;9.6;3.7
89;2021-03-22;1044;221;32859;12514;9.9;3.8
89;2021-03-23;1742;257;34601;12771;10.4;3.8
89;2021-03-24;1967;323;36568;13094;11.0;3.9
89;2021-03-25;1821;170;38389;13264;11.6;4.0
89;2021-03-26;2627;183;41016;13447;12.4;4.0
89;2021-03-27;1774;48;42790;13495;12.9;4.1
89;2021-03-28;32;3;42822;13498;12.9;4.1
89;2021-03-29;965;571;43787;14069;13.2;4.2
89;2021-03-30;1154;566;44941;14635;13.5;4.4
89;2021-03-31;2005;471;46946;15106;14.1;4.5
89;2021-04-01;2120;458;49066;15564;14.8;4.7
89;2021-04-02;2139;444;51205;16008;15.4;4.8
89;2021-04-03;1004;243;52209;16251;15.7;4.9
89;2021-04-04;16;1;52225;16252;15.7;4.9
89;2021-04-05;92;2;52317;16254;15.8;4.9
89;2021-04-06;1033;754;53350;17008;16.1;5.1
89;2021-04-07;1029;799;54379;17807;16.4;5.4
89;2021-04-08;1730;726;56109;18533;16.9;5.6
89;2021-04-09;2165;766;58274;19299;17.5;5.8
89;2021-04-10;892;181;59166;19480;17.8;5.9
89;2021-04-11;38;51;59204;19531;17.8;5.9
89;2021-04-12;1012;791;60216;20322;18.1;6.1
89;2021-04-13;1357;1082;61573;21404;18.5;6.4
89;2021-04-14;1213;1036;62786;22440;18.9;6.8
89;2021-04-15;1415;942;64201;23382;19.3;7.0
89;2021-04-16;1329;939;65530;24321;19.7;7.3
89;2021-04-17;1069;455;66599;24776;20.1;7.5
89;2021-04-18;27;154;66626;24930;20.1;7.5
89;2021-04-19;749;1038;67375;25968;20.3;7.8
89;2021-04-20;1017;1533;68392;27501;20.6;8.3
89;2021-04-21;814;1100;69206;28601;20.8;8.6
89;2021-04-22;1108;1164;70314;29765;21.2;9.0
89;2021-04-23;1823;1965;72137;31730;21.7;9.6
89;2021-04-24;1174;1173;73311;32903;22.1;9.9
89;2021-04-25;139;6;73450;32909;22.1;9.9
89;2021-04-26;1503;775;74953;33684;22.6;10.1
89;2021-04-27;1733;1053;76686;34737;23.1;10.5
89;2021-04-28;1596;1854;78282;36591;23.6;11.0
89;2021-04-29;1970;1922;80252;38513;24.2;11.6
89;2021-04-30;1804;1766;82056;40279;24.7;12.1
89;2021-05-01;846;721;82902;41000;25.0;12.3
89;2021-05-02;134;31;83036;41031;25.0;12.4
89;2021-05-03;1606;762;84642;41793;25.5;12.6
89;2021-05-04;1620;1124;86262;42917;26.0;12.9
89;2021-05-05;2319;1266;88581;44183;26.7;13.3
89;2021-05-06;2412;1381;90993;45564;27.4;13.7
89;2021-05-07;2719;1313;93712;46877;28.2;14.1
89;2021-05-08;1787;533;95499;47410;28.8;14.3
89;2021-05-09;196;18;95695;47428;28.8;14.3
89;2021-05-10;1201;960;96896;48388;29.2;14.6
89;2021-05-11;2489;1460;99385;49848;29.9;15.0
89;2021-05-12;2059;1215;101444;51063;30.5;15.4
89;2021-05-13;414;332;101858;51395;30.7;15.5
89;2021-05-14;1880;1095;103738;52490;31.2;15.8
89;2021-05-15;2247;394;105985;52884;31.9;15.9
89;2021-05-16;10;35;105995;52919;31.9;15.9
89;2021-05-17;2092;635;108087;53554;32.5;16.1
89;2021-05-18;2323;830;110410;54384;33.2;16.4
89;2021-05-19;2861;881;113271;55265;34.1;16.6
89;2021-05-20;2927;887;116198;56152;35.0;16.9
89;2021-05-21;2481;877;118679;57029;35.7;17.2
89;2021-05-22;1430;560;120109;57589;36.2;17.3
89;2021-05-23;108;10;120217;57599;36.2;17.3
89;2021-05-24;287;225;120504;57824;36.3;17.4
89;2021-05-25;1559;982;122063;58806;36.8;17.7
89;2021-05-26;1817;1024;123880;59830;37.3;18.0
89;2021-05-27;2118;1358;125998;61188;37.9;18.4
89;2021-05-28;2143;1418;128141;62606;38.6;18.9
89;2021-05-29;541;659;128682;63265;38.7;19.1
89;2021-05-30;25;22;128707;63287;38.8;19.1
89;2021-05-31;1248;971;129955;64258;39.1;19.3
89;2021-06-01;1506;979;131461;65237;39.6;19.6
89;2021-06-02;1946;1278;133407;66515;40.2;20.0
89;2021-06-03;2428;1522;135835;68037;40.9;20.5
89;2021-06-04;2140;1884;137975;69921;41.5;21.1
89;2021-06-05;1186;1223;139161;71144;41.9;21.4
89;2021-06-06;23;37;139184;71181;41.9;21.4
89;2021-06-07;2108;1448;141292;72629;42.5;21.9
89;2021-06-08;2195;1448;143487;74077;43.2;22.3
89;2021-06-09;2321;1510;145808;75587;43.9;22.8
89;2021-06-10;2791;1598;148599;77185;44.7;23.2
89;2021-06-11;1950;1746;150549;78931;45.3;23.8
89;2021-06-12;1103;757;151652;79688;45.7;24.0
89;2021-06-13;156;418;151808;80106;45.7;24.1
89;2021-06-14;1311;1825;153119;81931;46.1;24.7
89;2021-06-15;1401;2012;154520;83943;46.5;25.3
89;2021-06-16;1129;2583;155649;86526;46.9;26.1
89;2021-06-17;1431;2335;157080;88861;47.3;26.8
89;2021-06-18;1623;2877;158703;91738;47.8;27.6
89;2021-06-19;687;1660;159390;93398;48.0;28.1
89;2021-06-20;55;125;159445;93523;48.0;28.2
89;2021-06-21;759;1528;160204;95051;48.2;28.6
89;2021-06-22;1048;2679;161252;97730;48.6;29.4
89;2021-06-23;1156;1796;162408;99526;48.9;30.0
89;2021-06-24;1077;1497;163485;101023;49.2;30.4
89;2021-06-25;1008;2425;164493;103448;49.5;31.2
89;2021-06-26;560;2482;165053;105930;49.7;31.9
89;2021-06-27;14;28;165067;105958;49.7;31.9
89;2021-06-28;1033;2493;166100;108451;50.0;32.7
89;2021-06-29;692;2403;166792;110854;50.2;33.4
89;2021-06-30;1084;3182;167876;114036;50.6;34.3
89;2021-07-01;1022;2987;168898;117023;50.9;35.2
89;2021-07-02;1106;2748;170004;119771;51.2;36.1
89;2021-07-03;554;1574;170558;121345;51.4;36.5
89;2021-07-04;11;36;170569;121381;51.4;36.5
89;2021-07-05;1296;1838;171865;123219;51.8;37.1
89;2021-07-06;1050;2312;172915;125531;52.1;37.8
89;2021-07-07;669;1789;173584;127320;52.3;38.3
89;2021-07-08;793;1872;174377;129192;52.5;38.9
89;2021-07-09;1142;2606;175519;131798;52.9;39.7
89;2021-07-10;719;816;176238;132614;53.1;39.9
89;2021-07-11;26;39;176264;132653;53.1;39.9
89;2021-07-12;1423;1899;177687;134552;53.5;40.5
89;2021-07-13;2137;2743;179824;137295;54.1;41.3
89;2021-07-14;314;324;180138;137619;54.2;41.4
89;2021-07-15;2245;3156;182383;140775;54.9;42.4
89;2021-07-16;2391;2863;184774;143638;55.6;43.3
89;2021-07-17;1234;1227;186008;144865;56.0;43.6
89;2021-07-18;276;97;186284;144962;56.1;43.7
89;2021-07-19;1566;2811;187850;147773;56.6;44.5
89;2021-07-20;1929;3283;189779;151056;57.1;45.5
89;2021-07-21;2080;2725;191859;153781;57.8;46.3
89;2021-07-22;2477;2992;194336;156773;58.5;47.2
89;2021-07-23;2478;3106;196814;159879;59.3;48.1
89;2021-07-24;1241;1248;198055;161127;59.6;48.5
89;2021-07-25;69;185;198124;161312;59.7;48.6
89;2021-07-26;1720;2320;199844;163632;60.2;49.3
89;2021-07-27;2345;1911;202189;165543;60.9;49.8
89;2021-07-28;2537;1340;204726;166883;61.6;50.3
89;2021-07-29;2526;1621;207252;168504;62.4;50.7
89;2021-07-30;2678;1624;209930;170128;63.2;51.2
89;2021-07-31;1122;1072;211052;171200;63.6;51.6
89;2021-08-01;69;31;211121;171231;63.6;51.6
89;2021-08-02;1787;1285;212908;172516;64.1;51.9
89;2021-08-03;2489;1255;215397;173771;64.9;52.3
89;2021-08-04;1527;1641;216924;175412;65.3;52.8
89;2021-08-05;1530;1692;218454;177104;65.8;53.3
89;2021-08-06;2169;1652;220623;178756;66.4;53.8
89;2021-08-07;928;1092;221551;179848;66.7;54.2
89;2021-08-08;56;48;221607;179896;66.7;54.2
89;2021-08-09;1089;1174;222696;181070;67.1;54.5
89;2021-08-10;1777;1815;224473;182885;67.6;55.1
89;2021-08-11;1522;1581;225995;184466;68.1;55.5
89;2021-08-12;1352;1389;227347;185855;68.5;56.0
89;2021-08-13;1268;1951;228615;187806;68.8;56.6
89;2021-08-14;523;1021;229138;188827;69.0;56.9
89;2021-08-15;19;43;229157;188870;69.0;56.9
89;2021-08-16;986;1966;230143;190836;69.3;57.5
89;2021-08-17;830;1570;230973;192406;69.6;57.9
89;2021-08-18;609;1897;231582;194303;69.7;58.5
89;2021-08-19;656;1387;232238;195690;69.9;58.9
89;2021-08-20;1008;2263;233246;197953;70.2;59.6
89;2021-08-21;297;1003;233543;198956;70.3;59.9
89;2021-08-22;32;34;233575;198990;70.3;59.9
89;2021-08-23;753;2248;234328;201238;70.6;60.6
89;2021-08-24;836;2367;235164;203605;70.8;61.3
89;2021-08-25;559;1429;235723;205034;71.0;61.7
89;2021-08-26;577;2053;236300;207087;71.2;62.4
89;2021-08-27;778;2261;237078;209348;71.4;63.0
89;2021-08-28;353;1302;237431;210650;71.5;63.4
89;2021-08-29;30;70;237461;210720;71.5;63.5
89;2021-08-30;626;2230;238087;212950;71.7;64.1
89;2021-08-31;597;1625;238684;214575;71.9;64.6
89;2021-09-01;506;1370;239190;215945;72.0;65.0
89;2021-09-02;426;1457;239616;217402;72.2;65.5
89;2021-09-03;575;2090;240191;219492;72.3;66.1
89;2021-09-04;495;998;240686;220490;72.5;66.4
89;2021-09-05;17;17;240703;220507;72.5;66.4
89;2021-09-06;415;1855;241118;222362;72.6;67.0
89;2021-09-07;351;1145;241469;223507;72.7;67.3
89;2021-09-08;325;1012;241794;224519;72.8;67.6
89;2021-09-09;266;956;242060;225475;72.9;67.9
89;2021-09-10;459;1555;242519;227030;73.0;68.4
89;2021-09-11;272;822;242791;227852;73.1;68.6
89;2021-09-12;11;45;242802;227897;73.1;68.6
89;2021-09-13;381;1284;243183;229181;73.2;69.0
89;2021-09-14;342;839;243525;230020;73.3;69.3
90;2020-12-27;0;0;0;0;0.0;0.0
90;2020-12-28;0;0;0;0;0.0;0.0
90;2020-12-29;0;0;0;0;0.0;0.0
90;2020-12-30;1;0;1;0;0.0;0.0
90;2020-12-31;0;0;1;0;0.0;0.0
90;2021-01-01;0;0;1;0;0.0;0.0
90;2021-01-02;1;0;2;0;0.0;0.0
90;2021-01-03;0;0;2;0;0.0;0.0
90;2021-01-04;2;0;4;0;0.0;0.0
90;2021-01-05;0;0;4;0;0.0;0.0
90;2021-01-06;0;0;4;0;0.0;0.0
90;2021-01-07;1;0;5;0;0.0;0.0
90;2021-01-08;170;0;175;0;0.1;0.0
90;2021-01-09;46;0;221;0;0.2;0.0
90;2021-01-10;0;0;221;0;0.2;0.0
90;2021-01-11;200;0;421;0;0.3;0.0
90;2021-01-12;431;1;852;1;0.6;0.0
90;2021-01-13;468;2;1320;3;0.9;0.0
90;2021-01-14;414;2;1734;5;1.2;0.0
90;2021-01-15;404;8;2138;13;1.5;0.0
90;2021-01-16;111;2;2249;15;1.6;0.0
90;2021-01-17;1;0;2250;15;1.6;0.0
90;2021-01-18;365;2;2615;17;1.9;0.0
90;2021-01-19;462;4;3077;21;2.2;0.0
90;2021-01-20;392;2;3469;23;2.5;0.0
90;2021-01-21;351;1;3820;24;2.7;0.0
90;2021-01-22;345;2;4165;26;3.0;0.0
90;2021-01-23;98;0;4263;26;3.0;0.0
90;2021-01-24;0;0;4263;26;3.0;0.0
90;2021-01-25;322;1;4585;27;3.3;0.0
90;2021-01-26;224;0;4809;27;3.4;0.0
90;2021-01-27;255;0;5064;27;3.6;0.0
90;2021-01-28;328;29;5392;56;3.8;0.0
90;2021-01-29;291;155;5683;211;4.1;0.2
90;2021-01-30;176;40;5859;251;4.2;0.2
90;2021-01-31;118;0;5977;251;4.3;0.2
90;2021-02-01;275;103;6252;354;4.5;0.3
90;2021-02-02;290;151;6542;505;4.7;0.4
90;2021-02-03;256;242;6798;747;4.9;0.5
90;2021-02-04;257;293;7055;1040;5.0;0.7
90;2021-02-05;266;262;7321;1302;5.2;0.9
90;2021-02-06;89;59;7410;1361;5.3;1.0
90;2021-02-07;0;0;7410;1361;5.3;1.0
90;2021-02-08;170;205;7580;1566;5.4;1.1
90;2021-02-09;139;157;7719;1723;5.5;1.2
90;2021-02-10;182;27;7901;1750;5.6;1.2
90;2021-02-11;229;95;8130;1845;5.8;1.3
90;2021-02-12;126;231;8256;2076;5.9;1.5
90;2021-02-13;96;40;8352;2116;6.0;1.5
90;2021-02-14;0;0;8352;2116;6.0;1.5
90;2021-02-15;113;244;8465;2360;6.0;1.7
90;2021-02-16;92;249;8557;2609;6.1;1.9
90;2021-02-17;178;170;8735;2779;6.2;2.0
90;2021-02-18;128;198;8863;2977;6.3;2.1
90;2021-02-19;64;211;8927;3188;6.4;2.3
90;2021-02-20;40;62;8967;3250;6.4;2.3
90;2021-02-21;0;0;8967;3250;6.4;2.3
90;2021-02-22;77;270;9044;3520;6.5;2.5
90;2021-02-23;40;197;9084;3717;6.5;2.7
90;2021-02-24;109;251;9193;3968;6.6;2.8
90;2021-02-25;89;254;9282;4222;6.6;3.0
90;2021-02-26;89;335;9371;4557;6.7;3.3
90;2021-02-27;140;147;9511;4704;6.8;3.4
90;2021-02-28;8;98;9519;4802;6.8;3.4
90;2021-03-01;211;205;9730;5007;6.9;3.6
90;2021-03-02;178;247;9908;5254;7.1;3.7
90;2021-03-03;239;323;10147;5577;7.2;4.0
90;2021-03-04;260;255;10407;5832;7.4;4.2
90;2021-03-05;359;252;10766;6084;7.7;4.3
90;2021-03-06;291;97;11057;6181;7.9;4.4
90;2021-03-07;18;1;11075;6182;7.9;4.4
90;2021-03-08;246;223;11321;6405;8.1;4.6
90;2021-03-09;430;153;11751;6558;8.4;4.7
90;2021-03-10;348;194;12099;6752;8.6;4.8
90;2021-03-11;348;116;12447;6868;8.9;4.9
90;2021-03-12;519;129;12966;6997;9.3;5.0
90;2021-03-13;539;48;13505;7045;9.6;5.0
90;2021-03-14;21;0;13526;7045;9.7;5.0
90;2021-03-15;388;117;13914;7162;9.9;5.1
90;2021-03-16;402;100;14316;7262;10.2;5.2
90;2021-03-17;323;76;14639;7338;10.4;5.2
90;2021-03-18;348;78;14987;7416;10.7;5.3
90;2021-03-19;468;78;15455;7494;11.0;5.3
90;2021-03-20;427;48;15882;7542;11.3;5.4
90;2021-03-21;7;1;15889;7543;11.3;5.4
90;2021-03-22;399;30;16288;7573;11.6;5.4
90;2021-03-23;740;76;17028;7649;12.2;5.5
90;2021-03-24;817;45;17845;7694;12.7;5.5
90;2021-03-25;949;75;18794;7769;13.4;5.5
90;2021-03-26;1227;61;20021;7830;14.3;5.6
90;2021-03-27;439;34;20460;7864;14.6;5.6
90;2021-03-28;34;0;20494;7864;14.6;5.6
90;2021-03-29;712;142;21206;8006;15.1;5.7
90;2021-03-30;675;155;21881;8161;15.6;5.8
90;2021-03-31;728;84;22609;8245;16.1;5.9
90;2021-04-01;602;123;23211;8368;16.6;6.0
90;2021-04-02;657;98;23868;8466;17.0;6.0
90;2021-04-03;370;40;24238;8506;17.3;6.1
90;2021-04-04;1;0;24239;8506;17.3;6.1
90;2021-04-05;0;0;24239;8506;17.3;6.1
90;2021-04-06;529;250;24768;8756;17.7;6.2
90;2021-04-07;485;266;25253;9022;18.0;6.4
90;2021-04-08;510;246;25763;9268;18.4;6.6
90;2021-04-09;752;266;26515;9534;18.9;6.8
90;2021-04-10;224;8;26739;9542;19.1;6.8
90;2021-04-11;7;0;26746;9542;19.1;6.8
90;2021-04-12;557;480;27303;10022;19.5;7.2
90;2021-04-13;632;531;27935;10553;19.9;7.5
90;2021-04-14;527;350;28462;10903;20.3;7.8
90;2021-04-15;905;291;29367;11194;21.0;8.0
90;2021-04-16;370;404;29737;11598;21.2;8.3
90;2021-04-17;189;128;29926;11726;21.4;8.4
90;2021-04-18;21;0;29947;11726;21.4;8.4
90;2021-04-19;435;571;30382;12297;21.7;8.8
90;2021-04-20;494;617;30876;12914;22.0;9.2
90;2021-04-21;353;497;31229;13411;22.3;9.6
90;2021-04-22;569;602;31798;14013;22.7;10.0
90;2021-04-23;504;741;32302;14754;23.0;10.5
90;2021-04-24;305;202;32607;14956;23.3;10.7
90;2021-04-25;1;0;32608;14956;23.3;10.7
90;2021-04-26;509;750;33117;15706;23.6;11.2
90;2021-04-27;641;679;33758;16385;24.1;11.7
90;2021-04-28;765;445;34523;16830;24.6;12.0
90;2021-04-29;1003;449;35526;17279;25.3;12.3
90;2021-04-30;1120;460;36646;17739;26.1;12.7
90;2021-05-01;60;42;36706;17781;26.2;12.7
90;2021-05-02;4;0;36710;17781;26.2;12.7
90;2021-05-03;904;285;37614;18066;26.8;12.9
90;2021-05-04;784;637;38398;18703;27.4;13.3
90;2021-05-05;892;504;39290;19207;28.0;13.7
90;2021-05-06;852;626;40142;19833;28.6;14.2
90;2021-05-07;440;508;40582;20341;29.0;14.5
90;2021-05-08;26;27;40608;20368;29.0;14.5
90;2021-05-09;5;33;40613;20401;29.0;14.6
90;2021-05-10;506;581;41119;20982;29.3;15.0
90;2021-05-11;778;638;41897;21620;29.9;15.4
90;2021-05-12;532;598;42429;22218;30.3;15.9
90;2021-05-13;1114;265;43543;22483;31.1;16.0
90;2021-05-14;865;403;44408;22886;31.7;16.3
90;2021-05-15;14;125;44422;23011;31.7;16.4
90;2021-05-16;2;7;44424;23018;31.7;16.4
90;2021-05-17;793;290;45217;23308;32.3;16.6
90;2021-05-18;1024;473;46241;23781;33.0;17.0
90;2021-05-19;1265;384;47506;24165;33.9;17.2
90;2021-05-20;1201;270;48707;24435;34.8;17.4
90;2021-05-21;1265;432;49972;24867;35.7;17.7
90;2021-05-22;9;131;49981;24998;35.7;17.8
90;2021-05-23;4;0;49985;24998;35.7;17.8
90;2021-05-24;368;265;50353;25263;35.9;18.0
90;2021-05-25;636;791;50989;26054;36.4;18.6
90;2021-05-26;630;568;51619;26622;36.8;19.0
90;2021-05-27;963;380;52582;27002;37.5;19.3
90;2021-05-28;668;827;53250;27829;38.0;19.9
90;2021-05-29;93;296;53343;28125;38.1;20.1
90;2021-05-30;4;1;53347;28126;38.1;20.1
90;2021-05-31;809;713;54156;28839;38.6;20.6
90;2021-06-01;969;740;55125;29579;39.3;21.1
90;2021-06-02;760;676;55885;30255;39.9;21.6
90;2021-06-03;758;743;56643;30998;40.4;22.1
90;2021-06-04;833;971;57476;31969;41.0;22.8
90;2021-06-05;54;427;57530;32396;41.1;23.1
90;2021-06-06;1;16;57531;32412;41.1;23.1
90;2021-06-07;1265;1081;58796;33493;42.0;23.9
90;2021-06-08;1482;936;60278;34429;43.0;24.6
90;2021-06-09;965;659;61243;35088;43.7;25.0
90;2021-06-10;626;498;61869;35586;44.1;25.4
90;2021-06-11;787;1127;62656;36713;44.7;26.2
90;2021-06-12;806;297;63462;37010;45.3;26.4
90;2021-06-13;10;12;63472;37022;45.3;26.4
90;2021-06-14;265;974;63737;37996;45.5;27.1
90;2021-06-15;567;882;64304;38878;45.9;27.7
90;2021-06-16;510;548;64814;39426;46.2;28.1
90;2021-06-17;444;638;65258;40064;46.6;28.6
90;2021-06-18;624;998;65882;41062;47.0;29.3
90;2021-06-19;450;170;66332;41232;47.3;29.4
90;2021-06-20;0;28;66332;41260;47.3;29.4
90;2021-06-21;257;1176;66589;42436;47.5;30.3
90;2021-06-22;384;950;66973;43386;47.8;31.0
90;2021-06-23;415;633;67388;44019;48.1;31.4
90;2021-06-24;318;600;67706;44619;48.3;31.8
90;2021-06-25;431;1270;68137;45889;48.6;32.7
90;2021-06-26;420;561;68557;46450;48.9;33.1
90;2021-06-27;2;6;68559;46456;48.9;33.1
90;2021-06-28;378;1299;68937;47755;49.2;34.1
90;2021-06-29;305;1307;69242;49062;49.4;35.0
90;2021-06-30;485;1228;69727;50290;49.8;35.9
90;2021-07-01;355;920;70082;51210;50.0;36.5
90;2021-07-02;507;1205;70589;52415;50.4;37.4
90;2021-07-03;52;129;70641;52544;50.4;37.5
90;2021-07-04;0;21;70641;52565;50.4;37.5
90;2021-07-05;401;1014;71042;53579;50.7;38.2
90;2021-07-06;514;971;71556;54550;51.1;38.9
90;2021-07-07;381;997;71937;55547;51.3;39.6
90;2021-07-08;304;607;72241;56154;51.5;40.1
90;2021-07-09;440;949;72681;57103;51.9;40.7
90;2021-07-10;32;91;72713;57194;51.9;40.8
90;2021-07-11;7;17;72720;57211;51.9;40.8
90;2021-07-12;246;1076;72966;58287;52.1;41.6
90;2021-07-13;474;1162;73440;59449;52.4;42.4
90;2021-07-14;4;9;73444;59458;52.4;42.4
90;2021-07-15;790;1456;74234;60914;53.0;43.5
90;2021-07-16;827;1681;75061;62595;53.6;44.7
90;2021-07-17;485;955;75546;63550;53.9;45.3
90;2021-07-18;4;2;75550;63552;53.9;45.3
90;2021-07-19;1187;1460;76737;65012;54.8;46.4
90;2021-07-20;1339;1135;78076;66147;55.7;47.2
90;2021-07-21;1398;983;79474;67130;56.7;47.9
90;2021-07-22;1126;697;80600;67827;57.5;48.4
90;2021-07-23;970;1022;81570;68849;58.2;49.1
90;2021-07-24;121;66;81691;68915;58.3;49.2
90;2021-07-25;2;1;81693;68916;58.3;49.2
90;2021-07-26;1072;801;82765;69717;59.1;49.7
90;2021-07-27;1085;747;83850;70464;59.8;50.3
90;2021-07-28;824;712;84674;71176;60.4;50.8
90;2021-07-29;840;441;85514;71617;61.0;51.1
90;2021-07-30;786;504;86300;72121;61.6;51.5
90;2021-07-31;486;313;86786;72434;61.9;51.7
90;2021-08-01;0;3;86786;72437;61.9;51.7
90;2021-08-02;847;510;87633;72947;62.5;52.1
90;2021-08-03;929;494;88562;73441;63.2;52.4
90;2021-08-04;1067;459;89629;73900;64.0;52.7
90;2021-08-05;520;221;90149;74121;64.3;52.9
90;2021-08-06;640;390;90789;74511;64.8;53.2
90;2021-08-07;36;63;90825;74574;64.8;53.2
90;2021-08-08;18;3;90843;74577;64.8;53.2
90;2021-08-09;723;946;91566;75523;65.3;53.9
90;2021-08-10;535;1152;92101;76675;65.7;54.7
90;2021-08-11;537;947;92638;77622;66.1;55.4
90;2021-08-12;446;819;93084;78441;66.4;56.0
90;2021-08-13;532;896;93616;79337;66.8;56.6
90;2021-08-14;30;99;93646;79436;66.8;56.7
90;2021-08-15;2;8;93648;79444;66.8;56.7
90;2021-08-16;449;633;94097;80077;67.1;57.1
90;2021-08-17;344;1167;94441;81244;67.4;58.0
90;2021-08-18;272;879;94713;82123;67.6;58.6
90;2021-08-19;240;627;94953;82750;67.8;59.0
90;2021-08-20;355;771;95308;83521;68.0;59.6
90;2021-08-21;32;71;95340;83592;68.0;59.6
90;2021-08-22;0;7;95340;83599;68.0;59.7
90;2021-08-23;305;489;95645;84088;68.2;60.0
90;2021-08-24;333;957;95978;85045;68.5;60.7
90;2021-08-25;249;915;96227;85960;68.7;61.3
90;2021-08-26;241;673;96468;86633;68.8;61.8
90;2021-08-27;270;737;96738;87370;69.0;62.3
90;2021-08-28;20;64;96758;87434;69.0;62.4
90;2021-08-29;2;6;96760;87440;69.0;62.4
90;2021-08-30;319;639;97079;88079;69.3;62.8
90;2021-08-31;275;1024;97354;89103;69.5;63.6
90;2021-09-01;266;787;97620;89890;69.7;64.1
90;2021-09-02;156;407;97776;90297;69.8;64.4
90;2021-09-03;222;530;97998;90827;69.9;64.8
90;2021-09-04;55;156;98053;90983;70.0;64.9
90;2021-09-05;9;25;98062;91008;70.0;64.9
90;2021-09-06;133;740;98195;91748;70.1;65.5
90;2021-09-07;219;674;98414;92422;70.2;65.9
90;2021-09-08;219;652;98633;93074;70.4;66.4
90;2021-09-09;187;320;98820;93394;70.5;66.6
90;2021-09-10;188;551;99008;93945;70.6;67.0
90;2021-09-11;12;12;99020;93957;70.7;67.0
90;2021-09-12;0;7;99020;93964;70.7;67.0
90;2021-09-13;211;513;99231;94477;70.8;67.4
90;2021-09-14;156;451;99387;94928;70.9;67.7
91;2020-12-27;0;0;0;0;0.0;0.0
91;2020-12-28;0;0;0;0;0.0;0.0
91;2020-12-29;1;0;1;0;0.0;0.0
91;2020-12-30;1;0;2;0;0.0;0.0
91;2020-12-31;0;0;2;0;0.0;0.0
91;2021-01-01;5;0;7;0;0.0;0.0
91;2021-01-02;0;0;7;0;0.0;0.0
91;2021-01-03;0;0;7;0;0.0;0.0
91;2021-01-04;1;0;8;0;0.0;0.0
91;2021-01-05;71;0;79;0;0.0;0.0
91;2021-01-06;188;2;267;2;0.0;0.0
91;2021-01-07;523;6;790;8;0.1;0.0
91;2021-01-08;394;1;1184;9;0.1;0.0
91;2021-01-09;89;2;1273;11;0.1;0.0
91;2021-01-10;1;0;1274;11;0.1;0.0
91;2021-01-11;595;2;1869;13;0.1;0.0
91;2021-01-12;899;8;2768;21;0.2;0.0
91;2021-01-13;703;7;3471;28;0.3;0.0
91;2021-01-14;721;11;4192;39;0.3;0.0
91;2021-01-15;569;4;4761;43;0.4;0.0
91;2021-01-16;316;7;5077;50;0.4;0.0
91;2021-01-17;118;1;5195;51;0.4;0.0
91;2021-01-18;991;3;6186;54;0.5;0.0
91;2021-01-19;1873;12;8059;66;0.6;0.0
91;2021-01-20;2379;17;10438;83;0.8;0.0
91;2021-01-21;2105;15;12543;98;1.0;0.0
91;2021-01-22;1861;10;14404;108;1.1;0.0
91;2021-01-23;413;1;14817;109;1.1;0.0
91;2021-01-24;53;0;14870;109;1.1;0.0
91;2021-01-25;1049;3;15919;112;1.2;0.0
91;2021-01-26;1579;35;17498;147;1.3;0.0
91;2021-01-27;2423;90;19921;237;1.5;0.0
91;2021-01-28;1986;176;21907;413;1.7;0.0
91;2021-01-29;1749;59;23656;472;1.8;0.0
91;2021-01-30;422;6;24078;478;1.8;0.0
91;2021-01-31;54;0;24132;478;1.8;0.0
91;2021-02-01;965;213;25097;691;1.9;0.1
91;2021-02-02;858;347;25955;1038;2.0;0.1
91;2021-02-03;938;541;26893;1579;2.0;0.1
91;2021-02-04;884;267;27777;1846;2.1;0.1
91;2021-02-05;1037;330;28814;2176;2.2;0.2
91;2021-02-06;338;83;29152;2259;2.2;0.2
91;2021-02-07;14;0;29166;2259;2.2;0.2
91;2021-02-08;906;532;30072;2791;2.3;0.2
91;2021-02-09;963;700;31035;3491;2.4;0.3
91;2021-02-10;1065;935;32100;4426;2.4;0.3
91;2021-02-11;1123;939;33223;5365;2.5;0.4
91;2021-02-12;1063;743;34286;6108;2.6;0.5
91;2021-02-13;331;317;34617;6425;2.6;0.5
91;2021-02-14;18;102;34635;6527;2.6;0.5
91;2021-02-15;368;886;35003;7413;2.7;0.6
91;2021-02-16;555;1427;35558;8840;2.7;0.7
91;2021-02-17;814;2258;36372;11098;2.8;0.8
91;2021-02-18;942;1718;37314;12816;2.8;1.0
91;2021-02-19;868;1142;38182;13958;2.9;1.1
91;2021-02-20;167;256;38349;14214;2.9;1.1
91;2021-02-21;13;39;38362;14253;2.9;1.1
91;2021-02-22;334;897;38696;15150;2.9;1.1
91;2021-02-23;397;832;39093;15982;3.0;1.2
91;2021-02-24;473;819;39566;16801;3.0;1.3
91;2021-02-25;735;802;40301;17603;3.1;1.3
91;2021-02-26;1097;832;41398;18435;3.1;1.4
91;2021-02-27;611;245;42009;18680;3.2;1.4
91;2021-02-28;65;59;42074;18739;3.2;1.4
91;2021-03-01;931;845;43005;19584;3.3;1.5
91;2021-03-02;1261;921;44266;20505;3.4;1.6
91;2021-03-03;1468;1100;45734;21605;3.5;1.6
91;2021-03-04;2433;1005;48167;22610;3.7;1.7
91;2021-03-05;3354;989;51521;23599;3.9;1.8
91;2021-03-06;4911;408;56432;24007;4.3;1.8
91;2021-03-07;3208;115;59640;24122;4.5;1.8
91;2021-03-08;1473;914;61113;25036;4.6;1.9
91;2021-03-09;2625;882;63738;25918;4.8;2.0
91;2021-03-10;2623;955;66361;26873;5.0;2.0
91;2021-03-11;3786;1061;70147;27934;5.3;2.1
91;2021-03-12;4790;988;74937;28922;5.7;2.2
91;2021-03-13;5259;326;80196;29248;6.1;2.2
91;2021-03-14;304;28;80500;29276;6.1;2.2
91;2021-03-15;2985;425;83485;29701;6.3;2.3
91;2021-03-16;2617;374;86102;30075;6.5;2.3
91;2021-03-17;2230;340;88332;30415;6.7;2.3
91;2021-03-18;2393;407;90725;30822;6.9;2.3
91;2021-03-19;4093;381;94818;31203;7.2;2.4
91;2021-03-20;3609;178;98427;31381;7.5;2.4
91;2021-03-21;138;21;98565;31402;7.5;2.4
91;2021-03-22;3150;591;101715;31993;7.7;2.4
91;2021-03-23;4140;684;105855;32677;8.0;2.5
91;2021-03-24;3936;495;109791;33172;8.3;2.5
91;2021-03-25;5062;524;114853;33696;8.7;2.6
91;2021-03-26;5550;549;120403;34245;9.1;2.6
91;2021-03-27;4984;343;125387;34588;9.5;2.6
91;2021-03-28;282;57;125669;34645;9.5;2.6
91;2021-03-29;3304;1023;128973;35668;9.8;2.7
91;2021-03-30;4426;1214;133399;36882;10.1;2.8
91;2021-03-31;3368;1327;136767;38209;10.4;2.9
91;2021-04-01;3740;1684;140507;39893;10.6;3.0
91;2021-04-02;3890;2308;144397;42201;10.9;3.2
91;2021-04-03;1874;2855;146271;45056;11.1;3.4
91;2021-04-04;648;1318;146919;46374;11.1;3.5
91;2021-04-05;562;131;147481;46505;11.2;3.5
91;2021-04-06;3402;1779;150883;48284;11.4;3.7
91;2021-04-07;3421;1926;154304;50210;11.7;3.8
91;2021-04-08;4665;2152;158969;52362;12.0;4.0
91;2021-04-09;5349;2158;164318;54520;12.5;4.1
91;2021-04-10;2732;2809;167050;57329;12.7;4.3
91;2021-04-11;191;141;167241;57470;12.7;4.4
91;2021-04-12;2854;2277;170095;59747;12.9;4.5
91;2021-04-13;3757;2642;173852;62389;13.2;4.7
91;2021-04-14;3708;2319;177560;64708;13.5;4.9
91;2021-04-15;4477;2512;182037;67220;13.8;5.1
91;2021-04-16;4550;2798;186587;70018;14.1;5.3
91;2021-04-17;2983;2072;189570;72090;14.4;5.5
91;2021-04-18;269;73;189839;72163;14.4;5.5
91;2021-04-19;2307;2731;192146;74894;14.6;5.7
91;2021-04-20;3179;2978;195325;77872;14.8;5.9
91;2021-04-21;2989;2894;198314;80766;15.0;6.1
91;2021-04-22;3169;3365;201483;84131;15.3;6.4
91;2021-04-23;3717;3329;205200;87460;15.6;6.6
91;2021-04-24;3482;3730;208682;91190;15.8;6.9
91;2021-04-25;2618;643;211300;91833;16.0;7.0
91;2021-04-26;3487;2797;214787;94630;16.3;7.2
91;2021-04-27;4488;2921;219275;97551;16.6;7.4
91;2021-04-28;4569;2693;223844;100244;17.0;7.6
91;2021-04-29;5746;3057;229590;103301;17.4;7.8
91;2021-04-30;5387;2845;234977;106146;17.8;8.0
91;2021-05-01;3517;520;238494;106666;18.1;8.1
91;2021-05-02;628;132;239122;106798;18.1;8.1
91;2021-05-03;5202;2289;244324;109087;18.5;8.3
91;2021-05-04;5591;3171;249915;112258;18.9;8.5
91;2021-05-05;4854;2872;254769;115130;19.3;8.7
91;2021-05-06;5250;3374;260019;118504;19.7;9.0
91;2021-05-07;6121;3739;266140;122243;20.2;9.3
91;2021-05-08;6520;964;272660;123207;20.7;9.3
91;2021-05-09;4803;562;277463;123769;21.0;9.4
91;2021-05-10;5904;3004;283367;126773;21.5;9.6
91;2021-05-11;6829;3834;290196;130607;22.0;9.9
91;2021-05-12;5898;3438;296094;134045;22.4;10.2
91;2021-05-13;4826;1081;300920;135126;22.8;10.2
91;2021-05-14;6548;2395;307468;137521;23.3;10.4
91;2021-05-15;7795;1926;315263;139447;23.9;10.6
91;2021-05-16;4584;371;319847;139818;24.2;10.6
91;2021-05-17;6952;1703;326799;141521;24.8;10.7
91;2021-05-18;8121;1738;334920;143259;25.4;10.9
91;2021-05-19;7100;1695;342020;144954;25.9;11.0
91;2021-05-20;8203;2142;350223;147096;26.5;11.1
91;2021-05-21;8147;2578;358370;149674;27.2;11.3
91;2021-05-22;7664;1537;366034;151211;27.7;11.5
91;2021-05-23;4799;534;370833;151745;28.1;11.5
91;2021-05-24;5018;597;375851;152342;28.5;11.5
91;2021-05-25;7628;2652;383479;154994;29.1;11.7
91;2021-05-26;6874;2938;390353;157932;29.6;12.0
91;2021-05-27;7974;3438;398327;161370;30.2;12.2
91;2021-05-28;7537;4322;405864;165692;30.8;12.6
91;2021-05-29;9304;3500;415168;169192;31.5;12.8
91;2021-05-30;5953;961;421121;170153;31.9;12.9
91;2021-05-31;6742;3698;427863;173851;32.4;13.2
91;2021-06-01;7788;4763;435651;178614;33.0;13.5
91;2021-06-02;7453;3947;443104;182561;33.6;13.8
91;2021-06-03;7861;4778;450965;187339;34.2;14.2
91;2021-06-04;7191;5719;458156;193058;34.7;14.6
91;2021-06-05;6389;5819;464545;198877;35.2;15.1
91;2021-06-06;4088;2512;468633;201389;35.5;15.3
91;2021-06-07;5882;5479;474515;206868;36.0;15.7
91;2021-06-08;7044;5794;481559;212662;36.5;16.1
91;2021-06-09;6473;5142;488032;217804;37.0;16.5
91;2021-06-10;7181;5778;495213;223582;37.5;16.9
91;2021-06-11;6545;7109;501758;230691;38.0;17.5
91;2021-06-12;6223;7365;507981;238056;38.5;18.0
91;2021-06-13;2852;2315;510833;240371;38.7;18.2
91;2021-06-14;4225;7194;515058;247565;39.0;18.8
91;2021-06-15;5576;7259;520634;254824;39.5;19.3
91;2021-06-16;5304;6445;525938;261269;39.9;19.8
91;2021-06-17;6251;7133;532189;268402;40.3;20.3
91;2021-06-18;4633;8738;536822;277140;40.7;21.0
91;2021-06-19;4192;7154;541014;284294;41.0;21.5
91;2021-06-20;1009;4211;542023;288505;41.1;21.9
91;2021-06-21;3232;7237;545255;295742;41.3;22.4
91;2021-06-22;4161;9232;549416;304974;41.6;23.1
91;2021-06-23;4318;7958;553734;312932;42.0;23.7
91;2021-06-24;4911;8483;558645;321415;42.3;24.4
91;2021-06-25;3479;9166;562124;330581;42.6;25.1
91;2021-06-26;2988;8033;565112;338614;42.8;25.7
91;2021-06-27;549;2996;565661;341610;42.9;25.9
91;2021-06-28;3129;8241;568790;349851;43.1;26.5
91;2021-06-29;3587;9634;572377;359485;43.4;27.2
91;2021-06-30;3956;8700;576333;368185;43.7;27.9
91;2021-07-01;4100;8871;580433;377056;44.0;28.6
91;2021-07-02;3777;9317;584210;386373;44.3;29.3
91;2021-07-03;2882;9791;587092;396164;44.5;30.0
91;2021-07-04;852;4725;587944;400889;44.6;30.4
91;2021-07-05;2663;7259;590607;408148;44.8;30.9
91;2021-07-06;3759;9430;594366;417578;45.0;31.6
91;2021-07-07;3810;8593;598176;426171;45.3;32.3
91;2021-07-08;4363;8993;602539;435164;45.7;33.0
91;2021-07-09;3967;9952;606506;445116;46.0;33.7
91;2021-07-10;3400;10237;609906;455353;46.2;34.5
91;2021-07-11;985;4803;610891;460156;46.3;34.9
91;2021-07-12;2804;8890;613695;469046;46.5;35.5
91;2021-07-13;4465;10391;618160;479437;46.9;36.3
91;2021-07-14;2302;3582;620462;483019;47.0;36.6
91;2021-07-15;4543;9827;625005;492846;47.4;37.4
91;2021-07-16;6289;9760;631294;502606;47.8;38.1
91;2021-07-17;5752;9065;637046;511671;48.3;38.8
91;2021-07-18;3399;3683;640445;515354;48.5;39.1
91;2021-07-19;3776;7532;644221;522886;48.8;39.6
91;2021-07-20;6074;9308;650295;532194;49.3;40.3
91;2021-07-21;6253;7726;656548;539920;49.8;40.9
91;2021-07-22;6501;8400;663049;548320;50.3;41.6
91;2021-07-23;6922;8281;669971;556601;50.8;42.2
91;2021-07-24;5022;6477;674993;563078;51.2;42.7
91;2021-07-25;3267;1403;678260;564481;51.4;42.8
91;2021-07-26;4937;6595;683197;571076;51.8;43.3
91;2021-07-27;7569;7082;690766;578158;52.4;43.8
91;2021-07-28;7366;5918;698132;584076;52.9;44.3
91;2021-07-29;7398;5909;705530;589985;53.5;44.7
91;2021-07-30;6914;5779;712444;595764;54.0;45.2
91;2021-07-31;4911;4784;717355;600548;54.4;45.5
91;2021-08-01;2661;1337;720016;601885;54.6;45.6
91;2021-08-02;4737;4232;724753;606117;54.9;45.9
91;2021-08-03;5838;4693;730591;610810;55.4;46.3
91;2021-08-04;5696;4140;736287;614950;55.8;46.6
91;2021-08-05;5600;4266;741887;619216;56.2;46.9
91;2021-08-06;5712;5630;747599;624846;56.7;47.4
91;2021-08-07;3073;2416;750672;627262;56.9;47.5
91;2021-08-08;599;1102;751271;628364;56.9;47.6
91;2021-08-09;3790;3972;755061;632336;57.2;47.9
91;2021-08-10;4616;4548;759677;636884;57.6;48.3
91;2021-08-11;4126;4484;763803;641368;57.9;48.6
91;2021-08-12;4053;4776;767856;646144;58.2;49.0
91;2021-08-13;4291;4859;772147;651003;58.5;49.3
91;2021-08-14;2240;2400;774387;653403;58.7;49.5
91;2021-08-15;94;171;774481;653574;58.7;49.5
91;2021-08-16;2936;4656;777417;658230;58.9;49.9
91;2021-08-17;3615;5814;781032;664044;59.2;50.3
91;2021-08-18;3022;5791;784054;669835;59.4;50.8
91;2021-08-19;3469;5774;787523;675609;59.7;51.2
91;2021-08-20;3197;6954;790720;682563;59.9;51.7
91;2021-08-21;2456;3349;793176;685912;60.1;52.0
91;2021-08-22;736;1300;793912;687212;60.2;52.1
91;2021-08-23;2399;5307;796311;692519;60.4;52.5
91;2021-08-24;2966;6957;799277;699476;60.6;53.0
91;2021-08-25;3393;6708;802670;706184;60.8;53.5
91;2021-08-26;2728;5946;805398;712130;61.0;54.0
91;2021-08-27;2816;7499;808214;719629;61.3;54.5
91;2021-08-28;2370;4832;810584;724461;61.4;54.9
91;2021-08-29;1762;2783;812346;727244;61.6;55.1
91;2021-08-30;1762;5608;814108;732852;61.7;55.5
91;2021-08-31;2229;6092;816337;738944;61.9;56.0
91;2021-09-01;2413;4601;818750;743545;62.1;56.4
91;2021-09-02;1888;3896;820638;747441;62.2;56.7
91;2021-09-03;2133;4964;822771;752405;62.4;57.0
91;2021-09-04;2059;4229;824830;756634;62.5;57.3
91;2021-09-05;733;940;825563;757574;62.6;57.4
91;2021-09-06;1653;3498;827216;761072;62.7;57.7
91;2021-09-07;1533;3276;828749;764348;62.8;57.9
91;2021-09-08;1770;3540;830519;767888;62.9;58.2
91;2021-09-09;1273;3358;831792;771246;63.0;58.5
91;2021-09-10;1776;4032;833568;775278;63.2;58.8
91;2021-09-11;1725;4456;835293;779734;63.3;59.1
91;2021-09-12;623;1023;835916;780757;63.4;59.2
91;2021-09-13;1248;2890;837164;783647;63.5;59.4
91;2021-09-14;1731;3466;838895;787113;63.6;59.7
92;2020-12-27;32;0;32;0;0.0;0.0
92;2020-12-28;21;0;53;0;0.0;0.0
92;2020-12-29;62;0;115;0;0.0;0.0
92;2020-12-30;46;0;161;0;0.0;0.0
92;2020-12-31;9;0;170;0;0.0;0.0
92;2021-01-01;26;0;196;0;0.0;0.0
92;2021-01-02;8;0;204;0;0.0;0.0
92;2021-01-03;11;0;215;0;0.0;0.0
92;2021-01-04;71;1;286;1;0.0;0.0
92;2021-01-05;234;1;520;2;0.0;0.0
92;2021-01-06;416;3;936;5;0.1;0.0
92;2021-01-07;671;4;1607;9;0.1;0.0
92;2021-01-08;845;5;2452;14;0.2;0.0
92;2021-01-09;126;1;2578;15;0.2;0.0
92;2021-01-10;47;0;2625;15;0.2;0.0
92;2021-01-11;852;5;3477;20;0.2;0.0
92;2021-01-12;1303;9;4780;29;0.3;0.0
92;2021-01-13;1244;13;6024;42;0.4;0.0
92;2021-01-14;1222;16;7246;58;0.4;0.0
92;2021-01-15;984;7;8230;65;0.5;0.0
92;2021-01-16;183;1;8413;66;0.5;0.0
92;2021-01-17;28;0;8441;66;0.5;0.0
92;2021-01-18;1549;20;9990;86;0.6;0.0
92;2021-01-19;1567;20;11557;106;0.7;0.0
92;2021-01-20;1815;11;13372;117;0.8;0.0
92;2021-01-21;3448;21;16820;138;1.0;0.0
92;2021-01-22;2614;40;19434;178;1.2;0.0
92;2021-01-23;146;0;19580;178;1.2;0.0
92;2021-01-24;28;0;19608;178;1.2;0.0
92;2021-01-25;856;13;20464;191;1.3;0.0
92;2021-01-26;1216;10;21680;201;1.3;0.0
92;2021-01-27;2221;90;23901;291;1.5;0.0
92;2021-01-28;4195;176;28096;467;1.7;0.0
92;2021-01-29;2719;231;30815;698;1.9;0.0
92;2021-01-30;325;11;31140;709;1.9;0.0
92;2021-01-31;30;1;31170;710;1.9;0.0
92;2021-02-01;868;290;32038;1000;2.0;0.1
92;2021-02-02;1058;319;33096;1319;2.1;0.1
92;2021-02-03;1004;411;34100;1730;2.1;0.1
92;2021-02-04;1048;485;35148;2215;2.2;0.1
92;2021-02-05;1335;457;36483;2672;2.3;0.2
92;2021-02-06;121;18;36604;2690;2.3;0.2
92;2021-02-07;20;13;36624;2703;2.3;0.2
92;2021-02-08;579;624;37203;3327;2.3;0.2
92;2021-02-09;1070;1147;38273;4474;2.4;0.3
92;2021-02-10;1078;1191;39351;5665;2.4;0.4
92;2021-02-11;1509;1692;40860;7357;2.5;0.5
92;2021-02-12;1420;1371;42280;8728;2.6;0.5
92;2021-02-13;77;57;42357;8785;2.6;0.5
92;2021-02-14;26;0;42383;8785;2.6;0.5
92;2021-02-15;573;1227;42956;10012;2.7;0.6
92;2021-02-16;787;1609;43743;11621;2.7;0.7
92;2021-02-17;622;1474;44365;13095;2.7;0.8
92;2021-02-18;1574;2917;45939;16012;2.8;1.0
92;2021-02-19;1733;2269;47672;18281;3.0;1.1
92;2021-02-20;145;337;47817;18618;3.0;1.2
92;2021-02-21;37;49;47854;18667;3.0;1.2
92;2021-02-22;498;964;48352;19631;3.0;1.2
92;2021-02-23;732;1068;49084;20699;3.0;1.3
92;2021-02-24;614;1017;49698;21716;3.1;1.3
92;2021-02-25;924;1421;50622;23137;3.1;1.4
92;2021-02-26;1459;1118;52081;24255;3.2;1.5
92;2021-02-27;504;167;52585;24422;3.3;1.5
92;2021-02-28;68;44;52653;24466;3.3;1.5
92;2021-03-01;1104;813;53757;25279;3.3;1.6
92;2021-03-02;1976;1076;55733;26355;3.5;1.6
92;2021-03-03;2798;897;58531;27252;3.6;1.7
92;2021-03-04;3597;1267;62128;28519;3.8;1.8
92;2021-03-05;4980;1450;67108;29969;4.2;1.9
92;2021-03-06;5719;318;72827;30287;4.5;1.9
92;2021-03-07;2901;228;75728;30515;4.7;1.9
92;2021-03-08;2421;691;78149;31206;4.8;1.9
92;2021-03-09;3442;873;81591;32079;5.1;2.0
92;2021-03-10;3949;873;85540;32952;5.3;2.0
92;2021-03-11;5023;1293;90563;34245;5.6;2.1
92;2021-03-12;6774;1470;97337;35715;6.0;2.2
92;2021-03-13;5161;234;102498;35949;6.4;2.2
92;2021-03-14;1742;76;104240;36025;6.5;2.2
92;2021-03-15;3807;584;108047;36609;6.7;2.3
92;2021-03-16;3701;563;111748;37172;6.9;2.3
92;2021-03-17;3879;418;115627;37590;7.2;2.3
92;2021-03-18;4128;735;119755;38325;7.4;2.4
92;2021-03-19;5928;712;125683;39037;7.8;2.4
92;2021-03-20;2538;74;128221;39111;7.9;2.4
92;2021-03-21;153;29;128374;39140;8.0;2.4
92;2021-03-22;4116;475;132490;39615;8.2;2.5
92;2021-03-23;6104;858;138594;40473;8.6;2.5
92;2021-03-24;6380;652;144974;41125;9.0;2.5
92;2021-03-25;8443;641;153417;41766;9.5;2.6
92;2021-03-26;8356;889;161773;42655;10.0;2.6
92;2021-03-27;2836;275;164609;42930;10.2;2.7
92;2021-03-28;543;38;165152;42968;10.2;2.7
92;2021-03-29;4665;1054;169817;44022;10.5;2.7
92;2021-03-30;6394;1542;176211;45564;10.9;2.8
92;2021-03-31;5547;2233;181758;47797;11.3;3.0
92;2021-04-01;6271;3661;188029;51458;11.7;3.2
92;2021-04-02;5637;3409;193666;54867;12.0;3.4
92;2021-04-03;875;1410;194541;56277;12.1;3.5
92;2021-04-04;492;1053;195033;57330;12.1;3.6
92;2021-04-05;814;157;195847;57487;12.1;3.6
92;2021-04-06;3665;1945;199512;59432;12.4;3.7
92;2021-04-07;4999;2885;204511;62317;12.7;3.9
92;2021-04-08;5985;3181;210496;65498;13.0;4.1
92;2021-04-09;8038;3046;218534;68544;13.5;4.2
92;2021-04-10;2638;1288;221172;69832;13.7;4.3
92;2021-04-11;160;805;221332;70637;13.7;4.4
92;2021-04-12;3687;2514;225019;73151;13.9;4.5
92;2021-04-13;4385;4418;229404;77569;14.2;4.8
92;2021-04-14;4868;4036;234272;81605;14.5;5.1
92;2021-04-15;5303;3949;239575;85554;14.8;5.3
92;2021-04-16;5076;3856;244651;89410;15.2;5.5
92;2021-04-17;1805;1188;246456;90598;15.3;5.6
92;2021-04-18;350;94;246806;90692;15.3;5.6
92;2021-04-19;2815;2840;249621;93532;15.5;5.8
92;2021-04-20;4194;3756;253815;97288;15.7;6.0
92;2021-04-21;4616;4515;258431;101803;16.0;6.3
92;2021-04-22;4662;5119;263093;106922;16.3;6.6
92;2021-04-23;5248;4696;268341;111618;16.6;6.9
92;2021-04-24;4941;1901;273282;113519;16.9;7.0
92;2021-04-25;1792;148;275074;113667;17.0;7.0
92;2021-04-26;4001;3617;279075;117284;17.3;7.3
92;2021-04-27;6047;5254;285122;122538;17.7;7.6
92;2021-04-28;7381;4488;292503;127026;18.1;7.9
92;2021-04-29;7990;4769;300493;131795;18.6;8.2
92;2021-04-30;8847;4839;309340;136634;19.2;8.5
92;2021-05-01;1201;405;310541;137039;19.2;8.5
92;2021-05-02;664;139;311205;137178;19.3;8.5
92;2021-05-03;6782;3882;317987;141060;19.7;8.7
92;2021-05-04;10432;4356;328419;145416;20.4;9.0
92;2021-05-05;10075;5244;338494;150660;21.0;9.3
92;2021-05-06;11425;4894;349919;155554;21.7;9.6
92;2021-05-07;9870;5292;359789;160846;22.3;10.0
92;2021-05-08;7215;1922;367004;162768;22.7;10.1
92;2021-05-09;3788;600;370792;163368;23.0;10.1
92;2021-05-10;9544;3994;380336;167362;23.6;10.4
92;2021-05-11;13984;5682;394320;173044;24.4;10.7
92;2021-05-12;14288;4576;408608;177620;25.3;11.0
92;2021-05-13;9168;903;417776;178523;25.9;11.1
92;2021-05-14;12032;2305;429808;180828;26.6;11.2
92;2021-05-15;8393;1223;438201;182051;27.2;11.3
92;2021-05-16;4142;452;442343;182503;27.4;11.3
92;2021-05-17;10652;2216;452995;184719;28.1;11.4
92;2021-05-18;16415;3118;469410;187837;29.1;11.6
92;2021-05-19;16039;3714;485449;191551;30.1;11.9
92;2021-05-20;16841;3976;502290;195527;31.1;12.1
92;2021-05-21;14080;3615;516370;199142;32.0;12.3
92;2021-05-22;8318;1511;524688;200653;32.5;12.4
92;2021-05-23;4086;454;528774;201107;32.8;12.5
92;2021-05-24;6125;855;534899;201962;33.1;12.5
92;2021-05-25;13115;4559;548014;206521;34.0;12.8
92;2021-05-26;11931;5036;559945;211557;34.7;13.1
92;2021-05-27;12740;6322;572685;217879;35.5;13.5
92;2021-05-28;11238;6271;583923;224150;36.2;13.9
92;2021-05-29;5455;2304;589378;226454;36.5;14.0
92;2021-05-30;2251;389;591629;226843;36.7;14.1
92;2021-05-31;12057;5301;603686;232144;37.4;14.4
92;2021-06-01;12632;7628;616318;239772;38.2;14.9
92;2021-06-02;14384;7203;630702;246975;39.1;15.3
92;2021-06-03;14601;8017;645303;254992;40.0;15.8
92;2021-06-04;12229;8217;657532;263209;40.7;16.3
92;2021-06-05;7385;6229;664917;269438;41.2;16.7
92;2021-06-06;3599;1675;668516;271113;41.4;16.8
92;2021-06-07;11443;7634;679959;278747;42.1;17.3
92;2021-06-08;12768;9601;692727;288348;42.9;17.9
92;2021-06-09;11665;9473;704392;297821;43.6;18.5
92;2021-06-10;11976;10563;716368;308384;44.4;19.1
92;2021-06-11;8150;11032;724518;319416;44.9;19.8
92;2021-06-12;6369;5094;730887;324510;45.3;20.1
92;2021-06-13;3967;2721;734854;327231;45.5;20.3
92;2021-06-14;5215;11168;740069;338399;45.9;21.0
92;2021-06-15;6536;13121;746605;351520;46.3;21.8
92;2021-06-16;6960;12993;753565;364513;46.7;22.6
92;2021-06-17;7431;14000;760996;378513;47.2;23.5
92;2021-06-18;6905;14392;767901;392905;47.6;24.3
92;2021-06-19;3964;9107;771865;402012;47.8;24.9
92;2021-06-20;1968;5610;773833;407622;48.0;25.3
92;2021-06-21;4843;12277;778676;419899;48.3;26.0
92;2021-06-22;5884;17545;784560;437444;48.6;27.1
92;2021-06-23;5488;15994;790048;453438;49.0;28.1
92;2021-06-24;6207;15121;796255;468559;49.3;29.0
92;2021-06-25;5120;16100;801375;484659;49.7;30.0
92;2021-06-26;4072;10458;805447;495117;49.9;30.7
92;2021-06-27;1861;6050;807308;501167;50.0;31.1
92;2021-06-28;3677;12050;810985;513217;50.3;31.8
92;2021-06-29;4692;18155;815677;531372;50.5;32.9
92;2021-06-30;4461;16231;820138;547603;50.8;33.9
92;2021-07-01;5558;16308;825696;563911;51.2;34.9
92;2021-07-02;4950;15275;830646;579186;51.5;35.9
92;2021-07-03;3306;10185;833952;589371;51.7;36.5
92;2021-07-04;1124;4207;835076;593578;51.7;36.8
92;2021-07-05;4828;12332;839904;605910;52.0;37.5
92;2021-07-06;5288;15810;845192;621720;52.4;38.5
92;2021-07-07;4263;11453;849455;633173;52.6;39.2
92;2021-07-08;5414;14637;854869;647810;53.0;40.1
92;2021-07-09;5905;14208;860774;662018;53.3;41.0
92;2021-07-10;4383;8456;865157;670474;53.6;41.5
92;2021-07-11;1486;2614;866643;673088;53.7;41.7
92;2021-07-12;4418;14637;871061;687725;54.0;42.6
92;2021-07-13;7882;17458;878943;705183;54.5;43.7
92;2021-07-14;5114;5745;884057;710928;54.8;44.1
92;2021-07-15;9583;16256;893640;727184;55.4;45.1
92;2021-07-16;9071;14185;902711;741369;55.9;45.9
92;2021-07-17;6585;7605;909296;748974;56.3;46.4
92;2021-07-18;1840;2482;911136;751456;56.5;46.6
92;2021-07-19;6478;13199;917614;764655;56.9;47.4
92;2021-07-20;10096;14102;927710;778757;57.5;48.3
92;2021-07-21;10472;12121;938182;790878;58.1;49.0
92;2021-07-22;12060;12990;950242;803868;58.9;49.8
92;2021-07-23;11603;11357;961845;815225;59.6;50.5
92;2021-07-24;6737;6265;968582;821490;60.0;50.9
92;2021-07-25;2780;2327;971362;823817;60.2;51.0
92;2021-07-26;9502;9179;980864;832996;60.8;51.6
92;2021-07-27;11513;9613;992377;842609;61.5;52.2
92;2021-07-28;12963;8201;1005340;850810;62.3;52.7
92;2021-07-29;10461;8630;1015801;859440;62.9;53.3
92;2021-07-30;9138;8354;1024939;867794;63.5;53.8
92;2021-07-31;5705;4812;1030644;872606;63.9;54.1
92;2021-08-01;2209;1301;1032853;873907;64.0;54.2
92;2021-08-02;4671;4938;1037524;878845;64.3;54.5
92;2021-08-03;5137;6142;1042661;884987;64.6;54.8
92;2021-08-04;4775;4873;1047436;889860;64.9;55.1
92;2021-08-05;4521;5680;1051957;895540;65.2;55.5
92;2021-08-06;4551;5972;1056508;901512;65.5;55.9
92;2021-08-07;2829;4228;1059337;905740;65.6;56.1
92;2021-08-08;962;1082;1060299;906822;65.7;56.2
92;2021-08-09;3215;4254;1063514;911076;65.9;56.5
92;2021-08-10;3826;5613;1067340;916689;66.1;56.8
92;2021-08-11;3236;4432;1070576;921121;66.3;57.1
92;2021-08-12;3385;5596;1073961;926717;66.6;57.4
92;2021-08-13;2993;5141;1076954;931858;66.7;57.7
92;2021-08-14;1892;3934;1078846;935792;66.9;58.0
92;2021-08-15;585;839;1079431;936631;66.9;58.0
92;2021-08-16;2396;5323;1081827;941954;67.0;58.4
92;2021-08-17;2631;6988;1084458;948942;67.2;58.8
92;2021-08-18;2416;5251;1086874;954193;67.4;59.1
92;2021-08-19;2510;5742;1089384;959935;67.5;59.5
92;2021-08-20;2262;5190;1091646;965125;67.6;59.8
92;2021-08-21;1381;4220;1093027;969345;67.7;60.1
92;2021-08-22;425;1598;1093452;970943;67.8;60.2
92;2021-08-23;2483;6596;1095935;977539;67.9;60.6
92;2021-08-24;3139;8347;1099074;985886;68.1;61.1
92;2021-08-25;2837;7577;1101911;993463;68.3;61.6
92;2021-08-26;2950;7570;1104861;1001033;68.5;62.0
92;2021-08-27;3065;7019;1107926;1008052;68.7;62.5
92;2021-08-28;1611;4518;1109537;1012570;68.8;62.7
92;2021-08-29;343;789;1109880;1013359;68.8;62.8
92;2021-08-30;2209;4897;1112089;1018256;68.9;63.1
92;2021-08-31;3077;7031;1115166;1025287;69.1;63.5
92;2021-09-01;3264;7600;1118430;1032887;69.3;64.0
92;2021-09-02;2617;6825;1121047;1039712;69.5;64.4
92;2021-09-03;2633;6587;1123680;1046299;69.6;64.8
92;2021-09-04;2195;5048;1125875;1051347;69.8;65.1
92;2021-09-05;441;1049;1126316;1052396;69.8;65.2
92;2021-09-06;1300;3702;1127616;1056098;69.9;65.4
92;2021-09-07;1674;4185;1129290;1060283;70.0;65.7
92;2021-09-08;2173;4310;1131463;1064593;70.1;66.0
92;2021-09-09;1209;3263;1132672;1067856;70.2;66.2
92;2021-09-10;1763;4236;1134435;1072092;70.3;66.4
92;2021-09-11;1545;2919;1135980;1075011;70.4;66.6
92;2021-09-12;207;463;1136187;1075474;70.4;66.6
92;2021-09-13;1073;3080;1137260;1078554;70.5;66.8
92;2021-09-14;1204;3573;1138464;1082127;70.5;67.1
93;2020-12-27;11;3;11;3;0.0;0.0
93;2020-12-28;6;0;17;3;0.0;0.0
93;2020-12-29;0;0;17;3;0.0;0.0
93;2020-12-30;44;1;61;4;0.0;0.0
93;2020-12-31;10;0;71;4;0.0;0.0
93;2021-01-01;5;0;76;4;0.0;0.0
93;2021-01-02;0;0;76;4;0.0;0.0
93;2021-01-03;3;0;79;4;0.0;0.0
93;2021-01-04;3;0;82;4;0.0;0.0
93;2021-01-05;65;1;147;5;0.0;0.0
93;2021-01-06;179;0;326;5;0.0;0.0
93;2021-01-07;381;1;707;6;0.0;0.0
93;2021-01-08;632;1;1339;7;0.1;0.0
93;2021-01-09;21;0;1360;7;0.1;0.0
93;2021-01-10;2;0;1362;7;0.1;0.0
93;2021-01-11;505;3;1867;10;0.1;0.0
93;2021-01-12;754;7;2621;17;0.2;0.0
93;2021-01-13;752;6;3373;23;0.2;0.0
93;2021-01-14;688;18;4061;41;0.2;0.0
93;2021-01-15;516;3;4577;44;0.3;0.0
93;2021-01-16;139;3;4716;47;0.3;0.0
93;2021-01-17;6;1;4722;48;0.3;0.0
93;2021-01-18;1199;10;5921;58;0.4;0.0
93;2021-01-19;1614;16;7535;74;0.5;0.0
93;2021-01-20;1557;18;9092;92;0.5;0.0
93;2021-01-21;1919;35;11011;127;0.7;0.0
93;2021-01-22;1391;14;12402;141;0.7;0.0
93;2021-01-23;712;4;13114;145;0.8;0.0
93;2021-01-24;0;0;13114;145;0.8;0.0
93;2021-01-25;1210;14;14324;159;0.9;0.0
93;2021-01-26;1292;27;15616;186;0.9;0.0
93;2021-01-27;2160;62;17776;248;1.1;0.0
93;2021-01-28;2268;170;20044;418;1.2;0.0
93;2021-01-29;1623;207;21667;625;1.3;0.0
93;2021-01-30;927;36;22594;661;1.4;0.0
93;2021-01-31;9;5;22603;666;1.4;0.0
93;2021-02-01;1184;146;23787;812;1.4;0.0
93;2021-02-02;1171;285;24958;1097;1.5;0.1
93;2021-02-03;1230;387;26188;1484;1.6;0.1
93;2021-02-04;924;538;27112;2022;1.6;0.1
93;2021-02-05;799;396;27911;2418;1.7;0.1
93;2021-02-06;694;63;28605;2481;1.7;0.1
93;2021-02-07;6;0;28611;2481;1.7;0.1
93;2021-02-08;912;546;29523;3027;1.8;0.2
93;2021-02-09;852;552;30375;3579;1.8;0.2
93;2021-02-10;882;615;31257;4194;1.9;0.3
93;2021-02-11;1244;719;32501;4913;1.9;0.3
93;2021-02-12;1042;564;33543;5477;2.0;0.3
93;2021-02-13;395;208;33938;5685;2.0;0.3
93;2021-02-14;13;58;33951;5743;2.0;0.3
93;2021-02-15;414;908;34365;6651;2.1;0.4
93;2021-02-16;549;988;34914;7639;2.1;0.5
93;2021-02-17;541;1328;35455;8967;2.1;0.5
93;2021-02-18;1133;1631;36588;10598;2.2;0.6
93;2021-02-19;992;1289;37580;11887;2.3;0.7
93;2021-02-20;303;530;37883;12417;2.3;0.7
93;2021-02-21;9;23;37892;12440;2.3;0.7
93;2021-02-22;602;985;38494;13425;2.3;0.8
93;2021-02-23;562;873;39056;14298;2.3;0.9
93;2021-02-24;644;958;39700;15256;2.4;0.9
93;2021-02-25;901;862;40601;16118;2.4;1.0
93;2021-02-26;1122;819;41723;16937;2.5;1.0
93;2021-02-27;543;515;42266;17452;2.5;1.0
93;2021-02-28;87;57;42353;17509;2.5;1.0
93;2021-03-01;1085;856;43438;18365;2.6;1.1
93;2021-03-02;1444;948;44882;19313;2.7;1.2
93;2021-03-03;1742;1013;46624;20326;2.8;1.2
93;2021-03-04;2718;1019;49342;21345;3.0;1.3
93;2021-03-05;3822;800;53164;22145;3.2;1.3
93;2021-03-06;5051;522;58215;22667;3.5;1.4
93;2021-03-07;4303;233;62518;22900;3.7;1.4
93;2021-03-08;2035;1115;64553;24015;3.9;1.4
93;2021-03-09;2917;888;67470;24903;4.0;1.5
93;2021-03-10;2860;1027;70330;25930;4.2;1.6
93;2021-03-11;3572;1182;73902;27112;4.4;1.6
93;2021-03-12;4126;1244;78028;28356;4.7;1.7
93;2021-03-13;4290;609;82318;28965;4.9;1.7
93;2021-03-14;884;70;83202;29035;5.0;1.7
93;2021-03-15;3556;656;86758;29691;5.2;1.8
93;2021-03-16;3160;606;89918;30297;5.4;1.8
93;2021-03-17;2657;597;92575;30894;5.5;1.8
93;2021-03-18;3316;712;95891;31606;5.7;1.9
93;2021-03-19;3767;632;99658;32238;6.0;1.9
93;2021-03-20;3462;300;103120;32538;6.2;1.9
93;2021-03-21;813;266;103933;32804;6.2;2.0
93;2021-03-22;3853;616;107786;33420;6.5;2.0
93;2021-03-23;4766;804;112552;34224;6.7;2.0
93;2021-03-24;4115;685;116667;34909;7.0;2.1
93;2021-03-25;5585;869;122252;35778;7.3;2.1
93;2021-03-26;5550;891;127802;36669;7.7;2.2
93;2021-03-27;4283;319;132085;36988;7.9;2.2
93;2021-03-28;613;42;132698;37030;7.9;2.2
93;2021-03-29;3853;961;136551;37991;8.2;2.3
93;2021-03-30;4726;1268;141277;39259;8.5;2.4
93;2021-03-31;3915;1245;145192;40504;8.7;2.4
93;2021-04-01;4059;3141;149251;43645;8.9;2.6
93;2021-04-02;3225;3550;152476;47195;9.1;2.8
93;2021-04-03;2519;2259;154995;49454;9.3;3.0
93;2021-04-04;764;159;155759;49613;9.3;3.0
93;2021-04-05;708;87;156467;49700;9.4;3.0
93;2021-04-06;4564;2350;161031;52050;9.6;3.1
93;2021-04-07;4904;2093;165935;54143;9.9;3.2
93;2021-04-08;5814;2682;171749;56825;10.3;3.4
93;2021-04-09;6097;3177;177846;60002;10.6;3.6
93;2021-04-10;4199;2486;182045;62488;10.9;3.7
93;2021-04-11;575;433;182620;62921;10.9;3.8
93;2021-04-12;4100;2913;186720;65834;11.2;3.9
93;2021-04-13;4603;3652;191323;69486;11.5;4.2
93;2021-04-14;4366;2475;195689;71961;11.7;4.3
93;2021-04-15;4560;3032;200249;74993;12.0;4.5
93;2021-04-16;4443;2991;204692;77984;12.3;4.7
93;2021-04-17;3518;2499;208210;80483;12.5;4.8
93;2021-04-18;292;434;208502;80917;12.5;4.8
93;2021-04-19;3778;2861;212280;83778;12.7;5.0
93;2021-04-20;4308;3261;216588;87039;13.0;5.2
93;2021-04-21;4145;2768;220733;89807;13.2;5.4
93;2021-04-22;4512;4018;225245;93825;13.5;5.6
93;2021-04-23;5628;3240;230873;97065;13.8;5.8
93;2021-04-24;5923;3326;236796;100391;14.2;6.0
93;2021-04-25;1732;597;238528;100988;14.3;6.0
93;2021-04-26;4863;3076;243391;104064;14.6;6.2
93;2021-04-27;6458;3621;249849;107685;15.0;6.4
93;2021-04-28;6078;3428;255927;111113;15.3;6.7
93;2021-04-29;7302;3245;263229;114358;15.8;6.8
93;2021-04-30;8266;3115;271495;117473;16.3;7.0
93;2021-05-01;4949;1193;276444;118666;16.6;7.1
93;2021-05-02;419;646;276863;119312;16.6;7.1
93;2021-05-03;8173;5114;285036;124426;17.1;7.4
93;2021-05-04;7824;5398;292860;129824;17.5;7.8
93;2021-05-05;7579;4805;300439;134629;18.0;8.1
93;2021-05-06;8255;4776;308694;139405;18.5;8.3
93;2021-05-07;7013;5426;315707;144831;18.9;8.7
93;2021-05-08;8363;2389;324070;147220;19.4;8.8
93;2021-05-09;6124;1367;330194;148587;19.8;8.9
93;2021-05-10;8256;4071;338450;152658;20.3;9.1
93;2021-05-11;9317;4802;347767;157460;20.8;9.4
93;2021-05-12;9193;3654;356960;161114;21.4;9.6
93;2021-05-13;8300;1652;365260;162766;21.9;9.7
93;2021-05-14;10425;3526;375685;166292;22.5;10.0
93;2021-05-15;11127;3009;386812;169301;23.2;10.1
93;2021-05-16;5559;727;392371;170028;23.5;10.2
93;2021-05-17;11902;2266;404273;172294;24.2;10.3
93;2021-05-18;14106;2390;418379;174684;25.1;10.5
93;2021-05-19;11434;2941;429813;177625;25.7;10.6
93;2021-05-20;12626;3485;442439;181110;26.5;10.8
93;2021-05-21;13022;2885;455461;183995;27.3;11.0
93;2021-05-22;12384;2199;467845;186194;28.0;11.1
93;2021-05-23;8482;1107;476327;187301;28.5;11.2
93;2021-05-24;11206;1940;487533;189241;29.2;11.3
93;2021-05-25;12299;4318;499832;193559;29.9;11.6
93;2021-05-26;11080;3755;510912;197314;30.6;11.8
93;2021-05-27;12713;3893;523625;201207;31.4;12.0
93;2021-05-28;12654;5255;536279;206462;32.1;12.4
93;2021-05-29;11394;4264;547673;210726;32.8;12.6
93;2021-05-30;8216;1378;555889;212104;33.3;12.7
93;2021-05-31;9184;5170;565073;217274;33.8;13.0
93;2021-06-01;11400;6277;576473;223551;34.5;13.4
93;2021-06-02;10722;5194;587195;228745;35.2;13.7
93;2021-06-03;10820;5517;598015;234262;35.8;14.0
93;2021-06-04;10613;7794;608628;242056;36.4;14.5
93;2021-06-05;9023;7356;617651;249412;37.0;14.9
93;2021-06-06;8410;1747;626061;251159;37.5;15.0
93;2021-06-07;10075;7514;636136;258673;38.1;15.5
93;2021-06-08;10384;7378;646520;266051;38.7;15.9
93;2021-06-09;10245;7290;656765;273341;39.3;16.4
93;2021-06-10;9013;8195;665778;281536;39.9;16.9
93;2021-06-11;8848;8810;674626;290346;40.4;17.4
93;2021-06-12;9871;6653;684497;296999;41.0;17.8
93;2021-06-13;7175;2129;691672;299128;41.4;17.9
93;2021-06-14;5401;9734;697073;308862;41.7;18.5
93;2021-06-15;6242;9658;703315;318520;42.1;19.1
93;2021-06-16;6647;9058;709962;327578;42.5;19.6
93;2021-06-17;5754;8465;715716;336043;42.9;20.1
93;2021-06-18;7229;11119;722945;347162;43.3;20.8
93;2021-06-19;7079;11100;730024;358262;43.7;21.5
93;2021-06-20;4955;6880;734979;365142;44.0;21.9
93;2021-06-21;4078;10731;739057;375873;44.3;22.5
93;2021-06-22;4696;11315;743753;387188;44.5;23.2
93;2021-06-23;4546;10599;748299;397787;44.8;23.8
93;2021-06-24;4213;10302;752512;408089;45.1;24.4
93;2021-06-25;5188;13057;757700;421146;45.4;25.2
93;2021-06-26;5300;13926;763000;435072;45.7;26.0
93;2021-06-27;3292;7106;766292;442178;45.9;26.5
93;2021-06-28;3702;12507;769994;454685;46.1;27.2
93;2021-06-29;4020;12356;774014;467041;46.3;28.0
93;2021-06-30;4142;11303;778156;478344;46.6;28.6
93;2021-07-01;6077;11162;784233;489506;47.0;29.3
93;2021-07-02;5776;12382;790009;501888;47.3;30.1
93;2021-07-03;5382;13456;795391;515344;47.6;30.9
93;2021-07-04;3084;7886;798475;523230;47.8;31.3
93;2021-07-05;4582;10850;803057;534080;48.1;32.0
93;2021-07-06;4851;11761;807908;545841;48.4;32.7
93;2021-07-07;5230;11414;813138;557255;48.7;33.4
93;2021-07-08;5062;10266;818200;567521;49.0;34.0
93;2021-07-09;5927;13037;824127;580558;49.3;34.8
93;2021-07-10;5915;14293;830042;594851;49.7;35.6
93;2021-07-11;3693;9091;833735;603942;49.9;36.2
93;2021-07-12;5593;12083;839328;616025;50.3;36.9
93;2021-07-13;11150;13305;850478;629330;50.9;37.7
93;2021-07-14;10674;6797;861152;636127;51.6;38.1
93;2021-07-15;12551;14136;873703;650263;52.3;38.9
93;2021-07-16;13248;13703;886951;663966;53.1;39.8
93;2021-07-17;11382;13917;898333;677883;53.8;40.6
93;2021-07-18;7408;8961;905741;686844;54.2;41.1
93;2021-07-19;9643;10930;915384;697774;54.8;41.8
93;2021-07-20;12663;10689;928047;708463;55.6;42.4
93;2021-07-21;14419;10956;942466;719419;56.4;43.1
93;2021-07-22;14179;9479;956645;728898;57.3;43.6
93;2021-07-23;14620;10658;971265;739556;58.2;44.3
93;2021-07-24;13929;10648;985194;750204;59.0;44.9
93;2021-07-25;9049;6361;994243;756565;59.5;45.3
93;2021-07-26;12780;7795;1007023;764360;60.3;45.8
93;2021-07-27;15161;7455;1022184;771815;61.2;46.2
93;2021-07-28;15041;8302;1037225;780117;62.1;46.7
93;2021-07-29;13614;7070;1050839;787187;62.9;47.1
93;2021-07-30;14178;7858;1065017;795045;63.8;47.6
93;2021-07-31;12260;7718;1077277;802763;64.5;48.1
93;2021-08-01;7502;4606;1084779;807369;65.0;48.3
93;2021-08-02;9725;5706;1094504;813075;65.5;48.7
93;2021-08-03;7678;6869;1102182;819944;66.0;49.1
93;2021-08-04;7930;7999;1110112;827943;66.5;49.6
93;2021-08-05;6246;6864;1116358;834807;66.8;50.0
93;2021-08-06;7131;8335;1123489;843142;67.3;50.5
93;2021-08-07;7368;9049;1130857;852191;67.7;51.0
93;2021-08-08;4520;5565;1135377;857756;68.0;51.4
93;2021-08-09;7477;8082;1142854;865838;68.4;51.8
93;2021-08-10;7393;8849;1150247;874687;68.9;52.4
93;2021-08-11;7534;9689;1157781;884376;69.3;53.0
93;2021-08-12;6384;9035;1164165;893411;69.7;53.5
93;2021-08-13;6508;9020;1170673;902431;70.1;54.0
93;2021-08-14;5952;10489;1176625;912920;70.5;54.7
93;2021-08-15;2799;3619;1179424;916539;70.6;54.9
93;2021-08-16;5535;11215;1184959;927754;70.9;55.5
93;2021-08-17;5857;10917;1190816;938671;71.3;56.2
93;2021-08-18;5507;11205;1196323;949876;71.6;56.9
93;2021-08-19;4542;9670;1200865;959546;71.9;57.5
93;2021-08-20;4865;11220;1205730;970766;72.2;58.1
93;2021-08-21;4315;11945;1210045;982711;72.5;58.8
93;2021-08-22;2222;7050;1212267;989761;72.6;59.3
93;2021-08-23;4394;9325;1216661;999086;72.8;59.8
93;2021-08-24;4353;8423;1221014;1007509;73.1;60.3
93;2021-08-25;4162;8599;1225176;1016108;73.4;60.8
93;2021-08-26;3661;7092;1228837;1023200;73.6;61.3
93;2021-08-27;3930;8541;1232767;1031741;73.8;61.8
93;2021-08-28;3805;9564;1236572;1041305;74.0;62.3
93;2021-08-29;1764;4805;1238336;1046110;74.1;62.6
93;2021-08-30;2979;7615;1241315;1053725;74.3;63.1
93;2021-08-31;3035;7801;1244350;1061526;74.5;63.6
93;2021-09-01;3279;7749;1247629;1069275;74.7;64.0
93;2021-09-02;2676;6019;1250305;1075294;74.9;64.4
93;2021-09-03;2837;7296;1253142;1082590;75.0;64.8
93;2021-09-04;3320;8943;1256462;1091533;75.2;65.4
93;2021-09-05;1267;3710;1257729;1095243;75.3;65.6
93;2021-09-06;1828;5321;1259557;1100564;75.4;65.9
93;2021-09-07;1765;4805;1261322;1105369;75.5;66.2
93;2021-09-08;2196;5605;1263518;1110974;75.7;66.5
93;2021-09-09;1967;4908;1265485;1115882;75.8;66.8
93;2021-09-10;2667;5725;1268152;1121607;75.9;67.2
93;2021-09-11;2310;6986;1270462;1128593;76.1;67.6
93;2021-09-12;855;2879;1271317;1131472;76.1;67.7
93;2021-09-13;1678;4916;1272995;1136388;76.2;68.0
93;2021-09-14;1816;4599;1274811;1140987;76.3;68.3
94;2020-12-27;6;0;6;0;0.0;0.0
94;2020-12-28;11;0;17;0;0.0;0.0
94;2020-12-29;0;0;17;0;0.0;0.0
94;2020-12-30;1;0;18;0;0.0;0.0
94;2020-12-31;7;0;25;0;0.0;0.0
94;2021-01-01;4;0;29;0;0.0;0.0
94;2021-01-02;0;0;29;0;0.0;0.0
94;2021-01-03;3;0;32;0;0.0;0.0
94;2021-01-04;39;2;71;2;0.0;0.0
94;2021-01-05;233;2;304;4;0.0;0.0
94;2021-01-06;332;4;636;8;0.0;0.0
94;2021-01-07;691;11;1327;19;0.1;0.0
94;2021-01-08;923;10;2250;29;0.2;0.0
94;2021-01-09;47;0;2297;29;0.2;0.0
94;2021-01-10;18;0;2315;29;0.2;0.0
94;2021-01-11;1015;10;3330;39;0.2;0.0
94;2021-01-12;1345;25;4675;64;0.3;0.0
94;2021-01-13;1408;26;6083;90;0.4;0.0
94;2021-01-14;1545;27;7628;117;0.5;0.0
94;2021-01-15;1221;23;8849;140;0.6;0.0
94;2021-01-16;197;1;9046;141;0.6;0.0
94;2021-01-17;98;0;9144;141;0.7;0.0
94;2021-01-18;1499;25;10643;166;0.8;0.0
94;2021-01-19;1953;27;12596;193;0.9;0.0
94;2021-01-20;2184;24;14780;217;1.1;0.0
94;2021-01-21;3006;17;17786;234;1.3;0.0
94;2021-01-22;2190;26;19976;260;1.4;0.0
94;2021-01-23;733;3;20709;263;1.5;0.0
94;2021-01-24;285;0;20994;263;1.5;0.0
94;2021-01-25;1471;21;22465;284;1.6;0.0
94;2021-01-26;1576;19;24041;303;1.7;0.0
94;2021-01-27;1841;31;25882;334;1.8;0.0
94;2021-01-28;1537;126;27419;460;2.0;0.0
94;2021-01-29;1381;137;28800;597;2.0;0.0
94;2021-01-30;580;4;29380;601;2.1;0.0
94;2021-01-31;123;8;29503;609;2.1;0.0
94;2021-02-01;931;140;30434;749;2.2;0.1
94;2021-02-02;855;225;31289;974;2.2;0.1
94;2021-02-03;762;342;32051;1316;2.3;0.1
94;2021-02-04;901;389;32952;1705;2.3;0.1
94;2021-02-05;874;521;33826;2226;2.4;0.2
94;2021-02-06;407;60;34233;2286;2.4;0.2
94;2021-02-07;122;0;34355;2286;2.4;0.2
94;2021-02-08;635;463;34990;2749;2.5;0.2
94;2021-02-09;1036;931;36026;3680;2.6;0.3
94;2021-02-10;1101;1259;37127;4939;2.6;0.4
94;2021-02-11;1429;1468;38556;6407;2.7;0.5
94;2021-02-12;1390;1539;39946;7946;2.8;0.6
94;2021-02-13;300;194;40246;8140;2.9;0.6
94;2021-02-14;30;70;40276;8210;2.9;0.6
94;2021-02-15;753;1474;41029;9684;2.9;0.7
94;2021-02-16;702;2318;41731;12002;3.0;0.9
94;2021-02-17;717;1265;42448;13267;3.0;0.9
94;2021-02-18;788;1409;43236;14676;3.1;1.0
94;2021-02-19;966;1176;44202;15852;3.1;1.1
94;2021-02-20;133;718;44335;16570;3.2;1.2
94;2021-02-21;21;144;44356;16714;3.2;1.2
94;2021-02-22;522;1024;44878;17738;3.2;1.3
94;2021-02-23;624;992;45502;18730;3.2;1.3
94;2021-02-24;695;665;46197;19395;3.3;1.4
94;2021-02-25;1071;1302;47268;20697;3.4;1.5
94;2021-02-26;1324;825;48592;21522;3.5;1.5
94;2021-02-27;518;430;49110;21952;3.5;1.6
94;2021-02-28;91;72;49201;22024;3.5;1.6
94;2021-03-01;883;763;50084;22787;3.6;1.6
94;2021-03-02;1568;797;51652;23584;3.7;1.7
94;2021-03-03;1949;867;53601;24451;3.8;1.7
94;2021-03-04;2862;1013;56463;25464;4.0;1.8
94;2021-03-05;3836;1230;60299;26694;4.3;1.9
94;2021-03-06;4821;525;65120;27219;4.6;1.9
94;2021-03-07;3690;531;68810;27750;4.9;2.0
94;2021-03-08;1918;680;70728;28430;5.0;2.0
94;2021-03-09;2556;799;73284;29229;5.2;2.1
94;2021-03-10;3201;946;76485;30175;5.4;2.1
94;2021-03-11;3839;893;80324;31068;5.7;2.2
94;2021-03-12;4583;766;84907;31834;6.0;2.3
94;2021-03-13;4131;387;89038;32221;6.3;2.3
94;2021-03-14;2115;152;91153;32373;6.5;2.3
94;2021-03-15;3172;756;94325;33129;6.7;2.4
94;2021-03-16;2775;433;97100;33562;6.9;2.4
94;2021-03-17;2860;458;99960;34020;7.1;2.4
94;2021-03-18;3265;439;103225;34459;7.3;2.5
94;2021-03-19;4273;700;107498;35159;7.6;2.5
94;2021-03-20;3692;299;111190;35458;7.9;2.5
94;2021-03-21;1465;382;112655;35840;8.0;2.5
94;2021-03-22;3221;657;115876;36497;8.2;2.6
94;2021-03-23;4515;728;120391;37225;8.6;2.6
94;2021-03-24;4628;623;125019;37848;8.9;2.7
94;2021-03-25;6322;681;131341;38529;9.3;2.7
94;2021-03-26;6092;810;137433;39339;9.8;2.8
94;2021-03-27;4472;279;141905;39618;10.1;2.8
94;2021-03-28;1891;112;143796;39730;10.2;2.8
94;2021-03-29;4127;1217;147923;40947;10.5;2.9
94;2021-03-30;5299;1352;153222;42299;10.9;3.0
94;2021-03-31;4913;1780;158135;44079;11.2;3.1
94;2021-04-01;5831;2308;163966;46387;11.7;3.3
94;2021-04-02;5249;2312;169215;48699;12.0;3.5
94;2021-04-03;3087;2498;172302;51197;12.3;3.6
94;2021-04-04;1051;764;173353;51961;12.3;3.7
94;2021-04-05;837;142;174190;52103;12.4;3.7
94;2021-04-06;3582;2527;177772;54630;12.6;3.9
94;2021-04-07;3867;2257;181639;56887;12.9;4.0
94;2021-04-08;4630;2064;186269;58951;13.2;4.2
94;2021-04-09;5362;2472;191631;61423;13.6;4.4
94;2021-04-10;2957;3004;194588;64427;13.8;4.6
94;2021-04-11;1268;1766;195856;66193;13.9;4.7
94;2021-04-12;3440;2274;199296;68467;14.2;4.9
94;2021-04-13;4313;3405;203609;71872;14.5;5.1
94;2021-04-14;3906;2694;207515;74566;14.8;5.3
94;2021-04-15;4450;2996;211965;77562;15.1;5.5
94;2021-04-16;4709;2848;216674;80410;15.4;5.7
94;2021-04-17;2462;2772;219136;83182;15.6;5.9
94;2021-04-18;920;1242;220056;84424;15.7;6.0
94;2021-04-19;2976;2445;223032;86869;15.9;6.2
94;2021-04-20;3274;2713;226306;89582;16.1;6.4
94;2021-04-21;3221;3165;229527;92747;16.3;6.6
94;2021-04-22;3913;3655;233440;96402;16.6;6.9
94;2021-04-23;4120;3994;237560;100396;16.9;7.1
94;2021-04-24;4266;3401;241826;103797;17.2;7.4
94;2021-04-25;2408;1510;244234;105307;17.4;7.5
94;2021-04-26;4013;3280;248247;108587;17.7;7.7
94;2021-04-27;5098;3368;253345;111955;18.0;8.0
94;2021-04-28;4834;3640;258179;115595;18.4;8.2
94;2021-04-29;6420;3807;264599;119402;18.8;8.5
94;2021-04-30;6487;3922;271086;123324;19.3;8.8
94;2021-05-01;4057;1065;275143;124389;19.6;8.8
94;2021-05-02;3053;1474;278196;125863;19.8;9.0
94;2021-05-03;5739;5329;283935;131192;20.2;9.3
94;2021-05-04;6100;3565;290035;134757;20.6;9.6
94;2021-05-05;6183;3426;296218;138183;21.1;9.8
94;2021-05-06;7161;3533;303379;141716;21.6;10.1
94;2021-05-07;6677;4118;310056;145834;22.1;10.4
94;2021-05-08;4905;2557;314961;148391;22.4;10.6
94;2021-05-09;4228;2254;319189;150645;22.7;10.7
94;2021-05-10;7717;3126;326906;153771;23.3;10.9
94;2021-05-11;8980;3931;335886;157702;23.9;11.2
94;2021-05-12;9580;3595;345466;161297;24.6;11.5
94;2021-05-13;8680;1369;354146;162666;25.2;11.6
94;2021-05-14;9876;3311;364022;165977;25.9;11.8
94;2021-05-15;8944;2163;372966;168140;26.5;12.0
94;2021-05-16;5070;912;378036;169052;26.9;12.0
94;2021-05-17;10843;2249;388879;171301;27.7;12.2
94;2021-05-18;11299;2451;400178;173752;28.5;12.4
94;2021-05-19;11678;3594;411856;177346;29.3;12.6
94;2021-05-20;12158;4360;424014;181706;30.2;12.9
94;2021-05-21;11880;3165;435894;184871;31.0;13.1
94;2021-05-22;10290;1971;446184;186842;31.7;13.3
94;2021-05-23;5003;712;451187;187554;32.1;13.3
94;2021-05-24;9674;1349;460861;188903;32.8;13.4
94;2021-05-25;10005;4267;470866;193170;33.5;13.7
94;2021-05-26;10296;3311;481162;196481;34.2;14.0
94;2021-05-27;10871;4589;492033;201070;35.0;14.3
94;2021-05-28;10453;4950;502486;206020;35.7;14.7
94;2021-05-29;9874;3455;512360;209475;36.4;14.9
94;2021-05-30;4788;931;517148;210406;36.8;15.0
94;2021-05-31;9991;4236;527139;214642;37.5;15.3
94;2021-06-01;10325;5095;537464;219737;38.2;15.6
94;2021-06-02;9370;4591;546834;224328;38.9;16.0
94;2021-06-03;9569;5604;556403;229932;39.6;16.4
94;2021-06-04;10416;6535;566819;236467;40.3;16.8
94;2021-06-05;9200;6260;576019;242727;41.0;17.3
94;2021-06-06;3984;1848;580003;244575;41.3;17.4
94;2021-06-07;8679;5983;588682;250558;41.9;17.8
94;2021-06-08;9014;7522;597696;258080;42.5;18.4
94;2021-06-09;8958;8164;606654;266244;43.1;18.9
94;2021-06-10;8813;10974;615467;277218;43.8;19.7
94;2021-06-11;7856;8391;623323;285609;44.3;20.3
94;2021-06-12;10267;6852;633590;292461;45.1;20.8
94;2021-06-13;3470;3263;637060;295724;45.3;21.0
94;2021-06-14;6967;8210;644027;303934;45.8;21.6
94;2021-06-15;7740;8817;651767;312751;46.4;22.2
94;2021-06-16;7248;8271;659015;321022;46.9;22.8
94;2021-06-17;6708;9064;665723;330086;47.3;23.5
94;2021-06-18;6582;11960;672305;342046;47.8;24.3
94;2021-06-19;6013;9594;678318;351640;48.2;25.0
94;2021-06-20;1888;4010;680206;355650;48.4;25.3
94;2021-06-21;4535;11188;684741;366838;48.7;26.1
94;2021-06-22;4847;10812;689588;377650;49.0;26.9
94;2021-06-23;4182;11167;693770;388817;49.3;27.7
94;2021-06-24;4975;10340;698745;399157;49.7;28.4
94;2021-06-25;4294;13740;703039;412897;50.0;29.4
94;2021-06-26;3140;12003;706179;424900;50.2;30.2
94;2021-06-27;1059;4998;707238;429898;50.3;30.6
94;2021-06-28;3503;12078;710741;441976;50.5;31.4
94;2021-06-29;4053;12183;714794;454159;50.8;32.3
94;2021-06-30;4459;11648;719253;465807;51.2;33.1
94;2021-07-01;5683;11121;724936;476928;51.6;33.9
94;2021-07-02;5707;12197;730643;489125;52.0;34.8
94;2021-07-03;3719;11805;734362;500930;52.2;35.6
94;2021-07-04;1516;5091;735878;506021;52.3;36.0
94;2021-07-05;4545;11433;740423;517454;52.7;36.8
94;2021-07-06;4629;10900;745052;528354;53.0;37.6
94;2021-07-07;5041;11089;750093;539443;53.3;38.4
94;2021-07-08;5145;10025;755238;549468;53.7;39.1
94;2021-07-09;6159;11875;761397;561343;54.2;39.9
94;2021-07-10;4129;11365;765526;572708;54.4;40.7
94;2021-07-11;1555;4721;767081;577429;54.6;41.1
94;2021-07-12;4344;11972;771425;589401;54.9;41.9
94;2021-07-13;6436;12049;777861;601450;55.3;42.8
94;2021-07-14;4213;5294;782074;606744;55.6;43.2
94;2021-07-15;7270;12371;789344;619115;56.1;44.0
94;2021-07-16;7829;11320;797173;630435;56.7;44.8
94;2021-07-17;6110;11327;803283;641762;57.1;45.6
94;2021-07-18;2631;4024;805914;645786;57.3;45.9
94;2021-07-19;6951;10447;812865;656233;57.8;46.7
94;2021-07-20;8530;10394;821395;666627;58.4;47.4
94;2021-07-21;8763;9589;830158;676216;59.0;48.1
94;2021-07-22;9772;9427;839930;685643;59.7;48.8
94;2021-07-23;9436;9419;849366;695062;60.4;49.4
94;2021-07-24;7217;8887;856583;703949;60.9;50.1
94;2021-07-25;2192;2740;858775;706689;61.1;50.3
94;2021-07-26;8039;8103;866814;714792;61.6;50.8
94;2021-07-27;8776;7138;875590;721930;62.3;51.3
94;2021-07-28;9068;6567;884658;728497;62.9;51.8
94;2021-07-29;9043;6368;893701;734865;63.6;52.3
94;2021-07-30;8078;6596;901779;741461;64.1;52.7
94;2021-07-31;7227;6306;909006;747767;64.7;53.2
94;2021-08-01;3206;1783;912212;749550;64.9;53.3
94;2021-08-02;6511;5488;918723;755038;65.3;53.7
94;2021-08-03;6298;5214;925021;760252;65.8;54.1
94;2021-08-04;6250;5130;931271;765382;66.2;54.4
94;2021-08-05;5801;5462;937072;770844;66.6;54.8
94;2021-08-06;5636;5839;942708;776683;67.0;55.2
94;2021-08-07;4243;4475;946951;781158;67.3;55.6
94;2021-08-08;1370;1717;948321;782875;67.4;55.7
94;2021-08-09;4871;6805;953192;789680;67.8;56.2
94;2021-08-10;5381;6534;958573;796214;68.2;56.6
94;2021-08-11;4255;5910;962828;802124;68.5;57.0
94;2021-08-12;4388;6508;967216;808632;68.8;57.5
94;2021-08-13;3753;5796;970969;814428;69.1;57.9
94;2021-08-14;2899;5743;973868;820171;69.3;58.3
94;2021-08-15;455;737;974323;820908;69.3;58.4
94;2021-08-16;3479;8289;977802;829197;69.5;59.0
94;2021-08-17;3358;8139;981160;837336;69.8;59.6
94;2021-08-18;3255;8614;984415;845950;70.0;60.2
94;2021-08-19;3307;6905;987722;852855;70.2;60.7
94;2021-08-20;2976;7757;990698;860612;70.5;61.2
94;2021-08-21;2526;7157;993224;867769;70.6;61.7
94;2021-08-22;891;2735;994115;870504;70.7;61.9
94;2021-08-23;2817;8452;996932;878956;70.9;62.5
94;2021-08-24;3122;7513;1000054;886469;71.1;63.0
94;2021-08-25;2727;6737;1002781;893206;71.3;63.5
94;2021-08-26;2558;6135;1005339;899341;71.5;64.0
94;2021-08-27;2630;6565;1007969;905906;71.7;64.4
94;2021-08-28;2543;6489;1010512;912395;71.9;64.9
94;2021-08-29;863;2342;1011375;914737;71.9;65.1
94;2021-08-30;2750;7873;1014125;922610;72.1;65.6
94;2021-08-31;2585;7436;1016710;930046;72.3;66.1
94;2021-09-01;2277;6189;1018987;936235;72.5;66.6
94;2021-09-02;1938;5203;1020925;941438;72.6;67.0
94;2021-09-03;2053;5802;1022978;947240;72.8;67.4
94;2021-09-04;2356;5408;1025334;952648;72.9;67.8
94;2021-09-05;699;1284;1026033;953932;73.0;67.8
94;2021-09-06;1524;4070;1027557;958002;73.1;68.1
94;2021-09-07;1422;3725;1028979;961727;73.2;68.4
94;2021-09-08;1450;3712;1030429;965439;73.3;68.7
94;2021-09-09;1215;3421;1031644;968860;73.4;68.9
94;2021-09-10;1516;4053;1033160;972913;73.5;69.2
94;2021-09-11;1684;4499;1034844;977412;73.6;69.5
94;2021-09-12;409;1178;1035253;978590;73.6;69.6
94;2021-09-13;1009;2791;1036262;981381;73.7;69.8
94;2021-09-14;1222;3322;1037484;984703;73.8;70.0
95;2020-12-27;3;0;3;0;0.0;0.0
95;2020-12-28;6;0;9;0;0.0;0.0
95;2020-12-29;0;0;9;0;0.0;0.0
95;2020-12-30;0;0;9;0;0.0;0.0
95;2020-12-31;2;0;11;0;0.0;0.0
95;2021-01-01;0;0;11;0;0.0;0.0
95;2021-01-02;13;0;24;0;0.0;0.0
95;2021-01-03;1;0;25;0;0.0;0.0
95;2021-01-04;49;0;74;0;0.0;0.0
95;2021-01-05;316;0;390;0;0.0;0.0
95;2021-01-06;192;0;582;0;0.0;0.0
95;2021-01-07;130;1;712;1;0.1;0.0
95;2021-01-08;278;2;990;3;0.1;0.0
95;2021-01-09;251;0;1241;3;0.1;0.0
95;2021-01-10;384;1;1625;4;0.1;0.0
95;2021-01-11;492;1;2117;5;0.2;0.0
95;2021-01-12;864;1;2981;6;0.2;0.0
95;2021-01-13;782;11;3763;17;0.3;0.0
95;2021-01-14;887;12;4650;29;0.4;0.0
95;2021-01-15;758;5;5408;34;0.4;0.0
95;2021-01-16;298;2;5706;36;0.5;0.0
95;2021-01-17;224;1;5930;37;0.5;0.0
95;2021-01-18;1338;5;7268;42;0.6;0.0
95;2021-01-19;1576;5;8844;47;0.7;0.0
95;2021-01-20;2040;3;10884;50;0.9;0.0
95;2021-01-21;1854;5;12738;55;1.0;0.0
95;2021-01-22;1325;6;14063;61;1.1;0.0
95;2021-01-23;648;0;14711;61;1.2;0.0
95;2021-01-24;182;0;14893;61;1.2;0.0
95;2021-01-25;796;32;15689;93;1.3;0.0
95;2021-01-26;987;159;16676;252;1.3;0.0
95;2021-01-27;1251;155;17927;407;1.4;0.0
95;2021-01-28;1720;20;19647;427;1.6;0.0
95;2021-01-29;1249;177;20896;604;1.7;0.0
95;2021-01-30;478;4;21374;608;1.7;0.0
95;2021-01-31;212;1;21586;609;1.7;0.0
95;2021-02-01;566;245;22152;854;1.8;0.1
95;2021-02-02;528;263;22680;1117;1.8;0.1
95;2021-02-03;614;489;23294;1606;1.9;0.1
95;2021-02-04;1066;350;24360;1956;2.0;0.2
95;2021-02-05;732;276;25092;2232;2.0;0.2
95;2021-02-06;337;211;25429;2443;2.0;0.2
95;2021-02-07;141;347;25570;2790;2.0;0.2
95;2021-02-08;765;307;26335;3097;2.1;0.2
95;2021-02-09;1134;1000;27469;4097;2.2;0.3
95;2021-02-10;1264;1316;28733;5413;2.3;0.4
95;2021-02-11;1387;1081;30120;6494;2.4;0.5
95;2021-02-12;1032;902;31152;7396;2.5;0.6
95;2021-02-13;329;261;31481;7657;2.5;0.6
95;2021-02-14;42;148;31523;7805;2.5;0.6
95;2021-02-15;428;786;31951;8591;2.6;0.7
95;2021-02-16;493;626;32444;9217;2.6;0.7
95;2021-02-17;653;907;33097;10124;2.7;0.8
95;2021-02-18;725;1314;33822;11438;2.7;0.9
95;2021-02-19;783;1045;34605;12483;2.8;1.0
95;2021-02-20;306;374;34911;12857;2.8;1.0
95;2021-02-21;165;252;35076;13109;2.8;1.1
95;2021-02-22;327;778;35403;13887;2.8;1.1
95;2021-02-23;368;549;35771;14436;2.9;1.2
95;2021-02-24;310;696;36081;15132;2.9;1.2
95;2021-02-25;730;879;36811;16011;2.9;1.3
95;2021-02-26;989;682;37800;16693;3.0;1.3
95;2021-02-27;365;353;38165;17046;3.1;1.4
95;2021-02-28;61;192;38226;17238;3.1;1.4
95;2021-03-01;772;479;38998;17717;3.1;1.4
95;2021-03-02;1321;757;40319;18474;3.2;1.5
95;2021-03-03;1598;834;41917;19308;3.4;1.5
95;2021-03-04;3197;1051;45114;20359;3.6;1.6
95;2021-03-05;3651;1003;48765;21362;3.9;1.7
95;2021-03-06;4005;457;52770;21819;4.2;1.7
95;2021-03-07;4222;299;56992;22118;4.6;1.8
95;2021-03-08;1541;773;58533;22891;4.7;1.8
95;2021-03-09;2622;461;61155;23352;4.9;1.9
95;2021-03-10;2344;789;63499;24141;5.1;1.9
95;2021-03-11;3138;1088;66637;25229;5.3;2.0
95;2021-03-12;3521;770;70158;25999;5.6;2.1
95;2021-03-13;3519;409;73677;26408;5.9;2.1
95;2021-03-14;1982;291;75659;26699;6.1;2.1
95;2021-03-15;2373;304;78032;27003;6.3;2.2
95;2021-03-16;1575;406;79607;27409;6.4;2.2
95;2021-03-17;2104;410;81711;27819;6.5;2.2
95;2021-03-18;2798;369;84509;28188;6.8;2.3
95;2021-03-19;3476;360;87985;28548;7.0;2.3
95;2021-03-20;2592;204;90577;28752;7.3;2.3
95;2021-03-21;1204;244;91781;28996;7.4;2.3
95;2021-03-22;2938;364;94719;29360;7.6;2.4
95;2021-03-23;3438;458;98157;29818;7.9;2.4
95;2021-03-24;3945;517;102102;30335;8.2;2.4
95;2021-03-25;5860;652;107962;30987;8.6;2.5
95;2021-03-26;5430;686;113392;31673;9.1;2.5
95;2021-03-27;3749;224;117141;31897;9.4;2.6
95;2021-03-28;1535;121;118676;32018;9.5;2.6
95;2021-03-29;2895;574;121571;32592;9.7;2.6
95;2021-03-30;3886;1237;125457;33829;10.0;2.7
95;2021-03-31;3658;1669;129115;35498;10.3;2.8
95;2021-04-01;5485;2268;134600;37766;10.8;3.0
95;2021-04-02;3560;2748;138160;40514;11.1;3.2
95;2021-04-03;2095;2476;140255;42990;11.2;3.4
95;2021-04-04;1247;1201;141502;44191;11.3;3.5
95;2021-04-05;596;64;142098;44255;11.4;3.5
95;2021-04-06;1859;1536;143957;45791;11.5;3.7
95;2021-04-07;4954;2191;148911;47982;11.9;3.8
95;2021-04-08;4898;2466;153809;50448;12.3;4.0
95;2021-04-09;5436;2336;159245;52784;12.8;4.2
95;2021-04-10;3711;1433;162956;54217;13.1;4.3
95;2021-04-11;1567;1037;164523;55254;13.2;4.4
95;2021-04-12;3253;1607;167776;56861;13.4;4.6
95;2021-04-13;3142;1689;170918;58550;13.7;4.7
95;2021-04-14;2752;1988;173670;60538;13.9;4.8
95;2021-04-15;3903;3342;177573;63880;14.2;5.1
95;2021-04-16;4064;3035;181637;66915;14.6;5.4
95;2021-04-17;2375;1758;184012;68673;14.7;5.5
95;2021-04-18;1511;1017;185523;69690;14.9;5.6
95;2021-04-19;2569;2372;188092;72062;15.1;5.8
95;2021-04-20;2121;2457;190213;74519;15.2;6.0
95;2021-04-21;3931;2629;194144;77148;15.6;6.2
95;2021-04-22;3413;4633;197557;81781;15.8;6.6
95;2021-04-23;2767;3554;200324;85335;16.0;6.8
95;2021-04-24;3573;2584;203897;87919;16.3;7.0
95;2021-04-25;1960;1549;205857;89468;16.5;7.2
95;2021-04-26;2753;2701;208610;92169;16.7;7.4
95;2021-04-27;3851;2177;212461;94346;17.0;7.6
95;2021-04-28;3890;2662;216351;97008;17.3;7.8
95;2021-04-29;6141;4541;222492;101549;17.8;8.1
95;2021-04-30;6904;2932;229396;104481;18.4;8.4
95;2021-05-01;2370;918;231766;105399;18.6;8.4
95;2021-05-02;2448;1500;234214;106899;18.8;8.6
95;2021-05-03;5128;1928;239342;108827;19.2;8.7
95;2021-05-04;6353;2720;245695;111547;19.7;8.9
95;2021-05-05;5145;3801;250840;115348;20.1;9.2
95;2021-05-06;8205;4922;259045;120270;20.8;9.6
95;2021-05-07;5777;4748;264822;125018;21.2;10.0
95;2021-05-08;5743;1533;270565;126551;21.7;10.1
95;2021-05-09;2829;1589;273394;128140;21.9;10.3
95;2021-05-10;9975;3185;283369;131325;22.7;10.5
95;2021-05-11;8451;3454;291820;134779;23.4;10.8
95;2021-05-12;9464;3222;301284;138001;24.1;11.1
95;2021-05-13;7957;1204;309241;139205;24.8;11.2
95;2021-05-14;7016;1910;316257;141115;25.3;11.3
95;2021-05-15;4515;1063;320772;142178;25.7;11.4
95;2021-05-16;4826;845;325598;143023;26.1;11.5
95;2021-05-17;7742;1351;333340;144374;26.7;11.6
95;2021-05-18;9469;1858;342809;146232;27.5;11.7
95;2021-05-19;9245;2495;352054;148727;28.2;11.9
95;2021-05-20;12587;2442;364641;151169;29.2;12.1
95;2021-05-21;10175;2535;374816;153704;30.0;12.3
95;2021-05-22;9396;1570;384212;155274;30.8;12.4
95;2021-05-23;4147;961;388359;156235;31.1;12.5
95;2021-05-24;2398;535;390757;156770;31.3;12.6
95;2021-05-25;7212;2082;397969;158852;31.9;12.7
95;2021-05-26;8853;3118;406822;161970;32.6;13.0
95;2021-05-27;10364;4429;417186;166399;33.4;13.3
95;2021-05-28;7687;4417;424873;170816;34.0;13.7
95;2021-05-29;5267;2760;430140;173576;34.5;13.9
95;2021-05-30;3733;1706;433873;175282;34.8;14.0
95;2021-05-31;6430;3328;440303;178610;35.3;14.3
95;2021-06-01;8786;3809;449089;182419;36.0;14.6
95;2021-06-02;8803;4748;457892;187167;36.7;15.0
95;2021-06-03;8533;6561;466425;193728;37.4;15.5
95;2021-06-04;8890;4405;475315;198133;38.1;15.9
95;2021-06-05;8343;3745;483658;201878;38.7;16.2
95;2021-06-06;4841;1619;488499;203497;39.1;16.3
95;2021-06-07;6060;4544;494559;208041;39.6;16.7
95;2021-06-08;6556;5515;501115;213556;40.1;17.1
95;2021-06-09;6270;6475;507385;220031;40.6;17.6
95;2021-06-10;6435;6813;513820;226844;41.2;18.2
95;2021-06-11;7236;6441;521056;233285;41.7;18.7
95;2021-06-12;6005;4373;527061;237658;42.2;19.0
95;2021-06-13;2083;3289;529144;240947;42.4;19.3
95;2021-06-14;5374;5986;534518;246933;42.8;19.8
95;2021-06-15;5743;8069;540261;255002;43.3;20.4
95;2021-06-16;5494;7536;545755;262538;43.7;21.0
95;2021-06-17;6608;8164;552363;270702;44.2;21.7
95;2021-06-18;5834;7860;558197;278562;44.7;22.3
95;2021-06-19;4968;8927;563165;287489;45.1;23.0
95;2021-06-20;1426;3317;564591;290806;45.2;23.3
95;2021-06-21;3543;7713;568134;298519;45.5;23.9
95;2021-06-22;5070;9052;573204;307571;45.9;24.6
95;2021-06-23;4783;10876;577987;318447;46.3;25.5
95;2021-06-24;4942;10726;582929;329173;46.7;26.4
95;2021-06-25;4888;10358;587817;339531;47.1;27.2
95;2021-06-26;4326;8483;592143;348014;47.4;27.9
95;2021-06-27;1035;3996;593178;352010;47.5;28.2
95;2021-06-28;2742;9489;595920;361499;47.7;29.0
95;2021-06-29;2540;8789;598460;370288;47.9;29.7
95;2021-06-30;3957;9995;602417;380283;48.3;30.5
95;2021-07-01;4907;11164;607324;391447;48.6;31.4
95;2021-07-02;4287;10548;611611;401995;49.0;32.2
95;2021-07-03;3539;9159;615150;411154;49.3;32.9
95;2021-07-04;1279;3399;616429;414553;49.4;33.2
95;2021-07-05;2356;4375;618785;418928;49.6;33.6
95;2021-07-06;2777;7750;621562;426678;49.8;34.2
95;2021-07-07;3964;9624;625526;436302;50.1;35.0
95;2021-07-08;5319;9822;630845;446124;50.5;35.7
95;2021-07-09;4557;10075;635402;456199;50.9;36.5
95;2021-07-10;3399;7394;638801;463593;51.2;37.1
95;2021-07-11;1527;3603;640328;467196;51.3;37.4
95;2021-07-12;2992;9693;643320;476889;51.5;38.2
95;2021-07-13;5062;10071;648382;486960;51.9;39.0
95;2021-07-14;4430;5739;652812;492699;52.3;39.5
95;2021-07-15;7403;12364;660215;505063;52.9;40.5
95;2021-07-16;7986;12002;668201;517065;53.5;41.4
95;2021-07-17;5059;7823;673260;524888;53.9;42.0
95;2021-07-18;3490;2911;676750;527799;54.2;42.3
95;2021-07-19;4838;6867;681588;534666;54.6;42.8
95;2021-07-20;6965;8381;688553;543047;55.2;43.5
95;2021-07-21;9265;9451;697818;552498;55.9;44.3
95;2021-07-22;10150;9720;707968;562218;56.7;45.0
95;2021-07-23;10922;10200;718890;572418;57.6;45.9
95;2021-07-24;5265;6237;724155;578655;58.0;46.4
95;2021-07-25;2254;2284;726409;580939;58.2;46.5
95;2021-07-26;4521;4022;730930;584961;58.6;46.9
95;2021-07-27;8509;7045;739439;592006;59.2;47.4
95;2021-07-28;9723;7560;749162;599566;60.0;48.0
95;2021-07-29;8438;5467;757600;605033;60.7;48.5
95;2021-07-30;8517;7772;766117;612805;61.4;49.1
95;2021-07-31;4241;4118;770358;616923;61.7;49.4
95;2021-08-01;2332;1374;772690;618297;61.9;49.5
95;2021-08-02;4151;3915;776841;622212;62.2;49.8
95;2021-08-03;6154;5535;782995;627747;62.7;50.3
95;2021-08-04;6511;6080;789506;633827;63.2;50.8
95;2021-08-05;6868;5730;796374;639557;63.8;51.2
95;2021-08-06;6514;7078;802888;646635;64.3;51.8
95;2021-08-07;2844;3197;805732;649832;64.5;52.1
95;2021-08-08;1378;1890;807110;651722;64.7;52.2
95;2021-08-09;3927;5035;811037;656757;65.0;52.6
95;2021-08-10;5239;5846;816276;662603;65.4;53.1
95;2021-08-11;5365;6561;821641;669164;65.8;53.6
95;2021-08-12;5224;6362;826865;675526;66.2;54.1
95;2021-08-13;3897;5471;830762;680997;66.5;54.6
95;2021-08-14;3566;3323;834328;684320;66.8;54.8
95;2021-08-15;276;356;834604;684676;66.9;54.8
95;2021-08-16;2847;6048;837451;690724;67.1;55.3
95;2021-08-17;3607;7259;841058;697983;67.4;55.9
95;2021-08-18;4243;8072;845301;706055;67.7;56.6
95;2021-08-19;3760;6589;849061;712644;68.0;57.1
95;2021-08-20;3778;7925;852839;720569;68.3;57.7
95;2021-08-21;2708;4302;855547;724871;68.5;58.1
95;2021-08-22;848;2395;856395;727266;68.6;58.3
95;2021-08-23;2456;5650;858851;732916;68.8;58.7
95;2021-08-24;2933;6453;861784;739369;69.0;59.2
95;2021-08-25;3740;8280;865524;747649;69.3;59.9
95;2021-08-26;3124;7534;868648;755183;69.6;60.5
95;2021-08-27;3429;8720;872077;763903;69.9;61.2
95;2021-08-28;2790;5489;874867;769392;70.1;61.6
95;2021-08-29;627;1709;875494;771101;70.1;61.8
95;2021-08-30;2737;6188;878231;777289;70.4;62.3
95;2021-08-31;2770;6500;881001;783789;70.6;62.8
95;2021-09-01;2667;6476;883668;790265;70.8;63.3
95;2021-09-02;1662;4625;885330;794890;70.9;63.7
95;2021-09-03;2185;5837;887515;800727;71.1;64.1
95;2021-09-04;2512;5849;890027;806576;71.3;64.6
95;2021-09-05;404;638;890431;807214;71.3;64.7
95;2021-09-06;1189;3535;891620;810749;71.4;64.9
95;2021-09-07;1377;3445;892997;814194;71.5;65.2
95;2021-09-08;1633;4242;894630;818436;71.7;65.6
95;2021-09-09;1274;3694;895904;822130;71.8;65.9
95;2021-09-10;1543;4001;897447;826131;71.9;66.2
95;2021-09-11;1524;3813;898971;829944;72.0;66.5
95;2021-09-12;313;793;899284;830737;72.0;66.5
95;2021-09-13;867;2559;900151;833296;72.1;66.8
95;2021-09-14;1083;2741;901234;836037;72.2;67.0
971;2020-12-27;0;0;0;0;0.0;0.0
971;2020-12-28;0;0;0;0;0.0;0.0
971;2020-12-29;0;0;0;0;0.0;0.0
971;2020-12-30;0;0;0;0;0.0;0.0
971;2020-12-31;0;0;0;0;0.0;0.0
971;2021-01-01;1;0;1;0;0.0;0.0
971;2021-01-02;0;0;1;0;0.0;0.0
971;2021-01-03;0;0;1;0;0.0;0.0
971;2021-01-04;1;0;2;0;0.0;0.0
971;2021-01-05;0;0;2;0;0.0;0.0
971;2021-01-06;1;0;3;0;0.0;0.0
971;2021-01-07;0;0;3;0;0.0;0.0
971;2021-01-08;57;1;60;1;0.0;0.0
971;2021-01-09;20;0;80;1;0.0;0.0
971;2021-01-10;0;0;80;1;0.0;0.0
971;2021-01-11;60;0;140;1;0.0;0.0
971;2021-01-12;45;0;185;1;0.0;0.0
971;2021-01-13;47;1;232;2;0.1;0.0
971;2021-01-14;63;0;295;2;0.1;0.0
971;2021-01-15;77;0;372;2;0.1;0.0
971;2021-01-16;0;0;372;2;0.1;0.0
971;2021-01-17;0;0;372;2;0.1;0.0
971;2021-01-18;81;1;453;3;0.1;0.0
971;2021-01-19;145;0;598;3;0.2;0.0
971;2021-01-20;135;0;733;3;0.2;0.0
971;2021-01-21;154;1;887;4;0.2;0.0
971;2021-01-22;135;0;1022;4;0.3;0.0
971;2021-01-23;1;0;1023;4;0.3;0.0
971;2021-01-24;0;0;1023;4;0.3;0.0
971;2021-01-25;203;1;1226;5;0.3;0.0
971;2021-01-26;217;1;1443;6;0.4;0.0
971;2021-01-27;236;0;1679;6;0.4;0.0
971;2021-01-28;242;2;1921;8;0.5;0.0
971;2021-01-29;197;2;2118;10;0.6;0.0
971;2021-01-30;25;0;2143;10;0.6;0.0
971;2021-01-31;1;0;2144;10;0.6;0.0
971;2021-02-01;229;3;2373;13;0.6;0.0
971;2021-02-02;246;13;2619;26;0.7;0.0
971;2021-02-03;227;3;2846;29;0.8;0.0
971;2021-02-04;305;21;3151;50;0.8;0.0
971;2021-02-05;281;25;3432;75;0.9;0.0
971;2021-02-06;49;1;3481;76;0.9;0.0
971;2021-02-07;0;0;3481;76;0.9;0.0
971;2021-02-08;257;18;3738;94;1.0;0.0
971;2021-02-09;316;25;4054;119;1.1;0.0
971;2021-02-10;251;21;4305;140;1.1;0.0
971;2021-02-11;298;99;4603;239;1.2;0.1
971;2021-02-12;291;25;4894;264;1.3;0.1
971;2021-02-13;50;4;4944;268;1.3;0.1
971;2021-02-14;19;36;4963;304;1.3;0.1
971;2021-02-15;85;46;5048;350;1.3;0.1
971;2021-02-16;16;1;5064;351;1.3;0.1
971;2021-02-17;17;1;5081;352;1.3;0.1
971;2021-02-18;252;11;5333;363;1.4;0.1
971;2021-02-19;249;15;5582;378;1.5;0.1
971;2021-02-20;49;0;5631;378;1.5;0.1
971;2021-02-21;1;0;5632;378;1.5;0.1
971;2021-02-22;192;47;5824;425;1.5;0.1
971;2021-02-23;206;59;6030;484;1.6;0.1
971;2021-02-24;344;113;6374;597;1.7;0.2
971;2021-02-25;386;65;6760;662;1.8;0.2
971;2021-02-26;232;72;6992;734;1.9;0.2
971;2021-02-27;65;0;7057;734;1.9;0.2
971;2021-02-28;1;0;7058;734;1.9;0.2
971;2021-03-01;180;76;7238;810;1.9;0.2
971;2021-03-02;279;117;7517;927;2.0;0.2
971;2021-03-03;245;99;7762;1026;2.1;0.3
971;2021-03-04;335;74;8097;1100;2.1;0.3
971;2021-03-05;375;134;8472;1234;2.2;0.3
971;2021-03-06;599;9;9071;1243;2.4;0.3
971;2021-03-07;1;0;9072;1243;2.4;0.3
971;2021-03-08;324;132;9396;1375;2.5;0.4
971;2021-03-09;388;135;9784;1510;2.6;0.4
971;2021-03-10;426;155;10210;1665;2.7;0.4
971;2021-03-11;122;43;10332;1708;2.7;0.5
971;2021-03-12;504;217;10836;1925;2.9;0.5
971;2021-03-13;137;3;10973;1928;2.9;0.5
971;2021-03-14;14;21;10987;1949;2.9;0.5
971;2021-03-15;424;43;11411;1992;3.0;0.5
971;2021-03-16;487;81;11898;2073;3.2;0.6
971;2021-03-17;471;69;12369;2142;3.3;0.6
971;2021-03-18;585;82;12954;2224;3.4;0.6
971;2021-03-19;584;89;13538;2313;3.6;0.6
971;2021-03-20;177;15;13715;2328;3.6;0.6
971;2021-03-21;8;0;13723;2328;3.6;0.6
971;2021-03-22;360;87;14083;2415;3.7;0.6
971;2021-03-23;539;155;14622;2570;3.9;0.7
971;2021-03-24;473;97;15095;2667;4.0;0.7
971;2021-03-25;760;180;15855;2847;4.2;0.8
971;2021-03-26;644;120;16499;2967;4.4;0.8
971;2021-03-27;295;33;16794;3000;4.5;0.8
971;2021-03-28;24;2;16818;3002;4.5;0.8
971;2021-03-29;383;85;17201;3087;4.6;0.8
971;2021-03-30;625;164;17826;3251;4.7;0.9
971;2021-03-31;545;132;18371;3383;4.9;0.9
971;2021-04-01;662;196;19033;3579;5.1;0.9
971;2021-04-02;39;34;19072;3613;5.1;1.0
971;2021-04-03;62;2;19134;3615;5.1;1.0
971;2021-04-04;4;17;19138;3632;5.1;1.0
971;2021-04-05;13;0;19151;3632;5.1;1.0
971;2021-04-06;485;193;19636;3825;5.2;1.0
971;2021-04-07;580;118;20216;3943;5.4;1.0
971;2021-04-08;521;156;20737;4099;5.5;1.1
971;2021-04-09;490;210;21227;4309;5.6;1.1
971;2021-04-10;101;5;21328;4314;5.7;1.1
971;2021-04-11;8;9;21336;4323;5.7;1.1
971;2021-04-12;304;259;21640;4582;5.7;1.2
971;2021-04-13;555;324;22195;4906;5.9;1.3
971;2021-04-14;445;228;22640;5134;6.0;1.4
971;2021-04-15;553;311;23193;5445;6.2;1.4
971;2021-04-16;564;274;23757;5719;6.3;1.5
971;2021-04-17;216;4;23973;5723;6.4;1.5
971;2021-04-18;6;13;23979;5736;6.4;1.5
971;2021-04-19;405;242;24384;5978;6.5;1.6
971;2021-04-20;725;344;25109;6322;6.7;1.7
971;2021-04-21;626;316;25735;6638;6.8;1.8
971;2021-04-22;819;323;26554;6961;7.0;1.8
971;2021-04-23;846;248;27400;7209;7.3;1.9
971;2021-04-24;390;68;27790;7277;7.4;1.9
971;2021-04-25;602;63;28392;7340;7.5;1.9
971;2021-04-26;977;219;29369;7559;7.8;2.0
971;2021-04-27;712;235;30081;7794;8.0;2.1
971;2021-04-28;865;268;30946;8062;8.2;2.1
971;2021-04-29;1204;203;32150;8265;8.5;2.2
971;2021-04-30;1270;188;33420;8453;8.9;2.2
971;2021-05-01;606;39;34026;8492;9.0;2.3
971;2021-05-02;355;18;34381;8510;9.1;2.3
971;2021-05-03;922;190;35303;8700;9.4;2.3
971;2021-05-04;961;207;36264;8907;9.6;2.4
971;2021-05-05;1027;251;37291;9158;9.9;2.4
971;2021-05-06;1147;174;38438;9332;10.2;2.5
971;2021-05-07;1264;271;39702;9603;10.5;2.5
971;2021-05-08;324;38;40026;9641;10.6;2.6
971;2021-05-09;183;11;40209;9652;10.7;2.6
971;2021-05-10;840;217;41049;9869;10.9;2.6
971;2021-05-11;964;314;42013;10183;11.1;2.7
971;2021-05-12;907;325;42920;10508;11.4;2.8
971;2021-05-13;212;78;43132;10586;11.4;2.8
971;2021-05-14;861;271;43993;10857;11.7;2.9
971;2021-05-15;487;15;44480;10872;11.8;2.9
971;2021-05-16;182;35;44662;10907;11.9;2.9
971;2021-05-17;721;275;45383;11182;12.0;3.0
971;2021-05-18;742;389;46125;11571;12.2;3.1
971;2021-05-19;703;530;46828;12101;12.4;3.2
971;2021-05-20;810;375;47638;12476;12.6;3.3
971;2021-05-21;827;405;48465;12881;12.9;3.4
971;2021-05-22;506;214;48971;13095;13.0;3.5
971;2021-05-23;201;114;49172;13209;13.0;3.5
971;2021-05-24;201;173;49373;13382;13.1;3.6
971;2021-05-25;549;660;49922;14042;13.2;3.7
971;2021-05-26;595;491;50517;14533;13.4;3.9
971;2021-05-27;133;179;50650;14712;13.4;3.9
971;2021-05-28;518;525;51168;15237;13.6;4.0
971;2021-05-29;238;140;51406;15377;13.6;4.1
971;2021-05-30;75;112;51481;15489;13.7;4.1
971;2021-05-31;453;535;51934;16024;13.8;4.3
971;2021-06-01;592;707;52526;16731;13.9;4.4
971;2021-06-02;577;705;53103;17436;14.1;4.6
971;2021-06-03;508;557;53611;17993;14.2;4.8
971;2021-06-04;835;799;54446;18792;14.4;5.0
971;2021-06-05;317;644;54763;19436;14.5;5.2
971;2021-06-06;139;529;54902;19965;14.6;5.3
971;2021-06-07;422;780;55324;20745;14.7;5.5
971;2021-06-08;492;884;55816;21629;14.8;5.7
971;2021-06-09;503;858;56319;22487;14.9;6.0
971;2021-06-10;539;849;56858;23336;15.1;6.2
971;2021-06-11;469;1233;57327;24569;15.2;6.5
971;2021-06-12;302;658;57629;25227;15.3;6.7
971;2021-06-13;127;313;57756;25540;15.3;6.8
971;2021-06-14;372;3682;58128;29222;15.4;7.8
971;2021-06-15;483;1982;58611;31204;15.6;8.3
971;2021-06-16;478;1433;59089;32637;15.7;8.7
971;2021-06-17;433;1008;59522;33645;15.8;8.9
971;2021-06-18;483;1019;60005;34664;15.9;9.2
971;2021-06-19;316;508;60321;35172;16.0;9.3
971;2021-06-20;111;231;60432;35403;16.0;9.4
971;2021-06-21;347;675;60779;36078;16.1;9.6
971;2021-06-22;333;871;61112;36949;16.2;9.8
971;2021-06-23;370;890;61482;37839;16.3;10.0
971;2021-06-24;417;731;61899;38570;16.4;10.2
971;2021-06-25;455;756;62354;39326;16.5;10.4
971;2021-06-26;301;512;62655;39838;16.6;10.6
971;2021-06-27;116;148;62771;39986;16.7;10.6
971;2021-06-28;303;683;63074;40669;16.7;10.8
971;2021-06-29;390;782;63464;41451;16.8;11.0
971;2021-06-30;441;924;63905;42375;17.0;11.2
971;2021-07-01;364;647;64269;43022;17.1;11.4
971;2021-07-02;429;693;64698;43715;17.2;11.6
971;2021-07-03;274;464;64972;44179;17.2;11.7
971;2021-07-04;112;239;65084;44418;17.3;11.8
971;2021-07-05;329;506;65413;44924;17.4;11.9
971;2021-07-06;386;769;65799;45693;17.5;12.1
971;2021-07-07;377;842;66176;46535;17.6;12.3
971;2021-07-08;415;791;66591;47326;17.7;12.6
971;2021-07-09;434;796;67025;48122;17.8;12.8
971;2021-07-10;245;294;67270;48416;17.8;12.8
971;2021-07-11;170;137;67440;48553;17.9;12.9
971;2021-07-12;477;603;67917;49156;18.0;13.0
971;2021-07-13;875;1004;68792;50160;18.3;13.3
971;2021-07-14;476;283;69268;50443;18.4;13.4
971;2021-07-15;881;839;70149;51282;18.6;13.6
971;2021-07-16;1095;1039;71244;52321;18.9;13.9
971;2021-07-17;648;444;71892;52765;19.1;14.0
971;2021-07-18;401;221;72293;52986;19.2;14.1
971;2021-07-19;579;580;72872;53566;19.3;14.2
971;2021-07-20;836;733;73708;54299;19.6;14.4
971;2021-07-21;767;495;74475;54794;19.8;14.5
971;2021-07-22;988;875;75463;55669;20.0;14.8
971;2021-07-23;1028;753;76491;56422;20.3;15.0
971;2021-07-24;426;384;76917;56806;20.4;15.1
971;2021-07-25;248;261;77165;57067;20.5;15.1
971;2021-07-26;636;562;77801;57629;20.6;15.3
971;2021-07-27;877;583;78678;58212;20.9;15.4
971;2021-07-28;796;655;79474;58867;21.1;15.6
971;2021-07-29;963;665;80437;59532;21.3;15.8
971;2021-07-30;1312;750;81749;60282;21.7;16.0
971;2021-07-31;558;411;82307;60693;21.8;16.1
971;2021-08-01;316;249;82623;60942;21.9;16.2
971;2021-08-02;760;417;83383;61359;22.1;16.3
971;2021-08-03;758;676;84141;62035;22.3;16.5
971;2021-08-04;686;674;84827;62709;22.5;16.6
971;2021-08-05;693;593;85520;63302;22.7;16.8
971;2021-08-06;932;639;86452;63941;22.9;17.0
971;2021-08-07;453;391;86905;64332;23.1;17.1
971;2021-08-08;278;313;87183;64645;23.1;17.2
971;2021-08-09;590;582;87773;65227;23.3;17.3
971;2021-08-10;757;796;88530;66023;23.5;17.5
971;2021-08-11;926;791;89456;66814;23.7;17.7
971;2021-08-12;987;795;90443;67609;24.0;17.9
971;2021-08-13;963;441;91406;68050;24.3;18.1
971;2021-08-14;634;701;92040;68751;24.4;18.2
971;2021-08-15;437;413;92477;69164;24.5;18.4
971;2021-08-16;767;741;93244;69905;24.7;18.5
971;2021-08-17;887;868;94131;70773;25.0;18.8
971;2021-08-18;1268;971;95399;71744;25.3;19.0
971;2021-08-19;1290;926;96689;72670;25.7;19.3
971;2021-08-20;1518;1043;98207;73713;26.1;19.6
971;2021-08-21;715;514;98922;74227;26.2;19.7
971;2021-08-22;361;271;99283;74498;26.3;19.8
971;2021-08-23;865;627;100148;75125;26.6;19.9
971;2021-08-24;1224;792;101372;75917;26.9;20.1
971;2021-08-25;1364;800;102736;76717;27.3;20.4
971;2021-08-26;1363;771;104099;77488;27.6;20.6
971;2021-08-27;1430;1100;105529;78588;28.0;20.9
971;2021-08-28;923;578;106452;79166;28.2;21.0
971;2021-08-29;218;239;106670;79405;28.3;21.1
971;2021-08-30;920;749;107590;80154;28.5;21.3
971;2021-08-31;1205;897;108795;81051;28.9;21.5
971;2021-09-01;1104;912;109899;81963;29.2;21.7
971;2021-09-02;1018;882;110917;82845;29.4;22.0
971;2021-09-03;936;1131;111853;83976;29.7;22.3
971;2021-09-04;528;620;112381;84596;29.8;22.4
971;2021-09-05;125;240;112506;84836;29.9;22.5
971;2021-09-06;603;703;113109;85539;30.0;22.7
971;2021-09-07;613;745;113722;86284;30.2;22.9
971;2021-09-08;689;1054;114411;87338;30.4;23.2
971;2021-09-09;618;1131;115029;88469;30.5;23.5
971;2021-09-10;717;1344;115746;89813;30.7;23.8
971;2021-09-11;398;694;116144;90507;30.8;24.0
971;2021-09-12;82;359;116226;90866;30.8;24.1
971;2021-09-13;336;651;116562;91517;30.9;24.3
971;2021-09-14;480;1137;117042;92654;31.1;24.6
972;2020-12-27;0;0;0;0;0.0;0.0
972;2020-12-28;0;0;0;0;0.0;0.0
972;2020-12-29;0;0;0;0;0.0;0.0
972;2020-12-30;0;0;0;0;0.0;0.0
972;2020-12-31;0;0;0;0;0.0;0.0
972;2021-01-01;0;0;0;0;0.0;0.0
972;2021-01-02;0;0;0;0;0.0;0.0
972;2021-01-03;0;0;0;0;0.0;0.0
972;2021-01-04;0;0;0;0;0.0;0.0
972;2021-01-05;0;0;0;0;0.0;0.0
972;2021-01-06;5;0;5;0;0.0;0.0
972;2021-01-07;31;0;36;0;0.0;0.0
972;2021-01-08;90;0;126;0;0.0;0.0
972;2021-01-09;20;0;146;0;0.0;0.0
972;2021-01-10;0;0;146;0;0.0;0.0
972;2021-01-11;122;0;268;0;0.1;0.0
972;2021-01-12;79;0;347;0;0.1;0.0
972;2021-01-13;65;0;412;0;0.1;0.0
972;2021-01-14;88;1;500;1;0.1;0.0
972;2021-01-15;171;0;671;1;0.2;0.0
972;2021-01-16;51;0;722;1;0.2;0.0
972;2021-01-17;0;0;722;1;0.2;0.0
972;2021-01-18;158;0;880;1;0.2;0.0
972;2021-01-19;168;1;1048;2;0.3;0.0
972;2021-01-20;170;0;1218;2;0.3;0.0
972;2021-01-21;181;2;1399;4;0.4;0.0
972;2021-01-22;173;0;1572;4;0.4;0.0
972;2021-01-23;58;0;1630;4;0.5;0.0
972;2021-01-24;0;0;1630;4;0.5;0.0
972;2021-01-25;161;1;1791;5;0.5;0.0
972;2021-01-26;138;1;1929;6;0.5;0.0
972;2021-01-27;163;4;2092;10;0.6;0.0
972;2021-01-28;152;10;2244;20;0.6;0.0
972;2021-01-29;143;39;2387;59;0.7;0.0
972;2021-01-30;96;16;2483;75;0.7;0.0
972;2021-01-31;0;0;2483;75;0.7;0.0
972;2021-02-01;119;56;2602;131;0.7;0.0
972;2021-02-02;184;74;2786;205;0.8;0.1
972;2021-02-03;132;63;2918;268;0.8;0.1
972;2021-02-04;160;58;3078;326;0.9;0.1
972;2021-02-05;123;74;3201;400;0.9;0.1
972;2021-02-06;62;18;3263;418;0.9;0.1
972;2021-02-07;1;0;3264;418;0.9;0.1
972;2021-02-08;137;54;3401;472;0.9;0.1
972;2021-02-09;177;57;3578;529;1.0;0.1
972;2021-02-10;153;66;3731;595;1.0;0.2
972;2021-02-11;150;74;3881;669;1.1;0.2
972;2021-02-12;152;99;4033;768;1.1;0.2
972;2021-02-13;47;26;4080;794;1.1;0.2
972;2021-02-14;0;0;4080;794;1.1;0.2
972;2021-02-15;51;63;4131;857;1.2;0.2
972;2021-02-16;0;0;4131;857;1.2;0.2
972;2021-02-17;1;3;4132;860;1.2;0.2
972;2021-02-18;69;101;4201;961;1.2;0.3
972;2021-02-19;69;106;4270;1067;1.2;0.3
972;2021-02-20;48;50;4318;1117;1.2;0.3
972;2021-02-21;0;0;4318;1117;1.2;0.3
972;2021-02-22;102;52;4420;1169;1.2;0.3
972;2021-02-23;113;203;4533;1372;1.3;0.4
972;2021-02-24;106;192;4639;1564;1.3;0.4
972;2021-02-25;93;123;4732;1687;1.3;0.5
972;2021-02-26;132;144;4864;1831;1.4;0.5
972;2021-02-27;69;46;4933;1877;1.4;0.5
972;2021-02-28;0;0;4933;1877;1.4;0.5
972;2021-03-01;137;124;5070;2001;1.4;0.6
972;2021-03-02;158;63;5228;2064;1.5;0.6
972;2021-03-03;179;129;5407;2193;1.5;0.6
972;2021-03-04;152;122;5559;2315;1.5;0.6
972;2021-03-05;237;105;5796;2420;1.6;0.7
972;2021-03-06;119;52;5915;2472;1.6;0.7
972;2021-03-07;100;3;6015;2475;1.7;0.7
972;2021-03-08;196;123;6211;2598;1.7;0.7
972;2021-03-09;283;94;6494;2692;1.8;0.8
972;2021-03-10;322;122;6816;2814;1.9;0.8
972;2021-03-11;336;70;7152;2884;2.0;0.8
972;2021-03-12;413;50;7565;2934;2.1;0.8
972;2021-03-13;155;16;7720;2950;2.2;0.8
972;2021-03-14;4;1;7724;2951;2.2;0.8
972;2021-03-15;277;88;8001;3039;2.2;0.8
972;2021-03-16;305;54;8306;3093;2.3;0.9
972;2021-03-17;388;44;8694;3137;2.4;0.9
972;2021-03-18;437;44;9131;3181;2.5;0.9
972;2021-03-19;401;58;9532;3239;2.7;0.9
972;2021-03-20;149;47;9681;3286;2.7;0.9
972;2021-03-21;25;1;9706;3287;2.7;0.9
972;2021-03-22;362;114;10068;3401;2.8;0.9
972;2021-03-23;403;121;10471;3522;2.9;1.0
972;2021-03-24;429;104;10900;3626;3.0;1.0
972;2021-03-25;491;97;11391;3723;3.2;1.0
972;2021-03-26;634;103;12025;3826;3.4;1.1
972;2021-03-27;154;69;12179;3895;3.4;1.1
972;2021-03-28;81;0;12260;3895;3.4;1.1
972;2021-03-29;423;163;12683;4058;3.5;1.1
972;2021-03-30;469;239;13152;4297;3.7;1.2
972;2021-03-31;1150;188;14302;4485;4.0;1.3
972;2021-04-01;955;169;15257;4654;4.3;1.3
972;2021-04-02;896;14;16153;4668;4.5;1.3
972;2021-04-03;789;56;16942;4724;4.7;1.3
972;2021-04-04;751;13;17693;4737;4.9;1.3
972;2021-04-05;829;44;18522;4781;5.2;1.3
972;2021-04-06;885;136;19407;4917;5.4;1.4
972;2021-04-07;1436;325;20843;5242;5.8;1.5
972;2021-04-08;1308;272;22151;5514;6.2;1.5
972;2021-04-09;1240;316;23391;5830;6.5;1.6
972;2021-04-10;838;163;24229;5993;6.8;1.7
972;2021-04-11;621;14;24850;6007;6.9;1.7
972;2021-04-12;868;317;25718;6324;7.2;1.8
972;2021-04-13;881;327;26599;6651;7.4;1.9
972;2021-04-14;960;321;27559;6972;7.7;1.9
972;2021-04-15;959;299;28518;7271;7.9;2.0
972;2021-04-16;996;296;29514;7567;8.2;2.1
972;2021-04-17;529;161;30043;7728;8.4;2.2
972;2021-04-18;339;56;30382;7784;8.5;2.2
972;2021-04-19;668;342;31050;8126;8.7;2.3
972;2021-04-20;868;307;31918;8433;8.9;2.4
972;2021-04-21;1002;353;32920;8786;9.2;2.4
972;2021-04-22;605;308;33525;9094;9.3;2.5
972;2021-04-23;614;463;34139;9557;9.5;2.7
972;2021-04-24;363;197;34502;9754;9.6;2.7
972;2021-04-25;168;199;34670;9953;9.7;2.8
972;2021-04-26;516;540;35186;10493;9.8;2.9
972;2021-04-27;568;607;35754;11100;10.0;3.1
972;2021-04-28;448;690;36202;11790;10.1;3.3
972;2021-04-29;654;640;36856;12430;10.3;3.5
972;2021-04-30;771;682;37627;13112;10.5;3.7
972;2021-05-01;244;246;37871;13358;10.6;3.7
972;2021-05-02;227;512;38098;13870;10.6;3.9
972;2021-05-03;569;770;38667;14640;10.8;4.1
972;2021-05-04;525;678;39192;15318;10.9;4.3
972;2021-05-05;548;896;39740;16214;11.1;4.5
972;2021-05-06;546;785;40286;16999;11.2;4.7
972;2021-05-07;629;1015;40915;18014;11.4;5.0
972;2021-05-08;226;525;41141;18539;11.5;5.2
972;2021-05-09;172;505;41313;19044;11.5;5.3
972;2021-05-10;519;856;41832;19900;11.7;5.5
972;2021-05-11;476;870;42308;20770;11.8;5.8
972;2021-05-12;560;910;42868;21680;11.9;6.0
972;2021-05-13;274;533;43142;22213;12.0;6.2
972;2021-05-14;388;748;43530;22961;12.1;6.4
972;2021-05-15;234;578;43764;23539;12.2;6.6
972;2021-05-16;155;442;43919;23981;12.2;6.7
972;2021-05-17;474;753;44393;24734;12.4;6.9
972;2021-05-18;446;679;44839;25413;12.5;7.1
972;2021-05-19;453;744;45292;26157;12.6;7.3
972;2021-05-20;595;498;45887;26655;12.8;7.4
972;2021-05-21;545;684;46432;27339;12.9;7.6
972;2021-05-22;186;359;46618;27698;13.0;7.7
972;2021-05-23;111;182;46729;27880;13.0;7.8
972;2021-05-24;136;241;46865;28121;13.1;7.8
972;2021-05-25;350;697;47215;28818;13.2;8.0
972;2021-05-26;382;712;47597;29530;13.3;8.2
972;2021-05-27;271;647;47868;30177;13.3;8.4
972;2021-05-28;280;815;48148;30992;13.4;8.6
972;2021-05-29;154;513;48302;31505;13.5;8.8
972;2021-05-30;17;33;48319;31538;13.5;8.8
972;2021-05-31;347;678;48666;32216;13.6;9.0
972;2021-06-01;299;543;48965;32759;13.6;9.1
972;2021-06-02;325;575;49290;33334;13.7;9.3
972;2021-06-03;247;424;49537;33758;13.8;9.4
972;2021-06-04;351;643;49888;34401;13.9;9.6
972;2021-06-05;260;371;50148;34772;14.0;9.7
972;2021-06-06;25;32;50173;34804;14.0;9.7
972;2021-06-07;260;736;50433;35540;14.1;9.9
972;2021-06-08;256;585;50689;36125;14.1;10.1
972;2021-06-09;303;697;50992;36822;14.2;10.3
972;2021-06-10;308;450;51300;37272;14.3;10.4
972;2021-06-11;361;533;51661;37805;14.4;10.5
972;2021-06-12;246;321;51907;38126;14.5;10.6
972;2021-06-13;32;29;51939;38155;14.5;10.6
972;2021-06-14;367;547;52306;38702;14.6;10.8
972;2021-06-15;410;487;52716;39189;14.7;10.9
972;2021-06-16;436;435;53152;39624;14.8;11.0
972;2021-06-17;355;575;53507;40199;14.9;11.2
972;2021-06-18;458;538;53965;40737;15.0;11.4
972;2021-06-19;225;196;54190;40933;15.1;11.4
972;2021-06-20;25;17;54215;40950;15.1;11.4
972;2021-06-21;332;579;54547;41529;15.2;11.6
972;2021-06-22;297;462;54844;41991;15.3;11.7
972;2021-06-23;425;562;55269;42553;15.4;11.9
972;2021-06-24;328;437;55597;42990;15.5;12.0
972;2021-06-25;313;387;55910;43377;15.6;12.1
972;2021-06-26;222;201;56132;43578;15.6;12.1
972;2021-06-27;16;23;56148;43601;15.7;12.2
972;2021-06-28;337;421;56485;44022;15.7;12.3
972;2021-06-29;329;431;56814;44453;15.8;12.4
972;2021-06-30;441;421;57255;44874;16.0;12.5
972;2021-07-01;353;393;57608;45267;16.1;12.6
972;2021-07-02;124;200;57732;45467;16.1;12.7
972;2021-07-03;100;118;57832;45585;16.1;12.7
972;2021-07-04;24;36;57856;45621;16.1;12.7
972;2021-07-05;494;580;58350;46201;16.3;12.9
972;2021-07-06;488;428;58838;46629;16.4;13.0
972;2021-07-07;612;492;59450;47121;16.6;13.1
972;2021-07-08;494;422;59944;47543;16.7;13.3
972;2021-07-09;629;582;60573;48125;16.9;13.4
972;2021-07-10;405;309;60978;48434;17.0;13.5
972;2021-07-11;52;38;61030;48472;17.0;13.5
972;2021-07-12;847;696;61877;49168;17.2;13.7
972;2021-07-13;1473;705;63350;49873;17.7;13.9
972;2021-07-14;133;65;63483;49938;17.7;13.9
972;2021-07-15;1604;679;65087;50617;18.1;14.1
972;2021-07-16;1639;662;66726;51279;18.6;14.3
972;2021-07-17;1096;365;67822;51644;18.9;14.4
972;2021-07-18;56;39;67878;51683;18.9;14.4
972;2021-07-19;1146;652;69024;52335;19.2;14.6
972;2021-07-20;1131;577;70155;52912;19.6;14.7
972;2021-07-21;1093;598;71248;53510;19.9;14.9
972;2021-07-22;905;523;72153;54033;20.1;15.1
972;2021-07-23;968;484;73121;54517;20.4;15.2
972;2021-07-24;505;223;73626;54740;20.5;15.3
972;2021-07-25;51;63;73677;54803;20.5;15.3
972;2021-07-26;685;522;74362;55325;20.7;15.4
972;2021-07-27;1028;515;75390;55840;21.0;15.6
972;2021-07-28;645;560;76035;56400;21.2;15.7
972;2021-07-29;840;548;76875;56948;21.4;15.9
972;2021-07-30;902;615;77777;57563;21.7;16.0
972;2021-07-31;559;275;78336;57838;21.8;16.1
972;2021-08-01;83;33;78419;57871;21.9;16.1
972;2021-08-02;813;814;79232;58685;22.1;16.4
972;2021-08-03;733;742;79965;59427;22.3;16.6
972;2021-08-04;785;569;80750;59996;22.5;16.7
972;2021-08-05;915;589;81665;60585;22.8;16.9
972;2021-08-06;1196;893;82861;61478;23.1;17.1
972;2021-08-07;669;570;83530;62048;23.3;17.3
972;2021-08-08;85;83;83615;62131;23.3;17.3
972;2021-08-09;1128;1062;84743;63193;23.6;17.6
972;2021-08-10;1199;1039;85942;64232;24.0;17.9
972;2021-08-11;1232;918;87174;65150;24.3;18.2
972;2021-08-12;1451;930;88625;66080;24.7;18.4
972;2021-08-13;1311;642;89936;66722;25.1;18.6
972;2021-08-14;839;322;90775;67044;25.3;18.7
972;2021-08-15;70;55;90845;67099;25.3;18.7
972;2021-08-16;1277;1046;92122;68145;25.7;19.0
972;2021-08-17;1177;1188;93299;69333;26.0;19.3
972;2021-08-18;1237;1175;94536;70508;26.4;19.7
972;2021-08-19;1282;891;95818;71399;26.7;19.9
972;2021-08-20;1330;893;97148;72292;27.1;20.2
972;2021-08-21;758;625;97906;72917;27.3;20.3
972;2021-08-22;47;82;97953;72999;27.3;20.3
972;2021-08-23;1176;856;99129;73855;27.6;20.6
972;2021-08-24;1368;877;100497;74732;28.0;20.8
972;2021-08-25;1067;767;101564;75499;28.3;21.0
972;2021-08-26;1277;800;102841;76299;28.7;21.3
972;2021-08-27;1276;1077;104117;77376;29.0;21.6
972;2021-08-28;770;749;104887;78125;29.2;21.8
972;2021-08-29;100;63;104987;78188;29.3;21.8
972;2021-08-30;1137;1122;106124;79310;29.6;22.1
972;2021-08-31;899;1104;107023;80414;29.8;22.4
972;2021-09-01;798;1130;107821;81544;30.1;22.7
972;2021-09-02;871;1210;108692;82754;30.3;23.1
972;2021-09-03;754;1313;109446;84067;30.5;23.4
972;2021-09-04;612;907;110058;84974;30.7;23.7
972;2021-09-05;144;133;110202;85107;30.7;23.7
972;2021-09-06;591;1062;110793;86169;30.9;24.0
972;2021-09-07;631;985;111424;87154;31.1;24.3
972;2021-09-08;579;1146;112003;88300;31.2;24.6
972;2021-09-09;511;1115;112514;89415;31.4;24.9
972;2021-09-10;559;1341;113073;90756;31.5;25.3
972;2021-09-11;481;919;113554;91675;31.7;25.6
972;2021-09-12;107;112;113661;91787;31.7;25.6
972;2021-09-13;446;1129;114107;92916;31.8;25.9
972;2021-09-14;455;1146;114562;94062;31.9;26.2
973;2020-12-27;0;0;0;0;0.0;0.0
973;2020-12-28;0;0;0;0;0.0;0.0
973;2020-12-29;0;0;0;0;0.0;0.0
973;2020-12-30;0;0;0;0;0.0;0.0
973;2020-12-31;0;0;0;0;0.0;0.0
973;2021-01-01;0;0;0;0;0.0;0.0
973;2021-01-02;1;1;1;1;0.0;0.0
973;2021-01-03;0;0;1;1;0.0;0.0
973;2021-01-04;0;0;1;1;0.0;0.0
973;2021-01-05;0;0;1;1;0.0;0.0
973;2021-01-06;0;0;1;1;0.0;0.0
973;2021-01-07;0;0;1;1;0.0;0.0
973;2021-01-08;0;0;1;1;0.0;0.0
973;2021-01-09;0;0;1;1;0.0;0.0
973;2021-01-10;0;0;1;1;0.0;0.0
973;2021-01-11;0;0;1;1;0.0;0.0
973;2021-01-12;0;0;1;1;0.0;0.0
973;2021-01-13;30;0;31;1;0.0;0.0
973;2021-01-14;46;0;77;1;0.0;0.0
973;2021-01-15;35;0;112;1;0.0;0.0
973;2021-01-16;18;1;130;2;0.0;0.0
973;2021-01-17;0;0;130;2;0.0;0.0
973;2021-01-18;63;0;193;2;0.1;0.0
973;2021-01-19;150;1;343;3;0.1;0.0
973;2021-01-20;134;0;477;3;0.2;0.0
973;2021-01-21;118;0;595;3;0.2;0.0
973;2021-01-22;76;0;671;3;0.2;0.0
973;2021-01-23;0;0;671;3;0.2;0.0
973;2021-01-24;0;0;671;3;0.2;0.0
973;2021-01-25;56;0;727;3;0.3;0.0
973;2021-01-26;100;2;827;5;0.3;0.0
973;2021-01-27;109;1;936;6;0.3;0.0
973;2021-01-28;96;3;1032;9;0.4;0.0
973;2021-01-29;104;3;1136;12;0.4;0.0
973;2021-01-30;0;0;1136;12;0.4;0.0
973;2021-01-31;0;0;1136;12;0.4;0.0
973;2021-02-01;54;0;1190;12;0.4;0.0
973;2021-02-02;122;5;1312;17;0.5;0.0
973;2021-02-03;119;6;1431;23;0.5;0.0
973;2021-02-04;79;25;1510;48;0.5;0.0
973;2021-02-05;66;8;1576;56;0.5;0.0
973;2021-02-06;0;0;1576;56;0.5;0.0
973;2021-02-07;0;0;1576;56;0.5;0.0
973;2021-02-08;52;12;1628;68;0.6;0.0
973;2021-02-09;92;38;1720;106;0.6;0.0
973;2021-02-10;101;37;1821;143;0.6;0.0
973;2021-02-11;105;90;1926;233;0.7;0.1
973;2021-02-12;89;59;2015;292;0.7;0.1
973;2021-02-13;0;0;2015;292;0.7;0.1
973;2021-02-14;0;0;2015;292;0.7;0.1
973;2021-02-15;27;57;2042;349;0.7;0.1
973;2021-02-16;123;45;2165;394;0.7;0.1
973;2021-02-17;145;110;2310;504;0.8;0.2
973;2021-02-18;103;124;2413;628;0.8;0.2
973;2021-02-19;122;70;2535;698;0.9;0.2
973;2021-02-20;0;0;2535;698;0.9;0.2
973;2021-02-21;0;0;2535;698;0.9;0.2
973;2021-02-22;78;46;2613;744;0.9;0.3
973;2021-02-23;158;99;2771;843;1.0;0.3
973;2021-02-24;190;118;2961;961;1.0;0.3
973;2021-02-25;259;86;3220;1047;1.1;0.4
973;2021-02-26;264;62;3484;1109;1.2;0.4
973;2021-02-27;120;1;3604;1110;1.2;0.4
973;2021-02-28;0;0;3604;1110;1.2;0.4
973;2021-03-01;182;83;3786;1193;1.3;0.4
973;2021-03-02;256;103;4042;1296;1.4;0.4
973;2021-03-03;255;122;4297;1418;1.5;0.5
973;2021-03-04;281;83;4578;1501;1.6;0.5
973;2021-03-05;274;46;4852;1547;1.7;0.5
973;2021-03-06;118;2;4970;1549;1.7;0.5
973;2021-03-07;0;0;4970;1549;1.7;0.5
973;2021-03-08;188;39;5158;1588;1.8;0.5
973;2021-03-09;351;87;5509;1675;1.9;0.6
973;2021-03-10;359;105;5868;1780;2.0;0.6
973;2021-03-11;271;109;6139;1889;2.1;0.6
973;2021-03-12;288;95;6427;1984;2.2;0.7
973;2021-03-13;112;4;6539;1988;2.2;0.7
973;2021-03-14;0;0;6539;1988;2.2;0.7
973;2021-03-15;181;27;6720;2015;2.3;0.7
973;2021-03-16;243;139;6963;2154;2.4;0.7
973;2021-03-17;274;127;7237;2281;2.5;0.8
973;2021-03-18;249;154;7486;2435;2.6;0.8
973;2021-03-19;283;128;7769;2563;2.7;0.9
973;2021-03-20;259;17;8028;2580;2.8;0.9
973;2021-03-21;120;2;8148;2582;2.8;0.9
973;2021-03-22;219;109;8367;2691;2.9;0.9
973;2021-03-23;275;193;8642;2884;3.0;1.0
973;2021-03-24;235;215;8877;3099;3.1;1.1
973;2021-03-25;168;179;9045;3278;3.1;1.1
973;2021-03-26;190;303;9235;3581;3.2;1.2
973;2021-03-27;58;93;9293;3674;3.2;1.3
973;2021-03-28;0;0;9293;3674;3.2;1.3
973;2021-03-29;175;246;9468;3920;3.3;1.3
973;2021-03-30;446;237;9914;4157;3.4;1.4
973;2021-03-31;319;291;10233;4448;3.5;1.5
973;2021-04-01;446;260;10679;4708;3.7;1.6
973;2021-04-02;310;277;10989;4985;3.8;1.7
973;2021-04-03;159;121;11148;5106;3.8;1.8
973;2021-04-04;1;0;11149;5106;3.8;1.8
973;2021-04-05;118;14;11267;5120;3.9;1.8
973;2021-04-06;440;334;11707;5454;4.0;1.9
973;2021-04-07;503;344;12210;5798;4.2;2.0
973;2021-04-08;514;269;12724;6067;4.4;2.1
973;2021-04-09;498;226;13222;6293;4.5;2.2
973;2021-04-10;147;91;13369;6384;4.6;2.2
973;2021-04-11;2;0;13371;6384;4.6;2.2
973;2021-04-12;551;267;13922;6651;4.8;2.3
973;2021-04-13;673;244;14595;6895;5.0;2.4
973;2021-04-14;721;313;15316;7208;5.3;2.5
973;2021-04-15;777;248;16093;7456;5.5;2.6
973;2021-04-16;761;303;16854;7759;5.8;2.7
973;2021-04-17;499;137;17353;7896;6.0;2.7
973;2021-04-18;499;46;17852;7942;6.1;2.7
973;2021-04-19;715;252;18567;8194;6.4;2.8
973;2021-04-20;607;280;19174;8474;6.6;2.9
973;2021-04-21;873;250;20047;8724;6.9;3.0
973;2021-04-22;727;231;20774;8955;7.1;3.1
973;2021-04-23;705;232;21479;9187;7.4;3.2
973;2021-04-24;524;97;22003;9284;7.6;3.2
973;2021-04-25;611;50;22614;9334;7.8;3.2
973;2021-04-26;779;233;23393;9567;8.0;3.3
973;2021-04-27;819;344;24212;9911;8.3;3.4
973;2021-04-28;746;331;24958;10242;8.6;3.5
973;2021-04-29;665;285;25623;10527;8.8;3.6
973;2021-04-30;710;260;26333;10787;9.1;3.7
973;2021-05-01;211;29;26544;10816;9.1;3.7
973;2021-05-02;602;85;27146;10901;9.3;3.8
973;2021-05-03;557;390;27703;11291;9.5;3.9
973;2021-05-04;665;326;28368;11617;9.8;4.0
973;2021-05-05;701;455;29069;12072;10.0;4.2
973;2021-05-06;694;477;29763;12549;10.2;4.3
973;2021-05-07;595;473;30358;13022;10.4;4.5
973;2021-05-08;344;59;30702;13081;10.6;4.5
973;2021-05-09;263;72;30965;13153;10.7;4.5
973;2021-05-10;440;611;31405;13764;10.8;4.7
973;2021-05-11;398;497;31803;14261;10.9;4.9
973;2021-05-12;513;647;32316;14908;11.1;5.1
973;2021-05-13;334;99;32650;15007;11.2;5.2
973;2021-05-14;486;555;33136;15562;11.4;5.4
973;2021-05-15;257;348;33393;15910;11.5;5.5
973;2021-05-16;207;210;33600;16120;11.6;5.5
973;2021-05-17;447;599;34047;16719;11.7;5.8
973;2021-05-18;564;569;34611;17288;11.9;5.9
973;2021-05-19;534;552;35145;17840;12.1;6.1
973;2021-05-20;644;451;35789;18291;12.3;6.3
973;2021-05-21;504;609;36293;18900;12.5;6.5
973;2021-05-22;167;500;36460;19400;12.5;6.7
973;2021-05-23;271;475;36731;19875;12.6;6.8
973;2021-05-24;562;249;37293;20124;12.8;6.9
973;2021-05-25;500;745;37793;20869;13.0;7.2
973;2021-05-26;452;683;38245;21552;13.2;7.4
973;2021-05-27;710;527;38955;22079;13.4;7.6
973;2021-05-28;580;554;39535;22633;13.6;7.8
973;2021-05-29;258;360;39793;22993;13.7;7.9
973;2021-05-30;151;399;39944;23392;13.7;8.0
973;2021-05-31;356;574;40300;23966;13.9;8.2
973;2021-06-01;422;468;40722;24434;14.0;8.4
973;2021-06-02;565;555;41287;24989;14.2;8.6
973;2021-06-03;526;470;41813;25459;14.4;8.8
973;2021-06-04;604;495;42417;25954;14.6;8.9
973;2021-06-05;273;292;42690;26246;14.7;9.0
973;2021-06-06;211;301;42901;26547;14.8;9.1
973;2021-06-07;489;452;43390;26999;14.9;9.3
973;2021-06-08;547;315;43937;27314;15.1;9.4
973;2021-06-09;531;390;44468;27704;15.3;9.5
973;2021-06-10;358;291;44826;27995;15.4;9.6
973;2021-06-11;438;467;45264;28462;15.6;9.8
973;2021-06-12;170;283;45434;28745;15.6;9.9
973;2021-06-13;214;268;45648;29013;15.7;10.0
973;2021-06-14;385;549;46033;29562;15.8;10.2
973;2021-06-15;376;445;46409;30007;16.0;10.3
973;2021-06-16;488;459;46897;30466;16.1;10.5
973;2021-06-17;437;579;47334;31045;16.3;10.7
973;2021-06-18;396;563;47730;31608;16.4;10.9
973;2021-06-19;235;260;47965;31868;16.5;11.0
973;2021-06-20;127;270;48092;32138;16.5;11.1
973;2021-06-21;336;603;48428;32741;16.7;11.3
973;2021-06-22;376;462;48804;33203;16.8;11.4
973;2021-06-23;344;539;49148;33742;16.9;11.6
973;2021-06-24;443;500;49591;34242;17.1;11.8
973;2021-06-25;446;559;50037;34801;17.2;12.0
973;2021-06-26;172;320;50209;35121;17.3;12.1
973;2021-06-27;121;170;50330;35291;17.3;12.1
973;2021-06-28;317;593;50647;35884;17.4;12.3
973;2021-06-29;379;507;51026;36391;17.6;12.5
973;2021-06-30;411;680;51437;37071;17.7;12.8
973;2021-07-01;433;399;51870;37470;17.8;12.9
973;2021-07-02;518;524;52388;37994;18.0;13.1
973;2021-07-03;210;274;52598;38268;18.1;13.2
973;2021-07-04;86;243;52684;38511;18.1;13.2
973;2021-07-05;363;547;53047;39058;18.2;13.4
973;2021-07-06;350;474;53397;39532;18.4;13.6
973;2021-07-07;376;415;53773;39947;18.5;13.7
973;2021-07-08;300;329;54073;40276;18.6;13.9
973;2021-07-09;394;435;54467;40711;18.7;14.0
973;2021-07-10;168;278;54635;40989;18.8;14.1
973;2021-07-11;102;163;54737;41152;18.8;14.2
973;2021-07-12;406;497;55143;41649;19.0;14.3
973;2021-07-13;682;560;55825;42209;19.2;14.5
973;2021-07-14;392;161;56217;42370;19.3;14.6
973;2021-07-15;653;527;56870;42897;19.6;14.8
973;2021-07-16;603;486;57473;43383;19.8;14.9
973;2021-07-17;347;285;57820;43668;19.9;15.0
973;2021-07-18;252;124;58072;43792;20.0;15.1
973;2021-07-19;524;457;58596;44249;20.2;15.2
973;2021-07-20;563;494;59159;44743;20.4;15.4
973;2021-07-21;696;398;59855;45141;20.6;15.5
973;2021-07-22;654;454;60509;45595;20.8;15.7
973;2021-07-23;603;369;61112;45964;21.0;15.8
973;2021-07-24;327;241;61439;46205;21.1;15.9
973;2021-07-25;166;111;61605;46316;21.2;15.9
973;2021-07-26;442;346;62047;46662;21.3;16.1
973;2021-07-27;543;359;62590;47021;21.5;16.2
973;2021-07-28;449;371;63039;47392;21.7;16.3
973;2021-07-29;536;431;63575;47823;21.9;16.5
973;2021-07-30;539;408;64114;48231;22.1;16.6
973;2021-07-31;204;163;64318;48394;22.1;16.6
973;2021-08-01;139;132;64457;48526;22.2;16.7
973;2021-08-02;397;432;64854;48958;22.3;16.8
973;2021-08-03;432;402;65286;49360;22.5;17.0
973;2021-08-04;308;372;65594;49732;22.6;17.1
973;2021-08-05;344;362;65938;50094;22.7;17.2
973;2021-08-06;365;527;66303;50621;22.8;17.4
973;2021-08-07;164;266;66467;50887;22.9;17.5
973;2021-08-08;123;177;66590;51064;22.9;17.6
973;2021-08-09;332;472;66922;51536;23.0;17.7
973;2021-08-10;363;515;67285;52051;23.1;17.9
973;2021-08-11;586;517;67871;52568;23.3;18.1
973;2021-08-12;551;583;68422;53151;23.5;18.3
973;2021-08-13;361;234;68783;53385;23.7;18.4
973;2021-08-14;256;402;69039;53787;23.7;18.5
973;2021-08-15;122;138;69161;53925;23.8;18.6
973;2021-08-16;307;471;69468;54396;23.9;18.7
973;2021-08-17;359;398;69827;54794;24.0;18.8
973;2021-08-18;299;440;70126;55234;24.1;19.0
973;2021-08-19;322;482;70448;55716;24.2;19.2
973;2021-08-20;308;400;70756;56116;24.3;19.3
973;2021-08-21;160;257;70916;56373;24.4;19.4
973;2021-08-22;114;183;71030;56556;24.4;19.5
973;2021-08-23;283;382;71313;56938;24.5;19.6
973;2021-08-24;308;464;71621;57402;24.6;19.7
973;2021-08-25;274;343;71895;57745;24.7;19.9
973;2021-08-26;309;404;72204;58149;24.8;20.0
973;2021-08-27;348;426;72552;58575;25.0;20.2
973;2021-08-28;141;267;72693;58842;25.0;20.2
973;2021-08-29;83;184;72776;59026;25.0;20.3
973;2021-08-30;218;349;72994;59375;25.1;20.4
973;2021-08-31;297;373;73291;59748;25.2;20.6
973;2021-09-01;252;399;73543;60147;25.3;20.7
973;2021-09-02;296;412;73839;60559;25.4;20.8
973;2021-09-03;274;353;74113;60912;25.5;21.0
973;2021-09-04;147;201;74260;61113;25.5;21.0
973;2021-09-05;70;93;74330;61206;25.6;21.1
973;2021-09-06;159;240;74489;61446;25.6;21.1
973;2021-09-07;188;262;74677;61708;25.7;21.2
973;2021-09-08;216;420;74893;62128;25.8;21.4
973;2021-09-09;213;311;75106;62439;25.8;21.5
973;2021-09-10;224;322;75330;62761;25.9;21.6
973;2021-09-11;124;295;75454;63056;26.0;21.7
973;2021-09-12;60;97;75514;63153;26.0;21.7
973;2021-09-13;218;230;75732;63383;26.1;21.8
973;2021-09-14;261;298;75993;63681;26.1;21.9
974;2020-12-27;0;0;0;0;0.0;0.0
974;2020-12-28;0;0;0;0;0.0;0.0
974;2020-12-29;0;0;0;0;0.0;0.0
974;2020-12-30;0;0;0;0;0.0;0.0
974;2020-12-31;0;0;0;0;0.0;0.0
974;2021-01-01;1;0;1;0;0.0;0.0
974;2021-01-02;0;0;1;0;0.0;0.0
974;2021-01-03;0;0;1;0;0.0;0.0
974;2021-01-04;0;0;1;0;0.0;0.0
974;2021-01-05;2;0;3;0;0.0;0.0
974;2021-01-06;0;0;3;0;0.0;0.0
974;2021-01-07;0;0;3;0;0.0;0.0
974;2021-01-08;0;0;3;0;0.0;0.0
974;2021-01-09;1;0;4;0;0.0;0.0
974;2021-01-10;0;0;4;0;0.0;0.0
974;2021-01-11;0;0;4;0;0.0;0.0
974;2021-01-12;0;0;4;0;0.0;0.0
974;2021-01-13;0;0;4;0;0.0;0.0
974;2021-01-14;0;0;4;0;0.0;0.0
974;2021-01-15;333;0;337;0;0.0;0.0
974;2021-01-16;27;0;364;0;0.0;0.0
974;2021-01-17;0;0;364;0;0.0;0.0
974;2021-01-18;49;1;413;1;0.0;0.0
974;2021-01-19;394;0;807;1;0.1;0.0
974;2021-01-20;482;1;1289;2;0.1;0.0
974;2021-01-21;614;2;1903;4;0.2;0.0
974;2021-01-22;414;1;2317;5;0.3;0.0
974;2021-01-23;75;0;2392;5;0.3;0.0
974;2021-01-24;0;0;2392;5;0.3;0.0
974;2021-01-25;273;2;2665;7;0.3;0.0
974;2021-01-26;429;0;3094;7;0.4;0.0
974;2021-01-27;316;0;3410;7;0.4;0.0
974;2021-01-28;409;0;3819;7;0.4;0.0
974;2021-01-29;422;3;4241;10;0.5;0.0
974;2021-01-30;421;1;4662;11;0.5;0.0
974;2021-01-31;0;0;4662;11;0.5;0.0
974;2021-02-01;373;4;5035;15;0.6;0.0
974;2021-02-02;501;3;5536;18;0.6;0.0
974;2021-02-03;602;9;6138;27;0.7;0.0
974;2021-02-04;629;16;6767;43;0.8;0.0
974;2021-02-05;564;97;7331;140;0.9;0.0
974;2021-02-06;501;6;7832;146;0.9;0.0
974;2021-02-07;0;8;7832;154;0.9;0.0
974;2021-02-08;470;32;8302;186;1.0;0.0
974;2021-02-09;787;63;9089;249;1.1;0.0
974;2021-02-10;820;86;9909;335;1.2;0.0
974;2021-02-11;796;86;10705;421;1.2;0.0
974;2021-02-12;638;91;11343;512;1.3;0.1
974;2021-02-13;654;75;11997;587;1.4;0.1
974;2021-02-14;1;0;11998;587;1.4;0.1
974;2021-02-15;527;122;12525;709;1.5;0.1
974;2021-02-16;651;524;13176;1233;1.5;0.1
974;2021-02-17;593;310;13769;1543;1.6;0.2
974;2021-02-18;495;382;14264;1925;1.7;0.2
974;2021-02-19;497;305;14761;2230;1.7;0.3
974;2021-02-20;577;106;15338;2336;1.8;0.3
974;2021-02-21;0;0;15338;2336;1.8;0.3
974;2021-02-22;403;208;15741;2544;1.8;0.3
974;2021-02-23;608;201;16349;2745;1.9;0.3
974;2021-02-24;584;218;16933;2963;2.0;0.3
974;2021-02-25;649;246;17582;3209;2.0;0.4
974;2021-02-26;485;407;18067;3616;2.1;0.4
974;2021-02-27;384;396;18451;4012;2.1;0.5
974;2021-02-28;0;0;18451;4012;2.1;0.5
974;2021-03-01;293;327;18744;4339;2.2;0.5
974;2021-03-02;486;434;19230;4773;2.2;0.6
974;2021-03-03;757;488;19987;5261;2.3;0.6
974;2021-03-04;777;450;20764;5711;2.4;0.7
974;2021-03-05;729;470;21493;6181;2.5;0.7
974;2021-03-06;813;496;22306;6677;2.6;0.8
974;2021-03-07;0;0;22306;6677;2.6;0.8
974;2021-03-08;436;494;22742;7171;2.6;0.8
974;2021-03-09;671;740;23413;7911;2.7;0.9
974;2021-03-10;644;795;24057;8706;2.8;1.0
974;2021-03-11;701;603;24758;9309;2.9;1.1
974;2021-03-12;731;644;25489;9953;3.0;1.2
974;2021-03-13;669;578;26158;10531;3.0;1.2
974;2021-03-14;2;0;26160;10531;3.0;1.2
974;2021-03-15;508;486;26668;11017;3.1;1.3
974;2021-03-16;681;675;27349;11692;3.2;1.4
974;2021-03-17;848;516;28197;12208;3.3;1.4
974;2021-03-18;1021;492;29218;12700;3.4;1.5
974;2021-03-19;786;524;30004;13224;3.5;1.5
974;2021-03-20;578;585;30582;13809;3.6;1.6
974;2021-03-21;0;0;30582;13809;3.6;1.6
974;2021-03-22;566;459;31148;14268;3.6;1.7
974;2021-03-23;780;633;31928;14901;3.7;1.7
974;2021-03-24;792;641;32720;15542;3.8;1.8
974;2021-03-25;934;531;33654;16073;3.9;1.9
974;2021-03-26;923;447;34577;16520;4.0;1.9
974;2021-03-27;781;334;35358;16854;4.1;2.0
974;2021-03-28;1;0;35359;16854;4.1;2.0
974;2021-03-29;961;270;36320;17124;4.2;2.0
974;2021-03-30;884;493;37204;17617;4.3;2.0
974;2021-03-31;739;652;37943;18269;4.4;2.1
974;2021-04-01;718;705;38661;18974;4.5;2.2
974;2021-04-02;688;753;39349;19727;4.6;2.3
974;2021-04-03;699;696;40048;20423;4.7;2.4
974;2021-04-04;0;0;40048;20423;4.7;2.4
974;2021-04-05;0;0;40048;20423;4.7;2.4
974;2021-04-06;796;635;40844;21058;4.7;2.4
974;2021-04-07;1367;780;42211;21838;4.9;2.5
974;2021-04-08;1792;768;44003;22606;5.1;2.6
974;2021-04-09;1509;774;45512;23380;5.3;2.7
974;2021-04-10;1137;643;46649;24023;5.4;2.8
974;2021-04-11;2;0;46651;24023;5.4;2.8
974;2021-04-12;1238;546;47889;24569;5.6;2.9
974;2021-04-13;1439;750;49328;25319;5.7;2.9
974;2021-04-14;2070;767;51398;26086;6.0;3.0
974;2021-04-15;2506;954;53904;27040;6.3;3.1
974;2021-04-16;1936;782;55840;27822;6.5;3.2
974;2021-04-17;1290;603;57130;28425;6.6;3.3
974;2021-04-18;0;0;57130;28425;6.6;3.3
974;2021-04-19;1374;562;58504;28987;6.8;3.4
974;2021-04-20;1651;804;60155;29791;7.0;3.5
974;2021-04-21;2126;626;62281;30417;7.2;3.5
974;2021-04-22;2953;820;65234;31237;7.6;3.6
974;2021-04-23;2312;818;67546;32055;7.9;3.7
974;2021-04-24;1111;804;68657;32859;8.0;3.8
974;2021-04-25;3;0;68660;32859;8.0;3.8
974;2021-04-26;1173;913;69833;33772;8.1;3.9
974;2021-04-27;1686;1027;71519;34799;8.3;4.0
974;2021-04-28;2901;749;74420;35548;8.7;4.1
974;2021-04-29;3949;813;78369;36361;9.1;4.2
974;2021-04-30;3451;905;81820;37266;9.5;4.3
974;2021-05-01;2106;226;83926;37492;9.8;4.4
974;2021-05-02;1;0;83927;37492;9.8;4.4
974;2021-05-03;1865;575;85792;38067;10.0;4.4
974;2021-05-04;2127;1092;87919;39159;10.2;4.6
974;2021-05-05;3121;1642;91040;40801;10.6;4.7
974;2021-05-06;4003;1587;95043;42388;11.1;4.9
974;2021-05-07;3229;1524;98272;43912;11.4;5.1
974;2021-05-08;1578;504;99850;44416;11.6;5.2
974;2021-05-09;2;1;99852;44417;11.6;5.2
974;2021-05-10;2414;1001;102266;45418;11.9;5.3
974;2021-05-11;3652;1640;105918;47058;12.3;5.5
974;2021-05-12;4723;2404;110641;49462;12.9;5.8
974;2021-05-13;3557;596;114198;50058;13.3;5.8
974;2021-05-14;5277;2518;119475;52576;13.9;6.1
974;2021-05-15;3158;1536;122633;54112;14.3;6.3
974;2021-05-16;17;18;122650;54130;14.3;6.3
974;2021-05-17;2998;1496;125648;55626;14.6;6.5
974;2021-05-18;3765;1804;129413;57430;15.0;6.7
974;2021-05-19;4692;2433;134105;59863;15.6;7.0
974;2021-05-20;5139;2852;139244;62715;16.2;7.3
974;2021-05-21;4997;2632;144241;65347;16.8;7.6
974;2021-05-22;3371;1256;147612;66603;17.2;7.7
974;2021-05-23;6;3;147618;66606;17.2;7.7
974;2021-05-24;3644;1079;151262;67685;17.6;7.9
974;2021-05-25;4250;1914;155512;69599;18.1;8.1
974;2021-05-26;4992;2992;160504;72591;18.7;8.4
974;2021-05-27;4620;4100;165124;76691;19.2;8.9
974;2021-05-28;4386;3835;169510;80526;19.7;9.4
974;2021-05-29;2555;2457;172065;82983;20.0;9.6
974;2021-05-30;8;14;172073;82997;20.0;9.7
974;2021-05-31;2349;2248;174422;85245;20.3;9.9
974;2021-06-01;3302;2760;177724;88005;20.7;10.2
974;2021-06-02;3971;3364;181695;91369;21.1;10.6
974;2021-06-03;4044;3649;185739;95018;21.6;11.0
974;2021-06-04;3851;3758;189590;98776;22.0;11.5
974;2021-06-05;2214;1931;191804;100707;22.3;11.7
974;2021-06-06;1074;134;192878;100841;22.4;11.7
974;2021-06-07;2012;2526;194890;103367;22.7;12.0
974;2021-06-08;2558;3338;197448;106705;23.0;12.4
974;2021-06-09;2985;4837;200433;111542;23.3;13.0
974;2021-06-10;3413;4465;203846;116007;23.7;13.5
974;2021-06-11;2842;4621;206688;120628;24.0;14.0
974;2021-06-12;1727;3376;208415;124004;24.2;14.4
974;2021-06-13;1324;246;209739;124250;24.4;14.4
974;2021-06-14;1490;3183;211229;127433;24.6;14.8
974;2021-06-15;2061;3618;213290;131051;24.8;15.2
974;2021-06-16;2749;4657;216039;135708;25.1;15.8
974;2021-06-17;2522;4895;218561;140603;25.4;16.3
974;2021-06-18;2598;4893;221159;145496;25.7;16.9
974;2021-06-19;1303;3517;222462;149013;25.9;17.3
974;2021-06-20;632;289;223094;149302;25.9;17.4
974;2021-06-21;1265;3235;224359;152537;26.1;17.7
974;2021-06-22;1621;3762;225980;156299;26.3;18.2
974;2021-06-23;2257;4994;228237;161293;26.5;18.8
974;2021-06-24;2282;4069;230519;165362;26.8;19.2
974;2021-06-25;2188;4106;232707;169468;27.1;19.7
974;2021-06-26;1401;2712;234108;172180;27.2;20.0
974;2021-06-27;665;268;234773;172448;27.3;20.1
974;2021-06-28;1306;2479;236079;174927;27.5;20.3
974;2021-06-29;1757;2846;237836;177773;27.7;20.7
974;2021-06-30;2564;3847;240400;181620;28.0;21.1
974;2021-07-01;2700;3826;243100;185446;28.3;21.6
974;2021-07-02;2513;3711;245613;189157;28.6;22.0
974;2021-07-03;1614;2456;247227;191613;28.7;22.3
974;2021-07-04;881;1038;248108;192651;28.9;22.4
974;2021-07-05;1696;2221;249804;194872;29.0;22.7
974;2021-07-06;2575;2545;252379;197417;29.3;23.0
974;2021-07-07;2663;3134;255042;200551;29.7;23.3
974;2021-07-08;2418;3171;257460;203722;29.9;23.7
974;2021-07-09;2763;3429;260223;207151;30.3;24.1
974;2021-07-10;1619;2192;261842;209343;30.4;24.3
974;2021-07-11;729;1017;262571;210360;30.5;24.5
974;2021-07-12;1748;2604;264319;212964;30.7;24.8
974;2021-07-13;4431;3342;268750;216306;31.3;25.2
974;2021-07-14;3298;605;272048;216911;31.6;25.2
974;2021-07-15;5558;4020;277606;220931;32.3;25.7
974;2021-07-16;6243;3297;283849;224228;33.0;26.1
974;2021-07-17;4374;1914;288223;226142;33.5;26.3
974;2021-07-18;2673;765;290896;226907;33.8;26.4
974;2021-07-19;4651;2030;295547;228937;34.4;26.6
974;2021-07-20;6235;2425;301782;231362;35.1;26.9
974;2021-07-21;6747;2854;308529;234216;35.9;27.2
974;2021-07-22;7143;2822;315672;237038;36.7;27.6
974;2021-07-23;6640;2980;322312;240018;37.5;27.9
974;2021-07-24;3802;2064;326114;242082;37.9;28.2
974;2021-07-25;2522;754;328636;242836;38.2;28.2
974;2021-07-26;4374;2093;333010;244929;38.7;28.5
974;2021-07-27;5442;2560;338452;247489;39.4;28.8
974;2021-07-28;5395;2902;343847;250391;40.0;29.1
974;2021-07-29;5745;2807;349592;253198;40.7;29.4
974;2021-07-30;5875;2580;355467;255778;41.3;29.7
974;2021-07-31;3938;1648;359405;257426;41.8;29.9
974;2021-08-01;1906;713;361311;258139;42.0;30.0
974;2021-08-02;3411;1865;364722;260004;42.4;30.2
974;2021-08-03;4305;4071;369027;264075;42.9;30.7
974;2021-08-04;4877;4229;373904;268304;43.5;31.2
974;2021-08-05;4440;4663;378344;272967;44.0;31.7
974;2021-08-06;4084;5099;382428;278066;44.5;32.3
974;2021-08-07;2746;4041;385174;282107;44.8;32.8
974;2021-08-08;1481;2264;386655;284371;45.0;33.1
974;2021-08-09;2573;4521;389228;288892;45.3;33.6
974;2021-08-10;3791;4963;393019;293855;45.7;34.2
974;2021-08-11;4629;5448;397648;299303;46.2;34.8
974;2021-08-12;4716;5914;402364;305217;46.8;35.5
974;2021-08-13;4459;5824;406823;311041;47.3;36.2
974;2021-08-14;2606;4326;409429;315367;47.6;36.7
974;2021-08-15;1573;2175;411002;317542;47.8;36.9
974;2021-08-16;2346;4178;413348;321720;48.1;37.4
974;2021-08-17;3175;4529;416523;326249;48.4;37.9
974;2021-08-18;3343;5897;419866;332146;48.8;38.6
974;2021-08-19;3303;4905;423169;337051;49.2;39.2
974;2021-08-20;3423;5269;426592;342320;49.6;39.8
974;2021-08-21;1821;4615;428413;346935;49.8;40.3
974;2021-08-22;1020;1944;429433;348879;49.9;40.6
974;2021-08-23;1805;3325;431238;352204;50.1;41.0
974;2021-08-24;2450;3774;433688;355978;50.4;41.4
974;2021-08-25;2881;5213;436569;361191;50.8;42.0
974;2021-08-26;2655;3868;439224;365059;51.1;42.5
974;2021-08-27;2762;4001;441986;369060;51.4;42.9
974;2021-08-28;1841;3876;443827;372936;51.6;43.4
974;2021-08-29;749;1575;444576;374511;51.7;43.5
974;2021-08-30;1559;2532;446135;377043;51.9;43.8
974;2021-08-31;1843;3348;447978;380391;52.1;44.2
974;2021-09-01;2383;4903;450361;385294;52.4;44.8
974;2021-09-02;2234;4314;452595;389608;52.6;45.3
974;2021-09-03;2318;4535;454913;394143;52.9;45.8
974;2021-09-04;1578;3918;456491;398061;53.1;46.3
974;2021-09-05;604;1337;457095;399398;53.2;46.4
974;2021-09-06;1211;2551;458306;401949;53.3;46.7
974;2021-09-07;1359;3205;459665;405154;53.5;47.1
974;2021-09-08;2088;3957;461753;409111;53.7;47.6
974;2021-09-09;1783;3423;463536;412534;53.9;48.0
974;2021-09-10;1909;3814;465445;416348;54.1;48.4
974;2021-09-11;1509;2499;466954;418847;54.3;48.7
974;2021-09-12;389;970;467343;419817;54.3;48.8
974;2021-09-13;1065;1938;468408;421755;54.5;49.0
974;2021-09-14;1463;2452;469871;424207;54.6;49.3
976;2020-12-27;0;0;0;0;0.0;0.0
976;2020-12-28;0;0;0;0;0.0;0.0
976;2020-12-29;0;0;0;0;0.0;0.0
976;2020-12-30;0;0;0;0;0.0;0.0
976;2020-12-31;0;0;0;0;0.0;0.0
976;2021-01-01;0;0;0;0;0.0;0.0
976;2021-01-02;0;0;0;0;0.0;0.0
976;2021-01-03;0;0;0;0;0.0;0.0
976;2021-01-04;0;0;0;0;0.0;0.0
976;2021-01-05;0;0;0;0;0.0;0.0
976;2021-01-06;0;0;0;0;0.0;0.0
976;2021-01-07;0;0;0;0;0.0;0.0
976;2021-01-08;0;0;0;0;0.0;0.0
976;2021-01-09;0;0;0;0;0.0;0.0
976;2021-01-10;0;0;0;0;0.0;0.0
976;2021-01-11;9;0;9;0;0.0;0.0
976;2021-01-12;0;0;9;0;0.0;0.0
976;2021-01-13;0;0;9;0;0.0;0.0
976;2021-01-14;0;0;9;0;0.0;0.0
976;2021-01-15;1;0;10;0;0.0;0.0
976;2021-01-16;1;0;11;0;0.0;0.0
976;2021-01-17;0;0;11;0;0.0;0.0
976;2021-01-18;1;0;12;0;0.0;0.0
976;2021-01-19;0;0;12;0;0.0;0.0
976;2021-01-20;0;0;12;0;0.0;0.0
976;2021-01-21;1;1;13;1;0.0;0.0
976;2021-01-22;0;0;13;1;0.0;0.0
976;2021-01-23;1;0;14;1;0.0;0.0
976;2021-01-24;0;0;14;1;0.0;0.0
976;2021-01-25;143;3;157;4;0.1;0.0
976;2021-01-26;167;2;324;6;0.1;0.0
976;2021-01-27;250;3;574;9;0.2;0.0
976;2021-01-28;102;7;676;16;0.2;0.0
976;2021-01-29;231;3;907;19;0.3;0.0
976;2021-01-30;285;11;1192;30;0.4;0.0
976;2021-01-31;1;0;1193;30;0.4;0.0
976;2021-02-01;161;2;1354;32;0.5;0.0
976;2021-02-02;330;11;1684;43;0.6;0.0
976;2021-02-03;228;3;1912;46;0.7;0.0
976;2021-02-04;216;9;2128;55;0.8;0.0
976;2021-02-05;213;0;2341;55;0.8;0.0
976;2021-02-06;83;10;2424;65;0.9;0.0
976;2021-02-07;0;0;2424;65;0.9;0.0
976;2021-02-08;82;3;2506;68;0.9;0.0
976;2021-02-09;194;1;2700;69;1.0;0.0
976;2021-02-10;187;5;2887;74;1.0;0.0
976;2021-02-11;236;4;3123;78;1.1;0.0
976;2021-02-12;289;4;3412;82;1.2;0.0
976;2021-02-13;56;0;3468;82;1.2;0.0
976;2021-02-14;1;0;3469;82;1.2;0.0
976;2021-02-15;360;7;3829;89;1.4;0.0
976;2021-02-16;266;9;4095;98;1.5;0.0
976;2021-02-17;167;9;4262;107;1.5;0.0
976;2021-02-18;218;14;4480;121;1.6;0.0
976;2021-02-19;237;24;4717;145;1.7;0.1
976;2021-02-20;139;9;4856;154;1.7;0.1
976;2021-02-21;0;0;4856;154;1.7;0.1
976;2021-02-22;130;117;4986;271;1.8;0.1
976;2021-02-23;185;152;5171;423;1.9;0.2
976;2021-02-24;176;145;5347;568;1.9;0.2
976;2021-02-25;227;273;5574;841;2.0;0.3
976;2021-02-26;242;245;5816;1086;2.1;0.4
976;2021-02-27;0;0;5816;1086;2.1;0.4
976;2021-02-28;0;0;5816;1086;2.1;0.4
976;2021-03-01;146;256;5962;1342;2.1;0.5
976;2021-03-02;229;259;6191;1601;2.2;0.6
976;2021-03-03;202;189;6393;1790;2.3;0.6
976;2021-03-04;205;142;6598;1932;2.4;0.7
976;2021-03-05;224;116;6822;2048;2.4;0.7
976;2021-03-06;1;0;6823;2048;2.4;0.7
976;2021-03-07;1;0;6824;2048;2.4;0.7
976;2021-03-08;189;111;7013;2159;2.5;0.8
976;2021-03-09;391;162;7404;2321;2.6;0.8
976;2021-03-10;180;178;7584;2499;2.7;0.9
976;2021-03-11;167;207;7751;2706;2.8;1.0
976;2021-03-12;237;294;7988;3000;2.9;1.1
976;2021-03-13;3;0;7991;3000;2.9;1.1
976;2021-03-14;0;0;7991;3000;2.9;1.1
976;2021-03-15;157;295;8148;3295;2.9;1.2
976;2021-03-16;238;226;8386;3521;3.0;1.3
976;2021-03-17;264;145;8650;3666;3.1;1.3
976;2021-03-18;174;236;8824;3902;3.2;1.4
976;2021-03-19;173;297;8997;4199;3.2;1.5
976;2021-03-20;0;0;8997;4199;3.2;1.5
976;2021-03-21;0;0;8997;4199;3.2;1.5
976;2021-03-22;97;136;9094;4335;3.3;1.6
976;2021-03-23;136;239;9230;4574;3.3;1.6
976;2021-03-24;160;146;9390;4720;3.4;1.7
976;2021-03-25;185;206;9575;4926;3.4;1.8
976;2021-03-26;160;212;9735;5138;3.5;1.8
976;2021-03-27;18;0;9753;5138;3.5;1.8
976;2021-03-28;1;0;9754;5138;3.5;1.8
976;2021-03-29;0;2;9754;5140;3.5;1.8
976;2021-03-30;273;336;10027;5476;3.6;2.0
976;2021-03-31;225;125;10252;5601;3.7;2.0
976;2021-04-01;246;104;10498;5705;3.8;2.0
976;2021-04-02;289;262;10787;5967;3.9;2.1
976;2021-04-03;905;310;11692;6277;4.2;2.2
976;2021-04-04;2;0;11694;6277;4.2;2.2
976;2021-04-05;1;0;11695;6277;4.2;2.2
976;2021-04-06;162;277;11857;6554;4.2;2.3
976;2021-04-07;237;266;12094;6820;4.3;2.4
976;2021-04-08;284;139;12378;6959;4.4;2.5
976;2021-04-09;249;171;12627;7130;4.5;2.6
976;2021-04-10;181;114;12808;7244;4.6;2.6
976;2021-04-11;7;0;12815;7244;4.6;2.6
976;2021-04-12;0;18;12815;7262;4.6;2.6
976;2021-04-13;394;345;13209;7607;4.7;2.7
976;2021-04-14;239;205;13448;7812;4.8;2.8
976;2021-04-15;209;117;13657;7929;4.9;2.8
976;2021-04-16;214;127;13871;8056;5.0;2.9
976;2021-04-17;226;131;14097;8187;5.0;2.9
976;2021-04-18;1;0;14098;8187;5.0;2.9
976;2021-04-19;7;1;14105;8188;5.0;2.9
976;2021-04-20;369;222;14474;8410;5.2;3.0
976;2021-04-21;412;150;14886;8560;5.3;3.1
976;2021-04-22;410;150;15296;8710;5.5;3.1
976;2021-04-23;367;166;15663;8876;5.6;3.2
976;2021-04-24;413;128;16076;9004;5.8;3.2
976;2021-04-25;2;0;16078;9004;5.8;3.2
976;2021-04-26;55;8;16133;9012;5.8;3.2
976;2021-04-27;351;293;16484;9305;5.9;3.3
976;2021-04-28;357;513;16841;9818;6.0;3.5
976;2021-04-29;559;344;17400;10162;6.2;3.6
976;2021-04-30;408;238;17808;10400;6.4;3.7
976;2021-05-01;673;286;18481;10686;6.6;3.8
976;2021-05-02;0;0;18481;10686;6.6;3.8
976;2021-05-03;141;6;18622;10692;6.7;3.8
976;2021-05-04;354;426;18976;11118;6.8;4.0
976;2021-05-05;448;318;19424;11436;7.0;4.1
976;2021-05-06;320;202;19744;11638;7.1;4.2
976;2021-05-07;341;133;20085;11771;7.2;4.2
976;2021-05-08;307;141;20392;11912;7.3;4.3
976;2021-05-09;0;0;20392;11912;7.3;4.3
976;2021-05-10;9;9;20401;11921;7.3;4.3
976;2021-05-11;363;491;20764;12412;7.4;4.4
976;2021-05-12;334;310;21098;12722;7.5;4.6
976;2021-05-13;126;96;21224;12818;7.6;4.6
976;2021-05-14;0;0;21224;12818;7.6;4.6
976;2021-05-15;486;282;21710;13100;7.8;4.7
976;2021-05-16;1;0;21711;13100;7.8;4.7
976;2021-05-17;124;51;21835;13151;7.8;4.7
976;2021-05-18;517;430;22352;13581;8.0;4.9
976;2021-05-19;653;663;23005;14244;8.2;5.1
976;2021-05-20;1060;498;24065;14742;8.6;5.3
976;2021-05-21;1047;313;25112;15055;9.0;5.4
976;2021-05-22;1243;299;26355;15354;9.4;5.5
976;2021-05-23;0;0;26355;15354;9.4;5.5
976;2021-05-24;1;0;26356;15354;9.4;5.5
976;2021-05-25;890;623;27246;15977;9.7;5.7
976;2021-05-26;1036;842;28282;16819;10.1;6.0
976;2021-05-27;1326;514;29608;17333;10.6;6.2
976;2021-05-28;958;375;30566;17708;10.9;6.3
976;2021-05-29;1131;392;31697;18100;11.3;6.5
976;2021-05-30;1;1;31698;18101;11.3;6.5
976;2021-05-31;105;6;31803;18107;11.4;6.5
976;2021-06-01;1154;652;32957;18759;11.8;6.7
976;2021-06-02;1242;529;34199;19288;12.2;6.9
976;2021-06-03;816;354;35015;19642;12.5;7.0
976;2021-06-04;1003;324;36018;19966;12.9;7.1
976;2021-06-05;679;299;36697;20265;13.1;7.3
976;2021-06-06;1;0;36698;20265;13.1;7.3
976;2021-06-07;91;12;36789;20277;13.2;7.3
976;2021-06-08;962;444;37751;20721;13.5;7.4
976;2021-06-09;972;550;38723;21271;13.9;7.6
976;2021-06-10;703;232;39426;21503;14.1;7.7
976;2021-06-11;851;365;40277;21868;14.4;7.8
976;2021-06-12;585;276;40862;22144;14.6;7.9
976;2021-06-13;2;0;40864;22144;14.6;7.9
976;2021-06-14;187;112;41051;22256;14.7;8.0
976;2021-06-15;416;839;41467;23095;14.8;8.3
976;2021-06-16;893;1442;42360;24537;15.2;8.8
976;2021-06-17;802;661;43162;25198;15.4;9.0
976;2021-06-18;710;621;43872;25819;15.7;9.2
976;2021-06-19;538;644;44410;26463;15.9;9.5
976;2021-06-20;1;0;44411;26463;15.9;9.5
976;2021-06-21;128;132;44539;26595;15.9;9.5
976;2021-06-22;431;1150;44970;27745;16.1;9.9
976;2021-06-23;689;1187;45659;28932;16.3;10.4
976;2021-06-24;481;546;46140;29478;16.5;10.5
976;2021-06-25;547;479;46687;29957;16.7;10.7
976;2021-06-26;391;693;47078;30650;16.8;11.0
976;2021-06-27;1;0;47079;30650;16.8;11.0
976;2021-06-28;108;191;47187;30841;16.9;11.0
976;2021-06-29;744;974;47931;31815;17.2;11.4
976;2021-06-30;709;947;48640;32762;17.4;11.7
976;2021-07-01;583;548;49223;33310;17.6;11.9
976;2021-07-02;453;431;49676;33741;17.8;12.1
976;2021-07-03;445;423;50121;34164;17.9;12.2
976;2021-07-04;2;0;50123;34164;17.9;12.2
976;2021-07-05;121;224;50244;34388;18.0;12.3
976;2021-07-06;503;865;50747;35253;18.2;12.6
976;2021-07-07;771;1016;51518;36269;18.4;13.0
976;2021-07-08;831;637;52349;36906;18.7;13.2
976;2021-07-09;791;519;53140;37425;19.0;13.4
976;2021-07-10;441;320;53581;37745;19.2;13.5
976;2021-07-11;0;0;53581;37745;19.2;13.5
976;2021-07-12;165;172;53746;37917;19.2;13.6
976;2021-07-13;857;1000;54603;38917;19.5;13.9
976;2021-07-14;0;5;54603;38922;19.5;13.9
976;2021-07-15;1230;816;55833;39738;20.0;14.2
976;2021-07-16;1310;660;57143;40398;20.4;14.5
976;2021-07-17;1049;377;58192;40775;20.8;14.6
976;2021-07-18;0;0;58192;40775;20.8;14.6
976;2021-07-19;206;134;58398;40909;20.9;14.6
976;2021-07-20;1161;878;59559;41787;21.3;15.0
976;2021-07-21;35;29;59594;41816;21.3;15.0
976;2021-07-22;1127;665;60721;42481;21.7;15.2
976;2021-07-23;1210;546;61931;43027;22.2;15.4
976;2021-07-24;863;439;62794;43466;22.5;15.6
976;2021-07-25;2;0;62796;43466;22.5;15.6
976;2021-07-26;181;36;62977;43502;22.5;15.6
976;2021-07-27;1146;826;64123;44328;22.9;15.9
976;2021-07-28;1042;636;65165;44964;23.3;16.1
976;2021-07-29;1243;569;66408;45533;23.8;16.3
976;2021-07-30;1216;411;67624;45944;24.2;16.4
976;2021-07-31;768;277;68392;46221;24.5;16.5
976;2021-08-01;5;3;68397;46224;24.5;16.5
976;2021-08-02;323;176;68720;46400;24.6;16.6
976;2021-08-03;1512;938;70232;47338;25.1;16.9
976;2021-08-04;1840;810;72072;48148;25.8;17.2
976;2021-08-05;1474;503;73546;48651;26.3;17.4
976;2021-08-06;1695;507;75241;49158;26.9;17.6
976;2021-08-07;922;356;76163;49514;27.3;17.7
976;2021-08-08;7;1;76170;49515;27.3;17.7
976;2021-08-09;525;236;76695;49751;27.4;17.8
976;2021-08-10;1645;1381;78340;51132;28.0;18.3
976;2021-08-11;2044;1240;80384;52372;28.8;18.7
976;2021-08-12;1707;615;82091;52987;29.4;19.0
976;2021-08-13;1568;530;83659;53517;29.9;19.1
976;2021-08-14;834;454;84493;53971;30.2;19.3
976;2021-08-15;0;0;84493;53971;30.2;19.3
976;2021-08-16;560;291;85053;54262;30.4;19.4
976;2021-08-17;1814;1301;86867;55563;31.1;19.9
976;2021-08-18;2202;1222;89069;56785;31.9;20.3
976;2021-08-19;1946;549;91015;57334;32.6;20.5
976;2021-08-20;1745;543;92760;57877;33.2;20.7
976;2021-08-21;1037;520;93797;58397;33.6;20.9
976;2021-08-22;7;0;93804;58397;33.6;20.9
976;2021-08-23;510;271;94314;58668;33.7;21.0
976;2021-08-24;1029;1007;95343;59675;34.1;21.4
976;2021-08-25;1059;1290;96402;60965;34.5;21.8
976;2021-08-26;885;571;97287;61536;34.8;22.0
976;2021-08-27;725;561;98012;62097;35.1;22.2
976;2021-08-28;466;855;98478;62952;35.2;22.5
976;2021-08-29;0;12;98478;62964;35.2;22.5
976;2021-08-30;142;256;98620;63220;35.3;22.6
976;2021-08-31;638;1161;99258;64381;35.5;23.0
976;2021-09-01;753;1392;100011;65773;35.8;23.5
976;2021-09-02;835;900;100846;66673;36.1;23.9
976;2021-09-03;895;1291;101741;67964;36.4;24.3
976;2021-09-04;427;996;102168;68960;36.6;24.7
976;2021-09-05;0;1;102168;68961;36.6;24.7
976;2021-09-06;444;401;102612;69362;36.7;24.8
976;2021-09-07;659;698;103271;70060;37.0;25.1
976;2021-09-08;1043;1263;104314;71323;37.3;25.5
976;2021-09-09;808;1013;105122;72336;37.6;25.9
976;2021-09-10;954;1077;106076;73413;38.0;26.3
976;2021-09-11;497;1035;106573;74448;38.1;26.6
976;2021-09-12;0;32;106573;74480;38.1;26.7
976;2021-09-13;619;609;107192;75089;38.4;26.9
976;2021-09-14;852;714;108044;75803;38.7;27.1
977;2020-12-27;0;0;0;0;0.0;0.0
977;2020-12-28;0;0;0;0;0.0;0.0
977;2020-12-29;0;0;0;0;0.0;0.0
977;2020-12-30;0;0;0;0;0.0;0.0
977;2020-12-31;0;0;0;0;0.0;0.0
977;2021-01-01;0;0;0;0;0.0;0.0
977;2021-01-02;0;0;0;0;0.0;0.0
977;2021-01-03;0;0;0;0;0.0;0.0
977;2021-01-04;0;0;0;0;0.0;0.0
977;2021-01-05;0;0;0;0;0.0;0.0
977;2021-01-06;0;0;0;0;0.0;0.0
977;2021-01-07;0;0;0;0;0.0;0.0
977;2021-01-08;0;0;0;0;0.0;0.0
977;2021-01-09;0;0;0;0;0.0;0.0
977;2021-01-10;0;0;0;0;0.0;0.0
977;2021-01-11;0;0;0;0;0.0;0.0
977;2021-01-12;0;0;0;0;0.0;0.0
977;2021-01-13;0;0;0;0;0.0;0.0
977;2021-01-14;0;0;0;0;0.0;0.0
977;2021-01-15;0;0;0;0;0.0;0.0
977;2021-01-16;0;0;0;0;0.0;0.0
977;2021-01-17;0;0;0;0;0.0;0.0
977;2021-01-18;1;0;1;0;0.0;0.0
977;2021-01-19;0;0;1;0;0.0;0.0
977;2021-01-20;0;0;1;0;0.0;0.0
977;2021-01-21;12;0;13;0;0.1;0.0
977;2021-01-22;12;0;25;0;0.3;0.0
977;2021-01-23;0;0;25;0;0.3;0.0
977;2021-01-24;0;0;25;0;0.3;0.0
977;2021-01-25;0;0;25;0;0.3;0.0
977;2021-01-26;0;0;25;0;0.3;0.0
977;2021-01-27;12;0;37;0;0.4;0.0
977;2021-01-28;1;0;38;0;0.4;0.0
977;2021-01-29;6;0;44;0;0.4;0.0
977;2021-01-30;0;0;44;0;0.4;0.0
977;2021-01-31;0;0;44;0;0.4;0.0
977;2021-02-01;0;0;44;0;0.4;0.0
977;2021-02-02;0;0;44;0;0.4;0.0
977;2021-02-03;11;0;55;0;0.6;0.0
977;2021-02-04;12;0;67;0;0.7;0.0
977;2021-02-05;11;0;78;0;0.8;0.0
977;2021-02-06;0;0;78;0;0.8;0.0
977;2021-02-07;0;0;78;0;0.8;0.0
977;2021-02-08;0;0;78;0;0.8;0.0
977;2021-02-09;14;0;92;0;0.9;0.0
977;2021-02-10;0;0;92;0;0.9;0.0
977;2021-02-11;18;0;110;0;1.1;0.0
977;2021-02-12;46;0;156;0;1.6;0.0
977;2021-02-13;0;0;156;0;1.6;0.0
977;2021-02-14;0;0;156;0;1.6;0.0
977;2021-02-15;0;0;156;0;1.6;0.0
977;2021-02-16;0;0;156;0;1.6;0.0
977;2021-02-17;0;0;156;0;1.6;0.0
977;2021-02-18;18;0;174;0;1.7;0.0
977;2021-02-19;35;0;209;0;2.1;0.0
977;2021-02-20;0;0;209;0;2.1;0.0
977;2021-02-21;0;0;209;0;2.1;0.0
977;2021-02-22;0;0;209;0;2.1;0.0
977;2021-02-23;0;18;209;18;2.1;0.2
977;2021-02-24;0;0;209;18;2.1;0.2
977;2021-02-25;15;3;224;21;2.2;0.2
977;2021-02-26;33;17;257;38;2.6;0.4
977;2021-02-27;0;0;257;38;2.6;0.4
977;2021-02-28;0;0;257;38;2.6;0.4
977;2021-03-01;0;0;257;38;2.6;0.4
977;2021-03-02;19;11;276;49;2.8;0.5
977;2021-03-03;0;0;276;49;2.8;0.5
977;2021-03-04;16;9;292;58;2.9;0.6
977;2021-03-05;35;16;327;74;3.3;0.7
977;2021-03-06;0;0;327;74;3.3;0.7
977;2021-03-07;0;0;327;74;3.3;0.7
977;2021-03-08;0;0;327;74;3.3;0.7
977;2021-03-09;1;0;328;74;3.3;0.7
977;2021-03-10;0;0;328;74;3.3;0.7
977;2021-03-11;20;26;348;100;3.5;1.0
977;2021-03-12;62;41;410;141;4.1;1.4
977;2021-03-13;0;0;410;141;4.1;1.4
977;2021-03-14;0;0;410;141;4.1;1.4
977;2021-03-15;0;0;410;141;4.1;1.4
977;2021-03-16;30;10;440;151;4.4;1.5
977;2021-03-17;0;0;440;151;4.4;1.5
977;2021-03-18;30;16;470;167;4.7;1.7
977;2021-03-19;58;27;528;194;5.3;1.9
977;2021-03-20;0;0;528;194;5.3;1.9
977;2021-03-21;0;0;528;194;5.3;1.9
977;2021-03-22;0;0;528;194;5.3;1.9
977;2021-03-23;0;0;528;194;5.3;1.9
977;2021-03-24;0;0;528;194;5.3;1.9
977;2021-03-25;65;17;593;211;6.0;2.1
977;2021-03-26;73;25;666;236;6.7;2.4
977;2021-03-27;0;0;666;236;6.7;2.4
977;2021-03-28;0;0;666;236;6.7;2.4
977;2021-03-29;0;0;666;236;6.7;2.4
977;2021-03-30;40;17;706;253;7.1;2.5
977;2021-03-31;26;14;732;267;7.3;2.7
977;2021-04-01;25;32;757;299;7.6;3.0
977;2021-04-02;0;0;757;299;7.6;3.0
977;2021-04-03;0;0;757;299;7.6;3.0
977;2021-04-04;0;0;757;299;7.6;3.0
977;2021-04-05;9;0;766;299;7.7;3.0
977;2021-04-06;0;0;766;299;7.7;3.0
977;2021-04-07;0;0;766;299;7.7;3.0
977;2021-04-08;57;46;823;345;8.3;3.5
977;2021-04-09;58;31;881;376;8.8;3.8
977;2021-04-10;0;0;881;376;8.8;3.8
977;2021-04-11;0;0;881;376;8.8;3.8
977;2021-04-12;0;0;881;376;8.8;3.8
977;2021-04-13;0;0;881;376;8.8;3.8
977;2021-04-14;5;5;886;381;8.9;3.8
977;2021-04-15;57;70;943;451;9.5;4.5
977;2021-04-16;90;35;1033;486;10.4;4.9
977;2021-04-17;0;1;1033;487;10.4;4.9
977;2021-04-18;0;0;1033;487;10.4;4.9
977;2021-04-19;1;0;1034;487;10.4;4.9
977;2021-04-20;335;62;1369;549;13.7;5.5
977;2021-04-21;337;30;1706;579;17.1;5.8
977;2021-04-22;284;47;1990;626;20.0;6.3
977;2021-04-23;260;42;2250;668;22.6;6.7
977;2021-04-24;231;1;2481;669;24.9;6.7
977;2021-04-25;0;0;2481;669;24.9;6.7
977;2021-04-26;283;19;2764;688;27.7;6.9
977;2021-04-27;224;67;2988;755;30.0;7.6
977;2021-04-28;192;26;3180;781;31.9;7.8
977;2021-04-29;170;23;3350;804;33.6;8.1
977;2021-04-30;172;17;3522;821;35.4;8.2
977;2021-05-01;203;11;3725;832;37.4;8.4
977;2021-05-02;0;0;3725;832;37.4;8.4
977;2021-05-03;135;9;3860;841;38.8;8.4
977;2021-05-04;161;54;4021;895;40.4;9.0
977;2021-05-05;221;28;4242;923;42.6;9.3
977;2021-05-06;175;33;4417;956;44.3;9.6
977;2021-05-07;149;32;4566;988;45.8;9.9
977;2021-05-08;1;0;4567;988;45.8;9.9
977;2021-05-09;0;0;4567;988;45.8;9.9
977;2021-05-10;0;0;4567;988;45.8;9.9
977;2021-05-11;3;41;4570;1029;45.9;10.3
977;2021-05-12;6;36;4576;1065;45.9;10.7
977;2021-05-13;0;0;4576;1065;45.9;10.7
977;2021-05-14;28;98;4604;1163;46.2;11.7
977;2021-05-15;0;0;4604;1163;46.2;11.7
977;2021-05-16;1;0;4605;1163;46.2;11.7
977;2021-05-17;1;14;4606;1177;46.2;11.8
977;2021-05-18;17;32;4623;1209;46.4;12.1
977;2021-05-19;1;2;4624;1211;46.4;12.2
977;2021-05-20;0;8;4624;1219;46.4;12.2
977;2021-05-21;12;31;4636;1250;46.5;12.5
977;2021-05-22;0;0;4636;1250;46.5;12.5
977;2021-05-23;0;0;4636;1250;46.5;12.5
977;2021-05-24;0;0;4636;1250;46.5;12.5
977;2021-05-25;50;331;4686;1581;47.0;15.9
977;2021-05-26;54;360;4740;1941;47.6;19.5
977;2021-05-27;34;317;4774;2258;47.9;22.7
977;2021-05-28;27;256;4801;2514;48.2;25.2
977;2021-05-29;35;375;4836;2889;48.5;29.0
977;2021-05-30;1;0;4837;2889;48.6;29.0
977;2021-05-31;45;216;4882;3105;49.0;31.2
977;2021-06-01;48;227;4930;3332;49.5;33.5
977;2021-06-02;69;273;4999;3605;50.2;36.2
977;2021-06-03;42;252;5041;3857;50.6;38.7
977;2021-06-04;81;270;5122;4127;51.4;41.4
977;2021-06-05;1;0;5123;4127;51.4;41.4
977;2021-06-06;0;0;5123;4127;51.4;41.4
977;2021-06-07;1;1;5124;4128;51.4;41.4
977;2021-06-08;8;2;5132;4130;51.5;41.5
977;2021-06-09;0;3;5132;4133;51.5;41.5
977;2021-06-10;8;4;5140;4137;51.6;41.5
977;2021-06-11;4;8;5144;4145;51.6;41.6
977;2021-06-12;16;59;5160;4204;51.8;42.2
977;2021-06-13;0;0;5160;4204;51.8;42.2
977;2021-06-14;0;0;5160;4204;51.8;42.2
977;2021-06-15;0;1;5160;4205;51.8;42.2
977;2021-06-16;0;0;5160;4205;51.8;42.2
977;2021-06-17;2;6;5162;4211;51.8;42.3
977;2021-06-18;0;2;5162;4213;51.8;42.3
977;2021-06-19;25;49;5187;4262;52.1;42.8
977;2021-06-20;0;0;5187;4262;52.1;42.8
977;2021-06-21;1;2;5188;4264;52.1;42.8
977;2021-06-22;9;0;5197;4264;52.2;42.8
977;2021-06-23;15;9;5212;4273;52.3;42.9
977;2021-06-24;10;5;5222;4278;52.4;42.9
977;2021-06-25;0;0;5222;4278;52.4;42.9
977;2021-06-26;25;45;5247;4323;52.7;43.4
977;2021-06-27;0;0;5247;4323;52.7;43.4
977;2021-06-28;0;0;5247;4323;52.7;43.4
977;2021-06-29;0;0;5247;4323;52.7;43.4
977;2021-06-30;0;0;5247;4323;52.7;43.4
977;2021-07-01;28;36;5275;4359;53.0;43.8
977;2021-07-02;26;31;5301;4390;53.2;44.1
977;2021-07-03;30;215;5331;4605;53.5;46.2
977;2021-07-04;0;0;5331;4605;53.5;46.2
977;2021-07-05;4;8;5335;4613;53.6;46.3
977;2021-07-06;0;0;5335;4613;53.6;46.3
977;2021-07-07;8;0;5343;4613;53.6;46.3
977;2021-07-08;33;23;5376;4636;54.0;46.5
977;2021-07-09;23;31;5399;4667;54.2;46.9
977;2021-07-10;33;45;5432;4712;54.5;47.3
977;2021-07-11;0;0;5432;4712;54.5;47.3
977;2021-07-12;0;1;5432;4713;54.5;47.3
977;2021-07-13;10;10;5442;4723;54.6;47.4
977;2021-07-14;0;0;5442;4723;54.6;47.4
977;2021-07-15;1;11;5443;4734;54.6;47.5
977;2021-07-16;44;51;5487;4785;55.1;48.0
977;2021-07-17;34;39;5521;4824;55.4;48.4
977;2021-07-18;1;0;5522;4824;55.4;48.4
977;2021-07-19;3;2;5525;4826;55.5;48.4
977;2021-07-20;3;1;5528;4827;55.5;48.5
977;2021-07-21;33;16;5561;4843;55.8;48.6
977;2021-07-22;36;33;5597;4876;56.2;49.0
977;2021-07-23;32;30;5629;4906;56.5;49.3
977;2021-07-24;43;26;5672;4932;56.9;49.5
977;2021-07-25;0;0;5672;4932;56.9;49.5
977;2021-07-26;13;10;5685;4942;57.1;49.6
977;2021-07-27;0;10;5685;4952;57.1;49.7
977;2021-07-28;31;14;5716;4966;57.4;49.9
977;2021-07-29;33;32;5749;4998;57.7;50.2
977;2021-07-30;31;28;5780;5026;58.0;50.5
977;2021-07-31;53;24;5833;5050;58.6;50.7
977;2021-08-01;0;0;5833;5050;58.6;50.7
977;2021-08-02;11;1;5844;5051;58.7;50.7
977;2021-08-03;0;0;5844;5051;58.7;50.7
977;2021-08-04;41;14;5885;5065;59.1;50.8
977;2021-08-05;28;30;5913;5095;59.4;51.1
977;2021-08-06;35;35;5948;5130;59.7;51.5
977;2021-08-07;56;25;6004;5155;60.3;51.8
977;2021-08-08;0;0;6004;5155;60.3;51.8
977;2021-08-09;7;5;6011;5160;60.3;51.8
977;2021-08-10;15;9;6026;5169;60.5;51.9
977;2021-08-11;36;18;6062;5187;60.9;52.1
977;2021-08-12;24;30;6086;5217;61.1;52.4
977;2021-08-13;32;14;6118;5231;61.4;52.5
977;2021-08-14;20;26;6138;5257;61.6;52.8
977;2021-08-15;0;0;6138;5257;61.6;52.8
977;2021-08-16;14;29;6152;5286;61.8;53.1
977;2021-08-17;15;8;6167;5294;61.9;53.1
977;2021-08-18;25;28;6192;5322;62.2;53.4
977;2021-08-19;31;36;6223;5358;62.5;53.8
977;2021-08-20;27;41;6250;5399;62.7;54.2
977;2021-08-21;34;41;6284;5440;63.1;54.6
977;2021-08-22;6;0;6290;5440;63.1;54.6
977;2021-08-23;3;11;6293;5451;63.2;54.7
977;2021-08-24;8;3;6301;5454;63.3;54.8
977;2021-08-25;20;37;6321;5491;63.5;55.1
977;2021-08-26;27;41;6348;5532;63.7;55.5
977;2021-08-27;27;35;6375;5567;64.0;55.9
977;2021-08-28;27;56;6402;5623;64.3;56.5
977;2021-08-29;0;0;6402;5623;64.3;56.5
977;2021-08-30;1;4;6403;5627;64.3;56.5
977;2021-08-31;1;2;6404;5629;64.3;56.5
977;2021-09-01;10;28;6414;5657;64.4;56.8
977;2021-09-02;22;35;6436;5692;64.6;57.1
977;2021-09-03;26;25;6462;5717;64.9;57.4
977;2021-09-04;37;47;6499;5764;65.2;57.9
977;2021-09-05;0;0;6499;5764;65.2;57.9
977;2021-09-06;4;16;6503;5780;65.3;58.0
977;2021-09-07;1;4;6504;5784;65.3;58.1
977;2021-09-08;12;13;6516;5797;65.4;58.2
977;2021-09-09;20;35;6536;5832;65.6;58.5
977;2021-09-10;6;31;6542;5863;65.7;58.9
977;2021-09-11;36;31;6578;5894;66.0;59.2
977;2021-09-12;0;6;6578;5900;66.0;59.2
977;2021-09-13;4;4;6582;5904;66.1;59.3
977;2021-09-14;1;0;6583;5904;66.1;59.3
978;2020-12-27;0;0;0;0;0.0;0.0
978;2020-12-28;0;0;0;0;0.0;0.0
978;2020-12-29;0;0;0;0;0.0;0.0
978;2020-12-30;0;0;0;0;0.0;0.0
978;2020-12-31;0;0;0;0;0.0;0.0
978;2021-01-01;0;0;0;0;0.0;0.0
978;2021-01-02;0;0;0;0;0.0;0.0
978;2021-01-03;0;0;0;0;0.0;0.0
978;2021-01-04;0;0;0;0;0.0;0.0
978;2021-01-05;0;0;0;0;0.0;0.0
978;2021-01-06;0;0;0;0;0.0;0.0
978;2021-01-07;0;0;0;0;0.0;0.0
978;2021-01-08;0;0;0;0;0.0;0.0
978;2021-01-09;0;0;0;0;0.0;0.0
978;2021-01-10;0;0;0;0;0.0;0.0
978;2021-01-11;0;0;0;0;0.0;0.0
978;2021-01-12;0;0;0;0;0.0;0.0
978;2021-01-13;10;0;10;0;0.0;0.0
978;2021-01-14;12;0;22;0;0.1;0.0
978;2021-01-15;9;0;31;0;0.1;0.0
978;2021-01-16;0;0;31;0;0.1;0.0
978;2021-01-17;0;0;31;0;0.1;0.0
978;2021-01-18;0;0;31;0;0.1;0.0
978;2021-01-19;12;0;43;0;0.1;0.0
978;2021-01-20;13;0;56;0;0.2;0.0
978;2021-01-21;6;0;62;0;0.2;0.0
978;2021-01-22;0;0;62;0;0.2;0.0
978;2021-01-23;0;0;62;0;0.2;0.0
978;2021-01-24;0;0;62;0;0.2;0.0
978;2021-01-25;0;0;62;0;0.2;0.0
978;2021-01-26;9;0;71;0;0.2;0.0
978;2021-01-27;10;0;81;0;0.2;0.0
978;2021-01-28;6;1;87;1;0.2;0.0
978;2021-01-29;0;0;87;1;0.2;0.0
978;2021-01-30;0;0;87;1;0.2;0.0
978;2021-01-31;0;0;87;1;0.2;0.0
978;2021-02-01;1;0;88;1;0.2;0.0
978;2021-02-02;39;0;127;1;0.4;0.0
978;2021-02-03;11;0;138;1;0.4;0.0
978;2021-02-04;31;0;169;1;0.5;0.0
978;2021-02-05;6;0;175;1;0.5;0.0
978;2021-02-06;0;0;175;1;0.5;0.0
978;2021-02-07;0;0;175;1;0.5;0.0
978;2021-02-08;0;0;175;1;0.5;0.0
978;2021-02-09;38;0;213;1;0.6;0.0
978;2021-02-10;27;1;240;2;0.7;0.0
978;2021-02-11;0;0;240;2;0.7;0.0
978;2021-02-12;36;0;276;2;0.8;0.0
978;2021-02-13;0;0;276;2;0.8;0.0
978;2021-02-14;0;0;276;2;0.8;0.0
978;2021-02-15;50;1;326;3;0.9;0.0
978;2021-02-16;0;0;326;3;0.9;0.0
978;2021-02-17;0;0;326;3;0.9;0.0
978;2021-02-18;28;0;354;3;1.0;0.0
978;2021-02-19;44;0;398;3;1.1;0.0
978;2021-02-20;0;0;398;3;1.1;0.0
978;2021-02-21;0;0;398;3;1.1;0.0
978;2021-02-22;45;4;443;7;1.3;0.0
978;2021-02-23;41;25;484;32;1.4;0.1
978;2021-02-24;35;1;519;33;1.5;0.1
978;2021-02-25;55;34;574;67;1.6;0.2
978;2021-02-26;39;5;613;72;1.7;0.2
978;2021-02-27;0;0;613;72;1.7;0.2
978;2021-02-28;0;0;613;72;1.7;0.2
978;2021-03-01;49;4;662;76;1.9;0.2
978;2021-03-02;7;19;669;95;1.9;0.3
978;2021-03-03;53;23;722;118;2.0;0.3
978;2021-03-04;31;18;753;136;2.1;0.4
978;2021-03-05;46;10;799;146;2.3;0.4
978;2021-03-06;0;0;799;146;2.3;0.4
978;2021-03-07;0;0;799;146;2.3;0.4
978;2021-03-08;32;5;831;151;2.4;0.4
978;2021-03-09;21;23;852;174;2.4;0.5
978;2021-03-10;35;25;887;199;2.5;0.6
978;2021-03-11;2;0;889;199;2.5;0.6
978;2021-03-12;53;20;942;219;2.7;0.6
978;2021-03-13;13;0;955;219;2.7;0.6
978;2021-03-14;0;0;955;219;2.7;0.6
978;2021-03-15;31;41;986;260;2.8;0.7
978;2021-03-16;73;5;1059;265;3.0;0.7
978;2021-03-17;67;13;1126;278;3.2;0.8
978;2021-03-18;82;38;1208;316;3.4;0.9
978;2021-03-19;32;50;1240;366;3.5;1.0
978;2021-03-20;0;0;1240;366;3.5;1.0
978;2021-03-21;0;0;1240;366;3.5;1.0
978;2021-03-22;35;45;1275;411;3.6;1.2
978;2021-03-23;30;43;1305;454;3.7;1.3
978;2021-03-24;38;42;1343;496;3.8;1.4
978;2021-03-25;97;34;1440;530;4.1;1.5
978;2021-03-26;45;33;1485;563;4.2;1.6
978;2021-03-27;94;3;1579;566;4.5;1.6
978;2021-03-28;0;0;1579;566;4.5;1.6
978;2021-03-29;69;46;1648;612;4.7;1.7
978;2021-03-30;99;24;1747;636;4.9;1.8
978;2021-03-31;90;49;1837;685;5.2;1.9
978;2021-04-01;57;48;1894;733;5.4;2.1
978;2021-04-02;0;0;1894;733;5.4;2.1
978;2021-04-03;1;0;1895;733;5.4;2.1
978;2021-04-04;0;0;1895;733;5.4;2.1
978;2021-04-05;2;0;1897;733;5.4;2.1
978;2021-04-06;49;63;1946;796;5.5;2.3
978;2021-04-07;93;33;2039;829;5.8;2.3
978;2021-04-08;121;7;2160;836;6.1;2.4
978;2021-04-09;91;39;2251;875;6.4;2.5
978;2021-04-10;170;13;2421;888;6.9;2.5
978;2021-04-11;0;0;2421;888;6.9;2.5
978;2021-04-12;42;74;2463;962;7.0;2.7
978;2021-04-13;49;71;2512;1033;7.1;2.9
978;2021-04-14;82;45;2594;1078;7.3;3.1
978;2021-04-15;92;22;2686;1100;7.6;3.1
978;2021-04-16;77;42;2763;1142;7.8;3.2
978;2021-04-17;165;4;2928;1146;8.3;3.2
978;2021-04-18;0;0;2928;1146;8.3;3.2
978;2021-04-19;52;67;2980;1213;8.4;3.4
978;2021-04-20;83;27;3063;1240;8.7;3.5
978;2021-04-21;91;29;3154;1269;8.9;3.6
978;2021-04-22;101;20;3255;1289;9.2;3.6
978;2021-04-23;45;65;3300;1354;9.3;3.8
978;2021-04-24;99;78;3399;1432;9.6;4.1
978;2021-04-25;0;0;3399;1432;9.6;4.1
978;2021-04-26;29;91;3428;1523;9.7;4.3
978;2021-04-27;59;63;3487;1586;9.9;4.5
978;2021-04-28;93;39;3580;1625;10.1;4.6
978;2021-04-29;89;31;3669;1656;10.4;4.7
978;2021-04-30;103;14;3772;1670;10.7;4.7
978;2021-05-01;0;8;3772;1678;10.7;4.7
978;2021-05-02;0;0;3772;1678;10.7;4.7
978;2021-05-03;25;99;3797;1777;10.7;5.0
978;2021-05-04;159;101;3956;1878;11.2;5.3
978;2021-05-05;142;59;4098;1937;11.6;5.5
978;2021-05-06;199;49;4297;1986;12.2;5.6
978;2021-05-07;127;71;4424;2057;12.5;5.8
978;2021-05-08;69;122;4493;2179;12.7;6.2
978;2021-05-09;0;0;4493;2179;12.7;6.2
978;2021-05-10;124;99;4617;2278;13.1;6.4
978;2021-05-11;132;72;4749;2350;13.4;6.7
978;2021-05-12;156;78;4905;2428;13.9;6.9
978;2021-05-13;83;6;4988;2434;14.1;6.9
978;2021-05-14;130;62;5118;2496;14.5;7.1
978;2021-05-15;87;4;5205;2500;14.7;7.1
978;2021-05-16;0;0;5205;2500;14.7;7.1
978;2021-05-17;146;115;5351;2615;15.1;7.4
978;2021-05-18;151;94;5502;2709;15.6;7.7
978;2021-05-19;84;69;5586;2778;15.8;7.9
978;2021-05-20;104;26;5690;2804;16.1;7.9
978;2021-05-21;98;52;5788;2856;16.4;8.1
978;2021-05-22;100;11;5888;2867;16.7;8.1
978;2021-05-23;0;0;5888;2867;16.7;8.1
978;2021-05-24;33;7;5921;2874;16.8;8.1
978;2021-05-25;119;78;6040;2952;17.1;8.4
978;2021-05-26;109;49;6149;3001;17.4;8.5
978;2021-05-27;112;42;6261;3043;17.7;8.6
978;2021-05-28;33;1;6294;3044;17.8;8.6
978;2021-05-29;60;213;6354;3257;18.0;9.2
978;2021-05-30;0;0;6354;3257;18.0;9.2
978;2021-05-31;112;63;6466;3320;18.3;9.4
978;2021-06-01;116;62;6582;3382;18.6;9.6
978;2021-06-02;131;33;6713;3415;19.0;9.7
978;2021-06-03;102;38;6815;3453;19.3;9.8
978;2021-06-04;128;70;6943;3523;19.6;10.0
978;2021-06-05;83;21;7026;3544;19.9;10.0
978;2021-06-06;0;0;7026;3544;19.9;10.0
978;2021-06-07;96;96;7122;3640;20.2;10.3
978;2021-06-08;82;89;7204;3729;20.4;10.6
978;2021-06-09;99;73;7303;3802;20.7;10.8
978;2021-06-10;112;63;7415;3865;21.0;10.9
978;2021-06-11;116;106;7531;3971;21.3;11.2
978;2021-06-12;57;30;7588;4001;21.5;11.3
978;2021-06-13;0;0;7588;4001;21.5;11.3
978;2021-06-14;106;127;7694;4128;21.8;11.7
978;2021-06-15;88;120;7782;4248;22.0;12.0
978;2021-06-16;105;148;7887;4396;22.3;12.4
978;2021-06-17;85;72;7972;4468;22.6;12.6
978;2021-06-18;67;99;8039;4567;22.8;12.9
978;2021-06-19;65;79;8104;4646;22.9;13.1
978;2021-06-20;0;0;8104;4646;22.9;13.1
978;2021-06-21;78;150;8182;4796;23.2;13.6
978;2021-06-22;71;103;8253;4899;23.4;13.9
978;2021-06-23;68;115;8321;5014;23.5;14.2
978;2021-06-24;44;75;8365;5089;23.7;14.4
978;2021-06-25;64;100;8429;5189;23.9;14.7
978;2021-06-26;35;61;8464;5250;24.0;14.9
978;2021-06-27;0;0;8464;5250;24.0;14.9
978;2021-06-28;74;131;8538;5381;24.2;15.2
978;2021-06-29;62;104;8600;5485;24.3;15.5
978;2021-06-30;56;110;8656;5595;24.5;15.8
978;2021-07-01;42;87;8698;5682;24.6;16.1
978;2021-07-02;52;90;8750;5772;24.8;16.3
978;2021-07-03;40;90;8790;5862;24.9;16.6
978;2021-07-04;0;1;8790;5863;24.9;16.6
978;2021-07-05;67;93;8857;5956;25.1;16.9
978;2021-07-06;55;74;8912;6030;25.2;17.1
978;2021-07-07;55;123;8967;6153;25.4;17.4
978;2021-07-08;54;107;9021;6260;25.5;17.7
978;2021-07-09;46;92;9067;6352;25.7;18.0
978;2021-07-10;38;85;9105;6437;25.8;18.2
978;2021-07-11;0;4;9105;6441;25.8;18.2
978;2021-07-12;71;130;9176;6571;26.0;18.6
978;2021-07-13;146;162;9322;6733;26.4;19.1
978;2021-07-14;3;0;9325;6733;26.4;19.1
978;2021-07-15;162;195;9487;6928;26.8;19.6
978;2021-07-16;113;113;9600;7041;27.2;19.9
978;2021-07-17;52;100;9652;7141;27.3;20.2
978;2021-07-18;0;0;9652;7141;27.3;20.2
978;2021-07-19;99;133;9751;7274;27.6;20.6
978;2021-07-20;80;74;9831;7348;27.8;20.8
978;2021-07-21;63;50;9894;7398;28.0;20.9
978;2021-07-22;99;115;9993;7513;28.3;21.3
978;2021-07-23;67;98;10060;7611;28.5;21.5
978;2021-07-24;20;35;10080;7646;28.5;21.6
978;2021-07-25;0;0;10080;7646;28.5;21.6
978;2021-07-26;99;116;10179;7762;28.8;22.0
978;2021-07-27;72;144;10251;7906;29.0;22.4
978;2021-07-28;72;126;10323;8032;29.2;22.7
978;2021-07-29;80;98;10403;8130;29.4;23.0
978;2021-07-30;82;116;10485;8246;29.7;23.3
978;2021-07-31;49;68;10534;8314;29.8;23.5
978;2021-08-01;0;0;10534;8314;29.8;23.5
978;2021-08-02;65;95;10599;8409;30.0;23.8
978;2021-08-03;60;94;10659;8503;30.2;24.1
978;2021-08-04;64;55;10723;8558;30.3;24.2
978;2021-08-05;48;70;10771;8628;30.5;24.4
978;2021-08-06;74;127;10845;8755;30.7;24.8
978;2021-08-07;44;46;10889;8801;30.8;24.9
978;2021-08-08;0;0;10889;8801;30.8;24.9
978;2021-08-09;139;150;11028;8951;31.2;25.3
978;2021-08-10;82;93;11110;9044;31.4;25.6
978;2021-08-11;106;99;11216;9143;31.7;25.9
978;2021-08-12;99;99;11315;9242;32.0;26.2
978;2021-08-13;132;75;11447;9317;32.4;26.4
978;2021-08-14;74;100;11521;9417;32.6;26.7
978;2021-08-15;0;0;11521;9417;32.6;26.7
978;2021-08-16;45;71;11566;9488;32.7;26.9
978;2021-08-17;33;33;11599;9521;32.8;26.9
978;2021-08-18;35;55;11634;9576;32.9;27.1
978;2021-08-19;34;26;11668;9602;33.0;27.2
978;2021-08-20;46;60;11714;9662;33.2;27.3
978;2021-08-21;0;0;11714;9662;33.2;27.3
978;2021-08-22;0;0;11714;9662;33.2;27.3
978;2021-08-23;51;86;11765;9748;33.3;27.6
978;2021-08-24;31;51;11796;9799;33.4;27.7
978;2021-08-25;26;51;11822;9850;33.5;27.9
978;2021-08-26;30;26;11852;9876;33.5;28.0
978;2021-08-27;46;87;11898;9963;33.7;28.2
978;2021-08-28;0;0;11898;9963;33.7;28.2
978;2021-08-29;0;0;11898;9963;33.7;28.2
978;2021-08-30;39;113;11937;10076;33.8;28.5
978;2021-08-31;45;81;11982;10157;33.9;28.7
978;2021-09-01;30;85;12012;10242;34.0;29.0
978;2021-09-02;37;70;12049;10312;34.1;29.2
978;2021-09-03;15;96;12064;10408;34.1;29.5
978;2021-09-04;0;0;12064;10408;34.1;29.5
978;2021-09-05;0;0;12064;10408;34.1;29.5
978;2021-09-06;32;80;12096;10488;34.2;29.7
978;2021-09-07;35;51;12131;10539;34.3;29.8
978;2021-09-08;21;44;12152;10583;34.4;30.0
978;2021-09-09;21;58;12173;10641;34.5;30.1
978;2021-09-10;43;81;12216;10722;34.6;30.3
978;2021-09-11;1;0;12217;10722;34.6;30.3
978;2021-09-12;4;1;12221;10723;34.6;30.3
978;2021-09-13;32;56;12253;10779;34.7;30.5
978;2021-09-14;23;33;12276;10812;34.7;30.6
