dep;jour;n_dose1;n_complet;n_cum_dose1;n_cum_complet;couv_dose1;couv_complet
01;2020-12-27;1;0;1;0;0.0;0.0
01;2020-12-28;0;0;1;0;0.0;0.0
01;2020-12-29;0;0;1;0;0.0;0.0
01;2020-12-30;0;0;1;0;0.0;0.0
01;2020-12-31;0;0;1;0;0.0;0.0
01;2021-01-01;1;0;2;0;0.0;0.0
01;2021-01-02;0;0;2;0;0.0;0.0
01;2021-01-03;0;0;2;0;0.0;0.0
01;2021-01-04;2;0;4;0;0.0;0.0
01;2021-01-05;2;0;6;0;0.0;0.0
01;2021-01-06;1;0;7;0;0.0;0.0
01;2021-01-07;67;0;74;0;0.0;0.0
01;2021-01-08;159;0;233;0;0.0;0.0
01;2021-01-09;2;1;235;1;0.0;0.0
01;2021-01-10;0;0;235;1;0.0;0.0
01;2021-01-11;148;0;383;1;0.1;0.0
01;2021-01-12;317;2;700;3;0.1;0.0
01;2021-01-13;444;1;1144;4;0.2;0.0
01;2021-01-14;529;3;1673;7;0.3;0.0
01;2021-01-15;397;3;2070;10;0.3;0.0
01;2021-01-16;202;0;2272;10;0.3;0.0
01;2021-01-17;128;0;2400;10;0.4;0.0
01;2021-01-18;378;1;2778;11;0.4;0.0
01;2021-01-19;1040;1;3818;12;0.6;0.0
01;2021-01-20;1261;2;5079;14;0.8;0.0
01;2021-01-21;1098;4;6177;18;0.9;0.0
01;2021-01-22;645;0;6822;18;1.0;0.0
01;2021-01-23;222;0;7044;18;1.1;0.0
01;2021-01-24;71;1;7115;19;1.1;0.0
01;2021-01-25;484;1;7599;20;1.2;0.0
01;2021-01-26;740;3;8339;23;1.3;0.0
01;2021-01-27;518;5;8857;28;1.3;0.0
01;2021-01-28;682;54;9539;82;1.5;0.0
01;2021-01-29;637;102;10176;184;1.5;0.0
01;2021-01-30;236;15;10412;199;1.6;0.0
01;2021-01-31;62;0;10474;199;1.6;0.0
01;2021-02-01;458;73;10932;272;1.7;0.0
01;2021-02-02;514;183;11446;455;1.7;0.1
01;2021-02-03;374;298;11820;753;1.8;0.1
01;2021-02-04;478;418;12298;1171;1.9;0.2
01;2021-02-05;441;280;12739;1451;1.9;0.2
01;2021-02-06;260;141;12999;1592;2.0;0.2
01;2021-02-07;2;113;13001;1705;2.0;0.3
01;2021-02-08;505;405;13506;2110;2.1;0.3
01;2021-02-09;774;859;14280;2969;2.2;0.5
01;2021-02-10;951;717;15231;3686;2.3;0.6
01;2021-02-11;791;772;16022;4458;2.4;0.7
01;2021-02-12;639;552;16661;5010;2.5;0.8
01;2021-02-13;161;149;16822;5159;2.6;0.8
01;2021-02-14;0;9;16822;5168;2.6;0.8
01;2021-02-15;437;446;17259;5614;2.6;0.9
01;2021-02-16;656;413;17915;6027;2.7;0.9
01;2021-02-17;519;248;18434;6275;2.8;1.0
01;2021-02-18;589;567;19023;6842;2.9;1.0
01;2021-02-19;578;246;19601;7088;3.0;1.1
01;2021-02-20;201;154;19802;7242;3.0;1.1
01;2021-02-21;0;1;19802;7243;3.0;1.1
01;2021-02-22;427;555;20229;7798;3.1;1.2
01;2021-02-23;482;524;20711;8322;3.2;1.3
01;2021-02-24;434;465;21145;8787;3.2;1.3
01;2021-02-25;824;609;21969;9396;3.3;1.4
01;2021-02-26;873;546;22842;9942;3.5;1.5
01;2021-02-27;480;118;23322;10060;3.6;1.5
01;2021-02-28;20;3;23342;10063;3.6;1.5
01;2021-03-01;629;456;23971;10519;3.6;1.6
01;2021-03-02;962;556;24933;11075;3.8;1.7
01;2021-03-03;937;661;25870;11736;3.9;1.8
01;2021-03-04;1198;640;27068;12376;4.1;1.9
01;2021-03-05;1354;496;28422;12872;4.3;2.0
01;2021-03-06;781;101;29203;12973;4.4;2.0
01;2021-03-07;43;1;29246;12974;4.5;2.0
01;2021-03-08;668;625;29914;13599;4.6;2.1
01;2021-03-09;1337;607;31251;14206;4.8;2.2
01;2021-03-10;1161;556;32412;14762;4.9;2.2
01;2021-03-11;1684;642;34096;15404;5.2;2.3
01;2021-03-12;2004;637;36100;16041;5.5;2.4
01;2021-03-13;1499;94;37599;16135;5.7;2.5
01;2021-03-14;132;59;37731;16194;5.7;2.5
01;2021-03-15;1157;406;38888;16600;5.9;2.5
01;2021-03-16;1011;563;39899;17163;6.1;2.6
01;2021-03-17;839;345;40738;17508;6.2;2.7
01;2021-03-18;1293;468;42031;17976;6.4;2.7
01;2021-03-19;1746;538;43777;18514;6.7;2.8
01;2021-03-20;1445;133;45222;18647;6.9;2.8
01;2021-03-21;97;11;45319;18658;6.9;2.8
01;2021-03-22;1575;493;46894;19151;7.1;2.9
01;2021-03-23;2196;645;49090;19796;7.5;3.0
01;2021-03-24;1616;413;50706;20209;7.7;3.1
01;2021-03-25;2910;634;53616;20843;8.2;3.2
01;2021-03-26;2871;615;56487;21458;8.6;3.3
01;2021-03-27;1308;157;57795;21615;8.8;3.3
01;2021-03-28;22;1;57817;21616;8.8;3.3
01;2021-03-29;1930;544;59747;22160;9.1;3.4
01;2021-03-30;2514;761;62261;22921;9.5;3.5
01;2021-03-31;1868;629;64129;23550;9.8;3.6
01;2021-04-01;2569;857;66698;24407;10.2;3.7
01;2021-04-02;2814;719;69512;25126;10.6;3.8
01;2021-04-03;1256;129;70768;25255;10.8;3.8
01;2021-04-04;2;0;70770;25255;10.8;3.8
01;2021-04-05;1260;61;72030;25316;11.0;3.9
01;2021-04-06;2821;791;74851;26107;11.4;4.0
01;2021-04-07;2739;706;77590;26813;11.8;4.1
01;2021-04-08;3241;995;80831;27808;12.3;4.2
01;2021-04-09;3988;1332;84819;29140;12.9;4.4
01;2021-04-10;1824;302;86643;29442;13.2;4.5
01;2021-04-11;44;22;86687;29464;13.2;4.5
01;2021-04-12;2714;1220;89401;30684;13.6;4.7
01;2021-04-13;2940;1319;92341;32003;14.1;4.9
01;2021-04-14;3124;1077;95465;33080;14.5;5.0
01;2021-04-15;3072;1476;98537;34556;15.0;5.3
01;2021-04-16;2861;1575;101398;36131;15.4;5.5
01;2021-04-17;1654;681;103052;36812;15.7;5.6
01;2021-04-18;13;0;103065;36812;15.7;5.6
01;2021-04-19;2038;1518;105103;38330;16.0;5.8
01;2021-04-20;2663;1570;107766;39900;16.4;6.1
01;2021-04-21;2686;1345;110452;41245;16.8;6.3
01;2021-04-22;2835;1528;113287;42773;17.2;6.5
01;2021-04-23;2763;1530;116050;44303;17.7;6.7
01;2021-04-24;1447;649;117497;44952;17.9;6.8
01;2021-04-25;9;0;117506;44952;17.9;6.8
01;2021-04-26;1970;1728;119476;46680;18.2;7.1
01;2021-04-27;2573;1554;122049;48234;18.6;7.3
01;2021-04-28;2498;1572;124547;49806;19.0;7.6
01;2021-04-29;2717;1772;127264;51578;19.4;7.9
01;2021-04-30;2983;2251;130247;53829;19.8;8.2
01;2021-05-01;1472;858;131719;54687;20.0;8.3
01;2021-05-02;546;76;132265;54763;20.1;8.3
01;2021-05-03;2293;2479;134558;57242;20.5;8.7
01;2021-05-04;2541;2654;137099;59896;20.9;9.1
01;2021-05-05;2529;2500;139628;62396;21.3;9.5
01;2021-05-06;2995;2529;142623;64925;21.7;9.9
01;2021-05-07;3217;2781;145840;67706;22.2;10.3
01;2021-05-08;1645;923;147485;68629;22.4;10.4
01;2021-05-09;1023;160;148508;68789;22.6;10.5
01;2021-05-10;2502;3072;151010;71861;23.0;10.9
01;2021-05-11;3581;3062;154591;74923;23.5;11.4
01;2021-05-12;3650;3000;158241;77923;24.1;11.9
01;2021-05-13;4086;1500;162327;79423;24.7;12.1
01;2021-05-14;4270;2345;166597;81768;25.4;12.4
01;2021-05-15;3156;1433;169753;83201;25.8;12.7
01;2021-05-16;1413;151;171166;83352;26.1;12.7
01;2021-05-17;3445;2468;174611;85820;26.6;13.1
01;2021-05-18;4075;1963;178686;87783;27.2;13.4
01;2021-05-19;3973;1905;182659;89688;27.8;13.7
01;2021-05-20;4529;2013;187188;91701;28.5;14.0
01;2021-05-21;4619;2199;191807;93900;29.2;14.3
01;2021-05-22;3369;956;195176;94856;29.7;14.4
01;2021-05-23;834;82;196010;94938;29.8;14.5
01;2021-05-24;2765;500;198775;95438;30.3;14.5
01;2021-05-25;3559;2431;202334;97869;30.8;14.9
01;2021-05-26;3571;2253;205905;100122;31.3;15.2
01;2021-05-27;3852;2099;209757;102221;31.9;15.6
01;2021-05-28;3664;2637;213421;104858;32.5;16.0
01;2021-05-29;3060;1303;216481;106161;33.0;16.2
01;2021-05-30;613;88;217094;106249;33.0;16.2
01;2021-05-31;2406;2517;219500;108766;33.4;16.6
01;2021-06-01;2767;2588;222267;111354;33.8;17.0
01;2021-06-02;2881;2202;225148;113556;34.3;17.3
01;2021-06-03;3363;2435;228511;115991;34.8;17.7
01;2021-06-04;4500;3360;233011;119351;35.5;18.2
01;2021-06-05;3252;1724;236263;121075;36.0;18.4
01;2021-06-06;670;78;236933;121153;36.1;18.4
01;2021-06-07;3389;2873;240322;124026;36.6;18.9
01;2021-06-08;3649;2710;243971;126736;37.1;19.3
01;2021-06-09;2947;2637;246918;129373;37.6;19.7
01;2021-06-10;2765;2041;249683;131414;38.0;20.0
01;2021-06-11;3070;3368;252753;134782;38.5;20.5
01;2021-06-12;2404;2199;255157;136981;38.8;20.9
01;2021-06-13;200;479;255357;137460;38.9;20.9
01;2021-06-14;2122;3166;257479;140626;39.2;21.4
01;2021-06-15;2004;3361;259483;143987;39.5;21.9
01;2021-06-16;2180;3287;261663;147274;39.8;22.4
01;2021-06-17;1957;3171;263620;150445;40.1;22.9
01;2021-06-18;2647;4163;266267;154608;40.5;23.5
01;2021-06-19;1727;2555;267994;157163;40.8;23.9
01;2021-06-20;159;497;268153;157660;40.8;24.0
01;2021-06-21;1800;3705;269953;161365;41.1;24.6
01;2021-06-22;1548;3997;271501;165362;41.3;25.2
01;2021-06-23;1585;3754;273086;169116;41.6;25.7
01;2021-06-24;1471;3566;274557;172682;41.8;26.3
01;2021-06-25;1889;4563;276446;177245;42.1;27.0
01;2021-06-26;1210;2946;277656;180191;42.3;27.4
01;2021-06-27;170;339;277826;180530;42.3;27.5
01;2021-06-28;1382;4024;279208;184554;42.5;28.1
01;2021-06-29;1411;3851;280619;188405;42.7;28.7
01;2021-06-30;1375;4157;281994;192562;42.9;29.3
01;2021-07-01;1430;4091;283424;196653;43.1;29.9
01;2021-07-02;1586;4987;285010;201640;43.4;30.7
01;2021-07-03;858;3376;285868;205016;43.5;31.2
01;2021-07-04;105;499;285973;205515;43.5;31.3
01;2021-07-05;1487;4085;287460;209600;43.8;31.9
01;2021-07-06;1105;4278;288565;213878;43.9;32.6
01;2021-07-07;1755;3699;290320;217577;44.2;33.1
01;2021-07-08;1471;3673;291791;221250;44.4;33.7
01;2021-07-09;1885;4363;293676;225613;44.7;34.3
01;2021-07-10;1119;3437;294795;229050;44.9;34.9
01;2021-07-11;105;418;294900;229468;44.9;34.9
01;2021-07-12;1420;3840;296320;233308;45.1;35.5
01;2021-07-13;2055;4117;298375;237425;45.4;36.1
01;2021-07-14;146;180;298521;237605;45.4;36.2
01;2021-07-15;3087;4191;301608;241796;45.9;36.8
01;2021-07-16;3743;4840;305351;246636;46.5;37.5
01;2021-07-17;2202;3048;307553;249684;46.8;38.0
01;2021-07-18;289;551;307842;250235;46.9;38.1
01;2021-07-19;2911;3871;310753;254106;47.3;38.7
01;2021-07-20;3291;3686;314044;257792;47.8;39.2
01;2021-07-21;3932;3560;317976;261352;48.4;39.8
01;2021-07-22;4216;3493;322192;264845;49.0;40.3
01;2021-07-23;3936;4210;326128;269055;49.6;41.0
01;2021-07-24;2728;2715;328856;271770;50.1;41.4
01;2021-07-25;59;59;328915;271829;50.1;41.4
01;2021-07-26;3342;3244;332257;275073;50.6;41.9
01;2021-07-27;4088;2785;336345;277858;51.2;42.3
01;2021-07-28;3977;2650;340322;280508;51.8;42.7
01;2021-07-29;4692;2431;345014;282939;52.5;43.1
01;2021-07-30;4448;3433;349462;286372;53.2;43.6
01;2021-07-31;3627;1777;353089;288149;53.7;43.9
01;2021-08-01;390;76;353479;288225;53.8;43.9
01;2021-08-02;3045;2448;356524;290673;54.3;44.2
01;2021-08-03;3044;2452;359568;293125;54.7;44.6
01;2021-08-04;2532;1729;362100;294854;55.1;44.9
01;2021-08-05;2234;2364;364334;297218;55.5;45.2
01;2021-08-06;2734;3111;367068;300329;55.9;45.7
01;2021-08-07;2043;1836;369111;302165;56.2;46.0
01;2021-08-08;244;257;369355;302422;56.2;46.0
01;2021-08-09;1123;2636;370478;305058;56.4;46.4
01;2021-08-10;1433;2415;371911;307473;56.6;46.8
01;2021-08-11;1458;2594;373369;310067;56.8;47.2
01;2021-08-12;1589;2813;374958;312880;57.1;47.6
01;2021-08-13;1797;2712;376755;315592;57.3;48.0
01;2021-08-14;1378;2232;378133;317824;57.6;48.4
01;2021-08-15;11;21;378144;317845;57.6;48.4
01;2021-08-16;973;3009;379117;320854;57.7;48.8
01;2021-08-17;1345;2755;380462;323609;57.9;49.3
01;2021-08-18;1248;2901;381710;326510;58.1;49.7
01;2021-08-19;1281;2417;382991;328927;58.3;50.1
01;2021-08-20;1451;3943;384442;332870;58.5;50.7
01;2021-08-21;881;2844;385323;335714;58.7;51.1
01;2021-08-22;18;20;385341;335734;58.7;51.1
01;2021-08-23;1110;3012;386451;338746;58.8;51.6
02;2020-12-27;0;0;0;0;0.0;0.0
02;2020-12-28;0;0;0;0;0.0;0.0
02;2020-12-29;0;0;0;0;0.0;0.0
02;2020-12-30;0;0;0;0;0.0;0.0
02;2020-12-31;0;0;0;0;0.0;0.0
02;2021-01-01;0;0;0;0;0.0;0.0
02;2021-01-02;0;0;0;0;0.0;0.0
02;2021-01-03;0;0;0;0;0.0;0.0
02;2021-01-04;0;0;0;0;0.0;0.0
02;2021-01-05;0;0;0;0;0.0;0.0
02;2021-01-06;22;0;22;0;0.0;0.0
02;2021-01-07;261;2;283;2;0.1;0.0
02;2021-01-08;489;3;772;5;0.1;0.0
02;2021-01-09;74;0;846;5;0.2;0.0
02;2021-01-10;49;0;895;5;0.2;0.0
02;2021-01-11;267;0;1162;5;0.2;0.0
02;2021-01-12;355;1;1517;6;0.3;0.0
02;2021-01-13;468;4;1985;10;0.4;0.0
02;2021-01-14;651;11;2636;21;0.5;0.0
02;2021-01-15;630;7;3266;28;0.6;0.0
02;2021-01-16;333;4;3599;32;0.7;0.0
02;2021-01-17;62;0;3661;32;0.7;0.0
02;2021-01-18;811;5;4472;37;0.9;0.0
02;2021-01-19;942;5;5414;42;1.0;0.0
02;2021-01-20;1430;5;6844;47;1.3;0.0
02;2021-01-21;2600;6;9444;53;1.8;0.0
02;2021-01-22;1420;5;10864;58;2.1;0.0
02;2021-01-23;291;1;11155;59;2.1;0.0
02;2021-01-24;67;0;11222;59;2.1;0.0
02;2021-01-25;432;10;11654;69;2.2;0.0
02;2021-01-26;704;16;12358;85;2.3;0.0
02;2021-01-27;161;2;12519;87;2.4;0.0
02;2021-01-28;69;247;12588;334;2.4;0.1
02;2021-01-29;119;419;12707;753;2.4;0.1
02;2021-01-30;4;14;12711;767;2.4;0.1
02;2021-01-31;0;10;12711;777;2.4;0.1
02;2021-02-01;11;212;12722;989;2.4;0.2
02;2021-02-02;45;331;12767;1320;2.4;0.3
02;2021-02-03;124;337;12891;1657;2.5;0.3
02;2021-02-04;226;359;13117;2016;2.5;0.4
02;2021-02-05;178;418;13295;2434;2.5;0.5
02;2021-02-06;66;175;13361;2609;2.5;0.5
02;2021-02-07;9;0;13370;2609;2.5;0.5
02;2021-02-08;305;435;13675;3044;2.6;0.6
02;2021-02-09;322;680;13997;3724;2.7;0.7
02;2021-02-10;485;1045;14482;4769;2.8;0.9
02;2021-02-11;938;1907;15420;6676;2.9;1.3
02;2021-02-12;885;1120;16305;7796;3.1;1.5
02;2021-02-13;290;129;16595;7925;3.2;1.5
02;2021-02-14;1;5;16596;7930;3.2;1.5
02;2021-02-15;344;682;16940;8612;3.2;1.6
02;2021-02-16;413;568;17353;9180;3.3;1.7
02;2021-02-17;498;632;17851;9812;3.4;1.9
02;2021-02-18;507;444;18358;10256;3.5;1.9
02;2021-02-19;444;573;18802;10829;3.6;2.1
02;2021-02-20;372;233;19174;11062;3.6;2.1
02;2021-02-21;39;17;19213;11079;3.7;2.1
02;2021-02-22;377;317;19590;11396;3.7;2.2
02;2021-02-23;432;362;20022;11758;3.8;2.2
02;2021-02-24;600;146;20622;11904;3.9;2.3
02;2021-02-25;869;136;21491;12040;4.1;2.3
02;2021-02-26;808;73;22299;12113;4.2;2.3
02;2021-02-27;445;14;22744;12127;4.3;2.3
02;2021-02-28;55;2;22799;12129;4.3;2.3
02;2021-03-01;638;24;23437;12153;4.5;2.3
02;2021-03-02;1032;125;24469;12278;4.7;2.3
02;2021-03-03;754;205;25223;12483;4.8;2.4
02;2021-03-04;1162;675;26385;13158;5.0;2.5
02;2021-03-05;1049;508;27434;13666;5.2;2.6
02;2021-03-06;2138;100;29572;13766;5.6;2.6
02;2021-03-07;1504;48;31076;13814;5.9;2.6
02;2021-03-08;573;368;31649;14182;6.0;2.7
02;2021-03-09;998;403;32647;14585;6.2;2.8
02;2021-03-10;894;475;33541;15060;6.4;2.9
02;2021-03-11;1293;391;34834;15451;6.6;2.9
02;2021-03-12;1705;417;36539;15868;6.9;3.0
02;2021-03-13;2592;237;39131;16105;7.4;3.1
02;2021-03-14;1457;43;40588;16148;7.7;3.1
02;2021-03-15;612;458;41200;16606;7.8;3.2
02;2021-03-16;863;401;42063;17007;8.0;3.2
02;2021-03-17;759;453;42822;17460;8.1;3.3
02;2021-03-18;608;619;43430;18079;8.3;3.4
02;2021-03-19;1172;301;44602;18380;8.5;3.5
02;2021-03-20;2430;158;47032;18538;8.9;3.5
02;2021-03-21;1488;81;48520;18619;9.2;3.5
02;2021-03-22;762;500;49282;19119;9.4;3.6
02;2021-03-23;1194;552;50476;19671;9.6;3.7
02;2021-03-24;1582;501;52058;20172;9.9;3.8
02;2021-03-25;1694;597;53752;20769;10.2;3.9
02;2021-03-26;2411;491;56163;21260;10.7;4.0
02;2021-03-27;2494;130;58657;21390;11.2;4.1
02;2021-03-28;638;14;59295;21404;11.3;4.1
02;2021-03-29;1038;862;60333;22266;11.5;4.2
02;2021-03-30;1554;842;61887;23108;11.8;4.4
02;2021-03-31;1299;717;63186;23825;12.0;4.5
02;2021-04-01;1291;861;64477;24686;12.3;4.7
02;2021-04-02;1184;1231;65661;25917;12.5;4.9
02;2021-04-03;2647;851;68308;26768;13.0;5.1
02;2021-04-04;727;239;69035;27007;13.1;5.1
02;2021-04-05;1509;132;70544;27139;13.4;5.2
02;2021-04-06;1541;855;72085;27994;13.7;5.3
02;2021-04-07;1870;777;73955;28771;14.1;5.5
02;2021-04-08;1918;1106;75873;29877;14.4;5.7
02;2021-04-09;2434;1087;78307;30964;14.9;5.9
02;2021-04-10;2430;1211;80737;32175;15.3;6.1
02;2021-04-11;476;416;81213;32591;15.4;6.2
02;2021-04-12;1824;630;83037;33221;15.8;6.3
02;2021-04-13;1601;927;84638;34148;16.1;6.5
02;2021-04-14;2584;969;87222;35117;16.6;6.7
02;2021-04-15;2497;774;89719;35891;17.1;6.8
02;2021-04-16;2439;1128;92158;37019;17.5;7.0
02;2021-04-17;1890;2147;94048;39166;17.9;7.4
02;2021-04-18;270;814;94318;39980;17.9;7.6
02;2021-04-19;1158;633;95476;40613;18.1;7.7
02;2021-04-20;1677;765;97153;41378;18.5;7.9
02;2021-04-21;1549;993;98702;42371;18.8;8.1
02;2021-04-22;1748;704;100450;43075;19.1;8.2
02;2021-04-23;1930;1415;102380;44490;19.5;8.5
02;2021-04-24;1714;1641;104094;46131;19.8;8.8
02;2021-04-25;462;235;104556;46366;19.9;8.8
02;2021-04-26;1339;564;105895;46930;20.1;8.9
02;2021-04-27;1627;1097;107522;48027;20.4;9.1
02;2021-04-28;1592;1438;109114;49465;20.7;9.4
02;2021-04-29;1885;1179;110999;50644;21.1;9.6
02;2021-04-30;2716;1658;113715;52302;21.6;9.9
02;2021-05-01;1989;1230;115704;53532;22.0;10.2
02;2021-05-02;1982;416;117686;53948;22.4;10.3
02;2021-05-03;2225;985;119911;54933;22.8;10.4
02;2021-05-04;1524;1318;121435;56251;23.1;10.7
02;2021-05-05;2330;1843;123765;58094;23.5;11.0
02;2021-05-06;2123;1737;125888;59831;23.9;11.4
02;2021-05-07;2358;2179;128246;62010;24.4;11.8
02;2021-05-08;2920;949;131166;62959;24.9;12.0
02;2021-05-09;1822;423;132988;63382;25.3;12.0
02;2021-05-10;2374;1481;135362;64863;25.7;12.3
02;2021-05-11;2878;1575;138240;66438;26.3;12.6
02;2021-05-12;2674;1625;140914;68063;26.8;12.9
02;2021-05-13;2991;1040;143905;69103;27.4;13.1
02;2021-05-14;3380;1206;147285;70309;28.0;13.4
02;2021-05-15;4374;1091;151659;71400;28.8;13.6
02;2021-05-16;2798;212;154457;71612;29.4;13.6
02;2021-05-17;2147;665;156604;72277;29.8;13.7
02;2021-05-18;2634;975;159238;73252;30.3;13.9
02;2021-05-19;2852;999;162090;74251;30.8;14.1
02;2021-05-20;3552;1233;165642;75484;31.5;14.3
02;2021-05-21;3819;1069;169461;76553;32.2;14.6
02;2021-05-22;5848;968;175309;77521;33.3;14.7
02;2021-05-23;2659;239;177968;77760;33.8;14.8
02;2021-05-24;3542;542;181510;78302;34.5;14.9
02;2021-05-25;2260;1164;183770;79466;34.9;15.1
02;2021-05-26;3081;1498;186851;80964;35.5;15.4
02;2021-05-27;3650;1489;190501;82453;36.2;15.7
02;2021-05-28;3514;1585;194015;84038;36.9;16.0
02;2021-05-29;4081;1576;198096;85614;37.7;16.3
02;2021-05-30;1449;187;199545;85801;37.9;16.3
02;2021-05-31;2577;1194;202122;86995;38.4;16.5
02;2021-06-01;2867;1871;204989;88866;39.0;16.9
02;2021-06-02;3161;1650;208150;90516;39.6;17.2
02;2021-06-03;2857;1836;211007;92352;40.1;17.6
02;2021-06-04;3142;2060;214149;94412;40.7;17.9
02;2021-06-05;3440;1733;217589;96145;41.4;18.3
02;2021-06-06;1738;258;219327;96403;41.7;18.3
02;2021-06-07;1613;1500;220940;97903;42.0;18.6
02;2021-06-08;2063;1850;223003;99753;42.4;19.0
02;2021-06-09;2058;1650;225061;101403;42.8;19.3
02;2021-06-10;2013;1835;227074;103238;43.2;19.6
02;2021-06-11;2195;3072;229269;106310;43.6;20.2
02;2021-06-12;2312;2595;231581;108905;44.0;20.7
02;2021-06-13;684;1387;232265;110292;44.2;21.0
02;2021-06-14;1047;2393;233312;112685;44.4;21.4
02;2021-06-15;1519;2463;234831;115148;44.6;21.9
02;2021-06-16;1534;2749;236365;117897;44.9;22.4
02;2021-06-17;1782;2861;238147;120758;45.3;23.0
02;2021-06-18;2312;3571;240459;124329;45.7;23.6
02;2021-06-19;1841;3820;242300;128149;46.1;24.4
02;2021-06-20;644;1522;242944;129671;46.2;24.6
02;2021-06-21;807;3196;243751;132867;46.3;25.3
02;2021-06-22;1155;3668;244906;136535;46.6;26.0
02;2021-06-23;1226;3589;246132;140124;46.8;26.6
02;2021-06-24;1327;3149;247459;143273;47.0;27.2
02;2021-06-25;1400;4547;248859;147820;47.3;28.1
02;2021-06-26;1346;4227;250205;152047;47.6;28.9
02;2021-06-27;599;2333;250804;154380;47.7;29.3
02;2021-06-28;878;3021;251682;157401;47.8;29.9
02;2021-06-29;919;2928;252601;160329;48.0;30.5
02;2021-06-30;1510;3161;254111;163490;48.3;31.1
02;2021-07-01;1196;3590;255307;167080;48.5;31.8
02;2021-07-02;1360;5139;256667;172219;48.8;32.7
02;2021-07-03;997;5989;257664;178208;49.0;33.9
02;2021-07-04;509;2367;258173;180575;49.1;34.3
02;2021-07-05;661;3937;258834;184512;49.2;35.1
02;2021-07-06;671;3047;259505;187559;49.3;35.7
02;2021-07-07;1322;3726;260827;191285;49.6;36.4
02;2021-07-08;1394;3875;262221;195160;49.8;37.1
02;2021-07-09;1281;4218;263502;199378;50.1;37.9
02;2021-07-10;1332;4609;264834;203987;50.3;38.8
02;2021-07-11;481;1965;265315;205952;50.4;39.2
02;2021-07-12;1416;3727;266731;209679;50.7;39.9
02;2021-07-13;2067;3660;268798;213339;51.1;40.6
02;2021-07-14;1756;1597;270554;214936;51.4;40.9
02;2021-07-15;2723;3556;273277;218492;51.9;41.5
02;2021-07-16;3164;4221;276441;222713;52.6;42.3
02;2021-07-17;3560;4227;280001;226940;53.2;43.1
02;2021-07-18;2038;1614;282039;228554;53.6;43.4
02;2021-07-19;3440;3036;285479;231590;54.3;44.0
02;2021-07-20;3499;3300;288978;234890;54.9;44.7
02;2021-07-21;3906;2948;292884;237838;55.7;45.2
02;2021-07-22;3317;2805;296201;240643;56.3;45.7
02;2021-07-23;3192;3561;299393;244204;56.9;46.4
02;2021-07-24;4446;3723;303839;247927;57.8;47.1
02;2021-07-25;2188;1087;306027;249014;58.2;47.3
02;2021-07-26;3877;2245;309904;251259;58.9;47.8
02;2021-07-27;3651;2150;313555;253409;59.6;48.2
02;2021-07-28;3278;2097;316833;255506;60.2;48.6
02;2021-07-29;2577;2217;319410;257723;60.7;49.0
02;2021-07-30;3309;2310;322719;260033;61.3;49.4
02;2021-07-31;4173;2275;326892;262308;62.1;49.9
02;2021-08-01;1471;689;328363;262997;62.4;50.0
02;2021-08-02;2035;1603;330398;264600;62.8;50.3
02;2021-08-03;2524;1902;332922;266502;63.3;50.7
02;2021-08-04;2548;1700;335470;268202;63.8;51.0
02;2021-08-05;1842;2267;337312;270469;64.1;51.4
02;2021-08-06;2085;2745;339397;273214;64.5;51.9
02;2021-08-07;2511;2777;341908;275991;65.0;52.5
02;2021-08-08;1025;1569;342933;277560;65.2;52.8
02;2021-08-09;1893;2741;344826;280301;65.6;53.3
02;2021-08-10;1758;2457;346584;282758;65.9;53.8
02;2021-08-11;1475;2107;348059;284865;66.2;54.2
02;2021-08-12;1198;2329;349257;287194;66.4;54.6
02;2021-08-13;1609;2905;350866;290099;66.7;55.1
02;2021-08-14;1646;3687;352512;293786;67.0;55.8
02;2021-08-15;161;571;352673;294357;67.0;56.0
02;2021-08-16;1268;3756;353941;298113;67.3;56.7
02;2021-08-17;1410;2832;355351;300945;67.6;57.2
02;2021-08-18;1573;3176;356924;304121;67.8;57.8
02;2021-08-19;1127;3212;358051;307333;68.1;58.4
02;2021-08-20;1181;2926;359232;310259;68.3;59.0
02;2021-08-21;1442;4079;360674;314338;68.6;59.8
02;2021-08-22;403;1651;361077;315989;68.6;60.1
02;2021-08-23;1144;3071;362221;319060;68.9;60.7
03;2020-12-27;0;0;0;0;0.0;0.0
03;2020-12-28;0;0;0;0;0.0;0.0
03;2020-12-29;0;0;0;0;0.0;0.0
03;2020-12-30;1;0;1;0;0.0;0.0
03;2020-12-31;0;0;1;0;0.0;0.0
03;2021-01-01;0;0;1;0;0.0;0.0
03;2021-01-02;0;0;1;0;0.0;0.0
03;2021-01-03;0;0;1;0;0.0;0.0
03;2021-01-04;0;0;1;0;0.0;0.0
03;2021-01-05;0;0;1;0;0.0;0.0
03;2021-01-06;10;0;11;0;0.0;0.0
03;2021-01-07;61;0;72;0;0.0;0.0
03;2021-01-08;146;1;218;1;0.1;0.0
03;2021-01-09;122;0;340;1;0.1;0.0
03;2021-01-10;6;0;346;1;0.1;0.0
03;2021-01-11;412;1;758;2;0.2;0.0
03;2021-01-12;631;0;1389;2;0.4;0.0
03;2021-01-13;669;2;2058;4;0.6;0.0
03;2021-01-14;861;4;2919;8;0.9;0.0
03;2021-01-15;387;3;3306;11;1.0;0.0
03;2021-01-16;278;0;3584;11;1.1;0.0
03;2021-01-17;42;0;3626;11;1.1;0.0
03;2021-01-18;878;0;4504;11;1.4;0.0
03;2021-01-19;1149;1;5653;12;1.7;0.0
03;2021-01-20;1291;4;6944;16;2.1;0.0
03;2021-01-21;1201;5;8145;21;2.5;0.0
03;2021-01-22;1116;4;9261;25;2.8;0.0
03;2021-01-23;466;0;9727;25;2.9;0.0
03;2021-01-24;0;0;9727;25;2.9;0.0
03;2021-01-25;186;0;9913;25;3.0;0.0
03;2021-01-26;679;14;10592;39;3.2;0.0
03;2021-01-27;695;11;11287;50;3.4;0.0
03;2021-01-28;1020;47;12307;97;3.7;0.0
03;2021-01-29;856;81;13163;178;4.0;0.1
03;2021-01-30;600;2;13763;180;4.2;0.1
03;2021-01-31;0;0;13763;180;4.2;0.1
03;2021-02-01;160;76;13923;256;4.2;0.1
03;2021-02-02;767;269;14690;525;4.4;0.2
03;2021-02-03;1056;493;15746;1018;4.8;0.3
03;2021-02-04;1548;634;17294;1652;5.2;0.5
03;2021-02-05;947;317;18241;1969;5.5;0.6
03;2021-02-06;152;13;18393;1982;5.6;0.6
03;2021-02-07;5;0;18398;1982;5.6;0.6
03;2021-02-08;128;56;18526;2038;5.6;0.6
03;2021-02-09;612;447;19138;2485;5.8;0.8
03;2021-02-10;485;344;19623;2829;5.9;0.9
03;2021-02-11;1026;583;20649;3412;6.2;1.0
03;2021-02-12;1075;548;21724;3960;6.6;1.2
03;2021-02-13;126;167;21850;4127;6.6;1.2
03;2021-02-14;0;1;21850;4128;6.6;1.2
03;2021-02-15;309;862;22159;4990;6.7;1.5
03;2021-02-16;547;1171;22706;6161;6.9;1.9
03;2021-02-17;453;1360;23159;7521;7.0;2.3
03;2021-02-18;368;1272;23527;8793;7.1;2.7
03;2021-02-19;496;795;24023;9588;7.3;2.9
03;2021-02-20;128;183;24151;9771;7.3;2.9
03;2021-02-21;2;1;24153;9772;7.3;2.9
03;2021-02-22;159;204;24312;9976;7.3;3.0
03;2021-02-23;721;951;25033;10927;7.6;3.3
03;2021-02-24;609;1021;25642;11948;7.7;3.6
03;2021-02-25;1089;1833;26731;13781;8.1;4.2
03;2021-02-26;821;1376;27552;15157;8.3;4.6
03;2021-02-27;96;258;27648;15415;8.3;4.7
03;2021-02-28;0;15;27648;15430;8.3;4.7
03;2021-03-01;178;240;27826;15670;8.4;4.7
03;2021-03-02;818;660;28644;16330;8.6;4.9
03;2021-03-03;894;449;29538;16779;8.9;5.1
03;2021-03-04;1533;586;31071;17365;9.4;5.2
03;2021-03-05;1120;734;32191;18099;9.7;5.5
03;2021-03-06;915;113;33106;18212;10.0;5.5
03;2021-03-07;2;0;33108;18212;10.0;5.5
03;2021-03-08;239;244;33347;18456;10.1;5.6
03;2021-03-09;1016;439;34363;18895;10.4;5.7
03;2021-03-10;941;550;35304;19445;10.7;5.9
03;2021-03-11;1677;654;36981;20099;11.2;6.1
03;2021-03-12;1302;867;38283;20966;11.6;6.3
03;2021-03-13;863;112;39146;21078;11.8;6.4
03;2021-03-14;2;9;39148;21087;11.8;6.4
03;2021-03-15;250;200;39398;21287;11.9;6.4
03;2021-03-16;650;403;40048;21690;12.1;6.5
03;2021-03-17;1302;444;41350;22134;12.5;6.7
03;2021-03-18;1720;393;43070;22527;13.0;6.8
03;2021-03-19;1729;360;44799;22887;13.5;6.9
03;2021-03-20;301;26;45100;22913;13.6;6.9
03;2021-03-21;1;0;45101;22913;13.6;6.9
03;2021-03-22;222;397;45323;23310;13.7;7.0
03;2021-03-23;1355;354;46678;23664;14.1;7.1
03;2021-03-24;1824;352;48502;24016;14.6;7.2
03;2021-03-25;2368;564;50870;24580;15.4;7.4
03;2021-03-26;2236;446;53106;25026;16.0;7.6
03;2021-03-27;817;21;53923;25047;16.3;7.6
03;2021-03-28;1;39;53924;25086;16.3;7.6
03;2021-03-29;659;176;54583;25262;16.5;7.6
03;2021-03-30;1907;449;56490;25711;17.1;7.8
03;2021-03-31;1014;986;57504;26697;17.4;8.1
03;2021-04-01;1338;1095;58842;27792;17.8;8.4
03;2021-04-02;1705;613;60547;28405;18.3;8.6
03;2021-04-03;366;97;60913;28502;18.4;8.6
03;2021-04-04;3;0;60916;28502;18.4;8.6
03;2021-04-05;18;14;60934;28516;18.4;8.6
03;2021-04-06;1072;410;62006;28926;18.7;8.7
03;2021-04-07;1562;522;63568;29448;19.2;8.9
03;2021-04-08;2121;480;65689;29928;19.8;9.0
03;2021-04-09;2058;1161;67747;31089;20.4;9.4
03;2021-04-10;1013;73;68760;31162;20.8;9.4
03;2021-04-11;478;9;69238;31171;20.9;9.4
03;2021-04-12;985;226;70223;31397;21.2;9.5
03;2021-04-13;1873;984;72096;32381;21.8;9.8
03;2021-04-14;2337;1220;74433;33601;22.5;10.1
03;2021-04-15;2621;1400;77054;35001;23.3;10.6
03;2021-04-16;2835;1173;79889;36174;24.1;10.9
03;2021-04-17;1082;440;80971;36614;24.4;11.1
03;2021-04-18;0;0;80971;36614;24.4;11.1
03;2021-04-19;1191;588;82162;37202;24.8;11.2
03;2021-04-20;1748;1275;83910;38477;25.3;11.6
03;2021-04-21;1122;1295;85032;39772;25.7;12.0
03;2021-04-22;1673;993;86705;40765;26.2;12.3
03;2021-04-23;2478;1262;89183;42027;26.9;12.7
03;2021-04-24;1301;920;90484;42947;27.3;13.0
03;2021-04-25;350;16;90834;42963;27.4;13.0
03;2021-04-26;1331;464;92165;43427;27.8;13.1
03;2021-04-27;1767;1524;93932;44951;28.4;13.6
03;2021-04-28;1930;1121;95862;46072;28.9;13.9
03;2021-04-29;2372;1244;98234;47316;29.6;14.3
03;2021-04-30;1931;806;100165;48122;30.2;14.5
03;2021-05-01;437;491;100602;48613;30.4;14.7
03;2021-05-02;2;1;100604;48614;30.4;14.7
03;2021-05-03;1911;773;102515;49387;30.9;14.9
03;2021-05-04;2844;1631;105359;51018;31.8;15.4
03;2021-05-05;2603;1321;107962;52339;32.6;15.8
03;2021-05-06;3095;2010;111057;54349;33.5;16.4
03;2021-05-07;4727;1791;115784;56140;34.9;16.9
03;2021-05-08;661;380;116445;56520;35.1;17.1
03;2021-05-09;49;511;116494;57031;35.2;17.2
03;2021-05-10;1891;1463;118385;58494;35.7;17.7
03;2021-05-11;3899;1838;122284;60332;36.9;18.2
03;2021-05-12;2970;1522;125254;61854;37.8;18.7
03;2021-05-13;4381;407;129635;62261;39.1;18.8
03;2021-05-14;3655;1695;133290;63956;40.2;19.3
03;2021-05-15;1942;491;135232;64447;40.8;19.5
03;2021-05-16;517;57;135749;64504;41.0;19.5
03;2021-05-17;1276;863;137025;65367;41.4;19.7
03;2021-05-18;3071;1502;140096;66869;42.3;20.2
03;2021-05-19;2623;967;142719;67836;43.1;20.5
03;2021-05-20;3336;1143;146055;68979;44.1;20.8
03;2021-05-21;4195;1286;150250;70265;45.3;21.2
03;2021-05-22;2012;359;152262;70624;46.0;21.3
03;2021-05-23;641;73;152903;70697;46.2;21.3
03;2021-05-24;2655;216;155558;70913;47.0;21.4
03;2021-05-25;3071;1690;158629;72603;47.9;21.9
03;2021-05-26;2337;1044;160966;73647;48.6;22.2
03;2021-05-27;2946;1126;163912;74773;49.5;22.6
03;2021-05-28;3844;2279;167756;77052;50.6;23.3
03;2021-05-29;1748;600;169504;77652;51.2;23.4
03;2021-05-30;242;23;169746;77675;51.2;23.4
03;2021-05-31;695;572;170441;78247;51.4;23.6
03;2021-06-01;2303;2345;172744;80592;52.1;24.3
03;2021-06-02;1534;1749;174278;82341;52.6;24.9
03;2021-06-03;2059;2753;176337;85094;53.2;25.7
03;2021-06-04;1699;2505;178036;87599;53.7;26.4
03;2021-06-05;1076;1142;179112;88741;54.1;26.8
03;2021-06-06;59;7;179171;88748;54.1;26.8
03;2021-06-07;784;1814;179955;90562;54.3;27.3
03;2021-06-08;1457;2555;181412;93117;54.8;28.1
03;2021-06-09;1267;1874;182679;94991;55.1;28.7
03;2021-06-10;1380;2123;184059;97114;55.6;29.3
03;2021-06-11;1504;3449;185563;100563;56.0;30.4
03;2021-06-12;831;823;186394;101386;56.3;30.6
03;2021-06-13;20;10;186414;101396;56.3;30.6
03;2021-06-14;381;2177;186795;103573;56.4;31.3
03;2021-06-15;1316;3835;188111;107408;56.8;32.4
03;2021-06-16;788;2887;188899;110295;57.0;33.3
03;2021-06-17;1083;3333;189982;113628;57.3;34.3
03;2021-06-18;1113;3980;191095;117608;57.7;35.5
03;2021-06-19;642;1617;191737;119225;57.9;36.0
03;2021-06-20;20;8;191757;119233;57.9;36.0
03;2021-06-21;462;2636;192219;121869;58.0;36.8
03;2021-06-22;1026;4004;193245;125873;58.3;38.0
03;2021-06-23;716;3284;193961;129157;58.5;39.0
03;2021-06-24;984;3863;194945;133020;58.8;40.1
03;2021-06-25;1017;3892;195962;136912;59.1;41.3
03;2021-06-26;513;2040;196475;138952;59.3;41.9
03;2021-06-27;65;486;196540;139438;59.3;42.1
03;2021-06-28;638;2099;197178;141537;59.5;42.7
03;2021-06-29;1027;3330;198205;144867;59.8;43.7
03;2021-06-30;831;3118;199036;147985;60.1;44.7
03;2021-07-01;985;2937;200021;150922;60.4;45.6
03;2021-07-02;920;4096;200941;155018;60.6;46.8
03;2021-07-03;487;1884;201428;156902;60.8;47.4
03;2021-07-04;19;332;201447;157234;60.8;47.5
03;2021-07-05;817;2379;202264;159613;61.0;48.2
03;2021-07-06;1171;3460;203435;163073;61.4;49.2
03;2021-07-07;805;2617;204240;165690;61.6;50.0
03;2021-07-08;1059;3041;205299;168731;62.0;50.9
03;2021-07-09;1471;3625;206770;172356;62.4;52.0
03;2021-07-10;510;1926;207280;174282;62.6;52.6
03;2021-07-11;61;492;207341;174774;62.6;52.8
03;2021-07-12;931;1150;208272;175924;62.9;53.1
03;2021-07-13;2613;3154;210885;179078;63.7;54.1
03;2021-07-14;195;24;211080;179102;63.7;54.1
03;2021-07-15;2613;2454;213693;181556;64.5;54.8
03;2021-07-16;2736;2275;216429;183831;65.3;55.5
03;2021-07-17;1030;1626;217459;185457;65.6;56.0
03;2021-07-18;31;6;217490;185463;65.6;56.0
03;2021-07-19;2392;1277;219882;186740;66.4;56.4
03;2021-07-20;3074;3034;222956;189774;67.3;57.3
03;2021-07-21;3211;1432;226167;191206;68.3;57.7
03;2021-07-22;2851;1884;229018;193090;69.1;58.3
03;2021-07-23;3203;1299;232221;194389;70.1;58.7
03;2021-07-24;588;581;232809;194970;70.3;58.8
03;2021-07-25;17;5;232826;194975;70.3;58.8
03;2021-07-26;2041;1580;234867;196555;70.9;59.3
03;2021-07-27;3316;2224;238183;198779;71.9;60.0
03;2021-07-28;2708;1115;240891;199894;72.7;60.3
03;2021-07-29;2491;1661;243382;201555;73.5;60.8
03;2021-07-30;2119;1446;245501;203001;74.1;61.3
03;2021-07-31;962;892;246463;203893;74.4;61.5
03;2021-08-01;13;20;246476;203913;74.4;61.5
03;2021-08-02;1674;1603;248150;205516;74.9;62.0
03;2021-08-03;2213;2780;250363;208296;75.6;62.9
03;2021-08-04;2186;886;252549;209182;76.2;63.1
03;2021-08-05;1255;1938;253804;211120;76.6;63.7
03;2021-08-06;1279;1026;255083;212146;77.0;64.0
03;2021-08-07;606;491;255689;212637;77.2;64.2
03;2021-08-08;65;29;255754;212666;77.2;64.2
03;2021-08-09;598;1305;256352;213971;77.4;64.6
03;2021-08-10;1658;3466;258010;217437;77.9;65.6
03;2021-08-11;1332;2530;259342;219967;78.3;66.4
03;2021-08-12;1132;3513;260474;223480;78.6;67.5
03;2021-08-13;681;1050;261155;224530;78.8;67.8
03;2021-08-14;379;567;261534;225097;78.9;67.9
03;2021-08-15;9;61;261543;225158;78.9;68.0
03;2021-08-16;713;2693;262256;227851;79.2;68.8
03;2021-08-17;1079;3220;263335;231071;79.5;69.7
03;2021-08-18;1156;2154;264491;233225;79.8;70.4
03;2021-08-19;1002;3046;265493;236271;80.1;71.3
03;2021-08-20;718;1136;266211;237407;80.3;71.7
03;2021-08-21;419;721;266630;238128;80.5;71.9
03;2021-08-22;8;6;266638;238134;80.5;71.9
03;2021-08-23;730;2271;267368;240405;80.7;72.6
04;2020-12-27;0;0;0;0;0.0;0.0
04;2020-12-28;1;0;1;0;0.0;0.0
04;2020-12-29;0;0;1;0;0.0;0.0
04;2020-12-30;0;0;1;0;0.0;0.0
04;2020-12-31;0;0;1;0;0.0;0.0
04;2021-01-01;0;0;1;0;0.0;0.0
04;2021-01-02;0;0;1;0;0.0;0.0
04;2021-01-03;0;0;1;0;0.0;0.0
04;2021-01-04;0;0;1;0;0.0;0.0
04;2021-01-05;4;0;5;0;0.0;0.0
04;2021-01-06;0;0;5;0;0.0;0.0
04;2021-01-07;61;0;66;0;0.0;0.0
04;2021-01-08;88;0;154;0;0.1;0.0
04;2021-01-09;57;0;211;0;0.1;0.0
04;2021-01-10;0;0;211;0;0.1;0.0
04;2021-01-11;77;0;288;0;0.2;0.0
04;2021-01-12;419;1;707;1;0.4;0.0
04;2021-01-13;245;1;952;2;0.6;0.0
04;2021-01-14;90;2;1042;4;0.6;0.0
04;2021-01-15;165;4;1207;8;0.7;0.0
04;2021-01-16;105;2;1312;10;0.8;0.0
04;2021-01-17;14;0;1326;10;0.8;0.0
04;2021-01-18;236;9;1562;19;0.9;0.0
04;2021-01-19;468;4;2030;23;1.2;0.0
04;2021-01-20;573;9;2603;32;1.6;0.0
04;2021-01-21;614;6;3217;38;1.9;0.0
04;2021-01-22;638;1;3855;39;2.3;0.0
04;2021-01-23;111;0;3966;39;2.4;0.0
04;2021-01-24;0;0;3966;39;2.4;0.0
04;2021-01-25;240;0;4206;39;2.5;0.0
04;2021-01-26;656;1;4862;40;2.9;0.0
04;2021-01-27;480;0;5342;40;3.2;0.0
04;2021-01-28;665;22;6007;62;3.6;0.0
04;2021-01-29;367;41;6374;103;3.9;0.1
04;2021-01-30;65;41;6439;144;3.9;0.1
04;2021-01-31;1;5;6440;149;3.9;0.1
04;2021-02-01;264;149;6704;298;4.1;0.2
04;2021-02-02;560;226;7264;524;4.4;0.3
04;2021-02-03;368;161;7632;685;4.6;0.4
04;2021-02-04;356;53;7988;738;4.8;0.4
04;2021-02-05;379;221;8367;959;5.1;0.6
04;2021-02-06;50;93;8417;1052;5.1;0.6
04;2021-02-07;2;22;8419;1074;5.1;0.7
04;2021-02-08;163;71;8582;1145;5.2;0.7
04;2021-02-09;193;143;8775;1288;5.3;0.8
04;2021-02-10;252;171;9027;1459;5.5;0.9
04;2021-02-11;364;291;9391;1750;5.7;1.1
04;2021-02-12;293;317;9684;2067;5.9;1.3
04;2021-02-13;26;94;9710;2161;5.9;1.3
04;2021-02-14;0;0;9710;2161;5.9;1.3
04;2021-02-15;31;164;9741;2325;5.9;1.4
04;2021-02-16;80;519;9821;2844;5.9;1.7
04;2021-02-17;67;433;9888;3277;6.0;2.0
04;2021-02-18;45;614;9933;3891;6.0;2.4
04;2021-02-19;52;377;9985;4268;6.0;2.6
04;2021-02-20;5;71;9990;4339;6.0;2.6
04;2021-02-21;0;0;9990;4339;6.0;2.6
04;2021-02-22;7;298;9997;4637;6.1;2.8
04;2021-02-23;19;595;10016;5232;6.1;3.2
04;2021-02-24;38;431;10054;5663;6.1;3.4
04;2021-02-25;72;378;10126;6041;6.1;3.7
04;2021-02-26;215;332;10341;6373;6.3;3.9
04;2021-02-27;179;75;10520;6448;6.4;3.9
04;2021-02-28;1;0;10521;6448;6.4;3.9
04;2021-03-01;18;74;10539;6522;6.4;3.9
04;2021-03-02;135;41;10674;6563;6.5;4.0
04;2021-03-03;375;644;11049;7207;6.7;4.4
04;2021-03-04;208;491;11257;7698;6.8;4.7
04;2021-03-05;236;360;11493;8058;7.0;4.9
04;2021-03-06;912;75;12405;8133;7.5;4.9
04;2021-03-07;498;23;12903;8156;7.8;4.9
04;2021-03-08;45;83;12948;8239;7.8;5.0
04;2021-03-09;215;257;13163;8496;8.0;5.1
04;2021-03-10;400;373;13563;8869;8.2;5.4
04;2021-03-11;495;341;14058;9210;8.5;5.6
04;2021-03-12;699;207;14757;9417;8.9;5.7
04;2021-03-13;1087;61;15844;9478;9.6;5.7
04;2021-03-14;460;3;16304;9481;9.9;5.7
04;2021-03-15;93;14;16397;9495;9.9;5.7
04;2021-03-16;74;9;16471;9504;10.0;5.8
04;2021-03-17;532;80;17003;9584;10.3;5.8
04;2021-03-18;815;24;17818;9608;10.8;5.8
04;2021-03-19;724;32;18542;9640;11.2;5.8
04;2021-03-20;159;3;18701;9643;11.3;5.8
04;2021-03-21;0;0;18701;9643;11.3;5.8
04;2021-03-22;105;13;18806;9656;11.4;5.8
04;2021-03-23;244;7;19050;9663;11.5;5.8
04;2021-03-24;1023;52;20073;9715;12.2;5.9
04;2021-03-25;1326;45;21399;9760;13.0;5.9
04;2021-03-26;1449;65;22848;9825;13.8;5.9
04;2021-03-27;266;19;23114;9844;14.0;6.0
04;2021-03-28;2;0;23116;9844;14.0;6.0
04;2021-03-29;681;13;23797;9857;14.4;6.0
04;2021-03-30;1085;147;24882;10004;15.1;6.1
04;2021-03-31;1327;106;26209;10110;15.9;6.1
04;2021-04-01;1132;128;27341;10238;16.6;6.2
04;2021-04-02;1184;110;28525;10348;17.3;6.3
04;2021-04-03;250;20;28775;10368;17.4;6.3
04;2021-04-04;1;0;28776;10368;17.4;6.3
04;2021-04-05;35;1;28811;10369;17.4;6.3
04;2021-04-06;928;147;29739;10516;18.0;6.4
04;2021-04-07;882;435;30621;10951;18.5;6.6
04;2021-04-08;926;698;31547;11649;19.1;7.1
04;2021-04-09;678;420;32225;12069;19.5;7.3
04;2021-04-10;231;192;32456;12261;19.6;7.4
04;2021-04-11;153;65;32609;12326;19.7;7.5
04;2021-04-12;594;100;33203;12426;20.1;7.5
04;2021-04-13;1190;239;34393;12665;20.8;7.7
04;2021-04-14;993;499;35386;13164;21.4;8.0
04;2021-04-15;921;672;36307;13836;22.0;8.4
04;2021-04-16;819;457;37126;14293;22.5;8.7
04;2021-04-17;211;69;37337;14362;22.6;8.7
04;2021-04-18;0;13;37337;14375;22.6;8.7
04;2021-04-19;338;290;37675;14665;22.8;8.9
04;2021-04-20;1005;445;38680;15110;23.4;9.1
04;2021-04-21;656;747;39336;15857;23.8;9.6
04;2021-04-22;759;854;40095;16711;24.3;10.1
04;2021-04-23;695;536;40790;17247;24.7;10.4
04;2021-04-24;165;65;40955;17312;24.8;10.5
04;2021-04-25;0;0;40955;17312;24.8;10.5
04;2021-04-26;171;611;41126;17923;24.9;10.8
04;2021-04-27;395;967;41521;18890;25.1;11.4
04;2021-04-28;432;1089;41953;19979;25.4;12.1
04;2021-04-29;687;1126;42640;21105;25.8;12.8
04;2021-04-30;436;850;43076;21955;26.1;13.3
04;2021-05-01;104;22;43180;21977;26.1;13.3
04;2021-05-02;8;131;43188;22108;26.1;13.4
04;2021-05-03;151;552;43339;22660;26.2;13.7
04;2021-05-04;564;839;43903;23499;26.6;14.2
04;2021-05-05;514;930;44417;24429;26.9;14.8
04;2021-05-06;1162;591;45579;25020;27.6;15.1
04;2021-05-07;657;763;46236;25783;28.0;15.6
04;2021-05-08;48;98;46284;25881;28.0;15.7
04;2021-05-09;0;0;46284;25881;28.0;15.7
04;2021-05-10;466;296;46750;26177;28.3;15.8
04;2021-05-11;1202;908;47952;27085;29.0;16.4
04;2021-05-12;1389;739;49341;27824;29.9;16.8
04;2021-05-13;378;131;49719;27955;30.1;16.9
04;2021-05-14;440;295;50159;28250;30.4;17.1
04;2021-05-15;99;163;50258;28413;30.4;17.2
04;2021-05-16;4;6;50262;28419;30.4;17.2
04;2021-05-17;154;298;50416;28717;30.5;17.4
04;2021-05-18;392;976;50808;29693;30.8;18.0
04;2021-05-19;773;690;51581;30383;31.2;18.4
04;2021-05-20;1258;551;52839;30934;32.0;18.7
04;2021-05-21;852;787;53691;31721;32.5;19.2
04;2021-05-22;105;146;53796;31867;32.6;19.3
04;2021-05-23;1;1;53797;31868;32.6;19.3
04;2021-05-24;2;36;53799;31904;32.6;19.3
04;2021-05-25;868;596;54667;32500;33.1;19.7
04;2021-05-26;1048;788;55715;33288;33.7;20.2
04;2021-05-27;1357;632;57072;33920;34.5;20.5
04;2021-05-28;1119;658;58191;34578;35.2;20.9
04;2021-05-29;90;398;58281;34976;35.3;21.2
04;2021-05-30;3;1;58284;34977;35.3;21.2
04;2021-05-31;421;417;58705;35394;35.5;21.4
04;2021-06-01;642;637;59347;36031;35.9;21.8
04;2021-06-02;872;1063;60219;37094;36.5;22.5
04;2021-06-03;1196;854;61415;37948;37.2;23.0
04;2021-06-04;977;780;62392;38728;37.8;23.4
04;2021-06-05;142;201;62534;38929;37.9;23.6
04;2021-06-06;7;13;62541;38942;37.9;23.6
04;2021-06-07;564;318;63105;39260;38.2;23.8
04;2021-06-08;843;595;63948;39855;38.7;24.1
04;2021-06-09;1149;689;65097;40544;39.4;24.5
04;2021-06-10;1147;587;66244;41131;40.1;24.9
04;2021-06-11;945;611;67189;41742;40.7;25.3
04;2021-06-12;212;148;67401;41890;40.8;25.4
04;2021-06-13;1;1;67402;41891;40.8;25.4
04;2021-06-14;478;304;67880;42195;41.1;25.5
04;2021-06-15;645;1002;68525;43197;41.5;26.1
04;2021-06-16;1021;787;69546;43984;42.1;26.6
04;2021-06-17;1001;961;70547;44945;42.7;27.2
04;2021-06-18;765;884;71312;45829;43.2;27.7
04;2021-06-19;40;85;71352;45914;43.2;27.8
04;2021-06-20;7;9;71359;45923;43.2;27.8
04;2021-06-21;306;615;71665;46538;43.4;28.2
04;2021-06-22;361;1308;72026;47846;43.6;29.0
04;2021-06-23;475;1313;72501;49159;43.9;29.8
04;2021-06-24;852;819;73353;49978;44.4;30.3
04;2021-06-25;462;638;73815;50616;44.7;30.6
04;2021-06-26;56;129;73871;50745;44.7;30.7
04;2021-06-27;4;4;73875;50749;44.7;30.7
04;2021-06-28;159;341;74034;51090;44.8;30.9
04;2021-06-29;371;837;74405;51927;45.0;31.4
04;2021-06-30;542;1121;74947;53048;45.4;32.1
04;2021-07-01;579;1218;75526;54266;45.7;32.8
04;2021-07-02;557;1089;76083;55355;46.1;33.5
04;2021-07-03;65;162;76148;55517;46.1;33.6
04;2021-07-04;6;6;76154;55523;46.1;33.6
04;2021-07-05;106;297;76260;55820;46.2;33.8
04;2021-07-06;505;1383;76765;57203;46.5;34.6
04;2021-07-07;495;1342;77260;58545;46.8;35.4
04;2021-07-08;724;1360;77984;59905;47.2;36.3
04;2021-07-09;581;1063;78565;60968;47.6;36.9
04;2021-07-10;92;177;78657;61145;47.6;37.0
04;2021-07-11;0;21;78657;61166;47.6;37.0
04;2021-07-12;127;651;78784;61817;47.7;37.4
04;2021-07-13;880;1542;79664;63359;48.2;38.4
04;2021-07-14;26;43;79690;63402;48.2;38.4
04;2021-07-15;1218;1733;80908;65135;49.0;39.4
04;2021-07-16;1081;1117;81989;66252;49.6;40.1
04;2021-07-17;445;233;82434;66485;49.9;40.2
04;2021-07-18;114;18;82548;66503;50.0;40.3
04;2021-07-19;484;654;83032;67157;50.3;40.7
04;2021-07-20;1312;1463;84344;68620;51.1;41.5
04;2021-07-21;1124;1166;85468;69786;51.7;42.2
04;2021-07-22;1501;1368;86969;71154;52.6;43.1
04;2021-07-23;1148;1143;88117;72297;53.3;43.8
04;2021-07-24;684;213;88801;72510;53.8;43.9
04;2021-07-25;42;20;88843;72530;53.8;43.9
04;2021-07-26;442;638;89285;73168;54.0;44.3
04;2021-07-27;1367;1045;90652;74213;54.9;44.9
04;2021-07-28;1071;1038;91723;75251;55.5;45.6
04;2021-07-29;1551;1300;93274;76551;56.5;46.3
04;2021-07-30;1244;925;94518;77476;57.2;46.9
04;2021-07-31;252;176;94770;77652;57.4;47.0
04;2021-08-01;48;19;94818;77671;57.4;47.0
04;2021-08-02;137;111;94955;77782;57.5;47.1
04;2021-08-03;1340;1114;96295;78896;58.3;47.8
04;2021-08-04;1171;860;97466;79756;59.0;48.3
04;2021-08-05;1186;735;98652;80491;59.7;48.7
04;2021-08-06;516;396;99168;80887;60.0;49.0
04;2021-08-07;159;162;99327;81049;60.1;49.1
04;2021-08-08;25;12;99352;81061;60.1;49.1
04;2021-08-09;104;121;99456;81182;60.2;49.1
04;2021-08-10;653;976;100109;82158;60.6;49.7
04;2021-08-11;1148;1025;101257;83183;61.3;50.4
04;2021-08-12;1120;1293;102377;84476;62.0;51.1
04;2021-08-13;439;381;102816;84857;62.2;51.4
04;2021-08-14;99;71;102915;84928;62.3;51.4
04;2021-08-15;0;0;102915;84928;62.3;51.4
04;2021-08-16;103;136;103018;85064;62.4;51.5
04;2021-08-17;491;1015;103509;86079;62.7;52.1
04;2021-08-18;717;1321;104226;87400;63.1;52.9
04;2021-08-19;738;1404;104964;88804;63.5;53.8
04;2021-08-20;744;1362;105708;90166;64.0;54.6
04;2021-08-21;65;111;105773;90277;64.0;54.6
04;2021-08-22;15;45;105788;90322;64.0;54.7
04;2021-08-23;53;109;105841;90431;64.1;54.7
05;2020-12-27;0;0;0;0;0.0;0.0
05;2020-12-28;1;0;1;0;0.0;0.0
05;2020-12-29;1;0;2;0;0.0;0.0
05;2020-12-30;2;0;4;0;0.0;0.0
05;2020-12-31;0;0;4;0;0.0;0.0
05;2021-01-01;2;0;6;0;0.0;0.0
05;2021-01-02;2;0;8;0;0.0;0.0
05;2021-01-03;1;0;9;0;0.0;0.0
05;2021-01-04;2;0;11;0;0.0;0.0
05;2021-01-05;0;0;11;0;0.0;0.0
05;2021-01-06;21;0;32;0;0.0;0.0
05;2021-01-07;128;0;160;0;0.1;0.0
05;2021-01-08;146;0;306;0;0.2;0.0
05;2021-01-09;11;0;317;0;0.2;0.0
05;2021-01-10;0;0;317;0;0.2;0.0
05;2021-01-11;44;0;361;0;0.3;0.0
05;2021-01-12;105;0;466;0;0.3;0.0
05;2021-01-13;140;0;606;0;0.4;0.0
05;2021-01-14;167;0;773;0;0.5;0.0
05;2021-01-15;128;1;901;1;0.6;0.0
05;2021-01-16;14;0;915;1;0.6;0.0
05;2021-01-17;0;0;915;1;0.6;0.0
05;2021-01-18;226;1;1141;2;0.8;0.0
05;2021-01-19;228;0;1369;2;1.0;0.0
05;2021-01-20;213;0;1582;2;1.1;0.0
05;2021-01-21;255;0;1837;2;1.3;0.0
05;2021-01-22;195;1;2032;3;1.4;0.0
05;2021-01-23;112;0;2144;3;1.5;0.0
05;2021-01-24;0;0;2144;3;1.5;0.0
05;2021-01-25;316;0;2460;3;1.7;0.0
05;2021-01-26;486;0;2946;3;2.1;0.0
05;2021-01-27;389;4;3335;7;2.4;0.0
05;2021-01-28;363;56;3698;63;2.6;0.0
05;2021-01-29;363;112;4061;175;2.9;0.1
05;2021-01-30;97;9;4158;184;2.9;0.1
05;2021-01-31;4;0;4162;184;2.9;0.1
05;2021-02-01;176;21;4338;205;3.1;0.1
05;2021-02-02;187;122;4525;327;3.2;0.2
05;2021-02-03;207;65;4732;392;3.3;0.3
05;2021-02-04;197;126;4929;518;3.5;0.4
05;2021-02-05;183;111;5112;629;3.6;0.4
05;2021-02-06;76;24;5188;653;3.7;0.5
05;2021-02-07;0;5;5188;658;3.7;0.5
05;2021-02-08;84;124;5272;782;3.7;0.6
05;2021-02-09;97;118;5369;900;3.8;0.6
05;2021-02-10;81;178;5450;1078;3.8;0.8
05;2021-02-11;87;138;5537;1216;3.9;0.9
05;2021-02-12;84;150;5621;1366;4.0;1.0
05;2021-02-13;75;32;5696;1398;4.0;1.0
05;2021-02-14;0;0;5696;1398;4.0;1.0
05;2021-02-15;97;190;5793;1588;4.1;1.1
05;2021-02-16;111;286;5904;1874;4.2;1.3
05;2021-02-17;136;231;6040;2105;4.3;1.5
05;2021-02-18;155;300;6195;2405;4.4;1.7
05;2021-02-19;158;323;6353;2728;4.5;1.9
05;2021-02-20;31;87;6384;2815;4.5;2.0
05;2021-02-21;0;0;6384;2815;4.5;2.0
05;2021-02-22;70;245;6454;3060;4.6;2.2
05;2021-02-23;18;239;6472;3299;4.6;2.3
05;2021-02-24;20;194;6492;3493;4.6;2.5
05;2021-02-25;56;176;6548;3669;4.6;2.6
05;2021-02-26;145;215;6693;3884;4.7;2.7
05;2021-02-27;65;171;6758;4055;4.8;2.9
05;2021-02-28;11;0;6769;4055;4.8;2.9
05;2021-03-01;93;169;6862;4224;4.8;3.0
05;2021-03-02;92;198;6954;4422;4.9;3.1
05;2021-03-03;112;232;7066;4654;5.0;3.3
05;2021-03-04;242;166;7308;4820;5.2;3.4
05;2021-03-05;578;193;7886;5013;5.6;3.5
05;2021-03-06;668;58;8554;5071;6.0;3.6
05;2021-03-07;515;19;9069;5090;6.4;3.6
05;2021-03-08;556;137;9625;5227;6.8;3.7
05;2021-03-09;520;161;10145;5388;7.2;3.8
05;2021-03-10;497;143;10642;5531;7.5;3.9
05;2021-03-11;376;139;11018;5670;7.8;4.0
05;2021-03-12;435;91;11453;5761;8.1;4.1
05;2021-03-13;796;94;12249;5855;8.6;4.1
05;2021-03-14;670;10;12919;5865;9.1;4.1
05;2021-03-15;354;124;13273;5989;9.4;4.2
05;2021-03-16;148;143;13421;6132;9.5;4.3
05;2021-03-17;262;121;13683;6253;9.7;4.4
05;2021-03-18;364;35;14047;6288;9.9;4.4
05;2021-03-19;450;59;14497;6347;10.2;4.5
05;2021-03-20;167;32;14664;6379;10.3;4.5
05;2021-03-21;1;0;14665;6379;10.3;4.5
05;2021-03-22;716;35;15381;6414;10.9;4.5
05;2021-03-23;804;13;16185;6427;11.4;4.5
05;2021-03-24;790;77;16975;6504;12.0;4.6
05;2021-03-25;901;59;17876;6563;12.6;4.6
05;2021-03-26;1023;48;18899;6611;13.3;4.7
05;2021-03-27;467;34;19366;6645;13.7;4.7
05;2021-03-28;10;0;19376;6645;13.7;4.7
05;2021-03-29;905;63;20281;6708;14.3;4.7
05;2021-03-30;1142;77;21423;6785;15.1;4.8
05;2021-03-31;823;254;22246;7039;15.7;5.0
05;2021-04-01;900;243;23146;7282;16.3;5.1
05;2021-04-02;665;379;23811;7661;16.8;5.4
05;2021-04-03;550;183;24361;7844;17.2;5.5
05;2021-04-04;350;63;24711;7907;17.4;5.6
05;2021-04-05;158;12;24869;7919;17.5;5.6
05;2021-04-06;646;276;25515;8195;18.0;5.8
05;2021-04-07;773;323;26288;8518;18.5;6.0
05;2021-04-08;734;336;27022;8854;19.1;6.2
05;2021-04-09;882;410;27904;9264;19.7;6.5
05;2021-04-10;713;388;28617;9652;20.2;6.8
05;2021-04-11;191;174;28808;9826;20.3;6.9
05;2021-04-12;732;262;29540;10088;20.8;7.1
05;2021-04-13;921;242;30461;10330;21.5;7.3
05;2021-04-14;667;328;31128;10658;22.0;7.5
05;2021-04-15;768;399;31896;11057;22.5;7.8
05;2021-04-16;731;411;32627;11468;23.0;8.1
05;2021-04-17;671;241;33298;11709;23.5;8.3
05;2021-04-18;305;23;33603;11732;23.7;8.3
05;2021-04-19;363;538;33966;12270;24.0;8.7
05;2021-04-20;482;630;34448;12900;24.3;9.1
05;2021-04-21;494;631;34942;13531;24.6;9.5
05;2021-04-22;385;549;35327;14080;24.9;9.9
05;2021-04-23;523;657;35850;14737;25.3;10.4
05;2021-04-24;347;383;36197;15120;25.5;10.7
05;2021-04-25;288;23;36485;15143;25.7;10.7
05;2021-04-26;367;706;36852;15849;26.0;11.2
05;2021-04-27;657;749;37509;16598;26.5;11.7
05;2021-04-28;468;721;37977;17319;26.8;12.2
05;2021-04-29;703;748;38680;18067;27.3;12.7
05;2021-04-30;509;755;39189;18822;27.6;13.3
05;2021-05-01;138;110;39327;18932;27.7;13.4
05;2021-05-02;266;115;39593;19047;27.9;13.4
05;2021-05-03;457;494;40050;19541;28.3;13.8
05;2021-05-04;384;503;40434;20044;28.5;14.1
05;2021-05-05;462;671;40896;20715;28.8;14.6
05;2021-05-06;648;723;41544;21438;29.3;15.1
05;2021-05-07;596;804;42140;22242;29.7;15.7
05;2021-05-08;481;175;42621;22417;30.1;15.8
05;2021-05-09;208;57;42829;22474;30.2;15.9
05;2021-05-10;499;696;43328;23170;30.6;16.3
05;2021-05-11;669;915;43997;24085;31.0;17.0
05;2021-05-12;648;733;44645;24818;31.5;17.5
05;2021-05-13;960;116;45605;24934;32.2;17.6
05;2021-05-14;826;494;46431;25428;32.8;17.9
05;2021-05-15;1043;354;47474;25782;33.5;18.2
05;2021-05-16;235;52;47709;25834;33.7;18.2
05;2021-05-17;484;430;48193;26264;34.0;18.5
05;2021-05-18;519;419;48712;26683;34.4;18.8
05;2021-05-19;724;458;49436;27141;34.9;19.1
05;2021-05-20;747;434;50183;27575;35.4;19.5
05;2021-05-21;705;511;50888;28086;35.9;19.8
05;2021-05-22;606;239;51494;28325;36.3;20.0
05;2021-05-23;277;59;51771;28384;36.5;20.0
05;2021-05-24;509;157;52280;28541;36.9;20.1
05;2021-05-25;515;482;52795;29023;37.2;20.5
05;2021-05-26;696;362;53491;29385;37.7;20.7
05;2021-05-27;799;571;54290;29956;38.3;21.1
05;2021-05-28;666;648;54956;30604;38.8;21.6
05;2021-05-29;566;544;55522;31148;39.2;22.0
05;2021-05-30;212;82;55734;31230;39.3;22.0
05;2021-05-31;575;496;56309;31726;39.7;22.4
05;2021-06-01;589;585;56898;32311;40.1;22.8
05;2021-06-02;685;703;57583;33014;40.6;23.3
05;2021-06-03;716;652;58299;33666;41.1;23.7
05;2021-06-04;1018;820;59317;34486;41.8;24.3
05;2021-06-05;807;508;60124;34994;42.4;24.7
05;2021-06-06;200;88;60324;35082;42.6;24.7
05;2021-06-07;605;834;60929;35916;43.0;25.3
05;2021-06-08;701;659;61630;36575;43.5;25.8
05;2021-06-09;648;782;62278;37357;43.9;26.4
05;2021-06-10;543;718;62821;38075;44.3;26.9
05;2021-06-11;766;723;63587;38798;44.9;27.4
05;2021-06-12;593;484;64180;39282;45.3;27.7
05;2021-06-13;112;91;64292;39373;45.4;27.8
05;2021-06-14;403;668;64695;40041;45.6;28.2
05;2021-06-15;543;911;65238;40952;46.0;28.9
05;2021-06-16;433;670;65671;41622;46.3;29.4
05;2021-06-17;360;806;66031;42428;46.6;29.9
05;2021-06-18;396;724;66427;43152;46.9;30.4
05;2021-06-19;421;571;66848;43723;47.2;30.8
05;2021-06-20;64;77;66912;43800;47.2;30.9
05;2021-06-21;319;641;67231;44441;47.4;31.4
05;2021-06-22;356;829;67587;45270;47.7;31.9
05;2021-06-23;354;764;67941;46034;47.9;32.5
05;2021-06-24;388;1023;68329;47057;48.2;33.2
05;2021-06-25;229;894;68558;47951;48.4;33.8
05;2021-06-26;291;1074;68849;49025;48.6;34.6
05;2021-06-27;128;170;68977;49195;48.7;34.7
05;2021-06-28;254;793;69231;49988;48.8;35.3
05;2021-06-29;250;785;69481;50773;49.0;35.8
05;2021-06-30;329;790;69810;51563;49.2;36.4
05;2021-07-01;382;791;70192;52354;49.5;36.9
05;2021-07-02;370;870;70562;53224;49.8;37.5
05;2021-07-03;305;740;70867;53964;50.0;38.1
05;2021-07-04;180;177;71047;54141;50.1;38.2
05;2021-07-05;264;781;71311;54922;50.3;38.7
05;2021-07-06;336;859;71647;55781;50.5;39.4
05;2021-07-07;401;782;72048;56563;50.8;39.9
05;2021-07-08;431;848;72479;57411;51.1;40.5
05;2021-07-09;422;994;72901;58405;51.4;41.2
05;2021-07-10;314;729;73215;59134;51.6;41.7
05;2021-07-11;176;119;73391;59253;51.8;41.8
05;2021-07-12;415;1013;73806;60266;52.1;42.5
05;2021-07-13;483;870;74289;61136;52.4;43.1
05;2021-07-14;839;299;75128;61435;53.0;43.3
05;2021-07-15;709;994;75837;62429;53.5;44.0
05;2021-07-16;1028;1458;76865;63887;54.2;45.1
05;2021-07-17;674;1306;77539;65193;54.7;46.0
05;2021-07-18;285;129;77824;65322;54.9;46.1
05;2021-07-19;572;791;78396;66113;55.3;46.6
05;2021-07-20;761;800;79157;66913;55.8;47.2
05;2021-07-21;881;840;80038;67753;56.5;47.8
05;2021-07-22;814;869;80852;68622;57.0;48.4
05;2021-07-23;1444;1237;82296;69859;58.1;49.3
05;2021-07-24;861;834;83157;70693;58.7;49.9
05;2021-07-25;305;160;83462;70853;58.9;50.0
05;2021-07-26;777;562;84239;71415;59.4;50.4
05;2021-07-27;1260;752;85499;72167;60.3;50.9
05;2021-07-28;1522;714;87021;72881;61.4;51.4
05;2021-07-29;1346;722;88367;73603;62.3;51.9
05;2021-07-30;958;594;89325;74197;63.0;52.3
05;2021-07-31;780;522;90105;74719;63.6;52.7
05;2021-08-01;192;178;90297;74897;63.7;52.8
05;2021-08-02;831;546;91128;75443;64.3;53.2
05;2021-08-03;826;606;91954;76049;64.9;53.6
05;2021-08-04;986;754;92940;76803;65.6;54.2
05;2021-08-05;977;723;93917;77526;66.3;54.7
05;2021-08-06;862;793;94779;78319;66.9;55.2
05;2021-08-07;625;641;95404;78960;67.3;55.7
05;2021-08-08;196;268;95600;79228;67.4;55.9
05;2021-08-09;771;849;96371;80077;68.0;56.5
05;2021-08-10;648;694;97019;80771;68.4;57.0
05;2021-08-11;742;852;97761;81623;69.0;57.6
05;2021-08-12;787;781;98548;82404;69.5;58.1
05;2021-08-13;625;894;99173;83298;70.0;58.8
05;2021-08-14;408;782;99581;84080;70.2;59.3
05;2021-08-15;188;223;99769;84303;70.4;59.5
05;2021-08-16;487;1083;100256;85386;70.7;60.2
05;2021-08-17;431;883;100687;86269;71.0;60.9
05;2021-08-18;432;971;101119;87240;71.3;61.5
05;2021-08-19;499;961;101618;88201;71.7;62.2
05;2021-08-20;470;1112;102088;89313;72.0;63.0
05;2021-08-21;356;846;102444;90159;72.3;63.6
05;2021-08-22;117;252;102561;90411;72.4;63.8
05;2021-08-23;318;824;102879;91235;72.6;64.4
06;2020-12-27;11;0;11;0;0.0;0.0
06;2020-12-28;20;0;31;0;0.0;0.0
06;2020-12-29;9;0;40;0;0.0;0.0
06;2020-12-30;8;0;48;0;0.0;0.0
06;2020-12-31;29;0;77;0;0.0;0.0
06;2021-01-01;19;0;96;0;0.0;0.0
06;2021-01-02;7;0;103;0;0.0;0.0
06;2021-01-03;6;0;109;0;0.0;0.0
06;2021-01-04;152;1;261;1;0.0;0.0
06;2021-01-05;181;1;442;2;0.0;0.0
06;2021-01-06;235;0;677;2;0.1;0.0
06;2021-01-07;509;0;1186;2;0.1;0.0
06;2021-01-08;687;2;1873;4;0.2;0.0
06;2021-01-09;391;2;2264;6;0.2;0.0
06;2021-01-10;78;0;2342;6;0.2;0.0
06;2021-01-11;1149;0;3491;6;0.3;0.0
06;2021-01-12;2239;5;5730;11;0.5;0.0
06;2021-01-13;1738;7;7468;18;0.7;0.0
06;2021-01-14;2148;17;9616;35;0.9;0.0
06;2021-01-15;1875;5;11491;40;1.1;0.0
06;2021-01-16;985;4;12476;44;1.2;0.0
06;2021-01-17;238;0;12714;44;1.2;0.0
06;2021-01-18;2480;8;15194;52;1.4;0.0
06;2021-01-19;2757;9;17951;61;1.7;0.0
06;2021-01-20;3353;9;21304;70;2.0;0.0
06;2021-01-21;3033;24;24337;94;2.3;0.0
06;2021-01-22;2953;14;27290;108;2.5;0.0
06;2021-01-23;1302;3;28592;111;2.6;0.0
06;2021-01-24;32;0;28624;111;2.7;0.0
06;2021-01-25;2076;15;30700;126;2.8;0.0
06;2021-01-26;3393;39;34093;165;3.2;0.0
06;2021-01-27;2561;102;36654;267;3.4;0.0
06;2021-01-28;2815;202;39469;469;3.7;0.0
06;2021-01-29;2503;310;41972;779;3.9;0.1
06;2021-01-30;669;43;42641;822;4.0;0.1
06;2021-01-31;4;1;42645;823;4.0;0.1
06;2021-02-01;1027;478;43672;1301;4.0;0.1
06;2021-02-02;1502;412;45174;1713;4.2;0.2
06;2021-02-03;330;136;45504;1849;4.2;0.2
06;2021-02-04;715;893;46219;2742;4.3;0.3
06;2021-02-05;1014;1108;47233;3850;4.4;0.4
06;2021-02-06;159;461;47392;4311;4.4;0.4
06;2021-02-07;10;48;47402;4359;4.4;0.4
06;2021-02-08;536;1088;47938;5447;4.4;0.5
06;2021-02-09;320;737;48258;6184;4.5;0.6
06;2021-02-10;375;664;48633;6848;4.5;0.6
06;2021-02-11;477;1069;49110;7917;4.5;0.7
06;2021-02-12;655;1311;49765;9228;4.6;0.9
06;2021-02-13;205;522;49970;9750;4.6;0.9
06;2021-02-14;13;2;49983;9752;4.6;0.9
06;2021-02-15;468;1277;50451;11029;4.7;1.0
06;2021-02-16;869;2004;51320;13033;4.8;1.2
06;2021-02-17;831;2129;52151;15162;4.8;1.4
06;2021-02-18;1808;2686;53959;17848;5.0;1.7
06;2021-02-19;1765;2149;55724;19997;5.2;1.9
06;2021-02-20;284;526;56008;20523;5.2;1.9
06;2021-02-21;23;55;56031;20578;5.2;1.9
06;2021-02-22;1083;1620;57114;22198;5.3;2.1
06;2021-02-23;1752;1552;58866;23750;5.5;2.2
06;2021-02-24;2117;1296;60983;25046;5.6;2.3
06;2021-02-25;3850;1679;64833;26725;6.0;2.5
06;2021-02-26;3395;1607;68228;28332;6.3;2.6
06;2021-02-27;1431;330;69659;28662;6.5;2.7
06;2021-02-28;94;24;69753;28686;6.5;2.7
06;2021-03-01;2414;826;72167;29512;6.7;2.7
06;2021-03-02;2455;991;74622;30503;6.9;2.8
06;2021-03-03;2851;569;77473;31072;7.2;2.9
06;2021-03-04;4626;621;82099;31693;7.6;2.9
06;2021-03-05;3906;1027;86005;32720;8.0;3.0
06;2021-03-06;11940;358;97945;33078;9.1;3.1
06;2021-03-07;10204;308;108149;33386;10.0;3.1
06;2021-03-08;4152;1196;112301;34582;10.4;3.2
06;2021-03-09;4993;933;117294;35515;10.9;3.3
06;2021-03-10;4711;845;122005;36360;11.3;3.4
06;2021-03-11;6725;897;128730;37257;11.9;3.5
06;2021-03-12;6872;1013;135602;38270;12.6;3.5
06;2021-03-13;11240;351;146842;38621;13.6;3.6
06;2021-03-14;506;48;147348;38669;13.7;3.6
06;2021-03-15;4831;768;152179;39437;14.1;3.7
06;2021-03-16;3766;1055;155945;40492;14.4;3.8
06;2021-03-17;6199;1887;162144;42379;15.0;3.9
06;2021-03-18;5122;1825;167266;44204;15.5;4.1
06;2021-03-19;6823;2027;174089;46231;16.1;4.3
06;2021-03-20;2373;561;176462;46792;16.3;4.3
06;2021-03-21;408;23;176870;46815;16.4;4.3
06;2021-03-22;3977;706;180847;47521;16.8;4.4
06;2021-03-23;5985;1220;186832;48741;17.3;4.5
06;2021-03-24;4218;3327;191050;52068;17.7;4.8
06;2021-03-25;5865;3247;196915;55315;18.2;5.1
06;2021-03-26;6358;1990;203273;57305;18.8;5.3
06;2021-03-27;2039;368;205312;57673;19.0;5.3
06;2021-03-28;211;3;205523;57676;19.0;5.3
06;2021-03-29;3203;2094;208726;59770;19.3;5.5
06;2021-03-30;5192;2537;213918;62307;19.8;5.8
06;2021-03-31;8049;1656;221967;63963;20.6;5.9
06;2021-04-01;7637;2472;229604;66435;21.3;6.2
06;2021-04-02;7233;2709;236837;69144;21.9;6.4
06;2021-04-03;2718;1372;239555;70516;22.2;6.5
06;2021-04-04;300;548;239855;71064;22.2;6.6
06;2021-04-05;1404;692;241259;71756;22.4;6.6
06;2021-04-06;6660;3309;247919;75065;23.0;7.0
06;2021-04-07;6217;3892;254136;78957;23.5;7.3
06;2021-04-08;5742;5658;259878;84615;24.1;7.8
06;2021-04-09;9377;5845;269255;90460;24.9;8.4
06;2021-04-10;2397;2784;271652;93244;25.2;8.6
06;2021-04-11;187;58;271839;93302;25.2;8.6
06;2021-04-12;4380;3532;276219;96834;25.6;9.0
06;2021-04-13;6368;5132;282587;101966;26.2;9.4
06;2021-04-14;5462;4492;288049;106458;26.7;9.9
06;2021-04-15;5550;4386;293599;110844;27.2;10.3
06;2021-04-16;7080;5192;300679;116036;27.9;10.8
06;2021-04-17;2783;3053;303462;119089;28.1;11.0
06;2021-04-18;265;224;303727;119313;28.1;11.1
06;2021-04-19;5481;4045;309208;123358;28.6;11.4
06;2021-04-20;5655;4870;314863;128228;29.2;11.9
06;2021-04-21;8319;4153;323182;132381;29.9;12.3
06;2021-04-22;8570;4188;331752;136569;30.7;12.7
06;2021-04-23;8801;4248;340553;140817;31.6;13.0
06;2021-04-24;2354;1493;342907;142310;31.8;13.2
06;2021-04-25;122;29;343029;142339;31.8;13.2
06;2021-04-26;4146;2310;347175;144649;32.2;13.4
06;2021-04-27;4584;4040;351759;148689;32.6;13.8
06;2021-04-28;4149;4569;355908;153258;33.0;14.2
06;2021-04-29;6080;5455;361988;158713;33.5;14.7
06;2021-04-30;6769;5160;368757;163873;34.2;15.2
06;2021-05-01;4161;828;372918;164701;34.5;15.3
06;2021-05-02;491;158;373409;164859;34.6;15.3
06;2021-05-03;6910;3541;380319;168400;35.2;15.6
06;2021-05-04;5745;5382;386064;173782;35.8;16.1
06;2021-05-05;4542;3915;390606;177697;36.2;16.5
06;2021-05-06;5227;4736;395833;182433;36.7;16.9
06;2021-05-07;5650;5681;401483;188114;37.2;17.4
06;2021-05-08;4863;1316;406346;189430;37.6;17.5
06;2021-05-09;199;308;406545;189738;37.7;17.6
06;2021-05-10;4819;5046;411364;194784;38.1;18.0
06;2021-05-11;4935;5561;416299;200345;38.6;18.6
06;2021-05-12;9093;4888;425392;205233;39.4;19.0
06;2021-05-13;9260;2119;434652;207352;40.3;19.2
06;2021-05-14;10839;3357;445491;210709;41.3;19.5
06;2021-05-15;9281;2208;454772;212917;42.1;19.7
06;2021-05-16;1501;286;456273;213203;42.3;19.8
06;2021-05-17;7496;3750;463769;216953;43.0;20.1
06;2021-05-18;9730;3208;473499;220161;43.9;20.4
06;2021-05-19;7694;2979;481193;223140;44.6;20.7
06;2021-05-20;7926;3662;489119;226802;45.3;21.0
06;2021-05-21;8796;3928;497915;230730;46.1;21.4
06;2021-05-22;3030;1328;500945;232058;46.4;21.5
06;2021-05-23;132;629;501077;232687;46.4;21.6
06;2021-05-24;3189;998;504266;233685;46.7;21.6
06;2021-05-25;4758;4936;509024;238621;47.2;22.1
06;2021-05-26;5679;6618;514703;245239;47.7;22.7
06;2021-05-27;5569;6275;520272;251514;48.2;23.3
06;2021-05-28;4984;7286;525256;258800;48.7;24.0
06;2021-05-29;1642;2933;526898;261733;48.8;24.2
06;2021-05-30;258;1122;527156;262855;48.8;24.4
06;2021-05-31;4411;5129;531567;267984;49.2;24.8
06;2021-06-01;5721;7415;537288;275399;49.8;25.5
06;2021-06-02;3312;8553;540600;283952;50.1;26.3
06;2021-06-03;4548;8307;545148;292259;50.5;27.1
06;2021-06-04;5487;7742;550635;300001;51.0;27.8
06;2021-06-05;2462;3350;553097;303351;51.2;28.1
06;2021-06-06;179;236;553276;303587;51.3;28.1
06;2021-06-07;4144;5591;557420;309178;51.6;28.6
06;2021-06-08;4471;5205;561891;314383;52.1;29.1
06;2021-06-09;4110;7368;566001;321751;52.4;29.8
06;2021-06-10;4780;6865;570781;328616;52.9;30.4
06;2021-06-11;3905;8366;574686;336982;53.2;31.2
06;2021-06-12;1742;3746;576428;340728;53.4;31.6
06;2021-06-13;147;440;576575;341168;53.4;31.6
06;2021-06-14;2726;8600;579301;349768;53.7;32.4
06;2021-06-15;3259;9486;582560;359254;54.0;33.3
06;2021-06-16;3501;7003;586061;366257;54.3;33.9
06;2021-06-17;3675;7192;589736;373449;54.6;34.6
06;2021-06-18;2627;5930;592363;379379;54.9;35.1
06;2021-06-19;1309;1682;593672;381061;55.0;35.3
06;2021-06-20;209;347;593881;381408;55.0;35.3
06;2021-06-21;1716;6302;595597;387710;55.2;35.9
06;2021-06-22;2356;7369;597953;395079;55.4;36.6
06;2021-06-23;2080;6550;600033;401629;55.6;37.2
06;2021-06-24;3468;8972;603501;410601;55.9;38.0
06;2021-06-25;2292;9612;605793;420213;56.1;38.9
06;2021-06-26;892;2286;606685;422499;56.2;39.1
06;2021-06-27;379;1187;607064;423686;56.2;39.3
06;2021-06-28;2482;8141;609546;431827;56.5;40.0
06;2021-06-29;2381;7722;611927;439549;56.7;40.7
06;2021-06-30;1514;7693;613441;447242;56.8;41.4
06;2021-07-01;3434;7482;616875;454724;57.2;42.1
06;2021-07-02;4252;8262;621127;462986;57.5;42.9
06;2021-07-03;1240;4307;622367;467293;57.7;43.3
06;2021-07-04;317;303;622684;467596;57.7;43.3
06;2021-07-05;3626;5134;626310;472730;58.0;43.8
06;2021-07-06;1936;5830;628246;478560;58.2;44.3
06;2021-07-07;3457;5979;631703;484539;58.5;44.9
06;2021-07-08;3481;6318;635184;490857;58.8;45.5
06;2021-07-09;4009;6228;639193;497085;59.2;46.1
06;2021-07-10;1756;2333;640949;499418;59.4;46.3
06;2021-07-11;330;322;641279;499740;59.4;46.3
06;2021-07-12;3882;7154;645161;506894;59.8;47.0
06;2021-07-13;5844;9011;651005;515905;60.3;47.8
06;2021-07-14;975;431;651980;516336;60.4;47.8
06;2021-07-15;6442;8031;658422;524367;61.0;48.6
06;2021-07-16;7605;9013;666027;533380;61.7;49.4
06;2021-07-17;3133;5468;669160;538848;62.0;49.9
06;2021-07-18;1074;5331;670234;544179;62.1;50.4
06;2021-07-19;5862;8035;676096;552214;62.6;51.2
06;2021-07-20;7375;10250;683471;562464;63.3;52.1
06;2021-07-21;8074;8705;691545;571169;64.1;52.9
06;2021-07-22;10225;7861;701770;579030;65.0;53.6
06;2021-07-23;9260;6902;711030;585932;65.9;54.3
06;2021-07-24;3218;3222;714248;589154;66.2;54.6
06;2021-07-25;987;476;715235;589630;66.3;54.6
06;2021-07-26;7373;6879;722608;596509;66.9;55.3
06;2021-07-27;9054;5562;731662;602071;67.8;55.8
06;2021-07-28;7305;5396;738967;607467;68.5;56.3
06;2021-07-29;8669;5761;747636;613228;69.3;56.8
06;2021-07-30;8014;5500;755650;618728;70.0;57.3
06;2021-07-31;3615;3071;759265;621799;70.3;57.6
06;2021-08-01;729;430;759994;622229;70.4;57.6
06;2021-08-02;5894;4579;765888;626808;71.0;58.1
06;2021-08-03;6126;5446;772014;632254;71.5;58.6
06;2021-08-04;5367;3498;777381;635752;72.0;58.9
06;2021-08-05;6020;4434;783401;640186;72.6;59.3
06;2021-08-06;5535;6089;788936;646275;73.1;59.9
06;2021-08-07;2236;2464;791172;648739;73.3;60.1
06;2021-08-08;554;630;791726;649369;73.3;60.2
06;2021-08-09;4278;5997;796004;655366;73.7;60.7
06;2021-08-10;5056;6825;801060;662191;74.2;61.3
06;2021-08-11;4074;6167;805134;668358;74.6;61.9
06;2021-08-12;4270;6689;809404;675047;75.0;62.5
06;2021-08-13;3429;6386;812833;681433;75.3;63.1
06;2021-08-14;1449;2273;814282;683706;75.4;63.3
06;2021-08-15;389;632;814671;684338;75.5;63.4
06;2021-08-16;2956;6853;817627;691191;75.7;64.0
06;2021-08-17;3626;7737;821253;698928;76.1;64.8
06;2021-08-18;2854;6374;824107;705302;76.3;65.3
06;2021-08-19;3860;8065;827967;713367;76.7;66.1
06;2021-08-20;3054;6428;831021;719795;77.0;66.7
06;2021-08-21;1737;3550;832758;723345;77.2;67.0
06;2021-08-22;354;697;833112;724042;77.2;67.1
06;2021-08-23;2250;6466;835362;730508;77.4;67.7
07;2020-12-27;0;0;0;0;0.0;0.0
07;2020-12-28;0;0;0;0;0.0;0.0
07;2020-12-29;0;0;0;0;0.0;0.0
07;2020-12-30;0;0;0;0;0.0;0.0
07;2020-12-31;0;0;0;0;0.0;0.0
07;2021-01-01;7;0;7;0;0.0;0.0
07;2021-01-02;0;0;7;0;0.0;0.0
07;2021-01-03;0;0;7;0;0.0;0.0
07;2021-01-04;0;0;7;0;0.0;0.0
07;2021-01-05;0;0;7;0;0.0;0.0
07;2021-01-06;31;0;38;0;0.0;0.0
07;2021-01-07;130;1;168;1;0.1;0.0
07;2021-01-08;45;1;213;2;0.1;0.0
07;2021-01-09;17;0;230;2;0.1;0.0
07;2021-01-10;0;0;230;2;0.1;0.0
07;2021-01-11;157;1;387;3;0.1;0.0
07;2021-01-12;309;0;696;3;0.2;0.0
07;2021-01-13;305;1;1001;4;0.3;0.0
07;2021-01-14;477;0;1478;4;0.5;0.0
07;2021-01-15;188;0;1666;4;0.5;0.0
07;2021-01-16;17;0;1683;4;0.5;0.0
07;2021-01-17;2;0;1685;4;0.5;0.0
07;2021-01-18;363;2;2048;6;0.6;0.0
07;2021-01-19;830;2;2878;8;0.9;0.0
07;2021-01-20;597;2;3475;10;1.1;0.0
07;2021-01-21;452;3;3927;13;1.2;0.0
07;2021-01-22;291;0;4218;13;1.3;0.0
07;2021-01-23;107;0;4325;13;1.3;0.0
07;2021-01-24;0;0;4325;13;1.3;0.0
07;2021-01-25;164;0;4489;13;1.4;0.0
07;2021-01-26;491;3;4980;16;1.5;0.0
07;2021-01-27;555;7;5535;23;1.7;0.0
07;2021-01-28;1206;101;6741;124;2.1;0.0
07;2021-01-29;707;18;7448;142;2.3;0.0
07;2021-01-30;213;4;7661;146;2.3;0.0
07;2021-01-31;7;0;7668;146;2.3;0.0
07;2021-02-01;267;33;7935;179;2.4;0.1
07;2021-02-02;664;241;8599;420;2.6;0.1
07;2021-02-03;1045;222;9644;642;3.0;0.2
07;2021-02-04;720;262;10364;904;3.2;0.3
07;2021-02-05;484;256;10848;1160;3.3;0.4
07;2021-02-06;98;3;10946;1163;3.3;0.4
07;2021-02-07;12;1;10958;1164;3.4;0.4
07;2021-02-08;239;178;11197;1342;3.4;0.4
07;2021-02-09;488;326;11685;1668;3.6;0.5
07;2021-02-10;538;397;12223;2065;3.7;0.6
07;2021-02-11;400;282;12623;2347;3.9;0.7
07;2021-02-12;268;160;12891;2507;3.9;0.8
07;2021-02-13;69;20;12960;2527;4.0;0.8
07;2021-02-14;0;0;12960;2527;4.0;0.8
07;2021-02-15;270;132;13230;2659;4.0;0.8
07;2021-02-16;347;365;13577;3024;4.2;0.9
07;2021-02-17;466;335;14043;3359;4.3;1.0
07;2021-02-18;562;768;14605;4127;4.5;1.3
07;2021-02-19;456;509;15061;4636;4.6;1.4
07;2021-02-20;109;69;15170;4705;4.6;1.4
07;2021-02-21;15;0;15185;4705;4.6;1.4
07;2021-02-22;424;217;15609;4922;4.8;1.5
07;2021-02-23;646;620;16255;5542;5.0;1.7
07;2021-02-24;928;706;17183;6248;5.3;1.9
07;2021-02-25;710;538;17893;6786;5.5;2.1
07;2021-02-26;845;295;18738;7081;5.7;2.2
07;2021-02-27;190;145;18928;7226;5.8;2.2
07;2021-02-28;1;0;18929;7226;5.8;2.2
07;2021-03-01;438;216;19367;7442;5.9;2.3
07;2021-03-02;655;565;20022;8007;6.1;2.4
07;2021-03-03;691;537;20713;8544;6.3;2.6
07;2021-03-04;1099;359;21812;8903;6.7;2.7
07;2021-03-05;1084;375;22896;9278;7.0;2.8
07;2021-03-06;1125;99;24021;9377;7.3;2.9
07;2021-03-07;718;21;24739;9398;7.6;2.9
07;2021-03-08;352;319;25091;9717;7.7;3.0
07;2021-03-09;1088;433;26179;10150;8.0;3.1
07;2021-03-10;867;519;27046;10669;8.3;3.3
07;2021-03-11;1373;468;28419;11137;8.7;3.4
07;2021-03-12;1617;566;30036;11703;9.2;3.6
07;2021-03-13;679;102;30715;11805;9.4;3.6
07;2021-03-14;4;0;30719;11805;9.4;3.6
07;2021-03-15;526;292;31245;12097;9.6;3.7
07;2021-03-16;1207;482;32452;12579;9.9;3.8
07;2021-03-17;1187;783;33639;13362;10.3;4.1
07;2021-03-18;1219;417;34858;13779;10.7;4.2
07;2021-03-19;1268;424;36126;14203;11.1;4.3
07;2021-03-20;467;109;36593;14312;11.2;4.4
07;2021-03-21;3;2;36596;14314;11.2;4.4
07;2021-03-22;790;538;37386;14852;11.4;4.5
07;2021-03-23;1514;722;38900;15574;11.9;4.8
07;2021-03-24;1276;663;40176;16237;12.3;5.0
07;2021-03-25;1852;516;42028;16753;12.9;5.1
07;2021-03-26;1834;441;43862;17194;13.4;5.3
07;2021-03-27;385;101;44247;17295;13.5;5.3
07;2021-03-28;6;1;44253;17296;13.5;5.3
07;2021-03-29;789;358;45042;17654;13.8;5.4
07;2021-03-30;1526;512;46568;18166;14.2;5.6
07;2021-03-31;1656;506;48224;18672;14.8;5.7
07;2021-04-01;1585;660;49809;19332;15.2;5.9
07;2021-04-02;1522;439;51331;19771;15.7;6.0
07;2021-04-03;230;106;51561;19877;15.8;6.1
07;2021-04-04;3;1;51564;19878;15.8;6.1
07;2021-04-05;0;66;51564;19944;15.8;6.1
07;2021-04-06;1161;758;52725;20702;16.1;6.3
07;2021-04-07;1317;897;54042;21599;16.5;6.6
07;2021-04-08;1969;1179;56011;22778;17.1;7.0
07;2021-04-09;2425;567;58436;23345;17.9;7.1
07;2021-04-10;807;162;59243;23507;18.1;7.2
07;2021-04-11;339;13;59582;23520;18.2;7.2
07;2021-04-12;1282;594;60864;24114;18.6;7.4
07;2021-04-13;1768;1337;62632;25451;19.2;7.8
07;2021-04-14;1675;987;64307;26438;19.7;8.1
07;2021-04-15;1442;842;65749;27280;20.1;8.3
07;2021-04-16;1506;908;67255;28188;20.6;8.6
07;2021-04-17;870;215;68125;28403;20.8;8.7
07;2021-04-18;700;37;68825;28440;21.1;8.7
07;2021-04-19;1161;572;69986;29012;21.4;8.9
07;2021-04-20;1441;1317;71427;30329;21.9;9.3
07;2021-04-21;1719;918;73146;31247;22.4;9.6
07;2021-04-22;1817;964;74963;32211;22.9;9.9
07;2021-04-23;1411;973;76374;33184;23.4;10.2
07;2021-04-24;961;251;77335;33435;23.7;10.2
07;2021-04-25;717;68;78052;33503;23.9;10.2
07;2021-04-26;1138;681;79190;34184;24.2;10.5
07;2021-04-27;1395;1565;80585;35749;24.7;10.9
07;2021-04-28;1636;1759;82221;37508;25.2;11.5
07;2021-04-29;1939;1535;84160;39043;25.7;11.9
07;2021-04-30;1660;1483;85820;40526;26.3;12.4
07;2021-05-01;960;116;86780;40642;26.5;12.4
07;2021-05-02;845;156;87625;40798;26.8;12.5
07;2021-05-03;1280;435;88905;41233;27.2;12.6
07;2021-05-04;2170;1562;91075;42795;27.9;13.1
07;2021-05-05;1745;1386;92820;44181;28.4;13.5
07;2021-05-06;2104;1586;94924;45767;29.0;14.0
07;2021-05-07;1595;1556;96519;47323;29.5;14.5
07;2021-05-08;1226;405;97745;47728;29.9;14.6
07;2021-05-09;1030;327;98775;48055;30.2;14.7
07;2021-05-10;1405;1175;100180;49230;30.6;15.1
07;2021-05-11;2472;1699;102652;50929;31.4;15.6
07;2021-05-12;2163;1277;104815;52206;32.1;16.0
07;2021-05-13;1712;272;106527;52478;32.6;16.1
07;2021-05-14;1734;1000;108261;53478;33.1;16.4
07;2021-05-15;1627;500;109888;53978;33.6;16.5
07;2021-05-16;1444;213;111332;54191;34.1;16.6
07;2021-05-17;1772;860;113104;55051;34.6;16.8
07;2021-05-18;2296;1304;115400;56355;35.3;17.2
07;2021-05-19;2375;997;117775;57352;36.0;17.5
07;2021-05-20;2165;1311;119940;58663;36.7;17.9
07;2021-05-21;1758;1314;121698;59977;37.2;18.3
07;2021-05-22;935;544;122633;60521;37.5;18.5
07;2021-05-23;857;157;123490;60678;37.8;18.6
07;2021-05-24;1650;339;125140;61017;38.3;18.7
07;2021-05-25;2187;1478;127327;62495;39.0;19.1
07;2021-05-26;1528;1380;128855;63875;39.4;19.5
07;2021-05-27;2020;1410;130875;65285;40.0;20.0
07;2021-05-28;1770;2081;132645;67366;40.6;20.6
07;2021-05-29;943;684;133588;68050;40.9;20.8
07;2021-05-30;622;570;134210;68620;41.1;21.0
07;2021-05-31;1133;1286;135343;69906;41.4;21.4
07;2021-06-01;2153;2006;137496;71912;42.1;22.0
07;2021-06-02;1531;1653;139027;73565;42.5;22.5
07;2021-06-03;1712;1257;140739;74822;43.1;22.9
07;2021-06-04;1675;1596;142414;76418;43.6;23.4
07;2021-06-05;987;955;143401;77373;43.9;23.7
07;2021-06-06;598;623;143999;77996;44.1;23.9
07;2021-06-07;961;1195;144960;79191;44.3;24.2
07;2021-06-08;1548;1771;146508;80962;44.8;24.8
07;2021-06-09;1030;1422;147538;82384;45.1;25.2
07;2021-06-10;789;1391;148327;83775;45.4;25.6
07;2021-06-11;1154;2034;149481;85809;45.7;26.3
07;2021-06-12;643;1217;150124;87026;45.9;26.6
07;2021-06-13;395;444;150519;87470;46.0;26.8
07;2021-06-14;566;1963;151085;89433;46.2;27.4
07;2021-06-15;936;2553;152021;91986;46.5;28.1
07;2021-06-16;1023;1853;153044;93839;46.8;28.7
07;2021-06-17;886;1951;153930;95790;47.1;29.3
07;2021-06-18;872;2285;154802;98075;47.4;30.0
07;2021-06-19;606;1455;155408;99530;47.5;30.4
07;2021-06-20;369;727;155777;100257;47.7;30.7
07;2021-06-21;516;2144;156293;102401;47.8;31.3
07;2021-06-22;655;2663;156948;105064;48.0;32.1
07;2021-06-23;680;1960;157628;107024;48.2;32.7
07;2021-06-24;646;1852;158274;108876;48.4;33.3
07;2021-06-25;701;2177;158975;111053;48.6;34.0
07;2021-06-26;360;1429;159335;112482;48.7;34.4
07;2021-06-27;285;1073;159620;113555;48.8;34.7
07;2021-06-28;505;2241;160125;115796;49.0;35.4
07;2021-06-29;540;2987;160665;118783;49.2;36.3
07;2021-06-30;822;2290;161487;121073;49.4;37.0
07;2021-07-01;774;1978;162261;123051;49.6;37.6
07;2021-07-02;882;2303;163143;125354;49.9;38.3
07;2021-07-03;421;1139;163564;126493;50.0;38.7
07;2021-07-04;211;853;163775;127346;50.1;39.0
07;2021-07-05;670;1685;164445;129031;50.3;39.5
07;2021-07-06;879;2634;165324;131665;50.6;40.3
07;2021-07-07;969;1946;166293;133611;50.9;40.9
07;2021-07-08;928;1972;167221;135583;51.2;41.5
07;2021-07-09;996;2262;168217;137845;51.5;42.2
07;2021-07-10;598;1101;168815;138946;51.6;42.5
07;2021-07-11;239;614;169054;139560;51.7;42.7
07;2021-07-12;807;1769;169861;141329;52.0;43.2
07;2021-07-13;1768;3177;171629;144506;52.5;44.2
07;2021-07-14;167;134;171796;144640;52.6;44.2
07;2021-07-15;1956;2459;173752;147099;53.2;45.0
07;2021-07-16;2053;1985;175805;149084;53.8;45.6
07;2021-07-17;1484;1252;177289;150336;54.2;46.0
07;2021-07-18;771;482;178060;150818;54.5;46.1
07;2021-07-19;1515;1705;179575;152523;54.9;46.7
07;2021-07-20;2520;2676;182095;155199;55.7;47.5
07;2021-07-21;1854;1915;183949;157114;56.3;48.1
07;2021-07-22;1916;1372;185865;158486;56.9;48.5
07;2021-07-23;2258;1684;188123;160170;57.6;49.0
07;2021-07-24;1638;1107;189761;161277;58.1;49.3
07;2021-07-25;33;22;189794;161299;58.1;49.3
07;2021-07-26;2191;1542;191985;162841;58.7;49.8
07;2021-07-27;2990;1909;194975;164750;59.6;50.4
07;2021-07-28;1636;1303;196611;166053;60.1;50.8
07;2021-07-29;2531;1276;199142;167329;60.9;51.2
07;2021-07-30;1348;1415;200490;168744;61.3;51.6
07;2021-07-31;1495;923;201985;169667;61.8;51.9
07;2021-08-01;73;26;202058;169693;61.8;51.9
07;2021-08-02;1483;1136;203541;170829;62.3;52.3
07;2021-08-03;2399;1907;205940;172736;63.0;52.8
07;2021-08-04;1932;1029;207872;173765;63.6;53.2
07;2021-08-05;1874;1287;209746;175052;64.2;53.6
07;2021-08-06;2017;1709;211763;176761;64.8;54.1
07;2021-08-07;991;553;212754;177314;65.1;54.2
07;2021-08-08;7;23;212761;177337;65.1;54.3
07;2021-08-09;1252;1377;214013;178714;65.5;54.7
07;2021-08-10;1590;2258;215603;180972;66.0;55.4
07;2021-08-11;1396;1606;216999;182578;66.4;55.9
07;2021-08-12;1093;1479;218092;184057;66.7;56.3
07;2021-08-13;1165;1783;219257;185840;67.1;56.9
07;2021-08-14;504;767;219761;186607;67.2;57.1
07;2021-08-15;9;28;219770;186635;67.2;57.1
07;2021-08-16;755;1324;220525;187959;67.5;57.5
07;2021-08-17;1318;2265;221843;190224;67.9;58.2
07;2021-08-18;863;1513;222706;191737;68.1;58.7
07;2021-08-19;1140;1690;223846;193427;68.5;59.2
07;2021-08-20;890;2081;224736;195508;68.8;59.8
07;2021-08-21;358;546;225094;196054;68.9;60.0
07;2021-08-22;7;23;225101;196077;68.9;60.0
07;2021-08-23;461;1305;225562;197382;69.0;60.4
08;2020-12-27;1;0;1;0;0.0;0.0
08;2020-12-28;0;0;1;0;0.0;0.0
08;2020-12-29;0;0;1;0;0.0;0.0
08;2020-12-30;0;0;1;0;0.0;0.0
08;2020-12-31;0;0;1;0;0.0;0.0
08;2021-01-01;0;0;1;0;0.0;0.0
08;2021-01-02;0;0;1;0;0.0;0.0
08;2021-01-03;2;0;3;0;0.0;0.0
08;2021-01-04;24;0;27;0;0.0;0.0
08;2021-01-05;1;0;28;0;0.0;0.0
08;2021-01-06;0;0;28;0;0.0;0.0
08;2021-01-07;188;0;216;0;0.1;0.0
08;2021-01-08;314;0;530;0;0.2;0.0
08;2021-01-09;113;0;643;0;0.2;0.0
08;2021-01-10;1;0;644;0;0.2;0.0
08;2021-01-11;67;0;711;0;0.3;0.0
08;2021-01-12;157;0;868;0;0.3;0.0
08;2021-01-13;480;1;1348;1;0.5;0.0
08;2021-01-14;536;9;1884;10;0.7;0.0
08;2021-01-15;287;2;2171;12;0.8;0.0
08;2021-01-16;106;0;2277;12;0.9;0.0
08;2021-01-17;2;0;2279;12;0.9;0.0
08;2021-01-18;371;2;2650;14;1.0;0.0
08;2021-01-19;872;1;3522;15;1.3;0.0
08;2021-01-20;910;4;4432;19;1.7;0.0
08;2021-01-21;743;1;5175;20;1.9;0.0
08;2021-01-22;678;1;5853;21;2.2;0.0
08;2021-01-23;237;0;6090;21;2.3;0.0
08;2021-01-24;0;0;6090;21;2.3;0.0
08;2021-01-25;207;0;6297;21;2.4;0.0
08;2021-01-26;302;1;6599;22;2.5;0.0
08;2021-01-27;410;1;7009;23;2.6;0.0
08;2021-01-28;565;182;7574;205;2.9;0.1
08;2021-01-29;587;180;8161;385;3.1;0.1
08;2021-01-30;222;63;8383;448;3.2;0.2
08;2021-01-31;0;0;8383;448;3.2;0.2
08;2021-02-01;80;46;8463;494;3.2;0.2
08;2021-02-02;192;173;8655;667;3.3;0.3
08;2021-02-03;141;170;8796;837;3.3;0.3
08;2021-02-04;309;287;9105;1124;3.4;0.4
08;2021-02-05;499;360;9604;1484;3.6;0.6
08;2021-02-06;149;75;9753;1559;3.7;0.6
08;2021-02-07;8;0;9761;1559;3.7;0.6
08;2021-02-08;40;173;9801;1732;3.7;0.7
08;2021-02-09;220;646;10021;2378;3.8;0.9
08;2021-02-10;334;641;10355;3019;3.9;1.1
08;2021-02-11;464;364;10819;3383;4.1;1.3
08;2021-02-12;676;388;11495;3771;4.3;1.4
08;2021-02-13;140;116;11635;3887;4.4;1.5
08;2021-02-14;3;60;11638;3947;4.4;1.5
08;2021-02-15;227;209;11865;4156;4.5;1.6
08;2021-02-16;130;375;11995;4531;4.5;1.7
08;2021-02-17;112;417;12107;4948;4.6;1.9
08;2021-02-18;215;518;12322;5466;4.6;2.1
08;2021-02-19;305;425;12627;5891;4.8;2.2
08;2021-02-20;7;208;12634;6099;4.8;2.3
08;2021-02-21;0;0;12634;6099;4.8;2.3
08;2021-02-22;132;179;12766;6278;4.8;2.4
08;2021-02-23;150;320;12916;6598;4.9;2.5
08;2021-02-24;163;388;13079;6986;4.9;2.6
08;2021-02-25;500;526;13579;7512;5.1;2.8
08;2021-02-26;603;628;14182;8140;5.3;3.1
08;2021-02-27;318;191;14500;8331;5.5;3.1
08;2021-02-28;19;1;14519;8332;5.5;3.1
08;2021-03-01;200;105;14719;8437;5.5;3.2
08;2021-03-02;654;280;15373;8717;5.8;3.3
08;2021-03-03;897;201;16270;8918;6.1;3.4
08;2021-03-04;734;333;17004;9251;6.4;3.5
08;2021-03-05;1022;541;18026;9792;6.8;3.7
08;2021-03-06;694;139;18720;9931;7.1;3.7
08;2021-03-07;75;2;18795;9933;7.1;3.7
08;2021-03-08;217;123;19012;10056;7.2;3.8
08;2021-03-09;686;136;19698;10192;7.4;3.8
08;2021-03-10;1037;120;20735;10312;7.8;3.9
08;2021-03-11;981;251;21716;10563;8.2;4.0
08;2021-03-12;1631;517;23347;11080;8.8;4.2
08;2021-03-13;797;123;24144;11203;9.1;4.2
08;2021-03-14;22;0;24166;11203;9.1;4.2
08;2021-03-15;291;73;24457;11276;9.2;4.2
08;2021-03-16;563;38;25020;11314;9.4;4.3
08;2021-03-17;802;62;25822;11376;9.7;4.3
08;2021-03-18;816;156;26638;11532;10.0;4.3
08;2021-03-19;1135;284;27773;11816;10.5;4.4
08;2021-03-20;508;17;28281;11833;10.7;4.5
08;2021-03-21;13;1;28294;11834;10.7;4.5
08;2021-03-22;367;44;28661;11878;10.8;4.5
08;2021-03-23;733;63;29394;11941;11.1;4.5
08;2021-03-24;1327;70;30721;12011;11.6;4.5
08;2021-03-25;1905;94;32626;12105;12.3;4.6
08;2021-03-26;2565;172;35191;12277;13.3;4.6
08;2021-03-27;898;124;36089;12401;13.6;4.7
08;2021-03-28;228;6;36317;12407;13.7;4.7
08;2021-03-29;261;184;36578;12591;13.8;4.7
08;2021-03-30;832;486;37410;13077;14.1;4.9
08;2021-03-31;852;533;38262;13610;14.4;5.1
08;2021-04-01;1684;447;39946;14057;15.0;5.3
08;2021-04-02;1499;518;41445;14575;15.6;5.5
08;2021-04-03;1329;202;42774;14777;16.1;5.6
08;2021-04-04;134;4;42908;14781;16.2;5.6
08;2021-04-05;17;0;42925;14781;16.2;5.6
08;2021-04-06;702;483;43627;15264;16.4;5.7
08;2021-04-07;910;703;44537;15967;16.8;6.0
08;2021-04-08;1742;522;46279;16489;17.4;6.2
08;2021-04-09;2348;724;48627;17213;18.3;6.5
08;2021-04-10;1449;223;50076;17436;18.9;6.6
08;2021-04-11;10;6;50086;17442;18.9;6.6
08;2021-04-12;671;223;50757;17665;19.1;6.7
08;2021-04-13;1307;616;52064;18281;19.6;6.9
08;2021-04-14;1281;866;53345;19147;20.1;7.2
08;2021-04-15;1606;803;54951;19950;20.7;7.5
08;2021-04-16;1873;880;56824;20830;21.4;7.8
08;2021-04-17;1111;401;57935;21231;21.8;8.0
08;2021-04-18;23;14;57958;21245;21.8;8.0
08;2021-04-19;1150;298;59108;21543;22.3;8.1
08;2021-04-20;1120;541;60228;22084;22.7;8.3
08;2021-04-21;1139;742;61367;22826;23.1;8.6
08;2021-04-22;1327;880;62694;23706;23.6;8.9
08;2021-04-23;1675;1173;64369;24879;24.2;9.4
08;2021-04-24;1324;647;65693;25526;24.7;9.6
08;2021-04-25;26;198;65719;25724;24.8;9.7
08;2021-04-26;1040;153;66759;25877;25.1;9.7
08;2021-04-27;1338;603;68097;26480;25.6;10.0
08;2021-04-28;1453;680;69550;27160;26.2;10.2
08;2021-04-29;1173;1314;70723;28474;26.6;10.7
08;2021-04-30;1769;1615;72492;30089;27.3;11.3
08;2021-05-01;1049;494;73541;30583;27.7;11.5
08;2021-05-02;627;183;74168;30766;27.9;11.6
08;2021-05-03;1169;373;75337;31139;28.4;11.7
08;2021-05-04;1328;872;76665;32011;28.9;12.1
08;2021-05-05;1567;1332;78232;33343;29.5;12.6
08;2021-05-06;1971;1660;80203;35003;30.2;13.2
08;2021-05-07;1860;2100;82063;37103;30.9;14.0
08;2021-05-08;923;767;82986;37870;31.3;14.3
08;2021-05-09;443;71;83429;37941;31.4;14.3
08;2021-05-10;1191;666;84620;38607;31.9;14.5
08;2021-05-11;1909;944;86529;39551;32.6;14.9
08;2021-05-12;1810;1240;88339;40791;33.3;15.4
08;2021-05-13;1306;621;89645;41412;33.8;15.6
08;2021-05-14;2535;1036;92180;42448;34.7;16.0
08;2021-05-15;1821;714;94001;43162;35.4;16.3
08;2021-05-16;820;102;94821;43264;35.7;16.3
08;2021-05-17;700;905;95521;44169;36.0;16.6
08;2021-05-18;1251;841;96772;45010;36.4;17.0
08;2021-05-19;1610;959;98382;45969;37.1;17.3
08;2021-05-20;2146;962;100528;46931;37.9;17.7
08;2021-05-21;2338;1274;102866;48205;38.7;18.2
08;2021-05-22;1817;763;104683;48968;39.4;18.4
08;2021-05-23;864;90;105547;49058;39.7;18.5
08;2021-05-24;714;104;106261;49162;40.0;18.5
08;2021-05-25;1456;671;107717;49833;40.6;18.8
08;2021-05-26;1527;1011;109244;50844;41.1;19.1
08;2021-05-27;2007;1146;111251;51990;41.9;19.6
08;2021-05-28;1973;1822;113224;53812;42.6;20.3
08;2021-05-29;1769;969;114993;54781;43.3;20.6
08;2021-05-30;836;102;115829;54883;43.6;20.7
08;2021-05-31;755;572;116584;55455;43.9;20.9
08;2021-06-01;1351;881;117935;56336;44.4;21.2
08;2021-06-02;1295;1196;119230;57532;44.9;21.7
08;2021-06-03;1385;1525;120615;59057;45.4;22.2
08;2021-06-04;1777;2425;122392;61482;46.1;23.2
08;2021-06-05;1177;1379;123569;62861;46.5;23.7
08;2021-06-06;907;107;124476;62968;46.9;23.7
08;2021-06-07;661;1174;125137;64142;47.1;24.2
08;2021-06-08;931;1495;126068;65637;47.5;24.7
08;2021-06-09;841;1392;126909;67029;47.8;25.2
08;2021-06-10;1718;1554;128627;68583;48.4;25.8
08;2021-06-11;1721;2211;130348;70794;49.1;26.7
08;2021-06-12;1418;1527;131766;72321;49.6;27.2
08;2021-06-13;386;598;132152;72919;49.8;27.5
08;2021-06-14;380;1304;132532;74223;49.9;28.0
08;2021-06-15;740;1550;133272;75773;50.2;28.5
08;2021-06-16;807;2056;134079;77829;50.5;29.3
08;2021-06-17;1285;1854;135364;79683;51.0;30.0
08;2021-06-18;1609;2595;136973;82278;51.6;31.0
08;2021-06-19;1324;1407;138297;83685;52.1;31.5
08;2021-06-20;117;423;138414;84108;52.1;31.7
08;2021-06-21;494;1397;138908;85505;52.3;32.2
08;2021-06-22;809;2023;139717;87528;52.6;33.0
08;2021-06-23;859;1673;140576;89201;52.9;33.6
08;2021-06-24;1037;1924;141613;91125;53.3;34.3
08;2021-06-25;1084;2734;142697;93859;53.7;35.3
08;2021-06-26;1011;1781;143708;95640;54.1;36.0
08;2021-06-27;351;644;144059;96284;54.3;36.3
08;2021-06-28;397;1322;144456;97606;54.4;36.8
08;2021-06-29;628;1472;145084;99078;54.6;37.3
08;2021-06-30;856;1690;145940;100768;55.0;37.9
08;2021-07-01;885;2194;146825;102962;55.3;38.8
08;2021-07-02;939;2642;147764;105604;55.6;39.8
08;2021-07-03;784;2142;148548;107746;55.9;40.6
08;2021-07-04;128;861;148676;108607;56.0;40.9
08;2021-07-05;104;1195;148780;109802;56.0;41.4
08;2021-07-06;425;1834;149205;111636;56.2;42.0
08;2021-07-07;365;1782;149570;113418;56.3;42.7
08;2021-07-08;716;2014;150286;115432;56.6;43.5
08;2021-07-09;733;2436;151019;117868;56.9;44.4
08;2021-07-10;652;1998;151671;119866;57.1;45.1
08;2021-07-11;238;725;151909;120591;57.2;45.4
08;2021-07-12;311;1193;152220;121784;57.3;45.9
08;2021-07-13;946;1788;153166;123572;57.7;46.5
08;2021-07-14;177;329;153343;123901;57.7;46.7
08;2021-07-15;760;2450;154103;126351;58.0;47.6
08;2021-07-16;1082;2405;155185;128756;58.4;48.5
08;2021-07-17;992;2107;156177;130863;58.8;49.3
08;2021-07-18;346;740;156523;131603;58.9;49.6
08;2021-07-19;457;920;156980;132523;59.1;49.9
08;2021-07-20;878;1435;157858;133958;59.4;50.4
08;2021-07-21;1234;1720;159092;135678;59.9;51.1
08;2021-07-22;1147;2169;160239;137847;60.3;51.9
08;2021-07-23;1584;2446;161823;140293;60.9;52.8
08;2021-07-24;1309;1924;163132;142217;61.4;53.6
08;2021-07-25;774;444;163906;142661;61.7;53.7
08;2021-07-26;1318;846;165224;143507;62.2;54.0
08;2021-07-27;2183;1408;167407;144915;63.0;54.6
08;2021-07-28;2413;1454;169820;146369;64.0;55.1
08;2021-07-29;2602;1348;172422;147717;64.9;55.6
08;2021-07-30;2597;1586;175019;149303;65.9;56.2
08;2021-07-31;1968;1074;176987;150377;66.7;56.6
08;2021-08-01;935;299;177922;150676;67.0;56.7
08;2021-08-02;1252;684;179174;151360;67.5;57.0
08;2021-08-03;1629;821;180803;152181;68.1;57.3
08;2021-08-04;1489;662;182292;152843;68.7;57.6
08;2021-08-05;1892;968;184184;153811;69.4;57.9
08;2021-08-06;2576;1095;186760;154906;70.3;58.3
08;2021-08-07;1669;1160;188429;156066;71.0;58.8
08;2021-08-08;582;375;189011;156441;71.2;58.9
08;2021-08-09;672;534;189683;156975;71.4;59.1
08;2021-08-10;875;750;190558;157725;71.8;59.4
08;2021-08-11;521;790;191079;158515;72.0;59.7
08;2021-08-12;1147;1075;192226;159590;72.4;60.1
08;2021-08-13;1141;1016;193367;160606;72.8;60.5
08;2021-08-14;586;913;193953;161519;73.0;60.8
08;2021-08-15;137;274;194090;161793;73.1;60.9
08;2021-08-16;219;1178;194309;162971;73.2;61.4
08;2021-08-17;513;1207;194822;164178;73.4;61.8
08;2021-08-18;278;1264;195100;165442;73.5;62.3
08;2021-08-19;603;1887;195703;167329;73.7;63.0
08;2021-08-20;677;2169;196380;169498;74.0;63.8
08;2021-08-21;273;1340;196653;170838;74.1;64.3
08;2021-08-22;105;894;196758;171732;74.1;64.7
08;2021-08-23;159;1448;196917;173180;74.2;65.2
09;2020-12-27;0;0;0;0;0.0;0.0
09;2020-12-28;1;0;1;0;0.0;0.0
09;2020-12-29;0;0;1;0;0.0;0.0
09;2020-12-30;0;0;1;0;0.0;0.0
09;2020-12-31;0;0;1;0;0.0;0.0
09;2021-01-01;0;0;1;0;0.0;0.0
09;2021-01-02;0;0;1;0;0.0;0.0
09;2021-01-03;0;0;1;0;0.0;0.0
09;2021-01-04;2;1;3;1;0.0;0.0
09;2021-01-05;0;0;3;1;0.0;0.0
09;2021-01-06;3;0;6;1;0.0;0.0
09;2021-01-07;257;2;263;3;0.2;0.0
09;2021-01-08;228;0;491;3;0.3;0.0
09;2021-01-09;103;0;594;3;0.4;0.0
09;2021-01-10;59;0;653;3;0.4;0.0
09;2021-01-11;175;0;828;3;0.5;0.0
09;2021-01-12;304;0;1132;3;0.7;0.0
09;2021-01-13;196;0;1328;3;0.9;0.0
09;2021-01-14;432;8;1760;11;1.2;0.0
09;2021-01-15;223;1;1983;12;1.3;0.0
09;2021-01-16;194;2;2177;14;1.4;0.0
09;2021-01-17;123;0;2300;14;1.5;0.0
09;2021-01-18;267;1;2567;15;1.7;0.0
09;2021-01-19;258;1;2825;16;1.9;0.0
09;2021-01-20;346;1;3171;17;2.1;0.0
09;2021-01-21;333;1;3504;18;2.3;0.0
09;2021-01-22;331;1;3835;19;2.5;0.0
09;2021-01-23;237;0;4072;19;2.7;0.0
09;2021-01-24;85;1;4157;20;2.7;0.0
09;2021-01-25;204;12;4361;32;2.9;0.0
09;2021-01-26;634;25;4995;57;3.3;0.0
09;2021-01-27;472;49;5467;106;3.6;0.1
09;2021-01-28;285;205;5752;311;3.8;0.2
09;2021-01-29;250;129;6002;440;3.9;0.3
09;2021-01-30;143;55;6145;495;4.0;0.3
09;2021-01-31;56;10;6201;505;4.1;0.3
09;2021-02-01;82;142;6283;647;4.1;0.4
09;2021-02-02;57;295;6340;942;4.2;0.6
09;2021-02-03;87;206;6427;1148;4.2;0.8
09;2021-02-04;49;299;6476;1447;4.2;0.9
09;2021-02-05;89;156;6565;1603;4.3;1.1
09;2021-02-06;68;49;6633;1652;4.4;1.1
09;2021-02-07;6;71;6639;1723;4.4;1.1
09;2021-02-08;22;177;6661;1900;4.4;1.2
09;2021-02-09;54;289;6715;2189;4.4;1.4
09;2021-02-10;15;196;6730;2385;4.4;1.6
09;2021-02-11;6;220;6736;2605;4.4;1.7
09;2021-02-12;149;176;6885;2781;4.5;1.8
09;2021-02-13;7;144;6892;2925;4.5;1.9
09;2021-02-14;0;52;6892;2977;4.5;2.0
09;2021-02-15;75;134;6967;3111;4.6;2.0
09;2021-02-16;227;509;7194;3620;4.7;2.4
09;2021-02-17;83;388;7277;4008;4.8;2.6
09;2021-02-18;87;450;7364;4458;4.8;2.9
09;2021-02-19;65;285;7429;4743;4.9;3.1
09;2021-02-20;59;200;7488;4943;4.9;3.2
09;2021-02-21;0;51;7488;4994;4.9;3.3
09;2021-02-22;127;217;7615;5211;5.0;3.4
09;2021-02-23;161;145;7776;5356;5.1;3.5
09;2021-02-24;74;178;7850;5534;5.2;3.6
09;2021-02-25;211;169;8061;5703;5.3;3.7
09;2021-02-26;162;175;8223;5878;5.4;3.9
09;2021-02-27;65;71;8288;5949;5.4;3.9
09;2021-02-28;44;17;8332;5966;5.5;3.9
09;2021-03-01;247;97;8579;6063;5.6;4.0
09;2021-03-02;284;77;8863;6140;5.8;4.0
09;2021-03-03;252;131;9115;6271;6.0;4.1
09;2021-03-04;413;32;9528;6303;6.3;4.1
09;2021-03-05;331;64;9859;6367;6.5;4.2
09;2021-03-06;397;46;10256;6413;6.7;4.2
09;2021-03-07;124;4;10380;6417;6.8;4.2
09;2021-03-08;380;64;10760;6481;7.1;4.3
09;2021-03-09;437;140;11197;6621;7.3;4.3
09;2021-03-10;560;71;11757;6692;7.7;4.4
09;2021-03-11;695;79;12452;6771;8.2;4.4
09;2021-03-12;659;32;13111;6803;8.6;4.5
09;2021-03-13;385;3;13496;6806;8.9;4.5
09;2021-03-14;120;3;13616;6809;8.9;4.5
09;2021-03-15;467;49;14083;6858;9.2;4.5
09;2021-03-16;370;80;14453;6938;9.5;4.6
09;2021-03-17;399;72;14852;7010;9.7;4.6
09;2021-03-18;454;43;15306;7053;10.0;4.6
09;2021-03-19;525;56;15831;7109;10.4;4.7
09;2021-03-20;313;39;16144;7148;10.6;4.7
09;2021-03-21;105;0;16249;7148;10.7;4.7
09;2021-03-22;424;119;16673;7267;10.9;4.8
09;2021-03-23;566;173;17239;7440;11.3;4.9
09;2021-03-24;711;42;17950;7482;11.8;4.9
09;2021-03-25;869;138;18819;7620;12.3;5.0
09;2021-03-26;751;45;19570;7665;12.8;5.0
09;2021-03-27;622;70;20192;7735;13.2;5.1
09;2021-03-28;132;24;20324;7759;13.3;5.1
09;2021-03-29;498;279;20822;8038;13.7;5.3
09;2021-03-30;729;155;21551;8193;14.1;5.4
09;2021-03-31;802;181;22353;8374;14.7;5.5
09;2021-04-01;734;255;23087;8629;15.1;5.7
09;2021-04-02;693;266;23780;8895;15.6;5.8
09;2021-04-03;771;117;24551;9012;16.1;5.9
09;2021-04-04;122;57;24673;9069;16.2;6.0
09;2021-04-05;237;60;24910;9129;16.3;6.0
09;2021-04-06;1057;394;25967;9523;17.0;6.2
09;2021-04-07;1209;358;27176;9881;17.8;6.5
09;2021-04-08;1469;405;28645;10286;18.8;6.7
09;2021-04-09;1138;414;29783;10700;19.5;7.0
09;2021-04-10;1349;195;31132;10895;20.4;7.1
09;2021-04-11;173;102;31305;10997;20.5;7.2
09;2021-04-12;737;346;32042;11343;21.0;7.4
09;2021-04-13;1047;411;33089;11754;21.7;7.7
09;2021-04-14;1332;510;34421;12264;22.6;8.0
09;2021-04-15;1148;506;35569;12770;23.3;8.4
09;2021-04-16;1032;415;36601;13185;24.0;8.7
09;2021-04-17;1194;355;37795;13540;24.8;8.9
09;2021-04-18;102;96;37897;13636;24.9;8.9
09;2021-04-19;697;407;38594;14043;25.3;9.2
09;2021-04-20;766;532;39360;14575;25.8;9.6
09;2021-04-21;940;590;40300;15165;26.4;10.0
09;2021-04-22;667;607;40967;15772;26.9;10.3
09;2021-04-23;773;430;41740;16202;27.4;10.6
09;2021-04-24;741;670;42481;16872;27.9;11.1
09;2021-04-25;75;113;42556;16985;27.9;11.1
09;2021-04-26;382;533;42938;17518;28.2;11.5
09;2021-04-27;443;721;43381;18239;28.5;12.0
09;2021-04-28;806;795;44187;19034;29.0;12.5
09;2021-04-29;550;775;44737;19809;29.4;13.0
09;2021-04-30;621;724;45358;20533;29.8;13.5
09;2021-05-01;478;455;45836;20988;30.1;13.8
09;2021-05-02;51;100;45887;21088;30.1;13.8
09;2021-05-03;522;663;46409;21751;30.5;14.3
09;2021-05-04;555;1348;46964;23099;30.8;15.2
09;2021-05-05;822;1347;47786;24446;31.4;16.0
09;2021-05-06;849;1033;48635;25479;31.9;16.7
09;2021-05-07;977;823;49612;26302;32.6;17.3
09;2021-05-08;395;461;50007;26763;32.8;17.6
09;2021-05-09;264;84;50271;26847;33.0;17.6
09;2021-05-10;504;966;50775;27813;33.3;18.3
09;2021-05-11;742;1052;51517;28865;33.8;18.9
09;2021-05-12;1535;1404;53052;30269;34.8;19.9
09;2021-05-13;1383;425;54435;30694;35.7;20.1
09;2021-05-14;986;654;55421;31348;36.4;20.6
09;2021-05-15;1236;790;56657;32138;37.2;21.1
09;2021-05-16;296;48;56953;32186;37.4;21.1
09;2021-05-17;874;413;57827;32599;37.9;21.4
09;2021-05-18;1291;394;59118;32993;38.8;21.6
09;2021-05-19;1495;370;60613;33363;39.8;21.9
09;2021-05-20;1379;405;61992;33768;40.7;22.2
09;2021-05-21;1164;496;63156;34264;41.4;22.5
09;2021-05-22;1546;364;64702;34628;42.5;22.7
09;2021-05-23;273;25;64975;34653;42.6;22.7
09;2021-05-24;177;100;65152;34753;42.8;22.8
09;2021-05-25;998;500;66150;35253;43.4;23.1
09;2021-05-26;1285;446;67435;35699;44.2;23.4
09;2021-05-27;966;403;68401;36102;44.9;23.7
09;2021-05-28;958;513;69359;36615;45.5;24.0
09;2021-05-29;1797;601;71156;37216;46.7;24.4
09;2021-05-30;541;197;71697;37413;47.0;24.5
09;2021-05-31;717;593;72414;38006;47.5;24.9
09;2021-06-01;969;642;73383;38648;48.2;25.4
09;2021-06-02;1008;897;74391;39545;48.8;25.9
09;2021-06-03;810;682;75201;40227;49.3;26.4
09;2021-06-04;877;799;76078;41026;49.9;26.9
09;2021-06-05;1320;874;77398;41900;50.8;27.5
09;2021-06-06;304;108;77702;42008;51.0;27.6
09;2021-06-07;623;517;78325;42525;51.4;27.9
09;2021-06-08;823;490;79148;43015;51.9;28.2
09;2021-06-09;806;834;79954;43849;52.5;28.8
09;2021-06-10;641;534;80595;44383;52.9;29.1
09;2021-06-11;831;762;81426;45145;53.4;29.6
09;2021-06-12;636;807;82062;45952;53.8;30.2
09;2021-06-13;94;130;82156;46082;53.9;30.2
09;2021-06-14;629;708;82785;46790;54.3;30.7
09;2021-06-15;824;890;83609;47680;54.9;31.3
09;2021-06-16;627;1078;84236;48758;55.3;32.0
09;2021-06-17;780;854;85016;49612;55.8;32.6
09;2021-06-18;635;1151;85651;50763;56.2;33.3
09;2021-06-19;517;1579;86168;52342;56.5;34.3
09;2021-06-20;8;279;86176;52621;56.5;34.5
09;2021-06-21;474;699;86650;53320;56.9;35.0
09;2021-06-22;463;1066;87113;54386;57.2;35.7
09;2021-06-23;435;1224;87548;55610;57.4;36.5
09;2021-06-24;581;772;88129;56382;57.8;37.0
09;2021-06-25;411;1062;88540;57444;58.1;37.7
09;2021-06-26;443;1087;88983;58531;58.4;38.4
09;2021-06-27;2;275;88985;58806;58.4;38.6
09;2021-06-28;239;1047;89224;59853;58.5;39.3
09;2021-06-29;313;1230;89537;61083;58.8;40.1
09;2021-06-30;457;1491;89994;62574;59.1;41.1
09;2021-07-01;384;1430;90378;64004;59.3;42.0
09;2021-07-02;308;1162;90686;65166;59.5;42.8
09;2021-07-03;210;1619;90896;66785;59.6;43.8
09;2021-07-04;4;254;90900;67039;59.6;44.0
09;2021-07-05;189;714;91089;67753;59.8;44.5
09;2021-07-06;293;1223;91382;68976;60.0;45.3
09;2021-07-07;419;1397;91801;70373;60.2;46.2
09;2021-07-08;325;1059;92126;71432;60.5;46.9
09;2021-07-09;292;1154;92418;72586;60.6;47.6
09;2021-07-10;345;1726;92763;74312;60.9;48.8
09;2021-07-11;147;392;92910;74704;61.0;49.0
09;2021-07-12;187;1074;93097;75778;61.1;49.7
09;2021-07-13;642;1306;93739;77084;61.5;50.6
09;2021-07-14;489;219;94228;77303;61.8;50.7
09;2021-07-15;820;1166;95048;78469;62.4;51.5
09;2021-07-16;610;1191;95658;79660;62.8;52.3
09;2021-07-17;1016;1444;96674;81104;63.4;53.2
09;2021-07-18;301;221;96975;81325;63.6;53.4
09;2021-07-19;483;968;97458;82293;63.9;54.0
09;2021-07-20;830;1259;98288;83552;64.5;54.8
09;2021-07-21;1017;1168;99305;84720;65.2;55.6
09;2021-07-22;846;906;100151;85626;65.7;56.2
09;2021-07-23;724;910;100875;86536;66.2;56.8
09;2021-07-24;928;463;101803;86999;66.8;57.1
09;2021-07-25;559;134;102362;87133;67.2;57.2
09;2021-07-26;646;767;103008;87900;67.6;57.7
09;2021-07-27;1179;945;104187;88845;68.4;58.3
09;2021-07-28;1192;983;105379;89828;69.1;58.9
09;2021-07-29;1034;735;106413;90563;69.8;59.4
09;2021-07-30;778;620;107191;91183;70.3;59.8
09;2021-07-31;1376;415;108567;91598;71.2;60.1
09;2021-08-01;141;125;108708;91723;71.3;60.2
09;2021-08-02;613;479;109321;92202;71.7;60.5
09;2021-08-03;1252;765;110573;92967;72.6;61.0
09;2021-08-04;1396;654;111969;93621;73.5;61.4
09;2021-08-05;997;674;112966;94295;74.1;61.9
09;2021-08-06;1014;638;113980;94933;74.8;62.3
09;2021-08-07;821;428;114801;95361;75.3;62.6
09;2021-08-08;125;129;114926;95490;75.4;62.7
09;2021-08-09;690;649;115616;96139;75.9;63.1
09;2021-08-10;931;693;116547;96832;76.5;63.5
09;2021-08-11;894;870;117441;97702;77.1;64.1
09;2021-08-12;631;730;118072;98432;77.5;64.6
09;2021-08-13;460;645;118532;99077;77.8;65.0
09;2021-08-14;312;828;118844;99905;78.0;65.6
09;2021-08-15;67;138;118911;100043;78.0;65.6
09;2021-08-16;545;619;119456;100662;78.4;66.1
09;2021-08-17;673;775;120129;101437;78.8;66.6
09;2021-08-18;619;930;120748;102367;79.2;67.2
09;2021-08-19;432;720;121180;103087;79.5;67.6
09;2021-08-20;363;749;121543;103836;79.8;68.1
09;2021-08-21;344;1377;121887;105213;80.0;69.0
09;2021-08-22;67;168;121954;105381;80.0;69.1
09;2021-08-23;331;758;122285;106139;80.2;69.6
10;2020-12-27;0;0;0;0;0.0;0.0
10;2020-12-28;0;0;0;0;0.0;0.0
10;2020-12-29;0;0;0;0;0.0;0.0
10;2020-12-30;0;0;0;0;0.0;0.0
10;2020-12-31;0;0;0;0;0.0;0.0
10;2021-01-01;0;0;0;0;0.0;0.0
10;2021-01-02;1;0;1;0;0.0;0.0
10;2021-01-03;0;0;1;0;0.0;0.0
10;2021-01-04;0;0;1;0;0.0;0.0
10;2021-01-05;1;0;2;0;0.0;0.0
10;2021-01-06;0;0;2;0;0.0;0.0
10;2021-01-07;84;0;86;0;0.0;0.0
10;2021-01-08;255;0;341;0;0.1;0.0
10;2021-01-09;0;0;341;0;0.1;0.0
10;2021-01-10;0;0;341;0;0.1;0.0
10;2021-01-11;117;0;458;0;0.1;0.0
10;2021-01-12;191;0;649;0;0.2;0.0
10;2021-01-13;313;0;962;0;0.3;0.0
10;2021-01-14;391;7;1353;7;0.4;0.0
10;2021-01-15;359;3;1712;10;0.6;0.0
10;2021-01-16;56;0;1768;10;0.6;0.0
10;2021-01-17;0;0;1768;10;0.6;0.0
10;2021-01-18;700;2;2468;12;0.8;0.0
10;2021-01-19;1380;3;3848;15;1.2;0.0
10;2021-01-20;1079;9;4927;24;1.6;0.0
10;2021-01-21;1151;2;6078;26;2.0;0.0
10;2021-01-22;819;2;6897;28;2.2;0.0
10;2021-01-23;309;0;7206;28;2.3;0.0
10;2021-01-24;0;0;7206;28;2.3;0.0
10;2021-01-25;445;9;7651;37;2.5;0.0
10;2021-01-26;487;17;8138;54;2.6;0.0
10;2021-01-27;459;15;8597;69;2.8;0.0
10;2021-01-28;357;48;8954;117;2.9;0.0
10;2021-01-29;430;192;9384;309;3.0;0.1
10;2021-01-30;30;0;9414;309;3.0;0.1
10;2021-01-31;0;0;9414;309;3.0;0.1
10;2021-02-01;404;140;9818;449;3.2;0.1
10;2021-02-02;182;152;10000;601;3.2;0.2
10;2021-02-03;361;215;10361;816;3.3;0.3
10;2021-02-04;342;269;10703;1085;3.5;0.4
10;2021-02-05;327;320;11030;1405;3.6;0.5
10;2021-02-06;3;35;11033;1440;3.6;0.5
10;2021-02-07;0;0;11033;1440;3.6;0.5
10;2021-02-08;190;411;11223;1851;3.6;0.6
10;2021-02-09;482;585;11705;2436;3.8;0.8
10;2021-02-10;666;479;12371;2915;4.0;0.9
10;2021-02-11;781;597;13152;3512;4.2;1.1
10;2021-02-12;580;551;13732;4063;4.4;1.3
10;2021-02-13;36;120;13768;4183;4.4;1.3
10;2021-02-14;0;0;13768;4183;4.4;1.3
10;2021-02-15;142;444;13910;4627;4.5;1.5
10;2021-02-16;116;543;14026;5170;4.5;1.7
10;2021-02-17;129;605;14155;5775;4.6;1.9
10;2021-02-18;216;557;14371;6332;4.6;2.0
10;2021-02-19;187;472;14558;6804;4.7;2.2
10;2021-02-20;24;183;14582;6987;4.7;2.3
10;2021-02-21;0;0;14582;6987;4.7;2.3
10;2021-02-22;77;447;14659;7434;4.7;2.4
10;2021-02-23;76;559;14735;7993;4.8;2.6
10;2021-02-24;113;374;14848;8367;4.8;2.7
10;2021-02-25;324;375;15172;8742;4.9;2.8
10;2021-02-26;351;283;15523;9025;5.0;2.9
10;2021-02-27;275;129;15798;9154;5.1;3.0
10;2021-02-28;0;0;15798;9154;5.1;3.0
10;2021-03-01;257;333;16055;9487;5.2;3.1
10;2021-03-02;434;370;16489;9857;5.3;3.2
10;2021-03-03;453;580;16942;10437;5.5;3.4
10;2021-03-04;636;500;17578;10937;5.7;3.5
10;2021-03-05;677;254;18255;11191;5.9;3.6
10;2021-03-06;948;41;19203;11232;6.2;3.6
10;2021-03-07;769;6;19972;11238;6.4;3.6
10;2021-03-08;502;442;20474;11680;6.6;3.8
10;2021-03-09;673;436;21147;12116;6.8;3.9
10;2021-03-10;660;364;21807;12480;7.0;4.0
10;2021-03-11;1174;235;22981;12715;7.4;4.1
10;2021-03-12;1338;246;24319;12961;7.8;4.2
10;2021-03-13;891;37;25210;12998;8.1;4.2
10;2021-03-14;1381;16;26591;13014;8.6;4.2
10;2021-03-15;821;80;27412;13094;8.8;4.2
10;2021-03-16;688;64;28100;13158;9.1;4.2
10;2021-03-17;831;67;28931;13225;9.3;4.3
10;2021-03-18;885;81;29816;13306;9.6;4.3
10;2021-03-19;950;69;30766;13375;9.9;4.3
10;2021-03-20;552;18;31318;13393;10.1;4.3
10;2021-03-21;1849;40;33167;13433;10.7;4.3
10;2021-03-22;879;72;34046;13505;11.0;4.4
10;2021-03-23;1245;90;35291;13595;11.4;4.4
10;2021-03-24;1311;59;36602;13654;11.8;4.4
10;2021-03-25;1676;228;38278;13882;12.4;4.5
10;2021-03-26;1431;116;39709;13998;12.8;4.5
10;2021-03-27;762;79;40471;14077;13.1;4.5
10;2021-03-28;1221;29;41692;14106;13.5;4.6
10;2021-03-29;648;306;42340;14412;13.7;4.7
10;2021-03-30;927;376;43267;14788;14.0;4.8
10;2021-03-31;617;360;43884;15148;14.2;4.9
10;2021-04-01;884;684;44768;15832;14.4;5.1
10;2021-04-02;1069;590;45837;16422;14.8;5.3
10;2021-04-03;540;605;46377;17027;15.0;5.5
10;2021-04-04;1826;259;48203;17286;15.6;5.6
10;2021-04-05;1843;42;50046;17328;16.1;5.6
10;2021-04-06;514;651;50560;17979;16.3;5.8
10;2021-04-07;589;540;51149;18519;16.5;6.0
10;2021-04-08;1057;608;52206;19127;16.8;6.2
10;2021-04-09;1130;611;53336;19738;17.2;6.4
10;2021-04-10;1770;349;55106;20087;17.8;6.5
10;2021-04-11;55;1221;55161;21308;17.8;6.9
10;2021-04-12;1003;807;56164;22115;18.1;7.1
10;2021-04-13;1506;892;57670;23007;18.6;7.4
10;2021-04-14;820;600;58490;23607;18.9;7.6
10;2021-04-15;1451;889;59941;24496;19.3;7.9
10;2021-04-16;1109;697;61050;25193;19.7;8.1
10;2021-04-17;2391;360;63441;25553;20.5;8.2
10;2021-04-18;1421;1786;64862;27339;20.9;8.8
10;2021-04-19;838;833;65700;28172;21.2;9.1
10;2021-04-20;545;1035;66245;29207;21.4;9.4
10;2021-04-21;636;974;66881;30181;21.6;9.7
10;2021-04-22;932;963;67813;31144;21.9;10.0
10;2021-04-23;2173;776;69986;31920;22.6;10.3
10;2021-04-24;2296;376;72282;32296;23.3;10.4
10;2021-04-25;1989;1214;74271;33510;24.0;10.8
10;2021-04-26;773;620;75044;34130;24.2;11.0
10;2021-04-27;895;535;75939;34665;24.5;11.2
10;2021-04-28;873;404;76812;35069;24.8;11.3
10;2021-04-29;1433;673;78245;35742;25.2;11.5
10;2021-04-30;2173;768;80418;36510;25.9;11.8
10;2021-05-01;1988;2167;82406;38677;26.6;12.5
10;2021-05-02;1948;1893;84354;40570;27.2;13.1
10;2021-05-03;622;447;84976;41017;27.4;13.2
10;2021-05-04;1145;1248;86121;42265;27.8;13.6
10;2021-05-05;1754;1022;87875;43287;28.4;14.0
10;2021-05-06;2257;945;90132;44232;29.1;14.3
10;2021-05-07;2217;1140;92349;45372;29.8;14.6
10;2021-05-08;2272;859;94621;46231;30.5;14.9
10;2021-05-09;2005;100;96626;46331;31.2;14.9
10;2021-05-10;530;1093;97156;47424;31.4;15.3
10;2021-05-11;1051;1027;98207;48451;31.7;15.6
10;2021-05-12;2061;881;100268;49332;32.4;15.9
10;2021-05-13;2182;433;102450;49765;33.1;16.1
10;2021-05-14;2729;671;105179;50436;33.9;16.3
10;2021-05-15;2426;2046;107605;52482;34.7;16.9
10;2021-05-16;2081;1449;109686;53931;35.4;17.4
10;2021-05-17;1451;444;111137;54375;35.9;17.5
10;2021-05-18;2511;640;113648;55015;36.7;17.8
10;2021-05-19;1553;641;115201;55656;37.2;18.0
10;2021-05-20;1891;847;117092;56503;37.8;18.2
10;2021-05-21;2318;618;119410;57121;38.5;18.4
10;2021-05-22;2180;422;121590;57543;39.2;18.6
10;2021-05-23;1817;140;123407;57683;39.8;18.6
10;2021-05-24;1968;179;125375;57862;40.5;18.7
10;2021-05-25;2195;492;127570;58354;41.2;18.8
10;2021-05-26;1677;421;129247;58775;41.7;19.0
10;2021-05-27;1660;755;130907;59530;42.2;19.2
10;2021-05-28;1719;1185;132626;60715;42.8;19.6
10;2021-05-29;2170;642;134796;61357;43.5;19.8
10;2021-05-30;1029;135;135825;61492;43.8;19.8
10;2021-05-31;1039;750;136864;62242;44.2;20.1
10;2021-06-01;1134;886;137998;63128;44.5;20.4
10;2021-06-02;1032;719;139030;63847;44.9;20.6
10;2021-06-03;1473;1071;140503;64918;45.3;20.9
10;2021-06-04;1768;2601;142271;67519;45.9;21.8
10;2021-06-05;1519;2456;143790;69975;46.4;22.6
10;2021-06-06;1005;1876;144795;71851;46.7;23.2
10;2021-06-07;698;1112;145493;72963;46.9;23.5
10;2021-06-08;896;1170;146389;74133;47.2;23.9
10;2021-06-09;877;913;147266;75046;47.5;24.2
10;2021-06-10;677;1072;147943;76118;47.7;24.6
10;2021-06-11;1199;2210;149142;78328;48.1;25.3
10;2021-06-12;855;2387;149997;80715;48.4;26.0
10;2021-06-13;401;1835;150398;82550;48.5;26.6
10;2021-06-14;534;742;150932;83292;48.7;26.9
10;2021-06-15;740;2132;151672;85424;48.9;27.6
10;2021-06-16;740;1860;152412;87284;49.2;28.2
10;2021-06-17;848;2458;153260;89742;49.5;29.0
10;2021-06-18;1031;2473;154291;92215;49.8;29.8
10;2021-06-19;981;2594;155272;94809;50.1;30.6
10;2021-06-20;549;1599;155821;96408;50.3;31.1
10;2021-06-21;682;1045;156503;97453;50.5;31.4
10;2021-06-22;744;1524;157247;98977;50.7;31.9
10;2021-06-23;649;2408;157896;101385;50.9;32.7
10;2021-06-24;783;2618;158679;104003;51.2;33.6
10;2021-06-25;731;3043;159410;107046;51.4;34.5
10;2021-06-26;513;2745;159923;109791;51.6;35.4
10;2021-06-27;403;1939;160326;111730;51.7;36.1
10;2021-06-28;685;1787;161011;113517;52.0;36.6
10;2021-06-29;617;2693;161628;116210;52.2;37.5
10;2021-06-30;535;1524;162163;117734;52.3;38.0
10;2021-07-01;551;2171;162714;119905;52.5;38.7
10;2021-07-02;668;2727;163382;122632;52.7;39.6
10;2021-07-03;529;2600;163911;125232;52.9;40.4
10;2021-07-04;411;1725;164322;126957;53.0;41.0
10;2021-07-05;666;2222;164988;129179;53.2;41.7
10;2021-07-06;652;2190;165640;131369;53.4;42.4
10;2021-07-07;633;1700;166273;133069;53.7;42.9
10;2021-07-08;748;1458;167021;134527;53.9;43.4
10;2021-07-09;815;1946;167836;136473;54.2;44.0
10;2021-07-10;633;2096;168469;138569;54.4;44.7
10;2021-07-11;500;1382;168969;139951;54.5;45.2
10;2021-07-12;780;1623;169749;141574;54.8;45.7
10;2021-07-13;1125;1874;170874;143448;55.1;46.3
10;2021-07-14;1170;1056;172044;144504;55.5;46.6
10;2021-07-15;1473;1979;173517;146483;56.0;47.3
10;2021-07-16;1240;2272;174757;148755;56.4;48.0
10;2021-07-17;1287;1739;176044;150494;56.8;48.6
10;2021-07-18;942;1225;176986;151719;57.1;49.0
10;2021-07-19;1360;1620;178346;153339;57.5;49.5
10;2021-07-20;1686;1432;180032;154771;58.1;49.9
10;2021-07-21;1394;1487;181426;156258;58.5;50.4
10;2021-07-22;1935;1598;183361;157856;59.2;50.9
10;2021-07-23;1594;1544;184955;159400;59.7;51.4
10;2021-07-24;1391;1226;186346;160626;60.1;51.8
10;2021-07-25;1251;788;187597;161414;60.5;52.1
10;2021-07-26;1913;1318;189510;162732;61.2;52.5
10;2021-07-27;2120;1088;191630;163820;61.8;52.9
10;2021-07-28;2093;1016;193723;164836;62.5;53.2
10;2021-07-29;2437;1202;196160;166038;63.3;53.6
10;2021-07-30;2160;1310;198320;167348;64.0;54.0
10;2021-07-31;1675;934;199995;168282;64.5;54.3
10;2021-08-01;1234;573;201229;168855;64.9;54.5
10;2021-08-02;1333;1337;202562;170192;65.4;54.9
10;2021-08-03;1558;895;204120;171087;65.9;55.2
10;2021-08-04;1312;1067;205432;172154;66.3;55.6
10;2021-08-05;1624;1342;207056;173496;66.8;56.0
10;2021-08-06;1798;1330;208854;174826;67.4;56.4
10;2021-08-07;1150;1131;210004;175957;67.8;56.8
10;2021-08-08;658;750;210662;176707;68.0;57.0
10;2021-08-09;1302;1543;211964;178250;68.4;57.5
10;2021-08-10;1620;1347;213584;179597;68.9;58.0
10;2021-08-11;822;1106;214406;180703;69.2;58.3
10;2021-08-12;1022;1224;215428;181927;69.5;58.7
10;2021-08-13;729;1075;216157;183002;69.7;59.1
10;2021-08-14;571;1236;216728;184238;69.9;59.4
10;2021-08-15;301;778;217029;185016;70.0;59.7
10;2021-08-16;699;1617;217728;186633;70.3;60.2
10;2021-08-17;861;1773;218589;188406;70.5;60.8
10;2021-08-18;692;1616;219281;190022;70.8;61.3
10;2021-08-19;538;1567;219819;191589;70.9;61.8
10;2021-08-20;602;1741;220421;193330;71.1;62.4
10;2021-08-21;419;1433;220840;194763;71.3;62.8
10;2021-08-22;187;1060;221027;195823;71.3;63.2
10;2021-08-23;473;1557;221500;197380;71.5;63.7
11;2020-12-27;0;0;0;0;0.0;0.0
11;2020-12-28;1;0;1;0;0.0;0.0
11;2020-12-29;1;0;2;0;0.0;0.0
11;2020-12-30;0;0;2;0;0.0;0.0
11;2020-12-31;0;0;2;0;0.0;0.0
11;2021-01-01;0;0;2;0;0.0;0.0
11;2021-01-02;5;0;7;0;0.0;0.0
11;2021-01-03;0;0;7;0;0.0;0.0
11;2021-01-04;1;0;8;0;0.0;0.0
11;2021-01-05;94;0;102;0;0.0;0.0
11;2021-01-06;25;0;127;0;0.0;0.0
11;2021-01-07;119;0;246;0;0.1;0.0
11;2021-01-08;90;1;336;1;0.1;0.0
11;2021-01-09;86;0;422;1;0.1;0.0
11;2021-01-10;67;0;489;1;0.1;0.0
11;2021-01-11;136;0;625;1;0.2;0.0
11;2021-01-12;545;3;1170;4;0.3;0.0
11;2021-01-13;410;1;1580;5;0.4;0.0
11;2021-01-14;644;8;2224;13;0.6;0.0
11;2021-01-15;343;4;2567;17;0.7;0.0
11;2021-01-16;77;1;2644;18;0.7;0.0
11;2021-01-17;47;1;2691;19;0.7;0.0
11;2021-01-18;388;0;3079;19;0.8;0.0
11;2021-01-19;528;4;3607;23;1.0;0.0
11;2021-01-20;693;6;4300;29;1.2;0.0
11;2021-01-21;647;4;4947;33;1.3;0.0
11;2021-01-22;524;2;5471;35;1.5;0.0
11;2021-01-23;159;0;5630;35;1.5;0.0
11;2021-01-24;139;0;5769;35;1.5;0.0
11;2021-01-25;375;20;6144;55;1.6;0.0
11;2021-01-26;845;85;6989;140;1.9;0.0
11;2021-01-27;798;24;7787;164;2.1;0.0
11;2021-01-28;647;61;8434;225;2.3;0.1
11;2021-01-29;439;123;8873;348;2.4;0.1
11;2021-01-30;134;1;9007;349;2.4;0.1
11;2021-01-31;82;0;9089;349;2.4;0.1
11;2021-02-01;344;195;9433;544;2.5;0.1
11;2021-02-02;412;407;9845;951;2.6;0.3
11;2021-02-03;390;350;10235;1301;2.7;0.3
11;2021-02-04;374;497;10609;1798;2.8;0.5
11;2021-02-05;317;338;10926;2136;2.9;0.6
11;2021-02-06;207;62;11133;2198;3.0;0.6
11;2021-02-07;108;13;11241;2211;3.0;0.6
11;2021-02-08;316;159;11557;2370;3.1;0.6
11;2021-02-09;300;280;11857;2650;3.2;0.7
11;2021-02-10;339;445;12196;3095;3.3;0.8
11;2021-02-11;610;632;12806;3727;3.4;1.0
11;2021-02-12;402;378;13208;4105;3.5;1.1
11;2021-02-13;193;119;13401;4224;3.6;1.1
11;2021-02-14;72;27;13473;4251;3.6;1.1
11;2021-02-15;239;209;13712;4460;3.7;1.2
11;2021-02-16;265;513;13977;4973;3.8;1.3
11;2021-02-17;453;620;14430;5593;3.9;1.5
11;2021-02-18;457;574;14887;6167;4.0;1.7
11;2021-02-19;300;536;15187;6703;4.1;1.8
11;2021-02-20;147;75;15334;6778;4.1;1.8
11;2021-02-21;58;45;15392;6823;4.1;1.8
11;2021-02-22;125;332;15517;7155;4.2;1.9
11;2021-02-23;283;322;15800;7477;4.2;2.0
11;2021-02-24;251;368;16051;7845;4.3;2.1
11;2021-02-25;562;326;16613;8171;4.5;2.2
11;2021-02-26;523;318;17136;8489;4.6;2.3
11;2021-02-27;319;98;17455;8587;4.7;2.3
11;2021-02-28;95;24;17550;8611;4.7;2.3
11;2021-03-01;339;318;17889;8929;4.8;2.4
11;2021-03-02;562;393;18451;9322;5.0;2.5
11;2021-03-03;599;434;19050;9756;5.1;2.6
11;2021-03-04;1077;410;20127;10166;5.4;2.7
11;2021-03-05;1003;410;21130;10576;5.7;2.8
11;2021-03-06;1093;206;22223;10782;6.0;2.9
11;2021-03-07;658;35;22881;10817;6.1;2.9
11;2021-03-08;370;353;23251;11170;6.2;3.0
11;2021-03-09;997;399;24248;11569;6.5;3.1
11;2021-03-10;1174;546;25422;12115;6.8;3.3
11;2021-03-11;1572;446;26994;12561;7.2;3.4
11;2021-03-12;1455;443;28449;13004;7.6;3.5
11;2021-03-13;1159;240;29608;13244;7.9;3.6
11;2021-03-14;523;55;30131;13299;8.1;3.6
11;2021-03-15;651;242;30782;13541;8.3;3.6
11;2021-03-16;853;200;31635;13741;8.5;3.7
11;2021-03-17;906;220;32541;13961;8.7;3.7
11;2021-03-18;1172;283;33713;14244;9.0;3.8
11;2021-03-19;1371;248;35084;14492;9.4;3.9
11;2021-03-20;790;176;35874;14668;9.6;3.9
11;2021-03-21;225;65;36099;14733;9.7;4.0
11;2021-03-22;808;217;36907;14950;9.9;4.0
11;2021-03-23;1806;393;38713;15343;10.4;4.1
11;2021-03-24;1846;320;40559;15663;10.9;4.2
11;2021-03-25;2190;374;42749;16037;11.5;4.3
11;2021-03-26;2125;446;44874;16483;12.0;4.4
11;2021-03-27;1178;146;46052;16629;12.4;4.5
11;2021-03-28;265;43;46317;16672;12.4;4.5
11;2021-03-29;1181;223;47498;16895;12.7;4.5
11;2021-03-30;1993;323;49491;17218;13.3;4.6
11;2021-03-31;1614;383;51105;17601;13.7;4.7
11;2021-04-01;2146;424;53251;18025;14.3;4.8
11;2021-04-02;1643;430;54894;18455;14.7;5.0
11;2021-04-03;720;145;55614;18600;14.9;5.0
11;2021-04-04;198;75;55812;18675;15.0;5.0
11;2021-04-05;257;4;56069;18679;15.0;5.0
11;2021-04-06;1575;553;57644;19232;15.5;5.2
11;2021-04-07;1777;574;59421;19806;15.9;5.3
11;2021-04-08;1785;683;61206;20489;16.4;5.5
11;2021-04-09;2262;602;63468;21091;17.0;5.7
11;2021-04-10;1169;179;64637;21270;17.3;5.7
11;2021-04-11;549;107;65186;21377;17.5;5.7
11;2021-04-12;1614;536;66800;21913;17.9;5.9
11;2021-04-13;2260;885;69060;22798;18.5;6.1
11;2021-04-14;1661;1020;70721;23818;19.0;6.4
11;2021-04-15;1843;1131;72564;24949;19.5;6.7
11;2021-04-16;1836;848;74400;25797;20.0;6.9
11;2021-04-17;1773;564;76173;26361;20.4;7.1
11;2021-04-18;114;155;76287;26516;20.5;7.1
11;2021-04-19;1383;737;77670;27253;20.8;7.3
11;2021-04-20;1729;1284;79399;28537;21.3;7.7
11;2021-04-21;1779;1324;81178;29861;21.8;8.0
11;2021-04-22;1749;1322;82927;31183;22.3;8.4
11;2021-04-23;2012;1233;84939;32416;22.8;8.7
11;2021-04-24;1735;468;86674;32884;23.3;8.8
11;2021-04-25;658;180;87332;33064;23.4;8.9
11;2021-04-26;1378;839;88710;33903;23.8;9.1
11;2021-04-27;1837;1549;90547;35452;24.3;9.5
11;2021-04-28;2009;1472;92556;36924;24.8;9.9
11;2021-04-29;2248;1635;94804;38559;25.4;10.3
11;2021-04-30;2158;1428;96962;39987;26.0;10.7
11;2021-05-01;1338;342;98300;40329;26.4;10.8
11;2021-05-02;588;336;98888;40665;26.5;10.9
11;2021-05-03;1487;739;100375;41404;26.9;11.1
11;2021-05-04;1879;1430;102254;42834;27.4;11.5
11;2021-05-05;1893;1440;104147;44274;27.9;11.9
11;2021-05-06;2192;1475;106339;45749;28.5;12.3
11;2021-05-07;2104;1557;108443;47306;29.1;12.7
11;2021-05-08;896;727;109339;48033;29.3;12.9
11;2021-05-09;628;543;109967;48576;29.5;13.0
11;2021-05-10;1328;1652;111295;50228;29.9;13.5
11;2021-05-11;2040;1868;113335;52096;30.4;14.0
11;2021-05-12;1849;1654;115184;53750;30.9;14.4
11;2021-05-13;1406;414;116590;54164;31.3;14.5
11;2021-05-14;1713;1183;118303;55347;31.7;14.9
11;2021-05-15;1157;900;119460;56247;32.1;15.1
11;2021-05-16;808;164;120268;56411;32.3;15.1
11;2021-05-17;1470;1048;121738;57459;32.7;15.4
11;2021-05-18;1898;1197;123636;58656;33.2;15.7
11;2021-05-19;1847;1121;125483;59777;33.7;16.0
11;2021-05-20;1969;1090;127452;60867;34.2;16.3
11;2021-05-21;2275;1090;129727;61957;34.8;16.6
11;2021-05-22;1484;727;131211;62684;35.2;16.8
11;2021-05-23;768;70;131979;62754;35.4;16.8
11;2021-05-24;1411;226;133390;62980;35.8;16.9
11;2021-05-25;1811;1354;135201;64334;36.3;17.3
11;2021-05-26;1933;1303;137134;65637;36.8;17.6
11;2021-05-27;1985;1719;139119;67356;37.3;18.1
11;2021-05-28;1760;1898;140879;69254;37.8;18.6
11;2021-05-29;1428;1599;142307;70853;38.2;19.0
11;2021-05-30;486;395;142793;71248;38.3;19.1
11;2021-05-31;1261;1619;144054;72867;38.7;19.6
11;2021-06-01;1856;1904;145910;74771;39.1;20.1
11;2021-06-02;1761;2075;147671;76846;39.6;20.6
11;2021-06-03;2599;2414;150270;79260;40.3;21.3
11;2021-06-04;2145;2674;152415;81934;40.9;22.0
11;2021-06-05;1589;1904;154004;83838;41.3;22.5
11;2021-06-06;877;860;154881;84698;41.6;22.7
11;2021-06-07;1527;1713;156408;86411;42.0;23.2
11;2021-06-08;2039;1997;158447;88408;42.5;23.7
11;2021-06-09;1789;2188;160236;90596;43.0;24.3
11;2021-06-10;1806;2427;162042;93023;43.5;25.0
11;2021-06-11;1864;2495;163906;95518;44.0;25.6
11;2021-06-12;1457;1622;165363;97140;44.4;26.1
11;2021-06-13;713;723;166076;97863;44.6;26.3
11;2021-06-14;1033;1969;167109;99832;44.8;26.8
11;2021-06-15;1395;2685;168504;102517;45.2;27.5
11;2021-06-16;1338;2529;169842;105046;45.6;28.2
11;2021-06-17;1473;2540;171315;107586;46.0;28.9
11;2021-06-18;1520;2490;172835;110076;46.4;29.5
11;2021-06-19;1237;1410;174072;111486;46.7;29.9
11;2021-06-20;299;599;174371;112085;46.8;30.1
11;2021-06-21;839;2121;175210;114206;47.0;30.6
11;2021-06-22;1016;2608;176226;116814;47.3;31.3
11;2021-06-23;1097;2089;177323;118903;47.6;31.9
11;2021-06-24;907;2246;178230;121149;47.8;32.5
11;2021-06-25;991;2545;179221;123694;48.1;33.2
11;2021-06-26;776;1656;179997;125350;48.3;33.6
11;2021-06-27;210;688;180207;126038;48.4;33.8
11;2021-06-28;697;2300;180904;128338;48.5;34.4
11;2021-06-29;963;2600;181867;130938;48.8;35.1
11;2021-06-30;906;2522;182773;133460;49.0;35.8
11;2021-07-01;1004;1889;183777;135349;49.3;36.3
11;2021-07-02;968;2543;184745;137892;49.6;37.0
11;2021-07-03;728;1805;185473;139697;49.8;37.5
11;2021-07-04;339;1108;185812;140805;49.9;37.8
11;2021-07-05;695;2133;186507;142938;50.0;38.4
11;2021-07-06;972;2519;187479;145457;50.3;39.0
11;2021-07-07;946;2511;188425;147968;50.6;39.7
11;2021-07-08;1191;1913;189616;149881;50.9;40.2
11;2021-07-09;823;1793;190439;151674;51.1;40.7
11;2021-07-10;369;1302;190808;152976;51.2;41.0
11;2021-07-11;313;564;191121;153540;51.3;41.2
11;2021-07-12;503;2670;191624;156210;51.4;41.9
11;2021-07-13;1304;3068;192928;159278;51.8;42.7
11;2021-07-14;211;235;193139;159513;51.8;42.8
11;2021-07-15;1448;2966;194587;162479;52.2;43.6
11;2021-07-16;1874;2735;196461;165214;52.7;44.3
11;2021-07-17;1076;2167;197537;167381;53.0;44.9
11;2021-07-18;652;944;198189;168325;53.2;45.2
11;2021-07-19;1348;2093;199537;170418;53.5;45.7
11;2021-07-20;1992;2407;201529;172825;54.1;46.4
11;2021-07-21;2016;2439;203545;175264;54.6;47.0
11;2021-07-22;2402;1885;205947;177149;55.3;47.5
11;2021-07-23;2226;2278;208173;179427;55.9;48.1
11;2021-07-24;1274;1622;209447;181049;56.2;48.6
11;2021-07-25;750;693;210197;181742;56.4;48.8
11;2021-07-26;1661;1422;211858;183164;56.8;49.1
11;2021-07-27;2324;1995;214182;185159;57.5;49.7
11;2021-07-28;2470;1986;216652;187145;58.1;50.2
11;2021-07-29;2755;1793;219407;188938;58.9;50.7
11;2021-07-30;2570;1797;221977;190735;59.6;51.2
11;2021-07-31;2001;1128;223978;191863;60.1;51.5
11;2021-08-01;1012;482;224990;192345;60.4;51.6
11;2021-08-02;1920;1151;226910;193496;60.9;51.9
11;2021-08-03;2423;1594;229333;195090;61.5;52.3
11;2021-08-04;2540;1259;231873;196349;62.2;52.7
11;2021-08-05;2365;1335;234238;197684;62.8;53.0
11;2021-08-06;2247;1654;236485;199338;63.5;53.5
11;2021-08-07;1656;1164;238141;200502;63.9;53.8
11;2021-08-08;595;203;238736;200705;64.1;53.9
11;2021-08-09;1028;1433;239764;202138;64.3;54.2
11;2021-08-10;1736;1990;241500;204128;64.8;54.8
11;2021-08-11;1711;1688;243211;205816;65.3;55.2
11;2021-08-12;1681;1849;244892;207665;65.7;55.7
11;2021-08-13;1344;1657;246236;209322;66.1;56.2
11;2021-08-14;978;1591;247214;210913;66.3;56.6
11;2021-08-15;137;124;247351;211037;66.4;56.6
11;2021-08-16;712;1909;248063;212946;66.6;57.1
11;2021-08-17;1045;2391;249108;215337;66.8;57.8
11;2021-08-18;1103;2028;250211;217365;67.1;58.3
11;2021-08-19;993;2288;251204;219653;67.4;58.9
11;2021-08-20;962;2288;252166;221941;67.7;59.5
11;2021-08-21;570;1837;252736;223778;67.8;60.0
11;2021-08-22;190;512;252926;224290;67.9;60.2
11;2021-08-23;520;1817;253446;226107;68.0;60.7
12;2020-12-27;0;0;0;0;0.0;0.0
12;2020-12-28;0;0;0;0;0.0;0.0
12;2020-12-29;0;0;0;0;0.0;0.0
12;2020-12-30;0;0;0;0;0.0;0.0
12;2020-12-31;0;0;0;0;0.0;0.0
12;2021-01-01;0;0;0;0;0.0;0.0
12;2021-01-02;0;0;0;0;0.0;0.0
12;2021-01-03;0;0;0;0;0.0;0.0
12;2021-01-04;1;0;1;0;0.0;0.0
12;2021-01-05;1;0;2;0;0.0;0.0
12;2021-01-06;12;0;14;0;0.0;0.0
12;2021-01-07;202;0;216;0;0.1;0.0
12;2021-01-08;65;0;281;0;0.1;0.0
12;2021-01-09;0;0;281;0;0.1;0.0
12;2021-01-10;1;0;282;0;0.1;0.0
12;2021-01-11;99;0;381;0;0.1;0.0
12;2021-01-12;360;1;741;1;0.3;0.0
12;2021-01-13;285;0;1026;1;0.4;0.0
12;2021-01-14;600;12;1626;13;0.6;0.0
12;2021-01-15;366;10;1992;23;0.7;0.0
12;2021-01-16;138;2;2130;25;0.8;0.0
12;2021-01-17;0;0;2130;25;0.8;0.0
12;2021-01-18;453;0;2583;25;0.9;0.0
12;2021-01-19;605;3;3188;28;1.1;0.0
12;2021-01-20;878;2;4066;30;1.5;0.0
12;2021-01-21;735;0;4801;30;1.7;0.0
12;2021-01-22;798;1;5599;31;2.0;0.0
12;2021-01-23;382;0;5981;31;2.1;0.0
12;2021-01-24;0;0;5981;31;2.1;0.0
12;2021-01-25;453;0;6434;31;2.3;0.0
12;2021-01-26;650;0;7084;31;2.5;0.0
12;2021-01-27;1883;24;8967;55;3.2;0.0
12;2021-01-28;1884;214;10851;269;3.9;0.1
12;2021-01-29;1332;46;12183;315;4.4;0.1
12;2021-01-30;359;2;12542;317;4.5;0.1
12;2021-01-31;0;0;12542;317;4.5;0.1
12;2021-02-01;333;89;12875;406;4.6;0.1
12;2021-02-02;457;244;13332;650;4.8;0.2
12;2021-02-03;457;166;13789;816;5.0;0.3
12;2021-02-04;458;525;14247;1341;5.1;0.5
12;2021-02-05;449;183;14696;1524;5.3;0.5
12;2021-02-06;219;68;14915;1592;5.4;0.6
12;2021-02-07;8;0;14923;1592;5.4;0.6
12;2021-02-08;105;316;15028;1908;5.4;0.7
12;2021-02-09;208;341;15236;2249;5.5;0.8
12;2021-02-10;464;473;15700;2722;5.6;1.0
12;2021-02-11;539;347;16239;3069;5.8;1.1
12;2021-02-12;570;345;16809;3414;6.0;1.2
12;2021-02-13;175;133;16984;3547;6.1;1.3
12;2021-02-14;1;0;16985;3547;6.1;1.3
12;2021-02-15;175;376;17160;3923;6.2;1.4
12;2021-02-16;171;511;17331;4434;6.2;1.6
12;2021-02-17;365;1434;17696;5868;6.4;2.1
12;2021-02-18;676;1661;18372;7529;6.6;2.7
12;2021-02-19;593;974;18965;8503;6.8;3.1
12;2021-02-20;103;395;19068;8898;6.9;3.2
12;2021-02-21;0;0;19068;8898;6.9;3.2
12;2021-02-22;150;403;19218;9301;6.9;3.3
12;2021-02-23;157;557;19375;9858;7.0;3.5
12;2021-02-24;157;688;19532;10546;7.0;3.8
12;2021-02-25;201;770;19733;11316;7.1;4.1
12;2021-02-26;320;651;20053;11967;7.2;4.3
12;2021-02-27;190;350;20243;12317;7.3;4.4
12;2021-02-28;13;0;20256;12317;7.3;4.4
12;2021-03-01;51;349;20307;12666;7.3;4.6
12;2021-03-02;190;507;20497;13173;7.4;4.7
12;2021-03-03;244;388;20741;13561;7.5;4.9
12;2021-03-04;278;362;21019;13923;7.6;5.0
12;2021-03-05;421;368;21440;14291;7.7;5.1
12;2021-03-06;793;131;22233;14422;8.0;5.2
12;2021-03-07;140;32;22373;14454;8.0;5.2
12;2021-03-08;234;206;22607;14660;8.1;5.3
12;2021-03-09;716;235;23323;14895;8.4;5.4
12;2021-03-10;783;739;24106;15634;8.7;5.6
12;2021-03-11;918;661;25024;16295;9.0;5.9
12;2021-03-12;1259;528;26283;16823;9.4;6.0
12;2021-03-13;896;138;27179;16961;9.8;6.1
12;2021-03-14;45;2;27224;16963;9.8;6.1
12;2021-03-15;559;156;27783;17119;10.0;6.1
12;2021-03-16;818;162;28601;17281;10.3;6.2
12;2021-03-17;1504;165;30105;17446;10.8;6.3
12;2021-03-18;996;251;31101;17697;11.2;6.4
12;2021-03-19;1383;279;32484;17976;11.7;6.5
12;2021-03-20;724;79;33208;18055;11.9;6.5
12;2021-03-21;264;10;33472;18065;12.0;6.5
12;2021-03-22;606;174;34078;18239;12.2;6.6
12;2021-03-23;1214;174;35292;18413;12.7;6.6
12;2021-03-24;1421;204;36713;18617;13.2;6.7
12;2021-03-25;1846;204;38559;18821;13.9;6.8
12;2021-03-26;1978;227;40537;19048;14.6;6.8
12;2021-03-27;981;67;41518;19115;14.9;6.9
12;2021-03-28;60;1;41578;19116;14.9;6.9
12;2021-03-29;962;84;42540;19200;15.3;6.9
12;2021-03-30;1736;122;44276;19322;15.9;6.9
12;2021-03-31;1461;107;45737;19429;16.4;7.0
12;2021-04-01;1958;161;47695;19590;17.1;7.0
12;2021-04-02;1615;344;49310;19934;17.7;7.2
12;2021-04-03;882;95;50192;20029;18.0;7.2
12;2021-04-04;1;0;50193;20029;18.0;7.2
12;2021-04-05;645;11;50838;20040;18.3;7.2
12;2021-04-06;1154;536;51992;20576;18.7;7.4
12;2021-04-07;1650;637;53642;21213;19.3;7.6
12;2021-04-08;2098;565;55740;21778;20.0;7.8
12;2021-04-09;2112;649;57852;22427;20.8;8.1
12;2021-04-10;1427;219;59279;22646;21.3;8.1
12;2021-04-11;120;1;59399;22647;21.3;8.1
12;2021-04-12;1837;503;61236;23150;22.0;8.3
12;2021-04-13;1907;779;63143;23929;22.7;8.6
12;2021-04-14;1831;1319;64974;25248;23.3;9.1
12;2021-04-15;1937;898;66911;26146;24.0;9.4
12;2021-04-16;1675;1205;68586;27351;24.6;9.8
12;2021-04-17;1554;567;70140;27918;25.2;10.0
12;2021-04-18;0;0;70140;27918;25.2;10.0
12;2021-04-19;1687;549;71827;28467;25.8;10.2
12;2021-04-20;1545;984;73372;29451;26.4;10.6
12;2021-04-21;1693;1181;75065;30632;27.0;11.0
12;2021-04-22;1690;1096;76755;31728;27.6;11.4
12;2021-04-23;1383;1334;78138;33062;28.1;11.9
12;2021-04-24;1451;720;79589;33782;28.6;12.1
12;2021-04-25;60;0;79649;33782;28.6;12.1
12;2021-04-26;1461;899;81110;34681;29.1;12.5
12;2021-04-27;1320;1280;82430;35961;29.6;12.9
12;2021-04-28;1113;1869;83543;37830;30.0;13.6
12;2021-04-29;1571;1912;85114;39742;30.6;14.3
12;2021-04-30;1812;1836;86926;41578;31.2;14.9
12;2021-05-01;1616;260;88542;41838;31.8;15.0
12;2021-05-02;8;0;88550;41838;31.8;15.0
12;2021-05-03;1713;1248;90263;43086;32.4;15.5
12;2021-05-04;1482;1392;91745;44478;33.0;16.0
12;2021-05-05;1292;1673;93037;46151;33.4;16.6
12;2021-05-06;1752;1376;94789;47527;34.1;17.1
12;2021-05-07;1482;1776;96271;49303;34.6;17.7
12;2021-05-08;1330;461;97601;49764;35.1;17.9
12;2021-05-09;13;34;97614;49798;35.1;17.9
12;2021-05-10;828;2216;98442;52014;35.4;18.7
12;2021-05-11;930;1853;99372;53867;35.7;19.4
12;2021-05-12;950;1821;100322;55688;36.0;20.0
12;2021-05-13;1587;810;101909;56498;36.6;20.3
12;2021-05-14;1236;1533;103145;58031;37.1;20.8
12;2021-05-15;1068;1114;104213;59145;37.4;21.2
12;2021-05-16;2;19;104215;59164;37.4;21.3
12;2021-05-17;1082;1810;105297;60974;37.8;21.9
12;2021-05-18;1426;1533;106723;62507;38.3;22.5
12;2021-05-19;1915;1330;108638;63837;39.0;22.9
12;2021-05-20;2118;875;110756;64712;39.8;23.2
12;2021-05-21;1821;1252;112577;65964;40.4;23.7
12;2021-05-22;1206;1015;113783;66979;40.9;24.1
12;2021-05-23;7;12;113790;66991;40.9;24.1
12;2021-05-24;1956;538;115746;67529;41.6;24.3
12;2021-05-25;1743;1160;117489;68689;42.2;24.7
12;2021-05-26;1998;777;119487;69466;42.9;25.0
12;2021-05-27;2164;744;121651;70210;43.7;25.2
12;2021-05-28;1928;1031;123579;71241;44.4;25.6
12;2021-05-29;1637;805;125216;72046;45.0;25.9
12;2021-05-30;9;43;125225;72089;45.0;25.9
12;2021-05-31;1699;817;126924;72906;45.6;26.2
12;2021-06-01;1889;1028;128813;73934;46.3;26.6
12;2021-06-02;1980;1053;130793;74987;47.0;26.9
12;2021-06-03;2121;830;132914;75817;47.7;27.2
12;2021-06-04;1967;1418;134881;77235;48.5;27.7
12;2021-06-05;1739;985;136620;78220;49.1;28.1
12;2021-06-06;5;6;136625;78226;49.1;28.1
12;2021-06-07;1090;1806;137715;80032;49.5;28.8
12;2021-06-08;1333;1201;139048;81233;50.0;29.2
12;2021-06-09;896;1291;139944;82524;50.3;29.6
12;2021-06-10;1021;920;140965;83444;50.6;30.0
12;2021-06-11;1204;2080;142169;85524;51.1;30.7
12;2021-06-12;1033;1321;143202;86845;51.4;31.2
12;2021-06-13;6;47;143208;86892;51.4;31.2
12;2021-06-14;662;1828;143870;88720;51.7;31.9
12;2021-06-15;745;1882;144615;90602;52.0;32.5
12;2021-06-16;821;1817;145436;92419;52.2;33.2
12;2021-06-17;678;995;146114;93414;52.5;33.6
12;2021-06-18;1134;1839;147248;95253;52.9;34.2
12;2021-06-19;914;1406;148162;96659;53.2;34.7
12;2021-06-20;4;10;148166;96669;53.2;34.7
12;2021-06-21;512;1738;148678;98407;53.4;35.4
12;2021-06-22;503;1474;149181;99881;53.6;35.9
12;2021-06-23;578;1306;149759;101187;53.8;36.4
12;2021-06-24;249;545;150008;101732;53.9;36.5
12;2021-06-25;875;1840;150883;103572;54.2;37.2
12;2021-06-26;673;1527;151556;105099;54.4;37.8
12;2021-06-27;1;9;151557;105108;54.4;37.8
12;2021-06-28;468;2452;152025;107560;54.6;38.6
12;2021-06-29;565;1957;152590;109517;54.8;39.3
12;2021-06-30;830;2133;153420;111650;55.1;40.1
12;2021-07-01;343;1086;153763;112736;55.2;40.5
12;2021-07-02;795;2626;154558;115362;55.5;41.4
12;2021-07-03;565;1873;155123;117235;55.7;42.1
12;2021-07-04;1;0;155124;117235;55.7;42.1
12;2021-07-05;440;2408;155564;119643;55.9;43.0
12;2021-07-06;640;2496;156204;122139;56.1;43.9
12;2021-07-07;687;2117;156891;124256;56.4;44.6
12;2021-07-08;293;912;157184;125168;56.5;45.0
12;2021-07-09;724;2590;157908;127758;56.7;45.9
12;2021-07-10;444;2076;158352;129834;56.9;46.6
12;2021-07-11;0;0;158352;129834;56.9;46.6
12;2021-07-12;582;2436;158934;132270;57.1;47.5
12;2021-07-13;840;2588;159774;134858;57.4;48.4
12;2021-07-14;44;25;159818;134883;57.4;48.5
12;2021-07-15;791;2108;160609;136991;57.7;49.2
12;2021-07-16;1247;2554;161856;139545;58.1;50.1
12;2021-07-17;790;2008;162646;141553;58.4;50.9
12;2021-07-18;25;11;162671;141564;58.4;50.9
12;2021-07-19;1319;2006;163990;143570;58.9;51.6
12;2021-07-20;1422;1471;165412;145041;59.4;52.1
12;2021-07-21;1018;938;166430;145979;59.8;52.4
12;2021-07-22;2228;1308;168658;147287;60.6;52.9
12;2021-07-23;1863;2066;170521;149353;61.3;53.7
12;2021-07-24;1602;1565;172123;150918;61.8;54.2
12;2021-07-25;97;28;172220;150946;61.9;54.2
12;2021-07-26;1927;1436;174147;152382;62.6;54.7
12;2021-07-27;2235;1005;176382;153387;63.4;55.1
12;2021-07-28;1709;674;178091;154061;64.0;55.3
12;2021-07-29;1180;804;179271;154865;64.4;55.6
12;2021-07-30;2502;1281;181773;156146;65.3;56.1
12;2021-07-31;1961;1002;183734;157148;66.0;56.5
12;2021-08-01;224;38;183958;157186;66.1;56.5
12;2021-08-02;1814;833;185772;158019;66.7;56.8
12;2021-08-03;1948;774;187720;158793;67.4;57.0
12;2021-08-04;1681;831;189401;159624;68.0;57.3
12;2021-08-05;1626;683;191027;160307;68.6;57.6
12;2021-08-06;1696;1311;192723;161618;69.2;58.1
12;2021-08-07;1436;741;194159;162359;69.8;58.3
12;2021-08-08;0;3;194159;162362;69.8;58.3
12;2021-08-09;1341;1417;195500;163779;70.2;58.8
12;2021-08-10;1338;1254;196838;165033;70.7;59.3
12;2021-08-11;814;1195;197652;166228;71.0;59.7
12;2021-08-12;730;1070;198382;167298;71.3;60.1
12;2021-08-13;1051;1337;199433;168635;71.6;60.6
12;2021-08-14;732;1354;200165;169989;71.9;61.1
12;2021-08-15;254;75;200419;170064;72.0;61.1
12;2021-08-16;668;1813;201087;171877;72.2;61.7
12;2021-08-17;902;1990;201989;173867;72.6;62.5
12;2021-08-18;450;1520;202439;175387;72.7;63.0
12;2021-08-19;633;1114;203072;176501;73.0;63.4
12;2021-08-20;792;1885;203864;178386;73.2;64.1
12;2021-08-21;471;1523;204335;179909;73.4;64.6
12;2021-08-22;92;27;204427;179936;73.4;64.6
12;2021-08-23;450;1922;204877;181858;73.6;65.3
13;2020-12-27;3;0;3;0;0.0;0.0
13;2020-12-28;3;0;6;0;0.0;0.0
13;2020-12-29;0;0;6;0;0.0;0.0
13;2020-12-30;2;0;8;0;0.0;0.0
13;2020-12-31;5;0;13;0;0.0;0.0
13;2021-01-01;3;0;16;0;0.0;0.0
13;2021-01-02;4;0;20;0;0.0;0.0
13;2021-01-03;8;0;28;0;0.0;0.0
13;2021-01-04;0;0;28;0;0.0;0.0
13;2021-01-05;78;1;106;1;0.0;0.0
13;2021-01-06;122;0;228;1;0.0;0.0
13;2021-01-07;174;1;402;2;0.0;0.0
13;2021-01-08;188;0;590;2;0.0;0.0
13;2021-01-09;12;0;602;2;0.0;0.0
13;2021-01-10;3;0;605;2;0.0;0.0
13;2021-01-11;480;1;1085;3;0.1;0.0
13;2021-01-12;814;1;1899;4;0.1;0.0
13;2021-01-13;1085;1;2984;5;0.1;0.0
13;2021-01-14;1569;17;4553;22;0.2;0.0
13;2021-01-15;1534;7;6087;29;0.3;0.0
13;2021-01-16;408;2;6495;31;0.3;0.0
13;2021-01-17;44;0;6539;31;0.3;0.0
13;2021-01-18;2383;9;8922;40;0.4;0.0
13;2021-01-19;7408;34;16330;74;0.8;0.0
13;2021-01-20;5559;16;21889;90;1.1;0.0
13;2021-01-21;5356;26;27245;116;1.3;0.0
13;2021-01-22;3997;20;31242;136;1.5;0.0
13;2021-01-23;1336;6;32578;142;1.6;0.0
13;2021-01-24;490;4;33068;146;1.6;0.0
13;2021-01-25;2339;28;35407;174;1.7;0.0
13;2021-01-26;2951;91;38358;265;1.9;0.0
13;2021-01-27;3118;123;41476;388;2.0;0.0
13;2021-01-28;3246;193;44722;581;2.2;0.0
13;2021-01-29;2509;130;47231;711;2.3;0.0
13;2021-01-30;1025;10;48256;721;2.4;0.0
13;2021-01-31;249;0;48505;721;2.4;0.0
13;2021-02-01;1860;296;50365;1017;2.5;0.0
13;2021-02-02;2254;617;52619;1634;2.6;0.1
13;2021-02-03;1863;580;54482;2214;2.7;0.1
13;2021-02-04;1902;930;56384;3144;2.8;0.2
13;2021-02-05;2626;1558;59010;4702;2.9;0.2
13;2021-02-06;851;310;59861;5012;2.9;0.2
13;2021-02-07;277;6;60138;5018;3.0;0.2
13;2021-02-08;1898;1544;62036;6562;3.0;0.3
13;2021-02-09;3311;4440;65347;11002;3.2;0.5
13;2021-02-10;3228;3427;68575;14429;3.4;0.7
13;2021-02-11;3577;3586;72152;18015;3.5;0.9
13;2021-02-12;2827;3153;74979;21168;3.7;1.0
13;2021-02-13;733;597;75712;21765;3.7;1.1
13;2021-02-14;72;378;75784;22143;3.7;1.1
13;2021-02-15;966;2031;76750;24174;3.8;1.2
13;2021-02-16;1391;2638;78141;26812;3.8;1.3
13;2021-02-17;1345;3003;79486;29815;3.9;1.5
13;2021-02-18;1901;2693;81387;32508;4.0;1.6
13;2021-02-19;1514;2183;82901;34691;4.1;1.7
13;2021-02-20;458;791;83359;35482;4.1;1.7
13;2021-02-21;33;286;83392;35768;4.1;1.8
13;2021-02-22;1020;2262;84412;38030;4.1;1.9
13;2021-02-23;1282;2677;85694;40707;4.2;2.0
13;2021-02-24;1506;2631;87200;43338;4.3;2.1
13;2021-02-25;2382;2153;89582;45491;4.4;2.2
13;2021-02-26;2457;2122;92039;47613;4.5;2.3
13;2021-02-27;982;750;93021;48363;4.6;2.4
13;2021-02-28;193;205;93214;48568;4.6;2.4
13;2021-03-01;1919;1529;95133;50097;4.7;2.5
13;2021-03-02;3006;2627;98139;52724;4.8;2.6
13;2021-03-03;3487;2580;101626;55304;5.0;2.7
13;2021-03-04;4195;3140;105821;58444;5.2;2.9
13;2021-03-05;4043;2794;109864;61238;5.4;3.0
13;2021-03-06;5299;836;115163;62074;5.7;3.1
13;2021-03-07;4293;375;119456;62449;5.9;3.1
13;2021-03-08;3924;1999;123380;64448;6.1;3.2
13;2021-03-09;5071;2279;128451;66727;6.3;3.3
13;2021-03-10;5180;1989;133631;68716;6.6;3.4
13;2021-03-11;7302;2136;140933;70852;6.9;3.5
13;2021-03-12;8327;2108;149260;72960;7.3;3.6
13;2021-03-13;6375;730;155635;73690;7.6;3.6
13;2021-03-14;2312;166;157947;73856;7.8;3.6
13;2021-03-15;6356;1308;164303;75164;8.1;3.7
13;2021-03-16;5076;1536;169379;76700;8.3;3.8
13;2021-03-17;5173;1413;174552;78113;8.6;3.8
13;2021-03-18;5817;1881;180369;79994;8.9;3.9
13;2021-03-19;6807;1610;187176;81604;9.2;4.0
13;2021-03-20;4037;701;191213;82305;9.4;4.0
13;2021-03-21;724;84;191937;82389;9.4;4.0
13;2021-03-22;7298;1556;199235;83945;9.8;4.1
13;2021-03-23;9125;1749;208360;85694;10.2;4.2
13;2021-03-24;8856;2187;217216;87881;10.7;4.3
13;2021-03-25;10914;2114;228130;89995;11.2;4.4
13;2021-03-26;10710;1915;238840;91910;11.7;4.5
13;2021-03-27;4866;828;243706;92738;12.0;4.6
13;2021-03-28;1119;81;244825;92819;12.0;4.6
13;2021-03-29;7576;2000;252401;94819;12.4;4.7
13;2021-03-30;12611;2519;265012;97338;13.0;4.8
13;2021-03-31;10816;3161;275828;100499;13.6;4.9
13;2021-04-01;12266;3056;288094;103555;14.2;5.1
13;2021-04-02;9789;3892;297883;107447;14.6;5.3
13;2021-04-03;4009;2807;301892;110254;14.8;5.4
13;2021-04-04;630;305;302522;110559;14.9;5.4
13;2021-04-05;3532;729;306054;111288;15.0;5.5
13;2021-04-06;8517;4253;314571;115541;15.5;5.7
13;2021-04-07;10079;4686;324650;120227;16.0;5.9
13;2021-04-08;10111;5461;334761;125688;16.5;6.2
13;2021-04-09;11266;5112;346027;130800;17.0;6.4
13;2021-04-10;7301;2095;353328;132895;17.4;6.5
13;2021-04-11;1379;533;354707;133428;17.4;6.6
13;2021-04-12;7984;4793;362691;138221;17.8;6.8
13;2021-04-13;9142;5497;371833;143718;18.3;7.1
13;2021-04-14;9534;5817;381367;149535;18.7;7.4
13;2021-04-15;9874;5962;391241;155497;19.2;7.6
13;2021-04-16;9969;5565;401210;161062;19.7;7.9
13;2021-04-17;4081;2021;405291;163083;19.9;8.0
13;2021-04-18;2523;1423;407814;164506;20.0;8.1
13;2021-04-19;6453;6409;414267;170915;20.4;8.4
13;2021-04-20;7405;7597;421672;178512;20.7;8.8
13;2021-04-21;7777;7377;429449;185889;21.1;9.1
13;2021-04-22;8467;7928;437916;193817;21.5;9.5
13;2021-04-23;8381;6802;446297;200619;21.9;9.9
13;2021-04-24;4624;3820;450921;204439;22.2;10.0
13;2021-04-25;874;524;451795;204963;22.2;10.1
13;2021-04-26;6171;7118;457966;212081;22.5;10.4
13;2021-04-27;7262;8035;465228;220116;22.9;10.8
13;2021-04-28;9451;7715;474679;227831;23.3;11.2
13;2021-04-29;11405;7608;486084;235439;23.9;11.6
13;2021-04-30;10925;7381;497009;242820;24.4;11.9
13;2021-05-01;5367;3794;502376;246614;24.7;12.1
13;2021-05-02;2098;748;504474;247362;24.8;12.2
13;2021-05-03;7298;7861;511772;255223;25.2;12.5
13;2021-05-04;8455;8518;520227;263741;25.6;13.0
13;2021-05-05;8227;8972;528454;272713;26.0;13.4
13;2021-05-06;10142;8589;538596;281302;26.5;13.8
13;2021-05-07;8852;10041;547448;291343;26.9;14.3
13;2021-05-08;4572;3930;552020;295273;27.1;14.5
13;2021-05-09;936;684;552956;295957;27.2;14.5
13;2021-05-10;7715;8766;560671;304723;27.6;15.0
13;2021-05-11;10976;9578;571647;314301;28.1;15.4
13;2021-05-12;12841;8722;584488;323023;28.7;15.9
13;2021-05-13;9511;3636;593999;326659;29.2;16.1
13;2021-05-14;13659;6448;607658;333107;29.9;16.4
13;2021-05-15;10201;4530;617859;337637;30.4;16.6
13;2021-05-16;3125;790;620984;338427;30.5;16.6
13;2021-05-17;10845;6812;631829;345239;31.1;17.0
13;2021-05-18;11917;6475;643746;351714;31.6;17.3
13;2021-05-19;12158;6351;655904;358065;32.2;17.6
13;2021-05-20;13450;6464;669354;364529;32.9;17.9
13;2021-05-21;12999;6779;682353;371308;33.5;18.3
13;2021-05-22;7513;3634;689866;374942;33.9;18.4
13;2021-05-23;863;640;690729;375582;34.0;18.5
13;2021-05-24;6766;2476;697495;378058;34.3;18.6
13;2021-05-25;9273;7604;706768;385662;34.7;19.0
13;2021-05-26;10139;7840;716907;393502;35.2;19.3
13;2021-05-27;10349;8427;727256;401929;35.7;19.8
13;2021-05-28;9001;9174;736257;411103;36.2;20.2
13;2021-05-29;7177;4627;743434;415730;36.5;20.4
13;2021-05-30;891;527;744325;416257;36.6;20.5
13;2021-05-31;8192;8036;752517;424293;37.0;20.9
13;2021-06-01;9589;9307;762106;433600;37.5;21.3
13;2021-06-02;10088;8798;772194;442398;38.0;21.7
13;2021-06-03;12294;9494;784488;451892;38.6;22.2
13;2021-06-04;12035;10044;796523;461936;39.2;22.7
13;2021-06-05;7828;5579;804351;467515;39.5;23.0
13;2021-06-06;1671;883;806022;468398;39.6;23.0
13;2021-06-07;6685;9885;812707;478283;39.9;23.5
13;2021-06-08;8312;9992;821019;488275;40.4;24.0
13;2021-06-09;8397;9742;829416;498017;40.8;24.5
13;2021-06-10;8940;9774;838356;507791;41.2;25.0
13;2021-06-11;8235;12709;846591;520500;41.6;25.6
13;2021-06-12;5788;6708;852379;527208;41.9;25.9
13;2021-06-13;952;1215;853331;528423;41.9;26.0
13;2021-06-14;6005;11142;859336;539565;42.2;26.5
13;2021-06-15;7292;11405;866628;550970;42.6;27.1
13;2021-06-16;7343;9879;873971;560849;43.0;27.6
13;2021-06-17;7440;10709;881411;571558;43.3;28.1
13;2021-06-18;7538;11080;888949;582638;43.7;28.6
13;2021-06-19;4616;7498;893565;590136;43.9;29.0
13;2021-06-20;955;1045;894520;591181;44.0;29.1
13;2021-06-21;4467;12267;898987;603448;44.2;29.7
13;2021-06-22;4940;13875;903927;617323;44.4;30.3
13;2021-06-23;5150;13568;909077;630891;44.7;31.0
13;2021-06-24;5340;12852;914417;643743;44.9;31.6
13;2021-06-25;5260;14680;919677;658423;45.2;32.4
13;2021-06-26;3020;9682;922697;668105;45.4;32.8
13;2021-06-27;535;931;923232;669036;45.4;32.9
13;2021-06-28;3731;12555;926963;681591;45.6;33.5
13;2021-06-29;4493;12905;931456;694496;45.8;34.1
13;2021-06-30;4902;12692;936358;707188;46.0;34.8
13;2021-07-01;5550;11486;941908;718674;46.3;35.3
13;2021-07-02;5582;12403;947490;731077;46.6;35.9
13;2021-07-03;3511;9163;951001;740240;46.7;36.4
13;2021-07-04;475;867;951476;741107;46.8;36.4
13;2021-07-05;3874;11781;955350;752888;47.0;37.0
13;2021-07-06;5463;11680;960813;764568;47.2;37.6
13;2021-07-07;5822;10699;966635;775267;47.5;38.1
13;2021-07-08;6225;10318;972860;785585;47.8;38.6
13;2021-07-09;5934;11917;978794;797502;48.1;39.2
13;2021-07-10;3167;8637;981961;806139;48.3;39.6
13;2021-07-11;437;1012;982398;807151;48.3;39.7
13;2021-07-12;4487;10962;986885;818113;48.5;40.2
13;2021-07-13;8964;13161;995849;831274;48.9;40.9
13;2021-07-14;5608;4852;1001457;836126;49.2;41.1
13;2021-07-15;11421;12936;1012878;849062;49.8;41.7
13;2021-07-16;12191;12905;1025069;861967;50.4;42.4
13;2021-07-17;6581;8483;1031650;870450;50.7;42.8
13;2021-07-18;725;1059;1032375;871509;50.7;42.8
13;2021-07-19;9800;11136;1042175;882645;51.2;43.4
13;2021-07-20;12254;11641;1054429;894286;51.8;44.0
13;2021-07-21;12657;10314;1067086;904600;52.5;44.5
13;2021-07-22;14527;10415;1081613;915015;53.2;45.0
13;2021-07-23;14443;10922;1096056;925937;53.9;45.5
13;2021-07-24;8326;7969;1104382;933906;54.3;45.9
13;2021-07-25;1011;787;1105393;934693;54.3;45.9
13;2021-07-26;11629;9081;1117022;943774;54.9;46.4
13;2021-07-27;13556;9354;1130578;953128;55.6;46.8
13;2021-07-28;12295;8165;1142873;961293;56.2;47.3
13;2021-07-29;13795;8118;1156668;969411;56.9;47.6
13;2021-07-30;13657;8623;1170325;978034;57.5;48.1
13;2021-07-31;8675;5830;1179000;983864;58.0;48.4
13;2021-08-01;1103;720;1180103;984584;58.0;48.4
13;2021-08-02;9971;6672;1190074;991256;58.5;48.7
13;2021-08-03;10989;7249;1201063;998505;59.0;49.1
13;2021-08-04;9352;6530;1210415;1005035;59.5;49.4
13;2021-08-05;9363;7505;1219778;1012540;60.0;49.8
13;2021-08-06;9076;8980;1228854;1021520;60.4;50.2
13;2021-08-07;5389;5537;1234243;1027057;60.7;50.5
13;2021-08-08;892;795;1235135;1027852;60.7;50.5
13;2021-08-09;8242;9023;1243377;1036875;61.1;51.0
13;2021-08-10;8943;8854;1252320;1045729;61.6;51.4
13;2021-08-11;7722;8489;1260042;1054218;61.9;51.8
13;2021-08-12;7576;9605;1267618;1063823;62.3;52.3
13;2021-08-13;6809;9135;1274427;1072958;62.6;52.7
13;2021-08-14;3670;6433;1278097;1079391;62.8;53.1
13;2021-08-15;473;731;1278570;1080122;62.8;53.1
13;2021-08-16;6384;11012;1284954;1091134;63.2;53.6
13;2021-08-17;6601;10563;1291555;1101697;63.5;54.2
13;2021-08-18;6264;10129;1297819;1111826;63.8;54.6
13;2021-08-19;6616;10533;1304435;1122359;64.1;55.2
13;2021-08-20;5728;11183;1310163;1133542;64.4;55.7
13;2021-08-21;2576;7525;1312739;1141067;64.5;56.1
13;2021-08-22;360;1084;1313099;1142151;64.5;56.1
13;2021-08-23;4825;11124;1317924;1153275;64.8;56.7
14;2020-12-27;0;0;0;0;0.0;0.0
14;2020-12-28;1;1;1;1;0.0;0.0
14;2020-12-29;0;0;1;1;0.0;0.0
14;2020-12-30;0;0;1;1;0.0;0.0
14;2020-12-31;3;0;4;1;0.0;0.0
14;2021-01-01;1;0;5;1;0.0;0.0
14;2021-01-02;1;0;6;1;0.0;0.0
14;2021-01-03;0;0;6;1;0.0;0.0
14;2021-01-04;10;0;16;1;0.0;0.0
14;2021-01-05;24;0;40;1;0.0;0.0
14;2021-01-06;349;0;389;1;0.1;0.0
14;2021-01-07;400;2;789;3;0.1;0.0
14;2021-01-08;626;2;1415;5;0.2;0.0
14;2021-01-09;127;0;1542;5;0.2;0.0
14;2021-01-10;41;0;1583;5;0.2;0.0
14;2021-01-11;667;1;2250;6;0.3;0.0
14;2021-01-12;947;2;3197;8;0.5;0.0
14;2021-01-13;850;1;4047;9;0.6;0.0
14;2021-01-14;2827;17;6874;26;1.0;0.0
14;2021-01-15;1894;20;8768;46;1.3;0.0
14;2021-01-16;271;2;9039;48;1.3;0.0
14;2021-01-17;145;7;9184;55;1.3;0.0
14;2021-01-18;1085;4;10269;59;1.5;0.0
14;2021-01-19;1151;2;11420;61;1.7;0.0
14;2021-01-20;1987;4;13407;65;1.9;0.0
14;2021-01-21;1814;6;15221;71;2.2;0.0
14;2021-01-22;1493;5;16714;76;2.4;0.0
14;2021-01-23;297;1;17011;77;2.5;0.0
14;2021-01-24;72;0;17083;77;2.5;0.0
14;2021-01-25;911;10;17994;87;2.6;0.0
14;2021-01-26;848;37;18842;124;2.7;0.0
14;2021-01-27;882;158;19724;282;2.9;0.0
14;2021-01-28;782;143;20506;425;3.0;0.1
14;2021-01-29;782;227;21288;652;3.1;0.1
14;2021-01-30;269;12;21557;664;3.1;0.1
14;2021-01-31;58;3;21615;667;3.1;0.1
14;2021-02-01;727;229;22342;896;3.2;0.1
14;2021-02-02;828;423;23170;1319;3.4;0.2
14;2021-02-03;751;388;23921;1707;3.5;0.2
14;2021-02-04;1169;2060;25090;3767;3.6;0.5
14;2021-02-05;1294;1315;26384;5082;3.8;0.7
14;2021-02-06;395;240;26779;5322;3.9;0.8
14;2021-02-07;179;72;26958;5394;3.9;0.8
14;2021-02-08;774;824;27732;6218;4.0;0.9
14;2021-02-09;722;1009;28454;7227;4.1;1.0
14;2021-02-10;824;1609;29278;8836;4.2;1.3
14;2021-02-11;1351;1430;30629;10266;4.4;1.5
14;2021-02-12;1381;1081;32010;11347;4.6;1.6
14;2021-02-13;308;187;32318;11534;4.7;1.7
14;2021-02-14;84;65;32402;11599;4.7;1.7
14;2021-02-15;442;1083;32844;12682;4.7;1.8
14;2021-02-16;679;978;33523;13660;4.8;2.0
14;2021-02-17;405;981;33928;14641;4.9;2.1
14;2021-02-18;706;884;34634;15525;5.0;2.2
14;2021-02-19;733;782;35367;16307;5.1;2.4
14;2021-02-20;88;271;35455;16578;5.1;2.4
14;2021-02-21;6;90;35461;16668;5.1;2.4
14;2021-02-22;431;1044;35892;17712;5.2;2.6
14;2021-02-23;486;921;36378;18633;5.3;2.7
14;2021-02-24;439;890;36817;19523;5.3;2.8
14;2021-02-25;1223;1177;38040;20700;5.5;3.0
14;2021-02-26;1576;1167;39616;21867;5.7;3.2
14;2021-02-27;507;268;40123;22135;5.8;3.2
14;2021-02-28;27;41;40150;22176;5.8;3.2
14;2021-03-01;522;927;40672;23103;5.9;3.3
14;2021-03-02;966;809;41638;23912;6.0;3.5
14;2021-03-03;1079;837;42717;24749;6.2;3.6
14;2021-03-04;1949;791;44666;25540;6.5;3.7
14;2021-03-05;2430;873;47096;26413;6.8;3.8
14;2021-03-06;3075;206;50171;26619;7.3;3.8
14;2021-03-07;1196;63;51367;26682;7.4;3.9
14;2021-03-08;1249;813;52616;27495;7.6;4.0
14;2021-03-09;1741;698;54357;28193;7.9;4.1
14;2021-03-10;1835;591;56192;28784;8.1;4.2
14;2021-03-11;2757;475;58949;29259;8.5;4.2
14;2021-03-12;4045;570;62994;29829;9.1;4.3
14;2021-03-13;1853;176;64847;30005;9.4;4.3
14;2021-03-14;31;39;64878;30044;9.4;4.3
14;2021-03-15;2005;141;66883;30185;9.7;4.4
14;2021-03-16;1402;277;68285;30462;9.9;4.4
14;2021-03-17;1155;196;69440;30658;10.0;4.4
14;2021-03-18;1480;306;70920;30964;10.3;4.5
14;2021-03-19;2608;269;73528;31233;10.6;4.5
14;2021-03-20;2657;41;76185;31274;11.0;4.5
14;2021-03-21;454;8;76639;31282;11.1;4.5
14;2021-03-22;1873;361;78512;31643;11.4;4.6
14;2021-03-23;2177;324;80689;31967;11.7;4.6
14;2021-03-24;2432;194;83121;32161;12.0;4.7
14;2021-03-25;3292;321;86413;32482;12.5;4.7
14;2021-03-26;4607;475;91020;32957;13.2;4.8
14;2021-03-27;2231;230;93251;33187;13.5;4.8
14;2021-03-28;36;1;93287;33188;13.5;4.8
14;2021-03-29;1613;482;94900;33670;13.7;4.9
14;2021-03-30;2722;516;97622;34186;14.1;4.9
14;2021-03-31;2324;922;99946;35108;14.5;5.1
14;2021-04-01;4173;1680;104119;36788;15.1;5.3
14;2021-04-02;3867;1271;107986;38059;15.6;5.5
14;2021-04-03;1128;1203;109114;39262;15.8;5.7
14;2021-04-04;25;482;109139;39744;15.8;5.7
14;2021-04-05;1219;324;110358;40068;16.0;5.8
14;2021-04-06;2383;997;112741;41065;16.3;5.9
14;2021-04-07;2729;1034;115470;42099;16.7;6.1
14;2021-04-08;4300;1120;119770;43219;17.3;6.3
14;2021-04-09;6030;1184;125800;44403;18.2;6.4
14;2021-04-10;2895;437;128695;44840;18.6;6.5
14;2021-04-11;628;121;129323;44961;18.7;6.5
14;2021-04-12;2915;1585;132238;46546;19.1;6.7
14;2021-04-13;3471;1448;135709;47994;19.6;6.9
14;2021-04-14;3121;1169;138830;49163;20.1;7.1
14;2021-04-15;4400;1511;143230;50674;20.7;7.3
14;2021-04-16;4600;1564;147830;52238;21.4;7.6
14;2021-04-17;2313;1666;150143;53904;21.7;7.8
14;2021-04-18;539;327;150682;54231;21.8;7.8
14;2021-04-19;2759;1708;153441;55939;22.2;8.1
14;2021-04-20;3390;1835;156831;57774;22.7;8.4
14;2021-04-21;3012;1473;159843;59247;23.1;8.6
14;2021-04-22;4227;2086;164070;61333;23.7;8.9
14;2021-04-23;4647;2297;168717;63630;24.4;9.2
14;2021-04-24;1852;1756;170569;65386;24.7;9.5
14;2021-04-25;456;28;171025;65414;24.7;9.5
14;2021-04-26;3378;1570;174403;66984;25.2;9.7
14;2021-04-27;3504;2575;177907;69559;25.7;10.1
14;2021-04-28;3245;1897;181152;71456;26.2;10.3
14;2021-04-29;4545;2309;185697;73765;26.9;10.7
14;2021-04-30;5123;2644;190820;76409;27.6;11.1
14;2021-05-01;3554;197;194374;76606;28.1;11.1
14;2021-05-02;1237;55;195611;76661;28.3;11.1
14;2021-05-03;2483;2771;198094;79432;28.6;11.5
14;2021-05-04;3127;2915;201221;82347;29.1;11.9
14;2021-05-05;3687;2756;204908;85103;29.6;12.3
14;2021-05-06;4931;3489;209839;88592;30.3;12.8
14;2021-05-07;4866;3853;214705;92445;31.1;13.4
14;2021-05-08;2728;1264;217433;93709;31.4;13.6
14;2021-05-09;1915;670;219348;94379;31.7;13.6
14;2021-05-10;3635;3151;222983;97530;32.2;14.1
14;2021-05-11;4348;3608;227331;101138;32.9;14.6
14;2021-05-12;4050;3219;231381;104357;33.5;15.1
14;2021-05-13;4691;1132;236072;105489;34.1;15.3
14;2021-05-14;6675;2630;242747;108119;35.1;15.6
14;2021-05-15;5144;778;247891;108897;35.9;15.7
14;2021-05-16;2319;121;250210;109018;36.2;15.8
14;2021-05-17;2821;2263;253031;111281;36.6;16.1
14;2021-05-18;4089;2243;257120;113524;37.2;16.4
14;2021-05-19;3753;2020;260873;115544;37.7;16.7
14;2021-05-20;4480;2768;265353;118312;38.4;17.1
14;2021-05-21;4274;3529;269627;121841;39.0;17.6
14;2021-05-22;1670;866;271297;122707;39.2;17.7
14;2021-05-23;649;71;271946;122778;39.3;17.8
14;2021-05-24;2845;750;274791;123528;39.7;17.9
14;2021-05-25;3635;3387;278426;126915;40.3;18.4
14;2021-05-26;3436;2407;281862;129322;40.8;18.7
14;2021-05-27;4770;3241;286632;132563;41.5;19.2
14;2021-05-28;5093;3894;291725;136457;42.2;19.7
14;2021-05-29;2341;2457;294066;138914;42.5;20.1
14;2021-05-30;761;239;294827;139153;42.6;20.1
14;2021-05-31;4092;2967;298919;142120;43.2;20.6
14;2021-06-01;5741;3218;304660;145338;44.1;21.0
14;2021-06-02;5029;2858;309689;148196;44.8;21.4
14;2021-06-03;6661;4019;316350;152215;45.8;22.0
14;2021-06-04;6444;5139;322794;157354;46.7;22.8
14;2021-06-05;4358;1865;327152;159219;47.3;23.0
14;2021-06-06;2042;83;329194;159302;47.6;23.0
14;2021-06-07;4250;3452;333444;162754;48.2;23.5
14;2021-06-08;5238;3132;338682;165886;49.0;24.0
14;2021-06-09;4274;2968;342956;168854;49.6;24.4
14;2021-06-10;5082;2973;348038;171827;50.3;24.9
14;2021-06-11;4843;4889;352881;176716;51.0;25.6
14;2021-06-12;3680;4513;356561;181229;51.6;26.2
14;2021-06-13;849;1090;357410;182319;51.7;26.4
14;2021-06-14;2186;3793;359596;186112;52.0;26.9
14;2021-06-15;3315;3973;362911;190085;52.5;27.5
14;2021-06-16;3448;4557;366359;194642;53.0;28.1
14;2021-06-17;4235;5270;370594;199912;53.6;28.9
14;2021-06-18;3734;6121;374328;206033;54.1;29.8
14;2021-06-19;2591;2953;376919;208986;54.5;30.2
14;2021-06-20;579;1556;377498;210542;54.6;30.4
14;2021-06-21;2123;4360;379621;214902;54.9;31.1
14;2021-06-22;2584;5179;382205;220081;55.3;31.8
14;2021-06-23;2501;4348;384706;224429;55.6;32.5
14;2021-06-24;3451;5808;388157;230237;56.1;33.3
14;2021-06-25;2749;7275;390906;237512;56.5;34.3
14;2021-06-26;2176;4540;393082;242052;56.8;35.0
14;2021-06-27;440;1829;393522;243881;56.9;35.3
14;2021-06-28;1312;3971;394834;247852;57.1;35.8
14;2021-06-29;1789;5366;396623;253218;57.4;36.6
14;2021-06-30;2022;4619;398645;257837;57.7;37.3
14;2021-07-01;2933;5068;401578;262905;58.1;38.0
14;2021-07-02;2599;6668;404177;269573;58.5;39.0
14;2021-07-03;1429;2646;405606;272219;58.7;39.4
14;2021-07-04;421;713;406027;272932;58.7;39.5
14;2021-07-05;1191;4780;407218;277712;58.9;40.2
14;2021-07-06;2094;6004;409312;283716;59.2;41.0
14;2021-07-07;2259;4576;411571;288292;59.5;41.7
14;2021-07-08;2909;5525;414480;293817;59.9;42.5
14;2021-07-09;2769;6434;417249;300251;60.3;43.4
14;2021-07-10;2040;3201;419289;303452;60.6;43.9
14;2021-07-11;900;872;420189;304324;60.8;44.0
14;2021-07-12;1634;5900;421823;310224;61.0;44.9
14;2021-07-13;3079;7339;424902;317563;61.5;45.9
14;2021-07-14;2258;3060;427160;320623;61.8;46.4
14;2021-07-15;4165;7659;431325;328282;62.4;47.5
14;2021-07-16;4704;7692;436029;335974;63.1;48.6
14;2021-07-17;2115;4209;438144;340183;63.4;49.2
14;2021-07-18;821;1868;438965;342051;63.5;49.5
14;2021-07-19;2593;6126;441558;348177;63.9;50.4
14;2021-07-20;3242;7255;444800;355432;64.3;51.4
14;2021-07-21;4101;5843;448901;361275;64.9;52.2
14;2021-07-22;4836;6603;453737;367878;65.6;53.2
14;2021-07-23;5377;6770;459114;374648;66.4;54.2
14;2021-07-24;3081;3795;462195;378443;66.8;54.7
14;2021-07-25;1504;1246;463699;379689;67.1;54.9
14;2021-07-26;4674;4192;468373;383881;67.7;55.5
14;2021-07-27;5384;4364;473757;388245;68.5;56.1
14;2021-07-28;5102;3972;478859;392217;69.3;56.7
14;2021-07-29;6421;4880;485280;397097;70.2;57.4
14;2021-07-30;5820;5166;491100;402263;71.0;58.2
14;2021-07-31;2764;2505;493864;404768;71.4;58.5
14;2021-08-01;1888;935;495752;405703;71.7;58.7
14;2021-08-02;3888;4292;499640;409995;72.3;59.3
14;2021-08-03;4451;4165;504091;414160;72.9;59.9
14;2021-08-04;4521;3542;508612;417702;73.6;60.4
14;2021-08-05;4629;4031;513241;421733;74.2;61.0
14;2021-08-06;4413;4807;517654;426540;74.9;61.7
14;2021-08-07;2126;2298;519780;428838;75.2;62.0
14;2021-08-08;635;853;520415;429691;75.3;62.1
14;2021-08-09;2124;2880;522539;432571;75.6;62.6
14;2021-08-10;3647;4172;526186;436743;76.1;63.2
14;2021-08-11;3055;3459;529241;440202;76.5;63.7
14;2021-08-12;3465;4343;532706;444545;77.0;64.3
14;2021-08-13;2622;4129;535328;448674;77.4;64.9
14;2021-08-14;1408;2002;536736;450676;77.6;65.2
14;2021-08-15;390;1482;537126;452158;77.7;65.4
14;2021-08-16;1823;2776;538949;454934;77.9;65.8
14;2021-08-17;2257;4563;541206;459497;78.3;66.5
14;2021-08-18;2056;4522;543262;464019;78.6;67.1
14;2021-08-19;2321;5078;545583;469097;78.9;67.8
14;2021-08-20;2177;5399;547760;474496;79.2;68.6
14;2021-08-21;1009;2828;548769;477324;79.4;69.0
14;2021-08-22;170;1564;548939;478888;79.4;69.3
14;2021-08-23;1258;4161;550197;483049;79.6;69.9
15;2020-12-27;2;0;2;0;0.0;0.0
15;2020-12-28;0;0;2;0;0.0;0.0
15;2020-12-29;0;0;2;0;0.0;0.0
15;2020-12-30;0;0;2;0;0.0;0.0
15;2020-12-31;0;0;2;0;0.0;0.0
15;2021-01-01;1;0;3;0;0.0;0.0
15;2021-01-02;0;0;3;0;0.0;0.0
15;2021-01-03;0;0;3;0;0.0;0.0
15;2021-01-04;0;0;3;0;0.0;0.0
15;2021-01-05;0;0;3;0;0.0;0.0
15;2021-01-06;0;0;3;0;0.0;0.0
15;2021-01-07;72;0;75;0;0.1;0.0
15;2021-01-08;110;0;185;0;0.1;0.0
15;2021-01-09;0;0;185;0;0.1;0.0
15;2021-01-10;2;0;187;0;0.1;0.0
15;2021-01-11;99;0;286;0;0.2;0.0
15;2021-01-12;94;0;380;0;0.3;0.0
15;2021-01-13;230;0;610;0;0.4;0.0
15;2021-01-14;309;1;919;1;0.6;0.0
15;2021-01-15;138;0;1057;1;0.7;0.0
15;2021-01-16;90;0;1147;1;0.8;0.0
15;2021-01-17;0;0;1147;1;0.8;0.0
15;2021-01-18;404;2;1551;3;1.1;0.0
15;2021-01-19;550;0;2101;3;1.5;0.0
15;2021-01-20;627;1;2728;4;1.9;0.0
15;2021-01-21;577;4;3305;8;2.3;0.0
15;2021-01-22;503;2;3808;10;2.7;0.0
15;2021-01-23;432;1;4240;11;3.0;0.0
15;2021-01-24;6;0;4246;11;3.0;0.0
15;2021-01-25;400;0;4646;11;3.3;0.0
15;2021-01-26;437;0;5083;11;3.6;0.0
15;2021-01-27;735;7;5818;18;4.1;0.0
15;2021-01-28;624;53;6442;71;4.5;0.0
15;2021-01-29;334;82;6776;153;4.7;0.1
15;2021-01-30;218;3;6994;156;4.9;0.1
15;2021-01-31;1;1;6995;157;4.9;0.1
15;2021-02-01;238;89;7233;246;5.1;0.2
15;2021-02-02;188;91;7421;337;5.2;0.2
15;2021-02-03;266;159;7687;496;5.4;0.3
15;2021-02-04;663;205;8350;701;5.8;0.5
15;2021-02-05;297;256;8647;957;6.1;0.7
15;2021-02-06;98;76;8745;1033;6.1;0.7
15;2021-02-07;0;0;8745;1033;6.1;0.7
15;2021-02-08;233;107;8978;1140;6.3;0.8
15;2021-02-09;205;119;9183;1259;6.4;0.9
15;2021-02-10;338;300;9521;1559;6.7;1.1
15;2021-02-11;117;239;9638;1798;6.7;1.3
15;2021-02-12;136;160;9774;1958;6.8;1.4
15;2021-02-13;92;78;9866;2036;6.9;1.4
15;2021-02-14;0;0;9866;2036;6.9;1.4
15;2021-02-15;63;215;9929;2251;7.0;1.6
15;2021-02-16;52;295;9981;2546;7.0;1.8
15;2021-02-17;134;474;10115;3020;7.1;2.1
15;2021-02-18;87;749;10202;3769;7.1;2.6
15;2021-02-19;90;429;10292;4198;7.2;2.9
15;2021-02-20;20;259;10312;4457;7.2;3.1
15;2021-02-21;0;0;10312;4457;7.2;3.1
15;2021-02-22;23;497;10335;4954;7.2;3.5
15;2021-02-23;180;457;10515;5411;7.4;3.8
15;2021-02-24;31;456;10546;5867;7.4;4.1
15;2021-02-25;228;1002;10774;6869;7.5;4.8
15;2021-02-26;186;476;10960;7345;7.7;5.1
15;2021-02-27;145;88;11105;7433;7.8;5.2
15;2021-02-28;1;0;11106;7433;7.8;5.2
15;2021-03-01;121;222;11227;7655;7.9;5.4
15;2021-03-02;250;307;11477;7962;8.0;5.6
15;2021-03-03;207;29;11684;7991;8.2;5.6
15;2021-03-04;246;248;11930;8239;8.4;5.8
15;2021-03-05;348;174;12278;8413;8.6;5.9
15;2021-03-06;680;11;12958;8424;9.1;5.9
15;2021-03-07;81;2;13039;8426;9.1;5.9
15;2021-03-08;93;107;13132;8533;9.2;6.0
15;2021-03-09;281;294;13413;8827;9.4;6.2
15;2021-03-10;416;178;13829;9005;9.7;6.3
15;2021-03-11;434;296;14263;9301;10.0;6.5
15;2021-03-12;525;96;14788;9397;10.4;6.6
15;2021-03-13;355;7;15143;9404;10.6;6.6
15;2021-03-14;18;0;15161;9404;10.6;6.6
15;2021-03-15;542;64;15703;9468;11.0;6.6
15;2021-03-16;328;21;16031;9489;11.2;6.6
15;2021-03-17;130;53;16161;9542;11.3;6.7
15;2021-03-18;250;96;16411;9638;11.5;6.7
15;2021-03-19;669;32;17080;9670;12.0;6.8
15;2021-03-20;148;36;17228;9706;12.1;6.8
15;2021-03-21;6;0;17234;9706;12.1;6.8
15;2021-03-22;575;79;17809;9785;12.5;6.9
15;2021-03-23;775;97;18584;9882;13.0;6.9
15;2021-03-24;937;35;19521;9917;13.7;6.9
15;2021-03-25;1282;33;20803;9950;14.6;7.0
15;2021-03-26;1009;61;21812;10011;15.3;7.0
15;2021-03-27;301;6;22113;10017;15.5;7.0
15;2021-03-28;20;0;22133;10017;15.5;7.0
15;2021-03-29;781;18;22914;10035;16.0;7.0
15;2021-03-30;1134;201;24048;10236;16.8;7.2
15;2021-03-31;941;23;24989;10259;17.5;7.2
15;2021-04-01;1233;60;26222;10319;18.4;7.2
15;2021-04-02;1142;61;27364;10380;19.2;7.3
15;2021-04-03;120;18;27484;10398;19.2;7.3
15;2021-04-04;0;0;27484;10398;19.2;7.3
15;2021-04-05;33;1;27517;10399;19.3;7.3
15;2021-04-06;834;86;28351;10485;19.9;7.3
15;2021-04-07;663;105;29014;10590;20.3;7.4
15;2021-04-08;1247;148;30261;10738;21.2;7.5
15;2021-04-09;1277;100;31538;10838;22.1;7.6
15;2021-04-10;364;20;31902;10858;22.3;7.6
15;2021-04-11;14;0;31916;10858;22.3;7.6
15;2021-04-12;644;458;32560;11316;22.8;7.9
15;2021-04-13;1124;322;33684;11638;23.6;8.1
15;2021-04-14;1038;200;34722;11838;24.3;8.3
15;2021-04-15;1183;309;35905;12147;25.1;8.5
15;2021-04-16;1038;555;36943;12702;25.9;8.9
15;2021-04-17;445;13;37388;12715;26.2;8.9
15;2021-04-18;0;10;37388;12725;26.2;8.9
15;2021-04-19;539;514;37927;13239;26.6;9.3
15;2021-04-20;847;614;38774;13853;27.2;9.7
15;2021-04-21;594;651;39368;14504;27.6;10.2
15;2021-04-22;728;776;40096;15280;28.1;10.7
15;2021-04-23;731;681;40827;15961;28.6;11.2
15;2021-04-24;363;123;41190;16084;28.8;11.3
15;2021-04-25;1;3;41191;16087;28.8;11.3
15;2021-04-26;325;632;41516;16719;29.1;11.7
15;2021-04-27;469;941;41985;17660;29.4;12.4
15;2021-04-28;383;788;42368;18448;29.7;12.9
15;2021-04-29;586;1012;42954;19460;30.1;13.6
15;2021-04-30;547;1078;43501;20538;30.5;14.4
15;2021-05-01;283;30;43784;20568;30.7;14.4
15;2021-05-02;0;0;43784;20568;30.7;14.4
15;2021-05-03;881;331;44665;20899;31.3;14.6
15;2021-05-04;802;857;45467;21756;31.8;15.2
15;2021-05-05;676;680;46143;22436;32.3;15.7
15;2021-05-06;826;967;46969;23403;32.9;16.4
15;2021-05-07;1154;906;48123;24309;33.7;17.0
15;2021-05-08;491;55;48614;24364;34.0;17.1
15;2021-05-09;24;9;48638;24373;34.1;17.1
15;2021-05-10;705;913;49343;25286;34.6;17.7
15;2021-05-11;1185;1185;50528;26471;35.4;18.5
15;2021-05-12;1147;837;51675;27308;36.2;19.1
15;2021-05-13;1165;440;52840;27748;37.0;19.4
15;2021-05-14;1504;583;54344;28331;38.1;19.8
15;2021-05-15;1410;417;55754;28748;39.0;20.1
15;2021-05-16;1;10;55755;28758;39.0;20.1
15;2021-05-17;999;606;56754;29364;39.7;20.6
15;2021-05-18;1222;972;57976;30336;40.6;21.2
15;2021-05-19;1020;460;58996;30796;41.3;21.6
15;2021-05-20;1239;782;60235;31578;42.2;22.1
15;2021-05-21;1349;749;61584;32327;43.1;22.6
15;2021-05-22;527;189;62111;32516;43.5;22.8
15;2021-05-23;2;11;62113;32527;43.5;22.8
15;2021-05-24;693;257;62806;32784;44.0;23.0
15;2021-05-25;1151;620;63957;33404;44.8;23.4
15;2021-05-26;1095;459;65052;33863;45.6;23.7
15;2021-05-27;1270;660;66322;34523;46.4;24.2
15;2021-05-28;1509;887;67831;35410;47.5;24.8
15;2021-05-29;984;361;68815;35771;48.2;25.0
15;2021-05-30;14;25;68829;35796;48.2;25.1
15;2021-05-31;1201;480;70030;36276;49.0;25.4
15;2021-06-01;1400;571;71430;36847;50.0;25.8
15;2021-06-02;865;419;72295;37266;50.6;26.1
15;2021-06-03;932;708;73227;37974;51.3;26.6
15;2021-06-04;1076;719;74303;38693;52.0;27.1
15;2021-06-05;651;264;74954;38957;52.5;27.3
15;2021-06-06;16;20;74970;38977;52.5;27.3
15;2021-06-07;797;350;75767;39327;53.1;27.5
15;2021-06-08;477;396;76244;39723;53.4;27.8
15;2021-06-09;377;377;76621;40100;53.7;28.1
15;2021-06-10;275;423;76896;40523;53.8;28.4
15;2021-06-11;661;1100;77557;41623;54.3;29.1
15;2021-06-12;377;467;77934;42090;54.6;29.5
15;2021-06-13;11;6;77945;42096;54.6;29.5
15;2021-06-14;542;977;78487;43073;55.0;30.2
15;2021-06-15;450;1164;78937;44237;55.3;31.0
15;2021-06-16;543;899;79480;45136;55.7;31.6
15;2021-06-17;290;935;79770;46071;55.9;32.3
15;2021-06-18;741;1205;80511;47276;56.4;33.1
15;2021-06-19;543;705;81054;47981;56.8;33.6
15;2021-06-20;11;1;81065;47982;56.8;33.6
15;2021-06-21;281;1042;81346;49024;57.0;34.3
15;2021-06-22;232;1479;81578;50503;57.1;35.4
15;2021-06-23;346;1446;81924;51949;57.4;36.4
15;2021-06-24;292;1093;82216;53042;57.6;37.1
15;2021-06-25;379;1642;82595;54684;57.8;38.3
15;2021-06-26;165;908;82760;55592;58.0;38.9
15;2021-06-27;0;0;82760;55592;58.0;38.9
15;2021-06-28;176;1227;82936;56819;58.1;39.8
15;2021-06-29;302;1265;83238;58084;58.3;40.7
15;2021-06-30;268;982;83506;59066;58.5;41.4
15;2021-07-01;381;1220;83887;60286;58.7;42.2
15;2021-07-02;410;1349;84297;61635;59.0;43.2
15;2021-07-03;251;707;84548;62342;59.2;43.7
15;2021-07-04;1;1;84549;62343;59.2;43.7
15;2021-07-05;248;1258;84797;63601;59.4;44.5
15;2021-07-06;274;1468;85071;65069;59.6;45.6
15;2021-07-07;256;1344;85327;66413;59.7;46.5
15;2021-07-08;489;1353;85816;67766;60.1;47.5
15;2021-07-09;487;1786;86303;69552;60.4;48.7
15;2021-07-10;215;865;86518;70417;60.6;49.3
15;2021-07-11;9;5;86527;70422;60.6;49.3
15;2021-07-12;275;1485;86802;71907;60.8;50.4
15;2021-07-13;587;1767;87389;73674;61.2;51.6
15;2021-07-14;10;130;87399;73804;61.2;51.7
15;2021-07-15;1132;729;88531;74533;62.0;52.2
15;2021-07-16;1138;1337;89669;75870;62.8;53.1
15;2021-07-17;820;953;90489;76823;63.4;53.8
15;2021-07-18;0;3;90489;76826;63.4;53.8
15;2021-07-19;1074;1271;91563;78097;64.1;54.7
15;2021-07-20;1613;568;93176;78665;65.2;55.1
15;2021-07-21;1186;604;94362;79269;66.1;55.5
15;2021-07-22;894;513;95256;79782;66.7;55.9
15;2021-07-23;1339;1063;96595;80845;67.6;56.6
15;2021-07-24;626;770;97221;81615;68.1;57.1
15;2021-07-25;1;24;97222;81639;68.1;57.2
15;2021-07-26;1247;597;98469;82236;69.0;57.6
15;2021-07-27;1687;571;100156;82807;70.1;58.0
15;2021-07-28;1237;585;101393;83392;71.0;58.4
15;2021-07-29;836;400;102229;83792;71.6;58.7
15;2021-07-30;1007;1131;103236;84923;72.3;59.5
15;2021-07-31;603;638;103839;85561;72.7;59.9
15;2021-08-01;21;12;103860;85573;72.7;59.9
15;2021-08-02;1142;543;105002;86116;73.5;60.3
15;2021-08-03;1156;383;106158;86499;74.3;60.6
15;2021-08-04;787;409;106945;86908;74.9;60.9
15;2021-08-05;383;284;107328;87192;75.2;61.1
15;2021-08-06;788;1239;108116;88431;75.7;61.9
15;2021-08-07;263;1164;108379;89595;75.9;62.7
15;2021-08-08;3;6;108382;89601;75.9;62.7
15;2021-08-09;512;1166;108894;90767;76.3;63.6
15;2021-08-10;432;726;109326;91493;76.6;64.1
15;2021-08-11;411;1009;109737;92502;76.8;64.8
15;2021-08-12;521;1181;110258;93683;77.2;65.6
15;2021-08-13;680;1138;110938;94821;77.7;66.4
15;2021-08-14;178;552;111116;95373;77.8;66.8
15;2021-08-15;14;9;111130;95382;77.8;66.8
15;2021-08-16;387;1133;111517;96515;78.1;67.6
15;2021-08-17;398;1140;111915;97655;78.4;68.4
15;2021-08-18;368;802;112283;98457;78.6;68.9
15;2021-08-19;295;877;112578;99334;78.8;69.6
15;2021-08-20;600;1208;113178;100542;79.3;70.4
15;2021-08-21;215;865;113393;101407;79.4;71.0
15;2021-08-22;12;26;113405;101433;79.4;71.0
15;2021-08-23;224;610;113629;102043;79.6;71.5
16;2020-12-27;0;0;0;0;0.0;0.0
16;2020-12-28;2;0;2;0;0.0;0.0
16;2020-12-29;0;0;2;0;0.0;0.0
16;2020-12-30;0;0;2;0;0.0;0.0
16;2020-12-31;0;0;2;0;0.0;0.0
16;2021-01-01;0;0;2;0;0.0;0.0
16;2021-01-02;0;0;2;0;0.0;0.0
16;2021-01-03;0;0;2;0;0.0;0.0
16;2021-01-04;1;0;3;0;0.0;0.0
16;2021-01-05;1;0;4;0;0.0;0.0
16;2021-01-06;88;0;92;0;0.0;0.0
16;2021-01-07;239;0;331;0;0.1;0.0
16;2021-01-08;465;2;796;2;0.2;0.0
16;2021-01-09;1;0;797;2;0.2;0.0
16;2021-01-10;1;0;798;2;0.2;0.0
16;2021-01-11;304;0;1102;2;0.3;0.0
16;2021-01-12;437;1;1539;3;0.4;0.0
16;2021-01-13;480;0;2019;3;0.6;0.0
16;2021-01-14;600;7;2619;10;0.8;0.0
16;2021-01-15;504;4;3123;14;0.9;0.0
16;2021-01-16;0;0;3123;14;0.9;0.0
16;2021-01-17;0;0;3123;14;0.9;0.0
16;2021-01-18;430;5;3553;19;1.0;0.0
16;2021-01-19;833;2;4386;21;1.3;0.0
16;2021-01-20;1184;2;5570;23;1.6;0.0
16;2021-01-21;1354;3;6924;26;2.0;0.0
16;2021-01-22;1114;0;8038;26;2.3;0.0
16;2021-01-23;183;0;8221;26;2.4;0.0
16;2021-01-24;0;0;8221;26;2.4;0.0
16;2021-01-25;641;2;8862;28;2.5;0.0
16;2021-01-26;1026;1;9888;29;2.8;0.0
16;2021-01-27;1406;105;11294;134;3.2;0.0
16;2021-01-28;1260;60;12554;194;3.6;0.1
16;2021-01-29;743;140;13297;334;3.8;0.1
16;2021-01-30;36;0;13333;334;3.8;0.1
16;2021-01-31;0;0;13333;334;3.8;0.1
16;2021-02-01;394;203;13727;537;3.9;0.2
16;2021-02-02;576;174;14303;711;4.1;0.2
16;2021-02-03;621;352;14924;1063;4.3;0.3
16;2021-02-04;464;271;15388;1334;4.4;0.4
16;2021-02-05;505;277;15893;1611;4.6;0.5
16;2021-02-06;3;80;15896;1691;4.6;0.5
16;2021-02-07;41;3;15937;1694;4.6;0.5
16;2021-02-08;355;220;16292;1914;4.7;0.5
16;2021-02-09;649;294;16941;2208;4.9;0.6
16;2021-02-10;693;680;17634;2888;5.1;0.8
16;2021-02-11;799;613;18433;3501;5.3;1.0
16;2021-02-12;623;833;19056;4334;5.5;1.2
16;2021-02-13;42;78;19098;4412;5.5;1.3
16;2021-02-14;2;7;19100;4419;5.5;1.3
16;2021-02-15;216;667;19316;5086;5.5;1.5
16;2021-02-16;374;955;19690;6041;5.7;1.7
16;2021-02-17;347;1309;20037;7350;5.8;2.1
16;2021-02-18;511;1253;20548;8603;5.9;2.5
16;2021-02-19;389;794;20937;9397;6.0;2.7
16;2021-02-20;2;8;20939;9405;6.0;2.7
16;2021-02-21;0;0;20939;9405;6.0;2.7
16;2021-02-22;135;531;21074;9936;6.1;2.9
16;2021-02-23;205;925;21279;10861;6.1;3.1
16;2021-02-24;274;896;21553;11757;6.2;3.4
16;2021-02-25;395;690;21948;12447;6.3;3.6
16;2021-02-26;478;501;22426;12948;6.4;3.7
16;2021-02-27;249;1;22675;12949;6.5;3.7
16;2021-02-28;5;5;22680;12954;6.5;3.7
16;2021-03-01;152;328;22832;13282;6.6;3.8
16;2021-03-02;272;668;23104;13950;6.6;4.0
16;2021-03-03;391;728;23495;14678;6.7;4.2
16;2021-03-04;805;571;24300;15249;7.0;4.4
16;2021-03-05;1142;542;25442;15791;7.3;4.5
16;2021-03-06;751;13;26193;15804;7.5;4.5
16;2021-03-07;94;18;26287;15822;7.5;4.5
16;2021-03-08;437;319;26724;16141;7.7;4.6
16;2021-03-09;774;699;27498;16840;7.9;4.8
16;2021-03-10;606;668;28104;17508;8.1;5.0
16;2021-03-11;1445;532;29549;18040;8.5;5.2
16;2021-03-12;1164;460;30713;18500;8.8;5.3
16;2021-03-13;765;14;31478;18514;9.0;5.3
16;2021-03-14;1;0;31479;18514;9.0;5.3
16;2021-03-15;461;184;31940;18698;9.2;5.4
16;2021-03-16;859;421;32799;19119;9.4;5.5
16;2021-03-17;590;286;33389;19405;9.6;5.6
16;2021-03-18;1032;283;34421;19688;9.9;5.7
16;2021-03-19;1101;248;35522;19936;10.2;5.7
16;2021-03-20;396;5;35918;19941;10.3;5.7
16;2021-03-21;9;0;35927;19941;10.3;5.7
16;2021-03-22;727;100;36654;20041;10.5;5.8
16;2021-03-23;1463;104;38117;20145;10.9;5.8
16;2021-03-24;1120;185;39237;20330;11.3;5.8
16;2021-03-25;2047;91;41284;20421;11.9;5.9
16;2021-03-26;1916;98;43200;20519;12.4;5.9
16;2021-03-27;433;22;43633;20541;12.5;5.9
16;2021-03-28;0;0;43633;20541;12.5;5.9
16;2021-03-29;925;60;44558;20601;12.8;5.9
16;2021-03-30;1883;179;46441;20780;13.3;6.0
16;2021-03-31;1514;134;47955;20914;13.8;6.0
16;2021-04-01;2009;401;49964;21315;14.4;6.1
16;2021-04-02;1442;379;51406;21694;14.8;6.2
16;2021-04-03;288;5;51694;21699;14.8;6.2
16;2021-04-04;1;0;51695;21699;14.8;6.2
16;2021-04-05;2;0;51697;21699;14.8;6.2
16;2021-04-06;2013;544;53710;22243;15.4;6.4
16;2021-04-07;1953;403;55663;22646;16.0;6.5
16;2021-04-08;2824;589;58487;23235;16.8;6.7
16;2021-04-09;2694;554;61181;23789;17.6;6.8
16;2021-04-10;1290;37;62471;23826;17.9;6.8
16;2021-04-11;2;0;62473;23826;17.9;6.8
16;2021-04-12;1431;315;63904;24141;18.4;6.9
16;2021-04-13;2125;841;66029;24982;19.0;7.2
16;2021-04-14;1952;633;67981;25615;19.5;7.4
16;2021-04-15;2102;985;70083;26600;20.1;7.6
16;2021-04-16;2040;788;72123;27388;20.7;7.9
16;2021-04-17;1507;90;73630;27478;21.1;7.9
16;2021-04-18;197;3;73827;27481;21.2;7.9
16;2021-04-19;1440;524;75267;28005;21.6;8.0
16;2021-04-20;2054;1232;77321;29237;22.2;8.4
16;2021-04-21;1777;749;79098;29986;22.7;8.6
16;2021-04-22;2292;1007;81390;30993;23.4;8.9
16;2021-04-23;2363;1172;83753;32165;24.1;9.2
16;2021-04-24;829;38;84582;32203;24.3;9.2
16;2021-04-25;117;7;84699;32210;24.3;9.3
16;2021-04-26;1401;807;86100;33017;24.7;9.5
16;2021-04-27;2057;1418;88157;34435;25.3;9.9
16;2021-04-28;1590;1129;89747;35564;25.8;10.2
16;2021-04-29;2250;1498;91997;37062;26.4;10.6
16;2021-04-30;2856;1343;94853;38405;27.2;11.0
16;2021-05-01;353;60;95206;38465;27.3;11.0
16;2021-05-02;155;13;95361;38478;27.4;11.1
16;2021-05-03;2610;537;97971;39015;28.1;11.2
16;2021-05-04;2061;2046;100032;41061;28.7;11.8
16;2021-05-05;1688;1831;101720;42892;29.2;12.3
16;2021-05-06;1888;2245;103608;45137;29.8;13.0
16;2021-05-07;3071;2124;106679;47261;30.6;13.6
16;2021-05-08;1198;468;107877;47729;31.0;13.7
16;2021-05-09;530;26;108407;47755;31.1;13.7
16;2021-05-10;1931;1625;110338;49380;31.7;14.2
16;2021-05-11;2354;1962;112692;51342;32.4;14.7
16;2021-05-12;1732;1798;114424;53140;32.9;15.3
16;2021-05-13;1461;355;115885;53495;33.3;15.4
16;2021-05-14;1989;1562;117874;55057;33.9;15.8
16;2021-05-15;596;896;118470;55953;34.0;16.1
16;2021-05-16;132;6;118602;55959;34.1;16.1
16;2021-05-17;1609;1286;120211;57245;34.5;16.4
16;2021-05-18;2759;1426;122970;58671;35.3;16.9
16;2021-05-19;2006;1238;124976;59909;35.9;17.2
16;2021-05-20;2834;1388;127810;61297;36.7;17.6
16;2021-05-21;2945;1400;130755;62697;37.6;18.0
16;2021-05-22;412;711;131167;63408;37.7;18.2
16;2021-05-23;210;11;131377;63419;37.7;18.2
16;2021-05-24;1262;235;132639;63654;38.1;18.3
16;2021-05-25;2762;1461;135401;65115;38.9;18.7
16;2021-05-26;1834;1188;137235;66303;39.4;19.0
16;2021-05-27;2418;1582;139653;67885;40.1;19.5
16;2021-05-28;2897;1569;142550;69454;40.9;19.9
16;2021-05-29;814;883;143364;70337;41.2;20.2
16;2021-05-30;1;4;143365;70341;41.2;20.2
16;2021-05-31;1984;1104;145349;71445;41.7;20.5
16;2021-06-01;2344;1715;147693;73160;42.4;21.0
16;2021-06-02;1822;1504;149515;74664;42.9;21.4
16;2021-06-03;2622;1762;152137;76426;43.7;22.0
16;2021-06-04;2834;2032;154971;78458;44.5;22.5
16;2021-06-05;1006;549;155977;79007;44.8;22.7
16;2021-06-06;161;28;156138;79035;44.8;22.7
16;2021-06-07;1991;1282;158129;80317;45.4;23.1
16;2021-06-08;2396;1998;160525;82315;46.1;23.6
16;2021-06-09;2529;1615;163054;83930;46.8;24.1
16;2021-06-10;2571;2005;165625;85935;47.6;24.7
16;2021-06-11;2152;2736;167777;88671;48.2;25.5
16;2021-06-12;1614;517;169391;89188;48.7;25.6
16;2021-06-13;261;72;169652;89260;48.7;25.6
16;2021-06-14;796;2797;170448;92057;49.0;26.4
16;2021-06-15;1865;2624;172313;94681;49.5;27.2
16;2021-06-16;1577;2087;173890;96768;49.9;27.8
16;2021-06-17;2041;2510;175931;99278;50.5;28.5
16;2021-06-18;2062;3220;177993;102498;51.1;29.4
16;2021-06-19;1352;1311;179345;103809;51.5;29.8
16;2021-06-20;243;28;179588;103837;51.6;29.8
16;2021-06-21;1411;2172;180999;106009;52.0;30.4
16;2021-06-22;1673;2942;182672;108951;52.5;31.3
16;2021-06-23;1566;2020;184238;110971;52.9;31.9
16;2021-06-24;1926;2168;186164;113139;53.5;32.5
16;2021-06-25;1983;2726;188147;115865;54.0;33.3
16;2021-06-26;1061;724;189208;116589;54.3;33.5
16;2021-06-27;132;25;189340;116614;54.4;33.5
16;2021-06-28;1164;1965;190504;118579;54.7;34.1
16;2021-06-29;1282;3358;191786;121937;55.1;35.0
16;2021-06-30;1337;2713;193123;124650;55.5;35.8
16;2021-07-01;1862;3158;194985;127808;56.0;36.7
16;2021-07-02;1425;3581;196410;131389;56.4;37.7
16;2021-07-03;695;1111;197105;132500;56.6;38.1
16;2021-07-04;3;15;197108;132515;56.6;38.1
16;2021-07-05;816;2297;197924;134812;56.8;38.7
16;2021-07-06;1278;3367;199202;138179;57.2;39.7
16;2021-07-07;868;2275;200070;140454;57.5;40.3
16;2021-07-08;1234;2737;201304;143191;57.8;41.1
16;2021-07-09;1111;3711;202415;146902;58.1;42.2
16;2021-07-10;338;1339;202753;148241;58.2;42.6
16;2021-07-11;2;13;202755;148254;58.2;42.6
16;2021-07-12;634;2440;203389;150694;58.4;43.3
16;2021-07-13;1390;3532;204779;154226;58.8;44.3
16;2021-07-14;799;877;205578;155103;59.0;44.5
16;2021-07-15;1248;3412;206826;158515;59.4;45.5
16;2021-07-16;1497;3385;208323;161900;59.8;46.5
16;2021-07-17;537;1188;208860;163088;60.0;46.8
16;2021-07-18;14;6;208874;163094;60.0;46.8
16;2021-07-19;619;2856;209493;165950;60.2;47.7
16;2021-07-20;1122;3290;210615;169240;60.5;48.6
16;2021-07-21;1118;2619;211733;171859;60.8;49.4
16;2021-07-22;1870;2864;213603;174723;61.3;50.2
16;2021-07-23;1542;3546;215145;178269;61.8;51.2
16;2021-07-24;638;1212;215783;179481;62.0;51.5
16;2021-07-25;11;11;215794;179492;62.0;51.6
16;2021-07-26;1527;2128;217321;181620;62.4;52.2
16;2021-07-27;1863;2820;219184;184440;63.0;53.0
16;2021-07-28;1858;2321;221042;186761;63.5;53.6
16;2021-07-29;2238;2475;223280;189236;64.1;54.4
16;2021-07-30;2347;3112;225627;192348;64.8;55.2
16;2021-07-31;957;1354;226584;193702;65.1;55.6
16;2021-08-01;188;22;226772;193724;65.1;55.6
16;2021-08-02;2116;1829;228888;195553;65.7;56.2
16;2021-08-03;2108;2340;230996;197893;66.3;56.8
16;2021-08-04;2111;1888;233107;199781;67.0;57.4
16;2021-08-05;2754;1656;235861;201437;67.7;57.9
16;2021-08-06;2504;2363;238365;203800;68.5;58.5
16;2021-08-07;829;559;239194;204359;68.7;58.7
16;2021-08-08;34;37;239228;204396;68.7;58.7
16;2021-08-09;2176;1061;241404;205457;69.3;59.0
16;2021-08-10;2884;1586;244288;207043;70.2;59.5
16;2021-08-11;2594;1235;246882;208278;70.9;59.8
16;2021-08-12;1993;1736;248875;210014;71.5;60.3
16;2021-08-13;2662;1463;251537;211477;72.2;60.7
16;2021-08-14;752;452;252289;211929;72.5;60.9
16;2021-08-15;27;4;252316;211933;72.5;60.9
16;2021-08-16;1333;1582;253649;213515;72.8;61.3
16;2021-08-17;1815;1621;255464;215136;73.4;61.8
16;2021-08-18;1585;1469;257049;216605;73.8;62.2
16;2021-08-19;1511;1774;258560;218379;74.3;62.7
16;2021-08-20;1598;1899;260158;220278;74.7;63.3
16;2021-08-21;556;826;260714;221104;74.9;63.5
16;2021-08-22;4;5;260718;221109;74.9;63.5
16;2021-08-23;986;2063;261704;223172;75.2;64.1
17;2020-12-27;0;0;0;0;0.0;0.0
17;2020-12-28;0;0;0;0;0.0;0.0
17;2020-12-29;0;0;0;0;0.0;0.0
17;2020-12-30;1;0;1;0;0.0;0.0
17;2020-12-31;0;0;1;0;0.0;0.0
17;2021-01-01;1;0;2;0;0.0;0.0
17;2021-01-02;1;0;3;0;0.0;0.0
17;2021-01-03;0;0;3;0;0.0;0.0
17;2021-01-04;56;0;59;0;0.0;0.0
17;2021-01-05;98;0;157;0;0.0;0.0
17;2021-01-06;132;0;289;0;0.0;0.0
17;2021-01-07;485;1;774;1;0.1;0.0
17;2021-01-08;418;0;1192;1;0.2;0.0
17;2021-01-09;0;0;1192;1;0.2;0.0
17;2021-01-10;1;0;1193;1;0.2;0.0
17;2021-01-11;380;1;1573;2;0.2;0.0
17;2021-01-12;746;1;2319;3;0.4;0.0
17;2021-01-13;653;2;2972;5;0.5;0.0
17;2021-01-14;617;9;3589;14;0.6;0.0
17;2021-01-15;680;1;4269;15;0.7;0.0
17;2021-01-16;128;2;4397;17;0.7;0.0
17;2021-01-17;19;0;4416;17;0.7;0.0
17;2021-01-18;887;2;5303;19;0.8;0.0
17;2021-01-19;1910;3;7213;22;1.1;0.0
17;2021-01-20;2394;2;9607;24;1.5;0.0
17;2021-01-21;2498;2;12105;26;1.9;0.0
17;2021-01-22;1883;7;13988;33;2.2;0.0
17;2021-01-23;738;1;14726;34;2.3;0.0
17;2021-01-24;48;0;14774;34;2.3;0.0
17;2021-01-25;1383;5;16157;39;2.5;0.0
17;2021-01-26;2110;3;18267;42;2.8;0.0
17;2021-01-27;1675;33;19942;75;3.1;0.0
17;2021-01-28;2475;230;22417;305;3.5;0.0
17;2021-01-29;1739;221;24156;526;3.7;0.1
17;2021-01-30;528;5;24684;531;3.8;0.1
17;2021-01-31;37;2;24721;533;3.8;0.1
17;2021-02-01;740;210;25461;743;3.9;0.1
17;2021-02-02;1202;348;26663;1091;4.1;0.2
17;2021-02-03;1296;403;27959;1494;4.3;0.2
17;2021-02-04;1160;502;29119;1996;4.5;0.3
17;2021-02-05;603;757;29722;2753;4.6;0.4
17;2021-02-06;22;42;29744;2795;4.6;0.4
17;2021-02-07;31;13;29775;2808;4.6;0.4
17;2021-02-08;706;404;30481;3212;4.7;0.5
17;2021-02-09;1101;1317;31582;4529;4.9;0.7
17;2021-02-10;863;1286;32445;5815;5.0;0.9
17;2021-02-11;1241;1400;33686;7215;5.2;1.1
17;2021-02-12;771;968;34457;8183;5.3;1.3
17;2021-02-13;43;104;34500;8287;5.3;1.3
17;2021-02-14;1;10;34501;8297;5.3;1.3
17;2021-02-15;620;1225;35121;9522;5.4;1.5
17;2021-02-16;749;1831;35870;11353;5.5;1.8
17;2021-02-17;795;1360;36665;12713;5.7;2.0
17;2021-02-18;967;2185;37632;14898;5.8;2.3
17;2021-02-19;1067;1543;38699;16441;6.0;2.5
17;2021-02-20;104;310;38803;16751;6.0;2.6
17;2021-02-21;9;2;38812;16753;6.0;2.6
17;2021-02-22;646;1630;39458;18383;6.1;2.8
17;2021-02-23;781;1535;40239;19918;6.2;3.1
17;2021-02-24;1079;1589;41318;21507;6.4;3.3
17;2021-02-25;1086;1709;42404;23216;6.6;3.6
17;2021-02-26;1307;1296;43711;24512;6.8;3.8
17;2021-02-27;527;247;44238;24759;6.8;3.8
17;2021-02-28;19;9;44257;24768;6.8;3.8
17;2021-03-01;634;1042;44891;25810;6.9;4.0
17;2021-03-02;1094;871;45985;26681;7.1;4.1
17;2021-03-03;1619;799;47604;27480;7.4;4.2
17;2021-03-04;2426;1142;50030;28622;7.7;4.4
17;2021-03-05;2662;680;52692;29302;8.1;4.5
17;2021-03-06;1029;27;53721;29329;8.3;4.5
17;2021-03-07;183;47;53904;29376;8.3;4.5
17;2021-03-08;1014;833;54918;30209;8.5;4.7
17;2021-03-09;1746;615;56664;30824;8.8;4.8
17;2021-03-10;2047;643;58711;31467;9.1;4.9
17;2021-03-11;3227;999;61938;32466;9.6;5.0
17;2021-03-12;3355;625;65293;33091;10.1;5.1
17;2021-03-13;1201;12;66494;33103;10.3;5.1
17;2021-03-14;32;0;66526;33103;10.3;5.1
17;2021-03-15;1241;994;67767;34097;10.5;5.3
17;2021-03-16;893;537;68660;34634;10.6;5.4
17;2021-03-17;1459;704;70119;35338;10.8;5.5
17;2021-03-18;1683;764;71802;36102;11.1;5.6
17;2021-03-19;2096;547;73898;36649;11.4;5.7
17;2021-03-20;1083;56;74981;36705;11.6;5.7
17;2021-03-21;37;43;75018;36748;11.6;5.7
17;2021-03-22;1578;690;76596;37438;11.8;5.8
17;2021-03-23;2492;582;79088;38020;12.2;5.9
17;2021-03-24;3545;856;82633;38876;12.8;6.0
17;2021-03-25;4713;643;87346;39519;13.5;6.1
17;2021-03-26;4943;474;92289;39993;14.3;6.2
17;2021-03-27;1737;69;94026;40062;14.5;6.2
17;2021-03-28;369;45;94395;40107;14.6;6.2
17;2021-03-29;2361;566;96756;40673;15.0;6.3
17;2021-03-30;2655;987;99411;41660;15.4;6.4
17;2021-03-31;3842;904;103253;42564;16.0;6.6
17;2021-04-01;4013;1163;107266;43727;16.6;6.8
17;2021-04-02;3706;834;110972;44561;17.1;6.9
17;2021-04-03;1152;187;112124;44748;17.3;6.9
17;2021-04-04;501;6;112625;44754;17.4;6.9
17;2021-04-05;444;128;113069;44882;17.5;6.9
17;2021-04-06;3480;1028;116549;45910;18.0;7.1
17;2021-04-07;4129;1154;120678;47064;18.6;7.3
17;2021-04-08;4570;1476;125248;48540;19.4;7.5
17;2021-04-09;6494;839;131742;49379;20.4;7.6
17;2021-04-10;2583;66;134325;49445;20.8;7.6
17;2021-04-11;788;16;135113;49461;20.9;7.6
17;2021-04-12;2888;1621;138001;51082;21.3;7.9
17;2021-04-13;4151;1288;142152;52370;22.0;8.1
17;2021-04-14;4420;1207;146572;53577;22.7;8.3
17;2021-04-15;4600;1137;151172;54714;23.4;8.5
17;2021-04-16;4297;1154;155469;55868;24.0;8.6
17;2021-04-17;1682;382;157151;56250;24.3;8.7
17;2021-04-18;472;81;157623;56331;24.4;8.7
17;2021-04-19;2340;2062;159963;58393;24.7;9.0
17;2021-04-20;2926;2553;162889;60946;25.2;9.4
17;2021-04-21;2973;1941;165862;62887;25.6;9.7
17;2021-04-22;3122;2359;168984;65246;26.1;10.1
17;2021-04-23;2446;2728;171430;67974;26.5;10.5
17;2021-04-24;1669;926;173099;68900;26.8;10.6
17;2021-04-25;665;246;173764;69146;26.9;10.7
17;2021-04-26;2578;2627;176342;71773;27.3;11.1
17;2021-04-27;3153;2673;179495;74446;27.7;11.5
17;2021-04-28;3101;2942;182596;77388;28.2;12.0
17;2021-04-29;4149;2863;186745;80251;28.9;12.4
17;2021-04-30;4355;2637;191100;82888;29.5;12.8
17;2021-05-01;848;542;191948;83430;29.7;12.9
17;2021-05-02;553;840;192501;84270;29.7;13.0
17;2021-05-03;2543;2960;195044;87230;30.1;13.5
17;2021-05-04;2318;3728;197362;90958;30.5;14.1
17;2021-05-05;2909;3702;200271;94660;30.9;14.6
17;2021-05-06;4122;3407;204393;98067;31.6;15.2
17;2021-05-07;4354;3631;208747;101698;32.3;15.7
17;2021-05-08;1306;754;210053;102452;32.5;15.8
17;2021-05-09;1309;705;211362;103157;32.7;15.9
17;2021-05-10;2726;3693;214088;106850;33.1;16.5
17;2021-05-11;3501;3998;217589;110848;33.6;17.1
17;2021-05-12;3531;3812;221120;114660;34.2;17.7
17;2021-05-13;2546;693;223666;115353;34.6;17.8
17;2021-05-14;3032;2396;226698;117749;35.0;18.2
17;2021-05-15;2128;663;228826;118412;35.4;18.3
17;2021-05-16;1735;317;230561;118729;35.6;18.3
17;2021-05-17;4289;2000;234850;120729;36.3;18.7
17;2021-05-18;4746;1637;239596;122366;37.0;18.9
17;2021-05-19;5067;1275;244663;123641;37.8;19.1
17;2021-05-20;4944;1950;249607;125591;38.6;19.4
17;2021-05-21;4999;1958;254606;127549;39.3;19.7
17;2021-05-22;2393;533;256999;128082;39.7;19.8
17;2021-05-23;1899;128;258898;128210;40.0;19.8
17;2021-05-24;1426;208;260324;128418;40.2;19.8
17;2021-05-25;4030;1770;264354;130188;40.9;20.1
17;2021-05-26;4367;2043;268721;132231;41.5;20.4
17;2021-05-27;5216;2139;273937;134370;42.3;20.8
17;2021-05-28;4468;3437;278405;137807;43.0;21.3
17;2021-05-29;1560;1707;279965;139514;43.3;21.6
17;2021-05-30;857;410;280822;139924;43.4;21.6
17;2021-05-31;2945;3013;283767;142937;43.9;22.1
17;2021-06-01;4296;2926;288063;145863;44.5;22.5
17;2021-06-02;4201;3176;292264;149039;45.2;23.0
17;2021-06-03;5055;3167;297319;152206;45.9;23.5
17;2021-06-04;4515;3854;301834;156060;46.6;24.1
17;2021-06-05;1991;1603;303825;157663;47.0;24.4
17;2021-06-06;851;733;304676;158396;47.1;24.5
17;2021-06-07;3139;4347;307815;162743;47.6;25.2
17;2021-06-08;3789;4497;311604;167240;48.2;25.8
17;2021-06-09;4346;3054;315950;170294;48.8;26.3
17;2021-06-10;4929;2793;320879;173087;49.6;26.7
17;2021-06-11;4792;3688;325671;176775;50.3;27.3
17;2021-06-12;1812;1404;327483;178179;50.6;27.5
17;2021-06-13;610;414;328093;178593;50.7;27.6
17;2021-06-14;2834;4536;330927;183129;51.1;28.3
17;2021-06-15;3623;4379;334550;187508;51.7;29.0
17;2021-06-16;4132;3692;338682;191200;52.3;29.5
17;2021-06-17;4367;4125;343049;195325;53.0;30.2
17;2021-06-18;4054;4437;347103;199762;53.6;30.9
17;2021-06-19;1449;1989;348552;201751;53.9;31.2
17;2021-06-20;595;1035;349147;202786;54.0;31.3
17;2021-06-21;2563;4374;351710;207160;54.4;32.0
17;2021-06-22;3528;4450;355238;211610;54.9;32.7
17;2021-06-23;3796;3991;359034;215601;55.5;33.3
17;2021-06-24;3599;3959;362633;219560;56.0;33.9
17;2021-06-25;2719;4986;365352;224546;56.5;34.7
17;2021-06-26;906;2335;366258;226881;56.6;35.1
17;2021-06-27;395;1903;366653;228784;56.7;35.4
17;2021-06-28;1523;5418;368176;234202;56.9;36.2
17;2021-06-29;1684;5891;369860;240093;57.2;37.1
17;2021-06-30;2030;5549;371890;245642;57.5;38.0
17;2021-07-01;2265;5558;374155;251200;57.8;38.8
17;2021-07-02;2486;5986;376641;257186;58.2;39.7
17;2021-07-03;627;2546;377268;259732;58.3;40.1
17;2021-07-04;155;1249;377423;260981;58.3;40.3
17;2021-07-05;1890;5180;379313;266161;58.6;41.1
17;2021-07-06;2132;5601;381445;271762;58.9;42.0
17;2021-07-07;2407;5497;383852;277259;59.3;42.8
17;2021-07-08;2914;5439;386766;282698;59.8;43.7
17;2021-07-09;2523;6079;389289;288777;60.2;44.6
17;2021-07-10;828;2473;390117;291250;60.3;45.0
17;2021-07-11;380;907;390497;292157;60.3;45.2
17;2021-07-12;2006;5620;392503;297777;60.7;46.0
17;2021-07-13;2371;6716;394874;304493;61.0;47.1
17;2021-07-14;71;71;394945;304564;61.0;47.1
17;2021-07-15;2192;6858;397137;311422;61.4;48.1
17;2021-07-16;2774;6972;399911;318394;61.8;49.2
17;2021-07-17;1007;2274;400918;320668;62.0;49.6
17;2021-07-18;313;1038;401231;321706;62.0;49.7
17;2021-07-19;2635;5905;403866;327611;62.4;50.6
17;2021-07-20;3313;6316;407179;333927;62.9;51.6
17;2021-07-21;3796;6032;410975;339959;63.5;52.5
17;2021-07-22;4245;6276;415220;346235;64.2;53.5
17;2021-07-23;3827;6566;419047;352801;64.8;54.5
17;2021-07-24;2069;1401;421116;354202;65.1;54.7
17;2021-07-25;1043;415;422159;354617;65.2;54.8
17;2021-07-26;3688;5435;425847;360052;65.8;55.6
17;2021-07-27;4719;5441;430566;365493;66.5;56.5
17;2021-07-28;5210;5178;435776;370671;67.3;57.3
17;2021-07-29;5152;5344;440928;376015;68.1;58.1
17;2021-07-30;5485;5573;446413;381588;69.0;59.0
17;2021-07-31;2108;1212;448521;382800;69.3;59.2
17;2021-08-01;1090;357;449611;383157;69.5;59.2
17;2021-08-02;4601;4391;454212;387548;70.2;59.9
17;2021-08-03;5708;4161;459920;391709;71.1;60.5
17;2021-08-04;6168;3373;466088;395082;72.0;61.1
17;2021-08-05;6349;3154;472437;398236;73.0;61.5
17;2021-08-06;5859;3607;478296;401843;73.9;62.1
17;2021-08-07;1969;864;480265;402707;74.2;62.2
17;2021-08-08;970;219;481235;402926;74.4;62.3
17;2021-08-09;3900;3696;485135;406622;75.0;62.8
17;2021-08-10;5056;3490;490191;410112;75.8;63.4
17;2021-08-11;4892;3809;495083;413921;76.5;64.0
17;2021-08-12;4855;3954;499938;417875;77.3;64.6
17;2021-08-13;4495;4135;504433;422010;78.0;65.2
17;2021-08-14;1227;1381;505660;423391;78.1;65.4
17;2021-08-15;404;376;506064;423767;78.2;65.5
17;2021-08-16;2815;4060;508879;427827;78.6;66.1
17;2021-08-17;3037;4280;511916;432107;79.1;66.8
17;2021-08-18;2614;4546;514530;436653;79.5;67.5
17;2021-08-19;2704;4379;517234;441032;79.9;68.2
17;2021-08-20;2470;5021;519704;446053;80.3;68.9
17;2021-08-21;683;1353;520387;447406;80.4;69.1
17;2021-08-22;216;457;520603;447863;80.5;69.2
17;2021-08-23;1941;4946;522544;452809;80.8;70.0
18;2020-12-27;0;0;0;0;0.0;0.0
18;2020-12-28;0;0;0;0;0.0;0.0
18;2020-12-29;0;0;0;0;0.0;0.0
18;2020-12-30;1;0;1;0;0.0;0.0
18;2020-12-31;0;0;1;0;0.0;0.0
18;2021-01-01;0;0;1;0;0.0;0.0
18;2021-01-02;0;0;1;0;0.0;0.0
18;2021-01-03;0;0;1;0;0.0;0.0
18;2021-01-04;3;0;4;0;0.0;0.0
18;2021-01-05;0;0;4;0;0.0;0.0
18;2021-01-06;1;0;5;0;0.0;0.0
18;2021-01-07;30;1;35;1;0.0;0.0
18;2021-01-08;65;0;100;1;0.0;0.0
18;2021-01-09;225;0;325;1;0.1;0.0
18;2021-01-10;146;0;471;1;0.2;0.0
18;2021-01-11;170;1;641;2;0.2;0.0
18;2021-01-12;372;0;1013;2;0.3;0.0
18;2021-01-13;270;2;1283;4;0.4;0.0
18;2021-01-14;269;2;1552;6;0.5;0.0
18;2021-01-15;332;2;1884;8;0.6;0.0
18;2021-01-16;288;3;2172;11;0.7;0.0
18;2021-01-17;1;0;2173;11;0.7;0.0
18;2021-01-18;290;0;2463;11;0.8;0.0
18;2021-01-19;1374;4;3837;15;1.3;0.0
18;2021-01-20;1239;2;5076;17;1.7;0.0
18;2021-01-21;963;0;6039;17;2.0;0.0
18;2021-01-22;780;2;6819;19;2.3;0.0
18;2021-01-23;249;2;7068;21;2.4;0.0
18;2021-01-24;0;0;7068;21;2.4;0.0
18;2021-01-25;509;0;7577;21;2.6;0.0
18;2021-01-26;395;1;7972;22;2.7;0.0
18;2021-01-27;390;2;8362;24;2.8;0.0
18;2021-01-28;566;8;8928;32;3.0;0.0
18;2021-01-29;492;72;9420;104;3.2;0.0
18;2021-01-30;433;166;9853;270;3.3;0.1
18;2021-01-31;82;121;9935;391;3.4;0.1
18;2021-02-01;328;142;10263;533;3.5;0.2
18;2021-02-02;507;244;10770;777;3.6;0.3
18;2021-02-03;398;204;11168;981;3.8;0.3
18;2021-02-04;630;226;11798;1207;4.0;0.4
18;2021-02-05;449;194;12247;1401;4.1;0.5
18;2021-02-06;283;103;12530;1504;4.2;0.5
18;2021-02-07;108;1;12638;1505;4.3;0.5
18;2021-02-08;268;230;12906;1735;4.4;0.6
18;2021-02-09;583;781;13489;2516;4.6;0.8
18;2021-02-10;740;698;14229;3214;4.8;1.1
18;2021-02-11;655;451;14884;3665;5.0;1.2
18;2021-02-12;502;326;15386;3991;5.2;1.3
18;2021-02-13;286;124;15672;4115;5.3;1.4
18;2021-02-14;364;98;16036;4213;5.4;1.4
18;2021-02-15;379;395;16415;4608;5.5;1.6
18;2021-02-16;399;401;16814;5009;5.7;1.7
18;2021-02-17;403;457;17217;5466;5.8;1.8
18;2021-02-18;344;539;17561;6005;5.9;2.0
18;2021-02-19;471;303;18032;6308;6.1;2.1
18;2021-02-20;721;240;18753;6548;6.3;2.2
18;2021-02-21;316;2;19069;6550;6.4;2.2
18;2021-02-22;217;372;19286;6922;6.5;2.3
18;2021-02-23;204;351;19490;7273;6.6;2.5
18;2021-02-24;240;271;19730;7544;6.7;2.5
18;2021-02-25;293;520;20023;8064;6.8;2.7
18;2021-02-26;582;235;20605;8299;7.0;2.8
18;2021-02-27;510;389;21115;8688;7.1;2.9
18;2021-02-28;7;68;21122;8756;7.1;3.0
18;2021-03-01;236;415;21358;9171;7.2;3.1
18;2021-03-02;284;520;21642;9691;7.3;3.3
18;2021-03-03;346;586;21988;10277;7.4;3.5
18;2021-03-04;475;571;22463;10848;7.6;3.7
18;2021-03-05;524;373;22987;11221;7.8;3.8
18;2021-03-06;1071;344;24058;11565;8.1;3.9
18;2021-03-07;7;140;24065;11705;8.1;3.9
18;2021-03-08;335;362;24400;12067;8.2;4.1
18;2021-03-09;410;369;24810;12436;8.4;4.2
18;2021-03-10;423;454;25233;12890;8.5;4.3
18;2021-03-11;518;422;25751;13312;8.7;4.5
18;2021-03-12;704;304;26455;13616;8.9;4.6
18;2021-03-13;1164;252;27619;13868;9.3;4.7
18;2021-03-14;301;214;27920;14082;9.4;4.8
18;2021-03-15;491;381;28411;14463;9.6;4.9
18;2021-03-16;392;315;28803;14778;9.7;5.0
18;2021-03-17;383;416;29186;15194;9.8;5.1
18;2021-03-18;512;230;29698;15424;10.0;5.2
18;2021-03-19;756;227;30454;15651;10.3;5.3
18;2021-03-20;986;620;31440;16271;10.6;5.5
18;2021-03-21;308;308;31748;16579;10.7;5.6
18;2021-03-22;602;297;32350;16876;10.9;5.7
18;2021-03-23;706;294;33056;17170;11.2;5.8
18;2021-03-24;1052;298;34108;17468;11.5;5.9
18;2021-03-25;1049;298;35157;17766;11.9;6.0
18;2021-03-26;1210;348;36367;18114;12.3;6.1
18;2021-03-27;1489;321;37856;18435;12.8;6.2
18;2021-03-28;215;0;38071;18435;12.8;6.2
18;2021-03-29;1101;198;39172;18633;13.2;6.3
18;2021-03-30;1084;305;40256;18938;13.6;6.4
18;2021-03-31;1305;254;41561;19192;14.0;6.5
18;2021-04-01;1376;346;42937;19538;14.5;6.6
18;2021-04-02;1229;311;44166;19849;14.9;6.7
18;2021-04-03;581;181;44747;20030;15.1;6.8
18;2021-04-04;71;5;44818;20035;15.1;6.8
18;2021-04-05;199;0;45017;20035;15.2;6.8
18;2021-04-06;1026;349;46043;20384;15.5;6.9
18;2021-04-07;1322;363;47365;20747;16.0;7.0
18;2021-04-08;1692;344;49057;21091;16.6;7.1
18;2021-04-09;1833;283;50890;21374;17.2;7.2
18;2021-04-10;2633;651;53523;22025;18.1;7.4
18;2021-04-11;1985;314;55508;22339;18.7;7.5
18;2021-04-12;1402;399;56910;22738;19.2;7.7
18;2021-04-13;1784;469;58694;23207;19.8;7.8
18;2021-04-14;1378;518;60072;23725;20.3;8.0
18;2021-04-15;1532;530;61604;24255;20.8;8.2
18;2021-04-16;1614;591;63218;24846;21.3;8.4
18;2021-04-17;1599;520;64817;25366;21.9;8.6
18;2021-04-18;377;232;65194;25598;22.0;8.6
18;2021-04-19;1316;592;66510;26190;22.4;8.8
18;2021-04-20;1445;710;67955;26900;22.9;9.1
18;2021-04-21;1272;909;69227;27809;23.4;9.4
18;2021-04-22;1403;702;70630;28511;23.8;9.6
18;2021-04-23;1386;734;72016;29245;24.3;9.9
18;2021-04-24;1355;1268;73371;30513;24.8;10.3
18;2021-04-25;288;217;73659;30730;24.9;10.4
18;2021-04-26;1205;951;74864;31681;25.3;10.7
18;2021-04-27;1545;764;76409;32445;25.8;10.9
18;2021-04-28;1357;876;77766;33321;26.2;11.2
18;2021-04-29;1850;735;79616;34056;26.9;11.5
18;2021-04-30;1570;997;81186;35053;27.4;11.8
18;2021-05-01;788;211;81974;35264;27.7;11.9
18;2021-05-02;806;60;82780;35324;27.9;11.9
18;2021-05-03;1627;1009;84407;36333;28.5;12.3
18;2021-05-04;1731;1284;86138;37617;29.1;12.7
18;2021-05-05;1735;1215;87873;38832;29.6;13.1
18;2021-05-06;2163;1364;90036;40196;30.4;13.6
18;2021-05-07;1233;1402;91269;41598;30.8;14.0
18;2021-05-08;994;1466;92263;43064;31.1;14.5
18;2021-05-09;501;2260;92764;45324;31.3;15.3
18;2021-05-10;1158;1509;93922;46833;31.7;15.8
18;2021-05-11;1696;1751;95618;48584;32.3;16.4
18;2021-05-12;1808;1492;97426;50076;32.9;16.9
18;2021-05-13;1061;370;98487;50446;33.2;17.0
18;2021-05-14;1347;946;99834;51392;33.7;17.3
18;2021-05-15;1810;1163;101644;52555;34.3;17.7
18;2021-05-16;538;582;102182;53137;34.5;17.9
18;2021-05-17;1245;1091;103427;54228;34.9;18.3
18;2021-05-18;2148;935;105575;55163;35.6;18.6
18;2021-05-19;2162;918;107737;56081;36.3;18.9
18;2021-05-20;2278;984;110015;57065;37.1;19.3
18;2021-05-21;1497;763;111512;57828;37.6;19.5
18;2021-05-22;1724;1074;113236;58902;38.2;19.9
18;2021-05-23;485;336;113721;59238;38.4;20.0
18;2021-05-24;462;292;114183;59530;38.5;20.1
18;2021-05-25;1844;1064;116027;60594;39.1;20.4
18;2021-05-26;2152;844;118179;61438;39.9;20.7
18;2021-05-27;2208;1232;120387;62670;40.6;21.1
18;2021-05-28;1713;1306;122100;63976;41.2;21.6
18;2021-05-29;2620;1660;124720;65636;42.1;22.1
18;2021-05-30;1484;505;126204;66141;42.6;22.3
18;2021-05-31;1786;694;127990;66835;43.2;22.5
18;2021-06-01;2040;949;130030;67784;43.9;22.9
18;2021-06-02;2009;1022;132039;68806;44.5;23.2
18;2021-06-03;2283;1198;134322;70004;45.3;23.6
18;2021-06-04;1909;1124;136231;71128;46.0;24.0
18;2021-06-05;2802;1449;139033;72577;46.9;24.5
18;2021-06-06;365;381;139398;72958;47.0;24.6
18;2021-06-07;1296;1233;140694;74191;47.5;25.0
18;2021-06-08;1491;1395;142185;75586;48.0;25.5
18;2021-06-09;1328;1067;143513;76653;48.4;25.9
18;2021-06-10;1630;1406;145143;78059;49.0;26.3
18;2021-06-11;1496;1405;146639;79464;49.5;26.8
18;2021-06-12;1244;2512;147883;81976;49.9;27.7
18;2021-06-13;126;262;148009;82238;49.9;27.7
18;2021-06-14;657;1827;148666;84065;50.2;28.4
18;2021-06-15;1093;1822;149759;85887;50.5;29.0
18;2021-06-16;1256;1441;151015;87328;50.9;29.5
18;2021-06-17;1205;1670;152220;88998;51.4;30.0
18;2021-06-18;1292;1666;153512;90664;51.8;30.6
18;2021-06-19;1564;1251;155076;91915;52.3;31.0
18;2021-06-20;246;159;155322;92074;52.4;31.1
18;2021-06-21;665;1601;155987;93675;52.6;31.6
18;2021-06-22;1068;1644;157055;95319;53.0;32.2
18;2021-06-23;944;1641;157999;96960;53.3;32.7
18;2021-06-24;1033;1062;159032;98022;53.7;33.1
18;2021-06-25;893;1744;159925;99766;54.0;33.7
18;2021-06-26;1098;1472;161023;101238;54.3;34.2
18;2021-06-27;30;372;161053;101610;54.3;34.3
18;2021-06-28;421;1924;161474;103534;54.5;34.9
18;2021-06-29;595;2380;162069;105914;54.7;35.7
18;2021-06-30;601;2544;162670;108458;54.9;36.6
18;2021-07-01;961;2156;163631;110614;55.2;37.3
18;2021-07-02;615;1685;164246;112299;55.4;37.9
18;2021-07-03;755;2576;165001;114875;55.7;38.8
18;2021-07-04;164;1033;165165;115908;55.7;39.1
18;2021-07-05;764;1878;165929;117786;56.0;39.7
18;2021-07-06;560;2302;166489;120088;56.2;40.5
18;2021-07-07;767;2115;167256;122203;56.4;41.2
18;2021-07-08;1031;1984;168287;124187;56.8;41.9
18;2021-07-09;704;2308;168991;126495;57.0;42.7
18;2021-07-10;781;3175;169772;129670;57.3;43.7
18;2021-07-11;81;665;169853;130335;57.3;44.0
18;2021-07-12;223;2251;170076;132586;57.4;44.7
18;2021-07-13;619;2907;170695;135493;57.6;45.7
18;2021-07-14;194;937;170889;136430;57.7;46.0
18;2021-07-15;1394;2816;172283;139246;58.1;47.0
18;2021-07-16;1183;2121;173466;141367;58.5;47.7
18;2021-07-17;1129;2474;174595;143841;58.9;48.5
18;2021-07-18;229;332;174824;144173;59.0;48.6
18;2021-07-19;1056;1659;175880;145832;59.3;49.2
18;2021-07-20;1624;2270;177504;148102;59.9;50.0
18;2021-07-21;1902;2064;179406;150166;60.5;50.7
18;2021-07-22;2214;1894;181620;152060;61.3;51.3
18;2021-07-23;1398;1613;183018;153673;61.7;51.8
18;2021-07-24;886;1535;183904;155208;62.0;52.4
18;2021-07-25;189;398;184093;155606;62.1;52.5
18;2021-07-26;1398;1508;185491;157114;62.6;53.0
18;2021-07-27;1823;1539;187314;158653;63.2;53.5
18;2021-07-28;2197;1797;189511;160450;63.9;54.1
18;2021-07-29;2140;1819;191651;162269;64.7;54.7
18;2021-07-30;1580;1344;193231;163613;65.2;55.2
18;2021-07-31;1235;1283;194466;164896;65.6;55.6
18;2021-08-01;90;34;194556;164930;65.6;55.6
18;2021-08-02;1408;765;195964;165695;66.1;55.9
18;2021-08-03;1710;1623;197674;167318;66.7;56.4
18;2021-08-04;2412;1101;200086;168419;67.5;56.8
18;2021-08-05;1520;1244;201606;169663;68.0;57.2
18;2021-08-06;1576;1142;203182;170805;68.5;57.6
18;2021-08-07;608;762;203790;171567;68.8;57.9
18;2021-08-08;48;60;203838;171627;68.8;57.9
18;2021-08-09;1102;873;204940;172500;69.1;58.2
18;2021-08-10;1204;1509;206144;174009;69.5;58.7
18;2021-08-11;1603;1501;207747;175510;70.1;59.2
18;2021-08-12;1548;1594;209295;177104;70.6;59.8
18;2021-08-13;1081;1167;210376;178271;71.0;60.1
18;2021-08-14;757;602;211133;178873;71.2;60.3
18;2021-08-15;35;17;211168;178890;71.2;60.4
18;2021-08-16;825;1200;211993;180090;71.5;60.8
18;2021-08-17;978;1995;212971;182085;71.9;61.4
18;2021-08-18;1152;1956;214123;184041;72.2;62.1
18;2021-08-19;1088;1609;215211;185650;72.6;62.6
18;2021-08-20;911;1756;216122;187406;72.9;63.2
18;2021-08-21;420;703;216542;188109;73.1;63.5
18;2021-08-22;21;73;216563;188182;73.1;63.5
18;2021-08-23;483;1678;217046;189860;73.2;64.1
19;2020-12-27;0;0;0;0;0.0;0.0
19;2020-12-28;0;0;0;0;0.0;0.0
19;2020-12-29;1;0;1;0;0.0;0.0
19;2020-12-30;0;0;1;0;0.0;0.0
19;2020-12-31;0;0;1;0;0.0;0.0
19;2021-01-01;0;0;1;0;0.0;0.0
19;2021-01-02;0;0;1;0;0.0;0.0
19;2021-01-03;0;0;1;0;0.0;0.0
19;2021-01-04;0;0;1;0;0.0;0.0
19;2021-01-05;0;0;1;0;0.0;0.0
19;2021-01-06;0;0;1;0;0.0;0.0
19;2021-01-07;343;1;344;1;0.1;0.0
19;2021-01-08;247;1;591;2;0.2;0.0
19;2021-01-09;1;0;592;2;0.2;0.0
19;2021-01-10;1;0;593;2;0.2;0.0
19;2021-01-11;38;0;631;2;0.3;0.0
19;2021-01-12;415;1;1046;3;0.4;0.0
19;2021-01-13;424;2;1470;5;0.6;0.0
19;2021-01-14;475;1;1945;6;0.8;0.0
19;2021-01-15;225;0;2170;6;0.9;0.0
19;2021-01-16;0;0;2170;6;0.9;0.0
19;2021-01-17;1;0;2171;6;0.9;0.0
19;2021-01-18;251;1;2422;7;1.0;0.0
19;2021-01-19;519;0;2941;7;1.2;0.0
19;2021-01-20;922;4;3863;11;1.6;0.0
19;2021-01-21;506;3;4369;14;1.8;0.0
19;2021-01-22;1317;4;5686;18;2.4;0.0
19;2021-01-23;281;0;5967;18;2.5;0.0
19;2021-01-24;36;0;6003;18;2.5;0.0
19;2021-01-25;233;0;6236;18;2.6;0.0
19;2021-01-26;607;4;6843;22;2.8;0.0
19;2021-01-27;334;3;7177;25;3.0;0.0
19;2021-01-28;297;251;7474;276;3.1;0.1
19;2021-01-29;347;60;7821;336;3.3;0.1
19;2021-01-30;130;24;7951;360;3.3;0.1
19;2021-01-31;41;0;7992;360;3.3;0.1
19;2021-02-01;158;95;8150;455;3.4;0.2
19;2021-02-02;303;429;8453;884;3.5;0.4
19;2021-02-03;284;244;8737;1128;3.6;0.5
19;2021-02-04;255;375;8992;1503;3.7;0.6
19;2021-02-05;310;76;9302;1579;3.9;0.7
19;2021-02-06;211;2;9513;1581;4.0;0.7
19;2021-02-07;48;2;9561;1583;4.0;0.7
19;2021-02-08;177;150;9738;1733;4.1;0.7
19;2021-02-09;333;275;10071;2008;4.2;0.8
19;2021-02-10;517;295;10588;2303;4.4;1.0
19;2021-02-11;412;321;11000;2624;4.6;1.1
19;2021-02-12;797;1166;11797;3790;4.9;1.6
19;2021-02-13;352;184;12149;3974;5.1;1.7
19;2021-02-14;98;13;12247;3987;5.1;1.7
19;2021-02-15;200;246;12447;4233;5.2;1.8
19;2021-02-16;386;172;12833;4405;5.3;1.8
19;2021-02-17;306;469;13139;4874;5.5;2.0
19;2021-02-18;174;510;13313;5384;5.5;2.2
19;2021-02-19;469;301;13782;5685;5.7;2.4
19;2021-02-20;133;209;13915;5894;5.8;2.5
19;2021-02-21;20;40;13935;5934;5.8;2.5
19;2021-02-22;220;210;14155;6144;5.9;2.6
19;2021-02-23;268;345;14423;6489;6.0;2.7
19;2021-02-24;361;209;14784;6698;6.2;2.8
19;2021-02-25;519;383;15303;7081;6.4;2.9
19;2021-02-26;395;318;15698;7399;6.5;3.1
19;2021-02-27;348;162;16046;7561;6.7;3.1
19;2021-02-28;68;36;16114;7597;6.7;3.2
19;2021-03-01;266;221;16380;7818;6.8;3.3
19;2021-03-02;428;259;16808;8077;7.0;3.4
19;2021-03-03;691;338;17499;8415;7.3;3.5
19;2021-03-04;826;352;18325;8767;7.6;3.6
19;2021-03-05;891;736;19216;9503;8.0;4.0
19;2021-03-06;1072;216;20288;9719;8.4;4.0
19;2021-03-07;463;37;20751;9756;8.6;4.1
19;2021-03-08;638;163;21389;9919;8.9;4.1
19;2021-03-09;836;246;22225;10165;9.2;4.2
19;2021-03-10;1155;320;23380;10485;9.7;4.4
19;2021-03-11;1274;309;24654;10794;10.3;4.5
19;2021-03-12;1137;405;25791;11199;10.7;4.7
19;2021-03-13;1111;168;26902;11367;11.2;4.7
19;2021-03-14;160;84;27062;11451;11.3;4.8
19;2021-03-15;699;137;27761;11588;11.6;4.8
19;2021-03-16;688;303;28449;11891;11.8;4.9
19;2021-03-17;839;280;29288;12171;12.2;5.1
19;2021-03-18;767;283;30055;12454;12.5;5.2
19;2021-03-19;1014;488;31069;12942;12.9;5.4
19;2021-03-20;782;131;31851;13073;13.3;5.4
19;2021-03-21;128;4;31979;13077;13.3;5.4
19;2021-03-22;548;176;32527;13253;13.5;5.5
19;2021-03-23;1044;232;33571;13485;14.0;5.6
19;2021-03-24;1171;373;34742;13858;14.5;5.8
19;2021-03-25;1189;415;35931;14273;15.0;5.9
19;2021-03-26;1323;277;37254;14550;15.5;6.1
19;2021-03-27;854;189;38108;14739;15.9;6.1
19;2021-03-28;63;60;38171;14799;15.9;6.2
19;2021-03-29;612;177;38783;14976;16.1;6.2
19;2021-03-30;971;344;39754;15320;16.5;6.4
19;2021-03-31;1157;498;40911;15818;17.0;6.6
19;2021-04-01;1491;427;42402;16245;17.6;6.8
19;2021-04-02;1007;525;43409;16770;18.1;7.0
19;2021-04-03;597;283;44006;17053;18.3;7.1
19;2021-04-04;130;3;44136;17056;18.4;7.1
19;2021-04-05;40;75;44176;17131;18.4;7.1
19;2021-04-06;735;603;44911;17734;18.7;7.4
19;2021-04-07;978;732;45889;18466;19.1;7.7
19;2021-04-08;1116;1018;47005;19484;19.6;8.1
19;2021-04-09;1642;612;48647;20096;20.2;8.4
19;2021-04-10;946;557;49593;20653;20.6;8.6
19;2021-04-11;558;74;50151;20727;20.9;8.6
19;2021-04-12;681;521;50832;21248;21.2;8.8
19;2021-04-13;915;578;51747;21826;21.5;9.1
19;2021-04-14;1334;843;53081;22669;22.1;9.4
19;2021-04-15;1229;873;54310;23542;22.6;9.8
19;2021-04-16;1505;821;55815;24363;23.2;10.1
19;2021-04-17;761;478;56576;24841;23.5;10.3
19;2021-04-18;661;69;57237;24910;23.8;10.4
19;2021-04-19;730;439;57967;25349;24.1;10.5
19;2021-04-20;979;748;58946;26097;24.5;10.9
19;2021-04-21;1271;700;60217;26797;25.1;11.1
19;2021-04-22;1190;898;61407;27695;25.6;11.5
19;2021-04-23;1128;1020;62535;28715;26.0;11.9
19;2021-04-24;679;675;63214;29390;26.3;12.2
19;2021-04-25;675;69;63889;29459;26.6;12.3
19;2021-04-26;1056;331;64945;29790;27.0;12.4
19;2021-04-27;1028;569;65973;30359;27.5;12.6
19;2021-04-28;1553;555;67526;30914;28.1;12.9
19;2021-04-29;1453;1195;68979;32109;28.7;13.4
19;2021-04-30;1876;1059;70855;33168;29.5;13.8
19;2021-05-01;670;169;71525;33337;29.8;13.9
19;2021-05-02;550;152;72075;33489;30.0;13.9
19;2021-05-03;854;547;72929;34036;30.3;14.2
19;2021-05-04;1025;708;73954;34744;30.8;14.5
19;2021-05-05;1255;741;75209;35485;31.3;14.8
19;2021-05-06;1127;1198;76336;36683;31.8;15.3
19;2021-05-07;1664;1191;78000;37874;32.5;15.8
19;2021-05-08;712;207;78712;38081;32.8;15.8
19;2021-05-09;487;545;79199;38626;33.0;16.1
19;2021-05-10;1164;670;80363;39296;33.4;16.4
19;2021-05-11;1640;859;82003;40155;34.1;16.7
19;2021-05-12;1945;1318;83948;41473;34.9;17.3
19;2021-05-13;571;242;84519;41715;35.2;17.4
19;2021-05-14;1646;987;86165;42702;35.9;17.8
19;2021-05-15;1443;591;87608;43293;36.5;18.0
19;2021-05-16;350;82;87958;43375;36.6;18.0
19;2021-05-17;1498;559;89456;43934;37.2;18.3
19;2021-05-18;1671;498;91127;44432;37.9;18.5
19;2021-05-19;2009;832;93136;45264;38.8;18.8
19;2021-05-20;1722;889;94858;46153;39.5;19.2
19;2021-05-21;1964;815;96822;46968;40.3;19.5
19;2021-05-22;1272;652;98094;47620;40.8;19.8
19;2021-05-23;324;131;98418;47751;41.0;19.9
19;2021-05-24;139;46;98557;47797;41.0;19.9
19;2021-05-25;1503;492;100060;48289;41.6;20.1
19;2021-05-26;1926;667;101986;48956;42.4;20.4
19;2021-05-27;1787;833;103773;49789;43.2;20.7
19;2021-05-28;1937;990;105710;50779;44.0;21.1
19;2021-05-29;1375;705;107085;51484;44.6;21.4
19;2021-05-30;191;497;107276;51981;44.6;21.6
19;2021-05-31;1199;537;108475;52518;45.1;21.9
19;2021-06-01;1283;886;109758;53404;45.7;22.2
19;2021-06-02;1817;958;111575;54362;46.4;22.6
19;2021-06-03;1447;1252;113022;55614;47.0;23.1
19;2021-06-04;1848;1357;114870;56971;47.8;23.7
19;2021-06-05;1210;814;116080;57785;48.3;24.0
19;2021-06-06;87;649;116167;58434;48.3;24.3
19;2021-06-07;922;934;117089;59368;48.7;24.7
19;2021-06-08;1104;907;118193;60275;49.2;25.1
19;2021-06-09;1329;1463;119522;61738;49.7;25.7
19;2021-06-10;1284;1581;120806;63319;50.3;26.3
19;2021-06-11;1315;1917;122121;65236;50.8;27.1
19;2021-06-12;1357;1317;123478;66553;51.4;27.7
19;2021-06-13;543;423;124021;66976;51.6;27.9
19;2021-06-14;736;1017;124757;67993;51.9;28.3
19;2021-06-15;979;1144;125736;69137;52.3;28.8
19;2021-06-16;1223;1363;126959;70500;52.8;29.3
19;2021-06-17;869;1792;127828;72292;53.2;30.1
19;2021-06-18;1057;2136;128885;74428;53.6;31.0
19;2021-06-19;919;1302;129804;75730;54.0;31.5
19;2021-06-20;395;327;130199;76057;54.2;31.6
19;2021-06-21;500;1075;130699;77132;54.4;32.1
19;2021-06-22;698;1490;131397;78622;54.7;32.7
19;2021-06-23;743;1985;132140;80607;55.0;33.5
19;2021-06-24;687;1663;132827;82270;55.3;34.2
19;2021-06-25;562;2216;133389;84486;55.5;35.2
19;2021-06-26;471;1739;133860;86225;55.7;35.9
19;2021-06-27;289;445;134149;86670;55.8;36.1
19;2021-06-28;315;1500;134464;88170;55.9;36.7
19;2021-06-29;354;1892;134818;90062;56.1;37.5
19;2021-06-30;795;2152;135613;92214;56.4;38.4
19;2021-07-01;361;2320;135974;94534;56.6;39.3
19;2021-07-02;781;2318;136755;96852;56.9;40.3
19;2021-07-03;513;1740;137268;98592;57.1;41.0
19;2021-07-04;1;73;137269;98665;57.1;41.1
19;2021-07-05;600;1015;137869;99680;57.4;41.5
19;2021-07-06;506;1541;138375;101221;57.6;42.1
19;2021-07-07;705;2045;139080;103266;57.9;43.0
19;2021-07-08;770;2148;139850;105414;58.2;43.9
19;2021-07-09;716;2660;140566;108074;58.5;45.0
19;2021-07-10;587;1709;141153;109783;58.7;45.7
19;2021-07-11;45;212;141198;109995;58.8;45.8
19;2021-07-12;447;1489;141645;111484;58.9;46.4
19;2021-07-13;681;1828;142326;113312;59.2;47.1
19;2021-07-14;202;273;142528;113585;59.3;47.3
19;2021-07-15;871;2050;143399;115635;59.7;48.1
19;2021-07-16;1229;2446;144628;118081;60.2;49.1
19;2021-07-17;702;1718;145330;119799;60.5;49.8
19;2021-07-18;363;672;145693;120471;60.6;50.1
19;2021-07-19;968;1405;146661;121876;61.0;50.7
19;2021-07-20;967;1675;147628;123551;61.4;51.4
19;2021-07-21;1082;1713;148710;125264;61.9;52.1
19;2021-07-22;1390;1855;150100;127119;62.5;52.9
19;2021-07-23;1780;1991;151880;129110;63.2;53.7
19;2021-07-24;907;1752;152787;130862;63.6;54.4
19;2021-07-25;163;512;152950;131374;63.6;54.7
19;2021-07-26;910;909;153860;132283;64.0;55.0
19;2021-07-27;1421;1115;155281;133398;64.6;55.5
19;2021-07-28;2041;1225;157322;134623;65.5;56.0
19;2021-07-29;1616;1203;158938;135826;66.1;56.5
19;2021-07-30;1904;1020;160842;136846;66.9;56.9
19;2021-07-31;1127;1016;161969;137862;67.4;57.4
19;2021-08-01;347;373;162316;138235;67.5;57.5
19;2021-08-02;1141;807;163457;139042;68.0;57.9
19;2021-08-03;1446;1050;164903;140092;68.6;58.3
19;2021-08-04;1973;761;166876;140853;69.4;58.6
19;2021-08-05;1620;952;168496;141805;70.1;59.0
19;2021-08-06;1959;1213;170455;143018;70.9;59.5
19;2021-08-07;1328;995;171783;144013;71.5;59.9
19;2021-08-08;184;232;171967;144245;71.6;60.0
19;2021-08-09;999;786;172966;145031;72.0;60.3
19;2021-08-10;1278;1008;174244;146039;72.5;60.8
19;2021-08-11;1346;1004;175590;147043;73.1;61.2
19;2021-08-12;1016;1278;176606;148321;73.5;61.7
19;2021-08-13;1168;1277;177774;149598;74.0;62.2
19;2021-08-14;974;1160;178748;150758;74.4;62.7
19;2021-08-15;30;54;178778;150812;74.4;62.8
19;2021-08-16;590;1026;179368;151838;74.6;63.2
19;2021-08-17;616;1166;179984;153004;74.9;63.7
19;2021-08-18;626;980;180610;153984;75.1;64.1
19;2021-08-19;435;1259;181045;155243;75.3;64.6
19;2021-08-20;858;1927;181903;157170;75.7;65.4
19;2021-08-21;487;1373;182390;158543;75.9;66.0
19;2021-08-22;52;93;182442;158636;75.9;66.0
19;2021-08-23;222;1157;182664;159793;76.0;66.5
21;2020-12-27;4;0;4;0;0.0;0.0
21;2020-12-28;2;0;6;0;0.0;0.0
21;2020-12-29;19;0;25;0;0.0;0.0
21;2020-12-30;22;0;47;0;0.0;0.0
21;2020-12-31;0;0;47;0;0.0;0.0
21;2021-01-01;0;0;47;0;0.0;0.0
21;2021-01-02;1;0;48;0;0.0;0.0
21;2021-01-03;1;0;49;0;0.0;0.0
21;2021-01-04;22;0;71;0;0.0;0.0
21;2021-01-05;250;2;321;2;0.1;0.0
21;2021-01-06;300;0;621;2;0.1;0.0
21;2021-01-07;387;0;1008;2;0.2;0.0
21;2021-01-08;455;2;1463;4;0.3;0.0
21;2021-01-09;252;0;1715;4;0.3;0.0
21;2021-01-10;1;0;1716;4;0.3;0.0
21;2021-01-11;624;1;2340;5;0.4;0.0
21;2021-01-12;655;0;2995;5;0.6;0.0
21;2021-01-13;703;2;3698;7;0.7;0.0
21;2021-01-14;1188;6;4886;13;0.9;0.0
21;2021-01-15;716;5;5602;18;1.1;0.0
21;2021-01-16;162;0;5764;18;1.1;0.0
21;2021-01-17;5;0;5769;18;1.1;0.0
21;2021-01-18;1317;5;7086;23;1.3;0.0
21;2021-01-19;1366;2;8452;25;1.6;0.0
21;2021-01-20;1296;45;9748;70;1.8;0.0
21;2021-01-21;1540;3;11288;73;2.1;0.0
21;2021-01-22;1244;5;12532;78;2.4;0.0
21;2021-01-23;487;0;13019;78;2.4;0.0
21;2021-01-24;123;0;13142;78;2.5;0.0
21;2021-01-25;926;18;14068;96;2.6;0.0
21;2021-01-26;1542;146;15610;242;2.9;0.0
21;2021-01-27;2044;156;17654;398;3.3;0.1
21;2021-01-28;1450;227;19104;625;3.6;0.1
21;2021-01-29;1023;212;20127;837;3.8;0.2
21;2021-01-30;469;31;20596;868;3.9;0.2
21;2021-01-31;97;3;20693;871;3.9;0.2
21;2021-02-01;452;287;21145;1158;4.0;0.2
21;2021-02-02;455;442;21600;1600;4.1;0.3
21;2021-02-03;442;282;22042;1882;4.1;0.4
21;2021-02-04;417;546;22459;2428;4.2;0.5
21;2021-02-05;489;524;22948;2952;4.3;0.6
21;2021-02-06;154;223;23102;3175;4.3;0.6
21;2021-02-07;2;2;23104;3177;4.3;0.6
21;2021-02-08;433;391;23537;3568;4.4;0.7
21;2021-02-09;514;522;24051;4090;4.5;0.8
21;2021-02-10;461;583;24512;4673;4.6;0.9
21;2021-02-11;484;753;24996;5426;4.7;1.0
21;2021-02-12;356;938;25352;6364;4.8;1.2
21;2021-02-13;360;321;25712;6685;4.8;1.3
21;2021-02-14;240;149;25952;6834;4.9;1.3
21;2021-02-15;120;1410;26072;8244;4.9;1.5
21;2021-02-16;206;1571;26278;9815;4.9;1.8
21;2021-02-17;398;1984;26676;11799;5.0;2.2
21;2021-02-18;603;1355;27279;13154;5.1;2.5
21;2021-02-19;216;1137;27495;14291;5.2;2.7
21;2021-02-20;122;429;27617;14720;5.2;2.8
21;2021-02-21;1;83;27618;14803;5.2;2.8
21;2021-02-22;83;775;27701;15578;5.2;2.9
21;2021-02-23;169;1041;27870;16619;5.2;3.1
21;2021-02-24;226;745;28096;17364;5.3;3.3
21;2021-02-25;646;830;28742;18194;5.4;3.4
21;2021-02-26;926;717;29668;18911;5.6;3.5
21;2021-02-27;535;302;30203;19213;5.7;3.6
21;2021-02-28;24;135;30227;19348;5.7;3.6
21;2021-03-01;679;630;30906;19978;5.8;3.7
21;2021-03-02;1055;554;31961;20532;6.0;3.9
21;2021-03-03;1164;440;33125;20972;6.2;3.9
21;2021-03-04;1683;518;34808;21490;6.5;4.0
21;2021-03-05;2197;663;37005;22153;6.9;4.2
21;2021-03-06;1592;195;38597;22348;7.2;4.2
21;2021-03-07;4;16;38601;22364;7.2;4.2
21;2021-03-08;772;447;39373;22811;7.4;4.3
21;2021-03-09;1570;569;40943;23380;7.7;4.4
21;2021-03-10;1626;562;42569;23942;8.0;4.5
21;2021-03-11;2192;693;44761;24635;8.4;4.6
21;2021-03-12;2904;437;47665;25072;8.9;4.7
21;2021-03-13;1932;187;49597;25259;9.3;4.7
21;2021-03-14;38;49;49635;25308;9.3;4.7
21;2021-03-15;1413;86;51048;25394;9.6;4.8
21;2021-03-16;1879;152;52927;25546;9.9;4.8
21;2021-03-17;1808;112;54735;25658;10.3;4.8
21;2021-03-18;2124;265;56859;25923;10.7;4.9
21;2021-03-19;1963;145;58822;26068;11.0;4.9
21;2021-03-20;1228;38;60050;26106;11.3;4.9
21;2021-03-21;2;0;60052;26106;11.3;4.9
21;2021-03-22;1556;90;61608;26196;11.6;4.9
21;2021-03-23;2695;102;64303;26298;12.1;4.9
21;2021-03-24;2890;161;67193;26459;12.6;5.0
21;2021-03-25;3731;240;70924;26699;13.3;5.0
21;2021-03-26;3656;205;74580;26904;14.0;5.0
21;2021-03-27;1731;59;76311;26963;14.3;5.1
21;2021-03-28;200;37;76511;27000;14.4;5.1
21;2021-03-29;1789;517;78300;27517;14.7;5.2
21;2021-03-30;2347;806;80647;28323;15.1;5.3
21;2021-03-31;2718;653;83365;28976;15.6;5.4
21;2021-04-01;2691;719;86056;29695;16.1;5.6
21;2021-04-02;2247;740;88303;30435;16.6;5.7
21;2021-04-03;1018;279;89321;30714;16.8;5.8
21;2021-04-04;2;12;89323;30726;16.8;5.8
21;2021-04-05;9;0;89332;30726;16.8;5.8
21;2021-04-06;1360;1137;90692;31863;17.0;6.0
21;2021-04-07;1750;969;92442;32832;17.3;6.2
21;2021-04-08;3214;1141;95656;33973;18.0;6.4
21;2021-04-09;3481;1188;99137;35161;18.6;6.6
21;2021-04-10;1377;742;100514;35903;18.9;6.7
21;2021-04-11;145;3;100659;35906;18.9;6.7
21;2021-04-12;1116;1347;101775;37253;19.1;7.0
21;2021-04-13;1655;1784;103430;39037;19.4;7.3
21;2021-04-14;1483;1470;104913;40507;19.7;7.6
21;2021-04-15;1904;1594;106817;42101;20.0;7.9
21;2021-04-16;2322;1314;109139;43415;20.5;8.1
21;2021-04-17;1018;970;110157;44385;20.7;8.3
21;2021-04-18;15;4;110172;44389;20.7;8.3
21;2021-04-19;1110;1323;111282;45712;20.9;8.6
21;2021-04-20;1240;1833;112522;47545;21.1;8.9
21;2021-04-21;1095;1721;113617;49266;21.3;9.2
21;2021-04-22;1275;2215;114892;51481;21.6;9.7
21;2021-04-23;1983;1726;116875;53207;21.9;10.0
21;2021-04-24;1002;872;117877;54079;22.1;10.1
21;2021-04-25;9;168;117886;54247;22.1;10.2
21;2021-04-26;1013;1598;118899;55845;22.3;10.5
21;2021-04-27;1839;1940;120738;57785;22.7;10.8
21;2021-04-28;2231;2225;122969;60010;23.1;11.3
21;2021-04-29;3137;2268;126106;62278;23.7;11.7
21;2021-04-30;3559;1865;129665;64143;24.3;12.0
21;2021-05-01;962;227;130627;64370;24.5;12.1
21;2021-05-02;2;5;130629;64375;24.5;12.1
21;2021-05-03;2081;1350;132710;65725;24.9;12.3
21;2021-05-04;2577;1652;135287;67377;25.4;12.6
21;2021-05-05;2248;1691;137535;69068;25.8;13.0
21;2021-05-06;3014;2243;140549;71311;26.4;13.4
21;2021-05-07;2805;2186;143354;73497;26.9;13.8
21;2021-05-08;1068;270;144422;73767;27.1;13.8
21;2021-05-09;26;177;144448;73944;27.1;13.9
21;2021-05-10;3170;1732;147618;75676;27.7;14.2
21;2021-05-11;4917;2009;152535;77685;28.6;14.6
21;2021-05-12;4804;1749;157339;79434;29.5;14.9
21;2021-05-13;3846;364;161185;79798;30.2;15.0
21;2021-05-14;5201;1471;166386;81269;31.2;15.3
21;2021-05-15;3429;650;169815;81919;31.9;15.4
21;2021-05-16;49;4;169864;81923;31.9;15.4
21;2021-05-17;4130;1260;173994;83183;32.7;15.6
21;2021-05-18;4360;1505;178354;84688;33.5;15.9
21;2021-05-19;3471;1132;181825;85820;34.1;16.1
21;2021-05-20;3899;1358;185724;87178;34.9;16.4
21;2021-05-21;3625;2157;189349;89335;35.5;16.8
21;2021-05-22;1669;770;191018;90105;35.8;16.9
21;2021-05-23;4;17;191022;90122;35.8;16.9
21;2021-05-24;1817;266;192839;90388;36.2;17.0
21;2021-05-25;2648;1968;195487;92356;36.7;17.3
21;2021-05-26;2604;1998;198091;94354;37.2;17.7
21;2021-05-27;4014;2110;202105;96464;37.9;18.1
21;2021-05-28;3572;2831;205677;99295;38.6;18.6
21;2021-05-29;1929;1467;207606;100762;39.0;18.9
21;2021-05-30;98;13;207704;100775;39.0;18.9
21;2021-05-31;2502;1783;210206;102558;39.4;19.2
21;2021-06-01;3454;2258;213660;104816;40.1;19.7
21;2021-06-02;2618;1765;216278;106581;40.6;20.0
21;2021-06-03;3147;2080;219425;108661;41.2;20.4
21;2021-06-04;3282;2590;222707;111251;41.8;20.9
21;2021-06-05;2924;1653;225631;112904;42.3;21.2
21;2021-06-06;51;85;225682;112989;42.4;21.2
21;2021-06-07;4315;1352;229997;114341;43.2;21.5
21;2021-06-08;4941;2144;234938;116485;44.1;21.9
21;2021-06-09;4502;1627;239440;118112;44.9;22.2
21;2021-06-10;3934;2598;243374;120710;45.7;22.7
21;2021-06-11;4167;3111;247541;123821;46.5;23.2
21;2021-06-12;2198;1608;249739;125429;46.9;23.5
21;2021-06-13;29;11;249768;125440;46.9;23.5
21;2021-06-14;2198;2568;251966;128008;47.3;24.0
21;2021-06-15;2961;3095;254927;131103;47.8;24.6
21;2021-06-16;2854;2614;257781;133717;48.4;25.1
21;2021-06-17;3421;3045;261202;136762;49.0;25.7
21;2021-06-18;2426;3801;263628;140563;49.5;26.4
21;2021-06-19;2044;1863;265672;142426;49.9;26.7
21;2021-06-20;26;13;265698;142439;49.9;26.7
21;2021-06-21;1843;3412;267541;145851;50.2;27.4
21;2021-06-22;1881;5832;269422;151683;50.6;28.5
21;2021-06-23;2029;5014;271451;156697;50.9;29.4
21;2021-06-24;2365;4665;273816;161362;51.4;30.3
21;2021-06-25;1530;5899;275346;167261;51.7;31.4
21;2021-06-26;1441;3901;276787;171162;51.9;32.1
21;2021-06-27;18;125;276805;171287;51.9;32.1
21;2021-06-28;1398;4020;278203;175307;52.2;32.9
21;2021-06-29;1636;4181;279839;179488;52.5;33.7
21;2021-06-30;1568;3376;281407;182864;52.8;34.3
21;2021-07-01;1665;4150;283072;187014;53.1;35.1
21;2021-07-02;2176;4230;285248;191244;53.5;35.9
21;2021-07-03;1093;2101;286341;193345;53.7;36.3
21;2021-07-04;37;55;286378;193400;53.7;36.3
21;2021-07-05;1608;3627;287986;197027;54.0;37.0
21;2021-07-06;1347;3587;289333;200614;54.3;37.6
21;2021-07-07;1455;3242;290788;203856;54.6;38.3
21;2021-07-08;1879;4158;292667;208014;54.9;39.0
21;2021-07-09;2084;4352;294751;212366;55.3;39.9
21;2021-07-10;1089;2544;295840;214910;55.5;40.3
21;2021-07-11;21;74;295861;214984;55.5;40.3
21;2021-07-12;1658;3727;297519;218711;55.8;41.0
21;2021-07-13;2342;4899;299861;223610;56.3;42.0
21;2021-07-14;2873;2015;302734;225625;56.8;42.3
21;2021-07-15;3812;4558;306546;230183;57.5;43.2
21;2021-07-16;3883;5252;310429;235435;58.3;44.2
21;2021-07-17;2773;4170;313202;239605;58.8;45.0
21;2021-07-18;157;82;313359;239687;58.8;45.0
21;2021-07-19;2377;4625;315736;244312;59.3;45.8
21;2021-07-20;2757;5490;318493;249802;59.8;46.9
21;2021-07-21;2903;4790;321396;254592;60.3;47.8
21;2021-07-22;3015;4724;324411;259316;60.9;48.7
21;2021-07-23;4351;4890;328762;264206;61.7;49.6
21;2021-07-24;3037;3015;331799;267221;62.3;50.1
21;2021-07-25;68;40;331867;267261;62.3;50.2
21;2021-07-26;2662;3590;334529;270851;62.8;50.8
21;2021-07-27;3405;3778;337934;274629;63.4;51.5
21;2021-07-28;3566;3347;341500;277976;64.1;52.2
21;2021-07-29;4118;3371;345618;281347;64.9;52.8
21;2021-07-30;4596;3345;350214;284692;65.7;53.4
21;2021-07-31;3418;2368;353632;287060;66.4;53.9
21;2021-08-01;330;57;353962;287117;66.4;53.9
21;2021-08-02;2526;3161;356488;290278;66.9;54.5
21;2021-08-03;2601;2766;359089;293044;67.4;55.0
21;2021-08-04;2352;2481;361441;295525;67.8;55.5
21;2021-08-05;2193;3082;363634;298607;68.2;56.0
21;2021-08-06;2563;3299;366197;301906;68.7;56.7
21;2021-08-07;1887;2654;368084;304560;69.1;57.2
21;2021-08-08;74;68;368158;304628;69.1;57.2
21;2021-08-09;1628;2928;369786;307556;69.4;57.7
21;2021-08-10;1396;2712;371182;310268;69.7;58.2
21;2021-08-11;1647;2445;372829;312713;70.0;58.7
21;2021-08-12;1142;2421;373971;315134;70.2;59.1
21;2021-08-13;1486;2740;375457;317874;70.5;59.7
21;2021-08-14;837;2429;376294;320303;70.6;60.1
21;2021-08-15;51;63;376345;320366;70.6;60.1
21;2021-08-16;1388;2819;377733;323185;70.9;60.6
21;2021-08-17;1195;2774;378928;325959;71.1;61.2
21;2021-08-18;1018;2870;379946;328829;71.3;61.7
21;2021-08-19;950;3064;380896;331893;71.5;62.3
21;2021-08-20;1043;4187;381939;336080;71.7;63.1
21;2021-08-21;829;3138;382768;339218;71.8;63.7
21;2021-08-22;31;116;382799;339334;71.8;63.7
21;2021-08-23;857;3208;383656;342542;72.0;64.3
22;2020-12-27;0;0;0;0;0.0;0.0
22;2020-12-28;0;0;0;0;0.0;0.0
22;2020-12-29;0;0;0;0;0.0;0.0
22;2020-12-30;0;0;0;0;0.0;0.0
22;2020-12-31;0;0;0;0;0.0;0.0
22;2021-01-01;0;0;0;0;0.0;0.0
22;2021-01-02;2;0;2;0;0.0;0.0
22;2021-01-03;0;0;2;0;0.0;0.0
22;2021-01-04;5;0;7;0;0.0;0.0
22;2021-01-05;61;0;68;0;0.0;0.0
22;2021-01-06;114;1;182;1;0.0;0.0
22;2021-01-07;67;0;249;1;0.0;0.0
22;2021-01-08;174;0;423;1;0.1;0.0
22;2021-01-09;1;0;424;1;0.1;0.0
22;2021-01-10;0;0;424;1;0.1;0.0
22;2021-01-11;234;3;658;4;0.1;0.0
22;2021-01-12;627;0;1285;4;0.2;0.0
22;2021-01-13;676;1;1961;5;0.3;0.0
22;2021-01-14;716;8;2677;13;0.4;0.0
22;2021-01-15;529;2;3206;15;0.5;0.0
22;2021-01-16;96;0;3302;15;0.6;0.0
22;2021-01-17;1;0;3303;15;0.6;0.0
22;2021-01-18;311;1;3614;16;0.6;0.0
22;2021-01-19;687;1;4301;17;0.7;0.0
22;2021-01-20;598;0;4899;17;0.8;0.0
22;2021-01-21;947;1;5846;18;1.0;0.0
22;2021-01-22;839;2;6685;20;1.1;0.0
22;2021-01-23;219;0;6904;20;1.2;0.0
22;2021-01-24;1;0;6905;20;1.2;0.0
22;2021-01-25;748;10;7653;30;1.3;0.0
22;2021-01-26;1016;59;8669;89;1.5;0.0
22;2021-01-27;3858;111;12527;200;2.1;0.0
22;2021-01-28;4512;84;17039;284;2.9;0.0
22;2021-01-29;1898;129;18937;413;3.2;0.1
22;2021-01-30;287;0;19224;413;3.2;0.1
22;2021-01-31;3;0;19227;413;3.2;0.1
22;2021-02-01;641;81;19868;494;3.3;0.1
22;2021-02-02;903;436;20771;930;3.5;0.2
22;2021-02-03;690;504;21461;1434;3.6;0.2
22;2021-02-04;965;636;22426;2070;3.8;0.3
22;2021-02-05;721;563;23147;2633;3.9;0.4
22;2021-02-06;251;0;23398;2633;3.9;0.4
22;2021-02-07;0;0;23398;2633;3.9;0.4
22;2021-02-08;531;133;23929;2766;4.0;0.5
22;2021-02-09;614;344;24543;3110;4.1;0.5
22;2021-02-10;425;201;24968;3311;4.2;0.6
22;2021-02-11;1086;325;26054;3636;4.4;0.6
22;2021-02-12;594;329;26648;3965;4.5;0.7
22;2021-02-13;319;78;26967;4043;4.5;0.7
22;2021-02-14;0;5;26967;4048;4.5;0.7
22;2021-02-15;672;428;27639;4476;4.6;0.8
22;2021-02-16;1042;704;28681;5180;4.8;0.9
22;2021-02-17;1202;2462;29883;7642;5.0;1.3
22;2021-02-18;2141;3008;32024;10650;5.4;1.8
22;2021-02-19;1637;1946;33661;12596;5.6;2.1
22;2021-02-20;479;214;34140;12810;5.7;2.1
22;2021-02-21;6;49;34146;12859;5.7;2.2
22;2021-02-22;403;721;34549;13580;5.8;2.3
22;2021-02-23;664;932;35213;14512;5.9;2.4
22;2021-02-24;695;944;35908;15456;6.0;2.6
22;2021-02-25;1201;1207;37109;16663;6.2;2.8
22;2021-02-26;1066;711;38175;17374;6.4;2.9
22;2021-02-27;564;286;38739;17660;6.5;3.0
22;2021-02-28;16;8;38755;17668;6.5;3.0
22;2021-03-01;958;524;39713;18192;6.7;3.1
22;2021-03-02;1205;877;40918;19069;6.9;3.2
22;2021-03-03;1325;861;42243;19930;7.1;3.3
22;2021-03-04;1600;930;43843;20860;7.4;3.5
22;2021-03-05;2107;808;45950;21668;7.7;3.6
22;2021-03-06;1113;298;47063;21966;7.9;3.7
22;2021-03-07;219;1;47282;21967;7.9;3.7
22;2021-03-08;1291;659;48573;22626;8.1;3.8
22;2021-03-09;1824;755;50397;23381;8.5;3.9
22;2021-03-10;1988;1003;52385;24384;8.8;4.1
22;2021-03-11;2374;1654;54759;26038;9.2;4.4
22;2021-03-12;3102;962;57861;27000;9.7;4.5
22;2021-03-13;1716;294;59577;27294;10.0;4.6
22;2021-03-14;245;23;59822;27317;10.0;4.6
22;2021-03-15;1620;566;61442;27883;10.3;4.7
22;2021-03-16;1601;854;63043;28737;10.6;4.8
22;2021-03-17;2649;704;65692;29441;11.0;4.9
22;2021-03-18;2553;1111;68245;30552;11.4;5.1
22;2021-03-19;3282;799;71527;31351;12.0;5.3
22;2021-03-20;2208;285;73735;31636;12.4;5.3
22;2021-03-21;16;0;73751;31636;12.4;5.3
22;2021-03-22;2364;364;76115;32000;12.8;5.4
22;2021-03-23;3143;786;79258;32786;13.3;5.5
22;2021-03-24;3485;685;82743;33471;13.9;5.6
22;2021-03-25;3962;606;86705;34077;14.5;5.7
22;2021-03-26;4003;484;90708;34561;15.2;5.8
22;2021-03-27;2088;180;92796;34741;15.6;5.8
22;2021-03-28;67;1;92863;34742;15.6;5.8
22;2021-03-29;2766;911;95629;35653;16.0;6.0
22;2021-03-30;3568;1155;99197;36808;16.6;6.2
22;2021-03-31;3675;1088;102872;37896;17.3;6.4
22;2021-04-01;4943;1127;107815;39023;18.1;6.5
22;2021-04-02;4392;1038;112207;40061;18.8;6.7
22;2021-04-03;1997;403;114204;40464;19.2;6.8
22;2021-04-04;37;0;114241;40464;19.2;6.8
22;2021-04-05;15;0;114256;40464;19.2;6.8
22;2021-04-06;3289;1139;117545;41603;19.7;7.0
22;2021-04-07;3429;1367;120974;42970;20.3;7.2
22;2021-04-08;4448;1322;125422;44292;21.0;7.4
22;2021-04-09;5184;1356;130606;45648;21.9;7.7
22;2021-04-10;2445;366;133051;46014;22.3;7.7
22;2021-04-11;485;10;133536;46024;22.4;7.7
22;2021-04-12;2986;1003;136522;47027;22.9;7.9
22;2021-04-13;3321;1516;139843;48543;23.5;8.1
22;2021-04-14;3168;2488;143011;51031;24.0;8.6
22;2021-04-15;3599;2436;146610;53467;24.6;9.0
22;2021-04-16;3632;2489;150242;55956;25.2;9.4
22;2021-04-17;1918;1787;152160;57743;25.5;9.7
22;2021-04-18;17;0;152177;57743;25.5;9.7
22;2021-04-19;3021;2149;155198;59892;26.0;10.0
22;2021-04-20;3308;2794;158506;62686;26.6;10.5
22;2021-04-21;3224;2731;161730;65417;27.1;11.0
22;2021-04-22;3592;3131;165322;68548;27.7;11.5
22;2021-04-23;3729;3173;169051;71721;28.4;12.0
22;2021-04-24;2004;1962;171055;73683;28.7;12.4
22;2021-04-25;17;0;171072;73683;28.7;12.4
22;2021-04-26;3213;2853;174285;76536;29.2;12.8
22;2021-04-27;3372;3143;177657;79679;29.8;13.4
22;2021-04-28;3489;3153;181146;82832;30.4;13.9
22;2021-04-29;4081;3272;185227;86104;31.1;14.4
22;2021-04-30;3905;3228;189132;89332;31.7;15.0
22;2021-05-01;60;69;189192;89401;31.7;15.0
22;2021-05-02;1237;60;190429;89461;31.9;15.0
22;2021-05-03;2031;2710;192460;92171;32.3;15.5
22;2021-05-04;2155;2900;194615;95071;32.6;15.9
22;2021-05-05;2052;3007;196667;98078;33.0;16.5
22;2021-05-06;2509;3496;199176;101574;33.4;17.0
22;2021-05-07;2831;3409;202007;104983;33.9;17.6
22;2021-05-08;45;121;202052;105104;33.9;17.6
22;2021-05-09;600;436;202652;105540;34.0;17.7
22;2021-05-10;4473;2730;207125;108270;34.7;18.2
22;2021-05-11;5105;2904;212230;111174;35.6;18.6
22;2021-05-12;6598;1023;218828;112197;36.7;18.8
22;2021-05-13;528;35;219356;112232;36.8;18.8
22;2021-05-14;6408;1086;225764;113318;37.9;19.0
22;2021-05-15;3987;428;229751;113746;38.5;19.1
22;2021-05-16;419;36;230170;113782;38.6;19.1
22;2021-05-17;5669;518;235839;114300;39.6;19.2
22;2021-05-18;6010;949;241849;115249;40.6;19.3
22;2021-05-19;6131;708;247980;115957;41.6;19.4
22;2021-05-20;6585;1375;254565;117332;42.7;19.7
22;2021-05-21;5897;1460;260462;118792;43.7;19.9
22;2021-05-22;4091;773;264553;119565;44.4;20.1
22;2021-05-23;407;16;264960;119581;44.4;20.1
22;2021-05-24;5310;222;270270;119803;45.3;20.1
22;2021-05-25;5637;1179;275907;120982;46.3;20.3
22;2021-05-26;4222;2811;280129;123793;47.0;20.8
22;2021-05-27;4506;3840;284635;127633;47.7;21.4
22;2021-05-28;4384;4438;289019;132071;48.5;22.2
22;2021-05-29;3046;1770;292065;133841;49.0;22.4
22;2021-05-30;19;7;292084;133848;49.0;22.5
22;2021-05-31;3655;3155;295739;137003;49.6;23.0
22;2021-06-01;3522;3691;299261;140694;50.2;23.6
22;2021-06-02;3085;3386;302346;144080;50.7;24.2
22;2021-06-03;3197;4101;305543;148181;51.2;24.9
22;2021-06-04;3373;4546;308916;152727;51.8;25.6
22;2021-06-05;3542;2025;312458;154752;52.4;26.0
22;2021-06-06;214;30;312672;154782;52.4;26.0
22;2021-06-07;3043;3257;315715;158039;53.0;26.5
22;2021-06-08;2797;3530;318512;161569;53.4;27.1
22;2021-06-09;2542;3508;321054;165077;53.9;27.7
22;2021-06-10;2517;4252;323571;169329;54.3;28.4
22;2021-06-11;2552;4228;326123;173557;54.7;29.1
22;2021-06-12;2414;1455;328537;175012;55.1;29.4
22;2021-06-13;133;1093;328670;176105;55.1;29.5
22;2021-06-14;2641;2469;331311;178574;55.6;30.0
22;2021-06-15;3096;2999;334407;181573;56.1;30.5
22;2021-06-16;3007;2813;337414;184386;56.6;30.9
22;2021-06-17;2565;3181;339979;187567;57.0;31.5
22;2021-06-18;3099;4114;343078;191681;57.5;32.2
22;2021-06-19;2985;1454;346063;193135;58.0;32.4
22;2021-06-20;155;8;346218;193143;58.1;32.4
22;2021-06-21;1779;5021;347997;198164;58.4;33.2
22;2021-06-22;2401;5554;350398;203718;58.8;34.2
22;2021-06-23;1282;6204;351680;209922;59.0;35.2
22;2021-06-24;2576;3914;354256;213836;59.4;35.9
22;2021-06-25;1564;6814;355820;220650;59.7;37.0
22;2021-06-26;784;3856;356604;224506;59.8;37.7
22;2021-06-27;4;512;356608;225018;59.8;37.7
22;2021-06-28;1051;5585;357659;230603;60.0;38.7
22;2021-06-29;1375;5956;359034;236559;60.2;39.7
22;2021-06-30;1129;5739;360163;242298;60.4;40.6
22;2021-07-01;1377;6039;361540;248337;60.6;41.7
22;2021-07-02;1710;6092;363250;254429;60.9;42.7
22;2021-07-03;1005;3818;364255;258247;61.1;43.3
22;2021-07-04;149;364;364404;258611;61.1;43.4
22;2021-07-05;1592;5802;365996;264413;61.4;44.4
22;2021-07-06;2307;5996;368303;270409;61.8;45.4
22;2021-07-07;2289;4931;370592;275340;62.2;46.2
22;2021-07-08;2502;5096;373094;280436;62.6;47.0
22;2021-07-09;2496;5383;375590;285819;63.0;47.9
22;2021-07-10;1809;3356;377399;289175;63.3;48.5
22;2021-07-11;484;72;377883;289247;63.4;48.5
22;2021-07-12;2327;4733;380210;293980;63.8;49.3
22;2021-07-13;3776;5054;383986;299034;64.4;50.2
22;2021-07-14;698;2496;384684;301530;64.5;50.6
22;2021-07-15;3855;4623;388539;306153;65.2;51.4
22;2021-07-16;3821;5290;392360;311443;65.8;52.2
22;2021-07-17;2548;3412;394908;314855;66.2;52.8
22;2021-07-18;567;87;395475;314942;66.3;52.8
22;2021-07-19;2756;4107;398231;319049;66.8;53.5
22;2021-07-20;3886;4133;402117;323182;67.4;54.2
22;2021-07-21;3972;3410;406089;326592;68.1;54.8
22;2021-07-22;4836;3703;410925;330295;68.9;55.4
22;2021-07-23;4429;4220;415354;334515;69.7;56.1
22;2021-07-24;2249;2614;417603;337129;70.0;56.5
22;2021-07-25;118;150;417721;337279;70.1;56.6
22;2021-07-26;3009;3921;420730;341200;70.6;57.2
22;2021-07-27;3687;4916;424417;346116;71.2;58.1
22;2021-07-28;3669;3651;428086;349767;71.8;58.7
22;2021-07-29;4262;3779;432348;353546;72.5;59.3
22;2021-07-30;4011;3975;436359;357521;73.2;60.0
22;2021-07-31;2380;2802;438739;360323;73.6;60.4
22;2021-08-01;115;152;438854;360475;73.6;60.5
22;2021-08-02;4626;2541;443480;363016;74.4;60.9
22;2021-08-03;4745;3425;448225;366441;75.2;61.5
22;2021-08-04;5720;2492;453945;368933;76.1;61.9
22;2021-08-05;4092;3802;458037;372735;76.8;62.5
22;2021-08-06;3624;3814;461661;376549;77.4;63.2
22;2021-08-07;2322;2264;463983;378813;77.8;63.5
22;2021-08-08;420;70;464403;378883;77.9;63.6
22;2021-08-09;2701;2701;467104;381584;78.3;64.0
22;2021-08-10;2692;3505;469796;385089;78.8;64.6
22;2021-08-11;2384;3117;472180;388206;79.2;65.1
22;2021-08-12;2152;3478;474332;391684;79.6;65.7
22;2021-08-13;1866;2974;476198;394658;79.9;66.2
22;2021-08-14;1317;1912;477515;396570;80.1;66.5
22;2021-08-15;85;198;477600;396768;80.1;66.6
22;2021-08-16;1462;3179;479062;399947;80.4;67.1
22;2021-08-17;1729;3456;480791;403403;80.6;67.7
22;2021-08-18;1399;3306;482190;406709;80.9;68.2
22;2021-08-19;1302;3608;483492;410317;81.1;68.8
22;2021-08-20;1441;3595;484933;413912;81.3;69.4
22;2021-08-21;796;2254;485729;416166;81.5;69.8
22;2021-08-22;149;308;485878;416474;81.5;69.9
22;2021-08-23;1944;3605;487822;420079;81.8;70.5
23;2020-12-27;0;0;0;0;0.0;0.0
23;2020-12-28;1;0;1;0;0.0;0.0
23;2020-12-29;0;0;1;0;0.0;0.0
23;2020-12-30;0;0;1;0;0.0;0.0
23;2020-12-31;0;0;1;0;0.0;0.0
23;2021-01-01;0;0;1;0;0.0;0.0
23;2021-01-02;1;0;2;0;0.0;0.0
23;2021-01-03;0;0;2;0;0.0;0.0
23;2021-01-04;1;0;3;0;0.0;0.0
23;2021-01-05;3;0;6;0;0.0;0.0
23;2021-01-06;10;0;16;0;0.0;0.0
23;2021-01-07;116;1;132;1;0.1;0.0
23;2021-01-08;117;0;249;1;0.2;0.0
23;2021-01-09;36;0;285;1;0.2;0.0
23;2021-01-10;1;0;286;1;0.2;0.0
23;2021-01-11;176;1;462;2;0.4;0.0
23;2021-01-12;234;3;696;5;0.6;0.0
23;2021-01-13;308;0;1004;5;0.9;0.0
23;2021-01-14;292;5;1296;10;1.1;0.0
23;2021-01-15;334;5;1630;15;1.4;0.0
23;2021-01-16;163;1;1793;16;1.5;0.0
23;2021-01-17;0;0;1793;16;1.5;0.0
23;2021-01-18;342;3;2135;19;1.8;0.0
23;2021-01-19;497;2;2632;21;2.3;0.0
23;2021-01-20;362;1;2994;22;2.6;0.0
23;2021-01-21;698;1;3692;23;3.2;0.0
23;2021-01-22;479;0;4171;23;3.6;0.0
23;2021-01-23;368;1;4539;24;3.9;0.0
23;2021-01-24;0;0;4539;24;3.9;0.0
23;2021-01-25;382;17;4921;41;4.2;0.0
23;2021-01-26;301;5;5222;46;4.5;0.0
23;2021-01-27;228;3;5450;49;4.7;0.0
23;2021-01-28;232;46;5682;95;4.9;0.1
23;2021-01-29;303;103;5985;198;5.1;0.2
23;2021-01-30;100;28;6085;226;5.2;0.2
23;2021-01-31;2;33;6087;259;5.2;0.2
23;2021-02-01;148;106;6235;365;5.4;0.3
23;2021-02-02;157;122;6392;487;5.5;0.4
23;2021-02-03;105;208;6497;695;5.6;0.6
23;2021-02-04;78;265;6575;960;5.7;0.8
23;2021-02-05;117;312;6692;1272;5.8;1.1
23;2021-02-06;14;168;6706;1440;5.8;1.2
23;2021-02-07;1;0;6707;1440;5.8;1.2
23;2021-02-08;125;218;6832;1658;5.9;1.4
23;2021-02-09;85;295;6917;1953;5.9;1.7
23;2021-02-10;91;281;7008;2234;6.0;1.9
23;2021-02-11;244;587;7252;2821;6.2;2.4
23;2021-02-12;174;284;7426;3105;6.4;2.7
23;2021-02-13;8;191;7434;3296;6.4;2.8
23;2021-02-14;8;0;7442;3296;6.4;2.8
23;2021-02-15;157;367;7599;3663;6.5;3.2
23;2021-02-16;103;441;7702;4104;6.6;3.5
23;2021-02-17;65;493;7767;4597;6.7;4.0
23;2021-02-18;142;370;7909;4967;6.8;4.3
23;2021-02-19;109;253;8018;5220;6.9;4.5
23;2021-02-20;2;93;8020;5313;6.9;4.6
23;2021-02-21;0;0;8020;5313;6.9;4.6
23;2021-02-22;104;212;8124;5525;7.0;4.8
23;2021-02-23;109;219;8233;5744;7.1;4.9
23;2021-02-24;176;168;8409;5912;7.2;5.1
23;2021-02-25;183;109;8592;6021;7.4;5.2
23;2021-02-26;287;168;8879;6189;7.6;5.3
23;2021-02-27;112;11;8991;6200;7.7;5.3
23;2021-02-28;1;31;8992;6231;7.7;5.4
23;2021-03-01;88;201;9080;6432;7.8;5.5
23;2021-03-02;229;132;9309;6564;8.0;5.6
23;2021-03-03;133;90;9442;6654;8.1;5.7
23;2021-03-04;307;138;9749;6792;8.4;5.8
23;2021-03-05;517;111;10266;6903;8.8;5.9
23;2021-03-06;494;7;10760;6910;9.3;5.9
23;2021-03-07;313;3;11073;6913;9.5;5.9
23;2021-03-08;197;73;11270;6986;9.7;6.0
23;2021-03-09;421;102;11691;7088;10.1;6.1
23;2021-03-10;348;39;12039;7127;10.4;6.1
23;2021-03-11;325;47;12364;7174;10.6;6.2
23;2021-03-12;618;33;12982;7207;11.2;6.2
23;2021-03-13;287;12;13269;7219;11.4;6.2
23;2021-03-14;47;34;13316;7253;11.5;6.2
23;2021-03-15;220;125;13536;7378;11.6;6.3
23;2021-03-16;192;90;13728;7468;11.8;6.4
23;2021-03-17;131;101;13859;7569;11.9;6.5
23;2021-03-18;193;98;14052;7667;12.1;6.6
23;2021-03-19;205;121;14257;7788;12.3;6.7
23;2021-03-20;631;37;14888;7825;12.8;6.7
23;2021-03-21;128;0;15016;7825;12.9;6.7
23;2021-03-22;274;157;15290;7982;13.2;6.9
23;2021-03-23;504;106;15794;8088;13.6;7.0
23;2021-03-24;423;124;16217;8212;13.9;7.1
23;2021-03-25;819;188;17036;8400;14.7;7.2
23;2021-03-26;735;195;17771;8595;15.3;7.4
23;2021-03-27;505;48;18276;8643;15.7;7.4
23;2021-03-28;3;9;18279;8652;15.7;7.4
23;2021-03-29;358;111;18637;8763;16.0;7.5
23;2021-03-30;537;177;19174;8940;16.5;7.7
23;2021-03-31;411;175;19585;9115;16.8;7.8
23;2021-04-01;600;170;20185;9285;17.4;8.0
23;2021-04-02;498;298;20683;9583;17.8;8.2
23;2021-04-03;715;44;21398;9627;18.4;8.3
23;2021-04-04;4;0;21402;9627;18.4;8.3
23;2021-04-05;2;3;21404;9630;18.4;8.3
23;2021-04-06;382;294;21786;9924;18.7;8.5
23;2021-04-07;706;308;22492;10232;19.3;8.8
23;2021-04-08;803;235;23295;10467;20.0;9.0
23;2021-04-09;939;367;24234;10834;20.8;9.3
23;2021-04-10;1097;110;25331;10944;21.8;9.4
23;2021-04-11;21;2;25352;10946;21.8;9.4
23;2021-04-12;692;235;26044;11181;22.4;9.6
23;2021-04-13;669;302;26713;11483;23.0;9.9
23;2021-04-14;586;178;27299;11661;23.5;10.0
23;2021-04-15;930;184;28229;11845;24.3;10.2
23;2021-04-16;902;210;29131;12055;25.1;10.4
23;2021-04-17;995;551;30126;12606;25.9;10.8
23;2021-04-18;3;136;30129;12742;25.9;11.0
23;2021-04-19;612;297;30741;13039;26.4;11.2
23;2021-04-20;721;291;31462;13330;27.1;11.5
23;2021-04-21;733;396;32195;13726;27.7;11.8
23;2021-04-22;657;475;32852;14201;28.3;12.2
23;2021-04-23;595;344;33447;14545;28.8;12.5
23;2021-04-24;855;448;34302;14993;29.5;12.9
23;2021-04-25;0;0;34302;14993;29.5;12.9
23;2021-04-26;615;252;34917;15245;30.0;13.1
23;2021-04-27;675;427;35592;15672;30.6;13.5
23;2021-04-28;628;277;36220;15949;31.2;13.7
23;2021-04-29;883;380;37103;16329;31.9;14.0
23;2021-04-30;719;787;37822;17116;32.5;14.7
23;2021-05-01;1229;41;39051;17157;33.6;14.8
23;2021-05-02;14;0;39065;17157;33.6;14.8
23;2021-05-03;431;520;39496;17677;34.0;15.2
23;2021-05-04;617;512;40113;18189;34.5;15.6
23;2021-05-05;538;711;40651;18900;35.0;16.3
23;2021-05-06;727;701;41378;19601;35.6;16.9
23;2021-05-07;683;642;42061;20243;36.2;17.4
23;2021-05-08;1409;587;43470;20830;37.4;17.9
23;2021-05-09;3;0;43473;20830;37.4;17.9
23;2021-05-10;555;656;44028;21486;37.9;18.5
23;2021-05-11;561;764;44589;22250;38.3;19.1
23;2021-05-12;720;662;45309;22912;39.0;19.7
23;2021-05-13;537;56;45846;22968;39.4;19.8
23;2021-05-14;788;459;46634;23427;40.1;20.1
23;2021-05-15;994;234;47628;23661;41.0;20.4
23;2021-05-16;0;0;47628;23661;41.0;20.4
23;2021-05-17;568;449;48196;24110;41.5;20.7
23;2021-05-18;777;292;48973;24402;42.1;21.0
23;2021-05-19;1050;258;50023;24660;43.0;21.2
23;2021-05-20;837;316;50860;24976;43.7;21.5
23;2021-05-21;1106;311;51966;25287;44.7;21.7
23;2021-05-22;739;125;52705;25412;45.3;21.9
23;2021-05-23;3;20;52708;25432;45.3;21.9
23;2021-05-24;362;165;53070;25597;45.6;22.0
23;2021-05-25;905;336;53975;25933;46.4;22.3
23;2021-05-26;1077;227;55052;26160;47.3;22.5
23;2021-05-27;932;435;55984;26595;48.1;22.9
23;2021-05-28;781;743;56765;27338;48.8;23.5
23;2021-05-29;638;1100;57403;28438;49.4;24.5
23;2021-05-30;6;63;57409;28501;49.4;24.5
23;2021-05-31;433;540;57842;29041;49.7;25.0
23;2021-06-01;583;828;58425;29869;50.2;25.7
23;2021-06-02;624;521;59049;30390;50.8;26.1
23;2021-06-03;707;551;59756;30941;51.4;26.6
23;2021-06-04;779;614;60535;31555;52.1;27.1
23;2021-06-05;545;777;61080;32332;52.5;27.8
23;2021-06-06;0;0;61080;32332;52.5;27.8
23;2021-06-07;393;697;61473;33029;52.9;28.4
23;2021-06-08;322;776;61795;33805;53.1;29.1
23;2021-06-09;286;649;62081;34454;53.4;29.6
23;2021-06-10;373;692;62454;35146;53.7;30.2
23;2021-06-11;383;808;62837;35954;54.0;30.9
23;2021-06-12;377;1265;63214;37219;54.4;32.0
23;2021-06-13;13;5;63227;37224;54.4;32.0
23;2021-06-14;235;590;63462;37814;54.6;32.5
23;2021-06-15;230;861;63692;38675;54.8;33.3
23;2021-06-16;362;581;64054;39256;55.1;33.8
23;2021-06-17;339;810;64393;40066;55.4;34.5
23;2021-06-18;356;767;64749;40833;55.7;35.1
23;2021-06-19;490;1522;65239;42355;56.1;36.4
23;2021-06-20;2;11;65241;42366;56.1;36.4
23;2021-06-21;205;620;65446;42986;56.3;37.0
23;2021-06-22;216;686;65662;43672;56.5;37.6
23;2021-06-23;221;750;65883;44422;56.7;38.2
23;2021-06-24;200;606;66083;45028;56.8;38.7
23;2021-06-25;303;816;66386;45844;57.1;39.4
23;2021-06-26;222;999;66608;46843;57.3;40.3
23;2021-06-27;3;0;66611;46843;57.3;40.3
23;2021-06-28;115;693;66726;47536;57.4;40.9
23;2021-06-29;189;823;66915;48359;57.6;41.6
23;2021-06-30;168;944;67083;49303;57.7;42.4
23;2021-07-01;168;870;67251;50173;57.8;43.2
23;2021-07-02;192;1070;67443;51243;58.0;44.1
23;2021-07-03;250;979;67693;52222;58.2;44.9
23;2021-07-04;1;0;67694;52222;58.2;44.9
23;2021-07-05;159;805;67853;53027;58.4;45.6
23;2021-07-06;214;1043;68067;54070;58.5;46.5
23;2021-07-07;210;852;68277;54922;58.7;47.2
23;2021-07-08;254;739;68531;55661;58.9;47.9
23;2021-07-09;274;1012;68805;56673;59.2;48.7
23;2021-07-10;234;644;69039;57317;59.4;49.3
23;2021-07-11;0;0;69039;57317;59.4;49.3
23;2021-07-12;232;702;69271;58019;59.6;49.9
23;2021-07-13;471;917;69742;58936;60.0;50.7
23;2021-07-14;212;320;69954;59256;60.2;51.0
23;2021-07-15;478;811;70432;60067;60.6;51.7
23;2021-07-16;765;569;71197;60636;61.2;52.2
23;2021-07-17;220;478;71417;61114;61.4;52.6
23;2021-07-18;0;1;71417;61115;61.4;52.6
23;2021-07-19;703;630;72120;61745;62.0;53.1
23;2021-07-20;633;567;72753;62312;62.6;53.6
23;2021-07-21;701;635;73454;62947;63.2;54.1
23;2021-07-22;943;437;74397;63384;64.0;54.5
23;2021-07-23;841;505;75238;63889;64.7;54.9
23;2021-07-24;1009;440;76247;64329;65.6;55.3
23;2021-07-25;11;16;76258;64345;65.6;55.3
23;2021-07-26;787;567;77045;64912;66.3;55.8
23;2021-07-27;926;436;77971;65348;67.1;56.2
23;2021-07-28;876;415;78847;65763;67.8;56.6
23;2021-07-29;1046;401;79893;66164;68.7;56.9
23;2021-07-30;942;523;80835;66687;69.5;57.4
23;2021-07-31;1163;306;81998;66993;70.5;57.6
23;2021-08-01;18;8;82016;67001;70.5;57.6
23;2021-08-02;663;506;82679;67507;71.1;58.1
23;2021-08-03;735;460;83414;67967;71.7;58.5
23;2021-08-04;607;297;84021;68264;72.3;58.7
23;2021-08-05;684;365;84705;68629;72.9;59.0
23;2021-08-06;416;484;85121;69113;73.2;59.4
23;2021-08-07;290;189;85411;69302;73.5;59.6
23;2021-08-08;143;38;85554;69340;73.6;59.6
23;2021-08-09;490;492;86044;69832;74.0;60.1
23;2021-08-10;439;610;86483;70442;74.4;60.6
23;2021-08-11;426;489;86909;70931;74.7;61.0
23;2021-08-12;510;568;87419;71499;75.2;61.5
23;2021-08-13;414;577;87833;72076;75.5;62.0
23;2021-08-14;287;390;88120;72466;75.8;62.3
23;2021-08-15;27;9;88147;72475;75.8;62.3
23;2021-08-16;270;713;88417;73188;76.0;62.9
23;2021-08-17;276;729;88693;73917;76.3;63.6
23;2021-08-18;178;636;88871;74553;76.4;64.1
23;2021-08-19;257;727;89128;75280;76.7;64.7
23;2021-08-20;212;683;89340;75963;76.8;65.3
23;2021-08-21;130;499;89470;76462;77.0;65.8
23;2021-08-22;53;48;89523;76510;77.0;65.8
23;2021-08-23;147;818;89670;77328;77.1;66.5
24;2020-12-27;0;0;0;0;0.0;0.0
24;2020-12-28;1;0;1;0;0.0;0.0
24;2020-12-29;2;0;3;0;0.0;0.0
24;2020-12-30;1;0;4;0;0.0;0.0
24;2020-12-31;1;0;5;0;0.0;0.0
24;2021-01-01;0;0;5;0;0.0;0.0
24;2021-01-02;0;0;5;0;0.0;0.0
24;2021-01-03;0;0;5;0;0.0;0.0
24;2021-01-04;1;0;6;0;0.0;0.0
24;2021-01-05;1;0;7;0;0.0;0.0
24;2021-01-06;0;0;7;0;0.0;0.0
24;2021-01-07;190;0;197;0;0.0;0.0
24;2021-01-08;281;0;478;0;0.1;0.0
24;2021-01-09;185;0;663;0;0.2;0.0
24;2021-01-10;35;0;698;0;0.2;0.0
24;2021-01-11;269;0;967;0;0.2;0.0
24;2021-01-12;281;0;1248;0;0.3;0.0
24;2021-01-13;233;1;1481;1;0.4;0.0
24;2021-01-14;1013;15;2494;16;0.6;0.0
24;2021-01-15;605;6;3099;22;0.8;0.0
24;2021-01-16;87;0;3186;22;0.8;0.0
24;2021-01-17;2;1;3188;23;0.8;0.0
24;2021-01-18;300;0;3488;23;0.9;0.0
24;2021-01-19;467;1;3955;24;1.0;0.0
24;2021-01-20;553;0;4508;24;1.1;0.0
24;2021-01-21;645;5;5153;29;1.3;0.0
24;2021-01-22;514;1;5667;30;1.4;0.0
24;2021-01-23;151;1;5818;31;1.4;0.0
24;2021-01-24;2;0;5820;31;1.4;0.0
24;2021-01-25;441;0;6261;31;1.5;0.0
24;2021-01-26;637;66;6898;97;1.7;0.0
24;2021-01-27;1265;12;8163;109;2.0;0.0
24;2021-01-28;983;129;9146;238;2.2;0.1
24;2021-01-29;932;140;10078;378;2.5;0.1
24;2021-01-30;282;1;10360;379;2.5;0.1
24;2021-01-31;0;0;10360;379;2.5;0.1
24;2021-02-01;377;173;10737;552;2.6;0.1
24;2021-02-02;615;313;11352;865;2.8;0.2
24;2021-02-03;652;491;12004;1356;2.9;0.3
24;2021-02-04;977;392;12981;1748;3.2;0.4
24;2021-02-05;688;433;13669;2181;3.3;0.5
24;2021-02-06;140;35;13809;2216;3.4;0.5
24;2021-02-07;33;1;13842;2217;3.4;0.5
24;2021-02-08;309;237;14151;2454;3.5;0.6
24;2021-02-09;452;230;14603;2684;3.6;0.7
24;2021-02-10;376;110;14979;2794;3.7;0.7
24;2021-02-11;561;514;15540;3308;3.8;0.8
24;2021-02-12;495;392;16035;3700;3.9;0.9
24;2021-02-13;202;45;16237;3745;4.0;0.9
24;2021-02-14;89;0;16326;3745;4.0;0.9
24;2021-02-15;187;241;16513;3986;4.0;1.0
24;2021-02-16;335;522;16848;4508;4.1;1.1
24;2021-02-17;582;848;17430;5356;4.3;1.3
24;2021-02-18;443;733;17873;6089;4.4;1.5
24;2021-02-19;462;678;18335;6767;4.5;1.7
24;2021-02-20;163;141;18498;6908;4.5;1.7
24;2021-02-21;109;0;18607;6908;4.6;1.7
24;2021-02-22;426;529;19033;7437;4.7;1.8
24;2021-02-23;562;684;19595;8121;4.8;2.0
24;2021-02-24;538;832;20133;8953;4.9;2.2
24;2021-02-25;727;867;20860;9820;5.1;2.4
24;2021-02-26;976;973;21836;10793;5.3;2.6
24;2021-02-27;363;265;22199;11058;5.4;2.7
24;2021-02-28;25;4;22224;11062;5.4;2.7
24;2021-03-01;292;369;22516;11431;5.5;2.8
24;2021-03-02;539;417;23055;11848;5.6;2.9
24;2021-03-03;680;342;23735;12190;5.8;3.0
24;2021-03-04;915;508;24650;12698;6.0;3.1
24;2021-03-05;1065;567;25715;13265;6.3;3.2
24;2021-03-06;1126;142;26841;13407;6.6;3.3
24;2021-03-07;232;63;27073;13470;6.6;3.3
24;2021-03-08;531;258;27604;13728;6.8;3.4
24;2021-03-09;1173;443;28777;14171;7.0;3.5
24;2021-03-10;1142;453;29919;14624;7.3;3.6
24;2021-03-11;1604;463;31523;15087;7.7;3.7
24;2021-03-12;2050;443;33573;15530;8.2;3.8
24;2021-03-13;1347;201;34920;15731;8.6;3.9
24;2021-03-14;141;93;35061;15824;8.6;3.9
24;2021-03-15;953;171;36014;15995;8.8;3.9
24;2021-03-16;1144;232;37158;16227;9.1;4.0
24;2021-03-17;1216;289;38374;16516;9.4;4.0
24;2021-03-18;1055;559;39429;17075;9.7;4.2
24;2021-03-19;1252;540;40681;17615;10.0;4.3
24;2021-03-20;1055;150;41736;17765;10.2;4.3
24;2021-03-21;25;11;41761;17776;10.2;4.4
24;2021-03-22;1224;423;42985;18199;10.5;4.5
24;2021-03-23;1881;399;44866;18598;11.0;4.6
24;2021-03-24;1889;387;46755;18985;11.4;4.6
24;2021-03-25;1991;470;48746;19455;11.9;4.8
24;2021-03-26;2375;285;51121;19740;12.5;4.8
24;2021-03-27;1350;41;52471;19781;12.8;4.8
24;2021-03-28;63;9;52534;19790;12.9;4.8
24;2021-03-29;1673;326;54207;20116;13.3;4.9
24;2021-03-30;2408;396;56615;20512;13.9;5.0
24;2021-03-31;2181;311;58796;20823;14.4;5.1
24;2021-04-01;2194;311;60990;21134;14.9;5.2
24;2021-04-02;2072;394;63062;21528;15.4;5.3
24;2021-04-03;1376;122;64438;21650;15.8;5.3
24;2021-04-04;74;1;64512;21651;15.8;5.3
24;2021-04-05;947;58;65459;21709;16.0;5.3
24;2021-04-06;2353;702;67812;22411;16.6;5.5
24;2021-04-07;2717;692;70529;23103;17.3;5.7
24;2021-04-08;3007;965;73536;24068;18.0;5.9
24;2021-04-09;3487;1006;77023;25074;18.9;6.1
24;2021-04-10;2594;314;79617;25388;19.5;6.2
24;2021-04-11;1102;20;80719;25408;19.8;6.2
24;2021-04-12;2498;816;83217;26224;20.4;6.4
24;2021-04-13;2902;1204;86119;27428;21.1;6.7
24;2021-04-14;2939;1193;89058;28621;21.8;7.0
24;2021-04-15;2792;1102;91850;29723;22.5;7.3
24;2021-04-16;3266;973;95116;30696;23.3;7.5
24;2021-04-17;2272;501;97388;31197;23.8;7.6
24;2021-04-18;424;6;97812;31203;24.0;7.6
24;2021-04-19;1599;1011;99411;32214;24.3;7.9
24;2021-04-20;2268;1430;101679;33644;24.9;8.2
24;2021-04-21;2145;1442;103824;35086;25.4;8.6
24;2021-04-22;2061;1258;105885;36344;25.9;8.9
24;2021-04-23;1958;1333;107843;37677;26.4;9.2
24;2021-04-24;863;725;108706;38402;26.6;9.4
24;2021-04-25;54;4;108760;38406;26.6;9.4
24;2021-04-26;1296;1480;110056;39886;26.9;9.8
24;2021-04-27;1852;1880;111908;41766;27.4;10.2
24;2021-04-28;1505;1956;113413;43722;27.8;10.7
24;2021-04-29;1728;1891;115141;45613;28.2;11.2
24;2021-04-30;2270;1777;117411;47390;28.7;11.6
24;2021-05-01;2056;1067;119467;48457;29.3;11.9
24;2021-05-02;1924;215;121391;48672;29.7;11.9
24;2021-05-03;1474;1834;122865;50506;30.1;12.4
24;2021-05-04;2227;2304;125092;52810;30.6;12.9
24;2021-05-05;1890;2721;126982;55531;31.1;13.6
24;2021-05-06;1889;2796;128871;58327;31.6;14.3
24;2021-05-07;2264;2790;131135;61117;32.1;15.0
24;2021-05-08;1285;1152;132420;62269;32.4;15.2
24;2021-05-09;1168;901;133588;63170;32.7;15.5
24;2021-05-10;1095;2629;134683;65799;33.0;16.1
24;2021-05-11;2040;2800;136723;68599;33.5;16.8
24;2021-05-12;1924;2255;138647;70854;33.9;17.3
24;2021-05-13;1465;1215;140112;72069;34.3;17.6
24;2021-05-14;2378;1332;142490;73401;34.9;18.0
24;2021-05-15;2047;816;144537;74217;35.4;18.2
24;2021-05-16;1171;347;145708;74564;35.7;18.3
24;2021-05-17;2242;1254;147950;75818;36.2;18.6
24;2021-05-18;2481;1820;150431;77638;36.8;19.0
24;2021-05-19;2284;1376;152715;79014;37.4;19.3
24;2021-05-20;2373;1578;155088;80592;38.0;19.7
24;2021-05-21;2433;1416;157521;82008;38.6;20.1
24;2021-05-22;1719;407;159240;82415;39.0;20.2
24;2021-05-23;952;72;160192;82487;39.2;20.2
24;2021-05-24;1516;334;161708;82821;39.6;20.3
24;2021-05-25;2296;1386;164004;84207;40.2;20.6
24;2021-05-26;2149;1320;166153;85527;40.7;20.9
24;2021-05-27;1748;2195;167901;87722;41.1;21.5
24;2021-05-28;2145;2006;170046;89728;41.6;22.0
24;2021-05-29;1153;2090;171199;91818;41.9;22.5
24;2021-05-30;1418;171;172617;91989;42.3;22.5
24;2021-05-31;1743;1365;174360;93354;42.7;22.9
24;2021-06-01;2583;1979;176943;95333;43.3;23.3
24;2021-06-02;2653;1786;179596;97119;44.0;23.8
24;2021-06-03;2290;1465;181886;98584;44.5;24.1
24;2021-06-04;2381;1899;184267;100483;45.1;24.6
24;2021-06-05;2007;1417;186274;101900;45.6;25.0
24;2021-06-06;767;223;187041;102123;45.8;25.0
24;2021-06-07;1432;1496;188473;103619;46.1;25.4
24;2021-06-08;1678;1908;190151;105527;46.6;25.8
24;2021-06-09;1323;1597;191474;107124;46.9;26.2
24;2021-06-10;1575;1911;193049;109035;47.3;26.7
24;2021-06-11;1335;2082;194384;111117;47.6;27.2
24;2021-06-12;1123;2545;195507;113662;47.9;27.8
24;2021-06-13;1238;921;196745;114583;48.2;28.1
24;2021-06-14;1165;1858;197910;116441;48.5;28.5
24;2021-06-15;1486;2992;199396;119433;48.8;29.2
24;2021-06-16;1670;2732;201066;122165;49.2;29.9
24;2021-06-17;1544;2182;202610;124347;49.6;30.4
24;2021-06-18;1400;2864;204010;127211;50.0;31.1
24;2021-06-19;1275;1522;205285;128733;50.3;31.5
24;2021-06-20;514;501;205799;129234;50.4;31.6
24;2021-06-21;931;1836;206730;131070;50.6;32.1
24;2021-06-22;1453;2593;208183;133663;51.0;32.7
24;2021-06-23;1427;2420;209610;136083;51.3;33.3
24;2021-06-24;1138;1916;210748;137999;51.6;33.8
24;2021-06-25;968;2818;211716;140817;51.8;34.5
24;2021-06-26;864;2106;212580;142923;52.1;35.0
24;2021-06-27;402;978;212982;143901;52.2;35.2
24;2021-06-28;818;2483;213800;146384;52.4;35.8
24;2021-06-29;941;2869;214741;149253;52.6;36.5
24;2021-06-30;1112;2460;215853;151713;52.9;37.1
24;2021-07-01;1133;2300;216986;154013;53.1;37.7
24;2021-07-02;1097;2743;218083;156756;53.4;38.4
24;2021-07-03;811;1902;218894;158658;53.6;38.8
24;2021-07-04;410;1013;219304;159671;53.7;39.1
24;2021-07-05;792;2315;220096;161986;53.9;39.7
24;2021-07-06;880;3356;220976;165342;54.1;40.5
24;2021-07-07;1084;3041;222060;168383;54.4;41.2
24;2021-07-08;1342;2120;223402;170503;54.7;41.7
24;2021-07-09;1178;3220;224580;173723;55.0;42.5
24;2021-07-10;480;1963;225060;175686;55.1;43.0
24;2021-07-11;587;1189;225647;176875;55.3;43.3
24;2021-07-12;905;2519;226552;179394;55.5;43.9
24;2021-07-13;1324;3214;227876;182608;55.8;44.7
24;2021-07-14;614;1188;228490;183796;55.9;45.0
24;2021-07-15;1694;2778;230184;186574;56.4;45.7
24;2021-07-16;2148;2598;232332;189172;56.9;46.3
24;2021-07-17;1524;2235;233856;191407;57.3;46.9
24;2021-07-18;707;884;234563;192291;57.4;47.1
24;2021-07-19;1575;2187;236138;194478;57.8;47.6
24;2021-07-20;2016;2438;238154;196916;58.3;48.2
24;2021-07-21;1875;2327;240029;199243;58.8;48.8
24;2021-07-22;2347;2443;242376;201686;59.3;49.4
24;2021-07-23;2302;2621;244678;204307;59.9;50.0
24;2021-07-24;1807;1544;246485;205851;60.4;50.4
24;2021-07-25;816;872;247301;206723;60.6;50.6
24;2021-07-26;1571;2014;248872;208737;60.9;51.1
24;2021-07-27;2836;2286;251708;211023;61.6;51.7
24;2021-07-28;2730;1937;254438;212960;62.3;52.1
24;2021-07-29;3051;2231;257489;215191;63.0;52.7
24;2021-07-30;2463;1918;259952;217109;63.7;53.2
24;2021-07-31;1646;1560;261598;218669;64.1;53.5
24;2021-08-01;1112;653;262710;219322;64.3;53.7
24;2021-08-02;1939;1622;264649;220944;64.8;54.1
24;2021-08-03;2876;1913;267525;222857;65.5;54.6
24;2021-08-04;3074;1625;270599;224482;66.3;55.0
24;2021-08-05;3022;1436;273621;225918;67.0;55.3
24;2021-08-06;2531;1533;276152;227451;67.6;55.7
24;2021-08-07;1787;1119;277939;228570;68.1;56.0
24;2021-08-08;1098;677;279037;229247;68.3;56.1
24;2021-08-09;1723;1385;280760;230632;68.7;56.5
24;2021-08-10;2261;1780;283021;232412;69.3;56.9
24;2021-08-11;2264;1693;285285;234105;69.9;57.3
24;2021-08-12;1906;1959;287191;236064;70.3;57.8
24;2021-08-13;1529;1625;288720;237689;70.7;58.2
24;2021-08-14;1165;1243;289885;238932;71.0;58.5
24;2021-08-15;739;579;290624;239511;71.2;58.6
24;2021-08-16;1112;1704;291736;241215;71.4;59.1
24;2021-08-17;1626;2106;293362;243321;71.8;59.6
24;2021-08-18;1558;1917;294920;245238;72.2;60.0
24;2021-08-19;1113;2634;296033;247872;72.5;60.7
24;2021-08-20;1090;2426;297123;250298;72.8;61.3
24;2021-08-21;871;1628;297994;251926;73.0;61.7
24;2021-08-22;344;1094;298338;253020;73.1;62.0
24;2021-08-23;658;2030;298996;255050;73.2;62.5
25;2020-12-27;0;0;0;0;0.0;0.0
25;2020-12-28;1;0;1;0;0.0;0.0
25;2020-12-29;0;0;1;0;0.0;0.0
25;2020-12-30;0;0;1;0;0.0;0.0
25;2020-12-31;2;0;3;0;0.0;0.0
25;2021-01-01;0;0;3;0;0.0;0.0
25;2021-01-02;1;0;4;0;0.0;0.0
25;2021-01-03;0;0;4;0;0.0;0.0
25;2021-01-04;0;0;4;0;0.0;0.0
25;2021-01-05;1;0;5;0;0.0;0.0
25;2021-01-06;75;1;80;1;0.0;0.0
25;2021-01-07;236;1;316;2;0.1;0.0
25;2021-01-08;345;1;661;3;0.1;0.0
25;2021-01-09;102;0;763;3;0.1;0.0
25;2021-01-10;0;0;763;3;0.1;0.0
25;2021-01-11;502;5;1265;8;0.2;0.0
25;2021-01-12;682;2;1947;10;0.4;0.0
25;2021-01-13;627;9;2574;19;0.5;0.0
25;2021-01-14;897;17;3471;36;0.6;0.0
25;2021-01-15;785;9;4256;45;0.8;0.0
25;2021-01-16;206;1;4462;46;0.8;0.0
25;2021-01-17;112;0;4574;46;0.8;0.0
25;2021-01-18;1296;7;5870;53;1.1;0.0
25;2021-01-19;1411;5;7281;58;1.3;0.0
25;2021-01-20;1420;4;8701;62;1.6;0.0
25;2021-01-21;1841;3;10542;65;2.0;0.0
25;2021-01-22;1506;4;12048;69;2.2;0.0
25;2021-01-23;499;1;12547;70;2.3;0.0
25;2021-01-24;119;0;12666;70;2.3;0.0
25;2021-01-25;991;0;13657;70;2.5;0.0
25;2021-01-26;1488;42;15145;112;2.8;0.0
25;2021-01-27;1249;70;16394;182;3.0;0.0
25;2021-01-28;1090;76;17484;258;3.2;0.0
25;2021-01-29;905;232;18389;490;3.4;0.1
25;2021-01-30;293;92;18682;582;3.5;0.1
25;2021-01-31;2;0;18684;582;3.5;0.1
25;2021-02-01;612;221;19296;803;3.6;0.1
25;2021-02-02;674;414;19970;1217;3.7;0.2
25;2021-02-03;758;249;20728;1466;3.8;0.3
25;2021-02-04;715;446;21443;1912;4.0;0.4
25;2021-02-05;519;469;21962;2381;4.1;0.4
25;2021-02-06;198;157;22160;2538;4.1;0.5
25;2021-02-07;2;34;22162;2572;4.1;0.5
25;2021-02-08;613;509;22775;3081;4.2;0.6
25;2021-02-09;615;491;23390;3572;4.3;0.7
25;2021-02-10;817;490;24207;4062;4.5;0.8
25;2021-02-11;587;854;24794;4916;4.6;0.9
25;2021-02-12;413;549;25207;5465;4.7;1.0
25;2021-02-13;97;141;25304;5606;4.7;1.0
25;2021-02-14;0;0;25304;5606;4.7;1.0
25;2021-02-15;187;1038;25491;6644;4.7;1.2
25;2021-02-16;214;1454;25705;8098;4.8;1.5
25;2021-02-17;109;1340;25814;9438;4.8;1.7
25;2021-02-18;147;1434;25961;10872;4.8;2.0
25;2021-02-19;102;1268;26063;12140;4.8;2.3
25;2021-02-20;26;492;26089;12632;4.8;2.3
25;2021-02-21;1;143;26090;12775;4.8;2.4
25;2021-02-22;83;1065;26173;13840;4.9;2.6
25;2021-02-23;195;1081;26368;14921;4.9;2.8
25;2021-02-24;104;976;26472;15897;4.9;2.9
25;2021-02-25;522;1006;26994;16903;5.0;3.1
25;2021-02-26;607;981;27601;17884;5.1;3.3
25;2021-02-27;228;373;27829;18257;5.2;3.4
25;2021-02-28;5;1;27834;18258;5.2;3.4
25;2021-03-01;443;622;28277;18880;5.2;3.5
25;2021-03-02;653;837;28930;19717;5.4;3.7
25;2021-03-03;541;735;29471;20452;5.5;3.8
25;2021-03-04;1157;659;30628;21111;5.7;3.9
25;2021-03-05;1853;389;32481;21500;6.0;4.0
25;2021-03-06;1170;227;33651;21727;6.2;4.0
25;2021-03-07;9;8;33660;21735;6.2;4.0
25;2021-03-08;548;709;34208;22444;6.3;4.2
25;2021-03-09;1040;780;35248;23224;6.5;4.3
25;2021-03-10;1151;654;36399;23878;6.7;4.4
25;2021-03-11;1658;583;38057;24461;7.1;4.5
25;2021-03-12;1996;455;40053;24916;7.4;4.6
25;2021-03-13;1119;98;41172;25014;7.6;4.6
25;2021-03-14;35;0;41207;25014;7.6;4.6
25;2021-03-15;1126;140;42333;25154;7.8;4.7
25;2021-03-16;1286;119;43619;25273;8.1;4.7
25;2021-03-17;1414;137;45033;25410;8.3;4.7
25;2021-03-18;1527;82;46560;25492;8.6;4.7
25;2021-03-19;1595;127;48155;25619;8.9;4.7
25;2021-03-20;822;41;48977;25660;9.1;4.8
25;2021-03-21;24;0;49001;25660;9.1;4.8
25;2021-03-22;1485;86;50486;25746;9.4;4.8
25;2021-03-23;2162;142;52648;25888;9.8;4.8
25;2021-03-24;2419;93;55067;25981;10.2;4.8
25;2021-03-25;2837;189;57904;26170;10.7;4.9
25;2021-03-26;3159;177;61063;26347;11.3;4.9
25;2021-03-27;1110;87;62173;26434;11.5;4.9
25;2021-03-28;121;64;62294;26498;11.5;4.9
25;2021-03-29;1788;279;64082;26777;11.9;5.0
25;2021-03-30;2213;394;66295;27171;12.3;5.0
25;2021-03-31;2221;359;68516;27530;12.7;5.1
25;2021-04-01;2450;522;70966;28052;13.2;5.2
25;2021-04-02;2027;603;72993;28655;13.5;5.3
25;2021-04-03;447;110;73440;28765;13.6;5.3
25;2021-04-04;39;21;73479;28786;13.6;5.3
25;2021-04-05;145;4;73624;28790;13.6;5.3
25;2021-04-06;1937;686;75561;29476;14.0;5.5
25;2021-04-07;1878;852;77439;30328;14.4;5.6
25;2021-04-08;2434;824;79873;31152;14.8;5.8
25;2021-04-09;2597;995;82470;32147;15.3;6.0
25;2021-04-10;978;290;83448;32437;15.5;6.0
25;2021-04-11;105;28;83553;32465;15.5;6.0
25;2021-04-12;1558;966;85111;33431;15.8;6.2
25;2021-04-13;1988;1316;87099;34747;16.1;6.4
25;2021-04-14;1750;1218;88849;35965;16.5;6.7
25;2021-04-15;1999;1328;90848;37293;16.8;6.9
25;2021-04-16;2084;1003;92932;38296;17.2;7.1
25;2021-04-17;1105;414;94037;38710;17.4;7.2
25;2021-04-18;118;18;94155;38728;17.5;7.2
25;2021-04-19;1327;1245;95482;39973;17.7;7.4
25;2021-04-20;1615;1462;97097;41435;18.0;7.7
25;2021-04-21;1716;1631;98813;43066;18.3;8.0
25;2021-04-22;1859;1710;100672;44776;18.7;8.3
25;2021-04-23;1902;1766;102574;46542;19.0;8.6
25;2021-04-24;1281;705;103855;47247;19.3;8.8
25;2021-04-25;140;114;103995;47361;19.3;8.8
25;2021-04-26;1721;1685;105716;49046;19.6;9.1
25;2021-04-27;2804;1524;108520;50570;20.1;9.4
25;2021-04-28;2425;1557;110945;52127;20.6;9.7
25;2021-04-29;2649;1834;113594;53961;21.1;10.0
25;2021-04-30;3106;1579;116700;55540;21.6;10.3
25;2021-05-01;1789;334;118489;55874;22.0;10.4
25;2021-05-02;442;22;118931;55896;22.0;10.4
25;2021-05-03;2902;841;121833;56737;22.6;10.5
25;2021-05-04;2641;1883;124474;58620;23.1;10.9
25;2021-05-05;2598;1664;127072;60284;23.6;11.2
25;2021-05-06;2927;2167;129999;62451;24.1;11.6
25;2021-05-07;3063;2126;133062;64577;24.7;12.0
25;2021-05-08;1334;229;134396;64806;24.9;12.0
25;2021-05-09;244;87;134640;64893;25.0;12.0
25;2021-05-10;3130;1639;137770;66532;25.5;12.3
25;2021-05-11;3749;2041;141519;68573;26.2;12.7
25;2021-05-12;3688;1794;145207;70367;26.9;13.0
25;2021-05-13;3521;598;148728;70965;27.6;13.2
25;2021-05-14;4484;1307;153212;72272;28.4;13.4
25;2021-05-15;3281;709;156493;72981;29.0;13.5
25;2021-05-16;723;92;157216;73073;29.1;13.5
25;2021-05-17;4090;1093;161306;74166;29.9;13.7
25;2021-05-18;5205;1187;166511;75353;30.9;14.0
25;2021-05-19;5245;1131;171756;76484;31.8;14.2
25;2021-05-20;5134;1453;176890;77937;32.8;14.4
25;2021-05-21;5764;1978;182654;79915;33.9;14.8
25;2021-05-22;3176;722;185830;80637;34.4;14.9
25;2021-05-23;781;156;186611;80793;34.6;15.0
25;2021-05-24;1528;152;188139;80945;34.9;15.0
25;2021-05-25;3514;1647;191653;82592;35.5;15.3
25;2021-05-26;3976;1555;195629;84147;36.3;15.6
25;2021-05-27;4518;1901;200147;86048;37.1;16.0
25;2021-05-28;3994;2650;204141;88698;37.8;16.4
25;2021-05-29;2015;1022;206156;89720;38.2;16.6
25;2021-05-30;175;96;206331;89816;38.2;16.6
25;2021-05-31;2673;1712;209004;91528;38.7;17.0
25;2021-06-01;2729;2158;211733;93686;39.2;17.4
25;2021-06-02;2609;2249;214342;95935;39.7;17.8
25;2021-06-03;3274;2043;217616;97978;40.3;18.2
25;2021-06-04;3210;2409;220826;100387;40.9;18.6
25;2021-06-05;1491;1399;222317;101786;41.2;18.9
25;2021-06-06;986;259;223303;102045;41.4;18.9
25;2021-06-07;2785;2575;226088;104620;41.9;19.4
25;2021-06-08;2604;2760;228692;107380;42.4;19.9
25;2021-06-09;2382;2763;231074;110143;42.8;20.4
25;2021-06-10;2322;2655;233396;112798;43.3;20.9
25;2021-06-11;2712;3309;236108;116107;43.8;21.5
25;2021-06-12;1572;1860;237680;117967;44.1;21.9
25;2021-06-13;496;257;238176;118224;44.2;21.9
25;2021-06-14;1422;3756;239598;121980;44.4;22.6
25;2021-06-15;1642;3568;241240;125548;44.7;23.3
25;2021-06-16;1954;3270;243194;128818;45.1;23.9
25;2021-06-17;1474;3324;244668;132142;45.4;24.5
25;2021-06-18;2288;4296;246956;136438;45.8;25.3
25;2021-06-19;1351;1977;248307;138415;46.0;25.7
25;2021-06-20;57;239;248364;138654;46.0;25.7
25;2021-06-21;1139;4139;249503;142793;46.3;26.5
25;2021-06-22;1149;4676;250652;147469;46.5;27.3
25;2021-06-23;1406;4074;252058;151543;46.7;28.1
25;2021-06-24;1193;4082;253251;155625;46.9;28.8
25;2021-06-25;1641;5606;254892;161231;47.3;29.9
25;2021-06-26;626;3384;255518;164615;47.4;30.5
25;2021-06-27;451;879;255969;165494;47.5;30.7
25;2021-06-28;907;4475;256876;169969;47.6;31.5
25;2021-06-29;1132;5470;258008;175439;47.8;32.5
25;2021-06-30;1312;5369;259320;180808;48.1;33.5
25;2021-07-01;1708;5230;261028;186038;48.4;34.5
25;2021-07-02;1751;5060;262779;191098;48.7;35.4
25;2021-07-03;1041;2694;263820;193792;48.9;35.9
25;2021-07-04;409;722;264229;194514;49.0;36.1
25;2021-07-05;1300;2579;265529;197093;49.2;36.5
25;2021-07-06;1571;4748;267100;201841;49.5;37.4
25;2021-07-07;1596;4505;268696;206346;49.8;38.3
25;2021-07-08;1552;3930;270248;210276;50.1;39.0
25;2021-07-09;1797;4583;272045;214859;50.4;39.8
25;2021-07-10;780;2373;272825;217232;50.6;40.3
25;2021-07-11;126;306;272951;217538;50.6;40.3
25;2021-07-12;1398;3859;274349;221397;50.9;41.0
25;2021-07-13;2473;4771;276822;226168;51.3;41.9
25;2021-07-14;379;561;277201;226729;51.4;42.0
25;2021-07-15;2403;3656;279604;230385;51.8;42.7
25;2021-07-16;3483;3833;283087;234218;52.5;43.4
25;2021-07-17;2208;2034;285295;236252;52.9;43.8
25;2021-07-18;807;1299;286102;237551;53.0;44.0
25;2021-07-19;2545;4205;288647;241756;53.5;44.8
25;2021-07-20;3383;3710;292030;245466;54.1;45.5
25;2021-07-21;3300;3366;295330;248832;54.7;46.1
25;2021-07-22;3330;2977;298660;251809;55.4;46.7
25;2021-07-23;3562;3352;302222;255161;56.0;47.3
25;2021-07-24;1414;2270;303636;257431;56.3;47.7
25;2021-07-25;677;708;304313;258139;56.4;47.9
25;2021-07-26;3051;3013;307364;261152;57.0;48.4
25;2021-07-27;3827;2120;311191;263272;57.7;48.8
25;2021-07-28;3678;2112;314869;265384;58.4;49.2
25;2021-07-29;4311;2086;319180;267470;59.2;49.6
25;2021-07-30;4247;2481;323427;269951;60.0;50.0
25;2021-07-31;1818;1467;325245;271418;60.3;50.3
25;2021-08-01;1346;197;326591;271615;60.5;50.4
25;2021-08-02;2720;2215;329311;273830;61.0;50.8
25;2021-08-03;2814;2201;332125;276031;61.6;51.2
25;2021-08-04;2920;1422;335045;277453;62.1;51.4
25;2021-08-05;2191;1726;337236;279179;62.5;51.8
25;2021-08-06;2276;2344;339512;281523;62.9;52.2
25;2021-08-07;1289;1199;340801;282722;63.2;52.4
25;2021-08-08;319;476;341120;283198;63.2;52.5
25;2021-08-09;2017;2226;343137;285424;63.6;52.9
25;2021-08-10;1947;2514;345084;287938;64.0;53.4
25;2021-08-11;1826;2025;346910;289963;64.3;53.8
25;2021-08-12;2136;2492;349046;292455;64.7;54.2
25;2021-08-13;1685;2018;350731;294473;65.0;54.6
25;2021-08-14;952;1781;351683;296254;65.2;54.9
25;2021-08-15;9;45;351692;296299;65.2;54.9
25;2021-08-16;1243;3251;352935;299550;65.4;55.5
25;2021-08-17;1436;3282;354371;302832;65.7;56.1
25;2021-08-18;1228;2801;355599;305633;65.9;56.7
25;2021-08-19;980;2865;356579;308498;66.1;57.2
25;2021-08-20;1413;3689;357992;312187;66.4;57.9
25;2021-08-21;564;1773;358556;313960;66.5;58.2
25;2021-08-22;213;1270;358769;315230;66.5;58.4
25;2021-08-23;1087;3326;359856;318556;66.7;59.1
26;2020-12-27;0;0;0;0;0.0;0.0
26;2020-12-28;0;0;0;0;0.0;0.0
26;2020-12-29;0;0;0;0;0.0;0.0
26;2020-12-30;0;0;0;0;0.0;0.0
26;2020-12-31;0;0;0;0;0.0;0.0
26;2021-01-01;0;0;0;0;0.0;0.0
26;2021-01-02;0;0;0;0;0.0;0.0
26;2021-01-03;0;0;0;0;0.0;0.0
26;2021-01-04;0;0;0;0;0.0;0.0
26;2021-01-05;0;0;0;0;0.0;0.0
26;2021-01-06;0;0;0;0;0.0;0.0
26;2021-01-07;168;0;168;0;0.0;0.0
26;2021-01-08;125;0;293;0;0.1;0.0
26;2021-01-09;2;0;295;0;0.1;0.0
26;2021-01-10;0;0;295;0;0.1;0.0
26;2021-01-11;266;1;561;1;0.1;0.0
26;2021-01-12;176;1;737;2;0.1;0.0
26;2021-01-13;417;1;1154;3;0.2;0.0
26;2021-01-14;487;0;1641;3;0.3;0.0
26;2021-01-15;562;1;2203;4;0.4;0.0
26;2021-01-16;250;1;2453;5;0.5;0.0
26;2021-01-17;0;0;2453;5;0.5;0.0
26;2021-01-18;637;1;3090;6;0.6;0.0
26;2021-01-19;785;3;3875;9;0.7;0.0
26;2021-01-20;742;0;4617;9;0.9;0.0
26;2021-01-21;806;5;5423;14;1.0;0.0
26;2021-01-22;787;4;6210;18;1.2;0.0
26;2021-01-23;563;2;6773;20;1.3;0.0
26;2021-01-24;24;0;6797;20;1.3;0.0
26;2021-01-25;697;2;7494;22;1.4;0.0
26;2021-01-26;801;4;8295;26;1.6;0.0
26;2021-01-27;822;9;9117;35;1.8;0.0
26;2021-01-28;1328;169;10445;204;2.0;0.0
26;2021-01-29;970;66;11415;270;2.2;0.1
26;2021-01-30;606;5;12021;275;2.3;0.1
26;2021-01-31;24;0;12045;275;2.3;0.1
26;2021-02-01;709;188;12754;463;2.5;0.1
26;2021-02-02;1274;212;14028;675;2.7;0.1
26;2021-02-03;1236;258;15264;933;2.9;0.2
26;2021-02-04;985;452;16249;1385;3.1;0.3
26;2021-02-05;672;335;16921;1720;3.3;0.3
26;2021-02-06;408;241;17329;1961;3.3;0.4
26;2021-02-07;57;2;17386;1963;3.3;0.4
26;2021-02-08;544;418;17930;2381;3.4;0.5
26;2021-02-09;616;475;18546;2856;3.6;0.5
26;2021-02-10;665;340;19211;3196;3.7;0.6
26;2021-02-11;753;330;19964;3526;3.8;0.7
26;2021-02-12;590;452;20554;3978;3.9;0.8
26;2021-02-13;388;336;20942;4314;4.0;0.8
26;2021-02-14;36;0;20978;4314;4.0;0.8
26;2021-02-15;414;530;21392;4844;4.1;0.9
26;2021-02-16;294;555;21686;5399;4.2;1.0
26;2021-02-17;196;740;21882;6139;4.2;1.2
26;2021-02-18;337;898;22219;7037;4.3;1.4
26;2021-02-19;341;808;22560;7845;4.3;1.5
26;2021-02-20;95;490;22655;8335;4.4;1.6
26;2021-02-21;3;24;22658;8359;4.4;1.6
26;2021-02-22;144;717;22802;9076;4.4;1.7
26;2021-02-23;397;999;23199;10075;4.5;1.9
26;2021-02-24;344;1223;23543;11298;4.5;2.2
26;2021-02-25;735;1073;24278;12371;4.7;2.4
26;2021-02-26;926;642;25204;13013;4.8;2.5
26;2021-02-27;279;511;25483;13524;4.9;2.6
26;2021-02-28;3;30;25486;13554;4.9;2.6
26;2021-03-01;458;660;25944;14214;5.0;2.7
26;2021-03-02;741;633;26685;14847;5.1;2.9
26;2021-03-03;730;687;27415;15534;5.3;3.0
26;2021-03-04;1044;584;28459;16118;5.5;3.1
26;2021-03-05;1710;524;30169;16642;5.8;3.2
26;2021-03-06;2773;499;32942;17141;6.3;3.3
26;2021-03-07;2990;216;35932;17357;6.9;3.3
26;2021-03-08;910;653;36842;18010;7.1;3.5
26;2021-03-09;1325;559;38167;18569;7.3;3.6
26;2021-03-10;1219;513;39386;19082;7.6;3.7
26;2021-03-11;1608;654;40994;19736;7.9;3.8
26;2021-03-12;2216;478;43210;20214;8.3;3.9
26;2021-03-13;1886;345;45096;20559;8.7;3.9
26;2021-03-14;69;39;45165;20598;8.7;4.0
26;2021-03-15;1652;250;46817;20848;9.0;4.0
26;2021-03-16;1232;514;48049;21362;9.2;4.1
26;2021-03-17;1369;307;49418;21669;9.5;4.2
26;2021-03-18;1587;281;51005;21950;9.8;4.2
26;2021-03-19;2444;347;53449;22297;10.3;4.3
26;2021-03-20;1289;150;54738;22447;10.5;4.3
26;2021-03-21;61;20;54799;22467;10.5;4.3
26;2021-03-22;1846;194;56645;22661;10.9;4.4
26;2021-03-23;2474;276;59119;22937;11.4;4.4
26;2021-03-24;2551;244;61670;23181;11.8;4.5
26;2021-03-25;3042;339;64712;23520;12.4;4.5
26;2021-03-26;3050;354;67762;23874;13.0;4.6
26;2021-03-27;1245;159;69007;24033;13.3;4.6
26;2021-03-28;94;7;69101;24040;13.3;4.6
26;2021-03-29;1907;407;71008;24447;13.6;4.7
26;2021-03-30;2382;548;73390;24995;14.1;4.8
26;2021-03-31;2229;581;75619;25576;14.5;4.9
26;2021-04-01;2276;782;77895;26358;15.0;5.1
26;2021-04-02;2213;991;80108;27349;15.4;5.3
26;2021-04-03;552;1202;80660;28551;15.5;5.5
26;2021-04-04;215;888;80875;29439;15.5;5.7
26;2021-04-05;556;53;81431;29492;15.6;5.7
26;2021-04-06;1486;834;82917;30326;15.9;5.8
26;2021-04-07;1792;900;84709;31226;16.3;6.0
26;2021-04-08;3004;931;87713;32157;16.8;6.2
26;2021-04-09;3416;1004;91129;33161;17.5;6.4
26;2021-04-10;1356;920;92485;34081;17.8;6.5
26;2021-04-11;89;35;92574;34116;17.8;6.6
26;2021-04-12;1714;1129;94288;35245;18.1;6.8
26;2021-04-13;2796;1456;97084;36701;18.6;7.1
26;2021-04-14;2207;1480;99291;38181;19.1;7.3
26;2021-04-15;2275;1587;101566;39768;19.5;7.6
26;2021-04-16;2270;1592;103836;41360;19.9;7.9
26;2021-04-17;1096;840;104932;42200;20.2;8.1
26;2021-04-18;35;52;104967;42252;20.2;8.1
26;2021-04-19;1547;1574;106514;43826;20.5;8.4
26;2021-04-20;1799;1731;108313;45557;20.8;8.8
26;2021-04-21;2012;1509;110325;47066;21.2;9.0
26;2021-04-22;2290;1605;112615;48671;21.6;9.3
26;2021-04-23;2010;1636;114625;50307;22.0;9.7
26;2021-04-24;1655;844;116280;51151;22.3;9.8
26;2021-04-25;629;94;116909;51245;22.5;9.8
26;2021-04-26;1377;1601;118286;52846;22.7;10.2
26;2021-04-27;1986;1687;120272;54533;23.1;10.5
26;2021-04-28;1867;1545;122139;56078;23.5;10.8
26;2021-04-29;2866;1892;125005;57970;24.0;11.1
26;2021-04-30;2627;1764;127632;59734;24.5;11.5
26;2021-05-01;1538;381;129170;60115;24.8;11.5
26;2021-05-02;1086;118;130256;60233;25.0;11.6
26;2021-05-03;2201;1788;132457;62021;25.4;11.9
26;2021-05-04;2614;2354;135071;64375;25.9;12.4
26;2021-05-05;2772;2199;137843;66574;26.5;12.8
26;2021-05-06;3321;2218;141164;68792;27.1;13.2
26;2021-05-07;2859;2260;144023;71052;27.7;13.6
26;2021-05-08;1957;621;145980;71673;28.0;13.8
26;2021-05-09;713;123;146693;71796;28.2;13.8
26;2021-05-10;3022;1823;149715;73619;28.8;14.1
26;2021-05-11;4443;2189;154158;75808;29.6;14.6
26;2021-05-12;4827;1692;158985;77500;30.5;14.9
26;2021-05-13;4364;613;163349;78113;31.4;15.0
26;2021-05-14;4644;1549;167993;79662;32.3;15.3
26;2021-05-15;4469;625;172462;80287;33.1;15.4
26;2021-05-16;3631;344;176093;80631;33.8;15.5
26;2021-05-17;3657;1481;179750;82112;34.5;15.8
26;2021-05-18;4477;1743;184227;83855;35.4;16.1
26;2021-05-19;4485;1449;188712;85304;36.3;16.4
26;2021-05-20;4685;1754;193397;87058;37.2;16.7
26;2021-05-21;4728;1799;198125;88857;38.1;17.1
26;2021-05-22;3189;687;201314;89544;38.7;17.2
26;2021-05-23;1598;183;202912;89727;39.0;17.2
26;2021-05-24;3789;743;206701;90470;39.7;17.4
26;2021-05-25;3592;2338;210293;92808;40.4;17.8
26;2021-05-26;4180;2270;214473;95078;41.2;18.3
26;2021-05-27;4216;2464;218689;97542;42.0;18.7
26;2021-05-28;3777;2770;222466;100312;42.7;19.3
26;2021-05-29;3087;1653;225553;101965;43.3;19.6
26;2021-05-30;322;71;225875;102036;43.4;19.6
26;2021-05-31;3081;1851;228956;103887;44.0;20.0
26;2021-06-01;3108;2307;232064;106194;44.6;20.4
26;2021-06-02;2870;2214;234934;108408;45.1;20.8
26;2021-06-03;2851;2493;237785;110901;45.7;21.3
26;2021-06-04;2660;2904;240445;113805;46.2;21.9
26;2021-06-05;1804;1694;242249;115499;46.5;22.2
26;2021-06-06;9;0;242258;115499;46.5;22.2
26;2021-06-07;2347;2426;244605;117925;47.0;22.7
26;2021-06-08;2455;2293;247060;120218;47.5;23.1
26;2021-06-09;2094;2387;249154;122605;47.9;23.6
26;2021-06-10;1980;2761;251134;125366;48.2;24.1
26;2021-06-11;1895;3272;253029;128638;48.6;24.7
26;2021-06-12;1219;1791;254248;130429;48.8;25.1
26;2021-06-13;97;214;254345;130643;48.9;25.1
26;2021-06-14;1416;3498;255761;134141;49.1;25.8
26;2021-06-15;1585;3964;257346;138105;49.4;26.5
26;2021-06-16;1786;3465;259132;141570;49.8;27.2
26;2021-06-17;1509;3166;260641;144736;50.1;27.8
26;2021-06-18;1796;4368;262437;149104;50.4;28.6
26;2021-06-19;933;3180;263370;152284;50.6;29.3
26;2021-06-20;264;875;263634;153159;50.6;29.4
26;2021-06-21;1005;4549;264639;157708;50.8;30.3
26;2021-06-22;1062;5120;265701;162828;51.0;31.3
26;2021-06-23;1167;5072;266868;167900;51.3;32.3
26;2021-06-24;1260;4539;268128;172439;51.5;33.1
26;2021-06-25;1017;5541;269145;177980;51.7;34.2
26;2021-06-26;662;3821;269807;181801;51.8;34.9
26;2021-06-27;300;1273;270107;183074;51.9;35.2
26;2021-06-28;778;4755;270885;187829;52.0;36.1
26;2021-06-29;1099;4960;271984;192789;52.2;37.0
26;2021-06-30;1412;4890;273396;197679;52.5;38.0
26;2021-07-01;1651;4392;275047;202071;52.8;38.8
26;2021-07-02;1334;5162;276381;207233;53.1;39.8
26;2021-07-03;770;3323;277151;210556;53.2;40.4
26;2021-07-04;333;633;277484;211189;53.3;40.6
26;2021-07-05;889;4677;278373;215866;53.5;41.5
26;2021-07-06;1268;4202;279641;220068;53.7;42.3
26;2021-07-07;1442;3796;281083;223864;54.0;43.0
26;2021-07-08;2386;3330;283469;227194;54.5;43.6
26;2021-07-09;1558;4791;285027;231985;54.8;44.6
26;2021-07-10;910;2914;285937;234899;54.9;45.1
26;2021-07-11;334;350;286271;235249;55.0;45.2
26;2021-07-12;1114;4218;287385;239467;55.2;46.0
26;2021-07-13;2300;4339;289685;243806;55.6;46.8
26;2021-07-14;1058;813;290743;244619;55.9;47.0
26;2021-07-15;3168;3654;293911;248273;56.5;47.7
26;2021-07-16;3000;3692;296911;251965;57.0;48.4
26;2021-07-17;1877;1814;298788;253779;57.4;48.8
26;2021-07-18;20;24;298808;253803;57.4;48.8
26;2021-07-19;2723;3264;301531;257067;57.9;49.4
26;2021-07-20;3704;3366;305235;260433;58.6;50.0
26;2021-07-21;3588;3090;308823;263523;59.3;50.6
26;2021-07-22;4118;2959;312941;266482;60.1;51.2
26;2021-07-23;3859;3395;316800;269877;60.9;51.8
26;2021-07-24;2342;1357;319142;271234;61.3;52.1
26;2021-07-25;608;93;319750;271327;61.4;52.1
26;2021-07-26;3426;2580;323176;273907;62.1;52.6
26;2021-07-27;4817;2620;327993;276527;63.0;53.1
26;2021-07-28;4524;2381;332517;278908;63.9;53.6
26;2021-07-29;3895;2891;336412;281799;64.6;54.1
26;2021-07-30;3475;2667;339887;284466;65.3;54.6
26;2021-07-31;1144;1009;341031;285475;65.5;54.8
26;2021-08-01;412;108;341443;285583;65.6;54.9
26;2021-08-02;2938;2357;344381;287940;66.2;55.3
26;2021-08-03;3289;2293;347670;290233;66.8;55.8
26;2021-08-04;3971;2008;351641;292241;67.6;56.1
26;2021-08-05;3134;2196;354775;294437;68.2;56.6
26;2021-08-06;3124;2634;357899;297071;68.8;57.1
26;2021-08-07;639;843;358538;297914;68.9;57.2
26;2021-08-08;28;13;358566;297927;68.9;57.2
26;2021-08-09;2179;3059;360745;300986;69.3;57.8
26;2021-08-10;2328;3039;363073;304025;69.7;58.4
26;2021-08-11;2062;2716;365135;306741;70.1;58.9
26;2021-08-12;1771;2582;366906;309323;70.5;59.4
26;2021-08-13;1659;2413;368565;311736;70.8;59.9
26;2021-08-14;270;869;368835;312605;70.9;60.1
26;2021-08-15;6;8;368841;312613;70.9;60.1
26;2021-08-16;1178;3289;370019;315902;71.1;60.7
26;2021-08-17;1507;3146;371526;319048;71.4;61.3
26;2021-08-18;1621;3376;373147;322424;71.7;61.9
26;2021-08-19;1551;3058;374698;325482;72.0;62.5
26;2021-08-20;1411;2974;376109;328456;72.3;63.1
26;2021-08-21;592;1088;376701;329544;72.4;63.3
26;2021-08-22;62;379;376763;329923;72.4;63.4
26;2021-08-23;1584;3609;378347;333532;72.7;64.1
27;2020-12-27;1;0;1;0;0.0;0.0
27;2020-12-28;0;0;1;0;0.0;0.0
27;2020-12-29;1;0;2;0;0.0;0.0
27;2020-12-30;0;0;2;0;0.0;0.0
27;2020-12-31;0;0;2;0;0.0;0.0
27;2021-01-01;0;0;2;0;0.0;0.0
27;2021-01-02;0;0;2;0;0.0;0.0
27;2021-01-03;2;0;4;0;0.0;0.0
27;2021-01-04;0;0;4;0;0.0;0.0
27;2021-01-05;15;0;19;0;0.0;0.0
27;2021-01-06;161;0;180;0;0.0;0.0
27;2021-01-07;372;1;552;1;0.1;0.0
27;2021-01-08;442;0;994;1;0.2;0.0
27;2021-01-09;72;1;1066;2;0.2;0.0
27;2021-01-10;101;0;1167;2;0.2;0.0
27;2021-01-11;383;0;1550;2;0.3;0.0
27;2021-01-12;409;2;1959;4;0.3;0.0
27;2021-01-13;839;1;2798;5;0.5;0.0
27;2021-01-14;1627;26;4425;31;0.7;0.0
27;2021-01-15;1220;5;5645;36;0.9;0.0
27;2021-01-16;333;2;5978;38;1.0;0.0
27;2021-01-17;205;0;6183;38;1.0;0.0
27;2021-01-18;798;2;6981;40;1.2;0.0
27;2021-01-19;773;3;7754;43;1.3;0.0
27;2021-01-20;871;0;8625;43;1.4;0.0
27;2021-01-21;655;1;9280;44;1.5;0.0
27;2021-01-22;779;4;10059;48;1.7;0.0
27;2021-01-23;350;0;10409;48;1.7;0.0
27;2021-01-24;169;6;10578;54;1.8;0.0
27;2021-01-25;635;15;11213;69;1.9;0.0
27;2021-01-26;462;17;11675;86;1.9;0.0
27;2021-01-27;506;105;12181;191;2.0;0.0
27;2021-01-28;517;296;12698;487;2.1;0.1
27;2021-01-29;509;109;13207;596;2.2;0.1
27;2021-01-30;242;30;13449;626;2.2;0.1
27;2021-01-31;27;24;13476;650;2.2;0.1
27;2021-02-01;349;194;13825;844;2.3;0.1
27;2021-02-02;307;281;14132;1125;2.4;0.2
27;2021-02-03;488;401;14620;1526;2.4;0.3
27;2021-02-04;719;890;15339;2416;2.6;0.4
27;2021-02-05;662;1153;16001;3569;2.7;0.6
27;2021-02-06;125;223;16126;3792;2.7;0.6
27;2021-02-07;25;42;16151;3834;2.7;0.6
27;2021-02-08;310;378;16461;4212;2.7;0.7
27;2021-02-09;342;556;16803;4768;2.8;0.8
27;2021-02-10;303;524;17106;5292;2.8;0.9
27;2021-02-11;318;456;17424;5748;2.9;1.0
27;2021-02-12;229;545;17653;6293;2.9;1.0
27;2021-02-13;151;133;17804;6426;3.0;1.1
27;2021-02-14;6;93;17810;6519;3.0;1.1
27;2021-02-15;389;597;18199;7116;3.0;1.2
27;2021-02-16;295;737;18494;7853;3.1;1.3
27;2021-02-17;247;640;18741;8493;3.1;1.4
27;2021-02-18;363;685;19104;9178;3.2;1.5
27;2021-02-19;218;690;19322;9868;3.2;1.6
27;2021-02-20;129;251;19451;10119;3.2;1.7
27;2021-02-21;12;139;19463;10258;3.2;1.7
27;2021-02-22;482;568;19945;10826;3.3;1.8
27;2021-02-23;495;626;20440;11452;3.4;1.9
27;2021-02-24;543;650;20983;12102;3.5;2.0
27;2021-02-25;844;757;21827;12859;3.6;2.1
27;2021-02-26;953;692;22780;13551;3.8;2.3
27;2021-02-27;406;160;23186;13711;3.9;2.3
27;2021-02-28;173;31;23359;13742;3.9;2.3
27;2021-03-01;487;443;23846;14185;4.0;2.4
27;2021-03-02;765;367;24611;14552;4.1;2.4
27;2021-03-03;852;365;25463;14917;4.2;2.5
27;2021-03-04;886;234;26349;15151;4.4;2.5
27;2021-03-05;1304;237;27653;15388;4.6;2.6
27;2021-03-06;1637;109;29290;15497;4.9;2.6
27;2021-03-07;620;16;29910;15513;5.0;2.6
27;2021-03-08;1204;304;31114;15817;5.2;2.6
27;2021-03-09;1827;263;32941;16080;5.5;2.7
27;2021-03-10;2116;347;35057;16427;5.8;2.7
27;2021-03-11;2149;223;37206;16650;6.2;2.8
27;2021-03-12;2818;200;40024;16850;6.7;2.8
27;2021-03-13;1919;124;41943;16974;7.0;2.8
27;2021-03-14;655;14;42598;16988;7.1;2.8
27;2021-03-15;1553;214;44151;17202;7.4;2.9
27;2021-03-16;1486;239;45637;17441;7.6;2.9
27;2021-03-17;1852;343;47489;17784;7.9;3.0
27;2021-03-18;1687;344;49176;18128;8.2;3.0
27;2021-03-19;1832;170;51008;18298;8.5;3.0
27;2021-03-20;903;40;51911;18338;8.6;3.1
27;2021-03-21;258;3;52169;18341;8.7;3.1
27;2021-03-22;1234;544;53403;18885;8.9;3.1
27;2021-03-23;1626;461;55029;19346;9.2;3.2
27;2021-03-24;1523;477;56552;19823;9.4;3.3
27;2021-03-25;2163;507;58715;20330;9.8;3.4
27;2021-03-26;2529;444;61244;20774;10.2;3.5
27;2021-03-27;1568;200;62812;20974;10.5;3.5
27;2021-03-28;1149;49;63961;21023;10.6;3.5
27;2021-03-29;1376;834;65337;21857;10.9;3.6
27;2021-03-30;1392;848;66729;22705;11.1;3.8
27;2021-03-31;1487;876;68216;23581;11.4;3.9
27;2021-04-01;1954;812;70170;24393;11.7;4.1
27;2021-04-02;2001;1184;72171;25577;12.0;4.3
27;2021-04-03;1562;739;73733;26316;12.3;4.4
27;2021-04-04;977;175;74710;26491;12.4;4.4
27;2021-04-05;282;6;74992;26497;12.5;4.4
27;2021-04-06;1414;1805;76406;28302;12.7;4.7
27;2021-04-07;1323;1747;77729;30049;12.9;5.0
27;2021-04-08;1683;1680;79412;31729;13.2;5.3
27;2021-04-09;2947;1561;82359;33290;13.7;5.5
27;2021-04-10;2033;982;84392;34272;14.0;5.7
27;2021-04-11;946;211;85338;34483;14.2;5.7
27;2021-04-12;2435;1512;87773;35995;14.6;6.0
27;2021-04-13;2393;1550;90166;37545;15.0;6.3
27;2021-04-14;2087;1628;92253;39173;15.4;6.5
27;2021-04-15;1876;1663;94129;40836;15.7;6.8
27;2021-04-16;2752;1115;96881;41951;16.1;7.0
27;2021-04-17;2169;495;99050;42446;16.5;7.1
27;2021-04-18;453;16;99503;42462;16.6;7.1
27;2021-04-19;1713;1175;101216;43637;16.9;7.3
27;2021-04-20;2386;1303;103602;44940;17.2;7.5
27;2021-04-21;2209;1079;105811;46019;17.6;7.7
27;2021-04-22;2178;1412;107989;47431;18.0;7.9
27;2021-04-23;2448;1177;110437;48608;18.4;8.1
27;2021-04-24;3258;1144;113695;49752;18.9;8.3
27;2021-04-25;1130;1052;114825;50804;19.1;8.5
27;2021-04-26;1924;1145;116749;51949;19.4;8.6
27;2021-04-27;2528;1091;119277;53040;19.9;8.8
27;2021-04-28;2393;1314;121670;54354;20.3;9.0
27;2021-04-29;2492;1474;124162;55828;20.7;9.3
27;2021-04-30;2371;1614;126533;57442;21.1;9.6
27;2021-05-01;2637;888;129170;58330;21.5;9.7
27;2021-05-02;1953;897;131123;59227;21.8;9.9
27;2021-05-03;3064;881;134187;60108;22.3;10.0
27;2021-05-04;2782;1648;136969;61756;22.8;10.3
27;2021-05-05;2817;1651;139786;63407;23.3;10.6
27;2021-05-06;3184;1293;142970;64700;23.8;10.8
27;2021-05-07;3325;2003;146295;66703;24.4;11.1
27;2021-05-08;2801;1331;149096;68034;24.8;11.3
27;2021-05-09;1696;298;150792;68332;25.1;11.4
27;2021-05-10;2951;2271;153743;70603;25.6;11.8
27;2021-05-11;3356;1760;157099;72363;26.2;12.0
27;2021-05-12;3462;1728;160561;74091;26.7;12.3
27;2021-05-13;1892;254;162453;74345;27.0;12.4
27;2021-05-14;3882;1788;166335;76133;27.7;12.7
27;2021-05-15;6603;955;172938;77088;28.8;12.8
27;2021-05-16;3668;436;176606;77524;29.4;12.9
27;2021-05-17;2776;1161;179382;78685;29.9;13.1
27;2021-05-18;3845;1291;183227;79976;30.5;13.3
27;2021-05-19;3967;1154;187194;81130;31.2;13.5
27;2021-05-20;3874;1167;191068;82297;31.8;13.7
27;2021-05-21;3968;1802;195036;84099;32.5;14.0
27;2021-05-22;4369;802;199405;84901;33.2;14.1
27;2021-05-23;800;173;200205;85074;33.3;14.2
27;2021-05-24;1490;341;201695;85415;33.6;14.2
27;2021-05-25;3513;1608;205208;87023;34.2;14.5
27;2021-05-26;3857;1739;209065;88762;34.8;14.8
27;2021-05-27;3787;1488;212852;90250;35.4;15.0
27;2021-05-28;3399;2630;216251;92880;36.0;15.5
27;2021-05-29;4824;2300;221075;95180;36.8;15.8
27;2021-05-30;1118;248;222193;95428;37.0;15.9
27;2021-05-31;3464;2275;225657;97703;37.6;16.3
27;2021-06-01;3815;2246;229472;99949;38.2;16.6
27;2021-06-02;3341;2185;232813;102134;38.8;17.0
27;2021-06-03;4429;2126;237242;104260;39.5;17.4
27;2021-06-04;3602;2973;240844;107233;40.1;17.9
27;2021-06-05;3211;3349;244055;110582;40.6;18.4
27;2021-06-06;2004;1007;246059;111589;41.0;18.6
27;2021-06-07;2569;2358;248628;113947;41.4;19.0
27;2021-06-08;3125;2377;251753;116324;41.9;19.4
27;2021-06-09;2304;2469;254057;118793;42.3;19.8
27;2021-06-10;2431;2039;256488;120832;42.7;20.1
27;2021-06-11;2890;3772;259378;124604;43.2;20.7
27;2021-06-12;1983;4190;261361;128794;43.5;21.4
27;2021-06-13;1083;2686;262444;131480;43.7;21.9
27;2021-06-14;1995;3114;264439;134594;44.0;22.4
27;2021-06-15;2687;3021;267126;137615;44.5;22.9
27;2021-06-16;2503;3261;269629;140876;44.9;23.5
27;2021-06-17;2295;3284;271924;144160;45.3;24.0
27;2021-06-18;2746;4419;274670;148579;45.7;24.7
27;2021-06-19;1863;3392;276533;151971;46.0;25.3
27;2021-06-20;608;711;277141;152682;46.1;25.4
27;2021-06-21;1703;3491;278844;156173;46.4;26.0
27;2021-06-22;2384;3719;281228;159892;46.8;26.6
27;2021-06-23;2075;3569;283303;163461;47.2;27.2
27;2021-06-24;2256;3412;285559;166873;47.5;27.8
27;2021-06-25;1935;4458;287494;171331;47.9;28.5
27;2021-06-26;884;5353;288378;176684;48.0;29.4
27;2021-06-27;377;1427;288755;178111;48.1;29.7
27;2021-06-28;1128;3404;289883;181515;48.3;30.2
27;2021-06-29;1702;4367;291585;185882;48.5;30.9
27;2021-06-30;2117;4093;293702;189975;48.9;31.6
27;2021-07-01;2225;3908;295927;193883;49.3;32.3
27;2021-07-02;1586;4617;297513;198500;49.5;33.0
27;2021-07-03;1308;4774;298821;203274;49.7;33.8
27;2021-07-04;503;1401;299324;204675;49.8;34.1
27;2021-07-05;1419;3531;300743;208206;50.1;34.7
27;2021-07-06;1369;4180;302112;212386;50.3;35.4
27;2021-07-07;1759;4901;303871;217287;50.6;36.2
27;2021-07-08;2089;4349;305960;221636;50.9;36.9
27;2021-07-09;1984;5285;307944;226921;51.3;37.8
27;2021-07-10;1167;4176;309111;231097;51.5;38.5
27;2021-07-11;425;1139;309536;232236;51.5;38.7
27;2021-07-12;1252;4375;310788;236611;51.7;39.4
27;2021-07-13;2759;5351;313547;241962;52.2;40.3
27;2021-07-14;1517;1751;315064;243713;52.5;40.6
27;2021-07-15;3030;5466;318094;249179;53.0;41.5
27;2021-07-16;3821;5288;321915;254467;53.6;42.4
27;2021-07-17;2733;3879;324648;258346;54.0;43.0
27;2021-07-18;551;1265;325199;259611;54.1;43.2
27;2021-07-19;3688;3790;328887;263401;54.8;43.8
27;2021-07-20;3456;3587;332343;266988;55.3;44.4
27;2021-07-21;4249;3899;336592;270887;56.0;45.1
27;2021-07-22;4748;3706;341340;274593;56.8;45.7
27;2021-07-23;3588;3399;344928;277992;57.4;46.3
27;2021-07-24;3112;2329;348040;280321;57.9;46.7
27;2021-07-25;493;544;348533;280865;58.0;46.8
27;2021-07-26;3064;3179;351597;284044;58.5;47.3
27;2021-07-27;3587;3103;355184;287147;59.1;47.8
27;2021-07-28;3578;3242;358762;290389;59.7;48.3
27;2021-07-29;4584;3505;363346;293894;60.5;48.9
27;2021-07-30;3805;3144;367151;297038;61.1;49.4
27;2021-07-31;3050;2576;370201;299614;61.6;49.9
27;2021-08-01;536;498;370737;300112;61.7;50.0
27;2021-08-02;3312;2579;374049;302691;62.3;50.4
27;2021-08-03;3412;2777;377461;305468;62.8;50.9
27;2021-08-04;3017;2332;380478;307800;63.3;51.2
27;2021-08-05;2663;2358;383141;310158;63.8;51.6
27;2021-08-06;3246;3247;386387;313405;64.3;52.2
27;2021-08-07;1790;2553;388177;315958;64.6;52.6
27;2021-08-08;219;197;388396;316155;64.7;52.6
27;2021-08-09;2204;2809;390600;318964;65.0;53.1
27;2021-08-10;2808;3503;393408;322467;65.5;53.7
27;2021-08-11;2620;3099;396028;325566;65.9;54.2
27;2021-08-12;2349;3904;398377;329470;66.3;54.8
27;2021-08-13;1729;2558;400106;332028;66.6;55.3
27;2021-08-14;1159;2889;401265;334917;66.8;55.8
27;2021-08-15;16;22;401281;334939;66.8;55.8
27;2021-08-16;1806;3805;403087;338744;67.1;56.4
27;2021-08-17;2038;3436;405125;342180;67.4;57.0
27;2021-08-18;1451;2980;406576;345160;67.7;57.5
27;2021-08-19;1705;3354;408281;348514;68.0;58.0
27;2021-08-20;1628;3437;409909;351951;68.2;58.6
27;2021-08-21;983;2845;410892;354796;68.4;59.1
27;2021-08-22;184;154;411076;354950;68.4;59.1
27;2021-08-23;1074;4003;412150;358953;68.6;59.8
28;2020-12-27;0;0;0;0;0.0;0.0
28;2020-12-28;0;0;0;0;0.0;0.0
28;2020-12-29;0;0;0;0;0.0;0.0
28;2020-12-30;0;0;0;0;0.0;0.0
28;2020-12-31;0;0;0;0;0.0;0.0
28;2021-01-01;1;0;1;0;0.0;0.0
28;2021-01-02;0;0;1;0;0.0;0.0
28;2021-01-03;0;0;1;0;0.0;0.0
28;2021-01-04;0;0;1;0;0.0;0.0
28;2021-01-05;5;0;6;0;0.0;0.0
28;2021-01-06;84;0;90;0;0.0;0.0
28;2021-01-07;102;0;192;0;0.0;0.0
28;2021-01-08;134;2;326;2;0.1;0.0
28;2021-01-09;78;0;404;2;0.1;0.0
28;2021-01-10;1;0;405;2;0.1;0.0
28;2021-01-11;204;0;609;2;0.1;0.0
28;2021-01-12;265;2;874;4;0.2;0.0
28;2021-01-13;397;3;1271;7;0.3;0.0
28;2021-01-14;449;5;1720;12;0.4;0.0
28;2021-01-15;374;3;2094;15;0.5;0.0
28;2021-01-16;206;2;2300;17;0.5;0.0
28;2021-01-17;21;0;2321;17;0.5;0.0
28;2021-01-18;372;2;2693;19;0.6;0.0
28;2021-01-19;503;4;3196;23;0.7;0.0
28;2021-01-20;636;1;3832;24;0.9;0.0
28;2021-01-21;796;3;4628;27;1.1;0.0
28;2021-01-22;478;1;5106;28;1.2;0.0
28;2021-01-23;354;0;5460;28;1.3;0.0
28;2021-01-24;1;0;5461;28;1.3;0.0
28;2021-01-25;456;4;5917;32;1.4;0.0
28;2021-01-26;718;4;6635;36;1.5;0.0
28;2021-01-27;1213;50;7848;86;1.8;0.0
28;2021-01-28;1587;93;9435;179;2.2;0.0
28;2021-01-29;896;98;10331;277;2.4;0.1
28;2021-01-30;248;54;10579;331;2.5;0.1
28;2021-01-31;2;22;10581;353;2.5;0.1
28;2021-02-01;324;122;10905;475;2.5;0.1
28;2021-02-02;368;239;11273;714;2.6;0.2
28;2021-02-03;473;259;11746;973;2.7;0.2
28;2021-02-04;525;278;12271;1251;2.9;0.3
28;2021-02-05;436;226;12707;1477;3.0;0.3
28;2021-02-06;200;129;12907;1606;3.0;0.4
28;2021-02-07;0;0;12907;1606;3.0;0.4
28;2021-02-08;331;250;13238;1856;3.1;0.4
28;2021-02-09;281;347;13519;2203;3.1;0.5
28;2021-02-10;442;400;13961;2603;3.3;0.6
28;2021-02-11;562;490;14523;3093;3.4;0.7
28;2021-02-12;453;433;14976;3526;3.5;0.8
28;2021-02-13;181;191;15157;3717;3.5;0.9
28;2021-02-14;0;2;15157;3719;3.5;0.9
28;2021-02-15;280;474;15437;4193;3.6;1.0
28;2021-02-16;394;709;15831;4902;3.7;1.1
28;2021-02-17;585;1158;16416;6060;3.8;1.4
28;2021-02-18;665;1401;17081;7461;4.0;1.7
28;2021-02-19;546;765;17627;8226;4.1;1.9
28;2021-02-20;114;145;17741;8371;4.1;1.9
28;2021-02-21;7;33;17748;8404;4.1;2.0
28;2021-02-22;223;521;17971;8925;4.2;2.1
28;2021-02-23;203;379;18174;9304;4.2;2.2
28;2021-02-24;244;478;18418;9782;4.3;2.3
28;2021-02-25;574;452;18992;10234;4.4;2.4
28;2021-02-26;764;378;19756;10612;4.6;2.5
28;2021-02-27;265;86;20021;10698;4.7;2.5
28;2021-02-28;23;17;20044;10715;4.7;2.5
28;2021-03-01;291;216;20335;10931;4.7;2.5
28;2021-03-02;397;277;20732;11208;4.8;2.6
28;2021-03-03;369;400;21101;11608;4.9;2.7
28;2021-03-04;719;488;21820;12096;5.1;2.8
28;2021-03-05;1319;420;23139;12516;5.4;2.9
28;2021-03-06;1998;85;25137;12601;5.9;2.9
28;2021-03-07;974;29;26111;12630;6.1;2.9
28;2021-03-08;398;309;26509;12939;6.2;3.0
28;2021-03-09;980;360;27489;13299;6.4;3.1
28;2021-03-10;1357;545;28846;13844;6.7;3.2
28;2021-03-11;1535;703;30381;14547;7.1;3.4
28;2021-03-12;2258;643;32639;15190;7.6;3.5
28;2021-03-13;1235;132;33874;15322;7.9;3.6
28;2021-03-14;518;18;34392;15340;8.0;3.6
28;2021-03-15;756;231;35148;15571;8.2;3.6
28;2021-03-16;716;225;35864;15796;8.4;3.7
28;2021-03-17;746;288;36610;16084;8.5;3.7
28;2021-03-18;1201;277;37811;16361;8.8;3.8
28;2021-03-19;1557;333;39368;16694;9.2;3.9
28;2021-03-20;639;21;40007;16715;9.3;3.9
28;2021-03-21;28;8;40035;16723;9.3;3.9
28;2021-03-22;767;322;40802;17045;9.5;4.0
28;2021-03-23;1027;194;41829;17239;9.7;4.0
28;2021-03-24;1312;277;43141;17516;10.0;4.1
28;2021-03-25;1797;291;44938;17807;10.5;4.1
28;2021-03-26;2083;344;47021;18151;10.9;4.2
28;2021-03-27;402;38;47423;18189;11.0;4.2
28;2021-03-28;12;0;47435;18189;11.0;4.2
28;2021-03-29;1140;353;48575;18542;11.3;4.3
28;2021-03-30;1712;249;50287;18791;11.7;4.4
28;2021-03-31;2017;483;52304;19274;12.2;4.5
28;2021-04-01;1796;586;54100;19860;12.6;4.6
28;2021-04-02;1585;1320;55685;21180;13.0;4.9
28;2021-04-03;607;1072;56292;22252;13.1;5.2
28;2021-04-04;33;302;56325;22554;13.1;5.3
28;2021-04-05;40;3;56365;22557;13.1;5.3
28;2021-04-06;1226;461;57591;23018;13.4;5.4
28;2021-04-07;1890;1005;59481;24023;13.9;5.6
28;2021-04-08;2086;1071;61567;25094;14.3;5.8
28;2021-04-09;3236;921;64803;26015;15.1;6.1
28;2021-04-10;1582;196;66385;26211;15.5;6.1
28;2021-04-11;141;451;66526;26662;15.5;6.2
28;2021-04-12;1674;560;68200;27222;15.9;6.3
28;2021-04-13;1875;671;70075;27893;16.3;6.5
28;2021-04-14;2771;901;72846;28794;17.0;6.7
28;2021-04-15;2554;1138;75400;29932;17.6;7.0
28;2021-04-16;2553;805;77953;30737;18.2;7.2
28;2021-04-17;2309;132;80262;30869;18.7;7.2
28;2021-04-18;45;8;80307;30877;18.7;7.2
28;2021-04-19;1577;648;81884;31525;19.1;7.3
28;2021-04-20;1841;597;83725;32122;19.5;7.5
28;2021-04-21;2679;962;86404;33084;20.1;7.7
28;2021-04-22;1782;1217;88186;34301;20.5;8.0
28;2021-04-23;2324;1102;90510;35403;21.1;8.2
28;2021-04-24;3657;136;94167;35539;21.9;8.3
28;2021-04-25;1012;37;95179;35576;22.2;8.3
28;2021-04-26;1331;925;96510;36501;22.5;8.5
28;2021-04-27;1435;1281;97945;37782;22.8;8.8
28;2021-04-28;2375;1828;100320;39610;23.4;9.2
28;2021-04-29;2129;1502;102449;41112;23.9;9.6
28;2021-04-30;2973;1225;105422;42337;24.5;9.9
28;2021-05-01;127;120;105549;42457;24.6;9.9
28;2021-05-02;2;65;105551;42522;24.6;9.9
28;2021-05-03;1046;1020;106597;43542;24.8;10.1
28;2021-05-04;1360;1669;107957;45211;25.1;10.5
28;2021-05-05;2830;1649;110787;46860;25.8;10.9
28;2021-05-06;2456;1475;113243;48335;26.4;11.3
28;2021-05-07;2310;1934;115553;50269;26.9;11.7
28;2021-05-08;1077;116;116630;50385;27.2;11.7
28;2021-05-09;105;610;116735;50995;27.2;11.9
28;2021-05-10;1307;1893;118042;52888;27.5;12.3
28;2021-05-11;2028;2345;120070;55233;28.0;12.9
28;2021-05-12;2620;3232;122690;58465;28.6;13.6
28;2021-05-13;290;451;122980;58916;28.6;13.7
28;2021-05-14;1898;1619;124878;60535;29.1;14.1
28;2021-05-15;1436;1674;126314;62209;29.4;14.5
28;2021-05-16;1987;130;128301;62339;29.9;14.5
28;2021-05-17;2875;1495;131176;63834;30.5;14.9
28;2021-05-18;3382;1383;134558;65217;31.3;15.2
28;2021-05-19;5092;1282;139650;66499;32.5;15.5
28;2021-05-20;4149;1230;143799;67729;33.5;15.8
28;2021-05-21;3465;1587;147264;69316;34.3;16.1
28;2021-05-22;728;1162;147992;70478;34.5;16.4
28;2021-05-23;1957;137;149949;70615;34.9;16.4
28;2021-05-24;1429;395;151378;71010;35.3;16.5
28;2021-05-25;1877;1407;153255;72417;35.7;16.9
28;2021-05-26;2765;1346;156020;73763;36.3;17.2
28;2021-05-27;2755;1234;158775;74997;37.0;17.5
28;2021-05-28;3081;1735;161856;76732;37.7;17.9
28;2021-05-29;1869;874;163725;77606;38.1;18.1
28;2021-05-30;16;47;163741;77653;38.1;18.1
28;2021-05-31;2014;937;165755;78590;38.6;18.3
28;2021-06-01;2134;1663;167889;80253;39.1;18.7
28;2021-06-02;2077;2458;169966;82711;39.6;19.3
28;2021-06-03;2497;1563;172463;84274;40.2;19.6
28;2021-06-04;2609;2358;175072;86632;40.8;20.2
28;2021-06-05;1909;2529;176981;89161;41.2;20.8
28;2021-06-06;1059;1044;178040;90205;41.5;21.0
28;2021-06-07;3577;1575;181617;91780;42.3;21.4
28;2021-06-08;3195;1517;184812;93297;43.0;21.7
28;2021-06-09;3676;2130;188488;95427;43.9;22.2
28;2021-06-10;3142;1263;191630;96690;44.6;22.5
28;2021-06-11;3793;2133;195423;98823;45.5;23.0
28;2021-06-12;1304;560;196727;99383;45.8;23.1
28;2021-06-13;385;108;197112;99491;45.9;23.2
28;2021-06-14;2208;1998;199320;101489;46.4;23.6
28;2021-06-15;2092;2225;201412;103714;46.9;24.2
28;2021-06-16;2510;3982;203922;107696;47.5;25.1
28;2021-06-17;1925;3135;205847;110831;47.9;25.8
28;2021-06-18;2471;3787;208318;114618;48.5;26.7
28;2021-06-19;776;1612;209094;116230;48.7;27.1
28;2021-06-20;23;24;209117;116254;48.7;27.1
28;2021-06-21;1684;1990;210801;118244;49.1;27.5
28;2021-06-22;1369;2107;212170;120351;49.4;28.0
28;2021-06-23;1782;3164;213952;123515;49.8;28.8
28;2021-06-24;733;930;214685;124445;50.0;29.0
28;2021-06-25;1891;3028;216576;127473;50.4;29.7
28;2021-06-26;309;2115;216885;129588;50.5;30.2
28;2021-06-27;588;1284;217473;130872;50.6;30.5
28;2021-06-28;1226;3657;218699;134529;50.9;31.3
28;2021-06-29;1342;3797;220041;138326;51.2;32.2
28;2021-06-30;1492;4259;221533;142585;51.6;33.2
28;2021-07-01;1278;3500;222811;146085;51.9;34.0
28;2021-07-02;1313;4654;224124;150739;52.2;35.1
28;2021-07-03;1132;2369;225256;153108;52.5;35.7
28;2021-07-04;146;1325;225402;154433;52.5;36.0
28;2021-07-05;1362;2511;226764;156944;52.8;36.5
28;2021-07-06;1509;2869;228273;159813;53.2;37.2
28;2021-07-07;1637;4144;229910;163957;53.5;38.2
28;2021-07-08;1469;3239;231379;167196;53.9;38.9
28;2021-07-09;1392;4521;232771;171717;54.2;40.0
28;2021-07-10;527;2209;233298;173926;54.3;40.5
28;2021-07-11;1;1;233299;173927;54.3;40.5
28;2021-07-12;1528;3930;234827;177857;54.7;41.4
28;2021-07-13;2263;4141;237090;181998;55.2;42.4
28;2021-07-14;1329;1396;238419;183394;55.5;42.7
28;2021-07-15;2985;3977;241404;187371;56.2;43.6
28;2021-07-16;2442;4754;243846;192125;56.8;44.7
28;2021-07-17;1264;2430;245110;194555;57.1;45.3
28;2021-07-18;372;944;245482;195499;57.2;45.5
28;2021-07-19;1805;4343;247287;199842;57.6;46.5
28;2021-07-20;2471;4089;249758;203931;58.2;47.5
28;2021-07-21;2965;4283;252723;208214;58.9;48.5
28;2021-07-22;3662;3429;256385;211643;59.7;49.3
28;2021-07-23;2957;4001;259342;215644;60.4;50.2
28;2021-07-24;1693;1473;261035;217117;60.8;50.6
28;2021-07-25;68;60;261103;217177;60.8;50.6
28;2021-07-26;2931;3385;264034;220562;61.5;51.4
28;2021-07-27;3883;2619;267917;223181;62.4;52.0
28;2021-07-28;3947;2738;271864;225919;63.3;52.6
28;2021-07-29;4457;2082;276321;228001;64.3;53.1
28;2021-07-30;3805;2840;280126;230841;65.2;53.8
28;2021-07-31;761;824;280887;231665;65.4;53.9
28;2021-08-01;377;64;281264;231729;65.5;54.0
28;2021-08-02;1787;1518;283051;233247;65.9;54.3
28;2021-08-03;2678;2162;285729;235409;66.5;54.8
28;2021-08-04;1928;2298;287657;237707;67.0;55.4
28;2021-08-05;1655;1729;289312;239436;67.4;55.8
28;2021-08-06;1610;1965;290922;241401;67.7;56.2
28;2021-08-07;796;1001;291718;242402;67.9;56.4
28;2021-08-08;22;33;291740;242435;67.9;56.5
28;2021-08-09;1380;1088;293120;243523;68.3;56.7
28;2021-08-10;1701;2026;294821;245549;68.7;57.2
28;2021-08-11;1268;1572;296089;247121;69.0;57.5
28;2021-08-12;1161;1884;297250;249005;69.2;58.0
28;2021-08-13;1287;1644;298537;250649;69.5;58.4
28;2021-08-14;655;841;299192;251490;69.7;58.6
28;2021-08-15;265;60;299457;251550;69.7;58.6
28;2021-08-16;857;2142;300314;253692;69.9;59.1
28;2021-08-17;1118;2795;301432;256487;70.2;59.7
28;2021-08-18;887;2411;302319;258898;70.4;60.3
28;2021-08-19;880;2611;303199;261509;70.6;60.9
28;2021-08-20;926;2747;304125;264256;70.8;61.5
28;2021-08-21;375;996;304500;265252;70.9;61.8
28;2021-08-22;8;31;304508;265283;70.9;61.8
28;2021-08-23;1038;2140;305546;267423;71.2;62.3
29;2020-12-27;0;0;0;0;0.0;0.0
29;2020-12-28;0;0;0;0;0.0;0.0
29;2020-12-29;0;0;0;0;0.0;0.0
29;2020-12-30;0;0;0;0;0.0;0.0
29;2020-12-31;0;0;0;0;0.0;0.0
29;2021-01-01;2;0;2;0;0.0;0.0
29;2021-01-02;0;0;2;0;0.0;0.0
29;2021-01-03;1;0;3;0;0.0;0.0
29;2021-01-04;32;0;35;0;0.0;0.0
29;2021-01-05;31;0;66;0;0.0;0.0
29;2021-01-06;43;0;109;0;0.0;0.0
29;2021-01-07;137;0;246;0;0.0;0.0
29;2021-01-08;408;0;654;0;0.1;0.0
29;2021-01-09;2;0;656;0;0.1;0.0
29;2021-01-10;2;0;658;0;0.1;0.0
29;2021-01-11;667;0;1325;0;0.1;0.0
29;2021-01-12;1120;0;2445;0;0.3;0.0
29;2021-01-13;1099;2;3544;2;0.4;0.0
29;2021-01-14;894;4;4438;6;0.5;0.0
29;2021-01-15;1221;7;5659;13;0.6;0.0
29;2021-01-16;168;1;5827;14;0.6;0.0
29;2021-01-17;112;1;5939;15;0.7;0.0
29;2021-01-18;839;3;6778;18;0.7;0.0
29;2021-01-19;1286;0;8064;18;0.9;0.0
29;2021-01-20;2394;2;10458;20;1.2;0.0
29;2021-01-21;5648;6;16106;26;1.8;0.0
29;2021-01-22;3761;5;19867;31;2.2;0.0
29;2021-01-23;537;0;20404;31;2.3;0.0
29;2021-01-24;200;1;20604;32;2.3;0.0
29;2021-01-25;575;7;21179;39;2.3;0.0
29;2021-01-26;951;34;22130;73;2.4;0.0
29;2021-01-27;1286;54;23416;127;2.6;0.0
29;2021-01-28;802;137;24218;264;2.7;0.0
29;2021-01-29;779;205;24997;469;2.8;0.1
29;2021-01-30;281;4;25278;473;2.8;0.1
29;2021-01-31;80;5;25358;478;2.8;0.1
29;2021-02-01;429;448;25787;926;2.8;0.1
29;2021-02-02;877;824;26664;1750;2.9;0.2
29;2021-02-03;811;894;27475;2644;3.0;0.3
29;2021-02-04;867;642;28342;3286;3.1;0.4
29;2021-02-05;675;585;29017;3871;3.2;0.4
29;2021-02-06;247;102;29264;3973;3.2;0.4
29;2021-02-07;78;105;29342;4078;3.2;0.4
29;2021-02-08;383;446;29725;4524;3.3;0.5
29;2021-02-09;863;853;30588;5377;3.4;0.6
29;2021-02-10;1150;1019;31738;6396;3.5;0.7
29;2021-02-11;1796;4164;33534;10560;3.7;1.2
29;2021-02-12;2324;2504;35858;13064;4.0;1.4
29;2021-02-13;638;413;36496;13477;4.0;1.5
29;2021-02-14;12;229;36508;13706;4.0;1.5
29;2021-02-15;266;948;36774;14654;4.1;1.6
29;2021-02-16;887;1060;37661;15714;4.2;1.7
29;2021-02-17;801;855;38462;16569;4.2;1.8
29;2021-02-18;1530;846;39992;17415;4.4;1.9
29;2021-02-19;1413;1003;41405;18418;4.6;2.0
29;2021-02-20;204;366;41609;18784;4.6;2.1
29;2021-02-21;162;169;41771;18953;4.6;2.1
29;2021-02-22;773;563;42544;19516;4.7;2.2
29;2021-02-23;1271;912;43815;20428;4.8;2.3
29;2021-02-24;1470;827;45285;21255;5.0;2.3
29;2021-02-25;2509;902;47794;22157;5.3;2.4
29;2021-02-26;2676;715;50470;22872;5.6;2.5
29;2021-02-27;1284;281;51754;23153;5.7;2.6
29;2021-02-28;200;72;51954;23225;5.7;2.6
29;2021-03-01;945;483;52899;23708;5.8;2.6
29;2021-03-02;1817;799;54716;24507;6.0;2.7
29;2021-03-03;2093;1017;56809;25524;6.3;2.8
29;2021-03-04;2843;1555;59652;27079;6.6;3.0
29;2021-03-05;3540;1683;63192;28762;7.0;3.2
29;2021-03-06;2000;439;65192;29201;7.2;3.2
29;2021-03-07;412;83;65604;29284;7.2;3.2
29;2021-03-08;1274;594;66878;29878;7.4;3.3
29;2021-03-09;2605;977;69483;30855;7.7;3.4
29;2021-03-10;2427;872;71910;31727;7.9;3.5
29;2021-03-11;4519;1000;76429;32727;8.4;3.6
29;2021-03-12;5271;968;81700;33695;9.0;3.7
29;2021-03-13;2823;408;84523;34103;9.3;3.8
29;2021-03-14;365;3;84888;34106;9.4;3.8
29;2021-03-15;2049;270;86937;34376;9.6;3.8
29;2021-03-16;1822;742;88759;35118;9.8;3.9
29;2021-03-17;1860;717;90619;35835;10.0;4.0
29;2021-03-18;1865;1038;92484;36873;10.2;4.1
29;2021-03-19;3266;881;95750;37754;10.6;4.2
29;2021-03-20;1914;222;97664;37976;10.8;4.2
29;2021-03-21;132;11;97796;37987;10.8;4.2
29;2021-03-22;1647;557;99443;38544;11.0;4.3
29;2021-03-23;3441;1036;102884;39580;11.3;4.4
29;2021-03-24;3781;1025;106665;40605;11.8;4.5
29;2021-03-25;4817;1071;111482;41676;12.3;4.6
29;2021-03-26;5422;1170;116904;42846;12.9;4.7
29;2021-03-27;2429;332;119333;43178;13.2;4.8
29;2021-03-28;198;50;119531;43228;13.2;4.8
29;2021-03-29;2040;824;121571;44052;13.4;4.9
29;2021-03-30;3974;1328;125545;45380;13.8;5.0
29;2021-03-31;3937;1154;129482;46534;14.3;5.1
29;2021-04-01;5024;1145;134506;47679;14.8;5.3
29;2021-04-02;4767;1169;139273;48848;15.4;5.4
29;2021-04-03;2500;538;141773;49386;15.6;5.4
29;2021-04-04;146;33;141919;49419;15.7;5.5
29;2021-04-05;972;331;142891;49750;15.8;5.5
29;2021-04-06;3198;1237;146089;50987;16.1;5.6
29;2021-04-07;3653;940;149742;51927;16.5;5.7
29;2021-04-08;5287;2057;155029;53984;17.1;6.0
29;2021-04-09;6750;1564;161779;55548;17.8;6.1
29;2021-04-10;3498;706;165277;56254;18.2;6.2
29;2021-04-11;120;80;165397;56334;18.2;6.2
29;2021-04-12;3853;1481;169250;57815;18.7;6.4
29;2021-04-13;5862;1759;175112;59574;19.3;6.6
29;2021-04-14;4761;1742;179873;61316;19.8;6.8
29;2021-04-15;7172;1729;187045;63045;20.6;7.0
29;2021-04-16;6703;1355;193748;64400;21.4;7.1
29;2021-04-17;3828;969;197576;65369;21.8;7.2
29;2021-04-18;489;40;198065;65409;21.8;7.2
29;2021-04-19;3881;1464;201946;66873;22.3;7.4
29;2021-04-20;4397;2136;206343;69009;22.8;7.6
29;2021-04-21;4375;2196;210718;71205;23.2;7.9
29;2021-04-22;6645;2855;217363;74060;24.0;8.2
29;2021-04-23;6046;2196;223409;76256;24.6;8.4
29;2021-04-24;4007;1318;227416;77574;25.1;8.6
29;2021-04-25;433;169;227849;77743;25.1;8.6
29;2021-04-26;5262;1882;233111;79625;25.7;8.8
29;2021-04-27;5333;3198;238444;82823;26.3;9.1
29;2021-04-28;5355;2901;243799;85724;26.9;9.5
29;2021-04-29;6592;3347;250391;89071;27.6;9.8
29;2021-04-30;6267;3914;256658;92985;28.3;10.3
29;2021-05-01;1985;978;258643;93963;28.5;10.4
29;2021-05-02;1249;195;259892;94158;28.7;10.4
29;2021-05-03;4542;2291;264434;96449;29.2;10.6
29;2021-05-04;4109;3740;268543;100189;29.6;11.1
29;2021-05-05;4517;3412;273060;103601;30.1;11.4
29;2021-05-06;6237;3717;279297;107318;30.8;11.8
29;2021-05-07;5984;4622;285281;111940;31.5;12.3
29;2021-05-08;2094;564;287375;112504;31.7;12.4
29;2021-05-09;1726;137;289101;112641;31.9;12.4
29;2021-05-10;4761;3769;293862;116410;32.4;12.8
29;2021-05-11;4712;5001;298574;121411;32.9;13.4
29;2021-05-12;5027;4384;303601;125795;33.5;13.9
29;2021-05-13;3442;1502;307043;127297;33.9;14.0
29;2021-05-14;5650;4006;312693;131303;34.5;14.5
29;2021-05-15;4048;2317;316741;133620;34.9;14.7
29;2021-05-16;1588;294;318329;133914;35.1;14.8
29;2021-05-17;5564;3133;323893;137047;35.7;15.1
29;2021-05-18;5732;3099;329625;140146;36.4;15.5
29;2021-05-19;6209;2973;335834;143119;37.0;15.8
29;2021-05-20;7176;4572;343010;147691;37.8;16.3
29;2021-05-21;7216;3815;350226;151506;38.6;16.7
29;2021-05-22;5342;2130;355568;153636;39.2;16.9
29;2021-05-23;1631;65;357199;153701;39.4;17.0
29;2021-05-24;3485;535;360684;154236;39.8;17.0
29;2021-05-25;5834;3043;366518;157279;40.4;17.3
29;2021-05-26;5894;2995;372412;160274;41.1;17.7
29;2021-05-27;6826;3987;379238;164261;41.8;18.1
29;2021-05-28;6548;4451;385786;168712;42.6;18.6
29;2021-05-29;4382;2806;390168;171518;43.0;18.9
29;2021-05-30;1115;360;391283;171878;43.2;19.0
29;2021-05-31;6384;3457;397667;175335;43.9;19.3
29;2021-06-01;6603;4352;404270;179687;44.6;19.8
29;2021-06-02;6166;4133;410436;183820;45.3;20.3
29;2021-06-03;7696;4528;418132;188348;46.1;20.8
29;2021-06-04;6814;6166;424946;194514;46.9;21.5
29;2021-06-05;5350;3036;430296;197550;47.5;21.8
29;2021-06-06;1285;538;431581;198088;47.6;21.9
29;2021-06-07;4660;5564;436241;203652;48.1;22.5
29;2021-06-08;7176;5210;443417;208862;48.9;23.0
29;2021-06-09;6409;4753;449826;213615;49.6;23.6
29;2021-06-10;7775;5067;457601;218682;50.5;24.1
29;2021-06-11;8478;5876;466079;224558;51.4;24.8
29;2021-06-12;6569;2811;472648;227369;52.1;25.1
29;2021-06-13;2352;1372;475000;228741;52.4;25.2
29;2021-06-14;4033;6323;479033;235064;52.8;25.9
29;2021-06-15;5477;6187;484510;241251;53.4;26.6
29;2021-06-16;5571;5632;490081;246883;54.1;27.2
29;2021-06-17;6364;6310;496445;253193;54.8;27.9
29;2021-06-18;6116;7488;502561;260681;55.4;28.8
29;2021-06-19;4624;3527;507185;264208;55.9;29.1
29;2021-06-20;892;1453;508077;265661;56.0;29.3
29;2021-06-21;3760;6497;511837;272158;56.5;30.0
29;2021-06-22;4488;6428;516325;278586;57.0;30.7
29;2021-06-23;4673;6130;520998;284716;57.5;31.4
29;2021-06-24;4808;6748;525806;291464;58.0;32.2
29;2021-06-25;3599;7533;529405;298997;58.4;33.0
29;2021-06-26;2129;4094;531534;303091;58.6;33.4
29;2021-06-27;968;1631;532502;304722;58.7;33.6
29;2021-06-28;2842;6863;535344;311585;59.1;34.4
29;2021-06-29;2811;7732;538155;319317;59.4;35.2
29;2021-06-30;3046;7509;541201;326826;59.7;36.1
29;2021-07-01;3787;8420;544988;335246;60.1;37.0
29;2021-07-02;3606;9671;548594;344917;60.5;38.0
29;2021-07-03;2328;6056;550922;350973;60.8;38.7
29;2021-07-04;816;1771;551738;352744;60.9;38.9
29;2021-07-05;1913;7159;553651;359903;61.1;39.7
29;2021-07-06;1537;8011;555188;367914;61.2;40.6
29;2021-07-07;1706;7042;556894;374956;61.4;41.4
29;2021-07-08;2451;8210;559345;383166;61.7;42.3
29;2021-07-09;2630;9074;561975;392240;62.0;43.3
29;2021-07-10;1919;6107;563894;398347;62.2;43.9
29;2021-07-11;449;1064;564343;399411;62.3;44.1
29;2021-07-12;1982;8377;566325;407788;62.5;45.0
29;2021-07-13;2752;8665;569077;416453;62.8;45.9
29;2021-07-14;2081;3367;571158;419820;63.0;46.3
29;2021-07-15;3847;9730;575005;429550;63.4;47.4
29;2021-07-16;4607;9198;579612;438748;63.9;48.4
29;2021-07-17;3221;6117;582833;444865;64.3;49.1
29;2021-07-18;667;1078;583500;445943;64.4;49.2
29;2021-07-19;3152;7547;586652;453490;64.7;50.0
29;2021-07-20;3545;9437;590197;462927;65.1;51.1
29;2021-07-21;3645;7728;593842;470655;65.5;51.9
29;2021-07-22;3410;8538;597252;479193;65.9;52.9
29;2021-07-23;4047;10706;601299;489899;66.3;54.0
29;2021-07-24;2530;5958;603829;495857;66.6;54.7
29;2021-07-25;654;2360;604483;498217;66.7;55.0
29;2021-07-26;3381;7281;607864;505498;67.1;55.8
29;2021-07-27;3705;7116;611569;512614;67.5;56.5
29;2021-07-28;4189;6033;615758;518647;67.9;57.2
29;2021-07-29;5672;6361;621430;525008;68.5;57.9
29;2021-07-30;5426;6532;626856;531540;69.1;58.6
29;2021-07-31;2922;4935;629778;536475;69.5;59.2
29;2021-08-01;652;923;630430;537398;69.5;59.3
29;2021-08-02;4277;5219;634707;542617;70.0;59.9
29;2021-08-03;5469;4408;640176;547025;70.6;60.3
29;2021-08-04;5700;3604;645876;550629;71.2;60.7
29;2021-08-05;6613;4108;652489;554737;72.0;61.2
29;2021-08-06;6148;4335;658637;559072;72.7;61.7
29;2021-08-07;4275;2949;662912;562021;73.1;62.0
29;2021-08-08;842;754;663754;562775;73.2;62.1
29;2021-08-09;3065;4743;666819;567518;73.6;62.6
29;2021-08-10;4466;3864;671285;571382;74.0;63.0
29;2021-08-11;3946;3183;675231;574565;74.5;63.4
29;2021-08-12;4623;4494;679854;579059;75.0;63.9
29;2021-08-13;4138;3719;683992;582778;75.4;64.3
29;2021-08-14;2953;2837;686945;585615;75.8;64.6
29;2021-08-15;337;403;687282;586018;75.8;64.6
29;2021-08-16;3276;4376;690558;590394;76.2;65.1
29;2021-08-17;4394;3414;694952;593808;76.7;65.5
29;2021-08-18;3656;3616;698608;597424;77.1;65.9
29;2021-08-19;3901;4715;702509;602139;77.5;66.4
29;2021-08-20;3492;4601;706001;606740;77.9;66.9
29;2021-08-21;2266;3165;708267;609905;78.1;67.3
29;2021-08-22;208;416;708475;610321;78.2;67.3
29;2021-08-23;2483;4623;710958;614944;78.4;67.8
2A;2020-12-27;0;0;0;0;0.0;0.0
2A;2020-12-28;0;0;0;0;0.0;0.0
2A;2020-12-29;0;0;0;0;0.0;0.0
2A;2020-12-30;0;0;0;0;0.0;0.0
2A;2020-12-31;0;0;0;0;0.0;0.0
2A;2021-01-01;0;0;0;0;0.0;0.0
2A;2021-01-02;1;0;1;0;0.0;0.0
2A;2021-01-03;0;0;1;0;0.0;0.0
2A;2021-01-04;0;0;1;0;0.0;0.0
2A;2021-01-05;0;0;1;0;0.0;0.0
2A;2021-01-06;6;0;7;0;0.0;0.0
2A;2021-01-07;122;1;129;1;0.1;0.0
2A;2021-01-08;113;0;242;1;0.1;0.0
2A;2021-01-09;39;0;281;1;0.2;0.0
2A;2021-01-10;33;0;314;1;0.2;0.0
2A;2021-01-11;76;0;390;1;0.2;0.0
2A;2021-01-12;85;0;475;1;0.3;0.0
2A;2021-01-13;111;0;586;1;0.4;0.0
2A;2021-01-14;191;1;777;2;0.5;0.0
2A;2021-01-15;149;0;926;2;0.6;0.0
2A;2021-01-16;157;1;1083;3;0.7;0.0
2A;2021-01-17;85;1;1168;4;0.7;0.0
2A;2021-01-18;200;2;1368;6;0.8;0.0
2A;2021-01-19;487;0;1855;6;1.1;0.0
2A;2021-01-20;353;0;2208;6;1.4;0.0
2A;2021-01-21;453;1;2661;7;1.6;0.0
2A;2021-01-22;367;0;3028;7;1.9;0.0
2A;2021-01-23;183;0;3211;7;2.0;0.0
2A;2021-01-24;118;1;3329;8;2.0;0.0
2A;2021-01-25;213;0;3542;8;2.2;0.0
2A;2021-01-26;402;7;3944;15;2.4;0.0
2A;2021-01-27;324;5;4268;20;2.6;0.0
2A;2021-01-28;335;80;4603;100;2.8;0.1
2A;2021-01-29;341;63;4944;163;3.0;0.1
2A;2021-01-30;127;38;5071;201;3.1;0.1
2A;2021-01-31;92;12;5163;213;3.2;0.1
2A;2021-02-01;230;51;5393;264;3.3;0.2
2A;2021-02-02;288;117;5681;381;3.5;0.2
2A;2021-02-03;265;75;5946;456;3.7;0.3
2A;2021-02-04;256;121;6202;577;3.8;0.4
2A;2021-02-05;267;105;6469;682;4.0;0.4
2A;2021-02-06;121;59;6590;741;4.1;0.5
2A;2021-02-07;68;56;6658;797;4.1;0.5
2A;2021-02-08;91;209;6749;1006;4.2;0.6
2A;2021-02-09;128;302;6877;1308;4.2;0.8
2A;2021-02-10;161;235;7038;1543;4.3;1.0
2A;2021-02-11;296;366;7334;1909;4.5;1.2
2A;2021-02-12;345;303;7679;2212;4.7;1.4
2A;2021-02-13;225;59;7904;2271;4.9;1.4
2A;2021-02-14;133;77;8037;2348;4.9;1.4
2A;2021-02-15;191;182;8228;2530;5.1;1.6
2A;2021-02-16;385;320;8613;2850;5.3;1.8
2A;2021-02-17;287;167;8900;3017;5.5;1.9
2A;2021-02-18;340;198;9240;3215;5.7;2.0
2A;2021-02-19;145;300;9385;3515;5.8;2.2
2A;2021-02-20;243;138;9628;3653;5.9;2.2
2A;2021-02-21;58;54;9686;3707;6.0;2.3
2A;2021-02-22;77;215;9763;3922;6.0;2.4
2A;2021-02-23;122;290;9885;4212;6.1;2.6
2A;2021-02-24;82;297;9967;4509;6.1;2.8
2A;2021-02-25;105;265;10072;4774;6.2;2.9
2A;2021-02-26;123;273;10195;5047;6.3;3.1
2A;2021-02-27;308;69;10503;5116;6.5;3.1
2A;2021-02-28;69;66;10572;5182;6.5;3.2
2A;2021-03-01;116;152;10688;5334;6.6;3.3
2A;2021-03-02;197;264;10885;5598;6.7;3.4
2A;2021-03-03;242;256;11127;5854;6.9;3.6
2A;2021-03-04;508;227;11635;6081;7.2;3.7
2A;2021-03-05;972;289;12607;6370;7.8;3.9
2A;2021-03-06;1166;75;13773;6445;8.5;4.0
2A;2021-03-07;1019;47;14792;6492;9.1;4.0
2A;2021-03-08;931;88;15723;6580;9.7;4.1
2A;2021-03-09;937;151;16660;6731;10.3;4.1
2A;2021-03-10;629;138;17289;6869;10.6;4.2
2A;2021-03-11;723;282;18012;7151;11.1;4.4
2A;2021-03-12;561;318;18573;7469;11.4;4.6
2A;2021-03-13;613;199;19186;7668;11.8;4.7
2A;2021-03-14;312;126;19498;7794;12.0;4.8
2A;2021-03-15;377;203;19875;7997;12.2;4.9
2A;2021-03-16;498;370;20373;8367;12.5;5.2
2A;2021-03-17;699;275;21072;8642;13.0;5.3
2A;2021-03-18;447;305;21519;8947;13.2;5.5
2A;2021-03-19;488;158;22007;9105;13.5;5.6
2A;2021-03-20;1079;261;23086;9366;14.2;5.8
2A;2021-03-21;695;54;23781;9420;14.6;5.8
2A;2021-03-22;347;67;24128;9487;14.9;5.8
2A;2021-03-23;518;58;24646;9545;15.2;5.9
2A;2021-03-24;864;91;25510;9636;15.7;5.9
2A;2021-03-25;930;143;26440;9779;16.3;6.0
2A;2021-03-26;1079;164;27519;9943;16.9;6.1
2A;2021-03-27;1189;200;28708;10143;17.7;6.2
2A;2021-03-28;241;97;28949;10240;17.8;6.3
2A;2021-03-29;283;138;29232;10378;18.0;6.4
2A;2021-03-30;383;237;29615;10615;18.2;6.5
2A;2021-03-31;446;227;30061;10842;18.5;6.7
2A;2021-04-01;638;453;30699;11295;18.9;7.0
2A;2021-04-02;904;786;31603;12081;19.5;7.4
2A;2021-04-03;646;983;32249;13064;19.9;8.0
2A;2021-04-04;579;784;32828;13848;20.2;8.5
2A;2021-04-05;525;698;33353;14546;20.5;9.0
2A;2021-04-06;549;557;33902;15103;20.9;9.3
2A;2021-04-07;789;427;34691;15530;21.4;9.6
2A;2021-04-08;1049;358;35740;15888;22.0;9.8
2A;2021-04-09;935;396;36675;16284;22.6;10.0
2A;2021-04-10;1059;381;37734;16665;23.2;10.3
2A;2021-04-11;362;256;38096;16921;23.5;10.4
2A;2021-04-12;669;342;38765;17263;23.9;10.6
2A;2021-04-13;328;380;39093;17643;24.1;10.9
2A;2021-04-14;1047;588;40140;18231;24.7;11.2
2A;2021-04-15;1044;523;41184;18754;25.4;11.5
2A;2021-04-16;871;395;42055;19149;25.9;11.8
2A;2021-04-17;1368;938;43423;20087;26.7;12.4
2A;2021-04-18;982;947;44405;21034;27.3;13.0
2A;2021-04-19;270;343;44675;21377;27.5;13.2
2A;2021-04-20;354;344;45029;21721;27.7;13.4
2A;2021-04-21;729;734;45758;22455;28.2;13.8
2A;2021-04-22;896;648;46654;23103;28.7;14.2
2A;2021-04-23;987;776;47641;23879;29.3;14.7
2A;2021-04-24;1751;984;49392;24863;30.4;15.3
2A;2021-04-25;975;305;50367;25168;31.0;15.5
2A;2021-04-26;308;226;50675;25394;31.2;15.6
2A;2021-04-27;344;349;51019;25743;31.4;15.8
2A;2021-04-28;1675;424;52694;26167;32.4;16.1
2A;2021-04-29;1054;359;53748;26526;33.1;16.3
2A;2021-04-30;1130;1060;54878;27586;33.8;17.0
2A;2021-05-01;971;575;55849;28161;34.4;17.3
2A;2021-05-02;675;707;56524;28868;34.8;17.8
2A;2021-05-03;583;576;57107;29444;35.2;18.1
2A;2021-05-04;751;535;57858;29979;35.6;18.5
2A;2021-05-05;1008;984;58866;30963;36.2;19.1
2A;2021-05-06;905;912;59771;31875;36.8;19.6
2A;2021-05-07;1156;836;60927;32711;37.5;20.1
2A;2021-05-08;422;499;61349;33210;37.8;20.4
2A;2021-05-09;783;638;62132;33848;38.3;20.8
2A;2021-05-10;453;740;62585;34588;38.5;21.3
2A;2021-05-11;652;415;63237;35003;38.9;21.6
2A;2021-05-12;922;488;64159;35491;39.5;21.9
2A;2021-05-13;919;139;65078;35630;40.1;21.9
2A;2021-05-14;798;679;65876;36309;40.6;22.4
2A;2021-05-15;781;648;66657;36957;41.0;22.8
2A;2021-05-16;737;500;67394;37457;41.5;23.1
2A;2021-05-17;583;562;67977;38019;41.9;23.4
2A;2021-05-18;615;476;68592;38495;42.2;23.7
2A;2021-05-19;787;481;69379;38976;42.7;24.0
2A;2021-05-20;692;540;70071;39516;43.1;24.3
2A;2021-05-21;535;483;70606;39999;43.5;24.6
2A;2021-05-22;441;310;71047;40309;43.7;24.8
2A;2021-05-23;533;284;71580;40593;44.1;25.0
2A;2021-05-24;125;33;71705;40626;44.1;25.0
2A;2021-05-25;416;504;72121;41130;44.4;25.3
2A;2021-05-26;426;1165;72547;42295;44.7;26.0
2A;2021-05-27;435;1111;72982;43406;44.9;26.7
2A;2021-05-28;298;916;73280;44322;45.1;27.3
2A;2021-05-29;334;900;73614;45222;45.3;27.8
2A;2021-05-30;182;507;73796;45729;45.4;28.2
2A;2021-05-31;191;414;73987;46143;45.6;28.4
2A;2021-06-01;342;729;74329;46872;45.8;28.9
2A;2021-06-02;284;940;74613;47812;45.9;29.4
2A;2021-06-03;306;851;74919;48663;46.1;30.0
2A;2021-06-04;271;1092;75190;49755;46.3;30.6
2A;2021-06-05;319;1442;75509;51197;46.5;31.5
2A;2021-06-06;173;908;75682;52105;46.6;32.1
2A;2021-06-07;170;661;75852;52766;46.7;32.5
2A;2021-06-08;323;707;76175;53473;46.9;32.9
2A;2021-06-09;297;1318;76472;54791;47.1;33.7
2A;2021-06-10;329;857;76801;55648;47.3;34.3
2A;2021-06-11;278;1021;77079;56669;47.5;34.9
2A;2021-06-12;231;665;77310;57334;47.6;35.3
2A;2021-06-13;189;797;77499;58131;47.7;35.8
2A;2021-06-14;251;921;77750;59052;47.9;36.4
2A;2021-06-15;217;507;77967;59559;48.0;36.7
2A;2021-06-16;212;776;78179;60335;48.1;37.1
2A;2021-06-17;233;592;78412;60927;48.3;37.5
2A;2021-06-18;244;914;78656;61841;48.4;38.1
2A;2021-06-19;207;690;78863;62531;48.6;38.5
2A;2021-06-20;150;692;79013;63223;48.6;38.9
2A;2021-06-21;181;791;79194;64014;48.8;39.4
2A;2021-06-22;235;842;79429;64856;48.9;39.9
2A;2021-06-23;217;569;79646;65425;49.0;40.3
2A;2021-06-24;149;369;79795;65794;49.1;40.5
2A;2021-06-25;167;472;79962;66266;49.2;40.8
2A;2021-06-26;203;873;80165;67139;49.4;41.3
2A;2021-06-27;174;794;80339;67933;49.5;41.8
2A;2021-06-28;194;704;80533;68637;49.6;42.3
2A;2021-06-29;215;689;80748;69326;49.7;42.7
2A;2021-06-30;242;493;80990;69819;49.9;43.0
2A;2021-07-01;211;486;81201;70305;50.0;43.3
2A;2021-07-02;293;370;81494;70675;50.2;43.5
2A;2021-07-03;211;617;81705;71292;50.3;43.9
2A;2021-07-04;178;664;81883;71956;50.4;44.3
2A;2021-07-05;163;235;82046;72191;50.5;44.4
2A;2021-07-06;250;391;82296;72582;50.7;44.7
2A;2021-07-07;432;611;82728;73193;50.9;45.1
2A;2021-07-08;592;705;83320;73898;51.3;45.5
2A;2021-07-09;380;421;83700;74319;51.5;45.8
2A;2021-07-10;281;346;83981;74665;51.7;46.0
2A;2021-07-11;91;162;84072;74827;51.8;46.1
2A;2021-07-12;315;349;84387;75176;52.0;46.3
2A;2021-07-13;1178;534;85565;75710;52.7;46.6
2A;2021-07-14;1622;341;87187;76051;53.7;46.8
2A;2021-07-15;1435;835;88622;76886;54.6;47.3
2A;2021-07-16;1167;467;89789;77353;55.3;47.6
2A;2021-07-17;1096;344;90885;77697;56.0;47.8
2A;2021-07-18;635;135;91520;77832;56.3;47.9
2A;2021-07-19;915;431;92435;78263;56.9;48.2
2A;2021-07-20;1283;474;93718;78737;57.7;48.5
2A;2021-07-21;1428;723;95146;79460;58.6;48.9
2A;2021-07-22;1398;768;96544;80228;59.4;49.4
2A;2021-07-23;1437;466;97981;80694;60.3;49.7
2A;2021-07-24;891;290;98872;80984;60.9;49.9
2A;2021-07-25;448;74;99320;81058;61.1;49.9
2A;2021-07-26;1197;507;100517;81565;61.9;50.2
2A;2021-07-27;1287;518;101804;82083;62.7;50.5
2A;2021-07-28;1196;586;103000;82669;63.4;50.9
2A;2021-07-29;1218;654;104218;83323;64.2;51.3
2A;2021-07-30;943;606;105161;83929;64.7;51.7
2A;2021-07-31;538;338;105699;84267;65.1;51.9
2A;2021-08-01;561;122;106260;84389;65.4;52.0
2A;2021-08-02;449;496;106709;84885;65.7;52.3
2A;2021-08-03;801;884;107510;85769;66.2;52.8
2A;2021-08-04;722;1161;108232;86930;66.6;53.5
2A;2021-08-05;902;1347;109134;88277;67.2;54.4
2A;2021-08-06;384;810;109518;89087;67.4;54.8
2A;2021-08-07;350;890;109868;89977;67.6;55.4
2A;2021-08-08;79;185;109947;90162;67.7;55.5
2A;2021-08-09;647;1138;110594;91300;68.1;56.2
2A;2021-08-10;634;1207;111228;92507;68.5;57.0
2A;2021-08-11;586;1059;111814;93566;68.8;57.6
2A;2021-08-12;734;1482;112548;95048;69.3;58.5
2A;2021-08-13;467;1062;113015;96110;69.6;59.2
2A;2021-08-14;407;764;113422;96874;69.8;59.6
2A;2021-08-15;21;26;113443;96900;69.8;59.7
2A;2021-08-16;478;1292;113921;98192;70.1;60.5
2A;2021-08-17;928;1555;114849;99747;70.7;61.4
2A;2021-08-18;522;1121;115371;100868;71.0;62.1
2A;2021-08-19;427;1008;115798;101876;71.3;62.7
2A;2021-08-20;318;569;116116;102445;71.5;63.1
2A;2021-08-21;227;535;116343;102980;71.6;63.4
2A;2021-08-22;193;618;116536;103598;71.7;63.8
2A;2021-08-23;315;743;116851;104341;71.9;64.2
2B;2020-12-27;0;0;0;0;0.0;0.0
2B;2020-12-28;0;0;0;0;0.0;0.0
2B;2020-12-29;0;0;0;0;0.0;0.0
2B;2020-12-30;0;0;0;0;0.0;0.0
2B;2020-12-31;0;0;0;0;0.0;0.0
2B;2021-01-01;0;0;0;0;0.0;0.0
2B;2021-01-02;0;0;0;0;0.0;0.0
2B;2021-01-03;0;0;0;0;0.0;0.0
2B;2021-01-04;2;0;2;0;0.0;0.0
2B;2021-01-05;0;0;2;0;0.0;0.0
2B;2021-01-06;48;1;50;1;0.0;0.0
2B;2021-01-07;210;0;260;1;0.1;0.0
2B;2021-01-08;196;2;456;3;0.3;0.0
2B;2021-01-09;39;0;495;3;0.3;0.0
2B;2021-01-10;1;0;496;3;0.3;0.0
2B;2021-01-11;75;0;571;3;0.3;0.0
2B;2021-01-12;128;1;699;4;0.4;0.0
2B;2021-01-13;93;0;792;4;0.4;0.0
2B;2021-01-14;72;0;864;4;0.5;0.0
2B;2021-01-15;258;0;1122;4;0.6;0.0
2B;2021-01-16;43;0;1165;4;0.6;0.0
2B;2021-01-17;8;0;1173;4;0.6;0.0
2B;2021-01-18;271;0;1444;4;0.8;0.0
2B;2021-01-19;501;0;1945;4;1.1;0.0
2B;2021-01-20;463;2;2408;6;1.3;0.0
2B;2021-01-21;358;0;2766;6;1.5;0.0
2B;2021-01-22;373;0;3139;6;1.7;0.0
2B;2021-01-23;61;0;3200;6;1.8;0.0
2B;2021-01-24;29;0;3229;6;1.8;0.0
2B;2021-01-25;210;2;3439;8;1.9;0.0
2B;2021-01-26;391;1;3830;9;2.1;0.0
2B;2021-01-27;342;48;4172;57;2.3;0.0
2B;2021-01-28;365;148;4537;205;2.5;0.1
2B;2021-01-29;292;163;4829;368;2.6;0.2
2B;2021-01-30;80;33;4909;401;2.7;0.2
2B;2021-01-31;60;0;4969;401;2.7;0.2
2B;2021-02-01;231;93;5200;494;2.9;0.3
2B;2021-02-02;357;78;5557;572;3.0;0.3
2B;2021-02-03;520;91;6077;663;3.3;0.4
2B;2021-02-04;458;174;6535;837;3.6;0.5
2B;2021-02-05;393;95;6928;932;3.8;0.5
2B;2021-02-06;87;14;7015;946;3.8;0.5
2B;2021-02-07;60;0;7075;946;3.9;0.5
2B;2021-02-08;230;156;7305;1102;4.0;0.6
2B;2021-02-09;586;313;7891;1415;4.3;0.8
2B;2021-02-10;485;196;8376;1611;4.6;0.9
2B;2021-02-11;382;128;8758;1739;4.8;1.0
2B;2021-02-12;298;124;9056;1863;5.0;1.0
2B;2021-02-13;77;13;9133;1876;5.0;1.0
2B;2021-02-14;62;1;9195;1877;5.0;1.0
2B;2021-02-15;190;128;9385;2005;5.1;1.1
2B;2021-02-16;252;286;9637;2291;5.3;1.3
2B;2021-02-17;312;317;9949;2608;5.5;1.4
2B;2021-02-18;215;347;10164;2955;5.6;1.6
2B;2021-02-19;164;308;10328;3263;5.7;1.8
2B;2021-02-20;32;63;10360;3326;5.7;1.8
2B;2021-02-21;27;29;10387;3355;5.7;1.8
2B;2021-02-22;133;189;10520;3544;5.8;1.9
2B;2021-02-23;231;356;10751;3900;5.9;2.1
2B;2021-02-24;228;310;10979;4210;6.0;2.3
2B;2021-02-25;245;340;11224;4550;6.2;2.5
2B;2021-02-26;298;280;11522;4830;6.3;2.7
2B;2021-02-27;60;84;11582;4914;6.4;2.7
2B;2021-02-28;1;57;11583;4971;6.4;2.7
2B;2021-03-01;246;261;11829;5232;6.5;2.9
2B;2021-03-02;352;389;12181;5621;6.7;3.1
2B;2021-03-03;299;436;12480;6057;6.8;3.3
2B;2021-03-04;447;410;12927;6467;7.1;3.5
2B;2021-03-05;619;384;13546;6851;7.4;3.8
2B;2021-03-06;682;100;14228;6951;7.8;3.8
2B;2021-03-07;361;59;14589;7010;8.0;3.8
2B;2021-03-08;301;240;14890;7250;8.2;4.0
2B;2021-03-09;383;505;15273;7755;8.4;4.3
2B;2021-03-10;630;448;15903;8203;8.7;4.5
2B;2021-03-11;584;355;16487;8558;9.0;4.7
2B;2021-03-12;966;227;17453;8785;9.6;4.8
2B;2021-03-13;511;110;17964;8895;9.9;4.9
2B;2021-03-14;226;62;18190;8957;10.0;4.9
2B;2021-03-15;515;201;18705;9158;10.3;5.0
2B;2021-03-16;570;278;19275;9436;10.6;5.2
2B;2021-03-17;529;262;19804;9698;10.9;5.3
2B;2021-03-18;551;231;20355;9929;11.2;5.4
2B;2021-03-19;805;195;21160;10124;11.6;5.6
2B;2021-03-20;656;37;21816;10161;12.0;5.6
2B;2021-03-21;429;36;22245;10197;12.2;5.6
2B;2021-03-22;546;125;22791;10322;12.5;5.7
2B;2021-03-23;789;259;23580;10581;12.9;5.8
2B;2021-03-24;832;214;24412;10795;13.4;5.9
2B;2021-03-25;824;164;25236;10959;13.8;6.0
2B;2021-03-26;958;192;26194;11151;14.4;6.1
2B;2021-03-27;1089;37;27283;11188;15.0;6.1
2B;2021-03-28;830;124;28113;11312;15.4;6.2
2B;2021-03-29;745;180;28858;11492;15.8;6.3
2B;2021-03-30;970;331;29828;11823;16.4;6.5
2B;2021-03-31;981;267;30809;12090;16.9;6.6
2B;2021-04-01;1003;230;31812;12320;17.5;6.8
2B;2021-04-02;966;414;32778;12734;18.0;7.0
2B;2021-04-03;1247;153;34025;12887;18.7;7.1
2B;2021-04-04;197;60;34222;12947;18.8;7.1
2B;2021-04-05;109;113;34331;13060;18.8;7.2
2B;2021-04-06;1033;362;35364;13422;19.4;7.4
2B;2021-04-07;1230;429;36594;13851;20.1;7.6
2B;2021-04-08;1128;408;37722;14259;20.7;7.8
2B;2021-04-09;1168;568;38890;14827;21.3;8.1
2B;2021-04-10;1353;267;40243;15094;22.1;8.3
2B;2021-04-11;815;65;41058;15159;22.5;8.3
2B;2021-04-12;852;560;41910;15719;23.0;8.6
2B;2021-04-13;1063;631;42973;16350;23.6;9.0
2B;2021-04-14;1047;494;44020;16844;24.2;9.2
2B;2021-04-15;886;519;44906;17363;24.6;9.5
2B;2021-04-16;910;649;45816;18012;25.1;9.9
2B;2021-04-17;386;447;46202;18459;25.3;10.1
2B;2021-04-18;253;342;46455;18801;25.5;10.3
2B;2021-04-19;822;437;47277;19238;25.9;10.6
2B;2021-04-20;899;847;48176;20085;26.4;11.0
2B;2021-04-21;1055;609;49231;20694;27.0;11.4
2B;2021-04-22;938;731;50169;21425;27.5;11.8
2B;2021-04-23;661;629;50830;22054;27.9;12.1
2B;2021-04-24;288;772;51118;22826;28.0;12.5
2B;2021-04-25;285;477;51403;23303;28.2;12.8
2B;2021-04-26;708;920;52111;24223;28.6;13.3
2B;2021-04-27;965;875;53076;25098;29.1;13.8
2B;2021-04-28;918;862;53994;25960;29.6;14.2
2B;2021-04-29;923;868;54917;26828;30.1;14.7
2B;2021-04-30;1132;832;56049;27660;30.8;15.2
2B;2021-05-01;460;1115;56509;28775;31.0;15.8
2B;2021-05-02;335;245;56844;29020;31.2;15.9
2B;2021-05-03;1018;495;57862;29515;31.7;16.2
2B;2021-05-04;809;1151;58671;30666;32.2;16.8
2B;2021-05-05;801;1375;59472;32041;32.6;17.6
2B;2021-05-06;1288;905;60760;32946;33.3;18.1
2B;2021-05-07;1062;988;61822;33934;33.9;18.6
2B;2021-05-08;459;856;62281;34790;34.2;19.1
2B;2021-05-09;394;684;62675;35474;34.4;19.5
2B;2021-05-10;925;801;63600;36275;34.9;19.9
2B;2021-05-11;933;1162;64533;37437;35.4;20.5
2B;2021-05-12;862;892;65395;38329;35.9;21.0
2B;2021-05-13;1028;377;66423;38706;36.4;21.2
2B;2021-05-14;718;579;67141;39285;36.8;21.6
2B;2021-05-15;702;353;67843;39638;37.2;21.7
2B;2021-05-16;300;180;68143;39818;37.4;21.8
2B;2021-05-17;1003;406;69146;40224;37.9;22.1
2B;2021-05-18;991;383;70137;40607;38.5;22.3
2B;2021-05-19;771;417;70908;41024;38.9;22.5
2B;2021-05-20;672;359;71580;41383;39.3;22.7
2B;2021-05-21;706;502;72286;41885;39.7;23.0
2B;2021-05-22;574;392;72860;42277;40.0;23.2
2B;2021-05-23;170;46;73030;42323;40.1;23.2
2B;2021-05-24;40;115;73070;42438;40.1;23.3
2B;2021-05-25;549;353;73619;42791;40.4;23.5
2B;2021-05-26;544;788;74163;43579;40.7;23.9
2B;2021-05-27;407;1131;74570;44710;40.9;24.5
2B;2021-05-28;554;906;75124;45616;41.2;25.0
2B;2021-05-29;312;353;75436;45969;41.4;25.2
2B;2021-05-30;46;45;75482;46014;41.4;25.2
2B;2021-05-31;376;832;75858;46846;41.6;25.7
2B;2021-06-01;414;1038;76272;47884;41.8;26.3
2B;2021-06-02;364;990;76636;48874;42.0;26.8
2B;2021-06-03;498;808;77134;49682;42.3;27.3
2B;2021-06-04;343;1255;77477;50937;42.5;27.9
2B;2021-06-05;257;494;77734;51431;42.7;28.2
2B;2021-06-06;51;129;77785;51560;42.7;28.3
2B;2021-06-07;282;948;78067;52508;42.8;28.8
2B;2021-06-08;399;1170;78466;53678;43.1;29.5
2B;2021-06-09;518;1177;78984;54855;43.3;30.1
2B;2021-06-10;367;939;79351;55794;43.5;30.6
2B;2021-06-11;432;1274;79783;57068;43.8;31.3
2B;2021-06-12;151;545;79934;57613;43.9;31.6
2B;2021-06-13;27;59;79961;57672;43.9;31.6
2B;2021-06-14;195;1115;80156;58787;44.0;32.3
2B;2021-06-15;345;1219;80501;60006;44.2;32.9
2B;2021-06-16;382;936;80883;60942;44.4;33.4
2B;2021-06-17;399;1047;81282;61989;44.6;34.0
2B;2021-06-18;347;960;81629;62949;44.8;34.5
2B;2021-06-19;142;328;81771;63277;44.9;34.7
2B;2021-06-20;44;194;81815;63471;44.9;34.8
2B;2021-06-21;265;962;82080;64433;45.0;35.4
2B;2021-06-22;316;1115;82396;65548;45.2;36.0
2B;2021-06-23;208;872;82604;66420;45.3;36.4
2B;2021-06-24;337;757;82941;67177;45.5;36.9
2B;2021-06-25;212;1076;83153;68253;45.6;37.4
2B;2021-06-26;105;550;83258;68803;45.7;37.8
2B;2021-06-27;32;215;83290;69018;45.7;37.9
2B;2021-06-28;328;954;83618;69972;45.9;38.4
2B;2021-06-29;270;988;83888;70960;46.0;38.9
2B;2021-06-30;380;950;84268;71910;46.2;39.5
2B;2021-07-01;225;509;84493;72419;46.4;39.7
2B;2021-07-02;218;557;84711;72976;46.5;40.0
2B;2021-07-03;91;397;84802;73373;46.5;40.3
2B;2021-07-04;2;0;84804;73373;46.5;40.3
2B;2021-07-05;264;665;85068;74038;46.7;40.6
2B;2021-07-06;450;707;85518;74745;46.9;41.0
2B;2021-07-07;376;908;85894;75653;47.1;41.5
2B;2021-07-08;183;348;86077;76001;47.2;41.7
2B;2021-07-09;248;374;86325;76375;47.4;41.9
2B;2021-07-10;196;199;86521;76574;47.5;42.0
2B;2021-07-11;13;14;86534;76588;47.5;42.0
2B;2021-07-12;494;746;87028;77334;47.7;42.4
2B;2021-07-13;822;1016;87850;78350;48.2;43.0
2B;2021-07-14;343;99;88193;78449;48.4;43.0
2B;2021-07-15;1267;582;89460;79031;49.1;43.4
2B;2021-07-16;1119;564;90579;79595;49.7;43.7
2B;2021-07-17;711;318;91290;79913;50.1;43.8
2B;2021-07-18;179;47;91469;79960;50.2;43.9
2B;2021-07-19;854;709;92323;80669;50.7;44.3
2B;2021-07-20;1210;683;93533;81352;51.3;44.6
2B;2021-07-21;1394;725;94927;82077;52.1;45.0
2B;2021-07-22;1327;604;96254;82681;52.8;45.4
2B;2021-07-23;1323;497;97577;83178;53.5;45.6
2B;2021-07-24;535;315;98112;83493;53.8;45.8
2B;2021-07-25;203;71;98315;83564;53.9;45.8
2B;2021-07-26;912;632;99227;84196;54.4;46.2
2B;2021-07-27;1572;707;100799;84903;55.3;46.6
2B;2021-07-28;1164;627;101963;85530;55.9;46.9
2B;2021-07-29;1136;447;103099;85977;56.6;47.2
2B;2021-07-30;758;347;103857;86324;57.0;47.4
2B;2021-07-31;536;232;104393;86556;57.3;47.5
2B;2021-08-01;230;57;104623;86613;57.4;47.5
2B;2021-08-02;795;466;105418;87079;57.8;47.8
2B;2021-08-03;1120;779;106538;87858;58.5;48.2
2B;2021-08-04;799;449;107337;88307;58.9;48.5
2B;2021-08-05;1010;553;108347;88860;59.4;48.8
2B;2021-08-06;697;522;109044;89382;59.8;49.0
2B;2021-08-07;302;406;109346;89788;60.0;49.3
2B;2021-08-08;93;142;109439;89930;60.0;49.3
2B;2021-08-09;531;743;109970;90673;60.3;49.7
2B;2021-08-10;736;1133;110706;91806;60.7;50.4
2B;2021-08-11;747;892;111453;92698;61.2;50.9
2B;2021-08-12;687;1047;112140;93745;61.5;51.4
2B;2021-08-13;484;947;112624;94692;61.8;52.0
2B;2021-08-14;196;439;112820;95131;61.9;52.2
2B;2021-08-15;115;173;112935;95304;62.0;52.3
2B;2021-08-16;507;1063;113442;96367;62.2;52.9
2B;2021-08-17;580;1304;114022;97671;62.6;53.6
2B;2021-08-18;507;1195;114529;98866;62.8;54.2
2B;2021-08-19;418;897;114947;99763;63.1;54.7
2B;2021-08-20;361;807;115308;100570;63.3;55.2
2B;2021-08-21;158;475;115466;101045;63.4;55.4
2B;2021-08-22;78;208;115544;101253;63.4;55.6
2B;2021-08-23;359;942;115903;102195;63.6;56.1
30;2020-12-27;1;0;1;0;0.0;0.0
30;2020-12-28;1;0;2;0;0.0;0.0
30;2020-12-29;0;0;2;0;0.0;0.0
30;2020-12-30;0;0;2;0;0.0;0.0
30;2020-12-31;0;0;2;0;0.0;0.0
30;2021-01-01;0;0;2;0;0.0;0.0
30;2021-01-02;0;0;2;0;0.0;0.0
30;2021-01-03;0;0;2;0;0.0;0.0
30;2021-01-04;1;0;3;0;0.0;0.0
30;2021-01-05;3;0;6;0;0.0;0.0
30;2021-01-06;128;0;134;0;0.0;0.0
30;2021-01-07;312;0;446;0;0.1;0.0
30;2021-01-08;531;0;977;0;0.1;0.0
30;2021-01-09;270;0;1247;0;0.2;0.0
30;2021-01-10;0;0;1247;0;0.2;0.0
30;2021-01-11;537;1;1784;1;0.2;0.0
30;2021-01-12;798;3;2582;4;0.3;0.0
30;2021-01-13;640;0;3222;4;0.4;0.0
30;2021-01-14;652;5;3874;9;0.5;0.0
30;2021-01-15;756;2;4630;11;0.6;0.0
30;2021-01-16;313;0;4943;11;0.7;0.0
30;2021-01-17;3;0;4946;11;0.7;0.0
30;2021-01-18;941;5;5887;16;0.8;0.0
30;2021-01-19;1735;7;7622;23;1.0;0.0
30;2021-01-20;1303;2;8925;25;1.2;0.0
30;2021-01-21;1226;2;10151;27;1.4;0.0
30;2021-01-22;1075;5;11226;32;1.5;0.0
30;2021-01-23;634;2;11860;34;1.6;0.0
30;2021-01-24;0;0;11860;34;1.6;0.0
30;2021-01-25;831;4;12691;38;1.7;0.0
30;2021-01-26;1056;15;13747;53;1.8;0.0
30;2021-01-27;982;111;14729;164;2.0;0.0
30;2021-01-28;712;273;15441;437;2.1;0.1
30;2021-01-29;668;444;16109;881;2.2;0.1
30;2021-01-30;472;287;16581;1168;2.2;0.2
30;2021-01-31;3;7;16584;1175;2.2;0.2
30;2021-02-01;813;436;17397;1611;2.3;0.2
30;2021-02-02;1875;680;19272;2291;2.6;0.3
30;2021-02-03;1183;486;20455;2777;2.7;0.4
30;2021-02-04;968;662;21423;3439;2.9;0.5
30;2021-02-05;599;760;22022;4199;2.9;0.6
30;2021-02-06;293;262;22315;4461;3.0;0.6
30;2021-02-07;2;8;22317;4469;3.0;0.6
30;2021-02-08;574;740;22891;5209;3.1;0.7
30;2021-02-09;983;1008;23874;6217;3.2;0.8
30;2021-02-10;986;1097;24860;7314;3.3;1.0
30;2021-02-11;928;1033;25788;8347;3.4;1.1
30;2021-02-12;617;995;26405;9342;3.5;1.2
30;2021-02-13;436;388;26841;9730;3.6;1.3
30;2021-02-14;1;21;26842;9751;3.6;1.3
30;2021-02-15;449;621;27291;10372;3.6;1.4
30;2021-02-16;460;848;27751;11220;3.7;1.5
30;2021-02-17;682;622;28433;11842;3.8;1.6
30;2021-02-18;796;528;29229;12370;3.9;1.7
30;2021-02-19;574;672;29803;13042;4.0;1.7
30;2021-02-20;223;227;30026;13269;4.0;1.8
30;2021-02-21;5;3;30031;13272;4.0;1.8
30;2021-02-22;501;761;30532;14033;4.1;1.9
30;2021-02-23;974;1466;31506;15499;4.2;2.1
30;2021-02-24;926;1192;32432;16691;4.3;2.2
30;2021-02-25;1208;893;33640;17584;4.5;2.3
30;2021-02-26;1337;599;34977;18183;4.7;2.4
30;2021-02-27;564;546;35541;18729;4.7;2.5
30;2021-02-28;2;7;35543;18736;4.7;2.5
30;2021-03-01;1340;830;36883;19566;4.9;2.6
30;2021-03-02;1712;909;38595;20475;5.2;2.7
30;2021-03-03;2310;761;40905;21236;5.5;2.8
30;2021-03-04;2638;873;43543;22109;5.8;3.0
30;2021-03-05;2762;620;46305;22729;6.2;3.0
30;2021-03-06;2997;364;49302;23093;6.6;3.1
30;2021-03-07;1860;44;51162;23137;6.8;3.1
30;2021-03-08;1551;787;52713;23924;7.0;3.2
30;2021-03-09;2275;870;54988;24794;7.3;3.3
30;2021-03-10;2355;656;57343;25450;7.7;3.4
30;2021-03-11;3055;699;60398;26149;8.1;3.5
30;2021-03-12;3113;390;63511;26539;8.5;3.5
30;2021-03-13;2227;295;65738;26834;8.8;3.6
30;2021-03-14;83;3;65821;26837;8.8;3.6
30;2021-03-15;1578;568;67399;27405;9.0;3.7
30;2021-03-16;1299;1072;68698;28477;9.2;3.8
30;2021-03-17;1456;648;70154;29125;9.4;3.9
30;2021-03-18;1648;715;71802;29840;9.6;4.0
30;2021-03-19;2250;550;74052;30390;9.9;4.1
30;2021-03-20;1400;144;75452;30534;10.1;4.1
30;2021-03-21;57;8;75509;30542;10.1;4.1
30;2021-03-22;2397;721;77906;31263;10.4;4.2
30;2021-03-23;3511;804;81417;32067;10.9;4.3
30;2021-03-24;3636;816;85053;32883;11.4;4.4
30;2021-03-25;4405;848;89458;33731;12.0;4.5
30;2021-03-26;4362;642;93820;34373;12.5;4.6
30;2021-03-27;1970;378;95790;34751;12.8;4.6
30;2021-03-28;35;29;95825;34780;12.8;4.6
30;2021-03-29;2813;1650;98638;36430;13.2;4.9
30;2021-03-30;3776;1880;102414;38310;13.7;5.1
30;2021-03-31;3507;1650;105921;39960;14.2;5.3
30;2021-04-01;4014;1463;109935;41423;14.7;5.5
30;2021-04-02;3604;1229;113539;42652;15.2;5.7
30;2021-04-03;1062;1229;114601;43881;15.3;5.9
30;2021-04-04;29;188;114630;44069;15.3;5.9
30;2021-04-05;766;287;115396;44356;15.4;5.9
30;2021-04-06;3043;1578;118439;45934;15.8;6.1
30;2021-04-07;2719;1630;121158;47564;16.2;6.4
30;2021-04-08;3920;1486;125078;49050;16.7;6.6
30;2021-04-09;4889;1517;129967;50567;17.4;6.8
30;2021-04-10;2426;1177;132393;51744;17.7;6.9
30;2021-04-11;950;59;133343;51803;17.8;6.9
30;2021-04-12;3147;1490;136490;53293;18.2;7.1
30;2021-04-13;4018;1937;140508;55230;18.8;7.4
30;2021-04-14;3386;1540;143894;56770;19.2;7.6
30;2021-04-15;3830;1465;147724;58235;19.7;7.8
30;2021-04-16;3703;1532;151427;59767;20.2;8.0
30;2021-04-17;1493;956;152920;60723;20.4;8.1
30;2021-04-18;961;66;153881;60789;20.6;8.1
30;2021-04-19;2451;2298;156332;63087;20.9;8.4
30;2021-04-20;2815;2830;159147;65917;21.3;8.8
30;2021-04-21;2602;2569;161749;68486;21.6;9.2
30;2021-04-22;3524;2314;165273;70800;22.1;9.5
30;2021-04-23;3579;2306;168852;73106;22.6;9.8
30;2021-04-24;1347;1231;170199;74337;22.7;9.9
30;2021-04-25;748;90;170947;74427;22.8;9.9
30;2021-04-26;2019;2392;172966;76819;23.1;10.3
30;2021-04-27;2951;2605;175917;79424;23.5;10.6
30;2021-04-28;2837;2484;178754;81908;23.9;10.9
30;2021-04-29;3618;2322;182372;84230;24.4;11.3
30;2021-04-30;3408;2027;185780;86257;24.8;11.5
30;2021-05-01;1749;605;187529;86862;25.1;11.6
30;2021-05-02;664;245;188193;87107;25.1;11.6
30;2021-05-03;3758;2504;191951;89611;25.6;12.0
30;2021-05-04;3983;3532;195934;93143;26.2;12.4
30;2021-05-05;3945;3130;199879;96273;26.7;12.9
30;2021-05-06;4201;3362;204080;99635;27.3;13.3
30;2021-05-07;4079;3064;208159;102699;27.8;13.7
30;2021-05-08;1605;720;209764;103419;28.0;13.8
30;2021-05-09;372;613;210136;104032;28.1;13.9
30;2021-05-10;2921;3119;213057;107151;28.5;14.3
30;2021-05-11;5387;3652;218444;110803;29.2;14.8
30;2021-05-12;5301;3222;223745;114025;29.9;15.2
30;2021-05-13;3231;1026;226976;115051;30.3;15.4
30;2021-05-14;4891;2463;231867;117514;31.0;15.7
30;2021-05-15;3409;1206;235276;118720;31.4;15.9
30;2021-05-16;397;339;235673;119059;31.5;15.9
30;2021-05-17;3798;3038;239471;122097;32.0;16.3
30;2021-05-18;4828;3036;244299;125133;32.6;16.7
30;2021-05-19;4775;2548;249074;127681;33.3;17.1
30;2021-05-20;5015;2581;254089;130262;33.9;17.4
30;2021-05-21;4888;2472;258977;132734;34.6;17.7
30;2021-05-22;3158;1293;262135;134027;35.0;17.9
30;2021-05-23;288;344;262423;134371;35.1;18.0
30;2021-05-24;785;767;263208;135138;35.2;18.1
30;2021-05-25;2656;3161;265864;138299;35.5;18.5
30;2021-05-26;2889;2567;268753;140866;35.9;18.8
30;2021-05-27;3760;2717;272513;143583;36.4;19.2
30;2021-05-28;3327;3277;275840;146860;36.9;19.6
30;2021-05-29;1687;1800;277527;148660;37.1;19.9
30;2021-05-30;360;584;277887;149244;37.1;19.9
30;2021-05-31;2830;2299;280717;151543;37.5;20.2
30;2021-06-01;3659;2797;284376;154340;38.0;20.6
30;2021-06-02;3318;2455;287694;156795;38.4;20.9
30;2021-06-03;4134;3354;291828;160149;39.0;21.4
30;2021-06-04;3904;3402;295732;163551;39.5;21.9
30;2021-06-05;1907;1312;297639;164863;39.8;22.0
30;2021-06-06;684;264;298323;165127;39.9;22.1
30;2021-06-07;4724;2527;303047;167654;40.5;22.4
30;2021-06-08;4831;3326;307878;170980;41.1;22.8
30;2021-06-09;4153;2988;312031;173968;41.7;23.2
30;2021-06-10;4611;3355;316642;177323;42.3;23.7
30;2021-06-11;4584;3813;321226;181136;42.9;24.2
30;2021-06-12;2485;1709;323711;182845;43.2;24.4
30;2021-06-13;494;341;324205;183186;43.3;24.5
30;2021-06-14;2471;4709;326676;187895;43.6;25.1
30;2021-06-15;3201;5305;329877;193200;44.1;25.8
30;2021-06-16;3109;4646;332986;197846;44.5;26.4
30;2021-06-17;3924;4372;336910;202218;45.0;27.0
30;2021-06-18;3714;4695;340624;206913;45.5;27.6
30;2021-06-19;1441;2005;342065;208918;45.7;27.9
30;2021-06-20;358;490;342423;209408;45.7;28.0
30;2021-06-21;2378;4907;344801;214315;46.1;28.6
30;2021-06-22;2364;5742;347165;220057;46.4;29.4
30;2021-06-23;2528;5342;349693;225399;46.7;30.1
30;2021-06-24;2339;4706;352032;230105;47.0;30.7
30;2021-06-25;2610;5606;354642;235711;47.4;31.5
30;2021-06-26;910;2940;355552;238651;47.5;31.9
30;2021-06-27;222;527;355774;239178;47.5;32.0
30;2021-06-28;1668;6028;357442;245206;47.8;32.8
30;2021-06-29;1837;6024;359279;251230;48.0;33.6
30;2021-06-30;2001;5258;361280;256488;48.3;34.3
30;2021-07-01;2987;4721;364267;261209;48.7;34.9
30;2021-07-02;2836;4620;367103;265829;49.0;35.5
30;2021-07-03;1153;3047;368256;268876;49.2;35.9
30;2021-07-04;115;393;368371;269269;49.2;36.0
30;2021-07-05;2026;4027;370397;273296;49.5;36.5
30;2021-07-06;2663;4973;373060;278269;49.8;37.2
30;2021-07-07;2538;4220;375598;282489;50.2;37.7
30;2021-07-08;2015;3422;377613;285911;50.5;38.2
30;2021-07-09;2407;5316;380020;291227;50.8;38.9
30;2021-07-10;1501;2156;381521;293383;51.0;39.2
30;2021-07-11;47;415;381568;293798;51.0;39.3
30;2021-07-12;2527;5152;384095;298950;51.3;39.9
30;2021-07-13;3298;6030;387393;304980;51.8;40.7
30;2021-07-14;500;548;387893;305528;51.8;40.8
30;2021-07-15;4134;5476;392027;311004;52.4;41.6
30;2021-07-16;4979;5718;397006;316722;53.0;42.3
30;2021-07-17;1705;2467;398711;319189;53.3;42.6
30;2021-07-18;146;601;398857;319790;53.3;42.7
30;2021-07-19;3372;6305;402229;326095;53.7;43.6
30;2021-07-20;4640;6514;406869;332609;54.4;44.4
30;2021-07-21;4050;5410;410919;338019;54.9;45.2
30;2021-07-22;4893;5736;415812;343755;55.6;45.9
30;2021-07-23;4987;5859;420799;349614;56.2;46.7
30;2021-07-24;2237;3265;423036;352879;56.5;47.1
30;2021-07-25;136;310;423172;353189;56.5;47.2
30;2021-07-26;4403;4123;427575;357312;57.1;47.7
30;2021-07-27;4850;4644;432425;361956;57.8;48.4
30;2021-07-28;4863;4017;437288;365973;58.4;48.9
30;2021-07-29;5906;4129;443194;370102;59.2;49.4
30;2021-07-30;5325;4386;448519;374488;59.9;50.0
30;2021-07-31;2640;1961;451159;376449;60.3;50.3
30;2021-08-01;725;309;451884;376758;60.4;50.3
30;2021-08-02;3648;4011;455532;380769;60.9;50.9
30;2021-08-03;4836;3942;460368;384711;61.5;51.4
30;2021-08-04;5236;3063;465604;387774;62.2;51.8
30;2021-08-05;4592;3771;470196;391545;62.8;52.3
30;2021-08-06;4234;4067;474430;395612;63.4;52.9
30;2021-08-07;1829;1946;476259;397558;63.6;53.1
30;2021-08-08;615;278;476874;397836;63.7;53.2
30;2021-08-09;3298;3746;480172;401582;64.2;53.7
30;2021-08-10;3898;4392;484070;405974;64.7;54.2
30;2021-08-11;3367;3482;487437;409456;65.1;54.7
30;2021-08-12;3747;4221;491184;413677;65.6;55.3
30;2021-08-13;3289;3327;494473;417004;66.1;55.7
30;2021-08-14;1113;2043;495586;419047;66.2;56.0
30;2021-08-15;260;171;495846;419218;66.2;56.0
30;2021-08-16;2159;4859;498005;424077;66.5;56.7
30;2021-08-17;2682;4178;500687;428255;66.9;57.2
30;2021-08-18;2787;3813;503474;432068;67.3;57.7
30;2021-08-19;2839;4311;506313;436379;67.6;58.3
30;2021-08-20;2583;4451;508896;440830;68.0;58.9
30;2021-08-21;1006;2876;509902;443706;68.1;59.3
30;2021-08-22;216;507;510118;444213;68.2;59.3
30;2021-08-23;1665;4463;511783;448676;68.4;59.9
31;2020-12-27;0;0;0;0;0.0;0.0
31;2020-12-28;1;0;1;0;0.0;0.0
31;2020-12-29;0;0;1;0;0.0;0.0
31;2020-12-30;0;0;1;0;0.0;0.0
31;2020-12-31;1;0;2;0;0.0;0.0
31;2021-01-01;4;0;6;0;0.0;0.0
31;2021-01-02;0;0;6;0;0.0;0.0
31;2021-01-03;2;0;8;0;0.0;0.0
31;2021-01-04;3;0;11;0;0.0;0.0
31;2021-01-05;50;0;61;0;0.0;0.0
31;2021-01-06;211;1;272;1;0.0;0.0
31;2021-01-07;284;1;556;2;0.0;0.0
31;2021-01-08;546;1;1102;3;0.1;0.0
31;2021-01-09;275;0;1377;3;0.1;0.0
31;2021-01-10;287;0;1664;3;0.1;0.0
31;2021-01-11;982;3;2646;6;0.2;0.0
31;2021-01-12;1192;0;3838;6;0.3;0.0
31;2021-01-13;1157;3;4995;9;0.4;0.0
31;2021-01-14;1177;18;6172;27;0.4;0.0
31;2021-01-15;1046;3;7218;30;0.5;0.0
31;2021-01-16;243;1;7461;31;0.5;0.0
31;2021-01-17;176;0;7637;31;0.5;0.0
31;2021-01-18;1613;5;9250;36;0.7;0.0
31;2021-01-19;2934;10;12184;46;0.9;0.0
31;2021-01-20;3665;12;15849;58;1.1;0.0
31;2021-01-21;2991;6;18840;64;1.3;0.0
31;2021-01-22;2271;5;21111;69;1.5;0.0
31;2021-01-23;728;2;21839;71;1.6;0.0
31;2021-01-24;212;1;22051;72;1.6;0.0
31;2021-01-25;1744;9;23795;81;1.7;0.0
31;2021-01-26;1838;62;25633;143;1.8;0.0
31;2021-01-27;1575;154;27208;297;1.9;0.0
31;2021-01-28;1385;301;28593;598;2.0;0.0
31;2021-01-29;1358;349;29951;947;2.1;0.1
31;2021-01-30;446;186;30397;1133;2.2;0.1
31;2021-01-31;61;209;30458;1342;2.2;0.1
31;2021-02-01;1158;732;31616;2074;2.3;0.1
31;2021-02-02;3035;804;34651;2878;2.5;0.2
31;2021-02-03;1917;778;36568;3656;2.6;0.3
31;2021-02-04;1808;844;38376;4500;2.7;0.3
31;2021-02-05;1339;576;39715;5076;2.8;0.4
31;2021-02-06;381;55;40096;5131;2.9;0.4
31;2021-02-07;37;41;40133;5172;2.9;0.4
31;2021-02-08;1115;668;41248;5840;2.9;0.4
31;2021-02-09;1677;1573;42925;7413;3.1;0.5
31;2021-02-10;1961;2476;44886;9889;3.2;0.7
31;2021-02-11;1814;1825;46700;11714;3.3;0.8
31;2021-02-12;1540;797;48240;12511;3.4;0.9
31;2021-02-13;504;228;48744;12739;3.5;0.9
31;2021-02-14;56;216;48800;12955;3.5;0.9
31;2021-02-15;442;1372;49242;14327;3.5;1.0
31;2021-02-16;464;1550;49706;15877;3.5;1.1
31;2021-02-17;471;1624;50177;17501;3.6;1.2
31;2021-02-18;477;1756;50654;19257;3.6;1.4
31;2021-02-19;393;1570;51047;20827;3.6;1.5
31;2021-02-20;69;530;51116;21357;3.6;1.5
31;2021-02-21;77;161;51193;21518;3.7;1.5
31;2021-02-22;433;1738;51626;23256;3.7;1.7
31;2021-02-23;865;3012;52491;26268;3.7;1.9
31;2021-02-24;653;2189;53144;28457;3.8;2.0
31;2021-02-25;1432;1843;54576;30300;3.9;2.2
31;2021-02-26;1711;1234;56287;31534;4.0;2.3
31;2021-02-27;638;403;56925;31937;4.1;2.3
31;2021-02-28;78;54;57003;31991;4.1;2.3
31;2021-03-01;873;1136;57876;33127;4.1;2.4
31;2021-03-02;1239;1668;59115;34795;4.2;2.5
31;2021-03-03;1355;1812;60470;36607;4.3;2.6
31;2021-03-04;2422;1506;62892;38113;4.5;2.7
31;2021-03-05;3053;1606;65945;39719;4.7;2.8
31;2021-03-06;2835;411;68780;40130;4.9;2.9
31;2021-03-07;5368;109;74148;40239;5.3;2.9
31;2021-03-08;1598;1096;75746;41335;5.4;3.0
31;2021-03-09;2791;1193;78537;42528;5.6;3.0
31;2021-03-10;2574;1099;81111;43627;5.8;3.1
31;2021-03-11;4380;1171;85491;44798;6.1;3.2
31;2021-03-12;5316;1198;90807;45996;6.5;3.3
31;2021-03-13;2836;507;93643;46503;6.7;3.3
31;2021-03-14;235;49;93878;46552;6.7;3.3
31;2021-03-15;2583;432;96461;46984;6.9;3.4
31;2021-03-16;1744;817;98205;47801;7.0;3.4
31;2021-03-17;1657;560;99862;48361;7.1;3.5
31;2021-03-18;1988;711;101850;49072;7.3;3.5
31;2021-03-19;3185;527;105035;49599;7.5;3.5
31;2021-03-20;1794;140;106829;49739;7.6;3.6
31;2021-03-21;210;35;107039;49774;7.6;3.6
31;2021-03-22;2577;372;109616;50146;7.8;3.6
31;2021-03-23;4055;320;113671;50466;8.1;3.6
31;2021-03-24;4356;293;118027;50759;8.4;3.6
31;2021-03-25;6039;525;124066;51284;8.9;3.7
31;2021-03-26;5464;516;129530;51800;9.2;3.7
31;2021-03-27;4350;210;133880;52010;9.6;3.7
31;2021-03-28;2291;49;136171;52059;9.7;3.7
31;2021-03-29;4206;430;140377;52489;10.0;3.7
31;2021-03-30;6594;555;146971;53044;10.5;3.8
31;2021-03-31;5648;381;152619;53425;10.9;3.8
31;2021-04-01;6962;557;159581;53982;11.4;3.9
31;2021-04-02;6101;589;165682;54571;11.8;3.9
31;2021-04-03;3927;153;169609;54724;12.1;3.9
31;2021-04-04;2059;111;171668;54835;12.3;3.9
31;2021-04-05;481;70;172149;54905;12.3;3.9
31;2021-04-06;4165;1151;176314;56056;12.6;4.0
31;2021-04-07;5986;981;182300;57037;13.0;4.1
31;2021-04-08;7567;1034;189867;58071;13.6;4.1
31;2021-04-09;8386;1257;198253;59328;14.2;4.2
31;2021-04-10;4718;543;202971;59871;14.5;4.3
31;2021-04-11;2067;139;205038;60010;14.6;4.3
31;2021-04-12;6000;1838;211038;61848;15.1;4.4
31;2021-04-13;8030;2023;219068;63871;15.6;4.6
31;2021-04-14;6650;1924;225718;65795;16.1;4.7
31;2021-04-15;7770;2240;233488;68035;16.7;4.9
31;2021-04-16;7181;2092;240669;70127;17.2;5.0
31;2021-04-17;4412;907;245081;71034;17.5;5.1
31;2021-04-18;2512;355;247593;71389;17.7;5.1
31;2021-04-19;5221;2030;252814;73419;18.0;5.2
31;2021-04-20;6071;2849;258885;76268;18.5;5.4
31;2021-04-21;5975;2799;264860;79067;18.9;5.6
31;2021-04-22;6380;3243;271240;82310;19.4;5.9
31;2021-04-23;6280;2579;277520;84889;19.8;6.1
31;2021-04-24;1614;3142;279134;88031;19.9;6.3
31;2021-04-25;687;2094;279821;90125;20.0;6.4
31;2021-04-26;3793;3225;283614;93350;20.2;6.7
31;2021-04-27;4516;3901;288130;97251;20.6;6.9
31;2021-04-28;4545;3575;292675;100826;20.9;7.2
31;2021-04-29;5184;4069;297859;104895;21.3;7.5
31;2021-04-30;5036;4135;302895;109030;21.6;7.8
31;2021-05-01;1488;3119;304383;112149;21.7;8.0
31;2021-05-02;1415;1981;305798;114130;21.8;8.1
31;2021-05-03;5655;2425;311453;116555;22.2;8.3
31;2021-05-04;4781;4742;316234;121297;22.6;8.7
31;2021-05-05;2994;5720;319228;127017;22.8;9.1
31;2021-05-06;3637;7384;322865;134401;23.0;9.6
31;2021-05-07;5258;7179;328123;141580;23.4;10.1
31;2021-05-08;3632;3104;331755;144684;23.7;10.3
31;2021-05-09;3760;2309;335515;146993;23.9;10.5
31;2021-05-10;5685;5481;341200;152474;24.4;10.9
31;2021-05-11;6662;6702;347862;159176;24.8;11.4
31;2021-05-12;6172;5937;354034;165113;25.3;11.8
31;2021-05-13;4643;2063;358677;167176;25.6;11.9
31;2021-05-14;6911;3984;365588;171160;26.1;12.2
31;2021-05-15;5144;1755;370732;172915;26.5;12.3
31;2021-05-16;3299;633;374031;173548;26.7;12.4
31;2021-05-17;5143;4151;379174;177699;27.1;12.7
31;2021-05-18;5589;4275;384763;181974;27.5;13.0
31;2021-05-19;5782;3764;390545;185738;27.9;13.3
31;2021-05-20;6474;4805;397019;190543;28.3;13.6
31;2021-05-21;5983;4609;403002;195152;28.8;13.9
31;2021-05-22;4084;1629;407086;196781;29.1;14.0
31;2021-05-23;3584;342;410670;197123;29.3;14.1
31;2021-05-24;3880;706;414550;197829;29.6;14.1
31;2021-05-25;6189;3610;420739;201439;30.0;14.4
31;2021-05-26;5609;4642;426348;206081;30.4;14.7
31;2021-05-27;4787;6201;431135;212282;30.8;15.2
31;2021-05-28;4115;6351;435250;218633;31.1;15.6
31;2021-05-29;1918;4030;437168;222663;31.2;15.9
31;2021-05-30;751;2362;437919;225025;31.3;16.1
31;2021-05-31;4397;5088;442316;230113;31.6;16.4
31;2021-06-01;5955;6565;448271;236678;32.0;16.9
31;2021-06-02;5802;6315;454073;242993;32.4;17.3
31;2021-06-03;7309;8144;461382;251137;32.9;17.9
31;2021-06-04;7542;7165;468924;258302;33.5;18.4
31;2021-06-05;9078;2773;478002;261075;34.1;18.6
31;2021-06-06;8113;1580;486115;262655;34.7;18.7
31;2021-06-07;7989;5471;494104;268126;35.3;19.1
31;2021-06-08;9106;6051;503210;274177;35.9;19.6
31;2021-06-09;8921;5553;512131;279730;36.6;20.0
31;2021-06-10;9784;6364;521915;286094;37.3;20.4
31;2021-06-11;10048;6640;531963;292734;38.0;20.9
31;2021-06-12;8792;3019;540755;295753;38.6;21.1
31;2021-06-13;8374;2017;549129;297770;39.2;21.3
31;2021-06-14;8432;6733;557561;304503;39.8;21.7
31;2021-06-15;9778;7441;567339;311944;40.5;22.3
31;2021-06-16;8734;5258;576073;317202;41.1;22.6
31;2021-06-17;8275;6607;584348;323809;41.7;23.1
31;2021-06-18;8552;7752;592900;331561;42.3;23.7
31;2021-06-19;7365;5437;600265;336998;42.8;24.1
31;2021-06-20;5572;3726;605837;340724;43.2;24.3
31;2021-06-21;5375;6918;611212;347642;43.6;24.8
31;2021-06-22;4985;8222;616197;355864;44.0;25.4
31;2021-06-23;5109;7277;621306;363141;44.3;25.9
31;2021-06-24;4634;8321;625940;371462;44.7;26.5
31;2021-06-25;5017;9311;630957;380773;45.0;27.2
31;2021-06-26;4285;6400;635242;387173;45.3;27.6
31;2021-06-27;3597;4105;638839;391278;45.6;27.9
31;2021-06-28;4102;6647;642941;397925;45.9;28.4
31;2021-06-29;3799;7569;646740;405494;46.2;28.9
31;2021-06-30;4279;7807;651019;413301;46.5;29.5
31;2021-07-01;4090;8469;655109;421770;46.8;30.1
31;2021-07-02;4109;9324;659218;431094;47.1;30.8
31;2021-07-03;4097;6111;663315;437205;47.3;31.2
31;2021-07-04;3204;4810;666519;442015;47.6;31.6
31;2021-07-05;4056;7097;670575;449112;47.9;32.1
31;2021-07-06;3889;8370;674464;457482;48.1;32.7
31;2021-07-07;3960;7964;678424;465446;48.4;33.2
31;2021-07-08;4047;8538;682471;473984;48.7;33.8
31;2021-07-09;4461;8797;686932;482781;49.0;34.5
31;2021-07-10;3917;5495;690849;488276;49.3;34.9
31;2021-07-11;3138;4125;693987;492401;49.5;35.1
31;2021-07-12;3821;8627;697808;501028;49.8;35.8
31;2021-07-13;6920;9432;704728;510460;50.3;36.4
31;2021-07-14;6162;3924;710890;514384;50.7;36.7
31;2021-07-15;8513;9436;719403;523820;51.4;37.4
31;2021-07-16;7771;9909;727174;533729;51.9;38.1
31;2021-07-17;8361;10543;735535;544272;52.5;38.9
31;2021-07-18;6626;9465;742161;553737;53.0;39.5
31;2021-07-19;4789;10770;746950;564507;53.3;40.3
31;2021-07-20;7155;11472;754105;575979;53.8;41.1
31;2021-07-21;7025;11523;761130;587502;54.3;41.9
31;2021-07-22;8155;11751;769285;599253;54.9;42.8
31;2021-07-23;7461;11806;776746;611059;55.4;43.6
31;2021-07-24;10299;10541;787045;621600;56.2;44.4
31;2021-07-25;7560;8788;794605;630388;56.7;45.0
31;2021-07-26;5518;9533;800123;639921;57.1;45.7
31;2021-07-27;7951;9187;808074;649108;57.7;46.3
31;2021-07-28;8666;8261;816740;657369;58.3;46.9
31;2021-07-29;8830;8031;825570;665400;58.9;47.5
31;2021-07-30;7649;7981;833219;673381;59.5;48.1
31;2021-07-31;5993;7391;839212;680772;59.9;48.6
31;2021-08-01;4411;4295;843623;685067;60.2;48.9
31;2021-08-02;5471;5415;849094;690482;60.6;49.3
31;2021-08-03;5842;5185;854936;695667;61.0;49.7
31;2021-08-04;5864;4796;860800;700463;61.4;50.0
31;2021-08-05;5544;7221;866344;707684;61.8;50.5
31;2021-08-06;5261;7325;871605;715009;62.2;51.0
31;2021-08-07;4571;6641;876176;721650;62.5;51.5
31;2021-08-08;3366;5565;879542;727215;62.8;51.9
31;2021-08-09;4370;7012;883912;734227;63.1;52.4
31;2021-08-10;4631;6277;888543;740504;63.4;52.9
31;2021-08-11;4509;5855;893052;746359;63.7;53.3
31;2021-08-12;4498;6743;897550;753102;64.1;53.8
31;2021-08-13;4110;6182;901660;759284;64.4;54.2
31;2021-08-14;3027;6453;904687;765737;64.6;54.7
31;2021-08-15;1288;4094;905975;769831;64.7;55.0
31;2021-08-16;3199;8113;909174;777944;64.9;55.5
31;2021-08-17;3401;7087;912575;785031;65.1;56.0
31;2021-08-18;3296;6997;915871;792028;65.4;56.5
31;2021-08-19;2942;6976;918813;799004;65.6;57.0
31;2021-08-20;2944;7377;921757;806381;65.8;57.6
31;2021-08-21;1962;6783;923719;813164;65.9;58.0
31;2021-08-22;1481;5627;925200;818791;66.0;58.4
31;2021-08-23;2273;7706;927473;826497;66.2;59.0
32;2020-12-27;0;0;0;0;0.0;0.0
32;2020-12-28;0;0;0;0;0.0;0.0
32;2020-12-29;0;0;0;0;0.0;0.0
32;2020-12-30;0;0;0;0;0.0;0.0
32;2020-12-31;0;0;0;0;0.0;0.0
32;2021-01-01;0;0;0;0;0.0;0.0
32;2021-01-02;0;0;0;0;0.0;0.0
32;2021-01-03;0;0;0;0;0.0;0.0
32;2021-01-04;3;0;3;0;0.0;0.0
32;2021-01-05;1;0;4;0;0.0;0.0
32;2021-01-06;2;0;6;0;0.0;0.0
32;2021-01-07;155;0;161;0;0.1;0.0
32;2021-01-08;70;0;231;0;0.1;0.0
32;2021-01-09;5;0;236;0;0.1;0.0
32;2021-01-10;1;0;237;0;0.1;0.0
32;2021-01-11;11;0;248;0;0.1;0.0
32;2021-01-12;96;0;344;0;0.2;0.0
32;2021-01-13;325;0;669;0;0.4;0.0
32;2021-01-14;378;3;1047;3;0.6;0.0
32;2021-01-15;448;1;1495;4;0.8;0.0
32;2021-01-16;16;2;1511;6;0.8;0.0
32;2021-01-17;1;0;1512;6;0.8;0.0
32;2021-01-18;345;1;1857;7;1.0;0.0
32;2021-01-19;418;0;2275;7;1.2;0.0
32;2021-01-20;358;0;2633;7;1.4;0.0
32;2021-01-21;582;0;3215;7;1.7;0.0
32;2021-01-22;372;0;3587;7;1.9;0.0
32;2021-01-23;180;0;3767;7;2.0;0.0
32;2021-01-24;5;0;3772;7;2.0;0.0
32;2021-01-25;468;1;4240;8;2.2;0.0
32;2021-01-26;608;0;4848;8;2.6;0.0
32;2021-01-27;701;4;5549;12;2.9;0.0
32;2021-01-28;687;15;6236;27;3.3;0.0
32;2021-01-29;460;53;6696;80;3.5;0.0
32;2021-01-30;260;0;6956;80;3.7;0.0
32;2021-01-31;4;5;6960;85;3.7;0.0
32;2021-02-01;288;58;7248;143;3.8;0.1
32;2021-02-02;638;139;7886;282;4.1;0.1
32;2021-02-03;338;200;8224;482;4.3;0.3
32;2021-02-04;426;279;8650;761;4.6;0.4
32;2021-02-05;348;360;8998;1121;4.7;0.6
32;2021-02-06;147;0;9145;1121;4.8;0.6
32;2021-02-07;0;36;9145;1157;4.8;0.6
32;2021-02-08;278;121;9423;1278;5.0;0.7
32;2021-02-09;309;229;9732;1507;5.1;0.8
32;2021-02-10;271;254;10003;1761;5.3;0.9
32;2021-02-11;382;317;10385;2078;5.5;1.1
32;2021-02-12;297;280;10682;2358;5.6;1.2
32;2021-02-13;249;1;10931;2359;5.8;1.2
32;2021-02-14;0;28;10931;2387;5.8;1.3
32;2021-02-15;25;212;10956;2599;5.8;1.4
32;2021-02-16;393;367;11349;2966;6.0;1.6
32;2021-02-17;191;474;11540;3440;6.1;1.8
32;2021-02-18;331;494;11871;3934;6.2;2.1
32;2021-02-19;184;278;12055;4212;6.3;2.2
32;2021-02-20;1;120;12056;4332;6.3;2.3
32;2021-02-21;0;0;12056;4332;6.3;2.3
32;2021-02-22;158;385;12214;4717;6.4;2.5
32;2021-02-23;431;566;12645;5283;6.7;2.8
32;2021-02-24;277;380;12922;5663;6.8;3.0
32;2021-02-25;481;518;13403;6181;7.1;3.3
32;2021-02-26;444;385;13847;6566;7.3;3.5
32;2021-02-27;157;246;14004;6812;7.4;3.6
32;2021-02-28;4;0;14008;6812;7.4;3.6
32;2021-03-01;51;300;14059;7112;7.4;3.7
32;2021-03-02;414;446;14473;7558;7.6;4.0
32;2021-03-03;276;292;14749;7850;7.8;4.1
32;2021-03-04;540;337;15289;8187;8.0;4.3
32;2021-03-05;437;249;15726;8436;8.3;4.4
32;2021-03-06;522;167;16248;8603;8.5;4.5
32;2021-03-07;25;5;16273;8608;8.6;4.5
32;2021-03-08;234;291;16507;8899;8.7;4.7
32;2021-03-09;643;329;17150;9228;9.0;4.9
32;2021-03-10;482;329;17632;9557;9.3;5.0
32;2021-03-11;854;293;18486;9850;9.7;5.2
32;2021-03-12;882;340;19368;10190;10.2;5.4
32;2021-03-13;492;248;19860;10438;10.5;5.5
32;2021-03-14;1;0;19861;10438;10.5;5.5
32;2021-03-15;267;26;20128;10464;10.6;5.5
32;2021-03-16;314;307;20442;10771;10.8;5.7
32;2021-03-17;150;156;20592;10927;10.8;5.7
32;2021-03-18;375;308;20967;11235;11.0;5.9
32;2021-03-19;404;182;21371;11417;11.2;6.0
32;2021-03-20;136;33;21507;11450;11.3;6.0
32;2021-03-21;0;0;21507;11450;11.3;6.0
32;2021-03-22;340;170;21847;11620;11.5;6.1
32;2021-03-23;560;399;22407;12019;11.8;6.3
32;2021-03-24;643;270;23050;12289;12.1;6.5
32;2021-03-25;899;416;23949;12705;12.6;6.7
32;2021-03-26;657;294;24606;12999;12.9;6.8
32;2021-03-27;165;3;24771;13002;13.0;6.8
32;2021-03-28;1;1;24772;13003;13.0;6.8
32;2021-03-29;371;48;25143;13051;13.2;6.9
32;2021-03-30;766;290;25909;13341;13.6;7.0
32;2021-03-31;654;173;26563;13514;14.0;7.1
32;2021-04-01;1238;321;27801;13835;14.6;7.3
32;2021-04-02;575;167;28376;14002;14.9;7.4
32;2021-04-03;114;0;28490;14002;15.0;7.4
32;2021-04-04;0;0;28490;14002;15.0;7.4
32;2021-04-05;0;0;28490;14002;15.0;7.4
32;2021-04-06;2646;311;31136;14313;16.4;7.5
32;2021-04-07;1178;204;32314;14517;17.0;7.6
32;2021-04-08;1736;406;34050;14923;17.9;7.9
32;2021-04-09;883;218;34933;15141;18.4;8.0
32;2021-04-10;808;29;35741;15170;18.8;8.0
32;2021-04-11;14;0;35755;15170;18.8;8.0
32;2021-04-12;477;23;36232;15193;19.1;8.0
32;2021-04-13;2469;385;38701;15578;20.4;8.2
32;2021-04-14;1227;263;39928;15841;21.0;8.3
32;2021-04-15;1704;392;41632;16233;21.9;8.5
32;2021-04-16;638;282;42270;16515;22.2;8.7
32;2021-04-17;783;38;43053;16553;22.7;8.7
32;2021-04-18;13;1;43066;16554;22.7;8.7
32;2021-04-19;502;46;43568;16600;22.9;8.7
32;2021-04-20;2472;390;46040;16990;24.2;8.9
32;2021-04-21;1010;303;47050;17293;24.8;9.1
32;2021-04-22;1662;321;48712;17614;25.6;9.3
32;2021-04-23;549;159;49261;17773;25.9;9.4
32;2021-04-24;1392;55;50653;17828;26.7;9.4
32;2021-04-25;0;11;50653;17839;26.7;9.4
32;2021-04-26;387;359;51040;18198;26.9;9.6
32;2021-04-27;2552;553;53592;18751;28.2;9.9
32;2021-04-28;971;356;54563;19107;28.7;10.1
32;2021-04-29;1009;885;55572;19992;29.2;10.5
32;2021-04-30;453;361;56025;20353;29.5;10.7
32;2021-05-01;2606;96;58631;20449;30.9;10.8
32;2021-05-02;0;0;58631;20449;30.9;10.8
32;2021-05-03;171;321;58802;20770;30.9;10.9
32;2021-05-04;792;2496;59594;23266;31.4;12.2
32;2021-05-05;2360;1098;61954;24364;32.6;12.8
32;2021-05-06;516;1660;62470;26024;32.9;13.7
32;2021-05-07;2286;538;64756;26562;34.1;14.0
32;2021-05-08;71;516;64827;27078;34.1;14.2
32;2021-05-09;21;179;64848;27257;34.1;14.3
32;2021-05-10;1993;551;66841;27808;35.2;14.6
32;2021-05-11;651;2276;67492;30084;35.5;15.8
32;2021-05-12;2313;1139;69805;31223;36.7;16.4
32;2021-05-13;281;1415;70086;32638;36.9;17.2
32;2021-05-14;2222;327;72308;32965;38.0;17.3
32;2021-05-15;134;712;72442;33677;38.1;17.7
32;2021-05-16;2;0;72444;33677;38.1;17.7
32;2021-05-17;353;170;72797;33847;38.3;17.8
32;2021-05-18;1642;297;74439;34144;39.2;18.0
32;2021-05-19;2474;273;76913;34417;40.5;18.1
32;2021-05-20;2887;471;79800;34888;42.0;18.4
32;2021-05-21;2535;501;82335;35389;43.3;18.6
32;2021-05-22;335;111;82670;35500;43.5;18.7
32;2021-05-23;2;13;82672;35513;43.5;18.7
32;2021-05-24;3;0;82675;35513;43.5;18.7
32;2021-05-25;1983;374;84658;35887;44.5;18.9
32;2021-05-26;2548;556;87206;36443;45.9;19.2
32;2021-05-27;2877;627;90083;37070;47.4;19.5
32;2021-05-28;2310;766;92393;37836;48.6;19.9
32;2021-05-29;372;312;92765;38148;48.8;20.1
32;2021-05-30;4;6;92769;38154;48.8;20.1
32;2021-05-31;1414;625;94183;38779;49.6;20.4
32;2021-06-01;565;2889;94748;41668;49.9;21.9
32;2021-06-02;1579;1354;96327;43022;50.7;22.6
32;2021-06-03;396;2086;96723;45108;50.9;23.7
32;2021-06-04;1837;830;98560;45938;51.9;24.2
32;2021-06-05;206;1661;98766;47599;52.0;25.0
32;2021-06-06;8;14;98774;47613;52.0;25.1
32;2021-06-07;103;418;98877;48031;52.0;25.3
32;2021-06-08;663;2541;99540;50572;52.4;26.6
32;2021-06-09;1191;1054;100731;51626;53.0;27.2
32;2021-06-10;685;1225;101416;52851;53.4;27.8
32;2021-06-11;927;663;102343;53514;53.9;28.2
32;2021-06-12;150;2680;102493;56194;53.9;29.6
32;2021-06-13;1;1;102494;56195;53.9;29.6
32;2021-06-14;529;210;103023;56405;54.2;29.7
32;2021-06-15;1735;1027;104758;57432;55.1;30.2
32;2021-06-16;850;2777;105608;60209;55.6;31.7
32;2021-06-17;860;830;106468;61039;56.0;32.1
32;2021-06-18;315;2724;106783;63763;56.2;33.6
32;2021-06-19;914;436;107697;64199;56.7;33.8
32;2021-06-20;5;13;107702;64212;56.7;33.8
32;2021-06-21;67;1994;107769;66206;56.7;34.8
32;2021-06-22;1043;970;108812;67176;57.3;35.3
32;2021-06-23;516;2183;109328;69359;57.5;36.5
32;2021-06-24;528;520;109856;69879;57.8;36.8
32;2021-06-25;501;2359;110357;72238;58.1;38.0
32;2021-06-26;108;171;110465;72409;58.1;38.1
32;2021-06-27;2;5;110467;72414;58.1;38.1
32;2021-06-28;629;601;111096;73015;58.5;38.4
32;2021-06-29;800;1984;111896;74999;58.9;39.5
32;2021-06-30;757;2725;112653;77724;59.3;40.9
32;2021-07-01;540;2640;113193;80364;59.6;42.3
32;2021-07-02;641;2335;113834;82699;59.9;43.5
32;2021-07-03;482;506;114316;83205;60.2;43.8
32;2021-07-04;1;12;114317;83217;60.2;43.8
32;2021-07-05;76;391;114393;83608;60.2;44.0
32;2021-07-06;880;2080;115273;85688;60.7;45.1
32;2021-07-07;780;2756;116053;88444;61.1;46.5
32;2021-07-08;478;2266;116531;90710;61.3;47.7
32;2021-07-09;615;2226;117146;92936;61.6;48.9
32;2021-07-10;537;521;117683;93457;61.9;49.2
32;2021-07-11;0;5;117683;93462;61.9;49.2
32;2021-07-12;526;1243;118209;94705;62.2;49.8
32;2021-07-13;1694;1815;119903;96520;63.1;50.8
32;2021-07-14;491;33;120394;96553;63.4;50.8
32;2021-07-15;2093;888;122487;97441;64.5;51.3
32;2021-07-16;1169;1911;123656;99352;65.1;52.3
32;2021-07-17;78;129;123734;99481;65.1;52.3
32;2021-07-18;2;5;123736;99486;65.1;52.4
32;2021-07-19;1995;146;125731;99632;66.2;52.4
32;2021-07-20;2036;1268;127767;100900;67.2;53.1
32;2021-07-21;1610;1688;129377;102588;68.1;54.0
32;2021-07-22;1947;506;131324;103094;69.1;54.2
32;2021-07-23;1403;1728;132727;104822;69.8;55.2
32;2021-07-24;139;118;132866;104940;69.9;55.2
32;2021-07-25;34;10;132900;104950;69.9;55.2
32;2021-07-26;1068;1071;133968;106021;70.5;55.8
32;2021-07-27;1723;2096;135691;108117;71.4;56.9
32;2021-07-28;690;975;136381;109092;71.8;57.4
32;2021-07-29;1686;1599;138067;110691;72.7;58.2
32;2021-07-30;363;349;138430;111040;72.8;58.4
32;2021-07-31;185;351;138615;111391;72.9;58.6
32;2021-08-01;18;4;138633;111395;72.9;58.6
32;2021-08-02;80;76;138713;111471;73.0;58.7
32;2021-08-03;1177;1790;139890;113261;73.6;59.6
32;2021-08-04;630;654;140520;113915;73.9;59.9
32;2021-08-05;1100;1936;141620;115851;74.5;61.0
32;2021-08-06;560;494;142180;116345;74.8;61.2
32;2021-08-07;148;93;142328;116438;74.9;61.3
32;2021-08-08;0;0;142328;116438;74.9;61.3
32;2021-08-09;260;1824;142588;118262;75.0;62.2
32;2021-08-10;713;2081;143301;120343;75.4;63.3
32;2021-08-11;576;446;143877;120789;75.7;63.6
32;2021-08-12;932;2101;144809;122890;76.2;64.7
32;2021-08-13;177;251;144986;123141;76.3;64.8
32;2021-08-14;111;118;145097;123259;76.4;64.9
32;2021-08-15;12;21;145109;123280;76.4;64.9
32;2021-08-16;41;39;145150;123319;76.4;64.9
32;2021-08-17;573;2300;145723;125619;76.7;66.1
32;2021-08-18;309;558;146032;126177;76.8;66.4
32;2021-08-19;951;1408;146983;127585;77.3;67.1
32;2021-08-20;152;165;147135;127750;77.4;67.2
32;2021-08-21;149;189;147284;127939;77.5;67.3
32;2021-08-22;8;3;147292;127942;77.5;67.3
32;2021-08-23;41;100;147333;128042;77.5;67.4
33;2020-12-27;2;0;2;0;0.0;0.0
33;2020-12-28;3;0;5;0;0.0;0.0
33;2020-12-29;0;0;5;0;0.0;0.0
33;2020-12-30;0;0;5;0;0.0;0.0
33;2020-12-31;0;0;5;0;0.0;0.0
33;2021-01-01;0;0;5;0;0.0;0.0
33;2021-01-02;1;0;6;0;0.0;0.0
33;2021-01-03;0;0;6;0;0.0;0.0
33;2021-01-04;2;0;8;0;0.0;0.0
33;2021-01-05;2;0;10;0;0.0;0.0
33;2021-01-06;134;0;144;0;0.0;0.0
33;2021-01-07;1308;1;1452;1;0.1;0.0
33;2021-01-08;1199;3;2651;4;0.2;0.0
33;2021-01-09;298;1;2949;5;0.2;0.0
33;2021-01-10;229;0;3178;5;0.2;0.0
33;2021-01-11;627;0;3805;5;0.2;0.0
33;2021-01-12;1417;2;5222;7;0.3;0.0
33;2021-01-13;1313;8;6535;15;0.4;0.0
33;2021-01-14;1283;13;7818;28;0.5;0.0
33;2021-01-15;1607;11;9425;39;0.6;0.0
33;2021-01-16;566;8;9991;47;0.6;0.0
33;2021-01-17;406;4;10397;51;0.6;0.0
33;2021-01-18;1222;11;11619;62;0.7;0.0
33;2021-01-19;2922;4;14541;66;0.9;0.0
33;2021-01-20;3399;9;17940;75;1.1;0.0
33;2021-01-21;2858;5;20798;80;1.3;0.0
33;2021-01-22;2322;8;23120;88;1.4;0.0
33;2021-01-23;852;2;23972;90;1.5;0.0
33;2021-01-24;529;2;24501;92;1.5;0.0
33;2021-01-25;2170;61;26671;153;1.6;0.0
33;2021-01-26;2239;163;28910;316;1.8;0.0
33;2021-01-27;2253;208;31163;524;1.9;0.0
33;2021-01-28;2155;440;33318;964;2.0;0.1
33;2021-01-29;1819;690;35137;1654;2.2;0.1
33;2021-01-30;704;173;35841;1827;2.2;0.1
33;2021-01-31;388;156;36229;1983;2.2;0.1
33;2021-02-01;1456;648;37685;2631;2.3;0.2
33;2021-02-02;2643;1108;40328;3739;2.5;0.2
33;2021-02-03;2912;868;43240;4607;2.6;0.3
33;2021-02-04;4030;1353;47270;5960;2.9;0.4
33;2021-02-05;2188;1165;49458;7125;3.0;0.4
33;2021-02-06;643;201;50101;7326;3.1;0.4
33;2021-02-07;218;231;50319;7557;3.1;0.5
33;2021-02-08;1263;757;51582;8314;3.2;0.5
33;2021-02-09;1324;1688;52906;10002;3.2;0.6
33;2021-02-10;1263;1749;54169;11751;3.3;0.7
33;2021-02-11;1301;1444;55470;13195;3.4;0.8
33;2021-02-12;1115;1258;56585;14453;3.5;0.9
33;2021-02-13;203;294;56788;14747;3.5;0.9
33;2021-02-14;47;246;56835;14993;3.5;0.9
33;2021-02-15;685;1724;57520;16717;3.5;1.0
33;2021-02-16;812;2047;58332;18764;3.6;1.1
33;2021-02-17;666;2046;58998;20810;3.6;1.3
33;2021-02-18;898;2259;59896;23069;3.7;1.4
33;2021-02-19;915;2018;60811;25087;3.7;1.5
33;2021-02-20;77;656;60888;25743;3.7;1.6
33;2021-02-21;37;463;60925;26206;3.7;1.6
33;2021-02-22;705;1892;61630;28098;3.8;1.7
33;2021-02-23;1236;2746;62866;30844;3.8;1.9
33;2021-02-24;1395;2527;64261;33371;3.9;2.0
33;2021-02-25;2829;3762;67090;37133;4.1;2.3
33;2021-02-26;4054;2333;71144;39466;4.4;2.4
33;2021-02-27;1359;726;72503;40192;4.4;2.5
33;2021-02-28;126;519;72629;40711;4.4;2.5
33;2021-03-01;1533;1853;74162;42564;4.5;2.6
33;2021-03-02;2323;1746;76485;44310;4.7;2.7
33;2021-03-03;2305;1702;78790;46012;4.8;2.8
33;2021-03-04;3933;1670;82723;47682;5.1;2.9
33;2021-03-05;5757;1740;88480;49422;5.4;3.0
33;2021-03-06;3413;561;91893;49983;5.6;3.1
33;2021-03-07;741;160;92634;50143;5.7;3.1
33;2021-03-08;2712;1156;95346;51299;5.8;3.1
33;2021-03-09;4400;1341;99746;52640;6.1;3.2
33;2021-03-10;5119;1234;104865;53874;6.4;3.3
33;2021-03-11;7540;1234;112405;55108;6.9;3.4
33;2021-03-12;10116;1164;122521;56272;7.5;3.4
33;2021-03-13;5152;213;127673;56485;7.8;3.5
33;2021-03-14;714;26;128387;56511;7.9;3.5
33;2021-03-15;4439;683;132826;57194;8.1;3.5
33;2021-03-16;3582;877;136408;58071;8.4;3.6
33;2021-03-17;3637;942;140045;59013;8.6;3.6
33;2021-03-18;4038;1412;144083;60425;8.8;3.7
33;2021-03-19;6270;1029;150353;61454;9.2;3.8
33;2021-03-20;3368;102;153721;61556;9.4;3.8
33;2021-03-21;460;29;154181;61585;9.4;3.8
33;2021-03-22;4900;450;159081;62035;9.7;3.8
33;2021-03-23;6321;607;165402;62642;10.1;3.8
33;2021-03-24;7075;524;172477;63166;10.6;3.9
33;2021-03-25;8839;657;181316;63823;11.1;3.9
33;2021-03-26;10038;854;191354;64677;11.7;4.0
33;2021-03-27;3619;83;194973;64760;11.9;4.0
33;2021-03-28;577;33;195550;64793;12.0;4.0
33;2021-03-29;6769;702;202319;65495;12.4;4.0
33;2021-03-30;8100;1041;210419;66536;12.9;4.1
33;2021-03-31;7578;1069;217997;67605;13.3;4.1
33;2021-04-01;8818;1195;226815;68800;13.9;4.2
33;2021-04-02;8402;1556;235217;70356;14.4;4.3
33;2021-04-03;2832;525;238049;70881;14.6;4.3
33;2021-04-04;218;160;238267;71041;14.6;4.3
33;2021-04-05;691;122;238958;71163;14.6;4.4
33;2021-04-06;6048;2700;245006;73863;15.0;4.5
33;2021-04-07;7420;2569;252426;76432;15.5;4.7
33;2021-04-08;10321;2783;262747;79215;16.1;4.8
33;2021-04-09;12685;3096;275432;82311;16.9;5.0
33;2021-04-10;5355;1392;280787;83703;17.2;5.1
33;2021-04-11;1002;354;281789;84057;17.3;5.1
33;2021-04-12;7424;3279;289213;87336;17.7;5.3
33;2021-04-13;9315;3478;298528;90814;18.3;5.6
33;2021-04-14;9039;3642;307567;94456;18.8;5.8
33;2021-04-15;10108;3876;317675;98332;19.4;6.0
33;2021-04-16;9719;4226;327394;102558;20.0;6.3
33;2021-04-17;4654;1660;332048;104218;20.3;6.4
33;2021-04-18;929;413;332977;104631;20.4;6.4
33;2021-04-19;5615;3845;338592;108476;20.7;6.6
33;2021-04-20;7293;4264;345885;112740;21.2;6.9
33;2021-04-21;6596;4353;352481;117093;21.6;7.2
33;2021-04-22;7345;4476;359826;121569;22.0;7.4
33;2021-04-23;7706;4816;367532;126385;22.5;7.7
33;2021-04-24;4500;1801;372032;128186;22.8;7.8
33;2021-04-25;1651;418;373683;128604;22.9;7.9
33;2021-04-26;5263;5086;378946;133690;23.2;8.2
33;2021-04-27;6577;5626;385523;139316;23.6;8.5
33;2021-04-28;6779;5564;392302;144880;24.0;8.9
33;2021-04-29;8422;6241;400724;151121;24.5;9.3
33;2021-04-30;8738;6128;409462;157249;25.1;9.6
33;2021-05-01;2901;514;412363;157763;25.2;9.7
33;2021-05-02;1834;345;414197;158108;25.4;9.7
33;2021-05-03;7017;5222;421214;163330;25.8;10.0
33;2021-05-04;6829;6669;428043;169999;26.2;10.4
33;2021-05-05;7141;7570;435184;177569;26.6;10.9
33;2021-05-06;8705;8244;443889;185813;27.2;11.4
33;2021-05-07;8608;8914;452497;194727;27.7;11.9
33;2021-05-08;3540;1604;456037;196331;27.9;12.0
33;2021-05-09;1117;969;457154;197300;28.0;12.1
33;2021-05-10;6875;7318;464029;204618;28.4;12.5
33;2021-05-11;8636;7834;472665;212452;28.9;13.0
33;2021-05-12;9173;6698;481838;219150;29.5;13.4
33;2021-05-13;5209;2112;487047;221262;29.8;13.5
33;2021-05-14;8129;5359;495176;226621;30.3;13.9
33;2021-05-15;5180;2875;500356;229496;30.6;14.0
33;2021-05-16;1842;804;502198;230300;30.7;14.1
33;2021-05-17;8859;5109;511057;235409;31.3;14.4
33;2021-05-18;10622;4889;521679;240298;31.9;14.7
33;2021-05-19;10905;4795;532584;245093;32.6;15.0
33;2021-05-20;10911;5595;543495;250688;33.3;15.3
33;2021-05-21;10918;6259;554413;256947;33.9;15.7
33;2021-05-22;5122;2754;559535;259701;34.3;15.9
33;2021-05-23;1748;384;561283;260085;34.4;15.9
33;2021-05-24;5412;999;566695;261084;34.7;16.0
33;2021-05-25;9387;5771;576082;266855;35.3;16.3
33;2021-05-26;9678;6041;585760;272896;35.9;16.7
33;2021-05-27;10907;7738;596667;280634;36.5;17.2
33;2021-05-28;10066;9529;606733;290163;37.1;17.8
33;2021-05-29;5042;4116;611775;294279;37.5;18.0
33;2021-05-30;1703;667;613478;294946;37.6;18.1
33;2021-05-31;8558;6429;622036;301375;38.1;18.5
33;2021-06-01;11807;8728;633843;310103;38.8;19.0
33;2021-06-02;11711;8227;645554;318330;39.5;19.5
33;2021-06-03;12714;9202;658268;327532;40.3;20.1
33;2021-06-04;12938;10960;671206;338492;41.1;20.7
33;2021-06-05;5278;5066;676484;343558;41.4;21.0
33;2021-06-06;2526;1192;679010;344750;41.6;21.1
33;2021-06-07;9759;8502;688769;353252;42.2;21.6
33;2021-06-08;11935;9462;700704;362714;42.9;22.2
33;2021-06-09;11775;8537;712479;371251;43.6;22.7
33;2021-06-10;12953;8389;725432;379640;44.4;23.2
33;2021-06-11;12521;11172;737953;390812;45.2;23.9
33;2021-06-12;6188;4477;744141;395289;45.6;24.2
33;2021-06-13;2614;1283;746755;396572;45.7;24.3
33;2021-06-14;8582;10154;755337;406726;46.2;24.9
33;2021-06-15;12057;10278;767394;417004;47.0;25.5
33;2021-06-16;12055;8872;779449;425876;47.7;26.1
33;2021-06-17;13109;9615;792558;435491;48.5;26.7
33;2021-06-18;11794;11439;804352;446930;49.2;27.4
33;2021-06-19;5611;4816;809963;451746;49.6;27.7
33;2021-06-20;2946;1474;812909;453220;49.8;27.7
33;2021-06-21;7875;10165;820784;463385;50.2;28.4
33;2021-06-22;9061;11089;829845;474474;50.8;29.0
33;2021-06-23;8661;10849;838506;485323;51.3;29.7
33;2021-06-24;9746;9982;848252;495305;51.9;30.3
33;2021-06-25;8043;13718;856295;509023;52.4;31.2
33;2021-06-26;4341;5920;860636;514943;52.7;31.5
33;2021-06-27;2468;1961;863104;516904;52.8;31.6
33;2021-06-28;4873;12770;867977;529674;53.1;32.4
33;2021-06-29;6443;13648;874420;543322;53.5;33.3
33;2021-06-30;6681;13399;881101;556721;53.9;34.1
33;2021-07-01;8046;11816;889147;568537;54.4;34.8
33;2021-07-02;6848;15111;895995;583648;54.9;35.7
33;2021-07-03;3221;6785;899216;590433;55.1;36.1
33;2021-07-04;2066;2379;901282;592812;55.2;36.3
33;2021-07-05;4399;12914;905681;605726;55.4;37.1
33;2021-07-06;6147;14597;911828;620323;55.8;38.0
33;2021-07-07;6886;13055;918714;633378;56.2;38.8
33;2021-07-08;7966;12745;926680;646123;56.7;39.6
33;2021-07-09;6466;15107;933146;661230;57.1;40.5
33;2021-07-10;3112;7161;936258;668391;57.3;40.9
33;2021-07-11;1844;2298;938102;670689;57.4;41.1
33;2021-07-12;3941;14701;942043;685390;57.7;42.0
33;2021-07-13;7152;16101;949195;701491;58.1;42.9
33;2021-07-14;3686;5317;952881;706808;58.3;43.3
33;2021-07-15;7616;15972;960497;722780;58.8;44.2
33;2021-07-16;8571;15144;969068;737924;59.3;45.2
33;2021-07-17;3117;6432;972185;744356;59.5;45.6
33;2021-07-18;1694;3205;973879;747561;59.6;45.8
33;2021-07-19;5840;15104;979719;762665;60.0;46.7
33;2021-07-20;7407;16133;987126;778798;60.4;47.7
33;2021-07-21;8353;14537;995479;793335;60.9;48.6
33;2021-07-22;9348;15114;1004827;808449;61.5;49.5
33;2021-07-23;9623;16361;1014450;824810;62.1;50.5
33;2021-07-24;3825;7554;1018275;832364;62.3;51.0
33;2021-07-25;2084;2663;1020359;835027;62.5;51.1
33;2021-07-26;6921;13428;1027280;848455;62.9;51.9
33;2021-07-27;10015;13403;1037295;861858;63.5;52.8
33;2021-07-28;10890;11971;1048185;873829;64.2;53.5
33;2021-07-29;11631;11907;1059816;885736;64.9;54.2
33;2021-07-30;11340;12216;1071156;897952;65.6;55.0
33;2021-07-31;4725;5650;1075881;903602;65.9;55.3
33;2021-08-01;2473;1951;1078354;905553;66.0;55.4
33;2021-08-02;8333;9887;1086687;915440;66.5;56.0
33;2021-08-03;11431;9013;1098118;924453;67.2;56.6
33;2021-08-04;11824;7346;1109942;931799;68.0;57.0
33;2021-08-05;11828;8016;1121770;939815;68.7;57.5
33;2021-08-06;11134;9049;1132904;948864;69.4;58.1
33;2021-08-07;5881;4505;1138785;953369;69.7;58.4
33;2021-08-08;3188;1817;1141973;955186;69.9;58.5
33;2021-08-09;8592;8722;1150565;963908;70.4;59.0
33;2021-08-10;9298;8420;1159863;972328;71.0;59.5
33;2021-08-11;8057;7568;1167920;979896;71.5;60.0
33;2021-08-12;7929;8008;1175849;987904;72.0;60.5
33;2021-08-13;7740;7665;1183589;995569;72.5;60.9
33;2021-08-14;3477;4327;1187066;999896;72.7;61.2
33;2021-08-15;1197;1877;1188263;1001773;72.7;61.3
33;2021-08-16;6397;8636;1194660;1010409;73.1;61.9
33;2021-08-17;6581;9053;1201241;1019462;73.5;62.4
33;2021-08-18;5564;8765;1206805;1028227;73.9;62.9
33;2021-08-19;5463;9107;1212268;1037334;74.2;63.5
33;2021-08-20;4887;9808;1217155;1047142;74.5;64.1
33;2021-08-21;2180;5025;1219335;1052167;74.6;64.4
33;2021-08-22;561;2366;1219896;1054533;74.7;64.6
33;2021-08-23;3870;10281;1223766;1064814;74.9;65.2
34;2020-12-27;1;0;1;0;0.0;0.0
34;2020-12-28;1;0;2;0;0.0;0.0
34;2020-12-29;0;0;2;0;0.0;0.0
34;2020-12-30;0;0;2;0;0.0;0.0
34;2020-12-31;0;0;2;0;0.0;0.0
34;2021-01-01;1;0;3;0;0.0;0.0
34;2021-01-02;2;0;5;0;0.0;0.0
34;2021-01-03;0;0;5;0;0.0;0.0
34;2021-01-04;21;0;26;0;0.0;0.0
34;2021-01-05;106;2;132;2;0.0;0.0
34;2021-01-06;198;1;330;3;0.0;0.0
34;2021-01-07;364;0;694;3;0.1;0.0
34;2021-01-08;606;0;1300;3;0.1;0.0
34;2021-01-09;244;0;1544;3;0.1;0.0
34;2021-01-10;95;1;1639;4;0.1;0.0
34;2021-01-11;567;2;2206;6;0.2;0.0
34;2021-01-12;1007;1;3213;7;0.3;0.0
34;2021-01-13;1098;6;4311;13;0.4;0.0
34;2021-01-14;1957;13;6268;26;0.5;0.0
34;2021-01-15;1469;5;7737;31;0.7;0.0
34;2021-01-16;331;7;8068;38;0.7;0.0
34;2021-01-17;233;1;8301;39;0.7;0.0
34;2021-01-18;1125;4;9426;43;0.8;0.0
34;2021-01-19;1610;8;11036;51;0.9;0.0
34;2021-01-20;2074;9;13110;60;1.1;0.0
34;2021-01-21;4231;10;17341;70;1.5;0.0
34;2021-01-22;2549;8;19890;78;1.7;0.0
34;2021-01-23;599;2;20489;80;1.7;0.0
34;2021-01-24;2;0;20491;80;1.7;0.0
34;2021-01-25;1242;5;21733;85;1.8;0.0
34;2021-01-26;1458;20;23191;105;2.0;0.0
34;2021-01-27;1467;23;24658;128;2.1;0.0
34;2021-01-28;1392;125;26050;253;2.2;0.0
34;2021-01-29;1258;137;27308;390;2.3;0.0
34;2021-01-30;479;25;27787;415;2.4;0.0
34;2021-01-31;4;0;27791;415;2.4;0.0
34;2021-02-01;1028;250;28819;665;2.5;0.1
34;2021-02-02;1458;444;30277;1109;2.6;0.1
34;2021-02-03;2655;526;32932;1635;2.8;0.1
34;2021-02-04;2309;886;35241;2521;3.0;0.2
34;2021-02-05;1889;1183;37130;3704;3.2;0.3
34;2021-02-06;492;237;37622;3941;3.2;0.3
34;2021-02-07;31;107;37653;4048;3.2;0.3
34;2021-02-08;860;1065;38513;5113;3.3;0.4
34;2021-02-09;1032;1310;39545;6423;3.4;0.5
34;2021-02-10;1294;1506;40839;7929;3.5;0.7
34;2021-02-11;1791;2712;42630;10641;3.6;0.9
34;2021-02-12;1921;1647;44551;12288;3.8;1.0
34;2021-02-13;356;513;44907;12801;3.8;1.1
34;2021-02-14;21;286;44928;13087;3.8;1.1
34;2021-02-15;673;1211;45601;14298;3.9;1.2
34;2021-02-16;665;1531;46266;15829;3.9;1.3
34;2021-02-17;711;1527;46977;17356;4.0;1.5
34;2021-02-18;835;1493;47812;18849;4.1;1.6
34;2021-02-19;815;1229;48627;20078;4.1;1.7
34;2021-02-20;301;483;48928;20561;4.2;1.7
34;2021-02-21;64;18;48992;20579;4.2;1.7
34;2021-02-22;630;1304;49622;21883;4.2;1.9
34;2021-02-23;562;1480;50184;23363;4.3;2.0
34;2021-02-24;938;2338;51122;25701;4.3;2.2
34;2021-02-25;1606;2279;52728;27980;4.5;2.4
34;2021-02-26;1850;1628;54578;29608;4.6;2.5
34;2021-02-27;701;434;55279;30042;4.7;2.6
34;2021-02-28;86;64;55365;30106;4.7;2.6
34;2021-03-01;928;1162;56293;31268;4.8;2.7
34;2021-03-02;1588;1281;57881;32549;4.9;2.8
34;2021-03-03;1833;1411;59714;33960;5.1;2.9
34;2021-03-04;2864;1626;62578;35586;5.3;3.0
34;2021-03-05;3686;1543;66264;37129;5.6;3.2
34;2021-03-06;2643;205;68907;37334;5.9;3.2
34;2021-03-07;1243;78;70150;37412;6.0;3.2
34;2021-03-08;2780;1011;72930;38423;6.2;3.3
34;2021-03-09;4015;1453;76945;39876;6.5;3.4
34;2021-03-10;3992;1337;80937;41213;6.9;3.5
34;2021-03-11;5436;1304;86373;42517;7.3;3.6
34;2021-03-12;6493;927;92866;43444;7.9;3.7
34;2021-03-13;3136;179;96002;43623;8.2;3.7
34;2021-03-14;1002;54;97004;43677;8.2;3.7
34;2021-03-15;3301;566;100305;44243;8.5;3.8
34;2021-03-16;2913;664;103218;44907;8.8;3.8
34;2021-03-17;3303;735;106521;45642;9.1;3.9
34;2021-03-18;3447;917;109968;46559;9.3;4.0
34;2021-03-19;4691;794;114659;47353;9.7;4.0
34;2021-03-20;3145;62;117804;47415;10.0;4.0
34;2021-03-21;1993;60;119797;47475;10.2;4.0
34;2021-03-22;3682;467;123479;47942;10.5;4.1
34;2021-03-23;4961;540;128440;48482;10.9;4.1
34;2021-03-24;5217;649;133657;49131;11.4;4.2
34;2021-03-25;7197;722;140854;49853;12.0;4.2
34;2021-03-26;7169;573;148023;50426;12.6;4.3
34;2021-03-27;2372;82;150395;50508;12.8;4.3
34;2021-03-28;699;19;151094;50527;12.8;4.3
34;2021-03-29;4184;762;155278;51289;13.2;4.4
34;2021-03-30;5219;971;160497;52260;13.6;4.4
34;2021-03-31;5067;1201;165564;53461;14.1;4.5
34;2021-04-01;7033;1037;172597;54498;14.7;4.6
34;2021-04-02;5822;1186;178419;55684;15.2;4.7
34;2021-04-03;1138;87;179557;55771;15.3;4.7
34;2021-04-04;166;5;179723;55776;15.3;4.7
34;2021-04-05;432;26;180155;55802;15.3;4.7
34;2021-04-06;3134;2458;183289;58260;15.6;5.0
34;2021-04-07;3385;2645;186674;60905;15.9;5.2
34;2021-04-08;5251;2817;191925;63722;16.3;5.4
34;2021-04-09;8073;2495;199998;66217;17.0;5.6
34;2021-04-10;3166;1370;203164;67587;17.3;5.7
34;2021-04-11;1715;808;204879;68395;17.4;5.8
34;2021-04-12;4486;2526;209365;70921;17.8;6.0
34;2021-04-13;5238;3061;214603;73982;18.2;6.3
34;2021-04-14;5618;3234;220221;77216;18.7;6.6
34;2021-04-15;6996;3168;227217;80384;19.3;6.8
34;2021-04-16;6575;3165;233792;83549;19.9;7.1
34;2021-04-17;2375;2069;236167;85618;20.1;7.3
34;2021-04-18;988;1722;237155;87340;20.2;7.4
34;2021-04-19;3421;3126;240576;90466;20.5;7.7
34;2021-04-20;3764;3669;244340;94135;20.8;8.0
34;2021-04-21;4244;3727;248584;97862;21.1;8.3
34;2021-04-22;4485;4614;253069;102476;21.5;8.7
34;2021-04-23;5372;3531;258441;106007;22.0;9.0
34;2021-04-24;3164;1583;261605;107590;22.2;9.1
34;2021-04-25;1919;647;263524;108237;22.4;9.2
34;2021-04-26;4223;3479;267747;111716;22.8;9.5
34;2021-04-27;5127;4024;272874;115740;23.2;9.8
34;2021-04-28;5766;3550;278640;119290;23.7;10.1
34;2021-04-29;6420;3945;285060;123235;24.2;10.5
34;2021-04-30;7871;3298;292931;126533;24.9;10.8
34;2021-05-01;2403;501;295334;127034;25.1;10.8
34;2021-05-02;3260;324;298594;127358;25.4;10.8
34;2021-05-03;6574;2903;305168;130261;25.9;11.1
34;2021-05-04;7110;3804;312278;134065;26.6;11.4
34;2021-05-05;6499;4533;318777;138598;27.1;11.8
34;2021-05-06;6944;5214;325721;143812;27.7;12.2
34;2021-05-07;6927;5684;332648;149496;28.3;12.7
34;2021-05-08;3607;1169;336255;150665;28.6;12.8
34;2021-05-09;2178;1287;338433;151952;28.8;12.9
34;2021-05-10;5860;4809;344293;156761;29.3;13.3
34;2021-05-11;7414;5332;351707;162093;29.9;13.8
34;2021-05-12;7752;4465;359459;166558;30.6;14.2
34;2021-05-13;6121;782;365580;167340;31.1;14.2
34;2021-05-14;7488;3735;373068;171075;31.7;14.5
34;2021-05-15;4865;1691;377933;172766;32.1;14.7
34;2021-05-16;4952;459;382885;173225;32.6;14.7
34;2021-05-17;8694;1985;391579;175210;33.3;14.9
34;2021-05-18;9142;1972;400721;177182;34.1;15.1
34;2021-05-19;8629;1809;409350;178991;34.8;15.2
34;2021-05-20;8867;2507;418217;181498;35.6;15.4
34;2021-05-21;8785;3228;427002;184726;36.3;15.7
34;2021-05-22;5788;1155;432790;185881;36.8;15.8
34;2021-05-23;3883;548;436673;186429;37.1;15.9
34;2021-05-24;1897;853;438570;187282;37.3;15.9
34;2021-05-25;7140;3815;445710;191097;37.9;16.2
34;2021-05-26;8323;3034;454033;194131;38.6;16.5
34;2021-05-27;8317;4304;462350;198435;39.3;16.9
34;2021-05-28;8052;5448;470402;203883;40.0;17.3
34;2021-05-29;4008;3110;474410;206993;40.3;17.6
34;2021-05-30;1987;1391;476397;208384;40.5;17.7
34;2021-05-31;5879;5261;482276;213645;41.0;18.2
34;2021-06-01;6954;6118;489230;219763;41.6;18.7
34;2021-06-02;6134;5814;495364;225577;42.1;19.2
34;2021-06-03;7714;6495;503078;232072;42.8;19.7
34;2021-06-04;7657;7590;510735;239662;43.4;20.4
34;2021-06-05;4140;3676;514875;243338;43.8;20.7
34;2021-06-06;3270;1866;518145;245204;44.1;20.8
34;2021-06-07;4419;6767;522564;251971;44.4;21.4
34;2021-06-08;5860;6826;528424;258797;44.9;22.0
34;2021-06-09;5828;6837;534252;265634;45.4;22.6
34;2021-06-10;6319;6875;540571;272509;46.0;23.2
34;2021-06-11;5399;9278;545970;281787;46.4;24.0
34;2021-06-12;3169;4726;549139;286513;46.7;24.4
34;2021-06-13;1080;1908;550219;288421;46.8;24.5
34;2021-06-14;3446;7818;553665;296239;47.1;25.2
34;2021-06-15;3953;8795;557618;305034;47.4;25.9
34;2021-06-16;4614;7853;562232;312887;47.8;26.6
34;2021-06-17;4224;7957;566456;320844;48.2;27.3
34;2021-06-18;4348;9331;570804;330175;48.5;28.1
34;2021-06-19;2736;4405;573540;334580;48.8;28.4
34;2021-06-20;890;2873;574430;337453;48.8;28.7
34;2021-06-21;2176;8560;576606;346013;49.0;29.4
34;2021-06-22;2971;9410;579577;355423;49.3;30.2
34;2021-06-23;3521;8974;583098;364397;49.6;31.0
34;2021-06-24;3554;8682;586652;373079;49.9;31.7
34;2021-06-25;3369;10435;590021;383514;50.2;32.6
34;2021-06-26;1643;6189;591664;389703;50.3;33.1
34;2021-06-27;308;4271;591972;393974;50.3;33.5
34;2021-06-28;2265;9434;594237;403408;50.5;34.3
34;2021-06-29;2686;10298;596923;413706;50.8;35.2
34;2021-06-30;3353;9553;600276;423259;51.0;36.0
34;2021-07-01;3518;9441;603794;432700;51.3;36.8
34;2021-07-02;3403;9743;607197;442443;51.6;37.6
34;2021-07-03;1679;6161;608876;448604;51.8;38.1
34;2021-07-04;312;2763;609188;451367;51.8;38.4
34;2021-07-05;3222;7998;612410;459365;52.1;39.1
34;2021-07-06;3525;9182;615935;468547;52.4;39.8
34;2021-07-07;3250;8642;619185;477189;52.6;40.6
34;2021-07-08;4270;8861;623455;486050;53.0;41.3
34;2021-07-09;3989;9340;627444;495390;53.3;42.1
34;2021-07-10;2140;5719;629584;501109;53.5;42.6
34;2021-07-11;923;2578;630507;503687;53.6;42.8
34;2021-07-12;2875;8968;633382;512655;53.9;43.6
34;2021-07-13;4564;10040;637946;522695;54.2;44.4
34;2021-07-14;743;352;638689;523047;54.3;44.5
34;2021-07-15;5892;10386;644581;533433;54.8;45.4
34;2021-07-16;5764;10724;650345;544157;55.3;46.3
34;2021-07-17;4466;4412;654811;548569;55.7;46.6
34;2021-07-18;233;199;655044;548768;55.7;46.7
34;2021-07-19;5106;8321;660150;557089;56.1;47.4
34;2021-07-20;6888;8381;667038;565470;56.7;48.1
34;2021-07-21;7645;7804;674683;573274;57.4;48.7
34;2021-07-22;7421;8160;682104;581434;58.0;49.4
34;2021-07-23;7783;8147;689887;589581;58.7;50.1
34;2021-07-24;6104;3044;695991;592625;59.2;50.4
34;2021-07-25;3211;536;699202;593161;59.4;50.4
34;2021-07-26;6224;6429;705426;599590;60.0;51.0
34;2021-07-27;8385;6024;713811;605614;60.7;51.5
34;2021-07-28;9216;5884;723027;611498;61.5;52.0
34;2021-07-29;11279;6016;734306;617514;62.4;52.5
34;2021-07-30;9762;6503;744068;624017;63.3;53.1
34;2021-07-31;6411;2171;750479;626188;63.8;53.2
34;2021-08-01;3274;607;753753;626795;64.1;53.3
34;2021-08-02;7302;5032;761055;631827;64.7;53.7
34;2021-08-03;8071;5370;769126;637197;65.4;54.2
34;2021-08-04;8262;4538;777388;641735;66.1;54.6
34;2021-08-05;7062;4995;784450;646730;66.7;55.0
34;2021-08-06;5844;5201;790294;651931;67.2;55.4
34;2021-08-07;3073;2423;793367;654354;67.5;55.6
34;2021-08-08;196;204;793563;654558;67.5;55.7
34;2021-08-09;4719;6151;798282;660709;67.9;56.2
34;2021-08-10;5336;6463;803618;667172;68.3;56.7
34;2021-08-11;4806;6526;808424;673698;68.7;57.3
34;2021-08-12;4531;6185;812955;679883;69.1;57.8
34;2021-08-13;4054;5712;817009;685595;69.5;58.3
34;2021-08-14;1787;2878;818796;688473;69.6;58.5
34;2021-08-15;196;186;818992;688659;69.6;58.6
34;2021-08-16;2838;7535;821830;696194;69.9;59.2
34;2021-08-17;3526;8256;825356;704450;70.2;59.9
34;2021-08-18;3163;7537;828519;711987;70.4;60.5
34;2021-08-19;3228;7762;831747;719749;70.7;61.2
34;2021-08-20;2692;7692;834439;727441;70.9;61.8
34;2021-08-21;1359;3543;835798;730984;71.1;62.2
34;2021-08-22;157;307;835955;731291;71.1;62.2
34;2021-08-23;2292;8647;838247;739938;71.3;62.9
35;2020-12-27;0;0;0;0;0.0;0.0
35;2020-12-28;0;0;0;0;0.0;0.0
35;2020-12-29;2;0;2;0;0.0;0.0
35;2020-12-30;0;0;2;0;0.0;0.0
35;2020-12-31;1;0;3;0;0.0;0.0
35;2021-01-01;3;0;6;0;0.0;0.0
35;2021-01-02;1;0;7;0;0.0;0.0
35;2021-01-03;0;0;7;0;0.0;0.0
35;2021-01-04;10;0;17;0;0.0;0.0
35;2021-01-05;110;0;127;0;0.0;0.0
35;2021-01-06;175;0;302;0;0.0;0.0
35;2021-01-07;440;1;742;1;0.1;0.0
35;2021-01-08;512;1;1254;2;0.1;0.0
35;2021-01-09;31;0;1285;2;0.1;0.0
35;2021-01-10;2;0;1287;2;0.1;0.0
35;2021-01-11;538;0;1825;2;0.2;0.0
35;2021-01-12;886;2;2711;4;0.3;0.0
35;2021-01-13;967;1;3678;5;0.3;0.0
35;2021-01-14;1262;19;4940;24;0.5;0.0
35;2021-01-15;728;2;5668;26;0.5;0.0
35;2021-01-16;188;2;5856;28;0.5;0.0
35;2021-01-17;43;0;5899;28;0.5;0.0
35;2021-01-18;1222;2;7121;30;0.7;0.0
35;2021-01-19;5406;14;12527;44;1.2;0.0
35;2021-01-20;3234;8;15761;52;1.5;0.0
35;2021-01-21;3635;5;19396;57;1.8;0.0
35;2021-01-22;2089;10;21485;67;2.0;0.0
35;2021-01-23;421;1;21906;68;2.0;0.0
35;2021-01-24;50;0;21956;68;2.0;0.0
35;2021-01-25;916;17;22872;85;2.1;0.0
35;2021-01-26;1129;140;24001;225;2.2;0.0
35;2021-01-27;1031;125;25032;350;2.3;0.0
35;2021-01-28;915;298;25947;648;2.4;0.1
35;2021-01-29;724;292;26671;940;2.5;0.1
35;2021-01-30;139;20;26810;960;2.5;0.1
35;2021-01-31;0;0;26810;960;2.5;0.1
35;2021-02-01;670;334;27480;1294;2.5;0.1
35;2021-02-02;726;486;28206;1780;2.6;0.2
35;2021-02-03;661;506;28867;2286;2.7;0.2
35;2021-02-04;589;656;29456;2942;2.7;0.3
35;2021-02-05;624;564;30080;3506;2.8;0.3
35;2021-02-06;171;5;30251;3511;2.8;0.3
35;2021-02-07;1;0;30252;3511;2.8;0.3
35;2021-02-08;446;657;30698;4168;2.8;0.4
35;2021-02-09;1714;3554;32412;7722;3.0;0.7
35;2021-02-10;1366;2726;33778;10448;3.1;1.0
35;2021-02-11;1947;3235;35725;13683;3.3;1.3
35;2021-02-12;1662;1737;37387;15420;3.5;1.4
35;2021-02-13;58;254;37445;15674;3.5;1.4
35;2021-02-14;7;68;37452;15742;3.5;1.5
35;2021-02-15;771;1101;38223;16843;3.5;1.6
35;2021-02-16;920;1023;39143;17866;3.6;1.7
35;2021-02-17;891;1092;40034;18958;3.7;1.8
35;2021-02-18;1014;999;41048;19957;3.8;1.8
35;2021-02-19;1011;969;42059;20926;3.9;1.9
35;2021-02-20;143;49;42202;20975;3.9;1.9
35;2021-02-21;5;0;42207;20975;3.9;1.9
35;2021-02-22;777;830;42984;21805;4.0;2.0
35;2021-02-23;1288;867;44272;22672;4.1;2.1
35;2021-02-24;1403;817;45675;23489;4.2;2.2
35;2021-02-25;2247;786;47922;24275;4.4;2.2
35;2021-02-26;2601;735;50523;25010;4.7;2.3
35;2021-02-27;869;103;51392;25113;4.7;2.3
35;2021-02-28;9;0;51401;25113;4.8;2.3
35;2021-03-01;960;693;52361;25806;4.8;2.4
35;2021-03-02;1634;1994;53995;27800;5.0;2.6
35;2021-03-03;1911;970;55906;28770;5.2;2.7
35;2021-03-04;2918;1416;58824;30186;5.4;2.8
35;2021-03-05;3714;1345;62538;31531;5.8;2.9
35;2021-03-06;1340;89;63878;31620;5.9;2.9
35;2021-03-07;1;40;63879;31660;5.9;2.9
35;2021-03-08;1471;584;65350;32244;6.0;3.0
35;2021-03-09;3233;607;68583;32851;6.3;3.0
35;2021-03-10;2905;564;71488;33415;6.6;3.1
35;2021-03-11;4198;717;75686;34132;7.0;3.2
35;2021-03-12;6047;602;81733;34734;7.6;3.2
35;2021-03-13;2426;135;84159;34869;7.8;3.2
35;2021-03-14;18;25;84177;34894;7.8;3.2
35;2021-03-15;1964;669;86141;35563;8.0;3.3
35;2021-03-16;2503;731;88644;36294;8.2;3.4
35;2021-03-17;2394;607;91038;36901;8.4;3.4
35;2021-03-18;2333;597;93371;37498;8.6;3.5
35;2021-03-19;3545;510;96916;38008;9.0;3.5
35;2021-03-20;1538;112;98454;38120;9.1;3.5
35;2021-03-21;38;1;98492;38121;9.1;3.5
35;2021-03-22;1750;841;100242;38962;9.3;3.6
35;2021-03-23;3625;1185;103867;40147;9.6;3.7
35;2021-03-24;3730;994;107597;41141;9.9;3.8
35;2021-03-25;5330;1001;112927;42142;10.4;3.9
35;2021-03-26;5848;817;118775;42959;11.0;4.0
35;2021-03-27;1416;212;120191;43171;11.1;4.0
35;2021-03-28;4;0;120195;43171;11.1;4.0
35;2021-03-29;2780;908;122975;44079;11.4;4.1
35;2021-03-30;4290;1330;127265;45409;11.8;4.2
35;2021-03-31;3469;1339;130734;46748;12.1;4.3
35;2021-04-01;4250;1239;134984;47987;12.5;4.4
35;2021-04-02;4865;1208;139849;49195;12.9;4.5
35;2021-04-03;763;213;140612;49408;13.0;4.6
35;2021-04-04;5;0;140617;49408;13.0;4.6
35;2021-04-05;20;1;140637;49409;13.0;4.6
35;2021-04-06;3279;2035;143916;51444;13.3;4.8
35;2021-04-07;3963;1845;147879;53289;13.7;4.9
35;2021-04-08;5804;1592;153683;54881;14.2;5.1
35;2021-04-09;7426;1416;161109;56297;14.9;5.2
35;2021-04-10;1861;252;162970;56549;15.1;5.2
35;2021-04-11;35;23;163005;56572;15.1;5.2
35;2021-04-12;5136;1599;168141;58171;15.5;5.4
35;2021-04-13;7615;2785;175756;60956;16.2;5.6
35;2021-04-14;6317;2298;182073;63254;16.8;5.8
35;2021-04-15;7565;2176;189638;65430;17.5;6.0
35;2021-04-16;8080;1760;197718;67190;18.3;6.2
35;2021-04-17;1571;222;199289;67412;18.4;6.2
35;2021-04-18;10;4;199299;67416;18.4;6.2
35;2021-04-19;4818;1674;204117;69090;18.9;6.4
35;2021-04-20;5162;2640;209279;71730;19.3;6.6
35;2021-04-21;5129;2208;214408;73938;19.8;6.8
35;2021-04-22;6428;2326;220836;76264;20.4;7.0
35;2021-04-23;6822;2363;227658;78627;21.0;7.3
35;2021-04-24;1131;262;228789;78889;21.1;7.3
35;2021-04-25;8;16;228797;78905;21.1;7.3
35;2021-04-26;5101;2156;233898;81061;21.6;7.5
35;2021-04-27;6087;3206;239985;84267;22.2;7.8
35;2021-04-28;6173;2567;246158;86834;22.7;8.0
35;2021-04-29;7114;2758;253272;89592;23.4;8.3
35;2021-04-30;7562;2542;260834;92134;24.1;8.5
35;2021-05-01;618;239;261452;92373;24.2;8.5
35;2021-05-02;15;21;261467;92394;24.2;8.5
35;2021-05-03;5308;2331;266775;94725;24.7;8.8
35;2021-05-04;5074;5339;271849;100064;25.1;9.2
35;2021-05-05;4882;4450;276731;104514;25.6;9.7
35;2021-05-06;6174;5275;282905;109789;26.1;10.1
35;2021-05-07;5619;5257;288524;115046;26.7;10.6
35;2021-05-08;1720;135;290244;115181;26.8;10.6
35;2021-05-09;698;75;290942;115256;26.9;10.7
35;2021-05-10;3724;4958;294666;120214;27.2;11.1
35;2021-05-11;4777;5811;299443;126025;27.7;11.6
35;2021-05-12;5289;5499;304732;131524;28.2;12.2
35;2021-05-13;2700;1427;307432;132951;28.4;12.3
35;2021-05-14;5458;4286;312890;137237;28.9;12.7
35;2021-05-15;2930;717;315820;137954;29.2;12.7
35;2021-05-16;999;61;316819;138015;29.3;12.8
35;2021-05-17;4475;3885;321294;141900;29.7;13.1
35;2021-05-18;5837;4327;327131;146227;30.2;13.5
35;2021-05-19;5867;3632;332998;149859;30.8;13.8
35;2021-05-20;6447;4014;339445;153873;31.4;14.2
35;2021-05-21;6138;4769;345583;158642;31.9;14.7
35;2021-05-22;2117;739;347700;159381;32.1;14.7
35;2021-05-23;688;46;348388;159427;32.2;14.7
35;2021-05-24;3207;1298;351595;160725;32.5;14.9
35;2021-05-25;5543;4277;357138;165002;33.0;15.2
35;2021-05-26;5726;4168;362864;169170;33.5;15.6
35;2021-05-27;6527;4784;369391;173954;34.1;16.1
35;2021-05-28;6333;5580;375724;179534;34.7;16.6
35;2021-05-29;2875;1149;378599;180683;35.0;16.7
35;2021-05-30;877;39;379476;180722;35.1;16.7
35;2021-05-31;6309;4392;385785;185114;35.7;17.1
35;2021-06-01;7364;5122;393149;190236;36.3;17.6
35;2021-06-02;7223;3798;400372;194034;37.0;17.9
35;2021-06-03;8155;4997;408527;199031;37.8;18.4
35;2021-06-04;7277;7462;415804;206493;38.4;19.1
35;2021-06-05;4138;1584;419942;208077;38.8;19.2
35;2021-06-06;3055;147;422997;208224;39.1;19.2
35;2021-06-07;5781;5777;428778;214001;39.6;19.8
35;2021-06-08;7599;5955;436377;219956;40.3;20.3
35;2021-06-09;8463;4820;444840;224776;41.1;20.8
35;2021-06-10;9345;4752;454185;229528;42.0;21.2
35;2021-06-11;8636;7478;462821;237006;42.8;21.9
35;2021-06-12;4687;1208;467508;238214;43.2;22.0
35;2021-06-13;3386;225;470894;238439;43.5;22.0
35;2021-06-14;6232;6519;477126;244958;44.1;22.6
35;2021-06-15;7506;6966;484632;251924;44.8;23.3
35;2021-06-16;8320;5625;492952;257549;45.6;23.8
35;2021-06-17;8892;5904;501844;263453;46.4;24.3
35;2021-06-18;8718;8104;510562;271557;47.2;25.1
35;2021-06-19;1504;2510;512066;274067;47.3;25.3
35;2021-06-20;2955;883;515021;274950;47.6;25.4
35;2021-06-21;5933;6380;520954;281330;48.1;26.0
35;2021-06-22;6839;7498;527793;288828;48.8;26.7
35;2021-06-23;7254;6146;535047;294974;49.4;27.3
35;2021-06-24;8367;5924;543414;300898;50.2;27.8
35;2021-06-25;6630;8481;550044;309379;50.8;28.6
35;2021-06-26;1106;3075;551150;312454;50.9;28.9
35;2021-06-27;2637;1030;553787;313484;51.2;29.0
35;2021-06-28;4296;7760;558083;321244;51.6;29.7
35;2021-06-29;5091;7974;563174;329218;52.0;30.4
35;2021-06-30;5602;7894;568776;337112;52.6;31.2
35;2021-07-01;6577;7548;575353;344660;53.2;31.9
35;2021-07-02;5332;9860;580685;354520;53.7;32.8
35;2021-07-03;1081;2839;581766;357359;53.8;33.0
35;2021-07-04;2149;1554;583915;358913;54.0;33.2
35;2021-07-05;3734;8208;587649;367121;54.3;33.9
35;2021-07-06;4789;9473;592438;376594;54.8;34.8
35;2021-07-07;5050;8323;597488;384917;55.2;35.6
35;2021-07-08;5381;8486;602869;393403;55.7;36.4
35;2021-07-09;3904;11545;606773;404948;56.1;37.4
35;2021-07-10;890;3148;607663;408096;56.2;37.7
35;2021-07-11;1301;2357;608964;410453;56.3;37.9
35;2021-07-12;3116;9145;612080;419598;56.6;38.8
35;2021-07-13;3972;10749;616052;430347;56.9;39.8
35;2021-07-14;2149;4450;618201;434797;57.1;40.2
35;2021-07-15;4288;10182;622489;444979;57.5;41.1
35;2021-07-16;4793;11010;627282;455989;58.0;42.1
35;2021-07-17;1983;4068;629265;460057;58.2;42.5
35;2021-07-18;844;2569;630109;462626;58.2;42.8
35;2021-07-19;3246;8975;633355;471601;58.5;43.6
35;2021-07-20;4229;10594;637584;482195;58.9;44.6
35;2021-07-21;4336;9389;641920;491584;59.3;45.4
35;2021-07-22;4834;9664;646754;501248;59.8;46.3
35;2021-07-23;4548;11016;651302;512264;60.2;47.3
35;2021-07-24;1585;4270;652887;516534;60.3;47.7
35;2021-07-25;814;2846;653701;519380;60.4;48.0
35;2021-07-26;3877;8739;657578;528119;60.8;48.8
35;2021-07-27;5242;9659;662820;537778;61.3;49.7
35;2021-07-28;5294;8676;668114;546454;61.7;50.5
35;2021-07-29;6076;8342;674190;554796;62.3;51.3
35;2021-07-30;5868;9086;680058;563882;62.8;52.1
35;2021-07-31;2301;3657;682359;567539;63.1;52.4
35;2021-08-01;1519;2415;683878;569954;63.2;52.7
35;2021-08-02;4708;6955;688586;576909;63.6;53.3
35;2021-08-03;6650;7590;695236;584499;64.3;54.0
35;2021-08-04;6632;6593;701868;591092;64.9;54.6
35;2021-08-05;6608;6982;708476;598074;65.5;55.3
35;2021-08-06;5981;7310;714457;605384;66.0;55.9
35;2021-08-07;2094;3152;716551;608536;66.2;56.2
35;2021-08-08;1520;2252;718071;610788;66.4;56.4
35;2021-08-09;4581;5532;722652;616320;66.8;57.0
35;2021-08-10;6525;6362;729177;622682;67.4;57.5
35;2021-08-11;6430;5855;735607;628537;68.0;58.1
35;2021-08-12;6944;5574;742551;634111;68.6;58.6
35;2021-08-13;6581;5050;749132;639161;69.2;59.1
35;2021-08-14;3032;1978;752164;641139;69.5;59.3
35;2021-08-15;2464;1253;754628;642392;69.7;59.4
35;2021-08-16;4833;5281;759461;647673;70.2;59.9
35;2021-08-17;6337;6059;765798;653732;70.8;60.4
35;2021-08-18;6441;5614;772239;659346;71.4;60.9
35;2021-08-19;6242;5741;778481;665087;71.9;61.5
35;2021-08-20;5094;6332;783575;671419;72.4;62.0
35;2021-08-21;2365;2616;785940;674035;72.6;62.3
35;2021-08-22;1759;1783;787699;675818;72.8;62.5
35;2021-08-23;3073;5994;790772;681812;73.1;63.0
36;2020-12-27;0;0;0;0;0.0;0.0
36;2020-12-28;0;0;0;0;0.0;0.0
36;2020-12-29;0;0;0;0;0.0;0.0
36;2020-12-30;0;0;0;0;0.0;0.0
36;2020-12-31;0;0;0;0;0.0;0.0
36;2021-01-01;0;0;0;0;0.0;0.0
36;2021-01-02;0;0;0;0;0.0;0.0
36;2021-01-03;0;0;0;0;0.0;0.0
36;2021-01-04;2;0;2;0;0.0;0.0
36;2021-01-05;0;0;2;0;0.0;0.0
36;2021-01-06;24;0;26;0;0.0;0.0
36;2021-01-07;51;0;77;0;0.0;0.0
36;2021-01-08;111;0;188;0;0.1;0.0
36;2021-01-09;83;0;271;0;0.1;0.0
36;2021-01-10;142;0;413;0;0.2;0.0
36;2021-01-11;239;1;652;1;0.3;0.0
36;2021-01-12;282;0;934;1;0.4;0.0
36;2021-01-13;198;1;1132;2;0.5;0.0
36;2021-01-14;505;4;1637;6;0.8;0.0
36;2021-01-15;179;1;1816;7;0.8;0.0
36;2021-01-16;24;1;1840;8;0.8;0.0
36;2021-01-17;19;2;1859;10;0.9;0.0
36;2021-01-18;613;4;2472;14;1.1;0.0
36;2021-01-19;1175;2;3647;16;1.7;0.0
36;2021-01-20;1102;3;4749;19;2.2;0.0
36;2021-01-21;721;0;5470;19;2.5;0.0
36;2021-01-22;857;2;6327;21;2.9;0.0
36;2021-01-23;295;0;6622;21;3.0;0.0
36;2021-01-24;185;1;6807;22;3.1;0.0
36;2021-01-25;640;4;7447;26;3.4;0.0
36;2021-01-26;610;1;8057;27;3.7;0.0
36;2021-01-27;848;19;8905;46;4.1;0.0
36;2021-01-28;477;44;9382;90;4.3;0.0
36;2021-01-29;573;97;9955;187;4.6;0.1
36;2021-01-30;288;72;10243;259;4.7;0.1
36;2021-01-31;115;135;10358;394;4.8;0.2
36;2021-02-01;378;100;10736;494;4.9;0.2
36;2021-02-02;410;174;11146;668;5.1;0.3
36;2021-02-03;473;265;11619;933;5.4;0.4
36;2021-02-04;275;275;11894;1208;5.5;0.6
36;2021-02-05;302;164;12196;1372;5.6;0.6
36;2021-02-06;1;0;12197;1372;5.6;0.6
36;2021-02-07;1;0;12198;1372;5.6;0.6
36;2021-02-08;280;259;12478;1631;5.7;0.8
36;2021-02-09;328;606;12806;2237;5.9;1.0
36;2021-02-10;490;655;13296;2892;6.1;1.3
36;2021-02-11;384;596;13680;3488;6.3;1.6
36;2021-02-12;303;461;13983;3949;6.4;1.8
36;2021-02-13;126;83;14109;4032;6.5;1.9
36;2021-02-14;22;44;14131;4076;6.5;1.9
36;2021-02-15;42;575;14173;4651;6.5;2.1
36;2021-02-16;107;418;14280;5069;6.6;2.3
36;2021-02-17;117;623;14397;5692;6.6;2.6
36;2021-02-18;161;616;14558;6308;6.7;2.9
36;2021-02-19;181;541;14739;6849;6.8;3.2
36;2021-02-20;86;239;14825;7088;6.8;3.3
36;2021-02-21;87;157;14912;7245;6.9;3.3
36;2021-02-22;162;508;15074;7753;6.9;3.6
36;2021-02-23;62;575;15136;8328;7.0;3.8
36;2021-02-24;112;681;15248;9009;7.0;4.1
36;2021-02-25;251;283;15499;9292;7.1;4.3
36;2021-02-26;339;471;15838;9763;7.3;4.5
36;2021-02-27;73;277;15911;10040;7.3;4.6
36;2021-02-28;13;97;15924;10137;7.3;4.7
36;2021-03-01;218;343;16142;10480;7.4;4.8
36;2021-03-02;352;365;16494;10845;7.6;5.0
36;2021-03-03;394;532;16888;11377;7.8;5.2
36;2021-03-04;662;356;17550;11733;8.1;5.4
36;2021-03-05;799;297;18349;12030;8.5;5.5
36;2021-03-06;410;17;18759;12047;8.6;5.5
36;2021-03-07;339;7;19098;12054;8.8;5.6
36;2021-03-08;251;315;19349;12369;8.9;5.7
36;2021-03-09;449;269;19798;12638;9.1;5.8
36;2021-03-10;724;410;20522;13048;9.5;6.0
36;2021-03-11;838;245;21360;13293;9.8;6.1
36;2021-03-12;1446;297;22806;13590;10.5;6.3
36;2021-03-13;575;129;23381;13719;10.8;6.3
36;2021-03-14;113;1;23494;13720;10.8;6.3
36;2021-03-15;648;158;24142;13878;11.1;6.4
36;2021-03-16;447;67;24589;13945;11.3;6.4
36;2021-03-17;765;91;25354;14036;11.7;6.5
36;2021-03-18;414;72;25768;14108;11.9;6.5
36;2021-03-19;738;40;26506;14148;12.2;6.5
36;2021-03-20;451;27;26957;14175;12.4;6.5
36;2021-03-21;0;0;26957;14175;12.4;6.5
36;2021-03-22;497;59;27454;14234;12.6;6.6
36;2021-03-23;777;57;28231;14291;13.0;6.6
36;2021-03-24;1089;76;29320;14367;13.5;6.6
36;2021-03-25;1337;89;30657;14456;14.1;6.7
36;2021-03-26;1419;158;32076;14614;14.8;6.7
36;2021-03-27;475;43;32551;14657;15.0;6.8
36;2021-03-28;68;57;32619;14714;15.0;6.8
36;2021-03-29;462;186;33081;14900;15.2;6.9
36;2021-03-30;582;264;33663;15164;15.5;7.0
36;2021-03-31;1263;171;34926;15335;16.1;7.1
36;2021-04-01;1085;431;36011;15766;16.6;7.3
36;2021-04-02;965;140;36976;15906;17.0;7.3
36;2021-04-03;282;183;37258;16089;17.2;7.4
36;2021-04-04;42;2;37300;16091;17.2;7.4
36;2021-04-05;15;46;37315;16137;17.2;7.4
36;2021-04-06;821;362;38136;16499;17.6;7.6
36;2021-04-07;1073;540;39209;17039;18.1;7.8
36;2021-04-08;1347;479;40556;17518;18.7;8.1
36;2021-04-09;1939;405;42495;17923;19.6;8.3
36;2021-04-10;592;243;43087;18166;19.8;8.4
36;2021-04-11;256;90;43343;18256;20.0;8.4
36;2021-04-12;848;561;44191;18817;20.4;8.7
36;2021-04-13;1140;517;45331;19334;20.9;8.9
36;2021-04-14;1582;863;46913;20197;21.6;9.3
36;2021-04-15;1654;471;48567;20668;22.4;9.5
36;2021-04-16;1488;467;50055;21135;23.1;9.7
36;2021-04-17;893;250;50948;21385;23.5;9.8
36;2021-04-18;383;7;51331;21392;23.6;9.9
36;2021-04-19;874;445;52205;21837;24.0;10.1
36;2021-04-20;1145;522;53350;22359;24.6;10.3
36;2021-04-21;1240;877;54590;23236;25.1;10.7
36;2021-04-22;1592;871;56182;24107;25.9;11.1
36;2021-04-23;1327;617;57509;24724;26.5;11.4
36;2021-04-24;678;381;58187;25105;26.8;11.6
36;2021-04-25;413;95;58600;25200;27.0;11.6
36;2021-04-26;1134;450;59734;25650;27.5;11.8
36;2021-04-27;1280;554;61014;26204;28.1;12.1
36;2021-04-28;1488;1062;62502;27266;28.8;12.6
36;2021-04-29;2016;709;64518;27975;29.7;12.9
36;2021-04-30;1553;457;66071;28432;30.4;13.1
36;2021-05-01;724;64;66795;28496;30.8;13.1
36;2021-05-02;498;63;67293;28559;31.0;13.2
36;2021-05-03;1292;315;68585;28874;31.6;13.3
36;2021-05-04;780;807;69365;29681;31.9;13.7
36;2021-05-05;1283;1306;70648;30987;32.5;14.3
36;2021-05-06;2138;795;72786;31782;33.5;14.6
36;2021-05-07;1469;768;74255;32550;34.2;15.0
36;2021-05-08;306;104;74561;32654;34.3;15.0
36;2021-05-09;175;343;74736;32997;34.4;15.2
36;2021-05-10;1216;816;75952;33813;35.0;15.6
36;2021-05-11;1725;1250;77677;35063;35.8;16.1
36;2021-05-12;1826;1485;79503;36548;36.6;16.8
36;2021-05-13;548;306;80051;36854;36.9;17.0
36;2021-05-14;701;1039;80752;37893;37.2;17.5
36;2021-05-15;635;591;81387;38484;37.5;17.7
36;2021-05-16;337;377;81724;38861;37.6;17.9
36;2021-05-17;615;943;82339;39804;37.9;18.3
36;2021-05-18;874;938;83213;40742;38.3;18.8
36;2021-05-19;1333;844;84546;41586;38.9;19.2
36;2021-05-20;1612;1210;86158;42796;39.7;19.7
36;2021-05-21;1107;1069;87265;43865;40.2;20.2
36;2021-05-22;678;342;87943;44207;40.5;20.4
36;2021-05-23;428;296;88371;44503;40.7;20.5
36;2021-05-24;505;469;88876;44972;40.9;20.7
36;2021-05-25;1045;685;89921;45657;41.4;21.0
36;2021-05-26;1473;1167;91394;46824;42.1;21.6
36;2021-05-27;1397;977;92791;47801;42.7;22.0
36;2021-05-28;921;1482;93712;49283;43.2;22.7
36;2021-05-29;700;507;94412;49790;43.5;22.9
36;2021-05-30;111;573;94523;50363;43.5;23.2
36;2021-05-31;1137;763;95660;51126;44.1;23.5
36;2021-06-01;1412;827;97072;51953;44.7;23.9
36;2021-06-02;2061;613;99133;52566;45.7;24.2
36;2021-06-03;1902;1199;101035;53765;46.5;24.8
36;2021-06-04;1774;1046;102809;54811;47.3;25.2
36;2021-06-05;692;658;103501;55469;47.7;25.5
36;2021-06-06;336;273;103837;55742;47.8;25.7
36;2021-06-07;983;808;104820;56550;48.3;26.0
36;2021-06-08;959;981;105779;57531;48.7;26.5
36;2021-06-09;1674;1070;107453;58601;49.5;27.0
36;2021-06-10;1532;1379;108985;59980;50.2;27.6
36;2021-06-11;1289;1500;110274;61480;50.8;28.3
36;2021-06-12;920;783;111194;62263;51.2;28.7
36;2021-06-13;343;269;111537;62532;51.4;28.8
36;2021-06-14;606;1269;112143;63801;51.6;29.4
36;2021-06-15;734;1215;112877;65016;52.0;29.9
36;2021-06-16;902;1519;113779;66535;52.4;30.6
36;2021-06-17;750;1905;114529;68440;52.7;31.5
36;2021-06-18;706;1881;115235;70321;53.1;32.4
36;2021-06-19;295;395;115530;70716;53.2;32.6
36;2021-06-20;235;327;115765;71043;53.3;32.7
36;2021-06-21;686;1449;116451;72492;53.6;33.4
36;2021-06-22;841;1551;117292;74043;54.0;34.1
36;2021-06-23;773;1792;118065;75835;54.4;34.9
36;2021-06-24;855;1525;118920;77360;54.8;35.6
36;2021-06-25;942;1222;119862;78582;55.2;36.2
36;2021-06-26;325;602;120187;79184;55.4;36.5
36;2021-06-27;105;267;120292;79451;55.4;36.6
36;2021-06-28;697;925;120989;80376;55.7;37.0
36;2021-06-29;688;1459;121677;81835;56.0;37.7
36;2021-06-30;837;2149;122514;83984;56.4;38.7
36;2021-07-01;351;1081;122865;85065;56.6;39.2
36;2021-07-02;746;1846;123611;86911;56.9;40.0
36;2021-07-03;466;885;124077;87796;57.1;40.4
36;2021-07-04;185;325;124262;88121;57.2;40.6
36;2021-07-05;495;1335;124757;89456;57.5;41.2
36;2021-07-06;491;1221;125248;90677;57.7;41.8
36;2021-07-07;586;1793;125834;92470;58.0;42.6
36;2021-07-08;549;1706;126383;94176;58.2;43.4
36;2021-07-09;786;1654;127169;95830;58.6;44.1
36;2021-07-10;470;1119;127639;96949;58.8;44.6
36;2021-07-11;257;154;127896;97103;58.9;44.7
36;2021-07-12;332;1628;128228;98731;59.1;45.5
36;2021-07-13;311;1936;128539;100667;59.2;46.4
36;2021-07-14;376;763;128915;101430;59.4;46.7
36;2021-07-15;916;2166;129831;103596;59.8;47.7
36;2021-07-16;627;1874;130458;105470;60.1;48.6
36;2021-07-17;399;858;130857;106328;60.3;49.0
36;2021-07-18;198;408;131055;106736;60.4;49.2
36;2021-07-19;551;1457;131606;108193;60.6;49.8
36;2021-07-20;776;1410;132382;109603;61.0;50.5
36;2021-07-21;710;1985;133092;111588;61.3;51.4
36;2021-07-22;1139;1686;134231;113274;61.8;52.2
36;2021-07-23;968;1746;135199;115020;62.3;53.0
36;2021-07-24;607;804;135806;115824;62.5;53.3
36;2021-07-25;148;404;135954;116228;62.6;53.5
36;2021-07-26;949;1085;136903;117313;63.0;54.0
36;2021-07-27;810;1354;137713;118667;63.4;54.7
36;2021-07-28;1384;1398;139097;120065;64.1;55.3
36;2021-07-29;1706;1313;140803;121378;64.8;55.9
36;2021-07-30;1444;1324;142247;122702;65.5;56.5
36;2021-07-31;931;535;143178;123237;65.9;56.8
36;2021-08-01;207;240;143385;123477;66.0;56.9
36;2021-08-02;1112;891;144497;124368;66.5;57.3
36;2021-08-03;1271;994;145768;125362;67.1;57.7
36;2021-08-04;1689;938;147457;126300;67.9;58.2
36;2021-08-05;1815;905;149272;127205;68.7;58.6
36;2021-08-06;1411;871;150683;128076;69.4;59.0
36;2021-08-07;538;523;151221;128599;69.6;59.2
36;2021-08-08;292;154;151513;128753;69.8;59.3
36;2021-08-09;817;844;152330;129597;70.2;59.7
36;2021-08-10;1064;1013;153394;130610;70.6;60.2
36;2021-08-11;1346;856;154740;131466;71.3;60.5
36;2021-08-12;1153;852;155893;132318;71.8;60.9
36;2021-08-13;1180;777;157073;133095;72.3;61.3
36;2021-08-14;424;836;157497;133931;72.5;61.7
36;2021-08-15;363;113;157860;134044;72.7;61.7
36;2021-08-16;605;955;158465;134999;73.0;62.2
36;2021-08-17;766;1001;159231;136000;73.3;62.6
36;2021-08-18;1035;1162;160266;137162;73.8;63.2
36;2021-08-19;787;1176;161053;138338;74.2;63.7
36;2021-08-20;478;1474;161531;139812;74.4;64.4
36;2021-08-21;309;466;161840;140278;74.5;64.6
36;2021-08-22;27;64;161867;140342;74.5;64.6
36;2021-08-23;547;1175;162414;141517;74.8;65.2
37;2020-12-27;0;0;0;0;0.0;0.0
37;2020-12-28;17;0;17;0;0.0;0.0
37;2020-12-29;10;0;27;0;0.0;0.0
37;2020-12-30;0;0;27;0;0.0;0.0
37;2020-12-31;0;0;27;0;0.0;0.0
37;2021-01-01;0;0;27;0;0.0;0.0
37;2021-01-02;0;0;27;0;0.0;0.0
37;2021-01-03;0;0;27;0;0.0;0.0
37;2021-01-04;21;0;48;0;0.0;0.0
37;2021-01-05;47;0;95;0;0.0;0.0
37;2021-01-06;79;0;174;0;0.0;0.0
37;2021-01-07;115;0;289;0;0.0;0.0
37;2021-01-08;442;1;731;1;0.1;0.0
37;2021-01-09;79;0;810;1;0.1;0.0
37;2021-01-10;83;0;893;1;0.1;0.0
37;2021-01-11;280;0;1173;1;0.2;0.0
37;2021-01-12;659;4;1832;5;0.3;0.0
37;2021-01-13;560;1;2392;6;0.4;0.0
37;2021-01-14;522;3;2914;9;0.5;0.0
37;2021-01-15;628;1;3542;10;0.6;0.0
37;2021-01-16;304;2;3846;12;0.6;0.0
37;2021-01-17;262;1;4108;13;0.7;0.0
37;2021-01-18;734;8;4842;21;0.8;0.0
37;2021-01-19;1244;10;6086;31;1.0;0.0
37;2021-01-20;1038;3;7124;34;1.2;0.0
37;2021-01-21;856;1;7980;35;1.3;0.0
37;2021-01-22;767;2;8747;37;1.4;0.0
37;2021-01-23;173;0;8920;37;1.5;0.0
37;2021-01-24;0;0;8920;37;1.5;0.0
37;2021-01-25;538;15;9458;52;1.6;0.0
37;2021-01-26;1814;69;11272;121;1.9;0.0
37;2021-01-27;1523;76;12795;197;2.1;0.0
37;2021-01-28;1530;95;14325;292;2.4;0.0
37;2021-01-29;633;309;14958;601;2.5;0.1
37;2021-01-30;202;62;15160;663;2.5;0.1
37;2021-01-31;15;64;15175;727;2.5;0.1
37;2021-02-01;332;198;15507;925;2.6;0.2
37;2021-02-02;523;527;16030;1452;2.6;0.2
37;2021-02-03;660;351;16690;1803;2.8;0.3
37;2021-02-04;546;409;17236;2212;2.8;0.4
37;2021-02-05;465;443;17701;2655;2.9;0.4
37;2021-02-06;189;2;17890;2657;3.0;0.4
37;2021-02-07;20;1;17910;2658;3.0;0.4
37;2021-02-08;331;322;18241;2980;3.0;0.5
37;2021-02-09;625;710;18866;3690;3.1;0.6
37;2021-02-10;662;510;19528;4200;3.2;0.7
37;2021-02-11;612;562;20140;4762;3.3;0.8
37;2021-02-12;489;554;20629;5316;3.4;0.9
37;2021-02-13;155;205;20784;5521;3.4;0.9
37;2021-02-14;1;71;20785;5592;3.4;0.9
37;2021-02-15;425;479;21210;6071;3.5;1.0
37;2021-02-16;841;1447;22051;7518;3.6;1.2
37;2021-02-17;635;1371;22686;8889;3.7;1.5
37;2021-02-18;910;1414;23596;10303;3.9;1.7
37;2021-02-19;795;839;24391;11142;4.0;1.8
37;2021-02-20;245;210;24636;11352;4.1;1.9
37;2021-02-21;5;1;24641;11353;4.1;1.9
37;2021-02-22;336;580;24977;11933;4.1;2.0
37;2021-02-23;606;632;25583;12565;4.2;2.1
37;2021-02-24;572;620;26155;13185;4.3;2.2
37;2021-02-25;875;614;27030;13799;4.5;2.3
37;2021-02-26;1116;581;28146;14380;4.6;2.4
37;2021-02-27;584;189;28730;14569;4.7;2.4
37;2021-02-28;23;0;28753;14569;4.7;2.4
37;2021-03-01;603;361;29356;14930;4.8;2.5
37;2021-03-02;1090;546;30446;15476;5.0;2.6
37;2021-03-03;971;548;31417;16024;5.2;2.6
37;2021-03-04;1605;479;33022;16503;5.5;2.7
37;2021-03-05;2129;561;35151;17064;5.8;2.8
37;2021-03-06;1165;213;36316;17277;6.0;2.9
37;2021-03-07;472;66;36788;17343;6.1;2.9
37;2021-03-08;666;400;37454;17743;6.2;2.9
37;2021-03-09;1652;703;39106;18446;6.5;3.0
37;2021-03-10;1607;748;40713;19194;6.7;3.2
37;2021-03-11;2048;699;42761;19893;7.1;3.3
37;2021-03-12;3207;475;45968;20368;7.6;3.4
37;2021-03-13;1948;192;47916;20560;7.9;3.4
37;2021-03-14;206;4;48122;20564;7.9;3.4
37;2021-03-15;1069;250;49191;20814;8.1;3.4
37;2021-03-16;1048;530;50239;21344;8.3;3.5
37;2021-03-17;934;280;51173;21624;8.5;3.6
37;2021-03-18;1033;526;52206;22150;8.6;3.7
37;2021-03-19;2218;338;54424;22488;9.0;3.7
37;2021-03-20;1334;141;55758;22629;9.2;3.7
37;2021-03-21;204;4;55962;22633;9.2;3.7
37;2021-03-22;1287;242;57249;22875;9.5;3.8
37;2021-03-23;2256;569;59505;23444;9.8;3.9
37;2021-03-24;2246;463;61751;23907;10.2;3.9
37;2021-03-25;2982;445;64733;24352;10.7;4.0
37;2021-03-26;3524;410;68257;24762;11.3;4.1
37;2021-03-27;1175;127;69432;24889;11.5;4.1
37;2021-03-28;139;1;69571;24890;11.5;4.1
37;2021-03-29;1604;347;71175;25237;11.8;4.2
37;2021-03-30;2524;623;73699;25860;12.2;4.3
37;2021-03-31;2046;484;75745;26344;12.5;4.4
37;2021-04-01;2600;968;78345;27312;12.9;4.5
37;2021-04-02;2812;667;81157;27979;13.4;4.6
37;2021-04-03;817;223;81974;28202;13.5;4.7
37;2021-04-04;104;1;82078;28203;13.6;4.7
37;2021-04-05;4;0;82082;28203;13.6;4.7
37;2021-04-06;2239;778;84321;28981;13.9;4.8
37;2021-04-07;3171;865;87492;29846;14.5;4.9
37;2021-04-08;4041;967;91533;30813;15.1;5.1
37;2021-04-09;4543;946;96076;31759;15.9;5.2
37;2021-04-10;1328;433;97404;32192;16.1;5.3
37;2021-04-11;104;1;97508;32193;16.1;5.3
37;2021-04-12;2643;675;100151;32868;16.5;5.4
37;2021-04-13;4112;1159;104263;34027;17.2;5.6
37;2021-04-14;3044;895;107307;34922;17.7;5.8
37;2021-04-15;3758;1019;111065;35941;18.3;5.9
37;2021-04-16;4359;1224;115424;37165;19.1;6.1
37;2021-04-17;1147;223;116571;37388;19.3;6.2
37;2021-04-18;97;3;116668;37391;19.3;6.2
37;2021-04-19;2482;849;119150;38240;19.7;6.3
37;2021-04-20;3233;1337;122383;39577;20.2;6.5
37;2021-04-21;2930;1157;125313;40734;20.7;6.7
37;2021-04-22;3456;1401;128769;42135;21.3;7.0
37;2021-04-23;3691;1812;132460;43947;21.9;7.3
37;2021-04-24;1007;387;133467;44334;22.0;7.3
37;2021-04-25;45;2;133512;44336;22.1;7.3
37;2021-04-26;2969;1345;136481;45681;22.5;7.5
37;2021-04-27;4184;1817;140665;47498;23.2;7.8
37;2021-04-28;3462;1947;144127;49445;23.8;8.2
37;2021-04-29;4583;2021;148710;51466;24.6;8.5
37;2021-04-30;5056;1990;153766;53456;25.4;8.8
37;2021-05-01;637;212;154403;53668;25.5;8.9
37;2021-05-02;104;15;154507;53683;25.5;8.9
37;2021-05-03;2670;1955;157177;55638;26.0;9.2
37;2021-05-04;3732;2721;160909;58359;26.6;9.6
37;2021-05-05;3499;2087;164408;60446;27.2;10.0
37;2021-05-06;4994;1945;169402;62391;28.0;10.3
37;2021-05-07;4685;2885;174087;65276;28.8;10.8
37;2021-05-08;538;312;174625;65588;28.8;10.8
37;2021-05-09;63;41;174688;65629;28.9;10.8
37;2021-05-10;2160;3488;176848;69117;29.2;11.4
37;2021-05-11;3866;3882;180714;72999;29.9;12.1
37;2021-05-12;4039;2548;184753;75547;30.5;12.5
37;2021-05-13;1137;515;185890;76062;30.7;12.6
37;2021-05-14;4045;2683;189935;78745;31.4;13.0
37;2021-05-15;2323;744;192258;79489;31.8;13.1
37;2021-05-16;22;71;192280;79560;31.8;13.1
37;2021-05-17;2764;2054;195044;81614;32.2;13.5
37;2021-05-18;3874;2362;198918;83976;32.9;13.9
37;2021-05-19;3494;1806;202412;85782;33.4;14.2
37;2021-05-20;4752;1777;207164;87559;34.2;14.5
37;2021-05-21;4526;2573;211690;90132;35.0;14.9
37;2021-05-22;1077;751;212767;90883;35.1;15.0
37;2021-05-23;73;89;212840;90972;35.2;15.0
37;2021-05-24;513;106;213353;91078;35.2;15.0
37;2021-05-25;5125;2178;218478;93256;36.1;15.4
37;2021-05-26;4929;2099;223407;95355;36.9;15.8
37;2021-05-27;5986;2370;229393;97725;37.9;16.1
37;2021-05-28;6023;3267;235416;100992;38.9;16.7
37;2021-05-29;1521;1167;236937;102159;39.1;16.9
37;2021-05-30;55;160;236992;102319;39.1;16.9
37;2021-05-31;3647;2528;240639;104847;39.8;17.3
37;2021-06-01;5846;3622;246485;108469;40.7;17.9
37;2021-06-02;5078;2457;251563;110926;41.6;18.3
37;2021-06-03;6087;2881;257650;113807;42.6;18.8
37;2021-06-04;5511;4206;263161;118013;43.5;19.5
37;2021-06-05;1855;1305;265016;119318;43.8;19.7
37;2021-06-06;49;197;265065;119515;43.8;19.7
37;2021-06-07;3022;4168;268087;123683;44.3;20.4
37;2021-06-08;4200;4656;272287;128339;45.0;21.2
37;2021-06-09;3883;3571;276170;131910;45.6;21.8
37;2021-06-10;5268;3621;281438;135531;46.5;22.4
37;2021-06-11;4977;4839;286415;140370;47.3;23.2
37;2021-06-12;3553;1349;289968;141719;47.9;23.4
37;2021-06-13;15;164;289983;141883;47.9;23.4
37;2021-06-14;2667;4039;292650;145922;48.3;24.1
37;2021-06-15;3900;4781;296550;150703;49.0;24.9
37;2021-06-16;3257;3603;299807;154306;49.5;25.5
37;2021-06-17;4010;4495;303817;158801;50.2;26.2
37;2021-06-18;4705;5071;308522;163872;51.0;27.1
37;2021-06-19;2520;1102;311042;164974;51.4;27.3
37;2021-06-20;9;183;311051;165157;51.4;27.3
37;2021-06-21;2419;3824;313470;168981;51.8;27.9
37;2021-06-22;2969;5009;316439;173990;52.3;28.7
37;2021-06-23;2628;3647;319067;177637;52.7;29.3
37;2021-06-24;2864;3546;321931;181183;53.2;29.9
37;2021-06-25;3309;4883;325240;186066;53.7;30.7
37;2021-06-26;1240;3086;326480;189152;53.9;31.2
37;2021-06-27;23;142;326503;189294;53.9;31.3
37;2021-06-28;1702;4511;328205;193805;54.2;32.0
37;2021-06-29;1903;6223;330108;200028;54.5;33.0
37;2021-06-30;1871;4441;331979;204469;54.8;33.8
37;2021-07-01;2126;4793;334105;209262;55.2;34.6
37;2021-07-02;2679;5594;336784;214856;55.6;35.5
37;2021-07-03;945;2138;337729;216994;55.8;35.8
37;2021-07-04;4;104;337733;217098;55.8;35.9
37;2021-07-05;1706;5143;339439;222241;56.1;36.7
37;2021-07-06;2003;6762;341442;229003;56.4;37.8
37;2021-07-07;1945;5460;343387;234463;56.7;38.7
37;2021-07-08;2462;6662;345849;241125;57.1;39.8
37;2021-07-09;1986;7639;347835;248764;57.5;41.1
37;2021-07-10;1013;2615;348848;251379;57.6;41.5
37;2021-07-11;26;96;348874;251475;57.6;41.5
37;2021-07-12;1132;5986;350006;257461;57.8;42.5
37;2021-07-13;1615;7822;351621;265283;58.1;43.8
37;2021-07-14;524;406;352145;265689;58.2;43.9
37;2021-07-15;2623;7499;354768;273188;58.6;45.1
37;2021-07-16;2760;7801;357528;280989;59.1;46.4
37;2021-07-17;1202;2446;358730;283435;59.3;46.8
37;2021-07-18;50;53;358780;283488;59.3;46.8
37;2021-07-19;1648;6129;360428;289617;59.5;47.8
37;2021-07-20;2908;7068;363336;296685;60.0;49.0
37;2021-07-21;2983;5786;366319;302471;60.5;50.0
37;2021-07-22;4055;6534;370374;309005;61.2;51.0
37;2021-07-23;3807;7102;374181;316107;61.8;52.2
37;2021-07-24;1775;3309;375956;319416;62.1;52.8
37;2021-07-25;65;77;376021;319493;62.1;52.8
37;2021-07-26;3238;4321;379259;323814;62.6;53.5
37;2021-07-27;4429;4958;383688;328772;63.4;54.3
37;2021-07-28;4129;3660;387817;332432;64.1;54.9
37;2021-07-29;5080;4191;392897;336623;64.9;55.6
37;2021-07-30;5231;4928;398128;341551;65.8;56.4
37;2021-07-31;1917;1844;400045;343395;66.1;56.7
37;2021-08-01;31;52;400076;343447;66.1;56.7
37;2021-08-02;3285;3284;403361;346731;66.6;57.3
37;2021-08-03;5252;3140;408613;349871;67.5;57.8
37;2021-08-04;4539;1925;413152;351796;68.2;58.1
37;2021-08-05;4770;2597;417922;354393;69.0;58.5
37;2021-08-06;4831;3304;422753;357697;69.8;59.1
37;2021-08-07;1623;1119;424376;358816;70.1;59.3
37;2021-08-08;33;174;424409;358990;70.1;59.3
37;2021-08-09;2420;2252;426829;361242;70.5;59.7
37;2021-08-10;3021;2634;429850;363876;71.0;60.1
37;2021-08-11;2094;2104;431944;365980;71.4;60.5
37;2021-08-12;2611;2684;434555;368664;71.8;60.9
37;2021-08-13;2451;2766;437006;371430;72.2;61.4
37;2021-08-14;751;811;437757;372241;72.3;61.5
37;2021-08-15;12;57;437769;372298;72.3;61.5
37;2021-08-16;1456;3158;439225;375456;72.6;62.0
37;2021-08-17;1789;3969;441014;379425;72.8;62.7
37;2021-08-18;1389;3135;442403;382560;73.1;63.2
37;2021-08-19;1591;3835;443994;386395;73.3;63.8
37;2021-08-20;1577;4536;445571;390931;73.6;64.6
37;2021-08-21;608;1199;446179;392130;73.7;64.8
37;2021-08-22;3;31;446182;392161;73.7;64.8
37;2021-08-23;1279;3978;447461;396139;73.9;65.4
38;2020-12-27;1;0;1;0;0.0;0.0
38;2020-12-28;1;0;2;0;0.0;0.0
38;2020-12-29;0;0;2;0;0.0;0.0
38;2020-12-30;2;0;4;0;0.0;0.0
38;2020-12-31;5;0;9;0;0.0;0.0
38;2021-01-01;2;0;11;0;0.0;0.0
38;2021-01-02;1;0;12;0;0.0;0.0
38;2021-01-03;2;0;14;0;0.0;0.0
38;2021-01-04;162;0;176;0;0.0;0.0
38;2021-01-05;258;1;434;1;0.0;0.0
38;2021-01-06;364;0;798;1;0.1;0.0
38;2021-01-07;636;1;1434;2;0.1;0.0
38;2021-01-08;695;0;2129;2;0.2;0.0
38;2021-01-09;30;0;2159;2;0.2;0.0
38;2021-01-10;1;0;2160;2;0.2;0.0
38;2021-01-11;801;2;2961;4;0.2;0.0
38;2021-01-12;1470;4;4431;8;0.4;0.0
38;2021-01-13;1083;5;5514;13;0.4;0.0
38;2021-01-14;1681;15;7195;28;0.6;0.0
38;2021-01-15;1674;7;8869;35;0.7;0.0
38;2021-01-16;307;2;9176;37;0.7;0.0
38;2021-01-17;3;0;9179;37;0.7;0.0
38;2021-01-18;1177;4;10356;41;0.8;0.0
38;2021-01-19;2238;6;12594;47;1.0;0.0
38;2021-01-20;1882;4;14476;51;1.1;0.0
38;2021-01-21;1637;6;16113;57;1.3;0.0
38;2021-01-22;1401;9;17514;66;1.4;0.0
38;2021-01-23;379;3;17893;69;1.4;0.0
38;2021-01-24;1;0;17894;69;1.4;0.0
38;2021-01-25;790;107;18684;176;1.5;0.0
38;2021-01-26;855;182;19539;358;1.5;0.0
38;2021-01-27;1091;278;20630;636;1.6;0.1
38;2021-01-28;1172;476;21802;1112;1.7;0.1
38;2021-01-29;952;378;22754;1490;1.8;0.1
38;2021-01-30;304;0;23058;1490;1.8;0.1
38;2021-01-31;0;0;23058;1490;1.8;0.1
38;2021-02-01;701;599;23759;2089;1.9;0.2
38;2021-02-02;966;962;24725;3051;2.0;0.2
38;2021-02-03;1229;695;25954;3746;2.1;0.3
38;2021-02-04;1278;971;27232;4717;2.2;0.4
38;2021-02-05;1400;844;28632;5561;2.3;0.4
38;2021-02-06;187;95;28819;5656;2.3;0.4
38;2021-02-07;3;48;28822;5704;2.3;0.5
38;2021-02-08;861;792;29683;6496;2.3;0.5
38;2021-02-09;1538;1312;31221;7808;2.5;0.6
38;2021-02-10;1580;1285;32801;9093;2.6;0.7
38;2021-02-11;1870;1160;34671;10253;2.7;0.8
38;2021-02-12;1509;1124;36180;11377;2.9;0.9
38;2021-02-13;466;189;36646;11566;2.9;0.9
38;2021-02-14;1;7;36647;11573;2.9;0.9
38;2021-02-15;977;943;37624;12516;3.0;1.0
38;2021-02-16;1378;974;39002;13490;3.1;1.1
38;2021-02-17;1373;1065;40375;14555;3.2;1.2
38;2021-02-18;1789;1066;42164;15621;3.3;1.2
38;2021-02-19;1256;868;43420;16489;3.4;1.3
38;2021-02-20;469;311;43889;16800;3.5;1.3
38;2021-02-21;0;0;43889;16800;3.5;1.3
38;2021-02-22;1073;900;44962;17700;3.6;1.4
38;2021-02-23;1540;950;46502;18650;3.7;1.5
38;2021-02-24;1732;1132;48234;19782;3.8;1.6
38;2021-02-25;2498;1053;50732;20835;4.0;1.6
38;2021-02-26;3309;981;54041;21816;4.3;1.7
38;2021-02-27;1510;435;55551;22251;4.4;1.8
38;2021-02-28;33;2;55584;22253;4.4;1.8
38;2021-03-01;2508;785;58092;23038;4.6;1.8
38;2021-03-02;4047;1057;62139;24095;4.9;1.9
38;2021-03-03;3368;1245;65507;25340;5.2;2.0
38;2021-03-04;4485;1388;69992;26728;5.5;2.1
38;2021-03-05;5230;1202;75222;27930;5.9;2.2
38;2021-03-06;3042;271;78264;28201;6.2;2.2
38;2021-03-07;115;2;78379;28203;6.2;2.2
38;2021-03-08;2441;906;80820;29109;6.4;2.3
38;2021-03-09;4025;1308;84845;30417;6.7;2.4
38;2021-03-10;3504;1087;88349;31504;7.0;2.5
38;2021-03-11;5140;1521;93489;33025;7.4;2.6
38;2021-03-12;7091;1167;100580;34192;8.0;2.7
38;2021-03-13;3770;221;104350;34413;8.2;2.7
38;2021-03-14;544;14;104894;34427;8.3;2.7
38;2021-03-15;2700;1011;107594;35438;8.5;2.8
38;2021-03-16;2082;1361;109676;36799;8.7;2.9
38;2021-03-17;2027;1210;111703;38009;8.8;3.0
38;2021-03-18;2642;1366;114345;39375;9.0;3.1
38;2021-03-19;4010;1063;118355;40438;9.4;3.2
38;2021-03-20;1823;247;120178;40685;9.5;3.2
38;2021-03-21;130;8;120308;40693;9.5;3.2
38;2021-03-22;2867;1002;123175;41695;9.7;3.3
38;2021-03-23;4781;1493;127956;43188;10.1;3.4
38;2021-03-24;3710;1580;131666;44768;10.4;3.5
38;2021-03-25;5791;1537;137457;46305;10.9;3.7
38;2021-03-26;6599;1737;144056;48042;11.4;3.8
38;2021-03-27;2512;762;146568;48804;11.6;3.9
38;2021-03-28;926;45;147494;48849;11.7;3.9
38;2021-03-29;2678;1846;150172;50695;11.9;4.0
38;2021-03-30;4566;2537;154738;53232;12.2;4.2
38;2021-03-31;3662;2225;158400;55457;12.5;4.4
38;2021-04-01;5131;2517;163531;57974;12.9;4.6
38;2021-04-02;3872;2527;167403;60501;13.2;4.8
38;2021-04-03;1418;942;168821;61443;13.3;4.9
38;2021-04-04;430;45;169251;61488;13.4;4.9
38;2021-04-05;2174;345;171425;61833;13.6;4.9
38;2021-04-06;4346;2395;175771;64228;13.9;5.1
38;2021-04-07;4416;2735;180187;66963;14.2;5.3
38;2021-04-08;5649;2664;185836;69627;14.7;5.5
38;2021-04-09;8559;2731;194395;72358;15.4;5.7
38;2021-04-10;3600;1477;197995;73835;15.7;5.8
38;2021-04-11;1048;100;199043;73935;15.7;5.8
38;2021-04-12;4197;2253;203240;76188;16.1;6.0
38;2021-04-13;6122;2469;209362;78657;16.6;6.2
38;2021-04-14;5119;2460;214481;81117;17.0;6.4
38;2021-04-15;6363;2766;220844;83883;17.5;6.6
38;2021-04-16;6215;2728;227059;86611;17.9;6.8
38;2021-04-17;2587;995;229646;87606;18.2;6.9
38;2021-04-18;1333;72;230979;87678;18.3;6.9
38;2021-04-19;3945;2837;234924;90515;18.6;7.2
38;2021-04-20;5421;2853;240345;93368;19.0;7.4
38;2021-04-21;4980;2707;245325;96075;19.4;7.6
38;2021-04-22;5782;2834;251107;98909;19.9;7.8
38;2021-04-23;6037;2817;257144;101726;20.3;8.0
38;2021-04-24;2665;1348;259809;103074;20.5;8.1
38;2021-04-25;803;590;260612;103664;20.6;8.2
38;2021-04-26;4486;2471;265098;106135;21.0;8.4
38;2021-04-27;6043;2734;271141;108869;21.4;8.6
38;2021-04-28;6194;2506;277335;111375;21.9;8.8
38;2021-04-29;8329;3071;285664;114446;22.6;9.0
38;2021-04-30;7673;4057;293337;118503;23.2;9.4
38;2021-05-01;1541;198;294878;118701;23.3;9.4
38;2021-05-02;845;72;295723;118773;23.4;9.4
38;2021-05-03;5298;3591;301021;122364;23.8;9.7
38;2021-05-04;6194;5077;307215;127441;24.3;10.1
38;2021-05-05;6066;4610;313281;132051;24.8;10.4
38;2021-05-06;6714;5324;319995;137375;25.3;10.9
38;2021-05-07;7276;6444;327271;143819;25.9;11.4
38;2021-05-08;3769;718;331040;144537;26.2;11.4
38;2021-05-09;2850;1929;333890;146466;26.4;11.6
38;2021-05-10;6151;5307;340041;151773;26.9;12.0
38;2021-05-11;8223;6027;348264;157800;27.5;12.5
38;2021-05-12;9049;4705;357313;162505;28.2;12.8
38;2021-05-13;6635;1415;363948;163920;28.8;13.0
38;2021-05-14;9564;3422;373512;167342;29.5;13.2
38;2021-05-15;6862;1456;380374;168798;30.1;13.3
38;2021-05-16;5474;652;385848;169450;30.5;13.4
38;2021-05-17;7670;3006;393518;172456;31.1;13.6
38;2021-05-18;8623;4036;402141;176492;31.8;14.0
38;2021-05-19;8157;3345;410298;179837;32.4;14.2
38;2021-05-20;8975;4495;419273;184332;33.1;14.6
38;2021-05-21;9959;4584;429232;188916;33.9;14.9
38;2021-05-22;7452;1908;436684;190824;34.5;15.1
38;2021-05-23;5585;577;442269;191401;35.0;15.1
38;2021-05-24;7500;1623;449769;193024;35.6;15.3
38;2021-05-25;9543;4854;459312;197878;36.3;15.6
38;2021-05-26;8115;4725;467427;202603;37.0;16.0
38;2021-05-27;9131;5658;476558;208261;37.7;16.5
38;2021-05-28;8787;6507;485345;214768;38.4;17.0
38;2021-05-29;5820;3262;491165;218030;38.8;17.2
38;2021-05-30;2690;1594;493855;219624;39.0;17.4
38;2021-05-31;8272;5138;502127;224762;39.7;17.8
38;2021-06-01;7964;6438;510091;231200;40.3;18.3
38;2021-06-02;7140;5624;517231;236824;40.9;18.7
38;2021-06-03;7393;6838;524624;243662;41.5;19.3
38;2021-06-04;8124;7612;532748;251274;42.1;19.9
38;2021-06-05;5794;3948;538542;255222;42.6;20.2
38;2021-06-06;2508;1462;541050;256684;42.8;20.3
38;2021-06-07;5553;6875;546603;263559;43.2;20.8
38;2021-06-08;5875;7534;552478;271093;43.7;21.4
38;2021-06-09;5050;6471;557528;277564;44.1;21.9
38;2021-06-10;5427;6792;562955;284356;44.5;22.5
38;2021-06-11;5885;7791;568840;292147;45.0;23.1
38;2021-06-12;3947;3259;572787;295406;45.3;23.4
38;2021-06-13;1256;1297;574043;296703;45.4;23.5
38;2021-06-14;3871;7667;577914;304370;45.7;24.1
38;2021-06-15;5238;8148;583152;312518;46.1;24.7
38;2021-06-16;5123;7408;588275;319926;46.5;25.3
38;2021-06-17;4522;7059;592797;326985;46.9;25.8
38;2021-06-18;6166;9230;598963;336215;47.3;26.6
38;2021-06-19;3596;4968;602559;341183;47.6;27.0
38;2021-06-20;1038;2901;603597;344084;47.7;27.2
38;2021-06-21;3748;8707;607345;352791;48.0;27.9
38;2021-06-22;3792;10106;611137;362897;48.3;28.7
38;2021-06-23;3154;9547;614291;372444;48.6;29.4
38;2021-06-24;3381;8587;617672;381031;48.8;30.1
38;2021-06-25;3782;11493;621454;392524;49.1;31.0
38;2021-06-26;2229;7852;623683;400376;49.3;31.7
38;2021-06-27;1098;4357;624781;404733;49.4;32.0
38;2021-06-28;2949;10304;627730;415037;49.6;32.8
38;2021-06-29;3787;10444;631517;425481;49.9;33.6
38;2021-06-30;4058;9938;635575;435419;50.2;34.4
38;2021-07-01;3535;9014;639110;444433;50.5;35.1
38;2021-07-02;3725;11614;642835;456047;50.8;36.1
38;2021-07-03;1736;8787;644571;464834;51.0;36.7
38;2021-07-04;1243;3205;645814;468039;51.1;37.0
38;2021-07-05;3060;10546;648874;478585;51.3;37.8
38;2021-07-06;3435;10239;652309;488824;51.6;38.6
38;2021-07-07;3530;9395;655839;498219;51.8;39.4
38;2021-07-08;3494;8225;659333;506444;52.1;40.0
38;2021-07-09;3893;10741;663226;517185;52.4;40.9
38;2021-07-10;2403;7804;665629;524989;52.6;41.5
38;2021-07-11;778;2026;666407;527015;52.7;41.7
38;2021-07-12;3471;10675;669878;537690;53.0;42.5
38;2021-07-13;6593;10929;676471;548619;53.5;43.4
38;2021-07-14;4665;3336;681136;551955;53.8;43.6
38;2021-07-15;8728;9669;689864;561624;54.5;44.4
38;2021-07-16;8745;10693;698609;572317;55.2;45.2
38;2021-07-17;4734;7477;703343;579794;55.6;45.8
38;2021-07-18;2572;2491;705915;582285;55.8;46.0
38;2021-07-19;5818;9217;711733;591502;56.3;46.8
38;2021-07-20;6271;8302;718004;599804;56.8;47.4
38;2021-07-21;7855;8021;725859;607825;57.4;48.1
38;2021-07-22;7592;6992;733451;614817;58.0;48.6
38;2021-07-23;8935;9033;742386;623850;58.7;49.3
38;2021-07-24;5564;5528;747950;629378;59.1;49.8
38;2021-07-25;2856;1651;750806;631029;59.4;49.9
38;2021-07-26;7860;7496;758666;638525;60.0;50.5
38;2021-07-27;7607;6268;766273;644793;60.6;51.0
38;2021-07-28;8599;5703;774872;650496;61.3;51.4
38;2021-07-29;7650;4679;782522;655175;61.9;51.8
38;2021-07-30;7704;6646;790226;661821;62.5;52.3
38;2021-07-31;4311;3597;794537;665418;62.8;52.6
38;2021-08-01;1284;1083;795821;666501;62.9;52.7
38;2021-08-02;3913;4445;799734;670946;63.2;53.0
38;2021-08-03;4529;4549;804263;675495;63.6;53.4
38;2021-08-04;4578;4347;808841;679842;63.9;53.7
38;2021-08-05;3675;4638;812516;684480;64.2;54.1
38;2021-08-06;4082;5941;816598;690421;64.6;54.6
38;2021-08-07;2273;3529;818871;693950;64.7;54.9
38;2021-08-08;775;2015;819646;695965;64.8;55.0
38;2021-08-09;3578;5570;823224;701535;65.1;55.5
38;2021-08-10;4820;6245;828044;707780;65.5;56.0
38;2021-08-11;3910;4654;831954;712434;65.8;56.3
38;2021-08-12;3343;4600;835297;717034;66.0;56.7
38;2021-08-13;4081;6028;839378;723062;66.4;57.2
38;2021-08-14;1729;4015;841107;727077;66.5;57.5
38;2021-08-15;525;1917;841632;728994;66.5;57.6
38;2021-08-16;2942;7916;844574;736910;66.8;58.3
38;2021-08-17;3388;5943;847962;742853;67.0;58.7
38;2021-08-18;2943;7137;850905;749990;67.3;59.3
38;2021-08-19;2544;4815;853449;754805;67.5;59.7
38;2021-08-20;2842;8407;856291;763212;67.7;60.3
38;2021-08-21;1168;5006;857459;768218;67.8;60.7
38;2021-08-22;490;1502;857949;769720;67.8;60.8
38;2021-08-23;2517;7603;860466;777323;68.0;61.4
39;2020-12-27;0;0;0;0;0.0;0.0
39;2020-12-28;0;0;0;0;0.0;0.0
39;2020-12-29;0;0;0;0;0.0;0.0
39;2020-12-30;0;0;0;0;0.0;0.0
39;2020-12-31;0;0;0;0;0.0;0.0
39;2021-01-01;0;0;0;0;0.0;0.0
39;2021-01-02;0;0;0;0;0.0;0.0
39;2021-01-03;0;0;0;0;0.0;0.0
39;2021-01-04;3;0;3;0;0.0;0.0
39;2021-01-05;3;0;6;0;0.0;0.0
39;2021-01-06;57;3;63;3;0.0;0.0
39;2021-01-07;332;2;395;5;0.2;0.0
39;2021-01-08;657;2;1052;7;0.4;0.0
39;2021-01-09;169;0;1221;7;0.5;0.0
39;2021-01-10;1;0;1222;7;0.5;0.0
39;2021-01-11;476;1;1698;8;0.7;0.0
39;2021-01-12;431;1;2129;9;0.8;0.0
39;2021-01-13;408;2;2537;11;1.0;0.0
39;2021-01-14;574;3;3111;14;1.2;0.0
39;2021-01-15;471;1;3582;15;1.4;0.0
39;2021-01-16;141;1;3723;16;1.4;0.0
39;2021-01-17;0;1;3723;17;1.4;0.0
39;2021-01-18;924;7;4647;24;1.8;0.0
39;2021-01-19;1181;7;5828;31;2.3;0.0
39;2021-01-20;906;4;6734;35;2.6;0.0
39;2021-01-21;1178;2;7912;37;3.1;0.0
39;2021-01-22;985;2;8897;39;3.5;0.0
39;2021-01-23;383;1;9280;40;3.6;0.0
39;2021-01-24;0;0;9280;40;3.6;0.0
39;2021-01-25;642;2;9922;42;3.8;0.0
39;2021-01-26;1121;12;11043;54;4.3;0.0
39;2021-01-27;925;17;11968;71;4.6;0.0
39;2021-01-28;740;244;12708;315;4.9;0.1
39;2021-01-29;582;422;13290;737;5.2;0.3
39;2021-01-30;265;109;13555;846;5.3;0.3
39;2021-01-31;1;0;13556;846;5.3;0.3
39;2021-02-01;562;262;14118;1108;5.5;0.4
39;2021-02-02;753;322;14871;1430;5.8;0.6
39;2021-02-03;531;516;15402;1946;6.0;0.8
39;2021-02-04;554;461;15956;2407;6.2;0.9
39;2021-02-05;439;431;16395;2838;6.4;1.1
39;2021-02-06;265;110;16660;2948;6.5;1.1
39;2021-02-07;0;1;16660;2949;6.5;1.1
39;2021-02-08;321;372;16981;3321;6.6;1.3
39;2021-02-09;383;484;17364;3805;6.7;1.5
39;2021-02-10;252;337;17616;4142;6.8;1.6
39;2021-02-11;586;513;18202;4655;7.1;1.8
39;2021-02-12;386;417;18588;5072;7.2;2.0
39;2021-02-13;99;69;18687;5141;7.2;2.0
39;2021-02-14;0;0;18687;5141;7.2;2.0
39;2021-02-15;99;756;18786;5897;7.3;2.3
39;2021-02-16;99;911;18885;6808;7.3;2.6
39;2021-02-17;58;694;18943;7502;7.3;2.9
39;2021-02-18;109;856;19052;8358;7.4;3.2
39;2021-02-19;100;485;19152;8843;7.4;3.4
39;2021-02-20;18;364;19170;9207;7.4;3.6
39;2021-02-21;0;0;19170;9207;7.4;3.6
39;2021-02-22;100;730;19270;9937;7.5;3.9
39;2021-02-23;4;764;19274;10701;7.5;4.2
39;2021-02-24;125;873;19399;11574;7.5;4.5
39;2021-02-25;214;748;19613;12322;7.6;4.8
39;2021-02-26;218;468;19831;12790;7.7;5.0
39;2021-02-27;169;298;20000;13088;7.8;5.1
39;2021-02-28;1;0;20001;13088;7.8;5.1
39;2021-03-01;218;639;20219;13727;7.8;5.3
39;2021-03-02;329;828;20548;14555;8.0;5.6
39;2021-03-03;601;530;21149;15085;8.2;5.9
39;2021-03-04;658;475;21807;15560;8.5;6.0
39;2021-03-05;670;330;22477;15890;8.7;6.2
39;2021-03-06;777;248;23254;16138;9.0;6.3
39;2021-03-07;242;83;23496;16221;9.1;6.3
39;2021-03-08;286;446;23782;16667;9.2;6.5
39;2021-03-09;843;460;24625;17127;9.6;6.6
39;2021-03-10;984;338;25609;17465;9.9;6.8
39;2021-03-11;829;462;26438;17927;10.3;7.0
39;2021-03-12;806;292;27244;18219;10.6;7.1
39;2021-03-13;788;104;28032;18323;10.9;7.1
39;2021-03-14;35;10;28067;18333;10.9;7.1
39;2021-03-15;512;103;28579;18436;11.1;7.1
39;2021-03-16;555;69;29134;18505;11.3;7.2
39;2021-03-17;612;57;29746;18562;11.5;7.2
39;2021-03-18;597;72;30343;18634;11.8;7.2
39;2021-03-19;393;72;30736;18706;11.9;7.3
39;2021-03-20;311;10;31047;18716;12.0;7.3
39;2021-03-21;3;0;31050;18716;12.0;7.3
39;2021-03-22;754;117;31804;18833;12.3;7.3
39;2021-03-23;1130;44;32934;18877;12.8;7.3
39;2021-03-24;1178;97;34112;18974;13.2;7.4
39;2021-03-25;2042;128;36154;19102;14.0;7.4
39;2021-03-26;798;114;36952;19216;14.3;7.5
39;2021-03-27;345;6;37297;19222;14.5;7.5
39;2021-03-28;36;4;37333;19226;14.5;7.5
39;2021-03-29;1036;195;38369;19421;14.9;7.5
39;2021-03-30;1400;269;39769;19690;15.4;7.6
39;2021-03-31;657;526;40426;20216;15.7;7.8
39;2021-04-01;1310;316;41736;20532;16.2;8.0
39;2021-04-02;626;131;42362;20663;16.4;8.0
39;2021-04-03;180;8;42542;20671;16.5;8.0
39;2021-04-04;4;1;42546;20672;16.5;8.0
39;2021-04-05;1;0;42547;20672;16.5;8.0
39;2021-04-06;824;632;43371;21304;16.8;8.3
39;2021-04-07;1132;679;44503;21983;17.3;8.5
39;2021-04-08;1790;581;46293;22564;18.0;8.8
39;2021-04-09;1676;291;47969;22855;18.6;8.9
39;2021-04-10;346;183;48315;23038;18.7;8.9
39;2021-04-11;2;0;48317;23038;18.7;8.9
39;2021-04-12;680;397;48997;23435;19.0;9.1
39;2021-04-13;1200;582;50197;24017;19.5;9.3
39;2021-04-14;845;639;51042;24656;19.8;9.6
39;2021-04-15;1481;716;52523;25372;20.4;9.8
39;2021-04-16;1090;175;53613;25547;20.8;9.9
39;2021-04-17;197;61;53810;25608;20.9;9.9
39;2021-04-18;0;0;53810;25608;20.9;9.9
39;2021-04-19;524;699;54334;26307;21.1;10.2
39;2021-04-20;766;545;55100;26852;21.4;10.4
39;2021-04-21;1142;721;56242;27573;21.8;10.7
39;2021-04-22;1012;1132;57254;28705;22.2;11.1
39;2021-04-23;457;359;57711;29064;22.4;11.3
39;2021-04-24;276;149;57987;29213;22.5;11.3
39;2021-04-25;12;2;57999;29215;22.5;11.3
39;2021-04-26;568;1040;58567;30255;22.7;11.7
39;2021-04-27;788;982;59355;31237;23.0;12.1
39;2021-04-28;1719;417;61074;31654;23.7;12.3
39;2021-04-29;2571;973;63645;32627;24.7;12.7
39;2021-04-30;2473;393;66118;33020;25.6;12.8
39;2021-05-01;41;53;66159;33073;25.7;12.8
39;2021-05-02;0;0;66159;33073;25.7;12.8
39;2021-05-03;917;807;67076;33880;26.0;13.1
39;2021-05-04;949;1128;68025;35008;26.4;13.6
39;2021-05-05;1954;888;69979;35896;27.1;13.9
39;2021-05-06;2424;1343;72403;37239;28.1;14.4
39;2021-05-07;1286;576;73689;37815;28.6;14.7
39;2021-05-08;179;55;73868;37870;28.6;14.7
39;2021-05-09;10;8;73878;37878;28.7;14.7
39;2021-05-10;1761;849;75639;38727;29.3;15.0
39;2021-05-11;1775;1515;77414;40242;30.0;15.6
39;2021-05-12;1809;1495;79223;41737;30.7;16.2
39;2021-05-13;246;23;79469;41760;30.8;16.2
39;2021-05-14;2392;335;81861;42095;31.7;16.3
39;2021-05-15;1848;257;83709;42352;32.5;16.4
39;2021-05-16;0;0;83709;42352;32.5;16.4
39;2021-05-17;1988;726;85697;43078;33.2;16.7
39;2021-05-18;1692;1183;87389;44261;33.9;17.2
39;2021-05-19;2496;557;89885;44818;34.9;17.4
39;2021-05-20;2465;756;92350;45574;35.8;17.7
39;2021-05-21;1800;564;94150;46138;36.5;17.9
39;2021-05-22;322;219;94472;46357;36.6;18.0
39;2021-05-23;7;36;94479;46393;36.6;18.0
39;2021-05-24;8;28;94487;46421;36.6;18.0
39;2021-05-25;1726;1205;96213;47626;37.3;18.5
39;2021-05-26;1644;1379;97857;49005;38.0;19.0
39;2021-05-27;1486;1623;99343;50628;38.5;19.6
39;2021-05-28;856;1219;100199;51847;38.9;20.1
39;2021-05-29;261;276;100460;52123;39.0;20.2
39;2021-05-30;2;40;100462;52163;39.0;20.2
39;2021-05-31;1626;1248;102088;53411;39.6;20.7
39;2021-06-01;1895;1319;103983;54730;40.3;21.2
39;2021-06-02;1706;1174;105689;55904;41.0;21.7
39;2021-06-03;1326;1160;107015;57064;41.5;22.1
39;2021-06-04;941;1070;107956;58134;41.9;22.5
39;2021-06-05;766;516;108722;58650;42.2;22.7
39;2021-06-06;1;36;108723;58686;42.2;22.8
39;2021-06-07;2105;916;110828;59602;43.0;23.1
39;2021-06-08;2211;1155;113039;60757;43.8;23.6
39;2021-06-09;1732;1244;114771;62001;44.5;24.0
39;2021-06-10;1617;2082;116388;64083;45.1;24.9
39;2021-06-11;1568;1271;117956;65354;45.7;25.3
39;2021-06-12;1263;348;119219;65702;46.2;25.5
39;2021-06-13;11;18;119230;65720;46.2;25.5
39;2021-06-14;1337;1895;120567;67615;46.8;26.2
39;2021-06-15;1388;1257;121955;68872;47.3;26.7
39;2021-06-16;1171;1539;123126;70411;47.8;27.3
39;2021-06-17;1043;1716;124169;72127;48.2;28.0
39;2021-06-18;1637;1178;125806;73305;48.8;28.4
39;2021-06-19;249;412;126055;73717;48.9;28.6
39;2021-06-20;2;18;126057;73735;48.9;28.6
39;2021-06-21;351;2494;126408;76229;49.0;29.6
39;2021-06-22;814;2294;127222;78523;49.3;30.5
39;2021-06-23;1199;1301;128421;79824;49.8;31.0
39;2021-06-24;736;1048;129157;80872;50.1;31.4
39;2021-06-25;680;2962;129837;83834;50.4;32.5
39;2021-06-26;205;1564;130042;85398;50.4;33.1
39;2021-06-27;0;0;130042;85398;50.4;33.1
39;2021-06-28;304;2745;130346;88143;50.6;34.2
39;2021-06-29;498;2697;130844;90840;50.7;35.2
39;2021-06-30;898;2422;131742;93262;51.1;36.2
39;2021-07-01;644;1938;132386;95200;51.3;36.9
39;2021-07-02;1111;1406;133497;96606;51.8;37.5
39;2021-07-03;553;524;134050;97130;52.0;37.7
39;2021-07-04;1;2;134051;97132;52.0;37.7
39;2021-07-05;602;2589;134653;99721;52.2;38.7
39;2021-07-06;836;1887;135489;101608;52.5;39.4
39;2021-07-07;589;1389;136078;102997;52.8;39.9
39;2021-07-08;697;906;136775;103903;53.0;40.3
39;2021-07-09;1080;1585;137855;105488;53.5;40.9
39;2021-07-10;738;476;138593;105964;53.7;41.1
39;2021-07-11;28;8;138621;105972;53.8;41.1
39;2021-07-12;574;2596;139195;108568;54.0;42.1
39;2021-07-13;1635;2657;140830;111225;54.6;43.1
39;2021-07-14;17;21;140847;111246;54.6;43.1
39;2021-07-15;1903;1837;142750;113083;55.4;43.9
39;2021-07-16;3226;2040;145976;115123;56.6;44.6
39;2021-07-17;2226;1161;148202;116284;57.5;45.1
39;2021-07-18;164;52;148366;116336;57.5;45.1
39;2021-07-19;1401;2957;149767;119293;58.1;46.3
39;2021-07-20;1842;2812;151609;122105;58.8;47.4
39;2021-07-21;2587;2579;154196;124684;59.8;48.4
39;2021-07-22;1934;1841;156130;126525;60.6;49.1
39;2021-07-23;1810;1926;157940;128451;61.3;49.8
39;2021-07-24;1399;1427;159339;129878;61.8;50.4
39;2021-07-25;0;1;159339;129879;61.8;50.4
39;2021-07-26;1319;1998;160658;131877;62.3;51.1
39;2021-07-27;2338;1900;162996;133777;63.2;51.9
39;2021-07-28;2684;1475;165680;135252;64.3;52.5
39;2021-07-29;2194;1741;167874;136993;65.1;53.1
39;2021-07-30;2038;1464;169912;138457;65.9;53.7
39;2021-07-31;1363;655;171275;139112;66.4;54.0
39;2021-08-01;10;18;171285;139130;66.4;54.0
39;2021-08-02;1202;1400;172487;140530;66.9;54.5
39;2021-08-03;1912;1489;174399;142019;67.6;55.1
39;2021-08-04;1042;661;175441;142680;68.0;55.3
39;2021-08-05;1233;731;176674;143411;68.5;55.6
39;2021-08-06;1375;2290;178049;145701;69.1;56.5
39;2021-08-07;1060;1212;179109;146913;69.5;57.0
39;2021-08-08;26;10;179135;146923;69.5;57.0
39;2021-08-09;435;302;179570;147225;69.6;57.1
39;2021-08-10;1227;929;180797;148154;70.1;57.5
39;2021-08-11;894;1530;181691;149684;70.5;58.1
39;2021-08-12;1584;2166;183275;151850;71.1;58.9
39;2021-08-13;1324;2117;184599;153967;71.6;59.7
39;2021-08-14;356;1104;184955;155071;71.7;60.1
39;2021-08-15;0;1;184955;155072;71.7;60.1
39;2021-08-16;486;735;185441;155807;71.9;60.4
39;2021-08-17;569;1437;186010;157244;72.1;61.0
39;2021-08-18;858;1726;186868;158970;72.5;61.7
39;2021-08-19;902;1590;187770;160560;72.8;62.3
39;2021-08-20;638;2501;188408;163061;73.1;63.2
39;2021-08-21;468;1288;188876;164349;73.3;63.7
39;2021-08-22;6;11;188882;164360;73.3;63.7
39;2021-08-23;263;972;189145;165332;73.4;64.1
40;2020-12-27;0;0;0;0;0.0;0.0
40;2020-12-28;0;0;0;0;0.0;0.0
40;2020-12-29;0;0;0;0;0.0;0.0
40;2020-12-30;0;0;0;0;0.0;0.0
40;2020-12-31;1;0;1;0;0.0;0.0
40;2021-01-01;0;0;1;0;0.0;0.0
40;2021-01-02;0;0;1;0;0.0;0.0
40;2021-01-03;0;0;1;0;0.0;0.0
40;2021-01-04;0;0;1;0;0.0;0.0
40;2021-01-05;0;0;1;0;0.0;0.0
40;2021-01-06;1;0;2;0;0.0;0.0
40;2021-01-07;212;0;214;0;0.1;0.0
40;2021-01-08;392;2;606;2;0.1;0.0
40;2021-01-09;0;0;606;2;0.1;0.0
40;2021-01-10;1;0;607;2;0.1;0.0
40;2021-01-11;111;0;718;2;0.2;0.0
40;2021-01-12;0;0;718;2;0.2;0.0
40;2021-01-13;681;1;1399;3;0.3;0.0
40;2021-01-14;901;5;2300;8;0.6;0.0
40;2021-01-15;811;3;3111;11;0.8;0.0
40;2021-01-16;157;0;3268;11;0.8;0.0
40;2021-01-17;1;1;3269;12;0.8;0.0
40;2021-01-18;402;0;3671;12;0.9;0.0
40;2021-01-19;1204;3;4875;15;1.2;0.0
40;2021-01-20;879;2;5754;17;1.4;0.0
40;2021-01-21;1266;5;7020;22;1.7;0.0
40;2021-01-22;809;2;7829;24;1.9;0.0
40;2021-01-23;288;0;8117;24;2.0;0.0
40;2021-01-24;2;0;8119;24;2.0;0.0
40;2021-01-25;393;2;8512;26;2.1;0.0
40;2021-01-26;803;6;9315;32;2.3;0.0
40;2021-01-27;1118;12;10433;44;2.5;0.0
40;2021-01-28;707;112;11140;156;2.7;0.0
40;2021-01-29;600;228;11740;384;2.8;0.1
40;2021-01-30;235;3;11975;387;2.9;0.1
40;2021-01-31;1;0;11976;387;2.9;0.1
40;2021-02-01;358;131;12334;518;3.0;0.1
40;2021-02-02;923;52;13257;570;3.2;0.1
40;2021-02-03;894;299;14151;869;3.4;0.2
40;2021-02-04;1059;601;15210;1470;3.7;0.4
40;2021-02-05;793;421;16003;1891;3.9;0.5
40;2021-02-06;380;84;16383;1975;4.0;0.5
40;2021-02-07;10;0;16393;1975;4.0;0.5
40;2021-02-08;372;121;16765;2096;4.1;0.5
40;2021-02-09;809;540;17574;2636;4.3;0.6
40;2021-02-10;749;470;18323;3106;4.4;0.8
40;2021-02-11;739;682;19062;3788;4.6;0.9
40;2021-02-12;628;642;19690;4430;4.8;1.1
40;2021-02-13;400;95;20090;4525;4.9;1.1
40;2021-02-14;0;0;20090;4525;4.9;1.1
40;2021-02-15;48;386;20138;4911;4.9;1.2
40;2021-02-16;285;599;20423;5510;5.0;1.3
40;2021-02-17;360;892;20783;6402;5.0;1.6
40;2021-02-18;382;695;21165;7097;5.1;1.7
40;2021-02-19;144;643;21309;7740;5.2;1.9
40;2021-02-20;39;95;21348;7835;5.2;1.9
40;2021-02-21;1;66;21349;7901;5.2;1.9
40;2021-02-22;53;563;21402;8464;5.2;2.1
40;2021-02-23;179;835;21581;9299;5.2;2.3
40;2021-02-24;283;686;21864;9985;5.3;2.4
40;2021-02-25;727;991;22591;10976;5.5;2.7
40;2021-02-26;656;635;23247;11611;5.6;2.8
40;2021-02-27;384;101;23631;11712;5.7;2.8
40;2021-02-28;2;0;23633;11712;5.7;2.8
40;2021-03-01;418;507;24051;12219;5.8;3.0
40;2021-03-02;734;1041;24785;13260;6.0;3.2
40;2021-03-03;934;910;25719;14170;6.2;3.4
40;2021-03-04;1319;824;27038;14994;6.6;3.6
40;2021-03-05;1231;741;28269;15735;6.9;3.8
40;2021-03-06;866;391;29135;16126;7.1;3.9
40;2021-03-07;92;9;29227;16135;7.1;3.9
40;2021-03-08;838;501;30065;16636;7.3;4.0
40;2021-03-09;1505;643;31570;17279;7.7;4.2
40;2021-03-10;1749;714;33319;17993;8.1;4.4
40;2021-03-11;1985;695;35304;18688;8.6;4.5
40;2021-03-12;2049;548;37353;19236;9.1;4.7
40;2021-03-13;973;255;38326;19491;9.3;4.7
40;2021-03-14;98;0;38424;19491;9.3;4.7
40;2021-03-15;924;88;39348;19579;9.6;4.8
40;2021-03-16;986;271;40334;19850;9.8;4.8
40;2021-03-17;1576;346;41910;20196;10.2;4.9
40;2021-03-18;1560;338;43470;20534;10.6;5.0
40;2021-03-19;1808;143;45278;20677;11.0;5.0
40;2021-03-20;706;14;45984;20691;11.2;5.0
40;2021-03-21;52;1;46036;20692;11.2;5.0
40;2021-03-22;1174;35;47210;20727;11.5;5.0
40;2021-03-23;2324;167;49534;20894;12.0;5.1
40;2021-03-24;2325;231;51859;21125;12.6;5.1
40;2021-03-25;2767;379;54626;21504;13.3;5.2
40;2021-03-26;3121;209;57747;21713;14.0;5.3
40;2021-03-27;923;47;58670;21760;14.2;5.3
40;2021-03-28;178;47;58848;21807;14.3;5.3
40;2021-03-29;1153;381;60001;22188;14.6;5.4
40;2021-03-30;2298;390;62299;22578;15.1;5.5
40;2021-03-31;1999;303;64298;22881;15.6;5.6
40;2021-04-01;2410;330;66708;23211;16.2;5.6
40;2021-04-02;2362;218;69070;23429;16.8;5.7
40;2021-04-03;743;120;69813;23549;16.9;5.7
40;2021-04-04;362;8;70175;23557;17.0;5.7
40;2021-04-05;523;40;70698;23597;17.2;5.7
40;2021-04-06;2096;809;72794;24406;17.7;5.9
40;2021-04-07;2665;872;75459;25278;18.3;6.1
40;2021-04-08;3061;896;78520;26174;19.1;6.4
40;2021-04-09;3826;605;82346;26779;20.0;6.5
40;2021-04-10;1598;341;83944;27120;20.4;6.6
40;2021-04-11;51;6;83995;27126;20.4;6.6
40;2021-04-12;2177;734;86172;27860;20.9;6.8
40;2021-04-13;2568;1089;88740;28949;21.5;7.0
40;2021-04-14;2571;1375;91311;30324;22.2;7.4
40;2021-04-15;2986;1505;94297;31829;22.9;7.7
40;2021-04-16;2878;1184;97175;33013;23.6;8.0
40;2021-04-17;1464;348;98639;33361;23.9;8.1
40;2021-04-18;57;24;98696;33385;24.0;8.1
40;2021-04-19;1058;1021;99754;34406;24.2;8.4
40;2021-04-20;1621;1743;101375;36149;24.6;8.8
40;2021-04-21;1777;1738;103152;37887;25.0;9.2
40;2021-04-22;2113;1775;105265;39662;25.6;9.6
40;2021-04-23;2163;1398;107428;41060;26.1;10.0
40;2021-04-24;1327;620;108755;41680;26.4;10.1
40;2021-04-25;37;57;108792;41737;26.4;10.1
40;2021-04-26;1251;1135;110043;42872;26.7;10.4
40;2021-04-27;1487;2033;111530;44905;27.1;10.9
40;2021-04-28;2051;1370;113581;46275;27.6;11.2
40;2021-04-29;2608;1898;116189;48173;28.2;11.7
40;2021-04-30;2699;1616;118888;49789;28.9;12.1
40;2021-05-01;1229;783;120117;50572;29.2;12.3
40;2021-05-02;143;322;120260;50894;29.2;12.4
40;2021-05-03;1857;1500;122117;52394;29.6;12.7
40;2021-05-04;1883;2467;124000;54861;30.1;13.3
40;2021-05-05;2188;2668;126188;57529;30.6;14.0
40;2021-05-06;2237;2866;128425;60395;31.2;14.7
40;2021-05-07;1904;3004;130329;63399;31.6;15.4
40;2021-05-08;675;468;131004;63867;31.8;15.5
40;2021-05-09;316;21;131320;63888;31.9;15.5
40;2021-05-10;1399;2055;132719;65943;32.2;16.0
40;2021-05-11;2197;2510;134916;68453;32.7;16.6
40;2021-05-12;2731;1944;137647;70397;33.4;17.1
40;2021-05-13;1984;515;139631;70912;33.9;17.2
40;2021-05-14;2324;1657;141955;72569;34.5;17.6
40;2021-05-15;1340;963;143295;73532;34.8;17.8
40;2021-05-16;434;24;143729;73556;34.9;17.9
40;2021-05-17;2120;1313;145849;74869;35.4;18.2
40;2021-05-18;2509;1416;148358;76285;36.0;18.5
40;2021-05-19;2957;1107;151315;77392;36.7;18.8
40;2021-05-20;3586;1163;154901;78555;37.6;19.1
40;2021-05-21;2925;1331;157826;79886;38.3;19.4
40;2021-05-22;1146;796;158972;80682;38.6;19.6
40;2021-05-23;631;29;159603;80711;38.7;19.6
40;2021-05-24;1212;332;160815;81043;39.0;19.7
40;2021-05-25;2168;1308;162983;82351;39.6;20.0
40;2021-05-26;2615;1562;165598;83913;40.2;20.4
40;2021-05-27;2733;2011;168331;85924;40.9;20.9
40;2021-05-28;2569;2275;170900;88199;41.5;21.4
40;2021-05-29;1558;1256;172458;89455;41.9;21.7
40;2021-05-30;3;52;172461;89507;41.9;21.7
40;2021-05-31;2566;1209;175027;90716;42.5;22.0
40;2021-06-01;3011;1771;178038;92487;43.2;22.4
40;2021-06-02;3173;1989;181211;94476;44.0;22.9
40;2021-06-03;3592;2337;184803;96813;44.9;23.5
40;2021-06-04;3016;2805;187819;99618;45.6;24.2
40;2021-06-05;1779;1396;189598;101014;46.0;24.5
40;2021-06-06;459;79;190057;101093;46.1;24.5
40;2021-06-07;2184;2026;192241;103119;46.7;25.0
40;2021-06-08;2954;2102;195195;105221;47.4;25.5
40;2021-06-09;3215;2268;198410;107489;48.2;26.1
40;2021-06-10;2995;2097;201405;109586;48.9;26.6
40;2021-06-11;3140;2798;204545;112384;49.6;27.3
40;2021-06-12;1964;1637;206509;114021;50.1;27.7
40;2021-06-13;644;161;207153;114182;50.3;27.7
40;2021-06-14;1458;2499;208611;116681;50.6;28.3
40;2021-06-15;2237;2821;210848;119502;51.2;29.0
40;2021-06-16;2607;2456;213455;121958;51.8;29.6
40;2021-06-17;2432;2436;215887;124394;52.4;30.2
40;2021-06-18;2325;2905;218212;127299;53.0;30.9
40;2021-06-19;1798;1231;220010;128530;53.4;31.2
40;2021-06-20;345;276;220355;128806;53.5;31.3
40;2021-06-21;1395;2320;221750;131126;53.8;31.8
40;2021-06-22;1687;2996;223437;134122;54.2;32.6
40;2021-06-23;1606;3345;225043;137467;54.6;33.4
40;2021-06-24;1735;2385;226778;139852;55.0;33.9
40;2021-06-25;1760;3264;228538;143116;55.5;34.7
40;2021-06-26;1328;1713;229866;144829;55.8;35.2
40;2021-06-27;263;354;230129;145183;55.9;35.2
40;2021-06-28;1334;2820;231463;148003;56.2;35.9
40;2021-06-29;1710;3389;233173;151392;56.6;36.7
40;2021-06-30;1776;3644;234949;155036;57.0;37.6
40;2021-07-01;1713;3953;236662;158989;57.4;38.6
40;2021-07-02;1561;3809;238223;162798;57.8;39.5
40;2021-07-03;678;1922;238901;164720;58.0;40.0
40;2021-07-04;219;483;239120;165203;58.0;40.1
40;2021-07-05;1473;3022;240593;168225;58.4;40.8
40;2021-07-06;1767;3612;242360;171837;58.8;41.7
40;2021-07-07;1974;3844;244334;175681;59.3;42.6
40;2021-07-08;2102;3408;246436;179089;59.8;43.5
40;2021-07-09;2108;3948;248544;183037;60.3;44.4
40;2021-07-10;1005;2158;249549;185195;60.6;45.0
40;2021-07-11;207;294;249756;185489;60.6;45.0
40;2021-07-12;1312;4043;251068;189532;60.9;46.0
40;2021-07-13;2427;4698;253495;194230;61.5;47.1
40;2021-07-14;2196;2057;255691;196287;62.1;47.6
40;2021-07-15;2843;4860;258534;201147;62.8;48.8
40;2021-07-16;3314;3945;261848;205092;63.6;49.8
40;2021-07-17;2110;2594;263958;207686;64.1;50.4
40;2021-07-18;471;542;264429;208228;64.2;50.5
40;2021-07-19;2568;3701;266997;211929;64.8;51.4
40;2021-07-20;3054;4053;270051;215982;65.5;52.4
40;2021-07-21;3201;3884;273252;219866;66.3;53.4
40;2021-07-22;3850;3926;277102;223792;67.3;54.3
40;2021-07-23;4087;4108;281189;227900;68.3;55.3
40;2021-07-24;2791;2108;283980;230008;68.9;55.8
40;2021-07-25;954;488;284934;230496;69.2;55.9
40;2021-07-26;2937;3080;287871;233576;69.9;56.7
40;2021-07-27;3514;3603;291385;237179;70.7;57.6
40;2021-07-28;3376;3395;294761;240574;71.5;58.4
40;2021-07-29;3531;3432;298292;244006;72.4;59.2
40;2021-07-30;3123;3401;301415;247407;73.2;60.1
40;2021-07-31;1778;1909;303193;249316;73.6;60.5
40;2021-08-01;343;286;303536;249602;73.7;60.6
40;2021-08-02;1994;2379;305530;251981;74.2;61.2
40;2021-08-03;2320;2692;307850;254673;74.7;61.8
40;2021-08-04;2084;2316;309934;256989;75.2;62.4
40;2021-08-05;1959;2668;311893;259657;75.7;63.0
40;2021-08-06;1869;3066;313762;262723;76.2;63.8
40;2021-08-07;1216;1744;314978;264467;76.5;64.2
40;2021-08-08;83;154;315061;264621;76.5;64.2
40;2021-08-09;1597;3126;316658;267747;76.9;65.0
40;2021-08-10;1420;3164;318078;270911;77.2;65.8
40;2021-08-11;1411;2846;319489;273757;77.5;66.4
40;2021-08-12;1271;3100;320760;276857;77.9;67.2
40;2021-08-13;1129;2977;321889;279834;78.1;67.9
40;2021-08-14;617;2037;322506;281871;78.3;68.4
40;2021-08-15;5;172;322511;282043;78.3;68.5
40;2021-08-16;1103;3387;323614;285430;78.6;69.3
40;2021-08-17;1153;3418;324767;288848;78.8;70.1
40;2021-08-18;980;3259;325747;292107;79.1;70.9
40;2021-08-19;847;2970;326594;295077;79.3;71.6
40;2021-08-20;799;3032;327393;298109;79.5;72.4
40;2021-08-21;523;1898;327916;300007;79.6;72.8
40;2021-08-22;71;463;327987;300470;79.6;72.9
40;2021-08-23;722;2813;328709;303283;79.8;73.6
41;2020-12-27;0;0;0;0;0.0;0.0
41;2020-12-28;0;0;0;0;0.0;0.0
41;2020-12-29;0;0;0;0;0.0;0.0
41;2020-12-30;0;0;0;0;0.0;0.0
41;2020-12-31;0;0;0;0;0.0;0.0
41;2021-01-01;0;0;0;0;0.0;0.0
41;2021-01-02;2;0;2;0;0.0;0.0
41;2021-01-03;0;0;2;0;0.0;0.0
41;2021-01-04;0;0;2;0;0.0;0.0
41;2021-01-05;35;0;37;0;0.0;0.0
41;2021-01-06;72;0;109;0;0.0;0.0
41;2021-01-07;21;0;130;0;0.0;0.0
41;2021-01-08;1;0;131;0;0.0;0.0
41;2021-01-09;0;0;131;0;0.0;0.0
41;2021-01-10;0;0;131;0;0.0;0.0
41;2021-01-11;133;0;264;0;0.1;0.0
41;2021-01-12;321;1;585;1;0.2;0.0
41;2021-01-13;271;0;856;1;0.3;0.0
41;2021-01-14;283;1;1139;2;0.3;0.0
41;2021-01-15;215;1;1354;3;0.4;0.0
41;2021-01-16;0;0;1354;3;0.4;0.0
41;2021-01-17;0;0;1354;3;0.4;0.0
41;2021-01-18;397;2;1751;5;0.5;0.0
41;2021-01-19;857;1;2608;6;0.8;0.0
41;2021-01-20;1056;3;3664;9;1.1;0.0
41;2021-01-21;1567;7;5231;16;1.6;0.0
41;2021-01-22;836;0;6067;16;1.9;0.0
41;2021-01-23;92;0;6159;16;1.9;0.0
41;2021-01-24;0;0;6159;16;1.9;0.0
41;2021-01-25;421;1;6580;17;2.0;0.0
41;2021-01-26;473;2;7053;19;2.2;0.0
41;2021-01-27;441;2;7494;21;2.3;0.0
41;2021-01-28;604;56;8098;77;2.5;0.0
41;2021-01-29;260;30;8358;107;2.5;0.0
41;2021-01-30;0;0;8358;107;2.5;0.0
41;2021-01-31;0;0;8358;107;2.5;0.0
41;2021-02-01;349;147;8707;254;2.7;0.1
41;2021-02-02;471;231;9178;485;2.8;0.1
41;2021-02-03;341;202;9519;687;2.9;0.2
41;2021-02-04;559;155;10078;842;3.1;0.3
41;2021-02-05;329;192;10407;1034;3.2;0.3
41;2021-02-06;4;0;10411;1034;3.2;0.3
41;2021-02-07;2;0;10413;1034;3.2;0.3
41;2021-02-08;306;308;10719;1342;3.3;0.4
41;2021-02-09;599;454;11318;1796;3.5;0.5
41;2021-02-10;486;692;11804;2488;3.6;0.8
41;2021-02-11;1066;1157;12870;3645;3.9;1.1
41;2021-02-12;688;358;13558;4003;4.1;1.2
41;2021-02-13;9;5;13567;4008;4.1;1.2
41;2021-02-14;2;27;13569;4035;4.1;1.2
41;2021-02-15;314;307;13883;4342;4.2;1.3
41;2021-02-16;354;566;14237;4908;4.3;1.5
41;2021-02-17;317;458;14554;5366;4.4;1.6
41;2021-02-18;617;324;15171;5690;4.6;1.7
41;2021-02-19;456;337;15627;6027;4.8;1.8
41;2021-02-20;69;58;15696;6085;4.8;1.9
41;2021-02-21;0;0;15696;6085;4.8;1.9
41;2021-02-22;310;414;16006;6499;4.9;2.0
41;2021-02-23;454;348;16460;6847;5.0;2.1
41;2021-02-24;281;442;16741;7289;5.1;2.2
41;2021-02-25;674;459;17415;7748;5.3;2.4
41;2021-02-26;630;252;18045;8000;5.5;2.4
41;2021-02-27;161;4;18206;8004;5.6;2.4
41;2021-02-28;4;31;18210;8035;5.6;2.5
41;2021-03-01;310;311;18520;8346;5.6;2.5
41;2021-03-02;648;411;19168;8757;5.8;2.7
41;2021-03-03;497;410;19665;9167;6.0;2.8
41;2021-03-04;784;834;20449;10001;6.2;3.1
41;2021-03-05;840;673;21289;10674;6.5;3.3
41;2021-03-06;715;22;22004;10696;6.7;3.3
41;2021-03-07;498;17;22502;10713;6.9;3.3
41;2021-03-08;299;376;22801;11089;7.0;3.4
41;2021-03-09;1042;453;23843;11542;7.3;3.5
41;2021-03-10;721;456;24564;11998;7.5;3.7
41;2021-03-11;1182;682;25746;12680;7.9;3.9
41;2021-03-12;1115;411;26861;13091;8.2;4.0
41;2021-03-13;1224;16;28085;13107;8.6;4.0
41;2021-03-14;392;5;28477;13112;8.7;4.0
41;2021-03-15;797;352;29274;13464;8.9;4.1
41;2021-03-16;1061;411;30335;13875;9.3;4.2
41;2021-03-17;587;240;30922;14115;9.4;4.3
41;2021-03-18;926;401;31848;14516;9.7;4.4
41;2021-03-19;911;334;32759;14850;10.0;4.5
41;2021-03-20;541;18;33300;14868;10.2;4.5
41;2021-03-21;1;0;33301;14868;10.2;4.5
41;2021-03-22;809;272;34110;15140;10.4;4.6
41;2021-03-23;1309;491;35419;15631;10.8;4.8
41;2021-03-24;1231;366;36650;15997;11.2;4.9
41;2021-03-25;2026;437;38676;16434;11.8;5.0
41;2021-03-26;1655;324;40331;16758;12.3;5.1
41;2021-03-27;452;57;40783;16815;12.4;5.1
41;2021-03-28;1;0;40784;16815;12.4;5.1
41;2021-03-29;938;308;41722;17123;12.7;5.2
41;2021-03-30;1496;598;43218;17721;13.2;5.4
41;2021-03-31;1147;493;44365;18214;13.5;5.6
41;2021-04-01;2253;563;46618;18777;14.2;5.7
41;2021-04-02;1242;475;47860;19252;14.6;5.9
41;2021-04-03;321;5;48181;19257;14.7;5.9
41;2021-04-04;39;0;48220;19257;14.7;5.9
41;2021-04-05;140;2;48360;19259;14.8;5.9
41;2021-04-06;1302;627;49662;19886;15.1;6.1
41;2021-04-07;1851;704;51513;20590;15.7;6.3
41;2021-04-08;2294;919;53807;21509;16.4;6.6
41;2021-04-09;2568;611;56375;22120;17.2;6.7
41;2021-04-10;954;497;57329;22617;17.5;6.9
41;2021-04-11;279;376;57608;22993;17.6;7.0
41;2021-04-12;1688;653;59296;23646;18.1;7.2
41;2021-04-13;2262;985;61558;24631;18.8;7.5
41;2021-04-14;1793;549;63351;25180;19.3;7.7
41;2021-04-15;2385;974;65736;26154;20.1;8.0
41;2021-04-16;1931;626;67667;26780;20.6;8.2
41;2021-04-17;647;136;68314;26916;20.8;8.2
41;2021-04-18;5;0;68319;26916;20.8;8.2
41;2021-04-19;1262;743;69581;27659;21.2;8.4
41;2021-04-20;2004;1203;71585;28862;21.8;8.8
41;2021-04-21;1504;918;73089;29780;22.3;9.1
41;2021-04-22;2236;1599;75325;31379;23.0;9.6
41;2021-04-23;1736;1080;77061;32459;23.5;9.9
41;2021-04-24;1544;281;78605;32740;24.0;10.0
41;2021-04-25;1007;19;79612;32759;24.3;10.0
41;2021-04-26;1357;625;80969;33384;24.7;10.2
41;2021-04-27;2094;1040;83063;34424;25.3;10.5
41;2021-04-28;1561;860;84624;35284;25.8;10.8
41;2021-04-29;2211;1376;86835;36660;26.5;11.2
41;2021-04-30;1962;870;88797;37530;27.1;11.4
41;2021-05-01;189;12;88986;37542;27.1;11.5
41;2021-05-02;107;17;89093;37559;27.2;11.5
41;2021-05-03;1866;894;90959;38453;27.7;11.7
41;2021-05-04;2095;1545;93054;39998;28.4;12.2
41;2021-05-05;1881;1192;94935;41190;29.0;12.6
41;2021-05-06;2448;1697;97383;42887;29.7;13.1
41;2021-05-07;2018;1801;99401;44688;30.3;13.6
41;2021-05-08;203;154;99604;44842;30.4;13.7
41;2021-05-09;11;354;99615;45196;30.4;13.8
41;2021-05-10;1590;1556;101205;46752;30.9;14.3
41;2021-05-11;2087;2101;103292;48853;31.5;14.9
41;2021-05-12;1952;1676;105244;50529;32.1;15.4
41;2021-05-13;1486;948;106730;51477;32.6;15.7
41;2021-05-14;1577;1303;108307;52780;33.0;16.1
41;2021-05-15;206;294;108513;53074;33.1;16.2
41;2021-05-16;4;0;108517;53074;33.1;16.2
41;2021-05-17;2483;564;111000;53638;33.9;16.4
41;2021-05-18;3137;1031;114137;54669;34.8;16.7
41;2021-05-19;2554;675;116691;55344;35.6;16.9
41;2021-05-20;3349;1154;120040;56498;36.6;17.2
41;2021-05-21;2727;967;122767;57465;37.4;17.5
41;2021-05-22;397;237;123164;57702;37.6;17.6
41;2021-05-23;6;2;123170;57704;37.6;17.6
41;2021-05-24;2605;148;125775;57852;38.4;17.6
41;2021-05-25;2990;577;128765;58429;39.3;17.8
41;2021-05-26;3037;647;131802;59076;40.2;18.0
41;2021-05-27;3296;1111;135098;60187;41.2;18.4
41;2021-05-28;3143;980;138241;61167;42.2;18.7
41;2021-05-29;2074;429;140315;61596;42.8;18.8
41;2021-05-30;344;22;140659;61618;42.9;18.8
41;2021-05-31;1711;1506;142370;63124;43.4;19.3
41;2021-06-01;2262;2013;144632;65137;44.1;19.9
41;2021-06-02;1832;1290;146464;66427;44.7;20.3
41;2021-06-03;2598;1943;149062;68370;45.5;20.9
41;2021-06-04;2303;1964;151365;70334;46.2;21.5
41;2021-06-05;611;1583;151976;71917;46.4;21.9
41;2021-06-06;108;927;152084;72844;46.4;22.2
41;2021-06-07;1516;1532;153600;74376;46.9;22.7
41;2021-06-08;1713;2414;155313;76790;47.4;23.4
41;2021-06-09;1615;1643;156928;78433;47.9;23.9
41;2021-06-10;1917;1816;158845;80249;48.5;24.5
41;2021-06-11;1572;1795;160417;82044;48.9;25.0
41;2021-06-12;663;649;161080;82693;49.1;25.2
41;2021-06-13;12;77;161092;82770;49.1;25.2
41;2021-06-14;1269;1964;162361;84734;49.5;25.8
41;2021-06-15;1835;2762;164196;87496;50.1;26.7
41;2021-06-16;1725;2310;165921;89806;50.6;27.4
41;2021-06-17;1811;2576;167732;92382;51.2;28.2
41;2021-06-18;1665;2401;169397;94783;51.7;28.9
41;2021-06-19;412;532;169809;95315;51.8;29.1
41;2021-06-20;11;32;169820;95347;51.8;29.1
41;2021-06-21;1325;1781;171145;97128;52.2;29.6
41;2021-06-22;1619;2564;172764;99692;52.7;30.4
41;2021-06-23;1375;2045;174139;101737;53.1;31.0
41;2021-06-24;1483;2309;175622;104046;53.6;31.7
41;2021-06-25;1294;2618;176916;106664;54.0;32.5
41;2021-06-26;435;614;177351;107278;54.1;32.7
41;2021-06-27;1;4;177352;107282;54.1;32.7
41;2021-06-28;404;2697;177756;109979;54.2;33.5
41;2021-06-29;666;3440;178422;113419;54.4;34.6
41;2021-06-30;552;3068;178974;116487;54.6;35.5
41;2021-07-01;767;3106;179741;119593;54.8;36.5
41;2021-07-02;590;3499;180331;123092;55.0;37.5
41;2021-07-03;158;647;180489;123739;55.1;37.7
41;2021-07-04;2;2;180491;123741;55.1;37.7
41;2021-07-05;287;2819;180778;126560;55.1;38.6
41;2021-07-06;666;3635;181444;130195;55.3;39.7
41;2021-07-07;479;3140;181923;133335;55.5;40.7
41;2021-07-08;942;3369;182865;136704;55.8;41.7
41;2021-07-09;540;3641;183405;140345;55.9;42.8
41;2021-07-10;247;2088;183652;142433;56.0;43.4
41;2021-07-11;5;281;183657;142714;56.0;43.5
41;2021-07-12;862;2290;184519;145004;56.3;44.2
41;2021-07-13;1198;3289;185717;148293;56.6;45.2
41;2021-07-14;140;1080;185857;149373;56.7;45.6
41;2021-07-15;1335;3323;187192;152696;57.1;46.6
41;2021-07-16;1091;3391;188283;156087;57.4;47.6
41;2021-07-17;342;807;188625;156894;57.5;47.9
41;2021-07-18;24;32;188649;156926;57.5;47.9
41;2021-07-19;1189;2319;189838;159245;57.9;48.6
41;2021-07-20;1639;2744;191477;161989;58.4;49.4
41;2021-07-21;1707;2084;193184;164073;58.9;50.0
41;2021-07-22;2261;2301;195445;166374;59.6;50.7
41;2021-07-23;2100;2469;197545;168843;60.3;51.5
41;2021-07-24;329;840;197874;169683;60.4;51.8
41;2021-07-25;18;23;197892;169706;60.4;51.8
41;2021-07-26;1901;1680;199793;171386;60.9;52.3
41;2021-07-27;2532;2342;202325;173728;61.7;53.0
41;2021-07-28;2161;1829;204486;175557;62.4;53.6
41;2021-07-29;2343;2024;206829;177581;63.1;54.2
41;2021-07-30;2152;2088;208981;179669;63.7;54.8
41;2021-07-31;378;579;209359;180248;63.9;55.0
41;2021-08-01;19;7;209378;180255;63.9;55.0
41;2021-08-02;1545;1607;210923;181862;64.3;55.5
41;2021-08-03;2507;1861;213430;183723;65.1;56.0
41;2021-08-04;2292;1198;215722;184921;65.8;56.4
41;2021-08-05;3030;1258;218752;186179;66.7;56.8
41;2021-08-06;2206;1302;220958;187481;67.4;57.2
41;2021-08-07;508;346;221466;187827;67.6;57.3
41;2021-08-08;13;20;221479;187847;67.6;57.3
41;2021-08-09;1685;1355;223164;189202;68.1;57.7
41;2021-08-10;2560;1417;225724;190619;68.9;58.1
41;2021-08-11;1591;1436;227315;192055;69.3;58.6
41;2021-08-12;1935;1332;229250;193387;69.9;59.0
41;2021-08-13;1452;1692;230702;195079;70.4;59.5
41;2021-08-14;362;205;231064;195284;70.5;59.6
41;2021-08-15;0;16;231064;195300;70.5;59.6
41;2021-08-16;865;2068;231929;197368;70.7;60.2
41;2021-08-17;1498;1636;233427;199004;71.2;60.7
41;2021-08-18;1131;1967;234558;200971;71.5;61.3
41;2021-08-19;1307;1551;235865;202522;71.9;61.8
41;2021-08-20;915;2307;236780;204829;72.2;62.5
41;2021-08-21;120;227;236900;205056;72.3;62.5
41;2021-08-22;1;32;236901;205088;72.3;62.6
41;2021-08-23;692;2292;237593;207380;72.5;63.3
42;2020-12-27;2;0;2;0;0.0;0.0
42;2020-12-28;0;0;2;0;0.0;0.0
42;2020-12-29;0;0;2;0;0.0;0.0
42;2020-12-30;0;0;2;0;0.0;0.0
42;2020-12-31;0;0;2;0;0.0;0.0
42;2021-01-01;0;0;2;0;0.0;0.0
42;2021-01-02;0;0;2;0;0.0;0.0
42;2021-01-03;0;0;2;0;0.0;0.0
42;2021-01-04;1;0;3;0;0.0;0.0
42;2021-01-05;1;0;4;0;0.0;0.0
42;2021-01-06;178;1;182;1;0.0;0.0
42;2021-01-07;256;0;438;1;0.1;0.0
42;2021-01-08;264;1;702;2;0.1;0.0
42;2021-01-09;136;0;838;2;0.1;0.0
42;2021-01-10;0;0;838;2;0.1;0.0
42;2021-01-11;293;2;1131;4;0.1;0.0
42;2021-01-12;412;1;1543;5;0.2;0.0
42;2021-01-13;527;2;2070;7;0.3;0.0
42;2021-01-14;773;4;2843;11;0.4;0.0
42;2021-01-15;705;4;3548;15;0.5;0.0
42;2021-01-16;298;2;3846;17;0.5;0.0
42;2021-01-17;219;0;4065;17;0.5;0.0
42;2021-01-18;969;1;5034;18;0.7;0.0
42;2021-01-19;1329;11;6363;29;0.8;0.0
42;2021-01-20;956;4;7319;33;1.0;0.0
42;2021-01-21;1020;6;8339;39;1.1;0.0
42;2021-01-22;992;6;9331;45;1.2;0.0
42;2021-01-23;401;0;9732;45;1.3;0.0
42;2021-01-24;358;0;10090;45;1.3;0.0
42;2021-01-25;1099;13;11189;58;1.5;0.0
42;2021-01-26;1746;19;12935;77;1.7;0.0
42;2021-01-27;1457;123;14392;200;1.9;0.0
42;2021-01-28;1666;143;16058;343;2.1;0.0
42;2021-01-29;946;118;17004;461;2.2;0.1
42;2021-01-30;257;113;17261;574;2.3;0.1
42;2021-01-31;258;2;17519;576;2.3;0.1
42;2021-02-01;736;62;18255;638;2.4;0.1
42;2021-02-02;1805;298;20060;936;2.6;0.1
42;2021-02-03;1517;488;21577;1424;2.8;0.2
42;2021-02-04;1282;613;22859;2037;3.0;0.3
42;2021-02-05;684;527;23543;2564;3.1;0.3
42;2021-02-06;303;149;23846;2713;3.1;0.4
42;2021-02-07;275;153;24121;2866;3.2;0.4
42;2021-02-08;508;620;24629;3486;3.2;0.5
42;2021-02-09;703;803;25332;4289;3.3;0.6
42;2021-02-10;740;691;26072;4980;3.4;0.7
42;2021-02-11;772;681;26844;5661;3.5;0.7
42;2021-02-12;675;754;27519;6415;3.6;0.8
42;2021-02-13;427;305;27946;6720;3.7;0.9
42;2021-02-14;186;228;28132;6948;3.7;0.9
42;2021-02-15;521;820;28653;7768;3.7;1.0
42;2021-02-16;489;1248;29142;9016;3.8;1.2
42;2021-02-17;517;1534;29659;10550;3.9;1.4
42;2021-02-18;754;1387;30413;11937;4.0;1.6
42;2021-02-19;767;1020;31180;12957;4.1;1.7
42;2021-02-20;248;413;31428;13370;4.1;1.7
42;2021-02-21;63;328;31491;13698;4.1;1.8
42;2021-02-22;575;967;32066;14665;4.2;1.9
42;2021-02-23;1207;1430;33273;16095;4.4;2.1
42;2021-02-24;1244;1221;34517;17316;4.5;2.3
42;2021-02-25;1666;1420;36183;18736;4.7;2.4
42;2021-02-26;1648;931;37831;19667;4.9;2.6
42;2021-02-27;580;295;38411;19962;5.0;2.6
42;2021-02-28;166;127;38577;20089;5.0;2.6
42;2021-03-01;807;847;39384;20936;5.2;2.7
42;2021-03-02;1276;816;40660;21752;5.3;2.8
42;2021-03-03;1366;804;42026;22556;5.5;2.9
42;2021-03-04;1705;718;43731;23274;5.7;3.0
42;2021-03-05;2626;669;46357;23943;6.1;3.1
42;2021-03-06;1932;264;48289;24207;6.3;3.2
42;2021-03-07;1491;92;49780;24299;6.5;3.2
42;2021-03-08;1405;513;51185;24812;6.7;3.2
42;2021-03-09;1984;458;53169;25270;7.0;3.3
42;2021-03-10;2053;500;55222;25770;7.2;3.4
42;2021-03-11;3048;613;58270;26383;7.6;3.4
42;2021-03-12;3007;828;61277;27211;8.0;3.6
42;2021-03-13;1479;366;62756;27577;8.2;3.6
42;2021-03-14;472;177;63228;27754;8.3;3.6
42;2021-03-15;1571;598;64799;28352;8.5;3.7
42;2021-03-16;1473;780;66272;29132;8.7;3.8
42;2021-03-17;1718;1079;67990;30211;8.9;4.0
42;2021-03-18;1804;1030;69794;31241;9.1;4.1
42;2021-03-19;2565;675;72359;31916;9.5;4.2
42;2021-03-20;1672;231;74031;32147;9.7;4.2
42;2021-03-21;526;97;74557;32244;9.7;4.2
42;2021-03-22;1427;737;75984;32981;9.9;4.3
42;2021-03-23;2507;864;78491;33845;10.3;4.4
42;2021-03-24;2783;786;81274;34631;10.6;4.5
42;2021-03-25;3720;935;84994;35566;11.1;4.7
42;2021-03-26;3760;791;88754;36357;11.6;4.8
42;2021-03-27;1806;448;90560;36805;11.8;4.8
42;2021-03-28;1040;214;91600;37019;12.0;4.8
42;2021-03-29;2062;925;93662;37944;12.2;5.0
42;2021-03-30;3144;867;96806;38811;12.7;5.1
42;2021-03-31;2442;1068;99248;39879;13.0;5.2
42;2021-04-01;3392;1047;102640;40926;13.4;5.4
42;2021-04-02;2849;1225;105489;42151;13.8;5.5
42;2021-04-03;1418;607;106907;42758;14.0;5.6
42;2021-04-04;1404;396;108311;43154;14.2;5.6
42;2021-04-05;1900;296;110211;43450;14.4;5.7
42;2021-04-06;2292;1410;112503;44860;14.7;5.9
42;2021-04-07;2760;1830;115263;46690;15.1;6.1
42;2021-04-08;4022;1593;119285;48283;15.6;6.3
42;2021-04-09;5134;1545;124419;49828;16.3;6.5
42;2021-04-10;2591;762;127010;50590;16.6;6.6
42;2021-04-11;1955;426;128965;51016;16.9;6.7
42;2021-04-12;3699;1548;132664;52564;17.3;6.9
42;2021-04-13;4659;1809;137323;54373;18.0;7.1
42;2021-04-14;4312;1900;141635;56273;18.5;7.4
42;2021-04-15;4809;1820;146444;58093;19.1;7.6
42;2021-04-16;4618;1884;151062;59977;19.8;7.8
42;2021-04-17;2982;1075;154044;61052;20.1;8.0
42;2021-04-18;1884;414;155928;61466;20.4;8.0
42;2021-04-19;3089;1536;159017;63002;20.8;8.2
42;2021-04-20;3468;1951;162485;64953;21.2;8.5
42;2021-04-21;3475;1747;165960;66700;21.7;8.7
42;2021-04-22;3769;1949;169729;68649;22.2;9.0
42;2021-04-23;3837;2011;173566;70660;22.7;9.2
42;2021-04-24;2362;1519;175928;72179;23.0;9.4
42;2021-04-25;1659;943;177587;73122;23.2;9.6
42;2021-04-26;3276;1731;180863;74853;23.7;9.8
42;2021-04-27;3257;2211;184120;77064;24.1;10.1
42;2021-04-28;3464;2621;187584;79685;24.5;10.4
42;2021-04-29;3770;2806;191354;82491;25.0;10.8
42;2021-04-30;3361;3033;194715;85524;25.5;11.2
42;2021-05-01;2969;1049;197684;86573;25.8;11.3
42;2021-05-02;1935;1259;199619;87832;26.1;11.5
42;2021-05-03;2869;2768;202488;90600;26.5;11.8
42;2021-05-04;3418;3130;205906;93730;26.9;12.3
42;2021-05-05;3326;3398;209232;97128;27.4;12.7
42;2021-05-06;3888;3769;213120;100897;27.9;13.2
42;2021-05-07;3730;4032;216850;104929;28.4;13.7
42;2021-05-08;3165;1070;220015;105999;28.8;13.9
42;2021-05-09;1505;2213;221520;108212;29.0;14.2
42;2021-05-10;3250;3830;224770;112042;29.4;14.7
42;2021-05-11;5576;3914;230346;115956;30.1;15.2
42;2021-05-12;5343;3570;235689;119526;30.8;15.6
42;2021-05-13;5454;1143;241143;120669;31.5;15.8
42;2021-05-14;5241;2926;246384;123595;32.2;16.2
42;2021-05-15;4880;2122;251264;125717;32.9;16.4
42;2021-05-16;2873;1036;254137;126753;33.2;16.6
42;2021-05-17;5888;2840;260025;129593;34.0;16.9
42;2021-05-18;6251;2980;266276;132573;34.8;17.3
42;2021-05-19;6525;2751;272801;135324;35.7;17.7
42;2021-05-20;7106;2897;279907;138221;36.6;18.1
42;2021-05-21;6352;3271;286259;141492;37.4;18.5
42;2021-05-22;5835;2127;292094;143619;38.2;18.8
42;2021-05-23;2835;873;294929;144492;38.6;18.9
42;2021-05-24;5252;1430;300181;145922;39.3;19.1
42;2021-05-25;5155;3945;305336;149867;39.9;19.6
42;2021-05-26;5160;3459;310496;153326;40.6;20.0
42;2021-05-27;5368;3635;315864;156961;41.3;20.5
42;2021-05-28;5040;4207;320904;161168;42.0;21.1
42;2021-05-29;4343;2985;325247;164153;42.5;21.5
42;2021-05-30;1981;1211;327228;165364;42.8;21.6
42;2021-05-31;4242;3427;331470;168791;43.3;22.1
42;2021-06-01;4593;3570;336063;172361;43.9;22.5
42;2021-06-02;4478;3018;340541;175379;44.5;22.9
42;2021-06-03;4929;3840;345470;179219;45.2;23.4
42;2021-06-04;4767;4221;350237;183440;45.8;24.0
42;2021-06-05;3689;2425;353926;185865;46.3;24.3
42;2021-06-06;1445;1293;355371;187158;46.5;24.5
42;2021-06-07;3992;3374;359363;190532;47.0;24.9
42;2021-06-08;3464;3247;362827;193779;47.4;25.3
42;2021-06-09;2963;3202;365790;196981;47.8;25.8
42;2021-06-10;3242;2936;369032;199917;48.3;26.1
42;2021-06-11;3588;4118;372620;204035;48.7;26.7
42;2021-06-12;2863;2881;375483;206916;49.1;27.1
42;2021-06-13;944;1278;376427;208194;49.2;27.2
42;2021-06-14;2313;4062;378740;212256;49.5;27.8
42;2021-06-15;2831;4072;381571;216328;49.9;28.3
42;2021-06-16;2924;3551;384495;219879;50.3;28.8
42;2021-06-17;2638;3741;387133;223620;50.6;29.2
42;2021-06-18;3092;5147;390225;228767;51.0;29.9
42;2021-06-19;2848;4242;393073;233009;51.4;30.5
42;2021-06-20;857;1843;393930;234852;51.5;30.7
42;2021-06-21;1907;6277;395837;241129;51.8;31.5
42;2021-06-22;1875;5892;397712;247021;52.0;32.3
42;2021-06-23;1843;5322;399555;252343;52.2;33.0
42;2021-06-24;1786;4683;401341;257026;52.5;33.6
42;2021-06-25;2039;6951;403380;263977;52.7;34.5
42;2021-06-26;1409;5819;404789;269796;52.9;35.3
42;2021-06-27;757;2854;405546;272650;53.0;35.7
42;2021-06-28;1744;7058;407290;279708;53.3;36.6
42;2021-06-29;1528;6566;408818;286274;53.5;37.4
42;2021-06-30;1967;5764;410785;292038;53.7;38.2
42;2021-07-01;1779;5121;412564;297159;53.9;38.9
42;2021-07-02;2049;6747;414613;303906;54.2;39.7
42;2021-07-03;1761;5978;416374;309884;54.4;40.5
42;2021-07-04;854;2514;417228;312398;54.6;40.9
42;2021-07-05;1716;6286;418944;318684;54.8;41.7
42;2021-07-06;2104;5575;421048;324259;55.1;42.4
42;2021-07-07;2335;4657;423383;328916;55.4;43.0
42;2021-07-08;2273;3960;425656;332876;55.7;43.5
42;2021-07-09;2416;6099;428072;338975;56.0;44.3
42;2021-07-10;1694;5582;429766;344557;56.2;45.1
42;2021-07-11;921;2303;430687;346860;56.3;45.4
42;2021-07-12;1776;6291;432463;353151;56.6;46.2
42;2021-07-13;3610;6283;436073;359434;57.0;47.0
42;2021-07-14;4477;2049;440550;361483;57.6;47.3
42;2021-07-15;4558;5624;445108;367107;58.2;48.0
42;2021-07-16;4444;6194;449552;373301;58.8;48.8
42;2021-07-17;3220;4702;452772;378003;59.2;49.4
42;2021-07-18;1839;1742;454611;379745;59.4;49.7
42;2021-07-19;3800;5076;458411;384821;59.9;50.3
42;2021-07-20;4718;4862;463129;389683;60.6;51.0
42;2021-07-21;5172;4715;468301;394398;61.2;51.6
42;2021-07-22;5492;3935;473793;398333;62.0;52.1
42;2021-07-23;5474;5109;479267;403442;62.7;52.8
42;2021-07-24;4033;3826;483300;407268;63.2;53.3
42;2021-07-25;1655;1386;484955;408654;63.4;53.4
42;2021-07-26;4728;4324;489683;412978;64.0;54.0
42;2021-07-27;5323;3958;495006;416936;64.7;54.5
42;2021-07-28;5772;3671;500778;420607;65.5;55.0
42;2021-07-29;5667;3430;506445;424037;66.2;55.4
42;2021-07-30;5115;3766;511560;427803;66.9;55.9
42;2021-07-31;4736;3051;516296;430854;67.5;56.3
42;2021-08-01;2494;1310;518790;432164;67.8;56.5
42;2021-08-02;4335;3107;523125;435271;68.4;56.9
42;2021-08-03;3795;3268;526920;438539;68.9;57.3
42;2021-08-04;3442;3219;530362;441758;69.4;57.8
42;2021-08-05;3382;3314;533744;445072;69.8;58.2
42;2021-08-06;3597;3986;537341;449058;70.3;58.7
42;2021-08-07;2999;3058;540340;452116;70.7;59.1
42;2021-08-08;1184;1711;541524;453827;70.8;59.3
42;2021-08-09;2784;3844;544308;457671;71.2;59.8
42;2021-08-10;3246;3898;547554;461569;71.6;60.4
42;2021-08-11;2576;3515;550130;465084;71.9;60.8
42;2021-08-12;2503;3559;552633;468643;72.3;61.3
42;2021-08-13;2307;3897;554940;472540;72.6;61.8
42;2021-08-14;1636;3261;556576;475801;72.8;62.2
42;2021-08-15;595;1025;557171;476826;72.9;62.4
42;2021-08-16;2060;4559;559231;481385;73.1;62.9
42;2021-08-17;2234;4159;561465;485544;73.4;63.5
42;2021-08-18;2030;4139;563495;489683;73.7;64.0
42;2021-08-19;1922;3365;565417;493048;73.9;64.5
42;2021-08-20;2263;4586;567680;497634;74.2;65.1
42;2021-08-21;1076;3853;568756;501487;74.4;65.6
42;2021-08-22;493;2012;569249;503499;74.4;65.8
42;2021-08-23;1604;4651;570853;508150;74.6;66.4
43;2020-12-27;0;0;0;0;0.0;0.0
43;2020-12-28;0;0;0;0;0.0;0.0
43;2020-12-29;0;0;0;0;0.0;0.0
43;2020-12-30;0;0;0;0;0.0;0.0
43;2020-12-31;0;0;0;0;0.0;0.0
43;2021-01-01;0;0;0;0;0.0;0.0
43;2021-01-02;0;0;0;0;0.0;0.0
43;2021-01-03;0;0;0;0;0.0;0.0
43;2021-01-04;2;0;2;0;0.0;0.0
43;2021-01-05;0;0;2;0;0.0;0.0
43;2021-01-06;0;0;2;0;0.0;0.0
43;2021-01-07;167;0;169;0;0.1;0.0
43;2021-01-08;151;1;320;1;0.1;0.0
43;2021-01-09;0;0;320;1;0.1;0.0
43;2021-01-10;0;0;320;1;0.1;0.0
43;2021-01-11;137;0;457;1;0.2;0.0
43;2021-01-12;244;1;701;2;0.3;0.0
43;2021-01-13;244;2;945;4;0.4;0.0
43;2021-01-14;294;2;1239;6;0.5;0.0
43;2021-01-15;303;2;1542;8;0.7;0.0
43;2021-01-16;32;0;1574;8;0.7;0.0
43;2021-01-17;0;0;1574;8;0.7;0.0
43;2021-01-18;760;5;2334;13;1.0;0.0
43;2021-01-19;776;6;3110;19;1.4;0.0
43;2021-01-20;519;0;3629;19;1.6;0.0
43;2021-01-21;446;2;4075;21;1.8;0.0
43;2021-01-22;465;7;4540;28;2.0;0.0
43;2021-01-23;1;0;4541;28;2.0;0.0
43;2021-01-24;1;0;4542;28;2.0;0.0
43;2021-01-25;539;0;5081;28;2.2;0.0
43;2021-01-26;615;5;5696;33;2.5;0.0
43;2021-01-27;740;0;6436;33;2.8;0.0
43;2021-01-28;747;32;7183;65;3.2;0.0
43;2021-01-29;719;84;7902;149;3.5;0.1
43;2021-01-30;109;0;8011;149;3.5;0.1
43;2021-01-31;0;0;8011;149;3.5;0.1
43;2021-02-01;404;101;8415;250;3.7;0.1
43;2021-02-02;716;151;9131;401;4.0;0.2
43;2021-02-03;690;43;9821;444;4.3;0.2
43;2021-02-04;523;170;10344;614;4.6;0.3
43;2021-02-05;544;172;10888;786;4.8;0.3
43;2021-02-06;165;19;11053;805;4.9;0.4
43;2021-02-07;0;0;11053;805;4.9;0.4
43;2021-02-08;411;304;11464;1109;5.1;0.5
43;2021-02-09;369;432;11833;1541;5.2;0.7
43;2021-02-10;400;362;12233;1903;5.4;0.8
43;2021-02-11;388;396;12621;2299;5.6;1.0
43;2021-02-12;425;202;13046;2501;5.7;1.1
43;2021-02-13;570;42;13616;2543;6.0;1.1
43;2021-02-14;0;0;13616;2543;6.0;1.1
43;2021-02-15;68;479;13684;3022;6.0;1.3
43;2021-02-16;41;373;13725;3395;6.0;1.5
43;2021-02-17;87;486;13812;3881;6.1;1.7
43;2021-02-18;147;379;13959;4260;6.2;1.9
43;2021-02-19;278;513;14237;4773;6.3;2.1
43;2021-02-20;22;4;14259;4777;6.3;2.1
43;2021-02-21;0;0;14259;4777;6.3;2.1
43;2021-02-22;16;500;14275;5277;6.3;2.3
43;2021-02-23;201;799;14476;6076;6.4;2.7
43;2021-02-24;147;725;14623;6801;6.4;3.0
43;2021-02-25;227;695;14850;7496;6.5;3.3
43;2021-02-26;222;671;15072;8167;6.6;3.6
43;2021-02-27;138;76;15210;8243;6.7;3.6
43;2021-02-28;1;0;15211;8243;6.7;3.6
43;2021-03-01;210;479;15421;8722;6.8;3.8
43;2021-03-02;342;580;15763;9302;6.9;4.1
43;2021-03-03;339;588;16102;9890;7.1;4.4
43;2021-03-04;551;463;16653;10353;7.3;4.6
43;2021-03-05;566;451;17219;10804;7.6;4.8
43;2021-03-06;489;179;17708;10983;7.8;4.8
43;2021-03-07;12;0;17720;10983;7.8;4.8
43;2021-03-08;446;445;18166;11428;8.0;5.0
43;2021-03-09;621;358;18787;11786;8.3;5.2
43;2021-03-10;674;500;19461;12286;8.6;5.4
43;2021-03-11;953;442;20414;12728;9.0;5.6
43;2021-03-12;945;427;21359;13155;9.4;5.8
43;2021-03-13;792;116;22151;13271;9.8;5.8
43;2021-03-14;2;0;22153;13271;9.8;5.8
43;2021-03-15;706;142;22859;13413;10.1;5.9
43;2021-03-16;848;284;23707;13697;10.4;6.0
43;2021-03-17;638;136;24345;13833;10.7;6.1
43;2021-03-18;676;137;25021;13970;11.0;6.2
43;2021-03-19;839;108;25860;14078;11.4;6.2
43;2021-03-20;450;60;26310;14138;11.6;6.2
43;2021-03-21;0;0;26310;14138;11.6;6.2
43;2021-03-22;744;41;27054;14179;11.9;6.2
43;2021-03-23;872;45;27926;14224;12.3;6.3
43;2021-03-24;1174;88;29100;14312;12.8;6.3
43;2021-03-25;1594;151;30694;14463;13.5;6.4
43;2021-03-26;1609;188;32303;14651;14.2;6.5
43;2021-03-27;1449;74;33752;14725;14.9;6.5
43;2021-03-28;420;20;34172;14745;15.1;6.5
43;2021-03-29;1095;171;35267;14916;15.5;6.6
43;2021-03-30;1313;239;36580;15155;16.1;6.7
43;2021-03-31;1305;262;37885;15417;16.7;6.8
43;2021-04-01;1346;341;39231;15758;17.3;6.9
43;2021-04-02;1052;352;40283;16110;17.8;7.1
43;2021-04-03;339;198;40622;16308;17.9;7.2
43;2021-04-04;0;0;40622;16308;17.9;7.2
43;2021-04-05;3;0;40625;16308;17.9;7.2
43;2021-04-06;688;603;41313;16911;18.2;7.5
43;2021-04-07;868;575;42181;17486;18.6;7.7
43;2021-04-08;1086;463;43267;17949;19.1;7.9
43;2021-04-09;1148;659;44415;18608;19.6;8.2
43;2021-04-10;626;262;45041;18870;19.9;8.3
43;2021-04-11;0;0;45041;18870;19.9;8.3
43;2021-04-12;682;652;45723;19522;20.2;8.6
43;2021-04-13;917;725;46640;20247;20.6;8.9
43;2021-04-14;725;667;47365;20914;20.9;9.2
43;2021-04-15;959;699;48324;21613;21.3;9.5
43;2021-04-16;1008;692;49332;22305;21.7;9.8
43;2021-04-17;423;302;49755;22607;21.9;10.0
43;2021-04-18;3;5;49758;22612;21.9;10.0
43;2021-04-19;629;568;50387;23180;22.2;10.2
43;2021-04-20;840;672;51227;23852;22.6;10.5
43;2021-04-21;320;988;51547;24840;22.7;10.9
43;2021-04-22;680;1015;52227;25855;23.0;11.4
43;2021-04-23;401;1102;52628;26957;23.2;11.9
43;2021-04-24;347;1040;52975;27997;23.3;12.3
43;2021-04-25;23;403;52998;28400;23.4;12.5
43;2021-04-26;386;965;53384;29365;23.5;12.9
43;2021-04-27;825;987;54209;30352;23.9;13.4
43;2021-04-28;794;1106;55003;31458;24.2;13.9
43;2021-04-29;1238;1141;56241;32599;24.8;14.4
43;2021-04-30;1199;1067;57440;33666;25.3;14.8
43;2021-05-01;400;25;57840;33691;25.5;14.8
43;2021-05-02;1;0;57841;33691;25.5;14.8
43;2021-05-03;1218;407;59059;34098;26.0;15.0
43;2021-05-04;1236;953;60295;35051;26.6;15.4
43;2021-05-05;1144;847;61439;35898;27.1;15.8
43;2021-05-06;1404;937;62843;36835;27.7;16.2
43;2021-05-07;1088;1174;63931;38009;28.2;16.8
43;2021-05-08;519;136;64450;38145;28.4;16.8
43;2021-05-09;0;2;64450;38147;28.4;16.8
43;2021-05-10;1085;723;65535;38870;28.9;17.1
43;2021-05-11;1554;1008;67089;39878;29.6;17.6
43;2021-05-12;1481;808;68570;40686;30.2;17.9
43;2021-05-13;936;379;69506;41065;30.6;18.1
43;2021-05-14;2204;1109;71710;42174;31.6;18.6
43;2021-05-15;1271;317;72981;42491;32.2;18.7
43;2021-05-16;272;47;73253;42538;32.3;18.7
43;2021-05-17;1625;629;74878;43167;33.0;19.0
43;2021-05-18;1966;675;76844;43842;33.9;19.3
43;2021-05-19;2065;573;78909;44415;34.8;19.6
43;2021-05-20;2338;805;81247;45220;35.8;19.9
43;2021-05-21;2385;706;83632;45926;36.9;20.2
43;2021-05-22;1209;340;84841;46266;37.4;20.4
43;2021-05-23;1;0;84842;46266;37.4;20.4
43;2021-05-24;382;99;85224;46365;37.6;20.4
43;2021-05-25;1408;653;86632;47018;38.2;20.7
43;2021-05-26;1349;558;87981;47576;38.8;21.0
43;2021-05-27;1389;712;89370;48288;39.4;21.3
43;2021-05-28;1348;734;90718;49022;40.0;21.6
43;2021-05-29;1135;604;91853;49626;40.5;21.9
43;2021-05-30;149;17;92002;49643;40.5;21.9
43;2021-05-31;1208;442;93210;50085;41.1;22.1
43;2021-06-01;1279;985;94489;51070;41.6;22.5
43;2021-06-02;1086;700;95575;51770;42.1;22.8
43;2021-06-03;1193;856;96768;52626;42.6;23.2
43;2021-06-04;1350;858;98118;53484;43.2;23.6
43;2021-06-05;824;454;98942;53938;43.6;23.8
43;2021-06-06;10;5;98952;53943;43.6;23.8
43;2021-06-07;748;518;99700;54461;43.9;24.0
43;2021-06-08;664;704;100364;55165;44.2;24.3
43;2021-06-09;539;760;100903;55925;44.5;24.6
43;2021-06-10;808;1120;101711;57045;44.8;25.1
43;2021-06-11;760;1348;102471;58393;45.2;25.7
43;2021-06-12;914;514;103385;58907;45.6;26.0
43;2021-06-13;3;27;103388;58934;45.6;26.0
43;2021-06-14;446;1089;103834;60023;45.8;26.5
43;2021-06-15;630;1196;104464;61219;46.0;27.0
43;2021-06-16;549;975;105013;62194;46.3;27.4
43;2021-06-17;602;1503;105615;63697;46.5;28.1
43;2021-06-18;900;1464;106515;65161;46.9;28.7
43;2021-06-19;448;782;106963;65943;47.1;29.1
43;2021-06-20;0;12;106963;65955;47.1;29.1
43;2021-06-21;424;1307;107387;67262;47.3;29.6
43;2021-06-22;533;1960;107920;69222;47.6;30.5
43;2021-06-23;343;1743;108263;70965;47.7;31.3
43;2021-06-24;512;1494;108775;72459;47.9;31.9
43;2021-06-25;596;2346;109371;74805;48.2;33.0
43;2021-06-26;505;1245;109876;76050;48.4;33.5
43;2021-06-27;10;20;109886;76070;48.4;33.5
43;2021-06-28;341;1785;110227;77855;48.6;34.3
43;2021-06-29;524;2382;110751;80237;48.8;35.4
43;2021-06-30;460;2275;111211;82512;49.0;36.4
43;2021-07-01;472;1910;111683;84422;49.2;37.2
43;2021-07-02;499;1964;112182;86386;49.4;38.1
43;2021-07-03;258;1108;112440;87494;49.6;38.6
43;2021-07-04;1;0;112441;87494;49.6;38.6
43;2021-07-05;526;1201;112967;88695;49.8;39.1
43;2021-07-06;633;1679;113600;90374;50.1;39.8
43;2021-07-07;524;1420;114124;91794;50.3;40.5
43;2021-07-08;838;1418;114962;93212;50.7;41.1
43;2021-07-09;550;1499;115512;94711;50.9;41.7
43;2021-07-10;401;1337;115913;96048;51.1;42.3
43;2021-07-11;23;99;115936;96147;51.1;42.4
43;2021-07-12;602;1685;116538;97832;51.4;43.1
43;2021-07-13;1186;1849;117724;99681;51.9;43.9
43;2021-07-14;847;159;118571;99840;52.3;44.0
43;2021-07-15;1933;1840;120504;101680;53.1;44.8
43;2021-07-16;1751;1617;122255;103297;53.9;45.5
43;2021-07-17;1544;1198;123799;104495;54.6;46.1
43;2021-07-18;4;19;123803;104514;54.6;46.1
43;2021-07-19;1439;1260;125242;105774;55.2;46.6
43;2021-07-20;1894;1450;127136;107224;56.0;47.3
43;2021-07-21;1848;1110;128984;108334;56.8;47.7
43;2021-07-22;2110;1329;131094;109663;57.8;48.3
43;2021-07-23;1617;1324;132711;110987;58.5;48.9
43;2021-07-24;577;997;133288;111984;58.7;49.4
43;2021-07-25;0;1;133288;111985;58.7;49.4
43;2021-07-26;1642;1068;134930;113053;59.5;49.8
43;2021-07-27;2278;1222;137208;114275;60.5;50.4
43;2021-07-28;1951;1088;139159;115363;61.3;50.8
43;2021-07-29;1983;1017;141142;116380;62.2;51.3
43;2021-07-30;1867;1342;143009;117722;63.0;51.9
43;2021-07-31;704;610;143713;118332;63.3;52.2
43;2021-08-01;13;20;143726;118352;63.3;52.2
43;2021-08-02;1534;967;145260;119319;64.0;52.6
43;2021-08-03;1397;1166;146657;120485;64.6;53.1
43;2021-08-04;1259;1110;147916;121595;65.2;53.6
43;2021-08-05;1251;1289;149167;122884;65.7;54.2
43;2021-08-06;1126;1468;150293;124352;66.2;54.8
43;2021-08-07;494;751;150787;125103;66.5;55.1
43;2021-08-08;5;0;150792;125103;66.5;55.1
43;2021-08-09;817;1634;151609;126737;66.8;55.9
43;2021-08-10;1018;1588;152627;128325;67.3;56.6
43;2021-08-11;678;1340;153305;129665;67.6;57.1
43;2021-08-12;871;1601;154176;131266;67.9;57.9
43;2021-08-13;630;1175;154806;132441;68.2;58.4
43;2021-08-14;332;541;155138;132982;68.4;58.6
43;2021-08-15;3;9;155141;132991;68.4;58.6
43;2021-08-16;680;1672;155821;134663;68.7;59.3
43;2021-08-17;711;1500;156532;136163;69.0;60.0
43;2021-08-18;556;1510;157088;137673;69.2;60.7
43;2021-08-19;642;1609;157730;139282;69.5;61.4
43;2021-08-20;516;1591;158246;140873;69.7;62.1
43;2021-08-21;229;552;158475;141425;69.8;62.3
43;2021-08-22;6;7;158481;141432;69.8;62.3
43;2021-08-23;500;1582;158981;143014;70.1;63.0
44;2020-12-27;1;0;1;0;0.0;0.0
44;2020-12-28;1;0;2;0;0.0;0.0
44;2020-12-29;1;0;3;0;0.0;0.0
44;2020-12-30;1;0;4;0;0.0;0.0
44;2020-12-31;0;0;4;0;0.0;0.0
44;2021-01-01;0;0;4;0;0.0;0.0
44;2021-01-02;0;0;4;0;0.0;0.0
44;2021-01-03;3;0;7;0;0.0;0.0
44;2021-01-04;0;0;7;0;0.0;0.0
44;2021-01-05;1;0;8;0;0.0;0.0
44;2021-01-06;20;1;28;1;0.0;0.0
44;2021-01-07;187;0;215;1;0.0;0.0
44;2021-01-08;528;0;743;1;0.1;0.0
44;2021-01-09;473;0;1216;1;0.1;0.0
44;2021-01-10;455;1;1671;2;0.1;0.0
44;2021-01-11;802;1;2473;3;0.2;0.0
44;2021-01-12;906;1;3379;4;0.2;0.0
44;2021-01-13;1087;1;4466;5;0.3;0.0
44;2021-01-14;1115;7;5581;12;0.4;0.0
44;2021-01-15;987;1;6568;13;0.5;0.0
44;2021-01-16;335;2;6903;15;0.5;0.0
44;2021-01-17;328;1;7231;16;0.5;0.0
44;2021-01-18;856;3;8087;19;0.6;0.0
44;2021-01-19;2616;4;10703;23;0.7;0.0
44;2021-01-20;2739;4;13442;27;0.9;0.0
44;2021-01-21;4533;8;17975;35;1.3;0.0
44;2021-01-22;2416;6;20391;41;1.4;0.0
44;2021-01-23;766;1;21157;42;1.5;0.0
44;2021-01-24;119;0;21276;42;1.5;0.0
44;2021-01-25;830;0;22106;42;1.5;0.0
44;2021-01-26;2563;19;24669;61;1.7;0.0
44;2021-01-27;2096;63;26765;124;1.9;0.0
44;2021-01-28;3733;193;30498;317;2.1;0.0
44;2021-01-29;2370;493;32868;810;2.3;0.1
44;2021-01-30;628;214;33496;1024;2.3;0.1
44;2021-01-31;14;213;33510;1237;2.3;0.1
44;2021-02-01;592;544;34102;1781;2.4;0.1
44;2021-02-02;878;760;34980;2541;2.4;0.2
44;2021-02-03;890;895;35870;3436;2.5;0.2
44;2021-02-04;937;724;36807;4160;2.6;0.3
44;2021-02-05;895;625;37702;4785;2.6;0.3
44;2021-02-06;467;268;38169;5053;2.7;0.4
44;2021-02-07;72;207;38241;5260;2.7;0.4
44;2021-02-08;521;459;38762;5719;2.7;0.4
44;2021-02-09;992;1255;39754;6974;2.8;0.5
44;2021-02-10;1142;1314;40896;8288;2.8;0.6
44;2021-02-11;2289;3046;43185;11334;3.0;0.8
44;2021-02-12;1663;1757;44848;13091;3.1;0.9
44;2021-02-13;433;514;45281;13605;3.2;0.9
44;2021-02-14;10;180;45291;13785;3.2;1.0
44;2021-02-15;505;1102;45796;14887;3.2;1.0
44;2021-02-16;1440;2565;47236;17452;3.3;1.2
44;2021-02-17;1104;2174;48340;19626;3.4;1.4
44;2021-02-18;1958;3723;50298;23349;3.5;1.6
44;2021-02-19;1579;2539;51877;25888;3.6;1.8
44;2021-02-20;408;642;52285;26530;3.6;1.8
44;2021-02-21;6;177;52291;26707;3.6;1.9
44;2021-02-22;717;836;53008;27543;3.7;1.9
44;2021-02-23;1246;1129;54254;28672;3.8;2.0
44;2021-02-24;1239;1097;55493;29769;3.9;2.1
44;2021-02-25;2442;1085;57935;30854;4.0;2.1
44;2021-02-26;2290;963;60225;31817;4.2;2.2
44;2021-02-27;976;453;61201;32270;4.3;2.2
44;2021-02-28;7;32;61208;32302;4.3;2.2
44;2021-03-01;990;562;62198;32864;4.3;2.3
44;2021-03-02;1802;1052;64000;33916;4.5;2.4
44;2021-03-03;1859;1136;65859;35052;4.6;2.4
44;2021-03-04;2881;1581;68740;36633;4.8;2.5
44;2021-03-05;3479;1333;72219;37966;5.0;2.6
44;2021-03-06;2508;496;74727;38462;5.2;2.7
44;2021-03-07;988;89;75715;38551;5.3;2.7
44;2021-03-08;1785;612;77500;39163;5.4;2.7
44;2021-03-09;3352;1151;80852;40314;5.6;2.8
44;2021-03-10;3080;1117;83932;41431;5.8;2.9
44;2021-03-11;4439;1792;88371;43223;6.1;3.0
44;2021-03-12;5893;1310;94264;44533;6.6;3.1
44;2021-03-13;3632;300;97896;44833;6.8;3.1
44;2021-03-14;431;63;98327;44896;6.8;3.1
44;2021-03-15;2688;373;101015;45269;7.0;3.1
44;2021-03-16;2149;630;103164;45899;7.2;3.2
44;2021-03-17;1966;678;105130;46577;7.3;3.2
44;2021-03-18;2169;642;107299;47219;7.5;3.3
44;2021-03-19;3786;367;111085;47586;7.7;3.3
44;2021-03-20;3211;294;114296;47880;8.0;3.3
44;2021-03-21;913;19;115209;47899;8.0;3.3
44;2021-03-22;2463;444;117672;48343;8.2;3.4
44;2021-03-23;3960;703;121632;49046;8.5;3.4
44;2021-03-24;4302;632;125934;49678;8.8;3.5
44;2021-03-25;5624;929;131558;50607;9.2;3.5
44;2021-03-26;6504;763;138062;51370;9.6;3.6
44;2021-03-27;3215;427;141277;51797;9.8;3.6
44;2021-03-28;1244;40;142521;51837;9.9;3.6
44;2021-03-29;3121;791;145642;52628;10.1;3.7
44;2021-03-30;5137;1116;150779;53744;10.5;3.7
44;2021-03-31;4613;1310;155392;55054;10.8;3.8
44;2021-04-01;6137;1009;161529;56063;11.2;3.9
44;2021-04-02;5795;955;167324;57018;11.6;4.0
44;2021-04-03;2435;652;169759;57670;11.8;4.0
44;2021-04-04;665;21;170424;57691;11.9;4.0
44;2021-04-05;692;286;171116;57977;11.9;4.0
44;2021-04-06;4209;1375;175325;59352;12.2;4.1
44;2021-04-07;5077;1654;180402;61006;12.6;4.2
44;2021-04-08;7179;1664;187581;62670;13.1;4.4
44;2021-04-09;10065;1814;197646;64484;13.8;4.5
44;2021-04-10;4563;1453;202209;65937;14.1;4.6
44;2021-04-11;2149;428;204358;66365;14.2;4.6
44;2021-04-12;5465;1589;209823;67954;14.6;4.7
44;2021-04-13;6729;2258;216552;70212;15.1;4.9
44;2021-04-14;5911;2231;222463;72443;15.5;5.0
44;2021-04-15;6701;2211;229164;74654;15.9;5.2
44;2021-04-16;7785;2043;236949;76697;16.5;5.3
44;2021-04-17;4301;1383;241250;78080;16.8;5.4
44;2021-04-18;2254;817;243504;78897;16.9;5.5
44;2021-04-19;5044;1909;248548;80806;17.3;5.6
44;2021-04-20;6281;2648;254829;83454;17.7;5.8
44;2021-04-21;6006;2786;260835;86240;18.1;6.0
44;2021-04-22;6960;2513;267795;88753;18.6;6.2
44;2021-04-23;7332;3175;275127;91928;19.1;6.4
44;2021-04-24;3971;2051;279098;93979;19.4;6.5
44;2021-04-25;2076;1058;281174;95037;19.6;6.6
44;2021-04-26;5649;2763;286823;97800;20.0;6.8
44;2021-04-27;7419;4110;294242;101910;20.5;7.1
44;2021-04-28;7608;3785;301850;105695;21.0;7.4
44;2021-04-29;8964;4280;310814;109975;21.6;7.7
44;2021-04-30;9568;4700;320382;114675;22.3;8.0
44;2021-05-01;2849;925;323231;115600;22.5;8.0
44;2021-05-02;1901;618;325132;116218;22.6;8.1
44;2021-05-03;5548;4076;330680;120294;23.0;8.4
44;2021-05-04;6331;5139;337011;125433;23.5;8.7
44;2021-05-05;6072;4627;343083;130060;23.9;9.0
44;2021-05-06;7256;4885;350339;134945;24.4;9.4
44;2021-05-07;7452;5719;357791;140664;24.9;9.8
44;2021-05-08;2583;1266;360374;141930;25.1;9.9
44;2021-05-09;1801;1815;362175;143745;25.2;10.0
44;2021-05-10;6574;5775;368749;149520;25.7;10.4
44;2021-05-11;7787;6268;376536;155788;26.2;10.8
44;2021-05-12;8193;5724;384729;161512;26.8;11.2
44;2021-05-13;5302;1189;390031;162701;27.1;11.3
44;2021-05-14;7586;3976;397617;166677;27.7;11.6
44;2021-05-15;5008;2234;402625;168911;28.0;11.8
44;2021-05-16;2795;741;405420;169652;28.2;11.8
44;2021-05-17;6744;5154;412164;174806;28.7;12.2
44;2021-05-18;7968;5241;420132;180047;29.2;12.5
44;2021-05-19;8168;4289;428300;184336;29.8;12.8
44;2021-05-20;8365;4650;436665;188986;30.4;13.2
44;2021-05-21;8836;5218;445501;194204;31.0;13.5
44;2021-05-22;5099;2234;450600;196438;31.4;13.7
44;2021-05-23;1759;824;452359;197262;31.5;13.7
44;2021-05-24;4887;1620;457246;198882;31.8;13.8
44;2021-05-25;7741;5547;464987;204429;32.4;14.2
44;2021-05-26;8183;5044;473170;209473;32.9;14.6
44;2021-05-27;9658;5357;482828;214830;33.6;14.9
44;2021-05-28;9186;6918;492014;221748;34.2;15.4
44;2021-05-29;5885;3335;497899;225083;34.6;15.7
44;2021-05-30;1775;705;499674;225788;34.8;15.7
44;2021-05-31;8061;6190;507735;231978;35.3;16.1
44;2021-06-01;9906;6560;517641;238538;36.0;16.6
44;2021-06-02;9527;5695;527168;244233;36.7;17.0
44;2021-06-03;10860;5885;538028;250118;37.4;17.4
44;2021-06-04;9962;8076;547990;258194;38.1;18.0
44;2021-06-05;5781;4344;553771;262538;38.5;18.3
44;2021-06-06;2363;1130;556134;263668;38.7;18.3
44;2021-06-07;9554;6938;565688;270606;39.4;18.8
44;2021-06-08;10913;7501;576601;278107;40.1;19.4
44;2021-06-09;10556;6328;587157;284435;40.9;19.8
44;2021-06-10;11425;6039;598582;290474;41.7;20.2
44;2021-06-11;11957;8646;610539;299120;42.5;20.8
44;2021-06-12;7766;4093;618305;303213;43.0;21.1
44;2021-06-13;2793;1008;621098;304221;43.2;21.2
44;2021-06-14;8766;8409;629864;312630;43.8;21.8
44;2021-06-15;11707;8254;641571;320884;44.6;22.3
44;2021-06-16;10979;7655;652550;328539;45.4;22.9
44;2021-06-17;11734;8680;664284;337219;46.2;23.5
44;2021-06-18;10899;10109;675183;347328;47.0;24.2
44;2021-06-19;5883;4325;681066;351653;47.4;24.5
44;2021-06-20;2533;1337;683599;352990;47.6;24.6
44;2021-06-21;7353;10014;690952;363004;48.1;25.3
44;2021-06-22;8467;10628;699419;373632;48.7;26.0
44;2021-06-23;8557;9131;707976;382763;49.3;26.6
44;2021-06-24;9125;8568;717101;391331;49.9;27.2
44;2021-06-25;7648;10815;724749;402146;50.4;28.0
44;2021-06-26;2961;6471;727710;408617;50.6;28.4
44;2021-06-27;815;2404;728525;411021;50.7;28.6
44;2021-06-28;5229;10057;733754;421078;51.1;29.3
44;2021-06-29;6184;12088;739938;433166;51.5;30.1
44;2021-06-30;6180;10452;746118;443618;51.9;30.9
44;2021-07-01;6930;10489;753048;454107;52.4;31.6
44;2021-07-02;6691;12554;759739;466661;52.9;32.5
44;2021-07-03;2583;7002;762322;473663;53.0;33.0
44;2021-07-04;994;2236;763316;475899;53.1;33.1
44;2021-07-05;5312;11869;768628;487768;53.5;33.9
44;2021-07-06;6058;12600;774686;500368;53.9;34.8
44;2021-07-07;6491;11098;781177;511466;54.4;35.6
44;2021-07-08;7383;11962;788560;523428;54.9;36.4
44;2021-07-09;6246;14255;794806;537683;55.3;37.4
44;2021-07-10;2438;7008;797244;544691;55.5;37.9
44;2021-07-11;730;2262;797974;546953;55.5;38.1
44;2021-07-12;4360;14051;802334;561004;55.8;39.0
44;2021-07-13;5728;14852;808062;575856;56.2;40.1
44;2021-07-14;3643;5808;811705;581664;56.5;40.5
44;2021-07-15;7195;14285;818900;595949;57.0;41.5
44;2021-07-16;8133;14989;827033;610938;57.5;42.5
44;2021-07-17;3370;7578;830403;618516;57.8;43.0
44;2021-07-18;1432;2547;831835;621063;57.9;43.2
44;2021-07-19;4688;14693;836523;635756;58.2;44.2
44;2021-07-20;5996;15677;842519;651433;58.6;45.3
44;2021-07-21;5822;13988;848341;665421;59.0;46.3
44;2021-07-22;6711;13753;855052;679174;59.5;47.3
44;2021-07-23;6152;15643;861204;694817;59.9;48.3
44;2021-07-24;2843;8726;864047;703543;60.1;49.0
44;2021-07-25;941;3089;864988;706632;60.2;49.2
44;2021-07-26;6059;12700;871047;719332;60.6;50.1
44;2021-07-27;9667;12193;880714;731525;61.3;50.9
44;2021-07-28;9221;10848;889935;742373;61.9;51.7
44;2021-07-29;10241;10844;900176;753217;62.6;52.4
44;2021-07-30;9134;10926;909310;764143;63.3;53.2
44;2021-07-31;4751;5646;914061;769789;63.6;53.6
44;2021-08-01;2550;1410;916611;771199;63.8;53.7
44;2021-08-02;6298;9475;922909;780674;64.2;54.3
44;2021-08-03;8336;8546;931245;789220;64.8;54.9
44;2021-08-04;9024;6985;940269;796205;65.4;55.4
44;2021-08-05;11441;7517;951710;803722;66.2;55.9
44;2021-08-06;9607;8205;961317;811927;66.9;56.5
44;2021-08-07;4537;3694;965854;815621;67.2;56.8
44;2021-08-08;2522;1726;968376;817347;67.4;56.9
44;2021-08-09;8830;7974;977206;825321;68.0;57.4
44;2021-08-10;10189;7605;987395;832926;68.7;58.0
44;2021-08-11;10327;6776;997722;839702;69.4;58.4
44;2021-08-12;10292;7338;1008014;847040;70.1;58.9
44;2021-08-13;8292;6142;1016306;853182;70.7;59.4
44;2021-08-14;3188;3220;1019494;856402;70.9;59.6
44;2021-08-15;708;928;1020202;857330;71.0;59.7
44;2021-08-16;5820;8285;1026022;865615;71.4;60.2
44;2021-08-17;5560;8178;1031582;873793;71.8;60.8
44;2021-08-18;4791;7609;1036373;881402;72.1;61.3
44;2021-08-19;4920;8338;1041293;889740;72.5;61.9
44;2021-08-20;4448;8899;1045741;898639;72.8;62.5
44;2021-08-21;1939;4612;1047680;903251;72.9;62.9
44;2021-08-22;696;2439;1048376;905690;72.9;63.0
44;2021-08-23;3625;9419;1052001;915109;73.2;63.7
45;2020-12-27;0;0;0;0;0.0;0.0
45;2020-12-28;1;0;1;0;0.0;0.0
45;2020-12-29;0;0;1;0;0.0;0.0
45;2020-12-30;0;0;1;0;0.0;0.0
45;2020-12-31;1;0;2;0;0.0;0.0
45;2021-01-01;0;0;2;0;0.0;0.0
45;2021-01-02;0;0;2;0;0.0;0.0
45;2021-01-03;0;0;2;0;0.0;0.0
45;2021-01-04;0;0;2;0;0.0;0.0
45;2021-01-05;76;0;78;0;0.0;0.0
45;2021-01-06;68;0;146;0;0.0;0.0
45;2021-01-07;188;0;334;0;0.0;0.0
45;2021-01-08;199;1;533;1;0.1;0.0
45;2021-01-09;42;0;575;1;0.1;0.0
45;2021-01-10;23;0;598;1;0.1;0.0
45;2021-01-11;254;0;852;1;0.1;0.0
45;2021-01-12;680;3;1532;4;0.2;0.0
45;2021-01-13;496;2;2028;6;0.3;0.0
45;2021-01-14;485;38;2513;44;0.4;0.0
45;2021-01-15;391;3;2904;47;0.4;0.0
45;2021-01-16;39;0;2943;47;0.4;0.0
45;2021-01-17;24;0;2967;47;0.4;0.0
45;2021-01-18;814;1;3781;48;0.6;0.0
45;2021-01-19;1196;6;4977;54;0.7;0.0
45;2021-01-20;2114;8;7091;62;1.0;0.0
45;2021-01-21;2523;6;9614;68;1.4;0.0
45;2021-01-22;1409;3;11023;71;1.6;0.0
45;2021-01-23;124;0;11147;71;1.6;0.0
45;2021-01-24;39;0;11186;71;1.6;0.0
45;2021-01-25;557;3;11743;74;1.7;0.0
45;2021-01-26;870;18;12613;92;1.8;0.0
45;2021-01-27;650;45;13263;137;1.9;0.0
45;2021-01-28;882;215;14145;352;2.1;0.1
45;2021-01-29;578;127;14723;479;2.2;0.1
45;2021-01-30;40;41;14763;520;2.2;0.1
45;2021-01-31;37;23;14800;543;2.2;0.1
45;2021-02-01;462;208;15262;751;2.2;0.1
45;2021-02-02;759;468;16021;1219;2.3;0.2
45;2021-02-03;773;480;16794;1699;2.5;0.2
45;2021-02-04;701;268;17495;1967;2.6;0.3
45;2021-02-05;417;151;17912;2118;2.6;0.3
45;2021-02-06;36;28;17948;2146;2.6;0.3
45;2021-02-07;7;31;17955;2177;2.6;0.3
45;2021-02-08;455;194;18410;2371;2.7;0.3
45;2021-02-09;1006;411;19416;2782;2.8;0.4
45;2021-02-10;1279;805;20695;3587;3.0;0.5
45;2021-02-11;1385;1525;22080;5112;3.2;0.7
45;2021-02-12;1052;1142;23132;6254;3.4;0.9
45;2021-02-13;85;158;23217;6412;3.4;0.9
45;2021-02-14;39;11;23256;6423;3.4;0.9
45;2021-02-15;523;609;23779;7032;3.5;1.0
45;2021-02-16;756;940;24535;7972;3.6;1.2
45;2021-02-17;641;1047;25176;9019;3.7;1.3
45;2021-02-18;841;853;26017;9872;3.8;1.4
45;2021-02-19;828;765;26845;10637;3.9;1.6
45;2021-02-20;59;94;26904;10731;3.9;1.6
45;2021-02-21;17;46;26921;10777;3.9;1.6
45;2021-02-22;407;631;27328;11408;4.0;1.7
45;2021-02-23;815;790;28143;12198;4.1;1.8
45;2021-02-24;650;916;28793;13114;4.2;1.9
45;2021-02-25;962;779;29755;13893;4.4;2.0
45;2021-02-26;1044;687;30799;14580;4.5;2.1
45;2021-02-27;290;52;31089;14632;4.6;2.1
45;2021-02-28;28;5;31117;14637;4.6;2.1
45;2021-03-01;533;336;31650;14973;4.6;2.2
45;2021-03-02;671;724;32321;15697;4.7;2.3
45;2021-03-03;982;897;33303;16594;4.9;2.4
45;2021-03-04;1108;989;34411;17583;5.0;2.6
45;2021-03-05;1444;865;35855;18448;5.3;2.7
45;2021-03-06;2020;132;37875;18580;5.5;2.7
45;2021-03-07;143;59;38018;18639;5.6;2.7
45;2021-03-08;752;847;38770;19486;5.7;2.9
45;2021-03-09;1256;722;40026;20208;5.9;3.0
45;2021-03-10;1593;905;41619;21113;6.1;3.1
45;2021-03-11;1720;753;43339;21866;6.3;3.2
45;2021-03-12;2074;611;45413;22477;6.7;3.3
45;2021-03-13;988;47;46401;22524;6.8;3.3
45;2021-03-14;24;43;46425;22567;6.8;3.3
45;2021-03-15;810;598;47235;23165;6.9;3.4
45;2021-03-16;943;837;48178;24002;7.1;3.5
45;2021-03-17;1051;688;49229;24690;7.2;3.6
45;2021-03-18;997;583;50226;25273;7.4;3.7
45;2021-03-19;1619;430;51845;25703;7.6;3.8
45;2021-03-20;498;82;52343;25785;7.7;3.8
45;2021-03-21;20;35;52363;25820;7.7;3.8
45;2021-03-22;914;531;53277;26351;7.8;3.9
45;2021-03-23;1984;721;55261;27072;8.1;4.0
45;2021-03-24;1898;551;57159;27623;8.4;4.0
45;2021-03-25;2983;453;60142;28076;8.8;4.1
45;2021-03-26;3389;482;63531;28558;9.3;4.2
45;2021-03-27;1796;123;65327;28681;9.6;4.2
45;2021-03-28;89;40;65416;28721;9.6;4.2
45;2021-03-29;1529;538;66945;29259;9.8;4.3
45;2021-03-30;2784;785;69729;30044;10.2;4.4
45;2021-03-31;2134;578;71863;30622;10.5;4.5
45;2021-04-01;2973;566;74836;31188;11.0;4.6
45;2021-04-02;2826;513;77662;31701;11.4;4.6
45;2021-04-03;810;73;78472;31774;11.5;4.7
45;2021-04-04;113;33;78585;31807;11.5;4.7
45;2021-04-05;14;2;78599;31809;11.5;4.7
45;2021-04-06;1736;794;80335;32603;11.8;4.8
45;2021-04-07;1775;1114;82110;33717;12.0;4.9
45;2021-04-08;2773;1020;84883;34737;12.4;5.1
45;2021-04-09;3675;645;88558;35382;13.0;5.2
45;2021-04-10;2322;109;90880;35491;13.3;5.2
45;2021-04-11;153;24;91033;35515;13.3;5.2
45;2021-04-12;2607;667;93640;36182;13.7;5.3
45;2021-04-13;3847;1087;97487;37269;14.3;5.5
45;2021-04-14;2930;1217;100417;38486;14.7;5.6
45;2021-04-15;3520;1038;103937;39524;15.2;5.8
45;2021-04-16;3775;685;107712;40209;15.8;5.9
45;2021-04-17;1613;113;109325;40322;16.0;5.9
45;2021-04-18;200;42;109525;40364;16.0;5.9
45;2021-04-19;1937;947;111462;41311;16.3;6.0
45;2021-04-20;3076;1699;114538;43010;16.8;6.3
45;2021-04-21;2722;1305;117260;44315;17.2;6.5
45;2021-04-22;3423;1841;120683;46156;17.7;6.8
45;2021-04-23;3279;1785;123962;47941;18.2;7.0
45;2021-04-24;2023;868;125985;48809;18.4;7.1
45;2021-04-25;291;86;126276;48895;18.5;7.2
45;2021-04-26;2229;1166;128505;50061;18.8;7.3
45;2021-04-27;3352;2352;131857;52413;19.3;7.7
45;2021-04-28;2802;1948;134659;54361;19.7;8.0
45;2021-04-29;3838;2339;138497;56700;20.3;8.3
45;2021-04-30;4390;1810;142887;58510;20.9;8.6
45;2021-05-01;451;61;143338;58571;21.0;8.6
45;2021-05-02;627;122;143965;58693;21.1;8.6
45;2021-05-03;2821;992;146786;59685;21.5;8.7
45;2021-05-04;3160;2348;149946;62033;22.0;9.1
45;2021-05-05;2714;2163;152660;64196;22.4;9.4
45;2021-05-06;3331;2541;155991;66737;22.8;9.8
45;2021-05-07;2872;3199;158863;69936;23.3;10.2
45;2021-05-08;611;248;159474;70184;23.4;10.3
45;2021-05-09;1498;127;160972;70311;23.6;10.3
45;2021-05-10;4141;2976;165113;73287;24.2;10.7
45;2021-05-11;5030;2971;170143;76258;24.9;11.2
45;2021-05-12;6077;2780;176220;79038;25.8;11.6
45;2021-05-13;2450;597;178670;79635;26.2;11.7
45;2021-05-14;4968;1633;183638;81268;26.9;11.9
45;2021-05-15;4066;613;187704;81881;27.5;12.0
45;2021-05-16;289;33;187993;81914;27.5;12.0
45;2021-05-17;3360;1540;191353;83454;28.0;12.2
45;2021-05-18;5118;1681;196471;85135;28.8;12.5
45;2021-05-19;4494;2062;200965;87197;29.4;12.8
45;2021-05-20;5265;2139;206230;89336;30.2;13.1
45;2021-05-21;5145;2228;211375;91564;31.0;13.4
45;2021-05-22;3042;632;214417;92196;31.4;13.5
45;2021-05-23;15;94;214432;92290;31.4;13.5
45;2021-05-24;2827;209;217259;92499;31.8;13.5
45;2021-05-25;4962;3034;222221;95533;32.5;14.0
45;2021-05-26;5115;2334;227336;97867;33.3;14.3
45;2021-05-27;5310;3238;232646;101105;34.1;14.8
45;2021-05-28;5662;3592;238308;104697;34.9;15.3
45;2021-05-29;3671;1290;241979;105987;35.4;15.5
45;2021-05-30;33;182;242012;106169;35.4;15.5
45;2021-05-31;4328;2520;246340;108689;36.1;15.9
45;2021-06-01;6092;3002;252432;111691;37.0;16.4
45;2021-06-02;4944;3106;257376;114797;37.7;16.8
45;2021-06-03;5620;3206;262996;118003;38.5;17.3
45;2021-06-04;5897;3188;268893;121191;39.4;17.7
45;2021-06-05;2033;1337;270926;122528;39.7;17.9
45;2021-06-06;88;198;271014;122726;39.7;18.0
45;2021-06-07;4081;2723;275095;125449;40.3;18.4
45;2021-06-08;4644;4078;279739;129527;41.0;19.0
45;2021-06-09;4356;3342;284095;132869;41.6;19.5
45;2021-06-10;4645;2685;288740;135554;42.3;19.9
45;2021-06-11;4117;3665;292857;139219;42.9;20.4
45;2021-06-12;2440;1508;295297;140727;43.2;20.6
45;2021-06-13;21;424;295318;141151;43.2;20.7
45;2021-06-14;3140;4152;298458;145303;43.7;21.3
45;2021-06-15;3388;4328;301846;149631;44.2;21.9
45;2021-06-16;3902;3455;305748;153086;44.8;22.4
45;2021-06-17;3525;3539;309273;156625;45.3;22.9
45;2021-06-18;3801;5031;313074;161656;45.8;23.7
45;2021-06-19;2395;1761;315469;163417;46.2;23.9
45;2021-06-20;48;142;315517;163559;46.2;24.0
45;2021-06-21;2163;5850;317680;169409;46.5;24.8
45;2021-06-22;2420;6529;320100;175938;46.9;25.8
45;2021-06-23;2284;5603;322384;181541;47.2;26.6
45;2021-06-24;2135;3532;324519;185073;47.5;27.1
45;2021-06-25;2444;6447;326963;191520;47.9;28.0
45;2021-06-26;1947;3094;328910;194614;48.2;28.5
45;2021-06-27;53;138;328963;194752;48.2;28.5
45;2021-06-28;2079;4832;331042;199584;48.5;29.2
45;2021-06-29;2837;6814;333879;206398;48.9;30.2
45;2021-06-30;2888;5851;336767;212249;49.3;31.1
45;2021-07-01;2398;5037;339165;217286;49.7;31.8
45;2021-07-02;2367;6283;341532;223569;50.0;32.7
45;2021-07-03;755;2540;342287;226109;50.1;33.1
45;2021-07-04;6;12;342293;226121;50.1;33.1
45;2021-07-05;2140;4989;344433;231110;50.4;33.8
45;2021-07-06;2805;6779;347238;237889;50.8;34.8
45;2021-07-07;2447;6059;349685;243948;51.2;35.7
45;2021-07-08;2824;5382;352509;249330;51.6;36.5
45;2021-07-09;2146;6986;354655;256316;51.9;37.5
45;2021-07-10;1544;3860;356199;260176;52.2;38.1
45;2021-07-11;24;31;356223;260207;52.2;38.1
45;2021-07-12;1590;5998;357813;266205;52.4;39.0
45;2021-07-13;2999;8234;360812;274439;52.8;40.2
45;2021-07-14;1474;1517;362286;275956;53.1;40.4
45;2021-07-15;3732;7289;366018;283245;53.6;41.5
45;2021-07-16;3256;7444;369274;290689;54.1;42.6
45;2021-07-17;1285;2332;370559;293021;54.3;42.9
45;2021-07-18;15;19;370574;293040;54.3;42.9
45;2021-07-19;1866;5942;372440;298982;54.5;43.8
45;2021-07-20;4734;6909;377174;305891;55.2;44.8
45;2021-07-21;5171;5473;382345;311364;56.0;45.6
45;2021-07-22;6178;4905;388523;316269;56.9;46.3
45;2021-07-23;4251;5481;392774;321750;57.5;47.1
45;2021-07-24;1856;2821;394630;324571;57.8;47.5
45;2021-07-25;5;14;394635;324585;57.8;47.5
45;2021-07-26;2908;4980;397543;329565;58.2;48.3
45;2021-07-27;5453;5074;402996;334639;59.0;49.0
45;2021-07-28;4984;4172;407980;338811;59.7;49.6
45;2021-07-29;5269;3252;413249;342063;60.5;50.1
45;2021-07-30;4740;4702;417989;346765;61.2;50.8
45;2021-07-31;848;1950;418837;348715;61.3;51.1
45;2021-08-01;1;4;418838;348719;61.3;51.1
45;2021-08-02;3599;3238;422437;351957;61.9;51.5
45;2021-08-03;4860;3015;427297;354972;62.6;52.0
45;2021-08-04;3719;2230;431016;357202;63.1;52.3
45;2021-08-05;3291;2636;434307;359838;63.6;52.7
45;2021-08-06;3739;3264;438046;363102;64.1;53.2
45;2021-08-07;1677;1045;439723;364147;64.4;53.3
45;2021-08-08;6;18;439729;364165;64.4;53.3
45;2021-08-09;2586;3014;442315;367179;64.8;53.8
45;2021-08-10;3493;3797;445808;370976;65.3;54.3
45;2021-08-11;2692;3713;448500;374689;65.7;54.9
45;2021-08-12;2088;3441;450588;378130;66.0;55.4
45;2021-08-13;1735;4218;452323;382348;66.2;56.0
45;2021-08-14;677;954;453000;383302;66.3;56.1
45;2021-08-15;58;30;453058;383332;66.3;56.1
45;2021-08-16;1145;2315;454203;385647;66.5;56.5
45;2021-08-17;1852;3438;456055;389085;66.8;57.0
45;2021-08-18;1771;4039;457826;393124;67.0;57.6
45;2021-08-19;1432;4266;459258;397390;67.3;58.2
45;2021-08-20;1389;3676;460647;401066;67.5;58.7
45;2021-08-21;900;1149;461547;402215;67.6;58.9
45;2021-08-22;4;8;461551;402223;67.6;58.9
45;2021-08-23;1322;4224;462873;406447;67.8;59.5
46;2020-12-27;4;0;4;0;0.0;0.0
46;2020-12-28;0;0;4;0;0.0;0.0
46;2020-12-29;0;0;4;0;0.0;0.0
46;2020-12-30;0;0;4;0;0.0;0.0
46;2020-12-31;0;0;4;0;0.0;0.0
46;2021-01-01;0;0;4;0;0.0;0.0
46;2021-01-02;0;0;4;0;0.0;0.0
46;2021-01-03;1;0;5;0;0.0;0.0
46;2021-01-04;0;0;5;0;0.0;0.0
46;2021-01-05;0;0;5;0;0.0;0.0
46;2021-01-06;3;0;8;0;0.0;0.0
46;2021-01-07;135;0;143;0;0.1;0.0
46;2021-01-08;181;0;324;0;0.2;0.0
46;2021-01-09;1;0;325;0;0.2;0.0
46;2021-01-10;2;0;327;0;0.2;0.0
46;2021-01-11;118;0;445;0;0.3;0.0
46;2021-01-12;140;0;585;0;0.3;0.0
46;2021-01-13;234;0;819;0;0.5;0.0
46;2021-01-14;239;2;1058;2;0.6;0.0
46;2021-01-15;305;2;1363;4;0.8;0.0
46;2021-01-16;18;0;1381;4;0.8;0.0
46;2021-01-17;0;0;1381;4;0.8;0.0
46;2021-01-18;274;2;1655;6;1.0;0.0
46;2021-01-19;389;0;2044;6;1.2;0.0
46;2021-01-20;937;2;2981;8;1.7;0.0
46;2021-01-21;996;0;3977;8;2.3;0.0
46;2021-01-22;391;2;4368;10;2.5;0.0
46;2021-01-23;0;0;4368;10;2.5;0.0
46;2021-01-24;0;0;4368;10;2.5;0.0
46;2021-01-25;203;1;4571;11;2.6;0.0
46;2021-01-26;262;1;4833;12;2.8;0.0
46;2021-01-27;276;0;5109;12;3.0;0.0
46;2021-01-28;278;43;5387;55;3.1;0.0
46;2021-01-29;233;93;5620;148;3.2;0.1
46;2021-01-30;1;0;5621;148;3.2;0.1
46;2021-01-31;1;0;5622;148;3.2;0.1
46;2021-02-01;234;174;5856;322;3.4;0.2
46;2021-02-02;209;238;6065;560;3.5;0.3
46;2021-02-03;224;97;6289;657;3.6;0.4
46;2021-02-04;372;86;6661;743;3.8;0.4
46;2021-02-05;226;179;6887;922;4.0;0.5
46;2021-02-06;9;0;6896;922;4.0;0.5
46;2021-02-07;43;0;6939;922;4.0;0.5
46;2021-02-08;197;156;7136;1078;4.1;0.6
46;2021-02-09;271;229;7407;1307;4.3;0.8
46;2021-02-10;279;545;7686;1852;4.4;1.1
46;2021-02-11;655;559;8341;2411;4.8;1.4
46;2021-02-12;321;341;8662;2752;5.0;1.6
46;2021-02-13;2;0;8664;2752;5.0;1.6
46;2021-02-14;0;62;8664;2814;5.0;1.6
46;2021-02-15;195;293;8859;3107;5.1;1.8
46;2021-02-16;217;282;9076;3389;5.2;2.0
46;2021-02-17;200;328;9276;3717;5.4;2.1
46;2021-02-18;336;267;9612;3984;5.6;2.3
46;2021-02-19;277;234;9889;4218;5.7;2.4
46;2021-02-20;0;0;9889;4218;5.7;2.4
46;2021-02-21;1;0;9890;4218;5.7;2.4
46;2021-02-22;132;193;10022;4411;5.8;2.5
46;2021-02-23;225;168;10247;4579;5.9;2.6
46;2021-02-24;179;324;10426;4903;6.0;2.8
46;2021-02-25;247;342;10673;5245;6.2;3.0
46;2021-02-26;401;346;11074;5591;6.4;3.2
46;2021-02-27;120;1;11194;5592;6.5;3.2
46;2021-02-28;0;3;11194;5595;6.5;3.2
46;2021-03-01;169;180;11363;5775;6.6;3.3
46;2021-03-02;406;233;11769;6008;6.8;3.5
46;2021-03-03;458;331;12227;6339;7.1;3.7
46;2021-03-04;607;455;12834;6794;7.4;3.9
46;2021-03-05;809;365;13643;7159;7.9;4.1
46;2021-03-06;476;17;14119;7176;8.2;4.1
46;2021-03-07;101;19;14220;7195;8.2;4.2
46;2021-03-08;348;249;14568;7444;8.4;4.3
46;2021-03-09;745;271;15313;7715;8.8;4.5
46;2021-03-10;686;248;15999;7963;9.2;4.6
46;2021-03-11;851;254;16850;8217;9.7;4.7
46;2021-03-12;927;228;17777;8445;10.3;4.9
46;2021-03-13;512;3;18289;8448;10.6;4.9
46;2021-03-14;0;0;18289;8448;10.6;4.9
46;2021-03-15;505;166;18794;8614;10.9;5.0
46;2021-03-16;752;175;19546;8789;11.3;5.1
46;2021-03-17;671;203;20217;8992;11.7;5.2
46;2021-03-18;747;216;20964;9208;12.1;5.3
46;2021-03-19;810;149;21774;9357;12.6;5.4
46;2021-03-20;292;3;22066;9360;12.7;5.4
46;2021-03-21;2;0;22068;9360;12.7;5.4
46;2021-03-22;555;241;22623;9601;13.1;5.5
46;2021-03-23;702;213;23325;9814;13.5;5.7
46;2021-03-24;674;240;23999;10054;13.9;5.8
46;2021-03-25;1133;183;25132;10237;14.5;5.9
46;2021-03-26;1025;341;26157;10578;15.1;6.1
46;2021-03-27;420;72;26577;10650;15.3;6.2
46;2021-03-28;127;1;26704;10651;15.4;6.2
46;2021-03-29;733;254;27437;10905;15.8;6.3
46;2021-03-30;767;365;28204;11270;16.3;6.5
46;2021-03-31;865;421;29069;11691;16.8;6.8
46;2021-04-01;1169;344;30238;12035;17.5;6.9
46;2021-04-02;924;394;31162;12429;18.0;7.2
46;2021-04-03;167;166;31329;12595;18.1;7.3
46;2021-04-04;0;71;31329;12666;18.1;7.3
46;2021-04-05;3;0;31332;12666;18.1;7.3
46;2021-04-06;545;519;31877;13185;18.4;7.6
46;2021-04-07;784;647;32661;13832;18.9;8.0
46;2021-04-08;962;541;33623;14373;19.4;8.3
46;2021-04-09;1018;505;34641;14878;20.0;8.6
46;2021-04-10;502;208;35143;15086;20.3;8.7
46;2021-04-11;232;1;35375;15087;20.4;8.7
46;2021-04-12;845;546;36220;15633;20.9;9.0
46;2021-04-13;1187;718;37407;16351;21.6;9.4
46;2021-04-14;1535;614;38942;16965;22.5;9.8
46;2021-04-15;1500;664;40442;17629;23.4;10.2
46;2021-04-16;1585;567;42027;18196;24.3;10.5
46;2021-04-17;993;134;43020;18330;24.8;10.6
46;2021-04-18;516;8;43536;18338;25.1;10.6
46;2021-04-19;1070;573;44606;18911;25.8;10.9
46;2021-04-20;1224;726;45830;19637;26.5;11.3
46;2021-04-21;1230;713;47060;20350;27.2;11.8
46;2021-04-22;1391;729;48451;21079;28.0;12.2
46;2021-04-23;1132;731;49583;21810;28.6;12.6
46;2021-04-24;472;19;50055;21829;28.9;12.6
46;2021-04-25;351;11;50406;21840;29.1;12.6
46;2021-04-26;851;731;51257;22571;29.6;13.0
46;2021-04-27;1221;665;52478;23236;30.3;13.4
46;2021-04-28;1289;668;53767;23904;31.0;13.8
46;2021-04-29;1416;525;55183;24429;31.9;14.1
46;2021-04-30;1438;565;56621;24994;32.7;14.4
46;2021-05-01;697;73;57318;25067;33.1;14.5
46;2021-05-02;346;4;57664;25071;33.3;14.5
46;2021-05-03;852;569;58516;25640;33.8;14.8
46;2021-05-04;1037;1061;59553;26701;34.4;15.4
46;2021-05-05;1375;787;60928;27488;35.2;15.9
46;2021-05-06;1377;742;62305;28230;36.0;16.3
46;2021-05-07;1397;792;63702;29022;36.8;16.8
46;2021-05-08;281;411;63983;29433;36.9;17.0
46;2021-05-09;23;225;64006;29658;37.0;17.1
46;2021-05-10;517;1140;64523;30798;37.3;17.8
46;2021-05-11;1034;1258;65557;32056;37.9;18.5
46;2021-05-12;994;1563;66551;33619;38.4;19.4
46;2021-05-13;600;144;67151;33763;38.8;19.5
46;2021-05-14;960;1097;68111;34860;39.3;20.1
46;2021-05-15;255;654;68366;35514;39.5;20.5
46;2021-05-16;78;297;68444;35811;39.5;20.7
46;2021-05-17;653;958;69097;36769;39.9;21.2
46;2021-05-18;1404;1023;70501;37792;40.7;21.8
46;2021-05-19;1306;904;71807;38696;41.5;22.3
46;2021-05-20;1453;813;73260;39509;42.3;22.8
46;2021-05-21;996;1159;74256;40668;42.9;23.5
46;2021-05-22;147;369;74403;41037;43.0;23.7
46;2021-05-23;450;25;74853;41062;43.2;23.7
46;2021-05-24;411;113;75264;41175;43.5;23.8
46;2021-05-25;961;1332;76225;42507;44.0;24.5
46;2021-05-26;1237;1150;77462;43657;44.7;25.2
46;2021-05-27;1432;1194;78894;44851;45.6;25.9
46;2021-05-28;1430;1211;80324;46062;46.4;26.6
46;2021-05-29;1052;399;81376;46461;47.0;26.8
46;2021-05-30;408;39;81784;46500;47.2;26.9
46;2021-05-31;970;976;82754;47476;47.8;27.4
46;2021-06-01;1277;998;84031;48474;48.5;28.0
46;2021-06-02;1317;1117;85348;49591;49.3;28.6
46;2021-06-03;1418;1011;86766;50602;50.1;29.2
46;2021-06-04;1333;977;88099;51579;50.9;29.8
46;2021-06-05;381;414;88480;51993;51.1;30.0
46;2021-06-06;207;95;88687;52088;51.2;30.1
46;2021-06-07;814;617;89501;52705;51.7;30.4
46;2021-06-08;1020;896;90521;53601;52.3;31.0
46;2021-06-09;1504;974;92025;54575;53.1;31.5
46;2021-06-10;982;852;93007;55427;53.7;32.0
46;2021-06-11;970;1322;93977;56749;54.3;32.8
46;2021-06-12;459;549;94436;57298;54.5;33.1
46;2021-06-13;27;86;94463;57384;54.6;33.1
46;2021-06-14;593;1137;95056;58521;54.9;33.8
46;2021-06-15;751;1248;95807;59769;55.3;34.5
46;2021-06-16;999;1113;96806;60882;55.9;35.2
46;2021-06-17;527;896;97333;61778;56.2;35.7
46;2021-06-18;658;1255;97991;63033;56.6;36.4
46;2021-06-19;457;313;98448;63346;56.9;36.6
46;2021-06-20;39;161;98487;63507;56.9;36.7
46;2021-06-21;428;945;98915;64452;57.1;37.2
46;2021-06-22;350;1178;99265;65630;57.3;37.9
46;2021-06-23;520;1075;99785;66705;57.6;38.5
46;2021-06-24;251;821;100036;67526;57.8;39.0
46;2021-06-25;491;1117;100527;68643;58.1;39.6
46;2021-06-26;397;552;100924;69195;58.3;40.0
46;2021-06-27;3;4;100927;69199;58.3;40.0
46;2021-06-28;313;1338;101240;70537;58.5;40.7
46;2021-06-29;378;1682;101618;72219;58.7;41.7
46;2021-06-30;512;1578;102130;73797;59.0;42.6
46;2021-07-01;308;1153;102438;74950;59.2;43.3
46;2021-07-02;468;1085;102906;76035;59.4;43.9
46;2021-07-03;124;455;103030;76490;59.5;44.2
46;2021-07-04;58;127;103088;76617;59.5;44.2
46;2021-07-05;346;1188;103434;77805;59.7;44.9
46;2021-07-06;369;1458;103803;79263;59.9;45.8
46;2021-07-07;582;1720;104385;80983;60.3;46.8
46;2021-07-08;339;1165;104724;82148;60.5;47.4
46;2021-07-09;396;1707;105120;83855;60.7;48.4
46;2021-07-10;286;1040;105406;84895;60.9;49.0
46;2021-07-11;15;375;105421;85270;60.9;49.2
46;2021-07-12;248;1261;105669;86531;61.0;50.0
46;2021-07-13;626;1673;106295;88204;61.4;50.9
46;2021-07-14;67;144;106362;88348;61.4;51.0
46;2021-07-15;914;1467;107276;89815;61.9;51.9
46;2021-07-16;767;1397;108043;91212;62.4;52.7
46;2021-07-17;363;539;108406;91751;62.6;53.0
46;2021-07-18;2;0;108408;91751;62.6;53.0
46;2021-07-19;672;1186;109080;92937;63.0;53.7
46;2021-07-20;981;1430;110061;94367;63.6;54.5
46;2021-07-21;1004;1382;111065;95749;64.1;55.3
46;2021-07-22;1401;1116;112466;96865;64.9;55.9
46;2021-07-23;766;1323;113232;98188;65.4;56.7
46;2021-07-24;954;665;114186;98853;65.9;57.1
46;2021-07-25;135;17;114321;98870;66.0;57.1
46;2021-07-26;881;879;115202;99749;66.5;57.6
46;2021-07-27;1217;979;116419;100728;67.2;58.2
46;2021-07-28;1280;1110;117699;101838;68.0;58.8
46;2021-07-29;1560;850;119259;102688;68.9;59.3
46;2021-07-30;1900;953;121159;103641;70.0;59.9
46;2021-07-31;944;654;122103;104295;70.5;60.2
46;2021-08-01;11;3;122114;104298;70.5;60.2
46;2021-08-02;970;584;123084;104882;71.1;60.6
46;2021-08-03;1347;678;124431;105560;71.9;61.0
46;2021-08-04;1735;606;126166;106166;72.9;61.3
46;2021-08-05;1376;844;127542;107010;73.7;61.8
46;2021-08-06;1398;846;128940;107856;74.5;62.3
46;2021-08-07;704;542;129644;108398;74.9;62.6
46;2021-08-08;94;66;129738;108464;74.9;62.6
46;2021-08-09;1015;694;130753;109158;75.5;63.0
46;2021-08-10;1190;891;131943;110049;76.2;63.6
46;2021-08-11;1240;1069;133183;111118;76.9;64.2
46;2021-08-12;988;798;134171;111916;77.5;64.6
46;2021-08-13;939;998;135110;112914;78.0;65.2
46;2021-08-14;584;776;135694;113690;78.4;65.7
46;2021-08-15;8;27;135702;113717;78.4;65.7
46;2021-08-16;791;803;136493;114520;78.8;66.1
46;2021-08-17;880;1287;137373;115807;79.3;66.9
46;2021-08-18;770;1049;138143;116856;79.8;67.5
46;2021-08-19;665;1359;138808;118215;80.2;68.3
46;2021-08-20;519;1552;139327;119767;80.5;69.2
46;2021-08-21;374;648;139701;120415;80.7;69.5
46;2021-08-22;2;31;139703;120446;80.7;69.6
46;2021-08-23;410;1204;140113;121650;80.9;70.3
47;2020-12-27;0;0;0;0;0.0;0.0
47;2020-12-28;0;0;0;0;0.0;0.0
47;2020-12-29;0;0;0;0;0.0;0.0
47;2020-12-30;0;0;0;0;0.0;0.0
47;2020-12-31;0;0;0;0;0.0;0.0
47;2021-01-01;4;0;4;0;0.0;0.0
47;2021-01-02;0;0;4;0;0.0;0.0
47;2021-01-03;0;0;4;0;0.0;0.0
47;2021-01-04;0;0;4;0;0.0;0.0
47;2021-01-05;0;0;4;0;0.0;0.0
47;2021-01-06;0;0;4;0;0.0;0.0
47;2021-01-07;71;1;75;1;0.0;0.0
47;2021-01-08;314;0;389;1;0.1;0.0
47;2021-01-09;113;0;502;1;0.2;0.0
47;2021-01-10;0;0;502;1;0.2;0.0
47;2021-01-11;249;0;751;1;0.2;0.0
47;2021-01-12;327;0;1078;1;0.3;0.0
47;2021-01-13;349;0;1427;1;0.4;0.0
47;2021-01-14;364;4;1791;5;0.5;0.0
47;2021-01-15;287;1;2078;6;0.6;0.0
47;2021-01-16;176;4;2254;10;0.7;0.0
47;2021-01-17;0;0;2254;10;0.7;0.0
47;2021-01-18;485;1;2739;11;0.8;0.0
47;2021-01-19;469;2;3208;13;1.0;0.0
47;2021-01-20;514;0;3722;13;1.1;0.0
47;2021-01-21;585;0;4307;13;1.3;0.0
47;2021-01-22;470;0;4777;13;1.4;0.0
47;2021-01-23;390;1;5167;14;1.6;0.0
47;2021-01-24;0;0;5167;14;1.6;0.0
47;2021-01-25;426;0;5593;14;1.7;0.0
47;2021-01-26;789;4;6382;18;1.9;0.0
47;2021-01-27;732;0;7114;18;2.2;0.0
47;2021-01-28;575;66;7689;84;2.3;0.0
47;2021-01-29;461;170;8150;254;2.5;0.1
47;2021-01-30;301;39;8451;293;2.6;0.1
47;2021-01-31;0;0;8451;293;2.6;0.1
47;2021-02-01;374;116;8825;409;2.7;0.1
47;2021-02-02;759;319;9584;728;2.9;0.2
47;2021-02-03;425;163;10009;891;3.0;0.3
47;2021-02-04;370;317;10379;1208;3.1;0.4
47;2021-02-05;300;311;10679;1519;3.2;0.5
47;2021-02-06;296;99;10975;1618;3.3;0.5
47;2021-02-07;0;0;10975;1618;3.3;0.5
47;2021-02-08;184;285;11159;1903;3.4;0.6
47;2021-02-09;231;259;11390;2162;3.4;0.7
47;2021-02-10;254;247;11644;2409;3.5;0.7
47;2021-02-11;356;379;12000;2788;3.6;0.8
47;2021-02-12;243;413;12243;3201;3.7;1.0
47;2021-02-13;226;111;12469;3312;3.8;1.0
47;2021-02-14;0;0;12469;3312;3.8;1.0
47;2021-02-15;194;384;12663;3696;3.8;1.1
47;2021-02-16;303;588;12966;4284;3.9;1.3
47;2021-02-17;325;456;13291;4740;4.0;1.4
47;2021-02-18;200;600;13491;5340;4.1;1.6
47;2021-02-19;194;365;13685;5705;4.1;1.7
47;2021-02-20;117;269;13802;5974;4.2;1.8
47;2021-02-21;0;0;13802;5974;4.2;1.8
47;2021-02-22;75;407;13877;6381;4.2;1.9
47;2021-02-23;151;648;14028;7029;4.2;2.1
47;2021-02-24;261;561;14289;7590;4.3;2.3
47;2021-02-25;304;412;14593;8002;4.4;2.4
47;2021-02-26;468;321;15061;8323;4.6;2.5
47;2021-02-27;324;213;15385;8536;4.7;2.6
47;2021-02-28;0;0;15385;8536;4.7;2.6
47;2021-03-01;124;397;15509;8933;4.7;2.7
47;2021-03-02;200;366;15709;9299;4.8;2.8
47;2021-03-03;244;350;15953;9649;4.8;2.9
47;2021-03-04;591;332;16544;9981;5.0;3.0
47;2021-03-05;844;288;17388;10269;5.3;3.1
47;2021-03-06;507;193;17895;10462;5.4;3.2
47;2021-03-07;331;6;18226;10468;5.5;3.2
47;2021-03-08;458;227;18684;10695;5.7;3.2
47;2021-03-09;508;492;19192;11187;5.8;3.4
47;2021-03-10;666;300;19858;11487;6.0;3.5
47;2021-03-11;938;380;20796;11867;6.3;3.6
47;2021-03-12;1370;297;22166;12164;6.7;3.7
47;2021-03-13;950;109;23116;12273;7.0;3.7
47;2021-03-14;51;0;23167;12273;7.0;3.7
47;2021-03-15;592;162;23759;12435;7.2;3.8
47;2021-03-16;750;177;24509;12612;7.4;3.8
47;2021-03-17;860;209;25369;12821;7.7;3.9
47;2021-03-18;917;178;26286;12999;8.0;3.9
47;2021-03-19;1271;127;27557;13126;8.3;4.0
47;2021-03-20;1087;58;28644;13184;8.7;4.0
47;2021-03-21;344;1;28988;13185;8.8;4.0
47;2021-03-22;1012;95;30000;13280;9.1;4.0
47;2021-03-23;1146;148;31146;13428;9.4;4.1
47;2021-03-24;1212;131;32358;13559;9.8;4.1
47;2021-03-25;1566;150;33924;13709;10.3;4.2
47;2021-03-26;1882;199;35806;13908;10.8;4.2
47;2021-03-27;980;129;36786;14037;11.1;4.2
47;2021-03-28;699;4;37485;14041;11.3;4.3
47;2021-03-29;1512;80;38997;14121;11.8;4.3
47;2021-03-30;1643;127;40640;14248;12.3;4.3
47;2021-03-31;1605;152;42245;14400;12.8;4.4
47;2021-04-01;1682;267;43927;14667;13.3;4.4
47;2021-04-02;1934;457;45861;15124;13.9;4.6
47;2021-04-03;1202;180;47063;15304;14.2;4.6
47;2021-04-04;475;13;47538;15317;14.4;4.6
47;2021-04-05;1296;58;48834;15375;14.8;4.7
47;2021-04-06;1386;387;50220;15762;15.2;4.8
47;2021-04-07;1694;593;51914;16355;15.7;5.0
47;2021-04-08;1834;478;53748;16833;16.3;5.1
47;2021-04-09;2083;544;55831;17377;16.9;5.3
47;2021-04-10;1564;326;57395;17703;17.4;5.4
47;2021-04-11;530;9;57925;17712;17.5;5.4
47;2021-04-12;1437;610;59362;18322;18.0;5.5
47;2021-04-13;1817;765;61179;19087;18.5;5.8
47;2021-04-14;1749;720;62928;19807;19.0;6.0
47;2021-04-15;2012;846;64940;20653;19.7;6.3
47;2021-04-16;1767;893;66707;21546;20.2;6.5
47;2021-04-17;1472;970;68179;22516;20.6;6.8
47;2021-04-18;23;0;68202;22516;20.6;6.8
47;2021-04-19;1332;931;69534;23447;21.0;7.1
47;2021-04-20;1626;906;71160;24353;21.5;7.4
47;2021-04-21;1626;772;72786;25125;22.0;7.6
47;2021-04-22;1872;1060;74658;26185;22.6;7.9
47;2021-04-23;1726;1072;76384;27257;23.1;8.3
47;2021-04-24;1549;803;77933;28060;23.6;8.5
47;2021-04-25;242;345;78175;28405;23.7;8.6
47;2021-04-26;1488;1363;79663;29768;24.1;9.0
47;2021-04-27;1922;1473;81585;31241;24.7;9.5
47;2021-04-28;2090;1590;83675;32831;25.3;9.9
47;2021-04-29;2533;1513;86208;34344;26.1;10.4
47;2021-04-30;2044;1780;88252;36124;26.7;10.9
47;2021-05-01;2262;983;90514;37107;27.4;11.2
47;2021-05-02;21;357;90535;37464;27.4;11.3
47;2021-05-03;1596;1418;92131;38882;27.9;11.8
47;2021-05-04;1647;1729;93778;40611;28.4;12.3
47;2021-05-05;1927;1642;95705;42253;29.0;12.8
47;2021-05-06;2106;1509;97811;43762;29.6;13.2
47;2021-05-07;2001;1623;99812;45385;30.2;13.7
47;2021-05-08;2097;463;101909;45848;30.9;13.9
47;2021-05-09;24;359;101933;46207;30.9;14.0
47;2021-05-10;1202;1670;103135;47877;31.2;14.5
47;2021-05-11;2174;1993;105309;49870;31.9;15.1
47;2021-05-12;2626;1452;107935;51322;32.7;15.5
47;2021-05-13;2381;658;110316;51980;33.4;15.7
47;2021-05-14;2062;859;112378;52839;34.0;16.0
47;2021-05-15;1935;862;114313;53701;34.6;16.3
47;2021-05-16;367;9;114680;53710;34.7;16.3
47;2021-05-17;1885;1123;116565;54833;35.3;16.6
47;2021-05-18;2358;1140;118923;55973;36.0;16.9
47;2021-05-19;2344;760;121267;56733;36.7;17.2
47;2021-05-20;2588;968;123855;57701;37.5;17.5
47;2021-05-21;1538;1135;125393;58836;38.0;17.8
47;2021-05-22;2368;837;127761;59673;38.7;18.1
47;2021-05-23;25;185;127786;59858;38.7;18.1
47;2021-05-24;1549;236;129335;60094;39.2;18.2
47;2021-05-25;1484;1319;130819;61413;39.6;18.6
47;2021-05-26;1599;1088;132418;62501;40.1;18.9
47;2021-05-27;1944;1268;134362;63769;40.7;19.3
47;2021-05-28;1457;1536;135819;65305;41.1;19.8
47;2021-05-29;1153;1127;136972;66432;41.5;20.1
47;2021-05-30;12;45;136984;66477;41.5;20.1
47;2021-05-31;1868;1422;138852;67899;42.0;20.6
47;2021-06-01;1922;1341;140774;69240;42.6;21.0
47;2021-06-02;2101;1333;142875;70573;43.3;21.4
47;2021-06-03;2486;1612;145361;72185;44.0;21.9
47;2021-06-04;1966;2114;147327;74299;44.6;22.5
47;2021-06-05;1638;1475;148965;75774;45.1;22.9
47;2021-06-06;212;70;149177;75844;45.2;23.0
47;2021-06-07;1663;2244;150840;78088;45.7;23.6
47;2021-06-08;1630;1905;152470;79993;46.2;24.2
47;2021-06-09;1823;2127;154293;82120;46.7;24.9
47;2021-06-10;2375;1617;156668;83737;47.4;25.3
47;2021-06-11;1829;2101;158497;85838;48.0;26.0
47;2021-06-12;1352;2103;159849;87941;48.4;26.6
47;2021-06-13;4;10;159853;87951;48.4;26.6
47;2021-06-14;1281;2447;161134;90398;48.8;27.4
47;2021-06-15;1465;2034;162599;92432;49.2;28.0
47;2021-06-16;1207;2188;163806;94620;49.6;28.6
47;2021-06-17;1657;1524;165463;96144;50.1;29.1
47;2021-06-18;1439;2496;166902;98640;50.5;29.9
47;2021-06-19;1541;2456;168443;101096;51.0;30.6
47;2021-06-20;4;33;168447;101129;51.0;30.6
47;2021-06-21;1136;2514;169583;103643;51.3;31.4
47;2021-06-22;758;2504;170341;106147;51.6;32.1
47;2021-06-23;998;2015;171339;108162;51.9;32.7
47;2021-06-24;1212;1936;172551;110098;52.2;33.3
47;2021-06-25;1005;2609;173556;112707;52.5;34.1
47;2021-06-26;988;2789;174544;115496;52.8;35.0
47;2021-06-27;16;349;174560;115845;52.8;35.1
47;2021-06-28;875;2406;175435;118251;53.1;35.8
47;2021-06-29;798;2318;176233;120569;53.3;36.5
47;2021-06-30;730;2307;176963;122876;53.6;37.2
47;2021-07-01;920;2107;177883;124983;53.8;37.8
47;2021-07-02;885;2276;178768;127259;54.1;38.5
47;2021-07-03;728;3042;179496;130301;54.3;39.4
47;2021-07-04;34;12;179530;130313;54.3;39.4
47;2021-07-05;980;2146;180510;132459;54.6;40.1
47;2021-07-06;1007;1957;181517;134416;54.9;40.7
47;2021-07-07;1300;2063;182817;136479;55.3;41.3
47;2021-07-08;1144;2195;183961;138674;55.7;42.0
47;2021-07-09;1050;2407;185011;141081;56.0;42.7
47;2021-07-10;953;2131;185964;143212;56.3;43.4
47;2021-07-11;1;6;185965;143218;56.3;43.4
47;2021-07-12;558;2581;186523;145799;56.5;44.1
47;2021-07-13;1095;2590;187618;148389;56.8;44.9
47;2021-07-14;1166;1578;188784;149967;57.1;45.4
47;2021-07-15;1717;3138;190501;153105;57.7;46.3
47;2021-07-16;1721;2680;192222;155785;58.2;47.2
47;2021-07-17;1200;2458;193422;158243;58.6;47.9
47;2021-07-18;36;188;193458;158431;58.6;48.0
47;2021-07-19;1115;2562;194573;160993;58.9;48.7
47;2021-07-20;1638;2341;196211;163334;59.4;49.4
47;2021-07-21;2190;2239;198401;165573;60.1;50.1
47;2021-07-22;2156;2298;200557;167871;60.7;50.8
47;2021-07-23;2114;2251;202671;170122;61.4;51.5
47;2021-07-24;1112;1912;203783;172034;61.7;52.1
47;2021-07-25;20;1;203803;172035;61.7;52.1
47;2021-07-26;1231;1941;205034;173976;62.1;52.7
47;2021-07-27;2111;1633;207145;175609;62.7;53.2
47;2021-07-28;1878;1599;209023;177208;63.3;53.6
47;2021-07-29;2318;1601;211341;178809;64.0;54.1
47;2021-07-30;1861;1622;213202;180431;64.5;54.6
47;2021-07-31;1480;1669;214682;182100;65.0;55.1
47;2021-08-01;17;8;214699;182108;65.0;55.1
47;2021-08-02;2025;1220;216724;183328;65.6;55.5
47;2021-08-03;2143;1104;218867;184432;66.3;55.8
47;2021-08-04;2167;1521;221034;185953;66.9;56.3
47;2021-08-05;2396;1442;223430;187395;67.6;56.7
47;2021-08-06;1997;1838;225427;189233;68.2;57.3
47;2021-08-07;1600;1415;227027;190648;68.7;57.7
47;2021-08-08;24;22;227051;190670;68.7;57.7
47;2021-08-09;1870;1209;228921;191879;69.3;58.1
47;2021-08-10;1905;1295;230826;193174;69.9;58.5
47;2021-08-11;1796;1400;232622;194574;70.4;58.9
47;2021-08-12;2043;1341;234665;195915;71.0;59.3
47;2021-08-13;1414;1661;236079;197576;71.5;59.8
47;2021-08-14;1340;1442;237419;199018;71.9;60.2
47;2021-08-15;10;18;237429;199036;71.9;60.3
47;2021-08-16;1434;1450;238863;200486;72.3;60.7
47;2021-08-17;1119;1693;239982;202179;72.6;61.2
47;2021-08-18;1169;1709;241151;203888;73.0;61.7
47;2021-08-19;1034;1810;242185;205698;73.3;62.3
47;2021-08-20;961;1703;243146;207401;73.6;62.8
47;2021-08-21;818;1274;243964;208675;73.9;63.2
47;2021-08-22;7;23;243971;208698;73.9;63.2
47;2021-08-23;606;1823;244577;210521;74.0;63.7
48;2020-12-27;0;0;0;0;0.0;0.0
48;2020-12-28;0;0;0;0;0.0;0.0
48;2020-12-29;0;0;0;0;0.0;0.0
48;2020-12-30;0;0;0;0;0.0;0.0
48;2020-12-31;0;0;0;0;0.0;0.0
48;2021-01-01;0;0;0;0;0.0;0.0
48;2021-01-02;0;0;0;0;0.0;0.0
48;2021-01-03;0;0;0;0;0.0;0.0
48;2021-01-04;0;0;0;0;0.0;0.0
48;2021-01-05;0;0;0;0;0.0;0.0
48;2021-01-06;0;0;0;0;0.0;0.0
48;2021-01-07;56;0;56;0;0.1;0.0
48;2021-01-08;87;0;143;0;0.2;0.0
48;2021-01-09;1;0;144;0;0.2;0.0
48;2021-01-10;0;0;144;0;0.2;0.0
48;2021-01-11;13;0;157;0;0.2;0.0
48;2021-01-12;19;1;176;1;0.2;0.0
48;2021-01-13;104;0;280;1;0.4;0.0
48;2021-01-14;90;1;370;2;0.5;0.0
48;2021-01-15;63;0;433;2;0.6;0.0
48;2021-01-16;0;0;433;2;0.6;0.0
48;2021-01-17;0;0;433;2;0.6;0.0
48;2021-01-18;117;0;550;2;0.7;0.0
48;2021-01-19;345;0;895;2;1.2;0.0
48;2021-01-20;364;0;1259;2;1.7;0.0
48;2021-01-21;465;0;1724;2;2.3;0.0
48;2021-01-22;269;0;1993;2;2.6;0.0
48;2021-01-23;36;0;2029;2;2.7;0.0
48;2021-01-24;0;0;2029;2;2.7;0.0
48;2021-01-25;109;2;2138;4;2.8;0.0
48;2021-01-26;261;0;2399;4;3.1;0.0
48;2021-01-27;257;2;2656;6;3.5;0.0
48;2021-01-28;270;10;2926;16;3.8;0.0
48;2021-01-29;175;60;3101;76;4.1;0.1
48;2021-01-30;1;7;3102;83;4.1;0.1
48;2021-01-31;0;6;3102;89;4.1;0.1
48;2021-02-01;98;47;3200;136;4.2;0.2
48;2021-02-02;191;36;3391;172;4.4;0.2
48;2021-02-03;177;82;3568;254;4.7;0.3
48;2021-02-04;234;14;3802;268;5.0;0.4
48;2021-02-05;144;36;3946;304;5.2;0.4
48;2021-02-06;34;1;3980;305;5.2;0.4
48;2021-02-07;0;0;3980;305;5.2;0.4
48;2021-02-08;50;61;4030;366;5.3;0.5
48;2021-02-09;66;167;4096;533;5.4;0.7
48;2021-02-10;65;303;4161;836;5.5;1.1
48;2021-02-11;165;407;4326;1243;5.7;1.6
48;2021-02-12;120;155;4446;1398;5.8;1.8
48;2021-02-13;8;55;4454;1453;5.8;1.9
48;2021-02-14;0;0;4454;1453;5.8;1.9
48;2021-02-15;51;106;4505;1559;5.9;2.0
48;2021-02-16;43;173;4548;1732;6.0;2.3
48;2021-02-17;35;284;4583;2016;6.0;2.6
48;2021-02-18;252;107;4835;2123;6.3;2.8
48;2021-02-19;60;183;4895;2306;6.4;3.0
48;2021-02-20;0;1;4895;2307;6.4;3.0
48;2021-02-21;0;14;4895;2321;6.4;3.0
48;2021-02-22;24;129;4919;2450;6.4;3.2
48;2021-02-23;74;222;4993;2672;6.5;3.5
48;2021-02-24;68;265;5061;2937;6.6;3.8
48;2021-02-25;148;263;5209;3200;6.8;4.2
48;2021-02-26;51;229;5260;3429;6.9;4.5
48;2021-02-27;28;1;5288;3430;6.9;4.5
48;2021-02-28;3;14;5291;3444;6.9;4.5
48;2021-03-01;102;96;5393;3540;7.1;4.6
48;2021-03-02;199;88;5592;3628;7.3;4.8
48;2021-03-03;155;110;5747;3738;7.5;4.9
48;2021-03-04;194;183;5941;3921;7.8;5.1
48;2021-03-05;136;141;6077;4062;8.0;5.3
48;2021-03-06;180;53;6257;4115;8.2;5.4
48;2021-03-07;75;2;6332;4117;8.3;5.4
48;2021-03-08;352;122;6684;4239;8.8;5.6
48;2021-03-09;377;87;7061;4326;9.3;5.7
48;2021-03-10;263;61;7324;4387;9.6;5.8
48;2021-03-11;334;90;7658;4477;10.0;5.9
48;2021-03-12;255;154;7913;4631;10.4;6.1
48;2021-03-13;301;5;8214;4636;10.8;6.1
48;2021-03-14;8;0;8222;4636;10.8;6.1
48;2021-03-15;174;63;8396;4699;11.0;6.2
48;2021-03-16;166;66;8562;4765;11.2;6.2
48;2021-03-17;156;110;8718;4875;11.4;6.4
48;2021-03-18;190;104;8908;4979;11.7;6.5
48;2021-03-19;116;96;9024;5075;11.8;6.7
48;2021-03-20;101;0;9125;5075;12.0;6.7
48;2021-03-21;0;0;9125;5075;12.0;6.7
48;2021-03-22;160;22;9285;5097;12.2;6.7
48;2021-03-23;329;103;9614;5200;12.6;6.8
48;2021-03-24;284;100;9898;5300;13.0;6.9
48;2021-03-25;757;119;10655;5419;14.0;7.1
48;2021-03-26;269;60;10924;5479;14.3;7.2
48;2021-03-27;104;1;11028;5480;14.5;7.2
48;2021-03-28;80;20;11108;5500;14.6;7.2
48;2021-03-29;304;80;11412;5580;15.0;7.3
48;2021-03-30;363;130;11775;5710;15.4;7.5
48;2021-03-31;448;86;12223;5796;16.0;7.6
48;2021-04-01;729;72;12952;5868;17.0;7.7
48;2021-04-02;487;131;13439;5999;17.6;7.9
48;2021-04-03;140;83;13579;6082;17.8;8.0
48;2021-04-04;0;0;13579;6082;17.8;8.0
48;2021-04-05;43;1;13622;6083;17.9;8.0
48;2021-04-06;465;160;14087;6243;18.5;8.2
48;2021-04-07;465;140;14552;6383;19.1;8.4
48;2021-04-08;620;187;15172;6570;19.9;8.6
48;2021-04-09;446;120;15618;6690;20.5;8.8
48;2021-04-10;95;60;15713;6750;20.6;8.8
48;2021-04-11;2;0;15715;6750;20.6;8.8
48;2021-04-12;364;71;16079;6821;21.1;8.9
48;2021-04-13;361;92;16440;6913;21.6;9.1
48;2021-04-14;624;186;17064;7099;22.4;9.3
48;2021-04-15;700;357;17764;7456;23.3;9.8
48;2021-04-16;538;226;18302;7682;24.0;10.1
48;2021-04-17;89;71;18391;7753;24.1;10.2
48;2021-04-18;0;0;18391;7753;24.1;10.2
48;2021-04-19;197;106;18588;7859;24.4;10.3
48;2021-04-20;216;181;18804;8040;24.6;10.5
48;2021-04-21;284;208;19088;8248;25.0;10.8
48;2021-04-22;307;480;19395;8728;25.4;11.4
48;2021-04-23;255;241;19650;8969;25.8;11.8
48;2021-04-24;97;94;19747;9063;25.9;11.9
48;2021-04-25;1;9;19748;9072;25.9;11.9
48;2021-04-26;87;210;19835;9282;26.0;12.2
48;2021-04-27;172;292;20007;9574;26.2;12.6
48;2021-04-28;149;414;20156;9988;26.4;13.1
48;2021-04-29;204;490;20360;10478;26.7;13.7
48;2021-04-30;172;226;20532;10704;26.9;14.0
48;2021-05-01;0;0;20532;10704;26.9;14.0
48;2021-05-02;0;0;20532;10704;26.9;14.0
48;2021-05-03;106;386;20638;11090;27.1;14.5
48;2021-05-04;227;421;20865;11511;27.4;15.1
48;2021-05-05;84;485;20949;11996;27.5;15.7
48;2021-05-06;774;640;21723;12636;28.5;16.6
48;2021-05-07;96;504;21819;13140;28.6;17.2
48;2021-05-08;309;43;22128;13183;29.0;17.3
48;2021-05-09;285;9;22413;13192;29.4;17.3
48;2021-05-10;55;325;22468;13517;29.5;17.7
48;2021-05-11;221;292;22689;13809;29.7;18.1
48;2021-05-12;249;312;22938;14121;30.1;18.5
48;2021-05-13;472;157;23410;14278;30.7;18.7
48;2021-05-14;244;222;23654;14500;31.0;19.0
48;2021-05-15;84;47;23738;14547;31.1;19.1
48;2021-05-16;1;8;23739;14555;31.1;19.1
48;2021-05-17;474;267;24213;14822;31.7;19.4
48;2021-05-18;264;229;24477;15051;32.1;19.7
48;2021-05-19;207;278;24684;15329;32.4;20.1
48;2021-05-20;319;256;25003;15585;32.8;20.4
48;2021-05-21;172;267;25175;15852;33.0;20.8
48;2021-05-22;25;50;25200;15902;33.0;20.8
48;2021-05-23;0;6;25200;15908;33.0;20.9
48;2021-05-24;0;14;25200;15922;33.0;20.9
48;2021-05-25;180;266;25380;16188;33.3;21.2
48;2021-05-26;416;298;25796;16486;33.8;21.6
48;2021-05-27;1178;378;26974;16864;35.4;22.1
48;2021-05-28;316;350;27290;17214;35.8;22.6
48;2021-05-29;79;50;27369;17264;35.9;22.6
48;2021-05-30;0;1;27369;17265;35.9;22.6
48;2021-05-31;625;263;27994;17528;36.7;23.0
48;2021-06-01;272;305;28266;17833;37.1;23.4
48;2021-06-02;407;424;28673;18257;37.6;23.9
48;2021-06-03;629;431;29302;18688;38.4;24.5
48;2021-06-04;291;282;29593;18970;38.8;24.9
48;2021-06-05;121;77;29714;19047;39.0;25.0
48;2021-06-06;1;1;29715;19048;39.0;25.0
48;2021-06-07;440;161;30155;19209;39.5;25.2
48;2021-06-08;614;307;30769;19516;40.3;25.6
48;2021-06-09;379;189;31148;19705;40.8;25.8
48;2021-06-10;1002;240;32150;19945;42.1;26.1
48;2021-06-11;372;160;32522;20105;42.6;26.4
48;2021-06-12;74;56;32596;20161;42.7;26.4
48;2021-06-13;0;2;32596;20163;42.7;26.4
48;2021-06-14;124;115;32720;20278;42.9;26.6
48;2021-06-15;407;385;33127;20663;43.4;27.1
48;2021-06-16;260;144;33387;20807;43.8;27.3
48;2021-06-17;486;575;33873;21382;44.4;28.0
48;2021-06-18;254;314;34127;21696;44.7;28.4
48;2021-06-19;35;291;34162;21987;44.8;28.8
48;2021-06-20;123;224;34285;22211;44.9;29.1
48;2021-06-21;124;132;34409;22343;45.1;29.3
48;2021-06-22;258;334;34667;22677;45.4;29.7
48;2021-06-23;111;546;34778;23223;45.6;30.4
48;2021-06-24;364;608;35142;23831;46.1;31.2
48;2021-06-25;154;276;35296;24107;46.3;31.6
48;2021-06-26;15;45;35311;24152;46.3;31.7
48;2021-06-27;1;1;35312;24153;46.3;31.7
48;2021-06-28;81;178;35393;24331;46.4;31.9
48;2021-06-29;297;413;35690;24744;46.8;32.4
48;2021-06-30;97;465;35787;25209;46.9;33.0
48;2021-07-01;194;666;35981;25875;47.2;33.9
48;2021-07-02;148;369;36129;26244;47.4;34.4
48;2021-07-03;41;89;36170;26333;47.4;34.5
48;2021-07-04;7;0;36177;26333;47.4;34.5
48;2021-07-05;40;116;36217;26449;47.5;34.7
48;2021-07-06;277;597;36494;27046;47.8;35.5
48;2021-07-07;201;486;36695;27532;48.1;36.1
48;2021-07-08;224;1191;36919;28723;48.4;37.7
48;2021-07-09;156;552;37075;29275;48.6;38.4
48;2021-07-10;95;148;37170;29423;48.7;38.6
48;2021-07-11;0;4;37170;29427;48.7;38.6
48;2021-07-12;140;673;37310;30100;48.9;39.5
48;2021-07-13;212;431;37522;30531;49.2;40.0
48;2021-07-14;178;144;37700;30675;49.4;40.2
48;2021-07-15;187;458;37887;31133;49.7;40.8
48;2021-07-16;234;315;38121;31448;50.0;41.2
48;2021-07-17;129;118;38250;31566;50.1;41.4
48;2021-07-18;4;5;38254;31571;50.1;41.4
48;2021-07-19;105;305;38359;31876;50.3;41.8
48;2021-07-20;659;992;39018;32868;51.1;43.1
48;2021-07-21;68;371;39086;33239;51.2;43.6
48;2021-07-22;779;1124;39865;34363;52.3;45.0
48;2021-07-23;364;437;40229;34800;52.7;45.6
48;2021-07-24;506;170;40735;34970;53.4;45.8
48;2021-07-25;137;46;40872;35016;53.6;45.9
48;2021-07-26;100;198;40972;35214;53.7;46.2
48;2021-07-27;1194;643;42166;35857;55.3;47.0
48;2021-07-28;176;316;42342;36173;55.5;47.4
48;2021-07-29;709;640;43051;36813;56.4;48.3
48;2021-07-30;199;293;43250;37106;56.7;48.6
48;2021-07-31;337;180;43587;37286;57.1;48.9
48;2021-08-01;18;55;43605;37341;57.2;48.9
48;2021-08-02;227;162;43832;37503;57.5;49.2
48;2021-08-03;894;567;44726;38070;58.6;49.9
48;2021-08-04;325;219;45051;38289;59.1;50.2
48;2021-08-05;673;467;45724;38756;59.9;50.8
48;2021-08-06;435;273;46159;39029;60.5;51.2
48;2021-08-07;249;124;46408;39153;60.8;51.3
48;2021-08-08;1;5;46409;39158;60.8;51.3
48;2021-08-09;170;140;46579;39298;61.1;51.5
48;2021-08-10;722;553;47301;39851;62.0;52.2
48;2021-08-11;296;237;47597;40088;62.4;52.5
48;2021-08-12;417;409;48014;40497;62.9;53.1
48;2021-08-13;218;209;48232;40706;63.2;53.4
48;2021-08-14;134;163;48366;40869;63.4;53.6
48;2021-08-15;131;81;48497;40950;63.6;53.7
48;2021-08-16;121;191;48618;41141;63.7;53.9
48;2021-08-17;369;1188;48987;42329;64.2;55.5
48;2021-08-18;209;200;49196;42529;64.5;55.7
48;2021-08-19;240;322;49436;42851;64.8;56.2
48;2021-08-20;213;284;49649;43135;65.1;56.5
48;2021-08-21;85;233;49734;43368;65.2;56.8
48;2021-08-22;0;0;49734;43368;65.2;56.8
48;2021-08-23;63;150;49797;43518;65.3;57.0
49;2020-12-27;0;0;0;0;0.0;0.0
49;2020-12-28;2;0;2;0;0.0;0.0
49;2020-12-29;0;0;2;0;0.0;0.0
49;2020-12-30;0;0;2;0;0.0;0.0
49;2020-12-31;0;0;2;0;0.0;0.0
49;2021-01-01;2;0;4;0;0.0;0.0
49;2021-01-02;1;1;5;1;0.0;0.0
49;2021-01-03;0;0;5;1;0.0;0.0
49;2021-01-04;10;0;15;1;0.0;0.0
49;2021-01-05;92;0;107;1;0.0;0.0
49;2021-01-06;232;0;339;1;0.0;0.0
49;2021-01-07;366;0;705;1;0.1;0.0
49;2021-01-08;329;1;1034;2;0.1;0.0
49;2021-01-09;118;0;1152;2;0.1;0.0
49;2021-01-10;114;0;1266;2;0.2;0.0
49;2021-01-11;287;0;1553;2;0.2;0.0
49;2021-01-12;623;0;2176;2;0.3;0.0
49;2021-01-13;602;2;2778;4;0.3;0.0
49;2021-01-14;590;6;3368;10;0.4;0.0
49;2021-01-15;775;1;4143;11;0.5;0.0
49;2021-01-16;147;0;4290;11;0.5;0.0
49;2021-01-17;111;2;4401;13;0.5;0.0
49;2021-01-18;691;0;5092;13;0.6;0.0
49;2021-01-19;1204;1;6296;14;0.8;0.0
49;2021-01-20;1510;3;7806;17;1.0;0.0
49;2021-01-21;1940;4;9746;21;1.2;0.0
49;2021-01-22;1319;5;11065;26;1.4;0.0
49;2021-01-23;263;1;11328;27;1.4;0.0
49;2021-01-24;0;0;11328;27;1.4;0.0
49;2021-01-25;552;5;11880;32;1.5;0.0
49;2021-01-26;987;75;12867;107;1.6;0.0
49;2021-01-27;1856;37;14723;144;1.8;0.0
49;2021-01-28;2876;88;17599;232;2.2;0.0
49;2021-01-29;1589;93;19188;325;2.4;0.0
49;2021-01-30;300;47;19488;372;2.4;0.0
49;2021-01-31;62;51;19550;423;2.4;0.1
49;2021-02-01;661;164;20211;587;2.5;0.1
49;2021-02-02;743;386;20954;973;2.6;0.1
49;2021-02-03;675;380;21629;1353;2.7;0.2
49;2021-02-04;758;446;22387;1799;2.7;0.2
49;2021-02-05;707;598;23094;2397;2.8;0.3
49;2021-02-06;229;111;23323;2508;2.9;0.3
49;2021-02-07;59;84;23382;2592;2.9;0.3
49;2021-02-08;549;480;23931;3072;2.9;0.4
49;2021-02-09;714;647;24645;3719;3.0;0.5
49;2021-02-10;806;953;25451;4672;3.1;0.6
49;2021-02-11;1028;1408;26479;6080;3.2;0.7
49;2021-02-12;870;976;27349;7056;3.4;0.9
49;2021-02-13;266;118;27615;7174;3.4;0.9
49;2021-02-14;9;106;27624;7280;3.4;0.9
49;2021-02-15;731;663;28355;7943;3.5;1.0
49;2021-02-16;1106;1125;29461;9068;3.6;1.1
49;2021-02-17;1159;1870;30620;10938;3.8;1.3
49;2021-02-18;1811;2437;32431;13375;4.0;1.6
49;2021-02-19;1395;1110;33826;14485;4.1;1.8
49;2021-02-20;233;383;34059;14868;4.2;1.8
49;2021-02-21;0;64;34059;14932;4.2;1.8
49;2021-02-22;646;574;34705;15506;4.3;1.9
49;2021-02-23;735;860;35440;16366;4.3;2.0
49;2021-02-24;822;643;36262;17009;4.4;2.1
49;2021-02-25;1208;813;37470;17822;4.6;2.2
49;2021-02-26;1678;848;39148;18670;4.8;2.3
49;2021-02-27;435;282;39583;18952;4.9;2.3
49;2021-02-28;49;39;39632;18991;4.9;2.3
49;2021-03-01;766;585;40398;19576;5.0;2.4
49;2021-03-02;1083;701;41481;20277;5.1;2.5
49;2021-03-03;1559;674;43040;20951;5.3;2.6
49;2021-03-04;1767;936;44807;21887;5.5;2.7
49;2021-03-05;2212;694;47019;22581;5.8;2.8
49;2021-03-06;716;188;47735;22769;5.9;2.8
49;2021-03-07;627;12;48362;22781;5.9;2.8
49;2021-03-08;1397;718;49759;23499;6.1;2.9
49;2021-03-09;2051;740;51810;24239;6.4;3.0
49;2021-03-10;2528;864;54338;25103;6.7;3.1
49;2021-03-11;3195;1471;57533;26574;7.1;3.3
49;2021-03-12;3766;1004;61299;27578;7.5;3.4
49;2021-03-13;1501;219;62800;27797;7.7;3.4
49;2021-03-14;6;0;62806;27797;7.7;3.4
49;2021-03-15;2084;534;64890;28331;8.0;3.5
49;2021-03-16;1732;964;66622;29295;8.2;3.6
49;2021-03-17;1811;674;68433;29969;8.4;3.7
49;2021-03-18;2203;730;70636;30699;8.7;3.8
49;2021-03-19;3333;561;73969;31260;9.1;3.8
49;2021-03-20;1743;206;75712;31466;9.3;3.9
49;2021-03-21;499;23;76211;31489;9.3;3.9
49;2021-03-22;2247;547;78458;32036;9.6;3.9
49;2021-03-23;3405;678;81863;32714;10.0;4.0
49;2021-03-24;3602;499;85465;33213;10.5;4.1
49;2021-03-25;4226;651;89691;33864;11.0;4.2
49;2021-03-26;4884;506;94575;34370;11.6;4.2
49;2021-03-27;1674;99;96249;34469;11.8;4.2
49;2021-03-28;400;30;96649;34499;11.8;4.2
49;2021-03-29;2372;612;99021;35111;12.1;4.3
49;2021-03-30;3268;939;102289;36050;12.5;4.4
49;2021-03-31;2980;751;105269;36801;12.9;4.5
49;2021-04-01;4121;868;109390;37669;13.4;4.6
49;2021-04-02;4295;949;113685;38618;13.9;4.7
49;2021-04-03;971;194;114656;38812;14.1;4.8
49;2021-04-04;315;3;114971;38815;14.1;4.8
49;2021-04-05;942;21;115913;38836;14.2;4.8
49;2021-04-06;2331;1324;118244;40160;14.5;4.9
49;2021-04-07;3308;1363;121552;41523;14.9;5.1
49;2021-04-08;5182;1413;126734;42936;15.5;5.3
49;2021-04-09;6207;1430;132941;44366;16.3;5.4
49;2021-04-10;2068;499;135009;44865;16.5;5.5
49;2021-04-11;390;8;135399;44873;16.6;5.5
49;2021-04-12;4073;1571;139472;46444;17.1;5.7
49;2021-04-13;5380;1912;144852;48356;17.8;5.9
49;2021-04-14;4541;1876;149393;50232;18.3;6.2
49;2021-04-15;5379;1885;154772;52117;19.0;6.4
49;2021-04-16;5759;2138;160531;54255;19.7;6.6
49;2021-04-17;3336;849;163867;55104;20.1;6.8
49;2021-04-18;381;477;164248;55581;20.1;6.8
49;2021-04-19;3710;2054;167958;57635;20.6;7.1
49;2021-04-20;4375;2113;172333;59748;21.1;7.3
49;2021-04-21;3954;2209;176287;61957;21.6;7.6
49;2021-04-22;4834;2106;181121;64063;22.2;7.9
49;2021-04-23;4812;2332;185933;66395;22.8;8.1
49;2021-04-24;2939;1157;188872;67552;23.1;8.3
49;2021-04-25;40;282;188912;67834;23.2;8.3
49;2021-04-26;3741;2113;192653;69947;23.6;8.6
49;2021-04-27;4473;2507;197126;72454;24.2;8.9
49;2021-04-28;4617;2496;201743;74950;24.7;9.2
49;2021-04-29;5207;3018;206950;77968;25.4;9.6
49;2021-04-30;5556;3204;212506;81172;26.0;9.9
49;2021-05-01;2364;666;214870;81838;26.3;10.0
49;2021-05-02;5;40;214875;81878;26.3;10.0
49;2021-05-03;5011;2408;219886;84286;27.0;10.3
49;2021-05-04;4971;3044;224857;87330;27.6;10.7
49;2021-05-05;4786;3004;229643;90334;28.1;11.1
49;2021-05-06;5330;3082;234973;93416;28.8;11.4
49;2021-05-07;4282;5031;239255;98447;29.3;12.1
49;2021-05-08;3576;437;242831;98884;29.8;12.1
49;2021-05-09;10;41;242841;98925;29.8;12.1
49;2021-05-10;4831;4278;247672;103203;30.4;12.6
49;2021-05-11;5396;5090;253068;108293;31.0;13.3
49;2021-05-12;4801;4596;257869;112889;31.6;13.8
49;2021-05-13;4779;689;262648;113578;32.2;13.9
49;2021-05-14;5173;3272;267821;116850;32.8;14.3
49;2021-05-15;4155;1807;271976;118657;33.3;14.5
49;2021-05-16;2788;119;274764;118776;33.7;14.6
49;2021-05-17;4834;3692;279598;122468;34.3;15.0
49;2021-05-18;5473;3773;285071;126241;34.9;15.5
49;2021-05-19;5917;3233;290988;129474;35.7;15.9
49;2021-05-20;6807;2964;297795;132438;36.5;16.2
49;2021-05-21;6453;3742;304248;136180;37.3;16.7
49;2021-05-22;5186;1193;309434;137373;37.9;16.8
49;2021-05-23;1;12;309435;137385;37.9;16.8
49;2021-05-24;4217;449;313652;137834;38.4;16.9
49;2021-05-25;6331;3307;319983;141141;39.2;17.3
49;2021-05-26;6273;2668;326256;143809;40.0;17.6
49;2021-05-27;7110;2724;333366;146533;40.9;18.0
49;2021-05-28;6875;4021;340241;150554;41.7;18.5
49;2021-05-29;5024;1898;345265;152452;42.3;18.7
49;2021-05-30;20;13;345285;152465;42.3;18.7
49;2021-05-31;6038;3224;351323;155689;43.1;19.1
49;2021-06-01;6589;3987;357912;159676;43.9;19.6
49;2021-06-02;5793;3744;363705;163420;44.6;20.0
49;2021-06-03;6605;3424;370310;166844;45.4;20.4
49;2021-06-04;6470;4865;376780;171709;46.2;21.0
49;2021-06-05;4386;2696;381166;174405;46.7;21.4
49;2021-06-06;37;52;381203;174457;46.7;21.4
49;2021-06-07;4632;4761;385835;179218;47.3;22.0
49;2021-06-08;5185;5102;391020;184320;47.9;22.6
49;2021-06-09;5319;4502;396339;188822;48.6;23.1
49;2021-06-10;5999;3782;402338;192604;49.3;23.6
49;2021-06-11;4866;6036;407204;198640;49.9;24.3
49;2021-06-12;4102;3202;411306;201842;50.4;24.7
49;2021-06-13;19;989;411325;202831;50.4;24.9
49;2021-06-14;3409;6017;414734;208848;50.8;25.6
49;2021-06-15;4243;6399;418977;215247;51.4;26.4
49;2021-06-16;4150;5682;423127;220929;51.9;27.1
49;2021-06-17;5068;5076;428195;226005;52.5;27.7
49;2021-06-18;4130;6889;432325;232894;53.0;28.5
49;2021-06-19;3525;3973;435850;236867;53.4;29.0
49;2021-06-20;30;23;435880;236890;53.4;29.0
49;2021-06-21;2829;6511;438709;243401;53.8;29.8
49;2021-06-22;3201;7008;441910;250409;54.2;30.7
49;2021-06-23;3253;6317;445163;256726;54.6;31.5
49;2021-06-24;4311;4978;449474;261704;55.1;32.1
49;2021-06-25;3318;7450;452792;269154;55.5;33.0
49;2021-06-26;2569;4627;455361;273781;55.8;33.6
49;2021-06-27;15;1544;455376;275325;55.8;33.7
49;2021-06-28;2232;7187;457608;282512;56.1;34.6
49;2021-06-29;3025;7273;460633;289785;56.5;35.5
49;2021-06-30;2821;6807;463454;296592;56.8;36.4
49;2021-07-01;3085;6273;466539;302865;57.2;37.1
49;2021-07-02;2924;8071;469463;310936;57.5;38.1
49;2021-07-03;1994;5484;471457;316420;57.8;38.8
49;2021-07-04;7;53;471464;316473;57.8;38.8
49;2021-07-05;1734;7081;473198;323554;58.0;39.7
49;2021-07-06;1889;7554;475087;331108;58.2;40.6
49;2021-07-07;2061;6626;477148;337734;58.5;41.4
49;2021-07-08;2549;6354;479697;344088;58.8;42.2
49;2021-07-09;2308;8251;482005;352339;59.1;43.2
49;2021-07-10;1785;5343;483790;357682;59.3;43.8
49;2021-07-11;11;35;483801;357717;59.3;43.8
49;2021-07-12;1932;7716;485733;365433;59.5;44.8
49;2021-07-13;2566;8310;488299;373743;59.8;45.8
49;2021-07-14;2886;3375;491185;377118;60.2;46.2
49;2021-07-15;3129;7556;494314;384674;60.6;47.1
49;2021-07-16;3365;8300;497679;392974;61.0;48.2
49;2021-07-17;2079;5482;499758;398456;61.3;48.8
49;2021-07-18;3743;581;503501;399037;61.7;48.9
49;2021-07-19;2570;7449;506071;406486;62.0;49.8
49;2021-07-20;3451;7479;509522;413965;62.5;50.7
49;2021-07-21;4161;6462;513683;420427;63.0;51.5
49;2021-07-22;4674;5855;518357;426282;63.5;52.2
49;2021-07-23;4981;6626;523338;432908;64.1;53.1
49;2021-07-24;3631;4997;526969;437905;64.6;53.7
49;2021-07-25;37;32;527006;437937;64.6;53.7
49;2021-07-26;4353;5897;531359;443834;65.1;54.4
49;2021-07-27;5576;5447;536935;449281;65.8;55.1
49;2021-07-28;5951;4359;542886;453640;66.5;55.6
49;2021-07-29;6559;4148;549445;457788;67.3;56.1
49;2021-07-30;6039;4786;555484;462574;68.1;56.7
49;2021-07-31;3944;3419;559428;465993;68.6;57.1
49;2021-08-01;18;22;559446;466015;68.6;57.1
49;2021-08-02;4255;4652;563701;470667;69.1;57.7
49;2021-08-03;5421;3805;569122;474472;69.8;58.2
49;2021-08-04;5208;3707;574330;478179;70.4;58.6
49;2021-08-05;5224;3291;579554;481470;71.0;59.0
49;2021-08-06;5683;4273;585237;485743;71.7;59.5
49;2021-08-07;3903;3038;589140;488781;72.2;59.9
49;2021-08-08;23;36;589163;488817;72.2;59.9
49;2021-08-09;3429;4669;592592;493486;72.6;60.5
49;2021-08-10;4170;3890;596762;497376;73.1;61.0
49;2021-08-11;3915;3643;600677;501019;73.6;61.4
49;2021-08-12;2628;3047;603305;504066;73.9;61.8
49;2021-08-13;3808;4257;607113;508323;74.4;62.3
49;2021-08-14;2267;3146;609380;511469;74.7;62.7
49;2021-08-15;29;26;609409;511495;74.7;62.7
49;2021-08-16;2715;5059;612124;516554;75.0;63.3
49;2021-08-17;3260;4908;615384;521462;75.4;63.9
49;2021-08-18;2965;4109;618349;525571;75.8;64.4
49;2021-08-19;1534;3653;619883;529224;76.0;64.9
49;2021-08-20;2722;5772;622605;534996;76.3;65.6
49;2021-08-21;1375;4148;623980;539144;76.5;66.1
49;2021-08-22;6;41;623986;539185;76.5;66.1
49;2021-08-23;2235;5615;626221;544800;76.8;66.8
50;2020-12-27;0;0;0;0;0.0;0.0
50;2020-12-28;0;0;0;0;0.0;0.0
50;2020-12-29;1;0;1;0;0.0;0.0
50;2020-12-30;0;0;1;0;0.0;0.0
50;2020-12-31;0;0;1;0;0.0;0.0
50;2021-01-01;0;0;1;0;0.0;0.0
50;2021-01-02;0;0;1;0;0.0;0.0
50;2021-01-03;0;0;1;0;0.0;0.0
50;2021-01-04;1;0;2;0;0.0;0.0
50;2021-01-05;0;0;2;0;0.0;0.0
50;2021-01-06;126;0;128;0;0.0;0.0
50;2021-01-07;323;0;451;0;0.1;0.0
50;2021-01-08;436;2;887;2;0.2;0.0
50;2021-01-09;236;0;1123;2;0.2;0.0
50;2021-01-10;23;0;1146;2;0.2;0.0
50;2021-01-11;391;1;1537;3;0.3;0.0
50;2021-01-12;600;0;2137;3;0.4;0.0
50;2021-01-13;694;4;2831;7;0.6;0.0
50;2021-01-14;1046;5;3877;12;0.8;0.0
50;2021-01-15;709;2;4586;14;0.9;0.0
50;2021-01-16;215;3;4801;17;1.0;0.0
50;2021-01-17;1;0;4802;17;1.0;0.0
50;2021-01-18;619;1;5421;18;1.1;0.0
50;2021-01-19;895;3;6316;21;1.3;0.0
50;2021-01-20;965;1;7281;22;1.5;0.0
50;2021-01-21;917;4;8198;26;1.7;0.0
50;2021-01-22;713;2;8911;28;1.8;0.0
50;2021-01-23;667;4;9578;32;2.0;0.0
50;2021-01-24;880;3;10458;35;2.1;0.0
50;2021-01-25;2709;10;13167;45;2.7;0.0
50;2021-01-26;1336;14;14503;59;3.0;0.0
50;2021-01-27;766;56;15269;115;3.1;0.0
50;2021-01-28;718;170;15987;285;3.3;0.1
50;2021-01-29;581;306;16568;591;3.4;0.1
50;2021-01-30;381;165;16949;756;3.5;0.2
50;2021-01-31;0;0;16949;756;3.5;0.2
50;2021-02-01;449;225;17398;981;3.5;0.2
50;2021-02-02;416;236;17814;1217;3.6;0.2
50;2021-02-03;390;377;18204;1594;3.7;0.3
50;2021-02-04;485;451;18689;2045;3.8;0.4
50;2021-02-05;422;449;19111;2494;3.9;0.5
50;2021-02-06;179;114;19290;2608;3.9;0.5
50;2021-02-07;0;0;19290;2608;3.9;0.5
50;2021-02-08;255;509;19545;3117;4.0;0.6
50;2021-02-09;247;642;19792;3759;4.0;0.8
50;2021-02-10;570;556;20362;4315;4.1;0.9
50;2021-02-11;438;915;20800;5230;4.2;1.1
50;2021-02-12;329;672;21129;5902;4.3;1.2
50;2021-02-13;306;489;21435;6391;4.4;1.3
50;2021-02-14;185;826;21620;7217;4.4;1.5
50;2021-02-15;663;2032;22283;9249;4.5;1.9
50;2021-02-16;746;1621;23029;10870;4.7;2.2
50;2021-02-17;632;825;23661;11695;4.8;2.4
50;2021-02-18;569;810;24230;12505;4.9;2.5
50;2021-02-19;630;519;24860;13024;5.1;2.7
50;2021-02-20;423;193;25283;13217;5.2;2.7
50;2021-02-21;85;29;25368;13246;5.2;2.7
50;2021-02-22;291;723;25659;13969;5.2;2.8
50;2021-02-23;502;565;26161;14534;5.3;3.0
50;2021-02-24;624;571;26785;15105;5.5;3.1
50;2021-02-25;778;591;27563;15696;5.6;3.2
50;2021-02-26;999;400;28562;16096;5.8;3.3
50;2021-02-27;887;114;29449;16210;6.0;3.3
50;2021-02-28;111;0;29560;16210;6.0;3.3
50;2021-03-01;488;559;30048;16769;6.1;3.4
50;2021-03-02;651;521;30699;17290;6.3;3.5
50;2021-03-03;797;457;31496;17747;6.4;3.6
50;2021-03-04;1248;342;32744;18089;6.7;3.7
50;2021-03-05;1553;352;34297;18441;7.0;3.8
50;2021-03-06;1319;159;35616;18600;7.3;3.8
50;2021-03-07;550;42;36166;18642;7.4;3.8
50;2021-03-08;1025;624;37191;19266;7.6;3.9
50;2021-03-09;1556;579;38747;19845;7.9;4.0
50;2021-03-10;1608;322;40355;20167;8.2;4.1
50;2021-03-11;2352;358;42707;20525;8.7;4.2
50;2021-03-12;2866;249;45573;20774;9.3;4.2
50;2021-03-13;1993;138;47566;20912;9.7;4.3
50;2021-03-14;279;41;47845;20953;9.8;4.3
50;2021-03-15;1378;297;49223;21250;10.0;4.3
50;2021-03-16;1340;283;50563;21533;10.3;4.4
50;2021-03-17;1295;412;51858;21945;10.6;4.5
50;2021-03-18;1162;429;53020;22374;10.8;4.6
50;2021-03-19;1733;591;54753;22965;11.2;4.7
50;2021-03-20;1685;229;56438;23194;11.5;4.7
50;2021-03-21;794;12;57232;23206;11.7;4.7
50;2021-03-22;1508;336;58740;23542;12.0;4.8
50;2021-03-23;2075;399;60815;23941;12.4;4.9
50;2021-03-24;2281;556;63096;24497;12.9;5.0
50;2021-03-25;2812;471;65908;24968;13.4;5.1
50;2021-03-26;3205;472;69113;25440;14.1;5.2
50;2021-03-27;1823;376;70936;25816;14.5;5.3
50;2021-03-28;403;20;71339;25836;14.5;5.3
50;2021-03-29;2139;721;73478;26557;15.0;5.4
50;2021-03-30;2283;648;75761;27205;15.4;5.5
50;2021-03-31;2478;571;78239;27776;15.9;5.7
50;2021-04-01;3105;866;81344;28642;16.6;5.8
50;2021-04-02;2961;937;84305;29579;17.2;6.0
50;2021-04-03;1245;686;85550;30265;17.4;6.2
50;2021-04-04;321;136;85871;30401;17.5;6.2
50;2021-04-05;400;27;86271;30428;17.6;6.2
50;2021-04-06;2130;1222;88401;31650;18.0;6.5
50;2021-04-07;2559;1185;90960;32835;18.5;6.7
50;2021-04-08;3597;1228;94557;34063;19.3;6.9
50;2021-04-09;3936;1301;98493;35364;20.1;7.2
50;2021-04-10;2534;878;101027;36242;20.6;7.4
50;2021-04-11;411;145;101438;36387;20.7;7.4
50;2021-04-12;2438;1384;103876;37771;21.2;7.7
50;2021-04-13;2678;1539;106554;39310;21.7;8.0
50;2021-04-14;2608;1356;109162;40666;22.2;8.3
50;2021-04-15;3162;1118;112324;41784;22.9;8.5
50;2021-04-16;3365;1102;115689;42886;23.6;8.7
50;2021-04-17;2400;1186;118089;44072;24.1;9.0
50;2021-04-18;425;664;118514;44736;24.2;9.1
50;2021-04-19;1997;1473;120511;46209;24.6;9.4
50;2021-04-20;2276;1590;122787;47799;25.0;9.7
50;2021-04-21;2552;1760;125339;49559;25.5;10.1
50;2021-04-22;3079;1827;128418;51386;26.2;10.5
50;2021-04-23;2757;1919;131175;53305;26.7;10.9
50;2021-04-24;1899;1436;133074;54741;27.1;11.2
50;2021-04-25;470;274;133544;55015;27.2;11.2
50;2021-04-26;2119;1890;135663;56905;27.6;11.6
50;2021-04-27;2413;2001;138076;58906;28.1;12.0
50;2021-04-28;2707;1976;140783;60882;28.7;12.4
50;2021-04-29;3285;2044;144068;62926;29.4;12.8
50;2021-04-30;3000;1932;147068;64858;30.0;13.2
50;2021-05-01;1015;595;148083;65453;30.2;13.3
50;2021-05-02;523;448;148606;65901;30.3;13.4
50;2021-05-03;1769;1804;150375;67705;30.6;13.8
50;2021-05-04;1771;2333;152146;70038;31.0;14.3
50;2021-05-05;1661;2953;153807;72991;31.3;14.9
50;2021-05-06;2530;2585;156337;75576;31.9;15.4
50;2021-05-07;2150;2861;158487;78437;32.3;16.0
50;2021-05-08;1171;791;159658;79228;32.5;16.1
50;2021-05-09;624;362;160282;79590;32.7;16.2
50;2021-05-10;1705;2606;161987;82196;33.0;16.8
50;2021-05-11;2543;2848;164530;85044;33.5;17.3
50;2021-05-12;3181;2438;167711;87482;34.2;17.8
50;2021-05-13;3382;610;171093;88092;34.9;18.0
50;2021-05-14;3572;2279;174665;90371;35.6;18.4
50;2021-05-15;4001;1873;178666;92244;36.4;18.8
50;2021-05-16;947;267;179613;92511;36.6;18.9
50;2021-05-17;2139;1878;181752;94389;37.0;19.2
50;2021-05-18;2523;1622;184275;96011;37.6;19.6
50;2021-05-19;2503;1445;186778;97456;38.1;19.9
50;2021-05-20;3261;1623;190039;99079;38.7;20.2
50;2021-05-21;3158;1913;193197;100992;39.4;20.6
50;2021-05-22;2651;1329;195848;102321;39.9;20.9
50;2021-05-23;603;284;196451;102605;40.0;20.9
50;2021-05-24;1527;490;197978;103095;40.3;21.0
50;2021-05-25;2450;1673;200428;104768;40.8;21.4
50;2021-05-26;3000;1453;203428;106221;41.5;21.6
50;2021-05-27;3034;1976;206462;108197;42.1;22.1
50;2021-05-28;2946;2127;209408;110324;42.7;22.5
50;2021-05-29;2760;1404;212168;111728;43.2;22.8
50;2021-05-30;812;324;212980;112052;43.4;22.8
50;2021-05-31;2652;1818;215632;113870;43.9;23.2
50;2021-06-01;3332;2066;218964;115936;44.6;23.6
50;2021-06-02;3259;1789;222223;117725;45.3;24.0
50;2021-06-03;3915;2064;226138;119789;46.1;24.4
50;2021-06-04;3823;2887;229961;122676;46.9;25.0
50;2021-06-05;2960;1846;232921;124522;47.5;25.4
50;2021-06-06;813;443;233734;124965;47.6;25.5
50;2021-06-07;3513;2083;237247;127048;48.4;25.9
50;2021-06-08;4072;2225;241319;129273;49.2;26.3
50;2021-06-09;4254;1998;245573;131271;50.0;26.8
50;2021-06-10;4196;2120;249769;133391;50.9;27.2
50;2021-06-11;4226;2715;253995;136106;51.8;27.7
50;2021-06-12;3736;1609;257731;137715;52.5;28.1
50;2021-06-13;1143;451;258874;138166;52.8;28.2
50;2021-06-14;2691;2967;261565;141133;53.3;28.8
50;2021-06-15;3020;2602;264585;143735;53.9;29.3
50;2021-06-16;3096;1976;267681;145711;54.6;29.7
50;2021-06-17;2796;2487;270477;148198;55.1;30.2
50;2021-06-18;3240;3049;273717;151247;55.8;30.8
50;2021-06-19;3178;1925;276895;153172;56.4;31.2
50;2021-06-20;731;710;277626;153882;56.6;31.4
50;2021-06-21;1819;3133;279445;157015;57.0;32.0
50;2021-06-22;2064;3393;281509;160408;57.4;32.7
50;2021-06-23;1872;3875;283381;164283;57.8;33.5
50;2021-06-24;1712;4011;285093;168294;58.1;34.3
50;2021-06-25;2135;4007;287228;172301;58.5;35.1
50;2021-06-26;2145;3697;289373;175998;59.0;35.9
50;2021-06-27;616;895;289989;176893;59.1;36.1
50;2021-06-28;1926;3349;291915;180242;59.5;36.7
50;2021-06-29;1881;3405;293796;183647;59.9;37.4
50;2021-06-30;2181;3408;295977;187055;60.3;38.1
50;2021-07-01;1946;3284;297923;190339;60.7;38.8
50;2021-07-02;1899;3931;299822;194270;61.1;39.6
50;2021-07-03;1446;3447;301268;197717;61.4;40.3
50;2021-07-04;445;1066;301713;198783;61.5;40.5
50;2021-07-05;1263;3410;302976;202193;61.7;41.2
50;2021-07-06;1575;3893;304551;206086;62.1;42.0
50;2021-07-07;1803;3619;306354;209705;62.4;42.7
50;2021-07-08;1377;4105;307731;213810;62.7;43.6
50;2021-07-09;1394;4573;309125;218383;63.0;44.5
50;2021-07-10;1025;3600;310150;221983;63.2;45.2
50;2021-07-11;372;1019;310522;223002;63.3;45.4
50;2021-07-12;1316;4627;311838;227629;63.6;46.4
50;2021-07-13;1626;4864;313464;232493;63.9;47.4
50;2021-07-14;1475;2356;314939;234849;64.2;47.9
50;2021-07-15;1682;5055;316621;239904;64.5;48.9
50;2021-07-16;2988;5242;319609;245146;65.1;50.0
50;2021-07-17;2146;3729;321755;248875;65.6;50.7
50;2021-07-18;402;1092;322157;249967;65.7;50.9
50;2021-07-19;1571;5184;323728;255151;66.0;52.0
50;2021-07-20;1928;5414;325656;260565;66.4;53.1
50;2021-07-21;1798;5259;327454;265824;66.7;54.2
50;2021-07-22;1941;5007;329395;270831;67.1;55.2
50;2021-07-23;2066;5386;331461;276217;67.6;56.3
50;2021-07-24;1309;3837;332770;280054;67.8;57.1
50;2021-07-25;273;1038;333043;281092;67.9;57.3
50;2021-07-26;2287;3491;335330;284583;68.3;58.0
50;2021-07-27;2890;3354;338220;287937;68.9;58.7
50;2021-07-28;2983;3692;341203;291629;69.5;59.4
50;2021-07-29;3564;3233;344767;294862;70.3;60.1
50;2021-07-30;3058;3011;347825;297873;70.9;60.7
50;2021-07-31;2390;2673;350215;300546;71.4;61.3
50;2021-08-01;481;684;350696;301230;71.5;61.4
50;2021-08-02;2452;2742;353148;303972;72.0;62.0
50;2021-08-03;3376;2470;356524;306442;72.7;62.5
50;2021-08-04;3579;2330;360103;308772;73.4;62.9
50;2021-08-05;3150;2160;363253;310932;74.0;63.4
50;2021-08-06;3615;2803;366868;313735;74.8;63.9
50;2021-08-07;2431;2163;369299;315898;75.3;64.4
50;2021-08-08;510;714;369809;316612;75.4;64.5
50;2021-08-09;2475;2133;372284;318745;75.9;65.0
50;2021-08-10;2935;1988;375219;320733;76.5;65.4
50;2021-08-11;2814;2018;378033;322751;77.0;65.8
50;2021-08-12;2560;2444;380593;325195;77.6;66.3
50;2021-08-13;2447;1984;383040;327179;78.1;66.7
50;2021-08-14;1801;1745;384841;328924;78.4;67.0
50;2021-08-15;399;334;385240;329258;78.5;67.1
50;2021-08-16;1684;2231;386924;331489;78.9;67.6
50;2021-08-17;1943;2670;388867;334159;79.3;68.1
50;2021-08-18;1808;2364;390675;336523;79.6;68.6
50;2021-08-19;1675;2555;392350;339078;80.0;69.1
50;2021-08-20;1594;2739;393944;341817;80.3;69.7
50;2021-08-21;1007;2725;394951;344542;80.5;70.2
50;2021-08-22;385;519;395336;345061;80.6;70.3
50;2021-08-23;1136;2898;396472;347959;80.8;70.9
51;2020-12-27;0;0;0;0;0.0;0.0
51;2020-12-28;0;0;0;0;0.0;0.0
51;2020-12-29;0;0;0;0;0.0;0.0
51;2020-12-30;0;0;0;0;0.0;0.0
51;2020-12-31;1;0;1;0;0.0;0.0
51;2021-01-01;0;0;1;0;0.0;0.0
51;2021-01-02;0;0;1;0;0.0;0.0
51;2021-01-03;0;0;1;0;0.0;0.0
51;2021-01-04;1;0;2;0;0.0;0.0
51;2021-01-05;1;0;3;0;0.0;0.0
51;2021-01-06;6;0;9;0;0.0;0.0
51;2021-01-07;262;1;271;1;0.0;0.0
51;2021-01-08;507;1;778;2;0.1;0.0
51;2021-01-09;91;0;869;2;0.2;0.0
51;2021-01-10;0;0;869;2;0.2;0.0
51;2021-01-11;545;2;1414;4;0.3;0.0
51;2021-01-12;1538;4;2952;8;0.5;0.0
51;2021-01-13;1290;5;4242;13;0.8;0.0
51;2021-01-14;1473;6;5715;19;1.0;0.0
51;2021-01-15;607;3;6322;22;1.1;0.0
51;2021-01-16;177;1;6499;23;1.2;0.0
51;2021-01-17;102;0;6601;23;1.2;0.0
51;2021-01-18;845;3;7446;26;1.3;0.0
51;2021-01-19;998;4;8444;30;1.5;0.0
51;2021-01-20;943;9;9387;39;1.7;0.0
51;2021-01-21;790;3;10177;42;1.8;0.0
51;2021-01-22;391;2;10568;44;1.9;0.0
51;2021-01-23;294;0;10862;44;1.9;0.0
51;2021-01-24;130;1;10992;45;1.9;0.0
51;2021-01-25;712;3;11704;48;2.1;0.0
51;2021-01-26;780;5;12484;53;2.2;0.0
51;2021-01-27;656;4;13140;57;2.3;0.0
51;2021-01-28;646;70;13786;127;2.4;0.0
51;2021-01-29;474;142;14260;269;2.5;0.0
51;2021-01-30;126;5;14386;274;2.6;0.0
51;2021-01-31;83;0;14469;274;2.6;0.0
51;2021-02-01;275;58;14744;332;2.6;0.1
51;2021-02-02;738;722;15482;1054;2.7;0.2
51;2021-02-03;642;470;16124;1524;2.9;0.3
51;2021-02-04;968;822;17092;2346;3.0;0.4
51;2021-02-05;973;515;18065;2861;3.2;0.5
51;2021-02-06;30;149;18095;3010;3.2;0.5
51;2021-02-07;0;18;18095;3028;3.2;0.5
51;2021-02-08;115;413;18210;3441;3.2;0.6
51;2021-02-09;222;472;18432;3913;3.3;0.7
51;2021-02-10;219;639;18651;4552;3.3;0.8
51;2021-02-11;299;528;18950;5080;3.4;0.9
51;2021-02-12;341;564;19291;5644;3.4;1.0
51;2021-02-13;8;116;19299;5760;3.4;1.0
51;2021-02-14;8;170;19307;5930;3.4;1.1
51;2021-02-15;266;850;19573;6780;3.5;1.2
51;2021-02-16;401;971;19974;7751;3.5;1.4
51;2021-02-17;367;879;20341;8630;3.6;1.5
51;2021-02-18;437;595;20778;9225;3.7;1.6
51;2021-02-19;530;424;21308;9649;3.8;1.7
51;2021-02-20;205;296;21513;9945;3.8;1.8
51;2021-02-21;10;101;21523;10046;3.8;1.8
51;2021-02-22;195;688;21718;10734;3.9;1.9
51;2021-02-23;262;1096;21980;11830;3.9;2.1
51;2021-02-24;413;692;22393;12522;4.0;2.2
51;2021-02-25;1050;889;23443;13411;4.2;2.4
51;2021-02-26;1226;667;24669;14078;4.4;2.5
51;2021-02-27;590;124;25259;14202;4.5;2.5
51;2021-02-28;7;71;25266;14273;4.5;2.5
51;2021-03-01;766;311;26032;14584;4.6;2.6
51;2021-03-02;1127;461;27159;15045;4.8;2.7
51;2021-03-03;1193;468;28352;15513;5.0;2.8
51;2021-03-04;1060;702;29412;16215;5.2;2.9
51;2021-03-05;1559;672;30971;16887;5.5;3.0
51;2021-03-06;1433;59;32404;16946;5.7;3.0
51;2021-03-07;250;6;32654;16952;5.8;3.0
51;2021-03-08;992;100;33646;17052;6.0;3.0
51;2021-03-09;1664;190;35310;17242;6.3;3.1
51;2021-03-10;1994;106;37304;17348;6.6;3.1
51;2021-03-11;2370;169;39674;17517;7.0;3.1
51;2021-03-12;3251;159;42925;17676;7.6;3.1
51;2021-03-13;2550;52;45475;17728;8.1;3.1
51;2021-03-14;190;5;45665;17733;8.1;3.1
51;2021-03-15;1578;148;47243;17881;8.4;3.2
51;2021-03-16;1479;185;48722;18066;8.6;3.2
51;2021-03-17;1497;207;50219;18273;8.9;3.2
51;2021-03-18;1614;284;51833;18557;9.2;3.3
51;2021-03-19;2310;302;54143;18859;9.6;3.3
51;2021-03-20;1662;215;55805;19074;9.9;3.4
51;2021-03-21;133;4;55938;19078;9.9;3.4
51;2021-03-22;1417;121;57355;19199;10.2;3.4
51;2021-03-23;2467;165;59822;19364;10.6;3.4
51;2021-03-24;2842;132;62664;19496;11.1;3.5
51;2021-03-25;3254;336;65918;19832;11.7;3.5
51;2021-03-26;3412;505;69330;20337;12.3;3.6
51;2021-03-27;1843;253;71173;20590;12.6;3.7
51;2021-03-28;213;3;71386;20593;12.7;3.7
51;2021-03-29;991;639;72377;21232;12.8;3.8
51;2021-03-30;1749;857;74126;22089;13.1;3.9
51;2021-03-31;1738;760;75864;22849;13.5;4.1
51;2021-04-01;2282;447;78146;23296;13.9;4.1
51;2021-04-02;2425;641;80571;23937;14.3;4.2
51;2021-04-03;1304;410;81875;24347;14.5;4.3
51;2021-04-04;106;2;81981;24349;14.5;4.3
51;2021-04-05;72;141;82053;24490;14.6;4.3
51;2021-04-06;764;1234;82817;25724;14.7;4.6
51;2021-04-07;1312;1412;84129;27136;14.9;4.8
51;2021-04-08;2206;1772;86335;28908;15.3;5.1
51;2021-04-09;2863;1733;89198;30641;15.8;5.4
51;2021-04-10;2218;498;91416;31139;16.2;5.5
51;2021-04-11;105;85;91521;31224;16.2;5.5
51;2021-04-12;1450;1344;92971;32568;16.5;5.8
51;2021-04-13;1936;1683;94907;34251;16.8;6.1
51;2021-04-14;2459;1554;97366;35805;17.3;6.4
51;2021-04-15;2855;1672;100221;37477;17.8;6.6
51;2021-04-16;3215;1600;103436;39077;18.3;6.9
51;2021-04-17;1965;774;105401;39851;18.7;7.1
51;2021-04-18;296;113;105697;39964;18.7;7.1
51;2021-04-19;1561;1162;107258;41126;19.0;7.3
51;2021-04-20;1794;1666;109052;42792;19.3;7.6
51;2021-04-21;2005;1743;111057;44535;19.7;7.9
51;2021-04-22;2385;1654;113442;46189;20.1;8.2
51;2021-04-23;2981;1827;116423;48016;20.6;8.5
51;2021-04-24;1750;952;118173;48968;21.0;8.7
51;2021-04-25;123;161;118296;49129;21.0;8.7
51;2021-04-26;1851;757;120147;49886;21.3;8.8
51;2021-04-27;2442;1234;122589;51120;21.7;9.1
51;2021-04-28;2551;1310;125140;52430;22.2;9.3
51;2021-04-29;2674;1462;127814;53892;22.7;9.6
51;2021-04-30;2976;1677;130790;55569;23.2;9.9
51;2021-05-01;1454;413;132244;55982;23.5;9.9
51;2021-05-02;107;99;132351;56081;23.5;9.9
51;2021-05-03;2485;765;134836;56846;23.9;10.1
51;2021-05-04;2788;1352;137624;58198;24.4;10.3
51;2021-05-05;2859;1639;140483;59837;24.9;10.6
51;2021-05-06;5344;1949;145827;61786;25.9;11.0
51;2021-05-07;3704;1937;149531;63723;26.5;11.3
51;2021-05-08;2861;820;152392;64543;27.0;11.4
51;2021-05-09;211;92;152603;64635;27.1;11.5
51;2021-05-10;3215;1864;155818;66499;27.6;11.8
51;2021-05-11;3640;2042;159458;68541;28.3;12.2
51;2021-05-12;4184;2239;163642;70780;29.0;12.6
51;2021-05-13;1776;502;165418;71282;29.3;12.6
51;2021-05-14;5402;1749;170820;73031;30.3;13.0
51;2021-05-15;4228;1355;175048;74386;31.0;13.2
51;2021-05-16;284;46;175332;74432;31.1;13.2
51;2021-05-17;3132;1528;178464;75960;31.7;13.5
51;2021-05-18;3917;1772;182381;77732;32.3;13.8
51;2021-05-19;4031;1734;186412;79466;33.1;14.1
51;2021-05-20;4651;1968;191063;81434;33.9;14.4
51;2021-05-21;3596;2483;194659;83917;34.5;14.9
51;2021-05-22;2076;1548;196735;85465;34.9;15.2
51;2021-05-23;308;210;197043;85675;34.9;15.2
51;2021-05-24;2019;718;199062;86393;35.3;15.3
51;2021-05-25;3130;1829;202192;88222;35.9;15.6
51;2021-05-26;3297;1714;205489;89936;36.4;16.0
51;2021-05-27;3268;2063;208757;91999;37.0;16.3
51;2021-05-28;3607;2827;212364;94826;37.7;16.8
51;2021-05-29;2402;1997;214766;96823;38.1;17.2
51;2021-05-30;401;133;215167;96956;38.2;17.2
51;2021-05-31;3350;1785;218517;98741;38.8;17.5
51;2021-06-01;3855;2336;222372;101077;39.4;17.9
51;2021-06-02;6098;2327;228470;103404;40.5;18.3
51;2021-06-03;3581;2430;232051;105834;41.2;18.8
51;2021-06-04;6346;2946;238397;108780;42.3;19.3
51;2021-06-05;2599;1820;240996;110600;42.7;19.6
51;2021-06-06;172;157;241168;110757;42.8;19.6
51;2021-06-07;4303;2165;245471;112922;43.5;20.0
51;2021-06-08;3925;2536;249396;115458;44.2;20.5
51;2021-06-09;4018;2749;253414;118207;44.9;21.0
51;2021-06-10;3206;2488;256620;120695;45.5;21.4
51;2021-06-11;3358;3429;259978;124124;46.1;22.0
51;2021-06-12;2166;2172;262144;126296;46.5;22.4
51;2021-06-13;191;149;262335;126445;46.5;22.4
51;2021-06-14;1627;3334;263962;129779;46.8;23.0
51;2021-06-15;3190;3577;267152;133356;47.4;23.7
51;2021-06-16;2208;3685;269360;137041;47.8;24.3
51;2021-06-17;2609;5406;271969;142447;48.2;25.3
51;2021-06-18;2357;5212;274326;147659;48.7;26.2
51;2021-06-19;1683;4427;276009;152086;49.0;27.0
51;2021-06-20;184;228;276193;152314;49.0;27.0
51;2021-06-21;1231;4441;277424;156755;49.2;27.8
51;2021-06-22;1558;4044;278982;160799;49.5;28.5
51;2021-06-23;3669;4239;282651;165038;50.1;29.3
51;2021-06-24;2246;3227;284897;168265;50.5;29.8
51;2021-06-25;1906;6525;286803;174790;50.9;31.0
51;2021-06-26;1204;5068;288007;179858;51.1;31.9
51;2021-06-27;103;336;288110;180194;51.1;32.0
51;2021-06-28;1400;4414;289510;184608;51.3;32.7
51;2021-06-29;1172;4463;290682;189071;51.6;33.5
51;2021-06-30;1687;6044;292369;195115;51.9;34.6
51;2021-07-01;1977;3768;294346;198883;52.2;35.3
51;2021-07-02;1836;6891;296182;205774;52.5;36.5
51;2021-07-03;1003;3198;297185;208972;52.7;37.1
51;2021-07-04;171;254;297356;209226;52.7;37.1
51;2021-07-05;767;5528;298123;214754;52.9;38.1
51;2021-07-06;1247;4783;299370;219537;53.1;38.9
51;2021-07-07;1613;4939;300983;224476;53.4;39.8
51;2021-07-08;2069;3432;303052;227908;53.7;40.4
51;2021-07-09;1853;5057;304905;232965;54.1;41.3
51;2021-07-10;1232;3209;306137;236174;54.3;41.9
51;2021-07-11;191;280;306328;236454;54.3;41.9
51;2021-07-12;994;4378;307322;240832;54.5;42.7
51;2021-07-13;1476;4771;308798;245603;54.8;43.6
51;2021-07-14;1070;1688;309868;247291;55.0;43.9
51;2021-07-15;2932;4912;312800;252203;55.5;44.7
51;2021-07-16;2360;5278;315160;257481;55.9;45.7
51;2021-07-17;1819;3486;316979;260967;56.2;46.3
51;2021-07-18;163;330;317142;261297;56.2;46.3
51;2021-07-19;1893;3975;319035;265272;56.6;47.0
51;2021-07-20;2582;5142;321617;270414;57.0;48.0
51;2021-07-21;3613;4064;325230;274478;57.7;48.7
51;2021-07-22;4407;3756;329637;278234;58.5;49.3
51;2021-07-23;3635;4387;333272;282621;59.1;50.1
51;2021-07-24;2082;2722;335354;285343;59.5;50.6
51;2021-07-25;351;259;335705;285602;59.5;50.7
51;2021-07-26;3112;2812;338817;288414;60.1;51.2
51;2021-07-27;5837;3274;344654;291688;61.1;51.7
51;2021-07-28;4133;4318;348787;296006;61.9;52.5
51;2021-07-29;4682;2719;353469;298725;62.7;53.0
51;2021-07-30;3609;3154;357078;301879;63.3;53.5
51;2021-07-31;2520;2129;359598;304008;63.8;53.9
51;2021-08-01;375;235;359973;304243;63.8;54.0
51;2021-08-02;3272;2310;363245;306553;64.4;54.4
51;2021-08-03;3763;1915;367008;308468;65.1;54.7
51;2021-08-04;4435;2125;371443;310593;65.9;55.1
51;2021-08-05;2634;1536;374077;312129;66.3;55.4
51;2021-08-06;3032;2553;377109;314682;66.9;55.8
51;2021-08-07;2154;1694;379263;316376;67.3;56.1
51;2021-08-08;364;209;379627;316585;67.3;56.1
51;2021-08-09;2502;1846;382129;318431;67.8;56.5
51;2021-08-10;2361;1982;384490;320413;68.2;56.8
51;2021-08-11;2907;2329;387397;322742;68.7;57.2
51;2021-08-12;1746;1945;389143;324687;69.0;57.6
51;2021-08-13;2026;2661;391169;327348;69.4;58.1
51;2021-08-14;1578;2036;392747;329384;69.7;58.4
51;2021-08-15;146;147;392893;329531;69.7;58.4
51;2021-08-16;1347;3017;394240;332548;69.9;59.0
51;2021-08-17;1534;3274;395774;335822;70.2;59.6
51;2021-08-18;1891;3678;397665;339500;70.5;60.2
51;2021-08-19;1397;2541;399062;342041;70.8;60.7
51;2021-08-20;1693;3959;400755;346000;71.1;61.4
51;2021-08-21;983;2494;401738;348494;71.3;61.8
51;2021-08-22;101;342;401839;348836;71.3;61.9
51;2021-08-23;1101;3594;402940;352430;71.5;62.5
52;2020-12-27;0;0;0;0;0.0;0.0
52;2020-12-28;0;0;0;0;0.0;0.0
52;2020-12-29;0;0;0;0;0.0;0.0
52;2020-12-30;0;0;0;0;0.0;0.0
52;2020-12-31;0;0;0;0;0.0;0.0
52;2021-01-01;0;0;0;0;0.0;0.0
52;2021-01-02;0;0;0;0;0.0;0.0
52;2021-01-03;0;0;0;0;0.0;0.0
52;2021-01-04;0;0;0;0;0.0;0.0
52;2021-01-05;0;0;0;0;0.0;0.0
52;2021-01-06;2;0;2;0;0.0;0.0
52;2021-01-07;0;0;2;0;0.0;0.0
52;2021-01-08;201;1;203;1;0.1;0.0
52;2021-01-09;93;0;296;1;0.2;0.0
52;2021-01-10;0;0;296;1;0.2;0.0
52;2021-01-11;207;0;503;1;0.3;0.0
52;2021-01-12;171;0;674;1;0.4;0.0
52;2021-01-13;562;2;1236;3;0.7;0.0
52;2021-01-14;677;9;1913;12;1.1;0.0
52;2021-01-15;411;1;2324;13;1.4;0.0
52;2021-01-16;16;1;2340;14;1.4;0.0
52;2021-01-17;0;0;2340;14;1.4;0.0
52;2021-01-18;427;0;2767;14;1.6;0.0
52;2021-01-19;439;0;3206;14;1.9;0.0
52;2021-01-20;420;0;3626;14;2.1;0.0
52;2021-01-21;424;1;4050;15;2.4;0.0
52;2021-01-22;321;2;4371;17;2.6;0.0
52;2021-01-23;72;1;4443;18;2.6;0.0
52;2021-01-24;0;0;4443;18;2.6;0.0
52;2021-01-25;235;0;4678;18;2.8;0.0
52;2021-01-26;307;0;4985;18;2.9;0.0
52;2021-01-27;237;1;5222;19;3.1;0.0
52;2021-01-28;174;4;5396;23;3.2;0.0
52;2021-01-29;74;124;5470;147;3.2;0.1
52;2021-01-30;91;95;5561;242;3.3;0.1
52;2021-01-31;0;0;5561;242;3.3;0.1
52;2021-02-01;117;191;5678;433;3.4;0.3
52;2021-02-02;61;176;5739;609;3.4;0.4
52;2021-02-03;90;416;5829;1025;3.4;0.6
52;2021-02-04;231;594;6060;1619;3.6;1.0
52;2021-02-05;113;504;6173;2123;3.6;1.3
52;2021-02-06;22;0;6195;2123;3.7;1.3
52;2021-02-07;0;1;6195;2124;3.7;1.3
52;2021-02-08;34;207;6229;2331;3.7;1.4
52;2021-02-09;47;216;6276;2547;3.7;1.5
52;2021-02-10;88;191;6364;2738;3.8;1.6
52;2021-02-11;129;147;6493;2885;3.8;1.7
52;2021-02-12;188;129;6681;3014;3.9;1.8
52;2021-02-13;5;1;6686;3015;4.0;1.8
52;2021-02-14;0;16;6686;3031;4.0;1.8
52;2021-02-15;79;279;6765;3310;4.0;2.0
52;2021-02-16;50;357;6815;3667;4.0;2.2
52;2021-02-17;37;314;6852;3981;4.0;2.4
52;2021-02-18;82;281;6934;4262;4.1;2.5
52;2021-02-19;51;193;6985;4455;4.1;2.6
52;2021-02-20;14;110;6999;4565;4.1;2.7
52;2021-02-21;0;0;6999;4565;4.1;2.7
52;2021-02-22;42;384;7041;4949;4.2;2.9
52;2021-02-23;56;278;7097;5227;4.2;3.1
52;2021-02-24;81;246;7178;5473;4.2;3.2
52;2021-02-25;161;237;7339;5710;4.3;3.4
52;2021-02-26;296;182;7635;5892;4.5;3.5
52;2021-02-27;149;49;7784;5941;4.6;3.5
52;2021-02-28;0;0;7784;5941;4.6;3.5
52;2021-03-01;163;14;7947;5955;4.7;3.5
52;2021-03-02;198;50;8145;6005;4.8;3.5
52;2021-03-03;356;36;8501;6041;5.0;3.6
52;2021-03-04;378;58;8879;6099;5.2;3.6
52;2021-03-05;531;52;9410;6151;5.6;3.6
52;2021-03-06;409;35;9819;6186;5.8;3.7
52;2021-03-07;0;0;9819;6186;5.8;3.7
52;2021-03-08;398;111;10217;6297;6.0;3.7
52;2021-03-09;549;108;10766;6405;6.4;3.8
52;2021-03-10;308;109;11074;6514;6.5;3.8
52;2021-03-11;587;35;11661;6549;6.9;3.9
52;2021-03-12;584;67;12245;6616;7.2;3.9
52;2021-03-13;492;9;12737;6625;7.5;3.9
52;2021-03-14;15;3;12752;6628;7.5;3.9
52;2021-03-15;316;27;13068;6655;7.7;3.9
52;2021-03-16;203;15;13271;6670;7.8;3.9
52;2021-03-17;364;13;13635;6683;8.1;3.9
52;2021-03-18;442;9;14077;6692;8.3;4.0
52;2021-03-19;452;54;14529;6746;8.6;4.0
52;2021-03-20;259;12;14788;6758;8.7;4.0
52;2021-03-21;15;1;14803;6759;8.7;4.0
52;2021-03-22;375;49;15178;6808;9.0;4.0
52;2021-03-23;685;89;15863;6897;9.4;4.1
52;2021-03-24;771;71;16634;6968;9.8;4.1
52;2021-03-25;1141;87;17775;7055;10.5;4.2
52;2021-03-26;1036;139;18811;7194;11.1;4.3
52;2021-03-27;477;76;19288;7270;11.4;4.3
52;2021-03-28;53;0;19341;7270;11.4;4.3
52;2021-03-29;506;184;19847;7454;11.7;4.4
52;2021-03-30;870;295;20717;7749;12.2;4.6
52;2021-03-31;956;292;21673;8041;12.8;4.8
52;2021-04-01;1146;182;22819;8223;13.5;4.9
52;2021-04-02;958;105;23777;8328;14.0;4.9
52;2021-04-03;461;3;24238;8331;14.3;4.9
52;2021-04-04;1;1;24239;8332;14.3;4.9
52;2021-04-05;1;0;24240;8332;14.3;4.9
52;2021-04-06;432;295;24672;8627;14.6;5.1
52;2021-04-07;503;451;25175;9078;14.9;5.4
52;2021-04-08;860;211;26035;9289;15.4;5.5
52;2021-04-09;1059;130;27094;9419;16.0;5.6
52;2021-04-10;852;102;27946;9521;16.5;5.6
52;2021-04-11;96;1;28042;9522;16.6;5.6
52;2021-04-12;933;277;28975;9799;17.1;5.8
52;2021-04-13;1251;378;30226;10177;17.9;6.0
52;2021-04-14;1345;456;31571;10633;18.7;6.3
52;2021-04-15;1508;439;33079;11072;19.5;6.5
52;2021-04-16;1574;365;34653;11437;20.5;6.8
52;2021-04-17;1309;131;35962;11568;21.2;6.8
52;2021-04-18;510;29;36472;11597;21.5;6.9
52;2021-04-19;697;611;37169;12208;22.0;7.2
52;2021-04-20;1080;676;38249;12884;22.6;7.6
52;2021-04-21;1060;676;39309;13560;23.2;8.0
52;2021-04-22;1468;734;40777;14294;24.1;8.4
52;2021-04-23;1253;668;42030;14962;24.8;8.8
52;2021-04-24;477;293;42507;15255;25.1;9.0
52;2021-04-25;3;77;42510;15332;25.1;9.1
52;2021-04-26;631;561;43141;15893;25.5;9.4
52;2021-04-27;933;671;44074;16564;26.0;9.8
52;2021-04-28;1441;562;45515;17126;26.9;10.1
52;2021-04-29;1451;580;46966;17706;27.7;10.5
52;2021-04-30;1316;611;48282;18317;28.5;10.8
52;2021-05-01;8;232;48290;18549;28.5;11.0
52;2021-05-02;0;1;48290;18550;28.5;11.0
52;2021-05-03;1160;628;49450;19178;29.2;11.3
52;2021-05-04;1445;721;50895;19899;30.1;11.8
52;2021-05-05;1768;646;52663;20545;31.1;12.1
52;2021-05-06;1962;534;54625;21079;32.3;12.5
52;2021-05-07;1442;1172;56067;22251;33.1;13.1
52;2021-05-08;589;318;56656;22569;33.5;13.3
52;2021-05-09;1;47;56657;22616;33.5;13.4
52;2021-05-10;791;1101;57448;23717;33.9;14.0
52;2021-05-11;868;1395;58316;25112;34.5;14.8
52;2021-05-12;1208;1382;59524;26494;35.2;15.7
52;2021-05-13;67;184;59591;26678;35.2;15.8
52;2021-05-14;1185;1364;60776;28042;35.9;16.6
52;2021-05-15;491;929;61267;28971;36.2;17.1
52;2021-05-16;8;43;61275;29014;36.2;17.1
52;2021-05-17;1144;704;62419;29718;36.9;17.6
52;2021-05-18;1217;675;63636;30393;37.6;18.0
52;2021-05-19;1543;415;65179;30808;38.5;18.2
52;2021-05-20;1546;421;66725;31229;39.4;18.5
52;2021-05-21;1625;614;68350;31843;40.4;18.8
52;2021-05-22;1089;209;69439;32052;41.0;18.9
52;2021-05-23;1;0;69440;32052;41.0;18.9
52;2021-05-24;405;33;69845;32085;41.3;19.0
52;2021-05-25;1351;384;71196;32469;42.1;19.2
52;2021-05-26;1479;672;72675;33141;42.9;19.6
52;2021-05-27;1566;788;74241;33929;43.9;20.0
52;2021-05-28;1492;671;75733;34600;44.7;20.4
52;2021-05-29;696;834;76429;35434;45.2;20.9
52;2021-05-30;16;550;76445;35984;45.2;21.3
52;2021-05-31;824;830;77269;36814;45.7;21.8
52;2021-06-01;957;817;78226;37631;46.2;22.2
52;2021-06-02;895;754;79121;38385;46.7;22.7
52;2021-06-03;825;824;79946;39209;47.2;23.2
52;2021-06-04;884;1341;80830;40550;47.8;24.0
52;2021-06-05;581;637;81411;41187;48.1;24.3
52;2021-06-06;27;55;81438;41242;48.1;24.4
52;2021-06-07;359;931;81797;42173;48.3;24.9
52;2021-06-08;556;1469;82353;43642;48.7;25.8
52;2021-06-09;612;1474;82965;45116;49.0;26.7
52;2021-06-10;793;1159;83758;46275;49.5;27.3
52;2021-06-11;830;1349;84588;47624;50.0;28.1
52;2021-06-12;422;586;85010;48210;50.2;28.5
52;2021-06-13;1;6;85011;48216;50.2;28.5
52;2021-06-14;171;1413;85182;49629;50.3;29.3
52;2021-06-15;221;1810;85403;51439;50.5;30.4
52;2021-06-16;354;1995;85757;53434;50.7;31.6
52;2021-06-17;265;1156;86022;54590;50.8;32.3
52;2021-06-18;308;1553;86330;56143;51.0;33.2
52;2021-06-19;502;690;86832;56833;51.3;33.6
52;2021-06-20;1;17;86833;56850;51.3;33.6
52;2021-06-21;524;897;87357;57747;51.6;34.1
52;2021-06-22;503;1048;87860;58795;51.9;34.7
52;2021-06-23;562;1043;88422;59838;52.2;35.4
52;2021-06-24;609;718;89031;60556;52.6;35.8
52;2021-06-25;661;1313;89692;61869;53.0;36.6
52;2021-06-26;264;721;89956;62590;53.1;37.0
52;2021-06-27;1;8;89957;62598;53.2;37.0
52;2021-06-28;185;1443;90142;64041;53.3;37.8
52;2021-06-29;164;1414;90306;65455;53.4;38.7
52;2021-06-30;219;1468;90525;66923;53.5;39.5
52;2021-07-01;320;1021;90845;67944;53.7;40.1
52;2021-07-02;430;1455;91275;69399;53.9;41.0
52;2021-07-03;302;1147;91577;70546;54.1;41.7
52;2021-07-04;0;11;91577;70557;54.1;41.7
52;2021-07-05;173;1448;91750;72005;54.2;42.5
52;2021-07-06;284;1449;92034;73454;54.4;43.4
52;2021-07-07;309;1165;92343;74619;54.6;44.1
52;2021-07-08;472;1164;92815;75783;54.8;44.8
52;2021-07-09;288;1619;93103;77402;55.0;45.7
52;2021-07-10;155;822;93258;78224;55.1;46.2
52;2021-07-11;13;12;93271;78236;55.1;46.2
52;2021-07-12;284;1466;93555;79702;55.3;47.1
52;2021-07-13;590;1370;94145;81072;55.6;47.9
52;2021-07-14;437;152;94582;81224;55.9;48.0
52;2021-07-15;614;1428;95196;82652;56.2;48.8
52;2021-07-16;899;1338;96095;83990;56.8;49.6
52;2021-07-17;530;342;96625;84332;57.1;49.8
52;2021-07-18;3;12;96628;84344;57.1;49.8
52;2021-07-19;687;986;97315;85330;57.5;50.4
52;2021-07-20;1109;832;98424;86162;58.2;50.9
52;2021-07-21;1158;737;99582;86899;58.8;51.3
52;2021-07-22;1441;864;101023;87763;59.7;51.9
52;2021-07-23;1394;958;102417;88721;60.5;52.4
52;2021-07-24;873;486;103290;89207;61.0;52.7
52;2021-07-25;22;21;103312;89228;61.0;52.7
52;2021-07-26;1004;614;104316;89842;61.6;53.1
52;2021-07-27;1338;654;105654;90496;62.4;53.5
52;2021-07-28;1378;640;107032;91136;63.2;53.8
52;2021-07-29;1252;621;108284;91757;64.0;54.2
52;2021-07-30;1354;707;109638;92464;64.8;54.6
52;2021-07-31;872;547;110510;93011;65.3;55.0
52;2021-08-01;1;14;110511;93025;65.3;55.0
52;2021-08-02;1175;562;111686;93587;66.0;55.3
52;2021-08-03;1349;534;113035;94121;66.8;55.6
52;2021-08-04;1139;581;114174;94702;67.5;56.0
52;2021-08-05;1011;576;115185;95278;68.1;56.3
52;2021-08-06;1049;700;116234;95978;68.7;56.7
52;2021-08-07;517;420;116751;96398;69.0;57.0
52;2021-08-08;0;6;116751;96404;69.0;57.0
52;2021-08-09;459;871;117210;97275;69.3;57.5
52;2021-08-10;707;749;117917;98024;69.7;57.9
52;2021-08-11;524;836;118441;98860;70.0;58.4
52;2021-08-12;614;749;119055;99609;70.3;58.9
52;2021-08-13;404;1026;119459;100635;70.6;59.5
52;2021-08-14;417;360;119876;100995;70.8;59.7
52;2021-08-15;8;13;119884;101008;70.8;59.7
52;2021-08-16;325;938;120209;101946;71.0;60.2
52;2021-08-17;400;912;120609;102858;71.3;60.8
52;2021-08-18;474;944;121083;103802;71.5;61.3
52;2021-08-19;456;835;121539;104637;71.8;61.8
52;2021-08-20;384;1208;121923;105845;72.0;62.5
52;2021-08-21;394;603;122317;106448;72.3;62.9
52;2021-08-22;4;11;122321;106459;72.3;62.9
52;2021-08-23;424;1055;122745;107514;72.5;63.5
53;2020-12-27;0;0;0;0;0.0;0.0
53;2020-12-28;0;0;0;0;0.0;0.0
53;2020-12-29;0;0;0;0;0.0;0.0
53;2020-12-30;0;0;0;0;0.0;0.0
53;2020-12-31;0;0;0;0;0.0;0.0
53;2021-01-01;0;0;0;0;0.0;0.0
53;2021-01-02;0;0;0;0;0.0;0.0
53;2021-01-03;0;0;0;0;0.0;0.0
53;2021-01-04;1;0;1;0;0.0;0.0
53;2021-01-05;0;0;1;0;0.0;0.0
53;2021-01-06;0;0;1;0;0.0;0.0
53;2021-01-07;102;0;103;0;0.0;0.0
53;2021-01-08;284;1;387;1;0.1;0.0
53;2021-01-09;134;1;521;2;0.2;0.0
53;2021-01-10;15;0;536;2;0.2;0.0
53;2021-01-11;176;0;712;2;0.2;0.0
53;2021-01-12;454;1;1166;3;0.4;0.0
53;2021-01-13;253;0;1419;3;0.5;0.0
53;2021-01-14;290;7;1709;10;0.6;0.0
53;2021-01-15;343;4;2052;14;0.7;0.0
53;2021-01-16;61;0;2113;14;0.7;0.0
53;2021-01-17;24;1;2137;15;0.7;0.0
53;2021-01-18;364;0;2501;15;0.8;0.0
53;2021-01-19;594;0;3095;15;1.0;0.0
53;2021-01-20;742;0;3837;15;1.3;0.0
53;2021-01-21;769;2;4606;17;1.5;0.0
53;2021-01-22;705;2;5311;19;1.7;0.0
53;2021-01-23;160;1;5471;20;1.8;0.0
53;2021-01-24;6;0;5477;20;1.8;0.0
53;2021-01-25;550;0;6027;20;2.0;0.0
53;2021-01-26;1198;6;7225;26;2.4;0.0
53;2021-01-27;696;6;7921;32;2.6;0.0
53;2021-01-28;737;95;8658;127;2.8;0.0
53;2021-01-29;422;187;9080;314;3.0;0.1
53;2021-01-30;128;0;9208;314;3.0;0.1
53;2021-01-31;0;0;9208;314;3.0;0.1
53;2021-02-01;298;149;9506;463;3.1;0.2
53;2021-02-02;309;231;9815;694;3.2;0.2
53;2021-02-03;227;377;10042;1071;3.3;0.4
53;2021-02-04;184;332;10226;1403;3.3;0.5
53;2021-02-05;234;303;10460;1706;3.4;0.6
53;2021-02-06;153;23;10613;1729;3.5;0.6
53;2021-02-07;0;0;10613;1729;3.5;0.6
53;2021-02-08;168;107;10781;1836;3.5;0.6
53;2021-02-09;369;215;11150;2051;3.7;0.7
53;2021-02-10;266;435;11416;2486;3.7;0.8
53;2021-02-11;432;492;11848;2978;3.9;1.0
53;2021-02-12;318;575;12166;3553;4.0;1.2
53;2021-02-13;96;66;12262;3619;4.0;1.2
53;2021-02-14;0;99;12262;3718;4.0;1.2
53;2021-02-15;239;430;12501;4148;4.1;1.4
53;2021-02-16;528;840;13029;4988;4.3;1.6
53;2021-02-17;391;616;13420;5604;4.4;1.8
53;2021-02-18;546;578;13966;6182;4.6;2.0
53;2021-02-19;895;426;14861;6608;4.9;2.2
53;2021-02-20;139;113;15000;6721;4.9;2.2
53;2021-02-21;1;20;15001;6741;4.9;2.2
53;2021-02-22;161;584;15162;7325;5.0;2.4
53;2021-02-23;59;657;15221;7982;5.0;2.6
53;2021-02-24;137;517;15358;8499;5.0;2.8
53;2021-02-25;457;359;15815;8858;5.2;2.9
53;2021-02-26;439;263;16254;9121;5.3;3.0
53;2021-02-27;86;115;16340;9236;5.4;3.0
53;2021-02-28;0;0;16340;9236;5.4;3.0
53;2021-03-01;230;281;16570;9517;5.4;3.1
53;2021-03-02;246;255;16816;9772;5.5;3.2
53;2021-03-03;320;393;17136;10165;5.6;3.3
53;2021-03-04;859;340;17995;10505;5.9;3.4
53;2021-03-05;659;280;18654;10785;6.1;3.5
53;2021-03-06;447;212;19101;10997;6.3;3.6
53;2021-03-07;276;5;19377;11002;6.3;3.6
53;2021-03-08;375;181;19752;11183;6.5;3.7
53;2021-03-09;878;246;20630;11429;6.8;3.7
53;2021-03-10;807;109;21437;11538;7.0;3.8
53;2021-03-11;1247;226;22684;11764;7.4;3.9
53;2021-03-12;1603;147;24287;11911;8.0;3.9
53;2021-03-13;824;12;25111;11923;8.2;3.9
53;2021-03-14;1;0;25112;11923;8.2;3.9
53;2021-03-15;1002;298;26114;12221;8.6;4.0
53;2021-03-16;1035;329;27149;12550;8.9;4.1
53;2021-03-17;685;259;27834;12809;9.1;4.2
53;2021-03-18;972;344;28806;13153;9.4;4.3
53;2021-03-19;1344;599;30150;13752;9.9;4.5
53;2021-03-20;592;16;30742;13768;10.1;4.5
53;2021-03-21;2;0;30744;13768;10.1;4.5
53;2021-03-22;1212;156;31956;13924;10.5;4.6
53;2021-03-23;1698;70;33654;13994;11.0;4.6
53;2021-03-24;1323;117;34977;14111;11.5;4.6
53;2021-03-25;2323;232;37300;14343;12.2;4.7
53;2021-03-26;1882;150;39182;14493;12.8;4.7
53;2021-03-27;339;4;39521;14497;12.9;4.7
53;2021-03-28;2;0;39523;14497;12.9;4.7
53;2021-03-29;1474;212;40997;14709;13.4;4.8
53;2021-03-30;1944;201;42941;14910;14.1;4.9
53;2021-03-31;1791;222;44732;15132;14.6;5.0
53;2021-04-01;1947;674;46679;15806;15.3;5.2
53;2021-04-02;2076;227;48755;16033;16.0;5.3
53;2021-04-03;414;1;49169;16034;16.1;5.3
53;2021-04-04;10;0;49179;16034;16.1;5.3
53;2021-04-05;9;15;49188;16049;16.1;5.3
53;2021-04-06;1304;500;50492;16549;16.5;5.4
53;2021-04-07;1176;925;51668;17474;16.9;5.7
53;2021-04-08;1663;1006;53331;18480;17.5;6.1
53;2021-04-09;1958;403;55289;18883;18.1;6.2
53;2021-04-10;543;13;55832;18896;18.3;6.2
53;2021-04-11;12;0;55844;18896;18.3;6.2
53;2021-04-12;695;1067;56539;19963;18.5;6.5
53;2021-04-13;1470;1108;58009;21071;19.0;6.9
53;2021-04-14;1023;735;59032;21806;19.3;7.1
53;2021-04-15;1158;1107;60190;22913;19.7;7.5
53;2021-04-16;1272;815;61462;23728;20.1;7.8
53;2021-04-17;281;274;61743;24002;20.2;7.9
53;2021-04-18;0;0;61743;24002;20.2;7.9
53;2021-04-19;680;1068;62423;25070;20.4;8.2
53;2021-04-20;936;1450;63359;26520;20.7;8.7
53;2021-04-21;850;1012;64209;27532;21.0;9.0
53;2021-04-22;1046;1613;65255;29145;21.4;9.5
53;2021-04-23;1329;1056;66584;30201;21.8;9.9
53;2021-04-24;68;7;66652;30208;21.8;9.9
53;2021-04-25;6;39;66658;30247;21.8;9.9
53;2021-04-26;368;1238;67026;31485;21.9;10.3
53;2021-04-27;724;1972;67750;33457;22.2;11.0
53;2021-04-28;977;1393;68727;34850;22.5;11.4
53;2021-04-29;1051;1713;69778;36563;22.9;12.0
53;2021-04-30;1367;1312;71145;37875;23.3;12.4
53;2021-05-01;36;50;71181;37925;23.3;12.4
53;2021-05-02;0;0;71181;37925;23.3;12.4
53;2021-05-03;1570;707;72751;38632;23.8;12.7
53;2021-05-04;1304;1443;74055;40075;24.3;13.1
53;2021-05-05;1611;827;75666;40902;24.8;13.4
53;2021-05-06;1391;1397;77057;42299;25.2;13.9
53;2021-05-07;1538;1303;78595;43602;25.7;14.3
53;2021-05-08;939;36;79534;43638;26.0;14.3
53;2021-05-09;11;2;79545;43640;26.0;14.3
53;2021-05-10;2416;815;81961;44455;26.8;14.6
53;2021-05-11;3096;1286;85057;45741;27.9;15.0
53;2021-05-12;2750;1092;87807;46833;28.8;15.3
53;2021-05-13;350;28;88157;46861;28.9;15.3
53;2021-05-14;2020;678;90177;47539;29.5;15.6
53;2021-05-15;1058;64;91235;47603;29.9;15.6
53;2021-05-16;3;0;91238;47603;29.9;15.6
53;2021-05-17;1701;1196;92939;48799;30.4;16.0
53;2021-05-18;1881;1548;94820;50347;31.1;16.5
53;2021-05-19;2304;743;97124;51090;31.8;16.7
53;2021-05-20;3217;865;100341;51955;32.9;17.0
53;2021-05-21;2798;828;103139;52783;33.8;17.3
53;2021-05-22;21;60;103160;52843;33.8;17.3
53;2021-05-23;0;0;103160;52843;33.8;17.3
53;2021-05-24;8;6;103168;52849;33.8;17.3
53;2021-05-25;1819;803;104987;53652;34.4;17.6
53;2021-05-26;1852;905;106839;54557;35.0;17.9
53;2021-05-27;3072;1077;109911;55634;36.0;18.2
53;2021-05-28;2562;878;112473;56512;36.8;18.5
53;2021-05-29;846;244;113319;56756;37.1;18.6
53;2021-05-30;18;6;113337;56762;37.1;18.6
53;2021-05-31;2564;803;115901;57565;38.0;18.9
53;2021-06-01;3491;1259;119392;58824;39.1;19.3
53;2021-06-02;3184;527;122576;59351;40.1;19.4
53;2021-06-03;4198;786;126774;60137;41.5;19.7
53;2021-06-04;3180;1265;129954;61402;42.6;20.1
53;2021-06-05;137;245;130091;61647;42.6;20.2
53;2021-06-06;1;4;130092;61651;42.6;20.2
53;2021-06-07;2629;923;132721;62574;43.5;20.5
53;2021-06-08;3589;1130;136310;63704;44.6;20.9
53;2021-06-09;2453;940;138763;64644;45.4;21.2
53;2021-06-10;3521;849;142284;65493;46.6;21.4
53;2021-06-11;2966;1213;145250;66706;47.6;21.8
53;2021-06-12;108;138;145358;66844;47.6;21.9
53;2021-06-13;10;2;145368;66846;47.6;21.9
53;2021-06-14;1600;1790;146968;68636;48.1;22.5
53;2021-06-15;1899;2263;148867;70899;48.8;23.2
53;2021-06-16;1826;1730;150693;72629;49.3;23.8
53;2021-06-17;3013;1648;153706;74277;50.3;24.3
53;2021-06-18;2702;1809;156408;76086;51.2;24.9
53;2021-06-19;762;1166;157170;77252;51.5;25.3
53;2021-06-20;3;479;157173;77731;51.5;25.5
53;2021-06-21;919;2526;158092;80257;51.8;26.3
53;2021-06-22;1299;3453;159391;83710;52.2;27.4
53;2021-06-23;1362;2892;160753;86602;52.6;28.4
53;2021-06-24;1803;2032;162556;88634;53.2;29.0
53;2021-06-25;1784;2045;164340;90679;53.8;29.7
53;2021-06-26;977;350;165317;91029;54.1;29.8
53;2021-06-27;8;8;165325;91037;54.1;29.8
53;2021-06-28;662;2899;165987;93936;54.4;30.8
53;2021-06-29;858;3649;166845;97585;54.6;32.0
53;2021-06-30;748;1518;167593;99103;54.9;32.5
53;2021-07-01;1506;2633;169099;101736;55.4;33.3
53;2021-07-02;1528;2027;170627;103763;55.9;34.0
53;2021-07-03;857;572;171484;104335;56.2;34.2
53;2021-07-04;0;4;171484;104339;56.2;34.2
53;2021-07-05;542;2060;172026;106399;56.3;34.8
53;2021-07-06;861;3616;172887;110015;56.6;36.0
53;2021-07-07;1025;2652;173912;112667;57.0;36.9
53;2021-07-08;1313;3117;175225;115784;57.4;37.9
53;2021-07-09;1131;3396;176356;119180;57.8;39.0
53;2021-07-10;422;1000;176778;120180;57.9;39.4
53;2021-07-11;12;20;176790;120200;57.9;39.4
53;2021-07-12;503;3709;177293;123909;58.1;40.6
53;2021-07-13;893;4763;178186;128672;58.4;42.1
53;2021-07-14;104;284;178290;128956;58.4;42.2
53;2021-07-15;1111;4349;179401;133305;58.7;43.7
53;2021-07-16;1247;3849;180648;137154;59.2;44.9
53;2021-07-17;1316;299;181964;137453;59.6;45.0
53;2021-07-18;27;20;181991;137473;59.6;45.0
53;2021-07-19;733;3428;182724;140901;59.8;46.1
53;2021-07-20;979;4127;183703;145028;60.2;47.5
53;2021-07-21;684;3274;184387;148302;60.4;48.6
53;2021-07-22;1512;3524;185899;151826;60.9;49.7
53;2021-07-23;1604;3760;187503;155586;61.4;51.0
53;2021-07-24;956;281;188459;155867;61.7;51.0
53;2021-07-25;60;25;188519;155892;61.7;51.1
53;2021-07-26;1726;1942;190245;157834;62.3;51.7
53;2021-07-27;2354;2829;192599;160663;63.1;52.6
53;2021-07-28;2140;2819;194739;163482;63.8;53.5
53;2021-07-29;2490;2546;197229;166028;64.6;54.4
53;2021-07-30;1823;2650;199052;168678;65.2;55.2
53;2021-07-31;626;232;199678;168910;65.4;55.3
53;2021-08-01;37;25;199715;168935;65.4;55.3
53;2021-08-02;2082;1730;201797;170665;66.1;55.9
53;2021-08-03;2407;1905;204204;172570;66.9;56.5
53;2021-08-04;2472;1857;206676;174427;67.7;57.1
53;2021-08-05;2859;1538;209535;175965;68.6;57.6
53;2021-08-06;2509;1713;212044;177678;69.4;58.2
53;2021-08-07;479;270;212523;177948;69.6;58.3
53;2021-08-08;6;19;212529;177967;69.6;58.3
53;2021-08-09;1837;1647;214366;179614;70.2;58.8
53;2021-08-10;2316;1747;216682;181361;71.0;59.4
53;2021-08-11;1678;860;218360;182221;71.5;59.7
53;2021-08-12;1998;981;220358;183202;72.2;60.0
53;2021-08-13;2036;1300;222394;184502;72.8;60.4
53;2021-08-14;66;63;222460;184565;72.9;60.4
53;2021-08-15;1;2;222461;184567;72.9;60.4
53;2021-08-16;1327;1596;223788;186163;73.3;61.0
53;2021-08-17;1546;1654;225334;187817;73.8;61.5
53;2021-08-18;1515;1597;226849;189414;74.3;62.0
53;2021-08-19;1372;1970;228221;191384;74.7;62.7
53;2021-08-20;1092;2079;229313;193463;75.1;63.4
53;2021-08-21;187;342;229500;193805;75.2;63.5
53;2021-08-22;0;0;229500;193805;75.2;63.5
53;2021-08-23;840;1907;230340;195712;75.4;64.1
54;2020-12-27;0;0;0;0;0.0;0.0
54;2020-12-28;1;0;1;0;0.0;0.0
54;2020-12-29;0;0;1;0;0.0;0.0
54;2020-12-30;0;0;1;0;0.0;0.0
54;2020-12-31;10;0;11;0;0.0;0.0
54;2021-01-01;0;0;11;0;0.0;0.0
54;2021-01-02;0;0;11;0;0.0;0.0
54;2021-01-03;1;0;12;0;0.0;0.0
54;2021-01-04;163;0;175;0;0.0;0.0
54;2021-01-05;395;0;570;0;0.1;0.0
54;2021-01-06;650;1;1220;1;0.2;0.0
54;2021-01-07;817;2;2037;3;0.3;0.0
54;2021-01-08;706;3;2743;6;0.4;0.0
54;2021-01-09;81;0;2824;6;0.4;0.0
54;2021-01-10;78;0;2902;6;0.4;0.0
54;2021-01-11;974;3;3876;9;0.5;0.0
54;2021-01-12;1180;1;5056;10;0.7;0.0
54;2021-01-13;2424;8;7480;18;1.0;0.0
54;2021-01-14;3400;30;10880;48;1.5;0.0
54;2021-01-15;2719;14;13599;62;1.9;0.0
54;2021-01-16;815;3;14414;65;2.0;0.0
54;2021-01-17;210;0;14624;65;2.0;0.0
54;2021-01-18;1556;6;16180;71;2.2;0.0
54;2021-01-19;1705;0;17885;71;2.4;0.0
54;2021-01-20;1524;4;19409;75;2.7;0.0
54;2021-01-21;1371;4;20780;79;2.8;0.0
54;2021-01-22;1092;8;21872;87;3.0;0.0
54;2021-01-23;478;1;22350;88;3.1;0.0
54;2021-01-24;66;0;22416;88;3.1;0.0
54;2021-01-25;940;30;23356;118;3.2;0.0
54;2021-01-26;142;5;23498;123;3.2;0.0
54;2021-01-27;12;172;23510;295;3.2;0.0
54;2021-01-28;32;232;23542;527;3.2;0.1
54;2021-01-29;18;278;23560;805;3.2;0.1
54;2021-01-30;6;0;23566;805;3.2;0.1
54;2021-01-31;1;0;23567;805;3.2;0.1
54;2021-02-01;13;786;23580;1591;3.2;0.2
54;2021-02-02;23;969;23603;2560;3.2;0.4
54;2021-02-03;364;1530;23967;4090;3.3;0.6
54;2021-02-04;737;2451;24704;6541;3.4;0.9
54;2021-02-05;796;1893;25500;8434;3.5;1.2
54;2021-02-06;204;337;25704;8771;3.5;1.2
54;2021-02-07;4;126;25708;8897;3.5;1.2
54;2021-02-08;117;998;25825;9895;3.5;1.4
54;2021-02-09;305;1071;26130;10966;3.6;1.5
54;2021-02-10;385;797;26515;11763;3.6;1.6
54;2021-02-11;294;819;26809;12582;3.7;1.7
54;2021-02-12;449;1299;27258;13881;3.7;1.9
54;2021-02-13;148;236;27406;14117;3.8;1.9
54;2021-02-14;9;11;27415;14128;3.8;1.9
54;2021-02-15;434;1135;27849;15263;3.8;2.1
54;2021-02-16;401;1224;28250;16487;3.9;2.3
54;2021-02-17;518;957;28768;17444;3.9;2.4
54;2021-02-18;594;781;29362;18225;4.0;2.5
54;2021-02-19;520;778;29882;19003;4.1;2.6
54;2021-02-20;33;284;29915;19287;4.1;2.6
54;2021-02-21;3;25;29918;19312;4.1;2.6
54;2021-02-22;484;603;30402;19915;4.2;2.7
54;2021-02-23;679;558;31081;20473;4.3;2.8
54;2021-02-24;728;355;31809;20828;4.4;2.9
54;2021-02-25;1475;722;33284;21550;4.6;3.0
54;2021-02-26;1772;789;35056;22339;4.8;3.1
54;2021-02-27;698;110;35754;22449;4.9;3.1
54;2021-02-28;11;28;35765;22477;4.9;3.1
54;2021-03-01;651;219;36416;22696;5.0;3.1
54;2021-03-02;1503;145;37919;22841;5.2;3.1
54;2021-03-03;1763;62;39682;22903;5.4;3.1
54;2021-03-04;2028;98;41710;23001;5.7;3.1
54;2021-03-05;2796;143;44506;23144;6.1;3.2
54;2021-03-06;4045;112;48551;23256;6.6;3.2
54;2021-03-07;2626;70;51177;23326;7.0;3.2
54;2021-03-08;1336;66;52513;23392;7.2;3.2
54;2021-03-09;2646;103;55159;23495;7.6;3.2
54;2021-03-10;3195;110;58354;23605;8.0;3.2
54;2021-03-11;3392;101;61746;23706;8.5;3.2
54;2021-03-12;4979;183;66725;23889;9.1;3.3
54;2021-03-13;4205;124;70930;24013;9.7;3.3
54;2021-03-14;543;39;71473;24052;9.8;3.3
54;2021-03-15;1719;103;73192;24155;10.0;3.3
54;2021-03-16;1734;176;74926;24331;10.3;3.3
54;2021-03-17;2082;151;77008;24482;10.5;3.4
54;2021-03-18;2060;170;79068;24652;10.8;3.4
54;2021-03-19;3319;271;82387;24923;11.3;3.4
54;2021-03-20;2311;76;84698;24999;11.6;3.4
54;2021-03-21;295;15;84993;25014;11.6;3.4
54;2021-03-22;1034;334;86027;25348;11.8;3.5
54;2021-03-23;1936;524;87963;25872;12.0;3.5
54;2021-03-24;2194;714;90157;26586;12.3;3.6
54;2021-03-25;3176;729;93333;27315;12.8;3.7
54;2021-03-26;3517;822;96850;28137;13.3;3.9
54;2021-03-27;2419;287;99269;28424;13.6;3.9
54;2021-03-28;278;5;99547;28429;13.6;3.9
54;2021-03-29;1669;387;101216;28816;13.9;3.9
54;2021-03-30;2557;981;103773;29797;14.2;4.1
54;2021-03-31;2598;1156;106371;30953;14.6;4.2
54;2021-04-01;3234;1282;109605;32235;15.0;4.4
54;2021-04-02;2967;1687;112572;33922;15.4;4.6
54;2021-04-03;1263;1312;113835;35234;15.6;4.8
54;2021-04-04;137;422;113972;35656;15.6;4.9
54;2021-04-05;145;575;114117;36231;15.6;5.0
54;2021-04-06;1268;1668;115385;37899;15.8;5.2
54;2021-04-07;925;2268;116310;40167;15.9;5.5
54;2021-04-08;2327;2447;118637;42614;16.2;5.8
54;2021-04-09;4126;3156;122763;45770;16.8;6.3
54;2021-04-10;3210;1680;125973;47450;17.2;6.5
54;2021-04-11;206;1001;126179;48451;17.3;6.6
54;2021-04-12;2198;1536;128377;49987;17.6;6.8
54;2021-04-13;3002;1979;131379;51966;18.0;7.1
54;2021-04-14;3261;1871;134640;53837;18.4;7.4
54;2021-04-15;2877;2295;137517;56132;18.8;7.7
54;2021-04-16;3140;2603;140657;58735;19.3;8.0
54;2021-04-17;3474;1491;144131;60226;19.7;8.2
54;2021-04-18;64;245;144195;60471;19.7;8.3
54;2021-04-19;2462;1081;146657;61552;20.1;8.4
54;2021-04-20;3012;1250;149669;62802;20.5;8.6
54;2021-04-21;4402;1634;154071;64436;21.1;8.8
54;2021-04-22;3721;2387;157792;66823;21.6;9.1
54;2021-04-23;3866;2076;161658;68899;22.1;9.4
54;2021-04-24;2345;1038;164003;69937;22.5;9.6
54;2021-04-25;283;276;164286;70213;22.5;9.6
54;2021-04-26;2305;1272;166591;71485;22.8;9.8
54;2021-04-27;3288;1438;169879;72923;23.3;10.0
54;2021-04-28;2977;1956;172856;74879;23.7;10.3
54;2021-04-29;3794;2084;176650;76963;24.2;10.5
54;2021-04-30;4491;1977;181141;78940;24.8;10.8
54;2021-05-01;2264;803;183405;79743;25.1;10.9
54;2021-05-02;229;68;183634;79811;25.1;10.9
54;2021-05-03;3094;943;186728;80754;25.6;11.1
54;2021-05-04;3516;1448;190244;82202;26.0;11.3
54;2021-05-05;4896;1413;195140;83615;26.7;11.4
54;2021-05-06;4436;2800;199576;86415;27.3;11.8
54;2021-05-07;4825;3414;204401;89829;28.0;12.3
54;2021-05-08;2030;645;206431;90474;28.3;12.4
54;2021-05-09;375;136;206806;90610;28.3;12.4
54;2021-05-10;3207;2240;210013;92850;28.8;12.7
54;2021-05-11;5491;2936;215504;95786;29.5;13.1
54;2021-05-12;4145;3388;219649;99174;30.1;13.6
54;2021-05-13;2646;490;222295;99664;30.4;13.6
54;2021-05-14;6884;1994;229179;101658;31.4;13.9
54;2021-05-15;5481;1316;234660;102974;32.1;14.1
54;2021-05-16;946;109;235606;103083;32.3;14.1
54;2021-05-17;3795;826;239401;103909;32.8;14.2
54;2021-05-18;3288;1103;242689;105012;33.2;14.4
54;2021-05-19;3467;1514;246156;106526;33.7;14.6
54;2021-05-20;4538;1623;250694;108149;34.3;14.8
54;2021-05-21;6747;2513;257441;110662;35.2;15.2
54;2021-05-22;5657;1365;263098;112027;36.0;15.3
54;2021-05-23;504;54;263602;112081;36.1;15.3
54;2021-05-24;1444;342;265046;112423;36.3;15.4
54;2021-05-25;4188;1542;269234;113965;36.9;15.6
54;2021-05-26;3535;2219;272769;116184;37.3;15.9
54;2021-05-27;4182;2439;276951;118623;37.9;16.2
54;2021-05-28;4973;3566;281924;122189;38.6;16.7
54;2021-05-29;3848;3989;285772;126178;39.1;17.3
54;2021-05-30;127;83;285899;126261;39.1;17.3
54;2021-05-31;2939;3069;288838;129330;39.5;17.7
54;2021-06-01;2620;4204;291458;133534;39.9;18.3
54;2021-06-02;2165;4086;293623;137620;40.2;18.8
54;2021-06-03;3146;5663;296769;143283;40.6;19.6
54;2021-06-04;5099;5485;301868;148768;41.3;20.4
54;2021-06-05;2342;3287;304210;152055;41.6;20.8
54;2021-06-06;71;236;304281;152291;41.7;20.9
54;2021-06-07;3705;2933;307986;155224;42.2;21.3
54;2021-06-08;4541;4271;312527;159495;42.8;21.8
54;2021-06-09;6001;3315;318528;162810;43.6;22.3
54;2021-06-10;5301;4444;323829;167254;44.3;22.9
54;2021-06-11;5016;4913;328845;172167;45.0;23.6
54;2021-06-12;4241;3229;333086;175396;45.6;24.0
54;2021-06-13;54;210;333140;175606;45.6;24.0
54;2021-06-14;2330;3593;335470;179199;45.9;24.5
54;2021-06-15;2826;4735;338296;183934;46.3;25.2
54;2021-06-16;3486;5654;341782;189588;46.8;26.0
54;2021-06-17;3138;5220;344920;194808;47.2;26.7
54;2021-06-18;4156;6240;349076;201048;47.8;27.5
54;2021-06-19;2645;3123;351721;204171;48.2;28.0
54;2021-06-20;101;339;351822;204510;48.2;28.0
54;2021-06-21;2555;4764;354377;209274;48.5;28.7
54;2021-06-22;2042;6226;356419;215500;48.8;29.5
54;2021-06-23;2245;5592;358664;221092;49.1;30.3
54;2021-06-24;2091;3457;360755;224549;49.4;30.7
54;2021-06-25;2199;7056;362954;231605;49.7;31.7
54;2021-06-26;2382;5671;365336;237276;50.0;32.5
54;2021-06-27;133;608;365469;237884;50.0;32.6
54;2021-06-28;1958;4350;367427;242234;50.3;33.2
54;2021-06-29;1937;5207;369364;247441;50.6;33.9
54;2021-06-30;1982;5121;371346;252562;50.8;34.6
54;2021-07-01;2136;5982;373482;258544;51.1;35.4
54;2021-07-02;2817;7559;376299;266103;51.5;36.4
54;2021-07-03;2834;4095;379133;270198;51.9;37.0
54;2021-07-04;195;498;379328;270696;51.9;37.1
54;2021-07-05;1671;4253;380999;274949;52.2;37.6
54;2021-07-06;2004;5075;383003;280024;52.4;38.3
54;2021-07-07;1902;4837;384905;284861;52.7;39.0
54;2021-07-08;1679;4112;386584;288973;52.9;39.6
54;2021-07-09;3206;6021;389790;294994;53.4;40.4
54;2021-07-10;2542;4371;392332;299365;53.7;41.0
54;2021-07-11;8;103;392340;299468;53.7;41.0
54;2021-07-12;2097;4686;394437;304154;54.0;41.6
54;2021-07-13;2618;4971;397055;309125;54.4;42.3
54;2021-07-14;1534;1504;398589;310629;54.6;42.5
54;2021-07-15;3175;4837;401764;315466;55.0;43.2
54;2021-07-16;4665;6228;406429;321694;55.6;44.0
54;2021-07-17;4000;4767;410429;326461;56.2;44.7
54;2021-07-18;1803;1680;412232;328141;56.4;44.9
54;2021-07-19;2582;4039;414814;332180;56.8;45.5
54;2021-07-20;2899;4812;417713;336992;57.2;46.1
54;2021-07-21;3125;6334;420838;343326;57.6;47.0
54;2021-07-22;3265;5734;424103;349060;58.1;47.8
54;2021-07-23;3976;7011;428079;356071;58.6;48.8
54;2021-07-24;2937;5324;431016;361395;59.0;49.5
54;2021-07-25;70;50;431086;361445;59.0;49.5
54;2021-07-26;2969;4177;434055;365622;59.4;50.1
54;2021-07-27;3698;4012;437753;369634;59.9;50.6
54;2021-07-28;5183;3856;442936;373490;60.6;51.1
54;2021-07-29;5124;3210;448060;376700;61.3;51.6
54;2021-07-30;5106;4995;453166;381695;62.0;52.3
54;2021-07-31;4499;3224;457665;384919;62.7;52.7
54;2021-08-01;256;74;457921;384993;62.7;52.7
54;2021-08-02;3054;3709;460975;388702;63.1;53.2
54;2021-08-03;4051;2928;465026;391630;63.7;53.6
54;2021-08-04;4334;2687;469360;394317;64.3;54.0
54;2021-08-05;4550;2425;473910;396742;64.9;54.3
54;2021-08-06;5369;3996;479279;400738;65.6;54.9
54;2021-08-07;3624;2823;482903;403561;66.1;55.3
54;2021-08-08;247;114;483150;403675;66.1;55.3
54;2021-08-09;2889;2689;486039;406364;66.5;55.6
54;2021-08-10;2506;3765;488545;410129;66.9;56.2
54;2021-08-11;2314;2566;490859;412695;67.2;56.5
54;2021-08-12;2148;3008;493007;415703;67.5;56.9
54;2021-08-13;2588;4443;495595;420146;67.9;57.5
54;2021-08-14;1410;2070;497005;422216;68.0;57.8
54;2021-08-15;30;43;497035;422259;68.0;57.8
54;2021-08-16;1823;3426;498858;425685;68.3;58.3
54;2021-08-17;1928;3310;500786;428995;68.6;58.7
54;2021-08-18;1486;4089;502272;433084;68.8;59.3
54;2021-08-19;1225;2786;503497;435870;68.9;59.7
54;2021-08-20;1840;4918;505337;440788;69.2;60.3
54;2021-08-21;1454;4011;506791;444799;69.4;60.9
54;2021-08-22;58;27;506849;444826;69.4;60.9
54;2021-08-23;1176;3834;508025;448660;69.6;61.4
55;2020-12-27;0;0;0;0;0.0;0.0
55;2020-12-28;0;0;0;0;0.0;0.0
55;2020-12-29;0;0;0;0;0.0;0.0
55;2020-12-30;0;0;0;0;0.0;0.0
55;2020-12-31;0;0;0;0;0.0;0.0
55;2021-01-01;0;0;0;0;0.0;0.0
55;2021-01-02;0;0;0;0;0.0;0.0
55;2021-01-03;0;0;0;0;0.0;0.0
55;2021-01-04;1;0;1;0;0.0;0.0
55;2021-01-05;0;0;1;0;0.0;0.0
55;2021-01-06;0;0;1;0;0.0;0.0
55;2021-01-07;122;0;123;0;0.1;0.0
55;2021-01-08;127;0;250;0;0.1;0.0
55;2021-01-09;52;0;302;0;0.2;0.0
55;2021-01-10;0;0;302;0;0.2;0.0
55;2021-01-11;128;1;430;1;0.2;0.0
55;2021-01-12;119;0;549;1;0.3;0.0
55;2021-01-13;135;0;684;1;0.4;0.0
55;2021-01-14;643;6;1327;7;0.7;0.0
55;2021-01-15;237;0;1564;7;0.9;0.0
55;2021-01-16;62;0;1626;7;0.9;0.0
55;2021-01-17;1;0;1627;7;0.9;0.0
55;2021-01-18;413;1;2040;8;1.1;0.0
55;2021-01-19;352;3;2392;11;1.3;0.0
55;2021-01-20;453;2;2845;13;1.6;0.0
55;2021-01-21;430;0;3275;13;1.8;0.0
55;2021-01-22;391;0;3666;13;2.0;0.0
55;2021-01-23;49;0;3715;13;2.0;0.0
55;2021-01-24;0;0;3715;13;2.0;0.0
55;2021-01-25;436;0;4151;13;2.3;0.0
55;2021-01-26;431;0;4582;13;2.5;0.0
55;2021-01-27;424;0;5006;13;2.8;0.0
55;2021-01-28;485;100;5491;113;3.0;0.1
55;2021-01-29;159;54;5650;167;3.1;0.1
55;2021-01-30;92;28;5742;195;3.2;0.1
55;2021-01-31;0;0;5742;195;3.2;0.1
55;2021-02-01;153;177;5895;372;3.2;0.2
55;2021-02-02;159;148;6054;520;3.3;0.3
55;2021-02-03;53;160;6107;680;3.4;0.4
55;2021-02-04;234;398;6341;1078;3.5;0.6
55;2021-02-05;174;139;6515;1217;3.6;0.7
55;2021-02-06;62;56;6577;1273;3.6;0.7
55;2021-02-07;2;53;6579;1326;3.6;0.7
55;2021-02-08;0;18;6579;1344;3.6;0.7
55;2021-02-09;92;117;6671;1461;3.7;0.8
55;2021-02-10;65;22;6736;1483;3.7;0.8
55;2021-02-11;175;98;6911;1581;3.8;0.9
55;2021-02-12;94;28;7005;1609;3.9;0.9
55;2021-02-13;0;0;7005;1609;3.9;0.9
55;2021-02-14;0;0;7005;1609;3.9;0.9
55;2021-02-15;15;418;7020;2027;3.9;1.1
55;2021-02-16;143;396;7163;2423;3.9;1.3
55;2021-02-17;26;491;7189;2914;4.0;1.6
55;2021-02-18;20;343;7209;3257;4.0;1.8
55;2021-02-19;124;289;7333;3546;4.0;2.0
55;2021-02-20;11;0;7344;3546;4.0;2.0
55;2021-02-21;0;0;7344;3546;4.0;2.0
55;2021-02-22;55;457;7399;4003;4.1;2.2
55;2021-02-23;85;441;7484;4444;4.1;2.4
55;2021-02-24;72;415;7556;4859;4.2;2.7
55;2021-02-25;270;682;7826;5541;4.3;3.1
55;2021-02-26;324;235;8150;5776;4.5;3.2
55;2021-02-27;125;87;8275;5863;4.6;3.2
55;2021-02-28;2;8;8277;5871;4.6;3.2
55;2021-03-01;77;141;8354;6012;4.6;3.3
55;2021-03-02;124;170;8478;6182;4.7;3.4
55;2021-03-03;198;3;8676;6185;4.8;3.4
55;2021-03-04;238;43;8914;6228;4.9;3.4
55;2021-03-05;362;46;9276;6274;5.1;3.5
55;2021-03-06;223;6;9499;6280;5.2;3.5
55;2021-03-07;69;1;9568;6281;5.3;3.5
55;2021-03-08;327;49;9895;6330;5.4;3.5
55;2021-03-09;635;50;10530;6380;5.8;3.5
55;2021-03-10;396;24;10926;6404;6.0;3.5
55;2021-03-11;597;143;11523;6547;6.3;3.6
55;2021-03-12;815;93;12338;6640;6.8;3.7
55;2021-03-13;523;12;12861;6652;7.1;3.7
55;2021-03-14;14;0;12875;6652;7.1;3.7
55;2021-03-15;393;24;13268;6676;7.3;3.7
55;2021-03-16;568;110;13836;6786;7.6;3.7
55;2021-03-17;683;20;14519;6806;8.0;3.7
55;2021-03-18;323;23;14842;6829;8.2;3.8
55;2021-03-19;471;59;15313;6888;8.4;3.8
55;2021-03-20;254;15;15567;6903;8.6;3.8
55;2021-03-21;1;1;15568;6904;8.6;3.8
55;2021-03-22;474;20;16042;6924;8.8;3.8
55;2021-03-23;972;64;17014;6988;9.4;3.8
55;2021-03-24;802;40;17816;7028;9.8;3.9
55;2021-03-25;1097;80;18913;7108;10.4;3.9
55;2021-03-26;602;35;19515;7143;10.7;3.9
55;2021-03-27;255;23;19770;7166;10.9;3.9
55;2021-03-28;0;0;19770;7166;10.9;3.9
55;2021-03-29;944;39;20714;7205;11.4;4.0
55;2021-03-30;1423;72;22137;7277;12.2;4.0
55;2021-03-31;1482;69;23619;7346;13.0;4.0
55;2021-04-01;1206;127;24825;7473;13.7;4.1
55;2021-04-02;902;75;25727;7548;14.2;4.2
55;2021-04-03;93;12;25820;7560;14.2;4.2
55;2021-04-04;2;0;25822;7560;14.2;4.2
55;2021-04-05;6;12;25828;7572;14.2;4.2
55;2021-04-06;933;275;26761;7847;14.7;4.3
55;2021-04-07;993;237;27754;8084;15.3;4.5
55;2021-04-08;1648;421;29402;8505;16.2;4.7
55;2021-04-09;1429;262;30831;8767;17.0;4.8
55;2021-04-10;242;174;31073;8941;17.1;4.9
55;2021-04-11;452;21;31525;8962;17.4;4.9
55;2021-04-12;855;329;32380;9291;17.8;5.1
55;2021-04-13;1355;530;33735;9821;18.6;5.4
55;2021-04-14;1372;728;35107;10549;19.3;5.8
55;2021-04-15;1636;459;36743;11008;20.2;6.1
55;2021-04-16;705;378;37448;11386;20.6;6.3
55;2021-04-17;677;30;38125;11416;21.0;6.3
55;2021-04-18;38;18;38163;11434;21.0;6.3
55;2021-04-19;961;347;39124;11781;21.5;6.5
55;2021-04-20;1173;774;40297;12555;22.2;6.9
55;2021-04-21;990;640;41287;13195;22.7;7.3
55;2021-04-22;1099;679;42386;13874;23.3;7.6
55;2021-04-23;1424;596;43810;14470;24.1;8.0
55;2021-04-24;313;124;44123;14594;24.3;8.0
55;2021-04-25;384;51;44507;14645;24.5;8.1
55;2021-04-26;478;816;44985;15461;24.8;8.5
55;2021-04-27;570;995;45555;16456;25.1;9.1
55;2021-04-28;931;817;46486;17273;25.6;9.5
55;2021-04-29;1118;857;47604;18130;26.2;10.0
55;2021-04-30;1280;622;48884;18752;26.9;10.3
55;2021-05-01;153;132;49037;18884;27.0;10.4
55;2021-05-02;2;3;49039;18887;27.0;10.4
55;2021-05-03;1208;629;50247;19516;27.7;10.7
55;2021-05-04;683;1177;50930;20693;28.0;11.4
55;2021-05-05;658;1074;51588;21767;28.4;12.0
55;2021-05-06;1347;1160;52935;22927;29.1;12.6
55;2021-05-07;1433;555;54368;23482;29.9;12.9
55;2021-05-08;156;77;54524;23559;30.0;13.0
55;2021-05-09;62;523;54586;24082;30.1;13.3
55;2021-05-10;860;1031;55446;25113;30.5;13.8
55;2021-05-11;1070;1379;56516;26492;31.1;14.6
55;2021-05-12;1031;1766;57547;28258;31.7;15.6
55;2021-05-13;99;75;57646;28333;31.7;15.6
55;2021-05-14;352;558;57998;28891;31.9;15.9
55;2021-05-15;292;492;58290;29383;32.1;16.2
55;2021-05-16;3;10;58293;29393;32.1;16.2
55;2021-05-17;1028;841;59321;30234;32.7;16.6
55;2021-05-18;1568;892;60889;31126;33.5;17.1
55;2021-05-19;1810;782;62699;31908;34.5;17.6
55;2021-05-20;2215;731;64914;32639;35.7;18.0
55;2021-05-21;2011;802;66925;33441;36.8;18.4
55;2021-05-22;198;166;67123;33607;37.0;18.5
55;2021-05-23;23;120;67146;33727;37.0;18.6
55;2021-05-24;0;0;67146;33727;37.0;18.6
55;2021-05-25;1347;652;68493;34379;37.7;18.9
55;2021-05-26;1674;1018;70167;35397;38.6;19.5
55;2021-05-27;1320;981;71487;36378;39.4;20.0
55;2021-05-28;1521;931;73008;37309;40.2;20.5
55;2021-05-29;1402;697;74410;38006;41.0;20.9
55;2021-05-30;15;206;74425;38212;41.0;21.0
55;2021-05-31;1049;1130;75474;39342;41.6;21.7
55;2021-06-01;918;957;76392;40299;42.1;22.2
55;2021-06-02;1162;985;77554;41284;42.7;22.7
55;2021-06-03;703;545;78257;41829;43.1;23.0
55;2021-06-04;1390;1101;79647;42930;43.8;23.6
55;2021-06-05;1366;277;81013;43207;44.6;23.8
55;2021-06-06;0;2;81013;43209;44.6;23.8
55;2021-06-07;790;714;81803;43923;45.0;24.2
55;2021-06-08;698;1075;82501;44998;45.4;24.8
55;2021-06-09;851;871;83352;45869;45.9;25.3
55;2021-06-10;379;275;83731;46144;46.1;25.4
55;2021-06-11;528;1287;84259;47431;46.4;26.1
55;2021-06-12;761;519;85020;47950;46.8;26.4
55;2021-06-13;265;33;85285;47983;47.0;26.4
55;2021-06-14;389;1363;85674;49346;47.2;27.2
55;2021-06-15;574;1212;86248;50558;47.5;27.8
55;2021-06-16;734;831;86982;51389;47.9;28.3
55;2021-06-17;425;859;87407;52248;48.1;28.8
55;2021-06-18;668;1475;88075;53723;48.5;29.6
55;2021-06-19;593;457;88668;54180;48.8;29.8
55;2021-06-20;0;0;88668;54180;48.8;29.8
55;2021-06-21;437;1023;89105;55203;49.1;30.4
55;2021-06-22;335;1014;89440;56217;49.2;30.9
55;2021-06-23;626;1212;90066;57429;49.6;31.6
55;2021-06-24;163;433;90229;57862;49.7;31.9
55;2021-06-25;642;1226;90871;59088;50.0;32.5
55;2021-06-26;418;339;91289;59427;50.3;32.7
55;2021-06-27;1;2;91290;59429;50.3;32.7
55;2021-06-28;149;1380;91439;60809;50.3;33.5
55;2021-06-29;202;1289;91641;62098;50.5;34.2
55;2021-06-30;271;1932;91912;64030;50.6;35.3
55;2021-07-01;387;1978;92299;66008;50.8;36.3
55;2021-07-02;391;1719;92690;67727;51.0;37.3
55;2021-07-03;108;262;92798;67989;51.1;37.4
55;2021-07-04;12;19;92810;68008;51.1;37.4
55;2021-07-05;222;1508;93032;69516;51.2;38.3
55;2021-07-06;326;899;93358;70415;51.4;38.8
55;2021-07-07;388;1802;93746;72217;51.6;39.8
55;2021-07-08;536;1594;94282;73811;51.9;40.6
55;2021-07-09;455;1479;94737;75290;52.2;41.4
55;2021-07-10;356;1111;95093;76401;52.4;42.1
55;2021-07-11;0;9;95093;76410;52.4;42.1
55;2021-07-12;608;1166;95701;77576;52.7;42.7
55;2021-07-13;599;1486;96300;79062;53.0;43.5
55;2021-07-14;0;13;96300;79075;53.0;43.5
55;2021-07-15;782;1647;97082;80722;53.4;44.4
55;2021-07-16;1254;1812;98336;82534;54.1;45.4
55;2021-07-17;1282;822;99618;83356;54.8;45.9
55;2021-07-18;1;2;99619;83358;54.8;45.9
55;2021-07-19;597;785;100216;84143;55.2;46.3
55;2021-07-20;996;1026;101212;85169;55.7;46.9
55;2021-07-21;1480;1370;102692;86539;56.5;47.6
55;2021-07-22;1169;568;103861;87107;57.2;48.0
55;2021-07-23;1107;1352;104968;88459;57.8;48.7
55;2021-07-24;817;762;105785;89221;58.2;49.1
55;2021-07-25;119;229;105904;89450;58.3;49.2
55;2021-07-26;668;443;106572;89893;58.7;49.5
55;2021-07-27;1156;477;107728;90370;59.3;49.8
55;2021-07-28;1038;1067;108766;91437;59.9;50.3
55;2021-07-29;669;449;109435;91886;60.2;50.6
55;2021-07-30;1269;964;110704;92850;60.9;51.1
55;2021-07-31;708;614;111412;93464;61.3;51.5
55;2021-08-01;9;5;111421;93469;61.3;51.5
55;2021-08-02;611;444;112032;93913;61.7;51.7
55;2021-08-03;638;420;112670;94333;62.0;51.9
55;2021-08-04;1244;954;113914;95287;62.7;52.5
55;2021-08-05;999;320;114913;95607;63.3;52.6
55;2021-08-06;811;1096;115724;96703;63.7;53.2
55;2021-08-07;595;335;116319;97038;64.0;53.4
55;2021-08-08;0;0;116319;97038;64.0;53.4
55;2021-08-09;398;306;116717;97344;64.3;53.6
55;2021-08-10;433;775;117150;98119;64.5;54.0
55;2021-08-11;590;643;117740;98762;64.8;54.4
55;2021-08-12;322;488;118062;99250;65.0;54.6
55;2021-08-13;426;1108;118488;100358;65.2;55.3
55;2021-08-14;135;191;118623;100549;65.3;55.4
55;2021-08-15;11;5;118634;100554;65.3;55.4
55;2021-08-16;245;739;118879;101293;65.4;55.8
55;2021-08-17;253;291;119132;101584;65.6;55.9
55;2021-08-18;539;1241;119671;102825;65.9;56.6
55;2021-08-19;449;959;120120;103784;66.1;57.1
55;2021-08-20;562;1012;120682;104796;66.4;57.7
55;2021-08-21;292;771;120974;105567;66.6;58.1
55;2021-08-22;8;6;120982;105573;66.6;58.1
55;2021-08-23;333;608;121315;106181;66.8;58.5
56;2020-12-27;0;0;0;0;0.0;0.0
56;2020-12-28;1;0;1;0;0.0;0.0
56;2020-12-29;0;0;1;0;0.0;0.0
56;2020-12-30;0;0;1;0;0.0;0.0
56;2020-12-31;0;0;1;0;0.0;0.0
56;2021-01-01;0;0;1;0;0.0;0.0
56;2021-01-02;1;0;2;0;0.0;0.0
56;2021-01-03;0;0;2;0;0.0;0.0
56;2021-01-04;1;0;3;0;0.0;0.0
56;2021-01-05;1;0;4;0;0.0;0.0
56;2021-01-06;2;0;6;0;0.0;0.0
56;2021-01-07;198;0;204;0;0.0;0.0
56;2021-01-08;119;0;323;0;0.0;0.0
56;2021-01-09;1;0;324;0;0.0;0.0
56;2021-01-10;1;0;325;0;0.0;0.0
56;2021-01-11;242;0;567;0;0.1;0.0
56;2021-01-12;754;0;1321;0;0.2;0.0
56;2021-01-13;638;1;1959;1;0.3;0.0
56;2021-01-14;969;2;2928;3;0.4;0.0
56;2021-01-15;843;5;3771;8;0.5;0.0
56;2021-01-16;234;3;4005;11;0.5;0.0
56;2021-01-17;27;0;4032;11;0.5;0.0
56;2021-01-18;1004;1;5036;12;0.7;0.0
56;2021-01-19;851;1;5887;13;0.8;0.0
56;2021-01-20;884;1;6771;14;0.9;0.0
56;2021-01-21;1461;2;8232;16;1.1;0.0
56;2021-01-22;1181;3;9413;19;1.2;0.0
56;2021-01-23;319;2;9732;21;1.3;0.0
56;2021-01-24;6;0;9738;21;1.3;0.0
56;2021-01-25;826;0;10564;21;1.4;0.0
56;2021-01-26;1038;4;11602;25;1.5;0.0
56;2021-01-27;1082;62;12684;87;1.7;0.0
56;2021-01-28;975;123;13659;210;1.8;0.0
56;2021-01-29;873;107;14532;317;1.9;0.0
56;2021-01-30;139;19;14671;336;1.9;0.0
56;2021-01-31;0;0;14671;336;1.9;0.0
56;2021-02-01;479;155;15150;491;2.0;0.1
56;2021-02-02;942;257;16092;748;2.1;0.1
56;2021-02-03;1023;270;17115;1018;2.3;0.1
56;2021-02-04;4698;353;21813;1371;2.9;0.2
56;2021-02-05;3593;431;25406;1802;3.4;0.2
56;2021-02-06;549;171;25955;1973;3.4;0.3
56;2021-02-07;136;26;26091;1999;3.5;0.3
56;2021-02-08;296;290;26387;2289;3.5;0.3
56;2021-02-09;795;507;27182;2796;3.6;0.4
56;2021-02-10;865;701;28047;3497;3.7;0.5
56;2021-02-11;972;1077;29019;4574;3.8;0.6
56;2021-02-12;1151;641;30170;5215;4.0;0.7
56;2021-02-13;220;104;30390;5319;4.0;0.7
56;2021-02-14;6;46;30396;5365;4.0;0.7
56;2021-02-15;622;1089;31018;6454;4.1;0.9
56;2021-02-16;1220;738;32238;7192;4.3;1.0
56;2021-02-17;1189;959;33427;8151;4.4;1.1
56;2021-02-18;1352;882;34779;9033;4.6;1.2
56;2021-02-19;1322;914;36101;9947;4.8;1.3
56;2021-02-20;365;261;36466;10208;4.8;1.4
56;2021-02-21;0;0;36466;10208;4.8;1.4
56;2021-02-22;374;696;36840;10904;4.9;1.4
56;2021-02-23;741;960;37581;11864;5.0;1.6
56;2021-02-24;915;1185;38496;13049;5.1;1.7
56;2021-02-25;2030;4261;40526;17310;5.4;2.3
56;2021-02-26;2356;2262;42882;19572;5.7;2.6
56;2021-02-27;745;447;43627;20019;5.8;2.6
56;2021-02-28;15;114;43642;20133;5.8;2.7
56;2021-03-01;647;560;44289;20693;5.9;2.7
56;2021-03-02;979;789;45268;21482;6.0;2.8
56;2021-03-03;1150;913;46418;22395;6.1;3.0
56;2021-03-04;1966;1039;48384;23434;6.4;3.1
56;2021-03-05;2581;1430;50965;24864;6.7;3.3
56;2021-03-06;1208;218;52173;25082;6.9;3.3
56;2021-03-07;282;24;52455;25106;6.9;3.3
56;2021-03-08;1140;390;53595;25496;7.1;3.4
56;2021-03-09;2041;632;55636;26128;7.4;3.5
56;2021-03-10;2001;937;57637;27065;7.6;3.6
56;2021-03-11;3253;740;60890;27805;8.1;3.7
56;2021-03-12;4208;827;65098;28632;8.6;3.8
56;2021-03-13;1882;148;66980;28780;8.9;3.8
56;2021-03-14;195;2;67175;28782;8.9;3.8
56;2021-03-15;1283;529;68458;29311;9.1;3.9
56;2021-03-16;1089;1030;69547;30341;9.2;4.0
56;2021-03-17;1360;773;70907;31114;9.4;4.1
56;2021-03-18;1998;1873;72905;32987;9.6;4.4
56;2021-03-19;2939;1400;75844;34387;10.0;4.6
56;2021-03-20;1493;207;77337;34594;10.2;4.6
56;2021-03-21;208;22;77545;34616;10.3;4.6
56;2021-03-22;1610;405;79155;35021;10.5;4.6
56;2021-03-23;2806;687;81961;35708;10.8;4.7
56;2021-03-24;3450;526;85411;36234;11.3;4.8
56;2021-03-25;4237;723;89648;36957;11.9;4.9
56;2021-03-26;5090;780;94738;37737;12.5;5.0
56;2021-03-27;1500;294;96238;38031;12.7;5.0
56;2021-03-28;264;11;96502;38042;12.8;5.0
56;2021-03-29;2234;503;98736;38545;13.1;5.1
56;2021-03-30;3519;784;102255;39329;13.5;5.2
56;2021-03-31;3116;718;105371;40047;13.9;5.3
56;2021-04-01;4071;819;109442;40866;14.5;5.4
56;2021-04-02;3927;948;113369;41814;15.0;5.5
56;2021-04-03;1186;270;114555;42084;15.2;5.6
56;2021-04-04;232;3;114787;42087;15.2;5.6
56;2021-04-05;244;8;115031;42095;15.2;5.6
56;2021-04-06;2824;1233;117855;43328;15.6;5.7
56;2021-04-07;4023;1191;121878;44519;16.1;5.9
56;2021-04-08;5297;1163;127175;45682;16.8;6.0
56;2021-04-09;7389;1282;134564;46964;17.8;6.2
56;2021-04-10;2577;426;137141;47390;18.2;6.3
56;2021-04-11;193;101;137334;47491;18.2;6.3
56;2021-04-12;3933;836;141267;48327;18.7;6.4
56;2021-04-13;5966;1264;147233;49591;19.5;6.6
56;2021-04-14;5167;1431;152400;51022;20.2;6.8
56;2021-04-15;7153;1771;159553;52793;21.1;7.0
56;2021-04-16;7843;2012;167396;54805;22.2;7.3
56;2021-04-17;3132;647;170528;55452;22.6;7.3
56;2021-04-18;528;107;171056;55559;22.6;7.4
56;2021-04-19;3719;1261;174775;56820;23.1;7.5
56;2021-04-20;4107;1978;178882;58798;23.7;7.8
56;2021-04-21;4061;2323;182943;61121;24.2;8.1
56;2021-04-22;5174;1925;188117;63046;24.9;8.3
56;2021-04-23;5167;2413;193284;65459;25.6;8.7
56;2021-04-24;2899;647;196183;66106;26.0;8.7
56;2021-04-25;465;150;196648;66256;26.0;8.8
56;2021-04-26;4707;1669;201355;67925;26.6;9.0
56;2021-04-27;5098;2551;206453;70476;27.3;9.3
56;2021-04-28;4968;2243;211421;72719;28.0;9.6
56;2021-04-29;5842;2939;217263;75658;28.8;10.0
56;2021-04-30;6245;2809;223508;78467;29.6;10.4
56;2021-05-01;2488;362;225996;78829;29.9;10.4
56;2021-05-02;307;254;226303;79083;30.0;10.5
56;2021-05-03;3866;2070;230169;81153;30.5;10.7
56;2021-05-04;4382;3906;234551;85059;31.0;11.3
56;2021-05-05;3522;3876;238073;88935;31.5;11.8
56;2021-05-06;4376;5441;242449;94376;32.1;12.5
56;2021-05-07;4268;5012;246717;99388;32.7;13.2
56;2021-05-08;1644;319;248361;99707;32.9;13.2
56;2021-05-09;495;227;248856;99934;32.9;13.2
56;2021-05-10;3750;3812;252606;103746;33.4;13.7
56;2021-05-11;4170;5052;256776;108798;34.0;14.4
56;2021-05-12;4343;4776;261119;113574;34.6;15.0
56;2021-05-13;2397;1012;263516;114586;34.9;15.2
56;2021-05-14;4228;4363;267744;118949;35.4;15.7
56;2021-05-15;2487;1894;270231;120843;35.8;16.0
56;2021-05-16;237;488;270468;121331;35.8;16.1
56;2021-05-17;2512;3668;272980;124999;36.1;16.5
56;2021-05-18;3520;4084;276500;129083;36.6;17.1
56;2021-05-19;3528;3391;280028;132474;37.1;17.5
56;2021-05-20;3803;4819;283831;137293;37.6;18.2
56;2021-05-21;3745;5234;287576;142527;38.1;18.9
56;2021-05-22;1698;2208;289274;144735;38.3;19.2
56;2021-05-23;284;197;289558;144932;38.3;19.2
56;2021-05-24;2058;498;291616;145430;38.6;19.2
56;2021-05-25;3139;4469;294755;149899;39.0;19.8
56;2021-05-26;3736;3900;298491;153799;39.5;20.4
56;2021-05-27;4361;4870;302852;158669;40.1;21.0
56;2021-05-28;4635;5961;307487;164630;40.7;21.8
56;2021-05-29;1887;1635;309374;166265;40.9;22.0
56;2021-05-30;318;67;309692;166332;41.0;22.0
56;2021-05-31;4502;3222;314194;169554;41.6;22.4
56;2021-06-01;5665;3386;319859;172940;42.3;22.9
56;2021-06-02;5637;2955;325496;175895;43.1;23.3
56;2021-06-03;6188;3309;331684;179204;43.9;23.7
56;2021-06-04;5814;4410;337498;183614;44.7;24.3
56;2021-06-05;4346;2385;341844;185999;45.2;24.6
56;2021-06-06;496;616;342340;186615;45.3;24.7
56;2021-06-07;5104;3171;347444;189786;46.0;25.1
56;2021-06-08;6069;3378;353513;193164;46.8;25.6
56;2021-06-09;6433;2813;359946;195977;47.6;25.9
56;2021-06-10;7480;2874;367426;198851;48.6;26.3
56;2021-06-11;6765;3870;374191;202721;49.5;26.8
56;2021-06-12;5102;2064;379293;204785;50.2;27.1
56;2021-06-13;1980;439;381273;205224;50.5;27.2
56;2021-06-14;3311;4594;384584;209818;50.9;27.8
56;2021-06-15;4204;4901;388788;214719;51.5;28.4
56;2021-06-16;4497;4503;393285;219222;52.1;29.0
56;2021-06-17;4256;4754;397541;223976;52.6;29.6
56;2021-06-18;4517;5975;402058;229951;53.2;30.4
56;2021-06-19;3837;2144;405895;232095;53.7;30.7
56;2021-06-20;1504;340;407399;232435;53.9;30.8
56;2021-06-21;3309;4462;410708;236897;54.4;31.4
56;2021-06-22;3485;5446;414193;242343;54.8;32.1
56;2021-06-23;3762;5062;417955;247405;55.3;32.7
56;2021-06-24;3477;5319;421432;252724;55.8;33.4
56;2021-06-25;3884;6279;425316;259003;56.3;34.3
56;2021-06-26;3203;2915;428519;261918;56.7;34.7
56;2021-06-27;305;162;428824;262080;56.8;34.7
56;2021-06-28;1576;3981;430400;266061;57.0;35.2
56;2021-06-29;2436;5773;432836;271834;57.3;36.0
56;2021-06-30;2495;5558;435331;277392;57.6;36.7
56;2021-07-01;2734;4958;438065;282350;58.0;37.4
56;2021-07-02;2657;6207;440722;288557;58.3;38.2
56;2021-07-03;2205;2684;442927;291241;58.6;38.5
56;2021-07-04;779;811;443706;292052;58.7;38.7
56;2021-07-05;1872;5444;445578;297496;59.0;39.4
56;2021-07-06;2188;5937;447766;303433;59.3;40.2
56;2021-07-07;2845;5644;450611;309077;59.6;40.9
56;2021-07-08;3083;6038;453694;315115;60.0;41.7
56;2021-07-09;2218;7100;455912;322215;60.3;42.6
56;2021-07-10;1128;3003;457040;325218;60.5;43.0
56;2021-07-11;256;344;457296;325562;60.5;43.1
56;2021-07-12;2179;6606;459475;332168;60.8;44.0
56;2021-07-13;3254;7467;462729;339635;61.2;45.0
56;2021-07-14;1784;2590;464513;342225;61.5;45.3
56;2021-07-15;3820;7066;468333;349291;62.0;46.2
56;2021-07-16;4075;8095;472408;357386;62.5;47.3
56;2021-07-17;2319;3519;474727;360905;62.8;47.8
56;2021-07-18;254;478;474981;361383;62.9;47.8
56;2021-07-19;2865;6355;477846;367738;63.2;48.7
56;2021-07-20;3721;7919;481567;375657;63.7;49.7
56;2021-07-21;3090;7521;484657;383178;64.1;50.7
56;2021-07-22;4388;8027;489045;391205;64.7;51.8
56;2021-07-23;4380;8411;493425;399616;65.3;52.9
56;2021-07-24;1686;4600;495111;404216;65.5;53.5
56;2021-07-25;550;1920;495661;406136;65.6;53.8
56;2021-07-26;3665;5464;499326;411600;66.1;54.5
56;2021-07-27;5363;6201;504689;417801;66.8;55.3
56;2021-07-28;4677;5463;509366;423264;67.4;56.0
56;2021-07-29;5373;5630;514739;428894;68.1;56.8
56;2021-07-30;5376;5853;520115;434747;68.8;57.5
56;2021-07-31;2147;2694;522262;437441;69.1;57.9
56;2021-08-01;1182;977;523444;438418;69.3;58.0
56;2021-08-02;4498;4601;527942;443019;69.9;58.6
56;2021-08-03;6359;4958;534301;447977;70.7;59.3
56;2021-08-04;5933;4353;540234;452330;71.5;59.9
56;2021-08-05;6064;4605;546298;456935;72.3;60.5
56;2021-08-06;5770;4911;552068;461846;73.1;61.1
56;2021-08-07;2839;2226;554907;464072;73.4;61.4
56;2021-08-08;1814;561;556721;464633;73.7;61.5
56;2021-08-09;3898;4265;560619;468898;74.2;62.1
56;2021-08-10;4917;4609;565536;473507;74.8;62.7
56;2021-08-11;4541;4139;570077;477646;75.5;63.2
56;2021-08-12;4462;4537;574539;482183;76.0;63.8
56;2021-08-13;4192;4807;578731;486990;76.6;64.5
56;2021-08-14;1770;2133;580501;489123;76.8;64.7
56;2021-08-15;349;485;580850;489608;76.9;64.8
56;2021-08-16;3050;4516;583900;494124;77.3;65.4
56;2021-08-17;3738;5048;587638;499172;77.8;66.1
56;2021-08-18;3724;4601;591362;503773;78.3;66.7
56;2021-08-19;3051;4985;594413;508758;78.7;67.3
56;2021-08-20;2888;5257;597301;514015;79.1;68.0
56;2021-08-21;1151;2396;598452;516411;79.2;68.3
56;2021-08-22;129;503;598581;516914;79.2;68.4
56;2021-08-23;1866;4952;600447;521866;79.5;69.1
57;2020-12-27;2;0;2;0;0.0;0.0
57;2020-12-28;0;0;2;0;0.0;0.0
57;2020-12-29;1;0;3;0;0.0;0.0
57;2020-12-30;1;0;4;0;0.0;0.0
57;2020-12-31;0;0;4;0;0.0;0.0
57;2021-01-01;0;0;4;0;0.0;0.0
57;2021-01-02;3;0;7;0;0.0;0.0
57;2021-01-03;0;0;7;0;0.0;0.0
57;2021-01-04;16;0;23;0;0.0;0.0
57;2021-01-05;199;0;222;0;0.0;0.0
57;2021-01-06;226;1;448;1;0.0;0.0
57;2021-01-07;584;2;1032;3;0.1;0.0
57;2021-01-08;509;2;1541;5;0.1;0.0
57;2021-01-09;202;0;1743;5;0.2;0.0
57;2021-01-10;108;1;1851;6;0.2;0.0
57;2021-01-11;470;1;2321;7;0.2;0.0
57;2021-01-12;613;5;2934;12;0.3;0.0
57;2021-01-13;695;2;3629;14;0.4;0.0
57;2021-01-14;707;6;4336;20;0.4;0.0
57;2021-01-15;636;4;4972;24;0.5;0.0
57;2021-01-16;452;1;5424;25;0.5;0.0
57;2021-01-17;493;1;5917;26;0.6;0.0
57;2021-01-18;2707;20;8624;46;0.8;0.0
57;2021-01-19;2568;19;11192;65;1.1;0.0
57;2021-01-20;2762;17;13954;82;1.3;0.0
57;2021-01-21;1793;5;15747;87;1.5;0.0
57;2021-01-22;1324;7;17071;94;1.6;0.0
57;2021-01-23;543;16;17614;110;1.7;0.0
57;2021-01-24;1;0;17615;110;1.7;0.0
57;2021-01-25;870;186;18485;296;1.8;0.0
57;2021-01-26;1112;214;19597;510;1.9;0.0
57;2021-01-27;1069;183;20666;693;2.0;0.1
57;2021-01-28;1040;298;21706;991;2.1;0.1
57;2021-01-29;982;397;22688;1388;2.2;0.1
57;2021-01-30;440;94;23128;1482;2.2;0.1
57;2021-01-31;11;27;23139;1509;2.2;0.1
57;2021-02-01;826;351;23965;1860;2.3;0.2
57;2021-02-02;989;363;24954;2223;2.4;0.2
57;2021-02-03;986;321;25940;2544;2.5;0.2
57;2021-02-04;1138;808;27078;3352;2.6;0.3
57;2021-02-05;930;356;28008;3708;2.7;0.4
57;2021-02-06;481;348;28489;4056;2.8;0.4
57;2021-02-07;103;335;28592;4391;2.8;0.4
57;2021-02-08;1256;1557;29848;5948;2.9;0.6
57;2021-02-09;1762;1677;31610;7625;3.1;0.7
57;2021-02-10;1712;2074;33322;9699;3.2;0.9
57;2021-02-11;1486;1330;34808;11029;3.4;1.1
57;2021-02-12;1227;677;36035;11706;3.5;1.1
57;2021-02-13;1152;178;37187;11884;3.6;1.1
57;2021-02-14;1210;28;38397;11912;3.7;1.1
57;2021-02-15;766;861;39163;12773;3.8;1.2
57;2021-02-16;1072;798;40235;13571;3.9;1.3
57;2021-02-17;1009;960;41244;14531;4.0;1.4
57;2021-02-18;974;1160;42218;15691;4.1;1.5
57;2021-02-19;956;937;43174;16628;4.2;1.6
57;2021-02-20;1173;618;44347;17246;4.3;1.7
57;2021-02-21;323;13;44670;17259;4.3;1.7
57;2021-02-22;1230;912;45900;18171;4.4;1.8
57;2021-02-23;2235;1088;48135;19259;4.6;1.9
57;2021-02-24;2279;1005;50414;20264;4.9;2.0
57;2021-02-25;3298;1120;53712;21384;5.2;2.1
57;2021-02-26;3585;959;57297;22343;5.5;2.2
57;2021-02-27;3689;538;60986;22881;5.9;2.2
57;2021-02-28;1896;60;62882;22941;6.1;2.2
57;2021-03-01;2050;1346;64932;24287;6.3;2.3
57;2021-03-02;2858;1607;67790;25894;6.5;2.5
57;2021-03-03;2804;1618;70594;27512;6.8;2.7
57;2021-03-04;3273;1306;73867;28818;7.1;2.8
57;2021-03-05;4457;1250;78324;30068;7.6;2.9
57;2021-03-06;7244;796;85568;30864;8.3;3.0
57;2021-03-07;6071;279;91639;31143;8.8;3.0
57;2021-03-08;2298;1011;93937;32154;9.1;3.1
57;2021-03-09;3386;1307;97323;33461;9.4;3.2
57;2021-03-10;3581;976;100904;34437;9.7;3.3
57;2021-03-11;4036;1256;104940;35693;10.1;3.4
57;2021-03-12;5106;1218;110046;36911;10.6;3.6
57;2021-03-13;6284;990;116330;37901;11.2;3.7
57;2021-03-14;2424;428;118754;38329;11.5;3.7
57;2021-03-15;2961;880;121715;39209;11.8;3.8
57;2021-03-16;3062;1283;124777;40492;12.0;3.9
57;2021-03-17;3051;1142;127828;41634;12.3;4.0
57;2021-03-18;3401;1079;131229;42713;12.7;4.1
57;2021-03-19;4624;1042;135853;43755;13.1;4.2
57;2021-03-20;4699;1031;140552;44786;13.6;4.3
57;2021-03-21;1895;256;142447;45042;13.8;4.3
57;2021-03-22;2480;1475;144927;46517;14.0;4.5
57;2021-03-23;3441;2341;148368;48858;14.3;4.7
57;2021-03-24;3896;2151;152264;51009;14.7;4.9
57;2021-03-25;4739;2596;157003;53605;15.2;5.2
57;2021-03-26;4842;2260;161845;55865;15.6;5.4
57;2021-03-27;3710;3156;165555;59021;16.0;5.7
57;2021-03-28;1401;1849;166956;60870;16.1;5.9
57;2021-03-29;1935;2172;168891;63042;16.3;6.1
57;2021-03-30;3300;2489;172191;65531;16.6;6.3
57;2021-03-31;2822;2307;175013;67838;16.9;6.5
57;2021-04-01;3223;3169;178236;71007;17.2;6.9
57;2021-04-02;2391;2581;180627;73588;17.4;7.1
57;2021-04-03;2567;2666;183194;76254;17.7;7.4
57;2021-04-04;593;970;183787;77224;17.7;7.5
57;2021-04-05;1922;669;185709;77893;17.9;7.5
57;2021-04-06;2452;2830;188161;80723;18.2;7.8
57;2021-04-07;3810;3089;191971;83812;18.5;8.1
57;2021-04-08;5612;2908;197583;86720;19.1;8.4
57;2021-04-09;5010;2730;202593;89450;19.6;8.6
57;2021-04-10;2352;3641;204945;93091;19.8;9.0
57;2021-04-11;1099;1892;206044;94983;19.9;9.2
57;2021-04-12;1791;2754;207835;97737;20.1;9.4
57;2021-04-13;1976;3031;209811;100768;20.3;9.7
57;2021-04-14;1919;2994;211730;103762;20.4;10.0
57;2021-04-15;2367;3431;214097;107193;20.7;10.3
57;2021-04-16;2701;3292;216798;110485;20.9;10.7
57;2021-04-17;2473;3183;219271;113668;21.2;11.0
57;2021-04-18;1244;1775;220515;115443;21.3;11.1
57;2021-04-19;2141;2260;222656;117703;21.5;11.4
57;2021-04-20;2514;2785;225170;120488;21.7;11.6
57;2021-04-21;2569;2379;227739;122867;22.0;11.9
57;2021-04-22;3207;2252;230946;125119;22.3;12.1
57;2021-04-23;4055;2580;235001;127699;22.7;12.3
57;2021-04-24;3393;2563;238394;130262;23.0;12.6
57;2021-04-25;757;1127;239151;131389;23.1;12.7
57;2021-04-26;2970;1997;242121;133386;23.4;12.9
57;2021-04-27;3899;2375;246020;135761;23.8;13.1
57;2021-04-28;4213;2592;250233;138353;24.2;13.4
57;2021-04-29;5259;3454;255492;141807;24.7;13.7
57;2021-04-30;4729;3550;260221;145357;25.1;14.0
57;2021-05-01;2351;1685;262572;147042;25.3;14.2
57;2021-05-02;790;913;263362;147955;25.4;14.3
57;2021-05-03;3565;2995;266927;150950;25.8;14.6
57;2021-05-04;4871;3166;271798;154116;26.2;14.9
57;2021-05-05;6123;3172;277921;157288;26.8;15.2
57;2021-05-06;5990;3287;283911;160575;27.4;15.5
57;2021-05-07;6852;3445;290763;164020;28.1;15.8
57;2021-05-08;4052;1607;294815;165627;28.5;16.0
57;2021-05-09;2048;1114;296863;166741;28.7;16.1
57;2021-05-10;5128;3070;301991;169811;29.2;16.4
57;2021-05-11;7449;2852;309440;172663;29.9;16.7
57;2021-05-12;7848;3246;317288;175909;30.6;17.0
57;2021-05-13;4509;913;321797;176822;31.1;17.1
57;2021-05-14;7836;2632;329633;179454;31.8;17.3
57;2021-05-15;5965;2054;335598;181508;32.4;17.5
57;2021-05-16;3309;577;338907;182085;32.7;17.6
57;2021-05-17;3866;2067;342773;184152;33.1;17.8
57;2021-05-18;6290;2104;349063;186256;33.7;18.0
57;2021-05-19;7019;2329;356082;188585;34.4;18.2
57;2021-05-20;6050;2184;362132;190769;35.0;18.4
57;2021-05-21;7564;2919;369696;193688;35.7;18.7
57;2021-05-22;4894;2169;374590;195857;36.2;18.9
57;2021-05-23;1964;432;376554;196289;36.4;18.9
57;2021-05-24;3032;1066;379586;197355;36.6;19.1
57;2021-05-25;5577;2804;385163;200159;37.2;19.3
57;2021-05-26;6376;3182;391539;203341;37.8;19.6
57;2021-05-27;5794;3121;397333;206462;38.4;19.9
57;2021-05-28;7025;4751;404358;211213;39.0;20.4
57;2021-05-29;5223;4251;409581;215464;39.5;20.8
57;2021-05-30;1967;1741;411548;217205;39.7;21.0
57;2021-05-31;4319;3340;415867;220545;40.1;21.3
57;2021-06-01;5935;3715;421802;224260;40.7;21.6
57;2021-06-02;6338;3906;428140;228166;41.3;22.0
57;2021-06-03;6214;3702;434354;231868;41.9;22.4
57;2021-06-04;7569;4992;441923;236860;42.7;22.9
57;2021-06-05;4768;4033;446691;240893;43.1;23.3
57;2021-06-06;1994;889;448685;241782;43.3;23.3
57;2021-06-07;4324;4037;453009;245819;43.7;23.7
57;2021-06-08;6715;4315;459724;250134;44.4;24.1
57;2021-06-09;6884;4157;466608;254291;45.0;24.5
57;2021-06-10;6220;4590;472828;258881;45.6;25.0
57;2021-06-11;5367;5366;478195;264247;46.2;25.5
57;2021-06-12;5743;4453;483938;268700;46.7;25.9
57;2021-06-13;1500;1141;485438;269841;46.9;26.0
57;2021-06-14;3382;4706;488820;274547;47.2;26.5
57;2021-06-15;3815;6020;492635;280567;47.6;27.1
57;2021-06-16;4400;6595;497035;287162;48.0;27.7
57;2021-06-17;4198;6085;501233;293247;48.4;28.3
57;2021-06-18;4275;7307;505508;300554;48.8;29.0
57;2021-06-19;4155;6292;509663;306846;49.2;29.6
57;2021-06-20;987;1667;510650;308513;49.3;29.8
57;2021-06-21;2066;5969;512716;314482;49.5;30.4
57;2021-06-22;2637;7985;515353;322467;49.8;31.1
57;2021-06-23;3075;8386;518428;330853;50.0;31.9
57;2021-06-24;2456;5293;520884;336146;50.3;32.5
57;2021-06-25;2855;7830;523739;343976;50.6;33.2
57;2021-06-26;2870;7259;526609;351235;50.8;33.9
57;2021-06-27;754;2986;527363;354221;50.9;34.2
57;2021-06-28;1591;5078;528954;359299;51.1;34.7
57;2021-06-29;2086;6830;531040;366129;51.3;35.3
57;2021-06-30;3067;7322;534107;373451;51.6;36.1
57;2021-07-01;2693;5959;536800;379410;51.8;36.6
57;2021-07-02;2691;8078;539491;387488;52.1;37.4
57;2021-07-03;3239;6525;542730;394013;52.4;38.0
57;2021-07-04;946;2468;543676;396481;52.5;38.3
57;2021-07-05;1706;4608;545382;401089;52.6;38.7
57;2021-07-06;2422;6481;547804;407570;52.9;39.3
57;2021-07-07;2725;7088;550529;414658;53.1;40.0
57;2021-07-08;2490;5876;553019;420534;53.4;40.6
57;2021-07-09;3426;8416;556445;428950;53.7;41.4
57;2021-07-10;3094;6937;559539;435887;54.0;42.1
57;2021-07-11;855;2231;560394;438118;54.1;42.3
57;2021-07-12;2421;6428;562815;444546;54.3;42.9
57;2021-07-13;4410;7501;567225;452047;54.8;43.6
57;2021-07-14;2823;3841;570048;455888;55.0;44.0
57;2021-07-15;3953;7786;574001;463674;55.4;44.8
57;2021-07-16;5642;9829;579643;473503;56.0;45.7
57;2021-07-17;5822;7288;585465;480791;56.5;46.4
57;2021-07-18;1488;2660;586953;483451;56.7;46.7
57;2021-07-19;2364;6207;589317;489658;56.9;47.3
57;2021-07-20;4325;6912;593642;496570;57.3;47.9
57;2021-07-21;5294;6900;598936;503470;57.8;48.6
57;2021-07-22;5947;5958;604883;509428;58.4;49.2
57;2021-07-23;7018;6390;611901;515818;59.1;49.8
57;2021-07-24;4531;7036;616432;522854;59.5;50.5
57;2021-07-25;1336;1769;617768;524623;59.6;50.6
57;2021-07-26;3713;4495;621481;529118;60.0;51.1
57;2021-07-27;6858;4933;628339;534051;60.7;51.6
57;2021-07-28;7468;4550;635807;538601;61.4;52.0
57;2021-07-29;7603;4580;643410;543181;62.1;52.4
57;2021-07-30;6856;4887;650266;548068;62.8;52.9
57;2021-07-31;5700;5016;655966;553084;63.3;53.4
57;2021-08-01;2023;1113;657989;554197;63.5;53.5
57;2021-08-02;3508;3182;661497;557379;63.9;53.8
57;2021-08-03;5466;4279;666963;561658;64.4;54.2
57;2021-08-04;5198;3467;672161;565125;64.9;54.6
57;2021-08-05;5351;3765;677512;568890;65.4;54.9
57;2021-08-06;5577;4840;683089;573730;65.9;55.4
57;2021-08-07;4540;5146;687629;578876;66.4;55.9
57;2021-08-08;1468;1500;689097;580376;66.5;56.0
57;2021-08-09;2605;3165;691702;583541;66.8;56.3
57;2021-08-10;3490;3785;695192;587326;67.1;56.7
57;2021-08-11;3689;4017;698881;591343;67.5;57.1
57;2021-08-12;3132;5212;702013;596555;67.8;57.6
57;2021-08-13;3454;4720;705467;601275;68.1;58.0
57;2021-08-14;2148;5183;707615;606458;68.3;58.5
57;2021-08-15;528;1090;708143;607548;68.4;58.7
57;2021-08-16;1777;3559;709920;611107;68.5;59.0
57;2021-08-17;2358;5348;712278;616455;68.8;59.5
57;2021-08-18;2428;5367;714706;621822;69.0;60.0
57;2021-08-19;2203;5477;716909;627299;69.2;60.6
57;2021-08-20;2035;6010;718944;633309;69.4;61.1
57;2021-08-21;1861;5374;720805;638683;69.6;61.7
57;2021-08-22;451;1528;721256;640211;69.6;61.8
57;2021-08-23;1134;3707;722390;643918;69.7;62.2
58;2020-12-27;0;0;0;0;0.0;0.0
58;2020-12-28;0;0;0;0;0.0;0.0
58;2020-12-29;1;0;1;0;0.0;0.0
58;2020-12-30;0;0;1;0;0.0;0.0
58;2020-12-31;0;0;1;0;0.0;0.0
58;2021-01-01;0;0;1;0;0.0;0.0
58;2021-01-02;0;0;1;0;0.0;0.0
58;2021-01-03;1;0;2;0;0.0;0.0
58;2021-01-04;0;0;2;0;0.0;0.0
58;2021-01-05;2;0;4;0;0.0;0.0
58;2021-01-06;145;0;149;0;0.1;0.0
58;2021-01-07;241;0;390;0;0.2;0.0
58;2021-01-08;63;0;453;0;0.2;0.0
58;2021-01-09;1;0;454;0;0.2;0.0
58;2021-01-10;0;0;454;0;0.2;0.0
58;2021-01-11;54;0;508;0;0.3;0.0
58;2021-01-12;258;0;766;0;0.4;0.0
58;2021-01-13;405;0;1171;0;0.6;0.0
58;2021-01-14;291;1;1462;1;0.7;0.0
58;2021-01-15;141;0;1603;1;0.8;0.0
58;2021-01-16;10;1;1613;2;0.8;0.0
58;2021-01-17;0;0;1613;2;0.8;0.0
58;2021-01-18;413;1;2026;3;1.0;0.0
58;2021-01-19;986;2;3012;5;1.5;0.0
58;2021-01-20;1206;2;4218;7;2.1;0.0
58;2021-01-21;962;4;5180;11;2.6;0.0
58;2021-01-22;779;3;5959;14;3.0;0.0
58;2021-01-23;251;0;6210;14;3.1;0.0
58;2021-01-24;2;0;6212;14;3.1;0.0
58;2021-01-25;439;0;6651;14;3.3;0.0
58;2021-01-26;650;4;7301;18;3.7;0.0
58;2021-01-27;604;44;7905;62;4.0;0.0
58;2021-01-28;756;66;8661;128;4.3;0.1
58;2021-01-29;837;7;9498;135;4.8;0.1
58;2021-01-30;281;0;9779;135;4.9;0.1
58;2021-01-31;10;0;9789;135;4.9;0.1
58;2021-02-01;200;71;9989;206;5.0;0.1
58;2021-02-02;565;84;10554;290;5.3;0.1
58;2021-02-03;279;147;10833;437;5.4;0.2
58;2021-02-04;285;93;11118;530;5.6;0.3
58;2021-02-05;184;93;11302;623;5.7;0.3
58;2021-02-06;89;0;11391;623;5.7;0.3
58;2021-02-07;0;0;11391;623;5.7;0.3
58;2021-02-08;306;72;11697;695;5.9;0.3
58;2021-02-09;503;313;12200;1008;6.1;0.5
58;2021-02-10;349;381;12549;1389;6.3;0.7
58;2021-02-11;287;380;12836;1769;6.4;0.9
58;2021-02-12;243;204;13079;1973;6.6;1.0
58;2021-02-13;83;29;13162;2002;6.6;1.0
58;2021-02-14;0;3;13162;2005;6.6;1.0
58;2021-02-15;114;529;13276;2534;6.7;1.3
58;2021-02-16;209;938;13485;3472;6.8;1.7
58;2021-02-17;221;767;13706;4239;6.9;2.1
58;2021-02-18;187;790;13893;5029;7.0;2.5
58;2021-02-19;241;724;14134;5753;7.1;2.9
58;2021-02-20;62;228;14196;5981;7.1;3.0
58;2021-02-21;0;30;14196;6011;7.1;3.0
58;2021-02-22;78;404;14274;6415;7.2;3.2
58;2021-02-23;49;620;14323;7035;7.2;3.5
58;2021-02-24;39;629;14362;7664;7.2;3.8
58;2021-02-25;252;703;14614;8367;7.3;4.2
58;2021-02-26;246;622;14860;8989;7.4;4.5
58;2021-02-27;104;189;14964;9178;7.5;4.6
58;2021-02-28;11;8;14975;9186;7.5;4.6
58;2021-03-01;145;246;15120;9432;7.6;4.7
58;2021-03-02;416;641;15536;10073;7.8;5.0
58;2021-03-03;523;293;16059;10366;8.0;5.2
58;2021-03-04;723;277;16782;10643;8.4;5.3
58;2021-03-05;867;206;17649;10849;8.8;5.4
58;2021-03-06;574;87;18223;10936;9.1;5.5
58;2021-03-07;63;12;18286;10948;9.2;5.5
58;2021-03-08;154;299;18440;11247;9.2;5.6
58;2021-03-09;544;549;18984;11796;9.5;5.9
58;2021-03-10;838;241;19822;12037;9.9;6.0
58;2021-03-11;857;272;20679;12309;10.4;6.2
58;2021-03-12;862;200;21541;12509;10.8;6.3
58;2021-03-13;506;66;22047;12575;11.0;6.3
58;2021-03-14;34;0;22081;12575;11.1;6.3
58;2021-03-15;528;110;22609;12685;11.3;6.4
58;2021-03-16;726;222;23335;12907;11.7;6.5
58;2021-03-17;756;195;24091;13102;12.1;6.6
58;2021-03-18;583;179;24674;13281;12.4;6.7
58;2021-03-19;537;104;25211;13385;12.6;6.7
58;2021-03-20;322;64;25533;13449;12.8;6.7
58;2021-03-21;17;0;25550;13449;12.8;6.7
58;2021-03-22;794;25;26344;13474;13.2;6.8
58;2021-03-23;1636;44;27980;13518;14.0;6.8
58;2021-03-24;1366;74;29346;13592;14.7;6.8
58;2021-03-25;1840;44;31186;13636;15.6;6.8
58;2021-03-26;1415;54;32601;13690;16.3;6.9
58;2021-03-27;358;7;32959;13697;16.5;6.9
58;2021-03-28;20;0;32979;13697;16.5;6.9
58;2021-03-29;639;157;33618;13854;16.8;6.9
58;2021-03-30;1186;255;34804;14109;17.4;7.1
58;2021-03-31;1116;397;35920;14506;18.0;7.3
58;2021-04-01;1547;403;37467;14909;18.8;7.5
58;2021-04-02;1464;368;38931;15277;19.5;7.7
58;2021-04-03;567;150;39498;15427;19.8;7.7
58;2021-04-04;1;1;39499;15428;19.8;7.7
58;2021-04-05;47;0;39546;15428;19.8;7.7
58;2021-04-06;822;344;40368;15772;20.2;7.9
58;2021-04-07;695;552;41063;16324;20.6;8.2
58;2021-04-08;1493;426;42556;16750;21.3;8.4
58;2021-04-09;1774;484;44330;17234;22.2;8.6
58;2021-04-10;652;200;44982;17434;22.5;8.7
58;2021-04-11;17;3;44999;17437;22.5;8.7
58;2021-04-12;1117;502;46116;17939;23.1;9.0
58;2021-04-13;1436;628;47552;18567;23.8;9.3
58;2021-04-14;1339;677;48891;19244;24.5;9.6
58;2021-04-15;1434;602;50325;19846;25.2;9.9
58;2021-04-16;1734;513;52059;20359;26.1;10.2
58;2021-04-17;721;232;52780;20591;26.4;10.3
58;2021-04-18;20;7;52800;20598;26.5;10.3
58;2021-04-19;532;605;53332;21203;26.7;10.6
58;2021-04-20;486;1120;53818;22323;27.0;11.2
58;2021-04-21;626;967;54444;23290;27.3;11.7
58;2021-04-22;767;1524;55211;24814;27.7;12.4
58;2021-04-23;919;785;56130;25599;28.1;12.8
58;2021-04-24;211;205;56341;25804;28.2;12.9
58;2021-04-25;109;9;56450;25813;28.3;12.9
58;2021-04-26;762;248;57212;26061;28.7;13.1
58;2021-04-27;1499;1113;58711;27174;29.4;13.6
58;2021-04-28;1535;1052;60246;28226;30.2;14.1
58;2021-04-29;1442;1042;61688;29268;30.9;14.7
58;2021-04-30;1257;940;62945;30208;31.5;15.1
58;2021-05-01;6;17;62951;30225;31.5;15.1
58;2021-05-02;4;2;62955;30227;31.5;15.1
58;2021-05-03;1043;405;63998;30632;32.1;15.3
58;2021-05-04;1075;1348;65073;31980;32.6;16.0
58;2021-05-05;952;1091;66025;33071;33.1;16.6
58;2021-05-06;1363;1059;67388;34130;33.8;17.1
58;2021-05-07;1110;1091;68498;35221;34.3;17.6
58;2021-05-08;59;60;68557;35281;34.3;17.7
58;2021-05-09;7;21;68564;35302;34.4;17.7
58;2021-05-10;875;993;69439;36295;34.8;18.2
58;2021-05-11;1186;1983;70625;38278;35.4;19.2
58;2021-05-12;1662;1556;72287;39834;36.2;20.0
58;2021-05-13;49;181;72336;40015;36.2;20.0
58;2021-05-14;2311;909;74647;40924;37.4;20.5
58;2021-05-15;1725;457;76372;41381;38.3;20.7
58;2021-05-16;118;33;76490;41414;38.3;20.7
58;2021-05-17;792;610;77282;42024;38.7;21.1
58;2021-05-18;1332;1182;78614;43206;39.4;21.6
58;2021-05-19;1737;549;80351;43755;40.3;21.9
58;2021-05-20;1701;671;82052;44426;41.1;22.3
58;2021-05-21;854;728;82906;45154;41.5;22.6
58;2021-05-22;304;240;83210;45394;41.7;22.7
58;2021-05-23;2;21;83212;45415;41.7;22.8
58;2021-05-24;21;42;83233;45457;41.7;22.8
58;2021-05-25;1389;1153;84622;46610;42.4;23.4
58;2021-05-26;844;841;85466;47451;42.8;23.8
58;2021-05-27;753;944;86219;48395;43.2;24.2
58;2021-05-28;430;912;86649;49307;43.4;24.7
58;2021-05-29;151;212;86800;49519;43.5;24.8
58;2021-05-30;21;19;86821;49538;43.5;24.8
58;2021-05-31;757;399;87578;49937;43.9;25.0
58;2021-06-01;1373;1658;88951;51595;44.6;25.8
58;2021-06-02;1464;1047;90415;52642;45.3;26.4
58;2021-06-03;1026;960;91441;53602;45.8;26.9
58;2021-06-04;843;915;92284;54517;46.2;27.3
58;2021-06-05;272;263;92556;54780;46.4;27.4
58;2021-06-06;24;49;92580;54829;46.4;27.5
58;2021-06-07;712;793;93292;55622;46.7;27.9
58;2021-06-08;1324;1758;94616;57380;47.4;28.7
58;2021-06-09;1419;1008;96035;58388;48.1;29.3
58;2021-06-10;1108;981;97143;59369;48.7;29.7
58;2021-06-11;1031;906;98174;60275;49.2;30.2
58;2021-06-12;1055;415;99229;60690;49.7;30.4
58;2021-06-13;36;33;99265;60723;49.7;30.4
58;2021-06-14;516;1016;99781;61739;50.0;30.9
58;2021-06-15;1594;1757;101375;63496;50.8;31.8
58;2021-06-16;1806;993;103181;64489;51.7;32.3
58;2021-06-17;2024;1110;105205;65599;52.7;32.9
58;2021-06-18;987;1063;106192;66662;53.2;33.4
58;2021-06-19;581;319;106773;66981;53.5;33.6
58;2021-06-20;9;2;106782;66983;53.5;33.6
58;2021-06-21;472;551;107254;67534;53.7;33.8
58;2021-06-22;1028;1967;108282;69501;54.3;34.8
58;2021-06-23;1479;1512;109761;71013;55.0;35.6
58;2021-06-24;728;1025;110489;72038;55.4;36.1
58;2021-06-25;825;1718;111314;73756;55.8;37.0
58;2021-06-26;554;1229;111868;74985;56.0;37.6
58;2021-06-27;18;26;111886;75011;56.1;37.6
58;2021-06-28;463;987;112349;75998;56.3;38.1
58;2021-06-29;623;2161;112972;78159;56.6;39.2
58;2021-06-30;998;1625;113970;79784;57.1;40.0
58;2021-07-01;760;1674;114730;81458;57.5;40.8
58;2021-07-02;444;851;115174;82309;57.7;41.2
58;2021-07-03;249;512;115423;82821;57.8;41.5
58;2021-07-04;12;30;115435;82851;57.8;41.5
58;2021-07-05;510;770;115945;83621;58.1;41.9
58;2021-07-06;695;2121;116640;85742;58.4;43.0
58;2021-07-07;388;955;117028;86697;58.6;43.4
58;2021-07-08;399;1020;117427;87717;58.8;43.9
58;2021-07-09;709;1416;118136;89133;59.2;44.7
58;2021-07-10;260;413;118396;89546;59.3;44.9
58;2021-07-11;175;55;118571;89601;59.4;44.9
58;2021-07-12;197;968;118768;90569;59.5;45.4
58;2021-07-13;932;2501;119700;93070;60.0;46.6
58;2021-07-14;27;62;119727;93132;60.0;46.7
58;2021-07-15;1136;1939;120863;95071;60.6;47.6
58;2021-07-16;1411;1447;122274;96518;61.3;48.4
58;2021-07-17;463;288;122737;96806;61.5;48.5
58;2021-07-18;102;21;122839;96827;61.5;48.5
58;2021-07-19;1650;988;124489;97815;62.4;49.0
58;2021-07-20;1406;2456;125895;100271;63.1;50.2
58;2021-07-21;1177;2009;127072;102280;63.7;51.2
58;2021-07-22;1140;1669;128212;103949;64.2;52.1
58;2021-07-23;1259;1445;129471;105394;64.9;52.8
58;2021-07-24;999;1274;130470;106668;65.4;53.4
58;2021-07-25;89;39;130559;106707;65.4;53.5
58;2021-07-26;981;860;131540;107567;65.9;53.9
58;2021-07-27;1563;2582;133103;110149;66.7;55.2
58;2021-07-28;1573;1974;134676;112123;67.5;56.2
58;2021-07-29;1575;1623;136251;113746;68.3;57.0
58;2021-07-30;1463;1428;137714;115174;69.0;57.7
58;2021-07-31;562;527;138276;115701;69.3;58.0
58;2021-08-01;34;13;138310;115714;69.3;58.0
58;2021-08-02;1586;863;139896;116577;70.1;58.4
58;2021-08-03;2042;1782;141938;118359;71.1;59.3
58;2021-08-04;1304;1184;143242;119543;71.8;59.9
58;2021-08-05;1619;1182;144861;120725;72.6;60.5
58;2021-08-06;1355;1030;146216;121755;73.3;61.0
58;2021-08-07;311;401;146527;122156;73.4;61.2
58;2021-08-08;30;58;146557;122214;73.4;61.2
58;2021-08-09;1075;1386;147632;123600;74.0;61.9
58;2021-08-10;1778;1388;149410;124988;74.9;62.6
58;2021-08-11;1127;780;150537;125768;75.4;63.0
58;2021-08-12;1062;1111;151599;126879;76.0;63.6
58;2021-08-13;923;953;152522;127832;76.4;64.0
58;2021-08-14;231;315;152753;128147;76.5;64.2
58;2021-08-15;13;27;152766;128174;76.5;64.2
58;2021-08-16;308;1403;153074;129577;76.7;64.9
58;2021-08-17;796;1335;153870;130912;77.1;65.6
58;2021-08-18;763;1173;154633;132085;77.5;66.2
58;2021-08-19;720;1341;155353;133426;77.8;66.8
58;2021-08-20;696;1295;156049;134721;78.2;67.5
58;2021-08-21;248;475;156297;135196;78.3;67.7
58;2021-08-22;9;86;156306;135282;78.3;67.8
58;2021-08-23;410;815;156716;136097;78.5;68.2
59;2020-12-27;1;0;1;0;0.0;0.0
59;2020-12-28;27;0;28;0;0.0;0.0
59;2020-12-29;0;0;28;0;0.0;0.0
59;2020-12-30;0;0;28;0;0.0;0.0
59;2020-12-31;1;0;29;0;0.0;0.0
59;2021-01-01;3;0;32;0;0.0;0.0
59;2021-01-02;1;0;33;0;0.0;0.0
59;2021-01-03;2;0;35;0;0.0;0.0
59;2021-01-04;79;0;114;0;0.0;0.0
59;2021-01-05;217;0;331;0;0.0;0.0
59;2021-01-06;430;2;761;2;0.0;0.0
59;2021-01-07;1313;0;2074;2;0.1;0.0
59;2021-01-08;1262;4;3336;6;0.1;0.0
59;2021-01-09;609;3;3945;9;0.2;0.0
59;2021-01-10;427;0;4372;9;0.2;0.0
59;2021-01-11;1846;5;6218;14;0.2;0.0
59;2021-01-12;2470;2;8688;16;0.3;0.0
59;2021-01-13;2367;4;11055;20;0.4;0.0
59;2021-01-14;2757;22;13812;42;0.5;0.0
59;2021-01-15;2274;16;16086;58;0.6;0.0
59;2021-01-16;770;1;16856;59;0.7;0.0
59;2021-01-17;560;1;17416;60;0.7;0.0
59;2021-01-18;3510;15;20926;75;0.8;0.0
59;2021-01-19;4753;10;25679;85;1.0;0.0
59;2021-01-20;4133;12;29812;97;1.2;0.0
59;2021-01-21;4730;40;34542;137;1.3;0.0
59;2021-01-22;4023;11;38565;148;1.5;0.0
59;2021-01-23;1214;3;39779;151;1.5;0.0
59;2021-01-24;168;0;39947;151;1.5;0.0
59;2021-01-25;2729;58;42676;209;1.6;0.0
59;2021-01-26;2803;137;45479;346;1.8;0.0
59;2021-01-27;1736;308;47215;654;1.8;0.0
59;2021-01-28;3398;764;50613;1418;2.0;0.1
59;2021-01-29;2541;797;53154;2215;2.1;0.1
59;2021-01-30;288;175;53442;2390;2.1;0.1
59;2021-01-31;24;0;53466;2390;2.1;0.1
59;2021-02-01;78;863;53544;3253;2.1;0.1
59;2021-02-02;684;1431;54228;4684;2.1;0.2
59;2021-02-03;3748;1436;57976;6120;2.2;0.2
59;2021-02-04;2959;1743;60935;7863;2.4;0.3
59;2021-02-05;1050;1408;61985;9271;2.4;0.4
59;2021-02-06;206;355;62191;9626;2.4;0.4
59;2021-02-07;268;49;62459;9675;2.4;0.4
59;2021-02-08;683;1622;63142;11297;2.4;0.4
59;2021-02-09;1011;1842;64153;13139;2.5;0.5
59;2021-02-10;974;1634;65127;14773;2.5;0.6
59;2021-02-11;1346;1815;66473;16588;2.6;0.6
59;2021-02-12;1413;1646;67886;18234;2.6;0.7
59;2021-02-13;207;745;68093;18979;2.6;0.7
59;2021-02-14;13;42;68106;19021;2.6;0.7
59;2021-02-15;1393;3109;69499;22130;2.7;0.9
59;2021-02-16;1434;3769;70933;25899;2.7;1.0
59;2021-02-17;1618;3822;72551;29721;2.8;1.1
59;2021-02-18;3105;5193;75656;34914;2.9;1.3
59;2021-02-19;3210;3622;78866;38536;3.0;1.5
59;2021-02-20;1414;1590;80280;40126;3.1;1.5
59;2021-02-21;242;263;80522;40389;3.1;1.6
59;2021-02-22;1431;2581;81953;42970;3.2;1.7
59;2021-02-23;2659;2865;84612;45835;3.3;1.8
59;2021-02-24;4106;4064;88718;49899;3.4;1.9
59;2021-02-25;6916;3728;95634;53627;3.7;2.1
59;2021-02-26;6494;1899;102128;55526;3.9;2.1
59;2021-02-27;3095;190;105223;55716;4.1;2.2
59;2021-02-28;208;59;105431;55775;4.1;2.2
59;2021-03-01;3692;668;109123;56443;4.2;2.2
59;2021-03-02;4794;575;113917;57018;4.4;2.2
59;2021-03-03;5747;1003;119664;58021;4.6;2.2
59;2021-03-04;7084;949;126748;58970;4.9;2.3
59;2021-03-05;7831;982;134579;59952;5.2;2.3
59;2021-03-06;11558;529;146137;60481;5.6;2.3
59;2021-03-07;7586;350;153723;60831;5.9;2.3
59;2021-03-08;4496;1095;158219;61926;6.1;2.4
59;2021-03-09;6584;1423;164803;63349;6.4;2.4
59;2021-03-10;7024;1199;171827;64548;6.6;2.5
59;2021-03-11;9472;1880;181299;66428;7.0;2.6
59;2021-03-12;12151;1552;193450;67980;7.5;2.6
59;2021-03-13;16554;1091;210004;69071;8.1;2.7
59;2021-03-14;6961;320;216965;69391;8.4;2.7
59;2021-03-15;5614;1508;222579;70899;8.6;2.7
59;2021-03-16;3739;1326;226318;72225;8.7;2.8
59;2021-03-17;3855;2099;230173;74324;8.9;2.9
59;2021-03-18;3957;2495;234130;76819;9.0;3.0
59;2021-03-19;7742;1834;241872;78653;9.3;3.0
59;2021-03-20;16024;1273;257896;79926;10.0;3.1
59;2021-03-21;6315;443;264211;80369;10.2;3.1
59;2021-03-22;5446;1773;269657;82142;10.4;3.2
59;2021-03-23;7768;2820;277425;84962;10.7;3.3
59;2021-03-24;6861;2966;284286;87928;11.0;3.4
59;2021-03-25;10532;2554;294818;90482;11.4;3.5
59;2021-03-26;12248;2842;307066;93324;11.9;3.6
59;2021-03-27;15276;1136;322342;94460;12.5;3.6
59;2021-03-28;7983;356;330325;94816;12.8;3.7
59;2021-03-29;5495;3202;335820;98018;13.0;3.8
59;2021-03-30;7540;3752;343360;101770;13.3;3.9
59;2021-03-31;6153;4104;349513;105874;13.5;4.1
59;2021-04-01;7488;4920;357001;110794;13.8;4.3
59;2021-04-02;7647;5524;364648;116318;14.1;4.5
59;2021-04-03;13015;4298;377663;120616;14.6;4.7
59;2021-04-04;5347;2184;383010;122800;14.8;4.7
59;2021-04-05;6012;1536;389022;124336;15.0;4.8
59;2021-04-06;5403;4493;394425;128829;15.2;5.0
59;2021-04-07;7625;5439;402050;134268;15.5;5.2
59;2021-04-08;10390;5762;412440;140030;15.9;5.4
59;2021-04-09;13419;5935;425859;145965;16.4;5.6
59;2021-04-10;11477;6142;437336;152107;16.9;5.9
59;2021-04-11;4635;3563;441971;155670;17.1;6.0
59;2021-04-12;6307;4350;448278;160020;17.3;6.2
59;2021-04-13;8935;4794;457213;164814;17.7;6.4
59;2021-04-14;8788;4342;466001;169156;18.0;6.5
59;2021-04-15;10309;4848;476310;174004;18.4;6.7
59;2021-04-16;10882;5504;487192;179508;18.8;6.9
59;2021-04-17;7299;9079;494491;188587;19.1;7.3
59;2021-04-18;3231;4169;497722;192756;19.2;7.4
59;2021-04-19;5045;4301;502767;197057;19.4;7.6
59;2021-04-20;6895;4213;509662;201270;19.7;7.8
59;2021-04-21;6274;4432;515936;205702;19.9;7.9
59;2021-04-22;8611;5512;524547;211214;20.3;8.2
59;2021-04-23;8455;5692;533002;216906;20.6;8.4
59;2021-04-24;5539;8066;538541;224972;20.8;8.7
59;2021-04-25;3243;6081;541784;231053;20.9;8.9
59;2021-04-26;6493;3797;548277;234850;21.2;9.1
59;2021-04-27;8359;5199;556636;240049;21.5;9.3
59;2021-04-28;8772;6582;565408;246631;21.8;9.5
59;2021-04-29;9411;8576;574819;255207;22.2;9.9
59;2021-04-30;10604;8551;585423;263758;22.6;10.2
59;2021-05-01;11998;7592;597421;271350;23.1;10.5
59;2021-05-02;8645;5988;606066;277338;23.4;10.7
59;2021-05-03;9555;5069;615621;282407;23.8;10.9
59;2021-05-04;11426;6013;627047;288420;24.2;11.1
59;2021-05-05;10294;6219;637341;294639;24.6;11.4
59;2021-05-06;11195;8464;648536;303103;25.0;11.7
59;2021-05-07;13297;9633;661833;312736;25.6;12.1
59;2021-05-08;14744;4163;676577;316899;26.1;12.2
59;2021-05-09;11491;3339;688068;320238;26.6;12.4
59;2021-05-10;12744;6648;700812;326886;27.1;12.6
59;2021-05-11;15112;8342;715924;335228;27.7;12.9
59;2021-05-12;16630;8646;732554;343874;28.3;13.3
59;2021-05-13;18442;3456;750996;347330;29.0;13.4
59;2021-05-14;15781;6975;766777;354305;29.6;13.7
59;2021-05-15;23446;5299;790223;359604;30.5;13.9
59;2021-05-16;21183;2414;811406;362018;31.3;14.0
59;2021-05-17;15073;5275;826479;367293;31.9;14.2
59;2021-05-18;16926;5677;843405;372970;32.6;14.4
59;2021-05-19;18320;5107;861725;378077;33.3;14.6
59;2021-05-20;17932;7018;879657;385095;34.0;14.9
59;2021-05-21;18370;8301;898027;393396;34.7;15.2
59;2021-05-22;23815;5693;921842;399089;35.6;15.4
59;2021-05-23;17922;2272;939764;401361;36.3;15.5
59;2021-05-24;16688;2133;956452;403494;36.9;15.6
59;2021-05-25;14991;6679;971443;410173;37.5;15.8
59;2021-05-26;15892;7050;987335;417223;38.1;16.1
59;2021-05-27;16147;9180;1003482;426403;38.8;16.5
59;2021-05-28;15886;11473;1019368;437876;39.4;16.9
59;2021-05-29;14371;8724;1033739;446600;39.9;17.2
59;2021-05-30;8406;1845;1042145;448445;40.3;17.3
59;2021-05-31;14209;7981;1056354;456426;40.8;17.6
59;2021-06-01;15093;10426;1071447;466852;41.4;18.0
59;2021-06-02;14767;9946;1086214;476798;42.0;18.4
59;2021-06-03;15628;12144;1101842;488942;42.6;18.9
59;2021-06-04;15607;13499;1117449;502441;43.2;19.4
59;2021-06-05;14982;9342;1132431;511783;43.7;19.8
59;2021-06-06;8831;3206;1141262;514989;44.1;19.9
59;2021-06-07;10525;9442;1151787;524431;44.5;20.3
59;2021-06-08;11764;11099;1163551;535530;44.9;20.7
59;2021-06-09;10765;11920;1174316;547450;45.4;21.1
59;2021-06-10;11497;12346;1185813;559796;45.8;21.6
59;2021-06-11;10976;16016;1196789;575812;46.2;22.2
59;2021-06-12;11077;13683;1207866;589495;46.7;22.8
59;2021-06-13;6341;7032;1214207;596527;46.9;23.0
59;2021-06-14;6507;12700;1220714;609227;47.2;23.5
59;2021-06-15;8239;15957;1228953;625184;47.5;24.1
59;2021-06-16;9204;13555;1238157;638739;47.8;24.7
59;2021-06-17;9189;15662;1247346;654401;48.2;25.3
59;2021-06-18;9082;20060;1256428;674461;48.5;26.1
59;2021-06-19;8955;17491;1265383;691952;48.9;26.7
59;2021-06-20;4900;10190;1270283;702142;49.1;27.1
59;2021-06-21;5280;15970;1275563;718112;49.3;27.7
59;2021-06-22;6333;18686;1281896;736798;49.5;28.5
59;2021-06-23;6167;19088;1288063;755886;49.8;29.2
59;2021-06-24;7335;20539;1295398;776425;50.0;30.0
59;2021-06-25;6507;21209;1301905;797634;50.3;30.8
59;2021-06-26;6487;23755;1308392;821389;50.5;31.7
59;2021-06-27;4756;17078;1313148;838467;50.7;32.4
59;2021-06-28;5002;19829;1318150;858296;50.9;33.2
59;2021-06-29;5553;20376;1323703;878672;51.1;33.9
59;2021-06-30;6134;20101;1329837;898773;51.4;34.7
59;2021-07-01;6787;20842;1336624;919615;51.6;35.5
59;2021-07-02;6837;23249;1343461;942864;51.9;36.4
59;2021-07-03;5562;24621;1349023;967485;52.1;37.4
59;2021-07-04;4415;15977;1353438;983462;52.3;38.0
59;2021-07-05;5665;17492;1359103;1000954;52.5;38.7
59;2021-07-06;6600;18806;1365703;1019760;52.8;39.4
59;2021-07-07;6944;17461;1372647;1037221;53.0;40.1
59;2021-07-08;8022;17705;1380669;1054926;53.3;40.7
59;2021-07-09;7702;20306;1388371;1075232;53.6;41.5
59;2021-07-10;7443;18537;1395814;1093769;53.9;42.2
59;2021-07-11;4453;10230;1400267;1103999;54.1;42.6
59;2021-07-12;5908;18042;1406175;1122041;54.3;43.3
59;2021-07-13;9904;20766;1416079;1142807;54.7;44.1
59;2021-07-14;9782;8459;1425861;1151266;55.1;44.5
59;2021-07-15;11628;20420;1437489;1171686;55.5;45.3
59;2021-07-16;13214;20515;1450703;1192201;56.0;46.0
59;2021-07-17;12386;17464;1463089;1209665;56.5;46.7
59;2021-07-18;7954;8679;1471043;1218344;56.8;47.1
59;2021-07-19;10391;16456;1481434;1234800;57.2;47.7
59;2021-07-20;13396;17123;1494830;1251923;57.7;48.4
59;2021-07-21;14510;15589;1509340;1267512;58.3;49.0
59;2021-07-22;17049;15200;1526389;1282712;59.0;49.5
59;2021-07-23;15709;15838;1542098;1298550;59.6;50.2
59;2021-07-24;16337;12289;1558435;1310839;60.2;50.6
59;2021-07-25;11908;7324;1570343;1318163;60.7;50.9
59;2021-07-26;13030;12610;1583373;1330773;61.2;51.4
59;2021-07-27;16192;11968;1599565;1342741;61.8;51.9
59;2021-07-28;17415;11654;1616980;1354395;62.5;52.3
59;2021-07-29;17374;11670;1634354;1366065;63.1;52.8
59;2021-07-30;15893;11601;1650247;1377666;63.7;53.2
59;2021-07-31;13968;9179;1664215;1386845;64.3;53.6
59;2021-08-01;9934;4540;1674149;1391385;64.7;53.7
59;2021-08-02;12088;10011;1686237;1401396;65.1;54.1
59;2021-08-03;13351;10045;1699588;1411441;65.6;54.5
59;2021-08-04;11174;8279;1710762;1419720;66.1;54.8
59;2021-08-05;12652;9792;1723414;1429512;66.6;55.2
59;2021-08-06;12464;11036;1735878;1440548;67.0;55.6
59;2021-08-07;9695;9300;1745573;1449848;67.4;56.0
59;2021-08-08;6924;5247;1752497;1455095;67.7;56.2
59;2021-08-09;8369;10806;1760866;1465901;68.0;56.6
59;2021-08-10;10348;10769;1771214;1476670;68.4;57.0
59;2021-08-11;8629;9307;1779843;1485977;68.7;57.4
59;2021-08-12;8961;12048;1788804;1498025;69.1;57.9
59;2021-08-13;8432;11725;1797236;1509750;69.4;58.3
59;2021-08-14;5921;10373;1803157;1520123;69.6;58.7
59;2021-08-15;3364;4658;1806521;1524781;69.8;58.9
59;2021-08-16;5835;13843;1812356;1538624;70.0;59.4
59;2021-08-17;6909;12747;1819265;1551371;70.3;59.9
59;2021-08-18;5855;11438;1825120;1562809;70.5;60.4
59;2021-08-19;6281;13823;1831401;1576632;70.7;60.9
59;2021-08-20;5770;14533;1837171;1591165;71.0;61.5
59;2021-08-21;4117;10247;1841288;1601412;71.1;61.9
59;2021-08-22;2826;7631;1844114;1609043;71.2;62.1
59;2021-08-23;4731;15668;1848845;1624711;71.4;62.8
60;2020-12-27;0;0;0;0;0.0;0.0
60;2020-12-28;0;0;0;0;0.0;0.0
60;2020-12-29;1;0;1;0;0.0;0.0
60;2020-12-30;0;0;1;0;0.0;0.0
60;2020-12-31;0;0;1;0;0.0;0.0
60;2021-01-01;0;0;1;0;0.0;0.0
60;2021-01-02;5;0;6;0;0.0;0.0
60;2021-01-03;1;0;7;0;0.0;0.0
60;2021-01-04;1;0;8;0;0.0;0.0
60;2021-01-05;37;0;45;0;0.0;0.0
60;2021-01-06;188;4;233;4;0.0;0.0
60;2021-01-07;236;4;469;8;0.1;0.0
60;2021-01-08;380;3;849;11;0.1;0.0
60;2021-01-09;3;0;852;11;0.1;0.0
60;2021-01-10;60;0;912;11;0.1;0.0
60;2021-01-11;342;2;1254;13;0.2;0.0
60;2021-01-12;535;2;1789;15;0.2;0.0
60;2021-01-13;476;5;2265;20;0.3;0.0
60;2021-01-14;507;6;2772;26;0.3;0.0
60;2021-01-15;701;6;3473;32;0.4;0.0
60;2021-01-16;124;1;3597;33;0.4;0.0
60;2021-01-17;32;0;3629;33;0.4;0.0
60;2021-01-18;859;5;4488;38;0.5;0.0
60;2021-01-19;1201;10;5689;48;0.7;0.0
60;2021-01-20;1713;13;7402;61;0.9;0.0
60;2021-01-21;2259;10;9661;71;1.2;0.0
60;2021-01-22;1543;14;11204;85;1.4;0.0
60;2021-01-23;499;4;11703;89;1.4;0.0
60;2021-01-24;61;1;11764;90;1.4;0.0
60;2021-01-25;897;14;12661;104;1.5;0.0
60;2021-01-26;950;14;13611;118;1.6;0.0
60;2021-01-27;646;8;14257;126;1.7;0.0
60;2021-01-28;395;168;14652;294;1.8;0.0
60;2021-01-29;77;106;14729;400;1.8;0.0
60;2021-01-30;0;1;14729;401;1.8;0.0
60;2021-01-31;22;61;14751;462;1.8;0.1
60;2021-02-01;39;108;14790;570;1.8;0.1
60;2021-02-02;26;159;14816;729;1.8;0.1
60;2021-02-03;164;237;14980;966;1.8;0.1
60;2021-02-04;170;340;15150;1306;1.8;0.2
60;2021-02-05;315;476;15465;1782;1.9;0.2
60;2021-02-06;64;79;15529;1861;1.9;0.2
60;2021-02-07;31;32;15560;1893;1.9;0.2
60;2021-02-08;328;516;15888;2409;1.9;0.3
60;2021-02-09;319;468;16207;2877;2.0;0.3
60;2021-02-10;554;995;16761;3872;2.0;0.5
60;2021-02-11;937;1130;17698;5002;2.1;0.6
60;2021-02-12;913;857;18611;5859;2.3;0.7
60;2021-02-13;90;309;18701;6168;2.3;0.7
60;2021-02-14;24;91;18725;6259;2.3;0.8
60;2021-02-15;613;808;19338;7067;2.3;0.9
60;2021-02-16;580;926;19918;7993;2.4;1.0
60;2021-02-17;633;932;20551;8925;2.5;1.1
60;2021-02-18;684;827;21235;9752;2.6;1.2
60;2021-02-19;641;766;21876;10518;2.7;1.3
60;2021-02-20;104;190;21980;10708;2.7;1.3
60;2021-02-21;23;121;22003;10829;2.7;1.3
60;2021-02-22;461;874;22464;11703;2.7;1.4
60;2021-02-23;533;789;22997;12492;2.8;1.5
60;2021-02-24;794;556;23791;13048;2.9;1.6
60;2021-02-25;1095;310;24886;13358;3.0;1.6
60;2021-02-26;1298;191;26184;13549;3.2;1.6
60;2021-02-27;666;35;26850;13584;3.3;1.6
60;2021-02-28;7;10;26857;13594;3.3;1.6
60;2021-03-01;894;49;27751;13643;3.4;1.7
60;2021-03-02;1013;167;28764;13810;3.5;1.7
60;2021-03-03;1321;451;30085;14261;3.6;1.7
60;2021-03-04;1725;521;31810;14782;3.9;1.8
60;2021-03-05;1820;290;33630;15072;4.1;1.8
60;2021-03-06;1920;142;35550;15214;4.3;1.8
60;2021-03-07;886;32;36436;15246;4.4;1.8
60;2021-03-08;978;317;37414;15563;4.5;1.9
60;2021-03-09;1642;359;39056;15922;4.7;1.9
60;2021-03-10;1939;433;40995;16355;5.0;2.0
60;2021-03-11;2324;384;43319;16739;5.3;2.0
60;2021-03-12;2594;543;45913;17282;5.6;2.1
60;2021-03-13;3838;213;49751;17495;6.0;2.1
60;2021-03-14;1781;59;51532;17554;6.2;2.1
60;2021-03-15;2091;503;53623;18057;6.5;2.2
60;2021-03-16;1583;625;55206;18682;6.7;2.3
60;2021-03-17;1658;619;56864;19301;6.9;2.3
60;2021-03-18;1759;739;58623;20040;7.1;2.4
60;2021-03-19;2591;530;61214;20570;7.4;2.5
60;2021-03-20;3241;193;64455;20763;7.8;2.5
60;2021-03-21;2125;99;66580;20862;8.1;2.5
60;2021-03-22;2133;714;68713;21576;8.3;2.6
60;2021-03-23;3306;728;72019;22304;8.7;2.7
60;2021-03-24;3070;878;75089;23182;9.1;2.8
60;2021-03-25;3849;853;78938;24035;9.6;2.9
60;2021-03-26;4216;876;83154;24911;10.1;3.0
60;2021-03-27;4141;316;87295;25227;10.6;3.1
60;2021-03-28;2448;81;89743;25308;10.9;3.1
60;2021-03-29;2609;1088;92352;26396;11.2;3.2
60;2021-03-30;3285;1077;95637;27473;11.6;3.3
60;2021-03-31;2669;1148;98306;28621;11.9;3.5
60;2021-04-01;2562;1107;100868;29728;12.2;3.6
60;2021-04-02;3307;1106;104175;30834;12.6;3.7
60;2021-04-03;3170;1014;107345;31848;13.0;3.9
60;2021-04-04;875;484;108220;32332;13.1;3.9
60;2021-04-05;458;82;108678;32414;13.2;3.9
60;2021-04-06;1965;1626;110643;34040;13.4;4.1
60;2021-04-07;1984;1751;112627;35791;13.7;4.3
60;2021-04-08;2612;1495;115239;37286;14.0;4.5
60;2021-04-09;2998;1521;118237;38807;14.3;4.7
60;2021-04-10;2928;1588;121165;40395;14.7;4.9
60;2021-04-11;1047;1000;122212;41395;14.8;5.0
60;2021-04-12;2045;1722;124257;43117;15.1;5.2
60;2021-04-13;2748;1785;127005;44902;15.4;5.4
60;2021-04-14;3144;1821;130149;46723;15.8;5.7
60;2021-04-15;3560;1894;133709;48617;16.2;5.9
60;2021-04-16;3289;1950;136998;50567;16.6;6.1
60;2021-04-17;2848;2172;139846;52739;16.9;6.4
60;2021-04-18;573;1833;140419;54572;17.0;6.6
60;2021-04-19;1742;2214;142161;56786;17.2;6.9
60;2021-04-20;2128;2678;144289;59464;17.5;7.2
60;2021-04-21;2653;2207;146942;61671;17.8;7.5
60;2021-04-22;2631;2512;149573;64183;18.1;7.8
60;2021-04-23;2649;2502;152222;66685;18.4;8.1
60;2021-04-24;2471;3457;154693;70142;18.7;8.5
60;2021-04-25;1161;1965;155854;72107;18.9;8.7
60;2021-04-26;1890;2529;157744;74636;19.1;9.0
60;2021-04-27;2310;2847;160054;77483;19.4;9.4
60;2021-04-28;3061;2399;163115;79882;19.8;9.7
60;2021-04-29;3153;2628;166268;82510;20.2;10.0
60;2021-04-30;3459;2968;169727;85478;20.6;10.4
60;2021-05-01;2355;1123;172082;86601;20.9;10.5
60;2021-05-02;2148;844;174230;87445;21.1;10.6
60;2021-05-03;2955;1854;177185;89299;21.5;10.8
60;2021-05-04;3018;2359;180203;91658;21.8;11.1
60;2021-05-05;3259;2808;183462;94466;22.2;11.4
60;2021-05-06;3649;2482;187111;96948;22.7;11.8
60;2021-05-07;3985;2525;191096;99473;23.2;12.1
60;2021-05-08;3583;975;194679;100448;23.6;12.2
60;2021-05-09;3460;955;198139;101403;24.0;12.3
60;2021-05-10;2391;2294;200530;103697;24.3;12.6
60;2021-05-11;3667;2472;204197;106169;24.7;12.9
60;2021-05-12;4718;2552;208915;108721;25.3;13.2
60;2021-05-13;5292;1127;214207;109848;26.0;13.3
60;2021-05-14;5605;1812;219812;111660;26.6;13.5
60;2021-05-15;6173;1717;225985;113377;27.4;13.7
60;2021-05-16;4861;691;230846;114068;28.0;13.8
60;2021-05-17;3716;1677;234562;115745;28.4;14.0
60;2021-05-18;4048;2081;238610;117826;28.9;14.3
60;2021-05-19;5097;1855;243707;119681;29.5;14.5
60;2021-05-20;5458;1797;249165;121478;30.2;14.7
60;2021-05-21;5974;1980;255139;123458;30.9;15.0
60;2021-05-22;5356;1982;260495;125440;31.6;15.2
60;2021-05-23;4267;658;264762;126098;32.1;15.3
60;2021-05-24;2951;535;267713;126633;32.4;15.3
60;2021-05-25;4138;2002;271851;128635;32.9;15.6
60;2021-05-26;4465;1835;276316;130470;33.5;15.8
60;2021-05-27;4613;1997;280929;132467;34.0;16.1
60;2021-05-28;4627;2510;285556;134977;34.6;16.4
60;2021-05-29;4612;2274;290168;137251;35.2;16.6
60;2021-05-30;1086;349;291254;137600;35.3;16.7
60;2021-05-31;3830;2081;295084;139681;35.8;16.9
60;2021-06-01;4443;2854;299527;142535;36.3;17.3
60;2021-06-02;3913;2451;303440;144986;36.8;17.6
60;2021-06-03;3905;2379;307345;147365;37.3;17.9
60;2021-06-04;4654;2905;311999;150270;37.8;18.2
60;2021-06-05;4303;3422;316302;153692;38.3;18.6
60;2021-06-06;2157;795;318459;154487;38.6;18.7
60;2021-06-07;2777;2759;321236;157246;38.9;19.1
60;2021-06-08;3803;3013;325039;160259;39.4;19.4
60;2021-06-09;3245;3400;328284;163659;39.8;19.8
60;2021-06-10;3456;3369;331740;167028;40.2;20.2
60;2021-06-11;3881;4197;335621;171225;40.7;20.8
60;2021-06-12;3779;4278;339400;175503;41.1;21.3
60;2021-06-13;1156;2225;340556;177728;41.3;21.5
60;2021-06-14;1908;3305;342464;181033;41.5;21.9
60;2021-06-15;3014;4165;345478;185198;41.9;22.4
60;2021-06-16;3252;4491;348730;189689;42.3;23.0
60;2021-06-17;2977;4785;351707;194474;42.6;23.6
60;2021-06-18;2985;4604;354692;199078;43.0;24.1
60;2021-06-19;3144;4729;357836;203807;43.4;24.7
60;2021-06-20;1430;1934;359266;205741;43.5;24.9
60;2021-06-21;1408;4041;360674;209782;43.7;25.4
60;2021-06-22;1760;5293;362434;215075;43.9;26.1
60;2021-06-23;1862;5241;364296;220316;44.2;26.7
60;2021-06-24;1804;5605;366100;225921;44.4;27.4
60;2021-06-25;1903;5730;368003;231651;44.6;28.1
60;2021-06-26;1857;6980;369860;238631;44.8;28.9
60;2021-06-27;715;2594;370575;241225;44.9;29.2
60;2021-06-28;1781;4141;372356;245366;45.1;29.7
60;2021-06-29;2014;5468;374370;250834;45.4;30.4
60;2021-06-30;2298;5359;376668;256193;45.7;31.1
60;2021-07-01;1891;4916;378559;261109;45.9;31.6
60;2021-07-02;2368;5882;380927;266991;46.2;32.4
60;2021-07-03;2402;6166;383329;273157;46.5;33.1
60;2021-07-04;792;2726;384121;275883;46.6;33.4
60;2021-07-05;1657;4401;385778;280284;46.8;34.0
60;2021-07-06;2145;4500;387923;284784;47.0;34.5
60;2021-07-07;2172;5121;390095;289905;47.3;35.1
60;2021-07-08;2673;4693;392768;294598;47.6;35.7
60;2021-07-09;2641;5560;395409;300158;47.9;36.4
60;2021-07-10;2581;5874;397990;306032;48.2;37.1
60;2021-07-11;1214;1943;399204;307975;48.4;37.3
60;2021-07-12;1445;4738;400649;312713;48.6;37.9
60;2021-07-13;2911;5021;403560;317734;48.9;38.5
60;2021-07-14;2579;1408;406139;319142;49.2;38.7
60;2021-07-15;3428;4870;409567;324012;49.6;39.3
60;2021-07-16;3696;5244;413263;329256;50.1;39.9
60;2021-07-17;4080;5136;417343;334392;50.6;40.5
60;2021-07-18;2186;2128;419529;336520;50.8;40.8
60;2021-07-19;2541;3896;422070;340416;51.2;41.3
60;2021-07-20;4189;4901;426259;345317;51.7;41.9
60;2021-07-21;4346;4275;430605;349592;52.2;42.4
60;2021-07-22;4622;4330;435227;353922;52.7;42.9
60;2021-07-23;4979;4902;440206;358824;53.4;43.5
60;2021-07-24;4310;4667;444516;363491;53.9;44.1
60;2021-07-25;2600;1825;447116;365316;54.2;44.3
60;2021-07-26;3374;3759;450490;369075;54.6;44.7
60;2021-07-27;4426;4634;454916;373709;55.1;45.3
60;2021-07-28;4539;3768;459455;377477;55.7;45.8
60;2021-07-29;4894;3709;464349;381186;56.3;46.2
60;2021-07-30;5011;4259;469360;385445;56.9;46.7
60;2021-07-31;4053;3963;473413;389408;57.4;47.2
60;2021-08-01;1681;860;475094;390268;57.6;47.3
60;2021-08-02;3163;2749;478257;393017;58.0;47.6
60;2021-08-03;3574;2892;481831;395909;58.4;48.0
60;2021-08-04;3292;2795;485123;398704;58.8;48.3
60;2021-08-05;3018;2255;488141;400959;59.2;48.6
60;2021-08-06;3818;3059;491959;404018;59.6;49.0
60;2021-08-07;3361;3072;495320;407090;60.0;49.3
60;2021-08-08;1533;904;496853;407994;60.2;49.4
60;2021-08-09;2193;2869;499046;410863;60.5;49.8
60;2021-08-10;3265;3305;502311;414168;60.9;50.2
60;2021-08-11;2779;3228;505090;417396;61.2;50.6
60;2021-08-12;2349;2659;507439;420055;61.5;50.9
60;2021-08-13;2738;2997;510177;423052;61.8;51.3
60;2021-08-14;2537;2725;512714;425777;62.1;51.6
60;2021-08-15;1358;547;514072;426324;62.3;51.7
60;2021-08-16;2036;3772;516108;430096;62.6;52.1
60;2021-08-17;2337;3816;518445;433912;62.8;52.6
60;2021-08-18;1933;3284;520378;437196;63.1;53.0
60;2021-08-19;1633;3087;522011;440283;63.3;53.4
60;2021-08-20;1849;3991;523860;444274;63.5;53.8
60;2021-08-21;1599;3478;525459;447752;63.7;54.3
60;2021-08-22;566;1331;526025;449083;63.8;54.4
60;2021-08-23;1056;3208;527081;452291;63.9;54.8
61;2020-12-27;0;0;0;0;0.0;0.0
61;2020-12-28;0;0;0;0;0.0;0.0
61;2020-12-29;0;0;0;0;0.0;0.0
61;2020-12-30;0;0;0;0;0.0;0.0
61;2020-12-31;0;0;0;0;0.0;0.0
61;2021-01-01;1;0;1;0;0.0;0.0
61;2021-01-02;1;0;2;0;0.0;0.0
61;2021-01-03;0;0;2;0;0.0;0.0
61;2021-01-04;1;0;3;0;0.0;0.0
61;2021-01-05;3;0;6;0;0.0;0.0
61;2021-01-06;76;0;82;0;0.0;0.0
61;2021-01-07;175;2;257;2;0.1;0.0
61;2021-01-08;406;1;663;3;0.2;0.0
61;2021-01-09;165;1;828;4;0.3;0.0
61;2021-01-10;49;0;877;4;0.3;0.0
61;2021-01-11;396;1;1273;5;0.5;0.0
61;2021-01-12;680;2;1953;7;0.7;0.0
61;2021-01-13;739;1;2692;8;1.0;0.0
61;2021-01-14;530;8;3222;16;1.2;0.0
61;2021-01-15;537;4;3759;20;1.4;0.0
61;2021-01-16;289;1;4048;21;1.5;0.0
61;2021-01-17;844;7;4892;28;1.8;0.0
61;2021-01-18;1913;3;6805;31;2.5;0.0
61;2021-01-19;1323;4;8128;35;2.9;0.0
61;2021-01-20;683;0;8811;35;3.2;0.0
61;2021-01-21;844;1;9655;36;3.5;0.0
61;2021-01-22;764;1;10419;37;3.8;0.0
61;2021-01-23;257;2;10676;39;3.9;0.0
61;2021-01-24;228;0;10904;39;3.9;0.0
61;2021-01-25;578;1;11482;40;4.1;0.0
61;2021-01-26;558;0;12040;40;4.3;0.0
61;2021-01-27;569;14;12609;54;4.6;0.0
61;2021-01-28;464;53;13073;107;4.7;0.0
61;2021-01-29;479;204;13552;311;4.9;0.1
61;2021-01-30;212;3;13764;314;5.0;0.1
61;2021-01-31;106;0;13870;314;5.0;0.1
61;2021-02-01;430;190;14300;504;5.2;0.2
61;2021-02-02;387;424;14687;928;5.3;0.3
61;2021-02-03;412;490;15099;1418;5.5;0.5
61;2021-02-04;390;338;15489;1756;5.6;0.6
61;2021-02-05;538;361;16027;2117;5.8;0.8
61;2021-02-06;200;92;16227;2209;5.9;0.8
61;2021-02-07;45;199;16272;2408;5.9;0.9
61;2021-02-08;540;1408;16812;3816;6.1;1.4
61;2021-02-09;405;810;17217;4626;6.2;1.7
61;2021-02-10;277;559;17494;5185;6.3;1.9
61;2021-02-11;432;562;17926;5747;6.5;2.1
61;2021-02-12;402;736;18328;6483;6.6;2.3
61;2021-02-13;132;431;18460;6914;6.7;2.5
61;2021-02-14;2;314;18462;7228;6.7;2.6
61;2021-02-15;171;846;18633;8074;6.7;2.9
61;2021-02-16;203;681;18836;8755;6.8;3.2
61;2021-02-17;44;639;18880;9394;6.8;3.4
61;2021-02-18;161;526;19041;9920;6.9;3.6
61;2021-02-19;101;391;19142;10311;6.9;3.7
61;2021-02-20;40;238;19182;10549;6.9;3.8
61;2021-02-21;2;155;19184;10704;6.9;3.9
61;2021-02-22;88;566;19272;11270;7.0;4.1
61;2021-02-23;111;495;19383;11765;7.0;4.2
61;2021-02-24;173;572;19556;12337;7.1;4.5
61;2021-02-25;265;446;19821;12783;7.2;4.6
61;2021-02-26;266;465;20087;13248;7.3;4.8
61;2021-02-27;109;227;20196;13475;7.3;4.9
61;2021-02-28;4;121;20200;13596;7.3;4.9
61;2021-03-01;217;612;20417;14208;7.4;5.1
61;2021-03-02;148;700;20565;14908;7.4;5.4
61;2021-03-03;142;448;20707;15356;7.5;5.5
61;2021-03-04;431;446;21138;15802;7.6;5.7
61;2021-03-05;701;297;21839;16099;7.9;5.8
61;2021-03-06;436;231;22275;16330;8.0;5.9
61;2021-03-07;155;2;22430;16332;8.1;5.9
61;2021-03-08;298;314;22728;16646;8.2;6.0
61;2021-03-09;622;185;23350;16831;8.4;6.1
61;2021-03-10;672;189;24022;17020;8.7;6.1
61;2021-03-11;1121;129;25143;17149;9.1;6.2
61;2021-03-12;1467;102;26610;17251;9.6;6.2
61;2021-03-13;775;53;27385;17304;9.9;6.2
61;2021-03-14;226;5;27611;17309;10.0;6.3
61;2021-03-15;814;35;28425;17344;10.3;6.3
61;2021-03-16;720;22;29145;17366;10.5;6.3
61;2021-03-17;761;13;29906;17379;10.8;6.3
61;2021-03-18;858;26;30764;17405;11.1;6.3
61;2021-03-19;1027;49;31791;17454;11.5;6.3
61;2021-03-20;471;14;32262;17468;11.7;6.3
61;2021-03-21;71;2;32333;17470;11.7;6.3
61;2021-03-22;796;89;33129;17559;12.0;6.3
61;2021-03-23;920;39;34049;17598;12.3;6.4
61;2021-03-24;1372;67;35421;17665;12.8;6.4
61;2021-03-25;1876;64;37297;17729;13.5;6.4
61;2021-03-26;1798;43;39095;17772;14.1;6.4
61;2021-03-27;1083;18;40178;17790;14.5;6.4
61;2021-03-28;359;9;40537;17799;14.6;6.4
61;2021-03-29;1271;183;41808;17982;15.1;6.5
61;2021-03-30;1471;96;43279;18078;15.6;6.5
61;2021-03-31;1686;51;44965;18129;16.2;6.5
61;2021-04-01;2051;228;47016;18357;17.0;6.6
61;2021-04-02;1518;432;48534;18789;17.5;6.8
61;2021-04-03;638;288;49172;19077;17.8;6.9
61;2021-04-04;193;1;49365;19078;17.8;6.9
61;2021-04-05;532;8;49897;19086;18.0;6.9
61;2021-04-06;1354;620;51251;19706;18.5;7.1
61;2021-04-07;1698;662;52949;20368;19.1;7.4
61;2021-04-08;2268;827;55217;21195;19.9;7.7
61;2021-04-09;2138;838;57355;22033;20.7;8.0
61;2021-04-10;1534;488;58889;22521;21.3;8.1
61;2021-04-11;238;199;59127;22720;21.4;8.2
61;2021-04-12;1289;736;60416;23456;21.8;8.5
61;2021-04-13;1741;705;62157;24161;22.4;8.7
61;2021-04-14;1733;787;63890;24948;23.1;9.0
61;2021-04-15;2268;781;66158;25729;23.9;9.3
61;2021-04-16;2223;685;68381;26414;24.7;9.5
61;2021-04-17;1487;324;69868;26738;25.2;9.7
61;2021-04-18;538;99;70406;26837;25.4;9.7
61;2021-04-19;938;746;71344;27583;25.8;10.0
61;2021-04-20;1523;786;72867;28369;26.3;10.2
61;2021-04-21;1352;1040;74219;29409;26.8;10.6
61;2021-04-22;1293;1220;75512;30629;27.3;11.1
61;2021-04-23;1218;1152;76730;31781;27.7;11.5
61;2021-04-24;1437;818;78167;32599;28.2;11.8
61;2021-04-25;361;333;78528;32932;28.4;11.9
61;2021-04-26;670;1144;79198;34076;28.6;12.3
61;2021-04-27;1464;1144;80662;35220;29.1;12.7
61;2021-04-28;1387;1390;82049;36610;29.6;13.2
61;2021-04-29;1248;1861;83297;38471;30.1;13.9
61;2021-04-30;1721;1170;85018;39641;30.7;14.3
61;2021-05-01;788;320;85806;39961;31.0;14.4
61;2021-05-02;438;225;86244;40186;31.1;14.5
61;2021-05-03;844;1250;87088;41436;31.5;15.0
61;2021-05-04;1326;1754;88414;43190;31.9;15.6
61;2021-05-05;1010;2029;89424;45219;32.3;16.3
61;2021-05-06;1771;2211;91195;47430;32.9;17.1
61;2021-05-07;1376;1969;92571;49399;33.4;17.8
61;2021-05-08;929;471;93500;49870;33.8;18.0
61;2021-05-09;394;292;93894;50162;33.9;18.1
61;2021-05-10;988;1755;94882;51917;34.3;18.7
61;2021-05-11;1375;1516;96257;53433;34.8;19.3
61;2021-05-12;1868;1591;98125;55024;35.4;19.9
61;2021-05-13;889;489;99014;55513;35.8;20.0
61;2021-05-14;1851;1192;100865;56705;36.4;20.5
61;2021-05-15;2103;1118;102968;57823;37.2;20.9
61;2021-05-16;984;300;103952;58123;37.5;21.0
61;2021-05-17;1312;915;105264;59038;38.0;21.3
61;2021-05-18;2423;891;107687;59929;38.9;21.6
61;2021-05-19;2401;802;110088;60731;39.8;21.9
61;2021-05-20;2214;815;112302;61546;40.6;22.2
61;2021-05-21;2150;860;114452;62406;41.3;22.5
61;2021-05-22;1778;717;116230;63123;42.0;22.8
61;2021-05-23;714;53;116944;63176;42.2;22.8
61;2021-05-24;913;110;117857;63286;42.6;22.9
61;2021-05-25;1992;923;119849;64209;43.3;23.2
61;2021-05-26;2043;930;121892;65139;44.0;23.5
61;2021-05-27;2040;1095;123932;66234;44.8;23.9
61;2021-05-28;2052;1380;125984;67614;45.5;24.4
61;2021-05-29;1464;554;127448;68168;46.0;24.6
61;2021-05-30;450;44;127898;68212;46.2;24.6
61;2021-05-31;1560;937;129458;69149;46.8;25.0
61;2021-06-01;1876;1388;131334;70537;47.4;25.5
61;2021-06-02;1675;1136;133009;71673;48.0;25.9
61;2021-06-03;2249;1111;135258;72784;48.8;26.3
61;2021-06-04;1894;1344;137152;74128;49.5;26.8
61;2021-06-05;1668;1240;138820;75368;50.1;27.2
61;2021-06-06;318;230;139138;75598;50.2;27.3
61;2021-06-07;2188;869;141326;76467;51.0;27.6
61;2021-06-08;1847;1569;143173;78036;51.7;28.2
61;2021-06-09;1974;1185;145147;79221;52.4;28.6
61;2021-06-10;1973;1192;147120;80413;53.1;29.0
61;2021-06-11;1821;1581;148941;81994;53.8;29.6
61;2021-06-12;1423;998;150364;82992;54.3;30.0
61;2021-06-13;340;377;150704;83369;54.4;30.1
61;2021-06-14;1106;1189;151810;84558;54.8;30.5
61;2021-06-15;1212;1695;153022;86253;55.3;31.1
61;2021-06-16;1113;1364;154135;87617;55.7;31.6
61;2021-06-17;1019;1729;155154;89346;56.0;32.3
61;2021-06-18;1522;1669;156676;91015;56.6;32.9
61;2021-06-19;1244;1303;157920;92318;57.0;33.3
61;2021-06-20;289;345;158209;92663;57.1;33.5
61;2021-06-21;808;1630;159017;94293;57.4;34.1
61;2021-06-22;1023;1683;160040;95976;57.8;34.7
61;2021-06-23;968;2438;161008;98414;58.1;35.5
61;2021-06-24;650;1359;161658;99773;58.4;36.0
61;2021-06-25;839;2168;162497;101941;58.7;36.8
61;2021-06-26;624;1953;163121;103894;58.9;37.5
61;2021-06-27;139;799;163260;104693;59.0;37.8
61;2021-06-28;478;2248;163738;106941;59.1;38.6
61;2021-06-29;699;2858;164437;109799;59.4;39.7
61;2021-06-30;771;2463;165208;112262;59.7;40.5
61;2021-07-01;633;1696;165841;113958;59.9;41.2
61;2021-07-02;842;2497;166683;116455;60.2;42.1
61;2021-07-03;416;1912;167099;118367;60.3;42.7
61;2021-07-04;75;637;167174;119004;60.4;43.0
61;2021-07-05;684;1774;167858;120778;60.6;43.6
61;2021-07-06;990;2796;168848;123574;61.0;44.6
61;2021-07-07;734;2362;169582;125936;61.2;45.5
61;2021-07-08;840;1945;170422;127881;61.5;46.2
61;2021-07-09;723;2375;171145;130256;61.8;47.0
61;2021-07-10;464;1771;171609;132027;62.0;47.7
61;2021-07-11;244;489;171853;132516;62.1;47.9
61;2021-07-12;437;2290;172290;134806;62.2;48.7
61;2021-07-13;646;2489;172936;137295;62.5;49.6
61;2021-07-14;149;334;173085;137629;62.5;49.7
61;2021-07-15;814;2813;173899;140442;62.8;50.7
61;2021-07-16;967;2574;174866;143016;63.2;51.6
61;2021-07-17;704;2231;175570;145247;63.4;52.5
61;2021-07-18;339;368;175909;145615;63.5;52.6
61;2021-07-19;937;2403;176846;148018;63.9;53.5
61;2021-07-20;1320;2357;178166;150375;64.3;54.3
61;2021-07-21;1501;2182;179667;152557;64.9;55.1
61;2021-07-22;1752;2187;181419;154744;65.5;55.9
61;2021-07-23;1791;2305;183210;157049;66.2;56.7
61;2021-07-24;1455;2004;184665;159053;66.7;57.4
61;2021-07-25;324;394;184989;159447;66.8;57.6
61;2021-07-26;1248;1930;186237;161377;67.3;58.3
61;2021-07-27;2416;1585;188653;162962;68.1;58.9
61;2021-07-28;2455;1355;191108;164317;69.0;59.3
61;2021-07-29;2554;1574;193662;165891;69.9;59.9
61;2021-07-30;2390;1393;196052;167284;70.8;60.4
61;2021-07-31;1281;1298;197333;168582;71.3;60.9
61;2021-08-01;500;260;197833;168842;71.4;61.0
61;2021-08-02;1904;1118;199737;169960;72.1;61.4
61;2021-08-03;2444;911;202181;170871;73.0;61.7
61;2021-08-04;2336;781;204517;171652;73.9;62.0
61;2021-08-05;1892;989;206409;172641;74.5;62.3
61;2021-08-06;2145;1161;208554;173802;75.3;62.8
61;2021-08-07;1415;797;209969;174599;75.8;63.1
61;2021-08-08;444;263;210413;174862;76.0;63.1
61;2021-08-09;1298;1109;211711;175971;76.5;63.5
61;2021-08-10;1314;1107;213025;177078;76.9;63.9
61;2021-08-11;1116;1255;214141;178333;77.3;64.4
61;2021-08-12;1023;1321;215164;179654;77.7;64.9
61;2021-08-13;867;1605;216031;181259;78.0;65.5
61;2021-08-14;712;856;216743;182115;78.3;65.8
61;2021-08-15;93;184;216836;182299;78.3;65.8
61;2021-08-16;908;1540;217744;183839;78.6;66.4
61;2021-08-17;1145;1695;218889;185534;79.0;67.0
61;2021-08-18;806;1477;219695;187011;79.3;67.5
61;2021-08-19;734;1567;220429;188578;79.6;68.1
61;2021-08-20;788;2128;221217;190706;79.9;68.9
61;2021-08-21;490;1339;221707;192045;80.1;69.4
61;2021-08-22;136;446;221843;192491;80.1;69.5
61;2021-08-23;410;1700;222253;194191;80.3;70.1
62;2020-12-27;2;0;2;0;0.0;0.0
62;2020-12-28;2;0;4;0;0.0;0.0
62;2020-12-29;0;0;4;0;0.0;0.0
62;2020-12-30;0;0;4;0;0.0;0.0
62;2020-12-31;0;0;4;0;0.0;0.0
62;2021-01-01;0;0;4;0;0.0;0.0
62;2021-01-02;0;0;4;0;0.0;0.0
62;2021-01-03;0;0;4;0;0.0;0.0
62;2021-01-04;2;0;6;0;0.0;0.0
62;2021-01-05;47;0;53;0;0.0;0.0
62;2021-01-06;123;0;176;0;0.0;0.0
62;2021-01-07;351;0;527;0;0.0;0.0
62;2021-01-08;712;6;1239;6;0.1;0.0
62;2021-01-09;164;1;1403;7;0.1;0.0
62;2021-01-10;84;0;1487;7;0.1;0.0
62;2021-01-11;555;1;2042;8;0.1;0.0
62;2021-01-12;1249;3;3291;11;0.2;0.0
62;2021-01-13;1138;6;4429;17;0.3;0.0
62;2021-01-14;1387;8;5816;25;0.4;0.0
62;2021-01-15;1295;8;7111;33;0.5;0.0
62;2021-01-16;308;3;7419;36;0.5;0.0
62;2021-01-17;107;1;7526;37;0.5;0.0
62;2021-01-18;1666;10;9192;47;0.6;0.0
62;2021-01-19;2103;5;11295;52;0.8;0.0
62;2021-01-20;2055;6;13350;58;0.9;0.0
62;2021-01-21;2230;5;15580;63;1.1;0.0
62;2021-01-22;1834;9;17414;72;1.2;0.0
62;2021-01-23;512;1;17926;73;1.2;0.0
62;2021-01-24;0;0;17926;73;1.2;0.0
62;2021-01-25;1282;7;19208;80;1.3;0.0
62;2021-01-26;1542;15;20750;95;1.4;0.0
62;2021-01-27;1499;173;22249;268;1.5;0.0
62;2021-01-28;4157;383;26406;651;1.8;0.0
62;2021-01-29;2025;333;28431;984;2.0;0.1
62;2021-01-30;159;151;28590;1135;2.0;0.1
62;2021-01-31;22;3;28612;1138;2.0;0.1
62;2021-02-01;46;357;28658;1495;2.0;0.1
62;2021-02-02;59;787;28717;2282;2.0;0.2
62;2021-02-03;44;629;28761;2911;2.0;0.2
62;2021-02-04;81;812;28842;3723;2.0;0.3
62;2021-02-05;80;751;28922;4474;2.0;0.3
62;2021-02-06;27;193;28949;4667;2.0;0.3
62;2021-02-07;237;29;29186;4696;2.0;0.3
62;2021-02-08;130;844;29316;5540;2.0;0.4
62;2021-02-09;226;1096;29542;6636;2.0;0.5
62;2021-02-10;384;1172;29926;7808;2.1;0.5
62;2021-02-11;724;1004;30650;8812;2.1;0.6
62;2021-02-12;966;778;31616;9590;2.2;0.7
62;2021-02-13;159;269;31775;9859;2.2;0.7
62;2021-02-14;0;0;31775;9859;2.2;0.7
62;2021-02-15;665;1272;32440;11131;2.2;0.8
62;2021-02-16;921;1785;33361;12916;2.3;0.9
62;2021-02-17;1074;2115;34435;15031;2.4;1.0
62;2021-02-18;2217;3795;36652;18826;2.5;1.3
62;2021-02-19;2308;2544;38960;21370;2.7;1.5
62;2021-02-20;615;477;39575;21847;2.7;1.5
62;2021-02-21;87;50;39662;21897;2.7;1.5
62;2021-02-22;847;967;40509;22864;2.8;1.6
62;2021-02-23;1419;1217;41928;24081;2.9;1.7
62;2021-02-24;1546;648;43474;24729;3.0;1.7
62;2021-02-25;3169;419;46643;25148;3.2;1.7
62;2021-02-26;2910;345;49553;25493;3.4;1.8
62;2021-02-27;1830;99;51383;25592;3.5;1.8
62;2021-02-28;52;42;51435;25634;3.5;1.8
62;2021-03-01;1322;122;52757;25756;3.6;1.8
62;2021-03-02;3156;179;55913;25935;3.8;1.8
62;2021-03-03;3270;128;59183;26063;4.1;1.8
62;2021-03-04;3808;216;62991;26279;4.3;1.8
62;2021-03-05;4644;229;67635;26508;4.7;1.8
62;2021-03-06;9621;263;77256;26771;5.3;1.8
62;2021-03-07;8075;226;85331;26997;5.9;1.9
62;2021-03-08;2195;264;87526;27261;6.0;1.9
62;2021-03-09;3808;384;91334;27645;6.3;1.9
62;2021-03-10;4232;616;95566;28261;6.6;1.9
62;2021-03-11;5995;1538;101561;29799;7.0;2.1
62;2021-03-12;6635;1425;108196;31224;7.4;2.1
62;2021-03-13;14720;813;122916;32037;8.5;2.2
62;2021-03-14;9584;407;132500;32444;9.1;2.2
62;2021-03-15;3764;1021;136264;33465;9.4;2.3
62;2021-03-16;2735;860;138999;34325;9.6;2.4
62;2021-03-17;2804;735;141803;35060;9.8;2.4
62;2021-03-18;2724;945;144527;36005;9.9;2.5
62;2021-03-19;4781;929;149308;36934;10.3;2.5
62;2021-03-20;11065;614;160373;37548;11.0;2.6
62;2021-03-21;9448;369;169821;37917;11.7;2.6
62;2021-03-22;2942;1107;172763;39024;11.9;2.7
62;2021-03-23;4995;1500;177758;40524;12.2;2.8
62;2021-03-24;4693;1404;182451;41928;12.6;2.9
62;2021-03-25;6555;1475;189006;43403;13.0;3.0
62;2021-03-26;7053;1504;196059;44907;13.5;3.1
62;2021-03-27;12592;749;208651;45656;14.4;3.1
62;2021-03-28;6937;284;215588;45940;14.8;3.2
62;2021-03-29;3472;1214;219060;47154;15.1;3.2
62;2021-03-30;4548;2214;223608;49368;15.4;3.4
62;2021-03-31;4223;2478;227831;51846;15.7;3.6
62;2021-04-01;4975;2771;232806;54617;16.0;3.8
62;2021-04-02;5067;3239;237873;57856;16.4;4.0
62;2021-04-03;8210;3353;246083;61209;16.9;4.2
62;2021-04-04;4581;1933;250664;63142;17.3;4.3
62;2021-04-05;944;466;251608;63608;17.3;4.4
62;2021-04-06;4123;3002;255731;66610;17.6;4.6
62;2021-04-07;5060;3514;260791;70124;18.0;4.8
62;2021-04-08;6486;3999;267277;74123;18.4;5.1
62;2021-04-09;7625;3476;274902;77599;18.9;5.3
62;2021-04-10;6633;8077;281535;85676;19.4;5.9
62;2021-04-11;2809;6906;284344;92582;19.6;6.4
62;2021-04-12;3423;2382;287767;94964;19.8;6.5
62;2021-04-13;6172;3166;293939;98130;20.2;6.8
62;2021-04-14;5306;3069;299245;101199;20.6;7.0
62;2021-04-15;5737;2985;304982;104184;21.0;7.2
62;2021-04-16;5417;3196;310399;107380;21.4;7.4
62;2021-04-17;4358;7362;314757;114742;21.7;7.9
62;2021-04-18;1955;6851;316712;121593;21.8;8.4
62;2021-04-19;2779;1928;319491;123521;22.0;8.5
62;2021-04-20;4150;3888;323641;127409;22.3;8.8
62;2021-04-21;3747;3984;327388;131393;22.5;9.0
62;2021-04-22;3947;5194;331335;136587;22.8;9.4
62;2021-04-23;4058;5315;335393;141902;23.1;9.8
62;2021-04-24;4404;6733;339797;148635;23.4;10.2
62;2021-04-25;1911;3502;341708;152137;23.5;10.5
62;2021-04-26;2224;2432;343932;154569;23.7;10.6
62;2021-04-27;4412;3715;348344;158284;24.0;10.9
62;2021-04-28;4587;4381;352931;162665;24.3;11.2
62;2021-04-29;4790;5897;357721;168562;24.6;11.6
62;2021-04-30;5213;5720;362934;174282;25.0;12.0
62;2021-05-01;5727;3471;368661;177753;25.4;12.2
62;2021-05-02;7826;3154;376487;180907;25.9;12.5
62;2021-05-03;4508;2346;380995;183253;26.2;12.6
62;2021-05-04;5397;4982;386392;188235;26.6;13.0
62;2021-05-05;4732;4839;391124;193074;26.9;13.3
62;2021-05-06;5620;4950;396744;198024;27.3;13.6
62;2021-05-07;7683;4683;404427;202707;27.8;14.0
62;2021-05-08;10648;2323;415075;205030;28.6;14.1
62;2021-05-09;8627;1636;423702;206666;29.2;14.2
62;2021-05-10;4867;4027;428569;210693;29.5;14.5
62;2021-05-11;6415;5052;434984;215745;29.9;14.9
62;2021-05-12;8623;4608;443607;220353;30.5;15.2
62;2021-05-13;9998;1491;453605;221844;31.2;15.3
62;2021-05-14;11882;3408;465487;225252;32.0;15.5
62;2021-05-15;19785;3291;485272;228543;33.4;15.7
62;2021-05-16;16396;1415;501668;229958;34.5;15.8
62;2021-05-17;8180;2663;509848;232621;35.1;16.0
62;2021-05-18;9328;3136;519176;235757;35.7;16.2
62;2021-05-19;8616;2929;527792;238686;36.3;16.4
62;2021-05-20;8342;3850;536134;242536;36.9;16.7
62;2021-05-21;9397;4224;545531;246760;37.6;17.0
62;2021-05-22;17874;3538;563405;250298;38.8;17.2
62;2021-05-23;12378;1160;575783;251458;39.6;17.3
62;2021-05-24;3910;584;579693;252042;39.9;17.3
62;2021-05-25;7223;4088;586916;256130;40.4;17.6
62;2021-05-26;6779;4915;593695;261045;40.9;18.0
62;2021-05-27;6384;5697;600079;266742;41.3;18.4
62;2021-05-28;6521;6771;606600;273513;41.8;18.8
62;2021-05-29;10852;5551;617452;279064;42.5;19.2
62;2021-05-30;4037;983;621489;280047;42.8;19.3
62;2021-05-31;4795;3976;626284;284023;43.1;19.6
62;2021-06-01;6520;6537;632804;290560;43.6;20.0
62;2021-06-02;7439;5818;640243;296378;44.1;20.4
62;2021-06-03;7858;5896;648101;302274;44.6;20.8
62;2021-06-04;7905;6260;656006;308534;45.2;21.2
62;2021-06-05;8273;6236;664279;314770;45.7;21.7
62;2021-06-06;3129;1290;667408;316060;45.9;21.8
62;2021-06-07;4621;3770;672029;319830;46.3;22.0
62;2021-06-08;6207;5905;678236;325735;46.7;22.4
62;2021-06-09;5495;4769;683731;330504;47.1;22.7
62;2021-06-10;5206;5883;688937;336387;47.4;23.2
62;2021-06-11;6212;8876;695149;345263;47.8;23.8
62;2021-06-12;5935;8646;701084;353909;48.3;24.4
62;2021-06-13;3229;3802;704313;357711;48.5;24.6
62;2021-06-14;2608;6776;706921;364487;48.7;25.1
62;2021-06-15;4674;8545;711595;373032;49.0;25.7
62;2021-06-16;5084;7432;716679;380464;49.3;26.2
62;2021-06-17;5235;8042;721914;388506;49.7;26.7
62;2021-06-18;4823;10490;726737;398996;50.0;27.5
62;2021-06-19;5799;13444;732536;412440;50.4;28.4
62;2021-06-20;2100;4370;734636;416810;50.6;28.7
62;2021-06-21;2971;8933;737607;425743;50.8;29.3
62;2021-06-22;3429;10176;741036;435919;51.0;30.0
62;2021-06-23;3388;10322;744424;446241;51.2;30.7
62;2021-06-24;3344;11784;747768;458025;51.5;31.5
62;2021-06-25;3726;15767;751494;473792;51.7;32.6
62;2021-06-26;3550;18424;755044;492216;52.0;33.9
62;2021-06-27;1121;9816;756165;502032;52.0;34.6
62;2021-06-28;1925;8869;758090;510901;52.2;35.2
62;2021-06-29;2973;11465;761063;522366;52.4;36.0
62;2021-06-30;4143;10813;765206;533179;52.7;36.7
62;2021-07-01;4479;10486;769685;543665;53.0;37.4
62;2021-07-02;4162;11989;773847;555654;53.3;38.2
62;2021-07-03;2995;18055;776842;573709;53.5;39.5
62;2021-07-04;1450;9197;778292;582906;53.6;40.1
62;2021-07-05;2417;6921;780709;589827;53.7;40.6
62;2021-07-06;3820;10020;784529;599847;54.0;41.3
62;2021-07-07;3914;8912;788443;608759;54.3;41.9
62;2021-07-08;5243;9094;793686;617853;54.6;42.5
62;2021-07-09;4464;10848;798150;628701;54.9;43.3
62;2021-07-10;4962;11890;803112;640591;55.3;44.1
62;2021-07-11;1337;2092;804449;642683;55.4;44.2
62;2021-07-12;2327;7133;806776;649816;55.5;44.7
62;2021-07-13;5170;12158;811946;661974;55.9;45.6
62;2021-07-14;3636;3161;815582;665135;56.1;45.8
62;2021-07-15;7584;11505;823166;676640;56.7;46.6
62;2021-07-16;7619;11048;830785;687688;57.2;47.3
62;2021-07-17;9702;10322;840487;698010;57.9;48.0
62;2021-07-18;2711;3459;843198;701469;58.0;48.3
62;2021-07-19;6005;7020;849203;708489;58.5;48.8
62;2021-07-20;7930;10729;857133;719218;59.0;49.5
62;2021-07-21;9761;9412;866894;728630;59.7;50.2
62;2021-07-22;9787;9022;876681;737652;60.3;50.8
62;2021-07-23;10612;8423;887293;746075;61.1;51.4
62;2021-07-24;9652;10317;896945;756392;61.7;52.1
62;2021-07-25;5545;1862;902490;758254;62.1;52.2
62;2021-07-26;6231;5390;908721;763644;62.6;52.6
62;2021-07-27;9781;8127;918502;771771;63.2;53.1
62;2021-07-28;10356;7492;928858;779263;63.9;53.6
62;2021-07-29;11962;7647;940820;786910;64.8;54.2
62;2021-07-30;9037;6296;949857;793206;65.4;54.6
62;2021-07-31;6619;4022;956476;797228;65.8;54.9
62;2021-08-01;2334;1099;958810;798327;66.0;55.0
62;2021-08-02;6818;4755;965628;803082;66.5;55.3
62;2021-08-03;8566;7478;974194;810560;67.1;55.8
62;2021-08-04;9424;5473;983618;816033;67.7;56.2
62;2021-08-05;8325;5625;991943;821658;68.3;56.6
62;2021-08-06;7277;5945;999220;827603;68.8;57.0
62;2021-08-07;5464;4950;1004684;832553;69.2;57.3
62;2021-08-08;1872;1302;1006556;833855;69.3;57.4
62;2021-08-09;5225;5037;1011781;838892;69.6;57.7
62;2021-08-10;6196;7363;1017977;846255;70.1;58.3
62;2021-08-11;5393;7393;1023370;853648;70.4;58.8
62;2021-08-12;5980;7023;1029350;860671;70.9;59.2
62;2021-08-13;4446;6047;1033796;866718;71.2;59.7
62;2021-08-14;3810;6859;1037606;873577;71.4;60.1
62;2021-08-15;1139;1208;1038745;874785;71.5;60.2
62;2021-08-16;3163;5869;1041908;880654;71.7;60.6
62;2021-08-17;4142;7344;1046050;887998;72.0;61.1
62;2021-08-18;4326;7234;1050376;895232;72.3;61.6
62;2021-08-19;4323;8594;1054699;903826;72.6;62.2
62;2021-08-20;3359;8460;1058058;912286;72.8;62.8
62;2021-08-21;2425;9751;1060483;922037;73.0;63.5
62;2021-08-22;389;2814;1060872;924851;73.0;63.7
62;2021-08-23;2682;7795;1063554;932646;73.2;64.2
63;2020-12-27;0;0;0;0;0.0;0.0
63;2020-12-28;1;0;1;0;0.0;0.0
63;2020-12-29;0;0;1;0;0.0;0.0
63;2020-12-30;0;0;1;0;0.0;0.0
63;2020-12-31;0;0;1;0;0.0;0.0
63;2021-01-01;1;0;2;0;0.0;0.0
63;2021-01-02;0;0;2;0;0.0;0.0
63;2021-01-03;1;0;3;0;0.0;0.0
63;2021-01-04;0;0;3;0;0.0;0.0
63;2021-01-05;1;0;4;0;0.0;0.0
63;2021-01-06;4;1;8;1;0.0;0.0
63;2021-01-07;310;0;318;1;0.0;0.0
63;2021-01-08;214;0;532;1;0.1;0.0
63;2021-01-09;91;0;623;1;0.1;0.0
63;2021-01-10;82;0;705;1;0.1;0.0
63;2021-01-11;430;1;1135;2;0.2;0.0
63;2021-01-12;661;1;1796;3;0.3;0.0
63;2021-01-13;873;2;2669;5;0.4;0.0
63;2021-01-14;541;8;3210;13;0.5;0.0
63;2021-01-15;431;3;3641;16;0.6;0.0
63;2021-01-16;157;0;3798;16;0.6;0.0
63;2021-01-17;133;0;3931;16;0.6;0.0
63;2021-01-18;617;2;4548;18;0.7;0.0
63;2021-01-19;866;1;5414;19;0.8;0.0
63;2021-01-20;1058;2;6472;21;1.0;0.0
63;2021-01-21;1012;3;7484;24;1.1;0.0
63;2021-01-22;968;3;8452;27;1.3;0.0
63;2021-01-23;192;0;8644;27;1.3;0.0
63;2021-01-24;164;1;8808;28;1.3;0.0
63;2021-01-25;825;1;9633;29;1.5;0.0
63;2021-01-26;972;2;10605;31;1.6;0.0
63;2021-01-27;1001;5;11606;36;1.8;0.0
63;2021-01-28;1320;67;12926;103;2.0;0.0
63;2021-01-29;1066;66;13992;169;2.1;0.0
63;2021-01-30;68;0;14060;169;2.1;0.0
63;2021-01-31;6;0;14066;169;2.1;0.0
63;2021-02-01;572;181;14638;350;2.2;0.1
63;2021-02-02;885;234;15523;584;2.4;0.1
63;2021-02-03;1473;282;16996;866;2.6;0.1
63;2021-02-04;2118;516;19114;1382;2.9;0.2
63;2021-02-05;1144;272;20258;1654;3.1;0.3
63;2021-02-06;117;0;20375;1654;3.1;0.3
63;2021-02-07;9;1;20384;1655;3.1;0.3
63;2021-02-08;538;408;20922;2063;3.2;0.3
63;2021-02-09;671;435;21593;2498;3.3;0.4
63;2021-02-10;608;602;22201;3100;3.4;0.5
63;2021-02-11;751;470;22952;3570;3.5;0.5
63;2021-02-12;821;807;23773;4377;3.6;0.7
63;2021-02-13;82;1;23855;4378;3.6;0.7
63;2021-02-14;0;65;23855;4443;3.6;0.7
63;2021-02-15;203;787;24058;5230;3.6;0.8
63;2021-02-16;413;1139;24471;6369;3.7;1.0
63;2021-02-17;349;872;24820;7241;3.8;1.1
63;2021-02-18;607;826;25427;8067;3.9;1.2
63;2021-02-19;448;971;25875;9038;3.9;1.4
63;2021-02-20;35;32;25910;9070;3.9;1.4
63;2021-02-21;2;17;25912;9087;3.9;1.4
63;2021-02-22;291;934;26203;10021;4.0;1.5
63;2021-02-23;580;1138;26783;11159;4.1;1.7
63;2021-02-24;697;1421;27480;12580;4.2;1.9
63;2021-02-25;1603;1664;29083;14244;4.4;2.2
63;2021-02-26;1625;1367;30708;15611;4.7;2.4
63;2021-02-27;642;68;31350;15679;4.7;2.4
63;2021-02-28;4;178;31354;15857;4.7;2.4
63;2021-03-01;586;523;31940;16380;4.8;2.5
63;2021-03-02;906;803;32846;17183;5.0;2.6
63;2021-03-03;1036;725;33882;17908;5.1;2.7
63;2021-03-04;1752;497;35634;18405;5.4;2.8
63;2021-03-05;2612;690;38246;19095;5.8;2.9
63;2021-03-06;1550;53;39796;19148;6.0;2.9
63;2021-03-07;511;19;40307;19167;6.1;2.9
63;2021-03-08;967;649;41274;19816;6.3;3.0
63;2021-03-09;1538;1063;42812;20879;6.5;3.2
63;2021-03-10;1652;613;44464;21492;6.7;3.3
63;2021-03-11;3051;892;47515;22384;7.2;3.4
63;2021-03-12;3514;387;51029;22771;7.7;3.4
63;2021-03-13;2049;83;53078;22854;8.0;3.5
63;2021-03-14;61;22;53139;22876;8.0;3.5
63;2021-03-15;1764;368;54903;23244;8.3;3.5
63;2021-03-16;1746;415;56649;23659;8.6;3.6
63;2021-03-17;1639;682;58288;24341;8.8;3.7
63;2021-03-18;1938;746;60226;25087;9.1;3.8
63;2021-03-19;2740;495;62966;25582;9.5;3.9
63;2021-03-20;1121;72;64087;25654;9.7;3.9
63;2021-03-21;50;45;64137;25699;9.7;3.9
63;2021-03-22;1984;257;66121;25956;10.0;3.9
63;2021-03-23;2885;346;69006;26302;10.5;4.0
63;2021-03-24;3219;339;72225;26641;10.9;4.0
63;2021-03-25;4596;388;76821;27029;11.6;4.1
63;2021-03-26;4691;567;81512;27596;12.3;4.2
63;2021-03-27;2455;230;83967;27826;12.7;4.2
63;2021-03-28;1047;82;85014;27908;12.9;4.2
63;2021-03-29;2480;522;87494;28430;13.3;4.3
63;2021-03-30;3282;629;90776;29059;13.7;4.4
63;2021-03-31;2967;755;93743;29814;14.2;4.5
63;2021-04-01;3839;531;97582;30345;14.8;4.6
63;2021-04-02;3483;712;101065;31057;15.3;4.7
63;2021-04-03;1174;180;102239;31237;15.5;4.7
63;2021-04-04;877;27;103116;31264;15.6;4.7
63;2021-04-05;803;85;103919;31349;15.7;4.7
63;2021-04-06;2475;939;106394;32288;16.1;4.9
63;2021-04-07;3206;869;109600;33157;16.6;5.0
63;2021-04-08;4722;1220;114322;34377;17.3;5.2
63;2021-04-09;5313;999;119635;35376;18.1;5.4
63;2021-04-10;2221;481;121856;35857;18.5;5.4
63;2021-04-11;834;37;122690;35894;18.6;5.4
63;2021-04-12;1600;1312;124290;37206;18.8;5.6
63;2021-04-13;1985;1967;126275;39173;19.1;5.9
63;2021-04-14;2628;1434;128903;40607;19.5;6.2
63;2021-04-15;3806;1542;132709;42149;20.1;6.4
63;2021-04-16;2841;2158;135550;44307;20.5;6.7
63;2021-04-17;1233;673;136783;44980;20.7;6.8
63;2021-04-18;802;61;137585;45041;20.8;6.8
63;2021-04-19;1655;2105;139240;47146;21.1;7.1
63;2021-04-20;1701;2300;140941;49446;21.3;7.5
63;2021-04-21;1517;2406;142458;51852;21.6;7.9
63;2021-04-22;1913;2264;144371;54116;21.9;8.2
63;2021-04-23;2018;3116;146389;57232;22.2;8.7
63;2021-04-24;1192;1128;147581;58360;22.4;8.8
63;2021-04-25;554;412;148135;58772;22.4;8.9
63;2021-04-26;1438;2241;149573;61013;22.7;9.2
63;2021-04-27;2325;2613;151898;63626;23.0;9.6
63;2021-04-28;2345;3163;154243;66789;23.4;10.1
63;2021-04-29;2879;2840;157122;69629;23.8;10.5
63;2021-04-30;2862;2821;159984;72450;24.2;11.0
63;2021-05-01;1127;1050;161111;73500;24.4;11.1
63;2021-05-02;897;640;162008;74140;24.5;11.2
63;2021-05-03;2685;2250;164693;76390;24.9;11.6
63;2021-05-04;2877;2699;167570;79089;25.4;12.0
63;2021-05-05;2935;3122;170505;82211;25.8;12.5
63;2021-05-06;3669;3057;174174;85268;26.4;12.9
63;2021-05-07;4034;3543;178208;88811;27.0;13.5
63;2021-05-08;2000;653;180208;89464;27.3;13.6
63;2021-05-09;1802;608;182010;90072;27.6;13.6
63;2021-05-10;4197;2765;186207;92837;28.2;14.1
63;2021-05-11;5337;2764;191544;95601;29.0;14.5
63;2021-05-12;5268;2910;196812;98511;29.8;14.9
63;2021-05-13;4131;698;200943;99209;30.4;15.0
63;2021-05-14;4771;1513;205714;100722;31.2;15.3
63;2021-05-15;3721;987;209435;101709;31.7;15.4
63;2021-05-16;3521;443;212956;102152;32.3;15.5
63;2021-05-17;3898;1990;216854;104142;32.8;15.8
63;2021-05-18;5119;1616;221973;105758;33.6;16.0
63;2021-05-19;5221;1625;227194;107383;34.4;16.3
63;2021-05-20;6800;2085;233994;109468;35.4;16.6
63;2021-05-21;6255;2332;240249;111800;36.4;16.9
63;2021-05-22;3353;849;243602;112649;36.9;17.1
63;2021-05-23;2384;245;245986;112894;37.3;17.1
63;2021-05-24;2639;580;248625;113474;37.7;17.2
63;2021-05-25;4268;2644;252893;116118;38.3;17.6
63;2021-05-26;5452;2417;258345;118535;39.1;18.0
63;2021-05-27;6501;2801;264846;121336;40.1;18.4
63;2021-05-28;5420;3899;270266;125235;40.9;19.0
63;2021-05-29;3360;1502;273626;126737;41.4;19.2
63;2021-05-30;1579;217;275205;126954;41.7;19.2
63;2021-05-31;4151;2286;279356;129240;42.3;19.6
63;2021-06-01;3804;2962;283160;132202;42.9;20.0
63;2021-06-02;3889;2529;287049;134731;43.5;20.4
63;2021-06-03;4901;3143;291950;137874;44.2;20.9
63;2021-06-04;5097;3621;297047;141495;45.0;21.4
63;2021-06-05;2811;1746;299858;143241;45.4;21.7
63;2021-06-06;1308;697;301166;143938;45.6;21.8
63;2021-06-07;3165;2518;304331;146456;46.1;22.2
63;2021-06-08;2878;2756;307209;149212;46.5;22.6
63;2021-06-09;3024;2275;310233;151487;47.0;22.9
63;2021-06-10;3222;2689;313455;154176;47.5;23.4
63;2021-06-11;3099;4048;316554;158224;47.9;24.0
63;2021-06-12;1638;1969;318192;160193;48.2;24.3
63;2021-06-13;480;1097;318672;161290;48.3;24.4
63;2021-06-14;1825;3474;320497;164764;48.5;25.0
63;2021-06-15;2211;3480;322708;168244;48.9;25.5
63;2021-06-16;2571;3313;325279;171557;49.3;26.0
63;2021-06-17;2399;4315;327678;175872;49.6;26.6
63;2021-06-18;2476;5829;330154;181701;50.0;27.5
63;2021-06-19;1638;2834;331792;184535;50.3;27.9
63;2021-06-20;676;2441;332468;186976;50.4;28.3
63;2021-06-21;1272;5388;333740;192364;50.5;29.1
63;2021-06-22;1233;5540;334973;197904;50.7;30.0
63;2021-06-23;1529;4761;336502;202665;51.0;30.7
63;2021-06-24;1926;5382;338428;208047;51.3;31.5
63;2021-06-25;1748;5897;340176;213944;51.5;32.4
63;2021-06-26;1072;3352;341248;217296;51.7;32.9
63;2021-06-27;712;3487;341960;220783;51.8;33.4
63;2021-06-28;1137;5662;343097;226445;52.0;34.3
63;2021-06-29;1226;5160;344323;231605;52.2;35.1
63;2021-06-30;1598;5291;345921;236896;52.4;35.9
63;2021-07-01;1912;8067;347833;244963;52.7;37.1
63;2021-07-02;2056;6544;349889;251507;53.0;38.1
63;2021-07-03;962;2927;350851;254434;53.1;38.5
63;2021-07-04;1058;1884;351909;256318;53.3;38.8
63;2021-07-05;1538;6280;353447;262598;53.5;39.8
63;2021-07-06;1601;4803;355048;267401;53.8;40.5
63;2021-07-07;1972;4086;357020;271487;54.1;41.1
63;2021-07-08;2207;4590;359227;276077;54.4;41.8
63;2021-07-09;1923;5718;361150;281795;54.7;42.7
63;2021-07-10;1533;3413;362683;285208;54.9;43.2
63;2021-07-11;908;1534;363591;286742;55.1;43.4
63;2021-07-12;1580;8707;365171;295449;55.3;44.7
63;2021-07-13;3599;6142;368770;301591;55.9;45.7
63;2021-07-14;3616;1787;372386;303378;56.4;45.9
63;2021-07-15;4400;5035;376786;308413;57.1;46.7
63;2021-07-16;4689;5784;381475;314197;57.8;47.6
63;2021-07-17;3011;2473;384486;316670;58.2;48.0
63;2021-07-18;2826;1089;387312;317759;58.7;48.1
63;2021-07-19;4002;4853;391314;322612;59.3;48.9
63;2021-07-20;4734;5452;396048;328064;60.0;49.7
63;2021-07-21;4791;3982;400839;332046;60.7;50.3
63;2021-07-22;5504;4401;406343;336447;61.5;51.0
63;2021-07-23;5152;4651;411495;341098;62.3;51.7
63;2021-07-24;3671;1951;415166;343049;62.9;52.0
63;2021-07-25;3059;1438;418225;344487;63.3;52.2
63;2021-07-26;4035;3230;422260;347717;64.0;52.7
63;2021-07-27;3925;3156;426185;350873;64.6;53.1
63;2021-07-28;3839;2717;430024;353590;65.1;53.6
63;2021-07-29;4445;3158;434469;356748;65.8;54.0
63;2021-07-30;3798;3576;438267;360324;66.4;54.6
63;2021-07-31;2155;1714;440422;362038;66.7;54.8
63;2021-08-01;1195;834;441617;362872;66.9;55.0
63;2021-08-02;2220;3072;443837;365944;67.2;55.4
63;2021-08-03;2714;3262;446551;369206;67.6;55.9
63;2021-08-04;2799;3242;449350;372448;68.1;56.4
63;2021-08-05;2413;3477;451763;375925;68.4;56.9
63;2021-08-06;2344;4153;454107;380078;68.8;57.6
63;2021-08-07;1298;2797;455405;382875;69.0;58.0
63;2021-08-08;320;1204;455725;384079;69.0;58.2
63;2021-08-09;1838;4223;457563;388302;69.3;58.8
63;2021-08-10;2213;3992;459776;392294;69.6;59.4
63;2021-08-11;2091;3626;461867;395920;70.0;60.0
63;2021-08-12;1843;4620;463710;400540;70.2;60.7
63;2021-08-13;1659;4004;465369;404544;70.5;61.3
63;2021-08-14;834;3234;466203;407778;70.6;61.8
63;2021-08-15;183;1449;466386;409227;70.6;62.0
63;2021-08-16;1162;4385;467548;413612;70.8;62.6
63;2021-08-17;1593;4044;469141;417656;71.1;63.3
63;2021-08-18;1440;3301;470581;420957;71.3;63.8
63;2021-08-19;1321;3445;471902;424402;71.5;64.3
63;2021-08-20;1368;3707;473270;428109;71.7;64.8
63;2021-08-21;672;2162;473942;430271;71.8;65.2
63;2021-08-22;212;1089;474154;431360;71.8;65.3
63;2021-08-23;1048;3584;475202;434944;72.0;65.9
64;2020-12-27;1;0;1;0;0.0;0.0
64;2020-12-28;2;0;3;0;0.0;0.0
64;2020-12-29;0;0;3;0;0.0;0.0
64;2020-12-30;0;0;3;0;0.0;0.0
64;2020-12-31;0;0;3;0;0.0;0.0
64;2021-01-01;0;0;3;0;0.0;0.0
64;2021-01-02;0;0;3;0;0.0;0.0
64;2021-01-03;0;0;3;0;0.0;0.0
64;2021-01-04;29;0;32;0;0.0;0.0
64;2021-01-05;25;0;57;0;0.0;0.0
64;2021-01-06;188;0;245;0;0.0;0.0
64;2021-01-07;842;0;1087;0;0.2;0.0
64;2021-01-08;879;2;1966;2;0.3;0.0
64;2021-01-09;54;0;2020;2;0.3;0.0
64;2021-01-10;2;0;2022;2;0.3;0.0
64;2021-01-11;541;0;2563;2;0.4;0.0
64;2021-01-12;760;3;3323;5;0.5;0.0
64;2021-01-13;865;2;4188;7;0.6;0.0
64;2021-01-14;1045;3;5233;10;0.8;0.0
64;2021-01-15;929;5;6162;15;0.9;0.0
64;2021-01-16;70;0;6232;15;0.9;0.0
64;2021-01-17;5;0;6237;15;0.9;0.0
64;2021-01-18;942;8;7179;23;1.1;0.0
64;2021-01-19;1447;4;8626;27;1.3;0.0
64;2021-01-20;1617;3;10243;30;1.5;0.0
64;2021-01-21;2602;2;12845;32;1.9;0.0
64;2021-01-22;1649;4;14494;36;2.1;0.0
64;2021-01-23;524;1;15018;37;2.2;0.0
64;2021-01-24;89;0;15107;37;2.2;0.0
64;2021-01-25;973;8;16080;45;2.4;0.0
64;2021-01-26;1357;21;17437;66;2.6;0.0
64;2021-01-27;1241;119;18678;185;2.7;0.0
64;2021-01-28;1648;631;20326;816;3.0;0.1
64;2021-01-29;973;653;21299;1469;3.1;0.2
64;2021-01-30;468;59;21767;1528;3.2;0.2
64;2021-01-31;91;0;21858;1528;3.2;0.2
64;2021-02-01;674;312;22532;1840;3.3;0.3
64;2021-02-02;1133;554;23665;2394;3.5;0.4
64;2021-02-03;1042;640;24707;3034;3.6;0.4
64;2021-02-04;1029;535;25736;3569;3.8;0.5
64;2021-02-05;867;456;26603;4025;3.9;0.6
64;2021-02-06;501;34;27104;4059;4.0;0.6
64;2021-02-07;131;4;27235;4063;4.0;0.6
64;2021-02-08;769;310;28004;4373;4.1;0.6
64;2021-02-09;946;710;28950;5083;4.2;0.7
64;2021-02-10;914;795;29864;5878;4.4;0.9
64;2021-02-11;1200;1488;31064;7366;4.5;1.1
64;2021-02-12;1076;1065;32140;8431;4.7;1.2
64;2021-02-13;225;319;32365;8750;4.7;1.3
64;2021-02-14;37;47;32402;8797;4.7;1.3
64;2021-02-15;221;1129;32623;9926;4.8;1.5
64;2021-02-16;258;1406;32881;11332;4.8;1.7
64;2021-02-17;290;1249;33171;12581;4.9;1.8
64;2021-02-18;508;1714;33679;14295;4.9;2.1
64;2021-02-19;415;1287;34094;15582;5.0;2.3
64;2021-02-20;119;437;34213;16019;5.0;2.3
64;2021-02-21;20;83;34233;16102;5.0;2.4
64;2021-02-22;477;987;34710;17089;5.1;2.5
64;2021-02-23;720;1144;35430;18233;5.2;2.7
64;2021-02-24;731;1017;36161;19250;5.3;2.8
64;2021-02-25;1094;954;37255;20204;5.5;3.0
64;2021-02-26;1216;915;38471;21119;5.6;3.1
64;2021-02-27;864;405;39335;21524;5.8;3.2
64;2021-02-28;42;84;39377;21608;5.8;3.2
64;2021-03-01;765;797;40142;22405;5.9;3.3
64;2021-03-02;1078;917;41220;23322;6.0;3.4
64;2021-03-03;1251;1004;42471;24326;6.2;3.6
64;2021-03-04;1879;1188;44350;25514;6.5;3.7
64;2021-03-05;2196;1075;46546;26589;6.8;3.9
64;2021-03-06;1542;518;48088;27107;7.0;4.0
64;2021-03-07;594;110;48682;27217;7.1;4.0
64;2021-03-08;1535;766;50217;27983;7.4;4.1
64;2021-03-09;2069;847;52286;28830;7.7;4.2
64;2021-03-10;2081;762;54367;29592;8.0;4.3
64;2021-03-11;2971;1073;57338;30665;8.4;4.5
64;2021-03-12;3486;600;60824;31265;8.9;4.6
64;2021-03-13;2257;168;63081;31433;9.2;4.6
64;2021-03-14;233;15;63314;31448;9.3;4.6
64;2021-03-15;2334;226;65648;31674;9.6;4.6
64;2021-03-16;1992;267;67640;31941;9.9;4.7
64;2021-03-17;2071;238;69711;32179;10.2;4.7
64;2021-03-18;2462;205;72173;32384;10.6;4.7
64;2021-03-19;3012;285;75185;32669;11.0;4.8
64;2021-03-20;2467;90;77652;32759;11.4;4.8
64;2021-03-21;1280;26;78932;32785;11.6;4.8
64;2021-03-22;2589;550;81521;33335;11.9;4.9
64;2021-03-23;3198;649;84719;33984;12.4;5.0
64;2021-03-24;3562;702;88281;34686;12.9;5.1
64;2021-03-25;4351;806;92632;35492;13.6;5.2
64;2021-03-26;4425;702;97057;36194;14.2;5.3
64;2021-03-27;2971;431;100028;36625;14.6;5.4
64;2021-03-28;521;56;100549;36681;14.7;5.4
64;2021-03-29;3028;888;103577;37569;15.2;5.5
64;2021-03-30;4136;870;107713;38439;15.8;5.6
64;2021-03-31;3591;790;111304;39229;16.3;5.7
64;2021-04-01;4782;934;116086;40163;17.0;5.9
64;2021-04-02;4442;744;120528;40907;17.6;6.0
64;2021-04-03;2059;585;122587;41492;17.9;6.1
64;2021-04-04;308;49;122895;41541;18.0;6.1
64;2021-04-05;1689;142;124584;41683;18.2;6.1
64;2021-04-06;3654;1390;128238;43073;18.8;6.3
64;2021-04-07;3948;1514;132186;44587;19.3;6.5
64;2021-04-08;5195;1599;137381;46186;20.1;6.8
64;2021-04-09;5896;1637;143277;47823;21.0;7.0
64;2021-04-10;3222;1049;146499;48872;21.4;7.2
64;2021-04-11;446;251;146945;49123;21.5;7.2
64;2021-04-12;4046;1866;150991;50989;22.1;7.5
64;2021-04-13;4462;2166;155453;53155;22.8;7.8
64;2021-04-14;4090;2140;159543;55295;23.4;8.1
64;2021-04-15;4395;2296;163938;57591;24.0;8.4
64;2021-04-16;4297;2256;168235;59847;24.6;8.8
64;2021-04-17;2480;1500;170715;61347;25.0;9.0
64;2021-04-18;1096;1181;171811;62528;25.1;9.2
64;2021-04-19;2731;2447;174542;64975;25.5;9.5
64;2021-04-20;3207;2429;177749;67404;26.0;9.9
64;2021-04-21;3219;2565;180968;69969;26.5;10.2
64;2021-04-22;3388;2785;184356;72754;27.0;10.6
64;2021-04-23;3434;2608;187790;75362;27.5;11.0
64;2021-04-24;2067;1588;189857;76950;27.8;11.3
64;2021-04-25;290;237;190147;77187;27.8;11.3
64;2021-04-26;2658;2650;192805;79837;28.2;11.7
64;2021-04-27;3058;3131;195863;82968;28.7;12.1
64;2021-04-28;3602;3061;199465;86029;29.2;12.6
64;2021-04-29;4652;3461;204117;89490;29.9;13.1
64;2021-04-30;4084;3611;208201;93101;30.5;13.6
64;2021-05-01;1481;1030;209682;94131;30.7;13.8
64;2021-05-02;446;325;210128;94456;30.8;13.8
64;2021-05-03;2909;3522;213037;97978;31.2;14.3
64;2021-05-04;3646;3991;216683;101969;31.7;14.9
64;2021-05-05;3360;4019;220043;105988;32.2;15.5
64;2021-05-06;4110;3988;224153;109976;32.8;16.1
64;2021-05-07;3920;4194;228073;114170;33.4;16.7
64;2021-05-08;2620;1237;230693;115407;33.8;16.9
64;2021-05-09;720;306;231413;115713;33.9;16.9
64;2021-05-10;2862;4237;234275;119950;34.3;17.6
64;2021-05-11;4183;4153;238458;124103;34.9;18.2
64;2021-05-12;4484;3943;242942;128046;35.6;18.7
64;2021-05-13;3198;887;246140;128933;36.0;18.9
64;2021-05-14;5153;3150;251293;132083;36.8;19.3
64;2021-05-15;3526;1867;254819;133950;37.3;19.6
64;2021-05-16;498;225;255317;134175;37.4;19.6
64;2021-05-17;4191;2385;259508;136560;38.0;20.0
64;2021-05-18;5165;2305;264673;138865;38.7;20.3
64;2021-05-19;4979;2166;269652;141031;39.5;20.6
64;2021-05-20;5568;2159;275220;143190;40.3;21.0
64;2021-05-21;5273;2249;280493;145439;41.1;21.3
64;2021-05-22;3582;1512;284075;146951;41.6;21.5
64;2021-05-23;431;206;284506;147157;41.6;21.5
64;2021-05-24;2997;1232;287503;148389;42.1;21.7
64;2021-05-25;4334;2852;291837;151241;42.7;22.1
64;2021-05-26;4354;2718;296191;153959;43.4;22.5
64;2021-05-27;5283;3157;301474;157116;44.1;23.0
64;2021-05-28;4618;3437;306092;160553;44.8;23.5
64;2021-05-29;2810;2116;308902;162669;45.2;23.8
64;2021-05-30;436;204;309338;162873;45.3;23.8
64;2021-05-31;3891;3672;313229;166545;45.8;24.4
64;2021-06-01;5336;3569;318565;170114;46.6;24.9
64;2021-06-02;4937;3180;323502;173294;47.4;25.4
64;2021-06-03;6366;3271;329868;176565;48.3;25.8
64;2021-06-04;5147;4553;335015;181118;49.0;26.5
64;2021-06-05;3485;2526;338500;183644;49.5;26.9
64;2021-06-06;2014;330;340514;183974;49.8;26.9
64;2021-06-07;4130;4330;344644;188304;50.4;27.6
64;2021-06-08;5156;4129;349800;192433;51.2;28.2
64;2021-06-09;5153;3655;354953;196088;52.0;28.7
64;2021-06-10;6180;3143;361133;199231;52.9;29.2
64;2021-06-11;5590;4873;366723;204104;53.7;29.9
64;2021-06-12;3951;2328;370674;206432;54.3;30.2
64;2021-06-13;1555;392;372229;206824;54.5;30.3
64;2021-06-14;3671;4794;375900;211618;55.0;31.0
64;2021-06-15;4576;4708;380476;216326;55.7;31.7
64;2021-06-16;4471;4666;384947;220992;56.3;32.3
64;2021-06-17;3642;4304;388589;225296;56.9;33.0
64;2021-06-18;4424;5173;393013;230469;57.5;33.7
64;2021-06-19;2983;3284;395996;233753;58.0;34.2
64;2021-06-20;881;539;396877;234292;58.1;34.3
64;2021-06-21;2313;5128;399190;239420;58.4;35.0
64;2021-06-22;2557;5730;401747;245150;58.8;35.9
64;2021-06-23;3105;5483;404852;250633;59.3;36.7
64;2021-06-24;2720;3807;407572;254440;59.7;37.2
64;2021-06-25;2899;6439;410471;260879;60.1;38.2
64;2021-06-26;1799;3838;412270;264717;60.3;38.7
64;2021-06-27;492;713;412762;265430;60.4;38.9
64;2021-06-28;1931;6067;414693;271497;60.7;39.7
64;2021-06-29;1966;6267;416659;277764;61.0;40.7
64;2021-06-30;2254;6002;418913;283766;61.3;41.5
64;2021-07-01;2410;5343;421323;289109;61.7;42.3
64;2021-07-02;2301;6408;423624;295517;62.0;43.3
64;2021-07-03;1263;3783;424887;299300;62.2;43.8
64;2021-07-04;411;847;425298;300147;62.3;43.9
64;2021-07-05;1379;5411;426677;305558;62.5;44.7
64;2021-07-06;1995;6150;428672;311708;62.7;45.6
64;2021-07-07;2064;5751;430736;317459;63.0;46.5
64;2021-07-08;1801;4394;432537;321853;63.3;47.1
64;2021-07-09;1821;6535;434358;328388;63.6;48.1
64;2021-07-10;1170;3881;435528;332269;63.8;48.6
64;2021-07-11;253;860;435781;333129;63.8;48.8
64;2021-07-12;1500;6087;437281;339216;64.0;49.7
64;2021-07-13;2364;7249;439645;346465;64.4;50.7
64;2021-07-14;2370;3404;442015;349869;64.7;51.2
64;2021-07-15;2104;5483;444119;355352;65.0;52.0
64;2021-07-16;2843;6778;446962;362130;65.4;53.0
64;2021-07-17;2338;4590;449300;366720;65.8;53.7
64;2021-07-18;715;2050;450015;368770;65.9;54.0
64;2021-07-19;2350;6123;452365;374893;66.2;54.9
64;2021-07-20;3121;6549;455486;381442;66.7;55.8
64;2021-07-21;3337;6046;458823;387488;67.2;56.7
64;2021-07-22;3810;5716;462633;393204;67.7;57.6
64;2021-07-23;3721;5610;466354;398814;68.3;58.4
64;2021-07-24;2543;4429;468897;403243;68.6;59.0
64;2021-07-25;753;1060;469650;404303;68.7;59.2
64;2021-07-26;3080;5135;472730;409438;69.2;59.9
64;2021-07-27;4253;5140;476983;414578;69.8;60.7
64;2021-07-28;4302;4591;481285;419169;70.4;61.4
64;2021-07-29;5508;3895;486793;423064;71.3;61.9
64;2021-07-30;5125;4219;491918;427283;72.0;62.5
64;2021-07-31;3163;3348;495081;430631;72.5;63.0
64;2021-08-01;1144;582;496225;431213;72.6;63.1
64;2021-08-02;4337;2649;500562;433862;73.3;63.5
64;2021-08-03;4512;3166;505074;437028;73.9;64.0
64;2021-08-04;4099;2993;509173;440021;74.5;64.4
64;2021-08-05;3990;2613;513163;442634;75.1;64.8
64;2021-08-06;3812;3340;516975;445974;75.7;65.3
64;2021-08-07;2474;2706;519449;448680;76.0;65.7
64;2021-08-08;487;608;519936;449288;76.1;65.8
64;2021-08-09;2674;3195;522610;452483;76.5;66.2
64;2021-08-10;3276;3434;525886;455917;77.0;66.7
64;2021-08-11;3050;3259;528936;459176;77.4;67.2
64;2021-08-12;3172;3300;532108;462476;77.9;67.7
64;2021-08-13;2532;3651;534640;466127;78.3;68.2
64;2021-08-14;1625;2674;536265;468801;78.5;68.6
64;2021-08-15;202;692;536467;469493;78.5;68.7
64;2021-08-16;2096;3231;538563;472724;78.8;69.2
64;2021-08-17;2261;3697;540824;476421;79.2;69.7
64;2021-08-18;2021;3520;542845;479941;79.5;70.3
64;2021-08-19;1929;3526;544774;483467;79.7;70.8
64;2021-08-20;1564;3974;546338;487441;80.0;71.3
64;2021-08-21;970;2879;547308;490320;80.1;71.8
64;2021-08-22;148;893;547456;491213;80.1;71.9
64;2021-08-23;1235;3229;548691;494442;80.3;72.4
65;2020-12-27;0;0;0;0;0.0;0.0
65;2020-12-28;0;0;0;0;0.0;0.0
65;2020-12-29;0;0;0;0;0.0;0.0
65;2020-12-30;0;0;0;0;0.0;0.0
65;2020-12-31;0;0;0;0;0.0;0.0
65;2021-01-01;0;0;0;0;0.0;0.0
65;2021-01-02;0;0;0;0;0.0;0.0
65;2021-01-03;0;0;0;0;0.0;0.0
65;2021-01-04;0;0;0;0;0.0;0.0
65;2021-01-05;1;0;1;0;0.0;0.0
65;2021-01-06;3;0;4;0;0.0;0.0
65;2021-01-07;167;0;171;0;0.1;0.0
65;2021-01-08;253;1;424;1;0.2;0.0
65;2021-01-09;176;1;600;2;0.3;0.0
65;2021-01-10;1;0;601;2;0.3;0.0
65;2021-01-11;275;3;876;5;0.4;0.0
65;2021-01-12;272;1;1148;6;0.5;0.0
65;2021-01-13;587;1;1735;7;0.8;0.0
65;2021-01-14;579;5;2314;12;1.0;0.0
65;2021-01-15;527;2;2841;14;1.3;0.0
65;2021-01-16;221;2;3062;16;1.3;0.0
65;2021-01-17;1;0;3063;16;1.4;0.0
65;2021-01-18;552;5;3615;21;1.6;0.0
65;2021-01-19;570;2;4185;23;1.8;0.0
65;2021-01-20;584;5;4769;28;2.1;0.0
65;2021-01-21;584;0;5353;28;2.4;0.0
65;2021-01-22;597;0;5950;28;2.6;0.0
65;2021-01-23;174;1;6124;29;2.7;0.0
65;2021-01-24;3;1;6127;30;2.7;0.0
65;2021-01-25;551;4;6678;34;2.9;0.0
65;2021-01-26;881;2;7559;36;3.3;0.0
65;2021-01-27;588;11;8147;47;3.6;0.0
65;2021-01-28;507;71;8654;118;3.8;0.1
65;2021-01-29;426;138;9080;256;4.0;0.1
65;2021-01-30;183;74;9263;330;4.1;0.1
65;2021-01-31;15;0;9278;330;4.1;0.1
65;2021-02-01;321;90;9599;420;4.2;0.2
65;2021-02-02;418;192;10017;612;4.4;0.3
65;2021-02-03;463;244;10480;856;4.6;0.4
65;2021-02-04;307;330;10787;1186;4.8;0.5
65;2021-02-05;285;361;11072;1547;4.9;0.7
65;2021-02-06;99;101;11171;1648;4.9;0.7
65;2021-02-07;10;0;11181;1648;4.9;0.7
65;2021-02-08;425;222;11606;1870;5.1;0.8
65;2021-02-09;272;379;11878;2249;5.2;1.0
65;2021-02-10;296;272;12174;2521;5.4;1.1
65;2021-02-11;320;275;12494;2796;5.5;1.2
65;2021-02-12;277;232;12771;3028;5.6;1.3
65;2021-02-13;125;97;12896;3125;5.7;1.4
65;2021-02-14;3;16;12899;3141;5.7;1.4
65;2021-02-15;202;414;13101;3555;5.8;1.6
65;2021-02-16;488;582;13589;4137;6.0;1.8
65;2021-02-17;230;499;13819;4636;6.1;2.0
65;2021-02-18;285;588;14104;5224;6.2;2.3
65;2021-02-19;156;479;14260;5703;6.3;2.5
65;2021-02-20;53;158;14313;5861;6.3;2.6
65;2021-02-21;3;48;14316;5909;6.3;2.6
65;2021-02-22;166;540;14482;6449;6.4;2.8
65;2021-02-23;248;526;14730;6975;6.5;3.1
65;2021-02-24;232;639;14962;7614;6.6;3.4
65;2021-02-25;212;181;15174;7795;6.7;3.4
65;2021-02-26;350;775;15524;8570;6.8;3.8
65;2021-02-27;106;202;15630;8772;6.9;3.9
65;2021-02-28;1;0;15631;8772;6.9;3.9
65;2021-03-01;378;374;16009;9146;7.1;4.0
65;2021-03-02;454;363;16463;9509;7.3;4.2
65;2021-03-03;380;390;16843;9899;7.4;4.4
65;2021-03-04;695;331;17538;10230;7.7;4.5
65;2021-03-05;678;286;18216;10516;8.0;4.6
65;2021-03-06;1187;86;19403;10602;8.6;4.7
65;2021-03-07;258;12;19661;10614;8.7;4.7
65;2021-03-08;412;343;20073;10957;8.8;4.8
65;2021-03-09;668;336;20741;11293;9.1;5.0
65;2021-03-10;625;371;21366;11664;9.4;5.1
65;2021-03-11;779;357;22145;12021;9.8;5.3
65;2021-03-12;1058;190;23203;12211;10.2;5.4
65;2021-03-13;353;93;23556;12304;10.4;5.4
65;2021-03-14;3;30;23559;12334;10.4;5.4
65;2021-03-15;815;185;24374;12519;10.7;5.5
65;2021-03-16;692;219;25066;12738;11.1;5.6
65;2021-03-17;710;208;25776;12946;11.4;5.7
65;2021-03-18;534;233;26310;13179;11.6;5.8
65;2021-03-19;878;163;27188;13342;12.0;5.9
65;2021-03-20;244;45;27432;13387;12.1;5.9
65;2021-03-21;12;2;27444;13389;12.1;5.9
65;2021-03-22;735;154;28179;13543;12.4;6.0
65;2021-03-23;837;368;29016;13911;12.8;6.1
65;2021-03-24;868;254;29884;14165;13.2;6.2
65;2021-03-25;1251;190;31135;14355;13.7;6.3
65;2021-03-26;1223;140;32358;14495;14.3;6.4
65;2021-03-27;1357;89;33715;14584;14.9;6.4
65;2021-03-28;1;2;33716;14586;14.9;6.4
65;2021-03-29;1491;359;35207;14945;15.5;6.6
65;2021-03-30;1357;405;36564;15350;16.1;6.8
65;2021-03-31;1208;372;37772;15722;16.7;6.9
65;2021-04-01;1510;396;39282;16118;17.3;7.1
65;2021-04-02;1684;288;40966;16406;18.1;7.2
65;2021-04-03;247;45;41213;16451;18.2;7.3
65;2021-04-04;4;2;41217;16453;18.2;7.3
65;2021-04-05;158;44;41375;16497;18.2;7.3
65;2021-04-06;1294;493;42669;16990;18.8;7.5
65;2021-04-07;1958;458;44627;17448;19.7;7.7
65;2021-04-08;1640;416;46267;17864;20.4;7.9
65;2021-04-09;1644;470;47911;18334;21.1;8.1
65;2021-04-10;1591;152;49502;18486;21.8;8.1
65;2021-04-11;3;0;49505;18486;21.8;8.1
65;2021-04-12;1349;737;50854;19223;22.4;8.5
65;2021-04-13;1574;590;52428;19813;23.1;8.7
65;2021-04-14;1904;745;54332;20558;24.0;9.1
65;2021-04-15;1698;669;56030;21227;24.7;9.4
65;2021-04-16;1824;529;57854;21756;25.5;9.6
65;2021-04-17;2156;131;60010;21887;26.5;9.6
65;2021-04-18;7;27;60017;21914;26.5;9.7
65;2021-04-19;1337;773;61354;22687;27.0;10.0
65;2021-04-20;1529;707;62883;23394;27.7;10.3
65;2021-04-21;1053;1048;63936;24442;28.2;10.8
65;2021-04-22;1644;726;65580;25168;28.9;11.1
65;2021-04-23;1161;1147;66741;26315;29.4;11.6
65;2021-04-24;1264;610;68005;26925;30.0;11.9
65;2021-04-25;31;15;68036;26940;30.0;11.9
65;2021-04-26;1605;1295;69641;28235;30.7;12.4
65;2021-04-27;1423;1339;71064;29574;31.3;13.0
65;2021-04-28;1729;1023;72793;30597;32.1;13.5
65;2021-04-29;1960;1034;74753;31631;33.0;13.9
65;2021-04-30;1782;925;76535;32556;33.7;14.4
65;2021-05-01;1574;229;78109;32785;34.4;14.5
65;2021-05-02;671;24;78780;32809;34.7;14.5
65;2021-05-03;1281;1620;80061;34429;35.3;15.2
65;2021-05-04;1535;1244;81596;35673;36.0;15.7
65;2021-05-05;1374;1646;82970;37319;36.6;16.5
65;2021-05-06;1556;1178;84526;38497;37.3;17.0
65;2021-05-07;1274;1569;85800;40066;37.8;17.7
65;2021-05-08;1647;443;87447;40509;38.6;17.9
65;2021-05-09;0;90;87447;40599;38.6;17.9
65;2021-05-10;953;1883;88400;42482;39.0;18.7
65;2021-05-11;1059;1811;89459;44293;39.4;19.5
65;2021-05-12;1237;1635;90696;45928;40.0;20.2
65;2021-05-13;1345;167;92041;46095;40.6;20.3
65;2021-05-14;1575;1094;93616;47189;41.3;20.8
65;2021-05-15;1401;511;95017;47700;41.9;21.0
65;2021-05-16;1444;71;96461;47771;42.5;21.1
65;2021-05-17;1036;1615;97497;49386;43.0;21.8
65;2021-05-18;1611;1209;99108;50595;43.7;22.3
65;2021-05-19;1684;1009;100792;51604;44.4;22.7
65;2021-05-20;1844;1052;102636;52656;45.2;23.2
65;2021-05-21;1791;1234;104427;53890;46.0;23.8
65;2021-05-22;1287;638;105714;54528;46.6;24.0
65;2021-05-23;689;32;106403;54560;46.9;24.1
65;2021-05-24;703;77;107106;54637;47.2;24.1
65;2021-05-25;1358;1547;108464;56184;47.8;24.8
65;2021-05-26;1472;1356;109936;57540;48.5;25.4
65;2021-05-27;1621;1463;111557;59003;49.2;26.0
65;2021-05-28;1601;1674;113158;60677;49.9;26.7
65;2021-05-29;1186;1514;114344;62191;50.4;27.4
65;2021-05-30;6;10;114350;62201;50.4;27.4
65;2021-05-31;1324;1300;115674;63501;51.0;28.0
65;2021-06-01;1833;934;117507;64435;51.8;28.4
65;2021-06-02;1575;951;119082;65386;52.5;28.8
65;2021-06-03;1341;1103;120423;66489;53.1;29.3
65;2021-06-04;1790;1561;122213;68050;53.9;30.0
65;2021-06-05;433;1240;122646;69290;54.1;30.5
65;2021-06-06;3;13;122649;69303;54.1;30.6
65;2021-06-07;674;1984;123323;71287;54.4;31.4
65;2021-06-08;956;1538;124279;72825;54.8;32.1
65;2021-06-09;826;1549;125105;74374;55.2;32.8
65;2021-06-10;740;1156;125845;75530;55.5;33.3
65;2021-06-11;910;1808;126755;77338;55.9;34.1
65;2021-06-12;150;639;126905;77977;55.9;34.4
65;2021-06-13;5;7;126910;77984;55.9;34.4
65;2021-06-14;503;2422;127413;80406;56.2;35.4
65;2021-06-15;941;1804;128354;82210;56.6;36.2
65;2021-06-16;1064;1366;129418;83576;57.1;36.8
65;2021-06-17;814;1047;130232;84623;57.4;37.3
65;2021-06-18;1018;1632;131250;86255;57.9;38.0
65;2021-06-19;691;1688;131941;87943;58.2;38.8
65;2021-06-20;2;2;131943;87945;58.2;38.8
65;2021-06-21;736;1940;132679;89885;58.5;39.6
65;2021-06-22;1044;1479;133723;91364;59.0;40.3
65;2021-06-23;1064;1233;134787;92597;59.4;40.8
65;2021-06-24;959;1143;135746;93740;59.8;41.3
65;2021-06-25;831;1967;136577;95707;60.2;42.2
65;2021-06-26;168;1658;136745;97365;60.3;42.9
65;2021-06-27;15;1101;136760;98466;60.3;43.4
65;2021-06-28;444;2301;137204;100767;60.5;44.4
65;2021-06-29;684;1919;137888;102686;60.8;45.3
65;2021-06-30;932;1678;138820;104364;61.2;46.0
65;2021-07-01;605;752;139425;105116;61.5;46.3
65;2021-07-02;1167;1733;140592;106849;62.0;47.1
65;2021-07-03;196;1916;140788;108765;62.1;47.9
65;2021-07-04;416;184;141204;108949;62.2;48.0
65;2021-07-05;640;1994;141844;110943;62.5;48.9
65;2021-07-06;897;2125;142741;113068;62.9;49.8
65;2021-07-07;972;1515;143713;114583;63.4;50.5
65;2021-07-08;326;662;144039;115245;63.5;50.8
65;2021-07-09;549;1594;144588;116839;63.7;51.5
65;2021-07-10;296;957;144884;117796;63.9;51.9
65;2021-07-11;0;0;144884;117796;63.9;51.9
65;2021-07-12;479;2221;145363;120017;64.1;52.9
65;2021-07-13;695;2148;146058;122165;64.4;53.9
65;2021-07-14;212;51;146270;122216;64.5;53.9
65;2021-07-15;1047;1660;147317;123876;64.9;54.6
65;2021-07-16;1186;1880;148503;125756;65.5;55.4
65;2021-07-17;429;543;148932;126299;65.7;55.7
65;2021-07-18;22;12;148954;126311;65.7;55.7
65;2021-07-19;630;1494;149584;127805;65.9;56.3
65;2021-07-20;1445;1702;151029;129507;66.6;57.1
65;2021-07-21;1409;1660;152438;131167;67.2;57.8
65;2021-07-22;2183;1293;154621;132460;68.2;58.4
65;2021-07-23;1613;1792;156234;134252;68.9;59.2
65;2021-07-24;1041;649;157275;134901;69.3;59.5
65;2021-07-25;22;21;157297;134922;69.3;59.5
65;2021-07-26;1138;1244;158435;136166;69.8;60.0
65;2021-07-27;1781;1957;160216;138123;70.6;60.9
65;2021-07-28;1592;1319;161808;139442;71.3;61.5
65;2021-07-29;2843;1133;164651;140575;72.6;62.0
65;2021-07-30;2427;1395;167078;141970;73.7;62.6
65;2021-07-31;2254;349;169332;142319;74.6;62.7
65;2021-08-01;14;16;169346;142335;74.7;62.7
65;2021-08-02;947;830;170293;143165;75.1;63.1
65;2021-08-03;2021;1063;172314;144228;76.0;63.6
65;2021-08-04;1762;636;174076;144864;76.7;63.9
65;2021-08-05;1782;837;175858;145701;77.5;64.2
65;2021-08-06;1640;966;177498;146667;78.2;64.7
65;2021-08-07;719;481;178217;147148;78.6;64.9
65;2021-08-08;2;9;178219;147157;78.6;64.9
65;2021-08-09;681;944;178900;148101;78.9;65.3
65;2021-08-10;1154;1547;180054;149648;79.4;66.0
65;2021-08-11;727;1262;180781;150910;79.7;66.5
65;2021-08-12;763;1080;181544;151990;80.0;67.0
65;2021-08-13;412;1006;181956;152996;80.2;67.4
65;2021-08-14;593;566;182549;153562;80.5;67.7
65;2021-08-15;6;19;182555;153581;80.5;67.7
65;2021-08-16;393;1536;182948;155117;80.7;68.4
65;2021-08-17;719;2175;183667;157292;81.0;69.3
65;2021-08-18;586;1540;184253;158832;81.2;70.0
65;2021-08-19;704;1307;184957;160139;81.5;70.6
65;2021-08-20;417;1334;185374;161473;81.7;71.2
65;2021-08-21;36;104;185410;161577;81.7;71.2
65;2021-08-22;11;13;185421;161590;81.7;71.2
65;2021-08-23;263;1680;185684;163270;81.9;72.0
66;2020-12-27;0;0;0;0;0.0;0.0
66;2020-12-28;2;0;2;0;0.0;0.0
66;2020-12-29;0;0;2;0;0.0;0.0
66;2020-12-30;0;0;2;0;0.0;0.0
66;2020-12-31;1;0;3;0;0.0;0.0
66;2021-01-01;1;0;4;0;0.0;0.0
66;2021-01-02;0;0;4;0;0.0;0.0
66;2021-01-03;0;0;4;0;0.0;0.0
66;2021-01-04;30;0;34;0;0.0;0.0
66;2021-01-05;135;0;169;0;0.0;0.0
66;2021-01-06;195;0;364;0;0.1;0.0
66;2021-01-07;182;0;546;0;0.1;0.0
66;2021-01-08;212;0;758;0;0.2;0.0
66;2021-01-09;232;0;990;0;0.2;0.0
66;2021-01-10;11;0;1001;0;0.2;0.0
66;2021-01-11;404;3;1405;3;0.3;0.0
66;2021-01-12;587;2;1992;5;0.4;0.0
66;2021-01-13;877;7;2869;12;0.6;0.0
66;2021-01-14;892;12;3761;24;0.8;0.0
66;2021-01-15;587;1;4348;25;0.9;0.0
66;2021-01-16;106;2;4454;27;0.9;0.0
66;2021-01-17;46;1;4500;28;0.9;0.0
66;2021-01-18;655;3;5155;31;1.1;0.0
66;2021-01-19;716;3;5871;34;1.2;0.0
66;2021-01-20;1169;3;7040;37;1.5;0.0
66;2021-01-21;2402;4;9442;41;2.0;0.0
66;2021-01-22;1439;10;10881;51;2.3;0.0
66;2021-01-23;399;3;11280;54;2.4;0.0
66;2021-01-24;226;9;11506;63;2.4;0.0
66;2021-01-25;738;40;12244;103;2.6;0.0
66;2021-01-26;786;68;13030;171;2.7;0.0
66;2021-01-27;866;104;13896;275;2.9;0.1
66;2021-01-28;875;128;14771;403;3.1;0.1
66;2021-01-29;817;127;15588;530;3.3;0.1
66;2021-01-30;480;70;16068;600;3.4;0.1
66;2021-01-31;202;27;16270;627;3.4;0.1
66;2021-02-01;562;189;16832;816;3.5;0.2
66;2021-02-02;621;289;17453;1105;3.6;0.2
66;2021-02-03;737;628;18190;1733;3.8;0.4
66;2021-02-04;688;621;18878;2354;3.9;0.5
66;2021-02-05;778;415;19656;2769;4.1;0.6
66;2021-02-06;417;147;20073;2916;4.2;0.6
66;2021-02-07;169;139;20242;3055;4.2;0.6
66;2021-02-08;501;393;20743;3448;4.3;0.7
66;2021-02-09;533;401;21276;3849;4.4;0.8
66;2021-02-10;616;771;21892;4620;4.6;1.0
66;2021-02-11;1104;1572;22996;6192;4.8;1.3
66;2021-02-12;1121;1202;24117;7394;5.0;1.5
66;2021-02-13;366;304;24483;7698;5.1;1.6
66;2021-02-14;111;197;24594;7895;5.1;1.6
66;2021-02-15;425;697;25019;8592;5.2;1.8
66;2021-02-16;304;787;25323;9379;5.3;2.0
66;2021-02-17;379;697;25702;10076;5.4;2.1
66;2021-02-18;366;774;26068;10850;5.4;2.3
66;2021-02-19;400;703;26468;11553;5.5;2.4
66;2021-02-20;184;407;26652;11960;5.6;2.5
66;2021-02-21;41;171;26693;12131;5.6;2.5
66;2021-02-22;416;642;27109;12773;5.7;2.7
66;2021-02-23;508;666;27617;13439;5.8;2.8
66;2021-02-24;342;750;27959;14189;5.8;3.0
66;2021-02-25;717;712;28676;14901;6.0;3.1
66;2021-02-26;954;747;29630;15648;6.2;3.3
66;2021-02-27;363;429;29993;16077;6.3;3.4
66;2021-02-28;59;172;30052;16249;6.3;3.4
66;2021-03-01;378;650;30430;16899;6.4;3.5
66;2021-03-02;334;657;30764;17556;6.4;3.7
66;2021-03-03;528;645;31292;18201;6.5;3.8
66;2021-03-04;991;1057;32283;19258;6.7;4.0
66;2021-03-05;1525;798;33808;20056;7.1;4.2
66;2021-03-06;1145;346;34953;20402;7.3;4.3
66;2021-03-07;1097;97;36050;20499;7.5;4.3
66;2021-03-08;696;544;36746;21043;7.7;4.4
66;2021-03-09;1223;592;37969;21635;7.9;4.5
66;2021-03-10;1301;504;39270;22139;8.2;4.6
66;2021-03-11;1474;594;40744;22733;8.5;4.7
66;2021-03-12;2395;579;43139;23312;9.0;4.9
66;2021-03-13;1081;307;44220;23619;9.2;4.9
66;2021-03-14;192;84;44412;23703;9.3;4.9
66;2021-03-15;1109;394;45521;24097;9.5;5.0
66;2021-03-16;952;260;46473;24357;9.7;5.1
66;2021-03-17;867;397;47340;24754;9.9;5.2
66;2021-03-18;969;344;48309;25098;10.1;5.2
66;2021-03-19;1292;317;49601;25415;10.4;5.3
66;2021-03-20;837;122;50438;25537;10.5;5.3
66;2021-03-21;185;44;50623;25581;10.6;5.3
66;2021-03-22;1113;394;51736;25975;10.8;5.4
66;2021-03-23;1757;387;53493;26362;11.2;5.5
66;2021-03-24;1795;519;55288;26881;11.5;5.6
66;2021-03-25;2536;470;57824;27351;12.1;5.7
66;2021-03-26;2577;365;60401;27716;12.6;5.8
66;2021-03-27;1208;296;61609;28012;12.9;5.8
66;2021-03-28;321;3;61930;28015;12.9;5.8
66;2021-03-29;1830;257;63760;28272;13.3;5.9
66;2021-03-30;2239;173;65999;28445;13.8;5.9
66;2021-03-31;1987;250;67986;28695;14.2;6.0
66;2021-04-01;2672;303;70658;28998;14.8;6.1
66;2021-04-02;2421;254;73079;29252;15.3;6.1
66;2021-04-03;1148;335;74227;29587;15.5;6.2
66;2021-04-04;107;125;74334;29712;15.5;6.2
66;2021-04-05;195;142;74529;29854;15.6;6.2
66;2021-04-06;1331;649;75860;30503;15.8;6.4
66;2021-04-07;1396;598;77256;31101;16.1;6.5
66;2021-04-08;2070;547;79326;31648;16.6;6.6
66;2021-04-09;3479;660;82805;32308;17.3;6.7
66;2021-04-10;2307;523;85112;32831;17.8;6.9
66;2021-04-11;1200;166;86312;32997;18.0;6.9
66;2021-04-12;2703;1022;89015;34019;18.6;7.1
66;2021-04-13;3608;1061;92623;35080;19.3;7.3
66;2021-04-14;3292;923;95915;36003;20.0;7.5
66;2021-04-15;3555;1048;99470;37051;20.8;7.7
66;2021-04-16;3592;1034;103062;38085;21.5;8.0
66;2021-04-17;2263;592;105325;38677;22.0;8.1
66;2021-04-18;1445;132;106770;38809;22.3;8.1
66;2021-04-19;2256;1122;109026;39931;22.8;8.3
66;2021-04-20;2373;1080;111399;41011;23.3;8.6
66;2021-04-21;2870;1179;114269;42190;23.9;8.8
66;2021-04-22;2659;1231;116928;43421;24.4;9.1
66;2021-04-23;2380;1236;119308;44657;24.9;9.3
66;2021-04-24;2744;880;122052;45537;25.5;9.5
66;2021-04-25;1207;267;123259;45804;25.7;9.6
66;2021-04-26;1997;1254;125256;47058;26.1;9.8
66;2021-04-27;2748;1304;128004;48362;26.7;10.1
66;2021-04-28;2421;1663;130425;50025;27.2;10.4
66;2021-04-29;2702;2127;133127;52152;27.8;10.9
66;2021-04-30;3055;1557;136182;53709;28.4;11.2
66;2021-05-01;2001;470;138183;54179;28.8;11.3
66;2021-05-02;1529;263;139712;54442;29.2;11.4
66;2021-05-03;2938;1111;142650;55553;29.8;11.6
66;2021-05-04;3169;1344;145819;56897;30.4;11.9
66;2021-05-05;3052;1543;148871;58440;31.1;12.2
66;2021-05-06;3756;2080;152627;60520;31.9;12.6
66;2021-05-07;2967;3084;155594;63604;32.5;13.3
66;2021-05-08;1730;1171;157324;64775;32.8;13.5
66;2021-05-09;887;1371;158211;66146;33.0;13.8
66;2021-05-10;1805;2972;160016;69118;33.4;14.4
66;2021-05-11;2740;3125;162756;72243;34.0;15.1
66;2021-05-12;2430;2568;165186;74811;34.5;15.6
66;2021-05-13;2260;1385;167446;76196;35.0;15.9
66;2021-05-14;2772;2118;170218;78314;35.5;16.3
66;2021-05-15;2330;1577;172548;79891;36.0;16.7
66;2021-05-16;2286;1250;174834;81141;36.5;16.9
66;2021-05-17;2052;1824;176886;82965;36.9;17.3
66;2021-05-18;3237;1808;180123;84773;37.6;17.7
66;2021-05-19;2878;1341;183001;86114;38.2;18.0
66;2021-05-20;4375;1448;187376;87562;39.1;18.3
66;2021-05-21;3268;1463;190644;89025;39.8;18.6
66;2021-05-22;3066;779;193710;89804;40.4;18.7
66;2021-05-23;1510;238;195220;90042;40.8;18.8
66;2021-05-24;1955;428;197175;90470;41.2;18.9
66;2021-05-25;2795;1688;199970;92158;41.7;19.2
66;2021-05-26;2780;1495;202750;93653;42.3;19.6
66;2021-05-27;3385;2257;206135;95910;43.0;20.0
66;2021-05-28;2685;3050;208820;98960;43.6;20.7
66;2021-05-29;2147;1519;210967;100479;44.0;21.0
66;2021-05-30;786;989;211753;101468;44.2;21.2
66;2021-05-31;2120;1784;213873;103252;44.6;21.6
66;2021-06-01;2627;2005;216500;105257;45.2;22.0
66;2021-06-02;2808;2339;219308;107596;45.8;22.5
66;2021-06-03;2480;2972;221788;110568;46.3;23.1
66;2021-06-04;1875;3353;223663;113921;46.7;23.8
66;2021-06-05;1411;2599;225074;116520;47.0;24.3
66;2021-06-06;293;1228;225367;117748;47.0;24.6
66;2021-06-07;1342;2959;226709;120707;47.3;25.2
66;2021-06-08;1739;3021;228448;123728;47.7;25.8
66;2021-06-09;2068;2787;230516;126515;48.1;26.4
66;2021-06-10;2081;2961;232597;129476;48.6;27.0
66;2021-06-11;2101;3867;234698;133343;49.0;27.8
66;2021-06-12;872;2410;235570;135753;49.2;28.3
66;2021-06-13;517;1334;236087;137087;49.3;28.6
66;2021-06-14;1360;3495;237447;140582;49.6;29.3
66;2021-06-15;2130;3572;239577;144154;50.0;30.1
66;2021-06-16;1790;3567;241367;147721;50.4;30.8
66;2021-06-17;2433;3605;243800;151326;50.9;31.6
66;2021-06-18;2227;3823;246027;155149;51.4;32.4
66;2021-06-19;1542;2320;247569;157469;51.7;32.9
66;2021-06-20;998;1266;248567;158735;51.9;33.1
66;2021-06-21;1163;2879;249730;161614;52.1;33.7
66;2021-06-22;1505;3763;251235;165377;52.4;34.5
66;2021-06-23;1326;3027;252561;168404;52.7;35.2
66;2021-06-24;1515;3230;254076;171634;53.0;35.8
66;2021-06-25;1398;3534;255474;175168;53.3;36.6
66;2021-06-26;963;2683;256437;177851;53.5;37.1
66;2021-06-27;679;1557;257116;179408;53.7;37.5
66;2021-06-28;977;2977;258093;182385;53.9;38.1
66;2021-06-29;1146;3795;259239;186180;54.1;38.9
66;2021-06-30;1277;3305;260516;189485;54.4;39.6
66;2021-07-01;1372;4044;261888;193529;54.7;40.4
66;2021-07-02;1316;3602;263204;197131;54.9;41.2
66;2021-07-03;1153;3903;264357;201034;55.2;42.0
66;2021-07-04;717;1792;265074;202826;55.3;42.3
66;2021-07-05;1134;3001;266208;205827;55.6;43.0
66;2021-07-06;1391;3784;267599;209611;55.9;43.8
66;2021-07-07;1392;3249;268991;212860;56.2;44.4
66;2021-07-08;1271;3383;270262;216243;56.4;45.1
66;2021-07-09;1421;3462;271683;219705;56.7;45.9
66;2021-07-10;1004;2402;272687;222107;56.9;46.4
66;2021-07-11;540;1539;273227;223646;57.0;46.7
66;2021-07-12;994;3641;274221;227287;57.2;47.5
66;2021-07-13;2130;4272;276351;231559;57.7;48.3
66;2021-07-14;1949;1233;278300;232792;58.1;48.6
66;2021-07-15;2779;3113;281079;235905;58.7;49.2
66;2021-07-16;3328;3202;284407;239107;59.4;49.9
66;2021-07-17;2117;2036;286524;241143;59.8;50.3
66;2021-07-18;1197;1062;287721;242205;60.1;50.6
66;2021-07-19;2790;3084;290511;245289;60.6;51.2
66;2021-07-20;3652;2882;294163;248171;61.4;51.8
66;2021-07-21;3963;2944;298126;251115;62.2;52.4
66;2021-07-22;3844;2816;301970;253931;63.0;53.0
66;2021-07-23;3889;3035;305859;256966;63.9;53.6
66;2021-07-24;2584;1921;308443;258887;64.4;54.0
66;2021-07-25;2021;1236;310464;260123;64.8;54.3
66;2021-07-26;2774;2629;313238;262752;65.4;54.9
66;2021-07-27;3221;2885;316459;265637;66.1;55.5
66;2021-07-28;3341;2571;319800;268208;66.8;56.0
66;2021-07-29;3851;2535;323651;270743;67.6;56.5
66;2021-07-30;4180;2465;327831;273208;68.4;57.0
66;2021-07-31;2216;1710;330047;274918;68.9;57.4
66;2021-08-01;1817;896;331864;275814;69.3;57.6
66;2021-08-02;2264;1918;334128;277732;69.8;58.0
66;2021-08-03;2600;2070;336728;279802;70.3;58.4
66;2021-08-04;2563;1998;339291;281800;70.8;58.8
66;2021-08-05;2423;2500;341714;284300;71.3;59.4
66;2021-08-06;2305;2639;344019;286939;71.8;59.9
66;2021-08-07;1497;2087;345516;289026;72.1;60.3
66;2021-08-08;611;1455;346127;290481;72.3;60.6
66;2021-08-09;1326;2800;347453;293281;72.5;61.2
66;2021-08-10;1634;3065;349087;296346;72.9;61.9
66;2021-08-11;1610;3014;350697;299360;73.2;62.5
66;2021-08-12;1632;2990;352329;302350;73.6;63.1
66;2021-08-13;1387;2968;353716;305318;73.8;63.7
66;2021-08-14;654;2508;354370;307826;74.0;64.3
66;2021-08-15;134;1627;354504;309453;74.0;64.6
66;2021-08-16;1266;2591;355770;312044;74.3;65.1
66;2021-08-17;1474;2977;357244;315021;74.6;65.8
66;2021-08-18;1329;3066;358573;318087;74.9;66.4
66;2021-08-19;1092;2913;359665;321000;75.1;67.0
66;2021-08-20;968;3308;360633;324308;75.3;67.7
66;2021-08-21;550;2008;361183;326316;75.4;68.1
66;2021-08-22;232;1352;361415;327668;75.5;68.4
66;2021-08-23;1125;2754;362540;330422;75.7;69.0
67;2020-12-27;7;0;7;0;0.0;0.0
67;2020-12-28;3;0;10;0;0.0;0.0
67;2020-12-29;2;0;12;0;0.0;0.0
67;2020-12-30;0;0;12;0;0.0;0.0
67;2020-12-31;0;0;12;0;0.0;0.0
67;2021-01-01;3;0;15;0;0.0;0.0
67;2021-01-02;1;0;16;0;0.0;0.0
67;2021-01-03;1;0;17;0;0.0;0.0
67;2021-01-04;41;0;58;0;0.0;0.0
67;2021-01-05;167;0;225;0;0.0;0.0
67;2021-01-06;120;0;345;0;0.0;0.0
67;2021-01-07;235;1;580;1;0.1;0.0
67;2021-01-08;232;1;812;2;0.1;0.0
67;2021-01-09;113;1;925;3;0.1;0.0
67;2021-01-10;67;0;992;3;0.1;0.0
67;2021-01-11;182;1;1174;4;0.1;0.0
67;2021-01-12;511;1;1685;5;0.1;0.0
67;2021-01-13;654;2;2339;7;0.2;0.0
67;2021-01-14;1079;7;3418;14;0.3;0.0
67;2021-01-15;937;7;4355;21;0.4;0.0
67;2021-01-16;196;3;4551;24;0.4;0.0
67;2021-01-17;99;0;4650;24;0.4;0.0
67;2021-01-18;898;3;5548;27;0.5;0.0
67;2021-01-19;1424;5;6972;32;0.6;0.0
67;2021-01-20;1851;12;8823;44;0.8;0.0
67;2021-01-21;2207;9;11030;53;1.0;0.0
67;2021-01-22;1987;7;13017;60;1.1;0.0
67;2021-01-23;813;6;13830;66;1.2;0.0
67;2021-01-24;380;1;14210;67;1.3;0.0
67;2021-01-25;526;30;14736;97;1.3;0.0
67;2021-01-26;159;108;14895;205;1.3;0.0
67;2021-01-27;1391;91;16286;296;1.4;0.0
67;2021-01-28;3052;225;19338;521;1.7;0.0
67;2021-01-29;2029;161;21367;682;1.9;0.1
67;2021-01-30;1094;82;22461;764;2.0;0.1
67;2021-01-31;1161;29;23622;793;2.1;0.1
67;2021-02-01;3392;251;27014;1044;2.4;0.1
67;2021-02-02;2690;429;29704;1473;2.6;0.1
67;2021-02-03;1573;399;31277;1872;2.8;0.2
67;2021-02-04;1193;759;32470;2631;2.9;0.2
67;2021-02-05;1193;642;33663;3273;3.0;0.3
67;2021-02-06;788;145;34451;3418;3.0;0.3
67;2021-02-07;289;45;34740;3463;3.1;0.3
67;2021-02-08;839;450;35579;3913;3.1;0.3
67;2021-02-09;958;738;36537;4651;3.2;0.4
67;2021-02-10;929;792;37466;5443;3.3;0.5
67;2021-02-11;1150;1129;38616;6572;3.4;0.6
67;2021-02-12;1245;783;39861;7355;3.5;0.6
67;2021-02-13;765;279;40626;7634;3.6;0.7
67;2021-02-14;243;94;40869;7728;3.6;0.7
67;2021-02-15;779;839;41648;8567;3.7;0.8
67;2021-02-16;929;1145;42577;9712;3.8;0.9
67;2021-02-17;784;1196;43361;10908;3.8;1.0
67;2021-02-18;1398;2569;44759;13477;4.0;1.2
67;2021-02-19;1374;2111;46133;15588;4.1;1.4
67;2021-02-20;630;904;46763;16492;4.1;1.5
67;2021-02-21;209;1197;46972;17689;4.1;1.6
67;2021-02-22;1404;2166;48376;19855;4.3;1.8
67;2021-02-23;1461;1566;49837;21421;4.4;1.9
67;2021-02-24;1434;1051;51271;22472;4.5;2.0
67;2021-02-25;1615;1470;52886;23942;4.7;2.1
67;2021-02-26;2224;1409;55110;25351;4.9;2.2
67;2021-02-27;1256;783;56366;26134;5.0;2.3
67;2021-02-28;147;364;56513;26498;5.0;2.3
67;2021-03-01;639;999;57152;27497;5.0;2.4
67;2021-03-02;893;1200;58045;28697;5.1;2.5
67;2021-03-03;1410;1284;59455;29981;5.2;2.6
67;2021-03-04;1961;1057;61416;31038;5.4;2.7
67;2021-03-05;3256;1103;64672;32141;5.7;2.8
67;2021-03-06;2335;775;67007;32916;5.9;2.9
67;2021-03-07;466;282;67473;33198;6.0;2.9
67;2021-03-08;1187;793;68660;33991;6.1;3.0
67;2021-03-09;2222;906;70882;34897;6.3;3.1
67;2021-03-10;2448;1189;73330;36086;6.5;3.2
67;2021-03-11;3205;1356;76535;37442;6.8;3.3
67;2021-03-12;5255;1372;81790;38814;7.2;3.4
67;2021-03-13;3997;883;85787;39697;7.6;3.5
67;2021-03-14;483;389;86270;40086;7.6;3.5
67;2021-03-15;2188;1159;88458;41245;7.8;3.6
67;2021-03-16;1550;1233;90008;42478;7.9;3.8
67;2021-03-17;2067;921;92075;43399;8.1;3.8
67;2021-03-18;2385;731;94460;44130;8.3;3.9
67;2021-03-19;3671;749;98131;44879;8.7;4.0
67;2021-03-20;3063;508;101194;45387;8.9;4.0
67;2021-03-21;334;16;101528;45403;9.0;4.0
67;2021-03-22;2331;778;103859;46181;9.2;4.1
67;2021-03-23;3397;776;107256;46957;9.5;4.1
67;2021-03-24;3907;809;111163;47766;9.8;4.2
67;2021-03-25;5313;537;116476;48303;10.3;4.3
67;2021-03-26;6868;477;123344;48780;10.9;4.3
67;2021-03-27;3925;343;127269;49123;11.2;4.3
67;2021-03-28;580;99;127849;49222;11.3;4.3
67;2021-03-29;3819;426;131668;49648;11.6;4.4
67;2021-03-30;4841;670;136509;50318;12.1;4.4
67;2021-03-31;4842;692;141351;51010;12.5;4.5
67;2021-04-01;5144;930;146495;51940;12.9;4.6
67;2021-04-02;1004;174;147499;52114;13.0;4.6
67;2021-04-03;1689;286;149188;52400;13.2;4.6
67;2021-04-04;326;5;149514;52405;13.2;4.6
67;2021-04-05;371;3;149885;52408;13.2;4.6
67;2021-04-06;3476;1180;153361;53588;13.5;4.7
67;2021-04-07;4533;1279;157894;54867;13.9;4.8
67;2021-04-08;5659;1405;163553;56272;14.4;5.0
67;2021-04-09;7108;1352;170661;57624;15.1;5.1
67;2021-04-10;4331;890;174992;58514;15.5;5.2
67;2021-04-11;855;426;175847;58940;15.5;5.2
67;2021-04-12;3881;1405;179728;60345;15.9;5.3
67;2021-04-13;4892;1578;184620;61923;16.3;5.5
67;2021-04-14;5274;1896;189894;63819;16.8;5.6
67;2021-04-15;6078;2106;195972;65925;17.3;5.8
67;2021-04-16;7834;2423;203806;68348;18.0;6.0
67;2021-04-17;4006;1580;207812;69928;18.3;6.2
67;2021-04-18;1111;646;208923;70574;18.4;6.2
67;2021-04-19;3630;2141;212553;72715;18.8;6.4
67;2021-04-20;4257;1922;216810;74637;19.1;6.6
67;2021-04-21;4068;2511;220878;77148;19.5;6.8
67;2021-04-22;4476;2913;225354;80061;19.9;7.1
67;2021-04-23;5240;3000;230594;83061;20.4;7.3
67;2021-04-24;3100;2024;233694;85085;20.6;7.5
67;2021-04-25;1028;452;234722;85537;20.7;7.6
67;2021-04-26;3191;2617;237913;88154;21.0;7.8
67;2021-04-27;4023;2921;241936;91075;21.4;8.0
67;2021-04-28;4251;3433;246187;94508;21.7;8.3
67;2021-04-29;5125;3513;251312;98021;22.2;8.7
67;2021-04-30;7179;2490;258491;100511;22.8;8.9
67;2021-05-01;2682;785;261173;101296;23.1;8.9
67;2021-05-02;2180;677;263353;101973;23.3;9.0
67;2021-05-03;5562;2617;268915;104590;23.7;9.2
67;2021-05-04;5853;3606;274768;108196;24.3;9.6
67;2021-05-05;5217;4202;279985;112398;24.7;9.9
67;2021-05-06;6714;4927;286699;117325;25.3;10.4
67;2021-05-07;6434;6919;293133;124244;25.9;11.0
67;2021-05-08;3575;1022;296708;125266;26.2;11.1
67;2021-05-09;3371;595;300079;125861;26.5;11.1
67;2021-05-10;4697;4531;304776;130392;26.9;11.5
67;2021-05-11;5648;4930;310424;135322;27.4;11.9
67;2021-05-12;6598;4848;317022;140170;28.0;12.4
67;2021-05-13;7310;1674;324332;141844;28.6;12.5
67;2021-05-14;8880;5363;333212;147207;29.4;13.0
67;2021-05-15;8192;3658;341404;150865;30.1;13.3
67;2021-05-16;6178;976;347582;151841;30.7;13.4
67;2021-05-17;5694;3889;353276;155730;31.2;13.7
67;2021-05-18;6901;3984;360177;159714;31.8;14.1
67;2021-05-19;7376;4174;367553;163888;32.5;14.5
67;2021-05-20;8694;4238;376247;168126;33.2;14.8
67;2021-05-21;8164;5864;384411;173990;33.9;15.4
67;2021-05-22;5936;3426;390347;177416;34.5;15.7
67;2021-05-23;2659;594;393006;178010;34.7;15.7
67;2021-05-24;4417;866;397423;178876;35.1;15.8
67;2021-05-25;5417;4771;402840;183647;35.6;16.2
67;2021-05-26;6061;4881;408901;188528;36.1;16.6
67;2021-05-27;7314;4911;416215;193439;36.7;17.1
67;2021-05-28;7967;6511;424182;199950;37.5;17.7
67;2021-05-29;6652;3878;430834;203828;38.0;18.0
67;2021-05-30;1147;809;431981;204637;38.1;18.1
67;2021-05-31;6405;4060;438386;208697;38.7;18.4
67;2021-06-01;7329;4404;445715;213101;39.4;18.8
67;2021-06-02;8064;4178;453779;217279;40.1;19.2
67;2021-06-03;8840;4868;462619;222147;40.8;19.6
67;2021-06-04;8591;6136;471210;228283;41.6;20.2
67;2021-06-05;6554;3984;477764;232267;42.2;20.5
67;2021-06-06;3478;872;481242;233139;42.5;20.6
67;2021-06-07;7414;4259;488656;237398;43.1;21.0
67;2021-06-08;8632;4926;497288;242324;43.9;21.4
67;2021-06-09;9261;4804;506549;247128;44.7;21.8
67;2021-06-10;9773;5018;516322;252146;45.6;22.3
67;2021-06-11;8072;8335;524394;260481;46.3;23.0
67;2021-06-12;6791;5202;531185;265683;46.9;23.5
67;2021-06-13;3107;1043;534292;266726;47.2;23.5
67;2021-06-14;5510;6459;539802;273185;47.7;24.1
67;2021-06-15;6687;6752;546489;279937;48.3;24.7
67;2021-06-16;6949;6703;553438;286640;48.9;25.3
67;2021-06-17;7274;9056;560712;295696;49.5;26.1
67;2021-06-18;7603;8510;568315;304206;50.2;26.9
67;2021-06-19;6384;5964;574699;310170;50.7;27.4
67;2021-06-20;1450;1412;576149;311582;50.9;27.5
67;2021-06-21;4267;6772;580416;318354;51.2;28.1
67;2021-06-22;4240;9096;584656;327450;51.6;28.9
67;2021-06-23;5290;8190;589946;335640;52.1;29.6
67;2021-06-24;4518;9098;594464;344738;52.5;30.4
67;2021-06-25;5339;9955;599803;354693;53.0;31.3
67;2021-06-26;3467;9108;603270;363801;53.3;32.1
67;2021-06-27;1023;3521;604293;367322;53.4;32.4
67;2021-06-28;2846;8735;607139;376057;53.6;33.2
67;2021-06-29;2896;8611;610035;384668;53.9;34.0
67;2021-06-30;3379;8743;613414;393411;54.2;34.7
67;2021-07-01;3603;8431;617017;401842;54.5;35.5
67;2021-07-02;3733;10937;620750;412779;54.8;36.4
67;2021-07-03;2977;7747;623727;420526;55.1;37.1
67;2021-07-04;763;1870;624490;422396;55.1;37.3
67;2021-07-05;2621;8255;627111;430651;55.4;38.0
67;2021-07-06;3099;8443;630210;439094;55.6;38.8
67;2021-07-07;3919;8739;634129;447833;56.0;39.5
67;2021-07-08;4192;7787;638321;455620;56.4;40.2
67;2021-07-09;3761;11376;642082;466996;56.7;41.2
67;2021-07-10;2859;8206;644941;475202;56.9;42.0
67;2021-07-11;943;1993;645884;477195;57.0;42.1
67;2021-07-12;2472;9721;648356;486916;57.2;43.0
67;2021-07-13;4102;9892;652458;496808;57.6;43.9
67;2021-07-14;3488;4403;655946;501211;57.9;44.3
67;2021-07-15;5126;12228;661072;513439;58.4;45.3
67;2021-07-16;4844;12292;665916;525731;58.8;46.4
67;2021-07-17;3732;8827;669648;534558;59.1;47.2
67;2021-07-18;1462;2550;671110;537108;59.3;47.4
67;2021-07-19;4626;9745;675736;546853;59.7;48.3
67;2021-07-20;5766;9817;681502;556670;60.2;49.1
67;2021-07-21;5858;10649;687360;567319;60.7;50.1
67;2021-07-22;6421;10228;693781;577547;61.3;51.0
67;2021-07-23;7386;11193;701167;588740;61.9;52.0
67;2021-07-24;5419;7577;706586;596317;62.4;52.6
67;2021-07-25;2313;1968;708899;598285;62.6;52.8
67;2021-07-26;4992;7255;713891;605540;63.0;53.5
67;2021-07-27;6581;7316;720472;612856;63.6;54.1
67;2021-07-28;7523;7214;727995;620070;64.3;54.7
67;2021-07-29;8362;6433;736357;626503;65.0;55.3
67;2021-07-30;8628;7306;744985;633809;65.8;56.0
67;2021-07-31;5090;4869;750075;638678;66.2;56.4
67;2021-08-01;2466;1421;752541;640099;66.4;56.5
67;2021-08-02;6309;5084;758850;645183;67.0;57.0
67;2021-08-03;7266;4710;766116;649893;67.6;57.4
67;2021-08-04;6830;4599;772946;654492;68.2;57.8
67;2021-08-05;5691;4214;778637;658706;68.7;58.2
67;2021-08-06;6277;5420;784914;664126;69.3;58.6
67;2021-08-07;4603;4274;789517;668400;69.7;59.0
67;2021-08-08;1276;1433;790793;669833;69.8;59.1
67;2021-08-09;3100;4481;793893;674314;70.1;59.5
67;2021-08-10;3177;4777;797070;679091;70.4;60.0
67;2021-08-11;3400;4676;800470;683767;70.7;60.4
67;2021-08-12;3105;4882;803575;688649;70.9;60.8
67;2021-08-13;3147;5380;806722;694029;71.2;61.3
67;2021-08-14;2186;5071;808908;699100;71.4;61.7
67;2021-08-15;704;1598;809612;700698;71.5;61.9
67;2021-08-16;2061;5226;811673;705924;71.7;62.3
67;2021-08-17;2071;5269;813744;711193;71.8;62.8
67;2021-08-18;2346;6336;816090;717529;72.1;63.4
67;2021-08-19;1871;6144;817961;723673;72.2;63.9
67;2021-08-20;2292;7437;820253;731110;72.4;64.6
67;2021-08-21;1505;5549;821758;736659;72.6;65.0
67;2021-08-22;377;2049;822135;738708;72.6;65.2
67;2021-08-23;1887;6817;824022;745525;72.8;65.8
68;2020-12-27;0;0;0;0;0.0;0.0
68;2020-12-28;0;0;0;0;0.0;0.0
68;2020-12-29;0;0;0;0;0.0;0.0
68;2020-12-30;0;0;0;0;0.0;0.0
68;2020-12-31;0;0;0;0;0.0;0.0
68;2021-01-01;0;0;0;0;0.0;0.0
68;2021-01-02;0;0;0;0;0.0;0.0
68;2021-01-03;0;0;0;0;0.0;0.0
68;2021-01-04;1;0;1;0;0.0;0.0
68;2021-01-05;11;0;12;0;0.0;0.0
68;2021-01-06;244;1;256;1;0.0;0.0
68;2021-01-07;75;0;331;1;0.0;0.0
68;2021-01-08;118;1;449;2;0.1;0.0
68;2021-01-09;20;0;469;2;0.1;0.0
68;2021-01-10;1;0;470;2;0.1;0.0
68;2021-01-11;82;0;552;2;0.1;0.0
68;2021-01-12;386;1;938;3;0.1;0.0
68;2021-01-13;703;2;1641;5;0.2;0.0
68;2021-01-14;372;2;2013;7;0.3;0.0
68;2021-01-15;204;1;2217;8;0.3;0.0
68;2021-01-16;1;0;2218;8;0.3;0.0
68;2021-01-17;0;0;2218;8;0.3;0.0
68;2021-01-18;379;5;2597;13;0.3;0.0
68;2021-01-19;559;5;3156;18;0.4;0.0
68;2021-01-20;707;10;3863;28;0.5;0.0
68;2021-01-21;1393;12;5256;40;0.7;0.0
68;2021-01-22;1499;11;6755;51;0.9;0.0
68;2021-01-23;215;3;6970;54;0.9;0.0
68;2021-01-24;697;1;7667;55;1.0;0.0
68;2021-01-25;1390;46;9057;101;1.2;0.0
68;2021-01-26;1553;79;10610;180;1.4;0.0
68;2021-01-27;2767;153;13377;333;1.8;0.0
68;2021-01-28;2354;60;15731;393;2.1;0.1
68;2021-01-29;1509;116;17240;509;2.3;0.1
68;2021-01-30;165;3;17405;512;2.3;0.1
68;2021-01-31;0;0;17405;512;2.3;0.1
68;2021-02-01;737;116;18142;628;2.4;0.1
68;2021-02-02;869;307;19011;935;2.5;0.1
68;2021-02-03;999;621;20010;1556;2.6;0.2
68;2021-02-04;1000;324;21010;1880;2.8;0.2
68;2021-02-05;946;236;21956;2116;2.9;0.3
68;2021-02-06;140;1;22096;2117;2.9;0.3
68;2021-02-07;1;16;22097;2133;2.9;0.3
68;2021-02-08;893;23;22990;2156;3.0;0.3
68;2021-02-09;1359;47;24349;2203;3.2;0.3
68;2021-02-10;1453;64;25802;2267;3.4;0.3
68;2021-02-11;1487;470;27289;2737;3.6;0.4
68;2021-02-12;1549;448;28838;3185;3.8;0.4
68;2021-02-13;132;1;28970;3186;3.8;0.4
68;2021-02-14;58;232;29028;3418;3.8;0.4
68;2021-02-15;662;1087;29690;4505;3.9;0.6
68;2021-02-16;863;1372;30553;5877;4.0;0.8
68;2021-02-17;1285;2140;31838;8017;4.2;1.1
68;2021-02-18;1657;2059;33495;10076;4.4;1.3
68;2021-02-19;987;1368;34482;11444;4.5;1.5
68;2021-02-20;93;125;34575;11569;4.5;1.5
68;2021-02-21;1;40;34576;11609;4.5;1.5
68;2021-02-22;446;797;35022;12406;4.6;1.6
68;2021-02-23;639;1061;35661;13467;4.7;1.8
68;2021-02-24;854;1155;36515;14622;4.8;1.9
68;2021-02-25;1209;1248;37724;15870;4.9;2.1
68;2021-02-26;1200;991;38924;16861;5.1;2.2
68;2021-02-27;547;174;39471;17035;5.2;2.2
68;2021-02-28;12;1;39483;17036;5.2;2.2
68;2021-03-01;940;768;40423;17804;5.3;2.3
68;2021-03-02;1216;930;41639;18734;5.5;2.5
68;2021-03-03;1592;967;43231;19701;5.7;2.6
68;2021-03-04;1990;1045;45221;20746;5.9;2.7
68;2021-03-05;2356;1048;47577;21794;6.2;2.9
68;2021-03-06;2285;246;49862;22040;6.5;2.9
68;2021-03-07;839;108;50701;22148;6.6;2.9
68;2021-03-08;1474;980;52175;23128;6.8;3.0
68;2021-03-09;1697;1334;53872;24462;7.1;3.2
68;2021-03-10;1964;1805;55836;26267;7.3;3.4
68;2021-03-11;2639;1916;58475;28183;7.7;3.7
68;2021-03-12;2629;1424;61104;29607;8.0;3.9
68;2021-03-13;3341;257;64445;29864;8.4;3.9
68;2021-03-14;1542;65;65987;29929;8.6;3.9
68;2021-03-15;1793;624;67780;30553;8.9;4.0
68;2021-03-16;2000;602;69780;31155;9.1;4.1
68;2021-03-17;1956;729;71736;31884;9.4;4.2
68;2021-03-18;2219;951;73955;32835;9.7;4.3
68;2021-03-19;3084;738;77039;33573;10.1;4.4
68;2021-03-20;973;125;78012;33698;10.2;4.4
68;2021-03-21;68;2;78080;33700;10.2;4.4
68;2021-03-22;1965;591;80045;34291;10.5;4.5
68;2021-03-23;2860;619;82905;34910;10.9;4.6
68;2021-03-24;3178;817;86083;35727;11.3;4.7
68;2021-03-25;3502;789;89585;36516;11.7;4.8
68;2021-03-26;3892;725;93477;37241;12.2;4.9
68;2021-03-27;1102;163;94579;37404;12.4;4.9
68;2021-03-28;56;3;94635;37407;12.4;4.9
68;2021-03-29;2264;1374;96899;38781;12.7;5.1
68;2021-03-30;2934;1302;99833;40083;13.1;5.3
68;2021-03-31;2641;1365;102474;41448;13.4;5.4
68;2021-04-01;2748;1550;105222;42998;13.8;5.6
68;2021-04-02;244;88;105466;43086;13.8;5.6
68;2021-04-03;240;124;105706;43210;13.9;5.7
68;2021-04-04;5;0;105711;43210;13.9;5.7
68;2021-04-05;48;3;105759;43213;13.9;5.7
68;2021-04-06;1792;1330;107551;44543;14.1;5.8
68;2021-04-07;2585;1536;110136;46079;14.4;6.0
68;2021-04-08;3233;1501;113369;47580;14.9;6.2
68;2021-04-09;4199;1524;117568;49104;15.4;6.4
68;2021-04-10;1201;1975;118769;51079;15.6;6.7
68;2021-04-11;126;1318;118895;52397;15.6;6.9
68;2021-04-12;2667;1637;121562;54034;15.9;7.1
68;2021-04-13;2760;2109;124322;56143;16.3;7.4
68;2021-04-14;3605;2266;127927;58409;16.8;7.7
68;2021-04-15;4051;2160;131978;60569;17.3;7.9
68;2021-04-16;3942;2079;135920;62648;17.8;8.2
68;2021-04-17;1075;442;136995;63090;17.9;8.3
68;2021-04-18;85;9;137080;63099;18.0;8.3
68;2021-04-19;2358;1835;139438;64934;18.3;8.5
68;2021-04-20;2442;2329;141880;67263;18.6;8.8
68;2021-04-21;2831;2477;144711;69740;19.0;9.1
68;2021-04-22;3287;1975;147998;71715;19.4;9.4
68;2021-04-23;3413;2074;151411;73789;19.8;9.7
68;2021-04-24;842;488;152253;74277;19.9;9.7
68;2021-04-25;214;20;152467;74297;20.0;9.7
68;2021-04-26;2329;2108;154796;76405;20.3;10.0
68;2021-04-27;2600;2217;157396;78622;20.6;10.3
68;2021-04-28;3573;1763;160969;80385;21.1;10.5
68;2021-04-29;4165;1748;165134;82133;21.6;10.8
68;2021-04-30;4833;1368;169967;83501;22.3;10.9
68;2021-05-01;947;122;170914;83623;22.4;11.0
68;2021-05-02;732;70;171646;83693;22.5;11.0
68;2021-05-03;3623;1817;175269;85510;23.0;11.2
68;2021-05-04;3936;2363;179205;87873;23.5;11.5
68;2021-05-05;3632;3244;182837;91117;24.0;11.9
68;2021-05-06;4806;2867;187643;93984;24.6;12.3
68;2021-05-07;4519;2909;192162;96893;25.2;12.7
68;2021-05-08;1671;211;193833;97104;25.4;12.7
68;2021-05-09;1077;107;194910;97211;25.5;12.7
68;2021-05-10;3159;3721;198069;100932;26.0;13.2
68;2021-05-11;4717;3620;202786;104552;26.6;13.7
68;2021-05-12;5789;3295;208575;107847;27.3;14.1
68;2021-05-13;4763;839;213338;108686;28.0;14.2
68;2021-05-14;5962;2136;219300;110822;28.7;14.5
68;2021-05-15;3560;911;222860;111733;29.2;14.6
68;2021-05-16;669;122;223529;111855;29.3;14.7
68;2021-05-17;4448;2497;227977;114352;29.9;15.0
68;2021-05-18;6139;2306;234116;116658;30.7;15.3
68;2021-05-19;5869;2888;239985;119546;31.4;15.7
68;2021-05-20;5930;2419;245915;121965;32.2;16.0
68;2021-05-21;5779;2870;251694;124835;33.0;16.4
68;2021-05-22;2578;926;254272;125761;33.3;16.5
68;2021-05-23;15;17;254287;125778;33.3;16.5
68;2021-05-24;2307;969;256594;126747;33.6;16.6
68;2021-05-25;4346;3439;260940;130186;34.2;17.1
68;2021-05-26;4883;3383;265823;133569;34.8;17.5
68;2021-05-27;5408;3408;271231;136977;35.5;17.9
68;2021-05-28;5619;3733;276850;140710;36.3;18.4
68;2021-05-29;1538;1187;278388;141897;36.5;18.6
68;2021-05-30;41;46;278429;141943;36.5;18.6
68;2021-05-31;5161;2364;283590;144307;37.2;18.9
68;2021-06-01;5989;2802;289579;147109;37.9;19.3
68;2021-06-02;4887;3013;294466;150122;38.6;19.7
68;2021-06-03;5941;3100;300407;153222;39.4;20.1
68;2021-06-04;4897;3304;305304;156526;40.0;20.5
68;2021-06-05;780;1169;306084;157695;40.1;20.7
68;2021-06-06;69;115;306153;157810;40.1;20.7
68;2021-06-07;4758;3036;310911;160846;40.7;21.1
68;2021-06-08;4940;3557;315851;164403;41.4;21.5
68;2021-06-09;4993;3446;320844;167849;42.0;22.0
68;2021-06-10;5202;3148;326046;170997;42.7;22.4
68;2021-06-11;5059;4154;331105;175151;43.4;22.9
68;2021-06-12;3035;1768;334140;176919;43.8;23.2
68;2021-06-13;515;682;334655;177601;43.8;23.3
68;2021-06-14;2518;4392;337173;181993;44.2;23.8
68;2021-06-15;3111;4724;340284;186717;44.6;24.5
68;2021-06-16;3389;4442;343673;191159;45.0;25.0
68;2021-06-17;2360;4460;346033;195619;45.3;25.6
68;2021-06-18;3356;5178;349389;200797;45.8;26.3
68;2021-06-19;2255;2170;351644;202967;46.1;26.6
68;2021-06-20;258;893;351902;203860;46.1;26.7
68;2021-06-21;2062;5154;353964;209014;46.4;27.4
68;2021-06-22;1901;5177;355865;214191;46.6;28.1
68;2021-06-23;2317;5744;358182;219935;46.9;28.8
68;2021-06-24;2155;4898;360337;224833;47.2;29.5
68;2021-06-25;2287;6660;362624;231493;47.5;30.3
68;2021-06-26;1304;2608;363928;234101;47.7;30.7
68;2021-06-27;151;880;364079;234981;47.7;30.8
68;2021-06-28;1601;6443;365680;241424;47.9;31.6
68;2021-06-29;1538;6635;367218;248059;48.1;32.5
68;2021-06-30;1798;6554;369016;254613;48.4;33.4
68;2021-07-01;2110;5351;371126;259964;48.6;34.1
68;2021-07-02;2101;6484;373227;266448;48.9;34.9
68;2021-07-03;988;1936;374215;268384;49.0;35.2
68;2021-07-04;242;201;374457;268585;49.1;35.2
68;2021-07-05;1458;5519;375915;274104;49.3;35.9
68;2021-07-06;2004;5886;377919;279990;49.5;36.7
68;2021-07-07;2456;4974;380375;284964;49.8;37.3
68;2021-07-08;2434;4751;382809;289715;50.2;38.0
68;2021-07-09;2092;7368;384901;297083;50.4;38.9
68;2021-07-10;1023;2003;385924;299086;50.6;39.2
68;2021-07-11;145;155;386069;299241;50.6;39.2
68;2021-07-12;1640;6774;387709;306015;50.8;40.1
68;2021-07-13;2902;6548;390611;312563;51.2;41.0
68;2021-07-14;1842;982;392453;313545;51.4;41.1
68;2021-07-15;3185;6654;395638;320199;51.8;42.0
68;2021-07-16;3813;6760;399451;326959;52.3;42.8
68;2021-07-17;3363;2297;402814;329256;52.8;43.1
68;2021-07-18;1054;230;403868;329486;52.9;43.2
68;2021-07-19;3047;6088;406915;335574;53.3;44.0
68;2021-07-20;4002;5677;410917;341251;53.8;44.7
68;2021-07-21;4336;5826;415253;347077;54.4;45.5
68;2021-07-22;4184;4845;419437;351922;55.0;46.1
68;2021-07-23;5034;5759;424471;357681;55.6;46.9
68;2021-07-24;3346;2128;427817;359809;56.1;47.1
68;2021-07-25;823;535;428640;360344;56.2;47.2
68;2021-07-26;4833;4447;433473;364791;56.8;47.8
68;2021-07-27;6357;3752;439830;368543;57.6;48.3
68;2021-07-28;6844;3880;446674;372423;58.5;48.8
68;2021-07-29;6383;3418;453057;375841;59.4;49.2
68;2021-07-30;6329;4370;459386;380211;60.2;49.8
68;2021-07-31;3904;1426;463290;381637;60.7;50.0
68;2021-08-01;1645;483;464935;382120;60.9;50.1
68;2021-08-02;4589;3138;469524;385258;61.5;50.5
68;2021-08-03;3526;2436;473050;387694;62.0;50.8
68;2021-08-04;3128;2686;476178;390380;62.4;51.2
68;2021-08-05;2731;2635;478909;393015;62.7;51.5
68;2021-08-06;3980;4313;482889;397328;63.3;52.1
68;2021-08-07;1224;1303;484113;398631;63.4;52.2
68;2021-08-08;362;812;484475;399443;63.5;52.3
68;2021-08-09;2561;3681;487036;403124;63.8;52.8
68;2021-08-10;2204;2780;489240;405904;64.1;53.2
68;2021-08-11;1896;2723;491136;408627;64.4;53.5
68;2021-08-12;1738;2660;492874;411287;64.6;53.9
68;2021-08-13;2694;4756;495568;416043;64.9;54.5
68;2021-08-14;707;1436;496275;417479;65.0;54.7
68;2021-08-15;45;446;496320;417925;65.0;54.8
68;2021-08-16;1990;5052;498310;422977;65.3;55.4
68;2021-08-17;1789;4841;500099;427818;65.5;56.1
68;2021-08-18;1170;3685;501269;431503;65.7;56.5
68;2021-08-19;1355;3739;502624;435242;65.9;57.0
68;2021-08-20;2201;6048;504825;441290;66.1;57.8
68;2021-08-21;486;1376;505311;442666;66.2;58.0
68;2021-08-22;112;454;505423;443120;66.2;58.1
68;2021-08-23;1183;5414;506606;448534;66.4;58.8
69;2020-12-27;3;0;3;0;0.0;0.0
69;2020-12-28;8;0;11;0;0.0;0.0
69;2020-12-29;5;0;16;0;0.0;0.0
69;2020-12-30;6;0;22;0;0.0;0.0
69;2020-12-31;10;0;32;0;0.0;0.0
69;2021-01-01;2;0;34;0;0.0;0.0
69;2021-01-02;1;0;35;0;0.0;0.0
69;2021-01-03;1;0;36;0;0.0;0.0
69;2021-01-04;11;0;47;0;0.0;0.0
69;2021-01-05;215;0;262;0;0.0;0.0
69;2021-01-06;509;0;771;0;0.0;0.0
69;2021-01-07;812;0;1583;0;0.1;0.0
69;2021-01-08;826;0;2409;0;0.1;0.0
69;2021-01-09;39;1;2448;1;0.1;0.0
69;2021-01-10;3;1;2451;2;0.1;0.0
69;2021-01-11;1135;2;3586;4;0.2;0.0
69;2021-01-12;1396;7;4982;11;0.3;0.0
69;2021-01-13;1392;3;6374;14;0.3;0.0
69;2021-01-14;2273;21;8647;35;0.5;0.0
69;2021-01-15;1826;8;10473;43;0.6;0.0
69;2021-01-16;928;4;11401;47;0.6;0.0
69;2021-01-17;260;2;11661;49;0.6;0.0
69;2021-01-18;1694;18;13355;67;0.7;0.0
69;2021-01-19;3512;35;16867;102;0.9;0.0
69;2021-01-20;4453;29;21320;131;1.1;0.0
69;2021-01-21;4070;29;25390;160;1.4;0.0
69;2021-01-22;3163;20;28553;180;1.5;0.0
69;2021-01-23;1285;5;29838;185;1.6;0.0
69;2021-01-24;101;1;29939;186;1.6;0.0
69;2021-01-25;2238;42;32177;228;1.7;0.0
69;2021-01-26;2563;90;34740;318;1.9;0.0
69;2021-01-27;2355;177;37095;495;2.0;0.0
69;2021-01-28;2237;377;39332;872;2.1;0.0
69;2021-01-29;2112;290;41444;1162;2.2;0.1
69;2021-01-30;889;3;42333;1165;2.3;0.1
69;2021-01-31;65;0;42398;1165;2.3;0.1
69;2021-02-01;1112;401;43510;1566;2.3;0.1
69;2021-02-02;1552;413;45062;1979;2.4;0.1
69;2021-02-03;1443;538;46505;2517;2.5;0.1
69;2021-02-04;1794;951;48299;3468;2.6;0.2
69;2021-02-05;820;823;49119;4291;2.6;0.2
69;2021-02-06;369;53;49488;4344;2.6;0.2
69;2021-02-07;0;0;49488;4344;2.6;0.2
69;2021-02-08;1133;1077;50621;5421;2.7;0.3
69;2021-02-09;2049;2112;52670;7533;2.8;0.4
69;2021-02-10;1855;2648;54525;10181;2.9;0.5
69;2021-02-11;1864;3293;56389;13474;3.0;0.7
69;2021-02-12;1900;2108;58289;15582;3.1;0.8
69;2021-02-13;458;799;58747;16381;3.1;0.9
69;2021-02-14;89;40;58836;16421;3.1;0.9
69;2021-02-15;1014;1770;59850;18191;3.2;1.0
69;2021-02-16;984;2444;60834;20635;3.2;1.1
69;2021-02-17;1027;2392;61861;23027;3.3;1.2
69;2021-02-18;967;2310;62828;25337;3.3;1.4
69;2021-02-19;891;1876;63719;27213;3.4;1.5
69;2021-02-20;321;912;64040;28125;3.4;1.5
69;2021-02-21;53;68;64093;28193;3.4;1.5
69;2021-02-22;610;2099;64703;30292;3.4;1.6
69;2021-02-23;740;2228;65443;32520;3.5;1.7
69;2021-02-24;972;2248;66415;34768;3.5;1.9
69;2021-02-25;2216;2682;68631;37450;3.7;2.0
69;2021-02-26;2775;1926;71406;39376;3.8;2.1
69;2021-02-27;924;574;72330;39950;3.9;2.1
69;2021-02-28;148;104;72478;40054;3.9;2.1
69;2021-03-01;2164;915;74642;40969;4.0;2.2
69;2021-03-02;3297;1404;77939;42373;4.2;2.3
69;2021-03-03;3670;1232;81609;43605;4.4;2.3
69;2021-03-04;4881;1295;86490;44900;4.6;2.4
69;2021-03-05;5874;1266;92364;46166;4.9;2.5
69;2021-03-06;3415;423;95779;46589;5.1;2.5
69;2021-03-07;640;42;96419;46631;5.1;2.5
69;2021-03-08;2957;1123;99376;47754;5.3;2.5
69;2021-03-09;4609;1268;103985;49022;5.5;2.6
69;2021-03-10;5067;1056;109052;50078;5.8;2.7
69;2021-03-11;6601;1055;115653;51133;6.2;2.7
69;2021-03-12;8856;1218;124509;52351;6.6;2.8
69;2021-03-13;4928;243;129437;52594;6.9;2.8
69;2021-03-14;2742;148;132179;52742;7.0;2.8
69;2021-03-15;4807;721;136986;53463;7.3;2.8
69;2021-03-16;3818;650;140804;54113;7.5;2.9
69;2021-03-17;3951;895;144755;55008;7.7;2.9
69;2021-03-18;4966;1616;149721;56624;8.0;3.0
69;2021-03-19;6688;1068;156409;57692;8.3;3.1
69;2021-03-20;3592;274;160001;57966;8.5;3.1
69;2021-03-21;1977;95;161978;58061;8.6;3.1
69;2021-03-22;4548;814;166526;58875;8.9;3.1
69;2021-03-23;7365;831;173891;59706;9.3;3.2
69;2021-03-24;6454;1009;180345;60715;9.6;3.2
69;2021-03-25;8587;1122;188932;61837;10.1;3.3
69;2021-03-26;8813;1251;197745;63088;10.5;3.4
69;2021-03-27;3155;799;200900;63887;10.7;3.4
69;2021-03-28;2216;190;203116;64077;10.8;3.4
69;2021-03-29;4098;2195;207214;66272;11.0;3.5
69;2021-03-30;7645;2547;214859;68819;11.5;3.7
69;2021-03-31;6357;3177;221216;71996;11.8;3.8
69;2021-04-01;8454;2745;229670;74741;12.2;4.0
69;2021-04-02;8312;3132;237982;77873;12.7;4.2
69;2021-04-03;5423;2167;243405;80040;13.0;4.3
69;2021-04-04;6611;551;250016;80591;13.3;4.3
69;2021-04-05;6193;817;256209;81408;13.7;4.3
69;2021-04-06;5114;3487;261323;84895;13.9;4.5
69;2021-04-07;5169;3899;266492;88794;14.2;4.7
69;2021-04-08;6425;4062;272917;92856;14.5;4.9
69;2021-04-09;9165;3782;282082;96638;15.0;5.2
69;2021-04-10;3053;2505;285135;99143;15.2;5.3
69;2021-04-11;2039;1900;287174;101043;15.3;5.4
69;2021-04-12;5471;3582;292645;104625;15.6;5.6
69;2021-04-13;7070;4126;299715;108751;16.0;5.8
69;2021-04-14;6717;4154;306432;112905;16.3;6.0
69;2021-04-15;7931;4597;314363;117502;16.8;6.3
69;2021-04-16;7864;4505;322227;122007;17.2;6.5
69;2021-04-17;5038;2318;327265;124325;17.4;6.6
69;2021-04-18;1715;1796;328980;126121;17.5;6.7
69;2021-04-19;7020;3778;336000;129899;17.9;6.9
69;2021-04-20;6486;4759;342486;134658;18.3;7.2
69;2021-04-21;5688;4418;348174;139076;18.6;7.4
69;2021-04-22;6427;5441;354601;144517;18.9;7.7
69;2021-04-23;6734;4900;361335;149417;19.3;8.0
69;2021-04-24;3157;2029;364492;151446;19.4;8.1
69;2021-04-25;2119;1545;366611;152991;19.5;8.2
69;2021-04-26;4498;3882;371109;156873;19.8;8.4
69;2021-04-27;6516;5333;377625;162206;20.1;8.6
69;2021-04-28;6275;4866;383900;167072;20.5;8.9
69;2021-04-29;6701;5397;390601;172469;20.8;9.2
69;2021-04-30;6931;6178;397532;178647;21.2;9.5
69;2021-05-01;3301;644;400833;179291;21.4;9.6
69;2021-05-02;1627;5886;402460;185177;21.5;9.9
69;2021-05-03;5858;8250;408318;193427;21.8;10.3
69;2021-05-04;7608;8171;415926;201598;22.2;10.7
69;2021-05-05;11211;5642;427137;207240;22.8;11.0
69;2021-05-06;12474;6294;439611;213534;23.4;11.4
69;2021-05-07;11687;7167;451298;220701;24.1;11.8
69;2021-05-08;4304;1653;455602;222354;24.3;11.9
69;2021-05-09;6635;2684;462237;225038;24.6;12.0
69;2021-05-10;6936;6067;469173;231105;25.0;12.3
69;2021-05-11;9829;7044;479002;238149;25.5;12.7
69;2021-05-12;12462;6817;491464;244966;26.2;13.1
69;2021-05-13;10841;2560;502305;247526;26.8;13.2
69;2021-05-14;12591;5225;514896;252751;27.4;13.5
69;2021-05-15;9142;2597;524038;255348;27.9;13.6
69;2021-05-16;8408;1877;532446;257225;28.4;13.7
69;2021-05-17;11307;5657;543753;262882;29.0;14.0
69;2021-05-18;13226;6406;556979;269288;29.7;14.4
69;2021-05-19;13700;5898;570679;275186;30.4;14.7
69;2021-05-20;11385;6092;582064;281278;31.0;15.0
69;2021-05-21;11044;6569;593108;287847;31.6;15.3
69;2021-05-22;5579;2575;598687;290422;31.9;15.5
69;2021-05-23;4569;1546;603256;291968;32.2;15.6
69;2021-05-24;8431;1865;611687;293833;32.6;15.7
69;2021-05-25;9747;6178;621434;300011;33.1;16.0
69;2021-05-26;10287;6118;631721;306129;33.7;16.3
69;2021-05-27;10436;6791;642157;312920;34.2;16.7
69;2021-05-28;11620;8752;653777;321672;34.8;17.1
69;2021-05-29;7393;6047;661170;327719;35.2;17.5
69;2021-05-30;7385;3170;668555;330889;35.6;17.6
69;2021-05-31;10963;6383;679518;337272;36.2;18.0
69;2021-06-01;12843;7523;692361;344795;36.9;18.4
69;2021-06-02;14897;6719;707258;351514;37.7;18.7
69;2021-06-03;16644;7434;723902;358948;38.6;19.1
69;2021-06-04;16207;8567;740109;367515;39.5;19.6
69;2021-06-05;10109;3415;750218;370930;40.0;19.8
69;2021-06-06;7490;1718;757708;372648;40.4;19.9
69;2021-06-07;12821;7040;770529;379688;41.1;20.2
69;2021-06-08;16380;8286;786909;387974;41.9;20.7
69;2021-06-09;15220;7365;802129;395339;42.8;21.1
69;2021-06-10;16280;7335;818409;402674;43.6;21.5
69;2021-06-11;16657;9698;835066;412372;44.5;22.0
69;2021-06-12;8538;4188;843604;416560;45.0;22.2
69;2021-06-13;5624;2146;849228;418706;45.3;22.3
69;2021-06-14;8586;9101;857814;427807;45.7;22.8
69;2021-06-15;10945;11028;868759;438835;46.3;23.4
69;2021-06-16;11352;12332;880111;451167;46.9;24.0
69;2021-06-17;11475;13256;891586;464423;47.5;24.8
69;2021-06-18;12078;14785;903664;479208;48.2;25.5
69;2021-06-19;6831;8352;910495;487560;48.5;26.0
69;2021-06-20;5276;4765;915771;492325;48.8;26.2
69;2021-06-21;6557;12125;922328;504450;49.2;26.9
69;2021-06-22;7216;13840;929544;518290;49.5;27.6
69;2021-06-23;8358;13039;937902;531329;50.0;28.3
69;2021-06-24;9300;13745;947202;545074;50.5;29.1
69;2021-06-25;7075;16314;954277;561388;50.9;29.9
69;2021-06-26;3952;9079;958229;570467;51.1;30.4
69;2021-06-27;3291;7421;961520;577888;51.3;30.8
69;2021-06-28;4549;14889;966069;592777;51.5;31.6
69;2021-06-29;5371;15661;971440;608438;51.8;32.4
69;2021-06-30;6393;14458;977833;622896;52.1;33.2
69;2021-07-01;8411;11974;986244;634870;52.6;33.8
69;2021-07-02;9675;14129;995919;648999;53.1;34.6
69;2021-07-03;5993;7773;1001912;656772;53.4;35.0
69;2021-07-04;4151;5551;1006063;662323;53.6;35.3
69;2021-07-05;6210;13024;1012273;675347;54.0;36.0
69;2021-07-06;5557;14287;1017830;689634;54.3;36.8
69;2021-07-07;7299;13565;1025129;703199;54.6;37.5
69;2021-07-08;7548;13414;1032677;716613;55.0;38.2
69;2021-07-09;7544;16474;1040221;733087;55.4;39.1
69;2021-07-10;3117;10319;1043338;743406;55.6;39.6
69;2021-07-11;4331;5832;1047669;749238;55.8;39.9
69;2021-07-12;4126;16973;1051795;766211;56.1;40.8
69;2021-07-13;6188;20737;1057983;786948;56.4;41.9
69;2021-07-14;5040;8496;1063023;795444;56.7;42.4
69;2021-07-15;7464;22600;1070487;818044;57.1;43.6
69;2021-07-16;9661;20144;1080148;838188;57.6;44.7
69;2021-07-17;4873;12238;1085021;850426;57.8;45.3
69;2021-07-18;3413;8903;1088434;859329;58.0;45.8
69;2021-07-19;6650;16469;1095084;875798;58.4;46.7
69;2021-07-20;9310;19313;1104394;895111;58.9;47.7
69;2021-07-21;9302;17414;1113696;912525;59.4;48.6
69;2021-07-22;11389;16447;1125085;928972;60.0;49.5
69;2021-07-23;10967;17678;1136052;946650;60.6;50.5
69;2021-07-24;5557;11052;1141609;957702;60.9;51.0
69;2021-07-25;4698;6628;1146307;964330;61.1;51.4
69;2021-07-26;8722;12958;1155029;977288;61.6;52.1
69;2021-07-27;12826;12166;1167855;989454;62.3;52.7
69;2021-07-28;12007;12143;1179862;1001597;62.9;53.4
69;2021-07-29;14666;12315;1194528;1013912;63.7;54.0
69;2021-07-30;13691;12237;1208219;1026149;64.4;54.7
69;2021-07-31;8131;7234;1216350;1033383;64.8;55.1
69;2021-08-01;5013;5862;1221363;1039245;65.1;55.4
69;2021-08-02;10319;9582;1231682;1048827;65.7;55.9
69;2021-08-03;12692;8975;1244374;1057802;66.3;56.4
69;2021-08-04;12309;8125;1256683;1065927;67.0;56.8
69;2021-08-05;10777;7500;1267460;1073427;67.6;57.2
69;2021-08-06;9500;7771;1276960;1081198;68.1;57.6
69;2021-08-07;4718;4806;1281678;1086004;68.3;57.9
69;2021-08-08;4260;3550;1285938;1089554;68.5;58.1
69;2021-08-09;6874;9195;1292812;1098749;68.9;58.6
69;2021-08-10;7690;7002;1300502;1105751;69.3;58.9
69;2021-08-11;7512;8096;1308014;1113847;69.7;59.4
69;2021-08-12;6951;7318;1314965;1121165;70.1;59.8
69;2021-08-13;6244;8334;1321209;1129499;70.4;60.2
69;2021-08-14;4157;5356;1325366;1134855;70.6;60.5
69;2021-08-15;2337;2519;1327703;1137374;70.8;60.6
69;2021-08-16;4857;8864;1332560;1146238;71.0;61.1
69;2021-08-17;6119;8249;1338679;1154487;71.4;61.5
69;2021-08-18;5963;9430;1344642;1163917;71.7;62.0
69;2021-08-19;6009;9281;1350651;1173198;72.0;62.5
69;2021-08-20;5672;8773;1356323;1181971;72.3;63.0
69;2021-08-21;2689;3940;1359012;1185911;72.4;63.2
69;2021-08-22;1849;2408;1360861;1188319;72.5;63.3
69;2021-08-23;3472;12328;1364333;1200647;72.7;64.0
70;2020-12-27;0;0;0;0;0.0;0.0
70;2020-12-28;0;0;0;0;0.0;0.0
70;2020-12-29;0;0;0;0;0.0;0.0
70;2020-12-30;0;0;0;0;0.0;0.0
70;2020-12-31;0;0;0;0;0.0;0.0
70;2021-01-01;0;0;0;0;0.0;0.0
70;2021-01-02;0;0;0;0;0.0;0.0
70;2021-01-03;0;0;0;0;0.0;0.0
70;2021-01-04;0;0;0;0;0.0;0.0
70;2021-01-05;0;0;0;0;0.0;0.0
70;2021-01-06;24;0;24;0;0.0;0.0
70;2021-01-07;121;0;145;0;0.1;0.0
70;2021-01-08;22;0;167;0;0.1;0.0
70;2021-01-09;0;0;167;0;0.1;0.0
70;2021-01-10;0;0;167;0;0.1;0.0
70;2021-01-11;148;1;315;1;0.1;0.0
70;2021-01-12;201;1;516;2;0.2;0.0
70;2021-01-13;172;2;688;4;0.3;0.0
70;2021-01-14;149;6;837;10;0.4;0.0
70;2021-01-15;153;1;990;11;0.4;0.0
70;2021-01-16;65;0;1055;11;0.5;0.0
70;2021-01-17;0;0;1055;11;0.5;0.0
70;2021-01-18;394;0;1449;11;0.6;0.0
70;2021-01-19;503;2;1952;13;0.8;0.0
70;2021-01-20;494;2;2446;15;1.0;0.0
70;2021-01-21;673;2;3119;17;1.3;0.0
70;2021-01-22;458;3;3577;20;1.5;0.0
70;2021-01-23;261;2;3838;22;1.6;0.0
70;2021-01-24;4;0;3842;22;1.6;0.0
70;2021-01-25;371;1;4213;23;1.8;0.0
70;2021-01-26;335;1;4548;24;2.0;0.0
70;2021-01-27;329;10;4877;34;2.1;0.0
70;2021-01-28;365;36;5242;70;2.2;0.0
70;2021-01-29;329;52;5571;122;2.4;0.1
70;2021-01-30;228;1;5799;123;2.5;0.1
70;2021-01-31;0;0;5799;123;2.5;0.1
70;2021-02-01;260;52;6059;175;2.6;0.1
70;2021-02-02;272;98;6331;273;2.7;0.1
70;2021-02-03;251;61;6582;334;2.8;0.1
70;2021-02-04;264;122;6846;456;2.9;0.2
70;2021-02-05;254;75;7100;531;3.0;0.2
70;2021-02-06;209;38;7309;569;3.1;0.2
70;2021-02-07;0;0;7309;569;3.1;0.2
70;2021-02-08;178;233;7487;802;3.2;0.3
70;2021-02-09;205;231;7692;1033;3.3;0.4
70;2021-02-10;196;303;7888;1336;3.4;0.6
70;2021-02-11;351;331;8239;1667;3.5;0.7
70;2021-02-12;239;492;8478;2159;3.6;0.9
70;2021-02-13;75;211;8553;2370;3.7;1.0
70;2021-02-14;0;29;8553;2399;3.7;1.0
70;2021-02-15;70;340;8623;2739;3.7;1.2
70;2021-02-16;113;362;8736;3101;3.7;1.3
70;2021-02-17;167;305;8903;3406;3.8;1.5
70;2021-02-18;205;258;9108;3664;3.9;1.6
70;2021-02-19;197;206;9305;3870;4.0;1.7
70;2021-02-20;192;69;9497;3939;4.1;1.7
70;2021-02-21;1;0;9498;3939;4.1;1.7
70;2021-02-22;106;237;9604;4176;4.1;1.8
70;2021-02-23;125;260;9729;4436;4.2;1.9
70;2021-02-24;130;233;9859;4669;4.2;2.0
70;2021-02-25;315;257;10174;4926;4.4;2.1
70;2021-02-26;395;149;10569;5075;4.5;2.2
70;2021-02-27;147;202;10716;5277;4.6;2.3
70;2021-02-28;0;0;10716;5277;4.6;2.3
70;2021-03-01;249;242;10965;5519;4.7;2.4
70;2021-03-02;487;277;11452;5796;4.9;2.5
70;2021-03-03;467;260;11919;6056;5.1;2.6
70;2021-03-04;691;272;12610;6328;5.4;2.7
70;2021-03-05;766;261;13376;6589;5.7;2.8
70;2021-03-06;540;116;13916;6705;6.0;2.9
70;2021-03-07;216;23;14132;6728;6.1;2.9
70;2021-03-08;554;211;14686;6939;6.3;3.0
70;2021-03-09;866;176;15552;7115;6.7;3.1
70;2021-03-10;659;177;16211;7292;7.0;3.1
70;2021-03-11;698;256;16909;7548;7.3;3.2
70;2021-03-12;985;178;17894;7726;7.7;3.3
70;2021-03-13;582;120;18476;7846;7.9;3.4
70;2021-03-14;19;1;18495;7847;7.9;3.4
70;2021-03-15;774;110;19269;7957;8.3;3.4
70;2021-03-16;655;97;19924;8054;8.5;3.5
70;2021-03-17;595;183;20519;8237;8.8;3.5
70;2021-03-18;633;141;21152;8378;9.1;3.6
70;2021-03-19;1019;142;22171;8520;9.5;3.7
70;2021-03-20;641;186;22812;8706;9.8;3.7
70;2021-03-21;9;0;22821;8706;9.8;3.7
70;2021-03-22;757;98;23578;8804;10.1;3.8
70;2021-03-23;1309;160;24887;8964;10.7;3.8
70;2021-03-24;1270;108;26157;9072;11.2;3.9
70;2021-03-25;1245;199;27402;9271;11.8;4.0
70;2021-03-26;1487;296;28889;9567;12.4;4.1
70;2021-03-27;957;129;29846;9696;12.8;4.2
70;2021-03-28;0;10;29846;9706;12.8;4.2
70;2021-03-29;719;414;30565;10120;13.1;4.3
70;2021-03-30;1093;317;31658;10437;13.6;4.5
70;2021-03-31;878;317;32536;10754;14.0;4.6
70;2021-04-01;1154;426;33690;11180;14.4;4.8
70;2021-04-02;1310;346;35000;11526;15.0;4.9
70;2021-04-03;639;322;35639;11848;15.3;5.1
70;2021-04-04;10;0;35649;11848;15.3;5.1
70;2021-04-05;4;2;35653;11850;15.3;5.1
70;2021-04-06;831;555;36484;12405;15.6;5.3
70;2021-04-07;858;588;37342;12993;16.0;5.6
70;2021-04-08;1320;562;38662;13555;16.6;5.8
70;2021-04-09;1403;534;40065;14089;17.2;6.0
70;2021-04-10;859;348;40924;14437;17.5;6.2
70;2021-04-11;21;1;40945;14438;17.6;6.2
70;2021-04-12;695;659;41640;15097;17.9;6.5
70;2021-04-13;920;770;42560;15867;18.3;6.8
70;2021-04-14;815;577;43375;16444;18.6;7.1
70;2021-04-15;1079;605;44454;17049;19.1;7.3
70;2021-04-16;1243;554;45697;17603;19.6;7.5
70;2021-04-17;689;469;46386;18072;19.9;7.7
70;2021-04-18;59;4;46445;18076;19.9;7.8
70;2021-04-19;540;807;46985;18883;20.1;8.1
70;2021-04-20;664;855;47649;19738;20.4;8.5
70;2021-04-21;484;930;48133;20668;20.6;8.9
70;2021-04-22;776;800;48909;21468;21.0;9.2
70;2021-04-23;875;743;49784;22211;21.3;9.5
70;2021-04-24;432;642;50216;22853;21.5;9.8
70;2021-04-25;11;0;50227;22853;21.5;9.8
70;2021-04-26;925;603;51152;23456;21.9;10.1
70;2021-04-27;1209;752;52361;24208;22.5;10.4
70;2021-04-28;889;811;53250;25019;22.8;10.7
70;2021-04-29;1343;931;54593;25950;23.4;11.1
70;2021-04-30;1533;876;56126;26826;24.1;11.5
70;2021-05-01;1694;120;57820;26946;24.8;11.6
70;2021-05-02;2;0;57822;26946;24.8;11.6
70;2021-05-03;1191;579;59013;27525;25.3;11.8
70;2021-05-04;1354;754;60367;28279;25.9;12.1
70;2021-05-05;1190;875;61557;29154;26.4;12.5
70;2021-05-06;1846;1268;63403;30422;27.2;13.0
70;2021-05-07;2127;1242;65530;31664;28.1;13.6
70;2021-05-08;1341;191;66871;31855;28.7;13.7
70;2021-05-09;8;58;66879;31913;28.7;13.7
70;2021-05-10;960;946;67839;32859;29.1;14.1
70;2021-05-11;1239;1074;69078;33933;29.6;14.6
70;2021-05-12;1176;867;70254;34800;30.1;14.9
70;2021-05-13;1544;148;71798;34948;30.8;15.0
70;2021-05-14;2062;758;73860;35706;31.7;15.3
70;2021-05-15;2657;532;76517;36238;32.8;15.5
70;2021-05-16;999;72;77516;36310;33.2;15.6
70;2021-05-17;1238;386;78754;36696;33.8;15.7
70;2021-05-18;1296;591;80050;37287;34.3;16.0
70;2021-05-19;1476;480;81526;37767;35.0;16.2
70;2021-05-20;1780;633;83306;38400;35.7;16.5
70;2021-05-21;1693;822;84999;39222;36.4;16.8
70;2021-05-22;1221;665;86220;39887;37.0;17.1
70;2021-05-23;8;14;86228;39901;37.0;17.1
70;2021-05-24;227;26;86455;39927;37.1;17.1
70;2021-05-25;837;927;87292;40854;37.4;17.5
70;2021-05-26;1048;947;88340;41801;37.9;17.9
70;2021-05-27;1263;998;89603;42799;38.4;18.4
70;2021-05-28;1546;1161;91149;43960;39.1;18.9
70;2021-05-29;1371;587;92520;44547;39.7;19.1
70;2021-05-30;1;8;92521;44555;39.7;19.1
70;2021-05-31;969;678;93490;45233;40.1;19.4
70;2021-06-01;1213;849;94703;46082;40.6;19.8
70;2021-06-02;1264;680;95967;46762;41.2;20.1
70;2021-06-03;1430;839;97397;47601;41.8;20.4
70;2021-06-04;1335;1110;98732;48711;42.3;20.9
70;2021-06-05;1024;664;99756;49375;42.8;21.2
70;2021-06-06;599;79;100355;49454;43.0;21.2
70;2021-06-07;941;850;101296;50304;43.4;21.6
70;2021-06-08;1217;1185;102513;51489;44.0;22.1
70;2021-06-09;1156;987;103669;52476;44.5;22.5
70;2021-06-10;1568;830;105237;53306;45.1;22.9
70;2021-06-11;1586;1956;106823;55262;45.8;23.7
70;2021-06-12;829;1972;107652;57234;46.2;24.5
70;2021-06-13;142;14;107794;57248;46.2;24.5
70;2021-06-14;558;1245;108352;58493;46.5;25.1
70;2021-06-15;451;1507;108803;60000;46.7;25.7
70;2021-06-16;800;1393;109603;61393;47.0;26.3
70;2021-06-17;1150;2095;110753;63488;47.5;27.2
70;2021-06-18;997;2255;111750;65743;47.9;28.2
70;2021-06-19;1091;1640;112841;67383;48.4;28.9
70;2021-06-20;1;3;112842;67386;48.4;28.9
70;2021-06-21;692;1453;113534;68839;48.7;29.5
70;2021-06-22;654;1510;114188;70349;49.0;30.2
70;2021-06-23;662;1570;114850;71919;49.3;30.8
70;2021-06-24;877;2050;115727;73969;49.6;31.7
70;2021-06-25;682;2646;116409;76615;49.9;32.9
70;2021-06-26;943;2136;117352;78751;50.3;33.8
70;2021-06-27;141;761;117493;79512;50.4;34.1
70;2021-06-28;336;1350;117829;80862;50.5;34.7
70;2021-06-29;411;1610;118240;82472;50.7;35.4
70;2021-06-30;390;1635;118630;84107;50.9;36.1
70;2021-07-01;640;1751;119270;85858;51.1;36.8
70;2021-07-02;815;1577;120085;87435;51.5;37.5
70;2021-07-03;841;1082;120926;88517;51.9;38.0
70;2021-07-04;29;70;120955;88587;51.9;38.0
70;2021-07-05;610;1037;121565;89624;52.1;38.4
70;2021-07-06;681;1275;122246;90899;52.4;39.0
70;2021-07-07;508;1424;122754;92323;52.6;39.6
70;2021-07-08;816;1573;123570;93896;53.0;40.3
70;2021-07-09;871;1662;124441;95558;53.4;41.0
70;2021-07-10;831;1031;125272;96589;53.7;41.4
70;2021-07-11;7;20;125279;96609;53.7;41.4
70;2021-07-12;430;1393;125709;98002;53.9;42.0
70;2021-07-13;906;1868;126615;99870;54.3;42.8
70;2021-07-14;33;6;126648;99876;54.3;42.8
70;2021-07-15;1382;1693;128030;101569;54.9;43.6
70;2021-07-16;1627;2065;129657;103634;55.6;44.4
70;2021-07-17;1501;1452;131158;105086;56.2;45.1
70;2021-07-18;1144;640;132302;105726;56.7;45.3
70;2021-07-19;883;972;133185;106698;57.1;45.8
70;2021-07-20;1350;1353;134535;108051;57.7;46.3
70;2021-07-21;1285;1403;135820;109454;58.2;46.9
70;2021-07-22;1865;1824;137685;111278;59.0;47.7
70;2021-07-23;1828;2491;139513;113769;59.8;48.8
70;2021-07-24;1364;1805;140877;115574;60.4;49.6
70;2021-07-25;25;3;140902;115577;60.4;49.6
70;2021-07-26;1054;974;141956;116551;60.9;50.0
70;2021-07-27;1400;975;143356;117526;61.5;50.4
70;2021-07-28;1399;1163;144755;118689;62.1;50.9
70;2021-07-29;1873;1384;146628;120073;62.9;51.5
70;2021-07-30;1968;1345;148596;121418;63.7;52.1
70;2021-07-31;1744;1164;150340;122582;64.5;52.6
70;2021-08-01;1;4;150341;122586;64.5;52.6
70;2021-08-02;773;736;151114;123322;64.8;52.9
70;2021-08-03;1290;1038;152404;124360;65.4;53.3
70;2021-08-04;1209;919;153613;125279;65.9;53.7
70;2021-08-05;1657;1190;155270;126469;66.6;54.2
70;2021-08-06;1794;1332;157064;127801;67.4;54.8
70;2021-08-07;1190;1028;158254;128829;67.9;55.2
70;2021-08-08;35;28;158289;128857;67.9;55.3
70;2021-08-09;527;702;158816;129559;68.1;55.6
70;2021-08-10;896;1133;159712;130692;68.5;56.0
70;2021-08-11;806;723;160518;131415;68.8;56.4
70;2021-08-12;901;1273;161419;132688;69.2;56.9
70;2021-08-13;1040;1622;162459;134310;69.7;57.6
70;2021-08-14;770;968;163229;135278;70.0;58.0
70;2021-08-15;36;28;163265;135306;70.0;58.0
70;2021-08-16;544;906;163809;136212;70.2;58.4
70;2021-08-17;675;1194;164484;137406;70.5;58.9
70;2021-08-18;536;938;165020;138344;70.8;59.3
70;2021-08-19;565;1386;165585;139730;71.0;59.9
70;2021-08-20;509;1899;166094;141629;71.2;60.7
70;2021-08-21;447;1156;166541;142785;71.4;61.2
70;2021-08-22;2;6;166543;142791;71.4;61.2
70;2021-08-23;280;878;166823;143669;71.5;61.6
71;2020-12-27;0;0;0;0;0.0;0.0
71;2020-12-28;0;0;0;0;0.0;0.0
71;2020-12-29;0;0;0;0;0.0;0.0
71;2020-12-30;0;0;0;0;0.0;0.0
71;2020-12-31;0;0;0;0;0.0;0.0
71;2021-01-01;1;0;1;0;0.0;0.0
71;2021-01-02;0;0;1;0;0.0;0.0
71;2021-01-03;1;0;2;0;0.0;0.0
71;2021-01-04;1;0;3;0;0.0;0.0
71;2021-01-05;12;0;15;0;0.0;0.0
71;2021-01-06;72;0;87;0;0.0;0.0
71;2021-01-07;66;0;153;0;0.0;0.0
71;2021-01-08;146;0;299;0;0.1;0.0
71;2021-01-09;117;0;416;0;0.1;0.0
71;2021-01-10;1;0;417;0;0.1;0.0
71;2021-01-11;245;1;662;1;0.1;0.0
71;2021-01-12;846;1;1508;2;0.3;0.0
71;2021-01-13;563;2;2071;4;0.4;0.0
71;2021-01-14;581;9;2652;13;0.5;0.0
71;2021-01-15;666;2;3318;15;0.6;0.0
71;2021-01-16;9;0;3327;15;0.6;0.0
71;2021-01-17;0;0;3327;15;0.6;0.0
71;2021-01-18;1094;8;4421;23;0.8;0.0
71;2021-01-19;1692;7;6113;30;1.1;0.0
71;2021-01-20;1514;5;7627;35;1.4;0.0
71;2021-01-21;2058;17;9685;52;1.8;0.0
71;2021-01-22;1411;6;11096;58;2.0;0.0
71;2021-01-23;815;6;11911;64;2.2;0.0
71;2021-01-24;0;0;11911;64;2.2;0.0
71;2021-01-25;1065;6;12976;70;2.4;0.0
71;2021-01-26;1505;22;14481;92;2.6;0.0
71;2021-01-27;1248;33;15729;125;2.9;0.0
71;2021-01-28;1083;97;16812;222;3.1;0.0
71;2021-01-29;1014;143;17826;365;3.3;0.1
71;2021-01-30;605;2;18431;367;3.4;0.1
71;2021-01-31;1;15;18432;382;3.4;0.1
71;2021-02-01;751;238;19183;620;3.5;0.1
71;2021-02-02;753;357;19936;977;3.6;0.2
71;2021-02-03;817;424;20753;1401;3.8;0.3
71;2021-02-04;780;572;21533;1973;3.9;0.4
71;2021-02-05;705;524;22238;2497;4.1;0.5
71;2021-02-06;535;9;22773;2506;4.2;0.5
71;2021-02-07;4;50;22777;2556;4.2;0.5
71;2021-02-08;603;698;23380;3254;4.3;0.6
71;2021-02-09;370;1012;23750;4266;4.3;0.8
71;2021-02-10;412;991;24162;5257;4.4;1.0
71;2021-02-11;472;1180;24634;6437;4.5;1.2
71;2021-02-12;535;1037;25169;7474;4.6;1.4
71;2021-02-13;124;510;25293;7984;4.6;1.5
71;2021-02-14;1;7;25294;7991;4.6;1.5
71;2021-02-15;323;914;25617;8905;4.7;1.6
71;2021-02-16;442;1360;26059;10265;4.8;1.9
71;2021-02-17;427;1123;26486;11388;4.8;2.1
71;2021-02-18;548;933;27034;12321;4.9;2.2
71;2021-02-19;573;849;27607;13170;5.0;2.4
71;2021-02-20;224;381;27831;13551;5.1;2.5
71;2021-02-21;4;13;27835;13564;5.1;2.5
71;2021-02-22;237;873;28072;14437;5.1;2.6
71;2021-02-23;452;926;28524;15363;5.2;2.8
71;2021-02-24;444;724;28968;16087;5.3;2.9
71;2021-02-25;533;729;29501;16816;5.4;3.1
71;2021-02-26;830;532;30331;17348;5.5;3.2
71;2021-02-27;456;339;30787;17687;5.6;3.2
71;2021-02-28;54;14;30841;17701;5.6;3.2
71;2021-03-01;1188;680;32029;18381;5.8;3.4
71;2021-03-02;1574;644;33603;19025;6.1;3.5
71;2021-03-03;1819;772;35422;19797;6.5;3.6
71;2021-03-04;2003;822;37425;20619;6.8;3.8
71;2021-03-05;2288;693;39713;21312;7.2;3.9
71;2021-03-06;755;65;40468;21377;7.4;3.9
71;2021-03-07;40;21;40508;21398;7.4;3.9
71;2021-03-08;1452;784;41960;22182;7.7;4.0
71;2021-03-09;2160;533;44120;22715;8.1;4.1
71;2021-03-10;2172;472;46292;23187;8.5;4.2
71;2021-03-11;2630;670;48922;23857;8.9;4.4
71;2021-03-12;2606;624;51528;24481;9.4;4.5
71;2021-03-13;995;101;52523;24582;9.6;4.5
71;2021-03-14;35;0;52558;24582;9.6;4.5
71;2021-03-15;1798;498;54356;25080;9.9;4.6
71;2021-03-16;1821;200;56177;25280;10.3;4.6
71;2021-03-17;2134;250;58311;25530;10.6;4.7
71;2021-03-18;1953;437;60264;25967;11.0;4.7
71;2021-03-19;2370;332;62634;26299;11.4;4.8
71;2021-03-20;1084;39;63718;26338;11.6;4.8
71;2021-03-21;17;5;63735;26343;11.6;4.8
71;2021-03-22;2576;379;66311;26722;12.1;4.9
71;2021-03-23;3347;509;69658;27231;12.7;5.0
71;2021-03-24;3348;463;73006;27694;13.3;5.1
71;2021-03-25;4027;589;77033;28283;14.1;5.2
71;2021-03-26;4056;340;81089;28623;14.8;5.2
71;2021-03-27;998;108;82087;28731;15.0;5.2
71;2021-03-28;57;8;82144;28739;15.0;5.2
71;2021-03-29;2409;1175;84553;29914;15.4;5.5
71;2021-03-30;2952;1361;87505;31275;16.0;5.7
71;2021-03-31;2550;1527;90055;32802;16.4;6.0
71;2021-04-01;2717;1301;92772;34103;16.9;6.2
71;2021-04-02;2504;1423;95276;35526;17.4;6.5
71;2021-04-03;268;34;95544;35560;17.4;6.5
71;2021-04-04;6;0;95550;35560;17.4;6.5
71;2021-04-05;61;0;95611;35560;17.5;6.5
71;2021-04-06;2259;1878;97870;37438;17.9;6.8
71;2021-04-07;2391;1794;100261;39232;18.3;7.2
71;2021-04-08;3283;1807;103544;41039;18.9;7.5
71;2021-04-09;4041;1672;107585;42711;19.6;7.8
71;2021-04-10;769;46;108354;42757;19.8;7.8
71;2021-04-11;100;3;108454;42760;19.8;7.8
71;2021-04-12;2355;1704;110809;44464;20.2;8.1
71;2021-04-13;2584;1890;113393;46354;20.7;8.5
71;2021-04-14;2373;1922;115766;48276;21.1;8.8
71;2021-04-15;2778;1690;118544;49966;21.6;9.1
71;2021-04-16;2628;1650;121172;51616;22.1;9.4
71;2021-04-17;952;344;122124;51960;22.3;9.5
71;2021-04-18;106;6;122230;51966;22.3;9.5
71;2021-04-19;1759;2573;123989;54539;22.6;10.0
71;2021-04-20;2220;2602;126209;57141;23.0;10.4
71;2021-04-21;2125;2594;128334;59735;23.4;10.9
71;2021-04-22;2511;2446;130845;62181;23.9;11.4
71;2021-04-23;2921;2271;133766;64452;24.4;11.8
71;2021-04-24;517;53;134283;64505;24.5;11.8
71;2021-04-25;26;0;134309;64505;24.5;11.8
71;2021-04-26;2567;2136;136876;66641;25.0;12.2
71;2021-04-27;2989;2266;139865;68907;25.5;12.6
71;2021-04-28;3075;2131;142940;71038;26.1;13.0
71;2021-04-29;3779;2236;146719;73274;26.8;13.4
71;2021-04-30;3928;1729;150647;75003;27.5;13.7
71;2021-05-01;39;53;150686;75056;27.5;13.7
71;2021-05-02;23;18;150709;75074;27.5;13.7
71;2021-05-03;4290;1386;154999;76460;28.3;14.0
71;2021-05-04;2956;2358;157955;78818;28.8;14.4
71;2021-05-05;3426;2095;161381;80913;29.5;14.8
71;2021-05-06;3466;2370;164847;83283;30.1;15.2
71;2021-05-07;3677;2814;168524;86097;30.8;15.7
71;2021-05-08;180;183;168704;86280;30.8;15.7
71;2021-05-09;44;47;168748;86327;30.8;15.8
71;2021-05-10;3700;2285;172448;88612;31.5;16.2
71;2021-05-11;4663;2361;177111;90973;32.3;16.6
71;2021-05-12;3976;2602;181087;93575;33.1;17.1
71;2021-05-13;1576;154;182663;93729;33.3;17.1
71;2021-05-14;3765;2194;186428;95923;34.0;17.5
71;2021-05-15;242;329;186670;96252;34.1;17.6
71;2021-05-16;2;0;186672;96252;34.1;17.6
71;2021-05-17;3864;1886;190536;98138;34.8;17.9
71;2021-05-18;3496;2428;194032;100566;35.4;18.4
71;2021-05-19;3719;2281;197751;102847;36.1;18.8
71;2021-05-20;4182;2300;201933;105147;36.9;19.2
71;2021-05-21;3724;2576;205657;107723;37.5;19.7
71;2021-05-22;168;306;205825;108029;37.6;19.7
71;2021-05-23;14;55;205839;108084;37.6;19.7
71;2021-05-24;18;96;205857;108180;37.6;19.7
71;2021-05-25;2690;3007;208547;111187;38.1;20.3
71;2021-05-26;2973;2432;211520;113619;38.6;20.7
71;2021-05-27;3387;2589;214907;116208;39.2;21.2
71;2021-05-28;2920;3164;217827;119372;39.8;21.8
71;2021-05-29;482;660;218309;120032;39.9;21.9
71;2021-05-30;75;57;218384;120089;39.9;21.9
71;2021-05-31;2776;3458;221160;123547;40.4;22.6
71;2021-06-01;3674;3542;224834;127089;41.0;23.2
71;2021-06-02;3996;2623;228830;129712;41.8;23.7
71;2021-06-03;4436;2529;233266;132241;42.6;24.1
71;2021-06-04;3717;3714;236983;135955;43.3;24.8
71;2021-06-05;683;646;237666;136601;43.4;24.9
71;2021-06-06;57;91;237723;136692;43.4;25.0
71;2021-06-07;3283;4150;241006;140842;44.0;25.7
71;2021-06-08;3898;4014;244904;144856;44.7;26.4
71;2021-06-09;4694;2751;249598;147607;45.6;26.9
71;2021-06-10;5269;2745;254867;150352;46.5;27.4
71;2021-06-11;4435;3722;259302;154074;47.3;28.1
71;2021-06-12;716;596;260018;154670;47.5;28.2
71;2021-06-13;104;187;260122;154857;47.5;28.3
71;2021-06-14;3512;3784;263634;158641;48.1;29.0
71;2021-06-15;4207;3560;267841;162201;48.9;29.6
71;2021-06-16;4596;2726;272437;164927;49.7;30.1
71;2021-06-17;4269;2998;276706;167925;50.5;30.7
71;2021-06-18;4325;3772;281031;171697;51.3;31.3
71;2021-06-19;1269;654;282300;172351;51.5;31.5
71;2021-06-20;37;27;282337;172378;51.5;31.5
71;2021-06-21;2270;4282;284607;176660;52.0;32.2
71;2021-06-22;2687;4356;287294;181016;52.4;33.0
71;2021-06-23;3061;3419;290355;184435;53.0;33.7
71;2021-06-24;3328;3021;293683;187456;53.6;34.2
71;2021-06-25;2654;4473;296337;191929;54.1;35.0
71;2021-06-26;372;551;296709;192480;54.2;35.1
71;2021-06-27;30;68;296739;192548;54.2;35.1
71;2021-06-28;1535;4623;298274;197171;54.4;36.0
71;2021-06-29;1992;4824;300266;201995;54.8;36.9
71;2021-06-30;2504;3936;302770;205931;55.3;37.6
71;2021-07-01;2826;3907;305596;209838;55.8;38.3
71;2021-07-02;3032;3984;308628;213822;56.3;39.0
71;2021-07-03;318;711;308946;214533;56.4;39.2
71;2021-07-04;28;132;308974;214665;56.4;39.2
71;2021-07-05;2477;4320;311451;218985;56.9;40.0
71;2021-07-06;2462;4566;313913;223551;57.3;40.8
71;2021-07-07;2984;3723;316897;227274;57.8;41.5
71;2021-07-08;2768;4113;319665;231387;58.4;42.2
71;2021-07-09;2381;5025;322046;236412;58.8;43.2
71;2021-07-10;211;655;322257;237067;58.8;43.3
71;2021-07-11;15;65;322272;237132;58.8;43.3
71;2021-07-12;1912;5309;324184;242441;59.2;44.3
71;2021-07-13;2541;5865;326725;248306;59.6;45.3
71;2021-07-14;949;400;327674;248706;59.8;45.4
71;2021-07-15;3020;5737;330694;254443;60.4;46.4
71;2021-07-16;3296;6011;333990;260454;61.0;47.5
71;2021-07-17;505;782;334495;261236;61.1;47.7
71;2021-07-18;89;93;334584;261329;61.1;47.7
71;2021-07-19;2862;5566;337446;266895;61.6;48.7
71;2021-07-20;3366;5918;340812;272813;62.2;49.8
71;2021-07-21;3410;5471;344222;278284;62.8;50.8
71;2021-07-22;3943;5339;348165;283623;63.6;51.8
71;2021-07-23;3234;5999;351399;289622;64.1;52.9
71;2021-07-24;705;598;352104;290220;64.3;53.0
71;2021-07-25;148;82;352252;290302;64.3;53.0
71;2021-07-26;3587;4900;355839;295202;65.0;53.9
71;2021-07-27;4080;5125;359919;300327;65.7;54.8
71;2021-07-28;4243;4822;364162;305149;66.5;55.7
71;2021-07-29;4200;4640;368362;309789;67.2;56.5
71;2021-07-30;4227;4920;372589;314709;68.0;57.4
71;2021-07-31;719;724;373308;315433;68.1;57.6
71;2021-08-01;104;35;373412;315468;68.2;57.6
71;2021-08-02;3953;3762;377365;319230;68.9;58.3
71;2021-08-03;4382;3822;381747;323052;69.7;59.0
71;2021-08-04;4369;2982;386116;326034;70.5;59.5
71;2021-08-05;4152;3257;390268;329291;71.2;60.1
71;2021-08-06;3672;4011;393940;333302;71.9;60.8
71;2021-08-07;493;329;394433;333631;72.0;60.9
71;2021-08-08;46;65;394479;333696;72.0;60.9
71;2021-08-09;3035;3423;397514;337119;72.6;61.5
71;2021-08-10;3059;3391;400573;340510;73.1;62.2
71;2021-08-11;3172;3075;403745;343585;73.7;62.7
71;2021-08-12;2985;3099;406730;346684;74.2;63.3
71;2021-08-13;2640;3330;409370;350014;74.7;63.9
71;2021-08-14;278;521;409648;350535;74.8;64.0
71;2021-08-15;49;109;409697;350644;74.8;64.0
71;2021-08-16;1700;3529;411397;354173;75.1;64.7
71;2021-08-17;1732;3432;413129;357605;75.4;65.3
71;2021-08-18;1443;3162;414572;360767;75.7;65.9
71;2021-08-19;1264;3116;415836;363883;75.9;66.4
71;2021-08-20;1278;3696;417114;367579;76.1;67.1
71;2021-08-21;145;411;417259;367990;76.2;67.2
71;2021-08-22;39;98;417298;368088;76.2;67.2
71;2021-08-23;1415;4534;418713;372622;76.4;68.0
72;2020-12-27;0;0;0;0;0.0;0.0
72;2020-12-28;0;0;0;0;0.0;0.0
72;2020-12-29;0;0;0;0;0.0;0.0
72;2020-12-30;0;0;0;0;0.0;0.0
72;2020-12-31;0;0;0;0;0.0;0.0
72;2021-01-01;2;0;2;0;0.0;0.0
72;2021-01-02;0;0;2;0;0.0;0.0
72;2021-01-03;0;0;2;0;0.0;0.0
72;2021-01-04;0;0;2;0;0.0;0.0
72;2021-01-05;14;0;16;0;0.0;0.0
72;2021-01-06;27;0;43;0;0.0;0.0
72;2021-01-07;110;0;153;0;0.0;0.0
72;2021-01-08;232;0;385;0;0.1;0.0
72;2021-01-09;36;0;421;0;0.1;0.0
72;2021-01-10;0;0;421;0;0.1;0.0
72;2021-01-11;484;1;905;1;0.2;0.0
72;2021-01-12;615;1;1520;2;0.3;0.0
72;2021-01-13;500;1;2020;3;0.4;0.0
72;2021-01-14;644;3;2664;6;0.5;0.0
72;2021-01-15;478;1;3142;7;0.6;0.0
72;2021-01-16;93;0;3235;7;0.6;0.0
72;2021-01-17;0;0;3235;7;0.6;0.0
72;2021-01-18;292;0;3527;7;0.6;0.0
72;2021-01-19;776;3;4303;10;0.8;0.0
72;2021-01-20;1534;6;5837;16;1.0;0.0
72;2021-01-21;1746;5;7583;21;1.4;0.0
72;2021-01-22;1149;6;8732;27;1.6;0.0
72;2021-01-23;32;0;8764;27;1.6;0.0
72;2021-01-24;0;0;8764;27;1.6;0.0
72;2021-01-25;502;7;9266;34;1.7;0.0
72;2021-01-26;1165;21;10431;55;1.9;0.0
72;2021-01-27;882;19;11313;74;2.0;0.0
72;2021-01-28;776;68;12089;142;2.2;0.0
72;2021-01-29;712;69;12801;211;2.3;0.0
72;2021-01-30;58;0;12859;211;2.3;0.0
72;2021-01-31;1;0;12860;211;2.3;0.0
72;2021-02-01;499;229;13359;440;2.4;0.1
72;2021-02-02;507;295;13866;735;2.5;0.1
72;2021-02-03;487;229;14353;964;2.6;0.2
72;2021-02-04;476;341;14829;1305;2.6;0.2
72;2021-02-05;514;407;15343;1712;2.7;0.3
72;2021-02-06;83;14;15426;1726;2.8;0.3
72;2021-02-07;19;3;15445;1729;2.8;0.3
72;2021-02-08;310;404;15755;2133;2.8;0.4
72;2021-02-09;489;531;16244;2664;2.9;0.5
72;2021-02-10;563;929;16807;3593;3.0;0.6
72;2021-02-11;851;1347;17658;4940;3.2;0.9
72;2021-02-12;851;595;18509;5535;3.3;1.0
72;2021-02-13;108;38;18617;5573;3.3;1.0
72;2021-02-14;1;22;18618;5595;3.3;1.0
72;2021-02-15;220;503;18838;6098;3.4;1.1
72;2021-02-16;499;1028;19337;7126;3.5;1.3
72;2021-02-17;464;716;19801;7842;3.5;1.4
72;2021-02-18;594;636;20395;8478;3.6;1.5
72;2021-02-19;521;600;20916;9078;3.7;1.6
72;2021-02-20;80;57;20996;9135;3.7;1.6
72;2021-02-21;0;0;20996;9135;3.7;1.6
72;2021-02-22;328;582;21324;9717;3.8;1.7
72;2021-02-23;567;528;21891;10245;3.9;1.8
72;2021-02-24;435;472;22326;10717;4.0;1.9
72;2021-02-25;922;566;23248;11283;4.1;2.0
72;2021-02-26;600;511;23848;11794;4.3;2.1
72;2021-02-27;322;66;24170;11860;4.3;2.1
72;2021-02-28;15;17;24185;11877;4.3;2.1
72;2021-03-01;378;482;24563;12359;4.4;2.2
72;2021-03-02;503;605;25066;12964;4.5;2.3
72;2021-03-03;732;655;25798;13619;4.6;2.4
72;2021-03-04;738;782;26536;14401;4.7;2.6
72;2021-03-05;935;771;27471;15172;4.9;2.7
72;2021-03-06;761;135;28232;15307;5.0;2.7
72;2021-03-07;448;26;28680;15333;5.1;2.7
72;2021-03-08;559;448;29239;15781;5.2;2.8
72;2021-03-09;1043;649;30282;16430;5.4;2.9
72;2021-03-10;1137;659;31419;17089;5.6;3.1
72;2021-03-11;1607;493;33026;17582;5.9;3.1
72;2021-03-12;1364;518;34390;18100;6.1;3.2
72;2021-03-13;982;118;35372;18218;6.3;3.3
72;2021-03-14;14;10;35386;18228;6.3;3.3
72;2021-03-15;1159;224;36545;18452;6.5;3.3
72;2021-03-16;1052;189;37597;18641;6.7;3.3
72;2021-03-17;1035;261;38632;18902;6.9;3.4
72;2021-03-18;1086;369;39718;19271;7.1;3.4
72;2021-03-19;1275;292;40993;19563;7.3;3.5
72;2021-03-20;485;91;41478;19654;7.4;3.5
72;2021-03-21;19;0;41497;19654;7.4;3.5
72;2021-03-22;1347;343;42844;19997;7.6;3.6
72;2021-03-23;1724;480;44568;20477;8.0;3.7
72;2021-03-24;1840;305;46408;20782;8.3;3.7
72;2021-03-25;2445;466;48853;21248;8.7;3.8
72;2021-03-26;2336;374;51189;21622;9.1;3.9
72;2021-03-27;614;30;51803;21652;9.2;3.9
72;2021-03-28;22;0;51825;21652;9.3;3.9
72;2021-03-29;1616;381;53441;22033;9.5;3.9
72;2021-03-30;2496;386;55937;22419;10.0;4.0
72;2021-03-31;2140;364;58077;22783;10.4;4.1
72;2021-04-01;2839;351;60916;23134;10.9;4.1
72;2021-04-02;2248;401;63164;23535;11.3;4.2
72;2021-04-03;292;39;63456;23574;11.3;4.2
72;2021-04-04;14;3;63470;23577;11.3;4.2
72;2021-04-05;51;49;63521;23626;11.3;4.2
72;2021-04-06;1760;469;65281;24095;11.7;4.3
72;2021-04-07;2572;595;67853;24690;12.1;4.4
72;2021-04-08;2722;781;70575;25471;12.6;4.5
72;2021-04-09;3862;583;74437;26054;13.3;4.7
72;2021-04-10;1111;50;75548;26104;13.5;4.7
72;2021-04-11;8;1;75556;26105;13.5;4.7
72;2021-04-12;1850;900;77406;27005;13.8;4.8
72;2021-04-13;2368;1078;79774;28083;14.2;5.0
72;2021-04-14;2250;1096;82024;29179;14.6;5.2
72;2021-04-15;2423;1115;84447;30294;15.1;5.4
72;2021-04-16;2562;961;87009;31255;15.5;5.6
72;2021-04-17;707;144;87716;31399;15.7;5.6
72;2021-04-18;57;2;87773;31401;15.7;5.6
72;2021-04-19;1397;1096;89170;32497;15.9;5.8
72;2021-04-20;2998;1303;92168;33800;16.5;6.0
72;2021-04-21;2517;1563;94685;35363;16.9;6.3
72;2021-04-22;2815;1792;97500;37155;17.4;6.6
72;2021-04-23;3211;1452;100711;38607;18.0;6.9
72;2021-04-24;1400;267;102111;38874;18.2;6.9
72;2021-04-25;881;18;102992;38892;18.4;6.9
72;2021-04-26;3514;1481;106506;40373;19.0;7.2
72;2021-04-27;4091;1861;110597;42234;19.7;7.5
72;2021-04-28;3834;1870;114431;44104;20.4;7.9
72;2021-04-29;4159;1817;118590;45921;21.2;8.2
72;2021-04-30;3615;1709;122205;47630;21.8;8.5
72;2021-05-01;1642;226;123847;47856;22.1;8.5
72;2021-05-02;1533;161;125380;48017;22.4;8.6
72;2021-05-03;3456;1151;128836;49168;23.0;8.8
72;2021-05-04;4012;1802;132848;50970;23.7;9.1
72;2021-05-05;3868;2179;136716;53149;24.4;9.5
72;2021-05-06;3596;1942;140312;55091;25.0;9.8
72;2021-05-07;3545;2144;143857;57235;25.7;10.2
72;2021-05-08;1899;153;145756;57388;26.0;10.2
72;2021-05-09;2082;209;147838;57597;26.4;10.3
72;2021-05-10;3770;1520;151608;59117;27.1;10.6
72;2021-05-11;4597;1992;156205;61109;27.9;10.9
72;2021-05-12;4081;1821;160286;62930;28.6;11.2
72;2021-05-13;3031;272;163317;63202;29.2;11.3
72;2021-05-14;3663;1393;166980;64595;29.8;11.5
72;2021-05-15;3121;366;170101;64961;30.4;11.6
72;2021-05-16;2502;153;172603;65114;30.8;11.6
72;2021-05-17;3724;1284;176327;66398;31.5;11.9
72;2021-05-18;4331;1687;180658;68085;32.2;12.2
72;2021-05-19;3977;1510;184635;69595;33.0;12.4
72;2021-05-20;4262;1452;188897;71047;33.7;12.7
72;2021-05-21;3788;1389;192685;72436;34.4;12.9
72;2021-05-22;2561;506;195246;72942;34.9;13.0
72;2021-05-23;1391;164;196637;73106;35.1;13.0
72;2021-05-24;2353;296;198990;73402;35.5;13.1
72;2021-05-25;4075;1412;203065;74814;36.2;13.4
72;2021-05-26;4096;1413;207161;76227;37.0;13.6
72;2021-05-27;4346;2049;211507;78276;37.8;14.0
72;2021-05-28;4107;2018;215614;80294;38.5;14.3
72;2021-05-29;2668;809;218282;81103;39.0;14.5
72;2021-05-30;1142;870;219424;81973;39.2;14.6
72;2021-05-31;3121;2329;222545;84302;39.7;15.0
72;2021-06-01;3563;2668;226108;86970;40.4;15.5
72;2021-06-02;3613;2782;229721;89752;41.0;16.0
72;2021-06-03;4241;2997;233962;92749;41.8;16.6
72;2021-06-04;3892;2750;237854;95499;42.5;17.0
72;2021-06-05;1439;2567;239293;98066;42.7;17.5
72;2021-06-06;908;1541;240201;99607;42.9;17.8
72;2021-06-07;1746;3424;241947;103031;43.2;18.4
72;2021-06-08;2929;3832;244876;106863;43.7;19.1
72;2021-06-09;2649;3371;247525;110234;44.2;19.7
72;2021-06-10;2827;3317;250352;113551;44.7;20.3
72;2021-06-11;2841;3772;253193;117323;45.2;20.9
72;2021-06-12;1244;2598;254437;119921;45.4;21.4
72;2021-06-13;388;1859;254825;121780;45.5;21.7
72;2021-06-14;1336;4128;256161;125908;45.7;22.5
72;2021-06-15;2755;3513;258916;129421;46.2;23.1
72;2021-06-16;2428;3576;261344;132997;46.6;23.7
72;2021-06-17;2320;3876;263664;136873;47.1;24.4
72;2021-06-18;2308;4311;265972;141184;47.5;25.2
72;2021-06-19;1127;2763;267099;143947;47.7;25.7
72;2021-06-20;339;2057;267438;146004;47.7;26.1
72;2021-06-21;1564;4032;269002;150036;48.0;26.8
72;2021-06-22;1713;4994;270715;155030;48.3;27.7
72;2021-06-23;2006;4219;272721;159249;48.7;28.4
72;2021-06-24;2231;4013;274952;163262;49.1;29.1
72;2021-06-25;1774;4837;276726;168099;49.4;30.0
72;2021-06-26;1190;2880;277916;170979;49.6;30.5
72;2021-06-27;392;2111;278308;173090;49.7;30.9
72;2021-06-28;1440;4295;279748;177385;49.9;31.7
72;2021-06-29;1769;4741;281517;182126;50.3;32.5
72;2021-06-30;1980;4166;283497;186292;50.6;33.3
72;2021-07-01;1942;4416;285439;190708;51.0;34.0
72;2021-07-02;1852;4715;287291;195423;51.3;34.9
72;2021-07-03;1292;3122;288583;198545;51.5;35.4
72;2021-07-04;584;1950;289167;200495;51.6;35.8
72;2021-07-05;1192;4165;290359;204660;51.8;36.5
72;2021-07-06;1460;5163;291819;209823;52.1;37.5
72;2021-07-07;1581;4612;293400;214435;52.4;38.3
72;2021-07-08;1646;4327;295046;218762;52.7;39.0
72;2021-07-09;2105;4609;297151;223371;53.0;39.9
72;2021-07-10;1594;2688;298745;226059;53.3;40.4
72;2021-07-11;949;1587;299694;227646;53.5;40.6
72;2021-07-12;1592;3758;301286;231404;53.8;41.3
72;2021-07-13;2087;4774;303373;236178;54.2;42.2
72;2021-07-14;1327;2366;304700;238544;54.4;42.6
72;2021-07-15;3489;3424;308189;241968;55.0;43.2
72;2021-07-16;3171;4125;311360;246093;55.6;43.9
72;2021-07-17;2641;1761;314001;247854;56.0;44.2
72;2021-07-18;1708;823;315709;248677;56.4;44.4
72;2021-07-19;2916;3507;318625;252184;56.9;45.0
72;2021-07-20;3035;4286;321660;256470;57.4;45.8
72;2021-07-21;2877;3592;324537;260062;57.9;46.4
72;2021-07-22;3758;2913;328295;262975;58.6;46.9
72;2021-07-23;3473;3793;331768;266768;59.2;47.6
72;2021-07-24;2815;1460;334583;268228;59.7;47.9
72;2021-07-25;1449;1076;336032;269304;60.0;48.1
72;2021-07-26;2720;2919;338752;272223;60.5;48.6
72;2021-07-27;3843;3820;342595;276043;61.2;49.3
72;2021-07-28;3562;3124;346157;279167;61.8;49.8
72;2021-07-29;3560;2713;349717;281880;62.4;50.3
72;2021-07-30;3771;3380;353488;285260;63.1;50.9
72;2021-07-31;2546;1746;356034;287006;63.6;51.2
72;2021-08-01;1827;431;357861;287437;63.9;51.3
72;2021-08-02;3205;2285;361066;289722;64.4;51.7
72;2021-08-03;3225;3305;364291;293027;65.0;52.3
72;2021-08-04;3754;2550;368045;295577;65.7;52.8
72;2021-08-05;3754;2462;371799;298039;66.4;53.2
72;2021-08-06;3332;2692;375131;300731;67.0;53.7
72;2021-08-07;2342;1612;377473;302343;67.4;54.0
72;2021-08-08;1618;695;379091;303038;67.7;54.1
72;2021-08-09;2692;2671;381783;305709;68.1;54.6
72;2021-08-10;2911;2744;384694;308453;68.7;55.1
72;2021-08-11;2362;2203;387056;310656;69.1;55.5
72;2021-08-12;2371;2597;389427;313253;69.5;55.9
72;2021-08-13;2136;2285;391563;315538;69.9;56.3
72;2021-08-14;1158;1545;392721;317083;70.1;56.6
72;2021-08-15;622;613;393343;317696;70.2;56.7
72;2021-08-16;1651;2374;394994;320070;70.5;57.1
72;2021-08-17;1711;2885;396705;322955;70.8;57.6
72;2021-08-18;1705;2870;398410;325825;71.1;58.2
72;2021-08-19;1244;2914;399654;328739;71.3;58.7
72;2021-08-20;1643;3168;401297;331907;71.6;59.2
72;2021-08-21;694;2028;401991;333935;71.8;59.6
72;2021-08-22;256;1150;402247;335085;71.8;59.8
72;2021-08-23;1706;3413;403953;338498;72.1;60.4
73;2020-12-27;0;0;0;0;0.0;0.0
73;2020-12-28;1;0;1;0;0.0;0.0
73;2020-12-29;0;0;1;0;0.0;0.0
73;2020-12-30;0;0;1;0;0.0;0.0
73;2020-12-31;0;0;1;0;0.0;0.0
73;2021-01-01;0;0;1;0;0.0;0.0
73;2021-01-02;0;0;1;0;0.0;0.0
73;2021-01-03;0;0;1;0;0.0;0.0
73;2021-01-04;1;0;2;0;0.0;0.0
73;2021-01-05;0;0;2;0;0.0;0.0
73;2021-01-06;1;0;3;0;0.0;0.0
73;2021-01-07;30;0;33;0;0.0;0.0
73;2021-01-08;81;0;114;0;0.0;0.0
73;2021-01-09;0;0;114;0;0.0;0.0
73;2021-01-10;0;0;114;0;0.0;0.0
73;2021-01-11;86;0;200;0;0.0;0.0
73;2021-01-12;303;1;503;1;0.1;0.0
73;2021-01-13;358;1;861;2;0.2;0.0
73;2021-01-14;514;2;1375;4;0.3;0.0
73;2021-01-15;617;1;1992;5;0.5;0.0
73;2021-01-16;128;0;2120;5;0.5;0.0
73;2021-01-17;0;0;2120;5;0.5;0.0
73;2021-01-18;624;0;2744;5;0.6;0.0
73;2021-01-19;1239;3;3983;8;0.9;0.0
73;2021-01-20;951;2;4934;10;1.1;0.0
73;2021-01-21;982;4;5916;14;1.4;0.0
73;2021-01-22;947;0;6863;14;1.6;0.0
73;2021-01-23;387;0;7250;14;1.7;0.0
73;2021-01-24;0;0;7250;14;1.7;0.0
73;2021-01-25;656;6;7906;20;1.8;0.0
73;2021-01-26;761;2;8667;22;2.0;0.0
73;2021-01-27;1105;5;9772;27;2.3;0.0
73;2021-01-28;961;5;10733;32;2.5;0.0
73;2021-01-29;683;5;11416;37;2.6;0.0
73;2021-01-30;345;3;11761;40;2.7;0.0
73;2021-01-31;0;0;11761;40;2.7;0.0
73;2021-02-01;620;40;12381;80;2.9;0.0
73;2021-02-02;751;334;13132;414;3.0;0.1
73;2021-02-03;652;349;13784;763;3.2;0.2
73;2021-02-04;624;234;14408;997;3.3;0.2
73;2021-02-05;680;410;15088;1407;3.5;0.3
73;2021-02-06;261;38;15349;1445;3.5;0.3
73;2021-02-07;1;0;15350;1445;3.5;0.3
73;2021-02-08;522;252;15872;1697;3.7;0.4
73;2021-02-09;793;447;16665;2144;3.9;0.5
73;2021-02-10;899;396;17564;2540;4.1;0.6
73;2021-02-11;959;709;18523;3249;4.3;0.8
73;2021-02-12;810;503;19333;3752;4.5;0.9
73;2021-02-13;263;59;19596;3811;4.5;0.9
73;2021-02-14;1;0;19597;3811;4.5;0.9
73;2021-02-15;346;528;19943;4339;4.6;1.0
73;2021-02-16;453;762;20396;5101;4.7;1.2
73;2021-02-17;451;968;20847;6069;4.8;1.4
73;2021-02-18;469;556;21316;6625;4.9;1.5
73;2021-02-19;445;635;21761;7260;5.0;1.7
73;2021-02-20;69;249;21830;7509;5.0;1.7
73;2021-02-21;0;0;21830;7509;5.0;1.7
73;2021-02-22;240;444;22070;7953;5.1;1.8
73;2021-02-23;325;522;22395;8475;5.2;2.0
73;2021-02-24;486;748;22881;9223;5.3;2.1
73;2021-02-25;503;508;23384;9731;5.4;2.2
73;2021-02-26;730;568;24114;10299;5.6;2.4
73;2021-02-27;330;238;24444;10537;5.7;2.4
73;2021-02-28;1;1;24445;10538;5.7;2.4
73;2021-03-01;557;510;25002;11048;5.8;2.6
73;2021-03-02;669;899;25671;11947;5.9;2.8
73;2021-03-03;642;1195;26313;13142;6.1;3.0
73;2021-03-04;1039;899;27352;14041;6.3;3.2
73;2021-03-05;1240;608;28592;14649;6.6;3.4
73;2021-03-06;1091;334;29683;14983;6.9;3.5
73;2021-03-07;455;93;30138;15076;7.0;3.5
73;2021-03-08;606;428;30744;15504;7.1;3.6
73;2021-03-09;983;538;31727;16042;7.3;3.7
73;2021-03-10;1035;870;32762;16912;7.6;3.9
73;2021-03-11;1556;656;34318;17568;7.9;4.1
73;2021-03-12;2017;533;36335;18101;8.4;4.2
73;2021-03-13;1179;205;37514;18306;8.7;4.2
73;2021-03-14;66;3;37580;18309;8.7;4.2
73;2021-03-15;1185;398;38765;18707;9.0;4.3
73;2021-03-16;794;401;39559;19108;9.1;4.4
73;2021-03-17;877;480;40436;19588;9.3;4.5
73;2021-03-18;1350;257;41786;19845;9.7;4.6
73;2021-03-19;1765;394;43551;20239;10.1;4.7
73;2021-03-20;886;127;44437;20366;10.3;4.7
73;2021-03-21;123;2;44560;20368;10.3;4.7
73;2021-03-22;1184;394;45744;20762;10.6;4.8
73;2021-03-23;1447;236;47191;20998;10.9;4.9
73;2021-03-24;1594;344;48785;21342;11.3;4.9
73;2021-03-25;2061;382;50846;21724;11.8;5.0
73;2021-03-26;2472;364;53318;22088;12.3;5.1
73;2021-03-27;885;145;54203;22233;12.5;5.1
73;2021-03-28;312;13;54515;22246;12.6;5.1
73;2021-03-29;1508;238;56023;22484;13.0;5.2
73;2021-03-30;2088;484;58111;22968;13.4;5.3
73;2021-03-31;2089;400;60200;23368;13.9;5.4
73;2021-04-01;2086;331;62286;23699;14.4;5.5
73;2021-04-02;2361;227;64647;23926;14.9;5.5
73;2021-04-03;848;146;65495;24072;15.1;5.6
73;2021-04-04;188;18;65683;24090;15.2;5.6
73;2021-04-05;212;26;65895;24116;15.2;5.6
73;2021-04-06;1509;506;67404;24622;15.6;5.7
73;2021-04-07;1947;651;69351;25273;16.0;5.8
73;2021-04-08;2491;820;71842;26093;16.6;6.0
73;2021-04-09;3059;523;74901;26616;17.3;6.2
73;2021-04-10;1135;318;76036;26934;17.6;6.2
73;2021-04-11;163;9;76199;26943;17.6;6.2
73;2021-04-12;1696;977;77895;27920;18.0;6.5
73;2021-04-13;1892;1129;79787;29049;18.4;6.7
73;2021-04-14;2017;1091;81804;30140;18.9;7.0
73;2021-04-15;2416;1188;84220;31328;19.5;7.2
73;2021-04-16;1894;930;86114;32258;19.9;7.5
73;2021-04-17;1176;557;87290;32815;20.2;7.6
73;2021-04-18;155;76;87445;32891;20.2;7.6
73;2021-04-19;1381;1058;88826;33949;20.5;7.8
73;2021-04-20;1790;1320;90616;35269;20.9;8.2
73;2021-04-21;1573;1300;92189;36569;21.3;8.5
73;2021-04-22;1814;1225;94003;37794;21.7;8.7
73;2021-04-23;1895;1253;95898;39047;22.2;9.0
73;2021-04-24;980;673;96878;39720;22.4;9.2
73;2021-04-25;79;97;96957;39817;22.4;9.2
73;2021-04-26;1164;1319;98121;41136;22.7;9.5
73;2021-04-27;1441;1471;99562;42607;23.0;9.9
73;2021-04-28;1732;1460;101294;44067;23.4;10.2
73;2021-04-29;2412;1563;103706;45630;24.0;10.5
73;2021-04-30;2396;1438;106102;47068;24.5;10.9
73;2021-05-01;1068;309;107170;47377;24.8;11.0
73;2021-05-02;34;165;107204;47542;24.8;11.0
73;2021-05-03;1392;1594;108596;49136;25.1;11.4
73;2021-05-04;1710;1830;110306;50966;25.5;11.8
73;2021-05-05;1975;1687;112281;52653;26.0;12.2
73;2021-05-06;2430;1699;114711;54352;26.5;12.6
73;2021-05-07;2261;1849;116972;56201;27.0;13.0
73;2021-05-08;1836;377;118808;56578;27.5;13.1
73;2021-05-09;127;125;118935;56703;27.5;13.1
73;2021-05-10;1608;1893;120543;58596;27.9;13.5
73;2021-05-11;2379;2368;122922;60964;28.4;14.1
73;2021-05-12;3555;2095;126477;63059;29.2;14.6
73;2021-05-13;1554;275;128031;63334;29.6;14.6
73;2021-05-14;1587;1493;129618;64827;30.0;15.0
73;2021-05-15;1448;944;131066;65771;30.3;15.2
73;2021-05-16;131;62;131197;65833;30.3;15.2
73;2021-05-17;1710;1952;132907;67785;30.7;15.7
73;2021-05-18;2496;1737;135403;69522;31.3;16.1
73;2021-05-19;2540;1623;137943;71145;31.9;16.4
73;2021-05-20;3162;1504;141105;72649;32.6;16.8
73;2021-05-21;2473;1848;143578;74497;33.2;17.2
73;2021-05-22;1989;922;145567;75419;33.7;17.4
73;2021-05-23;212;14;145779;75433;33.7;17.4
73;2021-05-24;2565;328;148344;75761;34.3;17.5
73;2021-05-25;2140;1740;150484;77501;34.8;17.9
73;2021-05-26;2342;2001;152826;79502;35.3;18.4
73;2021-05-27;3083;1714;155909;81216;36.0;18.8
73;2021-05-28;2919;2375;158828;83591;36.7;19.3
73;2021-05-29;2316;1322;161144;84913;37.3;19.6
73;2021-05-30;187;14;161331;84927;37.3;19.6
73;2021-05-31;2410;1628;163741;86555;37.9;20.0
73;2021-06-01;3180;1791;166921;88346;38.6;20.4
73;2021-06-02;3106;1461;170027;89807;39.3;20.8
73;2021-06-03;4423;1744;174450;91551;40.3;21.2
73;2021-06-04;4277;2182;178727;93733;41.3;21.7
73;2021-06-05;3158;1281;181885;95014;42.0;22.0
73;2021-06-06;1882;298;183767;95312;42.5;22.0
73;2021-06-07;2757;2148;186524;97460;43.1;22.5
73;2021-06-08;2685;1874;189209;99334;43.7;23.0
73;2021-06-09;2364;1789;191573;101123;44.3;23.4
73;2021-06-10;2006;1649;193579;102772;44.8;23.8
73;2021-06-11;2191;2441;195770;105213;45.3;24.3
73;2021-06-12;2247;1331;198017;106544;45.8;24.6
73;2021-06-13;44;82;198061;106626;45.8;24.7
73;2021-06-14;1347;2930;199408;109556;46.1;25.3
73;2021-06-15;1592;2754;201000;112310;46.5;26.0
73;2021-06-16;1467;2570;202467;114880;46.8;26.6
73;2021-06-17;944;1728;203411;116608;47.0;27.0
73;2021-06-18;1883;2932;205294;119540;47.5;27.6
73;2021-06-19;1422;1986;206716;121526;47.8;28.1
73;2021-06-20;448;306;207164;121832;47.9;28.2
73;2021-06-21;1110;2938;208274;124770;48.2;28.8
73;2021-06-22;1093;2872;209367;127642;48.4;29.5
73;2021-06-23;1085;3136;210452;130778;48.7;30.2
73;2021-06-24;883;1795;211335;132573;48.9;30.6
73;2021-06-25;1326;2802;212661;135375;49.2;31.3
73;2021-06-26;967;2396;213628;137771;49.4;31.9
73;2021-06-27;328;549;213956;138320;49.5;32.0
73;2021-06-28;969;3557;214925;141877;49.7;32.8
73;2021-06-29;1075;3338;216000;145215;49.9;33.6
73;2021-06-30;1239;3119;217239;148334;50.2;34.3
73;2021-07-01;1136;2363;218375;150697;50.5;34.8
73;2021-07-02;1206;3619;219581;154316;50.8;35.7
73;2021-07-03;960;2793;220541;157109;51.0;36.3
73;2021-07-04;301;619;220842;157728;51.1;36.5
73;2021-07-05;1155;3684;221997;161412;51.3;37.3
73;2021-07-06;1251;2949;223248;164361;51.6;38.0
73;2021-07-07;1444;2951;224692;167312;51.9;38.7
73;2021-07-08;1369;2301;226061;169613;52.3;39.2
73;2021-07-09;1429;4024;227490;173637;52.6;40.1
73;2021-07-10;890;3013;228380;176650;52.8;40.8
73;2021-07-11;561;1469;228941;178119;52.9;41.2
73;2021-07-12;1060;4197;230001;182316;53.2;42.1
73;2021-07-13;1730;4228;231731;186544;53.6;43.1
73;2021-07-14;1844;1916;233575;188460;54.0;43.6
73;2021-07-15;2743;3792;236318;192252;54.6;44.4
73;2021-07-16;2413;4017;238731;196269;55.2;45.4
73;2021-07-17;1513;2608;240244;198877;55.5;46.0
73;2021-07-18;1176;1217;241420;200094;55.8;46.3
73;2021-07-19;2448;3245;243868;203339;56.4;47.0
73;2021-07-20;3366;2855;247234;206194;57.2;47.7
73;2021-07-21;3383;2785;250617;208979;57.9;48.3
73;2021-07-22;2729;2209;253346;211188;58.6;48.8
73;2021-07-23;3410;2898;256756;214086;59.4;49.5
73;2021-07-24;2055;2274;258811;216360;59.8;50.0
73;2021-07-25;624;795;259435;217155;60.0;50.2
73;2021-07-26;2627;2490;262062;219645;60.6;50.8
73;2021-07-27;3806;2270;265868;221915;61.5;51.3
73;2021-07-28;3527;2088;269395;224003;62.3;51.8
73;2021-07-29;3969;2150;273364;226153;63.2;52.3
73;2021-07-30;3547;2470;276911;228623;64.0;52.9
73;2021-07-31;2471;1592;279382;230215;64.6;53.2
73;2021-08-01;831;621;280213;230836;64.8;53.4
73;2021-08-02;3083;2105;283296;232941;65.5;53.9
73;2021-08-03;3474;1990;286770;234931;66.3;54.3
73;2021-08-04;3283;2014;290053;236945;67.1;54.8
73;2021-08-05;2846;2225;292899;239170;67.7;55.3
73;2021-08-06;2493;2378;295392;241548;68.3;55.8
73;2021-08-07;1392;1482;296784;243030;68.6;56.2
73;2021-08-08;426;618;297210;243648;68.7;56.3
73;2021-08-09;1771;2385;298981;246033;69.1;56.9
73;2021-08-10;1864;2490;300845;248523;69.6;57.5
73;2021-08-11;1795;2534;302640;251057;70.0;58.0
73;2021-08-12;1665;2496;304305;253553;70.4;58.6
73;2021-08-13;1439;2840;305744;256393;70.7;59.3
73;2021-08-14;981;1529;306725;257922;70.9;59.6
73;2021-08-15;92;159;306817;258081;70.9;59.7
73;2021-08-16;930;1393;307747;259474;71.1;60.0
73;2021-08-17;952;1960;308699;261434;71.4;60.4
73;2021-08-18;936;2832;309635;264266;71.6;61.1
73;2021-08-19;953;3049;310588;267315;71.8;61.8
73;2021-08-20;784;3142;311372;270457;72.0;62.5
73;2021-08-21;412;1831;311784;272288;72.1;62.9
73;2021-08-22;269;934;312053;273222;72.1;63.2
73;2021-08-23;646;2960;312699;276182;72.3;63.9
74;2020-12-27;3;0;3;0;0.0;0.0
74;2020-12-28;2;0;5;0;0.0;0.0
74;2020-12-29;0;0;5;0;0.0;0.0
74;2020-12-30;0;0;5;0;0.0;0.0
74;2020-12-31;0;0;5;0;0.0;0.0
74;2021-01-01;0;0;5;0;0.0;0.0
74;2021-01-02;1;1;6;1;0.0;0.0
74;2021-01-03;0;0;6;1;0.0;0.0
74;2021-01-04;0;0;6;1;0.0;0.0
74;2021-01-05;1;0;7;1;0.0;0.0
74;2021-01-06;44;0;51;1;0.0;0.0
74;2021-01-07;219;1;270;2;0.0;0.0
74;2021-01-08;291;2;561;4;0.1;0.0
74;2021-01-09;78;0;639;4;0.1;0.0
74;2021-01-10;74;0;713;4;0.1;0.0
74;2021-01-11;374;0;1087;4;0.1;0.0
74;2021-01-12;405;3;1492;7;0.2;0.0
74;2021-01-13;396;0;1888;7;0.2;0.0
74;2021-01-14;473;1;2361;8;0.3;0.0
74;2021-01-15;644;4;3005;12;0.4;0.0
74;2021-01-16;252;1;3257;13;0.4;0.0
74;2021-01-17;131;1;3388;14;0.4;0.0
74;2021-01-18;521;0;3909;14;0.5;0.0
74;2021-01-19;808;2;4717;16;0.6;0.0
74;2021-01-20;1277;4;5994;20;0.7;0.0
74;2021-01-21;1567;1;7561;21;0.9;0.0
74;2021-01-22;1241;6;8802;27;1.1;0.0
74;2021-01-23;344;1;9146;28;1.1;0.0
74;2021-01-24;90;0;9236;28;1.1;0.0
74;2021-01-25;797;2;10033;30;1.2;0.0
74;2021-01-26;1360;14;11393;44;1.4;0.0
74;2021-01-27;1076;11;12469;55;1.5;0.0
74;2021-01-28;987;29;13456;84;1.6;0.0
74;2021-01-29;879;42;14335;126;1.7;0.0
74;2021-01-30;305;1;14640;127;1.8;0.0
74;2021-01-31;84;1;14724;128;1.8;0.0
74;2021-02-01;629;44;15353;172;1.9;0.0
74;2021-02-02;645;154;15998;326;1.9;0.0
74;2021-02-03;604;124;16602;450;2.0;0.1
74;2021-02-04;613;136;17215;586;2.1;0.1
74;2021-02-05;548;223;17763;809;2.1;0.1
74;2021-02-06;272;139;18035;948;2.2;0.1
74;2021-02-07;94;126;18129;1074;2.2;0.1
74;2021-02-08;617;351;18746;1425;2.3;0.2
74;2021-02-09;536;533;19282;1958;2.3;0.2
74;2021-02-10;688;519;19970;2477;2.4;0.3
74;2021-02-11;1068;1017;21038;3494;2.5;0.4
74;2021-02-12;909;616;21947;4110;2.6;0.5
74;2021-02-13;405;240;22352;4350;2.7;0.5
74;2021-02-14;316;113;22668;4463;2.7;0.5
74;2021-02-15;274;848;22942;5311;2.8;0.6
74;2021-02-16;488;1068;23430;6379;2.8;0.8
74;2021-02-17;540;1109;23970;7488;2.9;0.9
74;2021-02-18;473;991;24443;8479;3.0;1.0
74;2021-02-19;617;656;25060;9135;3.0;1.1
74;2021-02-20;114;189;25174;9324;3.0;1.1
74;2021-02-21;46;61;25220;9385;3.0;1.1
74;2021-02-22;318;785;25538;10170;3.1;1.2
74;2021-02-23;303;821;25841;10991;3.1;1.3
74;2021-02-24;239;681;26080;11672;3.1;1.4
74;2021-02-25;520;753;26600;12425;3.2;1.5
74;2021-02-26;972;704;27572;13129;3.3;1.6
74;2021-02-27;254;183;27826;13312;3.4;1.6
74;2021-02-28;125;71;27951;13383;3.4;1.6
74;2021-03-01;720;634;28671;14017;3.5;1.7
74;2021-03-02;1090;690;29761;14707;3.6;1.8
74;2021-03-03;1016;639;30777;15346;3.7;1.9
74;2021-03-04;1609;1020;32386;16366;3.9;2.0
74;2021-03-05;2086;897;34472;17263;4.2;2.1
74;2021-03-06;1753;323;36225;17586;4.4;2.1
74;2021-03-07;1385;106;37610;17692;4.5;2.1
74;2021-03-08;1197;958;38807;18650;4.7;2.3
74;2021-03-09;1947;668;40754;19318;4.9;2.3
74;2021-03-10;1746;911;42500;20229;5.1;2.4
74;2021-03-11;2445;724;44945;20953;5.4;2.5
74;2021-03-12;3241;1025;48186;21978;5.8;2.7
74;2021-03-13;2000;280;50186;22258;6.1;2.7
74;2021-03-14;608;104;50794;22362;6.1;2.7
74;2021-03-15;2126;558;52920;22920;6.4;2.8
74;2021-03-16;1959;413;54879;23333;6.6;2.8
74;2021-03-17;1972;320;56851;23653;6.9;2.9
74;2021-03-18;2132;289;58983;23942;7.1;2.9
74;2021-03-19;2632;297;61615;24239;7.4;2.9
74;2021-03-20;1374;103;62989;24342;7.6;2.9
74;2021-03-21;288;32;63277;24374;7.6;2.9
74;2021-03-22;2051;330;65328;24704;7.9;3.0
74;2021-03-23;2718;334;68046;25038;8.2;3.0
74;2021-03-24;2945;301;70991;25339;8.6;3.1
74;2021-03-25;3870;305;74861;25644;9.0;3.1
74;2021-03-26;4092;387;78953;26031;9.5;3.1
74;2021-03-27;1940;261;80893;26292;9.8;3.2
74;2021-03-28;437;78;81330;26370;9.8;3.2
74;2021-03-29;3030;716;84360;27086;10.2;3.3
74;2021-03-30;3540;774;87900;27860;10.6;3.4
74;2021-03-31;3142;731;91042;28591;11.0;3.5
74;2021-04-01;4236;896;95278;29487;11.5;3.6
74;2021-04-02;3701;788;98979;30275;11.9;3.7
74;2021-04-03;1695;539;100674;30814;12.2;3.7
74;2021-04-04;236;121;100910;30935;12.2;3.7
74;2021-04-05;432;18;101342;30953;12.2;3.7
74;2021-04-06;2624;1215;103966;32168;12.6;3.9
74;2021-04-07;3192;1251;107158;33419;12.9;4.0
74;2021-04-08;3862;1186;111020;34605;13.4;4.2
74;2021-04-09;4103;1176;115123;35781;13.9;4.3
74;2021-04-10;1946;1035;117069;36816;14.1;4.4
74;2021-04-11;254;183;117323;36999;14.2;4.5
74;2021-04-12;2720;1775;120043;38774;14.5;4.7
74;2021-04-13;3116;2101;123159;40875;14.9;4.9
74;2021-04-14;2900;1973;126059;42848;15.2;5.2
74;2021-04-15;3457;1914;129516;44762;15.6;5.4
74;2021-04-16;3383;1784;132899;46546;16.0;5.6
74;2021-04-17;1936;1037;134835;47583;16.3;5.7
74;2021-04-18;218;209;135053;47792;16.3;5.8
74;2021-04-19;2097;2100;137150;49892;16.6;6.0
74;2021-04-20;3067;2425;140217;52317;16.9;6.3
74;2021-04-21;2464;2376;142681;54693;17.2;6.6
74;2021-04-22;2625;2338;145306;57031;17.5;6.9
74;2021-04-23;2565;2248;147871;59279;17.9;7.2
74;2021-04-24;1486;1543;149357;60822;18.0;7.3
74;2021-04-25;227;150;149584;60972;18.1;7.4
74;2021-04-26;2393;2465;151977;63437;18.3;7.7
74;2021-04-27;3273;2913;155250;66350;18.7;8.0
74;2021-04-28;3461;2634;158711;68984;19.2;8.3
74;2021-04-29;3913;2693;162624;71677;19.6;8.7
74;2021-04-30;4076;2225;166700;73902;20.1;8.9
74;2021-05-01;2120;389;168820;74291;20.4;9.0
74;2021-05-02;205;235;169025;74526;20.4;9.0
74;2021-05-03;2593;3014;171618;77540;20.7;9.4
74;2021-05-04;3221;3107;174839;80647;21.1;9.7
74;2021-05-05;3393;3015;178232;83662;21.5;10.1
74;2021-05-06;3859;2637;182091;86299;22.0;10.4
74;2021-05-07;3592;3551;185683;89850;22.4;10.8
74;2021-05-08;1147;825;186830;90675;22.6;10.9
74;2021-05-09;194;248;187024;90923;22.6;11.0
74;2021-05-10;3468;3142;190492;94065;23.0;11.4
74;2021-05-11;4319;3429;194811;97494;23.5;11.8
74;2021-05-12;5304;2965;200115;100459;24.2;12.1
74;2021-05-13;2363;948;202478;101407;24.4;12.2
74;2021-05-14;5950;2406;208428;103813;25.2;12.5
74;2021-05-15;4517;1850;212945;105663;25.7;12.8
74;2021-05-16;3009;334;215954;105997;26.1;12.8
74;2021-05-17;5400;2888;221354;108885;26.7;13.1
74;2021-05-18;6788;2811;228142;111696;27.5;13.5
74;2021-05-19;6231;2294;234373;113990;28.3;13.8
74;2021-05-20;6644;2554;241017;116544;29.1;14.1
74;2021-05-21;6525;2992;247542;119536;29.9;14.4
74;2021-05-22;5294;1570;252836;121106;30.5;14.6
74;2021-05-23;2051;283;254887;121389;30.8;14.7
74;2021-05-24;2361;661;257248;122050;31.1;14.7
74;2021-05-25;5070;3335;262318;125385;31.7;15.1
74;2021-05-26;5251;2568;267569;127953;32.3;15.4
74;2021-05-27;6002;2982;273571;130935;33.0;15.8
74;2021-05-28;5658;3588;279229;134523;33.7;16.2
74;2021-05-29;3799;2154;283028;136677;34.2;16.5
74;2021-05-30;488;309;283516;136986;34.2;16.5
74;2021-05-31;5071;3554;288587;140540;34.8;17.0
74;2021-06-01;4936;3729;293523;144269;35.4;17.4
74;2021-06-02;5270;3205;298793;147474;36.1;17.8
74;2021-06-03;6897;3253;305690;150727;36.9;18.2
74;2021-06-04;6912;4431;312602;155158;37.7;18.7
74;2021-06-05;4611;2709;317213;157867;38.3;19.1
74;2021-06-06;123;112;317336;157979;38.3;19.1
74;2021-06-07;5033;4149;322369;162128;38.9;19.6
74;2021-06-08;5027;3948;327396;166076;39.5;20.0
74;2021-06-09;5078;3486;332474;169562;40.1;20.5
74;2021-06-10;5126;2875;337600;172437;40.8;20.8
74;2021-06-11;5215;3815;342815;176252;41.4;21.3
74;2021-06-12;3572;2387;346387;178639;41.8;21.6
74;2021-06-13;119;89;346506;178728;41.8;21.6
74;2021-06-14;3598;4484;350104;183212;42.3;22.1
74;2021-06-15;3668;3897;353772;187109;42.7;22.6
74;2021-06-16;4824;3127;358596;190236;43.3;23.0
74;2021-06-17;3820;2955;362416;193191;43.7;23.3
74;2021-06-18;4115;4666;366531;197857;44.2;23.9
74;2021-06-19;2995;3100;369526;200957;44.6;24.3
74;2021-06-20;125;97;369651;201054;44.6;24.3
74;2021-06-21;2386;5423;372037;206477;44.9;24.9
74;2021-06-22;2491;5315;374528;211792;45.2;25.6
74;2021-06-23;2976;4619;377504;216411;45.6;26.1
74;2021-06-24;2864;4626;380368;221037;45.9;26.7
74;2021-06-25;2928;6768;383296;227805;46.3;27.5
74;2021-06-26;1709;5399;385005;233204;46.5;28.2
74;2021-06-27;65;1663;385070;234867;46.5;28.4
74;2021-06-28;1917;7220;386987;242087;46.7;29.2
74;2021-06-29;2301;7427;389288;249514;47.0;30.1
74;2021-06-30;2747;6545;392035;256059;47.3;30.9
74;2021-07-01;3169;5417;395204;261476;47.7;31.6
74;2021-07-02;3012;6642;398216;268118;48.1;32.4
74;2021-07-03;1697;5082;399913;273200;48.3;33.0
74;2021-07-04;82;1022;399995;274222;48.3;33.1
74;2021-07-05;2064;6839;402059;281061;48.5;33.9
74;2021-07-06;2787;6493;404846;287554;48.9;34.7
74;2021-07-07;3043;5448;407889;293002;49.2;35.4
74;2021-07-08;3835;4909;411724;297911;49.7;36.0
74;2021-07-09;2657;6979;414381;304890;50.0;36.8
74;2021-07-10;1623;5130;416004;310020;50.2;37.4
74;2021-07-11;76;141;416080;310161;50.2;37.4
74;2021-07-12;2082;7898;418162;318059;50.5;38.4
74;2021-07-13;3963;7588;422125;325647;51.0;39.3
74;2021-07-14;1965;2237;424090;327884;51.2;39.6
74;2021-07-15;3579;6865;427669;334749;51.6;40.4
74;2021-07-16;4193;7745;431862;342494;52.1;41.3
74;2021-07-17;2926;5332;434788;347826;52.5;42.0
74;2021-07-18;152;155;434940;347981;52.5;42.0
74;2021-07-19;4270;7350;439210;355331;53.0;42.9
74;2021-07-20;5803;6462;445013;361793;53.7;43.7
74;2021-07-21;5614;6666;450627;368459;54.4;44.5
74;2021-07-22;4749;5328;455376;373787;55.0;45.1
74;2021-07-23;6162;6981;461538;380768;55.7;46.0
74;2021-07-24;3052;4312;464590;385080;56.1;46.5
74;2021-07-25;161;174;464751;385254;56.1;46.5
74;2021-07-26;5458;6130;470209;391384;56.8;47.2
74;2021-07-27;6789;5169;476998;396553;57.6;47.9
74;2021-07-28;6480;5108;483478;401661;58.4;48.5
74;2021-07-29;5255;3926;488733;405587;59.0;49.0
74;2021-07-30;6659;5495;495392;411082;59.8;49.6
74;2021-07-31;4357;3120;499749;414202;60.3;50.0
74;2021-08-01;179;149;499928;414351;60.3;50.0
74;2021-08-02;5859;4392;505787;418743;61.1;50.5
74;2021-08-03;5818;3851;511605;422594;61.8;51.0
74;2021-08-04;6067;3488;517672;426082;62.5;51.4
74;2021-08-05;4861;3262;522533;429344;63.1;51.8
74;2021-08-06;4901;4175;527434;433519;63.7;52.3
74;2021-08-07;3174;2888;530608;436407;64.1;52.7
74;2021-08-08;152;133;530760;436540;64.1;52.7
74;2021-08-09;4866;4809;535626;441349;64.7;53.3
74;2021-08-10;4864;4663;540490;446012;65.2;53.8
74;2021-08-11;4282;4881;544772;450893;65.8;54.4
74;2021-08-12;3550;3602;548322;454495;66.2;54.9
74;2021-08-13;3625;4598;551947;459093;66.6;55.4
74;2021-08-14;2157;3338;554104;462431;66.9;55.8
74;2021-08-15;59;101;554163;462532;66.9;55.8
74;2021-08-16;3137;5847;557300;468379;67.3;56.5
74;2021-08-17;2967;5479;560267;473858;67.6;57.2
74;2021-08-18;2939;5431;563206;479289;68.0;57.9
74;2021-08-19;2312;3888;565518;483177;68.3;58.3
74;2021-08-20;2485;5671;568003;488848;68.6;59.0
74;2021-08-21;1193;4256;569196;493104;68.7;59.5
74;2021-08-22;56;136;569252;493240;68.7;59.5
74;2021-08-23;1911;6678;571163;499918;68.9;60.3
75;2020-12-27;50;1;50;1;0.0;0.0
75;2020-12-28;53;0;103;1;0.0;0.0
75;2020-12-29;22;0;125;1;0.0;0.0
75;2020-12-30;78;0;203;1;0.0;0.0
75;2020-12-31;34;0;237;1;0.0;0.0
75;2021-01-01;46;3;283;4;0.0;0.0
75;2021-01-02;58;1;341;5;0.0;0.0
75;2021-01-03;95;1;436;6;0.0;0.0
75;2021-01-04;301;1;737;7;0.0;0.0
75;2021-01-05;870;13;1607;20;0.1;0.0
75;2021-01-06;1356;16;2963;36;0.1;0.0
75;2021-01-07;2060;18;5023;54;0.2;0.0
75;2021-01-08;2869;32;7892;86;0.4;0.0
75;2021-01-09;1096;2;8988;88;0.4;0.0
75;2021-01-10;1096;5;10084;93;0.5;0.0
75;2021-01-11;3079;47;13163;140;0.6;0.0
75;2021-01-12;3477;54;16640;194;0.8;0.0
75;2021-01-13;3547;43;20187;237;0.9;0.0
75;2021-01-14;3714;63;23901;300;1.1;0.0
75;2021-01-15;3311;45;27212;345;1.3;0.0
75;2021-01-16;1130;16;28342;361;1.3;0.0
75;2021-01-17;550;14;28892;375;1.3;0.0
75;2021-01-18;3267;74;32159;449;1.5;0.0
75;2021-01-19;3850;49;36009;498;1.7;0.0
75;2021-01-20;4405;64;40414;562;1.9;0.0
75;2021-01-21;4905;80;45319;642;2.1;0.0
75;2021-01-22;4573;81;49892;723;2.3;0.0
75;2021-01-23;1756;15;51648;738;2.4;0.0
75;2021-01-24;742;7;52390;745;2.4;0.0
75;2021-01-25;1710;27;54100;772;2.5;0.0
75;2021-01-26;2546;88;56646;860;2.6;0.0
75;2021-01-27;3147;172;59793;1032;2.8;0.0
75;2021-01-28;4767;262;64560;1294;3.0;0.1
75;2021-01-29;4046;271;68606;1565;3.2;0.1
75;2021-01-30;1354;33;69960;1598;3.3;0.1
75;2021-01-31;221;3;70181;1601;3.3;0.1
75;2021-02-01;1617;379;71798;1980;3.3;0.1
75;2021-02-02;2129;648;73927;2628;3.4;0.1
75;2021-02-03;1877;687;75804;3315;3.5;0.2
75;2021-02-04;2137;1125;77941;4440;3.6;0.2
75;2021-02-05;2207;867;80148;5307;3.7;0.2
75;2021-02-06;1100;92;81248;5399;3.8;0.3
75;2021-02-07;172;6;81420;5405;3.8;0.3
75;2021-02-08;1256;1467;82676;6872;3.8;0.3
75;2021-02-09;1780;2380;84456;9252;3.9;0.4
75;2021-02-10;2414;2396;86870;11648;4.0;0.5
75;2021-02-11;2928;6386;89798;18034;4.2;0.8
75;2021-02-12;3117;2406;92915;20440;4.3;1.0
75;2021-02-13;847;1048;93762;21488;4.4;1.0
75;2021-02-14;205;44;93967;21532;4.4;1.0
75;2021-02-15;1001;2453;94968;23985;4.4;1.1
75;2021-02-16;1439;6522;96407;30507;4.5;1.4
75;2021-02-17;1316;3232;97723;33739;4.5;1.6
75;2021-02-18;1753;5846;99476;39585;4.6;1.8
75;2021-02-19;2212;4145;101688;43730;4.7;2.0
75;2021-02-20;472;1681;102160;45411;4.8;2.1
75;2021-02-21;189;161;102349;45572;4.8;2.1
75;2021-02-22;1212;1930;103561;47502;4.8;2.2
75;2021-02-23;1440;2720;105001;50222;4.9;2.3
75;2021-02-24;1687;2337;106688;52559;5.0;2.4
75;2021-02-25;2766;5323;109454;57882;5.1;2.7
75;2021-02-26;3359;2723;112813;60605;5.3;2.8
75;2021-02-27;1397;940;114210;61545;5.3;2.9
75;2021-02-28;320;142;114530;61687;5.3;2.9
75;2021-03-01;2587;1689;117117;63376;5.5;3.0
75;2021-03-02;4163;2216;121280;65592;5.6;3.1
75;2021-03-03;5412;2354;126692;67946;5.9;3.2
75;2021-03-04;8031;2612;134723;70558;6.3;3.3
75;2021-03-05;10538;2768;145261;73326;6.8;3.4
75;2021-03-06;11067;1098;156328;74424;7.3;3.5
75;2021-03-07;9491;1527;165819;75951;7.7;3.5
75;2021-03-08;5883;1566;171702;77517;8.0;3.6
75;2021-03-09;7508;2144;179210;79661;8.3;3.7
75;2021-03-10;7487;2143;186697;81804;8.7;3.8
75;2021-03-11;10324;2552;197021;84356;9.2;3.9
75;2021-03-12;12052;2583;209073;86939;9.7;4.0
75;2021-03-13;8539;782;217612;87721;10.1;4.1
75;2021-03-14;4157;256;221769;87977;10.3;4.1
75;2021-03-15;7439;990;229208;88967;10.7;4.1
75;2021-03-16;5138;694;234346;89661;10.9;4.2
75;2021-03-17;5418;844;239764;90505;11.2;4.2
75;2021-03-18;6603;889;246367;91394;11.5;4.3
75;2021-03-19;9732;998;256099;92392;11.9;4.3
75;2021-03-20;5925;614;262024;93006;12.2;4.3
75;2021-03-21;1582;435;263606;93441;12.3;4.3
75;2021-03-22;8626;1033;272232;94474;12.7;4.4
75;2021-03-23;10935;1265;283167;95739;13.2;4.5
75;2021-03-24;10980;1343;294147;97082;13.7;4.5
75;2021-03-25;14198;1560;308345;98642;14.4;4.6
75;2021-03-26;13951;1700;322296;100342;15.0;4.7
75;2021-03-27;7269;780;329565;101122;15.3;4.7
75;2021-03-28;1775;153;331340;101275;15.4;4.7
75;2021-03-29;7956;2216;339296;103491;15.8;4.8
75;2021-03-30;10918;3254;350214;106745;16.3;5.0
75;2021-03-31;9723;3615;359937;110360;16.8;5.1
75;2021-04-01;10670;5216;370607;115576;17.3;5.4
75;2021-04-02;9025;5588;379632;121164;17.7;5.6
75;2021-04-03;4107;4898;383739;126062;17.9;5.9
75;2021-04-04;1411;1495;385150;127557;17.9;5.9
75;2021-04-05;2234;1437;387384;128994;18.0;6.0
75;2021-04-06;6882;4310;394266;133304;18.4;6.2
75;2021-04-07;8064;4425;402330;137729;18.7;6.4
75;2021-04-08;11055;4181;413385;141910;19.2;6.6
75;2021-04-09;12189;4628;425574;146538;19.8;6.8
75;2021-04-10;5823;4274;431397;150812;20.1;7.0
75;2021-04-11;1929;1796;433326;152608;20.2;7.1
75;2021-04-12;7468;3795;440794;156403;20.5;7.3
75;2021-04-13;8551;6859;449345;163262;20.9;7.6
75;2021-04-14;8273;5227;457618;168489;21.3;7.8
75;2021-04-15;8883;6141;466501;174630;21.7;8.1
75;2021-04-16;9368;6116;475869;180746;22.2;8.4
75;2021-04-17;4812;3649;480681;184395;22.4;8.6
75;2021-04-18;1663;878;482344;185273;22.5;8.6
75;2021-04-19;5566;4952;487910;190225;22.7;8.9
75;2021-04-20;6453;5959;494363;196184;23.0;9.1
75;2021-04-21;6852;5579;501215;201763;23.3;9.4
75;2021-04-22;7534;5919;508749;207682;23.7;9.7
75;2021-04-23;8548;6353;517297;214035;24.1;10.0
75;2021-04-24;6161;3349;523458;217384;24.4;10.1
75;2021-04-25;2955;759;526413;218143;24.5;10.2
75;2021-04-26;7024;4724;533437;222867;24.8;10.4
75;2021-04-27;10584;6425;544021;229292;25.3;10.7
75;2021-04-28;12188;6035;556209;235327;25.9;11.0
75;2021-04-29;13748;6345;569957;241672;26.5;11.2
75;2021-04-30;13658;6183;583615;247855;27.2;11.5
75;2021-05-01;5070;1326;588685;249181;27.4;11.6
75;2021-05-02;2379;794;591064;249975;27.5;11.6
75;2021-05-03;10275;13508;601339;263483;28.0;12.3
75;2021-05-04;11171;8079;612510;271562;28.5;12.6
75;2021-05-05;13546;6716;626056;278278;29.1;13.0
75;2021-05-06;13986;8201;640042;286479;29.8;13.3
75;2021-05-07;13965;8596;654007;295075;30.4;13.7
75;2021-05-08;10073;5523;664080;300598;30.9;14.0
75;2021-05-09;3814;3198;667894;303796;31.1;14.1
75;2021-05-10;14287;6734;682181;310530;31.8;14.5
75;2021-05-11;16839;8433;699020;318963;32.5;14.8
75;2021-05-12;17951;8169;716971;327132;33.4;15.2
75;2021-05-13;13628;2509;730599;329641;34.0;15.3
75;2021-05-14;18378;5147;748977;334788;34.9;15.6
75;2021-05-15;12303;2651;761280;337439;35.4;15.7
75;2021-05-16;3848;762;765128;338201;35.6;15.7
75;2021-05-17;15996;4657;781124;342858;36.4;16.0
75;2021-05-18;19145;5333;800269;348191;37.3;16.2
75;2021-05-19;20710;10735;820979;358926;38.2;16.7
75;2021-05-20;21569;8685;842548;367611;39.2;17.1
75;2021-05-21;21022;6559;863570;374170;40.2;17.4
75;2021-05-22;15922;3321;879492;377491;40.9;17.6
75;2021-05-23;5628;1341;885120;378832;41.2;17.6
75;2021-05-24;15634;2565;900754;381397;41.9;17.8
75;2021-05-25;18016;9603;918770;391000;42.8;18.2
75;2021-05-26;18868;8231;937638;399231;43.6;18.6
75;2021-05-27;20135;9828;957773;409059;44.6;19.0
75;2021-05-28;19338;10875;977111;419934;45.5;19.5
75;2021-05-29;16114;5855;993225;425789;46.2;19.8
75;2021-05-30;7031;2159;1000256;427948;46.6;19.9
75;2021-05-31;18095;9467;1018351;437415;47.4;20.4
75;2021-06-01;18656;12992;1037007;450407;48.3;21.0
75;2021-06-02;18109;10309;1055116;460716;49.1;21.4
75;2021-06-03;20247;11984;1075363;472700;50.1;22.0
75;2021-06-04;18112;12875;1093475;485575;50.9;22.6
75;2021-06-05;11987;9629;1105462;495204;51.5;23.1
75;2021-06-06;6721;3160;1112183;498364;51.8;23.2
75;2021-06-07;13897;11850;1126080;510214;52.4;23.7
75;2021-06-08;14803;13984;1140883;524198;53.1;24.4
75;2021-06-09;16501;15258;1157384;539456;53.9;25.1
75;2021-06-10;18355;26330;1175739;565786;54.7;26.3
75;2021-06-11;15313;16480;1191052;582266;55.4;27.1
75;2021-06-12;13284;10004;1204336;592270;56.1;27.6
75;2021-06-13;6272;3798;1210608;596068;56.4;27.7
75;2021-06-14;11827;15430;1222435;611498;56.9;28.5
75;2021-06-15;12719;19561;1235154;631059;57.5;29.4
75;2021-06-16;12191;17249;1247345;648308;58.1;30.2
75;2021-06-17;12643;17693;1259988;666001;58.7;31.0
75;2021-06-18;11276;22628;1271264;688629;59.2;32.1
75;2021-06-19;7526;11831;1278790;700460;59.5;32.6
75;2021-06-20;2815;5486;1281605;705946;59.7;32.9
75;2021-06-21;8496;16347;1290101;722293;60.1;33.6
75;2021-06-22;8793;21814;1298894;744107;60.5;34.6
75;2021-06-23;10292;21437;1309186;765544;60.9;35.6
75;2021-06-24;11299;20648;1320485;786192;61.5;36.6
75;2021-06-25;9858;24702;1330343;810894;61.9;37.7
75;2021-06-26;7942;15429;1338285;826323;62.3;38.5
75;2021-06-27;2696;6332;1340981;832655;62.4;38.8
75;2021-06-28;8458;20154;1349439;852809;62.8;39.7
75;2021-06-29;9334;23848;1358773;876657;63.2;40.8
75;2021-06-30;10178;23624;1368951;900281;63.7;41.9
75;2021-07-01;11310;23527;1380261;923808;64.2;43.0
75;2021-07-02;10757;24786;1391018;948594;64.8;44.2
75;2021-07-03;7803;19822;1398821;968416;65.1;45.1
75;2021-07-04;3902;9556;1402723;977972;65.3;45.5
75;2021-07-05;9139;21576;1411862;999548;65.7;46.5
75;2021-07-06;10067;24014;1421929;1023562;66.2;47.6
75;2021-07-07;10046;25097;1431975;1048659;66.7;48.8
75;2021-07-08;10580;25018;1442555;1073677;67.1;50.0
75;2021-07-09;10615;24040;1453170;1097717;67.6;51.1
75;2021-07-10;7918;18515;1461088;1116232;68.0;52.0
75;2021-07-11;4345;8533;1465433;1124765;68.2;52.4
75;2021-07-12;9568;23092;1475001;1147857;68.7;53.4
75;2021-07-13;14259;24826;1489260;1172683;69.3;54.6
75;2021-07-14;8230;9722;1497490;1182405;69.7;55.0
75;2021-07-15;15129;25666;1512619;1208071;70.4;56.2
75;2021-07-16;15500;22144;1528119;1230215;71.1;57.3
75;2021-07-17;11500;16894;1539619;1247109;71.7;58.1
75;2021-07-18;6276;6830;1545895;1253939;72.0;58.4
75;2021-07-19;14274;21307;1560169;1275246;72.6;59.4
75;2021-07-20;15998;21880;1576167;1297126;73.4;60.4
75;2021-07-21;15632;20720;1591799;1317846;74.1;61.3
75;2021-07-22;17068;20079;1608867;1337925;74.9;62.3
75;2021-07-23;16907;19088;1625774;1357013;75.7;63.2
75;2021-07-24;11146;14060;1636920;1371073;76.2;63.8
75;2021-07-25;4985;5085;1641905;1376158;76.4;64.1
75;2021-07-26;15081;16872;1656986;1393030;77.1;64.8
75;2021-07-27;17983;16629;1674969;1409659;78.0;65.6
75;2021-07-28;17005;15466;1691974;1425125;78.8;66.3
75;2021-07-29;16652;15061;1708626;1440186;79.5;67.0
75;2021-07-30;16115;14301;1724741;1454487;80.3;67.7
75;2021-07-31;9260;9844;1734001;1464331;80.7;68.2
75;2021-08-01;3491;3290;1737492;1467621;80.9;68.3
75;2021-08-02;10421;11970;1747913;1479591;81.4;68.9
75;2021-08-03;10853;10802;1758766;1490393;81.9;69.4
75;2021-08-04;9359;9487;1768125;1499880;82.3;69.8
75;2021-08-05;8447;9504;1776572;1509384;82.7;70.3
75;2021-08-06;8020;9944;1784592;1519328;83.1;70.7
75;2021-08-07;5607;7132;1790199;1526460;83.3;71.1
75;2021-08-08;1910;3270;1792109;1529730;83.4;71.2
75;2021-08-09;8336;11426;1800445;1541156;83.8;71.7
75;2021-08-10;8900;11547;1809345;1552703;84.2;72.3
75;2021-08-11;7567;10105;1816912;1562808;84.6;72.7
75;2021-08-12;6742;10598;1823654;1573406;84.9;73.2
75;2021-08-13;6018;8884;1829672;1582290;85.2;73.7
75;2021-08-14;4010;7185;1833682;1589475;85.4;74.0
75;2021-08-15;922;1927;1834604;1591402;85.4;74.1
75;2021-08-16;5968;14003;1840572;1605405;85.7;74.7
75;2021-08-17;5666;13559;1846238;1618964;85.9;75.4
75;2021-08-18;4882;11967;1851120;1630931;86.2;75.9
75;2021-08-19;4602;12656;1855722;1643587;86.4;76.5
75;2021-08-20;4368;11732;1860090;1655319;86.6;77.1
75;2021-08-21;3099;8782;1863189;1664101;86.7;77.5
75;2021-08-22;975;3158;1864164;1667259;86.8;77.6
75;2021-08-23;4709;15248;1868873;1682507;87.0;78.3
76;2020-12-27;0;0;0;0;0.0;0.0
76;2020-12-28;0;0;0;0;0.0;0.0
76;2020-12-29;0;0;0;0;0.0;0.0
76;2020-12-30;0;0;0;0;0.0;0.0
76;2020-12-31;0;0;0;0;0.0;0.0
76;2021-01-01;0;0;0;0;0.0;0.0
76;2021-01-02;0;0;0;0;0.0;0.0
76;2021-01-03;0;0;0;0;0.0;0.0
76;2021-01-04;17;0;17;0;0.0;0.0
76;2021-01-05;138;0;155;0;0.0;0.0
76;2021-01-06;682;2;837;2;0.1;0.0
76;2021-01-07;1355;7;2192;9;0.2;0.0
76;2021-01-08;1534;2;3726;11;0.3;0.0
76;2021-01-09;736;2;4462;13;0.4;0.0
76;2021-01-10;492;1;4954;14;0.4;0.0
76;2021-01-11;1358;2;6312;16;0.5;0.0
76;2021-01-12;1358;2;7670;18;0.6;0.0
76;2021-01-13;1187;5;8857;23;0.7;0.0
76;2021-01-14;2175;24;11032;47;0.9;0.0
76;2021-01-15;1911;9;12943;56;1.0;0.0
76;2021-01-16;990;7;13933;63;1.1;0.0
76;2021-01-17;2898;20;16831;83;1.4;0.0
76;2021-01-18;4396;16;21227;99;1.7;0.0
76;2021-01-19;3013;8;24240;107;1.9;0.0
76;2021-01-20;2069;9;26309;116;2.1;0.0
76;2021-01-21;1773;4;28082;120;2.3;0.0
76;2021-01-22;1706;4;29788;124;2.4;0.0
76;2021-01-23;449;1;30237;125;2.4;0.0
76;2021-01-24;99;0;30336;125;2.4;0.0
76;2021-01-25;1474;140;31810;265;2.6;0.0
76;2021-01-26;1390;335;33200;600;2.7;0.0
76;2021-01-27;1341;432;34541;1032;2.8;0.1
76;2021-01-28;1283;383;35824;1415;2.9;0.1
76;2021-01-29;1152;459;36976;1874;3.0;0.2
76;2021-01-30;283;304;37259;2178;3.0;0.2
76;2021-01-31;4;98;37263;2276;3.0;0.2
76;2021-02-01;840;815;38103;3091;3.1;0.2
76;2021-02-02;1056;1021;39159;4112;3.1;0.3
76;2021-02-03;919;1002;40078;5114;3.2;0.4
76;2021-02-04;976;1454;41054;6568;3.3;0.5
76;2021-02-05;974;1105;42028;7673;3.4;0.6
76;2021-02-06;262;883;42290;8556;3.4;0.7
76;2021-02-07;468;1659;42758;10215;3.4;0.8
76;2021-02-08;1924;3737;44682;13952;3.6;1.1
76;2021-02-09;1757;2997;46439;16949;3.7;1.4
76;2021-02-10;1488;1810;47927;18759;3.9;1.5
76;2021-02-11;1676;1530;49603;20289;4.0;1.6
76;2021-02-12;1708;1577;51311;21866;4.1;1.8
76;2021-02-13;230;337;51541;22203;4.1;1.8
76;2021-02-14;9;82;51550;22285;4.1;1.8
76;2021-02-15;554;1720;52104;24005;4.2;1.9
76;2021-02-16;741;1645;52845;25650;4.2;2.1
76;2021-02-17;625;1447;53470;27097;4.3;2.2
76;2021-02-18;780;1394;54250;28491;4.4;2.3
76;2021-02-19;868;1343;55118;29834;4.4;2.4
76;2021-02-20;270;288;55388;30122;4.5;2.4
76;2021-02-21;0;0;55388;30122;4.5;2.4
76;2021-02-22;371;1309;55759;31431;4.5;2.5
76;2021-02-23;575;1239;56334;32670;4.5;2.6
76;2021-02-24;599;1199;56933;33869;4.6;2.7
76;2021-02-25;1665;1265;58598;35134;4.7;2.8
76;2021-02-26;2171;1053;60769;36187;4.9;2.9
76;2021-02-27;1107;276;61876;36463;5.0;2.9
76;2021-02-28;27;196;61903;36659;5.0;2.9
76;2021-03-01;828;2109;62731;38768;5.0;3.1
76;2021-03-02;1381;1720;64112;40488;5.2;3.3
76;2021-03-03;1941;1395;66053;41883;5.3;3.4
76;2021-03-04;2818;1111;68871;42994;5.5;3.5
76;2021-03-05;4179;813;73050;43807;5.9;3.5
76;2021-03-06;3365;165;76415;43972;6.1;3.5
76;2021-03-07;1257;34;77672;44006;6.2;3.5
76;2021-03-08;2101;1258;79773;45264;6.4;3.6
76;2021-03-09;3575;1170;83348;46434;6.7;3.7
76;2021-03-10;3592;1065;86940;47499;7.0;3.8
76;2021-03-11;5634;948;92574;48447;7.4;3.9
76;2021-03-12;6827;599;99401;49046;8.0;3.9
76;2021-03-13;4646;148;104047;49194;8.4;4.0
76;2021-03-14;1068;28;105115;49222;8.5;4.0
76;2021-03-15;2918;234;108033;49456;8.7;4.0
76;2021-03-16;2556;402;110589;49858;8.9;4.0
76;2021-03-17;2695;317;113284;50175;9.1;4.0
76;2021-03-18;3002;311;116286;50486;9.3;4.1
76;2021-03-19;4395;431;120681;50917;9.7;4.1
76;2021-03-20;3974;289;124655;51206;10.0;4.1
76;2021-03-21;838;13;125493;51219;10.1;4.1
76;2021-03-22;3992;346;129485;51565;10.4;4.1
76;2021-03-23;5711;358;135196;51923;10.9;4.2
76;2021-03-24;5700;396;140896;52319;11.3;4.2
76;2021-03-25;7508;569;148404;52888;11.9;4.3
76;2021-03-26;8722;586;157126;53474;12.6;4.3
76;2021-03-27;4810;392;161936;53866;13.0;4.3
76;2021-03-28;1021;31;162957;53897;13.1;4.3
76;2021-03-29;5390;824;168347;54721;13.5;4.4
76;2021-03-30;6585;1061;174932;55782;14.1;4.5
76;2021-03-31;6447;1257;181379;57039;14.6;4.6
76;2021-04-01;6785;2035;188164;59074;15.1;4.7
76;2021-04-02;6488;2676;194652;61750;15.6;5.0
76;2021-04-03;2442;1080;197094;62830;15.8;5.1
76;2021-04-04;264;11;197358;62841;15.9;5.1
76;2021-04-05;868;379;198226;63220;15.9;5.1
76;2021-04-06;3557;2793;201783;66013;16.2;5.3
76;2021-04-07;4417;2405;206200;68418;16.6;5.5
76;2021-04-08;5840;2784;212040;71202;17.0;5.7
76;2021-04-09;8806;3071;220846;74273;17.8;6.0
76;2021-04-10;4877;1420;225723;75693;18.1;6.1
76;2021-04-11;814;530;226537;76223;18.2;6.1
76;2021-04-12;4725;2849;231262;79072;18.6;6.4
76;2021-04-13;5928;2871;237190;81943;19.1;6.6
76;2021-04-14;4805;3139;241995;85082;19.5;6.8
76;2021-04-15;5564;3362;247559;88444;19.9;7.1
76;2021-04-16;7353;3439;254912;91883;20.5;7.4
76;2021-04-17;4388;1429;259300;93312;20.8;7.5
76;2021-04-18;339;140;259639;93452;20.9;7.5
76;2021-04-19;3478;3775;263117;97227;21.2;7.8
76;2021-04-20;4342;4278;267459;101505;21.5;8.2
76;2021-04-21;4191;4692;271650;106197;21.8;8.5
76;2021-04-22;4562;5440;276212;111637;22.2;9.0
76;2021-04-23;5437;5962;281649;117599;22.6;9.5
76;2021-04-24;4163;2193;285812;119792;23.0;9.6
76;2021-04-25;893;267;286705;120059;23.1;9.7
76;2021-04-26;4482;4477;291187;124536;23.4;10.0
76;2021-04-27;4999;5006;296186;129542;23.8;10.4
76;2021-04-28;5347;4170;301533;133712;24.2;10.8
76;2021-04-29;6927;4170;308460;137882;24.8;11.1
76;2021-04-30;8218;4652;316678;142534;25.5;11.5
76;2021-05-01;4827;1012;321505;143546;25.8;11.5
76;2021-05-02;1843;262;323348;143808;26.0;11.6
76;2021-05-03;4703;3316;328051;147124;26.4;11.8
76;2021-05-04;4823;4561;332874;151685;26.8;12.2
76;2021-05-05;4784;5179;337658;156864;27.1;12.6
76;2021-05-06;5922;5587;343580;162451;27.6;13.1
76;2021-05-07;6138;6765;349718;169216;28.1;13.6
76;2021-05-08;5055;905;354773;170121;28.5;13.7
76;2021-05-09;2539;235;357312;170356;28.7;13.7
76;2021-05-10;4948;5060;362260;175416;29.1;14.1
76;2021-05-11;6519;5679;368779;181095;29.6;14.6
76;2021-05-12;6264;5079;375043;186174;30.2;15.0
76;2021-05-13;8845;1281;383888;187455;30.9;15.1
76;2021-05-14;10418;4665;394306;192120;31.7;15.4
76;2021-05-15;9120;2454;403426;194574;32.4;15.6
76;2021-05-16;6234;481;409660;195055;32.9;15.7
76;2021-05-17;7225;3274;416885;198329;33.5;15.9
76;2021-05-18;8304;2813;425189;201142;34.2;16.2
76;2021-05-19;8402;3192;433591;204334;34.9;16.4
76;2021-05-20;9649;3418;443240;207752;35.6;16.7
76;2021-05-21;8369;4097;451609;211849;36.3;17.0
76;2021-05-22;7164;2361;458773;214210;36.9;17.2
76;2021-05-23;6390;415;465163;214625;37.4;17.3
76;2021-05-24;6865;1529;472028;216154;38.0;17.4
76;2021-05-25;8025;4086;480053;220240;38.6;17.7
76;2021-05-26;7573;3613;487626;223853;39.2;18.0
76;2021-05-27;8346;4708;495972;228561;39.9;18.4
76;2021-05-28;8233;6575;504205;235136;40.5;18.9
76;2021-05-29;6223;3522;510428;238658;41.0;19.2
76;2021-05-30;3147;431;513575;239089;41.3;19.2
76;2021-05-31;8169;3973;521744;243062;41.9;19.5
76;2021-06-01;9211;5032;530955;248094;42.7;19.9
76;2021-06-02;7931;4448;538886;252542;43.3;20.3
76;2021-06-03;9539;5411;548425;257953;44.1;20.7
76;2021-06-04;9243;6694;557668;264647;44.8;21.3
76;2021-06-05;6289;3819;563957;268466;45.3;21.6
76;2021-06-06;2554;648;566511;269114;45.5;21.6
76;2021-06-07;6983;5453;573494;274567;46.1;22.1
76;2021-06-08;8655;6288;582149;280855;46.8;22.6
76;2021-06-09;7213;6087;589362;286942;47.4;23.1
76;2021-06-10;7993;6569;597355;293511;48.0;23.6
76;2021-06-11;7581;8238;604936;301749;48.6;24.3
76;2021-06-12;7166;5876;612102;307625;49.2;24.7
76;2021-06-13;2961;1294;615063;308919;49.5;24.8
76;2021-06-14;6490;6726;621553;315645;50.0;25.4
76;2021-06-15;6298;7466;627851;323111;50.5;26.0
76;2021-06-16;6655;7484;634506;330595;51.0;26.6
76;2021-06-17;7007;7758;641513;338353;51.6;27.2
76;2021-06-18;7689;9241;649202;347594;52.2;27.9
76;2021-06-19;5986;6263;655188;353857;52.7;28.4
76;2021-06-20;2811;1816;657999;355673;52.9;28.6
76;2021-06-21;5589;8175;663588;363848;53.4;29.3
76;2021-06-22;4925;9879;668513;373727;53.7;30.0
76;2021-06-23;4730;9435;673243;383162;54.1;30.8
76;2021-06-24;4797;9919;678040;393081;54.5;31.6
76;2021-06-25;5225;11576;683265;404657;54.9;32.5
76;2021-06-26;3454;7878;686719;412535;55.2;33.2
76;2021-06-27;1367;5164;688086;417699;55.3;33.6
76;2021-06-28;3615;9949;691701;427648;55.6;34.4
76;2021-06-29;3873;10233;695574;437881;55.9;35.2
76;2021-06-30;4271;9839;699845;447720;56.3;36.0
76;2021-07-01;4592;9906;704437;457626;56.6;36.8
76;2021-07-02;4369;12012;708806;469638;57.0;37.8
76;2021-07-03;3587;8454;712393;478092;57.3;38.4
76;2021-07-04;1487;5303;713880;483395;57.4;38.9
76;2021-07-05;3954;9331;717834;492726;57.7;39.6
76;2021-07-06;4055;10077;721889;502803;58.0;40.4
76;2021-07-07;4014;9329;725903;512132;58.4;41.2
76;2021-07-08;4466;9459;730369;521591;58.7;41.9
76;2021-07-09;4365;12412;734734;534003;59.1;42.9
76;2021-07-10;3138;8552;737872;542555;59.3;43.6
76;2021-07-11;1777;2818;739649;545373;59.5;43.8
76;2021-07-12;3157;11150;742806;556523;59.7;44.7
76;2021-07-13;4938;12261;747744;568784;60.1;45.7
76;2021-07-14;4803;5542;752547;574326;60.5;46.2
76;2021-07-15;5914;11792;758461;586118;61.0;47.1
76;2021-07-16;6720;12015;765181;598133;61.5;48.1
76;2021-07-17;5278;8704;770459;606837;61.9;48.8
76;2021-07-18;2258;3357;772717;610194;62.1;49.1
76;2021-07-19;5159;11149;777876;621343;62.5;50.0
76;2021-07-20;6274;11629;784150;632972;63.0;50.9
76;2021-07-21;6337;10558;790487;643530;63.6;51.7
76;2021-07-22;8237;9654;798724;653184;64.2;52.5
76;2021-07-23;7630;11992;806354;665176;64.8;53.5
76;2021-07-24;4992;7717;811346;672893;65.2;54.1
76;2021-07-25;2869;3142;814215;676035;65.5;54.4
76;2021-07-26;5435;10153;819650;686188;65.9;55.2
76;2021-07-27;8323;9558;827973;695746;66.6;55.9
76;2021-07-28;8240;7810;836213;703556;67.2;56.6
76;2021-07-29;9567;6974;845780;710530;68.0;57.1
76;2021-07-30;7986;7833;853766;718363;68.6;57.8
76;2021-07-31;6589;5324;860355;723687;69.2;58.2
76;2021-08-01;3862;2082;864217;725769;69.5;58.4
76;2021-08-02;6547;7096;870764;732865;70.0;58.9
76;2021-08-03;7941;6347;878705;739212;70.6;59.4
76;2021-08-04;7215;5849;885920;745061;71.2;59.9
76;2021-08-05;8017;5706;893937;750767;71.9;60.4
76;2021-08-06;6743;6870;900680;757637;72.4;60.9
76;2021-08-07;4769;4375;905449;762012;72.8;61.3
76;2021-08-08;2401;2154;907850;764166;73.0;61.4
76;2021-08-09;5592;6734;913442;770900;73.4;62.0
76;2021-08-10;6329;6543;919771;777443;73.9;62.5
76;2021-08-11;6437;5479;926208;782922;74.5;62.9
76;2021-08-12;6010;6057;932218;788979;74.9;63.4
76;2021-08-13;5026;6200;937244;795179;75.4;63.9
76;2021-08-14;3818;4589;941062;799768;75.7;64.3
76;2021-08-15;1573;2349;942635;802117;75.8;64.5
76;2021-08-16;3604;6712;946239;808829;76.1;65.0
76;2021-08-17;3884;6933;950123;815762;76.4;65.6
76;2021-08-18;3716;6734;953839;822496;76.7;66.1
76;2021-08-19;3360;7160;957199;829656;77.0;66.7
76;2021-08-20;3402;7814;960601;837470;77.2;67.3
76;2021-08-21;1810;4212;962411;841682;77.4;67.7
76;2021-08-22;857;3287;963268;844969;77.4;67.9
76;2021-08-23;2588;7732;965856;852701;77.7;68.6
77;2020-12-27;1;0;1;0;0.0;0.0
77;2020-12-28;1;0;2;0;0.0;0.0
77;2020-12-29;0;0;2;0;0.0;0.0
77;2020-12-30;0;0;2;0;0.0;0.0
77;2020-12-31;0;0;2;0;0.0;0.0
77;2021-01-01;4;0;6;0;0.0;0.0
77;2021-01-02;0;0;6;0;0.0;0.0
77;2021-01-03;0;0;6;0;0.0;0.0
77;2021-01-04;7;0;13;0;0.0;0.0
77;2021-01-05;199;0;212;0;0.0;0.0
77;2021-01-06;223;2;435;2;0.0;0.0
77;2021-01-07;521;3;956;5;0.1;0.0
77;2021-01-08;612;0;1568;5;0.1;0.0
77;2021-01-09;273;1;1841;6;0.1;0.0
77;2021-01-10;235;2;2076;8;0.1;0.0
77;2021-01-11;783;2;2859;10;0.2;0.0
77;2021-01-12;884;1;3743;11;0.3;0.0
77;2021-01-13;937;1;4680;12;0.3;0.0
77;2021-01-14;847;7;5527;19;0.4;0.0
77;2021-01-15;859;11;6386;30;0.4;0.0
77;2021-01-16;168;1;6554;31;0.5;0.0
77;2021-01-17;131;2;6685;33;0.5;0.0
77;2021-01-18;1194;5;7879;38;0.6;0.0
77;2021-01-19;1721;20;9600;58;0.7;0.0
77;2021-01-20;2541;5;12141;63;0.9;0.0
77;2021-01-21;2053;23;14194;86;1.0;0.0
77;2021-01-22;1147;8;15341;94;1.1;0.0
77;2021-01-23;350;0;15691;94;1.1;0.0
77;2021-01-24;44;0;15735;94;1.1;0.0
77;2021-01-25;939;24;16674;118;1.2;0.0
77;2021-01-26;1702;25;18376;143;1.3;0.0
77;2021-01-27;1363;28;19739;171;1.4;0.0
77;2021-01-28;1697;98;21436;269;1.5;0.0
77;2021-01-29;1285;146;22721;415;1.6;0.0
77;2021-01-30;211;2;22932;417;1.6;0.0
77;2021-01-31;0;0;22932;417;1.6;0.0
77;2021-02-01;569;212;23501;629;1.7;0.0
77;2021-02-02;867;267;24368;896;1.7;0.1
77;2021-02-03;794;526;25162;1422;1.8;0.1
77;2021-02-04;789;806;25951;2228;1.8;0.2
77;2021-02-05;857;852;26808;3080;1.9;0.2
77;2021-02-06;165;101;26973;3181;1.9;0.2
77;2021-02-07;16;92;26989;3273;1.9;0.2
77;2021-02-08;495;939;27484;4212;1.9;0.3
77;2021-02-09;589;1465;28073;5677;2.0;0.4
77;2021-02-10;1029;1836;29102;7513;2.0;0.5
77;2021-02-11;1059;1652;30161;9165;2.1;0.6
77;2021-02-12;1098;1173;31259;10338;2.2;0.7
77;2021-02-13;187;175;31446;10513;2.2;0.7
77;2021-02-14;12;57;31458;10570;2.2;0.7
77;2021-02-15;555;1029;32013;11599;2.2;0.8
77;2021-02-16;599;1541;32612;13140;2.3;0.9
77;2021-02-17;515;1189;33127;14329;2.3;1.0
77;2021-02-18;840;1623;33967;15952;2.4;1.1
77;2021-02-19;776;1133;34743;17085;2.4;1.2
77;2021-02-20;54;179;34797;17264;2.4;1.2
77;2021-02-21;7;31;34804;17295;2.4;1.2
77;2021-02-22;303;772;35107;18067;2.5;1.3
77;2021-02-23;358;1131;35465;19198;2.5;1.3
77;2021-02-24;513;899;35978;20097;2.5;1.4
77;2021-02-25;793;971;36771;21068;2.6;1.5
77;2021-02-26;841;839;37612;21907;2.6;1.5
77;2021-02-27;460;169;38072;22076;2.7;1.6
77;2021-02-28;33;5;38105;22081;2.7;1.6
77;2021-03-01;676;712;38781;22793;2.7;1.6
77;2021-03-02;1092;1028;39873;23821;2.8;1.7
77;2021-03-03;1954;1179;41827;25000;2.9;1.8
77;2021-03-04;2800;1132;44627;26132;3.1;1.8
77;2021-03-05;3379;1048;48006;27180;3.4;1.9
77;2021-03-06;4824;266;52830;27446;3.7;1.9
77;2021-03-07;3191;116;56021;27562;3.9;1.9
77;2021-03-08;1230;506;57251;28068;4.0;2.0
77;2021-03-09;2504;632;59755;28700;4.2;2.0
77;2021-03-10;2398;577;62153;29277;4.4;2.1
77;2021-03-11;3500;784;65653;30061;4.6;2.1
77;2021-03-12;3888;685;69541;30746;4.9;2.2
77;2021-03-13;4481;203;74022;30949;5.2;2.2
77;2021-03-14;2152;121;76174;31070;5.4;2.2
77;2021-03-15;2509;279;78683;31349;5.5;2.2
77;2021-03-16;2444;376;81127;31725;5.7;2.2
77;2021-03-17;2551;424;83678;32149;5.9;2.3
77;2021-03-18;3010;399;86688;32548;6.1;2.3
77;2021-03-19;3358;436;90046;32984;6.3;2.3
77;2021-03-20;1966;75;92012;33059;6.5;2.3
77;2021-03-21;242;13;92254;33072;6.5;2.3
77;2021-03-22;3021;406;95275;33478;6.7;2.4
77;2021-03-23;4519;527;99794;34005;7.0;2.4
77;2021-03-24;4152;617;103946;34622;7.3;2.4
77;2021-03-25;5908;407;109854;35029;7.7;2.5
77;2021-03-26;6267;447;116121;35476;8.2;2.5
77;2021-03-27;3321;121;119442;35597;8.4;2.5
77;2021-03-28;1730;44;121172;35641;8.5;2.5
77;2021-03-29;2654;687;123826;36328;8.7;2.6
77;2021-03-30;3994;1194;127820;37522;9.0;2.6
77;2021-03-31;3753;1221;131573;38743;9.2;2.7
77;2021-04-01;4141;1819;135714;40562;9.5;2.8
77;2021-04-02;3990;2014;139704;42576;9.8;3.0
77;2021-04-03;1745;2280;141449;44856;9.9;3.2
77;2021-04-04;424;1427;141873;46283;10.0;3.3
77;2021-04-05;160;164;142033;46447;10.0;3.3
77;2021-04-06;2718;1923;144751;48370;10.2;3.4
77;2021-04-07;3317;2082;148068;50452;10.4;3.5
77;2021-04-08;4534;2365;152602;52817;10.7;3.7
77;2021-04-09;4849;2087;157451;54904;11.1;3.9
77;2021-04-10;3074;2750;160525;57654;11.3;4.0
77;2021-04-11;586;717;161111;58371;11.3;4.1
77;2021-04-12;2232;1825;163343;60196;11.5;4.2
77;2021-04-13;3357;2634;166700;62830;11.7;4.4
77;2021-04-14;2522;2648;169222;65478;11.9;4.6
77;2021-04-15;3321;3114;172543;68592;12.1;4.8
77;2021-04-16;3575;2720;176118;71312;12.4;5.0
77;2021-04-17;1386;474;177504;71786;12.5;5.0
77;2021-04-18;150;11;177654;71797;12.5;5.0
77;2021-04-19;2084;2509;179738;74306;12.6;5.2
77;2021-04-20;2569;3382;182307;77688;12.8;5.5
77;2021-04-21;2194;3478;184501;81166;13.0;5.7
77;2021-04-22;3003;3860;187504;85026;13.2;6.0
77;2021-04-23;3529;3636;191033;88662;13.4;6.2
77;2021-04-24;4901;2516;195934;91178;13.8;6.4
77;2021-04-25;4080;1239;200014;92417;14.0;6.5
77;2021-04-26;3226;2042;203240;94459;14.3;6.6
77;2021-04-27;3997;2515;207237;96974;14.6;6.8
77;2021-04-28;4070;2615;211307;99589;14.8;7.0
77;2021-04-29;4481;3081;215788;102670;15.2;7.2
77;2021-04-30;4909;3335;220697;106005;15.5;7.4
77;2021-05-01;2463;594;223160;106599;15.7;7.5
77;2021-05-02;3142;276;226302;106875;15.9;7.5
77;2021-05-03;5989;2065;232291;108940;16.3;7.7
77;2021-05-04;6441;2990;238732;111930;16.8;7.9
77;2021-05-05;6017;3023;244749;114953;17.2;8.1
77;2021-05-06;6889;3594;251638;118547;17.7;8.3
77;2021-05-07;8205;3263;259843;121810;18.3;8.6
77;2021-05-08;5710;809;265553;122619;18.7;8.6
77;2021-05-09;4907;481;270460;123100;19.0;8.6
77;2021-05-10;8089;2329;278549;125429;19.6;8.8
77;2021-05-11;9582;2919;288131;128348;20.2;9.0
77;2021-05-12;8977;2284;297108;130632;20.9;9.2
77;2021-05-13;9305;882;306413;131514;21.5;9.2
77;2021-05-14;10426;1665;316839;133179;22.3;9.4
77;2021-05-15;8992;1249;325831;134428;22.9;9.4
77;2021-05-16;5151;465;330982;134893;23.2;9.5
77;2021-05-17;10374;1474;341356;136367;24.0;9.6
77;2021-05-18;11784;1804;353140;138171;24.8;9.7
77;2021-05-19;10913;1607;364053;139778;25.6;9.8
77;2021-05-20;12213;2157;376266;141935;26.4;10.0
77;2021-05-21;11653;2699;387919;144634;27.2;10.2
77;2021-05-22;9819;1739;397738;146373;27.9;10.3
77;2021-05-23;6986;809;404724;147182;28.4;10.3
77;2021-05-24;6765;775;411489;147957;28.9;10.4
77;2021-05-25;8312;2815;419801;150772;29.5;10.6
77;2021-05-26;7564;2980;427365;153752;30.0;10.8
77;2021-05-27;7553;3963;434918;157715;30.6;11.1
77;2021-05-28;7641;4013;442559;161728;31.1;11.4
77;2021-05-29;7355;2341;449914;164069;31.6;11.5
77;2021-05-30;4361;894;454275;164963;31.9;11.6
77;2021-05-31;8385;3831;462660;168794;32.5;11.9
77;2021-06-01;9645;4383;472305;173177;33.2;12.2
77;2021-06-02;9005;3924;481310;177101;33.8;12.4
77;2021-06-03;9004;5273;490314;182374;34.4;12.8
77;2021-06-04;9118;5491;499432;187865;35.1;13.2
77;2021-06-05;6663;4992;506095;192857;35.6;13.5
77;2021-06-06;4910;3210;511005;196067;35.9;13.8
77;2021-06-07;6417;4544;517422;200611;36.3;14.1
77;2021-06-08;5722;5224;523144;205835;36.7;14.5
77;2021-06-09;5057;4963;528201;210798;37.1;14.8
77;2021-06-10;5013;5463;533214;216261;37.5;15.2
77;2021-06-11;5756;6036;538970;222297;37.9;15.6
77;2021-06-12;6546;4751;545516;227048;38.3;15.9
77;2021-06-13;3507;3051;549023;230099;38.6;16.2
77;2021-06-14;3218;7929;552241;238028;38.8;16.7
77;2021-06-15;4124;8481;556365;246509;39.1;17.3
77;2021-06-16;4807;8377;561172;254886;39.4;17.9
77;2021-06-17;4472;9027;565644;263913;39.7;18.5
77;2021-06-18;4364;9788;570008;273701;40.0;19.2
77;2021-06-19;5305;6931;575313;280632;40.4;19.7
77;2021-06-20;2094;3798;577407;284430;40.6;20.0
77;2021-06-21;3230;9581;580637;294011;40.8;20.7
77;2021-06-22;3667;11374;584304;305385;41.0;21.5
77;2021-06-23;3440;10055;587744;315440;41.3;22.2
77;2021-06-24;3360;10914;591104;326354;41.5;22.9
77;2021-06-25;3625;10805;594729;337159;41.8;23.7
77;2021-06-26;4088;10069;598817;347228;42.1;24.4
77;2021-06-27;2123;6426;600940;353654;42.2;24.8
77;2021-06-28;2800;10832;603740;364486;42.4;25.6
77;2021-06-29;3414;12525;607154;377011;42.6;26.5
77;2021-06-30;3286;11448;610440;388459;42.9;27.3
77;2021-07-01;3278;11660;613718;400119;43.1;28.1
77;2021-07-02;3453;12254;617171;412373;43.4;29.0
77;2021-07-03;3186;10793;620357;423166;43.6;29.7
77;2021-07-04;1995;6491;622352;429657;43.7;30.2
77;2021-07-05;3591;9544;625943;439201;44.0;30.9
77;2021-07-06;3737;9529;629680;448730;44.2;31.5
77;2021-07-07;4057;8956;633737;457686;44.5;32.1
77;2021-07-08;3920;8758;637657;466444;44.8;32.8
77;2021-07-09;4697;10341;642354;476785;45.1;33.5
77;2021-07-10;4047;9842;646401;486627;45.4;34.2
77;2021-07-11;3087;5088;649488;491715;45.6;34.5
77;2021-07-12;3286;10857;652774;502572;45.9;35.3
77;2021-07-13;6113;12030;658887;514602;46.3;36.1
77;2021-07-14;3546;6437;662433;521039;46.5;36.6
77;2021-07-15;7165;11972;669598;533011;47.0;37.4
77;2021-07-16;7811;9897;677409;542908;47.6;38.1
77;2021-07-17;5788;9455;683197;552363;48.0;38.8
77;2021-07-18;4141;5328;687338;557691;48.3;39.2
77;2021-07-19;7493;8942;694831;566633;48.8;39.8
77;2021-07-20;9570;8028;704401;574661;49.5;40.4
77;2021-07-21;9502;7463;713903;582124;50.1;40.9
77;2021-07-22;10499;7522;724402;589646;50.9;41.4
77;2021-07-23;9838;8187;734240;597833;51.6;42.0
77;2021-07-24;7198;7863;741438;605696;52.1;42.5
77;2021-07-25;5877;4024;747315;609720;52.5;42.8
77;2021-07-26;9189;5957;756504;615677;53.1;43.2
77;2021-07-27;10864;6026;767368;621703;53.9;43.7
77;2021-07-28;9423;6406;776791;628109;54.6;44.1
77;2021-07-29;9504;5492;786295;633601;55.2;44.5
77;2021-07-30;9674;6349;795969;639950;55.9;45.0
77;2021-07-31;7226;6631;803195;646581;56.4;45.4
77;2021-08-01;2941;1210;806136;647791;56.6;45.5
77;2021-08-02;7010;5735;813146;653526;57.1;45.9
77;2021-08-03;5727;4496;818873;658022;57.5;46.2
77;2021-08-04;4665;4383;823538;662405;57.8;46.5
77;2021-08-05;3201;2959;826739;665364;58.1;46.7
77;2021-08-06;5829;5247;832568;670611;58.5;47.1
77;2021-08-07;5242;6797;837810;677408;58.9;47.6
77;2021-08-08;1956;1858;839766;679266;59.0;47.7
77;2021-08-09;5021;6586;844787;685852;59.3;48.2
77;2021-08-10;2654;3560;847441;689412;59.5;48.4
77;2021-08-11;3088;6182;850529;695594;59.7;48.9
77;2021-08-12;2232;3558;852761;699152;59.9;49.1
77;2021-08-13;2684;4881;855445;704033;60.1;49.5
77;2021-08-14;2910;7314;858355;711347;60.3;50.0
77;2021-08-15;787;770;859142;712117;60.3;50.0
77;2021-08-16;2356;6973;861498;719090;60.5;50.5
77;2021-08-17;2866;7191;864364;726281;60.7;51.0
77;2021-08-18;2651;6544;867015;732825;60.9;51.5
77;2021-08-19;2617;5090;869632;737915;61.1;51.8
77;2021-08-20;2654;5669;872286;743584;61.3;52.2
77;2021-08-21;2711;7305;874997;750889;61.5;52.7
77;2021-08-22;1728;5331;876725;756220;61.6;53.1
77;2021-08-23;2413;9589;879138;765809;61.8;53.8
78;2020-12-27;2;0;2;0;0.0;0.0
78;2020-12-28;0;0;2;0;0.0;0.0
78;2020-12-29;0;0;2;0;0.0;0.0
78;2020-12-30;0;0;2;0;0.0;0.0
78;2020-12-31;15;0;17;0;0.0;0.0
78;2021-01-01;1;0;18;0;0.0;0.0
78;2021-01-02;1;0;19;0;0.0;0.0
78;2021-01-03;2;0;21;0;0.0;0.0
78;2021-01-04;145;3;166;3;0.0;0.0
78;2021-01-05;175;1;341;4;0.0;0.0
78;2021-01-06;208;3;549;7;0.0;0.0
78;2021-01-07;469;2;1018;9;0.1;0.0
78;2021-01-08;651;3;1669;12;0.1;0.0
78;2021-01-09;22;0;1691;12;0.1;0.0
78;2021-01-10;1;0;1692;12;0.1;0.0
78;2021-01-11;792;3;2484;15;0.2;0.0
78;2021-01-12;945;5;3429;20;0.2;0.0
78;2021-01-13;740;9;4169;29;0.3;0.0
78;2021-01-14;811;9;4980;38;0.3;0.0
78;2021-01-15;847;10;5827;48;0.4;0.0
78;2021-01-16;32;1;5859;49;0.4;0.0
78;2021-01-17;0;0;5859;49;0.4;0.0
78;2021-01-18;1382;21;7241;70;0.5;0.0
78;2021-01-19;1841;27;9082;97;0.6;0.0
78;2021-01-20;1657;15;10739;112;0.7;0.0
78;2021-01-21;3252;13;13991;125;1.0;0.0
78;2021-01-22;2216;16;16207;141;1.1;0.0
78;2021-01-23;279;0;16486;141;1.1;0.0
78;2021-01-24;5;0;16491;141;1.1;0.0
78;2021-01-25;959;32;17450;173;1.2;0.0
78;2021-01-26;1560;20;19010;193;1.3;0.0
78;2021-01-27;2060;49;21070;242;1.5;0.0
78;2021-01-28;2436;108;23506;350;1.6;0.0
78;2021-01-29;1490;64;24996;414;1.7;0.0
78;2021-01-30;210;3;25206;417;1.7;0.0
78;2021-01-31;3;0;25209;417;1.7;0.0
78;2021-02-01;786;225;25995;642;1.8;0.0
78;2021-02-02;968;346;26963;988;1.9;0.1
78;2021-02-03;975;241;27938;1229;1.9;0.1
78;2021-02-04;1117;448;29055;1677;2.0;0.1
78;2021-02-05;1190;506;30245;2183;2.1;0.2
78;2021-02-06;198;44;30443;2227;2.1;0.2
78;2021-02-07;139;14;30582;2241;2.1;0.2
78;2021-02-08;760;608;31342;2849;2.2;0.2
78;2021-02-09;1122;945;32464;3794;2.2;0.3
78;2021-02-10;1248;1180;33712;4974;2.3;0.3
78;2021-02-11;1819;1895;35531;6869;2.5;0.5
78;2021-02-12;1820;1405;37351;8274;2.6;0.6
78;2021-02-13;173;79;37524;8353;2.6;0.6
78;2021-02-14;26;25;37550;8378;2.6;0.6
78;2021-02-15;446;1435;37996;9813;2.6;0.7
78;2021-02-16;627;1561;38623;11374;2.7;0.8
78;2021-02-17;585;2219;39208;13593;2.7;0.9
78;2021-02-18;996;2279;40204;15872;2.8;1.1
78;2021-02-19;819;1728;41023;17600;2.8;1.2
78;2021-02-20;148;124;41171;17724;2.8;1.2
78;2021-02-21;0;12;41171;17736;2.8;1.2
78;2021-02-22;501;1059;41672;18795;2.9;1.3
78;2021-02-23;540;1125;42212;19920;2.9;1.4
78;2021-02-24;619;1239;42831;21159;3.0;1.5
78;2021-02-25;866;1153;43697;22312;3.0;1.5
78;2021-02-26;1132;1245;44829;23557;3.1;1.6
78;2021-02-27;739;151;45568;23708;3.1;1.6
78;2021-02-28;67;18;45635;23726;3.2;1.6
78;2021-03-01;965;907;46600;24633;3.2;1.7
78;2021-03-02;1725;1058;48325;25691;3.3;1.8
78;2021-03-03;1965;1234;50290;26925;3.5;1.9
78;2021-03-04;2946;1588;53236;28513;3.7;2.0
78;2021-03-05;3253;1659;56489;30172;3.9;2.1
78;2021-03-06;6242;292;62731;30464;4.3;2.1
78;2021-03-07;3444;99;66175;30563;4.6;2.1
78;2021-03-08;1457;761;67632;31324;4.7;2.2
78;2021-03-09;2940;909;70572;32233;4.9;2.2
78;2021-03-10;3076;1119;73648;33352;5.1;2.3
78;2021-03-11;4176;1313;77824;34665;5.4;2.4
78;2021-03-12;5369;1345;83193;36010;5.7;2.5
78;2021-03-13;4655;198;87848;36208;6.1;2.5
78;2021-03-14;1035;41;88883;36249;6.1;2.5
78;2021-03-15;3621;263;92504;36512;6.4;2.5
78;2021-03-16;2565;566;95069;37078;6.6;2.6
78;2021-03-17;2966;440;98035;37518;6.8;2.6
78;2021-03-18;3780;438;101815;37956;7.0;2.6
78;2021-03-19;5316;486;107131;38442;7.4;2.7
78;2021-03-20;2258;125;109389;38567;7.6;2.7
78;2021-03-21;165;7;109554;38574;7.6;2.7
78;2021-03-22;3532;380;113086;38954;7.8;2.7
78;2021-03-23;5230;543;118316;39497;8.2;2.7
78;2021-03-24;4893;544;123209;40041;8.5;2.8
78;2021-03-25;6940;558;130149;40599;9.0;2.8
78;2021-03-26;6938;720;137087;41319;9.5;2.9
78;2021-03-27;3744;191;140831;41510;9.7;2.9
78;2021-03-28;1919;49;142750;41559;9.9;2.9
78;2021-03-29;3865;763;146615;42322;10.1;2.9
78;2021-03-30;5523;1059;152138;43381;10.5;3.0
78;2021-03-31;5330;1288;157468;44669;10.9;3.1
78;2021-04-01;5593;2348;163061;47017;11.3;3.2
78;2021-04-02;5195;2626;168256;49643;11.6;3.4
78;2021-04-03;2198;2563;170454;52206;11.8;3.6
78;2021-04-04;173;14;170627;52220;11.8;3.6
78;2021-04-05;199;19;170826;52239;11.8;3.6
78;2021-04-06;3618;2310;174444;54549;12.0;3.8
78;2021-04-07;4357;2587;178801;57136;12.3;3.9
78;2021-04-08;5525;2672;184326;59808;12.7;4.1
78;2021-04-09;6907;2450;191233;62258;13.2;4.3
78;2021-04-10;3994;1898;195227;64156;13.5;4.4
78;2021-04-11;374;606;195601;64762;13.5;4.5
78;2021-04-12;3531;2367;199132;67129;13.7;4.6
78;2021-04-13;5458;2496;204590;69625;14.1;4.8
78;2021-04-14;4955;3393;209545;73018;14.5;5.0
78;2021-04-15;4616;3845;214161;76863;14.8;5.3
78;2021-04-16;5627;4021;219788;80884;15.2;5.6
78;2021-04-17;3615;716;223403;81600;15.4;5.6
78;2021-04-18;272;42;223675;81642;15.4;5.6
78;2021-04-19;3241;2815;226916;84457;15.7;5.8
78;2021-04-20;4709;3686;231625;88143;16.0;6.1
78;2021-04-21;4533;3507;236158;91650;16.3;6.3
78;2021-04-22;4566;4689;240724;96339;16.6;6.7
78;2021-04-23;5059;4431;245783;100770;17.0;7.0
78;2021-04-24;4865;2622;250648;103392;17.3;7.1
78;2021-04-25;3047;1731;253695;105123;17.5;7.3
78;2021-04-26;4768;3317;258463;108440;17.8;7.5
78;2021-04-27;5468;4310;263931;112750;18.2;7.8
78;2021-04-28;5651;4784;269582;117534;18.6;8.1
78;2021-04-29;6259;4066;275841;121600;19.0;8.4
78;2021-04-30;7209;4465;283050;126065;19.5;8.7
78;2021-05-01;612;256;283662;126321;19.6;8.7
78;2021-05-02;2008;165;285670;126486;19.7;8.7
78;2021-05-03;7458;1276;293128;127762;20.2;8.8
78;2021-05-04;6077;3980;299205;131742;20.7;9.1
78;2021-05-05;7296;4551;306501;136293;21.2;9.4
78;2021-05-06;6478;5179;312979;141472;21.6;9.8
78;2021-05-07;8313;5143;321292;146615;22.2;10.1
78;2021-05-08;2917;1451;324209;148066;22.4;10.2
78;2021-05-09;2818;352;327027;148418;22.6;10.2
78;2021-05-10;7343;4452;334370;152870;23.1;10.6
78;2021-05-11;8144;5416;342514;158286;23.6;10.9
78;2021-05-12;8730;3919;351244;162205;24.2;11.2
78;2021-05-13;6631;600;357875;162805;24.7;11.2
78;2021-05-14;10215;2217;368090;165022;25.4;11.4
78;2021-05-15;4934;2364;373024;167386;25.8;11.6
78;2021-05-16;3697;793;376721;168179;26.0;11.6
78;2021-05-17;8744;1346;385465;169525;26.6;11.7
78;2021-05-18;9884;1883;395349;171408;27.3;11.8
78;2021-05-19;11650;1712;406999;173120;28.1;12.0
78;2021-05-20;11594;2267;418593;175387;28.9;12.1
78;2021-05-21;12127;2631;430720;178018;29.7;12.3
78;2021-05-22;6546;1373;437266;179391;30.2;12.4
78;2021-05-23;3126;389;440392;179780;30.4;12.4
78;2021-05-24;3523;415;443915;180195;30.6;12.4
78;2021-05-25;9988;2504;453903;182699;31.3;12.6
78;2021-05-26;10166;3782;464069;186481;32.0;12.9
78;2021-05-27;10958;4642;475027;191123;32.8;13.2
78;2021-05-28;11415;6035;486442;197158;33.6;13.6
78;2021-05-29;4226;3386;490668;200544;33.9;13.8
78;2021-05-30;135;346;490803;200890;33.9;13.9
78;2021-05-31;7972;5360;498775;206250;34.4;14.2
78;2021-06-01;10031;6531;508806;212781;35.1;14.7
78;2021-06-02;8583;6213;517389;218994;35.7;15.1
78;2021-06-03;9899;6475;527288;225469;36.4;15.6
78;2021-06-04;9794;8147;537082;233616;37.1;16.1
78;2021-06-05;5517;6140;542599;239756;37.5;16.6
78;2021-06-06;2149;2013;544748;241769;37.6;16.7
78;2021-06-07;8125;6521;552873;248290;38.2;17.1
78;2021-06-08;8065;7321;560938;255611;38.7;17.6
78;2021-06-09;7325;6730;568263;262341;39.2;18.1
78;2021-06-10;7112;7109;575375;269450;39.7;18.6
78;2021-06-11;7581;8189;582956;277639;40.2;19.2
78;2021-06-12;6374;2919;589330;280558;40.7;19.4
78;2021-06-13;946;2458;590276;283016;40.7;19.5
78;2021-06-14;3415;9815;593691;292831;41.0;20.2
78;2021-06-15;5802;8294;599493;301125;41.4;20.8
78;2021-06-16;5432;8634;604925;309759;41.8;21.4
78;2021-06-17;5486;8538;610411;318297;42.1;22.0
78;2021-06-18;6165;9798;616576;328095;42.6;22.6
78;2021-06-19;5221;4818;621797;332913;42.9;23.0
78;2021-06-20;624;2838;622421;335751;43.0;23.2
78;2021-06-21;4098;9469;626519;345220;43.2;23.8
78;2021-06-22;3349;10316;629868;355536;43.5;24.5
78;2021-06-23;3840;10391;633708;365927;43.7;25.3
78;2021-06-24;3799;9978;637507;375905;44.0;25.9
78;2021-06-25;4001;13152;641508;389057;44.3;26.9
78;2021-06-26;4212;7956;645720;397013;44.6;27.4
78;2021-06-27;1040;2543;646760;399556;44.6;27.6
78;2021-06-28;3294;10901;650054;410457;44.9;28.3
78;2021-06-29;3537;11252;653591;421709;45.1;29.1
78;2021-06-30;4113;13226;657704;434935;45.4;30.0
78;2021-07-01;3970;12701;661674;447636;45.7;30.9
78;2021-07-02;4257;13938;665931;461574;46.0;31.9
78;2021-07-03;3157;8623;669088;470197;46.2;32.5
78;2021-07-04;761;1742;669849;471939;46.2;32.6
78;2021-07-05;3377;9691;673226;481630;46.5;33.2
78;2021-07-06;3525;12044;676751;493674;46.7;34.1
78;2021-07-07;3758;11610;680509;505284;47.0;34.9
78;2021-07-08;3863;11677;684372;516961;47.2;35.7
78;2021-07-09;4776;12744;689148;529705;47.6;36.6
78;2021-07-10;2623;6606;691771;536311;47.8;37.0
78;2021-07-11;747;2045;692518;538356;47.8;37.2
78;2021-07-12;2995;11743;695513;550099;48.0;38.0
78;2021-07-13;5328;11976;700841;562075;48.4;38.8
78;2021-07-14;2528;4985;703369;567060;48.6;39.1
78;2021-07-15;5661;11955;709030;579015;48.9;40.0
78;2021-07-16;7258;10782;716288;589797;49.4;40.7
78;2021-07-17;4721;4892;721009;594689;49.8;41.1
78;2021-07-18;1122;466;722131;595155;49.8;41.1
78;2021-07-19;3837;10341;725968;605496;50.1;41.8
78;2021-07-20;5572;9918;731540;615414;50.5;42.5
78;2021-07-21;5894;9853;737434;625267;50.9;43.2
78;2021-07-22;5946;9293;743380;634560;51.3;43.8
78;2021-07-23;6206;9217;749586;643777;51.7;44.4
78;2021-07-24;2933;4971;752519;648748;51.9;44.8
78;2021-07-25;984;372;753503;649120;52.0;44.8
78;2021-07-26;4852;6982;758355;656102;52.3;45.3
78;2021-07-27;7552;6898;765907;663000;52.9;45.8
78;2021-07-28;6929;5926;772836;668926;53.3;46.2
78;2021-07-29;7887;5983;780723;674909;53.9;46.6
78;2021-07-30;7637;7035;788360;681944;54.4;47.1
78;2021-07-31;2642;2732;791002;684676;54.6;47.3
78;2021-08-01;104;72;791106;684748;54.6;47.3
78;2021-08-02;2371;2119;793477;686867;54.8;47.4
78;2021-08-03;4207;4249;797684;691116;55.1;47.7
78;2021-08-04;4345;2794;802029;693910;55.4;47.9
78;2021-08-05;3846;3151;805875;697061;55.6;48.1
78;2021-08-06;3843;3711;809718;700772;55.9;48.4
78;2021-08-07;2791;3436;812509;704208;56.1;48.6
78;2021-08-08;475;341;812984;704549;56.1;48.6
78;2021-08-09;1861;1648;814845;706197;56.2;48.7
78;2021-08-10;3378;3968;818223;710165;56.5;49.0
78;2021-08-11;2960;3376;821183;713541;56.7;49.3
78;2021-08-12;2720;3531;823903;717072;56.9;49.5
78;2021-08-13;2833;3169;826736;720241;57.1;49.7
78;2021-08-14;2290;3077;829026;723318;57.2;49.9
78;2021-08-15;273;375;829299;723693;57.2;50.0
78;2021-08-16;900;2338;830199;726031;57.3;50.1
78;2021-08-17;2768;4415;832967;730446;57.5;50.4
78;2021-08-18;2440;3805;835407;734251;57.7;50.7
78;2021-08-19;2219;3567;837626;737818;57.8;50.9
78;2021-08-20;2078;3987;839704;741805;58.0;51.2
78;2021-08-21;1878;3564;841582;745369;58.1;51.5
78;2021-08-22;84;146;841666;745515;58.1;51.5
78;2021-08-23;2137;4223;843803;749738;58.2;51.8
79;2020-12-27;0;0;0;0;0.0;0.0
79;2020-12-28;3;0;3;0;0.0;0.0
79;2020-12-29;0;0;3;0;0.0;0.0
79;2020-12-30;0;0;3;0;0.0;0.0
79;2020-12-31;0;0;3;0;0.0;0.0
79;2021-01-01;0;0;3;0;0.0;0.0
79;2021-01-02;0;0;3;0;0.0;0.0
79;2021-01-03;0;0;3;0;0.0;0.0
79;2021-01-04;1;0;4;0;0.0;0.0
79;2021-01-05;0;0;4;0;0.0;0.0
79;2021-01-06;0;0;4;0;0.0;0.0
79;2021-01-07;158;0;162;0;0.0;0.0
79;2021-01-08;165;0;327;0;0.1;0.0
79;2021-01-09;98;0;425;0;0.1;0.0
79;2021-01-10;3;0;428;0;0.1;0.0
79;2021-01-11;184;1;612;1;0.2;0.0
79;2021-01-12;246;1;858;2;0.2;0.0
79;2021-01-13;258;0;1116;2;0.3;0.0
79;2021-01-14;505;7;1621;9;0.4;0.0
79;2021-01-15;616;5;2237;14;0.6;0.0
79;2021-01-16;66;0;2303;14;0.6;0.0
79;2021-01-17;0;0;2303;14;0.6;0.0
79;2021-01-18;477;2;2780;16;0.7;0.0
79;2021-01-19;1357;1;4137;17;1.1;0.0
79;2021-01-20;1677;1;5814;18;1.6;0.0
79;2021-01-21;1998;7;7812;25;2.1;0.0
79;2021-01-22;874;4;8686;29;2.3;0.0
79;2021-01-23;65;0;8751;29;2.3;0.0
79;2021-01-24;0;0;8751;29;2.3;0.0
79;2021-01-25;644;7;9395;36;2.5;0.0
79;2021-01-26;590;13;9985;49;2.7;0.0
79;2021-01-27;741;84;10726;133;2.9;0.0
79;2021-01-28;733;150;11459;283;3.1;0.1
79;2021-01-29;492;88;11951;371;3.2;0.1
79;2021-01-30;0;0;11951;371;3.2;0.1
79;2021-01-31;0;0;11951;371;3.2;0.1
79;2021-02-01;207;111;12158;482;3.3;0.1
79;2021-02-02;333;73;12491;555;3.4;0.1
79;2021-02-03;390;60;12881;615;3.5;0.2
79;2021-02-04;324;109;13205;724;3.5;0.2
79;2021-02-05;359;275;13564;999;3.6;0.3
79;2021-02-06;3;0;13567;999;3.6;0.3
79;2021-02-07;22;0;13589;999;3.6;0.3
79;2021-02-08;283;169;13872;1168;3.7;0.3
79;2021-02-09;457;786;14329;1954;3.8;0.5
79;2021-02-10;618;1198;14947;3152;4.0;0.8
79;2021-02-11;777;1236;15724;4388;4.2;1.2
79;2021-02-12;467;767;16191;5155;4.3;1.4
79;2021-02-13;53;74;16244;5229;4.4;1.4
79;2021-02-14;0;0;16244;5229;4.4;1.4
79;2021-02-15;186;507;16430;5736;4.4;1.5
79;2021-02-16;334;733;16764;6469;4.5;1.7
79;2021-02-17;248;877;17012;7346;4.6;2.0
79;2021-02-18;353;945;17365;8291;4.7;2.2
79;2021-02-19;267;564;17632;8855;4.7;2.4
79;2021-02-20;4;22;17636;8877;4.7;2.4
79;2021-02-21;1;0;17637;8877;4.7;2.4
79;2021-02-22;136;462;17773;9339;4.8;2.5
79;2021-02-23;248;567;18021;9906;4.8;2.7
79;2021-02-24;245;543;18266;10449;4.9;2.8
79;2021-02-25;517;470;18783;10919;5.0;2.9
79;2021-02-26;599;398;19382;11317;5.2;3.0
79;2021-02-27;408;5;19790;11322;5.3;3.0
79;2021-02-28;35;0;19825;11322;5.3;3.0
79;2021-03-01;89;361;19914;11683;5.3;3.1
79;2021-03-02;302;508;20216;12191;5.4;3.3
79;2021-03-03;661;543;20877;12734;5.6;3.4
79;2021-03-04;904;571;21781;13305;5.8;3.6
79;2021-03-05;1217;450;22998;13755;6.2;3.7
79;2021-03-06;611;5;23609;13760;6.3;3.7
79;2021-03-07;77;1;23686;13761;6.4;3.7
79;2021-03-08;344;310;24030;14071;6.4;3.8
79;2021-03-09;841;343;24871;14414;6.7;3.9
79;2021-03-10;1146;405;26017;14819;7.0;4.0
79;2021-03-11;1639;326;27656;15145;7.4;4.1
79;2021-03-12;1720;120;29376;15265;7.9;4.1
79;2021-03-13;1136;12;30512;15277;8.2;4.1
79;2021-03-14;50;0;30562;15277;8.2;4.1
79;2021-03-15;497;158;31059;15435;8.3;4.1
79;2021-03-16;735;145;31794;15580;8.5;4.2
79;2021-03-17;577;108;32371;15688;8.7;4.2
79;2021-03-18;553;203;32924;15891;8.8;4.3
79;2021-03-19;662;258;33586;16149;9.0;4.3
79;2021-03-20;1007;12;34593;16161;9.3;4.3
79;2021-03-21;3;0;34596;16161;9.3;4.3
79;2021-03-22;955;207;35551;16368;9.5;4.4
79;2021-03-23;1592;170;37143;16538;10.0;4.4
79;2021-03-24;1829;162;38972;16700;10.5;4.5
79;2021-03-25;2499;190;41471;16890;11.1;4.5
79;2021-03-26;2405;136;43876;17026;11.8;4.6
79;2021-03-27;769;16;44645;17042;12.0;4.6
79;2021-03-28;1;0;44646;17042;12.0;4.6
79;2021-03-29;2148;114;46794;17156;12.6;4.6
79;2021-03-30;2816;62;49610;17218;13.3;4.6
79;2021-03-31;2777;380;52387;17598;14.1;4.7
79;2021-04-01;2696;379;55083;17977;14.8;4.8
79;2021-04-02;2822;393;57905;18370;15.5;4.9
79;2021-04-03;633;54;58538;18424;15.7;4.9
79;2021-04-04;3;0;58541;18424;15.7;4.9
79;2021-04-05;380;4;58921;18428;15.8;4.9
79;2021-04-06;1793;585;60714;19013;16.3;5.1
79;2021-04-07;3116;736;63830;19749;17.1;5.3
79;2021-04-08;2630;695;66460;20444;17.8;5.5
79;2021-04-09;3738;545;70198;20989;18.8;5.6
79;2021-04-10;1466;384;71664;21373;19.2;5.7
79;2021-04-11;4;0;71668;21373;19.2;5.7
79;2021-04-12;1753;355;73421;21728;19.7;5.8
79;2021-04-13;2174;747;75595;22475;20.3;6.0
79;2021-04-14;2481;674;78076;23149;21.0;6.2
79;2021-04-15;2215;667;80291;23816;21.5;6.4
79;2021-04-16;1414;440;81705;24256;21.9;6.5
79;2021-04-17;581;350;82286;24606;22.1;6.6
79;2021-04-18;1;14;82287;24620;22.1;6.6
79;2021-04-19;1089;841;83376;25461;22.4;6.8
79;2021-04-20;1507;1231;84883;26692;22.8;7.2
79;2021-04-21;1419;1440;86302;28132;23.2;7.5
79;2021-04-22;1572;1084;87874;29216;23.6;7.8
79;2021-04-23;1318;1188;89192;30404;23.9;8.2
79;2021-04-24;653;462;89845;30866;24.1;8.3
79;2021-04-25;1;0;89846;30866;24.1;8.3
79;2021-04-26;1343;1812;91189;32678;24.5;8.8
79;2021-04-27;1898;2350;93087;35028;25.0;9.4
79;2021-04-28;1456;2868;94543;37896;25.4;10.2
79;2021-04-29;2105;2255;96648;40151;25.9;10.8
79;2021-04-30;2114;2462;98762;42613;26.5;11.4
79;2021-05-01;519;378;99281;42991;26.6;11.5
79;2021-05-02;1;11;99282;43002;26.6;11.5
79;2021-05-03;1182;1291;100464;44293;27.0;11.9
79;2021-05-04;1733;2331;102197;46624;27.4;12.5
79;2021-05-05;1695;2483;103892;49107;27.9;13.2
79;2021-05-06;2327;2222;106219;51329;28.5;13.8
79;2021-05-07;2086;2804;108305;54133;29.1;14.5
79;2021-05-08;199;506;108504;54639;29.1;14.7
79;2021-05-09;0;0;108504;54639;29.1;14.7
79;2021-05-10;1584;1786;110088;56425;29.5;15.1
79;2021-05-11;2310;1649;112398;58074;30.2;15.6
79;2021-05-12;1998;2679;114396;60753;30.7;16.3
79;2021-05-13;640;290;115036;61043;30.9;16.4
79;2021-05-14;2100;673;117136;61716;31.4;16.6
79;2021-05-15;1399;499;118535;62215;31.8;16.7
79;2021-05-16;1;22;118536;62237;31.8;16.7
79;2021-05-17;1876;1085;120412;63322;32.3;17.0
79;2021-05-18;2971;1272;123383;64594;33.1;17.3
79;2021-05-19;2897;967;126280;65561;33.9;17.6
79;2021-05-20;3105;1246;129385;66807;34.7;17.9
79;2021-05-21;2768;1066;132153;67873;35.5;18.2
79;2021-05-22;1084;261;133237;68134;35.8;18.3
79;2021-05-23;1;0;133238;68134;35.8;18.3
79;2021-05-24;161;20;133399;68154;35.8;18.3
79;2021-05-25;3199;990;136598;69144;36.7;18.6
79;2021-05-26;3314;852;139912;69996;37.5;18.8
79;2021-05-27;3589;1718;143501;71714;38.5;19.2
79;2021-05-28;3329;1822;146830;73536;39.4;19.7
79;2021-05-29;1073;451;147903;73987;39.7;19.9
79;2021-05-30;3;1;147906;73988;39.7;19.9
79;2021-05-31;2382;733;150288;74721;40.3;20.1
79;2021-06-01;3021;1576;153309;76297;41.1;20.5
79;2021-06-02;4065;1167;157374;77464;42.2;20.8
79;2021-06-03;4089;1756;161463;79220;43.3;21.3
79;2021-06-04;4144;2034;165607;81254;44.4;21.8
79;2021-06-05;2802;759;168409;82013;45.2;22.0
79;2021-06-06;696;39;169105;82052;45.4;22.0
79;2021-06-07;2809;1412;171914;83464;46.1;22.4
79;2021-06-08;2982;2067;174896;85531;46.9;23.0
79;2021-06-09;3630;1938;178526;87469;47.9;23.5
79;2021-06-10;3020;1975;181546;89444;48.7;24.0
79;2021-06-11;3767;2314;185313;91758;49.7;24.6
79;2021-06-12;1706;609;187019;92367;50.2;24.8
79;2021-06-13;214;24;187233;92391;50.2;24.8
79;2021-06-14;1247;1692;188480;94083;50.6;25.2
79;2021-06-15;1880;2362;190360;96445;51.1;25.9
79;2021-06-16;2206;2248;192566;98693;51.7;26.5
79;2021-06-17;2238;2616;194804;101309;52.3;27.2
79;2021-06-18;2413;2323;197217;103632;52.9;27.8
79;2021-06-19;1246;582;198463;104214;53.3;28.0
79;2021-06-20;3;2;198466;104216;53.3;28.0
79;2021-06-21;1233;2282;199699;106498;53.6;28.6
79;2021-06-22;1548;2875;201247;109373;54.0;29.4
79;2021-06-23;1770;2549;203017;111922;54.5;30.0
79;2021-06-24;2107;2005;205124;113927;55.0;30.6
79;2021-06-25;1488;2843;206612;116770;55.4;31.3
79;2021-06-26;870;809;207482;117579;55.7;31.6
79;2021-06-27;13;6;207495;117585;55.7;31.6
79;2021-06-28;1056;2622;208551;120207;56.0;32.3
79;2021-06-29;1474;3550;210025;123757;56.4;33.2
79;2021-06-30;1354;3448;211379;127205;56.7;34.1
79;2021-07-01;1202;3785;212581;130990;57.0;35.2
79;2021-07-02;1489;3347;214070;134337;57.4;36.1
79;2021-07-03;399;1502;214469;135839;57.6;36.5
79;2021-07-04;2;9;214471;135848;57.6;36.5
79;2021-07-05;751;2119;215222;137967;57.8;37.0
79;2021-07-06;947;3666;216169;141633;58.0;38.0
79;2021-07-07;1332;4307;217501;145940;58.4;39.2
79;2021-07-08;1101;4043;218602;149983;58.7;40.3
79;2021-07-09;837;3719;219439;153702;58.9;41.2
79;2021-07-10;515;1316;219954;155018;59.0;41.6
79;2021-07-11;2;12;219956;155030;59.0;41.6
79;2021-07-12;543;3693;220499;158723;59.2;42.6
79;2021-07-13;999;5190;221498;163913;59.4;44.0
79;2021-07-14;133;874;221631;164787;59.5;44.2
79;2021-07-15;1231;4683;222862;169470;59.8;45.5
79;2021-07-16;1330;4363;224192;173833;60.2;46.7
79;2021-07-17;575;2422;224767;176255;60.3;47.3
79;2021-07-18;43;498;224810;176753;60.3;47.4
79;2021-07-19;735;3318;225545;180071;60.5;48.3
79;2021-07-20;1225;3948;226770;184019;60.9;49.4
79;2021-07-21;1178;4198;227948;188217;61.2;50.5
79;2021-07-22;1353;3981;229301;192198;61.5;51.6
79;2021-07-23;1351;4559;230652;196757;61.9;52.8
79;2021-07-24;865;1499;231517;198256;62.1;53.2
79;2021-07-25;55;326;231572;198582;62.1;53.3
79;2021-07-26;1371;2599;232943;201181;62.5;54.0
79;2021-07-27;2082;2998;235025;204179;63.1;54.8
79;2021-07-28;2495;2494;237520;206673;63.7;55.5
79;2021-07-29;3003;2860;240523;209533;64.5;56.2
79;2021-07-30;2134;2827;242657;212360;65.1;57.0
79;2021-07-31;883;1157;243540;213517;65.4;57.3
79;2021-08-01;3;3;243543;213520;65.4;57.3
79;2021-08-02;1790;1544;245333;215064;65.8;57.7
79;2021-08-03;2811;2049;248144;217113;66.6;58.3
79;2021-08-04;2980;1747;251124;218860;67.4;58.7
79;2021-08-05;2890;2214;254014;221074;68.2;59.3
79;2021-08-06;2518;1641;256532;222715;68.8;59.8
79;2021-08-07;869;814;257401;223529;69.1;60.0
79;2021-08-08;0;3;257401;223532;69.1;60.0
79;2021-08-09;2485;1083;259886;224615;69.7;60.3
79;2021-08-10;2970;1541;262856;226156;70.5;60.7
79;2021-08-11;2572;1660;265428;227816;71.2;61.1
79;2021-08-12;2762;1427;268190;229243;72.0;61.5
79;2021-08-13;2838;1055;271028;230298;72.7;61.8
79;2021-08-14;517;391;271545;230689;72.9;61.9
79;2021-08-15;6;5;271551;230694;72.9;61.9
79;2021-08-16;1761;1195;273312;231889;73.3;62.2
79;2021-08-17;2095;1591;275407;233480;73.9;62.7
79;2021-08-18;1919;1911;277326;235391;74.4;63.2
79;2021-08-19;1605;1703;278931;237094;74.9;63.6
79;2021-08-20;1506;2157;280437;239251;75.3;64.2
79;2021-08-21;233;541;280670;239792;75.3;64.4
79;2021-08-22;0;21;280670;239813;75.3;64.4
79;2021-08-23;852;2171;281522;241984;75.6;64.9
80;2020-12-27;0;0;0;0;0.0;0.0
80;2020-12-28;0;0;0;0;0.0;0.0
80;2020-12-29;11;0;11;0;0.0;0.0
80;2020-12-30;0;0;11;0;0.0;0.0
80;2020-12-31;0;0;11;0;0.0;0.0
80;2021-01-01;0;0;11;0;0.0;0.0
80;2021-01-02;0;0;11;0;0.0;0.0
80;2021-01-03;1;0;12;0;0.0;0.0
80;2021-01-04;0;0;12;0;0.0;0.0
80;2021-01-05;0;0;12;0;0.0;0.0
80;2021-01-06;30;0;42;0;0.0;0.0
80;2021-01-07;276;2;318;2;0.1;0.0
80;2021-01-08;330;0;648;2;0.1;0.0
80;2021-01-09;108;0;756;2;0.1;0.0
80;2021-01-10;21;0;777;2;0.1;0.0
80;2021-01-11;276;0;1053;2;0.2;0.0
80;2021-01-12;428;1;1481;3;0.3;0.0
80;2021-01-13;514;3;1995;6;0.4;0.0
80;2021-01-14;453;4;2448;10;0.4;0.0
80;2021-01-15;330;1;2778;11;0.5;0.0
80;2021-01-16;103;1;2881;12;0.5;0.0
80;2021-01-17;102;1;2983;13;0.5;0.0
80;2021-01-18;412;2;3395;15;0.6;0.0
80;2021-01-19;962;16;4357;31;0.8;0.0
80;2021-01-20;1086;9;5443;40;1.0;0.0
80;2021-01-21;1010;9;6453;49;1.1;0.0
80;2021-01-22;1113;4;7566;53;1.3;0.0
80;2021-01-23;908;2;8474;55;1.5;0.0
80;2021-01-24;824;5;9298;60;1.6;0.0
80;2021-01-25;1541;8;10839;68;1.9;0.0
80;2021-01-26;1480;11;12319;79;2.2;0.0
80;2021-01-27;822;27;13141;106;2.3;0.0
80;2021-01-28;623;173;13764;279;2.4;0.0
80;2021-01-29;637;217;14401;496;2.5;0.1
80;2021-01-30;85;59;14486;555;2.5;0.1
80;2021-01-31;0;0;14486;555;2.5;0.1
80;2021-02-01;26;254;14512;809;2.5;0.1
80;2021-02-02;21;444;14533;1253;2.6;0.2
80;2021-02-03;29;542;14562;1795;2.6;0.3
80;2021-02-04;278;349;14840;2144;2.6;0.4
80;2021-02-05;347;211;15187;2355;2.7;0.4
80;2021-02-06;168;70;15355;2425;2.7;0.4
80;2021-02-07;1;0;15356;2425;2.7;0.4
80;2021-02-08;426;242;15782;2667;2.8;0.5
80;2021-02-09;686;244;16468;2911;2.9;0.5
80;2021-02-10;606;496;17074;3407;3.0;0.6
80;2021-02-11;861;353;17935;3760;3.1;0.7
80;2021-02-12;944;314;18879;4074;3.3;0.7
80;2021-02-13;196;427;19075;4501;3.3;0.8
80;2021-02-14;78;572;19153;5073;3.4;0.9
80;2021-02-15;606;1018;19759;6091;3.5;1.1
80;2021-02-16;688;1135;20447;7226;3.6;1.3
80;2021-02-17;485;1174;20932;8400;3.7;1.5
80;2021-02-18;569;1138;21501;9538;3.8;1.7
80;2021-02-19;503;850;22004;10388;3.9;1.8
80;2021-02-20;22;513;22026;10901;3.9;1.9
80;2021-02-21;47;46;22073;10947;3.9;1.9
80;2021-02-22;149;577;22222;11524;3.9;2.0
80;2021-02-23;471;690;22693;12214;4.0;2.1
80;2021-02-24;431;677;23124;12891;4.1;2.3
80;2021-02-25;815;541;23939;13432;4.2;2.4
80;2021-02-26;1062;521;25001;13953;4.4;2.4
80;2021-02-27;476;72;25477;14025;4.5;2.5
80;2021-02-28;49;24;25526;14049;4.5;2.5
80;2021-03-01;728;66;26254;14115;4.6;2.5
80;2021-03-02;1014;90;27268;14205;4.8;2.5
80;2021-03-03;982;55;28250;14260;5.0;2.5
80;2021-03-04;1391;237;29641;14497;5.2;2.5
80;2021-03-05;1874;331;31515;14828;5.5;2.6
80;2021-03-06;2918;329;34433;15157;6.0;2.7
80;2021-03-07;1842;82;36275;15239;6.4;2.7
80;2021-03-08;715;609;36990;15848;6.5;2.8
80;2021-03-09;1310;910;38300;16758;6.7;2.9
80;2021-03-10;1724;753;40024;17511;7.0;3.1
80;2021-03-11;1910;824;41934;18335;7.4;3.2
80;2021-03-12;3138;744;45072;19079;7.9;3.3
80;2021-03-13;4006;206;49078;19285;8.6;3.4
80;2021-03-14;350;14;49428;19299;8.7;3.4
80;2021-03-15;1014;248;50442;19547;8.9;3.4
80;2021-03-16;882;344;51324;19891;9.0;3.5
80;2021-03-17;665;278;51989;20169;9.1;3.5
80;2021-03-18;1002;297;52991;20466;9.3;3.6
80;2021-03-19;1738;383;54729;20849;9.6;3.7
80;2021-03-20;3822;114;58551;20963;10.3;3.7
80;2021-03-21;486;31;59037;20994;10.4;3.7
80;2021-03-22;902;289;59939;21283;10.5;3.7
80;2021-03-23;1713;416;61652;21699;10.8;3.8
80;2021-03-24;1755;465;63407;22164;11.1;3.9
80;2021-03-25;2714;449;66121;22613;11.6;4.0
80;2021-03-26;3104;422;69225;23035;12.1;4.0
80;2021-03-27;2234;225;71459;23260;12.5;4.1
80;2021-03-28;676;95;72135;23355;12.7;4.1
80;2021-03-29;1981;753;74116;24108;13.0;4.2
80;2021-03-30;1969;869;76085;24977;13.4;4.4
80;2021-03-31;1495;982;77580;25959;13.6;4.6
80;2021-04-01;1952;1488;79532;27447;14.0;4.8
80;2021-04-02;2811;1575;82343;29022;14.5;5.1
80;2021-04-03;3046;854;85389;29876;15.0;5.2
80;2021-04-04;134;8;85523;29884;15.0;5.2
80;2021-04-05;684;199;86207;30083;15.1;5.3
80;2021-04-06;1280;965;87487;31048;15.4;5.4
80;2021-04-07;1623;1199;89110;32247;15.6;5.7
80;2021-04-08;2154;838;91264;33085;16.0;5.8
80;2021-04-09;3528;1348;94792;34433;16.6;6.0
80;2021-04-10;2738;1943;97530;36376;17.1;6.4
80;2021-04-11;189;177;97719;36553;17.2;6.4
80;2021-04-12;1813;486;99532;37039;17.5;6.5
80;2021-04-13;2383;1035;101915;38074;17.9;6.7
80;2021-04-14;2769;1146;104684;39220;18.4;6.9
80;2021-04-15;3731;868;108415;40088;19.0;7.0
80;2021-04-16;3337;872;111752;40960;19.6;7.2
80;2021-04-17;1653;2298;113405;43258;19.9;7.6
80;2021-04-18;372;390;113777;43648;20.0;7.7
80;2021-04-19;951;775;114728;44423;20.1;7.8
80;2021-04-20;1612;816;116340;45239;20.4;7.9
80;2021-04-21;1612;999;117952;46238;20.7;8.1
80;2021-04-22;2166;1251;120118;47489;21.1;8.3
80;2021-04-23;2638;1248;122756;48737;21.5;8.6
80;2021-04-24;1358;1193;124114;49930;21.8;8.8
80;2021-04-25;209;532;124323;50462;21.8;8.9
80;2021-04-26;1295;1444;125618;51906;22.0;9.1
80;2021-04-27;2024;1397;127642;53303;22.4;9.4
80;2021-04-28;2199;1397;129841;54700;22.8;9.6
80;2021-04-29;3218;1882;133059;56582;23.4;9.9
80;2021-04-30;3081;2855;136140;59437;23.9;10.4
80;2021-05-01;987;658;137127;60095;24.1;10.5
80;2021-05-02;371;53;137498;60148;24.1;10.6
80;2021-05-03;2722;1185;140220;61333;24.6;10.8
80;2021-05-04;2496;1707;142716;63040;25.0;11.1
80;2021-05-05;3365;1897;146081;64937;25.6;11.4
80;2021-05-06;3172;2553;149253;67490;26.2;11.8
80;2021-05-07;3455;2697;152708;70187;26.8;12.3
80;2021-05-08;2785;926;155493;71113;27.3;12.5
80;2021-05-09;1408;268;156901;71381;27.5;12.5
80;2021-05-10;1881;1833;158782;73214;27.9;12.8
80;2021-05-11;3276;1803;162058;75017;28.4;13.2
80;2021-05-12;4702;1573;166760;76590;29.3;13.4
80;2021-05-13;3836;368;170596;76958;29.9;13.5
80;2021-05-14;5190;1401;175786;78359;30.9;13.8
80;2021-05-15;5918;1055;181704;79414;31.9;13.9
80;2021-05-16;2678;308;184382;79722;32.4;14.0
80;2021-05-17;2372;818;186754;80540;32.8;14.1
80;2021-05-18;3948;854;190702;81394;33.5;14.3
80;2021-05-19;4020;945;194722;82339;34.2;14.5
80;2021-05-20;4568;1220;199290;83559;35.0;14.7
80;2021-05-21;4891;1670;204181;85229;35.8;15.0
80;2021-05-22;5032;1156;209213;86385;36.7;15.2
80;2021-05-23;1783;241;210996;86626;37.0;15.2
80;2021-05-24;1468;159;212464;86785;37.3;15.2
80;2021-05-25;2622;1135;215086;87920;37.7;15.4
80;2021-05-26;4250;1700;219336;89620;38.5;15.7
80;2021-05-27;3978;2470;223314;92090;39.2;16.2
80;2021-05-28;3866;2981;227180;95071;39.9;16.7
80;2021-05-29;3699;1634;230879;96705;40.5;17.0
80;2021-05-30;1182;199;232061;96904;40.7;17.0
80;2021-05-31;2604;1373;234665;98277;41.2;17.2
80;2021-06-01;4031;2435;238696;100712;41.9;17.7
80;2021-06-02;3335;2009;242031;102721;42.5;18.0
80;2021-06-03;4267;2932;246298;105653;43.2;18.5
80;2021-06-04;4794;3083;251092;108736;44.1;19.1
80;2021-06-05;3561;2078;254653;110814;44.7;19.4
80;2021-06-06;802;211;255455;111025;44.8;19.5
80;2021-06-07;1752;1945;257207;112970;45.1;19.8
80;2021-06-08;2746;2559;259953;115529;45.6;20.3
80;2021-06-09;3009;2732;262962;118261;46.2;20.8
80;2021-06-10;3168;3171;266130;121432;46.7;21.3
80;2021-06-11;3224;3894;269354;125326;47.3;22.0
80;2021-06-12;3043;2327;272397;127653;47.8;22.4
80;2021-06-13;473;405;272870;128058;47.9;22.5
80;2021-06-14;1265;2851;274135;130909;48.1;23.0
80;2021-06-15;2314;3422;276449;134331;48.5;23.6
80;2021-06-16;1563;4215;278012;138546;48.8;24.3
80;2021-06-17;2362;3625;280374;142171;49.2;25.0
80;2021-06-18;2554;3904;282928;146075;49.7;25.6
80;2021-06-19;2989;4342;285917;150417;50.2;26.4
80;2021-06-20;203;1077;286120;151494;50.2;26.6
80;2021-06-21;1016;2618;287136;154112;50.4;27.0
80;2021-06-22;1151;3935;288287;158047;50.6;27.7
80;2021-06-23;1855;5292;290142;163339;50.9;28.7
80;2021-06-24;1702;4687;291844;168026;51.2;29.5
80;2021-06-25;1375;6124;293219;174150;51.5;30.6
80;2021-06-26;1936;6181;295155;180331;51.8;31.6
80;2021-06-27;332;2031;295487;182362;51.9;32.0
80;2021-06-28;909;3169;296396;185531;52.0;32.6
80;2021-06-29;1922;4620;298318;190151;52.4;33.4
80;2021-06-30;1251;4782;299569;194933;52.6;34.2
80;2021-07-01;1629;4995;301198;199928;52.9;35.1
80;2021-07-02;1881;5986;303079;205914;53.2;36.1
80;2021-07-03;1331;5268;304410;211182;53.4;37.1
80;2021-07-04;692;1469;305102;212651;53.5;37.3
80;2021-07-05;906;2961;306008;215612;53.7;37.8
80;2021-07-06;1872;3986;307880;219598;54.0;38.5
80;2021-07-07;1577;4507;309457;224105;54.3;39.3
80;2021-07-08;2097;5005;311554;229110;54.7;40.2
80;2021-07-09;2619;5467;314173;234577;55.1;41.2
80;2021-07-10;1634;4018;315807;238595;55.4;41.9
80;2021-07-11;406;804;316213;239399;55.5;42.0
80;2021-07-12;882;3380;317095;242779;55.7;42.6
80;2021-07-13;2099;5085;319194;247864;56.0;43.5
80;2021-07-14;2802;1744;321996;249608;56.5;43.8
80;2021-07-15;2807;5297;324803;254905;57.0;44.7
80;2021-07-16;3896;5888;328699;260793;57.7;45.8
80;2021-07-17;3379;4459;332078;265252;58.3;46.6
80;2021-07-18;875;895;332953;266147;58.4;46.7
80;2021-07-19;2162;2882;335115;269029;58.8;47.2
80;2021-07-20;3327;4904;338442;273933;59.4;48.1
80;2021-07-21;3505;4490;341947;278423;60.0;48.9
80;2021-07-22;4368;4571;346315;282994;60.8;49.7
80;2021-07-23;5403;4822;351718;287816;61.7;50.5
80;2021-07-24;4365;4339;356083;292155;62.5;51.3
80;2021-07-25;1185;649;357268;292804;62.7;51.4
80;2021-07-26;2677;2334;359945;295138;63.2;51.8
80;2021-07-27;4368;3707;364313;298845;63.9;52.5
80;2021-07-28;5093;2800;369406;301645;64.8;52.9
80;2021-07-29;4979;3225;374385;304870;65.7;53.5
80;2021-07-30;5025;3633;379410;308503;66.6;54.1
80;2021-07-31;4147;2922;383557;311425;67.3;54.7
80;2021-08-01;1283;362;384840;311787;67.5;54.7
80;2021-08-02;2050;1757;386890;313544;67.9;55.0
80;2021-08-03;3701;2362;390591;315906;68.6;55.4
80;2021-08-04;3344;2497;393935;318403;69.1;55.9
80;2021-08-05;3124;2567;397059;320970;69.7;56.3
80;2021-08-06;3230;2905;400289;323875;70.3;56.8
80;2021-08-07;2411;2657;402700;326532;70.7;57.3
80;2021-08-08;614;720;403314;327252;70.8;57.4
80;2021-08-09;1381;2121;404695;329373;71.0;57.8
80;2021-08-10;2335;2849;407030;332222;71.4;58.3
80;2021-08-11;1933;2483;408963;334705;71.8;58.7
80;2021-08-12;2237;2671;411200;337376;72.2;59.2
80;2021-08-13;1874;3153;413074;340529;72.5;59.8
80;2021-08-14;1410;2142;414484;342671;72.7;60.1
80;2021-08-15;318;671;414802;343342;72.8;60.3
80;2021-08-16;894;2521;415696;345863;73.0;60.7
80;2021-08-17;1703;3546;417399;349409;73.3;61.3
80;2021-08-18;1232;3706;418631;353115;73.5;62.0
80;2021-08-19;1557;3815;420188;356930;73.7;62.6
80;2021-08-20;1251;4426;421439;361356;74.0;63.4
80;2021-08-21;1069;2680;422508;364036;74.2;63.9
80;2021-08-22;145;678;422653;364714;74.2;64.0
80;2021-08-23;565;2990;423218;367704;74.3;64.5
81;2020-12-27;0;0;0;0;0.0;0.0
81;2020-12-28;0;0;0;0;0.0;0.0
81;2020-12-29;0;0;0;0;0.0;0.0
81;2020-12-30;0;0;0;0;0.0;0.0
81;2020-12-31;0;0;0;0;0.0;0.0
81;2021-01-01;0;0;0;0;0.0;0.0
81;2021-01-02;0;0;0;0;0.0;0.0
81;2021-01-03;0;0;0;0;0.0;0.0
81;2021-01-04;1;0;1;0;0.0;0.0
81;2021-01-05;0;0;1;0;0.0;0.0
81;2021-01-06;5;0;6;0;0.0;0.0
81;2021-01-07;266;0;272;0;0.1;0.0
81;2021-01-08;312;1;584;1;0.2;0.0
81;2021-01-09;74;1;658;2;0.2;0.0
81;2021-01-10;1;0;659;2;0.2;0.0
81;2021-01-11;133;0;792;2;0.2;0.0
81;2021-01-12;167;0;959;2;0.2;0.0
81;2021-01-13;233;1;1192;3;0.3;0.0
81;2021-01-14;963;8;2155;11;0.6;0.0
81;2021-01-15;524;1;2679;12;0.7;0.0
81;2021-01-16;72;0;2751;12;0.7;0.0
81;2021-01-17;0;0;2751;12;0.7;0.0
81;2021-01-18;580;3;3331;15;0.9;0.0
81;2021-01-19;662;4;3993;19;1.0;0.0
81;2021-01-20;752;2;4745;21;1.2;0.0
81;2021-01-21;1179;5;5924;26;1.5;0.0
81;2021-01-22;855;2;6779;28;1.7;0.0
81;2021-01-23;221;2;7000;30;1.8;0.0
81;2021-01-24;102;0;7102;30;1.8;0.0
81;2021-01-25;568;3;7670;33;2.0;0.0
81;2021-01-26;634;5;8304;38;2.1;0.0
81;2021-01-27;551;4;8855;42;2.3;0.0
81;2021-01-28;700;209;9555;251;2.5;0.1
81;2021-01-29;302;183;9857;434;2.5;0.1
81;2021-01-30;204;37;10061;471;2.6;0.1
81;2021-01-31;104;1;10165;472;2.6;0.1
81;2021-02-01;320;129;10485;601;2.7;0.2
81;2021-02-02;446;142;10931;743;2.8;0.2
81;2021-02-03;476;223;11407;966;2.9;0.2
81;2021-02-04;1411;692;12818;1658;3.3;0.4
81;2021-02-05;869;315;13687;1973;3.5;0.5
81;2021-02-06;274;21;13961;1994;3.6;0.5
81;2021-02-07;103;0;14064;1994;3.6;0.5
81;2021-02-08;275;218;14339;2212;3.7;0.6
81;2021-02-09;419;219;14758;2431;3.8;0.6
81;2021-02-10;371;286;15129;2717;3.9;0.7
81;2021-02-11;651;389;15780;3106;4.1;0.8
81;2021-02-12;579;545;16359;3651;4.2;0.9
81;2021-02-13;188;156;16547;3807;4.3;1.0
81;2021-02-14;100;1;16647;3808;4.3;1.0
81;2021-02-15;234;483;16881;4291;4.4;1.1
81;2021-02-16;281;617;17162;4908;4.4;1.3
81;2021-02-17;242;521;17404;5429;4.5;1.4
81;2021-02-18;482;672;17886;6101;4.6;1.6
81;2021-02-19;567;409;18453;6510;4.8;1.7
81;2021-02-20;322;281;18775;6791;4.8;1.8
81;2021-02-21;23;80;18798;6871;4.8;1.8
81;2021-02-22;232;536;19030;7407;4.9;1.9
81;2021-02-23;168;593;19198;8000;4.9;2.1
81;2021-02-24;291;631;19489;8631;5.0;2.2
81;2021-02-25;716;1055;20205;9686;5.2;2.5
81;2021-02-26;909;959;21114;10645;5.4;2.7
81;2021-02-27;275;242;21389;10887;5.5;2.8
81;2021-02-28;21;88;21410;10975;5.5;2.8
81;2021-03-01;208;410;21618;11385;5.6;2.9
81;2021-03-02;364;544;21982;11929;5.7;3.1
81;2021-03-03;462;423;22444;12352;5.8;3.2
81;2021-03-04;1061;459;23505;12811;6.1;3.3
81;2021-03-05;1407;398;24912;13209;6.4;3.4
81;2021-03-06;981;167;25893;13376;6.7;3.4
81;2021-03-07;154;102;26047;13478;6.7;3.5
81;2021-03-08;465;359;26512;13837;6.8;3.6
81;2021-03-09;813;363;27325;14200;7.0;3.7
81;2021-03-10;899;393;28224;14593;7.3;3.8
81;2021-03-11;1352;359;29576;14952;7.6;3.9
81;2021-03-12;1690;302;31266;15254;8.1;3.9
81;2021-03-13;1030;188;32296;15442;8.3;4.0
81;2021-03-14;66;82;32362;15524;8.3;4.0
81;2021-03-15;1093;225;33455;15749;8.6;4.1
81;2021-03-16;724;227;34179;15976;8.8;4.1
81;2021-03-17;893;279;35072;16255;9.0;4.2
81;2021-03-18;969;577;36041;16832;9.3;4.3
81;2021-03-19;1271;458;37312;17290;9.6;4.5
81;2021-03-20;676;285;37988;17575;9.8;4.5
81;2021-03-21;139;22;38127;17597;9.8;4.5
81;2021-03-22;933;279;39060;17876;10.1;4.6
81;2021-03-23;1421;225;40481;18101;10.4;4.7
81;2021-03-24;1605;264;42086;18365;10.8;4.7
81;2021-03-25;2028;326;44114;18691;11.4;4.8
81;2021-03-26;2102;282;46216;18973;11.9;4.9
81;2021-03-27;1092;36;47308;19009;12.2;4.9
81;2021-03-28;734;40;48042;19049;12.4;4.9
81;2021-03-29;2867;184;50909;19233;13.1;5.0
81;2021-03-30;3055;211;53964;19444;13.9;5.0
81;2021-03-31;2690;297;56654;19741;14.6;5.1
81;2021-04-01;3314;561;59968;20302;15.5;5.2
81;2021-04-02;2613;370;62581;20672;16.1;5.3
81;2021-04-03;1147;303;63728;20975;16.4;5.4
81;2021-04-04;1402;22;65130;20997;16.8;5.4
81;2021-04-05;718;18;65848;21015;17.0;5.4
81;2021-04-06;1597;511;67445;21526;17.4;5.5
81;2021-04-07;1815;584;69260;22110;17.9;5.7
81;2021-04-08;2615;819;71875;22929;18.5;5.9
81;2021-04-09;3051;474;74926;23403;19.3;6.0
81;2021-04-10;1476;512;76402;23915;19.7;6.2
81;2021-04-11;1298;66;77700;23981;20.0;6.2
81;2021-04-12;1220;685;78920;24666;20.3;6.4
81;2021-04-13;2529;791;81449;25457;21.0;6.6
81;2021-04-14;2507;832;83956;26289;21.6;6.8
81;2021-04-15;3098;1201;87054;27490;22.4;7.1
81;2021-04-16;2821;1087;89875;28577;23.2;7.4
81;2021-04-17;1145;296;91020;28873;23.5;7.4
81;2021-04-18;519;146;91539;29019;23.6;7.5
81;2021-04-19;913;823;92452;29842;23.8;7.7
81;2021-04-20;2270;1170;94722;31012;24.4;8.0
81;2021-04-21;2224;1005;96946;32017;25.0;8.3
81;2021-04-22;2817;1058;99763;33075;25.7;8.5
81;2021-04-23;2883;968;102646;34043;26.5;8.8
81;2021-04-24;1327;743;103973;34786;26.8;9.0
81;2021-04-25;454;716;104427;35502;26.9;9.2
81;2021-04-26;1059;2423;105486;37925;27.2;9.8
81;2021-04-27;1597;2351;107083;40276;27.6;10.4
81;2021-04-28;1426;2397;108509;42673;28.0;11.0
81;2021-04-29;1818;2748;110327;45421;28.4;11.7
81;2021-04-30;2014;2352;112341;47773;29.0;12.3
81;2021-05-01;362;685;112703;48458;29.1;12.5
81;2021-05-02;291;1379;112994;49837;29.1;12.8
81;2021-05-03;1116;1169;114110;51006;29.4;13.1
81;2021-05-04;2622;1910;116732;52916;30.1;13.6
81;2021-05-05;2015;1932;118747;54848;30.6;14.1
81;2021-05-06;2748;3456;121495;58304;31.3;15.0
81;2021-05-07;2127;2882;123622;61186;31.9;15.8
81;2021-05-08;963;877;124585;62063;32.1;16.0
81;2021-05-09;534;1352;125119;63415;32.3;16.3
81;2021-05-10;825;1601;125944;65016;32.5;16.8
81;2021-05-11;1661;2576;127605;67592;32.9;17.4
81;2021-05-12;1640;2466;129245;70058;33.3;18.1
81;2021-05-13;1216;564;130461;70622;33.6;18.2
81;2021-05-14;1890;1724;132351;72346;34.1;18.7
81;2021-05-15;1511;621;133862;72967;34.5;18.8
81;2021-05-16;1368;414;135230;73381;34.9;18.9
81;2021-05-17;1167;864;136397;74245;35.2;19.1
81;2021-05-18;1701;1430;138098;75675;35.6;19.5
81;2021-05-19;2643;1244;140741;76919;36.3;19.8
81;2021-05-20;2968;1351;143709;78270;37.0;20.2
81;2021-05-21;2738;1117;146447;79387;37.8;20.5
81;2021-05-22;2815;520;149262;79907;38.5;20.6
81;2021-05-23;1178;74;150440;79981;38.8;20.6
81;2021-05-24;837;81;151277;80062;39.0;20.6
81;2021-05-25;2493;1107;153770;81169;39.6;20.9
81;2021-05-26;1891;800;155661;81969;40.1;21.1
81;2021-05-27;2555;1547;158216;83516;40.8;21.5
81;2021-05-28;2566;1663;160782;85179;41.4;22.0
81;2021-05-29;1400;542;162182;85721;41.8;22.1
81;2021-05-30;935;219;163117;85940;42.1;22.2
81;2021-05-31;1183;1340;164300;87280;42.4;22.5
81;2021-06-01;1781;2696;166081;89976;42.8;23.2
81;2021-06-02;2006;2448;168087;92424;43.3;23.8
81;2021-06-03;2004;2534;170091;94958;43.8;24.5
81;2021-06-04;1845;2948;171936;97906;44.3;25.2
81;2021-06-05;1756;1306;173692;99212;44.8;25.6
81;2021-06-06;370;366;174062;99578;44.9;25.7
81;2021-06-07;1209;1540;175271;101118;45.2;26.1
81;2021-06-08;2371;2388;177642;103506;45.8;26.7
81;2021-06-09;2440;1869;180082;105375;46.4;27.2
81;2021-06-10;1279;1564;181361;106939;46.8;27.6
81;2021-06-11;2654;2201;184015;109140;47.4;28.1
81;2021-06-12;1659;1038;185674;110178;47.9;28.4
81;2021-06-13;444;475;186118;110653;48.0;28.5
81;2021-06-14;774;1420;186892;112073;48.2;28.9
81;2021-06-15;1678;3502;188570;115575;48.6;29.8
81;2021-06-16;1269;3013;189839;118588;48.9;30.6
81;2021-06-17;1343;2525;191182;121113;49.3;31.2
81;2021-06-18;1837;2772;193019;123885;49.8;31.9
81;2021-06-19;825;949;193844;124834;50.0;32.2
81;2021-06-20;405;536;194249;125370;50.1;32.3
81;2021-06-21;425;1038;194674;126408;50.2;32.6
81;2021-06-22;1060;2566;195734;128974;50.5;33.2
81;2021-06-23;1142;2158;196876;131132;50.8;33.8
81;2021-06-24;1115;1936;197991;133068;51.0;34.3
81;2021-06-25;1241;2868;199232;135936;51.4;35.0
81;2021-06-26;722;1712;199954;137648;51.5;35.5
81;2021-06-27;526;1646;200480;139294;51.7;35.9
81;2021-06-28;476;1542;200956;140836;51.8;36.3
81;2021-06-29;1083;2639;202039;143475;52.1;37.0
81;2021-06-30;1042;3154;203081;146629;52.4;37.8
81;2021-07-01;880;2628;203961;149257;52.6;38.5
81;2021-07-02;989;2858;204950;152115;52.8;39.2
81;2021-07-03;732;2830;205682;154945;53.0;39.9
81;2021-07-04;268;1010;205950;155955;53.1;40.2
81;2021-07-05;703;1624;206653;157579;53.3;40.6
81;2021-07-06;974;3177;207627;160756;53.5;41.4
81;2021-07-07;1059;2440;208686;163196;53.8;42.1
81;2021-07-08;1030;2234;209716;165430;54.1;42.6
81;2021-07-09;1147;2702;210863;168132;54.4;43.3
81;2021-07-10;807;1523;211670;169655;54.6;43.7
81;2021-07-11;436;1011;212106;170666;54.7;44.0
81;2021-07-12;737;1726;212843;172392;54.9;44.4
81;2021-07-13;2065;3142;214908;175534;55.4;45.3
81;2021-07-14;1442;1569;216350;177103;55.8;45.7
81;2021-07-15;2545;2760;218895;179863;56.4;46.4
81;2021-07-16;2023;3031;220918;182894;57.0;47.2
81;2021-07-17;1219;2455;222137;185349;57.3;47.8
81;2021-07-18;672;1129;222809;186478;57.4;48.1
81;2021-07-19;1252;1731;224061;188209;57.8;48.5
81;2021-07-20;3061;2808;227122;191017;58.6;49.2
81;2021-07-21;3492;2344;230614;193361;59.5;49.8
81;2021-07-22;3556;2094;234170;195455;60.4;50.4
81;2021-07-23;3170;3245;237340;198700;61.2;51.2
81;2021-07-24;2517;1719;239857;200419;61.8;51.7
81;2021-07-25;1685;708;241542;201127;62.3;51.9
81;2021-07-26;2011;1542;243553;202669;62.8;52.2
81;2021-07-27;3605;2538;247158;205207;63.7;52.9
81;2021-07-28;3034;2197;250192;207404;64.5;53.5
81;2021-07-29;3347;1776;253539;209180;65.4;53.9
81;2021-07-30;2818;2263;256357;211443;66.1;54.5
81;2021-07-31;1945;1008;258302;212451;66.6;54.8
81;2021-08-01;832;636;259134;213087;66.8;54.9
81;2021-08-02;1068;987;260202;214074;67.1;55.2
81;2021-08-03;2308;2113;262510;216187;67.7;55.7
81;2021-08-04;2021;1530;264531;217717;68.2;56.1
81;2021-08-05;1518;1871;266049;219588;68.6;56.6
81;2021-08-06;1719;1973;267768;221561;69.0;57.1
81;2021-08-07;979;1041;268747;222602;69.3;57.4
81;2021-08-08;437;709;269184;223311;69.4;57.6
81;2021-08-09;799;657;269983;223968;69.6;57.7
81;2021-08-10;1599;2754;271582;226722;70.0;58.4
81;2021-08-11;1106;2404;272688;229126;70.3;59.1
81;2021-08-12;1037;2245;273725;231371;70.6;59.6
81;2021-08-13;871;2468;274596;233839;70.8;60.3
81;2021-08-14;492;1873;275088;235712;70.9;60.8
81;2021-08-15;141;1100;275229;236812;71.0;61.1
81;2021-08-16;625;1820;275854;238632;71.1;61.5
81;2021-08-17;1334;3099;277188;241731;71.5;62.3
81;2021-08-18;1054;2359;278242;244090;71.7;62.9
81;2021-08-19;937;2264;279179;246354;72.0;63.5
81;2021-08-20;910;2348;280089;248702;72.2;64.1
81;2021-08-21;465;1533;280554;250235;72.3;64.5
81;2021-08-22;184;929;280738;251164;72.4;64.8
81;2021-08-23;481;1262;281219;252426;72.5;65.1
82;2020-12-27;0;0;0;0;0.0;0.0
82;2020-12-28;2;0;2;0;0.0;0.0
82;2020-12-29;0;0;2;0;0.0;0.0
82;2020-12-30;0;0;2;0;0.0;0.0
82;2020-12-31;0;0;2;0;0.0;0.0
82;2021-01-01;0;0;2;0;0.0;0.0
82;2021-01-02;0;0;2;0;0.0;0.0
82;2021-01-03;0;0;2;0;0.0;0.0
82;2021-01-04;0;0;2;0;0.0;0.0
82;2021-01-05;86;0;88;0;0.0;0.0
82;2021-01-06;1;0;89;0;0.0;0.0
82;2021-01-07;75;0;164;0;0.1;0.0
82;2021-01-08;46;0;210;0;0.1;0.0
82;2021-01-09;77;0;287;0;0.1;0.0
82;2021-01-10;0;0;287;0;0.1;0.0
82;2021-01-11;94;0;381;0;0.1;0.0
82;2021-01-12;284;0;665;0;0.3;0.0
82;2021-01-13;336;1;1001;1;0.4;0.0
82;2021-01-14;442;3;1443;4;0.5;0.0
82;2021-01-15;612;2;2055;6;0.8;0.0
82;2021-01-16;230;3;2285;9;0.9;0.0
82;2021-01-17;89;0;2374;9;0.9;0.0
82;2021-01-18;433;0;2807;9;1.1;0.0
82;2021-01-19;479;1;3286;10;1.3;0.0
82;2021-01-20;663;2;3949;12;1.5;0.0
82;2021-01-21;447;1;4396;13;1.7;0.0
82;2021-01-22;483;2;4879;15;1.9;0.0
82;2021-01-23;151;0;5030;15;1.9;0.0
82;2021-01-24;0;0;5030;15;1.9;0.0
82;2021-01-25;376;0;5406;15;2.1;0.0
82;2021-01-26;468;0;5874;15;2.2;0.0
82;2021-01-27;519;0;6393;15;2.4;0.0
82;2021-01-28;586;34;6979;49;2.7;0.0
82;2021-01-29;405;108;7384;157;2.8;0.1
82;2021-01-30;44;22;7428;179;2.8;0.1
82;2021-01-31;0;0;7428;179;2.8;0.1
82;2021-02-01;292;55;7720;234;2.9;0.1
82;2021-02-02;344;100;8064;334;3.1;0.1
82;2021-02-03;462;66;8526;400;3.2;0.2
82;2021-02-04;765;219;9291;619;3.5;0.2
82;2021-02-05;480;147;9771;766;3.7;0.3
82;2021-02-06;93;39;9864;805;3.8;0.3
82;2021-02-07;29;79;9893;884;3.8;0.3
82;2021-02-08;149;224;10042;1108;3.8;0.4
82;2021-02-09;238;393;10280;1501;3.9;0.6
82;2021-02-10;271;602;10551;2103;4.0;0.8
82;2021-02-11;225;402;10776;2505;4.1;1.0
82;2021-02-12;190;610;10966;3115;4.2;1.2
82;2021-02-13;60;118;11026;3233;4.2;1.2
82;2021-02-14;4;81;11030;3314;4.2;1.3
82;2021-02-15;217;305;11247;3619;4.3;1.4
82;2021-02-16;280;391;11527;4010;4.4;1.5
82;2021-02-17;359;525;11886;4535;4.5;1.7
82;2021-02-18;507;505;12393;5040;4.7;1.9
82;2021-02-19;490;540;12883;5580;4.9;2.1
82;2021-02-20;78;139;12961;5719;4.9;2.2
82;2021-02-21;0;0;12961;5719;4.9;2.2
82;2021-02-22;200;408;13161;6127;5.0;2.3
82;2021-02-23;277;469;13438;6596;5.1;2.5
82;2021-02-24;283;456;13721;7052;5.2;2.7
82;2021-02-25;637;508;14358;7560;5.5;2.9
82;2021-02-26;648;397;15006;7957;5.7;3.0
82;2021-02-27;214;74;15220;8031;5.8;3.1
82;2021-02-28;30;7;15250;8038;5.8;3.1
82;2021-03-01;291;229;15541;8267;5.9;3.1
82;2021-03-02;495;403;16036;8670;6.1;3.3
82;2021-03-03;441;387;16477;9057;6.3;3.4
82;2021-03-04;600;301;17077;9358;6.5;3.6
82;2021-03-05;680;382;17757;9740;6.8;3.7
82;2021-03-06;693;43;18450;9783;7.0;3.7
82;2021-03-07;302;3;18752;9786;7.1;3.7
82;2021-03-08;603;154;19355;9940;7.4;3.8
82;2021-03-09;582;258;19937;10198;7.6;3.9
82;2021-03-10;779;247;20716;10445;7.9;4.0
82;2021-03-11;974;282;21690;10727;8.3;4.1
82;2021-03-12;992;103;22682;10830;8.6;4.1
82;2021-03-13;564;53;23246;10883;8.9;4.1
82;2021-03-14;61;5;23307;10888;8.9;4.1
82;2021-03-15;485;326;23792;11214;9.1;4.3
82;2021-03-16;197;334;23989;11548;9.1;4.4
82;2021-03-17;191;295;24180;11843;9.2;4.5
82;2021-03-18;279;350;24459;12193;9.3;4.6
82;2021-03-19;533;314;24992;12507;9.5;4.8
82;2021-03-20;251;58;25243;12565;9.6;4.8
82;2021-03-21;23;0;25266;12565;9.6;4.8
82;2021-03-22;405;320;25671;12885;9.8;4.9
82;2021-03-23;601;313;26272;13198;10.0;5.0
82;2021-03-24;620;335;26892;13533;10.2;5.2
82;2021-03-25;928;244;27820;13777;10.6;5.2
82;2021-03-26;1216;270;29036;14047;11.1;5.3
82;2021-03-27;479;78;29515;14125;11.2;5.4
82;2021-03-28;136;2;29651;14127;11.3;5.4
82;2021-03-29;925;379;30576;14506;11.6;5.5
82;2021-03-30;1188;280;31764;14786;12.1;5.6
82;2021-03-31;1019;262;32783;15048;12.5;5.7
82;2021-04-01;1072;197;33855;15245;12.9;5.8
82;2021-04-02;1212;286;35067;15531;13.4;5.9
82;2021-04-03;715;130;35782;15661;13.6;6.0
82;2021-04-04;276;14;36058;15675;13.7;6.0
82;2021-04-05;388;20;36446;15695;13.9;6.0
82;2021-04-06;953;510;37399;16205;14.2;6.2
82;2021-04-07;1017;499;38416;16704;14.6;6.4
82;2021-04-08;1454;418;39870;17122;15.2;6.5
82;2021-04-09;1656;471;41526;17593;15.8;6.7
82;2021-04-10;1716;101;43242;17694;16.5;6.7
82;2021-04-11;559;19;43801;17713;16.7;6.7
82;2021-04-12;1348;293;45149;18006;17.2;6.9
82;2021-04-13;1625;271;46774;18277;17.8;7.0
82;2021-04-14;1410;297;48184;18574;18.3;7.1
82;2021-04-15;1781;324;49965;18898;19.0;7.2
82;2021-04-16;1541;332;51506;19230;19.6;7.3
82;2021-04-17;1243;70;52749;19300;20.1;7.3
82;2021-04-18;561;15;53310;19315;20.3;7.4
82;2021-04-19;958;359;54268;19674;20.7;7.5
82;2021-04-20;1268;403;55536;20077;21.1;7.6
82;2021-04-21;1219;374;56755;20451;21.6;7.8
82;2021-04-22;1452;294;58207;20745;22.2;7.9
82;2021-04-23;1075;682;59282;21427;22.6;8.2
82;2021-04-24;1188;265;60470;21692;23.0;8.3
82;2021-04-25;736;49;61206;21741;23.3;8.3
82;2021-04-26;748;808;61954;22549;23.6;8.6
82;2021-04-27;905;924;62859;23473;23.9;8.9
82;2021-04-28;921;899;63780;24372;24.3;9.3
82;2021-04-29;1107;912;64887;25284;24.7;9.6
82;2021-04-30;1041;888;65928;26172;25.1;10.0
82;2021-05-01;1143;258;67071;26430;25.5;10.1
82;2021-05-02;697;145;67768;26575;25.8;10.1
82;2021-05-03;410;1216;68178;27791;26.0;10.6
82;2021-05-04;864;1170;69042;28961;26.3;11.0
82;2021-05-05;568;1173;69610;30134;26.5;11.5
82;2021-05-06;848;1420;70458;31554;26.8;12.0
82;2021-05-07;734;1456;71192;33010;27.1;12.6
82;2021-05-08;935;520;72127;33530;27.5;12.8
82;2021-05-09;753;579;72880;34109;27.8;13.0
82;2021-05-10;850;1365;73730;35474;28.1;13.5
82;2021-05-11;1158;1349;74888;36823;28.5;14.0
82;2021-05-12;1016;1346;75904;38169;28.9;14.5
82;2021-05-13;1454;432;77358;38601;29.5;14.7
82;2021-05-14;1691;1239;79049;39840;30.1;15.2
82;2021-05-15;1935;698;80984;40538;30.8;15.4
82;2021-05-16;558;115;81542;40653;31.0;15.5
82;2021-05-17;1090;1173;82632;41826;31.5;15.9
82;2021-05-18;1466;1190;84098;43016;32.0;16.4
82;2021-05-19;1271;978;85369;43994;32.5;16.8
82;2021-05-20;1408;1159;86777;45153;33.0;17.2
82;2021-05-21;1411;1217;88188;46370;33.6;17.7
82;2021-05-22;2069;631;90257;47001;34.4;17.9
82;2021-05-23;705;117;90962;47118;34.6;17.9
82;2021-05-24;1441;264;92403;47382;35.2;18.0
82;2021-05-25;1445;964;93848;48346;35.7;18.4
82;2021-05-26;1413;922;95261;49268;36.3;18.8
82;2021-05-27;1460;1025;96721;50293;36.8;19.2
82;2021-05-28;1540;1145;98261;51438;37.4;19.6
82;2021-05-29;1496;546;99757;51984;38.0;19.8
82;2021-05-30;402;101;100159;52085;38.1;19.8
82;2021-05-31;1492;991;101651;53076;38.7;20.2
82;2021-06-01;1751;1053;103402;54129;39.4;20.6
82;2021-06-02;1473;1005;104875;55134;39.9;21.0
82;2021-06-03;1490;1185;106365;56319;40.5;21.4
82;2021-06-04;2250;1310;108615;57629;41.4;21.9
82;2021-06-05;2271;985;110886;58614;42.2;22.3
82;2021-06-06;329;133;111215;58747;42.3;22.4
82;2021-06-07;958;1275;112173;60022;42.7;22.9
82;2021-06-08;1445;1141;113618;61163;43.3;23.3
82;2021-06-09;1709;1143;115327;62306;43.9;23.7
82;2021-06-10;1441;1208;116768;63514;44.5;24.2
82;2021-06-11;1922;1125;118690;64639;45.2;24.6
82;2021-06-12;2392;1396;121082;66035;46.1;25.1
82;2021-06-13;378;113;121460;66148;46.2;25.2
82;2021-06-14;1212;1083;122672;67231;46.7;25.6
82;2021-06-15;1462;1245;124134;68476;47.3;26.1
82;2021-06-16;1751;1168;125885;69644;47.9;26.5
82;2021-06-17;1219;1473;127104;71117;48.4;27.1
82;2021-06-18;1469;1439;128573;72556;49.0;27.6
82;2021-06-19;2271;982;130844;73538;49.8;28.0
82;2021-06-20;268;174;131112;73712;49.9;28.1
82;2021-06-21;483;1361;131595;75073;50.1;28.6
82;2021-06-22;892;1708;132487;76781;50.4;29.2
82;2021-06-23;1238;1588;133725;78369;50.9;29.8
82;2021-06-24;757;1905;134482;80274;51.2;30.6
82;2021-06-25;741;1938;135223;82212;51.5;31.3
82;2021-06-26;1240;2144;136463;84356;52.0;32.1
82;2021-06-27;195;438;136658;84794;52.0;32.3
82;2021-06-28;330;1413;136988;86207;52.2;32.8
82;2021-06-29;518;1842;137506;88049;52.4;33.5
82;2021-06-30;948;1912;138454;89961;52.7;34.3
82;2021-07-01;658;1632;139112;91593;53.0;34.9
82;2021-07-02;931;2296;140043;93889;53.3;35.8
82;2021-07-03;859;2340;140902;96229;53.7;36.6
82;2021-07-04;120;439;141022;96668;53.7;36.8
82;2021-07-05;444;1561;141466;98229;53.9;37.4
82;2021-07-06;512;1865;141978;100094;54.1;38.1
82;2021-07-07;791;1777;142769;101871;54.4;38.8
82;2021-07-08;505;1503;143274;103374;54.6;39.4
82;2021-07-09;781;2152;144055;105526;54.9;40.2
82;2021-07-10;706;2217;144761;107743;55.1;41.0
82;2021-07-11;38;380;144799;108123;55.1;41.2
82;2021-07-12;579;1884;145378;110007;55.4;41.9
82;2021-07-13;713;2004;146091;112011;55.6;42.7
82;2021-07-14;617;741;146708;112752;55.9;42.9
82;2021-07-15;858;1753;147566;114505;56.2;43.6
82;2021-07-16;1438;2638;149004;117143;56.7;44.6
82;2021-07-17;561;2186;149565;119329;57.0;45.4
82;2021-07-18;14;41;149579;119370;57.0;45.5
82;2021-07-19;733;2072;150312;121442;57.2;46.2
82;2021-07-20;919;1885;151231;123327;57.6;47.0
82;2021-07-21;1289;1761;152520;125088;58.1;47.6
82;2021-07-22;1080;1763;153600;126851;58.5;48.3
82;2021-07-23;1051;2983;154651;129834;58.9;49.4
82;2021-07-24;1102;1489;155753;131323;59.3;50.0
82;2021-07-25;303;72;156056;131395;59.4;50.0
82;2021-07-26;949;1897;157005;133292;59.8;50.8
82;2021-07-27;1338;1644;158343;134936;60.3;51.4
82;2021-07-28;1468;1501;159811;136437;60.9;52.0
82;2021-07-29;1327;1530;161138;137967;61.4;52.5
82;2021-07-30;1531;2479;162669;140446;61.9;53.5
82;2021-07-31;457;295;163126;140741;62.1;53.6
82;2021-08-01;272;50;163398;140791;62.2;53.6
82;2021-08-02;1268;876;164666;141667;62.7;53.9
82;2021-08-03;1430;827;166096;142494;63.2;54.3
82;2021-08-04;1359;1027;167455;143521;63.8;54.7
82;2021-08-05;1486;596;168941;144117;64.3;54.9
82;2021-08-06;993;646;169934;144763;64.7;55.1
82;2021-08-07;922;1191;170856;145954;65.1;55.6
82;2021-08-08;155;65;171011;146019;65.1;55.6
82;2021-08-09;1072;892;172083;146911;65.5;55.9
82;2021-08-10;1285;914;173368;147825;66.0;56.3
82;2021-08-11;1260;1125;174628;148950;66.5;56.7
82;2021-08-12;1470;945;176098;149895;67.1;57.1
82;2021-08-13;1404;994;177502;150889;67.6;57.5
82;2021-08-14;311;482;177813;151371;67.7;57.6
82;2021-08-15;61;34;177874;151405;67.7;57.7
82;2021-08-16;780;1459;178654;152864;68.0;58.2
82;2021-08-17;1058;1235;179712;154099;68.4;58.7
82;2021-08-18;611;849;180323;154948;68.7;59.0
82;2021-08-19;1001;1145;181324;156093;69.0;59.4
82;2021-08-20;1032;1897;182356;157990;69.4;60.2
82;2021-08-21;495;988;182851;158978;69.6;60.5
82;2021-08-22;21;55;182872;159033;69.6;60.6
82;2021-08-23;741;1291;183613;160324;69.9;61.0
83;2020-12-27;1;0;1;0;0.0;0.0
83;2020-12-28;0;0;1;0;0.0;0.0
83;2020-12-29;1;0;2;0;0.0;0.0
83;2020-12-30;1;0;3;0;0.0;0.0
83;2020-12-31;0;0;3;0;0.0;0.0
83;2021-01-01;1;0;4;0;0.0;0.0
83;2021-01-02;0;0;4;0;0.0;0.0
83;2021-01-03;1;0;5;0;0.0;0.0
83;2021-01-04;1;0;6;0;0.0;0.0
83;2021-01-05;3;0;9;0;0.0;0.0
83;2021-01-06;69;0;78;0;0.0;0.0
83;2021-01-07;324;0;402;0;0.0;0.0
83;2021-01-08;421;0;823;0;0.1;0.0
83;2021-01-09;48;0;871;0;0.1;0.0
83;2021-01-10;1;0;872;0;0.1;0.0
83;2021-01-11;475;0;1347;0;0.1;0.0
83;2021-01-12;1001;4;2348;4;0.2;0.0
83;2021-01-13;961;7;3309;11;0.3;0.0
83;2021-01-14;840;5;4149;16;0.4;0.0
83;2021-01-15;701;1;4850;17;0.5;0.0
83;2021-01-16;41;1;4891;18;0.5;0.0
83;2021-01-17;1;0;4892;18;0.5;0.0
83;2021-01-18;1221;4;6113;22;0.6;0.0
83;2021-01-19;2016;7;8129;29;0.8;0.0
83;2021-01-20;1659;10;9788;39;0.9;0.0
83;2021-01-21;2101;8;11889;47;1.1;0.0
83;2021-01-22;1658;5;13547;52;1.3;0.0
83;2021-01-23;244;0;13791;52;1.3;0.0
83;2021-01-24;21;1;13812;53;1.3;0.0
83;2021-01-25;1553;7;15365;60;1.4;0.0
83;2021-01-26;1757;15;17122;75;1.6;0.0
83;2021-01-27;2152;83;19274;158;1.8;0.0
83;2021-01-28;5081;359;24355;517;2.3;0.0
83;2021-01-29;2947;351;27302;868;2.5;0.1
83;2021-01-30;234;45;27536;913;2.6;0.1
83;2021-01-31;46;0;27582;913;2.6;0.1
83;2021-02-01;1277;420;28859;1333;2.7;0.1
83;2021-02-02;1438;726;30297;2059;2.8;0.2
83;2021-02-03;1526;636;31823;2695;3.0;0.3
83;2021-02-04;1483;746;33306;3441;3.1;0.3
83;2021-02-05;1218;678;34524;4119;3.2;0.4
83;2021-02-06;22;14;34546;4133;3.2;0.4
83;2021-02-07;1;0;34547;4133;3.2;0.4
83;2021-02-08;1089;626;35636;4759;3.3;0.4
83;2021-02-09;1324;915;36960;5674;3.4;0.5
83;2021-02-10;1529;806;38489;6480;3.6;0.6
83;2021-02-11;1605;1020;40094;7500;3.7;0.7
83;2021-02-12;1347;829;41441;8329;3.9;0.8
83;2021-02-13;53;25;41494;8354;3.9;0.8
83;2021-02-14;0;0;41494;8354;3.9;0.8
83;2021-02-15;669;1054;42163;9408;3.9;0.9
83;2021-02-16;541;1377;42704;10785;4.0;1.0
83;2021-02-17;804;1835;43508;12620;4.1;1.2
83;2021-02-18;1624;3871;45132;16491;4.2;1.5
83;2021-02-19;1475;2338;46607;18829;4.3;1.8
83;2021-02-20;63;170;46670;18999;4.3;1.8
83;2021-02-21;24;35;46694;19034;4.3;1.8
83;2021-02-22;503;1755;47197;20789;4.4;1.9
83;2021-02-23;670;1440;47867;22229;4.5;2.1
83;2021-02-24;723;1487;48590;23716;4.5;2.2
83;2021-02-25;1249;1414;49839;25130;4.6;2.3
83;2021-02-26;1298;1257;51137;26387;4.8;2.5
83;2021-02-27;551;55;51688;26442;4.8;2.5
83;2021-02-28;8;13;51696;26455;4.8;2.5
83;2021-03-01;811;1240;52507;27695;4.9;2.6
83;2021-03-02;989;1313;53496;29008;5.0;2.7
83;2021-03-03;1435;1527;54931;30535;5.1;2.8
83;2021-03-04;1889;1387;56820;31922;5.3;3.0
83;2021-03-05;2218;1241;59038;33163;5.5;3.1
83;2021-03-06;3006;113;62044;33276;5.8;3.1
83;2021-03-07;2225;41;64269;33317;6.0;3.1
83;2021-03-08;849;1319;65118;34636;6.1;3.2
83;2021-03-09;1929;1225;67047;35861;6.2;3.3
83;2021-03-10;2376;1369;69423;37230;6.5;3.5
83;2021-03-11;3675;2203;73098;39433;6.8;3.7
83;2021-03-12;3646;1512;76744;40945;7.1;3.8
83;2021-03-13;4603;177;81347;41122;7.6;3.8
83;2021-03-14;2333;50;83680;41172;7.8;3.8
83;2021-03-15;3337;669;87017;41841;8.1;3.9
83;2021-03-16;2600;698;89617;42539;8.3;4.0
83;2021-03-17;2848;785;92465;43324;8.6;4.0
83;2021-03-18;3550;797;96015;44121;8.9;4.1
83;2021-03-19;4173;585;100188;44706;9.3;4.2
83;2021-03-20;3475;71;103663;44777;9.7;4.2
83;2021-03-21;2011;30;105674;44807;9.8;4.2
83;2021-03-22;3965;895;109639;45702;10.2;4.3
83;2021-03-23;4753;591;114392;46293;10.7;4.3
83;2021-03-24;5049;722;119441;47015;11.1;4.4
83;2021-03-25;6532;851;125973;47866;11.7;4.5
83;2021-03-26;7174;748;133147;48614;12.4;4.5
83;2021-03-27;3967;387;137114;49001;12.8;4.6
83;2021-03-28;2183;33;139297;49034;13.0;4.6
83;2021-03-29;4555;763;143852;49797;13.4;4.6
83;2021-03-30;5965;946;149817;50743;14.0;4.7
83;2021-03-31;5553;1076;155370;51819;14.5;4.8
83;2021-04-01;5977;1258;161347;53077;15.0;4.9
83;2021-04-02;5761;1068;167108;54145;15.6;5.0
83;2021-04-03;1802;633;168910;54778;15.7;5.1
83;2021-04-04;855;346;169765;55124;15.8;5.1
83;2021-04-05;190;66;169955;55190;15.8;5.1
83;2021-04-06;4730;1403;174685;56593;16.3;5.3
83;2021-04-07;5831;1662;180516;58255;16.8;5.4
83;2021-04-08;7883;2000;188399;60255;17.5;5.6
83;2021-04-09;7587;2195;195986;62450;18.3;5.8
83;2021-04-10;2945;2655;198931;65105;18.5;6.1
83;2021-04-11;1720;2136;200651;67241;18.7;6.3
83;2021-04-12;4952;2876;205603;70117;19.1;6.5
83;2021-04-13;5408;3005;211011;73122;19.7;6.8
83;2021-04-14;5896;2946;216907;76068;20.2;7.1
83;2021-04-15;6776;3039;223683;79107;20.8;7.4
83;2021-04-16;6125;3520;229808;82627;21.4;7.7
83;2021-04-17;3511;2189;233319;84816;21.7;7.9
83;2021-04-18;2175;1297;235494;86113;21.9;8.0
83;2021-04-19;4106;3904;239600;90017;22.3;8.4
83;2021-04-20;4357;3873;243957;93890;22.7;8.7
83;2021-04-21;4302;4154;248259;98044;23.1;9.1
83;2021-04-22;5006;4304;253265;102348;23.6;9.5
83;2021-04-23;4529;4566;257794;106914;24.0;10.0
83;2021-04-24;2629;2710;260423;109624;24.3;10.2
83;2021-04-25;1925;1572;262348;111196;24.4;10.4
83;2021-04-26;3568;3851;265916;115047;24.8;10.7
83;2021-04-27;4137;4555;270053;119602;25.1;11.1
83;2021-04-28;4315;4368;274368;123970;25.6;11.5
83;2021-04-29;5813;5118;280181;129088;26.1;12.0
83;2021-04-30;5787;4308;285968;133396;26.6;12.4
83;2021-05-01;1692;428;287660;133824;26.8;12.5
83;2021-05-02;1237;756;288897;134580;26.9;12.5
83;2021-05-03;3750;4280;292647;138860;27.3;12.9
83;2021-05-04;3344;5101;295991;143961;27.6;13.4
83;2021-05-05;3642;4966;299633;148927;27.9;13.9
83;2021-05-06;4672;4957;304305;153884;28.3;14.3
83;2021-05-07;4171;5318;308476;159202;28.7;14.8
83;2021-05-08;2762;1013;311238;160215;29.0;14.9
83;2021-05-09;2152;1235;313390;161450;29.2;15.0
83;2021-05-10;3202;5423;316592;166873;29.5;15.5
83;2021-05-11;5127;5684;321719;172557;30.0;16.1
83;2021-05-12;6292;4845;328011;177402;30.5;16.5
83;2021-05-13;6582;1343;334593;178745;31.2;16.6
83;2021-05-14;7423;4114;342016;182859;31.8;17.0
83;2021-05-15;7754;2202;349770;185061;32.6;17.2
83;2021-05-16;6628;1248;356398;186309;33.2;17.3
83;2021-05-17;4894;4214;361292;190523;33.6;17.7
83;2021-05-18;5535;3862;366827;194385;34.2;18.1
83;2021-05-19;6207;3404;373034;197789;34.7;18.4
83;2021-05-20;6756;3792;379790;201581;35.4;18.8
83;2021-05-21;7909;3873;387699;205454;36.1;19.1
83;2021-05-22;6090;1718;393789;207172;36.7;19.3
83;2021-05-23;4686;707;398475;207879;37.1;19.4
83;2021-05-24;5810;973;404285;208852;37.6;19.4
83;2021-05-25;5513;4754;409798;213606;38.2;19.9
83;2021-05-26;4858;4439;414656;218045;38.6;20.3
83;2021-05-27;5073;5264;419729;223309;39.1;20.8
83;2021-05-28;4507;5769;424236;229078;39.5;21.3
83;2021-05-29;2706;4275;426942;233353;39.8;21.7
83;2021-05-30;1257;1375;428199;234728;39.9;21.9
83;2021-05-31;5488;4765;433687;239493;40.4;22.3
83;2021-06-01;5730;5308;439417;244801;40.9;22.8
83;2021-06-02;5261;4587;444678;249388;41.4;23.2
83;2021-06-03;5743;5135;450421;254523;41.9;23.7
83;2021-06-04;5447;6048;455868;260571;42.5;24.3
83;2021-06-05;3925;3199;459793;263770;42.8;24.6
83;2021-06-06;1936;1384;461729;265154;43.0;24.7
83;2021-06-07;3918;5090;465647;270244;43.4;25.2
83;2021-06-08;4173;4826;469820;275070;43.8;25.6
83;2021-06-09;4006;4701;473826;279771;44.1;26.1
83;2021-06-10;3997;4259;477823;284030;44.5;26.5
83;2021-06-11;3657;5445;481480;289475;44.8;27.0
83;2021-06-12;2912;2984;484392;292459;45.1;27.2
83;2021-06-13;995;1392;485387;293851;45.2;27.4
83;2021-06-14;2857;5658;488244;299509;45.5;27.9
83;2021-06-15;3166;4862;491410;304371;45.8;28.3
83;2021-06-16;2963;4508;494373;308879;46.0;28.8
83;2021-06-17;2767;5286;497140;314165;46.3;29.3
83;2021-06-18;3158;5961;500298;320126;46.6;29.8
83;2021-06-19;2320;4097;502618;324223;46.8;30.2
83;2021-06-20;674;1889;503292;326112;46.9;30.4
83;2021-06-21;2111;7588;505403;333700;47.1;31.1
83;2021-06-22;2100;7164;507503;340864;47.3;31.7
83;2021-06-23;1933;6928;509436;347792;47.4;32.4
83;2021-06-24;1956;7367;511392;355159;47.6;33.1
83;2021-06-25;2110;8399;513502;363558;47.8;33.9
83;2021-06-26;1464;6808;514966;370366;48.0;34.5
83;2021-06-27;692;3186;515658;373552;48.0;34.8
83;2021-06-28;1571;7892;517229;381444;48.2;35.5
83;2021-06-29;1905;7810;519134;389254;48.3;36.2
83;2021-06-30;2242;7269;521376;396523;48.6;36.9
83;2021-07-01;2552;6569;523928;403092;48.8;37.5
83;2021-07-02;2262;7799;526190;410891;49.0;38.3
83;2021-07-03;1510;5686;527700;416577;49.1;38.8
83;2021-07-04;571;2751;528271;419328;49.2;39.0
83;2021-07-05;1923;7533;530194;426861;49.4;39.8
83;2021-07-06;2573;5937;532767;432798;49.6;40.3
83;2021-07-07;2682;4671;535449;437469;49.9;40.7
83;2021-07-08;3246;4471;538695;441940;50.2;41.2
83;2021-07-09;3040;6960;541735;448900;50.4;41.8
83;2021-07-10;1576;4928;543311;453828;50.6;42.3
83;2021-07-11;1008;1763;544319;455591;50.7;42.4
83;2021-07-12;2137;7684;546456;463275;50.9;43.1
83;2021-07-13;4035;7083;550491;470358;51.3;43.8
83;2021-07-14;2094;1322;552585;471680;51.5;43.9
83;2021-07-15;4583;6843;557168;478523;51.9;44.6
83;2021-07-16;5271;7122;562439;485645;52.4;45.2
83;2021-07-17;3595;4998;566034;490643;52.7;45.7
83;2021-07-18;1603;1311;567637;491954;52.9;45.8
83;2021-07-19;3952;6313;571589;498267;53.2;46.4
83;2021-07-20;5980;6166;577569;504433;53.8;47.0
83;2021-07-21;6020;5202;583589;509635;54.3;47.5
83;2021-07-22;7099;5535;590688;515170;55.0;48.0
83;2021-07-23;7094;5895;597782;521065;55.7;48.5
83;2021-07-24;4643;4556;602425;525621;56.1;48.9
83;2021-07-25;1326;731;603751;526352;56.2;49.0
83;2021-07-26;5541;4928;609292;531280;56.7;49.5
83;2021-07-27;6815;4884;616107;536164;57.4;49.9
83;2021-07-28;6577;4393;622684;540557;58.0;50.3
83;2021-07-29;7466;4824;630150;545381;58.7;50.8
83;2021-07-30;6945;4741;637095;550122;59.3;51.2
83;2021-07-31;4662;3202;641757;553324;59.8;51.5
83;2021-08-01;1063;846;642820;554170;59.9;51.6
83;2021-08-02;5737;3686;648557;557856;60.4;51.9
83;2021-08-03;6348;3967;654905;561823;61.0;52.3
83;2021-08-04;5871;3688;660776;565511;61.5;52.7
83;2021-08-05;6128;4065;666904;569576;62.1;53.0
83;2021-08-06;6116;4897;673020;574473;62.7;53.5
83;2021-08-07;3735;3539;676755;578012;63.0;53.8
83;2021-08-08;1063;821;677818;578833;63.1;53.9
83;2021-08-09;4697;4625;682515;583458;63.6;54.3
83;2021-08-10;5209;5128;687724;588586;64.0;54.8
83;2021-08-11;4566;5058;692290;593644;64.5;55.3
83;2021-08-12;4895;5543;697185;599187;64.9;55.8
83;2021-08-13;4903;5730;702088;604917;65.4;56.3
83;2021-08-14;3195;3873;705283;608790;65.7;56.7
83;2021-08-15;202;390;705485;609180;65.7;56.7
83;2021-08-16;3604;5453;709089;614633;66.0;57.2
83;2021-08-17;3545;5253;712634;619886;66.4;57.7
83;2021-08-18;3561;4972;716195;624858;66.7;58.2
83;2021-08-19;4137;6226;720332;631084;67.1;58.8
83;2021-08-20;3575;6476;723907;637560;67.4;59.4
83;2021-08-21;2331;4472;726238;642032;67.6;59.8
83;2021-08-22;626;1023;726864;643055;67.7;59.9
83;2021-08-23;2462;5752;729326;648807;67.9;60.4
84;2020-12-27;0;0;0;0;0.0;0.0
84;2020-12-28;0;0;0;0;0.0;0.0
84;2020-12-29;0;0;0;0;0.0;0.0
84;2020-12-30;0;0;0;0;0.0;0.0
84;2020-12-31;0;0;0;0;0.0;0.0
84;2021-01-01;0;0;0;0;0.0;0.0
84;2021-01-02;0;0;0;0;0.0;0.0
84;2021-01-03;0;0;0;0;0.0;0.0
84;2021-01-04;0;0;0;0;0.0;0.0
84;2021-01-05;0;0;0;0;0.0;0.0
84;2021-01-06;0;0;0;0;0.0;0.0
84;2021-01-07;69;0;69;0;0.0;0.0
84;2021-01-08;81;0;150;0;0.0;0.0
84;2021-01-09;30;0;180;0;0.0;0.0
84;2021-01-10;0;0;180;0;0.0;0.0
84;2021-01-11;219;0;399;0;0.1;0.0
84;2021-01-12;623;2;1022;2;0.2;0.0
84;2021-01-13;358;0;1380;2;0.2;0.0
84;2021-01-14;943;13;2323;15;0.4;0.0
84;2021-01-15;617;9;2940;24;0.5;0.0
84;2021-01-16;166;0;3106;24;0.6;0.0
84;2021-01-17;29;1;3135;25;0.6;0.0
84;2021-01-18;696;3;3831;28;0.7;0.0
84;2021-01-19;877;2;4708;30;0.8;0.0
84;2021-01-20;1018;4;5726;34;1.0;0.0
84;2021-01-21;1048;5;6774;39;1.2;0.0
84;2021-01-22;1132;0;7906;39;1.4;0.0
84;2021-01-23;248;0;8154;39;1.5;0.0
84;2021-01-24;3;0;8157;39;1.5;0.0
84;2021-01-25;806;0;8963;39;1.6;0.0
84;2021-01-26;938;5;9901;44;1.8;0.0
84;2021-01-27;1071;2;10972;46;2.0;0.0
84;2021-01-28;1621;18;12593;64;2.2;0.0
84;2021-01-29;1198;63;13791;127;2.5;0.0
84;2021-01-30;171;21;13962;148;2.5;0.0
84;2021-01-31;7;0;13969;148;2.5;0.0
84;2021-02-01;656;147;14625;295;2.6;0.1
84;2021-02-02;787;268;15412;563;2.7;0.1
84;2021-02-03;759;244;16171;807;2.9;0.1
84;2021-02-04;911;405;17082;1212;3.0;0.2
84;2021-02-05;727;416;17809;1628;3.2;0.3
84;2021-02-06;127;49;17936;1677;3.2;0.3
84;2021-02-07;0;0;17936;1677;3.2;0.3
84;2021-02-08;568;275;18504;1952;3.3;0.3
84;2021-02-09;692;720;19196;2672;3.4;0.5
84;2021-02-10;556;568;19752;3240;3.5;0.6
84;2021-02-11;546;585;20298;3825;3.6;0.7
84;2021-02-12;562;680;20860;4505;3.7;0.8
84;2021-02-13;46;171;20906;4676;3.7;0.8
84;2021-02-14;3;0;20909;4676;3.7;0.8
84;2021-02-15;209;890;21118;5566;3.8;1.0
84;2021-02-16;222;831;21340;6397;3.8;1.1
84;2021-02-17;447;779;21787;7176;3.9;1.3
84;2021-02-18;557;1104;22344;8280;4.0;1.5
84;2021-02-19;737;1187;23081;9467;4.1;1.7
84;2021-02-20;65;152;23146;9619;4.1;1.7
84;2021-02-21;5;37;23151;9656;4.1;1.7
84;2021-02-22;369;744;23520;10400;4.2;1.9
84;2021-02-23;269;705;23789;11105;4.2;2.0
84;2021-02-24;393;737;24182;11842;4.3;2.1
84;2021-02-25;713;853;24895;12695;4.4;2.3
84;2021-02-26;822;681;25717;13376;4.6;2.4
84;2021-02-27;133;126;25850;13502;4.6;2.4
84;2021-02-28;17;0;25867;13502;4.6;2.4
84;2021-03-01;456;668;26323;14170;4.7;2.5
84;2021-03-02;631;810;26954;14980;4.8;2.7
84;2021-03-03;820;950;27774;15930;5.0;2.8
84;2021-03-04;1095;689;28869;16619;5.1;3.0
84;2021-03-05;1310;519;30179;17138;5.4;3.1
84;2021-03-06;1460;65;31639;17203;5.6;3.1
84;2021-03-07;481;16;32120;17219;5.7;3.1
84;2021-03-08;812;610;32932;17829;5.9;3.2
84;2021-03-09;1387;784;34319;18613;6.1;3.3
84;2021-03-10;1474;669;35793;19282;6.4;3.4
84;2021-03-11;1984;645;37777;19927;6.7;3.6
84;2021-03-12;2078;630;39855;20557;7.1;3.7
84;2021-03-13;745;37;40600;20594;7.2;3.7
84;2021-03-14;247;53;40847;20647;7.3;3.7
84;2021-03-15;1069;311;41916;20958;7.5;3.7
84;2021-03-16;1180;338;43096;21296;7.7;3.8
84;2021-03-17;1146;442;44242;21738;7.9;3.9
84;2021-03-18;1456;400;45698;22138;8.1;3.9
84;2021-03-19;2175;464;47873;22602;8.5;4.0
84;2021-03-20;838;25;48711;22627;8.7;4.0
84;2021-03-21;150;11;48861;22638;8.7;4.0
84;2021-03-22;1157;463;50018;23101;8.9;4.1
84;2021-03-23;1912;469;51930;23570;9.3;4.2
84;2021-03-24;2178;400;54108;23970;9.6;4.3
84;2021-03-25;3656;401;57764;24371;10.3;4.3
84;2021-03-26;3317;486;61081;24857;10.9;4.4
84;2021-03-27;914;57;61995;24914;11.1;4.4
84;2021-03-28;73;2;62068;24916;11.1;4.4
84;2021-03-29;1716;531;63784;25447;11.4;4.5
84;2021-03-30;2667;684;66451;26131;11.8;4.7
84;2021-03-31;2400;647;68851;26778;12.3;4.8
84;2021-04-01;3020;576;71871;27354;12.8;4.9
84;2021-04-02;2452;530;74323;27884;13.2;5.0
84;2021-04-03;509;28;74832;27912;13.3;5.0
84;2021-04-04;12;0;74844;27912;13.3;5.0
84;2021-04-05;812;102;75656;28014;13.5;5.0
84;2021-04-06;2142;843;77798;28857;13.9;5.1
84;2021-04-07;2403;864;80201;29721;14.3;5.3
84;2021-04-08;3651;1036;83852;30757;14.9;5.5
84;2021-04-09;4116;945;87968;31702;15.7;5.7
84;2021-04-10;1308;130;89276;31832;15.9;5.7
84;2021-04-11;37;12;89313;31844;15.9;5.7
84;2021-04-12;2091;805;91404;32649;16.3;5.8
84;2021-04-13;2939;1369;94343;34018;16.8;6.1
84;2021-04-14;2811;1355;97154;35373;17.3;6.3
84;2021-04-15;3271;1418;100425;36791;17.9;6.6
84;2021-04-16;3429;1553;103854;38344;18.5;6.8
84;2021-04-17;1666;197;105520;38541;18.8;6.9
84;2021-04-18;38;0;105558;38541;18.8;6.9
84;2021-04-19;2505;924;108063;39465;19.3;7.0
84;2021-04-20;2626;1530;110689;40995;19.7;7.3
84;2021-04-21;2649;1489;113338;42484;20.2;7.6
84;2021-04-22;3011;1739;116349;44223;20.7;7.9
84;2021-04-23;3035;1900;119384;46123;21.3;8.2
84;2021-04-24;1530;288;120914;46411;21.6;8.3
84;2021-04-25;27;2;120941;46413;21.6;8.3
84;2021-04-26;2191;1371;123132;47784;21.9;8.5
84;2021-04-27;2553;1987;125685;49771;22.4;8.9
84;2021-04-28;2817;1843;128502;51614;22.9;9.2
84;2021-04-29;3420;2031;131922;53645;23.5;9.6
84;2021-04-30;3133;2423;135055;56068;24.1;10.0
84;2021-05-01;457;258;135512;56326;24.2;10.0
84;2021-05-02;2;0;135514;56326;24.2;10.0
84;2021-05-03;2165;1633;137679;57959;24.5;10.3
84;2021-05-04;2489;2533;140168;60492;25.0;10.8
84;2021-05-05;2353;2219;142521;62711;25.4;11.2
84;2021-05-06;3223;2254;145744;64965;26.0;11.6
84;2021-05-07;2767;2559;148511;67524;26.5;12.0
84;2021-05-08;1158;526;149669;68050;26.7;12.1
84;2021-05-09;6;52;149675;68102;26.7;12.1
84;2021-05-10;2158;2458;151833;70560;27.1;12.6
84;2021-05-11;2908;3166;154741;73726;27.6;13.1
84;2021-05-12;2849;2926;157590;76652;28.1;13.7
84;2021-05-13;2160;845;159750;77497;28.5;13.8
84;2021-05-14;2727;2035;162477;79532;29.0;14.2
84;2021-05-15;2003;986;164480;80518;29.3;14.4
84;2021-05-16;1341;186;165821;80704;29.6;14.4
84;2021-05-17;2223;2155;168044;82859;30.0;14.8
84;2021-05-18;2905;2108;170949;84967;30.5;15.1
84;2021-05-19;3233;1664;174182;86631;31.0;15.4
84;2021-05-20;3699;2206;177881;88837;31.7;15.8
84;2021-05-21;3469;2333;181350;91170;32.3;16.3
84;2021-05-22;1584;680;182934;91850;32.6;16.4
84;2021-05-23;6;9;182940;91859;32.6;16.4
84;2021-05-24;1841;427;184781;92286;32.9;16.5
84;2021-05-25;2983;2184;187764;94470;33.5;16.8
84;2021-05-26;3076;2087;190840;96557;34.0;17.2
84;2021-05-27;3857;2321;194697;98878;34.7;17.6
84;2021-05-28;3184;3306;197881;102184;35.3;18.2
84;2021-05-29;1093;1653;198974;103837;35.5;18.5
84;2021-05-30;8;85;198982;103922;35.5;18.5
84;2021-05-31;2191;2636;201173;106558;35.9;19.0
84;2021-06-01;3145;3157;204318;109715;36.4;19.6
84;2021-06-02;3173;2624;207491;112339;37.0;20.0
84;2021-06-03;4113;2986;211604;115325;37.7;20.6
84;2021-06-04;3616;3041;215220;118366;38.4;21.1
84;2021-06-05;1782;1498;217002;119864;38.7;21.4
84;2021-06-06;988;207;217990;120071;38.9;21.4
84;2021-06-07;2453;2750;220443;122821;39.3;21.9
84;2021-06-08;3319;3051;223762;125872;39.9;22.4
84;2021-06-09;3031;2679;226793;128551;40.4;22.9
84;2021-06-10;3514;2792;230307;131343;41.1;23.4
84;2021-06-11;3025;3063;233332;134406;41.6;24.0
84;2021-06-12;1965;1312;235297;135718;41.9;24.2
84;2021-06-13;414;213;235711;135931;42.0;24.2
84;2021-06-14;1929;3156;237640;139087;42.4;24.8
84;2021-06-15;2575;3459;240215;142546;42.8;25.4
84;2021-06-16;2526;2957;242741;145503;43.3;25.9
84;2021-06-17;2996;3479;245737;148982;43.8;26.6
84;2021-06-18;2425;3550;248162;152532;44.2;27.2
84;2021-06-19;1289;1546;249451;154078;44.5;27.5
84;2021-06-20;549;354;250000;154432;44.6;27.5
84;2021-06-21;1570;3135;251570;157567;44.8;28.1
84;2021-06-22;2164;4013;253734;161580;45.2;28.8
84;2021-06-23;2116;3308;255850;164888;45.6;29.4
84;2021-06-24;2200;3485;258050;168373;46.0;30.0
84;2021-06-25;1837;3886;259887;172259;46.3;30.7
84;2021-06-26;1133;1816;261020;174075;46.5;31.0
84;2021-06-27;295;345;261315;174420;46.6;31.1
84;2021-06-28;1211;3223;262526;177643;46.8;31.7
84;2021-06-29;1480;4050;264006;181693;47.1;32.4
84;2021-06-30;1716;3961;265722;185654;47.4;33.1
84;2021-07-01;1812;3950;267534;189604;47.7;33.8
84;2021-07-02;1753;3897;269287;193501;48.0;34.5
84;2021-07-03;1103;2030;270390;195531;48.2;34.9
84;2021-07-04;395;416;270785;195947;48.3;34.9
84;2021-07-05;1543;3540;272328;199487;48.5;35.6
84;2021-07-06;1636;4166;273964;203653;48.8;36.3
84;2021-07-07;1675;3103;275639;206756;49.1;36.9
84;2021-07-08;2162;3749;277801;210505;49.5;37.5
84;2021-07-09;1874;3969;279675;214474;49.9;38.2
84;2021-07-10;1254;2159;280929;216633;50.1;38.6
84;2021-07-11;357;303;281286;216936;50.1;38.7
84;2021-07-12;1408;3842;282694;220778;50.4;39.4
84;2021-07-13;2334;5011;285028;225789;50.8;40.2
84;2021-07-14;1883;1249;286911;227038;51.1;40.5
84;2021-07-15;2674;4551;289585;231589;51.6;41.3
84;2021-07-16;2777;4599;292362;236188;52.1;42.1
84;2021-07-17;1586;2444;293948;238632;52.4;42.5
84;2021-07-18;1015;550;294963;239182;52.6;42.6
84;2021-07-19;2408;3743;297371;242925;53.0;43.3
84;2021-07-20;2949;4164;300320;247089;53.5;44.0
84;2021-07-21;3179;3657;303499;250746;54.1;44.7
84;2021-07-22;3781;3789;307280;254535;54.8;45.4
84;2021-07-23;3514;3674;310794;258209;55.4;46.0
84;2021-07-24;1455;2247;312249;260456;55.7;46.4
84;2021-07-25;1034;506;313283;260962;55.8;46.5
84;2021-07-26;2716;3027;315999;263989;56.3;47.1
84;2021-07-27;3434;3564;319433;267553;56.9;47.7
84;2021-07-28;3849;3304;323282;270857;57.6;48.3
84;2021-07-29;4215;3150;327497;274007;58.4;48.8
84;2021-07-30;4001;3313;331498;277320;59.1;49.4
84;2021-07-31;1996;1680;333494;279000;59.4;49.7
84;2021-08-01;815;425;334309;279425;59.6;49.8
84;2021-08-02;2937;2681;337246;282106;60.1;50.3
84;2021-08-03;4079;2787;341325;284893;60.8;50.8
84;2021-08-04;3857;2592;345182;287485;61.5;51.2
84;2021-08-05;3842;2564;349024;290049;62.2;51.7
84;2021-08-06;3672;2852;352696;292901;62.9;52.2
84;2021-08-07;2042;1728;354738;294629;63.2;52.5
84;2021-08-08;384;733;355122;295362;63.3;52.6
84;2021-08-09;2862;2582;357984;297944;63.8;53.1
84;2021-08-10;3715;2937;361699;300881;64.5;53.6
84;2021-08-11;3256;2662;364955;303543;65.1;54.1
84;2021-08-12;3147;2973;368102;306516;65.6;54.6
84;2021-08-13;2874;2685;370976;309201;66.1;55.1
84;2021-08-14;1675;1738;372651;310939;66.4;55.4
84;2021-08-15;286;226;372937;311165;66.5;55.5
84;2021-08-16;2335;3066;375272;314231;66.9;56.0
84;2021-08-17;2693;3250;377965;317481;67.4;56.6
84;2021-08-18;2398;2787;380363;320268;67.8;57.1
84;2021-08-19;2261;3109;382624;323377;68.2;57.6
84;2021-08-20;2158;3291;384782;326668;68.6;58.2
84;2021-08-21;1221;1874;386003;328542;68.8;58.6
84;2021-08-22;168;738;386171;329280;68.8;58.7
84;2021-08-23;1704;3265;387875;332545;69.1;59.3
85;2020-12-27;1;0;1;0;0.0;0.0
85;2020-12-28;0;0;1;0;0.0;0.0
85;2020-12-29;0;0;1;0;0.0;0.0
85;2020-12-30;0;0;1;0;0.0;0.0
85;2020-12-31;0;0;1;0;0.0;0.0
85;2021-01-01;0;0;1;0;0.0;0.0
85;2021-01-02;0;0;1;0;0.0;0.0
85;2021-01-03;1;0;2;0;0.0;0.0
85;2021-01-04;25;0;27;0;0.0;0.0
85;2021-01-05;62;0;89;0;0.0;0.0
85;2021-01-06;107;1;196;1;0.0;0.0
85;2021-01-07;203;0;399;1;0.1;0.0
85;2021-01-08;293;2;692;3;0.1;0.0
85;2021-01-09;288;1;980;4;0.1;0.0
85;2021-01-10;59;0;1039;4;0.2;0.0
85;2021-01-11;453;0;1492;4;0.2;0.0
85;2021-01-12;586;2;2078;6;0.3;0.0
85;2021-01-13;544;2;2622;8;0.4;0.0
85;2021-01-14;681;4;3303;12;0.5;0.0
85;2021-01-15;438;3;3741;15;0.5;0.0
85;2021-01-16;264;3;4005;18;0.6;0.0
85;2021-01-17;37;0;4042;18;0.6;0.0
85;2021-01-18;999;3;5041;21;0.7;0.0
85;2021-01-19;1427;16;6468;37;0.9;0.0
85;2021-01-20;1874;3;8342;40;1.2;0.0
85;2021-01-21;3222;10;11564;50;1.7;0.0
85;2021-01-22;1697;19;13261;69;1.9;0.0
85;2021-01-23;466;2;13727;71;2.0;0.0
85;2021-01-24;50;0;13777;71;2.0;0.0
85;2021-01-25;577;1;14354;72;2.1;0.0
85;2021-01-26;877;34;15231;106;2.2;0.0
85;2021-01-27;1804;32;17035;138;2.5;0.0
85;2021-01-28;1635;38;18670;176;2.7;0.0
85;2021-01-29;875;63;19545;239;2.9;0.0
85;2021-01-30;149;5;19694;244;2.9;0.0
85;2021-01-31;2;45;19696;289;2.9;0.0
85;2021-02-01;480;103;20176;392;3.0;0.1
85;2021-02-02;537;175;20713;567;3.0;0.1
85;2021-02-03;414;261;21127;828;3.1;0.1
85;2021-02-04;621;265;21748;1093;3.2;0.2
85;2021-02-05;624;265;22372;1358;3.3;0.2
85;2021-02-06;158;245;22530;1603;3.3;0.2
85;2021-02-07;1;0;22531;1603;3.3;0.2
85;2021-02-08;388;652;22919;2255;3.4;0.3
85;2021-02-09;663;1059;23582;3314;3.5;0.5
85;2021-02-10;583;1130;24165;4444;3.5;0.7
85;2021-02-11;1541;3042;25706;7486;3.8;1.1
85;2021-02-12;1013;1261;26719;8747;3.9;1.3
85;2021-02-13;251;502;26970;9249;3.9;1.4
85;2021-02-14;2;132;26972;9381;3.9;1.4
85;2021-02-15;336;813;27308;10194;4.0;1.5
85;2021-02-16;570;1187;27878;11381;4.1;1.7
85;2021-02-17;786;1575;28664;12956;4.2;1.9
85;2021-02-18;1278;1939;29942;14895;4.4;2.2
85;2021-02-19;957;1209;30899;16104;4.5;2.4
85;2021-02-20;174;262;31073;16366;4.5;2.4
85;2021-02-21;1;11;31074;16377;4.5;2.4
85;2021-02-22;814;885;31888;17262;4.7;2.5
85;2021-02-23;828;486;32716;17748;4.8;2.6
85;2021-02-24;756;313;33472;18061;4.9;2.6
85;2021-02-25;1336;401;34808;18462;5.1;2.7
85;2021-02-26;1228;331;36036;18793;5.3;2.8
85;2021-02-27;400;100;36436;18893;5.3;2.8
85;2021-02-28;7;1;36443;18894;5.3;2.8
85;2021-03-01;765;431;37208;19325;5.4;2.8
85;2021-03-02;1100;792;38308;20117;5.6;2.9
85;2021-03-03;843;516;39151;20633;5.7;3.0
85;2021-03-04;1576;1176;40727;21809;6.0;3.2
85;2021-03-05;1739;852;42466;22661;6.2;3.3
85;2021-03-06;1227;131;43693;22792;6.4;3.3
85;2021-03-07;333;35;44026;22827;6.4;3.3
85;2021-03-08;1741;462;45767;23289;6.7;3.4
85;2021-03-09;2239;575;48006;23864;7.0;3.5
85;2021-03-10;1863;653;49869;24517;7.3;3.6
85;2021-03-11;3119;1092;52988;25609;7.8;3.7
85;2021-03-12;2728;869;55716;26478;8.2;3.9
85;2021-03-13;1371;162;57087;26640;8.4;3.9
85;2021-03-14;182;3;57269;26643;8.4;3.9
85;2021-03-15;1919;517;59188;27160;8.7;4.0
85;2021-03-16;1630;519;60818;27679;8.9;4.1
85;2021-03-17;980;525;61798;28204;9.0;4.1
85;2021-03-18;1904;456;63702;28660;9.3;4.2
85;2021-03-19;2200;370;65902;29030;9.6;4.2
85;2021-03-20;1069;178;66971;29208;9.8;4.3
85;2021-03-21;271;5;67242;29213;9.8;4.3
85;2021-03-22;1763;560;69005;29773;10.1;4.4
85;2021-03-23;2421;735;71426;30508;10.5;4.5
85;2021-03-24;2205;532;73631;31040;10.8;4.5
85;2021-03-25;3648;597;77279;31637;11.3;4.6
85;2021-03-26;3359;651;80638;32288;11.8;4.7
85;2021-03-27;1729;123;82367;32411;12.1;4.7
85;2021-03-28;539;4;82906;32415;12.1;4.7
85;2021-03-29;2412;760;85318;33175;12.5;4.9
85;2021-03-30;2862;1024;88180;34199;12.9;5.0
85;2021-03-31;2198;673;90378;34872;13.2;5.1
85;2021-04-01;3876;912;94254;35784;13.8;5.2
85;2021-04-02;2705;1104;96959;36888;14.2;5.4
85;2021-04-03;1413;324;98372;37212;14.4;5.4
85;2021-04-04;324;29;98696;37241;14.4;5.5
85;2021-04-05;104;175;98800;37416;14.5;5.5
85;2021-04-06;2200;1598;101000;39014;14.8;5.7
85;2021-04-07;3091;1190;104091;40204;15.2;5.9
85;2021-04-08;4541;1603;108632;41807;15.9;6.1
85;2021-04-09;4602;1226;113234;43033;16.6;6.3
85;2021-04-10;1867;400;115101;43433;16.8;6.4
85;2021-04-11;27;10;115128;43443;16.9;6.4
85;2021-04-12;4285;1488;119413;44931;17.5;6.6
85;2021-04-13;4833;1874;124246;46805;18.2;6.9
85;2021-04-14;3962;1010;128208;47815;18.8;7.0
85;2021-04-15;5518;1742;133726;49557;19.6;7.3
85;2021-04-16;5241;1542;138967;51099;20.3;7.5
85;2021-04-17;1382;437;140349;51536;20.5;7.5
85;2021-04-18;351;12;140700;51548;20.6;7.5
85;2021-04-19;3367;1702;144067;53250;21.1;7.8
85;2021-04-20;3694;1926;147761;55176;21.6;8.1
85;2021-04-21;2693;1694;150454;56870;22.0;8.3
85;2021-04-22;3804;2234;154258;59104;22.6;8.7
85;2021-04-23;3903;2091;158161;61195;23.2;9.0
85;2021-04-24;1662;1535;159823;62730;23.4;9.2
85;2021-04-25;981;563;160804;63293;23.5;9.3
85;2021-04-26;3590;2350;164394;65643;24.1;9.6
85;2021-04-27;4394;2164;168788;67807;24.7;9.9
85;2021-04-28;5747;1257;174535;69064;25.5;10.1
85;2021-04-29;5635;2005;180170;71069;26.4;10.4
85;2021-04-30;5576;1678;185746;72747;27.2;10.6
85;2021-05-01;1736;637;187482;73384;27.4;10.7
85;2021-05-02;873;471;188355;73855;27.6;10.8
85;2021-05-03;3493;2385;191848;76240;28.1;11.2
85;2021-05-04;3487;3088;195335;79328;28.6;11.6
85;2021-05-05;4532;2167;199867;81495;29.3;11.9
85;2021-05-06;4920;2599;204787;84094;30.0;12.3
85;2021-05-07;3932;3861;208719;87955;30.6;12.9
85;2021-05-08;2246;230;210965;88185;30.9;12.9
85;2021-05-09;1509;184;212474;88369;31.1;12.9
85;2021-05-10;3213;4929;215687;93298;31.6;13.7
85;2021-05-11;4028;4979;219715;98277;32.2;14.4
85;2021-05-12;5019;3935;224734;102212;32.9;15.0
85;2021-05-13;5145;613;229879;102825;33.6;15.1
85;2021-05-14;4356;3167;234235;105992;34.3;15.5
85;2021-05-15;2327;776;236562;106768;34.6;15.6
85;2021-05-16;2213;162;238775;106930;35.0;15.7
85;2021-05-17;4146;3378;242921;110308;35.6;16.1
85;2021-05-18;5214;2854;248135;113162;36.3;16.6
85;2021-05-19;6493;1767;254628;114929;37.3;16.8
85;2021-05-20;6775;2177;261403;117106;38.3;17.1
85;2021-05-21;5498;2745;266901;119851;39.1;17.5
85;2021-05-22;2584;754;269485;120605;39.4;17.7
85;2021-05-23;1329;161;270814;120766;39.6;17.7
85;2021-05-24;4572;436;275386;121202;40.3;17.7
85;2021-05-25;4517;3566;279903;124768;41.0;18.3
85;2021-05-26;4946;2679;284849;127447;41.7;18.7
85;2021-05-27;4960;3693;289809;131140;42.4;19.2
85;2021-05-28;5253;4066;295062;135206;43.2;19.8
85;2021-05-29;3962;1528;299024;136734;43.8;20.0
85;2021-05-30;1292;125;300316;136859;44.0;20.0
85;2021-05-31;4689;3382;305005;140241;44.6;20.5
85;2021-06-01;5405;3399;310410;143640;45.4;21.0
85;2021-06-02;5557;2521;315967;146161;46.2;21.4
85;2021-06-03;5917;3235;321884;149396;47.1;21.9
85;2021-06-04;5837;3822;327721;153218;48.0;22.4
85;2021-06-05;2848;1942;330569;155160;48.4;22.7
85;2021-06-06;1510;803;332079;155963;48.6;22.8
85;2021-06-07;3237;4860;335316;160823;49.1;23.5
85;2021-06-08;4093;4528;339409;165351;49.7;24.2
85;2021-06-09;4848;3515;344257;168866;50.4;24.7
85;2021-06-10;5199;3704;349456;172570;51.2;25.3
85;2021-06-11;4507;4662;353963;177232;51.8;25.9
85;2021-06-12;1492;1799;355455;179031;52.0;26.2
85;2021-06-13;1220;672;356675;179703;52.2;26.3
85;2021-06-14;2680;5094;359355;184797;52.6;27.0
85;2021-06-15;3714;4935;363069;189732;53.1;27.8
85;2021-06-16;4083;3906;367152;193638;53.7;28.3
85;2021-06-17;3940;3897;371092;197535;54.3;28.9
85;2021-06-18;3626;5682;374718;203217;54.8;29.7
85;2021-06-19;1214;2030;375932;205247;55.0;30.0
85;2021-06-20;140;521;376072;205768;55.0;30.1
85;2021-06-21;2376;5813;378448;211581;55.4;31.0
85;2021-06-22;2848;5734;381296;217315;55.8;31.8
85;2021-06-23;3391;4499;384687;221814;56.3;32.5
85;2021-06-24;3641;4559;388328;226373;56.8;33.1
85;2021-06-25;2289;6178;390617;232551;57.2;34.0
85;2021-06-26;791;3761;391408;236312;57.3;34.6
85;2021-06-27;125;1370;391533;237682;57.3;34.8
85;2021-06-28;1186;6716;392719;244398;57.5;35.8
85;2021-06-29;1756;6876;394475;251274;57.7;36.8
85;2021-06-30;2213;6203;396688;257477;58.1;37.7
85;2021-07-01;2842;6058;399530;263535;58.5;38.6
85;2021-07-02;2269;7014;401799;270549;58.8;39.6
85;2021-07-03;618;3165;402417;273714;58.9;40.1
85;2021-07-04;145;1086;402562;274800;58.9;40.2
85;2021-07-05;1065;6651;403627;281451;59.1;41.2
85;2021-07-06;1581;6458;405208;287909;59.3;42.1
85;2021-07-07;1650;5864;406858;293773;59.6;43.0
85;2021-07-08;2166;5443;409024;299216;59.9;43.8
85;2021-07-09;1648;7098;410672;306314;60.1;44.8
85;2021-07-10;565;2838;411237;309152;60.2;45.3
85;2021-07-11;529;1288;411766;310440;60.3;45.4
85;2021-07-12;1409;7049;413175;317489;60.5;46.5
85;2021-07-13;2061;7391;415236;324880;60.8;47.6
85;2021-07-14;1453;2049;416689;326929;61.0;47.9
85;2021-07-15;2679;6941;419368;333870;61.4;48.9
85;2021-07-16;3429;6833;422797;340703;61.9;49.9
85;2021-07-17;1563;2152;424360;342855;62.1;50.2
85;2021-07-18;1149;1154;425509;344009;62.3;50.4
85;2021-07-19;3553;6231;429062;350240;62.8;51.3
85;2021-07-20;4299;6214;433361;356454;63.4;52.2
85;2021-07-21;3993;6199;437354;362653;64.0;53.1
85;2021-07-22;3905;6186;441259;368839;64.6;54.0
85;2021-07-23;4529;6711;445788;375550;65.3;55.0
85;2021-07-24;1045;2297;446833;377847;65.4;55.3
85;2021-07-25;491;304;447324;378151;65.5;55.4
85;2021-07-26;4505;5360;451829;383511;66.1;56.1
85;2021-07-27;5310;5396;457139;388907;66.9;56.9
85;2021-07-28;4956;4979;462095;393886;67.6;57.7
85;2021-07-29;5869;4741;467964;398627;68.5;58.3
85;2021-07-30;6009;4954;473973;403581;69.4;59.1
85;2021-07-31;1229;1577;475202;405158;69.6;59.3
85;2021-08-01;469;195;475671;405353;69.6;59.3
85;2021-08-02;4934;3953;480605;409306;70.3;59.9
85;2021-08-03;6503;3352;487108;412658;71.3;60.4
85;2021-08-04;6606;3421;493714;416079;72.3;60.9
85;2021-08-05;6162;3599;499876;419678;73.2;61.4
85;2021-08-06;5788;4515;505664;424193;74.0;62.1
85;2021-08-07;1503;1178;507167;425371;74.2;62.3
85;2021-08-08;329;231;507496;425602;74.3;62.3
85;2021-08-09;4116;3275;511612;428877;74.9;62.8
85;2021-08-10;4782;3417;516394;432294;75.6;63.3
85;2021-08-11;4650;4205;521044;436499;76.3;63.9
85;2021-08-12;4451;4294;525495;440793;76.9;64.5
85;2021-08-13;3822;3644;529317;444437;77.5;65.1
85;2021-08-14;1015;1091;530332;445528;77.6;65.2
85;2021-08-15;160;239;530492;445767;77.6;65.2
85;2021-08-16;2835;4769;533327;450536;78.1;65.9
85;2021-08-17;2960;4348;536287;454884;78.5;66.6
85;2021-08-18;3139;4093;539426;458977;79.0;67.2
85;2021-08-19;2725;4268;542151;463245;79.4;67.8
85;2021-08-20;2470;5220;544621;468465;79.7;68.6
85;2021-08-21;687;1390;545308;469855;79.8;68.8
85;2021-08-22;342;1017;545650;470872;79.9;68.9
85;2021-08-23;1869;5370;547519;476242;80.1;69.7
86;2020-12-27;0;0;0;0;0.0;0.0
86;2020-12-28;1;0;1;0;0.0;0.0
86;2020-12-29;1;0;2;0;0.0;0.0
86;2020-12-30;0;0;2;0;0.0;0.0
86;2020-12-31;0;0;2;0;0.0;0.0
86;2021-01-01;0;0;2;0;0.0;0.0
86;2021-01-02;0;0;2;0;0.0;0.0
86;2021-01-03;2;0;4;0;0.0;0.0
86;2021-01-04;0;0;4;0;0.0;0.0
86;2021-01-05;1;0;5;0;0.0;0.0
86;2021-01-06;178;0;183;0;0.0;0.0
86;2021-01-07;672;0;855;0;0.2;0.0
86;2021-01-08;609;3;1464;3;0.3;0.0
86;2021-01-09;0;0;1464;3;0.3;0.0
86;2021-01-10;173;0;1637;3;0.4;0.0
86;2021-01-11;305;0;1942;3;0.4;0.0
86;2021-01-12;459;0;2401;3;0.5;0.0
86;2021-01-13;336;0;2737;3;0.6;0.0
86;2021-01-14;551;1;3288;4;0.8;0.0
86;2021-01-15;542;1;3830;5;0.9;0.0
86;2021-01-16;2;0;3832;5;0.9;0.0
86;2021-01-17;0;0;3832;5;0.9;0.0
86;2021-01-18;564;0;4396;5;1.0;0.0
86;2021-01-19;1914;1;6310;6;1.4;0.0
86;2021-01-20;1459;20;7769;26;1.8;0.0
86;2021-01-21;1292;0;9061;26;2.1;0.0
86;2021-01-22;833;0;9894;26;2.3;0.0
86;2021-01-23;313;0;10207;26;2.3;0.0
86;2021-01-24;0;0;10207;26;2.3;0.0
86;2021-01-25;583;109;10790;135;2.5;0.0
86;2021-01-26;750;122;11540;257;2.6;0.1
86;2021-01-27;764;156;12304;413;2.8;0.1
86;2021-01-28;1048;425;13352;838;3.1;0.2
86;2021-01-29;880;219;14232;1057;3.3;0.2
86;2021-01-30;275;103;14507;1160;3.3;0.3
86;2021-01-31;57;157;14564;1317;3.3;0.3
86;2021-02-01;433;207;14997;1524;3.4;0.3
86;2021-02-02;573;386;15570;1910;3.6;0.4
86;2021-02-03;525;224;16095;2134;3.7;0.5
86;2021-02-04;478;365;16573;2499;3.8;0.6
86;2021-02-05;438;742;17011;3241;3.9;0.7
86;2021-02-06;148;205;17159;3446;3.9;0.8
86;2021-02-07;120;8;17279;3454;4.0;0.8
86;2021-02-08;361;328;17640;3782;4.0;0.9
86;2021-02-09;751;1122;18391;4904;4.2;1.1
86;2021-02-10;978;942;19369;5846;4.4;1.3
86;2021-02-11;1005;975;20374;6821;4.7;1.6
86;2021-02-12;745;380;21119;7201;4.8;1.6
86;2021-02-13;192;95;21311;7296;4.9;1.7
86;2021-02-14;1;34;21312;7330;4.9;1.7
86;2021-02-15;244;508;21556;7838;4.9;1.8
86;2021-02-16;384;866;21940;8704;5.0;2.0
86;2021-02-17;453;897;22393;9601;5.1;2.2
86;2021-02-18;422;874;22815;10475;5.2;2.4
86;2021-02-19;601;641;23416;11116;5.4;2.5
86;2021-02-20;115;176;23531;11292;5.4;2.6
86;2021-02-21;1;0;23532;11292;5.4;2.6
86;2021-02-22;240;427;23772;11719;5.4;2.7
86;2021-02-23;369;605;24141;12324;5.5;2.8
86;2021-02-24;408;587;24549;12911;5.6;3.0
86;2021-02-25;902;667;25451;13578;5.8;3.1
86;2021-02-26;1030;539;26481;14117;6.1;3.2
86;2021-02-27;460;151;26941;14268;6.2;3.3
86;2021-02-28;3;2;26944;14270;6.2;3.3
86;2021-03-01;232;526;27176;14796;6.2;3.4
86;2021-03-02;1142;852;28318;15648;6.5;3.6
86;2021-03-03;792;627;29110;16275;6.7;3.7
86;2021-03-04;1495;621;30605;16896;7.0;3.9
86;2021-03-05;1578;314;32183;17210;7.4;3.9
86;2021-03-06;995;169;33178;17379;7.6;4.0
86;2021-03-07;371;32;33549;17411;7.7;4.0
86;2021-03-08;472;541;34021;17952;7.8;4.1
86;2021-03-09;1368;530;35389;18482;8.1;4.2
86;2021-03-10;948;610;36337;19092;8.3;4.4
86;2021-03-11;1798;476;38135;19568;8.7;4.5
86;2021-03-12;2207;437;40342;20005;9.2;4.6
86;2021-03-13;1444;101;41786;20106;9.6;4.6
86;2021-03-14;133;16;41919;20122;9.6;4.6
86;2021-03-15;784;159;42703;20281;9.8;4.6
86;2021-03-16;847;203;43550;20484;10.0;4.7
86;2021-03-17;786;205;44336;20689;10.1;4.7
86;2021-03-18;1005;100;45341;20789;10.4;4.8
86;2021-03-19;2142;323;47483;21112;10.9;4.8
86;2021-03-20;592;133;48075;21245;11.0;4.9
86;2021-03-21;10;0;48085;21245;11.0;4.9
86;2021-03-22;852;277;48937;21522;11.2;4.9
86;2021-03-23;2015;328;50952;21850;11.6;5.0
86;2021-03-24;1556;291;52508;22141;12.0;5.1
86;2021-03-25;2488;352;54996;22493;12.6;5.1
86;2021-03-26;3041;361;58037;22854;13.3;5.2
86;2021-03-27;732;143;58769;22997;13.4;5.3
86;2021-03-28;5;128;58774;23125;13.4;5.3
86;2021-03-29;1260;393;60034;23518;13.7;5.4
86;2021-03-30;2402;820;62436;24338;14.3;5.6
86;2021-03-31;1511;625;63947;24963;14.6;5.7
86;2021-04-01;2244;943;66191;25906;15.1;5.9
86;2021-04-02;1902;556;68093;26462;15.6;6.0
86;2021-04-03;825;323;68918;26785;15.8;6.1
86;2021-04-04;82;108;69000;26893;15.8;6.1
86;2021-04-05;314;5;69314;26898;15.8;6.1
86;2021-04-06;1534;960;70848;27858;16.2;6.4
86;2021-04-07;1633;629;72481;28487;16.6;6.5
86;2021-04-08;2567;760;75048;29247;17.2;6.7
86;2021-04-09;3251;650;78299;29897;17.9;6.8
86;2021-04-10;1663;191;79962;30088;18.3;6.9
86;2021-04-11;442;10;80404;30098;18.4;6.9
86;2021-04-12;821;766;81225;30864;18.6;7.1
86;2021-04-13;2452;940;83677;31804;19.1;7.3
86;2021-04-14;1871;880;85548;32684;19.6;7.5
86;2021-04-15;2276;728;87824;33412;20.1;7.6
86;2021-04-16;2471;1227;90295;34639;20.6;7.9
86;2021-04-17;1039;262;91334;34901;20.9;8.0
86;2021-04-18;119;4;91453;34905;20.9;8.0
86;2021-04-19;745;794;92198;35699;21.1;8.2
86;2021-04-20;2300;1501;94498;37200;21.6;8.5
86;2021-04-21;2108;1126;96606;38326;22.1;8.8
86;2021-04-22;2331;1446;98937;39772;22.6;9.1
86;2021-04-23;2393;1578;101330;41350;23.2;9.5
86;2021-04-24;1300;510;102630;41860;23.5;9.6
86;2021-04-25;825;26;103455;41886;23.7;9.6
86;2021-04-26;2079;891;105534;42777;24.1;9.8
86;2021-04-27;3156;1670;108690;44447;24.8;10.2
86;2021-04-28;3004;1522;111694;45969;25.5;10.5
86;2021-04-29;3557;1833;115251;47802;26.3;10.9
86;2021-04-30;2970;1485;118221;49287;27.0;11.3
86;2021-05-01;1580;198;119801;49485;27.4;11.3
86;2021-05-02;1280;44;121081;49529;27.7;11.3
86;2021-05-03;2562;1005;123643;50534;28.3;11.6
86;2021-05-04;3510;1902;127153;52436;29.1;12.0
86;2021-05-05;3991;1483;131144;53919;30.0;12.3
86;2021-05-06;4292;1658;135436;55577;31.0;12.7
86;2021-05-07;4047;1827;139483;57404;31.9;13.1
86;2021-05-08;1976;398;141459;57802;32.3;13.2
86;2021-05-09;1642;203;143101;58005;32.7;13.3
86;2021-05-10;1957;1174;145058;59179;33.2;13.5
86;2021-05-11;3605;2688;148663;61867;34.0;14.1
86;2021-05-12;2251;1651;150914;63518;34.5;14.5
86;2021-05-13;1686;298;152600;63816;34.9;14.6
86;2021-05-14;2098;790;154698;64606;35.4;14.8
86;2021-05-15;1467;503;156165;65109;35.7;14.9
86;2021-05-16;778;164;156943;65273;35.9;14.9
86;2021-05-17;3221;1063;160164;66336;36.6;15.2
86;2021-05-18;4307;1666;164471;68002;37.6;15.5
86;2021-05-19;3591;1437;168062;69439;38.4;15.9
86;2021-05-20;4375;1624;172437;71063;39.4;16.2
86;2021-05-21;3438;1773;175875;72836;40.2;16.7
86;2021-05-22;2076;664;177951;73500;40.7;16.8
86;2021-05-23;1439;183;179390;73683;41.0;16.8
86;2021-05-24;1848;203;181238;73886;41.4;16.9
86;2021-05-25;2849;1641;184087;75527;42.1;17.3
86;2021-05-26;2727;1526;186814;77053;42.7;17.6
86;2021-05-27;3546;1847;190360;78900;43.5;18.0
86;2021-05-28;2163;2538;192523;81438;44.0;18.6
86;2021-05-29;1527;1288;194050;82726;44.4;18.9
86;2021-05-30;934;133;194984;82859;44.6;18.9
86;2021-05-31;1922;1821;196906;84680;45.0;19.4
86;2021-06-01;2665;2593;199571;87273;45.6;20.0
86;2021-06-02;2301;2667;201872;89940;46.2;20.6
86;2021-06-03;3336;2415;205208;92355;46.9;21.1
86;2021-06-04;2239;2863;207447;95218;47.4;21.8
86;2021-06-05;1502;1578;208949;96796;47.8;22.1
86;2021-06-06;819;899;209768;97695;48.0;22.3
86;2021-06-07;1118;2466;210886;100161;48.2;22.9
86;2021-06-08;1989;3699;212875;103860;48.7;23.7
86;2021-06-09;1902;3320;214777;107180;49.1;24.5
86;2021-06-10;2352;3242;217129;110422;49.6;25.2
86;2021-06-11;1517;2791;218646;113213;50.0;25.9
86;2021-06-12;746;2245;219392;115458;50.2;26.4
86;2021-06-13;214;1477;219606;116935;50.2;26.7
86;2021-06-14;1159;2904;220765;119839;50.5;27.4
86;2021-06-15;1688;4262;222453;124101;50.9;28.4
86;2021-06-16;1809;3132;224262;127233;51.3;29.1
86;2021-06-17;1776;4447;226038;131680;51.7;30.1
86;2021-06-18;1884;4591;227922;136271;52.1;31.2
86;2021-06-19;636;2101;228558;138372;52.3;31.6
86;2021-06-20;174;1319;228732;139691;52.3;31.9
86;2021-06-21;1106;2239;229838;141930;52.5;32.4
86;2021-06-22;1298;3459;231136;145389;52.8;33.2
86;2021-06-23;1364;2401;232500;147790;53.2;33.8
86;2021-06-24;1590;2724;234090;150514;53.5;34.4
86;2021-06-25;1193;3552;235283;154066;53.8;35.2
86;2021-06-26;391;2651;235674;156717;53.9;35.8
86;2021-06-27;138;1633;235812;158350;53.9;36.2
86;2021-06-28;270;3343;236082;161693;54.0;37.0
86;2021-06-29;858;4604;236940;166297;54.2;38.0
86;2021-06-30;1050;2974;237990;169271;54.4;38.7
86;2021-07-01;1540;3005;239530;172276;54.8;39.4
86;2021-07-02;1108;3644;240638;175920;55.0;40.2
86;2021-07-03;517;2394;241155;178314;55.1;40.8
86;2021-07-04;116;1347;241271;179661;55.2;41.1
86;2021-07-05;469;2832;241740;182493;55.3;41.7
86;2021-07-06;989;4103;242729;186596;55.5;42.7
86;2021-07-07;1260;2628;243989;189224;55.8;43.3
86;2021-07-08;1618;3150;245607;192374;56.2;44.0
86;2021-07-09;1744;3085;247351;195459;56.6;44.7
86;2021-07-10;1302;1954;248653;197413;56.8;45.1
86;2021-07-11;482;839;249135;198252;57.0;45.3
86;2021-07-12;849;2404;249984;200656;57.2;45.9
86;2021-07-13;1778;3367;251762;204023;57.6;46.6
86;2021-07-14;785;1232;252547;205255;57.7;46.9
86;2021-07-15;1883;3293;254430;208548;58.2;47.7
86;2021-07-16;1671;2663;256101;211211;58.6;48.3
86;2021-07-17;1350;1600;257451;212811;58.9;48.7
86;2021-07-18;378;906;257829;213717;58.9;48.9
86;2021-07-19;1376;1887;259205;215604;59.3;49.3
86;2021-07-20;2341;2733;261546;218337;59.8;49.9
86;2021-07-21;2300;2160;263846;220497;60.3;50.4
86;2021-07-22;2899;2794;266745;223291;61.0;51.0
86;2021-07-23;2467;2165;269212;225456;61.5;51.5
86;2021-07-24;1540;1224;270752;226680;61.9;51.8
86;2021-07-25;713;322;271465;227002;62.1;51.9
86;2021-07-26;1587;2105;273052;229107;62.4;52.4
86;2021-07-27;3545;2754;276597;231861;63.2;53.0
86;2021-07-28;3269;2134;279866;233995;64.0;53.5
86;2021-07-29;3261;2541;283127;236536;64.7;54.1
86;2021-07-30;2238;2379;285365;238915;65.2;54.6
86;2021-07-31;1420;1057;286785;239972;65.6;54.9
86;2021-08-01;647;336;287432;240308;65.7;54.9
86;2021-08-02;1929;1679;289361;241987;66.2;55.3
86;2021-08-03;3267;1992;292628;243979;66.9;55.8
86;2021-08-04;2729;1784;295357;245763;67.5;56.2
86;2021-08-05;3545;2053;298902;247816;68.3;56.7
86;2021-08-06;2364;1759;301266;249575;68.9;57.1
86;2021-08-07;1568;996;302834;250571;69.2;57.3
86;2021-08-08;946;551;303780;251122;69.5;57.4
86;2021-08-09;1874;1298;305654;252420;69.9;57.7
86;2021-08-10;2672;1781;308326;254201;70.5;58.1
86;2021-08-11;2350;1437;310676;255638;71.0;58.4
86;2021-08-12;2472;1831;313148;257469;71.6;58.9
86;2021-08-13;1824;1487;314972;258956;72.0;59.2
86;2021-08-14;1327;1150;316299;260106;72.3;59.5
86;2021-08-15;561;620;316860;260726;72.4;59.6
86;2021-08-16;1138;1789;317998;262515;72.7;60.0
86;2021-08-17;1552;2215;319550;264730;73.1;60.5
86;2021-08-18;1249;1852;320799;266582;73.3;60.9
86;2021-08-19;1494;2630;322293;269212;73.7;61.5
86;2021-08-20;1245;2595;323538;271807;74.0;62.1
86;2021-08-21;866;2004;324404;273811;74.2;62.6
86;2021-08-22;335;717;324739;274528;74.2;62.8
86;2021-08-23;715;1819;325454;276347;74.4;63.2
87;2020-12-27;0;0;0;0;0.0;0.0
87;2020-12-28;1;0;1;0;0.0;0.0
87;2020-12-29;0;0;1;0;0.0;0.0
87;2020-12-30;0;0;1;0;0.0;0.0
87;2020-12-31;0;0;1;0;0.0;0.0
87;2021-01-01;0;0;1;0;0.0;0.0
87;2021-01-02;0;0;1;0;0.0;0.0
87;2021-01-03;0;0;1;0;0.0;0.0
87;2021-01-04;1;0;2;0;0.0;0.0
87;2021-01-05;1;0;3;0;0.0;0.0
87;2021-01-06;10;0;13;0;0.0;0.0
87;2021-01-07;301;0;314;0;0.1;0.0
87;2021-01-08;407;0;721;0;0.2;0.0
87;2021-01-09;64;0;785;0;0.2;0.0
87;2021-01-10;35;0;820;0;0.2;0.0
87;2021-01-11;424;0;1244;0;0.3;0.0
87;2021-01-12;652;0;1896;0;0.5;0.0
87;2021-01-13;660;3;2556;3;0.7;0.0
87;2021-01-14;517;11;3073;14;0.8;0.0
87;2021-01-15;533;3;3606;17;1.0;0.0
87;2021-01-16;204;1;3810;18;1.0;0.0
87;2021-01-17;1;0;3811;18;1.0;0.0
87;2021-01-18;646;4;4457;22;1.2;0.0
87;2021-01-19;656;1;5113;23;1.4;0.0
87;2021-01-20;674;3;5787;26;1.6;0.0
87;2021-01-21;717;1;6504;27;1.8;0.0
87;2021-01-22;758;4;7262;31;2.0;0.0
87;2021-01-23;286;0;7548;31;2.0;0.0
87;2021-01-24;0;0;7548;31;2.0;0.0
87;2021-01-25;620;10;8168;41;2.2;0.0
87;2021-01-26;570;53;8738;94;2.4;0.0
87;2021-01-27;572;40;9310;134;2.5;0.0
87;2021-01-28;857;110;10167;244;2.7;0.1
87;2021-01-29;740;272;10907;516;2.9;0.1
87;2021-01-30;327;75;11234;591;3.0;0.2
87;2021-01-31;34;71;11268;662;3.0;0.2
87;2021-02-01;413;310;11681;972;3.2;0.3
87;2021-02-02;452;482;12133;1454;3.3;0.4
87;2021-02-03;540;422;12673;1876;3.4;0.5
87;2021-02-04;613;594;13286;2470;3.6;0.7
87;2021-02-05;342;383;13628;2853;3.7;0.8
87;2021-02-06;53;154;13681;3007;3.7;0.8
87;2021-02-07;20;0;13701;3007;3.7;0.8
87;2021-02-08;245;445;13946;3452;3.8;0.9
87;2021-02-09;217;544;14163;3996;3.8;1.1
87;2021-02-10;262;626;14425;4622;3.9;1.2
87;2021-02-11;286;540;14711;5162;4.0;1.4
87;2021-02-12;287;556;14998;5718;4.0;1.5
87;2021-02-13;25;170;15023;5888;4.1;1.6
87;2021-02-14;0;3;15023;5891;4.1;1.6
87;2021-02-15;237;388;15260;6279;4.1;1.7
87;2021-02-16;330;330;15590;6609;4.2;1.8
87;2021-02-17;330;380;15920;6989;4.3;1.9
87;2021-02-18;477;646;16397;7635;4.4;2.1
87;2021-02-19;403;482;16800;8117;4.5;2.2
87;2021-02-20;123;196;16923;8313;4.6;2.2
87;2021-02-21;2;9;16925;8322;4.6;2.2
87;2021-02-22;438;576;17363;8898;4.7;2.4
87;2021-02-23;556;633;17919;9531;4.8;2.6
87;2021-02-24;450;601;18369;10132;5.0;2.7
87;2021-02-25;790;707;19159;10839;5.2;2.9
87;2021-02-26;840;477;19999;11316;5.4;3.1
87;2021-02-27;405;212;20404;11528;5.5;3.1
87;2021-02-28;3;0;20407;11528;5.5;3.1
87;2021-03-01;518;369;20925;11897;5.6;3.2
87;2021-03-02;1031;386;21956;12283;5.9;3.3
87;2021-03-03;1174;353;23130;12636;6.2;3.4
87;2021-03-04;1406;338;24536;12974;6.6;3.5
87;2021-03-05;1770;284;26306;13258;7.1;3.6
87;2021-03-06;1047;40;27353;13298;7.4;3.6
87;2021-03-07;257;6;27610;13304;7.4;3.6
87;2021-03-08;864;246;28474;13550;7.7;3.7
87;2021-03-09;1288;232;29762;13782;8.0;3.7
87;2021-03-10;1299;233;31061;14015;8.4;3.8
87;2021-03-11;1754;253;32815;14268;8.9;3.8
87;2021-03-12;2129;290;34944;14558;9.4;3.9
87;2021-03-13;1308;20;36252;14578;9.8;3.9
87;2021-03-14;80;1;36332;14579;9.8;3.9
87;2021-03-15;990;357;37322;14936;10.1;4.0
87;2021-03-16;1061;243;38383;15179;10.4;4.1
87;2021-03-17;1070;220;39453;15399;10.6;4.2
87;2021-03-18;1180;343;40633;15742;11.0;4.2
87;2021-03-19;1682;278;42315;16020;11.4;4.3
87;2021-03-20;923;85;43238;16105;11.7;4.3
87;2021-03-21;32;0;43270;16105;11.7;4.3
87;2021-03-22;1049;382;44319;16487;12.0;4.4
87;2021-03-23;1385;431;45704;16918;12.3;4.6
87;2021-03-24;1508;367;47212;17285;12.7;4.7
87;2021-03-25;2500;395;49712;17680;13.4;4.8
87;2021-03-26;2531;455;52243;18135;14.1;4.9
87;2021-03-27;889;125;53132;18260;14.3;4.9
87;2021-03-28;269;18;53401;18278;14.4;4.9
87;2021-03-29;1118;417;54519;18695;14.7;5.0
87;2021-03-30;1908;666;56427;19361;15.2;5.2
87;2021-03-31;1660;693;58087;20054;15.7;5.4
87;2021-04-01;2239;572;60326;20626;16.3;5.6
87;2021-04-02;1842;634;62168;21260;16.8;5.7
87;2021-04-03;455;265;62623;21525;16.9;5.8
87;2021-04-04;2;0;62625;21525;16.9;5.8
87;2021-04-05;82;1;62707;21526;16.9;5.8
87;2021-04-06;1000;906;63707;22432;17.2;6.1
87;2021-04-07;1486;926;65193;23358;17.6;6.3
87;2021-04-08;1785;1033;66978;24391;18.1;6.6
87;2021-04-09;2646;736;69624;25127;18.8;6.8
87;2021-04-10;1190;306;70814;25433;19.1;6.9
87;2021-04-11;68;0;70882;25433;19.1;6.9
87;2021-04-12;1618;826;72500;26259;19.6;7.1
87;2021-04-13;2290;1061;74790;27320;20.2;7.4
87;2021-04-14;2528;1186;77318;28506;20.9;7.7
87;2021-04-15;2223;1075;79541;29581;21.5;8.0
87;2021-04-16;2736;1073;82277;30654;22.2;8.3
87;2021-04-17;731;385;83008;31039;22.4;8.4
87;2021-04-18;111;141;83119;31180;22.4;8.4
87;2021-04-19;1658;835;84777;32015;22.9;8.6
87;2021-04-20;2085;880;86862;32895;23.4;8.9
87;2021-04-21;2294;992;89156;33887;24.0;9.1
87;2021-04-22;2564;1161;91720;35048;24.7;9.5
87;2021-04-23;1997;1181;93717;36229;25.3;9.8
87;2021-04-24;825;620;94542;36849;25.5;9.9
87;2021-04-25;64;103;94606;36952;25.5;10.0
87;2021-04-26;1356;915;95962;37867;25.9;10.2
87;2021-04-27;2398;1206;98360;39073;26.5;10.5
87;2021-04-28;3867;1441;102227;40514;27.6;10.9
87;2021-04-29;3077;1843;105304;42357;28.4;11.4
87;2021-04-30;3174;1359;108478;43716;29.3;11.8
87;2021-05-01;613;58;109091;43774;29.4;11.8
87;2021-05-02;361;5;109452;43779;29.5;11.8
87;2021-05-03;2322;938;111774;44717;30.1;12.1
87;2021-05-04;2906;1071;114680;45788;30.9;12.3
87;2021-05-05;2989;1512;117669;47300;31.7;12.8
87;2021-05-06;2532;1725;120201;49025;32.4;13.2
87;2021-05-07;2944;1722;123145;50747;33.2;13.7
87;2021-05-08;772;294;123917;51041;33.4;13.8
87;2021-05-09;19;133;123936;51174;33.4;13.8
87;2021-05-10;1937;1604;125873;52778;33.9;14.2
87;2021-05-11;2466;1908;128339;54686;34.6;14.7
87;2021-05-12;2621;2066;130960;56752;35.3;15.3
87;2021-05-13;1085;293;132045;57045;35.6;15.4
87;2021-05-14;2244;1772;134289;58817;36.2;15.9
87;2021-05-15;950;407;135239;59224;36.5;16.0
87;2021-05-16;141;73;135380;59297;36.5;16.0
87;2021-05-17;1628;1761;137008;61058;37.0;16.5
87;2021-05-18;2635;1818;139643;62876;37.7;17.0
87;2021-05-19;2821;1552;142464;64428;38.4;17.4
87;2021-05-20;3304;1724;145768;66152;39.3;17.8
87;2021-05-21;2765;1841;148533;67993;40.1;18.3
87;2021-05-22;1457;628;149990;68621;40.5;18.5
87;2021-05-23;210;92;150200;68713;40.5;18.5
87;2021-05-24;1056;142;151256;68855;40.8;18.6
87;2021-05-25;2118;1811;153374;70666;41.4;19.1
87;2021-05-26;3221;2478;156595;73144;42.2;19.7
87;2021-05-27;3024;2356;159619;75500;43.1;20.4
87;2021-05-28;2673;2524;162292;78024;43.8;21.0
87;2021-05-29;1060;1315;163352;79339;44.1;21.4
87;2021-05-30;258;59;163610;79398;44.1;21.4
87;2021-05-31;2287;1359;165897;80757;44.7;21.8
87;2021-06-01;2548;1867;168445;82624;45.4;22.3
87;2021-06-02;2526;1858;170971;84482;46.1;22.8
87;2021-06-03;3210;2530;174181;87012;47.0;23.5
87;2021-06-04;2839;2059;177020;89071;47.7;24.0
87;2021-06-05;1311;576;178331;89647;48.1;24.2
87;2021-06-06;262;95;178593;89742;48.2;24.2
87;2021-06-07;2100;1901;180693;91643;48.7;24.7
87;2021-06-08;2933;2573;183626;94216;49.5;25.4
87;2021-06-09;2305;2813;185931;97029;50.1;26.2
87;2021-06-10;2974;2552;188905;99581;50.9;26.9
87;2021-06-11;2363;3075;191268;102656;51.6;27.7
87;2021-06-12;1220;1104;192488;103760;51.9;28.0
87;2021-06-13;293;484;192781;104244;52.0;28.1
87;2021-06-14;980;2730;193761;106974;52.3;28.9
87;2021-06-15;1361;3320;195122;110294;52.6;29.7
87;2021-06-16;1650;3422;196772;113716;53.1;30.7
87;2021-06-17;2437;2315;199209;116031;53.7;31.3
87;2021-06-18;1790;3018;200999;119049;54.2;32.1
87;2021-06-19;1047;1177;202046;120226;54.5;32.4
87;2021-06-20;205;205;202251;120431;54.5;32.5
87;2021-06-21;1041;2643;203292;123074;54.8;33.2
87;2021-06-22;1029;2882;204321;125956;55.1;34.0
87;2021-06-23;1257;3082;205578;129038;55.4;34.8
87;2021-06-24;1620;2558;207198;131596;55.9;35.5
87;2021-06-25;1449;2713;208647;134309;56.3;36.2
87;2021-06-26;529;1203;209176;135512;56.4;36.5
87;2021-06-27;26;212;209202;135724;56.4;36.6
87;2021-06-28;717;2573;209919;138297;56.6;37.3
87;2021-06-29;1156;3417;211075;141714;56.9;38.2
87;2021-06-30;1123;2650;212198;144364;57.2;38.9
87;2021-07-01;1481;2549;213679;146913;57.6;39.6
87;2021-07-02;1200;3462;214879;150375;58.0;40.6
87;2021-07-03;413;1511;215292;151886;58.1;41.0
87;2021-07-04;24;384;215316;152270;58.1;41.1
87;2021-07-05;686;2395;216002;154665;58.3;41.7
87;2021-07-06;583;3221;216585;157886;58.4;42.6
87;2021-07-07;863;3345;217448;161231;58.6;43.5
87;2021-07-08;1119;3671;218567;164902;58.9;44.5
87;2021-07-09;1110;3700;219677;168602;59.2;45.5
87;2021-07-10;288;1359;219965;169961;59.3;45.8
87;2021-07-11;49;284;220014;170245;59.3;45.9
87;2021-07-12;559;3190;220573;173435;59.5;46.8
87;2021-07-13;832;3514;221405;176949;59.7;47.7
87;2021-07-14;518;539;221923;177488;59.9;47.9
87;2021-07-15;1360;3461;223283;180949;60.2;48.8
87;2021-07-16;1730;3601;225013;184550;60.7;49.8
87;2021-07-17;655;1373;225668;185923;60.9;50.1
87;2021-07-18;81;285;225749;186208;60.9;50.2
87;2021-07-19;1433;3401;227182;189609;61.3;51.1
87;2021-07-20;1806;3592;228988;193201;61.8;52.1
87;2021-07-21;1450;3151;230438;196352;62.2;53.0
87;2021-07-22;1878;3250;232316;199602;62.7;53.8
87;2021-07-23;1866;3171;234182;202773;63.2;54.7
87;2021-07-24;813;1282;234995;204055;63.4;55.0
87;2021-07-25;106;241;235101;204296;63.4;55.1
87;2021-07-26;1540;2328;236641;206624;63.8;55.7
87;2021-07-27;2544;2060;239185;208684;64.5;56.3
87;2021-07-28;2388;2002;241573;210686;65.2;56.8
87;2021-07-29;3002;1994;244575;212680;66.0;57.4
87;2021-07-30;2535;2075;247110;214755;66.6;57.9
87;2021-07-31;1104;837;248214;215592;66.9;58.1
87;2021-08-01;284;151;248498;215743;67.0;58.2
87;2021-08-02;2110;1511;250608;217254;67.6;58.6
87;2021-08-03;2480;1330;253088;218584;68.3;59.0
87;2021-08-04;2305;1062;255393;219646;68.9;59.2
87;2021-08-05;2515;1410;257908;221056;69.6;59.6
87;2021-08-06;2129;1658;260037;222714;70.1;60.1
87;2021-08-07;1102;782;261139;223496;70.4;60.3
87;2021-08-08;206;123;261345;223619;70.5;60.3
87;2021-08-09;1813;1531;263158;225150;71.0;60.7
87;2021-08-10;2192;1535;265350;226685;71.6;61.1
87;2021-08-11;1904;1272;267254;227957;72.1;61.5
87;2021-08-12;2089;1477;269343;229434;72.6;61.9
87;2021-08-13;1717;1634;271060;231068;73.1;62.3
87;2021-08-14;667;731;271727;231799;73.3;62.5
87;2021-08-15;72;104;271799;231903;73.3;62.5
87;2021-08-16;1499;1746;273298;233649;73.7;63.0
87;2021-08-17;1343;1664;274641;235313;74.1;63.5
87;2021-08-18;1241;1998;275882;237311;74.4;64.0
87;2021-08-19;1216;1799;277098;239110;74.7;64.5
87;2021-08-20;913;2200;278011;241310;75.0;65.1
87;2021-08-21;314;964;278325;242274;75.1;65.3
87;2021-08-22;92;235;278417;242509;75.1;65.4
87;2021-08-23;740;2387;279157;244896;75.3;66.0
88;2020-12-27;0;0;0;0;0.0;0.0
88;2020-12-28;0;0;0;0;0.0;0.0
88;2020-12-29;0;0;0;0;0.0;0.0
88;2020-12-30;0;0;0;0;0.0;0.0
88;2020-12-31;0;0;0;0;0.0;0.0
88;2021-01-01;2;0;2;0;0.0;0.0
88;2021-01-02;0;0;2;0;0.0;0.0
88;2021-01-03;0;0;2;0;0.0;0.0
88;2021-01-04;0;0;2;0;0.0;0.0
88;2021-01-05;1;0;3;0;0.0;0.0
88;2021-01-06;3;0;6;0;0.0;0.0
88;2021-01-07;71;1;77;1;0.0;0.0
88;2021-01-08;189;2;266;3;0.1;0.0
88;2021-01-09;190;0;456;3;0.1;0.0
88;2021-01-10;0;0;456;3;0.1;0.0
88;2021-01-11;227;0;683;3;0.2;0.0
88;2021-01-12;422;0;1105;3;0.3;0.0
88;2021-01-13;491;2;1596;5;0.4;0.0
88;2021-01-14;346;2;1942;7;0.5;0.0
88;2021-01-15;380;2;2322;9;0.6;0.0
88;2021-01-16;62;0;2384;9;0.7;0.0
88;2021-01-17;1;0;2385;9;0.7;0.0
88;2021-01-18;461;0;2846;9;0.8;0.0
88;2021-01-19;451;0;3297;9;0.9;0.0
88;2021-01-20;461;1;3758;10;1.0;0.0
88;2021-01-21;1544;5;5302;15;1.5;0.0
88;2021-01-22;1181;2;6483;17;1.8;0.0
88;2021-01-23;284;0;6767;17;1.9;0.0
88;2021-01-24;298;2;7065;19;2.0;0.0
88;2021-01-25;938;3;8003;22;2.2;0.0
88;2021-01-26;388;5;8391;27;2.3;0.0
88;2021-01-27;3;0;8394;27;2.3;0.0
88;2021-01-28;162;37;8556;64;2.4;0.0
88;2021-01-29;526;163;9082;227;2.5;0.1
88;2021-01-30;288;127;9370;354;2.6;0.1
88;2021-01-31;0;0;9370;354;2.6;0.1
88;2021-02-01;406;283;9776;637;2.7;0.2
88;2021-02-02;333;364;10109;1001;2.8;0.3
88;2021-02-03;437;241;10546;1242;2.9;0.3
88;2021-02-04;315;229;10861;1471;3.0;0.4
88;2021-02-05;457;252;11318;1723;3.1;0.5
88;2021-02-06;110;56;11428;1779;3.2;0.5
88;2021-02-07;0;0;11428;1779;3.2;0.5
88;2021-02-08;359;204;11787;1983;3.3;0.6
88;2021-02-09;291;288;12078;2271;3.4;0.6
88;2021-02-10;416;348;12494;2619;3.5;0.7
88;2021-02-11;850;1096;13344;3715;3.7;1.0
88;2021-02-12;938;706;14282;4421;4.0;1.2
88;2021-02-13;162;212;14444;4633;4.0;1.3
88;2021-02-14;81;216;14525;4849;4.0;1.3
88;2021-02-15;641;1075;15166;5924;4.2;1.6
88;2021-02-16;472;725;15638;6649;4.3;1.8
88;2021-02-17;456;439;16094;7088;4.5;2.0
88;2021-02-18;516;385;16610;7473;4.6;2.1
88;2021-02-19;535;461;17145;7934;4.8;2.2
88;2021-02-20;156;101;17301;8035;4.8;2.2
88;2021-02-21;1;25;17302;8060;4.8;2.2
88;2021-02-22;425;342;17727;8402;4.9;2.3
88;2021-02-23;403;234;18130;8636;5.0;2.4
88;2021-02-24;506;210;18636;8846;5.2;2.5
88;2021-02-25;675;284;19311;9130;5.4;2.5
88;2021-02-26;863;277;20174;9407;5.6;2.6
88;2021-02-27;269;34;20443;9441;5.7;2.6
88;2021-02-28;30;1;20473;9442;5.7;2.6
88;2021-03-01;359;464;20832;9906;5.8;2.8
88;2021-03-02;431;497;21263;10403;5.9;2.9
88;2021-03-03;649;464;21912;10867;6.1;3.0
88;2021-03-04;1039;755;22951;11622;6.4;3.2
88;2021-03-05;934;703;23885;12325;6.6;3.4
88;2021-03-06;1874;119;25759;12444;7.2;3.5
88;2021-03-07;1058;79;26817;12523;7.5;3.5
88;2021-03-08;727;690;27544;13213;7.7;3.7
88;2021-03-09;1095;535;28639;13748;8.0;3.8
88;2021-03-10;1083;494;29722;14242;8.3;4.0
88;2021-03-11;1441;399;31163;14641;8.7;4.1
88;2021-03-12;1309;489;32472;15130;9.0;4.2
88;2021-03-13;1210;128;33682;15258;9.4;4.2
88;2021-03-14;166;5;33848;15263;9.4;4.2
88;2021-03-15;929;448;34777;15711;9.7;4.4
88;2021-03-16;1024;345;35801;16056;10.0;4.5
88;2021-03-17;902;423;36703;16479;10.2;4.6
88;2021-03-18;1301;400;38004;16879;10.6;4.7
88;2021-03-19;1464;503;39468;17382;11.0;4.8
88;2021-03-20;1317;53;40785;17435;11.3;4.8
88;2021-03-21;37;0;40822;17435;11.4;4.8
88;2021-03-22;1231;544;42053;17979;11.7;5.0
88;2021-03-23;1780;441;43833;18420;12.2;5.1
88;2021-03-24;1876;472;45709;18892;12.7;5.3
88;2021-03-25;2499;492;48208;19384;13.4;5.4
88;2021-03-26;2480;457;50688;19841;14.1;5.5
88;2021-03-27;883;298;51571;20139;14.3;5.6
88;2021-03-28;61;4;51632;20143;14.4;5.6
88;2021-03-29;1305;447;52937;20590;14.7;5.7
88;2021-03-30;2062;393;54999;20983;15.3;5.8
88;2021-03-31;1619;577;56618;21560;15.7;6.0
88;2021-04-01;2118;716;58736;22276;16.3;6.2
88;2021-04-02;2816;643;61552;22919;17.1;6.4
88;2021-04-03;745;215;62297;23134;17.3;6.4
88;2021-04-04;16;1;62313;23135;17.3;6.4
88;2021-04-05;23;2;62336;23137;17.3;6.4
88;2021-04-06;1139;679;63475;23816;17.7;6.6
88;2021-04-07;1600;714;65075;24530;18.1;6.8
88;2021-04-08;1859;787;66934;25317;18.6;7.0
88;2021-04-09;3080;741;70014;26058;19.5;7.2
88;2021-04-10;724;648;70738;26706;19.7;7.4
88;2021-04-11;33;1;70771;26707;19.7;7.4
88;2021-04-12;1539;983;72310;27690;20.1;7.7
88;2021-04-13;2037;1092;74347;28782;20.7;8.0
88;2021-04-14;1911;949;76258;29731;21.2;8.3
88;2021-04-15;1967;1241;78225;30972;21.8;8.6
88;2021-04-16;2108;1048;80333;32020;22.3;8.9
88;2021-04-17;1429;766;81762;32786;22.7;9.1
88;2021-04-18;268;23;82030;32809;22.8;9.1
88;2021-04-19;1174;1236;83204;34045;23.1;9.5
88;2021-04-20;1190;1397;84394;35442;23.5;9.9
88;2021-04-21;1503;1296;85897;36738;23.9;10.2
88;2021-04-22;1899;1630;87796;38368;24.4;10.7
88;2021-04-23;1825;2048;89621;40416;24.9;11.2
88;2021-04-24;1184;782;90805;41198;25.3;11.5
88;2021-04-25;34;2;90839;41200;25.3;11.5
88;2021-04-26;1180;1171;92019;42371;25.6;11.8
88;2021-04-27;1278;1735;93297;44106;26.0;12.3
88;2021-04-28;1634;1497;94931;45603;26.4;12.7
88;2021-04-29;2082;1465;97013;47068;27.0;13.1
88;2021-04-30;2450;1631;99463;48699;27.7;13.5
88;2021-05-01;2008;283;101471;48982;28.2;13.6
88;2021-05-02;1301;123;102772;49105;28.6;13.7
88;2021-05-03;1558;1218;104330;50323;29.0;14.0
88;2021-05-04;1444;1468;105774;51791;29.4;14.4
88;2021-05-05;2427;1598;108201;53389;30.1;14.9
88;2021-05-06;3210;1213;111411;54602;31.0;15.2
88;2021-05-07;2939;1357;114350;55959;31.8;15.6
88;2021-05-08;1532;469;115882;56428;32.2;15.7
88;2021-05-09;1734;156;117616;56584;32.7;15.7
88;2021-05-10;1764;1571;119380;58155;33.2;16.2
88;2021-05-11;2657;1911;122037;60066;33.9;16.7
88;2021-05-12;2531;1853;124568;61919;34.6;17.2
88;2021-05-13;3258;677;127826;62596;35.6;17.4
88;2021-05-14;2501;1541;130327;64137;36.3;17.8
88;2021-05-15;1625;742;131952;64879;36.7;18.0
88;2021-05-16;1333;104;133285;64983;37.1;18.1
88;2021-05-17;1988;947;135273;65930;37.6;18.3
88;2021-05-18;2256;1111;137529;67041;38.3;18.6
88;2021-05-19;2723;1149;140252;68190;39.0;19.0
88;2021-05-20;3346;1237;143598;69427;39.9;19.3
88;2021-05-21;2875;1149;146473;70576;40.7;19.6
88;2021-05-22;1432;714;147905;71290;41.1;19.8
88;2021-05-23;557;74;148462;71364;41.3;19.8
88;2021-05-24;1675;434;150137;71798;41.8;20.0
88;2021-05-25;1647;1174;151784;72972;42.2;20.3
88;2021-05-26;2369;1139;154153;74111;42.9;20.6
88;2021-05-27;2201;1362;156354;75473;43.5;21.0
88;2021-05-28;1892;1988;158246;77461;44.0;21.5
88;2021-05-29;1232;1754;159478;79215;44.4;22.0
88;2021-05-30;587;418;160065;79633;44.5;22.1
88;2021-05-31;1327;1856;161392;81489;44.9;22.7
88;2021-06-01;1720;1988;163112;83477;45.4;23.2
88;2021-06-02;2077;1871;165189;85348;45.9;23.7
88;2021-06-03;2738;1620;167927;86968;46.7;24.2
88;2021-06-04;2043;1935;169970;88903;47.3;24.7
88;2021-06-05;1531;1139;171501;90042;47.7;25.0
88;2021-06-06;693;155;172194;90197;47.9;25.1
88;2021-06-07;1292;1709;173486;91906;48.3;25.6
88;2021-06-08;1666;1933;175152;93839;48.7;26.1
88;2021-06-09;1618;1911;176770;95750;49.2;26.6
88;2021-06-10;1780;2047;178550;97797;49.7;27.2
88;2021-06-11;1549;2217;180099;100014;50.1;27.8
88;2021-06-12;669;1657;180768;101671;50.3;28.3
88;2021-06-13;464;377;181232;102048;50.4;28.4
88;2021-06-14;1030;2249;182262;104297;50.7;29.0
88;2021-06-15;1928;2458;184190;106755;51.2;29.7
88;2021-06-16;1484;2869;185674;109624;51.6;30.5
88;2021-06-17;1600;2727;187274;112351;52.1;31.3
88;2021-06-18;1356;2461;188630;114812;52.5;31.9
88;2021-06-19;701;1090;189331;115902;52.7;32.2
88;2021-06-20;78;79;189409;115981;52.7;32.3
88;2021-06-21;672;2580;190081;118561;52.9;33.0
88;2021-06-22;869;3433;190950;121994;53.1;33.9
88;2021-06-23;1142;2877;192092;124871;53.4;34.7
88;2021-06-24;703;2603;192795;127474;53.6;35.5
88;2021-06-25;1436;3180;194231;130654;54.0;36.3
88;2021-06-26;903;2071;195134;132725;54.3;36.9
88;2021-06-27;543;634;195677;133359;54.4;37.1
88;2021-06-28;758;2513;196435;135872;54.6;37.8
88;2021-06-29;961;3355;197396;139227;54.9;38.7
88;2021-06-30;1137;3114;198533;142341;55.2;39.6
88;2021-07-01;1057;2686;199590;145027;55.5;40.3
88;2021-07-02;988;3147;200578;148174;55.8;41.2
88;2021-07-03;694;1699;201272;149873;56.0;41.7
88;2021-07-04;258;815;201530;150688;56.1;41.9
88;2021-07-05;993;2022;202523;152710;56.3;42.5
88;2021-07-06;1020;2415;203543;155125;56.6;43.1
88;2021-07-07;1179;2585;204722;157710;56.9;43.9
88;2021-07-08;1084;2064;205806;159774;57.2;44.4
88;2021-07-09;1583;2704;207389;162478;57.7;45.2
88;2021-07-10;719;1818;208108;164296;57.9;45.7
88;2021-07-11;468;696;208576;164992;58.0;45.9
88;2021-07-12;1054;2521;209630;167513;58.3;46.6
88;2021-07-13;1313;2652;210943;170165;58.7;47.3
88;2021-07-14;1206;800;212149;170965;59.0;47.6
88;2021-07-15;1744;3314;213893;174279;59.5;48.5
88;2021-07-16;1470;2963;215363;177242;59.9;49.3
88;2021-07-17;802;1589;216165;178831;60.1;49.7
88;2021-07-18;180;680;216345;179511;60.2;49.9
88;2021-07-19;1562;2231;217907;181742;60.6;50.6
88;2021-07-20;2143;2390;220050;184132;61.2;51.2
88;2021-07-21;1938;2220;221988;186352;61.7;51.8
88;2021-07-22;1697;2108;223685;188460;62.2;52.4
88;2021-07-23;2505;2782;226190;191242;62.9;53.2
88;2021-07-24;1059;1187;227249;192429;63.2;53.5
88;2021-07-25;432;608;227681;193037;63.3;53.7
88;2021-07-26;1712;2074;229393;195111;63.8;54.3
88;2021-07-27;2348;2056;231741;197167;64.5;54.8
88;2021-07-28;2205;2250;233946;199417;65.1;55.5
88;2021-07-29;3020;1634;236966;201051;65.9;55.9
88;2021-07-30;2270;2292;239236;203343;66.5;56.6
88;2021-07-31;1098;1037;240334;204380;66.8;56.8
88;2021-08-01;443;462;240777;204842;67.0;57.0
88;2021-08-02;2367;1765;243144;206607;67.6;57.5
88;2021-08-03;2864;1587;246008;208194;68.4;57.9
88;2021-08-04;2510;1527;248518;209721;69.1;58.3
88;2021-08-05;1984;1377;250502;211098;69.7;58.7
88;2021-08-06;2914;2013;253416;213111;70.5;59.3
88;2021-08-07;1170;912;254586;214023;70.8;59.5
88;2021-08-08;750;318;255336;214341;71.0;59.6
88;2021-08-09;1544;1646;256880;215987;71.5;60.1
88;2021-08-10;1934;2057;258814;218044;72.0;60.6
88;2021-08-11;1862;1748;260676;219792;72.5;61.1
88;2021-08-12;1659;1344;262335;221136;73.0;61.5
88;2021-08-13;1922;2117;264257;223253;73.5;62.1
88;2021-08-14;576;909;264833;224162;73.7;62.4
88;2021-08-15;336;522;265169;224684;73.8;62.5
88;2021-08-16;1145;1985;266314;226669;74.1;63.0
88;2021-08-17;1267;2051;267581;228720;74.4;63.6
88;2021-08-18;1202;1921;268783;230641;74.8;64.2
88;2021-08-19;1032;1579;269815;232220;75.0;64.6
88;2021-08-20;1012;2327;270827;234547;75.3;65.2
88;2021-08-21;401;1139;271228;235686;75.4;65.6
88;2021-08-22;96;478;271324;236164;75.5;65.7
88;2021-08-23;730;1638;272054;237802;75.7;66.1
89;2020-12-27;0;0;0;0;0.0;0.0
89;2020-12-28;1;0;1;0;0.0;0.0
89;2020-12-29;0;0;1;0;0.0;0.0
89;2020-12-30;0;0;1;0;0.0;0.0
89;2020-12-31;0;0;1;0;0.0;0.0
89;2021-01-01;0;0;1;0;0.0;0.0
89;2021-01-02;0;0;1;0;0.0;0.0
89;2021-01-03;0;0;1;0;0.0;0.0
89;2021-01-04;0;0;1;0;0.0;0.0
89;2021-01-05;0;0;1;0;0.0;0.0
89;2021-01-06;48;0;49;0;0.0;0.0
89;2021-01-07;201;0;250;0;0.1;0.0
89;2021-01-08;48;0;298;0;0.1;0.0
89;2021-01-09;1;0;299;0;0.1;0.0
89;2021-01-10;0;0;299;0;0.1;0.0
89;2021-01-11;220;0;519;0;0.2;0.0
89;2021-01-12;349;0;868;0;0.3;0.0
89;2021-01-13;533;3;1401;3;0.4;0.0
89;2021-01-14;709;7;2110;10;0.6;0.0
89;2021-01-15;275;2;2385;12;0.7;0.0
89;2021-01-16;90;3;2475;15;0.7;0.0
89;2021-01-17;0;0;2475;15;0.7;0.0
89;2021-01-18;503;1;2978;16;0.9;0.0
89;2021-01-19;840;3;3818;19;1.1;0.0
89;2021-01-20;760;1;4578;20;1.4;0.0
89;2021-01-21;939;4;5517;24;1.7;0.0
89;2021-01-22;1018;1;6535;25;2.0;0.0
89;2021-01-23;200;0;6735;25;2.0;0.0
89;2021-01-24;106;0;6841;25;2.1;0.0
89;2021-01-25;482;4;7323;29;2.2;0.0
89;2021-01-26;582;13;7905;42;2.4;0.0
89;2021-01-27;472;38;8377;80;2.5;0.0
89;2021-01-28;550;127;8927;207;2.7;0.1
89;2021-01-29;958;42;9885;249;3.0;0.1
89;2021-01-30;184;67;10069;316;3.0;0.1
89;2021-01-31;24;2;10093;318;3.0;0.1
89;2021-02-01;255;153;10348;471;3.1;0.1
89;2021-02-02;282;336;10630;807;3.2;0.2
89;2021-02-03;292;344;10922;1151;3.3;0.3
89;2021-02-04;432;593;11354;1744;3.4;0.5
89;2021-02-05;387;201;11741;1945;3.5;0.6
89;2021-02-06;77;66;11818;2011;3.6;0.6
89;2021-02-07;0;0;11818;2011;3.6;0.6
89;2021-02-08;288;188;12106;2199;3.6;0.7
89;2021-02-09;285;442;12391;2641;3.7;0.8
89;2021-02-10;396;314;12787;2955;3.9;0.9
89;2021-02-11;333;549;13120;3504;4.0;1.1
89;2021-02-12;432;599;13552;4103;4.1;1.2
89;2021-02-13;52;131;13604;4234;4.1;1.3
89;2021-02-14;21;116;13625;4350;4.1;1.3
89;2021-02-15;218;406;13843;4756;4.2;1.4
89;2021-02-16;134;536;13977;5292;4.2;1.6
89;2021-02-17;263;435;14240;5727;4.3;1.7
89;2021-02-18;225;557;14465;6284;4.4;1.9
89;2021-02-19;244;653;14709;6937;4.4;2.1
89;2021-02-20;33;140;14742;7077;4.4;2.1
89;2021-02-21;0;10;14742;7087;4.4;2.1
89;2021-02-22;233;452;14975;7539;4.5;2.3
89;2021-02-23;171;493;15146;8032;4.6;2.4
89;2021-02-24;341;390;15487;8422;4.7;2.5
89;2021-02-25;369;465;15856;8887;4.8;2.7
89;2021-02-26;385;337;16241;9224;4.9;2.8
89;2021-02-27;138;81;16379;9305;4.9;2.8
89;2021-02-28;6;13;16385;9318;4.9;2.8
89;2021-03-01;541;237;16926;9555;5.1;2.9
89;2021-03-02;754;355;17680;9910;5.3;3.0
89;2021-03-03;647;276;18327;10186;5.5;3.1
89;2021-03-04;633;379;18960;10565;5.7;3.2
89;2021-03-05;729;505;19689;11070;5.9;3.3
89;2021-03-06;549;133;20238;11203;6.1;3.4
89;2021-03-07;288;40;20526;11243;6.2;3.4
89;2021-03-08;558;325;21084;11568;6.3;3.5
89;2021-03-09;1000;276;22084;11844;6.6;3.6
89;2021-03-10;983;255;23067;12099;6.9;3.6
89;2021-03-11;1074;301;24141;12400;7.3;3.7
89;2021-03-12;1281;337;25422;12737;7.7;3.8
89;2021-03-13;636;44;26058;12781;7.8;3.8
89;2021-03-14;1;0;26059;12781;7.8;3.8
89;2021-03-15;814;312;26873;13093;8.1;3.9
89;2021-03-16;948;224;27821;13317;8.4;4.0
89;2021-03-17;918;269;28739;13586;8.7;4.1
89;2021-03-18;884;255;29623;13841;8.9;4.2
89;2021-03-19;1149;196;30772;14037;9.3;4.2
89;2021-03-20;844;28;31616;14065;9.5;4.2
89;2021-03-21;173;6;31789;14071;9.6;4.2
89;2021-03-22;1044;223;32833;14294;9.9;4.3
89;2021-03-23;1740;262;34573;14556;10.4;4.4
89;2021-03-24;1967;325;36540;14881;11.0;4.5
89;2021-03-25;1818;171;38358;15052;11.6;4.5
89;2021-03-26;2627;184;40985;15236;12.3;4.6
89;2021-03-27;1774;48;42759;15284;12.9;4.6
89;2021-03-28;32;3;42791;15287;12.9;4.6
89;2021-03-29;964;580;43755;15867;13.2;4.8
89;2021-03-30;1153;568;44908;16435;13.5;4.9
89;2021-03-31;2005;472;46913;16907;14.1;5.1
89;2021-04-01;2120;459;49033;17366;14.8;5.2
89;2021-04-02;2139;446;51172;17812;15.4;5.4
89;2021-04-03;1004;242;52176;18054;15.7;5.4
89;2021-04-04;16;1;52192;18055;15.7;5.4
89;2021-04-05;92;2;52284;18057;15.7;5.4
89;2021-04-06;1035;757;53319;18814;16.1;5.7
89;2021-04-07;1030;805;54349;19619;16.4;5.9
89;2021-04-08;1729;725;56078;20344;16.9;6.1
89;2021-04-09;2161;768;58239;21112;17.5;6.4
89;2021-04-10;892;181;59131;21293;17.8;6.4
89;2021-04-11;38;51;59169;21344;17.8;6.4
89;2021-04-12;1014;794;60183;22138;18.1;6.7
89;2021-04-13;1357;1079;61540;23217;18.5;7.0
89;2021-04-14;1211;1037;62751;24254;18.9;7.3
89;2021-04-15;1415;944;64166;25198;19.3;7.6
89;2021-04-16;1329;940;65495;26138;19.7;7.9
89;2021-04-17;1067;454;66562;26592;20.0;8.0
89;2021-04-18;27;154;66589;26746;20.1;8.1
89;2021-04-19;749;1038;67338;27784;20.3;8.4
89;2021-04-20;1018;1536;68356;29320;20.6;8.8
89;2021-04-21;814;1106;69170;30426;20.8;9.2
89;2021-04-22;1108;1167;70278;31593;21.2;9.5
89;2021-04-23;1823;1967;72101;33560;21.7;10.1
89;2021-04-24;1173;1174;73274;34734;22.1;10.5
89;2021-04-25;139;6;73413;34740;22.1;10.5
89;2021-04-26;1503;775;74916;35515;22.6;10.7
89;2021-04-27;1732;1054;76648;36569;23.1;11.0
89;2021-04-28;1594;1854;78242;38423;23.6;11.6
89;2021-04-29;1969;1917;80211;40340;24.2;12.1
89;2021-04-30;1804;1768;82015;42108;24.7;12.7
89;2021-05-01;846;722;82861;42830;25.0;12.9
89;2021-05-02;134;31;82995;42861;25.0;12.9
89;2021-05-03;1605;763;84600;43624;25.5;13.1
89;2021-05-04;1621;1130;86221;44754;26.0;13.5
89;2021-05-05;2319;1266;88540;46020;26.7;13.9
89;2021-05-06;2413;1377;90953;47397;27.4;14.3
89;2021-05-07;2720;1318;93673;48715;28.2;14.7
89;2021-05-08;1787;534;95460;49249;28.7;14.8
89;2021-05-09;196;18;95656;49267;28.8;14.8
89;2021-05-10;1201;962;96857;50229;29.2;15.1
89;2021-05-11;2489;1462;99346;51691;29.9;15.6
89;2021-05-12;2059;1218;101405;52909;30.5;15.9
89;2021-05-13;414;333;101819;53242;30.7;16.0
89;2021-05-14;1878;1095;103697;54337;31.2;16.4
89;2021-05-15;2248;393;105945;54730;31.9;16.5
89;2021-05-16;10;35;105955;54765;31.9;16.5
89;2021-05-17;2091;637;108046;55402;32.5;16.7
89;2021-05-18;2324;829;110370;56231;33.2;16.9
89;2021-05-19;2861;882;113231;57113;34.1;17.2
89;2021-05-20;2927;890;116158;58003;35.0;17.5
89;2021-05-21;2481;878;118639;58881;35.7;17.7
89;2021-05-22;1429;571;120068;59452;36.2;17.9
89;2021-05-23;108;10;120176;59462;36.2;17.9
89;2021-05-24;286;224;120462;59686;36.3;18.0
89;2021-05-25;1559;983;122021;60669;36.7;18.3
89;2021-05-26;1817;1021;123838;61690;37.3;18.6
89;2021-05-27;2118;1357;125956;63047;37.9;19.0
89;2021-05-28;2143;1422;128099;64469;38.6;19.4
89;2021-05-29;540;658;128639;65127;38.7;19.6
89;2021-05-30;25;22;128664;65149;38.7;19.6
89;2021-05-31;1248;969;129912;66118;39.1;19.9
89;2021-06-01;1506;984;131418;67102;39.6;20.2
89;2021-06-02;1945;1280;133363;68382;40.2;20.6
89;2021-06-03;2428;1523;135791;69905;40.9;21.0
89;2021-06-04;2142;1886;137933;71791;41.5;21.6
89;2021-06-05;1186;1225;139119;73016;41.9;22.0
89;2021-06-06;23;37;139142;73053;41.9;22.0
89;2021-06-07;2110;1449;141252;74502;42.5;22.4
89;2021-06-08;2196;1457;143448;75959;43.2;22.9
89;2021-06-09;2321;1509;145769;77468;43.9;23.3
89;2021-06-10;2791;1601;148560;79069;44.7;23.8
89;2021-06-11;1948;1749;150508;80818;45.3;24.3
89;2021-06-12;1103;759;151611;81577;45.7;24.6
89;2021-06-13;156;424;151767;82001;45.7;24.7
89;2021-06-14;1310;1824;153077;83825;46.1;25.2
89;2021-06-15;1401;2012;154478;85837;46.5;25.8
89;2021-06-16;1128;2583;155606;88420;46.9;26.6
89;2021-06-17;1430;2337;157036;90757;47.3;27.3
89;2021-06-18;1623;2878;158659;93635;47.8;28.2
89;2021-06-19;687;1662;159346;95297;48.0;28.7
89;2021-06-20;55;127;159401;95424;48.0;28.7
89;2021-06-21;760;1528;160161;96952;48.2;29.2
89;2021-06-22;1048;2679;161209;99631;48.5;30.0
89;2021-06-23;1156;1796;162365;101427;48.9;30.5
89;2021-06-24;1077;1497;163442;102924;49.2;31.0
89;2021-06-25;1007;2429;164449;105353;49.5;31.7
89;2021-06-26;561;2482;165010;107835;49.7;32.5
89;2021-06-27;14;28;165024;107863;49.7;32.5
89;2021-06-28;1033;2492;166057;110355;50.0;33.2
89;2021-06-29;688;2404;166745;112759;50.2;34.0
89;2021-06-30;1083;3182;167828;115941;50.5;34.9
89;2021-07-01;1022;2988;168850;118929;50.8;35.8
89;2021-07-02;1106;2748;169956;121677;51.2;36.6
89;2021-07-03;554;1571;170510;123248;51.3;37.1
89;2021-07-04;11;36;170521;123284;51.3;37.1
89;2021-07-05;1296;1837;171817;125121;51.7;37.7
89;2021-07-06;1050;2309;172867;127430;52.1;38.4
89;2021-07-07;668;1786;173535;129216;52.3;38.9
89;2021-07-08;792;1871;174327;131087;52.5;39.5
89;2021-07-09;1135;2606;175462;133693;52.8;40.3
89;2021-07-10;718;816;176180;134509;53.1;40.5
89;2021-07-11;26;39;176206;134548;53.1;40.5
89;2021-07-12;1424;1898;177630;136446;53.5;41.1
89;2021-07-13;2135;2742;179765;139188;54.1;41.9
89;2021-07-14;312;324;180077;139512;54.2;42.0
89;2021-07-15;2237;3163;182314;142675;54.9;43.0
89;2021-07-16;2389;2860;184703;145535;55.6;43.8
89;2021-07-17;1232;1226;185935;146761;56.0;44.2
89;2021-07-18;276;97;186211;146858;56.1;44.2
89;2021-07-19;1564;2814;187775;149672;56.5;45.1
89;2021-07-20;1926;3280;189701;152952;57.1;46.1
89;2021-07-21;2077;2724;191778;155676;57.7;46.9
89;2021-07-22;2473;2990;194251;158666;58.5;47.8
89;2021-07-23;2476;3105;196727;161771;59.2;48.7
89;2021-07-24;1239;1251;197966;163022;59.6;49.1
89;2021-07-25;68;185;198034;163207;59.6;49.1
89;2021-07-26;1718;2319;199752;165526;60.1;49.8
89;2021-07-27;2335;1911;202087;167437;60.9;50.4
89;2021-07-28;2517;1336;204604;168773;61.6;50.8
89;2021-07-29;2519;1617;207123;170390;62.4;51.3
89;2021-07-30;2672;1618;209795;172008;63.2;51.8
89;2021-07-31;1119;1071;210914;173079;63.5;52.1
89;2021-08-01;69;33;210983;173112;63.5;52.1
89;2021-08-02;1776;1282;212759;174394;64.1;52.5
89;2021-08-03;2455;1252;215214;175646;64.8;52.9
89;2021-08-04;1519;1642;216733;177288;65.3;53.4
89;2021-08-05;1527;1688;218260;178976;65.7;53.9
89;2021-08-06;2157;1647;220417;180623;66.4;54.4
89;2021-08-07;923;1091;221340;181714;66.6;54.7
89;2021-08-08;55;47;221395;181761;66.7;54.7
89;2021-08-09;1087;1173;222482;182934;67.0;55.1
89;2021-08-10;1773;1813;224255;184747;67.5;55.6
89;2021-08-11;1511;1579;225766;186326;68.0;56.1
89;2021-08-12;1349;1386;227115;187712;68.4;56.5
89;2021-08-13;1244;1952;228359;189664;68.8;57.1
89;2021-08-14;514;1016;228873;190680;68.9;57.4
89;2021-08-15;19;43;228892;190723;68.9;57.4
89;2021-08-16;985;1964;229877;192687;69.2;58.0
89;2021-08-17;825;1564;230702;194251;69.5;58.5
89;2021-08-18;599;1897;231301;196148;69.6;59.1
89;2021-08-19;654;1388;231955;197536;69.8;59.5
89;2021-08-20;1000;2259;232955;199795;70.1;60.2
89;2021-08-21;289;1002;233244;200797;70.2;60.5
89;2021-08-22;32;34;233276;200831;70.2;60.5
89;2021-08-23;727;2244;234003;203075;70.5;61.1
90;2020-12-27;0;0;0;0;0.0;0.0
90;2020-12-28;0;0;0;0;0.0;0.0
90;2020-12-29;0;0;0;0;0.0;0.0
90;2020-12-30;1;0;1;0;0.0;0.0
90;2020-12-31;0;0;1;0;0.0;0.0
90;2021-01-01;0;0;1;0;0.0;0.0
90;2021-01-02;1;0;2;0;0.0;0.0
90;2021-01-03;0;0;2;0;0.0;0.0
90;2021-01-04;2;0;4;0;0.0;0.0
90;2021-01-05;0;0;4;0;0.0;0.0
90;2021-01-06;0;0;4;0;0.0;0.0
90;2021-01-07;1;0;5;0;0.0;0.0
90;2021-01-08;170;0;175;0;0.1;0.0
90;2021-01-09;46;0;221;0;0.2;0.0
90;2021-01-10;0;0;221;0;0.2;0.0
90;2021-01-11;200;0;421;0;0.3;0.0
90;2021-01-12;430;0;851;0;0.6;0.0
90;2021-01-13;468;3;1319;3;0.9;0.0
90;2021-01-14;414;1;1733;4;1.2;0.0
90;2021-01-15;405;10;2138;14;1.5;0.0
90;2021-01-16;111;2;2249;16;1.6;0.0
90;2021-01-17;1;0;2250;16;1.6;0.0
90;2021-01-18;364;2;2614;18;1.9;0.0
90;2021-01-19;462;5;3076;23;2.2;0.0
90;2021-01-20;392;2;3468;25;2.5;0.0
90;2021-01-21;351;1;3819;26;2.7;0.0
90;2021-01-22;346;2;4165;28;3.0;0.0
90;2021-01-23;98;0;4263;28;3.0;0.0
90;2021-01-24;0;0;4263;28;3.0;0.0
90;2021-01-25;322;3;4585;31;3.3;0.0
90;2021-01-26;224;0;4809;31;3.4;0.0
90;2021-01-27;255;0;5064;31;3.6;0.0
90;2021-01-28;328;33;5392;64;3.8;0.0
90;2021-01-29;291;163;5683;227;4.1;0.2
90;2021-01-30;176;45;5859;272;4.2;0.2
90;2021-01-31;118;0;5977;272;4.3;0.2
90;2021-02-01;275;112;6252;384;4.5;0.3
90;2021-02-02;290;163;6542;547;4.7;0.4
90;2021-02-03;256;368;6798;915;4.9;0.7
90;2021-02-04;257;304;7055;1219;5.0;0.9
90;2021-02-05;266;271;7321;1490;5.2;1.1
90;2021-02-06;89;68;7410;1558;5.3;1.1
90;2021-02-07;0;0;7410;1558;5.3;1.1
90;2021-02-08;170;218;7580;1776;5.4;1.3
90;2021-02-09;139;166;7719;1942;5.5;1.4
90;2021-02-10;182;31;7901;1973;5.6;1.4
90;2021-02-11;228;109;8129;2082;5.8;1.5
90;2021-02-12;126;239;8255;2321;5.9;1.7
90;2021-02-13;95;45;8350;2366;6.0;1.7
90;2021-02-14;0;0;8350;2366;6.0;1.7
90;2021-02-15;113;280;8463;2646;6.0;1.9
90;2021-02-16;92;275;8555;2921;6.1;2.1
90;2021-02-17;178;205;8733;3126;6.2;2.2
90;2021-02-18;128;242;8861;3368;6.3;2.4
90;2021-02-19;64;272;8925;3640;6.4;2.6
90;2021-02-20;40;72;8965;3712;6.4;2.6
90;2021-02-21;0;0;8965;3712;6.4;2.6
90;2021-02-22;76;333;9041;4045;6.5;2.9
90;2021-02-23;40;259;9081;4304;6.5;3.1
90;2021-02-24;109;291;9190;4595;6.6;3.3
90;2021-02-25;89;313;9279;4908;6.6;3.5
90;2021-02-26;89;394;9368;5302;6.7;3.8
90;2021-02-27;140;178;9508;5480;6.8;3.9
90;2021-02-28;8;113;9516;5593;6.8;4.0
90;2021-03-01;212;233;9728;5826;6.9;4.2
90;2021-03-02;178;285;9906;6111;7.1;4.4
90;2021-03-03;239;355;10145;6466;7.2;4.6
90;2021-03-04;260;278;10405;6744;7.4;4.8
90;2021-03-05;359;270;10764;7014;7.7;5.0
90;2021-03-06;291;104;11055;7118;7.9;5.1
90;2021-03-07;18;1;11073;7119;7.9;5.1
90;2021-03-08;246;248;11319;7367;8.1;5.3
90;2021-03-09;430;164;11749;7531;8.4;5.4
90;2021-03-10;348;197;12097;7728;8.6;5.5
90;2021-03-11;348;119;12445;7847;8.9;5.6
90;2021-03-12;519;129;12964;7976;9.3;5.7
90;2021-03-13;539;47;13503;8023;9.6;5.7
90;2021-03-14;21;0;13524;8023;9.7;5.7
90;2021-03-15;387;117;13911;8140;9.9;5.8
90;2021-03-16;401;99;14312;8239;10.2;5.9
90;2021-03-17;323;76;14635;8315;10.4;5.9
90;2021-03-18;348;79;14983;8394;10.7;6.0
90;2021-03-19;468;79;15451;8473;11.0;6.0
90;2021-03-20;427;48;15878;8521;11.3;6.1
90;2021-03-21;7;1;15885;8522;11.3;6.1
90;2021-03-22;399;30;16284;8552;11.6;6.1
90;2021-03-23;738;74;17022;8626;12.1;6.2
90;2021-03-24;815;45;17837;8671;12.7;6.2
90;2021-03-25;948;75;18785;8746;13.4;6.2
90;2021-03-26;1227;59;20012;8805;14.3;6.3
90;2021-03-27;438;34;20450;8839;14.6;6.3
90;2021-03-28;34;0;20484;8839;14.6;6.3
90;2021-03-29;712;143;21196;8982;15.1;6.4
90;2021-03-30;674;154;21870;9136;15.6;6.5
90;2021-03-31;728;81;22598;9217;16.1;6.6
90;2021-04-01;602;118;23200;9335;16.6;6.7
90;2021-04-02;657;98;23857;9433;17.0;6.7
90;2021-04-03;370;40;24227;9473;17.3;6.8
90;2021-04-04;1;0;24228;9473;17.3;6.8
90;2021-04-05;0;0;24228;9473;17.3;6.8
90;2021-04-06;528;251;24756;9724;17.7;6.9
90;2021-04-07;485;265;25241;9989;18.0;7.1
90;2021-04-08;510;245;25751;10234;18.4;7.3
90;2021-04-09;752;266;26503;10500;18.9;7.5
90;2021-04-10;224;8;26727;10508;19.1;7.5
90;2021-04-11;7;0;26734;10508;19.1;7.5
90;2021-04-12;557;480;27291;10988;19.5;7.8
90;2021-04-13;631;530;27922;11518;19.9;8.2
90;2021-04-14;527;351;28449;11869;20.3;8.5
90;2021-04-15;905;290;29354;12159;20.9;8.7
90;2021-04-16;370;404;29724;12563;21.2;9.0
90;2021-04-17;189;128;29913;12691;21.3;9.1
90;2021-04-18;21;0;29934;12691;21.4;9.1
90;2021-04-19;435;570;30369;13261;21.7;9.5
90;2021-04-20;494;619;30863;13880;22.0;9.9
90;2021-04-21;353;497;31216;14377;22.3;10.3
90;2021-04-22;569;602;31785;14979;22.7;10.7
90;2021-04-23;505;743;32290;15722;23.0;11.2
90;2021-04-24;305;202;32595;15924;23.3;11.4
90;2021-04-25;1;0;32596;15924;23.3;11.4
90;2021-04-26;507;750;33103;16674;23.6;11.9
90;2021-04-27;641;680;33744;17354;24.1;12.4
90;2021-04-28;765;445;34509;17799;24.6;12.7
90;2021-04-29;1003;451;35512;18250;25.3;13.0
90;2021-04-30;1120;459;36632;18709;26.1;13.3
90;2021-05-01;60;42;36692;18751;26.2;13.4
90;2021-05-02;4;0;36696;18751;26.2;13.4
90;2021-05-03;903;286;37599;19037;26.8;13.6
90;2021-05-04;784;637;38383;19674;27.4;14.0
90;2021-05-05;892;504;39275;20178;28.0;14.4
90;2021-05-06;852;626;40127;20804;28.6;14.8
90;2021-05-07;440;510;40567;21314;28.9;15.2
90;2021-05-08;26;27;40593;21341;29.0;15.2
90;2021-05-09;5;33;40598;21374;29.0;15.3
90;2021-05-10;506;585;41104;21959;29.3;15.7
90;2021-05-11;778;636;41882;22595;29.9;16.1
90;2021-05-12;530;598;42412;23193;30.3;16.5
90;2021-05-13;1113;264;43525;23457;31.1;16.7
90;2021-05-14;865;403;44390;23860;31.7;17.0
90;2021-05-15;14;125;44404;23985;31.7;17.1
90;2021-05-16;2;7;44406;23992;31.7;17.1
90;2021-05-17;793;290;45199;24282;32.3;17.3
90;2021-05-18;1024;471;46223;24753;33.0;17.7
90;2021-05-19;1265;384;47488;25137;33.9;17.9
90;2021-05-20;1200;270;48688;25407;34.7;18.1
90;2021-05-21;1265;431;49953;25838;35.6;18.4
90;2021-05-22;9;131;49962;25969;35.7;18.5
90;2021-05-23;4;0;49966;25969;35.7;18.5
90;2021-05-24;368;266;50334;26235;35.9;18.7
90;2021-05-25;637;792;50971;27027;36.4;19.3
90;2021-05-26;630;568;51601;27595;36.8;19.7
90;2021-05-27;963;383;52564;27978;37.5;20.0
90;2021-05-28;668;827;53232;28805;38.0;20.6
90;2021-05-29;93;296;53325;29101;38.0;20.8
90;2021-05-30;4;1;53329;29102;38.1;20.8
90;2021-05-31;809;715;54138;29817;38.6;21.3
90;2021-06-01;968;740;55106;30557;39.3;21.8
90;2021-06-02;760;676;55866;31233;39.9;22.3
90;2021-06-03;758;743;56624;31976;40.4;22.8
90;2021-06-04;833;973;57457;32949;41.0;23.5
90;2021-06-05;54;427;57511;33376;41.0;23.8
90;2021-06-06;1;16;57512;33392;41.0;23.8
90;2021-06-07;1265;1082;58777;34474;41.9;24.6
90;2021-06-08;1481;936;60258;35410;43.0;25.3
90;2021-06-09;965;659;61223;36069;43.7;25.7
90;2021-06-10;625;497;61848;36566;44.1;26.1
90;2021-06-11;787;1126;62635;37692;44.7;26.9
90;2021-06-12;806;298;63441;37990;45.3;27.1
90;2021-06-13;10;12;63451;38002;45.3;27.1
90;2021-06-14;264;974;63715;38976;45.5;27.8
90;2021-06-15;567;880;64282;39856;45.9;28.4
90;2021-06-16;510;548;64792;40404;46.2;28.8
90;2021-06-17;444;638;65236;41042;46.5;29.3
90;2021-06-18;624;997;65860;42039;47.0;30.0
90;2021-06-19;450;170;66310;42209;47.3;30.1
90;2021-06-20;0;28;66310;42237;47.3;30.1
90;2021-06-21;257;1178;66567;43415;47.5;31.0
90;2021-06-22;384;950;66951;44365;47.8;31.7
90;2021-06-23;415;633;67366;44998;48.1;32.1
90;2021-06-24;319;603;67685;45601;48.3;32.5
90;2021-06-25;431;1273;68116;46874;48.6;33.4
90;2021-06-26;420;561;68536;47435;48.9;33.8
90;2021-06-27;2;6;68538;47441;48.9;33.9
90;2021-06-28;378;1298;68916;48739;49.2;34.8
90;2021-06-29;305;1307;69221;50046;49.4;35.7
90;2021-06-30;485;1229;69706;51275;49.7;36.6
90;2021-07-01;354;919;70060;52194;50.0;37.2
90;2021-07-02;507;1206;70567;53400;50.4;38.1
90;2021-07-03;52;129;70619;53529;50.4;38.2
90;2021-07-04;0;21;70619;53550;50.4;38.2
90;2021-07-05;401;1014;71020;54564;50.7;38.9
90;2021-07-06;514;972;71534;55536;51.0;39.6
90;2021-07-07;380;995;71914;56531;51.3;40.3
90;2021-07-08;304;608;72218;57139;51.5;40.8
90;2021-07-09;438;951;72656;58090;51.8;41.4
90;2021-07-10;32;91;72688;58181;51.9;41.5
90;2021-07-11;7;17;72695;58198;51.9;41.5
90;2021-07-12;242;1076;72937;59274;52.0;42.3
90;2021-07-13;474;1162;73411;60436;52.4;43.1
90;2021-07-14;2;8;73413;60444;52.4;43.1
90;2021-07-15;791;1453;74204;61897;52.9;44.2
90;2021-07-16;825;1683;75029;63580;53.5;45.4
90;2021-07-17;484;954;75513;64534;53.9;46.0
90;2021-07-18;4;2;75517;64536;53.9;46.0
90;2021-07-19;1182;1461;76699;65997;54.7;47.1
90;2021-07-20;1335;1137;78034;67134;55.7;47.9
90;2021-07-21;1396;983;79430;68117;56.7;48.6
90;2021-07-22;1126;697;80556;68814;57.5;49.1
90;2021-07-23;964;1023;81520;69837;58.2;49.8
90;2021-07-24;119;65;81639;69902;58.3;49.9
90;2021-07-25;2;1;81641;69903;58.3;49.9
90;2021-07-26;1071;805;82712;70708;59.0;50.5
90;2021-07-27;1080;743;83792;71451;59.8;51.0
90;2021-07-28;820;709;84612;72160;60.4;51.5
90;2021-07-29;834;437;85446;72597;61.0;51.8
90;2021-07-30;778;498;86224;73095;61.5;52.2
90;2021-07-31;479;312;86703;73407;61.9;52.4
90;2021-08-01;0;3;86703;73410;61.9;52.4
90;2021-08-02;835;511;87538;73921;62.5;52.7
90;2021-08-03;907;492;88445;74413;63.1;53.1
90;2021-08-04;1063;458;89508;74871;63.9;53.4
90;2021-08-05;519;221;90027;75092;64.2;53.6
90;2021-08-06;636;390;90663;75482;64.7;53.9
90;2021-08-07;35;63;90698;75545;64.7;53.9
90;2021-08-08;18;3;90716;75548;64.7;53.9
90;2021-08-09;721;946;91437;76494;65.2;54.6
90;2021-08-10;533;1151;91970;77645;65.6;55.4
90;2021-08-11;536;947;92506;78592;66.0;56.1
90;2021-08-12;444;816;92950;79408;66.3;56.7
90;2021-08-13;524;894;93474;80302;66.7;57.3
90;2021-08-14;30;99;93504;80401;66.7;57.4
90;2021-08-15;2;8;93506;80409;66.7;57.4
90;2021-08-16;445;633;93951;81042;67.0;57.8
90;2021-08-17;340;1165;94291;82207;67.3;58.7
90;2021-08-18;267;877;94558;83084;67.5;59.3
90;2021-08-19;239;627;94797;83711;67.6;59.7
90;2021-08-20;354;769;95151;84480;67.9;60.3
90;2021-08-21;29;69;95180;84549;67.9;60.3
90;2021-08-22;0;7;95180;84556;67.9;60.3
90;2021-08-23;301;489;95481;85045;68.1;60.7
91;2020-12-27;0;0;0;0;0.0;0.0
91;2020-12-28;0;0;0;0;0.0;0.0
91;2020-12-29;1;0;1;0;0.0;0.0
91;2020-12-30;1;0;2;0;0.0;0.0
91;2020-12-31;0;0;2;0;0.0;0.0
91;2021-01-01;5;0;7;0;0.0;0.0
91;2021-01-02;0;0;7;0;0.0;0.0
91;2021-01-03;0;0;7;0;0.0;0.0
91;2021-01-04;1;0;8;0;0.0;0.0
91;2021-01-05;71;0;79;0;0.0;0.0
91;2021-01-06;188;2;267;2;0.0;0.0
91;2021-01-07;523;6;790;8;0.1;0.0
91;2021-01-08;394;1;1184;9;0.1;0.0
91;2021-01-09;89;3;1273;12;0.1;0.0
91;2021-01-10;1;0;1274;12;0.1;0.0
91;2021-01-11;595;2;1869;14;0.1;0.0
91;2021-01-12;899;8;2768;22;0.2;0.0
91;2021-01-13;702;7;3470;29;0.3;0.0
91;2021-01-14;721;11;4191;40;0.3;0.0
91;2021-01-15;569;4;4760;44;0.4;0.0
91;2021-01-16;316;7;5076;51;0.4;0.0
91;2021-01-17;116;1;5192;52;0.4;0.0
91;2021-01-18;992;3;6184;55;0.5;0.0
91;2021-01-19;1867;16;8051;71;0.6;0.0
91;2021-01-20;2368;18;10419;89;0.8;0.0
91;2021-01-21;2096;15;12515;104;0.9;0.0
91;2021-01-22;1861;9;14376;113;1.1;0.0
91;2021-01-23;413;1;14789;114;1.1;0.0
91;2021-01-24;53;0;14842;114;1.1;0.0
91;2021-01-25;1048;4;15890;118;1.2;0.0
91;2021-01-26;1577;38;17467;156;1.3;0.0
91;2021-01-27;2415;95;19882;251;1.5;0.0
91;2021-01-28;1982;223;21864;474;1.7;0.0
91;2021-01-29;1749;68;23613;542;1.8;0.0
91;2021-01-30;422;7;24035;549;1.8;0.0
91;2021-01-31;54;0;24089;549;1.8;0.0
91;2021-02-01;966;218;25055;767;1.9;0.1
91;2021-02-02;857;364;25912;1131;2.0;0.1
91;2021-02-03;937;570;26849;1701;2.0;0.1
91;2021-02-04;885;281;27734;1982;2.1;0.2
91;2021-02-05;1035;359;28769;2341;2.2;0.2
91;2021-02-06;337;93;29106;2434;2.2;0.2
91;2021-02-07;13;0;29119;2434;2.2;0.2
91;2021-02-08;905;607;30024;3041;2.3;0.2
91;2021-02-09;963;858;30987;3899;2.3;0.3
91;2021-02-10;1065;992;32052;4891;2.4;0.4
91;2021-02-11;1121;1020;33173;5911;2.5;0.4
91;2021-02-12;1061;835;34234;6746;2.6;0.5
91;2021-02-13;330;360;34564;7106;2.6;0.5
91;2021-02-14;18;112;34582;7218;2.6;0.5
91;2021-02-15;368;1263;34950;8481;2.6;0.6
91;2021-02-16;554;1755;35504;10236;2.7;0.8
91;2021-02-17;811;2678;36315;12914;2.8;1.0
91;2021-02-18;941;2015;37256;14929;2.8;1.1
91;2021-02-19;864;1383;38120;16312;2.9;1.2
91;2021-02-20;167;360;38287;16672;2.9;1.3
91;2021-02-21;13;50;38300;16722;2.9;1.3
91;2021-02-22;334;1203;38634;17925;2.9;1.4
91;2021-02-23;397;1075;39031;19000;3.0;1.4
91;2021-02-24;473;1059;39504;20059;3.0;1.5
91;2021-02-25;733;1019;40237;21078;3.0;1.6
91;2021-02-26;1096;1060;41333;22138;3.1;1.7
91;2021-02-27;609;330;41942;22468;3.2;1.7
91;2021-02-28;65;66;42007;22534;3.2;1.7
91;2021-03-01;931;1069;42938;23603;3.3;1.8
91;2021-03-02;1261;1094;44199;24697;3.3;1.9
91;2021-03-03;1469;1279;45668;25976;3.5;2.0
91;2021-03-04;2428;1129;48096;27105;3.6;2.1
91;2021-03-05;3351;1168;51447;28273;3.9;2.1
91;2021-03-06;4909;462;56356;28735;4.3;2.2
91;2021-03-07;3208;115;59564;28850;4.5;2.2
91;2021-03-08;1472;1066;61036;29916;4.6;2.3
91;2021-03-09;2623;998;63659;30914;4.8;2.3
91;2021-03-10;2620;1040;66279;31954;5.0;2.4
91;2021-03-11;3785;1133;70064;33087;5.3;2.5
91;2021-03-12;4789;1051;74853;34138;5.7;2.6
91;2021-03-13;5259;341;80112;34479;6.1;2.6
91;2021-03-14;302;28;80414;34507;6.1;2.6
91;2021-03-15;2983;436;83397;34943;6.3;2.6
91;2021-03-16;2617;384;86014;35327;6.5;2.7
91;2021-03-17;2227;350;88241;35677;6.7;2.7
91;2021-03-18;2389;412;90630;36089;6.9;2.7
91;2021-03-19;4094;383;94724;36472;7.2;2.8
91;2021-03-20;3609;181;98333;36653;7.5;2.8
91;2021-03-21;138;30;98471;36683;7.5;2.8
91;2021-03-22;3148;607;101619;37290;7.7;2.8
91;2021-03-23;4138;700;105757;37990;8.0;2.9
91;2021-03-24;3936;499;109693;38489;8.3;2.9
91;2021-03-25;5058;531;114751;39020;8.7;3.0
91;2021-03-26;5551;551;120302;39571;9.1;3.0
91;2021-03-27;4984;343;125286;39914;9.5;3.0
91;2021-03-28;282;59;125568;39973;9.5;3.0
91;2021-03-29;3304;1041;128872;41014;9.8;3.1
91;2021-03-30;4426;1224;133298;42238;10.1;3.2
91;2021-03-31;3366;1339;136664;43577;10.4;3.3
91;2021-04-01;3738;1684;140402;45261;10.6;3.4
91;2021-04-02;3890;2316;144292;47577;10.9;3.6
91;2021-04-03;1872;2875;146164;50452;11.1;3.8
91;2021-04-04;648;1321;146812;51773;11.1;3.9
91;2021-04-05;562;131;147374;51904;11.2;3.9
91;2021-04-06;3403;1788;150777;53692;11.4;4.1
91;2021-04-07;3419;1933;154196;55625;11.7;4.2
91;2021-04-08;4661;2162;158857;57787;12.0;4.4
91;2021-04-09;5346;2155;164203;59942;12.4;4.5
91;2021-04-10;2730;2819;166933;62761;12.7;4.8
91;2021-04-11;192;141;167125;62902;12.7;4.8
91;2021-04-12;2854;2277;169979;65179;12.9;4.9
91;2021-04-13;3757;2648;173736;67827;13.2;5.1
91;2021-04-14;3708;2323;177444;70150;13.4;5.3
91;2021-04-15;4477;2512;181921;72662;13.8;5.5
91;2021-04-16;4549;2806;186470;75468;14.1;5.7
91;2021-04-17;2982;2078;189452;77546;14.4;5.9
91;2021-04-18;269;72;189721;77618;14.4;5.9
91;2021-04-19;2305;2731;192026;80349;14.6;6.1
91;2021-04-20;3178;2986;195204;83335;14.8;6.3
91;2021-04-21;2989;2900;198193;86235;15.0;6.5
91;2021-04-22;3167;3365;201360;89600;15.3;6.8
91;2021-04-23;3716;3358;205076;92958;15.5;7.0
91;2021-04-24;3482;3730;208558;96688;15.8;7.3
91;2021-04-25;2616;641;211174;97329;16.0;7.4
91;2021-04-26;3487;2801;214661;100130;16.3;7.6
91;2021-04-27;4487;2924;219148;103054;16.6;7.8
91;2021-04-28;4567;2704;223715;105758;17.0;8.0
91;2021-04-29;5745;3058;229460;108816;17.4;8.2
91;2021-04-30;5387;2852;234847;111668;17.8;8.5
91;2021-05-01;3517;521;238364;112189;18.1;8.5
91;2021-05-02;624;132;238988;112321;18.1;8.5
91;2021-05-03;5203;2290;244191;114611;18.5;8.7
91;2021-05-04;5591;3178;249782;117789;18.9;8.9
91;2021-05-05;4851;2872;254633;120661;19.3;9.1
91;2021-05-06;5248;3373;259881;124034;19.7;9.4
91;2021-05-07;6120;3744;266001;127778;20.2;9.7
91;2021-05-08;6519;964;272520;128742;20.7;9.8
91;2021-05-09;4803;562;277323;129304;21.0;9.8
91;2021-05-10;5902;3008;283225;132312;21.5;10.0
91;2021-05-11;6833;3840;290058;136152;22.0;10.3
91;2021-05-12;5896;3443;295954;139595;22.4;10.6
91;2021-05-13;4826;1078;300780;140673;22.8;10.7
91;2021-05-14;6547;2394;307327;143067;23.3;10.8
91;2021-05-15;7797;1926;315124;144993;23.9;11.0
91;2021-05-16;4584;370;319708;145363;24.2;11.0
91;2021-05-17;6952;1710;326660;147073;24.8;11.1
91;2021-05-18;8121;1741;334781;148814;25.4;11.3
91;2021-05-19;7098;1699;341879;150513;25.9;11.4
91;2021-05-20;8201;2145;350080;152658;26.5;11.6
91;2021-05-21;8144;2581;358224;155239;27.2;11.8
91;2021-05-22;7664;1546;365888;156785;27.7;11.9
91;2021-05-23;4799;529;370687;157314;28.1;11.9
91;2021-05-24;5017;602;375704;157916;28.5;12.0
91;2021-05-25;7626;2650;383330;160566;29.1;12.2
91;2021-05-26;6872;2939;390202;163505;29.6;12.4
91;2021-05-27;7973;3446;398175;166951;30.2;12.7
91;2021-05-28;7536;4322;405711;171273;30.7;13.0
91;2021-05-29;9300;3508;415011;174781;31.5;13.2
91;2021-05-30;5954;961;420965;175742;31.9;13.3
91;2021-05-31;6741;3700;427706;179442;32.4;13.6
91;2021-06-01;7786;4778;435492;184220;33.0;14.0
91;2021-06-02;7452;3958;442944;188178;33.6;14.3
91;2021-06-03;7858;4781;450802;192959;34.2;14.6
91;2021-06-04;7184;5724;457986;198683;34.7;15.1
91;2021-06-05;6385;5816;464371;204499;35.2;15.5
91;2021-06-06;4089;2511;468460;207010;35.5;15.7
91;2021-06-07;5879;5480;474339;212490;36.0;16.1
91;2021-06-08;7041;5796;481380;218286;36.5;16.5
91;2021-06-09;6471;5147;487851;223433;37.0;16.9
91;2021-06-10;7178;5774;495029;229207;37.5;17.4
91;2021-06-11;6545;7111;501574;236318;38.0;17.9
91;2021-06-12;6221;7362;507795;243680;38.5;18.5
91;2021-06-13;2852;2317;510647;245997;38.7;18.6
91;2021-06-14;4226;7200;514873;253197;39.0;19.2
91;2021-06-15;5576;7257;520449;260454;39.4;19.7
91;2021-06-16;5303;6444;525752;266898;39.8;20.2
91;2021-06-17;6245;7135;531997;274033;40.3;20.8
91;2021-06-18;4634;8740;536631;282773;40.7;21.4
91;2021-06-19;4193;7152;540824;289925;41.0;22.0
91;2021-06-20;1006;4212;541830;294137;41.1;22.3
91;2021-06-21;3230;7238;545060;301375;41.3;22.8
91;2021-06-22;4161;9227;549221;310602;41.6;23.5
91;2021-06-23;4316;7964;553537;318566;42.0;24.1
91;2021-06-24;4907;8479;558444;327045;42.3;24.8
91;2021-06-25;3471;9174;561915;336219;42.6;25.5
91;2021-06-26;2989;8037;564904;344256;42.8;26.1
91;2021-06-27;549;2998;565453;347254;42.9;26.3
91;2021-06-28;3128;8236;568581;355490;43.1;26.9
91;2021-06-29;3585;9640;572166;365130;43.4;27.7
91;2021-06-30;3951;8699;576117;373829;43.7;28.3
91;2021-07-01;4093;8874;580210;382703;44.0;29.0
91;2021-07-02;3758;9316;583968;392019;44.3;29.7
91;2021-07-03;2880;9789;586848;401808;44.5;30.5
91;2021-07-04;849;4724;587697;406532;44.5;30.8
91;2021-07-05;2658;7256;590355;413788;44.7;31.4
91;2021-07-06;3753;9427;594108;423215;45.0;32.1
91;2021-07-07;3803;8584;597911;431799;45.3;32.7
91;2021-07-08;4357;8986;602268;440785;45.6;33.4
91;2021-07-09;3962;9957;606230;450742;45.9;34.2
91;2021-07-10;3402;10232;609632;460974;46.2;34.9
91;2021-07-11;985;4801;610617;465775;46.3;35.3
91;2021-07-12;2801;8891;613418;474666;46.5;36.0
91;2021-07-13;4459;10385;617877;485051;46.8;36.8
91;2021-07-14;2301;3582;620178;488633;47.0;37.0
91;2021-07-15;4537;9820;624715;498453;47.3;37.8
91;2021-07-16;6282;9757;630997;508210;47.8;38.5
91;2021-07-17;5742;9063;636739;517273;48.3;39.2
91;2021-07-18;3397;3676;640136;520949;48.5;39.5
91;2021-07-19;3769;7534;643905;528483;48.8;40.1
91;2021-07-20;6060;9296;649965;537779;49.3;40.8
91;2021-07-21;6229;7723;656194;545502;49.7;41.3
91;2021-07-22;6470;8386;662664;553888;50.2;42.0
91;2021-07-23;6910;8276;669574;562164;50.7;42.6
91;2021-07-24;4974;6469;674548;568633;51.1;43.1
91;2021-07-25;3254;1393;677802;570026;51.4;43.2
91;2021-07-26;4924;6586;682726;576612;51.7;43.7
91;2021-07-27;7540;7062;690266;583674;52.3;44.2
91;2021-07-28;7272;5907;697538;589581;52.9;44.7
91;2021-07-29;7368;5889;704906;595470;53.4;45.1
91;2021-07-30;6877;5761;711783;601231;53.9;45.6
91;2021-07-31;4835;4772;716618;606003;54.3;45.9
91;2021-08-01;2603;1328;719221;607331;54.5;46.0
91;2021-08-02;4657;4223;723878;611554;54.9;46.4
91;2021-08-03;5743;4680;729621;616234;55.3;46.7
91;2021-08-04;5657;4119;735278;620353;55.7;47.0
91;2021-08-05;5541;4259;740819;624612;56.1;47.3
91;2021-08-06;5646;5616;746465;630228;56.6;47.8
91;2021-08-07;3032;2416;749497;632644;56.8;47.9
91;2021-08-08;593;1094;750090;633738;56.9;48.0
91;2021-08-09;3750;3969;753840;637707;57.1;48.3
91;2021-08-10;4498;4534;758338;642241;57.5;48.7
91;2021-08-11;4074;4476;762412;646717;57.8;49.0
91;2021-08-12;3956;4753;766368;651470;58.1;49.4
91;2021-08-13;4237;4827;770605;656297;58.4;49.7
91;2021-08-14;2202;2388;772807;658685;58.6;49.9
91;2021-08-15;92;170;772899;658855;58.6;49.9
91;2021-08-16;2903;4640;775802;663495;58.8;50.3
91;2021-08-17;3583;5800;779385;669295;59.1;50.7
91;2021-08-18;2995;5774;782380;675069;59.3;51.2
91;2021-08-19;3431;5758;785811;680827;59.6;51.6
91;2021-08-20;3168;6932;788979;687759;59.8;52.1
91;2021-08-21;2434;3330;791413;691089;60.0;52.4
91;2021-08-22;731;1299;792144;692388;60.0;52.5
91;2021-08-23;2367;5285;794511;697673;60.2;52.9
92;2020-12-27;20;0;20;0;0.0;0.0
92;2020-12-28;14;0;34;0;0.0;0.0
92;2020-12-29;56;0;90;0;0.0;0.0
92;2020-12-30;36;0;126;0;0.0;0.0
92;2020-12-31;5;0;131;0;0.0;0.0
92;2021-01-01;23;0;154;0;0.0;0.0
92;2021-01-02;4;0;158;0;0.0;0.0
92;2021-01-03;9;0;167;0;0.0;0.0
92;2021-01-04;63;1;230;1;0.0;0.0
92;2021-01-05;225;1;455;2;0.0;0.0
92;2021-01-06;413;3;868;5;0.1;0.0
92;2021-01-07;663;4;1531;9;0.1;0.0
92;2021-01-08;838;4;2369;13;0.1;0.0
92;2021-01-09;122;1;2491;14;0.2;0.0
92;2021-01-10;45;0;2536;14;0.2;0.0
92;2021-01-11;846;5;3382;19;0.2;0.0
92;2021-01-12;1298;9;4680;28;0.3;0.0
92;2021-01-13;1240;14;5920;42;0.4;0.0
92;2021-01-14;1206;17;7126;59;0.4;0.0
92;2021-01-15;977;7;8103;66;0.5;0.0
92;2021-01-16;179;1;8282;67;0.5;0.0
92;2021-01-17;24;0;8306;67;0.5;0.0
92;2021-01-18;1539;22;9845;89;0.6;0.0
92;2021-01-19;1554;20;11399;109;0.7;0.0
92;2021-01-20;1807;14;13206;123;0.8;0.0
92;2021-01-21;3436;21;16642;144;1.0;0.0
92;2021-01-22;2610;42;19252;186;1.2;0.0
92;2021-01-23;137;0;19389;186;1.2;0.0
92;2021-01-24;24;0;19413;186;1.2;0.0
92;2021-01-25;844;14;20257;200;1.3;0.0
92;2021-01-26;1214;12;21471;212;1.3;0.0
92;2021-01-27;2215;96;23686;308;1.5;0.0
92;2021-01-28;4180;189;27866;497;1.7;0.0
92;2021-01-29;2710;265;30576;762;1.9;0.0
92;2021-01-30;322;13;30898;775;1.9;0.0
92;2021-01-31;21;2;30919;777;1.9;0.0
92;2021-02-01;862;322;31781;1099;2.0;0.1
92;2021-02-02;1047;354;32828;1453;2.0;0.1
92;2021-02-03;997;447;33825;1900;2.1;0.1
92;2021-02-04;1040;547;34865;2447;2.2;0.2
92;2021-02-05;1330;501;36195;2948;2.2;0.2
92;2021-02-06;110;17;36305;2965;2.2;0.2
92;2021-02-07;13;14;36318;2979;2.3;0.2
92;2021-02-08;571;734;36889;3713;2.3;0.2
92;2021-02-09;1063;1302;37952;5015;2.4;0.3
92;2021-02-10;1064;1307;39016;6322;2.4;0.4
92;2021-02-11;1495;1926;40511;8248;2.5;0.5
92;2021-02-12;1415;1484;41926;9732;2.6;0.6
92;2021-02-13;70;60;41996;9792;2.6;0.6
92;2021-02-14;18;0;42014;9792;2.6;0.6
92;2021-02-15;568;1658;42582;11450;2.6;0.7
92;2021-02-16;784;2053;43366;13503;2.7;0.8
92;2021-02-17;618;1756;43984;15259;2.7;0.9
92;2021-02-18;1569;3664;45553;18923;2.8;1.2
92;2021-02-19;1728;2659;47281;21582;2.9;1.3
92;2021-02-20;143;402;47424;21984;2.9;1.4
92;2021-02-21;34;53;47458;22037;2.9;1.4
92;2021-02-22;493;1216;47951;23253;3.0;1.4
92;2021-02-23;727;1365;48678;24618;3.0;1.5
92;2021-02-24;608;1296;49286;25914;3.1;1.6
92;2021-02-25;915;1805;50201;27719;3.1;1.7
92;2021-02-26;1454;1370;51655;29089;3.2;1.8
92;2021-02-27;502;190;52157;29279;3.2;1.8
92;2021-02-28;65;56;52222;29335;3.2;1.8
92;2021-03-01;1099;1050;53321;30385;3.3;1.9
92;2021-03-02;1968;1370;55289;31755;3.4;2.0
92;2021-03-03;2790;1099;58079;32854;3.6;2.0
92;2021-03-04;3588;1529;61667;34383;3.8;2.1
92;2021-03-05;4975;1727;66642;36110;4.1;2.2
92;2021-03-06;5717;329;72359;36439;4.5;2.3
92;2021-03-07;2899;237;75258;36676;4.7;2.3
92;2021-03-08;2417;825;77675;37501;4.8;2.3
92;2021-03-09;3437;1030;81112;38531;5.0;2.4
92;2021-03-10;3935;947;85047;39478;5.3;2.4
92;2021-03-11;5012;1399;90059;40877;5.6;2.5
92;2021-03-12;6765;1562;96824;42439;6.0;2.6
92;2021-03-13;5157;235;101981;42674;6.3;2.6
92;2021-03-14;1737;75;103718;42749;6.4;2.6
92;2021-03-15;3794;600;107512;43349;6.7;2.7
92;2021-03-16;3692;600;111204;43949;6.9;2.7
92;2021-03-17;3872;418;115076;44367;7.1;2.7
92;2021-03-18;4125;755;119201;45122;7.4;2.8
92;2021-03-19;5919;733;125120;45855;7.8;2.8
92;2021-03-20;2535;75;127655;45930;7.9;2.8
92;2021-03-21;148;29;127803;45959;7.9;2.8
92;2021-03-22;4114;483;131917;46442;8.2;2.9
92;2021-03-23;6097;876;138014;47318;8.6;2.9
92;2021-03-24;6373;655;144387;47973;8.9;3.0
92;2021-03-25;8436;644;152823;48617;9.5;3.0
92;2021-03-26;8354;903;161177;49520;10.0;3.1
92;2021-03-27;2833;274;164010;49794;10.2;3.1
92;2021-03-28;542;39;164552;49833;10.2;3.1
92;2021-03-29;4656;1055;169208;50888;10.5;3.2
92;2021-03-30;6384;1553;175592;52441;10.9;3.2
92;2021-03-31;5541;2263;181133;54704;11.2;3.4
92;2021-04-01;6263;3682;187396;58386;11.6;3.6
92;2021-04-02;5629;3422;193025;61808;12.0;3.8
92;2021-04-03;870;1417;193895;63225;12.0;3.9
92;2021-04-04;487;1062;194382;64287;12.0;4.0
92;2021-04-05;811;159;195193;64446;12.1;4.0
92;2021-04-06;3649;1957;198842;66403;12.3;4.1
92;2021-04-07;4990;2891;203832;69294;12.6;4.3
92;2021-04-08;5974;3178;209806;72472;13.0;4.5
92;2021-04-09;8030;3056;217836;75528;13.5;4.7
92;2021-04-10;2631;1294;220467;76822;13.7;4.8
92;2021-04-11;156;807;220623;77629;13.7;4.8
92;2021-04-12;3683;2521;224306;80150;13.9;5.0
92;2021-04-13;4380;4429;228686;84579;14.2;5.2
92;2021-04-14;4867;4043;233553;88622;14.5;5.5
92;2021-04-15;5297;3959;238850;92581;14.8;5.7
92;2021-04-16;5071;3863;243921;96444;15.1;6.0
92;2021-04-17;1798;1193;245719;97637;15.2;6.1
92;2021-04-18;346;94;246065;97731;15.2;6.1
92;2021-04-19;2809;2840;248874;100571;15.4;6.2
92;2021-04-20;4191;3755;253065;104326;15.7;6.5
92;2021-04-21;4611;4521;257676;108847;16.0;6.7
92;2021-04-22;4658;5128;262334;113975;16.3;7.1
92;2021-04-23;5232;4698;267566;118673;16.6;7.4
92;2021-04-24;4936;1910;272502;120583;16.9;7.5
92;2021-04-25;1789;150;274291;120733;17.0;7.5
92;2021-04-26;3999;3625;278290;124358;17.2;7.7
92;2021-04-27;6043;5263;284333;129621;17.6;8.0
92;2021-04-28;7379;4504;291712;134125;18.1;8.3
92;2021-04-29;7986;4793;299698;138918;18.6;8.6
92;2021-04-30;8843;4848;308541;143766;19.1;8.9
92;2021-05-01;1201;408;309742;144174;19.2;8.9
92;2021-05-02;662;140;310404;144314;19.2;8.9
92;2021-05-03;6777;3895;317181;148209;19.7;9.2
92;2021-05-04;10419;4371;327600;152580;20.3;9.5
92;2021-05-05;10075;5263;337675;157843;20.9;9.8
92;2021-05-06;11426;4913;349101;162756;21.6;10.1
92;2021-05-07;9858;5297;358959;168053;22.2;10.4
92;2021-05-08;7213;1926;366172;169979;22.7;10.5
92;2021-05-09;3788;599;369960;170578;22.9;10.6
92;2021-05-10;9532;4001;379492;174579;23.5;10.8
92;2021-05-11;13979;5698;393471;180277;24.4;11.2
92;2021-05-12;14283;4587;407754;184864;25.3;11.5
92;2021-05-13;9164;912;416918;185776;25.8;11.5
92;2021-05-14;12029;2316;428947;188092;26.6;11.7
92;2021-05-15;8392;1229;437339;189321;27.1;11.7
92;2021-05-16;4137;451;441476;189772;27.4;11.8
92;2021-05-17;10646;2221;452122;191993;28.0;11.9
92;2021-05-18;16410;3131;468532;195124;29.0;12.1
92;2021-05-19;16032;3723;484564;198847;30.0;12.3
92;2021-05-20;16826;3984;501390;202831;31.1;12.6
92;2021-05-21;14077;3635;515467;206466;31.9;12.8
92;2021-05-22;8316;1517;523783;207983;32.5;12.9
92;2021-05-23;4084;455;527867;208438;32.7;12.9
92;2021-05-24;6122;856;533989;209294;33.1;13.0
92;2021-05-25;13109;4560;547098;213854;33.9;13.3
92;2021-05-26;11929;5041;559027;218895;34.6;13.6
92;2021-05-27;12735;6328;571762;225223;35.4;14.0
92;2021-05-28;11228;6287;582990;231510;36.1;14.3
92;2021-05-29;5450;2303;588440;233813;36.5;14.5
92;2021-05-30;2249;390;590689;234203;36.6;14.5
92;2021-05-31;12056;5306;602745;239509;37.4;14.8
92;2021-06-01;12604;7644;615349;247153;38.1;15.3
92;2021-06-02;14382;7213;629731;254366;39.0;15.8
92;2021-06-03;14585;8032;644316;262398;39.9;16.3
92;2021-06-04;12223;8228;656539;270626;40.7;16.8
92;2021-06-05;7384;6243;663923;276869;41.1;17.2
92;2021-06-06;3593;1674;667516;278543;41.4;17.3
92;2021-06-07;11443;7634;678959;286177;42.1;17.7
92;2021-06-08;12760;9607;691719;295784;42.9;18.3
92;2021-06-09;11658;9477;703377;305261;43.6;18.9
92;2021-06-10;11965;10573;715342;315834;44.3;19.6
92;2021-06-11;8145;11039;723487;326873;44.8;20.3
92;2021-06-12;6362;5100;729849;331973;45.2;20.6
92;2021-06-13;3964;2719;733813;334692;45.5;20.7
92;2021-06-14;5218;11171;739031;345863;45.8;21.4
92;2021-06-15;6520;13134;745551;358997;46.2;22.2
92;2021-06-16;6952;12993;752503;371990;46.6;23.1
92;2021-06-17;7421;14015;759924;386005;47.1;23.9
92;2021-06-18;6896;14394;766820;400399;47.5;24.8
92;2021-06-19;3960;9112;770780;409511;47.8;25.4
92;2021-06-20;1964;5611;772744;415122;47.9;25.7
92;2021-06-21;4838;12274;777582;427396;48.2;26.5
92;2021-06-22;5879;17551;783461;444947;48.5;27.6
92;2021-06-23;5482;15995;788943;460942;48.9;28.6
92;2021-06-24;6203;15126;795146;476068;49.3;29.5
92;2021-06-25;5115;16098;800261;492166;49.6;30.5
92;2021-06-26;4065;10456;804326;502622;49.8;31.1
92;2021-06-27;1859;6050;806185;508672;50.0;31.5
92;2021-06-28;3672;12055;809857;520727;50.2;32.3
92;2021-06-29;4676;18163;814533;538890;50.5;33.4
92;2021-06-30;4447;16230;818980;555120;50.7;34.4
92;2021-07-01;5543;16311;824523;571431;51.1;35.4
92;2021-07-02;4860;15279;829383;586710;51.4;36.4
92;2021-07-03;3301;10184;832684;596894;51.6;37.0
92;2021-07-04;1122;4207;833806;601101;51.7;37.2
92;2021-07-05;4806;12333;838612;613434;52.0;38.0
92;2021-07-06;5279;15815;843891;629249;52.3;39.0
92;2021-07-07;4251;11455;848142;640704;52.6;39.7
92;2021-07-08;5406;14637;853548;655341;52.9;40.6
92;2021-07-09;5877;14207;859425;669548;53.3;41.5
92;2021-07-10;4373;8450;863798;677998;53.5;42.0
92;2021-07-11;1478;2619;865276;680617;53.6;42.2
92;2021-07-12;4383;14636;869659;695253;53.9;43.1
92;2021-07-13;7859;17449;877518;712702;54.4;44.2
92;2021-07-14;5087;5741;882605;718443;54.7;44.5
92;2021-07-15;9557;16247;892162;734690;55.3;45.5
92;2021-07-16;9051;14175;901213;748865;55.8;46.4
92;2021-07-17;6564;7601;907777;756466;56.3;46.9
92;2021-07-18;1834;2483;909611;758949;56.4;47.0
92;2021-07-19;6450;13203;916061;772152;56.8;47.8
92;2021-07-20;10063;14091;926124;786243;57.4;48.7
92;2021-07-21;10429;12114;936553;798357;58.0;49.5
92;2021-07-22;12027;12963;948580;811320;58.8;50.3
92;2021-07-23;11565;11345;960145;822665;59.5;51.0
92;2021-07-24;6718;6251;966863;828916;59.9;51.4
92;2021-07-25;2764;2319;969627;831235;60.1;51.5
92;2021-07-26;9461;9169;979088;840404;60.7;52.1
92;2021-07-27;11441;9590;990529;849994;61.4;52.7
92;2021-07-28;11325;8141;1001854;858135;62.1;53.2
92;2021-07-29;10387;8601;1012241;866736;62.7;53.7
92;2021-07-30;9000;8313;1021241;875049;63.3;54.2
92;2021-07-31;5681;4803;1026922;879852;63.6;54.5
92;2021-08-01;2184;1290;1029106;881142;63.8;54.6
92;2021-08-02;4625;4924;1033731;886066;64.1;54.9
92;2021-08-03;5062;6134;1038793;892200;64.4;55.3
92;2021-08-04;4649;4854;1043442;897054;64.7;55.6
92;2021-08-05;4414;5671;1047856;902725;64.9;55.9
92;2021-08-06;4465;5950;1052321;908675;65.2;56.3
92;2021-08-07;2789;4221;1055110;912896;65.4;56.6
92;2021-08-08;950;1078;1056060;913974;65.4;56.6
92;2021-08-09;3158;4241;1059218;918215;65.6;56.9
92;2021-08-10;3757;5600;1062975;923815;65.9;57.2
92;2021-08-11;3162;4423;1066137;928238;66.1;57.5
92;2021-08-12;3349;5579;1069486;933817;66.3;57.9
92;2021-08-13;2933;5124;1072419;938941;66.5;58.2
92;2021-08-14;1854;3911;1074273;942852;66.6;58.4
92;2021-08-15;572;838;1074845;943690;66.6;58.5
92;2021-08-16;2342;5297;1077187;948987;66.8;58.8
92;2021-08-17;2600;6965;1079787;955952;66.9;59.2
92;2021-08-18;2387;5248;1082174;961200;67.1;59.6
92;2021-08-19;2481;5723;1084655;966923;67.2;59.9
92;2021-08-20;2230;5163;1086885;972086;67.4;60.2
92;2021-08-21;1376;4215;1088261;976301;67.4;60.5
92;2021-08-22;420;1590;1088681;977891;67.5;60.6
92;2021-08-23;2403;6572;1091084;984463;67.6;61.0
93;2020-12-27;10;3;10;3;0.0;0.0
93;2020-12-28;4;0;14;3;0.0;0.0
93;2020-12-29;0;0;14;3;0.0;0.0
93;2020-12-30;44;1;58;4;0.0;0.0
93;2020-12-31;9;0;67;4;0.0;0.0
93;2021-01-01;5;0;72;4;0.0;0.0
93;2021-01-02;0;0;72;4;0.0;0.0
93;2021-01-03;3;0;75;4;0.0;0.0
93;2021-01-04;0;0;75;4;0.0;0.0
93;2021-01-05;62;1;137;5;0.0;0.0
93;2021-01-06;179;0;316;5;0.0;0.0
93;2021-01-07;380;3;696;8;0.0;0.0
93;2021-01-08;631;1;1327;9;0.1;0.0
93;2021-01-09;21;0;1348;9;0.1;0.0
93;2021-01-10;2;0;1350;9;0.1;0.0
93;2021-01-11;502;4;1852;13;0.1;0.0
93;2021-01-12;753;7;2605;20;0.2;0.0
93;2021-01-13;750;6;3355;26;0.2;0.0
93;2021-01-14;686;18;4041;44;0.2;0.0
93;2021-01-15;516;3;4557;47;0.3;0.0
93;2021-01-16;139;3;4696;50;0.3;0.0
93;2021-01-17;6;1;4702;51;0.3;0.0
93;2021-01-18;1198;10;5900;61;0.4;0.0
93;2021-01-19;1612;17;7512;78;0.4;0.0
93;2021-01-20;1557;19;9069;97;0.5;0.0
93;2021-01-21;1917;35;10986;132;0.7;0.0
93;2021-01-22;1387;15;12373;147;0.7;0.0
93;2021-01-23;711;8;13084;155;0.8;0.0
93;2021-01-24;0;0;13084;155;0.8;0.0
93;2021-01-25;1208;16;14292;171;0.9;0.0
93;2021-01-26;1290;37;15582;208;0.9;0.0
93;2021-01-27;2156;72;17738;280;1.1;0.0
93;2021-01-28;2263;207;20001;487;1.2;0.0
93;2021-01-29;1620;228;21621;715;1.3;0.0
93;2021-01-30;927;47;22548;762;1.4;0.0
93;2021-01-31;7;7;22555;769;1.4;0.0
93;2021-02-01;1180;171;23735;940;1.4;0.1
93;2021-02-02;1166;309;24901;1249;1.5;0.1
93;2021-02-03;1231;398;26132;1647;1.6;0.1
93;2021-02-04;923;566;27055;2213;1.6;0.1
93;2021-02-05;797;432;27852;2645;1.7;0.2
93;2021-02-06;694;69;28546;2714;1.7;0.2
93;2021-02-07;3;0;28549;2714;1.7;0.2
93;2021-02-08;911;648;29460;3362;1.8;0.2
93;2021-02-09;851;599;30311;3961;1.8;0.2
93;2021-02-10;880;678;31191;4639;1.9;0.3
93;2021-02-11;1242;832;32433;5471;1.9;0.3
93;2021-02-12;1041;639;33474;6110;2.0;0.4
93;2021-02-13;395;265;33869;6375;2.0;0.4
93;2021-02-14;13;59;33882;6434;2.0;0.4
93;2021-02-15;412;1272;34294;7706;2.1;0.5
93;2021-02-16;548;1235;34842;8941;2.1;0.5
93;2021-02-17;541;1767;35383;10708;2.1;0.6
93;2021-02-18;1133;1876;36516;12584;2.2;0.8
93;2021-02-19;993;1545;37509;14129;2.2;0.8
93;2021-02-20;304;665;37813;14794;2.3;0.9
93;2021-02-21;9;23;37822;14817;2.3;0.9
93;2021-02-22;603;1295;38425;16112;2.3;1.0
93;2021-02-23;563;1128;38988;17240;2.3;1.0
93;2021-02-24;642;1224;39630;18464;2.4;1.1
93;2021-02-25;902;1078;40532;19542;2.4;1.2
93;2021-02-26;1121;984;41653;20526;2.5;1.2
93;2021-02-27;543;621;42196;21147;2.5;1.3
93;2021-02-28;87;57;42283;21204;2.5;1.3
93;2021-03-01;1081;1073;43364;22277;2.6;1.3
93;2021-03-02;1444;1149;44808;23426;2.7;1.4
93;2021-03-03;1739;1192;46547;24618;2.8;1.5
93;2021-03-04;2715;1132;49262;25750;2.9;1.5
93;2021-03-05;3819;898;53081;26648;3.2;1.6
93;2021-03-06;5049;567;58130;27215;3.5;1.6
93;2021-03-07;4301;219;62431;27434;3.7;1.6
93;2021-03-08;2036;1262;64467;28696;3.9;1.7
93;2021-03-09;2915;971;67382;29667;4.0;1.8
93;2021-03-10;2857;1112;70239;30779;4.2;1.8
93;2021-03-11;3565;1251;73804;32030;4.4;1.9
93;2021-03-12;4126;1300;77930;33330;4.7;2.0
93;2021-03-13;4287;634;82217;33964;4.9;2.0
93;2021-03-14;882;72;83099;34036;5.0;2.0
93;2021-03-15;3549;690;86648;34726;5.2;2.1
93;2021-03-16;3162;621;89810;35347;5.4;2.1
93;2021-03-17;2656;603;92466;35950;5.5;2.2
93;2021-03-18;3313;727;95779;36677;5.7;2.2
93;2021-03-19;3765;648;99544;37325;6.0;2.2
93;2021-03-20;3462;301;103006;37626;6.2;2.3
93;2021-03-21;813;271;103819;37897;6.2;2.3
93;2021-03-22;3846;619;107665;38516;6.4;2.3
93;2021-03-23;4762;809;112427;39325;6.7;2.4
93;2021-03-24;4113;684;116540;40009;7.0;2.4
93;2021-03-25;5577;863;122117;40872;7.3;2.4
93;2021-03-26;5548;893;127665;41765;7.6;2.5
93;2021-03-27;4281;311;131946;42076;7.9;2.5
93;2021-03-28;613;40;132559;42116;7.9;2.5
93;2021-03-29;3855;965;136414;43081;8.2;2.6
93;2021-03-30;4724;1267;141138;44348;8.5;2.7
93;2021-03-31;3913;1245;145051;45593;8.7;2.7
93;2021-04-01;4055;3152;149106;48745;8.9;2.9
93;2021-04-02;3225;3563;152331;52308;9.1;3.1
93;2021-04-03;2521;2263;154852;54571;9.3;3.3
93;2021-04-04;763;157;155615;54728;9.3;3.3
93;2021-04-05;707;90;156322;54818;9.4;3.3
93;2021-04-06;4561;2350;160883;57168;9.6;3.4
93;2021-04-07;4904;2096;165787;59264;9.9;3.5
93;2021-04-08;5811;2688;171598;61952;10.3;3.7
93;2021-04-09;6093;3186;177691;65138;10.6;3.9
93;2021-04-10;4197;2493;181888;67631;10.9;4.0
93;2021-04-11;575;433;182463;68064;10.9;4.1
93;2021-04-12;4100;2925;186563;70989;11.2;4.3
93;2021-04-13;4601;3663;191164;74652;11.4;4.5
93;2021-04-14;4361;2480;195525;77132;11.7;4.6
93;2021-04-15;4557;3037;200082;80169;12.0;4.8
93;2021-04-16;4438;2995;204520;83164;12.2;5.0
93;2021-04-17;3517;2508;208037;85672;12.5;5.1
93;2021-04-18;291;434;208328;86106;12.5;5.2
93;2021-04-19;3777;2863;212105;88969;12.7;5.3
93;2021-04-20;4305;3276;216410;92245;13.0;5.5
93;2021-04-21;4142;2771;220552;95016;13.2;5.7
93;2021-04-22;4512;4017;225064;99033;13.5;5.9
93;2021-04-23;5626;3242;230690;102275;13.8;6.1
93;2021-04-24;5923;3328;236613;105603;14.2;6.3
93;2021-04-25;1732;594;238345;106197;14.3;6.4
93;2021-04-26;4858;3084;243203;109281;14.6;6.5
93;2021-04-27;6455;3627;249658;112908;14.9;6.8
93;2021-04-28;6077;3431;255735;116339;15.3;7.0
93;2021-04-29;7301;3246;263036;119585;15.7;7.2
93;2021-04-30;8261;3115;271297;122700;16.2;7.3
93;2021-05-01;4948;1189;276245;123889;16.5;7.4
93;2021-05-02;418;647;276663;124536;16.6;7.5
93;2021-05-03;8166;5122;284829;129658;17.1;7.8
93;2021-05-04;7825;5409;292654;135067;17.5;8.1
93;2021-05-05;7576;4811;300230;139878;18.0;8.4
93;2021-05-06;8249;4778;308479;144656;18.5;8.7
93;2021-05-07;7012;5427;315491;150083;18.9;9.0
93;2021-05-08;8361;2390;323852;152473;19.4;9.1
93;2021-05-09;6122;1367;329974;153840;19.8;9.2
93;2021-05-10;8255;4079;338229;157919;20.3;9.5
93;2021-05-11;9309;4811;347538;162730;20.8;9.7
93;2021-05-12;9188;3657;356726;166387;21.4;10.0
93;2021-05-13;8296;1655;365022;168042;21.9;10.1
93;2021-05-14;10425;3537;375447;171579;22.5;10.3
93;2021-05-15;11128;3009;386575;174588;23.1;10.5
93;2021-05-16;5557;728;392132;175316;23.5;10.5
93;2021-05-17;11896;2263;404028;177579;24.2;10.6
93;2021-05-18;14099;2397;418127;179976;25.0;10.8
93;2021-05-19;11437;2952;429564;182928;25.7;11.0
93;2021-05-20;12622;3482;442186;186410;26.5;11.2
93;2021-05-21;13014;2891;455200;189301;27.3;11.3
93;2021-05-22;12387;2206;467587;191507;28.0;11.5
93;2021-05-23;8481;1109;476068;192616;28.5;11.5
93;2021-05-24;11201;1943;487269;194559;29.2;11.6
93;2021-05-25;12291;4317;499560;198876;29.9;11.9
93;2021-05-26;11069;3751;510629;202627;30.6;12.1
93;2021-05-27;12706;3888;523335;206515;31.3;12.4
93;2021-05-28;12653;5263;535988;211778;32.1;12.7
93;2021-05-29;11395;4267;547383;216045;32.8;12.9
93;2021-05-30;8216;1380;555599;217425;33.3;13.0
93;2021-05-31;9180;5182;564779;222607;33.8;13.3
93;2021-06-01;11387;6281;576166;228888;34.5;13.7
93;2021-06-02;10714;5199;586880;234087;35.1;14.0
93;2021-06-03;10811;5518;597691;239605;35.8;14.3
93;2021-06-04;10610;7807;608301;247412;36.4;14.8
93;2021-06-05;9021;7354;617322;254766;37.0;15.3
93;2021-06-06;8403;1747;625725;256513;37.5;15.4
93;2021-06-07;10070;7532;635795;264045;38.1;15.8
93;2021-06-08;10380;7379;646175;271424;38.7;16.3
93;2021-06-09;10239;7291;656414;278715;39.3;16.7
93;2021-06-10;9006;8187;665420;286902;39.8;17.2
93;2021-06-11;8832;8820;674252;295722;40.4;17.7
93;2021-06-12;9867;6652;684119;302374;41.0;18.1
93;2021-06-13;7169;2126;691288;304500;41.4;18.2
93;2021-06-14;5399;9733;696687;314233;41.7;18.8
93;2021-06-15;6240;9659;702927;323892;42.1;19.4
93;2021-06-16;6647;9058;709574;332950;42.5;19.9
93;2021-06-17;5752;8472;715326;341422;42.8;20.4
93;2021-06-18;7223;11129;722549;352551;43.3;21.1
93;2021-06-19;7078;11098;729627;363649;43.7;21.8
93;2021-06-20;4950;6876;734577;370525;44.0;22.2
93;2021-06-21;4071;10731;738648;381256;44.2;22.8
93;2021-06-22;4691;11311;743339;392567;44.5;23.5
93;2021-06-23;4540;10597;747879;403164;44.8;24.1
93;2021-06-24;4208;10300;752087;413464;45.0;24.8
93;2021-06-25;5181;13056;757268;426520;45.3;25.5
93;2021-06-26;5298;13920;762566;440440;45.7;26.4
93;2021-06-27;3290;7107;765856;447547;45.9;26.8
93;2021-06-28;3694;12512;769550;460059;46.1;27.5
93;2021-06-29;4017;12353;773567;472412;46.3;28.3
93;2021-06-30;4136;11300;777703;483712;46.6;29.0
93;2021-07-01;5921;11162;783624;494874;46.9;29.6
93;2021-07-02;5733;12372;789357;507246;47.3;30.4
93;2021-07-03;5352;13445;794709;520691;47.6;31.2
93;2021-07-04;3080;7887;797789;528578;47.8;31.6
93;2021-07-05;4533;10848;802322;539426;48.0;32.3
93;2021-07-06;4773;11756;807095;551182;48.3;33.0
93;2021-07-07;5040;11412;812135;562594;48.6;33.7
93;2021-07-08;5006;10261;817141;572855;48.9;34.3
93;2021-07-09;5890;13024;823031;585879;49.3;35.1
93;2021-07-10;5889;14279;828920;600158;49.6;35.9
93;2021-07-11;3690;9086;832610;609244;49.9;36.5
93;2021-07-12;5549;12068;838159;621312;50.2;37.2
93;2021-07-13;11094;13286;849253;634598;50.8;38.0
93;2021-07-14;10621;6790;859874;641388;51.5;38.4
93;2021-07-15;12462;14121;872336;655509;52.2;39.2
93;2021-07-16;13113;13683;885449;669192;53.0;40.1
93;2021-07-17;11354;13904;896803;683096;53.7;40.9
93;2021-07-18;7400;8949;904203;692045;54.1;41.4
93;2021-07-19;9587;10915;913790;702960;54.7;42.1
93;2021-07-20;12568;10666;926358;713626;55.5;42.7
93;2021-07-21;14195;10933;940553;724559;56.3;43.4
93;2021-07-22;14085;9451;954638;734010;57.2;43.9
93;2021-07-23;14507;10629;969145;744639;58.0;44.6
93;2021-07-24;13885;10627;983030;755266;58.9;45.2
93;2021-07-25;9016;6344;992046;761610;59.4;45.6
93;2021-07-26;12530;7769;1004576;769379;60.1;46.1
93;2021-07-27;14972;7393;1019548;776772;61.0;46.5
93;2021-07-28;14814;8233;1034362;785005;61.9;47.0
93;2021-07-29;13453;7031;1047815;792036;62.7;47.4
93;2021-07-30;13757;7811;1061572;799847;63.6;47.9
93;2021-07-31;12138;7680;1073710;807527;64.3;48.4
93;2021-08-01;7251;4572;1080961;812099;64.7;48.6
93;2021-08-02;7585;5677;1088546;817776;65.2;49.0
93;2021-08-03;7127;6851;1095673;824627;65.6;49.4
93;2021-08-04;7423;7959;1103096;832586;66.0;49.9
93;2021-08-05;5650;6829;1108746;839415;66.4;50.3
93;2021-08-06;6740;8316;1115486;847731;66.8;50.8
93;2021-08-07;7189;9029;1122675;856760;67.2;51.3
93;2021-08-08;4323;5536;1126998;862296;67.5;51.6
93;2021-08-09;6570;8042;1133568;870338;67.9;52.1
93;2021-08-10;7098;8821;1140666;879159;68.3;52.6
93;2021-08-11;7281;9659;1147947;888818;68.7;53.2
93;2021-08-12;6179;9005;1154126;897823;69.1;53.8
93;2021-08-13;6227;8989;1160353;906812;69.5;54.3
93;2021-08-14;5767;10463;1166120;917275;69.8;54.9
93;2021-08-15;2652;3610;1168772;920885;70.0;55.1
93;2021-08-16;5382;11176;1174154;932061;70.3;55.8
93;2021-08-17;5774;10882;1179928;942943;70.6;56.5
93;2021-08-18;5340;11121;1185268;954064;71.0;57.1
93;2021-08-19;4413;9637;1189681;963701;71.2;57.7
93;2021-08-20;4691;11175;1194372;974876;71.5;58.4
93;2021-08-21;4185;11905;1198557;986781;71.8;59.1
93;2021-08-22;2159;7028;1200716;993809;71.9;59.5
93;2021-08-23;4162;9233;1204878;1003042;72.1;60.1
94;2020-12-27;6;0;6;0;0.0;0.0
94;2020-12-28;10;0;16;0;0.0;0.0
94;2020-12-29;0;0;16;0;0.0;0.0
94;2020-12-30;1;0;17;0;0.0;0.0
94;2020-12-31;4;0;21;0;0.0;0.0
94;2021-01-01;4;0;25;0;0.0;0.0
94;2021-01-02;0;0;25;0;0.0;0.0
94;2021-01-03;2;0;27;0;0.0;0.0
94;2021-01-04;35;2;62;2;0.0;0.0
94;2021-01-05;231;2;293;4;0.0;0.0
94;2021-01-06;332;4;625;8;0.0;0.0
94;2021-01-07;691;11;1316;19;0.1;0.0
94;2021-01-08;922;10;2238;29;0.2;0.0
94;2021-01-09;47;0;2285;29;0.2;0.0
94;2021-01-10;18;0;2303;29;0.2;0.0
94;2021-01-11;1013;9;3316;38;0.2;0.0
94;2021-01-12;1345;26;4661;64;0.3;0.0
94;2021-01-13;1407;24;6068;88;0.4;0.0
94;2021-01-14;1540;27;7608;115;0.5;0.0
94;2021-01-15;1219;22;8827;137;0.6;0.0
94;2021-01-16;197;2;9024;139;0.6;0.0
94;2021-01-17;96;1;9120;140;0.6;0.0
94;2021-01-18;1490;28;10610;168;0.8;0.0
94;2021-01-19;1951;28;12561;196;0.9;0.0
94;2021-01-20;2181;20;14742;216;1.0;0.0
94;2021-01-21;3001;16;17743;232;1.3;0.0
94;2021-01-22;2183;19;19926;251;1.4;0.0
94;2021-01-23;732;3;20658;254;1.5;0.0
94;2021-01-24;284;0;20942;254;1.5;0.0
94;2021-01-25;1467;22;22409;276;1.6;0.0
94;2021-01-26;1566;20;23975;296;1.7;0.0
94;2021-01-27;1815;31;25790;327;1.8;0.0
94;2021-01-28;1535;134;27325;461;1.9;0.0
94;2021-01-29;1379;149;28704;610;2.0;0.0
94;2021-01-30;580;4;29284;614;2.1;0.0
94;2021-01-31;120;8;29404;622;2.1;0.0
94;2021-02-01;928;154;30332;776;2.2;0.1
94;2021-02-02;852;255;31184;1031;2.2;0.1
94;2021-02-03;760;370;31944;1401;2.3;0.1
94;2021-02-04;901;434;32845;1835;2.3;0.1
94;2021-02-05;872;574;33717;2409;2.4;0.2
94;2021-02-06;405;75;34122;2484;2.4;0.2
94;2021-02-07;120;0;34242;2484;2.4;0.2
94;2021-02-08;633;550;34875;3034;2.5;0.2
94;2021-02-09;1036;988;35911;4022;2.6;0.3
94;2021-02-10;1101;1369;37012;5391;2.6;0.4
94;2021-02-11;1429;1560;38441;6951;2.7;0.5
94;2021-02-12;1389;1657;39830;8608;2.8;0.6
94;2021-02-13;300;263;40130;8871;2.9;0.6
94;2021-02-14;30;72;40160;8943;2.9;0.6
94;2021-02-15;752;1774;40912;10717;2.9;0.8
94;2021-02-16;702;2754;41614;13471;3.0;1.0
94;2021-02-17;715;1581;42329;15052;3.0;1.1
94;2021-02-18;787;1710;43116;16762;3.1;1.2
94;2021-02-19;966;1467;44082;18229;3.1;1.3
94;2021-02-20;133;925;44215;19154;3.1;1.4
94;2021-02-21;20;185;44235;19339;3.1;1.4
94;2021-02-22;522;1350;44757;20689;3.2;1.5
94;2021-02-23;625;1282;45382;21971;3.2;1.6
94;2021-02-24;693;926;46075;22897;3.3;1.6
94;2021-02-25;1070;1571;47145;24468;3.4;1.7
94;2021-02-26;1323;1075;48468;25543;3.4;1.8
94;2021-02-27;515;555;48983;26098;3.5;1.9
94;2021-02-28;91;84;49074;26182;3.5;1.9
94;2021-03-01;882;946;49956;27128;3.6;1.9
94;2021-03-02;1566;1000;51522;28128;3.7;2.0
94;2021-03-03;1948;1028;53470;29156;3.8;2.1
94;2021-03-04;2859;1196;56329;30352;4.0;2.2
94;2021-03-05;3835;1360;60164;31712;4.3;2.3
94;2021-03-06;4815;592;64979;32304;4.6;2.3
94;2021-03-07;3689;572;68668;32876;4.9;2.3
94;2021-03-08;1915;809;70583;33685;5.0;2.4
94;2021-03-09;2554;938;73137;34623;5.2;2.5
94;2021-03-10;3199;1052;76336;35675;5.4;2.5
94;2021-03-11;3839;947;80175;36622;5.7;2.6
94;2021-03-12;4580;832;84755;37454;6.0;2.7
94;2021-03-13;4129;401;88884;37855;6.3;2.7
94;2021-03-14;2115;159;90999;38014;6.5;2.7
94;2021-03-15;3170;796;94169;38810;6.7;2.8
94;2021-03-16;2774;450;96943;39260;6.9;2.8
94;2021-03-17;2859;465;99802;39725;7.1;2.8
94;2021-03-18;3264;448;103066;40173;7.3;2.9
94;2021-03-19;4272;714;107338;40887;7.6;2.9
94;2021-03-20;3692;297;111030;41184;7.9;2.9
94;2021-03-21;1463;391;112493;41575;8.0;3.0
94;2021-03-22;3217;678;115710;42253;8.2;3.0
94;2021-03-23;4511;743;120221;42996;8.6;3.1
94;2021-03-24;4628;634;124849;43630;8.9;3.1
94;2021-03-25;6322;682;131171;44312;9.3;3.2
94;2021-03-26;6087;846;137258;45158;9.8;3.2
94;2021-03-27;4472;282;141730;45440;10.1;3.2
94;2021-03-28;1887;107;143617;45547;10.2;3.2
94;2021-03-29;4124;1236;147741;46783;10.5;3.3
94;2021-03-30;5300;1361;153041;48144;10.9;3.4
94;2021-03-31;4904;1818;157945;49962;11.2;3.6
94;2021-04-01;5824;2318;163769;52280;11.6;3.7
94;2021-04-02;5247;2336;169016;54616;12.0;3.9
94;2021-04-03;3087;2530;172103;57146;12.2;4.1
94;2021-04-04;1052;780;173155;57926;12.3;4.1
94;2021-04-05;835;163;173990;58089;12.4;4.1
94;2021-04-06;3575;2614;177565;60703;12.6;4.3
94;2021-04-07;3865;2277;181430;62980;12.9;4.5
94;2021-04-08;4623;2064;186053;65044;13.2;4.6
94;2021-04-09;5362;2484;191415;67528;13.6;4.8
94;2021-04-10;2960;3009;194375;70537;13.8;5.0
94;2021-04-11;1267;1770;195642;72307;13.9;5.1
94;2021-04-12;3439;2292;199081;74599;14.2;5.3
94;2021-04-13;4314;3429;203395;78028;14.5;5.5
94;2021-04-14;3905;2703;207300;80731;14.7;5.7
94;2021-04-15;4444;2994;211744;83725;15.1;6.0
94;2021-04-16;4705;2847;216449;86572;15.4;6.2
94;2021-04-17;2462;2769;218911;89341;15.6;6.4
94;2021-04-18;921;1246;219832;90587;15.6;6.4
94;2021-04-19;2976;2448;222808;93035;15.8;6.6
94;2021-04-20;3270;2711;226078;95746;16.1;6.8
94;2021-04-21;3218;3165;229296;98911;16.3;7.0
94;2021-04-22;3912;3651;233208;102562;16.6;7.3
94;2021-04-23;4116;3995;237324;106557;16.9;7.6
94;2021-04-24;4264;3411;241588;109968;17.2;7.8
94;2021-04-25;2409;1503;243997;111471;17.4;7.9
94;2021-04-26;4011;3281;248008;114752;17.6;8.2
94;2021-04-27;5094;3380;253102;118132;18.0;8.4
94;2021-04-28;4830;3638;257932;121770;18.3;8.7
94;2021-04-29;6418;3818;264350;125588;18.8;8.9
94;2021-04-30;6485;3947;270835;129535;19.3;9.2
94;2021-05-01;4057;1064;274892;130599;19.6;9.3
94;2021-05-02;3053;1473;277945;132072;19.8;9.4
94;2021-05-03;5737;5348;283682;137420;20.2;9.8
94;2021-05-04;6099;3575;289781;140995;20.6;10.0
94;2021-05-05;6184;3430;295965;144425;21.0;10.3
94;2021-05-06;7157;3541;303122;147966;21.6;10.5
94;2021-05-07;6676;4124;309798;152090;22.0;10.8
94;2021-05-08;4900;2553;314698;154643;22.4;11.0
94;2021-05-09;4226;2255;318924;156898;22.7;11.2
94;2021-05-10;7718;3135;326642;160033;23.2;11.4
94;2021-05-11;8974;3935;335616;163968;23.9;11.7
94;2021-05-12;9574;3607;345190;167575;24.6;11.9
94;2021-05-13;8677;1372;353867;168947;25.2;12.0
94;2021-05-14;9872;3324;363739;172271;25.9;12.3
94;2021-05-15;8943;2169;372682;174440;26.5;12.4
94;2021-05-16;5069;911;377751;175351;26.9;12.5
94;2021-05-17;10839;2254;388590;177605;27.6;12.6
94;2021-05-18;11296;2457;399886;180062;28.4;12.8
94;2021-05-19;11671;3599;411557;183661;29.3;13.1
94;2021-05-20;12153;4368;423710;188029;30.1;13.4
94;2021-05-21;11875;3164;435585;191193;31.0;13.6
94;2021-05-22;10291;1970;445876;193163;31.7;13.7
94;2021-05-23;5003;711;450879;193874;32.1;13.8
94;2021-05-24;9663;1348;460542;195222;32.8;13.9
94;2021-05-25;10002;4266;470544;199488;33.5;14.2
94;2021-05-26;10280;3316;480824;202804;34.2;14.4
94;2021-05-27;10865;4590;491689;207394;35.0;14.8
94;2021-05-28;10449;4957;502138;212351;35.7;15.1
94;2021-05-29;9874;3455;512012;215806;36.4;15.3
94;2021-05-30;4787;932;516799;216738;36.8;15.4
94;2021-05-31;9986;4239;526785;220977;37.5;15.7
94;2021-06-01;10319;5107;537104;226084;38.2;16.1
94;2021-06-02;9363;4595;546467;230679;38.9;16.4
94;2021-06-03;9563;5602;556030;236281;39.5;16.8
94;2021-06-04;10415;6539;566445;242820;40.3;17.3
94;2021-06-05;9201;6262;575646;249082;40.9;17.7
94;2021-06-06;3985;1851;579631;250933;41.2;17.8
94;2021-06-07;8678;5980;588309;256913;41.8;18.3
94;2021-06-08;9012;7537;597321;264450;42.5;18.8
94;2021-06-09;8952;8165;606273;272615;43.1;19.4
94;2021-06-10;8805;10984;615078;283599;43.7;20.2
94;2021-06-11;7855;8391;622933;291990;44.3;20.8
94;2021-06-12;10263;6847;633196;298837;45.0;21.3
94;2021-06-13;3470;3259;636666;302096;45.3;21.5
94;2021-06-14;6964;8217;643630;310313;45.8;22.1
94;2021-06-15;7736;8817;651366;319130;46.3;22.7
94;2021-06-16;7241;8275;658607;327405;46.8;23.3
94;2021-06-17;6703;9072;665310;336477;47.3;23.9
94;2021-06-18;6583;11961;671893;348438;47.8;24.8
94;2021-06-19;6013;9595;677906;358033;48.2;25.5
94;2021-06-20;1889;4012;679795;362045;48.3;25.7
94;2021-06-21;4531;11185;684326;373230;48.7;26.5
94;2021-06-22;4845;10813;689171;384043;49.0;27.3
94;2021-06-23;4175;11159;693346;395202;49.3;28.1
94;2021-06-24;4970;10336;698316;405538;49.7;28.8
94;2021-06-25;4290;13742;702606;419280;50.0;29.8
94;2021-06-26;3138;11999;705744;431279;50.2;30.7
94;2021-06-27;1059;4997;706803;436276;50.3;31.0
94;2021-06-28;3498;12078;710301;448354;50.5;31.9
94;2021-06-29;4047;12180;714348;460534;50.8;32.8
94;2021-06-30;4446;11646;718794;472180;51.1;33.6
94;2021-07-01;5289;11108;724083;483288;51.5;34.4
94;2021-07-02;5584;12195;729667;495483;51.9;35.2
94;2021-07-03;3717;11807;733384;507290;52.2;36.1
94;2021-07-04;1514;5086;734898;512376;52.3;36.4
94;2021-07-05;4529;11434;739427;523810;52.6;37.3
94;2021-07-06;4622;10898;744049;534708;52.9;38.0
94;2021-07-07;5026;11078;749075;545786;53.3;38.8
94;2021-07-08;5127;10030;754202;555816;53.6;39.5
94;2021-07-09;6074;11869;760276;567685;54.1;40.4
94;2021-07-10;4113;11361;764389;579046;54.4;41.2
94;2021-07-11;1555;4717;765944;583763;54.5;41.5
94;2021-07-12;4280;11972;770224;595735;54.8;42.4
94;2021-07-13;6411;12032;776635;607767;55.2;43.2
94;2021-07-14;4189;5292;780824;613059;55.5;43.6
94;2021-07-15;7218;12363;788042;625422;56.0;44.5
94;2021-07-16;7639;11306;795681;636728;56.6;45.3
94;2021-07-17;6044;11316;801725;648044;57.0;46.1
94;2021-07-18;2615;4022;804340;652066;57.2;46.4
94;2021-07-19;6785;10441;811125;662507;57.7;47.1
94;2021-07-20;8449;10382;819574;672889;58.3;47.9
94;2021-07-21;8720;9570;828294;682459;58.9;48.5
94;2021-07-22;9732;9411;838026;691870;59.6;49.2
94;2021-07-23;9248;9405;847274;701275;60.3;49.9
94;2021-07-24;7146;8872;854420;710147;60.8;50.5
94;2021-07-25;2185;2737;856605;712884;60.9;50.7
94;2021-07-26;7972;8084;864577;720968;61.5;51.3
94;2021-07-27;8692;7127;873269;728095;62.1;51.8
94;2021-07-28;8890;6559;882159;734654;62.7;52.2
94;2021-07-29;8918;6347;891077;741001;63.4;52.7
94;2021-07-30;7799;6565;898876;747566;63.9;53.2
94;2021-07-31;7137;6301;906013;753867;64.4;53.6
94;2021-08-01;3168;1783;909181;755650;64.7;53.7
94;2021-08-02;6217;5468;915398;761118;65.1;54.1
94;2021-08-03;6145;5192;921543;766310;65.5;54.5
94;2021-08-04;6025;5117;927568;771427;66.0;54.9
94;2021-08-05;5723;5451;933291;776878;66.4;55.3
94;2021-08-06;5494;5818;938785;782696;66.8;55.7
94;2021-08-07;4194;4467;942979;787163;67.1;56.0
94;2021-08-08;1355;1707;944334;788870;67.2;56.1
94;2021-08-09;4822;6798;949156;795668;67.5;56.6
94;2021-08-10;5287;6523;954443;802191;67.9;57.1
94;2021-08-11;4192;5914;958635;808105;68.2;57.5
94;2021-08-12;4303;6479;962938;814584;68.5;57.9
94;2021-08-13;3651;5773;966589;820357;68.7;58.3
94;2021-08-14;2855;5727;969444;826084;68.9;58.8
94;2021-08-15;448;733;969892;826817;69.0;58.8
94;2021-08-16;3436;8262;973328;835079;69.2;59.4
94;2021-08-17;3324;8119;976652;843198;69.5;60.0
94;2021-08-18;3217;8589;979869;851787;69.7;60.6
94;2021-08-19;3253;6875;983122;858662;69.9;61.1
94;2021-08-20;2867;7720;985989;866382;70.1;61.6
94;2021-08-21;2506;7150;988495;873532;70.3;62.1
94;2021-08-22;885;2730;989380;876262;70.4;62.3
94;2021-08-23;2765;8429;992145;884691;70.6;62.9
95;2020-12-27;3;0;3;0;0.0;0.0
95;2020-12-28;4;0;7;0;0.0;0.0
95;2020-12-29;0;0;7;0;0.0;0.0
95;2020-12-30;0;0;7;0;0.0;0.0
95;2020-12-31;2;0;9;0;0.0;0.0
95;2021-01-01;0;0;9;0;0.0;0.0
95;2021-01-02;13;0;22;0;0.0;0.0
95;2021-01-03;1;0;23;0;0.0;0.0
95;2021-01-04;48;0;71;0;0.0;0.0
95;2021-01-05;311;0;382;0;0.0;0.0
95;2021-01-06;192;0;574;0;0.0;0.0
95;2021-01-07;130;0;704;0;0.1;0.0
95;2021-01-08;277;1;981;1;0.1;0.0
95;2021-01-09;251;0;1232;1;0.1;0.0
95;2021-01-10;382;1;1614;2;0.1;0.0
95;2021-01-11;489;1;2103;3;0.2;0.0
95;2021-01-12;862;1;2965;4;0.2;0.0
95;2021-01-13;781;13;3746;17;0.3;0.0
95;2021-01-14;887;13;4633;30;0.4;0.0
95;2021-01-15;758;5;5391;35;0.4;0.0
95;2021-01-16;298;3;5689;38;0.5;0.0
95;2021-01-17;221;1;5910;39;0.5;0.0
95;2021-01-18;1338;5;7248;44;0.6;0.0
95;2021-01-19;1573;6;8821;50;0.7;0.0
95;2021-01-20;2038;5;10859;55;0.9;0.0
95;2021-01-21;1853;4;12712;59;1.0;0.0
95;2021-01-22;1326;5;14038;64;1.1;0.0
95;2021-01-23;648;0;14686;64;1.2;0.0
95;2021-01-24;181;0;14867;64;1.2;0.0
95;2021-01-25;796;37;15663;101;1.3;0.0
95;2021-01-26;987;160;16650;261;1.3;0.0
95;2021-01-27;1250;192;17900;453;1.4;0.0
95;2021-01-28;1719;36;19619;489;1.6;0.0
95;2021-01-29;1247;212;20866;701;1.7;0.1
95;2021-01-30;477;5;21343;706;1.7;0.1
95;2021-01-31;212;2;21555;708;1.7;0.1
95;2021-02-01;566;275;22121;983;1.8;0.1
95;2021-02-02;527;270;22648;1253;1.8;0.1
95;2021-02-03;612;519;23260;1772;1.9;0.1
95;2021-02-04;1065;370;24325;2142;1.9;0.2
95;2021-02-05;732;307;25057;2449;2.0;0.2
95;2021-02-06;335;255;25392;2704;2.0;0.2
95;2021-02-07;141;414;25533;3118;2.0;0.2
95;2021-02-08;764;344;26297;3462;2.1;0.3
95;2021-02-09;1131;1093;27428;4555;2.2;0.4
95;2021-02-10;1261;1410;28689;5965;2.3;0.5
95;2021-02-11;1386;1144;30075;7109;2.4;0.6
95;2021-02-12;1031;992;31106;8101;2.5;0.6
95;2021-02-13;329;319;31435;8420;2.5;0.7
95;2021-02-14;39;190;31474;8610;2.5;0.7
95;2021-02-15;425;1067;31899;9677;2.6;0.8
95;2021-02-16;493;926;32392;10603;2.6;0.8
95;2021-02-17;654;1141;33046;11744;2.6;0.9
95;2021-02-18;721;1692;33767;13436;2.7;1.1
95;2021-02-19;783;1306;34550;14742;2.8;1.2
95;2021-02-20;305;493;34855;15235;2.8;1.2
95;2021-02-21;165;318;35020;15553;2.8;1.2
95;2021-02-22;327;1024;35347;16577;2.8;1.3
95;2021-02-23;368;732;35715;17309;2.9;1.4
95;2021-02-24;309;884;36024;18193;2.9;1.5
95;2021-02-25;721;1133;36745;19326;2.9;1.5
95;2021-02-26;989;889;37734;20215;3.0;1.6
95;2021-02-27;365;434;38099;20649;3.1;1.7
95;2021-02-28;61;236;38160;20885;3.1;1.7
95;2021-03-01;770;591;38930;21476;3.1;1.7
95;2021-03-02;1320;857;40250;22333;3.2;1.8
95;2021-03-03;1597;984;41847;23317;3.4;1.9
95;2021-03-04;3192;1205;45039;24522;3.6;2.0
95;2021-03-05;3652;1102;48691;25624;3.9;2.1
95;2021-03-06;4005;502;52696;26126;4.2;2.1
95;2021-03-07;4221;326;56917;26452;4.6;2.1
95;2021-03-08;1541;872;58458;27324;4.7;2.2
95;2021-03-09;2621;505;61079;27829;4.9;2.2
95;2021-03-10;2342;856;63421;28685;5.1;2.3
95;2021-03-11;3136;1153;66557;29838;5.3;2.4
95;2021-03-12;3517;807;70074;30645;5.6;2.5
95;2021-03-13;3519;420;73593;31065;5.9;2.5
95;2021-03-14;1984;302;75577;31367;6.1;2.5
95;2021-03-15;2372;322;77949;31689;6.2;2.5
95;2021-03-16;1574;418;79523;32107;6.4;2.6
95;2021-03-17;2103;419;81626;32526;6.5;2.6
95;2021-03-18;2798;370;84424;32896;6.8;2.6
95;2021-03-19;3475;367;87899;33263;7.0;2.7
95;2021-03-20;2591;207;90490;33470;7.2;2.7
95;2021-03-21;1200;248;91690;33718;7.3;2.7
95;2021-03-22;2937;368;94627;34086;7.6;2.7
95;2021-03-23;3433;458;98060;34544;7.9;2.8
95;2021-03-24;3942;518;102002;35062;8.2;2.8
95;2021-03-25;5857;654;107859;35716;8.6;2.9
95;2021-03-26;5429;686;113288;36402;9.1;2.9
95;2021-03-27;3749;220;117037;36622;9.4;2.9
95;2021-03-28;1533;118;118570;36740;9.5;2.9
95;2021-03-29;2893;578;121463;37318;9.7;3.0
95;2021-03-30;3885;1241;125348;38559;10.0;3.1
95;2021-03-31;3658;1670;129006;40229;10.3;3.2
95;2021-04-01;5481;2276;134487;42505;10.8;3.4
95;2021-04-02;3561;2765;138048;45270;11.1;3.6
95;2021-04-03;2092;2488;140140;47758;11.2;3.8
95;2021-04-04;1245;1201;141385;48959;11.3;3.9
95;2021-04-05;594;64;141979;49023;11.4;3.9
95;2021-04-06;1856;1538;143835;50561;11.5;4.1
95;2021-04-07;4950;2187;148785;52748;11.9;4.2
95;2021-04-08;4897;2465;153682;55213;12.3;4.4
95;2021-04-09;5434;2339;159116;57552;12.7;4.6
95;2021-04-10;3709;1435;162825;58987;13.0;4.7
95;2021-04-11;1566;1037;164391;60024;13.2;4.8
95;2021-04-12;3252;1622;167643;61646;13.4;4.9
95;2021-04-13;3141;1688;170784;63334;13.7;5.1
95;2021-04-14;2751;1994;173535;65328;13.9;5.2
95;2021-04-15;3899;3340;177434;68668;14.2;5.5
95;2021-04-16;4064;3034;181498;71702;14.5;5.7
95;2021-04-17;2375;1757;183873;73459;14.7;5.9
95;2021-04-18;1508;1021;185381;74480;14.9;6.0
95;2021-04-19;2568;2372;187949;76852;15.1;6.2
95;2021-04-20;2121;2455;190070;79307;15.2;6.4
95;2021-04-21;3931;2635;194001;81942;15.5;6.6
95;2021-04-22;3412;4629;197413;86571;15.8;6.9
95;2021-04-23;2767;3564;200180;90135;16.0;7.2
95;2021-04-24;3570;2589;203750;92724;16.3;7.4
95;2021-04-25;1961;1549;205711;94273;16.5;7.6
95;2021-04-26;2751;2707;208462;96980;16.7;7.8
95;2021-04-27;3850;2177;212312;99157;17.0;7.9
95;2021-04-28;3889;2672;216201;101829;17.3;8.2
95;2021-04-29;6141;4551;222342;106380;17.8;8.5
95;2021-04-30;6902;2936;229244;109316;18.4;8.8
95;2021-05-01;2368;917;231612;110233;18.6;8.8
95;2021-05-02;2447;1498;234059;111731;18.7;9.0
95;2021-05-03;5125;1927;239184;113658;19.2;9.1
95;2021-05-04;6354;2722;245538;116380;19.7;9.3
95;2021-05-05;5146;3809;250684;120189;20.1;9.6
95;2021-05-06;8203;4926;258887;125115;20.7;10.0
95;2021-05-07;5776;4754;264663;129869;21.2;10.4
95;2021-05-08;5741;1531;270404;131400;21.7;10.5
95;2021-05-09;2827;1584;273231;132984;21.9;10.7
95;2021-05-10;9963;3188;283194;136172;22.7;10.9
95;2021-05-11;8448;3460;291642;139632;23.4;11.2
95;2021-05-12;9462;3221;301104;142853;24.1;11.4
95;2021-05-13;7956;1206;309060;144059;24.8;11.5
95;2021-05-14;7015;1910;316075;145969;25.3;11.7
95;2021-05-15;4512;1070;320587;147039;25.7;11.8
95;2021-05-16;4823;834;325410;147873;26.1;11.8
95;2021-05-17;7740;1348;333150;149221;26.7;12.0
95;2021-05-18;9468;1861;342618;151082;27.4;12.1
95;2021-05-19;9244;2508;351862;153590;28.2;12.3
95;2021-05-20;12584;2447;364446;156037;29.2;12.5
95;2021-05-21;10178;2540;374624;158577;30.0;12.7
95;2021-05-22;9399;1562;384023;160139;30.8;12.8
95;2021-05-23;4142;953;388165;161092;31.1;12.9
95;2021-05-24;2398;537;390563;161629;31.3;12.9
95;2021-05-25;7212;2082;397775;163711;31.9;13.1
95;2021-05-26;8850;3126;406625;166837;32.6;13.4
95;2021-05-27;10363;4433;416988;171270;33.4;13.7
95;2021-05-28;7687;4424;424675;175694;34.0;14.1
95;2021-05-29;5265;2764;429940;178458;34.4;14.3
95;2021-05-30;3732;1699;433672;180157;34.7;14.4
95;2021-05-31;6430;3326;440102;183483;35.3;14.7
95;2021-06-01;8784;3811;448886;187294;36.0;15.0
95;2021-06-02;8797;4744;457683;192038;36.7;15.4
95;2021-06-03;8526;6559;466209;198597;37.3;15.9
95;2021-06-04;8884;4405;475093;203002;38.1;16.3
95;2021-06-05;8341;3745;483434;206747;38.7;16.6
95;2021-06-06;4834;1613;488268;208360;39.1;16.7
95;2021-06-07;6059;4541;494327;212901;39.6;17.1
95;2021-06-08;6553;5518;500880;218419;40.1;17.5
95;2021-06-09;6266;6471;507146;224890;40.6;18.0
95;2021-06-10;6433;6816;513579;231706;41.1;18.6
95;2021-06-11;7232;6441;520811;238147;41.7;19.1
95;2021-06-12;6007;4376;526818;242523;42.2;19.4
95;2021-06-13;2084;3285;528902;245808;42.4;19.7
95;2021-06-14;5371;5989;534273;251797;42.8;20.2
95;2021-06-15;5747;8072;540020;259869;43.3;20.8
95;2021-06-16;5490;7534;545510;267403;43.7;21.4
95;2021-06-17;6607;8159;552117;275562;44.2;22.1
95;2021-06-18;5834;7858;557951;283420;44.7;22.7
95;2021-06-19;4969;8925;562920;292345;45.1;23.4
95;2021-06-20;1430;3311;564350;295656;45.2;23.7
95;2021-06-21;3542;7717;567892;303373;45.5;24.3
95;2021-06-22;5071;9047;572963;312420;45.9;25.0
95;2021-06-23;4780;10875;577743;323295;46.3;25.9
95;2021-06-24;4939;10722;582682;334017;46.7;26.8
95;2021-06-25;4889;10359;587571;344376;47.1;27.6
95;2021-06-26;4324;8483;591895;352859;47.4;28.3
95;2021-06-27;1032;3992;592927;356851;47.5;28.6
95;2021-06-28;2742;9491;595669;366342;47.7;29.3
95;2021-06-29;2535;8790;598204;375132;47.9;30.1
95;2021-06-30;3953;9991;602157;385123;48.2;30.9
95;2021-07-01;4554;11165;606711;396288;48.6;31.7
95;2021-07-02;4269;10550;610980;406838;48.9;32.6
95;2021-07-03;3538;9154;614518;415992;49.2;33.3
95;2021-07-04;1274;3403;615792;419395;49.3;33.6
95;2021-07-05;2351;4375;618143;423770;49.5;33.9
95;2021-07-06;2672;7749;620815;431519;49.7;34.6
95;2021-07-07;3960;9624;624775;441143;50.0;35.3
95;2021-07-08;5314;9817;630089;450960;50.5;36.1
95;2021-07-09;4553;10077;634642;461037;50.8;36.9
95;2021-07-10;3397;7389;638039;468426;51.1;37.5
95;2021-07-11;1525;3601;639564;472027;51.2;37.8
95;2021-07-12;2981;9681;642545;481708;51.5;38.6
95;2021-07-13;5054;10064;647599;491772;51.9;39.4
95;2021-07-14;4424;5729;652023;497501;52.2;39.9
95;2021-07-15;7388;12351;659411;509852;52.8;40.8
95;2021-07-16;7973;11984;667384;521836;53.5;41.8
95;2021-07-17;5053;7816;672437;529652;53.9;42.4
95;2021-07-18;3480;2900;675917;532552;54.1;42.7
95;2021-07-19;4834;6862;680751;539414;54.5;43.2
95;2021-07-20;6935;8376;687686;547790;55.1;43.9
95;2021-07-21;9231;9440;696917;557230;55.8;44.6
95;2021-07-22;10109;9703;707026;566933;56.6;45.4
95;2021-07-23;10879;10199;717905;577132;57.5;46.2
95;2021-07-24;5251;6233;723156;583365;57.9;46.7
95;2021-07-25;2209;2280;725365;585645;58.1;46.9
95;2021-07-26;4502;4011;729867;589656;58.5;47.2
95;2021-07-27;8452;7044;738319;596700;59.1;47.8
95;2021-07-28;9675;7543;747994;604243;59.9;48.4
95;2021-07-29;8393;5463;756387;609706;60.6;48.8
95;2021-07-30;8460;7764;764847;617470;61.3;49.5
95;2021-07-31;4222;4115;769069;621585;61.6;49.8
95;2021-08-01;2288;1369;771357;622954;61.8;49.9
95;2021-08-02;4102;3902;775459;626856;62.1;50.2
95;2021-08-03;6069;5514;781528;632370;62.6;50.7
95;2021-08-04;6412;6068;787940;638438;63.1;51.1
95;2021-08-05;6801;5722;794741;644160;63.7;51.6
95;2021-08-06;6453;7069;801194;651229;64.2;52.2
95;2021-08-07;2824;3201;804018;654430;64.4;52.4
95;2021-08-08;1326;1883;805344;656313;64.5;52.6
95;2021-08-09;3875;5036;809219;661349;64.8;53.0
95;2021-08-10;5186;5845;814405;667194;65.2;53.4
95;2021-08-11;5314;6546;819719;673740;65.7;54.0
95;2021-08-12;5181;6341;824900;680081;66.1;54.5
95;2021-08-13;3784;5450;828684;685531;66.4;54.9
95;2021-08-14;3540;3309;832224;688840;66.7;55.2
95;2021-08-15;269;349;832493;689189;66.7;55.2
95;2021-08-16;2786;6035;835279;695224;66.9;55.7
95;2021-08-17;3548;7243;838827;702467;67.2;56.3
95;2021-08-18;4210;8058;843037;710525;67.5;56.9
95;2021-08-19;3678;6550;846715;717075;67.8;57.4
95;2021-08-20;3739;7904;850454;724979;68.1;58.1
95;2021-08-21;2688;4272;853142;729251;68.3;58.4
95;2021-08-22;821;2380;853963;731631;68.4;58.6
95;2021-08-23;2409;5619;856372;737250;68.6;59.1
971;2020-12-27;0;0;0;0;0.0;0.0
971;2020-12-28;0;0;0;0;0.0;0.0
971;2020-12-29;0;0;0;0;0.0;0.0
971;2020-12-30;0;0;0;0;0.0;0.0
971;2020-12-31;0;0;0;0;0.0;0.0
971;2021-01-01;1;0;1;0;0.0;0.0
971;2021-01-02;0;0;1;0;0.0;0.0
971;2021-01-03;0;0;1;0;0.0;0.0
971;2021-01-04;1;0;2;0;0.0;0.0
971;2021-01-05;0;0;2;0;0.0;0.0
971;2021-01-06;1;0;3;0;0.0;0.0
971;2021-01-07;0;0;3;0;0.0;0.0
971;2021-01-08;56;1;59;1;0.0;0.0
971;2021-01-09;20;0;79;1;0.0;0.0
971;2021-01-10;0;0;79;1;0.0;0.0
971;2021-01-11;60;0;139;1;0.0;0.0
971;2021-01-12;45;0;184;1;0.0;0.0
971;2021-01-13;47;1;231;2;0.1;0.0
971;2021-01-14;63;0;294;2;0.1;0.0
971;2021-01-15;77;0;371;2;0.1;0.0
971;2021-01-16;0;0;371;2;0.1;0.0
971;2021-01-17;0;0;371;2;0.1;0.0
971;2021-01-18;80;1;451;3;0.1;0.0
971;2021-01-19;145;0;596;3;0.2;0.0
971;2021-01-20;135;0;731;3;0.2;0.0
971;2021-01-21;154;1;885;4;0.2;0.0
971;2021-01-22;135;0;1020;4;0.3;0.0
971;2021-01-23;1;0;1021;4;0.3;0.0
971;2021-01-24;0;0;1021;4;0.3;0.0
971;2021-01-25;202;1;1223;5;0.3;0.0
971;2021-01-26;217;1;1440;6;0.4;0.0
971;2021-01-27;236;0;1676;6;0.4;0.0
971;2021-01-28;241;4;1917;10;0.5;0.0
971;2021-01-29;197;2;2114;12;0.6;0.0
971;2021-01-30;24;0;2138;12;0.6;0.0
971;2021-01-31;1;0;2139;12;0.6;0.0
971;2021-02-01;229;4;2368;16;0.6;0.0
971;2021-02-02;243;24;2611;40;0.7;0.0
971;2021-02-03;225;3;2836;43;0.8;0.0
971;2021-02-04;302;23;3138;66;0.8;0.0
971;2021-02-05;278;33;3416;99;0.9;0.0
971;2021-02-06;49;1;3465;100;0.9;0.0
971;2021-02-07;0;0;3465;100;0.9;0.0
971;2021-02-08;256;22;3721;122;1.0;0.0
971;2021-02-09;316;28;4037;150;1.1;0.0
971;2021-02-10;245;29;4282;179;1.1;0.0
971;2021-02-11;297;111;4579;290;1.2;0.1
971;2021-02-12;288;27;4867;317;1.3;0.1
971;2021-02-13;50;7;4917;324;1.3;0.1
971;2021-02-14;19;36;4936;360;1.3;0.1
971;2021-02-15;85;46;5021;406;1.3;0.1
971;2021-02-16;16;1;5037;407;1.3;0.1
971;2021-02-17;17;1;5054;408;1.3;0.1
971;2021-02-18;246;16;5300;424;1.4;0.1
971;2021-02-19;245;21;5545;445;1.5;0.1
971;2021-02-20;49;0;5594;445;1.5;0.1
971;2021-02-21;1;0;5595;445;1.5;0.1
971;2021-02-22;182;65;5777;510;1.5;0.1
971;2021-02-23;199;74;5976;584;1.6;0.2
971;2021-02-24;336;126;6312;710;1.7;0.2
971;2021-02-25;378;81;6690;791;1.8;0.2
971;2021-02-26;224;84;6914;875;1.8;0.2
971;2021-02-27;65;0;6979;875;1.9;0.2
971;2021-02-28;1;0;6980;875;1.9;0.2
971;2021-03-01;172;82;7152;957;1.9;0.3
971;2021-03-02;274;134;7426;1091;2.0;0.3
971;2021-03-03;240;121;7666;1212;2.0;0.3
971;2021-03-04;328;85;7994;1297;2.1;0.3
971;2021-03-05;365;152;8359;1449;2.2;0.4
971;2021-03-06;599;9;8958;1458;2.4;0.4
971;2021-03-07;1;0;8959;1458;2.4;0.4
971;2021-03-08;319;140;9278;1598;2.5;0.4
971;2021-03-09;387;156;9665;1754;2.6;0.5
971;2021-03-10;424;163;10089;1917;2.7;0.5
971;2021-03-11;123;46;10212;1963;2.7;0.5
971;2021-03-12;506;228;10718;2191;2.8;0.6
971;2021-03-13;137;3;10855;2194;2.9;0.6
971;2021-03-14;14;23;10869;2217;2.9;0.6
971;2021-03-15;425;46;11294;2263;3.0;0.6
971;2021-03-16;485;84;11779;2347;3.1;0.6
971;2021-03-17;471;73;12250;2420;3.3;0.6
971;2021-03-18;583;85;12833;2505;3.4;0.7
971;2021-03-19;582;91;13415;2596;3.6;0.7
971;2021-03-20;177;19;13592;2615;3.6;0.7
971;2021-03-21;8;0;13600;2615;3.6;0.7
971;2021-03-22;358;88;13958;2703;3.7;0.7
971;2021-03-23;538;157;14496;2860;3.8;0.8
971;2021-03-24;472;109;14968;2969;4.0;0.8
971;2021-03-25;759;183;15727;3152;4.2;0.8
971;2021-03-26;644;123;16371;3275;4.3;0.9
971;2021-03-27;290;35;16661;3310;4.4;0.9
971;2021-03-28;24;2;16685;3312;4.4;0.9
971;2021-03-29;384;83;17069;3395;4.5;0.9
971;2021-03-30;624;164;17693;3559;4.7;0.9
971;2021-03-31;546;133;18239;3692;4.8;1.0
971;2021-04-01;660;198;18899;3890;5.0;1.0
971;2021-04-02;38;35;18937;3925;5.0;1.0
971;2021-04-03;58;2;18995;3927;5.0;1.0
971;2021-04-04;4;18;18999;3945;5.0;1.0
971;2021-04-05;13;0;19012;3945;5.0;1.0
971;2021-04-06;481;193;19493;4138;5.2;1.1
971;2021-04-07;579;118;20072;4256;5.3;1.1
971;2021-04-08;514;159;20586;4415;5.5;1.2
971;2021-04-09;490;210;21076;4625;5.6;1.2
971;2021-04-10;101;5;21177;4630;5.6;1.2
971;2021-04-11;8;12;21185;4642;5.6;1.2
971;2021-04-12;304;263;21489;4905;5.7;1.3
971;2021-04-13;555;325;22044;5230;5.8;1.4
971;2021-04-14;438;226;22482;5456;6.0;1.4
971;2021-04-15;553;312;23035;5768;6.1;1.5
971;2021-04-16;564;274;23599;6042;6.3;1.6
971;2021-04-17;211;4;23810;6046;6.3;1.6
971;2021-04-18;6;14;23816;6060;6.3;1.6
971;2021-04-19;404;243;24220;6303;6.4;1.7
971;2021-04-20;726;347;24946;6650;6.6;1.8
971;2021-04-21;625;316;25571;6966;6.8;1.8
971;2021-04-22;811;336;26382;7302;7.0;1.9
971;2021-04-23;846;250;27228;7552;7.2;2.0
971;2021-04-24;389;75;27617;7627;7.3;2.0
971;2021-04-25;601;64;28218;7691;7.5;2.0
971;2021-04-26;967;217;29185;7908;7.7;2.1
971;2021-04-27;708;236;29893;8144;7.9;2.2
971;2021-04-28;864;267;30757;8411;8.2;2.2
971;2021-04-29;1202;207;31959;8618;8.5;2.3
971;2021-04-30;1269;186;33228;8804;8.8;2.3
971;2021-05-01;604;42;33832;8846;9.0;2.3
971;2021-05-02;355;18;34187;8864;9.1;2.4
971;2021-05-03;920;188;35107;9052;9.3;2.4
971;2021-05-04;959;206;36066;9258;9.6;2.5
971;2021-05-05;1014;252;37080;9510;9.8;2.5
971;2021-05-06;1146;176;38226;9686;10.1;2.6
971;2021-05-07;1262;272;39488;9958;10.5;2.6
971;2021-05-08;322;36;39810;9994;10.6;2.7
971;2021-05-09;183;10;39993;10004;10.6;2.7
971;2021-05-10;840;217;40833;10221;10.8;2.7
971;2021-05-11;964;317;41797;10538;11.1;2.8
971;2021-05-12;907;325;42704;10863;11.3;2.9
971;2021-05-13;211;79;42915;10942;11.4;2.9
971;2021-05-14;862;275;43777;11217;11.6;3.0
971;2021-05-15;486;15;44263;11232;11.7;3.0
971;2021-05-16;182;36;44445;11268;11.8;3.0
971;2021-05-17;720;278;45165;11546;12.0;3.1
971;2021-05-18;743;389;45908;11935;12.2;3.2
971;2021-05-19;700;531;46608;12466;12.4;3.3
971;2021-05-20;807;378;47415;12844;12.6;3.4
971;2021-05-21;824;409;48239;13253;12.8;3.5
971;2021-05-22;504;216;48743;13469;12.9;3.6
971;2021-05-23;201;114;48944;13583;13.0;3.6
971;2021-05-24;201;174;49145;13757;13.0;3.7
971;2021-05-25;548;664;49693;14421;13.2;3.8
971;2021-05-26;595;493;50288;14914;13.3;4.0
971;2021-05-27;132;183;50420;15097;13.4;4.0
971;2021-05-28;518;528;50938;15625;13.5;4.1
971;2021-05-29;237;139;51175;15764;13.6;4.2
971;2021-05-30;75;113;51250;15877;13.6;4.2
971;2021-05-31;449;537;51699;16414;13.7;4.4
971;2021-06-01;592;710;52291;17124;13.9;4.5
971;2021-06-02;577;707;52868;17831;14.0;4.7
971;2021-06-03;507;563;53375;18394;14.2;4.9
971;2021-06-04;808;805;54183;19199;14.4;5.1
971;2021-06-05;317;645;54500;19844;14.5;5.3
971;2021-06-06;139;531;54639;20375;14.5;5.4
971;2021-06-07;420;783;55059;21158;14.6;5.6
971;2021-06-08;497;894;55556;22052;14.7;5.9
971;2021-06-09;503;862;56059;22914;14.9;6.1
971;2021-06-10;537;848;56596;23762;15.0;6.3
971;2021-06-11;467;1243;57063;25005;15.1;6.6
971;2021-06-12;299;659;57362;25664;15.2;6.8
971;2021-06-13;128;313;57490;25977;15.3;6.9
971;2021-06-14;372;3786;57862;29763;15.4;7.9
971;2021-06-15;483;2000;58345;31763;15.5;8.4
971;2021-06-16;478;1477;58823;33240;15.6;8.8
971;2021-06-17;431;1013;59254;34253;15.7;9.1
971;2021-06-18;480;1019;59734;35272;15.8;9.4
971;2021-06-19;316;509;60050;35781;15.9;9.5
971;2021-06-20;111;231;60161;36012;16.0;9.6
971;2021-06-21;336;679;60497;36691;16.1;9.7
971;2021-06-22;330;873;60827;37564;16.1;10.0
971;2021-06-23;368;891;61195;38455;16.2;10.2
971;2021-06-24;416;734;61611;39189;16.3;10.4
971;2021-06-25;453;761;62064;39950;16.5;10.6
971;2021-06-26;301;514;62365;40464;16.5;10.7
971;2021-06-27;116;149;62481;40613;16.6;10.8
971;2021-06-28;303;688;62784;41301;16.7;11.0
971;2021-06-29;382;783;63166;42084;16.8;11.2
971;2021-06-30;437;923;63603;43007;16.9;11.4
971;2021-07-01;361;650;63964;43657;17.0;11.6
971;2021-07-02;423;693;64387;44350;17.1;11.8
971;2021-07-03;275;466;64662;44816;17.2;11.9
971;2021-07-04;112;239;64774;45055;17.2;12.0
971;2021-07-05;328;510;65102;45565;17.3;12.1
971;2021-07-06;381;768;65483;46333;17.4;12.3
971;2021-07-07;377;844;65860;47177;17.5;12.5
971;2021-07-08;412;790;66272;47967;17.6;12.7
971;2021-07-09;432;795;66704;48762;17.7;12.9
971;2021-07-10;245;294;66949;49056;17.8;13.0
971;2021-07-11;170;136;67119;49192;17.8;13.1
971;2021-07-12;477;607;67596;49799;17.9;13.2
971;2021-07-13;864;1008;68460;50807;18.2;13.5
971;2021-07-14;473;282;68933;51089;18.3;13.6
971;2021-07-15;871;842;69804;51931;18.5;13.8
971;2021-07-16;1087;1038;70891;52969;18.8;14.1
971;2021-07-17;649;443;71540;53412;19.0;14.2
971;2021-07-18;400;217;71940;53629;19.1;14.2
971;2021-07-19;574;580;72514;54209;19.2;14.4
971;2021-07-20;825;733;73339;54942;19.5;14.6
971;2021-07-21;763;496;74102;55438;19.7;14.7
971;2021-07-22;975;871;75077;56309;19.9;14.9
971;2021-07-23;1017;757;76094;57066;20.2;15.1
971;2021-07-24;415;381;76509;57447;20.3;15.2
971;2021-07-25;248;259;76757;57706;20.4;15.3
971;2021-07-26;634;559;77391;58265;20.5;15.5
971;2021-07-27;830;577;78221;58842;20.8;15.6
971;2021-07-28;783;648;79004;59490;21.0;15.8
971;2021-07-29;894;659;79898;60149;21.2;16.0
971;2021-07-30;1291;748;81189;60897;21.5;16.2
971;2021-07-31;553;411;81742;61308;21.7;16.3
971;2021-08-01;308;247;82050;61555;21.8;16.3
971;2021-08-02;749;420;82799;61975;22.0;16.4
971;2021-08-03;717;669;83516;62644;22.2;16.6
971;2021-08-04;657;665;84173;63309;22.3;16.8
971;2021-08-05;617;581;84790;63890;22.5;17.0
971;2021-08-06;897;632;85687;64522;22.7;17.1
971;2021-08-07;447;391;86134;64913;22.9;17.2
971;2021-08-08;271;313;86405;65226;22.9;17.3
971;2021-08-09;581;586;86986;65812;23.1;17.5
971;2021-08-10;738;800;87724;66612;23.3;17.7
971;2021-08-11;917;788;88641;67400;23.5;17.9
971;2021-08-12;932;788;89573;68188;23.8;18.1
971;2021-08-13;889;438;90462;68626;24.0;18.2
971;2021-08-14;618;696;91080;69322;24.2;18.4
971;2021-08-15;435;410;91515;69732;24.3;18.5
971;2021-08-16;750;733;92265;70465;24.5;18.7
971;2021-08-17;860;866;93125;71331;24.7;18.9
971;2021-08-18;1215;957;94340;72288;25.0;19.2
971;2021-08-19;1260;917;95600;73205;25.4;19.4
971;2021-08-20;1446;1029;97046;74234;25.7;19.7
971;2021-08-21;697;508;97743;74742;25.9;19.8
971;2021-08-22;349;269;98092;75011;26.0;19.9
971;2021-08-23;791;616;98883;75627;26.2;20.1
972;2020-12-27;0;0;0;0;0.0;0.0
972;2020-12-28;0;0;0;0;0.0;0.0
972;2020-12-29;0;0;0;0;0.0;0.0
972;2020-12-30;0;0;0;0;0.0;0.0
972;2020-12-31;0;0;0;0;0.0;0.0
972;2021-01-01;0;0;0;0;0.0;0.0
972;2021-01-02;0;0;0;0;0.0;0.0
972;2021-01-03;0;0;0;0;0.0;0.0
972;2021-01-04;0;0;0;0;0.0;0.0
972;2021-01-05;0;0;0;0;0.0;0.0
972;2021-01-06;5;0;5;0;0.0;0.0
972;2021-01-07;31;0;36;0;0.0;0.0
972;2021-01-08;90;1;126;1;0.0;0.0
972;2021-01-09;20;0;146;1;0.0;0.0
972;2021-01-10;0;0;146;1;0.0;0.0
972;2021-01-11;122;0;268;1;0.1;0.0
972;2021-01-12;79;0;347;1;0.1;0.0
972;2021-01-13;65;0;412;1;0.1;0.0
972;2021-01-14;88;1;500;2;0.1;0.0
972;2021-01-15;164;0;664;2;0.2;0.0
972;2021-01-16;51;0;715;2;0.2;0.0
972;2021-01-17;0;0;715;2;0.2;0.0
972;2021-01-18;158;0;873;2;0.2;0.0
972;2021-01-19;168;1;1041;3;0.3;0.0
972;2021-01-20;170;0;1211;3;0.3;0.0
972;2021-01-21;181;2;1392;5;0.4;0.0
972;2021-01-22;173;0;1565;5;0.4;0.0
972;2021-01-23;58;0;1623;5;0.5;0.0
972;2021-01-24;0;0;1623;5;0.5;0.0
972;2021-01-25;161;0;1784;5;0.5;0.0
972;2021-01-26;137;1;1921;6;0.5;0.0
972;2021-01-27;163;5;2084;11;0.6;0.0
972;2021-01-28;152;12;2236;23;0.6;0.0
972;2021-01-29;143;41;2379;64;0.7;0.0
972;2021-01-30;96;16;2475;80;0.7;0.0
972;2021-01-31;0;0;2475;80;0.7;0.0
972;2021-02-01;119;73;2594;153;0.7;0.0
972;2021-02-02;184;96;2778;249;0.8;0.1
972;2021-02-03;132;78;2910;327;0.8;0.1
972;2021-02-04;160;71;3070;398;0.9;0.1
972;2021-02-05;123;96;3193;494;0.9;0.1
972;2021-02-06;62;26;3255;520;0.9;0.1
972;2021-02-07;1;0;3256;520;0.9;0.1
972;2021-02-08;137;79;3393;599;0.9;0.2
972;2021-02-09;176;77;3569;676;1.0;0.2
972;2021-02-10;153;90;3722;766;1.0;0.2
972;2021-02-11;150;101;3872;867;1.1;0.2
972;2021-02-12;148;130;4020;997;1.1;0.3
972;2021-02-13;47;37;4067;1034;1.1;0.3
972;2021-02-14;0;0;4067;1034;1.1;0.3
972;2021-02-15;51;67;4118;1101;1.1;0.3
972;2021-02-16;0;1;4118;1102;1.1;0.3
972;2021-02-17;1;3;4119;1105;1.1;0.3
972;2021-02-18;69;127;4188;1232;1.2;0.3
972;2021-02-19;69;131;4257;1363;1.2;0.4
972;2021-02-20;48;68;4305;1431;1.2;0.4
972;2021-02-21;0;0;4305;1431;1.2;0.4
972;2021-02-22;102;60;4407;1491;1.2;0.4
972;2021-02-23;113;237;4520;1728;1.3;0.5
972;2021-02-24;106;221;4626;1949;1.3;0.5
972;2021-02-25;93;150;4719;2099;1.3;0.6
972;2021-02-26;132;168;4851;2267;1.4;0.6
972;2021-02-27;69;52;4920;2319;1.4;0.6
972;2021-02-28;0;0;4920;2319;1.4;0.6
972;2021-03-01;137;144;5057;2463;1.4;0.7
972;2021-03-02;158;79;5215;2542;1.5;0.7
972;2021-03-03;179;145;5394;2687;1.5;0.7
972;2021-03-04;152;135;5546;2822;1.5;0.8
972;2021-03-05;238;128;5784;2950;1.6;0.8
972;2021-03-06;119;58;5903;3008;1.6;0.8
972;2021-03-07;100;3;6003;3011;1.7;0.8
972;2021-03-08;196;133;6199;3144;1.7;0.9
972;2021-03-09;283;100;6482;3244;1.8;0.9
972;2021-03-10;322;134;6804;3378;1.9;0.9
972;2021-03-11;336;81;7140;3459;2.0;1.0
972;2021-03-12;413;55;7553;3514;2.1;1.0
972;2021-03-13;155;21;7708;3535;2.1;1.0
972;2021-03-14;4;1;7712;3536;2.1;1.0
972;2021-03-15;277;90;7989;3626;2.2;1.0
972;2021-03-16;305;56;8294;3682;2.3;1.0
972;2021-03-17;388;48;8682;3730;2.4;1.0
972;2021-03-18;435;44;9117;3774;2.5;1.1
972;2021-03-19;401;63;9518;3837;2.7;1.1
972;2021-03-20;149;48;9667;3885;2.7;1.1
972;2021-03-21;25;1;9692;3886;2.7;1.1
972;2021-03-22;362;118;10054;4004;2.8;1.1
972;2021-03-23;403;122;10457;4126;2.9;1.2
972;2021-03-24;429;108;10886;4234;3.0;1.2
972;2021-03-25;485;99;11371;4333;3.2;1.2
972;2021-03-26;634;102;12005;4435;3.3;1.2
972;2021-03-27;154;71;12159;4506;3.4;1.3
972;2021-03-28;81;2;12240;4508;3.4;1.3
972;2021-03-29;422;164;12662;4672;3.5;1.3
972;2021-03-30;469;244;13131;4916;3.7;1.4
972;2021-03-31;1150;192;14281;5108;4.0;1.4
972;2021-04-01;955;172;15236;5280;4.2;1.5
972;2021-04-02;895;14;16131;5294;4.5;1.5
972;2021-04-03;788;55;16919;5349;4.7;1.5
972;2021-04-04;751;13;17670;5362;4.9;1.5
972;2021-04-05;829;45;18499;5407;5.2;1.5
972;2021-04-06;885;136;19384;5543;5.4;1.5
972;2021-04-07;1436;326;20820;5869;5.8;1.6
972;2021-04-08;1308;271;22128;6140;6.2;1.7
972;2021-04-09;1240;316;23368;6456;6.5;1.8
972;2021-04-10;838;165;24206;6621;6.7;1.8
972;2021-04-11;620;14;24826;6635;6.9;1.8
972;2021-04-12;867;317;25693;6952;7.2;1.9
972;2021-04-13;881;327;26574;7279;7.4;2.0
972;2021-04-14;960;321;27534;7600;7.7;2.1
972;2021-04-15;959;298;28493;7898;7.9;2.2
972;2021-04-16;995;300;29488;8198;8.2;2.3
972;2021-04-17;530;161;30018;8359;8.4;2.3
972;2021-04-18;339;56;30357;8415;8.5;2.3
972;2021-04-19;668;343;31025;8758;8.6;2.4
972;2021-04-20;868;309;31893;9067;8.9;2.5
972;2021-04-21;1002;354;32895;9421;9.2;2.6
972;2021-04-22;605;312;33500;9733;9.3;2.7
972;2021-04-23;613;465;34113;10198;9.5;2.8
972;2021-04-24;363;197;34476;10395;9.6;2.9
972;2021-04-25;168;199;34644;10594;9.7;3.0
972;2021-04-26;516;541;35160;11135;9.8;3.1
972;2021-04-27;568;608;35728;11743;10.0;3.3
972;2021-04-28;448;691;36176;12434;10.1;3.5
972;2021-04-29;653;642;36829;13076;10.3;3.6
972;2021-04-30;771;687;37600;13763;10.5;3.8
972;2021-05-01;244;246;37844;14009;10.5;3.9
972;2021-05-02;227;513;38071;14522;10.6;4.0
972;2021-05-03;569;771;38640;15293;10.8;4.3
972;2021-05-04;526;678;39166;15971;10.9;4.5
972;2021-05-05;548;896;39714;16867;11.1;4.7
972;2021-05-06;546;785;40260;17652;11.2;4.9
972;2021-05-07;629;1014;40889;18666;11.4;5.2
972;2021-05-08;226;526;41115;19192;11.5;5.3
972;2021-05-09;172;506;41287;19698;11.5;5.5
972;2021-05-10;519;856;41806;20554;11.7;5.7
972;2021-05-11;476;871;42282;21425;11.8;6.0
972;2021-05-12;559;910;42841;22335;11.9;6.2
972;2021-05-13;274;533;43115;22868;12.0;6.4
972;2021-05-14;389;752;43504;23620;12.1;6.6
972;2021-05-15;233;578;43737;24198;12.2;6.7
972;2021-05-16;155;442;43892;24640;12.2;6.9
972;2021-05-17;474;753;44366;25393;12.4;7.1
972;2021-05-18;446;680;44812;26073;12.5;7.3
972;2021-05-19;453;743;45265;26816;12.6;7.5
972;2021-05-20;594;500;45859;27316;12.8;7.6
972;2021-05-21;545;704;46404;28020;12.9;7.8
972;2021-05-22;186;364;46590;28384;13.0;7.9
972;2021-05-23;111;182;46701;28566;13.0;8.0
972;2021-05-24;136;241;46837;28807;13.1;8.0
972;2021-05-25;351;698;47188;29505;13.2;8.2
972;2021-05-26;382;714;47570;30219;13.3;8.4
972;2021-05-27;270;647;47840;30866;13.3;8.6
972;2021-05-28;279;816;48119;31682;13.4;8.8
972;2021-05-29;154;513;48273;32195;13.5;9.0
972;2021-05-30;17;33;48290;32228;13.5;9.0
972;2021-05-31;347;682;48637;32910;13.6;9.2
972;2021-06-01;300;547;48937;33457;13.6;9.3
972;2021-06-02;325;575;49262;34032;13.7;9.5
972;2021-06-03;247;425;49509;34457;13.8;9.6
972;2021-06-04;350;643;49859;35100;13.9;9.8
972;2021-06-05;260;373;50119;35473;14.0;9.9
972;2021-06-06;25;32;50144;35505;14.0;9.9
972;2021-06-07;260;736;50404;36241;14.0;10.1
972;2021-06-08;256;589;50660;36830;14.1;10.3
972;2021-06-09;303;699;50963;37529;14.2;10.5
972;2021-06-10;307;453;51270;37982;14.3;10.6
972;2021-06-11;361;534;51631;38516;14.4;10.7
972;2021-06-12;246;322;51877;38838;14.5;10.8
972;2021-06-13;32;29;51909;38867;14.5;10.8
972;2021-06-14;367;551;52276;39418;14.6;11.0
972;2021-06-15;410;488;52686;39906;14.7;11.1
972;2021-06-16;436;436;53122;40342;14.8;11.2
972;2021-06-17;355;576;53477;40918;14.9;11.4
972;2021-06-18;458;538;53935;41456;15.0;11.6
972;2021-06-19;225;196;54160;41652;15.1;11.6
972;2021-06-20;25;17;54185;41669;15.1;11.6
972;2021-06-21;332;581;54517;42250;15.2;11.8
972;2021-06-22;297;464;54814;42714;15.3;11.9
972;2021-06-23;425;562;55239;43276;15.4;12.1
972;2021-06-24;327;437;55566;43713;15.5;12.2
972;2021-06-25;313;387;55879;44100;15.6;12.3
972;2021-06-26;221;201;56100;44301;15.6;12.3
972;2021-06-27;16;23;56116;44324;15.6;12.4
972;2021-06-28;337;425;56453;44749;15.7;12.5
972;2021-06-29;329;431;56782;45180;15.8;12.6
972;2021-06-30;441;421;57223;45601;16.0;12.7
972;2021-07-01;350;393;57573;45994;16.0;12.8
972;2021-07-02;124;201;57697;46195;16.1;12.9
972;2021-07-03;100;118;57797;46313;16.1;12.9
972;2021-07-04;24;36;57821;46349;16.1;12.9
972;2021-07-05;494;580;58315;46929;16.3;13.1
972;2021-07-06;486;428;58801;47357;16.4;13.2
972;2021-07-07;611;493;59412;47850;16.6;13.3
972;2021-07-08;494;422;59906;48272;16.7;13.5
972;2021-07-09;626;582;60532;48854;16.9;13.6
972;2021-07-10;404;308;60936;49162;17.0;13.7
972;2021-07-11;52;38;60988;49200;17.0;13.7
972;2021-07-12;847;698;61835;49898;17.2;13.9
972;2021-07-13;1472;710;63307;50608;17.6;14.1
972;2021-07-14;133;63;63440;50671;17.7;14.1
972;2021-07-15;1604;680;65044;51351;18.1;14.3
972;2021-07-16;1638;656;66682;52007;18.6;14.5
972;2021-07-17;1096;369;67778;52376;18.9;14.6
972;2021-07-18;56;39;67834;52415;18.9;14.6
972;2021-07-19;1142;653;68976;53068;19.2;14.8
972;2021-07-20;1131;576;70107;53644;19.5;15.0
972;2021-07-21;1093;596;71200;54240;19.8;15.1
972;2021-07-22;904;519;72104;54759;20.1;15.3
972;2021-07-23;957;483;73061;55242;20.4;15.4
972;2021-07-24;500;223;73561;55465;20.5;15.5
972;2021-07-25;51;63;73612;55528;20.5;15.5
972;2021-07-26;685;519;74297;56047;20.7;15.6
972;2021-07-27;1023;511;75320;56558;21.0;15.8
972;2021-07-28;635;563;75955;57121;21.2;15.9
972;2021-07-29;836;543;76791;57664;21.4;16.1
972;2021-07-30;892;618;77683;58282;21.7;16.2
972;2021-07-31;556;271;78239;58553;21.8;16.3
972;2021-08-01;82;33;78321;58586;21.8;16.3
972;2021-08-02;805;812;79126;59398;22.1;16.6
972;2021-08-03;725;741;79851;60139;22.3;16.8
972;2021-08-04;758;567;80609;60706;22.5;16.9
972;2021-08-05;902;590;81511;61296;22.7;17.1
972;2021-08-06;1176;893;82687;62189;23.0;17.3
972;2021-08-07;667;570;83354;62759;23.2;17.5
972;2021-08-08;84;83;83438;62842;23.3;17.5
972;2021-08-09;1120;1064;84558;63906;23.6;17.8
972;2021-08-10;1188;1041;85746;64947;23.9;18.1
972;2021-08-11;1231;920;86977;65867;24.2;18.4
972;2021-08-12;1445;926;88422;66793;24.6;18.6
972;2021-08-13;1273;633;89695;67426;25.0;18.8
972;2021-08-14;757;315;90452;67741;25.2;18.9
972;2021-08-15;70;55;90522;67796;25.2;18.9
972;2021-08-16;1263;1038;91785;68834;25.6;19.2
972;2021-08-17;1153;1182;92938;70016;25.9;19.5
972;2021-08-18;1217;1173;94155;71189;26.2;19.8
972;2021-08-19;1217;888;95372;72077;26.6;20.1
972;2021-08-20;1309;889;96681;72966;26.9;20.3
972;2021-08-21;743;622;97424;73588;27.2;20.5
972;2021-08-22;46;81;97470;73669;27.2;20.5
972;2021-08-23;1109;854;98579;74523;27.5;20.8
973;2020-12-27;0;0;0;0;0.0;0.0
973;2020-12-28;0;0;0;0;0.0;0.0
973;2020-12-29;0;0;0;0;0.0;0.0
973;2020-12-30;0;0;0;0;0.0;0.0
973;2020-12-31;0;0;0;0;0.0;0.0
973;2021-01-01;0;0;0;0;0.0;0.0
973;2021-01-02;2;2;2;2;0.0;0.0
973;2021-01-03;0;0;2;2;0.0;0.0
973;2021-01-04;0;0;2;2;0.0;0.0
973;2021-01-05;0;0;2;2;0.0;0.0
973;2021-01-06;0;0;2;2;0.0;0.0
973;2021-01-07;0;0;2;2;0.0;0.0
973;2021-01-08;0;0;2;2;0.0;0.0
973;2021-01-09;0;0;2;2;0.0;0.0
973;2021-01-10;0;0;2;2;0.0;0.0
973;2021-01-11;0;0;2;2;0.0;0.0
973;2021-01-12;0;0;2;2;0.0;0.0
973;2021-01-13;30;0;32;2;0.0;0.0
973;2021-01-14;46;0;78;2;0.0;0.0
973;2021-01-15;35;0;113;2;0.0;0.0
973;2021-01-16;18;1;131;3;0.0;0.0
973;2021-01-17;0;0;131;3;0.0;0.0
973;2021-01-18;63;0;194;3;0.1;0.0
973;2021-01-19;150;1;344;4;0.1;0.0
973;2021-01-20;134;0;478;4;0.2;0.0
973;2021-01-21;118;0;596;4;0.2;0.0
973;2021-01-22;76;0;672;4;0.2;0.0
973;2021-01-23;0;0;672;4;0.2;0.0
973;2021-01-24;0;0;672;4;0.2;0.0
973;2021-01-25;56;0;728;4;0.3;0.0
973;2021-01-26;100;2;828;6;0.3;0.0
973;2021-01-27;109;1;937;7;0.3;0.0
973;2021-01-28;96;3;1033;10;0.4;0.0
973;2021-01-29;104;3;1137;13;0.4;0.0
973;2021-01-30;0;0;1137;13;0.4;0.0
973;2021-01-31;0;0;1137;13;0.4;0.0
973;2021-02-01;54;0;1191;13;0.4;0.0
973;2021-02-02;122;4;1313;17;0.5;0.0
973;2021-02-03;119;7;1432;24;0.5;0.0
973;2021-02-04;79;26;1511;50;0.5;0.0
973;2021-02-05;66;8;1577;58;0.5;0.0
973;2021-02-06;0;0;1577;58;0.5;0.0
973;2021-02-07;0;0;1577;58;0.5;0.0
973;2021-02-08;52;12;1629;70;0.6;0.0
973;2021-02-09;92;39;1721;109;0.6;0.0
973;2021-02-10;101;41;1822;150;0.6;0.1
973;2021-02-11;105;93;1927;243;0.7;0.1
973;2021-02-12;88;64;2015;307;0.7;0.1
973;2021-02-13;0;0;2015;307;0.7;0.1
973;2021-02-14;0;0;2015;307;0.7;0.1
973;2021-02-15;27;65;2042;372;0.7;0.1
973;2021-02-16;123;54;2165;426;0.7;0.1
973;2021-02-17;145;120;2310;546;0.8;0.2
973;2021-02-18;103;141;2413;687;0.8;0.2
973;2021-02-19;122;74;2535;761;0.9;0.3
973;2021-02-20;0;0;2535;761;0.9;0.3
973;2021-02-21;0;0;2535;761;0.9;0.3
973;2021-02-22;78;48;2613;809;0.9;0.3
973;2021-02-23;158;102;2771;911;1.0;0.3
973;2021-02-24;190;123;2961;1034;1.0;0.4
973;2021-02-25;259;92;3220;1126;1.1;0.4
973;2021-02-26;264;70;3484;1196;1.2;0.4
973;2021-02-27;120;1;3604;1197;1.2;0.4
973;2021-02-28;0;0;3604;1197;1.2;0.4
973;2021-03-01;182;87;3786;1284;1.3;0.4
973;2021-03-02;255;108;4041;1392;1.4;0.5
973;2021-03-03;255;132;4296;1524;1.5;0.5
973;2021-03-04;281;83;4577;1607;1.6;0.6
973;2021-03-05;274;48;4851;1655;1.7;0.6
973;2021-03-06;118;2;4969;1657;1.7;0.6
973;2021-03-07;0;0;4969;1657;1.7;0.6
973;2021-03-08;188;41;5157;1698;1.8;0.6
973;2021-03-09;350;93;5507;1791;1.9;0.6
973;2021-03-10;359;105;5866;1896;2.0;0.7
973;2021-03-11;270;112;6136;2008;2.1;0.7
973;2021-03-12;287;91;6423;2099;2.2;0.7
973;2021-03-13;112;4;6535;2103;2.2;0.7
973;2021-03-14;0;0;6535;2103;2.2;0.7
973;2021-03-15;181;27;6716;2130;2.3;0.7
973;2021-03-16;243;139;6959;2269;2.4;0.8
973;2021-03-17;274;129;7233;2398;2.5;0.8
973;2021-03-18;249;155;7482;2553;2.6;0.9
973;2021-03-19;283;129;7765;2682;2.7;0.9
973;2021-03-20;259;17;8024;2699;2.8;0.9
973;2021-03-21;119;2;8143;2701;2.8;0.9
973;2021-03-22;219;110;8362;2811;2.9;1.0
973;2021-03-23;275;194;8637;3005;3.0;1.0
973;2021-03-24;235;215;8872;3220;3.1;1.1
973;2021-03-25;168;180;9040;3400;3.1;1.2
973;2021-03-26;189;308;9229;3708;3.2;1.3
973;2021-03-27;58;94;9287;3802;3.2;1.3
973;2021-03-28;0;0;9287;3802;3.2;1.3
973;2021-03-29;175;248;9462;4050;3.3;1.4
973;2021-03-30;445;237;9907;4287;3.4;1.5
973;2021-03-31;320;293;10227;4580;3.5;1.6
973;2021-04-01;446;261;10673;4841;3.7;1.7
973;2021-04-02;307;279;10980;5120;3.8;1.8
973;2021-04-03;153;121;11133;5241;3.8;1.8
973;2021-04-04;1;0;11134;5241;3.8;1.8
973;2021-04-05;118;14;11252;5255;3.9;1.8
973;2021-04-06;438;335;11690;5590;4.0;1.9
973;2021-04-07;503;345;12193;5935;4.2;2.0
973;2021-04-08;514;269;12707;6204;4.4;2.1
973;2021-04-09;497;226;13204;6430;4.5;2.2
973;2021-04-10;146;90;13350;6520;4.6;2.2
973;2021-04-11;2;0;13352;6520;4.6;2.2
973;2021-04-12;551;268;13903;6788;4.8;2.3
973;2021-04-13;673;244;14576;7032;5.0;2.4
973;2021-04-14;721;314;15297;7346;5.3;2.5
973;2021-04-15;777;247;16074;7593;5.5;2.6
973;2021-04-16;760;301;16834;7894;5.8;2.7
973;2021-04-17;499;135;17333;8029;6.0;2.8
973;2021-04-18;499;46;17832;8075;6.1;2.8
973;2021-04-19;714;251;18546;8326;6.4;2.9
973;2021-04-20;607;280;19153;8606;6.6;3.0
973;2021-04-21;874;251;20027;8857;6.9;3.0
973;2021-04-22;728;231;20755;9088;7.1;3.1
973;2021-04-23;705;232;21460;9320;7.4;3.2
973;2021-04-24;524;97;21984;9417;7.6;3.2
973;2021-04-25;611;50;22595;9467;7.8;3.3
973;2021-04-26;780;232;23375;9699;8.0;3.3
973;2021-04-27;819;345;24194;10044;8.3;3.5
973;2021-04-28;745;332;24939;10376;8.6;3.6
973;2021-04-29;664;285;25603;10661;8.8;3.7
973;2021-04-30;710;261;26313;10922;9.1;3.8
973;2021-05-01;211;27;26524;10949;9.1;3.8
973;2021-05-02;602;85;27126;11034;9.3;3.8
973;2021-05-03;556;391;27682;11425;9.5;3.9
973;2021-05-04;666;325;28348;11750;9.8;4.0
973;2021-05-05;700;450;29048;12200;10.0;4.2
973;2021-05-06;694;475;29742;12675;10.2;4.4
973;2021-05-07;595;473;30337;13148;10.4;4.5
973;2021-05-08;343;59;30680;13207;10.6;4.5
973;2021-05-09;263;72;30943;13279;10.6;4.6
973;2021-05-10;440;612;31383;13891;10.8;4.8
973;2021-05-11;398;497;31781;14388;10.9;4.9
973;2021-05-12;513;648;32294;15036;11.1;5.2
973;2021-05-13;334;98;32628;15134;11.2;5.2
973;2021-05-14;486;555;33114;15689;11.4;5.4
973;2021-05-15;258;348;33372;16037;11.5;5.5
973;2021-05-16;207;210;33579;16247;11.6;5.6
973;2021-05-17;447;600;34026;16847;11.7;5.8
973;2021-05-18;563;568;34589;17415;11.9;6.0
973;2021-05-19;534;553;35123;17968;12.1;6.2
973;2021-05-20;642;452;35765;18420;12.3;6.3
973;2021-05-21;502;609;36267;19029;12.5;6.5
973;2021-05-22;167;501;36434;19530;12.5;6.7
973;2021-05-23;271;474;36705;20004;12.6;6.9
973;2021-05-24;562;248;37267;20252;12.8;7.0
973;2021-05-25;500;744;37767;20996;13.0;7.2
973;2021-05-26;449;683;38216;21679;13.1;7.5
973;2021-05-27;707;525;38923;22204;13.4;7.6
973;2021-05-28;580;553;39503;22757;13.6;7.8
973;2021-05-29;257;360;39760;23117;13.7;8.0
973;2021-05-30;151;399;39911;23516;13.7;8.1
973;2021-05-31;356;574;40267;24090;13.9;8.3
973;2021-06-01;421;466;40688;24556;14.0;8.4
973;2021-06-02;562;555;41250;25111;14.2;8.6
973;2021-06-03;525;470;41775;25581;14.4;8.8
973;2021-06-04;599;495;42374;26076;14.6;9.0
973;2021-06-05;273;292;42647;26368;14.7;9.1
973;2021-06-06;211;301;42858;26669;14.7;9.2
973;2021-06-07;488;452;43346;27121;14.9;9.3
973;2021-06-08;546;313;43892;27434;15.1;9.4
973;2021-06-09;520;389;44412;27823;15.3;9.6
973;2021-06-10;357;291;44769;28114;15.4;9.7
973;2021-06-11;434;467;45203;28581;15.6;9.8
973;2021-06-12;170;283;45373;28864;15.6;9.9
973;2021-06-13;214;268;45587;29132;15.7;10.0
973;2021-06-14;377;549;45964;29681;15.8;10.2
973;2021-06-15;376;444;46340;30125;15.9;10.4
973;2021-06-16;486;459;46826;30584;16.1;10.5
973;2021-06-17;436;579;47262;31163;16.3;10.7
973;2021-06-18;394;565;47656;31728;16.4;10.9
973;2021-06-19;235;260;47891;31988;16.5;11.0
973;2021-06-20;127;270;48018;32258;16.5;11.1
973;2021-06-21;331;603;48349;32861;16.6;11.3
973;2021-06-22;370;462;48719;33323;16.8;11.5
973;2021-06-23;341;538;49060;33861;16.9;11.6
973;2021-06-24;442;500;49502;34361;17.0;11.8
973;2021-06-25;443;556;49945;34917;17.2;12.0
973;2021-06-26;172;320;50117;35237;17.2;12.1
973;2021-06-27;121;170;50238;35407;17.3;12.2
973;2021-06-28;316;593;50554;36000;17.4;12.4
973;2021-06-29;378;507;50932;36507;17.5;12.6
973;2021-06-30;405;680;51337;37187;17.7;12.8
973;2021-07-01;422;399;51759;37586;17.8;12.9
973;2021-07-02;489;524;52248;38110;18.0;13.1
973;2021-07-03;209;274;52457;38384;18.0;13.2
973;2021-07-04;86;243;52543;38627;18.1;13.3
973;2021-07-05;360;547;52903;39174;18.2;13.5
973;2021-07-06;348;472;53251;39646;18.3;13.6
973;2021-07-07;347;415;53598;40061;18.4;13.8
973;2021-07-08;298;329;53896;40390;18.5;13.9
973;2021-07-09;388;435;54284;40825;18.7;14.0
973;2021-07-10;166;277;54450;41102;18.7;14.1
973;2021-07-11;102;163;54552;41265;18.8;14.2
973;2021-07-12;398;497;54950;41762;18.9;14.4
973;2021-07-13;668;559;55618;42321;19.1;14.6
973;2021-07-14;389;162;56007;42483;19.3;14.6
973;2021-07-15;647;527;56654;43010;19.5;14.8
973;2021-07-16;592;486;57246;43496;19.7;15.0
973;2021-07-17;346;284;57592;43780;19.8;15.1
973;2021-07-18;252;123;57844;43903;19.9;15.1
973;2021-07-19;516;457;58360;44360;20.1;15.3
973;2021-07-20;554;492;58914;44852;20.3;15.4
973;2021-07-21;633;397;59547;45249;20.5;15.6
973;2021-07-22;651;450;60198;45699;20.7;15.7
973;2021-07-23;590;367;60788;46066;20.9;15.8
973;2021-07-24;327;240;61115;46306;21.0;15.9
973;2021-07-25;165;110;61280;46416;21.1;16.0
973;2021-07-26;428;345;61708;46761;21.2;16.1
973;2021-07-27;473;356;62181;47117;21.4;16.2
973;2021-07-28;388;371;62569;47488;21.5;16.3
973;2021-07-29;471;428;63040;47916;21.7;16.5
973;2021-07-30;440;404;63480;48320;21.8;16.6
973;2021-07-31;204;163;63684;48483;21.9;16.7
973;2021-08-01;139;132;63823;48615;22.0;16.7
973;2021-08-02;382;430;64205;49045;22.1;16.9
973;2021-08-03;411;402;64616;49447;22.2;17.0
973;2021-08-04;281;372;64897;49819;22.3;17.1
973;2021-08-05;319;355;65216;50174;22.4;17.3
973;2021-08-06;329;519;65545;50693;22.5;17.4
973;2021-08-07;161;267;65706;50960;22.6;17.5
973;2021-08-08;114;177;65820;51137;22.6;17.6
973;2021-08-09;314;471;66134;51608;22.8;17.8
973;2021-08-10;331;514;66465;52122;22.9;17.9
973;2021-08-11;513;508;66978;52630;23.0;18.1
973;2021-08-12;496;579;67474;53209;23.2;18.3
973;2021-08-13;334;232;67808;53441;23.3;18.4
973;2021-08-14;253;400;68061;53841;23.4;18.5
973;2021-08-15;121;139;68182;53980;23.5;18.6
973;2021-08-16;290;469;68472;54449;23.6;18.7
973;2021-08-17;343;396;68815;54845;23.7;18.9
973;2021-08-18;286;439;69101;55284;23.8;19.0
973;2021-08-19;317;477;69418;55761;23.9;19.2
973;2021-08-20;301;398;69719;56159;24.0;19.3
973;2021-08-21;159;256;69878;56415;24.0;19.4
973;2021-08-22;114;182;69992;56597;24.1;19.5
973;2021-08-23;255;374;70247;56971;24.2;19.6
974;2020-12-27;0;0;0;0;0.0;0.0
974;2020-12-28;0;0;0;0;0.0;0.0
974;2020-12-29;0;0;0;0;0.0;0.0
974;2020-12-30;0;0;0;0;0.0;0.0
974;2020-12-31;0;0;0;0;0.0;0.0
974;2021-01-01;1;0;1;0;0.0;0.0
974;2021-01-02;0;0;1;0;0.0;0.0
974;2021-01-03;0;0;1;0;0.0;0.0
974;2021-01-04;0;0;1;0;0.0;0.0
974;2021-01-05;2;0;3;0;0.0;0.0
974;2021-01-06;0;0;3;0;0.0;0.0
974;2021-01-07;0;0;3;0;0.0;0.0
974;2021-01-08;0;0;3;0;0.0;0.0
974;2021-01-09;1;0;4;0;0.0;0.0
974;2021-01-10;0;0;4;0;0.0;0.0
974;2021-01-11;0;0;4;0;0.0;0.0
974;2021-01-12;0;0;4;0;0.0;0.0
974;2021-01-13;0;0;4;0;0.0;0.0
974;2021-01-14;0;0;4;0;0.0;0.0
974;2021-01-15;333;0;337;0;0.0;0.0
974;2021-01-16;27;0;364;0;0.0;0.0
974;2021-01-17;0;0;364;0;0.0;0.0
974;2021-01-18;49;1;413;1;0.0;0.0
974;2021-01-19;393;0;806;1;0.1;0.0
974;2021-01-20;482;1;1288;2;0.1;0.0
974;2021-01-21;614;2;1902;4;0.2;0.0
974;2021-01-22;414;1;2316;5;0.3;0.0
974;2021-01-23;75;0;2391;5;0.3;0.0
974;2021-01-24;0;0;2391;5;0.3;0.0
974;2021-01-25;273;2;2664;7;0.3;0.0
974;2021-01-26;429;0;3093;7;0.4;0.0
974;2021-01-27;316;0;3409;7;0.4;0.0
974;2021-01-28;409;0;3818;7;0.4;0.0
974;2021-01-29;422;3;4240;10;0.5;0.0
974;2021-01-30;421;1;4661;11;0.5;0.0
974;2021-01-31;0;0;4661;11;0.5;0.0
974;2021-02-01;373;4;5034;15;0.6;0.0
974;2021-02-02;500;4;5534;19;0.6;0.0
974;2021-02-03;602;14;6136;33;0.7;0.0
974;2021-02-04;628;21;6764;54;0.8;0.0
974;2021-02-05;564;97;7328;151;0.9;0.0
974;2021-02-06;501;5;7829;156;0.9;0.0
974;2021-02-07;0;8;7829;164;0.9;0.0
974;2021-02-08;470;34;8299;198;1.0;0.0
974;2021-02-09;787;93;9086;291;1.1;0.0
974;2021-02-10;820;87;9906;378;1.2;0.0
974;2021-02-11;796;88;10702;466;1.2;0.1
974;2021-02-12;638;93;11340;559;1.3;0.1
974;2021-02-13;653;75;11993;634;1.4;0.1
974;2021-02-14;1;0;11994;634;1.4;0.1
974;2021-02-15;526;126;12520;760;1.5;0.1
974;2021-02-16;651;533;13171;1293;1.5;0.2
974;2021-02-17;592;326;13763;1619;1.6;0.2
974;2021-02-18;494;408;14257;2027;1.7;0.2
974;2021-02-19;497;319;14754;2346;1.7;0.3
974;2021-02-20;577;117;15331;2463;1.8;0.3
974;2021-02-21;0;0;15331;2463;1.8;0.3
974;2021-02-22;403;236;15734;2699;1.8;0.3
974;2021-02-23;607;240;16341;2939;1.9;0.3
974;2021-02-24;584;251;16925;3190;2.0;0.4
974;2021-02-25;648;295;17573;3485;2.0;0.4
974;2021-02-26;485;470;18058;3955;2.1;0.5
974;2021-02-27;384;467;18442;4422;2.1;0.5
974;2021-02-28;0;0;18442;4422;2.1;0.5
974;2021-03-01;293;385;18735;4807;2.2;0.6
974;2021-03-02;486;502;19221;5309;2.2;0.6
974;2021-03-03;757;537;19978;5846;2.3;0.7
974;2021-03-04;777;492;20755;6338;2.4;0.7
974;2021-03-05;729;522;21484;6860;2.5;0.8
974;2021-03-06;812;525;22296;7385;2.6;0.9
974;2021-03-07;0;0;22296;7385;2.6;0.9
974;2021-03-08;436;555;22732;7940;2.6;0.9
974;2021-03-09;671;770;23403;8710;2.7;1.0
974;2021-03-10;643;836;24046;9546;2.8;1.1
974;2021-03-11;701;628;24747;10174;2.9;1.2
974;2021-03-12;731;654;25478;10828;3.0;1.3
974;2021-03-13;669;600;26147;11428;3.0;1.3
974;2021-03-14;2;0;26149;11428;3.0;1.3
974;2021-03-15;507;494;26656;11922;3.1;1.4
974;2021-03-16;681;691;27337;12613;3.2;1.5
974;2021-03-17;848;529;28185;13142;3.3;1.5
974;2021-03-18;1022;512;29207;13654;3.4;1.6
974;2021-03-19;786;529;29993;14183;3.5;1.6
974;2021-03-20;578;594;30571;14777;3.6;1.7
974;2021-03-21;0;0;30571;14777;3.6;1.7
974;2021-03-22;566;467;31137;15244;3.6;1.8
974;2021-03-23;780;636;31917;15880;3.7;1.8
974;2021-03-24;792;644;32709;16524;3.8;1.9
974;2021-03-25;933;539;33642;17063;3.9;2.0
974;2021-03-26;922;451;34564;17514;4.0;2.0
974;2021-03-27;782;336;35346;17850;4.1;2.1
974;2021-03-28;1;0;35347;17850;4.1;2.1
974;2021-03-29;961;270;36308;18120;4.2;2.1
974;2021-03-30;884;495;37192;18615;4.3;2.2
974;2021-03-31;740;660;37932;19275;4.4;2.2
974;2021-04-01;718;707;38650;19982;4.5;2.3
974;2021-04-02;688;757;39338;20739;4.6;2.4
974;2021-04-03;699;698;40037;21437;4.7;2.5
974;2021-04-04;0;0;40037;21437;4.7;2.5
974;2021-04-05;0;0;40037;21437;4.7;2.5
974;2021-04-06;796;635;40833;22072;4.7;2.6
974;2021-04-07;1368;783;42201;22855;4.9;2.7
974;2021-04-08;1791;769;43992;23624;5.1;2.7
974;2021-04-09;1509;775;45501;24399;5.3;2.8
974;2021-04-10;1138;648;46639;25047;5.4;2.9
974;2021-04-11;2;0;46641;25047;5.4;2.9
974;2021-04-12;1238;545;47879;25592;5.6;3.0
974;2021-04-13;1440;751;49319;26343;5.7;3.1
974;2021-04-14;2070;764;51389;27107;6.0;3.2
974;2021-04-15;2506;954;53895;28061;6.3;3.3
974;2021-04-16;1935;783;55830;28844;6.5;3.4
974;2021-04-17;1290;603;57120;29447;6.6;3.4
974;2021-04-18;0;0;57120;29447;6.6;3.4
974;2021-04-19;1375;563;58495;30010;6.8;3.5
974;2021-04-20;1651;805;60146;30815;7.0;3.6
974;2021-04-21;2126;626;62272;31441;7.2;3.7
974;2021-04-22;2953;821;65225;32262;7.6;3.8
974;2021-04-23;2312;818;67537;33080;7.9;3.8
974;2021-04-24;1109;804;68646;33884;8.0;3.9
974;2021-04-25;3;0;68649;33884;8.0;3.9
974;2021-04-26;1173;914;69822;34798;8.1;4.0
974;2021-04-27;1685;1026;71507;35824;8.3;4.2
974;2021-04-28;2900;749;74407;36573;8.7;4.3
974;2021-04-29;3950;815;78357;37388;9.1;4.3
974;2021-04-30;3447;906;81804;38294;9.5;4.5
974;2021-05-01;2106;226;83910;38520;9.8;4.5
974;2021-05-02;1;0;83911;38520;9.8;4.5
974;2021-05-03;1865;574;85776;39094;10.0;4.5
974;2021-05-04;2127;1094;87903;40188;10.2;4.7
974;2021-05-05;3120;1642;91023;41830;10.6;4.9
974;2021-05-06;4005;1586;95028;43416;11.1;5.0
974;2021-05-07;3229;1524;98257;44940;11.4;5.2
974;2021-05-08;1575;503;99832;45443;11.6;5.3
974;2021-05-09;2;1;99834;45444;11.6;5.3
974;2021-05-10;2413;1000;102247;46444;11.9;5.4
974;2021-05-11;3653;1639;105900;48083;12.3;5.6
974;2021-05-12;4724;2399;110624;50482;12.9;5.9
974;2021-05-13;3557;596;114181;51078;13.3;5.9
974;2021-05-14;5277;2515;119458;53593;13.9;6.2
974;2021-05-15;3159;1536;122617;55129;14.3;6.4
974;2021-05-16;16;19;122633;55148;14.3;6.4
974;2021-05-17;2998;1499;125631;56647;14.6;6.6
974;2021-05-18;3764;1796;129395;58443;15.0;6.8
974;2021-05-19;4693;2419;134088;60862;15.6;7.1
974;2021-05-20;5139;2853;139227;63715;16.2;7.4
974;2021-05-21;4994;2636;144221;66351;16.8;7.7
974;2021-05-22;3371;1256;147592;67607;17.2;7.9
974;2021-05-23;5;3;147597;67610;17.2;7.9
974;2021-05-24;3645;1077;151242;68687;17.6;8.0
974;2021-05-25;4248;1913;155490;70600;18.1;8.2
974;2021-05-26;4992;2992;160482;73592;18.7;8.6
974;2021-05-27;4619;4097;165101;77689;19.2;9.0
974;2021-05-28;4386;3835;169487;81524;19.7;9.5
974;2021-05-29;2555;2455;172042;83979;20.0;9.8
974;2021-05-30;8;14;172050;83993;20.0;9.8
974;2021-05-31;2348;2254;174398;86247;20.3;10.0
974;2021-06-01;3302;2762;177700;89009;20.7;10.4
974;2021-06-02;3971;3363;181671;92372;21.1;10.7
974;2021-06-03;4043;3651;185714;96023;21.6;11.2
974;2021-06-04;3849;3758;189563;99781;22.0;11.6
974;2021-06-05;2214;1925;191777;101706;22.3;11.8
974;2021-06-06;1073;134;192850;101840;22.4;11.8
974;2021-06-07;2013;2527;194863;104367;22.7;12.1
974;2021-06-08;2557;3339;197420;107706;23.0;12.5
974;2021-06-09;2982;4834;200402;112540;23.3;13.1
974;2021-06-10;3414;4464;203816;117004;23.7;13.6
974;2021-06-11;2842;4623;206658;121627;24.0;14.1
974;2021-06-12;1727;3379;208385;125006;24.2;14.5
974;2021-06-13;1324;246;209709;125252;24.4;14.6
974;2021-06-14;1490;3183;211199;128435;24.6;14.9
974;2021-06-15;2058;3617;213257;132052;24.8;15.4
974;2021-06-16;2751;4655;216008;136707;25.1;15.9
974;2021-06-17;2521;4896;218529;141603;25.4;16.5
974;2021-06-18;2600;4893;221129;146496;25.7;17.0
974;2021-06-19;1303;3517;222432;150013;25.9;17.4
974;2021-06-20;632;288;223064;150301;25.9;17.5
974;2021-06-21;1265;3234;224329;153535;26.1;17.9
974;2021-06-22;1624;3763;225953;157298;26.3;18.3
974;2021-06-23;2256;4994;228209;162292;26.5;18.9
974;2021-06-24;2283;4070;230492;166362;26.8;19.3
974;2021-06-25;2189;4105;232681;170467;27.1;19.8
974;2021-06-26;1400;2711;234081;173178;27.2;20.1
974;2021-06-27;665;268;234746;173446;27.3;20.2
974;2021-06-28;1306;2478;236052;175924;27.4;20.5
974;2021-06-29;1757;2846;237809;178770;27.7;20.8
974;2021-06-30;2562;3846;240371;182616;28.0;21.2
974;2021-07-01;2698;3826;243069;186442;28.3;21.7
974;2021-07-02;2510;3714;245579;190156;28.6;22.1
974;2021-07-03;1614;2459;247193;192615;28.7;22.4
974;2021-07-04;881;1039;248074;193654;28.8;22.5
974;2021-07-05;1693;2222;249767;195876;29.0;22.8
974;2021-07-06;2576;2542;252343;198418;29.3;23.1
974;2021-07-07;2664;3137;255007;201555;29.7;23.4
974;2021-07-08;2410;3174;257417;204729;29.9;23.8
974;2021-07-09;2760;3427;260177;208156;30.3;24.2
974;2021-07-10;1621;2192;261798;210348;30.4;24.5
974;2021-07-11;729;1016;262527;211364;30.5;24.6
974;2021-07-12;1747;2604;264274;213968;30.7;24.9
974;2021-07-13;4430;3339;268704;217307;31.2;25.3
974;2021-07-14;3295;604;271999;217911;31.6;25.3
974;2021-07-15;5554;4017;277553;221928;32.3;25.8
974;2021-07-16;6237;3296;283790;225224;33.0;26.2
974;2021-07-17;4374;1909;288164;227133;33.5;26.4
974;2021-07-18;2673;764;290837;227897;33.8;26.5
974;2021-07-19;4649;2026;295486;229923;34.4;26.7
974;2021-07-20;6231;2426;301717;232349;35.1;27.0
974;2021-07-21;6740;2852;308457;235201;35.9;27.4
974;2021-07-22;7136;2805;315593;238006;36.7;27.7
974;2021-07-23;6630;2977;322223;240983;37.5;28.0
974;2021-07-24;3798;2057;326021;243040;37.9;28.3
974;2021-07-25;2521;756;328542;243796;38.2;28.3
974;2021-07-26;4369;2086;332911;245882;38.7;28.6
974;2021-07-27;5421;2556;338332;248438;39.3;28.9
974;2021-07-28;5373;2894;343705;251332;40.0;29.2
974;2021-07-29;5711;2804;349416;254136;40.6;29.6
974;2021-07-30;5848;2576;355264;256712;41.3;29.9
974;2021-07-31;3928;1639;359192;258351;41.8;30.0
974;2021-08-01;1896;716;361088;259067;42.0;30.1
974;2021-08-02;3380;1868;364468;260935;42.4;30.3
974;2021-08-03;4261;4075;368729;265010;42.9;30.8
974;2021-08-04;4832;4223;373561;269233;43.4;31.3
974;2021-08-05;4402;4672;377963;273905;44.0;31.9
974;2021-08-06;4048;5097;382011;279002;44.4;32.4
974;2021-08-07;2734;4046;384745;283048;44.7;32.9
974;2021-08-08;1469;2265;386214;285313;44.9;33.2
974;2021-08-09;2542;4531;388756;289844;45.2;33.7
974;2021-08-10;3747;4959;392503;294803;45.6;34.3
974;2021-08-11;4575;5429;397078;300232;46.2;34.9
974;2021-08-12;4679;5922;401757;306154;46.7;35.6
974;2021-08-13;4433;5830;406190;311984;47.2;36.3
974;2021-08-14;2568;4324;408758;316308;47.5;36.8
974;2021-08-15;1566;2177;410324;318485;47.7;37.0
974;2021-08-16;2326;4169;412650;322654;48.0;37.5
974;2021-08-17;3121;4528;415771;327182;48.3;38.0
974;2021-08-18;3293;5886;419064;333068;48.7;38.7
974;2021-08-19;3243;4886;422307;337954;49.1;39.3
974;2021-08-20;3405;5268;425712;343222;49.5;39.9
974;2021-08-21;1784;4607;427496;347829;49.7;40.4
974;2021-08-22;1016;1939;428512;349768;49.8;40.7
974;2021-08-23;1743;3308;430255;353076;50.0;41.1
975;2020-12-27;0;0;0;0;0.0;0.0
975;2020-12-28;0;0;0;0;0.0;0.0
975;2020-12-29;0;0;0;0;0.0;0.0
975;2020-12-30;0;0;0;0;0.0;0.0
975;2020-12-31;0;0;0;0;0.0;0.0
975;2021-01-01;0;0;0;0;0.0;0.0
975;2021-01-02;0;0;0;0;0.0;0.0
975;2021-01-03;0;0;0;0;0.0;0.0
975;2021-01-04;0;0;0;0;0.0;0.0
975;2021-01-05;0;0;0;0;0.0;0.0
975;2021-01-06;0;0;0;0;0.0;0.0
975;2021-01-07;0;0;0;0;0.0;0.0
975;2021-01-08;0;0;0;0;0.0;0.0
975;2021-01-09;0;0;0;0;0.0;0.0
975;2021-01-10;0;0;0;0;0.0;0.0
975;2021-01-11;0;0;0;0;0.0;0.0
975;2021-01-12;0;0;0;0;0.0;0.0
975;2021-01-13;0;0;0;0;0.0;0.0
975;2021-01-14;0;0;0;0;0.0;0.0
975;2021-01-15;0;0;0;0;0.0;0.0
975;2021-01-16;0;0;0;0;0.0;0.0
975;2021-01-17;0;0;0;0;0.0;0.0
975;2021-01-18;0;0;0;0;0.0;0.0
975;2021-01-19;0;0;0;0;0.0;0.0
975;2021-01-20;0;0;0;0;0.0;0.0
975;2021-01-21;0;0;0;0;0.0;0.0
975;2021-01-22;0;0;0;0;0.0;0.0
975;2021-01-23;0;0;0;0;0.0;0.0
975;2021-01-24;0;0;0;0;0.0;0.0
975;2021-01-25;0;0;0;0;0.0;0.0
975;2021-01-26;0;0;0;0;0.0;0.0
975;2021-01-27;0;0;0;0;0.0;0.0
975;2021-01-28;0;0;0;0;0.0;0.0
975;2021-01-29;0;0;0;0;0.0;0.0
975;2021-01-30;0;0;0;0;0.0;0.0
975;2021-01-31;0;0;0;0;0.0;0.0
975;2021-02-01;0;0;0;0;0.0;0.0
975;2021-02-02;0;0;0;0;0.0;0.0
975;2021-02-03;0;0;0;0;0.0;0.0
975;2021-02-04;0;0;0;0;0.0;0.0
975;2021-02-05;0;0;0;0;0.0;0.0
975;2021-02-06;0;0;0;0;0.0;0.0
975;2021-02-07;0;0;0;0;0.0;0.0
975;2021-02-08;0;0;0;0;0.0;0.0
975;2021-02-09;0;0;0;0;0.0;0.0
975;2021-02-10;0;0;0;0;0.0;0.0
975;2021-02-11;0;0;0;0;0.0;0.0
975;2021-02-12;0;0;0;0;0.0;0.0
975;2021-02-13;0;0;0;0;0.0;0.0
975;2021-02-14;0;0;0;0;0.0;0.0
975;2021-02-15;0;0;0;0;0.0;0.0
975;2021-02-16;0;0;0;0;0.0;0.0
975;2021-02-17;0;0;0;0;0.0;0.0
975;2021-02-18;0;0;0;0;0.0;0.0
975;2021-02-19;0;0;0;0;0.0;0.0
975;2021-02-20;0;0;0;0;0.0;0.0
975;2021-02-21;0;0;0;0;0.0;0.0
975;2021-02-22;0;0;0;0;0.0;0.0
975;2021-02-23;0;0;0;0;0.0;0.0
975;2021-02-24;0;0;0;0;0.0;0.0
975;2021-02-25;0;0;0;0;0.0;0.0
975;2021-02-26;0;0;0;0;0.0;0.0
975;2021-02-27;0;0;0;0;0.0;0.0
975;2021-02-28;0;0;0;0;0.0;0.0
975;2021-03-01;0;0;0;0;0.0;0.0
975;2021-03-02;0;0;0;0;0.0;0.0
975;2021-03-03;0;0;0;0;0.0;0.0
975;2021-03-04;0;0;0;0;0.0;0.0
975;2021-03-05;0;0;0;0;0.0;0.0
975;2021-03-06;0;0;0;0;0.0;0.0
975;2021-03-07;0;0;0;0;0.0;0.0
975;2021-03-08;0;0;0;0;0.0;0.0
975;2021-03-09;0;0;0;0;0.0;0.0
975;2021-03-10;0;0;0;0;0.0;0.0
975;2021-03-11;0;0;0;0;0.0;0.0
975;2021-03-12;0;0;0;0;0.0;0.0
975;2021-03-13;0;0;0;0;0.0;0.0
975;2021-03-14;0;0;0;0;0.0;0.0
975;2021-03-15;0;0;0;0;0.0;0.0
975;2021-03-16;0;0;0;0;0.0;0.0
975;2021-03-17;0;0;0;0;0.0;0.0
975;2021-03-18;0;0;0;0;0.0;0.0
975;2021-03-19;0;0;0;0;0.0;0.0
975;2021-03-20;0;0;0;0;0.0;0.0
975;2021-03-21;0;0;0;0;0.0;0.0
975;2021-03-22;0;0;0;0;0.0;0.0
975;2021-03-23;0;0;0;0;0.0;0.0
975;2021-03-24;0;0;0;0;0.0;0.0
975;2021-03-25;0;0;0;0;0.0;0.0
975;2021-03-26;0;0;0;0;0.0;0.0
975;2021-03-27;0;0;0;0;0.0;0.0
975;2021-03-28;0;0;0;0;0.0;0.0
975;2021-03-29;2;0;2;0;0.0;0.0
975;2021-03-30;0;0;2;0;0.0;0.0
975;2021-03-31;0;0;2;0;0.0;0.0
975;2021-04-01;0;0;2;0;0.0;0.0
975;2021-04-02;0;0;2;0;0.0;0.0
975;2021-04-03;0;0;2;0;0.0;0.0
975;2021-04-04;0;0;2;0;0.0;0.0
975;2021-04-05;0;0;2;0;0.0;0.0
975;2021-04-06;0;0;2;0;0.0;0.0
975;2021-04-07;0;0;2;0;0.0;0.0
975;2021-04-08;1;0;3;0;0.1;0.0
975;2021-04-09;0;0;3;0;0.1;0.0
975;2021-04-10;0;0;3;0;0.1;0.0
975;2021-04-11;0;0;3;0;0.1;0.0
975;2021-04-12;0;0;3;0;0.1;0.0
975;2021-04-13;0;0;3;0;0.1;0.0
975;2021-04-14;0;0;3;0;0.1;0.0
975;2021-04-15;0;0;3;0;0.1;0.0
975;2021-04-16;0;0;3;0;0.1;0.0
975;2021-04-17;0;0;3;0;0.1;0.0
975;2021-04-18;0;0;3;0;0.1;0.0
975;2021-04-19;0;0;3;0;0.1;0.0
975;2021-04-20;0;0;3;0;0.1;0.0
975;2021-04-21;0;0;3;0;0.1;0.0
975;2021-04-22;0;0;3;0;0.1;0.0
975;2021-04-23;0;0;3;0;0.1;0.0
975;2021-04-24;0;0;3;0;0.1;0.0
975;2021-04-25;0;0;3;0;0.1;0.0
975;2021-04-26;0;0;3;0;0.1;0.0
975;2021-04-27;0;0;3;0;0.1;0.0
975;2021-04-28;0;0;3;0;0.1;0.0
975;2021-04-29;0;0;3;0;0.1;0.0
975;2021-04-30;0;0;3;0;0.1;0.0
975;2021-05-01;0;0;3;0;0.1;0.0
975;2021-05-02;0;0;3;0;0.1;0.0
975;2021-05-03;0;0;3;0;0.1;0.0
975;2021-05-04;0;0;3;0;0.1;0.0
975;2021-05-05;0;0;3;0;0.1;0.0
975;2021-05-06;0;0;3;0;0.1;0.0
975;2021-05-07;0;0;3;0;0.1;0.0
975;2021-05-08;0;0;3;0;0.1;0.0
975;2021-05-09;0;0;3;0;0.1;0.0
975;2021-05-10;0;0;3;0;0.1;0.0
975;2021-05-11;0;0;3;0;0.1;0.0
975;2021-05-12;0;0;3;0;0.1;0.0
975;2021-05-13;0;0;3;0;0.1;0.0
975;2021-05-14;0;0;3;0;0.1;0.0
975;2021-05-15;0;0;3;0;0.1;0.0
975;2021-05-16;0;0;3;0;0.1;0.0
975;2021-05-17;0;0;3;0;0.1;0.0
975;2021-05-18;0;0;3;0;0.1;0.0
975;2021-05-19;0;0;3;0;0.1;0.0
975;2021-05-20;0;0;3;0;0.1;0.0
975;2021-05-21;0;0;3;0;0.1;0.0
975;2021-05-22;0;0;3;0;0.1;0.0
975;2021-05-23;0;0;3;0;0.1;0.0
975;2021-05-24;0;0;3;0;0.1;0.0
975;2021-05-25;0;0;3;0;0.1;0.0
975;2021-05-26;0;0;3;0;0.1;0.0
975;2021-05-27;0;0;3;0;0.1;0.0
975;2021-05-28;0;0;3;0;0.1;0.0
975;2021-05-29;0;2;3;2;0.1;0.0
975;2021-05-30;0;0;3;2;0.1;0.0
975;2021-05-31;0;0;3;2;0.1;0.0
975;2021-06-01;0;0;3;2;0.1;0.0
975;2021-06-02;0;0;3;2;0.1;0.0
975;2021-06-03;0;0;3;2;0.1;0.0
975;2021-06-04;0;0;3;2;0.1;0.0
975;2021-06-05;0;0;3;2;0.1;0.0
975;2021-06-06;0;0;3;2;0.1;0.0
975;2021-06-07;0;0;3;2;0.1;0.0
975;2021-06-08;0;0;3;2;0.1;0.0
975;2021-06-09;0;0;3;2;0.1;0.0
975;2021-06-10;0;0;3;2;0.1;0.0
975;2021-06-11;0;0;3;2;0.1;0.0
975;2021-06-12;0;0;3;2;0.1;0.0
975;2021-06-13;0;0;3;2;0.1;0.0
975;2021-06-14;0;0;3;2;0.1;0.0
975;2021-06-15;0;0;3;2;0.1;0.0
975;2021-06-16;0;0;3;2;0.1;0.0
975;2021-06-17;0;0;3;2;0.1;0.0
975;2021-06-18;0;0;3;2;0.1;0.0
975;2021-06-19;0;0;3;2;0.1;0.0
975;2021-06-20;0;0;3;2;0.1;0.0
975;2021-06-21;1;0;4;2;0.1;0.0
975;2021-06-22;0;0;4;2;0.1;0.0
975;2021-06-23;0;0;4;2;0.1;0.0
975;2021-06-24;0;0;4;2;0.1;0.0
975;2021-06-25;0;0;4;2;0.1;0.0
975;2021-06-26;0;0;4;2;0.1;0.0
975;2021-06-27;0;0;4;2;0.1;0.0
975;2021-06-28;0;0;4;2;0.1;0.0
975;2021-06-29;0;0;4;2;0.1;0.0
975;2021-06-30;0;0;4;2;0.1;0.0
975;2021-07-01;0;0;4;2;0.1;0.0
975;2021-07-02;0;0;4;2;0.1;0.0
975;2021-07-03;0;0;4;2;0.1;0.0
975;2021-07-04;0;0;4;2;0.1;0.0
975;2021-07-05;0;0;4;2;0.1;0.0
975;2021-07-06;1;0;5;2;0.1;0.0
975;2021-07-07;7;0;12;2;0.2;0.0
975;2021-07-08;0;0;12;2;0.2;0.0
975;2021-07-09;1;0;13;2;0.2;0.0
975;2021-07-10;0;0;13;2;0.2;0.0
975;2021-07-11;0;0;13;2;0.2;0.0
975;2021-07-12;1;0;14;2;0.2;0.0
975;2021-07-13;0;0;14;2;0.2;0.0
975;2021-07-14;0;0;14;2;0.2;0.0
975;2021-07-15;0;0;14;2;0.2;0.0
975;2021-07-16;0;0;14;2;0.2;0.0
975;2021-07-17;0;0;14;2;0.2;0.0
975;2021-07-18;0;0;14;2;0.2;0.0
975;2021-07-19;0;0;14;2;0.2;0.0
975;2021-07-20;0;0;14;2;0.2;0.0
975;2021-07-21;0;0;14;2;0.2;0.0
975;2021-07-22;0;0;14;2;0.2;0.0
975;2021-07-23;0;0;14;2;0.2;0.0
975;2021-07-24;0;0;14;2;0.2;0.0
975;2021-07-25;0;0;14;2;0.2;0.0
975;2021-07-26;0;0;14;2;0.2;0.0
975;2021-07-27;0;0;14;2;0.2;0.0
975;2021-07-28;0;0;14;2;0.2;0.0
975;2021-07-29;0;0;14;2;0.2;0.0
975;2021-07-30;0;0;14;2;0.2;0.0
975;2021-07-31;0;0;14;2;0.2;0.0
975;2021-08-01;0;0;14;2;0.2;0.0
975;2021-08-02;1;0;15;2;0.3;0.0
975;2021-08-03;0;0;15;2;0.3;0.0
975;2021-08-04;0;0;15;2;0.3;0.0
975;2021-08-05;0;0;15;2;0.3;0.0
975;2021-08-06;0;0;15;2;0.3;0.0
975;2021-08-07;0;0;15;2;0.3;0.0
975;2021-08-08;0;0;15;2;0.3;0.0
975;2021-08-09;0;0;15;2;0.3;0.0
975;2021-08-10;0;0;15;2;0.3;0.0
975;2021-08-11;0;0;15;2;0.3;0.0
975;2021-08-12;0;0;15;2;0.3;0.0
975;2021-08-13;0;0;15;2;0.3;0.0
975;2021-08-14;0;0;15;2;0.3;0.0
975;2021-08-15;0;0;15;2;0.3;0.0
975;2021-08-16;0;0;15;2;0.3;0.0
975;2021-08-17;0;0;15;2;0.3;0.0
975;2021-08-18;0;0;15;2;0.3;0.0
975;2021-08-19;0;1;15;3;0.3;0.1
975;2021-08-20;0;0;15;3;0.3;0.1
975;2021-08-21;0;0;15;3;0.3;0.1
975;2021-08-22;0;0;15;3;0.3;0.1
975;2021-08-23;0;0;15;3;0.3;0.1
976;2020-12-27;0;0;0;0;0.0;0.0
976;2020-12-28;0;0;0;0;0.0;0.0
976;2020-12-29;0;0;0;0;0.0;0.0
976;2020-12-30;0;0;0;0;0.0;0.0
976;2020-12-31;0;0;0;0;0.0;0.0
976;2021-01-01;0;0;0;0;0.0;0.0
976;2021-01-02;0;0;0;0;0.0;0.0
976;2021-01-03;0;0;0;0;0.0;0.0
976;2021-01-04;0;0;0;0;0.0;0.0
976;2021-01-05;0;0;0;0;0.0;0.0
976;2021-01-06;0;0;0;0;0.0;0.0
976;2021-01-07;0;0;0;0;0.0;0.0
976;2021-01-08;0;0;0;0;0.0;0.0
976;2021-01-09;0;0;0;0;0.0;0.0
976;2021-01-10;0;0;0;0;0.0;0.0
976;2021-01-11;9;0;9;0;0.0;0.0
976;2021-01-12;0;0;9;0;0.0;0.0
976;2021-01-13;0;0;9;0;0.0;0.0
976;2021-01-14;0;0;9;0;0.0;0.0
976;2021-01-15;1;0;10;0;0.0;0.0
976;2021-01-16;1;0;11;0;0.0;0.0
976;2021-01-17;0;0;11;0;0.0;0.0
976;2021-01-18;1;0;12;0;0.0;0.0
976;2021-01-19;0;0;12;0;0.0;0.0
976;2021-01-20;0;0;12;0;0.0;0.0
976;2021-01-21;1;1;13;1;0.0;0.0
976;2021-01-22;0;0;13;1;0.0;0.0
976;2021-01-23;1;0;14;1;0.0;0.0
976;2021-01-24;0;0;14;1;0.0;0.0
976;2021-01-25;143;3;157;4;0.1;0.0
976;2021-01-26;166;3;323;7;0.1;0.0
976;2021-01-27;250;3;573;10;0.2;0.0
976;2021-01-28;102;8;675;18;0.2;0.0
976;2021-01-29;231;2;906;20;0.3;0.0
976;2021-01-30;285;11;1191;31;0.4;0.0
976;2021-01-31;1;0;1192;31;0.4;0.0
976;2021-02-01;161;1;1353;32;0.5;0.0
976;2021-02-02;330;9;1683;41;0.6;0.0
976;2021-02-03;228;3;1911;44;0.7;0.0
976;2021-02-04;216;9;2127;53;0.8;0.0
976;2021-02-05;213;0;2340;53;0.8;0.0
976;2021-02-06;83;10;2423;63;0.9;0.0
976;2021-02-07;0;0;2423;63;0.9;0.0
976;2021-02-08;82;4;2505;67;0.9;0.0
976;2021-02-09;194;1;2699;68;1.0;0.0
976;2021-02-10;187;5;2886;73;1.0;0.0
976;2021-02-11;236;4;3122;77;1.1;0.0
976;2021-02-12;288;4;3410;81;1.2;0.0
976;2021-02-13;56;0;3466;81;1.2;0.0
976;2021-02-14;1;0;3467;81;1.2;0.0
976;2021-02-15;359;7;3826;88;1.4;0.0
976;2021-02-16;266;10;4092;98;1.5;0.0
976;2021-02-17;167;8;4259;106;1.5;0.0
976;2021-02-18;217;12;4476;118;1.6;0.0
976;2021-02-19;237;24;4713;142;1.7;0.1
976;2021-02-20;139;9;4852;151;1.7;0.1
976;2021-02-21;0;0;4852;151;1.7;0.1
976;2021-02-22;130;122;4982;273;1.8;0.1
976;2021-02-23;184;156;5166;429;1.8;0.2
976;2021-02-24;176;146;5342;575;1.9;0.2
976;2021-02-25;227;277;5569;852;2.0;0.3
976;2021-02-26;242;246;5811;1098;2.1;0.4
976;2021-02-27;0;0;5811;1098;2.1;0.4
976;2021-02-28;0;0;5811;1098;2.1;0.4
976;2021-03-01;146;259;5957;1357;2.1;0.5
976;2021-03-02;228;260;6185;1617;2.2;0.6
976;2021-03-03;202;189;6387;1806;2.3;0.6
976;2021-03-04;205;144;6592;1950;2.4;0.7
976;2021-03-05;224;116;6816;2066;2.4;0.7
976;2021-03-06;1;0;6817;2066;2.4;0.7
976;2021-03-07;1;0;6818;2066;2.4;0.7
976;2021-03-08;189;110;7007;2176;2.5;0.8
976;2021-03-09;391;163;7398;2339;2.6;0.8
976;2021-03-10;180;178;7578;2517;2.7;0.9
976;2021-03-11;167;207;7745;2724;2.8;1.0
976;2021-03-12;237;294;7982;3018;2.9;1.1
976;2021-03-13;2;0;7984;3018;2.9;1.1
976;2021-03-14;0;0;7984;3018;2.9;1.1
976;2021-03-15;157;294;8141;3312;2.9;1.2
976;2021-03-16;237;226;8378;3538;3.0;1.3
976;2021-03-17;264;145;8642;3683;3.1;1.3
976;2021-03-18;173;236;8815;3919;3.2;1.4
976;2021-03-19;173;298;8988;4217;3.2;1.5
976;2021-03-20;0;0;8988;4217;3.2;1.5
976;2021-03-21;0;0;8988;4217;3.2;1.5
976;2021-03-22;97;136;9085;4353;3.3;1.6
976;2021-03-23;136;239;9221;4592;3.3;1.6
976;2021-03-24;160;147;9381;4739;3.4;1.7
976;2021-03-25;185;206;9566;4945;3.4;1.8
976;2021-03-26;160;212;9726;5157;3.5;1.8
976;2021-03-27;18;0;9744;5157;3.5;1.8
976;2021-03-28;1;0;9745;5157;3.5;1.8
976;2021-03-29;0;2;9745;5159;3.5;1.8
976;2021-03-30;273;336;10018;5495;3.6;2.0
976;2021-03-31;225;125;10243;5620;3.7;2.0
976;2021-04-01;245;103;10488;5723;3.8;2.0
976;2021-04-02;289;262;10777;5985;3.9;2.1
976;2021-04-03;905;309;11682;6294;4.2;2.3
976;2021-04-04;2;0;11684;6294;4.2;2.3
976;2021-04-05;1;0;11685;6294;4.2;2.3
976;2021-04-06;162;277;11847;6571;4.2;2.4
976;2021-04-07;237;266;12084;6837;4.3;2.4
976;2021-04-08;285;140;12369;6977;4.4;2.5
976;2021-04-09;249;171;12618;7148;4.5;2.6
976;2021-04-10;181;114;12799;7262;4.6;2.6
976;2021-04-11;7;0;12806;7262;4.6;2.6
976;2021-04-12;0;19;12806;7281;4.6;2.6
976;2021-04-13;394;345;13200;7626;4.7;2.7
976;2021-04-14;239;205;13439;7831;4.8;2.8
976;2021-04-15;209;117;13648;7948;4.9;2.8
976;2021-04-16;214;127;13862;8075;5.0;2.9
976;2021-04-17;226;131;14088;8206;5.0;2.9
976;2021-04-18;1;0;14089;8206;5.0;2.9
976;2021-04-19;7;1;14096;8207;5.0;2.9
976;2021-04-20;369;223;14465;8430;5.2;3.0
976;2021-04-21;413;150;14878;8580;5.3;3.1
976;2021-04-22;410;150;15288;8730;5.5;3.1
976;2021-04-23;367;166;15655;8896;5.6;3.2
976;2021-04-24;413;128;16068;9024;5.7;3.2
976;2021-04-25;2;0;16070;9024;5.8;3.2
976;2021-04-26;55;8;16125;9032;5.8;3.2
976;2021-04-27;351;293;16476;9325;5.9;3.3
976;2021-04-28;357;513;16833;9838;6.0;3.5
976;2021-04-29;559;344;17392;10182;6.2;3.6
976;2021-04-30;405;238;17797;10420;6.4;3.7
976;2021-05-01;673;286;18470;10706;6.6;3.8
976;2021-05-02;0;0;18470;10706;6.6;3.8
976;2021-05-03;141;6;18611;10712;6.7;3.8
976;2021-05-04;353;426;18964;11138;6.8;4.0
976;2021-05-05;448;318;19412;11456;6.9;4.1
976;2021-05-06;320;202;19732;11658;7.1;4.2
976;2021-05-07;341;133;20073;11791;7.2;4.2
976;2021-05-08;305;139;20378;11930;7.3;4.3
976;2021-05-09;0;0;20378;11930;7.3;4.3
976;2021-05-10;9;9;20387;11939;7.3;4.3
976;2021-05-11;363;490;20750;12429;7.4;4.4
976;2021-05-12;334;310;21084;12739;7.5;4.6
976;2021-05-13;126;96;21210;12835;7.6;4.6
976;2021-05-14;0;0;21210;12835;7.6;4.6
976;2021-05-15;486;283;21696;13118;7.8;4.7
976;2021-05-16;1;0;21697;13118;7.8;4.7
976;2021-05-17;124;51;21821;13169;7.8;4.7
976;2021-05-18;517;430;22338;13599;8.0;4.9
976;2021-05-19;652;663;22990;14262;8.2;5.1
976;2021-05-20;1057;498;24047;14760;8.6;5.3
976;2021-05-21;1046;313;25093;15073;9.0;5.4
976;2021-05-22;1243;299;26336;15372;9.4;5.5
976;2021-05-23;0;0;26336;15372;9.4;5.5
976;2021-05-24;1;0;26337;15372;9.4;5.5
976;2021-05-25;890;623;27227;15995;9.7;5.7
976;2021-05-26;1036;842;28263;16837;10.1;6.0
976;2021-05-27;1325;512;29588;17349;10.6;6.2
976;2021-05-28;957;375;30545;17724;10.9;6.3
976;2021-05-29;1131;392;31676;18116;11.3;6.5
976;2021-05-30;1;1;31677;18117;11.3;6.5
976;2021-05-31;105;6;31782;18123;11.4;6.5
976;2021-06-01;1152;652;32934;18775;11.8;6.7
976;2021-06-02;1239;529;34173;19304;12.2;6.9
976;2021-06-03;809;351;34982;19655;12.5;7.0
976;2021-06-04;1002;323;35984;19978;12.9;7.1
976;2021-06-05;679;299;36663;20277;13.1;7.3
976;2021-06-06;1;0;36664;20277;13.1;7.3
976;2021-06-07;91;12;36755;20289;13.2;7.3
976;2021-06-08;959;444;37714;20733;13.5;7.4
976;2021-06-09;971;550;38685;21283;13.8;7.6
976;2021-06-10;703;231;39388;21514;14.1;7.7
976;2021-06-11;849;366;40237;21880;14.4;7.8
976;2021-06-12;585;276;40822;22156;14.6;7.9
976;2021-06-13;2;0;40824;22156;14.6;7.9
976;2021-06-14;187;112;41011;22268;14.7;8.0
976;2021-06-15;415;839;41426;23107;14.8;8.3
976;2021-06-16;892;1442;42318;24549;15.1;8.8
976;2021-06-17;792;660;43110;25209;15.4;9.0
976;2021-06-18;708;621;43818;25830;15.7;9.2
976;2021-06-19;538;643;44356;26473;15.9;9.5
976;2021-06-20;1;0;44357;26473;15.9;9.5
976;2021-06-21;128;132;44485;26605;15.9;9.5
976;2021-06-22;431;1150;44916;27755;16.1;9.9
976;2021-06-23;664;1186;45580;28941;16.3;10.4
976;2021-06-24;469;546;46049;29487;16.5;10.6
976;2021-06-25;544;478;46593;29965;16.7;10.7
976;2021-06-26;388;692;46981;30657;16.8;11.0
976;2021-06-27;1;0;46982;30657;16.8;11.0
976;2021-06-28;107;191;47089;30848;16.8;11.0
976;2021-06-29;732;974;47821;31822;17.1;11.4
976;2021-06-30;698;947;48519;32769;17.4;11.7
976;2021-07-01;580;546;49099;33315;17.6;11.9
976;2021-07-02;452;431;49551;33746;17.7;12.1
976;2021-07-03;446;422;49997;34168;17.9;12.2
976;2021-07-04;2;0;49999;34168;17.9;12.2
976;2021-07-05;121;224;50120;34392;17.9;12.3
976;2021-07-06;503;865;50623;35257;18.1;12.6
976;2021-07-07;771;1012;51394;36269;18.4;13.0
976;2021-07-08;808;634;52202;36903;18.7;13.2
976;2021-07-09;791;518;52993;37421;19.0;13.4
976;2021-07-10;441;320;53434;37741;19.1;13.5
976;2021-07-11;0;0;53434;37741;19.1;13.5
976;2021-07-12;164;172;53598;37913;19.2;13.6
976;2021-07-13;856;1001;54454;38914;19.5;13.9
976;2021-07-14;0;5;54454;38919;19.5;13.9
976;2021-07-15;1229;816;55683;39735;19.9;14.2
976;2021-07-16;1308;660;56991;40395;20.4;14.5
976;2021-07-17;1048;376;58039;40771;20.8;14.6
976;2021-07-18;0;0;58039;40771;20.8;14.6
976;2021-07-19;205;134;58244;40905;20.8;14.6
976;2021-07-20;1160;878;59404;41783;21.3;15.0
976;2021-07-21;32;28;59436;41811;21.3;15.0
976;2021-07-22;1127;664;60563;42475;21.7;15.2
976;2021-07-23;1209;543;61772;43018;22.1;15.4
976;2021-07-24;860;440;62632;43458;22.4;15.6
976;2021-07-25;0;0;62632;43458;22.4;15.6
976;2021-07-26;180;36;62812;43494;22.5;15.6
976;2021-07-27;1135;823;63947;44317;22.9;15.9
976;2021-07-28;1018;635;64965;44952;23.2;16.1
976;2021-07-29;1202;560;66167;45512;23.7;16.3
976;2021-07-30;1201;410;67368;45922;24.1;16.4
976;2021-07-31;760;276;68128;46198;24.4;16.5
976;2021-08-01;0;0;68128;46198;24.4;16.5
976;2021-08-02;309;180;68437;46378;24.5;16.6
976;2021-08-03;1499;931;69936;47309;25.0;16.9
976;2021-08-04;1820;810;71756;48119;25.7;17.2
976;2021-08-05;1461;499;73217;48618;26.2;17.4
976;2021-08-06;1676;500;74893;49118;26.8;17.6
976;2021-08-07;912;355;75805;49473;27.1;17.7
976;2021-08-08;6;1;75811;49474;27.1;17.7
976;2021-08-09;518;235;76329;49709;27.3;17.8
976;2021-08-10;1619;1376;77948;51085;27.9;18.3
976;2021-08-11;2024;1237;79972;52322;28.6;18.7
976;2021-08-12;1692;611;81664;52933;29.2;18.9
976;2021-08-13;1530;530;83194;53463;29.8;19.1
976;2021-08-14;827;450;84021;53913;30.1;19.3
976;2021-08-15;0;0;84021;53913;30.1;19.3
976;2021-08-16;537;287;84558;54200;30.3;19.4
976;2021-08-17;1788;1299;86346;55499;30.9;19.9
976;2021-08-18;2183;1205;88529;56704;31.7;20.3
976;2021-08-19;1940;542;90469;57246;32.4;20.5
976;2021-08-20;1722;537;92191;57783;33.0;20.7
976;2021-08-21;1026;516;93217;58299;33.4;20.9
976;2021-08-22;0;0;93217;58299;33.4;20.9
976;2021-08-23;443;269;93660;58568;33.5;21.0
977;2020-12-27;0;0;0;0;0.0;0.0
977;2020-12-28;0;0;0;0;0.0;0.0
977;2020-12-29;0;0;0;0;0.0;0.0
977;2020-12-30;0;0;0;0;0.0;0.0
977;2020-12-31;0;0;0;0;0.0;0.0
977;2021-01-01;0;0;0;0;0.0;0.0
977;2021-01-02;0;0;0;0;0.0;0.0
977;2021-01-03;0;0;0;0;0.0;0.0
977;2021-01-04;0;0;0;0;0.0;0.0
977;2021-01-05;0;0;0;0;0.0;0.0
977;2021-01-06;0;0;0;0;0.0;0.0
977;2021-01-07;0;0;0;0;0.0;0.0
977;2021-01-08;0;0;0;0;0.0;0.0
977;2021-01-09;0;0;0;0;0.0;0.0
977;2021-01-10;0;0;0;0;0.0;0.0
977;2021-01-11;0;0;0;0;0.0;0.0
977;2021-01-12;0;0;0;0;0.0;0.0
977;2021-01-13;0;0;0;0;0.0;0.0
977;2021-01-14;0;0;0;0;0.0;0.0
977;2021-01-15;0;0;0;0;0.0;0.0
977;2021-01-16;0;0;0;0;0.0;0.0
977;2021-01-17;0;0;0;0;0.0;0.0
977;2021-01-18;1;0;1;0;0.0;0.0
977;2021-01-19;0;0;1;0;0.0;0.0
977;2021-01-20;0;0;1;0;0.0;0.0
977;2021-01-21;12;0;13;0;0.1;0.0
977;2021-01-22;12;0;25;0;0.3;0.0
977;2021-01-23;0;0;25;0;0.3;0.0
977;2021-01-24;0;0;25;0;0.3;0.0
977;2021-01-25;0;0;25;0;0.3;0.0
977;2021-01-26;0;0;25;0;0.3;0.0
977;2021-01-27;12;0;37;0;0.4;0.0
977;2021-01-28;1;0;38;0;0.4;0.0
977;2021-01-29;6;0;44;0;0.4;0.0
977;2021-01-30;0;0;44;0;0.4;0.0
977;2021-01-31;0;0;44;0;0.4;0.0
977;2021-02-01;0;0;44;0;0.4;0.0
977;2021-02-02;0;0;44;0;0.4;0.0
977;2021-02-03;11;0;55;0;0.6;0.0
977;2021-02-04;12;0;67;0;0.7;0.0
977;2021-02-05;11;0;78;0;0.8;0.0
977;2021-02-06;0;0;78;0;0.8;0.0
977;2021-02-07;0;0;78;0;0.8;0.0
977;2021-02-08;0;0;78;0;0.8;0.0
977;2021-02-09;13;0;91;0;0.9;0.0
977;2021-02-10;0;0;91;0;0.9;0.0
977;2021-02-11;17;0;108;0;1.1;0.0
977;2021-02-12;45;0;153;0;1.5;0.0
977;2021-02-13;0;0;153;0;1.5;0.0
977;2021-02-14;0;0;153;0;1.5;0.0
977;2021-02-15;0;0;153;0;1.5;0.0
977;2021-02-16;0;0;153;0;1.5;0.0
977;2021-02-17;0;0;153;0;1.5;0.0
977;2021-02-18;18;0;171;0;1.7;0.0
977;2021-02-19;35;0;206;0;2.1;0.0
977;2021-02-20;0;0;206;0;2.1;0.0
977;2021-02-21;0;0;206;0;2.1;0.0
977;2021-02-22;0;0;206;0;2.1;0.0
977;2021-02-23;0;21;206;21;2.1;0.2
977;2021-02-24;0;0;206;21;2.1;0.2
977;2021-02-25;15;10;221;31;2.2;0.3
977;2021-02-26;33;20;254;51;2.5;0.5
977;2021-02-27;0;0;254;51;2.5;0.5
977;2021-02-28;0;0;254;51;2.5;0.5
977;2021-03-01;0;0;254;51;2.5;0.5
977;2021-03-02;19;11;273;62;2.7;0.6
977;2021-03-03;0;0;273;62;2.7;0.6
977;2021-03-04;16;12;289;74;2.9;0.7
977;2021-03-05;35;19;324;93;3.3;0.9
977;2021-03-06;0;0;324;93;3.3;0.9
977;2021-03-07;0;0;324;93;3.3;0.9
977;2021-03-08;0;0;324;93;3.3;0.9
977;2021-03-09;1;0;325;93;3.3;0.9
977;2021-03-10;0;0;325;93;3.3;0.9
977;2021-03-11;20;30;345;123;3.5;1.2
977;2021-03-12;62;41;407;164;4.1;1.6
977;2021-03-13;0;0;407;164;4.1;1.6
977;2021-03-14;0;0;407;164;4.1;1.6
977;2021-03-15;0;0;407;164;4.1;1.6
977;2021-03-16;30;9;437;173;4.4;1.7
977;2021-03-17;0;0;437;173;4.4;1.7
977;2021-03-18;30;16;467;189;4.7;1.9
977;2021-03-19;57;27;524;216;5.3;2.2
977;2021-03-20;0;0;524;216;5.3;2.2
977;2021-03-21;0;0;524;216;5.3;2.2
977;2021-03-22;0;0;524;216;5.3;2.2
977;2021-03-23;0;0;524;216;5.3;2.2
977;2021-03-24;0;0;524;216;5.3;2.2
977;2021-03-25;65;17;589;233;5.9;2.3
977;2021-03-26;73;26;662;259;6.6;2.6
977;2021-03-27;0;0;662;259;6.6;2.6
977;2021-03-28;0;0;662;259;6.6;2.6
977;2021-03-29;0;0;662;259;6.6;2.6
977;2021-03-30;40;18;702;277;7.0;2.8
977;2021-03-31;26;15;728;292;7.3;2.9
977;2021-04-01;25;32;753;324;7.6;3.3
977;2021-04-02;0;0;753;324;7.6;3.3
977;2021-04-03;0;0;753;324;7.6;3.3
977;2021-04-04;0;0;753;324;7.6;3.3
977;2021-04-05;9;0;762;324;7.6;3.3
977;2021-04-06;0;0;762;324;7.6;3.3
977;2021-04-07;0;0;762;324;7.6;3.3
977;2021-04-08;57;46;819;370;8.2;3.7
977;2021-04-09;58;31;877;401;8.8;4.0
977;2021-04-10;0;0;877;401;8.8;4.0
977;2021-04-11;0;0;877;401;8.8;4.0
977;2021-04-12;0;0;877;401;8.8;4.0
977;2021-04-13;0;0;877;401;8.8;4.0
977;2021-04-14;5;5;882;406;8.9;4.1
977;2021-04-15;56;70;938;476;9.4;4.8
977;2021-04-16;90;35;1028;511;10.3;5.1
977;2021-04-17;0;1;1028;512;10.3;5.1
977;2021-04-18;0;0;1028;512;10.3;5.1
977;2021-04-19;1;0;1029;512;10.3;5.1
977;2021-04-20;335;63;1364;575;13.7;5.8
977;2021-04-21;337;30;1701;605;17.1;6.1
977;2021-04-22;284;49;1985;654;19.9;6.6
977;2021-04-23;260;42;2245;696;22.5;7.0
977;2021-04-24;231;1;2476;697;24.9;7.0
977;2021-04-25;0;0;2476;697;24.9;7.0
977;2021-04-26;283;19;2759;716;27.7;7.2
977;2021-04-27;224;68;2983;784;29.9;7.9
977;2021-04-28;192;26;3175;810;31.9;8.1
977;2021-04-29;170;23;3345;833;33.6;8.4
977;2021-04-30;172;17;3517;850;35.3;8.5
977;2021-05-01;203;11;3720;861;37.3;8.6
977;2021-05-02;0;0;3720;861;37.3;8.6
977;2021-05-03;135;9;3855;870;38.7;8.7
977;2021-05-04;161;53;4016;923;40.3;9.3
977;2021-05-05;221;28;4237;951;42.5;9.5
977;2021-05-06;175;33;4412;984;44.3;9.9
977;2021-05-07;149;31;4561;1015;45.8;10.2
977;2021-05-08;1;0;4562;1015;45.8;10.2
977;2021-05-09;0;0;4562;1015;45.8;10.2
977;2021-05-10;0;0;4562;1015;45.8;10.2
977;2021-05-11;3;41;4565;1056;45.8;10.6
977;2021-05-12;6;36;4571;1092;45.9;11.0
977;2021-05-13;0;0;4571;1092;45.9;11.0
977;2021-05-14;28;98;4599;1190;46.2;11.9
977;2021-05-15;0;0;4599;1190;46.2;11.9
977;2021-05-16;1;0;4600;1190;46.2;11.9
977;2021-05-17;1;14;4601;1204;46.2;12.1
977;2021-05-18;17;32;4618;1236;46.4;12.4
977;2021-05-19;0;1;4618;1237;46.4;12.4
977;2021-05-20;0;8;4618;1245;46.4;12.5
977;2021-05-21;12;31;4630;1276;46.5;12.8
977;2021-05-22;0;0;4630;1276;46.5;12.8
977;2021-05-23;0;0;4630;1276;46.5;12.8
977;2021-05-24;0;0;4630;1276;46.5;12.8
977;2021-05-25;50;331;4680;1607;47.0;16.1
977;2021-05-26;54;360;4734;1967;47.5;19.7
977;2021-05-27;34;317;4768;2284;47.9;22.9
977;2021-05-28;27;256;4795;2540;48.1;25.5
977;2021-05-29;35;375;4830;2915;48.5;29.3
977;2021-05-30;1;0;4831;2915;48.5;29.3
977;2021-05-31;45;216;4876;3131;49.0;31.4
977;2021-06-01;48;227;4924;3358;49.4;33.7
977;2021-06-02;69;273;4993;3631;50.1;36.5
977;2021-06-03;41;252;5034;3883;50.5;39.0
977;2021-06-04;81;270;5115;4153;51.4;41.7
977;2021-06-05;1;0;5116;4153;51.4;41.7
977;2021-06-06;0;0;5116;4153;51.4;41.7
977;2021-06-07;1;1;5117;4154;51.4;41.7
977;2021-06-08;8;2;5125;4156;51.5;41.7
977;2021-06-09;0;3;5125;4159;51.5;41.8
977;2021-06-10;8;4;5133;4163;51.5;41.8
977;2021-06-11;4;8;5137;4171;51.6;41.9
977;2021-06-12;16;59;5153;4230;51.7;42.5
977;2021-06-13;0;0;5153;4230;51.7;42.5
977;2021-06-14;0;0;5153;4230;51.7;42.5
977;2021-06-15;0;1;5153;4231;51.7;42.5
977;2021-06-16;0;0;5153;4231;51.7;42.5
977;2021-06-17;2;6;5155;4237;51.8;42.5
977;2021-06-18;0;2;5155;4239;51.8;42.6
977;2021-06-19;25;49;5180;4288;52.0;43.0
977;2021-06-20;0;0;5180;4288;52.0;43.0
977;2021-06-21;1;2;5181;4290;52.0;43.1
977;2021-06-22;9;0;5190;4290;52.1;43.1
977;2021-06-23;15;9;5205;4299;52.3;43.2
977;2021-06-24;10;5;5215;4304;52.4;43.2
977;2021-06-25;0;0;5215;4304;52.4;43.2
977;2021-06-26;25;45;5240;4349;52.6;43.7
977;2021-06-27;0;0;5240;4349;52.6;43.7
977;2021-06-28;0;0;5240;4349;52.6;43.7
977;2021-06-29;0;0;5240;4349;52.6;43.7
977;2021-06-30;0;0;5240;4349;52.6;43.7
977;2021-07-01;27;36;5267;4385;52.9;44.0
977;2021-07-02;26;31;5293;4416;53.1;44.3
977;2021-07-03;27;213;5320;4629;53.4;46.5
977;2021-07-04;0;0;5320;4629;53.4;46.5
977;2021-07-05;4;8;5324;4637;53.4;46.6
977;2021-07-06;0;0;5324;4637;53.4;46.6
977;2021-07-07;8;0;5332;4637;53.5;46.6
977;2021-07-08;33;23;5365;4660;53.9;46.8
977;2021-07-09;23;32;5388;4692;54.1;47.1
977;2021-07-10;33;45;5421;4737;54.4;47.6
977;2021-07-11;0;0;5421;4737;54.4;47.6
977;2021-07-12;0;1;5421;4738;54.4;47.6
977;2021-07-13;10;10;5431;4748;54.5;47.7
977;2021-07-14;0;0;5431;4748;54.5;47.7
977;2021-07-15;1;11;5432;4759;54.5;47.8
977;2021-07-16;44;51;5476;4810;55.0;48.3
977;2021-07-17;34;39;5510;4849;55.3;48.7
977;2021-07-18;1;0;5511;4849;55.3;48.7
977;2021-07-19;3;2;5514;4851;55.4;48.7
977;2021-07-20;3;1;5517;4852;55.4;48.7
977;2021-07-21;33;16;5550;4868;55.7;48.9
977;2021-07-22;36;33;5586;4901;56.1;49.2
977;2021-07-23;32;29;5618;4930;56.4;49.5
977;2021-07-24;43;26;5661;4956;56.8;49.8
977;2021-07-25;0;0;5661;4956;56.8;49.8
977;2021-07-26;13;9;5674;4965;57.0;49.8
977;2021-07-27;0;10;5674;4975;57.0;49.9
977;2021-07-28;31;14;5705;4989;57.3;50.1
977;2021-07-29;33;32;5738;5021;57.6;50.4
977;2021-07-30;31;29;5769;5050;57.9;50.7
977;2021-07-31;53;24;5822;5074;58.4;50.9
977;2021-08-01;0;0;5822;5074;58.4;50.9
977;2021-08-02;11;1;5833;5075;58.6;50.9
977;2021-08-03;0;0;5833;5075;58.6;50.9
977;2021-08-04;40;14;5873;5089;59.0;51.1
977;2021-08-05;28;30;5901;5119;59.2;51.4
977;2021-08-06;35;35;5936;5154;59.6;51.7
977;2021-08-07;56;27;5992;5181;60.2;52.0
977;2021-08-08;0;0;5992;5181;60.2;52.0
977;2021-08-09;7;5;5999;5186;60.2;52.1
977;2021-08-10;14;9;6013;5195;60.4;52.2
977;2021-08-11;36;18;6049;5213;60.7;52.3
977;2021-08-12;24;30;6073;5243;61.0;52.6
977;2021-08-13;32;14;6105;5257;61.3;52.8
977;2021-08-14;20;27;6125;5284;61.5;53.0
977;2021-08-15;0;0;6125;5284;61.5;53.0
977;2021-08-16;14;31;6139;5315;61.6;53.4
977;2021-08-17;15;8;6154;5323;61.8;53.4
977;2021-08-18;24;28;6178;5351;62.0;53.7
977;2021-08-19;31;35;6209;5386;62.3;54.1
977;2021-08-20;27;41;6236;5427;62.6;54.5
977;2021-08-21;34;39;6270;5466;62.9;54.9
977;2021-08-22;6;0;6276;5466;63.0;54.9
977;2021-08-23;3;11;6279;5477;63.0;55.0
978;2020-12-27;0;0;0;0;0.0;0.0
978;2020-12-28;0;0;0;0;0.0;0.0
978;2020-12-29;0;0;0;0;0.0;0.0
978;2020-12-30;0;0;0;0;0.0;0.0
978;2020-12-31;0;0;0;0;0.0;0.0
978;2021-01-01;0;0;0;0;0.0;0.0
978;2021-01-02;0;0;0;0;0.0;0.0
978;2021-01-03;0;0;0;0;0.0;0.0
978;2021-01-04;0;0;0;0;0.0;0.0
978;2021-01-05;0;0;0;0;0.0;0.0
978;2021-01-06;0;0;0;0;0.0;0.0
978;2021-01-07;0;0;0;0;0.0;0.0
978;2021-01-08;0;0;0;0;0.0;0.0
978;2021-01-09;0;0;0;0;0.0;0.0
978;2021-01-10;0;0;0;0;0.0;0.0
978;2021-01-11;0;0;0;0;0.0;0.0
978;2021-01-12;0;0;0;0;0.0;0.0
978;2021-01-13;10;0;10;0;0.0;0.0
978;2021-01-14;12;0;22;0;0.1;0.0
978;2021-01-15;9;0;31;0;0.1;0.0
978;2021-01-16;0;0;31;0;0.1;0.0
978;2021-01-17;0;0;31;0;0.1;0.0
978;2021-01-18;0;0;31;0;0.1;0.0
978;2021-01-19;12;0;43;0;0.1;0.0
978;2021-01-20;13;0;56;0;0.2;0.0
978;2021-01-21;6;0;62;0;0.2;0.0
978;2021-01-22;0;0;62;0;0.2;0.0
978;2021-01-23;0;0;62;0;0.2;0.0
978;2021-01-24;0;0;62;0;0.2;0.0
978;2021-01-25;0;0;62;0;0.2;0.0
978;2021-01-26;9;0;71;0;0.2;0.0
978;2021-01-27;10;0;81;0;0.2;0.0
978;2021-01-28;6;1;87;1;0.2;0.0
978;2021-01-29;0;0;87;1;0.2;0.0
978;2021-01-30;0;0;87;1;0.2;0.0
978;2021-01-31;0;0;87;1;0.2;0.0
978;2021-02-01;1;0;88;1;0.2;0.0
978;2021-02-02;39;0;127;1;0.4;0.0
978;2021-02-03;11;0;138;1;0.4;0.0
978;2021-02-04;31;0;169;1;0.5;0.0
978;2021-02-05;6;0;175;1;0.5;0.0
978;2021-02-06;0;0;175;1;0.5;0.0
978;2021-02-07;0;0;175;1;0.5;0.0
978;2021-02-08;0;0;175;1;0.5;0.0
978;2021-02-09;38;0;213;1;0.6;0.0
978;2021-02-10;27;1;240;2;0.7;0.0
978;2021-02-11;0;0;240;2;0.7;0.0
978;2021-02-12;36;0;276;2;0.8;0.0
978;2021-02-13;0;0;276;2;0.8;0.0
978;2021-02-14;0;0;276;2;0.8;0.0
978;2021-02-15;50;1;326;3;0.9;0.0
978;2021-02-16;0;0;326;3;0.9;0.0
978;2021-02-17;0;0;326;3;0.9;0.0
978;2021-02-18;28;0;354;3;1.0;0.0
978;2021-02-19;44;0;398;3;1.1;0.0
978;2021-02-20;0;0;398;3;1.1;0.0
978;2021-02-21;0;0;398;3;1.1;0.0
978;2021-02-22;45;4;443;7;1.3;0.0
978;2021-02-23;41;29;484;36;1.4;0.1
978;2021-02-24;35;1;519;37;1.5;0.1
978;2021-02-25;55;36;574;73;1.6;0.2
978;2021-02-26;39;5;613;78;1.7;0.2
978;2021-02-27;0;0;613;78;1.7;0.2
978;2021-02-28;0;0;613;78;1.7;0.2
978;2021-03-01;49;5;662;83;1.9;0.2
978;2021-03-02;7;27;669;110;1.9;0.3
978;2021-03-03;52;28;721;138;2.0;0.4
978;2021-03-04;31;26;752;164;2.1;0.5
978;2021-03-05;46;10;798;174;2.3;0.5
978;2021-03-06;0;0;798;174;2.3;0.5
978;2021-03-07;0;0;798;174;2.3;0.5
978;2021-03-08;32;7;830;181;2.3;0.5
978;2021-03-09;19;27;849;208;2.4;0.6
978;2021-03-10;35;28;884;236;2.5;0.7
978;2021-03-11;2;0;886;236;2.5;0.7
978;2021-03-12;52;21;938;257;2.7;0.7
978;2021-03-13;13;0;951;257;2.7;0.7
978;2021-03-14;0;0;951;257;2.7;0.7
978;2021-03-15;31;41;982;298;2.8;0.8
978;2021-03-16;73;6;1055;304;3.0;0.9
978;2021-03-17;67;13;1122;317;3.2;0.9
978;2021-03-18;82;39;1204;356;3.4;1.0
978;2021-03-19;32;50;1236;406;3.5;1.1
978;2021-03-20;0;0;1236;406;3.5;1.1
978;2021-03-21;0;0;1236;406;3.5;1.1
978;2021-03-22;35;45;1271;451;3.6;1.3
978;2021-03-23;30;43;1301;494;3.7;1.4
978;2021-03-24;38;42;1339;536;3.8;1.5
978;2021-03-25;95;34;1434;570;4.1;1.6
978;2021-03-26;45;33;1479;603;4.2;1.7
978;2021-03-27;94;3;1573;606;4.5;1.7
978;2021-03-28;0;0;1573;606;4.5;1.7
978;2021-03-29;69;48;1642;654;4.6;1.9
978;2021-03-30;98;24;1740;678;4.9;1.9
978;2021-03-31;90;49;1830;727;5.2;2.1
978;2021-04-01;57;48;1887;775;5.3;2.2
978;2021-04-02;0;0;1887;775;5.3;2.2
978;2021-04-03;1;0;1888;775;5.3;2.2
978;2021-04-04;0;0;1888;775;5.3;2.2
978;2021-04-05;2;0;1890;775;5.3;2.2
978;2021-04-06;49;63;1939;838;5.5;2.4
978;2021-04-07;93;33;2032;871;5.8;2.5
978;2021-04-08;120;7;2152;878;6.1;2.5
978;2021-04-09;90;39;2242;917;6.3;2.6
978;2021-04-10;169;12;2411;929;6.8;2.6
978;2021-04-11;0;0;2411;929;6.8;2.6
978;2021-04-12;42;75;2453;1004;6.9;2.8
978;2021-04-13;49;71;2502;1075;7.1;3.0
978;2021-04-14;82;45;2584;1120;7.3;3.2
978;2021-04-15;92;22;2676;1142;7.6;3.2
978;2021-04-16;77;42;2753;1184;7.8;3.4
978;2021-04-17;165;4;2918;1188;8.3;3.4
978;2021-04-18;0;0;2918;1188;8.3;3.4
978;2021-04-19;52;67;2970;1255;8.4;3.6
978;2021-04-20;83;27;3053;1282;8.6;3.6
978;2021-04-21;91;29;3144;1311;8.9;3.7
978;2021-04-22;101;20;3245;1331;9.2;3.8
978;2021-04-23;45;66;3290;1397;9.3;4.0
978;2021-04-24;99;78;3389;1475;9.6;4.2
978;2021-04-25;0;0;3389;1475;9.6;4.2
978;2021-04-26;29;91;3418;1566;9.7;4.4
978;2021-04-27;59;63;3477;1629;9.8;4.6
978;2021-04-28;93;39;3570;1668;10.1;4.7
978;2021-04-29;89;31;3659;1699;10.4;4.8
978;2021-04-30;104;14;3763;1713;10.6;4.8
978;2021-05-01;0;8;3763;1721;10.6;4.9
978;2021-05-02;0;0;3763;1721;10.6;4.9
978;2021-05-03;25;99;3788;1820;10.7;5.2
978;2021-05-04;159;102;3947;1922;11.2;5.4
978;2021-05-05;142;59;4089;1981;11.6;5.6
978;2021-05-06;199;49;4288;2030;12.1;5.7
978;2021-05-07;127;71;4415;2101;12.5;5.9
978;2021-05-08;69;122;4484;2223;12.7;6.3
978;2021-05-09;0;0;4484;2223;12.7;6.3
978;2021-05-10;124;99;4608;2322;13.0;6.6
978;2021-05-11;132;72;4740;2394;13.4;6.8
978;2021-05-12;156;78;4896;2472;13.9;7.0
978;2021-05-13;83;6;4979;2478;14.1;7.0
978;2021-05-14;130;62;5109;2540;14.5;7.2
978;2021-05-15;87;4;5196;2544;14.7;7.2
978;2021-05-16;0;0;5196;2544;14.7;7.2
978;2021-05-17;146;115;5342;2659;15.1;7.5
978;2021-05-18;151;94;5493;2753;15.5;7.8
978;2021-05-19;84;69;5577;2822;15.8;8.0
978;2021-05-20;104;26;5681;2848;16.1;8.1
978;2021-05-21;98;52;5779;2900;16.4;8.2
978;2021-05-22;100;11;5879;2911;16.6;8.2
978;2021-05-23;0;0;5879;2911;16.6;8.2
978;2021-05-24;33;7;5912;2918;16.7;8.3
978;2021-05-25;119;78;6031;2996;17.1;8.5
978;2021-05-26;109;49;6140;3045;17.4;8.6
978;2021-05-27;112;42;6252;3087;17.7;8.7
978;2021-05-28;33;1;6285;3088;17.8;8.7
978;2021-05-29;60;213;6345;3301;18.0;9.3
978;2021-05-30;0;0;6345;3301;18.0;9.3
978;2021-05-31;112;63;6457;3364;18.3;9.5
978;2021-06-01;116;62;6573;3426;18.6;9.7
978;2021-06-02;131;33;6704;3459;19.0;9.8
978;2021-06-03;102;38;6806;3497;19.3;9.9
978;2021-06-04;128;70;6934;3567;19.6;10.1
978;2021-06-05;83;21;7017;3588;19.9;10.2
978;2021-06-06;0;0;7017;3588;19.9;10.2
978;2021-06-07;96;96;7113;3684;20.1;10.4
978;2021-06-08;82;89;7195;3773;20.4;10.7
978;2021-06-09;99;73;7294;3846;20.6;10.9
978;2021-06-10;112;63;7406;3909;21.0;11.1
978;2021-06-11;116;106;7522;4015;21.3;11.4
978;2021-06-12;57;30;7579;4045;21.4;11.4
978;2021-06-13;0;0;7579;4045;21.4;11.4
978;2021-06-14;106;127;7685;4172;21.7;11.8
978;2021-06-15;88;120;7773;4292;22.0;12.1
978;2021-06-16;105;148;7878;4440;22.3;12.6
978;2021-06-17;85;72;7963;4512;22.5;12.8
978;2021-06-18;67;99;8030;4611;22.7;13.0
978;2021-06-19;65;79;8095;4690;22.9;13.3
978;2021-06-20;0;0;8095;4690;22.9;13.3
978;2021-06-21;78;150;8173;4840;23.1;13.7
978;2021-06-22;71;103;8244;4943;23.3;14.0
978;2021-06-23;68;115;8312;5058;23.5;14.3
978;2021-06-24;44;75;8356;5133;23.6;14.5
978;2021-06-25;63;100;8419;5233;23.8;14.8
978;2021-06-26;35;61;8454;5294;23.9;15.0
978;2021-06-27;0;0;8454;5294;23.9;15.0
978;2021-06-28;74;131;8528;5425;24.1;15.4
978;2021-06-29;62;104;8590;5529;24.3;15.6
978;2021-06-30;56;110;8646;5639;24.5;16.0
978;2021-07-01;42;87;8688;5726;24.6;16.2
978;2021-07-02;52;90;8740;5816;24.7;16.5
978;2021-07-03;40;90;8780;5906;24.8;16.7
978;2021-07-04;0;1;8780;5907;24.8;16.7
978;2021-07-05;67;93;8847;6000;25.0;17.0
978;2021-07-06;55;75;8902;6075;25.2;17.2
978;2021-07-07;55;123;8957;6198;25.3;17.5
978;2021-07-08;54;107;9011;6305;25.5;17.8
978;2021-07-09;46;92;9057;6397;25.6;18.1
978;2021-07-10;38;85;9095;6482;25.7;18.3
978;2021-07-11;0;4;9095;6486;25.7;18.4
978;2021-07-12;71;130;9166;6616;25.9;18.7
978;2021-07-13;146;162;9312;6778;26.4;19.2
978;2021-07-14;3;0;9315;6778;26.4;19.2
978;2021-07-15;162;195;9477;6973;26.8;19.7
978;2021-07-16;113;113;9590;7086;27.1;20.1
978;2021-07-17;52;100;9642;7186;27.3;20.3
978;2021-07-18;0;0;9642;7186;27.3;20.3
978;2021-07-19;99;133;9741;7319;27.6;20.7
978;2021-07-20;80;74;9821;7393;27.8;20.9
978;2021-07-21;63;50;9884;7443;28.0;21.1
978;2021-07-22;99;115;9983;7558;28.3;21.4
978;2021-07-23;67;99;10050;7657;28.4;21.7
978;2021-07-24;20;35;10070;7692;28.5;21.8
978;2021-07-25;0;0;10070;7692;28.5;21.8
978;2021-07-26;94;116;10164;7808;28.8;22.1
978;2021-07-27;68;145;10232;7953;29.0;22.5
978;2021-07-28;72;127;10304;8080;29.2;22.9
978;2021-07-29;80;99;10384;8179;29.4;23.1
978;2021-07-30;82;116;10466;8295;29.6;23.5
978;2021-07-31;48;67;10514;8362;29.8;23.7
978;2021-08-01;0;0;10514;8362;29.8;23.7
978;2021-08-02;65;95;10579;8457;29.9;23.9
978;2021-08-03;60;94;10639;8551;30.1;24.2
978;2021-08-04;63;55;10702;8606;30.3;24.4
978;2021-08-05;48;70;10750;8676;30.4;24.6
978;2021-08-06;74;128;10824;8804;30.6;24.9
978;2021-08-07;43;44;10867;8848;30.8;25.0
978;2021-08-08;0;0;10867;8848;30.8;25.0
978;2021-08-09;138;150;11005;8998;31.1;25.5
978;2021-08-10;82;93;11087;9091;31.4;25.7
978;2021-08-11;106;100;11193;9191;31.7;26.0
978;2021-08-12;99;99;11292;9290;32.0;26.3
978;2021-08-13;131;74;11423;9364;32.3;26.5
978;2021-08-14;74;99;11497;9463;32.5;26.8
978;2021-08-15;0;0;11497;9463;32.5;26.8
978;2021-08-16;45;70;11542;9533;32.7;27.0
978;2021-08-17;32;33;11574;9566;32.8;27.1
978;2021-08-18;35;55;11609;9621;32.9;27.2
978;2021-08-19;34;25;11643;9646;33.0;27.3
978;2021-08-20;46;60;11689;9706;33.1;27.5
978;2021-08-21;0;0;11689;9706;33.1;27.5
978;2021-08-22;0;0;11689;9706;33.1;27.5
978;2021-08-23;51;86;11740;9792;33.2;27.7
