dep;jour;n_dose1;n_complet;n_cum_dose1;n_cum_complet;couv_dose1;couv_complet
00;2020-12-27;0;0;0;0;;
00;2020-12-28;2;0;2;0;;
00;2020-12-29;0;0;2;0;;
00;2020-12-30;4;0;6;0;;
00;2020-12-31;0;0;6;0;;
00;2021-01-01;0;0;6;0;;
00;2021-01-02;0;0;6;0;;
00;2021-01-03;5;0;11;0;;
00;2021-01-04;0;0;11;0;;
00;2021-01-05;3;0;14;0;;
00;2021-01-06;0;0;14;0;;
00;2021-01-07;3;0;17;0;;
00;2021-01-08;1;1;18;1;;
00;2021-01-09;2;0;20;1;;
00;2021-01-10;0;0;20;1;;
00;2021-01-11;0;0;20;1;;
00;2021-01-12;1;0;21;1;;
00;2021-01-13;1;0;22;1;;
00;2021-01-14;2;0;24;1;;
00;2021-01-15;5;0;29;1;;
00;2021-01-16;1;0;30;1;;
00;2021-01-17;0;0;30;1;;
00;2021-01-18;4;0;34;1;;
00;2021-01-19;1;0;35;1;;
00;2021-01-20;1;0;36;1;;
00;2021-01-21;0;0;36;1;;
00;2021-01-22;3;0;39;1;;
00;2021-01-23;2;0;41;1;;
00;2021-01-24;2;0;43;1;;
00;2021-01-25;2;0;45;1;;
00;2021-01-26;3;0;48;1;;
00;2021-01-27;4;0;52;1;;
00;2021-01-28;5;0;57;1;;
00;2021-01-29;3;0;60;1;;
00;2021-01-30;1;0;61;1;;
00;2021-01-31;4;0;65;1;;
00;2021-02-01;0;0;65;1;;
00;2021-02-02;4;0;69;1;;
00;2021-02-03;2;0;71;1;;
00;2021-02-04;3;0;74;1;;
00;2021-02-05;5;0;79;1;;
00;2021-02-06;7;0;86;1;;
00;2021-02-07;1;0;87;1;;
00;2021-02-08;0;1;87;2;;
00;2021-02-09;5;1;92;3;;
00;2021-02-10;9;0;101;3;;
00;2021-02-11;4;0;105;3;;
00;2021-02-12;4;0;109;3;;
00;2021-02-13;6;0;115;3;;
00;2021-02-14;2;0;117;3;;
00;2021-02-15;5;0;122;3;;
00;2021-02-16;4;1;126;4;;
00;2021-02-17;2;0;128;4;;
00;2021-02-18;3;0;131;4;;
00;2021-02-19;3;0;134;4;;
00;2021-02-20;7;0;141;4;;
00;2021-02-21;3;0;144;4;;
00;2021-02-22;4;0;148;4;;
00;2021-02-23;1;0;149;4;;
00;2021-02-24;10;1;159;5;;
00;2021-02-25;11;0;170;5;;
00;2021-02-26;5;0;175;5;;
00;2021-02-27;10;0;185;5;;
00;2021-02-28;2;0;187;5;;
00;2021-03-01;7;0;194;5;;
00;2021-03-02;7;0;201;5;;
00;2021-03-03;15;1;216;6;;
00;2021-03-04;10;0;226;6;;
00;2021-03-05;11;0;237;6;;
00;2021-03-06;5;1;242;7;;
00;2021-03-07;4;0;246;7;;
00;2021-03-08;11;1;257;8;;
00;2021-03-09;7;0;264;8;;
00;2021-03-10;17;1;281;9;;
00;2021-03-11;10;0;291;9;;
00;2021-03-12;10;0;301;9;;
00;2021-03-13;8;0;309;9;;
00;2021-03-14;9;0;318;9;;
00;2021-03-15;8;0;326;9;;
00;2021-03-16;15;1;341;10;;
00;2021-03-17;6;0;347;10;;
00;2021-03-18;11;0;358;10;;
00;2021-03-19;18;0;376;10;;
00;2021-03-20;7;0;383;10;;
00;2021-03-21;2;0;385;10;;
00;2021-03-22;12;0;397;10;;
00;2021-03-23;12;1;409;11;;
00;2021-03-24;9;1;418;12;;
00;2021-03-25;13;0;431;12;;
00;2021-03-26;12;0;443;12;;
00;2021-03-27;10;0;453;12;;
00;2021-03-28;8;0;461;12;;
00;2021-03-29;10;0;471;12;;
00;2021-03-30;18;0;489;12;;
00;2021-03-31;12;0;501;12;;
00;2021-04-01;8;0;509;12;;
00;2021-04-02;11;0;520;12;;
00;2021-04-03;10;0;530;12;;
00;2021-04-04;8;0;538;12;;
00;2021-04-05;8;0;546;12;;
00;2021-04-06;24;0;570;12;;
00;2021-04-07;27;0;597;12;;
00;2021-04-08;12;0;609;12;;
00;2021-04-09;19;0;628;12;;
00;2021-04-10;8;0;636;12;;
00;2021-04-11;18;0;654;12;;
00;2021-04-12;12;1;666;13;;
00;2021-04-13;24;0;690;13;;
00;2021-04-14;12;0;702;13;;
00;2021-04-15;29;1;731;14;;
00;2021-04-16;23;0;754;14;;
00;2021-04-17;9;0;763;14;;
00;2021-04-18;19;2;782;16;;
00;2021-04-19;18;1;800;17;;
00;2021-04-20;19;0;819;17;;
00;2021-04-21;27;0;846;17;;
00;2021-04-22;19;0;865;17;;
00;2021-04-23;17;7;882;24;;
00;2021-04-24;8;0;890;24;;
00;2021-04-25;5;0;895;24;;
00;2021-04-26;16;1;911;25;;
00;2021-04-27;14;2;925;27;;
00;2021-04-28;17;1;942;28;;
00;2021-04-29;13;1;955;29;;
00;2021-04-30;23;1;978;30;;
00;2021-05-01;16;2;994;32;;
00;2021-05-02;14;0;1008;32;;
00;2021-05-03;13;0;1021;32;;
00;2021-05-04;22;2;1043;34;;
00;2021-05-05;19;0;1062;34;;
00;2021-05-06;26;3;1088;37;;
00;2021-05-07;10;1;1098;38;;
00;2021-05-08;15;0;1113;38;;
00;2021-05-09;13;0;1126;38;;
00;2021-05-10;15;4;1141;42;;
00;2021-05-11;23;2;1164;44;;
00;2021-05-12;27;0;1191;44;;
00;2021-05-13;29;1;1220;45;;
00;2021-05-14;33;2;1253;47;;
00;2021-05-15;25;1;1278;48;;
00;2021-05-16;13;0;1291;48;;
00;2021-05-17;33;2;1324;50;;
00;2021-05-18;17;1;1341;51;;
00;2021-05-19;27;1;1368;52;;
00;2021-05-20;27;1;1395;53;;
00;2021-05-21;22;8;1417;61;;
00;2021-05-22;19;1;1436;62;;
00;2021-05-23;27;0;1463;62;;
00;2021-05-24;20;4;1483;66;;
00;2021-05-25;29;3;1512;69;;
00;2021-05-26;28;3;1540;72;;
00;2021-05-27;43;2;1583;74;;
00;2021-05-28;24;2;1607;76;;
00;2021-05-29;31;6;1638;82;;
00;2021-05-30;38;8;1676;90;;
00;2021-05-31;25;1;1701;91;;
00;2021-06-01;40;3;1741;94;;
00;2021-06-02;51;8;1792;102;;
00;2021-06-03;36;3;1828;105;;
00;2021-06-04;27;2;1855;107;;
00;2021-06-05;226;23;2081;130;;
00;2021-06-06;251;24;2332;154;;
00;2021-06-07;27;4;2359;158;;
00;2021-06-08;26;2;2385;160;;
00;2021-06-09;42;1;2427;161;;
00;2021-06-10;45;1;2472;162;;
00;2021-06-11;42;4;2514;166;;
00;2021-06-12;44;3;2558;169;;
00;2021-06-13;25;3;2583;172;;
00;2021-06-14;33;3;2616;175;;
00;2021-06-15;45;5;2661;180;;
00;2021-06-16;34;1;2695;181;;
00;2021-06-17;20;2;2715;183;;
00;2021-06-18;21;4;2736;187;;
00;2021-06-19;20;1;2756;188;;
00;2021-06-20;15;1;2771;189;;
00;2021-06-21;24;0;2795;189;;
00;2021-06-22;17;1;2812;190;;
00;2021-06-23;35;2;2847;192;;
00;2021-06-24;26;4;2873;196;;
00;2021-06-25;15;2;2888;198;;
00;2021-06-26;26;8;2914;206;;
00;2021-06-27;5;1;2919;207;;
00;2021-06-28;3;0;2922;207;;
00;2021-06-29;3;9;2925;216;;
00;2021-06-30;4;19;2929;235;;
00;2021-07-01;5;15;2934;250;;
00;2021-07-02;6;23;2940;273;;
00;2021-07-03;2;10;2942;283;;
00;2021-07-04;3;3;2945;286;;
00;2021-07-05;3;29;2948;315;;
00;2021-07-06;2;15;2950;330;;
00;2021-07-07;12;40;2962;370;;
00;2021-07-08;9;25;2971;395;;
00;2021-07-09;6;35;2977;430;;
00;2021-07-10;4;12;2981;442;;
00;2021-07-11;1;11;2982;453;;
00;2021-07-12;4;25;2986;478;;
00;2021-07-13;9;127;2995;605;;
00;2021-07-14;2;39;2997;644;;
00;2021-07-15;6;163;3003;807;;
00;2021-07-16;9;160;3012;967;;
00;2021-07-17;14;429;3026;1396;;
00;2021-07-18;70;152;3096;1548;;
00;2021-07-19;9;295;3105;1843;;
01;2020-12-27;0;0;0;0;0.0;0.0
01;2020-12-28;0;0;0;0;0.0;0.0
01;2020-12-29;0;0;0;0;0.0;0.0
01;2020-12-30;0;0;0;0;0.0;0.0
01;2020-12-31;0;0;0;0;0.0;0.0
01;2021-01-01;0;0;0;0;0.0;0.0
01;2021-01-02;0;0;0;0;0.0;0.0
01;2021-01-03;0;0;0;0;0.0;0.0
01;2021-01-04;0;0;0;0;0.0;0.0
01;2021-01-05;1;0;1;0;0.0;0.0
01;2021-01-06;1;0;2;0;0.0;0.0
01;2021-01-07;67;0;69;0;0.0;0.0
01;2021-01-08;159;0;228;0;0.0;0.0
01;2021-01-09;2;0;230;0;0.0;0.0
01;2021-01-10;0;0;230;0;0.0;0.0
01;2021-01-11;147;0;377;0;0.1;0.0
01;2021-01-12;317;2;694;2;0.1;0.0
01;2021-01-13;444;1;1138;3;0.2;0.0
01;2021-01-14;526;3;1664;6;0.3;0.0
01;2021-01-15;396;3;2060;9;0.3;0.0
01;2021-01-16;202;0;2262;9;0.3;0.0
01;2021-01-17;128;0;2390;9;0.4;0.0
01;2021-01-18;378;2;2768;11;0.4;0.0
01;2021-01-19;1038;1;3806;12;0.6;0.0
01;2021-01-20;1259;2;5065;14;0.8;0.0
01;2021-01-21;1094;4;6159;18;0.9;0.0
01;2021-01-22;646;0;6805;18;1.0;0.0
01;2021-01-23;222;0;7027;18;1.1;0.0
01;2021-01-24;71;1;7098;19;1.1;0.0
01;2021-01-25;477;1;7575;20;1.2;0.0
01;2021-01-26;738;3;8313;23;1.3;0.0
01;2021-01-27;516;5;8829;28;1.3;0.0
01;2021-01-28;679;54;9508;82;1.4;0.0
01;2021-01-29;635;98;10143;180;1.5;0.0
01;2021-01-30;234;14;10377;194;1.6;0.0
01;2021-01-31;59;0;10436;194;1.6;0.0
01;2021-02-01;448;75;10884;269;1.7;0.0
01;2021-02-02;509;184;11393;453;1.7;0.1
01;2021-02-03;370;298;11763;751;1.8;0.1
01;2021-02-04;475;419;12238;1170;1.9;0.2
01;2021-02-05;437;281;12675;1451;1.9;0.2
01;2021-02-06;259;139;12934;1590;2.0;0.2
01;2021-02-07;2;113;12936;1703;2.0;0.3
01;2021-02-08;504;408;13440;2111;2.0;0.3
01;2021-02-09;768;852;14208;2963;2.2;0.5
01;2021-02-10;940;723;15148;3686;2.3;0.6
01;2021-02-11;787;778;15935;4464;2.4;0.7
01;2021-02-12;635;552;16570;5016;2.5;0.8
01;2021-02-13;158;149;16728;5165;2.5;0.8
01;2021-02-14;0;9;16728;5174;2.5;0.8
01;2021-02-15;435;445;17163;5619;2.6;0.9
01;2021-02-16;652;410;17815;6029;2.7;0.9
01;2021-02-17;516;242;18331;6271;2.8;1.0
01;2021-02-18;589;564;18920;6835;2.9;1.0
01;2021-02-19;576;244;19496;7079;3.0;1.1
01;2021-02-20;200;154;19696;7233;3.0;1.1
01;2021-02-21;0;1;19696;7234;3.0;1.1
01;2021-02-22;427;554;20123;7788;3.1;1.2
01;2021-02-23;479;520;20602;8308;3.1;1.3
01;2021-02-24;435;465;21037;8773;3.2;1.3
01;2021-02-25;812;614;21849;9387;3.3;1.4
01;2021-02-26;865;560;22714;9947;3.5;1.5
01;2021-02-27;480;110;23194;10057;3.5;1.5
01;2021-02-28;20;3;23214;10060;3.5;1.5
01;2021-03-01;624;450;23838;10510;3.6;1.6
01;2021-03-02;947;550;24785;11060;3.8;1.7
01;2021-03-03;935;657;25720;11717;3.9;1.8
01;2021-03-04;1189;626;26909;12343;4.1;1.9
01;2021-03-05;1352;487;28261;12830;4.3;2.0
01;2021-03-06;779;87;29040;12917;4.4;2.0
01;2021-03-07;43;1;29083;12918;4.4;2.0
01;2021-03-08;665;617;29748;13535;4.5;2.1
01;2021-03-09;1330;593;31078;14128;4.7;2.2
01;2021-03-10;1160;522;32238;14650;4.9;2.2
01;2021-03-11;1665;616;33903;15266;5.2;2.3
01;2021-03-12;1999;620;35902;15886;5.5;2.4
01;2021-03-13;1499;76;37401;15962;5.7;2.4
01;2021-03-14;129;55;37530;16017;5.7;2.4
01;2021-03-15;1145;394;38675;16411;5.9;2.5
01;2021-03-16;1001;550;39676;16961;6.0;2.6
01;2021-03-17;833;337;40509;17298;6.2;2.6
01;2021-03-18;1279;455;41788;17753;6.4;2.7
01;2021-03-19;1740;516;43528;18269;6.6;2.8
01;2021-03-20;1441;121;44969;18390;6.8;2.8
01;2021-03-21;97;10;45066;18400;6.9;2.8
01;2021-03-22;1569;482;46635;18882;7.1;2.9
01;2021-03-23;2190;636;48825;19518;7.4;3.0
01;2021-03-24;1604;400;50429;19918;7.7;3.0
01;2021-03-25;2899;583;53328;20501;8.1;3.1
01;2021-03-26;2865;592;56193;21093;8.6;3.2
01;2021-03-27;1307;142;57500;21235;8.8;3.2
01;2021-03-28;21;1;57521;21236;8.8;3.2
01;2021-03-29;1926;535;59447;21771;9.0;3.3
01;2021-03-30;2505;740;61952;22511;9.4;3.4
01;2021-03-31;1862;615;63814;23126;9.7;3.5
01;2021-04-01;2551;825;66365;23951;10.1;3.6
01;2021-04-02;2813;684;69178;24635;10.5;3.7
01;2021-04-03;1255;116;70433;24751;10.7;3.8
01;2021-04-04;0;0;70433;24751;10.7;3.8
01;2021-04-05;1256;54;71689;24805;10.9;3.8
01;2021-04-06;2805;784;74494;25589;11.3;3.9
01;2021-04-07;2731;692;77225;26281;11.8;4.0
01;2021-04-08;3238;979;80463;27260;12.2;4.1
01;2021-04-09;3966;1299;84429;28559;12.9;4.3
01;2021-04-10;1822;288;86251;28847;13.1;4.4
01;2021-04-11;41;22;86292;28869;13.1;4.4
01;2021-04-12;2708;1210;89000;30079;13.5;4.6
01;2021-04-13;2928;1296;91928;31375;14.0;4.8
01;2021-04-14;3108;1065;95036;32440;14.5;4.9
01;2021-04-15;3070;1453;98106;33893;14.9;5.2
01;2021-04-16;2859;1559;100965;35452;15.4;5.4
01;2021-04-17;1654;675;102619;36127;15.6;5.5
01;2021-04-18;13;0;102632;36127;15.6;5.5
01;2021-04-19;2036;1519;104668;37646;15.9;5.7
01;2021-04-20;2657;1561;107325;39207;16.3;6.0
01;2021-04-21;2680;1335;110005;40542;16.7;6.2
01;2021-04-22;2827;1516;112832;42058;17.2;6.4
01;2021-04-23;2753;1506;115585;43564;17.6;6.6
01;2021-04-24;1444;644;117029;44208;17.8;6.7
01;2021-04-25;9;0;117038;44208;17.8;6.7
01;2021-04-26;1969;1714;119007;45922;18.1;7.0
01;2021-04-27;2567;1535;121574;47457;18.5;7.2
01;2021-04-28;2497;1563;124071;49020;18.9;7.5
01;2021-04-29;2716;1762;126787;50782;19.3;7.7
01;2021-04-30;2974;2218;129761;53000;19.8;8.1
01;2021-05-01;1469;853;131230;53853;20.0;8.2
01;2021-05-02;543;73;131773;53926;20.1;8.2
01;2021-05-03;2292;2477;134065;56403;20.4;8.6
01;2021-05-04;2544;2645;136609;59048;20.8;9.0
01;2021-05-05;2518;2482;139127;61530;21.2;9.4
01;2021-05-06;2992;2497;142119;64027;21.6;9.7
01;2021-05-07;3216;2781;145335;66808;22.1;10.2
01;2021-05-08;1641;922;146976;67730;22.4;10.3
01;2021-05-09;1023;157;147999;67887;22.5;10.3
01;2021-05-10;2498;3066;150497;70953;22.9;10.8
01;2021-05-11;3578;3037;154075;73990;23.5;11.3
01;2021-05-12;3647;2962;157722;76952;24.0;11.7
01;2021-05-13;4087;1495;161809;78447;24.6;11.9
01;2021-05-14;4271;2335;166080;80782;25.3;12.3
01;2021-05-15;3150;1425;169230;82207;25.8;12.5
01;2021-05-16;1410;149;170640;82356;26.0;12.5
01;2021-05-17;3427;2460;174067;84816;26.5;12.9
01;2021-05-18;4066;1941;178133;86757;27.1;13.2
01;2021-05-19;3964;1890;182097;88647;27.7;13.5
01;2021-05-20;4523;2010;186620;90657;28.4;13.8
01;2021-05-21;4611;2192;191231;92849;29.1;14.1
01;2021-05-22;3362;945;194593;93794;29.6;14.3
01;2021-05-23;829;82;195422;93876;29.7;14.3
01;2021-05-24;2761;499;198183;94375;30.2;14.4
01;2021-05-25;3552;2420;201735;96795;30.7;14.7
01;2021-05-26;3568;2238;205303;99033;31.3;15.1
01;2021-05-27;3844;2093;209147;101126;31.8;15.4
01;2021-05-28;3662;2639;212809;103765;32.4;15.8
01;2021-05-29;3055;1295;215864;105060;32.9;16.0
01;2021-05-30;613;89;216477;105149;33.0;16.0
01;2021-05-31;2400;2513;218877;107662;33.3;16.4
01;2021-06-01;2761;2577;221638;110239;33.7;16.8
01;2021-06-02;2868;2175;224506;112414;34.2;17.1
01;2021-06-03;3356;2423;227862;114837;34.7;17.5
01;2021-06-04;4497;3345;232359;118182;35.4;18.0
01;2021-06-05;3250;1716;235609;119898;35.9;18.3
01;2021-06-06;667;76;236276;119974;36.0;18.3
01;2021-06-07;3387;2864;239663;122838;36.5;18.7
01;2021-06-08;3640;2705;243303;125543;37.0;19.1
01;2021-06-09;2927;2627;246230;128170;37.5;19.5
01;2021-06-10;2728;2030;248958;130200;37.9;19.8
01;2021-06-11;3054;3357;252012;133557;38.4;20.3
01;2021-06-12;2396;2195;254408;135752;38.7;20.7
01;2021-06-13;199;478;254607;136230;38.8;20.7
01;2021-06-14;2101;3156;256708;139386;39.1;21.2
01;2021-06-15;1984;3357;258692;142743;39.4;21.7
01;2021-06-16;2153;3281;260845;146024;39.7;22.2
01;2021-06-17;1944;3167;262789;149191;40.0;22.7
01;2021-06-18;2571;4159;265360;153350;40.4;23.3
01;2021-06-19;1719;2554;267079;155904;40.7;23.7
01;2021-06-20;157;498;267236;156402;40.7;23.8
01;2021-06-21;1787;3711;269023;160113;40.9;24.4
01;2021-06-22;1538;4004;270561;164117;41.2;25.0
01;2021-06-23;1574;3758;272135;167875;41.4;25.6
01;2021-06-24;1459;3570;273594;171445;41.6;26.1
01;2021-06-25;1877;4575;275471;176020;41.9;26.8
01;2021-06-26;1197;2951;276668;178971;42.1;27.2
01;2021-06-27;168;340;276836;179311;42.1;27.3
01;2021-06-28;1369;4030;278205;183341;42.3;27.9
01;2021-06-29;1369;3853;279574;187194;42.6;28.5
01;2021-06-30;1344;4159;280918;191353;42.8;29.1
01;2021-07-01;1362;4089;282280;195442;43.0;29.7
01;2021-07-02;1562;4982;283842;200424;43.2;30.5
01;2021-07-03;850;3366;284692;203790;43.3;31.0
01;2021-07-04;101;498;284793;204288;43.4;31.1
01;2021-07-05;1458;4088;286251;208376;43.6;31.7
01;2021-07-06;1086;4286;287337;212662;43.7;32.4
01;2021-07-07;1625;3701;288962;216363;44.0;32.9
01;2021-07-08;1445;3674;290407;220037;44.2;33.5
01;2021-07-09;1873;4361;292280;224398;44.5;34.2
01;2021-07-10;1110;3447;293390;227845;44.7;34.7
01;2021-07-11;104;419;293494;228264;44.7;34.7
01;2021-07-12;1409;3843;294903;232107;44.9;35.3
01;2021-07-13;2040;4115;296943;236222;45.2;36.0
01;2021-07-14;137;180;297080;236402;45.2;36.0
01;2021-07-15;3071;4180;300151;240582;45.7;36.6
01;2021-07-16;3730;4807;303881;245389;46.3;37.4
01;2021-07-17;2155;3016;306036;248405;46.6;37.8
01;2021-07-18;286;550;306322;248955;46.6;37.9
01;2021-07-19;2822;3815;309144;252770;47.1;38.5
02;2020-12-27;0;0;0;0;0.0;0.0
02;2020-12-28;0;0;0;0;0.0;0.0
02;2020-12-29;0;0;0;0;0.0;0.0
02;2020-12-30;0;0;0;0;0.0;0.0
02;2020-12-31;0;0;0;0;0.0;0.0
02;2021-01-01;0;0;0;0;0.0;0.0
02;2021-01-02;0;0;0;0;0.0;0.0
02;2021-01-03;0;0;0;0;0.0;0.0
02;2021-01-04;0;0;0;0;0.0;0.0
02;2021-01-05;0;0;0;0;0.0;0.0
02;2021-01-06;22;0;22;0;0.0;0.0
02;2021-01-07;261;1;283;1;0.1;0.0
02;2021-01-08;488;2;771;3;0.1;0.0
02;2021-01-09;74;0;845;3;0.2;0.0
02;2021-01-10;49;0;894;3;0.2;0.0
02;2021-01-11;267;0;1161;3;0.2;0.0
02;2021-01-12;355;1;1516;4;0.3;0.0
02;2021-01-13;468;2;1984;6;0.4;0.0
02;2021-01-14;650;10;2634;16;0.5;0.0
02;2021-01-15;629;5;3263;21;0.6;0.0
02;2021-01-16;333;5;3596;26;0.7;0.0
02;2021-01-17;61;0;3657;26;0.7;0.0
02;2021-01-18;810;4;4467;30;0.8;0.0
02;2021-01-19;942;5;5409;35;1.0;0.0
02;2021-01-20;1428;5;6837;40;1.3;0.0
02;2021-01-21;2597;2;9434;42;1.8;0.0
02;2021-01-22;1418;1;10852;43;2.1;0.0
02;2021-01-23;288;1;11140;44;2.1;0.0
02;2021-01-24;67;0;11207;44;2.1;0.0
02;2021-01-25;432;10;11639;54;2.2;0.0
02;2021-01-26;704;13;12343;67;2.3;0.0
02;2021-01-27;159;2;12502;69;2.4;0.0
02;2021-01-28;69;248;12571;317;2.4;0.1
02;2021-01-29;119;421;12690;738;2.4;0.1
02;2021-01-30;4;14;12694;752;2.4;0.1
02;2021-01-31;0;10;12694;762;2.4;0.1
02;2021-02-01;11;214;12705;976;2.4;0.2
02;2021-02-02;45;331;12750;1307;2.4;0.2
02;2021-02-03;124;340;12874;1647;2.4;0.3
02;2021-02-04;225;359;13099;2006;2.5;0.4
02;2021-02-05;178;418;13277;2424;2.5;0.5
02;2021-02-06;65;175;13342;2599;2.5;0.5
02;2021-02-07;9;0;13351;2599;2.5;0.5
02;2021-02-08;305;436;13656;3035;2.6;0.6
02;2021-02-09;322;681;13978;3716;2.7;0.7
02;2021-02-10;484;1045;14462;4761;2.7;0.9
02;2021-02-11;939;1907;15401;6668;2.9;1.3
02;2021-02-12;885;1121;16286;7789;3.1;1.5
02;2021-02-13;290;129;16576;7918;3.2;1.5
02;2021-02-14;1;5;16577;7923;3.2;1.5
02;2021-02-15;344;682;16921;8605;3.2;1.6
02;2021-02-16;410;571;17331;9176;3.3;1.7
02;2021-02-17;498;632;17829;9808;3.4;1.9
02;2021-02-18;507;446;18336;10254;3.5;1.9
02;2021-02-19;443;572;18779;10826;3.6;2.1
02;2021-02-20;372;231;19151;11057;3.6;2.1
02;2021-02-21;39;17;19190;11074;3.6;2.1
02;2021-02-22;377;315;19567;11389;3.7;2.2
02;2021-02-23;432;362;19999;11751;3.8;2.2
02;2021-02-24;600;145;20599;11896;3.9;2.3
02;2021-02-25;868;134;21467;12030;4.1;2.3
02;2021-02-26;806;70;22273;12100;4.2;2.3
02;2021-02-27;443;8;22716;12108;4.3;2.3
02;2021-02-28;54;1;22770;12109;4.3;2.3
02;2021-03-01;637;24;23407;12133;4.4;2.3
02;2021-03-02;1032;99;24439;12232;4.6;2.3
02;2021-03-03;752;203;25191;12435;4.8;2.4
02;2021-03-04;1159;664;26350;13099;5.0;2.5
02;2021-03-05;1047;500;27397;13599;5.2;2.6
02;2021-03-06;2137;90;29534;13689;5.6;2.6
02;2021-03-07;1503;36;31037;13725;5.9;2.6
02;2021-03-08;571;362;31608;14087;6.0;2.7
02;2021-03-09;997;396;32605;14483;6.2;2.8
02;2021-03-10;893;460;33498;14943;6.4;2.8
02;2021-03-11;1294;382;34792;15325;6.6;2.9
02;2021-03-12;1702;398;36494;15723;6.9;3.0
02;2021-03-13;2590;214;39084;15937;7.4;3.0
02;2021-03-14;1454;30;40538;15967;7.7;3.0
02;2021-03-15;612;450;41150;16417;7.8;3.1
02;2021-03-16;863;393;42013;16810;8.0;3.2
02;2021-03-17;758;450;42771;17260;8.1;3.3
02;2021-03-18;607;617;43378;17877;8.2;3.4
02;2021-03-19;1172;297;44550;18174;8.5;3.5
02;2021-03-20;2428;141;46978;18315;8.9;3.5
02;2021-03-21;1488;65;48466;18380;9.2;3.5
02;2021-03-22;759;494;49225;18874;9.4;3.6
02;2021-03-23;1196;542;50421;19416;9.6;3.7
02;2021-03-24;1580;489;52001;19905;9.9;3.8
02;2021-03-25;1692;579;53693;20484;10.2;3.9
02;2021-03-26;2410;469;56103;20953;10.7;4.0
02;2021-03-27;2496;109;58599;21062;11.1;4.0
02;2021-03-28;637;8;59236;21070;11.3;4.0
02;2021-03-29;1037;855;60273;21925;11.5;4.2
02;2021-03-30;1554;836;61827;22761;11.8;4.3
02;2021-03-31;1299;712;63126;23473;12.0;4.5
02;2021-04-01;1290;845;64416;24318;12.2;4.6
02;2021-04-02;1180;1225;65596;25543;12.5;4.9
02;2021-04-03;2646;838;68242;26381;13.0;5.0
02;2021-04-04;727;235;68969;26616;13.1;5.1
02;2021-04-05;1509;124;70478;26740;13.4;5.1
02;2021-04-06;1540;846;72018;27586;13.7;5.2
02;2021-04-07;1862;768;73880;28354;14.0;5.4
02;2021-04-08;1919;1096;75799;29450;14.4;5.6
02;2021-04-09;2431;1078;78230;30528;14.9;5.8
02;2021-04-10;2429;1193;80659;31721;15.3;6.0
02;2021-04-11;476;415;81135;32136;15.4;6.1
02;2021-04-12;1824;621;82959;32757;15.8;6.2
02;2021-04-13;1596;915;84555;33672;16.1;6.4
02;2021-04-14;2586;949;87141;34621;16.6;6.6
02;2021-04-15;2496;744;89637;35365;17.0;6.7
02;2021-04-16;2437;1109;92074;36474;17.5;6.9
02;2021-04-17;1889;2132;93963;38606;17.9;7.3
02;2021-04-18;270;814;94233;39420;17.9;7.5
02;2021-04-19;1159;625;95392;40045;18.1;7.6
02;2021-04-20;1675;756;97067;40801;18.5;7.8
02;2021-04-21;1548;976;98615;41777;18.7;7.9
02;2021-04-22;1749;688;100364;42465;19.1;8.1
02;2021-04-23;1924;1396;102288;43861;19.4;8.3
02;2021-04-24;1708;1633;103996;45494;19.8;8.6
02;2021-04-25;462;234;104458;45728;19.9;8.7
02;2021-04-26;1340;556;105798;46284;20.1;8.8
02;2021-04-27;1626;1091;107424;47375;20.4;9.0
02;2021-04-28;1593;1431;109017;48806;20.7;9.3
02;2021-04-29;1881;1172;110898;49978;21.1;9.5
02;2021-04-30;2715;1640;113613;51618;21.6;9.8
02;2021-05-01;1988;1209;115601;52827;22.0;10.0
02;2021-05-02;1983;405;117584;53232;22.4;10.1
02;2021-05-03;2223;979;119807;54211;22.8;10.3
02;2021-05-04;1526;1313;121333;55524;23.1;10.6
02;2021-05-05;2329;1832;123662;57356;23.5;10.9
02;2021-05-06;2120;1723;125782;59079;23.9;11.2
02;2021-05-07;2357;2168;128139;61247;24.4;11.6
02;2021-05-08;2916;932;131055;62179;24.9;11.8
02;2021-05-09;1822;420;132877;62599;25.3;11.9
02;2021-05-10;2373;1473;135250;64072;25.7;12.2
02;2021-05-11;2876;1557;138126;65629;26.3;12.5
02;2021-05-12;2671;1618;140797;67247;26.8;12.8
02;2021-05-13;2988;1035;143785;68282;27.3;13.0
02;2021-05-14;3377;1202;147162;69484;28.0;13.2
02;2021-05-15;4372;1070;151534;70554;28.8;13.4
02;2021-05-16;2796;209;154330;70763;29.3;13.5
02;2021-05-17;2147;655;156477;71418;29.7;13.6
02;2021-05-18;2633;960;159110;72378;30.2;13.8
02;2021-05-19;2850;985;161960;73363;30.8;13.9
02;2021-05-20;3552;1222;165512;74585;31.5;14.2
02;2021-05-21;3815;1051;169327;75636;32.2;14.4
02;2021-05-22;5849;950;175176;76586;33.3;14.6
02;2021-05-23;2657;236;177833;76822;33.8;14.6
02;2021-05-24;3541;536;181374;77358;34.5;14.7
02;2021-05-25;2261;1146;183635;78504;34.9;14.9
02;2021-05-26;3079;1485;186714;79989;35.5;15.2
02;2021-05-27;3649;1480;190363;81469;36.2;15.5
02;2021-05-28;3512;1579;193875;83048;36.9;15.8
02;2021-05-29;4083;1578;197958;84626;37.6;16.1
02;2021-05-30;1449;182;199407;84808;37.9;16.1
02;2021-05-31;2579;1190;201986;85998;38.4;16.3
02;2021-06-01;2865;1867;204851;87865;38.9;16.7
02;2021-06-02;3155;1633;208006;89498;39.5;17.0
02;2021-06-03;2840;1829;210846;91327;40.1;17.4
02;2021-06-04;3139;2051;213985;93378;40.7;17.8
02;2021-06-05;3428;1727;217413;95105;41.3;18.1
02;2021-06-06;1731;258;219144;95363;41.7;18.1
02;2021-06-07;1612;1497;220756;96860;42.0;18.4
02;2021-06-08;2053;1841;222809;98701;42.4;18.8
02;2021-06-09;2044;1647;224853;100348;42.7;19.1
02;2021-06-10;1991;1828;226844;102176;43.1;19.4
02;2021-06-11;2193;3067;229037;105243;43.5;20.0
02;2021-06-12;2310;2590;231347;107833;44.0;20.5
02;2021-06-13;682;1386;232029;109219;44.1;20.8
02;2021-06-14;1047;2394;233076;111613;44.3;21.2
02;2021-06-15;1517;2462;234593;114075;44.6;21.7
02;2021-06-16;1527;2745;236120;116820;44.9;22.2
02;2021-06-17;1773;2857;237893;119677;45.2;22.8
02;2021-06-18;2304;3565;240197;123242;45.7;23.4
02;2021-06-19;1835;3814;242032;127056;46.0;24.2
02;2021-06-20;643;1518;242675;128574;46.1;24.4
02;2021-06-21;801;3202;243476;131776;46.3;25.1
02;2021-06-22;1142;3672;244618;135448;46.5;25.7
02;2021-06-23;1200;3593;245818;139041;46.7;26.4
02;2021-06-24;1315;3157;247133;142198;47.0;27.0
02;2021-06-25;1390;4562;248523;146760;47.2;27.9
02;2021-06-26;1338;4227;249861;150987;47.5;28.7
02;2021-06-27;594;2333;250455;153320;47.6;29.1
02;2021-06-28;873;3031;251328;156351;47.8;29.7
02;2021-06-29;906;2927;252234;159278;47.9;30.3
02;2021-06-30;1396;3159;253630;162437;48.2;30.9
02;2021-07-01;1182;3588;254812;166025;48.4;31.6
02;2021-07-02;1308;5141;256120;171166;48.7;32.5
02;2021-07-03;989;5987;257109;177153;48.9;33.7
02;2021-07-04;507;2373;257616;179526;49.0;34.1
02;2021-07-05;651;3943;258267;183469;49.1;34.9
02;2021-07-06;666;3045;258933;186514;49.2;35.5
02;2021-07-07;1307;3733;260240;190247;49.5;36.2
02;2021-07-08;1385;3876;261625;194123;49.7;36.9
02;2021-07-09;1273;4215;262898;198338;50.0;37.7
02;2021-07-10;1323;4605;264221;202943;50.2;38.6
02;2021-07-11;479;1965;264700;204908;50.3;39.0
02;2021-07-12;1404;3715;266104;208623;50.6;39.7
02;2021-07-13;2051;3643;268155;212266;51.0;40.4
02;2021-07-14;1752;1589;269907;213855;51.3;40.7
02;2021-07-15;2697;3524;272604;217379;51.8;41.3
02;2021-07-16;3134;4200;275738;221579;52.4;42.1
02;2021-07-17;3544;4183;279282;225762;53.1;42.9
02;2021-07-18;2034;1597;281316;227359;53.5;43.2
02;2021-07-19;3411;2992;284727;230351;54.1;43.8
03;2020-12-27;0;0;0;0;0.0;0.0
03;2020-12-28;0;0;0;0;0.0;0.0
03;2020-12-29;0;0;0;0;0.0;0.0
03;2020-12-30;0;0;0;0;0.0;0.0
03;2020-12-31;0;0;0;0;0.0;0.0
03;2021-01-01;0;0;0;0;0.0;0.0
03;2021-01-02;0;0;0;0;0.0;0.0
03;2021-01-03;0;0;0;0;0.0;0.0
03;2021-01-04;0;0;0;0;0.0;0.0
03;2021-01-05;0;0;0;0;0.0;0.0
03;2021-01-06;10;0;10;0;0.0;0.0
03;2021-01-07;60;0;70;0;0.0;0.0
03;2021-01-08;146;1;216;1;0.1;0.0
03;2021-01-09;122;0;338;1;0.1;0.0
03;2021-01-10;6;0;344;1;0.1;0.0
03;2021-01-11;412;0;756;1;0.2;0.0
03;2021-01-12;630;0;1386;1;0.4;0.0
03;2021-01-13;669;1;2055;2;0.6;0.0
03;2021-01-14;860;4;2915;6;0.9;0.0
03;2021-01-15;322;1;3237;7;1.0;0.0
03;2021-01-16;277;0;3514;7;1.1;0.0
03;2021-01-17;42;0;3556;7;1.1;0.0
03;2021-01-18;878;0;4434;7;1.3;0.0
03;2021-01-19;1150;1;5584;8;1.7;0.0
03;2021-01-20;1289;2;6873;10;2.1;0.0
03;2021-01-21;1196;4;8069;14;2.4;0.0
03;2021-01-22;1116;3;9185;17;2.8;0.0
03;2021-01-23;465;0;9650;17;2.9;0.0
03;2021-01-24;0;0;9650;17;2.9;0.0
03;2021-01-25;187;0;9837;17;3.0;0.0
03;2021-01-26;678;14;10515;31;3.2;0.0
03;2021-01-27;695;10;11210;41;3.4;0.0
03;2021-01-28;1018;44;12228;85;3.7;0.0
03;2021-01-29;855;81;13083;166;3.9;0.1
03;2021-01-30;600;2;13683;168;4.1;0.1
03;2021-01-31;0;0;13683;168;4.1;0.1
03;2021-02-01;160;76;13843;244;4.2;0.1
03;2021-02-02;765;269;14608;513;4.4;0.2
03;2021-02-03;1055;491;15663;1004;4.7;0.3
03;2021-02-04;1545;632;17208;1636;5.2;0.5
03;2021-02-05;943;315;18151;1951;5.5;0.6
03;2021-02-06;150;13;18301;1964;5.5;0.6
03;2021-02-07;5;0;18306;1964;5.5;0.6
03;2021-02-08;128;56;18434;2020;5.6;0.6
03;2021-02-09;610;441;19044;2461;5.7;0.7
03;2021-02-10;483;339;19527;2800;5.9;0.8
03;2021-02-11;1025;573;20552;3373;6.2;1.0
03;2021-02-12;1074;550;21626;3923;6.5;1.2
03;2021-02-13;126;168;21752;4091;6.6;1.2
03;2021-02-14;0;1;21752;4092;6.6;1.2
03;2021-02-15;308;861;22060;4953;6.7;1.5
03;2021-02-16;547;1169;22607;6122;6.8;1.8
03;2021-02-17;453;1364;23060;7486;7.0;2.3
03;2021-02-18;367;1272;23427;8758;7.1;2.6
03;2021-02-19;496;799;23923;9557;7.2;2.9
03;2021-02-20;128;185;24051;9742;7.3;2.9
03;2021-02-21;1;1;24052;9743;7.3;2.9
03;2021-02-22;159;205;24211;9948;7.3;3.0
03;2021-02-23;721;949;24932;10897;7.5;3.3
03;2021-02-24;609;1022;25541;11919;7.7;3.6
03;2021-02-25;1090;1837;26631;13756;8.0;4.2
03;2021-02-26;820;1371;27451;15127;8.3;4.6
03;2021-02-27;96;258;27547;15385;8.3;4.6
03;2021-02-28;0;15;27547;15400;8.3;4.6
03;2021-03-01;178;241;27725;15641;8.4;4.7
03;2021-03-02;818;660;28543;16301;8.6;4.9
03;2021-03-03;893;442;29436;16743;8.9;5.1
03;2021-03-04;1526;580;30962;17323;9.3;5.2
03;2021-03-05;1119;717;32081;18040;9.7;5.4
03;2021-03-06;913;108;32994;18148;10.0;5.5
03;2021-03-07;2;0;32996;18148;10.0;5.5
03;2021-03-08;237;245;33233;18393;10.0;5.6
03;2021-03-09;1015;435;34248;18828;10.3;5.7
03;2021-03-10;940;543;35188;19371;10.6;5.8
03;2021-03-11;1674;641;36862;20012;11.1;6.0
03;2021-03-12;1300;859;38162;20871;11.5;6.3
03;2021-03-13;861;108;39023;20979;11.8;6.3
03;2021-03-14;2;9;39025;20988;11.8;6.3
03;2021-03-15;249;200;39274;21188;11.9;6.4
03;2021-03-16;650;398;39924;21586;12.1;6.5
03;2021-03-17;1298;434;41222;22020;12.4;6.6
03;2021-03-18;1720;384;42942;22404;13.0;6.8
03;2021-03-19;1726;355;44668;22759;13.5;6.9
03;2021-03-20;301;20;44969;22779;13.6;6.9
03;2021-03-21;0;0;44969;22779;13.6;6.9
03;2021-03-22;222;393;45191;23172;13.6;7.0
03;2021-03-23;1350;344;46541;23516;14.0;7.1
03;2021-03-24;1819;350;48360;23866;14.6;7.2
03;2021-03-25;2366;559;50726;24425;15.3;7.4
03;2021-03-26;2232;433;52958;24858;16.0;7.5
03;2021-03-27;816;20;53774;24878;16.2;7.5
03;2021-03-28;1;39;53775;24917;16.2;7.5
03;2021-03-29;657;174;54432;25091;16.4;7.6
03;2021-03-30;1906;439;56338;25530;17.0;7.7
03;2021-03-31;1011;985;57349;26515;17.3;8.0
03;2021-04-01;1329;1088;58678;27603;17.7;8.3
03;2021-04-02;1707;601;60385;28204;18.2;8.5
03;2021-04-03;365;95;60750;28299;18.3;8.5
03;2021-04-04;1;0;60751;28299;18.3;8.5
03;2021-04-05;16;14;60767;28313;18.3;8.5
03;2021-04-06;1071;403;61838;28716;18.7;8.7
03;2021-04-07;1561;500;63399;29216;19.1;8.8
03;2021-04-08;2119;466;65518;29682;19.8;9.0
03;2021-04-09;2057;1150;67575;30832;20.4;9.3
03;2021-04-10;1011;70;68586;30902;20.7;9.3
03;2021-04-11;477;7;69063;30909;20.8;9.3
03;2021-04-12;985;218;70048;31127;21.1;9.4
03;2021-04-13;1870;953;71918;32080;21.7;9.7
03;2021-04-14;2330;1194;74248;33274;22.4;10.0
03;2021-04-15;2619;1383;76867;34657;23.2;10.5
03;2021-04-16;2831;1149;79698;35806;24.1;10.8
03;2021-04-17;1082;433;80780;36239;24.4;10.9
03;2021-04-18;0;0;80780;36239;24.4;10.9
03;2021-04-19;1192;579;81972;36818;24.7;11.1
03;2021-04-20;1751;1257;83723;38075;25.3;11.5
03;2021-04-21;1123;1285;84846;39360;25.6;11.9
03;2021-04-22;1672;980;86518;40340;26.1;12.2
03;2021-04-23;2473;1232;88991;41572;26.9;12.5
03;2021-04-24;1302;895;90293;42467;27.3;12.8
03;2021-04-25;350;13;90643;42480;27.4;12.8
03;2021-04-26;1331;456;91974;42936;27.8;13.0
03;2021-04-27;1765;1501;93739;44437;28.3;13.4
03;2021-04-28;1928;1099;95667;45536;28.9;13.7
03;2021-04-29;2371;1229;98038;46765;29.6;14.1
03;2021-04-30;1929;793;99967;47558;30.2;14.4
03;2021-05-01;437;481;100404;48039;30.3;14.5
03;2021-05-02;1;1;100405;48040;30.3;14.5
03;2021-05-03;1909;763;102314;48803;30.9;14.7
03;2021-05-04;2840;1611;105154;50414;31.7;15.2
03;2021-05-05;2601;1308;107755;51722;32.5;15.6
03;2021-05-06;3093;2002;110848;53724;33.5;16.2
03;2021-05-07;4726;1782;115574;55506;34.9;16.8
03;2021-05-08;659;377;116233;55883;35.1;16.9
03;2021-05-09;48;512;116281;56395;35.1;17.0
03;2021-05-10;1892;1456;118173;57851;35.7;17.5
03;2021-05-11;3897;1817;122070;59668;36.8;18.0
03;2021-05-12;2970;1516;125040;61184;37.7;18.5
03;2021-05-13;4377;396;129417;61580;39.1;18.6
03;2021-05-14;3653;1684;133070;63264;40.2;19.1
03;2021-05-15;1942;488;135012;63752;40.8;19.2
03;2021-05-16;517;56;135529;63808;40.9;19.3
03;2021-05-17;1276;858;136805;64666;41.3;19.5
03;2021-05-18;3067;1493;139872;66159;42.2;20.0
03;2021-05-19;2617;957;142489;67116;43.0;20.3
03;2021-05-20;3329;1122;145818;68238;44.0;20.6
03;2021-05-21;4188;1269;150006;69507;45.3;21.0
03;2021-05-22;2011;355;152017;69862;45.9;21.1
03;2021-05-23;638;73;152655;69935;46.1;21.1
03;2021-05-24;2652;206;155307;70141;46.9;21.2
03;2021-05-25;3068;1682;158375;71823;47.8;21.7
03;2021-05-26;2334;1039;160709;72862;48.5;22.0
03;2021-05-27;2944;1119;163653;73981;49.4;22.3
03;2021-05-28;3839;2267;167492;76248;50.6;23.0
03;2021-05-29;1746;595;169238;76843;51.1;23.2
03;2021-05-30;242;23;169480;76866;51.2;23.2
03;2021-05-31;691;568;170171;77434;51.4;23.4
03;2021-06-01;2298;2343;172469;79777;52.1;24.1
03;2021-06-02;1527;1745;173996;81522;52.5;24.6
03;2021-06-03;2055;2751;176051;84273;53.1;25.4
03;2021-06-04;1697;2503;177748;86776;53.6;26.2
03;2021-06-05;1075;1141;178823;87917;54.0;26.5
03;2021-06-06;57;6;178880;87923;54.0;26.5
03;2021-06-07;781;1808;179661;89731;54.2;27.1
03;2021-06-08;1445;2549;181106;92280;54.7;27.9
03;2021-06-09;1239;1871;182345;94151;55.0;28.4
03;2021-06-10;1319;2117;183664;96268;55.4;29.1
03;2021-06-11;1415;3447;185079;99715;55.9;30.1
03;2021-06-12;828;823;185907;100538;56.1;30.3
03;2021-06-13;19;10;185926;100548;56.1;30.3
03;2021-06-14;379;2178;186305;102726;56.2;31.0
03;2021-06-15;1212;3838;187517;106564;56.6;32.2
03;2021-06-16;757;2882;188274;109446;56.8;33.0
03;2021-06-17;1039;3333;189313;112779;57.1;34.0
03;2021-06-18;1085;3979;190398;116758;57.5;35.2
03;2021-06-19;638;1620;191036;118378;57.7;35.7
03;2021-06-20;14;8;191050;118386;57.7;35.7
03;2021-06-21;419;2639;191469;121025;57.8;36.5
03;2021-06-22;939;4006;192408;125031;58.1;37.7
03;2021-06-23;642;3283;193050;128314;58.3;38.7
03;2021-06-24;944;3866;193994;132180;58.6;39.9
03;2021-06-25;873;3887;194867;136067;58.8;41.1
03;2021-06-26;491;2042;195358;138109;59.0;41.7
03;2021-06-27;49;485;195407;138594;59.0;41.8
03;2021-06-28;626;2097;196033;140691;59.2;42.5
03;2021-06-29;1005;3338;197038;144029;59.5;43.5
03;2021-06-30;820;3120;197858;147149;59.7;44.4
03;2021-07-01;959;2938;198817;150087;60.0;45.3
03;2021-07-02;890;4093;199707;154180;60.3;46.5
03;2021-07-03;470;1884;200177;156064;60.4;47.1
03;2021-07-04;19;333;200196;156397;60.4;47.2
03;2021-07-05;756;2379;200952;158776;60.7;47.9
03;2021-07-06;1087;3452;202039;162228;61.0;49.0
03;2021-07-07;791;2614;202830;164842;61.2;49.8
03;2021-07-08;1044;3036;203874;167878;61.5;50.7
03;2021-07-09;1425;3626;205299;171504;62.0;51.8
03;2021-07-10;484;1928;205783;173432;62.1;52.3
03;2021-07-11;60;493;205843;173925;62.1;52.5
03;2021-07-12;921;1151;206764;175076;62.4;52.8
03;2021-07-13;2514;3150;209278;178226;63.2;53.8
03;2021-07-14;193;22;209471;178248;63.2;53.8
03;2021-07-15;2548;2445;212019;180693;64.0;54.5
03;2021-07-16;2681;2245;214700;182938;64.8;55.2
03;2021-07-17;1018;1615;215718;184553;65.1;55.7
03;2021-07-18;20;5;215738;184558;65.1;55.7
03;2021-07-19;2372;1259;218110;185817;65.8;56.1
04;2020-12-27;0;0;0;0;0.0;0.0
04;2020-12-28;0;0;0;0;0.0;0.0
04;2020-12-29;0;0;0;0;0.0;0.0
04;2020-12-30;0;0;0;0;0.0;0.0
04;2020-12-31;0;0;0;0;0.0;0.0
04;2021-01-01;0;0;0;0;0.0;0.0
04;2021-01-02;0;0;0;0;0.0;0.0
04;2021-01-03;0;0;0;0;0.0;0.0
04;2021-01-04;0;0;0;0;0.0;0.0
04;2021-01-05;4;0;4;0;0.0;0.0
04;2021-01-06;0;0;4;0;0.0;0.0
04;2021-01-07;61;0;65;0;0.0;0.0
04;2021-01-08;88;0;153;0;0.1;0.0
04;2021-01-09;56;0;209;0;0.1;0.0
04;2021-01-10;0;0;209;0;0.1;0.0
04;2021-01-11;76;0;285;0;0.2;0.0
04;2021-01-12;418;1;703;1;0.4;0.0
04;2021-01-13;245;1;948;2;0.6;0.0
04;2021-01-14;90;2;1038;4;0.6;0.0
04;2021-01-15;165;3;1203;7;0.7;0.0
04;2021-01-16;105;2;1308;9;0.8;0.0
04;2021-01-17;14;0;1322;9;0.8;0.0
04;2021-01-18;235;9;1557;18;0.9;0.0
04;2021-01-19;466;4;2023;22;1.2;0.0
04;2021-01-20;572;5;2595;27;1.6;0.0
04;2021-01-21;612;5;3207;32;1.9;0.0
04;2021-01-22;637;1;3844;33;2.3;0.0
04;2021-01-23;109;0;3953;33;2.4;0.0
04;2021-01-24;0;0;3953;33;2.4;0.0
04;2021-01-25;239;0;4192;33;2.5;0.0
04;2021-01-26;656;0;4848;33;2.9;0.0
04;2021-01-27;480;0;5328;33;3.2;0.0
04;2021-01-28;665;20;5993;53;3.6;0.0
04;2021-01-29;367;41;6360;94;3.8;0.1
04;2021-01-30;65;41;6425;135;3.9;0.1
04;2021-01-31;1;5;6426;140;3.9;0.1
04;2021-02-01;234;149;6660;289;4.0;0.2
04;2021-02-02;530;223;7190;512;4.4;0.3
04;2021-02-03;367;162;7557;674;4.6;0.4
04;2021-02-04;355;52;7912;726;4.8;0.4
04;2021-02-05;377;224;8289;950;5.0;0.6
04;2021-02-06;50;96;8339;1046;5.0;0.6
04;2021-02-07;2;22;8341;1068;5.0;0.6
04;2021-02-08;163;71;8504;1139;5.1;0.7
04;2021-02-09;193;144;8697;1283;5.3;0.8
04;2021-02-10;252;171;8949;1454;5.4;0.9
04;2021-02-11;363;293;9312;1747;5.6;1.1
04;2021-02-12;292;318;9604;2065;5.8;1.3
04;2021-02-13;26;94;9630;2159;5.8;1.3
04;2021-02-14;0;0;9630;2159;5.8;1.3
04;2021-02-15;31;165;9661;2324;5.8;1.4
04;2021-02-16;82;521;9743;2845;5.9;1.7
04;2021-02-17;67;433;9810;3278;5.9;2.0
04;2021-02-18;45;613;9855;3891;6.0;2.4
04;2021-02-19;51;379;9906;4270;6.0;2.6
04;2021-02-20;5;71;9911;4341;6.0;2.6
04;2021-02-21;0;0;9911;4341;6.0;2.6
04;2021-02-22;7;298;9918;4639;6.0;2.8
04;2021-02-23;19;595;9937;5234;6.0;3.2
04;2021-02-24;38;428;9975;5662;6.0;3.4
04;2021-02-25;70;379;10045;6041;6.1;3.7
04;2021-02-26;215;332;10260;6373;6.2;3.9
04;2021-02-27;177;75;10437;6448;6.3;3.9
04;2021-02-28;1;0;10438;6448;6.3;3.9
04;2021-03-01;17;73;10455;6521;6.3;3.9
04;2021-03-02;135;41;10590;6562;6.4;4.0
04;2021-03-03;375;642;10965;7204;6.6;4.4
04;2021-03-04;207;490;11172;7694;6.8;4.7
04;2021-03-05;232;359;11404;8053;6.9;4.9
04;2021-03-06;911;64;12315;8117;7.5;4.9
04;2021-03-07;497;24;12812;8141;7.8;4.9
04;2021-03-08;44;83;12856;8224;7.8;5.0
04;2021-03-09;215;256;13071;8480;7.9;5.1
04;2021-03-10;401;370;13472;8850;8.2;5.4
04;2021-03-11;495;341;13967;9191;8.5;5.6
04;2021-03-12;697;201;14664;9392;8.9;5.7
04;2021-03-13;1080;58;15744;9450;9.5;5.7
04;2021-03-14;459;3;16203;9453;9.8;5.7
04;2021-03-15;92;13;16295;9466;9.9;5.7
04;2021-03-16;74;9;16369;9475;9.9;5.7
04;2021-03-17;531;72;16900;9547;10.2;5.8
04;2021-03-18;814;21;17714;9568;10.7;5.8
04;2021-03-19;722;30;18436;9598;11.2;5.8
04;2021-03-20;158;2;18594;9600;11.3;5.8
04;2021-03-21;0;0;18594;9600;11.3;5.8
04;2021-03-22;105;11;18699;9611;11.3;5.8
04;2021-03-23;243;5;18942;9616;11.5;5.8
04;2021-03-24;1021;49;19963;9665;12.1;5.9
04;2021-03-25;1324;42;21287;9707;12.9;5.9
04;2021-03-26;1448;60;22735;9767;13.8;5.9
04;2021-03-27;263;19;22998;9786;13.9;5.9
04;2021-03-28;2;0;23000;9786;13.9;5.9
04;2021-03-29;678;11;23678;9797;14.3;5.9
04;2021-03-30;1084;142;24762;9939;15.0;6.0
04;2021-03-31;1326;99;26088;10038;15.8;6.1
04;2021-04-01;1131;122;27219;10160;16.5;6.2
04;2021-04-02;1183;106;28402;10266;17.2;6.2
04;2021-04-03;248;20;28650;10286;17.3;6.2
04;2021-04-04;1;0;28651;10286;17.3;6.2
04;2021-04-05;33;0;28684;10286;17.4;6.2
04;2021-04-06;926;142;29610;10428;17.9;6.3
04;2021-04-07;884;425;30494;10853;18.5;6.6
04;2021-04-08;922;694;31416;11547;19.0;7.0
04;2021-04-09;674;413;32090;11960;19.4;7.2
04;2021-04-10;231;192;32321;12152;19.6;7.4
04;2021-04-11;153;65;32474;12217;19.7;7.4
04;2021-04-12;594;98;33068;12315;20.0;7.5
04;2021-04-13;1190;234;34258;12549;20.7;7.6
04;2021-04-14;990;499;35248;13048;21.3;7.9
04;2021-04-15;920;666;36168;13714;21.9;8.3
04;2021-04-16;816;455;36984;14169;22.4;8.6
04;2021-04-17;210;69;37194;14238;22.5;8.6
04;2021-04-18;0;13;37194;14251;22.5;8.6
04;2021-04-19;338;290;37532;14541;22.7;8.8
04;2021-04-20;1003;441;38535;14982;23.3;9.1
04;2021-04-21;654;744;39189;15726;23.7;9.5
04;2021-04-22;759;853;39948;16579;24.2;10.0
04;2021-04-23;693;532;40641;17111;24.6;10.4
04;2021-04-24;161;65;40802;17176;24.7;10.4
04;2021-04-25;0;0;40802;17176;24.7;10.4
04;2021-04-26;171;612;40973;17788;24.8;10.8
04;2021-04-27;394;965;41367;18753;25.0;11.4
04;2021-04-28;431;1088;41798;19841;25.3;12.0
04;2021-04-29;686;1124;42484;20965;25.7;12.7
04;2021-04-30;434;849;42918;21814;26.0;13.2
04;2021-05-01;104;22;43022;21836;26.0;13.2
04;2021-05-02;8;132;43030;21968;26.0;13.3
04;2021-05-03;151;552;43181;22520;26.1;13.6
04;2021-05-04;564;837;43745;23357;26.5;14.1
04;2021-05-05;510;927;44255;24284;26.8;14.7
04;2021-05-06;1160;587;45415;24871;27.5;15.1
04;2021-05-07;658;760;46073;25631;27.9;15.5
04;2021-05-08;48;98;46121;25729;27.9;15.6
04;2021-05-09;0;0;46121;25729;27.9;15.6
04;2021-05-10;466;296;46587;26025;28.2;15.8
04;2021-05-11;1202;906;47789;26931;28.9;16.3
04;2021-05-12;1390;735;49179;27666;29.8;16.7
04;2021-05-13;378;130;49557;27796;30.0;16.8
04;2021-05-14;441;294;49998;28090;30.3;17.0
04;2021-05-15;98;163;50096;28253;30.3;17.1
04;2021-05-16;1;6;50097;28259;30.3;17.1
04;2021-05-17;154;297;50251;28556;30.4;17.3
04;2021-05-18;391;975;50642;29531;30.7;17.9
04;2021-05-19;768;688;51410;30219;31.1;18.3
04;2021-05-20;1257;553;52667;30772;31.9;18.6
04;2021-05-21;848;785;53515;31557;32.4;19.1
04;2021-05-22;105;146;53620;31703;32.5;19.2
04;2021-05-23;1;1;53621;31704;32.5;19.2
04;2021-05-24;0;36;53621;31740;32.5;19.2
04;2021-05-25;865;595;54486;32335;33.0;19.6
04;2021-05-26;1047;786;55533;33121;33.6;20.0
04;2021-05-27;1357;630;56890;33751;34.4;20.4
04;2021-05-28;1119;657;58009;34408;35.1;20.8
04;2021-05-29;88;397;58097;34805;35.2;21.1
04;2021-05-30;3;1;58100;34806;35.2;21.1
04;2021-05-31;421;418;58521;35224;35.4;21.3
04;2021-06-01;641;634;59162;35858;35.8;21.7
04;2021-06-02;867;1062;60029;36920;36.3;22.3
04;2021-06-03;1195;852;61224;37772;37.1;22.9
04;2021-06-04;977;777;62201;38549;37.7;23.3
04;2021-06-05;141;201;62342;38750;37.7;23.5
04;2021-06-06;6;12;62348;38762;37.7;23.5
04;2021-06-07;564;319;62912;39081;38.1;23.7
04;2021-06-08;830;593;63742;39674;38.6;24.0
04;2021-06-09;1148;688;64890;40362;39.3;24.4
04;2021-06-10;1138;583;66028;40945;40.0;24.8
04;2021-06-11;944;611;66972;41556;40.5;25.2
04;2021-06-12;210;147;67182;41703;40.7;25.2
04;2021-06-13;1;1;67183;41704;40.7;25.2
04;2021-06-14;475;303;67658;42007;41.0;25.4
04;2021-06-15;638;1001;68296;43008;41.3;26.0
04;2021-06-16;1016;784;69312;43792;42.0;26.5
04;2021-06-17;994;958;70306;44750;42.6;27.1
04;2021-06-18;756;887;71062;45637;43.0;27.6
04;2021-06-19;38;85;71100;45722;43.0;27.7
04;2021-06-20;7;9;71107;45731;43.0;27.7
04;2021-06-21;302;614;71409;46345;43.2;28.1
04;2021-06-22;355;1306;71764;47651;43.4;28.8
04;2021-06-23;470;1313;72234;48964;43.7;29.6
04;2021-06-24;847;817;73081;49781;44.2;30.1
04;2021-06-25;460;635;73541;50416;44.5;30.5
04;2021-06-26;56;130;73597;50546;44.6;30.6
04;2021-06-27;4;4;73601;50550;44.6;30.6
04;2021-06-28;160;342;73761;50892;44.7;30.8
04;2021-06-29;367;829;74128;51721;44.9;31.3
04;2021-06-30;536;1121;74664;52842;45.2;32.0
04;2021-07-01;573;1211;75237;54053;45.5;32.7
04;2021-07-02;553;1085;75790;55138;45.9;33.4
04;2021-07-03;64;162;75854;55300;45.9;33.5
04;2021-07-04;6;6;75860;55306;45.9;33.5
04;2021-07-05;106;295;75966;55601;46.0;33.7
04;2021-07-06;498;1382;76464;56983;46.3;34.5
04;2021-07-07;485;1343;76949;58326;46.6;35.3
04;2021-07-08;713;1344;77662;59670;47.0;36.1
04;2021-07-09;580;1062;78242;60732;47.4;36.8
04;2021-07-10;91;175;78333;60907;47.4;36.9
04;2021-07-11;0;21;78333;60928;47.4;36.9
04;2021-07-12;126;654;78459;61582;47.5;37.3
04;2021-07-13;869;1537;79328;63119;48.0;38.2
04;2021-07-14;24;43;79352;63162;48.0;38.2
04;2021-07-15;1209;1725;80561;64887;48.8;39.3
04;2021-07-16;1076;1106;81637;65993;49.4;39.9
04;2021-07-17;439;228;82076;66221;49.7;40.1
04;2021-07-18;111;18;82187;66239;49.8;40.1
04;2021-07-19;482;650;82669;66889;50.0;40.5
05;2020-12-27;0;0;0;0;0.0;0.0
05;2020-12-28;1;0;1;0;0.0;0.0
05;2020-12-29;1;0;2;0;0.0;0.0
05;2020-12-30;0;0;2;0;0.0;0.0
05;2020-12-31;0;0;2;0;0.0;0.0
05;2021-01-01;1;0;3;0;0.0;0.0
05;2021-01-02;2;0;5;0;0.0;0.0
05;2021-01-03;1;0;6;0;0.0;0.0
05;2021-01-04;2;0;8;0;0.0;0.0
05;2021-01-05;0;0;8;0;0.0;0.0
05;2021-01-06;20;0;28;0;0.0;0.0
05;2021-01-07;128;0;156;0;0.1;0.0
05;2021-01-08;146;0;302;0;0.2;0.0
05;2021-01-09;11;0;313;0;0.2;0.0
05;2021-01-10;0;0;313;0;0.2;0.0
05;2021-01-11;43;0;356;0;0.3;0.0
05;2021-01-12;105;0;461;0;0.3;0.0
05;2021-01-13;140;0;601;0;0.4;0.0
05;2021-01-14;166;0;767;0;0.5;0.0
05;2021-01-15;128;1;895;1;0.6;0.0
05;2021-01-16;13;0;908;1;0.6;0.0
05;2021-01-17;0;0;908;1;0.6;0.0
05;2021-01-18;224;1;1132;2;0.8;0.0
05;2021-01-19;226;0;1358;2;1.0;0.0
05;2021-01-20;212;0;1570;2;1.1;0.0
05;2021-01-21;255;0;1825;2;1.3;0.0
05;2021-01-22;194;1;2019;3;1.4;0.0
05;2021-01-23;112;0;2131;3;1.5;0.0
05;2021-01-24;0;0;2131;3;1.5;0.0
05;2021-01-25;315;0;2446;3;1.7;0.0
05;2021-01-26;486;1;2932;4;2.1;0.0
05;2021-01-27;389;4;3321;8;2.3;0.0
05;2021-01-28;362;55;3683;63;2.6;0.0
05;2021-01-29;363;112;4046;175;2.9;0.1
05;2021-01-30;97;8;4143;183;2.9;0.1
05;2021-01-31;3;0;4146;183;2.9;0.1
05;2021-02-01;175;21;4321;204;3.0;0.1
05;2021-02-02;186;122;4507;326;3.2;0.2
05;2021-02-03;205;65;4712;391;3.3;0.3
05;2021-02-04;197;129;4909;520;3.5;0.4
05;2021-02-05;183;111;5092;631;3.6;0.4
05;2021-02-06;73;23;5165;654;3.6;0.5
05;2021-02-07;0;5;5165;659;3.6;0.5
05;2021-02-08;84;125;5249;784;3.7;0.6
05;2021-02-09;97;118;5346;902;3.8;0.6
05;2021-02-10;81;178;5427;1080;3.8;0.8
05;2021-02-11;87;138;5514;1218;3.9;0.9
05;2021-02-12;84;150;5598;1368;3.9;1.0
05;2021-02-13;75;32;5673;1400;4.0;1.0
05;2021-02-14;0;0;5673;1400;4.0;1.0
05;2021-02-15;97;191;5770;1591;4.1;1.1
05;2021-02-16;110;286;5880;1877;4.1;1.3
05;2021-02-17;136;233;6016;2110;4.2;1.5
05;2021-02-18;154;299;6170;2409;4.4;1.7
05;2021-02-19;158;322;6328;2731;4.5;1.9
05;2021-02-20;31;87;6359;2818;4.5;2.0
05;2021-02-21;0;0;6359;2818;4.5;2.0
05;2021-02-22;70;243;6429;3061;4.5;2.2
05;2021-02-23;18;238;6447;3299;4.5;2.3
05;2021-02-24;21;196;6468;3495;4.6;2.5
05;2021-02-25;56;178;6524;3673;4.6;2.6
05;2021-02-26;145;213;6669;3886;4.7;2.7
05;2021-02-27;65;171;6734;4057;4.8;2.9
05;2021-02-28;10;0;6744;4057;4.8;2.9
05;2021-03-01;90;163;6834;4220;4.8;3.0
05;2021-03-02;92;197;6926;4417;4.9;3.1
05;2021-03-03;111;225;7037;4642;5.0;3.3
05;2021-03-04;241;163;7278;4805;5.1;3.4
05;2021-03-05;576;189;7854;4994;5.5;3.5
05;2021-03-06;668;59;8522;5053;6.0;3.6
05;2021-03-07;515;16;9037;5069;6.4;3.6
05;2021-03-08;556;132;9593;5201;6.8;3.7
05;2021-03-09;517;156;10110;5357;7.1;3.8
05;2021-03-10;496;138;10606;5495;7.5;3.9
05;2021-03-11;372;131;10978;5626;7.7;4.0
05;2021-03-12;435;86;11413;5712;8.1;4.0
05;2021-03-13;791;81;12204;5793;8.6;4.1
05;2021-03-14;668;6;12872;5799;9.1;4.1
05;2021-03-15;353;125;13225;5924;9.3;4.2
05;2021-03-16;148;138;13373;6062;9.4;4.3
05;2021-03-17;261;120;13634;6182;9.6;4.4
05;2021-03-18;364;34;13998;6216;9.9;4.4
05;2021-03-19;449;58;14447;6274;10.2;4.4
05;2021-03-20;167;32;14614;6306;10.3;4.4
05;2021-03-21;0;0;14614;6306;10.3;4.4
05;2021-03-22;715;27;15329;6333;10.8;4.5
05;2021-03-23;804;8;16133;6341;11.4;4.5
05;2021-03-24;786;70;16919;6411;11.9;4.5
05;2021-03-25;899;47;17818;6458;12.6;4.6
05;2021-03-26;1021;41;18839;6499;13.3;4.6
05;2021-03-27;466;33;19305;6532;13.6;4.6
05;2021-03-28;10;0;19315;6532;13.6;4.6
05;2021-03-29;903;61;20218;6593;14.3;4.7
05;2021-03-30;1140;65;21358;6658;15.1;4.7
05;2021-03-31;823;248;22181;6906;15.6;4.9
05;2021-04-01;896;237;23077;7143;16.3;5.0
05;2021-04-02;665;373;23742;7516;16.7;5.3
05;2021-04-03;549;180;24291;7696;17.1;5.4
05;2021-04-04;350;61;24641;7757;17.4;5.5
05;2021-04-05;155;11;24796;7768;17.5;5.5
05;2021-04-06;646;264;25442;8032;17.9;5.7
05;2021-04-07;772;322;26214;8354;18.5;5.9
05;2021-04-08;733;330;26947;8684;19.0;6.1
05;2021-04-09;881;394;27828;9078;19.6;6.4
05;2021-04-10;713;385;28541;9463;20.1;6.7
05;2021-04-11;190;174;28731;9637;20.3;6.8
05;2021-04-12;732;257;29463;9894;20.8;7.0
05;2021-04-13;917;218;30380;10112;21.4;7.1
05;2021-04-14;665;325;31045;10437;21.9;7.4
05;2021-04-15;764;397;31809;10834;22.4;7.6
05;2021-04-16;731;406;32540;11240;23.0;7.9
05;2021-04-17;669;237;33209;11477;23.4;8.1
05;2021-04-18;305;22;33514;11499;23.6;8.1
05;2021-04-19;363;535;33877;12034;23.9;8.5
05;2021-04-20;479;625;34356;12659;24.2;8.9
05;2021-04-21;492;629;34848;13288;24.6;9.4
05;2021-04-22;385;545;35233;13833;24.9;9.8
05;2021-04-23;522;648;35755;14481;25.2;10.2
05;2021-04-24;344;380;36099;14861;25.5;10.5
05;2021-04-25;288;20;36387;14881;25.7;10.5
05;2021-04-26;361;704;36748;15585;25.9;11.0
05;2021-04-27;657;748;37405;16333;26.4;11.5
05;2021-04-28;466;718;37871;17051;26.7;12.0
05;2021-04-29;701;747;38572;17798;27.2;12.6
05;2021-04-30;506;751;39078;18549;27.6;13.1
05;2021-05-01;137;109;39215;18658;27.7;13.2
05;2021-05-02;266;110;39481;18768;27.9;13.2
05;2021-05-03;456;494;39937;19262;28.2;13.6
05;2021-05-04;384;502;40321;19764;28.4;13.9
05;2021-05-05;463;670;40784;20434;28.8;14.4
05;2021-05-06;646;716;41430;21150;29.2;14.9
05;2021-05-07;595;800;42025;21950;29.6;15.5
05;2021-05-08;480;174;42505;22124;30.0;15.6
05;2021-05-09;208;57;42713;22181;30.1;15.6
05;2021-05-10;497;691;43210;22872;30.5;16.1
05;2021-05-11;668;912;43878;23784;31.0;16.8
05;2021-05-12;645;731;44523;24515;31.4;17.3
05;2021-05-13;958;113;45481;24628;32.1;17.4
05;2021-05-14;825;491;46306;25119;32.7;17.7
05;2021-05-15;1042;353;47348;25472;33.4;18.0
05;2021-05-16;234;52;47582;25524;33.6;18.0
05;2021-05-17;483;431;48065;25955;33.9;18.3
05;2021-05-18;515;418;48580;26373;34.3;18.6
05;2021-05-19;724;456;49304;26829;34.8;18.9
05;2021-05-20;745;433;50049;27262;35.3;19.2
05;2021-05-21;706;511;50755;27773;35.8;19.6
05;2021-05-22;606;238;51361;28011;36.2;19.8
05;2021-05-23;277;59;51638;28070;36.4;19.8
05;2021-05-24;508;156;52146;28226;36.8;19.9
05;2021-05-25;513;481;52659;28707;37.1;20.3
05;2021-05-26;694;360;53353;29067;37.6;20.5
05;2021-05-27;796;570;54149;29637;38.2;20.9
05;2021-05-28;664;646;54813;30283;38.7;21.4
05;2021-05-29;567;546;55380;30829;39.1;21.7
05;2021-05-30;212;82;55592;30911;39.2;21.8
05;2021-05-31;575;496;56167;31407;39.6;22.2
05;2021-06-01;588;583;56755;31990;40.0;22.6
05;2021-06-02;682;702;57437;32692;40.5;23.1
05;2021-06-03;714;649;58151;33341;41.0;23.5
05;2021-06-04;1016;815;59167;34156;41.7;24.1
05;2021-06-05;808;503;59975;34659;42.3;24.4
05;2021-06-06;199;88;60174;34747;42.4;24.5
05;2021-06-07;605;836;60779;35583;42.9;25.1
05;2021-06-08;697;656;61476;36239;43.4;25.6
05;2021-06-09;647;780;62123;37019;43.8;26.1
05;2021-06-10;531;713;62654;37732;44.2;26.6
05;2021-06-11;760;721;63414;38453;44.7;27.1
05;2021-06-12;588;485;64002;38938;45.1;27.5
05;2021-06-13;112;91;64114;39029;45.2;27.5
05;2021-06-14;397;671;64511;39700;45.5;28.0
05;2021-06-15;542;914;65053;40614;45.9;28.7
05;2021-06-16;434;671;65487;41285;46.2;29.1
05;2021-06-17;356;803;65843;42088;46.4;29.7
05;2021-06-18;394;724;66237;42812;46.7;30.2
05;2021-06-19;420;572;66657;43384;47.0;30.6
05;2021-06-20;61;77;66718;43461;47.1;30.7
05;2021-06-21;317;647;67035;44108;47.3;31.1
05;2021-06-22;352;832;67387;44940;47.5;31.7
05;2021-06-23;352;765;67739;45705;47.8;32.2
05;2021-06-24;381;1020;68120;46725;48.1;33.0
05;2021-06-25;222;895;68342;47620;48.2;33.6
05;2021-06-26;289;1074;68631;48694;48.4;34.4
05;2021-06-27;126;169;68757;48863;48.5;34.5
05;2021-06-28;250;794;69007;49657;48.7;35.0
05;2021-06-29;246;782;69253;50439;48.9;35.6
05;2021-06-30;320;789;69573;51228;49.1;36.1
05;2021-07-01;377;791;69950;52019;49.3;36.7
05;2021-07-02;365;868;70315;52887;49.6;37.3
05;2021-07-03;301;738;70616;53625;49.8;37.8
05;2021-07-04;177;176;70793;53801;49.9;38.0
05;2021-07-05;262;783;71055;54584;50.1;38.5
05;2021-07-06;330;859;71385;55443;50.4;39.1
05;2021-07-07;390;783;71775;56226;50.6;39.7
05;2021-07-08;422;854;72197;57080;50.9;40.3
05;2021-07-09;417;998;72614;58078;51.2;41.0
05;2021-07-10;309;725;72923;58803;51.4;41.5
05;2021-07-11;172;116;73095;58919;51.6;41.6
05;2021-07-12;413;1012;73508;59931;51.9;42.3
05;2021-07-13;477;869;73985;60800;52.2;42.9
05;2021-07-14;836;301;74821;61101;52.8;43.1
05;2021-07-15;702;990;75523;62091;53.3;43.8
05;2021-07-16;1015;1439;76538;63530;54.0;44.8
05;2021-07-17;666;1289;77204;64819;54.5;45.7
05;2021-07-18;284;125;77488;64944;54.7;45.8
05;2021-07-19;560;794;78048;65738;55.1;46.4
06;2020-12-27;1;0;1;0;0.0;0.0
06;2020-12-28;1;0;2;0;0.0;0.0
06;2020-12-29;0;0;2;0;0.0;0.0
06;2020-12-30;3;0;5;0;0.0;0.0
06;2020-12-31;19;0;24;0;0.0;0.0
06;2021-01-01;8;0;32;0;0.0;0.0
06;2021-01-02;4;0;36;0;0.0;0.0
06;2021-01-03;2;0;38;0;0.0;0.0
06;2021-01-04;133;1;171;1;0.0;0.0
06;2021-01-05;172;1;343;2;0.0;0.0
06;2021-01-06;209;0;552;2;0.1;0.0
06;2021-01-07;495;0;1047;2;0.1;0.0
06;2021-01-08;661;1;1708;3;0.2;0.0
06;2021-01-09;391;2;2099;5;0.2;0.0
06;2021-01-10;71;0;2170;5;0.2;0.0
06;2021-01-11;1126;0;3296;5;0.3;0.0
06;2021-01-12;2201;5;5497;10;0.5;0.0
06;2021-01-13;1708;6;7205;16;0.7;0.0
06;2021-01-14;2033;16;9238;32;0.9;0.0
06;2021-01-15;1821;4;11059;36;1.0;0.0
06;2021-01-16;960;2;12019;38;1.1;0.0
06;2021-01-17;226;0;12245;38;1.1;0.0
06;2021-01-18;2444;7;14689;45;1.4;0.0
06;2021-01-19;2723;3;17412;48;1.6;0.0
06;2021-01-20;3312;6;20724;54;1.9;0.0
06;2021-01-21;2993;19;23717;73;2.2;0.0
06;2021-01-22;2721;12;26438;85;2.4;0.0
06;2021-01-23;1291;2;27729;87;2.6;0.0
06;2021-01-24;28;0;27757;87;2.6;0.0
06;2021-01-25;2041;14;29798;101;2.8;0.0
06;2021-01-26;3335;37;33133;138;3.1;0.0
06;2021-01-27;2513;94;35646;232;3.3;0.0
06;2021-01-28;2761;205;38407;437;3.6;0.0
06;2021-01-29;2481;302;40888;739;3.8;0.1
06;2021-01-30;660;42;41548;781;3.8;0.1
06;2021-01-31;2;0;41550;781;3.8;0.1
06;2021-02-01;997;478;42547;1259;3.9;0.1
06;2021-02-02;1475;427;44022;1686;4.1;0.2
06;2021-02-03;329;137;44351;1823;4.1;0.2
06;2021-02-04;701;896;45052;2719;4.2;0.3
06;2021-02-05;1002;1119;46054;3838;4.3;0.4
06;2021-02-06;145;466;46199;4304;4.3;0.4
06;2021-02-07;4;49;46203;4353;4.3;0.4
06;2021-02-08;523;1089;46726;5442;4.3;0.5
06;2021-02-09;305;744;47031;6186;4.4;0.6
06;2021-02-10;361;698;47392;6884;4.4;0.6
06;2021-02-11;462;1076;47854;7960;4.4;0.7
06;2021-02-12;635;1312;48489;9272;4.5;0.9
06;2021-02-13;203;527;48692;9799;4.5;0.9
06;2021-02-14;1;2;48693;9801;4.5;0.9
06;2021-02-15;456;1282;49149;11083;4.6;1.0
06;2021-02-16;857;2036;50006;13119;4.6;1.2
06;2021-02-17;815;2159;50821;15278;4.7;1.4
06;2021-02-18;1780;2710;52601;17988;4.9;1.7
06;2021-02-19;1739;2149;54340;20137;5.0;1.9
06;2021-02-20;274;531;54614;20668;5.1;1.9
06;2021-02-21;17;55;54631;20723;5.1;1.9
06;2021-02-22;1067;1627;55698;22350;5.2;2.1
06;2021-02-23;1723;1558;57421;23908;5.3;2.2
06;2021-02-24;2091;1296;59512;25204;5.5;2.3
06;2021-02-25;3818;1711;63330;26915;5.9;2.5
06;2021-02-26;3365;1598;66695;28513;6.2;2.6
06;2021-02-27;1403;324;68098;28837;6.3;2.7
06;2021-02-28;80;23;68178;28860;6.3;2.7
06;2021-03-01;2396;814;70574;29674;6.5;2.7
06;2021-03-02;2426;982;73000;30656;6.8;2.8
06;2021-03-03;2814;558;75814;31214;7.0;2.9
06;2021-03-04;4560;602;80374;31816;7.4;2.9
06;2021-03-05;3867;1004;84241;32820;7.8;3.0
06;2021-03-06;11763;294;96004;33114;8.9;3.1
06;2021-03-07;10103;247;106107;33361;9.8;3.1
06;2021-03-08;4096;1179;110203;34540;10.2;3.2
06;2021-03-09;4910;916;115113;35456;10.7;3.3
06;2021-03-10;4637;829;119750;36285;11.1;3.4
06;2021-03-11;6681;843;126431;37128;11.7;3.4
06;2021-03-12;6817;968;133248;38096;12.3;3.5
06;2021-03-13;11127;279;144375;38375;13.4;3.6
06;2021-03-14;486;48;144861;38423;13.4;3.6
06;2021-03-15;4794;747;149655;39170;13.9;3.6
06;2021-03-16;3699;1026;153354;40196;14.2;3.7
06;2021-03-17;6080;1853;159434;42049;14.8;3.9
06;2021-03-18;5080;1798;164514;43847;15.2;4.1
06;2021-03-19;6763;1974;171277;45821;15.9;4.2
06;2021-03-20;2346;553;173623;46374;16.1;4.3
06;2021-03-21;398;24;174021;46398;16.1;4.3
06;2021-03-22;3932;676;177953;47074;16.5;4.4
06;2021-03-23;5942;1187;183895;48261;17.0;4.5
06;2021-03-24;4179;3323;188074;51584;17.4;4.8
06;2021-03-25;5806;3210;193880;54794;18.0;5.1
06;2021-03-26;6318;1973;200198;56767;18.5;5.3
06;2021-03-27;2014;362;202212;57129;18.7;5.3
06;2021-03-28;201;2;202413;57131;18.8;5.3
06;2021-03-29;3176;2079;205589;59210;19.0;5.5
06;2021-03-30;5153;2538;210742;61748;19.5;5.7
06;2021-03-31;7958;1597;218700;63345;20.3;5.9
06;2021-04-01;7591;2416;226291;65761;21.0;6.1
06;2021-04-02;7165;2657;233456;68418;21.6;6.3
06;2021-04-03;2698;1350;236154;69768;21.9;6.5
06;2021-04-04;293;545;236447;70313;21.9;6.5
06;2021-04-05;1385;689;237832;71002;22.0;6.6
06;2021-04-06;6574;3279;244406;74281;22.6;6.9
06;2021-04-07;6176;3852;250582;78133;23.2;7.2
06;2021-04-08;5689;5608;256271;83741;23.7;7.8
06;2021-04-09;9260;5751;265531;89492;24.6;8.3
06;2021-04-10;2379;2783;267910;92275;24.8;8.5
06;2021-04-11;171;55;268081;92330;24.8;8.6
06;2021-04-12;4343;3498;272424;95828;25.2;8.9
06;2021-04-13;6184;5068;278608;100896;25.8;9.3
06;2021-04-14;5407;4446;284015;105342;26.3;9.8
06;2021-04-15;5502;4336;289517;109678;26.8;10.2
06;2021-04-16;6986;5122;296503;114800;27.5;10.6
06;2021-04-17;2757;3075;299260;117875;27.7;10.9
06;2021-04-18;252;222;299512;118097;27.7;10.9
06;2021-04-19;5430;4015;304942;122112;28.3;11.3
06;2021-04-20;5567;4812;310509;126924;28.8;11.8
06;2021-04-21;8208;4045;318717;130969;29.5;12.1
06;2021-04-22;8427;4107;327144;135076;30.3;12.5
06;2021-04-23;8583;4063;335727;139139;31.1;12.9
06;2021-04-24;2313;1473;338040;140612;31.3;13.0
06;2021-04-25;115;28;338155;140640;31.3;13.0
06;2021-04-26;4097;2273;342252;142913;31.7;13.2
06;2021-04-27;4543;3963;346795;146876;32.1;13.6
06;2021-04-28;4097;4517;350892;151393;32.5;14.0
06;2021-04-29;5990;5389;356882;156782;33.1;14.5
06;2021-04-30;6675;5111;363557;161893;33.7;15.0
06;2021-05-01;4081;765;367638;162658;34.1;15.1
06;2021-05-02;481;154;368119;162812;34.1;15.1
06;2021-05-03;6815;3469;374934;166281;34.7;15.4
06;2021-05-04;5680;5307;380614;171588;35.3;15.9
06;2021-05-05;4478;3841;385092;175429;35.7;16.3
06;2021-05-06;5137;4684;390229;180113;36.2;16.7
06;2021-05-07;5542;5625;395771;185738;36.7;17.2
06;2021-05-08;4780;1263;400551;187001;37.1;17.3
06;2021-05-09;181;307;400732;187308;37.1;17.4
06;2021-05-10;4755;5002;405487;192310;37.6;17.8
06;2021-05-11;4736;5505;410223;197815;38.0;18.3
06;2021-05-12;8841;4752;419064;202567;38.8;18.8
06;2021-05-13;9003;1987;428067;204554;39.7;19.0
06;2021-05-14;10670;3236;438737;207790;40.6;19.3
06;2021-05-15;9085;2134;447822;209924;41.5;19.4
06;2021-05-16;1487;283;449309;210207;41.6;19.5
06;2021-05-17;7420;3703;456729;213910;42.3;19.8
06;2021-05-18;9554;3112;466283;217022;43.2;20.1
06;2021-05-19;7539;2866;473822;219888;43.9;20.4
06;2021-05-20;7556;3573;481378;223461;44.6;20.7
06;2021-05-21;8637;3837;490015;227298;45.4;21.1
06;2021-05-22;3005;1319;493020;228617;45.7;21.2
06;2021-05-23;118;628;493138;229245;45.7;21.2
06;2021-05-24;3121;980;496259;230225;46.0;21.3
06;2021-05-25;4736;4931;500995;235156;46.4;21.8
06;2021-05-26;5514;6547;506509;241703;46.9;22.4
06;2021-05-27;5463;6235;511972;247938;47.4;23.0
06;2021-05-28;4837;7219;516809;255157;47.9;23.6
06;2021-05-29;1618;2929;518427;258086;48.0;23.9
06;2021-05-30;255;1124;518682;259210;48.1;24.0
06;2021-05-31;4314;5061;522996;264271;48.5;24.5
06;2021-06-01;5547;7356;528543;271627;49.0;25.2
06;2021-06-02;3176;8504;531719;280131;49.3;26.0
06;2021-06-03;4301;8282;536020;288413;49.7;26.7
06;2021-06-04;5364;7702;541384;296115;50.2;27.4
06;2021-06-05;2204;3329;543588;299444;50.4;27.7
06;2021-06-06;172;235;543760;299679;50.4;27.8
06;2021-06-07;4041;5566;547801;305245;50.8;28.3
06;2021-06-08;4246;5127;552047;310372;51.1;28.8
06;2021-06-09;3902;7304;555949;317676;51.5;29.4
06;2021-06-10;4480;6806;560429;324482;51.9;30.1
06;2021-06-11;3652;8334;564081;332816;52.3;30.8
06;2021-06-12;1687;3736;565768;336552;52.4;31.2
06;2021-06-13;135;433;565903;336985;52.4;31.2
06;2021-06-14;2544;8565;568447;345550;52.7;32.0
06;2021-06-15;3032;9451;571479;355001;52.9;32.9
06;2021-06-16;3311;6971;574790;361972;53.3;33.5
06;2021-06-17;3367;7109;578157;369081;53.6;34.2
06;2021-06-18;2393;5888;580550;374969;53.8;34.7
06;2021-06-19;1173;1637;581723;376606;53.9;34.9
06;2021-06-20;195;344;581918;376950;53.9;34.9
06;2021-06-21;1441;6262;583359;383212;54.0;35.5
06;2021-06-22;2026;7345;585385;390557;54.2;36.2
06;2021-06-23;1817;6523;587202;397080;54.4;36.8
06;2021-06-24;2816;8885;590018;405965;54.7;37.6
06;2021-06-25;2108;9574;592126;415539;54.9;38.5
06;2021-06-26;838;2275;592964;417814;54.9;38.7
06;2021-06-27;368;1183;593332;418997;55.0;38.8
06;2021-06-28;2295;8100;595627;427097;55.2;39.6
06;2021-06-29;2098;7667;597725;434764;55.4;40.3
06;2021-06-30;1259;7666;598984;442430;55.5;41.0
06;2021-07-01;2498;7405;601482;449835;55.7;41.7
06;2021-07-02;2582;8006;604064;457841;56.0;42.4
06;2021-07-03;1159;4309;605223;462150;56.1;42.8
06;2021-07-04;293;297;605516;462447;56.1;42.8
06;2021-07-05;3332;5056;608848;467503;56.4;43.3
06;2021-07-06;1860;5808;610708;473311;56.6;43.8
06;2021-07-07;3112;5896;613820;479207;56.9;44.4
06;2021-07-08;3273;6237;617093;485444;57.2;45.0
06;2021-07-09;3043;6059;620136;491503;57.5;45.5
06;2021-07-10;1637;2312;621773;493815;57.6;45.7
06;2021-07-11;314;319;622087;494134;57.6;45.8
06;2021-07-12;3148;7009;625235;501143;57.9;46.4
06;2021-07-13;5306;8838;630541;509981;58.4;47.2
06;2021-07-14;939;417;631480;510398;58.5;47.3
06;2021-07-15;4735;7734;636215;518132;58.9;48.0
06;2021-07-16;7087;8859;643302;526991;59.6;48.8
06;2021-07-17;2814;5362;646116;532353;59.9;49.3
06;2021-07-18;1000;5305;647116;537658;60.0;49.8
06;2021-07-19;5201;7845;652317;545503;60.4;50.5
07;2020-12-27;0;0;0;0;0.0;0.0
07;2020-12-28;0;0;0;0;0.0;0.0
07;2020-12-29;0;0;0;0;0.0;0.0
07;2020-12-30;0;0;0;0;0.0;0.0
07;2020-12-31;0;0;0;0;0.0;0.0
07;2021-01-01;7;0;7;0;0.0;0.0
07;2021-01-02;0;0;7;0;0.0;0.0
07;2021-01-03;0;0;7;0;0.0;0.0
07;2021-01-04;0;0;7;0;0.0;0.0
07;2021-01-05;0;0;7;0;0.0;0.0
07;2021-01-06;31;0;38;0;0.0;0.0
07;2021-01-07;129;1;167;1;0.1;0.0
07;2021-01-08;45;1;212;2;0.1;0.0
07;2021-01-09;17;0;229;2;0.1;0.0
07;2021-01-10;0;0;229;2;0.1;0.0
07;2021-01-11;157;1;386;3;0.1;0.0
07;2021-01-12;308;0;694;3;0.2;0.0
07;2021-01-13;303;1;997;4;0.3;0.0
07;2021-01-14;478;0;1475;4;0.5;0.0
07;2021-01-15;187;0;1662;4;0.5;0.0
07;2021-01-16;17;0;1679;4;0.5;0.0
07;2021-01-17;2;0;1681;4;0.5;0.0
07;2021-01-18;363;1;2044;5;0.6;0.0
07;2021-01-19;829;1;2873;6;0.9;0.0
07;2021-01-20;596;1;3469;7;1.1;0.0
07;2021-01-21;451;1;3920;8;1.2;0.0
07;2021-01-22;291;0;4211;8;1.3;0.0
07;2021-01-23;107;0;4318;8;1.3;0.0
07;2021-01-24;0;0;4318;8;1.3;0.0
07;2021-01-25;164;0;4482;8;1.4;0.0
07;2021-01-26;489;1;4971;9;1.5;0.0
07;2021-01-27;552;7;5523;16;1.7;0.0
07;2021-01-28;1201;99;6724;115;2.1;0.0
07;2021-01-29;704;15;7428;130;2.3;0.0
07;2021-01-30;213;4;7641;134;2.3;0.0
07;2021-01-31;7;0;7648;134;2.3;0.0
07;2021-02-01;267;32;7915;166;2.4;0.1
07;2021-02-02;645;241;8560;407;2.6;0.1
07;2021-02-03;1044;221;9604;628;2.9;0.2
07;2021-02-04;719;258;10323;886;3.2;0.3
07;2021-02-05;482;252;10805;1138;3.3;0.3
07;2021-02-06;96;2;10901;1140;3.3;0.3
07;2021-02-07;12;1;10913;1141;3.3;0.3
07;2021-02-08;239;179;11152;1320;3.4;0.4
07;2021-02-09;485;324;11637;1644;3.6;0.5
07;2021-02-10;537;397;12174;2041;3.7;0.6
07;2021-02-11;398;285;12572;2326;3.8;0.7
07;2021-02-12;265;160;12837;2486;3.9;0.8
07;2021-02-13;68;20;12905;2506;3.9;0.8
07;2021-02-14;0;0;12905;2506;3.9;0.8
07;2021-02-15;270;131;13175;2637;4.0;0.8
07;2021-02-16;345;365;13520;3002;4.1;0.9
07;2021-02-17;466;334;13986;3336;4.3;1.0
07;2021-02-18;560;763;14546;4099;4.5;1.3
07;2021-02-19;455;502;15001;4601;4.6;1.4
07;2021-02-20;107;68;15108;4669;4.6;1.4
07;2021-02-21;15;0;15123;4669;4.6;1.4
07;2021-02-22;423;217;15546;4886;4.8;1.5
07;2021-02-23;644;617;16190;5503;5.0;1.7
07;2021-02-24;927;699;17117;6202;5.2;1.9
07;2021-02-25;708;532;17825;6734;5.5;2.1
07;2021-02-26;842;289;18667;7023;5.7;2.1
07;2021-02-27;190;142;18857;7165;5.8;2.2
07;2021-02-28;1;0;18858;7165;5.8;2.2
07;2021-03-01;432;214;19290;7379;5.9;2.3
07;2021-03-02;648;564;19938;7943;6.1;2.4
07;2021-03-03;683;534;20621;8477;6.3;2.6
07;2021-03-04;1097;349;21718;8826;6.6;2.7
07;2021-03-05;1081;361;22799;9187;7.0;2.8
07;2021-03-06;1121;88;23920;9275;7.3;2.8
07;2021-03-07;717;14;24637;9289;7.5;2.8
07;2021-03-08;349;313;24986;9602;7.6;2.9
07;2021-03-09;1086;429;26072;10031;8.0;3.1
07;2021-03-10;857;509;26929;10540;8.2;3.2
07;2021-03-11;1368;452;28297;10992;8.7;3.4
07;2021-03-12;1612;553;29909;11545;9.1;3.5
07;2021-03-13;679;98;30588;11643;9.4;3.6
07;2021-03-14;4;0;30592;11643;9.4;3.6
07;2021-03-15;527;293;31119;11936;9.5;3.7
07;2021-03-16;1199;472;32318;12408;9.9;3.8
07;2021-03-17;1184;760;33502;13168;10.2;4.0
07;2021-03-18;1218;407;34720;13575;10.6;4.2
07;2021-03-19;1264;415;35984;13990;11.0;4.3
07;2021-03-20;465;106;36449;14096;11.2;4.3
07;2021-03-21;1;2;36450;14098;11.2;4.3
07;2021-03-22;786;529;37236;14627;11.4;4.5
07;2021-03-23;1512;704;38748;15331;11.9;4.7
07;2021-03-24;1252;658;40000;15989;12.2;4.9
07;2021-03-25;1846;505;41846;16494;12.8;5.0
07;2021-03-26;1833;419;43679;16913;13.4;5.2
07;2021-03-27;382;92;44061;17005;13.5;5.2
07;2021-03-28;5;1;44066;17006;13.5;5.2
07;2021-03-29;784;352;44850;17358;13.7;5.3
07;2021-03-30;1523;505;46373;17863;14.2;5.5
07;2021-03-31;1652;489;48025;18352;14.7;5.6
07;2021-04-01;1573;649;49598;19001;15.2;5.8
07;2021-04-02;1518;423;51116;19424;15.6;5.9
07;2021-04-03;227;105;51343;19529;15.7;6.0
07;2021-04-04;0;1;51343;19530;15.7;6.0
07;2021-04-05;0;66;51343;19596;15.7;6.0
07;2021-04-06;1163;752;52506;20348;16.1;6.2
07;2021-04-07;1317;881;53823;21229;16.5;6.5
07;2021-04-08;1971;1162;55794;22391;17.1;6.9
07;2021-04-09;2422;552;58216;22943;17.8;7.0
07;2021-04-10;807;154;59023;23097;18.1;7.1
07;2021-04-11;339;13;59362;23110;18.2;7.1
07;2021-04-12;1275;579;60637;23689;18.6;7.2
07;2021-04-13;1765;1320;62402;25009;19.1;7.7
07;2021-04-14;1664;973;64066;25982;19.6;7.9
07;2021-04-15;1441;836;65507;26818;20.0;8.2
07;2021-04-16;1506;894;67013;27712;20.5;8.5
07;2021-04-17;867;209;67880;27921;20.8;8.5
07;2021-04-18;698;34;68578;27955;21.0;8.6
07;2021-04-19;1159;566;69737;28521;21.3;8.7
07;2021-04-20;1440;1311;71177;29832;21.8;9.1
07;2021-04-21;1709;904;72886;30736;22.3;9.4
07;2021-04-22;1813;954;74699;31690;22.9;9.7
07;2021-04-23;1406;967;76105;32657;23.3;10.0
07;2021-04-24;957;243;77062;32900;23.6;10.1
07;2021-04-25;712;54;77774;32954;23.8;10.1
07;2021-04-26;1132;681;78906;33635;24.1;10.3
07;2021-04-27;1390;1558;80296;35193;24.6;10.8
07;2021-04-28;1629;1744;81925;36937;25.1;11.3
07;2021-04-29;1936;1527;83861;38464;25.7;11.8
07;2021-04-30;1658;1474;85519;39938;26.2;12.2
07;2021-05-01;960;113;86479;40051;26.5;12.3
07;2021-05-02;843;151;87322;40202;26.7;12.3
07;2021-05-03;1282;427;88604;40629;27.1;12.4
07;2021-05-04;2170;1557;90774;42186;27.8;12.9
07;2021-05-05;1741;1384;92515;43570;28.3;13.3
07;2021-05-06;2103;1583;94618;45153;28.9;13.8
07;2021-05-07;1591;1552;96209;46705;29.4;14.3
07;2021-05-08;1223;405;97432;47110;29.8;14.4
07;2021-05-09;1029;324;98461;47434;30.1;14.5
07;2021-05-10;1403;1174;99864;48608;30.6;14.9
07;2021-05-11;2469;1698;102333;50306;31.3;15.4
07;2021-05-12;2159;1274;104492;51580;32.0;15.8
07;2021-05-13;1711;268;106203;51848;32.5;15.9
07;2021-05-14;1734;997;107937;52845;33.0;16.2
07;2021-05-15;1623;491;109560;53336;33.5;16.3
07;2021-05-16;1442;201;111002;53537;34.0;16.4
07;2021-05-17;1771;859;112773;54396;34.5;16.6
07;2021-05-18;2292;1297;115065;55693;35.2;17.0
07;2021-05-19;2376;994;117441;56687;35.9;17.3
07;2021-05-20;2155;1310;119596;57997;36.6;17.7
07;2021-05-21;1759;1319;121355;59316;37.1;18.1
07;2021-05-22;936;542;122291;59858;37.4;18.3
07;2021-05-23;857;155;123148;60013;37.7;18.4
07;2021-05-24;1651;341;124799;60354;38.2;18.5
07;2021-05-25;2188;1477;126987;61831;38.8;18.9
07;2021-05-26;1527;1384;128514;63215;39.3;19.3
07;2021-05-27;2018;1403;130532;64618;39.9;19.8
07;2021-05-28;1766;2083;132298;66701;40.5;20.4
07;2021-05-29;943;682;133241;67383;40.8;20.6
07;2021-05-30;623;570;133864;67953;41.0;20.8
07;2021-05-31;1130;1285;134994;69238;41.3;21.2
07;2021-06-01;2152;2002;137146;71240;42.0;21.8
07;2021-06-02;1529;1647;138675;72887;42.4;22.3
07;2021-06-03;1710;1257;140385;74144;42.9;22.7
07;2021-06-04;1676;1592;142061;75736;43.5;23.2
07;2021-06-05;986;955;143047;76691;43.8;23.5
07;2021-06-06;599;623;143646;77314;43.9;23.7
07;2021-06-07;957;1195;144603;78509;44.2;24.0
07;2021-06-08;1545;1768;146148;80277;44.7;24.6
07;2021-06-09;1021;1419;147169;81696;45.0;25.0
07;2021-06-10;788;1390;147957;83086;45.3;25.4
07;2021-06-11;1152;2036;149109;85122;45.6;26.0
07;2021-06-12;640;1217;149749;86339;45.8;26.4
07;2021-06-13;391;441;150140;86780;45.9;26.5
07;2021-06-14;562;1963;150702;88743;46.1;27.1
07;2021-06-15;928;2562;151630;91305;46.4;27.9
07;2021-06-16;1015;1852;152645;93157;46.7;28.5
07;2021-06-17;884;1949;153529;95106;47.0;29.1
07;2021-06-18;868;2289;154397;97395;47.2;29.8
07;2021-06-19;605;1457;155002;98852;47.4;30.2
07;2021-06-20;366;730;155368;99582;47.5;30.5
07;2021-06-21;507;2148;155875;101730;47.7;31.1
07;2021-06-22;648;2674;156523;104404;47.9;31.9
07;2021-06-23;670;1963;157193;106367;48.1;32.5
07;2021-06-24;642;1857;157835;108224;48.3;33.1
07;2021-06-25;698;2183;158533;110407;48.5;33.8
07;2021-06-26;349;1430;158882;111837;48.6;34.2
07;2021-06-27;279;1073;159161;112910;48.7;34.5
07;2021-06-28;499;2244;159660;115154;48.8;35.2
07;2021-06-29;532;2992;160192;118146;49.0;36.1
07;2021-06-30;810;2292;161002;120438;49.3;36.8
07;2021-07-01;762;1980;161764;122418;49.5;37.5
07;2021-07-02;872;2305;162636;124723;49.8;38.2
07;2021-07-03;410;1137;163046;125860;49.9;38.5
07;2021-07-04;207;854;163253;126714;49.9;38.8
07;2021-07-05;660;1685;163913;128399;50.1;39.3
07;2021-07-06;870;2631;164783;131030;50.4;40.1
07;2021-07-07;952;1950;165735;132980;50.7;40.7
07;2021-07-08;922;1968;166657;134948;51.0;41.3
07;2021-07-09;990;2260;167647;137208;51.3;42.0
07;2021-07-10;594;1102;168241;138310;51.5;42.3
07;2021-07-11;238;615;168479;138925;51.5;42.5
07;2021-07-12;800;1767;169279;140692;51.8;43.0
07;2021-07-13;1744;3162;171023;143854;52.3;44.0
07;2021-07-14;166;132;171189;143986;52.4;44.0
07;2021-07-15;1935;2440;173124;146426;53.0;44.8
07;2021-07-16;2047;1961;175171;148387;53.6;45.4
07;2021-07-17;1479;1239;176650;149626;54.0;45.8
07;2021-07-18;770;480;177420;150106;54.3;45.9
07;2021-07-19;1510;1701;178930;151807;54.7;46.4
08;2020-12-27;0;0;0;0;0.0;0.0
08;2020-12-28;0;0;0;0;0.0;0.0
08;2020-12-29;0;0;0;0;0.0;0.0
08;2020-12-30;0;0;0;0;0.0;0.0
08;2020-12-31;0;0;0;0;0.0;0.0
08;2021-01-01;0;0;0;0;0.0;0.0
08;2021-01-02;0;0;0;0;0.0;0.0
08;2021-01-03;1;0;1;0;0.0;0.0
08;2021-01-04;22;0;23;0;0.0;0.0
08;2021-01-05;1;0;24;0;0.0;0.0
08;2021-01-06;0;0;24;0;0.0;0.0
08;2021-01-07;188;0;212;0;0.1;0.0
08;2021-01-08;314;0;526;0;0.2;0.0
08;2021-01-09;113;0;639;0;0.2;0.0
08;2021-01-10;1;0;640;0;0.2;0.0
08;2021-01-11;67;0;707;0;0.3;0.0
08;2021-01-12;156;0;863;0;0.3;0.0
08;2021-01-13;476;1;1339;1;0.5;0.0
08;2021-01-14;532;9;1871;10;0.7;0.0
08;2021-01-15;286;1;2157;11;0.8;0.0
08;2021-01-16;104;0;2261;11;0.9;0.0
08;2021-01-17;1;0;2262;11;0.9;0.0
08;2021-01-18;361;2;2623;13;1.0;0.0
08;2021-01-19;867;1;3490;14;1.3;0.0
08;2021-01-20;910;1;4400;15;1.7;0.0
08;2021-01-21;741;1;5141;16;1.9;0.0
08;2021-01-22;678;0;5819;16;2.2;0.0
08;2021-01-23;237;0;6056;16;2.3;0.0
08;2021-01-24;0;0;6056;16;2.3;0.0
08;2021-01-25;205;0;6261;16;2.4;0.0
08;2021-01-26;301;2;6562;18;2.5;0.0
08;2021-01-27;410;0;6972;18;2.6;0.0
08;2021-01-28;564;185;7536;203;2.8;0.1
08;2021-01-29;587;183;8123;386;3.1;0.1
08;2021-01-30;222;62;8345;448;3.1;0.2
08;2021-01-31;0;0;8345;448;3.1;0.2
08;2021-02-01;79;46;8424;494;3.2;0.2
08;2021-02-02;192;175;8616;669;3.2;0.3
08;2021-02-03;138;169;8754;838;3.3;0.3
08;2021-02-04;307;287;9061;1125;3.4;0.4
08;2021-02-05;499;359;9560;1484;3.6;0.6
08;2021-02-06;148;75;9708;1559;3.7;0.6
08;2021-02-07;8;0;9716;1559;3.7;0.6
08;2021-02-08;40;175;9756;1734;3.7;0.7
08;2021-02-09;215;646;9971;2380;3.8;0.9
08;2021-02-10;333;639;10304;3019;3.9;1.1
08;2021-02-11;460;362;10764;3381;4.1;1.3
08;2021-02-12;674;384;11438;3765;4.3;1.4
08;2021-02-13;140;118;11578;3883;4.4;1.5
08;2021-02-14;3;60;11581;3943;4.4;1.5
08;2021-02-15;228;209;11809;4152;4.4;1.6
08;2021-02-16;131;374;11940;4526;4.5;1.7
08;2021-02-17;112;420;12052;4946;4.5;1.9
08;2021-02-18;215;520;12267;5466;4.6;2.1
08;2021-02-19;304;425;12571;5891;4.7;2.2
08;2021-02-20;7;209;12578;6100;4.7;2.3
08;2021-02-21;0;0;12578;6100;4.7;2.3
08;2021-02-22;132;179;12710;6279;4.8;2.4
08;2021-02-23;150;321;12860;6600;4.8;2.5
08;2021-02-24;164;386;13024;6986;4.9;2.6
08;2021-02-25;499;526;13523;7512;5.1;2.8
08;2021-02-26;602;626;14125;8138;5.3;3.1
08;2021-02-27;317;191;14442;8329;5.4;3.1
08;2021-02-28;19;1;14461;8330;5.4;3.1
08;2021-03-01;197;101;14658;8431;5.5;3.2
08;2021-03-02;652;278;15310;8709;5.8;3.3
08;2021-03-03;895;186;16205;8895;6.1;3.3
08;2021-03-04;733;324;16938;9219;6.4;3.5
08;2021-03-05;1022;537;17960;9756;6.8;3.7
08;2021-03-06;690;133;18650;9889;7.0;3.7
08;2021-03-07;75;1;18725;9890;7.1;3.7
08;2021-03-08;217;113;18942;10003;7.1;3.8
08;2021-03-09;684;134;19626;10137;7.4;3.8
08;2021-03-10;1036;112;20662;10249;7.8;3.9
08;2021-03-11;979;242;21641;10491;8.2;4.0
08;2021-03-12;1629;504;23270;10995;8.8;4.1
08;2021-03-13;792;118;24062;11113;9.1;4.2
08;2021-03-14;22;0;24084;11113;9.1;4.2
08;2021-03-15;291;72;24375;11185;9.2;4.2
08;2021-03-16;563;35;24938;11220;9.4;4.2
08;2021-03-17;802;51;25740;11271;9.7;4.2
08;2021-03-18;813;151;26553;11422;10.0;4.3
08;2021-03-19;1133;280;27686;11702;10.4;4.4
08;2021-03-20;505;14;28191;11716;10.6;4.4
08;2021-03-21;13;0;28204;11716;10.6;4.4
08;2021-03-22;364;41;28568;11757;10.8;4.4
08;2021-03-23;733;60;29301;11817;11.0;4.5
08;2021-03-24;1327;60;30628;11877;11.5;4.5
08;2021-03-25;1903;86;32531;11963;12.3;4.5
08;2021-03-26;2560;163;35091;12126;13.2;4.6
08;2021-03-27;898;120;35989;12246;13.6;4.6
08;2021-03-28;228;4;36217;12250;13.6;4.6
08;2021-03-29;260;179;36477;12429;13.7;4.7
08;2021-03-30;832;479;37309;12908;14.1;4.9
08;2021-03-31;852;523;38161;13431;14.4;5.1
08;2021-04-01;1681;438;39842;13869;15.0;5.2
08;2021-04-02;1496;506;41338;14375;15.6;5.4
08;2021-04-03;1327;188;42665;14563;16.1;5.5
08;2021-04-04;134;4;42799;14567;16.1;5.5
08;2021-04-05;16;0;42815;14567;16.1;5.5
08;2021-04-06;699;475;43514;15042;16.4;5.7
08;2021-04-07;911;697;44425;15739;16.7;5.9
08;2021-04-08;1741;507;46166;16246;17.4;6.1
08;2021-04-09;2346;714;48512;16960;18.3;6.4
08;2021-04-10;1449;211;49961;17171;18.8;6.5
08;2021-04-11;10;6;49971;17177;18.8;6.5
08;2021-04-12;671;226;50642;17403;19.1;6.6
08;2021-04-13;1306;602;51948;18005;19.6;6.8
08;2021-04-14;1281;858;53229;18863;20.0;7.1
08;2021-04-15;1606;790;54835;19653;20.7;7.4
08;2021-04-16;1873;868;56708;20521;21.4;7.7
08;2021-04-17;1112;400;57820;20921;21.8;7.9
08;2021-04-18;23;14;57843;20935;21.8;7.9
08;2021-04-19;1147;297;58990;21232;22.2;8.0
08;2021-04-20;1116;540;60106;21772;22.6;8.2
08;2021-04-21;1139;733;61245;22505;23.1;8.5
08;2021-04-22;1329;877;62574;23382;23.6;8.8
08;2021-04-23;1671;1160;64245;24542;24.2;9.2
08;2021-04-24;1324;641;65569;25183;24.7;9.5
08;2021-04-25;26;198;65595;25381;24.7;9.6
08;2021-04-26;1039;154;66634;25535;25.1;9.6
08;2021-04-27;1336;599;67970;26134;25.6;9.8
08;2021-04-28;1452;679;69422;26813;26.1;10.1
08;2021-04-29;1174;1309;70596;28122;26.6;10.6
08;2021-04-30;1771;1618;72367;29740;27.3;11.2
08;2021-05-01;1049;484;73416;30224;27.6;11.4
08;2021-05-02;626;180;74042;30404;27.9;11.5
08;2021-05-03;1167;366;75209;30770;28.3;11.6
08;2021-05-04;1328;857;76537;31627;28.8;11.9
08;2021-05-05;1567;1325;78104;32952;29.4;12.4
08;2021-05-06;1971;1645;80075;34597;30.2;13.0
08;2021-05-07;1859;2097;81934;36694;30.9;13.8
08;2021-05-08;924;763;82858;37457;31.2;14.1
08;2021-05-09;443;71;83301;37528;31.4;14.1
08;2021-05-10;1191;661;84492;38189;31.8;14.4
08;2021-05-11;1909;938;86401;39127;32.5;14.7
08;2021-05-12;1809;1230;88210;40357;33.2;15.2
08;2021-05-13;1305;614;89515;40971;33.7;15.4
08;2021-05-14;2535;1032;92050;42003;34.7;15.8
08;2021-05-15;1819;711;93869;42714;35.4;16.1
08;2021-05-16;820;101;94689;42815;35.7;16.1
08;2021-05-17;699;908;95388;43723;35.9;16.5
08;2021-05-18;1250;838;96638;44561;36.4;16.8
08;2021-05-19;1611;957;98249;45518;37.0;17.1
08;2021-05-20;2147;952;100396;46470;37.8;17.5
08;2021-05-21;2336;1274;102732;47744;38.7;18.0
08;2021-05-22;1820;761;104552;48505;39.4;18.3
08;2021-05-23;862;91;105414;48596;39.7;18.3
08;2021-05-24;714;103;106128;48699;40.0;18.3
08;2021-05-25;1452;671;107580;49370;40.5;18.6
08;2021-05-26;1511;1002;109091;50372;41.1;19.0
08;2021-05-27;2008;1145;111099;51517;41.8;19.4
08;2021-05-28;1973;1823;113072;53340;42.6;20.1
08;2021-05-29;1768;968;114840;54308;43.2;20.5
08;2021-05-30;835;100;115675;54408;43.6;20.5
08;2021-05-31;755;574;116430;54982;43.8;20.7
08;2021-06-01;1349;879;117779;55861;44.4;21.0
08;2021-06-02;1296;1192;119075;57053;44.8;21.5
08;2021-06-03;1384;1520;120459;58573;45.4;22.1
08;2021-06-04;1777;2426;122236;60999;46.0;23.0
08;2021-06-05;1178;1377;123414;62376;46.5;23.5
08;2021-06-06;906;107;124320;62483;46.8;23.5
08;2021-06-07;659;1173;124979;63656;47.1;24.0
08;2021-06-08;921;1496;125900;65152;47.4;24.5
08;2021-06-09;821;1390;126721;66542;47.7;25.1
08;2021-06-10;1703;1549;128424;68091;48.4;25.6
08;2021-06-11;1718;2209;130142;70300;49.0;26.5
08;2021-06-12;1412;1528;131554;71828;49.5;27.1
08;2021-06-13;386;597;131940;72425;49.7;27.3
08;2021-06-14;378;1303;132318;73728;49.8;27.8
08;2021-06-15;739;1553;133057;75281;50.1;28.4
08;2021-06-16;803;2053;133860;77334;50.4;29.1
08;2021-06-17;1280;1853;135140;79187;50.9;29.8
08;2021-06-18;1604;2600;136744;81787;51.5;30.8
08;2021-06-19;1321;1408;138065;83195;52.0;31.3
08;2021-06-20;115;423;138180;83618;52.0;31.5
08;2021-06-21;484;1400;138664;85018;52.2;32.0
08;2021-06-22;806;2028;139470;87046;52.5;32.8
08;2021-06-23;847;1676;140317;88722;52.8;33.4
08;2021-06-24;1033;1928;141350;90650;53.2;34.1
08;2021-06-25;1077;2736;142427;93386;53.6;35.2
08;2021-06-26;1009;1787;143436;95173;54.0;35.8
08;2021-06-27;351;648;143787;95821;54.2;36.1
08;2021-06-28;397;1326;144184;97147;54.3;36.6
08;2021-06-29;616;1473;144800;98620;54.5;37.1
08;2021-06-30;844;1689;145644;100309;54.9;37.8
08;2021-07-01;869;2192;146513;102501;55.2;38.6
08;2021-07-02;932;2647;147445;105148;55.5;39.6
08;2021-07-03;779;2146;148224;107294;55.8;40.4
08;2021-07-04;128;861;148352;108155;55.9;40.7
08;2021-07-05;102;1196;148454;109351;55.9;41.2
08;2021-07-06;421;1836;148875;111187;56.1;41.9
08;2021-07-07;365;1782;149240;112969;56.2;42.5
08;2021-07-08;710;2012;149950;114981;56.5;43.3
08;2021-07-09;728;2440;150678;117421;56.7;44.2
08;2021-07-10;652;1992;151330;119413;57.0;45.0
08;2021-07-11;237;726;151567;120139;57.1;45.2
08;2021-07-12;308;1194;151875;121333;57.2;45.7
08;2021-07-13;935;1784;152810;123117;57.5;46.4
08;2021-07-14;174;330;152984;123447;57.6;46.5
08;2021-07-15;734;2447;153718;125894;57.9;47.4
08;2021-07-16;1072;2409;154790;128303;58.3;48.3
08;2021-07-17;989;2105;155779;130408;58.7;49.1
08;2021-07-18;344;737;156123;131145;58.8;49.4
08;2021-07-19;455;918;156578;132063;59.0;49.7
09;2020-12-27;0;0;0;0;0.0;0.0
09;2020-12-28;1;0;1;0;0.0;0.0
09;2020-12-29;0;0;1;0;0.0;0.0
09;2020-12-30;0;0;1;0;0.0;0.0
09;2020-12-31;0;0;1;0;0.0;0.0
09;2021-01-01;0;0;1;0;0.0;0.0
09;2021-01-02;0;0;1;0;0.0;0.0
09;2021-01-03;0;0;1;0;0.0;0.0
09;2021-01-04;2;1;3;1;0.0;0.0
09;2021-01-05;0;0;3;1;0.0;0.0
09;2021-01-06;3;0;6;1;0.0;0.0
09;2021-01-07;256;2;262;3;0.2;0.0
09;2021-01-08;227;0;489;3;0.3;0.0
09;2021-01-09;103;0;592;3;0.4;0.0
09;2021-01-10;59;0;651;3;0.4;0.0
09;2021-01-11;175;0;826;3;0.5;0.0
09;2021-01-12;304;0;1130;3;0.7;0.0
09;2021-01-13;196;0;1326;3;0.9;0.0
09;2021-01-14;432;8;1758;11;1.2;0.0
09;2021-01-15;223;1;1981;12;1.3;0.0
09;2021-01-16;194;2;2175;14;1.4;0.0
09;2021-01-17;123;0;2298;14;1.5;0.0
09;2021-01-18;266;0;2564;14;1.7;0.0
09;2021-01-19;258;0;2822;14;1.9;0.0
09;2021-01-20;346;1;3168;15;2.1;0.0
09;2021-01-21;333;1;3501;16;2.3;0.0
09;2021-01-22;330;1;3831;17;2.5;0.0
09;2021-01-23;236;0;4067;17;2.7;0.0
09;2021-01-24;85;1;4152;18;2.7;0.0
09;2021-01-25;203;12;4355;30;2.9;0.0
09;2021-01-26;633;25;4988;55;3.3;0.0
09;2021-01-27;471;41;5459;96;3.6;0.1
09;2021-01-28;285;206;5744;302;3.8;0.2
09;2021-01-29;251;129;5995;431;3.9;0.3
09;2021-01-30;143;57;6138;488;4.0;0.3
09;2021-01-31;56;10;6194;498;4.1;0.3
09;2021-02-01;82;143;6276;641;4.1;0.4
09;2021-02-02;57;295;6333;936;4.2;0.6
09;2021-02-03;87;206;6420;1142;4.2;0.7
09;2021-02-04;49;299;6469;1441;4.2;0.9
09;2021-02-05;89;157;6558;1598;4.3;1.0
09;2021-02-06;67;50;6625;1648;4.3;1.1
09;2021-02-07;6;74;6631;1722;4.4;1.1
09;2021-02-08;22;177;6653;1899;4.4;1.2
09;2021-02-09;54;291;6707;2190;4.4;1.4
09;2021-02-10;15;196;6722;2386;4.4;1.6
09;2021-02-11;6;221;6728;2607;4.4;1.7
09;2021-02-12;149;174;6877;2781;4.5;1.8
09;2021-02-13;7;145;6884;2926;4.5;1.9
09;2021-02-14;0;54;6884;2980;4.5;2.0
09;2021-02-15;75;134;6959;3114;4.6;2.0
09;2021-02-16;227;509;7186;3623;4.7;2.4
09;2021-02-17;82;391;7268;4014;4.8;2.6
09;2021-02-18;88;450;7356;4464;4.8;2.9
09;2021-02-19;65;285;7421;4749;4.9;3.1
09;2021-02-20;58;200;7479;4949;4.9;3.2
09;2021-02-21;0;51;7479;5000;4.9;3.3
09;2021-02-22;127;218;7606;5218;5.0;3.4
09;2021-02-23;160;146;7766;5364;5.1;3.5
09;2021-02-24;74;178;7840;5542;5.1;3.6
09;2021-02-25;211;170;8051;5712;5.3;3.7
09;2021-02-26;162;177;8213;5889;5.4;3.9
09;2021-02-27;64;71;8277;5960;5.4;3.9
09;2021-02-28;43;17;8320;5977;5.5;3.9
09;2021-03-01;246;97;8566;6074;5.6;4.0
09;2021-03-02;284;77;8850;6151;5.8;4.0
09;2021-03-03;252;132;9102;6283;6.0;4.1
09;2021-03-04;411;30;9513;6313;6.2;4.1
09;2021-03-05;332;64;9845;6377;6.5;4.2
09;2021-03-06;396;45;10241;6422;6.7;4.2
09;2021-03-07;124;4;10365;6426;6.8;4.2
09;2021-03-08;380;63;10745;6489;7.1;4.3
09;2021-03-09;434;139;11179;6628;7.3;4.3
09;2021-03-10;562;63;11741;6691;7.7;4.4
09;2021-03-11;694;69;12435;6760;8.2;4.4
09;2021-03-12;658;31;13093;6791;8.6;4.5
09;2021-03-13;384;2;13477;6793;8.8;4.5
09;2021-03-14;120;3;13597;6796;8.9;4.5
09;2021-03-15;467;48;14064;6844;9.2;4.5
09;2021-03-16;370;79;14434;6923;9.5;4.5
09;2021-03-17;399;72;14833;6995;9.7;4.6
09;2021-03-18;452;42;15285;7037;10.0;4.6
09;2021-03-19;523;54;15808;7091;10.4;4.7
09;2021-03-20;313;40;16121;7131;10.6;4.7
09;2021-03-21;104;0;16225;7131;10.6;4.7
09;2021-03-22;421;117;16646;7248;10.9;4.8
09;2021-03-23;566;172;17212;7420;11.3;4.9
09;2021-03-24;711;39;17923;7459;11.8;4.9
09;2021-03-25;869;135;18792;7594;12.3;5.0
09;2021-03-26;751;44;19543;7638;12.8;5.0
09;2021-03-27;624;67;20167;7705;13.2;5.1
09;2021-03-28;132;24;20299;7729;13.3;5.1
09;2021-03-29;496;277;20795;8006;13.6;5.3
09;2021-03-30;729;154;21524;8160;14.1;5.4
09;2021-03-31;801;178;22325;8338;14.6;5.5
09;2021-04-01;733;256;23058;8594;15.1;5.6
09;2021-04-02;692;266;23750;8860;15.6;5.8
09;2021-04-03;770;115;24520;8975;16.1;5.9
09;2021-04-04;122;57;24642;9032;16.2;5.9
09;2021-04-05;237;61;24879;9093;16.3;6.0
09;2021-04-06;1056;391;25935;9484;17.0;6.2
09;2021-04-07;1209;354;27144;9838;17.8;6.5
09;2021-04-08;1467;394;28611;10232;18.8;6.7
09;2021-04-09;1137;407;29748;10639;19.5;7.0
09;2021-04-10;1349;191;31097;10830;20.4;7.1
09;2021-04-11;173;102;31270;10932;20.5;7.2
09;2021-04-12;735;343;32005;11275;21.0;7.4
09;2021-04-13;1047;409;33052;11684;21.7;7.7
09;2021-04-14;1330;511;34382;12195;22.6;8.0
09;2021-04-15;1145;504;35527;12699;23.3;8.3
09;2021-04-16;1034;414;36561;13113;24.0;8.6
09;2021-04-17;1191;355;37752;13468;24.8;8.8
09;2021-04-18;102;96;37854;13564;24.8;8.9
09;2021-04-19;696;406;38550;13970;25.3;9.2
09;2021-04-20;766;531;39316;14501;25.8;9.5
09;2021-04-21;932;592;40248;15093;26.4;9.9
09;2021-04-22;667;611;40915;15704;26.8;10.3
09;2021-04-23;771;427;41686;16131;27.4;10.6
09;2021-04-24;740;672;42426;16803;27.8;11.0
09;2021-04-25;74;113;42500;16916;27.9;11.1
09;2021-04-26;384;539;42884;17455;28.1;11.5
09;2021-04-27;443;723;43327;18178;28.4;11.9
09;2021-04-28;804;796;44131;18974;29.0;12.5
09;2021-04-29;549;773;44680;19747;29.3;13.0
09;2021-04-30;622;723;45302;20470;29.7;13.4
09;2021-05-01;478;454;45780;20924;30.0;13.7
09;2021-05-02;51;100;45831;21024;30.1;13.8
09;2021-05-03;521;666;46352;21690;30.4;14.2
09;2021-05-04;557;1344;46909;23034;30.8;15.1
09;2021-05-05;823;1345;47732;24379;31.3;16.0
09;2021-05-06;849;1032;48581;25411;31.9;16.7
09;2021-05-07;978;822;49559;26233;32.5;17.2
09;2021-05-08;393;461;49952;26694;32.8;17.5
09;2021-05-09;264;84;50216;26778;33.0;17.6
09;2021-05-10;504;966;50720;27744;33.3;18.2
09;2021-05-11;740;1049;51460;28793;33.8;18.9
09;2021-05-12;1535;1404;52995;30197;34.8;19.8
09;2021-05-13;1382;425;54377;30622;35.7;20.1
09;2021-05-14;985;694;55362;31316;36.3;20.5
09;2021-05-15;1236;789;56598;32105;37.1;21.1
09;2021-05-16;296;47;56894;32152;37.3;21.1
09;2021-05-17;875;412;57769;32564;37.9;21.4
09;2021-05-18;1290;402;59059;32966;38.8;21.6
09;2021-05-19;1495;365;60554;33331;39.7;21.9
09;2021-05-20;1379;406;61933;33737;40.6;22.1
09;2021-05-21;1164;493;63097;34230;41.4;22.5
09;2021-05-22;1546;364;64643;34594;42.4;22.7
09;2021-05-23;271;25;64914;34619;42.6;22.7
09;2021-05-24;177;89;65091;34708;42.7;22.8
09;2021-05-25;997;488;66088;35196;43.4;23.1
09;2021-05-26;1285;443;67373;35639;44.2;23.4
09;2021-05-27;963;399;68336;36038;44.8;23.6
09;2021-05-28;958;505;69294;36543;45.5;24.0
09;2021-05-29;1791;589;71085;37132;46.6;24.4
09;2021-05-30;536;192;71621;37324;47.0;24.5
09;2021-05-31;717;589;72338;37913;47.5;24.9
09;2021-06-01;967;639;73305;38552;48.1;25.3
09;2021-06-02;1006;891;74311;39443;48.8;25.9
09;2021-06-03;809;678;75120;40121;49.3;26.3
09;2021-06-04;874;796;75994;40917;49.9;26.8
09;2021-06-05;1119;852;77113;41769;50.6;27.4
09;2021-06-06;79;83;77192;41852;50.7;27.5
09;2021-06-07;624;511;77816;42363;51.1;27.8
09;2021-06-08;817;487;78633;42850;51.6;28.1
09;2021-06-09;808;831;79441;43681;52.1;28.7
09;2021-06-10;633;528;80074;44209;52.5;29.0
09;2021-06-11;826;758;80900;44967;53.1;29.5
09;2021-06-12;626;806;81526;45773;53.5;30.0
09;2021-06-13;93;131;81619;45904;53.6;30.1
09;2021-06-14;619;705;82238;46609;54.0;30.6
09;2021-06-15;819;889;83057;47498;54.5;31.2
09;2021-06-16;624;1106;83681;48604;54.9;31.9
09;2021-06-17;779;855;84460;49459;55.4;32.5
09;2021-06-18;633;1153;85093;50612;55.8;33.2
09;2021-06-19;514;1574;85607;52186;56.2;34.2
09;2021-06-20;8;279;85615;52465;56.2;34.4
09;2021-06-21;471;699;86086;53164;56.5;34.9
09;2021-06-22;457;1067;86543;54231;56.8;35.6
09;2021-06-23;432;1222;86975;55453;57.1;36.4
09;2021-06-24;580;793;87555;56246;57.5;36.9
09;2021-06-25;409;1081;87964;57327;57.7;37.6
09;2021-06-26;440;1088;88404;58415;58.0;38.3
09;2021-06-27;1;276;88405;58691;58.0;38.5
09;2021-06-28;238;1051;88643;59742;58.2;39.2
09;2021-06-29;309;1231;88952;60973;58.4;40.0
09;2021-06-30;450;1491;89402;62464;58.7;41.0
09;2021-07-01;377;1429;89779;63893;58.9;41.9
09;2021-07-02;308;1163;90087;65056;59.1;42.7
09;2021-07-03;205;1619;90292;66675;59.2;43.8
09;2021-07-04;3;254;90295;66929;59.2;43.9
09;2021-07-05;187;713;90482;67642;59.4;44.4
09;2021-07-06;288;1225;90770;68867;59.6;45.2
09;2021-07-07;412;1394;91182;70261;59.8;46.1
09;2021-07-08;319;1061;91501;71322;60.0;46.8
09;2021-07-09;290;1157;91791;72479;60.2;47.6
09;2021-07-10;344;1726;92135;74205;60.5;48.7
09;2021-07-11;147;390;92282;74595;60.6;48.9
09;2021-07-12;182;1072;92464;75667;60.7;49.7
09;2021-07-13;630;1302;93094;76969;61.1;50.5
09;2021-07-14;485;220;93579;77189;61.4;50.6
09;2021-07-15;814;1167;94393;78356;61.9;51.4
09;2021-07-16;607;1194;95000;79550;62.3;52.2
09;2021-07-17;1006;1098;96006;80648;63.0;52.9
09;2021-07-18;231;88;96237;80736;63.1;53.0
09;2021-07-19;458;954;96695;81690;63.4;53.6
10;2020-12-27;0;0;0;0;0.0;0.0
10;2020-12-28;0;0;0;0;0.0;0.0
10;2020-12-29;0;0;0;0;0.0;0.0
10;2020-12-30;0;0;0;0;0.0;0.0
10;2020-12-31;0;0;0;0;0.0;0.0
10;2021-01-01;0;0;0;0;0.0;0.0
10;2021-01-02;0;0;0;0;0.0;0.0
10;2021-01-03;0;0;0;0;0.0;0.0
10;2021-01-04;0;0;0;0;0.0;0.0
10;2021-01-05;1;0;1;0;0.0;0.0
10;2021-01-06;0;0;1;0;0.0;0.0
10;2021-01-07;84;0;85;0;0.0;0.0
10;2021-01-08;254;0;339;0;0.1;0.0
10;2021-01-09;0;0;339;0;0.1;0.0
10;2021-01-10;0;0;339;0;0.1;0.0
10;2021-01-11;117;0;456;0;0.1;0.0
10;2021-01-12;191;0;647;0;0.2;0.0
10;2021-01-13;313;0;960;0;0.3;0.0
10;2021-01-14;391;7;1351;7;0.4;0.0
10;2021-01-15;359;2;1710;9;0.6;0.0
10;2021-01-16;55;0;1765;9;0.6;0.0
10;2021-01-17;0;0;1765;9;0.6;0.0
10;2021-01-18;699;1;2464;10;0.8;0.0
10;2021-01-19;1358;1;3822;11;1.2;0.0
10;2021-01-20;1049;3;4871;14;1.6;0.0
10;2021-01-21;1143;1;6014;15;1.9;0.0
10;2021-01-22;818;0;6832;15;2.2;0.0
10;2021-01-23;309;0;7141;15;2.3;0.0
10;2021-01-24;0;0;7141;15;2.3;0.0
10;2021-01-25;445;10;7586;25;2.4;0.0
10;2021-01-26;487;16;8073;41;2.6;0.0
10;2021-01-27;459;15;8532;56;2.8;0.0
10;2021-01-28;357;48;8889;104;2.9;0.0
10;2021-01-29;430;194;9319;298;3.0;0.1
10;2021-01-30;30;0;9349;298;3.0;0.1
10;2021-01-31;0;0;9349;298;3.0;0.1
10;2021-02-01;404;141;9753;439;3.1;0.1
10;2021-02-02;182;153;9935;592;3.2;0.2
10;2021-02-03;342;217;10277;809;3.3;0.3
10;2021-02-04;341;271;10618;1080;3.4;0.3
10;2021-02-05;327;321;10945;1401;3.5;0.5
10;2021-02-06;3;35;10948;1436;3.5;0.5
10;2021-02-07;0;0;10948;1436;3.5;0.5
10;2021-02-08;190;411;11138;1847;3.6;0.6
10;2021-02-09;480;585;11618;2432;3.7;0.8
10;2021-02-10;666;472;12284;2904;4.0;0.9
10;2021-02-11;755;598;13039;3502;4.2;1.1
10;2021-02-12;579;549;13618;4051;4.4;1.3
10;2021-02-13;36;120;13654;4171;4.4;1.3
10;2021-02-14;0;0;13654;4171;4.4;1.3
10;2021-02-15;142;449;13796;4620;4.5;1.5
10;2021-02-16;116;546;13912;5166;4.5;1.7
10;2021-02-17;129;607;14041;5773;4.5;1.9
10;2021-02-18;216;553;14257;6326;4.6;2.0
10;2021-02-19;187;472;14444;6798;4.7;2.2
10;2021-02-20;24;183;14468;6981;4.7;2.3
10;2021-02-21;0;0;14468;6981;4.7;2.3
10;2021-02-22;77;449;14545;7430;4.7;2.4
10;2021-02-23;76;563;14621;7993;4.7;2.6
10;2021-02-24;97;375;14718;8368;4.7;2.7
10;2021-02-25;323;374;15041;8742;4.9;2.8
10;2021-02-26;351;281;15392;9023;5.0;2.9
10;2021-02-27;275;130;15667;9153;5.1;3.0
10;2021-02-28;0;0;15667;9153;5.1;3.0
10;2021-03-01;257;334;15924;9487;5.1;3.1
10;2021-03-02;434;369;16358;9856;5.3;3.2
10;2021-03-03;442;581;16800;10437;5.4;3.4
10;2021-03-04;633;496;17433;10933;5.6;3.5
10;2021-03-05;677;249;18110;11182;5.8;3.6
10;2021-03-06;948;40;19058;11222;6.1;3.6
10;2021-03-07;769;4;19827;11226;6.4;3.6
10;2021-03-08;502;443;20329;11669;6.6;3.8
10;2021-03-09;673;433;21002;12102;6.8;3.9
10;2021-03-10;657;359;21659;12461;7.0;4.0
10;2021-03-11;1166;230;22825;12691;7.4;4.1
10;2021-03-12;1327;232;24152;12923;7.8;4.2
10;2021-03-13;891;31;25043;12954;8.1;4.2
10;2021-03-14;1381;9;26424;12963;8.5;4.2
10;2021-03-15;821;79;27245;13042;8.8;4.2
10;2021-03-16;687;59;27932;13101;9.0;4.2
10;2021-03-17;830;58;28762;13159;9.3;4.2
10;2021-03-18;885;77;29647;13236;9.6;4.3
10;2021-03-19;951;66;30598;13302;9.9;4.3
10;2021-03-20;552;12;31150;13314;10.1;4.3
10;2021-03-21;1845;27;32995;13341;10.6;4.3
10;2021-03-22;879;64;33874;13405;10.9;4.3
10;2021-03-23;1245;87;35119;13492;11.3;4.4
10;2021-03-24;1307;49;36426;13541;11.8;4.4
10;2021-03-25;1677;221;38103;13762;12.3;4.4
10;2021-03-26;1429;112;39532;13874;12.8;4.5
10;2021-03-27;762;79;40294;13953;13.0;4.5
10;2021-03-28;1220;24;41514;13977;13.4;4.5
10;2021-03-29;647;303;42161;14280;13.6;4.6
10;2021-03-30;926;373;43087;14653;13.9;4.7
10;2021-03-31;616;359;43703;15012;14.1;4.8
10;2021-04-01;882;680;44585;15692;14.4;5.1
10;2021-04-02;1068;583;45653;16275;14.7;5.3
10;2021-04-03;540;607;46193;16882;14.9;5.4
10;2021-04-04;1823;250;48016;17132;15.5;5.5
10;2021-04-05;1842;29;49858;17161;16.1;5.5
10;2021-04-06;512;648;50370;17809;16.3;5.7
10;2021-04-07;589;538;50959;18347;16.4;5.9
10;2021-04-08;1057;598;52016;18945;16.8;6.1
10;2021-04-09;1129;609;53145;19554;17.1;6.3
10;2021-04-10;1770;347;54915;19901;17.7;6.4
10;2021-04-11;55;1225;54970;21126;17.7;6.8
10;2021-04-12;1004;808;55974;21934;18.1;7.1
10;2021-04-13;1501;878;57475;22812;18.5;7.4
10;2021-04-14;806;594;58281;23406;18.8;7.6
10;2021-04-15;1418;887;59699;24293;19.3;7.8
10;2021-04-16;1104;694;60803;24987;19.6;8.1
10;2021-04-17;2391;349;63194;25336;20.4;8.2
10;2021-04-18;1421;1780;64615;27116;20.8;8.7
10;2021-04-19;835;836;65450;27952;21.1;9.0
10;2021-04-20;544;1036;65994;28988;21.3;9.4
10;2021-04-21;636;987;66630;29975;21.5;9.7
10;2021-04-22;933;969;67563;30944;21.8;10.0
10;2021-04-23;2171;771;69734;31715;22.5;10.2
10;2021-04-24;2296;366;72030;32081;23.2;10.4
10;2021-04-25;1990;1213;74020;33294;23.9;10.7
10;2021-04-26;773;615;74793;33909;24.1;10.9
10;2021-04-27;895;534;75688;34443;24.4;11.1
10;2021-04-28;873;402;76561;34845;24.7;11.2
10;2021-04-29;1433;666;77994;35511;25.2;11.5
10;2021-04-30;2171;756;80165;36267;25.9;11.7
10;2021-05-01;1986;2166;82151;38433;26.5;12.4
10;2021-05-02;1949;1893;84100;40326;27.1;13.0
10;2021-05-03;621;445;84721;40771;27.3;13.2
10;2021-05-04;1144;1248;85865;42019;27.7;13.6
10;2021-05-05;1753;1016;87618;43035;28.3;13.9
10;2021-05-06;2251;931;89869;43966;29.0;14.2
10;2021-05-07;2211;1128;92080;45094;29.7;14.6
10;2021-05-08;2268;853;94348;45947;30.4;14.8
10;2021-05-09;2005;99;96353;46046;31.1;14.9
10;2021-05-10;527;1091;96880;47137;31.3;15.2
10;2021-05-11;1051;1017;97931;48154;31.6;15.5
10;2021-05-12;2061;881;99992;49035;32.3;15.8
10;2021-05-13;2181;428;102173;49463;33.0;16.0
10;2021-05-14;2729;660;104902;50123;33.8;16.2
10;2021-05-15;2427;2033;107329;52156;34.6;16.8
10;2021-05-16;2081;1446;109410;53602;35.3;17.3
10;2021-05-17;1450;438;110860;54040;35.8;17.4
10;2021-05-18;2510;628;113370;54668;36.6;17.6
10;2021-05-19;1553;637;114923;55305;37.1;17.8
10;2021-05-20;1891;844;116814;56149;37.7;18.1
10;2021-05-21;2318;611;119132;56760;38.4;18.3
10;2021-05-22;2181;418;121313;57178;39.1;18.5
10;2021-05-23;1817;138;123130;57316;39.7;18.5
10;2021-05-24;1968;175;125098;57491;40.4;18.6
10;2021-05-25;2193;485;127291;57976;41.1;18.7
10;2021-05-26;1676;419;128967;58395;41.6;18.8
10;2021-05-27;1659;753;130626;59148;42.2;19.1
10;2021-05-28;1718;1183;132344;60331;42.7;19.5
10;2021-05-29;2170;634;134514;60965;43.4;19.7
10;2021-05-30;1029;133;135543;61098;43.7;19.7
10;2021-05-31;1038;747;136581;61845;44.1;20.0
10;2021-06-01;1132;887;137713;62732;44.4;20.2
10;2021-06-02;1032;713;138745;63445;44.8;20.5
10;2021-06-03;1468;1065;140213;64510;45.2;20.8
10;2021-06-04;1764;2598;141977;67108;45.8;21.7
10;2021-06-05;1511;2450;143488;69558;46.3;22.4
10;2021-06-06;1004;1868;144492;71426;46.6;23.0
10;2021-06-07;698;1112;145190;72538;46.8;23.4
10;2021-06-08;892;1169;146082;73707;47.1;23.8
10;2021-06-09;872;909;146954;74616;47.4;24.1
10;2021-06-10;675;1071;147629;75687;47.6;24.4
10;2021-06-11;1197;2210;148826;77897;48.0;25.1
10;2021-06-12;845;2385;149671;80282;48.3;25.9
10;2021-06-13;400;1838;150071;82120;48.4;26.5
10;2021-06-14;534;739;150605;82859;48.6;26.7
10;2021-06-15;738;2133;151343;84992;48.8;27.4
10;2021-06-16;737;1853;152080;86845;49.1;28.0
10;2021-06-17;845;2459;152925;89304;49.3;28.8
10;2021-06-18;1031;2474;153956;91778;49.7;29.6
10;2021-06-19;978;2594;154934;94372;50.0;30.5
10;2021-06-20;548;1598;155482;95970;50.2;31.0
10;2021-06-21;679;1046;156161;97016;50.4;31.3
10;2021-06-22;738;1524;156899;98540;50.6;31.8
10;2021-06-23;642;2409;157541;100949;50.8;32.6
10;2021-06-24;775;2617;158316;103566;51.1;33.4
10;2021-06-25;731;3037;159047;106603;51.3;34.4
10;2021-06-26;513;2742;159560;109345;51.5;35.3
10;2021-06-27;402;1940;159962;111285;51.6;35.9
10;2021-06-28;679;1786;160641;113071;51.8;36.5
10;2021-06-29;611;2698;161252;115769;52.0;37.4
10;2021-06-30;528;1527;161780;117296;52.2;37.8
10;2021-07-01;545;2173;162325;119469;52.4;38.5
10;2021-07-02;662;2729;162987;122198;52.6;39.4
10;2021-07-03;521;2598;163508;124796;52.8;40.3
10;2021-07-04;409;1730;163917;126526;52.9;40.8
10;2021-07-05;665;2221;164582;128747;53.1;41.5
10;2021-07-06;648;2185;165230;130932;53.3;42.2
10;2021-07-07;629;1701;165859;132633;53.5;42.8
10;2021-07-08;744;1454;166603;134087;53.8;43.3
10;2021-07-09;814;1943;167417;136030;54.0;43.9
10;2021-07-10;625;2093;168042;138123;54.2;44.6
10;2021-07-11;500;1377;168542;139500;54.4;45.0
10;2021-07-12;776;1620;169318;141120;54.6;45.5
10;2021-07-13;1119;1872;170437;142992;55.0;46.1
10;2021-07-14;1171;1055;171608;144047;55.4;46.5
10;2021-07-15;1468;1973;173076;146020;55.8;47.1
10;2021-07-16;1238;2267;174314;148287;56.2;47.8
10;2021-07-17;1281;1729;175595;150016;56.7;48.4
10;2021-07-18;940;1215;176535;151231;57.0;48.8
10;2021-07-19;1353;1608;177888;152839;57.4;49.3
11;2020-12-27;0;0;0;0;0.0;0.0
11;2020-12-28;0;0;0;0;0.0;0.0
11;2020-12-29;0;0;0;0;0.0;0.0
11;2020-12-30;0;0;0;0;0.0;0.0
11;2020-12-31;0;0;0;0;0.0;0.0
11;2021-01-01;0;0;0;0;0.0;0.0
11;2021-01-02;2;0;2;0;0.0;0.0
11;2021-01-03;0;0;2;0;0.0;0.0
11;2021-01-04;0;0;2;0;0.0;0.0
11;2021-01-05;94;0;96;0;0.0;0.0
11;2021-01-06;25;0;121;0;0.0;0.0
11;2021-01-07;110;0;231;0;0.1;0.0
11;2021-01-08;90;1;321;1;0.1;0.0
11;2021-01-09;86;0;407;1;0.1;0.0
11;2021-01-10;67;0;474;1;0.1;0.0
11;2021-01-11;136;0;610;1;0.2;0.0
11;2021-01-12;544;3;1154;4;0.3;0.0
11;2021-01-13;410;0;1564;4;0.4;0.0
11;2021-01-14;635;6;2199;10;0.6;0.0
11;2021-01-15;342;4;2541;14;0.7;0.0
11;2021-01-16;77;1;2618;15;0.7;0.0
11;2021-01-17;46;1;2664;16;0.7;0.0
11;2021-01-18;387;0;3051;16;0.8;0.0
11;2021-01-19;516;3;3567;19;1.0;0.0
11;2021-01-20;676;5;4243;24;1.1;0.0
11;2021-01-21;639;2;4882;26;1.3;0.0
11;2021-01-22;524;1;5406;27;1.5;0.0
11;2021-01-23;153;0;5559;27;1.5;0.0
11;2021-01-24;139;0;5698;27;1.5;0.0
11;2021-01-25;372;20;6070;47;1.6;0.0
11;2021-01-26;831;83;6901;130;1.9;0.0
11;2021-01-27;788;23;7689;153;2.1;0.0
11;2021-01-28;638;62;8327;215;2.2;0.1
11;2021-01-29;432;124;8759;339;2.4;0.1
11;2021-01-30;128;0;8887;339;2.4;0.1
11;2021-01-31;79;0;8966;339;2.4;0.1
11;2021-02-01;343;194;9309;533;2.5;0.1
11;2021-02-02;403;407;9712;940;2.6;0.3
11;2021-02-03;388;353;10100;1293;2.7;0.3
11;2021-02-04;369;497;10469;1790;2.8;0.5
11;2021-02-05;305;337;10774;2127;2.9;0.6
11;2021-02-06;204;61;10978;2188;2.9;0.6
11;2021-02-07;108;13;11086;2201;3.0;0.6
11;2021-02-08;310;161;11396;2362;3.1;0.6
11;2021-02-09;293;280;11689;2642;3.1;0.7
11;2021-02-10;329;447;12018;3089;3.2;0.8
11;2021-02-11;610;631;12628;3720;3.4;1.0
11;2021-02-12;396;379;13024;4099;3.5;1.1
11;2021-02-13;191;120;13215;4219;3.5;1.1
11;2021-02-14;65;27;13280;4246;3.6;1.1
11;2021-02-15;237;209;13517;4455;3.6;1.2
11;2021-02-16;261;514;13778;4969;3.7;1.3
11;2021-02-17;451;619;14229;5588;3.8;1.5
11;2021-02-18;455;576;14684;6164;3.9;1.7
11;2021-02-19;300;540;14984;6704;4.0;1.8
11;2021-02-20;146;75;15130;6779;4.1;1.8
11;2021-02-21;56;45;15186;6824;4.1;1.8
11;2021-02-22;120;333;15306;7157;4.1;1.9
11;2021-02-23;282;324;15588;7481;4.2;2.0
11;2021-02-24;250;392;15838;7873;4.2;2.1
11;2021-02-25;559;340;16397;8213;4.4;2.2
11;2021-02-26;521;321;16918;8534;4.5;2.3
11;2021-02-27;318;98;17236;8632;4.6;2.3
11;2021-02-28;95;24;17331;8656;4.7;2.3
11;2021-03-01;338;320;17669;8976;4.7;2.4
11;2021-03-02;562;388;18231;9364;4.9;2.5
11;2021-03-03;599;434;18830;9798;5.1;2.6
11;2021-03-04;1075;406;19905;10204;5.3;2.7
11;2021-03-05;1001;405;20906;10609;5.6;2.8
11;2021-03-06;1093;201;21999;10810;5.9;2.9
11;2021-03-07;657;33;22656;10843;6.1;2.9
11;2021-03-08;381;351;23037;11194;6.2;3.0
11;2021-03-09;994;394;24031;11588;6.4;3.1
11;2021-03-10;1169;548;25200;12136;6.8;3.3
11;2021-03-11;1568;438;26768;12574;7.2;3.4
11;2021-03-12;1452;437;28220;13011;7.6;3.5
11;2021-03-13;1155;232;29375;13243;7.9;3.6
11;2021-03-14;524;49;29899;13292;8.0;3.6
11;2021-03-15;651;241;30550;13533;8.2;3.6
11;2021-03-16;852;199;31402;13732;8.4;3.7
11;2021-03-17;907;220;32309;13952;8.7;3.7
11;2021-03-18;1173;286;33482;14238;9.0;3.8
11;2021-03-19;1369;240;34851;14478;9.4;3.9
11;2021-03-20;786;168;35637;14646;9.6;3.9
11;2021-03-21;225;65;35862;14711;9.6;3.9
11;2021-03-22;809;215;36671;14926;9.8;4.0
11;2021-03-23;1799;388;38470;15314;10.3;4.1
11;2021-03-24;1832;314;40302;15628;10.8;4.2
11;2021-03-25;2189;368;42491;15996;11.4;4.3
11;2021-03-26;2120;439;44611;16435;12.0;4.4
11;2021-03-27;1177;144;45788;16579;12.3;4.4
11;2021-03-28;264;41;46052;16620;12.4;4.5
11;2021-03-29;1181;217;47233;16837;12.7;4.5
11;2021-03-30;1991;315;49224;17152;13.2;4.6
11;2021-03-31;1609;378;50833;17530;13.6;4.7
11;2021-04-01;2144;424;52977;17954;14.2;4.8
11;2021-04-02;1637;427;54614;18381;14.7;4.9
11;2021-04-03;718;141;55332;18522;14.8;5.0
11;2021-04-04;197;73;55529;18595;14.9;5.0
11;2021-04-05;257;4;55786;18599;15.0;5.0
11;2021-04-06;1569;544;57355;19143;15.4;5.1
11;2021-04-07;1760;571;59115;19714;15.9;5.3
11;2021-04-08;1783;683;60898;20397;16.3;5.5
11;2021-04-09;2255;592;63153;20989;16.9;5.6
11;2021-04-10;1168;171;64321;21160;17.3;5.7
11;2021-04-11;545;107;64866;21267;17.4;5.7
11;2021-04-12;1610;520;66476;21787;17.8;5.8
11;2021-04-13;2258;879;68734;22666;18.4;6.1
11;2021-04-14;1658;1005;70392;23671;18.9;6.4
11;2021-04-15;1837;1124;72229;24795;19.4;6.7
11;2021-04-16;1833;842;74062;25637;19.9;6.9
11;2021-04-17;1771;559;75833;26196;20.3;7.0
11;2021-04-18;113;154;75946;26350;20.4;7.1
11;2021-04-19;1380;734;77326;27084;20.7;7.3
11;2021-04-20;1726;1283;79052;28367;21.2;7.6
11;2021-04-21;1783;1313;80835;29680;21.7;8.0
11;2021-04-22;1746;1321;82581;31001;22.2;8.3
11;2021-04-23;2004;1223;84585;32224;22.7;8.6
11;2021-04-24;1733;466;86318;32690;23.2;8.8
11;2021-04-25;658;178;86976;32868;23.3;8.8
11;2021-04-26;1376;834;88352;33702;23.7;9.0
11;2021-04-27;1831;1543;90183;35245;24.2;9.5
11;2021-04-28;1998;1460;92181;36705;24.7;9.8
11;2021-04-29;2246;1632;94427;38337;25.3;10.3
11;2021-04-30;2149;1417;96576;39754;25.9;10.7
11;2021-05-01;1336;341;97912;40095;26.3;10.8
11;2021-05-02;583;335;98495;40430;26.4;10.8
11;2021-05-03;1485;735;99980;41165;26.8;11.0
11;2021-05-04;1876;1426;101856;42591;27.3;11.4
11;2021-05-05;1890;1431;103746;44022;27.8;11.8
11;2021-05-06;2189;1472;105935;45494;28.4;12.2
11;2021-05-07;2099;1554;108034;47048;29.0;12.6
11;2021-05-08;892;725;108926;47773;29.2;12.8
11;2021-05-09;627;544;109553;48317;29.4;13.0
11;2021-05-10;1326;1650;110879;49967;29.7;13.4
11;2021-05-11;2034;1859;112913;51826;30.3;13.9
11;2021-05-12;1830;1630;114743;53456;30.8;14.3
11;2021-05-13;1405;413;116148;53869;31.2;14.5
11;2021-05-14;1712;1186;117860;55055;31.6;14.8
11;2021-05-15;1156;901;119016;55956;31.9;15.0
11;2021-05-16;805;162;119821;56118;32.1;15.1
11;2021-05-17;1468;1047;121289;57165;32.5;15.3
11;2021-05-18;1898;1197;123187;58362;33.1;15.7
11;2021-05-19;1848;1118;125035;59480;33.5;16.0
11;2021-05-20;1967;1091;127002;60571;34.1;16.3
11;2021-05-21;2274;1086;129276;61657;34.7;16.5
11;2021-05-22;1483;724;130759;62381;35.1;16.7
11;2021-05-23;767;68;131526;62449;35.3;16.8
11;2021-05-24;1410;226;132936;62675;35.7;16.8
11;2021-05-25;1811;1353;134747;64028;36.2;17.2
11;2021-05-26;1932;1305;136679;65333;36.7;17.5
11;2021-05-27;1984;1721;138663;67054;37.2;18.0
11;2021-05-28;1758;1891;140421;68945;37.7;18.5
11;2021-05-29;1425;1596;141846;70541;38.1;18.9
11;2021-05-30;485;395;142331;70936;38.2;19.0
11;2021-05-31;1257;1620;143588;72556;38.5;19.5
11;2021-06-01;1853;1905;145441;74461;39.0;20.0
11;2021-06-02;1758;2074;147199;76535;39.5;20.5
11;2021-06-03;2593;2409;149792;78944;40.2;21.2
11;2021-06-04;2143;2667;151935;81611;40.8;21.9
11;2021-06-05;1589;1903;153524;83514;41.2;22.4
11;2021-06-06;875;861;154399;84375;41.4;22.6
11;2021-06-07;1526;1713;155925;86088;41.8;23.1
11;2021-06-08;2030;1989;157955;88077;42.4;23.6
11;2021-06-09;1779;2190;159734;90267;42.9;24.2
11;2021-06-10;1799;2425;161533;92692;43.3;24.9
11;2021-06-11;1859;2488;163392;95180;43.8;25.5
11;2021-06-12;1450;1623;164842;96803;44.2;26.0
11;2021-06-13;709;723;165551;97526;44.4;26.2
11;2021-06-14;1029;1968;166580;99494;44.7;26.7
11;2021-06-15;1383;2686;167963;102180;45.1;27.4
11;2021-06-16;1329;2526;169292;104706;45.4;28.1
11;2021-06-17;1450;2535;170742;107241;45.8;28.8
11;2021-06-18;1510;2492;172252;109733;46.2;29.4
11;2021-06-19;1233;1407;173485;111140;46.5;29.8
11;2021-06-20;298;600;173783;111740;46.6;30.0
11;2021-06-21;836;2121;174619;113861;46.9;30.5
11;2021-06-22;1011;2602;175630;116463;47.1;31.2
11;2021-06-23;1083;2086;176713;118549;47.4;31.8
11;2021-06-24;897;2248;177610;120797;47.7;32.4
11;2021-06-25;971;2536;178581;123333;47.9;33.1
11;2021-06-26;768;1653;179349;124986;48.1;33.5
11;2021-06-27;207;687;179556;125673;48.2;33.7
11;2021-06-28;693;2301;180249;127974;48.4;34.3
11;2021-06-29;949;2593;181198;130567;48.6;35.0
11;2021-06-30;887;2515;182085;133082;48.9;35.7
11;2021-07-01;987;1885;183072;134967;49.1;36.2
11;2021-07-02;959;2536;184031;137503;49.4;36.9
11;2021-07-03;726;1800;184757;139303;49.6;37.4
11;2021-07-04;335;1109;185092;140412;49.7;37.7
11;2021-07-05;692;2127;185784;142539;49.8;38.2
11;2021-07-06;964;2519;186748;145058;50.1;38.9
11;2021-07-07;921;2514;187669;147572;50.4;39.6
11;2021-07-08;1178;1896;188847;149468;50.7;40.1
11;2021-07-09;820;1788;189667;151256;50.9;40.6
11;2021-07-10;366;1300;190033;152556;51.0;40.9
11;2021-07-11;311;560;190344;153116;51.1;41.1
11;2021-07-12;493;2665;190837;155781;51.2;41.8
11;2021-07-13;1287;3065;192124;158846;51.5;42.6
11;2021-07-14;204;234;192328;159080;51.6;42.7
11;2021-07-15;1404;2952;193732;162032;52.0;43.5
11;2021-07-16;1830;2715;195562;164747;52.5;44.2
11;2021-07-17;1069;2156;196631;166903;52.8;44.8
11;2021-07-18;650;934;197281;167837;52.9;45.0
11;2021-07-19;1280;2073;198561;169910;53.3;45.6
12;2020-12-27;0;0;0;0;0.0;0.0
12;2020-12-28;0;0;0;0;0.0;0.0
12;2020-12-29;0;0;0;0;0.0;0.0
12;2020-12-30;0;0;0;0;0.0;0.0
12;2020-12-31;0;0;0;0;0.0;0.0
12;2021-01-01;0;0;0;0;0.0;0.0
12;2021-01-02;0;0;0;0;0.0;0.0
12;2021-01-03;0;0;0;0;0.0;0.0
12;2021-01-04;1;0;1;0;0.0;0.0
12;2021-01-05;0;0;1;0;0.0;0.0
12;2021-01-06;13;0;14;0;0.0;0.0
12;2021-01-07;202;0;216;0;0.1;0.0
12;2021-01-08;64;0;280;0;0.1;0.0
12;2021-01-09;0;0;280;0;0.1;0.0
12;2021-01-10;1;0;281;0;0.1;0.0
12;2021-01-11;99;0;380;0;0.1;0.0
12;2021-01-12;360;1;740;1;0.3;0.0
12;2021-01-13;285;0;1025;1;0.4;0.0
12;2021-01-14;589;9;1614;10;0.6;0.0
12;2021-01-15;366;10;1980;20;0.7;0.0
12;2021-01-16;138;2;2118;22;0.8;0.0
12;2021-01-17;0;0;2118;22;0.8;0.0
12;2021-01-18;452;0;2570;22;0.9;0.0
12;2021-01-19;602;3;3172;25;1.1;0.0
12;2021-01-20;877;1;4049;26;1.5;0.0
12;2021-01-21;722;0;4771;26;1.7;0.0
12;2021-01-22;798;1;5569;27;2.0;0.0
12;2021-01-23;381;0;5950;27;2.1;0.0
12;2021-01-24;0;0;5950;27;2.1;0.0
12;2021-01-25;449;0;6399;27;2.3;0.0
12;2021-01-26;648;0;7047;27;2.5;0.0
12;2021-01-27;1826;14;8873;41;3.2;0.0
12;2021-01-28;1882;210;10755;251;3.9;0.1
12;2021-01-29;1328;43;12083;294;4.3;0.1
12;2021-01-30;359;2;12442;296;4.5;0.1
12;2021-01-31;0;0;12442;296;4.5;0.1
12;2021-02-01;333;89;12775;385;4.6;0.1
12;2021-02-02;457;243;13232;628;4.8;0.2
12;2021-02-03;456;166;13688;794;4.9;0.3
12;2021-02-04;453;522;14141;1316;5.1;0.5
12;2021-02-05;447;183;14588;1499;5.2;0.5
12;2021-02-06;219;68;14807;1567;5.3;0.6
12;2021-02-07;8;0;14815;1567;5.3;0.6
12;2021-02-08;105;316;14920;1883;5.4;0.7
12;2021-02-09;207;341;15127;2224;5.4;0.8
12;2021-02-10;464;470;15591;2694;5.6;1.0
12;2021-02-11;538;344;16129;3038;5.8;1.1
12;2021-02-12;570;343;16699;3381;6.0;1.2
12;2021-02-13;175;133;16874;3514;6.1;1.3
12;2021-02-14;0;0;16874;3514;6.1;1.3
12;2021-02-15;173;380;17047;3894;6.1;1.4
12;2021-02-16;167;512;17214;4406;6.2;1.6
12;2021-02-17;362;1436;17576;5842;6.3;2.1
12;2021-02-18;671;1653;18247;7495;6.6;2.7
12;2021-02-19;576;969;18823;8464;6.8;3.0
12;2021-02-20;102;396;18925;8860;6.8;3.2
12;2021-02-21;0;0;18925;8860;6.8;3.2
12;2021-02-22;150;405;19075;9265;6.9;3.3
12;2021-02-23;157;561;19232;9826;6.9;3.5
12;2021-02-24;157;689;19389;10515;7.0;3.8
12;2021-02-25;198;767;19587;11282;7.0;4.1
12;2021-02-26;320;654;19907;11936;7.2;4.3
12;2021-02-27;190;350;20097;12286;7.2;4.4
12;2021-02-28;12;0;20109;12286;7.2;4.4
12;2021-03-01;49;350;20158;12636;7.2;4.5
12;2021-03-02;190;504;20348;13140;7.3;4.7
12;2021-03-03;243;388;20591;13528;7.4;4.9
12;2021-03-04;277;361;20868;13889;7.5;5.0
12;2021-03-05;421;365;21289;14254;7.6;5.1
12;2021-03-06;793;120;22082;14374;7.9;5.2
12;2021-03-07;140;31;22222;14405;8.0;5.2
12;2021-03-08;234;209;22456;14614;8.1;5.3
12;2021-03-09;716;232;23172;14846;8.3;5.3
12;2021-03-10;782;730;23954;15576;8.6;5.6
12;2021-03-11;916;648;24870;16224;8.9;5.8
12;2021-03-12;1252;519;26122;16743;9.4;6.0
12;2021-03-13;896;131;27018;16874;9.7;6.1
12;2021-03-14;44;2;27062;16876;9.7;6.1
12;2021-03-15;558;152;27620;17028;9.9;6.1
12;2021-03-16;817;157;28437;17185;10.2;6.2
12;2021-03-17;1503;158;29940;17343;10.8;6.2
12;2021-03-18;993;248;30933;17591;11.1;6.3
12;2021-03-19;1378;268;32311;17859;11.6;6.4
12;2021-03-20;724;79;33035;17938;11.9;6.4
12;2021-03-21;262;9;33297;17947;12.0;6.4
12;2021-03-22;606;172;33903;18119;12.2;6.5
12;2021-03-23;1214;171;35117;18290;12.6;6.6
12;2021-03-24;1421;193;36538;18483;13.1;6.6
12;2021-03-25;1843;197;38381;18680;13.8;6.7
12;2021-03-26;1976;215;40357;18895;14.5;6.8
12;2021-03-27;978;64;41335;18959;14.8;6.8
12;2021-03-28;59;1;41394;18960;14.9;6.8
12;2021-03-29;960;76;42354;19036;15.2;6.8
12;2021-03-30;1734;112;44088;19148;15.8;6.9
12;2021-03-31;1458;93;45546;19241;16.4;6.9
12;2021-04-01;1957;143;47503;19384;17.1;7.0
12;2021-04-02;1614;335;49117;19719;17.6;7.1
12;2021-04-03;882;92;49999;19811;18.0;7.1
12;2021-04-04;1;0;50000;19811;18.0;7.1
12;2021-04-05;645;11;50645;19822;18.2;7.1
12;2021-04-06;1152;536;51797;20358;18.6;7.3
12;2021-04-07;1649;621;53446;20979;19.2;7.5
12;2021-04-08;2094;544;55540;21523;20.0;7.7
12;2021-04-09;2091;622;57631;22145;20.7;8.0
12;2021-04-10;1427;214;59058;22359;21.2;8.0
12;2021-04-11;120;1;59178;22360;21.3;8.0
12;2021-04-12;1836;499;61014;22859;21.9;8.2
12;2021-04-13;1904;769;62918;23628;22.6;8.5
12;2021-04-14;1830;1315;64748;24943;23.3;9.0
12;2021-04-15;1938;897;66686;25840;24.0;9.3
12;2021-04-16;1673;1190;68359;27030;24.6;9.7
12;2021-04-17;1554;563;69913;27593;25.1;9.9
12;2021-04-18;0;0;69913;27593;25.1;9.9
12;2021-04-19;1685;544;71598;28137;25.7;10.1
12;2021-04-20;1546;978;73144;29115;26.3;10.5
12;2021-04-21;1686;1179;74830;30294;26.9;10.9
12;2021-04-22;1689;1091;76519;31385;27.5;11.3
12;2021-04-23;1381;1324;77900;32709;28.0;11.8
12;2021-04-24;1452;718;79352;33427;28.5;12.0
12;2021-04-25;59;0;79411;33427;28.5;12.0
12;2021-04-26;1459;897;80870;34324;29.1;12.3
12;2021-04-27;1319;1276;82189;35600;29.5;12.8
12;2021-04-28;1113;1867;83302;37467;29.9;13.5
12;2021-04-29;1570;1909;84872;39376;30.5;14.1
12;2021-04-30;1812;1818;86684;41194;31.1;14.8
12;2021-05-01;1614;258;88298;41452;31.7;14.9
12;2021-05-02;0;0;88298;41452;31.7;14.9
12;2021-05-03;1713;1244;90011;42696;32.3;15.3
12;2021-05-04;1480;1389;91491;44085;32.9;15.8
12;2021-05-05;1290;1674;92781;45759;33.3;16.4
12;2021-05-06;1752;1376;94533;47135;34.0;16.9
12;2021-05-07;1477;1773;96010;48908;34.5;17.6
12;2021-05-08;1329;459;97339;49367;35.0;17.7
12;2021-05-09;13;34;97352;49401;35.0;17.7
12;2021-05-10;825;2213;98177;51614;35.3;18.5
12;2021-05-11;931;1852;99108;53466;35.6;19.2
12;2021-05-12;949;1821;100057;55287;35.9;19.9
12;2021-05-13;1587;810;101644;56097;36.5;20.2
12;2021-05-14;1235;1529;102879;57626;37.0;20.7
12;2021-05-15;1064;1112;103943;58738;37.3;21.1
12;2021-05-16;2;19;103945;58757;37.3;21.1
12;2021-05-17;1082;1811;105027;60568;37.7;21.8
12;2021-05-18;1425;1534;106452;62102;38.2;22.3
12;2021-05-19;1914;1326;108366;63428;38.9;22.8
12;2021-05-20;2112;872;110478;64300;39.7;23.1
12;2021-05-21;1823;1253;112301;65553;40.3;23.5
12;2021-05-22;1205;1013;113506;66566;40.8;23.9
12;2021-05-23;6;12;113512;66578;40.8;23.9
12;2021-05-24;1955;539;115467;67117;41.5;24.1
12;2021-05-25;1737;1160;117204;68277;42.1;24.5
12;2021-05-26;1997;777;119201;69054;42.8;24.8
12;2021-05-27;2159;739;121360;69793;43.6;25.1
12;2021-05-28;1928;1030;123288;70823;44.3;25.4
12;2021-05-29;1636;804;124924;71627;44.9;25.7
12;2021-05-30;9;43;124933;71670;44.9;25.7
12;2021-05-31;1700;814;126633;72484;45.5;26.0
12;2021-06-01;1889;1028;128522;73512;46.2;26.4
12;2021-06-02;1975;1045;130497;74557;46.9;26.8
12;2021-06-03;2118;830;132615;75387;47.6;27.1
12;2021-06-04;1966;1414;134581;76801;48.3;27.6
12;2021-06-05;1736;981;136317;77782;49.0;27.9
12;2021-06-06;5;6;136322;77788;49.0;27.9
12;2021-06-07;1089;1797;137411;79585;49.4;28.6
12;2021-06-08;1333;1200;138744;80785;49.8;29.0
12;2021-06-09;894;1286;139638;82071;50.2;29.5
12;2021-06-10;1011;917;140649;82988;50.5;29.8
12;2021-06-11;1193;2078;141842;85066;51.0;30.6
12;2021-06-12;1031;1317;142873;86383;51.3;31.0
12;2021-06-13;6;47;142879;86430;51.3;31.0
12;2021-06-14;659;1831;143538;88261;51.6;31.7
12;2021-06-15;744;1882;144282;90143;51.8;32.4
12;2021-06-16;818;1813;145100;91956;52.1;33.0
12;2021-06-17;671;989;145771;92945;52.4;33.4
12;2021-06-18;1131;1838;146902;94783;52.8;34.1
12;2021-06-19;913;1404;147815;96187;53.1;34.6
12;2021-06-20;2;10;147817;96197;53.1;34.6
12;2021-06-21;509;1741;148326;97938;53.3;35.2
12;2021-06-22;499;1481;148825;99419;53.5;35.7
12;2021-06-23;578;1306;149403;100725;53.7;36.2
12;2021-06-24;243;544;149646;101269;53.8;36.4
12;2021-06-25;867;1836;150513;103105;54.1;37.0
12;2021-06-26;670;1526;151183;104631;54.3;37.6
12;2021-06-27;0;9;151183;104640;54.3;37.6
12;2021-06-28;467;2452;151650;107092;54.5;38.5
12;2021-06-29;562;1960;152212;109052;54.7;39.2
12;2021-06-30;828;2133;153040;111185;55.0;39.9
12;2021-07-01;339;1083;153379;112268;55.1;40.3
12;2021-07-02;783;2622;154162;114890;55.4;41.3
12;2021-07-03;561;1869;154723;116759;55.6;41.9
12;2021-07-04;0;0;154723;116759;55.6;41.9
12;2021-07-05;436;2410;155159;119169;55.7;42.8
12;2021-07-06;638;2503;155797;121672;56.0;43.7
12;2021-07-07;682;2120;156479;123792;56.2;44.5
12;2021-07-08;291;913;156770;124705;56.3;44.8
12;2021-07-09;714;2593;157484;127298;56.6;45.7
12;2021-07-10;441;2076;157925;129374;56.7;46.5
12;2021-07-11;0;0;157925;129374;56.7;46.5
12;2021-07-12;578;2442;158503;131816;56.9;47.4
12;2021-07-13;833;2590;159336;134406;57.2;48.3
12;2021-07-14;43;25;159379;134431;57.3;48.3
12;2021-07-15;786;2107;160165;136538;57.5;49.1
12;2021-07-16;1237;2553;161402;139091;58.0;50.0
12;2021-07-17;782;2008;162184;141099;58.3;50.7
12;2021-07-18;22;11;162206;141110;58.3;50.7
12;2021-07-19;1306;1998;163512;143108;58.7;51.4
13;2020-12-27;0;0;0;0;0.0;0.0
13;2020-12-28;0;0;0;0;0.0;0.0
13;2020-12-29;0;0;0;0;0.0;0.0
13;2020-12-30;0;0;0;0;0.0;0.0
13;2020-12-31;0;0;0;0;0.0;0.0
13;2021-01-01;3;0;3;0;0.0;0.0
13;2021-01-02;0;0;3;0;0.0;0.0
13;2021-01-03;0;0;3;0;0.0;0.0
13;2021-01-04;0;0;3;0;0.0;0.0
13;2021-01-05;75;0;78;0;0.0;0.0
13;2021-01-06;117;0;195;0;0.0;0.0
13;2021-01-07;173;1;368;1;0.0;0.0
13;2021-01-08;185;0;553;1;0.0;0.0
13;2021-01-09;10;0;563;1;0.0;0.0
13;2021-01-10;2;0;565;1;0.0;0.0
13;2021-01-11;479;2;1044;3;0.1;0.0
13;2021-01-12;812;1;1856;4;0.1;0.0
13;2021-01-13;1084;1;2940;5;0.1;0.0
13;2021-01-14;1562;19;4502;24;0.2;0.0
13;2021-01-15;1526;6;6028;30;0.3;0.0
13;2021-01-16;405;2;6433;32;0.3;0.0
13;2021-01-17;38;0;6471;32;0.3;0.0
13;2021-01-18;2367;9;8838;41;0.4;0.0
13;2021-01-19;7395;25;16233;66;0.8;0.0
13;2021-01-20;5542;16;21775;82;1.1;0.0
13;2021-01-21;5333;21;27108;103;1.3;0.0
13;2021-01-22;3980;16;31088;119;1.5;0.0
13;2021-01-23;1334;5;32422;124;1.6;0.0
13;2021-01-24;487;3;32909;127;1.6;0.0
13;2021-01-25;2324;24;35233;151;1.7;0.0
13;2021-01-26;2944;88;38177;239;1.9;0.0
13;2021-01-27;3108;118;41285;357;2.0;0.0
13;2021-01-28;3230;188;44515;545;2.2;0.0
13;2021-01-29;2505;122;47020;667;2.3;0.0
13;2021-01-30;1016;2;48036;669;2.4;0.0
13;2021-01-31;246;0;48282;669;2.4;0.0
13;2021-02-01;1852;298;50134;967;2.5;0.0
13;2021-02-02;2253;611;52387;1578;2.6;0.1
13;2021-02-03;1854;579;54241;2157;2.7;0.1
13;2021-02-04;1896;928;56137;3085;2.8;0.2
13;2021-02-05;2618;1560;58755;4645;2.9;0.2
13;2021-02-06;840;314;59595;4959;2.9;0.2
13;2021-02-07;274;6;59869;4965;2.9;0.2
13;2021-02-08;1893;1548;61762;6513;3.0;0.3
13;2021-02-09;3299;4448;65061;10961;3.2;0.5
13;2021-02-10;3201;3429;68262;14390;3.4;0.7
13;2021-02-11;3561;3579;71823;17969;3.5;0.9
13;2021-02-12;2825;3160;74648;21129;3.7;1.0
13;2021-02-13;728;597;75376;21726;3.7;1.1
13;2021-02-14;69;379;75445;22105;3.7;1.1
13;2021-02-15;962;2037;76407;24142;3.8;1.2
13;2021-02-16;1390;2646;77797;26788;3.8;1.3
13;2021-02-17;1342;3025;79139;29813;3.9;1.5
13;2021-02-18;1890;2692;81029;32505;4.0;1.6
13;2021-02-19;1510;2194;82539;34699;4.1;1.7
13;2021-02-20;456;787;82995;35486;4.1;1.7
13;2021-02-21;28;286;83023;35772;4.1;1.8
13;2021-02-22;1021;2273;84044;38045;4.1;1.9
13;2021-02-23;1278;2686;85322;40731;4.2;2.0
13;2021-02-24;1503;2628;86825;43359;4.3;2.1
13;2021-02-25;2379;2152;89204;45511;4.4;2.2
13;2021-02-26;2454;2110;91658;47621;4.5;2.3
13;2021-02-27;980;747;92638;48368;4.6;2.4
13;2021-02-28;192;203;92830;48571;4.6;2.4
13;2021-03-01;1907;1527;94737;50098;4.7;2.5
13;2021-03-02;2998;2604;97735;52702;4.8;2.6
13;2021-03-03;3469;2613;101204;55315;5.0;2.7
13;2021-03-04;4173;3149;105377;58464;5.2;2.9
13;2021-03-05;4041;2793;109418;61257;5.4;3.0
13;2021-03-06;5285;815;114703;62072;5.6;3.1
13;2021-03-07;4286;353;118989;62425;5.8;3.1
13;2021-03-08;3917;1985;122906;64410;6.0;3.2
13;2021-03-09;5053;2250;127959;66660;6.3;3.3
13;2021-03-10;5162;1947;133121;68607;6.5;3.4
13;2021-03-11;7287;2083;140408;70690;6.9;3.5
13;2021-03-12;8310;2039;148718;72729;7.3;3.6
13;2021-03-13;6366;686;155084;73415;7.6;3.6
13;2021-03-14;2308;132;157392;73547;7.7;3.6
13;2021-03-15;6342;1265;163734;74812;8.0;3.7
13;2021-03-16;5061;1490;168795;76302;8.3;3.8
13;2021-03-17;5166;1372;173961;77674;8.6;3.8
13;2021-03-18;5810;1840;179771;79514;8.8;3.9
13;2021-03-19;6790;1589;186561;81103;9.2;4.0
13;2021-03-20;4030;680;190591;81783;9.4;4.0
13;2021-03-21;714;80;191305;81863;9.4;4.0
13;2021-03-22;7282;1530;198587;83393;9.8;4.1
13;2021-03-23;9101;1705;207688;85098;10.2;4.2
13;2021-03-24;8833;2143;216521;87241;10.6;4.3
13;2021-03-25;10885;2049;227406;89290;11.2;4.4
13;2021-03-26;10697;1840;238103;91130;11.7;4.5
13;2021-03-27;4858;813;242961;91943;11.9;4.5
13;2021-03-28;1113;80;244074;92023;12.0;4.5
13;2021-03-29;7551;1957;251625;93980;12.4;4.6
13;2021-03-30;12581;2434;264206;96414;13.0;4.7
13;2021-03-31;10795;3068;275001;99482;13.5;4.9
13;2021-04-01;12237;2990;287238;102472;14.1;5.0
13;2021-04-02;9774;3828;297012;106300;14.6;5.2
13;2021-04-03;3999;2796;301011;109096;14.8;5.4
13;2021-04-04;625;305;301636;109401;14.8;5.4
13;2021-04-05;3509;705;305145;110106;15.0;5.4
13;2021-04-06;8493;4198;313638;114304;15.4;5.6
13;2021-04-07;10067;4622;323705;118926;15.9;5.8
13;2021-04-08;10086;5418;333791;124344;16.4;6.1
13;2021-04-09;11234;5069;345025;129413;17.0;6.4
13;2021-04-10;7287;2062;352312;131475;17.3;6.5
13;2021-04-11;1374;528;353686;132003;17.4;6.5
13;2021-04-12;7957;4751;361643;136754;17.8;6.7
13;2021-04-13;9127;5433;370770;142187;18.2;7.0
13;2021-04-14;9516;5763;380286;147950;18.7;7.3
13;2021-04-15;9857;5903;390143;153853;19.2;7.6
13;2021-04-16;9950;5516;400093;159369;19.7;7.8
13;2021-04-17;4070;2001;404163;161370;19.9;7.9
13;2021-04-18;2514;1416;406677;162786;20.0;8.0
13;2021-04-19;6439;6386;413116;169172;20.3;8.3
13;2021-04-20;7390;7577;420506;176749;20.7;8.7
13;2021-04-21;7755;7337;428261;184086;21.1;9.0
13;2021-04-22;8452;7882;436713;191968;21.5;9.4
13;2021-04-23;8340;6701;445053;198669;21.9;9.8
13;2021-04-24;4606;3808;449659;202477;22.1;10.0
13;2021-04-25;867;523;450526;203000;22.1;10.0
13;2021-04-26;6154;7100;456680;210100;22.4;10.3
13;2021-04-27;7243;8004;463923;218104;22.8;10.7
13;2021-04-28;9438;7673;473361;225777;23.3;11.1
13;2021-04-29;11390;7490;484751;233267;23.8;11.5
13;2021-04-30;10908;7279;495659;240546;24.4;11.8
13;2021-05-01;5370;3778;501029;244324;24.6;12.0
13;2021-05-02;2095;745;503124;245069;24.7;12.0
13;2021-05-03;7279;7840;510403;252909;25.1;12.4
13;2021-05-04;8422;8505;518825;261414;25.5;12.8
13;2021-05-05;8198;8940;527023;270354;25.9;13.3
13;2021-05-06;10127;8559;537150;278913;26.4;13.7
13;2021-05-07;8835;10008;545985;288921;26.8;14.2
13;2021-05-08;4562;3912;550547;292833;27.1;14.4
13;2021-05-09;934;684;551481;293517;27.1;14.4
13;2021-05-10;7701;8754;559182;302271;27.5;14.9
13;2021-05-11;10939;9556;570121;311827;28.0;15.3
13;2021-05-12;12826;8696;582947;320523;28.7;15.8
13;2021-05-13;9500;3618;592447;324141;29.1;15.9
13;2021-05-14;13648;6424;606095;330565;29.8;16.2
13;2021-05-15;10189;4519;616284;335084;30.3;16.5
13;2021-05-16;3121;787;619405;335871;30.4;16.5
13;2021-05-17;10835;6797;630240;342668;31.0;16.8
13;2021-05-18;11895;6442;642135;349110;31.6;17.2
13;2021-05-19;12140;6318;654275;355428;32.2;17.5
13;2021-05-20;13415;6423;667690;361851;32.8;17.8
13;2021-05-21;12964;6760;680654;368611;33.5;18.1
13;2021-05-22;7510;3631;688164;372242;33.8;18.3
13;2021-05-23;861;636;689025;372878;33.9;18.3
13;2021-05-24;6759;2470;695784;375348;34.2;18.4
13;2021-05-25;9258;7587;705042;382935;34.7;18.8
13;2021-05-26;10116;7830;715158;390765;35.2;19.2
13;2021-05-27;10336;8403;725494;399168;35.7;19.6
13;2021-05-28;8966;9151;734460;408319;36.1;20.1
13;2021-05-29;7171;4626;741631;412945;36.5;20.3
13;2021-05-30;888;527;742519;413472;36.5;20.3
13;2021-05-31;8180;7988;750699;421460;36.9;20.7
13;2021-06-01;9295;9292;759994;430752;37.4;21.2
13;2021-06-02;9611;8760;769605;439512;37.8;21.6
13;2021-06-03;12199;9458;781804;448970;38.4;22.1
13;2021-06-04;11990;10017;793794;458987;39.0;22.6
13;2021-06-05;7721;5564;801515;464551;39.4;22.8
13;2021-06-06;1663;880;803178;465431;39.5;22.9
13;2021-06-07;6654;9875;809832;475306;39.8;23.4
13;2021-06-08;8252;9971;818084;485277;40.2;23.9
13;2021-06-09;8298;9701;826382;494978;40.6;24.3
13;2021-06-10;8834;9733;835216;504711;41.1;24.8
13;2021-06-11;8176;12691;843392;517402;41.5;25.4
13;2021-06-12;5736;6691;849128;524093;41.7;25.8
13;2021-06-13;939;1211;850067;525304;41.8;25.8
13;2021-06-14;5947;11141;856014;536445;42.1;26.4
13;2021-06-15;7166;11388;863180;547833;42.4;26.9
13;2021-06-16;7223;9876;870403;557709;42.8;27.4
13;2021-06-17;7304;10684;877707;568393;43.1;27.9
13;2021-06-18;7392;11052;885099;579445;43.5;28.5
13;2021-06-19;4562;7466;889661;586911;43.7;28.8
13;2021-06-20;934;1041;890595;587952;43.8;28.9
13;2021-06-21;4412;12260;895007;600212;44.0;29.5
13;2021-06-22;4859;13873;899866;614085;44.2;30.2
13;2021-06-23;5023;13557;904889;627642;44.5;30.9
13;2021-06-24;5234;12828;910123;640470;44.7;31.5
13;2021-06-25;5101;14678;915224;655148;45.0;32.2
13;2021-06-26;2986;9663;918210;664811;45.1;32.7
13;2021-06-27;530;928;918740;665739;45.2;32.7
13;2021-06-28;3618;12545;922358;678284;45.3;33.3
13;2021-06-29;4307;12879;926665;691163;45.5;34.0
13;2021-06-30;4735;12677;931400;703840;45.8;34.6
13;2021-07-01;5278;11441;936678;715281;46.0;35.2
13;2021-07-02;5384;12355;942062;727636;46.3;35.8
13;2021-07-03;3457;9139;945519;736775;46.5;36.2
13;2021-07-04;466;868;945985;737643;46.5;36.3
13;2021-07-05;3649;11762;949634;749405;46.7;36.8
13;2021-07-06;5367;11653;955001;761058;46.9;37.4
13;2021-07-07;5527;10647;960528;771705;47.2;37.9
13;2021-07-08;6106;10235;966634;781940;47.5;38.4
13;2021-07-09;5815;11866;972449;793806;47.8;39.0
13;2021-07-10;3127;8613;975576;802419;48.0;39.4
13;2021-07-11;421;1007;975997;803426;48.0;39.5
13;2021-07-12;4406;10931;980403;814357;48.2;40.0
13;2021-07-13;8841;13044;989244;827401;48.6;40.7
13;2021-07-14;5557;4793;994801;832194;48.9;40.9
13;2021-07-15;11235;12773;1006036;844967;49.4;41.5
13;2021-07-16;11945;12704;1017981;857671;50.0;42.2
13;2021-07-17;6499;8359;1024480;866030;50.4;42.6
13;2021-07-18;704;1042;1025184;867072;50.4;42.6
13;2021-07-19;9520;11014;1034704;878086;50.9;43.2
14;2020-12-27;0;0;0;0;0.0;0.0
14;2020-12-28;1;0;1;0;0.0;0.0
14;2020-12-29;0;0;1;0;0.0;0.0
14;2020-12-30;0;0;1;0;0.0;0.0
14;2020-12-31;3;0;4;0;0.0;0.0
14;2021-01-01;0;0;4;0;0.0;0.0
14;2021-01-02;1;0;5;0;0.0;0.0
14;2021-01-03;0;0;5;0;0.0;0.0
14;2021-01-04;0;0;5;0;0.0;0.0
14;2021-01-05;13;0;18;0;0.0;0.0
14;2021-01-06;348;0;366;0;0.1;0.0
14;2021-01-07;396;1;762;1;0.1;0.0
14;2021-01-08;613;2;1375;3;0.2;0.0
14;2021-01-09;125;0;1500;3;0.2;0.0
14;2021-01-10;41;0;1541;3;0.2;0.0
14;2021-01-11;661;0;2202;3;0.3;0.0
14;2021-01-12;934;0;3136;3;0.5;0.0
14;2021-01-13;846;1;3982;4;0.6;0.0
14;2021-01-14;2798;17;6780;21;1.0;0.0
14;2021-01-15;1876;13;8656;34;1.3;0.0
14;2021-01-16;268;2;8924;36;1.3;0.0
14;2021-01-17;145;4;9069;40;1.3;0.0
14;2021-01-18;1084;1;10153;41;1.5;0.0
14;2021-01-19;1148;1;11301;42;1.6;0.0
14;2021-01-20;1988;4;13289;46;1.9;0.0
14;2021-01-21;1811;5;15100;51;2.2;0.0
14;2021-01-22;1486;2;16586;53;2.4;0.0
14;2021-01-23;297;1;16883;54;2.4;0.0
14;2021-01-24;71;0;16954;54;2.5;0.0
14;2021-01-25;909;10;17863;64;2.6;0.0
14;2021-01-26;846;36;18709;100;2.7;0.0
14;2021-01-27;879;158;19588;258;2.8;0.0
14;2021-01-28;779;143;20367;401;2.9;0.1
14;2021-01-29;780;230;21147;631;3.1;0.1
14;2021-01-30;269;12;21416;643;3.1;0.1
14;2021-01-31;58;3;21474;646;3.1;0.1
14;2021-02-01;724;230;22198;876;3.2;0.1
14;2021-02-02;822;423;23020;1299;3.3;0.2
14;2021-02-03;745;389;23765;1688;3.4;0.2
14;2021-02-04;1167;2060;24932;3748;3.6;0.5
14;2021-02-05;1293;1314;26225;5062;3.8;0.7
14;2021-02-06;394;240;26619;5302;3.8;0.8
14;2021-02-07;178;73;26797;5375;3.9;0.8
14;2021-02-08;774;824;27571;6199;4.0;0.9
14;2021-02-09;719;1008;28290;7207;4.1;1.0
14;2021-02-10;824;1611;29114;8818;4.2;1.3
14;2021-02-11;1348;1432;30462;10250;4.4;1.5
14;2021-02-12;1379;1081;31841;11331;4.6;1.6
14;2021-02-13;307;185;32148;11516;4.6;1.7
14;2021-02-14;84;68;32232;11584;4.7;1.7
14;2021-02-15;442;1087;32674;12671;4.7;1.8
14;2021-02-16;674;981;33348;13652;4.8;2.0
14;2021-02-17;405;981;33753;14633;4.9;2.1
14;2021-02-18;702;876;34455;15509;5.0;2.2
14;2021-02-19;733;776;35188;16285;5.1;2.4
14;2021-02-20;89;272;35277;16557;5.1;2.4
14;2021-02-21;6;90;35283;16647;5.1;2.4
14;2021-02-22;432;1050;35715;17697;5.2;2.6
14;2021-02-23;485;914;36200;18611;5.2;2.7
14;2021-02-24;439;896;36639;19507;5.3;2.8
14;2021-02-25;1221;1171;37860;20678;5.5;3.0
14;2021-02-26;1576;1162;39436;21840;5.7;3.2
14;2021-02-27;505;269;39941;22109;5.8;3.2
14;2021-02-28;27;42;39968;22151;5.8;3.2
14;2021-03-01;519;923;40487;23074;5.9;3.3
14;2021-03-02;967;806;41454;23880;6.0;3.5
14;2021-03-03;1074;828;42528;24708;6.2;3.6
14;2021-03-04;1949;774;44477;25482;6.4;3.7
14;2021-03-05;2429;865;46906;26347;6.8;3.8
14;2021-03-06;3073;193;49979;26540;7.2;3.8
14;2021-03-07;1193;57;51172;26597;7.4;3.8
14;2021-03-08;1250;811;52422;27408;7.6;4.0
14;2021-03-09;1740;691;54162;28099;7.8;4.1
14;2021-03-10;1827;580;55989;28679;8.1;4.1
14;2021-03-11;2746;461;58735;29140;8.5;4.2
14;2021-03-12;4041;546;62776;29686;9.1;4.3
14;2021-03-13;1849;167;64625;29853;9.3;4.3
14;2021-03-14;30;38;64655;29891;9.4;4.3
14;2021-03-15;2005;132;66660;30023;9.6;4.3
14;2021-03-16;1398;276;68058;30299;9.8;4.4
14;2021-03-17;1153;192;69211;30491;10.0;4.4
14;2021-03-18;1479;301;70690;30792;10.2;4.5
14;2021-03-19;2596;258;73286;31050;10.6;4.5
14;2021-03-20;2654;30;75940;31080;11.0;4.5
14;2021-03-21;453;8;76393;31088;11.0;4.5
14;2021-03-22;1867;355;78260;31443;11.3;4.5
14;2021-03-23;2170;318;80430;31761;11.6;4.6
14;2021-03-24;2426;185;82856;31946;12.0;4.6
14;2021-03-25;3286;308;86142;32254;12.5;4.7
14;2021-03-26;4603;455;90745;32709;13.1;4.7
14;2021-03-27;2229;221;92974;32930;13.4;4.8
14;2021-03-28;35;1;93009;32931;13.5;4.8
14;2021-03-29;1604;476;94613;33407;13.7;4.8
14;2021-03-30;2713;507;97326;33914;14.1;4.9
14;2021-03-31;2313;904;99639;34818;14.4;5.0
14;2021-04-01;4171;1652;103810;36470;15.0;5.3
14;2021-04-02;3862;1253;107672;37723;15.6;5.5
14;2021-04-03;1129;1200;108801;38923;15.7;5.6
14;2021-04-04;25;484;108826;39407;15.7;5.7
14;2021-04-05;1214;321;110040;39728;15.9;5.7
14;2021-04-06;2383;984;112423;40712;16.3;5.9
14;2021-04-07;2717;1022;115140;41734;16.7;6.0
14;2021-04-08;4297;1088;119437;42822;17.3;6.2
14;2021-04-09;6029;1150;125466;43972;18.1;6.4
14;2021-04-10;2892;427;128358;44399;18.6;6.4
14;2021-04-11;628;118;128986;44517;18.7;6.4
14;2021-04-12;2911;1574;131897;46091;19.1;6.7
14;2021-04-13;3468;1428;135365;47519;19.6;6.9
14;2021-04-14;3107;1153;138472;48672;20.0;7.0
14;2021-04-15;4392;1501;142864;50173;20.7;7.3
14;2021-04-16;4599;1544;147463;51717;21.3;7.5
14;2021-04-17;2314;1654;149777;53371;21.7;7.7
14;2021-04-18;537;324;150314;53695;21.7;7.8
14;2021-04-19;2755;1700;153069;55395;22.1;8.0
14;2021-04-20;3385;1823;156454;57218;22.6;8.3
14;2021-04-21;3001;1460;159455;58678;23.1;8.5
14;2021-04-22;4220;2064;163675;60742;23.7;8.8
14;2021-04-23;4627;2266;168302;63008;24.3;9.1
14;2021-04-24;1850;1747;170152;64755;24.6;9.4
14;2021-04-25;456;26;170608;64781;24.7;9.4
14;2021-04-26;3370;1566;173978;66347;25.2;9.6
14;2021-04-27;3499;2563;177477;68910;25.7;10.0
14;2021-04-28;3233;1890;180710;70800;26.1;10.2
14;2021-04-29;4539;2292;185249;73092;26.8;10.6
14;2021-04-30;5118;2631;190367;75723;27.5;11.0
14;2021-05-01;3552;189;193919;75912;28.0;11.0
14;2021-05-02;1237;54;195156;75966;28.2;11.0
14;2021-05-03;2479;2761;197635;78727;28.6;11.4
14;2021-05-04;3124;2896;200759;81623;29.0;11.8
14;2021-05-05;3681;2754;204440;84377;29.6;12.2
14;2021-05-06;4931;3471;209371;87848;30.3;12.7
14;2021-05-07;4864;3845;214235;91693;31.0;13.3
14;2021-05-08;2724;1258;216959;92951;31.4;13.4
14;2021-05-09;1913;659;218872;93610;31.7;13.5
14;2021-05-10;3628;3147;222500;96757;32.2;14.0
14;2021-05-11;4343;3590;226843;100347;32.8;14.5
14;2021-05-12;4047;3205;230890;103552;33.4;15.0
14;2021-05-13;4690;1127;235580;104679;34.1;15.1
14;2021-05-14;6670;2622;242250;107301;35.0;15.5
14;2021-05-15;5141;762;247391;108063;35.8;15.6
14;2021-05-16;2317;120;249708;108183;36.1;15.6
14;2021-05-17;2821;2262;252529;110445;36.5;16.0
14;2021-05-18;4084;2238;256613;112683;37.1;16.3
14;2021-05-19;3746;2018;260359;114701;37.7;16.6
14;2021-05-20;4474;2755;264833;117456;38.3;17.0
14;2021-05-21;4266;3521;269099;120977;38.9;17.5
14;2021-05-22;1668;865;270767;121842;39.2;17.6
14;2021-05-23;647;71;271414;121913;39.3;17.6
14;2021-05-24;2845;748;274259;122661;39.7;17.7
14;2021-05-25;3623;3391;277882;126052;40.2;18.2
14;2021-05-26;3430;2404;281312;128456;40.7;18.6
14;2021-05-27;4768;3232;286080;131688;41.4;19.0
14;2021-05-28;5084;3888;291164;135576;42.1;19.6
14;2021-05-29;2339;2456;293503;138032;42.4;20.0
14;2021-05-30;757;239;294260;138271;42.6;20.0
14;2021-05-31;4089;2964;298349;141235;43.1;20.4
14;2021-06-01;5735;3215;304084;144450;44.0;20.9
14;2021-06-02;5026;2846;309110;147296;44.7;21.3
14;2021-06-03;6648;4010;315758;151306;45.7;21.9
14;2021-06-04;6440;5136;322198;156442;46.6;22.6
14;2021-06-05;4343;1858;326541;158300;47.2;22.9
14;2021-06-06;2042;80;328583;158380;47.5;22.9
14;2021-06-07;4241;3446;332824;161826;48.1;23.4
14;2021-06-08;5216;3125;338040;164951;48.9;23.9
14;2021-06-09;4259;2958;342299;167909;49.5;24.3
14;2021-06-10;5031;2960;347330;170869;50.2;24.7
14;2021-06-11;4820;4880;352150;175749;50.9;25.4
14;2021-06-12;3675;4503;355825;180252;51.5;26.1
14;2021-06-13;844;1091;356669;181343;51.6;26.2
14;2021-06-14;2170;3791;358839;185134;51.9;26.8
14;2021-06-15;3296;3968;362135;189102;52.4;27.3
14;2021-06-16;3429;4550;365564;193652;52.9;28.0
14;2021-06-17;4220;5257;369784;198909;53.5;28.8
14;2021-06-18;3715;6125;373499;205034;54.0;29.7
14;2021-06-19;2580;2949;376079;207983;54.4;30.1
14;2021-06-20;567;1564;376646;209547;54.5;30.3
14;2021-06-21;2098;4361;378744;213908;54.8;30.9
14;2021-06-22;2562;5187;381306;219095;55.1;31.7
14;2021-06-23;2491;4346;383797;223441;55.5;32.3
14;2021-06-24;3424;5808;387221;229249;56.0;33.2
14;2021-06-25;2720;7281;389941;236530;56.4;34.2
14;2021-06-26;2164;4543;392105;241073;56.7;34.9
14;2021-06-27;433;1833;392538;242906;56.8;35.1
14;2021-06-28;1284;3974;393822;246880;57.0;35.7
14;2021-06-29;1768;5369;395590;252249;57.2;36.5
14;2021-06-30;1954;4622;397544;256871;57.5;37.1
14;2021-07-01;2892;5068;400436;261939;57.9;37.9
14;2021-07-02;2568;6669;403004;268608;58.3;38.8
14;2021-07-03;1420;2650;404424;271258;58.5;39.2
14;2021-07-04;417;716;404841;271974;58.5;39.3
14;2021-07-05;1182;4786;406023;276760;58.7;40.0
14;2021-07-06;2061;6006;408084;282766;59.0;40.9
14;2021-07-07;2235;4581;410319;287347;59.3;41.6
14;2021-07-08;2879;5517;413198;292864;59.8;42.4
14;2021-07-09;2741;6447;415939;299311;60.2;43.3
14;2021-07-10;2020;3199;417959;302510;60.4;43.7
14;2021-07-11;895;873;418854;303383;60.6;43.9
14;2021-07-12;1615;5909;420469;309292;60.8;44.7
14;2021-07-13;3049;7337;423518;316629;61.3;45.8
14;2021-07-14;2228;3047;425746;319676;61.6;46.2
14;2021-07-15;4128;7651;429874;327327;62.2;47.3
14;2021-07-16;4592;7669;434466;334996;62.8;48.4
14;2021-07-17;2091;4195;436557;339191;63.1;49.1
14;2021-07-18;706;1863;437263;341054;63.2;49.3
14;2021-07-19;2542;6104;439805;347158;63.6;50.2
15;2020-12-27;0;0;0;0;0.0;0.0
15;2020-12-28;0;0;0;0;0.0;0.0
15;2020-12-29;0;0;0;0;0.0;0.0
15;2020-12-30;0;0;0;0;0.0;0.0
15;2020-12-31;0;0;0;0;0.0;0.0
15;2021-01-01;1;0;1;0;0.0;0.0
15;2021-01-02;0;0;1;0;0.0;0.0
15;2021-01-03;0;0;1;0;0.0;0.0
15;2021-01-04;0;0;1;0;0.0;0.0
15;2021-01-05;0;0;1;0;0.0;0.0
15;2021-01-06;0;0;1;0;0.0;0.0
15;2021-01-07;71;0;72;0;0.1;0.0
15;2021-01-08;106;0;178;0;0.1;0.0
15;2021-01-09;0;0;178;0;0.1;0.0
15;2021-01-10;1;0;179;0;0.1;0.0
15;2021-01-11;98;0;277;0;0.2;0.0
15;2021-01-12;92;0;369;0;0.3;0.0
15;2021-01-13;230;0;599;0;0.4;0.0
15;2021-01-14;297;1;896;1;0.6;0.0
15;2021-01-15;138;0;1034;1;0.7;0.0
15;2021-01-16;90;0;1124;1;0.8;0.0
15;2021-01-17;0;0;1124;1;0.8;0.0
15;2021-01-18;404;2;1528;3;1.1;0.0
15;2021-01-19;550;0;2078;3;1.5;0.0
15;2021-01-20;630;0;2708;3;1.9;0.0
15;2021-01-21;575;3;3283;6;2.3;0.0
15;2021-01-22;503;2;3786;8;2.7;0.0
15;2021-01-23;432;1;4218;9;3.0;0.0
15;2021-01-24;6;0;4224;9;3.0;0.0
15;2021-01-25;397;0;4621;9;3.2;0.0
15;2021-01-26;436;0;5057;9;3.5;0.0
15;2021-01-27;723;0;5780;9;4.0;0.0
15;2021-01-28;625;51;6405;60;4.5;0.0
15;2021-01-29;329;82;6734;142;4.7;0.1
15;2021-01-30;218;3;6952;145;4.9;0.1
15;2021-01-31;0;0;6952;145;4.9;0.1
15;2021-02-01;237;89;7189;234;5.0;0.2
15;2021-02-02;189;90;7378;324;5.2;0.2
15;2021-02-03;266;158;7644;482;5.4;0.3
15;2021-02-04;663;205;8307;687;5.8;0.5
15;2021-02-05;296;255;8603;942;6.0;0.7
15;2021-02-06;98;76;8701;1018;6.1;0.7
15;2021-02-07;0;0;8701;1018;6.1;0.7
15;2021-02-08;233;107;8934;1125;6.3;0.8
15;2021-02-09;205;118;9139;1243;6.4;0.9
15;2021-02-10;338;298;9477;1541;6.6;1.1
15;2021-02-11;114;240;9591;1781;6.7;1.2
15;2021-02-12;136;157;9727;1938;6.8;1.4
15;2021-02-13;92;78;9819;2016;6.9;1.4
15;2021-02-14;0;0;9819;2016;6.9;1.4
15;2021-02-15;63;216;9882;2232;6.9;1.6
15;2021-02-16;52;294;9934;2526;7.0;1.8
15;2021-02-17;143;470;10077;2996;7.1;2.1
15;2021-02-18;87;748;10164;3744;7.1;2.6
15;2021-02-19;90;432;10254;4176;7.2;2.9
15;2021-02-20;21;259;10275;4435;7.2;3.1
15;2021-02-21;0;0;10275;4435;7.2;3.1
15;2021-02-22;23;497;10298;4932;7.2;3.5
15;2021-02-23;180;457;10478;5389;7.3;3.8
15;2021-02-24;31;461;10509;5850;7.4;4.1
15;2021-02-25;228;1002;10737;6852;7.5;4.8
15;2021-02-26;185;473;10922;7325;7.6;5.1
15;2021-02-27;146;88;11068;7413;7.8;5.2
15;2021-02-28;1;0;11069;7413;7.8;5.2
15;2021-03-01;121;223;11190;7636;7.8;5.3
15;2021-03-02;249;306;11439;7942;8.0;5.6
15;2021-03-03;207;29;11646;7971;8.2;5.6
15;2021-03-04;244;246;11890;8217;8.3;5.8
15;2021-03-05;347;171;12237;8388;8.6;5.9
15;2021-03-06;680;7;12917;8395;9.0;5.9
15;2021-03-07;80;0;12997;8395;9.1;5.9
15;2021-03-08;93;106;13090;8501;9.2;6.0
15;2021-03-09;279;285;13369;8786;9.4;6.2
15;2021-03-10;415;162;13784;8948;9.7;6.3
15;2021-03-11;434;296;14218;9244;10.0;6.5
15;2021-03-12;523;94;14741;9338;10.3;6.5
15;2021-03-13;354;4;15095;9342;10.6;6.5
15;2021-03-14;18;0;15113;9342;10.6;6.5
15;2021-03-15;542;60;15655;9402;11.0;6.6
15;2021-03-16;328;20;15983;9422;11.2;6.6
15;2021-03-17;130;53;16113;9475;11.3;6.6
15;2021-03-18;250;94;16363;9569;11.5;6.7
15;2021-03-19;668;30;17031;9599;11.9;6.7
15;2021-03-20;148;36;17179;9635;12.0;6.7
15;2021-03-21;6;0;17185;9635;12.0;6.7
15;2021-03-22;573;74;17758;9709;12.4;6.8
15;2021-03-23;775;92;18533;9801;13.0;6.9
15;2021-03-24;936;31;19469;9832;13.6;6.9
15;2021-03-25;1279;22;20748;9854;14.5;6.9
15;2021-03-26;1009;48;21757;9902;15.2;6.9
15;2021-03-27;301;3;22058;9905;15.4;6.9
15;2021-03-28;20;0;22078;9905;15.5;6.9
15;2021-03-29;780;15;22858;9920;16.0;6.9
15;2021-03-30;1133;197;23991;10117;16.8;7.1
15;2021-03-31;937;18;24928;10135;17.5;7.1
15;2021-04-01;1233;51;26161;10186;18.3;7.1
15;2021-04-02;1141;54;27302;10240;19.1;7.2
15;2021-04-03;120;18;27422;10258;19.2;7.2
15;2021-04-04;0;0;27422;10258;19.2;7.2
15;2021-04-05;33;1;27455;10259;19.2;7.2
15;2021-04-06;834;78;28289;10337;19.8;7.2
15;2021-04-07;662;100;28951;10437;20.3;7.3
15;2021-04-08;1247;127;30198;10564;21.1;7.4
15;2021-04-09;1275;95;31473;10659;22.0;7.5
15;2021-04-10;364;19;31837;10678;22.3;7.5
15;2021-04-11;13;0;31850;10678;22.3;7.5
15;2021-04-12;644;459;32494;11137;22.8;7.8
15;2021-04-13;1124;320;33618;11457;23.5;8.0
15;2021-04-14;1038;197;34656;11654;24.3;8.2
15;2021-04-15;1182;304;35838;11958;25.1;8.4
15;2021-04-16;1038;554;36876;12512;25.8;8.8
15;2021-04-17;443;11;37319;12523;26.1;8.8
15;2021-04-18;0;10;37319;12533;26.1;8.8
15;2021-04-19;540;514;37859;13047;26.5;9.1
15;2021-04-20;847;613;38706;13660;27.1;9.6
15;2021-04-21;599;648;39305;14308;27.5;10.0
15;2021-04-22;726;770;40031;15078;28.0;10.6
15;2021-04-23;731;674;40762;15752;28.5;11.0
15;2021-04-24;363;123;41125;15875;28.8;11.1
15;2021-04-25;1;3;41126;15878;28.8;11.1
15;2021-04-26;324;631;41450;16509;29.0;11.6
15;2021-04-27;469;930;41919;17439;29.4;12.2
15;2021-04-28;378;788;42297;18227;29.6;12.8
15;2021-04-29;584;1008;42881;19235;30.0;13.5
15;2021-04-30;547;1078;43428;20313;30.4;14.2
15;2021-05-01;283;30;43711;20343;30.6;14.2
15;2021-05-02;0;0;43711;20343;30.6;14.2
15;2021-05-03;881;327;44592;20670;31.2;14.5
15;2021-05-04;802;855;45394;21525;31.8;15.1
15;2021-05-05;676;670;46070;22195;32.3;15.5
15;2021-05-06;826;965;46896;23160;32.8;16.2
15;2021-05-07;1151;906;48047;24066;33.6;16.9
15;2021-05-08;491;54;48538;24120;34.0;16.9
15;2021-05-09;23;9;48561;24129;34.0;16.9
15;2021-05-10;705;911;49266;25040;34.5;17.5
15;2021-05-11;1187;1185;50453;26225;35.3;18.4
15;2021-05-12;1147;832;51600;27057;36.1;18.9
15;2021-05-13;1165;437;52765;27494;36.9;19.3
15;2021-05-14;1504;583;54269;28077;38.0;19.7
15;2021-05-15;1410;417;55679;28494;39.0;20.0
15;2021-05-16;1;10;55680;28504;39.0;20.0
15;2021-05-17;1000;606;56680;29110;39.7;20.4
15;2021-05-18;1222;968;57902;30078;40.5;21.1
15;2021-05-19;1020;458;58922;30536;41.3;21.4
15;2021-05-20;1239;776;60161;31312;42.1;21.9
15;2021-05-21;1348;748;61509;32060;43.1;22.4
15;2021-05-22;527;187;62036;32247;43.4;22.6
15;2021-05-23;0;11;62036;32258;43.4;22.6
15;2021-05-24;691;257;62727;32515;43.9;22.8
15;2021-05-25;1151;620;63878;33135;44.7;23.2
15;2021-05-26;1095;458;64973;33593;45.5;23.5
15;2021-05-27;1269;661;66242;34254;46.4;24.0
15;2021-05-28;1509;886;67751;35140;47.4;24.6
15;2021-05-29;984;361;68735;35501;48.1;24.9
15;2021-05-30;14;25;68749;35526;48.1;24.9
15;2021-05-31;1201;478;69950;36004;49.0;25.2
15;2021-06-01;1399;571;71349;36575;50.0;25.6
15;2021-06-02;865;417;72214;36992;50.6;25.9
15;2021-06-03;931;711;73145;37703;51.2;26.4
15;2021-06-04;1076;718;74221;38421;52.0;26.9
15;2021-06-05;651;263;74872;38684;52.4;27.1
15;2021-06-06;16;20;74888;38704;52.4;27.1
15;2021-06-07;784;349;75672;39053;53.0;27.3
15;2021-06-08;473;396;76145;39449;53.3;27.6
15;2021-06-09;377;374;76522;39823;53.6;27.9
15;2021-06-10;269;425;76791;40248;53.8;28.2
15;2021-06-11;661;1099;77452;41347;54.2;29.0
15;2021-06-12;377;467;77829;41814;54.5;29.3
15;2021-06-13;12;6;77841;41820;54.5;29.3
15;2021-06-14;542;976;78383;42796;54.9;30.0
15;2021-06-15;450;1162;78833;43958;55.2;30.8
15;2021-06-16;539;897;79372;44855;55.6;31.4
15;2021-06-17;287;933;79659;45788;55.8;32.1
15;2021-06-18;740;1203;80399;46991;56.3;32.9
15;2021-06-19;541;705;80940;47696;56.7;33.4
15;2021-06-20;10;1;80950;47697;56.7;33.4
15;2021-06-21;277;1036;81227;48733;56.9;34.1
15;2021-06-22;224;1479;81451;50212;57.0;35.2
15;2021-06-23;337;1444;81788;51656;57.3;36.2
15;2021-06-24;290;1096;82078;52752;57.5;36.9
15;2021-06-25;376;1644;82454;54396;57.7;38.1
15;2021-06-26;164;911;82618;55307;57.9;38.7
15;2021-06-27;0;0;82618;55307;57.9;38.7
15;2021-06-28;174;1228;82792;56535;58.0;39.6
15;2021-06-29;298;1264;83090;57799;58.2;40.5
15;2021-06-30;265;984;83355;58783;58.4;41.2
15;2021-07-01;376;1226;83731;60009;58.6;42.0
15;2021-07-02;405;1354;84136;61363;58.9;43.0
15;2021-07-03;251;710;84387;62073;59.1;43.5
15;2021-07-04;0;1;84387;62074;59.1;43.5
15;2021-07-05;246;1261;84633;63335;59.3;44.3
15;2021-07-06;269;1471;84902;64806;59.5;45.4
15;2021-07-07;251;1344;85153;66150;59.6;46.3
15;2021-07-08;486;1348;85639;67498;60.0;47.3
15;2021-07-09;478;1787;86117;69285;60.3;48.5
15;2021-07-10;204;866;86321;70151;60.4;49.1
15;2021-07-11;7;5;86328;70156;60.4;49.1
15;2021-07-12;268;1484;86596;71640;60.6;50.2
15;2021-07-13;575;1762;87171;73402;61.0;51.4
15;2021-07-14;8;130;87179;73532;61.0;51.5
15;2021-07-15;1123;727;88302;74259;61.8;52.0
15;2021-07-16;1124;1337;89426;75596;62.6;52.9
15;2021-07-17;813;950;90239;76546;63.2;53.6
15;2021-07-18;0;3;90239;76549;63.2;53.6
15;2021-07-19;1051;1261;91290;77810;63.9;54.5
16;2020-12-27;0;0;0;0;0.0;0.0
16;2020-12-28;0;0;0;0;0.0;0.0
16;2020-12-29;0;0;0;0;0.0;0.0
16;2020-12-30;0;0;0;0;0.0;0.0
16;2020-12-31;0;0;0;0;0.0;0.0
16;2021-01-01;0;0;0;0;0.0;0.0
16;2021-01-02;0;0;0;0;0.0;0.0
16;2021-01-03;0;0;0;0;0.0;0.0
16;2021-01-04;1;0;1;0;0.0;0.0
16;2021-01-05;1;0;2;0;0.0;0.0
16;2021-01-06;88;0;90;0;0.0;0.0
16;2021-01-07;238;0;328;0;0.1;0.0
16;2021-01-08;464;2;792;2;0.2;0.0
16;2021-01-09;1;0;793;2;0.2;0.0
16;2021-01-10;1;0;794;2;0.2;0.0
16;2021-01-11;303;0;1097;2;0.3;0.0
16;2021-01-12;436;1;1533;3;0.4;0.0
16;2021-01-13;479;0;2012;3;0.6;0.0
16;2021-01-14;596;6;2608;9;0.7;0.0
16;2021-01-15;504;3;3112;12;0.9;0.0
16;2021-01-16;0;0;3112;12;0.9;0.0
16;2021-01-17;0;0;3112;12;0.9;0.0
16;2021-01-18;430;5;3542;17;1.0;0.0
16;2021-01-19;829;2;4371;19;1.3;0.0
16;2021-01-20;1181;2;5552;21;1.6;0.0
16;2021-01-21;1347;2;6899;23;2.0;0.0
16;2021-01-22;1107;0;8006;23;2.3;0.0
16;2021-01-23;183;0;8189;23;2.4;0.0
16;2021-01-24;0;0;8189;23;2.4;0.0
16;2021-01-25;641;2;8830;25;2.5;0.0
16;2021-01-26;1024;0;9854;25;2.8;0.0
16;2021-01-27;1400;104;11254;129;3.2;0.0
16;2021-01-28;1252;61;12506;190;3.6;0.1
16;2021-01-29;742;139;13248;329;3.8;0.1
16;2021-01-30;36;0;13284;329;3.8;0.1
16;2021-01-31;0;0;13284;329;3.8;0.1
16;2021-02-01;395;206;13679;535;3.9;0.2
16;2021-02-02;575;174;14254;709;4.1;0.2
16;2021-02-03;620;352;14874;1061;4.3;0.3
16;2021-02-04;463;271;15337;1332;4.4;0.4
16;2021-02-05;504;277;15841;1609;4.5;0.5
16;2021-02-06;1;82;15842;1691;4.5;0.5
16;2021-02-07;41;1;15883;1692;4.6;0.5
16;2021-02-08;355;220;16238;1912;4.7;0.5
16;2021-02-09;649;294;16887;2206;4.9;0.6
16;2021-02-10;692;679;17579;2885;5.0;0.8
16;2021-02-11;796;613;18375;3498;5.3;1.0
16;2021-02-12;623;834;18998;4332;5.5;1.2
16;2021-02-13;42;78;19040;4410;5.5;1.3
16;2021-02-14;0;7;19040;4417;5.5;1.3
16;2021-02-15;217;670;19257;5087;5.5;1.5
16;2021-02-16;374;959;19631;6046;5.6;1.7
16;2021-02-17;352;1313;19983;7359;5.7;2.1
16;2021-02-18;510;1256;20493;8615;5.9;2.5
16;2021-02-19;389;801;20882;9416;6.0;2.7
16;2021-02-20;1;8;20883;9424;6.0;2.7
16;2021-02-21;0;0;20883;9424;6.0;2.7
16;2021-02-22;135;549;21018;9973;6.0;2.9
16;2021-02-23;206;929;21224;10902;6.1;3.1
16;2021-02-24;273;901;21497;11803;6.2;3.4
16;2021-02-25;395;690;21892;12493;6.3;3.6
16;2021-02-26;478;502;22370;12995;6.4;3.7
16;2021-02-27;250;1;22620;12996;6.5;3.7
16;2021-02-28;5;5;22625;13001;6.5;3.7
16;2021-03-01;152;327;22777;13328;6.5;3.8
16;2021-03-02;270;672;23047;14000;6.6;4.0
16;2021-03-03;391;727;23438;14727;6.7;4.2
16;2021-03-04;805;570;24243;15297;7.0;4.4
16;2021-03-05;1140;536;25383;15833;7.3;4.5
16;2021-03-06;751;10;26134;15843;7.5;4.6
16;2021-03-07;94;18;26228;15861;7.5;4.6
16;2021-03-08;436;319;26664;16180;7.7;4.6
16;2021-03-09;765;701;27429;16881;7.9;4.8
16;2021-03-10;606;670;28035;17551;8.1;5.0
16;2021-03-11;1445;529;29480;18080;8.5;5.2
16;2021-03-12;1164;458;30644;18538;8.8;5.3
16;2021-03-13;764;12;31408;18550;9.0;5.3
16;2021-03-14;1;0;31409;18550;9.0;5.3
16;2021-03-15;461;182;31870;18732;9.2;5.4
16;2021-03-16;859;421;32729;19153;9.4;5.5
16;2021-03-17;589;287;33318;19440;9.6;5.6
16;2021-03-18;1030;278;34348;19718;9.9;5.7
16;2021-03-19;1100;246;35448;19964;10.2;5.7
16;2021-03-20;394;2;35842;19966;10.3;5.7
16;2021-03-21;9;0;35851;19966;10.3;5.7
16;2021-03-22;727;100;36578;20066;10.5;5.8
16;2021-03-23;1460;102;38038;20168;10.9;5.8
16;2021-03-24;1118;184;39156;20352;11.2;5.8
16;2021-03-25;2046;90;41202;20442;11.8;5.9
16;2021-03-26;1914;93;43116;20535;12.4;5.9
16;2021-03-27;431;21;43547;20556;12.5;5.9
16;2021-03-28;0;0;43547;20556;12.5;5.9
16;2021-03-29;923;62;44470;20618;12.8;5.9
16;2021-03-30;1879;174;46349;20792;13.3;6.0
16;2021-03-31;1514;128;47863;20920;13.7;6.0
16;2021-04-01;2008;398;49871;21318;14.3;6.1
16;2021-04-02;1441;378;51312;21696;14.7;6.2
16;2021-04-03;288;2;51600;21698;14.8;6.2
16;2021-04-04;1;0;51601;21698;14.8;6.2
16;2021-04-05;2;0;51603;21698;14.8;6.2
16;2021-04-06;2009;538;53612;22236;15.4;6.4
16;2021-04-07;1951;400;55563;22636;16.0;6.5
16;2021-04-08;2823;585;58386;23221;16.8;6.7
16;2021-04-09;2693;545;61079;23766;17.5;6.8
16;2021-04-10;1289;37;62368;23803;17.9;6.8
16;2021-04-11;2;0;62370;23803;17.9;6.8
16;2021-04-12;1430;315;63800;24118;18.3;6.9
16;2021-04-13;2120;838;65920;24956;18.9;7.2
16;2021-04-14;1949;631;67869;25587;19.5;7.3
16;2021-04-15;2100;983;69969;26570;20.1;7.6
16;2021-04-16;2033;769;72002;27339;20.7;7.9
16;2021-04-17;1504;83;73506;27422;21.1;7.9
16;2021-04-18;198;3;73704;27425;21.2;7.9
16;2021-04-19;1439;522;75143;27947;21.6;8.0
16;2021-04-20;2050;1228;77193;29175;22.2;8.4
16;2021-04-21;1775;737;78968;29912;22.7;8.6
16;2021-04-22;2291;999;81259;30911;23.3;8.9
16;2021-04-23;2356;1166;83615;32077;24.0;9.2
16;2021-04-24;826;37;84441;32114;24.3;9.2
16;2021-04-25;117;8;84558;32122;24.3;9.2
16;2021-04-26;1399;806;85957;32928;24.7;9.5
16;2021-04-27;2056;1417;88013;34345;25.3;9.9
16;2021-04-28;1588;1121;89601;35466;25.7;10.2
16;2021-04-29;2244;1495;91845;36961;26.4;10.6
16;2021-04-30;2849;1337;94694;38298;27.2;11.0
16;2021-05-01;353;59;95047;38357;27.3;11.0
16;2021-05-02;155;12;95202;38369;27.3;11.0
16;2021-05-03;2610;532;97812;38901;28.1;11.2
16;2021-05-04;2062;2042;99874;40943;28.7;11.8
16;2021-05-05;1690;1832;101564;42775;29.2;12.3
16;2021-05-06;1885;2237;103449;45012;29.7;12.9
16;2021-05-07;3068;2117;106517;47129;30.6;13.5
16;2021-05-08;1196;468;107713;47597;30.9;13.7
16;2021-05-09;525;26;108238;47623;31.1;13.7
16;2021-05-10;1930;1623;110168;49246;31.6;14.1
16;2021-05-11;2355;1957;112523;51203;32.3;14.7
16;2021-05-12;1724;1800;114247;53003;32.8;15.2
16;2021-05-13;1457;354;115704;53357;33.2;15.3
16;2021-05-14;1990;1557;117694;54914;33.8;15.8
16;2021-05-15;595;897;118289;55811;34.0;16.0
16;2021-05-16;132;6;118421;55817;34.0;16.0
16;2021-05-17;1608;1285;120029;57102;34.5;16.4
16;2021-05-18;2758;1417;122787;58519;35.3;16.8
16;2021-05-19;2004;1232;124791;59751;35.8;17.2
16;2021-05-20;2835;1386;127626;61137;36.7;17.6
16;2021-05-21;2947;1396;130573;62533;37.5;18.0
16;2021-05-22;413;709;130986;63242;37.6;18.2
16;2021-05-23;209;11;131195;63253;37.7;18.2
16;2021-05-24;1260;236;132455;63489;38.0;18.2
16;2021-05-25;2765;1453;135220;64942;38.8;18.7
16;2021-05-26;1829;1186;137049;66128;39.4;19.0
16;2021-05-27;2419;1586;139468;67714;40.1;19.4
16;2021-05-28;2887;1568;142355;69282;40.9;19.9
16;2021-05-29;814;883;143169;70165;41.1;20.2
16;2021-05-30;1;4;143170;70169;41.1;20.2
16;2021-05-31;1984;1100;145154;71269;41.7;20.5
16;2021-06-01;2345;1712;147499;72981;42.4;21.0
16;2021-06-02;1821;1505;149320;74486;42.9;21.4
16;2021-06-03;2618;1761;151938;76247;43.6;21.9
16;2021-06-04;2833;2032;154771;78279;44.5;22.5
16;2021-06-05;1003;549;155774;78828;44.7;22.6
16;2021-06-06;159;27;155933;78855;44.8;22.6
16;2021-06-07;1988;1281;157921;80136;45.4;23.0
16;2021-06-08;2386;1991;160307;82127;46.0;23.6
16;2021-06-09;2505;1609;162812;83736;46.8;24.0
16;2021-06-10;2564;1999;165376;85735;47.5;24.6
16;2021-06-11;2146;2734;167522;88469;48.1;25.4
16;2021-06-12;1607;513;169129;88982;48.6;25.6
16;2021-06-13;258;72;169387;89054;48.6;25.6
16;2021-06-14;794;2801;170181;91855;48.9;26.4
16;2021-06-15;1846;2621;172027;94476;49.4;27.1
16;2021-06-16;1570;2098;173597;96574;49.9;27.7
16;2021-06-17;2009;2503;175606;99077;50.4;28.5
16;2021-06-18;2052;3224;177658;102301;51.0;29.4
16;2021-06-19;1347;1308;179005;103609;51.4;29.8
16;2021-06-20;242;26;179247;103635;51.5;29.8
16;2021-06-21;1402;2175;180649;105810;51.9;30.4
16;2021-06-22;1667;2947;182316;108757;52.4;31.2
16;2021-06-23;1556;2024;183872;110781;52.8;31.8
16;2021-06-24;1916;2174;185788;112955;53.4;32.4
16;2021-06-25;1981;2729;187769;115684;53.9;33.2
16;2021-06-26;1053;719;188822;116403;54.2;33.4
16;2021-06-27;130;25;188952;116428;54.3;33.4
16;2021-06-28;1156;1963;190108;118391;54.6;34.0
16;2021-06-29;1266;3354;191374;121745;55.0;35.0
16;2021-06-30;1330;2713;192704;124458;55.3;35.7
16;2021-07-01;1843;3152;194547;127610;55.9;36.7
16;2021-07-02;1417;3584;195964;131194;56.3;37.7
16;2021-07-03;690;1114;196654;132308;56.5;38.0
16;2021-07-04;1;13;196655;132321;56.5;38.0
16;2021-07-05;808;2303;197463;134624;56.7;38.7
16;2021-07-06;1272;3368;198735;137992;57.1;39.6
16;2021-07-07;857;2276;199592;140268;57.3;40.3
16;2021-07-08;1228;2736;200820;143004;57.7;41.1
16;2021-07-09;1111;3699;201931;146703;58.0;42.1
16;2021-07-10;335;1339;202266;148042;58.1;42.5
16;2021-07-11;2;13;202268;148055;58.1;42.5
16;2021-07-12;631;2445;202899;150500;58.3;43.2
16;2021-07-13;1370;3531;204269;154031;58.7;44.2
16;2021-07-14;797;873;205066;154904;58.9;44.5
16;2021-07-15;1232;3408;206298;158312;59.3;45.5
16;2021-07-16;1488;3383;207786;161695;59.7;46.4
16;2021-07-17;520;1178;208306;162873;59.8;46.8
16;2021-07-18;13;6;208319;162879;59.8;46.8
16;2021-07-19;608;2859;208927;165738;60.0;47.6
17;2020-12-27;0;0;0;0;0.0;0.0
17;2020-12-28;0;0;0;0;0.0;0.0
17;2020-12-29;0;0;0;0;0.0;0.0
17;2020-12-30;1;0;1;0;0.0;0.0
17;2020-12-31;0;0;1;0;0.0;0.0
17;2021-01-01;0;0;1;0;0.0;0.0
17;2021-01-02;0;0;1;0;0.0;0.0
17;2021-01-03;0;0;1;0;0.0;0.0
17;2021-01-04;56;0;57;0;0.0;0.0
17;2021-01-05;98;0;155;0;0.0;0.0
17;2021-01-06;132;0;287;0;0.0;0.0
17;2021-01-07;485;1;772;1;0.1;0.0
17;2021-01-08;418;0;1190;1;0.2;0.0
17;2021-01-09;0;0;1190;1;0.2;0.0
17;2021-01-10;1;0;1191;1;0.2;0.0
17;2021-01-11;380;1;1571;2;0.2;0.0
17;2021-01-12;733;0;2304;2;0.4;0.0
17;2021-01-13;652;3;2956;5;0.5;0.0
17;2021-01-14;613;9;3569;14;0.6;0.0
17;2021-01-15;679;1;4248;15;0.7;0.0
17;2021-01-16;126;1;4374;16;0.7;0.0
17;2021-01-17;17;0;4391;16;0.7;0.0
17;2021-01-18;879;1;5270;17;0.8;0.0
17;2021-01-19;1906;2;7176;19;1.1;0.0
17;2021-01-20;2385;2;9561;21;1.5;0.0
17;2021-01-21;2496;2;12057;23;1.9;0.0
17;2021-01-22;1879;5;13936;28;2.2;0.0
17;2021-01-23;738;1;14674;29;2.3;0.0
17;2021-01-24;48;0;14722;29;2.3;0.0
17;2021-01-25;1383;4;16105;33;2.5;0.0
17;2021-01-26;2108;2;18213;35;2.8;0.0
17;2021-01-27;1674;30;19887;65;3.1;0.0
17;2021-01-28;2475;230;22362;295;3.5;0.0
17;2021-01-29;1737;220;24099;515;3.7;0.1
17;2021-01-30;528;5;24627;520;3.8;0.1
17;2021-01-31;36;1;24663;521;3.8;0.1
17;2021-02-01;738;211;25401;732;3.9;0.1
17;2021-02-02;1179;348;26580;1080;4.1;0.2
17;2021-02-03;1245;409;27825;1489;4.3;0.2
17;2021-02-04;1156;503;28981;1992;4.5;0.3
17;2021-02-05;602;756;29583;2748;4.6;0.4
17;2021-02-06;17;42;29600;2790;4.6;0.4
17;2021-02-07;31;13;29631;2803;4.6;0.4
17;2021-02-08;704;400;30335;3203;4.7;0.5
17;2021-02-09;1099;1318;31434;4521;4.9;0.7
17;2021-02-10;862;1284;32296;5805;5.0;0.9
17;2021-02-11;1237;1400;33533;7205;5.2;1.1
17;2021-02-12;772;968;34305;8173;5.3;1.3
17;2021-02-13;42;104;34347;8277;5.3;1.3
17;2021-02-14;0;10;34347;8287;5.3;1.3
17;2021-02-15;618;1227;34965;9514;5.4;1.5
17;2021-02-16;745;1836;35710;11350;5.5;1.8
17;2021-02-17;797;1363;36507;12713;5.6;2.0
17;2021-02-18;963;2185;37470;14898;5.8;2.3
17;2021-02-19;1065;1543;38535;16441;6.0;2.5
17;2021-02-20;99;308;38634;16749;6.0;2.6
17;2021-02-21;9;2;38643;16751;6.0;2.6
17;2021-02-22;643;1632;39286;18383;6.1;2.8
17;2021-02-23;776;1537;40062;19920;6.2;3.1
17;2021-02-24;1077;1595;41139;21515;6.4;3.3
17;2021-02-25;1083;1709;42222;23224;6.5;3.6
17;2021-02-26;1303;1300;43525;24524;6.7;3.8
17;2021-02-27;525;246;44050;24770;6.8;3.8
17;2021-02-28;17;9;44067;24779;6.8;3.8
17;2021-03-01;634;1044;44701;25823;6.9;4.0
17;2021-03-02;1088;868;45789;26691;7.1;4.1
17;2021-03-03;1609;794;47398;27485;7.3;4.2
17;2021-03-04;2420;1134;49818;28619;7.7;4.4
17;2021-03-05;2655;676;52473;29295;8.1;4.5
17;2021-03-06;1021;25;53494;29320;8.3;4.5
17;2021-03-07;178;47;53672;29367;8.3;4.5
17;2021-03-08;1013;835;54685;30202;8.5;4.7
17;2021-03-09;1740;612;56425;30814;8.7;4.8
17;2021-03-10;2046;642;58471;31456;9.0;4.9
17;2021-03-11;3229;991;61700;32447;9.5;5.0
17;2021-03-12;3343;624;65043;33071;10.1;5.1
17;2021-03-13;1196;10;66239;33081;10.2;5.1
17;2021-03-14;28;0;66267;33081;10.2;5.1
17;2021-03-15;1234;990;67501;34071;10.4;5.3
17;2021-03-16;890;533;68391;34604;10.6;5.3
17;2021-03-17;1455;700;69846;35304;10.8;5.5
17;2021-03-18;1677;760;71523;36064;11.1;5.6
17;2021-03-19;2094;542;73617;36606;11.4;5.7
17;2021-03-20;1079;53;74696;36659;11.5;5.7
17;2021-03-21;33;42;74729;36701;11.5;5.7
17;2021-03-22;1571;688;76300;37389;11.8;5.8
17;2021-03-23;2484;577;78784;37966;12.2;5.9
17;2021-03-24;3535;845;82319;38811;12.7;6.0
17;2021-03-25;4698;633;87017;39444;13.4;6.1
17;2021-03-26;4931;462;91948;39906;14.2;6.2
17;2021-03-27;1736;69;93684;39975;14.5;6.2
17;2021-03-28;364;45;94048;40020;14.5;6.2
17;2021-03-29;2356;556;96404;40576;14.9;6.3
17;2021-03-30;2647;981;99051;41557;15.3;6.4
17;2021-03-31;3836;901;102887;42458;15.9;6.6
17;2021-04-01;4009;1149;106896;43607;16.5;6.7
17;2021-04-02;3699;824;110595;44431;17.1;6.9
17;2021-04-03;1147;183;111742;44614;17.3;6.9
17;2021-04-04;500;5;112242;44619;17.3;6.9
17;2021-04-05;442;128;112684;44747;17.4;6.9
17;2021-04-06;3475;1021;116159;45768;18.0;7.1
17;2021-04-07;4124;1139;120283;46907;18.6;7.2
17;2021-04-08;4561;1453;124844;48360;19.3;7.5
17;2021-04-09;6490;830;131334;49190;20.3;7.6
17;2021-04-10;2578;61;133912;49251;20.7;7.6
17;2021-04-11;781;16;134693;49267;20.8;7.6
17;2021-04-12;2884;1607;137577;50874;21.3;7.9
17;2021-04-13;4138;1280;141715;52154;21.9;8.1
17;2021-04-14;4411;1184;146126;53338;22.6;8.2
17;2021-04-15;4587;1126;150713;54464;23.3;8.4
17;2021-04-16;4286;1148;154999;55612;24.0;8.6
17;2021-04-17;1671;381;156670;55993;24.2;8.7
17;2021-04-18;469;78;157139;56071;24.3;8.7
17;2021-04-19;2339;2061;159478;58132;24.6;9.0
17;2021-04-20;2917;2550;162395;60682;25.1;9.4
17;2021-04-21;2971;1938;165366;62620;25.6;9.7
17;2021-04-22;3112;2352;168478;64972;26.0;10.0
17;2021-04-23;2433;2715;170911;67687;26.4;10.5
17;2021-04-24;1663;919;172574;68606;26.7;10.6
17;2021-04-25;662;243;173236;68849;26.8;10.6
17;2021-04-26;2573;2626;175809;71475;27.2;11.0
17;2021-04-27;3148;2666;178957;74141;27.7;11.5
17;2021-04-28;3095;2939;182052;77080;28.1;11.9
17;2021-04-29;4126;2856;186178;79936;28.8;12.4
17;2021-04-30;4343;2624;190521;82560;29.4;12.8
17;2021-05-01;849;542;191370;83102;29.6;12.8
17;2021-05-02;548;840;191918;83942;29.7;13.0
17;2021-05-03;2537;2949;194455;86891;30.1;13.4
17;2021-05-04;2320;3725;196775;90616;30.4;14.0
17;2021-05-05;2903;3697;199678;94313;30.9;14.6
17;2021-05-06;4119;3401;203797;97714;31.5;15.1
17;2021-05-07;4347;3628;208144;101342;32.2;15.7
17;2021-05-08;1284;750;209428;102092;32.4;15.8
17;2021-05-09;1304;699;210732;102791;32.6;15.9
17;2021-05-10;2722;3681;213454;106472;33.0;16.5
17;2021-05-11;3501;3998;216955;110470;33.5;17.1
17;2021-05-12;3526;3805;220481;114275;34.1;17.7
17;2021-05-13;2547;690;223028;114965;34.5;17.8
17;2021-05-14;3035;2393;226063;117358;34.9;18.1
17;2021-05-15;2123;660;228186;118018;35.3;18.2
17;2021-05-16;1731;310;229917;118328;35.5;18.3
17;2021-05-17;4284;1982;234201;120310;36.2;18.6
17;2021-05-18;4720;1631;238921;121941;36.9;18.8
17;2021-05-19;5062;1263;243983;123204;37.7;19.0
17;2021-05-20;4937;1944;248920;125148;38.5;19.3
17;2021-05-21;4988;1952;253908;127100;39.2;19.6
17;2021-05-22;2389;532;256297;127632;39.6;19.7
17;2021-05-23;1898;126;258195;127758;39.9;19.7
17;2021-05-24;1421;205;259616;127963;40.1;19.8
17;2021-05-25;4027;1761;263643;129724;40.7;20.0
17;2021-05-26;4364;2034;268007;131758;41.4;20.4
17;2021-05-27;5213;2125;273220;133883;42.2;20.7
17;2021-05-28;4457;3429;277677;137312;42.9;21.2
17;2021-05-29;1558;1702;279235;139014;43.2;21.5
17;2021-05-30;855;406;280090;139420;43.3;21.5
17;2021-05-31;2938;3013;283028;142433;43.7;22.0
17;2021-06-01;4289;2923;287317;145356;44.4;22.5
17;2021-06-02;4179;3163;291496;148519;45.0;23.0
17;2021-06-03;5048;3162;296544;151681;45.8;23.4
17;2021-06-04;4511;3850;301055;155531;46.5;24.0
17;2021-06-05;1985;1606;303040;157137;46.8;24.3
17;2021-06-06;846;731;303886;157868;47.0;24.4
17;2021-06-07;3121;4338;307007;162206;47.4;25.1
17;2021-06-08;3779;4484;310786;166690;48.0;25.8
17;2021-06-09;4340;3046;315126;169736;48.7;26.2
17;2021-06-10;4904;2779;320030;172515;49.5;26.7
17;2021-06-11;4717;3682;324747;176197;50.2;27.2
17;2021-06-12;1801;1394;326548;177591;50.5;27.4
17;2021-06-13;604;414;327152;178005;50.6;27.5
17;2021-06-14;2821;4529;329973;182534;51.0;28.2
17;2021-06-15;3599;4376;333572;186910;51.6;28.9
17;2021-06-16;4113;3680;337685;190590;52.2;29.5
17;2021-06-17;4329;4116;342014;194706;52.9;30.1
17;2021-06-18;4029;4433;346043;199139;53.5;30.8
17;2021-06-19;1440;1987;347483;201126;53.7;31.1
17;2021-06-20;589;1034;348072;202160;53.8;31.2
17;2021-06-21;2537;4380;350609;206540;54.2;31.9
17;2021-06-22;3500;4451;354109;210991;54.7;32.6
17;2021-06-23;3755;3980;357864;214971;55.3;33.2
17;2021-06-24;3568;3964;361432;218935;55.9;33.8
17;2021-06-25;2696;4990;364128;223925;56.3;34.6
17;2021-06-26;898;2338;365026;226263;56.4;35.0
17;2021-06-27;396;1906;365422;228169;56.5;35.3
17;2021-06-28;1512;5434;366934;233603;56.7;36.1
17;2021-06-29;1659;5892;368593;239495;57.0;37.0
17;2021-06-30;2011;5568;370604;245063;57.3;37.9
17;2021-07-01;2177;5563;372781;250626;57.6;38.7
17;2021-07-02;2458;5995;375239;256621;58.0;39.7
17;2021-07-03;618;2549;375857;259170;58.1;40.1
17;2021-07-04;150;1253;376007;260423;58.1;40.2
17;2021-07-05;1847;5180;377854;265603;58.4;41.0
17;2021-07-06;2109;5591;379963;271194;58.7;41.9
17;2021-07-07;2371;5500;382334;276694;59.1;42.8
17;2021-07-08;2893;5442;385227;282136;59.5;43.6
17;2021-07-09;2506;6088;387733;288224;59.9;44.5
17;2021-07-10;823;2478;388556;290702;60.0;44.9
17;2021-07-11;366;901;388922;291603;60.1;45.1
17;2021-07-12;1990;5630;390912;297233;60.4;45.9
17;2021-07-13;2339;6710;393251;303943;60.8;47.0
17;2021-07-14;63;70;393314;304013;60.8;47.0
17;2021-07-15;2159;6856;395473;310869;61.1;48.0
17;2021-07-16;2744;6970;398217;317839;61.5;49.1
17;2021-07-17;1001;2277;399218;320116;61.7;49.5
17;2021-07-18;305;1039;399523;321155;61.7;49.6
17;2021-07-19;2598;5910;402121;327065;62.1;50.5
18;2020-12-27;0;0;0;0;0.0;0.0
18;2020-12-28;0;0;0;0;0.0;0.0
18;2020-12-29;0;0;0;0;0.0;0.0
18;2020-12-30;1;0;1;0;0.0;0.0
18;2020-12-31;0;0;1;0;0.0;0.0
18;2021-01-01;0;0;1;0;0.0;0.0
18;2021-01-02;0;0;1;0;0.0;0.0
18;2021-01-03;0;0;1;0;0.0;0.0
18;2021-01-04;3;0;4;0;0.0;0.0
18;2021-01-05;0;0;4;0;0.0;0.0
18;2021-01-06;1;0;5;0;0.0;0.0
18;2021-01-07;30;1;35;1;0.0;0.0
18;2021-01-08;65;0;100;1;0.0;0.0
18;2021-01-09;223;0;323;1;0.1;0.0
18;2021-01-10;146;0;469;1;0.2;0.0
18;2021-01-11;170;1;639;2;0.2;0.0
18;2021-01-12;373;0;1012;2;0.3;0.0
18;2021-01-13;270;2;1282;4;0.4;0.0
18;2021-01-14;270;2;1552;6;0.5;0.0
18;2021-01-15;332;1;1884;7;0.6;0.0
18;2021-01-16;288;3;2172;10;0.7;0.0
18;2021-01-17;0;0;2172;10;0.7;0.0
18;2021-01-18;289;0;2461;10;0.8;0.0
18;2021-01-19;1376;4;3837;14;1.3;0.0
18;2021-01-20;1239;1;5076;15;1.7;0.0
18;2021-01-21;961;0;6037;15;2.0;0.0
18;2021-01-22;780;1;6817;16;2.3;0.0
18;2021-01-23;249;1;7066;17;2.4;0.0
18;2021-01-24;0;0;7066;17;2.4;0.0
18;2021-01-25;509;0;7575;17;2.6;0.0
18;2021-01-26;395;1;7970;18;2.7;0.0
18;2021-01-27;389;2;8359;20;2.8;0.0
18;2021-01-28;566;7;8925;27;3.0;0.0
18;2021-01-29;492;72;9417;99;3.2;0.0
18;2021-01-30;432;167;9849;266;3.3;0.1
18;2021-01-31;81;121;9930;387;3.4;0.1
18;2021-02-01;328;142;10258;529;3.5;0.2
18;2021-02-02;505;244;10763;773;3.6;0.3
18;2021-02-03;397;204;11160;977;3.8;0.3
18;2021-02-04;630;225;11790;1202;4.0;0.4
18;2021-02-05;449;194;12239;1396;4.1;0.5
18;2021-02-06;283;102;12522;1498;4.2;0.5
18;2021-02-07;107;1;12629;1499;4.3;0.5
18;2021-02-08;268;231;12897;1730;4.4;0.6
18;2021-02-09;582;781;13479;2511;4.5;0.8
18;2021-02-10;739;700;14218;3211;4.8;1.1
18;2021-02-11;655;446;14873;3657;5.0;1.2
18;2021-02-12;502;327;15375;3984;5.2;1.3
18;2021-02-13;286;124;15661;4108;5.3;1.4
18;2021-02-14;364;96;16025;4204;5.4;1.4
18;2021-02-15;379;392;16404;4596;5.5;1.6
18;2021-02-16;399;397;16803;4993;5.7;1.7
18;2021-02-17;403;457;17206;5450;5.8;1.8
18;2021-02-18;343;545;17549;5995;5.9;2.0
18;2021-02-19;469;303;18018;6298;6.1;2.1
18;2021-02-20;719;237;18737;6535;6.3;2.2
18;2021-02-21;316;0;19053;6535;6.4;2.2
18;2021-02-22;217;371;19270;6906;6.5;2.3
18;2021-02-23;204;351;19474;7257;6.6;2.4
18;2021-02-24;240;271;19714;7528;6.7;2.5
18;2021-02-25;293;522;20007;8050;6.7;2.7
18;2021-02-26;582;236;20589;8286;6.9;2.8
18;2021-02-27;510;389;21099;8675;7.1;2.9
18;2021-02-28;6;68;21105;8743;7.1;2.9
18;2021-03-01;235;415;21340;9158;7.2;3.1
18;2021-03-02;283;521;21623;9679;7.3;3.3
18;2021-03-03;345;586;21968;10265;7.4;3.5
18;2021-03-04;475;572;22443;10837;7.6;3.7
18;2021-03-05;524;371;22967;11208;7.7;3.8
18;2021-03-06;1069;340;24036;11548;8.1;3.9
18;2021-03-07;6;140;24042;11688;8.1;3.9
18;2021-03-08;334;361;24376;12049;8.2;4.1
18;2021-03-09;409;367;24785;12416;8.4;4.2
18;2021-03-10;424;450;25209;12866;8.5;4.3
18;2021-03-11;514;418;25723;13284;8.7;4.5
18;2021-03-12;704;301;26427;13585;8.9;4.6
18;2021-03-13;1162;245;27589;13830;9.3;4.7
18;2021-03-14;299;212;27888;14042;9.4;4.7
18;2021-03-15;490;376;28378;14418;9.6;4.9
18;2021-03-16;392;314;28770;14732;9.7;5.0
18;2021-03-17;383;412;29153;15144;9.8;5.1
18;2021-03-18;511;229;29664;15373;10.0;5.2
18;2021-03-19;754;225;30418;15598;10.3;5.3
18;2021-03-20;984;613;31402;16211;10.6;5.5
18;2021-03-21;309;304;31711;16515;10.7;5.6
18;2021-03-22;600;294;32311;16809;10.9;5.7
18;2021-03-23;704;288;33015;17097;11.1;5.8
18;2021-03-24;1052;295;34067;17392;11.5;5.9
18;2021-03-25;1049;293;35116;17685;11.8;6.0
18;2021-03-26;1210;344;36326;18029;12.3;6.1
18;2021-03-27;1489;318;37815;18347;12.8;6.2
18;2021-03-28;214;0;38029;18347;12.8;6.2
18;2021-03-29;1101;191;39130;18538;13.2;6.3
18;2021-03-30;1084;301;40214;18839;13.6;6.4
18;2021-03-31;1304;246;41518;19085;14.0;6.4
18;2021-04-01;1374;338;42892;19423;14.5;6.6
18;2021-04-02;1228;298;44120;19721;14.9;6.7
18;2021-04-03;581;179;44701;19900;15.1;6.7
18;2021-04-04;71;5;44772;19905;15.1;6.7
18;2021-04-05;199;0;44971;19905;15.2;6.7
18;2021-04-06;1025;332;45996;20237;15.5;6.8
18;2021-04-07;1321;360;47317;20597;16.0;6.9
18;2021-04-08;1692;321;49009;20918;16.5;7.1
18;2021-04-09;1830;273;50839;21191;17.2;7.1
18;2021-04-10;2631;640;53470;21831;18.0;7.4
18;2021-04-11;1984;310;55454;22141;18.7;7.5
18;2021-04-12;1403;384;56857;22525;19.2;7.6
18;2021-04-13;1783;456;58640;22981;19.8;7.8
18;2021-04-14;1377;513;60017;23494;20.2;7.9
18;2021-04-15;1531;527;61548;24021;20.8;8.1
18;2021-04-16;1613;585;63161;24606;21.3;8.3
18;2021-04-17;1599;515;64760;25121;21.8;8.5
18;2021-04-18;377;232;65137;25353;22.0;8.6
18;2021-04-19;1316;588;66453;25941;22.4;8.8
18;2021-04-20;1445;701;67898;26642;22.9;9.0
18;2021-04-21;1270;899;69168;27541;23.3;9.3
18;2021-04-22;1401;701;70569;28242;23.8;9.5
18;2021-04-23;1384;728;71953;28970;24.3;9.8
18;2021-04-24;1354;1266;73307;30236;24.7;10.2
18;2021-04-25;287;216;73594;30452;24.8;10.3
18;2021-04-26;1206;941;74800;31393;25.2;10.6
18;2021-04-27;1545;756;76345;32149;25.8;10.8
18;2021-04-28;1357;867;77702;33016;26.2;11.1
18;2021-04-29;1845;729;79547;33745;26.8;11.4
18;2021-04-30;1569;991;81116;34736;27.4;11.7
18;2021-05-01;787;209;81903;34945;27.6;11.8
18;2021-05-02;807;52;82710;34997;27.9;11.8
18;2021-05-03;1627;1000;84337;35997;28.5;12.1
18;2021-05-04;1729;1270;86066;37267;29.0;12.6
18;2021-05-05;1733;1210;87799;38477;29.6;13.0
18;2021-05-06;2165;1348;89964;39825;30.4;13.4
18;2021-05-07;1235;1399;91199;41224;30.8;13.9
18;2021-05-08;993;1458;92192;42682;31.1;14.4
18;2021-05-09;501;2256;92693;44938;31.3;15.2
18;2021-05-10;1155;1506;93848;46444;31.7;15.7
18;2021-05-11;1695;1752;95543;48196;32.2;16.3
18;2021-05-12;1808;1489;97351;49685;32.8;16.8
18;2021-05-13;1061;371;98412;50056;33.2;16.9
18;2021-05-14;1345;943;99757;50999;33.7;17.2
18;2021-05-15;1810;1151;101567;52150;34.3;17.6
18;2021-05-16;538;582;102105;52732;34.4;17.8
18;2021-05-17;1247;1090;103352;53822;34.9;18.2
18;2021-05-18;2146;929;105498;54751;35.6;18.5
18;2021-05-19;2164;912;107662;55663;36.3;18.8
18;2021-05-20;2274;976;109936;56639;37.1;19.1
18;2021-05-21;1497;761;111433;57400;37.6;19.4
18;2021-05-22;1724;1073;113157;58473;38.2;19.7
18;2021-05-23;484;336;113641;58809;38.3;19.8
18;2021-05-24;463;292;114104;59101;38.5;19.9
18;2021-05-25;1840;1060;115944;60161;39.1;20.3
18;2021-05-26;2152;835;118096;60996;39.8;20.6
18;2021-05-27;2206;1231;120302;62227;40.6;21.0
18;2021-05-28;1712;1305;122014;63532;41.2;21.4
18;2021-05-29;2619;1658;124633;65190;42.0;22.0
18;2021-05-30;1483;501;126116;65691;42.5;22.2
18;2021-05-31;1786;694;127902;66385;43.2;22.4
18;2021-06-01;2040;948;129942;67333;43.8;22.7
18;2021-06-02;2005;1020;131947;68353;44.5;23.1
18;2021-06-03;2283;1195;134230;69548;45.3;23.5
18;2021-06-04;1907;1123;136137;70671;45.9;23.8
18;2021-06-05;2803;1449;138940;72120;46.9;24.3
18;2021-06-06;365;380;139305;72500;47.0;24.5
18;2021-06-07;1296;1226;140601;73726;47.4;24.9
18;2021-06-08;1492;1387;142093;75113;47.9;25.3
18;2021-06-09;1325;1064;143418;76177;48.4;25.7
18;2021-06-10;1584;1407;145002;77584;48.9;26.2
18;2021-06-11;1494;1403;146496;78987;49.4;26.6
18;2021-06-12;1243;2508;147739;81495;49.8;27.5
18;2021-06-13;126;261;147865;81756;49.9;27.6
18;2021-06-14;656;1829;148521;83585;50.1;28.2
18;2021-06-15;1086;1822;149607;85407;50.5;28.8
18;2021-06-16;1246;1434;150853;86841;50.9;29.3
18;2021-06-17;1204;1667;152057;88508;51.3;29.9
18;2021-06-18;1287;1663;153344;90171;51.7;30.4
18;2021-06-19;1562;1246;154906;91417;52.3;30.8
18;2021-06-20;245;159;155151;91576;52.3;30.9
18;2021-06-21;664;1604;155815;93180;52.6;31.4
18;2021-06-22;1057;1646;156872;94826;52.9;32.0
18;2021-06-23;939;1642;157811;96468;53.2;32.5
18;2021-06-24;1026;1062;158837;97530;53.6;32.9
18;2021-06-25;884;1751;159721;99281;53.9;33.5
18;2021-06-26;1095;1476;160816;100757;54.3;34.0
18;2021-06-27;30;376;160846;101133;54.3;34.1
18;2021-06-28;418;1927;161264;103060;54.4;34.8
18;2021-06-29;581;2385;161845;105445;54.6;35.6
18;2021-06-30;600;2551;162445;107996;54.8;36.4
18;2021-07-01;941;2157;163386;110153;55.1;37.2
18;2021-07-02;606;1684;163992;111837;55.3;37.7
18;2021-07-03;746;2580;164738;114417;55.6;38.6
18;2021-07-04;164;1035;164902;115452;55.6;39.0
18;2021-07-05;757;1880;165659;117332;55.9;39.6
18;2021-07-06;551;2306;166210;119638;56.1;40.4
18;2021-07-07;765;2117;166975;121755;56.3;41.1
18;2021-07-08;1026;1981;168001;123736;56.7;41.7
18;2021-07-09;702;2304;168703;126040;56.9;42.5
18;2021-07-10;776;3180;169479;129220;57.2;43.6
18;2021-07-11;79;664;169558;129884;57.2;43.8
18;2021-07-12;220;2248;169778;132132;57.3;44.6
18;2021-07-13;609;2902;170387;135034;57.5;45.6
18;2021-07-14;194;936;170581;135970;57.6;45.9
18;2021-07-15;1387;2812;171968;138782;58.0;46.8
18;2021-07-16;1175;2127;173143;140909;58.4;47.5
18;2021-07-17;1117;2471;174260;143380;58.8;48.4
18;2021-07-18;229;323;174489;143703;58.9;48.5
18;2021-07-19;1044;1657;175533;145360;59.2;49.0
19;2020-12-27;0;0;0;0;0.0;0.0
19;2020-12-28;0;0;0;0;0.0;0.0
19;2020-12-29;0;0;0;0;0.0;0.0
19;2020-12-30;0;0;0;0;0.0;0.0
19;2020-12-31;0;0;0;0;0.0;0.0
19;2021-01-01;0;0;0;0;0.0;0.0
19;2021-01-02;0;0;0;0;0.0;0.0
19;2021-01-03;0;0;0;0;0.0;0.0
19;2021-01-04;0;0;0;0;0.0;0.0
19;2021-01-05;0;0;0;0;0.0;0.0
19;2021-01-06;0;0;0;0;0.0;0.0
19;2021-01-07;342;0;342;0;0.1;0.0
19;2021-01-08;247;1;589;1;0.2;0.0
19;2021-01-09;0;0;589;1;0.2;0.0
19;2021-01-10;1;0;590;1;0.2;0.0
19;2021-01-11;38;0;628;1;0.3;0.0
19;2021-01-12;413;0;1041;1;0.4;0.0
19;2021-01-13;422;3;1463;4;0.6;0.0
19;2021-01-14;473;1;1936;5;0.8;0.0
19;2021-01-15;224;0;2160;5;0.9;0.0
19;2021-01-16;0;0;2160;5;0.9;0.0
19;2021-01-17;1;0;2161;5;0.9;0.0
19;2021-01-18;251;1;2412;6;1.0;0.0
19;2021-01-19;518;0;2930;6;1.2;0.0
19;2021-01-20;920;1;3850;7;1.6;0.0
19;2021-01-21;504;1;4354;8;1.8;0.0
19;2021-01-22;1315;3;5669;11;2.4;0.0
19;2021-01-23;280;0;5949;11;2.5;0.0
19;2021-01-24;36;0;5985;11;2.5;0.0
19;2021-01-25;233;0;6218;11;2.6;0.0
19;2021-01-26;607;4;6825;15;2.8;0.0
19;2021-01-27;334;3;7159;18;3.0;0.0
19;2021-01-28;297;249;7456;267;3.1;0.1
19;2021-01-29;346;60;7802;327;3.2;0.1
19;2021-01-30;130;23;7932;350;3.3;0.1
19;2021-01-31;41;0;7973;350;3.3;0.1
19;2021-02-01;155;96;8128;446;3.4;0.2
19;2021-02-02;303;429;8431;875;3.5;0.4
19;2021-02-03;283;247;8714;1122;3.6;0.5
19;2021-02-04;255;375;8969;1497;3.7;0.6
19;2021-02-05;309;75;9278;1572;3.9;0.7
19;2021-02-06;208;0;9486;1572;3.9;0.7
19;2021-02-07;48;1;9534;1573;4.0;0.7
19;2021-02-08;177;150;9711;1723;4.0;0.7
19;2021-02-09;332;275;10043;1998;4.2;0.8
19;2021-02-10;515;296;10558;2294;4.4;1.0
19;2021-02-11;410;327;10968;2621;4.6;1.1
19;2021-02-12;798;1166;11766;3787;4.9;1.6
19;2021-02-13;351;181;12117;3968;5.0;1.7
19;2021-02-14;98;13;12215;3981;5.1;1.7
19;2021-02-15;200;247;12415;4228;5.2;1.8
19;2021-02-16;385;171;12800;4399;5.3;1.8
19;2021-02-17;306;468;13106;4867;5.5;2.0
19;2021-02-18;174;510;13280;5377;5.5;2.2
19;2021-02-19;469;301;13749;5678;5.7;2.4
19;2021-02-20;133;208;13882;5886;5.8;2.4
19;2021-02-21;20;40;13902;5926;5.8;2.5
19;2021-02-22;219;211;14121;6137;5.9;2.6
19;2021-02-23;268;363;14389;6500;6.0;2.7
19;2021-02-24;357;209;14746;6709;6.1;2.8
19;2021-02-25;519;375;15265;7084;6.4;2.9
19;2021-02-26;395;318;15660;7402;6.5;3.1
19;2021-02-27;347;160;16007;7562;6.7;3.1
19;2021-02-28;68;36;16075;7598;6.7;3.2
19;2021-03-01;266;220;16341;7818;6.8;3.3
19;2021-03-02;428;257;16769;8075;7.0;3.4
19;2021-03-03;688;335;17457;8410;7.3;3.5
19;2021-03-04;823;350;18280;8760;7.6;3.6
19;2021-03-05;892;734;19172;9494;8.0;4.0
19;2021-03-06;1072;211;20244;9705;8.4;4.0
19;2021-03-07;463;36;20707;9741;8.6;4.1
19;2021-03-08;636;157;21343;9898;8.9;4.1
19;2021-03-09;835;246;22178;10144;9.2;4.2
19;2021-03-10;1153;320;23331;10464;9.7;4.4
19;2021-03-11;1272;308;24603;10772;10.2;4.5
19;2021-03-12;1134;399;25737;11171;10.7;4.6
19;2021-03-13;1108;158;26845;11329;11.2;4.7
19;2021-03-14;158;84;27003;11413;11.2;4.7
19;2021-03-15;698;135;27701;11548;11.5;4.8
19;2021-03-16;688;300;28389;11848;11.8;4.9
19;2021-03-17;837;280;29226;12128;12.2;5.0
19;2021-03-18;766;283;29992;12411;12.5;5.2
19;2021-03-19;1013;483;31005;12894;12.9;5.4
19;2021-03-20;781;129;31786;13023;13.2;5.4
19;2021-03-21;127;3;31913;13026;13.3;5.4
19;2021-03-22;547;176;32460;13202;13.5;5.5
19;2021-03-23;1044;229;33504;13431;13.9;5.6
19;2021-03-24;1170;369;34674;13800;14.4;5.7
19;2021-03-25;1187;410;35861;14210;14.9;5.9
19;2021-03-26;1319;270;37180;14480;15.5;6.0
19;2021-03-27;855;183;38035;14663;15.8;6.1
19;2021-03-28;62;60;38097;14723;15.9;6.1
19;2021-03-29;610;178;38707;14901;16.1;6.2
19;2021-03-30;967;341;39674;15242;16.5;6.3
19;2021-03-31;1156;498;40830;15740;17.0;6.5
19;2021-04-01;1491;420;42321;16160;17.6;6.7
19;2021-04-02;1006;515;43327;16675;18.0;6.9
19;2021-04-03;597;282;43924;16957;18.3;7.1
19;2021-04-04;130;3;44054;16960;18.3;7.1
19;2021-04-05;40;75;44094;17035;18.3;7.1
19;2021-04-06;737;601;44831;17636;18.7;7.3
19;2021-04-07;978;730;45809;18366;19.1;7.6
19;2021-04-08;1115;1010;46924;19376;19.5;8.1
19;2021-04-09;1641;604;48565;19980;20.2;8.3
19;2021-04-10;944;552;49509;20532;20.6;8.5
19;2021-04-11;558;74;50067;20606;20.8;8.6
19;2021-04-12;677;521;50744;21127;21.1;8.8
19;2021-04-13;914;573;51658;21700;21.5;9.0
19;2021-04-14;1333;838;52991;22538;22.0;9.4
19;2021-04-15;1228;865;54219;23403;22.6;9.7
19;2021-04-16;1503;817;55722;24220;23.2;10.1
19;2021-04-17;760;474;56482;24694;23.5;10.3
19;2021-04-18;659;69;57141;24763;23.8;10.3
19;2021-04-19;728;434;57869;25197;24.1;10.5
19;2021-04-20;974;745;58843;25942;24.5;10.8
19;2021-04-21;1268;693;60111;26635;25.0;11.1
19;2021-04-22;1188;889;61299;27524;25.5;11.5
19;2021-04-23;1127;1016;62426;28540;26.0;11.9
19;2021-04-24;678;670;63104;29210;26.3;12.2
19;2021-04-25;675;67;63779;29277;26.5;12.2
19;2021-04-26;1056;326;64835;29603;27.0;12.3
19;2021-04-27;1027;533;65862;30136;27.4;12.5
19;2021-04-28;1548;550;67410;30686;28.0;12.8
19;2021-04-29;1451;1193;68861;31879;28.7;13.3
19;2021-04-30;1874;1047;70735;32926;29.4;13.7
19;2021-05-01;669;167;71404;33093;29.7;13.8
19;2021-05-02;550;148;71954;33241;29.9;13.8
19;2021-05-03;852;545;72806;33786;30.3;14.1
19;2021-05-04;1025;701;73831;34487;30.7;14.3
19;2021-05-05;1252;735;75083;35222;31.2;14.7
19;2021-05-06;1124;1202;76207;36424;31.7;15.2
19;2021-05-07;1658;1185;77865;37609;32.4;15.6
19;2021-05-08;710;212;78575;37821;32.7;15.7
19;2021-05-09;487;544;79062;38365;32.9;16.0
19;2021-05-10;1162;667;80224;39032;33.4;16.2
19;2021-05-11;1636;856;81860;39888;34.1;16.6
19;2021-05-12;1942;1317;83802;41205;34.9;17.1
19;2021-05-13;570;240;84372;41445;35.1;17.2
19;2021-05-14;1645;985;86017;42430;35.8;17.7
19;2021-05-15;1442;587;87459;43017;36.4;17.9
19;2021-05-16;349;82;87808;43099;36.5;17.9
19;2021-05-17;1497;543;89305;43642;37.2;18.2
19;2021-05-18;1669;481;90974;44123;37.9;18.4
19;2021-05-19;1997;814;92971;44937;38.7;18.7
19;2021-05-20;1718;885;94689;45822;39.4;19.1
19;2021-05-21;1964;811;96653;46633;40.2;19.4
19;2021-05-22;1270;651;97923;47284;40.7;19.7
19;2021-05-23;324;130;98247;47414;40.9;19.7
19;2021-05-24;139;46;98386;47460;40.9;19.7
19;2021-05-25;1501;484;99887;47944;41.6;19.9
19;2021-05-26;1923;661;101810;48605;42.4;20.2
19;2021-05-27;1785;829;103595;49434;43.1;20.6
19;2021-05-28;1937;986;105532;50420;43.9;21.0
19;2021-05-29;1373;705;106905;51125;44.5;21.3
19;2021-05-30;190;497;107095;51622;44.6;21.5
19;2021-05-31;1200;537;108295;52159;45.1;21.7
19;2021-06-01;1279;883;109574;53042;45.6;22.1
19;2021-06-02;1814;955;111388;53997;46.3;22.5
19;2021-06-03;1447;1251;112835;55248;46.9;23.0
19;2021-06-04;1840;1345;114675;56593;47.7;23.5
19;2021-06-05;1209;813;115884;57406;48.2;23.9
19;2021-06-06;87;649;115971;58055;48.3;24.2
19;2021-06-07;921;932;116892;58987;48.6;24.5
19;2021-06-08;1103;910;117995;59897;49.1;24.9
19;2021-06-09;1322;1460;119317;61357;49.6;25.5
19;2021-06-10;1264;1579;120581;62936;50.2;26.2
19;2021-06-11;1303;1916;121884;64852;50.7;27.0
19;2021-06-12;1351;1317;123235;66169;51.3;27.5
19;2021-06-13;536;422;123771;66591;51.5;27.7
19;2021-06-14;735;1018;124506;67609;51.8;28.1
19;2021-06-15;972;1142;125478;68751;52.2;28.6
19;2021-06-16;1219;1361;126697;70112;52.7;29.2
19;2021-06-17;855;1790;127552;71902;53.1;29.9
19;2021-06-18;1054;2137;128606;74039;53.5;30.8
19;2021-06-19;916;1300;129522;75339;53.9;31.3
19;2021-06-20;394;325;129916;75664;54.1;31.5
19;2021-06-21;499;1075;130415;76739;54.3;31.9
19;2021-06-22;695;1492;131110;78231;54.6;32.6
19;2021-06-23;736;1982;131846;80213;54.9;33.4
19;2021-06-24;684;1666;132530;81879;55.1;34.1
19;2021-06-25;557;2215;133087;84094;55.4;35.0
19;2021-06-26;467;1738;133554;85832;55.6;35.7
19;2021-06-27;288;444;133842;86276;55.7;35.9
19;2021-06-28;312;1500;134154;87776;55.8;36.5
19;2021-06-29;348;1892;134502;89668;56.0;37.3
19;2021-06-30;780;2154;135282;91822;56.3;38.2
19;2021-07-01;354;2320;135636;94142;56.4;39.2
19;2021-07-02;774;2319;136410;96461;56.8;40.1
19;2021-07-03;511;1736;136921;98197;57.0;40.9
19;2021-07-04;1;73;136922;98270;57.0;40.9
19;2021-07-05;593;1014;137515;99284;57.2;41.3
19;2021-07-06;503;1537;138018;100821;57.4;42.0
19;2021-07-07;701;2048;138719;102869;57.7;42.8
19;2021-07-08;762;2151;139481;105020;58.0;43.7
19;2021-07-09;712;2661;140193;107681;58.3;44.8
19;2021-07-10;585;1703;140778;109384;58.6;45.5
19;2021-07-11;45;212;140823;109596;58.6;45.6
19;2021-07-12;446;1487;141269;111083;58.8;46.2
19;2021-07-13;676;1831;141945;112914;59.1;47.0
19;2021-07-14;198;272;142143;113186;59.1;47.1
19;2021-07-15;864;2050;143007;115236;59.5;47.9
19;2021-07-16;1217;2423;144224;117659;60.0;49.0
19;2021-07-17;700;1712;144924;119371;60.3;49.7
19;2021-07-18;362;661;145286;120032;60.5;49.9
19;2021-07-19;953;1399;146239;121431;60.8;50.5
21;2020-12-27;4;0;4;0;0.0;0.0
21;2020-12-28;0;0;4;0;0.0;0.0
21;2020-12-29;19;0;23;0;0.0;0.0
21;2020-12-30;20;0;43;0;0.0;0.0
21;2020-12-31;0;0;43;0;0.0;0.0
21;2021-01-01;0;0;43;0;0.0;0.0
21;2021-01-02;1;0;44;0;0.0;0.0
21;2021-01-03;0;0;44;0;0.0;0.0
21;2021-01-04;22;0;66;0;0.0;0.0
21;2021-01-05;250;2;316;2;0.1;0.0
21;2021-01-06;300;0;616;2;0.1;0.0
21;2021-01-07;389;0;1005;2;0.2;0.0
21;2021-01-08;455;3;1460;5;0.3;0.0
21;2021-01-09;251;0;1711;5;0.3;0.0
21;2021-01-10;1;0;1712;5;0.3;0.0
21;2021-01-11;623;1;2335;6;0.4;0.0
21;2021-01-12;650;0;2985;6;0.6;0.0
21;2021-01-13;702;1;3687;7;0.7;0.0
21;2021-01-14;1182;5;4869;12;0.9;0.0
21;2021-01-15;713;4;5582;16;1.0;0.0
21;2021-01-16;162;0;5744;16;1.1;0.0
21;2021-01-17;4;0;5748;16;1.1;0.0
21;2021-01-18;1315;6;7063;22;1.3;0.0
21;2021-01-19;1360;1;8423;23;1.6;0.0
21;2021-01-20;1292;44;9715;67;1.8;0.0
21;2021-01-21;1530;2;11245;69;2.1;0.0
21;2021-01-22;1232;3;12477;72;2.3;0.0
21;2021-01-23;487;0;12964;72;2.4;0.0
21;2021-01-24;121;0;13085;72;2.5;0.0
21;2021-01-25;921;18;14006;90;2.6;0.0
21;2021-01-26;1518;145;15524;235;2.9;0.0
21;2021-01-27;2030;150;17554;385;3.3;0.1
21;2021-01-28;1445;224;18999;609;3.6;0.1
21;2021-01-29;1023;212;20022;821;3.8;0.2
21;2021-01-30;467;31;20489;852;3.8;0.2
21;2021-01-31;97;5;20586;857;3.9;0.2
21;2021-02-01;451;288;21037;1145;3.9;0.2
21;2021-02-02;454;440;21491;1585;4.0;0.3
21;2021-02-03;437;284;21928;1869;4.1;0.4
21;2021-02-04;416;552;22344;2421;4.2;0.5
21;2021-02-05;487;524;22831;2945;4.3;0.6
21;2021-02-06;151;223;22982;3168;4.3;0.6
21;2021-02-07;0;2;22982;3170;4.3;0.6
21;2021-02-08;434;390;23416;3560;4.4;0.7
21;2021-02-09;513;520;23929;4080;4.5;0.8
21;2021-02-10;460;582;24389;4662;4.6;0.9
21;2021-02-11;480;736;24869;5398;4.7;1.0
21;2021-02-12;357;939;25226;6337;4.7;1.2
21;2021-02-13;360;322;25586;6659;4.8;1.2
21;2021-02-14;237;147;25823;6806;4.8;1.3
21;2021-02-15;117;1431;25940;8237;4.9;1.5
21;2021-02-16;207;1580;26147;9817;4.9;1.8
21;2021-02-17;392;1985;26539;11802;5.0;2.2
21;2021-02-18;602;1359;27141;13161;5.1;2.5
21;2021-02-19;215;1148;27356;14309;5.1;2.7
21;2021-02-20;121;428;27477;14737;5.2;2.8
21;2021-02-21;0;83;27477;14820;5.2;2.8
21;2021-02-22;79;776;27556;15596;5.2;2.9
21;2021-02-23;171;1042;27727;16638;5.2;3.1
21;2021-02-24;225;741;27952;17379;5.2;3.3
21;2021-02-25;645;833;28597;18212;5.4;3.4
21;2021-02-26;922;719;29519;18931;5.5;3.6
21;2021-02-27;534;300;30053;19231;5.6;3.6
21;2021-02-28;24;133;30077;19364;5.6;3.6
21;2021-03-01;679;623;30756;19987;5.8;3.8
21;2021-03-02;1053;538;31809;20525;6.0;3.9
21;2021-03-03;1160;428;32969;20953;6.2;3.9
21;2021-03-04;1672;500;34641;21453;6.5;4.0
21;2021-03-05;2188;644;36829;22097;6.9;4.1
21;2021-03-06;1588;187;38417;22284;7.2;4.2
21;2021-03-07;4;16;38421;22300;7.2;4.2
21;2021-03-08;768;439;39189;22739;7.4;4.3
21;2021-03-09;1567;552;40756;23291;7.6;4.4
21;2021-03-10;1624;545;42380;23836;8.0;4.5
21;2021-03-11;2176;669;44556;24505;8.4;4.6
21;2021-03-12;2868;416;47424;24921;8.9;4.7
21;2021-03-13;1926;181;49350;25102;9.3;4.7
21;2021-03-14;36;50;49386;25152;9.3;4.7
21;2021-03-15;1402;76;50788;25228;9.5;4.7
21;2021-03-16;1877;139;52665;25367;9.9;4.8
21;2021-03-17;1800;99;54465;25466;10.2;4.8
21;2021-03-18;2117;250;56582;25716;10.6;4.8
21;2021-03-19;1955;132;58537;25848;11.0;4.9
21;2021-03-20;1228;32;59765;25880;11.2;4.9
21;2021-03-21;1;0;59766;25880;11.2;4.9
21;2021-03-22;1554;82;61320;25962;11.5;4.9
21;2021-03-23;2686;87;64006;26049;12.0;4.9
21;2021-03-24;2888;147;66894;26196;12.6;4.9
21;2021-03-25;3710;220;70604;26416;13.2;5.0
21;2021-03-26;3655;174;74259;26590;13.9;5.0
21;2021-03-27;1717;54;75976;26644;14.3;5.0
21;2021-03-28;197;37;76173;26681;14.3;5.0
21;2021-03-29;1784;512;77957;27193;14.6;5.1
21;2021-03-30;2348;795;80305;27988;15.1;5.3
21;2021-03-31;2711;642;83016;28630;15.6;5.4
21;2021-04-01;2687;706;85703;29336;16.1;5.5
21;2021-04-02;2242;734;87945;30070;16.5;5.6
21;2021-04-03;1017;261;88962;30331;16.7;5.7
21;2021-04-04;2;12;88964;30343;16.7;5.7
21;2021-04-05;4;0;88968;30343;16.7;5.7
21;2021-04-06;1353;1144;90321;31487;16.9;5.9
21;2021-04-07;1741;971;92062;32458;17.3;6.1
21;2021-04-08;3216;1108;95278;33566;17.9;6.3
21;2021-04-09;3475;1172;98753;34738;18.5;6.5
21;2021-04-10;1375;731;100128;35469;18.8;6.7
21;2021-04-11;143;1;100271;35470;18.8;6.7
21;2021-04-12;1117;1360;101388;36830;19.0;6.9
21;2021-04-13;1654;1780;103042;38610;19.3;7.2
21;2021-04-14;1476;1486;104518;40096;19.6;7.5
21;2021-04-15;1899;1591;106417;41687;20.0;7.8
21;2021-04-16;2311;1304;108728;42991;20.4;8.1
21;2021-04-17;1014;965;109742;43956;20.6;8.2
21;2021-04-18;13;4;109755;43960;20.6;8.2
21;2021-04-19;1105;1331;110860;45291;20.8;8.5
21;2021-04-20;1238;1837;112098;47128;21.0;8.8
21;2021-04-21;1091;1731;113189;48859;21.2;9.2
21;2021-04-22;1275;2211;114464;51070;21.5;9.6
21;2021-04-23;1976;1723;116440;52793;21.9;9.9
21;2021-04-24;1001;858;117441;53651;22.0;10.1
21;2021-04-25;8;165;117449;53816;22.0;10.1
21;2021-04-26;1008;1597;118457;55413;22.2;10.4
21;2021-04-27;1822;1950;120279;57363;22.6;10.8
21;2021-04-28;2223;2220;122502;59583;23.0;11.2
21;2021-04-29;3127;2254;125629;61837;23.6;11.6
21;2021-04-30;3544;1852;129173;63689;24.2;12.0
21;2021-05-01;962;221;130135;63910;24.4;12.0
21;2021-05-02;2;5;130137;63915;24.4;12.0
21;2021-05-03;2082;1346;132219;65261;24.8;12.2
21;2021-05-04;2580;1642;134799;66903;25.3;12.6
21;2021-05-05;2252;1690;137051;68593;25.7;12.9
21;2021-05-06;3006;2236;140057;70829;26.3;13.3
21;2021-05-07;2806;2171;142863;73000;26.8;13.7
21;2021-05-08;1063;264;143926;73264;27.0;13.7
21;2021-05-09;26;173;143952;73437;27.0;13.8
21;2021-05-10;3168;1714;147120;75151;27.6;14.1
21;2021-05-11;4916;2000;152036;77151;28.5;14.5
21;2021-05-12;4795;1735;156831;78886;29.4;14.8
21;2021-05-13;3845;359;160676;79245;30.2;14.9
21;2021-05-14;5192;1455;165868;80700;31.1;15.1
21;2021-05-15;3423;644;169291;81344;31.8;15.3
21;2021-05-16;48;5;169339;81349;31.8;15.3
21;2021-05-17;4128;1238;173467;82587;32.6;15.5
21;2021-05-18;4357;1482;177824;84069;33.4;15.8
21;2021-05-19;3473;1108;181297;85177;34.0;16.0
21;2021-05-20;3893;1342;185190;86519;34.8;16.2
21;2021-05-21;3615;2148;188805;88667;35.4;16.6
21;2021-05-22;1668;768;190473;89435;35.7;16.8
21;2021-05-23;3;17;190476;89452;35.7;16.8
21;2021-05-24;1811;266;192287;89718;36.1;16.8
21;2021-05-25;2643;1961;194930;91679;36.6;17.2
21;2021-05-26;2605;1981;197535;93660;37.1;17.6
21;2021-05-27;4012;2101;201547;95761;37.8;18.0
21;2021-05-28;3564;2812;205111;98573;38.5;18.5
21;2021-05-29;1925;1461;207036;100034;38.9;18.8
21;2021-05-30;96;13;207132;100047;38.9;18.8
21;2021-05-31;2497;1772;209629;101819;39.3;19.1
21;2021-06-01;3448;2245;213077;104064;40.0;19.5
21;2021-06-02;2609;1752;215686;105816;40.5;19.9
21;2021-06-03;3143;2070;218829;107886;41.1;20.2
21;2021-06-04;3265;2582;222094;110468;41.7;20.7
21;2021-06-05;2921;1653;225015;112121;42.2;21.0
21;2021-06-06;49;84;225064;112205;42.2;21.1
21;2021-06-07;4305;1340;229369;113545;43.0;21.3
21;2021-06-08;4925;2125;234294;115670;44.0;21.7
21;2021-06-09;4487;1609;238781;117279;44.8;22.0
21;2021-06-10;3898;2577;242679;119856;45.5;22.5
21;2021-06-11;4134;3100;246813;122956;46.3;23.1
21;2021-06-12;2189;1607;249002;124563;46.7;23.4
21;2021-06-13;28;11;249030;124574;46.7;23.4
21;2021-06-14;2187;2566;251217;127140;47.1;23.9
21;2021-06-15;2950;3089;254167;130229;47.7;24.4
21;2021-06-16;2834;2594;257001;132823;48.2;24.9
21;2021-06-17;3412;3040;260413;135863;48.9;25.5
21;2021-06-18;2412;3796;262825;139659;49.3;26.2
21;2021-06-19;2036;1861;264861;141520;49.7;26.6
21;2021-06-20;24;13;264885;141533;49.7;26.6
21;2021-06-21;1824;3412;266709;144945;50.0;27.2
21;2021-06-22;1867;5848;268576;150793;50.4;28.3
21;2021-06-23;2012;5014;270588;155807;50.8;29.2
21;2021-06-24;2340;4669;272928;160476;51.2;30.1
21;2021-06-25;1516;5901;274444;166377;51.5;31.2
21;2021-06-26;1428;3893;275872;170270;51.8;32.0
21;2021-06-27;16;125;275888;170395;51.8;32.0
21;2021-06-28;1380;4023;277268;174418;52.0;32.7
21;2021-06-29;1606;4184;278874;178602;52.3;33.5
21;2021-06-30;1542;3366;280416;181968;52.6;34.1
21;2021-07-01;1615;4138;282031;186106;52.9;34.9
21;2021-07-02;2149;4221;284180;190327;53.3;35.7
21;2021-07-03;1090;2098;285270;192425;53.5;36.1
21;2021-07-04;36;55;285306;192480;53.5;36.1
21;2021-07-05;1588;3626;286894;196106;53.8;36.8
21;2021-07-06;1345;3589;288239;199695;54.1;37.5
21;2021-07-07;1435;3229;289674;202924;54.4;38.1
21;2021-07-08;1858;4157;291532;207081;54.7;38.9
21;2021-07-09;2056;4346;293588;211427;55.1;39.7
21;2021-07-10;1087;2544;294675;213971;55.3;40.2
21;2021-07-11;18;74;294693;214045;55.3;40.2
21;2021-07-12;1602;3722;296295;217767;55.6;40.9
21;2021-07-13;2252;4882;298547;222649;56.0;41.8
21;2021-07-14;2864;1995;301411;224644;56.6;42.2
21;2021-07-15;3738;4537;305149;229181;57.3;43.0
21;2021-07-16;3839;5235;308988;234416;58.0;44.0
21;2021-07-17;2761;4156;311749;238572;58.5;44.8
21;2021-07-18;155;80;311904;238652;58.5;44.8
21;2021-07-19;2318;4598;314222;243250;59.0;45.6
22;2020-12-27;0;0;0;0;0.0;0.0
22;2020-12-28;0;0;0;0;0.0;0.0
22;2020-12-29;0;0;0;0;0.0;0.0
22;2020-12-30;0;0;0;0;0.0;0.0
22;2020-12-31;0;0;0;0;0.0;0.0
22;2021-01-01;0;0;0;0;0.0;0.0
22;2021-01-02;3;0;3;0;0.0;0.0
22;2021-01-03;0;0;3;0;0.0;0.0
22;2021-01-04;4;0;7;0;0.0;0.0
22;2021-01-05;61;0;68;0;0.0;0.0
22;2021-01-06;114;1;182;1;0.0;0.0
22;2021-01-07;66;0;248;1;0.0;0.0
22;2021-01-08;174;0;422;1;0.1;0.0
22;2021-01-09;1;0;423;1;0.1;0.0
22;2021-01-10;0;0;423;1;0.1;0.0
22;2021-01-11;233;3;656;4;0.1;0.0
22;2021-01-12;626;0;1282;4;0.2;0.0
22;2021-01-13;673;1;1955;5;0.3;0.0
22;2021-01-14;714;8;2669;13;0.4;0.0
22;2021-01-15;526;1;3195;14;0.5;0.0
22;2021-01-16;97;0;3292;14;0.6;0.0
22;2021-01-17;1;0;3293;14;0.6;0.0
22;2021-01-18;309;1;3602;15;0.6;0.0
22;2021-01-19;680;1;4282;16;0.7;0.0
22;2021-01-20;598;0;4880;16;0.8;0.0
22;2021-01-21;947;1;5827;17;1.0;0.0
22;2021-01-22;834;1;6661;18;1.1;0.0
22;2021-01-23;218;0;6879;18;1.2;0.0
22;2021-01-24;1;0;6880;18;1.2;0.0
22;2021-01-25;748;10;7628;28;1.3;0.0
22;2021-01-26;1010;59;8638;87;1.4;0.0
22;2021-01-27;3850;107;12488;194;2.1;0.0
22;2021-01-28;4454;82;16942;276;2.8;0.0
22;2021-01-29;1871;127;18813;403;3.2;0.1
22;2021-01-30;287;0;19100;403;3.2;0.1
22;2021-01-31;2;0;19102;403;3.2;0.1
22;2021-02-01;641;81;19743;484;3.3;0.1
22;2021-02-02;901;436;20644;920;3.5;0.2
22;2021-02-03;689;504;21333;1424;3.6;0.2
22;2021-02-04;965;636;22298;2060;3.7;0.3
22;2021-02-05;721;565;23019;2625;3.9;0.4
22;2021-02-06;248;0;23267;2625;3.9;0.4
22;2021-02-07;0;0;23267;2625;3.9;0.4
22;2021-02-08;530;135;23797;2760;4.0;0.5
22;2021-02-09;615;344;24412;3104;4.1;0.5
22;2021-02-10;424;201;24836;3305;4.2;0.6
22;2021-02-11;1086;324;25922;3629;4.3;0.6
22;2021-02-12;592;327;26514;3956;4.4;0.7
22;2021-02-13;318;78;26832;4034;4.5;0.7
22;2021-02-14;0;5;26832;4039;4.5;0.7
22;2021-02-15;670;428;27502;4467;4.6;0.7
22;2021-02-16;1041;703;28543;5170;4.8;0.9
22;2021-02-17;1202;2460;29745;7630;5.0;1.3
22;2021-02-18;2138;2999;31883;10629;5.3;1.8
22;2021-02-19;1633;1942;33516;12571;5.6;2.1
22;2021-02-20;478;210;33994;12781;5.7;2.1
22;2021-02-21;4;49;33998;12830;5.7;2.2
22;2021-02-22;401;720;34399;13550;5.8;2.3
22;2021-02-23;660;927;35059;14477;5.9;2.4
22;2021-02-24;694;944;35753;15421;6.0;2.6
22;2021-02-25;1198;1203;36951;16624;6.2;2.8
22;2021-02-26;1065;709;38016;17333;6.4;2.9
22;2021-02-27;563;284;38579;17617;6.5;3.0
22;2021-02-28;14;8;38593;17625;6.5;3.0
22;2021-03-01;950;521;39543;18146;6.6;3.0
22;2021-03-02;1204;876;40747;19022;6.8;3.2
22;2021-03-03;1322;860;42069;19882;7.1;3.3
22;2021-03-04;1591;926;43660;20808;7.3;3.5
22;2021-03-05;2101;803;45761;21611;7.7;3.6
22;2021-03-06;1109;289;46870;21900;7.9;3.7
22;2021-03-07;219;1;47089;21901;7.9;3.7
22;2021-03-08;1291;651;48380;22552;8.1;3.8
22;2021-03-09;1819;739;50199;23291;8.4;3.9
22;2021-03-10;1981;998;52180;24289;8.8;4.1
22;2021-03-11;2372;1646;54552;25935;9.2;4.4
22;2021-03-12;3092;948;57644;26883;9.7;4.5
22;2021-03-13;1706;287;59350;27170;10.0;4.6
22;2021-03-14;245;23;59595;27193;10.0;4.6
22;2021-03-15;1614;565;61209;27758;10.3;4.7
22;2021-03-16;1591;850;62800;28608;10.5;4.8
22;2021-03-17;2640;702;65440;29310;11.0;4.9
22;2021-03-18;2544;1110;67984;30420;11.4;5.1
22;2021-03-19;3277;799;71261;31219;12.0;5.2
22;2021-03-20;2207;284;73468;31503;12.3;5.3
22;2021-03-21;13;0;73481;31503;12.3;5.3
22;2021-03-22;2365;357;75846;31860;12.7;5.3
22;2021-03-23;3145;773;78991;32633;13.2;5.5
22;2021-03-24;3482;684;82473;33317;13.8;5.6
22;2021-03-25;3943;595;86416;33912;14.5;5.7
22;2021-03-26;3998;473;90414;34385;15.2;5.8
22;2021-03-27;2078;177;92492;34562;15.5;5.8
22;2021-03-28;67;1;92559;34563;15.5;5.8
22;2021-03-29;2768;907;95327;35470;16.0;5.9
22;2021-03-30;3558;1154;98885;36624;16.6;6.1
22;2021-03-31;3667;1085;102552;37709;17.2;6.3
22;2021-04-01;4914;1108;107466;38817;18.0;6.5
22;2021-04-02;4390;1033;111856;39850;18.8;6.7
22;2021-04-03;1996;403;113852;40253;19.1;6.8
22;2021-04-04;33;0;113885;40253;19.1;6.8
22;2021-04-05;14;0;113899;40253;19.1;6.8
22;2021-04-06;3283;1140;117182;41393;19.7;6.9
22;2021-04-07;3422;1359;120604;42752;20.2;7.2
22;2021-04-08;4442;1308;125046;44060;21.0;7.4
22;2021-04-09;5178;1340;130224;45400;21.8;7.6
22;2021-04-10;2439;362;132663;45762;22.3;7.7
22;2021-04-11;473;8;133136;45770;22.3;7.7
22;2021-04-12;2980;992;136116;46762;22.8;7.8
22;2021-04-13;3319;1512;139435;48274;23.4;8.1
22;2021-04-14;3163;2475;142598;50749;23.9;8.5
22;2021-04-15;3594;2435;146192;53184;24.5;8.9
22;2021-04-16;3623;2488;149815;55672;25.1;9.3
22;2021-04-17;1914;1782;151729;57454;25.4;9.6
22;2021-04-18;16;0;151745;57454;25.5;9.6
22;2021-04-19;3017;2138;154762;59592;26.0;10.0
22;2021-04-20;3305;2779;158067;62371;26.5;10.5
22;2021-04-21;3223;2722;161290;65093;27.1;10.9
22;2021-04-22;3578;3122;164868;68215;27.7;11.4
22;2021-04-23;3717;3150;168585;71365;28.3;12.0
22;2021-04-24;1988;1962;170573;73327;28.6;12.3
22;2021-04-25;14;0;170587;73327;28.6;12.3
22;2021-04-26;3205;2843;173792;76170;29.2;12.8
22;2021-04-27;3371;3144;177163;79314;29.7;13.3
22;2021-04-28;3481;3140;180644;82454;30.3;13.8
22;2021-04-29;4074;3270;184718;85724;31.0;14.4
22;2021-04-30;3902;3224;188620;88948;31.6;14.9
22;2021-05-01;59;69;188679;89017;31.6;14.9
22;2021-05-02;1237;54;189916;89071;31.9;14.9
22;2021-05-03;2029;2708;191945;91779;32.2;15.4
22;2021-05-04;2147;2892;194092;94671;32.6;15.9
22;2021-05-05;2044;3006;196136;97677;32.9;16.4
22;2021-05-06;2505;3494;198641;101171;33.3;17.0
22;2021-05-07;2820;3399;201461;104570;33.8;17.5
22;2021-05-08;45;122;201506;104692;33.8;17.6
22;2021-05-09;600;434;202106;105126;33.9;17.6
22;2021-05-10;4472;2713;206578;107839;34.6;18.1
22;2021-05-11;5100;2893;211678;110732;35.5;18.6
22;2021-05-12;6592;1007;218270;111739;36.6;18.7
22;2021-05-13;526;35;218796;111774;36.7;18.7
22;2021-05-14;6400;1074;225196;112848;37.8;18.9
22;2021-05-15;3986;423;229182;113271;38.4;19.0
22;2021-05-16;418;35;229600;113306;38.5;19.0
22;2021-05-17;5661;518;235261;113824;39.5;19.1
22;2021-05-18;6000;944;241261;114768;40.5;19.3
22;2021-05-19;6124;698;247385;115466;41.5;19.4
22;2021-05-20;6584;1368;253969;116834;42.6;19.6
22;2021-05-21;5882;1456;259851;118290;43.6;19.8
22;2021-05-22;4081;767;263932;119057;44.3;20.0
22;2021-05-23;404;12;264336;119069;44.3;20.0
22;2021-05-24;5303;208;269639;119277;45.2;20.0
22;2021-05-25;5627;1163;275266;120440;46.2;20.2
22;2021-05-26;4208;2793;279474;123233;46.9;20.7
22;2021-05-27;4495;3831;283969;127064;47.6;21.3
22;2021-05-28;4380;4434;288349;131498;48.4;22.1
22;2021-05-29;3044;1767;291393;133265;48.9;22.4
22;2021-05-30;19;7;291412;133272;48.9;22.4
22;2021-05-31;3644;3146;295056;136418;49.5;22.9
22;2021-06-01;3514;3686;298570;140104;50.1;23.5
22;2021-06-02;3077;3384;301647;143488;50.6;24.1
22;2021-06-03;3177;4093;304824;147581;51.1;24.8
22;2021-06-04;3355;4545;308179;152126;51.7;25.5
22;2021-06-05;3541;2023;311720;154149;52.3;25.9
22;2021-06-06;212;29;311932;154178;52.3;25.9
22;2021-06-07;3018;3249;314950;157427;52.8;26.4
22;2021-06-08;2744;3527;317694;160954;53.3;27.0
22;2021-06-09;2479;3506;320173;164460;53.7;27.6
22;2021-06-10;2448;4248;322621;168708;54.1;28.3
22;2021-06-11;2485;4227;325106;172935;54.5;29.0
22;2021-06-12;2366;1454;327472;174389;54.9;29.3
22;2021-06-13;134;1093;327606;175482;55.0;29.4
22;2021-06-14;2586;2465;330192;177947;55.4;29.8
22;2021-06-15;3047;3005;333239;180952;55.9;30.4
22;2021-06-16;2972;2809;336211;183761;56.4;30.8
22;2021-06-17;2543;3170;338754;186931;56.8;31.4
22;2021-06-18;3069;4110;341823;191041;57.3;32.0
22;2021-06-19;2948;1443;344771;192484;57.8;32.3
22;2021-06-20;139;6;344910;192490;57.9;32.3
22;2021-06-21;1751;5023;346661;197513;58.1;33.1
22;2021-06-22;2377;5560;349038;203073;58.5;34.1
22;2021-06-23;1252;6216;350290;209289;58.8;35.1
22;2021-06-24;2553;3923;352843;213212;59.2;35.8
22;2021-06-25;1540;6821;354383;220033;59.4;36.9
22;2021-06-26;775;3860;355158;223893;59.6;37.6
22;2021-06-27;4;512;355162;224405;59.6;37.6
22;2021-06-28;1040;5604;356202;230009;59.7;38.6
22;2021-06-29;1351;5965;357553;235974;60.0;39.6
22;2021-06-30;1101;5748;358654;241722;60.2;40.5
22;2021-07-01;1336;6050;359990;247772;60.4;41.6
22;2021-07-02;1646;6098;361636;253870;60.7;42.6
22;2021-07-03;978;3814;362614;257684;60.8;43.2
22;2021-07-04;142;363;362756;258047;60.8;43.3
22;2021-07-05;1533;5801;364289;263848;61.1;44.3
22;2021-07-06;2281;5998;366570;269846;61.5;45.3
22;2021-07-07;2229;4935;368799;274781;61.9;46.1
22;2021-07-08;2474;5097;371273;279878;62.3;46.9
22;2021-07-09;2445;5380;373718;285258;62.7;47.8
22;2021-07-10;1745;3350;375463;288608;63.0;48.4
22;2021-07-11;477;71;375940;288679;63.1;48.4
22;2021-07-12;2269;4727;378209;293406;63.4;49.2
22;2021-07-13;3723;5038;381932;298444;64.1;50.1
22;2021-07-14;692;2495;382624;300939;64.2;50.5
22;2021-07-15;3769;4625;386393;305564;64.8;51.3
22;2021-07-16;3773;5286;390166;310850;65.4;52.1
22;2021-07-17;2513;3400;392679;314250;65.9;52.7
22;2021-07-18;561;86;393240;314336;66.0;52.7
22;2021-07-19;2717;4097;395957;318433;66.4;53.4
23;2020-12-27;0;0;0;0;0.0;0.0
23;2020-12-28;1;0;1;0;0.0;0.0
23;2020-12-29;0;0;1;0;0.0;0.0
23;2020-12-30;0;0;1;0;0.0;0.0
23;2020-12-31;0;0;1;0;0.0;0.0
23;2021-01-01;0;0;1;0;0.0;0.0
23;2021-01-02;1;0;2;0;0.0;0.0
23;2021-01-03;0;0;2;0;0.0;0.0
23;2021-01-04;1;0;3;0;0.0;0.0
23;2021-01-05;3;0;6;0;0.0;0.0
23;2021-01-06;10;0;16;0;0.0;0.0
23;2021-01-07;116;0;132;0;0.1;0.0
23;2021-01-08;116;0;248;0;0.2;0.0
23;2021-01-09;35;0;283;0;0.2;0.0
23;2021-01-10;1;0;284;0;0.2;0.0
23;2021-01-11;173;0;457;0;0.4;0.0
23;2021-01-12;234;1;691;1;0.6;0.0
23;2021-01-13;308;1;999;2;0.9;0.0
23;2021-01-14;290;3;1289;5;1.1;0.0
23;2021-01-15;334;3;1623;8;1.4;0.0
23;2021-01-16;163;1;1786;9;1.5;0.0
23;2021-01-17;0;0;1786;9;1.5;0.0
23;2021-01-18;341;1;2127;10;1.8;0.0
23;2021-01-19;497;2;2624;12;2.3;0.0
23;2021-01-20;362;1;2986;13;2.6;0.0
23;2021-01-21;695;1;3681;14;3.2;0.0
23;2021-01-22;477;0;4158;14;3.6;0.0
23;2021-01-23;368;1;4526;15;3.9;0.0
23;2021-01-24;0;0;4526;15;3.9;0.0
23;2021-01-25;382;17;4908;32;4.2;0.0
23;2021-01-26;300;4;5208;36;4.5;0.0
23;2021-01-27;228;3;5436;39;4.7;0.0
23;2021-01-28;233;47;5669;86;4.9;0.1
23;2021-01-29;301;103;5970;189;5.1;0.2
23;2021-01-30;100;28;6070;217;5.2;0.2
23;2021-01-31;2;34;6072;251;5.2;0.2
23;2021-02-01;147;106;6219;357;5.3;0.3
23;2021-02-02;157;123;6376;480;5.5;0.4
23;2021-02-03;105;211;6481;691;5.6;0.6
23;2021-02-04;78;265;6559;956;5.6;0.8
23;2021-02-05;115;314;6674;1270;5.7;1.1
23;2021-02-06;14;168;6688;1438;5.8;1.2
23;2021-02-07;1;0;6689;1438;5.8;1.2
23;2021-02-08;125;218;6814;1656;5.9;1.4
23;2021-02-09;85;296;6899;1952;5.9;1.7
23;2021-02-10;89;283;6988;2235;6.0;1.9
23;2021-02-11;244;590;7232;2825;6.2;2.4
23;2021-02-12;171;284;7403;3109;6.4;2.7
23;2021-02-13;8;192;7411;3301;6.4;2.8
23;2021-02-14;8;0;7419;3301;6.4;2.8
23;2021-02-15;157;367;7576;3668;6.5;3.2
23;2021-02-16;103;445;7679;4113;6.6;3.5
23;2021-02-17;65;494;7744;4607;6.7;4.0
23;2021-02-18;142;371;7886;4978;6.8;4.3
23;2021-02-19;109;253;7995;5231;6.9;4.5
23;2021-02-20;2;94;7997;5325;6.9;4.6
23;2021-02-21;0;0;7997;5325;6.9;4.6
23;2021-02-22;104;212;8101;5537;7.0;4.8
23;2021-02-23;107;219;8208;5756;7.1;5.0
23;2021-02-24;174;169;8382;5925;7.2;5.1
23;2021-02-25;183;108;8565;6033;7.4;5.2
23;2021-02-26;286;165;8851;6198;7.6;5.3
23;2021-02-27;112;10;8963;6208;7.7;5.3
23;2021-02-28;1;31;8964;6239;7.7;5.4
23;2021-03-01;88;200;9052;6439;7.8;5.5
23;2021-03-02;229;132;9281;6571;8.0;5.7
23;2021-03-03;131;90;9412;6661;8.1;5.7
23;2021-03-04;307;138;9719;6799;8.4;5.8
23;2021-03-05;517;109;10236;6908;8.8;5.9
23;2021-03-06;494;3;10730;6911;9.2;5.9
23;2021-03-07;312;2;11042;6913;9.5;5.9
23;2021-03-08;196;72;11238;6985;9.7;6.0
23;2021-03-09;421;96;11659;7081;10.0;6.1
23;2021-03-10;348;38;12007;7119;10.3;6.1
23;2021-03-11;323;47;12330;7166;10.6;6.2
23;2021-03-12;616;32;12946;7198;11.1;6.2
23;2021-03-13;283;12;13229;7210;11.4;6.2
23;2021-03-14;45;34;13274;7244;11.4;6.2
23;2021-03-15;220;126;13494;7370;11.6;6.3
23;2021-03-16;192;90;13686;7460;11.8;6.4
23;2021-03-17;131;101;13817;7561;11.9;6.5
23;2021-03-18;191;95;14008;7656;12.0;6.6
23;2021-03-19;204;119;14212;7775;12.2;6.7
23;2021-03-20;629;35;14841;7810;12.8;6.7
23;2021-03-21;127;0;14968;7810;12.9;6.7
23;2021-03-22;264;147;15232;7957;13.1;6.8
23;2021-03-23;503;105;15735;8062;13.5;6.9
23;2021-03-24;422;123;16157;8185;13.9;7.0
23;2021-03-25;818;183;16975;8368;14.6;7.2
23;2021-03-26;733;194;17708;8562;15.2;7.4
23;2021-03-27;505;47;18213;8609;15.7;7.4
23;2021-03-28;3;9;18216;8618;15.7;7.4
23;2021-03-29;358;110;18574;8728;16.0;7.5
23;2021-03-30;537;173;19111;8901;16.4;7.7
23;2021-03-31;411;169;19522;9070;16.8;7.8
23;2021-04-01;600;165;20122;9235;17.3;7.9
23;2021-04-02;497;295;20619;9530;17.7;8.2
23;2021-04-03;715;41;21334;9571;18.3;8.2
23;2021-04-04;4;0;21338;9571;18.4;8.2
23;2021-04-05;0;3;21338;9574;18.4;8.2
23;2021-04-06;381;291;21719;9865;18.7;8.5
23;2021-04-07;705;308;22424;10173;19.3;8.7
23;2021-04-08;803;228;23227;10401;20.0;8.9
23;2021-04-09;939;350;24166;10751;20.8;9.2
23;2021-04-10;1097;108;25263;10859;21.7;9.3
23;2021-04-11;21;2;25284;10861;21.7;9.3
23;2021-04-12;692;231;25976;11092;22.3;9.5
23;2021-04-13;665;298;26641;11390;22.9;9.8
23;2021-04-14;586;172;27227;11562;23.4;9.9
23;2021-04-15;928;181;28155;11743;24.2;10.1
23;2021-04-16;901;199;29056;11942;25.0;10.3
23;2021-04-17;994;550;30050;12492;25.8;10.7
23;2021-04-18;4;136;30054;12628;25.8;10.9
23;2021-04-19;611;296;30665;12924;26.4;11.1
23;2021-04-20;720;289;31385;13213;27.0;11.4
23;2021-04-21;732;385;32117;13598;27.6;11.7
23;2021-04-22;657;473;32774;14071;28.2;12.1
23;2021-04-23;591;339;33365;14410;28.7;12.4
23;2021-04-24;854;448;34219;14858;29.4;12.8
23;2021-04-25;0;0;34219;14858;29.4;12.8
23;2021-04-26;615;252;34834;15110;30.0;13.0
23;2021-04-27;676;424;35510;15534;30.5;13.4
23;2021-04-28;625;274;36135;15808;31.1;13.6
23;2021-04-29;882;376;37017;16184;31.8;13.9
23;2021-04-30;719;786;37736;16970;32.5;14.6
23;2021-05-01;1224;31;38960;17001;33.5;14.6
23;2021-05-02;12;0;38972;17001;33.5;14.6
23;2021-05-03;423;519;39395;17520;33.9;15.1
23;2021-05-04;616;510;40011;18030;34.4;15.5
23;2021-05-05;538;711;40549;18741;34.9;16.1
23;2021-05-06;727;699;41276;19440;35.5;16.7
23;2021-05-07;682;639;41958;20079;36.1;17.3
23;2021-05-08;1409;584;43367;20663;37.3;17.8
23;2021-05-09;3;0;43370;20663;37.3;17.8
23;2021-05-10;553;654;43923;21317;37.8;18.3
23;2021-05-11;560;763;44483;22080;38.3;19.0
23;2021-05-12;719;659;45202;22739;38.9;19.6
23;2021-05-13;536;56;45738;22795;39.3;19.6
23;2021-05-14;789;462;46527;23257;40.0;20.0
23;2021-05-15;994;232;47521;23489;40.9;20.2
23;2021-05-16;0;0;47521;23489;40.9;20.2
23;2021-05-17;566;448;48087;23937;41.4;20.6
23;2021-05-18;773;291;48860;24228;42.0;20.8
23;2021-05-19;1049;256;49909;24484;42.9;21.1
23;2021-05-20;836;316;50745;24800;43.6;21.3
23;2021-05-21;1103;312;51848;25112;44.6;21.6
23;2021-05-22;739;125;52587;25237;45.2;21.7
23;2021-05-23;1;20;52588;25257;45.2;21.7
23;2021-05-24;360;163;52948;25420;45.5;21.9
23;2021-05-25;903;336;53851;25756;46.3;22.2
23;2021-05-26;1074;224;54925;25980;47.2;22.3
23;2021-05-27;929;425;55854;26405;48.0;22.7
23;2021-05-28;780;744;56634;27149;48.7;23.3
23;2021-05-29;637;1096;57271;28245;49.3;24.3
23;2021-05-30;6;63;57277;28308;49.3;24.3
23;2021-05-31;432;540;57709;28848;49.6;24.8
23;2021-06-01;581;820;58290;29668;50.1;25.5
23;2021-06-02;623;521;58913;30189;50.7;26.0
23;2021-06-03;705;547;59618;30736;51.3;26.4
23;2021-06-04;779;611;60397;31347;51.9;27.0
23;2021-06-05;545;778;60942;32125;52.4;27.6
23;2021-06-06;0;0;60942;32125;52.4;27.6
23;2021-06-07;393;696;61335;32821;52.8;28.2
23;2021-06-08;320;775;61655;33596;53.0;28.9
23;2021-06-09;284;652;61939;34248;53.3;29.5
23;2021-06-10;370;691;62309;34939;53.6;30.0
23;2021-06-11;377;808;62686;35747;53.9;30.7
23;2021-06-12;382;1264;63068;37011;54.2;31.8
23;2021-06-13;13;5;63081;37016;54.3;31.8
23;2021-06-14;233;590;63314;37606;54.5;32.3
23;2021-06-15;227;862;63541;38468;54.6;33.1
23;2021-06-16;362;581;63903;39049;55.0;33.6
23;2021-06-17;337;810;64240;39859;55.3;34.3
23;2021-06-18;352;764;64592;40623;55.6;34.9
23;2021-06-19;488;1524;65080;42147;56.0;36.2
23;2021-06-20;1;11;65081;42158;56.0;36.3
23;2021-06-21;203;622;65284;42780;56.1;36.8
23;2021-06-22;213;684;65497;43464;56.3;37.4
23;2021-06-23;211;750;65708;44214;56.5;38.0
23;2021-06-24;195;608;65903;44822;56.7;38.5
23;2021-06-25;302;816;66205;45638;56.9;39.3
23;2021-06-26;221;1000;66426;46638;57.1;40.1
23;2021-06-27;2;0;66428;46638;57.1;40.1
23;2021-06-28;113;696;66541;47334;57.2;40.7
23;2021-06-29;186;823;66727;48157;57.4;41.4
23;2021-06-30;164;946;66891;49103;57.5;42.2
23;2021-07-01;165;870;67056;49973;57.7;43.0
23;2021-07-02;189;1072;67245;51045;57.8;43.9
23;2021-07-03;247;980;67492;52025;58.0;44.7
23;2021-07-04;1;0;67493;52025;58.0;44.7
23;2021-07-05;149;806;67642;52831;58.2;45.4
23;2021-07-06;210;1045;67852;53876;58.4;46.3
23;2021-07-07;207;855;68059;54731;58.5;47.1
23;2021-07-08;246;739;68305;55470;58.7;47.7
23;2021-07-09;269;1008;68574;56478;59.0;48.6
23;2021-07-10;233;646;68807;57124;59.2;49.1
23;2021-07-11;0;0;68807;57124;59.2;49.1
23;2021-07-12;231;699;69038;57823;59.4;49.7
23;2021-07-13;469;917;69507;58740;59.8;50.5
23;2021-07-14;208;321;69715;59061;60.0;50.8
23;2021-07-15;474;809;70189;59870;60.4;51.5
23;2021-07-16;758;569;70947;60439;61.0;52.0
23;2021-07-17;218;479;71165;60918;61.2;52.4
23;2021-07-18;0;1;71165;60919;61.2;52.4
23;2021-07-19;614;625;71779;61544;61.7;52.9
24;2020-12-27;0;0;0;0;0.0;0.0
24;2020-12-28;0;0;0;0;0.0;0.0
24;2020-12-29;2;0;2;0;0.0;0.0
24;2020-12-30;1;0;3;0;0.0;0.0
24;2020-12-31;0;0;3;0;0.0;0.0
24;2021-01-01;0;0;3;0;0.0;0.0
24;2021-01-02;0;0;3;0;0.0;0.0
24;2021-01-03;0;0;3;0;0.0;0.0
24;2021-01-04;0;0;3;0;0.0;0.0
24;2021-01-05;0;0;3;0;0.0;0.0
24;2021-01-06;0;0;3;0;0.0;0.0
24;2021-01-07;190;0;193;0;0.0;0.0
24;2021-01-08;280;0;473;0;0.1;0.0
24;2021-01-09;185;0;658;0;0.2;0.0
24;2021-01-10;35;0;693;0;0.2;0.0
24;2021-01-11;269;0;962;0;0.2;0.0
24;2021-01-12;281;0;1243;0;0.3;0.0
24;2021-01-13;233;1;1476;1;0.4;0.0
24;2021-01-14;1011;7;2487;8;0.6;0.0
24;2021-01-15;602;3;3089;11;0.8;0.0
24;2021-01-16;86;0;3175;11;0.8;0.0
24;2021-01-17;1;1;3176;12;0.8;0.0
24;2021-01-18;298;0;3474;12;0.9;0.0
24;2021-01-19;467;1;3941;13;1.0;0.0
24;2021-01-20;550;0;4491;13;1.1;0.0
24;2021-01-21;644;5;5135;18;1.3;0.0
24;2021-01-22;512;0;5647;18;1.4;0.0
24;2021-01-23;149;1;5796;19;1.4;0.0
24;2021-01-24;2;0;5798;19;1.4;0.0
24;2021-01-25;440;0;6238;19;1.5;0.0
24;2021-01-26;631;66;6869;85;1.7;0.0
24;2021-01-27;1261;11;8130;96;2.0;0.0
24;2021-01-28;983;121;9113;217;2.2;0.1
24;2021-01-29;931;137;10044;354;2.5;0.1
24;2021-01-30;281;1;10325;355;2.5;0.1
24;2021-01-31;0;0;10325;355;2.5;0.1
24;2021-02-01;375;172;10700;527;2.6;0.1
24;2021-02-02;611;313;11311;840;2.8;0.2
24;2021-02-03;650;493;11961;1333;2.9;0.3
24;2021-02-04;972;391;12933;1724;3.2;0.4
24;2021-02-05;684;449;13617;2173;3.3;0.5
24;2021-02-06;137;35;13754;2208;3.4;0.5
24;2021-02-07;33;0;13787;2208;3.4;0.5
24;2021-02-08;309;232;14096;2440;3.5;0.6
24;2021-02-09;450;229;14546;2669;3.6;0.7
24;2021-02-10;372;111;14918;2780;3.7;0.7
24;2021-02-11;555;518;15473;3298;3.8;0.8
24;2021-02-12;495;392;15968;3690;3.9;0.9
24;2021-02-13;202;46;16170;3736;4.0;0.9
24;2021-02-14;88;1;16258;3737;4.0;0.9
24;2021-02-15;185;243;16443;3980;4.0;1.0
24;2021-02-16;334;523;16777;4503;4.1;1.1
24;2021-02-17;580;827;17357;5330;4.3;1.3
24;2021-02-18;438;727;17795;6057;4.4;1.5
24;2021-02-19;461;677;18256;6734;4.5;1.6
24;2021-02-20;163;143;18419;6877;4.5;1.7
24;2021-02-21;107;0;18526;6877;4.5;1.7
24;2021-02-22;426;527;18952;7404;4.6;1.8
24;2021-02-23;562;680;19514;8084;4.8;2.0
24;2021-02-24;532;829;20046;8913;4.9;2.2
24;2021-02-25;724;861;20770;9774;5.1;2.4
24;2021-02-26;971;970;21741;10744;5.3;2.6
24;2021-02-27;359;265;22100;11009;5.4;2.7
24;2021-02-28;22;4;22122;11013;5.4;2.7
24;2021-03-01;293;374;22415;11387;5.5;2.8
24;2021-03-02;538;416;22953;11803;5.6;2.9
24;2021-03-03;674;341;23627;12144;5.8;3.0
24;2021-03-04;913;498;24540;12642;6.0;3.1
24;2021-03-05;1064;552;25604;13194;6.3;3.2
24;2021-03-06;1121;140;26725;13334;6.5;3.3
24;2021-03-07;232;62;26957;13396;6.6;3.3
24;2021-03-08;530;258;27487;13654;6.7;3.3
24;2021-03-09;1171;441;28658;14095;7.0;3.5
24;2021-03-10;1139;446;29797;14541;7.3;3.6
24;2021-03-11;1602;459;31399;15000;7.7;3.7
24;2021-03-12;2047;439;33446;15439;8.2;3.8
24;2021-03-13;1344;200;34790;15639;8.5;3.8
24;2021-03-14;142;92;34932;15731;8.6;3.9
24;2021-03-15;947;166;35879;15897;8.8;3.9
24;2021-03-16;1139;231;37018;16128;9.1;3.9
24;2021-03-17;1211;281;38229;16409;9.4;4.0
24;2021-03-18;1054;548;39283;16957;9.6;4.2
24;2021-03-19;1247;532;40530;17489;9.9;4.3
24;2021-03-20;1054;146;41584;17635;10.2;4.3
24;2021-03-21;23;11;41607;17646;10.2;4.3
24;2021-03-22;1222;422;42829;18068;10.5;4.4
24;2021-03-23;1876;399;44705;18467;10.9;4.5
24;2021-03-24;1888;384;46593;18851;11.4;4.6
24;2021-03-25;1986;465;48579;19316;11.9;4.7
24;2021-03-26;2372;281;50951;19597;12.5;4.8
24;2021-03-27;1348;41;52299;19638;12.8;4.8
24;2021-03-28;60;9;52359;19647;12.8;4.8
24;2021-03-29;1669;325;54028;19972;13.2;4.9
24;2021-03-30;2406;389;56434;20361;13.8;5.0
24;2021-03-31;2173;307;58607;20668;14.4;5.1
24;2021-04-01;2194;307;60801;20975;14.9;5.1
24;2021-04-02;2071;396;62872;21371;15.4;5.2
24;2021-04-03;1371;122;64243;21493;15.7;5.3
24;2021-04-04;73;0;64316;21493;15.7;5.3
24;2021-04-05;945;55;65261;21548;16.0;5.3
24;2021-04-06;2349;693;67610;22241;16.6;5.4
24;2021-04-07;2714;682;70324;22923;17.2;5.6
24;2021-04-08;3002;952;73326;23875;18.0;5.8
24;2021-04-09;3484;999;76810;24874;18.8;6.1
24;2021-04-10;2584;304;79394;25178;19.4;6.2
24;2021-04-11;1101;14;80495;25192;19.7;6.2
24;2021-04-12;2492;813;82987;26005;20.3;6.4
24;2021-04-13;2903;1197;85890;27202;21.0;6.7
24;2021-04-14;2932;1182;88822;28384;21.7;7.0
24;2021-04-15;2787;1068;91609;29452;22.4;7.2
24;2021-04-16;3264;950;94873;30402;23.2;7.4
24;2021-04-17;2268;498;97141;30900;23.8;7.6
24;2021-04-18;424;5;97565;30905;23.9;7.6
24;2021-04-19;1601;1002;99166;31907;24.3;7.8
24;2021-04-20;2262;1422;101428;33329;24.8;8.2
24;2021-04-21;2141;1436;103569;34765;25.4;8.5
24;2021-04-22;2057;1250;105626;36015;25.9;8.8
24;2021-04-23;1951;1323;107577;37338;26.3;9.1
24;2021-04-24;851;723;108428;38061;26.5;9.3
24;2021-04-25;54;4;108482;38065;26.6;9.3
24;2021-04-26;1294;1482;109776;39547;26.9;9.7
24;2021-04-27;1851;1879;111627;41426;27.3;10.1
24;2021-04-28;1502;1954;113129;43380;27.7;10.6
24;2021-04-29;1724;1886;114853;45266;28.1;11.1
24;2021-04-30;2266;1775;117119;47041;28.7;11.5
24;2021-05-01;2050;1060;119169;48101;29.2;11.8
24;2021-05-02;1921;208;121090;48309;29.7;11.8
24;2021-05-03;1469;1833;122559;50142;30.0;12.3
24;2021-05-04;2228;2285;124787;52427;30.6;12.8
24;2021-05-05;1881;2713;126668;55140;31.0;13.5
24;2021-05-06;1884;2762;128552;57902;31.5;14.2
24;2021-05-07;2257;2778;130809;60680;32.0;14.9
24;2021-05-08;1282;1152;132091;61832;32.3;15.1
24;2021-05-09;1165;899;133256;62731;32.6;15.4
24;2021-05-10;1090;2627;134346;65358;32.9;16.0
24;2021-05-11;2030;2786;136376;68144;33.4;16.7
24;2021-05-12;1921;2248;138297;70392;33.9;17.2
24;2021-05-13;1457;1212;139754;71604;34.2;17.5
24;2021-05-14;2376;1334;142130;72938;34.8;17.9
24;2021-05-15;2048;810;144178;73748;35.3;18.1
24;2021-05-16;1169;346;145347;74094;35.6;18.1
24;2021-05-17;2244;1253;147591;75347;36.1;18.4
24;2021-05-18;2479;1815;150070;77162;36.7;18.9
24;2021-05-19;2284;1375;152354;78537;37.3;19.2
24;2021-05-20;2369;1578;154723;80115;37.9;19.6
24;2021-05-21;2430;1409;157153;81524;38.5;20.0
24;2021-05-22;1717;406;158870;81930;38.9;20.1
24;2021-05-23;950;73;159820;82003;39.1;20.1
24;2021-05-24;1513;335;161333;82338;39.5;20.2
24;2021-05-25;2291;1379;163624;83717;40.1;20.5
24;2021-05-26;2144;1313;165768;85030;40.6;20.8
24;2021-05-27;1746;2199;167514;87229;41.0;21.4
24;2021-05-28;2145;2001;169659;89230;41.5;21.8
24;2021-05-29;1146;2086;170805;91316;41.8;22.4
24;2021-05-30;1416;172;172221;91488;42.2;22.4
24;2021-05-31;1742;1364;173963;92852;42.6;22.7
24;2021-06-01;2568;1963;176531;94815;43.2;23.2
24;2021-06-02;2652;1781;179183;96596;43.9;23.7
24;2021-06-03;2286;1461;181469;98057;44.4;24.0
24;2021-06-04;2375;1889;183844;99946;45.0;24.5
24;2021-06-05;2003;1416;185847;101362;45.5;24.8
24;2021-06-06;764;223;186611;101585;45.7;24.9
24;2021-06-07;1430;1491;188041;103076;46.0;25.2
24;2021-06-08;1670;1910;189711;104986;46.5;25.7
24;2021-06-09;1318;1594;191029;106580;46.8;26.1
24;2021-06-10;1571;1911;192600;108491;47.2;26.6
24;2021-06-11;1320;2080;193920;110571;47.5;27.1
24;2021-06-12;1122;2544;195042;113115;47.8;27.7
24;2021-06-13;1226;920;196268;114035;48.1;27.9
24;2021-06-14;1151;1857;197419;115892;48.3;28.4
24;2021-06-15;1483;2994;198902;118886;48.7;29.1
24;2021-06-16;1658;2732;200560;121618;49.1;29.8
24;2021-06-17;1541;2182;202101;123800;49.5;30.3
24;2021-06-18;1392;2864;203493;126664;49.8;31.0
24;2021-06-19;1265;1521;204758;128185;50.1;31.4
24;2021-06-20;511;497;205269;128682;50.3;31.5
24;2021-06-21;923;1838;206192;130520;50.5;32.0
24;2021-06-22;1421;2593;207613;133113;50.8;32.6
24;2021-06-23;1417;2428;209030;135541;51.2;33.2
24;2021-06-24;1111;1916;210141;137457;51.5;33.7
24;2021-06-25;958;2823;211099;140280;51.7;34.3
24;2021-06-26;854;2106;211953;142386;51.9;34.9
24;2021-06-27;397;976;212350;143362;52.0;35.1
24;2021-06-28;807;2486;213157;145848;52.2;35.7
24;2021-06-29;925;2871;214082;148719;52.4;36.4
24;2021-06-30;1090;2463;215172;151182;52.7;37.0
24;2021-07-01;1113;2299;216285;153481;53.0;37.6
24;2021-07-02;1082;2749;217367;156230;53.2;38.3
24;2021-07-03;807;1905;218174;158135;53.4;38.7
24;2021-07-04;410;1012;218584;159147;53.5;39.0
24;2021-07-05;783;2321;219367;161468;53.7;39.5
24;2021-07-06;877;3352;220244;164820;53.9;40.4
24;2021-07-07;1074;3039;221318;167859;54.2;41.1
24;2021-07-08;1332;2117;222650;169976;54.5;41.6
24;2021-07-09;1167;3219;223817;173195;54.8;42.4
24;2021-07-10;473;1956;224290;175151;54.9;42.9
24;2021-07-11;584;1189;224874;176340;55.1;43.2
24;2021-07-12;890;2517;225764;178857;55.3;43.8
24;2021-07-13;1311;3215;227075;182072;55.6;44.6
24;2021-07-14;613;1187;227688;183259;55.8;44.9
24;2021-07-15;1669;2777;229357;186036;56.2;45.6
24;2021-07-16;2126;2601;231483;188637;56.7;46.2
24;2021-07-17;1504;2231;232987;190868;57.0;46.7
24;2021-07-18;705;884;233692;191752;57.2;47.0
24;2021-07-19;1542;2174;235234;193926;57.6;47.5
25;2020-12-27;0;0;0;0;0.0;0.0
25;2020-12-28;0;0;0;0;0.0;0.0
25;2020-12-29;0;0;0;0;0.0;0.0
25;2020-12-30;0;0;0;0;0.0;0.0
25;2020-12-31;2;0;2;0;0.0;0.0
25;2021-01-01;0;0;2;0;0.0;0.0
25;2021-01-02;0;0;2;0;0.0;0.0
25;2021-01-03;0;0;2;0;0.0;0.0
25;2021-01-04;0;0;2;0;0.0;0.0
25;2021-01-05;1;0;3;0;0.0;0.0
25;2021-01-06;75;1;78;1;0.0;0.0
25;2021-01-07;235;1;313;2;0.1;0.0
25;2021-01-08;342;1;655;3;0.1;0.0
25;2021-01-09;103;0;758;3;0.1;0.0
25;2021-01-10;0;0;758;3;0.1;0.0
25;2021-01-11;498;2;1256;5;0.2;0.0
25;2021-01-12;674;2;1930;7;0.4;0.0
25;2021-01-13;626;0;2556;7;0.5;0.0
25;2021-01-14;894;15;3450;22;0.6;0.0
25;2021-01-15;782;6;4232;28;0.8;0.0
25;2021-01-16;206;1;4438;29;0.8;0.0
25;2021-01-17;112;0;4550;29;0.8;0.0
25;2021-01-18;1294;4;5844;33;1.1;0.0
25;2021-01-19;1411;4;7255;37;1.3;0.0
25;2021-01-20;1418;4;8673;41;1.6;0.0
25;2021-01-21;1788;1;10461;42;1.9;0.0
25;2021-01-22;1503;3;11964;45;2.2;0.0
25;2021-01-23;496;1;12460;46;2.3;0.0
25;2021-01-24;119;0;12579;46;2.3;0.0
25;2021-01-25;989;0;13568;46;2.5;0.0
25;2021-01-26;1486;42;15054;88;2.8;0.0
25;2021-01-27;1246;70;16300;158;3.0;0.0
25;2021-01-28;1089;75;17389;233;3.2;0.0
25;2021-01-29;905;229;18294;462;3.4;0.1
25;2021-01-30;293;92;18587;554;3.4;0.1
25;2021-01-31;2;0;18589;554;3.4;0.1
25;2021-02-01;611;221;19200;775;3.6;0.1
25;2021-02-02;675;414;19875;1189;3.7;0.2
25;2021-02-03;759;249;20634;1438;3.8;0.3
25;2021-02-04;716;447;21350;1885;4.0;0.3
25;2021-02-05;517;465;21867;2350;4.1;0.4
25;2021-02-06;198;157;22065;2507;4.1;0.5
25;2021-02-07;2;34;22067;2541;4.1;0.5
25;2021-02-08;612;507;22679;3048;4.2;0.6
25;2021-02-09;616;491;23295;3539;4.3;0.7
25;2021-02-10;817;482;24112;4021;4.5;0.7
25;2021-02-11;586;852;24698;4873;4.6;0.9
25;2021-02-12;413;550;25111;5423;4.7;1.0
25;2021-02-13;97;140;25208;5563;4.7;1.0
25;2021-02-14;0;0;25208;5563;4.7;1.0
25;2021-02-15;187;1040;25395;6603;4.7;1.2
25;2021-02-16;212;1450;25607;8053;4.7;1.5
25;2021-02-17;109;1344;25716;9397;4.8;1.7
25;2021-02-18;145;1436;25861;10833;4.8;2.0
25;2021-02-19;102;1271;25963;12104;4.8;2.2
25;2021-02-20;26;495;25989;12599;4.8;2.3
25;2021-02-21;1;143;25990;12742;4.8;2.4
25;2021-02-22;83;1067;26073;13809;4.8;2.6
25;2021-02-23;196;1080;26269;14889;4.9;2.8
25;2021-02-24;105;976;26374;15865;4.9;2.9
25;2021-02-25;522;1003;26896;16868;5.0;3.1
25;2021-02-26;606;1003;27502;17871;5.1;3.3
25;2021-02-27;227;374;27729;18245;5.1;3.4
25;2021-02-28;4;0;27733;18245;5.1;3.4
25;2021-03-01;444;620;28177;18865;5.2;3.5
25;2021-03-02;651;831;28828;19696;5.3;3.7
25;2021-03-03;541;728;29369;20424;5.4;3.8
25;2021-03-04;1153;645;30522;21069;5.7;3.9
25;2021-03-05;1852;361;32374;21430;6.0;4.0
25;2021-03-06;1168;217;33542;21647;6.2;4.0
25;2021-03-07;9;6;33551;21653;6.2;4.0
25;2021-03-08;547;703;34098;22356;6.3;4.1
25;2021-03-09;1038;764;35136;23120;6.5;4.3
25;2021-03-10;1149;636;36285;23756;6.7;4.4
25;2021-03-11;1657;564;37942;24320;7.0;4.5
25;2021-03-12;1995;423;39937;24743;7.4;4.6
25;2021-03-13;1112;85;41049;24828;7.6;4.6
25;2021-03-14;35;0;41084;24828;7.6;4.6
25;2021-03-15;1121;124;42205;24952;7.8;4.6
25;2021-03-16;1275;108;43480;25060;8.1;4.6
25;2021-03-17;1410;122;44890;25182;8.3;4.7
25;2021-03-18;1527;66;46417;25248;8.6;4.7
25;2021-03-19;1594;113;48011;25361;8.9;4.7
25;2021-03-20;821;24;48832;25385;9.1;4.7
25;2021-03-21;24;0;48856;25385;9.1;4.7
25;2021-03-22;1485;77;50341;25462;9.3;4.7
25;2021-03-23;2160;121;52501;25583;9.7;4.7
25;2021-03-24;2415;86;54916;25669;10.2;4.8
25;2021-03-25;2834;170;57750;25839;10.7;4.8
25;2021-03-26;3149;150;60899;25989;11.3;4.8
25;2021-03-27;1111;80;62010;26069;11.5;4.8
25;2021-03-28;121;62;62131;26131;11.5;4.8
25;2021-03-29;1786;272;63917;26403;11.8;4.9
25;2021-03-30;2210;382;66127;26785;12.3;5.0
25;2021-03-31;2217;335;68344;27120;12.7;5.0
25;2021-04-01;2450;510;70794;27630;13.1;5.1
25;2021-04-02;2026;574;72820;28204;13.5;5.2
25;2021-04-03;447;106;73267;28310;13.6;5.2
25;2021-04-04;39;21;73306;28331;13.6;5.3
25;2021-04-05;144;4;73450;28335;13.6;5.3
25;2021-04-06;1933;661;75383;28996;14.0;5.4
25;2021-04-07;1879;833;77262;29829;14.3;5.5
25;2021-04-08;2429;813;79691;30642;14.8;5.7
25;2021-04-09;2594;965;82285;31607;15.3;5.9
25;2021-04-10;977;286;83262;31893;15.4;5.9
25;2021-04-11;104;28;83366;31921;15.5;5.9
25;2021-04-12;1559;957;84925;32878;15.7;6.1
25;2021-04-13;1985;1296;86910;34174;16.1;6.3
25;2021-04-14;1750;1187;88660;35361;16.4;6.6
25;2021-04-15;1997;1318;90657;36679;16.8;6.8
25;2021-04-16;2084;984;92741;37663;17.2;7.0
25;2021-04-17;1103;411;93844;38074;17.4;7.1
25;2021-04-18;117;18;93961;38092;17.4;7.1
25;2021-04-19;1326;1249;95287;39341;17.7;7.3
25;2021-04-20;1612;1460;96899;40801;18.0;7.6
25;2021-04-21;1717;1619;98616;42420;18.3;7.9
25;2021-04-22;1855;1703;100471;44123;18.6;8.2
25;2021-04-23;1896;1748;102367;45871;19.0;8.5
25;2021-04-24;1279;702;103646;46573;19.2;8.6
25;2021-04-25;139;113;103785;46686;19.2;8.7
25;2021-04-26;1722;1673;105507;48359;19.6;9.0
25;2021-04-27;2798;1514;108305;49873;20.1;9.2
25;2021-04-28;2422;1541;110727;51414;20.5;9.5
25;2021-04-29;2648;1827;113375;53241;21.0;9.9
25;2021-04-30;3101;1573;116476;54814;21.6;10.2
25;2021-05-01;1788;321;118264;55135;21.9;10.2
25;2021-05-02;442;21;118706;55156;22.0;10.2
25;2021-05-03;2900;830;121606;55986;22.5;10.4
25;2021-05-04;2638;1885;124244;57871;23.0;10.7
25;2021-05-05;2591;1658;126835;59529;23.5;11.0
25;2021-05-06;2926;2157;129761;61686;24.1;11.4
25;2021-05-07;3063;2116;132824;63802;24.6;11.8
25;2021-05-08;1333;220;134157;64022;24.9;11.9
25;2021-05-09;244;87;134401;64109;24.9;11.9
25;2021-05-10;3130;1637;137531;65746;25.5;12.2
25;2021-05-11;3743;2034;141274;67780;26.2;12.6
25;2021-05-12;3684;1783;144958;69563;26.9;12.9
25;2021-05-13;3519;595;148477;70158;27.5;13.0
25;2021-05-14;4482;1301;152959;71459;28.4;13.2
25;2021-05-15;3276;701;156235;72160;29.0;13.4
25;2021-05-16;722;92;156957;72252;29.1;13.4
25;2021-05-17;4088;1082;161045;73334;29.9;13.6
25;2021-05-18;5204;1176;166249;74510;30.8;13.8
25;2021-05-19;5247;1119;171496;75629;31.8;14.0
25;2021-05-20;5129;1440;176625;77069;32.7;14.3
25;2021-05-21;5764;1965;182389;79034;33.8;14.7
25;2021-05-22;3176;720;185565;79754;34.4;14.8
25;2021-05-23;780;152;186345;79906;34.5;14.8
25;2021-05-24;1528;148;187873;80054;34.8;14.8
25;2021-05-25;3511;1637;191384;81691;35.5;15.1
25;2021-05-26;3974;1550;195358;83241;36.2;15.4
25;2021-05-27;4510;1887;199868;85128;37.1;15.8
25;2021-05-28;3987;2628;203855;87756;37.8;16.3
25;2021-05-29;2012;1017;205867;88773;38.2;16.5
25;2021-05-30;173;96;206040;88869;38.2;16.5
25;2021-05-31;2674;1709;208714;90578;38.7;16.8
25;2021-06-01;2729;2154;211443;92732;39.2;17.2
25;2021-06-02;2606;2243;214049;94975;39.7;17.6
25;2021-06-03;3274;2044;217323;97019;40.3;18.0
25;2021-06-04;3205;2400;220528;99419;40.9;18.4
25;2021-06-05;1487;1388;222015;100807;41.2;18.7
25;2021-06-06;985;252;223000;101059;41.3;18.7
25;2021-06-07;2781;2565;225781;103624;41.9;19.2
25;2021-06-08;2595;2757;228376;106381;42.3;19.7
25;2021-06-09;2369;2760;230745;109141;42.8;20.2
25;2021-06-10;2308;2649;233053;111790;43.2;20.7
25;2021-06-11;2703;3300;235756;115090;43.7;21.3
25;2021-06-12;1562;1857;237318;116947;44.0;21.7
25;2021-06-13;494;254;237812;117201;44.1;21.7
25;2021-06-14;1417;3760;239229;120961;44.3;22.4
25;2021-06-15;1633;3567;240862;124528;44.6;23.1
25;2021-06-16;1943;3258;242805;127786;45.0;23.7
25;2021-06-17;1467;3325;244272;131111;45.3;24.3
25;2021-06-18;2274;4291;246546;135402;45.7;25.1
25;2021-06-19;1342;1970;247888;137372;46.0;25.5
25;2021-06-20;56;239;247944;137611;46.0;25.5
25;2021-06-21;1130;4136;249074;141747;46.2;26.3
25;2021-06-22;1135;4678;250209;146425;46.4;27.1
25;2021-06-23;1383;4080;251592;150505;46.6;27.9
25;2021-06-24;1166;4084;252758;154589;46.9;28.7
25;2021-06-25;1627;5614;254385;160203;47.2;29.7
25;2021-06-26;623;3381;255008;163584;47.3;30.3
25;2021-06-27;449;875;255457;164459;47.4;30.5
25;2021-06-28;888;4476;256345;168935;47.5;31.3
25;2021-06-29;1112;5464;257457;174399;47.7;32.3
25;2021-06-30;1287;5365;258744;179764;48.0;33.3
25;2021-07-01;1670;5226;260414;184990;48.3;34.3
25;2021-07-02;1672;5049;262086;190039;48.6;35.2
25;2021-07-03;1026;2690;263112;192729;48.8;35.7
25;2021-07-04;408;721;263520;193450;48.8;35.9
25;2021-07-05;1269;2572;264789;196022;49.1;36.3
25;2021-07-06;1560;4743;266349;200765;49.4;37.2
25;2021-07-07;1561;4498;267910;205263;49.7;38.1
25;2021-07-08;1528;3924;269438;209187;49.9;38.8
25;2021-07-09;1722;4573;271160;213760;50.3;39.6
25;2021-07-10;777;2371;271937;216131;50.4;40.1
25;2021-07-11;123;305;272060;216436;50.4;40.1
25;2021-07-12;1385;3853;273445;220289;50.7;40.8
25;2021-07-13;2437;4755;275882;225044;51.1;41.7
25;2021-07-14;373;554;276255;225598;51.2;41.8
25;2021-07-15;2381;3649;278636;229247;51.7;42.5
25;2021-07-16;3453;3810;282089;233057;52.3;43.2
25;2021-07-17;2191;2004;284280;235061;52.7;43.6
25;2021-07-18;802;1287;285082;236348;52.8;43.8
25;2021-07-19;2507;4178;287589;240526;53.3;44.6
26;2020-12-27;0;0;0;0;0.0;0.0
26;2020-12-28;0;0;0;0;0.0;0.0
26;2020-12-29;0;0;0;0;0.0;0.0
26;2020-12-30;0;0;0;0;0.0;0.0
26;2020-12-31;0;0;0;0;0.0;0.0
26;2021-01-01;0;0;0;0;0.0;0.0
26;2021-01-02;0;0;0;0;0.0;0.0
26;2021-01-03;0;0;0;0;0.0;0.0
26;2021-01-04;0;0;0;0;0.0;0.0
26;2021-01-05;0;0;0;0;0.0;0.0
26;2021-01-06;0;0;0;0;0.0;0.0
26;2021-01-07;168;0;168;0;0.0;0.0
26;2021-01-08;125;0;293;0;0.1;0.0
26;2021-01-09;2;0;295;0;0.1;0.0
26;2021-01-10;0;0;295;0;0.1;0.0
26;2021-01-11;266;1;561;1;0.1;0.0
26;2021-01-12;175;1;736;2;0.1;0.0
26;2021-01-13;415;1;1151;3;0.2;0.0
26;2021-01-14;484;0;1635;3;0.3;0.0
26;2021-01-15;561;1;2196;4;0.4;0.0
26;2021-01-16;250;0;2446;4;0.5;0.0
26;2021-01-17;0;0;2446;4;0.5;0.0
26;2021-01-18;634;1;3080;5;0.6;0.0
26;2021-01-19;779;4;3859;9;0.7;0.0
26;2021-01-20;741;0;4600;9;0.9;0.0
26;2021-01-21;805;5;5405;14;1.0;0.0
26;2021-01-22;785;3;6190;17;1.2;0.0
26;2021-01-23;563;1;6753;18;1.3;0.0
26;2021-01-24;24;0;6777;18;1.3;0.0
26;2021-01-25;696;1;7473;19;1.4;0.0
26;2021-01-26;800;2;8273;21;1.6;0.0
26;2021-01-27;820;7;9093;28;1.7;0.0
26;2021-01-28;1328;171;10421;199;2.0;0.0
26;2021-01-29;970;64;11391;263;2.2;0.1
26;2021-01-30;605;5;11996;268;2.3;0.1
26;2021-01-31;24;0;12020;268;2.3;0.1
26;2021-02-01;704;189;12724;457;2.4;0.1
26;2021-02-02;1272;201;13996;658;2.7;0.1
26;2021-02-03;1227;255;15223;913;2.9;0.2
26;2021-02-04;984;450;16207;1363;3.1;0.3
26;2021-02-05;671;333;16878;1696;3.2;0.3
26;2021-02-06;402;239;17280;1935;3.3;0.4
26;2021-02-07;57;2;17337;1937;3.3;0.4
26;2021-02-08;545;412;17882;2349;3.4;0.5
26;2021-02-09;617;476;18499;2825;3.6;0.5
26;2021-02-10;664;336;19163;3161;3.7;0.6
26;2021-02-11;752;328;19915;3489;3.8;0.7
26;2021-02-12;589;451;20504;3940;3.9;0.8
26;2021-02-13;386;338;20890;4278;4.0;0.8
26;2021-02-14;36;0;20926;4278;4.0;0.8
26;2021-02-15;413;527;21339;4805;4.1;0.9
26;2021-02-16;293;560;21632;5365;4.2;1.0
26;2021-02-17;192;741;21824;6106;4.2;1.2
26;2021-02-18;337;897;22161;7003;4.3;1.3
26;2021-02-19;337;806;22498;7809;4.3;1.5
26;2021-02-20;95;490;22593;8299;4.3;1.6
26;2021-02-21;3;24;22596;8323;4.3;1.6
26;2021-02-22;142;720;22738;9043;4.4;1.7
26;2021-02-23;397;999;23135;10042;4.4;1.9
26;2021-02-24;341;1221;23476;11263;4.5;2.2
26;2021-02-25;723;1068;24199;12331;4.6;2.4
26;2021-02-26;920;633;25119;12964;4.8;2.5
26;2021-02-27;278;510;25397;13474;4.9;2.6
26;2021-02-28;3;30;25400;13504;4.9;2.6
26;2021-03-01;456;660;25856;14164;5.0;2.7
26;2021-03-02;740;631;26596;14795;5.1;2.8
26;2021-03-03;730;687;27326;15482;5.2;3.0
26;2021-03-04;1041;579;28367;16061;5.4;3.1
26;2021-03-05;1707;503;30074;16564;5.8;3.2
26;2021-03-06;2768;476;32842;17040;6.3;3.3
26;2021-03-07;2986;180;35828;17220;6.9;3.3
26;2021-03-08;908;647;36736;17867;7.1;3.4
26;2021-03-09;1321;541;38057;18408;7.3;3.5
26;2021-03-10;1210;505;39267;18913;7.5;3.6
26;2021-03-11;1607;640;40874;19553;7.9;3.8
26;2021-03-12;2216;456;43090;20009;8.3;3.8
26;2021-03-13;1884;325;44974;20334;8.6;3.9
26;2021-03-14;68;36;45042;20370;8.7;3.9
26;2021-03-15;1648;241;46690;20611;9.0;4.0
26;2021-03-16;1232;502;47922;21113;9.2;4.1
26;2021-03-17;1363;295;49285;21408;9.5;4.1
26;2021-03-18;1585;279;50870;21687;9.8;4.2
26;2021-03-19;2440;329;53310;22016;10.2;4.2
26;2021-03-20;1289;138;54599;22154;10.5;4.3
26;2021-03-21;60;20;54659;22174;10.5;4.3
26;2021-03-22;1844;188;56503;22362;10.9;4.3
26;2021-03-23;2474;253;58977;22615;11.3;4.3
26;2021-03-24;2550;234;61527;22849;11.8;4.4
26;2021-03-25;3039;320;64566;23169;12.4;4.5
26;2021-03-26;3043;333;67609;23502;13.0;4.5
26;2021-03-27;1240;148;68849;23650;13.2;4.5
26;2021-03-28;92;6;68941;23656;13.2;4.5
26;2021-03-29;1902;398;70843;24054;13.6;4.6
26;2021-03-30;2381;536;73224;24590;14.1;4.7
26;2021-03-31;2226;567;75450;25157;14.5;4.8
26;2021-04-01;2270;764;77720;25921;14.9;5.0
26;2021-04-02;2212;967;79932;26888;15.4;5.2
26;2021-04-03;552;1204;80484;28092;15.5;5.4
26;2021-04-04;214;888;80698;28980;15.5;5.6
26;2021-04-05;552;53;81250;29033;15.6;5.6
26;2021-04-06;1486;829;82736;29862;15.9;5.7
26;2021-04-07;1791;896;84527;30758;16.2;5.9
26;2021-04-08;2994;915;87521;31673;16.8;6.1
26;2021-04-09;3411;976;90932;32649;17.5;6.3
26;2021-04-10;1354;911;92286;33560;17.7;6.4
26;2021-04-11;89;35;92375;33595;17.7;6.5
26;2021-04-12;1711;1116;94086;34711;18.1;6.7
26;2021-04-13;2792;1438;96878;36149;18.6;6.9
26;2021-04-14;2205;1453;99083;37602;19.0;7.2
26;2021-04-15;2270;1567;101353;39169;19.5;7.5
26;2021-04-16;2269;1575;103622;40744;19.9;7.8
26;2021-04-17;1097;838;104719;41582;20.1;8.0
26;2021-04-18;34;52;104753;41634;20.1;8.0
26;2021-04-19;1546;1569;106299;43203;20.4;8.3
26;2021-04-20;1798;1722;108097;44925;20.8;8.6
26;2021-04-21;2011;1499;110108;46424;21.2;8.9
26;2021-04-22;2285;1593;112393;48017;21.6;9.2
26;2021-04-23;2007;1619;114400;49636;22.0;9.5
26;2021-04-24;1651;841;116051;50477;22.3;9.7
26;2021-04-25;626;90;116677;50567;22.4;9.7
26;2021-04-26;1377;1601;118054;52168;22.7;10.0
26;2021-04-27;1985;1683;120039;53851;23.1;10.3
26;2021-04-28;1867;1533;121906;55384;23.4;10.6
26;2021-04-29;2867;1867;124773;57251;24.0;11.0
26;2021-04-30;2620;1752;127393;59003;24.5;11.3
26;2021-05-01;1537;378;128930;59381;24.8;11.4
26;2021-05-02;1087;114;130017;59495;25.0;11.4
26;2021-05-03;2201;1782;132218;61277;25.4;11.8
26;2021-05-04;2611;2347;134829;63624;25.9;12.2
26;2021-05-05;2772;2190;137601;65814;26.4;12.6
26;2021-05-06;3318;2206;140919;68020;27.1;13.1
26;2021-05-07;2849;2254;143768;70274;27.6;13.5
26;2021-05-08;1951;625;145719;70899;28.0;13.6
26;2021-05-09;710;123;146429;71022;28.1;13.6
26;2021-05-10;3017;1821;149446;72843;28.7;14.0
26;2021-05-11;4443;2187;153889;75030;29.6;14.4
26;2021-05-12;4826;1680;158715;76710;30.5;14.7
26;2021-05-13;4364;600;163079;77310;31.3;14.9
26;2021-05-14;4639;1543;167718;78853;32.2;15.1
26;2021-05-15;4469;629;172187;79482;33.1;15.3
26;2021-05-16;3630;340;175817;79822;33.8;15.3
26;2021-05-17;3657;1479;179474;81301;34.5;15.6
26;2021-05-18;4472;1738;183946;83039;35.3;16.0
26;2021-05-19;4481;1440;188427;84479;36.2;16.2
26;2021-05-20;4680;1743;193107;86222;37.1;16.6
26;2021-05-21;4726;1796;197833;88018;38.0;16.9
26;2021-05-22;3188;688;201021;88706;38.6;17.0
26;2021-05-23;1597;183;202618;88889;38.9;17.1
26;2021-05-24;3786;743;206404;89632;39.7;17.2
26;2021-05-25;3591;2335;209995;91967;40.3;17.7
26;2021-05-26;4178;2256;214173;94223;41.1;18.1
26;2021-05-27;4216;2461;218389;96684;42.0;18.6
26;2021-05-28;3771;2759;222160;99443;42.7;19.1
26;2021-05-29;3085;1641;225245;101084;43.3;19.4
26;2021-05-30;322;71;225567;101155;43.3;19.4
26;2021-05-31;3081;1854;228648;103009;43.9;19.8
26;2021-06-01;3096;2304;231744;105313;44.5;20.2
26;2021-06-02;2867;2210;234611;107523;45.1;20.7
26;2021-06-03;2849;2487;237460;110010;45.6;21.1
26;2021-06-04;2655;2899;240115;112909;46.1;21.7
26;2021-06-05;1800;1692;241915;114601;46.5;22.0
26;2021-06-06;5;0;241920;114601;46.5;22.0
26;2021-06-07;2345;2425;244265;117026;46.9;22.5
26;2021-06-08;2449;2289;246714;119315;47.4;22.9
26;2021-06-09;2088;2381;248802;121696;47.8;23.4
26;2021-06-10;1971;2758;250773;124454;48.2;23.9
26;2021-06-11;1888;3273;252661;127727;48.5;24.5
26;2021-06-12;1213;1789;253874;129516;48.8;24.9
26;2021-06-13;96;215;253970;129731;48.8;24.9
26;2021-06-14;1413;3496;255383;133227;49.1;25.6
26;2021-06-15;1571;3964;256954;137191;49.4;26.4
26;2021-06-16;1779;3457;258733;140648;49.7;27.0
26;2021-06-17;1506;3172;260239;143820;50.0;27.6
26;2021-06-18;1795;4367;262034;148187;50.3;28.5
26;2021-06-19;933;3180;262967;151367;50.5;29.1
26;2021-06-20;263;875;263230;152242;50.6;29.2
26;2021-06-21;1005;4556;264235;156798;50.8;30.1
26;2021-06-22;1059;5134;265294;161932;51.0;31.1
26;2021-06-23;1161;5081;266455;167013;51.2;32.1
26;2021-06-24;1253;4544;267708;171557;51.4;33.0
26;2021-06-25;1014;5550;268722;177107;51.6;34.0
26;2021-06-26;659;3823;269381;180930;51.7;34.8
26;2021-06-27;300;1273;269681;182203;51.8;35.0
26;2021-06-28;774;4759;270455;186962;52.0;35.9
26;2021-06-29;1093;4963;271548;191925;52.2;36.9
26;2021-06-30;1402;4883;272950;196808;52.4;37.8
26;2021-07-01;1624;4398;274574;201206;52.7;38.7
26;2021-07-02;1318;5167;275892;206373;53.0;39.6
26;2021-07-03;762;3331;276654;209704;53.1;40.3
26;2021-07-04;329;631;276983;210335;53.2;40.4
26;2021-07-05;878;4676;277861;215011;53.4;41.3
26;2021-07-06;1264;4212;279125;219223;53.6;42.1
26;2021-07-07;1405;3800;280530;223023;53.9;42.8
26;2021-07-08;2352;3325;282882;226348;54.3;43.5
26;2021-07-09;1552;4786;284434;231134;54.6;44.4
26;2021-07-10;904;2917;285338;234051;54.8;45.0
26;2021-07-11;327;345;285665;234396;54.9;45.0
26;2021-07-12;1107;4220;286772;238616;55.1;45.8
26;2021-07-13;2302;4338;289074;242954;55.5;46.7
26;2021-07-14;1055;811;290129;243765;55.7;46.8
26;2021-07-15;3152;3637;293281;247402;56.3;47.5
26;2021-07-16;2940;3679;296221;251081;56.9;48.2
26;2021-07-17;1867;1789;298088;252870;57.3;48.6
26;2021-07-18;17;24;298105;252894;57.3;48.6
26;2021-07-19;2701;3242;300806;256136;57.8;49.2
27;2020-12-27;0;0;0;0;0.0;0.0
27;2020-12-28;0;0;0;0;0.0;0.0
27;2020-12-29;1;0;1;0;0.0;0.0
27;2020-12-30;0;0;1;0;0.0;0.0
27;2020-12-31;0;0;1;0;0.0;0.0
27;2021-01-01;0;0;1;0;0.0;0.0
27;2021-01-02;0;0;1;0;0.0;0.0
27;2021-01-03;1;0;2;0;0.0;0.0
27;2021-01-04;0;0;2;0;0.0;0.0
27;2021-01-05;15;0;17;0;0.0;0.0
27;2021-01-06;161;0;178;0;0.0;0.0
27;2021-01-07;369;0;547;0;0.1;0.0
27;2021-01-08;441;0;988;0;0.2;0.0
27;2021-01-09;72;1;1060;1;0.2;0.0
27;2021-01-10;101;0;1161;1;0.2;0.0
27;2021-01-11;382;0;1543;1;0.3;0.0
27;2021-01-12;409;1;1952;2;0.3;0.0
27;2021-01-13;839;1;2791;3;0.5;0.0
27;2021-01-14;1601;25;4392;28;0.7;0.0
27;2021-01-15;1220;4;5612;32;0.9;0.0
27;2021-01-16;332;2;5944;34;1.0;0.0
27;2021-01-17;204;0;6148;34;1.0;0.0
27;2021-01-18;798;2;6946;36;1.2;0.0
27;2021-01-19;772;2;7718;38;1.3;0.0
27;2021-01-20;870;0;8588;38;1.4;0.0
27;2021-01-21;654;1;9242;39;1.5;0.0
27;2021-01-22;776;3;10018;42;1.7;0.0
27;2021-01-23;350;0;10368;42;1.7;0.0
27;2021-01-24;169;8;10537;50;1.8;0.0
27;2021-01-25;634;16;11171;66;1.9;0.0
27;2021-01-26;460;17;11631;83;1.9;0.0
27;2021-01-27;505;104;12136;187;2.0;0.0
27;2021-01-28;516;298;12652;485;2.1;0.1
27;2021-01-29;507;109;13159;594;2.2;0.1
27;2021-01-30;241;31;13400;625;2.2;0.1
27;2021-01-31;27;24;13427;649;2.2;0.1
27;2021-02-01;347;196;13774;845;2.3;0.1
27;2021-02-02;307;284;14081;1129;2.3;0.2
27;2021-02-03;488;405;14569;1534;2.4;0.3
27;2021-02-04;717;889;15286;2423;2.5;0.4
27;2021-02-05;661;1156;15947;3579;2.7;0.6
27;2021-02-06;125;224;16072;3803;2.7;0.6
27;2021-02-07;25;42;16097;3845;2.7;0.6
27;2021-02-08;310;378;16407;4223;2.7;0.7
27;2021-02-09;339;562;16746;4785;2.8;0.8
27;2021-02-10;302;528;17048;5313;2.8;0.9
27;2021-02-11;318;459;17366;5772;2.9;1.0
27;2021-02-12;229;547;17595;6319;2.9;1.1
27;2021-02-13;152;134;17747;6453;3.0;1.1
27;2021-02-14;6;96;17753;6549;3.0;1.1
27;2021-02-15;388;599;18141;7148;3.0;1.2
27;2021-02-16;295;732;18436;7880;3.1;1.3
27;2021-02-17;247;640;18683;8520;3.1;1.4
27;2021-02-18;362;684;19045;9204;3.2;1.5
27;2021-02-19;218;684;19263;9888;3.2;1.6
27;2021-02-20;129;251;19392;10139;3.2;1.7
27;2021-02-21;12;140;19404;10279;3.2;1.7
27;2021-02-22;483;565;19887;10844;3.3;1.8
27;2021-02-23;496;629;20383;11473;3.4;1.9
27;2021-02-24;542;652;20925;12125;3.5;2.0
27;2021-02-25;842;754;21767;12879;3.6;2.1
27;2021-02-26;954;686;22721;13565;3.8;2.3
27;2021-02-27;406;158;23127;13723;3.9;2.3
27;2021-02-28;171;30;23298;13753;3.9;2.3
27;2021-03-01;484;444;23782;14197;4.0;2.4
27;2021-03-02;763;360;24545;14557;4.1;2.4
27;2021-03-03;851;365;25396;14922;4.2;2.5
27;2021-03-04;883;233;26279;15155;4.4;2.5
27;2021-03-05;1303;230;27582;15385;4.6;2.6
27;2021-03-06;1635;92;29217;15477;4.9;2.6
27;2021-03-07;620;7;29837;15484;5.0;2.6
27;2021-03-08;1205;303;31042;15787;5.2;2.6
27;2021-03-09;1822;261;32864;16048;5.5;2.7
27;2021-03-10;2113;331;34977;16379;5.8;2.7
27;2021-03-11;2142;210;37119;16589;6.2;2.8
27;2021-03-12;2818;171;39937;16760;6.6;2.8
27;2021-03-13;1918;105;41855;16865;7.0;2.8
27;2021-03-14;655;9;42510;16874;7.1;2.8
27;2021-03-15;1549;202;44059;17076;7.3;2.8
27;2021-03-16;1484;229;45543;17305;7.6;2.9
27;2021-03-17;1849;288;47392;17593;7.9;2.9
27;2021-03-18;1683;334;49075;17927;8.2;3.0
27;2021-03-19;1830;165;50905;18092;8.5;3.0
27;2021-03-20;897;37;51802;18129;8.6;3.0
27;2021-03-21;256;2;52058;18131;8.7;3.0
27;2021-03-22;1233;541;53291;18672;8.9;3.1
27;2021-03-23;1626;460;54917;19132;9.1;3.2
27;2021-03-24;1520;467;56437;19599;9.4;3.3
27;2021-03-25;2159;498;58596;20097;9.8;3.3
27;2021-03-26;2527;431;61123;20528;10.2;3.4
27;2021-03-27;1567;195;62690;20723;10.4;3.4
27;2021-03-28;1149;48;63839;20771;10.6;3.5
27;2021-03-29;1375;822;65214;21593;10.9;3.6
27;2021-03-30;1390;844;66604;22437;11.1;3.7
27;2021-03-31;1488;874;68092;23311;11.3;3.9
27;2021-04-01;1956;804;70048;24115;11.7;4.0
27;2021-04-02;1999;1178;72047;25293;12.0;4.2
27;2021-04-03;1559;735;73606;26028;12.3;4.3
27;2021-04-04;977;169;74583;26197;12.4;4.4
27;2021-04-05;282;6;74865;26203;12.5;4.4
27;2021-04-06;1412;1791;76277;27994;12.7;4.7
27;2021-04-07;1320;1739;77597;29733;12.9;4.9
27;2021-04-08;1682;1665;79279;31398;13.2;5.2
27;2021-04-09;2946;1540;82225;32938;13.7;5.5
27;2021-04-10;2035;977;84260;33915;14.0;5.6
27;2021-04-11;946;208;85206;34123;14.2;5.7
27;2021-04-12;2433;1497;87639;35620;14.6;5.9
27;2021-04-13;2390;1537;90029;37157;15.0;6.2
27;2021-04-14;2084;1615;92113;38772;15.3;6.5
27;2021-04-15;1878;1647;93991;40419;15.6;6.7
27;2021-04-16;2751;1104;96742;41523;16.1;6.9
27;2021-04-17;2170;471;98912;41994;16.5;7.0
27;2021-04-18;452;16;99364;42010;16.5;7.0
27;2021-04-19;1710;1165;101074;43175;16.8;7.2
27;2021-04-20;2384;1293;103458;44468;17.2;7.4
27;2021-04-21;2209;1073;105667;45541;17.6;7.6
27;2021-04-22;2180;1407;107847;46948;18.0;7.8
27;2021-04-23;2445;1162;110292;48110;18.4;8.0
27;2021-04-24;3256;1128;113548;49238;18.9;8.2
27;2021-04-25;1128;1038;114676;50276;19.1;8.4
27;2021-04-26;1917;1131;116593;51407;19.4;8.6
27;2021-04-27;2523;1076;119116;52483;19.8;8.7
27;2021-04-28;2390;1308;121506;53791;20.2;9.0
27;2021-04-29;2492;1463;123998;55254;20.6;9.2
27;2021-04-30;2370;1602;126368;56856;21.0;9.5
27;2021-05-01;2638;880;129006;57736;21.5;9.6
27;2021-05-02;1952;882;130958;58618;21.8;9.8
27;2021-05-03;3064;867;134022;59485;22.3;9.9
27;2021-05-04;2781;1634;136803;61119;22.8;10.2
27;2021-05-05;2816;1642;139619;62761;23.2;10.4
27;2021-05-06;3184;1287;142803;64048;23.8;10.7
27;2021-05-07;3321;1997;146124;66045;24.3;11.0
27;2021-05-08;2786;1317;148910;67362;24.8;11.2
27;2021-05-09;1697;295;150607;67657;25.1;11.3
27;2021-05-10;2950;2265;153557;69922;25.6;11.6
27;2021-05-11;3354;1750;156911;71672;26.1;11.9
27;2021-05-12;3457;1720;160368;73392;26.7;12.2
27;2021-05-13;1890;247;162258;73639;27.0;12.3
27;2021-05-14;3875;1780;166133;75419;27.7;12.6
27;2021-05-15;6599;944;172732;76363;28.8;12.7
27;2021-05-16;3668;431;176400;76794;29.4;12.8
27;2021-05-17;2770;1154;179170;77948;29.8;13.0
27;2021-05-18;3845;1282;183015;79230;30.5;13.2
27;2021-05-19;3966;1144;186981;80374;31.1;13.4
27;2021-05-20;3875;1160;190856;81534;31.8;13.6
27;2021-05-21;3961;1792;194817;83326;32.4;13.9
27;2021-05-22;4360;783;199177;84109;33.2;14.0
27;2021-05-23;800;173;199977;84282;33.3;14.0
27;2021-05-24;1490;337;201467;84619;33.5;14.1
27;2021-05-25;3513;1600;204980;86219;34.1;14.4
27;2021-05-26;3848;1731;208828;87950;34.8;14.6
27;2021-05-27;3784;1485;212612;89435;35.4;14.9
27;2021-05-28;3394;2619;216006;92054;36.0;15.3
27;2021-05-29;4822;2292;220828;94346;36.8;15.7
27;2021-05-30;1118;247;221946;94593;36.9;15.7
27;2021-05-31;3465;2271;225411;96864;37.5;16.1
27;2021-06-01;3813;2243;229224;99107;38.2;16.5
27;2021-06-02;3334;2179;232558;101286;38.7;16.9
27;2021-06-03;4431;2122;236989;103408;39.5;17.2
27;2021-06-04;3599;2966;240588;106374;40.1;17.7
27;2021-06-05;3209;3342;243797;109716;40.6;18.3
27;2021-06-06;2004;1011;245801;110727;40.9;18.4
27;2021-06-07;2559;2353;248360;113080;41.3;18.8
27;2021-06-08;3110;2364;251470;115444;41.9;19.2
27;2021-06-09;2300;2472;253770;117916;42.2;19.6
27;2021-06-10;2427;2033;256197;119949;42.7;20.0
27;2021-06-11;2883;3767;259080;123716;43.1;20.6
27;2021-06-12;1980;4188;261060;127904;43.5;21.3
27;2021-06-13;1080;2686;262140;130590;43.6;21.7
27;2021-06-14;1989;3110;264129;133700;44.0;22.3
27;2021-06-15;2682;3019;266811;136719;44.4;22.8
27;2021-06-16;2498;3257;269309;139976;44.8;23.3
27;2021-06-17;2290;3285;271599;143261;45.2;23.8
27;2021-06-18;2732;4418;274331;147679;45.7;24.6
27;2021-06-19;1856;3386;276187;151065;46.0;25.1
27;2021-06-20;608;713;276795;151778;46.1;25.3
27;2021-06-21;1694;3492;278489;155270;46.4;25.8
27;2021-06-22;2376;3730;280865;159000;46.8;26.5
27;2021-06-23;2065;3564;282930;162564;47.1;27.1
27;2021-06-24;2249;3425;285179;165989;47.5;27.6
27;2021-06-25;1921;4459;287100;170448;47.8;28.4
27;2021-06-26;880;5356;287980;175804;47.9;29.3
27;2021-06-27;376;1426;288356;177230;48.0;29.5
27;2021-06-28;1126;3407;289482;180637;48.2;30.1
27;2021-06-29;1686;4368;291168;185005;48.5;30.8
27;2021-06-30;2094;4093;293262;189098;48.8;31.5
27;2021-07-01;2209;3897;295471;192995;49.2;32.1
27;2021-07-02;1571;4618;297042;197613;49.5;32.9
27;2021-07-03;1269;4739;298311;202352;49.7;33.7
27;2021-07-04;504;1404;298815;203756;49.7;33.9
27;2021-07-05;1416;3527;300231;207283;50.0;34.5
27;2021-07-06;1363;4177;301594;211460;50.2;35.2
27;2021-07-07;1750;4893;303344;216353;50.5;36.0
27;2021-07-08;2066;4327;305410;220680;50.8;36.7
27;2021-07-09;1981;5280;307391;225960;51.2;37.6
27;2021-07-10;1163;4169;308554;230129;51.4;38.3
27;2021-07-11;424;1141;308978;231270;51.4;38.5
27;2021-07-12;1238;4371;310216;235641;51.6;39.2
27;2021-07-13;2756;5350;312972;240991;52.1;40.1
27;2021-07-14;1513;1743;314485;242734;52.4;40.4
27;2021-07-15;3027;5456;317512;248190;52.9;41.3
27;2021-07-16;3790;5271;321302;253461;53.5;42.2
27;2021-07-17;2718;3863;324020;257324;53.9;42.8
27;2021-07-18;549;1259;324569;258583;54.0;43.0
27;2021-07-19;3675;3778;328244;262361;54.6;43.7
28;2020-12-27;0;0;0;0;0.0;0.0
28;2020-12-28;0;0;0;0;0.0;0.0
28;2020-12-29;0;0;0;0;0.0;0.0
28;2020-12-30;0;0;0;0;0.0;0.0
28;2020-12-31;0;0;0;0;0.0;0.0
28;2021-01-01;1;0;1;0;0.0;0.0
28;2021-01-02;0;0;1;0;0.0;0.0
28;2021-01-03;0;0;1;0;0.0;0.0
28;2021-01-04;0;0;1;0;0.0;0.0
28;2021-01-05;5;0;6;0;0.0;0.0
28;2021-01-06;84;0;90;0;0.0;0.0
28;2021-01-07;102;0;192;0;0.0;0.0
28;2021-01-08;134;2;326;2;0.1;0.0
28;2021-01-09;78;0;404;2;0.1;0.0
28;2021-01-10;1;0;405;2;0.1;0.0
28;2021-01-11;204;0;609;2;0.1;0.0
28;2021-01-12;265;2;874;4;0.2;0.0
28;2021-01-13;398;2;1272;6;0.3;0.0
28;2021-01-14;446;5;1718;11;0.4;0.0
28;2021-01-15;374;2;2092;13;0.5;0.0
28;2021-01-16;206;2;2298;15;0.5;0.0
28;2021-01-17;21;0;2319;15;0.5;0.0
28;2021-01-18;372;2;2691;17;0.6;0.0
28;2021-01-19;503;2;3194;19;0.7;0.0
28;2021-01-20;636;1;3830;20;0.9;0.0
28;2021-01-21;797;2;4627;22;1.1;0.0
28;2021-01-22;476;1;5103;23;1.2;0.0
28;2021-01-23;352;0;5455;23;1.3;0.0
28;2021-01-24;1;0;5456;23;1.3;0.0
28;2021-01-25;455;2;5911;25;1.4;0.0
28;2021-01-26;717;4;6628;29;1.5;0.0
28;2021-01-27;1209;46;7837;75;1.8;0.0
28;2021-01-28;1585;90;9422;165;2.2;0.0
28;2021-01-29;896;96;10318;261;2.4;0.1
28;2021-01-30;248;53;10566;314;2.5;0.1
28;2021-01-31;3;22;10569;336;2.5;0.1
28;2021-02-01;324;124;10893;460;2.5;0.1
28;2021-02-02;368;239;11261;699;2.6;0.2
28;2021-02-03;472;259;11733;958;2.7;0.2
28;2021-02-04;526;278;12259;1236;2.9;0.3
28;2021-02-05;435;224;12694;1460;3.0;0.3
28;2021-02-06;197;128;12891;1588;3.0;0.4
28;2021-02-07;0;0;12891;1588;3.0;0.4
28;2021-02-08;330;249;13221;1837;3.1;0.4
28;2021-02-09;280;347;13501;2184;3.1;0.5
28;2021-02-10;438;403;13939;2587;3.2;0.6
28;2021-02-11;563;490;14502;3077;3.4;0.7
28;2021-02-12;452;435;14954;3512;3.5;0.8
28;2021-02-13;181;192;15135;3704;3.5;0.9
28;2021-02-14;0;2;15135;3706;3.5;0.9
28;2021-02-15;279;476;15414;4182;3.6;1.0
28;2021-02-16;395;711;15809;4893;3.7;1.1
28;2021-02-17;581;1109;16390;6002;3.8;1.4
28;2021-02-18;663;1401;17053;7403;4.0;1.7
28;2021-02-19;544;765;17597;8168;4.1;1.9
28;2021-02-20;114;145;17711;8313;4.1;1.9
28;2021-02-21;7;33;17718;8346;4.1;1.9
28;2021-02-22;223;522;17941;8868;4.2;2.1
28;2021-02-23;202;378;18143;9246;4.2;2.2
28;2021-02-24;244;479;18387;9725;4.3;2.3
28;2021-02-25;572;449;18959;10174;4.4;2.4
28;2021-02-26;762;373;19721;10547;4.6;2.5
28;2021-02-27;264;84;19985;10631;4.7;2.5
28;2021-02-28;23;17;20008;10648;4.7;2.5
28;2021-03-01;287;212;20295;10860;4.7;2.5
28;2021-03-02;395;277;20690;11137;4.8;2.6
28;2021-03-03;368;401;21058;11538;4.9;2.7
28;2021-03-04;718;487;21776;12025;5.1;2.8
28;2021-03-05;1320;414;23096;12439;5.4;2.9
28;2021-03-06;1996;78;25092;12517;5.8;2.9
28;2021-03-07;972;20;26064;12537;6.1;2.9
28;2021-03-08;397;307;26461;12844;6.2;3.0
28;2021-03-09;980;349;27441;13193;6.4;3.1
28;2021-03-10;1355;539;28796;13732;6.7;3.2
28;2021-03-11;1529;692;30325;14424;7.1;3.4
28;2021-03-12;2257;624;32582;15048;7.6;3.5
28;2021-03-13;1233;130;33815;15178;7.9;3.5
28;2021-03-14;518;16;34333;15194;8.0;3.5
28;2021-03-15;755;227;35088;15421;8.2;3.6
28;2021-03-16;714;220;35802;15641;8.3;3.6
28;2021-03-17;747;283;36549;15924;8.5;3.7
28;2021-03-18;1195;276;37744;16200;8.8;3.8
28;2021-03-19;1559;321;39303;16521;9.2;3.8
28;2021-03-20;639;18;39942;16539;9.3;3.9
28;2021-03-21;27;6;39969;16545;9.3;3.9
28;2021-03-22;766;320;40735;16865;9.5;3.9
28;2021-03-23;1024;185;41759;17050;9.7;4.0
28;2021-03-24;1312;274;43071;17324;10.0;4.0
28;2021-03-25;1786;279;44857;17603;10.4;4.1
28;2021-03-26;2081;336;46938;17939;10.9;4.2
28;2021-03-27;403;37;47341;17976;11.0;4.2
28;2021-03-28;10;0;47351;17976;11.0;4.2
28;2021-03-29;1138;343;48489;18319;11.3;4.3
28;2021-03-30;1713;236;50202;18555;11.7;4.3
28;2021-03-31;2012;456;52214;19011;12.2;4.4
28;2021-04-01;1786;576;54000;19587;12.6;4.6
28;2021-04-02;1584;1314;55584;20901;12.9;4.9
28;2021-04-03;608;1073;56192;21974;13.1;5.1
28;2021-04-04;33;302;56225;22276;13.1;5.2
28;2021-04-05;40;3;56265;22279;13.1;5.2
28;2021-04-06;1227;455;57492;22734;13.4;5.3
28;2021-04-07;1890;997;59382;23731;13.8;5.5
28;2021-04-08;2073;1055;61455;24786;14.3;5.8
28;2021-04-09;3232;906;64687;25692;15.1;6.0
28;2021-04-10;1582;190;66269;25882;15.4;6.0
28;2021-04-11;139;452;66408;26334;15.5;6.1
28;2021-04-12;1674;548;68082;26882;15.9;6.3
28;2021-04-13;1874;660;69956;27542;16.3;6.4
28;2021-04-14;2771;892;72727;28434;16.9;6.6
28;2021-04-15;2543;1131;75270;29565;17.5;6.9
28;2021-04-16;2551;786;77821;30351;18.1;7.1
28;2021-04-17;2306;125;80127;30476;18.7;7.1
28;2021-04-18;45;8;80172;30484;18.7;7.1
28;2021-04-19;1576;644;81748;31128;19.0;7.2
28;2021-04-20;1840;584;83588;31712;19.5;7.4
28;2021-04-21;2676;953;86264;32665;20.1;7.6
28;2021-04-22;1782;1200;88046;33865;20.5;7.9
28;2021-04-23;2317;1095;90363;34960;21.0;8.1
28;2021-04-24;3648;114;94011;35074;21.9;8.2
28;2021-04-25;1011;22;95022;35096;22.1;8.2
28;2021-04-26;1330;918;96352;36014;22.4;8.4
28;2021-04-27;1436;1264;97788;37278;22.8;8.7
28;2021-04-28;2370;1808;100158;39086;23.3;9.1
28;2021-04-29;2130;1471;102288;40557;23.8;9.4
28;2021-04-30;2969;1195;105257;41752;24.5;9.7
28;2021-05-01;127;120;105384;41872;24.5;9.8
28;2021-05-02;2;65;105386;41937;24.5;9.8
28;2021-05-03;1045;1014;106431;42951;24.8;10.0
28;2021-05-04;1362;1665;107793;44616;25.1;10.4
28;2021-05-05;2829;1642;110622;46258;25.8;10.8
28;2021-05-06;2457;1468;113079;47726;26.3;11.1
28;2021-05-07;2311;1934;115390;49660;26.9;11.6
28;2021-05-08;1077;111;116467;49771;27.1;11.6
28;2021-05-09;103;610;116570;50381;27.1;11.7
28;2021-05-10;1305;1889;117875;52270;27.4;12.2
28;2021-05-11;2030;2345;119905;54615;27.9;12.7
28;2021-05-12;2620;3226;122525;57841;28.5;13.5
28;2021-05-13;289;449;122814;58290;28.6;13.6
28;2021-05-14;1898;1612;124712;59902;29.0;13.9
28;2021-05-15;1436;1675;126148;61577;29.4;14.3
28;2021-05-16;1983;126;128131;61703;29.8;14.4
28;2021-05-17;2875;1493;131006;63196;30.5;14.7
28;2021-05-18;3376;1376;134382;64572;31.3;15.0
28;2021-05-19;5073;1279;139455;65851;32.5;15.3
28;2021-05-20;4147;1227;143602;67078;33.4;15.6
28;2021-05-21;3463;1571;147065;68649;34.2;16.0
28;2021-05-22;726;1161;147791;69810;34.4;16.3
28;2021-05-23;1955;134;149746;69944;34.9;16.3
28;2021-05-24;1427;394;151173;70338;35.2;16.4
28;2021-05-25;1875;1407;153048;71745;35.6;16.7
28;2021-05-26;2767;1339;155815;73084;36.3;17.0
28;2021-05-27;2755;1227;158570;74311;36.9;17.3
28;2021-05-28;3083;1734;161653;76045;37.6;17.7
28;2021-05-29;1866;869;163519;76914;38.1;17.9
28;2021-05-30;16;47;163535;76961;38.1;17.9
28;2021-05-31;2012;936;165547;77897;38.6;18.1
28;2021-06-01;2132;1663;167679;79560;39.0;18.5
28;2021-06-02;2070;2455;169749;82015;39.5;19.1
28;2021-06-03;2496;1563;172245;83578;40.1;19.5
28;2021-06-04;2607;2340;174852;85918;40.7;20.0
28;2021-06-05;1911;2525;176763;88443;41.2;20.6
28;2021-06-06;1060;1041;177823;89484;41.4;20.8
28;2021-06-07;3572;1570;181395;91054;42.2;21.2
28;2021-06-08;3174;1514;184569;92568;43.0;21.6
28;2021-06-09;3670;2120;188239;94688;43.8;22.0
28;2021-06-10;3134;1267;191373;95955;44.6;22.3
28;2021-06-11;3786;2129;195159;98084;45.4;22.8
28;2021-06-12;1300;558;196459;98642;45.7;23.0
28;2021-06-13;385;107;196844;98749;45.8;23.0
28;2021-06-14;2199;1995;199043;100744;46.4;23.5
28;2021-06-15;2085;2221;201128;102965;46.8;24.0
28;2021-06-16;2496;3974;203624;106939;47.4;24.9
28;2021-06-17;1906;3129;205530;110068;47.9;25.6
28;2021-06-18;2451;3780;207981;113848;48.4;26.5
28;2021-06-19;774;1612;208755;115460;48.6;26.9
28;2021-06-20;19;21;208774;115481;48.6;26.9
28;2021-06-21;1682;1984;210456;117465;49.0;27.4
28;2021-06-22;1362;2111;211818;119576;49.3;27.8
28;2021-06-23;1772;3167;213590;122743;49.7;28.6
28;2021-06-24;712;930;214302;123673;49.9;28.8
28;2021-06-25;1844;3026;216146;126699;50.3;29.5
28;2021-06-26;310;2122;216456;128821;50.4;30.0
28;2021-06-27;587;1286;217043;130107;50.5;30.3
28;2021-06-28;1204;3659;218247;133766;50.8;31.2
28;2021-06-29;1318;3799;219565;137565;51.1;32.0
28;2021-06-30;1479;4248;221044;141813;51.5;33.0
28;2021-07-01;1219;3465;222263;145278;51.8;33.8
28;2021-07-02;1308;4660;223571;149938;52.1;34.9
28;2021-07-03;1125;2368;224696;152306;52.3;35.5
28;2021-07-04;144;1324;224840;153630;52.4;35.8
28;2021-07-05;1351;2510;226191;156140;52.7;36.4
28;2021-07-06;1500;2865;227691;159005;53.0;37.0
28;2021-07-07;1635;4143;229326;163148;53.4;38.0
28;2021-07-08;1459;3229;230785;166377;53.7;38.7
28;2021-07-09;1388;4524;232173;170901;54.1;39.8
28;2021-07-10;521;2207;232694;173108;54.2;40.3
28;2021-07-11;1;1;232695;173109;54.2;40.3
28;2021-07-12;1522;3934;234217;177043;54.5;41.2
28;2021-07-13;2250;4136;236467;181179;55.1;42.2
28;2021-07-14;1328;1391;237795;182570;55.4;42.5
28;2021-07-15;2966;3967;240761;186537;56.1;43.4
28;2021-07-16;2438;4756;243199;191293;56.6;44.5
28;2021-07-17;1240;2407;244439;193700;56.9;45.1
28;2021-07-18;371;933;244810;194633;57.0;45.3
28;2021-07-19;1797;4328;246607;198961;57.4;46.3
29;2020-12-27;0;0;0;0;0.0;0.0
29;2020-12-28;0;0;0;0;0.0;0.0
29;2020-12-29;0;0;0;0;0.0;0.0
29;2020-12-30;0;0;0;0;0.0;0.0
29;2020-12-31;0;0;0;0;0.0;0.0
29;2021-01-01;0;0;0;0;0.0;0.0
29;2021-01-02;0;0;0;0;0.0;0.0
29;2021-01-03;1;0;1;0;0.0;0.0
29;2021-01-04;30;0;31;0;0.0;0.0
29;2021-01-05;31;0;62;0;0.0;0.0
29;2021-01-06;43;0;105;0;0.0;0.0
29;2021-01-07;133;0;238;0;0.0;0.0
29;2021-01-08;408;0;646;0;0.1;0.0
29;2021-01-09;1;0;647;0;0.1;0.0
29;2021-01-10;2;0;649;0;0.1;0.0
29;2021-01-11;664;0;1313;0;0.1;0.0
29;2021-01-12;1120;0;2433;0;0.3;0.0
29;2021-01-13;1091;1;3524;1;0.4;0.0
29;2021-01-14;887;4;4411;5;0.5;0.0
29;2021-01-15;1214;8;5625;13;0.6;0.0
29;2021-01-16;168;1;5793;14;0.6;0.0
29;2021-01-17;111;1;5904;15;0.7;0.0
29;2021-01-18;838;2;6742;17;0.7;0.0
29;2021-01-19;1285;0;8027;17;0.9;0.0
29;2021-01-20;2386;2;10413;19;1.1;0.0
29;2021-01-21;5482;1;15895;20;1.8;0.0
29;2021-01-22;3741;3;19636;23;2.2;0.0
29;2021-01-23;537;0;20173;23;2.2;0.0
29;2021-01-24;199;1;20372;24;2.2;0.0
29;2021-01-25;571;7;20943;31;2.3;0.0
29;2021-01-26;949;33;21892;64;2.4;0.0
29;2021-01-27;1279;54;23171;118;2.6;0.0
29;2021-01-28;799;136;23970;254;2.6;0.0
29;2021-01-29;775;206;24745;460;2.7;0.1
29;2021-01-30;280;4;25025;464;2.8;0.1
29;2021-01-31;78;4;25103;468;2.8;0.1
29;2021-02-01;429;451;25532;919;2.8;0.1
29;2021-02-02;875;825;26407;1744;2.9;0.2
29;2021-02-03;811;894;27218;2638;3.0;0.3
29;2021-02-04;863;642;28081;3280;3.1;0.4
29;2021-02-05;672;585;28753;3865;3.2;0.4
29;2021-02-06;243;102;28996;3967;3.2;0.4
29;2021-02-07;78;105;29074;4072;3.2;0.4
29;2021-02-08;382;449;29456;4521;3.2;0.5
29;2021-02-09;860;853;30316;5374;3.3;0.6
29;2021-02-10;1143;1020;31459;6394;3.5;0.7
29;2021-02-11;1771;4159;33230;10553;3.7;1.2
29;2021-02-12;2302;2505;35532;13058;3.9;1.4
29;2021-02-13;636;414;36168;13472;4.0;1.5
29;2021-02-14;12;229;36180;13701;4.0;1.5
29;2021-02-15;266;950;36446;14651;4.0;1.6
29;2021-02-16;882;1061;37328;15712;4.1;1.7
29;2021-02-17;800;861;38128;16573;4.2;1.8
29;2021-02-18;1527;851;39655;17424;4.4;1.9
29;2021-02-19;1409;1007;41064;18431;4.5;2.0
29;2021-02-20;204;369;41268;18800;4.6;2.1
29;2021-02-21;161;169;41429;18969;4.6;2.1
29;2021-02-22;773;562;42202;19531;4.7;2.2
29;2021-02-23;1267;909;43469;20440;4.8;2.3
29;2021-02-24;1467;840;44936;21280;5.0;2.3
29;2021-02-25;2492;906;47428;22186;5.2;2.4
29;2021-02-26;2670;711;50098;22897;5.5;2.5
29;2021-02-27;1283;279;51381;23176;5.7;2.6
29;2021-02-28;198;72;51579;23248;5.7;2.6
29;2021-03-01;941;489;52520;23737;5.8;2.6
29;2021-03-02;1809;796;54329;24533;6.0;2.7
29;2021-03-03;2083;1020;56412;25553;6.2;2.8
29;2021-03-04;2838;1556;59250;27109;6.5;3.0
29;2021-03-05;3531;1668;62781;28777;6.9;3.2
29;2021-03-06;1998;437;64779;29214;7.1;3.2
29;2021-03-07;412;81;65191;29295;7.2;3.2
29;2021-03-08;1273;590;66464;29885;7.3;3.3
29;2021-03-09;2598;980;69062;30865;7.6;3.4
29;2021-03-10;2419;882;71481;31747;7.9;3.5
29;2021-03-11;4501;1000;75982;32747;8.4;3.6
29;2021-03-12;5265;955;81247;33702;9.0;3.7
29;2021-03-13;2818;399;84065;34101;9.3;3.8
29;2021-03-14;362;1;84427;34102;9.3;3.8
29;2021-03-15;2047;269;86474;34371;9.5;3.8
29;2021-03-16;1816;764;88290;35135;9.7;3.9
29;2021-03-17;1857;727;90147;35862;9.9;4.0
29;2021-03-18;1858;1055;92005;36917;10.1;4.1
29;2021-03-19;3256;899;95261;37816;10.5;4.2
29;2021-03-20;1908;222;97169;38038;10.7;4.2
29;2021-03-21;131;11;97300;38049;10.7;4.2
29;2021-03-22;1640;556;98940;38605;10.9;4.3
29;2021-03-23;3437;1027;102377;39632;11.3;4.4
29;2021-03-24;3769;1025;106146;40657;11.7;4.5
29;2021-03-25;4812;1067;110958;41724;12.2;4.6
29;2021-03-26;5418;1158;116376;42882;12.8;4.7
29;2021-03-27;2426;343;118802;43225;13.1;4.8
29;2021-03-28;196;72;118998;43297;13.1;4.8
29;2021-03-29;2039;823;121037;44120;13.4;4.9
29;2021-03-30;3966;1324;125003;45444;13.8;5.0
29;2021-03-31;3923;1145;128926;46589;14.2;5.1
29;2021-04-01;5009;1138;133935;47727;14.8;5.3
29;2021-04-02;4757;1164;138692;48891;15.3;5.4
29;2021-04-03;2499;538;141191;49429;15.6;5.5
29;2021-04-04;146;30;141337;49459;15.6;5.5
29;2021-04-05;964;328;142301;49787;15.7;5.5
29;2021-04-06;3184;1239;145485;51026;16.0;5.6
29;2021-04-07;3639;938;149124;51964;16.4;5.7
29;2021-04-08;5222;2054;154346;54018;17.0;6.0
29;2021-04-09;6745;1555;161091;55573;17.8;6.1
29;2021-04-10;3491;701;164582;56274;18.2;6.2
29;2021-04-11;120;80;164702;56354;18.2;6.2
29;2021-04-12;3816;1481;168518;57835;18.6;6.4
29;2021-04-13;5848;1748;174366;59583;19.2;6.6
29;2021-04-14;4752;1742;179118;61325;19.8;6.8
29;2021-04-15;7148;1730;186266;63055;20.5;7.0
29;2021-04-16;6692;1338;192958;64393;21.3;7.1
29;2021-04-17;3820;962;196778;65355;21.7;7.2
29;2021-04-18;486;40;197264;65395;21.8;7.2
29;2021-04-19;3878;1456;201142;66851;22.2;7.4
29;2021-04-20;4387;2136;205529;68987;22.7;7.6
29;2021-04-21;4365;2193;209894;71180;23.2;7.9
29;2021-04-22;6639;2849;216533;74029;23.9;8.2
29;2021-04-23;6027;2184;222560;76213;24.6;8.4
29;2021-04-24;3999;1308;226559;77521;25.0;8.6
29;2021-04-25;432;169;226991;77690;25.0;8.6
29;2021-04-26;5251;1862;232242;79552;25.6;8.8
29;2021-04-27;5329;3191;237571;82743;26.2;9.1
29;2021-04-28;5348;2896;242919;85639;26.8;9.4
29;2021-04-29;6567;3344;249486;88983;27.5;9.8
29;2021-04-30;6246;3902;255732;92885;28.2;10.2
29;2021-05-01;1979;978;257711;93863;28.4;10.4
29;2021-05-02;1246;194;258957;94057;28.6;10.4
29;2021-05-03;4531;2282;263488;96339;29.1;10.6
29;2021-05-04;4102;3735;267590;100074;29.5;11.0
29;2021-05-05;4512;3407;272102;103481;30.0;11.4
29;2021-05-06;6228;3709;278330;107190;30.7;11.8
29;2021-05-07;5977;4615;284307;111805;31.4;12.3
29;2021-05-08;2089;564;286396;112369;31.6;12.4
29;2021-05-09;1724;136;288120;112505;31.8;12.4
29;2021-05-10;4757;3762;292877;116267;32.3;12.8
29;2021-05-11;4713;4981;297590;121248;32.8;13.4
29;2021-05-12;5017;4353;302607;125601;33.4;13.9
29;2021-05-13;3431;1499;306038;127100;33.8;14.0
29;2021-05-14;5648;3997;311686;131097;34.4;14.5
29;2021-05-15;4044;2313;315730;133410;34.8;14.7
29;2021-05-16;1583;294;317313;133704;35.0;14.7
29;2021-05-17;5554;3125;322867;136829;35.6;15.1
29;2021-05-18;5732;3092;328599;139921;36.2;15.4
29;2021-05-19;6199;2960;334798;142881;36.9;15.8
29;2021-05-20;7154;4546;341952;147427;37.7;16.3
29;2021-05-21;7206;3807;349158;151234;38.5;16.7
29;2021-05-22;5331;2124;354489;153358;39.1;16.9
29;2021-05-23;1628;65;356117;153423;39.3;16.9
29;2021-05-24;3486;530;359603;153953;39.7;17.0
29;2021-05-25;5821;3012;365424;156965;40.3;17.3
29;2021-05-26;5884;2963;371308;159928;41.0;17.6
29;2021-05-27;6819;3980;378127;163908;41.7;18.1
29;2021-05-28;6537;4449;384664;168357;42.4;18.6
29;2021-05-29;4379;2804;389043;171161;42.9;18.9
29;2021-05-30;1113;359;390156;171520;43.0;18.9
29;2021-05-31;6384;3452;396540;174972;43.7;19.3
29;2021-06-01;6595;4340;403135;179312;44.5;19.8
29;2021-06-02;6150;4119;409285;183431;45.1;20.2
29;2021-06-03;7685;4502;416970;187933;46.0;20.7
29;2021-06-04;6806;6157;423776;194090;46.7;21.4
29;2021-06-05;5347;3035;429123;197125;47.3;21.7
29;2021-06-06;1278;537;430401;197662;47.5;21.8
29;2021-06-07;4651;5560;435052;203222;48.0;22.4
29;2021-06-08;7138;5205;442190;208427;48.8;23.0
29;2021-06-09;6389;4745;448579;213172;49.5;23.5
29;2021-06-10;7728;5049;456307;218221;50.3;24.1
29;2021-06-11;8435;5869;464742;224090;51.3;24.7
29;2021-06-12;6528;2799;471270;226889;52.0;25.0
29;2021-06-13;2336;1370;473606;228259;52.2;25.2
29;2021-06-14;4011;6297;477617;234556;52.7;25.9
29;2021-06-15;5442;6141;483059;240697;53.3;26.6
29;2021-06-16;5528;5609;488587;246306;53.9;27.2
29;2021-06-17;6322;6289;494909;252595;54.6;27.9
29;2021-06-18;6085;7490;500994;260085;55.3;28.7
29;2021-06-19;4602;3526;505596;263611;55.8;29.1
29;2021-06-20;883;1457;506479;265068;55.9;29.2
29;2021-06-21;3727;6499;510206;271567;56.3;30.0
29;2021-06-22;4448;6436;514654;278003;56.8;30.7
29;2021-06-23;4616;6143;519270;284146;57.3;31.3
29;2021-06-24;4763;6742;524033;290888;57.8;32.1
29;2021-06-25;3576;7537;527609;298425;58.2;32.9
29;2021-06-26;2105;4100;529714;302525;58.4;33.4
29;2021-06-27;964;1633;530678;304158;58.5;33.6
29;2021-06-28;2803;6881;533481;311039;58.8;34.3
29;2021-06-29;2748;7737;536229;318776;59.2;35.2
29;2021-06-30;3001;7526;539230;326302;59.5;36.0
29;2021-07-01;3699;8425;542929;334727;59.9;36.9
29;2021-07-02;3573;9677;546502;344404;60.3;38.0
29;2021-07-03;2310;6070;548812;350474;60.5;38.7
29;2021-07-04;801;1772;549613;352246;60.6;38.9
29;2021-07-05;1886;7170;551499;359416;60.8;39.6
29;2021-07-06;1520;8027;553019;367443;61.0;40.5
29;2021-07-07;1681;7046;554700;374489;61.2;41.3
29;2021-07-08;2412;8212;557112;382701;61.5;42.2
29;2021-07-09;2539;9091;559651;391792;61.7;43.2
29;2021-07-10;1908;6109;561559;397901;61.9;43.9
29;2021-07-11;433;1064;561992;398965;62.0;44.0
29;2021-07-12;1949;8385;563941;407350;62.2;44.9
29;2021-07-13;2717;8654;566658;416004;62.5;45.9
29;2021-07-14;2065;3364;568723;419368;62.7;46.3
29;2021-07-15;3792;9729;572515;429097;63.2;47.3
29;2021-07-16;4555;9194;577070;438291;63.7;48.3
29;2021-07-17;3202;6108;580272;444399;64.0;49.0
29;2021-07-18;661;1076;580933;445475;64.1;49.1
29;2021-07-19;3118;7553;584051;453028;64.4;50.0
2A;2020-12-27;0;0;0;0;0.0;0.0
2A;2020-12-28;0;0;0;0;0.0;0.0
2A;2020-12-29;0;0;0;0;0.0;0.0
2A;2020-12-30;0;0;0;0;0.0;0.0
2A;2020-12-31;0;0;0;0;0.0;0.0
2A;2021-01-01;0;0;0;0;0.0;0.0
2A;2021-01-02;0;0;0;0;0.0;0.0
2A;2021-01-03;0;0;0;0;0.0;0.0
2A;2021-01-04;0;0;0;0;0.0;0.0
2A;2021-01-05;0;0;0;0;0.0;0.0
2A;2021-01-06;5;0;5;0;0.0;0.0
2A;2021-01-07;122;1;127;1;0.1;0.0
2A;2021-01-08;113;0;240;1;0.1;0.0
2A;2021-01-09;39;0;279;1;0.2;0.0
2A;2021-01-10;33;0;312;1;0.2;0.0
2A;2021-01-11;76;0;388;1;0.2;0.0
2A;2021-01-12;84;0;472;1;0.3;0.0
2A;2021-01-13;110;0;582;1;0.4;0.0
2A;2021-01-14;192;1;774;2;0.5;0.0
2A;2021-01-15;149;0;923;2;0.6;0.0
2A;2021-01-16;157;1;1080;3;0.7;0.0
2A;2021-01-17;84;1;1164;4;0.7;0.0
2A;2021-01-18;201;2;1365;6;0.8;0.0
2A;2021-01-19;486;0;1851;6;1.1;0.0
2A;2021-01-20;351;0;2202;6;1.4;0.0
2A;2021-01-21;451;1;2653;7;1.6;0.0
2A;2021-01-22;365;0;3018;7;1.9;0.0
2A;2021-01-23;183;0;3201;7;2.0;0.0
2A;2021-01-24;118;0;3319;7;2.0;0.0
2A;2021-01-25;213;0;3532;7;2.2;0.0
2A;2021-01-26;402;6;3934;13;2.4;0.0
2A;2021-01-27;322;5;4256;18;2.6;0.0
2A;2021-01-28;335;80;4591;98;2.8;0.1
2A;2021-01-29;339;64;4930;162;3.0;0.1
2A;2021-01-30;124;41;5054;203;3.1;0.1
2A;2021-01-31;90;12;5144;215;3.2;0.1
2A;2021-02-01;229;53;5373;268;3.3;0.2
2A;2021-02-02;287;118;5660;386;3.5;0.2
2A;2021-02-03;264;75;5924;461;3.6;0.3
2A;2021-02-04;256;121;6180;582;3.8;0.4
2A;2021-02-05;267;106;6447;688;4.0;0.4
2A;2021-02-06;120;60;6567;748;4.0;0.5
2A;2021-02-07;67;58;6634;806;4.1;0.5
2A;2021-02-08;91;209;6725;1015;4.1;0.6
2A;2021-02-09;126;301;6851;1316;4.2;0.8
2A;2021-02-10;158;236;7009;1552;4.3;1.0
2A;2021-02-11;296;369;7305;1921;4.5;1.2
2A;2021-02-12;345;304;7650;2225;4.7;1.4
2A;2021-02-13;224;59;7874;2284;4.8;1.4
2A;2021-02-14;133;77;8007;2361;4.9;1.5
2A;2021-02-15;190;182;8197;2543;5.0;1.6
2A;2021-02-16;380;321;8577;2864;5.3;1.8
2A;2021-02-17;281;165;8858;3029;5.5;1.9
2A;2021-02-18;335;199;9193;3228;5.7;2.0
2A;2021-02-19;146;300;9339;3528;5.7;2.2
2A;2021-02-20;243;136;9582;3664;5.9;2.3
2A;2021-02-21;58;55;9640;3719;5.9;2.3
2A;2021-02-22;77;215;9717;3934;6.0;2.4
2A;2021-02-23;122;290;9839;4224;6.1;2.6
2A;2021-02-24;71;297;9910;4521;6.1;2.8
2A;2021-02-25;104;266;10014;4787;6.2;2.9
2A;2021-02-26;123;273;10137;5060;6.2;3.1
2A;2021-02-27;308;68;10445;5128;6.4;3.2
2A;2021-02-28;69;66;10514;5194;6.5;3.2
2A;2021-03-01;116;152;10630;5346;6.5;3.3
2A;2021-03-02;198;266;10828;5612;6.7;3.5
2A;2021-03-03;236;256;11064;5868;6.8;3.6
2A;2021-03-04;506;228;11570;6096;7.1;3.8
2A;2021-03-05;969;290;12539;6386;7.7;3.9
2A;2021-03-06;1162;71;13701;6457;8.4;4.0
2A;2021-03-07;1021;45;14722;6502;9.1;4.0
2A;2021-03-08;929;86;15651;6588;9.6;4.1
2A;2021-03-09;932;151;16583;6739;10.2;4.1
2A;2021-03-10;629;135;17212;6874;10.6;4.2
2A;2021-03-11;724;281;17936;7155;11.0;4.4
2A;2021-03-12;560;317;18496;7472;11.4;4.6
2A;2021-03-13;610;195;19106;7667;11.8;4.7
2A;2021-03-14;311;125;19417;7792;12.0;4.8
2A;2021-03-15;373;202;19790;7994;12.2;4.9
2A;2021-03-16;494;368;20284;8362;12.5;5.1
2A;2021-03-17;697;270;20981;8632;12.9;5.3
2A;2021-03-18;446;302;21427;8934;13.2;5.5
2A;2021-03-19;483;155;21910;9089;13.5;5.6
2A;2021-03-20;1078;258;22988;9347;14.2;5.8
2A;2021-03-21;696;50;23684;9397;14.6;5.8
2A;2021-03-22;343;67;24027;9464;14.8;5.8
2A;2021-03-23;516;57;24543;9521;15.1;5.9
2A;2021-03-24;862;91;25405;9612;15.6;5.9
2A;2021-03-25;929;136;26334;9748;16.2;6.0
2A;2021-03-26;1075;162;27409;9910;16.9;6.1
2A;2021-03-27;1185;198;28594;10108;17.6;6.2
2A;2021-03-28;241;97;28835;10205;17.8;6.3
2A;2021-03-29;281;136;29116;10341;17.9;6.4
2A;2021-03-30;381;233;29497;10574;18.2;6.5
2A;2021-03-31;446;226;29943;10800;18.4;6.6
2A;2021-04-01;638;451;30581;11251;18.8;6.9
2A;2021-04-02;902;777;31483;12028;19.4;7.4
2A;2021-04-03;644;982;32127;13010;19.8;8.0
2A;2021-04-04;577;783;32704;13793;20.1;8.5
2A;2021-04-05;521;693;33225;14486;20.5;8.9
2A;2021-04-06;550;554;33775;15040;20.8;9.3
2A;2021-04-07;784;422;34559;15462;21.3;9.5
2A;2021-04-08;1047;349;35606;15811;21.9;9.7
2A;2021-04-09;934;392;36540;16203;22.5;10.0
2A;2021-04-10;1052;376;37592;16579;23.1;10.2
2A;2021-04-11;361;256;37953;16835;23.4;10.4
2A;2021-04-12;667;341;38620;17176;23.8;10.6
2A;2021-04-13;324;378;38944;17554;24.0;10.8
2A;2021-04-14;1045;586;39989;18140;24.6;11.2
2A;2021-04-15;1039;519;41028;18659;25.3;11.5
2A;2021-04-16;866;393;41894;19052;25.8;11.7
2A;2021-04-17;1365;929;43259;19981;26.6;12.3
2A;2021-04-18;982;942;44241;20923;27.2;12.9
2A;2021-04-19;269;343;44510;21266;27.4;13.1
2A;2021-04-20;352;345;44862;21611;27.6;13.3
2A;2021-04-21;728;732;45590;22343;28.1;13.8
2A;2021-04-22;895;648;46485;22991;28.6;14.2
2A;2021-04-23;987;775;47472;23766;29.2;14.6
2A;2021-04-24;1748;977;49220;24743;30.3;15.2
2A;2021-04-25;977;301;50197;25044;30.9;15.4
2A;2021-04-26;308;228;50505;25272;31.1;15.6
2A;2021-04-27;344;348;50849;25620;31.3;15.8
2A;2021-04-28;1670;420;52519;26040;32.3;16.0
2A;2021-04-29;1052;357;53571;26397;33.0;16.3
2A;2021-04-30;1130;1056;54701;27453;33.7;16.9
2A;2021-05-01;966;575;55667;28028;34.3;17.3
2A;2021-05-02;674;704;56341;28732;34.7;17.7
2A;2021-05-03;583;575;56924;29307;35.0;18.0
2A;2021-05-04;749;534;57673;29841;35.5;18.4
2A;2021-05-05;1007;981;58680;30822;36.1;19.0
2A;2021-05-06;905;910;59585;31732;36.7;19.5
2A;2021-05-07;1153;835;60738;32567;37.4;20.1
2A;2021-05-08;420;500;61158;33067;37.7;20.4
2A;2021-05-09;783;638;61941;33705;38.1;20.8
2A;2021-05-10;453;740;62394;34445;38.4;21.2
2A;2021-05-11;651;414;63045;34859;38.8;21.5
2A;2021-05-12;919;489;63964;35348;39.4;21.8
2A;2021-05-13;917;138;64881;35486;39.9;21.8
2A;2021-05-14;797;680;65678;36166;40.4;22.3
2A;2021-05-15;779;646;66457;36812;40.9;22.7
2A;2021-05-16;735;498;67192;37310;41.4;23.0
2A;2021-05-17;582;562;67774;37872;41.7;23.3
2A;2021-05-18;614;475;68388;38347;42.1;23.6
2A;2021-05-19;783;481;69171;38828;42.6;23.9
2A;2021-05-20;691;539;69862;39367;43.0;24.2
2A;2021-05-21;534;481;70396;39848;43.3;24.5
2A;2021-05-22;442;308;70838;40156;43.6;24.7
2A;2021-05-23;533;282;71371;40438;43.9;24.9
2A;2021-05-24;125;33;71496;40471;44.0;24.9
2A;2021-05-25;414;503;71910;40974;44.3;25.2
2A;2021-05-26;426;1167;72336;42141;44.5;25.9
2A;2021-05-27;434;1112;72770;43253;44.8;26.6
2A;2021-05-28;297;916;73067;44169;45.0;27.2
2A;2021-05-29;336;900;73403;45069;45.2;27.7
2A;2021-05-30;182;506;73585;45575;45.3;28.1
2A;2021-05-31;187;413;73772;45988;45.4;28.3
2A;2021-06-01;334;728;74106;46716;45.6;28.8
2A;2021-06-02;278;936;74384;47652;45.8;29.3
2A;2021-06-03;302;847;74686;48499;46.0;29.9
2A;2021-06-04;270;1093;74956;49592;46.1;30.5
2A;2021-06-05;318;1443;75274;51035;46.3;31.4
2A;2021-06-06;173;910;75447;51945;46.5;32.0
2A;2021-06-07;164;661;75611;52606;46.6;32.4
2A;2021-06-08;314;705;75925;53311;46.7;32.8
2A;2021-06-09;293;1318;76218;54629;46.9;33.6
2A;2021-06-10;325;856;76543;55485;47.1;34.2
2A;2021-06-11;278;1020;76821;56505;47.3;34.8
2A;2021-06-12;224;664;77045;57169;47.4;35.2
2A;2021-06-13;186;796;77231;57965;47.5;35.7
2A;2021-06-14;240;921;77471;58886;47.7;36.3
2A;2021-06-15;212;506;77683;59392;47.8;36.6
2A;2021-06-16;206;777;77889;60169;48.0;37.0
2A;2021-06-17;230;592;78119;60761;48.1;37.4
2A;2021-06-18;238;918;78357;61679;48.2;38.0
2A;2021-06-19;204;689;78561;62368;48.4;38.4
2A;2021-06-20;147;694;78708;63062;48.5;38.8
2A;2021-06-21;175;793;78883;63855;48.6;39.3
2A;2021-06-22;232;843;79115;64698;48.7;39.8
2A;2021-06-23;198;567;79313;65265;48.8;40.2
2A;2021-06-24;140;373;79453;65638;48.9;40.4
2A;2021-06-25;164;472;79617;66110;49.0;40.7
2A;2021-06-26;198;872;79815;66982;49.1;41.2
2A;2021-06-27;172;794;79987;67776;49.2;41.7
2A;2021-06-28;189;704;80176;68480;49.4;42.2
2A;2021-06-29;208;690;80384;69170;49.5;42.6
2A;2021-06-30;231;489;80615;69659;49.6;42.9
2A;2021-07-01;195;481;80810;70140;49.8;43.2
2A;2021-07-02;163;371;80973;70511;49.9;43.4
2A;2021-07-03;204;618;81177;71129;50.0;43.8
2A;2021-07-04;169;663;81346;71792;50.1;44.2
2A;2021-07-05;158;235;81504;72027;50.2;44.3
2A;2021-07-06;241;390;81745;72417;50.3;44.6
2A;2021-07-07;421;603;82166;73020;50.6;45.0
2A;2021-07-08;579;701;82745;73721;50.9;45.4
2A;2021-07-09;364;420;83109;74141;51.2;45.6
2A;2021-07-10;280;345;83389;74486;51.3;45.9
2A;2021-07-11;91;163;83480;74649;51.4;46.0
2A;2021-07-12;304;349;83784;74998;51.6;46.2
2A;2021-07-13;1173;492;84957;75490;52.3;46.5
2A;2021-07-14;1607;296;86564;75786;53.3;46.7
2A;2021-07-15;1412;817;87976;76603;54.2;47.2
2A;2021-07-16;1149;458;89125;77061;54.9;47.4
2A;2021-07-17;1097;329;90222;77390;55.5;47.6
2A;2021-07-18;632;130;90854;77520;55.9;47.7
2A;2021-07-19;904;419;91758;77939;56.5;48.0
2B;2020-12-27;0;0;0;0;0.0;0.0
2B;2020-12-28;0;0;0;0;0.0;0.0
2B;2020-12-29;0;0;0;0;0.0;0.0
2B;2020-12-30;0;0;0;0;0.0;0.0
2B;2020-12-31;0;0;0;0;0.0;0.0
2B;2021-01-01;0;0;0;0;0.0;0.0
2B;2021-01-02;0;0;0;0;0.0;0.0
2B;2021-01-03;0;0;0;0;0.0;0.0
2B;2021-01-04;2;0;2;0;0.0;0.0
2B;2021-01-05;0;0;2;0;0.0;0.0
2B;2021-01-06;48;1;50;1;0.0;0.0
2B;2021-01-07;211;0;261;1;0.1;0.0
2B;2021-01-08;196;0;457;1;0.3;0.0
2B;2021-01-09;39;0;496;1;0.3;0.0
2B;2021-01-10;1;0;497;1;0.3;0.0
2B;2021-01-11;75;0;572;1;0.3;0.0
2B;2021-01-12;128;1;700;2;0.4;0.0
2B;2021-01-13;93;0;793;2;0.4;0.0
2B;2021-01-14;72;0;865;2;0.5;0.0
2B;2021-01-15;257;0;1122;2;0.6;0.0
2B;2021-01-16;43;0;1165;2;0.6;0.0
2B;2021-01-17;8;0;1173;2;0.6;0.0
2B;2021-01-18;271;0;1444;2;0.8;0.0
2B;2021-01-19;498;0;1942;2;1.1;0.0
2B;2021-01-20;461;0;2403;2;1.3;0.0
2B;2021-01-21;357;0;2760;2;1.5;0.0
2B;2021-01-22;365;0;3125;2;1.7;0.0
2B;2021-01-23;60;0;3185;2;1.7;0.0
2B;2021-01-24;29;0;3214;2;1.8;0.0
2B;2021-01-25;210;2;3424;4;1.9;0.0
2B;2021-01-26;388;1;3812;5;2.1;0.0
2B;2021-01-27;342;50;4154;55;2.3;0.0
2B;2021-01-28;364;149;4518;204;2.5;0.1
2B;2021-01-29;288;164;4806;368;2.6;0.2
2B;2021-01-30;80;33;4886;401;2.7;0.2
2B;2021-01-31;60;0;4946;401;2.7;0.2
2B;2021-02-01;229;94;5175;495;2.8;0.3
2B;2021-02-02;357;78;5532;573;3.0;0.3
2B;2021-02-03;519;92;6051;665;3.3;0.4
2B;2021-02-04;458;176;6509;841;3.6;0.5
2B;2021-02-05;392;95;6901;936;3.8;0.5
2B;2021-02-06;87;14;6988;950;3.8;0.5
2B;2021-02-07;59;0;7047;950;3.9;0.5
2B;2021-02-08;231;157;7278;1107;4.0;0.6
2B;2021-02-09;586;315;7864;1422;4.3;0.8
2B;2021-02-10;485;195;8349;1617;4.6;0.9
2B;2021-02-11;381;128;8730;1745;4.8;1.0
2B;2021-02-12;296;125;9026;1870;5.0;1.0
2B;2021-02-13;77;13;9103;1883;5.0;1.0
2B;2021-02-14;62;0;9165;1883;5.0;1.0
2B;2021-02-15;190;128;9355;2011;5.1;1.1
2B;2021-02-16;253;286;9608;2297;5.3;1.3
2B;2021-02-17;312;317;9920;2614;5.4;1.4
2B;2021-02-18;215;347;10135;2961;5.6;1.6
2B;2021-02-19;163;309;10298;3270;5.7;1.8
2B;2021-02-20;32;63;10330;3333;5.7;1.8
2B;2021-02-21;27;29;10357;3362;5.7;1.8
2B;2021-02-22;133;190;10490;3552;5.8;1.9
2B;2021-02-23;230;358;10720;3910;5.9;2.1
2B;2021-02-24;227;312;10947;4222;6.0;2.3
2B;2021-02-25;244;341;11191;4563;6.1;2.5
2B;2021-02-26;298;282;11489;4845;6.3;2.7
2B;2021-02-27;60;84;11549;4929;6.3;2.7
2B;2021-02-28;1;57;11550;4986;6.3;2.7
2B;2021-03-01;246;260;11796;5246;6.5;2.9
2B;2021-03-02;352;390;12148;5636;6.7;3.1
2B;2021-03-03;297;437;12445;6073;6.8;3.3
2B;2021-03-04;447;407;12892;6480;7.1;3.6
2B;2021-03-05;617;387;13509;6867;7.4;3.8
2B;2021-03-06;682;97;14191;6964;7.8;3.8
2B;2021-03-07;360;59;14551;7023;8.0;3.9
2B;2021-03-08;301;239;14852;7262;8.1;4.0
2B;2021-03-09;383;506;15235;7768;8.4;4.3
2B;2021-03-10;630;446;15865;8214;8.7;4.5
2B;2021-03-11;584;354;16449;8568;9.0;4.7
2B;2021-03-12;959;226;17408;8794;9.6;4.8
2B;2021-03-13;508;109;17916;8903;9.8;4.9
2B;2021-03-14;226;61;18142;8964;10.0;4.9
2B;2021-03-15;514;200;18656;9164;10.2;5.0
2B;2021-03-16;571;276;19227;9440;10.5;5.2
2B;2021-03-17;528;262;19755;9702;10.8;5.3
2B;2021-03-18;549;228;20304;9930;11.1;5.4
2B;2021-03-19;803;194;21107;10124;11.6;5.6
2B;2021-03-20;654;36;21761;10160;11.9;5.6
2B;2021-03-21;429;34;22190;10194;12.2;5.6
2B;2021-03-22;546;123;22736;10317;12.5;5.7
2B;2021-03-23;788;263;23524;10580;12.9;5.8
2B;2021-03-24;828;216;24352;10796;13.4;5.9
2B;2021-03-25;823;161;25175;10957;13.8;6.0
2B;2021-03-26;957;190;26132;11147;14.3;6.1
2B;2021-03-27;1089;33;27221;11180;14.9;6.1
2B;2021-03-28;829;122;28050;11302;15.4;6.2
2B;2021-03-29;744;176;28794;11478;15.8;6.3
2B;2021-03-30;971;322;29765;11800;16.3;6.5
2B;2021-03-31;981;265;30746;12065;16.9;6.6
2B;2021-04-01;1001;230;31747;12295;17.4;6.7
2B;2021-04-02;964;413;32711;12708;17.9;7.0
2B;2021-04-03;1246;149;33957;12857;18.6;7.1
2B;2021-04-04;196;61;34153;12918;18.7;7.1
2B;2021-04-05;108;113;34261;13031;18.8;7.1
2B;2021-04-06;1033;361;35294;13392;19.4;7.3
2B;2021-04-07;1228;429;36522;13821;20.0;7.6
2B;2021-04-08;1127;409;37649;14230;20.7;7.8
2B;2021-04-09;1169;564;38818;14794;21.3;8.1
2B;2021-04-10;1350;260;40168;15054;22.0;8.3
2B;2021-04-11;812;65;40980;15119;22.5;8.3
2B;2021-04-12;851;562;41831;15681;23.0;8.6
2B;2021-04-13;1061;629;42892;16310;23.5;8.9
2B;2021-04-14;1044;492;43936;16802;24.1;9.2
2B;2021-04-15;884;516;44820;17318;24.6;9.5
2B;2021-04-16;911;650;45731;17968;25.1;9.9
2B;2021-04-17;386;444;46117;18412;25.3;10.1
2B;2021-04-18;252;339;46369;18751;25.4;10.3
2B;2021-04-19;822;433;47191;19184;25.9;10.5
2B;2021-04-20;898;848;48089;20032;26.4;11.0
2B;2021-04-21;1054;606;49143;20638;27.0;11.3
2B;2021-04-22;938;730;50081;21368;27.5;11.7
2B;2021-04-23;661;629;50742;21997;27.8;12.1
2B;2021-04-24;287;772;51029;22769;28.0;12.5
2B;2021-04-25;284;477;51313;23246;28.2;12.8
2B;2021-04-26;708;920;52021;24166;28.5;13.3
2B;2021-04-27;965;874;52986;25040;29.1;13.7
2B;2021-04-28;919;859;53905;25899;29.6;14.2
2B;2021-04-29;921;867;54826;26766;30.1;14.7
2B;2021-04-30;1132;830;55958;27596;30.7;15.1
2B;2021-05-01;459;1115;56417;28711;31.0;15.8
2B;2021-05-02;336;244;56753;28955;31.1;15.9
2B;2021-05-03;1019;495;57772;29450;31.7;16.2
2B;2021-05-04;809;1150;58581;30600;32.1;16.8
2B;2021-05-05;804;1375;59385;31975;32.6;17.5
2B;2021-05-06;1285;904;60670;32879;33.3;18.0
2B;2021-05-07;1062;987;61732;33866;33.9;18.6
2B;2021-05-08;459;856;62191;34722;34.1;19.1
2B;2021-05-09;394;683;62585;35405;34.3;19.4
2B;2021-05-10;921;797;63506;36202;34.8;19.9
2B;2021-05-11;933;1160;64439;37362;35.4;20.5
2B;2021-05-12;856;892;65295;38254;35.8;21.0
2B;2021-05-13;1024;376;66319;38630;36.4;21.2
2B;2021-05-14;715;579;67034;39209;36.8;21.5
2B;2021-05-15;702;353;67736;39562;37.2;21.7
2B;2021-05-16;297;179;68033;39741;37.3;21.8
2B;2021-05-17;1002;406;69035;40147;37.9;22.0
2B;2021-05-18;991;382;70026;40529;38.4;22.2
2B;2021-05-19;771;416;70797;40945;38.8;22.5
2B;2021-05-20;668;360;71465;41305;39.2;22.7
2B;2021-05-21;705;502;72170;41807;39.6;22.9
2B;2021-05-22;574;390;72744;42197;39.9;23.2
2B;2021-05-23;168;46;72912;42243;40.0;23.2
2B;2021-05-24;40;114;72952;42357;40.0;23.2
2B;2021-05-25;548;353;73500;42710;40.3;23.4
2B;2021-05-26;544;790;74044;43500;40.6;23.9
2B;2021-05-27;407;1130;74451;44630;40.8;24.5
2B;2021-05-28;555;906;75006;45536;41.2;25.0
2B;2021-05-29;311;352;75317;45888;41.3;25.2
2B;2021-05-30;46;45;75363;45933;41.3;25.2
2B;2021-05-31;376;829;75739;46762;41.6;25.7
2B;2021-06-01;413;1039;76152;47801;41.8;26.2
2B;2021-06-02;365;991;76517;48792;42.0;26.8
2B;2021-06-03;497;807;77014;49599;42.3;27.2
2B;2021-06-04;344;1255;77358;50854;42.4;27.9
2B;2021-06-05;258;494;77616;51348;42.6;28.2
2B;2021-06-06;50;129;77666;51477;42.6;28.2
2B;2021-06-07;279;948;77945;52425;42.8;28.8
2B;2021-06-08;397;1169;78342;53594;43.0;29.4
2B;2021-06-09;514;1178;78856;54772;43.3;30.1
2B;2021-06-10;366;939;79222;55711;43.5;30.6
2B;2021-06-11;428;1276;79650;56987;43.7;31.3
2B;2021-06-12;149;545;79799;57532;43.8;31.6
2B;2021-06-13;23;59;79822;57591;43.8;31.6
2B;2021-06-14;189;1116;80011;58707;43.9;32.2
2B;2021-06-15;343;1220;80354;59927;44.1;32.9
2B;2021-06-16;375;937;80729;60864;44.3;33.4
2B;2021-06-17;392;1048;81121;61912;44.5;34.0
2B;2021-06-18;345;958;81466;62870;44.7;34.5
2B;2021-06-19;140;327;81606;63197;44.8;34.7
2B;2021-06-20;43;194;81649;63391;44.8;34.8
2B;2021-06-21;263;962;81912;64353;44.9;35.3
2B;2021-06-22;311;1115;82223;65468;45.1;35.9
2B;2021-06-23;205;872;82428;66340;45.2;36.4
2B;2021-06-24;334;755;82762;67095;45.4;36.8
2B;2021-06-25;205;1076;82967;68171;45.5;37.4
2B;2021-06-26;104;552;83071;68723;45.6;37.7
2B;2021-06-27;30;215;83101;68938;45.6;37.8
2B;2021-06-28;324;950;83425;69888;45.8;38.3
2B;2021-06-29;264;989;83689;70877;45.9;38.9
2B;2021-06-30;374;948;84063;71825;46.1;39.4
2B;2021-07-01;218;508;84281;72333;46.2;39.7
2B;2021-07-02;209;558;84490;72891;46.4;40.0
2B;2021-07-03;89;395;84579;73286;46.4;40.2
2B;2021-07-04;1;0;84580;73286;46.4;40.2
2B;2021-07-05;264;662;84844;73948;46.6;40.6
2B;2021-07-06;446;707;85290;74655;46.8;41.0
2B;2021-07-07;371;906;85661;75561;47.0;41.5
2B;2021-07-08;179;347;85840;75908;47.1;41.6
2B;2021-07-09;243;368;86083;76276;47.2;41.9
2B;2021-07-10;194;199;86277;76475;47.3;42.0
2B;2021-07-11;13;14;86290;76489;47.3;42.0
2B;2021-07-12;491;739;86781;77228;47.6;42.4
2B;2021-07-13;817;1006;87598;78234;48.1;42.9
2B;2021-07-14;338;98;87936;78332;48.2;43.0
2B;2021-07-15;1248;570;89184;78902;48.9;43.3
2B;2021-07-16;1094;540;90278;79442;49.5;43.6
2B;2021-07-17;705;310;90983;79752;49.9;43.8
2B;2021-07-18;179;45;91162;79797;50.0;43.8
2B;2021-07-19;815;677;91977;80474;50.5;44.2
30;2020-12-27;0;0;0;0;0.0;0.0
30;2020-12-28;0;0;0;0;0.0;0.0
30;2020-12-29;0;0;0;0;0.0;0.0
30;2020-12-30;0;0;0;0;0.0;0.0
30;2020-12-31;0;0;0;0;0.0;0.0
30;2021-01-01;0;0;0;0;0.0;0.0
30;2021-01-02;0;0;0;0;0.0;0.0
30;2021-01-03;0;0;0;0;0.0;0.0
30;2021-01-04;0;0;0;0;0.0;0.0
30;2021-01-05;3;0;3;0;0.0;0.0
30;2021-01-06;128;0;131;0;0.0;0.0
30;2021-01-07;311;0;442;0;0.1;0.0
30;2021-01-08;529;0;971;0;0.1;0.0
30;2021-01-09;270;0;1241;0;0.2;0.0
30;2021-01-10;0;0;1241;0;0.2;0.0
30;2021-01-11;537;0;1778;0;0.2;0.0
30;2021-01-12;794;3;2572;3;0.3;0.0
30;2021-01-13;640;0;3212;3;0.4;0.0
30;2021-01-14;646;5;3858;8;0.5;0.0
30;2021-01-15;756;2;4614;10;0.6;0.0
30;2021-01-16;313;0;4927;10;0.7;0.0
30;2021-01-17;0;0;4927;10;0.7;0.0
30;2021-01-18;936;3;5863;13;0.8;0.0
30;2021-01-19;1735;6;7598;19;1.0;0.0
30;2021-01-20;1303;2;8901;21;1.2;0.0
30;2021-01-21;1224;2;10125;23;1.4;0.0
30;2021-01-22;1074;5;11199;28;1.5;0.0
30;2021-01-23;634;2;11833;30;1.6;0.0
30;2021-01-24;0;0;11833;30;1.6;0.0
30;2021-01-25;830;4;12663;34;1.7;0.0
30;2021-01-26;1057;14;13720;48;1.8;0.0
30;2021-01-27;977;111;14697;159;2.0;0.0
30;2021-01-28;709;274;15406;433;2.1;0.1
30;2021-01-29;669;448;16075;881;2.1;0.1
30;2021-01-30;470;290;16545;1171;2.2;0.2
30;2021-01-31;3;7;16548;1178;2.2;0.2
30;2021-02-01;813;435;17361;1613;2.3;0.2
30;2021-02-02;1873;668;19234;2281;2.6;0.3
30;2021-02-03;1182;491;20416;2772;2.7;0.4
30;2021-02-04;966;663;21382;3435;2.9;0.5
30;2021-02-05;597;768;21979;4203;2.9;0.6
30;2021-02-06;288;262;22267;4465;3.0;0.6
30;2021-02-07;2;8;22269;4473;3.0;0.6
30;2021-02-08;573;738;22842;5211;3.1;0.7
30;2021-02-09;978;1006;23820;6217;3.2;0.8
30;2021-02-10;980;1101;24800;7318;3.3;1.0
30;2021-02-11;926;1036;25726;8354;3.4;1.1
30;2021-02-12;614;992;26340;9346;3.5;1.2
30;2021-02-13;434;390;26774;9736;3.6;1.3
30;2021-02-14;1;21;26775;9757;3.6;1.3
30;2021-02-15;446;622;27221;10379;3.6;1.4
30;2021-02-16;459;849;27680;11228;3.7;1.5
30;2021-02-17;681;624;28361;11852;3.8;1.6
30;2021-02-18;793;527;29154;12379;3.9;1.7
30;2021-02-19;573;673;29727;13052;4.0;1.7
30;2021-02-20;223;226;29950;13278;4.0;1.8
30;2021-02-21;5;3;29955;13281;4.0;1.8
30;2021-02-22;501;767;30456;14048;4.1;1.9
30;2021-02-23;974;1466;31430;15514;4.2;2.1
30;2021-02-24;925;1192;32355;16706;4.3;2.2
30;2021-02-25;1201;891;33556;17597;4.5;2.4
30;2021-02-26;1336;591;34892;18188;4.7;2.4
30;2021-02-27;564;546;35456;18734;4.7;2.5
30;2021-02-28;1;7;35457;18741;4.7;2.5
30;2021-03-01;1336;822;36793;19563;4.9;2.6
30;2021-03-02;1709;909;38502;20472;5.1;2.7
30;2021-03-03;2299;749;40801;21221;5.5;2.8
30;2021-03-04;2628;861;43429;22082;5.8;3.0
30;2021-03-05;2751;599;46180;22681;6.2;3.0
30;2021-03-06;2996;347;49176;23028;6.6;3.1
30;2021-03-07;1858;36;51034;23064;6.8;3.1
30;2021-03-08;1526;778;52560;23842;7.0;3.2
30;2021-03-09;2273;860;54833;24702;7.3;3.3
30;2021-03-10;2342;637;57175;25339;7.6;3.4
30;2021-03-11;3051;656;60226;25995;8.0;3.5
30;2021-03-12;3109;366;63335;26361;8.5;3.5
30;2021-03-13;2220;282;65555;26643;8.8;3.6
30;2021-03-14;83;3;65638;26646;8.8;3.6
30;2021-03-15;1562;554;67200;27200;9.0;3.6
30;2021-03-16;1299;1062;68499;28262;9.2;3.8
30;2021-03-17;1453;640;69952;28902;9.3;3.9
30;2021-03-18;1640;710;71592;29612;9.6;4.0
30;2021-03-19;2247;535;73839;30147;9.9;4.0
30;2021-03-20;1398;137;75237;30284;10.1;4.0
30;2021-03-21;57;8;75294;30292;10.1;4.0
30;2021-03-22;2390;708;77684;31000;10.4;4.1
30;2021-03-23;3502;789;81186;31789;10.8;4.2
30;2021-03-24;3627;794;84813;32583;11.3;4.4
30;2021-03-25;4393;829;89206;33412;11.9;4.5
30;2021-03-26;4357;618;93563;34030;12.5;4.5
30;2021-03-27;1968;369;95531;34399;12.8;4.6
30;2021-03-28;35;29;95566;34428;12.8;4.6
30;2021-03-29;2804;1641;98370;36069;13.1;4.8
30;2021-03-30;3775;1865;102145;37934;13.6;5.1
30;2021-03-31;3505;1627;105650;39561;14.1;5.3
30;2021-04-01;4010;1434;109660;40995;14.7;5.5
30;2021-04-02;3596;1219;113256;42214;15.1;5.6
30;2021-04-03;1061;1218;114317;43432;15.3;5.8
30;2021-04-04;29;187;114346;43619;15.3;5.8
30;2021-04-05;762;280;115108;43899;15.4;5.9
30;2021-04-06;3034;1557;118142;45456;15.8;6.1
30;2021-04-07;2716;1622;120858;47078;16.1;6.3
30;2021-04-08;3911;1474;124769;48552;16.7;6.5
30;2021-04-09;4882;1498;129651;50050;17.3;6.7
30;2021-04-10;2425;1169;132076;51219;17.6;6.8
30;2021-04-11;949;54;133025;51273;17.8;6.9
30;2021-04-12;3143;1480;136168;52753;18.2;7.0
30;2021-04-13;4010;1898;140178;54651;18.7;7.3
30;2021-04-14;3372;1529;143550;56180;19.2;7.5
30;2021-04-15;3828;1439;147378;57619;19.7;7.7
30;2021-04-16;3702;1510;151080;59129;20.2;7.9
30;2021-04-17;1490;943;152570;60072;20.4;8.0
30;2021-04-18;957;66;153527;60138;20.5;8.0
30;2021-04-19;2447;2293;155974;62431;20.8;8.3
30;2021-04-20;2813;2823;158787;65254;21.2;8.7
30;2021-04-21;2584;2561;161371;67815;21.6;9.1
30;2021-04-22;3508;2310;164879;70125;22.0;9.4
30;2021-04-23;3569;2297;168448;72422;22.5;9.7
30;2021-04-24;1345;1228;169793;73650;22.7;9.8
30;2021-04-25;748;89;170541;73739;22.8;9.9
30;2021-04-26;2012;2381;172553;76120;23.1;10.2
30;2021-04-27;2924;2586;175477;78706;23.4;10.5
30;2021-04-28;2824;2473;178301;81179;23.8;10.8
30;2021-04-29;3612;2299;181913;83478;24.3;11.2
30;2021-04-30;3398;2016;185311;85494;24.8;11.4
30;2021-05-01;1747;603;187058;86097;25.0;11.5
30;2021-05-02;663;244;187721;86341;25.1;11.5
30;2021-05-03;3743;2495;191464;88836;25.6;11.9
30;2021-05-04;3968;3513;195432;92349;26.1;12.3
30;2021-05-05;3928;3116;199360;95465;26.6;12.8
30;2021-05-06;4188;3351;203548;98816;27.2;13.2
30;2021-05-07;4070;3047;207618;101863;27.7;13.6
30;2021-05-08;1599;716;209217;102579;28.0;13.7
30;2021-05-09;372;611;209589;103190;28.0;13.8
30;2021-05-10;2912;3108;212501;106298;28.4;14.2
30;2021-05-11;5383;3646;217884;109944;29.1;14.7
30;2021-05-12;5293;3201;223177;113145;29.8;15.1
30;2021-05-13;3226;1017;226403;114162;30.2;15.3
30;2021-05-14;4887;2448;231290;116610;30.9;15.6
30;2021-05-15;3405;1201;234695;117811;31.4;15.7
30;2021-05-16;396;340;235091;118151;31.4;15.8
30;2021-05-17;3792;3031;238883;121182;31.9;16.2
30;2021-05-18;4818;3038;243701;124220;32.6;16.6
30;2021-05-19;4765;2550;248466;126770;33.2;16.9
30;2021-05-20;5000;2567;253466;129337;33.9;17.3
30;2021-05-21;4878;2471;258344;131808;34.5;17.6
30;2021-05-22;3155;1292;261499;133100;34.9;17.8
30;2021-05-23;287;347;261786;133447;35.0;17.8
30;2021-05-24;782;768;262568;134215;35.1;17.9
30;2021-05-25;2656;3160;265224;137375;35.4;18.4
30;2021-05-26;2880;2562;268104;139937;35.8;18.7
30;2021-05-27;3753;2715;271857;142652;36.3;19.1
30;2021-05-28;3322;3282;275179;145934;36.8;19.5
30;2021-05-29;1684;1801;276863;147735;37.0;19.7
30;2021-05-30;357;589;277220;148324;37.0;19.8
30;2021-05-31;2827;2289;280047;150613;37.4;20.1
30;2021-06-01;3648;2792;283695;153405;37.9;20.5
30;2021-06-02;3310;2440;287005;155845;38.3;20.8
30;2021-06-03;4124;3337;291129;159182;38.9;21.3
30;2021-06-04;3900;3395;295029;162577;39.4;21.7
30;2021-06-05;1903;1312;296932;163889;39.7;21.9
30;2021-06-06;683;262;297615;164151;39.8;21.9
30;2021-06-07;4713;2519;302328;166670;40.4;22.3
30;2021-06-08;4809;3308;307137;169978;41.0;22.7
30;2021-06-09;4128;2968;311265;172946;41.6;23.1
30;2021-06-10;4565;3341;315830;176287;42.2;23.6
30;2021-06-11;4571;3799;320401;180086;42.8;24.1
30;2021-06-12;2476;1698;322877;181784;43.1;24.3
30;2021-06-13;492;339;323369;182123;43.2;24.3
30;2021-06-14;2461;4703;325830;186826;43.5;25.0
30;2021-06-15;3189;5301;329019;192127;44.0;25.7
30;2021-06-16;3089;4631;332108;196758;44.4;26.3
30;2021-06-17;3912;4351;336020;201109;44.9;26.9
30;2021-06-18;3701;4686;339721;205795;45.4;27.5
30;2021-06-19;1430;1989;341151;207784;45.6;27.8
30;2021-06-20;356;489;341507;208273;45.6;27.8
30;2021-06-21;2365;4904;343872;213177;45.9;28.5
30;2021-06-22;2340;5744;346212;218921;46.3;29.2
30;2021-06-23;2504;5341;348716;224262;46.6;30.0
30;2021-06-24;2321;4710;351037;228972;46.9;30.6
30;2021-06-25;2601;5603;353638;234575;47.2;31.3
30;2021-06-26;896;2927;354534;237502;47.4;31.7
30;2021-06-27;219;527;354753;238029;47.4;31.8
30;2021-06-28;1655;6020;356408;244049;47.6;32.6
30;2021-06-29;1822;6033;358230;250082;47.9;33.4
30;2021-06-30;1976;5256;360206;255338;48.1;34.1
30;2021-07-01;2940;4699;363146;260037;48.5;34.7
30;2021-07-02;2817;4613;365963;264650;48.9;35.4
30;2021-07-03;1139;3044;367102;267694;49.0;35.8
30;2021-07-04;110;392;367212;268086;49.1;35.8
30;2021-07-05;2005;4016;369217;272102;49.3;36.4
30;2021-07-06;2639;4958;371856;277060;49.7;37.0
30;2021-07-07;2514;4205;374370;281265;50.0;37.6
30;2021-07-08;1989;3413;376359;284678;50.3;38.0
30;2021-07-09;2392;5296;378751;289974;50.6;38.7
30;2021-07-10;1483;2144;380234;292118;50.8;39.0
30;2021-07-11;43;416;380277;292534;50.8;39.1
30;2021-07-12;2502;5142;382779;297676;51.1;39.8
30;2021-07-13;3245;5994;386024;303670;51.6;40.6
30;2021-07-14;490;541;386514;304211;51.6;40.6
30;2021-07-15;4072;5430;390586;309641;52.2;41.4
30;2021-07-16;4918;5672;395504;315313;52.8;42.1
30;2021-07-17;1688;2451;397192;317764;53.1;42.5
30;2021-07-18;144;602;397336;318366;53.1;42.5
30;2021-07-19;3266;6211;400602;324577;53.5;43.4
31;2020-12-27;0;0;0;0;0.0;0.0
31;2020-12-28;0;0;0;0;0.0;0.0
31;2020-12-29;0;0;0;0;0.0;0.0
31;2020-12-30;0;0;0;0;0.0;0.0
31;2020-12-31;0;0;0;0;0.0;0.0
31;2021-01-01;2;0;2;0;0.0;0.0
31;2021-01-02;0;0;2;0;0.0;0.0
31;2021-01-03;1;0;3;0;0.0;0.0
31;2021-01-04;2;0;5;0;0.0;0.0
31;2021-01-05;48;0;53;0;0.0;0.0
31;2021-01-06;210;1;263;1;0.0;0.0
31;2021-01-07;284;1;547;2;0.0;0.0
31;2021-01-08;543;1;1090;3;0.1;0.0
31;2021-01-09;273;0;1363;3;0.1;0.0
31;2021-01-10;286;0;1649;3;0.1;0.0
31;2021-01-11;977;3;2626;6;0.2;0.0
31;2021-01-12;1187;0;3813;6;0.3;0.0
31;2021-01-13;1155;4;4968;10;0.4;0.0
31;2021-01-14;1176;17;6144;27;0.4;0.0
31;2021-01-15;1047;4;7191;31;0.5;0.0
31;2021-01-16;243;1;7434;32;0.5;0.0
31;2021-01-17;173;0;7607;32;0.5;0.0
31;2021-01-18;1606;3;9213;35;0.7;0.0
31;2021-01-19;2929;11;12142;46;0.9;0.0
31;2021-01-20;3656;10;15798;56;1.1;0.0
31;2021-01-21;2986;3;18784;59;1.3;0.0
31;2021-01-22;2267;4;21051;63;1.5;0.0
31;2021-01-23;727;1;21778;64;1.6;0.0
31;2021-01-24;212;1;21990;65;1.6;0.0
31;2021-01-25;1741;8;23731;73;1.7;0.0
31;2021-01-26;1837;63;25568;136;1.8;0.0
31;2021-01-27;1571;153;27139;289;1.9;0.0
31;2021-01-28;1379;303;28518;592;2.0;0.0
31;2021-01-29;1353;351;29871;943;2.1;0.1
31;2021-01-30;443;187;30314;1130;2.2;0.1
31;2021-01-31;61;210;30375;1340;2.2;0.1
31;2021-02-01;1153;736;31528;2076;2.3;0.1
31;2021-02-02;3008;805;34536;2881;2.5;0.2
31;2021-02-03;1903;779;36439;3660;2.6;0.3
31;2021-02-04;1803;845;38242;4505;2.7;0.3
31;2021-02-05;1335;575;39577;5080;2.8;0.4
31;2021-02-06;375;55;39952;5135;2.9;0.4
31;2021-02-07;37;41;39989;5176;2.9;0.4
31;2021-02-08;1113;667;41102;5843;2.9;0.4
31;2021-02-09;1675;1575;42777;7418;3.1;0.5
31;2021-02-10;1958;2476;44735;9894;3.2;0.7
31;2021-02-11;1813;1822;46548;11716;3.3;0.8
31;2021-02-12;1534;798;48082;12514;3.4;0.9
31;2021-02-13;501;230;48583;12744;3.5;0.9
31;2021-02-14;55;217;48638;12961;3.5;0.9
31;2021-02-15;441;1375;49079;14336;3.5;1.0
31;2021-02-16;466;1554;49545;15890;3.5;1.1
31;2021-02-17;471;1692;50016;17582;3.6;1.3
31;2021-02-18;475;1832;50491;19414;3.6;1.4
31;2021-02-19;388;1574;50879;20988;3.6;1.5
31;2021-02-20;67;532;50946;21520;3.6;1.5
31;2021-02-21;79;161;51025;21681;3.6;1.5
31;2021-02-22;430;1758;51455;23439;3.7;1.7
31;2021-02-23;862;3016;52317;26455;3.7;1.9
31;2021-02-24;652;2196;52969;28651;3.8;2.0
31;2021-02-25;1423;1843;54392;30494;3.9;2.2
31;2021-02-26;1707;1231;56099;31725;4.0;2.3
31;2021-02-27;637;404;56736;32129;4.0;2.3
31;2021-02-28;77;54;56813;32183;4.1;2.3
31;2021-03-01;865;1133;57678;33316;4.1;2.4
31;2021-03-02;1230;1666;58908;34982;4.2;2.5
31;2021-03-03;1354;1817;60262;36799;4.3;2.6
31;2021-03-04;2417;1496;62679;38295;4.5;2.7
31;2021-03-05;3053;1594;65732;39889;4.7;2.8
31;2021-03-06;2829;408;68561;40297;4.9;2.9
31;2021-03-07;5364;92;73925;40389;5.3;2.9
31;2021-03-08;1594;1095;75519;41484;5.4;3.0
31;2021-03-09;2777;1186;78296;42670;5.6;3.0
31;2021-03-10;2568;1085;80864;43755;5.8;3.1
31;2021-03-11;4373;1151;85237;44906;6.1;3.2
31;2021-03-12;5309;1184;90546;46090;6.5;3.3
31;2021-03-13;2833;500;93379;46590;6.7;3.3
31;2021-03-14;229;47;93608;46637;6.7;3.3
31;2021-03-15;2575;420;96183;47057;6.9;3.4
31;2021-03-16;1740;807;97923;47864;7.0;3.4
31;2021-03-17;1652;554;99575;48418;7.1;3.5
31;2021-03-18;1960;707;101535;49125;7.2;3.5
31;2021-03-19;3176;520;104711;49645;7.5;3.5
31;2021-03-20;1791;140;106502;49785;7.6;3.6
31;2021-03-21;206;35;106708;49820;7.6;3.6
31;2021-03-22;2576;357;109284;50177;7.8;3.6
31;2021-03-23;4048;309;113332;50486;8.1;3.6
31;2021-03-24;4350;280;117682;50766;8.4;3.6
31;2021-03-25;6037;502;123719;51268;8.8;3.7
31;2021-03-26;5455;507;129174;51775;9.2;3.7
31;2021-03-27;4341;190;133515;51965;9.5;3.7
31;2021-03-28;2287;44;135802;52009;9.7;3.7
31;2021-03-29;4199;420;140001;52429;10.0;3.7
31;2021-03-30;6584;533;146585;52962;10.5;3.8
31;2021-03-31;5638;356;152223;53318;10.9;3.8
31;2021-04-01;6953;525;159176;53843;11.4;3.8
31;2021-04-02;6096;568;165272;54411;11.8;3.9
31;2021-04-03;3917;149;169189;54560;12.1;3.9
31;2021-04-04;2058;109;171247;54669;12.2;3.9
31;2021-04-05;477;68;171724;54737;12.3;3.9
31;2021-04-06;4154;1138;175878;55875;12.6;4.0
31;2021-04-07;5978;974;181856;56849;13.0;4.1
31;2021-04-08;7560;1015;189416;57864;13.5;4.1
31;2021-04-09;8378;1234;197794;59098;14.1;4.2
31;2021-04-10;4712;538;202506;59636;14.5;4.3
31;2021-04-11;2065;138;204571;59774;14.6;4.3
31;2021-04-12;5989;1820;210560;61594;15.0;4.4
31;2021-04-13;8019;2008;218579;63602;15.6;4.5
31;2021-04-14;6641;1914;225220;65516;16.1;4.7
31;2021-04-15;7765;2216;232985;67732;16.6;4.8
31;2021-04-16;7171;2082;240156;69814;17.1;5.0
31;2021-04-17;4406;894;244562;70708;17.5;5.0
31;2021-04-18;2503;353;247065;71061;17.6;5.1
31;2021-04-19;5214;2013;252279;73074;18.0;5.2
31;2021-04-20;6066;2846;258345;75920;18.4;5.4
31;2021-04-21;5966;2782;264311;78702;18.9;5.6
31;2021-04-22;6379;3229;270690;81931;19.3;5.8
31;2021-04-23;6259;2563;276949;84494;19.8;6.0
31;2021-04-24;1613;3130;278562;87624;19.9;6.3
31;2021-04-25;680;2093;279242;89717;19.9;6.4
31;2021-04-26;3790;3219;283032;92936;20.2;6.6
31;2021-04-27;4510;3900;287542;96836;20.5;6.9
31;2021-04-28;4540;3489;292082;100325;20.8;7.2
31;2021-04-29;5172;4013;297254;104338;21.2;7.4
31;2021-04-30;5022;4126;302276;108464;21.6;7.7
31;2021-05-01;1488;3116;303764;111580;21.7;8.0
31;2021-05-02;1411;1980;305175;113560;21.8;8.1
31;2021-05-03;5644;2406;310819;115966;22.2;8.3
31;2021-05-04;4778;4733;315597;120699;22.5;8.6
31;2021-05-05;2980;5711;318577;126410;22.7;9.0
31;2021-05-06;3629;7378;322206;133788;23.0;9.5
31;2021-05-07;5252;7168;327458;140956;23.4;10.1
31;2021-05-08;3632;3101;331090;144057;23.6;10.3
31;2021-05-09;3758;2308;334848;146365;23.9;10.4
31;2021-05-10;5682;5463;340530;151828;24.3;10.8
31;2021-05-11;6637;6689;347167;158517;24.8;11.3
31;2021-05-12;6169;5912;353336;164429;25.2;11.7
31;2021-05-13;4641;2059;357977;166488;25.6;11.9
31;2021-05-14;6902;3975;364879;170463;26.0;12.2
31;2021-05-15;5141;1749;370020;172212;26.4;12.3
31;2021-05-16;3293;629;373313;172841;26.6;12.3
31;2021-05-17;5140;4141;378453;176982;27.0;12.6
31;2021-05-18;5585;4271;384038;181253;27.4;12.9
31;2021-05-19;5774;3764;389812;185017;27.8;13.2
31;2021-05-20;6465;4799;396277;189816;28.3;13.5
31;2021-05-21;5978;4604;402255;194420;28.7;13.9
31;2021-05-22;4081;1626;406336;196046;29.0;14.0
31;2021-05-23;3582;342;409918;196388;29.3;14.0
31;2021-05-24;3873;708;413791;197096;29.5;14.1
31;2021-05-25;6187;3605;419978;200701;30.0;14.3
31;2021-05-26;5593;4634;425571;205335;30.4;14.7
31;2021-05-27;4766;6190;430337;211525;30.7;15.1
31;2021-05-28;4114;6341;434451;217866;31.0;15.6
31;2021-05-29;1916;4030;436367;221896;31.1;15.8
31;2021-05-30;744;2362;437111;224258;31.2;16.0
31;2021-05-31;4394;5083;441505;229341;31.5;16.4
31;2021-06-01;5946;6557;447451;235898;31.9;16.8
31;2021-06-02;5781;6296;453232;242194;32.4;17.3
31;2021-06-03;7291;8134;460523;250328;32.9;17.9
31;2021-06-04;7527;7152;468050;257480;33.4;18.4
31;2021-06-05;9074;2767;477124;260247;34.1;18.6
31;2021-06-06;8103;1573;485227;261820;34.6;18.7
31;2021-06-07;7978;5464;493205;267284;35.2;19.1
31;2021-06-08;9054;6045;502259;273329;35.9;19.5
31;2021-06-09;8884;5505;511143;278834;36.5;19.9
31;2021-06-10;9737;6332;520880;285166;37.2;20.4
31;2021-06-11;10008;6633;530888;291799;37.9;20.8
31;2021-06-12;8783;2998;539671;294797;38.5;21.0
31;2021-06-13;8352;1997;548023;296794;39.1;21.2
31;2021-06-14;8363;6722;556386;303516;39.7;21.7
31;2021-06-15;9719;7423;566105;310939;40.4;22.2
31;2021-06-16;8700;5247;574805;316186;41.0;22.6
31;2021-06-17;8239;6580;583044;322766;41.6;23.0
31;2021-06-18;8500;7735;591544;330501;42.2;23.6
31;2021-06-19;7341;5426;598885;335927;42.7;24.0
31;2021-06-20;5558;3721;604443;339648;43.1;24.2
31;2021-06-21;5347;6906;609790;346554;43.5;24.7
31;2021-06-22;4941;8223;614731;354777;43.9;25.3
31;2021-06-23;5080;7264;619811;362041;44.2;25.8
31;2021-06-24;4558;8318;624369;370359;44.6;26.4
31;2021-06-25;4991;9308;629360;379667;44.9;27.1
31;2021-06-26;4266;6392;633626;386059;45.2;27.6
31;2021-06-27;3588;4096;637214;390155;45.5;27.8
31;2021-06-28;4072;6635;641286;396790;45.8;28.3
31;2021-06-29;3761;7556;645047;404346;46.0;28.9
31;2021-06-30;4232;7790;649279;412136;46.3;29.4
31;2021-07-01;3973;8463;653252;420599;46.6;30.0
31;2021-07-02;4078;9324;657330;429923;46.9;30.7
31;2021-07-03;4079;6113;661409;436036;47.2;31.1
31;2021-07-04;3195;4799;664604;440835;47.4;31.5
31;2021-07-05;4013;7082;668617;447917;47.7;32.0
31;2021-07-06;3766;8344;672383;456261;48.0;32.6
31;2021-07-07;3920;7969;676303;464230;48.3;33.1
31;2021-07-08;3995;8516;680298;472746;48.6;33.7
31;2021-07-09;4416;8786;684714;481532;48.9;34.4
31;2021-07-10;3897;5471;688611;487003;49.2;34.8
31;2021-07-11;3131;4117;691742;491120;49.4;35.1
31;2021-07-12;3793;8597;695535;499717;49.6;35.7
31;2021-07-13;6865;9370;702400;509087;50.1;36.3
31;2021-07-14;6104;3858;708504;512945;50.6;36.6
31;2021-07-15;8342;9365;716846;522310;51.2;37.3
31;2021-07-16;7675;9815;724521;532125;51.7;38.0
31;2021-07-17;8315;10453;732836;542578;52.3;38.7
31;2021-07-18;6603;9385;739439;551963;52.8;39.4
31;2021-07-19;4728;10726;744167;562689;53.1;40.2
32;2020-12-27;0;0;0;0;0.0;0.0
32;2020-12-28;0;0;0;0;0.0;0.0
32;2020-12-29;0;0;0;0;0.0;0.0
32;2020-12-30;0;0;0;0;0.0;0.0
32;2020-12-31;0;0;0;0;0.0;0.0
32;2021-01-01;0;0;0;0;0.0;0.0
32;2021-01-02;0;0;0;0;0.0;0.0
32;2021-01-03;0;0;0;0;0.0;0.0
32;2021-01-04;3;0;3;0;0.0;0.0
32;2021-01-05;1;0;4;0;0.0;0.0
32;2021-01-06;2;0;6;0;0.0;0.0
32;2021-01-07;152;0;158;0;0.1;0.0
32;2021-01-08;70;0;228;0;0.1;0.0
32;2021-01-09;5;0;233;0;0.1;0.0
32;2021-01-10;0;0;233;0;0.1;0.0
32;2021-01-11;11;0;244;0;0.1;0.0
32;2021-01-12;94;0;338;0;0.2;0.0
32;2021-01-13;325;0;663;0;0.3;0.0
32;2021-01-14;387;3;1050;3;0.6;0.0
32;2021-01-15;448;1;1498;4;0.8;0.0
32;2021-01-16;16;2;1514;6;0.8;0.0
32;2021-01-17;1;0;1515;6;0.8;0.0
32;2021-01-18;344;0;1859;6;1.0;0.0
32;2021-01-19;418;0;2277;6;1.2;0.0
32;2021-01-20;358;0;2635;6;1.4;0.0
32;2021-01-21;582;0;3217;6;1.7;0.0
32;2021-01-22;371;0;3588;6;1.9;0.0
32;2021-01-23;189;0;3777;6;2.0;0.0
32;2021-01-24;3;0;3780;6;2.0;0.0
32;2021-01-25;460;1;4240;7;2.2;0.0
32;2021-01-26;604;0;4844;7;2.5;0.0
32;2021-01-27;703;4;5547;11;2.9;0.0
32;2021-01-28;685;17;6232;28;3.3;0.0
32;2021-01-29;460;52;6692;80;3.5;0.0
32;2021-01-30;260;0;6952;80;3.7;0.0
32;2021-01-31;4;5;6956;85;3.7;0.0
32;2021-02-01;287;58;7243;143;3.8;0.1
32;2021-02-02;641;140;7884;283;4.1;0.1
32;2021-02-03;338;201;8222;484;4.3;0.3
32;2021-02-04;424;278;8646;762;4.5;0.4
32;2021-02-05;348;360;8994;1122;4.7;0.6
32;2021-02-06;147;0;9141;1122;4.8;0.6
32;2021-02-07;0;36;9141;1158;4.8;0.6
32;2021-02-08;275;124;9416;1282;5.0;0.7
32;2021-02-09;308;230;9724;1512;5.1;0.8
32;2021-02-10;267;253;9991;1765;5.3;0.9
32;2021-02-11;379;317;10370;2082;5.5;1.1
32;2021-02-12;298;280;10668;2362;5.6;1.2
32;2021-02-13;249;1;10917;2363;5.7;1.2
32;2021-02-14;0;28;10917;2391;5.7;1.3
32;2021-02-15;25;212;10942;2603;5.8;1.4
32;2021-02-16;392;368;11334;2971;6.0;1.6
32;2021-02-17;189;474;11523;3445;6.1;1.8
32;2021-02-18;330;490;11853;3935;6.2;2.1
32;2021-02-19;183;282;12036;4217;6.3;2.2
32;2021-02-20;1;120;12037;4337;6.3;2.3
32;2021-02-21;0;0;12037;4337;6.3;2.3
32;2021-02-22;157;386;12194;4723;6.4;2.5
32;2021-02-23;432;562;12626;5285;6.6;2.8
32;2021-02-24;277;380;12903;5665;6.8;3.0
32;2021-02-25;480;531;13383;6196;7.0;3.3
32;2021-02-26;443;386;13826;6582;7.3;3.5
32;2021-02-27;157;246;13983;6828;7.4;3.6
32;2021-02-28;4;0;13987;6828;7.4;3.6
32;2021-03-01;51;299;14038;7127;7.4;3.8
32;2021-03-02;413;445;14451;7572;7.6;4.0
32;2021-03-03;272;292;14723;7864;7.7;4.1
32;2021-03-04;539;338;15262;8202;8.0;4.3
32;2021-03-05;434;249;15696;8451;8.3;4.4
32;2021-03-06;520;172;16216;8623;8.5;4.5
32;2021-03-07;25;5;16241;8628;8.5;4.5
32;2021-03-08;233;297;16474;8925;8.7;4.7
32;2021-03-09;642;329;17116;9254;9.0;4.9
32;2021-03-10;482;328;17598;9582;9.3;5.0
32;2021-03-11;853;293;18451;9875;9.7;5.2
32;2021-03-12;881;343;19332;10218;10.2;5.4
32;2021-03-13;490;248;19822;10466;10.4;5.5
32;2021-03-14;1;0;19823;10466;10.4;5.5
32;2021-03-15;265;25;20088;10491;10.6;5.5
32;2021-03-16;312;304;20400;10795;10.7;5.7
32;2021-03-17;149;155;20549;10950;10.8;5.8
32;2021-03-18;374;307;20923;11257;11.0;5.9
32;2021-03-19;402;184;21325;11441;11.2;6.0
32;2021-03-20;136;33;21461;11474;11.3;6.0
32;2021-03-21;0;0;21461;11474;11.3;6.0
32;2021-03-22;340;167;21801;11641;11.5;6.1
32;2021-03-23;559;397;22360;12038;11.8;6.3
32;2021-03-24;642;269;23002;12307;12.1;6.5
32;2021-03-25;893;415;23895;12722;12.6;6.7
32;2021-03-26;653;294;24548;13016;12.9;6.8
32;2021-03-27;164;2;24712;13018;13.0;6.9
32;2021-03-28;0;1;24712;13019;13.0;6.9
32;2021-03-29;371;48;25083;13067;13.2;6.9
32;2021-03-30;765;286;25848;13353;13.6;7.0
32;2021-03-31;654;172;26502;13525;13.9;7.1
32;2021-04-01;1237;318;27739;13843;14.6;7.3
32;2021-04-02;574;168;28313;14011;14.9;7.4
32;2021-04-03;114;0;28427;14011;15.0;7.4
32;2021-04-04;0;0;28427;14011;15.0;7.4
32;2021-04-05;0;0;28427;14011;15.0;7.4
32;2021-04-06;2641;302;31068;14313;16.3;7.5
32;2021-04-07;1176;201;32244;14514;17.0;7.6
32;2021-04-08;1737;404;33981;14918;17.9;7.8
32;2021-04-09;883;217;34864;15135;18.3;8.0
32;2021-04-10;807;28;35671;15163;18.8;8.0
32;2021-04-11;14;0;35685;15163;18.8;8.0
32;2021-04-12;476;20;36161;15183;19.0;8.0
32;2021-04-13;2463;378;38624;15561;20.3;8.2
32;2021-04-14;1226;260;39850;15821;21.0;8.3
32;2021-04-15;1701;391;41551;16212;21.9;8.5
32;2021-04-16;638;282;42189;16494;22.2;8.7
32;2021-04-17;781;37;42970;16531;22.6;8.7
32;2021-04-18;11;1;42981;16532;22.6;8.7
32;2021-04-19;502;44;43483;16576;22.9;8.7
32;2021-04-20;2472;382;45955;16958;24.2;8.9
32;2021-04-21;1009;294;46964;17252;24.7;9.1
32;2021-04-22;1662;319;48626;17571;25.6;9.2
32;2021-04-23;546;157;49172;17728;25.9;9.3
32;2021-04-24;1390;53;50562;17781;26.6;9.4
32;2021-04-25;0;11;50562;17792;26.6;9.4
32;2021-04-26;387;359;50949;18151;26.8;9.6
32;2021-04-27;2546;548;53495;18699;28.1;9.8
32;2021-04-28;968;352;54463;19051;28.7;10.0
32;2021-04-29;1006;884;55469;19935;29.2;10.5
32;2021-04-30;451;360;55920;20295;29.4;10.7
32;2021-05-01;2604;92;58524;20387;30.8;10.7
32;2021-05-02;0;0;58524;20387;30.8;10.7
32;2021-05-03;167;321;58691;20708;30.9;10.9
32;2021-05-04;793;2492;59484;23200;31.3;12.2
32;2021-05-05;2361;1093;61845;24293;32.5;12.8
32;2021-05-06;516;1662;62361;25955;32.8;13.7
32;2021-05-07;2287;532;64648;26487;34.0;13.9
32;2021-05-08;70;519;64718;27006;34.1;14.2
32;2021-05-09;20;179;64738;27185;34.1;14.3
32;2021-05-10;1989;547;66727;27732;35.1;14.6
32;2021-05-11;656;2272;67383;30004;35.5;15.8
32;2021-05-12;2312;1137;69695;31141;36.7;16.4
32;2021-05-13;279;1414;69974;32555;36.8;17.1
32;2021-05-14;2222;322;72196;32877;38.0;17.3
32;2021-05-15;134;712;72330;33589;38.1;17.7
32;2021-05-16;1;0;72331;33589;38.1;17.7
32;2021-05-17;353;171;72684;33760;38.2;17.8
32;2021-05-18;1642;297;74326;34057;39.1;17.9
32;2021-05-19;2472;272;76798;34329;40.4;18.1
32;2021-05-20;2886;466;79684;34795;41.9;18.3
32;2021-05-21;2533;498;82217;35293;43.3;18.6
32;2021-05-22;335;111;82552;35404;43.4;18.6
32;2021-05-23;1;13;82553;35417;43.4;18.6
32;2021-05-24;2;0;82555;35417;43.4;18.6
32;2021-05-25;1978;372;84533;35789;44.5;18.8
32;2021-05-26;2544;554;87077;36343;45.8;19.1
32;2021-05-27;2875;624;89952;36967;47.3;19.5
32;2021-05-28;2312;766;92264;37733;48.5;19.9
32;2021-05-29;372;312;92636;38045;48.7;20.0
32;2021-05-30;4;6;92640;38051;48.7;20.0
32;2021-05-31;1412;624;94052;38675;49.5;20.4
32;2021-06-01;564;2888;94616;41563;49.8;21.9
32;2021-06-02;1576;1354;96192;42917;50.6;22.6
32;2021-06-03;397;2087;96589;45004;50.8;23.7
32;2021-06-04;1834;829;98423;45833;51.8;24.1
32;2021-06-05;208;1661;98631;47494;51.9;25.0
32;2021-06-06;8;14;98639;47508;51.9;25.0
32;2021-06-07;101;418;98740;47926;52.0;25.2
32;2021-06-08;659;2540;99399;50466;52.3;26.6
32;2021-06-09;1189;1049;100588;51515;52.9;27.1
32;2021-06-10;679;1215;101267;52730;53.3;27.7
32;2021-06-11;926;661;102193;53391;53.8;28.1
32;2021-06-12;151;2678;102344;56069;53.9;29.5
32;2021-06-13;1;1;102345;56070;53.9;29.5
32;2021-06-14;522;208;102867;56278;54.1;29.6
32;2021-06-15;1722;1022;104589;57300;55.0;30.2
32;2021-06-16;847;2777;105436;60077;55.5;31.6
32;2021-06-17;856;829;106292;60906;55.9;32.0
32;2021-06-18;310;2722;106602;63628;56.1;33.5
32;2021-06-19;913;431;107515;64059;56.6;33.7
32;2021-06-20;5;13;107520;64072;56.6;33.7
32;2021-06-21;68;1994;107588;66066;56.6;34.8
32;2021-06-22;1035;963;108623;67029;57.2;35.3
32;2021-06-23;509;2185;109132;69214;57.4;36.4
32;2021-06-24;522;516;109654;69730;57.7;36.7
32;2021-06-25;476;2357;110130;72087;58.0;37.9
32;2021-06-26;104;171;110234;72258;58.0;38.0
32;2021-06-27;2;5;110236;72263;58.0;38.0
32;2021-06-28;624;604;110860;72867;58.3;38.3
32;2021-06-29;797;1981;111657;74848;58.8;39.4
32;2021-06-30;755;2722;112412;77570;59.2;40.8
32;2021-07-01;531;2636;112943;80206;59.4;42.2
32;2021-07-02;639;2332;113582;82538;59.8;43.4
32;2021-07-03;479;508;114061;83046;60.0;43.7
32;2021-07-04;1;12;114062;83058;60.0;43.7
32;2021-07-05;67;390;114129;83448;60.1;43.9
32;2021-07-06;868;2073;114997;85521;60.5;45.0
32;2021-07-07;776;2748;115773;88269;60.9;46.4
32;2021-07-08;473;2262;116246;90531;61.2;47.6
32;2021-07-09;608;2221;116854;92752;61.5;48.8
32;2021-07-10;532;518;117386;93270;61.8;49.1
32;2021-07-11;0;5;117386;93275;61.8;49.1
32;2021-07-12;522;1236;117908;94511;62.0;49.7
32;2021-07-13;1685;1806;119593;96317;62.9;50.7
32;2021-07-14;479;32;120072;96349;63.2;50.7
32;2021-07-15;2083;869;122155;97218;64.3;51.2
32;2021-07-16;1162;1899;123317;99117;64.9;52.2
32;2021-07-17;71;122;123388;99239;64.9;52.2
32;2021-07-18;2;5;123390;99244;64.9;52.2
32;2021-07-19;1985;142;125375;99386;66.0;52.3
33;2020-12-27;1;0;1;0;0.0;0.0
33;2020-12-28;1;0;2;0;0.0;0.0
33;2020-12-29;0;0;2;0;0.0;0.0
33;2020-12-30;0;0;2;0;0.0;0.0
33;2020-12-31;0;0;2;0;0.0;0.0
33;2021-01-01;0;0;2;0;0.0;0.0
33;2021-01-02;1;0;3;0;0.0;0.0
33;2021-01-03;0;0;3;0;0.0;0.0
33;2021-01-04;1;0;4;0;0.0;0.0
33;2021-01-05;0;0;4;0;0.0;0.0
33;2021-01-06;134;0;138;0;0.0;0.0
33;2021-01-07;1303;1;1441;1;0.1;0.0
33;2021-01-08;1199;1;2640;2;0.2;0.0
33;2021-01-09;296;1;2936;3;0.2;0.0
33;2021-01-10;229;0;3165;3;0.2;0.0
33;2021-01-11;623;0;3788;3;0.2;0.0
33;2021-01-12;1414;2;5202;5;0.3;0.0
33;2021-01-13;1312;8;6514;13;0.4;0.0
33;2021-01-14;1275;11;7789;24;0.5;0.0
33;2021-01-15;1595;9;9384;33;0.6;0.0
33;2021-01-16;565;8;9949;41;0.6;0.0
33;2021-01-17;405;4;10354;45;0.6;0.0
33;2021-01-18;1191;10;11545;55;0.7;0.0
33;2021-01-19;2919;3;14464;58;0.9;0.0
33;2021-01-20;3385;6;17849;64;1.1;0.0
33;2021-01-21;2851;5;20700;69;1.3;0.0
33;2021-01-22;2319;7;23019;76;1.4;0.0
33;2021-01-23;845;0;23864;76;1.5;0.0
33;2021-01-24;525;2;24389;78;1.5;0.0
33;2021-01-25;2167;61;26556;139;1.6;0.0
33;2021-01-26;2229;160;28785;299;1.8;0.0
33;2021-01-27;2248;210;31033;509;1.9;0.0
33;2021-01-28;2152;443;33185;952;2.0;0.1
33;2021-01-29;1813;693;34998;1645;2.1;0.1
33;2021-01-30;701;175;35699;1820;2.2;0.1
33;2021-01-31;387;157;36086;1977;2.2;0.1
33;2021-02-01;1454;654;37540;2631;2.3;0.2
33;2021-02-02;2640;1105;40180;3736;2.5;0.2
33;2021-02-03;2891;865;43071;4601;2.6;0.3
33;2021-02-04;3981;1346;47052;5947;2.9;0.4
33;2021-02-05;2183;1165;49235;7112;3.0;0.4
33;2021-02-06;642;201;49877;7313;3.1;0.4
33;2021-02-07;218;232;50095;7545;3.1;0.5
33;2021-02-08;1257;762;51352;8307;3.1;0.5
33;2021-02-09;1317;1692;52669;9999;3.2;0.6
33;2021-02-10;1255;1753;53924;11752;3.3;0.7
33;2021-02-11;1287;1448;55211;13200;3.4;0.8
33;2021-02-12;1115;1261;56326;14461;3.4;0.9
33;2021-02-13;196;294;56522;14755;3.5;0.9
33;2021-02-14;44;247;56566;15002;3.5;0.9
33;2021-02-15;684;1736;57250;16738;3.5;1.0
33;2021-02-16;802;2053;58052;18791;3.6;1.2
33;2021-02-17;664;2052;58716;20843;3.6;1.3
33;2021-02-18;897;2266;59613;23109;3.6;1.4
33;2021-02-19;913;2028;60526;25137;3.7;1.5
33;2021-02-20;73;661;60599;25798;3.7;1.6
33;2021-02-21;31;464;60630;26262;3.7;1.6
33;2021-02-22;703;1897;61333;28159;3.8;1.7
33;2021-02-23;1235;2749;62568;30908;3.8;1.9
33;2021-02-24;1357;2537;63925;33445;3.9;2.0
33;2021-02-25;2822;3755;66747;37200;4.1;2.3
33;2021-02-26;4053;2321;70800;39521;4.3;2.4
33;2021-02-27;1355;722;72155;40243;4.4;2.5
33;2021-02-28;122;521;72277;40764;4.4;2.5
33;2021-03-01;1528;1847;73805;42611;4.5;2.6
33;2021-03-02;2321;1744;76126;44355;4.7;2.7
33;2021-03-03;2295;1714;78421;46069;4.8;2.8
33;2021-03-04;3924;1660;82345;47729;5.0;2.9
33;2021-03-05;5751;1741;88096;49470;5.4;3.0
33;2021-03-06;3409;553;91505;50023;5.6;3.1
33;2021-03-07;736;153;92241;50176;5.6;3.1
33;2021-03-08;2701;1151;94942;51327;5.8;3.1
33;2021-03-09;4389;1327;99331;52654;6.1;3.2
33;2021-03-10;5108;1228;104439;53882;6.4;3.3
33;2021-03-11;7526;1212;111965;55094;6.9;3.4
33;2021-03-12;10101;1145;122066;56239;7.5;3.4
33;2021-03-13;5142;200;127208;56439;7.8;3.5
33;2021-03-14;709;18;127917;56457;7.8;3.5
33;2021-03-15;4426;672;132343;57129;8.1;3.5
33;2021-03-16;3576;870;135919;57999;8.3;3.6
33;2021-03-17;3625;928;139544;58927;8.5;3.6
33;2021-03-18;4024;1395;143568;60322;8.8;3.7
33;2021-03-19;6248;994;149816;61316;9.2;3.8
33;2021-03-20;3346;89;153162;61405;9.4;3.8
33;2021-03-21;452;26;153614;61431;9.4;3.8
33;2021-03-22;4883;429;158497;61860;9.7;3.8
33;2021-03-23;6300;599;164797;62459;10.1;3.8
33;2021-03-24;7066;517;171863;62976;10.5;3.9
33;2021-03-25;8815;635;180678;63611;11.1;3.9
33;2021-03-26;10024;826;190702;64437;11.7;3.9
33;2021-03-27;3613;73;194315;64510;11.9;3.9
33;2021-03-28;574;30;194889;64540;11.9;4.0
33;2021-03-29;6750;684;201639;65224;12.3;4.0
33;2021-03-30;8078;1032;209717;66256;12.8;4.1
33;2021-03-31;7566;1050;217283;67306;13.3;4.1
33;2021-04-01;8799;1175;226082;68481;13.8;4.2
33;2021-04-02;8394;1537;234476;70018;14.4;4.3
33;2021-04-03;2827;521;237303;70539;14.5;4.3
33;2021-04-04;211;161;237514;70700;14.5;4.3
33;2021-04-05;683;122;238197;70822;14.6;4.3
33;2021-04-06;6035;2694;244232;73516;15.0;4.5
33;2021-04-07;7405;2554;251637;76070;15.4;4.7
33;2021-04-08;10308;2765;261945;78835;16.0;4.8
33;2021-04-09;12670;3067;274615;81902;16.8;5.0
33;2021-04-10;5341;1381;279956;83283;17.1;5.1
33;2021-04-11;998;349;280954;83632;17.2;5.1
33;2021-04-12;7407;3265;288361;86897;17.7;5.3
33;2021-04-13;9303;3466;297664;90363;18.2;5.5
33;2021-04-14;9022;3622;306686;93985;18.8;5.8
33;2021-04-15;10067;3857;316753;97842;19.4;6.0
33;2021-04-16;9705;4211;326458;102053;20.0;6.2
33;2021-04-17;4648;1653;331106;103706;20.3;6.3
33;2021-04-18;925;413;332031;104119;20.3;6.4
33;2021-04-19;5601;3832;337632;107951;20.7;6.6
33;2021-04-20;7277;4243;344909;112194;21.1;6.9
33;2021-04-21;6580;4342;351489;116536;21.5;7.1
33;2021-04-22;7336;4462;358825;120998;22.0;7.4
33;2021-04-23;7673;4771;366498;125769;22.4;7.7
33;2021-04-24;4486;1794;370984;127563;22.7;7.8
33;2021-04-25;1644;418;372628;127981;22.8;7.8
33;2021-04-26;5251;5079;377879;133060;23.1;8.1
33;2021-04-27;6561;5588;384440;138648;23.5;8.5
33;2021-04-28;6758;5555;391198;144203;23.9;8.8
33;2021-04-29;8394;6205;399592;150408;24.5;9.2
33;2021-04-30;8717;6132;408309;156540;25.0;9.6
33;2021-05-01;2894;511;411203;157051;25.2;9.6
33;2021-05-02;1834;343;413037;157394;25.3;9.6
33;2021-05-03;7006;5219;420043;162613;25.7;10.0
33;2021-05-04;6820;6661;426863;169274;26.1;10.4
33;2021-05-05;7131;7567;433994;176841;26.6;10.8
33;2021-05-06;8693;8221;442687;185062;27.1;11.3
33;2021-05-07;8589;8900;451276;193962;27.6;11.9
33;2021-05-08;3536;1595;454812;195557;27.8;12.0
33;2021-05-09;1113;966;455925;196523;27.9;12.0
33;2021-05-10;6866;7288;462791;203811;28.3;12.5
33;2021-05-11;8624;7814;471415;211625;28.9;13.0
33;2021-05-12;9163;6682;480578;218307;29.4;13.4
33;2021-05-13;5199;2106;485777;220413;29.7;13.5
33;2021-05-14;8119;5352;493896;225765;30.2;13.8
33;2021-05-15;5169;2870;499065;228635;30.6;14.0
33;2021-05-16;1837;805;500902;229440;30.7;14.0
33;2021-05-17;8852;5091;509754;234531;31.2;14.4
33;2021-05-18;10599;4857;520353;239388;31.9;14.7
33;2021-05-19;10893;4779;531246;244167;32.5;14.9
33;2021-05-20;10890;5571;542136;249738;33.2;15.3
33;2021-05-21;10911;6260;553047;255998;33.9;15.7
33;2021-05-22;5111;2748;558158;258746;34.2;15.8
33;2021-05-23;1741;379;559899;259125;34.3;15.9
33;2021-05-24;5407;991;565306;260116;34.6;15.9
33;2021-05-25;9371;5765;574677;265881;35.2;16.3
33;2021-05-26;9667;6019;584344;271900;35.8;16.6
33;2021-05-27;10896;7710;595240;279610;36.4;17.1
33;2021-05-28;10060;9534;605300;289144;37.1;17.7
33;2021-05-29;5034;4098;610334;293242;37.4;18.0
33;2021-05-30;1697;662;612031;293904;37.5;18.0
33;2021-05-31;8545;6426;620576;300330;38.0;18.4
33;2021-06-01;11785;8712;632361;309042;38.7;18.9
33;2021-06-02;11701;8201;644062;317243;39.4;19.4
33;2021-06-03;12694;9174;656756;326417;40.2;20.0
33;2021-06-04;12922;10941;669678;337358;41.0;20.7
33;2021-06-05;5262;5056;674940;342414;41.3;21.0
33;2021-06-06;2519;1192;677459;343606;41.5;21.0
33;2021-06-07;9745;8483;687204;352089;42.1;21.6
33;2021-06-08;11882;9440;699086;361529;42.8;22.1
33;2021-06-09;11744;8526;710830;370055;43.5;22.7
33;2021-06-10;12860;8368;723690;378423;44.3;23.2
33;2021-06-11;12476;11170;736166;389593;45.1;23.9
33;2021-06-12;6164;4478;742330;394071;45.4;24.1
33;2021-06-13;2608;1278;744938;395349;45.6;24.2
33;2021-06-14;8549;10142;753487;405491;46.1;24.8
33;2021-06-15;11970;10254;765457;415745;46.9;25.5
33;2021-06-16;11979;8853;777436;424598;47.6;26.0
33;2021-06-17;13023;9589;790459;434187;48.4;26.6
33;2021-06-18;11725;11432;802184;445619;49.1;27.3
33;2021-06-19;5586;4809;807770;450428;49.5;27.6
33;2021-06-20;2927;1464;810697;451892;49.6;27.7
33;2021-06-21;7813;10163;818510;462055;50.1;28.3
33;2021-06-22;8998;11098;827508;473153;50.7;29.0
33;2021-06-23;8585;10844;836093;483997;51.2;29.6
33;2021-06-24;9662;9979;845755;493976;51.8;30.2
33;2021-06-25;7892;13721;853647;507697;52.3;31.1
33;2021-06-26;4300;5924;857947;513621;52.5;31.4
33;2021-06-27;2451;1958;860398;515579;52.7;31.6
33;2021-06-28;4811;12790;865209;528369;53.0;32.3
33;2021-06-29;6372;13657;871581;542026;53.4;33.2
33;2021-06-30;6570;13382;878151;555408;53.8;34.0
33;2021-07-01;7906;11795;886057;567203;54.2;34.7
33;2021-07-02;6738;15110;892795;582313;54.7;35.6
33;2021-07-03;3139;6776;895934;589089;54.8;36.1
33;2021-07-04;2037;2369;897971;591458;55.0;36.2
33;2021-07-05;4287;12905;902258;604363;55.2;37.0
33;2021-07-06;6066;14607;908324;618970;55.6;37.9
33;2021-07-07;6639;13049;914963;632019;56.0;38.7
33;2021-07-08;7855;12739;922818;644758;56.5;39.5
33;2021-07-09;6288;15087;929106;659845;56.9;40.4
33;2021-07-10;3057;7153;932163;666998;57.1;40.8
33;2021-07-11;1829;2298;933992;669296;57.2;41.0
33;2021-07-12;3874;14704;937866;684000;57.4;41.9
33;2021-07-13;7067;16081;944933;700081;57.8;42.9
33;2021-07-14;3651;5297;948584;705378;58.1;43.2
33;2021-07-15;7489;15943;956073;721321;58.5;44.2
33;2021-07-16;8441;15105;964514;736426;59.0;45.1
33;2021-07-17;3075;6408;967589;742834;59.2;45.5
33;2021-07-18;1675;3199;969264;746033;59.3;45.7
33;2021-07-19;5687;15072;974951;761105;59.7;46.6
34;2020-12-27;0;0;0;0;0.0;0.0
34;2020-12-28;1;0;1;0;0.0;0.0
34;2020-12-29;0;0;1;0;0.0;0.0
34;2020-12-30;0;0;1;0;0.0;0.0
34;2020-12-31;0;0;1;0;0.0;0.0
34;2021-01-01;1;0;2;0;0.0;0.0
34;2021-01-02;0;0;2;0;0.0;0.0
34;2021-01-03;0;0;2;0;0.0;0.0
34;2021-01-04;21;0;23;0;0.0;0.0
34;2021-01-05;106;1;129;1;0.0;0.0
34;2021-01-06;198;1;327;2;0.0;0.0
34;2021-01-07;363;0;690;2;0.1;0.0
34;2021-01-08;606;0;1296;2;0.1;0.0
34;2021-01-09;244;0;1540;2;0.1;0.0
34;2021-01-10;93;1;1633;3;0.1;0.0
34;2021-01-11;559;1;2192;4;0.2;0.0
34;2021-01-12;1006;1;3198;5;0.3;0.0
34;2021-01-13;1097;6;4295;11;0.4;0.0
34;2021-01-14;1946;13;6241;24;0.5;0.0
34;2021-01-15;1466;5;7707;29;0.7;0.0
34;2021-01-16;329;6;8036;35;0.7;0.0
34;2021-01-17;231;0;8267;35;0.7;0.0
34;2021-01-18;1123;4;9390;39;0.8;0.0
34;2021-01-19;1609;7;10999;46;0.9;0.0
34;2021-01-20;2059;6;13058;52;1.1;0.0
34;2021-01-21;4182;8;17240;60;1.5;0.0
34;2021-01-22;2544;7;19784;67;1.7;0.0
34;2021-01-23;598;1;20382;68;1.7;0.0
34;2021-01-24;2;0;20384;68;1.7;0.0
34;2021-01-25;1242;5;21626;73;1.8;0.0
34;2021-01-26;1457;20;23083;93;2.0;0.0
34;2021-01-27;1464;23;24547;116;2.1;0.0
34;2021-01-28;1388;123;25935;239;2.2;0.0
34;2021-01-29;1255;136;27190;375;2.3;0.0
34;2021-01-30;479;25;27669;400;2.4;0.0
34;2021-01-31;2;0;27671;400;2.4;0.0
34;2021-02-01;1027;253;28698;653;2.4;0.1
34;2021-02-02;1452;446;30150;1099;2.6;0.1
34;2021-02-03;2638;527;32788;1626;2.8;0.1
34;2021-02-04;2301;886;35089;2512;3.0;0.2
34;2021-02-05;1887;1185;36976;3697;3.1;0.3
34;2021-02-06;484;242;37460;3939;3.2;0.3
34;2021-02-07;29;108;37489;4047;3.2;0.3
34;2021-02-08;860;1066;38349;5113;3.3;0.4
34;2021-02-09;1029;1311;39378;6424;3.3;0.5
34;2021-02-10;1286;1516;40664;7940;3.5;0.7
34;2021-02-11;1767;2712;42431;10652;3.6;0.9
34;2021-02-12;1899;1641;44330;12293;3.8;1.0
34;2021-02-13;351;513;44681;12806;3.8;1.1
34;2021-02-14;22;287;44703;13093;3.8;1.1
34;2021-02-15;665;1212;45368;14305;3.9;1.2
34;2021-02-16;664;1538;46032;15843;3.9;1.3
34;2021-02-17;710;1534;46742;17377;4.0;1.5
34;2021-02-18;833;1500;47575;18877;4.0;1.6
34;2021-02-19;817;1231;48392;20108;4.1;1.7
34;2021-02-20;299;485;48691;20593;4.1;1.8
34;2021-02-21;61;18;48752;20611;4.1;1.8
34;2021-02-22;629;1314;49381;21925;4.2;1.9
34;2021-02-23;558;1487;49939;23412;4.2;2.0
34;2021-02-24;925;2335;50864;25747;4.3;2.2
34;2021-02-25;1599;2274;52463;28021;4.5;2.4
34;2021-02-26;1848;1621;54311;29642;4.6;2.5
34;2021-02-27;699;432;55010;30074;4.7;2.6
34;2021-02-28;85;64;55095;30138;4.7;2.6
34;2021-03-01;925;1169;56020;31307;4.8;2.7
34;2021-03-02;1588;1286;57608;32593;4.9;2.8
34;2021-03-03;1827;1406;59435;33999;5.1;2.9
34;2021-03-04;2855;1613;62290;35612;5.3;3.0
34;2021-03-05;3666;1532;65956;37144;5.6;3.2
34;2021-03-06;2638;201;68594;37345;5.8;3.2
34;2021-03-07;1239;71;69833;37416;5.9;3.2
34;2021-03-08;2775;1005;72608;38421;6.2;3.3
34;2021-03-09;4006;1436;76614;39857;6.5;3.4
34;2021-03-10;3986;1327;80600;41184;6.9;3.5
34;2021-03-11;5422;1265;86022;42449;7.3;3.6
34;2021-03-12;6490;905;92512;43354;7.9;3.7
34;2021-03-13;3128;166;95640;43520;8.1;3.7
34;2021-03-14;999;52;96639;43572;8.2;3.7
34;2021-03-15;3291;552;99930;44124;8.5;3.8
34;2021-03-16;2898;652;102828;44776;8.7;3.8
34;2021-03-17;3300;714;106128;45490;9.0;3.9
34;2021-03-18;3440;894;109568;46384;9.3;3.9
34;2021-03-19;4682;772;114250;47156;9.7;4.0
34;2021-03-20;3130;52;117380;47208;10.0;4.0
34;2021-03-21;1989;50;119369;47258;10.1;4.0
34;2021-03-22;3677;455;123046;47713;10.5;4.1
34;2021-03-23;4946;521;127992;48234;10.9;4.1
34;2021-03-24;5200;622;133192;48856;11.3;4.2
34;2021-03-25;7183;694;140375;49550;11.9;4.2
34;2021-03-26;7159;552;147534;50102;12.5;4.3
34;2021-03-27;2365;71;149899;50173;12.7;4.3
34;2021-03-28;694;13;150593;50186;12.8;4.3
34;2021-03-29;4173;742;154766;50928;13.2;4.3
34;2021-03-30;5204;953;159970;51881;13.6;4.4
34;2021-03-31;5058;1184;165028;53065;14.0;4.5
34;2021-04-01;7014;984;172042;54049;14.6;4.6
34;2021-04-02;5816;1153;177858;55202;15.1;4.7
34;2021-04-03;1136;82;178994;55284;15.2;4.7
34;2021-04-04;162;5;179156;55289;15.2;4.7
34;2021-04-05;428;26;179584;55315;15.3;4.7
34;2021-04-06;3120;2450;182704;57765;15.5;4.9
34;2021-04-07;3378;2637;186082;60402;15.8;5.1
34;2021-04-08;5243;2807;191325;63209;16.3;5.4
34;2021-04-09;8058;2473;199383;65682;17.0;5.6
34;2021-04-10;3163;1358;202546;67040;17.2;5.7
34;2021-04-11;1711;802;204257;67842;17.4;5.8
34;2021-04-12;4472;2513;208729;70355;17.7;6.0
34;2021-04-13;5229;3037;213958;73392;18.2;6.2
34;2021-04-14;5614;3221;219572;76613;18.7;6.5
34;2021-04-15;6983;3135;226555;79748;19.3;6.8
34;2021-04-16;6564;3160;233119;82908;19.8;7.0
34;2021-04-17;2368;2060;235487;84968;20.0;7.2
34;2021-04-18;988;1710;236475;86678;20.1;7.4
34;2021-04-19;3416;3129;239891;89807;20.4;7.6
34;2021-04-20;3759;3665;243650;93472;20.7;7.9
34;2021-04-21;4236;3710;247886;97182;21.1;8.3
34;2021-04-22;4482;4599;252368;101781;21.5;8.7
34;2021-04-23;5346;3501;257714;105282;21.9;9.0
34;2021-04-24;3161;1563;260875;106845;22.2;9.1
34;2021-04-25;1920;639;262795;107484;22.3;9.1
34;2021-04-26;4211;3467;267006;110951;22.7;9.4
34;2021-04-27;5117;4004;272123;114955;23.1;9.8
34;2021-04-28;5751;3534;277874;118489;23.6;10.1
34;2021-04-29;6414;3922;284288;122411;24.2;10.4
34;2021-04-30;7857;3274;292145;125685;24.8;10.7
34;2021-05-01;2403;499;294548;126184;25.0;10.7
34;2021-05-02;3256;312;297804;126496;25.3;10.8
34;2021-05-03;6566;2885;304370;129381;25.9;11.0
34;2021-05-04;7107;3780;311477;133161;26.5;11.3
34;2021-05-05;6491;4520;317968;137681;27.0;11.7
34;2021-05-06;6932;5200;324900;142881;27.6;12.1
34;2021-05-07;6922;5675;331822;148556;28.2;12.6
34;2021-05-08;3601;1156;335423;149712;28.5;12.7
34;2021-05-09;2174;1285;337597;150997;28.7;12.8
34;2021-05-10;5855;4791;343452;155788;29.2;13.2
34;2021-05-11;7413;5312;350865;161100;29.8;13.7
34;2021-05-12;7733;4447;358598;165547;30.5;14.1
34;2021-05-13;6115;768;364713;166315;31.0;14.1
34;2021-05-14;7482;3722;372195;170037;31.6;14.5
34;2021-05-15;4863;1683;377058;171720;32.1;14.6
34;2021-05-16;4943;456;382001;172176;32.5;14.6
34;2021-05-17;8674;1975;390675;174151;33.2;14.8
34;2021-05-18;9127;1958;399802;176109;34.0;15.0
34;2021-05-19;8613;1794;408415;177903;34.7;15.1
34;2021-05-20;8856;2494;417271;180397;35.5;15.3
34;2021-05-21;8777;3210;426048;183607;36.2;15.6
34;2021-05-22;5787;1143;431835;184750;36.7;15.7
34;2021-05-23;3879;540;435714;185290;37.0;15.8
34;2021-05-24;1895;852;437609;186142;37.2;15.8
34;2021-05-25;7132;3803;444741;189945;37.8;16.1
34;2021-05-26;8304;3012;453045;192957;38.5;16.4
34;2021-05-27;8312;4286;461357;197243;39.2;16.8
34;2021-05-28;8036;5438;469393;202681;39.9;17.2
34;2021-05-29;4003;3103;473396;205784;40.2;17.5
34;2021-05-30;1986;1390;475382;207174;40.4;17.6
34;2021-05-31;5869;5238;481251;212412;40.9;18.1
34;2021-06-01;6937;6104;488188;218516;41.5;18.6
34;2021-06-02;6118;5801;494306;224317;42.0;19.1
34;2021-06-03;7700;6495;502006;230812;42.7;19.6
34;2021-06-04;7643;7586;509649;238398;43.3;20.3
34;2021-06-05;4133;3667;513782;242065;43.7;20.6
34;2021-06-06;3261;1863;517043;243928;44.0;20.7
34;2021-06-07;4406;6756;521449;250684;44.3;21.3
34;2021-06-08;5827;6808;527276;257492;44.8;21.9
34;2021-06-09;5804;6818;533080;264310;45.3;22.5
34;2021-06-10;6257;6858;539337;271168;45.9;23.1
34;2021-06-11;5375;9263;544712;280431;46.3;23.8
34;2021-06-12;3154;4717;547866;285148;46.6;24.2
34;2021-06-13;1068;1902;548934;287050;46.7;24.4
34;2021-06-14;3428;7811;552362;294861;47.0;25.1
34;2021-06-15;3921;8788;556283;303649;47.3;25.8
34;2021-06-16;4575;7836;560858;311485;47.7;26.5
34;2021-06-17;4185;7950;565043;319435;48.0;27.2
34;2021-06-18;4316;9310;569359;328745;48.4;28.0
34;2021-06-19;2722;4393;572081;333138;48.6;28.3
34;2021-06-20;883;2872;572964;336010;48.7;28.6
34;2021-06-21;2155;8557;575119;344567;48.9;29.3
34;2021-06-22;2956;9410;578075;353977;49.1;30.1
34;2021-06-23;3482;8972;581557;362949;49.4;30.9
34;2021-06-24;3517;8678;585074;371627;49.7;31.6
34;2021-06-25;3288;10442;588362;382069;50.0;32.5
34;2021-06-26;1625;6190;589987;388259;50.2;33.0
34;2021-06-27;301;4270;590288;392529;50.2;33.4
34;2021-06-28;2247;9439;592535;401968;50.4;34.2
34;2021-06-29;2638;10287;595173;412255;50.6;35.1
34;2021-06-30;3218;9531;598391;421786;50.9;35.9
34;2021-07-01;3373;9422;601764;431208;51.2;36.7
34;2021-07-02;3306;9724;605070;440932;51.4;37.5
34;2021-07-03;1651;6166;606721;447098;51.6;38.0
34;2021-07-04;305;2762;607026;449860;51.6;38.2
34;2021-07-05;3157;7993;610183;457853;51.9;38.9
34;2021-07-06;3388;9161;613571;467014;52.2;39.7
34;2021-07-07;3211;8625;616782;475639;52.4;40.4
34;2021-07-08;4212;8829;620994;484468;52.8;41.2
34;2021-07-09;3850;9302;624844;493770;53.1;42.0
34;2021-07-10;2088;5692;626932;499462;53.3;42.5
34;2021-07-11;914;2572;627846;502034;53.4;42.7
34;2021-07-12;2817;8949;630663;510983;53.6;43.4
34;2021-07-13;4492;9976;635155;520959;54.0;44.3
34;2021-07-14;695;337;635850;521296;54.1;44.3
34;2021-07-15;5741;10324;641591;531620;54.6;45.2
34;2021-07-16;5616;10624;647207;542244;55.0;46.1
34;2021-07-17;4415;4359;651622;546603;55.4;46.5
34;2021-07-18;185;182;651807;546785;55.4;46.5
34;2021-07-19;4981;8239;656788;555024;55.8;47.2
35;2020-12-27;0;0;0;0;0.0;0.0
35;2020-12-28;0;0;0;0;0.0;0.0
35;2020-12-29;0;0;0;0;0.0;0.0
35;2020-12-30;0;0;0;0;0.0;0.0
35;2020-12-31;0;0;0;0;0.0;0.0
35;2021-01-01;2;0;2;0;0.0;0.0
35;2021-01-02;0;0;2;0;0.0;0.0
35;2021-01-03;0;0;2;0;0.0;0.0
35;2021-01-04;8;0;10;0;0.0;0.0
35;2021-01-05;107;0;117;0;0.0;0.0
35;2021-01-06;173;0;290;0;0.0;0.0
35;2021-01-07;438;2;728;2;0.1;0.0
35;2021-01-08;513;2;1241;4;0.1;0.0
35;2021-01-09;31;0;1272;4;0.1;0.0
35;2021-01-10;1;0;1273;4;0.1;0.0
35;2021-01-11;538;1;1811;5;0.2;0.0
35;2021-01-12;884;1;2695;6;0.2;0.0
35;2021-01-13;967;1;3662;7;0.3;0.0
35;2021-01-14;1254;18;4916;25;0.5;0.0
35;2021-01-15;725;2;5641;27;0.5;0.0
35;2021-01-16;186;1;5827;28;0.5;0.0
35;2021-01-17;43;0;5870;28;0.5;0.0
35;2021-01-18;1219;3;7089;31;0.7;0.0
35;2021-01-19;5365;9;12454;40;1.2;0.0
35;2021-01-20;3196;7;15650;47;1.4;0.0
35;2021-01-21;3624;5;19274;52;1.8;0.0
35;2021-01-22;2085;9;21359;61;2.0;0.0
35;2021-01-23;420;1;21779;62;2.0;0.0
35;2021-01-24;49;0;21828;62;2.0;0.0
35;2021-01-25;914;17;22742;79;2.1;0.0
35;2021-01-26;1127;137;23869;216;2.2;0.0
35;2021-01-27;1031;129;24900;345;2.3;0.0
35;2021-01-28;914;299;25814;644;2.4;0.1
35;2021-01-29;724;293;26538;937;2.5;0.1
35;2021-01-30;139;20;26677;957;2.5;0.1
35;2021-01-31;0;0;26677;957;2.5;0.1
35;2021-02-01;665;336;27342;1293;2.5;0.1
35;2021-02-02;719;490;28061;1783;2.6;0.2
35;2021-02-03;657;505;28718;2288;2.7;0.2
35;2021-02-04;588;657;29306;2945;2.7;0.3
35;2021-02-05;619;563;29925;3508;2.8;0.3
35;2021-02-06;165;5;30090;3513;2.8;0.3
35;2021-02-07;1;0;30091;3513;2.8;0.3
35;2021-02-08;445;660;30536;4173;2.8;0.4
35;2021-02-09;1710;3551;32246;7724;3.0;0.7
35;2021-02-10;1369;2707;33615;10431;3.1;1.0
35;2021-02-11;1915;3214;35530;13645;3.3;1.3
35;2021-02-12;1628;1737;37158;15382;3.4;1.4
35;2021-02-13;58;254;37216;15636;3.4;1.4
35;2021-02-14;7;68;37223;15704;3.4;1.5
35;2021-02-15;771;1102;37994;16806;3.5;1.6
35;2021-02-16;917;1031;38911;17837;3.6;1.6
35;2021-02-17;889;1101;39800;18938;3.7;1.8
35;2021-02-18;1015;997;40815;19935;3.8;1.8
35;2021-02-19;1008;970;41823;20905;3.9;1.9
35;2021-02-20;141;49;41964;20954;3.9;1.9
35;2021-02-21;1;0;41965;20954;3.9;1.9
35;2021-02-22;772;833;42737;21787;3.9;2.0
35;2021-02-23;1286;859;44023;22646;4.1;2.1
35;2021-02-24;1401;817;45424;23463;4.2;2.2
35;2021-02-25;2243;780;47667;24243;4.4;2.2
35;2021-02-26;2597;729;50264;24972;4.6;2.3
35;2021-02-27;868;100;51132;25072;4.7;2.3
35;2021-02-28;4;0;51136;25072;4.7;2.3
35;2021-03-01;952;693;52088;25765;4.8;2.4
35;2021-03-02;1629;1991;53717;27756;5.0;2.6
35;2021-03-03;1900;964;55617;28720;5.1;2.7
35;2021-03-04;2911;1402;58528;30122;5.4;2.8
35;2021-03-05;3708;1319;62236;31441;5.8;2.9
35;2021-03-06;1336;85;63572;31526;5.9;2.9
35;2021-03-07;0;40;63572;31566;5.9;2.9
35;2021-03-08;1469;579;65041;32145;6.0;3.0
35;2021-03-09;3225;584;68266;32729;6.3;3.0
35;2021-03-10;2895;557;71161;33286;6.6;3.1
35;2021-03-11;4188;688;75349;33974;7.0;3.1
35;2021-03-12;6046;577;81395;34551;7.5;3.2
35;2021-03-13;2422;126;83817;34677;7.7;3.2
35;2021-03-14;17;25;83834;34702;7.7;3.2
35;2021-03-15;1963;666;85797;35368;7.9;3.3
35;2021-03-16;2493;716;88290;36084;8.2;3.3
35;2021-03-17;2382;592;90672;36676;8.4;3.4
35;2021-03-18;2326;593;92998;37269;8.6;3.4
35;2021-03-19;3538;494;96536;37763;8.9;3.5
35;2021-03-20;1531;108;98067;37871;9.1;3.5
35;2021-03-21;34;1;98101;37872;9.1;3.5
35;2021-03-22;1742;840;99843;38712;9.2;3.6
35;2021-03-23;3612;1171;103455;39883;9.6;3.7
35;2021-03-24;3715;987;107170;40870;9.9;3.8
35;2021-03-25;5323;980;112493;41850;10.4;3.9
35;2021-03-26;5834;800;118327;42650;10.9;3.9
35;2021-03-27;1413;204;119740;42854;11.1;4.0
35;2021-03-28;4;0;119744;42854;11.1;4.0
35;2021-03-29;2776;911;122520;43765;11.3;4.0
35;2021-03-30;4284;1328;126804;45093;11.7;4.2
35;2021-03-31;3462;1333;130266;46426;12.0;4.3
35;2021-04-01;4241;1227;134507;47653;12.4;4.4
35;2021-04-02;4857;1199;139364;48852;12.9;4.5
35;2021-04-03;760;214;140124;49066;12.9;4.5
35;2021-04-04;5;0;140129;49066;13.0;4.5
35;2021-04-05;16;1;140145;49067;13.0;4.5
35;2021-04-06;3262;2046;143407;51113;13.3;4.7
35;2021-04-07;3952;1841;147359;52954;13.6;4.9
35;2021-04-08;5797;1567;153156;54521;14.2;5.0
35;2021-04-09;7418;1399;160574;55920;14.8;5.2
35;2021-04-10;1853;248;162427;56168;15.0;5.2
35;2021-04-11;35;23;162462;56191;15.0;5.2
35;2021-04-12;5129;1594;167591;57785;15.5;5.3
35;2021-04-13;7610;2755;175201;60540;16.2;5.6
35;2021-04-14;6310;2285;181511;62825;16.8;5.8
35;2021-04-15;7557;2145;189068;64970;17.5;6.0
35;2021-04-16;8078;1725;197146;66695;18.2;6.2
35;2021-04-17;1568;216;198714;66911;18.4;6.2
35;2021-04-18;8;3;198722;66914;18.4;6.2
35;2021-04-19;4806;1667;203528;68581;18.8;6.3
35;2021-04-20;5157;2628;208685;71209;19.3;6.6
35;2021-04-21;5129;2192;213814;73401;19.8;6.8
35;2021-04-22;6415;2301;220229;75702;20.4;7.0
35;2021-04-23;6801;2336;227030;78038;21.0;7.2
35;2021-04-24;1125;262;228155;78300;21.1;7.2
35;2021-04-25;3;16;228158;78316;21.1;7.2
35;2021-04-26;5086;2135;233244;80451;21.6;7.4
35;2021-04-27;6079;3190;239323;83641;22.1;7.7
35;2021-04-28;6165;2546;245488;86187;22.7;8.0
35;2021-04-29;7109;2741;252597;88928;23.3;8.2
35;2021-04-30;7544;2519;260141;91447;24.0;8.5
35;2021-05-01;612;237;260753;91684;24.1;8.5
35;2021-05-02;10;21;260763;91705;24.1;8.5
35;2021-05-03;5310;2321;266073;94026;24.6;8.7
35;2021-05-04;5077;5319;271150;99345;25.1;9.2
35;2021-05-05;4875;4436;276025;103781;25.5;9.6
35;2021-05-06;6156;5256;282181;109037;26.1;10.1
35;2021-05-07;5601;5240;287782;114277;26.6;10.6
35;2021-05-08;1717;135;289499;114412;26.8;10.6
35;2021-05-09;694;75;290193;114487;26.8;10.6
35;2021-05-10;3714;4959;293907;119446;27.2;11.0
35;2021-05-11;4748;5795;298655;125241;27.6;11.6
35;2021-05-12;5271;5492;303926;130733;28.1;12.1
35;2021-05-13;2687;1422;306613;132155;28.3;12.2
35;2021-05-14;5451;4280;312064;136435;28.8;12.6
35;2021-05-15;2924;714;314988;137149;29.1;12.7
35;2021-05-16;993;60;315981;137209;29.2;12.7
35;2021-05-17;4477;3882;320458;141091;29.6;13.0
35;2021-05-18;5832;4319;326290;145410;30.2;13.4
35;2021-05-19;5858;3615;332148;149025;30.7;13.8
35;2021-05-20;6436;4008;338584;153033;31.3;14.1
35;2021-05-21;6124;4761;344708;157794;31.9;14.6
35;2021-05-22;2108;738;346816;158532;32.1;14.7
35;2021-05-23;687;46;347503;158578;32.1;14.7
35;2021-05-24;3199;1293;350702;159871;32.4;14.8
35;2021-05-25;5536;4268;356238;164139;32.9;15.2
35;2021-05-26;5713;4156;361951;168295;33.4;15.6
35;2021-05-27;6514;4774;368465;173069;34.1;16.0
35;2021-05-28;6327;5577;374792;178646;34.6;16.5
35;2021-05-29;2872;1147;377664;179793;34.9;16.6
35;2021-05-30;875;39;378539;179832;35.0;16.6
35;2021-05-31;6303;4386;384842;184218;35.6;17.0
35;2021-06-01;7359;5115;392201;189333;36.2;17.5
35;2021-06-02;7200;3784;399401;193117;36.9;17.8
35;2021-06-03;8131;4988;407532;198105;37.7;18.3
35;2021-06-04;7252;7460;414784;205565;38.3;19.0
35;2021-06-05;4136;1576;418920;207141;38.7;19.1
35;2021-06-06;3048;148;421968;207289;39.0;19.2
35;2021-06-07;5771;5769;427739;213058;39.5;19.7
35;2021-06-08;7567;5941;435306;218999;40.2;20.2
35;2021-06-09;8419;4816;443725;223815;41.0;20.7
35;2021-06-10;9279;4739;453004;228554;41.9;21.1
35;2021-06-11;8597;7469;461601;236023;42.7;21.8
35;2021-06-12;4679;1204;466280;237227;43.1;21.9
35;2021-06-13;3374;222;469654;237449;43.4;21.9
35;2021-06-14;6189;6510;475843;243959;44.0;22.5
35;2021-06-15;7441;6956;483284;250915;44.7;23.2
35;2021-06-16;8263;5619;491547;256534;45.4;23.7
35;2021-06-17;8824;5895;500371;262429;46.2;24.3
35;2021-06-18;8610;8097;508981;270526;47.0;25.0
35;2021-06-19;1492;2509;510473;273035;47.2;25.2
35;2021-06-20;2946;882;513419;273917;47.4;25.3
35;2021-06-21;5855;6380;519274;280297;48.0;25.9
35;2021-06-22;6749;7509;526023;287806;48.6;26.6
35;2021-06-23;7171;6145;533194;293951;49.3;27.2
35;2021-06-24;8289;5907;541483;299858;50.0;27.7
35;2021-06-25;6562;8467;548045;308325;50.6;28.5
35;2021-06-26;1088;3083;549133;311408;50.7;28.8
35;2021-06-27;2620;1026;551753;312434;51.0;28.9
35;2021-06-28;4252;7771;556005;320205;51.4;29.6
35;2021-06-29;5019;7980;561024;328185;51.8;30.3
35;2021-06-30;5536;7890;566560;336075;52.4;31.1
35;2021-07-01;6399;7536;572959;343611;53.0;31.8
35;2021-07-02;5279;9861;578238;353472;53.4;32.7
35;2021-07-03;1063;2843;579301;356315;53.5;32.9
35;2021-07-04;2139;1550;581440;357865;53.7;33.1
35;2021-07-05;3679;8209;585119;366074;54.1;33.8
35;2021-07-06;4703;9468;589822;375542;54.5;34.7
35;2021-07-07;4968;8327;594790;383869;55.0;35.5
35;2021-07-08;5283;8486;600073;392355;55.5;36.3
35;2021-07-09;3843;11539;603916;403894;55.8;37.3
35;2021-07-10;881;3148;604797;407042;55.9;37.6
35;2021-07-11;1290;2358;606087;409400;56.0;37.8
35;2021-07-12;3031;9149;609118;418549;56.3;38.7
35;2021-07-13;3936;10739;613054;429288;56.7;39.7
35;2021-07-14;2132;4445;615186;433733;56.9;40.1
35;2021-07-15;4197;10161;619383;443894;57.2;41.0
35;2021-07-16;4659;10984;624042;454878;57.7;42.0
35;2021-07-17;1959;4051;626001;458929;57.9;42.4
35;2021-07-18;841;2568;626842;461497;57.9;42.6
35;2021-07-19;3188;8950;630030;470447;58.2;43.5
36;2020-12-27;0;0;0;0;0.0;0.0
36;2020-12-28;0;0;0;0;0.0;0.0
36;2020-12-29;0;0;0;0;0.0;0.0
36;2020-12-30;0;0;0;0;0.0;0.0
36;2020-12-31;0;0;0;0;0.0;0.0
36;2021-01-01;0;0;0;0;0.0;0.0
36;2021-01-02;0;0;0;0;0.0;0.0
36;2021-01-03;0;0;0;0;0.0;0.0
36;2021-01-04;0;0;0;0;0.0;0.0
36;2021-01-05;0;0;0;0;0.0;0.0
36;2021-01-06;23;0;23;0;0.0;0.0
36;2021-01-07;51;0;74;0;0.0;0.0
36;2021-01-08;111;0;185;0;0.1;0.0
36;2021-01-09;83;0;268;0;0.1;0.0
36;2021-01-10;142;0;410;0;0.2;0.0
36;2021-01-11;238;1;648;1;0.3;0.0
36;2021-01-12;281;0;929;1;0.4;0.0
36;2021-01-13;198;1;1127;2;0.5;0.0
36;2021-01-14;505;4;1632;6;0.8;0.0
36;2021-01-15;179;1;1811;7;0.8;0.0
36;2021-01-16;24;0;1835;7;0.8;0.0
36;2021-01-17;16;2;1851;9;0.9;0.0
36;2021-01-18;613;5;2464;14;1.1;0.0
36;2021-01-19;1154;2;3618;16;1.7;0.0
36;2021-01-20;1096;2;4714;18;2.2;0.0
36;2021-01-21;720;0;5434;18;2.5;0.0
36;2021-01-22;856;3;6290;21;2.9;0.0
36;2021-01-23;295;0;6585;21;3.0;0.0
36;2021-01-24;185;1;6770;22;3.1;0.0
36;2021-01-25;640;4;7410;26;3.4;0.0
36;2021-01-26;609;1;8019;27;3.7;0.0
36;2021-01-27;845;18;8864;45;4.1;0.0
36;2021-01-28;477;47;9341;92;4.3;0.0
36;2021-01-29;573;98;9914;190;4.6;0.1
36;2021-01-30;288;73;10202;263;4.7;0.1
36;2021-01-31;115;136;10317;399;4.8;0.2
36;2021-02-01;378;100;10695;499;4.9;0.2
36;2021-02-02;410;175;11105;674;5.1;0.3
36;2021-02-03;471;264;11576;938;5.3;0.4
36;2021-02-04;275;281;11851;1219;5.5;0.6
36;2021-02-05;302;164;12153;1383;5.6;0.6
36;2021-02-06;0;0;12153;1383;5.6;0.6
36;2021-02-07;1;0;12154;1383;5.6;0.6
36;2021-02-08;280;258;12434;1641;5.7;0.8
36;2021-02-09;326;609;12760;2250;5.9;1.0
36;2021-02-10;487;658;13247;2908;6.1;1.3
36;2021-02-11;383;600;13630;3508;6.3;1.6
36;2021-02-12;301;461;13931;3969;6.4;1.8
36;2021-02-13;126;83;14057;4052;6.5;1.9
36;2021-02-14;22;46;14079;4098;6.5;1.9
36;2021-02-15;42;576;14121;4674;6.5;2.2
36;2021-02-16;105;419;14226;5093;6.6;2.3
36;2021-02-17;117;627;14343;5720;6.6;2.6
36;2021-02-18;162;621;14505;6341;6.7;2.9
36;2021-02-19;181;541;14686;6882;6.8;3.2
36;2021-02-20;85;240;14771;7122;6.8;3.3
36;2021-02-21;88;157;14859;7279;6.8;3.4
36;2021-02-22;162;507;15021;7786;6.9;3.6
36;2021-02-23;62;576;15083;8362;6.9;3.9
36;2021-02-24;112;683;15195;9045;7.0;4.2
36;2021-02-25;251;283;15446;9328;7.1;4.3
36;2021-02-26;339;474;15785;9802;7.3;4.5
36;2021-02-27;70;279;15855;10081;7.3;4.6
36;2021-02-28;14;98;15869;10179;7.3;4.7
36;2021-03-01;218;343;16087;10522;7.4;4.8
36;2021-03-02;352;363;16439;10885;7.6;5.0
36;2021-03-03;392;526;16831;11411;7.8;5.3
36;2021-03-04;662;376;17493;11787;8.1;5.4
36;2021-03-05;799;313;18292;12100;8.4;5.6
36;2021-03-06;410;16;18702;12116;8.6;5.6
36;2021-03-07;339;7;19041;12123;8.8;5.6
36;2021-03-08;251;315;19292;12438;8.9;5.7
36;2021-03-09;446;267;19738;12705;9.1;5.9
36;2021-03-10;715;414;20453;13119;9.4;6.0
36;2021-03-11;834;264;21287;13383;9.8;6.2
36;2021-03-12;1444;296;22731;13679;10.5;6.3
36;2021-03-13;573;121;23304;13800;10.7;6.4
36;2021-03-14;113;0;23417;13800;10.8;6.4
36;2021-03-15;648;156;24065;13956;11.1;6.4
36;2021-03-16;447;66;24512;14022;11.3;6.5
36;2021-03-17;764;88;25276;14110;11.6;6.5
36;2021-03-18;414;70;25690;14180;11.8;6.5
36;2021-03-19;735;44;26425;14224;12.2;6.6
36;2021-03-20;450;24;26875;14248;12.4;6.6
36;2021-03-21;0;0;26875;14248;12.4;6.6
36;2021-03-22;496;55;27371;14303;12.6;6.6
36;2021-03-23;776;55;28147;14358;13.0;6.6
36;2021-03-24;1087;73;29234;14431;13.5;6.6
36;2021-03-25;1333;83;30567;14514;14.1;6.7
36;2021-03-26;1419;150;31986;14664;14.7;6.8
36;2021-03-27;475;42;32461;14706;14.9;6.8
36;2021-03-28;68;57;32529;14763;15.0;6.8
36;2021-03-29;461;183;32990;14946;15.2;6.9
36;2021-03-30;582;263;33572;15209;15.5;7.0
36;2021-03-31;1258;165;34830;15374;16.0;7.1
36;2021-04-01;1083;430;35913;15804;16.5;7.3
36;2021-04-02;964;130;36877;15934;17.0;7.3
36;2021-04-03;282;174;37159;16108;17.1;7.4
36;2021-04-04;42;2;37201;16110;17.1;7.4
36;2021-04-05;15;46;37216;16156;17.1;7.4
36;2021-04-06;820;360;38036;16516;17.5;7.6
36;2021-04-07;1073;536;39109;17052;18.0;7.9
36;2021-04-08;1347;476;40456;17528;18.6;8.1
36;2021-04-09;1936;395;42392;17923;19.5;8.3
36;2021-04-10;593;239;42985;18162;19.8;8.4
36;2021-04-11;256;89;43241;18251;19.9;8.4
36;2021-04-12;849;558;44090;18809;20.3;8.7
36;2021-04-13;1137;516;45227;19325;20.8;8.9
36;2021-04-14;1582;856;46809;20181;21.6;9.3
36;2021-04-15;1652;461;48461;20642;22.3;9.5
36;2021-04-16;1486;466;49947;21108;23.0;9.7
36;2021-04-17;893;245;50840;21353;23.4;9.8
36;2021-04-18;383;7;51223;21360;23.6;9.8
36;2021-04-19;874;440;52097;21800;24.0;10.0
36;2021-04-20;1145;519;53242;22319;24.5;10.3
36;2021-04-21;1240;875;54482;23194;25.1;10.7
36;2021-04-22;1592;862;56074;24056;25.8;11.1
36;2021-04-23;1323;611;57397;24667;26.4;11.4
36;2021-04-24;678;375;58075;25042;26.7;11.5
36;2021-04-25;413;95;58488;25137;26.9;11.6
36;2021-04-26;1133;443;59621;25580;27.5;11.8
36;2021-04-27;1279;546;60900;26126;28.0;12.0
36;2021-04-28;1489;1058;62389;27184;28.7;12.5
36;2021-04-29;2015;699;64404;27883;29.7;12.8
36;2021-04-30;1551;445;65955;28328;30.4;13.0
36;2021-05-01;724;63;66679;28391;30.7;13.1
36;2021-05-02;498;61;67177;28452;30.9;13.1
36;2021-05-03;1292;305;68469;28757;31.5;13.2
36;2021-05-04;779;806;69248;29563;31.9;13.6
36;2021-05-05;1281;1305;70529;30868;32.5;14.2
36;2021-05-06;2135;788;72664;31656;33.5;14.6
36;2021-05-07;1465;764;74129;32420;34.1;14.9
36;2021-05-08;306;103;74435;32523;34.3;15.0
36;2021-05-09;175;343;74610;32866;34.4;15.1
36;2021-05-10;1215;810;75825;33676;34.9;15.5
36;2021-05-11;1722;1238;77547;34914;35.7;16.1
36;2021-05-12;1813;1474;79360;36388;36.5;16.8
36;2021-05-13;548;304;79908;36692;36.8;16.9
36;2021-05-14;698;1036;80606;37728;37.1;17.4
36;2021-05-15;634;588;81240;38316;37.4;17.6
36;2021-05-16;337;377;81577;38693;37.6;17.8
36;2021-05-17;614;943;82191;39636;37.9;18.3
36;2021-05-18;874;938;83065;40574;38.3;18.7
36;2021-05-19;1330;840;84395;41414;38.9;19.1
36;2021-05-20;1609;1208;86004;42622;39.6;19.6
36;2021-05-21;1106;1069;87110;43691;40.1;20.1
36;2021-05-22;677;341;87787;44032;40.4;20.3
36;2021-05-23;425;294;88212;44326;40.6;20.4
36;2021-05-24;505;468;88717;44794;40.9;20.6
36;2021-05-25;1045;685;89762;45479;41.3;20.9
36;2021-05-26;1474;1163;91236;46642;42.0;21.5
36;2021-05-27;1398;974;92634;47616;42.7;21.9
36;2021-05-28;922;1482;93556;49098;43.1;22.6
36;2021-05-29;700;507;94256;49605;43.4;22.8
36;2021-05-30;110;573;94366;50178;43.5;23.1
36;2021-05-31;1137;761;95503;50939;44.0;23.5
36;2021-06-01;1408;823;96911;51762;44.6;23.8
36;2021-06-02;2057;587;98968;52349;45.6;24.1
36;2021-06-03;1889;1173;100857;53522;46.4;24.6
36;2021-06-04;1770;1045;102627;54567;47.3;25.1
36;2021-06-05;690;654;103317;55221;47.6;25.4
36;2021-06-06;336;271;103653;55492;47.7;25.6
36;2021-06-07;982;807;104635;56299;48.2;25.9
36;2021-06-08;956;979;105591;57278;48.6;26.4
36;2021-06-09;1668;1042;107259;58320;49.4;26.9
36;2021-06-10;1528;1357;108787;59677;50.1;27.5
36;2021-06-11;1285;1498;110072;61175;50.7;28.2
36;2021-06-12;917;780;110989;61955;51.1;28.5
36;2021-06-13;342;270;111331;62225;51.3;28.7
36;2021-06-14;604;1269;111935;63494;51.5;29.2
36;2021-06-15;730;1215;112665;64709;51.9;29.8
36;2021-06-16;899;1519;113564;66228;52.3;30.5
36;2021-06-17;746;1905;114310;68133;52.6;31.4
36;2021-06-18;704;1882;115014;70015;53.0;32.2
36;2021-06-19;294;395;115308;70410;53.1;32.4
36;2021-06-20;235;326;115543;70736;53.2;32.6
36;2021-06-21;683;1450;116226;72186;53.5;33.2
36;2021-06-22;839;1552;117065;73738;53.9;34.0
36;2021-06-23;770;1795;117835;75533;54.3;34.8
36;2021-06-24;850;1524;118685;77057;54.7;35.5
36;2021-06-25;938;1221;119623;78278;55.1;36.0
36;2021-06-26;321;602;119944;78880;55.2;36.3
36;2021-06-27;104;267;120048;79147;55.3;36.4
36;2021-06-28;694;929;120742;80076;55.6;36.9
36;2021-06-29;679;1460;121421;81536;55.9;37.6
36;2021-06-30;824;2159;122245;83695;56.3;38.5
36;2021-07-01;350;1086;122595;84781;56.5;39.0
36;2021-07-02;736;1848;123331;86629;56.8;39.9
36;2021-07-03;465;884;123796;87513;57.0;40.3
36;2021-07-04;183;327;123979;87840;57.1;40.5
36;2021-07-05;491;1334;124470;89174;57.3;41.1
36;2021-07-06;491;1216;124961;90390;57.5;41.6
36;2021-07-07;577;1795;125538;92185;57.8;42.5
36;2021-07-08;540;1701;126078;93886;58.1;43.2
36;2021-07-09;776;1653;126854;95539;58.4;44.0
36;2021-07-10;464;1119;127318;96658;58.6;44.5
36;2021-07-11;256;154;127574;96812;58.8;44.6
36;2021-07-12;326;1631;127900;98443;58.9;45.3
36;2021-07-13;309;1938;128209;100381;59.0;46.2
36;2021-07-14;375;761;128584;101142;59.2;46.6
36;2021-07-15;874;2165;129458;103307;59.6;47.6
36;2021-07-16;592;1870;130050;105177;59.9;48.4
36;2021-07-17;395;859;130445;106036;60.1;48.8
36;2021-07-18;193;407;130638;106443;60.2;49.0
36;2021-07-19;548;1455;131186;107898;60.4;49.7
37;2020-12-27;0;0;0;0;0.0;0.0
37;2020-12-28;17;0;17;0;0.0;0.0
37;2020-12-29;10;0;27;0;0.0;0.0
37;2020-12-30;0;0;27;0;0.0;0.0
37;2020-12-31;0;0;27;0;0.0;0.0
37;2021-01-01;0;0;27;0;0.0;0.0
37;2021-01-02;0;0;27;0;0.0;0.0
37;2021-01-03;0;0;27;0;0.0;0.0
37;2021-01-04;21;0;48;0;0.0;0.0
37;2021-01-05;47;0;95;0;0.0;0.0
37;2021-01-06;79;0;174;0;0.0;0.0
37;2021-01-07;115;0;289;0;0.0;0.0
37;2021-01-08;442;0;731;0;0.1;0.0
37;2021-01-09;79;0;810;0;0.1;0.0
37;2021-01-10;83;0;893;0;0.1;0.0
37;2021-01-11;280;0;1173;0;0.2;0.0
37;2021-01-12;657;4;1830;4;0.3;0.0
37;2021-01-13;560;1;2390;5;0.4;0.0
37;2021-01-14;521;3;2911;8;0.5;0.0
37;2021-01-15;626;1;3537;9;0.6;0.0
37;2021-01-16;301;2;3838;11;0.6;0.0
37;2021-01-17;261;1;4099;12;0.7;0.0
37;2021-01-18;733;8;4832;20;0.8;0.0
37;2021-01-19;1242;8;6074;28;1.0;0.0
37;2021-01-20;1037;3;7111;31;1.2;0.0
37;2021-01-21;854;0;7965;31;1.3;0.0
37;2021-01-22;765;1;8730;32;1.4;0.0
37;2021-01-23;172;0;8902;32;1.5;0.0
37;2021-01-24;0;0;8902;32;1.5;0.0
37;2021-01-25;535;12;9437;44;1.6;0.0
37;2021-01-26;1812;66;11249;110;1.9;0.0
37;2021-01-27;1520;75;12769;185;2.1;0.0
37;2021-01-28;1527;92;14296;277;2.4;0.0
37;2021-01-29;630;309;14926;586;2.5;0.1
37;2021-01-30;202;64;15128;650;2.5;0.1
37;2021-01-31;15;65;15143;715;2.5;0.1
37;2021-02-01;332;200;15475;915;2.6;0.2
37;2021-02-02;522;530;15997;1445;2.6;0.2
37;2021-02-03;661;354;16658;1799;2.8;0.3
37;2021-02-04;546;411;17204;2210;2.8;0.4
37;2021-02-05;465;443;17669;2653;2.9;0.4
37;2021-02-06;189;2;17858;2655;2.9;0.4
37;2021-02-07;20;1;17878;2656;3.0;0.4
37;2021-02-08;330;329;18208;2985;3.0;0.5
37;2021-02-09;625;723;18833;3708;3.1;0.6
37;2021-02-10;663;513;19496;4221;3.2;0.7
37;2021-02-11;611;560;20107;4781;3.3;0.8
37;2021-02-12;489;553;20596;5334;3.4;0.9
37;2021-02-13;153;207;20749;5541;3.4;0.9
37;2021-02-14;1;71;20750;5612;3.4;0.9
37;2021-02-15;426;488;21176;6100;3.5;1.0
37;2021-02-16;842;1451;22018;7551;3.6;1.2
37;2021-02-17;633;1375;22651;8926;3.7;1.5
37;2021-02-18;896;1416;23547;10342;3.9;1.7
37;2021-02-19;793;841;24340;11183;4.0;1.8
37;2021-02-20;245;212;24585;11395;4.1;1.9
37;2021-02-21;5;1;24590;11396;4.1;1.9
37;2021-02-22;337;569;24927;11965;4.1;2.0
37;2021-02-23;604;629;25531;12594;4.2;2.1
37;2021-02-24;571;619;26102;13213;4.3;2.2
37;2021-02-25;874;613;26976;13826;4.5;2.3
37;2021-02-26;1113;576;28089;14402;4.6;2.4
37;2021-02-27;583;186;28672;14588;4.7;2.4
37;2021-02-28;23;0;28695;14588;4.7;2.4
37;2021-03-01;603;360;29298;14948;4.8;2.5
37;2021-03-02;1090;538;30388;15486;5.0;2.6
37;2021-03-03;970;546;31358;16032;5.2;2.6
37;2021-03-04;1603;476;32961;16508;5.4;2.7
37;2021-03-05;2127;552;35088;17060;5.8;2.8
37;2021-03-06;1165;205;36253;17265;6.0;2.9
37;2021-03-07;471;60;36724;17325;6.1;2.9
37;2021-03-08;664;404;37388;17729;6.2;2.9
37;2021-03-09;1649;698;39037;18427;6.4;3.0
37;2021-03-10;1607;744;40644;19171;6.7;3.2
37;2021-03-11;2045;692;42689;19863;7.1;3.3
37;2021-03-12;3206;459;45895;20322;7.6;3.4
37;2021-03-13;1951;184;47846;20506;7.9;3.4
37;2021-03-14;204;4;48050;20510;7.9;3.4
37;2021-03-15;1065;249;49115;20759;8.1;3.4
37;2021-03-16;1048;525;50163;21284;8.3;3.5
37;2021-03-17;934;276;51097;21560;8.4;3.6
37;2021-03-18;1030;523;52127;22083;8.6;3.6
37;2021-03-19;2215;329;54342;22412;9.0;3.7
37;2021-03-20;1331;137;55673;22549;9.2;3.7
37;2021-03-21;202;4;55875;22553;9.2;3.7
37;2021-03-22;1286;242;57161;22795;9.4;3.8
37;2021-03-23;2251;563;59412;23358;9.8;3.9
37;2021-03-24;2244;456;61656;23814;10.2;3.9
37;2021-03-25;2974;442;64630;24256;10.7;4.0
37;2021-03-26;3523;396;68153;24652;11.3;4.1
37;2021-03-27;1172;122;69325;24774;11.5;4.1
37;2021-03-28;138;1;69463;24775;11.5;4.1
37;2021-03-29;1601;341;71064;25116;11.7;4.1
37;2021-03-30;2521;617;73585;25733;12.2;4.3
37;2021-03-31;2043;480;75628;26213;12.5;4.3
37;2021-04-01;2599;961;78227;27174;12.9;4.5
37;2021-04-02;2812;658;81039;27832;13.4;4.6
37;2021-04-03;816;220;81855;28052;13.5;4.6
37;2021-04-04;101;1;81956;28053;13.5;4.6
37;2021-04-05;3;0;81959;28053;13.5;4.6
37;2021-04-06;2231;776;84190;28829;13.9;4.8
37;2021-04-07;3165;849;87355;29678;14.4;4.9
37;2021-04-08;4036;959;91391;30637;15.1;5.1
37;2021-04-09;4537;931;95928;31568;15.8;5.2
37;2021-04-10;1326;427;97254;31995;16.1;5.3
37;2021-04-11;104;1;97358;31996;16.1;5.3
37;2021-04-12;2638;669;99996;32665;16.5;5.4
37;2021-04-13;4110;1142;104106;33807;17.2;5.6
37;2021-04-14;3041;896;107147;34703;17.7;5.7
37;2021-04-15;3753;1004;110900;35707;18.3;5.9
37;2021-04-16;4353;1203;115253;36910;19.0;6.1
37;2021-04-17;1147;217;116400;37127;19.2;6.1
37;2021-04-18;95;2;116495;37129;19.2;6.1
37;2021-04-19;2479;844;118974;37973;19.7;6.3
37;2021-04-20;3235;1325;122209;39298;20.2;6.5
37;2021-04-21;2930;1148;125139;40446;20.7;6.7
37;2021-04-22;3455;1394;128594;41840;21.2;6.9
37;2021-04-23;3686;1797;132280;43637;21.9;7.2
37;2021-04-24;1004;386;133284;44023;22.0;7.3
37;2021-04-25;44;2;133328;44025;22.0;7.3
37;2021-04-26;2963;1329;136291;45354;22.5;7.5
37;2021-04-27;4181;1799;140472;47153;23.2;7.8
37;2021-04-28;3460;1926;143932;49079;23.8;8.1
37;2021-04-29;4578;2010;148510;51089;24.5;8.4
37;2021-04-30;5054;1975;153564;53064;25.4;8.8
37;2021-05-01;639;209;154203;53273;25.5;8.8
37;2021-05-02;103;14;154306;53287;25.5;8.8
37;2021-05-03;2670;1941;156976;55228;25.9;9.1
37;2021-05-04;3733;2698;160709;57926;26.5;9.6
37;2021-05-05;3495;2079;164204;60005;27.1;9.9
37;2021-05-06;4992;1942;169196;61947;27.9;10.2
37;2021-05-07;4685;2877;173881;64824;28.7;10.7
37;2021-05-08;532;312;174413;65136;28.8;10.8
37;2021-05-09;63;41;174476;65177;28.8;10.8
37;2021-05-10;2162;3488;176638;68665;29.2;11.3
37;2021-05-11;3865;3877;180503;72542;29.8;12.0
37;2021-05-12;4029;2533;184532;75075;30.5;12.4
37;2021-05-13;1134;514;185666;75589;30.7;12.5
37;2021-05-14;4043;2678;189709;78267;31.3;12.9
37;2021-05-15;2321;742;192030;79009;31.7;13.1
37;2021-05-16;22;71;192052;79080;31.7;13.1
37;2021-05-17;2762;2057;194814;81137;32.2;13.4
37;2021-05-18;3872;2352;198686;83489;32.8;13.8
37;2021-05-19;3494;1797;202180;85286;33.4;14.1
37;2021-05-20;4748;1773;206928;87059;34.2;14.4
37;2021-05-21;4527;2564;211455;89623;34.9;14.8
37;2021-05-22;1074;752;212529;90375;35.1;14.9
37;2021-05-23;71;89;212600;90464;35.1;14.9
37;2021-05-24;511;106;213111;90570;35.2;15.0
37;2021-05-25;5118;2173;218229;92743;36.0;15.3
37;2021-05-26;4928;2081;223157;94824;36.9;15.7
37;2021-05-27;5983;2368;229140;97192;37.9;16.1
37;2021-05-28;6022;3262;235162;100454;38.8;16.6
37;2021-05-29;1517;1166;236679;101620;39.1;16.8
37;2021-05-30;55;159;236734;101779;39.1;16.8
37;2021-05-31;3647;2528;240381;104307;39.7;17.2
37;2021-06-01;5841;3615;246222;107922;40.7;17.8
37;2021-06-02;5066;2446;251288;110368;41.5;18.2
37;2021-06-03;6084;2881;257372;113249;42.5;18.7
37;2021-06-04;5504;4200;262876;117449;43.4;19.4
37;2021-06-05;1855;1305;264731;118754;43.7;19.6
37;2021-06-06;49;196;264780;118950;43.7;19.6
37;2021-06-07;3016;4167;267796;123117;44.2;20.3
37;2021-06-08;4186;4656;271982;127773;44.9;21.1
37;2021-06-09;3875;3566;275857;131339;45.6;21.7
37;2021-06-10;5223;3611;281080;134950;46.4;22.3
37;2021-06-11;4969;4825;286049;139775;47.3;23.1
37;2021-06-12;3549;1345;289598;141120;47.8;23.3
37;2021-06-13;15;164;289613;141284;47.8;23.3
37;2021-06-14;2662;4042;292275;145326;48.3;24.0
37;2021-06-15;3889;4765;296164;150091;48.9;24.8
37;2021-06-16;3250;3598;299414;153689;49.5;25.4
37;2021-06-17;3997;4495;303411;158184;50.1;26.1
37;2021-06-18;4691;5073;308102;163257;50.9;27.0
37;2021-06-19;2511;1101;310613;164358;51.3;27.1
37;2021-06-20;7;183;310620;164541;51.3;27.2
37;2021-06-21;2411;3828;313031;168369;51.7;27.8
37;2021-06-22;2956;5024;315987;173393;52.2;28.6
37;2021-06-23;2603;3653;318590;177046;52.6;29.2
37;2021-06-24;2845;3544;321435;180590;53.1;29.8
37;2021-06-25;3285;4883;324720;185473;53.6;30.6
37;2021-06-26;1228;3086;325948;188559;53.8;31.1
37;2021-06-27;23;142;325971;188701;53.8;31.2
37;2021-06-28;1687;4518;327658;193219;54.1;31.9
37;2021-06-29;1878;6230;329536;199449;54.4;32.9
37;2021-06-30;1838;4436;331374;203885;54.7;33.7
37;2021-07-01;2071;4805;333445;208690;55.1;34.5
37;2021-07-02;2659;5583;336104;214273;55.5;35.4
37;2021-07-03;941;2139;337045;216412;55.7;35.7
37;2021-07-04;3;104;337048;216516;55.7;35.8
37;2021-07-05;1665;5147;338713;221663;56.0;36.6
37;2021-07-06;1975;6759;340688;228422;56.3;37.7
37;2021-07-07;1931;5460;342619;233882;56.6;38.6
37;2021-07-08;2433;6662;345052;240544;57.0;39.7
37;2021-07-09;1967;7643;347019;248187;57.3;41.0
37;2021-07-10;1010;2615;348029;250802;57.5;41.4
37;2021-07-11;14;95;348043;250897;57.5;41.4
37;2021-07-12;1119;5980;349162;256877;57.7;42.4
37;2021-07-13;1603;7823;350765;264700;57.9;43.7
37;2021-07-14;522;403;351287;265103;58.0;43.8
37;2021-07-15;2596;7479;353883;272582;58.5;45.0
37;2021-07-16;2727;7791;356610;280373;58.9;46.3
37;2021-07-17;1192;2433;357802;282806;59.1;46.7
37;2021-07-18;50;53;357852;282859;59.1;46.7
37;2021-07-19;1631;6112;359483;288971;59.4;47.7
38;2020-12-27;0;0;0;0;0.0;0.0
38;2020-12-28;0;0;0;0;0.0;0.0
38;2020-12-29;0;0;0;0;0.0;0.0
38;2020-12-30;0;0;0;0;0.0;0.0
38;2020-12-31;5;0;5;0;0.0;0.0
38;2021-01-01;1;0;6;0;0.0;0.0
38;2021-01-02;0;0;6;0;0.0;0.0
38;2021-01-03;0;0;6;0;0.0;0.0
38;2021-01-04;162;0;168;0;0.0;0.0
38;2021-01-05;257;1;425;1;0.0;0.0
38;2021-01-06;365;0;790;1;0.1;0.0
38;2021-01-07;636;1;1426;2;0.1;0.0
38;2021-01-08;693;0;2119;2;0.2;0.0
38;2021-01-09;30;0;2149;2;0.2;0.0
38;2021-01-10;0;0;2149;2;0.2;0.0
38;2021-01-11;797;2;2946;4;0.2;0.0
38;2021-01-12;1468;2;4414;6;0.3;0.0
38;2021-01-13;1072;4;5486;10;0.4;0.0
38;2021-01-14;1675;15;7161;25;0.6;0.0
38;2021-01-15;1670;7;8831;32;0.7;0.0
38;2021-01-16;307;2;9138;34;0.7;0.0
38;2021-01-17;3;0;9141;34;0.7;0.0
38;2021-01-18;1174;4;10315;38;0.8;0.0
38;2021-01-19;2232;4;12547;42;1.0;0.0
38;2021-01-20;1876;2;14423;44;1.1;0.0
38;2021-01-21;1617;6;16040;50;1.3;0.0
38;2021-01-22;1396;7;17436;57;1.4;0.0
38;2021-01-23;379;3;17815;60;1.4;0.0
38;2021-01-24;1;0;17816;60;1.4;0.0
38;2021-01-25;788;107;18604;167;1.5;0.0
38;2021-01-26;854;183;19458;350;1.5;0.0
38;2021-01-27;1088;278;20546;628;1.6;0.0
38;2021-01-28;1152;479;21698;1107;1.7;0.1
38;2021-01-29;947;380;22645;1487;1.8;0.1
38;2021-01-30;304;1;22949;1488;1.8;0.1
38;2021-01-31;0;0;22949;1488;1.8;0.1
38;2021-02-01;703;598;23652;2086;1.9;0.2
38;2021-02-02;966;965;24618;3051;1.9;0.2
38;2021-02-03;1230;694;25848;3745;2.0;0.3
38;2021-02-04;1277;972;27125;4717;2.1;0.4
38;2021-02-05;1397;849;28522;5566;2.3;0.4
38;2021-02-06;186;95;28708;5661;2.3;0.4
38;2021-02-07;0;48;28708;5709;2.3;0.5
38;2021-02-08;859;797;29567;6506;2.3;0.5
38;2021-02-09;1540;1302;31107;7808;2.5;0.6
38;2021-02-10;1576;1282;32683;9090;2.6;0.7
38;2021-02-11;1867;1149;34550;10239;2.7;0.8
38;2021-02-12;1508;1116;36058;11355;2.9;0.9
38;2021-02-13;467;187;36525;11542;2.9;0.9
38;2021-02-14;1;7;36526;11549;2.9;0.9
38;2021-02-15;974;938;37500;12487;3.0;1.0
38;2021-02-16;1381;973;38881;13460;3.1;1.1
38;2021-02-17;1369;1065;40250;14525;3.2;1.1
38;2021-02-18;1779;1061;42029;15586;3.3;1.2
38;2021-02-19;1254;873;43283;16459;3.4;1.3
38;2021-02-20;471;313;43754;16772;3.5;1.3
38;2021-02-21;0;0;43754;16772;3.5;1.3
38;2021-02-22;1074;908;44828;17680;3.5;1.4
38;2021-02-23;1539;947;46367;18627;3.7;1.5
38;2021-02-24;1727;1132;48094;19759;3.8;1.6
38;2021-02-25;2491;1044;50585;20803;4.0;1.6
38;2021-02-26;3302;967;53887;21770;4.3;1.7
38;2021-02-27;1509;417;55396;22187;4.4;1.8
38;2021-02-28;33;1;55429;22188;4.4;1.8
38;2021-03-01;2472;765;57901;22953;4.6;1.8
38;2021-03-02;4040;1033;61941;23986;4.9;1.9
38;2021-03-03;3337;1205;65278;25191;5.2;2.0
38;2021-03-04;4477;1354;69755;26545;5.5;2.1
38;2021-03-05;5225;1172;74980;27717;5.9;2.2
38;2021-03-06;3040;245;78020;27962;6.2;2.2
38;2021-03-07;112;1;78132;27963;6.2;2.2
38;2021-03-08;2420;892;80552;28855;6.4;2.3
38;2021-03-09;4020;1284;84572;30139;6.7;2.4
38;2021-03-10;3494;1056;88066;31195;7.0;2.5
38;2021-03-11;5137;1494;93203;32689;7.4;2.6
38;2021-03-12;7083;1114;100286;33803;7.9;2.7
38;2021-03-13;3768;190;104054;33993;8.2;2.7
38;2021-03-14;544;11;104598;34004;8.3;2.7
38;2021-03-15;2696;992;107294;34996;8.5;2.8
38;2021-03-16;2077;1369;109371;36365;8.6;2.9
38;2021-03-17;2020;1197;111391;37562;8.8;3.0
38;2021-03-18;2632;1357;114023;38919;9.0;3.1
38;2021-03-19;4002;1047;118025;39966;9.3;3.2
38;2021-03-20;1820;233;119845;40199;9.5;3.2
38;2021-03-21;127;8;119972;40207;9.5;3.2
38;2021-03-22;2858;997;122830;41204;9.7;3.3
38;2021-03-23;4770;1484;127600;42688;10.1;3.4
38;2021-03-24;3708;1566;131308;44254;10.4;3.5
38;2021-03-25;5785;1516;137093;45770;10.8;3.6
38;2021-03-26;6598;1722;143691;47492;11.4;3.8
38;2021-03-27;2509;741;146200;48233;11.6;3.8
38;2021-03-28;924;34;147124;48267;11.6;3.8
38;2021-03-29;2671;1848;149795;50115;11.8;4.0
38;2021-03-30;4560;2527;154355;52642;12.2;4.2
38;2021-03-31;3655;2217;158010;54859;12.5;4.3
38;2021-04-01;5125;2461;163135;57320;12.9;4.5
38;2021-04-02;3861;2508;166996;59828;13.2;4.7
38;2021-04-03;1414;938;168410;60766;13.3;4.8
38;2021-04-04;425;46;168835;60812;13.3;4.8
38;2021-04-05;2169;324;171004;61136;13.5;4.8
38;2021-04-06;4337;2384;175341;63520;13.9;5.0
38;2021-04-07;4409;2714;179750;66234;14.2;5.2
38;2021-04-08;5636;2646;185386;68880;14.7;5.4
38;2021-04-09;8545;2700;193931;71580;15.3;5.7
38;2021-04-10;3595;1455;197526;73035;15.6;5.8
38;2021-04-11;1044;101;198570;73136;15.7;5.8
38;2021-04-12;4190;2245;202760;75381;16.0;6.0
38;2021-04-13;6118;2459;208878;77840;16.5;6.2
38;2021-04-14;5109;2445;213987;80285;16.9;6.3
38;2021-04-15;6354;2735;220341;83020;17.4;6.6
38;2021-04-16;6212;2709;226553;85729;17.9;6.8
38;2021-04-17;2586;981;229139;86710;18.1;6.9
38;2021-04-18;1332;72;230471;86782;18.2;6.9
38;2021-04-19;3936;2808;234407;89590;18.5;7.1
38;2021-04-20;5418;2828;239825;92418;19.0;7.3
38;2021-04-21;4974;2676;244799;95094;19.4;7.5
38;2021-04-22;5769;2805;250568;97899;19.8;7.7
38;2021-04-23;6015;2772;256583;100671;20.3;8.0
38;2021-04-24;2661;1336;259244;102007;20.5;8.1
38;2021-04-25;805;593;260049;102600;20.6;8.1
38;2021-04-26;4476;2446;264525;105046;20.9;8.3
38;2021-04-27;6035;2695;270560;107741;21.4;8.5
38;2021-04-28;6189;2474;276749;110215;21.9;8.7
38;2021-04-29;8324;3023;285073;113238;22.5;9.0
38;2021-04-30;7667;4026;292740;117264;23.1;9.3
38;2021-05-01;1539;196;294279;117460;23.3;9.3
38;2021-05-02;838;72;295117;117532;23.3;9.3
38;2021-05-03;5291;3567;300408;121099;23.7;9.6
38;2021-05-04;6185;5043;306593;126142;24.2;10.0
38;2021-05-05;6058;4572;312651;130714;24.7;10.3
38;2021-05-06;6703;5272;319354;135986;25.2;10.8
38;2021-05-07;7258;6412;326612;142398;25.8;11.3
38;2021-05-08;3688;693;330300;143091;26.1;11.3
38;2021-05-09;2849;1930;333149;145021;26.3;11.5
38;2021-05-10;6147;5274;339296;150295;26.8;11.9
38;2021-05-11;8215;5981;347511;156276;27.5;12.4
38;2021-05-12;9038;4666;356549;160942;28.2;12.7
38;2021-05-13;6627;1405;363176;162347;28.7;12.8
38;2021-05-14;9557;3401;372733;165748;29.5;13.1
38;2021-05-15;6846;1450;379579;167198;30.0;13.2
38;2021-05-16;5472;650;385051;167848;30.4;13.3
38;2021-05-17;7659;2968;392710;170816;31.0;13.5
38;2021-05-18;8611;3998;401321;174814;31.7;13.8
38;2021-05-19;8136;3331;409457;178145;32.4;14.1
38;2021-05-20;8967;4454;418424;182599;33.1;14.4
38;2021-05-21;9948;4581;428372;187180;33.9;14.8
38;2021-05-22;7447;1901;435819;189081;34.5;14.9
38;2021-05-23;5581;575;441400;189656;34.9;15.0
38;2021-05-24;7493;1617;448893;191273;35.5;15.1
38;2021-05-25;9529;4833;458422;196106;36.2;15.5
38;2021-05-26;8103;4704;466525;200810;36.9;15.9
38;2021-05-27;9127;5634;475652;206444;37.6;16.3
38;2021-05-28;8773;6453;484425;212897;38.3;16.8
38;2021-05-29;5812;3258;490237;216155;38.8;17.1
38;2021-05-30;2686;1592;492923;217747;39.0;17.2
38;2021-05-31;8266;5112;501189;222859;39.6;17.6
38;2021-06-01;7914;6408;509103;229267;40.2;18.1
38;2021-06-02;7094;5593;516197;234860;40.8;18.6
38;2021-06-03;7382;6817;523579;241677;41.4;19.1
38;2021-06-04;8099;7606;531678;249283;42.0;19.7
38;2021-06-05;5792;3939;537470;253222;42.5;20.0
38;2021-06-06;2497;1461;539967;254683;42.7;20.1
38;2021-06-07;5547;6850;545514;261533;43.1;20.7
38;2021-06-08;5852;7521;551366;269054;43.6;21.3
38;2021-06-09;5024;6461;556390;275515;44.0;21.8
38;2021-06-10;5348;6781;561738;282296;44.4;22.3
38;2021-06-11;5856;7775;567594;290071;44.9;22.9
38;2021-06-12;3932;3246;571526;293317;45.2;23.2
38;2021-06-13;1232;1305;572758;294622;45.3;23.3
38;2021-06-14;3817;7662;576575;302284;45.6;23.9
38;2021-06-15;5208;8145;581783;310429;46.0;24.5
38;2021-06-16;5091;7392;586874;317821;46.4;25.1
38;2021-06-17;4482;7057;591356;324878;46.7;25.7
38;2021-06-18;5720;9213;597076;334091;47.2;26.4
38;2021-06-19;3584;4963;600660;339054;47.5;26.8
38;2021-06-20;1025;2899;601685;341953;47.6;27.0
38;2021-06-21;3722;8693;605407;350646;47.9;27.7
38;2021-06-22;3617;10103;609024;360749;48.1;28.5
38;2021-06-23;3131;9571;612155;370320;48.4;29.3
38;2021-06-24;3193;8584;615348;378904;48.6;30.0
38;2021-06-25;3735;11492;619083;390396;48.9;30.9
38;2021-06-26;2201;7855;621284;398251;49.1;31.5
38;2021-06-27;1090;4354;622374;402605;49.2;31.8
38;2021-06-28;2593;10314;624967;412919;49.4;32.6
38;2021-06-29;3482;10431;628449;423350;49.7;33.5
38;2021-06-30;3682;9943;632131;433293;50.0;34.3
38;2021-07-01;3163;9008;635294;442301;50.2;35.0
38;2021-07-02;3486;11615;638780;453916;50.5;35.9
38;2021-07-03;1681;8782;640461;462698;50.6;36.6
38;2021-07-04;1188;3197;641649;465895;50.7;36.8
38;2021-07-05;2585;10535;644234;476430;50.9;37.7
38;2021-07-06;3265;10233;647499;486663;51.2;38.5
38;2021-07-07;3284;9396;650783;496059;51.4;39.2
38;2021-07-08;3439;8221;654222;504280;51.7;39.9
38;2021-07-09;3518;10736;657740;515016;52.0;40.7
38;2021-07-10;2330;7791;660070;522807;52.2;41.3
38;2021-07-11;747;2016;660817;524823;52.2;41.5
38;2021-07-12;3351;10645;664168;535468;52.5;42.3
38;2021-07-13;6475;10879;670643;546347;53.0;43.2
38;2021-07-14;4556;3315;675199;549662;53.4;43.5
38;2021-07-15;8572;9611;683771;559273;54.1;44.2
38;2021-07-16;8652;10638;692423;569911;54.7;45.1
38;2021-07-17;4646;7436;697069;577347;55.1;45.6
38;2021-07-18;2551;2466;699620;579813;55.3;45.8
38;2021-07-19;5657;9169;705277;588982;55.8;46.6
39;2020-12-27;0;0;0;0;0.0;0.0
39;2020-12-28;0;0;0;0;0.0;0.0
39;2020-12-29;0;0;0;0;0.0;0.0
39;2020-12-30;0;0;0;0;0.0;0.0
39;2020-12-31;0;0;0;0;0.0;0.0
39;2021-01-01;0;0;0;0;0.0;0.0
39;2021-01-02;0;0;0;0;0.0;0.0
39;2021-01-03;0;0;0;0;0.0;0.0
39;2021-01-04;3;0;3;0;0.0;0.0
39;2021-01-05;3;0;6;0;0.0;0.0
39;2021-01-06;56;0;62;0;0.0;0.0
39;2021-01-07;330;2;392;2;0.2;0.0
39;2021-01-08;652;1;1044;3;0.4;0.0
39;2021-01-09;169;0;1213;3;0.5;0.0
39;2021-01-10;1;0;1214;3;0.5;0.0
39;2021-01-11;475;1;1689;4;0.7;0.0
39;2021-01-12;431;1;2120;5;0.8;0.0
39;2021-01-13;408;2;2528;7;1.0;0.0
39;2021-01-14;563;3;3091;10;1.2;0.0
39;2021-01-15;470;1;3561;11;1.4;0.0
39;2021-01-16;142;2;3703;13;1.4;0.0
39;2021-01-17;0;1;3703;14;1.4;0.0
39;2021-01-18;924;7;4627;21;1.8;0.0
39;2021-01-19;1181;5;5808;26;2.3;0.0
39;2021-01-20;904;5;6712;31;2.6;0.0
39;2021-01-21;1177;2;7889;33;3.1;0.0
39;2021-01-22;986;1;8875;34;3.4;0.0
39;2021-01-23;382;1;9257;35;3.6;0.0
39;2021-01-24;0;0;9257;35;3.6;0.0
39;2021-01-25;642;1;9899;36;3.8;0.0
39;2021-01-26;1120;12;11019;48;4.3;0.0
39;2021-01-27;923;17;11942;65;4.6;0.0
39;2021-01-28;738;243;12680;308;4.9;0.1
39;2021-01-29;581;422;13261;730;5.1;0.3
39;2021-01-30;265;110;13526;840;5.2;0.3
39;2021-01-31;1;0;13527;840;5.2;0.3
39;2021-02-01;561;262;14088;1102;5.5;0.4
39;2021-02-02;753;322;14841;1424;5.8;0.6
39;2021-02-03;531;516;15372;1940;6.0;0.8
39;2021-02-04;553;462;15925;2402;6.2;0.9
39;2021-02-05;438;431;16363;2833;6.3;1.1
39;2021-02-06;265;109;16628;2942;6.4;1.1
39;2021-02-07;0;1;16628;2943;6.4;1.1
39;2021-02-08;320;371;16948;3314;6.6;1.3
39;2021-02-09;382;485;17330;3799;6.7;1.5
39;2021-02-10;249;335;17579;4134;6.8;1.6
39;2021-02-11;586;509;18165;4643;7.0;1.8
39;2021-02-12;386;415;18551;5058;7.2;2.0
39;2021-02-13;97;67;18648;5125;7.2;2.0
39;2021-02-14;0;0;18648;5125;7.2;2.0
39;2021-02-15;99;760;18747;5885;7.3;2.3
39;2021-02-16;99;910;18846;6795;7.3;2.6
39;2021-02-17;58;695;18904;7490;7.3;2.9
39;2021-02-18;109;859;19013;8349;7.4;3.2
39;2021-02-19;100;486;19113;8835;7.4;3.4
39;2021-02-20;18;365;19131;9200;7.4;3.6
39;2021-02-21;0;0;19131;9200;7.4;3.6
39;2021-02-22;100;730;19231;9930;7.5;3.9
39;2021-02-23;4;764;19235;10694;7.5;4.1
39;2021-02-24;125;872;19360;11566;7.5;4.5
39;2021-02-25;209;751;19569;12317;7.6;4.8
39;2021-02-26;218;468;19787;12785;7.7;5.0
39;2021-02-27;169;298;19956;13083;7.7;5.1
39;2021-02-28;1;0;19957;13083;7.7;5.1
39;2021-03-01;218;639;20175;13722;7.8;5.3
39;2021-03-02;327;825;20502;14547;8.0;5.6
39;2021-03-03;598;521;21100;15068;8.2;5.8
39;2021-03-04;657;472;21757;15540;8.4;6.0
39;2021-03-05;668;326;22425;15866;8.7;6.2
39;2021-03-06;777;239;23202;16105;9.0;6.2
39;2021-03-07;240;79;23442;16184;9.1;6.3
39;2021-03-08;286;439;23728;16623;9.2;6.4
39;2021-03-09;842;453;24570;17076;9.5;6.6
39;2021-03-10;985;332;25555;17408;9.9;6.8
39;2021-03-11;826;458;26381;17866;10.2;6.9
39;2021-03-12;804;283;27185;18149;10.5;7.0
39;2021-03-13;787;98;27972;18247;10.8;7.1
39;2021-03-14;35;10;28007;18257;10.9;7.1
39;2021-03-15;512;86;28519;18343;11.1;7.1
39;2021-03-16;554;60;29073;18403;11.3;7.1
39;2021-03-17;612;52;29685;18455;11.5;7.2
39;2021-03-18;595;60;30280;18515;11.7;7.2
39;2021-03-19;392;70;30672;18585;11.9;7.2
39;2021-03-20;311;8;30983;18593;12.0;7.2
39;2021-03-21;3;0;30986;18593;12.0;7.2
39;2021-03-22;754;110;31740;18703;12.3;7.3
39;2021-03-23;1130;38;32870;18741;12.7;7.3
39;2021-03-24;1177;86;34047;18827;13.2;7.3
39;2021-03-25;2040;105;36087;18932;14.0;7.3
39;2021-03-26;797;108;36884;19040;14.3;7.4
39;2021-03-27;345;4;37229;19044;14.4;7.4
39;2021-03-28;36;4;37265;19048;14.5;7.4
39;2021-03-29;1036;187;38301;19235;14.9;7.5
39;2021-03-30;1401;264;39702;19499;15.4;7.6
39;2021-03-31;658;512;40360;20011;15.7;7.8
39;2021-04-01;1309;300;41669;20311;16.2;7.9
39;2021-04-02;626;127;42295;20438;16.4;7.9
39;2021-04-03;180;6;42475;20444;16.5;7.9
39;2021-04-04;2;1;42477;20445;16.5;7.9
39;2021-04-05;1;0;42478;20445;16.5;7.9
39;2021-04-06;824;628;43302;21073;16.8;8.2
39;2021-04-07;1128;669;44430;21742;17.2;8.4
39;2021-04-08;1786;560;46216;22302;17.9;8.6
39;2021-04-09;1675;280;47891;22582;18.6;8.8
39;2021-04-10;344;179;48235;22761;18.7;8.8
39;2021-04-11;2;0;48237;22761;18.7;8.8
39;2021-04-12;678;392;48915;23153;19.0;9.0
39;2021-04-13;1202;576;50117;23729;19.4;9.2
39;2021-04-14;844;629;50961;24358;19.8;9.4
39;2021-04-15;1480;702;52441;25060;20.3;9.7
39;2021-04-16;1090;169;53531;25229;20.8;9.8
39;2021-04-17;196;58;53727;25287;20.8;9.8
39;2021-04-18;0;0;53727;25287;20.8;9.8
39;2021-04-19;524;699;54251;25986;21.0;10.1
39;2021-04-20;765;537;55016;26523;21.3;10.3
39;2021-04-21;1142;710;56158;27233;21.8;10.6
39;2021-04-22;1012;1132;57170;28365;22.2;11.0
39;2021-04-23;455;357;57625;28722;22.3;11.1
39;2021-04-24;275;147;57900;28869;22.5;11.2
39;2021-04-25;12;2;57912;28871;22.5;11.2
39;2021-04-26;568;1032;58480;29903;22.7;11.6
39;2021-04-27;788;981;59268;30884;23.0;12.0
39;2021-04-28;1719;409;60987;31293;23.7;12.1
39;2021-04-29;2571;958;63558;32251;24.6;12.5
39;2021-04-30;2475;377;66033;32628;25.6;12.7
39;2021-05-01;41;53;66074;32681;25.6;12.7
39;2021-05-02;0;0;66074;32681;25.6;12.7
39;2021-05-03;917;803;66991;33484;26.0;13.0
39;2021-05-04;949;1124;67940;34608;26.3;13.4
39;2021-05-05;1949;885;69889;35493;27.1;13.8
39;2021-05-06;2426;1331;72315;36824;28.0;14.3
39;2021-05-07;1287;570;73602;37394;28.5;14.5
39;2021-05-08;178;54;73780;37448;28.6;14.5
39;2021-05-09;10;5;73790;37453;28.6;14.5
39;2021-05-10;1760;840;75550;38293;29.3;14.9
39;2021-05-11;1772;1510;77322;39803;30.0;15.4
39;2021-05-12;1799;1474;79121;41277;30.7;16.0
39;2021-05-13;246;23;79367;41300;30.8;16.0
39;2021-05-14;2392;326;81759;41626;31.7;16.1
39;2021-05-15;1848;256;83607;41882;32.4;16.2
39;2021-05-16;0;0;83607;41882;32.4;16.2
39;2021-05-17;1990;718;85597;42600;33.2;16.5
39;2021-05-18;1691;1183;87288;43783;33.9;17.0
39;2021-05-19;2497;554;89785;44337;34.8;17.2
39;2021-05-20;2465;752;92250;45089;35.8;17.5
39;2021-05-21;1798;560;94048;45649;36.5;17.7
39;2021-05-22;322;220;94370;45869;36.6;17.8
39;2021-05-23;7;36;94377;45905;36.6;17.8
39;2021-05-24;8;28;94385;45933;36.6;17.8
39;2021-05-25;1726;1195;96111;47128;37.3;18.3
39;2021-05-26;1640;1375;97751;48503;37.9;18.8
39;2021-05-27;1487;1618;99238;50121;38.5;19.4
39;2021-05-28;856;1217;100094;51338;38.8;19.9
39;2021-05-29;259;272;100353;51610;38.9;20.0
39;2021-05-30;2;40;100355;51650;38.9;20.0
39;2021-05-31;1626;1248;101981;52898;39.6;20.5
39;2021-06-01;1892;1315;103873;54213;40.3;21.0
39;2021-06-02;1700;1176;105573;55389;40.9;21.5
39;2021-06-03;1325;1157;106898;56546;41.5;21.9
39;2021-06-04;941;1067;107839;57613;41.8;22.3
39;2021-06-05;765;514;108604;58127;42.1;22.5
39;2021-06-06;1;36;108605;58163;42.1;22.6
39;2021-06-07;2102;912;110707;59075;42.9;22.9
39;2021-06-08;2206;1153;112913;60228;43.8;23.4
39;2021-06-09;1724;1241;114637;61469;44.5;23.8
39;2021-06-10;1614;2085;116251;63554;45.1;24.6
39;2021-06-11;1557;1270;117808;64824;45.7;25.1
39;2021-06-12;1261;346;119069;65170;46.2;25.3
39;2021-06-13;9;17;119078;65187;46.2;25.3
39;2021-06-14;1333;1894;120411;67081;46.7;26.0
39;2021-06-15;1377;1252;121788;68333;47.2;26.5
39;2021-06-16;1153;1539;122941;69872;47.7;27.1
39;2021-06-17;1041;1714;123982;71586;48.1;27.8
39;2021-06-18;1624;1176;125606;72762;48.7;28.2
39;2021-06-19;246;408;125852;73170;48.8;28.4
39;2021-06-20;1;18;125853;73188;48.8;28.4
39;2021-06-21;350;2497;126203;75685;48.9;29.4
39;2021-06-22;800;2294;127003;77979;49.3;30.2
39;2021-06-23;1157;1299;128160;79278;49.7;30.7
39;2021-06-24;718;1048;128878;80326;50.0;31.2
39;2021-06-25;680;2963;129558;83289;50.2;32.3
39;2021-06-26;201;1566;129759;84855;50.3;32.9
39;2021-06-27;0;0;129759;84855;50.3;32.9
39;2021-06-28;298;2749;130057;87604;50.4;34.0
39;2021-06-29;489;2701;130546;90305;50.6;35.0
39;2021-06-30;862;2419;131408;92724;51.0;36.0
39;2021-07-01;599;1938;132007;94662;51.2;36.7
39;2021-07-02;1067;1403;133074;96065;51.6;37.3
39;2021-07-03;537;523;133611;96588;51.8;37.5
39;2021-07-04;1;1;133612;96589;51.8;37.5
39;2021-07-05;575;2588;134187;99177;52.0;38.5
39;2021-07-06;817;1883;135004;101060;52.4;39.2
39;2021-07-07;577;1385;135581;102445;52.6;39.7
39;2021-07-08;689;905;136270;103350;52.8;40.1
39;2021-07-09;1073;1583;137343;104933;53.3;40.7
39;2021-07-10;736;474;138079;105407;53.6;40.9
39;2021-07-11;27;8;138106;105415;53.6;40.9
39;2021-07-12;557;2597;138663;108012;53.8;41.9
39;2021-07-13;1623;2643;140286;110655;54.4;42.9
39;2021-07-14;12;20;140298;110675;54.4;42.9
39;2021-07-15;1891;1834;142189;112509;55.1;43.6
39;2021-07-16;3207;2019;145396;114528;56.4;44.4
39;2021-07-17;2218;1138;147614;115666;57.2;44.9
39;2021-07-18;164;51;147778;115717;57.3;44.9
39;2021-07-19;1373;2940;149151;118657;57.8;46.0
40;2020-12-27;0;0;0;0;0.0;0.0
40;2020-12-28;0;0;0;0;0.0;0.0
40;2020-12-29;0;0;0;0;0.0;0.0
40;2020-12-30;0;0;0;0;0.0;0.0
40;2020-12-31;0;0;0;0;0.0;0.0
40;2021-01-01;0;0;0;0;0.0;0.0
40;2021-01-02;0;0;0;0;0.0;0.0
40;2021-01-03;0;0;0;0;0.0;0.0
40;2021-01-04;0;0;0;0;0.0;0.0
40;2021-01-05;0;0;0;0;0.0;0.0
40;2021-01-06;1;0;1;0;0.0;0.0
40;2021-01-07;212;0;213;0;0.1;0.0
40;2021-01-08;392;1;605;1;0.1;0.0
40;2021-01-09;0;0;605;1;0.1;0.0
40;2021-01-10;1;0;606;1;0.1;0.0
40;2021-01-11;110;0;716;1;0.2;0.0
40;2021-01-12;0;0;716;1;0.2;0.0
40;2021-01-13;681;0;1397;1;0.3;0.0
40;2021-01-14;901;4;2298;5;0.6;0.0
40;2021-01-15;808;3;3106;8;0.8;0.0
40;2021-01-16;157;0;3263;8;0.8;0.0
40;2021-01-17;0;1;3263;9;0.8;0.0
40;2021-01-18;402;0;3665;9;0.9;0.0
40;2021-01-19;1203;2;4868;11;1.2;0.0
40;2021-01-20;878;2;5746;13;1.4;0.0
40;2021-01-21;1260;2;7006;15;1.7;0.0
40;2021-01-22;809;2;7815;17;1.9;0.0
40;2021-01-23;288;0;8103;17;2.0;0.0
40;2021-01-24;1;0;8104;17;2.0;0.0
40;2021-01-25;393;1;8497;18;2.1;0.0
40;2021-01-26;802;6;9299;24;2.3;0.0
40;2021-01-27;1118;12;10417;36;2.5;0.0
40;2021-01-28;704;118;11121;154;2.7;0.0
40;2021-01-29;602;227;11723;381;2.8;0.1
40;2021-01-30;234;3;11957;384;2.9;0.1
40;2021-01-31;0;0;11957;384;2.9;0.1
40;2021-02-01;357;132;12314;516;3.0;0.1
40;2021-02-02;923;52;13237;568;3.2;0.1
40;2021-02-03;891;296;14128;864;3.4;0.2
40;2021-02-04;1058;604;15186;1468;3.7;0.4
40;2021-02-05;793;421;15979;1889;3.9;0.5
40;2021-02-06;376;84;16355;1973;4.0;0.5
40;2021-02-07;10;0;16365;1973;4.0;0.5
40;2021-02-08;369;123;16734;2096;4.1;0.5
40;2021-02-09;807;540;17541;2636;4.3;0.6
40;2021-02-10;746;471;18287;3107;4.4;0.8
40;2021-02-11;736;684;19023;3791;4.6;0.9
40;2021-02-12;627;642;19650;4433;4.8;1.1
40;2021-02-13;399;94;20049;4527;4.9;1.1
40;2021-02-14;0;0;20049;4527;4.9;1.1
40;2021-02-15;47;386;20096;4913;4.9;1.2
40;2021-02-16;283;594;20379;5507;4.9;1.3
40;2021-02-17;358;896;20737;6403;5.0;1.6
40;2021-02-18;383;696;21120;7099;5.1;1.7
40;2021-02-19;143;646;21263;7745;5.2;1.9
40;2021-02-20;39;95;21302;7840;5.2;1.9
40;2021-02-21;0;66;21302;7906;5.2;1.9
40;2021-02-22;52;565;21354;8471;5.2;2.1
40;2021-02-23;179;835;21533;9306;5.2;2.3
40;2021-02-24;282;687;21815;9993;5.3;2.4
40;2021-02-25;723;996;22538;10989;5.5;2.7
40;2021-02-26;654;636;23192;11625;5.6;2.8
40;2021-02-27;384;101;23576;11726;5.7;2.8
40;2021-02-28;2;0;23578;11726;5.7;2.8
40;2021-03-01;418;509;23996;12235;5.8;3.0
40;2021-03-02;735;1040;24731;13275;6.0;3.2
40;2021-03-03;933;911;25664;14186;6.2;3.4
40;2021-03-04;1301;818;26965;15004;6.5;3.6
40;2021-03-05;1230;744;28195;15748;6.8;3.8
40;2021-03-06;864;391;29059;16139;7.1;3.9
40;2021-03-07;90;9;29149;16148;7.1;3.9
40;2021-03-08;837;500;29986;16648;7.3;4.0
40;2021-03-09;1504;641;31490;17289;7.6;4.2
40;2021-03-10;1746;694;33236;17983;8.1;4.4
40;2021-03-11;1982;689;35218;18672;8.5;4.5
40;2021-03-12;2047;549;37265;19221;9.0;4.7
40;2021-03-13;969;254;38234;19475;9.3;4.7
40;2021-03-14;98;0;38332;19475;9.3;4.7
40;2021-03-15;921;87;39253;19562;9.5;4.7
40;2021-03-16;985;266;40238;19828;9.8;4.8
40;2021-03-17;1571;335;41809;20163;10.1;4.9
40;2021-03-18;1556;329;43365;20492;10.5;5.0
40;2021-03-19;1805;146;45170;20638;11.0;5.0
40;2021-03-20;705;10;45875;20648;11.1;5.0
40;2021-03-21;51;1;45926;20649;11.1;5.0
40;2021-03-22;1171;29;47097;20678;11.4;5.0
40;2021-03-23;2320;163;49417;20841;12.0;5.1
40;2021-03-24;2323;224;51740;21065;12.6;5.1
40;2021-03-25;2759;370;54499;21435;13.2;5.2
40;2021-03-26;3120;202;57619;21637;14.0;5.3
40;2021-03-27;920;43;58539;21680;14.2;5.3
40;2021-03-28;176;47;58715;21727;14.3;5.3
40;2021-03-29;1148;381;59863;22108;14.5;5.4
40;2021-03-30;2295;379;62158;22487;15.1;5.5
40;2021-03-31;1992;294;64150;22781;15.6;5.5
40;2021-04-01;2397;323;66547;23104;16.2;5.6
40;2021-04-02;2359;212;68906;23316;16.7;5.7
40;2021-04-03;741;118;69647;23434;16.9;5.7
40;2021-04-04;362;7;70009;23441;17.0;5.7
40;2021-04-05;522;36;70531;23477;17.1;5.7
40;2021-04-06;2094;801;72625;24278;17.6;5.9
40;2021-04-07;2663;865;75288;25143;18.3;6.1
40;2021-04-08;3055;893;78343;26036;19.0;6.3
40;2021-04-09;3824;588;82167;26624;19.9;6.5
40;2021-04-10;1598;340;83765;26964;20.3;6.5
40;2021-04-11;51;2;83816;26966;20.3;6.5
40;2021-04-12;2174;726;85990;27692;20.9;6.7
40;2021-04-13;2564;1082;88554;28774;21.5;7.0
40;2021-04-14;2571;1373;91125;30147;22.1;7.3
40;2021-04-15;2975;1486;94100;31633;22.8;7.7
40;2021-04-16;2872;1184;96972;32817;23.5;8.0
40;2021-04-17;1462;343;98434;33160;23.9;8.0
40;2021-04-18;56;24;98490;33184;23.9;8.1
40;2021-04-19;1055;1014;99545;34198;24.2;8.3
40;2021-04-20;1616;1739;101161;35937;24.6;8.7
40;2021-04-21;1773;1736;102934;37673;25.0;9.1
40;2021-04-22;2104;1770;105038;39443;25.5;9.6
40;2021-04-23;2158;1387;107196;40830;26.0;9.9
40;2021-04-24;1325;614;108521;41444;26.3;10.1
40;2021-04-25;35;57;108556;41501;26.3;10.1
40;2021-04-26;1247;1132;109803;42633;26.7;10.3
40;2021-04-27;1484;2030;111287;44663;27.0;10.8
40;2021-04-28;2049;1362;113336;46025;27.5;11.2
40;2021-04-29;2602;1892;115938;47917;28.1;11.6
40;2021-04-30;2683;1605;118621;49522;28.8;12.0
40;2021-05-01;1224;775;119845;50297;29.1;12.2
40;2021-05-02;142;321;119987;50618;29.1;12.3
40;2021-05-03;1855;1497;121842;52115;29.6;12.6
40;2021-05-04;1880;2467;123722;54582;30.0;13.2
40;2021-05-05;2186;2669;125908;57251;30.6;13.9
40;2021-05-06;2231;2859;128139;60110;31.1;14.6
40;2021-05-07;1904;3006;130043;63116;31.6;15.3
40;2021-05-08;673;466;130716;63582;31.7;15.4
40;2021-05-09;315;20;131031;63602;31.8;15.4
40;2021-05-10;1399;2052;132430;65654;32.1;15.9
40;2021-05-11;2191;2504;134621;68158;32.7;16.5
40;2021-05-12;2728;1939;137349;70097;33.3;17.0
40;2021-05-13;1981;512;139330;70609;33.8;17.1
40;2021-05-14;2322;1652;141652;72261;34.4;17.5
40;2021-05-15;1339;962;142991;73223;34.7;17.8
40;2021-05-16;435;24;143426;73247;34.8;17.8
40;2021-05-17;2115;1313;145541;74560;35.3;18.1
40;2021-05-18;2508;1411;148049;75971;35.9;18.4
40;2021-05-19;2953;1097;151002;77068;36.7;18.7
40;2021-05-20;3580;1164;154582;78232;37.5;19.0
40;2021-05-21;2922;1328;157504;79560;38.2;19.3
40;2021-05-22;1145;796;158649;80356;38.5;19.5
40;2021-05-23;630;28;159279;80384;38.7;19.5
40;2021-05-24;1208;331;160487;80715;39.0;19.6
40;2021-05-25;2165;1301;162652;82016;39.5;19.9
40;2021-05-26;2611;1557;165263;83573;40.1;20.3
40;2021-05-27;2731;2006;167994;85579;40.8;20.8
40;2021-05-28;2565;2268;170559;87847;41.4;21.3
40;2021-05-29;1541;1250;172100;89097;41.8;21.6
40;2021-05-30;2;52;172102;89149;41.8;21.6
40;2021-05-31;2559;1205;174661;90354;42.4;21.9
40;2021-06-01;3009;1769;177670;92123;43.1;22.4
40;2021-06-02;3160;1982;180830;94105;43.9;22.8
40;2021-06-03;3590;2332;184420;96437;44.8;23.4
40;2021-06-04;3014;2804;187434;99241;45.5;24.1
40;2021-06-05;1775;1392;189209;100633;45.9;24.4
40;2021-06-06;455;78;189664;100711;46.0;24.4
40;2021-06-07;2183;2027;191847;102738;46.6;24.9
40;2021-06-08;2925;2101;194772;104839;47.3;25.4
40;2021-06-09;3197;2256;197969;107095;48.1;26.0
40;2021-06-10;2957;2088;200926;109183;48.8;26.5
40;2021-06-11;3126;2794;204052;111977;49.5;27.2
40;2021-06-12;1957;1636;206009;113613;50.0;27.6
40;2021-06-13;638;160;206647;113773;50.2;27.6
40;2021-06-14;1452;2496;208099;116269;50.5;28.2
40;2021-06-15;2218;2817;210317;119086;51.1;28.9
40;2021-06-16;2586;2451;212903;121537;51.7;29.5
40;2021-06-17;2421;2437;215324;123974;52.3;30.1
40;2021-06-18;2311;2906;217635;126880;52.8;30.8
40;2021-06-19;1789;1226;219424;128106;53.3;31.1
40;2021-06-20;342;275;219766;128381;53.3;31.2
40;2021-06-21;1383;2324;221149;130705;53.7;31.7
40;2021-06-22;1673;3001;222822;133706;54.1;32.5
40;2021-06-23;1590;3352;224412;137058;54.5;33.3
40;2021-06-24;1713;2376;226125;139434;54.9;33.8
40;2021-06-25;1738;3258;227863;142692;55.3;34.6
40;2021-06-26;1322;1713;229185;144405;55.6;35.1
40;2021-06-27;257;355;229442;144760;55.7;35.1
40;2021-06-28;1325;2824;230767;147584;56.0;35.8
40;2021-06-29;1678;3385;232445;150969;56.4;36.6
40;2021-06-30;1749;3632;234194;154601;56.8;37.5
40;2021-07-01;1675;3944;235869;158545;57.3;38.5
40;2021-07-02;1537;3812;237406;162357;57.6;39.4
40;2021-07-03;663;1921;238069;164278;57.8;39.9
40;2021-07-04;216;483;238285;164761;57.8;40.0
40;2021-07-05;1453;3020;239738;167781;58.2;40.7
40;2021-07-06;1735;3609;241473;171390;58.6;41.6
40;2021-07-07;1943;3844;243416;175234;59.1;42.5
40;2021-07-08;2052;3401;245468;178635;59.6;43.4
40;2021-07-09;1874;3938;247342;182573;60.0;44.3
40;2021-07-10;988;2156;248330;184729;60.3;44.8
40;2021-07-11;201;294;248531;185023;60.3;44.9
40;2021-07-12;1230;4040;249761;189063;60.6;45.9
40;2021-07-13;2341;4689;252102;193752;61.2;47.0
40;2021-07-14;2109;2048;254211;195800;61.7;47.5
40;2021-07-15;2766;4849;256977;200649;62.4;48.7
40;2021-07-16;3246;3930;260223;204579;63.2;49.7
40;2021-07-17;2094;2579;262317;207158;63.7;50.3
40;2021-07-18;459;540;262776;207698;63.8;50.4
40;2021-07-19;2534;3694;265310;211392;64.4;51.3
41;2020-12-27;0;0;0;0;0.0;0.0
41;2020-12-28;0;0;0;0;0.0;0.0
41;2020-12-29;0;0;0;0;0.0;0.0
41;2020-12-30;0;0;0;0;0.0;0.0
41;2020-12-31;0;0;0;0;0.0;0.0
41;2021-01-01;0;0;0;0;0.0;0.0
41;2021-01-02;0;0;0;0;0.0;0.0
41;2021-01-03;0;0;0;0;0.0;0.0
41;2021-01-04;0;0;0;0;0.0;0.0
41;2021-01-05;35;0;35;0;0.0;0.0
41;2021-01-06;72;0;107;0;0.0;0.0
41;2021-01-07;21;0;128;0;0.0;0.0
41;2021-01-08;1;0;129;0;0.0;0.0
41;2021-01-09;0;0;129;0;0.0;0.0
41;2021-01-10;0;0;129;0;0.0;0.0
41;2021-01-11;133;0;262;0;0.1;0.0
41;2021-01-12;321;1;583;1;0.2;0.0
41;2021-01-13;270;0;853;1;0.3;0.0
41;2021-01-14;281;1;1134;2;0.3;0.0
41;2021-01-15;213;1;1347;3;0.4;0.0
41;2021-01-16;0;0;1347;3;0.4;0.0
41;2021-01-17;0;0;1347;3;0.4;0.0
41;2021-01-18;397;0;1744;3;0.5;0.0
41;2021-01-19;856;0;2600;3;0.8;0.0
41;2021-01-20;1055;1;3655;4;1.1;0.0
41;2021-01-21;1565;1;5220;5;1.6;0.0
41;2021-01-22;834;0;6054;5;1.8;0.0
41;2021-01-23;92;0;6146;5;1.9;0.0
41;2021-01-24;0;0;6146;5;1.9;0.0
41;2021-01-25;421;1;6567;6;2.0;0.0
41;2021-01-26;471;0;7038;6;2.1;0.0
41;2021-01-27;437;1;7475;7;2.3;0.0
41;2021-01-28;604;56;8079;63;2.5;0.0
41;2021-01-29;258;30;8337;93;2.5;0.0
41;2021-01-30;0;0;8337;93;2.5;0.0
41;2021-01-31;0;0;8337;93;2.5;0.0
41;2021-02-01;349;149;8686;242;2.6;0.1
41;2021-02-02;470;231;9156;473;2.8;0.1
41;2021-02-03;341;202;9497;675;2.9;0.2
41;2021-02-04;559;154;10056;829;3.1;0.3
41;2021-02-05;329;191;10385;1020;3.2;0.3
41;2021-02-06;4;0;10389;1020;3.2;0.3
41;2021-02-07;1;0;10390;1020;3.2;0.3
41;2021-02-08;306;311;10696;1331;3.3;0.4
41;2021-02-09;597;454;11293;1785;3.4;0.5
41;2021-02-10;486;695;11779;2480;3.6;0.8
41;2021-02-11;1064;1153;12843;3633;3.9;1.1
41;2021-02-12;690;352;13533;3985;4.1;1.2
41;2021-02-13;9;5;13542;3990;4.1;1.2
41;2021-02-14;0;27;13542;4017;4.1;1.2
41;2021-02-15;314;307;13856;4324;4.2;1.3
41;2021-02-16;354;564;14210;4888;4.3;1.5
41;2021-02-17;318;460;14528;5348;4.4;1.6
41;2021-02-18;617;317;15145;5665;4.6;1.7
41;2021-02-19;452;334;15597;5999;4.8;1.8
41;2021-02-20;68;58;15665;6057;4.8;1.8
41;2021-02-21;0;0;15665;6057;4.8;1.8
41;2021-02-22;310;436;15975;6493;4.9;2.0
41;2021-02-23;454;360;16429;6853;5.0;2.1
41;2021-02-24;281;451;16710;7304;5.1;2.2
41;2021-02-25;671;457;17381;7761;5.3;2.4
41;2021-02-26;629;252;18010;8013;5.5;2.4
41;2021-02-27;161;3;18171;8016;5.5;2.4
41;2021-02-28;2;31;18173;8047;5.5;2.5
41;2021-03-01;309;344;18482;8391;5.6;2.6
41;2021-03-02;645;448;19127;8839;5.8;2.7
41;2021-03-03;497;437;19624;9276;6.0;2.8
41;2021-03-04;782;833;20406;10109;6.2;3.1
41;2021-03-05;838;670;21244;10779;6.5;3.3
41;2021-03-06;715;17;21959;10796;6.7;3.3
41;2021-03-07;497;13;22456;10809;6.8;3.3
41;2021-03-08;293;376;22749;11185;6.9;3.4
41;2021-03-09;1042;447;23791;11632;7.3;3.5
41;2021-03-10;721;455;24512;12087;7.5;3.7
41;2021-03-11;1181;678;25693;12765;7.8;3.9
41;2021-03-12;1111;407;26804;13172;8.2;4.0
41;2021-03-13;1221;6;28025;13178;8.5;4.0
41;2021-03-14;392;2;28417;13180;8.7;4.0
41;2021-03-15;795;350;29212;13530;8.9;4.1
41;2021-03-16;1057;404;30269;13934;9.2;4.3
41;2021-03-17;587;240;30856;14174;9.4;4.3
41;2021-03-18;925;406;31781;14580;9.7;4.4
41;2021-03-19;910;331;32691;14911;10.0;4.5
41;2021-03-20;539;14;33230;14925;10.1;4.6
41;2021-03-21;1;0;33231;14925;10.1;4.6
41;2021-03-22;808;265;34039;15190;10.4;4.6
41;2021-03-23;1307;489;35346;15679;10.8;4.8
41;2021-03-24;1231;364;36577;16043;11.2;4.9
41;2021-03-25;2026;431;38603;16474;11.8;5.0
41;2021-03-26;1655;321;40258;16795;12.3;5.1
41;2021-03-27;452;55;40710;16850;12.4;5.1
41;2021-03-28;0;0;40710;16850;12.4;5.1
41;2021-03-29;938;303;41648;17153;12.7;5.2
41;2021-03-30;1497;586;43145;17739;13.2;5.4
41;2021-03-31;1146;474;44291;18213;13.5;5.6
41;2021-04-01;2248;549;46539;18762;14.2;5.7
41;2021-04-02;1241;469;47780;19231;14.6;5.9
41;2021-04-03;320;6;48100;19237;14.7;5.9
41;2021-04-04;36;0;48136;19237;14.7;5.9
41;2021-04-05;139;1;48275;19238;14.7;5.9
41;2021-04-06;1297;620;49572;19858;15.1;6.1
41;2021-04-07;1850;694;51422;20552;15.7;6.3
41;2021-04-08;2290;910;53712;21462;16.4;6.5
41;2021-04-09;2565;598;56277;22060;17.2;6.7
41;2021-04-10;950;495;57227;22555;17.5;6.9
41;2021-04-11;275;376;57502;22931;17.5;7.0
41;2021-04-12;1685;637;59187;23568;18.1;7.2
41;2021-04-13;2261;971;61448;24539;18.7;7.5
41;2021-04-14;1792;543;63240;25082;19.3;7.7
41;2021-04-15;2383;966;65623;26048;20.0;7.9
41;2021-04-16;1929;620;67552;26668;20.6;8.1
41;2021-04-17;647;134;68199;26802;20.8;8.2
41;2021-04-18;5;2;68204;26804;20.8;8.2
41;2021-04-19;1263;677;69467;27481;21.2;8.4
41;2021-04-20;2004;1166;71471;28647;21.8;8.7
41;2021-04-21;1501;881;72972;29528;22.3;9.0
41;2021-04-22;2235;1577;75207;31105;22.9;9.5
41;2021-04-23;1730;1067;76937;32172;23.5;9.8
41;2021-04-24;1542;269;78479;32441;23.9;9.9
41;2021-04-25;1006;17;79485;32458;24.2;9.9
41;2021-04-26;1356;625;80841;33083;24.7;10.1
41;2021-04-27;2093;1037;82934;34120;25.3;10.4
41;2021-04-28;1560;850;84494;34970;25.8;10.7
41;2021-04-29;2208;1373;86702;36343;26.4;11.1
41;2021-04-30;1961;851;88663;37194;27.0;11.3
41;2021-05-01;184;11;88847;37205;27.1;11.3
41;2021-05-02;107;17;88954;37222;27.1;11.4
41;2021-05-03;1866;886;90820;38108;27.7;11.6
41;2021-05-04;2093;1538;92913;39646;28.3;12.1
41;2021-05-05;1880;1188;94793;40834;28.9;12.5
41;2021-05-06;2449;1692;97242;42526;29.7;13.0
41;2021-05-07;2016;1794;99258;44320;30.3;13.5
41;2021-05-08;199;152;99457;44472;30.3;13.6
41;2021-05-09;10;354;99467;44826;30.3;13.7
41;2021-05-10;1586;1553;101053;46379;30.8;14.1
41;2021-05-11;2091;2099;103144;48478;31.5;14.8
41;2021-05-12;1954;1669;105098;50147;32.1;15.3
41;2021-05-13;1484;944;106582;51091;32.5;15.6
41;2021-05-14;1575;1303;108157;52394;33.0;16.0
41;2021-05-15;206;294;108363;52688;33.1;16.1
41;2021-05-16;4;0;108367;52688;33.1;16.1
41;2021-05-17;2483;556;110850;53244;33.8;16.2
41;2021-05-18;3138;1026;113988;54270;34.8;16.6
41;2021-05-19;2553;668;116541;54938;35.5;16.8
41;2021-05-20;3348;1151;119889;56089;36.6;17.1
41;2021-05-21;2721;966;122610;57055;37.4;17.4
41;2021-05-22;396;236;123006;57291;37.5;17.5
41;2021-05-23;6;2;123012;57293;37.5;17.5
41;2021-05-24;2605;146;125617;57439;38.3;17.5
41;2021-05-25;2989;574;128606;58013;39.2;17.7
41;2021-05-26;3035;642;131641;58655;40.2;17.9
41;2021-05-27;3296;1106;134937;59761;41.2;18.2
41;2021-05-28;3143;983;138080;60744;42.1;18.5
41;2021-05-29;2075;427;140155;61171;42.8;18.7
41;2021-05-30;341;21;140496;61192;42.9;18.7
41;2021-05-31;1710;1514;142206;62706;43.4;19.1
41;2021-06-01;2260;2012;144466;64718;44.1;19.7
41;2021-06-02;1831;1290;146297;66008;44.6;20.1
41;2021-06-03;2596;1939;148893;67947;45.4;20.7
41;2021-06-04;2306;1963;151199;69910;46.1;21.3
41;2021-06-05;610;1581;151809;71491;46.3;21.8
41;2021-06-06;108;927;151917;72418;46.3;22.1
41;2021-06-07;1517;1533;153434;73951;46.8;22.6
41;2021-06-08;1711;2412;155145;76363;47.3;23.3
41;2021-06-09;1612;1642;156757;78005;47.8;23.8
41;2021-06-10;1913;1819;158670;79824;48.4;24.3
41;2021-06-11;1571;1797;160241;81621;48.9;24.9
41;2021-06-12;661;649;160902;82270;49.1;25.1
41;2021-06-13;12;77;160914;82347;49.1;25.1
41;2021-06-14;1266;1966;162180;84313;49.5;25.7
41;2021-06-15;1828;2765;164008;87078;50.0;26.6
41;2021-06-16;1722;2310;165730;89388;50.6;27.3
41;2021-06-17;1807;2575;167537;91963;51.1;28.1
41;2021-06-18;1662;2394;169199;94357;51.6;28.8
41;2021-06-19;412;531;169611;94888;51.7;28.9
41;2021-06-20;11;32;169622;94920;51.7;29.0
41;2021-06-21;1323;1782;170945;96702;52.1;29.5
41;2021-06-22;1609;2575;172554;99277;52.6;30.3
41;2021-06-23;1373;2044;173927;101321;53.1;30.9
41;2021-06-24;1477;2326;175404;103647;53.5;31.6
41;2021-06-25;1290;2623;176694;106270;53.9;32.4
41;2021-06-26;432;613;177126;106883;54.0;32.6
41;2021-06-27;0;4;177126;106887;54.0;32.6
41;2021-06-28;403;2713;177529;109600;54.2;33.4
41;2021-06-29;659;3451;178188;113051;54.4;34.5
41;2021-06-30;550;3072;178738;116123;54.5;35.4
41;2021-07-01;764;3114;179502;119237;54.8;36.4
41;2021-07-02;588;3506;180090;122743;54.9;37.4
41;2021-07-03;157;647;180247;123390;55.0;37.6
41;2021-07-04;1;2;180248;123392;55.0;37.6
41;2021-07-05;288;2828;180536;126220;55.1;38.5
41;2021-07-06;664;3639;181200;129859;55.3;39.6
41;2021-07-07;477;3138;181677;132997;55.4;40.6
41;2021-07-08;942;3380;182619;136377;55.7;41.6
41;2021-07-09;528;3643;183147;140020;55.9;42.7
41;2021-07-10;245;2086;183392;142106;55.9;43.3
41;2021-07-11;7;281;183399;142387;55.9;43.4
41;2021-07-12;857;2296;184256;144683;56.2;44.1
41;2021-07-13;1191;3284;185447;147967;56.6;45.1
41;2021-07-14;140;1081;185587;149048;56.6;45.5
41;2021-07-15;1305;3317;186892;152365;57.0;46.5
41;2021-07-16;1087;3394;187979;155759;57.3;47.5
41;2021-07-17;340;806;188319;156565;57.4;47.8
41;2021-07-18;23;32;188342;156597;57.5;47.8
41;2021-07-19;1186;2313;189528;158910;57.8;48.5
42;2020-12-27;0;0;0;0;0.0;0.0
42;2020-12-28;0;0;0;0;0.0;0.0
42;2020-12-29;0;0;0;0;0.0;0.0
42;2020-12-30;0;0;0;0;0.0;0.0
42;2020-12-31;0;0;0;0;0.0;0.0
42;2021-01-01;0;0;0;0;0.0;0.0
42;2021-01-02;0;0;0;0;0.0;0.0
42;2021-01-03;0;0;0;0;0.0;0.0
42;2021-01-04;0;0;0;0;0.0;0.0
42;2021-01-05;1;0;1;0;0.0;0.0
42;2021-01-06;178;1;179;1;0.0;0.0
42;2021-01-07;254;0;433;1;0.1;0.0
42;2021-01-08;262;1;695;2;0.1;0.0
42;2021-01-09;136;0;831;2;0.1;0.0
42;2021-01-10;0;0;831;2;0.1;0.0
42;2021-01-11;293;2;1124;4;0.1;0.0
42;2021-01-12;412;2;1536;6;0.2;0.0
42;2021-01-13;526;1;2062;7;0.3;0.0
42;2021-01-14;752;4;2814;11;0.4;0.0
42;2021-01-15;704;2;3518;13;0.5;0.0
42;2021-01-16;297;1;3815;14;0.5;0.0
42;2021-01-17;219;0;4034;14;0.5;0.0
42;2021-01-18;967;1;5001;15;0.7;0.0
42;2021-01-19;1323;8;6324;23;0.8;0.0
42;2021-01-20;954;4;7278;27;1.0;0.0
42;2021-01-21;970;5;8248;32;1.1;0.0
42;2021-01-22;990;2;9238;34;1.2;0.0
42;2021-01-23;401;0;9639;34;1.3;0.0
42;2021-01-24;358;0;9997;34;1.3;0.0
42;2021-01-25;1098;9;11095;43;1.5;0.0
42;2021-01-26;1709;19;12804;62;1.7;0.0
42;2021-01-27;1430;123;14234;185;1.9;0.0
42;2021-01-28;1659;138;15893;323;2.1;0.0
42;2021-01-29;943;115;16836;438;2.2;0.1
42;2021-01-30;255;115;17091;553;2.2;0.1
42;2021-01-31;258;1;17349;554;2.3;0.1
42;2021-02-01;726;62;18075;616;2.4;0.1
42;2021-02-02;1742;288;19817;904;2.6;0.1
42;2021-02-03;1503;484;21320;1388;2.8;0.2
42;2021-02-04;1282;610;22602;1998;3.0;0.3
42;2021-02-05;683;525;23285;2523;3.0;0.3
42;2021-02-06;303;147;23588;2670;3.1;0.3
42;2021-02-07;275;152;23863;2822;3.1;0.4
42;2021-02-08;508;627;24371;3449;3.2;0.5
42;2021-02-09;703;799;25074;4248;3.3;0.6
42;2021-02-10;737;688;25811;4936;3.4;0.6
42;2021-02-11;764;672;26575;5608;3.5;0.7
42;2021-02-12;674;748;27249;6356;3.6;0.8
42;2021-02-13;426;299;27675;6655;3.6;0.9
42;2021-02-14;186;229;27861;6884;3.6;0.9
42;2021-02-15;520;816;28381;7700;3.7;1.0
42;2021-02-16;478;1243;28859;8943;3.8;1.2
42;2021-02-17;514;1537;29373;10480;3.8;1.4
42;2021-02-18;754;1376;30127;11856;3.9;1.6
42;2021-02-19;767;1010;30894;12866;4.0;1.7
42;2021-02-20;247;408;31141;13274;4.1;1.7
42;2021-02-21;63;328;31204;13602;4.1;1.8
42;2021-02-22;569;964;31773;14566;4.2;1.9
42;2021-02-23;1196;1412;32969;15978;4.3;2.1
42;2021-02-24;1216;1213;34185;17191;4.5;2.2
42;2021-02-25;1664;1407;35849;18598;4.7;2.4
42;2021-02-26;1641;900;37490;19498;4.9;2.5
42;2021-02-27;580;289;38070;19787;5.0;2.6
42;2021-02-28;167;125;38237;19912;5.0;2.6
42;2021-03-01;814;845;39051;20757;5.1;2.7
42;2021-03-02;1273;806;40324;21563;5.3;2.8
42;2021-03-03;1365;772;41689;22335;5.5;2.9
42;2021-03-04;1703;682;43392;23017;5.7;3.0
42;2021-03-05;2625;634;46017;23651;6.0;3.1
42;2021-03-06;1932;237;47949;23888;6.3;3.1
42;2021-03-07;1493;75;49442;23963;6.5;3.1
42;2021-03-08;1404;497;50846;24460;6.6;3.2
42;2021-03-09;1983;426;52829;24886;6.9;3.3
42;2021-03-10;2053;470;54882;25356;7.2;3.3
42;2021-03-11;3042;568;57924;25924;7.6;3.4
42;2021-03-12;3005;790;60929;26714;8.0;3.5
42;2021-03-13;1477;336;62406;27050;8.2;3.5
42;2021-03-14;471;173;62877;27223;8.2;3.6
42;2021-03-15;1570;582;64447;27805;8.4;3.6
42;2021-03-16;1461;760;65908;28565;8.6;3.7
42;2021-03-17;1714;1040;67622;29605;8.8;3.9
42;2021-03-18;1804;1010;69426;30615;9.1;4.0
42;2021-03-19;2562;655;71988;31270;9.4;4.1
42;2021-03-20;1670;212;73658;31482;9.6;4.1
42;2021-03-21;527;91;74185;31573;9.7;4.1
42;2021-03-22;1426;724;75611;32297;9.9;4.2
42;2021-03-23;2504;822;78115;33119;10.2;4.3
42;2021-03-24;2783;760;80898;33879;10.6;4.4
42;2021-03-25;3719;915;84617;34794;11.1;4.5
42;2021-03-26;3758;751;88375;35545;11.6;4.6
42;2021-03-27;1803;420;90178;35965;11.8;4.7
42;2021-03-28;1040;194;91218;36159;11.9;4.7
42;2021-03-29;2063;904;93281;37063;12.2;4.8
42;2021-03-30;3141;839;96422;37902;12.6;5.0
42;2021-03-31;2439;1035;98861;38937;12.9;5.1
42;2021-04-01;3388;1016;102249;39953;13.4;5.2
42;2021-04-02;2849;1189;105098;41142;13.7;5.4
42;2021-04-03;1414;594;106512;41736;13.9;5.5
42;2021-04-04;1400;375;107912;42111;14.1;5.5
42;2021-04-05;1900;277;109812;42388;14.4;5.5
42;2021-04-06;2292;1382;112104;43770;14.7;5.7
42;2021-04-07;2749;1792;114853;45562;15.0;6.0
42;2021-04-08;4003;1551;118856;47113;15.5;6.2
42;2021-04-09;5119;1476;123975;48589;16.2;6.4
42;2021-04-10;2580;736;126555;49325;16.5;6.4
42;2021-04-11;1953;408;128508;49733;16.8;6.5
42;2021-04-12;3683;1525;132191;51258;17.3;6.7
42;2021-04-13;4652;1767;136843;53025;17.9;6.9
42;2021-04-14;4286;1864;141129;54889;18.5;7.2
42;2021-04-15;4799;1772;145928;56661;19.1;7.4
42;2021-04-16;4613;1840;150541;58501;19.7;7.6
42;2021-04-17;2977;1057;153518;59558;20.1;7.8
42;2021-04-18;1883;409;155401;59967;20.3;7.8
42;2021-04-19;3088;1521;158489;61488;20.7;8.0
42;2021-04-20;3466;1920;161955;63408;21.2;8.3
42;2021-04-21;3468;1731;165423;65139;21.6;8.5
42;2021-04-22;3766;1921;169189;67060;22.1;8.8
42;2021-04-23;3832;1979;173021;69039;22.6;9.0
42;2021-04-24;2355;1490;175376;70529;22.9;9.2
42;2021-04-25;1655;940;177031;71469;23.1;9.3
42;2021-04-26;3273;1710;180304;73179;23.6;9.6
42;2021-04-27;3255;2185;183559;75364;24.0;9.9
42;2021-04-28;3464;2603;187023;77967;24.5;10.2
42;2021-04-29;3771;2786;190794;80753;24.9;10.6
42;2021-04-30;3357;3012;194151;83765;25.4;11.0
42;2021-05-01;2965;1033;197116;84798;25.8;11.1
42;2021-05-02;1933;1248;199049;86046;26.0;11.3
42;2021-05-03;2867;2756;201916;88802;26.4;11.6
42;2021-05-04;3422;3104;205338;91906;26.9;12.0
42;2021-05-05;3322;3380;208660;95286;27.3;12.5
42;2021-05-06;3885;3747;212545;99033;27.8;12.9
42;2021-05-07;3729;4024;216274;103057;28.3;13.5
42;2021-05-08;3164;1052;219438;104109;28.7;13.6
42;2021-05-09;1506;2208;220944;106317;28.9;13.9
42;2021-05-10;3246;3812;224190;110129;29.3;14.4
42;2021-05-11;5574;3897;229764;114026;30.0;14.9
42;2021-05-12;5337;3556;235101;117582;30.7;15.4
42;2021-05-13;5455;1124;240556;118706;31.5;15.5
42;2021-05-14;5245;2913;245801;121619;32.1;15.9
42;2021-05-15;4878;2104;250679;123723;32.8;16.2
42;2021-05-16;2868;1036;253547;124759;33.2;16.3
42;2021-05-17;5885;2833;259432;127592;33.9;16.7
42;2021-05-18;6250;2974;265682;130566;34.7;17.1
42;2021-05-19;6523;2746;272205;133312;35.6;17.4
42;2021-05-20;7107;2880;279312;136192;36.5;17.8
42;2021-05-21;6352;3254;285664;139446;37.4;18.2
42;2021-05-22;5838;2119;291502;141565;38.1;18.5
42;2021-05-23;2831;865;294333;142430;38.5;18.6
42;2021-05-24;5247;1408;299580;143838;39.2;18.8
42;2021-05-25;5150;3940;304730;147778;39.8;19.3
42;2021-05-26;5148;3435;309878;151213;40.5;19.8
42;2021-05-27;5362;3626;315240;154839;41.2;20.2
42;2021-05-28;5038;4191;320278;159030;41.9;20.8
42;2021-05-29;4333;2976;324611;162006;42.4;21.2
42;2021-05-30;1979;1210;326590;163216;42.7;21.3
42;2021-05-31;4238;3423;330828;166639;43.3;21.8
42;2021-06-01;4591;3568;335419;170207;43.9;22.3
42;2021-06-02;4460;2992;339879;173199;44.4;22.6
42;2021-06-03;4921;3831;344800;177030;45.1;23.1
42;2021-06-04;4764;4209;349564;181239;45.7;23.7
42;2021-06-05;3684;2422;353248;183661;46.2;24.0
42;2021-06-06;1445;1292;354693;184953;46.4;24.2
42;2021-06-07;3980;3368;358673;188321;46.9;24.6
42;2021-06-08;3457;3229;362130;191550;47.4;25.0
42;2021-06-09;2948;3192;365078;194742;47.7;25.5
42;2021-06-10;3234;2924;368312;197666;48.2;25.8
42;2021-06-11;3577;4117;371889;201783;48.6;26.4
42;2021-06-12;2848;2872;374737;204655;49.0;26.8
42;2021-06-13;941;1273;375678;205928;49.1;26.9
42;2021-06-14;2301;4062;377979;209990;49.4;27.5
42;2021-06-15;2818;4060;380797;214050;49.8;28.0
42;2021-06-16;2894;3543;383691;217593;50.2;28.5
42;2021-06-17;2631;3743;386322;221336;50.5;28.9
42;2021-06-18;3077;5145;389399;226481;50.9;29.6
42;2021-06-19;2828;4244;392227;230725;51.3;30.2
42;2021-06-20;854;1842;393081;232567;51.4;30.4
42;2021-06-21;1895;6276;394976;238843;51.6;31.2
42;2021-06-22;1862;5909;396838;244752;51.9;32.0
42;2021-06-23;1829;5322;398667;250074;52.1;32.7
42;2021-06-24;1773;4682;400440;254756;52.4;33.3
42;2021-06-25;2019;6959;402459;261715;52.6;34.2
42;2021-06-26;1391;5823;403850;267538;52.8;35.0
42;2021-06-27;755;2856;404605;270394;52.9;35.4
42;2021-06-28;1726;7064;406331;277458;53.1;36.3
42;2021-06-29;1515;6566;407846;284024;53.3;37.1
42;2021-06-30;1937;5766;409783;289790;53.6;37.9
42;2021-07-01;1756;5111;411539;294901;53.8;38.6
42;2021-07-02;2022;6741;413561;301642;54.1;39.4
42;2021-07-03;1739;5970;415300;307612;54.3;40.2
42;2021-07-04;847;2508;416147;310120;54.4;40.6
42;2021-07-05;1697;6289;417844;316409;54.6;41.4
42;2021-07-06;2097;5570;419941;321979;54.9;42.1
42;2021-07-07;2306;4655;422247;326634;55.2;42.7
42;2021-07-08;2259;3948;424506;330582;55.5;43.2
42;2021-07-09;2355;6089;426861;336671;55.8;44.0
42;2021-07-10;1689;5577;428550;342248;56.0;44.8
42;2021-07-11;916;2290;429466;344538;56.2;45.1
42;2021-07-12;1751;6274;431217;350812;56.4;45.9
42;2021-07-13;3576;6266;434793;357078;56.9;46.7
42;2021-07-14;4459;2035;439252;359113;57.4;47.0
42;2021-07-15;4514;5591;443766;364704;58.0;47.7
42;2021-07-16;4327;6166;448093;370870;58.6;48.5
42;2021-07-17;3172;4677;451265;375547;59.0;49.1
42;2021-07-18;1830;1731;453095;377278;59.2;49.3
42;2021-07-19;3745;5016;456840;382294;59.7;50.0
43;2020-12-27;0;0;0;0;0.0;0.0
43;2020-12-28;0;0;0;0;0.0;0.0
43;2020-12-29;0;0;0;0;0.0;0.0
43;2020-12-30;0;0;0;0;0.0;0.0
43;2020-12-31;0;0;0;0;0.0;0.0
43;2021-01-01;0;0;0;0;0.0;0.0
43;2021-01-02;0;0;0;0;0.0;0.0
43;2021-01-03;0;0;0;0;0.0;0.0
43;2021-01-04;1;0;1;0;0.0;0.0
43;2021-01-05;0;0;1;0;0.0;0.0
43;2021-01-06;0;0;1;0;0.0;0.0
43;2021-01-07;167;0;168;0;0.1;0.0
43;2021-01-08;151;0;319;0;0.1;0.0
43;2021-01-09;0;0;319;0;0.1;0.0
43;2021-01-10;0;0;319;0;0.1;0.0
43;2021-01-11;137;0;456;0;0.2;0.0
43;2021-01-12;244;1;700;1;0.3;0.0
43;2021-01-13;244;1;944;2;0.4;0.0
43;2021-01-14;293;1;1237;3;0.5;0.0
43;2021-01-15;303;2;1540;5;0.7;0.0
43;2021-01-16;32;0;1572;5;0.7;0.0
43;2021-01-17;0;0;1572;5;0.7;0.0
43;2021-01-18;760;5;2332;10;1.0;0.0
43;2021-01-19;777;6;3109;16;1.4;0.0
43;2021-01-20;516;0;3625;16;1.6;0.0
43;2021-01-21;446;1;4071;17;1.8;0.0
43;2021-01-22;465;8;4536;25;2.0;0.0
43;2021-01-23;1;0;4537;25;2.0;0.0
43;2021-01-24;1;0;4538;25;2.0;0.0
43;2021-01-25;539;0;5077;25;2.2;0.0
43;2021-01-26;615;2;5692;27;2.5;0.0
43;2021-01-27;740;0;6432;27;2.8;0.0
43;2021-01-28;747;32;7179;59;3.2;0.0
43;2021-01-29;719;85;7898;144;3.5;0.1
43;2021-01-30;109;0;8007;144;3.5;0.1
43;2021-01-31;0;0;8007;144;3.5;0.1
43;2021-02-01;403;100;8410;244;3.7;0.1
43;2021-02-02;709;151;9119;395;4.0;0.2
43;2021-02-03;691;43;9810;438;4.3;0.2
43;2021-02-04;523;174;10333;612;4.6;0.3
43;2021-02-05;543;172;10876;784;4.8;0.3
43;2021-02-06;163;19;11039;803;4.9;0.4
43;2021-02-07;0;0;11039;803;4.9;0.4
43;2021-02-08;411;303;11450;1106;5.0;0.5
43;2021-02-09;369;440;11819;1546;5.2;0.7
43;2021-02-10;399;361;12218;1907;5.4;0.8
43;2021-02-11;390;394;12608;2301;5.6;1.0
43;2021-02-12;426;200;13034;2501;5.7;1.1
43;2021-02-13;572;31;13606;2532;6.0;1.1
43;2021-02-14;0;0;13606;2532;6.0;1.1
43;2021-02-15;68;480;13674;3012;6.0;1.3
43;2021-02-16;41;374;13715;3386;6.0;1.5
43;2021-02-17;87;483;13802;3869;6.1;1.7
43;2021-02-18;147;381;13949;4250;6.1;1.9
43;2021-02-19;275;506;14224;4756;6.3;2.1
43;2021-02-20;22;4;14246;4760;6.3;2.1
43;2021-02-21;0;0;14246;4760;6.3;2.1
43;2021-02-22;16;504;14262;5264;6.3;2.3
43;2021-02-23;202;797;14464;6061;6.4;2.7
43;2021-02-24;147;715;14611;6776;6.4;3.0
43;2021-02-25;227;682;14838;7458;6.5;3.3
43;2021-02-26;222;683;15060;8141;6.6;3.6
43;2021-02-27;138;74;15198;8215;6.7;3.6
43;2021-02-28;1;0;15199;8215;6.7;3.6
43;2021-03-01;210;478;15409;8693;6.8;3.8
43;2021-03-02;341;577;15750;9270;6.9;4.1
43;2021-03-03;337;612;16087;9882;7.1;4.4
43;2021-03-04;551;457;16638;10339;7.3;4.6
43;2021-03-05;566;447;17204;10786;7.6;4.8
43;2021-03-06;489;175;17693;10961;7.8;4.8
43;2021-03-07;12;0;17705;10961;7.8;4.8
43;2021-03-08;445;438;18150;11399;8.0;5.0
43;2021-03-09;621;344;18771;11743;8.3;5.2
43;2021-03-10;673;487;19444;12230;8.6;5.4
43;2021-03-11;953;433;20397;12663;9.0;5.6
43;2021-03-12;946;414;21343;13077;9.4;5.8
43;2021-03-13;792;108;22135;13185;9.8;5.8
43;2021-03-14;2;0;22137;13185;9.8;5.8
43;2021-03-15;706;137;22843;13322;10.1;5.9
43;2021-03-16;846;272;23689;13594;10.4;6.0
43;2021-03-17;638;128;24327;13722;10.7;6.0
43;2021-03-18;675;125;25002;13847;11.0;6.1
43;2021-03-19;838;95;25840;13942;11.4;6.1
43;2021-03-20;450;59;26290;14001;11.6;6.2
43;2021-03-21;0;0;26290;14001;11.6;6.2
43;2021-03-22;743;28;27033;14029;11.9;6.2
43;2021-03-23;869;30;27902;14059;12.3;6.2
43;2021-03-24;1172;63;29074;14122;12.8;6.2
43;2021-03-25;1594;130;30668;14252;13.5;6.3
43;2021-03-26;1609;171;32277;14423;14.2;6.4
43;2021-03-27;1448;63;33725;14486;14.9;6.4
43;2021-03-28;420;20;34145;14506;15.0;6.4
43;2021-03-29;1094;161;35239;14667;15.5;6.5
43;2021-03-30;1312;232;36551;14899;16.1;6.6
43;2021-03-31;1305;235;37856;15134;16.7;6.7
43;2021-04-01;1345;327;39201;15461;17.3;6.8
43;2021-04-02;1050;340;40251;15801;17.7;7.0
43;2021-04-03;337;192;40588;15993;17.9;7.0
43;2021-04-04;0;0;40588;15993;17.9;7.0
43;2021-04-05;3;0;40591;15993;17.9;7.0
43;2021-04-06;686;601;41277;16594;18.2;7.3
43;2021-04-07;867;567;42144;17161;18.6;7.6
43;2021-04-08;1084;449;43228;17610;19.1;7.8
43;2021-04-09;1148;644;44376;18254;19.6;8.0
43;2021-04-10;624;259;45000;18513;19.8;8.2
43;2021-04-11;0;0;45000;18513;19.8;8.2
43;2021-04-12;681;646;45681;19159;20.1;8.4
43;2021-04-13;917;716;46598;19875;20.5;8.8
43;2021-04-14;722;660;47320;20535;20.9;9.1
43;2021-04-15;958;690;48278;21225;21.3;9.4
43;2021-04-16;1006;682;49284;21907;21.7;9.7
43;2021-04-17;423;299;49707;22206;21.9;9.8
43;2021-04-18;3;5;49710;22211;21.9;9.8
43;2021-04-19;629;558;50339;22769;22.2;10.0
43;2021-04-20;839;662;51178;23431;22.6;10.3
43;2021-04-21;320;987;51498;24418;22.7;10.8
43;2021-04-22;678;1008;52176;25426;23.0;11.2
43;2021-04-23;402;1094;52578;26520;23.2;11.7
43;2021-04-24;347;1033;52925;27553;23.3;12.1
43;2021-04-25;23;403;52948;27956;23.3;12.3
43;2021-04-26;383;966;53331;28922;23.5;12.7
43;2021-04-27;823;988;54154;29910;23.9;13.2
43;2021-04-28;794;1099;54948;31009;24.2;13.7
43;2021-04-29;1235;1133;56183;32142;24.8;14.2
43;2021-04-30;1199;1059;57382;33201;25.3;14.6
43;2021-05-01;400;18;57782;33219;25.5;14.6
43;2021-05-02;0;0;57782;33219;25.5;14.6
43;2021-05-03;1216;395;58998;33614;26.0;14.8
43;2021-05-04;1236;944;60234;34558;26.5;15.2
43;2021-05-05;1144;846;61378;35404;27.1;15.6
43;2021-05-06;1403;936;62781;36340;27.7;16.0
43;2021-05-07;1089;1164;63870;37504;28.1;16.5
43;2021-05-08;518;136;64388;37640;28.4;16.6
43;2021-05-09;0;2;64388;37642;28.4;16.6
43;2021-05-10;1084;717;65472;38359;28.9;16.9
43;2021-05-11;1554;1001;67026;39360;29.5;17.3
43;2021-05-12;1480;806;68506;40166;30.2;17.7
43;2021-05-13;935;379;69441;40545;30.6;17.9
43;2021-05-14;2202;1096;71643;41641;31.6;18.4
43;2021-05-15;1269;317;72912;41958;32.1;18.5
43;2021-05-16;271;47;73183;42005;32.3;18.5
43;2021-05-17;1621;621;74804;42626;33.0;18.8
43;2021-05-18;1966;665;76770;43291;33.8;19.1
43;2021-05-19;2069;567;78839;43858;34.7;19.3
43;2021-05-20;2336;793;81175;44651;35.8;19.7
43;2021-05-21;2381;703;83556;45354;36.8;20.0
43;2021-05-22;1207;338;84763;45692;37.4;20.1
43;2021-05-23;1;0;84764;45692;37.4;20.1
43;2021-05-24;381;100;85145;45792;37.5;20.2
43;2021-05-25;1406;651;86551;46443;38.1;20.5
43;2021-05-26;1349;554;87900;46997;38.7;20.7
43;2021-05-27;1389;710;89289;47707;39.4;21.0
43;2021-05-28;1347;730;90636;48437;39.9;21.3
43;2021-05-29;1135;596;91771;49033;40.4;21.6
43;2021-05-30;149;16;91920;49049;40.5;21.6
43;2021-05-31;1207;443;93127;49492;41.0;21.8
43;2021-06-01;1279;982;94406;50474;41.6;22.2
43;2021-06-02;1085;691;95491;51165;42.1;22.5
43;2021-06-03;1194;856;96685;52021;42.6;22.9
43;2021-06-04;1348;859;98033;52880;43.2;23.3
43;2021-06-05;822;450;98855;53330;43.6;23.5
43;2021-06-06;10;5;98865;53335;43.6;23.5
43;2021-06-07;746;515;99611;53850;43.9;23.7
43;2021-06-08;664;701;100275;54551;44.2;24.0
43;2021-06-09;539;759;100814;55310;44.4;24.4
43;2021-06-10;800;1113;101614;56423;44.8;24.9
43;2021-06-11;758;1347;102372;57770;45.1;25.5
43;2021-06-12;910;514;103282;58284;45.5;25.7
43;2021-06-13;3;27;103285;58311;45.5;25.7
43;2021-06-14;447;1086;103732;59397;45.7;26.2
43;2021-06-15;628;1191;104360;60588;46.0;26.7
43;2021-06-16;548;975;104908;61563;46.2;27.1
43;2021-06-17;595;1496;105503;63059;46.5;27.8
43;2021-06-18;898;1462;106401;64521;46.9;28.4
43;2021-06-19;446;778;106847;65299;47.1;28.8
43;2021-06-20;0;12;106847;65311;47.1;28.8
43;2021-06-21;422;1307;107269;66618;47.3;29.4
43;2021-06-22;530;1963;107799;68581;47.5;30.2
43;2021-06-23;342;1748;108141;70329;47.7;31.0
43;2021-06-24;509;1496;108650;71825;47.9;31.7
43;2021-06-25;593;2349;109243;74174;48.1;32.7
43;2021-06-26;504;1247;109747;75421;48.4;33.2
43;2021-06-27;9;20;109756;75441;48.4;33.2
43;2021-06-28;329;1789;110085;77230;48.5;34.0
43;2021-06-29;518;2382;110603;79612;48.7;35.1
43;2021-06-30;452;2282;111055;81894;48.9;36.1
43;2021-07-01;469;1913;111524;83807;49.2;36.9
43;2021-07-02;495;1962;112019;85769;49.4;37.8
43;2021-07-03;256;1109;112275;86878;49.5;38.3
43;2021-07-04;0;0;112275;86878;49.5;38.3
43;2021-07-05;523;1199;112798;88077;49.7;38.8
43;2021-07-06;629;1679;113427;89756;50.0;39.6
43;2021-07-07;519;1419;113946;91175;50.2;40.2
43;2021-07-08;834;1422;114780;92597;50.6;40.8
43;2021-07-09;544;1498;115324;94095;50.8;41.5
43;2021-07-10;400;1331;115724;95426;51.0;42.1
43;2021-07-11;23;98;115747;95524;51.0;42.1
43;2021-07-12;601;1685;116348;97209;51.3;42.8
43;2021-07-13;1184;1842;117532;99051;51.8;43.7
43;2021-07-14;843;145;118375;99196;52.2;43.7
43;2021-07-15;1923;1827;120298;101023;53.0;44.5
43;2021-07-16;1747;1613;122045;102636;53.8;45.2
43;2021-07-17;1526;1187;123571;103823;54.5;45.8
43;2021-07-18;4;19;123575;103842;54.5;45.8
43;2021-07-19;1425;1213;125000;105055;55.1;46.3
44;2020-12-27;0;0;0;0;0.0;0.0
44;2020-12-28;0;0;0;0;0.0;0.0
44;2020-12-29;0;0;0;0;0.0;0.0
44;2020-12-30;1;0;1;0;0.0;0.0
44;2020-12-31;0;0;1;0;0.0;0.0
44;2021-01-01;0;0;1;0;0.0;0.0
44;2021-01-02;0;0;1;0;0.0;0.0
44;2021-01-03;1;0;2;0;0.0;0.0
44;2021-01-04;0;0;2;0;0.0;0.0
44;2021-01-05;0;0;2;0;0.0;0.0
44;2021-01-06;20;0;22;0;0.0;0.0
44;2021-01-07;186;0;208;0;0.0;0.0
44;2021-01-08;527;1;735;1;0.1;0.0
44;2021-01-09;473;0;1208;1;0.1;0.0
44;2021-01-10;455;1;1663;2;0.1;0.0
44;2021-01-11;801;0;2464;2;0.2;0.0
44;2021-01-12;904;1;3368;3;0.2;0.0
44;2021-01-13;1087;1;4455;4;0.3;0.0
44;2021-01-14;1109;8;5564;12;0.4;0.0
44;2021-01-15;987;1;6551;13;0.5;0.0
44;2021-01-16;335;2;6886;15;0.5;0.0
44;2021-01-17;327;1;7213;16;0.5;0.0
44;2021-01-18;855;3;8068;19;0.6;0.0
44;2021-01-19;2571;3;10639;22;0.7;0.0
44;2021-01-20;2712;4;13351;26;0.9;0.0
44;2021-01-21;4526;2;17877;28;1.2;0.0
44;2021-01-22;2414;4;20291;32;1.4;0.0
44;2021-01-23;762;1;21053;33;1.5;0.0
44;2021-01-24;119;0;21172;33;1.5;0.0
44;2021-01-25;829;0;22001;33;1.5;0.0
44;2021-01-26;2521;18;24522;51;1.7;0.0
44;2021-01-27;2087;61;26609;112;1.9;0.0
44;2021-01-28;3730;191;30339;303;2.1;0.0
44;2021-01-29;2366;491;32705;794;2.3;0.1
44;2021-01-30;627;217;33332;1011;2.3;0.1
44;2021-01-31;14;215;33346;1226;2.3;0.1
44;2021-02-01;591;546;33937;1772;2.4;0.1
44;2021-02-02;878;763;34815;2535;2.4;0.2
44;2021-02-03;889;900;35704;3435;2.5;0.2
44;2021-02-04;934;724;36638;4159;2.5;0.3
44;2021-02-05;894;631;37532;4790;2.6;0.3
44;2021-02-06;462;269;37994;5059;2.6;0.4
44;2021-02-07;72;208;38066;5267;2.6;0.4
44;2021-02-08;522;461;38588;5728;2.7;0.4
44;2021-02-09;945;1255;39533;6983;2.8;0.5
44;2021-02-10;1129;1313;40662;8296;2.8;0.6
44;2021-02-11;2282;3008;42944;11304;3.0;0.8
44;2021-02-12;1661;1736;44605;13040;3.1;0.9
44;2021-02-13;431;517;45036;13557;3.1;0.9
44;2021-02-14;10;180;45046;13737;3.1;1.0
44;2021-02-15;503;1104;45549;14841;3.2;1.0
44;2021-02-16;1441;2569;46990;17410;3.3;1.2
44;2021-02-17;1102;2165;48092;19575;3.3;1.4
44;2021-02-18;1950;3711;50042;23286;3.5;1.6
44;2021-02-19;1579;2540;51621;25826;3.6;1.8
44;2021-02-20;408;649;52029;26475;3.6;1.8
44;2021-02-21;6;178;52035;26653;3.6;1.9
44;2021-02-22;706;838;52741;27491;3.7;1.9
44;2021-02-23;1239;1130;53980;28621;3.8;2.0
44;2021-02-24;1224;1094;55204;29715;3.8;2.1
44;2021-02-25;2433;1088;57637;30803;4.0;2.1
44;2021-02-26;2289;969;59926;31772;4.2;2.2
44;2021-02-27;974;452;60900;32224;4.2;2.2
44;2021-02-28;6;32;60906;32256;4.2;2.2
44;2021-03-01;986;558;61892;32814;4.3;2.3
44;2021-03-02;1798;1054;63690;33868;4.4;2.4
44;2021-03-03;1849;1133;65539;35001;4.6;2.4
44;2021-03-04;2874;1558;68413;36559;4.8;2.5
44;2021-03-05;3471;1321;71884;37880;5.0;2.6
44;2021-03-06;2500;495;74384;38375;5.2;2.7
44;2021-03-07;986;81;75370;38456;5.2;2.7
44;2021-03-08;1784;608;77154;39064;5.4;2.7
44;2021-03-09;3350;1144;80504;40208;5.6;2.8
44;2021-03-10;3076;1107;83580;41315;5.8;2.9
44;2021-03-11;4425;1778;88005;43093;6.1;3.0
44;2021-03-12;5886;1272;93891;44365;6.5;3.1
44;2021-03-13;3623;292;97514;44657;6.8;3.1
44;2021-03-14;427;62;97941;44719;6.8;3.1
44;2021-03-15;2683;353;100624;45072;7.0;3.1
44;2021-03-16;2141;626;102765;45698;7.2;3.2
44;2021-03-17;1958;676;104723;46374;7.3;3.2
44;2021-03-18;2160;632;106883;47006;7.4;3.3
44;2021-03-19;3768;355;110651;47361;7.7;3.3
44;2021-03-20;3208;281;113859;47642;7.9;3.3
44;2021-03-21;908;17;114767;47659;8.0;3.3
44;2021-03-22;2460;431;117227;48090;8.2;3.3
44;2021-03-23;3956;694;121183;48784;8.4;3.4
44;2021-03-24;4301;617;125484;49401;8.7;3.4
44;2021-03-25;5607;913;131091;50314;9.1;3.5
44;2021-03-26;6494;747;137585;51061;9.6;3.6
44;2021-03-27;3210;419;140795;51480;9.8;3.6
44;2021-03-28;1242;34;142037;51514;9.9;3.6
44;2021-03-29;3114;783;145151;52297;10.1;3.6
44;2021-03-30;5125;1101;150276;53398;10.5;3.7
44;2021-03-31;4608;1311;154884;54709;10.8;3.8
44;2021-04-01;6127;980;161011;55689;11.2;3.9
44;2021-04-02;5790;941;166801;56630;11.6;3.9
44;2021-04-03;2434;650;169235;57280;11.8;4.0
44;2021-04-04;665;19;169900;57299;11.8;4.0
44;2021-04-05;685;284;170585;57583;11.9;4.0
44;2021-04-06;4198;1366;174783;58949;12.2;4.1
44;2021-04-07;5066;1639;179849;60588;12.5;4.2
44;2021-04-08;7175;1635;187024;62223;13.0;4.3
44;2021-04-09;10049;1769;197073;63992;13.7;4.5
44;2021-04-10;4554;1434;201627;65426;14.0;4.6
44;2021-04-11;2139;417;203766;65843;14.2;4.6
44;2021-04-12;5457;1576;209223;67419;14.6;4.7
44;2021-04-13;6717;2234;215940;69653;15.0;4.8
44;2021-04-14;5900;2223;221840;71876;15.4;5.0
44;2021-04-15;6700;2189;228540;74065;15.9;5.2
44;2021-04-16;7777;2026;236317;76091;16.4;5.3
44;2021-04-17;4288;1367;240605;77458;16.7;5.4
44;2021-04-18;2252;821;242857;78279;16.9;5.4
44;2021-04-19;5042;1898;247899;80177;17.2;5.6
44;2021-04-20;6267;2638;254166;82815;17.7;5.8
44;2021-04-21;5998;2769;260164;85584;18.1;6.0
44;2021-04-22;6951;2498;267115;88082;18.6;6.1
44;2021-04-23;7313;3143;274428;91225;19.1;6.3
44;2021-04-24;3971;2036;278399;93261;19.4;6.5
44;2021-04-25;2073;1057;280472;94318;19.5;6.6
44;2021-04-26;5639;2757;286111;97075;19.9;6.8
44;2021-04-27;7411;4100;293522;101175;20.4;7.0
44;2021-04-28;7599;3764;301121;104939;21.0;7.3
44;2021-04-29;8959;4248;310080;109187;21.6;7.6
44;2021-04-30;9564;4674;319644;113861;22.2;7.9
44;2021-05-01;2846;923;322490;114784;22.4;8.0
44;2021-05-02;1895;619;324385;115403;22.6;8.0
44;2021-05-03;5543;4072;329928;119475;23.0;8.3
44;2021-05-04;6320;5128;336248;124603;23.4;8.7
44;2021-05-05;6068;4615;342316;129218;23.8;9.0
44;2021-05-06;7245;4873;349561;134091;24.3;9.3
44;2021-05-07;7448;5711;357009;139802;24.8;9.7
44;2021-05-08;2578;1258;359587;141060;25.0;9.8
44;2021-05-09;1798;1812;361385;142872;25.1;9.9
44;2021-05-10;6564;5766;367949;148638;25.6;10.3
44;2021-05-11;7785;6252;375734;154890;26.1;10.8
44;2021-05-12;8179;5717;383913;160607;26.7;11.2
44;2021-05-13;5288;1181;389201;161788;27.1;11.3
44;2021-05-14;7579;3968;396780;165756;27.6;11.5
44;2021-05-15;5000;2226;401780;167982;28.0;11.7
44;2021-05-16;2792;735;404572;168717;28.2;11.7
44;2021-05-17;6738;5149;411310;173866;28.6;12.1
44;2021-05-18;7967;5233;419277;179099;29.2;12.5
44;2021-05-19;8153;4280;427430;183379;29.7;12.8
44;2021-05-20;8360;4643;435790;188022;30.3;13.1
44;2021-05-21;8826;5199;444616;193221;30.9;13.4
44;2021-05-22;5093;2227;449709;195448;31.3;13.6
44;2021-05-23;1760;821;451469;196269;31.4;13.7
44;2021-05-24;4885;1614;456354;197883;31.8;13.8
44;2021-05-25;7736;5529;464090;203412;32.3;14.2
44;2021-05-26;8169;5033;472259;208445;32.9;14.5
44;2021-05-27;9644;5346;481903;213791;33.5;14.9
44;2021-05-28;9175;6908;491078;220699;34.2;15.4
44;2021-05-29;5883;3329;496961;224028;34.6;15.6
44;2021-05-30;1773;695;498734;224723;34.7;15.6
44;2021-05-31;8061;6176;506795;230899;35.3;16.1
44;2021-06-01;9887;6520;516682;237419;36.0;16.5
44;2021-06-02;9505;5676;526187;243095;36.6;16.9
44;2021-06-03;10850;5866;537037;248961;37.4;17.3
44;2021-06-04;9925;8057;546962;257018;38.1;17.9
44;2021-06-05;5770;4341;552732;261359;38.5;18.2
44;2021-06-06;2356;1126;555088;262485;38.6;18.3
44;2021-06-07;9540;6914;564628;269399;39.3;18.7
44;2021-06-08;10872;7462;575500;276861;40.0;19.3
44;2021-06-09;10511;6308;586011;283169;40.8;19.7
44;2021-06-10;11355;6019;597366;289188;41.6;20.1
44;2021-06-11;11881;8627;609247;297815;42.4;20.7
44;2021-06-12;7731;4079;616978;301894;42.9;21.0
44;2021-06-13;2768;1004;619746;302898;43.1;21.1
44;2021-06-14;8644;8395;628390;311293;43.7;21.7
44;2021-06-15;11169;8230;639559;319523;44.5;22.2
44;2021-06-16;10846;7635;650405;327158;45.3;22.8
44;2021-06-17;11628;8661;662033;335819;46.1;23.4
44;2021-06-18;10569;10090;672602;345909;46.8;24.1
44;2021-06-19;5851;4313;678453;350222;47.2;24.4
44;2021-06-20;2520;1332;680973;351554;47.4;24.5
44;2021-06-21;7184;10013;688157;361567;47.9;25.2
44;2021-06-22;8401;10633;696558;372200;48.5;25.9
44;2021-06-23;8478;9128;705036;381328;49.1;26.5
44;2021-06-24;9060;8574;714096;389902;49.7;27.1
44;2021-06-25;7538;10815;721634;400717;50.2;27.9
44;2021-06-26;2941;6474;724575;407191;50.4;28.3
44;2021-06-27;808;2404;725383;409595;50.5;28.5
44;2021-06-28;5165;10073;730548;419668;50.8;29.2
44;2021-06-29;6118;12096;736666;431764;51.3;30.0
44;2021-06-30;6037;10466;742703;442230;51.7;30.8
44;2021-07-01;6771;10503;749474;452733;52.2;31.5
44;2021-07-02;6339;12546;755813;465279;52.6;32.4
44;2021-07-03;2546;7004;758359;472283;52.8;32.9
44;2021-07-04;969;2235;759328;474518;52.8;33.0
44;2021-07-05;5188;11869;764516;486387;53.2;33.8
44;2021-07-06;5860;12598;770376;498985;53.6;34.7
44;2021-07-07;6343;11087;776719;510072;54.0;35.5
44;2021-07-08;7219;11964;783938;522036;54.5;36.3
44;2021-07-09;6021;14255;789959;536291;55.0;37.3
44;2021-07-10;2358;7018;792317;543309;55.1;37.8
44;2021-07-11;718;2259;793035;545568;55.2;38.0
44;2021-07-12;4322;14047;797357;559615;55.5;38.9
44;2021-07-13;5673;14841;803030;574456;55.9;40.0
44;2021-07-14;3613;5803;806643;580259;56.1;40.4
44;2021-07-15;7101;14237;813744;594496;56.6;41.4
44;2021-07-16;8007;14953;821751;609449;57.2;42.4
44;2021-07-17;3330;7569;825081;617018;57.4;42.9
44;2021-07-18;1424;2545;826505;619563;57.5;43.1
44;2021-07-19;4633;14679;831138;634242;57.8;44.1
45;2020-12-27;0;0;0;0;0.0;0.0
45;2020-12-28;0;0;0;0;0.0;0.0
45;2020-12-29;0;0;0;0;0.0;0.0
45;2020-12-30;0;0;0;0;0.0;0.0
45;2020-12-31;0;0;0;0;0.0;0.0
45;2021-01-01;0;0;0;0;0.0;0.0
45;2021-01-02;0;0;0;0;0.0;0.0
45;2021-01-03;0;0;0;0;0.0;0.0
45;2021-01-04;0;0;0;0;0.0;0.0
45;2021-01-05;76;0;76;0;0.0;0.0
45;2021-01-06;69;0;145;0;0.0;0.0
45;2021-01-07;173;0;318;0;0.0;0.0
45;2021-01-08;199;1;517;1;0.1;0.0
45;2021-01-09;42;0;559;1;0.1;0.0
45;2021-01-10;23;0;582;1;0.1;0.0
45;2021-01-11;254;0;836;1;0.1;0.0
45;2021-01-12;679;2;1515;3;0.2;0.0
45;2021-01-13;496;2;2011;5;0.3;0.0
45;2021-01-14;482;37;2493;42;0.4;0.0
45;2021-01-15;391;3;2884;45;0.4;0.0
45;2021-01-16;39;0;2923;45;0.4;0.0
45;2021-01-17;24;0;2947;45;0.4;0.0
45;2021-01-18;814;1;3761;46;0.6;0.0
45;2021-01-19;1196;6;4957;52;0.7;0.0
45;2021-01-20;2107;5;7064;57;1.0;0.0
45;2021-01-21;2522;4;9586;61;1.4;0.0
45;2021-01-22;1409;2;10995;63;1.6;0.0
45;2021-01-23;120;0;11115;63;1.6;0.0
45;2021-01-24;39;0;11154;63;1.6;0.0
45;2021-01-25;555;3;11709;66;1.7;0.0
45;2021-01-26;847;18;12556;84;1.8;0.0
45;2021-01-27;648;45;13204;129;1.9;0.0
45;2021-01-28;882;220;14086;349;2.1;0.1
45;2021-01-29;576;125;14662;474;2.1;0.1
45;2021-01-30;40;41;14702;515;2.2;0.1
45;2021-01-31;37;23;14739;538;2.2;0.1
45;2021-02-01;462;210;15201;748;2.2;0.1
45;2021-02-02;757;470;15958;1218;2.3;0.2
45;2021-02-03;770;480;16728;1698;2.4;0.2
45;2021-02-04;699;267;17427;1965;2.6;0.3
45;2021-02-05;416;150;17843;2115;2.6;0.3
45;2021-02-06;36;28;17879;2143;2.6;0.3
45;2021-02-07;5;31;17884;2174;2.6;0.3
45;2021-02-08;455;193;18339;2367;2.7;0.3
45;2021-02-09;1003;405;19342;2772;2.8;0.4
45;2021-02-10;1275;789;20617;3561;3.0;0.5
45;2021-02-11;1381;1524;21998;5085;3.2;0.7
45;2021-02-12;1050;1140;23048;6225;3.4;0.9
45;2021-02-13;85;158;23133;6383;3.4;0.9
45;2021-02-14;39;11;23172;6394;3.4;0.9
45;2021-02-15;523;611;23695;7005;3.5;1.0
45;2021-02-16;756;935;24451;7940;3.6;1.2
45;2021-02-17;641;1050;25092;8990;3.7;1.3
45;2021-02-18;841;857;25933;9847;3.8;1.4
45;2021-02-19;823;761;26756;10608;3.9;1.6
45;2021-02-20;58;94;26814;10702;3.9;1.6
45;2021-02-21;17;46;26831;10748;3.9;1.6
45;2021-02-22;404;631;27235;11379;4.0;1.7
45;2021-02-23;814;808;28049;12187;4.1;1.8
45;2021-02-24;645;928;28694;13115;4.2;1.9
45;2021-02-25;962;807;29656;13922;4.3;2.0
45;2021-02-26;1043;694;30699;14616;4.5;2.1
45;2021-02-27;290;52;30989;14668;4.5;2.1
45;2021-02-28;28;5;31017;14673;4.5;2.1
45;2021-03-01;529;335;31546;15008;4.6;2.2
45;2021-03-02;668;728;32214;15736;4.7;2.3
45;2021-03-03;981;892;33195;16628;4.9;2.4
45;2021-03-04;1104;977;34299;17605;5.0;2.6
45;2021-03-05;1435;856;35734;18461;5.2;2.7
45;2021-03-06;2022;117;37756;18578;5.5;2.7
45;2021-03-07;143;59;37899;18637;5.5;2.7
45;2021-03-08;749;850;38648;19487;5.7;2.9
45;2021-03-09;1253;709;39901;20196;5.8;3.0
45;2021-03-10;1593;892;41494;21088;6.1;3.1
45;2021-03-11;1717;748;43211;21836;6.3;3.2
45;2021-03-12;2067;598;45278;22434;6.6;3.3
45;2021-03-13;985;45;46263;22479;6.8;3.3
45;2021-03-14;24;43;46287;22522;6.8;3.3
45;2021-03-15;809;601;47096;23123;6.9;3.4
45;2021-03-16;939;838;48035;23961;7.0;3.5
45;2021-03-17;1048;672;49083;24633;7.2;3.6
45;2021-03-18;995;575;50078;25208;7.3;3.7
45;2021-03-19;1614;424;51692;25632;7.6;3.8
45;2021-03-20;495;81;52187;25713;7.6;3.8
45;2021-03-21;19;35;52206;25748;7.6;3.8
45;2021-03-22;910;528;53116;26276;7.8;3.8
45;2021-03-23;1980;719;55096;26995;8.1;4.0
45;2021-03-24;1894;541;56990;27536;8.3;4.0
45;2021-03-25;2977;442;59967;27978;8.8;4.1
45;2021-03-26;3385;463;63352;28441;9.3;4.2
45;2021-03-27;1793;109;65145;28550;9.5;4.2
45;2021-03-28;89;40;65234;28590;9.6;4.2
45;2021-03-29;1525;525;66759;29115;9.8;4.3
45;2021-03-30;2779;796;69538;29911;10.2;4.4
45;2021-03-31;2131;574;71669;30485;10.5;4.5
45;2021-04-01;2971;561;74640;31046;10.9;4.5
45;2021-04-02;2824;497;77464;31543;11.3;4.6
45;2021-04-03;810;71;78274;31614;11.5;4.6
45;2021-04-04;111;33;78385;31647;11.5;4.6
45;2021-04-05;10;2;78395;31649;11.5;4.6
45;2021-04-06;1732;784;80127;32433;11.7;4.7
45;2021-04-07;1774;1130;81901;33563;12.0;4.9
45;2021-04-08;2771;1028;84672;34591;12.4;5.1
45;2021-04-09;3673;633;88345;35224;12.9;5.2
45;2021-04-10;2321;102;90666;35326;13.3;5.2
45;2021-04-11;153;24;90819;35350;13.3;5.2
45;2021-04-12;2603;654;93422;36004;13.7;5.3
45;2021-04-13;3841;1070;97263;37074;14.2;5.4
45;2021-04-14;2928;1212;100191;38286;14.7;5.6
45;2021-04-15;3518;1020;103709;39306;15.2;5.8
45;2021-04-16;3773;680;107482;39986;15.7;5.9
45;2021-04-17;1613;107;109095;40093;16.0;5.9
45;2021-04-18;200;36;109295;40129;16.0;5.9
45;2021-04-19;1936;941;111231;41070;16.3;6.0
45;2021-04-20;3072;1688;114303;42758;16.7;6.3
45;2021-04-21;2715;1295;117018;44053;17.1;6.5
45;2021-04-22;3421;1832;120439;45885;17.6;6.7
45;2021-04-23;3269;1789;123708;47674;18.1;7.0
45;2021-04-24;2022;864;125730;48538;18.4;7.1
45;2021-04-25;289;86;126019;48624;18.5;7.1
45;2021-04-26;2226;1162;128245;49786;18.8;7.3
45;2021-04-27;3347;2347;131592;52133;19.3;7.6
45;2021-04-28;2799;1939;134391;54072;19.7;7.9
45;2021-04-29;3825;2326;138216;56398;20.2;8.3
45;2021-04-30;4380;1798;142596;58196;20.9;8.5
45;2021-05-01;450;60;143046;58256;20.9;8.5
45;2021-05-02;626;118;143672;58374;21.0;8.5
45;2021-05-03;2817;983;146489;59357;21.5;8.7
45;2021-05-04;3155;2338;149644;61695;21.9;9.0
45;2021-05-05;2708;2159;152352;63854;22.3;9.4
45;2021-05-06;3325;2526;155677;66380;22.8;9.7
45;2021-05-07;2872;3198;158549;69578;23.2;10.2
45;2021-05-08;607;243;159156;69821;23.3;10.2
45;2021-05-09;1497;120;160653;69941;23.5;10.2
45;2021-05-10;4141;2964;164794;72905;24.1;10.7
45;2021-05-11;5015;2955;169809;75860;24.9;11.1
45;2021-05-12;6061;2766;175870;78626;25.8;11.5
45;2021-05-13;2442;593;178312;79219;26.1;11.6
45;2021-05-14;4964;1619;183276;80838;26.8;11.8
45;2021-05-15;4065;599;187341;81437;27.4;11.9
45;2021-05-16;284;32;187625;81469;27.5;11.9
45;2021-05-17;3347;1534;190972;83003;28.0;12.2
45;2021-05-18;5095;1674;196067;84677;28.7;12.4
45;2021-05-19;4464;2051;200531;86728;29.4;12.7
45;2021-05-20;5241;2128;205772;88856;30.1;13.0
45;2021-05-21;5132;2212;210904;91068;30.9;13.3
45;2021-05-22;3034;628;213938;91696;31.3;13.4
45;2021-05-23;15;94;213953;91790;31.3;13.4
45;2021-05-24;2823;201;216776;91991;31.7;13.5
45;2021-05-25;4951;3027;221727;95018;32.5;13.9
45;2021-05-26;5085;2308;226812;97326;33.2;14.3
45;2021-05-27;5296;3189;232108;100515;34.0;14.7
45;2021-05-28;5660;3530;237768;104045;34.8;15.2
45;2021-05-29;3667;1281;241435;105326;35.4;15.4
45;2021-05-30;33;182;241468;105508;35.4;15.5
45;2021-05-31;4323;2503;245791;108011;36.0;15.8
45;2021-06-01;6084;2988;251875;110999;36.9;16.3
45;2021-06-02;4932;3058;256807;114057;37.6;16.7
45;2021-06-03;5613;3197;262420;117254;38.4;17.2
45;2021-06-04;5890;3172;268310;120426;39.3;17.6
45;2021-06-05;2029;1334;270339;121760;39.6;17.8
45;2021-06-06;84;198;270423;121958;39.6;17.9
45;2021-06-07;4081;2721;274504;124679;40.2;18.3
45;2021-06-08;4617;4043;279121;128722;40.9;18.8
45;2021-06-09;4338;3320;283459;132042;41.5;19.3
45;2021-06-10;4613;2667;288072;134709;42.2;19.7
45;2021-06-11;4094;3664;292166;138373;42.8;20.3
45;2021-06-12;2429;1502;294595;139875;43.1;20.5
45;2021-06-13;20;424;294615;140299;43.1;20.5
45;2021-06-14;3114;4146;297729;144445;43.6;21.2
45;2021-06-15;3380;4322;301109;148767;44.1;21.8
45;2021-06-16;3884;3446;304993;152213;44.7;22.3
45;2021-06-17;3513;3544;308506;155757;45.2;22.8
45;2021-06-18;3797;5026;312303;160783;45.7;23.5
45;2021-06-19;2387;1763;314690;162546;46.1;23.8
45;2021-06-20;44;140;314734;162686;46.1;23.8
45;2021-06-21;2146;5857;316880;168543;46.4;24.7
45;2021-06-22;2407;6540;319287;175083;46.8;25.6
45;2021-06-23;2271;5607;321558;180690;47.1;26.5
45;2021-06-24;2122;3525;323680;184215;47.4;27.0
45;2021-06-25;2431;6456;326111;190671;47.8;27.9
45;2021-06-26;1926;3093;328037;193764;48.0;28.4
45;2021-06-27;50;139;328087;193903;48.0;28.4
45;2021-06-28;2068;4845;330155;198748;48.3;29.1
45;2021-06-29;2803;6839;332958;205587;48.8;30.1
45;2021-06-30;2848;5855;335806;211442;49.2;31.0
45;2021-07-01;2366;5032;338172;216474;49.5;31.7
45;2021-07-02;2351;6281;340523;222755;49.9;32.6
45;2021-07-03;747;2540;341270;225295;50.0;33.0
45;2021-07-04;4;10;341274;225305;50.0;33.0
45;2021-07-05;2129;4982;343403;230287;50.3;33.7
45;2021-07-06;2788;6783;346191;237070;50.7;34.7
45;2021-07-07;2423;6071;348614;243141;51.0;35.6
45;2021-07-08;2806;5392;351420;248533;51.5;36.4
45;2021-07-09;2135;6987;353555;255520;51.8;37.4
45;2021-07-10;1536;3854;355091;259374;52.0;38.0
45;2021-07-11;23;31;355114;259405;52.0;38.0
45;2021-07-12;1580;5995;356694;265400;52.2;38.9
45;2021-07-13;2975;8225;359669;273625;52.7;40.1
45;2021-07-14;1468;1508;361137;275133;52.9;40.3
45;2021-07-15;3701;7267;364838;282400;53.4;41.4
45;2021-07-16;3233;7439;368071;289839;53.9;42.4
45;2021-07-17;1273;2322;369344;292161;54.1;42.8
45;2021-07-18;15;19;369359;292180;54.1;42.8
45;2021-07-19;1840;5947;371199;298127;54.4;43.7
46;2020-12-27;0;0;0;0;0.0;0.0
46;2020-12-28;0;0;0;0;0.0;0.0
46;2020-12-29;0;0;0;0;0.0;0.0
46;2020-12-30;0;0;0;0;0.0;0.0
46;2020-12-31;0;0;0;0;0.0;0.0
46;2021-01-01;0;0;0;0;0.0;0.0
46;2021-01-02;0;0;0;0;0.0;0.0
46;2021-01-03;1;0;1;0;0.0;0.0
46;2021-01-04;0;0;1;0;0.0;0.0
46;2021-01-05;0;0;1;0;0.0;0.0
46;2021-01-06;3;0;4;0;0.0;0.0
46;2021-01-07;135;0;139;0;0.1;0.0
46;2021-01-08;180;0;319;0;0.2;0.0
46;2021-01-09;1;0;320;0;0.2;0.0
46;2021-01-10;1;0;321;0;0.2;0.0
46;2021-01-11;117;0;438;0;0.3;0.0
46;2021-01-12;140;0;578;0;0.3;0.0
46;2021-01-13;234;1;812;1;0.5;0.0
46;2021-01-14;235;2;1047;3;0.6;0.0
46;2021-01-15;304;2;1351;5;0.8;0.0
46;2021-01-16;16;0;1367;5;0.8;0.0
46;2021-01-17;0;0;1367;5;0.8;0.0
46;2021-01-18;269;2;1636;7;0.9;0.0
46;2021-01-19;388;0;2024;7;1.2;0.0
46;2021-01-20;933;0;2957;7;1.7;0.0
46;2021-01-21;994;0;3951;7;2.3;0.0
46;2021-01-22;390;2;4341;9;2.5;0.0
46;2021-01-23;0;0;4341;9;2.5;0.0
46;2021-01-24;0;0;4341;9;2.5;0.0
46;2021-01-25;203;1;4544;10;2.6;0.0
46;2021-01-26;262;1;4806;11;2.8;0.0
46;2021-01-27;276;0;5082;11;2.9;0.0
46;2021-01-28;278;43;5360;54;3.1;0.0
46;2021-01-29;233;93;5593;147;3.2;0.1
46;2021-01-30;0;0;5593;147;3.2;0.1
46;2021-01-31;0;0;5593;147;3.2;0.1
46;2021-02-01;233;175;5826;322;3.4;0.2
46;2021-02-02;209;238;6035;560;3.5;0.3
46;2021-02-03;222;95;6257;655;3.6;0.4
46;2021-02-04;372;87;6629;742;3.8;0.4
46;2021-02-05;225;179;6854;921;4.0;0.5
46;2021-02-06;7;0;6861;921;4.0;0.5
46;2021-02-07;42;0;6903;921;4.0;0.5
46;2021-02-08;190;155;7093;1076;4.1;0.6
46;2021-02-09;269;230;7362;1306;4.3;0.8
46;2021-02-10;277;541;7639;1847;4.4;1.1
46;2021-02-11;650;558;8289;2405;4.8;1.4
46;2021-02-12;318;340;8607;2745;5.0;1.6
46;2021-02-13;0;0;8607;2745;5.0;1.6
46;2021-02-14;0;62;8607;2807;5.0;1.6
46;2021-02-15;195;297;8802;3104;5.1;1.8
46;2021-02-16;214;282;9016;3386;5.2;2.0
46;2021-02-17;194;327;9210;3713;5.3;2.1
46;2021-02-18;336;270;9546;3983;5.5;2.3
46;2021-02-19;277;233;9823;4216;5.7;2.4
46;2021-02-20;0;0;9823;4216;5.7;2.4
46;2021-02-21;0;0;9823;4216;5.7;2.4
46;2021-02-22;131;191;9954;4407;5.7;2.5
46;2021-02-23;225;168;10179;4575;5.9;2.6
46;2021-02-24;179;325;10358;4900;6.0;2.8
46;2021-02-25;241;342;10599;5242;6.1;3.0
46;2021-02-26;400;346;10999;5588;6.4;3.2
46;2021-02-27;120;0;11119;5588;6.4;3.2
46;2021-02-28;0;3;11119;5591;6.4;3.2
46;2021-03-01;168;180;11287;5771;6.5;3.3
46;2021-03-02;405;233;11692;6004;6.8;3.5
46;2021-03-03;456;331;12148;6335;7.0;3.7
46;2021-03-04;603;455;12751;6790;7.4;3.9
46;2021-03-05;809;363;13560;7153;7.8;4.1
46;2021-03-06;471;17;14031;7170;8.1;4.1
46;2021-03-07;101;19;14132;7189;8.2;4.2
46;2021-03-08;347;248;14479;7437;8.4;4.3
46;2021-03-09;743;270;15222;7707;8.8;4.5
46;2021-03-10;685;247;15907;7954;9.2;4.6
46;2021-03-11;842;253;16749;8207;9.7;4.7
46;2021-03-12;926;228;17675;8435;10.2;4.9
46;2021-03-13;512;3;18187;8438;10.5;4.9
46;2021-03-14;0;0;18187;8438;10.5;4.9
46;2021-03-15;495;166;18682;8604;10.8;5.0
46;2021-03-16;751;175;19433;8779;11.2;5.1
46;2021-03-17;670;202;20103;8981;11.6;5.2
46;2021-03-18;746;216;20849;9197;12.0;5.3
46;2021-03-19;806;150;21655;9347;12.5;5.4
46;2021-03-20;285;2;21940;9349;12.7;5.4
46;2021-03-21;1;0;21941;9349;12.7;5.4
46;2021-03-22;549;239;22490;9588;13.0;5.5
46;2021-03-23;699;213;23189;9801;13.4;5.7
46;2021-03-24;673;240;23862;10041;13.8;5.8
46;2021-03-25;1132;181;24994;10222;14.4;5.9
46;2021-03-26;1026;335;26020;10557;15.0;6.1
46;2021-03-27;420;71;26440;10628;15.3;6.1
46;2021-03-28;126;1;26566;10629;15.3;6.1
46;2021-03-29;730;251;27296;10880;15.8;6.3
46;2021-03-30;768;361;28064;11241;16.2;6.5
46;2021-03-31;857;419;28921;11660;16.7;6.7
46;2021-04-01;1165;342;30086;12002;17.4;6.9
46;2021-04-02;925;393;31011;12395;17.9;7.2
46;2021-04-03;167;166;31178;12561;18.0;7.3
46;2021-04-04;0;71;31178;12632;18.0;7.3
46;2021-04-05;1;0;31179;12632;18.0;7.3
46;2021-04-06;543;519;31722;13151;18.3;7.6
46;2021-04-07;782;642;32504;13793;18.8;8.0
46;2021-04-08;960;542;33464;14335;19.3;8.3
46;2021-04-09;1016;501;34480;14836;19.9;8.6
46;2021-04-10;497;208;34977;15044;20.2;8.7
46;2021-04-11;232;1;35209;15045;20.3;8.7
46;2021-04-12;843;546;36052;15591;20.8;9.0
46;2021-04-13;1183;714;37235;16305;21.5;9.4
46;2021-04-14;1529;613;38764;16918;22.4;9.8
46;2021-04-15;1494;664;40258;17582;23.2;10.2
46;2021-04-16;1572;562;41830;18144;24.2;10.5
46;2021-04-17;988;132;42818;18276;24.7;10.6
46;2021-04-18;512;7;43330;18283;25.0;10.6
46;2021-04-19;1066;571;44396;18854;25.6;10.9
46;2021-04-20;1221;725;45617;19579;26.3;11.3
46;2021-04-21;1228;711;46845;20290;27.1;11.7
46;2021-04-22;1384;725;48229;21015;27.9;12.1
46;2021-04-23;1132;727;49361;21742;28.5;12.6
46;2021-04-24;471;17;49832;21759;28.8;12.6
46;2021-04-25;351;9;50183;21768;29.0;12.6
46;2021-04-26;855;729;51038;22497;29.5;13.0
46;2021-04-27;1216;662;52254;23159;30.2;13.4
46;2021-04-28;1288;667;53542;23826;30.9;13.8
46;2021-04-29;1413;521;54955;24347;31.7;14.1
46;2021-04-30;1432;556;56387;24903;32.6;14.4
46;2021-05-01;696;66;57083;24969;33.0;14.4
46;2021-05-02;346;3;57429;24972;33.2;14.4
46;2021-05-03;854;566;58283;25538;33.7;14.7
46;2021-05-04;1036;1056;59319;26594;34.3;15.4
46;2021-05-05;1374;783;60693;27377;35.0;15.8
46;2021-05-06;1376;741;62069;28118;35.8;16.2
46;2021-05-07;1392;788;63461;28906;36.6;16.7
46;2021-05-08;283;413;63744;29319;36.8;16.9
46;2021-05-09;23;225;63767;29544;36.8;17.1
46;2021-05-10;519;1139;64286;30683;37.1;17.7
46;2021-05-11;1037;1258;65323;31941;37.7;18.4
46;2021-05-12;994;1554;66317;33495;38.3;19.3
46;2021-05-13;599;143;66916;33638;38.6;19.4
46;2021-05-14;963;1094;67879;34732;39.2;20.1
46;2021-05-15;257;652;68136;35384;39.3;20.4
46;2021-05-16;78;298;68214;35682;39.4;20.6
46;2021-05-17;652;956;68866;36638;39.8;21.2
46;2021-05-18;1404;1019;70270;37657;40.6;21.7
46;2021-05-19;1305;897;71575;38554;41.3;22.3
46;2021-05-20;1451;808;73026;39362;42.2;22.7
46;2021-05-21;997;1157;74023;40519;42.7;23.4
46;2021-05-22;145;368;74168;40887;42.8;23.6
46;2021-05-23;448;24;74616;40911;43.1;23.6
46;2021-05-24;409;113;75025;41024;43.3;23.7
46;2021-05-25;962;1329;75987;42353;43.9;24.5
46;2021-05-26;1233;1150;77220;43503;44.6;25.1
46;2021-05-27;1434;1187;78654;44690;45.4;25.8
46;2021-05-28;1436;1207;80090;45897;46.3;26.5
46;2021-05-29;1051;398;81141;46295;46.9;26.7
46;2021-05-30;408;39;81549;46334;47.1;26.8
46;2021-05-31;968;973;82517;47307;47.7;27.3
46;2021-06-01;1277;996;83794;48303;48.4;27.9
46;2021-06-02;1314;1113;85108;49416;49.1;28.5
46;2021-06-03;1413;1006;86521;50422;50.0;29.1
46;2021-06-04;1329;972;87850;51394;50.7;29.7
46;2021-06-05;378;413;88228;51807;50.9;29.9
46;2021-06-06;204;94;88432;51901;51.1;30.0
46;2021-06-07;813;617;89245;52518;51.5;30.3
46;2021-06-08;1010;893;90255;53411;52.1;30.8
46;2021-06-09;1499;971;91754;54382;53.0;31.4
46;2021-06-10;971;847;92725;55229;53.5;31.9
46;2021-06-11;966;1323;93691;56552;54.1;32.7
46;2021-06-12;458;550;94149;57102;54.4;33.0
46;2021-06-13;27;86;94176;57188;54.4;33.0
46;2021-06-14;589;1138;94765;58326;54.7;33.7
46;2021-06-15;744;1245;95509;59571;55.2;34.4
46;2021-06-16;995;1114;96504;60685;55.7;35.0
46;2021-06-17;521;895;97025;61580;56.0;35.6
46;2021-06-18;649;1252;97674;62832;56.4;36.3
46;2021-06-19;448;313;98122;63145;56.7;36.5
46;2021-06-20;38;161;98160;63306;56.7;36.6
46;2021-06-21;426;945;98586;64251;56.9;37.1
46;2021-06-22;344;1178;98930;65429;57.1;37.8
46;2021-06-23;510;1077;99440;66506;57.4;38.4
46;2021-06-24;249;822;99689;67328;57.6;38.9
46;2021-06-25;490;1120;100179;68448;57.9;39.5
46;2021-06-26;393;550;100572;68998;58.1;39.8
46;2021-06-27;1;4;100573;69002;58.1;39.8
46;2021-06-28;309;1340;100882;70342;58.3;40.6
46;2021-06-29;371;1688;101253;72030;58.5;41.6
46;2021-06-30;503;1582;101756;73612;58.8;42.5
46;2021-07-01;301;1154;102057;74766;58.9;43.2
46;2021-07-02;446;1085;102503;75851;59.2;43.8
46;2021-07-03;117;456;102620;76307;59.3;44.1
46;2021-07-04;54;127;102674;76434;59.3;44.1
46;2021-07-05;339;1189;103013;77623;59.5;44.8
46;2021-07-06;365;1460;103378;79083;59.7;45.7
46;2021-07-07;573;1720;103951;80803;60.0;46.7
46;2021-07-08;339;1167;104290;81970;60.2;47.3
46;2021-07-09;394;1703;104684;83673;60.5;48.3
46;2021-07-10;281;1043;104965;84716;60.6;48.9
46;2021-07-11;15;375;104980;85091;60.6;49.1
46;2021-07-12;245;1262;105225;86353;60.8;49.9
46;2021-07-13;622;1674;105847;88027;61.1;50.8
46;2021-07-14;62;144;105909;88171;61.2;50.9
46;2021-07-15;881;1463;106790;89634;61.7;51.8
46;2021-07-16;759;1393;107549;91027;62.1;52.6
46;2021-07-17;343;528;107892;91555;62.3;52.9
46;2021-07-18;0;0;107892;91555;62.3;52.9
46;2021-07-19;643;1180;108535;92735;62.7;53.6
47;2020-12-27;0;0;0;0;0.0;0.0
47;2020-12-28;0;0;0;0;0.0;0.0
47;2020-12-29;0;0;0;0;0.0;0.0
47;2020-12-30;0;0;0;0;0.0;0.0
47;2020-12-31;0;0;0;0;0.0;0.0
47;2021-01-01;4;0;4;0;0.0;0.0
47;2021-01-02;0;0;4;0;0.0;0.0
47;2021-01-03;0;0;4;0;0.0;0.0
47;2021-01-04;0;0;4;0;0.0;0.0
47;2021-01-05;0;0;4;0;0.0;0.0
47;2021-01-06;0;0;4;0;0.0;0.0
47;2021-01-07;71;1;75;1;0.0;0.0
47;2021-01-08;314;0;389;1;0.1;0.0
47;2021-01-09;113;0;502;1;0.2;0.0
47;2021-01-10;0;0;502;1;0.2;0.0
47;2021-01-11;249;0;751;1;0.2;0.0
47;2021-01-12;325;0;1076;1;0.3;0.0
47;2021-01-13;349;0;1425;1;0.4;0.0
47;2021-01-14;363;4;1788;5;0.5;0.0
47;2021-01-15;283;1;2071;6;0.6;0.0
47;2021-01-16;176;4;2247;10;0.7;0.0
47;2021-01-17;0;0;2247;10;0.7;0.0
47;2021-01-18;482;1;2729;11;0.8;0.0
47;2021-01-19;466;2;3195;13;1.0;0.0
47;2021-01-20;509;0;3704;13;1.1;0.0
47;2021-01-21;584;0;4288;13;1.3;0.0
47;2021-01-22;462;0;4750;13;1.4;0.0
47;2021-01-23;388;1;5138;14;1.6;0.0
47;2021-01-24;0;0;5138;14;1.6;0.0
47;2021-01-25;425;0;5563;14;1.7;0.0
47;2021-01-26;788;4;6351;18;1.9;0.0
47;2021-01-27;730;0;7081;18;2.1;0.0
47;2021-01-28;575;68;7656;86;2.3;0.0
47;2021-01-29;462;170;8118;256;2.5;0.1
47;2021-01-30;301;39;8419;295;2.5;0.1
47;2021-01-31;0;0;8419;295;2.5;0.1
47;2021-02-01;375;116;8794;411;2.7;0.1
47;2021-02-02;756;316;9550;727;2.9;0.2
47;2021-02-03;424;163;9974;890;3.0;0.3
47;2021-02-04;370;317;10344;1207;3.1;0.4
47;2021-02-05;299;311;10643;1518;3.2;0.5
47;2021-02-06;293;99;10936;1617;3.3;0.5
47;2021-02-07;0;0;10936;1617;3.3;0.5
47;2021-02-08;184;287;11120;1904;3.4;0.6
47;2021-02-09;232;260;11352;2164;3.4;0.7
47;2021-02-10;255;245;11607;2409;3.5;0.7
47;2021-02-11;357;378;11964;2787;3.6;0.8
47;2021-02-12;242;416;12206;3203;3.7;1.0
47;2021-02-13;224;111;12430;3314;3.8;1.0
47;2021-02-14;0;0;12430;3314;3.8;1.0
47;2021-02-15;195;384;12625;3698;3.8;1.1
47;2021-02-16;303;590;12928;4288;3.9;1.3
47;2021-02-17;325;454;13253;4742;4.0;1.4
47;2021-02-18;200;599;13453;5341;4.1;1.6
47;2021-02-19;194;369;13647;5710;4.1;1.7
47;2021-02-20;118;269;13765;5979;4.2;1.8
47;2021-02-21;0;0;13765;5979;4.2;1.8
47;2021-02-22;75;408;13840;6387;4.2;1.9
47;2021-02-23;150;649;13990;7036;4.2;2.1
47;2021-02-24;260;561;14250;7597;4.3;2.3
47;2021-02-25;305;413;14555;8010;4.4;2.4
47;2021-02-26;469;323;15024;8333;4.5;2.5
47;2021-02-27;324;213;15348;8546;4.6;2.6
47;2021-02-28;0;0;15348;8546;4.6;2.6
47;2021-03-01;124;397;15472;8943;4.7;2.7
47;2021-03-02;200;367;15672;9310;4.7;2.8
47;2021-03-03;244;349;15916;9659;4.8;2.9
47;2021-03-04;588;327;16504;9986;5.0;3.0
47;2021-03-05;843;288;17347;10274;5.3;3.1
47;2021-03-06;504;193;17851;10467;5.4;3.2
47;2021-03-07;329;5;18180;10472;5.5;3.2
47;2021-03-08;457;224;18637;10696;5.6;3.2
47;2021-03-09;508;492;19145;11188;5.8;3.4
47;2021-03-10;664;301;19809;11489;6.0;3.5
47;2021-03-11;937;370;20746;11859;6.3;3.6
47;2021-03-12;1370;291;22116;12150;6.7;3.7
47;2021-03-13;948;104;23064;12254;7.0;3.7
47;2021-03-14;51;0;23115;12254;7.0;3.7
47;2021-03-15;590;161;23705;12415;7.2;3.8
47;2021-03-16;750;173;24455;12588;7.4;3.8
47;2021-03-17;857;201;25312;12789;7.7;3.9
47;2021-03-18;915;173;26227;12962;7.9;3.9
47;2021-03-19;1270;123;27497;13085;8.3;4.0
47;2021-03-20;1083;56;28580;13141;8.7;4.0
47;2021-03-21;343;1;28923;13142;8.8;4.0
47;2021-03-22;1006;87;29929;13229;9.1;4.0
47;2021-03-23;1145;148;31074;13377;9.4;4.0
47;2021-03-24;1210;129;32284;13506;9.8;4.1
47;2021-03-25;1565;140;33849;13646;10.2;4.1
47;2021-03-26;1880;196;35729;13842;10.8;4.2
47;2021-03-27;975;127;36704;13969;11.1;4.2
47;2021-03-28;697;4;37401;13973;11.3;4.2
47;2021-03-29;1511;78;38912;14051;11.8;4.3
47;2021-03-30;1639;124;40551;14175;12.3;4.3
47;2021-03-31;1603;144;42154;14319;12.8;4.3
47;2021-04-01;1685;260;43839;14579;13.3;4.4
47;2021-04-02;1930;454;45769;15033;13.9;4.6
47;2021-04-03;1199;175;46968;15208;14.2;4.6
47;2021-04-04;473;9;47441;15217;14.4;4.6
47;2021-04-05;1293;55;48734;15272;14.8;4.6
47;2021-04-06;1383;383;50117;15655;15.2;4.7
47;2021-04-07;1690;584;51807;16239;15.7;4.9
47;2021-04-08;1832;467;53639;16706;16.2;5.1
47;2021-04-09;2081;534;55720;17240;16.9;5.2
47;2021-04-10;1564;318;57284;17558;17.3;5.3
47;2021-04-11;530;8;57814;17566;17.5;5.3
47;2021-04-12;1428;606;59242;18172;17.9;5.5
47;2021-04-13;1815;754;61057;18926;18.5;5.7
47;2021-04-14;1750;713;62807;19639;19.0;5.9
47;2021-04-15;2012;837;64819;20476;19.6;6.2
47;2021-04-16;1764;891;66583;21367;20.2;6.5
47;2021-04-17;1472;971;68055;22338;20.6;6.8
47;2021-04-18;23;0;68078;22338;20.6;6.8
47;2021-04-19;1333;929;69411;23267;21.0;7.0
47;2021-04-20;1624;896;71035;24163;21.5;7.3
47;2021-04-21;1621;770;72656;24933;22.0;7.5
47;2021-04-22;1869;1056;74525;25989;22.6;7.9
47;2021-04-23;1721;1066;76246;27055;23.1;8.2
47;2021-04-24;1546;796;77792;27851;23.5;8.4
47;2021-04-25;242;343;78034;28194;23.6;8.5
47;2021-04-26;1481;1361;79515;29555;24.1;8.9
47;2021-04-27;1924;1466;81439;31021;24.7;9.4
47;2021-04-28;2090;1585;83529;32606;25.3;9.9
47;2021-04-29;2528;1503;86057;34109;26.1;10.3
47;2021-04-30;2037;1773;88094;35882;26.7;10.9
47;2021-05-01;2263;983;90357;36865;27.4;11.2
47;2021-05-02;21;358;90378;37223;27.4;11.3
47;2021-05-03;1596;1417;91974;38640;27.8;11.7
47;2021-05-04;1648;1723;93622;40363;28.3;12.2
47;2021-05-05;1924;1637;95546;42000;28.9;12.7
47;2021-05-06;2102;1507;97648;43507;29.6;13.2
47;2021-05-07;1994;1619;99642;45126;30.2;13.7
47;2021-05-08;2097;462;101739;45588;30.8;13.8
47;2021-05-09;24;362;101763;45950;30.8;13.9
47;2021-05-10;1203;1670;102966;47620;31.2;14.4
47;2021-05-11;2171;1990;105137;49610;31.8;15.0
47;2021-05-12;2625;1446;107762;51056;32.6;15.5
47;2021-05-13;2379;656;110141;51712;33.3;15.7
47;2021-05-14;2062;857;112203;52569;34.0;15.9
47;2021-05-15;1935;858;114138;53427;34.6;16.2
47;2021-05-16;367;8;114505;53435;34.7;16.2
47;2021-05-17;1879;1124;116384;54559;35.2;16.5
47;2021-05-18;2353;1133;118737;55692;35.9;16.9
47;2021-05-19;2344;756;121081;56448;36.7;17.1
47;2021-05-20;2579;956;123660;57404;37.4;17.4
47;2021-05-21;1535;1127;125195;58531;37.9;17.7
47;2021-05-22;2363;831;127558;59362;38.6;18.0
47;2021-05-23;25;182;127583;59544;38.6;18.0
47;2021-05-24;1550;232;129133;59776;39.1;18.1
47;2021-05-25;1481;1316;130614;61092;39.5;18.5
47;2021-05-26;1598;1082;132212;62174;40.0;18.8
47;2021-05-27;1942;1262;134154;63436;40.6;19.2
47;2021-05-28;1458;1537;135612;64973;41.1;19.7
47;2021-05-29;1150;1126;136762;66099;41.4;20.0
47;2021-05-30;11;45;136773;66144;41.4;20.0
47;2021-05-31;1867;1419;138640;67563;42.0;20.5
47;2021-06-01;1918;1333;140558;68896;42.6;20.9
47;2021-06-02;2099;1332;142657;70228;43.2;21.3
47;2021-06-03;2479;1606;145136;71834;43.9;21.7
47;2021-06-04;1967;2109;147103;73943;44.5;22.4
47;2021-06-05;1633;1474;148736;75417;45.0;22.8
47;2021-06-06;212;71;148948;75488;45.1;22.9
47;2021-06-07;1662;2245;150610;77733;45.6;23.5
47;2021-06-08;1626;1904;152236;79637;46.1;24.1
47;2021-06-09;1819;2125;154055;81762;46.6;24.8
47;2021-06-10;2362;1604;156417;83366;47.4;25.2
47;2021-06-11;1817;2094;158234;85460;47.9;25.9
47;2021-06-12;1350;2101;159584;87561;48.3;26.5
47;2021-06-13;4;10;159588;87571;48.3;26.5
47;2021-06-14;1276;2447;160864;90018;48.7;27.3
47;2021-06-15;1460;2035;162324;92053;49.1;27.9
47;2021-06-16;1201;2181;163525;94234;49.5;28.5
47;2021-06-17;1638;1522;165163;95756;50.0;29.0
47;2021-06-18;1430;2493;166593;98249;50.4;29.7
47;2021-06-19;1510;2455;168103;100704;50.9;30.5
47;2021-06-20;4;33;168107;100737;50.9;30.5
47;2021-06-21;1125;2508;169232;103245;51.2;31.3
47;2021-06-22;756;2508;169988;105753;51.5;32.0
47;2021-06-23;994;2016;170982;107769;51.8;32.6
47;2021-06-24;1194;1933;172176;109702;52.1;33.2
47;2021-06-25;992;2609;173168;112311;52.4;34.0
47;2021-06-26;979;2782;174147;115093;52.7;34.8
47;2021-06-27;14;349;174161;115442;52.7;34.9
47;2021-06-28;866;2402;175027;117844;53.0;35.7
47;2021-06-29;785;2319;175812;120163;53.2;36.4
47;2021-06-30;719;2311;176531;122474;53.4;37.1
47;2021-07-01;799;2103;177330;124577;53.7;37.7
47;2021-07-02;886;2276;178216;126853;53.9;38.4
47;2021-07-03;720;3038;178936;129891;54.2;39.3
47;2021-07-04;31;12;178967;129903;54.2;39.3
47;2021-07-05;970;2143;179937;132046;54.5;40.0
47;2021-07-06;905;1963;180842;134009;54.7;40.6
47;2021-07-07;1292;2059;182134;136068;55.1;41.2
47;2021-07-08;1139;2190;183273;138258;55.5;41.9
47;2021-07-09;1046;2408;184319;140666;55.8;42.6
47;2021-07-10;948;2131;185267;142797;56.1;43.2
47;2021-07-11;0;6;185267;142803;56.1;43.2
47;2021-07-12;555;2583;185822;145386;56.3;44.0
47;2021-07-13;1086;2587;186908;147973;56.6;44.8
47;2021-07-14;1155;1575;188063;149548;56.9;45.3
47;2021-07-15;1696;3131;189759;152679;57.4;46.2
47;2021-07-16;1707;2678;191466;155357;58.0;47.0
47;2021-07-17;1137;2435;192603;157792;58.3;47.8
47;2021-07-18;36;187;192639;157979;58.3;47.8
47;2021-07-19;1109;2563;193748;160542;58.7;48.6
48;2020-12-27;0;0;0;0;0.0;0.0
48;2020-12-28;0;0;0;0;0.0;0.0
48;2020-12-29;0;0;0;0;0.0;0.0
48;2020-12-30;0;0;0;0;0.0;0.0
48;2020-12-31;0;0;0;0;0.0;0.0
48;2021-01-01;0;0;0;0;0.0;0.0
48;2021-01-02;0;0;0;0;0.0;0.0
48;2021-01-03;0;0;0;0;0.0;0.0
48;2021-01-04;0;0;0;0;0.0;0.0
48;2021-01-05;0;0;0;0;0.0;0.0
48;2021-01-06;0;0;0;0;0.0;0.0
48;2021-01-07;54;0;54;0;0.1;0.0
48;2021-01-08;87;0;141;0;0.2;0.0
48;2021-01-09;1;0;142;0;0.2;0.0
48;2021-01-10;0;0;142;0;0.2;0.0
48;2021-01-11;13;0;155;0;0.2;0.0
48;2021-01-12;19;0;174;0;0.2;0.0
48;2021-01-13;104;0;278;0;0.4;0.0
48;2021-01-14;90;0;368;0;0.5;0.0
48;2021-01-15;63;0;431;0;0.6;0.0
48;2021-01-16;0;0;431;0;0.6;0.0
48;2021-01-17;0;0;431;0;0.6;0.0
48;2021-01-18;117;0;548;0;0.7;0.0
48;2021-01-19;345;0;893;0;1.2;0.0
48;2021-01-20;364;0;1257;0;1.6;0.0
48;2021-01-21;463;0;1720;0;2.3;0.0
48;2021-01-22;269;0;1989;0;2.6;0.0
48;2021-01-23;36;0;2025;0;2.7;0.0
48;2021-01-24;0;0;2025;0;2.7;0.0
48;2021-01-25;109;0;2134;0;2.8;0.0
48;2021-01-26;261;1;2395;1;3.1;0.0
48;2021-01-27;257;2;2652;3;3.5;0.0
48;2021-01-28;270;10;2922;13;3.8;0.0
48;2021-01-29;175;60;3097;73;4.1;0.1
48;2021-01-30;1;7;3098;80;4.1;0.1
48;2021-01-31;0;6;3098;86;4.1;0.1
48;2021-02-01;97;48;3195;134;4.2;0.2
48;2021-02-02;142;36;3337;170;4.4;0.2
48;2021-02-03;177;82;3514;252;4.6;0.3
48;2021-02-04;234;13;3748;265;4.9;0.3
48;2021-02-05;144;35;3892;300;5.1;0.4
48;2021-02-06;34;0;3926;300;5.1;0.4
48;2021-02-07;0;0;3926;300;5.1;0.4
48;2021-02-08;50;61;3976;361;5.2;0.5
48;2021-02-09;66;167;4042;528;5.3;0.7
48;2021-02-10;65;303;4107;831;5.4;1.1
48;2021-02-11;165;407;4272;1238;5.6;1.6
48;2021-02-12;119;156;4391;1394;5.8;1.8
48;2021-02-13;8;55;4399;1449;5.8;1.9
48;2021-02-14;0;0;4399;1449;5.8;1.9
48;2021-02-15;51;106;4450;1555;5.8;2.0
48;2021-02-16;43;173;4493;1728;5.9;2.3
48;2021-02-17;35;284;4528;2012;5.9;2.6
48;2021-02-18;252;94;4780;2106;6.3;2.8
48;2021-02-19;60;183;4840;2289;6.3;3.0
48;2021-02-20;0;1;4840;2290;6.3;3.0
48;2021-02-21;0;14;4840;2304;6.3;3.0
48;2021-02-22;24;129;4864;2433;6.4;3.2
48;2021-02-23;74;221;4938;2654;6.5;3.5
48;2021-02-24;65;257;5003;2911;6.6;3.8
48;2021-02-25;148;261;5151;3172;6.8;4.2
48;2021-02-26;51;225;5202;3397;6.8;4.5
48;2021-02-27;28;1;5230;3398;6.9;4.5
48;2021-02-28;3;14;5233;3412;6.9;4.5
48;2021-03-01;102;96;5335;3508;7.0;4.6
48;2021-03-02;199;87;5534;3595;7.3;4.7
48;2021-03-03;155;109;5689;3704;7.5;4.9
48;2021-03-04;192;182;5881;3886;7.7;5.1
48;2021-03-05;137;139;6018;4025;7.9;5.3
48;2021-03-06;180;53;6198;4078;8.1;5.3
48;2021-03-07;75;1;6273;4079;8.2;5.3
48;2021-03-08;351;120;6624;4199;8.7;5.5
48;2021-03-09;377;85;7001;4284;9.2;5.6
48;2021-03-10;262;60;7263;4344;9.5;5.7
48;2021-03-11;334;88;7597;4432;10.0;5.8
48;2021-03-12;256;150;7853;4582;10.3;6.0
48;2021-03-13;300;3;8153;4585;10.7;6.0
48;2021-03-14;8;0;8161;4585;10.7;6.0
48;2021-03-15;174;63;8335;4648;10.9;6.1
48;2021-03-16;162;61;8497;4709;11.1;6.2
48;2021-03-17;155;104;8652;4813;11.3;6.3
48;2021-03-18;190;102;8842;4915;11.6;6.4
48;2021-03-19;116;95;8958;5010;11.7;6.6
48;2021-03-20;101;0;9059;5010;11.9;6.6
48;2021-03-21;0;0;9059;5010;11.9;6.6
48;2021-03-22;160;22;9219;5032;12.1;6.6
48;2021-03-23;328;100;9547;5132;12.5;6.7
48;2021-03-24;284;99;9831;5231;12.9;6.9
48;2021-03-25;756;111;10587;5342;13.9;7.0
48;2021-03-26;269;56;10856;5398;14.2;7.1
48;2021-03-27;104;0;10960;5398;14.4;7.1
48;2021-03-28;78;3;11038;5401;14.5;7.1
48;2021-03-29;304;76;11342;5477;14.9;7.2
48;2021-03-30;362;126;11704;5603;15.3;7.3
48;2021-03-31;447;82;12151;5685;15.9;7.5
48;2021-04-01;729;65;12880;5750;16.9;7.5
48;2021-04-02;486;123;13366;5873;17.5;7.7
48;2021-04-03;140;82;13506;5955;17.7;7.8
48;2021-04-04;0;0;13506;5955;17.7;7.8
48;2021-04-05;42;1;13548;5956;17.8;7.8
48;2021-04-06;462;155;14010;6111;18.4;8.0
48;2021-04-07;464;136;14474;6247;19.0;8.2
48;2021-04-08;617;182;15091;6429;19.8;8.4
48;2021-04-09;446;115;15537;6544;20.4;8.6
48;2021-04-10;96;58;15633;6602;20.5;8.7
48;2021-04-11;1;0;15634;6602;20.5;8.7
48;2021-04-12;364;70;15998;6672;21.0;8.7
48;2021-04-13;361;90;16359;6762;21.4;8.9
48;2021-04-14;621;178;16980;6940;22.3;9.1
48;2021-04-15;698;347;17678;7287;23.2;9.6
48;2021-04-16;536;215;18214;7502;23.9;9.8
48;2021-04-17;89;69;18303;7571;24.0;9.9
48;2021-04-18;0;0;18303;7571;24.0;9.9
48;2021-04-19;197;104;18500;7675;24.3;10.1
48;2021-04-20;216;175;18716;7850;24.5;10.3
48;2021-04-21;284;202;19000;8052;24.9;10.6
48;2021-04-22;307;479;19307;8531;25.3;11.2
48;2021-04-23;253;238;19560;8769;25.6;11.5
48;2021-04-24;97;93;19657;8862;25.8;11.6
48;2021-04-25;1;9;19658;8871;25.8;11.6
48;2021-04-26;86;205;19744;9076;25.9;11.9
48;2021-04-27;170;291;19914;9367;26.1;12.3
48;2021-04-28;149;413;20063;9780;26.3;12.8
48;2021-04-29;202;490;20265;10270;26.6;13.5
48;2021-04-30;171;222;20436;10492;26.8;13.8
48;2021-05-01;0;0;20436;10492;26.8;13.8
48;2021-05-02;0;0;20436;10492;26.8;13.8
48;2021-05-03;102;386;20538;10878;26.9;14.3
48;2021-05-04;227;421;20765;11299;27.2;14.8
48;2021-05-05;84;483;20849;11782;27.3;15.4
48;2021-05-06;742;633;21591;12415;28.3;16.3
48;2021-05-07;94;504;21685;12919;28.4;16.9
48;2021-05-08;309;43;21994;12962;28.8;17.0
48;2021-05-09;285;9;22279;12971;29.2;17.0
48;2021-05-10;55;325;22334;13296;29.3;17.4
48;2021-05-11;220;284;22554;13580;29.6;17.8
48;2021-05-12;249;312;22803;13892;29.9;18.2
48;2021-05-13;471;156;23274;14048;30.5;18.4
48;2021-05-14;244;220;23518;14268;30.8;18.7
48;2021-05-15;84;47;23602;14315;30.9;18.8
48;2021-05-16;0;8;23602;14323;30.9;18.8
48;2021-05-17;474;265;24076;14588;31.6;19.1
48;2021-05-18;260;228;24336;14816;31.9;19.4
48;2021-05-19;207;278;24543;15094;32.2;19.8
48;2021-05-20;320;252;24863;15346;32.6;20.1
48;2021-05-21;172;267;25035;15613;32.8;20.5
48;2021-05-22;25;50;25060;15663;32.9;20.5
48;2021-05-23;0;6;25060;15669;32.9;20.5
48;2021-05-24;0;14;25060;15683;32.9;20.6
48;2021-05-25;180;265;25240;15948;33.1;20.9
48;2021-05-26;416;294;25656;16242;33.6;21.3
48;2021-05-27;1175;369;26831;16611;35.2;21.8
48;2021-05-28;315;341;27146;16952;35.6;22.2
48;2021-05-29;79;47;27225;16999;35.7;22.3
48;2021-05-30;0;1;27225;17000;35.7;22.3
48;2021-05-31;625;262;27850;17262;36.5;22.6
48;2021-06-01;271;302;28121;17564;36.9;23.0
48;2021-06-02;407;422;28528;17986;37.4;23.6
48;2021-06-03;627;426;29155;18412;38.2;24.1
48;2021-06-04;291;280;29446;18692;38.6;24.5
48;2021-06-05;121;75;29567;18767;38.8;24.6
48;2021-06-06;1;1;29568;18768;38.8;24.6
48;2021-06-07;440;160;30008;18928;39.3;24.8
48;2021-06-08;607;304;30615;19232;40.1;25.2
48;2021-06-09;376;188;30991;19420;40.6;25.5
48;2021-06-10;987;224;31978;19644;41.9;25.8
48;2021-06-11;370;158;32348;19802;42.4;26.0
48;2021-06-12;74;56;32422;19858;42.5;26.0
48;2021-06-13;0;2;32422;19860;42.5;26.0
48;2021-06-14;124;115;32546;19975;42.7;26.2
48;2021-06-15;405;384;32951;20359;43.2;26.7
48;2021-06-16;258;143;33209;20502;43.5;26.9
48;2021-06-17;486;568;33695;21070;44.2;27.6
48;2021-06-18;252;313;33947;21383;44.5;28.0
48;2021-06-19;34;291;33981;21674;44.5;28.4
48;2021-06-20;123;224;34104;21898;44.7;28.7
48;2021-06-21;123;132;34227;22030;44.9;28.9
48;2021-06-22;255;330;34482;22360;45.2;29.3
48;2021-06-23;111;546;34593;22906;45.3;30.0
48;2021-06-24;354;600;34947;23506;45.8;30.8
48;2021-06-25;148;274;35095;23780;46.0;31.2
48;2021-06-26;14;45;35109;23825;46.0;31.2
48;2021-06-27;0;1;35109;23826;46.0;31.2
48;2021-06-28;79;179;35188;24005;46.1;31.5
48;2021-06-29;294;410;35482;24415;46.5;32.0
48;2021-06-30;94;465;35576;24880;46.6;32.6
48;2021-07-01;196;665;35772;25545;46.9;33.5
48;2021-07-02;147;368;35919;25913;47.1;34.0
48;2021-07-03;41;88;35960;26001;47.1;34.1
48;2021-07-04;7;0;35967;26001;47.1;34.1
48;2021-07-05;40;116;36007;26117;47.2;34.2
48;2021-07-06;277;595;36284;26712;47.6;35.0
48;2021-07-07;200;483;36484;27195;47.8;35.6
48;2021-07-08;223;1185;36707;28380;48.1;37.2
48;2021-07-09;156;550;36863;28930;48.3;37.9
48;2021-07-10;95;146;36958;29076;48.4;38.1
48;2021-07-11;0;4;36958;29080;48.4;38.1
48;2021-07-12;138;669;37096;29749;48.6;39.0
48;2021-07-13;211;430;37307;30179;48.9;39.6
48;2021-07-14;178;141;37485;30320;49.1;39.7
48;2021-07-15;185;454;37670;30774;49.4;40.3
48;2021-07-16;233;310;37903;31084;49.7;40.7
48;2021-07-17;121;117;38024;31201;49.8;40.9
48;2021-07-18;4;4;38028;31205;49.8;40.9
48;2021-07-19;96;300;38124;31505;50.0;41.3
49;2020-12-27;0;0;0;0;0.0;0.0
49;2020-12-28;2;0;2;0;0.0;0.0
49;2020-12-29;0;0;2;0;0.0;0.0
49;2020-12-30;0;0;2;0;0.0;0.0
49;2020-12-31;0;0;2;0;0.0;0.0
49;2021-01-01;2;0;4;0;0.0;0.0
49;2021-01-02;1;0;5;0;0.0;0.0
49;2021-01-03;0;0;5;0;0.0;0.0
49;2021-01-04;9;0;14;0;0.0;0.0
49;2021-01-05;92;0;106;0;0.0;0.0
49;2021-01-06;230;0;336;0;0.0;0.0
49;2021-01-07;364;0;700;0;0.1;0.0
49;2021-01-08;330;1;1030;1;0.1;0.0
49;2021-01-09;118;0;1148;1;0.1;0.0
49;2021-01-10;114;0;1262;1;0.2;0.0
49;2021-01-11;287;0;1549;1;0.2;0.0
49;2021-01-12;620;0;2169;1;0.3;0.0
49;2021-01-13;601;2;2770;3;0.3;0.0
49;2021-01-14;587;5;3357;8;0.4;0.0
49;2021-01-15;773;1;4130;9;0.5;0.0
49;2021-01-16;147;0;4277;9;0.5;0.0
49;2021-01-17;111;2;4388;11;0.5;0.0
49;2021-01-18;691;0;5079;11;0.6;0.0
49;2021-01-19;1203;1;6282;12;0.8;0.0
49;2021-01-20;1504;3;7786;15;1.0;0.0
49;2021-01-21;1937;2;9723;17;1.2;0.0
49;2021-01-22;1313;4;11036;21;1.4;0.0
49;2021-01-23;259;1;11295;22;1.4;0.0
49;2021-01-24;0;0;11295;22;1.4;0.0
49;2021-01-25;549;5;11844;27;1.5;0.0
49;2021-01-26;986;75;12830;102;1.6;0.0
49;2021-01-27;1839;36;14669;138;1.8;0.0
49;2021-01-28;2871;84;17540;222;2.1;0.0
49;2021-01-29;1585;94;19125;316;2.3;0.0
49;2021-01-30;298;47;19423;363;2.4;0.0
49;2021-01-31;62;51;19485;414;2.4;0.1
49;2021-02-01;657;156;20142;570;2.5;0.1
49;2021-02-02;742;386;20884;956;2.6;0.1
49;2021-02-03;675;382;21559;1338;2.6;0.2
49;2021-02-04;755;445;22314;1783;2.7;0.2
49;2021-02-05;708;598;23022;2381;2.8;0.3
49;2021-02-06;229;111;23251;2492;2.8;0.3
49;2021-02-07;59;86;23310;2578;2.9;0.3
49;2021-02-08;545;481;23855;3059;2.9;0.4
49;2021-02-09;711;647;24566;3706;3.0;0.5
49;2021-02-10;801;952;25367;4658;3.1;0.6
49;2021-02-11;1000;1407;26367;6065;3.2;0.7
49;2021-02-12;870;974;27237;7039;3.3;0.9
49;2021-02-13;266;118;27503;7157;3.4;0.9
49;2021-02-14;9;105;27512;7262;3.4;0.9
49;2021-02-15;734;659;28246;7921;3.5;1.0
49;2021-02-16;1109;1124;29355;9045;3.6;1.1
49;2021-02-17;1156;1866;30511;10911;3.7;1.3
49;2021-02-18;1812;2437;32323;13348;4.0;1.6
49;2021-02-19;1392;1103;33715;14451;4.1;1.8
49;2021-02-20;232;383;33947;14834;4.2;1.8
49;2021-02-21;0;64;33947;14898;4.2;1.8
49;2021-02-22;646;585;34593;15483;4.2;1.9
49;2021-02-23;734;865;35327;16348;4.3;2.0
49;2021-02-24;801;646;36128;16994;4.4;2.1
49;2021-02-25;1209;824;37337;17818;4.6;2.2
49;2021-02-26;1666;846;39003;18664;4.8;2.3
49;2021-02-27;435;309;39438;18973;4.8;2.3
49;2021-02-28;49;38;39487;19011;4.8;2.3
49;2021-03-01;765;578;40252;19589;4.9;2.4
49;2021-03-02;1081;727;41333;20316;5.1;2.5
49;2021-03-03;1554;673;42887;20989;5.3;2.6
49;2021-03-04;1763;934;44650;21923;5.5;2.7
49;2021-03-05;2211;692;46861;22615;5.7;2.8
49;2021-03-06;712;184;47573;22799;5.8;2.8
49;2021-03-07;627;9;48200;22808;5.9;2.8
49;2021-03-08;1394;710;49594;23518;6.1;2.9
49;2021-03-09;2049;740;51643;24258;6.3;3.0
49;2021-03-10;2524;850;54167;25108;6.6;3.1
49;2021-03-11;3192;1460;57359;26568;7.0;3.3
49;2021-03-12;3764;985;61123;27553;7.5;3.4
49;2021-03-13;1499;214;62622;27767;7.7;3.4
49;2021-03-14;6;0;62628;27767;7.7;3.4
49;2021-03-15;2082;544;64710;28311;7.9;3.5
49;2021-03-16;1730;960;66440;29271;8.1;3.6
49;2021-03-17;1810;668;68250;29939;8.4;3.7
49;2021-03-18;2193;723;70443;30662;8.6;3.8
49;2021-03-19;3328;554;73771;31216;9.0;3.8
49;2021-03-20;1741;207;75512;31423;9.3;3.9
49;2021-03-21;493;25;76005;31448;9.3;3.9
49;2021-03-22;2244;545;78249;31993;9.6;3.9
49;2021-03-23;3398;674;81647;32667;10.0;4.0
49;2021-03-24;3601;491;85248;33158;10.4;4.1
49;2021-03-25;4223;641;89471;33799;11.0;4.1
49;2021-03-26;4879;494;94350;34293;11.6;4.2
49;2021-03-27;1670;98;96020;34391;11.8;4.2
49;2021-03-28;398;33;96418;34424;11.8;4.2
49;2021-03-29;2364;612;98782;35036;12.1;4.3
49;2021-03-30;3263;935;102045;35971;12.5;4.4
49;2021-03-31;2976;750;105021;36721;12.9;4.5
49;2021-04-01;4116;849;109137;37570;13.4;4.6
49;2021-04-02;4282;921;113419;38491;13.9;4.7
49;2021-04-03;971;193;114390;38684;14.0;4.7
49;2021-04-04;314;2;114704;38686;14.1;4.7
49;2021-04-05;940;20;115644;38706;14.2;4.7
49;2021-04-06;2331;1324;117975;40030;14.5;4.9
49;2021-04-07;3307;1366;121282;41396;14.9;5.1
49;2021-04-08;5174;1385;126456;42781;15.5;5.2
49;2021-04-09;6208;1393;132664;44174;16.3;5.4
49;2021-04-10;2061;490;134725;44664;16.5;5.5
49;2021-04-11;389;7;135114;44671;16.6;5.5
49;2021-04-12;4068;1566;139182;46237;17.1;5.7
49;2021-04-13;5375;1897;144557;48134;17.7;5.9
49;2021-04-14;4537;1860;149094;49994;18.3;6.1
49;2021-04-15;5377;1878;154471;51872;18.9;6.4
49;2021-04-16;5756;2124;160227;53996;19.6;6.6
49;2021-04-17;3334;838;163561;54834;20.0;6.7
49;2021-04-18;381;475;163942;55309;20.1;6.8
49;2021-04-19;3708;2054;167650;57363;20.5;7.0
49;2021-04-20;4371;2106;172021;59469;21.1;7.3
49;2021-04-21;3950;2204;175971;61673;21.6;7.6
49;2021-04-22;4825;2095;180796;63768;22.2;7.8
49;2021-04-23;4806;2321;185602;66089;22.7;8.1
49;2021-04-24;2935;1153;188537;67242;23.1;8.2
49;2021-04-25;41;283;188578;67525;23.1;8.3
49;2021-04-26;3737;2111;192315;69636;23.6;8.5
49;2021-04-27;4473;2487;196788;72123;24.1;8.8
49;2021-04-28;4611;2474;201399;74597;24.7;9.1
49;2021-04-29;5206;2999;206605;77596;25.3;9.5
49;2021-04-30;5546;3176;212151;80772;26.0;9.9
49;2021-05-01;2365;661;214516;81433;26.3;10.0
49;2021-05-02;4;40;214520;81473;26.3;10.0
49;2021-05-03;5010;2385;219530;83858;26.9;10.3
49;2021-05-04;4968;3030;224498;86888;27.5;10.6
49;2021-05-05;4783;2994;229281;89882;28.1;11.0
49;2021-05-06;5330;3076;234611;92958;28.8;11.4
49;2021-05-07;4268;5013;238879;97971;29.3;12.0
49;2021-05-08;3571;429;242450;98400;29.7;12.1
49;2021-05-09;9;41;242459;98441;29.7;12.1
49;2021-05-10;4829;4260;247288;102701;30.3;12.6
49;2021-05-11;5395;5081;252683;107782;31.0;13.2
49;2021-05-12;4800;4583;257483;112365;31.6;13.8
49;2021-05-13;4780;683;262263;113048;32.1;13.9
49;2021-05-14;5170;3265;267433;116313;32.8;14.3
49;2021-05-15;4155;1805;271588;118118;33.3;14.5
49;2021-05-16;2786;116;274374;118234;33.6;14.5
49;2021-05-17;4828;3681;279202;121915;34.2;14.9
49;2021-05-18;5460;3755;284662;125670;34.9;15.4
49;2021-05-19;5912;3209;290574;128879;35.6;15.8
49;2021-05-20;6758;2952;297332;131831;36.4;16.2
49;2021-05-21;6458;3735;303790;135566;37.2;16.6
49;2021-05-22;5180;1185;308970;136751;37.9;16.8
49;2021-05-23;1;12;308971;136763;37.9;16.8
49;2021-05-24;4218;437;313189;137200;38.4;16.8
49;2021-05-25;6328;3298;319517;140498;39.2;17.2
49;2021-05-26;6270;2658;325787;143156;39.9;17.5
49;2021-05-27;7103;2721;332890;145877;40.8;17.9
49;2021-05-28;6874;4010;339764;149887;41.6;18.4
49;2021-05-29;5022;1892;344786;151779;42.3;18.6
49;2021-05-30;20;13;344806;151792;42.3;18.6
49;2021-05-31;6037;3213;350843;155005;43.0;19.0
49;2021-06-01;6587;3968;357430;158973;43.8;19.5
49;2021-06-02;5788;3734;363218;162707;44.5;19.9
49;2021-06-03;6601;3415;369819;166122;45.3;20.4
49;2021-06-04;6464;4850;376283;170972;46.1;21.0
49;2021-06-05;4384;2692;380667;173664;46.7;21.3
49;2021-06-06;34;52;380701;173716;46.7;21.3
49;2021-06-07;4626;4759;385327;178475;47.2;21.9
49;2021-06-08;5175;5085;390502;183560;47.9;22.5
49;2021-06-09;5315;4494;395817;188054;48.5;23.0
49;2021-06-10;5965;3775;401782;191829;49.2;23.5
49;2021-06-11;4834;6036;406616;197865;49.8;24.3
49;2021-06-12;4082;3196;410698;201061;50.3;24.6
49;2021-06-13;17;989;410715;202050;50.3;24.8
49;2021-06-14;3406;6012;414121;208062;50.8;25.5
49;2021-06-15;4224;6387;418345;214449;51.3;26.3
49;2021-06-16;4130;5654;422475;220103;51.8;27.0
49;2021-06-17;5053;5062;427528;225165;52.4;27.6
49;2021-06-18;4114;6888;431642;232053;52.9;28.4
49;2021-06-19;3520;3971;435162;236024;53.3;28.9
49;2021-06-20;21;22;435183;236046;53.3;28.9
49;2021-06-21;2819;6514;438002;242560;53.7;29.7
49;2021-06-22;3184;7013;441186;249573;54.1;30.6
49;2021-06-23;3242;6309;444428;255882;54.5;31.4
49;2021-06-24;4299;4972;448727;260854;55.0;32.0
49;2021-06-25;3310;7442;452037;268296;55.4;32.9
49;2021-06-26;2558;4635;454595;272931;55.7;33.5
49;2021-06-27;10;1544;454605;274475;55.7;33.6
49;2021-06-28;2223;7175;456828;281650;56.0;34.5
49;2021-06-29;2979;7248;459807;288898;56.4;35.4
49;2021-06-30;2772;6805;462579;295703;56.7;36.2
49;2021-07-01;3056;6262;465635;301965;57.1;37.0
49;2021-07-02;2885;8083;468520;310048;57.4;38.0
49;2021-07-03;1979;5493;470499;315541;57.7;38.7
49;2021-07-04;5;52;470504;315593;57.7;38.7
49;2021-07-05;1615;7068;472119;322661;57.9;39.5
49;2021-07-06;1877;7564;473996;330225;58.1;40.5
49;2021-07-07;2042;6628;476038;336853;58.3;41.3
49;2021-07-08;2494;6351;478532;343204;58.7;42.1
49;2021-07-09;2291;8256;480823;351460;58.9;43.1
49;2021-07-10;1771;5339;482594;356799;59.2;43.7
49;2021-07-11;11;34;482605;356833;59.2;43.7
49;2021-07-12;1906;7720;484511;364553;59.4;44.7
49;2021-07-13;2540;8302;487051;372855;59.7;45.7
49;2021-07-14;2874;3365;489925;376220;60.0;46.1
49;2021-07-15;3101;7550;493026;383770;60.4;47.0
49;2021-07-16;3253;8284;496279;392054;60.8;48.1
49;2021-07-17;2060;5478;498339;397532;61.1;48.7
49;2021-07-18;3737;559;502076;398091;61.5;48.8
49;2021-07-19;2531;7432;504607;405523;61.8;49.7
50;2020-12-27;0;0;0;0;0.0;0.0
50;2020-12-28;0;0;0;0;0.0;0.0
50;2020-12-29;1;0;1;0;0.0;0.0
50;2020-12-30;0;0;1;0;0.0;0.0
50;2020-12-31;0;0;1;0;0.0;0.0
50;2021-01-01;0;0;1;0;0.0;0.0
50;2021-01-02;0;0;1;0;0.0;0.0
50;2021-01-03;0;0;1;0;0.0;0.0
50;2021-01-04;0;0;1;0;0.0;0.0
50;2021-01-05;0;0;1;0;0.0;0.0
50;2021-01-06;126;0;127;0;0.0;0.0
50;2021-01-07;306;0;433;0;0.1;0.0
50;2021-01-08;435;0;868;0;0.2;0.0
50;2021-01-09;236;0;1104;0;0.2;0.0
50;2021-01-10;23;0;1127;0;0.2;0.0
50;2021-01-11;388;2;1515;2;0.3;0.0
50;2021-01-12;600;0;2115;2;0.4;0.0
50;2021-01-13;693;4;2808;6;0.6;0.0
50;2021-01-14;1010;6;3818;12;0.8;0.0
50;2021-01-15;705;2;4523;14;0.9;0.0
50;2021-01-16;214;3;4737;17;1.0;0.0
50;2021-01-17;0;0;4737;17;1.0;0.0
50;2021-01-18;619;0;5356;17;1.1;0.0
50;2021-01-19;892;1;6248;18;1.3;0.0
50;2021-01-20;902;0;7150;18;1.5;0.0
50;2021-01-21;916;3;8066;21;1.6;0.0
50;2021-01-22;713;2;8779;23;1.8;0.0
50;2021-01-23;667;4;9446;27;1.9;0.0
50;2021-01-24;880;2;10326;29;2.1;0.0
50;2021-01-25;2649;10;12975;39;2.6;0.0
50;2021-01-26;1334;10;14309;49;2.9;0.0
50;2021-01-27;743;54;15052;103;3.1;0.0
50;2021-01-28;718;169;15770;272;3.2;0.1
50;2021-01-29;578;306;16348;578;3.3;0.1
50;2021-01-30;381;167;16729;745;3.4;0.2
50;2021-01-31;0;0;16729;745;3.4;0.2
50;2021-02-01;449;226;17178;971;3.5;0.2
50;2021-02-02;415;236;17593;1207;3.6;0.2
50;2021-02-03;390;379;17983;1586;3.7;0.3
50;2021-02-04;479;453;18462;2039;3.8;0.4
50;2021-02-05;422;450;18884;2489;3.8;0.5
50;2021-02-06;178;113;19062;2602;3.9;0.5
50;2021-02-07;0;0;19062;2602;3.9;0.5
50;2021-02-08;255;510;19317;3112;3.9;0.6
50;2021-02-09;245;643;19562;3755;4.0;0.8
50;2021-02-10;568;555;20130;4310;4.1;0.9
50;2021-02-11;438;917;20568;5227;4.2;1.1
50;2021-02-12;325;673;20893;5900;4.3;1.2
50;2021-02-13;303;489;21196;6389;4.3;1.3
50;2021-02-14;185;825;21381;7214;4.4;1.5
50;2021-02-15;656;2021;22037;9235;4.5;1.9
50;2021-02-16;742;1624;22779;10859;4.6;2.2
50;2021-02-17;630;828;23409;11687;4.8;2.4
50;2021-02-18;568;808;23977;12495;4.9;2.5
50;2021-02-19;628;522;24605;13017;5.0;2.7
50;2021-02-20;421;193;25026;13210;5.1;2.7
50;2021-02-21;85;29;25111;13239;5.1;2.7
50;2021-02-22;290;731;25401;13970;5.2;2.8
50;2021-02-23;502;569;25903;14539;5.3;3.0
50;2021-02-24;623;569;26526;15108;5.4;3.1
50;2021-02-25;778;586;27304;15694;5.6;3.2
50;2021-02-26;998;401;28302;16095;5.8;3.3
50;2021-02-27;886;112;29188;16207;5.9;3.3
50;2021-02-28;111;0;29299;16207;6.0;3.3
50;2021-03-01;488;557;29787;16764;6.1;3.4
50;2021-03-02;650;520;30437;17284;6.2;3.5
50;2021-03-03;795;458;31232;17742;6.4;3.6
50;2021-03-04;1247;336;32479;18078;6.6;3.7
50;2021-03-05;1550;345;34029;18423;6.9;3.8
50;2021-03-06;1319;156;35348;18579;7.2;3.8
50;2021-03-07;549;40;35897;18619;7.3;3.8
50;2021-03-08;1019;621;36916;19240;7.5;3.9
50;2021-03-09;1552;565;38468;19805;7.8;4.0
50;2021-03-10;1603;319;40071;20124;8.2;4.1
50;2021-03-11;2351;342;42422;20466;8.6;4.2
50;2021-03-12;2865;235;45287;20701;9.2;4.2
50;2021-03-13;1987;127;47274;20828;9.6;4.2
50;2021-03-14;279;41;47553;20869;9.7;4.3
50;2021-03-15;1376;297;48929;21166;10.0;4.3
50;2021-03-16;1339;275;50268;21441;10.2;4.4
50;2021-03-17;1268;406;51536;21847;10.5;4.5
50;2021-03-18;1158;422;52694;22269;10.7;4.5
50;2021-03-19;1727;588;54421;22857;11.1;4.7
50;2021-03-20;1684;221;56105;23078;11.4;4.7
50;2021-03-21;794;7;56899;23085;11.6;4.7
50;2021-03-22;1506;330;58405;23415;11.9;4.8
50;2021-03-23;2068;392;60473;23807;12.3;4.9
50;2021-03-24;2278;549;62751;24356;12.8;5.0
50;2021-03-25;2807;461;65558;24817;13.4;5.1
50;2021-03-26;3204;458;68762;25275;14.0;5.2
50;2021-03-27;1816;373;70578;25648;14.4;5.2
50;2021-03-28;403;17;70981;25665;14.5;5.2
50;2021-03-29;2135;715;73116;26380;14.9;5.4
50;2021-03-30;2273;636;75389;27016;15.4;5.5
50;2021-03-31;2471;563;77860;27579;15.9;5.6
50;2021-04-01;3092;857;80952;28436;16.5;5.8
50;2021-04-02;2960;925;83912;29361;17.1;6.0
50;2021-04-03;1244;691;85156;30052;17.4;6.1
50;2021-04-04;321;135;85477;30187;17.4;6.2
50;2021-04-05;399;27;85876;30214;17.5;6.2
50;2021-04-06;2124;1220;88000;31434;17.9;6.4
50;2021-04-07;2554;1177;90554;32611;18.5;6.6
50;2021-04-08;3587;1207;94141;33818;19.2;6.9
50;2021-04-09;3929;1278;98070;35096;20.0;7.2
50;2021-04-10;2535;874;100605;35970;20.5;7.3
50;2021-04-11;408;147;101013;36117;20.6;7.4
50;2021-04-12;2438;1374;103451;37491;21.1;7.6
50;2021-04-13;2672;1535;106123;39026;21.6;8.0
50;2021-04-14;2607;1351;108730;40377;22.2;8.2
50;2021-04-15;3157;1103;111887;41480;22.8;8.5
50;2021-04-16;3362;1099;115249;42579;23.5;8.7
50;2021-04-17;2400;1181;117649;43760;24.0;8.9
50;2021-04-18;424;661;118073;44421;24.1;9.1
50;2021-04-19;1997;1473;120070;45894;24.5;9.4
50;2021-04-20;2277;1582;122347;47476;24.9;9.7
50;2021-04-21;2552;1751;124899;49227;25.5;10.0
50;2021-04-22;3076;1818;127975;51045;26.1;10.4
50;2021-04-23;2746;1903;130721;52948;26.6;10.8
50;2021-04-24;1895;1434;132616;54382;27.0;11.1
50;2021-04-25;470;272;133086;54654;27.1;11.1
50;2021-04-26;2117;1884;135203;56538;27.6;11.5
50;2021-04-27;2405;1989;137608;58527;28.0;11.9
50;2021-04-28;2702;1963;140310;60490;28.6;12.3
50;2021-04-29;3262;2037;143572;62527;29.3;12.7
50;2021-04-30;2990;1922;146562;64449;29.9;13.1
50;2021-05-01;1013;592;147575;65041;30.1;13.3
50;2021-05-02;522;450;148097;65491;30.2;13.3
50;2021-05-03;1767;1805;149864;67296;30.5;13.7
50;2021-05-04;1774;2318;151638;69614;30.9;14.2
50;2021-05-05;1660;2951;153298;72565;31.2;14.8
50;2021-05-06;2533;2578;155831;75143;31.8;15.3
50;2021-05-07;2148;2860;157979;78003;32.2;15.9
50;2021-05-08;1165;786;159144;78789;32.4;16.1
50;2021-05-09;621;359;159765;79148;32.6;16.1
50;2021-05-10;1706;2599;161471;81747;32.9;16.7
50;2021-05-11;2540;2837;164011;84584;33.4;17.2
50;2021-05-12;3173;2434;167184;87018;34.1;17.7
50;2021-05-13;3381;611;170565;87629;34.8;17.9
50;2021-05-14;3572;2276;174137;89905;35.5;18.3
50;2021-05-15;4000;1870;178137;91775;36.3;18.7
50;2021-05-16;946;265;179083;92040;36.5;18.8
50;2021-05-17;2137;1876;181220;93916;36.9;19.1
50;2021-05-18;2513;1614;183733;95530;37.4;19.5
50;2021-05-19;2503;1438;186236;96968;38.0;19.8
50;2021-05-20;3238;1623;189474;98591;38.6;20.1
50;2021-05-21;3157;1912;192631;100503;39.3;20.5
50;2021-05-22;2650;1324;195281;101827;39.8;20.8
50;2021-05-23;601;285;195882;102112;39.9;20.8
50;2021-05-24;1527;490;197409;102602;40.2;20.9
50;2021-05-25;2446;1674;199855;104276;40.7;21.3
50;2021-05-26;2986;1441;202841;105717;41.3;21.5
50;2021-05-27;3026;1972;205867;107689;42.0;21.9
50;2021-05-28;2945;2119;208812;109808;42.6;22.4
50;2021-05-29;2755;1398;211567;111206;43.1;22.7
50;2021-05-30;812;323;212379;111529;43.3;22.7
50;2021-05-31;2649;1815;215028;113344;43.8;23.1
50;2021-06-01;3330;2063;218358;115407;44.5;23.5
50;2021-06-02;3254;1781;221612;117188;45.2;23.9
50;2021-06-03;3909;2085;225521;119273;46.0;24.3
50;2021-06-04;3821;2875;229342;122148;46.7;24.9
50;2021-06-05;2957;1840;232299;123988;47.3;25.3
50;2021-06-06;809;442;233108;124430;47.5;25.4
50;2021-06-07;3515;2075;236623;126505;48.2;25.8
50;2021-06-08;4058;2216;240681;128721;49.1;26.2
50;2021-06-09;4239;1980;244920;130701;49.9;26.6
50;2021-06-10;4172;2104;249092;132805;50.8;27.1
50;2021-06-11;4192;2707;253284;135512;51.6;27.6
50;2021-06-12;3720;1597;257004;137109;52.4;27.9
50;2021-06-13;1137;449;258141;137558;52.6;28.0
50;2021-06-14;2674;2963;260815;140521;53.2;28.6
50;2021-06-15;3007;2601;263822;143122;53.8;29.2
50;2021-06-16;3087;1968;266909;145090;54.4;29.6
50;2021-06-17;2791;2481;269700;147571;55.0;30.1
50;2021-06-18;3223;3036;272923;150607;55.6;30.7
50;2021-06-19;3168;1920;276091;152527;56.3;31.1
50;2021-06-20;729;709;276820;153236;56.4;31.2
50;2021-06-21;1802;3137;278622;156373;56.8;31.9
50;2021-06-22;2052;3396;280674;159769;57.2;32.6
50;2021-06-23;1849;3877;282523;163646;57.6;33.4
50;2021-06-24;1700;4023;284223;167669;57.9;34.2
50;2021-06-25;2119;4007;286342;171676;58.4;35.0
50;2021-06-26;2123;3703;288465;175379;58.8;35.7
50;2021-06-27;609;894;289074;176273;58.9;35.9
50;2021-06-28;1889;3361;290963;179634;59.3;36.6
50;2021-06-29;1854;3405;292817;183039;59.7;37.3
50;2021-06-30;2147;3412;294964;186451;60.1;38.0
50;2021-07-01;1923;3259;296887;189710;60.5;38.7
50;2021-07-02;1876;3948;298763;193658;60.9;39.5
50;2021-07-03;1430;3453;300193;197111;61.2;40.2
50;2021-07-04;441;1073;300634;198184;61.3;40.4
50;2021-07-05;1256;3418;301890;201602;61.5;41.1
50;2021-07-06;1547;3891;303437;205493;61.8;41.9
50;2021-07-07;1775;3624;305212;209117;62.2;42.6
50;2021-07-08;1350;4108;306562;213225;62.5;43.5
50;2021-07-09;1378;4585;307940;217810;62.8;44.4
50;2021-07-10;1013;3610;308953;221420;63.0;45.1
50;2021-07-11;365;1021;309318;222441;63.0;45.3
50;2021-07-12;1294;4636;310612;227077;63.3;46.3
50;2021-07-13;1600;4865;312212;231942;63.6;47.3
50;2021-07-14;1472;2353;313684;234295;63.9;47.8
50;2021-07-15;1654;5054;315338;239349;64.3;48.8
50;2021-07-16;2939;5242;318277;244591;64.9;49.8
50;2021-07-17;2126;3730;320403;248321;65.3;50.6
50;2021-07-18;401;1090;320804;249411;65.4;50.8
50;2021-07-19;1554;5181;322358;254592;65.7;51.9
51;2020-12-27;0;0;0;0;0.0;0.0
51;2020-12-28;0;0;0;0;0.0;0.0
51;2020-12-29;0;0;0;0;0.0;0.0
51;2020-12-30;0;0;0;0;0.0;0.0
51;2020-12-31;1;0;1;0;0.0;0.0
51;2021-01-01;0;0;1;0;0.0;0.0
51;2021-01-02;0;0;1;0;0.0;0.0
51;2021-01-03;0;0;1;0;0.0;0.0
51;2021-01-04;1;0;2;0;0.0;0.0
51;2021-01-05;1;0;3;0;0.0;0.0
51;2021-01-06;6;0;9;0;0.0;0.0
51;2021-01-07;261;1;270;1;0.0;0.0
51;2021-01-08;500;1;770;2;0.1;0.0
51;2021-01-09;91;0;861;2;0.2;0.0
51;2021-01-10;0;0;861;2;0.2;0.0
51;2021-01-11;544;2;1405;4;0.2;0.0
51;2021-01-12;1533;2;2938;6;0.5;0.0
51;2021-01-13;1287;6;4225;12;0.7;0.0
51;2021-01-14;1462;6;5687;18;1.0;0.0
51;2021-01-15;605;3;6292;21;1.1;0.0
51;2021-01-16;177;1;6469;22;1.1;0.0
51;2021-01-17;101;0;6570;22;1.2;0.0
51;2021-01-18;843;2;7413;24;1.3;0.0
51;2021-01-19;996;2;8409;26;1.5;0.0
51;2021-01-20;953;5;9362;31;1.7;0.0
51;2021-01-21;790;2;10152;33;1.8;0.0
51;2021-01-22;390;2;10542;35;1.9;0.0
51;2021-01-23;294;0;10836;35;1.9;0.0
51;2021-01-24;129;1;10965;36;1.9;0.0
51;2021-01-25;712;1;11677;37;2.1;0.0
51;2021-01-26;776;4;12453;41;2.2;0.0
51;2021-01-27;655;3;13108;44;2.3;0.0
51;2021-01-28;644;69;13752;113;2.4;0.0
51;2021-01-29;470;142;14222;255;2.5;0.0
51;2021-01-30;126;5;14348;260;2.5;0.0
51;2021-01-31;83;0;14431;260;2.6;0.0
51;2021-02-01;271;58;14702;318;2.6;0.1
51;2021-02-02;732;723;15434;1041;2.7;0.2
51;2021-02-03;634;470;16068;1511;2.8;0.3
51;2021-02-04;966;821;17034;2332;3.0;0.4
51;2021-02-05;965;512;17999;2844;3.2;0.5
51;2021-02-06;30;149;18029;2993;3.2;0.5
51;2021-02-07;0;18;18029;3011;3.2;0.5
51;2021-02-08;115;415;18144;3426;3.2;0.6
51;2021-02-09;222;471;18366;3897;3.3;0.7
51;2021-02-10;219;638;18585;4535;3.3;0.8
51;2021-02-11;298;530;18883;5065;3.3;0.9
51;2021-02-12;340;567;19223;5632;3.4;1.0
51;2021-02-13;8;117;19231;5749;3.4;1.0
51;2021-02-14;8;173;19239;5922;3.4;1.1
51;2021-02-15;264;854;19503;6776;3.5;1.2
51;2021-02-16;400;967;19903;7743;3.5;1.4
51;2021-02-17;367;881;20270;8624;3.6;1.5
51;2021-02-18;435;594;20705;9218;3.7;1.6
51;2021-02-19;529;419;21234;9637;3.8;1.7
51;2021-02-20;205;297;21439;9934;3.8;1.8
51;2021-02-21;10;101;21449;10035;3.8;1.8
51;2021-02-22;195;689;21644;10724;3.8;1.9
51;2021-02-23;259;1098;21903;11822;3.9;2.1
51;2021-02-24;410;692;22313;12514;4.0;2.2
51;2021-02-25;1048;884;23361;13398;4.1;2.4
51;2021-02-26;1223;665;24584;14063;4.4;2.5
51;2021-02-27;589;123;25173;14186;4.5;2.5
51;2021-02-28;7;71;25180;14257;4.5;2.5
51;2021-03-01;766;308;25946;14565;4.6;2.6
51;2021-03-02;1122;446;27068;15011;4.8;2.7
51;2021-03-03;1193;459;28261;15470;5.0;2.7
51;2021-03-04;1058;696;29319;16166;5.2;2.9
51;2021-03-05;1556;667;30875;16833;5.5;3.0
51;2021-03-06;1433;48;32308;16881;5.7;3.0
51;2021-03-07;250;3;32558;16884;5.8;3.0
51;2021-03-08;985;93;33543;16977;5.9;3.0
51;2021-03-09;1661;175;35204;17152;6.2;3.0
51;2021-03-10;1987;94;37191;17246;6.6;3.1
51;2021-03-11;2371;150;39562;17396;7.0;3.1
51;2021-03-12;3242;138;42804;17534;7.6;3.1
51;2021-03-13;2549;37;45353;17571;8.0;3.1
51;2021-03-14;190;2;45543;17573;8.1;3.1
51;2021-03-15;1575;141;47118;17714;8.4;3.1
51;2021-03-16;1475;180;48593;17894;8.6;3.2
51;2021-03-17;1495;202;50088;18096;8.9;3.2
51;2021-03-18;1610;276;51698;18372;9.2;3.3
51;2021-03-19;2306;291;54004;18663;9.6;3.3
51;2021-03-20;1660;207;55664;18870;9.9;3.3
51;2021-03-21;133;1;55797;18871;9.9;3.3
51;2021-03-22;1413;117;57210;18988;10.1;3.4
51;2021-03-23;2467;152;59677;19140;10.6;3.4
51;2021-03-24;2838;120;62515;19260;11.1;3.4
51;2021-03-25;3248;323;65763;19583;11.7;3.5
51;2021-03-26;3409;491;69172;20074;12.3;3.6
51;2021-03-27;1839;246;71011;20320;12.6;3.6
51;2021-03-28;213;2;71224;20322;12.6;3.6
51;2021-03-29;991;641;72215;20963;12.8;3.7
51;2021-03-30;1746;851;73961;21814;13.1;3.9
51;2021-03-31;1726;753;75687;22567;13.4;4.0
51;2021-04-01;2276;435;77963;23002;13.8;4.1
51;2021-04-02;2414;619;80377;23621;14.3;4.2
51;2021-04-03;1302;402;81679;24023;14.5;4.3
51;2021-04-04;105;2;81784;24025;14.5;4.3
51;2021-04-05;70;141;81854;24166;14.5;4.3
51;2021-04-06;763;1235;82617;25401;14.7;4.5
51;2021-04-07;1310;1406;83927;26807;14.9;4.8
51;2021-04-08;2199;1759;86126;28566;15.3;5.1
51;2021-04-09;2862;1728;88988;30294;15.8;5.4
51;2021-04-10;2202;492;91190;30786;16.2;5.5
51;2021-04-11;105;85;91295;30871;16.2;5.5
51;2021-04-12;1449;1339;92744;32210;16.4;5.7
51;2021-04-13;1938;1680;94682;33890;16.8;6.0
51;2021-04-14;2456;1548;97138;35438;17.2;6.3
51;2021-04-15;2852;1660;99990;37098;17.7;6.6
51;2021-04-16;3208;1589;103198;38687;18.3;6.9
51;2021-04-17;1965;770;105163;39457;18.7;7.0
51;2021-04-18;296;109;105459;39566;18.7;7.0
51;2021-04-19;1563;1156;107022;40722;19.0;7.2
51;2021-04-20;1790;1661;108812;42383;19.3;7.5
51;2021-04-21;2005;1736;110817;44119;19.7;7.8
51;2021-04-22;2357;1638;113174;45757;20.1;8.1
51;2021-04-23;2971;1816;116145;47573;20.6;8.4
51;2021-04-24;1746;946;117891;48519;20.9;8.6
51;2021-04-25;122;162;118013;48681;20.9;8.6
51;2021-04-26;1844;757;119857;49438;21.3;8.8
51;2021-04-27;2441;1228;122298;50666;21.7;9.0
51;2021-04-28;2550;1306;124848;51972;22.1;9.2
51;2021-04-29;2637;1443;127485;53415;22.6;9.5
51;2021-04-30;2973;1665;130458;55080;23.1;9.8
51;2021-05-01;1452;411;131910;55491;23.4;9.8
51;2021-05-02;107;100;132017;55591;23.4;9.9
51;2021-05-03;2485;762;134502;56353;23.9;10.0
51;2021-05-04;2785;1344;137287;57697;24.3;10.2
51;2021-05-05;2854;1630;140141;59327;24.9;10.5
51;2021-05-06;5339;1932;145480;61259;25.8;10.9
51;2021-05-07;3691;1929;149171;63188;26.5;11.2
51;2021-05-08;2857;820;152028;64008;27.0;11.4
51;2021-05-09;211;89;152239;64097;27.0;11.4
51;2021-05-10;3214;1855;155453;65952;27.6;11.7
51;2021-05-11;3617;2040;159070;67992;28.2;12.1
51;2021-05-12;4183;2234;163253;70226;29.0;12.5
51;2021-05-13;1778;501;165031;70727;29.3;12.5
51;2021-05-14;5400;1735;170431;72462;30.2;12.9
51;2021-05-15;4227;1351;174658;73813;31.0;13.1
51;2021-05-16;281;47;174939;73860;31.0;13.1
51;2021-05-17;3133;1520;178072;75380;31.6;13.4
51;2021-05-18;3915;1766;181987;77146;32.3;13.7
51;2021-05-19;4007;1720;185994;78866;33.0;14.0
51;2021-05-20;4642;1968;190636;80834;33.8;14.3
51;2021-05-21;3595;2480;194231;83314;34.4;14.8
51;2021-05-22;2073;1545;196304;84859;34.8;15.1
51;2021-05-23;306;210;196610;85069;34.9;15.1
51;2021-05-24;2018;718;198628;85787;35.2;15.2
51;2021-05-25;3126;1822;201754;87609;35.8;15.5
51;2021-05-26;3294;1700;205048;89309;36.4;15.8
51;2021-05-27;3266;2058;208314;91367;36.9;16.2
51;2021-05-28;3604;2823;211918;94190;37.6;16.7
51;2021-05-29;2400;1997;214318;96187;38.0;17.1
51;2021-05-30;400;133;214718;96320;38.1;17.1
51;2021-05-31;3349;1777;218067;98097;38.7;17.4
51;2021-06-01;3854;2333;221921;100430;39.4;17.8
51;2021-06-02;6094;2313;228015;102743;40.4;18.2
51;2021-06-03;3575;2426;231590;105169;41.1;18.7
51;2021-06-04;6337;2940;237927;108109;42.2;19.2
51;2021-06-05;2595;1818;240522;109927;42.7;19.5
51;2021-06-06;171;156;240693;110083;42.7;19.5
51;2021-06-07;4295;2167;244988;112250;43.5;19.9
51;2021-06-08;3914;2531;248902;114781;44.1;20.4
51;2021-06-09;4010;2749;252912;117530;44.9;20.8
51;2021-06-10;3179;2480;256091;120010;45.4;21.3
51;2021-06-11;3344;3419;259435;123429;46.0;21.9
51;2021-06-12;2157;2168;261592;125597;46.4;22.3
51;2021-06-13;189;147;261781;125744;46.4;22.3
51;2021-06-14;1621;3337;263402;129081;46.7;22.9
51;2021-06-15;3162;3575;266564;132656;47.3;23.5
51;2021-06-16;2193;3685;268757;136341;47.7;24.2
51;2021-06-17;2597;5408;271354;141749;48.1;25.1
51;2021-06-18;2351;5213;273705;146962;48.5;26.1
51;2021-06-19;1680;4429;275385;151391;48.8;26.9
51;2021-06-20;183;228;275568;151619;48.9;26.9
51;2021-06-21;1225;4443;276793;156062;49.1;27.7
51;2021-06-22;1554;4046;278347;160108;49.4;28.4
51;2021-06-23;3635;4232;281982;164340;50.0;29.1
51;2021-06-24;2212;3235;284194;167575;50.4;29.7
51;2021-06-25;1887;6530;286081;174105;50.7;30.9
51;2021-06-26;1165;5081;287246;179186;50.9;31.8
51;2021-06-27;103;335;287349;179521;51.0;31.8
51;2021-06-28;1380;4411;288729;183932;51.2;32.6
51;2021-06-29;1155;4477;289884;188409;51.4;33.4
51;2021-06-30;1675;6044;291559;194453;51.7;34.5
51;2021-07-01;1948;3767;293507;198220;52.1;35.2
51;2021-07-02;1814;6891;295321;205111;52.4;36.4
51;2021-07-03;985;3199;296306;208310;52.6;36.9
51;2021-07-04;168;253;296474;208563;52.6;37.0
51;2021-07-05;758;5531;297232;214094;52.7;38.0
51;2021-07-06;1235;4784;298467;218878;52.9;38.8
51;2021-07-07;1599;4939;300066;223817;53.2;39.7
51;2021-07-08;2047;3423;302113;227240;53.6;40.3
51;2021-07-09;1846;5050;303959;232290;53.9;41.2
51;2021-07-10;1221;3202;305180;235492;54.1;41.8
51;2021-07-11;186;277;305366;235769;54.2;41.8
51;2021-07-12;982;4378;306348;240147;54.3;42.6
51;2021-07-13;1464;4779;307812;244926;54.6;43.4
51;2021-07-14;1061;1681;308873;246607;54.8;43.7
51;2021-07-15;2912;4886;311785;251493;55.3;44.6
51;2021-07-16;2333;5261;314118;256754;55.7;45.5
51;2021-07-17;1804;3480;315922;260234;56.0;46.2
51;2021-07-18;162;327;316084;260561;56.1;46.2
51;2021-07-19;1870;3963;317954;264524;56.4;46.9
52;2020-12-27;0;0;0;0;0.0;0.0
52;2020-12-28;0;0;0;0;0.0;0.0
52;2020-12-29;0;0;0;0;0.0;0.0
52;2020-12-30;0;0;0;0;0.0;0.0
52;2020-12-31;0;0;0;0;0.0;0.0
52;2021-01-01;0;0;0;0;0.0;0.0
52;2021-01-02;0;0;0;0;0.0;0.0
52;2021-01-03;0;0;0;0;0.0;0.0
52;2021-01-04;0;0;0;0;0.0;0.0
52;2021-01-05;0;0;0;0;0.0;0.0
52;2021-01-06;2;0;2;0;0.0;0.0
52;2021-01-07;0;0;2;0;0.0;0.0
52;2021-01-08;201;1;203;1;0.1;0.0
52;2021-01-09;93;0;296;1;0.2;0.0
52;2021-01-10;0;0;296;1;0.2;0.0
52;2021-01-11;206;0;502;1;0.3;0.0
52;2021-01-12;170;0;672;1;0.4;0.0
52;2021-01-13;561;2;1233;3;0.7;0.0
52;2021-01-14;676;8;1909;11;1.1;0.0
52;2021-01-15;409;1;2318;12;1.4;0.0
52;2021-01-16;16;1;2334;13;1.4;0.0
52;2021-01-17;0;0;2334;13;1.4;0.0
52;2021-01-18;426;0;2760;13;1.6;0.0
52;2021-01-19;437;0;3197;13;1.9;0.0
52;2021-01-20;419;1;3616;14;2.1;0.0
52;2021-01-21;424;1;4040;15;2.4;0.0
52;2021-01-22;321;0;4361;15;2.6;0.0
52;2021-01-23;72;0;4433;15;2.6;0.0
52;2021-01-24;0;0;4433;15;2.6;0.0
52;2021-01-25;235;0;4668;15;2.8;0.0
52;2021-01-26;306;1;4974;16;2.9;0.0
52;2021-01-27;237;1;5211;17;3.1;0.0
52;2021-01-28;174;4;5385;21;3.2;0.0
52;2021-01-29;74;125;5459;146;3.2;0.1
52;2021-01-30;91;95;5550;241;3.3;0.1
52;2021-01-31;0;0;5550;241;3.3;0.1
52;2021-02-01;117;193;5667;434;3.3;0.3
52;2021-02-02;60;178;5727;612;3.4;0.4
52;2021-02-03;91;416;5818;1028;3.4;0.6
52;2021-02-04;230;598;6048;1626;3.6;1.0
52;2021-02-05;113;506;6161;2132;3.6;1.3
52;2021-02-06;22;0;6183;2132;3.7;1.3
52;2021-02-07;0;1;6183;2133;3.7;1.3
52;2021-02-08;34;209;6217;2342;3.7;1.4
52;2021-02-09;47;216;6264;2558;3.7;1.5
52;2021-02-10;87;191;6351;2749;3.8;1.6
52;2021-02-11;129;146;6480;2895;3.8;1.7
52;2021-02-12;189;126;6669;3021;3.9;1.8
52;2021-02-13;5;1;6674;3022;3.9;1.8
52;2021-02-14;0;16;6674;3038;3.9;1.8
52;2021-02-15;80;277;6754;3315;4.0;2.0
52;2021-02-16;49;356;6803;3671;4.0;2.2
52;2021-02-17;37;316;6840;3987;4.0;2.4
52;2021-02-18;83;280;6923;4267;4.1;2.5
52;2021-02-19;51;192;6974;4459;4.1;2.6
52;2021-02-20;14;111;6988;4570;4.1;2.7
52;2021-02-21;0;0;6988;4570;4.1;2.7
52;2021-02-22;42;383;7030;4953;4.2;2.9
52;2021-02-23;55;277;7085;5230;4.2;3.1
52;2021-02-24;82;248;7167;5478;4.2;3.2
52;2021-02-25;161;234;7328;5712;4.3;3.4
52;2021-02-26;296;181;7624;5893;4.5;3.5
52;2021-02-27;149;46;7773;5939;4.6;3.5
52;2021-02-28;0;0;7773;5939;4.6;3.5
52;2021-03-01;163;14;7936;5953;4.7;3.5
52;2021-03-02;195;50;8131;6003;4.8;3.5
52;2021-03-03;355;34;8486;6037;5.0;3.6
52;2021-03-04;375;55;8861;6092;5.2;3.6
52;2021-03-05;531;48;9392;6140;5.5;3.6
52;2021-03-06;409;31;9801;6171;5.8;3.6
52;2021-03-07;0;0;9801;6171;5.8;3.6
52;2021-03-08;398;108;10199;6279;6.0;3.7
52;2021-03-09;546;105;10745;6384;6.3;3.8
52;2021-03-10;308;108;11053;6492;6.5;3.8
52;2021-03-11;581;31;11634;6523;6.9;3.9
52;2021-03-12;579;61;12213;6584;7.2;3.9
52;2021-03-13;488;4;12701;6588;7.5;3.9
52;2021-03-14;13;3;12714;6591;7.5;3.9
52;2021-03-15;314;21;13028;6612;7.7;3.9
52;2021-03-16;203;14;13231;6626;7.8;3.9
52;2021-03-17;358;13;13589;6639;8.0;3.9
52;2021-03-18;441;7;14030;6646;8.3;3.9
52;2021-03-19;450;52;14480;6698;8.6;4.0
52;2021-03-20;259;11;14739;6709;8.7;4.0
52;2021-03-21;15;0;14754;6709;8.7;4.0
52;2021-03-22;375;47;15129;6756;8.9;4.0
52;2021-03-23;675;87;15804;6843;9.3;4.0
52;2021-03-24;771;67;16575;6910;9.8;4.1
52;2021-03-25;1134;79;17709;6989;10.5;4.1
52;2021-03-26;1030;139;18739;7128;11.1;4.2
52;2021-03-27;476;75;19215;7203;11.4;4.3
52;2021-03-28;53;0;19268;7203;11.4;4.3
52;2021-03-29;506;185;19774;7388;11.7;4.4
52;2021-03-30;866;284;20640;7672;12.2;4.5
52;2021-03-31;958;286;21598;7958;12.8;4.7
52;2021-04-01;1145;169;22743;8127;13.4;4.8
52;2021-04-02;957;96;23700;8223;14.0;4.9
52;2021-04-03;457;2;24157;8225;14.3;4.9
52;2021-04-04;1;1;24158;8226;14.3;4.9
52;2021-04-05;1;0;24159;8226;14.3;4.9
52;2021-04-06;428;290;24587;8516;14.5;5.0
52;2021-04-07;503;449;25090;8965;14.8;5.3
52;2021-04-08;842;208;25932;9173;15.3;5.4
52;2021-04-09;1060;123;26992;9296;15.9;5.5
52;2021-04-10;851;100;27843;9396;16.5;5.6
52;2021-04-11;96;1;27939;9397;16.5;5.6
52;2021-04-12;931;271;28870;9668;17.1;5.7
52;2021-04-13;1245;370;30115;10038;17.8;5.9
52;2021-04-14;1347;449;31462;10487;18.6;6.2
52;2021-04-15;1512;430;32974;10917;19.5;6.5
52;2021-04-16;1574;364;34548;11281;20.4;6.7
52;2021-04-17;1305;121;35853;11402;21.2;6.7
52;2021-04-18;509;29;36362;11431;21.5;6.8
52;2021-04-19;695;609;37057;12040;21.9;7.1
52;2021-04-20;1075;660;38132;12700;22.5;7.5
52;2021-04-21;1059;673;39191;13373;23.2;7.9
52;2021-04-22;1469;714;40660;14087;24.0;8.3
52;2021-04-23;1254;654;41914;14741;24.8;8.7
52;2021-04-24;475;288;42389;15029;25.0;8.9
52;2021-04-25;3;77;42392;15106;25.0;8.9
52;2021-04-26;629;560;43021;15666;25.4;9.3
52;2021-04-27;931;674;43952;16340;26.0;9.7
52;2021-04-28;1439;556;45391;16896;26.8;10.0
52;2021-04-29;1451;569;46842;17465;27.7;10.3
52;2021-04-30;1314;604;48156;18069;28.5;10.7
52;2021-05-01;8;232;48164;18301;28.5;10.8
52;2021-05-02;0;1;48164;18302;28.5;10.8
52;2021-05-03;1161;624;49325;18926;29.1;11.2
52;2021-05-04;1448;711;50773;19637;30.0;11.6
52;2021-05-05;1769;643;52542;20280;31.0;12.0
52;2021-05-06;1974;494;54516;20774;32.2;12.3
52;2021-05-07;1442;1155;55958;21929;33.1;13.0
52;2021-05-08;587;314;56545;22243;33.4;13.1
52;2021-05-09;1;47;56546;22290;33.4;13.2
52;2021-05-10;792;1100;57338;23390;33.9;13.8
52;2021-05-11;866;1396;58204;24786;34.4;14.6
52;2021-05-12;1203;1381;59407;26167;35.1;15.5
52;2021-05-13;67;184;59474;26351;35.1;15.6
52;2021-05-14;1182;1356;60656;27707;35.8;16.4
52;2021-05-15;492;929;61148;28636;36.1;16.9
52;2021-05-16;8;43;61156;28679;36.1;16.9
52;2021-05-17;1144;705;62300;29384;36.8;17.4
52;2021-05-18;1216;669;63516;30053;37.5;17.8
52;2021-05-19;1543;414;65059;30467;38.4;18.0
52;2021-05-20;1546;419;66605;30886;39.4;18.2
52;2021-05-21;1623;613;68228;31499;40.3;18.6
52;2021-05-22;1089;207;69317;31706;41.0;18.7
52;2021-05-23;1;0;69318;31706;41.0;18.7
52;2021-05-24;402;33;69720;31739;41.2;18.8
52;2021-05-25;1354;383;71074;32122;42.0;19.0
52;2021-05-26;1478;668;72552;32790;42.9;19.4
52;2021-05-27;1566;788;74118;33578;43.8;19.8
52;2021-05-28;1488;670;75606;34248;44.7;20.2
52;2021-05-29;695;834;76301;35082;45.1;20.7
52;2021-05-30;17;550;76318;35632;45.1;21.1
52;2021-05-31;823;829;77141;36461;45.6;21.5
52;2021-06-01;955;812;78096;37273;46.1;22.0
52;2021-06-02;894;742;78990;38015;46.7;22.5
52;2021-06-03;825;825;79815;38840;47.2;22.9
52;2021-06-04;883;1341;80698;40181;47.7;23.7
52;2021-06-05;579;637;81277;40818;48.0;24.1
52;2021-06-06;27;55;81304;40873;48.0;24.1
52;2021-06-07;359;931;81663;41804;48.2;24.7
52;2021-06-08;551;1467;82214;43271;48.6;25.6
52;2021-06-09;613;1475;82827;44746;48.9;26.4
52;2021-06-10;792;1157;83619;45903;49.4;27.1
52;2021-06-11;828;1347;84447;47250;49.9;27.9
52;2021-06-12;421;586;84868;47836;50.1;28.3
52;2021-06-13;1;6;84869;47842;50.1;28.3
52;2021-06-14;170;1413;85039;49255;50.2;29.1
52;2021-06-15;221;1810;85260;51065;50.4;30.2
52;2021-06-16;352;1997;85612;53062;50.6;31.4
52;2021-06-17;260;1156;85872;54218;50.7;32.0
52;2021-06-18;306;1557;86178;55775;50.9;33.0
52;2021-06-19;501;690;86679;56465;51.2;33.4
52;2021-06-20;0;17;86679;56482;51.2;33.4
52;2021-06-21;522;897;87201;57379;51.5;33.9
52;2021-06-22;502;1053;87703;58432;51.8;34.5
52;2021-06-23;545;1044;88248;59476;52.1;35.1
52;2021-06-24;605;702;88853;60178;52.5;35.6
52;2021-06-25;654;1312;89507;61490;52.9;36.3
52;2021-06-26;264;721;89771;62211;53.0;36.8
52;2021-06-27;1;8;89772;62219;53.0;36.8
52;2021-06-28;182;1444;89954;63663;53.1;37.6
52;2021-06-29;161;1418;90115;65081;53.2;38.5
52;2021-06-30;213;1472;90328;66553;53.4;39.3
52;2021-07-01;310;1024;90638;67577;53.6;39.9
52;2021-07-02;428;1453;91066;69030;53.8;40.8
52;2021-07-03;298;1150;91364;70180;54.0;41.5
52;2021-07-04;0;11;91364;70191;54.0;41.5
52;2021-07-05;171;1456;91535;71647;54.1;42.3
52;2021-07-06;283;1454;91818;73101;54.2;43.2
52;2021-07-07;300;1164;92118;74265;54.4;43.9
52;2021-07-08;470;1165;92588;75430;54.7;44.6
52;2021-07-09;284;1621;92872;77051;54.9;45.5
52;2021-07-10;139;821;93011;77872;55.0;46.0
52;2021-07-11;0;12;93011;77884;55.0;46.0
52;2021-07-12;276;1463;93287;79347;55.1;46.9
52;2021-07-13;589;1369;93876;80716;55.5;47.7
52;2021-07-14;436;150;94312;80866;55.7;47.8
52;2021-07-15;587;1425;94899;82291;56.1;48.6
52;2021-07-16;888;1338;95787;83629;56.6;49.4
52;2021-07-17;518;338;96305;83967;56.9;49.6
52;2021-07-18;3;13;96308;83980;56.9;49.6
52;2021-07-19;681;982;96989;84962;57.3;50.2
53;2020-12-27;0;0;0;0;0.0;0.0
53;2020-12-28;0;0;0;0;0.0;0.0
53;2020-12-29;0;0;0;0;0.0;0.0
53;2020-12-30;0;0;0;0;0.0;0.0
53;2020-12-31;0;0;0;0;0.0;0.0
53;2021-01-01;0;0;0;0;0.0;0.0
53;2021-01-02;0;0;0;0;0.0;0.0
53;2021-01-03;0;0;0;0;0.0;0.0
53;2021-01-04;0;0;0;0;0.0;0.0
53;2021-01-05;0;0;0;0;0.0;0.0
53;2021-01-06;0;0;0;0;0.0;0.0
53;2021-01-07;102;0;102;0;0.0;0.0
53;2021-01-08;284;1;386;1;0.1;0.0
53;2021-01-09;134;1;520;2;0.2;0.0
53;2021-01-10;15;0;535;2;0.2;0.0
53;2021-01-11;176;0;711;2;0.2;0.0
53;2021-01-12;453;1;1164;3;0.4;0.0
53;2021-01-13;252;0;1416;3;0.5;0.0
53;2021-01-14;289;6;1705;9;0.6;0.0
53;2021-01-15;343;4;2048;13;0.7;0.0
53;2021-01-16;61;0;2109;13;0.7;0.0
53;2021-01-17;24;1;2133;14;0.7;0.0
53;2021-01-18;364;0;2497;14;0.8;0.0
53;2021-01-19;592;0;3089;14;1.0;0.0
53;2021-01-20;742;0;3831;14;1.3;0.0
53;2021-01-21;769;2;4600;16;1.5;0.0
53;2021-01-22;705;2;5305;18;1.7;0.0
53;2021-01-23;160;0;5465;18;1.8;0.0
53;2021-01-24;6;0;5471;18;1.8;0.0
53;2021-01-25;550;0;6021;18;2.0;0.0
53;2021-01-26;1196;5;7217;23;2.4;0.0
53;2021-01-27;696;4;7913;27;2.6;0.0
53;2021-01-28;738;96;8651;123;2.8;0.0
53;2021-01-29;422;189;9073;312;3.0;0.1
53;2021-01-30;128;0;9201;312;3.0;0.1
53;2021-01-31;0;0;9201;312;3.0;0.1
53;2021-02-01;297;149;9498;461;3.1;0.2
53;2021-02-02;309;231;9807;692;3.2;0.2
53;2021-02-03;226;378;10033;1070;3.3;0.4
53;2021-02-04;182;333;10215;1403;3.3;0.5
53;2021-02-05;234;304;10449;1707;3.4;0.6
53;2021-02-06;152;23;10601;1730;3.5;0.6
53;2021-02-07;0;0;10601;1730;3.5;0.6
53;2021-02-08;166;108;10767;1838;3.5;0.6
53;2021-02-09;369;213;11136;2051;3.6;0.7
53;2021-02-10;266;435;11402;2486;3.7;0.8
53;2021-02-11;429;485;11831;2971;3.9;1.0
53;2021-02-12;316;573;12147;3544;4.0;1.2
53;2021-02-13;95;66;12242;3610;4.0;1.2
53;2021-02-14;0;99;12242;3709;4.0;1.2
53;2021-02-15;239;432;12481;4141;4.1;1.4
53;2021-02-16;528;847;13009;4988;4.3;1.6
53;2021-02-17;390;617;13399;5605;4.4;1.8
53;2021-02-18;544;576;13943;6181;4.6;2.0
53;2021-02-19;895;415;14838;6596;4.9;2.2
53;2021-02-20;139;110;14977;6706;4.9;2.2
53;2021-02-21;0;20;14977;6726;4.9;2.2
53;2021-02-22;160;588;15137;7314;5.0;2.4
53;2021-02-23;59;660;15196;7974;5.0;2.6
53;2021-02-24;136;517;15332;8491;5.0;2.8
53;2021-02-25;457;354;15789;8845;5.2;2.9
53;2021-02-26;439;262;16228;9107;5.3;3.0
53;2021-02-27;86;115;16314;9222;5.3;3.0
53;2021-02-28;0;0;16314;9222;5.3;3.0
53;2021-03-01;230;280;16544;9502;5.4;3.1
53;2021-03-02;246;255;16790;9757;5.5;3.2
53;2021-03-03;319;392;17109;10149;5.6;3.3
53;2021-03-04;858;326;17967;10475;5.9;3.4
53;2021-03-05;659;276;18626;10751;6.1;3.5
53;2021-03-06;445;212;19071;10963;6.2;3.6
53;2021-03-07;276;3;19347;10966;6.3;3.6
53;2021-03-08;375;176;19722;11142;6.5;3.6
53;2021-03-09;878;237;20600;11379;6.7;3.7
53;2021-03-10;807;103;21407;11482;7.0;3.8
53;2021-03-11;1247;217;22654;11699;7.4;3.8
53;2021-03-12;1600;133;24254;11832;7.9;3.9
53;2021-03-13;823;4;25077;11836;8.2;3.9
53;2021-03-14;1;0;25078;11836;8.2;3.9
53;2021-03-15;1001;297;26079;12133;8.5;4.0
53;2021-03-16;1033;322;27112;12455;8.9;4.1
53;2021-03-17;683;260;27795;12715;9.1;4.2
53;2021-03-18;971;340;28766;13055;9.4;4.3
53;2021-03-19;1341;592;30107;13647;9.9;4.5
53;2021-03-20;591;13;30698;13660;10.1;4.5
53;2021-03-21;2;0;30700;13660;10.1;4.5
53;2021-03-22;1209;146;31909;13806;10.4;4.5
53;2021-03-23;1695;59;33604;13865;11.0;4.5
53;2021-03-24;1321;113;34925;13978;11.4;4.6
53;2021-03-25;2320;220;37245;14198;12.2;4.6
53;2021-03-26;1881;143;39126;14341;12.8;4.7
53;2021-03-27;339;2;39465;14343;12.9;4.7
53;2021-03-28;2;0;39467;14343;12.9;4.7
53;2021-03-29;1472;204;40939;14547;13.4;4.8
53;2021-03-30;1945;195;42884;14742;14.0;4.8
53;2021-03-31;1789;215;44673;14957;14.6;4.9
53;2021-04-01;1945;660;46618;15617;15.3;5.1
53;2021-04-02;2073;216;48691;15833;15.9;5.2
53;2021-04-03;414;0;49105;15833;16.1;5.2
53;2021-04-04;10;0;49115;15833;16.1;5.2
53;2021-04-05;8;15;49123;15848;16.1;5.2
53;2021-04-06;1304;498;50427;16346;16.5;5.4
53;2021-04-07;1175;920;51602;17266;16.9;5.7
53;2021-04-08;1662;1001;53264;18267;17.4;6.0
53;2021-04-09;1956;385;55220;18652;18.1;6.1
53;2021-04-10;543;10;55763;18662;18.3;6.1
53;2021-04-11;12;0;55775;18662;18.3;6.1
53;2021-04-12;696;1066;56471;19728;18.5;6.5
53;2021-04-13;1471;1098;57942;20826;19.0;6.8
53;2021-04-14;1020;731;58962;21557;19.3;7.1
53;2021-04-15;1159;1109;60121;22666;19.7;7.4
53;2021-04-16;1272;813;61393;23479;20.1;7.7
53;2021-04-17;279;271;61672;23750;20.2;7.8
53;2021-04-18;0;0;61672;23750;20.2;7.8
53;2021-04-19;679;1066;62351;24816;20.4;8.1
53;2021-04-20;935;1452;63286;26268;20.7;8.6
53;2021-04-21;849;1008;64135;27276;21.0;8.9
53;2021-04-22;1046;1610;65181;28886;21.3;9.5
53;2021-04-23;1323;1041;66504;29927;21.8;9.8
53;2021-04-24;67;7;66571;29934;21.8;9.8
53;2021-04-25;5;39;66576;29973;21.8;9.8
53;2021-04-26;368;1238;66944;31211;21.9;10.2
53;2021-04-27;724;1969;67668;33180;22.2;10.9
53;2021-04-28;979;1387;68647;34567;22.5;11.3
53;2021-04-29;1050;1708;69697;36275;22.8;11.9
53;2021-04-30;1358;1306;71055;37581;23.3;12.3
53;2021-05-01;35;50;71090;37631;23.3;12.3
53;2021-05-02;0;0;71090;37631;23.3;12.3
53;2021-05-03;1571;699;72661;38330;23.8;12.6
53;2021-05-04;1306;1436;73967;39766;24.2;13.0
53;2021-05-05;1610;821;75577;40587;24.7;13.3
53;2021-05-06;1392;1388;76969;41975;25.2;13.7
53;2021-05-07;1535;1295;78504;43270;25.7;14.2
53;2021-05-08;936;33;79440;43303;26.0;14.2
53;2021-05-09;11;2;79451;43305;26.0;14.2
53;2021-05-10;2416;802;81867;44107;26.8;14.4
53;2021-05-11;3097;1281;84964;45388;27.8;14.9
53;2021-05-12;2750;1081;87714;46469;28.7;15.2
53;2021-05-13;350;26;88064;46495;28.8;15.2
53;2021-05-14;2019;674;90083;47169;29.5;15.4
53;2021-05-15;1058;60;91141;47229;29.8;15.5
53;2021-05-16;1;0;91142;47229;29.8;15.5
53;2021-05-17;1703;1195;92845;48424;30.4;15.9
53;2021-05-18;1881;1539;94726;49963;31.0;16.4
53;2021-05-19;2302;732;97028;50695;31.8;16.6
53;2021-05-20;3217;852;100245;51547;32.8;16.9
53;2021-05-21;2796;821;103041;52368;33.7;17.1
53;2021-05-22;19;60;103060;52428;33.7;17.2
53;2021-05-23;0;0;103060;52428;33.7;17.2
53;2021-05-24;7;6;103067;52434;33.8;17.2
53;2021-05-25;1818;802;104885;53236;34.3;17.4
53;2021-05-26;1851;898;106736;54134;35.0;17.7
53;2021-05-27;3073;1072;109809;55206;36.0;18.1
53;2021-05-28;2562;871;112371;56077;36.8;18.4
53;2021-05-29;844;244;113215;56321;37.1;18.4
53;2021-05-30;15;6;113230;56327;37.1;18.4
53;2021-05-31;2565;799;115795;57126;37.9;18.7
53;2021-06-01;3489;1252;119284;58378;39.1;19.1
53;2021-06-02;3180;516;122464;58894;40.1;19.3
53;2021-06-03;4191;777;126655;59671;41.5;19.5
53;2021-06-04;3181;1264;129836;60935;42.5;20.0
53;2021-06-05;136;245;129972;61180;42.6;20.0
53;2021-06-06;0;4;129972;61184;42.6;20.0
53;2021-06-07;2627;925;132599;62109;43.4;20.3
53;2021-06-08;3566;1121;136165;63230;44.6;20.7
53;2021-06-09;2448;938;138613;64168;45.4;21.0
53;2021-06-10;3514;839;142127;65007;46.5;21.3
53;2021-06-11;2961;1202;145088;66209;47.5;21.7
53;2021-06-12;108;140;145196;66349;47.5;21.7
53;2021-06-13;10;2;145206;66351;47.6;21.7
53;2021-06-14;1596;1791;146802;68142;48.1;22.3
53;2021-06-15;1890;2258;148692;70400;48.7;23.1
53;2021-06-16;1822;1729;150514;72129;49.3;23.6
53;2021-06-17;3007;1646;153521;73775;50.3;24.2
53;2021-06-18;2696;1807;156217;75582;51.2;24.8
53;2021-06-19;761;1166;156978;76748;51.4;25.1
53;2021-06-20;3;479;156981;77227;51.4;25.3
53;2021-06-21;913;2536;157894;79763;51.7;26.1
53;2021-06-22;1293;3457;159187;83220;52.1;27.3
53;2021-06-23;1357;2896;160544;86116;52.6;28.2
53;2021-06-24;1801;2033;162345;88149;53.2;28.9
53;2021-06-25;1777;2045;164122;90194;53.7;29.5
53;2021-06-26;976;350;165098;90544;54.1;29.7
53;2021-06-27;6;8;165104;90552;54.1;29.7
53;2021-06-28;659;2903;165763;93455;54.3;30.6
53;2021-06-29;852;3654;166615;97109;54.6;31.8
53;2021-06-30;742;1514;167357;98623;54.8;32.3
53;2021-07-01;1483;2636;168840;101259;55.3;33.2
53;2021-07-02;1479;2022;170319;103281;55.8;33.8
53;2021-07-03;853;569;171172;103850;56.1;34.0
53;2021-07-04;0;4;171172;103854;56.1;34.0
53;2021-07-05;532;2062;171704;105916;56.2;34.7
53;2021-07-06;849;3615;172553;109531;56.5;35.9
53;2021-07-07;1009;2650;173562;112181;56.8;36.7
53;2021-07-08;1305;3119;174867;115300;57.3;37.8
53;2021-07-09;1115;3398;175982;118698;57.6;38.9
53;2021-07-10;422;1000;176404;119698;57.8;39.2
53;2021-07-11;12;20;176416;119718;57.8;39.2
53;2021-07-12;501;3715;176917;123433;57.9;40.4
53;2021-07-13;888;4766;177805;128199;58.2;42.0
53;2021-07-14;104;283;177909;128482;58.3;42.1
53;2021-07-15;1109;4352;179018;132834;58.6;43.5
53;2021-07-16;1231;3838;180249;136672;59.0;44.8
53;2021-07-17;1316;287;181565;136959;59.5;44.9
53;2021-07-18;25;19;181590;136978;59.5;44.9
53;2021-07-19;730;3433;182320;140411;59.7;46.0
54;2020-12-27;0;0;0;0;0.0;0.0
54;2020-12-28;0;0;0;0;0.0;0.0
54;2020-12-29;0;0;0;0;0.0;0.0
54;2020-12-30;0;0;0;0;0.0;0.0
54;2020-12-31;10;0;10;0;0.0;0.0
54;2021-01-01;0;0;10;0;0.0;0.0
54;2021-01-02;0;0;10;0;0.0;0.0
54;2021-01-03;1;0;11;0;0.0;0.0
54;2021-01-04;162;0;173;0;0.0;0.0
54;2021-01-05;395;0;568;0;0.1;0.0
54;2021-01-06;647;1;1215;1;0.2;0.0
54;2021-01-07;815;2;2030;3;0.3;0.0
54;2021-01-08;704;3;2734;6;0.4;0.0
54;2021-01-09;81;0;2815;6;0.4;0.0
54;2021-01-10;78;0;2893;6;0.4;0.0
54;2021-01-11;974;3;3867;9;0.5;0.0
54;2021-01-12;1180;1;5047;10;0.7;0.0
54;2021-01-13;2366;7;7413;17;1.0;0.0
54;2021-01-14;3368;29;10781;46;1.5;0.0
54;2021-01-15;2681;11;13462;57;1.8;0.0
54;2021-01-16;813;3;14275;60;2.0;0.0
54;2021-01-17;210;0;14485;60;2.0;0.0
54;2021-01-18;1556;5;16041;65;2.2;0.0
54;2021-01-19;1693;0;17734;65;2.4;0.0
54;2021-01-20;1485;6;19219;71;2.6;0.0
54;2021-01-21;1340;3;20559;74;2.8;0.0
54;2021-01-22;1086;7;21645;81;3.0;0.0
54;2021-01-23;476;0;22121;81;3.0;0.0
54;2021-01-24;66;0;22187;81;3.0;0.0
54;2021-01-25;937;29;23124;110;3.2;0.0
54;2021-01-26;142;5;23266;115;3.2;0.0
54;2021-01-27;12;173;23278;288;3.2;0.0
54;2021-01-28;28;237;23306;525;3.2;0.1
54;2021-01-29;16;279;23322;804;3.2;0.1
54;2021-01-30;3;0;23325;804;3.2;0.1
54;2021-01-31;1;0;23326;804;3.2;0.1
54;2021-02-01;9;787;23335;1591;3.2;0.2
54;2021-02-02;22;972;23357;2563;3.2;0.4
54;2021-02-03;359;1536;23716;4099;3.2;0.6
54;2021-02-04;726;2456;24442;6555;3.3;0.9
54;2021-02-05;794;1900;25236;8455;3.5;1.2
54;2021-02-06;202;338;25438;8793;3.5;1.2
54;2021-02-07;4;126;25442;8919;3.5;1.2
54;2021-02-08;116;1002;25558;9921;3.5;1.4
54;2021-02-09;302;1071;25860;10992;3.5;1.5
54;2021-02-10;386;802;26246;11794;3.6;1.6
54;2021-02-11;292;818;26538;12612;3.6;1.7
54;2021-02-12;448;1302;26986;13914;3.7;1.9
54;2021-02-13;146;237;27132;14151;3.7;1.9
54;2021-02-14;9;11;27141;14162;3.7;1.9
54;2021-02-15;433;1141;27574;15303;3.8;2.1
54;2021-02-16;399;1225;27973;16528;3.8;2.3
54;2021-02-17;521;959;28494;17487;3.9;2.4
54;2021-02-18;591;793;29085;18280;4.0;2.5
54;2021-02-19;520;776;29605;19056;4.1;2.6
54;2021-02-20;35;284;29640;19340;4.1;2.6
54;2021-02-21;3;25;29643;19365;4.1;2.7
54;2021-02-22;484;604;30127;19969;4.1;2.7
54;2021-02-23;677;566;30804;20535;4.2;2.8
54;2021-02-24;727;365;31531;20900;4.3;2.9
54;2021-02-25;1473;734;33004;21634;4.5;3.0
54;2021-02-26;1762;772;34766;22406;4.8;3.1
54;2021-02-27;699;105;35465;22511;4.9;3.1
54;2021-02-28;10;28;35475;22539;4.9;3.1
54;2021-03-01;645;214;36120;22753;4.9;3.1
54;2021-03-02;1498;135;37618;22888;5.2;3.1
54;2021-03-03;1756;55;39374;22943;5.4;3.1
54;2021-03-04;2023;96;41397;23039;5.7;3.2
54;2021-03-05;2794;132;44191;23171;6.1;3.2
54;2021-03-06;4033;96;48224;23267;6.6;3.2
54;2021-03-07;2619;56;50843;23323;7.0;3.2
54;2021-03-08;1334;53;52177;23376;7.1;3.2
54;2021-03-09;2639;91;54816;23467;7.5;3.2
54;2021-03-10;3195;98;58011;23565;7.9;3.2
54;2021-03-11;3384;78;61395;23643;8.4;3.2
54;2021-03-12;4975;157;66370;23800;9.1;3.3
54;2021-03-13;4192;101;70562;23901;9.7;3.3
54;2021-03-14;543;34;71105;23935;9.7;3.3
54;2021-03-15;1717;100;72822;24035;10.0;3.3
54;2021-03-16;1730;161;74552;24196;10.2;3.3
54;2021-03-17;2081;141;76633;24337;10.5;3.3
54;2021-03-18;2049;156;78682;24493;10.8;3.4
54;2021-03-19;3315;236;81997;24729;11.2;3.4
54;2021-03-20;2300;70;84297;24799;11.5;3.4
54;2021-03-21;295;15;84592;24814;11.6;3.4
54;2021-03-22;1033;324;85625;25138;11.7;3.4
54;2021-03-23;1929;514;87554;25652;12.0;3.5
54;2021-03-24;2190;707;89744;26359;12.3;3.6
54;2021-03-25;3164;721;92908;27080;12.7;3.7
54;2021-03-26;3513;789;96421;27869;13.2;3.8
54;2021-03-27;2413;286;98834;28155;13.5;3.9
54;2021-03-28;278;3;99112;28158;13.6;3.9
54;2021-03-29;1665;382;100777;28540;13.8;3.9
54;2021-03-30;2548;968;103325;29508;14.1;4.0
54;2021-03-31;2594;1120;105919;30628;14.5;4.2
54;2021-04-01;3212;1242;109131;31870;14.9;4.4
54;2021-04-02;2967;1645;112098;33515;15.3;4.6
54;2021-04-03;1256;1311;113354;34826;15.5;4.8
54;2021-04-04;137;421;113491;35247;15.5;4.8
54;2021-04-05;143;574;113634;35821;15.6;4.9
54;2021-04-06;1259;1644;114893;37465;15.7;5.1
54;2021-04-07;901;2267;115794;39732;15.9;5.4
54;2021-04-08;2297;2438;118091;42170;16.2;5.8
54;2021-04-09;4111;3138;122202;45308;16.7;6.2
54;2021-04-10;3202;1656;125404;46964;17.2;6.4
54;2021-04-11;206;1001;125610;47965;17.2;6.6
54;2021-04-12;2196;1528;127806;49493;17.5;6.8
54;2021-04-13;2999;1948;130805;51441;17.9;7.0
54;2021-04-14;3251;1842;134056;53283;18.4;7.3
54;2021-04-15;2880;2273;136936;55556;18.7;7.6
54;2021-04-16;3135;2583;140071;58139;19.2;8.0
54;2021-04-17;3468;1469;143539;59608;19.7;8.2
54;2021-04-18;60;245;143599;59853;19.7;8.2
54;2021-04-19;2458;1057;146057;60910;20.0;8.3
54;2021-04-20;3021;1229;149078;62139;20.4;8.5
54;2021-04-21;4395;1582;153473;63721;21.0;8.7
54;2021-04-22;3715;2342;157188;66063;21.5;9.0
54;2021-04-23;3862;2032;161050;68095;22.0;9.3
54;2021-04-24;2336;1020;163386;69115;22.4;9.5
54;2021-04-25;281;275;163667;69390;22.4;9.5
54;2021-04-26;2302;1251;165969;70641;22.7;9.7
54;2021-04-27;3224;1374;169193;72015;23.2;9.9
54;2021-04-28;2961;1917;172154;73932;23.6;10.1
54;2021-04-29;3785;2060;175939;75992;24.1;10.4
54;2021-04-30;4479;1910;180418;77902;24.7;10.7
54;2021-05-01;2260;791;182678;78693;25.0;10.8
54;2021-05-02;227;67;182905;78760;25.0;10.8
54;2021-05-03;3092;926;185997;79686;25.5;10.9
54;2021-05-04;3510;1420;189507;81106;25.9;11.1
54;2021-05-05;4883;1363;194390;82469;26.6;11.3
54;2021-05-06;4430;2768;198820;85237;27.2;11.7
54;2021-05-07;4809;3375;203629;88612;27.9;12.1
54;2021-05-08;2015;631;205644;89243;28.2;12.2
54;2021-05-09;374;134;206018;89377;28.2;12.2
54;2021-05-10;3196;2234;209214;91611;28.6;12.5
54;2021-05-11;5482;2902;214696;94513;29.4;12.9
54;2021-05-12;4136;3370;218832;97883;30.0;13.4
54;2021-05-13;2641;481;221473;98364;30.3;13.5
54;2021-05-14;6873;1950;228346;100314;31.3;13.7
54;2021-05-15;5467;1287;233813;101601;32.0;13.9
54;2021-05-16;940;104;234753;101705;32.1;13.9
54;2021-05-17;3785;791;238538;102496;32.7;14.0
54;2021-05-18;3284;1085;241822;103581;33.1;14.2
54;2021-05-19;3455;1493;245277;105074;33.6;14.4
54;2021-05-20;4530;1592;249807;106666;34.2;14.6
54;2021-05-21;6708;2456;256515;109122;35.1;14.9
54;2021-05-22;5613;1339;262128;110461;35.9;15.1
54;2021-05-23;503;52;262631;110513;36.0;15.1
54;2021-05-24;1442;341;264073;110854;36.2;15.2
54;2021-05-25;4073;1514;268146;112368;36.7;15.4
54;2021-05-26;3524;2203;271670;114571;37.2;15.7
54;2021-05-27;4169;2427;275839;116998;37.8;16.0
54;2021-05-28;4911;3540;280750;120538;38.4;16.5
54;2021-05-29;3826;3968;284576;124506;39.0;17.0
54;2021-05-30;127;83;284703;124589;39.0;17.1
54;2021-05-31;2928;3055;287631;127644;39.4;17.5
54;2021-06-01;2607;4180;290238;131824;39.7;18.0
54;2021-06-02;2140;4068;292378;135892;40.0;18.6
54;2021-06-03;3086;5642;295464;141534;40.5;19.4
54;2021-06-04;5027;5444;300491;146978;41.1;20.1
54;2021-06-05;2341;3282;302832;150260;41.5;20.6
54;2021-06-06;66;234;302898;150494;41.5;20.6
54;2021-06-07;3687;2920;306585;153414;42.0;21.0
54;2021-06-08;4501;4246;311086;157660;42.6;21.6
54;2021-06-09;5919;3255;317005;160915;43.4;22.0
54;2021-06-10;5259;4394;322264;165309;44.1;22.6
54;2021-06-11;4942;4857;327206;170166;44.8;23.3
54;2021-06-12;4154;3209;331360;173375;45.4;23.7
54;2021-06-13;56;211;331416;173586;45.4;23.8
54;2021-06-14;2297;3578;333713;177164;45.7;24.3
54;2021-06-15;2782;4710;336495;181874;46.1;24.9
54;2021-06-16;3427;5612;339922;187486;46.5;25.7
54;2021-06-17;3110;5205;343032;192691;47.0;26.4
54;2021-06-18;4091;6216;347123;198907;47.5;27.2
54;2021-06-19;2606;3127;349729;202034;47.9;27.7
54;2021-06-20;121;338;349850;202372;47.9;27.7
54;2021-06-21;2502;4747;352352;207119;48.2;28.4
54;2021-06-22;2009;6228;354361;213347;48.5;29.2
54;2021-06-23;2162;5595;356523;218942;48.8;30.0
54;2021-06-24;2060;3460;358583;222402;49.1;30.4
54;2021-06-25;2177;7043;360760;229445;49.4;31.4
54;2021-06-26;2361;5645;363121;235090;49.7;32.2
54;2021-06-27;129;604;363250;235694;49.7;32.3
54;2021-06-28;1928;4325;365178;240019;50.0;32.9
54;2021-06-29;1913;5214;367091;245233;50.3;33.6
54;2021-06-30;1954;5122;369045;250355;50.5;34.3
54;2021-07-01;2092;5987;371137;256342;50.8;35.1
54;2021-07-02;2755;7535;373892;263877;51.2;36.1
54;2021-07-03;2707;4023;376599;267900;51.6;36.7
54;2021-07-04;194;498;376793;268398;51.6;36.7
54;2021-07-05;1670;4234;378463;272632;51.8;37.3
54;2021-07-06;2022;5015;380485;277647;52.1;38.0
54;2021-07-07;1712;4826;382197;282473;52.3;38.7
54;2021-07-08;1659;4102;383856;286575;52.6;39.2
54;2021-07-09;3143;5979;386999;292554;53.0;40.1
54;2021-07-10;2477;4297;389476;296851;53.3;40.6
54;2021-07-11;10;104;389486;296955;53.3;40.7
54;2021-07-12;1994;4603;391480;301558;53.6;41.3
54;2021-07-13;2580;4916;394060;306474;54.0;42.0
54;2021-07-14;1418;1485;395478;307959;54.1;42.2
54;2021-07-15;3134;4808;398612;312767;54.6;42.8
54;2021-07-16;4113;6119;402725;318886;55.1;43.7
54;2021-07-17;3844;4720;406569;323606;55.7;44.3
54;2021-07-18;1800;1632;408369;325238;55.9;44.5
54;2021-07-19;2382;3958;410751;329196;56.2;45.1
55;2020-12-27;0;0;0;0;0.0;0.0
55;2020-12-28;0;0;0;0;0.0;0.0
55;2020-12-29;0;0;0;0;0.0;0.0
55;2020-12-30;0;0;0;0;0.0;0.0
55;2020-12-31;0;0;0;0;0.0;0.0
55;2021-01-01;0;0;0;0;0.0;0.0
55;2021-01-02;0;0;0;0;0.0;0.0
55;2021-01-03;0;0;0;0;0.0;0.0
55;2021-01-04;1;0;1;0;0.0;0.0
55;2021-01-05;0;0;1;0;0.0;0.0
55;2021-01-06;0;0;1;0;0.0;0.0
55;2021-01-07;122;0;123;0;0.1;0.0
55;2021-01-08;127;0;250;0;0.1;0.0
55;2021-01-09;52;0;302;0;0.2;0.0
55;2021-01-10;0;0;302;0;0.2;0.0
55;2021-01-11;127;1;429;1;0.2;0.0
55;2021-01-12;119;0;548;1;0.3;0.0
55;2021-01-13;133;0;681;1;0.4;0.0
55;2021-01-14;641;5;1322;6;0.7;0.0
55;2021-01-15;237;0;1559;6;0.9;0.0
55;2021-01-16;61;0;1620;6;0.9;0.0
55;2021-01-17;1;0;1621;6;0.9;0.0
55;2021-01-18;413;0;2034;6;1.1;0.0
55;2021-01-19;351;2;2385;8;1.3;0.0
55;2021-01-20;451;2;2836;10;1.6;0.0
55;2021-01-21;430;0;3266;10;1.8;0.0
55;2021-01-22;392;0;3658;10;2.0;0.0
55;2021-01-23;49;0;3707;10;2.0;0.0
55;2021-01-24;0;0;3707;10;2.0;0.0
55;2021-01-25;436;0;4143;10;2.3;0.0
55;2021-01-26;429;0;4572;10;2.5;0.0
55;2021-01-27;424;0;4996;10;2.8;0.0
55;2021-01-28;485;100;5481;110;3.0;0.1
55;2021-01-29;159;54;5640;164;3.1;0.1
55;2021-01-30;92;28;5732;192;3.2;0.1
55;2021-01-31;0;0;5732;192;3.2;0.1
55;2021-02-01;153;177;5885;369;3.2;0.2
55;2021-02-02;159;148;6044;517;3.3;0.3
55;2021-02-03;53;161;6097;678;3.4;0.4
55;2021-02-04;232;398;6329;1076;3.5;0.6
55;2021-02-05;173;140;6502;1216;3.6;0.7
55;2021-02-06;59;55;6561;1271;3.6;0.7
55;2021-02-07;2;53;6563;1324;3.6;0.7
55;2021-02-08;0;19;6563;1343;3.6;0.7
55;2021-02-09;92;114;6655;1457;3.7;0.8
55;2021-02-10;64;20;6719;1477;3.7;0.8
55;2021-02-11;176;97;6895;1574;3.8;0.9
55;2021-02-12;95;26;6990;1600;3.8;0.9
55;2021-02-13;0;0;6990;1600;3.8;0.9
55;2021-02-14;0;0;6990;1600;3.8;0.9
55;2021-02-15;15;418;7005;2018;3.9;1.1
55;2021-02-16;143;396;7148;2414;3.9;1.3
55;2021-02-17;26;495;7174;2909;3.9;1.6
55;2021-02-18;20;344;7194;3253;4.0;1.8
55;2021-02-19;120;292;7314;3545;4.0;2.0
55;2021-02-20;11;0;7325;3545;4.0;2.0
55;2021-02-21;0;0;7325;3545;4.0;2.0
55;2021-02-22;56;458;7381;4003;4.1;2.2
55;2021-02-23;84;442;7465;4445;4.1;2.4
55;2021-02-24;73;416;7538;4861;4.1;2.7
55;2021-02-25;270;682;7808;5543;4.3;3.1
55;2021-02-26;325;232;8133;5775;4.5;3.2
55;2021-02-27;125;85;8258;5860;4.5;3.2
55;2021-02-28;2;8;8260;5868;4.5;3.2
55;2021-03-01;77;138;8337;6006;4.6;3.3
55;2021-03-02;124;173;8461;6179;4.7;3.4
55;2021-03-03;198;3;8659;6182;4.8;3.4
55;2021-03-04;235;42;8894;6224;4.9;3.4
55;2021-03-05;363;44;9257;6268;5.1;3.5
55;2021-03-06;223;4;9480;6272;5.2;3.5
55;2021-03-07;69;0;9549;6272;5.3;3.5
55;2021-03-08;327;39;9876;6311;5.4;3.5
55;2021-03-09;633;48;10509;6359;5.8;3.5
55;2021-03-10;396;24;10905;6383;6.0;3.5
55;2021-03-11;595;136;11500;6519;6.3;3.6
55;2021-03-12;815;85;12315;6604;6.8;3.6
55;2021-03-13;522;10;12837;6614;7.1;3.6
55;2021-03-14;14;0;12851;6614;7.1;3.6
55;2021-03-15;392;17;13243;6631;7.3;3.7
55;2021-03-16;569;105;13812;6736;7.6;3.7
55;2021-03-17;683;17;14495;6753;8.0;3.7
55;2021-03-18;320;21;14815;6774;8.2;3.7
55;2021-03-19;471;59;15286;6833;8.4;3.8
55;2021-03-20;253;14;15539;6847;8.6;3.8
55;2021-03-21;1;1;15540;6848;8.6;3.8
55;2021-03-22;472;17;16012;6865;8.8;3.8
55;2021-03-23;971;58;16983;6923;9.3;3.8
55;2021-03-24;802;35;17785;6958;9.8;3.8
55;2021-03-25;1095;75;18880;7033;10.4;3.9
55;2021-03-26;600;34;19480;7067;10.7;3.9
55;2021-03-27;256;21;19736;7088;10.9;3.9
55;2021-03-28;0;0;19736;7088;10.9;3.9
55;2021-03-29;942;33;20678;7121;11.4;3.9
55;2021-03-30;1423;61;22101;7182;12.2;4.0
55;2021-03-31;1480;60;23581;7242;13.0;4.0
55;2021-04-01;1202;112;24783;7354;13.6;4.0
55;2021-04-02;896;69;25679;7423;14.1;4.1
55;2021-04-03;80;0;25759;7423;14.2;4.1
55;2021-04-04;2;0;25761;7423;14.2;4.1
55;2021-04-05;6;12;25767;7435;14.2;4.1
55;2021-04-06;933;271;26700;7706;14.7;4.2
55;2021-04-07;994;233;27694;7939;15.2;4.4
55;2021-04-08;1647;411;29341;8350;16.2;4.6
55;2021-04-09;1427;259;30768;8609;16.9;4.7
55;2021-04-10;241;173;31009;8782;17.1;4.8
55;2021-04-11;452;19;31461;8801;17.3;4.8
55;2021-04-12;854;319;32315;9120;17.8;5.0
55;2021-04-13;1356;516;33671;9636;18.5;5.3
55;2021-04-14;1371;728;35042;10364;19.3;5.7
55;2021-04-15;1634;450;36676;10814;20.2;6.0
55;2021-04-16;705;377;37381;11191;20.6;6.2
55;2021-04-17;677;28;38058;11219;21.0;6.2
55;2021-04-18;38;18;38096;11237;21.0;6.2
55;2021-04-19;961;344;39057;11581;21.5;6.4
55;2021-04-20;1173;771;40230;12352;22.1;6.8
55;2021-04-21;990;634;41220;12986;22.7;7.1
55;2021-04-22;1072;645;42292;13631;23.3;7.5
55;2021-04-23;1413;571;43705;14202;24.1;7.8
55;2021-04-24;312;121;44017;14323;24.2;7.9
55;2021-04-25;384;47;44401;14370;24.4;7.9
55;2021-04-26;478;815;44879;15185;24.7;8.4
55;2021-04-27;569;992;45448;16177;25.0;8.9
55;2021-04-28;931;815;46379;16992;25.5;9.4
55;2021-04-29;1118;854;47497;17846;26.1;9.8
55;2021-04-30;1279;618;48776;18464;26.9;10.2
55;2021-05-01;152;132;48928;18596;26.9;10.2
55;2021-05-02;2;3;48930;18599;26.9;10.2
55;2021-05-03;1208;628;50138;19227;27.6;10.6
55;2021-05-04;683;1176;50821;20403;28.0;11.2
55;2021-05-05;658;1073;51479;21476;28.3;11.8
55;2021-05-06;1347;1159;52826;22635;29.1;12.5
55;2021-05-07;1432;554;54258;23189;29.9;12.8
55;2021-05-08;154;77;54412;23266;30.0;12.8
55;2021-05-09;61;522;54473;23788;30.0;13.1
55;2021-05-10;862;1024;55335;24812;30.5;13.7
55;2021-05-11;1070;1380;56405;26192;31.1;14.4
55;2021-05-12;1030;1769;57435;27961;31.6;15.4
55;2021-05-13;99;75;57534;28036;31.7;15.4
55;2021-05-14;352;558;57886;28594;31.9;15.7
55;2021-05-15;291;494;58177;29088;32.0;16.0
55;2021-05-16;3;10;58180;29098;32.0;16.0
55;2021-05-17;1028;839;59208;29937;32.6;16.5
55;2021-05-18;1570;891;60778;30828;33.5;17.0
55;2021-05-19;1810;781;62588;31609;34.5;17.4
55;2021-05-20;2215;731;64803;32340;35.7;17.8
55;2021-05-21;2006;797;66809;33137;36.8;18.2
55;2021-05-22;197;167;67006;33304;36.9;18.3
55;2021-05-23;23;120;67029;33424;36.9;18.4
55;2021-05-24;0;0;67029;33424;36.9;18.4
55;2021-05-25;1347;651;68376;34075;37.6;18.8
55;2021-05-26;1671;1015;70047;35090;38.6;19.3
55;2021-05-27;1317;978;71364;36068;39.3;19.9
55;2021-05-28;1521;931;72885;36999;40.1;20.4
55;2021-05-29;1401;697;74286;37696;40.9;20.8
55;2021-05-30;15;206;74301;37902;40.9;20.9
55;2021-05-31;1049;1131;75350;39033;41.5;21.5
55;2021-06-01;913;954;76263;39987;42.0;22.0
55;2021-06-02;1160;985;77423;40972;42.6;22.6
55;2021-06-03;700;541;78123;41513;43.0;22.9
55;2021-06-04;1388;1100;79511;42613;43.8;23.5
55;2021-06-05;1363;276;80874;42889;44.5;23.6
55;2021-06-06;0;2;80874;42891;44.5;23.6
55;2021-06-07;790;714;81664;43605;45.0;24.0
55;2021-06-08;696;1073;82360;44678;45.3;24.6
55;2021-06-09;850;871;83210;45549;45.8;25.1
55;2021-06-10;375;275;83585;45824;46.0;25.2
55;2021-06-11;524;1288;84109;47112;46.3;25.9
55;2021-06-12;757;520;84866;47632;46.7;26.2
55;2021-06-13;262;33;85128;47665;46.9;26.2
55;2021-06-14;367;1364;85495;49029;47.1;27.0
55;2021-06-15;566;1214;86061;50243;47.4;27.7
55;2021-06-16;727;829;86788;51072;47.8;28.1
55;2021-06-17;424;858;87212;51930;48.0;28.6
55;2021-06-18;656;1476;87868;53406;48.4;29.4
55;2021-06-19;586;457;88454;53863;48.7;29.7
55;2021-06-20;0;0;88454;53863;48.7;29.7
55;2021-06-21;435;1021;88889;54884;48.9;30.2
55;2021-06-22;332;1014;89221;55898;49.1;30.8
55;2021-06-23;615;1213;89836;57111;49.5;31.4
55;2021-06-24;163;433;89999;57544;49.5;31.7
55;2021-06-25;639;1224;90638;58768;49.9;32.4
55;2021-06-26;417;340;91055;59108;50.1;32.5
55;2021-06-27;1;2;91056;59110;50.1;32.5
55;2021-06-28;141;1389;91197;60499;50.2;33.3
55;2021-06-29;196;1289;91393;61788;50.3;34.0
55;2021-06-30;269;1941;91662;63729;50.5;35.1
55;2021-07-01;370;1983;92032;65712;50.7;36.2
55;2021-07-02;386;1721;92418;67433;50.9;37.1
55;2021-07-03;108;261;92526;67694;50.9;37.3
55;2021-07-04;12;19;92538;67713;50.9;37.3
55;2021-07-05;221;1511;92759;69224;51.1;38.1
55;2021-07-06;316;891;93075;70115;51.2;38.6
55;2021-07-07;386;1801;93461;71916;51.5;39.6
55;2021-07-08;522;1585;93983;73501;51.7;40.5
55;2021-07-09;442;1477;94425;74978;52.0;41.3
55;2021-07-10;348;1107;94773;76085;52.2;41.9
55;2021-07-11;0;9;94773;76094;52.2;41.9
55;2021-07-12;601;1167;95374;77261;52.5;42.5
55;2021-07-13;597;1487;95971;78748;52.8;43.4
55;2021-07-14;0;13;95971;78761;52.8;43.4
55;2021-07-15;770;1642;96741;80403;53.3;44.3
55;2021-07-16;1236;1797;97977;82200;53.9;45.3
55;2021-07-17;1267;808;99244;83008;54.6;45.7
55;2021-07-18;1;2;99245;83010;54.6;45.7
55;2021-07-19;564;771;99809;83781;54.9;46.1
56;2020-12-27;0;0;0;0;0.0;0.0
56;2020-12-28;1;0;1;0;0.0;0.0
56;2020-12-29;0;0;1;0;0.0;0.0
56;2020-12-30;0;0;1;0;0.0;0.0
56;2020-12-31;0;0;1;0;0.0;0.0
56;2021-01-01;0;0;1;0;0.0;0.0
56;2021-01-02;1;0;2;0;0.0;0.0
56;2021-01-03;0;0;2;0;0.0;0.0
56;2021-01-04;1;0;3;0;0.0;0.0
56;2021-01-05;1;0;4;0;0.0;0.0
56;2021-01-06;1;0;5;0;0.0;0.0
56;2021-01-07;198;0;203;0;0.0;0.0
56;2021-01-08;119;0;322;0;0.0;0.0
56;2021-01-09;1;0;323;0;0.0;0.0
56;2021-01-10;1;0;324;0;0.0;0.0
56;2021-01-11;242;0;566;0;0.1;0.0
56;2021-01-12;752;0;1318;0;0.2;0.0
56;2021-01-13;636;1;1954;1;0.3;0.0
56;2021-01-14;967;2;2921;3;0.4;0.0
56;2021-01-15;837;5;3758;8;0.5;0.0
56;2021-01-16;233;3;3991;11;0.5;0.0
56;2021-01-17;26;0;4017;11;0.5;0.0
56;2021-01-18;999;1;5016;12;0.7;0.0
56;2021-01-19;849;1;5865;13;0.8;0.0
56;2021-01-20;883;1;6748;14;0.9;0.0
56;2021-01-21;1456;2;8204;16;1.1;0.0
56;2021-01-22;1169;1;9373;17;1.2;0.0
56;2021-01-23;319;2;9692;19;1.3;0.0
56;2021-01-24;6;0;9698;19;1.3;0.0
56;2021-01-25;824;0;10522;19;1.4;0.0
56;2021-01-26;1031;4;11553;23;1.5;0.0
56;2021-01-27;1081;61;12634;84;1.7;0.0
56;2021-01-28;972;125;13606;209;1.8;0.0
56;2021-01-29;864;106;14470;315;1.9;0.0
56;2021-01-30;138;19;14608;334;1.9;0.0
56;2021-01-31;0;0;14608;334;1.9;0.0
56;2021-02-01;477;158;15085;492;2.0;0.1
56;2021-02-02;941;257;16026;749;2.1;0.1
56;2021-02-03;1019;270;17045;1019;2.3;0.1
56;2021-02-04;4682;333;21727;1352;2.9;0.2
56;2021-02-05;3578;421;25305;1773;3.3;0.2
56;2021-02-06;547;169;25852;1942;3.4;0.3
56;2021-02-07;135;26;25987;1968;3.4;0.3
56;2021-02-08;296;288;26283;2256;3.5;0.3
56;2021-02-09;793;510;27076;2766;3.6;0.4
56;2021-02-10;862;700;27938;3466;3.7;0.5
56;2021-02-11;972;1076;28910;4542;3.8;0.6
56;2021-02-12;1149;642;30059;5184;4.0;0.7
56;2021-02-13;220;104;30279;5288;4.0;0.7
56;2021-02-14;6;46;30285;5334;4.0;0.7
56;2021-02-15;620;1088;30905;6422;4.1;0.8
56;2021-02-16;1219;737;32124;7159;4.3;0.9
56;2021-02-17;1190;959;33314;8118;4.4;1.1
56;2021-02-18;1309;883;34623;9001;4.6;1.2
56;2021-02-19;1317;914;35940;9915;4.8;1.3
56;2021-02-20;365;262;36305;10177;4.8;1.3
56;2021-02-21;0;0;36305;10177;4.8;1.3
56;2021-02-22;372;700;36677;10877;4.9;1.4
56;2021-02-23;736;964;37413;11841;5.0;1.6
56;2021-02-24;912;1179;38325;13020;5.1;1.7
56;2021-02-25;2025;4242;40350;17262;5.3;2.3
56;2021-02-26;2348;2257;42698;19519;5.7;2.6
56;2021-02-27;736;446;43434;19965;5.7;2.6
56;2021-02-28;13;114;43447;20079;5.8;2.7
56;2021-03-01;645;559;44092;20638;5.8;2.7
56;2021-03-02;976;790;45068;21428;6.0;2.8
56;2021-03-03;1147;911;46215;22339;6.1;3.0
56;2021-03-04;1958;1036;48173;23375;6.4;3.1
56;2021-03-05;2575;1427;50748;24802;6.7;3.3
56;2021-03-06;1203;213;51951;25015;6.9;3.3
56;2021-03-07;282;24;52233;25039;6.9;3.3
56;2021-03-08;1137;388;53370;25427;7.1;3.4
56;2021-03-09;2026;626;55396;26053;7.3;3.4
56;2021-03-10;1998;936;57394;26989;7.6;3.6
56;2021-03-11;3249;725;60643;27714;8.0;3.7
56;2021-03-12;4206;815;64849;28529;8.6;3.8
56;2021-03-13;1878;145;66727;28674;8.8;3.8
56;2021-03-14;189;2;66916;28676;8.9;3.8
56;2021-03-15;1279;533;68195;29209;9.0;3.9
56;2021-03-16;1087;1035;69282;30244;9.2;4.0
56;2021-03-17;1354;778;70636;31022;9.3;4.1
56;2021-03-18;1993;1874;72629;32896;9.6;4.4
56;2021-03-19;2936;1400;75565;34296;10.0;4.5
56;2021-03-20;1485;205;77050;34501;10.2;4.6
56;2021-03-21;205;20;77255;34521;10.2;4.6
56;2021-03-22;1607;398;78862;34919;10.4;4.6
56;2021-03-23;2802;686;81664;35605;10.8;4.7
56;2021-03-24;3442;523;85106;36128;11.3;4.8
56;2021-03-25;4221;707;89327;36835;11.8;4.9
56;2021-03-26;5083;765;94410;37600;12.5;5.0
56;2021-03-27;1495;292;95905;37892;12.7;5.0
56;2021-03-28;263;10;96168;37902;12.7;5.0
56;2021-03-29;2222;501;98390;38403;13.0;5.1
56;2021-03-30;3516;783;101906;39186;13.5;5.2
56;2021-03-31;3109;704;105015;39890;13.9;5.3
56;2021-04-01;4057;814;109072;40704;14.4;5.4
56;2021-04-02;3904;923;112976;41627;15.0;5.5
56;2021-04-03;1186;269;114162;41896;15.1;5.5
56;2021-04-04;230;3;114392;41899;15.1;5.5
56;2021-04-05;241;8;114633;41907;15.2;5.5
56;2021-04-06;2810;1230;117443;43137;15.5;5.7
56;2021-04-07;4014;1173;121457;44310;16.1;5.9
56;2021-04-08;5267;1154;126724;45464;16.8;6.0
56;2021-04-09;7358;1275;134082;46739;17.7;6.2
56;2021-04-10;2577;418;136659;47157;18.1;6.2
56;2021-04-11;190;102;136849;47259;18.1;6.3
56;2021-04-12;3932;832;140781;48091;18.6;6.4
56;2021-04-13;5958;1247;146739;49338;19.4;6.5
56;2021-04-14;5160;1412;151899;50750;20.1;6.7
56;2021-04-15;7127;1747;159026;52497;21.0;6.9
56;2021-04-16;7832;1986;166858;54483;22.1;7.2
56;2021-04-17;3127;634;169985;55117;22.5;7.3
56;2021-04-18;528;106;170513;55223;22.6;7.3
56;2021-04-19;3713;1258;174226;56481;23.1;7.5
56;2021-04-20;4091;1971;178317;58452;23.6;7.7
56;2021-04-21;4053;2319;182370;60771;24.1;8.0
56;2021-04-22;5164;1915;187534;62686;24.8;8.3
56;2021-04-23;5146;2392;192680;65078;25.5;8.6
56;2021-04-24;2898;641;195578;65719;25.9;8.7
56;2021-04-25;463;148;196041;65867;25.9;8.7
56;2021-04-26;4700;1657;200741;67524;26.6;8.9
56;2021-04-27;5080;2542;205821;70066;27.2;9.3
56;2021-04-28;4964;2240;210785;72306;27.9;9.6
56;2021-04-29;5823;2925;216608;75231;28.7;10.0
56;2021-04-30;6235;2799;222843;78030;29.5;10.3
56;2021-05-01;2483;359;225326;78389;29.8;10.4
56;2021-05-02;306;254;225632;78643;29.9;10.4
56;2021-05-03;3862;2061;229494;80704;30.4;10.7
56;2021-05-04;4378;3899;233872;84603;31.0;11.2
56;2021-05-05;3522;3864;237394;88467;31.4;11.7
56;2021-05-06;4380;5420;241774;93887;32.0;12.4
56;2021-05-07;4264;5009;246038;98896;32.6;13.1
56;2021-05-08;1639;312;247677;99208;32.8;13.1
56;2021-05-09;494;221;248171;99429;32.8;13.2
56;2021-05-10;3746;3806;251917;103235;33.3;13.7
56;2021-05-11;4157;5043;256074;108278;33.9;14.3
56;2021-05-12;4334;4771;260408;113049;34.5;15.0
56;2021-05-13;2392;1004;262800;114053;34.8;15.1
56;2021-05-14;4219;4354;267019;118407;35.3;15.7
56;2021-05-15;2481;1892;269500;120299;35.7;15.9
56;2021-05-16;234;488;269734;120787;35.7;16.0
56;2021-05-17;2509;3661;272243;124448;36.0;16.5
56;2021-05-18;3513;4074;275756;128522;36.5;17.0
56;2021-05-19;3526;3388;279282;131910;37.0;17.5
56;2021-05-20;3794;4804;283076;136714;37.5;18.1
56;2021-05-21;3740;5221;286816;141935;38.0;18.8
56;2021-05-22;1697;2209;288513;144144;38.2;19.1
56;2021-05-23;283;197;288796;144341;38.2;19.1
56;2021-05-24;2056;499;290852;144840;38.5;19.2
56;2021-05-25;3129;4460;293981;149300;38.9;19.8
56;2021-05-26;3727;3900;297708;153200;39.4;20.3
56;2021-05-27;4358;4868;302066;158068;40.0;20.9
56;2021-05-28;4630;5960;306696;164028;40.6;21.7
56;2021-05-29;1884;1634;308580;165662;40.8;21.9
56;2021-05-30;317;66;308897;165728;40.9;21.9
56;2021-05-31;4500;3215;313397;168943;41.5;22.4
56;2021-06-01;5660;3383;319057;172326;42.2;22.8
56;2021-06-02;5633;2948;324690;175274;43.0;23.2
56;2021-06-03;6181;3303;330871;178577;43.8;23.6
56;2021-06-04;5803;4411;336674;182988;44.6;24.2
56;2021-06-05;4341;2384;341015;185372;45.1;24.5
56;2021-06-06;495;615;341510;185987;45.2;24.6
56;2021-06-07;5099;3169;346609;189156;45.9;25.0
56;2021-06-08;6035;3374;352644;192530;46.7;25.5
56;2021-06-09;6426;2811;359070;195341;47.5;25.9
56;2021-06-10;7428;2865;366498;198206;48.5;26.2
56;2021-06-11;6741;3867;373239;202073;49.4;26.7
56;2021-06-12;5084;2066;378323;204139;50.1;27.0
56;2021-06-13;1963;437;380286;204576;50.3;27.1
56;2021-06-14;3303;4590;383589;209166;50.8;27.7
56;2021-06-15;4188;4897;387777;214063;51.3;28.3
56;2021-06-16;4467;4503;392244;218566;51.9;28.9
56;2021-06-17;4242;4751;396486;223317;52.5;29.6
56;2021-06-18;4503;5967;400989;229284;53.1;30.3
56;2021-06-19;3826;2143;404815;231427;53.6;30.6
56;2021-06-20;1490;337;406305;231764;53.8;30.7
56;2021-06-21;3288;4467;409593;236231;54.2;31.3
56;2021-06-22;3456;5447;413049;241678;54.7;32.0
56;2021-06-23;3729;5066;416778;246744;55.2;32.7
56;2021-06-24;3454;5327;420232;252071;55.6;33.4
56;2021-06-25;3857;6274;424089;258345;56.1;34.2
56;2021-06-26;3174;2915;427263;261260;56.5;34.6
56;2021-06-27;298;163;427561;261423;56.6;34.6
56;2021-06-28;1552;3982;429113;265405;56.8;35.1
56;2021-06-29;2363;5741;431476;271146;57.1;35.9
56;2021-06-30;2463;5567;433939;276713;57.4;36.6
56;2021-07-01;2692;4954;436631;281667;57.8;37.3
56;2021-07-02;2632;6214;439263;287881;58.1;38.1
56;2021-07-03;2182;2683;441445;290564;58.4;38.5
56;2021-07-04;768;808;442213;291372;58.5;38.6
56;2021-07-05;1849;5452;444062;296824;58.8;39.3
56;2021-07-06;2164;5948;446226;302772;59.1;40.1
56;2021-07-07;2825;5644;449051;308416;59.4;40.8
56;2021-07-08;3052;6041;452103;314457;59.8;41.6
56;2021-07-09;2209;7106;454312;321563;60.1;42.6
56;2021-07-10;1123;3002;455435;324565;60.3;43.0
56;2021-07-11;254;343;455689;324908;60.3;43.0
56;2021-07-12;2164;6602;457853;331510;60.6;43.9
56;2021-07-13;3222;7466;461075;338976;61.0;44.9
56;2021-07-14;1767;2578;462842;341554;61.3;45.2
56;2021-07-15;3799;7060;466641;348614;61.8;46.1
56;2021-07-16;4037;8076;470678;356690;62.3;47.2
56;2021-07-17;2281;3517;472959;360207;62.6;47.7
56;2021-07-18;252;477;473211;360684;62.6;47.7
56;2021-07-19;2775;6340;475986;367024;63.0;48.6
57;2020-12-27;0;0;0;0;0.0;0.0
57;2020-12-28;0;0;0;0;0.0;0.0
57;2020-12-29;1;0;1;0;0.0;0.0
57;2020-12-30;1;0;2;0;0.0;0.0
57;2020-12-31;0;0;2;0;0.0;0.0
57;2021-01-01;0;0;2;0;0.0;0.0
57;2021-01-02;2;0;4;0;0.0;0.0
57;2021-01-03;0;0;4;0;0.0;0.0
57;2021-01-04;15;0;19;0;0.0;0.0
57;2021-01-05;198;0;217;0;0.0;0.0
57;2021-01-06;225;1;442;1;0.0;0.0
57;2021-01-07;583;1;1025;2;0.1;0.0
57;2021-01-08;508;2;1533;4;0.1;0.0
57;2021-01-09;196;0;1729;4;0.2;0.0
57;2021-01-10;105;0;1834;4;0.2;0.0
57;2021-01-11;469;1;2303;5;0.2;0.0
57;2021-01-12;613;4;2916;9;0.3;0.0
57;2021-01-13;695;3;3611;12;0.3;0.0
57;2021-01-14;706;6;4317;18;0.4;0.0
57;2021-01-15;632;2;4949;20;0.5;0.0
57;2021-01-16;450;1;5399;21;0.5;0.0
57;2021-01-17;491;1;5890;22;0.6;0.0
57;2021-01-18;2702;15;8592;37;0.8;0.0
57;2021-01-19;2557;8;11149;45;1.1;0.0
57;2021-01-20;2755;10;13904;55;1.3;0.0
57;2021-01-21;1759;6;15663;61;1.5;0.0
57;2021-01-22;1317;6;16980;67;1.6;0.0
57;2021-01-23;542;15;17522;82;1.7;0.0
57;2021-01-24;0;0;17522;82;1.7;0.0
57;2021-01-25;869;183;18391;265;1.8;0.0
57;2021-01-26;1109;216;19500;481;1.9;0.0
57;2021-01-27;1063;184;20563;665;2.0;0.1
57;2021-01-28;1040;298;21603;963;2.1;0.1
57;2021-01-29;981;397;22584;1360;2.2;0.1
57;2021-01-30;440;95;23024;1455;2.2;0.1
57;2021-01-31;10;27;23034;1482;2.2;0.1
57;2021-02-01;823;354;23857;1836;2.3;0.2
57;2021-02-02;986;366;24843;2202;2.4;0.2
57;2021-02-03;986;320;25829;2522;2.5;0.2
57;2021-02-04;1138;808;26967;3330;2.6;0.3
57;2021-02-05;927;357;27894;3687;2.7;0.4
57;2021-02-06;480;350;28374;4037;2.7;0.4
57;2021-02-07;103;334;28477;4371;2.7;0.4
57;2021-02-08;1253;1558;29730;5929;2.9;0.6
57;2021-02-09;1763;1671;31493;7600;3.0;0.7
57;2021-02-10;1707;2064;33200;9664;3.2;0.9
57;2021-02-11;1480;1330;34680;10994;3.3;1.1
57;2021-02-12;1225;673;35905;11667;3.5;1.1
57;2021-02-13;1149;176;37054;11843;3.6;1.1
57;2021-02-14;1211;24;38265;11867;3.7;1.1
57;2021-02-15;765;863;39030;12730;3.8;1.2
57;2021-02-16;1070;796;40100;13526;3.9;1.3
57;2021-02-17;1006;962;41106;14488;4.0;1.4
57;2021-02-18;972;1156;42078;15644;4.1;1.5
57;2021-02-19;952;936;43030;16580;4.2;1.6
57;2021-02-20;1174;610;44204;17190;4.3;1.7
57;2021-02-21;322;11;44526;17201;4.3;1.7
57;2021-02-22;1229;910;45755;18111;4.4;1.7
57;2021-02-23;2235;1086;47990;19197;4.6;1.9
57;2021-02-24;2265;987;50255;20184;4.9;1.9
57;2021-02-25;3290;1107;53545;21291;5.2;2.1
57;2021-02-26;3571;954;57116;22245;5.5;2.1
57;2021-02-27;3687;523;60803;22768;5.9;2.2
57;2021-02-28;1895;52;62698;22820;6.1;2.2
57;2021-03-01;2047;1328;64745;24148;6.3;2.3
57;2021-03-02;2843;1612;67588;25760;6.5;2.5
57;2021-03-03;2800;1596;70388;27356;6.8;2.6
57;2021-03-04;3264;1288;73652;28644;7.1;2.8
57;2021-03-05;4442;1219;78094;29863;7.5;2.9
57;2021-03-06;7214;757;85308;30620;8.2;3.0
57;2021-03-07;6067;259;91375;30879;8.8;3.0
57;2021-03-08;2297;992;93672;31871;9.0;3.1
57;2021-03-09;3379;1289;97051;33160;9.4;3.2
57;2021-03-10;3570;941;100621;34101;9.7;3.3
57;2021-03-11;4027;1218;104648;35319;10.1;3.4
57;2021-03-12;5101;1181;109749;36500;10.6;3.5
57;2021-03-13;6278;949;116027;37449;11.2;3.6
57;2021-03-14;2413;404;118440;37853;11.4;3.7
57;2021-03-15;2957;861;121397;38714;11.7;3.7
57;2021-03-16;3061;1251;124458;39965;12.0;3.9
57;2021-03-17;3045;1128;127503;41093;12.3;4.0
57;2021-03-18;3399;1063;130902;42156;12.6;4.1
57;2021-03-19;4600;1002;135502;43158;13.1;4.2
57;2021-03-20;4691;1005;140193;44163;13.5;4.3
57;2021-03-21;1891;250;142084;44413;13.7;4.3
57;2021-03-22;2475;1463;144559;45876;14.0;4.4
57;2021-03-23;3429;2323;147988;48199;14.3;4.7
57;2021-03-24;3886;2133;151874;50332;14.7;4.9
57;2021-03-25;4734;2566;156608;52898;15.1;5.1
57;2021-03-26;4829;2234;161437;55132;15.6;5.3
57;2021-03-27;3706;3139;165143;58271;15.9;5.6
57;2021-03-28;1398;1845;166541;60116;16.1;5.8
57;2021-03-29;1935;2167;168476;62283;16.3;6.0
57;2021-03-30;3295;2480;171771;64763;16.6;6.3
57;2021-03-31;2816;2300;174587;67063;16.9;6.5
57;2021-04-01;3215;3161;177802;70224;17.2;6.8
57;2021-04-02;2389;2567;180191;72791;17.4;7.0
57;2021-04-03;2568;2658;182759;75449;17.6;7.3
57;2021-04-04;590;974;183349;76423;17.7;7.4
57;2021-04-05;1919;661;185268;77084;17.9;7.4
57;2021-04-06;2446;2823;187714;79907;18.1;7.7
57;2021-04-07;3806;3041;191520;82948;18.5;8.0
57;2021-04-08;5585;2843;197105;85791;19.0;8.3
57;2021-04-09;4996;2697;202101;88488;19.5;8.5
57;2021-04-10;2351;3625;204452;92113;19.7;8.9
57;2021-04-11;1097;1882;205549;93995;19.8;9.1
57;2021-04-12;1782;2750;207331;96745;20.0;9.3
57;2021-04-13;1972;3020;209303;99765;20.2;9.6
57;2021-04-14;1916;2981;211219;102746;20.4;9.9
57;2021-04-15;2357;3425;213576;106171;20.6;10.2
57;2021-04-16;2701;3282;216277;109453;20.9;10.6
57;2021-04-17;2471;3179;218748;112632;21.1;10.9
57;2021-04-18;1244;1772;219992;114404;21.2;11.0
57;2021-04-19;2133;2256;222125;116660;21.4;11.3
57;2021-04-20;2510;2778;224635;119438;21.7;11.5
57;2021-04-21;2561;2367;227196;121805;21.9;11.8
57;2021-04-22;3202;2243;230398;124048;22.2;12.0
57;2021-04-23;4048;2560;234446;126608;22.6;12.2
57;2021-04-24;3391;2548;237837;129156;23.0;12.5
57;2021-04-25;754;1126;238591;130282;23.0;12.6
57;2021-04-26;2967;1988;241558;132270;23.3;12.8
57;2021-04-27;3893;2366;245451;134636;23.7;13.0
57;2021-04-28;4202;2578;249653;137214;24.1;13.2
57;2021-04-29;5244;3424;254897;140638;24.6;13.6
57;2021-04-30;4717;3533;259614;144171;25.1;13.9
57;2021-05-01;2350;1683;261964;145854;25.3;14.1
57;2021-05-02;789;911;262753;146765;25.4;14.2
57;2021-05-03;3560;2986;266313;149751;25.7;14.5
57;2021-05-04;4865;3165;271178;152916;26.2;14.8
57;2021-05-05;6116;3159;277294;156075;26.8;15.1
57;2021-05-06;5979;3285;283273;159360;27.3;15.4
57;2021-05-07;6851;3437;290124;162797;28.0;15.7
57;2021-05-08;4049;1603;294173;164400;28.4;15.9
57;2021-05-09;2046;1107;296219;165507;28.6;16.0
57;2021-05-10;5123;3064;301342;168571;29.1;16.3
57;2021-05-11;7439;2847;308781;171418;29.8;16.5
57;2021-05-12;7829;3238;316610;174656;30.6;16.9
57;2021-05-13;4508;910;321118;175566;31.0;16.9
57;2021-05-14;7831;2630;328949;178196;31.8;17.2
57;2021-05-15;5956;2038;334905;180234;32.3;17.4
57;2021-05-16;3308;579;338213;180813;32.7;17.5
57;2021-05-17;3856;2065;342069;182878;33.0;17.7
57;2021-05-18;6287;2094;348356;184972;33.6;17.9
57;2021-05-19;7013;2321;355369;187293;34.3;18.1
57;2021-05-20;6043;2175;361412;189468;34.9;18.3
57;2021-05-21;7557;2907;368969;192375;35.6;18.6
57;2021-05-22;4888;2152;373857;194527;36.1;18.8
57;2021-05-23;1964;428;375821;194955;36.3;18.8
57;2021-05-24;3027;1068;378848;196023;36.6;18.9
57;2021-05-25;5574;2799;384422;198822;37.1;19.2
57;2021-05-26;6366;3168;390788;201990;37.7;19.5
57;2021-05-27;5782;3118;396570;205108;38.3;19.8
57;2021-05-28;7024;4744;403594;209852;39.0;20.3
57;2021-05-29;5222;4251;408816;214103;39.5;20.7
57;2021-05-30;1969;1742;410785;215845;39.7;20.8
57;2021-05-31;4314;3337;415099;219182;40.1;21.2
57;2021-06-01;5921;3703;421020;222885;40.6;21.5
57;2021-06-02;6329;3893;427349;226778;41.3;21.9
57;2021-06-03;6205;3694;433554;230472;41.9;22.2
57;2021-06-04;7555;4971;441109;235443;42.6;22.7
57;2021-06-05;4756;4021;445865;239464;43.0;23.1
57;2021-06-06;1991;887;447856;240351;43.2;23.2
57;2021-06-07;4309;4033;452165;244384;43.7;23.6
57;2021-06-08;6667;4304;458832;248688;44.3;24.0
57;2021-06-09;6842;4146;465674;252834;45.0;24.4
57;2021-06-10;6153;4579;471827;257413;45.5;24.9
57;2021-06-11;5323;5341;477150;262754;46.1;25.4
57;2021-06-12;5703;4442;482853;267196;46.6;25.8
57;2021-06-13;1477;1134;484330;268330;46.8;25.9
57;2021-06-14;3346;4706;487676;273036;47.1;26.4
57;2021-06-15;3777;6011;491453;279047;47.4;26.9
57;2021-06-16;4358;6591;495811;285638;47.9;27.6
57;2021-06-17;4175;6074;499986;291712;48.3;28.2
57;2021-06-18;4252;7300;504238;299012;48.7;28.9
57;2021-06-19;4113;6276;508351;305288;49.1;29.5
57;2021-06-20;955;1668;509306;306956;49.2;29.6
57;2021-06-21;2049;5981;511355;312937;49.4;30.2
57;2021-06-22;2620;8003;513975;320940;49.6;31.0
57;2021-06-23;3043;8392;517018;329332;49.9;31.8
57;2021-06-24;2427;5291;519445;334623;50.1;32.3
57;2021-06-25;2830;7823;522275;342446;50.4;33.1
57;2021-06-26;2837;7276;525112;349722;50.7;33.8
57;2021-06-27;741;2981;525853;352703;50.8;34.0
57;2021-06-28;1572;5082;527425;357785;50.9;34.5
57;2021-06-29;2033;6827;529458;364612;51.1;35.2
57;2021-06-30;3008;7309;532466;371921;51.4;35.9
57;2021-07-01;2635;5947;535101;377868;51.7;36.5
57;2021-07-02;2622;8073;537723;385941;51.9;37.3
57;2021-07-03;3197;6523;540920;392464;52.2;37.9
57;2021-07-04;931;2461;541851;394925;52.3;38.1
57;2021-07-05;1657;4603;543508;399528;52.5;38.6
57;2021-07-06;2381;6466;545889;405994;52.7;39.2
57;2021-07-07;2697;7072;548586;413066;53.0;39.9
57;2021-07-08;2449;5863;551035;418929;53.2;40.4
57;2021-07-09;3400;8394;554435;427323;53.5;41.3
57;2021-07-10;3075;6918;557510;434241;53.8;41.9
57;2021-07-11;841;2225;558351;436466;53.9;42.1
57;2021-07-12;2379;6397;560730;442863;54.1;42.8
57;2021-07-13;4368;7478;565098;450341;54.6;43.5
57;2021-07-14;2806;3837;567904;454178;54.8;43.8
57;2021-07-15;3913;7748;571817;461926;55.2;44.6
57;2021-07-16;5578;9785;577395;471711;55.7;45.5
57;2021-07-17;5785;7242;583180;478953;56.3;46.2
57;2021-07-18;1477;2645;584657;481598;56.4;46.5
57;2021-07-19;2335;6185;586992;487783;56.7;47.1
58;2020-12-27;0;0;0;0;0.0;0.0
58;2020-12-28;0;0;0;0;0.0;0.0
58;2020-12-29;0;0;0;0;0.0;0.0
58;2020-12-30;0;0;0;0;0.0;0.0
58;2020-12-31;0;0;0;0;0.0;0.0
58;2021-01-01;0;0;0;0;0.0;0.0
58;2021-01-02;0;0;0;0;0.0;0.0
58;2021-01-03;1;0;1;0;0.0;0.0
58;2021-01-04;0;0;1;0;0.0;0.0
58;2021-01-05;0;0;1;0;0.0;0.0
58;2021-01-06;145;0;146;0;0.1;0.0
58;2021-01-07;241;0;387;0;0.2;0.0
58;2021-01-08;63;0;450;0;0.2;0.0
58;2021-01-09;1;0;451;0;0.2;0.0
58;2021-01-10;0;0;451;0;0.2;0.0
58;2021-01-11;54;0;505;0;0.3;0.0
58;2021-01-12;255;0;760;0;0.4;0.0
58;2021-01-13;393;0;1153;0;0.6;0.0
58;2021-01-14;291;1;1444;1;0.7;0.0
58;2021-01-15;141;0;1585;1;0.8;0.0
58;2021-01-16;10;1;1595;2;0.8;0.0
58;2021-01-17;0;0;1595;2;0.8;0.0
58;2021-01-18;413;1;2008;3;1.0;0.0
58;2021-01-19;985;2;2993;5;1.5;0.0
58;2021-01-20;1203;1;4196;6;2.1;0.0
58;2021-01-21;960;4;5156;10;2.6;0.0
58;2021-01-22;769;2;5925;12;3.0;0.0
58;2021-01-23;251;0;6176;12;3.1;0.0
58;2021-01-24;2;0;6178;12;3.1;0.0
58;2021-01-25;438;0;6616;12;3.3;0.0
58;2021-01-26;648;3;7264;15;3.6;0.0
58;2021-01-27;604;43;7868;58;3.9;0.0
58;2021-01-28;755;66;8623;124;4.3;0.1
58;2021-01-29;837;7;9460;131;4.7;0.1
58;2021-01-30;281;0;9741;131;4.9;0.1
58;2021-01-31;10;0;9751;131;4.9;0.1
58;2021-02-01;201;71;9952;202;5.0;0.1
58;2021-02-02;565;85;10517;287;5.3;0.1
58;2021-02-03;278;149;10795;436;5.4;0.2
58;2021-02-04;285;94;11080;530;5.6;0.3
58;2021-02-05;184;94;11264;624;5.6;0.3
58;2021-02-06;89;0;11353;624;5.7;0.3
58;2021-02-07;0;0;11353;624;5.7;0.3
58;2021-02-08;306;74;11659;698;5.8;0.3
58;2021-02-09;503;315;12162;1013;6.1;0.5
58;2021-02-10;349;381;12511;1394;6.3;0.7
58;2021-02-11;287;383;12798;1777;6.4;0.9
58;2021-02-12;242;201;13040;1978;6.5;1.0
58;2021-02-13;83;29;13123;2007;6.6;1.0
58;2021-02-14;0;3;13123;2010;6.6;1.0
58;2021-02-15;114;535;13237;2545;6.6;1.3
58;2021-02-16;208;941;13445;3486;6.7;1.7
58;2021-02-17;217;768;13662;4254;6.8;2.1
58;2021-02-18;187;791;13849;5045;6.9;2.5
58;2021-02-19;241;725;14090;5770;7.1;2.9
58;2021-02-20;62;230;14152;6000;7.1;3.0
58;2021-02-21;0;30;14152;6030;7.1;3.0
58;2021-02-22;76;406;14228;6436;7.1;3.2
58;2021-02-23;48;624;14276;7060;7.2;3.5
58;2021-02-24;39;635;14315;7695;7.2;3.9
58;2021-02-25;252;703;14567;8398;7.3;4.2
58;2021-02-26;245;623;14812;9021;7.4;4.5
58;2021-02-27;104;189;14916;9210;7.5;4.6
58;2021-02-28;11;8;14927;9218;7.5;4.6
58;2021-03-01;145;246;15072;9464;7.6;4.7
58;2021-03-02;415;641;15487;10105;7.8;5.1
58;2021-03-03;511;289;15998;10394;8.0;5.2
58;2021-03-04;722;266;16720;10660;8.4;5.3
58;2021-03-05;864;198;17584;10858;8.8;5.4
58;2021-03-06;574;82;18158;10940;9.1;5.5
58;2021-03-07;63;11;18221;10951;9.1;5.5
58;2021-03-08;151;300;18372;11251;9.2;5.6
58;2021-03-09;540;543;18912;11794;9.5;5.9
58;2021-03-10;836;239;19748;12033;9.9;6.0
58;2021-03-11;856;271;20604;12304;10.3;6.2
58;2021-03-12;860;196;21464;12500;10.8;6.3
58;2021-03-13;506;67;21970;12567;11.0;6.3
58;2021-03-14;34;0;22004;12567;11.0;6.3
58;2021-03-15;528;106;22532;12673;11.3;6.3
58;2021-03-16;726;221;23258;12894;11.7;6.5
58;2021-03-17;756;191;24014;13085;12.0;6.6
58;2021-03-18;581;175;24595;13260;12.3;6.6
58;2021-03-19;525;100;25120;13360;12.6;6.7
58;2021-03-20;322;63;25442;13423;12.7;6.7
58;2021-03-21;15;0;25457;13423;12.8;6.7
58;2021-03-22;793;20;26250;13443;13.2;6.7
58;2021-03-23;1637;38;27887;13481;14.0;6.8
58;2021-03-24;1354;67;29241;13548;14.7;6.8
58;2021-03-25;1790;39;31031;13587;15.5;6.8
58;2021-03-26;1412;47;32443;13634;16.3;6.8
58;2021-03-27;358;5;32801;13639;16.4;6.8
58;2021-03-28;19;0;32820;13639;16.4;6.8
58;2021-03-29;639;151;33459;13790;16.8;6.9
58;2021-03-30;1179;244;34638;14034;17.4;7.0
58;2021-03-31;1116;392;35754;14426;17.9;7.2
58;2021-04-01;1537;396;37291;14822;18.7;7.4
58;2021-04-02;1456;357;38747;15179;19.4;7.6
58;2021-04-03;566;148;39313;15327;19.7;7.7
58;2021-04-04;0;0;39313;15327;19.7;7.7
58;2021-04-05;46;0;39359;15327;19.7;7.7
58;2021-04-06;818;342;40177;15669;20.1;7.9
58;2021-04-07;695;549;40872;16218;20.5;8.1
58;2021-04-08;1492;415;42364;16633;21.2;8.3
58;2021-04-09;1773;481;44137;17114;22.1;8.6
58;2021-04-10;653;201;44790;17315;22.4;8.7
58;2021-04-11;17;3;44807;17318;22.4;8.7
58;2021-04-12;1116;501;45923;17819;23.0;8.9
58;2021-04-13;1436;616;47359;18435;23.7;9.2
58;2021-04-14;1337;667;48696;19102;24.4;9.6
58;2021-04-15;1428;596;50124;19698;25.1;9.9
58;2021-04-16;1733;503;51857;20201;26.0;10.1
58;2021-04-17;721;232;52578;20433;26.3;10.2
58;2021-04-18;20;7;52598;20440;26.4;10.2
58;2021-04-19;533;606;53131;21046;26.6;10.5
58;2021-04-20;487;1119;53618;22165;26.9;11.1
58;2021-04-21;625;970;54243;23135;27.2;11.6
58;2021-04-22;765;1522;55008;24657;27.6;12.4
58;2021-04-23;918;783;55926;25440;28.0;12.7
58;2021-04-24;210;204;56136;25644;28.1;12.8
58;2021-04-25;108;9;56244;25653;28.2;12.9
58;2021-04-26;762;245;57006;25898;28.6;13.0
58;2021-04-27;1497;1106;58503;27004;29.3;13.5
58;2021-04-28;1534;1046;60037;28050;30.1;14.1
58;2021-04-29;1441;1036;61478;29086;30.8;14.6
58;2021-04-30;1257;937;62735;30023;31.4;15.0
58;2021-05-01;6;17;62741;30040;31.4;15.1
58;2021-05-02;4;2;62745;30042;31.4;15.1
58;2021-05-03;1044;395;63789;30437;32.0;15.2
58;2021-05-04;1078;1344;64867;31781;32.5;15.9
58;2021-05-05;952;1091;65819;32872;33.0;16.5
58;2021-05-06;1358;1055;67177;33927;33.7;17.0
58;2021-05-07;1110;1086;68287;35013;34.2;17.5
58;2021-05-08;59;60;68346;35073;34.2;17.6
58;2021-05-09;5;19;68351;35092;34.2;17.6
58;2021-05-10;874;984;69225;36076;34.7;18.1
58;2021-05-11;1188;1976;70413;38052;35.3;19.1
58;2021-05-12;1663;1549;72076;39601;36.1;19.8
58;2021-05-13;49;179;72125;39780;36.1;19.9
58;2021-05-14;2307;903;74432;40683;37.3;20.4
58;2021-05-15;1725;451;76157;41134;38.2;20.6
58;2021-05-16;118;29;76275;41163;38.2;20.6
58;2021-05-17;792;605;77067;41768;38.6;20.9
58;2021-05-18;1331;1184;78398;42952;39.3;21.5
58;2021-05-19;1736;539;80134;43491;40.1;21.8
58;2021-05-20;1695;666;81829;44157;41.0;22.1
58;2021-05-21;855;725;82684;44882;41.4;22.5
58;2021-05-22;304;238;82988;45120;41.6;22.6
58;2021-05-23;2;21;82990;45141;41.6;22.6
58;2021-05-24;21;43;83011;45184;41.6;22.6
58;2021-05-25;1385;1151;84396;46335;42.3;23.2
58;2021-05-26;843;839;85239;47174;42.7;23.6
58;2021-05-27;749;942;85988;48116;43.1;24.1
58;2021-05-28;430;912;86418;49028;43.3;24.6
58;2021-05-29;150;211;86568;49239;43.4;24.7
58;2021-05-30;20;19;86588;49258;43.4;24.7
58;2021-05-31;757;397;87345;49655;43.8;24.9
58;2021-06-01;1355;1658;88700;51313;44.4;25.7
58;2021-06-02;1461;1041;90161;52354;45.2;26.2
58;2021-06-03;1023;957;91184;53311;45.7;26.7
58;2021-06-04;844;913;92028;54224;46.1;27.2
58;2021-06-05;272;262;92300;54486;46.2;27.3
58;2021-06-06;24;50;92324;54536;46.3;27.3
58;2021-06-07;712;787;93036;55323;46.6;27.7
58;2021-06-08;1320;1752;94356;57075;47.3;28.6
58;2021-06-09;1393;1000;95749;58075;48.0;29.1
58;2021-06-10;1103;983;96852;59058;48.5;29.6
58;2021-06-11;1027;906;97879;59964;49.0;30.0
58;2021-06-12;1051;415;98930;60379;49.6;30.3
58;2021-06-13;35;33;98965;60412;49.6;30.3
58;2021-06-14;515;1016;99480;61428;49.8;30.8
58;2021-06-15;1587;1755;101067;63183;50.6;31.7
58;2021-06-16;1795;990;102862;64173;51.5;32.2
58;2021-06-17;2015;1112;104877;65285;52.5;32.7
58;2021-06-18;982;1062;105859;66347;53.0;33.2
58;2021-06-19;578;315;106437;66662;53.3;33.4
58;2021-06-20;8;2;106445;66664;53.3;33.4
58;2021-06-21;472;551;106917;67215;53.6;33.7
58;2021-06-22;1026;1970;107943;69185;54.1;34.7
58;2021-06-23;1473;1511;109416;70696;54.8;35.4
58;2021-06-24;727;1027;110143;71723;55.2;35.9
58;2021-06-25;817;1717;110960;73440;55.6;36.8
58;2021-06-26;550;1234;111510;74674;55.9;37.4
58;2021-06-27;17;26;111527;74700;55.9;37.4
58;2021-06-28;459;990;111986;75690;56.1;37.9
58;2021-06-29;617;2169;112603;77859;56.4;39.0
58;2021-06-30;992;1639;113595;79498;56.9;39.8
58;2021-07-01;752;1671;114347;81169;57.3;40.7
58;2021-07-02;449;850;114796;82019;57.5;41.1
58;2021-07-03;248;510;115044;82529;57.6;41.3
58;2021-07-04;12;30;115056;82559;57.6;41.4
58;2021-07-05;508;770;115564;83329;57.9;41.7
58;2021-07-06;683;2122;116247;85451;58.2;42.8
58;2021-07-07;377;958;116624;86409;58.4;43.3
58;2021-07-08;394;1019;117018;87428;58.6;43.8
58;2021-07-09;707;1417;117725;88845;59.0;44.5
58;2021-07-10;259;410;117984;89255;59.1;44.7
58;2021-07-11;175;49;118159;89304;59.2;44.7
58;2021-07-12;197;968;118356;90272;59.3;45.2
58;2021-07-13;927;2503;119283;92775;59.8;46.5
58;2021-07-14;26;61;119309;92836;59.8;46.5
58;2021-07-15;1124;1935;120433;94771;60.3;47.5
58;2021-07-16;1388;1439;121821;96210;61.0;48.2
58;2021-07-17;459;285;122280;96495;61.3;48.3
58;2021-07-18;101;21;122381;96516;61.3;48.4
58;2021-07-19;1606;976;123987;97492;62.1;48.8
59;2020-12-27;0;0;0;0;0.0;0.0
59;2020-12-28;26;0;26;0;0.0;0.0
59;2020-12-29;0;0;26;0;0.0;0.0
59;2020-12-30;0;0;26;0;0.0;0.0
59;2020-12-31;0;0;26;0;0.0;0.0
59;2021-01-01;1;0;27;0;0.0;0.0
59;2021-01-02;1;0;28;0;0.0;0.0
59;2021-01-03;2;0;30;0;0.0;0.0
59;2021-01-04;79;0;109;0;0.0;0.0
59;2021-01-05;217;0;326;0;0.0;0.0
59;2021-01-06;426;2;752;2;0.0;0.0
59;2021-01-07;1307;0;2059;2;0.1;0.0
59;2021-01-08;1261;2;3320;4;0.1;0.0
59;2021-01-09;609;2;3929;6;0.2;0.0
59;2021-01-10;427;0;4356;6;0.2;0.0
59;2021-01-11;1837;4;6193;10;0.2;0.0
59;2021-01-12;2466;2;8659;12;0.3;0.0
59;2021-01-13;2355;3;11014;15;0.4;0.0
59;2021-01-14;2740;20;13754;35;0.5;0.0
59;2021-01-15;2271;16;16025;51;0.6;0.0
59;2021-01-16;770;1;16795;52;0.6;0.0
59;2021-01-17;558;1;17353;53;0.7;0.0
59;2021-01-18;3505;12;20858;65;0.8;0.0
59;2021-01-19;4742;7;25600;72;1.0;0.0
59;2021-01-20;4128;9;29728;81;1.1;0.0
59;2021-01-21;4711;34;34439;115;1.3;0.0
59;2021-01-22;4006;9;38445;124;1.5;0.0
59;2021-01-23;1210;2;39655;126;1.5;0.0
59;2021-01-24;168;0;39823;126;1.5;0.0
59;2021-01-25;2725;58;42548;184;1.6;0.0
59;2021-01-26;2792;136;45340;320;1.8;0.0
59;2021-01-27;1735;307;47075;627;1.8;0.0
59;2021-01-28;3392;764;50467;1391;1.9;0.1
59;2021-01-29;2541;790;53008;2181;2.0;0.1
59;2021-01-30;287;179;53295;2360;2.1;0.1
59;2021-01-31;24;0;53319;2360;2.1;0.1
59;2021-02-01;73;865;53392;3225;2.1;0.1
59;2021-02-02;648;1432;54040;4657;2.1;0.2
59;2021-02-03;3722;1438;57762;6095;2.2;0.2
59;2021-02-04;2942;1743;60704;7838;2.3;0.3
59;2021-02-05;1048;1411;61752;9249;2.4;0.4
59;2021-02-06;202;355;61954;9604;2.4;0.4
59;2021-02-07;266;49;62220;9653;2.4;0.4
59;2021-02-08;681;1629;62901;11282;2.4;0.4
59;2021-02-09;1004;1856;63905;13138;2.5;0.5
59;2021-02-10;969;1637;64874;14775;2.5;0.6
59;2021-02-11;1338;1814;66212;16589;2.6;0.6
59;2021-02-12;1399;1634;67611;18223;2.6;0.7
59;2021-02-13;207;750;67818;18973;2.6;0.7
59;2021-02-14;13;42;67831;19015;2.6;0.7
59;2021-02-15;1389;3128;69220;22143;2.7;0.9
59;2021-02-16;1431;3780;70651;25923;2.7;1.0
59;2021-02-17;1620;3834;72271;29757;2.8;1.1
59;2021-02-18;3089;5194;75360;34951;2.9;1.3
59;2021-02-19;3203;3609;78563;38560;3.0;1.5
59;2021-02-20;1409;1589;79972;40149;3.1;1.6
59;2021-02-21;241;261;80213;40410;3.1;1.6
59;2021-02-22;1426;2587;81639;42997;3.2;1.7
59;2021-02-23;2653;2837;84292;45834;3.3;1.8
59;2021-02-24;4094;4032;88386;49866;3.4;1.9
59;2021-02-25;6904;3670;95290;53536;3.7;2.1
59;2021-02-26;6489;1841;101779;55377;3.9;2.1
59;2021-02-27;3090;159;104869;55536;4.1;2.1
59;2021-02-28;205;59;105074;55595;4.1;2.1
59;2021-03-01;3684;648;108758;56243;4.2;2.2
59;2021-03-02;4769;533;113527;56776;4.4;2.2
59;2021-03-03;5712;956;119239;57732;4.6;2.2
59;2021-03-04;7059;930;126298;58662;4.9;2.3
59;2021-03-05;7782;925;134080;59587;5.2;2.3
59;2021-03-06;11536;446;145616;60033;5.6;2.3
59;2021-03-07;7575;302;153191;60335;5.9;2.3
59;2021-03-08;4493;1074;157684;61409;6.1;2.4
59;2021-03-09;6571;1361;164255;62770;6.3;2.4
59;2021-03-10;7014;1121;171269;63891;6.6;2.5
59;2021-03-11;9456;1787;180725;65678;7.0;2.5
59;2021-03-12;12079;1438;192804;67116;7.4;2.6
59;2021-03-13;16537;953;209341;68069;8.1;2.6
59;2021-03-14;6957;282;216298;68351;8.4;2.6
59;2021-03-15;5602;1447;221900;69798;8.6;2.7
59;2021-03-16;3729;1301;225629;71099;8.7;2.7
59;2021-03-17;3844;2068;229473;73167;8.9;2.8
59;2021-03-18;3945;2470;233418;75637;9.0;2.9
59;2021-03-19;7697;1783;241115;77420;9.3;3.0
59;2021-03-20;15989;1165;257104;78585;9.9;3.0
59;2021-03-21;6308;401;263412;78986;10.2;3.1
59;2021-03-22;5437;1743;268849;80729;10.4;3.1
59;2021-03-23;7759;2793;276608;83522;10.7;3.2
59;2021-03-24;6857;2988;283465;86510;10.9;3.3
59;2021-03-25;10515;2469;293980;88979;11.4;3.4
59;2021-03-26;12233;2790;306213;91769;11.8;3.5
59;2021-03-27;15259;1026;321472;92795;12.4;3.6
59;2021-03-28;7968;294;329440;93089;12.7;3.6
59;2021-03-29;5490;3185;334930;96274;12.9;3.7
59;2021-03-30;7530;3694;342460;99968;13.2;3.9
59;2021-03-31;6130;4061;348590;104029;13.5;4.0
59;2021-04-01;7480;4893;356070;108922;13.8;4.2
59;2021-04-02;7623;5469;363693;114391;14.0;4.4
59;2021-04-03;13009;4254;376702;118645;14.6;4.6
59;2021-04-04;5345;2153;382047;120798;14.8;4.7
59;2021-04-05;6006;1515;388053;122313;15.0;4.7
59;2021-04-06;5387;4468;393440;126781;15.2;4.9
59;2021-04-07;7610;5380;401050;132161;15.5;5.1
59;2021-04-08;10370;5665;411420;137826;15.9;5.3
59;2021-04-09;13405;5852;424825;143678;16.4;5.5
59;2021-04-10;11461;6080;436286;149758;16.9;5.8
59;2021-04-11;4631;3555;440917;153313;17.0;5.9
59;2021-04-12;6308;4330;447225;157643;17.3;6.1
59;2021-04-13;8924;4745;456149;162388;17.6;6.3
59;2021-04-14;8788;4293;464937;166681;18.0;6.4
59;2021-04-15;10274;4776;475211;171457;18.4;6.6
59;2021-04-16;10870;5462;486081;176919;18.8;6.8
59;2021-04-17;7288;9043;493369;185962;19.1;7.2
59;2021-04-18;3228;4162;496597;190124;19.2;7.3
59;2021-04-19;5042;4282;501639;194406;19.4;7.5
59;2021-04-20;6877;4191;508516;198597;19.6;7.7
59;2021-04-21;6239;4393;514755;202990;19.9;7.8
59;2021-04-22;8586;5476;523341;208466;20.2;8.1
59;2021-04-23;8433;5634;531774;214100;20.5;8.3
59;2021-04-24;5541;8064;537315;222164;20.8;8.6
59;2021-04-25;3232;6074;540547;228238;20.9;8.8
59;2021-04-26;6481;3776;547028;232014;21.1;9.0
59;2021-04-27;8354;5134;555382;237148;21.5;9.2
59;2021-04-28;8753;6531;564135;243679;21.8;9.4
59;2021-04-29;9383;8479;573518;252158;22.2;9.7
59;2021-04-30;10575;8492;584093;260650;22.6;10.1
59;2021-05-01;11985;7551;596078;268201;23.0;10.4
59;2021-05-02;8639;5975;604717;274176;23.4;10.6
59;2021-05-03;9553;5048;614270;279224;23.7;10.8
59;2021-05-04;11421;5996;625691;285220;24.2;11.0
59;2021-05-05;10289;6191;635980;291411;24.6;11.3
59;2021-05-06;11189;8419;647169;299830;25.0;11.6
59;2021-05-07;13285;9516;660454;309346;25.5;11.9
59;2021-05-08;14709;4119;675163;313465;26.1;12.1
59;2021-05-09;11491;3312;686654;316777;26.5;12.2
59;2021-05-10;12715;6594;699369;323371;27.0;12.5
59;2021-05-11;15103;8311;714472;331682;27.6;12.8
59;2021-05-12;16613;8598;731085;340280;28.2;13.1
59;2021-05-13;18432;3424;749517;343704;29.0;13.3
59;2021-05-14;15771;6936;765288;350640;29.6;13.5
59;2021-05-15;23430;5282;788718;355922;30.5;13.7
59;2021-05-16;21178;2389;809896;358311;31.3;13.8
59;2021-05-17;15067;5254;824963;363565;31.9;14.0
59;2021-05-18;16908;5640;841871;369205;32.5;14.3
59;2021-05-19;18305;5075;860176;374280;33.2;14.5
59;2021-05-20;17912;6992;878088;381272;33.9;14.7
59;2021-05-21;18361;8257;896449;389529;34.6;15.0
59;2021-05-22;23802;5665;920251;395194;35.5;15.3
59;2021-05-23;17922;2246;938173;397440;36.2;15.4
59;2021-05-24;16684;2101;954857;399541;36.9;15.4
59;2021-05-25;14981;6658;969838;406199;37.5;15.7
59;2021-05-26;15868;7024;985706;413223;38.1;16.0
59;2021-05-27;16139;9172;1001845;422395;38.7;16.3
59;2021-05-28;15872;11468;1017717;433863;39.3;16.8
59;2021-05-29;14355;8723;1032072;442586;39.9;17.1
59;2021-05-30;8396;1825;1040468;444411;40.2;17.2
59;2021-05-31;14197;7943;1054665;452354;40.7;17.5
59;2021-06-01;15070;10398;1069735;462752;41.3;17.9
59;2021-06-02;14736;9906;1084471;472658;41.9;18.3
59;2021-06-03;15605;12093;1100076;484751;42.5;18.7
59;2021-06-04;15561;13486;1115637;498237;43.1;19.2
59;2021-06-05;14964;9310;1130601;507547;43.7;19.6
59;2021-06-06;8820;3196;1139421;510743;44.0;19.7
59;2021-06-07;10520;9432;1149941;520175;44.4;20.1
59;2021-06-08;11715;11058;1161656;531233;44.9;20.5
59;2021-06-09;10731;11905;1172387;543138;45.3;21.0
59;2021-06-10;11441;12264;1183828;555402;45.7;21.5
59;2021-06-11;10937;15985;1194765;571387;46.1;22.1
59;2021-06-12;11044;13662;1205809;585049;46.6;22.6
59;2021-06-13;6329;7011;1212138;592060;46.8;22.9
59;2021-06-14;6485;12681;1218623;604741;47.1;23.4
59;2021-06-15;8170;15946;1226793;620687;47.4;24.0
59;2021-06-16;9172;13541;1235965;634228;47.7;24.5
59;2021-06-17;9143;15633;1245108;649861;48.1;25.1
59;2021-06-18;9008;20034;1254116;669895;48.4;25.9
59;2021-06-19;8920;17478;1263036;687373;48.8;26.5
59;2021-06-20;4877;10193;1267913;697566;49.0;26.9
59;2021-06-21;5250;16000;1273163;713566;49.2;27.6
59;2021-06-22;6291;18730;1279454;732296;49.4;28.3
59;2021-06-23;6118;19099;1285572;751395;49.7;29.0
59;2021-06-24;7282;20559;1292854;771954;49.9;29.8
59;2021-06-25;6454;21238;1299308;793192;50.2;30.6
59;2021-06-26;6446;23797;1305754;816989;50.4;31.6
59;2021-06-27;4727;17090;1310481;834079;50.6;32.2
59;2021-06-28;4945;19865;1315426;853944;50.8;33.0
59;2021-06-29;5474;20382;1320900;874326;51.0;33.8
59;2021-06-30;6063;20117;1326963;894443;51.3;34.5
59;2021-07-01;6675;20861;1333638;915304;51.5;35.4
59;2021-07-02;6763;23242;1340401;938546;51.8;36.3
59;2021-07-03;5527;24625;1345928;963171;52.0;37.2
59;2021-07-04;4385;15980;1350313;979151;52.2;37.8
59;2021-07-05;5610;17463;1355923;996614;52.4;38.5
59;2021-07-06;6544;18798;1362467;1015412;52.6;39.2
59;2021-07-07;6778;17455;1369245;1032867;52.9;39.9
59;2021-07-08;7958;17692;1377203;1050559;53.2;40.6
59;2021-07-09;7667;20276;1384870;1070835;53.5;41.4
59;2021-07-10;7410;18519;1392280;1089354;53.8;42.1
59;2021-07-11;4435;10220;1396715;1099574;53.9;42.5
59;2021-07-12;5817;18023;1402532;1117597;54.2;43.2
59;2021-07-13;9840;20711;1412372;1138308;54.6;44.0
59;2021-07-14;9753;8409;1422125;1146717;54.9;44.3
59;2021-07-15;11532;20335;1433657;1167052;55.4;45.1
59;2021-07-16;13073;20367;1446730;1187419;55.9;45.9
59;2021-07-17;12243;17338;1458973;1204757;56.4;46.5
59;2021-07-18;7914;8640;1466887;1213397;56.7;46.9
59;2021-07-19;10173;16294;1477060;1229691;57.1;47.5
60;2020-12-27;0;0;0;0;0.0;0.0
60;2020-12-28;0;0;0;0;0.0;0.0
60;2020-12-29;1;0;1;0;0.0;0.0
60;2020-12-30;0;0;1;0;0.0;0.0
60;2020-12-31;0;0;1;0;0.0;0.0
60;2021-01-01;0;0;1;0;0.0;0.0
60;2021-01-02;5;0;6;0;0.0;0.0
60;2021-01-03;1;0;7;0;0.0;0.0
60;2021-01-04;1;0;8;0;0.0;0.0
60;2021-01-05;37;0;45;0;0.0;0.0
60;2021-01-06;188;2;233;2;0.0;0.0
60;2021-01-07;236;2;469;4;0.1;0.0
60;2021-01-08;378;3;847;7;0.1;0.0
60;2021-01-09;3;0;850;7;0.1;0.0
60;2021-01-10;60;0;910;7;0.1;0.0
60;2021-01-11;341;2;1251;9;0.2;0.0
60;2021-01-12;533;2;1784;11;0.2;0.0
60;2021-01-13;474;2;2258;13;0.3;0.0
60;2021-01-14;506;4;2764;17;0.3;0.0
60;2021-01-15;703;6;3467;23;0.4;0.0
60;2021-01-16;124;1;3591;24;0.4;0.0
60;2021-01-17;32;0;3623;24;0.4;0.0
60;2021-01-18;855;2;4478;26;0.5;0.0
60;2021-01-19;1165;9;5643;35;0.7;0.0
60;2021-01-20;1681;6;7324;41;0.9;0.0
60;2021-01-21;2180;4;9504;45;1.2;0.0
60;2021-01-22;1521;13;11025;58;1.3;0.0
60;2021-01-23;498;2;11523;60;1.4;0.0
60;2021-01-24;61;1;11584;61;1.4;0.0
60;2021-01-25;893;10;12477;71;1.5;0.0
60;2021-01-26;944;13;13421;84;1.6;0.0
60;2021-01-27;641;9;14062;93;1.7;0.0
60;2021-01-28;391;169;14453;262;1.8;0.0
60;2021-01-29;72;103;14525;365;1.8;0.0
60;2021-01-30;0;1;14525;366;1.8;0.0
60;2021-01-31;22;61;14547;427;1.8;0.1
60;2021-02-01;38;110;14585;537;1.8;0.1
60;2021-02-02;26;161;14611;698;1.8;0.1
60;2021-02-03;161;237;14772;935;1.8;0.1
60;2021-02-04;169;341;14941;1276;1.8;0.2
60;2021-02-05;313;476;15254;1752;1.8;0.2
60;2021-02-06;62;79;15316;1831;1.9;0.2
60;2021-02-07;31;32;15347;1863;1.9;0.2
60;2021-02-08;326;519;15673;2382;1.9;0.3
60;2021-02-09;315;467;15988;2849;1.9;0.3
60;2021-02-10;549;993;16537;3842;2.0;0.5
60;2021-02-11;934;1134;17471;4976;2.1;0.6
60;2021-02-12;909;860;18380;5836;2.2;0.7
60;2021-02-13;89;308;18469;6144;2.2;0.7
60;2021-02-14;24;92;18493;6236;2.2;0.8
60;2021-02-15;614;818;19107;7054;2.3;0.9
60;2021-02-16;581;951;19688;8005;2.4;1.0
60;2021-02-17;631;931;20319;8936;2.5;1.1
60;2021-02-18;682;828;21001;9764;2.5;1.2
60;2021-02-19;639;760;21640;10524;2.6;1.3
60;2021-02-20;102;189;21742;10713;2.6;1.3
60;2021-02-21;22;121;21764;10834;2.6;1.3
60;2021-02-22;463;875;22227;11709;2.7;1.4
60;2021-02-23;534;786;22761;12495;2.8;1.5
60;2021-02-24;792;542;23553;13037;2.9;1.6
60;2021-02-25;1094;302;24647;13339;3.0;1.6
60;2021-02-26;1295;182;25942;13521;3.1;1.6
60;2021-02-27;666;33;26608;13554;3.2;1.6
60;2021-02-28;7;10;26615;13564;3.2;1.6
60;2021-03-01;894;44;27509;13608;3.3;1.6
60;2021-03-02;1011;153;28520;13761;3.5;1.7
60;2021-03-03;1317;439;29837;14200;3.6;1.7
60;2021-03-04;1720;511;31557;14711;3.8;1.8
60;2021-03-05;1819;282;33376;14993;4.0;1.8
60;2021-03-06;1919;125;35295;15118;4.3;1.8
60;2021-03-07;885;27;36180;15145;4.4;1.8
60;2021-03-08;977;312;37157;15457;4.5;1.9
60;2021-03-09;1637;349;38794;15806;4.7;1.9
60;2021-03-10;1935;410;40729;16216;4.9;2.0
60;2021-03-11;2319;379;43048;16595;5.2;2.0
60;2021-03-12;2589;528;45637;17123;5.5;2.1
60;2021-03-13;3829;186;49466;17309;6.0;2.1
60;2021-03-14;1778;45;51244;17354;6.2;2.1
60;2021-03-15;2091;491;53335;17845;6.5;2.2
60;2021-03-16;1583;619;54918;18464;6.7;2.2
60;2021-03-17;1653;605;56571;19069;6.9;2.3
60;2021-03-18;1757;723;58328;19792;7.1;2.4
60;2021-03-19;2584;510;60912;20302;7.4;2.5
60;2021-03-20;3230;174;64142;20476;7.8;2.5
60;2021-03-21;2121;83;66263;20559;8.0;2.5
60;2021-03-22;2132;702;68395;21261;8.3;2.6
60;2021-03-23;3303;703;71698;21964;8.7;2.7
60;2021-03-24;3066;860;74764;22824;9.1;2.8
60;2021-03-25;3848;828;78612;23652;9.5;2.9
60;2021-03-26;4212;861;82824;24513;10.0;3.0
60;2021-03-27;4141;289;86965;24802;10.5;3.0
60;2021-03-28;2446;65;89411;24867;10.8;3.0
60;2021-03-29;2607;1074;92018;25941;11.2;3.1
60;2021-03-30;3281;1057;95299;26998;11.6;3.3
60;2021-03-31;2666;1128;97965;28126;11.9;3.4
60;2021-04-01;2561;1082;100526;29208;12.2;3.5
60;2021-04-02;3309;1088;103835;30296;12.6;3.7
60;2021-04-03;3167;993;107002;31289;13.0;3.8
60;2021-04-04;874;480;107876;31769;13.1;3.9
60;2021-04-05;457;81;108333;31850;13.1;3.9
60;2021-04-06;1961;1612;110294;33462;13.4;4.1
60;2021-04-07;1977;1741;112271;35203;13.6;4.3
60;2021-04-08;2610;1482;114881;36685;13.9;4.4
60;2021-04-09;2996;1507;117877;38192;14.3;4.6
60;2021-04-10;2920;1578;120797;39770;14.6;4.8
60;2021-04-11;1050;986;121847;40756;14.8;4.9
60;2021-04-12;2047;1714;123894;42470;15.0;5.1
60;2021-04-13;2744;1774;126638;44244;15.3;5.4
60;2021-04-14;3110;1797;129748;46041;15.7;5.6
60;2021-04-15;3539;1865;133287;47906;16.2;5.8
60;2021-04-16;3286;1926;136573;49832;16.6;6.0
60;2021-04-17;2841;2156;139414;51988;16.9;6.3
60;2021-04-18;571;1835;139985;53823;17.0;6.5
60;2021-04-19;1738;2202;141723;56025;17.2;6.8
60;2021-04-20;2127;2667;143850;58692;17.4;7.1
60;2021-04-21;2651;2194;146501;60886;17.8;7.4
60;2021-04-22;2628;2490;149129;63376;18.1;7.7
60;2021-04-23;2642;2454;151771;65830;18.4;8.0
60;2021-04-24;2468;3447;154239;69277;18.7;8.4
60;2021-04-25;1160;1966;155399;71243;18.8;8.6
60;2021-04-26;1889;2525;157288;73768;19.1;8.9
60;2021-04-27;2310;2846;159598;76614;19.3;9.3
60;2021-04-28;3065;2393;162663;79007;19.7;9.6
60;2021-04-29;3150;2618;165813;81625;20.1;9.9
60;2021-04-30;3458;2960;169271;84585;20.5;10.3
60;2021-05-01;2349;1122;171620;85707;20.8;10.4
60;2021-05-02;2144;830;173764;86537;21.1;10.5
60;2021-05-03;2957;1845;176721;88382;21.4;10.7
60;2021-05-04;3018;2352;179739;90734;21.8;11.0
60;2021-05-05;3252;2798;182991;93532;22.2;11.3
60;2021-05-06;3646;2472;186637;96004;22.6;11.6
60;2021-05-07;3983;2513;190620;98517;23.1;11.9
60;2021-05-08;3580;963;194200;99480;23.5;12.1
60;2021-05-09;3457;942;197657;100422;24.0;12.2
60;2021-05-10;2388;2292;200045;102714;24.2;12.4
60;2021-05-11;3660;2467;203705;105181;24.7;12.7
60;2021-05-12;4716;2545;208421;107726;25.3;13.1
60;2021-05-13;5293;1118;213714;108844;25.9;13.2
60;2021-05-14;5602;1804;219316;110648;26.6;13.4
60;2021-05-15;6170;1698;225486;112346;27.3;13.6
60;2021-05-16;4857;683;230343;113029;27.9;13.7
60;2021-05-17;3715;1663;234058;114692;28.4;13.9
60;2021-05-18;4047;2073;238105;116765;28.9;14.2
60;2021-05-19;5094;1850;243199;118615;29.5;14.4
60;2021-05-20;5457;1791;248656;120406;30.1;14.6
60;2021-05-21;5966;1966;254622;122372;30.9;14.8
60;2021-05-22;5351;1974;259973;124346;31.5;15.1
60;2021-05-23;4261;650;264234;124996;32.0;15.1
60;2021-05-24;2948;528;267182;125524;32.4;15.2
60;2021-05-25;4137;1975;271319;127499;32.9;15.5
60;2021-05-26;4460;1818;275779;129317;33.4;15.7
60;2021-05-27;4611;1991;280390;131308;34.0;15.9
60;2021-05-28;4618;2511;285008;133819;34.5;16.2
60;2021-05-29;4612;2272;289620;136091;35.1;16.5
60;2021-05-30;1086;350;290706;136441;35.2;16.5
60;2021-05-31;3828;2078;294534;138519;35.7;16.8
60;2021-06-01;4442;2849;298976;141368;36.2;17.1
60;2021-06-02;3906;2441;302882;143809;36.7;17.4
60;2021-06-03;3903;2378;306785;146187;37.2;17.7
60;2021-06-04;4647;2906;311432;149093;37.7;18.1
60;2021-06-05;4303;3416;315735;152509;38.3;18.5
60;2021-06-06;2153;789;317888;153298;38.5;18.6
60;2021-06-07;2775;2747;320663;156045;38.9;18.9
60;2021-06-08;3795;3002;324458;159047;39.3;19.3
60;2021-06-09;3239;3393;327697;162440;39.7;19.7
60;2021-06-10;3432;3356;331129;165796;40.1;20.1
60;2021-06-11;3873;4194;335002;169990;40.6;20.6
60;2021-06-12;3764;4273;338766;174263;41.1;21.1
60;2021-06-13;1151;2223;339917;176486;41.2;21.4
60;2021-06-14;1904;3302;341821;179788;41.4;21.8
60;2021-06-15;3004;4162;344825;183950;41.8;22.3
60;2021-06-16;3237;4494;348062;188444;42.2;22.8
60;2021-06-17;2969;4773;351031;193217;42.5;23.4
60;2021-06-18;2978;4602;354009;197819;42.9;24.0
60;2021-06-19;3130;4726;357139;202545;43.3;24.5
60;2021-06-20;1431;1934;358570;204479;43.5;24.8
60;2021-06-21;1401;4045;359971;208524;43.6;25.3
60;2021-06-22;1743;5311;361714;213835;43.8;25.9
60;2021-06-23;1855;5254;363569;219089;44.1;26.6
60;2021-06-24;1794;5602;365363;224691;44.3;27.2
60;2021-06-25;1878;5742;367241;230433;44.5;27.9
60;2021-06-26;1850;6994;369091;237427;44.7;28.8
60;2021-06-27;708;2599;369799;240026;44.8;29.1
60;2021-06-28;1765;4145;371564;244171;45.0;29.6
60;2021-06-29;1996;5470;373560;249641;45.3;30.3
60;2021-06-30;2272;5363;375832;255004;45.6;30.9
60;2021-07-01;1856;4928;377688;259932;45.8;31.5
60;2021-07-02;2341;5881;380029;265813;46.1;32.2
60;2021-07-03;2385;6167;382414;271980;46.3;33.0
60;2021-07-04;790;2731;383204;274711;46.4;33.3
60;2021-07-05;1650;4404;384854;279115;46.6;33.8
60;2021-07-06;2130;4497;386984;283612;46.9;34.4
60;2021-07-07;2158;5127;389142;288739;47.2;35.0
60;2021-07-08;2660;4692;391802;293431;47.5;35.6
60;2021-07-09;2632;5544;394434;298975;47.8;36.2
60;2021-07-10;2570;5866;397004;304841;48.1;36.9
60;2021-07-11;1210;1939;398214;306780;48.3;37.2
60;2021-07-12;1419;4753;399633;311533;48.4;37.8
60;2021-07-13;2902;5011;402535;316544;48.8;38.4
60;2021-07-14;2571;1392;405106;317936;49.1;38.5
60;2021-07-15;3417;4843;408523;322779;49.5;39.1
60;2021-07-16;3661;5221;412184;328000;50.0;39.8
60;2021-07-17;4010;5093;416194;333093;50.4;40.4
60;2021-07-18;2177;2101;418371;335194;50.7;40.6
60;2021-07-19;2529;3880;420900;339074;51.0;41.1
61;2020-12-27;0;0;0;0;0.0;0.0
61;2020-12-28;0;0;0;0;0.0;0.0
61;2020-12-29;0;0;0;0;0.0;0.0
61;2020-12-30;0;0;0;0;0.0;0.0
61;2020-12-31;0;0;0;0;0.0;0.0
61;2021-01-01;1;0;1;0;0.0;0.0
61;2021-01-02;0;0;1;0;0.0;0.0
61;2021-01-03;0;0;1;0;0.0;0.0
61;2021-01-04;1;0;2;0;0.0;0.0
61;2021-01-05;3;0;5;0;0.0;0.0
61;2021-01-06;76;0;81;0;0.0;0.0
61;2021-01-07;175;2;256;2;0.1;0.0
61;2021-01-08;406;1;662;3;0.2;0.0
61;2021-01-09;165;1;827;4;0.3;0.0
61;2021-01-10;49;0;876;4;0.3;0.0
61;2021-01-11;396;1;1272;5;0.5;0.0
61;2021-01-12;680;2;1952;7;0.7;0.0
61;2021-01-13;739;1;2691;8;1.0;0.0
61;2021-01-14;526;8;3217;16;1.2;0.0
61;2021-01-15;538;3;3755;19;1.4;0.0
61;2021-01-16;289;1;4044;20;1.5;0.0
61;2021-01-17;831;6;4875;26;1.8;0.0
61;2021-01-18;1900;3;6775;29;2.4;0.0
61;2021-01-19;1319;2;8094;31;2.9;0.0
61;2021-01-20;682;0;8776;31;3.2;0.0
61;2021-01-21;843;1;9619;32;3.5;0.0
61;2021-01-22;764;1;10383;33;3.7;0.0
61;2021-01-23;256;2;10639;35;3.8;0.0
61;2021-01-24;228;0;10867;35;3.9;0.0
61;2021-01-25;577;2;11444;37;4.1;0.0
61;2021-01-26;553;0;11997;37;4.3;0.0
61;2021-01-27;569;14;12566;51;4.5;0.0
61;2021-01-28;460;52;13026;103;4.7;0.0
61;2021-01-29;475;204;13501;307;4.9;0.1
61;2021-01-30;212;3;13713;310;5.0;0.1
61;2021-01-31;106;0;13819;310;5.0;0.1
61;2021-02-01;430;190;14249;500;5.1;0.2
61;2021-02-02;387;425;14636;925;5.3;0.3
61;2021-02-03;412;490;15048;1415;5.4;0.5
61;2021-02-04;387;337;15435;1752;5.6;0.6
61;2021-02-05;538;362;15973;2114;5.8;0.8
61;2021-02-06;195;91;16168;2205;5.8;0.8
61;2021-02-07;45;200;16213;2405;5.9;0.9
61;2021-02-08;540;1409;16753;3814;6.1;1.4
61;2021-02-09;404;808;17157;4622;6.2;1.7
61;2021-02-10;277;561;17434;5183;6.3;1.9
61;2021-02-11;432;561;17866;5744;6.5;2.1
61;2021-02-12;402;736;18268;6480;6.6;2.3
61;2021-02-13;132;431;18400;6911;6.6;2.5
61;2021-02-14;2;315;18402;7226;6.6;2.6
61;2021-02-15;171;848;18573;8074;6.7;2.9
61;2021-02-16;203;682;18776;8756;6.8;3.2
61;2021-02-17;44;641;18820;9397;6.8;3.4
61;2021-02-18;160;529;18980;9926;6.9;3.6
61;2021-02-19;101;390;19081;10316;6.9;3.7
61;2021-02-20;39;242;19120;10558;6.9;3.8
61;2021-02-21;1;155;19121;10713;6.9;3.9
61;2021-02-22;89;568;19210;11281;6.9;4.1
61;2021-02-23;114;494;19324;11775;7.0;4.3
61;2021-02-24;173;571;19497;12346;7.0;4.5
61;2021-02-25;264;447;19761;12793;7.1;4.6
61;2021-02-26;266;465;20027;13258;7.2;4.8
61;2021-02-27;107;226;20134;13484;7.3;4.9
61;2021-02-28;4;119;20138;13603;7.3;4.9
61;2021-03-01;214;613;20352;14216;7.3;5.1
61;2021-03-02;147;698;20499;14914;7.4;5.4
61;2021-03-03;141;449;20640;15363;7.5;5.5
61;2021-03-04;430;441;21070;15804;7.6;5.7
61;2021-03-05;700;290;21770;16094;7.9;5.8
61;2021-03-06;430;230;22200;16324;8.0;5.9
61;2021-03-07;154;1;22354;16325;8.1;5.9
61;2021-03-08;296;313;22650;16638;8.2;6.0
61;2021-03-09;619;184;23269;16822;8.4;6.1
61;2021-03-10;672;173;23941;16995;8.6;6.1
61;2021-03-11;1118;124;25059;17119;9.0;6.2
61;2021-03-12;1465;91;26524;17210;9.6;6.2
61;2021-03-13;768;42;27292;17252;9.9;6.2
61;2021-03-14;226;3;27518;17255;9.9;6.2
61;2021-03-15;814;29;28332;17284;10.2;6.2
61;2021-03-16;721;22;29053;17306;10.5;6.2
61;2021-03-17;759;10;29812;17316;10.8;6.3
61;2021-03-18;854;17;30666;17333;11.1;6.3
61;2021-03-19;1024;43;31690;17376;11.4;6.3
61;2021-03-20;470;11;32160;17387;11.6;6.3
61;2021-03-21;71;0;32231;17387;11.6;6.3
61;2021-03-22;796;82;33027;17469;11.9;6.3
61;2021-03-23;921;39;33948;17508;12.3;6.3
61;2021-03-24;1371;60;35319;17568;12.8;6.3
61;2021-03-25;1874;52;37193;17620;13.4;6.4
61;2021-03-26;1791;37;38984;17657;14.1;6.4
61;2021-03-27;1083;17;40067;17674;14.5;6.4
61;2021-03-28;359;9;40426;17683;14.6;6.4
61;2021-03-29;1270;174;41696;17857;15.1;6.4
61;2021-03-30;1470;85;43166;17942;15.6;6.5
61;2021-03-31;1681;43;44847;17985;16.2;6.5
61;2021-04-01;2046;211;46893;18196;16.9;6.6
61;2021-04-02;1514;420;48407;18616;17.5;6.7
61;2021-04-03;638;285;49045;18901;17.7;6.8
61;2021-04-04;193;1;49238;18902;17.8;6.8
61;2021-04-05;530;7;49768;18909;18.0;6.8
61;2021-04-06;1350;618;51118;19527;18.5;7.1
61;2021-04-07;1691;659;52809;20186;19.1;7.3
61;2021-04-08;2270;809;55079;20995;19.9;7.6
61;2021-04-09;2132;831;57211;21826;20.7;7.9
61;2021-04-10;1535;480;58746;22306;21.2;8.1
61;2021-04-11;238;196;58984;22502;21.3;8.1
61;2021-04-12;1289;735;60273;23237;21.8;8.4
61;2021-04-13;1743;698;62016;23935;22.4;8.6
61;2021-04-14;1727;778;63743;24713;23.0;8.9
61;2021-04-15;2265;765;66008;25478;23.8;9.2
61;2021-04-16;2224;675;68232;26153;24.6;9.4
61;2021-04-17;1485;316;69717;26469;25.2;9.6
61;2021-04-18;538;99;70255;26568;25.4;9.6
61;2021-04-19;938;745;71193;27313;25.7;9.9
61;2021-04-20;1526;781;72719;28094;26.3;10.1
61;2021-04-21;1350;1036;74069;29130;26.7;10.5
61;2021-04-22;1295;1207;75364;30337;27.2;11.0
61;2021-04-23;1217;1145;76581;31482;27.7;11.4
61;2021-04-24;1432;812;78013;32294;28.2;11.7
61;2021-04-25;361;329;78374;32623;28.3;11.8
61;2021-04-26;667;1141;79041;33764;28.5;12.2
61;2021-04-27;1461;1137;80502;34901;29.1;12.6
61;2021-04-28;1388;1383;81890;36284;29.6;13.1
61;2021-04-29;1252;1853;83142;38137;30.0;13.8
61;2021-04-30;1716;1164;84858;39301;30.6;14.2
61;2021-05-01;786;318;85644;39619;30.9;14.3
61;2021-05-02;438;222;86082;39841;31.1;14.4
61;2021-05-03;846;1246;86928;41087;31.4;14.8
61;2021-05-04;1323;1750;88251;42837;31.9;15.5
61;2021-05-05;1010;2024;89261;44861;32.2;16.2
61;2021-05-06;1771;2203;91032;47064;32.9;17.0
61;2021-05-07;1377;1961;92409;49025;33.4;17.7
61;2021-05-08;924;472;93333;49497;33.7;17.9
61;2021-05-09;393;291;93726;49788;33.8;18.0
61;2021-05-10;987;1752;94713;51540;34.2;18.6
61;2021-05-11;1372;1511;96085;53051;34.7;19.2
61;2021-05-12;1868;1588;97953;54639;35.4;19.7
61;2021-05-13;885;490;98838;55129;35.7;19.9
61;2021-05-14;1850;1187;100688;56316;36.4;20.3
61;2021-05-15;2090;1112;102778;57428;37.1;20.7
61;2021-05-16;983;300;103761;57728;37.5;20.8
61;2021-05-17;1311;911;105072;58639;37.9;21.2
61;2021-05-18;2423;888;107495;59527;38.8;21.5
61;2021-05-19;2402;796;109897;60323;39.7;21.8
61;2021-05-20;2213;808;112110;61131;40.5;22.1
61;2021-05-21;2146;854;114256;61985;41.3;22.4
61;2021-05-22;1780;717;116036;62702;41.9;22.6
61;2021-05-23;714;52;116750;62754;42.2;22.7
61;2021-05-24;913;107;117663;62861;42.5;22.7
61;2021-05-25;1992;920;119655;63781;43.2;23.0
61;2021-05-26;2033;927;121688;64708;43.9;23.4
61;2021-05-27;2037;1089;123725;65797;44.7;23.8
61;2021-05-28;2050;1376;125775;67173;45.4;24.3
61;2021-05-29;1461;551;127236;67724;45.9;24.5
61;2021-05-30;450;45;127686;67769;46.1;24.5
61;2021-05-31;1558;936;129244;68705;46.7;24.8
61;2021-06-01;1874;1382;131118;70087;47.4;25.3
61;2021-06-02;1672;1130;132790;71217;48.0;25.7
61;2021-06-03;2246;1105;135036;72322;48.8;26.1
61;2021-06-04;1895;1338;136931;73660;49.5;26.6
61;2021-06-05;1666;1236;138597;74896;50.1;27.0
61;2021-06-06;318;229;138915;75125;50.2;27.1
61;2021-06-07;2188;866;141103;75991;51.0;27.4
61;2021-06-08;1839;1567;142942;77558;51.6;28.0
61;2021-06-09;1971;1179;144913;78737;52.3;28.4
61;2021-06-10;1953;1178;146866;79915;53.0;28.9
61;2021-06-11;1814;1572;148680;81487;53.7;29.4
61;2021-06-12;1421;994;150101;82481;54.2;29.8
61;2021-06-13;340;376;150441;82857;54.3;29.9
61;2021-06-14;1094;1190;151535;84047;54.7;30.4
61;2021-06-15;1206;1693;152741;85740;55.2;31.0
61;2021-06-16;1110;1351;153851;87091;55.6;31.5
61;2021-06-17;1015;1727;154866;88818;55.9;32.1
61;2021-06-18;1481;1658;156347;90476;56.5;32.7
61;2021-06-19;1237;1303;157584;91779;56.9;33.1
61;2021-06-20;281;346;157865;92125;57.0;33.3
61;2021-06-21;803;1631;158668;93756;57.3;33.9
61;2021-06-22;1011;1689;159679;95445;57.7;34.5
61;2021-06-23;963;2438;160642;97883;58.0;35.3
61;2021-06-24;643;1359;161285;99242;58.2;35.8
61;2021-06-25;821;2167;162106;101409;58.5;36.6
61;2021-06-26;616;1951;162722;103360;58.8;37.3
61;2021-06-27;136;804;162858;104164;58.8;37.6
61;2021-06-28;478;2250;163336;106414;59.0;38.4
61;2021-06-29;689;2866;164025;109280;59.2;39.5
61;2021-06-30;765;2461;164790;111741;59.5;40.4
61;2021-07-01;629;1694;165419;113435;59.7;41.0
61;2021-07-02;803;2495;166222;115930;60.0;41.9
61;2021-07-03;414;1912;166636;117842;60.2;42.6
61;2021-07-04;73;639;166709;118481;60.2;42.8
61;2021-07-05;677;1775;167386;120256;60.4;43.4
61;2021-07-06;959;2793;168345;123049;60.8;44.4
61;2021-07-07;723;2357;169068;125406;61.1;45.3
61;2021-07-08;835;1952;169903;127358;61.4;46.0
61;2021-07-09;706;2377;170609;129735;61.6;46.9
61;2021-07-10;463;1772;171072;131507;61.8;47.5
61;2021-07-11;237;489;171309;131996;61.9;47.7
61;2021-07-12;430;2295;171739;134291;62.0;48.5
61;2021-07-13;636;2492;172375;136783;62.3;49.4
61;2021-07-14;142;333;172517;137116;62.3;49.5
61;2021-07-15;803;2813;173320;139929;62.6;50.5
61;2021-07-16;950;2566;174270;142495;62.9;51.5
61;2021-07-17;618;2216;174888;144711;63.2;52.3
61;2021-07-18;335;367;175223;145078;63.3;52.4
61;2021-07-19;930;2397;176153;147475;63.6;53.3
62;2020-12-27;1;0;1;0;0.0;0.0
62;2020-12-28;2;0;3;0;0.0;0.0
62;2020-12-29;0;0;3;0;0.0;0.0
62;2020-12-30;0;0;3;0;0.0;0.0
62;2020-12-31;0;0;3;0;0.0;0.0
62;2021-01-01;0;0;3;0;0.0;0.0
62;2021-01-02;0;0;3;0;0.0;0.0
62;2021-01-03;0;0;3;0;0.0;0.0
62;2021-01-04;2;0;5;0;0.0;0.0
62;2021-01-05;47;0;52;0;0.0;0.0
62;2021-01-06;123;0;175;0;0.0;0.0
62;2021-01-07;350;0;525;0;0.0;0.0
62;2021-01-08;711;3;1236;3;0.1;0.0
62;2021-01-09;163;1;1399;4;0.1;0.0
62;2021-01-10;84;0;1483;4;0.1;0.0
62;2021-01-11;552;1;2035;5;0.1;0.0
62;2021-01-12;1244;0;3279;5;0.2;0.0
62;2021-01-13;1137;4;4416;9;0.3;0.0
62;2021-01-14;1383;9;5799;18;0.4;0.0
62;2021-01-15;1294;7;7093;25;0.5;0.0
62;2021-01-16;307;3;7400;28;0.5;0.0
62;2021-01-17;107;1;7507;29;0.5;0.0
62;2021-01-18;1657;7;9164;36;0.6;0.0
62;2021-01-19;2097;4;11261;40;0.8;0.0
62;2021-01-20;2053;7;13314;47;0.9;0.0
62;2021-01-21;2227;5;15541;52;1.1;0.0
62;2021-01-22;1830;6;17371;58;1.2;0.0
62;2021-01-23;512;0;17883;58;1.2;0.0
62;2021-01-24;0;0;17883;58;1.2;0.0
62;2021-01-25;1279;6;19162;64;1.3;0.0
62;2021-01-26;1535;15;20697;79;1.4;0.0
62;2021-01-27;1484;172;22181;251;1.5;0.0
62;2021-01-28;4127;344;26308;595;1.8;0.0
62;2021-01-29;2020;332;28328;927;1.9;0.1
62;2021-01-30;160;154;28488;1081;2.0;0.1
62;2021-01-31;22;3;28510;1084;2.0;0.1
62;2021-02-01;45;359;28555;1443;2.0;0.1
62;2021-02-02;55;791;28610;2234;2.0;0.2
62;2021-02-03;43;629;28653;2863;2.0;0.2
62;2021-02-04;79;823;28732;3686;2.0;0.3
62;2021-02-05;79;754;28811;4440;2.0;0.3
62;2021-02-06;24;195;28835;4635;2.0;0.3
62;2021-02-07;235;25;29070;4660;2.0;0.3
62;2021-02-08;130;848;29200;5508;2.0;0.4
62;2021-02-09;225;1102;29425;6610;2.0;0.5
62;2021-02-10;382;1172;29807;7782;2.1;0.5
62;2021-02-11;720;998;30527;8780;2.1;0.6
62;2021-02-12;966;779;31493;9559;2.2;0.7
62;2021-02-13;159;271;31652;9830;2.2;0.7
62;2021-02-14;0;0;31652;9830;2.2;0.7
62;2021-02-15;664;1275;32316;11105;2.2;0.8
62;2021-02-16;918;1788;33234;12893;2.3;0.9
62;2021-02-17;1072;2125;34306;15018;2.4;1.0
62;2021-02-18;2202;3792;36508;18810;2.5;1.3
62;2021-02-19;2299;2540;38807;21350;2.7;1.5
62;2021-02-20;612;479;39419;21829;2.7;1.5
62;2021-02-21;86;48;39505;21877;2.7;1.5
62;2021-02-22;847;971;40352;22848;2.8;1.6
62;2021-02-23;1417;1221;41769;24069;2.9;1.7
62;2021-02-24;1542;638;43311;24707;3.0;1.7
62;2021-02-25;3164;390;46475;25097;3.2;1.7
62;2021-02-26;2906;322;49381;25419;3.4;1.7
62;2021-02-27;1826;80;51207;25499;3.5;1.8
62;2021-02-28;52;42;51259;25541;3.5;1.8
62;2021-03-01;1310;113;52569;25654;3.6;1.8
62;2021-03-02;3146;162;55715;25816;3.8;1.8
62;2021-03-03;3255;105;58970;25921;4.1;1.8
62;2021-03-04;3795;176;62765;26097;4.3;1.8
62;2021-03-05;4640;185;67405;26282;4.6;1.8
62;2021-03-06;9606;174;77011;26456;5.3;1.8
62;2021-03-07;8066;148;85077;26604;5.9;1.8
62;2021-03-08;2183;237;87260;26841;6.0;1.8
62;2021-03-09;3797;352;91057;27193;6.3;1.9
62;2021-03-10;4220;575;95277;27768;6.6;1.9
62;2021-03-11;5966;1480;101243;29248;7.0;2.0
62;2021-03-12;6622;1344;107865;30592;7.4;2.1
62;2021-03-13;14704;689;122569;31281;8.4;2.2
62;2021-03-14;9569;311;132138;31592;9.1;2.2
62;2021-03-15;3756;994;135894;32586;9.4;2.2
62;2021-03-16;2734;833;138628;33419;9.5;2.3
62;2021-03-17;2799;702;141427;34121;9.7;2.3
62;2021-03-18;2716;930;144143;35051;9.9;2.4
62;2021-03-19;4778;897;148921;35948;10.3;2.5
62;2021-03-20;11059;528;159980;36476;11.0;2.5
62;2021-03-21;9437;282;169417;36758;11.7;2.5
62;2021-03-22;2936;1084;172353;37842;11.9;2.6
62;2021-03-23;4986;1487;177339;39329;12.2;2.7
62;2021-03-24;4686;1398;182025;40727;12.5;2.8
62;2021-03-25;6547;1464;188572;42191;13.0;2.9
62;2021-03-26;7043;1455;195615;43646;13.5;3.0
62;2021-03-27;12581;660;208196;44306;14.3;3.0
62;2021-03-28;6932;237;215128;44543;14.8;3.1
62;2021-03-29;3470;1188;218598;45731;15.0;3.1
62;2021-03-30;4548;2195;223146;47926;15.4;3.3
62;2021-03-31;4215;2455;227361;50381;15.7;3.5
62;2021-04-01;4964;2738;232325;53119;16.0;3.7
62;2021-04-02;5064;3205;237389;56324;16.3;3.9
62;2021-04-03;8194;3293;245583;59617;16.9;4.1
62;2021-04-04;4576;1894;250159;61511;17.2;4.2
62;2021-04-05;943;457;251102;61968;17.3;4.3
62;2021-04-06;4114;2972;255216;64940;17.6;4.5
62;2021-04-07;5027;3471;260243;68411;17.9;4.7
62;2021-04-08;6475;3929;266718;72340;18.4;5.0
62;2021-04-09;7614;3425;274332;75765;18.9;5.2
62;2021-04-10;6636;8039;280968;83804;19.3;5.8
62;2021-04-11;2812;6892;283780;90696;19.5;6.2
62;2021-04-12;3417;2350;287197;93046;19.8;6.4
62;2021-04-13;6164;3141;293361;96187;20.2;6.6
62;2021-04-14;5295;3038;298656;99225;20.6;6.8
62;2021-04-15;5737;2970;304393;102195;21.0;7.0
62;2021-04-16;5416;3164;309809;105359;21.3;7.3
62;2021-04-17;4355;7353;314164;112712;21.6;7.8
62;2021-04-18;1960;6845;316124;119557;21.8;8.2
62;2021-04-19;2776;1910;318900;121467;22.0;8.4
62;2021-04-20;4131;3871;323031;125338;22.2;8.6
62;2021-04-21;3752;3956;326783;129294;22.5;8.9
62;2021-04-22;3945;5155;330728;134449;22.8;9.3
62;2021-04-23;4048;5265;334776;139714;23.0;9.6
62;2021-04-24;4397;6705;339173;146419;23.3;10.1
62;2021-04-25;1907;3497;341080;149916;23.5;10.3
62;2021-04-26;2222;2428;343302;152344;23.6;10.5
62;2021-04-27;4407;3681;347709;156025;23.9;10.7
62;2021-04-28;4588;4325;352297;160350;24.2;11.0
62;2021-04-29;4784;5845;357081;166195;24.6;11.4
62;2021-04-30;5206;5681;362287;171876;24.9;11.8
62;2021-05-01;5733;3445;368020;175321;25.3;12.1
62;2021-05-02;7813;3107;375833;178428;25.9;12.3
62;2021-05-03;4496;2287;380329;180715;26.2;12.4
62;2021-05-04;5384;4957;385713;185672;26.6;12.8
62;2021-05-05;4726;4830;390439;190502;26.9;13.1
62;2021-05-06;5613;4897;396052;195399;27.3;13.5
62;2021-05-07;7674;4643;403726;200042;27.8;13.8
62;2021-05-08;10631;2243;414357;202285;28.5;13.9
62;2021-05-09;8625;1613;422982;203898;29.1;14.0
62;2021-05-10;4867;3999;427849;207897;29.5;14.3
62;2021-05-11;6407;5015;434256;212912;29.9;14.7
62;2021-05-12;8612;4582;442868;217494;30.5;15.0
62;2021-05-13;9993;1461;452861;218955;31.2;15.1
62;2021-05-14;11868;3362;464729;222317;32.0;15.3
62;2021-05-15;19777;3211;484506;225528;33.4;15.5
62;2021-05-16;16390;1376;500896;226904;34.5;15.6
62;2021-05-17;8178;2647;509074;229551;35.0;15.8
62;2021-05-18;9317;3101;518391;232652;35.7;16.0
62;2021-05-19;8611;2886;527002;235538;36.3;16.2
62;2021-05-20;8332;3819;535334;239357;36.8;16.5
62;2021-05-21;9382;4185;544716;243542;37.5;16.8
62;2021-05-22;17859;3487;562575;247029;38.7;17.0
62;2021-05-23;12372;1112;574947;248141;39.6;17.1
62;2021-05-24;3907;576;578854;248717;39.8;17.1
62;2021-05-25;7216;4082;586070;252799;40.3;17.4
62;2021-05-26;6764;4893;592834;257692;40.8;17.7
62;2021-05-27;6380;5673;599214;263365;41.2;18.1
62;2021-05-28;6513;6750;605727;270115;41.7;18.6
62;2021-05-29;10845;5520;616572;275635;42.4;19.0
62;2021-05-30;4037;977;620609;276612;42.7;19.0
62;2021-05-31;4788;3965;625397;280577;43.0;19.3
62;2021-06-01;6491;6518;631888;287095;43.5;19.8
62;2021-06-02;7407;5793;639295;292888;44.0;20.2
62;2021-06-03;7849;5880;647144;298768;44.5;20.6
62;2021-06-04;7896;6237;655040;305005;45.1;21.0
62;2021-06-05;8272;6226;663312;311231;45.7;21.4
62;2021-06-06;3120;1285;666432;312516;45.9;21.5
62;2021-06-07;4602;3751;671034;316267;46.2;21.8
62;2021-06-08;6162;5883;677196;322150;46.6;22.2
62;2021-06-09;5471;4755;682667;326905;47.0;22.5
62;2021-06-10;5174;5868;687841;332773;47.3;22.9
62;2021-06-11;6204;8875;694045;341648;47.8;23.5
62;2021-06-12;5919;8653;699964;350301;48.2;24.1
62;2021-06-13;3203;3782;703167;354083;48.4;24.4
62;2021-06-14;2585;6775;705752;360858;48.6;24.8
62;2021-06-15;4646;8537;710398;369395;48.9;25.4
62;2021-06-16;5052;7415;715450;376810;49.2;25.9
62;2021-06-17;5207;8046;720657;384856;49.6;26.5
62;2021-06-18;4792;10493;725449;395349;49.9;27.2
62;2021-06-19;5785;13444;731234;408793;50.3;28.1
62;2021-06-20;2092;4378;733326;413171;50.5;28.4
62;2021-06-21;2950;8952;736276;422123;50.7;29.1
62;2021-06-22;3405;10203;739681;432326;50.9;29.8
62;2021-06-23;3371;10346;743052;442672;51.1;30.5
62;2021-06-24;3309;11804;746361;454476;51.4;31.3
62;2021-06-25;3685;15805;750046;470281;51.6;32.4
62;2021-06-26;3508;18432;753554;488713;51.9;33.6
62;2021-06-27;1115;9843;754669;498556;51.9;34.3
62;2021-06-28;1901;8886;756570;507442;52.1;34.9
62;2021-06-29;2937;11465;759507;518907;52.3;35.7
62;2021-06-30;4029;10804;763536;529711;52.6;36.5
62;2021-07-01;4359;10471;767895;540182;52.9;37.2
62;2021-07-02;4096;11962;771991;552144;53.1;38.0
62;2021-07-03;2986;18077;774977;570221;53.3;39.3
62;2021-07-04;1432;9188;776409;579409;53.4;39.9
62;2021-07-05;2390;6926;778799;586335;53.6;40.4
62;2021-07-06;3770;10011;782569;596346;53.9;41.0
62;2021-07-07;3877;8903;786446;605249;54.1;41.7
62;2021-07-08;5207;9096;791653;614345;54.5;42.3
62;2021-07-09;4374;10852;796027;625197;54.8;43.0
62;2021-07-10;4897;11834;800924;637031;55.1;43.8
62;2021-07-11;1328;2086;802252;639117;55.2;44.0
62;2021-07-12;2296;7117;804548;646234;55.4;44.5
62;2021-07-13;5028;12128;809576;658362;55.7;45.3
62;2021-07-14;3588;3139;813164;661501;56.0;45.5
62;2021-07-15;7485;11496;820649;672997;56.5;46.3
62;2021-07-16;7494;10987;828143;683984;57.0;47.1
62;2021-07-17;9562;10142;837705;694126;57.7;47.8
62;2021-07-18;2696;3450;840401;697576;57.8;48.0
62;2021-07-19;5904;6971;846305;704547;58.3;48.5
63;2020-12-27;0;0;0;0;0.0;0.0
63;2020-12-28;0;0;0;0;0.0;0.0
63;2020-12-29;0;0;0;0;0.0;0.0
63;2020-12-30;0;0;0;0;0.0;0.0
63;2020-12-31;0;0;0;0;0.0;0.0
63;2021-01-01;0;0;0;0;0.0;0.0
63;2021-01-02;0;0;0;0;0.0;0.0
63;2021-01-03;0;0;0;0;0.0;0.0
63;2021-01-04;0;0;0;0;0.0;0.0
63;2021-01-05;1;0;1;0;0.0;0.0
63;2021-01-06;4;1;5;1;0.0;0.0
63;2021-01-07;296;0;301;1;0.0;0.0
63;2021-01-08;207;0;508;1;0.1;0.0
63;2021-01-09;90;0;598;1;0.1;0.0
63;2021-01-10;81;0;679;1;0.1;0.0
63;2021-01-11;422;0;1101;1;0.2;0.0
63;2021-01-12;639;1;1740;2;0.3;0.0
63;2021-01-13;846;1;2586;3;0.4;0.0
63;2021-01-14;514;7;3100;10;0.5;0.0
63;2021-01-15;426;1;3526;11;0.5;0.0
63;2021-01-16;157;0;3683;11;0.6;0.0
63;2021-01-17;131;0;3814;11;0.6;0.0
63;2021-01-18;603;1;4417;12;0.7;0.0
63;2021-01-19;834;1;5251;13;0.8;0.0
63;2021-01-20;1039;1;6290;14;1.0;0.0
63;2021-01-21;976;2;7266;16;1.1;0.0
63;2021-01-22;966;2;8232;18;1.2;0.0
63;2021-01-23;189;0;8421;18;1.3;0.0
63;2021-01-24;162;0;8583;18;1.3;0.0
63;2021-01-25;785;1;9368;19;1.4;0.0
63;2021-01-26;955;2;10323;21;1.6;0.0
63;2021-01-27;1000;5;11323;26;1.7;0.0
63;2021-01-28;1311;67;12634;93;1.9;0.0
63;2021-01-29;1063;66;13697;159;2.1;0.0
63;2021-01-30;69;0;13766;159;2.1;0.0
63;2021-01-31;6;0;13772;159;2.1;0.0
63;2021-02-01;562;182;14334;341;2.2;0.1
63;2021-02-02;877;235;15211;576;2.3;0.1
63;2021-02-03;1468;282;16679;858;2.5;0.1
63;2021-02-04;2115;512;18794;1370;2.8;0.2
63;2021-02-05;1144;269;19938;1639;3.0;0.2
63;2021-02-06;115;0;20053;1639;3.0;0.2
63;2021-02-07;9;1;20062;1640;3.0;0.2
63;2021-02-08;532;406;20594;2046;3.1;0.3
63;2021-02-09;668;436;21262;2482;3.2;0.4
63;2021-02-10;605;602;21867;3084;3.3;0.5
63;2021-02-11;750;466;22617;3550;3.4;0.5
63;2021-02-12;821;808;23438;4358;3.5;0.7
63;2021-02-13;82;1;23520;4359;3.6;0.7
63;2021-02-14;0;65;23520;4424;3.6;0.7
63;2021-02-15;204;795;23724;5219;3.6;0.8
63;2021-02-16;405;1137;24129;6356;3.7;1.0
63;2021-02-17;347;876;24476;7232;3.7;1.1
63;2021-02-18;594;824;25070;8056;3.8;1.2
63;2021-02-19;447;977;25517;9033;3.9;1.4
63;2021-02-20;37;32;25554;9065;3.9;1.4
63;2021-02-21;2;17;25556;9082;3.9;1.4
63;2021-02-22;291;931;25847;10013;3.9;1.5
63;2021-02-23;574;1145;26421;11158;4.0;1.7
63;2021-02-24;696;1421;27117;12579;4.1;1.9
63;2021-02-25;1583;1672;28700;14251;4.3;2.2
63;2021-02-26;1623;1364;30323;15615;4.6;2.4
63;2021-02-27;642;63;30965;15678;4.7;2.4
63;2021-02-28;4;178;30969;15856;4.7;2.4
63;2021-03-01;582;520;31551;16376;4.8;2.5
63;2021-03-02;898;792;32449;17168;4.9;2.6
63;2021-03-03;1033;724;33482;17892;5.1;2.7
63;2021-03-04;1748;495;35230;18387;5.3;2.8
63;2021-03-05;2612;678;37842;19065;5.7;2.9
63;2021-03-06;1550;35;39392;19100;6.0;2.9
63;2021-03-07;510;15;39902;19115;6.0;2.9
63;2021-03-08;965;644;40867;19759;6.2;3.0
63;2021-03-09;1537;1061;42404;20820;6.4;3.2
63;2021-03-10;1639;605;44043;21425;6.7;3.2
63;2021-03-11;3050;880;47093;22305;7.1;3.4
63;2021-03-12;3509;363;50602;22668;7.7;3.4
63;2021-03-13;2049;76;52651;22744;8.0;3.4
63;2021-03-14;57;21;52708;22765;8.0;3.4
63;2021-03-15;1736;364;54444;23129;8.2;3.5
63;2021-03-16;1741;411;56185;23540;8.5;3.6
63;2021-03-17;1634;672;57819;24212;8.8;3.7
63;2021-03-18;1933;738;59752;24950;9.1;3.8
63;2021-03-19;2732;485;62484;25435;9.5;3.9
63;2021-03-20;1121;66;63605;25501;9.6;3.9
63;2021-03-21;49;45;63654;25546;9.6;3.9
63;2021-03-22;1981;249;65635;25795;9.9;3.9
63;2021-03-23;2878;352;68513;26147;10.4;4.0
63;2021-03-24;3213;330;71726;26477;10.9;4.0
63;2021-03-25;4581;370;76307;26847;11.6;4.1
63;2021-03-26;4688;546;80995;27393;12.3;4.1
63;2021-03-27;2454;220;83449;27613;12.6;4.2
63;2021-03-28;1042;80;84491;27693;12.8;4.2
63;2021-03-29;2478;505;86969;28198;13.2;4.3
63;2021-03-30;3275;624;90244;28822;13.7;4.4
63;2021-03-31;2960;742;93204;29564;14.1;4.5
63;2021-04-01;3819;526;97023;30090;14.7;4.6
63;2021-04-02;3479;701;100502;30791;15.2;4.7
63;2021-04-03;1171;180;101673;30971;15.4;4.7
63;2021-04-04;877;27;102550;30998;15.5;4.7
63;2021-04-05;802;86;103352;31084;15.7;4.7
63;2021-04-06;2463;928;105815;32012;16.0;4.8
63;2021-04-07;3206;859;109021;32871;16.5;5.0
63;2021-04-08;4715;1206;113736;34077;17.2;5.2
63;2021-04-09;5308;964;119044;35041;18.0;5.3
63;2021-04-10;2220;470;121264;35511;18.4;5.4
63;2021-04-11;833;37;122097;35548;18.5;5.4
63;2021-04-12;1622;1310;123719;36858;18.7;5.6
63;2021-04-13;1983;1962;125702;38820;19.0;5.9
63;2021-04-14;2627;1428;128329;40248;19.4;6.1
63;2021-04-15;3780;1510;132109;41758;20.0;6.3
63;2021-04-16;2836;2151;134945;43909;20.4;6.7
63;2021-04-17;1230;668;136175;44577;20.6;6.8
63;2021-04-18;802;59;136977;44636;20.7;6.8
63;2021-04-19;1653;2111;138630;46747;21.0;7.1
63;2021-04-20;1697;2293;140327;49040;21.3;7.4
63;2021-04-21;1512;2403;141839;51443;21.5;7.8
63;2021-04-22;1913;2262;143752;53705;21.8;8.1
63;2021-04-23;2015;3104;145767;56809;22.1;8.6
63;2021-04-24;1188;1127;146955;57936;22.3;8.8
63;2021-04-25;553;413;147508;58349;22.3;8.8
63;2021-04-26;1436;2243;148944;60592;22.6;9.2
63;2021-04-27;2309;2598;151253;63190;22.9;9.6
63;2021-04-28;2323;3146;153576;66336;23.3;10.0
63;2021-04-29;2866;2834;156442;69170;23.7;10.5
63;2021-04-30;2857;2811;159299;71981;24.1;10.9
63;2021-05-01;1126;1048;160425;73029;24.3;11.1
63;2021-05-02;896;638;161321;73667;24.4;11.2
63;2021-05-03;2686;2244;164007;75911;24.8;11.5
63;2021-05-04;2875;2674;166882;78585;25.3;11.9
63;2021-05-05;2931;3115;169813;81700;25.7;12.4
63;2021-05-06;3663;3042;173476;84742;26.3;12.8
63;2021-05-07;4025;3535;177501;88277;26.9;13.4
63;2021-05-08;1993;649;179494;88926;27.2;13.5
63;2021-05-09;1803;607;181297;89533;27.5;13.6
63;2021-05-10;4197;2760;185494;92293;28.1;14.0
63;2021-05-11;5331;2752;190825;95045;28.9;14.4
63;2021-05-12;5249;2894;196074;97939;29.7;14.8
63;2021-05-13;4123;694;200197;98633;30.3;14.9
63;2021-05-14;4766;1499;204963;100132;31.0;15.2
63;2021-05-15;3712;981;208675;101113;31.6;15.3
63;2021-05-16;3514;443;212189;101556;32.1;15.4
63;2021-05-17;3891;1980;216080;103536;32.7;15.7
63;2021-05-18;5110;1614;221190;105150;33.5;15.9
63;2021-05-19;5211;1613;226401;106763;34.3;16.2
63;2021-05-20;6785;2070;233186;108833;35.3;16.5
63;2021-05-21;6242;2310;239428;111143;36.3;16.8
63;2021-05-22;3347;844;242775;111987;36.8;17.0
63;2021-05-23;2379;242;245154;112229;37.1;17.0
63;2021-05-24;2635;576;247789;112805;37.5;17.1
63;2021-05-25;4266;2632;252055;115437;38.2;17.5
63;2021-05-26;5440;2399;257495;117836;39.0;17.8
63;2021-05-27;6487;2793;263982;120629;40.0;18.3
63;2021-05-28;5410;3880;269392;124509;40.8;18.9
63;2021-05-29;3355;1502;272747;126011;41.3;19.1
63;2021-05-30;1579;215;274326;126226;41.5;19.1
63;2021-05-31;4139;2276;278465;128502;42.2;19.5
63;2021-06-01;3787;2952;282252;131454;42.7;19.9
63;2021-06-02;3875;2512;286127;133966;43.3;20.3
63;2021-06-03;4891;3140;291018;137106;44.1;20.8
63;2021-06-04;5091;3618;296109;140724;44.8;21.3
63;2021-06-05;2800;1739;298909;142463;45.3;21.6
63;2021-06-06;1302;696;300211;143159;45.5;21.7
63;2021-06-07;3161;2515;303372;145674;45.9;22.1
63;2021-06-08;2866;2757;306238;148431;46.4;22.5
63;2021-06-09;3012;2269;309250;150700;46.8;22.8
63;2021-06-10;3185;2687;312435;153387;47.3;23.2
63;2021-06-11;3087;4048;315522;157435;47.8;23.8
63;2021-06-12;1621;1965;317143;159400;48.0;24.1
63;2021-06-13;477;1094;317620;160494;48.1;24.3
63;2021-06-14;1818;3473;319438;163967;48.4;24.8
63;2021-06-15;2188;3476;321626;167443;48.7;25.4
63;2021-06-16;2548;3309;324174;170752;49.1;25.9
63;2021-06-17;2357;4300;326531;175052;49.5;26.5
63;2021-06-18;2440;5828;328971;180880;49.8;27.4
63;2021-06-19;1598;2824;330569;183704;50.1;27.8
63;2021-06-20;649;2438;331218;186142;50.2;28.2
63;2021-06-21;1266;5391;332484;191533;50.4;29.0
63;2021-06-22;1224;5538;333708;197071;50.5;29.8
63;2021-06-23;1516;4760;335224;201831;50.8;30.6
63;2021-06-24;1900;5379;337124;207210;51.1;31.4
63;2021-06-25;1715;5908;338839;213118;51.3;32.3
63;2021-06-26;1065;3353;339904;216471;51.5;32.8
63;2021-06-27;697;3484;340601;219955;51.6;33.3
63;2021-06-28;1133;5663;341734;225618;51.8;34.2
63;2021-06-29;1216;5169;342950;230787;51.9;35.0
63;2021-06-30;1555;5280;344505;236067;52.2;35.8
63;2021-07-01;1873;8072;346378;244139;52.5;37.0
63;2021-07-02;2015;6541;348393;250680;52.8;38.0
63;2021-07-03;942;2923;349335;253603;52.9;38.4
63;2021-07-04;983;1880;350318;255483;53.1;38.7
63;2021-07-05;1471;6281;351789;261764;53.3;39.6
63;2021-07-06;1576;4795;353365;266559;53.5;40.4
63;2021-07-07;1946;4075;355311;270634;53.8;41.0
63;2021-07-08;2179;4576;357490;275210;54.1;41.7
63;2021-07-09;1895;5722;359385;280932;54.4;42.5
63;2021-07-10;1514;3405;360899;284337;54.7;43.1
63;2021-07-11;890;1526;361789;285863;54.8;43.3
63;2021-07-12;1564;8701;363353;294564;55.0;44.6
63;2021-07-13;3564;6123;366917;300687;55.6;45.5
63;2021-07-14;3584;1777;370501;302464;56.1;45.8
63;2021-07-15;4347;5020;374848;307484;56.8;46.6
63;2021-07-16;4620;5752;379468;313236;57.5;47.4
63;2021-07-17;2655;2410;382123;315646;57.9;47.8
63;2021-07-18;2377;1050;384500;316696;58.2;48.0
63;2021-07-19;3327;4729;387827;321425;58.7;48.7
64;2020-12-27;0;0;0;0;0.0;0.0
64;2020-12-28;0;0;0;0;0.0;0.0
64;2020-12-29;0;0;0;0;0.0;0.0
64;2020-12-30;0;0;0;0;0.0;0.0
64;2020-12-31;0;0;0;0;0.0;0.0
64;2021-01-01;0;0;0;0;0.0;0.0
64;2021-01-02;0;0;0;0;0.0;0.0
64;2021-01-03;0;0;0;0;0.0;0.0
64;2021-01-04;29;0;29;0;0.0;0.0
64;2021-01-05;22;0;51;0;0.0;0.0
64;2021-01-06;185;1;236;1;0.0;0.0
64;2021-01-07;839;0;1075;1;0.2;0.0
64;2021-01-08;879;3;1954;4;0.3;0.0
64;2021-01-09;54;0;2008;4;0.3;0.0
64;2021-01-10;0;0;2008;4;0.3;0.0
64;2021-01-11;538;1;2546;5;0.4;0.0
64;2021-01-12;757;2;3303;7;0.5;0.0
64;2021-01-13;865;2;4168;9;0.6;0.0
64;2021-01-14;1042;3;5210;12;0.8;0.0
64;2021-01-15;928;5;6138;17;0.9;0.0
64;2021-01-16;67;0;6205;17;0.9;0.0
64;2021-01-17;2;0;6207;17;0.9;0.0
64;2021-01-18;937;8;7144;25;1.0;0.0
64;2021-01-19;1441;4;8585;29;1.3;0.0
64;2021-01-20;1613;1;10198;30;1.5;0.0
64;2021-01-21;2597;1;12795;31;1.9;0.0
64;2021-01-22;1644;3;14439;34;2.1;0.0
64;2021-01-23;521;1;14960;35;2.2;0.0
64;2021-01-24;88;0;15048;35;2.2;0.0
64;2021-01-25;968;7;16016;42;2.3;0.0
64;2021-01-26;1353;21;17369;63;2.5;0.0
64;2021-01-27;1239;120;18608;183;2.7;0.0
64;2021-01-28;1645;633;20253;816;3.0;0.1
64;2021-01-29;970;654;21223;1470;3.1;0.2
64;2021-01-30;465;60;21688;1530;3.2;0.2
64;2021-01-31;90;0;21778;1530;3.2;0.2
64;2021-02-01;673;313;22451;1843;3.3;0.3
64;2021-02-02;1130;554;23581;2397;3.5;0.4
64;2021-02-03;1036;631;24617;3028;3.6;0.4
64;2021-02-04;1025;535;25642;3563;3.8;0.5
64;2021-02-05;866;457;26508;4020;3.9;0.6
64;2021-02-06;498;34;27006;4054;4.0;0.6
64;2021-02-07;130;3;27136;4057;4.0;0.6
64;2021-02-08;767;310;27903;4367;4.1;0.6
64;2021-02-09;940;722;28843;5089;4.2;0.7
64;2021-02-10;908;804;29751;5893;4.4;0.9
64;2021-02-11;1198;1482;30949;7375;4.5;1.1
64;2021-02-12;1073;1068;32022;8443;4.7;1.2
64;2021-02-13;223;322;32245;8765;4.7;1.3
64;2021-02-14;36;49;32281;8814;4.7;1.3
64;2021-02-15;221;1130;32502;9944;4.8;1.5
64;2021-02-16;257;1407;32759;11351;4.8;1.7
64;2021-02-17;290;1256;33049;12607;4.8;1.8
64;2021-02-18;506;1716;33555;14323;4.9;2.1
64;2021-02-19;413;1293;33968;15616;5.0;2.3
64;2021-02-20;119;442;34087;16058;5.0;2.4
64;2021-02-21;20;83;34107;16141;5.0;2.4
64;2021-02-22;475;990;34582;17131;5.1;2.5
64;2021-02-23;710;1144;35292;18275;5.2;2.7
64;2021-02-24;724;1018;36016;19293;5.3;2.8
64;2021-02-25;1091;956;37107;20249;5.4;3.0
64;2021-02-26;1208;915;38315;21164;5.6;3.1
64;2021-02-27;863;406;39178;21570;5.7;3.2
64;2021-02-28;41;86;39219;21656;5.7;3.2
64;2021-03-01;761;795;39980;22451;5.9;3.3
64;2021-03-02;1076;913;41056;23364;6.0;3.4
64;2021-03-03;1240;1009;42296;24373;6.2;3.6
64;2021-03-04;1867;1180;44163;25553;6.5;3.7
64;2021-03-05;2188;1064;46351;26617;6.8;3.9
64;2021-03-06;1538;517;47889;27134;7.0;4.0
64;2021-03-07;591;109;48480;27243;7.1;4.0
64;2021-03-08;1529;764;50009;28007;7.3;4.1
64;2021-03-09;2059;841;52068;28848;7.6;4.2
64;2021-03-10;2076;751;54144;29599;7.9;4.3
64;2021-03-11;2966;1060;57110;30659;8.4;4.5
64;2021-03-12;3478;581;60588;31240;8.9;4.6
64;2021-03-13;2255;164;62843;31404;9.2;4.6
64;2021-03-14;227;15;63070;31419;9.2;4.6
64;2021-03-15;2329;226;65399;31645;9.6;4.6
64;2021-03-16;1974;258;67373;31903;9.9;4.7
64;2021-03-17;2059;230;69432;32133;10.2;4.7
64;2021-03-18;2455;201;71887;32334;10.5;4.7
64;2021-03-19;3002;276;74889;32610;11.0;4.8
64;2021-03-20;2452;85;77341;32695;11.3;4.8
64;2021-03-21;1271;24;78612;32719;11.5;4.8
64;2021-03-22;2576;543;81188;33262;11.9;4.9
64;2021-03-23;3192;654;84380;33916;12.4;5.0
64;2021-03-24;3560;695;87940;34611;12.9;5.1
64;2021-03-25;4341;800;92281;35411;13.5;5.2
64;2021-03-26;4411;693;96692;36104;14.2;5.3
64;2021-03-27;2965;416;99657;36520;14.6;5.3
64;2021-03-28;517;51;100174;36571;14.7;5.4
64;2021-03-29;3016;879;103190;37450;15.1;5.5
64;2021-03-30;4124;861;107314;38311;15.7;5.6
64;2021-03-31;3576;768;110890;39079;16.2;5.7
64;2021-04-01;4752;917;115642;39996;16.9;5.9
64;2021-04-02;4435;737;120077;40733;17.6;6.0
64;2021-04-03;2056;583;122133;41316;17.9;6.0
64;2021-04-04;301;49;122434;41365;17.9;6.1
64;2021-04-05;1681;137;124115;41502;18.2;6.1
64;2021-04-06;3642;1379;127757;42881;18.7;6.3
64;2021-04-07;3938;1499;131695;44380;19.3;6.5
64;2021-04-08;5184;1583;136879;45963;20.0;6.7
64;2021-04-09;5874;1608;142753;47571;20.9;7.0
64;2021-04-10;3218;1036;145971;48607;21.4;7.1
64;2021-04-11;435;252;146406;48859;21.4;7.2
64;2021-04-12;4036;1843;150442;50702;22.0;7.4
64;2021-04-13;4451;2145;154893;52847;22.7;7.7
64;2021-04-14;4077;2116;158970;54963;23.3;8.0
64;2021-04-15;4388;2273;163358;57236;23.9;8.4
64;2021-04-16;4276;2253;167634;59489;24.5;8.7
64;2021-04-17;2477;1492;170111;60981;24.9;8.9
64;2021-04-18;1096;1180;171207;62161;25.1;9.1
64;2021-04-19;2722;2441;173929;64602;25.5;9.5
64;2021-04-20;3200;2417;177129;67019;25.9;9.8
64;2021-04-21;3203;2548;180332;69567;26.4;10.2
64;2021-04-22;3379;2770;183711;72337;26.9;10.6
64;2021-04-23;3422;2583;187133;74920;27.4;11.0
64;2021-04-24;2064;1582;189197;76502;27.7;11.2
64;2021-04-25;288;238;189485;76740;27.7;11.2
64;2021-04-26;2652;2648;192137;79388;28.1;11.6
64;2021-04-27;3056;3124;195193;82512;28.6;12.1
64;2021-04-28;3597;3057;198790;85569;29.1;12.5
64;2021-04-29;4643;3439;203433;89008;29.8;13.0
64;2021-04-30;4068;3603;207501;92611;30.4;13.6
64;2021-05-01;1479;1023;208980;93634;30.6;13.7
64;2021-05-02;443;326;209423;93960;30.7;13.8
64;2021-05-03;2907;3478;212330;97438;31.1;14.3
64;2021-05-04;3639;3975;215969;101413;31.6;14.8
64;2021-05-05;3352;4003;219321;105416;32.1;15.4
64;2021-05-06;4108;3976;223429;109392;32.7;16.0
64;2021-05-07;3912;4177;227341;113569;33.3;16.6
64;2021-05-08;2616;1225;229957;114794;33.7;16.8
64;2021-05-09;716;308;230673;115102;33.8;16.8
64;2021-05-10;2857;4235;233530;119337;34.2;17.5
64;2021-05-11;4175;4144;237705;123481;34.8;18.1
64;2021-05-12;4480;3936;242185;127417;35.5;18.7
64;2021-05-13;3195;878;245380;128295;35.9;18.8
64;2021-05-14;5137;3137;250517;131432;36.7;19.2
64;2021-05-15;3521;1866;254038;133298;37.2;19.5
64;2021-05-16;495;224;254533;133522;37.3;19.5
64;2021-05-17;4188;2374;258721;135896;37.9;19.9
64;2021-05-18;5158;2293;263879;138189;38.6;20.2
64;2021-05-19;4972;2155;268851;140344;39.4;20.5
64;2021-05-20;5554;2150;274405;142494;40.2;20.9
64;2021-05-21;5259;2241;279664;144735;40.9;21.2
64;2021-05-22;3570;1502;283234;146237;41.5;21.4
64;2021-05-23;427;207;283661;146444;41.5;21.4
64;2021-05-24;2993;1221;286654;147665;42.0;21.6
64;2021-05-25;4328;2833;290982;150498;42.6;22.0
64;2021-05-26;4345;2706;295327;153204;43.2;22.4
64;2021-05-27;5281;3139;300608;156343;44.0;22.9
64;2021-05-28;4596;3425;305204;159768;44.7;23.4
64;2021-05-29;2805;2110;308009;161878;45.1;23.7
64;2021-05-30;436;204;308445;162082;45.1;23.7
64;2021-05-31;3888;3660;312333;165742;45.7;24.3
64;2021-06-01;5315;3559;317648;169301;46.5;24.8
64;2021-06-02;4927;3161;322575;172462;47.2;25.2
64;2021-06-03;6355;3251;328930;175713;48.1;25.7
64;2021-06-04;5136;4536;334066;180249;48.9;26.4
64;2021-06-05;3480;2519;337546;182768;49.4;26.8
64;2021-06-06;2001;327;339547;183095;49.7;26.8
64;2021-06-07;4115;4315;343662;187410;50.3;27.4
64;2021-06-08;5135;4114;348797;191524;51.1;28.0
64;2021-06-09;5129;3640;353926;195164;51.8;28.6
64;2021-06-10;6147;3125;360073;198289;52.7;29.0
64;2021-06-11;5555;4857;365628;203146;53.5;29.7
64;2021-06-12;3930;2310;369558;205456;54.1;30.1
64;2021-06-13;1547;390;371105;205846;54.3;30.1
64;2021-06-14;3653;4785;374758;210631;54.9;30.8
64;2021-06-15;4535;4691;379293;215322;55.5;31.5
64;2021-06-16;4445;4654;383738;219976;56.2;32.2
64;2021-06-17;3615;4286;387353;224262;56.7;32.8
64;2021-06-18;4395;5163;391748;229425;57.3;33.6
64;2021-06-19;2954;3271;394702;232696;57.8;34.1
64;2021-06-20;872;536;395574;233232;57.9;34.1
64;2021-06-21;2287;5130;397861;238362;58.2;34.9
64;2021-06-22;2531;5727;400392;244089;58.6;35.7
64;2021-06-23;3083;5477;403475;249566;59.1;36.5
64;2021-06-24;2681;3803;406156;253369;59.5;37.1
64;2021-06-25;2858;6428;409014;259797;59.9;38.0
64;2021-06-26;1782;3830;410796;263627;60.1;38.6
64;2021-06-27;485;710;411281;264337;60.2;38.7
64;2021-06-28;1902;6060;413183;270397;60.5;39.6
64;2021-06-29;1902;6260;415085;276657;60.8;40.5
64;2021-06-30;2201;6004;417286;282661;61.1;41.4
64;2021-07-01;2330;5334;419616;287995;61.4;42.2
64;2021-07-02;2268;6391;421884;294386;61.8;43.1
64;2021-07-03;1246;3780;423130;298166;61.9;43.6
64;2021-07-04;402;842;423532;299008;62.0;43.8
64;2021-07-05;1352;5414;424884;304422;62.2;44.6
64;2021-07-06;1950;6146;426834;310568;62.5;45.5
64;2021-07-07;2028;5740;428862;316308;62.8;46.3
64;2021-07-08;1762;4383;430624;320691;63.0;46.9
64;2021-07-09;1799;6528;432423;327219;63.3;47.9
64;2021-07-10;1163;3873;433586;331092;63.5;48.5
64;2021-07-11;250;858;433836;331950;63.5;48.6
64;2021-07-12;1483;6090;435319;338040;63.7;49.5
64;2021-07-13;2321;7240;437640;345280;64.1;50.5
64;2021-07-14;2345;3382;439985;348662;64.4;51.0
64;2021-07-15;2060;5468;442045;354130;64.7;51.8
64;2021-07-16;2803;6756;444848;360886;65.1;52.8
64;2021-07-17;2311;4575;447159;365461;65.5;53.5
64;2021-07-18;696;2046;447855;367507;65.6;53.8
64;2021-07-19;2306;6103;450161;373610;65.9;54.7
65;2020-12-27;0;0;0;0;0.0;0.0
65;2020-12-28;0;0;0;0;0.0;0.0
65;2020-12-29;0;0;0;0;0.0;0.0
65;2020-12-30;0;0;0;0;0.0;0.0
65;2020-12-31;0;0;0;0;0.0;0.0
65;2021-01-01;0;0;0;0;0.0;0.0
65;2021-01-02;0;0;0;0;0.0;0.0
65;2021-01-03;0;0;0;0;0.0;0.0
65;2021-01-04;0;0;0;0;0.0;0.0
65;2021-01-05;0;0;0;0;0.0;0.0
65;2021-01-06;3;0;3;0;0.0;0.0
65;2021-01-07;167;0;170;0;0.1;0.0
65;2021-01-08;253;1;423;1;0.2;0.0
65;2021-01-09;175;1;598;2;0.3;0.0
65;2021-01-10;1;0;599;2;0.3;0.0
65;2021-01-11;273;3;872;5;0.4;0.0
65;2021-01-12;270;1;1142;6;0.5;0.0
65;2021-01-13;584;1;1726;7;0.8;0.0
65;2021-01-14;577;4;2303;11;1.0;0.0
65;2021-01-15;527;2;2830;13;1.2;0.0
65;2021-01-16;221;2;3051;15;1.3;0.0
65;2021-01-17;1;0;3052;15;1.3;0.0
65;2021-01-18;549;4;3601;19;1.6;0.0
65;2021-01-19;570;1;4171;20;1.8;0.0
65;2021-01-20;582;1;4753;21;2.1;0.0
65;2021-01-21;582;0;5335;21;2.4;0.0
65;2021-01-22;595;0;5930;21;2.6;0.0
65;2021-01-23;174;1;6104;22;2.7;0.0
65;2021-01-24;3;1;6107;23;2.7;0.0
65;2021-01-25;550;3;6657;26;2.9;0.0
65;2021-01-26;877;1;7534;27;3.3;0.0
65;2021-01-27;587;12;8121;39;3.6;0.0
65;2021-01-28;501;71;8622;110;3.8;0.0
65;2021-01-29;425;138;9047;248;4.0;0.1
65;2021-01-30;183;72;9230;320;4.1;0.1
65;2021-01-31;15;0;9245;320;4.1;0.1
65;2021-02-01;317;90;9562;410;4.2;0.2
65;2021-02-02;415;195;9977;605;4.4;0.3
65;2021-02-03;461;245;10438;850;4.6;0.4
65;2021-02-04;307;333;10745;1183;4.7;0.5
65;2021-02-05;282;362;11027;1545;4.9;0.7
65;2021-02-06;100;103;11127;1648;4.9;0.7
65;2021-02-07;10;0;11137;1648;4.9;0.7
65;2021-02-08;425;223;11562;1871;5.1;0.8
65;2021-02-09;270;379;11832;2250;5.2;1.0
65;2021-02-10;294;272;12126;2522;5.3;1.1
65;2021-02-11;319;274;12445;2796;5.5;1.2
65;2021-02-12;273;232;12718;3028;5.6;1.3
65;2021-02-13;123;97;12841;3125;5.7;1.4
65;2021-02-14;2;16;12843;3141;5.7;1.4
65;2021-02-15;201;414;13044;3555;5.8;1.6
65;2021-02-16;487;582;13531;4137;6.0;1.8
65;2021-02-17;229;499;13760;4636;6.1;2.0
65;2021-02-18;284;586;14044;5222;6.2;2.3
65;2021-02-19;153;479;14197;5701;6.3;2.5
65;2021-02-20;53;158;14250;5859;6.3;2.6
65;2021-02-21;2;48;14252;5907;6.3;2.6
65;2021-02-22;166;539;14418;6446;6.4;2.8
65;2021-02-23;247;528;14665;6974;6.5;3.1
65;2021-02-24;233;637;14898;7611;6.6;3.4
65;2021-02-25;211;178;15109;7789;6.7;3.4
65;2021-02-26;350;776;15459;8565;6.8;3.8
65;2021-02-27;107;202;15566;8767;6.9;3.9
65;2021-02-28;1;0;15567;8767;6.9;3.9
65;2021-03-01;374;374;15941;9141;7.0;4.0
65;2021-03-02;452;361;16393;9502;7.2;4.2
65;2021-03-03;379;389;16772;9891;7.4;4.4
65;2021-03-04;694;329;17466;10220;7.7;4.5
65;2021-03-05;674;277;18140;10497;8.0;4.6
65;2021-03-06;1183;82;19323;10579;8.5;4.7
65;2021-03-07;257;9;19580;10588;8.6;4.7
65;2021-03-08;410;344;19990;10932;8.8;4.8
65;2021-03-09;665;319;20655;11251;9.1;5.0
65;2021-03-10;622;370;21277;11621;9.4;5.1
65;2021-03-11;780;350;22057;11971;9.7;5.3
65;2021-03-12;1057;185;23114;12156;10.2;5.4
65;2021-03-13;353;91;23467;12247;10.3;5.4
65;2021-03-14;3;31;23470;12278;10.3;5.4
65;2021-03-15;813;182;24283;12460;10.7;5.5
65;2021-03-16;691;213;24974;12673;11.0;5.6
65;2021-03-17;709;205;25683;12878;11.3;5.7
65;2021-03-18;530;228;26213;13106;11.6;5.8
65;2021-03-19;878;157;27091;13263;11.9;5.8
65;2021-03-20;244;43;27335;13306;12.1;5.9
65;2021-03-21;8;2;27343;13308;12.1;5.9
65;2021-03-22;731;152;28074;13460;12.4;5.9
65;2021-03-23;833;365;28907;13825;12.7;6.1
65;2021-03-24;868;253;29775;14078;13.1;6.2
65;2021-03-25;1249;192;31024;14270;13.7;6.3
65;2021-03-26;1219;137;32243;14407;14.2;6.4
65;2021-03-27;1357;71;33600;14478;14.8;6.4
65;2021-03-28;1;2;33601;14480;14.8;6.4
65;2021-03-29;1486;354;35087;14834;15.5;6.5
65;2021-03-30;1353;401;36440;15235;16.1;6.7
65;2021-03-31;1202;368;37642;15603;16.6;6.9
65;2021-04-01;1507;389;39149;15992;17.3;7.0
65;2021-04-02;1682;286;40831;16278;18.0;7.2
65;2021-04-03;247;42;41078;16320;18.1;7.2
65;2021-04-04;4;1;41082;16321;18.1;7.2
65;2021-04-05;157;45;41239;16366;18.2;7.2
65;2021-04-06;1279;482;42518;16848;18.7;7.4
65;2021-04-07;1948;438;44466;17286;19.6;7.6
65;2021-04-08;1630;410;46096;17696;20.3;7.8
65;2021-04-09;1641;464;47737;18160;21.0;8.0
65;2021-04-10;1586;137;49323;18297;21.7;8.1
65;2021-04-11;2;0;49325;18297;21.7;8.1
65;2021-04-12;1343;733;50668;19030;22.3;8.4
65;2021-04-13;1572;588;52240;19618;23.0;8.6
65;2021-04-14;1900;735;54140;20353;23.9;9.0
65;2021-04-15;1698;656;55838;21009;24.6;9.3
65;2021-04-16;1825;523;57663;21532;25.4;9.5
65;2021-04-17;2150;117;59813;21649;26.4;9.5
65;2021-04-18;6;27;59819;21676;26.4;9.6
65;2021-04-19;1338;777;61157;22453;27.0;9.9
65;2021-04-20;1524;702;62681;23155;27.6;10.2
65;2021-04-21;1043;1047;63724;24202;28.1;10.7
65;2021-04-22;1645;723;65369;24925;28.8;11.0
65;2021-04-23;1155;1140;66524;26065;29.3;11.5
65;2021-04-24;1256;599;67780;26664;29.9;11.8
65;2021-04-25;30;15;67810;26679;29.9;11.8
65;2021-04-26;1601;1292;69411;27971;30.6;12.3
65;2021-04-27;1417;1334;70828;29305;31.2;12.9
65;2021-04-28;1728;1022;72556;30327;32.0;13.4
65;2021-04-29;1957;1021;74513;31348;32.8;13.8
65;2021-04-30;1778;924;76291;32272;33.6;14.2
65;2021-05-01;1568;206;77859;32478;34.3;14.3
65;2021-05-02;669;19;78528;32497;34.6;14.3
65;2021-05-03;1287;1620;79815;34117;35.2;15.0
65;2021-05-04;1539;1239;81354;35356;35.9;15.6
65;2021-05-05;1370;1640;82724;36996;36.5;16.3
65;2021-05-06;1552;1178;84276;38174;37.2;16.8
65;2021-05-07;1270;1564;85546;39738;37.7;17.5
65;2021-05-08;1644;433;87190;40171;38.4;17.7
65;2021-05-09;0;90;87190;40261;38.4;17.7
65;2021-05-10;954;1882;88144;42143;38.9;18.6
65;2021-05-11;1055;1809;89199;43952;39.3;19.4
65;2021-05-12;1232;1633;90431;45585;39.9;20.1
65;2021-05-13;1336;162;91767;45747;40.5;20.2
65;2021-05-14;1575;1092;93342;46839;41.1;20.6
65;2021-05-15;1399;498;94741;47337;41.8;20.9
65;2021-05-16;1445;69;96186;47406;42.4;20.9
65;2021-05-17;1036;1610;97222;49016;42.9;21.6
65;2021-05-18;1608;1200;98830;50216;43.6;22.1
65;2021-05-19;1682;1004;100512;51220;44.3;22.6
65;2021-05-20;1843;1043;102355;52263;45.1;23.0
65;2021-05-21;1793;1230;104148;53493;45.9;23.6
65;2021-05-22;1286;637;105434;54130;46.5;23.9
65;2021-05-23;689;32;106123;54162;46.8;23.9
65;2021-05-24;701;78;106824;54240;47.1;23.9
65;2021-05-25;1351;1542;108175;55782;47.7;24.6
65;2021-05-26;1468;1352;109643;57134;48.3;25.2
65;2021-05-27;1618;1453;111261;58587;49.0;25.8
65;2021-05-28;1595;1667;112856;60254;49.8;26.6
65;2021-05-29;1185;1508;114041;61762;50.3;27.2
65;2021-05-30;6;10;114047;61772;50.3;27.2
65;2021-05-31;1319;1295;115366;63067;50.9;27.8
65;2021-06-01;1826;927;117192;63994;51.7;28.2
65;2021-06-02;1567;945;118759;64939;52.4;28.6
65;2021-06-03;1337;1100;120096;66039;52.9;29.1
65;2021-06-04;1787;1560;121883;67599;53.7;29.8
65;2021-06-05;434;1239;122317;68838;53.9;30.3
65;2021-06-06;3;13;122320;68851;53.9;30.4
65;2021-06-07;672;1984;122992;70835;54.2;31.2
65;2021-06-08;948;1535;123940;72370;54.6;31.9
65;2021-06-09;822;1550;124762;73920;55.0;32.6
65;2021-06-10;738;1157;125500;75077;55.3;33.1
65;2021-06-11;904;1810;126404;76887;55.7;33.9
65;2021-06-12;150;639;126554;77526;55.8;34.2
65;2021-06-13;5;7;126559;77533;55.8;34.2
65;2021-06-14;503;2422;127062;79955;56.0;35.2
65;2021-06-15;921;1805;127983;81760;56.4;36.0
65;2021-06-16;1040;1368;129023;83128;56.9;36.6
65;2021-06-17;806;1047;129829;84175;57.2;37.1
65;2021-06-18;976;1627;130805;85802;57.7;37.8
65;2021-06-19;686;1689;131491;87491;58.0;38.6
65;2021-06-20;1;2;131492;87493;58.0;38.6
65;2021-06-21;735;1938;132227;89431;58.3;39.4
65;2021-06-22;1025;1480;133252;90911;58.7;40.1
65;2021-06-23;1053;1233;134305;92144;59.2;40.6
65;2021-06-24;939;1138;135244;93282;59.6;41.1
65;2021-06-25;813;1963;136057;95245;60.0;42.0
65;2021-06-26;169;1660;136226;96905;60.1;42.7
65;2021-06-27;15;1103;136241;98008;60.1;43.2
65;2021-06-28;437;2304;136678;100312;60.3;44.2
65;2021-06-29;665;1912;137343;102224;60.5;45.1
65;2021-06-30;898;1681;138241;103905;60.9;45.8
65;2021-07-01;578;743;138819;104648;61.2;46.1
65;2021-07-02;1127;1729;139946;106377;61.7;46.9
65;2021-07-03;182;1914;140128;108291;61.8;47.7
65;2021-07-04;406;180;140534;108471;62.0;47.8
65;2021-07-05;621;1988;141155;110459;62.2;48.7
65;2021-07-06;881;2121;142036;112580;62.6;49.6
65;2021-07-07;933;1507;142969;114087;63.0;50.3
65;2021-07-08;314;660;143283;114747;63.2;50.6
65;2021-07-09;542;1593;143825;116340;63.4;51.3
65;2021-07-10;287;957;144112;117297;63.5;51.7
65;2021-07-11;0;0;144112;117297;63.5;51.7
65;2021-07-12;461;2222;144573;119519;63.7;52.7
65;2021-07-13;677;2146;145250;121665;64.0;53.6
65;2021-07-14;206;45;145456;121710;64.1;53.7
65;2021-07-15;1018;1657;146474;123367;64.6;54.4
65;2021-07-16;1152;1871;147626;125238;65.1;55.2
65;2021-07-17;331;529;147957;125767;65.2;55.4
65;2021-07-18;22;12;147979;125779;65.2;55.4
65;2021-07-19;617;1489;148596;127268;65.5;56.1
66;2020-12-27;0;0;0;0;0.0;0.0
66;2020-12-28;2;0;2;0;0.0;0.0
66;2020-12-29;0;0;2;0;0.0;0.0
66;2020-12-30;0;0;2;0;0.0;0.0
66;2020-12-31;1;0;3;0;0.0;0.0
66;2021-01-01;0;0;3;0;0.0;0.0
66;2021-01-02;0;0;3;0;0.0;0.0
66;2021-01-03;0;0;3;0;0.0;0.0
66;2021-01-04;30;0;33;0;0.0;0.0
66;2021-01-05;135;0;168;0;0.0;0.0
66;2021-01-06;195;0;363;0;0.1;0.0
66;2021-01-07;180;0;543;0;0.1;0.0
66;2021-01-08;212;0;755;0;0.2;0.0
66;2021-01-09;231;0;986;0;0.2;0.0
66;2021-01-10;11;0;997;0;0.2;0.0
66;2021-01-11;403;2;1400;2;0.3;0.0
66;2021-01-12;586;2;1986;4;0.4;0.0
66;2021-01-13;878;2;2864;6;0.6;0.0
66;2021-01-14;891;11;3755;17;0.8;0.0
66;2021-01-15;584;1;4339;18;0.9;0.0
66;2021-01-16;106;2;4445;20;0.9;0.0
66;2021-01-17;46;1;4491;21;0.9;0.0
66;2021-01-18;654;2;5145;23;1.1;0.0
66;2021-01-19;712;2;5857;25;1.2;0.0
66;2021-01-20;1167;2;7024;27;1.5;0.0
66;2021-01-21;2400;3;9424;30;2.0;0.0
66;2021-01-22;1435;8;10859;38;2.3;0.0
66;2021-01-23;399;3;11258;41;2.4;0.0
66;2021-01-24;226;9;11484;50;2.4;0.0
66;2021-01-25;734;43;12218;93;2.6;0.0
66;2021-01-26;784;68;13002;161;2.7;0.0
66;2021-01-27;864;104;13866;265;2.9;0.1
66;2021-01-28;867;128;14733;393;3.1;0.1
66;2021-01-29;816;126;15549;519;3.2;0.1
66;2021-01-30;480;72;16029;591;3.3;0.1
66;2021-01-31;202;27;16231;618;3.4;0.1
66;2021-02-01;562;192;16793;810;3.5;0.2
66;2021-02-02;618;293;17411;1103;3.6;0.2
66;2021-02-03;736;631;18147;1734;3.8;0.4
66;2021-02-04;688;622;18835;2356;3.9;0.5
66;2021-02-05;775;417;19610;2773;4.1;0.6
66;2021-02-06;410;148;20020;2921;4.2;0.6
66;2021-02-07;169;139;20189;3060;4.2;0.6
66;2021-02-08;499;395;20688;3455;4.3;0.7
66;2021-02-09;529;402;21217;3857;4.4;0.8
66;2021-02-10;611;774;21828;4631;4.6;1.0
66;2021-02-11;1103;1576;22931;6207;4.8;1.3
66;2021-02-12;1119;1203;24050;7410;5.0;1.5
66;2021-02-13;365;307;24415;7717;5.1;1.6
66;2021-02-14;111;199;24526;7916;5.1;1.7
66;2021-02-15;424;701;24950;8617;5.2;1.8
66;2021-02-16;303;792;25253;9409;5.3;2.0
66;2021-02-17;376;703;25629;10112;5.4;2.1
66;2021-02-18;365;781;25994;10893;5.4;2.3
66;2021-02-19;401;705;26395;11598;5.5;2.4
66;2021-02-20;182;415;26577;12013;5.5;2.5
66;2021-02-21;40;174;26617;12187;5.6;2.5
66;2021-02-22;416;646;27033;12833;5.6;2.7
66;2021-02-23;508;662;27541;13495;5.7;2.8
66;2021-02-24;340;753;27881;14248;5.8;3.0
66;2021-02-25;716;716;28597;14964;6.0;3.1
66;2021-02-26;951;747;29548;15711;6.2;3.3
66;2021-02-27;363;433;29911;16144;6.2;3.4
66;2021-02-28;59;173;29970;16317;6.3;3.4
66;2021-03-01;378;655;30348;16972;6.3;3.5
66;2021-03-02;329;656;30677;17628;6.4;3.7
66;2021-03-03;521;642;31198;18270;6.5;3.8
66;2021-03-04;985;1053;32183;19323;6.7;4.0
66;2021-03-05;1525;791;33708;20114;7.0;4.2
66;2021-03-06;1141;342;34849;20456;7.3;4.3
66;2021-03-07;1091;95;35940;20551;7.5;4.3
66;2021-03-08;691;545;36631;21096;7.6;4.4
66;2021-03-09;1220;593;37851;21689;7.9;4.5
66;2021-03-10;1300;497;39151;22186;8.2;4.6
66;2021-03-11;1471;594;40622;22780;8.5;4.8
66;2021-03-12;2392;578;43014;23358;9.0;4.9
66;2021-03-13;1080;306;44094;23664;9.2;4.9
66;2021-03-14;190;85;44284;23749;9.2;5.0
66;2021-03-15;1107;393;45391;24142;9.5;5.0
66;2021-03-16;951;259;46342;24401;9.7;5.1
66;2021-03-17;866;393;47208;24794;9.9;5.2
66;2021-03-18;967;343;48175;25137;10.1;5.2
66;2021-03-19;1290;315;49465;25452;10.3;5.3
66;2021-03-20;835;122;50300;25574;10.5;5.3
66;2021-03-21;185;44;50485;25618;10.5;5.3
66;2021-03-22;1103;395;51588;26013;10.8;5.4
66;2021-03-23;1753;389;53341;26402;11.1;5.5
66;2021-03-24;1786;511;55127;26913;11.5;5.6
66;2021-03-25;2527;463;57654;27376;12.0;5.7
66;2021-03-26;2575;354;60229;27730;12.6;5.8
66;2021-03-27;1206;292;61435;28022;12.8;5.9
66;2021-03-28;320;3;61755;28025;12.9;5.9
66;2021-03-29;1824;255;63579;28280;13.3;5.9
66;2021-03-30;2233;168;65812;28448;13.7;5.9
66;2021-03-31;1984;248;67796;28696;14.2;6.0
66;2021-04-01;2667;301;70463;28997;14.7;6.1
66;2021-04-02;2415;250;72878;29247;15.2;6.1
66;2021-04-03;1148;334;74026;29581;15.5;6.2
66;2021-04-04;105;127;74131;29708;15.5;6.2
66;2021-04-05;192;142;74323;29850;15.5;6.2
66;2021-04-06;1327;652;75650;30502;15.8;6.4
66;2021-04-07;1394;592;77044;31094;16.1;6.5
66;2021-04-08;2066;544;79110;31638;16.5;6.6
66;2021-04-09;3470;650;82580;32288;17.2;6.7
66;2021-04-10;2305;516;84885;32804;17.7;6.8
66;2021-04-11;1197;167;86082;32971;18.0;6.9
66;2021-04-12;2697;1020;88779;33991;18.5;7.1
66;2021-04-13;3606;1056;92385;35047;19.3;7.3
66;2021-04-14;3284;917;95669;35964;20.0;7.5
66;2021-04-15;3546;1045;99215;37009;20.7;7.7
66;2021-04-16;3589;1027;102804;38036;21.5;7.9
66;2021-04-17;2259;586;105063;38622;21.9;8.1
66;2021-04-18;1445;130;106508;38752;22.2;8.1
66;2021-04-19;2256;1120;108764;39872;22.7;8.3
66;2021-04-20;2367;1080;111131;40952;23.2;8.5
66;2021-04-21;2865;1181;113996;42133;23.8;8.8
66;2021-04-22;2649;1228;116645;43361;24.4;9.1
66;2021-04-23;2374;1228;119019;44589;24.8;9.3
66;2021-04-24;2741;871;121760;45460;25.4;9.5
66;2021-04-25;1206;267;122966;45727;25.7;9.5
66;2021-04-26;1995;1251;124961;46978;26.1;9.8
66;2021-04-27;2746;1296;127707;48274;26.7;10.1
66;2021-04-28;2416;1661;130123;49935;27.2;10.4
66;2021-04-29;2692;2121;132815;52056;27.7;10.9
66;2021-04-30;3055;1557;135870;53613;28.4;11.2
66;2021-05-01;1998;467;137868;54080;28.8;11.3
66;2021-05-02;1528;261;139396;54341;29.1;11.3
66;2021-05-03;2936;1105;142332;55446;29.7;11.6
66;2021-05-04;3170;1342;145502;56788;30.4;11.9
66;2021-05-05;3052;1531;148554;58319;31.0;12.2
66;2021-05-06;3758;2072;152312;60391;31.8;12.6
66;2021-05-07;2961;3081;155273;63472;32.4;13.3
66;2021-05-08;1728;1168;157001;64640;32.8;13.5
66;2021-05-09;885;1374;157886;66014;33.0;13.8
66;2021-05-10;1802;2975;159688;68989;33.3;14.4
66;2021-05-11;2739;3122;162427;72111;33.9;15.1
66;2021-05-12;2426;2565;164853;74676;34.4;15.6
66;2021-05-13;2255;1378;167108;76054;34.9;15.9
66;2021-05-14;2771;2116;169879;78170;35.5;16.3
66;2021-05-15;2324;1578;172203;79748;36.0;16.6
66;2021-05-16;2282;1251;174485;80999;36.4;16.9
66;2021-05-17;2045;1820;176530;82819;36.9;17.3
66;2021-05-18;3235;1805;179765;84624;37.5;17.7
66;2021-05-19;2874;1335;182639;85959;38.1;17.9
66;2021-05-20;4376;1437;187015;87396;39.0;18.2
66;2021-05-21;3269;1455;190284;88851;39.7;18.5
66;2021-05-22;3065;764;193349;89615;40.4;18.7
66;2021-05-23;1507;236;194856;89851;40.7;18.8
66;2021-05-24;1952;419;196808;90270;41.1;18.8
66;2021-05-25;2790;1684;199598;91954;41.7;19.2
66;2021-05-26;2780;1489;202378;93443;42.3;19.5
66;2021-05-27;3380;2249;205758;95692;43.0;20.0
66;2021-05-28;2677;3048;208435;98740;43.5;20.6
66;2021-05-29;2144;1518;210579;100258;44.0;20.9
66;2021-05-30;782;988;211361;101246;44.1;21.1
66;2021-05-31;2115;1790;213476;103036;44.6;21.5
66;2021-06-01;2620;2000;216096;105036;45.1;21.9
66;2021-06-02;2801;2333;218897;107369;45.7;22.4
66;2021-06-03;2470;2972;221367;110341;46.2;23.0
66;2021-06-04;1850;3348;223217;113689;46.6;23.7
66;2021-06-05;1404;2599;224621;116288;46.9;24.3
66;2021-06-06;291;1224;224912;117512;47.0;24.5
66;2021-06-07;1331;2957;226243;120469;47.2;25.2
66;2021-06-08;1731;3016;227974;123485;47.6;25.8
66;2021-06-09;2060;2784;230034;126269;48.0;26.4
66;2021-06-10;2063;2949;232097;129218;48.5;27.0
66;2021-06-11;2090;3863;234187;133081;48.9;27.8
66;2021-06-12;864;2409;235051;135490;49.1;28.3
66;2021-06-13;511;1332;235562;136822;49.2;28.6
66;2021-06-14;1356;3494;236918;140316;49.5;29.3
66;2021-06-15;2121;3564;239039;143880;49.9;30.0
66;2021-06-16;1779;3566;240818;147446;50.3;30.8
66;2021-06-17;2423;3598;243241;151044;50.8;31.5
66;2021-06-18;2217;3818;245458;154862;51.2;32.3
66;2021-06-19;1534;2314;246992;157176;51.6;32.8
66;2021-06-20;986;1255;247978;158431;51.8;33.1
66;2021-06-21;1151;2873;249129;161304;52.0;33.7
66;2021-06-22;1496;3764;250625;165068;52.3;34.5
66;2021-06-23;1315;3028;251940;168096;52.6;35.1
66;2021-06-24;1500;3231;253440;171327;52.9;35.8
66;2021-06-25;1386;3535;254826;174862;53.2;36.5
66;2021-06-26;961;2680;255787;177542;53.4;37.1
66;2021-06-27;674;1558;256461;179100;53.5;37.4
66;2021-06-28;975;2976;257436;182076;53.7;38.0
66;2021-06-29;1129;3793;258565;185869;54.0;38.8
66;2021-06-30;1252;3292;259817;189161;54.2;39.5
66;2021-07-01;1331;4037;261148;193198;54.5;40.3
66;2021-07-02;1287;3603;262435;196801;54.8;41.1
66;2021-07-03;1143;3899;263578;200700;55.0;41.9
66;2021-07-04;707;1787;264285;202487;55.2;42.3
66;2021-07-05;1075;2992;265360;205479;55.4;42.9
66;2021-07-06;1363;3783;266723;209262;55.7;43.7
66;2021-07-07;1372;3249;268095;212511;56.0;44.4
66;2021-07-08;1254;3374;269349;215885;56.2;45.1
66;2021-07-09;1402;3455;270751;219340;56.5;45.8
66;2021-07-10;998;2397;271749;221737;56.7;46.3
66;2021-07-11;537;1536;272286;223273;56.8;46.6
66;2021-07-12;979;3633;273265;226906;57.0;47.4
66;2021-07-13;2103;4253;275368;231159;57.5;48.3
66;2021-07-14;1935;1216;277303;232375;57.9;48.5
66;2021-07-15;2746;3076;280049;235451;58.5;49.2
66;2021-07-16;3262;3133;283311;238584;59.1;49.8
66;2021-07-17;2102;2019;285413;240603;59.6;50.2
66;2021-07-18;1180;1038;286593;241641;59.8;50.4
66;2021-07-19;2743;3037;289336;244678;60.4;51.1
67;2020-12-27;0;0;0;0;0.0;0.0
67;2020-12-28;0;0;0;0;0.0;0.0
67;2020-12-29;0;0;0;0;0.0;0.0
67;2020-12-30;0;0;0;0;0.0;0.0
67;2020-12-31;0;0;0;0;0.0;0.0
67;2021-01-01;0;0;0;0;0.0;0.0
67;2021-01-02;1;0;1;0;0.0;0.0
67;2021-01-03;0;0;1;0;0.0;0.0
67;2021-01-04;41;0;42;0;0.0;0.0
67;2021-01-05;165;0;207;0;0.0;0.0
67;2021-01-06;122;0;329;0;0.0;0.0
67;2021-01-07;235;0;564;0;0.0;0.0
67;2021-01-08;231;1;795;1;0.1;0.0
67;2021-01-09;113;1;908;2;0.1;0.0
67;2021-01-10;65;0;973;2;0.1;0.0
67;2021-01-11;182;1;1155;3;0.1;0.0
67;2021-01-12;511;1;1666;4;0.1;0.0
67;2021-01-13;649;1;2315;5;0.2;0.0
67;2021-01-14;1072;7;3387;12;0.3;0.0
67;2021-01-15;933;8;4320;20;0.4;0.0
67;2021-01-16;196;3;4516;23;0.4;0.0
67;2021-01-17;98;0;4614;23;0.4;0.0
67;2021-01-18;890;2;5504;25;0.5;0.0
67;2021-01-19;1419;2;6923;27;0.6;0.0
67;2021-01-20;1844;11;8767;38;0.8;0.0
67;2021-01-21;2196;7;10963;45;1.0;0.0
67;2021-01-22;1987;5;12950;50;1.1;0.0
67;2021-01-23;810;2;13760;52;1.2;0.0
67;2021-01-24;379;1;14139;53;1.2;0.0
67;2021-01-25;525;31;14664;84;1.3;0.0
67;2021-01-26;157;108;14821;192;1.3;0.0
67;2021-01-27;1390;90;16211;282;1.4;0.0
67;2021-01-28;3042;219;19253;501;1.7;0.0
67;2021-01-29;2022;150;21275;651;1.9;0.1
67;2021-01-30;1093;84;22368;735;2.0;0.1
67;2021-01-31;1159;29;23527;764;2.1;0.1
67;2021-02-01;3389;244;26916;1008;2.4;0.1
67;2021-02-02;2684;426;29600;1434;2.6;0.1
67;2021-02-03;1567;405;31167;1839;2.8;0.2
67;2021-02-04;1191;766;32358;2605;2.9;0.2
67;2021-02-05;1192;645;33550;3250;3.0;0.3
67;2021-02-06;785;147;34335;3397;3.0;0.3
67;2021-02-07;289;44;34624;3441;3.1;0.3
67;2021-02-08;834;450;35458;3891;3.1;0.3
67;2021-02-09;955;742;36413;4633;3.2;0.4
67;2021-02-10;926;793;37339;5426;3.3;0.5
67;2021-02-11;1147;1130;38486;6556;3.4;0.6
67;2021-02-12;1242;779;39728;7335;3.5;0.6
67;2021-02-13;765;280;40493;7615;3.6;0.7
67;2021-02-14;243;95;40736;7710;3.6;0.7
67;2021-02-15;778;840;41514;8550;3.7;0.8
67;2021-02-16;924;1150;42438;9700;3.7;0.9
67;2021-02-17;780;1203;43218;10903;3.8;1.0
67;2021-02-18;1396;2576;44614;13479;3.9;1.2
67;2021-02-19;1368;2143;45982;15622;4.1;1.4
67;2021-02-20;621;916;46603;16538;4.1;1.5
67;2021-02-21;208;1198;46811;17736;4.1;1.6
67;2021-02-22;1401;2203;48212;19939;4.3;1.8
67;2021-02-23;1453;1591;49665;21530;4.4;1.9
67;2021-02-24;1430;1077;51095;22607;4.5;2.0
67;2021-02-25;1612;1503;52707;24110;4.7;2.1
67;2021-02-26;2216;1418;54923;25528;4.8;2.3
67;2021-02-27;1252;784;56175;26312;5.0;2.3
67;2021-02-28;145;363;56320;26675;5.0;2.4
67;2021-03-01;635;1016;56955;27691;5.0;2.4
67;2021-03-02;887;1205;57842;28896;5.1;2.6
67;2021-03-03;1408;1286;59250;30182;5.2;2.7
67;2021-03-04;1954;1054;61204;31236;5.4;2.8
67;2021-03-05;3247;1114;64451;32350;5.7;2.9
67;2021-03-06;2328;771;66779;33121;5.9;2.9
67;2021-03-07;465;281;67244;33402;5.9;2.9
67;2021-03-08;1180;799;68424;34201;6.0;3.0
67;2021-03-09;2208;897;70632;35098;6.2;3.1
67;2021-03-10;2438;1184;73070;36282;6.5;3.2
67;2021-03-11;3199;1338;76269;37620;6.7;3.3
67;2021-03-12;5236;1348;81505;38968;7.2;3.4
67;2021-03-13;3994;878;85499;39846;7.5;3.5
67;2021-03-14;483;387;85982;40233;7.6;3.6
67;2021-03-15;2187;1149;88169;41382;7.8;3.7
67;2021-03-16;1541;1234;89710;42616;7.9;3.8
67;2021-03-17;2054;923;91764;43539;8.1;3.8
67;2021-03-18;2380;723;94144;44262;8.3;3.9
67;2021-03-19;3662;742;97806;45004;8.6;4.0
67;2021-03-20;3066;499;100872;45503;8.9;4.0
67;2021-03-21;327;13;101199;45516;8.9;4.0
67;2021-03-22;2325;766;103524;46282;9.1;4.1
67;2021-03-23;3387;756;106911;47038;9.4;4.2
67;2021-03-24;3894;798;110805;47836;9.8;4.2
67;2021-03-25;5306;519;116111;48355;10.3;4.3
67;2021-03-26;6860;450;122971;48805;10.9;4.3
67;2021-03-27;3916;321;126887;49126;11.2;4.3
67;2021-03-28;576;96;127463;49222;11.3;4.3
67;2021-03-29;3806;423;131269;49645;11.6;4.4
67;2021-03-30;4823;660;136092;50305;12.0;4.4
67;2021-03-31;4835;680;140927;50985;12.4;4.5
67;2021-04-01;5123;897;146050;51882;12.9;4.6
67;2021-04-02;997;165;147047;52047;13.0;4.6
67;2021-04-03;1688;284;148735;52331;13.1;4.6
67;2021-04-04;326;5;149061;52336;13.2;4.6
67;2021-04-05;362;2;149423;52338;13.2;4.6
67;2021-04-06;3466;1162;152889;53500;13.5;4.7
67;2021-04-07;4525;1257;157414;54757;13.9;4.8
67;2021-04-08;5642;1380;163056;56137;14.4;5.0
67;2021-04-09;7096;1284;170152;57421;15.0;5.1
67;2021-04-10;4321;868;174473;58289;15.4;5.1
67;2021-04-11;853;423;175326;58712;15.5;5.2
67;2021-04-12;3874;1392;179200;60104;15.8;5.3
67;2021-04-13;4888;1559;184088;61663;16.3;5.4
67;2021-04-14;5228;1878;189316;63541;16.7;5.6
67;2021-04-15;6062;2079;195378;65620;17.3;5.8
67;2021-04-16;7822;2380;203200;68000;17.9;6.0
67;2021-04-17;4000;1565;207200;69565;18.3;6.1
67;2021-04-18;1112;641;208312;70206;18.4;6.2
67;2021-04-19;3621;2134;211933;72340;18.7;6.4
67;2021-04-20;4253;1909;216186;74249;19.1;6.6
67;2021-04-21;4062;2489;220248;76738;19.4;6.8
67;2021-04-22;4472;2895;224720;79633;19.8;7.0
67;2021-04-23;5228;2945;229948;82578;20.3;7.3
67;2021-04-24;3096;2000;233044;84578;20.6;7.5
67;2021-04-25;1025;445;234069;85023;20.7;7.5
67;2021-04-26;3182;2609;237251;87632;20.9;7.7
67;2021-04-27;4017;2917;241268;90549;21.3;8.0
67;2021-04-28;4241;3356;245509;93905;21.7;8.3
67;2021-04-29;5107;3496;250616;97401;22.1;8.6
67;2021-04-30;7167;2451;257783;99852;22.8;8.8
67;2021-05-01;2678;780;260461;100632;23.0;8.9
67;2021-05-02;2181;667;262642;101299;23.2;8.9
67;2021-05-03;5552;2610;268194;103909;23.7;9.2
67;2021-05-04;5845;3598;274039;107507;24.2;9.5
67;2021-05-05;5201;4184;279240;111691;24.7;9.9
67;2021-05-06;6701;4900;285941;116591;25.2;10.3
67;2021-05-07;6418;6906;292359;123497;25.8;10.9
67;2021-05-08;3552;1014;295911;124511;26.1;11.0
67;2021-05-09;3363;592;299274;125103;26.4;11.0
67;2021-05-10;4688;4524;303962;129627;26.8;11.4
67;2021-05-11;5645;4919;309607;134546;27.3;11.9
67;2021-05-12;6583;4814;316190;139360;27.9;12.3
67;2021-05-13;7300;1691;323490;141051;28.6;12.5
67;2021-05-14;8875;5357;332365;146408;29.3;12.9
67;2021-05-15;8184;3643;340549;150051;30.1;13.2
67;2021-05-16;6170;973;346719;151024;30.6;13.3
67;2021-05-17;5685;3905;352404;154929;31.1;13.7
67;2021-05-18;6894;3971;359298;158900;31.7;14.0
67;2021-05-19;7372;4144;366670;163044;32.4;14.4
67;2021-05-20;8681;4208;375351;167252;33.1;14.8
67;2021-05-21;8151;5841;383502;173093;33.9;15.3
67;2021-05-22;5932;3412;389434;176505;34.4;15.6
67;2021-05-23;2649;591;392083;177096;34.6;15.6
67;2021-05-24;4416;859;396499;177955;35.0;15.7
67;2021-05-25;5406;4758;401905;182713;35.5;16.1
67;2021-05-26;6051;4869;407956;187582;36.0;16.6
67;2021-05-27;7304;4889;415260;192471;36.7;17.0
67;2021-05-28;7957;6481;423217;198952;37.4;17.6
67;2021-05-29;6639;3857;429856;202809;38.0;17.9
67;2021-05-30;1146;809;431002;203618;38.1;18.0
67;2021-05-31;6399;4051;437401;207669;38.6;18.3
67;2021-06-01;7314;4384;444715;212053;39.3;18.7
67;2021-06-02;8018;4153;452733;216206;40.0;19.1
67;2021-06-03;8810;4853;461543;221059;40.8;19.5
67;2021-06-04;8577;6110;470120;227169;41.5;20.1
67;2021-06-05;6545;3983;476665;231152;42.1;20.4
67;2021-06-06;3471;872;480136;232024;42.4;20.5
67;2021-06-07;7408;4251;487544;236275;43.0;20.9
67;2021-06-08;8593;4904;496137;241179;43.8;21.3
67;2021-06-09;9234;4781;505371;245960;44.6;21.7
67;2021-06-10;9738;4998;515109;250958;45.5;22.2
67;2021-06-11;8036;8327;523145;259285;46.2;22.9
67;2021-06-12;6742;5181;529887;264466;46.8;23.4
67;2021-06-13;3078;1038;532965;265504;47.1;23.4
67;2021-06-14;5471;6461;538436;271965;47.5;24.0
67;2021-06-15;6666;6745;545102;278710;48.1;24.6
67;2021-06-16;6908;6693;552010;285403;48.7;25.2
67;2021-06-17;7219;9040;559229;294443;49.4;26.0
67;2021-06-18;7554;8494;566783;302937;50.0;26.7
67;2021-06-19;6350;5956;573133;308893;50.6;27.3
67;2021-06-20;1439;1409;574572;310302;50.7;27.4
67;2021-06-21;4235;6765;578807;317067;51.1;28.0
67;2021-06-22;4203;9093;583010;326160;51.5;28.8
67;2021-06-23;5231;8178;588241;334338;51.9;29.5
67;2021-06-24;4496;9086;592737;343424;52.3;30.3
67;2021-06-25;5288;9945;598025;353369;52.8;31.2
67;2021-06-26;3424;9109;601449;362478;53.1;32.0
67;2021-06-27;1004;3520;602453;365998;53.2;32.3
67;2021-06-28;2836;8745;605289;374743;53.4;33.1
67;2021-06-29;2858;8595;608147;383338;53.7;33.8
67;2021-06-30;3330;8736;611477;392074;54.0;34.6
67;2021-07-01;3543;8414;615020;400488;54.3;35.4
67;2021-07-02;3709;10930;618729;411418;54.6;36.3
67;2021-07-03;2931;7744;621660;419162;54.9;37.0
67;2021-07-04;752;1866;622412;421028;55.0;37.2
67;2021-07-05;2588;8251;625000;429279;55.2;37.9
67;2021-07-06;3010;8431;628010;437710;55.4;38.6
67;2021-07-07;3834;8723;631844;446433;55.8;39.4
67;2021-07-08;4152;7777;635996;454210;56.2;40.1
67;2021-07-09;3734;11352;639730;465562;56.5;41.1
67;2021-07-10;2826;8203;642556;473765;56.7;41.8
67;2021-07-11;924;1991;643480;475756;56.8;42.0
67;2021-07-12;2414;9707;645894;485463;57.0;42.9
67;2021-07-13;4051;9857;649945;495320;57.4;43.7
67;2021-07-14;3471;4377;653416;499697;57.7;44.1
67;2021-07-15;5078;12203;658494;511900;58.1;45.2
67;2021-07-16;4784;12254;663278;524154;58.6;46.3
67;2021-07-17;3709;8812;666987;532966;58.9;47.1
67;2021-07-18;1435;2529;668422;535495;59.0;47.3
67;2021-07-19;4556;9709;672978;545204;59.4;48.1
68;2020-12-27;0;0;0;0;0.0;0.0
68;2020-12-28;0;0;0;0;0.0;0.0
68;2020-12-29;0;0;0;0;0.0;0.0
68;2020-12-30;0;0;0;0;0.0;0.0
68;2020-12-31;0;0;0;0;0.0;0.0
68;2021-01-01;0;0;0;0;0.0;0.0
68;2021-01-02;0;0;0;0;0.0;0.0
68;2021-01-03;0;0;0;0;0.0;0.0
68;2021-01-04;1;0;1;0;0.0;0.0
68;2021-01-05;11;0;12;0;0.0;0.0
68;2021-01-06;244;2;256;2;0.0;0.0
68;2021-01-07;75;0;331;2;0.0;0.0
68;2021-01-08;118;1;449;3;0.1;0.0
68;2021-01-09;20;0;469;3;0.1;0.0
68;2021-01-10;0;0;469;3;0.1;0.0
68;2021-01-11;82;0;551;3;0.1;0.0
68;2021-01-12;386;1;937;4;0.1;0.0
68;2021-01-13;703;1;1640;5;0.2;0.0
68;2021-01-14;372;2;2012;7;0.3;0.0
68;2021-01-15;204;1;2216;8;0.3;0.0
68;2021-01-16;0;0;2216;8;0.3;0.0
68;2021-01-17;0;0;2216;8;0.3;0.0
68;2021-01-18;379;5;2595;13;0.3;0.0
68;2021-01-19;559;4;3154;17;0.4;0.0
68;2021-01-20;705;9;3859;26;0.5;0.0
68;2021-01-21;1379;12;5238;38;0.7;0.0
68;2021-01-22;1498;12;6736;50;0.9;0.0
68;2021-01-23;215;4;6951;54;0.9;0.0
68;2021-01-24;697;0;7648;54;1.0;0.0
68;2021-01-25;1386;46;9034;100;1.2;0.0
68;2021-01-26;1551;80;10585;180;1.4;0.0
68;2021-01-27;2730;139;13315;319;1.7;0.0
68;2021-01-28;2344;57;15659;376;2.1;0.0
68;2021-01-29;1503;115;17162;491;2.2;0.1
68;2021-01-30;164;2;17326;493;2.3;0.1
68;2021-01-31;0;0;17326;493;2.3;0.1
68;2021-02-01;736;103;18062;596;2.4;0.1
68;2021-02-02;867;305;18929;901;2.5;0.1
68;2021-02-03;997;620;19926;1521;2.6;0.2
68;2021-02-04;1000;325;20926;1846;2.7;0.2
68;2021-02-05;945;237;21871;2083;2.9;0.3
68;2021-02-06;137;1;22008;2084;2.9;0.3
68;2021-02-07;1;16;22009;2100;2.9;0.3
68;2021-02-08;894;20;22903;2120;3.0;0.3
68;2021-02-09;1357;44;24260;2164;3.2;0.3
68;2021-02-10;1451;59;25711;2223;3.4;0.3
68;2021-02-11;1488;466;27199;2689;3.6;0.4
68;2021-02-12;1546;448;28745;3137;3.8;0.4
68;2021-02-13;132;0;28877;3137;3.8;0.4
68;2021-02-14;57;231;28934;3368;3.8;0.4
68;2021-02-15;662;1086;29596;4454;3.9;0.6
68;2021-02-16;861;1370;30457;5824;4.0;0.8
68;2021-02-17;1281;2132;31738;7956;4.2;1.0
68;2021-02-18;1631;2042;33369;9998;4.4;1.3
68;2021-02-19;984;1363;34353;11361;4.5;1.5
68;2021-02-20;93;125;34446;11486;4.5;1.5
68;2021-02-21;1;40;34447;11526;4.5;1.5
68;2021-02-22;446;797;34893;12323;4.6;1.6
68;2021-02-23;639;1060;35532;13383;4.7;1.8
68;2021-02-24;851;1156;36383;14539;4.8;1.9
68;2021-02-25;1209;1242;37592;15781;4.9;2.1
68;2021-02-26;1200;986;38792;16767;5.1;2.2
68;2021-02-27;545;173;39337;16940;5.2;2.2
68;2021-02-28;10;1;39347;16941;5.2;2.2
68;2021-03-01;937;763;40284;17704;5.3;2.3
68;2021-03-02;1213;918;41497;18622;5.4;2.4
68;2021-03-03;1589;965;43086;19587;5.6;2.6
68;2021-03-04;1988;1033;45074;20620;5.9;2.7
68;2021-03-05;2353;1039;47427;21659;6.2;2.8
68;2021-03-06;2282;234;49709;21893;6.5;2.9
68;2021-03-07;838;102;50547;21995;6.6;2.9
68;2021-03-08;1472;964;52019;22959;6.8;3.0
68;2021-03-09;1692;1333;53711;24292;7.0;3.2
68;2021-03-10;1958;1811;55669;26103;7.3;3.4
68;2021-03-11;2633;1918;58302;28021;7.6;3.7
68;2021-03-12;2624;1412;60926;29433;8.0;3.9
68;2021-03-13;3331;228;64257;29661;8.4;3.9
68;2021-03-14;1541;59;65798;29720;8.6;3.9
68;2021-03-15;1790;615;67588;30335;8.9;4.0
68;2021-03-16;1998;597;69586;30932;9.1;4.1
68;2021-03-17;1954;718;71540;31650;9.4;4.1
68;2021-03-18;2219;944;73759;32594;9.7;4.3
68;2021-03-19;3083;733;76842;33327;10.1;4.4
68;2021-03-20;972;121;77814;33448;10.2;4.4
68;2021-03-21;67;1;77881;33449;10.2;4.4
68;2021-03-22;1964;584;79845;34033;10.5;4.5
68;2021-03-23;2851;608;82696;34641;10.8;4.5
68;2021-03-24;3171;807;85867;35448;11.3;4.6
68;2021-03-25;3499;780;89366;36228;11.7;4.7
68;2021-03-26;3891;703;93257;36931;12.2;4.8
68;2021-03-27;1094;159;94351;37090;12.4;4.9
68;2021-03-28;55;3;94406;37093;12.4;4.9
68;2021-03-29;2263;1377;96669;38470;12.7;5.0
68;2021-03-30;2931;1297;99600;39767;13.1;5.2
68;2021-03-31;2638;1362;102238;41129;13.4;5.4
68;2021-04-01;2744;1541;104982;42670;13.8;5.6
68;2021-04-02;245;87;105227;42757;13.8;5.6
68;2021-04-03;239;123;105466;42880;13.8;5.6
68;2021-04-04;4;0;105470;42880;13.8;5.6
68;2021-04-05;47;2;105517;42882;13.8;5.6
68;2021-04-06;1794;1322;107311;44204;14.1;5.8
68;2021-04-07;2583;1529;109894;45733;14.4;6.0
68;2021-04-08;3228;1506;113122;47239;14.8;6.2
68;2021-04-09;4196;1519;117318;48758;15.4;6.4
68;2021-04-10;1199;1973;118517;50731;15.5;6.6
68;2021-04-11;125;1317;118642;52048;15.5;6.8
68;2021-04-12;2664;1637;121306;53685;15.9;7.0
68;2021-04-13;2758;2109;124064;55794;16.3;7.3
68;2021-04-14;3599;2260;127663;58054;16.7;7.6
68;2021-04-15;4036;2140;131699;60194;17.3;7.9
68;2021-04-16;3932;2068;135631;62262;17.8;8.2
68;2021-04-17;1065;435;136696;62697;17.9;8.2
68;2021-04-18;85;9;136781;62706;17.9;8.2
68;2021-04-19;2357;1835;139138;64541;18.2;8.5
68;2021-04-20;2437;2323;141575;66864;18.6;8.8
68;2021-04-21;2823;2481;144398;69345;18.9;9.1
68;2021-04-22;3284;1975;147682;71320;19.4;9.3
68;2021-04-23;3408;2074;151090;73394;19.8;9.6
68;2021-04-24;839;484;151929;73878;19.9;9.7
68;2021-04-25;213;20;152142;73898;19.9;9.7
68;2021-04-26;2328;2107;154470;76005;20.2;10.0
68;2021-04-27;2600;2209;157070;78214;20.6;10.2
68;2021-04-28;3571;1768;160641;79982;21.0;10.5
68;2021-04-29;4164;1744;164805;81726;21.6;10.7
68;2021-04-30;4832;1360;169637;83086;22.2;10.9
68;2021-05-01;938;119;170575;83205;22.3;10.9
68;2021-05-02;730;70;171305;83275;22.4;10.9
68;2021-05-03;3615;1812;174920;85087;22.9;11.1
68;2021-05-04;3932;2365;178852;87452;23.4;11.5
68;2021-05-05;3628;3234;182480;90686;23.9;11.9
68;2021-05-06;4803;2867;187283;93553;24.5;12.3
68;2021-05-07;4518;2909;191801;96462;25.1;12.6
68;2021-05-08;1660;209;193461;96671;25.3;12.7
68;2021-05-09;1074;105;194535;96776;25.5;12.7
68;2021-05-10;3158;3715;197693;100491;25.9;13.2
68;2021-05-11;4714;3609;202407;104100;26.5;13.6
68;2021-05-12;5775;3287;208182;107387;27.3;14.1
68;2021-05-13;4762;841;212944;108228;27.9;14.2
68;2021-05-14;5955;2128;218899;110356;28.7;14.5
68;2021-05-15;3554;909;222453;111265;29.1;14.6
68;2021-05-16;668;119;223121;111384;29.2;14.6
68;2021-05-17;4449;2496;227570;113880;29.8;14.9
68;2021-05-18;6137;2307;233707;116187;30.6;15.2
68;2021-05-19;5865;2884;239572;119071;31.4;15.6
68;2021-05-20;5927;2417;245499;121488;32.2;15.9
68;2021-05-21;5777;2866;251276;124354;32.9;16.3
68;2021-05-22;2576;922;253852;125276;33.3;16.4
68;2021-05-23;13;16;253865;125292;33.3;16.4
68;2021-05-24;2307;970;256172;126262;33.6;16.5
68;2021-05-25;4342;3425;260514;129687;34.1;17.0
68;2021-05-26;4876;3376;265390;133063;34.8;17.4
68;2021-05-27;5403;3394;270793;136457;35.5;17.9
68;2021-05-28;5618;3700;276411;140157;36.2;18.4
68;2021-05-29;1536;1175;277947;141332;36.4;18.5
68;2021-05-30;41;46;277988;141378;36.4;18.5
68;2021-05-31;5159;2361;283147;143739;37.1;18.8
68;2021-06-01;5967;2788;289114;146527;37.9;19.2
68;2021-06-02;4887;3001;294001;149528;38.5;19.6
68;2021-06-03;5937;3097;299938;152625;39.3;20.0
68;2021-06-04;4888;3298;304826;155923;39.9;20.4
68;2021-06-05;777;1171;305603;157094;40.0;20.6
68;2021-06-06;66;115;305669;157209;40.1;20.6
68;2021-06-07;4756;3036;310425;160245;40.7;21.0
68;2021-06-08;4931;3549;315356;163794;41.3;21.5
68;2021-06-09;4978;3438;320334;167232;42.0;21.9
68;2021-06-10;5188;3121;325522;170353;42.7;22.3
68;2021-06-11;5036;4142;330558;174495;43.3;22.9
68;2021-06-12;3025;1763;333583;176258;43.7;23.1
68;2021-06-13;514;681;334097;176939;43.8;23.2
68;2021-06-14;2508;4389;336605;181328;44.1;23.8
68;2021-06-15;3100;4732;339705;186060;44.5;24.4
68;2021-06-16;3379;4426;343084;190486;45.0;25.0
68;2021-06-17;2349;4455;345433;194941;45.3;25.5
68;2021-06-18;3341;5184;348774;200125;45.7;26.2
68;2021-06-19;2246;2178;351020;202303;46.0;26.5
68;2021-06-20;255;893;351275;203196;46.0;26.6
68;2021-06-21;2049;5157;353324;208353;46.3;27.3
68;2021-06-22;1891;5178;355215;213531;46.5;28.0
68;2021-06-23;2309;5753;357524;219284;46.8;28.7
68;2021-06-24;2133;4893;359657;224177;47.1;29.4
68;2021-06-25;2272;6661;361929;230838;47.4;30.2
68;2021-06-26;1292;2604;363221;233442;47.6;30.6
68;2021-06-27;150;880;363371;234322;47.6;30.7
68;2021-06-28;1596;6452;364967;240774;47.8;31.5
68;2021-06-29;1521;6639;366488;247413;48.0;32.4
68;2021-06-30;1776;6551;368264;253964;48.3;33.3
68;2021-07-01;2062;5346;370326;259310;48.5;34.0
68;2021-07-02;2086;6485;372412;265795;48.8;34.8
68;2021-07-03;970;1929;373382;267724;48.9;35.1
68;2021-07-04;239;198;373621;267922;49.0;35.1
68;2021-07-05;1450;5520;375071;273442;49.1;35.8
68;2021-07-06;1988;5884;377059;279326;49.4;36.6
68;2021-07-07;2441;4972;379500;284298;49.7;37.3
68;2021-07-08;2426;4739;381926;289037;50.0;37.9
68;2021-07-09;2086;7354;384012;296391;50.3;38.8
68;2021-07-10;1020;2002;385032;298393;50.4;39.1
68;2021-07-11;143;156;385175;298549;50.5;39.1
68;2021-07-12;1635;6778;386810;305327;50.7;40.0
68;2021-07-13;2896;6538;389706;311865;51.1;40.9
68;2021-07-14;1837;971;391543;312836;51.3;41.0
68;2021-07-15;3171;6642;394714;319478;51.7;41.9
68;2021-07-16;3741;6738;398455;326216;52.2;42.7
68;2021-07-17;3253;2258;401708;328474;52.6;43.0
68;2021-07-18;1052;224;402760;328698;52.8;43.1
68;2021-07-19;3005;6057;405765;334755;53.2;43.9
69;2020-12-27;0;0;0;0;0.0;0.0
69;2020-12-28;6;0;6;0;0.0;0.0
69;2020-12-29;5;0;11;0;0.0;0.0
69;2020-12-30;6;0;17;0;0.0;0.0
69;2020-12-31;10;0;27;0;0.0;0.0
69;2021-01-01;1;0;28;0;0.0;0.0
69;2021-01-02;1;0;29;0;0.0;0.0
69;2021-01-03;0;0;29;0;0.0;0.0
69;2021-01-04;10;0;39;0;0.0;0.0
69;2021-01-05;215;0;254;0;0.0;0.0
69;2021-01-06;505;0;759;0;0.0;0.0
69;2021-01-07;803;1;1562;1;0.1;0.0
69;2021-01-08;821;0;2383;1;0.1;0.0
69;2021-01-09;36;0;2419;1;0.1;0.0
69;2021-01-10;1;0;2420;1;0.1;0.0
69;2021-01-11;1133;2;3553;3;0.2;0.0
69;2021-01-12;1389;6;4942;9;0.3;0.0
69;2021-01-13;1386;3;6328;12;0.3;0.0
69;2021-01-14;2257;22;8585;34;0.5;0.0
69;2021-01-15;1824;9;10409;43;0.6;0.0
69;2021-01-16;926;3;11335;46;0.6;0.0
69;2021-01-17;258;2;11593;48;0.6;0.0
69;2021-01-18;1690;16;13283;64;0.7;0.0
69;2021-01-19;3499;65;16782;129;0.9;0.0
69;2021-01-20;4394;26;21176;155;1.1;0.0
69;2021-01-21;3985;19;25161;174;1.3;0.0
69;2021-01-22;3136;18;28297;192;1.5;0.0
69;2021-01-23;1277;1;29574;193;1.6;0.0
69;2021-01-24;100;1;29674;194;1.6;0.0
69;2021-01-25;2227;36;31901;230;1.7;0.0
69;2021-01-26;2558;84;34459;314;1.8;0.0
69;2021-01-27;2348;179;36807;493;2.0;0.0
69;2021-01-28;2229;373;39036;866;2.1;0.0
69;2021-01-29;2107;283;41143;1149;2.2;0.1
69;2021-01-30;888;2;42031;1151;2.2;0.1
69;2021-01-31;63;0;42094;1151;2.2;0.1
69;2021-02-01;1113;401;43207;1552;2.3;0.1
69;2021-02-02;1548;411;44755;1963;2.4;0.1
69;2021-02-03;1436;533;46191;2496;2.5;0.1
69;2021-02-04;1779;944;47970;3440;2.6;0.2
69;2021-02-05;816;807;48786;4247;2.6;0.2
69;2021-02-06;363;54;49149;4301;2.6;0.2
69;2021-02-07;0;0;49149;4301;2.6;0.2
69;2021-02-08;1131;1075;50280;5376;2.7;0.3
69;2021-02-09;2047;2102;52327;7478;2.8;0.4
69;2021-02-10;1841;2647;54168;10125;2.9;0.5
69;2021-02-11;1859;3291;56027;13416;3.0;0.7
69;2021-02-12;1894;2111;57921;15527;3.1;0.8
69;2021-02-13;460;807;58381;16334;3.1;0.9
69;2021-02-14;88;39;58469;16373;3.1;0.9
69;2021-02-15;1014;1773;59483;18146;3.2;1.0
69;2021-02-16;985;2449;60468;20595;3.2;1.1
69;2021-02-17;1028;2392;61496;22987;3.3;1.2
69;2021-02-18;965;2338;62461;25325;3.3;1.3
69;2021-02-19;894;1893;63355;27218;3.4;1.5
69;2021-02-20;325;912;63680;28130;3.4;1.5
69;2021-02-21;50;68;63730;28198;3.4;1.5
69;2021-02-22;605;2100;64335;30298;3.4;1.6
69;2021-02-23;737;2227;65072;32525;3.5;1.7
69;2021-02-24;970;2250;66042;34775;3.5;1.9
69;2021-02-25;2209;2666;68251;37441;3.6;2.0
69;2021-02-26;2774;1908;71025;39349;3.8;2.1
69;2021-02-27;924;567;71949;39916;3.8;2.1
69;2021-02-28;147;100;72096;40016;3.8;2.1
69;2021-03-01;2155;902;74251;40918;4.0;2.2
69;2021-03-02;3286;1371;77537;42289;4.1;2.3
69;2021-03-03;3654;1194;81191;43483;4.3;2.3
69;2021-03-04;4868;1238;86059;44721;4.6;2.4
69;2021-03-05;5847;1204;91906;45925;4.9;2.4
69;2021-03-06;3404;398;95310;46323;5.1;2.5
69;2021-03-07;636;39;95946;46362;5.1;2.5
69;2021-03-08;2947;1100;98893;47462;5.3;2.5
69;2021-03-09;4604;1210;103497;48672;5.5;2.6
69;2021-03-10;5051;999;108548;49671;5.8;2.6
69;2021-03-11;6585;952;115133;50623;6.1;2.7
69;2021-03-12;8760;1117;123893;51740;6.6;2.8
69;2021-03-13;4917;209;128810;51949;6.9;2.8
69;2021-03-14;2732;108;131542;52057;7.0;2.8
69;2021-03-15;4804;670;136346;52727;7.3;2.8
69;2021-03-16;3808;620;140154;53347;7.5;2.8
69;2021-03-17;3939;840;144093;54187;7.7;2.9
69;2021-03-18;4962;1579;149055;55766;7.9;3.0
69;2021-03-19;6676;1006;155731;56772;8.3;3.0
69;2021-03-20;3580;247;159311;57019;8.5;3.0
69;2021-03-21;1968;83;161279;57102;8.6;3.0
69;2021-03-22;4538;781;165817;57883;8.8;3.1
69;2021-03-23;7349;780;173166;58663;9.2;3.1
69;2021-03-24;6442;937;179608;59600;9.6;3.2
69;2021-03-25;8570;1066;188178;60666;10.0;3.2
69;2021-03-26;8810;1198;196988;61864;10.5;3.3
69;2021-03-27;3148;767;200136;62631;10.7;3.3
69;2021-03-28;2209;165;202345;62796;10.8;3.3
69;2021-03-29;4092;2181;206437;64977;11.0;3.5
69;2021-03-30;7631;2486;214068;67463;11.4;3.6
69;2021-03-31;6341;3142;220409;70605;11.7;3.8
69;2021-04-01;8415;2698;228824;73303;12.2;3.9
69;2021-04-02;8298;3073;237122;76376;12.6;4.1
69;2021-04-03;5419;2145;242541;78521;12.9;4.2
69;2021-04-04;6602;546;249143;79067;13.3;4.2
69;2021-04-05;6184;800;255327;79867;13.6;4.3
69;2021-04-06;5091;3468;260418;83335;13.9;4.4
69;2021-04-07;5153;3876;265571;87211;14.2;4.6
69;2021-04-08;6423;4046;271994;91257;14.5;4.9
69;2021-04-09;9160;3764;281154;95021;15.0;5.1
69;2021-04-10;3049;2489;284203;97510;15.1;5.2
69;2021-04-11;2033;1889;286236;99399;15.3;5.3
69;2021-04-12;5456;3604;291692;103003;15.5;5.5
69;2021-04-13;7061;4101;298753;107104;15.9;5.7
69;2021-04-14;6704;4106;305457;111210;16.3;5.9
69;2021-04-15;7911;4547;313368;115757;16.7;6.2
69;2021-04-16;7852;4478;321220;120235;17.1;6.4
69;2021-04-17;5033;2326;326253;122561;17.4;6.5
69;2021-04-18;1713;1793;327966;124354;17.5;6.6
69;2021-04-19;7007;3761;334973;128115;17.9;6.8
69;2021-04-20;6474;4736;341447;132851;18.2;7.1
69;2021-04-21;5681;4406;347128;137257;18.5;7.3
69;2021-04-22;6414;5409;353542;142666;18.8;7.6
69;2021-04-23;6691;4833;360233;147499;19.2;7.9
69;2021-04-24;3150;2021;363383;149520;19.4;8.0
69;2021-04-25;2112;1542;365495;151062;19.5;8.1
69;2021-04-26;4491;3881;369986;154943;19.7;8.3
69;2021-04-27;6505;5323;376491;160266;20.1;8.5
69;2021-04-28;6267;4845;382758;165111;20.4;8.8
69;2021-04-29;6692;5345;389450;170456;20.8;9.1
69;2021-04-30;6922;6156;396372;176612;21.1;9.4
69;2021-05-01;3294;644;399666;177256;21.3;9.4
69;2021-05-02;1622;5893;401288;183149;21.4;9.8
69;2021-05-03;5847;8241;407135;191390;21.7;10.2
69;2021-05-04;7591;8161;414726;199551;22.1;10.6
69;2021-05-05;11200;5624;425926;205175;22.7;10.9
69;2021-05-06;12472;6249;438398;211424;23.4;11.3
69;2021-05-07;11679;7139;450077;218563;24.0;11.7
69;2021-05-08;4293;1651;454370;220214;24.2;11.7
69;2021-05-09;6633;2679;461003;222893;24.6;11.9
69;2021-05-10;6924;6048;467927;228941;24.9;12.2
69;2021-05-11;9810;7035;477737;235976;25.5;12.6
69;2021-05-12;12459;6805;490196;242781;26.1;12.9
69;2021-05-13;10823;2560;501019;245341;26.7;13.1
69;2021-05-14;12577;5215;513596;250556;27.4;13.4
69;2021-05-15;9139;2598;522735;253154;27.9;13.5
69;2021-05-16;8395;1868;531130;255022;28.3;13.6
69;2021-05-17;11293;5631;542423;260653;28.9;13.9
69;2021-05-18;13202;6368;555625;267021;29.6;14.2
69;2021-05-19;13697;5858;569322;272879;30.3;14.5
69;2021-05-20;11366;6060;580688;278939;31.0;14.9
69;2021-05-21;11018;6560;591706;285499;31.5;15.2
69;2021-05-22;5574;2571;597280;288070;31.8;15.4
69;2021-05-23;4561;1537;601841;289607;32.1;15.4
69;2021-05-24;8424;1859;610265;291466;32.5;15.5
69;2021-05-25;9731;6167;619996;297633;33.0;15.9
69;2021-05-26;10268;6098;630264;303731;33.6;16.2
69;2021-05-27;10422;6760;640686;310491;34.2;16.6
69;2021-05-28;11601;8737;652287;319228;34.8;17.0
69;2021-05-29;7382;6034;659669;325262;35.2;17.3
69;2021-05-30;7385;3167;667054;328429;35.6;17.5
69;2021-05-31;10947;6357;678001;334786;36.1;17.8
69;2021-06-01;12393;7513;690394;342299;36.8;18.2
69;2021-06-02;14729;6689;705123;348988;37.6;18.6
69;2021-06-03;16508;7416;721631;356404;38.5;19.0
69;2021-06-04;14318;8537;735949;364941;39.2;19.5
69;2021-06-05;10005;3414;745954;368355;39.8;19.6
69;2021-06-06;7477;1704;753431;370059;40.2;19.7
69;2021-06-07;12720;7039;766151;377098;40.8;20.1
69;2021-06-08;15935;8242;782086;385340;41.7;20.5
69;2021-06-09;14908;7354;796994;392694;42.5;20.9
69;2021-06-10;15969;7286;812963;399980;43.3;21.3
69;2021-06-11;16407;9683;829370;409663;44.2;21.8
69;2021-06-12;8395;4188;837765;413851;44.7;22.1
69;2021-06-13;5590;2133;843355;415984;45.0;22.2
69;2021-06-14;8017;9091;851372;425075;45.4;22.7
69;2021-06-15;10294;10984;861666;436059;45.9;23.2
69;2021-06-16;10806;12278;872472;448337;46.5;23.9
69;2021-06-17;10962;13215;883434;461552;47.1;24.6
69;2021-06-18;10881;14756;894315;476308;47.7;25.4
69;2021-06-19;6513;8339;900828;484647;48.0;25.8
69;2021-06-20;5139;4761;905967;489408;48.3;26.1
69;2021-06-21;5478;12128;911445;501536;48.6;26.7
69;2021-06-22;5970;13842;917415;515378;48.9;27.5
69;2021-06-23;7213;13048;924628;528426;49.3;28.2
69;2021-06-24;7911;13716;932539;542142;49.7;28.9
69;2021-06-25;6592;16296;939131;558438;50.1;29.8
69;2021-06-26;3474;9080;942605;567518;50.2;30.3
69;2021-06-27;3244;7422;945849;574940;50.4;30.6
69;2021-06-28;3627;14896;949476;589836;50.6;31.4
69;2021-06-29;4583;15654;954059;605490;50.9;32.3
69;2021-06-30;5574;14448;959633;619938;51.2;33.0
69;2021-07-01;6247;11922;965880;631860;51.5;33.7
69;2021-07-02;5471;14104;971351;645964;51.8;34.4
69;2021-07-03;5637;7780;976988;653744;52.1;34.8
69;2021-07-04;3889;5555;980877;659299;52.3;35.1
69;2021-07-05;5356;13012;986233;672311;52.6;35.8
69;2021-07-06;5130;14275;991363;686586;52.8;36.6
69;2021-07-07;6921;13524;998284;700110;53.2;37.3
69;2021-07-08;7331;13406;1005615;713516;53.6;38.0
69;2021-07-09;7066;16432;1012681;729948;54.0;38.9
69;2021-07-10;2725;10316;1015406;740264;54.1;39.5
69;2021-07-11;4245;5832;1019651;746096;54.4;39.8
69;2021-07-12;3540;16966;1023191;763062;54.5;40.7
69;2021-07-13;5847;20702;1029038;783764;54.9;41.8
69;2021-07-14;4685;8473;1033723;792237;55.1;42.2
69;2021-07-15;7245;22565;1040968;814802;55.5;43.4
69;2021-07-16;9377;20088;1050345;834890;56.0;44.5
69;2021-07-17;4819;12189;1055164;847079;56.2;45.2
69;2021-07-18;3382;8893;1058546;855972;56.4;45.6
69;2021-07-19;6246;16385;1064792;872357;56.8;46.5
70;2020-12-27;0;0;0;0;0.0;0.0
70;2020-12-28;0;0;0;0;0.0;0.0
70;2020-12-29;0;0;0;0;0.0;0.0
70;2020-12-30;0;0;0;0;0.0;0.0
70;2020-12-31;0;0;0;0;0.0;0.0
70;2021-01-01;0;0;0;0;0.0;0.0
70;2021-01-02;0;0;0;0;0.0;0.0
70;2021-01-03;0;0;0;0;0.0;0.0
70;2021-01-04;0;0;0;0;0.0;0.0
70;2021-01-05;0;0;0;0;0.0;0.0
70;2021-01-06;24;0;24;0;0.0;0.0
70;2021-01-07;121;0;145;0;0.1;0.0
70;2021-01-08;21;0;166;0;0.1;0.0
70;2021-01-09;0;0;166;0;0.1;0.0
70;2021-01-10;0;0;166;0;0.1;0.0
70;2021-01-11;147;0;313;0;0.1;0.0
70;2021-01-12;194;1;507;1;0.2;0.0
70;2021-01-13;171;1;678;2;0.3;0.0
70;2021-01-14;149;5;827;7;0.4;0.0
70;2021-01-15;153;0;980;7;0.4;0.0
70;2021-01-16;65;0;1045;7;0.4;0.0
70;2021-01-17;0;0;1045;7;0.4;0.0
70;2021-01-18;384;0;1429;7;0.6;0.0
70;2021-01-19;500;2;1929;9;0.8;0.0
70;2021-01-20;494;2;2423;11;1.0;0.0
70;2021-01-21;673;1;3096;12;1.3;0.0
70;2021-01-22;458;3;3554;15;1.5;0.0
70;2021-01-23;261;1;3815;16;1.6;0.0
70;2021-01-24;3;0;3818;16;1.6;0.0
70;2021-01-25;371;1;4189;17;1.8;0.0
70;2021-01-26;335;1;4524;18;1.9;0.0
70;2021-01-27;328;10;4852;28;2.1;0.0
70;2021-01-28;365;36;5217;64;2.2;0.0
70;2021-01-29;329;53;5546;117;2.4;0.1
70;2021-01-30;228;0;5774;117;2.5;0.1
70;2021-01-31;0;0;5774;117;2.5;0.1
70;2021-02-01;260;51;6034;168;2.6;0.1
70;2021-02-02;272;98;6306;266;2.7;0.1
70;2021-02-03;252;61;6558;327;2.8;0.1
70;2021-02-04;264;122;6822;449;2.9;0.2
70;2021-02-05;254;75;7076;524;3.0;0.2
70;2021-02-06;209;37;7285;561;3.1;0.2
70;2021-02-07;0;0;7285;561;3.1;0.2
70;2021-02-08;178;234;7463;795;3.2;0.3
70;2021-02-09;206;231;7669;1026;3.3;0.4
70;2021-02-10;196;302;7865;1328;3.4;0.6
70;2021-02-11;346;326;8211;1654;3.5;0.7
70;2021-02-12;239;492;8450;2146;3.6;0.9
70;2021-02-13;75;211;8525;2357;3.7;1.0
70;2021-02-14;0;29;8525;2386;3.7;1.0
70;2021-02-15;70;340;8595;2726;3.7;1.2
70;2021-02-16;113;363;8708;3089;3.7;1.3
70;2021-02-17;167;304;8875;3393;3.8;1.5
70;2021-02-18;202;255;9077;3648;3.9;1.6
70;2021-02-19;197;202;9274;3850;4.0;1.7
70;2021-02-20;192;70;9466;3920;4.1;1.7
70;2021-02-21;1;0;9467;3920;4.1;1.7
70;2021-02-22;107;236;9574;4156;4.1;1.8
70;2021-02-23;124;259;9698;4415;4.2;1.9
70;2021-02-24;129;232;9827;4647;4.2;2.0
70;2021-02-25;315;256;10142;4903;4.3;2.1
70;2021-02-26;394;146;10536;5049;4.5;2.2
70;2021-02-27;147;202;10683;5251;4.6;2.3
70;2021-02-28;0;0;10683;5251;4.6;2.3
70;2021-03-01;249;240;10932;5491;4.7;2.4
70;2021-03-02;476;276;11408;5767;4.9;2.5
70;2021-03-03;467;253;11875;6020;5.1;2.6
70;2021-03-04;644;271;12519;6291;5.4;2.7
70;2021-03-05;766;257;13285;6548;5.7;2.8
70;2021-03-06;540;115;13825;6663;5.9;2.9
70;2021-03-07;216;23;14041;6686;6.0;2.9
70;2021-03-08;552;218;14593;6904;6.3;3.0
70;2021-03-09;864;184;15457;7088;6.6;3.0
70;2021-03-10;660;177;16117;7265;6.9;3.1
70;2021-03-11;698;243;16815;7508;7.2;3.2
70;2021-03-12;985;163;17800;7671;7.6;3.3
70;2021-03-13;565;112;18365;7783;7.9;3.3
70;2021-03-14;19;0;18384;7783;7.9;3.3
70;2021-03-15;771;104;19155;7887;8.2;3.4
70;2021-03-16;654;89;19809;7976;8.5;3.4
70;2021-03-17;596;174;20405;8150;8.8;3.5
70;2021-03-18;633;140;21038;8290;9.0;3.6
70;2021-03-19;1017;135;22055;8425;9.5;3.6
70;2021-03-20;640;182;22695;8607;9.7;3.7
70;2021-03-21;2;0;22697;8607;9.7;3.7
70;2021-03-22;752;96;23449;8703;10.1;3.7
70;2021-03-23;1305;149;24754;8852;10.6;3.8
70;2021-03-24;1248;95;26002;8947;11.2;3.8
70;2021-03-25;1243;184;27245;9131;11.7;3.9
70;2021-03-26;1487;291;28732;9422;12.3;4.0
70;2021-03-27;956;121;29688;9543;12.7;4.1
70;2021-03-28;0;10;29688;9553;12.7;4.1
70;2021-03-29;718;408;30406;9961;13.0;4.3
70;2021-03-30;1073;308;31479;10269;13.5;4.4
70;2021-03-31;861;310;32340;10579;13.9;4.5
70;2021-04-01;1153;420;33493;10999;14.4;4.7
70;2021-04-02;1310;335;34803;11334;14.9;4.9
70;2021-04-03;639;320;35442;11654;15.2;5.0
70;2021-04-04;9;0;35451;11654;15.2;5.0
70;2021-04-05;3;2;35454;11656;15.2;5.0
70;2021-04-06;831;554;36285;12210;15.6;5.2
70;2021-04-07;857;582;37142;12792;15.9;5.5
70;2021-04-08;1314;554;38456;13346;16.5;5.7
70;2021-04-09;1402;521;39858;13867;17.1;5.9
70;2021-04-10;858;339;40716;14206;17.5;6.1
70;2021-04-11;16;1;40732;14207;17.5;6.1
70;2021-04-12;692;656;41424;14863;17.8;6.4
70;2021-04-13;920;764;42344;15627;18.2;6.7
70;2021-04-14;814;576;43158;16203;18.5;6.9
70;2021-04-15;1077;595;44235;16798;19.0;7.2
70;2021-04-16;1242;538;45477;17336;19.5;7.4
70;2021-04-17;690;465;46167;17801;19.8;7.6
70;2021-04-18;56;4;46223;17805;19.8;7.6
70;2021-04-19;537;803;46760;18608;20.1;8.0
70;2021-04-20;664;849;47424;19457;20.3;8.3
70;2021-04-21;484;933;47908;20390;20.5;8.7
70;2021-04-22;776;791;48684;21181;20.9;9.1
70;2021-04-23;873;739;49557;21920;21.3;9.4
70;2021-04-24;431;637;49988;22557;21.4;9.7
70;2021-04-25;11;0;49999;22557;21.4;9.7
70;2021-04-26;924;597;50923;23154;21.8;9.9
70;2021-04-27;1207;744;52130;23898;22.4;10.2
70;2021-04-28;889;804;53019;24702;22.7;10.6
70;2021-04-29;1342;916;54361;25618;23.3;11.0
70;2021-04-30;1531;868;55892;26486;24.0;11.4
70;2021-05-01;1693;117;57585;26603;24.7;11.4
70;2021-05-02;2;0;57587;26603;24.7;11.4
70;2021-05-03;1188;563;58775;27166;25.2;11.6
70;2021-05-04;1336;735;60111;27901;25.8;12.0
70;2021-05-05;1188;867;61299;28768;26.3;12.3
70;2021-05-06;1849;1264;63148;30032;27.1;12.9
70;2021-05-07;2124;1223;65272;31255;28.0;13.4
70;2021-05-08;1339;183;66611;31438;28.6;13.5
70;2021-05-09;6;58;66617;31496;28.6;13.5
70;2021-05-10;957;946;67574;32442;29.0;13.9
70;2021-05-11;1238;1065;68812;33507;29.5;14.4
70;2021-05-12;1175;866;69987;34373;30.0;14.7
70;2021-05-13;1544;144;71531;34517;30.7;14.8
70;2021-05-14;2062;749;73593;35266;31.6;15.1
70;2021-05-15;2657;523;76250;35789;32.7;15.3
70;2021-05-16;998;72;77248;35861;33.1;15.4
70;2021-05-17;1235;383;78483;36244;33.7;15.5
70;2021-05-18;1294;590;79777;36834;34.2;15.8
70;2021-05-19;1476;478;81253;37312;34.8;16.0
70;2021-05-20;1776;623;83029;37935;35.6;16.3
70;2021-05-21;1690;817;84719;38752;36.3;16.6
70;2021-05-22;1221;662;85940;39414;36.9;16.9
70;2021-05-23;7;14;85947;39428;36.9;16.9
70;2021-05-24;210;23;86157;39451;36.9;16.9
70;2021-05-25;834;924;86991;40375;37.3;17.3
70;2021-05-26;1047;941;88038;41316;37.8;17.7
70;2021-05-27;1263;992;89301;42308;38.3;18.1
70;2021-05-28;1545;1162;90846;43470;39.0;18.6
70;2021-05-29;1371;586;92217;44056;39.5;18.9
70;2021-05-30;1;8;92218;44064;39.5;18.9
70;2021-05-31;969;677;93187;44741;40.0;19.2
70;2021-06-01;1213;850;94400;45591;40.5;19.6
70;2021-06-02;1263;672;95663;46263;41.0;19.8
70;2021-06-03;1430;845;97093;47108;41.6;20.2
70;2021-06-04;1337;1107;98430;48215;42.2;20.7
70;2021-06-05;1024;662;99454;48877;42.6;21.0
70;2021-06-06;599;78;100053;48955;42.9;21.0
70;2021-06-07;939;850;100992;49805;43.3;21.4
70;2021-06-08;1216;1174;102208;50979;43.8;21.9
70;2021-06-09;1154;987;103362;51966;44.3;22.3
70;2021-06-10;1558;819;104920;52785;45.0;22.6
70;2021-06-11;1584;1951;106504;54736;45.7;23.5
70;2021-06-12;824;1973;107328;56709;46.0;24.3
70;2021-06-13;132;12;107460;56721;46.1;24.3
70;2021-06-14;555;1242;108015;57963;46.3;24.9
70;2021-06-15;448;1505;108463;59468;46.5;25.5
70;2021-06-16;797;1393;109260;60861;46.9;26.1
70;2021-06-17;1142;2094;110402;62955;47.3;27.0
70;2021-06-18;993;2252;111395;65207;47.8;28.0
70;2021-06-19;1090;1637;112485;66844;48.2;28.7
70;2021-06-20;1;3;112486;66847;48.2;28.7
70;2021-06-21;688;1455;113174;68302;48.5;29.3
70;2021-06-22;652;1511;113826;69813;48.8;29.9
70;2021-06-23;650;1574;114476;71387;49.1;30.6
70;2021-06-24;872;2052;115348;73439;49.5;31.5
70;2021-06-25;678;2643;116026;76082;49.8;32.6
70;2021-06-26;941;2136;116967;78218;50.2;33.5
70;2021-06-27;138;760;117105;78978;50.2;33.9
70;2021-06-28;336;1347;117441;80325;50.4;34.4
70;2021-06-29;406;1611;117847;81936;50.5;35.1
70;2021-06-30;384;1633;118231;83569;50.7;35.8
70;2021-07-01;640;1751;118871;85320;51.0;36.6
70;2021-07-02;810;1575;119681;86895;51.3;37.3
70;2021-07-03;835;1079;120516;87974;51.7;37.7
70;2021-07-04;28;70;120544;88044;51.7;37.8
70;2021-07-05;609;1036;121153;89080;52.0;38.2
70;2021-07-06;677;1273;121830;90353;52.2;38.7
70;2021-07-07;502;1422;122332;91775;52.5;39.4
70;2021-07-08;812;1573;123144;93348;52.8;40.0
70;2021-07-09;867;1662;124011;95010;53.2;40.7
70;2021-07-10;821;1030;124832;96040;53.5;41.2
70;2021-07-11;6;20;124838;96060;53.5;41.2
70;2021-07-12;429;1398;125267;97458;53.7;41.8
70;2021-07-13;904;1860;126171;99318;54.1;42.6
70;2021-07-14;33;6;126204;99324;54.1;42.6
70;2021-07-15;1374;1691;127578;101015;54.7;43.3
70;2021-07-16;1614;2057;129192;103072;55.4;44.2
70;2021-07-17;1495;1439;130687;104511;56.0;44.8
70;2021-07-18;1138;627;131825;105138;56.5;45.1
70;2021-07-19;875;968;132700;106106;56.9;45.5
71;2020-12-27;0;0;0;0;0.0;0.0
71;2020-12-28;0;0;0;0;0.0;0.0
71;2020-12-29;0;0;0;0;0.0;0.0
71;2020-12-30;0;0;0;0;0.0;0.0
71;2020-12-31;0;0;0;0;0.0;0.0
71;2021-01-01;0;0;0;0;0.0;0.0
71;2021-01-02;0;0;0;0;0.0;0.0
71;2021-01-03;0;0;0;0;0.0;0.0
71;2021-01-04;1;0;1;0;0.0;0.0
71;2021-01-05;10;0;11;0;0.0;0.0
71;2021-01-06;71;0;82;0;0.0;0.0
71;2021-01-07;66;1;148;1;0.0;0.0
71;2021-01-08;146;0;294;1;0.1;0.0
71;2021-01-09;117;0;411;1;0.1;0.0
71;2021-01-10;1;0;412;1;0.1;0.0
71;2021-01-11;245;0;657;1;0.1;0.0
71;2021-01-12;843;1;1500;2;0.3;0.0
71;2021-01-13;562;1;2062;3;0.4;0.0
71;2021-01-14;577;9;2639;12;0.5;0.0
71;2021-01-15;666;1;3305;13;0.6;0.0
71;2021-01-16;9;0;3314;13;0.6;0.0
71;2021-01-17;0;0;3314;13;0.6;0.0
71;2021-01-18;1073;5;4387;18;0.8;0.0
71;2021-01-19;1672;6;6059;24;1.1;0.0
71;2021-01-20;1506;3;7565;27;1.4;0.0
71;2021-01-21;2054;12;9619;39;1.8;0.0
71;2021-01-22;1411;5;11030;44;2.0;0.0
71;2021-01-23;813;5;11843;49;2.2;0.0
71;2021-01-24;0;0;11843;49;2.2;0.0
71;2021-01-25;1061;6;12904;55;2.4;0.0
71;2021-01-26;1504;18;14408;73;2.6;0.0
71;2021-01-27;1246;31;15654;104;2.9;0.0
71;2021-01-28;1080;93;16734;197;3.1;0.0
71;2021-01-29;1012;144;17746;341;3.2;0.1
71;2021-01-30;604;2;18350;343;3.3;0.1
71;2021-01-31;0;15;18350;358;3.3;0.1
71;2021-02-01;749;238;19099;596;3.5;0.1
71;2021-02-02;751;357;19850;953;3.6;0.2
71;2021-02-03;817;426;20667;1379;3.8;0.3
71;2021-02-04;780;572;21447;1951;3.9;0.4
71;2021-02-05;705;525;22152;2476;4.0;0.5
71;2021-02-06;535;9;22687;2485;4.1;0.5
71;2021-02-07;3;50;22690;2535;4.1;0.5
71;2021-02-08;602;699;23292;3234;4.3;0.6
71;2021-02-09;373;1012;23665;4246;4.3;0.8
71;2021-02-10;408;997;24073;5243;4.4;1.0
71;2021-02-11;473;1175;24546;6418;4.5;1.2
71;2021-02-12;534;1034;25080;7452;4.6;1.4
71;2021-02-13;127;515;25207;7967;4.6;1.5
71;2021-02-14;1;7;25208;7974;4.6;1.5
71;2021-02-15;323;914;25531;8888;4.7;1.6
71;2021-02-16;441;1367;25972;10255;4.7;1.9
71;2021-02-17;425;1114;26397;11369;4.8;2.1
71;2021-02-18;548;936;26945;12305;4.9;2.2
71;2021-02-19;573;852;27518;13157;5.0;2.4
71;2021-02-20;223;381;27741;13538;5.1;2.5
71;2021-02-21;3;13;27744;13551;5.1;2.5
71;2021-02-22;235;878;27979;14429;5.1;2.6
71;2021-02-23;451;903;28430;15332;5.2;2.8
71;2021-02-24;438;719;28868;16051;5.3;2.9
71;2021-02-25;527;726;29395;16777;5.4;3.1
71;2021-02-26;831;529;30226;17306;5.5;3.2
71;2021-02-27;453;339;30679;17645;5.6;3.2
71;2021-02-28;54;14;30733;17659;5.6;3.2
71;2021-03-01;1187;679;31920;18338;5.8;3.3
71;2021-03-02;1573;632;33493;18970;6.1;3.5
71;2021-03-03;1816;756;35309;19726;6.4;3.6
71;2021-03-04;1987;805;37296;20531;6.8;3.7
71;2021-03-05;2284;679;39580;21210;7.2;3.9
71;2021-03-06;755;57;40335;21267;7.4;3.9
71;2021-03-07;39;21;40374;21288;7.4;3.9
71;2021-03-08;1450;767;41824;22055;7.6;4.0
71;2021-03-09;2156;503;43980;22558;8.0;4.1
71;2021-03-10;2165;453;46145;23011;8.4;4.2
71;2021-03-11;2633;621;48778;23632;8.9;4.3
71;2021-03-12;2604;589;51382;24221;9.4;4.4
71;2021-03-13;990;95;52372;24316;9.6;4.4
71;2021-03-14;34;0;52406;24316;9.6;4.4
71;2021-03-15;1798;486;54204;24802;9.9;4.5
71;2021-03-16;1819;185;56023;24987;10.2;4.6
71;2021-03-17;2130;241;58153;25228;10.6;4.6
71;2021-03-18;1950;425;60103;25653;11.0;4.7
71;2021-03-19;2362;312;62465;25965;11.4;4.7
71;2021-03-20;1082;32;63547;25997;11.6;4.7
71;2021-03-21;15;5;63562;26002;11.6;4.7
71;2021-03-22;2573;351;66135;26353;12.1;4.8
71;2021-03-23;3344;478;69479;26831;12.7;4.9
71;2021-03-24;3344;444;72823;27275;13.3;5.0
71;2021-03-25;4019;565;76842;27840;14.0;5.1
71;2021-03-26;4042;321;80884;28161;14.8;5.1
71;2021-03-27;995;105;81879;28266;14.9;5.2
71;2021-03-28;54;8;81933;28274;15.0;5.2
71;2021-03-29;2396;1168;84329;29442;15.4;5.4
71;2021-03-30;2952;1330;87281;30772;15.9;5.6
71;2021-03-31;2552;1506;89833;32278;16.4;5.9
71;2021-04-01;2717;1286;92550;33564;16.9;6.1
71;2021-04-02;2501;1410;95051;34974;17.4;6.4
71;2021-04-03;265;33;95316;35007;17.4;6.4
71;2021-04-04;2;0;95318;35007;17.4;6.4
71;2021-04-05;58;0;95376;35007;17.4;6.4
71;2021-04-06;2259;1863;97635;36870;17.8;6.7
71;2021-04-07;2389;1789;100024;38659;18.3;7.1
71;2021-04-08;3280;1797;103304;40456;18.9;7.4
71;2021-04-09;4032;1649;107336;42105;19.6;7.7
71;2021-04-10;769;42;108105;42147;19.7;7.7
71;2021-04-11;98;3;108203;42150;19.8;7.7
71;2021-04-12;2344;1688;110547;43838;20.2;8.0
71;2021-04-13;2576;1881;113123;45719;20.6;8.3
71;2021-04-14;2355;1905;115478;47624;21.1;8.7
71;2021-04-15;2776;1675;118254;49299;21.6;9.0
71;2021-04-16;2622;1638;120876;50937;22.1;9.3
71;2021-04-17;951;342;121827;51279;22.2;9.4
71;2021-04-18;106;4;121933;51283;22.3;9.4
71;2021-04-19;1757;2573;123690;53856;22.6;9.8
71;2021-04-20;2218;2587;125908;56443;23.0;10.3
71;2021-04-21;2123;2593;128031;59036;23.4;10.8
71;2021-04-22;2513;2429;130544;61465;23.8;11.2
71;2021-04-23;2914;2255;133458;63720;24.4;11.6
71;2021-04-24;517;48;133975;63768;24.5;11.6
71;2021-04-25;24;0;133999;63768;24.5;11.6
71;2021-04-26;2562;2118;136561;65886;24.9;12.0
71;2021-04-27;2982;2243;139543;68129;25.5;12.4
71;2021-04-28;3070;2099;142613;70228;26.0;12.8
71;2021-04-29;3779;2215;146392;72443;26.7;13.2
71;2021-04-30;3924;1719;150316;74162;27.4;13.5
71;2021-05-01;37;52;150353;74214;27.4;13.5
71;2021-05-02;23;18;150376;74232;27.4;13.6
71;2021-05-03;4280;1366;154656;75598;28.2;13.8
71;2021-05-04;2961;2337;157617;77935;28.8;14.2
71;2021-05-05;3426;2074;161043;80009;29.4;14.6
71;2021-05-06;3456;2351;164499;82360;30.0;15.0
71;2021-05-07;3669;2799;168168;85159;30.7;15.5
71;2021-05-08;176;184;168344;85343;30.7;15.6
71;2021-05-09;43;47;168387;85390;30.7;15.6
71;2021-05-10;3698;2272;172085;87662;31.4;16.0
71;2021-05-11;4643;2316;176728;89978;32.3;16.4
71;2021-05-12;3978;2573;180706;92551;33.0;16.9
71;2021-05-13;1573;149;182279;92700;33.3;16.9
71;2021-05-14;3761;2185;186040;94885;34.0;17.3
71;2021-05-15;240;324;186280;95209;34.0;17.4
71;2021-05-16;1;0;186281;95209;34.0;17.4
71;2021-05-17;3863;1881;190144;97090;34.7;17.7
71;2021-05-18;3496;2419;193640;99509;35.3;18.2
71;2021-05-19;3717;2274;197357;101783;36.0;18.6
71;2021-05-20;4176;2293;201533;104076;36.8;19.0
71;2021-05-21;3718;2571;205251;106647;37.5;19.5
71;2021-05-22;166;306;205417;106953;37.5;19.5
71;2021-05-23;11;55;205428;107008;37.5;19.5
71;2021-05-24;18;96;205446;107104;37.5;19.6
71;2021-05-25;2689;3001;208135;110105;38.0;20.1
71;2021-05-26;2964;2425;211099;112530;38.5;20.5
71;2021-05-27;3388;2583;214487;115113;39.2;21.0
71;2021-05-28;2916;3157;217403;118270;39.7;21.6
71;2021-05-29;479;657;217882;118927;39.8;21.7
71;2021-05-30;75;57;217957;118984;39.8;21.7
71;2021-05-31;2767;3453;220724;122437;40.3;22.3
71;2021-06-01;3657;3536;224381;125973;41.0;23.0
71;2021-06-02;3992;2621;228373;128594;41.7;23.5
71;2021-06-03;4431;2524;232804;131118;42.5;23.9
71;2021-06-04;3711;3712;236515;134830;43.2;24.6
71;2021-06-05;672;641;237187;135471;43.3;24.7
71;2021-06-06;57;91;237244;135562;43.3;24.7
71;2021-06-07;3276;4138;240520;139700;43.9;25.5
71;2021-06-08;3882;4006;244402;143706;44.6;26.2
71;2021-06-09;4682;2741;249084;146447;45.5;26.7
71;2021-06-10;5249;2729;254333;149176;46.4;27.2
71;2021-06-11;4429;3716;258762;152892;47.2;27.9
71;2021-06-12;702;590;259464;153482;47.4;28.0
71;2021-06-13;100;186;259564;153668;47.4;28.1
71;2021-06-14;3504;3774;263068;157442;48.0;28.7
71;2021-06-15;4197;3564;267265;161006;48.8;29.4
71;2021-06-16;4585;2716;271850;163722;49.6;29.9
71;2021-06-17;4259;2997;276109;166719;50.4;30.4
71;2021-06-18;4312;3766;280421;170485;51.2;31.1
71;2021-06-19;1260;646;281681;171131;51.4;31.2
71;2021-06-20;34;27;281715;171158;51.4;31.2
71;2021-06-21;2264;4283;283979;175441;51.8;32.0
71;2021-06-22;2673;4352;286652;179793;52.3;32.8
71;2021-06-23;3055;3420;289707;183213;52.9;33.4
71;2021-06-24;3316;3025;293023;186238;53.5;34.0
71;2021-06-25;2642;4474;295665;190712;54.0;34.8
71;2021-06-26;365;550;296030;191262;54.0;34.9
71;2021-06-27;29;68;296059;191330;54.0;34.9
71;2021-06-28;1514;4625;297573;195955;54.3;35.8
71;2021-06-29;1966;4817;299539;200772;54.7;36.6
71;2021-06-30;2429;3922;301968;204694;55.1;37.4
71;2021-07-01;2592;3903;304560;208597;55.6;38.1
71;2021-07-02;2870;3977;307430;212574;56.1;38.8
71;2021-07-03;315;710;307745;213284;56.2;38.9
71;2021-07-04;27;133;307772;213417;56.2;39.0
71;2021-07-05;2460;4318;310232;217735;56.6;39.7
71;2021-07-06;2448;4571;312680;222306;57.1;40.6
71;2021-07-07;2938;3728;315618;226034;57.6;41.3
71;2021-07-08;2747;4113;318365;230147;58.1;42.0
71;2021-07-09;2285;5029;320650;235176;58.5;42.9
71;2021-07-10;197;654;320847;235830;58.6;43.0
71;2021-07-11;14;65;320861;235895;58.6;43.1
71;2021-07-12;1899;5311;322760;241206;58.9;44.0
71;2021-07-13;2512;5860;325272;247066;59.4;45.1
71;2021-07-14;946;395;326218;247461;59.5;45.2
71;2021-07-15;2999;5718;329217;253179;60.1;46.2
71;2021-07-16;3270;5998;332487;259177;60.7;47.3
71;2021-07-17;500;769;332987;259946;60.8;47.5
71;2021-07-18;87;89;333074;260035;60.8;47.5
71;2021-07-19;2806;5670;335880;265705;61.3;48.5
72;2020-12-27;0;0;0;0;0.0;0.0
72;2020-12-28;0;0;0;0;0.0;0.0
72;2020-12-29;0;0;0;0;0.0;0.0
72;2020-12-30;0;0;0;0;0.0;0.0
72;2020-12-31;0;0;0;0;0.0;0.0
72;2021-01-01;2;0;2;0;0.0;0.0
72;2021-01-02;0;0;2;0;0.0;0.0
72;2021-01-03;0;0;2;0;0.0;0.0
72;2021-01-04;0;0;2;0;0.0;0.0
72;2021-01-05;14;0;16;0;0.0;0.0
72;2021-01-06;27;0;43;0;0.0;0.0
72;2021-01-07;110;0;153;0;0.0;0.0
72;2021-01-08;232;0;385;0;0.1;0.0
72;2021-01-09;36;0;421;0;0.1;0.0
72;2021-01-10;0;0;421;0;0.1;0.0
72;2021-01-11;484;1;905;1;0.2;0.0
72;2021-01-12;612;0;1517;1;0.3;0.0
72;2021-01-13;500;0;2017;1;0.4;0.0
72;2021-01-14;643;3;2660;4;0.5;0.0
72;2021-01-15;478;0;3138;4;0.6;0.0
72;2021-01-16;92;0;3230;4;0.6;0.0
72;2021-01-17;0;0;3230;4;0.6;0.0
72;2021-01-18;293;0;3523;4;0.6;0.0
72;2021-01-19;773;2;4296;6;0.8;0.0
72;2021-01-20;1514;3;5810;9;1.0;0.0
72;2021-01-21;1733;4;7543;13;1.3;0.0
72;2021-01-22;1149;4;8692;17;1.6;0.0
72;2021-01-23;32;0;8724;17;1.6;0.0
72;2021-01-24;0;0;8724;17;1.6;0.0
72;2021-01-25;502;7;9226;24;1.6;0.0
72;2021-01-26;1165;22;10391;46;1.9;0.0
72;2021-01-27;881;19;11272;65;2.0;0.0
72;2021-01-28;776;66;12048;131;2.2;0.0
72;2021-01-29;712;69;12760;200;2.3;0.0
72;2021-01-30;58;0;12818;200;2.3;0.0
72;2021-01-31;1;0;12819;200;2.3;0.0
72;2021-02-01;498;229;13317;429;2.4;0.1
72;2021-02-02;506;296;13823;725;2.5;0.1
72;2021-02-03;483;229;14306;954;2.6;0.2
72;2021-02-04;475;341;14781;1295;2.6;0.2
72;2021-02-05;506;408;15287;1703;2.7;0.3
72;2021-02-06;83;14;15370;1717;2.7;0.3
72;2021-02-07;19;3;15389;1720;2.7;0.3
72;2021-02-08;309;408;15698;2128;2.8;0.4
72;2021-02-09;489;536;16187;2664;2.9;0.5
72;2021-02-10;549;927;16736;3591;3.0;0.6
72;2021-02-11;848;1349;17584;4940;3.1;0.9
72;2021-02-12;848;594;18432;5534;3.3;1.0
72;2021-02-13;108;38;18540;5572;3.3;1.0
72;2021-02-14;1;22;18541;5594;3.3;1.0
72;2021-02-15;220;508;18761;6102;3.3;1.1
72;2021-02-16;498;1029;19259;7131;3.4;1.3
72;2021-02-17;462;718;19721;7849;3.5;1.4
72;2021-02-18;594;637;20315;8486;3.6;1.5
72;2021-02-19;519;600;20834;9086;3.7;1.6
72;2021-02-20;78;57;20912;9143;3.7;1.6
72;2021-02-21;0;0;20912;9143;3.7;1.6
72;2021-02-22;325;584;21237;9727;3.8;1.7
72;2021-02-23;566;532;21803;10259;3.9;1.8
72;2021-02-24;431;468;22234;10727;4.0;1.9
72;2021-02-25;921;564;23155;11291;4.1;2.0
72;2021-02-26;600;514;23755;11805;4.2;2.1
72;2021-02-27;322;67;24077;11872;4.3;2.1
72;2021-02-28;15;17;24092;11889;4.3;2.1
72;2021-03-01;376;483;24468;12372;4.4;2.2
72;2021-03-02;502;604;24970;12976;4.5;2.3
72;2021-03-03;729;647;25699;13623;4.6;2.4
72;2021-03-04;735;782;26434;14405;4.7;2.6
72;2021-03-05;932;768;27366;15173;4.9;2.7
72;2021-03-06;756;130;28122;15303;5.0;2.7
72;2021-03-07;447;23;28569;15326;5.1;2.7
72;2021-03-08;559;464;29128;15790;5.2;2.8
72;2021-03-09;1036;650;30164;16440;5.4;2.9
72;2021-03-10;1129;662;31293;17102;5.6;3.1
72;2021-03-11;1605;485;32898;17587;5.9;3.1
72;2021-03-12;1361;511;34259;18098;6.1;3.2
72;2021-03-13;979;112;35238;18210;6.3;3.3
72;2021-03-14;14;10;35252;18220;6.3;3.3
72;2021-03-15;1154;220;36406;18440;6.5;3.3
72;2021-03-16;1049;188;37455;18628;6.7;3.3
72;2021-03-17;1028;253;38483;18881;6.9;3.4
72;2021-03-18;1087;370;39570;19251;7.1;3.4
72;2021-03-19;1268;286;40838;19537;7.3;3.5
72;2021-03-20;486;90;41324;19627;7.4;3.5
72;2021-03-21;19;0;41343;19627;7.4;3.5
72;2021-03-22;1347;337;42690;19964;7.6;3.6
72;2021-03-23;1721;467;44411;20431;7.9;3.6
72;2021-03-24;1835;298;46246;20729;8.3;3.7
72;2021-03-25;2419;452;48665;21181;8.7;3.8
72;2021-03-26;2333;370;50998;21551;9.1;3.8
72;2021-03-27;610;28;51608;21579;9.2;3.9
72;2021-03-28;22;0;51630;21579;9.2;3.9
72;2021-03-29;1611;370;53241;21949;9.5;3.9
72;2021-03-30;2491;379;55732;22328;9.9;4.0
72;2021-03-31;2132;357;57864;22685;10.3;4.0
72;2021-04-01;2829;325;60693;23010;10.8;4.1
72;2021-04-02;2243;389;62936;23399;11.2;4.2
72;2021-04-03;289;36;63225;23435;11.3;4.2
72;2021-04-04;14;3;63239;23438;11.3;4.2
72;2021-04-05;51;49;63290;23487;11.3;4.2
72;2021-04-06;1759;461;65049;23948;11.6;4.3
72;2021-04-07;2552;580;67601;24528;12.1;4.4
72;2021-04-08;2711;763;70312;25291;12.6;4.5
72;2021-04-09;3860;561;74172;25852;13.2;4.6
72;2021-04-10;1110;46;75282;25898;13.4;4.6
72;2021-04-11;7;1;75289;25899;13.4;4.6
72;2021-04-12;1846;890;77135;26789;13.8;4.8
72;2021-04-13;2355;1065;79490;27854;14.2;5.0
72;2021-04-14;2248;1090;81738;28944;14.6;5.2
72;2021-04-15;2417;1100;84155;30044;15.0;5.4
72;2021-04-16;2562;954;86717;30998;15.5;5.5
72;2021-04-17;707;140;87424;31138;15.6;5.6
72;2021-04-18;57;1;87481;31139;15.6;5.6
72;2021-04-19;1393;1091;88874;32230;15.9;5.8
72;2021-04-20;2998;1290;91872;33520;16.4;6.0
72;2021-04-21;2513;1554;94385;35074;16.8;6.3
72;2021-04-22;2814;1784;97199;36858;17.3;6.6
72;2021-04-23;3204;1433;100403;38291;17.9;6.8
72;2021-04-24;1399;263;101802;38554;18.2;6.9
72;2021-04-25;881;18;102683;38572;18.3;6.9
72;2021-04-26;3507;1462;106190;40034;19.0;7.1
72;2021-04-27;4083;1852;110273;41886;19.7;7.5
72;2021-04-28;3831;1854;114104;43740;20.4;7.8
72;2021-04-29;4160;1795;118264;45535;21.1;8.1
72;2021-04-30;3610;1704;121874;47239;21.8;8.4
72;2021-05-01;1642;218;123516;47457;22.0;8.5
72;2021-05-02;1533;155;125049;47612;22.3;8.5
72;2021-05-03;3458;1150;128507;48762;22.9;8.7
72;2021-05-04;4012;1793;132519;50555;23.7;9.0
72;2021-05-05;3868;2174;136387;52729;24.3;9.4
72;2021-05-06;3594;1931;139981;54660;25.0;9.8
72;2021-05-07;3545;2141;143526;56801;25.6;10.1
72;2021-05-08;1902;149;145428;56950;26.0;10.2
72;2021-05-09;2081;197;147509;57147;26.3;10.2
72;2021-05-10;3770;1513;151279;58660;27.0;10.5
72;2021-05-11;4599;1982;155878;60642;27.8;10.8
72;2021-05-12;4078;1804;159956;62446;28.6;11.1
72;2021-05-13;3030;268;162986;62714;29.1;11.2
72;2021-05-14;3661;1378;166647;64092;29.7;11.4
72;2021-05-15;3118;352;169765;64444;30.3;11.5
72;2021-05-16;2501;152;172266;64596;30.7;11.5
72;2021-05-17;3725;1279;175991;65875;31.4;11.8
72;2021-05-18;4328;1676;180319;67551;32.2;12.1
72;2021-05-19;3973;1504;184292;69055;32.9;12.3
72;2021-05-20;4259;1448;188551;70503;33.7;12.6
72;2021-05-21;3790;1377;192341;71880;34.3;12.8
72;2021-05-22;2560;504;194901;72384;34.8;12.9
72;2021-05-23;1390;160;196291;72544;35.0;12.9
72;2021-05-24;2351;291;198642;72835;35.5;13.0
72;2021-05-25;4073;1405;202715;74240;36.2;13.3
72;2021-05-26;4095;1400;206810;75640;36.9;13.5
72;2021-05-27;4343;2044;211153;77684;37.7;13.9
72;2021-05-28;4105;2010;215258;79694;38.4;14.2
72;2021-05-29;2665;806;217923;80500;38.9;14.4
72;2021-05-30;1142;871;219065;81371;39.1;14.5
72;2021-05-31;3119;2327;222184;83698;39.7;14.9
72;2021-06-01;3564;2666;225748;86364;40.3;15.4
72;2021-06-02;3606;2778;229354;89142;40.9;15.9
72;2021-06-03;4239;2995;233593;92137;41.7;16.4
72;2021-06-04;3891;2749;237484;94886;42.4;16.9
72;2021-06-05;1438;2568;238922;97454;42.6;17.4
72;2021-06-06;909;1538;239831;98992;42.8;17.7
72;2021-06-07;1748;3420;241579;102412;43.1;18.3
72;2021-06-08;2916;3830;244495;106242;43.6;19.0
72;2021-06-09;2645;3362;247140;109604;44.1;19.6
72;2021-06-10;2825;3305;249965;112909;44.6;20.2
72;2021-06-11;2834;3768;252799;116677;45.1;20.8
72;2021-06-12;1241;2597;254040;119274;45.3;21.3
72;2021-06-13;387;1858;254427;121132;45.4;21.6
72;2021-06-14;1324;4127;255751;125259;45.7;22.4
72;2021-06-15;2752;3512;258503;128771;46.1;23.0
72;2021-06-16;2425;3569;260928;132340;46.6;23.6
72;2021-06-17;2316;3876;263244;136216;47.0;24.3
72;2021-06-18;2302;4308;265546;140524;47.4;25.1
72;2021-06-19;1119;2765;266665;143289;47.6;25.6
72;2021-06-20;339;2056;267004;145345;47.7;25.9
72;2021-06-21;1558;4036;268562;149381;47.9;26.7
72;2021-06-22;1704;5011;270266;154392;48.2;27.6
72;2021-06-23;1989;4239;272255;158631;48.6;28.3
72;2021-06-24;2218;4020;274473;162651;49.0;29.0
72;2021-06-25;1762;4859;276235;167510;49.3;29.9
72;2021-06-26;1185;2878;277420;170388;49.5;30.4
72;2021-06-27;391;2117;277811;172505;49.6;30.8
72;2021-06-28;1435;4301;279246;176806;49.8;31.6
72;2021-06-29;1756;4757;281002;181563;50.2;32.4
72;2021-06-30;1965;4174;282967;185737;50.5;33.2
72;2021-07-01;1931;4424;284898;190161;50.9;33.9
72;2021-07-02;1843;4723;286741;194884;51.2;34.8
72;2021-07-03;1287;3120;288028;198004;51.4;35.3
72;2021-07-04;582;1944;288610;199948;51.5;35.7
72;2021-07-05;1183;4176;289793;204124;51.7;36.4
72;2021-07-06;1455;5168;291248;209292;52.0;37.4
72;2021-07-07;1576;4612;292824;213904;52.3;38.2
72;2021-07-08;1642;4333;294466;218237;52.6;39.0
72;2021-07-09;2091;4623;296557;222860;52.9;39.8
72;2021-07-10;1581;2693;298138;225553;53.2;40.3
72;2021-07-11;948;1589;299086;227142;53.4;40.5
72;2021-07-12;1591;3753;300677;230895;53.7;41.2
72;2021-07-13;2076;4771;302753;235666;54.0;42.1
72;2021-07-14;1315;2364;304068;238030;54.3;42.5
72;2021-07-15;3471;3422;307539;241452;54.9;43.1
72;2021-07-16;3156;4120;310695;245572;55.5;43.8
72;2021-07-17;2624;1756;313319;247328;55.9;44.1
72;2021-07-18;1705;811;315024;248139;56.2;44.3
72;2021-07-19;2889;3495;317913;251634;56.7;44.9
73;2020-12-27;0;0;0;0;0.0;0.0
73;2020-12-28;0;0;0;0;0.0;0.0
73;2020-12-29;0;0;0;0;0.0;0.0
73;2020-12-30;0;0;0;0;0.0;0.0
73;2020-12-31;0;0;0;0;0.0;0.0
73;2021-01-01;0;0;0;0;0.0;0.0
73;2021-01-02;0;0;0;0;0.0;0.0
73;2021-01-03;0;0;0;0;0.0;0.0
73;2021-01-04;1;0;1;0;0.0;0.0
73;2021-01-05;0;0;1;0;0.0;0.0
73;2021-01-06;1;0;2;0;0.0;0.0
73;2021-01-07;30;0;32;0;0.0;0.0
73;2021-01-08;81;0;113;0;0.0;0.0
73;2021-01-09;0;0;113;0;0.0;0.0
73;2021-01-10;0;0;113;0;0.0;0.0
73;2021-01-11;85;0;198;0;0.0;0.0
73;2021-01-12;303;1;501;1;0.1;0.0
73;2021-01-13;356;1;857;2;0.2;0.0
73;2021-01-14;509;2;1366;4;0.3;0.0
73;2021-01-15;616;1;1982;5;0.5;0.0
73;2021-01-16;127;0;2109;5;0.5;0.0
73;2021-01-17;0;0;2109;5;0.5;0.0
73;2021-01-18;624;0;2733;5;0.6;0.0
73;2021-01-19;1236;2;3969;7;0.9;0.0
73;2021-01-20;950;1;4919;8;1.1;0.0
73;2021-01-21;980;5;5899;13;1.4;0.0
73;2021-01-22;940;0;6839;13;1.6;0.0
73;2021-01-23;387;0;7226;13;1.7;0.0
73;2021-01-24;0;0;7226;13;1.7;0.0
73;2021-01-25;654;5;7880;18;1.8;0.0
73;2021-01-26;760;2;8640;20;2.0;0.0
73;2021-01-27;1104;4;9744;24;2.3;0.0
73;2021-01-28;960;5;10704;29;2.5;0.0
73;2021-01-29;683;4;11387;33;2.6;0.0
73;2021-01-30;345;3;11732;36;2.7;0.0
73;2021-01-31;0;0;11732;36;2.7;0.0
73;2021-02-01;620;39;12352;75;2.9;0.0
73;2021-02-02;749;320;13101;395;3.0;0.1
73;2021-02-03;653;348;13754;743;3.2;0.2
73;2021-02-04;622;234;14376;977;3.3;0.2
73;2021-02-05;678;409;15054;1386;3.5;0.3
73;2021-02-06;261;37;15315;1423;3.5;0.3
73;2021-02-07;0;0;15315;1423;3.5;0.3
73;2021-02-08;519;254;15834;1677;3.7;0.4
73;2021-02-09;793;444;16627;2121;3.8;0.5
73;2021-02-10;889;393;17516;2514;4.0;0.6
73;2021-02-11;957;707;18473;3221;4.3;0.7
73;2021-02-12;809;494;19282;3715;4.5;0.9
73;2021-02-13;263;58;19545;3773;4.5;0.9
73;2021-02-14;1;0;19546;3773;4.5;0.9
73;2021-02-15;345;529;19891;4302;4.6;1.0
73;2021-02-16;453;742;20344;5044;4.7;1.2
73;2021-02-17;449;959;20793;6003;4.8;1.4
73;2021-02-18;468;554;21261;6557;4.9;1.5
73;2021-02-19;445;635;21706;7192;5.0;1.7
73;2021-02-20;70;249;21776;7441;5.0;1.7
73;2021-02-21;0;0;21776;7441;5.0;1.7
73;2021-02-22;239;437;22015;7878;5.1;1.8
73;2021-02-23;323;517;22338;8395;5.2;1.9
73;2021-02-24;485;746;22823;9141;5.3;2.1
73;2021-02-25;499;500;23322;9641;5.4;2.2
73;2021-02-26;730;564;24052;10205;5.6;2.4
73;2021-02-27;331;235;24383;10440;5.6;2.4
73;2021-02-28;1;1;24384;10441;5.6;2.4
73;2021-03-01;556;513;24940;10954;5.8;2.5
73;2021-03-02;665;889;25605;11843;5.9;2.7
73;2021-03-03;641;1191;26246;13034;6.1;3.0
73;2021-03-04;1028;890;27274;13924;6.3;3.2
73;2021-03-05;1234;605;28508;14529;6.6;3.4
73;2021-03-06;1091;326;29599;14855;6.8;3.4
73;2021-03-07;452;88;30051;14943;6.9;3.5
73;2021-03-08;606;423;30657;15366;7.1;3.6
73;2021-03-09;983;534;31640;15900;7.3;3.7
73;2021-03-10;1036;862;32676;16762;7.6;3.9
73;2021-03-11;1552;649;34228;17411;7.9;4.0
73;2021-03-12;2016;524;36244;17935;8.4;4.1
73;2021-03-13;1174;198;37418;18133;8.7;4.2
73;2021-03-14;65;3;37483;18136;8.7;4.2
73;2021-03-15;1180;385;38663;18521;8.9;4.3
73;2021-03-16;791;397;39454;18918;9.1;4.4
73;2021-03-17;875;470;40329;19388;9.3;4.5
73;2021-03-18;1347;253;41676;19641;9.6;4.5
73;2021-03-19;1763;381;43439;20022;10.0;4.6
73;2021-03-20;886;125;44325;20147;10.2;4.7
73;2021-03-21;123;2;44448;20149;10.3;4.7
73;2021-03-22;1180;389;45628;20538;10.5;4.7
73;2021-03-23;1443;223;47071;20761;10.9;4.8
73;2021-03-24;1589;341;48660;21102;11.2;4.9
73;2021-03-25;2051;374;50711;21476;11.7;5.0
73;2021-03-26;2468;350;53179;21826;12.3;5.0
73;2021-03-27;886;141;54065;21967;12.5;5.1
73;2021-03-28;309;10;54374;21977;12.6;5.1
73;2021-03-29;1506;230;55880;22207;12.9;5.1
73;2021-03-30;2082;470;57962;22677;13.4;5.2
73;2021-03-31;2088;379;60050;23056;13.9;5.3
73;2021-04-01;2076;320;62126;23376;14.4;5.4
73;2021-04-02;2330;202;64456;23578;14.9;5.5
73;2021-04-03;848;140;65304;23718;15.1;5.5
73;2021-04-04;187;15;65491;23733;15.1;5.5
73;2021-04-05;208;22;65699;23755;15.2;5.5
73;2021-04-06;1499;489;67198;24244;15.5;5.6
73;2021-04-07;1939;630;69137;24874;16.0;5.8
73;2021-04-08;2487;798;71624;25672;16.6;5.9
73;2021-04-09;3057;484;74681;26156;17.3;6.0
73;2021-04-10;1132;304;75813;26460;17.5;6.1
73;2021-04-11;163;8;75976;26468;17.6;6.1
73;2021-04-12;1698;968;77674;27436;18.0;6.3
73;2021-04-13;1889;1120;79563;28556;18.4;6.6
73;2021-04-14;2017;1079;81580;29635;18.9;6.9
73;2021-04-15;2413;1158;83993;30793;19.4;7.1
73;2021-04-16;1891;914;85884;31707;19.9;7.3
73;2021-04-17;1173;550;87057;32257;20.1;7.5
73;2021-04-18;155;74;87212;32331;20.2;7.5
73;2021-04-19;1378;1047;88590;33378;20.5;7.7
73;2021-04-20;1789;1299;90379;34677;20.9;8.0
73;2021-04-21;1573;1293;91952;35970;21.3;8.3
73;2021-04-22;1810;1217;93762;37187;21.7;8.6
73;2021-04-23;1886;1239;95648;38426;22.1;8.9
73;2021-04-24;980;667;96628;39093;22.3;9.0
73;2021-04-25;79;97;96707;39190;22.4;9.1
73;2021-04-26;1165;1315;97872;40505;22.6;9.4
73;2021-04-27;1441;1462;99313;41967;23.0;9.7
73;2021-04-28;1734;1457;101047;43424;23.4;10.0
73;2021-04-29;2408;1558;103455;44982;23.9;10.4
73;2021-04-30;2390;1431;105845;46413;24.5;10.7
73;2021-05-01;1067;304;106912;46717;24.7;10.8
73;2021-05-02;34;164;106946;46881;24.7;10.8
73;2021-05-03;1396;1593;108342;48474;25.0;11.2
73;2021-05-04;1706;1825;110048;50299;25.4;11.6
73;2021-05-05;1970;1684;112018;51983;25.9;12.0
73;2021-05-06;2427;1700;114445;53683;26.5;12.4
73;2021-05-07;2260;1849;116705;55532;27.0;12.8
73;2021-05-08;1836;373;118541;55905;27.4;12.9
73;2021-05-09;127;121;118668;56026;27.4;13.0
73;2021-05-10;1605;1883;120273;57909;27.8;13.4
73;2021-05-11;2379;2361;122652;60270;28.4;13.9
73;2021-05-12;3547;2080;126199;62350;29.2;14.4
73;2021-05-13;1554;272;127753;62622;29.5;14.5
73;2021-05-14;1583;1489;129336;64111;29.9;14.8
73;2021-05-15;1441;942;130777;65053;30.2;15.0
73;2021-05-16;131;62;130908;65115;30.3;15.1
73;2021-05-17;1705;1948;132613;67063;30.7;15.5
73;2021-05-18;2494;1731;135107;68794;31.2;15.9
73;2021-05-19;2538;1625;137645;70419;31.8;16.3
73;2021-05-20;3160;1498;140805;71917;32.6;16.6
73;2021-05-21;2471;1847;143276;73764;33.1;17.1
73;2021-05-22;1990;923;145266;74687;33.6;17.3
73;2021-05-23;210;14;145476;74701;33.6;17.3
73;2021-05-24;2563;327;148039;75028;34.2;17.3
73;2021-05-25;2137;1738;150176;76766;34.7;17.7
73;2021-05-26;2343;2001;152519;78767;35.3;18.2
73;2021-05-27;3080;1713;155599;80480;36.0;18.6
73;2021-05-28;2917;2371;158516;82851;36.6;19.2
73;2021-05-29;2318;1323;160834;84174;37.2;19.5
73;2021-05-30;185;14;161019;84188;37.2;19.5
73;2021-05-31;2407;1625;163426;85813;37.8;19.8
73;2021-06-01;3175;1787;166601;87600;38.5;20.3
73;2021-06-02;3088;1457;169689;89057;39.2;20.6
73;2021-06-03;4405;1741;174094;90798;40.2;21.0
73;2021-06-04;4260;2178;178354;92976;41.2;21.5
73;2021-06-05;3141;1277;181495;94253;42.0;21.8
73;2021-06-06;1880;297;183375;94550;42.4;21.9
73;2021-06-07;2747;2148;186122;96698;43.0;22.4
73;2021-06-08;2678;1876;188800;98574;43.6;22.8
73;2021-06-09;2347;1786;191147;100360;44.2;23.2
73;2021-06-10;1933;1651;193080;102011;44.6;23.6
73;2021-06-11;2151;2442;195231;104453;45.1;24.1
73;2021-06-12;2232;1329;197463;105782;45.7;24.5
73;2021-06-13;44;82;197507;105864;45.7;24.5
73;2021-06-14;1344;2931;198851;108795;46.0;25.2
73;2021-06-15;1582;2752;200433;111547;46.3;25.8
73;2021-06-16;1454;2568;201887;114115;46.7;26.4
73;2021-06-17;927;1730;202814;115845;46.9;26.8
73;2021-06-18;1850;2935;204664;118780;47.3;27.5
73;2021-06-19;1407;1988;206071;120768;47.6;27.9
73;2021-06-20;444;306;206515;121074;47.7;28.0
73;2021-06-21;1107;2941;207622;124015;48.0;28.7
73;2021-06-22;1077;2877;208699;126892;48.2;29.3
73;2021-06-23;1073;3136;209772;130028;48.5;30.1
73;2021-06-24;872;1798;210644;131826;48.7;30.5
73;2021-06-25;1251;2800;211895;134626;49.0;31.1
73;2021-06-26;934;2399;212829;137025;49.2;31.7
73;2021-06-27;318;549;213147;137574;49.3;31.8
73;2021-06-28;956;3564;214103;141138;49.5;32.6
73;2021-06-29;1047;3338;215150;144476;49.7;33.4
73;2021-06-30;1158;3129;216308;147605;50.0;34.1
73;2021-07-01;1126;2360;217434;149965;50.3;34.7
73;2021-07-02;1196;3621;218630;153586;50.5;35.5
73;2021-07-03;949;2793;219579;156379;50.8;36.2
73;2021-07-04;300;617;219879;156996;50.8;36.3
73;2021-07-05;1140;3683;221019;160679;51.1;37.1
73;2021-07-06;1230;2945;222249;163624;51.4;37.8
73;2021-07-07;1421;2949;223670;166573;51.7;38.5
73;2021-07-08;1359;2295;225029;168868;52.0;39.0
73;2021-07-09;1409;4017;226438;172885;52.3;40.0
73;2021-07-10;877;3011;227315;175896;52.6;40.7
73;2021-07-11;559;1469;227874;177365;52.7;41.0
73;2021-07-12;1052;4205;228926;181570;52.9;42.0
73;2021-07-13;1715;4226;230641;185796;53.3;43.0
73;2021-07-14;1833;1905;232474;187701;53.7;43.4
73;2021-07-15;2717;3791;235191;191492;54.4;44.3
73;2021-07-16;2388;3995;237579;195487;54.9;45.2
73;2021-07-17;1479;2593;239058;198080;55.3;45.8
73;2021-07-18;1175;1209;240233;199289;55.5;46.1
73;2021-07-19;2413;3212;242646;202501;56.1;46.8
74;2020-12-27;1;0;1;0;0.0;0.0
74;2020-12-28;1;0;2;0;0.0;0.0
74;2020-12-29;0;0;2;0;0.0;0.0
74;2020-12-30;0;0;2;0;0.0;0.0
74;2020-12-31;0;0;2;0;0.0;0.0
74;2021-01-01;0;0;2;0;0.0;0.0
74;2021-01-02;1;1;3;1;0.0;0.0
74;2021-01-03;0;0;3;1;0.0;0.0
74;2021-01-04;0;0;3;1;0.0;0.0
74;2021-01-05;0;0;3;1;0.0;0.0
74;2021-01-06;43;0;46;1;0.0;0.0
74;2021-01-07;217;1;263;2;0.0;0.0
74;2021-01-08;291;0;554;2;0.1;0.0
74;2021-01-09;78;0;632;2;0.1;0.0
74;2021-01-10;73;0;705;2;0.1;0.0
74;2021-01-11;372;0;1077;2;0.1;0.0
74;2021-01-12;402;3;1479;5;0.2;0.0
74;2021-01-13;396;0;1875;5;0.2;0.0
74;2021-01-14;456;1;2331;6;0.3;0.0
74;2021-01-15;637;4;2968;10;0.4;0.0
74;2021-01-16;249;1;3217;11;0.4;0.0
74;2021-01-17;129;0;3346;11;0.4;0.0
74;2021-01-18;521;0;3867;11;0.5;0.0
74;2021-01-19;807;2;4674;13;0.6;0.0
74;2021-01-20;1274;4;5948;17;0.7;0.0
74;2021-01-21;1537;1;7485;18;0.9;0.0
74;2021-01-22;1207;6;8692;24;1.0;0.0
74;2021-01-23;342;0;9034;24;1.1;0.0
74;2021-01-24;89;0;9123;24;1.1;0.0
74;2021-01-25;795;2;9918;26;1.2;0.0
74;2021-01-26;1333;8;11251;34;1.4;0.0
74;2021-01-27;1070;10;12321;44;1.5;0.0
74;2021-01-28;982;29;13303;73;1.6;0.0
74;2021-01-29;873;42;14176;115;1.7;0.0
74;2021-01-30;303;1;14479;116;1.7;0.0
74;2021-01-31;84;0;14563;116;1.8;0.0
74;2021-02-01;620;44;15183;160;1.8;0.0
74;2021-02-02;639;155;15822;315;1.9;0.0
74;2021-02-03;597;123;16419;438;2.0;0.1
74;2021-02-04;610;135;17029;573;2.1;0.1
74;2021-02-05;542;227;17571;800;2.1;0.1
74;2021-02-06;266;140;17837;940;2.2;0.1
74;2021-02-07;93;127;17930;1067;2.2;0.1
74;2021-02-08;613;351;18543;1418;2.2;0.2
74;2021-02-09;535;534;19078;1952;2.3;0.2
74;2021-02-10;682;523;19760;2475;2.4;0.3
74;2021-02-11;1052;1017;20812;3492;2.5;0.4
74;2021-02-12;901;615;21713;4107;2.6;0.5
74;2021-02-13;398;238;22111;4345;2.7;0.5
74;2021-02-14;313;109;22424;4454;2.7;0.5
74;2021-02-15;275;854;22699;5308;2.7;0.6
74;2021-02-16;485;1072;23184;6380;2.8;0.8
74;2021-02-17;528;1111;23712;7491;2.9;0.9
74;2021-02-18;470;993;24182;8484;2.9;1.0
74;2021-02-19;616;654;24798;9138;3.0;1.1
74;2021-02-20;114;192;24912;9330;3.0;1.1
74;2021-02-21;46;62;24958;9392;3.0;1.1
74;2021-02-22;315;785;25273;10177;3.1;1.2
74;2021-02-23;299;825;25572;11002;3.1;1.3
74;2021-02-24;239;678;25811;11680;3.1;1.4
74;2021-02-25;517;749;26328;12429;3.2;1.5
74;2021-02-26;965;691;27293;13120;3.3;1.6
74;2021-02-27;253;185;27546;13305;3.3;1.6
74;2021-02-28;123;67;27669;13372;3.3;1.6
74;2021-03-01;718;625;28387;13997;3.4;1.7
74;2021-03-02;1083;664;29470;14661;3.6;1.8
74;2021-03-03;1009;629;30479;15290;3.7;1.8
74;2021-03-04;1600;1001;32079;16291;3.9;2.0
74;2021-03-05;2081;883;34160;17174;4.1;2.1
74;2021-03-06;1744;305;35904;17479;4.3;2.1
74;2021-03-07;1382;98;37286;17577;4.5;2.1
74;2021-03-08;1191;953;38477;18530;4.6;2.2
74;2021-03-09;1924;649;40401;19179;4.9;2.3
74;2021-03-10;1736;884;42137;20063;5.1;2.4
74;2021-03-11;2434;686;44571;20749;5.4;2.5
74;2021-03-12;3231;984;47802;21733;5.8;2.6
74;2021-03-13;1986;253;49788;21986;6.0;2.7
74;2021-03-14;602;98;50390;22084;6.1;2.7
74;2021-03-15;2111;533;52501;22617;6.3;2.7
74;2021-03-16;1946;386;54447;23003;6.6;2.8
74;2021-03-17;1965;293;56412;23296;6.8;2.8
74;2021-03-18;2123;298;58535;23594;7.1;2.8
74;2021-03-19;2615;279;61150;23873;7.4;2.9
74;2021-03-20;1371;83;62521;23956;7.5;2.9
74;2021-03-21;285;29;62806;23985;7.6;2.9
74;2021-03-22;2036;322;64842;24307;7.8;2.9
74;2021-03-23;2712;304;67554;24611;8.2;3.0
74;2021-03-24;2929;278;70483;24889;8.5;3.0
74;2021-03-25;3860;271;74343;25160;9.0;3.0
74;2021-03-26;4085;376;78428;25536;9.5;3.1
74;2021-03-27;1935;232;80363;25768;9.7;3.1
74;2021-03-28;435;73;80798;25841;9.8;3.1
74;2021-03-29;3023;692;83821;26533;10.1;3.2
74;2021-03-30;3535;726;87356;27259;10.5;3.3
74;2021-03-31;3128;702;90484;27961;10.9;3.4
74;2021-04-01;4201;833;94685;28794;11.4;3.5
74;2021-04-02;3677;753;98362;29547;11.9;3.6
74;2021-04-03;1689;521;100051;30068;12.1;3.6
74;2021-04-04;235;119;100286;30187;12.1;3.6
74;2021-04-05;431;13;100717;30200;12.2;3.6
74;2021-04-06;2615;1173;103332;31373;12.5;3.8
74;2021-04-07;3157;1195;106489;32568;12.9;3.9
74;2021-04-08;3846;1149;110335;33717;13.3;4.1
74;2021-04-09;4080;1137;114415;34854;13.8;4.2
74;2021-04-10;1939;1020;116354;35874;14.0;4.3
74;2021-04-11;251;184;116605;36058;14.1;4.4
74;2021-04-12;2701;1748;119306;37806;14.4;4.6
74;2021-04-13;3096;2060;122402;39866;14.8;4.8
74;2021-04-14;2878;1921;125280;41787;15.1;5.0
74;2021-04-15;3410;1844;128690;43631;15.5;5.3
74;2021-04-16;3364;1705;132054;45336;15.9;5.5
74;2021-04-17;1921;1020;133975;46356;16.2;5.6
74;2021-04-18;215;204;134190;46560;16.2;5.6
74;2021-04-19;2093;2066;136283;48626;16.5;5.9
74;2021-04-20;3054;2387;139337;51013;16.8;6.2
74;2021-04-21;2453;2362;141790;53375;17.1;6.4
74;2021-04-22;2615;2280;144405;55655;17.4;6.7
74;2021-04-23;2546;2223;146951;57878;17.7;7.0
74;2021-04-24;1483;1528;148434;59406;17.9;7.2
74;2021-04-25;222;147;148656;59553;17.9;7.2
74;2021-04-26;2382;2435;151038;61988;18.2;7.5
74;2021-04-27;3251;2867;154289;64855;18.6;7.8
74;2021-04-28;3449;2587;157738;67442;19.0;8.1
74;2021-04-29;3904;2627;161642;70069;19.5;8.5
74;2021-04-30;4072;2169;165714;72238;20.0;8.7
74;2021-05-01;2113;348;167827;72586;20.3;8.8
74;2021-05-02;203;234;168030;72820;20.3;8.8
74;2021-05-03;2595;2968;170625;75788;20.6;9.1
74;2021-05-04;3217;3055;173842;78843;21.0;9.5
74;2021-05-05;3393;2988;177235;81831;21.4;9.9
74;2021-05-06;3846;2589;181081;84420;21.9;10.2
74;2021-05-07;3596;3510;184677;87930;22.3;10.6
74;2021-05-08;1151;813;185828;88743;22.4;10.7
74;2021-05-09;191;248;186019;88991;22.5;10.7
74;2021-05-10;3470;3127;189489;92118;22.9;11.1
74;2021-05-11;4314;3412;193803;95530;23.4;11.5
74;2021-05-12;5287;2944;199090;98474;24.0;11.9
74;2021-05-13;2352;939;201442;99413;24.3;12.0
74;2021-05-14;5940;2369;207382;101782;25.0;12.3
74;2021-05-15;4510;1842;211892;103624;25.6;12.5
74;2021-05-16;2998;327;214890;103951;25.9;12.5
74;2021-05-17;5394;2851;220284;106802;26.6;12.9
74;2021-05-18;6764;2777;227048;109579;27.4;13.2
74;2021-05-19;6215;2281;233263;111860;28.2;13.5
74;2021-05-20;6625;2519;239888;114379;29.0;13.8
74;2021-05-21;6514;2970;246402;117349;29.7;14.2
74;2021-05-22;5287;1560;251689;118909;30.4;14.4
74;2021-05-23;2047;280;253736;119189;30.6;14.4
74;2021-05-24;2356;655;256092;119844;30.9;14.5
74;2021-05-25;5063;3321;261155;123165;31.5;14.9
74;2021-05-26;5235;2551;266390;125716;32.2;15.2
74;2021-05-27;5989;2974;272379;128690;32.9;15.5
74;2021-05-28;5658;3572;278037;132262;33.6;16.0
74;2021-05-29;3789;2140;281826;134402;34.0;16.2
74;2021-05-30;483;306;282309;134708;34.1;16.3
74;2021-05-31;5062;3548;287371;138256;34.7;16.7
74;2021-06-01;4911;3713;292282;141969;35.3;17.1
74;2021-06-02;5249;3190;297531;145159;35.9;17.5
74;2021-06-03;6877;3236;304408;148395;36.7;17.9
74;2021-06-04;6890;4413;311298;152808;37.6;18.4
74;2021-06-05;4604;2707;315902;155515;38.1;18.8
74;2021-06-06;122;113;316024;155628;38.1;18.8
74;2021-06-07;5011;4139;321035;159767;38.8;19.3
74;2021-06-08;4993;3943;326028;163710;39.4;19.8
74;2021-06-09;5042;3479;331070;167189;40.0;20.2
74;2021-06-10;5069;2850;336139;170039;40.6;20.5
74;2021-06-11;5182;3789;341321;173828;41.2;21.0
74;2021-06-12;3549;2374;344870;176202;41.6;21.3
74;2021-06-13;117;87;344987;176289;41.6;21.3
74;2021-06-14;3560;4486;348547;180775;42.1;21.8
74;2021-06-15;3632;3890;352179;184665;42.5;22.3
74;2021-06-16;4754;3106;356933;187771;43.1;22.7
74;2021-06-17;3773;2940;360706;190711;43.5;23.0
74;2021-06-18;4070;4660;364776;195371;44.0;23.6
74;2021-06-19;2971;3102;367747;198473;44.4;24.0
74;2021-06-20;115;97;367862;198570;44.4;24.0
74;2021-06-21;2363;5427;370225;203997;44.7;24.6
74;2021-06-22;2450;5319;372675;209316;45.0;25.3
74;2021-06-23;2902;4616;375577;213932;45.3;25.8
74;2021-06-24;2815;4628;378392;218560;45.7;26.4
74;2021-06-25;2887;6765;381279;225325;46.0;27.2
74;2021-06-26;1674;5393;382953;230718;46.2;27.9
74;2021-06-27;60;1665;383013;232383;46.2;28.1
74;2021-06-28;1893;7225;384906;239608;46.5;28.9
74;2021-06-29;2261;7418;387167;247026;46.7;29.8
74;2021-06-30;2685;6540;389852;253566;47.1;30.6
74;2021-07-01;2956;5386;392808;258952;47.4;31.3
74;2021-07-02;2968;6627;395776;265579;47.8;32.1
74;2021-07-03;1682;5079;397458;270658;48.0;32.7
74;2021-07-04;77;1021;397535;271679;48.0;32.8
74;2021-07-05;2019;6838;399554;278517;48.2;33.6
74;2021-07-06;2535;6484;402089;285001;48.5;34.4
74;2021-07-07;2908;5434;404997;290435;48.9;35.1
74;2021-07-08;3735;4888;408732;295323;49.3;35.6
74;2021-07-09;2576;6954;411308;302277;49.7;36.5
74;2021-07-10;1590;5122;412898;307399;49.8;37.1
74;2021-07-11;69;141;412967;307540;49.9;37.1
74;2021-07-12;2038;7890;415005;315430;50.1;38.1
74;2021-07-13;3908;7546;418913;322976;50.6;39.0
74;2021-07-14;1951;2222;420864;325198;50.8;39.3
74;2021-07-15;3530;6825;424394;332023;51.2;40.1
74;2021-07-16;4122;7705;428516;339728;51.7;41.0
74;2021-07-17;2812;5283;431328;345011;52.1;41.6
74;2021-07-18;149;157;431477;345168;52.1;41.7
74;2021-07-19;4211;7282;435688;352450;52.6;42.5
75;2020-12-27;2;0;2;0;0.0;0.0
75;2020-12-28;5;0;7;0;0.0;0.0
75;2020-12-29;5;0;12;0;0.0;0.0
75;2020-12-30;29;0;41;0;0.0;0.0
75;2020-12-31;22;0;63;0;0.0;0.0
75;2021-01-01;13;0;76;0;0.0;0.0
75;2021-01-02;51;1;127;1;0.0;0.0
75;2021-01-03;78;0;205;1;0.0;0.0
75;2021-01-04;274;1;479;2;0.0;0.0
75;2021-01-05;844;13;1323;15;0.1;0.0
75;2021-01-06;1325;15;2648;30;0.1;0.0
75;2021-01-07;2048;16;4696;46;0.2;0.0
75;2021-01-08;2843;28;7539;74;0.4;0.0
75;2021-01-09;1081;3;8620;77;0.4;0.0
75;2021-01-10;1089;4;9709;81;0.5;0.0
75;2021-01-11;3047;45;12756;126;0.6;0.0
75;2021-01-12;3446;52;16202;178;0.8;0.0
75;2021-01-13;3517;43;19719;221;0.9;0.0
75;2021-01-14;3557;57;23276;278;1.1;0.0
75;2021-01-15;3261;44;26537;322;1.2;0.0
75;2021-01-16;1110;16;27647;338;1.3;0.0
75;2021-01-17;525;14;28172;352;1.3;0.0
75;2021-01-18;3212;77;31384;429;1.5;0.0
75;2021-01-19;3819;49;35203;478;1.6;0.0
75;2021-01-20;4344;66;39547;544;1.8;0.0
75;2021-01-21;4844;79;44391;623;2.1;0.0
75;2021-01-22;4519;81;48910;704;2.3;0.0
75;2021-01-23;1722;16;50632;720;2.4;0.0
75;2021-01-24;714;6;51346;726;2.4;0.0
75;2021-01-25;1659;24;53005;750;2.5;0.0
75;2021-01-26;2511;86;55516;836;2.6;0.0
75;2021-01-27;3054;158;58570;994;2.7;0.0
75;2021-01-28;4716;246;63286;1240;2.9;0.1
75;2021-01-29;3993;265;67279;1505;3.1;0.1
75;2021-01-30;1337;33;68616;1538;3.2;0.1
75;2021-01-31;186;3;68802;1541;3.2;0.1
75;2021-02-01;1586;381;70388;1922;3.3;0.1
75;2021-02-02;2102;651;72490;2573;3.4;0.1
75;2021-02-03;1847;686;74337;3259;3.5;0.2
75;2021-02-04;2095;1132;76432;4391;3.6;0.2
75;2021-02-05;2163;872;78595;5263;3.7;0.2
75;2021-02-06;1052;90;79647;5353;3.7;0.2
75;2021-02-07;157;6;79804;5359;3.7;0.2
75;2021-02-08;1217;1473;81021;6832;3.8;0.3
75;2021-02-09;1722;2383;82743;9215;3.9;0.4
75;2021-02-10;2361;2392;85104;11607;4.0;0.5
75;2021-02-11;2889;6483;87993;18090;4.1;0.8
75;2021-02-12;3068;2420;91061;20510;4.2;1.0
75;2021-02-13;825;1063;91886;21573;4.3;1.0
75;2021-02-14;179;42;92065;21615;4.3;1.0
75;2021-02-15;969;2478;93034;24093;4.3;1.1
75;2021-02-16;1411;6574;94445;30667;4.4;1.4
75;2021-02-17;1282;3242;95727;33909;4.5;1.6
75;2021-02-18;1721;5873;97448;39782;4.5;1.9
75;2021-02-19;2174;4147;99622;43929;4.6;2.0
75;2021-02-20;457;1693;100079;45622;4.7;2.1
75;2021-02-21;173;158;100252;45780;4.7;2.1
75;2021-02-22;1178;1933;101430;47713;4.7;2.2
75;2021-02-23;1404;2724;102834;50437;4.8;2.3
75;2021-02-24;1605;2340;104439;52777;4.9;2.5
75;2021-02-25;2705;5349;107144;58126;5.0;2.7
75;2021-02-26;3303;2726;110447;60852;5.1;2.8
75;2021-02-27;1367;934;111814;61786;5.2;2.9
75;2021-02-28;297;142;112111;61928;5.2;2.9
75;2021-03-01;2521;1671;114632;63599;5.3;3.0
75;2021-03-02;4095;2170;118727;65769;5.5;3.1
75;2021-03-03;5333;2301;124060;68070;5.8;3.2
75;2021-03-04;7910;2541;131970;70611;6.1;3.3
75;2021-03-05;10434;2686;142404;73297;6.6;3.4
75;2021-03-06;10990;1006;153394;74303;7.1;3.5
75;2021-03-07;9435;1473;162829;75776;7.6;3.5
75;2021-03-08;5810;1536;168639;77312;7.8;3.6
75;2021-03-09;7423;2076;176062;79388;8.2;3.7
75;2021-03-10;7382;2063;183444;81451;8.5;3.8
75;2021-03-11;10219;2459;193663;83910;9.0;3.9
75;2021-03-12;11954;2451;205617;86361;9.6;4.0
75;2021-03-13;8488;709;214105;87070;10.0;4.1
75;2021-03-14;4125;216;218230;87286;10.2;4.1
75;2021-03-15;7362;926;225592;88212;10.5;4.1
75;2021-03-16;5060;659;230652;88871;10.7;4.1
75;2021-03-17;5339;808;235991;89679;11.0;4.2
75;2021-03-18;6500;836;242491;90515;11.3;4.2
75;2021-03-19;9615;932;252106;91447;11.7;4.3
75;2021-03-20;5842;572;257948;92019;12.0;4.3
75;2021-03-21;1523;426;259471;92445;12.1;4.3
75;2021-03-22;8492;985;267963;93430;12.5;4.3
75;2021-03-23;10823;1193;278786;94623;13.0;4.4
75;2021-03-24;10829;1273;289615;95896;13.5;4.5
75;2021-03-25;14067;1435;303682;97331;14.1;4.5
75;2021-03-26;13835;1632;317517;98963;14.8;4.6
75;2021-03-27;7204;758;324721;99721;15.1;4.6
75;2021-03-28;1717;140;326438;99861;15.2;4.6
75;2021-03-29;7845;2211;334283;102072;15.6;4.8
75;2021-03-30;10790;3197;345073;105269;16.1;4.9
75;2021-03-31;9609;3574;354682;108843;16.5;5.1
75;2021-04-01;10549;5159;365231;114002;17.0;5.3
75;2021-04-02;8934;5543;374165;119545;17.4;5.6
75;2021-04-03;4061;4879;378226;124424;17.6;5.8
75;2021-04-04;1375;1493;379601;125917;17.7;5.9
75;2021-04-05;2165;1431;381766;127348;17.8;5.9
75;2021-04-06;6782;4284;388548;131632;18.1;6.1
75;2021-04-07;7967;4402;396515;136034;18.5;6.3
75;2021-04-08;10948;4130;407463;140164;19.0;6.5
75;2021-04-09;12074;4558;419537;144722;19.5;6.7
75;2021-04-10;5766;4263;425303;148985;19.8;6.9
75;2021-04-11;1881;1789;427184;150774;19.9;7.0
75;2021-04-12;7391;3763;434575;154537;20.2;7.2
75;2021-04-13;8456;6864;443031;161401;20.6;7.5
75;2021-04-14;8193;5204;451224;166605;21.0;7.8
75;2021-04-15;8791;6126;460015;172731;21.4;8.0
75;2021-04-16;9257;6093;469272;178824;21.8;8.3
75;2021-04-17;4769;3641;474041;182465;22.1;8.5
75;2021-04-18;1625;870;475666;183335;22.1;8.5
75;2021-04-19;5491;4927;481157;188262;22.4;8.8
75;2021-04-20;6384;5935;487541;194197;22.7;9.0
75;2021-04-21;6770;5567;494311;199764;23.0;9.3
75;2021-04-22;7441;5895;501752;205659;23.4;9.6
75;2021-04-23;8212;6043;509964;211702;23.7;9.9
75;2021-04-24;6113;3331;516077;215033;24.0;10.0
75;2021-04-25;2927;751;519004;215784;24.2;10.0
75;2021-04-26;6952;4706;525956;220490;24.5;10.3
75;2021-04-27;10521;6389;536477;226879;25.0;10.6
75;2021-04-28;12117;6002;548594;232881;25.5;10.8
75;2021-04-29;13682;6282;562276;239163;26.2;11.1
75;2021-04-30;13577;6151;575853;245314;26.8;11.4
75;2021-05-01;5041;1315;580894;246629;27.0;11.5
75;2021-05-02;2347;781;583241;247410;27.1;11.5
75;2021-05-03;10211;13569;593452;260979;27.6;12.1
75;2021-05-04;11094;8068;604546;269047;28.1;12.5
75;2021-05-05;13446;6682;617992;275729;28.8;12.8
75;2021-05-06;13919;8162;631911;283891;29.4;13.2
75;2021-05-07;13900;8560;645811;292451;30.1;13.6
75;2021-05-08;10007;5519;655818;297970;30.5;13.9
75;2021-05-09;3772;3195;659590;301165;30.7;14.0
75;2021-05-10;14240;6713;673830;307878;31.4;14.3
75;2021-05-11;16777;8410;690607;316288;32.1;14.7
75;2021-05-12;17859;8127;708466;324415;33.0;15.1
75;2021-05-13;13549;2480;722015;326895;33.6;15.2
75;2021-05-14;18301;5111;740316;332006;34.5;15.5
75;2021-05-15;12238;2625;752554;334631;35.0;15.6
75;2021-05-16;3818;760;756372;335391;35.2;15.6
75;2021-05-17;15904;4631;772276;340022;35.9;15.8
75;2021-05-18;19053;5307;791329;345329;36.8;16.1
75;2021-05-19;20632;10715;811961;356044;37.8;16.6
75;2021-05-20;21477;8643;833438;364687;38.8;17.0
75;2021-05-21;20942;6524;854380;371211;39.8;17.3
75;2021-05-22;15887;3302;870267;374513;40.5;17.4
75;2021-05-23;5581;1336;875848;375849;40.8;17.5
75;2021-05-24;15593;2560;891441;378409;41.5;17.6
75;2021-05-25;17944;9610;909385;388019;42.3;18.1
75;2021-05-26;18769;8177;928154;396196;43.2;18.4
75;2021-05-27;20069;9806;948223;406002;44.1;18.9
75;2021-05-28;19277;10853;967500;416855;45.0;19.4
75;2021-05-29;16065;5820;983565;422675;45.8;19.7
75;2021-05-30;7001;2134;990566;424809;46.1;19.8
75;2021-05-31;18031;9448;1008597;434257;46.9;20.2
75;2021-06-01;18447;12965;1027044;447222;47.8;20.8
75;2021-06-02;17995;10265;1045039;457487;48.6;21.3
75;2021-06-03;20082;11941;1065121;469428;49.6;21.9
75;2021-06-04;17883;12850;1083004;482278;50.4;22.4
75;2021-06-05;11906;9622;1094910;491900;51.0;22.9
75;2021-06-06;6661;3153;1101571;495053;51.3;23.0
75;2021-06-07;13799;11822;1115370;506875;51.9;23.6
75;2021-06-08;14656;13944;1130026;520819;52.6;24.2
75;2021-06-09;16338;15231;1146364;536050;53.4;25.0
75;2021-06-10;18089;26313;1164453;562363;54.2;26.2
75;2021-06-11;15034;16430;1179487;578793;54.9;26.9
75;2021-06-12;13180;9980;1192667;588773;55.5;27.4
75;2021-06-13;6221;3778;1198888;592551;55.8;27.6
75;2021-06-14;11608;15409;1210496;607960;56.3;28.3
75;2021-06-15;12323;19495;1222819;627455;56.9;29.2
75;2021-06-16;11929;17180;1234748;644635;57.5;30.0
75;2021-06-17;12445;17621;1247193;662256;58.1;30.8
75;2021-06-18;9887;22585;1257080;684841;58.5;31.9
75;2021-06-19;7409;11829;1264489;696670;58.9;32.4
75;2021-06-20;2769;5488;1267258;702158;59.0;32.7
75;2021-06-21;8272;16322;1275530;718480;59.4;33.4
75;2021-06-22;8573;21794;1284103;740274;59.8;34.5
75;2021-06-23;10011;21421;1294114;761695;60.2;35.5
75;2021-06-24;11095;20597;1305209;782292;60.8;36.4
75;2021-06-25;9182;24682;1314391;806974;61.2;37.6
75;2021-06-26;7833;15408;1322224;822382;61.5;38.3
75;2021-06-27;2652;6329;1324876;828711;61.7;38.6
75;2021-06-28;8217;20094;1333093;848805;62.1;39.5
75;2021-06-29;9051;23820;1342144;872625;62.5;40.6
75;2021-06-30;9701;23566;1351845;896191;62.9;41.7
75;2021-07-01;10710;23359;1362555;919550;63.4;42.8
75;2021-07-02;10058;24689;1372613;944239;63.9;44.0
75;2021-07-03;7644;19791;1380257;964030;64.2;44.9
75;2021-07-04;3804;9544;1384061;973574;64.4;45.3
75;2021-07-05;8671;21505;1392732;995079;64.8;46.3
75;2021-07-06;9692;23961;1402424;1019040;65.3;47.4
75;2021-07-07;9664;25028;1412088;1044068;65.7;48.6
75;2021-07-08;10274;24956;1422362;1069024;66.2;49.8
75;2021-07-09;10157;23950;1432519;1092974;66.7;50.9
75;2021-07-10;7761;18486;1440280;1111460;67.0;51.7
75;2021-07-11;4297;8522;1444577;1119982;67.2;52.1
75;2021-07-12;9093;22990;1453670;1142972;67.7;53.2
75;2021-07-13;13788;24662;1467458;1167634;68.3;54.4
75;2021-07-14;8045;9645;1475503;1177279;68.7;54.8
75;2021-07-15;14501;25492;1490004;1202771;69.4;56.0
75;2021-07-16;14833;21905;1504837;1224676;70.0;57.0
75;2021-07-17;11167;16747;1516004;1241423;70.6;57.8
75;2021-07-18;6182;6755;1522186;1248178;70.9;58.1
75;2021-07-19;13730;21033;1535916;1269211;71.5;59.1
76;2020-12-27;0;0;0;0;0.0;0.0
76;2020-12-28;0;0;0;0;0.0;0.0
76;2020-12-29;0;0;0;0;0.0;0.0
76;2020-12-30;0;0;0;0;0.0;0.0
76;2020-12-31;0;0;0;0;0.0;0.0
76;2021-01-01;0;0;0;0;0.0;0.0
76;2021-01-02;0;0;0;0;0.0;0.0
76;2021-01-03;0;0;0;0;0.0;0.0
76;2021-01-04;17;0;17;0;0.0;0.0
76;2021-01-05;138;0;155;0;0.0;0.0
76;2021-01-06;682;2;837;2;0.1;0.0
76;2021-01-07;1355;6;2192;8;0.2;0.0
76;2021-01-08;1535;0;3727;8;0.3;0.0
76;2021-01-09;736;1;4463;9;0.4;0.0
76;2021-01-10;492;1;4955;10;0.4;0.0
76;2021-01-11;1358;2;6313;12;0.5;0.0
76;2021-01-12;1357;1;7670;13;0.6;0.0
76;2021-01-13;1188;4;8858;17;0.7;0.0
76;2021-01-14;2167;20;11025;37;0.9;0.0
76;2021-01-15;1909;4;12934;41;1.0;0.0
76;2021-01-16;985;3;13919;44;1.1;0.0
76;2021-01-17;2893;19;16812;63;1.4;0.0
76;2021-01-18;4384;13;21196;76;1.7;0.0
76;2021-01-19;3013;7;24209;83;1.9;0.0
76;2021-01-20;2066;8;26275;91;2.1;0.0
76;2021-01-21;1773;4;28048;95;2.3;0.0
76;2021-01-22;1703;4;29751;99;2.4;0.0
76;2021-01-23;449;1;30200;100;2.4;0.0
76;2021-01-24;99;0;30299;100;2.4;0.0
76;2021-01-25;1473;140;31772;240;2.6;0.0
76;2021-01-26;1388;335;33160;575;2.7;0.0
76;2021-01-27;1340;431;34500;1006;2.8;0.1
76;2021-01-28;1283;384;35783;1390;2.9;0.1
76;2021-01-29;1151;462;36934;1852;3.0;0.1
76;2021-01-30;283;304;37217;2156;3.0;0.2
76;2021-01-31;4;99;37221;2255;3.0;0.2
76;2021-02-01;837;817;38058;3072;3.1;0.2
76;2021-02-02;1056;1018;39114;4090;3.1;0.3
76;2021-02-03;915;1002;40029;5092;3.2;0.4
76;2021-02-04;975;1457;41004;6549;3.3;0.5
76;2021-02-05;973;1105;41977;7654;3.4;0.6
76;2021-02-06;258;878;42235;8532;3.4;0.7
76;2021-02-07;467;1660;42702;10192;3.4;0.8
76;2021-02-08;1924;3729;44626;13921;3.6;1.1
76;2021-02-09;1754;2990;46380;16911;3.7;1.4
76;2021-02-10;1488;1816;47868;18727;3.8;1.5
76;2021-02-11;1675;1526;49543;20253;4.0;1.6
76;2021-02-12;1709;1573;51252;21826;4.1;1.8
76;2021-02-13;230;336;51482;22162;4.1;1.8
76;2021-02-14;9;82;51491;22244;4.1;1.8
76;2021-02-15;553;1723;52044;23967;4.2;1.9
76;2021-02-16;741;1638;52785;25605;4.2;2.1
76;2021-02-17;624;1458;53409;27063;4.3;2.2
76;2021-02-18;778;1381;54187;28444;4.4;2.3
76;2021-02-19;868;1343;55055;29787;4.4;2.4
76;2021-02-20;269;292;55324;30079;4.4;2.4
76;2021-02-21;0;0;55324;30079;4.4;2.4
76;2021-02-22;371;1314;55695;31393;4.5;2.5
76;2021-02-23;574;1240;56269;32633;4.5;2.6
76;2021-02-24;597;1204;56866;33837;4.6;2.7
76;2021-02-25;1665;1251;58531;35088;4.7;2.8
76;2021-02-26;2170;1039;60701;36127;4.9;2.9
76;2021-02-27;1108;267;61809;36394;5.0;2.9
76;2021-02-28;27;195;61836;36589;5.0;2.9
76;2021-03-01;822;2107;62658;38696;5.0;3.1
76;2021-03-02;1374;1712;64032;40408;5.1;3.2
76;2021-03-03;1935;1386;65967;41794;5.3;3.4
76;2021-03-04;2805;1087;68772;42881;5.5;3.4
76;2021-03-05;4169;776;72941;43657;5.9;3.5
76;2021-03-06;3360;138;76301;43795;6.1;3.5
76;2021-03-07;1257;26;77558;43821;6.2;3.5
76;2021-03-08;2096;1242;79654;45063;6.4;3.6
76;2021-03-09;3569;1151;83223;46214;6.7;3.7
76;2021-03-10;3590;1040;86813;47254;7.0;3.8
76;2021-03-11;5627;901;92440;48155;7.4;3.9
76;2021-03-12;6817;554;99257;48709;8.0;3.9
76;2021-03-13;4636;110;103893;48819;8.4;3.9
76;2021-03-14;1069;18;104962;48837;8.4;3.9
76;2021-03-15;2913;218;107875;49055;8.7;3.9
76;2021-03-16;2550;391;110425;49446;8.9;4.0
76;2021-03-17;2694;299;113119;49745;9.1;4.0
76;2021-03-18;2995;297;116114;50042;9.3;4.0
76;2021-03-19;4391;402;120505;50444;9.7;4.1
76;2021-03-20;3972;256;124477;50700;10.0;4.1
76;2021-03-21;836;10;125313;50710;10.1;4.1
76;2021-03-22;3984;331;129297;51041;10.4;4.1
76;2021-03-23;5702;315;134999;51356;10.9;4.1
76;2021-03-24;5668;362;140667;51718;11.3;4.2
76;2021-03-25;7508;527;148175;52245;11.9;4.2
76;2021-03-26;8712;540;156887;52785;12.6;4.2
76;2021-03-27;4808;344;161695;53129;13.0;4.3
76;2021-03-28;1020;21;162715;53150;13.1;4.3
76;2021-03-29;5390;793;168105;53943;13.5;4.3
76;2021-03-30;6580;1013;174685;54956;14.0;4.4
76;2021-03-31;6447;1226;181132;56182;14.6;4.5
76;2021-04-01;6773;2007;187905;58189;15.1;4.7
76;2021-04-02;6482;2625;194387;60814;15.6;4.9
76;2021-04-03;2439;1067;196826;61881;15.8;5.0
76;2021-04-04;262;11;197088;61892;15.8;5.0
76;2021-04-05;865;375;197953;62267;15.9;5.0
76;2021-04-06;3554;2770;201507;65037;16.2;5.2
76;2021-04-07;4417;2382;205924;67419;16.6;5.4
76;2021-04-08;5840;2777;211764;70196;17.0;5.6
76;2021-04-09;8796;3039;220560;73235;17.7;5.9
76;2021-04-10;4868;1383;225428;74618;18.1;6.0
76;2021-04-11;812;521;226240;75139;18.2;6.0
76;2021-04-12;4724;2841;230964;77980;18.6;6.3
76;2021-04-13;5916;2859;236880;80839;19.0;6.5
76;2021-04-14;4804;3131;241684;83970;19.4;6.8
76;2021-04-15;5558;3363;247242;87333;19.9;7.0
76;2021-04-16;7350;3421;254592;90754;20.5;7.3
76;2021-04-17;4383;1422;258975;92176;20.8;7.4
76;2021-04-18;339;140;259314;92316;20.8;7.4
76;2021-04-19;3471;3760;262785;96076;21.1;7.7
76;2021-04-20;4339;4278;267124;100354;21.5;8.1
76;2021-04-21;4178;4661;271302;105015;21.8;8.4
76;2021-04-22;4555;5418;275857;110433;22.2;8.9
76;2021-04-23;5431;5906;281288;116339;22.6;9.4
76;2021-04-24;4162;2169;285450;118508;23.0;9.5
76;2021-04-25;888;263;286338;118771;23.0;9.5
76;2021-04-26;4474;4462;290812;123233;23.4;9.9
76;2021-04-27;4993;4989;295805;128222;23.8;10.3
76;2021-04-28;5342;4152;301147;132374;24.2;10.6
76;2021-04-29;6925;4153;308072;136527;24.8;11.0
76;2021-04-30;8214;4621;316286;141148;25.4;11.3
76;2021-05-01;4827;998;321113;142146;25.8;11.4
76;2021-05-02;1842;245;322955;142391;26.0;11.4
76;2021-05-03;4701;3315;327656;145706;26.3;11.7
76;2021-05-04;4816;4549;332472;150255;26.7;12.1
76;2021-05-05;4785;5137;337257;155392;27.1;12.5
76;2021-05-06;5916;5567;343173;160959;27.6;12.9
76;2021-05-07;6137;6752;349310;167711;28.1;13.5
76;2021-05-08;5050;888;354360;168599;28.5;13.6
76;2021-05-09;2534;234;356894;168833;28.7;13.6
76;2021-05-10;4944;5041;361838;173874;29.1;14.0
76;2021-05-11;6516;5666;368354;179540;29.6;14.4
76;2021-05-12;6262;5059;374616;184599;30.1;14.8
76;2021-05-13;8840;1268;383456;185867;30.8;14.9
76;2021-05-14;10403;4665;393859;190532;31.7;15.3
76;2021-05-15;9118;2441;402977;192973;32.4;15.5
76;2021-05-16;6233;473;409210;193446;32.9;15.6
76;2021-05-17;7190;3260;416400;196706;33.5;15.8
76;2021-05-18;8246;2790;424646;199496;34.1;16.0
76;2021-05-19;8306;3164;432952;202660;34.8;16.3
76;2021-05-20;9379;3366;442331;206026;35.6;16.6
76;2021-05-21;7993;4065;450324;210091;36.2;16.9
76;2021-05-22;7142;2343;457466;212434;36.8;17.1
76;2021-05-23;6377;393;463843;212827;37.3;17.1
76;2021-05-24;6692;1524;470535;214351;37.8;17.2
76;2021-05-25;7640;4069;478175;218420;38.4;17.6
76;2021-05-26;7208;3581;485383;222001;39.0;17.8
76;2021-05-27;8186;4682;493569;226683;39.7;18.2
76;2021-05-28;8209;6559;501778;233242;40.3;18.8
76;2021-05-29;6221;3516;507999;236758;40.8;19.0
76;2021-05-30;3146;426;511145;237184;41.1;19.1
76;2021-05-31;8160;3974;519305;241158;41.8;19.4
76;2021-06-01;9115;5012;528420;246170;42.5;19.8
76;2021-06-02;7737;4427;536157;250597;43.1;20.1
76;2021-06-03;9327;5386;545484;255983;43.9;20.6
76;2021-06-04;8989;6654;554473;262637;44.6;21.1
76;2021-06-05;6252;3806;560725;266443;45.1;21.4
76;2021-06-06;2543;649;563268;267092;45.3;21.5
76;2021-06-07;6815;5443;570083;272535;45.8;21.9
76;2021-06-08;8530;6273;578613;278808;46.5;22.4
76;2021-06-09;7048;6076;585661;284884;47.1;22.9
76;2021-06-10;7754;6552;593415;291436;47.7;23.4
76;2021-06-11;7360;8212;600775;299648;48.3;24.1
76;2021-06-12;7149;5860;607924;305508;48.9;24.6
76;2021-06-13;2956;1288;610880;306796;49.1;24.7
76;2021-06-14;6034;6692;616914;313488;49.6;25.2
76;2021-06-15;6067;7450;622981;320938;50.1;25.8
76;2021-06-16;6586;7463;629567;328401;50.6;26.4
76;2021-06-17;6945;7743;636512;336144;51.2;27.0
76;2021-06-18;7514;9201;644026;345345;51.8;27.8
76;2021-06-19;5971;6253;649997;351598;52.3;28.3
76;2021-06-20;2798;1808;652795;353406;52.5;28.4
76;2021-06-21;4926;8128;657721;361534;52.9;29.1
76;2021-06-22;4761;9873;662482;371407;53.3;29.9
76;2021-06-23;4557;9423;667039;380830;53.6;30.6
76;2021-06-24;4652;9908;671691;390738;54.0;31.4
76;2021-06-25;4904;11559;676595;402297;54.4;32.3
76;2021-06-26;3438;7875;680033;410172;54.7;33.0
76;2021-06-27;1358;5167;681391;415339;54.8;33.4
76;2021-06-28;3533;9934;684924;425273;55.1;34.2
76;2021-06-29;3810;10226;688734;435499;55.4;35.0
76;2021-06-30;4191;9840;692925;445339;55.7;35.8
76;2021-07-01;4531;9886;697456;455225;56.1;36.6
76;2021-07-02;4320;12010;701776;467235;56.4;37.6
76;2021-07-03;3579;8440;705355;475675;56.7;38.2
76;2021-07-04;1476;5304;706831;480979;56.8;38.7
76;2021-07-05;3910;9319;710741;490298;57.1;39.4
76;2021-07-06;4021;10073;714762;500371;57.5;40.2
76;2021-07-07;3960;9309;718722;509680;57.8;41.0
76;2021-07-08;4438;9432;723160;519112;58.1;41.7
76;2021-07-09;4320;12384;727480;531496;58.5;42.7
76;2021-07-10;3124;8536;730604;540032;58.7;43.4
76;2021-07-11;1771;2814;732375;542846;58.9;43.6
76;2021-07-12;3120;11137;735495;553983;59.1;44.5
76;2021-07-13;4891;12232;740386;566215;59.5;45.5
76;2021-07-14;4783;5517;745169;571732;59.9;46.0
76;2021-07-15;5841;11748;751010;583480;60.4;46.9
76;2021-07-16;6681;11984;757691;595464;60.9;47.9
76;2021-07-17;5251;8665;762942;604129;61.3;48.6
76;2021-07-18;2252;3338;765194;607467;61.5;48.8
76;2021-07-19;5106;11098;770300;618565;61.9;49.7
77;2020-12-27;1;0;1;0;0.0;0.0
77;2020-12-28;0;0;1;0;0.0;0.0
77;2020-12-29;0;0;1;0;0.0;0.0
77;2020-12-30;0;0;1;0;0.0;0.0
77;2020-12-31;0;0;1;0;0.0;0.0
77;2021-01-01;2;0;3;0;0.0;0.0
77;2021-01-02;0;0;3;0;0.0;0.0
77;2021-01-03;0;0;3;0;0.0;0.0
77;2021-01-04;5;0;8;0;0.0;0.0
77;2021-01-05;199;0;207;0;0.0;0.0
77;2021-01-06;219;2;426;2;0.0;0.0
77;2021-01-07;517;2;943;4;0.1;0.0
77;2021-01-08;611;1;1554;5;0.1;0.0
77;2021-01-09;273;0;1827;5;0.1;0.0
77;2021-01-10;235;2;2062;7;0.1;0.0
77;2021-01-11;783;3;2845;10;0.2;0.0
77;2021-01-12;882;1;3727;11;0.3;0.0
77;2021-01-13;936;1;4663;12;0.3;0.0
77;2021-01-14;845;9;5508;21;0.4;0.0
77;2021-01-15;842;12;6350;33;0.4;0.0
77;2021-01-16;168;1;6518;34;0.5;0.0
77;2021-01-17;131;2;6649;36;0.5;0.0
77;2021-01-18;1190;4;7839;40;0.6;0.0
77;2021-01-19;1715;8;9554;48;0.7;0.0
77;2021-01-20;2534;5;12088;53;0.8;0.0
77;2021-01-21;2049;20;14137;73;1.0;0.0
77;2021-01-22;1148;7;15285;80;1.1;0.0
77;2021-01-23;348;0;15633;80;1.1;0.0
77;2021-01-24;43;0;15676;80;1.1;0.0
77;2021-01-25;938;65;16614;145;1.2;0.0
77;2021-01-26;1700;30;18314;175;1.3;0.0
77;2021-01-27;1361;42;19675;217;1.4;0.0
77;2021-01-28;1695;88;21370;305;1.5;0.0
77;2021-01-29;1267;147;22637;452;1.6;0.0
77;2021-01-30;210;2;22847;454;1.6;0.0
77;2021-01-31;0;0;22847;454;1.6;0.0
77;2021-02-01;568;212;23415;666;1.6;0.0
77;2021-02-02;866;270;24281;936;1.7;0.1
77;2021-02-03;793;539;25074;1475;1.8;0.1
77;2021-02-04;790;809;25864;2284;1.8;0.2
77;2021-02-05;856;854;26720;3138;1.9;0.2
77;2021-02-06;164;103;26884;3241;1.9;0.2
77;2021-02-07;16;92;26900;3333;1.9;0.2
77;2021-02-08;490;943;27390;4276;1.9;0.3
77;2021-02-09;586;1476;27976;5752;2.0;0.4
77;2021-02-10;1030;1854;29006;7606;2.0;0.5
77;2021-02-11;1056;1653;30062;9259;2.1;0.7
77;2021-02-12;1096;1184;31158;10443;2.2;0.7
77;2021-02-13;187;175;31345;10618;2.2;0.7
77;2021-02-14;11;57;31356;10675;2.2;0.7
77;2021-02-15;554;1031;31910;11706;2.2;0.8
77;2021-02-16;599;1542;32509;13248;2.3;0.9
77;2021-02-17;514;1191;33023;14439;2.3;1.0
77;2021-02-18;838;1616;33861;16055;2.4;1.1
77;2021-02-19;773;1171;34634;17226;2.4;1.2
77;2021-02-20;52;175;34686;17401;2.4;1.2
77;2021-02-21;7;31;34693;17432;2.4;1.2
77;2021-02-22;302;775;34995;18207;2.5;1.3
77;2021-02-23;358;1133;35353;19340;2.5;1.4
77;2021-02-24;508;894;35861;20234;2.5;1.4
77;2021-02-25;789;970;36650;21204;2.6;1.5
77;2021-02-26;839;843;37489;22047;2.6;1.5
77;2021-02-27;460;168;37949;22215;2.7;1.6
77;2021-02-28;31;5;37980;22220;2.7;1.6
77;2021-03-01;669;710;38649;22930;2.7;1.6
77;2021-03-02;1092;1027;39741;23957;2.8;1.7
77;2021-03-03;1950;1165;41691;25122;2.9;1.8
77;2021-03-04;2786;1127;44477;26249;3.1;1.8
77;2021-03-05;3367;1011;47844;27260;3.4;1.9
77;2021-03-06;4822;229;52666;27489;3.7;1.9
77;2021-03-07;3189;89;55855;27578;3.9;1.9
77;2021-03-08;1227;499;57082;28077;4.0;2.0
77;2021-03-09;2500;620;59582;28697;4.2;2.0
77;2021-03-10;2397;560;61979;29257;4.4;2.1
77;2021-03-11;3494;756;65473;30013;4.6;2.1
77;2021-03-12;3886;662;69359;30675;4.9;2.2
77;2021-03-13;4480;171;73839;30846;5.2;2.2
77;2021-03-14;2146;100;75985;30946;5.3;2.2
77;2021-03-15;2509;263;78494;31209;5.5;2.2
77;2021-03-16;2439;364;80933;31573;5.7;2.2
77;2021-03-17;2548;412;83481;31985;5.9;2.2
77;2021-03-18;3000;398;86481;32383;6.1;2.3
77;2021-03-19;3354;422;89835;32805;6.3;2.3
77;2021-03-20;1959;67;91794;32872;6.4;2.3
77;2021-03-21;240;12;92034;32884;6.5;2.3
77;2021-03-22;3015;389;95049;33273;6.7;2.3
77;2021-03-23;4510;502;99559;33775;7.0;2.4
77;2021-03-24;4148;614;103707;34389;7.3;2.4
77;2021-03-25;5900;403;109607;34792;7.7;2.4
77;2021-03-26;6257;412;115864;35204;8.1;2.5
77;2021-03-27;3316;99;119180;35303;8.4;2.5
77;2021-03-28;1730;39;120910;35342;8.5;2.5
77;2021-03-29;2650;675;123560;36017;8.7;2.5
77;2021-03-30;3989;1200;127549;37217;9.0;2.6
77;2021-03-31;3749;1209;131298;38426;9.2;2.7
77;2021-04-01;4137;1792;135435;40218;9.5;2.8
77;2021-04-02;3990;2008;139425;42226;9.8;3.0
77;2021-04-03;1744;2268;141169;44494;9.9;3.1
77;2021-04-04;425;1423;141594;45917;9.9;3.2
77;2021-04-05;157;162;141751;46079;10.0;3.2
77;2021-04-06;2708;1913;144459;47992;10.1;3.4
77;2021-04-07;3311;2078;147770;50070;10.4;3.5
77;2021-04-08;4523;2335;152293;52405;10.7;3.7
77;2021-04-09;4843;2068;157136;54473;11.0;3.8
77;2021-04-10;3070;2740;160206;57213;11.3;4.0
77;2021-04-11;585;716;160791;57929;11.3;4.1
77;2021-04-12;2231;1820;163022;59749;11.5;4.2
77;2021-04-13;3355;2634;166377;62383;11.7;4.4
77;2021-04-14;2517;2640;168894;65023;11.9;4.6
77;2021-04-15;3317;3100;172211;68123;12.1;4.8
77;2021-04-16;3572;2710;175783;70833;12.3;5.0
77;2021-04-17;1387;470;177170;71303;12.4;5.0
77;2021-04-18;149;10;177319;71313;12.5;5.0
77;2021-04-19;2076;2507;179395;73820;12.6;5.2
77;2021-04-20;2565;3374;181960;77194;12.8;5.4
77;2021-04-21;2193;3469;184153;80663;12.9;5.7
77;2021-04-22;2999;3829;187152;84492;13.1;5.9
77;2021-04-23;3522;3614;190674;88106;13.4;6.2
77;2021-04-24;4894;2499;195568;90605;13.7;6.4
77;2021-04-25;4083;1232;199651;91837;14.0;6.5
77;2021-04-26;3227;2031;202878;93868;14.3;6.6
77;2021-04-27;3992;2498;206870;96366;14.5;6.8
77;2021-04-28;4071;2594;210941;98960;14.8;7.0
77;2021-04-29;4473;3063;215414;102023;15.1;7.2
77;2021-04-30;4899;3323;220313;105346;15.5;7.4
77;2021-05-01;2458;587;222771;105933;15.6;7.4
77;2021-05-02;3142;268;225913;106201;15.9;7.5
77;2021-05-03;5983;2054;231896;108255;16.3;7.6
77;2021-05-04;6435;2976;238331;111231;16.7;7.8
77;2021-05-05;6009;3014;244340;114245;17.2;8.0
77;2021-05-06;6880;3577;251220;117822;17.6;8.3
77;2021-05-07;8201;3244;259421;121066;18.2;8.5
77;2021-05-08;5698;796;265119;121862;18.6;8.6
77;2021-05-09;4904;463;270023;122325;19.0;8.6
77;2021-05-10;8081;2314;278104;124639;19.5;8.8
77;2021-05-11;9571;2888;287675;127527;20.2;9.0
77;2021-05-12;8968;2274;296643;129801;20.8;9.1
77;2021-05-13;9301;856;305944;130657;21.5;9.2
77;2021-05-14;10420;1633;316364;132290;22.2;9.3
77;2021-05-15;8985;1241;325349;133531;22.9;9.4
77;2021-05-16;5150;459;330499;133990;23.2;9.4
77;2021-05-17;10363;1466;340862;135456;23.9;9.5
77;2021-05-18;11766;1782;352628;137238;24.8;9.6
77;2021-05-19;10899;1559;363527;138797;25.5;9.7
77;2021-05-20;12199;2147;375726;140944;26.4;9.9
77;2021-05-21;11648;2668;387374;143612;27.2;10.1
77;2021-05-22;9815;1722;397189;145334;27.9;10.2
77;2021-05-23;6983;797;404172;146131;28.4;10.3
77;2021-05-24;6759;768;410931;146899;28.9;10.3
77;2021-05-25;8302;2798;419233;149697;29.4;10.5
77;2021-05-26;7552;2952;426785;152649;30.0;10.7
77;2021-05-27;7547;3946;434332;156595;30.5;11.0
77;2021-05-28;7631;4005;441963;160600;31.0;11.3
77;2021-05-29;7355;2334;449318;162934;31.6;11.4
77;2021-05-30;4352;884;453670;163818;31.9;11.5
77;2021-05-31;8382;3819;462052;167637;32.5;11.8
77;2021-06-01;9625;4337;471677;171974;33.1;12.1
77;2021-06-02;8891;3857;480568;175831;33.8;12.4
77;2021-06-03;8992;5233;489560;181064;34.4;12.7
77;2021-06-04;9102;5476;498662;186540;35.0;13.1
77;2021-06-05;6625;4990;505287;191530;35.5;13.5
77;2021-06-06;4893;3206;510180;194736;35.8;13.7
77;2021-06-07;6408;4525;516588;199261;36.3;14.0
77;2021-06-08;5691;5202;522279;204463;36.7;14.4
77;2021-06-09;5026;4942;527305;209405;37.0;14.7
77;2021-06-10;4929;5444;532234;214849;37.4;15.1
77;2021-06-11;5694;6024;537928;220873;37.8;15.5
77;2021-06-12;6526;4737;544454;225610;38.2;15.8
77;2021-06-13;3497;3042;547951;228652;38.5;16.1
77;2021-06-14;3192;7921;551143;236573;38.7;16.6
77;2021-06-15;4077;8485;555220;245058;39.0;17.2
77;2021-06-16;4749;8369;559969;253427;39.3;17.8
77;2021-06-17;4442;9021;564411;262448;39.6;18.4
77;2021-06-18;4313;9774;568724;272222;39.9;19.1
77;2021-06-19;5259;6909;573983;279131;40.3;19.6
77;2021-06-20;2073;3794;576056;282925;40.5;19.9
77;2021-06-21;3191;9585;579247;292510;40.7;20.5
77;2021-06-22;3627;11379;582874;303889;40.9;21.3
77;2021-06-23;3415;10049;586289;313938;41.2;22.1
77;2021-06-24;3346;10927;589635;324865;41.4;22.8
77;2021-06-25;3607;10817;593242;335682;41.7;23.6
77;2021-06-26;4063;10060;597305;345742;42.0;24.3
77;2021-06-27;2106;6430;599411;352172;42.1;24.7
77;2021-06-28;2762;10825;602173;362997;42.3;25.5
77;2021-06-29;3302;12508;605475;375505;42.5;26.4
77;2021-06-30;3198;11435;608673;386940;42.8;27.2
77;2021-07-01;3242;11659;611915;398599;43.0;28.0
77;2021-07-02;3405;12231;615320;410830;43.2;28.9
77;2021-07-03;3129;10793;618449;421623;43.4;29.6
77;2021-07-04;1983;6489;620432;428112;43.6;30.1
77;2021-07-05;3555;9531;623987;437643;43.8;30.7
77;2021-07-06;3692;9517;627679;447160;44.1;31.4
77;2021-07-07;3969;8946;631648;456106;44.4;32.0
77;2021-07-08;3882;8734;635530;464840;44.6;32.7
77;2021-07-09;4667;10322;640197;475162;45.0;33.4
77;2021-07-10;3987;9807;644184;484969;45.3;34.1
77;2021-07-11;3056;5072;647240;490041;45.5;34.4
77;2021-07-12;3258;10846;650498;500887;45.7;35.2
77;2021-07-13;6032;11971;656530;512858;46.1;36.0
77;2021-07-14;3528;6424;660058;519282;46.4;36.5
77;2021-07-15;7066;11901;667124;531183;46.9;37.3
77;2021-07-16;7734;9819;674858;541002;47.4;38.0
77;2021-07-17;5749;9406;680607;550408;47.8;38.7
77;2021-07-18;4132;5285;684739;555693;48.1;39.0
77;2021-07-19;7397;8862;692136;564555;48.6;39.7
78;2020-12-27;0;0;0;0;0.0;0.0
78;2020-12-28;0;0;0;0;0.0;0.0
78;2020-12-29;0;0;0;0;0.0;0.0
78;2020-12-30;0;0;0;0;0.0;0.0
78;2020-12-31;15;0;15;0;0.0;0.0
78;2021-01-01;0;0;15;0;0.0;0.0
78;2021-01-02;1;0;16;0;0.0;0.0
78;2021-01-03;0;0;16;0;0.0;0.0
78;2021-01-04;141;3;157;3;0.0;0.0
78;2021-01-05;175;1;332;4;0.0;0.0
78;2021-01-06;208;2;540;6;0.0;0.0
78;2021-01-07;468;2;1008;8;0.1;0.0
78;2021-01-08;651;4;1659;12;0.1;0.0
78;2021-01-09;22;0;1681;12;0.1;0.0
78;2021-01-10;1;0;1682;12;0.1;0.0
78;2021-01-11;791;4;2473;16;0.2;0.0
78;2021-01-12;947;6;3420;22;0.2;0.0
78;2021-01-13;733;6;4153;28;0.3;0.0
78;2021-01-14;809;8;4962;36;0.3;0.0
78;2021-01-15;844;4;5806;40;0.4;0.0
78;2021-01-16;32;1;5838;41;0.4;0.0
78;2021-01-17;0;0;5838;41;0.4;0.0
78;2021-01-18;1376;15;7214;56;0.5;0.0
78;2021-01-19;1840;21;9054;77;0.6;0.0
78;2021-01-20;1644;12;10698;89;0.7;0.0
78;2021-01-21;3242;13;13940;102;1.0;0.0
78;2021-01-22;2209;16;16149;118;1.1;0.0
78;2021-01-23;279;0;16428;118;1.1;0.0
78;2021-01-24;4;0;16432;118;1.1;0.0
78;2021-01-25;958;29;17390;147;1.2;0.0
78;2021-01-26;1548;15;18938;162;1.3;0.0
78;2021-01-27;2045;46;20983;208;1.4;0.0
78;2021-01-28;2433;102;23416;310;1.6;0.0
78;2021-01-29;1485;63;24901;373;1.7;0.0
78;2021-01-30;210;3;25111;376;1.7;0.0
78;2021-01-31;3;0;25114;376;1.7;0.0
78;2021-02-01;787;223;25901;599;1.8;0.0
78;2021-02-02;968;346;26869;945;1.9;0.1
78;2021-02-03;975;243;27844;1188;1.9;0.1
78;2021-02-04;1115;447;28959;1635;2.0;0.1
78;2021-02-05;1189;515;30148;2150;2.1;0.1
78;2021-02-06;196;44;30344;2194;2.1;0.2
78;2021-02-07;139;10;30483;2204;2.1;0.2
78;2021-02-08;760;612;31243;2816;2.2;0.2
78;2021-02-09;1120;934;32363;3750;2.2;0.3
78;2021-02-10;1243;1177;33606;4927;2.3;0.3
78;2021-02-11;1815;1896;35421;6823;2.4;0.5
78;2021-02-12;1817;1409;37238;8232;2.6;0.6
78;2021-02-13;172;79;37410;8311;2.6;0.6
78;2021-02-14;26;23;37436;8334;2.6;0.6
78;2021-02-15;445;1446;37881;9780;2.6;0.7
78;2021-02-16;627;1557;38508;11337;2.7;0.8
78;2021-02-17;581;2220;39089;13557;2.7;0.9
78;2021-02-18;988;2278;40077;15835;2.8;1.1
78;2021-02-19;818;1741;40895;17576;2.8;1.2
78;2021-02-20;143;123;41038;17699;2.8;1.2
78;2021-02-21;0;12;41038;17711;2.8;1.2
78;2021-02-22;498;1056;41536;18767;2.9;1.3
78;2021-02-23;537;1120;42073;19887;2.9;1.4
78;2021-02-24;619;1230;42692;21117;2.9;1.5
78;2021-02-25;859;1159;43551;22276;3.0;1.5
78;2021-02-26;1131;1242;44682;23518;3.1;1.6
78;2021-02-27;739;147;45421;23665;3.1;1.6
78;2021-02-28;65;18;45486;23683;3.1;1.6
78;2021-03-01;962;902;46448;24585;3.2;1.7
78;2021-03-02;1716;1042;48164;25627;3.3;1.8
78;2021-03-03;1960;1205;50124;26832;3.5;1.9
78;2021-03-04;2939;1559;53063;28391;3.7;2.0
78;2021-03-05;3247;1635;56310;30026;3.9;2.1
78;2021-03-06;6236;250;62546;30276;4.3;2.1
78;2021-03-07;3442;80;65988;30356;4.6;2.1
78;2021-03-08;1449;754;67437;31110;4.7;2.1
78;2021-03-09;2930;884;70367;31994;4.9;2.2
78;2021-03-10;3065;1074;73432;33068;5.1;2.3
78;2021-03-11;4174;1289;77606;34357;5.4;2.4
78;2021-03-12;5365;1305;82971;35662;5.7;2.5
78;2021-03-13;4649;162;87620;35824;6.0;2.5
78;2021-03-14;1032;35;88652;35859;6.1;2.5
78;2021-03-15;3619;252;92271;36111;6.4;2.5
78;2021-03-16;2560;548;94831;36659;6.5;2.5
78;2021-03-17;2962;405;97793;37064;6.8;2.6
78;2021-03-18;3777;413;101570;37477;7.0;2.6
78;2021-03-19;5309;467;106879;37944;7.4;2.6
78;2021-03-20;2255;114;109134;38058;7.5;2.6
78;2021-03-21;161;6;109295;38064;7.5;2.6
78;2021-03-22;3512;366;112807;38430;7.8;2.7
78;2021-03-23;5218;514;118025;38944;8.1;2.7
78;2021-03-24;4886;524;122911;39468;8.5;2.7
78;2021-03-25;6925;532;129836;40000;9.0;2.8
78;2021-03-26;6925;676;136761;40676;9.4;2.8
78;2021-03-27;3740;167;140501;40843;9.7;2.8
78;2021-03-28;1916;37;142417;40880;9.8;2.8
78;2021-03-29;3860;751;146277;41631;10.1;2.9
78;2021-03-30;5520;1047;151797;42678;10.5;2.9
78;2021-03-31;5324;1268;157121;43946;10.8;3.0
78;2021-04-01;5582;2303;162703;46249;11.2;3.2
78;2021-04-02;5187;2609;167890;48858;11.6;3.4
78;2021-04-03;2197;2552;170087;51410;11.7;3.5
78;2021-04-04;170;14;170257;51424;11.8;3.5
78;2021-04-05;193;18;170450;51442;11.8;3.6
78;2021-04-06;3613;2292;174063;53734;12.0;3.7
78;2021-04-07;4344;2579;178407;56313;12.3;3.9
78;2021-04-08;5495;2639;183902;58952;12.7;4.1
78;2021-04-09;6899;2416;190801;61368;13.2;4.2
78;2021-04-10;3992;1888;194793;63256;13.4;4.4
78;2021-04-11;370;605;195163;63861;13.5;4.4
78;2021-04-12;3527;2364;198690;66225;13.7;4.6
78;2021-04-13;5459;2478;204149;68703;14.1;4.7
78;2021-04-14;4946;3357;209095;72060;14.4;5.0
78;2021-04-15;4600;3828;213695;75888;14.8;5.2
78;2021-04-16;5630;4010;219325;79898;15.1;5.5
78;2021-04-17;3608;704;222933;80602;15.4;5.6
78;2021-04-18;272;42;223205;80644;15.4;5.6
78;2021-04-19;3240;2803;226445;83447;15.6;5.8
78;2021-04-20;4699;3674;231144;87121;16.0;6.0
78;2021-04-21;4526;3493;235670;90614;16.3;6.3
78;2021-04-22;4566;4669;240236;95283;16.6;6.6
78;2021-04-23;5034;4404;245270;99687;16.9;6.9
78;2021-04-24;4865;2620;250135;102307;17.3;7.1
78;2021-04-25;3039;1727;253174;104034;17.5;7.2
78;2021-04-26;4765;3307;257939;107341;17.8;7.4
78;2021-04-27;5457;4303;263396;111644;18.2;7.7
78;2021-04-28;5645;4777;269041;116421;18.6;8.0
78;2021-04-29;6247;4045;275288;120466;19.0;8.3
78;2021-04-30;7203;4431;282491;124897;19.5;8.6
78;2021-05-01;612;251;283103;125148;19.5;8.6
78;2021-05-02;2006;163;285109;125311;19.7;8.7
78;2021-05-03;7454;1269;292563;126580;20.2;8.7
78;2021-05-04;6073;3977;298636;130557;20.6;9.0
78;2021-05-05;7283;4541;305919;135098;21.1;9.3
78;2021-05-06;6472;5162;312391;140260;21.6;9.7
78;2021-05-07;8310;5132;320701;145392;22.1;10.0
78;2021-05-08;2910;1447;323611;146839;22.3;10.1
78;2021-05-09;2815;343;326426;147182;22.5;10.2
78;2021-05-10;7344;4449;333770;151631;23.0;10.5
78;2021-05-11;8133;5398;341903;157029;23.6;10.8
78;2021-05-12;8723;3899;350626;160928;24.2;11.1
78;2021-05-13;6629;595;357255;161523;24.7;11.2
78;2021-05-14;10213;2209;367468;163732;25.4;11.3
78;2021-05-15;4933;2365;372401;166097;25.7;11.5
78;2021-05-16;3693;792;376094;166889;26.0;11.5
78;2021-05-17;8734;1335;384828;168224;26.6;11.6
78;2021-05-18;9876;1853;394704;170077;27.2;11.7
78;2021-05-19;11643;1699;406347;171776;28.1;11.9
78;2021-05-20;11582;2250;417929;174026;28.9;12.0
78;2021-05-21;12125;2612;430054;176638;29.7;12.2
78;2021-05-22;6542;1372;436596;178010;30.1;12.3
78;2021-05-23;3122;380;439718;178390;30.4;12.3
78;2021-05-24;3517;413;443235;178803;30.6;12.3
78;2021-05-25;9977;2499;453212;181302;31.3;12.5
78;2021-05-26;10157;3774;463369;185076;32.0;12.8
78;2021-05-27;10950;4636;474319;189712;32.7;13.1
78;2021-05-28;11412;6003;485731;195715;33.5;13.5
78;2021-05-29;4225;3381;489956;199096;33.8;13.7
78;2021-05-30;132;346;490088;199442;33.8;13.8
78;2021-05-31;7967;5356;498055;204798;34.4;14.1
78;2021-06-01;9826;6516;507881;211314;35.1;14.6
78;2021-06-02;8536;6200;516417;217514;35.6;15.0
78;2021-06-03;9863;6463;526280;223977;36.3;15.5
78;2021-06-04;9768;8151;536048;232128;37.0;16.0
78;2021-06-05;5506;6138;541554;238266;37.4;16.4
78;2021-06-06;2145;2009;543699;240275;37.5;16.6
78;2021-06-07;8102;6503;551801;246778;38.1;17.0
78;2021-06-08;8009;7294;559810;254072;38.6;17.5
78;2021-06-09;7278;6709;567088;260781;39.1;18.0
78;2021-06-10;7037;7084;574125;267865;39.6;18.5
78;2021-06-11;7552;8177;581677;276042;40.2;19.1
78;2021-06-12;6357;2909;588034;278951;40.6;19.3
78;2021-06-13;942;2455;588976;281406;40.7;19.4
78;2021-06-14;3384;9809;592360;291215;40.9;20.1
78;2021-06-15;5626;8282;597986;299497;41.3;20.7
78;2021-06-16;5392;8632;603378;308129;41.7;21.3
78;2021-06-17;5450;8520;608828;316649;42.0;21.9
78;2021-06-18;6072;9772;614900;326421;42.4;22.5
78;2021-06-19;5205;4806;620105;331227;42.8;22.9
78;2021-06-20;616;2834;620721;334061;42.8;23.1
78;2021-06-21;4057;9463;624778;343524;43.1;23.7
78;2021-06-22;3315;10319;628093;353843;43.4;24.4
78;2021-06-23;3807;10390;631900;364233;43.6;25.1
78;2021-06-24;3772;9968;635672;374201;43.9;25.8
78;2021-06-25;3976;13165;639648;387366;44.2;26.7
78;2021-06-26;4197;7950;643845;395316;44.4;27.3
78;2021-06-27;1031;2540;644876;397856;44.5;27.5
78;2021-06-28;3250;10897;648126;408753;44.7;28.2
78;2021-06-29;3511;11238;651637;419991;45.0;29.0
78;2021-06-30;4102;13225;655739;433216;45.3;29.9
78;2021-07-01;3901;12689;659640;445905;45.5;30.8
78;2021-07-02;4161;13917;663801;459822;45.8;31.7
78;2021-07-03;3135;8623;666936;468445;46.0;32.3
78;2021-07-04;752;1739;667688;470184;46.1;32.5
78;2021-07-05;3260;9676;670948;479860;46.3;33.1
78;2021-07-06;3485;12032;674433;491892;46.6;34.0
78;2021-07-07;3732;11595;678165;503487;46.8;34.8
78;2021-07-08;3844;11665;682009;515152;47.1;35.6
78;2021-07-09;4371;12714;686380;527866;47.4;36.4
78;2021-07-10;2605;6583;688985;534449;47.6;36.9
78;2021-07-11;745;2052;689730;536501;47.6;37.0
78;2021-07-12;2979;11731;692709;548232;47.8;37.8
78;2021-07-13;5250;11925;697959;560157;48.2;38.7
78;2021-07-14;2523;4957;700482;565114;48.4;39.0
78;2021-07-15;5619;11899;706101;577013;48.7;39.8
78;2021-07-16;7230;10719;713331;587732;49.2;40.6
78;2021-07-17;4701;4843;718032;592575;49.6;40.9
78;2021-07-18;1117;437;719149;593012;49.6;40.9
78;2021-07-19;3748;10276;722897;603288;49.9;41.6
79;2020-12-27;0;0;0;0;0.0;0.0
79;2020-12-28;0;0;0;0;0.0;0.0
79;2020-12-29;0;0;0;0;0.0;0.0
79;2020-12-30;0;0;0;0;0.0;0.0
79;2020-12-31;0;0;0;0;0.0;0.0
79;2021-01-01;0;0;0;0;0.0;0.0
79;2021-01-02;0;0;0;0;0.0;0.0
79;2021-01-03;0;0;0;0;0.0;0.0
79;2021-01-04;1;0;1;0;0.0;0.0
79;2021-01-05;0;0;1;0;0.0;0.0
79;2021-01-06;0;0;1;0;0.0;0.0
79;2021-01-07;158;0;159;0;0.0;0.0
79;2021-01-08;165;0;324;0;0.1;0.0
79;2021-01-09;98;0;422;0;0.1;0.0
79;2021-01-10;3;0;425;0;0.1;0.0
79;2021-01-11;184;1;609;1;0.2;0.0
79;2021-01-12;246;0;855;1;0.2;0.0
79;2021-01-13;258;0;1113;1;0.3;0.0
79;2021-01-14;499;6;1612;7;0.4;0.0
79;2021-01-15;615;4;2227;11;0.6;0.0
79;2021-01-16;66;0;2293;11;0.6;0.0
79;2021-01-17;0;0;2293;11;0.6;0.0
79;2021-01-18;477;1;2770;12;0.7;0.0
79;2021-01-19;1343;0;4113;12;1.1;0.0
79;2021-01-20;1643;0;5756;12;1.5;0.0
79;2021-01-21;1995;3;7751;15;2.1;0.0
79;2021-01-22;873;3;8624;18;2.3;0.0
79;2021-01-23;65;0;8689;18;2.3;0.0
79;2021-01-24;0;0;8689;18;2.3;0.0
79;2021-01-25;643;6;9332;24;2.5;0.0
79;2021-01-26;571;12;9903;36;2.7;0.0
79;2021-01-27;741;80;10644;116;2.9;0.0
79;2021-01-28;729;150;11373;266;3.1;0.1
79;2021-01-29;490;88;11863;354;3.2;0.1
79;2021-01-30;0;0;11863;354;3.2;0.1
79;2021-01-31;0;0;11863;354;3.2;0.1
79;2021-02-01;206;111;12069;465;3.2;0.1
79;2021-02-02;323;73;12392;538;3.3;0.1
79;2021-02-03;389;60;12781;598;3.4;0.2
79;2021-02-04;323;109;13104;707;3.5;0.2
79;2021-02-05;356;275;13460;982;3.6;0.3
79;2021-02-06;3;0;13463;982;3.6;0.3
79;2021-02-07;22;0;13485;982;3.6;0.3
79;2021-02-08;282;169;13767;1151;3.7;0.3
79;2021-02-09;456;786;14223;1937;3.8;0.5
79;2021-02-10;615;1196;14838;3133;4.0;0.8
79;2021-02-11;776;1234;15614;4367;4.2;1.2
79;2021-02-12;468;770;16082;5137;4.3;1.4
79;2021-02-13;53;74;16135;5211;4.3;1.4
79;2021-02-14;0;0;16135;5211;4.3;1.4
79;2021-02-15;186;507;16321;5718;4.4;1.5
79;2021-02-16;331;733;16652;6451;4.5;1.7
79;2021-02-17;246;880;16898;7331;4.5;2.0
79;2021-02-18;353;945;17251;8276;4.6;2.2
79;2021-02-19;267;566;17518;8842;4.7;2.4
79;2021-02-20;4;22;17522;8864;4.7;2.4
79;2021-02-21;0;0;17522;8864;4.7;2.4
79;2021-02-22;137;464;17659;9328;4.7;2.5
79;2021-02-23;246;570;17905;9898;4.8;2.7
79;2021-02-24;245;545;18150;10443;4.9;2.8
79;2021-02-25;516;469;18666;10912;5.0;2.9
79;2021-02-26;598;400;19264;11312;5.2;3.0
79;2021-02-27;406;4;19670;11316;5.3;3.0
79;2021-02-28;34;0;19704;11316;5.3;3.0
79;2021-03-01;89;360;19793;11676;5.3;3.1
79;2021-03-02;303;506;20096;12182;5.4;3.3
79;2021-03-03;658;542;20754;12724;5.6;3.4
79;2021-03-04;903;569;21657;13293;5.8;3.6
79;2021-03-05;1216;438;22873;13731;6.1;3.7
79;2021-03-06;609;3;23482;13734;6.3;3.7
79;2021-03-07;77;0;23559;13734;6.3;3.7
79;2021-03-08;344;308;23903;14042;6.4;3.8
79;2021-03-09;839;339;24742;14381;6.6;3.9
79;2021-03-10;1139;402;25881;14783;6.9;4.0
79;2021-03-11;1634;313;27515;15096;7.4;4.1
79;2021-03-12;1716;113;29231;15209;7.8;4.1
79;2021-03-13;1130;7;30361;15216;8.1;4.1
79;2021-03-14;50;0;30411;15216;8.2;4.1
79;2021-03-15;494;159;30905;15375;8.3;4.1
79;2021-03-16;734;140;31639;15515;8.5;4.2
79;2021-03-17;575;106;32214;15621;8.6;4.2
79;2021-03-18;551;201;32765;15822;8.8;4.2
79;2021-03-19;663;254;33428;16076;9.0;4.3
79;2021-03-20;1003;11;34431;16087;9.2;4.3
79;2021-03-21;3;0;34434;16087;9.2;4.3
79;2021-03-22;953;201;35387;16288;9.5;4.4
79;2021-03-23;1577;170;36964;16458;9.9;4.4
79;2021-03-24;1826;147;38790;16605;10.4;4.5
79;2021-03-25;2498;178;41288;16783;11.1;4.5
79;2021-03-26;2402;128;43690;16911;11.7;4.5
79;2021-03-27;769;14;44459;16925;11.9;4.5
79;2021-03-28;1;0;44460;16925;11.9;4.5
79;2021-03-29;2146;109;46606;17034;12.5;4.6
79;2021-03-30;2816;50;49422;17084;13.3;4.6
79;2021-03-31;2778;375;52200;17459;14.0;4.7
79;2021-04-01;2691;367;54891;17826;14.7;4.8
79;2021-04-02;2824;385;57715;18211;15.5;4.9
79;2021-04-03;633;53;58348;18264;15.7;4.9
79;2021-04-04;3;0;58351;18264;15.7;4.9
79;2021-04-05;380;3;58731;18267;15.8;4.9
79;2021-04-06;1793;576;60524;18843;16.2;5.1
79;2021-04-07;3115;711;63639;19554;17.1;5.2
79;2021-04-08;2627;679;66266;20233;17.8;5.4
79;2021-04-09;3734;524;70000;20757;18.8;5.6
79;2021-04-10;1460;376;71460;21133;19.2;5.7
79;2021-04-11;4;0;71464;21133;19.2;5.7
79;2021-04-12;1751;349;73215;21482;19.6;5.8
79;2021-04-13;2172;740;75387;22222;20.2;6.0
79;2021-04-14;2478;663;77865;22885;20.9;6.1
79;2021-04-15;2212;655;80077;23540;21.5;6.3
79;2021-04-16;1413;436;81490;23976;21.9;6.4
79;2021-04-17;581;350;82071;24326;22.0;6.5
79;2021-04-18;1;14;82072;24340;22.0;6.5
79;2021-04-19;1088;842;83160;25182;22.3;6.8
79;2021-04-20;1502;1225;84662;26407;22.7;7.1
79;2021-04-21;1417;1430;86079;27837;23.1;7.5
79;2021-04-22;1567;1076;87646;28913;23.5;7.8
79;2021-04-23;1313;1181;88959;30094;23.9;8.1
79;2021-04-24;651;459;89610;30553;24.0;8.2
79;2021-04-25;0;0;89610;30553;24.0;8.2
79;2021-04-26;1342;1812;90952;32365;24.4;8.7
79;2021-04-27;1893;2340;92845;34705;24.9;9.3
79;2021-04-28;1456;2862;94301;37567;25.3;10.1
79;2021-04-29;2102;2245;96403;39812;25.9;10.7
79;2021-04-30;2106;2447;98509;42259;26.4;11.3
79;2021-05-01;516;375;99025;42634;26.6;11.4
79;2021-05-02;1;11;99026;42645;26.6;11.4
79;2021-05-03;1182;1290;100208;43935;26.9;11.8
79;2021-05-04;1730;2321;101938;46256;27.4;12.4
79;2021-05-05;1696;2481;103634;48737;27.8;13.1
79;2021-05-06;2313;2208;105947;50945;28.4;13.7
79;2021-05-07;2083;2801;108030;53746;29.0;14.4
79;2021-05-08;200;506;108230;54252;29.0;14.6
79;2021-05-09;0;0;108230;54252;29.0;14.6
79;2021-05-10;1582;1781;109812;56033;29.5;15.0
79;2021-05-11;2308;1646;112120;57679;30.1;15.5
79;2021-05-12;1996;2679;114116;60358;30.6;16.2
79;2021-05-13;639;289;114755;60647;30.8;16.3
79;2021-05-14;2098;669;116853;61316;31.4;16.5
79;2021-05-15;1398;498;118251;61814;31.7;16.6
79;2021-05-16;1;22;118252;61836;31.7;16.6
79;2021-05-17;1873;1076;120125;62912;32.2;16.9
79;2021-05-18;2969;1262;123094;64174;33.0;17.2
79;2021-05-19;2890;962;125984;65136;33.8;17.5
79;2021-05-20;3102;1241;129086;66377;34.6;17.8
79;2021-05-21;2763;1058;131849;67435;35.4;18.1
79;2021-05-22;1085;254;132934;67689;35.7;18.2
79;2021-05-23;1;0;132935;67689;35.7;18.2
79;2021-05-24;161;20;133096;67709;35.7;18.2
79;2021-05-25;3199;980;136295;68689;36.6;18.4
79;2021-05-26;3310;844;139605;69533;37.5;18.7
79;2021-05-27;3585;1713;143190;71246;38.4;19.1
79;2021-05-28;3328;1818;146518;73064;39.3;19.6
79;2021-05-29;1072;450;147590;73514;39.6;19.7
79;2021-05-30;3;1;147593;73515;39.6;19.7
79;2021-05-31;2374;731;149967;74246;40.2;19.9
79;2021-06-01;3016;1564;152983;75810;41.1;20.3
79;2021-06-02;4058;1166;157041;76976;42.1;20.7
79;2021-06-03;4079;1747;161120;78723;43.2;21.1
79;2021-06-04;4145;2023;165265;80746;44.4;21.7
79;2021-06-05;2799;752;168064;81498;45.1;21.9
79;2021-06-06;695;37;168759;81535;45.3;21.9
79;2021-06-07;2803;1411;171562;82946;46.0;22.3
79;2021-06-08;2977;2061;174539;85007;46.8;22.8
79;2021-06-09;3622;1930;178161;86937;47.8;23.3
79;2021-06-10;3011;1971;181172;88908;48.6;23.9
79;2021-06-11;3758;2312;184930;91220;49.6;24.5
79;2021-06-12;1703;606;186633;91826;50.1;24.6
79;2021-06-13;209;22;186842;91848;50.1;24.6
79;2021-06-14;1241;1691;188083;93539;50.5;25.1
79;2021-06-15;1876;2355;189959;95894;51.0;25.7
79;2021-06-16;2191;2244;192150;98138;51.6;26.3
79;2021-06-17;2228;2609;194378;100747;52.2;27.0
79;2021-06-18;2399;2316;196777;103063;52.8;27.7
79;2021-06-19;1242;580;198019;103643;53.1;27.8
79;2021-06-20;2;2;198021;103645;53.1;27.8
79;2021-06-21;1221;2281;199242;105926;53.5;28.4
79;2021-06-22;1540;2875;200782;108801;53.9;29.2
79;2021-06-23;1749;2550;202531;111351;54.4;29.9
79;2021-06-24;2082;2006;204613;113357;54.9;30.4
79;2021-06-25;1475;2842;206088;116199;55.3;31.2
79;2021-06-26;863;807;206951;117006;55.5;31.4
79;2021-06-27;13;6;206964;117012;55.5;31.4
79;2021-06-28;1042;2622;208006;119634;55.8;32.1
79;2021-06-29;1433;3548;209439;123182;56.2;33.1
79;2021-06-30;1327;3451;210766;126633;56.6;34.0
79;2021-07-01;1146;3791;211912;130424;56.9;35.0
79;2021-07-02;1451;3342;213363;133766;57.3;35.9
79;2021-07-03;395;1503;213758;135269;57.4;36.3
79;2021-07-04;1;9;213759;135278;57.4;36.3
79;2021-07-05;740;2124;214499;137402;57.6;36.9
79;2021-07-06;934;3667;215433;141069;57.8;37.9
79;2021-07-07;1317;4309;216750;145378;58.2;39.0
79;2021-07-08;1069;4048;217819;149426;58.5;40.1
79;2021-07-09;824;3719;218643;153145;58.7;41.1
79;2021-07-10;508;1316;219151;154461;58.8;41.5
79;2021-07-11;0;12;219151;154473;58.8;41.5
79;2021-07-12;539;3696;219690;158169;59.0;42.4
79;2021-07-13;995;5193;220685;163362;59.2;43.8
79;2021-07-14;131;875;220816;164237;59.3;44.1
79;2021-07-15;1214;4678;222030;168915;59.6;45.3
79;2021-07-16;1310;4355;223340;173270;59.9;46.5
79;2021-07-17;564;2414;223904;175684;60.1;47.1
79;2021-07-18;43;498;223947;176182;60.1;47.3
79;2021-07-19;729;3314;224676;179496;60.3;48.2
80;2020-12-27;0;0;0;0;0.0;0.0
80;2020-12-28;0;0;0;0;0.0;0.0
80;2020-12-29;11;0;11;0;0.0;0.0
80;2020-12-30;0;0;11;0;0.0;0.0
80;2020-12-31;0;0;11;0;0.0;0.0
80;2021-01-01;0;0;11;0;0.0;0.0
80;2021-01-02;0;0;11;0;0.0;0.0
80;2021-01-03;1;0;12;0;0.0;0.0
80;2021-01-04;0;0;12;0;0.0;0.0
80;2021-01-05;0;0;12;0;0.0;0.0
80;2021-01-06;30;0;42;0;0.0;0.0
80;2021-01-07;276;2;318;2;0.1;0.0
80;2021-01-08;330;0;648;2;0.1;0.0
80;2021-01-09;108;0;756;2;0.1;0.0
80;2021-01-10;21;0;777;2;0.1;0.0
80;2021-01-11;276;0;1053;2;0.2;0.0
80;2021-01-12;427;2;1480;4;0.3;0.0
80;2021-01-13;514;3;1994;7;0.3;0.0
80;2021-01-14;453;4;2447;11;0.4;0.0
80;2021-01-15;330;1;2777;12;0.5;0.0
80;2021-01-16;103;1;2880;13;0.5;0.0
80;2021-01-17;102;1;2982;14;0.5;0.0
80;2021-01-18;412;2;3394;16;0.6;0.0
80;2021-01-19;962;16;4356;32;0.8;0.0
80;2021-01-20;1086;4;5442;36;1.0;0.0
80;2021-01-21;1012;8;6454;44;1.1;0.0
80;2021-01-22;1113;2;7567;46;1.3;0.0
80;2021-01-23;908;0;8475;46;1.5;0.0
80;2021-01-24;823;4;9298;50;1.6;0.0
80;2021-01-25;1538;6;10836;56;1.9;0.0
80;2021-01-26;1480;10;12316;66;2.2;0.0
80;2021-01-27;821;27;13137;93;2.3;0.0
80;2021-01-28;623;176;13760;269;2.4;0.0
80;2021-01-29;637;218;14397;487;2.5;0.1
80;2021-01-30;84;60;14481;547;2.5;0.1
80;2021-01-31;0;0;14481;547;2.5;0.1
80;2021-02-01;26;260;14507;807;2.5;0.1
80;2021-02-02;21;446;14528;1253;2.5;0.2
80;2021-02-03;28;544;14556;1797;2.6;0.3
80;2021-02-04;275;349;14831;2146;2.6;0.4
80;2021-02-05;346;213;15177;2359;2.7;0.4
80;2021-02-06;166;70;15343;2429;2.7;0.4
80;2021-02-07;1;0;15344;2429;2.7;0.4
80;2021-02-08;425;241;15769;2670;2.8;0.5
80;2021-02-09;684;246;16453;2916;2.9;0.5
80;2021-02-10;606;493;17059;3409;3.0;0.6
80;2021-02-11;859;350;17918;3759;3.1;0.7
80;2021-02-12;943;313;18861;4072;3.3;0.7
80;2021-02-13;195;428;19056;4500;3.3;0.8
80;2021-02-14;78;571;19134;5071;3.4;0.9
80;2021-02-15;604;1015;19738;6086;3.5;1.1
80;2021-02-16;686;1141;20424;7227;3.6;1.3
80;2021-02-17;483;1175;20907;8402;3.7;1.5
80;2021-02-18;569;1135;21476;9537;3.8;1.7
80;2021-02-19;503;849;21979;10386;3.9;1.8
80;2021-02-20;22;516;22001;10902;3.9;1.9
80;2021-02-21;47;49;22048;10951;3.9;1.9
80;2021-02-22;149;576;22197;11527;3.9;2.0
80;2021-02-23;472;695;22669;12222;4.0;2.1
80;2021-02-24;431;717;23100;12939;4.1;2.3
80;2021-02-25;815;567;23915;13506;4.2;2.4
80;2021-02-26;1060;519;24975;14025;4.4;2.5
80;2021-02-27;474;73;25449;14098;4.5;2.5
80;2021-02-28;48;22;25497;14120;4.5;2.5
80;2021-03-01;727;64;26224;14184;4.6;2.5
80;2021-03-02;1013;84;27237;14268;4.8;2.5
80;2021-03-03;978;51;28215;14319;5.0;2.5
80;2021-03-04;1389;230;29604;14549;5.2;2.6
80;2021-03-05;1865;321;31469;14870;5.5;2.6
80;2021-03-06;2917;304;34386;15174;6.0;2.7
80;2021-03-07;1839;63;36225;15237;6.4;2.7
80;2021-03-08;714;602;36939;15839;6.5;2.8
80;2021-03-09;1309;904;38248;16743;6.7;2.9
80;2021-03-10;1723;729;39971;17472;7.0;3.1
80;2021-03-11;1906;802;41877;18274;7.3;3.2
80;2021-03-12;3133;714;45010;18988;7.9;3.3
80;2021-03-13;4000;174;49010;19162;8.6;3.4
80;2021-03-14;350;12;49360;19174;8.7;3.4
80;2021-03-15;1014;245;50374;19419;8.8;3.4
80;2021-03-16;882;333;51256;19752;9.0;3.5
80;2021-03-17;661;272;51917;20024;9.1;3.5
80;2021-03-18;999;290;52916;20314;9.3;3.6
80;2021-03-19;1737;390;54653;20704;9.6;3.6
80;2021-03-20;3820;92;58473;20796;10.3;3.6
80;2021-03-21;487;30;58960;20826;10.3;3.7
80;2021-03-22;902;284;59862;21110;10.5;3.7
80;2021-03-23;1711;407;61573;21517;10.8;3.8
80;2021-03-24;1751;460;63324;21977;11.1;3.9
80;2021-03-25;2712;438;66036;22415;11.6;3.9
80;2021-03-26;3100;415;69136;22830;12.1;4.0
80;2021-03-27;2229;215;71365;23045;12.5;4.0
80;2021-03-28;673;87;72038;23132;12.6;4.1
80;2021-03-29;1977;734;74015;23866;13.0;4.2
80;2021-03-30;1967;871;75982;24737;13.3;4.3
80;2021-03-31;1493;976;77475;25713;13.6;4.5
80;2021-04-01;1950;1479;79425;27192;13.9;4.8
80;2021-04-02;2809;1566;82234;28758;14.4;5.0
80;2021-04-03;3039;847;85273;29605;15.0;5.2
80;2021-04-04;133;2;85406;29607;15.0;5.2
80;2021-04-05;683;198;86089;29805;15.1;5.2
80;2021-04-06;1279;963;87368;30768;15.3;5.4
80;2021-04-07;1621;1189;88989;31957;15.6;5.6
80;2021-04-08;2155;838;91144;32795;16.0;5.8
80;2021-04-09;3528;1337;94672;34132;16.6;6.0
80;2021-04-10;2735;1923;97407;36055;17.1;6.3
80;2021-04-11;189;174;97596;36229;17.1;6.4
80;2021-04-12;1805;481;99401;36710;17.4;6.4
80;2021-04-13;2381;1032;101782;37742;17.9;6.6
80;2021-04-14;2764;1119;104546;38861;18.3;6.8
80;2021-04-15;3726;843;108272;39704;19.0;7.0
80;2021-04-16;3334;847;111606;40551;19.6;7.1
80;2021-04-17;1650;2292;113256;42843;19.9;7.5
80;2021-04-18;370;383;113626;43226;19.9;7.6
80;2021-04-19;949;777;114575;44003;20.1;7.7
80;2021-04-20;1612;800;116187;44803;20.4;7.9
80;2021-04-21;1612;990;117799;45793;20.7;8.0
80;2021-04-22;2158;1241;119957;47034;21.1;8.3
80;2021-04-23;2629;1235;122586;48269;21.5;8.5
80;2021-04-24;1358;1186;123944;49455;21.8;8.7
80;2021-04-25;208;529;124152;49984;21.8;8.8
80;2021-04-26;1295;1440;125447;51424;22.0;9.0
80;2021-04-27;2019;1395;127466;52819;22.4;9.3
80;2021-04-28;2198;1394;129664;54213;22.8;9.5
80;2021-04-29;3215;1869;132879;56082;23.3;9.8
80;2021-04-30;3076;2844;135955;58926;23.9;10.3
80;2021-05-01;986;651;136941;59577;24.0;10.5
80;2021-05-02;370;52;137311;59629;24.1;10.5
80;2021-05-03;2718;1173;140029;60802;24.6;10.7
80;2021-05-04;2499;1706;142528;62508;25.0;11.0
80;2021-05-05;3361;1835;145889;64343;25.6;11.3
80;2021-05-06;3177;2494;149066;66837;26.2;11.7
80;2021-05-07;3453;2685;152519;69522;26.8;12.2
80;2021-05-08;2781;915;155300;70437;27.3;12.4
80;2021-05-09;1407;255;156707;70692;27.5;12.4
80;2021-05-10;1881;1825;158588;72517;27.8;12.7
80;2021-05-11;3272;1779;161860;74296;28.4;13.0
80;2021-05-12;4696;1551;166556;75847;29.2;13.3
80;2021-05-13;3827;352;170383;76199;29.9;13.4
80;2021-05-14;5186;1391;175569;77590;30.8;13.6
80;2021-05-15;5917;1040;181486;78630;31.9;13.8
80;2021-05-16;2677;300;184163;78930;32.3;13.9
80;2021-05-17;2369;816;186532;79746;32.7;14.0
80;2021-05-18;3945;842;190477;80588;33.4;14.1
80;2021-05-19;4012;937;194489;81525;34.1;14.3
80;2021-05-20;4565;1205;199054;82730;34.9;14.5
80;2021-05-21;4890;1660;203944;84390;35.8;14.8
80;2021-05-22;5031;1146;208975;85536;36.7;15.0
80;2021-05-23;1782;234;210757;85770;37.0;15.1
80;2021-05-24;1466;157;212223;85927;37.2;15.1
80;2021-05-25;2622;1133;214845;87060;37.7;15.3
80;2021-05-26;4243;1690;219088;88750;38.5;15.6
80;2021-05-27;3976;2463;223064;91213;39.1;16.0
80;2021-05-28;3864;2972;226928;94185;39.8;16.5
80;2021-05-29;3694;1618;230622;95803;40.5;16.8
80;2021-05-30;1179;198;231801;96001;40.7;16.8
80;2021-05-31;2600;1375;234401;97376;41.1;17.1
80;2021-06-01;4026;2423;238427;99799;41.8;17.5
80;2021-06-02;3328;1996;241755;101795;42.4;17.9
80;2021-06-03;4264;2921;246019;104716;43.2;18.4
80;2021-06-04;4789;3070;250808;107786;44.0;18.9
80;2021-06-05;3557;2075;254365;109861;44.6;19.3
80;2021-06-06;797;205;255162;110066;44.8;19.3
80;2021-06-07;1743;1939;256905;112005;45.1;19.7
80;2021-06-08;2734;2550;259639;114555;45.6;20.1
80;2021-06-09;2990;2719;262629;117274;46.1;20.6
80;2021-06-10;3156;3159;265785;120433;46.6;21.1
80;2021-06-11;3211;3880;268996;124313;47.2;21.8
80;2021-06-12;3032;2325;272028;126638;47.7;22.2
80;2021-06-13;471;405;272499;127043;47.8;22.3
80;2021-06-14;1256;2850;273755;129893;48.0;22.8
80;2021-06-15;2298;3431;276053;133324;48.4;23.4
80;2021-06-16;1560;4217;277613;137541;48.7;24.1
80;2021-06-17;2353;3623;279966;141164;49.1;24.8
80;2021-06-18;2540;3887;282506;145051;49.6;25.5
80;2021-06-19;2966;4345;285472;149396;50.1;26.2
80;2021-06-20;200;1081;285672;150477;50.1;26.4
80;2021-06-21;998;2622;286670;153099;50.3;26.9
80;2021-06-22;1138;3944;287808;157043;50.5;27.6
80;2021-06-23;1831;5297;289639;162340;50.8;28.5
80;2021-06-24;1683;4696;291322;167036;51.1;29.3
80;2021-06-25;1370;6137;292692;173173;51.4;30.4
80;2021-06-26;1921;6186;294613;179359;51.7;31.5
80;2021-06-27;324;2031;294937;181390;51.8;31.8
80;2021-06-28;897;3178;295834;184568;51.9;32.4
80;2021-06-29;1903;4629;297737;189197;52.3;33.2
80;2021-06-30;1217;4781;298954;193978;52.5;34.0
80;2021-07-01;1530;5001;300484;198979;52.7;34.9
80;2021-07-02;1844;5988;302328;204967;53.1;36.0
80;2021-07-03;1285;5280;303613;210247;53.3;36.9
80;2021-07-04;686;1470;304299;211717;53.4;37.2
80;2021-07-05;865;2953;305164;214670;53.6;37.7
80;2021-07-06;1838;3984;307002;218654;53.9;38.4
80;2021-07-07;1535;4502;308537;223156;54.2;39.2
80;2021-07-08;2066;5003;310603;228159;54.5;40.0
80;2021-07-09;2579;5444;313182;233603;55.0;41.0
80;2021-07-10;1592;3979;314774;237582;55.2;41.7
80;2021-07-11;397;794;315171;238376;55.3;41.8
80;2021-07-12;860;3380;316031;241756;55.5;42.4
80;2021-07-13;2042;5080;318073;246836;55.8;43.3
80;2021-07-14;2772;1721;320845;248557;56.3;43.6
80;2021-07-15;2754;5288;323599;253845;56.8;44.6
80;2021-07-16;3859;5854;327458;259699;57.5;45.6
80;2021-07-17;3351;4435;330809;264134;58.1;46.4
80;2021-07-18;867;878;331676;265012;58.2;46.5
80;2021-07-19;2140;2860;333816;267872;58.6;47.0
81;2020-12-27;0;0;0;0;0.0;0.0
81;2020-12-28;0;0;0;0;0.0;0.0
81;2020-12-29;0;0;0;0;0.0;0.0
81;2020-12-30;0;0;0;0;0.0;0.0
81;2020-12-31;0;0;0;0;0.0;0.0
81;2021-01-01;0;0;0;0;0.0;0.0
81;2021-01-02;0;0;0;0;0.0;0.0
81;2021-01-03;0;0;0;0;0.0;0.0
81;2021-01-04;1;0;1;0;0.0;0.0
81;2021-01-05;0;0;1;0;0.0;0.0
81;2021-01-06;5;0;6;0;0.0;0.0
81;2021-01-07;266;0;272;0;0.1;0.0
81;2021-01-08;312;1;584;1;0.2;0.0
81;2021-01-09;74;1;658;2;0.2;0.0
81;2021-01-10;1;0;659;2;0.2;0.0
81;2021-01-11;133;0;792;2;0.2;0.0
81;2021-01-12;166;0;958;2;0.2;0.0
81;2021-01-13;233;1;1191;3;0.3;0.0
81;2021-01-14;958;7;2149;10;0.6;0.0
81;2021-01-15;522;1;2671;11;0.7;0.0
81;2021-01-16;73;0;2744;11;0.7;0.0
81;2021-01-17;0;0;2744;11;0.7;0.0
81;2021-01-18;577;2;3321;13;0.9;0.0
81;2021-01-19;662;4;3983;17;1.0;0.0
81;2021-01-20;751;1;4734;18;1.2;0.0
81;2021-01-21;1174;2;5908;20;1.5;0.0
81;2021-01-22;851;2;6759;22;1.7;0.0
81;2021-01-23;221;1;6980;23;1.8;0.0
81;2021-01-24;102;0;7082;23;1.8;0.0
81;2021-01-25;565;3;7647;26;2.0;0.0
81;2021-01-26;634;5;8281;31;2.1;0.0
81;2021-01-27;551;4;8832;35;2.3;0.0
81;2021-01-28;679;215;9511;250;2.5;0.1
81;2021-01-29;299;184;9810;434;2.5;0.1
81;2021-01-30;202;38;10012;472;2.6;0.1
81;2021-01-31;104;1;10116;473;2.6;0.1
81;2021-02-01;320;130;10436;603;2.7;0.2
81;2021-02-02;446;142;10882;745;2.8;0.2
81;2021-02-03;476;223;11358;968;2.9;0.2
81;2021-02-04;1390;690;12748;1658;3.3;0.4
81;2021-02-05;868;315;13616;1973;3.5;0.5
81;2021-02-06;274;20;13890;1993;3.6;0.5
81;2021-02-07;103;0;13993;1993;3.6;0.5
81;2021-02-08;275;220;14268;2213;3.7;0.6
81;2021-02-09;418;220;14686;2433;3.8;0.6
81;2021-02-10;371;284;15057;2717;3.9;0.7
81;2021-02-11;649;388;15706;3105;4.0;0.8
81;2021-02-12;576;547;16282;3652;4.2;0.9
81;2021-02-13;187;159;16469;3811;4.2;1.0
81;2021-02-14;100;1;16569;3812;4.3;1.0
81;2021-02-15;233;485;16802;4297;4.3;1.1
81;2021-02-16;282;616;17084;4913;4.4;1.3
81;2021-02-17;241;522;17325;5435;4.5;1.4
81;2021-02-18;483;675;17808;6110;4.6;1.6
81;2021-02-19;564;408;18372;6518;4.7;1.7
81;2021-02-20;322;280;18694;6798;4.8;1.8
81;2021-02-21;22;80;18716;6878;4.8;1.8
81;2021-02-22;233;537;18949;7415;4.9;1.9
81;2021-02-23;173;597;19122;8012;4.9;2.1
81;2021-02-24;291;631;19413;8643;5.0;2.2
81;2021-02-25;702;1054;20115;9697;5.2;2.5
81;2021-02-26;908;953;21023;10650;5.4;2.7
81;2021-02-27;274;240;21297;10890;5.5;2.8
81;2021-02-28;21;89;21318;10979;5.5;2.8
81;2021-03-01;207;410;21525;11389;5.5;2.9
81;2021-03-02;362;542;21887;11931;5.6;3.1
81;2021-03-03;464;422;22351;12353;5.8;3.2
81;2021-03-04;1061;456;23412;12809;6.0;3.3
81;2021-03-05;1405;385;24817;13194;6.4;3.4
81;2021-03-06;980;163;25797;13357;6.7;3.4
81;2021-03-07;154;101;25951;13458;6.7;3.5
81;2021-03-08;464;356;26415;13814;6.8;3.6
81;2021-03-09;808;386;27223;14200;7.0;3.7
81;2021-03-10;897;386;28120;14586;7.2;3.8
81;2021-03-11;1347;352;29467;14938;7.6;3.9
81;2021-03-12;1688;290;31155;15228;8.0;3.9
81;2021-03-13;1030;186;32185;15414;8.3;4.0
81;2021-03-14;64;82;32249;15496;8.3;4.0
81;2021-03-15;1094;208;33343;15704;8.6;4.0
81;2021-03-16;724;226;34067;15930;8.8;4.1
81;2021-03-17;888;268;34955;16198;9.0;4.2
81;2021-03-18;966;576;35921;16774;9.3;4.3
81;2021-03-19;1268;450;37189;17224;9.6;4.4
81;2021-03-20;676;275;37865;17499;9.8;4.5
81;2021-03-21;139;22;38004;17521;9.8;4.5
81;2021-03-22;932;282;38936;17803;10.0;4.6
81;2021-03-23;1418;220;40354;18023;10.4;4.6
81;2021-03-24;1598;269;41952;18292;10.8;4.7
81;2021-03-25;2028;319;43980;18611;11.3;4.8
81;2021-03-26;2098;269;46078;18880;11.9;4.9
81;2021-03-27;1092;33;47170;18913;12.2;4.9
81;2021-03-28;733;39;47903;18952;12.3;4.9
81;2021-03-29;2862;173;50765;19125;13.1;4.9
81;2021-03-30;3053;197;53818;19322;13.9;5.0
81;2021-03-31;2690;287;56508;19609;14.6;5.1
81;2021-04-01;3310;537;59818;20146;15.4;5.2
81;2021-04-02;2612;356;62430;20502;16.1;5.3
81;2021-04-03;1146;298;63576;20800;16.4;5.4
81;2021-04-04;1401;17;64977;20817;16.8;5.4
81;2021-04-05;717;17;65694;20834;16.9;5.4
81;2021-04-06;1590;503;67284;21337;17.3;5.5
81;2021-04-07;1814;575;69098;21912;17.8;5.6
81;2021-04-08;2612;821;71710;22733;18.5;5.9
81;2021-04-09;3047;451;74757;23184;19.3;6.0
81;2021-04-10;1476;500;76233;23684;19.7;6.1
81;2021-04-11;1297;55;77530;23739;20.0;6.1
81;2021-04-12;1217;683;78747;24422;20.3;6.3
81;2021-04-13;2531;768;81278;25190;21.0;6.5
81;2021-04-14;2501;816;83779;26006;21.6;6.7
81;2021-04-15;3095;1184;86874;27190;22.4;7.0
81;2021-04-16;2816;1069;89690;28259;23.1;7.3
81;2021-04-17;1145;288;90835;28547;23.4;7.4
81;2021-04-18;518;143;91353;28690;23.6;7.4
81;2021-04-19;912;815;92265;29505;23.8;7.6
81;2021-04-20;2270;1163;94535;30668;24.4;7.9
81;2021-04-21;2224;997;96759;31665;24.9;8.2
81;2021-04-22;2815;1054;99574;32719;25.7;8.4
81;2021-04-23;2876;961;102450;33680;26.4;8.7
81;2021-04-24;1325;741;103775;34421;26.8;8.9
81;2021-04-25;454;717;104229;35138;26.9;9.1
81;2021-04-26;1060;2424;105289;37562;27.1;9.7
81;2021-04-27;1596;2348;106885;39910;27.6;10.3
81;2021-04-28;1416;2387;108301;42297;27.9;10.9
81;2021-04-29;1814;2746;110115;45043;28.4;11.6
81;2021-04-30;2012;2347;112127;47390;28.9;12.2
81;2021-05-01;361;684;112488;48074;29.0;12.4
81;2021-05-02;291;1381;112779;49455;29.1;12.7
81;2021-05-03;1114;1168;113893;50623;29.4;13.1
81;2021-05-04;2620;1903;116513;52526;30.0;13.5
81;2021-05-05;2014;1927;118527;54453;30.6;14.0
81;2021-05-06;2737;3407;121264;57860;31.3;14.9
81;2021-05-07;2110;2852;123374;60712;31.8;15.7
81;2021-05-08;962;875;124336;61587;32.1;15.9
81;2021-05-09;534;1353;124870;62940;32.2;16.2
81;2021-05-10;823;1602;125693;64542;32.4;16.6
81;2021-05-11;1660;2575;127353;67117;32.8;17.3
81;2021-05-12;1634;2455;128987;69572;33.3;17.9
81;2021-05-13;1216;565;130203;70137;33.6;18.1
81;2021-05-14;1890;1722;132093;71859;34.1;18.5
81;2021-05-15;1510;618;133603;72477;34.4;18.7
81;2021-05-16;1368;415;134971;72892;34.8;18.8
81;2021-05-17;1166;860;136137;73752;35.1;19.0
81;2021-05-18;1697;1432;137834;75184;35.5;19.4
81;2021-05-19;2642;1243;140476;76427;36.2;19.7
81;2021-05-20;2965;1344;143441;77771;37.0;20.0
81;2021-05-21;2737;1115;146178;78886;37.7;20.3
81;2021-05-22;2816;515;148994;79401;38.4;20.5
81;2021-05-23;1179;74;150173;79475;38.7;20.5
81;2021-05-24;835;77;151008;79552;38.9;20.5
81;2021-05-25;2491;1104;153499;80656;39.6;20.8
81;2021-05-26;1890;794;155389;81450;40.1;21.0
81;2021-05-27;2555;1531;157944;82981;40.7;21.4
81;2021-05-28;2562;1663;160506;84644;41.4;21.8
81;2021-05-29;1401;539;161907;85183;41.7;22.0
81;2021-05-30;932;220;162839;85403;42.0;22.0
81;2021-05-31;1182;1337;164021;86740;42.3;22.4
81;2021-06-01;1778;2699;165799;89439;42.7;23.1
81;2021-06-02;1988;2441;167787;91880;43.3;23.7
81;2021-06-03;2000;2532;169787;94412;43.8;24.3
81;2021-06-04;1845;2949;171632;97361;44.2;25.1
81;2021-06-05;1754;1305;173386;98666;44.7;25.4
81;2021-06-06;369;366;173755;99032;44.8;25.5
81;2021-06-07;1208;1536;174963;100568;45.1;25.9
81;2021-06-08;2357;2386;177320;102954;45.7;26.5
81;2021-06-09;2433;1860;179753;104814;46.3;27.0
81;2021-06-10;1274;1564;181027;106378;46.7;27.4
81;2021-06-11;2649;2195;183676;108573;47.4;28.0
81;2021-06-12;1657;1034;185333;109607;47.8;28.3
81;2021-06-13;442;475;185775;110082;47.9;28.4
81;2021-06-14;771;1420;186546;111502;48.1;28.7
81;2021-06-15;1672;3503;188218;115005;48.5;29.6
81;2021-06-16;1264;3011;189482;118016;48.8;30.4
81;2021-06-17;1334;2521;190816;120537;49.2;31.1
81;2021-06-18;1829;2761;192645;123298;49.7;31.8
81;2021-06-19;824;948;193469;124246;49.9;32.0
81;2021-06-20;405;537;193874;124783;50.0;32.2
81;2021-06-21;422;1036;194296;125819;50.1;32.4
81;2021-06-22;1056;2567;195352;128386;50.4;33.1
81;2021-06-23;1122;2151;196474;130537;50.7;33.7
81;2021-06-24;1104;1941;197578;132478;50.9;34.2
81;2021-06-25;1211;2867;198789;135345;51.2;34.9
81;2021-06-26;720;1706;199509;137051;51.4;35.3
81;2021-06-27;524;1651;200033;138702;51.6;35.8
81;2021-06-28;469;1544;200502;140246;51.7;36.2
81;2021-06-29;1061;2634;201563;142880;52.0;36.8
81;2021-06-30;1030;3157;202593;146037;52.2;37.6
81;2021-07-01;870;2626;203463;148663;52.5;38.3
81;2021-07-02;987;2857;204450;151520;52.7;39.1
81;2021-07-03;724;2820;205174;154340;52.9;39.8
81;2021-07-04;267;1011;205441;155351;53.0;40.0
81;2021-07-05;681;1616;206122;156967;53.1;40.5
81;2021-07-06;967;3174;207089;160141;53.4;41.3
81;2021-07-07;1054;2438;208143;162579;53.7;41.9
81;2021-07-08;1025;2231;209168;164810;53.9;42.5
81;2021-07-09;1143;2697;210311;167507;54.2;43.2
81;2021-07-10;802;1520;211113;169027;54.4;43.6
81;2021-07-11;434;1012;211547;170039;54.5;43.8
81;2021-07-12;722;1726;212269;171765;54.7;44.3
81;2021-07-13;2049;3131;214318;174896;55.3;45.1
81;2021-07-14;1437;1556;215755;176452;55.6;45.5
81;2021-07-15;2527;2749;218282;179201;56.3;46.2
81;2021-07-16;2016;3013;220298;182214;56.8;47.0
81;2021-07-17;1214;2449;221512;184663;57.1;47.6
81;2021-07-18;666;1121;222178;185784;57.3;47.9
81;2021-07-19;1133;1722;223311;187506;57.6;48.3
82;2020-12-27;0;0;0;0;0.0;0.0
82;2020-12-28;1;0;1;0;0.0;0.0
82;2020-12-29;0;0;1;0;0.0;0.0
82;2020-12-30;0;0;1;0;0.0;0.0
82;2020-12-31;0;0;1;0;0.0;0.0
82;2021-01-01;0;0;1;0;0.0;0.0
82;2021-01-02;0;0;1;0;0.0;0.0
82;2021-01-03;0;0;1;0;0.0;0.0
82;2021-01-04;0;0;1;0;0.0;0.0
82;2021-01-05;86;0;87;0;0.0;0.0
82;2021-01-06;1;0;88;0;0.0;0.0
82;2021-01-07;75;0;163;0;0.1;0.0
82;2021-01-08;46;0;209;0;0.1;0.0
82;2021-01-09;77;0;286;0;0.1;0.0
82;2021-01-10;0;0;286;0;0.1;0.0
82;2021-01-11;94;0;380;0;0.1;0.0
82;2021-01-12;284;0;664;0;0.3;0.0
82;2021-01-13;336;1;1000;1;0.4;0.0
82;2021-01-14;441;4;1441;5;0.5;0.0
82;2021-01-15;613;2;2054;7;0.8;0.0
82;2021-01-16;228;3;2282;10;0.9;0.0
82;2021-01-17;89;0;2371;10;0.9;0.0
82;2021-01-18;433;2;2804;12;1.1;0.0
82;2021-01-19;479;1;3283;13;1.3;0.0
82;2021-01-20;663;1;3946;14;1.5;0.0
82;2021-01-21;446;1;4392;15;1.7;0.0
82;2021-01-22;482;2;4874;17;1.9;0.0
82;2021-01-23;151;0;5025;17;1.9;0.0
82;2021-01-24;0;0;5025;17;1.9;0.0
82;2021-01-25;376;0;5401;17;2.1;0.0
82;2021-01-26;468;0;5869;17;2.2;0.0
82;2021-01-27;519;1;6388;18;2.4;0.0
82;2021-01-28;585;34;6973;52;2.7;0.0
82;2021-01-29;405;108;7378;160;2.8;0.1
82;2021-01-30;44;22;7422;182;2.8;0.1
82;2021-01-31;0;0;7422;182;2.8;0.1
82;2021-02-01;292;55;7714;237;2.9;0.1
82;2021-02-02;344;100;8058;337;3.1;0.1
82;2021-02-03;462;66;8520;403;3.2;0.2
82;2021-02-04;763;219;9283;622;3.5;0.2
82;2021-02-05;478;147;9761;769;3.7;0.3
82;2021-02-06;93;39;9854;808;3.8;0.3
82;2021-02-07;29;79;9883;887;3.8;0.3
82;2021-02-08;148;227;10031;1114;3.8;0.4
82;2021-02-09;238;393;10269;1507;3.9;0.6
82;2021-02-10;271;602;10540;2109;4.0;0.8
82;2021-02-11;224;402;10764;2511;4.1;1.0
82;2021-02-12;190;611;10954;3122;4.2;1.2
82;2021-02-13;59;118;11013;3240;4.2;1.2
82;2021-02-14;4;81;11017;3321;4.2;1.3
82;2021-02-15;217;306;11234;3627;4.3;1.4
82;2021-02-16;280;392;11514;4019;4.4;1.5
82;2021-02-17;356;519;11870;4538;4.5;1.7
82;2021-02-18;507;511;12377;5049;4.7;1.9
82;2021-02-19;489;542;12866;5591;4.9;2.1
82;2021-02-20;78;139;12944;5730;4.9;2.2
82;2021-02-21;0;0;12944;5730;4.9;2.2
82;2021-02-22;198;407;13142;6137;5.0;2.3
82;2021-02-23;274;469;13416;6606;5.1;2.5
82;2021-02-24;280;458;13696;7064;5.2;2.7
82;2021-02-25;637;509;14333;7573;5.5;2.9
82;2021-02-26;648;375;14981;7948;5.7;3.0
82;2021-02-27;214;72;15195;8020;5.8;3.1
82;2021-02-28;30;7;15225;8027;5.8;3.1
82;2021-03-01;291;227;15516;8254;5.9;3.1
82;2021-03-02;495;402;16011;8656;6.1;3.3
82;2021-03-03;439;386;16450;9042;6.3;3.4
82;2021-03-04;600;299;17050;9341;6.5;3.6
82;2021-03-05;680;379;17730;9720;6.8;3.7
82;2021-03-06;685;39;18415;9759;7.0;3.7
82;2021-03-07;300;3;18715;9762;7.1;3.7
82;2021-03-08;603;155;19318;9917;7.4;3.8
82;2021-03-09;582;257;19900;10174;7.6;3.9
82;2021-03-10;778;245;20678;10419;7.9;4.0
82;2021-03-11;970;280;21648;10699;8.2;4.1
82;2021-03-12;992;103;22640;10802;8.6;4.1
82;2021-03-13;564;52;23204;10854;8.8;4.1
82;2021-03-14;61;5;23265;10859;8.9;4.1
82;2021-03-15;485;325;23750;11184;9.0;4.3
82;2021-03-16;195;334;23945;11518;9.1;4.4
82;2021-03-17;190;296;24135;11814;9.2;4.5
82;2021-03-18;279;350;24414;12164;9.3;4.6
82;2021-03-19;533;312;24947;12476;9.5;4.8
82;2021-03-20;252;57;25199;12533;9.6;4.8
82;2021-03-21;23;0;25222;12533;9.6;4.8
82;2021-03-22;405;316;25627;12849;9.8;4.9
82;2021-03-23;602;311;26229;13160;10.0;5.0
82;2021-03-24;619;334;26848;13494;10.2;5.1
82;2021-03-25;926;244;27774;13738;10.6;5.2
82;2021-03-26;1211;266;28985;14004;11.0;5.3
82;2021-03-27;478;78;29463;14082;11.2;5.4
82;2021-03-28;136;1;29599;14083;11.3;5.4
82;2021-03-29;923;377;30522;14460;11.6;5.5
82;2021-03-30;1186;274;31708;14734;12.1;5.6
82;2021-03-31;1016;256;32724;14990;12.5;5.7
82;2021-04-01;1072;193;33796;15183;12.9;5.8
82;2021-04-02;1210;281;35006;15464;13.3;5.9
82;2021-04-03;715;128;35721;15592;13.6;5.9
82;2021-04-04;275;12;35996;15604;13.7;5.9
82;2021-04-05;388;19;36384;15623;13.9;5.9
82;2021-04-06;950;511;37334;16134;14.2;6.1
82;2021-04-07;1017;494;38351;16628;14.6;6.3
82;2021-04-08;1454;410;39805;17038;15.2;6.5
82;2021-04-09;1655;470;41460;17508;15.8;6.7
82;2021-04-10;1710;97;43170;17605;16.4;6.7
82;2021-04-11;559;17;43729;17622;16.7;6.7
82;2021-04-12;1347;288;45076;17910;17.2;6.8
82;2021-04-13;1623;265;46699;18175;17.8;6.9
82;2021-04-14;1405;294;48104;18469;18.3;7.0
82;2021-04-15;1776;319;49880;18788;19.0;7.2
82;2021-04-16;1538;329;51418;19117;19.6;7.3
82;2021-04-17;1243;69;52661;19186;20.1;7.3
82;2021-04-18;560;13;53221;19199;20.3;7.3
82;2021-04-19;959;359;54180;19558;20.6;7.4
82;2021-04-20;1266;398;55446;19956;21.1;7.6
82;2021-04-21;1217;375;56663;20331;21.6;7.7
82;2021-04-22;1447;293;58110;20624;22.1;7.9
82;2021-04-23;1077;681;59187;21305;22.5;8.1
82;2021-04-24;1184;262;60371;21567;23.0;8.2
82;2021-04-25;736;47;61107;21614;23.3;8.2
82;2021-04-26;747;808;61854;22422;23.6;8.5
82;2021-04-27;905;924;62759;23346;23.9;8.9
82;2021-04-28;921;866;63680;24212;24.2;9.2
82;2021-04-29;1105;904;64785;25116;24.7;9.6
82;2021-04-30;1039;888;65824;26004;25.1;9.9
82;2021-05-01;1139;257;66963;26261;25.5;10.0
82;2021-05-02;697;143;67660;26404;25.8;10.1
82;2021-05-03;410;1215;68070;27619;25.9;10.5
82;2021-05-04;862;1168;68932;28787;26.2;11.0
82;2021-05-05;568;1172;69500;29959;26.5;11.4
82;2021-05-06;852;1417;70352;31376;26.8;11.9
82;2021-05-07;732;1452;71084;32828;27.1;12.5
82;2021-05-08;933;519;72017;33347;27.4;12.7
82;2021-05-09;754;580;72771;33927;27.7;12.9
82;2021-05-10;850;1365;73621;35292;28.0;13.4
82;2021-05-11;1158;1349;74779;36641;28.5;14.0
82;2021-05-12;1013;1345;75792;37986;28.9;14.5
82;2021-05-13;1454;429;77246;38415;29.4;14.6
82;2021-05-14;1690;1235;78936;39650;30.1;15.1
82;2021-05-15;1934;690;80870;40340;30.8;15.4
82;2021-05-16;557;115;81427;40455;31.0;15.4
82;2021-05-17;1090;1172;82517;41627;31.4;15.9
82;2021-05-18;1462;1185;83979;42812;32.0;16.3
82;2021-05-19;1268;979;85247;43791;32.5;16.7
82;2021-05-20;1407;1156;86654;44947;33.0;17.1
82;2021-05-21;1411;1212;88065;46159;33.5;17.6
82;2021-05-22;2070;631;90135;46790;34.3;17.8
82;2021-05-23;703;118;90838;46908;34.6;17.9
82;2021-05-24;1441;262;92279;47170;35.1;18.0
82;2021-05-25;1443;963;93722;48133;35.7;18.3
82;2021-05-26;1411;920;95133;49053;36.2;18.7
82;2021-05-27;1461;1027;96594;50080;36.8;19.1
82;2021-05-28;1538;1145;98132;51225;37.4;19.5
82;2021-05-29;1496;545;99628;51770;37.9;19.7
82;2021-05-30;402;101;100030;51871;38.1;19.8
82;2021-05-31;1489;990;101519;52861;38.7;20.1
82;2021-06-01;1749;1049;103268;53910;39.3;20.5
82;2021-06-02;1473;1004;104741;54914;39.9;20.9
82;2021-06-03;1490;1180;106231;56094;40.5;21.4
82;2021-06-04;2248;1305;108479;57399;41.3;21.9
82;2021-06-05;2270;984;110749;58383;42.2;22.2
82;2021-06-06;327;134;111076;58517;42.3;22.3
82;2021-06-07;957;1275;112033;59792;42.7;22.8
82;2021-06-08;1446;1135;113479;60927;43.2;23.2
82;2021-06-09;1706;1139;115185;62066;43.9;23.6
82;2021-06-10;1435;1207;116620;63273;44.4;24.1
82;2021-06-11;1919;1119;118539;64392;45.1;24.5
82;2021-06-12;2393;1400;120932;65792;46.0;25.1
82;2021-06-13;377;112;121309;65904;46.2;25.1
82;2021-06-14;1207;1080;122516;66984;46.7;25.5
82;2021-06-15;1457;1243;123973;68227;47.2;26.0
82;2021-06-16;1749;1165;125722;69392;47.9;26.4
82;2021-06-17;1216;1473;126938;70865;48.3;27.0
82;2021-06-18;1469;1440;128407;72305;48.9;27.5
82;2021-06-19;2269;973;130676;73278;49.8;27.9
82;2021-06-20;268;174;130944;73452;49.9;28.0
82;2021-06-21;483;1362;131427;74814;50.0;28.5
82;2021-06-22;888;1708;132315;76522;50.4;29.1
82;2021-06-23;1232;1587;133547;78109;50.9;29.7
82;2021-06-24;749;1901;134296;80010;51.1;30.5
82;2021-06-25;738;1940;135034;81950;51.4;31.2
82;2021-06-26;1238;2150;136272;84100;51.9;32.0
82;2021-06-27;195;438;136467;84538;52.0;32.2
82;2021-06-28;330;1412;136797;85950;52.1;32.7
82;2021-06-29;514;1844;137311;87794;52.3;33.4
82;2021-06-30;941;1905;138252;89699;52.6;34.2
82;2021-07-01;648;1633;138900;91332;52.9;34.8
82;2021-07-02;928;2315;139828;93647;53.2;35.7
82;2021-07-03;858;2333;140686;95980;53.6;36.5
82;2021-07-04;117;436;140803;96416;53.6;36.7
82;2021-07-05;436;1564;141239;97980;53.8;37.3
82;2021-07-06;509;1867;141748;99847;54.0;38.0
82;2021-07-07;783;1769;142531;101616;54.3;38.7
82;2021-07-08;504;1501;143035;103117;54.5;39.3
82;2021-07-09;779;2152;143814;105269;54.8;40.1
82;2021-07-10;703;2218;144517;107487;55.0;40.9
82;2021-07-11;38;382;144555;107869;55.0;41.1
82;2021-07-12;576;1880;145131;109749;55.3;41.8
82;2021-07-13;706;2002;145837;111751;55.5;42.6
82;2021-07-14;615;736;146452;112487;55.8;42.8
82;2021-07-15;843;1747;147295;114234;56.1;43.5
82;2021-07-16;1427;2621;148722;116855;56.6;44.5
82;2021-07-17;550;2182;149272;119037;56.8;45.3
82;2021-07-18;13;40;149285;119077;56.8;45.3
82;2021-07-19;725;2065;150010;121142;57.1;46.1
83;2020-12-27;1;0;1;0;0.0;0.0
83;2020-12-28;0;0;1;0;0.0;0.0
83;2020-12-29;0;0;1;0;0.0;0.0
83;2020-12-30;0;0;1;0;0.0;0.0
83;2020-12-31;0;0;1;0;0.0;0.0
83;2021-01-01;1;0;2;0;0.0;0.0
83;2021-01-02;0;0;2;0;0.0;0.0
83;2021-01-03;0;0;2;0;0.0;0.0
83;2021-01-04;0;0;2;0;0.0;0.0
83;2021-01-05;2;0;4;0;0.0;0.0
83;2021-01-06;69;0;73;0;0.0;0.0
83;2021-01-07;324;1;397;1;0.0;0.0
83;2021-01-08;410;1;807;2;0.1;0.0
83;2021-01-09;48;0;855;2;0.1;0.0
83;2021-01-10;1;0;856;2;0.1;0.0
83;2021-01-11;474;0;1330;2;0.1;0.0
83;2021-01-12;975;1;2305;3;0.2;0.0
83;2021-01-13;961;8;3266;11;0.3;0.0
83;2021-01-14;832;6;4098;17;0.4;0.0
83;2021-01-15;702;0;4800;17;0.4;0.0
83;2021-01-16;41;0;4841;17;0.5;0.0
83;2021-01-17;1;0;4842;17;0.5;0.0
83;2021-01-18;1216;4;6058;21;0.6;0.0
83;2021-01-19;2012;6;8070;27;0.8;0.0
83;2021-01-20;1655;9;9725;36;0.9;0.0
83;2021-01-21;2094;7;11819;43;1.1;0.0
83;2021-01-22;1647;3;13466;46;1.3;0.0
83;2021-01-23;242;0;13708;46;1.3;0.0
83;2021-01-24;21;1;13729;47;1.3;0.0
83;2021-01-25;1549;5;15278;52;1.4;0.0
83;2021-01-26;1744;14;17022;66;1.6;0.0
83;2021-01-27;2151;78;19173;144;1.8;0.0
83;2021-01-28;5070;354;24243;498;2.3;0.0
83;2021-01-29;2945;349;27188;847;2.5;0.1
83;2021-01-30;233;45;27421;892;2.6;0.1
83;2021-01-31;46;0;27467;892;2.6;0.1
83;2021-02-01;1276;423;28743;1315;2.7;0.1
83;2021-02-02;1424;729;30167;2044;2.8;0.2
83;2021-02-03;1518;638;31685;2682;3.0;0.2
83;2021-02-04;1482;749;33167;3431;3.1;0.3
83;2021-02-05;1217;684;34384;4115;3.2;0.4
83;2021-02-06;20;14;34404;4129;3.2;0.4
83;2021-02-07;1;0;34405;4129;3.2;0.4
83;2021-02-08;1084;630;35489;4759;3.3;0.4
83;2021-02-09;1323;912;36812;5671;3.4;0.5
83;2021-02-10;1525;817;38337;6488;3.6;0.6
83;2021-02-11;1599;1030;39936;7518;3.7;0.7
83;2021-02-12;1344;851;41280;8369;3.8;0.8
83;2021-02-13;52;25;41332;8394;3.8;0.8
83;2021-02-14;0;0;41332;8394;3.8;0.8
83;2021-02-15;666;1062;41998;9456;3.9;0.9
83;2021-02-16;540;1377;42538;10833;4.0;1.0
83;2021-02-17;803;1849;43341;12682;4.0;1.2
83;2021-02-18;1618;3875;44959;16557;4.2;1.5
83;2021-02-19;1469;2375;46428;18932;4.3;1.8
83;2021-02-20;58;170;46486;19102;4.3;1.8
83;2021-02-21;22;35;46508;19137;4.3;1.8
83;2021-02-22;499;1772;47007;20909;4.4;1.9
83;2021-02-23;667;1462;47674;22371;4.4;2.1
83;2021-02-24;718;1492;48392;23863;4.5;2.2
83;2021-02-25;1240;1418;49632;25281;4.6;2.4
83;2021-02-26;1295;1258;50927;26539;4.7;2.5
83;2021-02-27;550;55;51477;26594;4.8;2.5
83;2021-02-28;8;13;51485;26607;4.8;2.5
83;2021-03-01;803;1247;52288;27854;4.9;2.6
83;2021-03-02;982;1308;53270;29162;5.0;2.7
83;2021-03-03;1423;1530;54693;30692;5.1;2.9
83;2021-03-04;1868;1375;56561;32067;5.3;3.0
83;2021-03-05;2209;1229;58770;33296;5.5;3.1
83;2021-03-06;2993;98;61763;33394;5.8;3.1
83;2021-03-07;2223;20;63986;33414;6.0;3.1
83;2021-03-08;844;1318;64830;34732;6.0;3.2
83;2021-03-09;1924;1220;66754;35952;6.2;3.3
83;2021-03-10;2361;1345;69115;37297;6.4;3.5
83;2021-03-11;3656;2204;72771;39501;6.8;3.7
83;2021-03-12;3635;1498;76406;40999;7.1;3.8
83;2021-03-13;4580;160;80986;41159;7.5;3.8
83;2021-03-14;2319;40;83305;41199;7.8;3.8
83;2021-03-15;3330;680;86635;41879;8.1;3.9
83;2021-03-16;2591;676;89226;42555;8.3;4.0
83;2021-03-17;2836;758;92062;43313;8.6;4.0
83;2021-03-18;3544;787;95606;44100;8.9;4.1
83;2021-03-19;4162;592;99768;44692;9.3;4.2
83;2021-03-20;3466;55;103234;44747;9.6;4.2
83;2021-03-21;2007;25;105241;44772;9.8;4.2
83;2021-03-22;3953;883;109194;45655;10.2;4.3
83;2021-03-23;4730;574;113924;46229;10.6;4.3
83;2021-03-24;5022;699;118946;46928;11.1;4.4
83;2021-03-25;6517;809;125463;47737;11.7;4.4
83;2021-03-26;7167;726;132630;48463;12.4;4.5
83;2021-03-27;3961;376;136591;48839;12.7;4.5
83;2021-03-28;2181;23;138772;48862;12.9;4.6
83;2021-03-29;4536;746;143308;49608;13.3;4.6
83;2021-03-30;5942;910;149250;50518;13.9;4.7
83;2021-03-31;5544;1050;154794;51568;14.4;4.8
83;2021-04-01;5956;1244;160750;52812;15.0;4.9
83;2021-04-02;5747;1052;166497;53864;15.5;5.0
83;2021-04-03;1795;621;168292;54485;15.7;5.1
83;2021-04-04;851;343;169143;54828;15.8;5.1
83;2021-04-05;183;65;169326;54893;15.8;5.1
83;2021-04-06;4720;1366;174046;56259;16.2;5.2
83;2021-04-07;5821;1627;179867;57886;16.7;5.4
83;2021-04-08;7855;1956;187722;59842;17.5;5.6
83;2021-04-09;7581;2160;195303;62002;18.2;5.8
83;2021-04-10;2941;2634;198244;64636;18.5;6.0
83;2021-04-11;1720;2129;199964;66765;18.6;6.2
83;2021-04-12;4941;2842;204905;69607;19.1;6.5
83;2021-04-13;5398;2986;210303;72593;19.6;6.8
83;2021-04-14;5890;2927;216193;75520;20.1;7.0
83;2021-04-15;6758;3002;222951;78522;20.8;7.3
83;2021-04-16;6115;3486;229066;82008;21.3;7.6
83;2021-04-17;3500;2182;232566;84190;21.7;7.8
83;2021-04-18;2171;1291;234737;85481;21.9;8.0
83;2021-04-19;4098;3892;238835;89373;22.2;8.3
83;2021-04-20;4354;3853;243189;93226;22.6;8.7
83;2021-04-21;4288;4133;247477;97359;23.0;9.1
83;2021-04-22;4994;4269;252471;101628;23.5;9.5
83;2021-04-23;4500;4526;256971;106154;23.9;9.9
83;2021-04-24;2626;2706;259597;108860;24.2;10.1
83;2021-04-25;1924;1568;261521;110428;24.4;10.3
83;2021-04-26;3572;3840;265093;114268;24.7;10.6
83;2021-04-27;4128;4539;269221;118807;25.1;11.1
83;2021-04-28;4314;4342;273535;123149;25.5;11.5
83;2021-04-29;5797;5081;279332;128230;26.0;11.9
83;2021-04-30;5777;4282;285109;132512;26.6;12.3
83;2021-05-01;1693;423;286802;132935;26.7;12.4
83;2021-05-02;1231;749;288033;133684;26.8;12.4
83;2021-05-03;3745;4269;291778;137953;27.2;12.8
83;2021-05-04;3341;5089;295119;143042;27.5;13.3
83;2021-05-05;3630;4942;298749;147984;27.8;13.8
83;2021-05-06;4657;4929;303406;152913;28.3;14.2
83;2021-05-07;4160;5297;307566;158210;28.6;14.7
83;2021-05-08;2754;996;310320;159206;28.9;14.8
83;2021-05-09;2148;1226;312468;160432;29.1;14.9
83;2021-05-10;3201;5412;315669;165844;29.4;15.4
83;2021-05-11;5111;5642;320780;171486;29.9;16.0
83;2021-05-12;6285;4833;327065;176319;30.5;16.4
83;2021-05-13;6574;1323;333639;177642;31.1;16.5
83;2021-05-14;7415;4088;341054;181730;31.8;16.9
83;2021-05-15;7745;2187;348799;183917;32.5;17.1
83;2021-05-16;6624;1241;355423;185158;33.1;17.2
83;2021-05-17;4890;4170;360313;189328;33.6;17.6
83;2021-05-18;5512;3842;365825;193170;34.1;18.0
83;2021-05-19;6203;3376;372028;196546;34.6;18.3
83;2021-05-20;6731;3745;378759;200291;35.3;18.7
83;2021-05-21;7902;3794;386661;204085;36.0;19.0
83;2021-05-22;6083;1706;392744;205791;36.6;19.2
83;2021-05-23;4680;700;397424;206491;37.0;19.2
83;2021-05-24;5807;963;403231;207454;37.6;19.3
83;2021-05-25;5496;4749;408727;212203;38.1;19.8
83;2021-05-26;4837;4416;413564;216619;38.5;20.2
83;2021-05-27;5062;5255;418626;221874;39.0;20.7
83;2021-05-28;4497;5747;423123;227621;39.4;21.2
83;2021-05-29;2699;4270;425822;231891;39.7;21.6
83;2021-05-30;1253;1368;427075;233259;39.8;21.7
83;2021-05-31;5489;4759;432564;238018;40.3;22.2
83;2021-06-01;5713;5293;438277;243311;40.8;22.7
83;2021-06-02;5237;4555;443514;247866;41.3;23.1
83;2021-06-03;5721;5105;449235;252971;41.8;23.6
83;2021-06-04;5435;6042;454670;259013;42.3;24.1
83;2021-06-05;3921;3191;458591;262204;42.7;24.4
83;2021-06-06;1926;1377;460517;263581;42.9;24.5
83;2021-06-07;3903;5082;464420;268663;43.2;25.0
83;2021-06-08;4134;4789;468554;273452;43.6;25.5
83;2021-06-09;3989;4697;472543;278149;44.0;25.9
83;2021-06-10;3962;4240;476505;282389;44.4;26.3
83;2021-06-11;3647;5440;480152;287829;44.7;26.8
83;2021-06-12;2896;2973;483048;290802;45.0;27.1
83;2021-06-13;991;1386;484039;292188;45.1;27.2
83;2021-06-14;2845;5652;486884;297840;45.3;27.7
83;2021-06-15;3144;4857;490028;302697;45.6;28.2
83;2021-06-16;2924;4499;492952;307196;45.9;28.6
83;2021-06-17;2724;5271;495676;312467;46.2;29.1
83;2021-06-18;3118;5944;498794;318411;46.4;29.7
83;2021-06-19;2306;4086;501100;322497;46.7;30.0
83;2021-06-20;664;1886;501764;324383;46.7;30.2
83;2021-06-21;2080;7577;503844;331960;46.9;30.9
83;2021-06-22;2083;7166;505927;339126;47.1;31.6
83;2021-06-23;1897;6935;507824;346061;47.3;32.2
83;2021-06-24;1923;7373;509747;353434;47.5;32.9
83;2021-06-25;2063;8397;511810;361831;47.7;33.7
83;2021-06-26;1448;6811;513258;368642;47.8;34.3
83;2021-06-27;681;3186;513939;371828;47.9;34.6
83;2021-06-28;1540;7887;515479;379715;48.0;35.4
83;2021-06-29;1858;7801;517337;387516;48.2;36.1
83;2021-06-30;2166;7258;519503;394774;48.4;36.8
83;2021-07-01;2486;6551;521989;401325;48.6;37.4
83;2021-07-02;2207;7786;524196;409111;48.8;38.1
83;2021-07-03;1487;5694;525683;414805;49.0;38.6
83;2021-07-04;539;2748;526222;417553;49.0;38.9
83;2021-07-05;1872;7529;528094;425082;49.2;39.6
83;2021-07-06;2535;5926;530629;431008;49.4;40.1
83;2021-07-07;2638;4648;533267;435656;49.7;40.6
83;2021-07-08;3189;4454;536456;440110;50.0;41.0
83;2021-07-09;2999;6948;539455;447058;50.2;41.6
83;2021-07-10;1555;4915;541010;451973;50.4;42.1
83;2021-07-11;990;1758;542000;453731;50.5;42.3
83;2021-07-12;2094;7656;544094;461387;50.7;43.0
83;2021-07-13;3957;7021;548051;468408;51.0;43.6
83;2021-07-14;2074;1291;550125;469699;51.2;43.7
83;2021-07-15;4469;6791;554594;476490;51.6;44.4
83;2021-07-16;5177;7063;559771;483553;52.1;45.0
83;2021-07-17;3541;4946;563312;488499;52.5;45.5
83;2021-07-18;1588;1295;564900;489794;52.6;45.6
83;2021-07-19;3831;6197;568731;495991;53.0;46.2
84;2020-12-27;0;0;0;0;0.0;0.0
84;2020-12-28;0;0;0;0;0.0;0.0
84;2020-12-29;0;0;0;0;0.0;0.0
84;2020-12-30;0;0;0;0;0.0;0.0
84;2020-12-31;0;0;0;0;0.0;0.0
84;2021-01-01;0;0;0;0;0.0;0.0
84;2021-01-02;0;0;0;0;0.0;0.0
84;2021-01-03;0;0;0;0;0.0;0.0
84;2021-01-04;0;0;0;0;0.0;0.0
84;2021-01-05;0;0;0;0;0.0;0.0
84;2021-01-06;0;0;0;0;0.0;0.0
84;2021-01-07;69;0;69;0;0.0;0.0
84;2021-01-08;81;0;150;0;0.0;0.0
84;2021-01-09;30;0;180;0;0.0;0.0
84;2021-01-10;0;0;180;0;0.0;0.0
84;2021-01-11;219;0;399;0;0.1;0.0
84;2021-01-12;588;0;987;0;0.2;0.0
84;2021-01-13;352;0;1339;0;0.2;0.0
84;2021-01-14;919;13;2258;13;0.4;0.0
84;2021-01-15;613;8;2871;21;0.5;0.0
84;2021-01-16;165;0;3036;21;0.5;0.0
84;2021-01-17;27;1;3063;22;0.5;0.0
84;2021-01-18;691;3;3754;25;0.7;0.0
84;2021-01-19;875;1;4629;26;0.8;0.0
84;2021-01-20;1014;3;5643;29;1.0;0.0
84;2021-01-21;1047;4;6690;33;1.2;0.0
84;2021-01-22;1130;0;7820;33;1.4;0.0
84;2021-01-23;244;0;8064;33;1.4;0.0
84;2021-01-24;2;0;8066;33;1.4;0.0
84;2021-01-25;803;1;8869;34;1.6;0.0
84;2021-01-26;935;5;9804;39;1.7;0.0
84;2021-01-27;1066;2;10870;41;1.9;0.0
84;2021-01-28;1620;16;12490;57;2.2;0.0
84;2021-01-29;1197;61;13687;118;2.4;0.0
84;2021-01-30;170;21;13857;139;2.5;0.0
84;2021-01-31;6;0;13863;139;2.5;0.0
84;2021-02-01;652;150;14515;289;2.6;0.1
84;2021-02-02;787;268;15302;557;2.7;0.1
84;2021-02-03;757;241;16059;798;2.9;0.1
84;2021-02-04;910;408;16969;1206;3.0;0.2
84;2021-02-05;723;420;17692;1626;3.2;0.3
84;2021-02-06;122;50;17814;1676;3.2;0.3
84;2021-02-07;0;0;17814;1676;3.2;0.3
84;2021-02-08;566;279;18380;1955;3.3;0.3
84;2021-02-09;678;716;19058;2671;3.4;0.5
84;2021-02-10;550;571;19608;3242;3.5;0.6
84;2021-02-11;546;588;20154;3830;3.6;0.7
84;2021-02-12;555;682;20709;4512;3.7;0.8
84;2021-02-13;46;171;20755;4683;3.7;0.8
84;2021-02-14;3;0;20758;4683;3.7;0.8
84;2021-02-15;205;893;20963;5576;3.7;1.0
84;2021-02-16;218;835;21181;6411;3.8;1.1
84;2021-02-17;445;781;21626;7192;3.9;1.3
84;2021-02-18;554;1109;22180;8301;4.0;1.5
84;2021-02-19;736;1186;22916;9487;4.1;1.7
84;2021-02-20;63;155;22979;9642;4.1;1.7
84;2021-02-21;3;38;22982;9680;4.1;1.7
84;2021-02-22;369;743;23351;10423;4.2;1.9
84;2021-02-23;267;707;23618;11130;4.2;2.0
84;2021-02-24;389;742;24007;11872;4.3;2.1
84;2021-02-25;710;844;24717;12716;4.4;2.3
84;2021-02-26;820;683;25537;13399;4.6;2.4
84;2021-02-27;132;125;25669;13524;4.6;2.4
84;2021-02-28;16;0;25685;13524;4.6;2.4
84;2021-03-01;454;673;26139;14197;4.7;2.5
84;2021-03-02;628;809;26767;15006;4.8;2.7
84;2021-03-03;815;957;27582;15963;4.9;2.8
84;2021-03-04;1088;705;28670;16668;5.1;3.0
84;2021-03-05;1305;512;29975;17180;5.3;3.1
84;2021-03-06;1456;54;31431;17234;5.6;3.1
84;2021-03-07;477;10;31908;17244;5.7;3.1
84;2021-03-08;810;602;32718;17846;5.8;3.2
84;2021-03-09;1380;783;34098;18629;6.1;3.3
84;2021-03-10;1468;661;35566;19290;6.3;3.4
84;2021-03-11;1981;637;37547;19927;6.7;3.6
84;2021-03-12;2078;625;39625;20552;7.1;3.7
84;2021-03-13;741;33;40366;20585;7.2;3.7
84;2021-03-14;243;53;40609;20638;7.2;3.7
84;2021-03-15;1065;305;41674;20943;7.4;3.7
84;2021-03-16;1176;330;42850;21273;7.6;3.8
84;2021-03-17;1138;483;43988;21756;7.8;3.9
84;2021-03-18;1453;425;45441;22181;8.1;4.0
84;2021-03-19;2170;468;47611;22649;8.5;4.0
84;2021-03-20;836;23;48447;22672;8.6;4.0
84;2021-03-21;145;8;48592;22680;8.7;4.0
84;2021-03-22;1151;455;49743;23135;8.9;4.1
84;2021-03-23;1903;456;51646;23591;9.2;4.2
84;2021-03-24;2173;389;53819;23980;9.6;4.3
84;2021-03-25;3650;382;57469;24362;10.2;4.3
84;2021-03-26;3309;466;60778;24828;10.8;4.4
84;2021-03-27;912;56;61690;24884;11.0;4.4
84;2021-03-28;71;2;61761;24886;11.0;4.4
84;2021-03-29;1714;518;63475;25404;11.3;4.5
84;2021-03-30;2660;663;66135;26067;11.8;4.6
84;2021-03-31;2396;638;68531;26705;12.2;4.8
84;2021-04-01;3011;553;71542;27258;12.8;4.9
84;2021-04-02;2447;514;73989;27772;13.2;5.0
84;2021-04-03;506;26;74495;27798;13.3;5.0
84;2021-04-04;10;0;74505;27798;13.3;5.0
84;2021-04-05;809;97;75314;27895;13.4;5.0
84;2021-04-06;2137;823;77451;28718;13.8;5.1
84;2021-04-07;2396;851;79847;29569;14.2;5.3
84;2021-04-08;3640;1007;83487;30576;14.9;5.5
84;2021-04-09;4102;913;87589;31489;15.6;5.6
84;2021-04-10;1304;123;88893;31612;15.8;5.6
84;2021-04-11;35;12;88928;31624;15.9;5.6
84;2021-04-12;2086;797;91014;32421;16.2;5.8
84;2021-04-13;2941;1358;93955;33779;16.7;6.0
84;2021-04-14;2805;1343;96760;35122;17.2;6.3
84;2021-04-15;3268;1393;100028;36515;17.8;6.5
84;2021-04-16;3423;1534;103451;38049;18.4;6.8
84;2021-04-17;1663;187;105114;38236;18.7;6.8
84;2021-04-18;33;0;105147;38236;18.7;6.8
84;2021-04-19;2496;911;107643;39147;19.2;7.0
84;2021-04-20;2625;1520;110268;40667;19.7;7.2
84;2021-04-21;2648;1480;112916;42147;20.1;7.5
84;2021-04-22;3004;1727;115920;43874;20.7;7.8
84;2021-04-23;3018;1867;118938;45741;21.2;8.2
84;2021-04-24;1527;285;120465;46026;21.5;8.2
84;2021-04-25;26;2;120491;46028;21.5;8.2
84;2021-04-26;2165;1357;122656;47385;21.9;8.4
84;2021-04-27;2550;1969;125206;49354;22.3;8.8
84;2021-04-28;2816;1834;128022;51188;22.8;9.1
84;2021-04-29;3420;2019;131442;53207;23.4;9.5
84;2021-04-30;3126;2401;134568;55608;24.0;9.9
84;2021-05-01;454;260;135022;55868;24.1;10.0
84;2021-05-02;1;0;135023;55868;24.1;10.0
84;2021-05-03;2165;1628;137188;57496;24.5;10.2
84;2021-05-04;2485;2522;139673;60018;24.9;10.7
84;2021-05-05;2343;2215;142016;62233;25.3;11.1
84;2021-05-06;3222;2245;145238;64478;25.9;11.5
84;2021-05-07;2762;2558;148000;67036;26.4;11.9
84;2021-05-08;1153;524;149153;67560;26.6;12.0
84;2021-05-09;5;52;149158;67612;26.6;12.1
84;2021-05-10;2151;2457;151309;70069;27.0;12.5
84;2021-05-11;2905;3154;154214;73223;27.5;13.1
84;2021-05-12;2844;2911;157058;76134;28.0;13.6
84;2021-05-13;2155;840;159213;76974;28.4;13.7
84;2021-05-14;2720;2029;161933;79003;28.9;14.1
84;2021-05-15;2000;981;163933;79984;29.2;14.3
84;2021-05-16;1339;182;165272;80166;29.5;14.3
84;2021-05-17;2214;2149;167486;82315;29.9;14.7
84;2021-05-18;2902;2092;170388;84407;30.4;15.0
84;2021-05-19;3227;1663;173615;86070;30.9;15.3
84;2021-05-20;3691;2193;177306;88263;31.6;15.7
84;2021-05-21;3461;2322;180767;90585;32.2;16.1
84;2021-05-22;1583;676;182350;91261;32.5;16.3
84;2021-05-23;3;9;182353;91270;32.5;16.3
84;2021-05-24;1838;425;184191;91695;32.8;16.3
84;2021-05-25;2978;2176;187169;93871;33.4;16.7
84;2021-05-26;3070;2078;190239;95949;33.9;17.1
84;2021-05-27;3853;2311;194092;98260;34.6;17.5
84;2021-05-28;3183;3299;197275;101559;35.2;18.1
84;2021-05-29;1090;1648;198365;103207;35.4;18.4
84;2021-05-30;8;85;198373;103292;35.4;18.4
84;2021-05-31;2193;2630;200566;105922;35.8;18.9
84;2021-06-01;3141;3153;203707;109075;36.3;19.4
84;2021-06-02;3170;2612;206877;111687;36.9;19.9
84;2021-06-03;4095;2979;210972;114666;37.6;20.4
84;2021-06-04;3607;3032;214579;117698;38.2;21.0
84;2021-06-05;1783;1492;216362;119190;38.6;21.2
84;2021-06-06;983;204;217345;119394;38.7;21.3
84;2021-06-07;2452;2736;219797;122130;39.2;21.8
84;2021-06-08;3301;3050;223098;125180;39.8;22.3
84;2021-06-09;3016;2630;226114;127810;40.3;22.8
84;2021-06-10;3454;2741;229568;130551;40.9;23.3
84;2021-06-11;3015;3049;232583;133600;41.5;23.8
84;2021-06-12;1956;1312;234539;134912;41.8;24.0
84;2021-06-13;410;210;234949;135122;41.9;24.1
84;2021-06-14;1915;3157;236864;138279;42.2;24.6
84;2021-06-15;2552;3448;239416;141727;42.7;25.3
84;2021-06-16;2501;2933;241917;144660;43.1;25.8
84;2021-06-17;2940;3450;244857;148110;43.6;26.4
84;2021-06-18;2411;3547;247268;151657;44.1;27.0
84;2021-06-19;1283;1538;248551;153195;44.3;27.3
84;2021-06-20;541;353;249092;153548;44.4;27.4
84;2021-06-21;1561;3136;250653;156684;44.7;27.9
84;2021-06-22;2154;4005;252807;160689;45.1;28.6
84;2021-06-23;2096;3282;254903;163971;45.4;29.2
84;2021-06-24;2179;3472;257082;167443;45.8;29.8
84;2021-06-25;1821;3866;258903;171309;46.2;30.5
84;2021-06-26;1122;1792;260025;173101;46.4;30.9
84;2021-06-27;291;344;260316;173445;46.4;30.9
84;2021-06-28;1194;3222;261510;176667;46.6;31.5
84;2021-06-29;1436;4044;262946;180711;46.9;32.2
84;2021-06-30;1698;3956;264644;184667;47.2;32.9
84;2021-07-01;1757;3940;266401;188607;47.5;33.6
84;2021-07-02;1719;3889;268120;192496;47.8;34.3
84;2021-07-03;1077;2026;269197;194522;48.0;34.7
84;2021-07-04;379;413;269576;194935;48.1;34.7
84;2021-07-05;1418;3542;270994;198477;48.3;35.4
84;2021-07-06;1525;4170;272519;202647;48.6;36.1
84;2021-07-07;1623;3095;274142;205742;48.9;36.7
84;2021-07-08;2088;3741;276230;209483;49.2;37.3
84;2021-07-09;1798;3953;278028;213436;49.6;38.0
84;2021-07-10;1236;2143;279264;215579;49.8;38.4
84;2021-07-11;333;304;279597;215883;49.8;38.5
84;2021-07-12;1369;3831;280966;219714;50.1;39.2
84;2021-07-13;2297;4983;283263;224697;50.5;40.1
84;2021-07-14;1863;1229;285126;225926;50.8;40.3
84;2021-07-15;2580;4531;287706;230457;51.3;41.1
84;2021-07-16;2744;4558;290450;235015;51.8;41.9
84;2021-07-17;1565;2418;292015;237433;52.1;42.3
84;2021-07-18;1006;535;293021;237968;52.2;42.4
84;2021-07-19;2358;3702;295379;241670;52.7;43.1
85;2020-12-27;0;0;0;0;0.0;0.0
85;2020-12-28;0;0;0;0;0.0;0.0
85;2020-12-29;0;0;0;0;0.0;0.0
85;2020-12-30;0;0;0;0;0.0;0.0
85;2020-12-31;0;0;0;0;0.0;0.0
85;2021-01-01;0;0;0;0;0.0;0.0
85;2021-01-02;0;0;0;0;0.0;0.0
85;2021-01-03;0;0;0;0;0.0;0.0
85;2021-01-04;25;0;25;0;0.0;0.0
85;2021-01-05;62;0;87;0;0.0;0.0
85;2021-01-06;107;1;194;1;0.0;0.0
85;2021-01-07;202;0;396;1;0.1;0.0
85;2021-01-08;291;1;687;2;0.1;0.0
85;2021-01-09;288;2;975;4;0.1;0.0
85;2021-01-10;59;0;1034;4;0.2;0.0
85;2021-01-11;453;0;1487;4;0.2;0.0
85;2021-01-12;584;2;2071;6;0.3;0.0
85;2021-01-13;544;1;2615;7;0.4;0.0
85;2021-01-14;678;3;3293;10;0.5;0.0
85;2021-01-15;436;3;3729;13;0.5;0.0
85;2021-01-16;262;3;3991;16;0.6;0.0
85;2021-01-17;37;0;4028;16;0.6;0.0
85;2021-01-18;996;2;5024;18;0.7;0.0
85;2021-01-19;1426;4;6450;22;0.9;0.0
85;2021-01-20;1872;2;8322;24;1.2;0.0
85;2021-01-21;3215;3;11537;27;1.7;0.0
85;2021-01-22;1695;18;13232;45;1.9;0.0
85;2021-01-23;464;2;13696;47;2.0;0.0
85;2021-01-24;49;0;13745;47;2.0;0.0
85;2021-01-25;576;1;14321;48;2.1;0.0
85;2021-01-26;874;34;15195;82;2.2;0.0
85;2021-01-27;1786;32;16981;114;2.5;0.0
85;2021-01-28;1618;36;18599;150;2.7;0.0
85;2021-01-29;872;63;19471;213;2.9;0.0
85;2021-01-30;148;5;19619;218;2.9;0.0
85;2021-01-31;2;48;19621;266;2.9;0.0
85;2021-02-01;479;103;20100;369;2.9;0.1
85;2021-02-02;537;176;20637;545;3.0;0.1
85;2021-02-03;413;261;21050;806;3.1;0.1
85;2021-02-04;620;267;21670;1073;3.2;0.2
85;2021-02-05;624;265;22294;1338;3.3;0.2
85;2021-02-06;151;244;22445;1582;3.3;0.2
85;2021-02-07;1;0;22446;1582;3.3;0.2
85;2021-02-08;387;655;22833;2237;3.3;0.3
85;2021-02-09;659;1062;23492;3299;3.4;0.5
85;2021-02-10;583;1131;24075;4430;3.5;0.6
85;2021-02-11;1542;3041;25617;7471;3.7;1.1
85;2021-02-12;1012;1259;26629;8730;3.9;1.3
85;2021-02-13;250;506;26879;9236;3.9;1.4
85;2021-02-14;2;133;26881;9369;3.9;1.4
85;2021-02-15;335;817;27216;10186;4.0;1.5
85;2021-02-16;570;1188;27786;11374;4.1;1.7
85;2021-02-17;780;1569;28566;12943;4.2;1.9
85;2021-02-18;1273;1928;29839;14871;4.4;2.2
85;2021-02-19;951;1193;30790;16064;4.5;2.4
85;2021-02-20;173;263;30963;16327;4.5;2.4
85;2021-02-21;1;11;30964;16338;4.5;2.4
85;2021-02-22;810;885;31774;17223;4.7;2.5
85;2021-02-23;829;486;32603;17709;4.8;2.6
85;2021-02-24;754;312;33357;18021;4.9;2.6
85;2021-02-25;1335;392;34692;18413;5.1;2.7
85;2021-02-26;1227;324;35919;18737;5.3;2.7
85;2021-02-27;400;97;36319;18834;5.3;2.8
85;2021-02-28;6;1;36325;18835;5.3;2.8
85;2021-03-01;757;428;37082;19263;5.4;2.8
85;2021-03-02;1100;789;38182;20052;5.6;2.9
85;2021-03-03;841;513;39023;20565;5.7;3.0
85;2021-03-04;1573;1172;40596;21737;5.9;3.2
85;2021-03-05;1734;846;42330;22583;6.2;3.3
85;2021-03-06;1226;127;43556;22710;6.4;3.3
85;2021-03-07;325;28;43881;22738;6.4;3.3
85;2021-03-08;1736;454;45617;23192;6.7;3.4
85;2021-03-09;2237;563;47854;23755;7.0;3.5
85;2021-03-10;1857;643;49711;24398;7.3;3.6
85;2021-03-11;3111;1076;52822;25474;7.7;3.7
85;2021-03-12;2726;855;55548;26329;8.1;3.9
85;2021-03-13;1369;156;56917;26485;8.3;3.9
85;2021-03-14;178;0;57095;26485;8.4;3.9
85;2021-03-15;1914;505;59009;26990;8.6;4.0
85;2021-03-16;1624;514;60633;27504;8.9;4.0
85;2021-03-17;979;523;61612;28027;9.0;4.1
85;2021-03-18;1896;454;63508;28481;9.3;4.2
85;2021-03-19;2199;363;65707;28844;9.6;4.2
85;2021-03-20;1065;175;66772;29019;9.8;4.2
85;2021-03-21;269;5;67041;29024;9.8;4.2
85;2021-03-22;1755;556;68796;29580;10.1;4.3
85;2021-03-23;2411;723;71207;30303;10.4;4.4
85;2021-03-24;2205;529;73412;30832;10.7;4.5
85;2021-03-25;3644;598;77056;31430;11.3;4.6
85;2021-03-26;3356;643;80412;32073;11.8;4.7
85;2021-03-27;1725;115;82137;32188;12.0;4.7
85;2021-03-28;534;2;82671;32190;12.1;4.7
85;2021-03-29;2410;754;85081;32944;12.5;4.8
85;2021-03-30;2861;1015;87942;33959;12.9;5.0
85;2021-03-31;2194;662;90136;34621;13.2;5.1
85;2021-04-01;3865;901;94001;35522;13.8;5.2
85;2021-04-02;2705;1083;96706;36605;14.2;5.4
85;2021-04-03;1408;316;98114;36921;14.4;5.4
85;2021-04-04;323;27;98437;36948;14.4;5.4
85;2021-04-05;104;174;98541;37122;14.4;5.4
85;2021-04-06;2199;1596;100740;38718;14.7;5.7
85;2021-04-07;3092;1186;103832;39904;15.2;5.8
85;2021-04-08;4523;1589;108355;41493;15.9;6.1
85;2021-04-09;4599;1216;112954;42709;16.5;6.3
85;2021-04-10;1866;393;114820;43102;16.8;6.3
85;2021-04-11;26;10;114846;43112;16.8;6.3
85;2021-04-12;4283;1467;119129;44579;17.4;6.5
85;2021-04-13;4829;1862;123958;46441;18.1;6.8
85;2021-04-14;3955;999;127913;47440;18.7;6.9
85;2021-04-15;5512;1725;133425;49165;19.5;7.2
85;2021-04-16;5239;1524;138664;50689;20.3;7.4
85;2021-04-17;1382;434;140046;51123;20.5;7.5
85;2021-04-18;348;9;140394;51132;20.5;7.5
85;2021-04-19;3363;1698;143757;52830;21.0;7.7
85;2021-04-20;3697;1908;147454;54738;21.6;8.0
85;2021-04-21;2687;1671;150141;56409;22.0;8.3
85;2021-04-22;3804;2224;153945;58633;22.5;8.6
85;2021-04-23;3894;2068;157839;60701;23.1;8.9
85;2021-04-24;1659;1528;159498;62229;23.3;9.1
85;2021-04-25;980;557;160478;62786;23.5;9.2
85;2021-04-26;3587;2352;164065;65138;24.0;9.5
85;2021-04-27;4389;2156;168454;67294;24.7;9.9
85;2021-04-28;5743;1240;174197;68534;25.5;10.0
85;2021-04-29;5631;1988;179828;70522;26.3;10.3
85;2021-04-30;5572;1664;185400;72186;27.1;10.6
85;2021-05-01;1734;636;187134;72822;27.4;10.7
85;2021-05-02;872;467;188006;73289;27.5;10.7
85;2021-05-03;3489;2376;191495;75665;28.0;11.1
85;2021-05-04;3487;3081;194982;78746;28.5;11.5
85;2021-05-05;4531;2166;199513;80912;29.2;11.8
85;2021-05-06;4919;2581;204432;83493;29.9;12.2
85;2021-05-07;3905;3854;208337;87347;30.5;12.8
85;2021-05-08;2244;227;210581;87574;30.8;12.8
85;2021-05-09;1508;180;212089;87754;31.0;12.8
85;2021-05-10;3206;4927;215295;92681;31.5;13.6
85;2021-05-11;4020;4968;219315;97649;32.1;14.3
85;2021-05-12;5015;3927;224330;101576;32.8;14.9
85;2021-05-13;5136;605;229466;102181;33.6;15.0
85;2021-05-14;4353;3161;233819;105342;34.2;15.4
85;2021-05-15;2322;773;236141;106115;34.6;15.5
85;2021-05-16;2211;162;238352;106277;34.9;15.6
85;2021-05-17;4142;3377;242494;109654;35.5;16.1
85;2021-05-18;5214;2854;247708;112508;36.3;16.5
85;2021-05-19;6491;1760;254199;114268;37.2;16.7
85;2021-05-20;6771;2161;260970;116429;38.2;17.0
85;2021-05-21;5496;2745;266466;119174;39.0;17.4
85;2021-05-22;2580;750;269046;119924;39.4;17.6
85;2021-05-23;1329;155;270375;120079;39.6;17.6
85;2021-05-24;4571;429;274946;120508;40.2;17.6
85;2021-05-25;4515;3564;279461;124072;40.9;18.2
85;2021-05-26;4939;2674;284400;126746;41.6;18.6
85;2021-05-27;4959;3686;289359;130432;42.4;19.1
85;2021-05-28;5249;4066;294608;134498;43.1;19.7
85;2021-05-29;3957;1521;298565;136019;43.7;19.9
85;2021-05-30;1290;125;299855;136144;43.9;19.9
85;2021-05-31;4687;3379;304542;139523;44.6;20.4
85;2021-06-01;5395;3395;309937;142918;45.4;20.9
85;2021-06-02;5547;2520;315484;145438;46.2;21.3
85;2021-06-03;5913;3230;321397;148668;47.0;21.8
85;2021-06-04;5835;3819;327232;152487;47.9;22.3
85;2021-06-05;2852;1935;330084;154422;48.3;22.6
85;2021-06-06;1506;802;331590;155224;48.5;22.7
85;2021-06-07;3229;4854;334819;160078;49.0;23.4
85;2021-06-08;4069;4517;338888;164595;49.6;24.1
85;2021-06-09;4829;3513;343717;168108;50.3;24.6
85;2021-06-10;5169;3690;348886;171798;51.1;25.1
85;2021-06-11;4497;4659;353383;176457;51.7;25.8
85;2021-06-12;1487;1796;354870;178253;51.9;26.1
85;2021-06-13;1218;672;356088;178925;52.1;26.2
85;2021-06-14;2675;5091;358763;184016;52.5;26.9
85;2021-06-15;3699;4930;362462;188946;53.1;27.7
85;2021-06-16;4077;3904;366539;192850;53.7;28.2
85;2021-06-17;3934;3896;370473;196746;54.2;28.8
85;2021-06-18;3619;5674;374092;202420;54.8;29.6
85;2021-06-19;1208;2026;375300;204446;54.9;29.9
85;2021-06-20;137;521;375437;204967;55.0;30.0
85;2021-06-21;2366;5820;377803;210787;55.3;30.9
85;2021-06-22;2828;5730;380631;216517;55.7;31.7
85;2021-06-23;3370;4486;384001;221003;56.2;32.3
85;2021-06-24;3632;4564;387633;225567;56.7;33.0
85;2021-06-25;2277;6197;389910;231764;57.1;33.9
85;2021-06-26;787;3773;390697;235537;57.2;34.5
85;2021-06-27;123;1372;390820;236909;57.2;34.7
85;2021-06-28;1163;6731;391983;243640;57.4;35.7
85;2021-06-29;1733;6882;393716;250522;57.6;36.7
85;2021-06-30;2159;6202;395875;256724;57.9;37.6
85;2021-07-01;2791;6068;398666;262792;58.4;38.5
85;2021-07-02;2253;7036;400919;269828;58.7;39.5
85;2021-07-03;611;3166;401530;272994;58.8;40.0
85;2021-07-04;141;1084;401671;274078;58.8;40.1
85;2021-07-05;1048;6670;402719;280748;58.9;41.1
85;2021-07-06;1558;6463;404277;287211;59.2;42.0
85;2021-07-07;1628;5863;405905;293074;59.4;42.9
85;2021-07-08;2138;5447;408043;298521;59.7;43.7
85;2021-07-09;1631;7104;409674;305625;60.0;44.7
85;2021-07-10;556;2838;410230;308463;60.0;45.2
85;2021-07-11;524;1287;410754;309750;60.1;45.3
85;2021-07-12;1403;7059;412157;316809;60.3;46.4
85;2021-07-13;2041;7391;414198;324200;60.6;47.5
85;2021-07-14;1450;2049;415648;326249;60.8;47.8
85;2021-07-15;2659;6944;418307;333193;61.2;48.8
85;2021-07-16;3396;6832;421703;340025;61.7;49.8
85;2021-07-17;1538;2140;423241;342165;62.0;50.1
85;2021-07-18;1142;1152;424383;343317;62.1;50.3
85;2021-07-19;3477;6217;427860;349534;62.6;51.2
86;2020-12-27;0;0;0;0;0.0;0.0
86;2020-12-28;0;0;0;0;0.0;0.0
86;2020-12-29;1;0;1;0;0.0;0.0
86;2020-12-30;0;0;1;0;0.0;0.0
86;2020-12-31;0;0;1;0;0.0;0.0
86;2021-01-01;0;0;1;0;0.0;0.0
86;2021-01-02;0;0;1;0;0.0;0.0
86;2021-01-03;0;0;1;0;0.0;0.0
86;2021-01-04;0;0;1;0;0.0;0.0
86;2021-01-05;0;0;1;0;0.0;0.0
86;2021-01-06;178;0;179;0;0.0;0.0
86;2021-01-07;670;0;849;0;0.2;0.0
86;2021-01-08;592;3;1441;3;0.3;0.0
86;2021-01-09;0;0;1441;3;0.3;0.0
86;2021-01-10;173;0;1614;3;0.4;0.0
86;2021-01-11;301;0;1915;3;0.4;0.0
86;2021-01-12;458;1;2373;4;0.5;0.0
86;2021-01-13;336;0;2709;4;0.6;0.0
86;2021-01-14;551;1;3260;5;0.7;0.0
86;2021-01-15;533;1;3793;6;0.9;0.0
86;2021-01-16;0;0;3793;6;0.9;0.0
86;2021-01-17;0;0;3793;6;0.9;0.0
86;2021-01-18;564;0;4357;6;1.0;0.0
86;2021-01-19;1836;0;6193;6;1.4;0.0
86;2021-01-20;1442;17;7635;23;1.7;0.0
86;2021-01-21;1288;0;8923;23;2.0;0.0
86;2021-01-22;826;0;9749;23;2.2;0.0
86;2021-01-23;312;0;10061;23;2.3;0.0
86;2021-01-24;0;0;10061;23;2.3;0.0
86;2021-01-25;583;109;10644;132;2.4;0.0
86;2021-01-26;748;122;11392;254;2.6;0.1
86;2021-01-27;764;157;12156;411;2.8;0.1
86;2021-01-28;1042;427;13198;838;3.0;0.2
86;2021-01-29;877;219;14075;1057;3.2;0.2
86;2021-01-30;275;103;14350;1160;3.3;0.3
86;2021-01-31;57;157;14407;1317;3.3;0.3
86;2021-02-01;434;208;14841;1525;3.4;0.3
86;2021-02-02;574;386;15415;1911;3.5;0.4
86;2021-02-03;526;224;15941;2135;3.6;0.5
86;2021-02-04;477;364;16418;2499;3.8;0.6
86;2021-02-05;440;745;16858;3244;3.9;0.7
86;2021-02-06;146;206;17004;3450;3.9;0.8
86;2021-02-07;120;6;17124;3456;3.9;0.8
86;2021-02-08;361;328;17485;3784;4.0;0.9
86;2021-02-09;739;1123;18224;4907;4.2;1.1
86;2021-02-10;978;936;19202;5843;4.4;1.3
86;2021-02-11;996;974;20198;6817;4.6;1.6
86;2021-02-12;749;375;20947;7192;4.8;1.6
86;2021-02-13;191;95;21138;7287;4.8;1.7
86;2021-02-14;1;34;21139;7321;4.8;1.7
86;2021-02-15;243;507;21382;7828;4.9;1.8
86;2021-02-16;385;865;21767;8693;5.0;2.0
86;2021-02-17;449;895;22216;9588;5.1;2.2
86;2021-02-18;420;876;22636;10464;5.2;2.4
86;2021-02-19;600;644;23236;11108;5.3;2.5
86;2021-02-20;115;177;23351;11285;5.3;2.6
86;2021-02-21;0;0;23351;11285;5.3;2.6
86;2021-02-22;240;429;23591;11714;5.4;2.7
86;2021-02-23;369;606;23960;12320;5.5;2.8
86;2021-02-24;407;587;24367;12907;5.6;3.0
86;2021-02-25;900;667;25267;13574;5.8;3.1
86;2021-02-26;1027;539;26294;14113;6.0;3.2
86;2021-02-27;459;146;26753;14259;6.1;3.3
86;2021-02-28;3;2;26756;14261;6.1;3.3
86;2021-03-01;230;526;26986;14787;6.2;3.4
86;2021-03-02;1139;844;28125;15631;6.4;3.6
86;2021-03-03;791;625;28916;16256;6.6;3.7
86;2021-03-04;1495;610;30411;16866;7.0;3.9
86;2021-03-05;1575;311;31986;17177;7.3;3.9
86;2021-03-06;993;169;32979;17346;7.5;4.0
86;2021-03-07;368;28;33347;17374;7.6;4.0
86;2021-03-08;469;540;33816;17914;7.7;4.1
86;2021-03-09;1368;526;35184;18440;8.0;4.2
86;2021-03-10;950;609;36134;19049;8.3;4.4
86;2021-03-11;1793;472;37927;19521;8.7;4.5
86;2021-03-12;2204;431;40131;19952;9.2;4.6
86;2021-03-13;1446;93;41577;20045;9.5;4.6
86;2021-03-14;132;15;41709;20060;9.5;4.6
86;2021-03-15;782;160;42491;20220;9.7;4.6
86;2021-03-16;844;204;43335;20424;9.9;4.7
86;2021-03-17;786;202;44121;20626;10.1;4.7
86;2021-03-18;999;98;45120;20724;10.3;4.7
86;2021-03-19;2137;315;47257;21039;10.8;4.8
86;2021-03-20;592;131;47849;21170;10.9;4.8
86;2021-03-21;10;0;47859;21170;10.9;4.8
86;2021-03-22;851;272;48710;21442;11.1;4.9
86;2021-03-23;2011;326;50721;21768;11.6;5.0
86;2021-03-24;1555;287;52276;22055;12.0;5.0
86;2021-03-25;2481;347;54757;22402;12.5;5.1
86;2021-03-26;3033;349;57790;22751;13.2;5.2
86;2021-03-27;731;141;58521;22892;13.4;5.2
86;2021-03-28;5;129;58526;23021;13.4;5.3
86;2021-03-29;1255;392;59781;23413;13.7;5.4
86;2021-03-30;2387;816;62168;24229;14.2;5.5
86;2021-03-31;1507;619;63675;24848;14.6;5.7
86;2021-04-01;2232;937;65907;25785;15.1;5.9
86;2021-04-02;1897;552;67804;26337;15.5;6.0
86;2021-04-03;827;321;68631;26658;15.7;6.1
86;2021-04-04;82;108;68713;26766;15.7;6.1
86;2021-04-05;312;2;69025;26768;15.8;6.1
86;2021-04-06;1528;957;70553;27725;16.1;6.3
86;2021-04-07;1629;619;72182;28344;16.5;6.5
86;2021-04-08;2565;758;74747;29102;17.1;6.7
86;2021-04-09;3248;637;77995;29739;17.8;6.8
86;2021-04-10;1663;191;79658;29930;18.2;6.8
86;2021-04-11;442;9;80100;29939;18.3;6.8
86;2021-04-12;823;763;80923;30702;18.5;7.0
86;2021-04-13;2452;939;83375;31641;19.1;7.2
86;2021-04-14;1871;870;85246;32511;19.5;7.4
86;2021-04-15;2267;719;87513;33230;20.0;7.6
86;2021-04-16;2463;1225;89976;34455;20.6;7.9
86;2021-04-17;1040;255;91016;34710;20.8;7.9
86;2021-04-18;118;2;91134;34712;20.8;7.9
86;2021-04-19;745;794;91879;35506;21.0;8.1
86;2021-04-20;2300;1496;94179;37002;21.5;8.5
86;2021-04-21;2108;1115;96287;38117;22.0;8.7
86;2021-04-22;2331;1439;98618;39556;22.5;9.0
86;2021-04-23;2392;1568;101010;41124;23.1;9.4
86;2021-04-24;1298;508;102308;41632;23.4;9.5
86;2021-04-25;825;24;103133;41656;23.6;9.5
86;2021-04-26;2078;882;105211;42538;24.1;9.7
86;2021-04-27;3150;1662;108361;44200;24.8;10.1
86;2021-04-28;3002;1519;111363;45719;25.5;10.5
86;2021-04-29;3553;1815;114916;47534;26.3;10.9
86;2021-04-30;2963;1469;117879;49003;27.0;11.2
86;2021-05-01;1580;194;119459;49197;27.3;11.2
86;2021-05-02;1280;40;120739;49237;27.6;11.3
86;2021-05-03;2562;995;123301;50232;28.2;11.5
86;2021-05-04;3505;1889;126806;52121;29.0;11.9
86;2021-05-05;3990;1463;130796;53584;29.9;12.3
86;2021-05-06;4289;1644;135085;55228;30.9;12.6
86;2021-05-07;4040;1814;139125;57042;31.8;13.0
86;2021-05-08;1975;396;141100;57438;32.3;13.1
86;2021-05-09;1642;203;142742;57641;32.6;13.2
86;2021-05-10;1954;1161;144696;58802;33.1;13.4
86;2021-05-11;3602;2674;148298;61476;33.9;14.1
86;2021-05-12;2244;1640;150542;63116;34.4;14.4
86;2021-05-13;1685;296;152227;63412;34.8;14.5
86;2021-05-14;2099;786;154326;64198;35.3;14.7
86;2021-05-15;1467;501;155793;64699;35.6;14.8
86;2021-05-16;778;164;156571;64863;35.8;14.8
86;2021-05-17;3221;1057;159792;65920;36.5;15.1
86;2021-05-18;4300;1651;164092;67571;37.5;15.4
86;2021-05-19;3584;1428;167676;68999;38.3;15.8
86;2021-05-20;4377;1610;172053;70609;39.3;16.1
86;2021-05-21;3440;1760;175493;72369;40.1;16.5
86;2021-05-22;2077;659;177570;73028;40.6;16.7
86;2021-05-23;1438;183;179008;73211;40.9;16.7
86;2021-05-24;1844;199;180852;73410;41.3;16.8
86;2021-05-25;2846;1630;183698;75040;42.0;17.2
86;2021-05-26;2724;1516;186422;76556;42.6;17.5
86;2021-05-27;3544;1839;189966;78395;43.4;17.9
86;2021-05-28;2161;2530;192127;80925;43.9;18.5
86;2021-05-29;1526;1281;193653;82206;44.3;18.8
86;2021-05-30;935;131;194588;82337;44.5;18.8
86;2021-05-31;1920;1815;196508;84152;44.9;19.2
86;2021-06-01;2660;2589;199168;86741;45.5;19.8
86;2021-06-02;2293;2661;201461;89402;46.1;20.4
86;2021-06-03;3327;2402;204788;91804;46.8;21.0
86;2021-06-04;2232;2863;207020;94667;47.3;21.6
86;2021-06-05;1503;1579;208523;96246;47.7;22.0
86;2021-06-06;819;900;209342;97146;47.9;22.2
86;2021-06-07;1114;2464;210456;99610;48.1;22.8
86;2021-06-08;1980;3692;212436;103302;48.6;23.6
86;2021-06-09;1896;3312;214332;106614;49.0;24.4
86;2021-06-10;2339;3233;216671;109847;49.5;25.1
86;2021-06-11;1514;2789;218185;112636;49.9;25.8
86;2021-06-12;746;2248;218931;114884;50.1;26.3
86;2021-06-13;213;1477;219144;116361;50.1;26.6
86;2021-06-14;1152;2903;220296;119264;50.4;27.3
86;2021-06-15;1676;4257;221972;123521;50.7;28.2
86;2021-06-16;1805;3129;223777;126650;51.2;29.0
86;2021-06-17;1768;4442;225545;131092;51.6;30.0
86;2021-06-18;1875;4580;227420;135672;52.0;31.0
86;2021-06-19;631;2093;228051;137765;52.1;31.5
86;2021-06-20;171;1324;228222;139089;52.2;31.8
86;2021-06-21;1098;2238;229320;141327;52.4;32.3
86;2021-06-22;1290;3460;230610;144787;52.7;33.1
86;2021-06-23;1352;2402;231962;147189;53.0;33.7
86;2021-06-24;1577;2724;233539;149913;53.4;34.3
86;2021-06-25;1180;3557;234719;153470;53.7;35.1
86;2021-06-26;384;2657;235103;156127;53.8;35.7
86;2021-06-27;134;1636;235237;157763;53.8;36.1
86;2021-06-28;267;3343;235504;161106;53.8;36.8
86;2021-06-29;856;4608;236360;165714;54.0;37.9
86;2021-06-30;1038;2976;237398;168690;54.3;38.6
86;2021-07-01;1530;3004;238928;171694;54.6;39.3
86;2021-07-02;1103;3652;240031;175346;54.9;40.1
86;2021-07-03;514;2396;240545;177742;55.0;40.6
86;2021-07-04;113;1348;240658;179090;55.0;40.9
86;2021-07-05;464;2836;241122;181926;55.1;41.6
86;2021-07-06;981;4101;242103;186027;55.4;42.5
86;2021-07-07;1248;2630;243351;188657;55.6;43.1
86;2021-07-08;1603;3153;244954;191810;56.0;43.9
86;2021-07-09;1733;3080;246687;194890;56.4;44.6
86;2021-07-10;1294;1953;247981;196843;56.7;45.0
86;2021-07-11;480;840;248461;197683;56.8;45.2
86;2021-07-12;815;2396;249276;200079;57.0;45.7
86;2021-07-13;1767;3369;251043;203448;57.4;46.5
86;2021-07-14;764;1231;251807;204679;57.6;46.8
86;2021-07-15;1869;3287;253676;207966;58.0;47.5
86;2021-07-16;1656;2653;255332;210619;58.4;48.2
86;2021-07-17;1342;1597;256674;212216;58.7;48.5
86;2021-07-18;376;902;257050;213118;58.8;48.7
86;2021-07-19;1367;1882;258417;215000;59.1;49.2
87;2020-12-27;0;0;0;0;0.0;0.0
87;2020-12-28;1;0;1;0;0.0;0.0
87;2020-12-29;0;0;1;0;0.0;0.0
87;2020-12-30;0;0;1;0;0.0;0.0
87;2020-12-31;0;0;1;0;0.0;0.0
87;2021-01-01;0;0;1;0;0.0;0.0
87;2021-01-02;0;0;1;0;0.0;0.0
87;2021-01-03;0;0;1;0;0.0;0.0
87;2021-01-04;1;0;2;0;0.0;0.0
87;2021-01-05;1;0;3;0;0.0;0.0
87;2021-01-06;10;0;13;0;0.0;0.0
87;2021-01-07;300;2;313;2;0.1;0.0
87;2021-01-08;407;0;720;2;0.2;0.0
87;2021-01-09;64;0;784;2;0.2;0.0
87;2021-01-10;35;0;819;2;0.2;0.0
87;2021-01-11;424;0;1243;2;0.3;0.0
87;2021-01-12;650;0;1893;2;0.5;0.0
87;2021-01-13;658;1;2551;3;0.7;0.0
87;2021-01-14;515;11;3066;14;0.8;0.0
87;2021-01-15;532;3;3598;17;1.0;0.0
87;2021-01-16;203;1;3801;18;1.0;0.0
87;2021-01-17;1;0;3802;18;1.0;0.0
87;2021-01-18;645;4;4447;22;1.2;0.0
87;2021-01-19;653;0;5100;22;1.4;0.0
87;2021-01-20;674;0;5774;22;1.6;0.0
87;2021-01-21;715;1;6489;23;1.8;0.0
87;2021-01-22;757;4;7246;27;2.0;0.0
87;2021-01-23;285;0;7531;27;2.0;0.0
87;2021-01-24;0;0;7531;27;2.0;0.0
87;2021-01-25;621;10;8152;37;2.2;0.0
87;2021-01-26;569;53;8721;90;2.4;0.0
87;2021-01-27;572;40;9293;130;2.5;0.0
87;2021-01-28;856;109;10149;239;2.7;0.1
87;2021-01-29;740;271;10889;510;2.9;0.1
87;2021-01-30;327;75;11216;585;3.0;0.2
87;2021-01-31;33;71;11249;656;3.0;0.2
87;2021-02-01;412;309;11661;965;3.1;0.3
87;2021-02-02;451;483;12112;1448;3.3;0.4
87;2021-02-03;542;420;12654;1868;3.4;0.5
87;2021-02-04;613;593;13267;2461;3.6;0.7
87;2021-02-05;342;384;13609;2845;3.7;0.8
87;2021-02-06;48;154;13657;2999;3.7;0.8
87;2021-02-07;20;0;13677;2999;3.7;0.8
87;2021-02-08;246;445;13923;3444;3.8;0.9
87;2021-02-09;218;546;14141;3990;3.8;1.1
87;2021-02-10;260;626;14401;4616;3.9;1.2
87;2021-02-11;285;542;14686;5158;4.0;1.4
87;2021-02-12;284;539;14970;5697;4.0;1.5
87;2021-02-13;25;169;14995;5866;4.0;1.6
87;2021-02-14;0;3;14995;5869;4.0;1.6
87;2021-02-15;236;391;15231;6260;4.1;1.7
87;2021-02-16;328;333;15559;6593;4.2;1.8
87;2021-02-17;330;382;15889;6975;4.3;1.9
87;2021-02-18;475;645;16364;7620;4.4;2.1
87;2021-02-19;400;479;16764;8099;4.5;2.2
87;2021-02-20;122;197;16886;8296;4.6;2.2
87;2021-02-21;2;9;16888;8305;4.6;2.2
87;2021-02-22;437;576;17325;8881;4.7;2.4
87;2021-02-23;553;628;17878;9509;4.8;2.6
87;2021-02-24;449;583;18327;10092;4.9;2.7
87;2021-02-25;788;705;19115;10797;5.2;2.9
87;2021-02-26;838;473;19953;11270;5.4;3.0
87;2021-02-27;404;211;20357;11481;5.5;3.1
87;2021-02-28;3;0;20360;11481;5.5;3.1
87;2021-03-01;514;367;20874;11848;5.6;3.2
87;2021-03-02;1031;384;21905;12232;5.9;3.3
87;2021-03-03;1173;337;23078;12569;6.2;3.4
87;2021-03-04;1406;332;24484;12901;6.6;3.5
87;2021-03-05;1761;284;26245;13185;7.1;3.6
87;2021-03-06;1040;32;27285;13217;7.4;3.6
87;2021-03-07;257;4;27542;13221;7.4;3.6
87;2021-03-08;858;238;28400;13459;7.7;3.6
87;2021-03-09;1289;227;29689;13686;8.0;3.7
87;2021-03-10;1297;225;30986;13911;8.4;3.8
87;2021-03-11;1752;247;32738;14158;8.8;3.8
87;2021-03-12;2116;281;34854;14439;9.4;3.9
87;2021-03-13;1305;14;36159;14453;9.8;3.9
87;2021-03-14;80;0;36239;14453;9.8;3.9
87;2021-03-15;986;357;37225;14810;10.0;4.0
87;2021-03-16;1061;237;38286;15047;10.3;4.1
87;2021-03-17;1070;214;39356;15261;10.6;4.1
87;2021-03-18;1178;328;40534;15589;10.9;4.2
87;2021-03-19;1679;264;42213;15853;11.4;4.3
87;2021-03-20;919;85;43132;15938;11.6;4.3
87;2021-03-21;32;0;43164;15938;11.6;4.3
87;2021-03-22;1041;375;44205;16313;11.9;4.4
87;2021-03-23;1382;418;45587;16731;12.3;4.5
87;2021-03-24;1508;363;47095;17094;12.7;4.6
87;2021-03-25;2490;389;49585;17483;13.4;4.7
87;2021-03-26;2521;448;52106;17931;14.1;4.8
87;2021-03-27;888;125;52994;18056;14.3;4.9
87;2021-03-28;269;16;53263;18072;14.4;4.9
87;2021-03-29;1115;412;54378;18484;14.7;5.0
87;2021-03-30;1906;658;56284;19142;15.2;5.2
87;2021-03-31;1658;691;57942;19833;15.6;5.3
87;2021-04-01;2214;569;60156;20402;16.2;5.5
87;2021-04-02;1834;623;61990;21025;16.7;5.7
87;2021-04-03;454;262;62444;21287;16.8;5.7
87;2021-04-04;1;0;62445;21287;16.8;5.7
87;2021-04-05;80;0;62525;21287;16.9;5.7
87;2021-04-06;992;897;63517;22184;17.1;6.0
87;2021-04-07;1481;918;64998;23102;17.5;6.2
87;2021-04-08;1780;1030;66778;24132;18.0;6.5
87;2021-04-09;2640;730;69418;24862;18.7;6.7
87;2021-04-10;1190;306;70608;25168;19.0;6.8
87;2021-04-11;67;0;70675;25168;19.1;6.8
87;2021-04-12;1622;822;72297;25990;19.5;7.0
87;2021-04-13;2281;1050;74578;27040;20.1;7.3
87;2021-04-14;2525;1177;77103;28217;20.8;7.6
87;2021-04-15;2204;1063;79307;29280;21.4;7.9
87;2021-04-16;2726;1061;82033;30341;22.1;8.2
87;2021-04-17;730;384;82763;30725;22.3;8.3
87;2021-04-18;111;140;82874;30865;22.4;8.3
87;2021-04-19;1656;824;84530;31689;22.8;8.5
87;2021-04-20;2084;872;86614;32561;23.4;8.8
87;2021-04-21;2290;983;88904;33544;24.0;9.0
87;2021-04-22;2555;1148;91459;34692;24.7;9.4
87;2021-04-23;1994;1172;93453;35864;25.2;9.7
87;2021-04-24;824;616;94277;36480;25.4;9.8
87;2021-04-25;64;103;94341;36583;25.4;9.9
87;2021-04-26;1352;913;95693;37496;25.8;10.1
87;2021-04-27;2395;1197;98088;38693;26.5;10.4
87;2021-04-28;3865;1433;101953;40126;27.5;10.8
87;2021-04-29;3066;1832;105019;41958;28.3;11.3
87;2021-04-30;3170;1347;108189;43305;29.2;11.7
87;2021-05-01;612;55;108801;43360;29.3;11.7
87;2021-05-02;358;3;109159;43363;29.4;11.7
87;2021-05-03;2298;933;111457;44296;30.1;11.9
87;2021-05-04;2906;1066;114363;45362;30.8;12.2
87;2021-05-05;2989;1502;117352;46864;31.7;12.6
87;2021-05-06;2521;1721;119873;48585;32.3;13.1
87;2021-05-07;2943;1710;122816;50295;33.1;13.6
87;2021-05-08;770;292;123586;50587;33.3;13.6
87;2021-05-09;19;133;123605;50720;33.3;13.7
87;2021-05-10;1926;1600;125531;52320;33.9;14.1
87;2021-05-11;2467;1900;127998;54220;34.5;14.6
87;2021-05-12;2602;2057;130600;56277;35.2;15.2
87;2021-05-13;1083;291;131683;56568;35.5;15.3
87;2021-05-14;2245;1769;133928;58337;36.1;15.7
87;2021-05-15;949;404;134877;58741;36.4;15.8
87;2021-05-16;139;73;135016;58814;36.4;15.9
87;2021-05-17;1626;1759;136642;60573;36.9;16.3
87;2021-05-18;2627;1805;139269;62378;37.6;16.8
87;2021-05-19;2812;1542;142081;63920;38.3;17.2
87;2021-05-20;3288;1716;145369;65636;39.2;17.7
87;2021-05-21;2760;1826;148129;67462;40.0;18.2
87;2021-05-22;1457;619;149586;68081;40.3;18.4
87;2021-05-23;210;92;149796;68173;40.4;18.4
87;2021-05-24;1056;139;150852;68312;40.7;18.4
87;2021-05-25;2118;1815;152970;70127;41.3;18.9
87;2021-05-26;3220;2465;156190;72592;42.1;19.6
87;2021-05-27;3001;2352;159191;74944;42.9;20.2
87;2021-05-28;2669;2518;161860;77462;43.7;20.9
87;2021-05-29;1062;1313;162922;78775;43.9;21.2
87;2021-05-30;257;58;163179;78833;44.0;21.3
87;2021-05-31;2288;1357;165467;80190;44.6;21.6
87;2021-06-01;2545;1861;168012;82051;45.3;22.1
87;2021-06-02;2516;1849;170528;83900;46.0;22.6
87;2021-06-03;3203;2525;173731;86425;46.9;23.3
87;2021-06-04;2838;2050;176569;88475;47.6;23.9
87;2021-06-05;1309;574;177878;89049;48.0;24.0
87;2021-06-06;262;95;178140;89144;48.0;24.0
87;2021-06-07;2100;1900;180240;91044;48.6;24.6
87;2021-06-08;2927;2567;183167;93611;49.4;25.2
87;2021-06-09;2300;2812;185467;96423;50.0;26.0
87;2021-06-10;2945;2553;188412;98976;50.8;26.7
87;2021-06-11;2354;3070;190766;102046;51.5;27.5
87;2021-06-12;1222;1102;191988;103148;51.8;27.8
87;2021-06-13;290;484;192278;103632;51.9;28.0
87;2021-06-14;974;2731;193252;106363;52.1;28.7
87;2021-06-15;1357;3321;194609;109684;52.5;29.6
87;2021-06-16;1639;3423;196248;113107;52.9;30.5
87;2021-06-17;2425;2315;198673;115422;53.6;31.1
87;2021-06-18;1777;3015;200450;118437;54.1;31.9
87;2021-06-19;1041;1173;201491;119610;54.3;32.3
87;2021-06-20;204;204;201695;119814;54.4;32.3
87;2021-06-21;1031;2644;202726;122458;54.7;33.0
87;2021-06-22;1025;2886;203751;125344;55.0;33.8
87;2021-06-23;1245;3085;204996;128429;55.3;34.6
87;2021-06-24;1614;2549;206610;130978;55.7;35.3
87;2021-06-25;1436;2718;208046;133696;56.1;36.1
87;2021-06-26;528;1201;208574;134897;56.3;36.4
87;2021-06-27;25;212;208599;135109;56.3;36.4
87;2021-06-28;712;2573;209311;137682;56.5;37.1
87;2021-06-29;1146;3412;210457;141094;56.8;38.1
87;2021-06-30;1110;2651;211567;143745;57.1;38.8
87;2021-07-01;1341;2556;212908;146301;57.4;39.5
87;2021-07-02;1192;3458;214100;149759;57.7;40.4
87;2021-07-03;407;1506;214507;151265;57.9;40.8
87;2021-07-04;22;383;214529;151648;57.9;40.9
87;2021-07-05;683;2394;215212;154042;58.0;41.5
87;2021-07-06;578;3231;215790;157273;58.2;42.4
87;2021-07-07;861;3350;216651;160623;58.4;43.3
87;2021-07-08;1116;3664;217767;164287;58.7;44.3
87;2021-07-09;1102;3703;218869;167990;59.0;45.3
87;2021-07-10;282;1358;219151;169348;59.1;45.7
87;2021-07-11;49;284;219200;169632;59.1;45.8
87;2021-07-12;543;3184;219743;172816;59.3;46.6
87;2021-07-13;823;3519;220566;176335;59.5;47.6
87;2021-07-14;513;539;221079;176874;59.6;47.7
87;2021-07-15;1344;3460;222423;180334;60.0;48.6
87;2021-07-16;1717;3594;224140;183928;60.5;49.6
87;2021-07-17;647;1364;224787;185292;60.6;50.0
87;2021-07-18;81;283;224868;185575;60.6;50.1
87;2021-07-19;1422;3401;226290;188976;61.0;51.0
88;2020-12-27;0;0;0;0;0.0;0.0
88;2020-12-28;0;0;0;0;0.0;0.0
88;2020-12-29;0;0;0;0;0.0;0.0
88;2020-12-30;0;0;0;0;0.0;0.0
88;2020-12-31;0;0;0;0;0.0;0.0
88;2021-01-01;2;0;2;0;0.0;0.0
88;2021-01-02;0;0;2;0;0.0;0.0
88;2021-01-03;0;0;2;0;0.0;0.0
88;2021-01-04;0;0;2;0;0.0;0.0
88;2021-01-05;1;0;3;0;0.0;0.0
88;2021-01-06;1;0;4;0;0.0;0.0
88;2021-01-07;70;1;74;1;0.0;0.0
88;2021-01-08;189;2;263;3;0.1;0.0
88;2021-01-09;190;0;453;3;0.1;0.0
88;2021-01-10;0;0;453;3;0.1;0.0
88;2021-01-11;226;0;679;3;0.2;0.0
88;2021-01-12;422;1;1101;4;0.3;0.0
88;2021-01-13;490;1;1591;5;0.4;0.0
88;2021-01-14;343;2;1934;7;0.5;0.0
88;2021-01-15;379;2;2313;9;0.6;0.0
88;2021-01-16;62;0;2375;9;0.7;0.0
88;2021-01-17;0;0;2375;9;0.7;0.0
88;2021-01-18;460;0;2835;9;0.8;0.0
88;2021-01-19;447;0;3282;9;0.9;0.0
88;2021-01-20;461;0;3743;9;1.0;0.0
88;2021-01-21;1538;0;5281;9;1.5;0.0
88;2021-01-22;1158;1;6439;10;1.8;0.0
88;2021-01-23;283;0;6722;10;1.9;0.0
88;2021-01-24;298;2;7020;12;2.0;0.0
88;2021-01-25;938;3;7958;15;2.2;0.0
88;2021-01-26;388;6;8346;21;2.3;0.0
88;2021-01-27;3;0;8349;21;2.3;0.0
88;2021-01-28;162;37;8511;58;2.4;0.0
88;2021-01-29;526;163;9037;221;2.5;0.1
88;2021-01-30;288;127;9325;348;2.6;0.1
88;2021-01-31;0;0;9325;348;2.6;0.1
88;2021-02-01;405;284;9730;632;2.7;0.2
88;2021-02-02;333;364;10063;996;2.8;0.3
88;2021-02-03;437;240;10500;1236;2.9;0.3
88;2021-02-04;316;230;10816;1466;3.0;0.4
88;2021-02-05;458;251;11274;1717;3.1;0.5
88;2021-02-06;108;56;11382;1773;3.2;0.5
88;2021-02-07;0;0;11382;1773;3.2;0.5
88;2021-02-08;359;206;11741;1979;3.3;0.6
88;2021-02-09;293;287;12034;2266;3.3;0.6
88;2021-02-10;414;346;12448;2612;3.5;0.7
88;2021-02-11;848;1091;13296;3703;3.7;1.0
88;2021-02-12;942;702;14238;4405;4.0;1.2
88;2021-02-13;162;211;14400;4616;4.0;1.3
88;2021-02-14;81;216;14481;4832;4.0;1.3
88;2021-02-15;641;1071;15122;5903;4.2;1.6
88;2021-02-16;472;725;15594;6628;4.3;1.8
88;2021-02-17;455;439;16049;7067;4.5;2.0
88;2021-02-18;515;385;16564;7452;4.6;2.1
88;2021-02-19;535;458;17099;7910;4.8;2.2
88;2021-02-20;156;102;17255;8012;4.8;2.2
88;2021-02-21;1;25;17256;8037;4.8;2.2
88;2021-02-22;425;343;17681;8380;4.9;2.3
88;2021-02-23;403;234;18084;8614;5.0;2.4
88;2021-02-24;506;209;18590;8823;5.2;2.5
88;2021-02-25;675;279;19265;9102;5.4;2.5
88;2021-02-26;860;273;20125;9375;5.6;2.6
88;2021-02-27;264;32;20389;9407;5.7;2.6
88;2021-02-28;30;1;20419;9408;5.7;2.6
88;2021-03-01;359;466;20778;9874;5.8;2.7
88;2021-03-02;432;494;21210;10368;5.9;2.9
88;2021-03-03;648;457;21858;10825;6.1;3.0
88;2021-03-04;1026;740;22884;11565;6.4;3.2
88;2021-03-05;935;684;23819;12249;6.6;3.4
88;2021-03-06;1869;111;25688;12360;7.1;3.4
88;2021-03-07;1057;72;26745;12432;7.4;3.5
88;2021-03-08;724;686;27469;13118;7.6;3.6
88;2021-03-09;1095;529;28564;13647;7.9;3.8
88;2021-03-10;1072;489;29636;14136;8.2;3.9
88;2021-03-11;1435;388;31071;14524;8.6;4.0
88;2021-03-12;1309;483;32380;15007;9.0;4.2
88;2021-03-13;1207;117;33587;15124;9.3;4.2
88;2021-03-14;166;5;33753;15129;9.4;4.2
88;2021-03-15;930;441;34683;15570;9.6;4.3
88;2021-03-16;1023;340;35706;15910;9.9;4.4
88;2021-03-17;901;420;36607;16330;10.2;4.5
88;2021-03-18;1301;389;37908;16719;10.5;4.7
88;2021-03-19;1461;497;39369;17216;11.0;4.8
88;2021-03-20;1313;43;40682;17259;11.3;4.8
88;2021-03-21;34;0;40716;17259;11.3;4.8
88;2021-03-22;1230;537;41946;17796;11.7;4.9
88;2021-03-23;1781;431;43727;18227;12.2;5.1
88;2021-03-24;1870;466;45597;18693;12.7;5.2
88;2021-03-25;2496;476;48093;19169;13.4;5.3
88;2021-03-26;2469;446;50562;19615;14.1;5.5
88;2021-03-27;880;291;51442;19906;14.3;5.5
88;2021-03-28;59;4;51501;19910;14.3;5.5
88;2021-03-29;1304;436;52805;20346;14.7;5.7
88;2021-03-30;2061;385;54866;20731;15.3;5.8
88;2021-03-31;1616;563;56482;21294;15.7;5.9
88;2021-04-01;2114;699;58596;21993;16.3;6.1
88;2021-04-02;2811;614;61407;22607;17.1;6.3
88;2021-04-03;741;205;62148;22812;17.3;6.3
88;2021-04-04;16;0;62164;22812;17.3;6.3
88;2021-04-05;23;2;62187;22814;17.3;6.3
88;2021-04-06;1133;676;63320;23490;17.6;6.5
88;2021-04-07;1596;697;64916;24187;18.1;6.7
88;2021-04-08;1859;775;66775;24962;18.6;6.9
88;2021-04-09;3077;715;69852;25677;19.4;7.1
88;2021-04-10;725;643;70577;26320;19.6;7.3
88;2021-04-11;32;1;70609;26321;19.6;7.3
88;2021-04-12;1537;974;72146;27295;20.1;7.6
88;2021-04-13;2036;1080;74182;28375;20.6;7.9
88;2021-04-14;1908;951;76090;29326;21.2;8.2
88;2021-04-15;1967;1238;78057;30564;21.7;8.5
88;2021-04-16;2108;1039;80165;31603;22.3;8.8
88;2021-04-17;1426;765;81591;32368;22.7;9.0
88;2021-04-18;268;22;81859;32390;22.8;9.0
88;2021-04-19;1174;1236;83033;33626;23.1;9.4
88;2021-04-20;1191;1391;84224;35017;23.4;9.7
88;2021-04-21;1504;1298;85728;36315;23.8;10.1
88;2021-04-22;1898;1624;87626;37939;24.4;10.6
88;2021-04-23;1821;2035;89447;39974;24.9;11.1
88;2021-04-24;1184;775;90631;40749;25.2;11.3
88;2021-04-25;33;2;90664;40751;25.2;11.3
88;2021-04-26;1181;1170;91845;41921;25.5;11.7
88;2021-04-27;1277;1733;93122;43654;25.9;12.1
88;2021-04-28;1621;1490;94743;45144;26.4;12.6
88;2021-04-29;2082;1453;96825;46597;26.9;13.0
88;2021-04-30;2448;1611;99273;48208;27.6;13.4
88;2021-05-01;2002;257;101275;48465;28.2;13.5
88;2021-05-02;1300;117;102575;48582;28.5;13.5
88;2021-05-03;1559;1215;104134;49797;29.0;13.9
88;2021-05-04;1445;1460;105579;51257;29.4;14.3
88;2021-05-05;2425;1587;108004;52844;30.0;14.7
88;2021-05-06;3207;1207;111211;54051;30.9;15.0
88;2021-05-07;2937;1342;114148;55393;31.8;15.4
88;2021-05-08;1529;454;115677;55847;32.2;15.5
88;2021-05-09;1732;147;117409;55994;32.7;15.6
88;2021-05-10;1765;1566;119174;57560;33.1;16.0
88;2021-05-11;2658;1904;121832;59464;33.9;16.5
88;2021-05-12;2530;1846;124362;61310;34.6;17.1
88;2021-05-13;3258;668;127620;61978;35.5;17.2
88;2021-05-14;2498;1531;130118;63509;36.2;17.7
88;2021-05-15;1624;729;131742;64238;36.6;17.9
88;2021-05-16;1334;96;133076;64334;37.0;17.9
88;2021-05-17;1986;935;135062;65269;37.6;18.2
88;2021-05-18;2256;1102;137318;66371;38.2;18.5
88;2021-05-19;2722;1134;140040;67505;39.0;18.8
88;2021-05-20;3344;1229;143384;68734;39.9;19.1
88;2021-05-21;2870;1130;146254;69864;40.7;19.4
88;2021-05-22;1430;702;147684;70566;41.1;19.6
88;2021-05-23;557;72;148241;70638;41.2;19.6
88;2021-05-24;1673;421;149914;71059;41.7;19.8
88;2021-05-25;1644;1171;151558;72230;42.2;20.1
88;2021-05-26;2368;1128;153926;73358;42.8;20.4
88;2021-05-27;2200;1355;156126;74713;43.4;20.8
88;2021-05-28;1890;1978;158016;76691;44.0;21.3
88;2021-05-29;1233;1751;159249;78442;44.3;21.8
88;2021-05-30;588;412;159837;78854;44.5;21.9
88;2021-05-31;1325;1849;161162;80703;44.8;22.4
88;2021-06-01;1719;1988;162881;82691;45.3;23.0
88;2021-06-02;2072;1861;164953;84552;45.9;23.5
88;2021-06-03;2737;1611;167690;86163;46.6;24.0
88;2021-06-04;2038;1932;169728;88095;47.2;24.5
88;2021-06-05;1528;1138;171256;89233;47.6;24.8
88;2021-06-06;690;154;171946;89387;47.8;24.9
88;2021-06-07;1289;1699;173235;91086;48.2;25.3
88;2021-06-08;1652;1928;174887;93014;48.6;25.9
88;2021-06-09;1616;1900;176503;94914;49.1;26.4
88;2021-06-10;1772;2040;178275;96954;49.6;27.0
88;2021-06-11;1543;2210;179818;99164;50.0;27.6
88;2021-06-12;663;1651;180481;100815;50.2;28.0
88;2021-06-13;460;377;180941;101192;50.3;28.1
88;2021-06-14;1023;2241;181964;103433;50.6;28.8
88;2021-06-15;1914;2447;183878;105880;51.1;29.5
88;2021-06-16;1480;2872;185358;108752;51.6;30.2
88;2021-06-17;1593;2728;186951;111480;52.0;31.0
88;2021-06-18;1351;2452;188302;113932;52.4;31.7
88;2021-06-19;697;1088;188999;115020;52.6;32.0
88;2021-06-20;77;79;189076;115099;52.6;32.0
88;2021-06-21;649;2583;189725;117682;52.8;32.7
88;2021-06-22;860;3444;190585;121126;53.0;33.7
88;2021-06-23;1137;2884;191722;124010;53.3;34.5
88;2021-06-24;701;2612;192423;126622;53.5;35.2
88;2021-06-25;1394;3184;193817;129806;53.9;36.1
88;2021-06-26;902;2076;194719;131882;54.2;36.7
88;2021-06-27;542;635;195261;132517;54.3;36.9
88;2021-06-28;703;2503;195964;135020;54.5;37.6
88;2021-06-29;839;3360;196803;138380;54.7;38.5
88;2021-06-30;1077;3109;197880;141489;55.0;39.4
88;2021-07-01;1044;2688;198924;144177;55.3;40.1
88;2021-07-02;983;3143;199907;147320;55.6;41.0
88;2021-07-03;683;1695;200590;149015;55.8;41.4
88;2021-07-04;257;817;200847;149832;55.9;41.7
88;2021-07-05;989;2026;201836;151858;56.1;42.2
88;2021-07-06;1017;2412;202853;154270;56.4;42.9
88;2021-07-07;1177;2582;204030;156852;56.8;43.6
88;2021-07-08;1067;2077;205097;158929;57.0;44.2
88;2021-07-09;1577;2699;206674;161628;57.5;45.0
88;2021-07-10;701;1808;207375;163436;57.7;45.5
88;2021-07-11;451;694;207826;164130;57.8;45.7
88;2021-07-12;1041;2510;208867;166640;58.1;46.4
88;2021-07-13;1308;2649;210175;169289;58.5;47.1
88;2021-07-14;1000;772;211175;170061;58.7;47.3
88;2021-07-15;1682;3305;212857;173366;59.2;48.2
88;2021-07-16;1346;2942;214203;176308;59.6;49.0
88;2021-07-17;737;1578;214940;177886;59.8;49.5
88;2021-07-18;167;676;215107;178562;59.8;49.7
88;2021-07-19;1399;2182;216506;180744;60.2;50.3
89;2020-12-27;0;0;0;0;0.0;0.0
89;2020-12-28;0;0;0;0;0.0;0.0
89;2020-12-29;0;0;0;0;0.0;0.0
89;2020-12-30;0;0;0;0;0.0;0.0
89;2020-12-31;0;0;0;0;0.0;0.0
89;2021-01-01;0;0;0;0;0.0;0.0
89;2021-01-02;0;0;0;0;0.0;0.0
89;2021-01-03;0;0;0;0;0.0;0.0
89;2021-01-04;0;0;0;0;0.0;0.0
89;2021-01-05;0;0;0;0;0.0;0.0
89;2021-01-06;48;0;48;0;0.0;0.0
89;2021-01-07;201;0;249;0;0.1;0.0
89;2021-01-08;48;0;297;0;0.1;0.0
89;2021-01-09;1;0;298;0;0.1;0.0
89;2021-01-10;0;0;298;0;0.1;0.0
89;2021-01-11;220;0;518;0;0.2;0.0
89;2021-01-12;348;0;866;0;0.3;0.0
89;2021-01-13;533;1;1399;1;0.4;0.0
89;2021-01-14;707;7;2106;8;0.6;0.0
89;2021-01-15;275;2;2381;10;0.7;0.0
89;2021-01-16;90;3;2471;13;0.7;0.0
89;2021-01-17;0;0;2471;13;0.7;0.0
89;2021-01-18;503;0;2974;13;0.9;0.0
89;2021-01-19;837;3;3811;16;1.1;0.0
89;2021-01-20;758;1;4569;17;1.4;0.0
89;2021-01-21;939;4;5508;21;1.7;0.0
89;2021-01-22;1013;0;6521;21;2.0;0.0
89;2021-01-23;200;0;6721;21;2.0;0.0
89;2021-01-24;102;0;6823;21;2.1;0.0
89;2021-01-25;482;4;7305;25;2.2;0.0
89;2021-01-26;580;12;7885;37;2.4;0.0
89;2021-01-27;472;38;8357;75;2.5;0.0
89;2021-01-28;547;126;8904;201;2.7;0.1
89;2021-01-29;957;42;9861;243;3.0;0.1
89;2021-01-30;182;67;10043;310;3.0;0.1
89;2021-01-31;24;2;10067;312;3.0;0.1
89;2021-02-01;255;153;10322;465;3.1;0.1
89;2021-02-02;282;339;10604;804;3.2;0.2
89;2021-02-03;290;346;10894;1150;3.3;0.3
89;2021-02-04;433;596;11327;1746;3.4;0.5
89;2021-02-05;387;201;11714;1947;3.5;0.6
89;2021-02-06;75;67;11789;2014;3.5;0.6
89;2021-02-07;0;0;11789;2014;3.5;0.6
89;2021-02-08;288;190;12077;2204;3.6;0.7
89;2021-02-09;285;443;12362;2647;3.7;0.8
89;2021-02-10;394;312;12756;2959;3.8;0.9
89;2021-02-11;331;563;13087;3522;3.9;1.1
89;2021-02-12;426;597;13513;4119;4.1;1.2
89;2021-02-13;52;143;13565;4262;4.1;1.3
89;2021-02-14;20;116;13585;4378;4.1;1.3
89;2021-02-15;216;415;13801;4793;4.2;1.4
89;2021-02-16;134;537;13935;5330;4.2;1.6
89;2021-02-17;262;437;14197;5767;4.3;1.7
89;2021-02-18;225;559;14422;6326;4.3;1.9
89;2021-02-19;243;657;14665;6983;4.4;2.1
89;2021-02-20;33;140;14698;7123;4.4;2.1
89;2021-02-21;0;10;14698;7133;4.4;2.1
89;2021-02-22;228;451;14926;7584;4.5;2.3
89;2021-02-23;171;471;15097;8055;4.5;2.4
89;2021-02-24;339;389;15436;8444;4.6;2.5
89;2021-02-25;369;465;15805;8909;4.8;2.7
89;2021-02-26;383;336;16188;9245;4.9;2.8
89;2021-02-27;137;79;16325;9324;4.9;2.8
89;2021-02-28;6;13;16331;9337;4.9;2.8
89;2021-03-01;541;237;16872;9574;5.1;2.9
89;2021-03-02;751;339;17623;9913;5.3;3.0
89;2021-03-03;648;273;18271;10186;5.5;3.1
89;2021-03-04;632;376;18903;10562;5.7;3.2
89;2021-03-05;728;501;19631;11063;5.9;3.3
89;2021-03-06;543;125;20174;11188;6.1;3.4
89;2021-03-07;286;38;20460;11226;6.2;3.4
89;2021-03-08;555;322;21015;11548;6.3;3.5
89;2021-03-09;995;269;22010;11817;6.6;3.6
89;2021-03-10;970;247;22980;12064;6.9;3.6
89;2021-03-11;1073;298;24053;12362;7.2;3.7
89;2021-03-12;1280;328;25333;12690;7.6;3.8
89;2021-03-13;633;39;25966;12729;7.8;3.8
89;2021-03-14;1;0;25967;12729;7.8;3.8
89;2021-03-15;809;301;26776;13030;8.1;3.9
89;2021-03-16;945;215;27721;13245;8.3;4.0
89;2021-03-17;917;264;28638;13509;8.6;4.1
89;2021-03-18;881;249;29519;13758;8.9;4.1
89;2021-03-19;1146;188;30665;13946;9.2;4.2
89;2021-03-20;843;22;31508;13968;9.5;4.2
89;2021-03-21;171;4;31679;13972;9.5;4.2
89;2021-03-22;1041;221;32720;14193;9.9;4.3
89;2021-03-23;1738;244;34458;14437;10.4;4.3
89;2021-03-24;1955;316;36413;14753;11.0;4.4
89;2021-03-25;1816;160;38229;14913;11.5;4.5
89;2021-03-26;2623;176;40852;15089;12.3;4.5
89;2021-03-27;1772;38;42624;15127;12.8;4.6
89;2021-03-28;31;2;42655;15129;12.8;4.6
89;2021-03-29;963;579;43618;15708;13.1;4.7
89;2021-03-30;1150;562;44768;16270;13.5;4.9
89;2021-03-31;2004;461;46772;16731;14.1;5.0
89;2021-04-01;2117;445;48889;17176;14.7;5.2
89;2021-04-02;2139;439;51028;17615;15.4;5.3
89;2021-04-03;1000;238;52028;17853;15.7;5.4
89;2021-04-04;16;1;52044;17854;15.7;5.4
89;2021-04-05;92;1;52136;17855;15.7;5.4
89;2021-04-06;1031;754;53167;18609;16.0;5.6
89;2021-04-07;1035;795;54202;19404;16.3;5.8
89;2021-04-08;1730;716;55932;20120;16.8;6.1
89;2021-04-09;2163;725;58095;20845;17.5;6.3
89;2021-04-10;889;176;58984;21021;17.8;6.3
89;2021-04-11;37;50;59021;21071;17.8;6.3
89;2021-04-12;1015;785;60036;21856;18.1;6.6
89;2021-04-13;1359;1076;61395;22932;18.5;6.9
89;2021-04-14;1208;1030;62603;23962;18.9;7.2
89;2021-04-15;1411;939;64014;24901;19.3;7.5
89;2021-04-16;1330;932;65344;25833;19.7;7.8
89;2021-04-17;1064;452;66408;26285;20.0;7.9
89;2021-04-18;27;154;66435;26439;20.0;8.0
89;2021-04-19;750;1022;67185;27461;20.2;8.3
89;2021-04-20;1017;1529;68202;28990;20.5;8.7
89;2021-04-21;813;1098;69015;30088;20.8;9.1
89;2021-04-22;1099;1160;70114;31248;21.1;9.4
89;2021-04-23;1819;1959;71933;33207;21.7;10.0
89;2021-04-24;1168;1173;73101;34380;22.0;10.4
89;2021-04-25;139;6;73240;34386;22.1;10.4
89;2021-04-26;1497;758;74737;35144;22.5;10.6
89;2021-04-27;1729;1051;76466;36195;23.0;10.9
89;2021-04-28;1584;1847;78050;38042;23.5;11.5
89;2021-04-29;1970;1910;80020;39952;24.1;12.0
89;2021-04-30;1804;1755;81824;41707;24.6;12.6
89;2021-05-01;846;722;82670;42429;24.9;12.8
89;2021-05-02;133;31;82803;42460;24.9;12.8
89;2021-05-03;1603;758;84406;43218;25.4;13.0
89;2021-05-04;1621;1125;86027;44343;25.9;13.4
89;2021-05-05;2316;1255;88343;45598;26.6;13.7
89;2021-05-06;2414;1372;90757;46970;27.3;14.1
89;2021-05-07;2723;1311;93480;48281;28.1;14.5
89;2021-05-08;1784;529;95264;48810;28.7;14.7
89;2021-05-09;196;18;95460;48828;28.7;14.7
89;2021-05-10;1195;939;96655;49767;29.1;15.0
89;2021-05-11;2484;1438;99139;51205;29.9;15.4
89;2021-05-12;2061;1209;101200;52414;30.5;15.8
89;2021-05-13;414;333;101614;52747;30.6;15.9
89;2021-05-14;1878;1086;103492;53833;31.2;16.2
89;2021-05-15;2245;391;105737;54224;31.8;16.3
89;2021-05-16;9;34;105746;54258;31.8;16.3
89;2021-05-17;2090;635;107836;54893;32.5;16.5
89;2021-05-18;2322;821;110158;55714;33.2;16.8
89;2021-05-19;2860;873;113018;56587;34.0;17.0
89;2021-05-20;2928;879;115946;57466;34.9;17.3
89;2021-05-21;2480;872;118426;58338;35.7;17.6
89;2021-05-22;1425;570;119851;58908;36.1;17.7
89;2021-05-23;108;10;119959;58918;36.1;17.7
89;2021-05-24;285;224;120244;59142;36.2;17.8
89;2021-05-25;1555;983;121799;60125;36.7;18.1
89;2021-05-26;1811;1015;123610;61140;37.2;18.4
89;2021-05-27;2109;1342;125719;62482;37.9;18.8
89;2021-05-28;2142;1420;127861;63902;38.5;19.2
89;2021-05-29;539;656;128400;64558;38.7;19.4
89;2021-05-30;25;22;128425;64580;38.7;19.4
89;2021-05-31;1244;968;129669;65548;39.0;19.7
89;2021-06-01;1502;975;131171;66523;39.5;20.0
89;2021-06-02;1942;1271;133113;67794;40.1;20.4
89;2021-06-03;2424;1521;135537;69315;40.8;20.9
89;2021-06-04;2138;1879;137675;71194;41.5;21.4
89;2021-06-05;1182;1223;138857;72417;41.8;21.8
89;2021-06-06;22;37;138879;72454;41.8;21.8
89;2021-06-07;2112;1443;140991;73897;42.5;22.3
89;2021-06-08;2190;1450;143181;75347;43.1;22.7
89;2021-06-09;2318;1504;145499;76851;43.8;23.1
89;2021-06-10;2754;1594;148253;78445;44.6;23.6
89;2021-06-11;1939;1745;150192;80190;45.2;24.1
89;2021-06-12;1098;756;151290;80946;45.6;24.4
89;2021-06-13;155;426;151445;81372;45.6;24.5
89;2021-06-14;1307;1821;152752;83193;46.0;25.1
89;2021-06-15;1395;2014;154147;85207;46.4;25.7
89;2021-06-16;1115;2579;155262;87786;46.8;26.4
89;2021-06-17;1426;2338;156688;90124;47.2;27.1
89;2021-06-18;1622;2865;158310;92989;47.7;28.0
89;2021-06-19;682;1663;158992;94652;47.9;28.5
89;2021-06-20;52;127;159044;94779;47.9;28.5
89;2021-06-21;760;1528;159804;96307;48.1;29.0
89;2021-06-22;1046;2679;160850;98986;48.4;29.8
89;2021-06-23;1149;1801;161999;100787;48.8;30.3
89;2021-06-24;1078;1497;163077;102284;49.1;30.8
89;2021-06-25;996;2430;164073;104714;49.4;31.5
89;2021-06-26;554;2488;164627;107202;49.6;32.3
89;2021-06-27;12;28;164639;107230;49.6;32.3
89;2021-06-28;997;2493;165636;109723;49.9;33.0
89;2021-06-29;672;2406;166308;112129;50.1;33.8
89;2021-06-30;1065;3176;167373;115305;50.4;34.7
89;2021-07-01;1018;2988;168391;118293;50.7;35.6
89;2021-07-02;1100;2753;169491;121046;51.0;36.4
89;2021-07-03;553;1572;170044;122618;51.2;36.9
89;2021-07-04;11;36;170055;122654;51.2;36.9
89;2021-07-05;1290;1836;171345;124490;51.6;37.5
89;2021-07-06;1048;2308;172393;126798;51.9;38.2
89;2021-07-07;661;1789;173054;128587;52.1;38.7
89;2021-07-08;787;1878;173841;130465;52.3;39.3
89;2021-07-09;1128;2602;174969;133067;52.7;40.1
89;2021-07-10;714;815;175683;133882;52.9;40.3
89;2021-07-11;25;39;175708;133921;52.9;40.3
89;2021-07-12;1420;1900;177128;135821;53.3;40.9
89;2021-07-13;2122;2735;179250;138556;54.0;41.7
89;2021-07-14;312;324;179562;138880;54.1;41.8
89;2021-07-15;2225;3219;181787;142099;54.7;42.8
89;2021-07-16;2364;2845;184151;144944;55.5;43.6
89;2021-07-17;1206;1215;185357;146159;55.8;44.0
89;2021-07-18;276;92;185633;146251;55.9;44.0
89;2021-07-19;1536;2798;187169;149049;56.4;44.9
90;2020-12-27;0;0;0;0;0.0;0.0
90;2020-12-28;0;0;0;0;0.0;0.0
90;2020-12-29;0;0;0;0;0.0;0.0
90;2020-12-30;0;0;0;0;0.0;0.0
90;2020-12-31;0;0;0;0;0.0;0.0
90;2021-01-01;0;0;0;0;0.0;0.0
90;2021-01-02;0;0;0;0;0.0;0.0
90;2021-01-03;0;0;0;0;0.0;0.0
90;2021-01-04;2;0;2;0;0.0;0.0
90;2021-01-05;0;0;2;0;0.0;0.0
90;2021-01-06;0;0;2;0;0.0;0.0
90;2021-01-07;1;0;3;0;0.0;0.0
90;2021-01-08;170;0;173;0;0.1;0.0
90;2021-01-09;46;0;219;0;0.2;0.0
90;2021-01-10;0;0;219;0;0.2;0.0
90;2021-01-11;200;0;419;0;0.3;0.0
90;2021-01-12;430;0;849;0;0.6;0.0
90;2021-01-13;469;2;1318;2;0.9;0.0
90;2021-01-14;414;1;1732;3;1.2;0.0
90;2021-01-15;405;9;2137;12;1.5;0.0
90;2021-01-16;111;2;2248;14;1.6;0.0
90;2021-01-17;1;0;2249;14;1.6;0.0
90;2021-01-18;363;1;2612;15;1.9;0.0
90;2021-01-19;460;4;3072;19;2.2;0.0
90;2021-01-20;390;2;3462;21;2.5;0.0
90;2021-01-21;349;1;3811;22;2.7;0.0
90;2021-01-22;346;2;4157;24;3.0;0.0
90;2021-01-23;98;0;4255;24;3.0;0.0
90;2021-01-24;0;0;4255;24;3.0;0.0
90;2021-01-25;322;3;4577;27;3.3;0.0
90;2021-01-26;224;0;4801;27;3.4;0.0
90;2021-01-27;254;0;5055;27;3.6;0.0
90;2021-01-28;327;33;5382;60;3.8;0.0
90;2021-01-29;291;162;5673;222;4.0;0.2
90;2021-01-30;176;45;5849;267;4.2;0.2
90;2021-01-31;118;0;5967;267;4.3;0.2
90;2021-02-01;273;111;6240;378;4.5;0.3
90;2021-02-02;290;163;6530;541;4.7;0.4
90;2021-02-03;255;369;6785;910;4.8;0.6
90;2021-02-04;256;303;7041;1213;5.0;0.9
90;2021-02-05;266;271;7307;1484;5.2;1.1
90;2021-02-06;89;68;7396;1552;5.3;1.1
90;2021-02-07;0;0;7396;1552;5.3;1.1
90;2021-02-08;170;219;7566;1771;5.4;1.3
90;2021-02-09;139;166;7705;1937;5.5;1.4
90;2021-02-10;182;28;7887;1965;5.6;1.4
90;2021-02-11;228;108;8115;2073;5.8;1.5
90;2021-02-12;127;241;8242;2314;5.9;1.7
90;2021-02-13;95;44;8337;2358;5.9;1.7
90;2021-02-14;0;0;8337;2358;5.9;1.7
90;2021-02-15;113;282;8450;2640;6.0;1.9
90;2021-02-16;92;277;8542;2917;6.1;2.1
90;2021-02-17;178;205;8720;3122;6.2;2.2
90;2021-02-18;129;243;8849;3365;6.3;2.4
90;2021-02-19;65;272;8914;3637;6.4;2.6
90;2021-02-20;39;72;8953;3709;6.4;2.6
90;2021-02-21;0;0;8953;3709;6.4;2.6
90;2021-02-22;76;332;9029;4041;6.4;2.9
90;2021-02-23;40;259;9069;4300;6.5;3.1
90;2021-02-24;109;289;9178;4589;6.5;3.3
90;2021-02-25;88;313;9266;4902;6.6;3.5
90;2021-02-26;89;396;9355;5298;6.7;3.8
90;2021-02-27;140;179;9495;5477;6.8;3.9
90;2021-02-28;8;113;9503;5590;6.8;4.0
90;2021-03-01;214;230;9717;5820;6.9;4.2
90;2021-03-02;178;282;9895;6102;7.1;4.4
90;2021-03-03;239;354;10134;6456;7.2;4.6
90;2021-03-04;258;274;10392;6730;7.4;4.8
90;2021-03-05;358;269;10750;6999;7.7;5.0
90;2021-03-06;291;97;11041;7096;7.9;5.1
90;2021-03-07;18;1;11059;7097;7.9;5.1
90;2021-03-08;246;240;11305;7337;8.1;5.2
90;2021-03-09;424;158;11729;7495;8.4;5.3
90;2021-03-10;343;194;12072;7689;8.6;5.5
90;2021-03-11;348;113;12420;7802;8.9;5.6
90;2021-03-12;518;125;12938;7927;9.2;5.7
90;2021-03-13;539;45;13477;7972;9.6;5.7
90;2021-03-14;20;0;13497;7972;9.6;5.7
90;2021-03-15;385;114;13882;8086;9.9;5.8
90;2021-03-16;400;96;14282;8182;10.2;5.8
90;2021-03-17;323;73;14605;8255;10.4;5.9
90;2021-03-18;347;76;14952;8331;10.7;5.9
90;2021-03-19;468;77;15420;8408;11.0;6.0
90;2021-03-20;426;48;15846;8456;11.3;6.0
90;2021-03-21;7;2;15853;8458;11.3;6.0
90;2021-03-22;399;26;16252;8484;11.6;6.1
90;2021-03-23;733;69;16985;8553;12.1;6.1
90;2021-03-24;815;40;17800;8593;12.7;6.1
90;2021-03-25;945;67;18745;8660;13.4;6.2
90;2021-03-26;1228;53;19973;8713;14.3;6.2
90;2021-03-27;437;24;20410;8737;14.6;6.2
90;2021-03-28;34;0;20444;8737;14.6;6.2
90;2021-03-29;711;135;21155;8872;15.1;6.3
90;2021-03-30;669;151;21824;9023;15.6;6.4
90;2021-03-31;728;75;22552;9098;16.1;6.5
90;2021-04-01;599;111;23151;9209;16.5;6.6
90;2021-04-02;657;87;23808;9296;17.0;6.6
90;2021-04-03;370;38;24178;9334;17.3;6.7
90;2021-04-04;1;0;24179;9334;17.3;6.7
90;2021-04-05;0;0;24179;9334;17.3;6.7
90;2021-04-06;527;247;24706;9581;17.6;6.8
90;2021-04-07;484;259;25190;9840;18.0;7.0
90;2021-04-08;507;244;25697;10084;18.3;7.2
90;2021-04-09;749;260;26446;10344;18.9;7.4
90;2021-04-10;221;8;26667;10352;19.0;7.4
90;2021-04-11;7;0;26674;10352;19.0;7.4
90;2021-04-12;551;477;27225;10829;19.4;7.7
90;2021-04-13;629;526;27854;11355;19.9;8.1
90;2021-04-14;526;345;28380;11700;20.3;8.3
90;2021-04-15;905;279;29285;11979;20.9;8.5
90;2021-04-16;370;403;29655;12382;21.2;8.8
90;2021-04-17;189;126;29844;12508;21.3;8.9
90;2021-04-18;21;0;29865;12508;21.3;8.9
90;2021-04-19;435;566;30300;13074;21.6;9.3
90;2021-04-20;495;618;30795;13692;22.0;9.8
90;2021-04-21;353;494;31148;14186;22.2;10.1
90;2021-04-22;565;598;31713;14784;22.6;10.5
90;2021-04-23;502;743;32215;15527;23.0;11.1
90;2021-04-24;305;202;32520;15729;23.2;11.2
90;2021-04-25;1;0;32521;15729;23.2;11.2
90;2021-04-26;508;751;33029;16480;23.6;11.8
90;2021-04-27;640;678;33669;17158;24.0;12.2
90;2021-04-28;765;444;34434;17602;24.6;12.6
90;2021-04-29;1002;446;35436;18048;25.3;12.9
90;2021-04-30;1121;456;36557;18504;26.1;13.2
90;2021-05-01;60;42;36617;18546;26.1;13.2
90;2021-05-02;4;0;36621;18546;26.1;13.2
90;2021-05-03;901;284;37522;18830;26.8;13.4
90;2021-05-04;786;637;38308;19467;27.3;13.9
90;2021-05-05;893;506;39201;19973;28.0;14.3
90;2021-05-06;850;622;40051;20595;28.6;14.7
90;2021-05-07;438;506;40489;21101;28.9;15.1
90;2021-05-08;26;25;40515;21126;28.9;15.1
90;2021-05-09;5;33;40520;21159;28.9;15.1
90;2021-05-10;505;583;41025;21742;29.3;15.5
90;2021-05-11;777;633;41802;22375;29.8;16.0
90;2021-05-12;529;596;42331;22971;30.2;16.4
90;2021-05-13;1112;263;43443;23234;31.0;16.6
90;2021-05-14;865;401;44308;23635;31.6;16.9
90;2021-05-15;14;125;44322;23760;31.6;17.0
90;2021-05-16;2;7;44324;23767;31.6;17.0
90;2021-05-17;793;288;45117;24055;32.2;17.2
90;2021-05-18;1022;469;46139;24524;32.9;17.5
90;2021-05-19;1261;382;47400;24906;33.8;17.8
90;2021-05-20;1200;266;48600;25172;34.7;18.0
90;2021-05-21;1265;428;49865;25600;35.6;18.3
90;2021-05-22;9;131;49874;25731;35.6;18.4
90;2021-05-23;1;0;49875;25731;35.6;18.4
90;2021-05-24;368;264;50243;25995;35.9;18.5
90;2021-05-25;637;791;50880;26786;36.3;19.1
90;2021-05-26;631;568;51511;27354;36.8;19.5
90;2021-05-27;962;381;52473;27735;37.4;19.8
90;2021-05-28;668;824;53141;28559;37.9;20.4
90;2021-05-29;93;296;53234;28855;38.0;20.6
90;2021-05-30;4;1;53238;28856;38.0;20.6
90;2021-05-31;810;712;54048;29568;38.6;21.1
90;2021-06-01;966;740;55014;30308;39.3;21.6
90;2021-06-02;758;675;55772;30983;39.8;22.1
90;2021-06-03;757;741;56529;31724;40.3;22.6
90;2021-06-04;832;972;57361;32696;40.9;23.3
90;2021-06-05;53;424;57414;33120;41.0;23.6
90;2021-06-06;1;16;57415;33136;41.0;23.6
90;2021-06-07;1263;1080;58678;34216;41.9;24.4
90;2021-06-08;1478;937;60156;35153;42.9;25.1
90;2021-06-09;963;657;61119;35810;43.6;25.6
90;2021-06-10;615;493;61734;36303;44.1;25.9
90;2021-06-11;785;1125;62519;37428;44.6;26.7
90;2021-06-12;802;296;63321;37724;45.2;26.9
90;2021-06-13;10;12;63331;37736;45.2;26.9
90;2021-06-14;259;973;63590;38709;45.4;27.6
90;2021-06-15;561;879;64151;39588;45.8;28.2
90;2021-06-16;502;547;64653;40135;46.1;28.6
90;2021-06-17;435;638;65088;40773;46.4;29.1
90;2021-06-18;603;992;65691;41765;46.9;29.8
90;2021-06-19;449;167;66140;41932;47.2;29.9
90;2021-06-20;0;28;66140;41960;47.2;29.9
90;2021-06-21;253;1179;66393;43139;47.4;30.8
90;2021-06-22;379;952;66772;44091;47.6;31.5
90;2021-06-23;409;632;67181;44723;47.9;31.9
90;2021-06-24;306;602;67487;45325;48.2;32.3
90;2021-06-25;419;1275;67906;46600;48.5;33.3
90;2021-06-26;420;562;68326;47162;48.8;33.7
90;2021-06-27;2;6;68328;47168;48.8;33.7
90;2021-06-28;371;1299;68699;48467;49.0;34.6
90;2021-06-29;297;1304;68996;49771;49.2;35.5
90;2021-06-30;471;1227;69467;50998;49.6;36.4
90;2021-07-01;335;922;69802;51920;49.8;37.0
90;2021-07-02;497;1205;70299;53125;50.2;37.9
90;2021-07-03;42;129;70341;53254;50.2;38.0
90;2021-07-04;0;21;70341;53275;50.2;38.0
90;2021-07-05;391;1011;70732;54286;50.5;38.7
90;2021-07-06;506;968;71238;55254;50.8;39.4
90;2021-07-07;362;998;71600;56252;51.1;40.1
90;2021-07-08;301;607;71901;56859;51.3;40.6
90;2021-07-09;432;949;72333;57808;51.6;41.2
90;2021-07-10;27;90;72360;57898;51.6;41.3
90;2021-07-11;5;17;72365;57915;51.6;41.3
90;2021-07-12;234;1076;72599;58991;51.8;42.1
90;2021-07-13;474;1159;73073;60150;52.1;42.9
90;2021-07-14;0;8;73073;60158;52.1;42.9
90;2021-07-15;780;1434;73853;61592;52.7;43.9
90;2021-07-16;814;1681;74667;63273;53.3;45.1
90;2021-07-17;480;954;75147;64227;53.6;45.8
90;2021-07-18;4;2;75151;64229;53.6;45.8
90;2021-07-19;1178;1453;76329;65682;54.5;46.9
91;2020-12-27;0;0;0;0;0.0;0.0
91;2020-12-28;0;0;0;0;0.0;0.0
91;2020-12-29;1;0;1;0;0.0;0.0
91;2020-12-30;0;0;1;0;0.0;0.0
91;2020-12-31;0;0;1;0;0.0;0.0
91;2021-01-01;3;0;4;0;0.0;0.0
91;2021-01-02;0;0;4;0;0.0;0.0
91;2021-01-03;0;0;4;0;0.0;0.0
91;2021-01-04;1;0;5;0;0.0;0.0
91;2021-01-05;71;0;76;0;0.0;0.0
91;2021-01-06;188;1;264;1;0.0;0.0
91;2021-01-07;523;6;787;7;0.1;0.0
91;2021-01-08;393;0;1180;7;0.1;0.0
91;2021-01-09;88;3;1268;10;0.1;0.0
91;2021-01-10;0;0;1268;10;0.1;0.0
91;2021-01-11;596;3;1864;13;0.1;0.0
91;2021-01-12;899;9;2763;22;0.2;0.0
91;2021-01-13;701;5;3464;27;0.3;0.0
91;2021-01-14;718;9;4182;36;0.3;0.0
91;2021-01-15;566;2;4748;38;0.4;0.0
91;2021-01-16;316;8;5064;46;0.4;0.0
91;2021-01-17;116;1;5180;47;0.4;0.0
91;2021-01-18;990;5;6170;52;0.5;0.0
91;2021-01-19;1859;13;8029;65;0.6;0.0
91;2021-01-20;2366;16;10395;81;0.8;0.0
91;2021-01-21;2084;14;12479;95;0.9;0.0
91;2021-01-22;1809;8;14288;103;1.1;0.0
91;2021-01-23;412;1;14700;104;1.1;0.0
91;2021-01-24;49;0;14749;104;1.1;0.0
91;2021-01-25;1047;3;15796;107;1.2;0.0
91;2021-01-26;1571;39;17367;146;1.3;0.0
91;2021-01-27;2410;97;19777;243;1.5;0.0
91;2021-01-28;1970;218;21747;461;1.6;0.0
91;2021-01-29;1745;60;23492;521;1.8;0.0
91;2021-01-30;419;7;23911;528;1.8;0.0
91;2021-01-31;54;0;23965;528;1.8;0.0
91;2021-02-01;959;219;24924;747;1.9;0.1
91;2021-02-02;857;365;25781;1112;2.0;0.1
91;2021-02-03;935;572;26716;1684;2.0;0.1
91;2021-02-04;883;280;27599;1964;2.1;0.1
91;2021-02-05;1032;354;28631;2318;2.2;0.2
91;2021-02-06;335;91;28966;2409;2.2;0.2
91;2021-02-07;13;0;28979;2409;2.2;0.2
91;2021-02-08;902;603;29881;3012;2.3;0.2
91;2021-02-09;962;861;30843;3873;2.3;0.3
91;2021-02-10;1066;988;31909;4861;2.4;0.4
91;2021-02-11;1118;996;33027;5857;2.5;0.4
91;2021-02-12;1053;834;34080;6691;2.6;0.5
91;2021-02-13;331;360;34411;7051;2.6;0.5
91;2021-02-14;18;112;34429;7163;2.6;0.5
91;2021-02-15;366;1265;34795;8428;2.6;0.6
91;2021-02-16;548;1775;35343;10203;2.7;0.8
91;2021-02-17;810;2680;36153;12883;2.7;1.0
91;2021-02-18;936;2013;37089;14896;2.8;1.1
91;2021-02-19;854;1387;37943;16283;2.9;1.2
91;2021-02-20;165;361;38108;16644;2.9;1.3
91;2021-02-21;11;51;38119;16695;2.9;1.3
91;2021-02-22;335;1211;38454;17906;2.9;1.4
91;2021-02-23;393;1076;38847;18982;2.9;1.4
91;2021-02-24;470;1057;39317;20039;3.0;1.5
91;2021-02-25;728;1019;40045;21058;3.0;1.6
91;2021-02-26;1093;1055;41138;22113;3.1;1.7
91;2021-02-27;610;326;41748;22439;3.2;1.7
91;2021-02-28;64;68;41812;22507;3.2;1.7
91;2021-03-01;931;1069;42743;23576;3.2;1.8
91;2021-03-02;1251;1089;43994;24665;3.3;1.9
91;2021-03-03;1463;1271;45457;25936;3.4;2.0
91;2021-03-04;2412;1104;47869;27040;3.6;2.0
91;2021-03-05;3344;1150;51213;28190;3.9;2.1
91;2021-03-06;4902;444;56115;28634;4.3;2.2
91;2021-03-07;3209;93;59324;28727;4.5;2.2
91;2021-03-08;1468;1063;60792;29790;4.6;2.3
91;2021-03-09;2620;980;63412;30770;4.8;2.3
91;2021-03-10;2610;1011;66022;31781;5.0;2.4
91;2021-03-11;3777;1093;69799;32874;5.3;2.5
91;2021-03-12;4765;1019;74564;33893;5.7;2.6
91;2021-03-13;5252;304;79816;34197;6.0;2.6
91;2021-03-14;301;24;80117;34221;6.1;2.6
91;2021-03-15;2972;431;83089;34652;6.3;2.6
91;2021-03-16;2594;371;85683;35023;6.5;2.7
91;2021-03-17;2217;345;87900;35368;6.7;2.7
91;2021-03-18;2367;393;90267;35761;6.8;2.7
91;2021-03-19;4090;370;94357;36131;7.2;2.7
91;2021-03-20;3607;162;97964;36293;7.4;2.8
91;2021-03-21;137;30;98101;36323;7.4;2.8
91;2021-03-22;3146;601;101247;36924;7.7;2.8
91;2021-03-23;4136;690;105383;37614;8.0;2.9
91;2021-03-24;3931;484;109314;38098;8.3;2.9
91;2021-03-25;5050;510;114364;38608;8.7;2.9
91;2021-03-26;5539;529;119903;39137;9.1;3.0
91;2021-03-27;4986;312;124889;39449;9.5;3.0
91;2021-03-28;282;56;125171;39505;9.5;3.0
91;2021-03-29;3302;1029;128473;40534;9.7;3.1
91;2021-03-30;4419;1196;132892;41730;10.1;3.2
91;2021-03-31;3361;1326;136253;43056;10.3;3.3
91;2021-04-01;3734;1662;139987;44718;10.6;3.4
91;2021-04-02;3871;2300;143858;47018;10.9;3.6
91;2021-04-03;1870;2875;145728;49893;11.0;3.8
91;2021-04-04;647;1319;146375;51212;11.1;3.9
91;2021-04-05;561;128;146936;51340;11.1;3.9
91;2021-04-06;3395;1776;150331;53116;11.4;4.0
91;2021-04-07;3408;1929;153739;55045;11.7;4.2
91;2021-04-08;4653;2126;158392;57171;12.0;4.3
91;2021-04-09;5326;2119;163718;59290;12.4;4.5
91;2021-04-10;2729;2816;166447;62106;12.6;4.7
91;2021-04-11;189;141;166636;62247;12.6;4.7
91;2021-04-12;2850;2280;169486;64527;12.8;4.9
91;2021-04-13;3751;2639;173237;67166;13.1;5.1
91;2021-04-14;3702;2310;176939;69476;13.4;5.3
91;2021-04-15;4470;2492;181409;71968;13.7;5.5
91;2021-04-16;4547;2786;185956;74754;14.1;5.7
91;2021-04-17;2981;2077;188937;76831;14.3;5.8
91;2021-04-18;265;69;189202;76900;14.3;5.8
91;2021-04-19;2300;2731;191502;79631;14.5;6.0
91;2021-04-20;3181;2982;194683;82613;14.8;6.3
91;2021-04-21;2981;2892;197664;85505;15.0;6.5
91;2021-04-22;3153;3354;200817;88859;15.2;6.7
91;2021-04-23;3707;3340;204524;92199;15.5;7.0
91;2021-04-24;3480;3716;208004;95915;15.8;7.3
91;2021-04-25;2613;640;210617;96555;16.0;7.3
91;2021-04-26;3484;2790;214101;99345;16.2;7.5
91;2021-04-27;4474;2907;218575;102252;16.6;7.7
91;2021-04-28;4561;2692;223136;104944;16.9;8.0
91;2021-04-29;5728;3038;228864;107982;17.3;8.2
91;2021-04-30;5371;2838;234235;110820;17.8;8.4
91;2021-05-01;3510;514;237745;111334;18.0;8.4
91;2021-05-02;623;132;238368;111466;18.1;8.4
91;2021-05-03;5200;2281;243568;113747;18.5;8.6
91;2021-05-04;5581;3161;249149;116908;18.9;8.9
91;2021-05-05;4845;2857;253994;119765;19.3;9.1
91;2021-05-06;5235;3366;259229;123131;19.6;9.3
91;2021-05-07;6120;3732;265349;126863;20.1;9.6
91;2021-05-08;6511;953;271860;127816;20.6;9.7
91;2021-05-09;4803;560;276663;128376;21.0;9.7
91;2021-05-10;5882;2998;282545;131374;21.4;10.0
91;2021-05-11;6831;3822;289376;135196;21.9;10.2
91;2021-05-12;5872;3421;295248;138617;22.4;10.5
91;2021-05-13;4816;1076;300064;139693;22.7;10.6
91;2021-05-14;6544;2383;306608;142076;23.2;10.8
91;2021-05-15;7789;1908;314397;143984;23.8;10.9
91;2021-05-16;4581;368;318978;144352;24.2;10.9
91;2021-05-17;6951;1711;325929;146063;24.7;11.1
91;2021-05-18;8108;1728;334037;147791;25.3;11.2
91;2021-05-19;7098;1691;341135;149482;25.9;11.3
91;2021-05-20;8195;2138;349330;151620;26.5;11.5
91;2021-05-21;8130;2574;357460;154194;27.1;11.7
91;2021-05-22;7655;1541;365115;155735;27.7;11.8
91;2021-05-23;4797;519;369912;156254;28.0;11.8
91;2021-05-24;5012;597;374924;156851;28.4;11.9
91;2021-05-25;7622;2643;382546;159494;29.0;12.1
91;2021-05-26;6860;2934;389406;162428;29.5;12.3
91;2021-05-27;7959;3439;397365;165867;30.1;12.6
91;2021-05-28;7524;4308;404889;170175;30.7;12.9
91;2021-05-29;9291;3496;414180;173671;31.4;13.2
91;2021-05-30;5952;962;420132;174633;31.8;13.2
91;2021-05-31;6738;3693;426870;178326;32.4;13.5
91;2021-06-01;7764;4764;434634;183090;32.9;13.9
91;2021-06-02;7431;3950;442065;187040;33.5;14.2
91;2021-06-03;7849;4761;449914;191801;34.1;14.5
91;2021-06-04;7168;5709;457082;197510;34.6;15.0
91;2021-06-05;6379;5798;463461;203308;35.1;15.4
91;2021-06-06;4086;2505;467547;205813;35.4;15.6
91;2021-06-07;5872;5476;473419;211289;35.9;16.0
91;2021-06-08;6989;5780;480408;217069;36.4;16.5
91;2021-06-09;6444;5133;486852;222202;36.9;16.8
91;2021-06-10;7119;5757;493971;227959;37.4;17.3
91;2021-06-11;6517;7102;500488;235061;37.9;17.8
91;2021-06-12;6201;7351;506689;242412;38.4;18.4
91;2021-06-13;2819;2315;509508;244727;38.6;18.5
91;2021-06-14;4198;7189;513706;251916;38.9;19.1
91;2021-06-15;5502;7239;519208;259155;39.4;19.6
91;2021-06-16;5251;6436;524459;265591;39.7;20.1
91;2021-06-17;6198;7123;530657;272714;40.2;20.7
91;2021-06-18;4578;8731;535235;281445;40.6;21.3
91;2021-06-19;4083;7141;539318;288586;40.9;21.9
91;2021-06-20;989;4208;540307;292794;41.0;22.2
91;2021-06-21;3191;7228;543498;300022;41.2;22.7
91;2021-06-22;4126;9222;547624;309244;41.5;23.4
91;2021-06-23;4262;7956;551886;317200;41.8;24.0
91;2021-06-24;4804;8469;556690;325669;42.2;24.7
91;2021-06-25;3410;9175;560100;334844;42.5;25.4
91;2021-06-26;2844;8034;562944;342878;42.7;26.0
91;2021-06-27;545;2997;563489;345875;42.7;26.2
91;2021-06-28;3052;8232;566541;354107;42.9;26.8
91;2021-06-29;3507;9621;570048;363728;43.2;27.6
91;2021-06-30;3886;8679;573934;372407;43.5;28.2
91;2021-07-01;3916;8860;577850;381267;43.8;28.9
91;2021-07-02;3719;9298;581569;390565;44.1;29.6
91;2021-07-03;2801;9778;584370;400343;44.3;30.3
91;2021-07-04;831;4722;585201;405065;44.4;30.7
91;2021-07-05;2626;7262;587827;412327;44.6;31.3
91;2021-07-06;3658;9415;591485;421742;44.8;32.0
91;2021-07-07;3744;8570;595229;430312;45.1;32.6
91;2021-07-08;4306;8975;599535;439287;45.4;33.3
91;2021-07-09;3912;9937;603447;449224;45.7;34.0
91;2021-07-10;3322;10199;606769;459423;46.0;34.8
91;2021-07-11;979;4789;607748;464212;46.1;35.2
91;2021-07-12;2782;8878;610530;473090;46.3;35.9
91;2021-07-13;4432;10348;614962;483438;46.6;36.6
91;2021-07-14;2270;3563;617232;487001;46.8;36.9
91;2021-07-15;4493;9782;621725;496783;47.1;37.7
91;2021-07-16;6210;9689;627935;506472;47.6;38.4
91;2021-07-17;5632;8994;633567;515466;48.0;39.1
91;2021-07-18;3228;3603;636795;519069;48.3;39.3
91;2021-07-19;3699;7485;640494;526554;48.5;39.9
92;2020-12-27;1;0;1;0;0.0;0.0
92;2020-12-28;7;0;8;0;0.0;0.0
92;2020-12-29;51;0;59;0;0.0;0.0
92;2020-12-30;25;0;84;0;0.0;0.0
92;2020-12-31;0;0;84;0;0.0;0.0
92;2021-01-01;11;1;95;1;0.0;0.0
92;2021-01-02;0;0;95;1;0.0;0.0
92;2021-01-03;2;0;97;1;0.0;0.0
92;2021-01-04;54;1;151;2;0.0;0.0
92;2021-01-05;219;1;370;3;0.0;0.0
92;2021-01-06;402;3;772;6;0.0;0.0
92;2021-01-07;653;5;1425;11;0.1;0.0
92;2021-01-08;832;4;2257;15;0.1;0.0
92;2021-01-09;114;1;2371;16;0.1;0.0
92;2021-01-10;37;0;2408;16;0.1;0.0
92;2021-01-11;832;4;3240;20;0.2;0.0
92;2021-01-12;1282;9;4522;29;0.3;0.0
92;2021-01-13;1225;13;5747;42;0.4;0.0
92;2021-01-14;1176;16;6923;58;0.4;0.0
92;2021-01-15;959;7;7882;65;0.5;0.0
92;2021-01-16;172;1;8054;66;0.5;0.0
92;2021-01-17;13;0;8067;66;0.5;0.0
92;2021-01-18;1529;21;9596;87;0.6;0.0
92;2021-01-19;1541;21;11137;108;0.7;0.0
92;2021-01-20;1788;14;12925;122;0.8;0.0
92;2021-01-21;3390;17;16315;139;1.0;0.0
92;2021-01-22;2593;43;18908;182;1.2;0.0
92;2021-01-23;128;0;19036;182;1.2;0.0
92;2021-01-24;11;0;19047;182;1.2;0.0
92;2021-01-25;825;15;19872;197;1.2;0.0
92;2021-01-26;1203;12;21075;209;1.3;0.0
92;2021-01-27;2199;93;23274;302;1.4;0.0
92;2021-01-28;4020;178;27294;480;1.7;0.0
92;2021-01-29;2702;263;29996;743;1.9;0.0
92;2021-01-30;316;11;30312;754;1.9;0.0
92;2021-01-31;17;2;30329;756;1.9;0.0
92;2021-02-01;849;323;31178;1079;1.9;0.1
92;2021-02-02;1042;355;32220;1434;2.0;0.1
92;2021-02-03;992;451;33212;1885;2.1;0.1
92;2021-02-04;1030;548;34242;2433;2.1;0.2
92;2021-02-05;1324;502;35566;2935;2.2;0.2
92;2021-02-06;104;17;35670;2952;2.2;0.2
92;2021-02-07;5;14;35675;2966;2.2;0.2
92;2021-02-08;563;734;36238;3700;2.2;0.2
92;2021-02-09;1053;1298;37291;4998;2.3;0.3
92;2021-02-10;1055;1304;38346;6302;2.4;0.4
92;2021-02-11;1482;1925;39828;8227;2.5;0.5
92;2021-02-12;1398;1481;41226;9708;2.6;0.6
92;2021-02-13;65;61;41291;9769;2.6;0.6
92;2021-02-14;6;0;41297;9769;2.6;0.6
92;2021-02-15;561;1665;41858;11434;2.6;0.7
92;2021-02-16;774;2064;42632;13498;2.6;0.8
92;2021-02-17;603;1755;43235;15253;2.7;0.9
92;2021-02-18;1548;3659;44783;18912;2.8;1.2
92;2021-02-19;1711;2649;46494;21561;2.9;1.3
92;2021-02-20;137;401;46631;21962;2.9;1.4
92;2021-02-21;22;53;46653;22015;2.9;1.4
92;2021-02-22;482;1224;47135;23239;2.9;1.4
92;2021-02-23;718;1362;47853;24601;3.0;1.5
92;2021-02-24;597;1298;48450;25899;3.0;1.6
92;2021-02-25;895;1818;49345;27717;3.1;1.7
92;2021-02-26;1436;1364;50781;29081;3.1;1.8
92;2021-02-27;489;173;51270;29254;3.2;1.8
92;2021-02-28;57;56;51327;29310;3.2;1.8
92;2021-03-01;1080;1042;52407;30352;3.2;1.9
92;2021-03-02;1947;1361;54354;31713;3.4;2.0
92;2021-03-03;2765;1079;57119;32792;3.5;2.0
92;2021-03-04;3557;1518;60676;34310;3.8;2.1
92;2021-03-05;4938;1692;65614;36002;4.1;2.2
92;2021-03-06;5695;301;71309;36303;4.4;2.2
92;2021-03-07;2888;217;74197;36520;4.6;2.3
92;2021-03-08;2396;803;76593;37323;4.7;2.3
92;2021-03-09;3410;1007;80003;38330;5.0;2.4
92;2021-03-10;3908;906;83911;39236;5.2;2.4
92;2021-03-11;4988;1358;88899;40594;5.5;2.5
92;2021-03-12;6739;1509;95638;42103;5.9;2.6
92;2021-03-13;5135;200;100773;42303;6.2;2.6
92;2021-03-14;1724;63;102497;42366;6.4;2.6
92;2021-03-15;3769;570;106266;42936;6.6;2.7
92;2021-03-16;3667;576;109933;43512;6.8;2.7
92;2021-03-17;3852;396;113785;43908;7.1;2.7
92;2021-03-18;4102;723;117887;44631;7.3;2.8
92;2021-03-19;5890;679;123777;45310;7.7;2.8
92;2021-03-20;2520;65;126297;45375;7.8;2.8
92;2021-03-21;130;30;126427;45405;7.8;2.8
92;2021-03-22;4080;466;130507;45871;8.1;2.8
92;2021-03-23;6071;836;136578;46707;8.5;2.9
92;2021-03-24;6349;612;142927;47319;8.9;2.9
92;2021-03-25;8404;597;151331;47916;9.4;3.0
92;2021-03-26;8330;854;159661;48770;9.9;3.0
92;2021-03-27;2810;253;162471;49023;10.1;3.0
92;2021-03-28;527;34;162998;49057;10.1;3.0
92;2021-03-29;4642;1040;167640;50097;10.4;3.1
92;2021-03-30;6374;1522;174014;51619;10.8;3.2
92;2021-03-31;5518;2226;179532;53845;11.1;3.3
92;2021-04-01;6239;3653;185771;57498;11.5;3.6
92;2021-04-02;5598;3391;191369;60889;11.9;3.8
92;2021-04-03;862;1416;192231;62305;11.9;3.9
92;2021-04-04;476;1062;192707;63367;11.9;3.9
92;2021-04-05;800;151;193507;63518;12.0;3.9
92;2021-04-06;3620;1947;197127;65465;12.2;4.1
92;2021-04-07;4980;2872;202107;68337;12.5;4.2
92;2021-04-08;5935;3161;208042;71498;12.9;4.4
92;2021-04-09;8007;3009;216049;74507;13.4;4.6
92;2021-04-10;2620;1285;218669;75792;13.6;4.7
92;2021-04-11;144;807;218813;76599;13.6;4.7
92;2021-04-12;3660;2507;222473;79106;13.8;4.9
92;2021-04-13;4357;4431;226830;83537;14.1;5.2
92;2021-04-14;4854;4029;231684;87566;14.4;5.4
92;2021-04-15;5273;3939;236957;91505;14.7;5.7
92;2021-04-16;5032;3838;241989;95343;15.0;5.9
92;2021-04-17;1784;1186;243773;96529;15.1;6.0
92;2021-04-18;327;93;244100;96622;15.1;6.0
92;2021-04-19;2786;2835;246886;99457;15.3;6.2
92;2021-04-20;4178;3740;251064;103197;15.6;6.4
92;2021-04-21;4593;4498;255657;107695;15.8;6.7
92;2021-04-22;4641;5101;260298;112796;16.1;7.0
92;2021-04-23;5174;4633;265472;117429;16.5;7.3
92;2021-04-24;4929;1903;270401;119332;16.8;7.4
92;2021-04-25;1787;147;272188;119479;16.9;7.4
92;2021-04-26;3976;3619;276164;123098;17.1;7.6
92;2021-04-27;6037;5247;282201;128345;17.5;8.0
92;2021-04-28;7359;4492;289560;132837;17.9;8.2
92;2021-04-29;7970;4759;297530;137596;18.4;8.5
92;2021-04-30;8824;4816;306354;142412;19.0;8.8
92;2021-05-01;1189;403;307543;142815;19.1;8.8
92;2021-05-02;652;136;308195;142951;19.1;8.9
92;2021-05-03;6770;3890;314965;146841;19.5;9.1
92;2021-05-04;10374;4347;325339;151188;20.2;9.4
92;2021-05-05;10049;5247;335388;156435;20.8;9.7
92;2021-05-06;11400;4900;346788;161335;21.5;10.0
92;2021-05-07;9847;5286;356635;166621;22.1;10.3
92;2021-05-08;7196;1919;363831;168540;22.5;10.4
92;2021-05-09;3781;600;367612;169140;22.8;10.5
92;2021-05-10;9508;3996;377120;173136;23.4;10.7
92;2021-05-11;13963;5686;391083;178822;24.2;11.1
92;2021-05-12;14255;4563;405338;183385;25.1;11.4
92;2021-05-13;9148;912;414486;184297;25.7;11.4
92;2021-05-14;12011;2305;426497;186602;26.4;11.6
92;2021-05-15;8374;1228;434871;187830;26.9;11.6
92;2021-05-16;4128;448;438999;188278;27.2;11.7
92;2021-05-17;10636;2211;449635;190489;27.9;11.8
92;2021-05-18;16353;3117;465988;193606;28.9;12.0
92;2021-05-19;15996;3718;481984;197324;29.9;12.2
92;2021-05-20;16805;3976;498789;201300;30.9;12.5
92;2021-05-21;14058;3636;512847;204936;31.8;12.7
92;2021-05-22;8301;1522;521148;206458;32.3;12.8
92;2021-05-23;4077;451;525225;206909;32.5;12.8
92;2021-05-24;6103;850;531328;207759;32.9;12.9
92;2021-05-25;13088;4545;544416;212304;33.7;13.2
92;2021-05-26;11902;5031;556318;217335;34.5;13.5
92;2021-05-27;12707;6316;569025;223651;35.3;13.9
92;2021-05-28;11206;6269;580231;229920;36.0;14.2
92;2021-05-29;5438;2296;585669;232216;36.3;14.4
92;2021-05-30;2242;386;587911;232602;36.4;14.4
92;2021-05-31;12036;5306;599947;237908;37.2;14.7
92;2021-06-01;12522;7616;612469;245524;38.0;15.2
92;2021-06-02;14324;7187;626793;252711;38.8;15.7
92;2021-06-03;14559;8006;641352;260717;39.7;16.2
92;2021-06-04;12199;8219;653551;268936;40.5;16.7
92;2021-06-05;7382;6253;660933;275189;41.0;17.1
92;2021-06-06;3578;1675;664511;276864;41.2;17.2
92;2021-06-07;11403;7623;675914;284487;41.9;17.6
92;2021-06-08;12677;9568;688591;294055;42.7;18.2
92;2021-06-09;11581;9450;700172;303505;43.4;18.8
92;2021-06-10;11807;10543;711979;314048;44.1;19.5
92;2021-06-11;8096;11012;720075;325060;44.6;20.1
92;2021-06-12;6291;5080;726366;330140;45.0;20.5
92;2021-06-13;3911;2709;730277;332849;45.3;20.6
92;2021-06-14;4777;11167;735054;344016;45.5;21.3
92;2021-06-15;6411;13123;741465;357139;45.9;22.1
92;2021-06-16;6862;12980;748327;370119;46.4;22.9
92;2021-06-17;7328;13994;755655;384113;46.8;23.8
92;2021-06-18;6835;14372;762490;398485;47.2;24.7
92;2021-06-19;3930;9100;766420;407585;47.5;25.3
92;2021-06-20;1894;5612;768314;413197;47.6;25.6
92;2021-06-21;4761;12264;773075;425461;47.9;26.4
92;2021-06-22;5755;17552;778830;443013;48.3;27.5
92;2021-06-23;5409;16006;784239;459019;48.6;28.4
92;2021-06-24;6102;15108;790341;474127;49.0;29.4
92;2021-06-25;5053;16096;795394;490223;49.3;30.4
92;2021-06-26;4042;10446;799436;500669;49.5;31.0
92;2021-06-27;1827;6053;801263;506722;49.7;31.4
92;2021-06-28;3632;12050;804895;518772;49.9;32.1
92;2021-06-29;4597;18151;809492;536923;50.2;33.3
92;2021-06-30;4282;16218;813774;553141;50.4;34.3
92;2021-07-01;5209;16277;818983;569418;50.7;35.3
92;2021-07-02;4730;15262;823713;584680;51.0;36.2
92;2021-07-03;3270;10166;826983;594846;51.2;36.9
92;2021-07-04;1107;4203;828090;599049;51.3;37.1
92;2021-07-05;4721;12305;832811;611354;51.6;37.9
92;2021-07-06;5147;15765;837958;627119;51.9;38.9
92;2021-07-07;4193;11422;842151;638541;52.2;39.6
92;2021-07-08;5355;14626;847506;653167;52.5;40.5
92;2021-07-09;5795;14152;853301;667319;52.9;41.4
92;2021-07-10;4155;8414;857456;675733;53.1;41.9
92;2021-07-11;1462;2615;858918;678348;53.2;42.0
92;2021-07-12;4308;14592;863226;692940;53.5;42.9
92;2021-07-13;7771;17383;870997;710323;54.0;44.0
92;2021-07-14;5034;5706;876031;716029;54.3;44.4
92;2021-07-15;9385;16170;885416;732199;54.9;45.4
92;2021-07-16;8960;14092;894376;746291;55.4;46.2
92;2021-07-17;6480;7545;900856;753836;55.8;46.7
92;2021-07-18;1809;2466;902665;756302;55.9;46.9
92;2021-07-19;6306;13089;908971;769391;56.3;47.7
93;2020-12-27;9;2;9;2;0.0;0.0
93;2020-12-28;0;0;9;2;0.0;0.0
93;2020-12-29;0;0;9;2;0.0;0.0
93;2020-12-30;41;0;50;2;0.0;0.0
93;2020-12-31;1;0;51;2;0.0;0.0
93;2021-01-01;5;0;56;2;0.0;0.0
93;2021-01-02;0;0;56;2;0.0;0.0
93;2021-01-03;0;0;56;2;0.0;0.0
93;2021-01-04;0;0;56;2;0.0;0.0
93;2021-01-05;59;0;115;2;0.0;0.0
93;2021-01-06;179;0;294;2;0.0;0.0
93;2021-01-07;373;3;667;5;0.0;0.0
93;2021-01-08;629;2;1296;7;0.1;0.0
93;2021-01-09;21;0;1317;7;0.1;0.0
93;2021-01-10;1;0;1318;7;0.1;0.0
93;2021-01-11;499;5;1817;12;0.1;0.0
93;2021-01-12;748;3;2565;15;0.2;0.0
93;2021-01-13;750;6;3315;21;0.2;0.0
93;2021-01-14;680;17;3995;38;0.2;0.0
93;2021-01-15;513;2;4508;40;0.3;0.0
93;2021-01-16;135;3;4643;43;0.3;0.0
93;2021-01-17;5;1;4648;44;0.3;0.0
93;2021-01-18;1189;6;5837;50;0.3;0.0
93;2021-01-19;1604;14;7441;64;0.4;0.0
93;2021-01-20;1551;10;8992;74;0.5;0.0
93;2021-01-21;1914;15;10906;89;0.7;0.0
93;2021-01-22;1381;14;12287;103;0.7;0.0
93;2021-01-23;710;7;12997;110;0.8;0.0
93;2021-01-24;0;0;12997;110;0.8;0.0
93;2021-01-25;1202;13;14199;123;0.9;0.0
93;2021-01-26;1288;36;15487;159;0.9;0.0
93;2021-01-27;2151;52;17638;211;1.1;0.0
93;2021-01-28;2258;202;19896;413;1.2;0.0
93;2021-01-29;1618;224;21514;637;1.3;0.0
93;2021-01-30;924;45;22438;682;1.3;0.0
93;2021-01-31;2;7;22440;689;1.3;0.0
93;2021-02-01;1175;171;23615;860;1.4;0.1
93;2021-02-02;1154;310;24769;1170;1.5;0.1
93;2021-02-03;1226;404;25995;1574;1.6;0.1
93;2021-02-04;918;576;26913;2150;1.6;0.1
93;2021-02-05;797;434;27710;2584;1.7;0.2
93;2021-02-06;693;70;28403;2654;1.7;0.2
93;2021-02-07;2;0;28405;2654;1.7;0.2
93;2021-02-08;907;648;29312;3302;1.8;0.2
93;2021-02-09;849;613;30161;3915;1.8;0.2
93;2021-02-10;880;677;31041;4592;1.9;0.3
93;2021-02-11;1239;828;32280;5420;1.9;0.3
93;2021-02-12;1040;638;33320;6058;2.0;0.4
93;2021-02-13;392;263;33712;6321;2.0;0.4
93;2021-02-14;12;59;33724;6380;2.0;0.4
93;2021-02-15;410;1287;34134;7667;2.0;0.5
93;2021-02-16;542;1243;34676;8910;2.1;0.5
93;2021-02-17;543;1775;35219;10685;2.1;0.6
93;2021-02-18;1129;1885;36348;12570;2.2;0.8
93;2021-02-19;990;1543;37338;14113;2.2;0.8
93;2021-02-20;302;667;37640;14780;2.3;0.9
93;2021-02-21;7;23;37647;14803;2.3;0.9
93;2021-02-22;599;1299;38246;16102;2.3;1.0
93;2021-02-23;561;1127;38807;17229;2.3;1.0
93;2021-02-24;640;1239;39447;18468;2.4;1.1
93;2021-02-25;891;1103;40338;19571;2.4;1.2
93;2021-02-26;1119;980;41457;20551;2.5;1.2
93;2021-02-27;540;620;41997;21171;2.5;1.3
93;2021-02-28;87;56;42084;21227;2.5;1.3
93;2021-03-01;1081;1070;43165;22297;2.6;1.3
93;2021-03-02;1444;1148;44609;23445;2.7;1.4
93;2021-03-03;1730;1208;46339;24653;2.8;1.5
93;2021-03-04;2699;1111;49038;25764;2.9;1.5
93;2021-03-05;3807;858;52845;26622;3.2;1.6
93;2021-03-06;5039;559;57884;27181;3.5;1.6
93;2021-03-07;4297;171;62181;27352;3.7;1.6
93;2021-03-08;2032;1235;64213;28587;3.8;1.7
93;2021-03-09;2910;958;67123;29545;4.0;1.8
93;2021-03-10;2844;1088;69967;30633;4.2;1.8
93;2021-03-11;3516;1206;73483;31839;4.4;1.9
93;2021-03-12;4123;1252;77606;33091;4.6;2.0
93;2021-03-13;4284;587;81890;33678;4.9;2.0
93;2021-03-14;874;61;82764;33739;5.0;2.0
93;2021-03-15;3546;653;86310;34392;5.2;2.1
93;2021-03-16;3146;606;89456;34998;5.4;2.1
93;2021-03-17;2636;585;92092;35583;5.5;2.1
93;2021-03-18;3302;690;95394;36273;5.7;2.2
93;2021-03-19;3760;619;99154;36892;5.9;2.2
93;2021-03-20;3456;264;102610;37156;6.1;2.2
93;2021-03-21;808;267;103418;37423;6.2;2.2
93;2021-03-22;3843;583;107261;38006;6.4;2.3
93;2021-03-23;4749;763;112010;38769;6.7;2.3
93;2021-03-24;4101;660;116111;39429;7.0;2.4
93;2021-03-25;5575;801;121686;40230;7.3;2.4
93;2021-03-26;5534;844;127220;41074;7.6;2.5
93;2021-03-27;4272;289;131492;41363;7.9;2.5
93;2021-03-28;604;35;132096;41398;7.9;2.5
93;2021-03-29;3851;945;135947;42343;8.1;2.5
93;2021-03-30;4724;1244;140671;43587;8.4;2.6
93;2021-03-31;3907;1213;144578;44800;8.7;2.7
93;2021-04-01;4041;3107;148619;47907;8.9;2.9
93;2021-04-02;3213;3547;151832;51454;9.1;3.1
93;2021-04-03;2516;2243;154348;53697;9.2;3.2
93;2021-04-04;758;151;155106;53848;9.3;3.2
93;2021-04-05;704;90;155810;53938;9.3;3.2
93;2021-04-06;4547;2314;160357;56252;9.6;3.4
93;2021-04-07;4890;2068;165247;58320;9.9;3.5
93;2021-04-08;5793;2635;171040;60955;10.2;3.6
93;2021-04-09;6068;3141;177108;64096;10.6;3.8
93;2021-04-10;4195;2463;181303;66559;10.9;4.0
93;2021-04-11;575;426;181878;66985;10.9;4.0
93;2021-04-12;4091;2924;185969;69909;11.1;4.2
93;2021-04-13;4601;3642;190570;73551;11.4;4.4
93;2021-04-14;4358;2456;194928;76007;11.7;4.6
93;2021-04-15;4554;3016;199482;79023;11.9;4.7
93;2021-04-16;4423;2980;203905;82003;12.2;4.9
93;2021-04-17;3512;2504;207417;84507;12.4;5.1
93;2021-04-18;285;434;207702;84941;12.4;5.1
93;2021-04-19;3762;2847;211464;87788;12.7;5.3
93;2021-04-20;4298;3264;215762;91052;12.9;5.5
93;2021-04-21;4137;2753;219899;93805;13.2;5.6
93;2021-04-22;4499;3996;224398;97801;13.4;5.9
93;2021-04-23;5604;3205;230002;101006;13.8;6.0
93;2021-04-24;5926;3318;235928;104324;14.1;6.2
93;2021-04-25;1732;579;237660;104903;14.2;6.3
93;2021-04-26;4851;3045;242511;107948;14.5;6.5
93;2021-04-27;6452;3555;248963;111503;14.9;6.7
93;2021-04-28;6063;3349;255026;114852;15.3;6.9
93;2021-04-29;7288;3218;262314;118070;15.7;7.1
93;2021-04-30;8258;3089;270572;121159;16.2;7.3
93;2021-05-01;4946;1176;275518;122335;16.5;7.3
93;2021-05-02;416;647;275934;122982;16.5;7.4
93;2021-05-03;8113;5105;284047;128087;17.0;7.7
93;2021-05-04;7821;5402;291868;133489;17.5;8.0
93;2021-05-05;7572;4793;299440;138282;17.9;8.3
93;2021-05-06;8228;4751;307668;143033;18.4;8.6
93;2021-05-07;6988;5416;314656;148449;18.8;8.9
93;2021-05-08;8348;2379;323004;150828;19.3;9.0
93;2021-05-09;6113;1360;329117;152188;19.7;9.1
93;2021-05-10;8237;4058;337354;156246;20.2;9.4
93;2021-05-11;9291;4797;346645;161043;20.8;9.6
93;2021-05-12;9169;3646;355814;164689;21.3;9.9
93;2021-05-13;8283;1648;364097;166337;21.8;10.0
93;2021-05-14;10417;3533;374514;169870;22.4;10.2
93;2021-05-15;11124;2990;385638;172860;23.1;10.3
93;2021-05-16;5552;726;391190;173586;23.4;10.4
93;2021-05-17;11891;2253;403081;175839;24.1;10.5
93;2021-05-18;14088;2367;417169;178206;25.0;10.7
93;2021-05-19;11424;2933;428593;181139;25.7;10.8
93;2021-05-20;12602;3461;441195;184600;26.4;11.1
93;2021-05-21;12992;2870;454187;187470;27.2;11.2
93;2021-05-22;12370;2184;466557;189654;27.9;11.4
93;2021-05-23;8474;1096;475031;190750;28.4;11.4
93;2021-05-24;11190;1935;486221;192685;29.1;11.5
93;2021-05-25;12276;4295;498497;196980;29.8;11.8
93;2021-05-26;11048;3730;509545;200710;30.5;12.0
93;2021-05-27;12672;3851;522217;204561;31.3;12.2
93;2021-05-28;12624;5238;534841;209799;32.0;12.6
93;2021-05-29;11379;4249;546220;214048;32.7;12.8
93;2021-05-30;8205;1363;554425;215411;33.2;12.9
93;2021-05-31;9155;5158;563580;220569;33.7;13.2
93;2021-06-01;11254;6252;574834;226821;34.4;13.6
93;2021-06-02;9747;5146;584581;231967;35.0;13.9
93;2021-06-03;10652;5495;595233;237462;35.6;14.2
93;2021-06-04;10460;7773;605693;245235;36.3;14.7
93;2021-06-05;8950;7335;614643;252570;36.8;15.1
93;2021-06-06;8363;1729;623006;254299;37.3;15.2
93;2021-06-07;9740;7485;632746;261784;37.9;15.7
93;2021-06-08;10240;7356;642986;269140;38.5;16.1
93;2021-06-09;10089;7265;653075;276405;39.1;16.5
93;2021-06-10;8633;8131;661708;284536;39.6;17.0
93;2021-06-11;8650;8789;670358;293325;40.1;17.6
93;2021-06-12;9766;6624;680124;299949;40.7;18.0
93;2021-06-13;7105;2100;687229;302049;41.1;18.1
93;2021-06-14;5233;9705;692462;311754;41.5;18.7
93;2021-06-15;6039;9642;698501;321396;41.8;19.2
93;2021-06-16;6478;9032;704979;330428;42.2;19.8
93;2021-06-17;5616;8449;710595;338877;42.5;20.3
93;2021-06-18;7016;11111;717611;349988;43.0;21.0
93;2021-06-19;6989;11070;724600;361058;43.4;21.6
93;2021-06-20;4886;6863;729486;367921;43.7;22.0
93;2021-06-21;3849;10717;733335;378638;43.9;22.7
93;2021-06-22;4480;11295;737815;389933;44.2;23.3
93;2021-06-23;4414;10579;742229;400512;44.4;24.0
93;2021-06-24;4067;10300;746296;410812;44.7;24.6
93;2021-06-25;5006;13030;751302;423842;45.0;25.4
93;2021-06-26;5244;13923;756546;437765;45.3;26.2
93;2021-06-27;3258;7105;759804;444870;45.5;26.6
93;2021-06-28;3594;12500;763398;457370;45.7;27.4
93;2021-06-29;3924;12329;767322;469699;45.9;28.1
93;2021-06-30;3980;11281;771302;480980;46.2;28.8
93;2021-07-01;4075;11090;775377;492070;46.4;29.5
93;2021-07-02;4490;12304;779867;504374;46.7;30.2
93;2021-07-03;5182;13418;785049;517792;47.0;31.0
93;2021-07-04;3048;7877;788097;525669;47.2;31.5
93;2021-07-05;4238;10817;792335;536486;47.4;32.1
93;2021-07-06;4480;11735;796815;548221;47.7;32.8
93;2021-07-07;4850;11375;801665;559596;48.0;33.5
93;2021-07-08;4769;10234;806434;569830;48.3;34.1
93;2021-07-09;5310;12975;811744;582805;48.6;34.9
93;2021-07-10;5765;14238;817509;597043;48.9;35.7
93;2021-07-11;3643;9072;821152;606115;49.2;36.3
93;2021-07-12;5322;12022;826474;618137;49.5;37.0
93;2021-07-13;10786;13167;837260;631304;50.1;37.8
93;2021-07-14;10330;6675;847590;637979;50.7;38.2
93;2021-07-15;11978;13999;859568;651978;51.5;39.0
93;2021-07-16;12717;13513;872285;665491;52.2;39.8
93;2021-07-17;11010;13738;883295;679229;52.9;40.7
93;2021-07-18;7222;8843;890517;688072;53.3;41.2
93;2021-07-19;9282;10765;899799;698837;53.9;41.8
94;2020-12-27;2;0;2;0;0.0;0.0
94;2020-12-28;5;0;7;0;0.0;0.0
94;2020-12-29;0;0;7;0;0.0;0.0
94;2020-12-30;0;0;7;0;0.0;0.0
94;2020-12-31;3;0;10;0;0.0;0.0
94;2021-01-01;2;0;12;0;0.0;0.0
94;2021-01-02;0;0;12;0;0.0;0.0
94;2021-01-03;0;0;12;0;0.0;0.0
94;2021-01-04;34;0;46;0;0.0;0.0
94;2021-01-05;233;2;279;2;0.0;0.0
94;2021-01-06;328;4;607;6;0.0;0.0
94;2021-01-07;687;10;1294;16;0.1;0.0
94;2021-01-08;921;8;2215;24;0.2;0.0
94;2021-01-09;47;0;2262;24;0.2;0.0
94;2021-01-10;18;0;2280;24;0.2;0.0
94;2021-01-11;1011;9;3291;33;0.2;0.0
94;2021-01-12;1337;27;4628;60;0.3;0.0
94;2021-01-13;1404;21;6032;81;0.4;0.0
94;2021-01-14;1527;24;7559;105;0.5;0.0
94;2021-01-15;1217;20;8776;125;0.6;0.0
94;2021-01-16;196;2;8972;127;0.6;0.0
94;2021-01-17;89;1;9061;128;0.6;0.0
94;2021-01-18;1483;27;10544;155;0.7;0.0
94;2021-01-19;1944;20;12488;175;0.9;0.0
94;2021-01-20;2167;16;14655;191;1.0;0.0
94;2021-01-21;2983;14;17638;205;1.3;0.0
94;2021-01-22;2166;17;19804;222;1.4;0.0
94;2021-01-23;727;2;20531;224;1.5;0.0
94;2021-01-24;284;0;20815;224;1.5;0.0
94;2021-01-25;1465;15;22280;239;1.6;0.0
94;2021-01-26;1556;18;23836;257;1.7;0.0
94;2021-01-27;1789;23;25625;280;1.8;0.0
94;2021-01-28;1525;134;27150;414;1.9;0.0
94;2021-01-29;1376;149;28526;563;2.0;0.0
94;2021-01-30;579;4;29105;567;2.1;0.0
94;2021-01-31;118;8;29223;575;2.1;0.0
94;2021-02-01;916;153;30139;728;2.1;0.1
94;2021-02-02;849;253;30988;981;2.2;0.1
94;2021-02-03;757;377;31745;1358;2.3;0.1
94;2021-02-04;899;438;32644;1796;2.3;0.1
94;2021-02-05;869;576;33513;2372;2.4;0.2
94;2021-02-06;401;78;33914;2450;2.4;0.2
94;2021-02-07;118;0;34032;2450;2.4;0.2
94;2021-02-08;631;548;34663;2998;2.5;0.2
94;2021-02-09;1033;990;35696;3988;2.5;0.3
94;2021-02-10;1096;1394;36792;5382;2.6;0.4
94;2021-02-11;1423;1556;38215;6938;2.7;0.5
94;2021-02-12;1384;1656;39599;8594;2.8;0.6
94;2021-02-13;300;263;39899;8857;2.8;0.6
94;2021-02-14;29;72;39928;8929;2.8;0.6
94;2021-02-15;749;1781;40677;10710;2.9;0.8
94;2021-02-16;698;2768;41375;13478;2.9;1.0
94;2021-02-17;713;1590;42088;15068;3.0;1.1
94;2021-02-18;781;1750;42869;16818;3.0;1.2
94;2021-02-19;957;1467;43826;18285;3.1;1.3
94;2021-02-20;134;925;43960;19210;3.1;1.4
94;2021-02-21;20;186;43980;19396;3.1;1.4
94;2021-02-22;518;1350;44498;20746;3.2;1.5
94;2021-02-23;621;1287;45119;22033;3.2;1.6
94;2021-02-24;692;927;45811;22960;3.3;1.6
94;2021-02-25;1065;1578;46876;24538;3.3;1.7
94;2021-02-26;1312;1074;48188;25612;3.4;1.8
94;2021-02-27;512;553;48700;26165;3.5;1.9
94;2021-02-28;90;84;48790;26249;3.5;1.9
94;2021-03-01;870;940;49660;27189;3.5;1.9
94;2021-03-02;1565;988;51225;28177;3.6;2.0
94;2021-03-03;1937;1011;53162;29188;3.8;2.1
94;2021-03-04;2841;1171;56003;30359;4.0;2.2
94;2021-03-05;3823;1315;59826;31674;4.3;2.3
94;2021-03-06;4810;550;64636;32224;4.6;2.3
94;2021-03-07;3682;534;68318;32758;4.9;2.3
94;2021-03-08;1908;797;70226;33555;5.0;2.4
94;2021-03-09;2545;918;72771;34473;5.2;2.5
94;2021-03-10;3186;1024;75957;35497;5.4;2.5
94;2021-03-11;3829;901;79786;36398;5.7;2.6
94;2021-03-12;4564;782;84350;37180;6.0;2.6
94;2021-03-13;4126;373;88476;37553;6.3;2.7
94;2021-03-14;2113;136;90589;37689;6.4;2.7
94;2021-03-15;3156;774;93745;38463;6.7;2.7
94;2021-03-16;2764;444;96509;38907;6.9;2.8
94;2021-03-17;2855;445;99364;39352;7.1;2.8
94;2021-03-18;3249;424;102613;39776;7.3;2.8
94;2021-03-19;4261;681;106874;40457;7.6;2.9
94;2021-03-20;3691;284;110565;40741;7.9;2.9
94;2021-03-21;1453;379;112018;41120;8.0;2.9
94;2021-03-22;3209;662;115227;41782;8.2;3.0
94;2021-03-23;4499;708;119726;42490;8.5;3.0
94;2021-03-24;4608;592;124334;43082;8.8;3.1
94;2021-03-25;6315;633;130649;43715;9.3;3.1
94;2021-03-26;6074;818;136723;44533;9.7;3.2
94;2021-03-27;4470;257;141193;44790;10.0;3.2
94;2021-03-28;1887;105;143080;44895;10.2;3.2
94;2021-03-29;4119;1211;147199;46106;10.5;3.3
94;2021-03-30;5293;1336;152492;47442;10.8;3.4
94;2021-03-31;4896;1783;157388;49225;11.2;3.5
94;2021-04-01;5802;2292;163190;51517;11.6;3.7
94;2021-04-02;5235;2305;168425;53822;12.0;3.8
94;2021-04-03;3085;2512;171510;56334;12.2;4.0
94;2021-04-04;1046;780;172556;57114;12.3;4.1
94;2021-04-05;828;156;173384;57270;12.3;4.1
94;2021-04-06;3564;2594;176948;59864;12.6;4.3
94;2021-04-07;3824;2250;180772;62114;12.9;4.4
94;2021-04-08;4605;2037;185377;64151;13.2;4.6
94;2021-04-09;5347;2460;190724;66611;13.6;4.7
94;2021-04-10;2950;2992;193674;69603;13.8;5.0
94;2021-04-11;1261;1764;194935;71367;13.9;5.1
94;2021-04-12;3430;2267;198365;73634;14.1;5.2
94;2021-04-13;4305;3429;202670;77063;14.4;5.5
94;2021-04-14;3882;2682;206552;79745;14.7;5.7
94;2021-04-15;4430;2971;210982;82716;15.0;5.9
94;2021-04-16;4693;2820;215675;85536;15.3;6.1
94;2021-04-17;2452;2755;218127;88291;15.5;6.3
94;2021-04-18;918;1248;219045;89539;15.6;6.4
94;2021-04-19;2969;2429;222014;91968;15.8;6.5
94;2021-04-20;3265;2705;225279;94673;16.0;6.7
94;2021-04-21;3212;3158;228491;97831;16.3;7.0
94;2021-04-22;3901;3640;232392;101471;16.5;7.2
94;2021-04-23;4095;3968;236487;105439;16.8;7.5
94;2021-04-24;4257;3392;240744;108831;17.1;7.7
94;2021-04-25;2411;1493;243155;110324;17.3;7.8
94;2021-04-26;4001;3262;247156;113586;17.6;8.1
94;2021-04-27;5080;3352;252236;116938;17.9;8.3
94;2021-04-28;4823;3605;257059;120543;18.3;8.6
94;2021-04-29;6393;3758;263452;124301;18.7;8.8
94;2021-04-30;6472;3911;269924;128212;19.2;9.1
94;2021-05-01;4057;1047;273981;129259;19.5;9.2
94;2021-05-02;3052;1467;277033;130726;19.7;9.3
94;2021-05-03;5726;5353;282759;136079;20.1;9.7
94;2021-05-04;6089;3549;288848;139628;20.5;9.9
94;2021-05-05;6175;3412;295023;143040;21.0;10.2
94;2021-05-06;7147;3529;302170;146569;21.5;10.4
94;2021-05-07;6656;4101;308826;150670;22.0;10.7
94;2021-05-08;4886;2534;313712;153204;22.3;10.9
94;2021-05-09;4222;2234;317934;155438;22.6;11.1
94;2021-05-10;7701;3118;325635;158556;23.2;11.3
94;2021-05-11;8959;3917;334594;162473;23.8;11.6
94;2021-05-12;9547;3585;344141;166058;24.5;11.8
94;2021-05-13;8672;1369;352813;167427;25.1;11.9
94;2021-05-14;9856;3308;362669;170735;25.8;12.1
94;2021-05-15;8932;2160;371601;172895;26.4;12.3
94;2021-05-16;5066;904;376667;173799;26.8;12.4
94;2021-05-17;10836;2239;387503;176038;27.6;12.5
94;2021-05-18;11272;2426;398775;178464;28.4;12.7
94;2021-05-19;11655;3579;410430;182043;29.2;12.9
94;2021-05-20;12128;4348;422558;186391;30.1;13.3
94;2021-05-21;11844;3132;434402;189523;30.9;13.5
94;2021-05-22;10283;1966;444685;191489;31.6;13.6
94;2021-05-23;4998;711;449683;192200;32.0;13.7
94;2021-05-24;9653;1343;459336;193543;32.7;13.8
94;2021-05-25;9976;4257;469312;197800;33.4;14.1
94;2021-05-26;10253;3285;479565;201085;34.1;14.3
94;2021-05-27;10839;4563;490404;205648;34.9;14.6
94;2021-05-28;10431;4938;500835;210586;35.6;15.0
94;2021-05-29;9868;3441;510703;214027;36.3;15.2
94;2021-05-30;4779;923;515482;214950;36.7;15.3
94;2021-05-31;9966;4220;525448;219170;37.4;15.6
94;2021-06-01;10215;5096;535663;224266;38.1;16.0
94;2021-06-02;9276;4578;544939;228844;38.8;16.3
94;2021-06-03;9487;5567;554426;234411;39.4;16.7
94;2021-06-04;10321;6500;564747;240911;40.2;17.1
94;2021-06-05;9190;6244;573937;247155;40.8;17.6
94;2021-06-06;3971;1844;577908;248999;41.1;17.7
94;2021-06-07;8620;5946;586528;254945;41.7;18.1
94;2021-06-08;8888;7506;595416;262451;42.3;18.7
94;2021-06-09;8853;8143;604269;270594;43.0;19.2
94;2021-06-10;8647;10955;612916;281549;43.6;20.0
94;2021-06-11;7728;8368;620644;289917;44.1;20.6
94;2021-06-12;10163;6816;630807;296733;44.9;21.1
94;2021-06-13;3459;3247;634266;299980;45.1;21.3
94;2021-06-14;6850;8213;641116;308193;45.6;21.9
94;2021-06-15;7592;8785;648708;316978;46.1;22.5
94;2021-06-16;7094;8259;655802;325237;46.6;23.1
94;2021-06-17;6601;9037;662403;334274;47.1;23.8
94;2021-06-18;6358;11945;668761;346219;47.6;24.6
94;2021-06-19;5967;9538;674728;355757;48.0;25.3
94;2021-06-20;1873;4001;676601;359758;48.1;25.6
94;2021-06-21;4392;11185;680993;370943;48.4;26.4
94;2021-06-22;4713;10814;685706;381757;48.8;27.2
94;2021-06-23;4045;11138;689751;392895;49.1;27.9
94;2021-06-24;4804;10315;694555;403210;49.4;28.7
94;2021-06-25;4172;13744;698727;416954;49.7;29.7
94;2021-06-26;3104;11985;701831;428939;49.9;30.5
94;2021-06-27;1035;5005;702866;433944;50.0;30.9
94;2021-06-28;3370;12068;706236;446012;50.2;31.7
94;2021-06-29;3932;12164;710168;458176;50.5;32.6
94;2021-06-30;3899;11602;714067;469778;50.8;33.4
94;2021-07-01;4209;11059;718276;480837;51.1;34.2
94;2021-07-02;4067;12167;722343;493004;51.4;35.1
94;2021-07-03;3554;11777;725897;504781;51.6;35.9
94;2021-07-04;1499;5072;727396;509853;51.7;36.3
94;2021-07-05;3416;11401;730812;521254;52.0;37.1
94;2021-07-06;3741;10860;734553;532114;52.2;37.8
94;2021-07-07;4103;11040;738656;543154;52.5;38.6
94;2021-07-08;4434;9982;743090;553136;52.8;39.3
94;2021-07-09;4183;11799;747273;564935;53.1;40.2
94;2021-07-10;3571;11348;750844;576283;53.4;41.0
94;2021-07-11;1466;4707;752310;580990;53.5;41.3
94;2021-07-12;3540;11932;755850;592922;53.8;42.2
94;2021-07-13;5649;11953;761499;604875;54.2;43.0
94;2021-07-14;3996;5251;765495;610126;54.4;43.4
94;2021-07-15;6126;12247;771621;622373;54.9;44.3
94;2021-07-16;6497;11136;778118;633509;55.3;45.1
94;2021-07-17;5586;11251;783704;644760;55.7;45.9
94;2021-07-18;2578;3987;786282;648747;55.9;46.1
94;2021-07-19;5600;10258;791882;659005;56.3;46.9
95;2020-12-27;1;0;1;0;0.0;0.0
95;2020-12-28;0;0;1;0;0.0;0.0
95;2020-12-29;0;0;1;0;0.0;0.0
95;2020-12-30;0;0;1;0;0.0;0.0
95;2020-12-31;0;0;1;0;0.0;0.0
95;2021-01-01;0;0;1;0;0.0;0.0
95;2021-01-02;12;0;13;0;0.0;0.0
95;2021-01-03;0;0;13;0;0.0;0.0
95;2021-01-04;48;0;61;0;0.0;0.0
95;2021-01-05;288;0;349;0;0.0;0.0
95;2021-01-06;178;0;527;0;0.0;0.0
95;2021-01-07;130;0;657;0;0.1;0.0
95;2021-01-08;268;1;925;1;0.1;0.0
95;2021-01-09;251;0;1176;1;0.1;0.0
95;2021-01-10;382;1;1558;2;0.1;0.0
95;2021-01-11;482;1;2040;3;0.2;0.0
95;2021-01-12;858;1;2898;4;0.2;0.0
95;2021-01-13;780;13;3678;17;0.3;0.0
95;2021-01-14;877;10;4555;27;0.4;0.0
95;2021-01-15;752;4;5307;31;0.4;0.0
95;2021-01-16;297;3;5604;34;0.4;0.0
95;2021-01-17;216;1;5820;35;0.5;0.0
95;2021-01-18;1334;2;7154;37;0.6;0.0
95;2021-01-19;1568;4;8722;41;0.7;0.0
95;2021-01-20;2031;5;10753;46;0.9;0.0
95;2021-01-21;1851;2;12604;48;1.0;0.0
95;2021-01-22;1317;5;13921;53;1.1;0.0
95;2021-01-23;646;0;14567;53;1.2;0.0
95;2021-01-24;181;0;14748;53;1.2;0.0
95;2021-01-25;795;37;15543;90;1.2;0.0
95;2021-01-26;981;159;16524;249;1.3;0.0
95;2021-01-27;1245;191;17769;440;1.4;0.0
95;2021-01-28;1713;35;19482;475;1.6;0.0
95;2021-01-29;1245;209;20727;684;1.7;0.1
95;2021-01-30;477;5;21204;689;1.7;0.1
95;2021-01-31;209;2;21413;691;1.7;0.1
95;2021-02-01;562;276;21975;967;1.8;0.1
95;2021-02-02;527;268;22502;1235;1.8;0.1
95;2021-02-03;611;520;23113;1755;1.9;0.1
95;2021-02-04;1063;367;24176;2122;1.9;0.2
95;2021-02-05;730;309;24906;2431;2.0;0.2
95;2021-02-06;335;258;25241;2689;2.0;0.2
95;2021-02-07;139;421;25380;3110;2.0;0.2
95;2021-02-08;762;344;26142;3454;2.1;0.3
95;2021-02-09;1127;1087;27269;4541;2.2;0.4
95;2021-02-10;1254;1409;28523;5950;2.3;0.5
95;2021-02-11;1383;1144;29906;7094;2.4;0.6
95;2021-02-12;1029;989;30935;8083;2.5;0.6
95;2021-02-13;329;317;31264;8400;2.5;0.7
95;2021-02-14;36;194;31300;8594;2.5;0.7
95;2021-02-15;423;1065;31723;9659;2.5;0.8
95;2021-02-16;492;922;32215;10581;2.6;0.8
95;2021-02-17;651;1144;32866;11725;2.6;0.9
95;2021-02-18;719;1709;33585;13434;2.7;1.1
95;2021-02-19;782;1314;34367;14748;2.8;1.2
95;2021-02-20;304;492;34671;15240;2.8;1.2
95;2021-02-21;165;317;34836;15557;2.8;1.2
95;2021-02-22;327;1029;35163;16586;2.8;1.3
95;2021-02-23;366;729;35529;17315;2.8;1.4
95;2021-02-24;308;884;35837;18199;2.9;1.5
95;2021-02-25;721;1133;36558;19332;2.9;1.5
95;2021-02-26;987;911;37545;20243;3.0;1.6
95;2021-02-27;363;432;37908;20675;3.0;1.7
95;2021-02-28;61;237;37969;20912;3.0;1.7
95;2021-03-01;766;595;38735;21507;3.1;1.7
95;2021-03-02;1311;856;40046;22363;3.2;1.8
95;2021-03-03;1588;981;41634;23344;3.3;1.9
95;2021-03-04;3188;1188;44822;24532;3.6;2.0
95;2021-03-05;3652;1065;48474;25597;3.9;2.1
95;2021-03-06;4001;486;52475;26083;4.2;2.1
95;2021-03-07;4206;298;56681;26381;4.5;2.1
95;2021-03-08;1541;853;58222;27234;4.7;2.2
95;2021-03-09;2608;492;60830;27726;4.9;2.2
95;2021-03-10;2340;836;63170;28562;5.1;2.3
95;2021-03-11;3135;1126;66305;29688;5.3;2.4
95;2021-03-12;3514;771;69819;30459;5.6;2.4
95;2021-03-13;3514;401;73333;30860;5.9;2.5
95;2021-03-14;1978;281;75311;31141;6.0;2.5
95;2021-03-15;2362;303;77673;31444;6.2;2.5
95;2021-03-16;1570;409;79243;31853;6.3;2.6
95;2021-03-17;2100;402;81343;32255;6.5;2.6
95;2021-03-18;2792;362;84135;32617;6.7;2.6
95;2021-03-19;3466;346;87601;32963;7.0;2.6
95;2021-03-20;2585;192;90186;33155;7.2;2.7
95;2021-03-21;1197;213;91383;33368;7.3;2.7
95;2021-03-22;2935;354;94318;33722;7.6;2.7
95;2021-03-23;3419;441;97737;34163;7.8;2.7
95;2021-03-24;3925;483;101662;34646;8.1;2.8
95;2021-03-25;5849;621;107511;35267;8.6;2.8
95;2021-03-26;5425;643;112936;35910;9.0;2.9
95;2021-03-27;3742;188;116678;36098;9.3;2.9
95;2021-03-28;1527;98;118205;36196;9.5;2.9
95;2021-03-29;2892;561;121097;36757;9.7;2.9
95;2021-03-30;3867;1202;124964;37959;10.0;3.0
95;2021-03-31;3647;1639;128611;39598;10.3;3.2
95;2021-04-01;5472;2231;134083;41829;10.7;3.4
95;2021-04-02;3541;2738;137624;44567;11.0;3.6
95;2021-04-03;2089;2479;139713;47046;11.2;3.8
95;2021-04-04;1244;1175;140957;48221;11.3;3.9
95;2021-04-05;592;60;141549;48281;11.3;3.9
95;2021-04-06;1852;1533;143401;49814;11.5;4.0
95;2021-04-07;4939;2136;148340;51950;11.9;4.2
95;2021-04-08;4881;2439;153221;54389;12.3;4.4
95;2021-04-09;5422;2308;158643;56697;12.7;4.5
95;2021-04-10;3703;1419;162346;58116;13.0;4.7
95;2021-04-11;1567;1026;163913;59142;13.1;4.7
95;2021-04-12;3231;1593;167144;60735;13.4;4.9
95;2021-04-13;3140;1669;170284;62404;13.6;5.0
95;2021-04-14;2744;1979;173028;64383;13.9;5.2
95;2021-04-15;3892;3308;176920;67691;14.2;5.4
95;2021-04-16;4059;3004;180979;70695;14.5;5.7
95;2021-04-17;2370;1753;183349;72448;14.7;5.8
95;2021-04-18;1507;1018;184856;73466;14.8;5.9
95;2021-04-19;2559;2352;187415;75818;15.0;6.1
95;2021-04-20;2112;2452;189527;78270;15.2;6.3
95;2021-04-21;3925;2626;193452;80896;15.5;6.5
95;2021-04-22;3403;4610;196855;85506;15.8;6.8
95;2021-04-23;2760;3545;199615;89051;16.0;7.1
95;2021-04-24;3559;2571;203174;91622;16.3;7.3
95;2021-04-25;1961;1548;205135;93170;16.4;7.5
95;2021-04-26;2744;2695;207879;95865;16.7;7.7
95;2021-04-27;3840;2154;211719;98019;17.0;7.9
95;2021-04-28;3886;2659;215605;100678;17.3;8.1
95;2021-04-29;6132;4525;221737;105203;17.8;8.4
95;2021-04-30;6897;2925;228634;108128;18.3;8.7
95;2021-05-01;2363;909;230997;109037;18.5;8.7
95;2021-05-02;2444;1485;233441;110522;18.7;8.9
95;2021-05-03;5069;1889;238510;112411;19.1;9.0
95;2021-05-04;6346;2707;244856;115118;19.6;9.2
95;2021-05-05;5140;3810;249996;118928;20.0;9.5
95;2021-05-06;8199;4912;258195;123840;20.7;9.9
95;2021-05-07;5770;4743;263965;128583;21.1;10.3
95;2021-05-08;5735;1520;269700;130103;21.6;10.4
95;2021-05-09;2822;1557;272522;131660;21.8;10.5
95;2021-05-10;9938;3153;282460;134813;22.6;10.8
95;2021-05-11;8443;3441;290903;138254;23.3;11.1
95;2021-05-12;9452;3205;300355;141459;24.1;11.3
95;2021-05-13;7950;1196;308305;142655;24.7;11.4
95;2021-05-14;7004;1889;315309;144544;25.3;11.6
95;2021-05-15;4506;1065;319815;145609;25.6;11.7
95;2021-05-16;4812;803;324627;146412;26.0;11.7
95;2021-05-17;7728;1333;332355;147745;26.6;11.8
95;2021-05-18;9455;1851;341810;149596;27.4;12.0
95;2021-05-19;9240;2508;351050;152104;28.1;12.2
95;2021-05-20;12566;2430;363616;154534;29.1;12.4
95;2021-05-21;10174;2523;373790;157057;29.9;12.6
95;2021-05-22;9395;1537;383185;158594;30.7;12.7
95;2021-05-23;4133;930;387318;159524;31.0;12.8
95;2021-05-24;2392;540;389710;160064;31.2;12.8
95;2021-05-25;7199;2069;396909;162133;31.8;13.0
95;2021-05-26;8833;3103;405742;165236;32.5;13.2
95;2021-05-27;10353;4414;416095;169650;33.3;13.6
95;2021-05-28;7678;4419;423773;174069;33.9;13.9
95;2021-05-29;5256;2758;429029;176827;34.4;14.2
95;2021-05-30;3720;1683;432749;178510;34.7;14.3
95;2021-05-31;6417;3314;439166;181824;35.2;14.6
95;2021-06-01;8617;3789;447783;185613;35.9;14.9
95;2021-06-02;8596;4730;456379;190343;36.6;15.2
95;2021-06-03;8454;6550;464833;196893;37.2;15.8
95;2021-06-04;8813;4392;473646;201285;37.9;16.1
95;2021-06-05;8321;3730;481967;205015;38.6;16.4
95;2021-06-06;4807;1577;486774;206592;39.0;16.5
95;2021-06-07;5973;4529;492747;211121;39.5;16.9
95;2021-06-08;6445;5497;499192;216618;40.0;17.4
95;2021-06-09;5847;6443;505039;223061;40.5;17.9
95;2021-06-10;6235;6781;511274;229842;41.0;18.4
95;2021-06-11;7065;6414;518339;236256;41.5;18.9
95;2021-06-12;5966;4363;524305;240619;42.0;19.3
95;2021-06-13;2018;3277;526323;243896;42.2;19.5
95;2021-06-14;4559;5956;530882;249852;42.5;20.0
95;2021-06-15;3960;8026;534842;257878;42.8;20.7
95;2021-06-16;5077;7531;539919;265409;43.3;21.3
95;2021-06-17;6341;8135;546260;273544;43.8;21.9
95;2021-06-18;5312;7842;551572;281386;44.2;22.5
95;2021-06-19;4939;8919;556511;290305;44.6;23.3
95;2021-06-20;1389;3303;557900;293608;44.7;23.5
95;2021-06-21;2970;7706;560870;301314;44.9;24.1
95;2021-06-22;4681;9014;565551;310328;45.3;24.9
95;2021-06-23;4611;10874;570162;321202;45.7;25.7
95;2021-06-24;4843;10707;575005;331909;46.1;26.6
95;2021-06-25;4736;10346;579741;342255;46.4;27.4
95;2021-06-26;4237;8470;583978;350725;46.8;28.1
95;2021-06-27;955;3984;584933;354709;46.9;28.4
95;2021-06-28;2615;9483;587548;364192;47.1;29.2
95;2021-06-29;2447;8765;589995;372957;47.3;29.9
95;2021-06-30;3781;9971;593776;382928;47.6;30.7
95;2021-07-01;4070;11138;597846;394066;47.9;31.6
95;2021-07-02;3997;10518;601843;404584;48.2;32.4
95;2021-07-03;3512;9139;605355;413723;48.5;33.1
95;2021-07-04;1223;3394;606578;417117;48.6;33.4
95;2021-07-05;2264;4365;608842;421482;48.8;33.8
95;2021-07-06;2592;7736;611434;429218;49.0;34.4
95;2021-07-07;3900;9610;615334;438828;49.3;35.2
95;2021-07-08;5210;9755;620544;448583;49.7;35.9
95;2021-07-09;4446;10022;624990;458605;50.1;36.7
95;2021-07-10;3377;7386;628367;465991;50.3;37.3
95;2021-07-11;1473;3595;629840;469586;50.5;37.6
95;2021-07-12;2903;9653;632743;479239;50.7;38.4
95;2021-07-13;4987;9996;637730;489235;51.1;39.2
95;2021-07-14;4299;5652;642029;494887;51.4;39.6
95;2021-07-15;7142;12199;649171;507086;52.0;40.6
95;2021-07-16;7837;11896;657008;518982;52.6;41.6
95;2021-07-17;5013;7768;662021;526750;53.0;42.2
95;2021-07-18;3300;2813;665321;529563;53.3;42.4
95;2021-07-19;4538;6759;669859;536322;53.7;43.0
971;2020-12-27;0;0;0;0;0.0;0.0
971;2020-12-28;0;0;0;0;0.0;0.0
971;2020-12-29;0;0;0;0;0.0;0.0
971;2020-12-30;0;0;0;0;0.0;0.0
971;2020-12-31;0;0;0;0;0.0;0.0
971;2021-01-01;1;0;1;0;0.0;0.0
971;2021-01-02;0;0;1;0;0.0;0.0
971;2021-01-03;0;0;1;0;0.0;0.0
971;2021-01-04;1;0;2;0;0.0;0.0
971;2021-01-05;0;0;2;0;0.0;0.0
971;2021-01-06;1;0;3;0;0.0;0.0
971;2021-01-07;0;0;3;0;0.0;0.0
971;2021-01-08;54;0;57;0;0.0;0.0
971;2021-01-09;19;0;76;0;0.0;0.0
971;2021-01-10;0;0;76;0;0.0;0.0
971;2021-01-11;56;0;132;0;0.0;0.0
971;2021-01-12;45;0;177;0;0.0;0.0
971;2021-01-13;45;1;222;1;0.1;0.0
971;2021-01-14;61;0;283;1;0.1;0.0
971;2021-01-15;76;0;359;1;0.1;0.0
971;2021-01-16;0;0;359;1;0.1;0.0
971;2021-01-17;0;0;359;1;0.1;0.0
971;2021-01-18;77;0;436;1;0.1;0.0
971;2021-01-19;144;0;580;1;0.2;0.0
971;2021-01-20;134;0;714;1;0.2;0.0
971;2021-01-21;151;1;865;2;0.2;0.0
971;2021-01-22;134;0;999;2;0.3;0.0
971;2021-01-23;1;0;1000;2;0.3;0.0
971;2021-01-24;0;0;1000;2;0.3;0.0
971;2021-01-25;202;0;1202;2;0.3;0.0
971;2021-01-26;211;1;1413;3;0.4;0.0
971;2021-01-27;234;0;1647;3;0.4;0.0
971;2021-01-28;238;3;1885;6;0.5;0.0
971;2021-01-29;198;2;2083;8;0.6;0.0
971;2021-01-30;19;0;2102;8;0.6;0.0
971;2021-01-31;1;0;2103;8;0.6;0.0
971;2021-02-01;224;4;2327;12;0.6;0.0
971;2021-02-02;242;26;2569;38;0.7;0.0
971;2021-02-03;218;3;2787;41;0.7;0.0
971;2021-02-04;299;21;3086;62;0.8;0.0
971;2021-02-05;263;32;3349;94;0.9;0.0
971;2021-02-06;49;1;3398;95;0.9;0.0
971;2021-02-07;0;0;3398;95;0.9;0.0
971;2021-02-08;233;22;3631;117;1.0;0.0
971;2021-02-09;301;29;3932;146;1.0;0.0
971;2021-02-10;227;29;4159;175;1.1;0.0
971;2021-02-11;295;112;4454;287;1.2;0.1
971;2021-02-12;284;26;4738;313;1.3;0.1
971;2021-02-13;50;7;4788;320;1.3;0.1
971;2021-02-14;19;36;4807;356;1.3;0.1
971;2021-02-15;75;46;4882;402;1.3;0.1
971;2021-02-16;16;1;4898;403;1.3;0.1
971;2021-02-17;17;1;4915;404;1.3;0.1
971;2021-02-18;226;18;5141;422;1.4;0.1
971;2021-02-19;232;21;5373;443;1.4;0.1
971;2021-02-20;48;0;5421;443;1.4;0.1
971;2021-02-21;1;0;5422;443;1.4;0.1
971;2021-02-22;162;65;5584;508;1.5;0.1
971;2021-02-23;191;74;5775;582;1.5;0.2
971;2021-02-24;321;126;6096;708;1.6;0.2
971;2021-02-25;374;80;6470;788;1.7;0.2
971;2021-02-26;213;84;6683;872;1.8;0.2
971;2021-02-27;63;0;6746;872;1.8;0.2
971;2021-02-28;1;0;6747;872;1.8;0.2
971;2021-03-01;157;82;6904;954;1.8;0.3
971;2021-03-02;261;131;7165;1085;1.9;0.3
971;2021-03-03;228;120;7393;1205;2.0;0.3
971;2021-03-04;319;86;7712;1291;2.0;0.3
971;2021-03-05;356;149;8068;1440;2.1;0.4
971;2021-03-06;588;4;8656;1444;2.3;0.4
971;2021-03-07;1;0;8657;1444;2.3;0.4
971;2021-03-08;297;141;8954;1585;2.4;0.4
971;2021-03-09;361;152;9315;1737;2.5;0.5
971;2021-03-10;404;163;9719;1900;2.6;0.5
971;2021-03-11;122;45;9841;1945;2.6;0.5
971;2021-03-12;485;227;10326;2172;2.7;0.6
971;2021-03-13;133;2;10459;2174;2.8;0.6
971;2021-03-14;14;24;10473;2198;2.8;0.6
971;2021-03-15;415;44;10888;2242;2.9;0.6
971;2021-03-16;458;81;11346;2323;3.0;0.6
971;2021-03-17;449;88;11795;2411;3.1;0.6
971;2021-03-18;551;107;12346;2518;3.3;0.7
971;2021-03-19;563;99;12909;2617;3.4;0.7
971;2021-03-20;176;44;13085;2661;3.5;0.7
971;2021-03-21;8;0;13093;2661;3.5;0.7
971;2021-03-22;347;87;13440;2748;3.6;0.7
971;2021-03-23;512;156;13952;2904;3.7;0.8
971;2021-03-24;462;108;14414;3012;3.8;0.8
971;2021-03-25;756;179;15170;3191;4.0;0.8
971;2021-03-26;640;120;15810;3311;4.2;0.9
971;2021-03-27;275;47;16085;3358;4.3;0.9
971;2021-03-28;7;1;16092;3359;4.3;0.9
971;2021-03-29;378;83;16470;3442;4.4;0.9
971;2021-03-30;621;164;17091;3606;4.5;1.0
971;2021-03-31;544;130;17635;3736;4.7;1.0
971;2021-04-01;648;200;18283;3936;4.9;1.0
971;2021-04-02;38;35;18321;3971;4.9;1.1
971;2021-04-03;49;2;18370;3973;4.9;1.1
971;2021-04-04;4;18;18374;3991;4.9;1.1
971;2021-04-05;12;0;18386;3991;4.9;1.1
971;2021-04-06;471;193;18857;4184;5.0;1.1
971;2021-04-07;575;115;19432;4299;5.2;1.1
971;2021-04-08;491;162;19923;4461;5.3;1.2
971;2021-04-09;478;209;20401;4670;5.4;1.2
971;2021-04-10;97;4;20498;4674;5.4;1.2
971;2021-04-11;3;23;20501;4697;5.4;1.2
971;2021-04-12;290;259;20791;4956;5.5;1.3
971;2021-04-13;553;320;21344;5276;5.7;1.4
971;2021-04-14;427;223;21771;5499;5.8;1.5
971;2021-04-15;550;314;22321;5813;5.9;1.5
971;2021-04-16;555;271;22876;6084;6.1;1.6
971;2021-04-17;202;4;23078;6088;6.1;1.6
971;2021-04-18;5;14;23083;6102;6.1;1.6
971;2021-04-19;397;241;23480;6343;6.2;1.7
971;2021-04-20;723;344;24203;6687;6.4;1.8
971;2021-04-21;623;312;24826;6999;6.6;1.9
971;2021-04-22;807;331;25633;7330;6.8;1.9
971;2021-04-23;846;248;26479;7578;7.0;2.0
971;2021-04-24;385;74;26864;7652;7.1;2.0
971;2021-04-25;592;62;27456;7714;7.3;2.0
971;2021-04-26;942;214;28398;7928;7.5;2.1
971;2021-04-27;667;232;29065;8160;7.7;2.2
971;2021-04-28;855;264;29920;8424;7.9;2.2
971;2021-04-29;1188;200;31108;8624;8.3;2.3
971;2021-04-30;1260;186;32368;8810;8.6;2.3
971;2021-05-01;595;41;32963;8851;8.7;2.3
971;2021-05-02;346;17;33309;8868;8.8;2.4
971;2021-05-03;913;177;34222;9045;9.1;2.4
971;2021-05-04;956;205;35178;9250;9.3;2.5
971;2021-05-05;1007;244;36185;9494;9.6;2.5
971;2021-05-06;1145;172;37330;9666;9.9;2.6
971;2021-05-07;1250;264;38580;9930;10.2;2.6
971;2021-05-08;317;35;38897;9965;10.3;2.6
971;2021-05-09;179;9;39076;9974;10.4;2.6
971;2021-05-10;832;211;39908;10185;10.6;2.7
971;2021-05-11;961;310;40869;10495;10.8;2.8
971;2021-05-12;906;324;41775;10819;11.1;2.9
971;2021-05-13;210;79;41985;10898;11.1;2.9
971;2021-05-14;858;272;42843;11170;11.4;3.0
971;2021-05-15;479;14;43322;11184;11.5;3.0
971;2021-05-16;181;36;43503;11220;11.5;3.0
971;2021-05-17;711;272;44214;11492;11.7;3.0
971;2021-05-18;741;387;44955;11879;11.9;3.2
971;2021-05-19;699;528;45654;12407;12.1;3.3
971;2021-05-20;781;376;46435;12783;12.3;3.4
971;2021-05-21;814;405;47249;13188;12.5;3.5
971;2021-05-22;494;212;47743;13400;12.7;3.6
971;2021-05-23;202;113;47945;13513;12.7;3.6
971;2021-05-24;200;175;48145;13688;12.8;3.6
971;2021-05-25;537;659;48682;14347;12.9;3.8
971;2021-05-26;594;491;49276;14838;13.1;3.9
971;2021-05-27;130;185;49406;15023;13.1;4.0
971;2021-05-28;517;525;49923;15548;13.2;4.1
971;2021-05-29;234;137;50157;15685;13.3;4.2
971;2021-05-30;77;113;50234;15798;13.3;4.2
971;2021-05-31;455;535;50689;16333;13.4;4.3
971;2021-06-01;583;709;51272;17042;13.6;4.5
971;2021-06-02;577;707;51849;17749;13.8;4.7
971;2021-06-03;505;563;52354;18312;13.9;4.9
971;2021-06-04;788;806;53142;19118;14.1;5.1
971;2021-06-05;314;645;53456;19763;14.2;5.2
971;2021-06-06;131;529;53587;20292;14.2;5.4
971;2021-06-07;424;782;54011;21074;14.3;5.6
971;2021-06-08;518;894;54529;21968;14.5;5.8
971;2021-06-09;480;859;55009;22827;14.6;6.1
971;2021-06-10;514;847;55523;23674;14.7;6.3
971;2021-06-11;456;1240;55979;24914;14.9;6.6
971;2021-06-12;294;661;56273;25575;14.9;6.8
971;2021-06-13;128;314;56401;25889;15.0;6.9
971;2021-06-14;361;3799;56762;29688;15.1;7.9
971;2021-06-15;477;2015;57239;31703;15.2;8.4
971;2021-06-16;468;1484;57707;33187;15.3;8.8
971;2021-06-17;423;1014;58130;34201;15.4;9.1
971;2021-06-18;458;1019;58588;35220;15.5;9.3
971;2021-06-19;311;510;58899;35730;15.6;9.5
971;2021-06-20;108;230;59007;35960;15.7;9.5
971;2021-06-21;321;681;59328;36641;15.7;9.7
971;2021-06-22;314;874;59642;37515;15.8;10.0
971;2021-06-23;353;885;59995;38400;15.9;10.2
971;2021-06-24;382;729;60377;39129;16.0;10.4
971;2021-06-25;444;765;60821;39894;16.1;10.6
971;2021-06-26;292;512;61113;40406;16.2;10.7
971;2021-06-27;106;149;61219;40555;16.2;10.8
971;2021-06-28;295;689;61514;41244;16.3;10.9
971;2021-06-29;359;780;61873;42024;16.4;11.2
971;2021-06-30;405;920;62278;42944;16.5;11.4
971;2021-07-01;339;650;62617;43594;16.6;11.6
971;2021-07-02;416;693;63033;44287;16.7;11.8
971;2021-07-03;266;461;63299;44748;16.8;11.9
971;2021-07-04;110;239;63409;44987;16.8;11.9
971;2021-07-05;314;507;63723;45494;16.9;12.1
971;2021-07-06;363;762;64086;46256;17.0;12.3
971;2021-07-07;369;847;64455;47103;17.1;12.5
971;2021-07-08;398;791;64853;47894;17.2;12.7
971;2021-07-09;424;796;65277;48690;17.3;12.9
971;2021-07-10;242;294;65519;48984;17.4;13.0
971;2021-07-11;168;135;65687;49119;17.4;13.0
971;2021-07-12;473;608;66160;49727;17.6;13.2
971;2021-07-13;832;999;66992;50726;17.8;13.5
971;2021-07-14;455;281;67447;51007;17.9;13.5
971;2021-07-15;839;826;68286;51833;18.1;13.8
971;2021-07-16;1043;1030;69329;52863;18.4;14.0
971;2021-07-17;641;438;69970;53301;18.6;14.1
971;2021-07-18;398;215;70368;53516;18.7;14.2
971;2021-07-19;527;565;70895;54081;18.8;14.3
972;2020-12-27;0;0;0;0;0.0;0.0
972;2020-12-28;0;0;0;0;0.0;0.0
972;2020-12-29;0;0;0;0;0.0;0.0
972;2020-12-30;0;0;0;0;0.0;0.0
972;2020-12-31;0;0;0;0;0.0;0.0
972;2021-01-01;0;0;0;0;0.0;0.0
972;2021-01-02;0;0;0;0;0.0;0.0
972;2021-01-03;0;0;0;0;0.0;0.0
972;2021-01-04;0;0;0;0;0.0;0.0
972;2021-01-05;0;0;0;0;0.0;0.0
972;2021-01-06;5;0;5;0;0.0;0.0
972;2021-01-07;31;0;36;0;0.0;0.0
972;2021-01-08;82;1;118;1;0.0;0.0
972;2021-01-09;20;0;138;1;0.0;0.0
972;2021-01-10;0;0;138;1;0.0;0.0
972;2021-01-11;122;0;260;1;0.1;0.0
972;2021-01-12;79;0;339;1;0.1;0.0
972;2021-01-13;64;0;403;1;0.1;0.0
972;2021-01-14;88;1;491;2;0.1;0.0
972;2021-01-15;137;0;628;2;0.2;0.0
972;2021-01-16;51;0;679;2;0.2;0.0
972;2021-01-17;0;0;679;2;0.2;0.0
972;2021-01-18;157;0;836;2;0.2;0.0
972;2021-01-19;168;1;1004;3;0.3;0.0
972;2021-01-20;165;0;1169;3;0.3;0.0
972;2021-01-21;181;2;1350;5;0.4;0.0
972;2021-01-22;156;0;1506;5;0.4;0.0
972;2021-01-23;58;0;1564;5;0.4;0.0
972;2021-01-24;0;0;1564;5;0.4;0.0
972;2021-01-25;160;0;1724;5;0.5;0.0
972;2021-01-26;137;0;1861;5;0.5;0.0
972;2021-01-27;163;5;2024;10;0.6;0.0
972;2021-01-28;143;12;2167;22;0.6;0.0
972;2021-01-29;143;41;2310;63;0.6;0.0
972;2021-01-30;96;16;2406;79;0.7;0.0
972;2021-01-31;0;0;2406;79;0.7;0.0
972;2021-02-01;119;74;2525;153;0.7;0.0
972;2021-02-02;184;96;2709;249;0.8;0.1
972;2021-02-03;132;80;2841;329;0.8;0.1
972;2021-02-04;158;73;2999;402;0.8;0.1
972;2021-02-05;120;96;3119;498;0.9;0.1
972;2021-02-06;62;26;3181;524;0.9;0.1
972;2021-02-07;1;0;3182;524;0.9;0.1
972;2021-02-08;137;80;3319;604;0.9;0.2
972;2021-02-09;176;78;3495;682;1.0;0.2
972;2021-02-10;139;90;3634;772;1.0;0.2
972;2021-02-11;150;103;3784;875;1.1;0.2
972;2021-02-12;145;131;3929;1006;1.1;0.3
972;2021-02-13;47;37;3976;1043;1.1;0.3
972;2021-02-14;0;0;3976;1043;1.1;0.3
972;2021-02-15;51;67;4027;1110;1.1;0.3
972;2021-02-16;0;1;4027;1111;1.1;0.3
972;2021-02-17;1;3;4028;1114;1.1;0.3
972;2021-02-18;69;127;4097;1241;1.1;0.3
972;2021-02-19;69;131;4166;1372;1.2;0.4
972;2021-02-20;48;69;4214;1441;1.2;0.4
972;2021-02-21;0;0;4214;1441;1.2;0.4
972;2021-02-22;102;60;4316;1501;1.2;0.4
972;2021-02-23;113;237;4429;1738;1.2;0.5
972;2021-02-24;106;223;4535;1961;1.3;0.5
972;2021-02-25;89;150;4624;2111;1.3;0.6
972;2021-02-26;128;169;4752;2280;1.3;0.6
972;2021-02-27;69;52;4821;2332;1.3;0.7
972;2021-02-28;0;0;4821;2332;1.3;0.7
972;2021-03-01;137;146;4958;2478;1.4;0.7
972;2021-03-02;157;79;5115;2557;1.4;0.7
972;2021-03-03;179;145;5294;2702;1.5;0.8
972;2021-03-04;145;135;5439;2837;1.5;0.8
972;2021-03-05;238;128;5677;2965;1.6;0.8
972;2021-03-06;119;59;5796;3024;1.6;0.8
972;2021-03-07;100;1;5896;3025;1.6;0.8
972;2021-03-08;196;132;6092;3157;1.7;0.9
972;2021-03-09;270;101;6362;3258;1.8;0.9
972;2021-03-10;322;135;6684;3393;1.9;0.9
972;2021-03-11;335;83;7019;3476;2.0;1.0
972;2021-03-12;401;54;7420;3530;2.1;1.0
972;2021-03-13;155;21;7575;3551;2.1;1.0
972;2021-03-14;4;1;7579;3552;2.1;1.0
972;2021-03-15;276;90;7855;3642;2.2;1.0
972;2021-03-16;305;55;8160;3697;2.3;1.0
972;2021-03-17;387;49;8547;3746;2.4;1.0
972;2021-03-18;435;44;8982;3790;2.5;1.1
972;2021-03-19;396;62;9378;3852;2.6;1.1
972;2021-03-20;149;48;9527;3900;2.7;1.1
972;2021-03-21;25;1;9552;3901;2.7;1.1
972;2021-03-22;362;118;9914;4019;2.8;1.1
972;2021-03-23;402;123;10316;4142;2.9;1.2
972;2021-03-24;428;105;10744;4247;3.0;1.2
972;2021-03-25;476;100;11220;4347;3.1;1.2
972;2021-03-26;632;101;11852;4448;3.3;1.2
972;2021-03-27;152;70;12004;4518;3.3;1.3
972;2021-03-28;81;2;12085;4520;3.4;1.3
972;2021-03-29;421;166;12506;4686;3.5;1.3
972;2021-03-30;469;243;12975;4929;3.6;1.4
972;2021-03-31;1144;190;14119;5119;3.9;1.4
972;2021-04-01;955;171;15074;5290;4.2;1.5
972;2021-04-02;895;11;15969;5301;4.5;1.5
972;2021-04-03;788;53;16757;5354;4.7;1.5
972;2021-04-04;750;10;17507;5364;4.9;1.5
972;2021-04-05;829;42;18336;5406;5.1;1.5
972;2021-04-06;883;134;19219;5540;5.4;1.5
972;2021-04-07;1435;325;20654;5865;5.8;1.6
972;2021-04-08;1306;269;21960;6134;6.1;1.7
972;2021-04-09;1240;316;23200;6450;6.5;1.8
972;2021-04-10;838;165;24038;6615;6.7;1.8
972;2021-04-11;621;12;24659;6627;6.9;1.8
972;2021-04-12;867;315;25526;6942;7.1;1.9
972;2021-04-13;880;326;26406;7268;7.4;2.0
972;2021-04-14;958;322;27364;7590;7.6;2.1
972;2021-04-15;959;296;28323;7886;7.9;2.2
972;2021-04-16;993;298;29316;8184;8.2;2.3
972;2021-04-17;529;161;29845;8345;8.3;2.3
972;2021-04-18;339;56;30184;8401;8.4;2.3
972;2021-04-19;668;344;30852;8745;8.6;2.4
972;2021-04-20;869;308;31721;9053;8.8;2.5
972;2021-04-21;999;354;32720;9407;9.1;2.6
972;2021-04-22;602;313;33322;9720;9.3;2.7
972;2021-04-23;606;465;33928;10185;9.5;2.8
972;2021-04-24;361;197;34289;10382;9.6;2.9
972;2021-04-25;168;200;34457;10582;9.6;2.9
972;2021-04-26;515;541;34972;11123;9.7;3.1
972;2021-04-27;568;608;35540;11731;9.9;3.3
972;2021-04-28;449;690;35989;12421;10.0;3.5
972;2021-04-29;652;641;36641;13062;10.2;3.6
972;2021-04-30;771;687;37412;13749;10.4;3.8
972;2021-05-01;243;246;37655;13995;10.5;3.9
972;2021-05-02;226;513;37881;14508;10.6;4.0
972;2021-05-03;569;771;38450;15279;10.7;4.3
972;2021-05-04;525;677;38975;15956;10.9;4.4
972;2021-05-05;546;896;39521;16852;11.0;4.7
972;2021-05-06;546;783;40067;17635;11.2;4.9
972;2021-05-07;629;1016;40696;18651;11.3;5.2
972;2021-05-08;224;526;40920;19177;11.4;5.3
972;2021-05-09;172;506;41092;19683;11.5;5.5
972;2021-05-10;520;859;41612;20542;11.6;5.7
972;2021-05-11;477;872;42089;21414;11.7;6.0
972;2021-05-12;557;912;42646;22326;11.9;6.2
972;2021-05-13;274;534;42920;22860;12.0;6.4
972;2021-05-14;389;752;43309;23612;12.1;6.6
972;2021-05-15;233;579;43542;24191;12.1;6.7
972;2021-05-16;155;442;43697;24633;12.2;6.9
972;2021-05-17;473;753;44170;25386;12.3;7.1
972;2021-05-18;446;680;44616;26066;12.4;7.3
972;2021-05-19;451;744;45067;26810;12.6;7.5
972;2021-05-20;593;501;45660;27311;12.7;7.6
972;2021-05-21;545;705;46205;28016;12.9;7.8
972;2021-05-22;185;364;46390;28380;12.9;7.9
972;2021-05-23;110;181;46500;28561;13.0;8.0
972;2021-05-24;135;241;46635;28802;13.0;8.0
972;2021-05-25;351;698;46986;29500;13.1;8.2
972;2021-05-26;383;712;47369;30212;13.2;8.4
972;2021-05-27;269;647;47638;30859;13.3;8.6
972;2021-05-28;280;816;47918;31675;13.4;8.8
972;2021-05-29;154;513;48072;32188;13.4;9.0
972;2021-05-30;17;33;48089;32221;13.4;9.0
972;2021-05-31;345;682;48434;32903;13.5;9.2
972;2021-06-01;300;547;48734;33450;13.6;9.3
972;2021-06-02;322;575;49056;34025;13.7;9.5
972;2021-06-03;247;424;49303;34449;13.7;9.6
972;2021-06-04;350;644;49653;35093;13.8;9.8
972;2021-06-05;261;373;49914;35466;13.9;9.9
972;2021-06-06;24;31;49938;35497;13.9;9.9
972;2021-06-07;259;735;50197;36232;14.0;10.1
972;2021-06-08;254;589;50451;36821;14.1;10.3
972;2021-06-09;302;699;50753;37520;14.1;10.5
972;2021-06-10;305;452;51058;37972;14.2;10.6
972;2021-06-11;338;534;51396;38506;14.3;10.7
972;2021-06-12;245;324;51641;38830;14.4;10.8
972;2021-06-13;32;29;51673;38859;14.4;10.8
972;2021-06-14;366;552;52039;39411;14.5;11.0
972;2021-06-15;409;488;52448;39899;14.6;11.1
972;2021-06-16;436;440;52884;40339;14.7;11.2
972;2021-06-17;354;577;53238;40916;14.8;11.4
972;2021-06-18;453;538;53691;41454;15.0;11.6
972;2021-06-19;225;196;53916;41650;15.0;11.6
972;2021-06-20;25;17;53941;41667;15.0;11.6
972;2021-06-21;322;579;54263;42246;15.1;11.8
972;2021-06-22;292;467;54555;42713;15.2;11.9
972;2021-06-23;416;564;54971;43277;15.3;12.1
972;2021-06-24;322;438;55293;43715;15.4;12.2
972;2021-06-25;307;391;55600;44106;15.5;12.3
972;2021-06-26;219;199;55819;44305;15.6;12.3
972;2021-06-27;15;23;55834;44328;15.6;12.4
972;2021-06-28;317;426;56151;44754;15.7;12.5
972;2021-06-29;317;430;56468;45184;15.7;12.6
972;2021-06-30;430;419;56898;45603;15.9;12.7
972;2021-07-01;335;391;57233;45994;16.0;12.8
972;2021-07-02;122;203;57355;46197;16.0;12.9
972;2021-07-03;100;118;57455;46315;16.0;12.9
972;2021-07-04;24;35;57479;46350;16.0;12.9
972;2021-07-05;485;579;57964;46929;16.2;13.1
972;2021-07-06;480;429;58444;47358;16.3;13.2
972;2021-07-07;591;493;59035;47851;16.5;13.3
972;2021-07-08;485;420;59520;48271;16.6;13.5
972;2021-07-09;619;585;60139;48856;16.8;13.6
972;2021-07-10;400;305;60539;49161;16.9;13.7
972;2021-07-11;48;37;60587;49198;16.9;13.7
972;2021-07-12;839;691;61426;49889;17.1;13.9
972;2021-07-13;1463;707;62889;50596;17.5;14.1
972;2021-07-14;132;61;63021;50657;17.6;14.1
972;2021-07-15;1569;658;64590;51315;18.0;14.3
972;2021-07-16;1593;649;66183;51964;18.4;14.5
972;2021-07-17;1045;350;67228;52314;18.7;14.6
972;2021-07-18;56;39;67284;52353;18.8;14.6
972;2021-07-19;1054;634;68338;52987;19.0;14.8
973;2020-12-27;0;0;0;0;0.0;0.0
973;2020-12-28;0;0;0;0;0.0;0.0
973;2020-12-29;0;0;0;0;0.0;0.0
973;2020-12-30;0;0;0;0;0.0;0.0
973;2020-12-31;0;0;0;0;0.0;0.0
973;2021-01-01;0;0;0;0;0.0;0.0
973;2021-01-02;2;2;2;2;0.0;0.0
973;2021-01-03;0;0;2;2;0.0;0.0
973;2021-01-04;0;0;2;2;0.0;0.0
973;2021-01-05;0;0;2;2;0.0;0.0
973;2021-01-06;0;0;2;2;0.0;0.0
973;2021-01-07;0;0;2;2;0.0;0.0
973;2021-01-08;0;0;2;2;0.0;0.0
973;2021-01-09;0;0;2;2;0.0;0.0
973;2021-01-10;0;0;2;2;0.0;0.0
973;2021-01-11;0;0;2;2;0.0;0.0
973;2021-01-12;0;0;2;2;0.0;0.0
973;2021-01-13;30;0;32;2;0.0;0.0
973;2021-01-14;46;0;78;2;0.0;0.0
973;2021-01-15;35;0;113;2;0.0;0.0
973;2021-01-16;18;0;131;2;0.0;0.0
973;2021-01-17;0;0;131;2;0.0;0.0
973;2021-01-18;63;0;194;2;0.1;0.0
973;2021-01-19;149;1;343;3;0.1;0.0
973;2021-01-20;134;0;477;3;0.2;0.0
973;2021-01-21;118;0;595;3;0.2;0.0
973;2021-01-22;76;0;671;3;0.2;0.0
973;2021-01-23;0;0;671;3;0.2;0.0
973;2021-01-24;0;0;671;3;0.2;0.0
973;2021-01-25;56;0;727;3;0.3;0.0
973;2021-01-26;100;2;827;5;0.3;0.0
973;2021-01-27;109;1;936;6;0.3;0.0
973;2021-01-28;96;2;1032;8;0.4;0.0
973;2021-01-29;104;3;1136;11;0.4;0.0
973;2021-01-30;0;0;1136;11;0.4;0.0
973;2021-01-31;0;0;1136;11;0.4;0.0
973;2021-02-01;54;0;1190;11;0.4;0.0
973;2021-02-02;122;4;1312;15;0.5;0.0
973;2021-02-03;118;7;1430;22;0.5;0.0
973;2021-02-04;79;26;1509;48;0.5;0.0
973;2021-02-05;65;8;1574;56;0.5;0.0
973;2021-02-06;0;0;1574;56;0.5;0.0
973;2021-02-07;0;0;1574;56;0.5;0.0
973;2021-02-08;52;12;1626;68;0.6;0.0
973;2021-02-09;92;39;1718;107;0.6;0.0
973;2021-02-10;101;42;1819;149;0.6;0.1
973;2021-02-11;105;93;1924;242;0.7;0.1
973;2021-02-12;88;64;2012;306;0.7;0.1
973;2021-02-13;0;0;2012;306;0.7;0.1
973;2021-02-14;0;0;2012;306;0.7;0.1
973;2021-02-15;27;64;2039;370;0.7;0.1
973;2021-02-16;123;55;2162;425;0.7;0.1
973;2021-02-17;145;120;2307;545;0.8;0.2
973;2021-02-18;103;142;2410;687;0.8;0.2
973;2021-02-19;122;72;2532;759;0.9;0.3
973;2021-02-20;0;0;2532;759;0.9;0.3
973;2021-02-21;0;0;2532;759;0.9;0.3
973;2021-02-22;78;49;2610;808;0.9;0.3
973;2021-02-23;158;100;2768;908;1.0;0.3
973;2021-02-24;190;121;2958;1029;1.0;0.4
973;2021-02-25;259;87;3217;1116;1.1;0.4
973;2021-02-26;264;69;3481;1185;1.2;0.4
973;2021-02-27;120;1;3601;1186;1.2;0.4
973;2021-02-28;0;0;3601;1186;1.2;0.4
973;2021-03-01;180;85;3781;1271;1.3;0.4
973;2021-03-02;255;108;4036;1379;1.4;0.5
973;2021-03-03;255;132;4291;1511;1.5;0.5
973;2021-03-04;281;83;4572;1594;1.6;0.5
973;2021-03-05;274;46;4846;1640;1.7;0.6
973;2021-03-06;118;2;4964;1642;1.7;0.6
973;2021-03-07;0;0;4964;1642;1.7;0.6
973;2021-03-08;187;40;5151;1682;1.8;0.6
973;2021-03-09;350;92;5501;1774;1.9;0.6
973;2021-03-10;358;99;5859;1873;2.0;0.6
973;2021-03-11;270;114;6129;1987;2.1;0.7
973;2021-03-12;287;86;6416;2073;2.2;0.7
973;2021-03-13;110;4;6526;2077;2.2;0.7
973;2021-03-14;0;0;6526;2077;2.2;0.7
973;2021-03-15;181;27;6707;2104;2.3;0.7
973;2021-03-16;242;138;6949;2242;2.4;0.8
973;2021-03-17;273;129;7222;2371;2.5;0.8
973;2021-03-18;249;153;7471;2524;2.6;0.9
973;2021-03-19;284;127;7755;2651;2.7;0.9
973;2021-03-20;255;14;8010;2665;2.8;0.9
973;2021-03-21;119;2;8129;2667;2.8;0.9
973;2021-03-22;219;110;8348;2777;2.9;1.0
973;2021-03-23;274;193;8622;2970;3.0;1.0
973;2021-03-24;235;214;8857;3184;3.0;1.1
973;2021-03-25;168;179;9025;3363;3.1;1.2
973;2021-03-26;188;307;9213;3670;3.2;1.3
973;2021-03-27;56;93;9269;3763;3.2;1.3
973;2021-03-28;0;0;9269;3763;3.2;1.3
973;2021-03-29;175;246;9444;4009;3.2;1.4
973;2021-03-30;445;237;9889;4246;3.4;1.5
973;2021-03-31;318;291;10207;4537;3.5;1.6
973;2021-04-01;443;260;10650;4797;3.7;1.7
973;2021-04-02;306;279;10956;5076;3.8;1.7
973;2021-04-03;152;122;11108;5198;3.8;1.8
973;2021-04-04;0;0;11108;5198;3.8;1.8
973;2021-04-05;118;14;11226;5212;3.9;1.8
973;2021-04-06;438;335;11664;5547;4.0;1.9
973;2021-04-07;501;344;12165;5891;4.2;2.0
973;2021-04-08;512;264;12677;6155;4.4;2.1
973;2021-04-09;496;226;13173;6381;4.5;2.2
973;2021-04-10;148;91;13321;6472;4.6;2.2
973;2021-04-11;2;0;13323;6472;4.6;2.2
973;2021-04-12;551;267;13874;6739;4.8;2.3
973;2021-04-13;674;243;14548;6982;5.0;2.4
973;2021-04-14;719;312;15267;7294;5.3;2.5
973;2021-04-15;774;245;16041;7539;5.5;2.6
973;2021-04-16;756;297;16797;7836;5.8;2.7
973;2021-04-17;499;130;17296;7966;5.9;2.7
973;2021-04-18;499;39;17795;8005;6.1;2.8
973;2021-04-19;713;250;18508;8255;6.4;2.8
973;2021-04-20;604;277;19112;8532;6.6;2.9
973;2021-04-21;867;249;19979;8781;6.9;3.0
973;2021-04-22;723;228;20702;9009;7.1;3.1
973;2021-04-23;705;225;21407;9234;7.4;3.2
973;2021-04-24;525;95;21932;9329;7.5;3.2
973;2021-04-25;611;50;22543;9379;7.8;3.2
973;2021-04-26;780;229;23323;9608;8.0;3.3
973;2021-04-27;785;341;24108;9949;8.3;3.4
973;2021-04-28;695;328;24803;10277;8.5;3.5
973;2021-04-29;621;279;25424;10556;8.7;3.6
973;2021-04-30;673;252;26097;10808;9.0;3.7
973;2021-05-01;210;27;26307;10835;9.0;3.7
973;2021-05-02;602;84;26909;10919;9.3;3.8
973;2021-05-03;553;390;27462;11309;9.4;3.9
973;2021-05-04;621;312;28083;11621;9.7;4.0
973;2021-05-05;658;447;28741;12068;9.9;4.2
973;2021-05-06;653;466;29394;12534;10.1;4.3
973;2021-05-07;555;467;29949;13001;10.3;4.5
973;2021-05-08;341;58;30290;13059;10.4;4.5
973;2021-05-09;262;73;30552;13132;10.5;4.5
973;2021-05-10;423;612;30975;13744;10.7;4.7
973;2021-05-11;392;492;31367;14236;10.8;4.9
973;2021-05-12;505;646;31872;14882;11.0;5.1
973;2021-05-13;333;99;32205;14981;11.1;5.2
973;2021-05-14;478;550;32683;15531;11.2;5.3
973;2021-05-15;258;348;32941;15879;11.3;5.5
973;2021-05-16;207;210;33148;16089;11.4;5.5
973;2021-05-17;444;600;33592;16689;11.6;5.7
973;2021-05-18;560;564;34152;17253;11.7;5.9
973;2021-05-19;525;554;34677;17807;11.9;6.1
973;2021-05-20;640;451;35317;18258;12.1;6.3
973;2021-05-21;494;606;35811;18864;12.3;6.5
973;2021-05-22;167;502;35978;19366;12.4;6.7
973;2021-05-23;269;474;36247;19840;12.5;6.8
973;2021-05-24;560;246;36807;20086;12.7;6.9
973;2021-05-25;496;742;37303;20828;12.8;7.2
973;2021-05-26;440;683;37743;21511;13.0;7.4
973;2021-05-27;694;523;38437;22034;13.2;7.6
973;2021-05-28;556;553;38993;22587;13.4;7.8
973;2021-05-29;239;360;39232;22947;13.5;7.9
973;2021-05-30;151;399;39383;23346;13.5;8.0
973;2021-05-31;341;573;39724;23919;13.7;8.2
973;2021-06-01;395;461;40119;24380;13.8;8.4
973;2021-06-02;540;551;40659;24931;14.0;8.6
973;2021-06-03;486;470;41145;25401;14.2;8.7
973;2021-06-04;552;495;41697;25896;14.3;8.9
973;2021-06-05;272;293;41969;26189;14.4;9.0
973;2021-06-06;211;299;42180;26488;14.5;9.1
973;2021-06-07;470;450;42650;26938;14.7;9.3
973;2021-06-08;532;312;43182;27250;14.9;9.4
973;2021-06-09;503;384;43685;27634;15.0;9.5
973;2021-06-10;355;289;44040;27923;15.2;9.6
973;2021-06-11;433;468;44473;28391;15.3;9.8
973;2021-06-12;170;284;44643;28675;15.4;9.9
973;2021-06-13;212;268;44855;28943;15.4;10.0
973;2021-06-14;374;547;45229;29490;15.6;10.1
973;2021-06-15;359;441;45588;29931;15.7;10.3
973;2021-06-16;417;451;46005;30382;15.8;10.5
973;2021-06-17;377;574;46382;30956;16.0;10.6
973;2021-06-18;357;563;46739;31519;16.1;10.8
973;2021-06-19;234;260;46973;31779;16.2;10.9
973;2021-06-20;125;272;47098;32051;16.2;11.0
973;2021-06-21;275;597;47373;32648;16.3;11.2
973;2021-06-22;315;457;47688;33105;16.4;11.4
973;2021-06-23;280;535;47968;33640;16.5;11.6
973;2021-06-24;390;494;48358;34134;16.6;11.7
973;2021-06-25;376;545;48734;34679;16.8;11.9
973;2021-06-26;166;320;48900;34999;16.8;12.0
973;2021-06-27;118;170;49018;35169;16.9;12.1
973;2021-06-28;281;591;49299;35760;17.0;12.3
973;2021-06-29;325;500;49624;36260;17.1;12.5
973;2021-06-30;308;668;49932;36928;17.2;12.7
973;2021-07-01;345;394;50277;37322;17.3;12.8
973;2021-07-02;394;515;50671;37837;17.4;13.0
973;2021-07-03;203;272;50874;38109;17.5;13.1
973;2021-07-04;85;242;50959;38351;17.5;13.2
973;2021-07-05;300;539;51259;38890;17.6;13.4
973;2021-07-06;307;474;51566;39364;17.7;13.5
973;2021-07-07;305;409;51871;39773;17.8;13.7
973;2021-07-08;258;324;52129;40097;17.9;13.8
973;2021-07-09;354;435;52483;40532;18.1;13.9
973;2021-07-10;163;276;52646;40808;18.1;14.0
973;2021-07-11;101;164;52747;40972;18.1;14.1
973;2021-07-12;355;491;53102;41463;18.3;14.3
973;2021-07-13;648;554;53750;42017;18.5;14.5
973;2021-07-14;373;156;54123;42173;18.6;14.5
973;2021-07-15;611;518;54734;42691;18.8;14.7
973;2021-07-16;560;469;55294;43160;19.0;14.8
973;2021-07-17;334;280;55628;43440;19.1;14.9
973;2021-07-18;234;117;55862;43557;19.2;15.0
973;2021-07-19;479;440;56341;43997;19.4;15.1
974;2020-12-27;0;0;0;0;0.0;0.0
974;2020-12-28;0;0;0;0;0.0;0.0
974;2020-12-29;0;0;0;0;0.0;0.0
974;2020-12-30;0;0;0;0;0.0;0.0
974;2020-12-31;0;0;0;0;0.0;0.0
974;2021-01-01;1;0;1;0;0.0;0.0
974;2021-01-02;0;0;1;0;0.0;0.0
974;2021-01-03;0;0;1;0;0.0;0.0
974;2021-01-04;0;0;1;0;0.0;0.0
974;2021-01-05;2;0;3;0;0.0;0.0
974;2021-01-06;0;0;3;0;0.0;0.0
974;2021-01-07;0;0;3;0;0.0;0.0
974;2021-01-08;0;0;3;0;0.0;0.0
974;2021-01-09;1;0;4;0;0.0;0.0
974;2021-01-10;0;0;4;0;0.0;0.0
974;2021-01-11;0;0;4;0;0.0;0.0
974;2021-01-12;0;0;4;0;0.0;0.0
974;2021-01-13;0;0;4;0;0.0;0.0
974;2021-01-14;0;0;4;0;0.0;0.0
974;2021-01-15;332;0;336;0;0.0;0.0
974;2021-01-16;28;0;364;0;0.0;0.0
974;2021-01-17;0;0;364;0;0.0;0.0
974;2021-01-18;49;1;413;1;0.0;0.0
974;2021-01-19;393;0;806;1;0.1;0.0
974;2021-01-20;481;1;1287;2;0.1;0.0
974;2021-01-21;614;1;1901;3;0.2;0.0
974;2021-01-22;409;1;2310;4;0.3;0.0
974;2021-01-23;75;0;2385;4;0.3;0.0
974;2021-01-24;0;0;2385;4;0.3;0.0
974;2021-01-25;273;2;2658;6;0.3;0.0
974;2021-01-26;429;0;3087;6;0.4;0.0
974;2021-01-27;317;0;3404;6;0.4;0.0
974;2021-01-28;407;0;3811;6;0.4;0.0
974;2021-01-29;421;3;4232;9;0.5;0.0
974;2021-01-30;420;0;4652;9;0.5;0.0
974;2021-01-31;0;0;4652;9;0.5;0.0
974;2021-02-01;372;3;5024;12;0.6;0.0
974;2021-02-02;499;4;5523;16;0.6;0.0
974;2021-02-03;602;14;6125;30;0.7;0.0
974;2021-02-04;626;21;6751;51;0.8;0.0
974;2021-02-05;564;98;7315;149;0.9;0.0
974;2021-02-06;500;5;7815;154;0.9;0.0
974;2021-02-07;0;8;7815;162;0.9;0.0
974;2021-02-08;472;34;8287;196;1.0;0.0
974;2021-02-09;784;92;9071;288;1.1;0.0
974;2021-02-10;820;87;9891;375;1.2;0.0
974;2021-02-11;796;86;10687;461;1.2;0.1
974;2021-02-12;637;94;11324;555;1.3;0.1
974;2021-02-13;651;74;11975;629;1.4;0.1
974;2021-02-14;1;0;11976;629;1.4;0.1
974;2021-02-15;524;126;12500;755;1.5;0.1
974;2021-02-16;651;534;13151;1289;1.5;0.1
974;2021-02-17;592;328;13743;1617;1.6;0.2
974;2021-02-18;493;412;14236;2029;1.7;0.2
974;2021-02-19;497;319;14733;2348;1.7;0.3
974;2021-02-20;576;117;15309;2465;1.8;0.3
974;2021-02-21;0;0;15309;2465;1.8;0.3
974;2021-02-22;402;238;15711;2703;1.8;0.3
974;2021-02-23;607;238;16318;2941;1.9;0.3
974;2021-02-24;583;252;16901;3193;2.0;0.4
974;2021-02-25;645;295;17546;3488;2.0;0.4
974;2021-02-26;483;472;18029;3960;2.1;0.5
974;2021-02-27;385;469;18414;4429;2.1;0.5
974;2021-02-28;0;0;18414;4429;2.1;0.5
974;2021-03-01;290;389;18704;4818;2.2;0.6
974;2021-03-02;486;501;19190;5319;2.2;0.6
974;2021-03-03;755;540;19945;5859;2.3;0.7
974;2021-03-04;775;513;20720;6372;2.4;0.7
974;2021-03-05;727;530;21447;6902;2.5;0.8
974;2021-03-06;812;524;22259;7426;2.6;0.9
974;2021-03-07;0;0;22259;7426;2.6;0.9
974;2021-03-08;435;579;22694;8005;2.6;0.9
974;2021-03-09;670;768;23364;8773;2.7;1.0
974;2021-03-10;643;842;24007;9615;2.8;1.1
974;2021-03-11;699;638;24706;10253;2.9;1.2
974;2021-03-12;729;655;25435;10908;3.0;1.3
974;2021-03-13;668;607;26103;11515;3.0;1.3
974;2021-03-14;2;0;26105;11515;3.0;1.3
974;2021-03-15;504;504;26609;12019;3.1;1.4
974;2021-03-16;680;708;27289;12727;3.2;1.5
974;2021-03-17;847;531;28136;13258;3.3;1.5
974;2021-03-18;1022;546;29158;13804;3.4;1.6
974;2021-03-19;784;534;29942;14338;3.5;1.7
974;2021-03-20;576;596;30518;14934;3.5;1.7
974;2021-03-21;0;0;30518;14934;3.5;1.7
974;2021-03-22;565;468;31083;15402;3.6;1.8
974;2021-03-23;780;640;31863;16042;3.7;1.9
974;2021-03-24;792;665;32655;16707;3.8;1.9
974;2021-03-25;931;552;33586;17259;3.9;2.0
974;2021-03-26;921;450;34507;17709;4.0;2.1
974;2021-03-27;782;337;35289;18046;4.1;2.1
974;2021-03-28;1;0;35290;18046;4.1;2.1
974;2021-03-29;961;271;36251;18317;4.2;2.1
974;2021-03-30;883;497;37134;18814;4.3;2.2
974;2021-03-31;741;665;37875;19479;4.4;2.3
974;2021-04-01;716;707;38591;20186;4.5;2.3
974;2021-04-02;688;759;39279;20945;4.6;2.4
974;2021-04-03;699;705;39978;21650;4.6;2.5
974;2021-04-04;0;0;39978;21650;4.6;2.5
974;2021-04-05;0;2;39978;21652;4.6;2.5
974;2021-04-06;795;635;40773;22287;4.7;2.6
974;2021-04-07;1368;787;42141;23074;4.9;2.7
974;2021-04-08;1792;771;43933;23845;5.1;2.8
974;2021-04-09;1509;784;45442;24629;5.3;2.9
974;2021-04-10;1137;650;46579;25279;5.4;2.9
974;2021-04-11;2;0;46581;25279;5.4;2.9
974;2021-04-12;1238;547;47819;25826;5.6;3.0
974;2021-04-13;1440;755;49259;26581;5.7;3.1
974;2021-04-14;2070;771;51329;27352;6.0;3.2
974;2021-04-15;2506;954;53835;28306;6.3;3.3
974;2021-04-16;1932;780;55767;29086;6.5;3.4
974;2021-04-17;1289;604;57056;29690;6.6;3.5
974;2021-04-18;0;0;57056;29690;6.6;3.5
974;2021-04-19;1375;564;58431;30254;6.8;3.5
974;2021-04-20;1650;802;60081;31056;7.0;3.6
974;2021-04-21;2127;623;62208;31679;7.2;3.7
974;2021-04-22;2949;816;65157;32495;7.6;3.8
974;2021-04-23;2309;813;67466;33308;7.8;3.9
974;2021-04-24;1103;799;68569;34107;8.0;4.0
974;2021-04-25;2;0;68571;34107;8.0;4.0
974;2021-04-26;1164;915;69735;35022;8.1;4.1
974;2021-04-27;1685;1028;71420;36050;8.3;4.2
974;2021-04-28;2896;750;74316;36800;8.6;4.3
974;2021-04-29;3945;811;78261;37611;9.1;4.4
974;2021-04-30;3437;903;81698;38514;9.5;4.5
974;2021-05-01;2106;222;83804;38736;9.7;4.5
974;2021-05-02;1;0;83805;38736;9.7;4.5
974;2021-05-03;1865;574;85670;39310;10.0;4.6
974;2021-05-04;2128;1098;87798;40408;10.2;4.7
974;2021-05-05;3120;1636;90918;42044;10.6;4.9
974;2021-05-06;4005;1585;94923;43629;11.0;5.1
974;2021-05-07;3229;1523;98152;45152;11.4;5.3
974;2021-05-08;1566;502;99718;45654;11.6;5.3
974;2021-05-09;1;0;99719;45654;11.6;5.3
974;2021-05-10;2411;996;102130;46650;11.9;5.4
974;2021-05-11;3652;1640;105782;48290;12.3;5.6
974;2021-05-12;4720;2390;110502;50680;12.8;5.9
974;2021-05-13;3554;595;114056;51275;13.3;6.0
974;2021-05-14;5268;2512;119324;53787;13.9;6.3
974;2021-05-15;3163;1538;122487;55325;14.2;6.4
974;2021-05-16;15;18;122502;55343;14.2;6.4
974;2021-05-17;2999;1490;125501;56833;14.6;6.6
974;2021-05-18;3757;1789;129258;58622;15.0;6.8
974;2021-05-19;4688;2361;133946;60983;15.6;7.1
974;2021-05-20;5140;2829;139086;63812;16.2;7.4
974;2021-05-21;4989;2636;144075;66448;16.8;7.7
974;2021-05-22;3367;1254;147442;67702;17.1;7.9
974;2021-05-23;5;3;147447;67705;17.1;7.9
974;2021-05-24;3643;1076;151090;68781;17.6;8.0
974;2021-05-25;4246;1919;155336;70700;18.1;8.2
974;2021-05-26;4987;2974;160323;73674;18.6;8.6
974;2021-05-27;4613;4100;164936;77774;19.2;9.0
974;2021-05-28;4379;3827;169315;81601;19.7;9.5
974;2021-05-29;2555;2453;171870;84054;20.0;9.8
974;2021-05-30;8;14;171878;84068;20.0;9.8
974;2021-05-31;2349;2256;174227;86324;20.3;10.0
974;2021-06-01;3299;2724;177526;89048;20.6;10.4
974;2021-06-02;3969;3350;181495;92398;21.1;10.7
974;2021-06-03;4042;3650;185537;96048;21.6;11.2
974;2021-06-04;3849;3750;189386;99798;22.0;11.6
974;2021-06-05;2215;1921;191601;101719;22.3;11.8
974;2021-06-06;1071;132;192672;101851;22.4;11.8
974;2021-06-07;2012;2527;194684;104378;22.6;12.1
974;2021-06-08;2552;3335;197236;107713;22.9;12.5
974;2021-06-09;2981;4770;200217;112483;23.3;13.1
974;2021-06-10;3408;4446;203625;116929;23.7;13.6
974;2021-06-11;2844;4622;206469;121551;24.0;14.1
974;2021-06-12;1727;3376;208196;124927;24.2;14.5
974;2021-06-13;1323;243;209519;125170;24.4;14.6
974;2021-06-14;1491;3181;211010;128351;24.5;14.9
974;2021-06-15;2059;3613;213069;131964;24.8;15.3
974;2021-06-16;2735;4651;215804;136615;25.1;15.9
974;2021-06-17;2513;4902;218317;141517;25.4;16.5
974;2021-06-18;2589;4898;220906;146415;25.7;17.0
974;2021-06-19;1303;3519;222209;149934;25.8;17.4
974;2021-06-20;632;288;222841;150222;25.9;17.5
974;2021-06-21;1266;3233;224107;153455;26.1;17.8
974;2021-06-22;1607;3763;225714;157218;26.2;18.3
974;2021-06-23;2239;4983;227953;162201;26.5;18.9
974;2021-06-24;2275;4074;230228;166275;26.8;19.3
974;2021-06-25;2183;4113;232411;170388;27.0;19.8
974;2021-06-26;1393;2713;233804;173101;27.2;20.1
974;2021-06-27;661;265;234465;173366;27.3;20.2
974;2021-06-28;1305;2483;235770;175849;27.4;20.4
974;2021-06-29;1730;2853;237500;178702;27.6;20.8
974;2021-06-30;2540;3847;240040;182549;27.9;21.2
974;2021-07-01;2656;3831;242696;186380;28.2;21.7
974;2021-07-02;2491;3716;245187;190096;28.5;22.1
974;2021-07-03;1599;2459;246786;192555;28.7;22.4
974;2021-07-04;873;1039;247659;193594;28.8;22.5
974;2021-07-05;1670;2227;249329;195821;29.0;22.8
974;2021-07-06;2481;2529;251810;198350;29.3;23.1
974;2021-07-07;2644;3140;254454;201490;29.6;23.4
974;2021-07-08;2378;3172;256832;204662;29.9;23.8
974;2021-07-09;2733;3420;259565;208082;30.2;24.2
974;2021-07-10;1606;2182;261171;210264;30.4;24.5
974;2021-07-11;725;1017;261896;211281;30.5;24.6
974;2021-07-12;1721;2609;263617;213890;30.7;24.9
974;2021-07-13;4367;3329;267984;217219;31.2;25.3
974;2021-07-14;3264;593;271248;217812;31.5;25.3
974;2021-07-15;5497;3979;276745;221791;32.2;25.8
974;2021-07-16;6164;3258;282909;225049;32.9;26.2
974;2021-07-17;4269;1887;287178;226936;33.4;26.4
974;2021-07-18;2659;744;289837;227680;33.7;26.5
974;2021-07-19;4464;1990;294301;229670;34.2;26.7
975;2020-12-27;0;0;0;0;0.0;0.0
975;2020-12-28;0;0;0;0;0.0;0.0
975;2020-12-29;0;0;0;0;0.0;0.0
975;2020-12-30;0;0;0;0;0.0;0.0
975;2020-12-31;0;0;0;0;0.0;0.0
975;2021-01-01;0;0;0;0;0.0;0.0
975;2021-01-02;0;0;0;0;0.0;0.0
975;2021-01-03;0;0;0;0;0.0;0.0
975;2021-01-04;0;0;0;0;0.0;0.0
975;2021-01-05;0;0;0;0;0.0;0.0
975;2021-01-06;0;0;0;0;0.0;0.0
975;2021-01-07;0;0;0;0;0.0;0.0
975;2021-01-08;0;0;0;0;0.0;0.0
975;2021-01-09;0;0;0;0;0.0;0.0
975;2021-01-10;0;0;0;0;0.0;0.0
975;2021-01-11;0;0;0;0;0.0;0.0
975;2021-01-12;0;0;0;0;0.0;0.0
975;2021-01-13;0;0;0;0;0.0;0.0
975;2021-01-14;0;0;0;0;0.0;0.0
975;2021-01-15;0;0;0;0;0.0;0.0
975;2021-01-16;0;0;0;0;0.0;0.0
975;2021-01-17;0;0;0;0;0.0;0.0
975;2021-01-18;0;0;0;0;0.0;0.0
975;2021-01-19;0;0;0;0;0.0;0.0
975;2021-01-20;0;0;0;0;0.0;0.0
975;2021-01-21;0;0;0;0;0.0;0.0
975;2021-01-22;0;0;0;0;0.0;0.0
975;2021-01-23;0;0;0;0;0.0;0.0
975;2021-01-24;0;0;0;0;0.0;0.0
975;2021-01-25;0;0;0;0;0.0;0.0
975;2021-01-26;0;0;0;0;0.0;0.0
975;2021-01-27;0;0;0;0;0.0;0.0
975;2021-01-28;0;0;0;0;0.0;0.0
975;2021-01-29;0;0;0;0;0.0;0.0
975;2021-01-30;0;0;0;0;0.0;0.0
975;2021-01-31;0;0;0;0;0.0;0.0
975;2021-02-01;0;0;0;0;0.0;0.0
975;2021-02-02;0;0;0;0;0.0;0.0
975;2021-02-03;0;0;0;0;0.0;0.0
975;2021-02-04;0;0;0;0;0.0;0.0
975;2021-02-05;0;0;0;0;0.0;0.0
975;2021-02-06;0;0;0;0;0.0;0.0
975;2021-02-07;0;0;0;0;0.0;0.0
975;2021-02-08;0;0;0;0;0.0;0.0
975;2021-02-09;0;0;0;0;0.0;0.0
975;2021-02-10;0;0;0;0;0.0;0.0
975;2021-02-11;0;0;0;0;0.0;0.0
975;2021-02-12;0;0;0;0;0.0;0.0
975;2021-02-13;0;0;0;0;0.0;0.0
975;2021-02-14;0;0;0;0;0.0;0.0
975;2021-02-15;0;0;0;0;0.0;0.0
975;2021-02-16;0;0;0;0;0.0;0.0
975;2021-02-17;0;0;0;0;0.0;0.0
975;2021-02-18;0;0;0;0;0.0;0.0
975;2021-02-19;0;0;0;0;0.0;0.0
975;2021-02-20;0;0;0;0;0.0;0.0
975;2021-02-21;0;0;0;0;0.0;0.0
975;2021-02-22;0;0;0;0;0.0;0.0
975;2021-02-23;0;0;0;0;0.0;0.0
975;2021-02-24;0;0;0;0;0.0;0.0
975;2021-02-25;0;0;0;0;0.0;0.0
975;2021-02-26;0;0;0;0;0.0;0.0
975;2021-02-27;0;0;0;0;0.0;0.0
975;2021-02-28;0;0;0;0;0.0;0.0
975;2021-03-01;0;0;0;0;0.0;0.0
975;2021-03-02;0;0;0;0;0.0;0.0
975;2021-03-03;0;0;0;0;0.0;0.0
975;2021-03-04;0;0;0;0;0.0;0.0
975;2021-03-05;0;0;0;0;0.0;0.0
975;2021-03-06;0;0;0;0;0.0;0.0
975;2021-03-07;0;0;0;0;0.0;0.0
975;2021-03-08;0;0;0;0;0.0;0.0
975;2021-03-09;0;0;0;0;0.0;0.0
975;2021-03-10;0;0;0;0;0.0;0.0
975;2021-03-11;0;0;0;0;0.0;0.0
975;2021-03-12;0;0;0;0;0.0;0.0
975;2021-03-13;0;0;0;0;0.0;0.0
975;2021-03-14;0;0;0;0;0.0;0.0
975;2021-03-15;0;0;0;0;0.0;0.0
975;2021-03-16;0;0;0;0;0.0;0.0
975;2021-03-17;0;0;0;0;0.0;0.0
975;2021-03-18;0;0;0;0;0.0;0.0
975;2021-03-19;0;0;0;0;0.0;0.0
975;2021-03-20;0;0;0;0;0.0;0.0
975;2021-03-21;0;0;0;0;0.0;0.0
975;2021-03-22;0;0;0;0;0.0;0.0
975;2021-03-23;0;0;0;0;0.0;0.0
975;2021-03-24;0;0;0;0;0.0;0.0
975;2021-03-25;0;0;0;0;0.0;0.0
975;2021-03-26;0;0;0;0;0.0;0.0
975;2021-03-27;0;0;0;0;0.0;0.0
975;2021-03-28;0;0;0;0;0.0;0.0
975;2021-03-29;2;0;2;0;0.0;0.0
975;2021-03-30;0;0;2;0;0.0;0.0
975;2021-03-31;0;0;2;0;0.0;0.0
975;2021-04-01;0;0;2;0;0.0;0.0
975;2021-04-02;0;0;2;0;0.0;0.0
975;2021-04-03;0;0;2;0;0.0;0.0
975;2021-04-04;0;0;2;0;0.0;0.0
975;2021-04-05;0;0;2;0;0.0;0.0
975;2021-04-06;0;0;2;0;0.0;0.0
975;2021-04-07;0;0;2;0;0.0;0.0
975;2021-04-08;1;0;3;0;0.1;0.0
975;2021-04-09;0;0;3;0;0.1;0.0
975;2021-04-10;0;0;3;0;0.1;0.0
975;2021-04-11;0;0;3;0;0.1;0.0
975;2021-04-12;0;0;3;0;0.1;0.0
975;2021-04-13;0;0;3;0;0.1;0.0
975;2021-04-14;0;0;3;0;0.1;0.0
975;2021-04-15;0;0;3;0;0.1;0.0
975;2021-04-16;0;0;3;0;0.1;0.0
975;2021-04-17;0;0;3;0;0.1;0.0
975;2021-04-18;0;0;3;0;0.1;0.0
975;2021-04-19;0;0;3;0;0.1;0.0
975;2021-04-20;0;0;3;0;0.1;0.0
975;2021-04-21;0;0;3;0;0.1;0.0
975;2021-04-22;0;0;3;0;0.1;0.0
975;2021-04-23;0;0;3;0;0.1;0.0
975;2021-04-24;0;0;3;0;0.1;0.0
975;2021-04-25;0;0;3;0;0.1;0.0
975;2021-04-26;0;0;3;0;0.1;0.0
975;2021-04-27;0;0;3;0;0.1;0.0
975;2021-04-28;0;0;3;0;0.1;0.0
975;2021-04-29;0;0;3;0;0.1;0.0
975;2021-04-30;0;0;3;0;0.1;0.0
975;2021-05-01;0;0;3;0;0.1;0.0
975;2021-05-02;0;0;3;0;0.1;0.0
975;2021-05-03;0;0;3;0;0.1;0.0
975;2021-05-04;0;0;3;0;0.1;0.0
975;2021-05-05;0;0;3;0;0.1;0.0
975;2021-05-06;0;0;3;0;0.1;0.0
975;2021-05-07;0;0;3;0;0.1;0.0
975;2021-05-08;0;0;3;0;0.1;0.0
975;2021-05-09;0;0;3;0;0.1;0.0
975;2021-05-10;0;0;3;0;0.1;0.0
975;2021-05-11;0;0;3;0;0.1;0.0
975;2021-05-12;0;0;3;0;0.1;0.0
975;2021-05-13;0;0;3;0;0.1;0.0
975;2021-05-14;0;0;3;0;0.1;0.0
975;2021-05-15;0;0;3;0;0.1;0.0
975;2021-05-16;0;0;3;0;0.1;0.0
975;2021-05-17;0;0;3;0;0.1;0.0
975;2021-05-18;0;0;3;0;0.1;0.0
975;2021-05-19;0;0;3;0;0.1;0.0
975;2021-05-20;0;0;3;0;0.1;0.0
975;2021-05-21;0;0;3;0;0.1;0.0
975;2021-05-22;0;0;3;0;0.1;0.0
975;2021-05-23;0;0;3;0;0.1;0.0
975;2021-05-24;0;0;3;0;0.1;0.0
975;2021-05-25;0;0;3;0;0.1;0.0
975;2021-05-26;0;0;3;0;0.1;0.0
975;2021-05-27;0;0;3;0;0.1;0.0
975;2021-05-28;0;0;3;0;0.1;0.0
975;2021-05-29;0;2;3;2;0.1;0.0
975;2021-05-30;0;0;3;2;0.1;0.0
975;2021-05-31;0;0;3;2;0.1;0.0
975;2021-06-01;0;0;3;2;0.1;0.0
975;2021-06-02;0;0;3;2;0.1;0.0
975;2021-06-03;0;0;3;2;0.1;0.0
975;2021-06-04;0;0;3;2;0.1;0.0
975;2021-06-05;0;0;3;2;0.1;0.0
975;2021-06-06;0;0;3;2;0.1;0.0
975;2021-06-07;0;0;3;2;0.1;0.0
975;2021-06-08;0;0;3;2;0.1;0.0
975;2021-06-09;0;0;3;2;0.1;0.0
975;2021-06-10;0;0;3;2;0.1;0.0
975;2021-06-11;0;0;3;2;0.1;0.0
975;2021-06-12;0;0;3;2;0.1;0.0
975;2021-06-13;0;0;3;2;0.1;0.0
975;2021-06-14;0;0;3;2;0.1;0.0
975;2021-06-15;0;0;3;2;0.1;0.0
975;2021-06-16;0;0;3;2;0.1;0.0
975;2021-06-17;0;0;3;2;0.1;0.0
975;2021-06-18;0;0;3;2;0.1;0.0
975;2021-06-19;0;0;3;2;0.1;0.0
975;2021-06-20;0;0;3;2;0.1;0.0
975;2021-06-21;0;0;3;2;0.1;0.0
975;2021-06-22;0;0;3;2;0.1;0.0
975;2021-06-23;0;0;3;2;0.1;0.0
975;2021-06-24;0;0;3;2;0.1;0.0
975;2021-06-25;0;0;3;2;0.1;0.0
975;2021-06-26;0;0;3;2;0.1;0.0
975;2021-06-27;0;0;3;2;0.1;0.0
975;2021-06-28;0;0;3;2;0.1;0.0
975;2021-06-29;0;0;3;2;0.1;0.0
975;2021-06-30;0;0;3;2;0.1;0.0
975;2021-07-01;0;0;3;2;0.1;0.0
975;2021-07-02;0;0;3;2;0.1;0.0
975;2021-07-03;0;0;3;2;0.1;0.0
975;2021-07-04;0;0;3;2;0.1;0.0
975;2021-07-05;0;0;3;2;0.1;0.0
975;2021-07-06;0;0;3;2;0.1;0.0
975;2021-07-07;0;0;3;2;0.1;0.0
975;2021-07-08;0;0;3;2;0.1;0.0
975;2021-07-09;0;0;3;2;0.1;0.0
975;2021-07-10;0;0;3;2;0.1;0.0
975;2021-07-11;0;0;3;2;0.1;0.0
975;2021-07-12;0;0;3;2;0.1;0.0
975;2021-07-13;0;0;3;2;0.1;0.0
975;2021-07-14;0;0;3;2;0.1;0.0
975;2021-07-15;0;0;3;2;0.1;0.0
975;2021-07-16;0;0;3;2;0.1;0.0
975;2021-07-17;0;0;3;2;0.1;0.0
975;2021-07-18;0;0;3;2;0.1;0.0
975;2021-07-19;0;0;3;2;0.1;0.0
976;2020-12-27;0;0;0;0;0.0;0.0
976;2020-12-28;0;0;0;0;0.0;0.0
976;2020-12-29;0;0;0;0;0.0;0.0
976;2020-12-30;0;0;0;0;0.0;0.0
976;2020-12-31;0;0;0;0;0.0;0.0
976;2021-01-01;0;0;0;0;0.0;0.0
976;2021-01-02;0;0;0;0;0.0;0.0
976;2021-01-03;0;0;0;0;0.0;0.0
976;2021-01-04;0;0;0;0;0.0;0.0
976;2021-01-05;0;0;0;0;0.0;0.0
976;2021-01-06;0;0;0;0;0.0;0.0
976;2021-01-07;0;0;0;0;0.0;0.0
976;2021-01-08;0;0;0;0;0.0;0.0
976;2021-01-09;0;0;0;0;0.0;0.0
976;2021-01-10;0;0;0;0;0.0;0.0
976;2021-01-11;9;0;9;0;0.0;0.0
976;2021-01-12;0;0;9;0;0.0;0.0
976;2021-01-13;0;0;9;0;0.0;0.0
976;2021-01-14;0;0;9;0;0.0;0.0
976;2021-01-15;1;0;10;0;0.0;0.0
976;2021-01-16;1;0;11;0;0.0;0.0
976;2021-01-17;0;0;11;0;0.0;0.0
976;2021-01-18;1;0;12;0;0.0;0.0
976;2021-01-19;0;0;12;0;0.0;0.0
976;2021-01-20;0;0;12;0;0.0;0.0
976;2021-01-21;0;0;12;0;0.0;0.0
976;2021-01-22;0;0;12;0;0.0;0.0
976;2021-01-23;1;0;13;0;0.0;0.0
976;2021-01-24;0;0;13;0;0.0;0.0
976;2021-01-25;141;1;154;1;0.1;0.0
976;2021-01-26;165;3;319;4;0.1;0.0
976;2021-01-27;251;2;570;6;0.2;0.0
976;2021-01-28;102;7;672;13;0.2;0.0
976;2021-01-29;231;2;903;15;0.3;0.0
976;2021-01-30;285;11;1188;26;0.4;0.0
976;2021-01-31;1;0;1189;26;0.4;0.0
976;2021-02-01;160;0;1349;26;0.5;0.0
976;2021-02-02;330;8;1679;34;0.6;0.0
976;2021-02-03;228;3;1907;37;0.7;0.0
976;2021-02-04;216;7;2123;44;0.8;0.0
976;2021-02-05;214;1;2337;45;0.8;0.0
976;2021-02-06;83;10;2420;55;0.9;0.0
976;2021-02-07;0;0;2420;55;0.9;0.0
976;2021-02-08;82;3;2502;58;0.9;0.0
976;2021-02-09;194;0;2696;58;1.0;0.0
976;2021-02-10;187;3;2883;61;1.0;0.0
976;2021-02-11;236;3;3119;64;1.1;0.0
976;2021-02-12;287;4;3406;68;1.2;0.0
976;2021-02-13;56;0;3462;68;1.2;0.0
976;2021-02-14;1;0;3463;68;1.2;0.0
976;2021-02-15;359;6;3822;74;1.4;0.0
976;2021-02-16;266;8;4088;82;1.5;0.0
976;2021-02-17;167;6;4255;88;1.5;0.0
976;2021-02-18;217;12;4472;100;1.6;0.0
976;2021-02-19;236;24;4708;124;1.7;0.0
976;2021-02-20;139;8;4847;132;1.7;0.0
976;2021-02-21;0;0;4847;132;1.7;0.0
976;2021-02-22;130;122;4977;254;1.8;0.1
976;2021-02-23;185;152;5162;406;1.8;0.1
976;2021-02-24;176;145;5338;551;1.9;0.2
976;2021-02-25;227;277;5565;828;2.0;0.3
976;2021-02-26;242;246;5807;1074;2.1;0.4
976;2021-02-27;0;0;5807;1074;2.1;0.4
976;2021-02-28;0;0;5807;1074;2.1;0.4
976;2021-03-01;145;258;5952;1332;2.1;0.5
976;2021-03-02;228;259;6180;1591;2.2;0.6
976;2021-03-03;202;189;6382;1780;2.3;0.6
976;2021-03-04;205;141;6587;1921;2.4;0.7
976;2021-03-05;224;113;6811;2034;2.4;0.7
976;2021-03-06;1;0;6812;2034;2.4;0.7
976;2021-03-07;0;0;6812;2034;2.4;0.7
976;2021-03-08;189;109;7001;2143;2.5;0.8
976;2021-03-09;391;159;7392;2302;2.6;0.8
976;2021-03-10;180;178;7572;2480;2.7;0.9
976;2021-03-11;167;207;7739;2687;2.8;1.0
976;2021-03-12;237;291;7976;2978;2.9;1.1
976;2021-03-13;2;0;7978;2978;2.9;1.1
976;2021-03-14;0;0;7978;2978;2.9;1.1
976;2021-03-15;157;293;8135;3271;2.9;1.2
976;2021-03-16;236;223;8371;3494;3.0;1.3
976;2021-03-17;264;143;8635;3637;3.1;1.3
976;2021-03-18;173;234;8808;3871;3.2;1.4
976;2021-03-19;172;298;8980;4169;3.2;1.5
976;2021-03-20;0;0;8980;4169;3.2;1.5
976;2021-03-21;0;0;8980;4169;3.2;1.5
976;2021-03-22;98;136;9078;4305;3.2;1.5
976;2021-03-23;136;240;9214;4545;3.3;1.6
976;2021-03-24;160;146;9374;4691;3.4;1.7
976;2021-03-25;186;206;9560;4897;3.4;1.8
976;2021-03-26;160;211;9720;5108;3.5;1.8
976;2021-03-27;18;0;9738;5108;3.5;1.8
976;2021-03-28;0;0;9738;5108;3.5;1.8
976;2021-03-29;0;2;9738;5110;3.5;1.8
976;2021-03-30;272;334;10010;5444;3.6;1.9
976;2021-03-31;225;125;10235;5569;3.7;2.0
976;2021-04-01;244;103;10479;5672;3.7;2.0
976;2021-04-02;288;263;10767;5935;3.9;2.1
976;2021-04-03;906;307;11673;6242;4.2;2.2
976;2021-04-04;1;0;11674;6242;4.2;2.2
976;2021-04-05;1;0;11675;6242;4.2;2.2
976;2021-04-06;162;278;11837;6520;4.2;2.3
976;2021-04-07;237;267;12074;6787;4.3;2.4
976;2021-04-08;286;140;12360;6927;4.4;2.5
976;2021-04-09;249;171;12609;7098;4.5;2.5
976;2021-04-10;181;114;12790;7212;4.6;2.6
976;2021-04-11;7;0;12797;7212;4.6;2.6
976;2021-04-12;0;19;12797;7231;4.6;2.6
976;2021-04-13;394;344;13191;7575;4.7;2.7
976;2021-04-14;239;205;13430;7780;4.8;2.8
976;2021-04-15;207;117;13637;7897;4.9;2.8
976;2021-04-16;214;127;13851;8024;5.0;2.9
976;2021-04-17;226;131;14077;8155;5.0;2.9
976;2021-04-18;1;0;14078;8155;5.0;2.9
976;2021-04-19;7;1;14085;8156;5.0;2.9
976;2021-04-20;369;224;14454;8380;5.2;3.0
976;2021-04-21;412;150;14866;8530;5.3;3.1
976;2021-04-22;410;151;15276;8681;5.5;3.1
976;2021-04-23;367;166;15643;8847;5.6;3.2
976;2021-04-24;413;128;16056;8975;5.7;3.2
976;2021-04-25;2;0;16058;8975;5.7;3.2
976;2021-04-26;54;8;16112;8983;5.8;3.2
976;2021-04-27;351;293;16463;9276;5.9;3.3
976;2021-04-28;355;515;16818;9791;6.0;3.5
976;2021-04-29;558;344;17376;10135;6.2;3.6
976;2021-04-30;404;239;17780;10374;6.4;3.7
976;2021-05-01;670;285;18450;10659;6.6;3.8
976;2021-05-02;0;0;18450;10659;6.6;3.8
976;2021-05-03;140;6;18590;10665;6.7;3.8
976;2021-05-04;353;426;18943;11091;6.8;4.0
976;2021-05-05;447;318;19390;11409;6.9;4.1
976;2021-05-06;320;201;19710;11610;7.1;4.2
976;2021-05-07;341;133;20051;11743;7.2;4.2
976;2021-05-08;301;139;20352;11882;7.3;4.3
976;2021-05-09;0;0;20352;11882;7.3;4.3
976;2021-05-10;9;9;20361;11891;7.3;4.3
976;2021-05-11;361;487;20722;12378;7.4;4.4
976;2021-05-12;333;310;21055;12688;7.5;4.5
976;2021-05-13;127;97;21182;12785;7.6;4.6
976;2021-05-14;0;0;21182;12785;7.6;4.6
976;2021-05-15;484;283;21666;13068;7.8;4.7
976;2021-05-16;1;0;21667;13068;7.8;4.7
976;2021-05-17;123;51;21790;13119;7.8;4.7
976;2021-05-18;516;430;22306;13549;8.0;4.8
976;2021-05-19;650;663;22956;14212;8.2;5.1
976;2021-05-20;1055;496;24011;14708;8.6;5.3
976;2021-05-21;1046;314;25057;15022;9.0;5.4
976;2021-05-22;1241;299;26298;15321;9.4;5.5
976;2021-05-23;0;0;26298;15321;9.4;5.5
976;2021-05-24;1;0;26299;15321;9.4;5.5
976;2021-05-25;886;623;27185;15944;9.7;5.7
976;2021-05-26;1035;840;28220;16784;10.1;6.0
976;2021-05-27;1320;508;29540;17292;10.6;6.2
976;2021-05-28;954;372;30494;17664;10.9;6.3
976;2021-05-29;1130;390;31624;18054;11.3;6.5
976;2021-05-30;0;1;31624;18055;11.3;6.5
976;2021-05-31;104;6;31728;18061;11.4;6.5
976;2021-06-01;1149;651;32877;18712;11.8;6.7
976;2021-06-02;1211;529;34088;19241;12.2;6.9
976;2021-06-03;806;352;34894;19593;12.5;7.0
976;2021-06-04;995;321;35889;19914;12.8;7.1
976;2021-06-05;675;300;36564;20214;13.1;7.2
976;2021-06-06;1;0;36565;20214;13.1;7.2
976;2021-06-07;87;12;36652;20226;13.1;7.2
976;2021-06-08;953;444;37605;20670;13.5;7.4
976;2021-06-09;972;551;38577;21221;13.8;7.6
976;2021-06-10;691;230;39268;21451;14.1;7.7
976;2021-06-11;846;366;40114;21817;14.4;7.8
976;2021-06-12;581;276;40695;22093;14.6;7.9
976;2021-06-13;1;0;40696;22093;14.6;7.9
976;2021-06-14;186;112;40882;22205;14.6;7.9
976;2021-06-15;412;840;41294;23045;14.8;8.2
976;2021-06-16;887;1441;42181;24486;15.1;8.8
976;2021-06-17;770;657;42951;25143;15.4;9.0
976;2021-06-18;705;621;43656;25764;15.6;9.2
976;2021-06-19;534;643;44190;26407;15.8;9.4
976;2021-06-20;0;0;44190;26407;15.8;9.4
976;2021-06-21;124;128;44314;26535;15.9;9.5
976;2021-06-22;427;1149;44741;27684;16.0;9.9
976;2021-06-23;652;1184;45393;28868;16.2;10.3
976;2021-06-24;456;541;45849;29409;16.4;10.5
976;2021-06-25;523;474;46372;29883;16.6;10.7
976;2021-06-26;382;686;46754;30569;16.7;10.9
976;2021-06-27;0;0;46754;30569;16.7;10.9
976;2021-06-28;100;191;46854;30760;16.8;11.0
976;2021-06-29;663;973;47517;31733;17.0;11.4
976;2021-06-30;646;945;48163;32678;17.2;11.7
976;2021-07-01;557;542;48720;33220;17.4;11.9
976;2021-07-02;443;424;49163;33644;17.6;12.0
976;2021-07-03;434;413;49597;34057;17.7;12.2
976;2021-07-04;0;0;49597;34057;17.7;12.2
976;2021-07-05;114;225;49711;34282;17.8;12.3
976;2021-07-06;493;855;50204;35137;18.0;12.6
976;2021-07-07;754;1001;50958;36138;18.2;12.9
976;2021-07-08;792;628;51750;36766;18.5;13.2
976;2021-07-09;782;513;52532;37279;18.8;13.3
976;2021-07-10;434;315;52966;37594;19.0;13.5
976;2021-07-11;0;0;52966;37594;19.0;13.5
976;2021-07-12;159;171;53125;37765;19.0;13.5
976;2021-07-13;829;992;53954;38757;19.3;13.9
976;2021-07-14;0;5;53954;38762;19.3;13.9
976;2021-07-15;1204;805;55158;39567;19.7;14.2
976;2021-07-16;1284;647;56442;40214;20.2;14.4
976;2021-07-17;1032;361;57474;40575;20.6;14.5
976;2021-07-18;0;0;57474;40575;20.6;14.5
976;2021-07-19;203;133;57677;40708;20.6;14.6
977;2020-12-27;0;0;0;0;0.0;0.0
977;2020-12-28;0;0;0;0;0.0;0.0
977;2020-12-29;0;0;0;0;0.0;0.0
977;2020-12-30;0;0;0;0;0.0;0.0
977;2020-12-31;0;0;0;0;0.0;0.0
977;2021-01-01;0;0;0;0;0.0;0.0
977;2021-01-02;0;0;0;0;0.0;0.0
977;2021-01-03;0;0;0;0;0.0;0.0
977;2021-01-04;0;0;0;0;0.0;0.0
977;2021-01-05;0;0;0;0;0.0;0.0
977;2021-01-06;0;0;0;0;0.0;0.0
977;2021-01-07;0;0;0;0;0.0;0.0
977;2021-01-08;0;0;0;0;0.0;0.0
977;2021-01-09;0;0;0;0;0.0;0.0
977;2021-01-10;0;0;0;0;0.0;0.0
977;2021-01-11;0;0;0;0;0.0;0.0
977;2021-01-12;0;0;0;0;0.0;0.0
977;2021-01-13;0;0;0;0;0.0;0.0
977;2021-01-14;0;0;0;0;0.0;0.0
977;2021-01-15;0;0;0;0;0.0;0.0
977;2021-01-16;0;0;0;0;0.0;0.0
977;2021-01-17;0;0;0;0;0.0;0.0
977;2021-01-18;1;0;1;0;0.0;0.0
977;2021-01-19;0;0;1;0;0.0;0.0
977;2021-01-20;0;0;1;0;0.0;0.0
977;2021-01-21;12;0;13;0;0.1;0.0
977;2021-01-22;12;0;25;0;0.3;0.0
977;2021-01-23;0;0;25;0;0.3;0.0
977;2021-01-24;0;0;25;0;0.3;0.0
977;2021-01-25;0;0;25;0;0.3;0.0
977;2021-01-26;0;0;25;0;0.3;0.0
977;2021-01-27;12;0;37;0;0.4;0.0
977;2021-01-28;1;0;38;0;0.4;0.0
977;2021-01-29;6;0;44;0;0.4;0.0
977;2021-01-30;0;0;44;0;0.4;0.0
977;2021-01-31;0;0;44;0;0.4;0.0
977;2021-02-01;0;0;44;0;0.4;0.0
977;2021-02-02;0;0;44;0;0.4;0.0
977;2021-02-03;11;0;55;0;0.6;0.0
977;2021-02-04;12;0;67;0;0.7;0.0
977;2021-02-05;11;0;78;0;0.8;0.0
977;2021-02-06;0;0;78;0;0.8;0.0
977;2021-02-07;0;0;78;0;0.8;0.0
977;2021-02-08;0;0;78;0;0.8;0.0
977;2021-02-09;13;0;91;0;0.9;0.0
977;2021-02-10;0;0;91;0;0.9;0.0
977;2021-02-11;17;0;108;0;1.1;0.0
977;2021-02-12;45;0;153;0;1.5;0.0
977;2021-02-13;0;0;153;0;1.5;0.0
977;2021-02-14;0;0;153;0;1.5;0.0
977;2021-02-15;0;0;153;0;1.5;0.0
977;2021-02-16;0;0;153;0;1.5;0.0
977;2021-02-17;0;0;153;0;1.5;0.0
977;2021-02-18;18;0;171;0;1.7;0.0
977;2021-02-19;34;0;205;0;2.1;0.0
977;2021-02-20;0;0;205;0;2.1;0.0
977;2021-02-21;0;0;205;0;2.1;0.0
977;2021-02-22;0;0;205;0;2.1;0.0
977;2021-02-23;0;22;205;22;2.1;0.2
977;2021-02-24;0;0;205;22;2.1;0.2
977;2021-02-25;15;10;220;32;2.2;0.3
977;2021-02-26;33;20;253;52;2.5;0.5
977;2021-02-27;0;0;253;52;2.5;0.5
977;2021-02-28;0;0;253;52;2.5;0.5
977;2021-03-01;0;0;253;52;2.5;0.5
977;2021-03-02;17;11;270;63;2.7;0.6
977;2021-03-03;0;0;270;63;2.7;0.6
977;2021-03-04;16;11;286;74;2.9;0.7
977;2021-03-05;33;19;319;93;3.2;0.9
977;2021-03-06;0;0;319;93;3.2;0.9
977;2021-03-07;0;0;319;93;3.2;0.9
977;2021-03-08;0;0;319;93;3.2;0.9
977;2021-03-09;1;0;320;93;3.2;0.9
977;2021-03-10;0;0;320;93;3.2;0.9
977;2021-03-11;20;30;340;123;3.4;1.2
977;2021-03-12;62;42;402;165;4.0;1.7
977;2021-03-13;0;0;402;165;4.0;1.7
977;2021-03-14;0;0;402;165;4.0;1.7
977;2021-03-15;0;0;402;165;4.0;1.7
977;2021-03-16;30;9;432;174;4.3;1.7
977;2021-03-17;0;0;432;174;4.3;1.7
977;2021-03-18;30;16;462;190;4.6;1.9
977;2021-03-19;56;31;518;221;5.2;2.2
977;2021-03-20;0;0;518;221;5.2;2.2
977;2021-03-21;0;0;518;221;5.2;2.2
977;2021-03-22;0;0;518;221;5.2;2.2
977;2021-03-23;0;0;518;221;5.2;2.2
977;2021-03-24;0;0;518;221;5.2;2.2
977;2021-03-25;65;17;583;238;5.9;2.4
977;2021-03-26;73;26;656;264;6.6;2.7
977;2021-03-27;0;0;656;264;6.6;2.7
977;2021-03-28;0;0;656;264;6.6;2.7
977;2021-03-29;0;0;656;264;6.6;2.7
977;2021-03-30;40;18;696;282;7.0;2.8
977;2021-03-31;26;15;722;297;7.2;3.0
977;2021-04-01;25;32;747;329;7.5;3.3
977;2021-04-02;0;0;747;329;7.5;3.3
977;2021-04-03;0;0;747;329;7.5;3.3
977;2021-04-04;0;0;747;329;7.5;3.3
977;2021-04-05;9;0;756;329;7.6;3.3
977;2021-04-06;0;0;756;329;7.6;3.3
977;2021-04-07;0;0;756;329;7.6;3.3
977;2021-04-08;57;46;813;375;8.2;3.8
977;2021-04-09;59;31;872;406;8.8;4.1
977;2021-04-10;0;0;872;406;8.8;4.1
977;2021-04-11;0;0;872;406;8.8;4.1
977;2021-04-12;0;0;872;406;8.8;4.1
977;2021-04-13;0;0;872;406;8.8;4.1
977;2021-04-14;5;6;877;412;8.8;4.1
977;2021-04-15;56;71;933;483;9.4;4.8
977;2021-04-16;90;35;1023;518;10.3;5.2
977;2021-04-17;0;1;1023;519;10.3;5.2
977;2021-04-18;0;0;1023;519;10.3;5.2
977;2021-04-19;1;0;1024;519;10.3;5.2
977;2021-04-20;335;66;1359;585;13.6;5.9
977;2021-04-21;337;29;1696;614;17.0;6.2
977;2021-04-22;284;50;1980;664;19.9;6.7
977;2021-04-23;258;41;2238;705;22.5;7.1
977;2021-04-24;231;1;2469;706;24.8;7.1
977;2021-04-25;0;0;2469;706;24.8;7.1
977;2021-04-26;283;20;2752;726;27.6;7.3
977;2021-04-27;224;69;2976;795;29.9;8.0
977;2021-04-28;192;26;3168;821;31.8;8.2
977;2021-04-29;170;22;3338;843;33.5;8.5
977;2021-04-30;172;16;3510;859;35.2;8.6
977;2021-05-01;202;12;3712;871;37.3;8.7
977;2021-05-02;0;0;3712;871;37.3;8.7
977;2021-05-03;135;9;3847;880;38.6;8.8
977;2021-05-04;161;54;4008;934;40.2;9.4
977;2021-05-05;221;30;4229;964;42.5;9.7
977;2021-05-06;175;33;4404;997;44.2;10.0
977;2021-05-07;149;31;4553;1028;45.7;10.3
977;2021-05-08;1;0;4554;1028;45.7;10.3
977;2021-05-09;0;2;4554;1030;45.7;10.3
977;2021-05-10;0;0;4554;1030;45.7;10.3
977;2021-05-11;2;41;4556;1071;45.7;10.8
977;2021-05-12;6;36;4562;1107;45.8;11.1
977;2021-05-13;0;0;4562;1107;45.8;11.1
977;2021-05-14;28;98;4590;1205;46.1;12.1
977;2021-05-15;0;0;4590;1205;46.1;12.1
977;2021-05-16;1;0;4591;1205;46.1;12.1
977;2021-05-17;1;14;4592;1219;46.1;12.2
977;2021-05-18;17;32;4609;1251;46.3;12.6
977;2021-05-19;0;1;4609;1252;46.3;12.6
977;2021-05-20;0;8;4609;1260;46.3;12.6
977;2021-05-21;12;32;4621;1292;46.4;13.0
977;2021-05-22;0;0;4621;1292;46.4;13.0
977;2021-05-23;0;0;4621;1292;46.4;13.0
977;2021-05-24;0;0;4621;1292;46.4;13.0
977;2021-05-25;50;333;4671;1625;46.9;16.3
977;2021-05-26;54;360;4725;1985;47.4;19.9
977;2021-05-27;34;317;4759;2302;47.8;23.1
977;2021-05-28;27;256;4786;2558;48.0;25.7
977;2021-05-29;35;375;4821;2933;48.4;29.4
977;2021-05-30;1;0;4822;2933;48.4;29.4
977;2021-05-31;45;217;4867;3150;48.9;31.6
977;2021-06-01;47;227;4914;3377;49.3;33.9
977;2021-06-02;69;273;4983;3650;50.0;36.6
977;2021-06-03;41;252;5024;3902;50.4;39.2
977;2021-06-04;78;273;5102;4175;51.2;41.9
977;2021-06-05;1;0;5103;4175;51.2;41.9
977;2021-06-06;0;0;5103;4175;51.2;41.9
977;2021-06-07;1;1;5104;4176;51.2;41.9
977;2021-06-08;3;2;5107;4178;51.3;41.9
977;2021-06-09;0;3;5107;4181;51.3;42.0
977;2021-06-10;8;4;5115;4185;51.4;42.0
977;2021-06-11;4;8;5119;4193;51.4;42.1
977;2021-06-12;16;59;5135;4252;51.6;42.7
977;2021-06-13;0;0;5135;4252;51.6;42.7
977;2021-06-14;0;0;5135;4252;51.6;42.7
977;2021-06-15;0;1;5135;4253;51.6;42.7
977;2021-06-16;0;0;5135;4253;51.6;42.7
977;2021-06-17;2;6;5137;4259;51.6;42.8
977;2021-06-18;0;2;5137;4261;51.6;42.8
977;2021-06-19;25;49;5162;4310;51.8;43.3
977;2021-06-20;0;0;5162;4310;51.8;43.3
977;2021-06-21;0;2;5162;4312;51.8;43.3
977;2021-06-22;8;0;5170;4312;51.9;43.3
977;2021-06-23;15;9;5185;4321;52.1;43.4
977;2021-06-24;10;5;5195;4326;52.2;43.4
977;2021-06-25;0;0;5195;4326;52.2;43.4
977;2021-06-26;24;45;5219;4371;52.4;43.9
977;2021-06-27;0;0;5219;4371;52.4;43.9
977;2021-06-28;0;0;5219;4371;52.4;43.9
977;2021-06-29;0;0;5219;4371;52.4;43.9
977;2021-06-30;0;0;5219;4371;52.4;43.9
977;2021-07-01;26;35;5245;4406;52.7;44.2
977;2021-07-02;26;32;5271;4438;52.9;44.6
977;2021-07-03;27;212;5298;4650;53.2;46.7
977;2021-07-04;0;0;5298;4650;53.2;46.7
977;2021-07-05;4;8;5302;4658;53.2;46.8
977;2021-07-06;0;0;5302;4658;53.2;46.8
977;2021-07-07;8;0;5310;4658;53.3;46.8
977;2021-07-08;33;22;5343;4680;53.6;47.0
977;2021-07-09;23;34;5366;4714;53.9;47.3
977;2021-07-10;31;42;5397;4756;54.2;47.7
977;2021-07-11;0;0;5397;4756;54.2;47.7
977;2021-07-12;0;1;5397;4757;54.2;47.8
977;2021-07-13;10;9;5407;4766;54.3;47.8
977;2021-07-14;0;0;5407;4766;54.3;47.8
977;2021-07-15;1;11;5408;4777;54.3;48.0
977;2021-07-16;44;50;5452;4827;54.7;48.5
977;2021-07-17;39;40;5491;4867;55.1;48.9
977;2021-07-18;0;0;5491;4867;55.1;48.9
977;2021-07-19;2;2;5493;4869;55.1;48.9
978;2020-12-27;0;0;0;0;0.0;0.0
978;2020-12-28;0;0;0;0;0.0;0.0
978;2020-12-29;0;0;0;0;0.0;0.0
978;2020-12-30;0;0;0;0;0.0;0.0
978;2020-12-31;0;0;0;0;0.0;0.0
978;2021-01-01;0;0;0;0;0.0;0.0
978;2021-01-02;0;0;0;0;0.0;0.0
978;2021-01-03;0;0;0;0;0.0;0.0
978;2021-01-04;0;0;0;0;0.0;0.0
978;2021-01-05;0;0;0;0;0.0;0.0
978;2021-01-06;0;0;0;0;0.0;0.0
978;2021-01-07;0;0;0;0;0.0;0.0
978;2021-01-08;0;0;0;0;0.0;0.0
978;2021-01-09;0;0;0;0;0.0;0.0
978;2021-01-10;0;0;0;0;0.0;0.0
978;2021-01-11;0;0;0;0;0.0;0.0
978;2021-01-12;0;0;0;0;0.0;0.0
978;2021-01-13;10;0;10;0;0.0;0.0
978;2021-01-14;12;0;22;0;0.1;0.0
978;2021-01-15;9;0;31;0;0.1;0.0
978;2021-01-16;0;0;31;0;0.1;0.0
978;2021-01-17;0;0;31;0;0.1;0.0
978;2021-01-18;0;0;31;0;0.1;0.0
978;2021-01-19;12;0;43;0;0.1;0.0
978;2021-01-20;12;0;55;0;0.2;0.0
978;2021-01-21;6;0;61;0;0.2;0.0
978;2021-01-22;0;0;61;0;0.2;0.0
978;2021-01-23;0;0;61;0;0.2;0.0
978;2021-01-24;0;0;61;0;0.2;0.0
978;2021-01-25;0;0;61;0;0.2;0.0
978;2021-01-26;9;0;70;0;0.2;0.0
978;2021-01-27;10;0;80;0;0.2;0.0
978;2021-01-28;6;0;86;0;0.2;0.0
978;2021-01-29;0;0;86;0;0.2;0.0
978;2021-01-30;0;0;86;0;0.2;0.0
978;2021-01-31;0;0;86;0;0.2;0.0
978;2021-02-01;0;0;86;0;0.2;0.0
978;2021-02-02;38;0;124;0;0.4;0.0
978;2021-02-03;10;0;134;0;0.4;0.0
978;2021-02-04;29;0;163;0;0.5;0.0
978;2021-02-05;6;0;169;0;0.5;0.0
978;2021-02-06;0;0;169;0;0.5;0.0
978;2021-02-07;0;0;169;0;0.5;0.0
978;2021-02-08;0;0;169;0;0.5;0.0
978;2021-02-09;38;0;207;0;0.6;0.0
978;2021-02-10;27;1;234;1;0.7;0.0
978;2021-02-11;0;0;234;1;0.7;0.0
978;2021-02-12;36;0;270;1;0.8;0.0
978;2021-02-13;0;0;270;1;0.8;0.0
978;2021-02-14;0;0;270;1;0.8;0.0
978;2021-02-15;50;1;320;2;0.9;0.0
978;2021-02-16;0;0;320;2;0.9;0.0
978;2021-02-17;0;0;320;2;0.9;0.0
978;2021-02-18;28;0;348;2;1.0;0.0
978;2021-02-19;44;0;392;2;1.1;0.0
978;2021-02-20;0;0;392;2;1.1;0.0
978;2021-02-21;0;0;392;2;1.1;0.0
978;2021-02-22;45;4;437;6;1.2;0.0
978;2021-02-23;41;29;478;35;1.4;0.1
978;2021-02-24;35;1;513;36;1.5;0.1
978;2021-02-25;55;36;568;72;1.6;0.2
978;2021-02-26;39;5;607;77;1.7;0.2
978;2021-02-27;0;0;607;77;1.7;0.2
978;2021-02-28;0;0;607;77;1.7;0.2
978;2021-03-01;48;5;655;82;1.9;0.2
978;2021-03-02;7;27;662;109;1.9;0.3
978;2021-03-03;38;28;700;137;2.0;0.4
978;2021-03-04;30;26;730;163;2.1;0.5
978;2021-03-05;46;10;776;173;2.2;0.5
978;2021-03-06;0;0;776;173;2.2;0.5
978;2021-03-07;0;0;776;173;2.2;0.5
978;2021-03-08;30;7;806;180;2.3;0.5
978;2021-03-09;19;27;825;207;2.3;0.6
978;2021-03-10;33;28;858;235;2.4;0.7
978;2021-03-11;2;0;860;235;2.4;0.7
978;2021-03-12;52;21;912;256;2.6;0.7
978;2021-03-13;11;0;923;256;2.6;0.7
978;2021-03-14;0;0;923;256;2.6;0.7
978;2021-03-15;31;41;954;297;2.7;0.8
978;2021-03-16;73;6;1027;303;2.9;0.9
978;2021-03-17;67;13;1094;316;3.1;0.9
978;2021-03-18;82;39;1176;355;3.3;1.0
978;2021-03-19;32;50;1208;405;3.4;1.1
978;2021-03-20;0;0;1208;405;3.4;1.1
978;2021-03-21;0;0;1208;405;3.4;1.1
978;2021-03-22;34;45;1242;450;3.5;1.3
978;2021-03-23;30;43;1272;493;3.6;1.4
978;2021-03-24;38;42;1310;535;3.7;1.5
978;2021-03-25;93;34;1403;569;4.0;1.6
978;2021-03-26;45;33;1448;602;4.1;1.7
978;2021-03-27;94;3;1542;605;4.4;1.7
978;2021-03-28;0;0;1542;605;4.4;1.7
978;2021-03-29;69;49;1611;654;4.6;1.9
978;2021-03-30;98;24;1709;678;4.8;1.9
978;2021-03-31;89;49;1798;727;5.1;2.1
978;2021-04-01;56;48;1854;775;5.2;2.2
978;2021-04-02;0;0;1854;775;5.2;2.2
978;2021-04-03;0;0;1854;775;5.2;2.2
978;2021-04-04;0;0;1854;775;5.2;2.2
978;2021-04-05;2;0;1856;775;5.3;2.2
978;2021-04-06;49;63;1905;838;5.4;2.4
978;2021-04-07;91;33;1996;871;5.6;2.5
978;2021-04-08;120;7;2116;878;6.0;2.5
978;2021-04-09;90;39;2206;917;6.2;2.6
978;2021-04-10;168;11;2374;928;6.7;2.6
978;2021-04-11;0;0;2374;928;6.7;2.6
978;2021-04-12;41;76;2415;1004;6.8;2.8
978;2021-04-13;49;71;2464;1075;7.0;3.0
978;2021-04-14;82;45;2546;1120;7.2;3.2
978;2021-04-15;92;24;2638;1144;7.5;3.2
978;2021-04-16;77;42;2715;1186;7.7;3.4
978;2021-04-17;165;4;2880;1190;8.2;3.4
978;2021-04-18;0;0;2880;1190;8.2;3.4
978;2021-04-19;52;67;2932;1257;8.3;3.6
978;2021-04-20;83;27;3015;1284;8.5;3.6
978;2021-04-21;91;29;3106;1313;8.8;3.7
978;2021-04-22;101;20;3207;1333;9.1;3.8
978;2021-04-23;45;66;3252;1399;9.2;4.0
978;2021-04-24;99;78;3351;1477;9.5;4.2
978;2021-04-25;0;0;3351;1477;9.5;4.2
978;2021-04-26;28;91;3379;1568;9.6;4.4
978;2021-04-27;59;63;3438;1631;9.7;4.6
978;2021-04-28;90;39;3528;1670;10.0;4.7
978;2021-04-29;89;34;3617;1704;10.2;4.8
978;2021-04-30;104;14;3721;1718;10.5;4.9
978;2021-05-01;0;8;3721;1726;10.5;4.9
978;2021-05-02;0;0;3721;1726;10.5;4.9
978;2021-05-03;25;99;3746;1825;10.6;5.2
978;2021-05-04;159;102;3905;1927;11.1;5.5
978;2021-05-05;141;58;4046;1985;11.5;5.6
978;2021-05-06;200;49;4246;2034;12.0;5.8
978;2021-05-07;127;71;4373;2105;12.4;6.0
978;2021-05-08;69;122;4442;2227;12.6;6.3
978;2021-05-09;0;0;4442;2227;12.6;6.3
978;2021-05-10;124;99;4566;2326;12.9;6.6
978;2021-05-11;132;72;4698;2398;13.3;6.8
978;2021-05-12;156;78;4854;2476;13.7;7.0
978;2021-05-13;83;6;4937;2482;14.0;7.0
978;2021-05-14;130;62;5067;2544;14.3;7.2
978;2021-05-15;86;4;5153;2548;14.6;7.2
978;2021-05-16;0;0;5153;2548;14.6;7.2
978;2021-05-17;146;115;5299;2663;15.0;7.5
978;2021-05-18;151;94;5450;2757;15.4;7.8
978;2021-05-19;84;69;5534;2826;15.7;8.0
978;2021-05-20;103;26;5637;2852;16.0;8.1
978;2021-05-21;98;53;5735;2905;16.2;8.2
978;2021-05-22;100;11;5835;2916;16.5;8.3
978;2021-05-23;0;0;5835;2916;16.5;8.3
978;2021-05-24;33;7;5868;2923;16.6;8.3
978;2021-05-25;119;78;5987;3001;16.9;8.5
978;2021-05-26;110;50;6097;3051;17.3;8.6
978;2021-05-27;112;42;6209;3093;17.6;8.8
978;2021-05-28;33;1;6242;3094;17.7;8.8
978;2021-05-29;59;213;6301;3307;17.8;9.4
978;2021-05-30;0;0;6301;3307;17.8;9.4
978;2021-05-31;112;63;6413;3370;18.1;9.5
978;2021-06-01;115;63;6528;3433;18.5;9.7
978;2021-06-02;131;33;6659;3466;18.8;9.8
978;2021-06-03;102;38;6761;3504;19.1;9.9
978;2021-06-04;128;70;6889;3574;19.5;10.1
978;2021-06-05;83;21;6972;3595;19.7;10.2
978;2021-06-06;0;0;6972;3595;19.7;10.2
978;2021-06-07;96;96;7068;3691;20.0;10.4
978;2021-06-08;82;89;7150;3780;20.2;10.7
978;2021-06-09;99;73;7249;3853;20.5;10.9
978;2021-06-10;111;65;7360;3918;20.8;11.1
978;2021-06-11;116;106;7476;4024;21.2;11.4
978;2021-06-12;57;30;7533;4054;21.3;11.5
978;2021-06-13;0;0;7533;4054;21.3;11.5
978;2021-06-14;106;128;7639;4182;21.6;11.8
978;2021-06-15;86;119;7725;4301;21.9;12.2
978;2021-06-16;103;148;7828;4449;22.2;12.6
978;2021-06-17;85;72;7913;4521;22.4;12.8
978;2021-06-18;66;99;7979;4620;22.6;13.1
978;2021-06-19;64;79;8043;4699;22.8;13.3
978;2021-06-20;0;0;8043;4699;22.8;13.3
978;2021-06-21;78;152;8121;4851;23.0;13.7
978;2021-06-22;70;103;8191;4954;23.2;14.0
978;2021-06-23;68;115;8259;5069;23.4;14.3
978;2021-06-24;42;76;8301;5145;23.5;14.6
978;2021-06-25;63;100;8364;5245;23.7;14.8
978;2021-06-26;35;61;8399;5306;23.8;15.0
978;2021-06-27;0;0;8399;5306;23.8;15.0
978;2021-06-28;70;127;8469;5433;24.0;15.4
978;2021-06-29;59;105;8528;5538;24.1;15.7
978;2021-06-30;56;110;8584;5648;24.3;16.0
978;2021-07-01;41;87;8625;5735;24.4;16.2
978;2021-07-02;52;91;8677;5826;24.6;16.5
978;2021-07-03;40;90;8717;5916;24.7;16.7
978;2021-07-04;0;1;8717;5917;24.7;16.7
978;2021-07-05;66;93;8783;6010;24.9;17.0
978;2021-07-06;55;76;8838;6086;25.0;17.2
978;2021-07-07;55;123;8893;6209;25.2;17.6
978;2021-07-08;52;106;8945;6315;25.3;17.9
978;2021-07-09;45;93;8990;6408;25.4;18.1
978;2021-07-10;38;84;9028;6492;25.6;18.4
978;2021-07-11;0;4;9028;6496;25.6;18.4
978;2021-07-12;69;130;9097;6626;25.7;18.8
978;2021-07-13;146;162;9243;6788;26.2;19.2
978;2021-07-14;3;0;9246;6788;26.2;19.2
978;2021-07-15;161;194;9407;6982;26.6;19.8
978;2021-07-16;112;113;9519;7095;26.9;20.1
978;2021-07-17;50;100;9569;7195;27.1;20.4
978;2021-07-18;0;0;9569;7195;27.1;20.4
978;2021-07-19;98;134;9667;7329;27.4;20.7
