dep;jour;n_dose1;n_complet;n_cum_dose1;n_cum_complet;couv_dose1;couv_complet
01;2020-12-27;1;0;1;0;0.0;0.0
01;2020-12-28;0;0;1;0;0.0;0.0
01;2020-12-29;0;0;1;0;0.0;0.0
01;2020-12-30;0;0;1;0;0.0;0.0
01;2020-12-31;0;0;1;0;0.0;0.0
01;2021-01-01;1;0;2;0;0.0;0.0
01;2021-01-02;0;0;2;0;0.0;0.0
01;2021-01-03;0;0;2;0;0.0;0.0
01;2021-01-04;2;0;4;0;0.0;0.0
01;2021-01-05;2;0;6;0;0.0;0.0
01;2021-01-06;1;0;7;0;0.0;0.0
01;2021-01-07;67;0;74;0;0.0;0.0
01;2021-01-08;159;0;233;0;0.0;0.0
01;2021-01-09;2;1;235;1;0.0;0.0
01;2021-01-10;0;0;235;1;0.0;0.0
01;2021-01-11;148;0;383;1;0.1;0.0
01;2021-01-12;317;2;700;3;0.1;0.0
01;2021-01-13;444;1;1144;4;0.2;0.0
01;2021-01-14;528;3;1672;7;0.3;0.0
01;2021-01-15;396;3;2068;10;0.3;0.0
01;2021-01-16;202;0;2270;10;0.3;0.0
01;2021-01-17;128;0;2398;10;0.4;0.0
01;2021-01-18;378;1;2776;11;0.4;0.0
01;2021-01-19;1040;1;3816;12;0.6;0.0
01;2021-01-20;1261;2;5077;14;0.8;0.0
01;2021-01-21;1096;4;6173;18;0.9;0.0
01;2021-01-22;645;0;6818;18;1.0;0.0
01;2021-01-23;222;0;7040;18;1.1;0.0
01;2021-01-24;71;1;7111;19;1.1;0.0
01;2021-01-25;483;1;7594;20;1.2;0.0
01;2021-01-26;740;3;8334;23;1.3;0.0
01;2021-01-27;517;5;8851;28;1.3;0.0
01;2021-01-28;681;54;9532;82;1.5;0.0
01;2021-01-29;637;101;10169;183;1.5;0.0
01;2021-01-30;235;15;10404;198;1.6;0.0
01;2021-01-31;62;0;10466;198;1.6;0.0
01;2021-02-01;452;75;10918;273;1.7;0.0
01;2021-02-02;513;184;11431;457;1.7;0.1
01;2021-02-03;374;298;11805;755;1.8;0.1
01;2021-02-04;479;418;12284;1173;1.9;0.2
01;2021-02-05;437;281;12721;1454;1.9;0.2
01;2021-02-06;260;140;12981;1594;2.0;0.2
01;2021-02-07;2;113;12983;1707;2.0;0.3
01;2021-02-08;505;405;13488;2112;2.1;0.3
01;2021-02-09;774;859;14262;2971;2.2;0.5
01;2021-02-10;951;717;15213;3688;2.3;0.6
01;2021-02-11;789;781;16002;4469;2.4;0.7
01;2021-02-12;639;553;16641;5022;2.5;0.8
01;2021-02-13;159;149;16800;5171;2.6;0.8
01;2021-02-14;0;9;16800;5180;2.6;0.8
01;2021-02-15;436;446;17236;5626;2.6;0.9
01;2021-02-16;656;413;17892;6039;2.7;0.9
01;2021-02-17;519;245;18411;6284;2.8;1.0
01;2021-02-18;589;566;19000;6850;2.9;1.0
01;2021-02-19;577;245;19577;7095;3.0;1.1
01;2021-02-20;201;154;19778;7249;3.0;1.1
01;2021-02-21;0;1;19778;7250;3.0;1.1
01;2021-02-22;428;554;20206;7804;3.1;1.2
01;2021-02-23;482;524;20688;8328;3.1;1.3
01;2021-02-24;434;464;21122;8792;3.2;1.3
01;2021-02-25;820;605;21942;9397;3.3;1.4
01;2021-02-26;870;544;22812;9941;3.5;1.5
01;2021-02-27;480;118;23292;10059;3.5;1.5
01;2021-02-28;20;3;23312;10062;3.5;1.5
01;2021-03-01;629;456;23941;10518;3.6;1.6
01;2021-03-02;962;558;24903;11076;3.8;1.7
01;2021-03-03;936;662;25839;11738;3.9;1.8
01;2021-03-04;1196;637;27035;12375;4.1;1.9
01;2021-03-05;1354;491;28389;12866;4.3;2.0
01;2021-03-06;781;97;29170;12963;4.4;2.0
01;2021-03-07;43;1;29213;12964;4.4;2.0
01;2021-03-08;668;621;29881;13585;4.5;2.1
01;2021-03-09;1333;604;31214;14189;4.8;2.2
01;2021-03-10;1160;534;32374;14723;4.9;2.2
01;2021-03-11;1679;638;34053;15361;5.2;2.3
01;2021-03-12;2003;628;36056;15989;5.5;2.4
01;2021-03-13;1499;91;37555;16080;5.7;2.4
01;2021-03-14;132;58;37687;16138;5.7;2.5
01;2021-03-15;1157;402;38844;16540;5.9;2.5
01;2021-03-16;1009;559;39853;17099;6.1;2.6
01;2021-03-17;839;342;40692;17441;6.2;2.7
01;2021-03-18;1288;462;41980;17903;6.4;2.7
01;2021-03-19;1746;532;43726;18435;6.7;2.8
01;2021-03-20;1445;132;45171;18567;6.9;2.8
01;2021-03-21;97;11;45268;18578;6.9;2.8
01;2021-03-22;1574;489;46842;19067;7.1;2.9
01;2021-03-23;2195;644;49037;19711;7.5;3.0
01;2021-03-24;1616;408;50653;20119;7.7;3.1
01;2021-03-25;2907;611;53560;20730;8.2;3.2
01;2021-03-26;2868;605;56428;21335;8.6;3.2
01;2021-03-27;1308;152;57736;21487;8.8;3.3
01;2021-03-28;21;1;57757;21488;8.8;3.3
01;2021-03-29;1930;541;59687;22029;9.1;3.4
01;2021-03-30;2512;756;62199;22785;9.5;3.5
01;2021-03-31;1867;624;64066;23409;9.8;3.6
01;2021-04-01;2566;848;66632;24257;10.1;3.7
01;2021-04-02;2815;705;69447;24962;10.6;3.8
01;2021-04-03;1256;128;70703;25090;10.8;3.8
01;2021-04-04;2;0;70705;25090;10.8;3.8
01;2021-04-05;1260;59;71965;25149;11.0;3.8
01;2021-04-06;2818;785;74783;25934;11.4;3.9
01;2021-04-07;2739;702;77522;26636;11.8;4.1
01;2021-04-08;3241;990;80763;27626;12.3;4.2
01;2021-04-09;3984;1327;84747;28953;12.9;4.4
01;2021-04-10;1824;297;86571;29250;13.2;4.5
01;2021-04-11;44;22;86615;29272;13.2;4.5
01;2021-04-12;2712;1219;89327;30491;13.6;4.6
01;2021-04-13;2935;1312;92262;31803;14.0;4.8
01;2021-04-14;3118;1075;95380;32878;14.5;5.0
01;2021-04-15;3073;1470;98453;34348;15.0;5.2
01;2021-04-16;2859;1572;101312;35920;15.4;5.5
01;2021-04-17;1653;679;102965;36599;15.7;5.6
01;2021-04-18;13;0;102978;36599;15.7;5.6
01;2021-04-19;2039;1515;105017;38114;16.0;5.8
01;2021-04-20;2662;1568;107679;39682;16.4;6.0
01;2021-04-21;2686;1337;110365;41019;16.8;6.2
01;2021-04-22;2835;1526;113200;42545;17.2;6.5
01;2021-04-23;2761;1527;115961;44072;17.7;6.7
01;2021-04-24;1447;648;117408;44720;17.9;6.8
01;2021-04-25;9;0;117417;44720;17.9;6.8
01;2021-04-26;1970;1721;119387;46441;18.2;7.1
01;2021-04-27;2573;1548;121960;47989;18.6;7.3
01;2021-04-28;2498;1570;124458;49559;18.9;7.5
01;2021-04-29;2717;1768;127175;51327;19.4;7.8
01;2021-04-30;2983;2243;130158;53570;19.8;8.2
01;2021-05-01;1472;858;131630;54428;20.0;8.3
01;2021-05-02;546;75;132176;54503;20.1;8.3
01;2021-05-03;2293;2477;134469;56980;20.5;8.7
01;2021-05-04;2543;2654;137012;59634;20.9;9.1
01;2021-05-05;2529;2498;139541;62132;21.2;9.5
01;2021-05-06;2996;2518;142537;64650;21.7;9.8
01;2021-05-07;3219;2780;145756;67430;22.2;10.3
01;2021-05-08;1645;922;147401;68352;22.4;10.4
01;2021-05-09;1023;159;148424;68511;22.6;10.4
01;2021-05-10;2500;3071;150924;71582;23.0;10.9
01;2021-05-11;3581;3060;154505;74642;23.5;11.4
01;2021-05-12;3650;2998;158155;77640;24.1;11.8
01;2021-05-13;4086;1497;162241;79137;24.7;12.0
01;2021-05-14;4271;2341;166512;81478;25.3;12.4
01;2021-05-15;3156;1433;169668;82911;25.8;12.6
01;2021-05-16;1410;150;171078;83061;26.0;12.6
01;2021-05-17;3444;2466;174522;85527;26.6;13.0
01;2021-05-18;4073;1959;178595;87486;27.2;13.3
01;2021-05-19;3972;1902;182567;89388;27.8;13.6
01;2021-05-20;4530;2014;187097;91402;28.5;13.9
01;2021-05-21;4614;2196;191711;93598;29.2;14.2
01;2021-05-22;3367;954;195078;94552;29.7;14.4
01;2021-05-23;831;82;195909;94634;29.8;14.4
01;2021-05-24;2765;498;198674;95132;30.2;14.5
01;2021-05-25;3557;2427;202231;97559;30.8;14.9
01;2021-05-26;3570;2248;205801;99807;31.3;15.2
01;2021-05-27;3850;2099;209651;101906;31.9;15.5
01;2021-05-28;3664;2637;213315;104543;32.5;15.9
01;2021-05-29;3060;1302;216375;105845;32.9;16.1
01;2021-05-30;613;88;216988;105933;33.0;16.1
01;2021-05-31;2404;2517;219392;108450;33.4;16.5
01;2021-06-01;2767;2585;222159;111035;33.8;16.9
01;2021-06-02;2880;2199;225039;113234;34.3;17.2
01;2021-06-03;3362;2427;228401;115661;34.8;17.6
01;2021-06-04;4501;3351;232902;119012;35.5;18.1
01;2021-06-05;3251;1722;236153;120734;35.9;18.4
01;2021-06-06;669;78;236822;120812;36.0;18.4
01;2021-06-07;3389;2872;240211;123684;36.6;18.8
01;2021-06-08;3648;2709;243859;126393;37.1;19.2
01;2021-06-09;2945;2633;246804;129026;37.6;19.6
01;2021-06-10;2761;2041;249565;131067;38.0;20.0
01;2021-06-11;3068;3367;252633;134434;38.5;20.5
01;2021-06-12;2403;2196;255036;136630;38.8;20.8
01;2021-06-13;200;479;255236;137109;38.9;20.9
01;2021-06-14;2121;3165;257357;140274;39.2;21.4
01;2021-06-15;2004;3359;259361;143633;39.5;21.9
01;2021-06-16;2179;3286;261540;146919;39.8;22.4
01;2021-06-17;1957;3170;263497;150089;40.1;22.8
01;2021-06-18;2646;4163;266143;154252;40.5;23.5
01;2021-06-19;1726;2552;267869;156804;40.8;23.9
01;2021-06-20;159;497;268028;157301;40.8;23.9
01;2021-06-21;1800;3705;269828;161006;41.1;24.5
01;2021-06-22;1548;3996;271376;165002;41.3;25.1
01;2021-06-23;1584;3755;272960;168757;41.5;25.7
01;2021-06-24;1471;3566;274431;172323;41.8;26.2
01;2021-06-25;1888;4564;276319;176887;42.1;26.9
01;2021-06-26;1210;2945;277529;179832;42.2;27.4
01;2021-06-27;170;339;277699;180171;42.3;27.4
01;2021-06-28;1382;4024;279081;184195;42.5;28.0
01;2021-06-29;1410;3851;280491;188046;42.7;28.6
01;2021-06-30;1374;4155;281865;192201;42.9;29.3
01;2021-07-01;1395;4086;283260;196287;43.1;29.9
01;2021-07-02;1589;4988;284849;201275;43.4;30.6
01;2021-07-03;859;3375;285708;204650;43.5;31.2
01;2021-07-04;105;499;285813;205149;43.5;31.2
01;2021-07-05;1483;4084;287296;209233;43.7;31.8
01;2021-07-06;1106;4278;288402;213511;43.9;32.5
01;2021-07-07;1753;3699;290155;217210;44.2;33.1
01;2021-07-08;1468;3673;291623;220883;44.4;33.6
01;2021-07-09;1882;4361;293505;225244;44.7;34.3
01;2021-07-10;1115;3438;294620;228682;44.8;34.8
01;2021-07-11;105;418;294725;229100;44.9;34.9
01;2021-07-12;1413;3844;296138;232944;45.1;35.5
01;2021-07-13;2052;4116;298190;237060;45.4;36.1
01;2021-07-14;141;180;298331;237240;45.4;36.1
01;2021-07-15;3084;4193;301415;241433;45.9;36.8
01;2021-07-16;3739;4839;305154;246272;46.4;37.5
01;2021-07-17;2186;3046;307340;249318;46.8;38.0
01;2021-07-18;286;551;307626;249869;46.8;38.0
01;2021-07-19;2908;3861;310534;253730;47.3;38.6
01;2021-07-20;3282;3687;313816;257417;47.8;39.2
01;2021-07-21;3921;3557;317737;260974;48.4;39.7
01;2021-07-22;4171;3479;321908;264453;49.0;40.3
01;2021-07-23;3913;4207;325821;268660;49.6;40.9
01;2021-07-24;2714;2709;328535;271369;50.0;41.3
01;2021-07-25;58;57;328593;271426;50.0;41.3
01;2021-07-26;3324;3241;331917;274667;50.5;41.8
01;2021-07-27;4080;2777;335997;277444;51.1;42.2
01;2021-07-28;3963;2636;339960;280080;51.7;42.6
01;2021-07-29;4669;2431;344629;282511;52.5;43.0
01;2021-07-30;4438;3425;349067;285936;53.1;43.5
01;2021-07-31;3614;1769;352681;287705;53.7;43.8
01;2021-08-01;390;73;353071;287778;53.7;43.8
01;2021-08-02;3041;2440;356112;290218;54.2;44.2
01;2021-08-03;3045;2446;359157;292664;54.7;44.5
01;2021-08-04;2532;1722;361689;294386;55.1;44.8
01;2021-08-05;2224;2354;363913;296740;55.4;45.2
01;2021-08-06;2738;3107;366651;299847;55.8;45.6
01;2021-08-07;2042;1827;368693;301674;56.1;45.9
01;2021-08-08;243;254;368936;301928;56.2;46.0
01;2021-08-09;1124;2634;370060;304562;56.3;46.4
01;2021-08-10;1431;2411;371491;306973;56.5;46.7
01;2021-08-11;1377;2580;372868;309553;56.8;47.1
02;2020-12-27;0;0;0;0;0.0;0.0
02;2020-12-28;0;0;0;0;0.0;0.0
02;2020-12-29;0;0;0;0;0.0;0.0
02;2020-12-30;0;0;0;0;0.0;0.0
02;2020-12-31;0;0;0;0;0.0;0.0
02;2021-01-01;0;0;0;0;0.0;0.0
02;2021-01-02;0;0;0;0;0.0;0.0
02;2021-01-03;0;0;0;0;0.0;0.0
02;2021-01-04;0;0;0;0;0.0;0.0
02;2021-01-05;0;0;0;0;0.0;0.0
02;2021-01-06;22;0;22;0;0.0;0.0
02;2021-01-07;261;2;283;2;0.1;0.0
02;2021-01-08;489;3;772;5;0.1;0.0
02;2021-01-09;74;0;846;5;0.2;0.0
02;2021-01-10;49;0;895;5;0.2;0.0
02;2021-01-11;267;0;1162;5;0.2;0.0
02;2021-01-12;355;1;1517;6;0.3;0.0
02;2021-01-13;468;4;1985;10;0.4;0.0
02;2021-01-14;651;11;2636;21;0.5;0.0
02;2021-01-15;630;7;3266;28;0.6;0.0
02;2021-01-16;333;4;3599;32;0.7;0.0
02;2021-01-17;62;0;3661;32;0.7;0.0
02;2021-01-18;810;5;4471;37;0.8;0.0
02;2021-01-19;942;5;5413;42;1.0;0.0
02;2021-01-20;1429;5;6842;47;1.3;0.0
02;2021-01-21;2598;5;9440;52;1.8;0.0
02;2021-01-22;1419;5;10859;57;2.1;0.0
02;2021-01-23;291;1;11150;58;2.1;0.0
02;2021-01-24;67;0;11217;58;2.1;0.0
02;2021-01-25;432;10;11649;68;2.2;0.0
02;2021-01-26;704;16;12353;84;2.3;0.0
02;2021-01-27;161;2;12514;86;2.4;0.0
02;2021-01-28;69;247;12583;333;2.4;0.1
02;2021-01-29;119;419;12702;752;2.4;0.1
02;2021-01-30;4;14;12706;766;2.4;0.1
02;2021-01-31;0;10;12706;776;2.4;0.1
02;2021-02-01;11;212;12717;988;2.4;0.2
02;2021-02-02;45;331;12762;1319;2.4;0.3
02;2021-02-03;124;337;12886;1656;2.4;0.3
02;2021-02-04;226;359;13112;2015;2.5;0.4
02;2021-02-05;178;418;13290;2433;2.5;0.5
02;2021-02-06;65;175;13355;2608;2.5;0.5
02;2021-02-07;9;0;13364;2608;2.5;0.5
02;2021-02-08;305;435;13669;3043;2.6;0.6
02;2021-02-09;322;682;13991;3725;2.7;0.7
02;2021-02-10;485;1047;14476;4772;2.8;0.9
02;2021-02-11;940;1908;15416;6680;2.9;1.3
02;2021-02-12;885;1122;16301;7802;3.1;1.5
02;2021-02-13;290;129;16591;7931;3.2;1.5
02;2021-02-14;1;5;16592;7936;3.2;1.5
02;2021-02-15;344;682;16936;8618;3.2;1.6
02;2021-02-16;413;569;17349;9187;3.3;1.7
02;2021-02-17;498;632;17847;9819;3.4;1.9
02;2021-02-18;507;445;18354;10264;3.5;2.0
02;2021-02-19;444;571;18798;10835;3.6;2.1
02;2021-02-20;372;233;19170;11068;3.6;2.1
02;2021-02-21;39;17;19209;11085;3.7;2.1
02;2021-02-22;377;317;19586;11402;3.7;2.2
02;2021-02-23;432;362;20018;11764;3.8;2.2
02;2021-02-24;600;146;20618;11910;3.9;2.3
02;2021-02-25;870;137;21488;12047;4.1;2.3
02;2021-02-26;808;71;22296;12118;4.2;2.3
02;2021-02-27;444;13;22740;12131;4.3;2.3
02;2021-02-28;55;2;22795;12133;4.3;2.3
02;2021-03-01;637;24;23432;12157;4.5;2.3
02;2021-03-02;1032;108;24464;12265;4.7;2.3
02;2021-03-03;754;204;25218;12469;4.8;2.4
02;2021-03-04;1162;673;26380;13142;5.0;2.5
02;2021-03-05;1048;506;27428;13648;5.2;2.6
02;2021-03-06;2138;96;29566;13744;5.6;2.6
02;2021-03-07;1504;45;31070;13789;5.9;2.6
02;2021-03-08;570;367;31640;14156;6.0;2.7
02;2021-03-09;998;401;32638;14557;6.2;2.8
02;2021-03-10;894;470;33532;15027;6.4;2.9
02;2021-03-11;1294;391;34826;15418;6.6;2.9
02;2021-03-12;1705;415;36531;15833;6.9;3.0
02;2021-03-13;2591;234;39122;16067;7.4;3.1
02;2021-03-14;1456;37;40578;16104;7.7;3.1
02;2021-03-15;612;451;41190;16555;7.8;3.1
02;2021-03-16;863;398;42053;16953;8.0;3.2
02;2021-03-17;759;451;42812;17404;8.1;3.3
02;2021-03-18;607;619;43419;18023;8.3;3.4
02;2021-03-19;1172;298;44591;18321;8.5;3.5
02;2021-03-20;2430;154;47021;18475;8.9;3.5
02;2021-03-21;1488;76;48509;18551;9.2;3.5
02;2021-03-22;761;500;49270;19051;9.4;3.6
02;2021-03-23;1194;547;50464;19598;9.6;3.7
02;2021-03-24;1581;495;52045;20093;9.9;3.8
02;2021-03-25;1693;598;53738;20691;10.2;3.9
02;2021-03-26;2411;483;56149;21174;10.7;4.0
02;2021-03-27;2495;127;58644;21301;11.1;4.0
02;2021-03-28;637;14;59281;21315;11.3;4.1
02;2021-03-29;1038;861;60319;22176;11.5;4.2
02;2021-03-30;1554;841;61873;23017;11.8;4.4
02;2021-03-31;1299;719;63172;23736;12.0;4.5
02;2021-04-01;1289;857;64461;24593;12.3;4.7
02;2021-04-02;1184;1231;65645;25824;12.5;4.9
02;2021-04-03;2647;850;68292;26674;13.0;5.1
02;2021-04-04;727;237;69019;26911;13.1;5.1
02;2021-04-05;1508;130;70527;27041;13.4;5.1
02;2021-04-06;1541;853;72068;27894;13.7;5.3
02;2021-04-07;1869;776;73937;28670;14.1;5.5
02;2021-04-08;1918;1104;75855;29774;14.4;5.7
02;2021-04-09;2434;1082;78289;30856;14.9;5.9
02;2021-04-10;2430;1205;80719;32061;15.3;6.1
02;2021-04-11;476;416;81195;32477;15.4;6.2
02;2021-04-12;1824;627;83019;33104;15.8;6.3
02;2021-04-13;1601;923;84620;34027;16.1;6.5
02;2021-04-14;2584;962;87204;34989;16.6;6.7
02;2021-04-15;2496;770;89700;35759;17.1;6.8
02;2021-04-16;2438;1124;92138;36883;17.5;7.0
02;2021-04-17;1890;2146;94028;39029;17.9;7.4
02;2021-04-18;270;814;94298;39843;17.9;7.6
02;2021-04-19;1159;634;95457;40477;18.1;7.7
02;2021-04-20;1677;762;97134;41239;18.5;7.8
02;2021-04-21;1549;988;98683;42227;18.8;8.0
02;2021-04-22;1749;704;100432;42931;19.1;8.2
02;2021-04-23;1929;1414;102361;44345;19.5;8.4
02;2021-04-24;1713;1639;104074;45984;19.8;8.7
02;2021-04-25;462;235;104536;46219;19.9;8.8
02;2021-04-26;1340;557;105876;46776;20.1;8.9
02;2021-04-27;1627;1092;107503;47868;20.4;9.1
02;2021-04-28;1593;1435;109096;49303;20.7;9.4
02;2021-04-29;1885;1178;110981;50481;21.1;9.6
02;2021-04-30;2716;1653;113697;52134;21.6;9.9
02;2021-05-01;1989;1225;115686;53359;22.0;10.1
02;2021-05-02;1983;414;117669;53773;22.4;10.2
02;2021-05-03;2223;983;119892;54756;22.8;10.4
02;2021-05-04;1525;1318;121417;56074;23.1;10.7
02;2021-05-05;2330;1839;123747;57913;23.5;11.0
02;2021-05-06;2123;1733;125870;59646;23.9;11.3
02;2021-05-07;2358;2174;128228;61820;24.4;11.8
02;2021-05-08;2920;944;131148;62764;24.9;11.9
02;2021-05-09;1822;421;132970;63185;25.3;12.0
02;2021-05-10;2374;1480;135344;64665;25.7;12.3
02;2021-05-11;2878;1573;138222;66238;26.3;12.6
02;2021-05-12;2674;1621;140896;67859;26.8;12.9
02;2021-05-13;2991;1040;143887;68899;27.4;13.1
02;2021-05-14;3380;1205;147267;70104;28.0;13.3
02;2021-05-15;4375;1085;151642;71189;28.8;13.5
02;2021-05-16;2797;209;154439;71398;29.4;13.6
02;2021-05-17;2147;661;156586;72059;29.8;13.7
02;2021-05-18;2633;972;159219;73031;30.3;13.9
02;2021-05-19;2852;991;162071;74022;30.8;14.1
02;2021-05-20;3552;1230;165623;75252;31.5;14.3
02;2021-05-21;3818;1063;169441;76315;32.2;14.5
02;2021-05-22;5848;964;175289;77279;33.3;14.7
02;2021-05-23;2659;237;177948;77516;33.8;14.7
02;2021-05-24;3542;539;181490;78055;34.5;14.8
02;2021-05-25;2260;1161;183750;79216;34.9;15.1
02;2021-05-26;3081;1495;186831;80711;35.5;15.3
02;2021-05-27;3651;1486;190482;82197;36.2;15.6
02;2021-05-28;3514;1583;193996;83780;36.9;15.9
02;2021-05-29;4081;1574;198077;85354;37.7;16.2
02;2021-05-30;1449;187;199526;85541;37.9;16.3
02;2021-05-31;2578;1195;202104;86736;38.4;16.5
02;2021-06-01;2866;1870;204970;88606;39.0;16.8
02;2021-06-02;3162;1646;208132;90252;39.6;17.2
02;2021-06-03;2856;1835;210988;92087;40.1;17.5
02;2021-06-04;3141;2058;214129;94145;40.7;17.9
02;2021-06-05;3440;1733;217569;95878;41.4;18.2
02;2021-06-06;1735;258;219304;96136;41.7;18.3
02;2021-06-07;1613;1500;220917;97636;42.0;18.6
02;2021-06-08;2063;1847;222980;99483;42.4;18.9
02;2021-06-09;2057;1650;225037;101133;42.8;19.2
02;2021-06-10;2013;1832;227050;102965;43.2;19.6
02;2021-06-11;2196;3068;229246;106033;43.6;20.2
02;2021-06-12;2312;2591;231558;108624;44.0;20.6
02;2021-06-13;683;1386;232241;110010;44.1;20.9
02;2021-06-14;1048;2392;233289;112402;44.3;21.4
02;2021-06-15;1518;2462;234807;114864;44.6;21.8
02;2021-06-16;1533;2748;236340;117612;44.9;22.4
02;2021-06-17;1781;2856;238121;120468;45.3;22.9
02;2021-06-18;2313;3567;240434;124035;45.7;23.6
02;2021-06-19;1840;3820;242274;127855;46.1;24.3
02;2021-06-20;644;1522;242918;129377;46.2;24.6
02;2021-06-21;805;3195;243723;132572;46.3;25.2
02;2021-06-22;1154;3668;244877;136240;46.6;25.9
02;2021-06-23;1224;3589;246101;139829;46.8;26.6
02;2021-06-24;1326;3149;247427;142978;47.0;27.2
02;2021-06-25;1395;4548;248822;147526;47.3;28.0
02;2021-06-26;1347;4227;250169;151753;47.6;28.8
02;2021-06-27;600;2333;250769;154086;47.7;29.3
02;2021-06-28;876;3021;251645;157107;47.8;29.9
02;2021-06-29;911;2925;252556;160032;48.0;30.4
02;2021-06-30;1462;3162;254018;163194;48.3;31.0
02;2021-07-01;1191;3589;255209;166783;48.5;31.7
02;2021-07-02;1357;5138;256566;171921;48.8;32.7
02;2021-07-03;995;5984;257561;177905;49.0;33.8
02;2021-07-04;508;2368;258069;180273;49.1;34.3
02;2021-07-05;658;3941;258727;184214;49.2;35.0
02;2021-07-06;669;3047;259396;187261;49.3;35.6
02;2021-07-07;1318;3728;260714;190989;49.6;36.3
02;2021-07-08;1391;3878;262105;194867;49.8;37.0
02;2021-07-09;1279;4216;263384;199083;50.1;37.8
02;2021-07-10;1330;4610;264714;203693;50.3;38.7
02;2021-07-11;479;1965;265193;205658;50.4;39.1
02;2021-07-12;1409;3729;266602;209387;50.7;39.8
02;2021-07-13;2064;3657;268666;213044;51.1;40.5
02;2021-07-14;1754;1597;270420;214641;51.4;40.8
02;2021-07-15;2718;3553;273138;218194;51.9;41.5
02;2021-07-16;3157;4221;276295;222415;52.5;42.3
02;2021-07-17;3557;4222;279852;226637;53.2;43.1
02;2021-07-18;2038;1613;281890;228250;53.6;43.4
02;2021-07-19;3432;3030;285322;231280;54.2;44.0
02;2021-07-20;3490;3300;288812;234580;54.9;44.6
02;2021-07-21;3902;2939;292714;237519;55.6;45.2
02;2021-07-22;3304;2808;296018;240327;56.3;45.7
02;2021-07-23;3171;3553;299189;243880;56.9;46.4
02;2021-07-24;4432;3717;303621;247597;57.7;47.1
02;2021-07-25;2180;1082;305801;248679;58.1;47.3
02;2021-07-26;3864;2236;309665;250915;58.9;47.7
02;2021-07-27;3623;2145;313288;253060;59.6;48.1
02;2021-07-28;3270;2094;316558;255154;60.2;48.5
02;2021-07-29;2570;2214;319128;257368;60.7;48.9
02;2021-07-30;3299;2302;322427;259670;61.3;49.4
02;2021-07-31;4166;2264;326593;261934;62.1;49.8
02;2021-08-01;1463;687;328056;262621;62.4;49.9
02;2021-08-02;2032;1598;330088;264219;62.7;50.2
02;2021-08-03;2522;1900;332610;266119;63.2;50.6
02;2021-08-04;2548;1692;335158;267811;63.7;50.9
02;2021-08-05;1833;2263;336991;270074;64.1;51.3
02;2021-08-06;2086;2740;339077;272814;64.5;51.9
02;2021-08-07;2506;2765;341583;275579;64.9;52.4
02;2021-08-08;1013;1567;342596;277146;65.1;52.7
02;2021-08-09;1885;2739;344481;279885;65.5;53.2
02;2021-08-10;1742;2451;346223;282336;65.8;53.7
02;2021-08-11;1458;2098;347681;284434;66.1;54.1
03;2020-12-27;0;0;0;0;0.0;0.0
03;2020-12-28;0;0;0;0;0.0;0.0
03;2020-12-29;0;0;0;0;0.0;0.0
03;2020-12-30;1;0;1;0;0.0;0.0
03;2020-12-31;0;0;1;0;0.0;0.0
03;2021-01-01;0;0;1;0;0.0;0.0
03;2021-01-02;0;0;1;0;0.0;0.0
03;2021-01-03;0;0;1;0;0.0;0.0
03;2021-01-04;0;0;1;0;0.0;0.0
03;2021-01-05;0;0;1;0;0.0;0.0
03;2021-01-06;10;0;11;0;0.0;0.0
03;2021-01-07;61;0;72;0;0.0;0.0
03;2021-01-08;146;1;218;1;0.1;0.0
03;2021-01-09;122;0;340;1;0.1;0.0
03;2021-01-10;6;0;346;1;0.1;0.0
03;2021-01-11;412;1;758;2;0.2;0.0
03;2021-01-12;631;0;1389;2;0.4;0.0
03;2021-01-13;669;2;2058;4;0.6;0.0
03;2021-01-14;860;5;2918;9;0.9;0.0
03;2021-01-15;388;3;3306;12;1.0;0.0
03;2021-01-16;278;0;3584;12;1.1;0.0
03;2021-01-17;42;0;3626;12;1.1;0.0
03;2021-01-18;878;0;4504;12;1.4;0.0
03;2021-01-19;1149;1;5653;13;1.7;0.0
03;2021-01-20;1290;4;6943;17;2.1;0.0
03;2021-01-21;1199;5;8142;22;2.5;0.0
03;2021-01-22;1116;4;9258;26;2.8;0.0
03;2021-01-23;466;0;9724;26;2.9;0.0
03;2021-01-24;0;0;9724;26;2.9;0.0
03;2021-01-25;187;0;9911;26;3.0;0.0
03;2021-01-26;678;14;10589;40;3.2;0.0
03;2021-01-27;695;11;11284;51;3.4;0.0
03;2021-01-28;1018;45;12302;96;3.7;0.0
03;2021-01-29;856;81;13158;177;4.0;0.1
03;2021-01-30;600;2;13758;179;4.2;0.1
03;2021-01-31;0;0;13758;179;4.2;0.1
03;2021-02-01;160;76;13918;255;4.2;0.1
03;2021-02-02;767;269;14685;524;4.4;0.2
03;2021-02-03;1056;493;15741;1017;4.8;0.3
03;2021-02-04;1547;633;17288;1650;5.2;0.5
03;2021-02-05;946;317;18234;1967;5.5;0.6
03;2021-02-06;152;13;18386;1980;5.5;0.6
03;2021-02-07;5;0;18391;1980;5.6;0.6
03;2021-02-08;128;56;18519;2036;5.6;0.6
03;2021-02-09;612;444;19131;2480;5.8;0.7
03;2021-02-10;485;344;19616;2824;5.9;0.9
03;2021-02-11;1025;580;20641;3404;6.2;1.0
03;2021-02-12;1075;549;21716;3953;6.6;1.2
03;2021-02-13;126;168;21842;4121;6.6;1.2
03;2021-02-14;0;1;21842;4122;6.6;1.2
03;2021-02-15;309;862;22151;4984;6.7;1.5
03;2021-02-16;547;1172;22698;6156;6.9;1.9
03;2021-02-17;454;1362;23152;7518;7.0;2.3
03;2021-02-18;367;1273;23519;8791;7.1;2.7
03;2021-02-19;496;795;24015;9586;7.2;2.9
03;2021-02-20;128;182;24143;9768;7.3;2.9
03;2021-02-21;2;1;24145;9769;7.3;2.9
03;2021-02-22;159;205;24304;9974;7.3;3.0
03;2021-02-23;721;953;25025;10927;7.6;3.3
03;2021-02-24;609;1021;25634;11948;7.7;3.6
03;2021-02-25;1089;1834;26723;13782;8.1;4.2
03;2021-02-26;820;1377;27543;15159;8.3;4.6
03;2021-02-27;96;258;27639;15417;8.3;4.7
03;2021-02-28;0;15;27639;15432;8.3;4.7
03;2021-03-01;178;240;27817;15672;8.4;4.7
03;2021-03-02;819;662;28636;16334;8.6;4.9
03;2021-03-03;893;448;29529;16782;8.9;5.1
03;2021-03-04;1529;586;31058;17368;9.4;5.2
03;2021-03-05;1121;724;32179;18092;9.7;5.5
03;2021-03-06;915;112;33094;18204;10.0;5.5
03;2021-03-07;2;0;33096;18204;10.0;5.5
03;2021-03-08;239;245;33335;18449;10.1;5.6
03;2021-03-09;1016;439;34351;18888;10.4;5.7
03;2021-03-10;941;551;35292;19439;10.7;5.9
03;2021-03-11;1677;650;36969;20089;11.2;6.1
03;2021-03-12;1302;865;38271;20954;11.6;6.3
03;2021-03-13;861;108;39132;21062;11.8;6.4
03;2021-03-14;2;9;39134;21071;11.8;6.4
03;2021-03-15;249;200;39383;21271;11.9;6.4
03;2021-03-16;650;402;40033;21673;12.1;6.5
03;2021-03-17;1300;444;41333;22117;12.5;6.7
03;2021-03-18;1719;390;43052;22507;13.0;6.8
03;2021-03-19;1729;360;44781;22867;13.5;6.9
03;2021-03-20;301;24;45082;22891;13.6;6.9
03;2021-03-21;0;0;45082;22891;13.6;6.9
03;2021-03-22;222;396;45304;23287;13.7;7.0
03;2021-03-23;1355;354;46659;23641;14.1;7.1
03;2021-03-24;1822;351;48481;23992;14.6;7.2
03;2021-03-25;2366;562;50847;24554;15.3;7.4
03;2021-03-26;2235;440;53082;24994;16.0;7.5
03;2021-03-27;817;20;53899;25014;16.3;7.5
03;2021-03-28;1;39;53900;25053;16.3;7.6
03;2021-03-29;659;176;54559;25229;16.5;7.6
03;2021-03-30;1908;448;56467;25677;17.0;7.8
03;2021-03-31;1013;986;57480;26663;17.3;8.0
03;2021-04-01;1334;1093;58814;27756;17.8;8.4
03;2021-04-02;1704;611;60518;28367;18.3;8.6
03;2021-04-03;366;97;60884;28464;18.4;8.6
03;2021-04-04;2;0;60886;28464;18.4;8.6
03;2021-04-05;18;14;60904;28478;18.4;8.6
03;2021-04-06;1072;410;61976;28888;18.7;8.7
03;2021-04-07;1562;513;63538;29401;19.2;8.9
03;2021-04-08;2121;479;65659;29880;19.8;9.0
03;2021-04-09;2059;1159;67718;31039;20.4;9.4
03;2021-04-10;1013;73;68731;31112;20.7;9.4
03;2021-04-11;478;9;69209;31121;20.9;9.4
03;2021-04-12;985;224;70194;31345;21.2;9.5
03;2021-04-13;1872;972;72066;32317;21.8;9.8
03;2021-04-14;2336;1214;74402;33531;22.5;10.1
03;2021-04-15;2621;1395;77023;34926;23.2;10.5
03;2021-04-16;2835;1171;79858;36097;24.1;10.9
03;2021-04-17;1082;433;80940;36530;24.4;11.0
03;2021-04-18;0;0;80940;36530;24.4;11.0
03;2021-04-19;1191;587;82131;37117;24.8;11.2
03;2021-04-20;1749;1272;83880;38389;25.3;11.6
03;2021-04-21;1122;1289;85002;39678;25.7;12.0
03;2021-04-22;1673;991;86675;40669;26.2;12.3
03;2021-04-23;2478;1258;89153;41927;26.9;12.7
03;2021-04-24;1301;917;90454;42844;27.3;12.9
03;2021-04-25;350;15;90804;42859;27.4;12.9
03;2021-04-26;1331;462;92135;43321;27.8;13.1
03;2021-04-27;1767;1519;93902;44840;28.3;13.5
03;2021-04-28;1929;1113;95831;45953;28.9;13.9
03;2021-04-29;2372;1238;98203;47191;29.6;14.2
03;2021-04-30;1932;802;100135;47993;30.2;14.5
03;2021-05-01;437;489;100572;48482;30.4;14.6
03;2021-05-02;2;1;100574;48483;30.4;14.6
03;2021-05-03;1911;771;102485;49254;30.9;14.9
03;2021-05-04;2843;1624;105328;50878;31.8;15.4
03;2021-05-05;2603;1317;107931;52195;32.6;15.8
03;2021-05-06;3095;2009;111026;54204;33.5;16.4
03;2021-05-07;4727;1786;115753;55990;34.9;16.9
03;2021-05-08;661;379;116414;56369;35.1;17.0
03;2021-05-09;49;511;116463;56880;35.2;17.2
03;2021-05-10;1891;1463;118354;58343;35.7;17.6
03;2021-05-11;3900;1832;122254;60175;36.9;18.2
03;2021-05-12;2970;1521;125224;61696;37.8;18.6
03;2021-05-13;4381;400;129605;62096;39.1;18.7
03;2021-05-14;3655;1693;133260;63789;40.2;19.3
03;2021-05-15;1942;490;135202;64279;40.8;19.4
03;2021-05-16;517;57;135719;64336;41.0;19.4
03;2021-05-17;1276;861;136995;65197;41.3;19.7
03;2021-05-18;3071;1500;140066;66697;42.3;20.1
03;2021-05-19;2622;965;142688;67662;43.1;20.4
03;2021-05-20;3331;1134;146019;68796;44.1;20.8
03;2021-05-21;4194;1283;150213;70079;45.3;21.2
03;2021-05-22;2012;360;152225;70439;45.9;21.3
03;2021-05-23;641;73;152866;70512;46.1;21.3
03;2021-05-24;2654;215;155520;70727;46.9;21.3
03;2021-05-25;3071;1687;158591;72414;47.9;21.9
03;2021-05-26;2338;1042;160929;73456;48.6;22.2
03;2021-05-27;2945;1123;163874;74579;49.5;22.5
03;2021-05-28;3844;2276;167718;76855;50.6;23.2
03;2021-05-29;1748;598;169466;77453;51.1;23.4
03;2021-05-30;242;23;169708;77476;51.2;23.4
03;2021-05-31;694;572;170402;78048;51.4;23.6
03;2021-06-01;2303;2343;172705;80391;52.1;24.3
03;2021-06-02;1534;1749;174239;82140;52.6;24.8
03;2021-06-03;2059;2753;176298;84893;53.2;25.6
03;2021-06-04;1699;2505;177997;87398;53.7;26.4
03;2021-06-05;1076;1141;179073;88539;54.0;26.7
03;2021-06-06;59;7;179132;88546;54.1;26.7
03;2021-06-07;784;1814;179916;90360;54.3;27.3
03;2021-06-08;1456;2551;181372;92911;54.7;28.0
03;2021-06-09;1267;1874;182639;94785;55.1;28.6
03;2021-06-10;1378;2122;184017;96907;55.5;29.2
03;2021-06-11;1502;3449;185519;100356;56.0;30.3
03;2021-06-12;831;823;186350;101179;56.2;30.5
03;2021-06-13;20;10;186370;101189;56.3;30.5
03;2021-06-14;381;2177;186751;103366;56.4;31.2
03;2021-06-15;1316;3836;188067;107202;56.8;32.4
03;2021-06-16;788;2887;188855;110089;57.0;33.2
03;2021-06-17;1083;3332;189938;113421;57.3;34.2
03;2021-06-18;1113;3977;191051;117398;57.7;35.4
03;2021-06-19;640;1616;191691;119014;57.9;35.9
03;2021-06-20;20;8;191711;119022;57.9;35.9
03;2021-06-21;462;2636;192173;121658;58.0;36.7
03;2021-06-22;1026;4002;193199;125660;58.3;37.9
03;2021-06-23;717;3283;193916;128943;58.5;38.9
03;2021-06-24;984;3863;194900;132806;58.8;40.1
03;2021-06-25;1017;3893;195917;136699;59.1;41.3
03;2021-06-26;513;2040;196430;138739;59.3;41.9
03;2021-06-27;66;486;196496;139225;59.3;42.0
03;2021-06-28;636;2098;197132;141323;59.5;42.7
03;2021-06-29;1023;3329;198155;144652;59.8;43.7
03;2021-06-30;833;3116;198988;147768;60.1;44.6
03;2021-07-01;981;2938;199969;150706;60.4;45.5
03;2021-07-02;918;4095;200887;154801;60.6;46.7
03;2021-07-03;487;1882;201374;156683;60.8;47.3
03;2021-07-04;19;332;201393;157015;60.8;47.4
03;2021-07-05;811;2377;202204;159392;61.0;48.1
03;2021-07-06;1165;3458;203369;162850;61.4;49.2
03;2021-07-07;801;2614;204170;165464;61.6;49.9
03;2021-07-08;1055;3038;205225;168502;61.9;50.9
03;2021-07-09;1466;3629;206691;172131;62.4;52.0
03;2021-07-10;506;1925;207197;174056;62.5;52.5
03;2021-07-11;60;492;207257;174548;62.6;52.7
03;2021-07-12;925;1150;208182;175698;62.8;53.0
03;2021-07-13;2612;3153;210794;178851;63.6;54.0
03;2021-07-14;194;24;210988;178875;63.7;54.0
03;2021-07-15;2570;2454;213558;181329;64.5;54.7
03;2021-07-16;2703;2273;216261;183602;65.3;55.4
03;2021-07-17;1023;1627;217284;185229;65.6;55.9
03;2021-07-18;31;6;217315;185235;65.6;55.9
03;2021-07-19;2387;1274;219702;186509;66.3;56.3
03;2021-07-20;3068;3037;222770;189546;67.2;57.2
03;2021-07-21;3209;1437;225979;190983;68.2;57.6
03;2021-07-22;2843;1882;228822;192865;69.1;58.2
03;2021-07-23;3188;1292;232010;194157;70.0;58.6
03;2021-07-24;587;579;232597;194736;70.2;58.8
03;2021-07-25;17;5;232614;194741;70.2;58.8
03;2021-07-26;2036;1583;234650;196324;70.8;59.3
03;2021-07-27;3304;2219;237954;198543;71.8;59.9
03;2021-07-28;2703;1114;240657;199657;72.6;60.3
03;2021-07-29;2484;1658;243141;201315;73.4;60.8
03;2021-07-30;2117;1444;245258;202759;74.0;61.2
03;2021-07-31;960;890;246218;203649;74.3;61.5
03;2021-08-01;13;20;246231;203669;74.3;61.5
03;2021-08-02;1661;1604;247892;205273;74.8;62.0
03;2021-08-03;2213;2776;250105;208049;75.5;62.8
03;2021-08-04;2186;879;252291;208928;76.1;63.1
03;2021-08-05;1255;1936;253546;210864;76.5;63.6
03;2021-08-06;1274;1021;254820;211885;76.9;64.0
03;2021-08-07;606;489;255426;212374;77.1;64.1
03;2021-08-08;65;28;255491;212402;77.1;64.1
03;2021-08-09;597;1304;256088;213706;77.3;64.5
03;2021-08-10;1657;3457;257745;217163;77.8;65.5
03;2021-08-11;1300;2522;259045;219685;78.2;66.3
04;2020-12-27;0;0;0;0;0.0;0.0
04;2020-12-28;1;0;1;0;0.0;0.0
04;2020-12-29;0;0;1;0;0.0;0.0
04;2020-12-30;0;0;1;0;0.0;0.0
04;2020-12-31;0;0;1;0;0.0;0.0
04;2021-01-01;0;0;1;0;0.0;0.0
04;2021-01-02;0;0;1;0;0.0;0.0
04;2021-01-03;0;0;1;0;0.0;0.0
04;2021-01-04;0;0;1;0;0.0;0.0
04;2021-01-05;4;0;5;0;0.0;0.0
04;2021-01-06;0;0;5;0;0.0;0.0
04;2021-01-07;61;0;66;0;0.0;0.0
04;2021-01-08;88;0;154;0;0.1;0.0
04;2021-01-09;57;0;211;0;0.1;0.0
04;2021-01-10;0;0;211;0;0.1;0.0
04;2021-01-11;77;0;288;0;0.2;0.0
04;2021-01-12;418;1;706;1;0.4;0.0
04;2021-01-13;245;1;951;2;0.6;0.0
04;2021-01-14;90;2;1041;4;0.6;0.0
04;2021-01-15;165;4;1206;8;0.7;0.0
04;2021-01-16;105;2;1311;10;0.8;0.0
04;2021-01-17;14;0;1325;10;0.8;0.0
04;2021-01-18;236;9;1561;19;0.9;0.0
04;2021-01-19;466;4;2027;23;1.2;0.0
04;2021-01-20;572;8;2599;31;1.6;0.0
04;2021-01-21;612;6;3211;37;1.9;0.0
04;2021-01-22;638;1;3849;38;2.3;0.0
04;2021-01-23;111;0;3960;38;2.4;0.0
04;2021-01-24;0;0;3960;38;2.4;0.0
04;2021-01-25;239;0;4199;38;2.5;0.0
04;2021-01-26;656;1;4855;39;2.9;0.0
04;2021-01-27;480;0;5335;39;3.2;0.0
04;2021-01-28;665;22;6000;61;3.6;0.0
04;2021-01-29;367;41;6367;102;3.9;0.1
04;2021-01-30;65;41;6432;143;3.9;0.1
04;2021-01-31;1;5;6433;148;3.9;0.1
04;2021-02-01;239;149;6672;297;4.0;0.2
04;2021-02-02;557;224;7229;521;4.4;0.3
04;2021-02-03;368;162;7597;683;4.6;0.4
04;2021-02-04;356;53;7953;736;4.8;0.4
04;2021-02-05;379;223;8332;959;5.0;0.6
04;2021-02-06;50;95;8382;1054;5.1;0.6
04;2021-02-07;2;22;8384;1076;5.1;0.7
04;2021-02-08;163;71;8547;1147;5.2;0.7
04;2021-02-09;193;144;8740;1291;5.3;0.8
04;2021-02-10;252;171;8992;1462;5.4;0.9
04;2021-02-11;364;291;9356;1753;5.7;1.1
04;2021-02-12;293;318;9649;2071;5.8;1.3
04;2021-02-13;26;94;9675;2165;5.9;1.3
04;2021-02-14;0;0;9675;2165;5.9;1.3
04;2021-02-15;31;164;9706;2329;5.9;1.4
04;2021-02-16;80;521;9786;2850;5.9;1.7
04;2021-02-17;67;434;9853;3284;6.0;2.0
04;2021-02-18;45;614;9898;3898;6.0;2.4
04;2021-02-19;52;377;9950;4275;6.0;2.6
04;2021-02-20;5;71;9955;4346;6.0;2.6
04;2021-02-21;0;0;9955;4346;6.0;2.6
04;2021-02-22;7;298;9962;4644;6.0;2.8
04;2021-02-23;19;595;9981;5239;6.0;3.2
04;2021-02-24;38;432;10019;5671;6.1;3.4
04;2021-02-25;71;378;10090;6049;6.1;3.7
04;2021-02-26;215;332;10305;6381;6.2;3.9
04;2021-02-27;179;75;10484;6456;6.3;3.9
04;2021-02-28;1;0;10485;6456;6.3;3.9
04;2021-03-01;18;74;10503;6530;6.4;4.0
04;2021-03-02;135;41;10638;6571;6.4;4.0
04;2021-03-03;375;644;11013;7215;6.7;4.4
04;2021-03-04;208;491;11221;7706;6.8;4.7
04;2021-03-05;236;359;11457;8065;6.9;4.9
04;2021-03-06;912;71;12369;8136;7.5;4.9
04;2021-03-07;498;23;12867;8159;7.8;4.9
04;2021-03-08;44;83;12911;8242;7.8;5.0
04;2021-03-09;215;257;13126;8499;7.9;5.1
04;2021-03-10;400;374;13526;8873;8.2;5.4
04;2021-03-11;495;341;14021;9214;8.5;5.6
04;2021-03-12;699;205;14720;9419;8.9;5.7
04;2021-03-13;1087;61;15807;9480;9.6;5.7
04;2021-03-14;459;3;16266;9483;9.8;5.7
04;2021-03-15;93;14;16359;9497;9.9;5.7
04;2021-03-16;74;9;16433;9506;9.9;5.8
04;2021-03-17;532;75;16965;9581;10.3;5.8
04;2021-03-18;815;23;17780;9604;10.8;5.8
04;2021-03-19;724;32;18504;9636;11.2;5.8
04;2021-03-20;159;3;18663;9639;11.3;5.8
04;2021-03-21;0;0;18663;9639;11.3;5.8
04;2021-03-22;105;12;18768;9651;11.4;5.8
04;2021-03-23;244;7;19012;9658;11.5;5.8
04;2021-03-24;1023;51;20035;9709;12.1;5.9
04;2021-03-25;1326;46;21361;9755;12.9;5.9
04;2021-03-26;1448;66;22809;9821;13.8;5.9
04;2021-03-27;264;19;23073;9840;14.0;6.0
04;2021-03-28;2;0;23075;9840;14.0;6.0
04;2021-03-29;680;12;23755;9852;14.4;6.0
04;2021-03-30;1085;147;24840;9999;15.0;6.1
04;2021-03-31;1327;103;26167;10102;15.8;6.1
04;2021-04-01;1132;123;27299;10225;16.5;6.2
04;2021-04-02;1184;110;28483;10335;17.2;6.3
04;2021-04-03;250;20;28733;10355;17.4;6.3
04;2021-04-04;1;0;28734;10355;17.4;6.3
04;2021-04-05;35;1;28769;10356;17.4;6.3
04;2021-04-06;928;144;29697;10500;18.0;6.4
04;2021-04-07;882;433;30579;10933;18.5;6.6
04;2021-04-08;926;697;31505;11630;19.1;7.0
04;2021-04-09;678;418;32183;12048;19.5;7.3
04;2021-04-10;231;192;32414;12240;19.6;7.4
04;2021-04-11;153;65;32567;12305;19.7;7.4
04;2021-04-12;594;100;33161;12405;20.1;7.5
04;2021-04-13;1190;239;34351;12644;20.8;7.7
04;2021-04-14;992;499;35343;13143;21.4;8.0
04;2021-04-15;921;667;36264;13810;22.0;8.4
04;2021-04-16;819;457;37083;14267;22.4;8.6
04;2021-04-17;211;69;37294;14336;22.6;8.7
04;2021-04-18;0;13;37294;14349;22.6;8.7
04;2021-04-19;338;290;37632;14639;22.8;8.9
04;2021-04-20;1005;445;38637;15084;23.4;9.1
04;2021-04-21;655;747;39292;15831;23.8;9.6
04;2021-04-22;759;854;40051;16685;24.2;10.1
04;2021-04-23;695;535;40746;17220;24.7;10.4
04;2021-04-24;165;65;40911;17285;24.8;10.5
04;2021-04-25;0;0;40911;17285;24.8;10.5
04;2021-04-26;172;612;41083;17897;24.9;10.8
04;2021-04-27;395;967;41478;18864;25.1;11.4
04;2021-04-28;432;1089;41910;19953;25.4;12.1
04;2021-04-29;687;1126;42597;21079;25.8;12.8
04;2021-04-30;435;849;43032;21928;26.0;13.3
04;2021-05-01;104;22;43136;21950;26.1;13.3
04;2021-05-02;8;131;43144;22081;26.1;13.4
04;2021-05-03;151;552;43295;22633;26.2;13.7
04;2021-05-04;564;839;43859;23472;26.5;14.2
04;2021-05-05;514;929;44373;24401;26.9;14.8
04;2021-05-06;1160;590;45533;24991;27.6;15.1
04;2021-05-07;657;762;46190;25753;28.0;15.6
04;2021-05-08;48;98;46238;25851;28.0;15.6
04;2021-05-09;0;0;46238;25851;28.0;15.6
04;2021-05-10;466;296;46704;26147;28.3;15.8
04;2021-05-11;1202;907;47906;27054;29.0;16.4
04;2021-05-12;1389;739;49295;27793;29.8;16.8
04;2021-05-13;378;130;49673;27923;30.1;16.9
04;2021-05-14;441;295;50114;28218;30.3;17.1
04;2021-05-15;99;163;50213;28381;30.4;17.2
04;2021-05-16;4;6;50217;28387;30.4;17.2
04;2021-05-17;155;298;50372;28685;30.5;17.4
04;2021-05-18;392;976;50764;29661;30.7;18.0
04;2021-05-19;773;689;51537;30350;31.2;18.4
04;2021-05-20;1258;551;52795;30901;32.0;18.7
04;2021-05-21;852;787;53647;31688;32.5;19.2
04;2021-05-22;105;146;53752;31834;32.5;19.3
04;2021-05-23;1;1;53753;31835;32.5;19.3
04;2021-05-24;1;36;53754;31871;32.5;19.3
04;2021-05-25;868;595;54622;32466;33.1;19.7
04;2021-05-26;1047;788;55669;33254;33.7;20.1
04;2021-05-27;1357;631;57026;33885;34.5;20.5
04;2021-05-28;1120;658;58146;34543;35.2;20.9
04;2021-05-29;89;397;58235;34940;35.3;21.2
04;2021-05-30;3;1;58238;34941;35.3;21.2
04;2021-05-31;421;418;58659;35359;35.5;21.4
04;2021-06-01;641;636;59300;35995;35.9;21.8
04;2021-06-02;871;1063;60171;37058;36.4;22.4
04;2021-06-03;1196;853;61367;37911;37.1;22.9
04;2021-06-04;977;779;62344;38690;37.7;23.4
04;2021-06-05;142;201;62486;38891;37.8;23.5
04;2021-06-06;7;13;62493;38904;37.8;23.6
04;2021-06-07;564;318;63057;39222;38.2;23.7
04;2021-06-08;843;596;63900;39818;38.7;24.1
04;2021-06-09;1149;687;65049;40505;39.4;24.5
04;2021-06-10;1146;585;66195;41090;40.1;24.9
04;2021-06-11;945;611;67140;41701;40.6;25.2
04;2021-06-12;212;148;67352;41849;40.8;25.3
04;2021-06-13;1;1;67353;41850;40.8;25.3
04;2021-06-14;478;304;67831;42154;41.1;25.5
04;2021-06-15;644;1001;68475;43155;41.5;26.1
04;2021-06-16;1021;785;69496;43940;42.1;26.6
04;2021-06-17;1001;961;70497;44901;42.7;27.2
04;2021-06-18;765;885;71262;45786;43.1;27.7
04;2021-06-19;39;85;71301;45871;43.2;27.8
04;2021-06-20;7;9;71308;45880;43.2;27.8
04;2021-06-21;306;614;71614;46494;43.4;28.1
04;2021-06-22;361;1307;71975;47801;43.6;28.9
04;2021-06-23;475;1313;72450;49114;43.9;29.7
04;2021-06-24;851;818;73301;49932;44.4;30.2
04;2021-06-25;461;637;73762;50569;44.7;30.6
04;2021-06-26;56;129;73818;50698;44.7;30.7
04;2021-06-27;4;4;73822;50702;44.7;30.7
04;2021-06-28;159;341;73981;51043;44.8;30.9
04;2021-06-29;370;835;74351;51878;45.0;31.4
04;2021-06-30;542;1122;74893;53000;45.3;32.1
04;2021-07-01;578;1214;75471;54214;45.7;32.8
04;2021-07-02;556;1087;76027;55301;46.0;33.5
04;2021-07-03;65;162;76092;55463;46.1;33.6
04;2021-07-04;6;6;76098;55469;46.1;33.6
04;2021-07-05;106;296;76204;55765;46.1;33.8
04;2021-07-06;506;1384;76710;57149;46.4;34.6
04;2021-07-07;490;1342;77200;58491;46.7;35.4
04;2021-07-08;724;1357;77924;59848;47.2;36.2
04;2021-07-09;580;1062;78504;60910;47.5;36.9
04;2021-07-10;92;176;78596;61086;47.6;37.0
04;2021-07-11;0;21;78596;61107;47.6;37.0
04;2021-07-12;126;652;78722;61759;47.7;37.4
04;2021-07-13;880;1542;79602;63301;48.2;38.3
04;2021-07-14;25;43;79627;63344;48.2;38.3
04;2021-07-15;1216;1732;80843;65076;48.9;39.4
04;2021-07-16;1078;1116;81921;66192;49.6;40.1
04;2021-07-17;444;232;82365;66424;49.9;40.2
04;2021-07-18;112;18;82477;66442;49.9;40.2
04;2021-07-19;483;655;82960;67097;50.2;40.6
04;2021-07-20;1311;1457;84271;68554;51.0;41.5
04;2021-07-21;1119;1166;85390;69720;51.7;42.2
04;2021-07-22;1496;1365;86886;71085;52.6;43.0
04;2021-07-23;1149;1141;88035;72226;53.3;43.7
04;2021-07-24;681;213;88716;72439;53.7;43.9
04;2021-07-25;42;20;88758;72459;53.7;43.9
04;2021-07-26;439;638;89197;73097;54.0;44.2
04;2021-07-27;1360;1044;90557;74141;54.8;44.9
04;2021-07-28;1067;1036;91624;75177;55.5;45.5
04;2021-07-29;1547;1299;93171;76476;56.4;46.3
04;2021-07-30;1244;921;94415;77397;57.2;46.9
04;2021-07-31;251;175;94666;77572;57.3;47.0
04;2021-08-01;48;18;94714;77590;57.3;47.0
04;2021-08-02;133;109;94847;77699;57.4;47.0
04;2021-08-03;1337;1110;96184;78809;58.2;47.7
04;2021-08-04;1171;857;97355;79666;58.9;48.2
04;2021-08-05;1186;735;98541;80401;59.7;48.7
04;2021-08-06;515;395;99056;80796;60.0;48.9
04;2021-08-07;159;162;99215;80958;60.1;49.0
04;2021-08-08;25;12;99240;80970;60.1;49.0
04;2021-08-09;104;119;99344;81089;60.1;49.1
04;2021-08-10;653;975;99997;82064;60.5;49.7
04;2021-08-11;1140;1014;101137;83078;61.2;50.3
05;2020-12-27;0;0;0;0;0.0;0.0
05;2020-12-28;1;0;1;0;0.0;0.0
05;2020-12-29;1;0;2;0;0.0;0.0
05;2020-12-30;2;0;4;0;0.0;0.0
05;2020-12-31;0;0;4;0;0.0;0.0
05;2021-01-01;2;0;6;0;0.0;0.0
05;2021-01-02;2;0;8;0;0.0;0.0
05;2021-01-03;1;0;9;0;0.0;0.0
05;2021-01-04;2;0;11;0;0.0;0.0
05;2021-01-05;0;0;11;0;0.0;0.0
05;2021-01-06;21;0;32;0;0.0;0.0
05;2021-01-07;128;0;160;0;0.1;0.0
05;2021-01-08;146;0;306;0;0.2;0.0
05;2021-01-09;11;0;317;0;0.2;0.0
05;2021-01-10;0;0;317;0;0.2;0.0
05;2021-01-11;44;0;361;0;0.3;0.0
05;2021-01-12;105;0;466;0;0.3;0.0
05;2021-01-13;140;0;606;0;0.4;0.0
05;2021-01-14;167;0;773;0;0.5;0.0
05;2021-01-15;128;1;901;1;0.6;0.0
05;2021-01-16;13;0;914;1;0.6;0.0
05;2021-01-17;0;0;914;1;0.6;0.0
05;2021-01-18;226;1;1140;2;0.8;0.0
05;2021-01-19;227;0;1367;2;1.0;0.0
05;2021-01-20;213;0;1580;2;1.1;0.0
05;2021-01-21;255;0;1835;2;1.3;0.0
05;2021-01-22;194;1;2029;3;1.4;0.0
05;2021-01-23;112;0;2141;3;1.5;0.0
05;2021-01-24;0;0;2141;3;1.5;0.0
05;2021-01-25;315;0;2456;3;1.7;0.0
05;2021-01-26;485;0;2941;3;2.1;0.0
05;2021-01-27;389;4;3330;7;2.3;0.0
05;2021-01-28;363;55;3693;62;2.6;0.0
05;2021-01-29;363;113;4056;175;2.9;0.1
05;2021-01-30;97;9;4153;184;2.9;0.1
05;2021-01-31;4;0;4157;184;2.9;0.1
05;2021-02-01;176;21;4333;205;3.1;0.1
05;2021-02-02;186;122;4519;327;3.2;0.2
05;2021-02-03;207;65;4726;392;3.3;0.3
05;2021-02-04;197;126;4923;518;3.5;0.4
05;2021-02-05;183;111;5106;629;3.6;0.4
05;2021-02-06;75;24;5181;653;3.7;0.5
05;2021-02-07;0;5;5181;658;3.7;0.5
05;2021-02-08;84;125;5265;783;3.7;0.6
05;2021-02-09;97;118;5362;901;3.8;0.6
05;2021-02-10;81;178;5443;1079;3.8;0.8
05;2021-02-11;87;138;5530;1217;3.9;0.9
05;2021-02-12;84;150;5614;1367;4.0;1.0
05;2021-02-13;75;32;5689;1399;4.0;1.0
05;2021-02-14;0;0;5689;1399;4.0;1.0
05;2021-02-15;97;191;5786;1590;4.1;1.1
05;2021-02-16;111;286;5897;1876;4.2;1.3
05;2021-02-17;136;231;6033;2107;4.3;1.5
05;2021-02-18;154;300;6187;2407;4.4;1.7
05;2021-02-19;158;323;6345;2730;4.5;1.9
05;2021-02-20;31;87;6376;2817;4.5;2.0
05;2021-02-21;0;0;6376;2817;4.5;2.0
05;2021-02-22;70;245;6446;3062;4.5;2.2
05;2021-02-23;18;239;6464;3301;4.6;2.3
05;2021-02-24;20;196;6484;3497;4.6;2.5
05;2021-02-25;56;177;6540;3674;4.6;2.6
05;2021-02-26;145;213;6685;3887;4.7;2.7
05;2021-02-27;65;171;6750;4058;4.8;2.9
05;2021-02-28;11;0;6761;4058;4.8;2.9
05;2021-03-01;93;170;6854;4228;4.8;3.0
05;2021-03-02;92;198;6946;4426;4.9;3.1
05;2021-03-03;111;232;7057;4658;5.0;3.3
05;2021-03-04;242;166;7299;4824;5.1;3.4
05;2021-03-05;578;193;7877;5017;5.6;3.5
05;2021-03-06;668;58;8545;5075;6.0;3.6
05;2021-03-07;515;19;9060;5094;6.4;3.6
05;2021-03-08;556;137;9616;5231;6.8;3.7
05;2021-03-09;519;160;10135;5391;7.1;3.8
05;2021-03-10;497;143;10632;5534;7.5;3.9
05;2021-03-11;374;137;11006;5671;7.8;4.0
05;2021-03-12;435;90;11441;5761;8.1;4.1
05;2021-03-13;794;90;12235;5851;8.6;4.1
05;2021-03-14;669;8;12904;5859;9.1;4.1
05;2021-03-15;353;125;13257;5984;9.4;4.2
05;2021-03-16;148;140;13405;6124;9.5;4.3
05;2021-03-17;262;121;13667;6245;9.6;4.4
05;2021-03-18;364;35;14031;6280;9.9;4.4
05;2021-03-19;450;59;14481;6339;10.2;4.5
05;2021-03-20;167;31;14648;6370;10.3;4.5
05;2021-03-21;1;0;14649;6370;10.3;4.5
05;2021-03-22;716;32;15365;6402;10.8;4.5
05;2021-03-23;804;12;16169;6414;11.4;4.5
05;2021-03-24;788;74;16957;6488;12.0;4.6
05;2021-03-25;901;58;17858;6546;12.6;4.6
05;2021-03-26;1023;42;18881;6588;13.3;4.6
05;2021-03-27;467;34;19348;6622;13.6;4.7
05;2021-03-28;10;0;19358;6622;13.7;4.7
05;2021-03-29;905;63;20263;6685;14.3;4.7
05;2021-03-30;1140;70;21403;6755;15.1;4.8
05;2021-03-31;823;253;22226;7008;15.7;4.9
05;2021-04-01;900;239;23126;7247;16.3;5.1
05;2021-04-02;665;376;23791;7623;16.8;5.4
05;2021-04-03;550;183;24341;7806;17.2;5.5
05;2021-04-04;350;63;24691;7869;17.4;5.6
05;2021-04-05;158;12;24849;7881;17.5;5.6
05;2021-04-06;646;270;25495;8151;18.0;5.8
05;2021-04-07;773;323;26268;8474;18.5;6.0
05;2021-04-08;735;335;27003;8809;19.0;6.2
05;2021-04-09;884;402;27887;9211;19.7;6.5
05;2021-04-10;712;385;28599;9596;20.2;6.8
05;2021-04-11;190;174;28789;9770;20.3;6.9
05;2021-04-12;732;259;29521;10029;20.8;7.1
05;2021-04-13;921;231;30442;10260;21.5;7.2
05;2021-04-14;666;327;31108;10587;21.9;7.5
05;2021-04-15;767;397;31875;10984;22.5;7.7
05;2021-04-16;731;411;32606;11395;23.0;8.0
05;2021-04-17;670;236;33276;11631;23.5;8.2
05;2021-04-18;305;23;33581;11654;23.7;8.2
05;2021-04-19;363;538;33944;12192;23.9;8.6
05;2021-04-20;482;630;34426;12822;24.3;9.0
05;2021-04-21;494;630;34920;13452;24.6;9.5
05;2021-04-22;385;546;35305;13998;24.9;9.9
05;2021-04-23;523;649;35828;14647;25.3;10.3
05;2021-04-24;346;383;36174;15030;25.5;10.6
05;2021-04-25;288;23;36462;15053;25.7;10.6
05;2021-04-26;365;706;36827;15759;26.0;11.1
05;2021-04-27;657;750;37484;16509;26.4;11.6
05;2021-04-28;468;719;37952;17228;26.8;12.2
05;2021-04-29;703;749;38655;17977;27.3;12.7
05;2021-04-30;508;753;39163;18730;27.6;13.2
05;2021-05-01;138;110;39301;18840;27.7;13.3
05;2021-05-02;266;115;39567;18955;27.9;13.4
05;2021-05-03;457;494;40024;19449;28.2;13.7
05;2021-05-04;384;502;40408;19951;28.5;14.1
05;2021-05-05;462;670;40870;20621;28.8;14.5
05;2021-05-06;647;719;41517;21340;29.3;15.1
05;2021-05-07;596;803;42113;22143;29.7;15.6
05;2021-05-08;481;174;42594;22317;30.0;15.7
05;2021-05-09;208;57;42802;22374;30.2;15.8
05;2021-05-10;499;694;43301;23068;30.5;16.3
05;2021-05-11;669;914;43970;23982;31.0;16.9
05;2021-05-12;647;733;44617;24715;31.5;17.4
05;2021-05-13;960;114;45577;24829;32.2;17.5
05;2021-05-14;826;492;46403;25321;32.7;17.9
05;2021-05-15;1043;354;47446;25675;33.5;18.1
05;2021-05-16;235;52;47681;25727;33.6;18.1
05;2021-05-17;484;431;48165;26158;34.0;18.5
05;2021-05-18;517;419;48682;26577;34.3;18.7
05;2021-05-19;724;458;49406;27035;34.9;19.1
05;2021-05-20;747;434;50153;27469;35.4;19.4
05;2021-05-21;705;511;50858;27980;35.9;19.7
05;2021-05-22;606;239;51464;28219;36.3;19.9
05;2021-05-23;277;59;51741;28278;36.5;19.9
05;2021-05-24;509;157;52250;28435;36.9;20.1
05;2021-05-25;515;482;52765;28917;37.2;20.4
05;2021-05-26;696;361;53461;29278;37.7;20.7
05;2021-05-27;799;571;54260;29849;38.3;21.1
05;2021-05-28;665;648;54925;30497;38.7;21.5
05;2021-05-29;566;545;55491;31042;39.1;21.9
05;2021-05-30;212;82;55703;31124;39.3;22.0
05;2021-05-31;575;496;56278;31620;39.7;22.3
05;2021-06-01;589;585;56867;32205;40.1;22.7
05;2021-06-02;685;703;57552;32908;40.6;23.2
05;2021-06-03;715;651;58267;33559;41.1;23.7
05;2021-06-04;1017;817;59284;34376;41.8;24.3
05;2021-06-05;807;506;60091;34882;42.4;24.6
05;2021-06-06;200;88;60291;34970;42.5;24.7
05;2021-06-07;605;834;60896;35804;43.0;25.3
05;2021-06-08;697;655;61593;36459;43.5;25.7
05;2021-06-09;649;783;62242;37242;43.9;26.3
05;2021-06-10;543;718;62785;37960;44.3;26.8
05;2021-06-11;763;722;63548;38682;44.8;27.3
05;2021-06-12;589;484;64137;39166;45.2;27.6
05;2021-06-13;112;91;64249;39257;45.3;27.7
05;2021-06-14;403;668;64652;39925;45.6;28.2
05;2021-06-15;543;911;65195;40836;46.0;28.8
05;2021-06-16;433;671;65628;41507;46.3;29.3
05;2021-06-17;359;803;65987;42310;46.5;29.8
05;2021-06-18;396;724;66383;43034;46.8;30.4
05;2021-06-19;421;571;66804;43605;47.1;30.8
05;2021-06-20;63;77;66867;43682;47.2;30.8
05;2021-06-21;319;642;67186;44324;47.4;31.3
05;2021-06-22;356;829;67542;45153;47.6;31.9
05;2021-06-23;354;762;67896;45915;47.9;32.4
05;2021-06-24;388;1021;68284;46936;48.2;33.1
05;2021-06-25;229;894;68513;47830;48.3;33.7
05;2021-06-26;291;1074;68804;48904;48.5;34.5
05;2021-06-27;128;170;68932;49074;48.6;34.6
05;2021-06-28;253;792;69185;49866;48.8;35.2
05;2021-06-29;250;785;69435;50651;49.0;35.7
05;2021-06-30;328;789;69763;51440;49.2;36.3
05;2021-07-01;382;792;70145;52232;49.5;36.8
05;2021-07-02;370;870;70515;53102;49.7;37.5
05;2021-07-03;302;740;70817;53842;50.0;38.0
05;2021-07-04;179;177;70996;54019;50.1;38.1
05;2021-07-05;264;781;71260;54800;50.3;38.7
05;2021-07-06;334;859;71594;55659;50.5;39.3
05;2021-07-07;399;782;71993;56441;50.8;39.8
05;2021-07-08;431;850;72424;57291;51.1;40.4
05;2021-07-09;422;995;72846;58286;51.4;41.1
05;2021-07-10;314;729;73160;59015;51.6;41.6
05;2021-07-11;176;119;73336;59134;51.7;41.7
05;2021-07-12;414;1014;73750;60148;52.0;42.4
05;2021-07-13;481;870;74231;61018;52.4;43.0
05;2021-07-14;839;299;75070;61317;53.0;43.3
05;2021-07-15;708;994;75778;62311;53.5;44.0
05;2021-07-16;1023;1451;76801;63762;54.2;45.0
05;2021-07-17;671;1302;77472;65064;54.7;45.9
05;2021-07-18;284;128;77756;65192;54.9;46.0
05;2021-07-19;570;795;78326;65987;55.3;46.5
05;2021-07-20;759;802;79085;66789;55.8;47.1
05;2021-07-21;879;843;79964;67632;56.4;47.7
05;2021-07-22;807;868;80771;68500;57.0;48.3
05;2021-07-23;1442;1235;82213;69735;58.0;49.2
05;2021-07-24;856;833;83069;70568;58.6;49.8
05;2021-07-25;305;159;83374;70727;58.8;49.9
05;2021-07-26;771;558;84145;71285;59.4;50.3
05;2021-07-27;1253;748;85398;72033;60.2;50.8
05;2021-07-28;1513;712;86911;72745;61.3;51.3
05;2021-07-29;1344;719;88255;73464;62.3;51.8
05;2021-07-30;956;594;89211;74058;62.9;52.2
05;2021-07-31;779;519;89990;74577;63.5;52.6
05;2021-08-01;192;177;90182;74754;63.6;52.7
05;2021-08-02;827;543;91009;75297;64.2;53.1
05;2021-08-03;825;605;91834;75902;64.8;53.5
05;2021-08-04;986;753;92820;76655;65.5;54.1
05;2021-08-05;977;718;93797;77373;66.2;54.6
05;2021-08-06;859;790;94656;78163;66.8;55.1
05;2021-08-07;626;639;95282;78802;67.2;55.6
05;2021-08-08;196;266;95478;79068;67.4;55.8
05;2021-08-09;770;846;96248;79914;67.9;56.4
05;2021-08-10;629;683;96877;80597;68.3;56.9
05;2021-08-11;738;849;97615;81446;68.9;57.5
06;2020-12-27;10;0;10;0;0.0;0.0
06;2020-12-28;6;0;16;0;0.0;0.0
06;2020-12-29;3;0;19;0;0.0;0.0
06;2020-12-30;6;0;25;0;0.0;0.0
06;2020-12-31;24;0;49;0;0.0;0.0
06;2021-01-01;17;0;66;0;0.0;0.0
06;2021-01-02;5;0;71;0;0.0;0.0
06;2021-01-03;3;0;74;0;0.0;0.0
06;2021-01-04;142;1;216;1;0.0;0.0
06;2021-01-05;179;1;395;2;0.0;0.0
06;2021-01-06;219;0;614;2;0.1;0.0
06;2021-01-07;501;0;1115;2;0.1;0.0
06;2021-01-08;680;2;1795;4;0.2;0.0
06;2021-01-09;391;2;2186;6;0.2;0.0
06;2021-01-10;75;0;2261;6;0.2;0.0
06;2021-01-11;1133;0;3394;6;0.3;0.0
06;2021-01-12;2215;4;5609;10;0.5;0.0
06;2021-01-13;1735;7;7344;17;0.7;0.0
06;2021-01-14;2115;17;9459;34;0.9;0.0
06;2021-01-15;1868;5;11327;39;1.0;0.0
06;2021-01-16;980;4;12307;43;1.1;0.0
06;2021-01-17;236;0;12543;43;1.2;0.0
06;2021-01-18;2470;7;15013;50;1.4;0.0
06;2021-01-19;2747;9;17760;59;1.6;0.0
06;2021-01-20;3340;7;21100;66;2.0;0.0
06;2021-01-21;3025;22;24125;88;2.2;0.0
06;2021-01-22;2905;14;27030;102;2.5;0.0
06;2021-01-23;1299;3;28329;105;2.6;0.0
06;2021-01-24;30;0;28359;105;2.6;0.0
06;2021-01-25;2066;15;30425;120;2.8;0.0
06;2021-01-26;3385;38;33810;158;3.1;0.0
06;2021-01-27;2553;101;36363;259;3.4;0.0
06;2021-01-28;2807;201;39170;460;3.6;0.0
06;2021-01-29;2496;310;41666;770;3.9;0.1
06;2021-01-30;666;43;42332;813;3.9;0.1
06;2021-01-31;3;1;42335;814;3.9;0.1
06;2021-02-01;1025;480;43360;1294;4.0;0.1
06;2021-02-02;1500;414;44860;1708;4.2;0.2
06;2021-02-03;330;136;45190;1844;4.2;0.2
06;2021-02-04;713;895;45903;2739;4.3;0.3
06;2021-02-05;1011;1116;46914;3855;4.3;0.4
06;2021-02-06;157;462;47071;4317;4.4;0.4
06;2021-02-07;9;49;47080;4366;4.4;0.4
06;2021-02-08;531;1090;47611;5456;4.4;0.5
06;2021-02-09;312;739;47923;6195;4.4;0.6
06;2021-02-10;371;667;48294;6862;4.5;0.6
06;2021-02-11;471;1072;48765;7934;4.5;0.7
06;2021-02-12;652;1315;49417;9249;4.6;0.9
06;2021-02-13;204;524;49621;9773;4.6;0.9
06;2021-02-14;9;2;49630;9775;4.6;0.9
06;2021-02-15;464;1282;50094;11057;4.6;1.0
06;2021-02-16;867;2013;50961;13070;4.7;1.2
06;2021-02-17;825;2149;51786;15219;4.8;1.4
06;2021-02-18;1799;2710;53585;17929;5.0;1.7
06;2021-02-19;1765;2152;55350;20081;5.1;1.9
06;2021-02-20;280;528;55630;20609;5.2;1.9
06;2021-02-21;21;55;55651;20664;5.2;1.9
06;2021-02-22;1078;1625;56729;22289;5.3;2.1
06;2021-02-23;1748;1555;58477;23844;5.4;2.2
06;2021-02-24;2110;1295;60587;25139;5.6;2.3
06;2021-02-25;3839;1716;64426;26855;6.0;2.5
06;2021-02-26;3389;1611;67815;28466;6.3;2.6
06;2021-02-27;1424;329;69239;28795;6.4;2.7
06;2021-02-28;86;24;69325;28819;6.4;2.7
06;2021-03-01;2405;821;71730;29640;6.6;2.7
06;2021-03-02;2451;988;74181;30628;6.9;2.8
06;2021-03-03;2845;566;77026;31194;7.1;2.9
06;2021-03-04;4613;622;81639;31816;7.6;2.9
06;2021-03-05;3896;1021;85535;32837;7.9;3.0
06;2021-03-06;11913;343;97448;33180;9.0;3.1
06;2021-03-07;10182;290;107630;33470;10.0;3.1
06;2021-03-08;4142;1192;111772;34662;10.4;3.2
06;2021-03-09;4965;924;116737;35586;10.8;3.3
06;2021-03-10;4687;837;121424;36423;11.2;3.4
06;2021-03-11;6717;889;128141;37312;11.9;3.5
06;2021-03-12;6859;1001;135000;38313;12.5;3.5
06;2021-03-13;11208;337;146208;38650;13.5;3.6
06;2021-03-14;499;48;146707;38698;13.6;3.6
06;2021-03-15;4820;765;151527;39463;14.0;3.7
06;2021-03-16;3745;1048;155272;40511;14.4;3.8
06;2021-03-17;6199;1877;161471;42388;15.0;3.9
06;2021-03-18;5111;1818;166582;44206;15.4;4.1
06;2021-03-19;6806;2013;173388;46219;16.1;4.3
06;2021-03-20;2370;560;175758;46779;16.3;4.3
06;2021-03-21;406;23;176164;46802;16.3;4.3
06;2021-03-22;3955;690;180119;47492;16.7;4.4
06;2021-03-23;5969;1204;186088;48696;17.2;4.5
06;2021-03-24;4209;3325;190297;52021;17.6;4.8
06;2021-03-25;5843;3238;196140;55259;18.2;5.1
06;2021-03-26;6343;1988;202483;57247;18.8;5.3
06;2021-03-27;2033;366;204516;57613;18.9;5.3
06;2021-03-28;207;3;204723;57616;19.0;5.3
06;2021-03-29;3197;2088;207920;59704;19.3;5.5
06;2021-03-30;5182;2533;213102;62237;19.7;5.8
06;2021-03-31;8021;1639;221123;63876;20.5;5.9
06;2021-04-01;7624;2445;228747;66321;21.2;6.1
06;2021-04-02;7214;2694;235961;69015;21.9;6.4
06;2021-04-03;2715;1364;238676;70379;22.1;6.5
06;2021-04-04;298;549;238974;70928;22.1;6.6
06;2021-04-05;1401;690;240375;71618;22.3;6.6
06;2021-04-06;6647;3305;247022;74923;22.9;6.9
06;2021-04-07;6210;3879;253232;78802;23.5;7.3
06;2021-04-08;5727;5644;258959;84446;24.0;7.8
06;2021-04-09;9344;5828;268303;90274;24.9;8.4
06;2021-04-10;2395;2786;270698;93060;25.1;8.6
06;2021-04-11;179;57;270877;93117;25.1;8.6
06;2021-04-12;4372;3529;275249;96646;25.5;9.0
06;2021-04-13;6349;5118;281598;101764;26.1;9.4
06;2021-04-14;5455;4477;287053;106241;26.6;9.8
06;2021-04-15;5531;4376;292584;110617;27.1;10.2
06;2021-04-16;7064;5181;299648;115798;27.8;10.7
06;2021-04-17;2775;3051;302423;118849;28.0;11.0
06;2021-04-18;261;223;302684;119072;28.0;11.0
06;2021-04-19;5470;4039;308154;123111;28.5;11.4
06;2021-04-20;5639;4844;313793;127955;29.1;11.9
06;2021-04-21;8302;4124;322095;132079;29.8;12.2
06;2021-04-22;8555;4166;330650;136245;30.6;12.6
06;2021-04-23;8765;4214;339415;140459;31.4;13.0
06;2021-04-24;2339;1480;341754;141939;31.7;13.1
06;2021-04-25;119;29;341873;141968;31.7;13.2
06;2021-04-26;4134;2299;346007;144267;32.1;13.4
06;2021-04-27;4568;4011;350575;148278;32.5;13.7
06;2021-04-28;4140;4541;354715;152819;32.9;14.2
06;2021-04-29;6074;5438;360789;158257;33.4;14.7
06;2021-04-30;6754;5151;367543;163408;34.1;15.1
06;2021-05-01;4147;811;371690;164219;34.4;15.2
06;2021-05-02;490;157;372180;164376;34.5;15.2
06;2021-05-03;6883;3516;379063;167892;35.1;15.6
06;2021-05-04;5742;5374;384805;173266;35.7;16.1
06;2021-05-05;4533;3902;389338;177168;36.1;16.4
06;2021-05-06;5214;4715;394552;181883;36.6;16.9
06;2021-05-07;5648;5663;400200;187546;37.1;17.4
06;2021-05-08;4854;1306;405054;188852;37.5;17.5
06;2021-05-09;192;307;405246;189159;37.5;17.5
06;2021-05-10;4812;5039;410058;194198;38.0;18.0
06;2021-05-11;4927;5546;414985;199744;38.4;18.5
06;2021-05-12;9071;4864;424056;204608;39.3;19.0
06;2021-05-13;9248;2101;433304;206709;40.1;19.2
06;2021-05-14;10826;3302;444130;210011;41.1;19.5
06;2021-05-15;9253;2190;453383;212201;42.0;19.7
06;2021-05-16;1499;286;454882;212487;42.1;19.7
06;2021-05-17;7482;3744;462364;216231;42.8;20.0
06;2021-05-18;9714;3186;472078;219417;43.7;20.3
06;2021-05-19;7680;2962;479758;222379;44.4;20.6
06;2021-05-20;7874;3644;487632;226023;45.2;20.9
06;2021-05-21;8780;3901;496412;229924;46.0;21.3
06;2021-05-22;3022;1322;499434;231246;46.3;21.4
06;2021-05-23;130;628;499564;231874;46.3;21.5
06;2021-05-24;3180;996;502744;232870;46.6;21.6
06;2021-05-25;4759;4934;507503;237804;47.0;22.0
06;2021-05-26;5666;6605;513169;244409;47.5;22.6
06;2021-05-27;5563;6270;518732;250679;48.1;23.2
06;2021-05-28;4976;7274;523708;257953;48.5;23.9
06;2021-05-29;1633;2936;525341;260889;48.7;24.2
06;2021-05-30;257;1122;525598;262011;48.7;24.3
06;2021-05-31;4395;5108;529993;267119;49.1;24.7
06;2021-06-01;5711;7400;535704;274519;49.6;25.4
06;2021-06-02;3306;8548;539010;283067;49.9;26.2
06;2021-06-03;4528;8302;543538;291369;50.4;27.0
06;2021-06-04;5483;7734;549021;299103;50.9;27.7
06;2021-06-05;2451;3347;551472;302450;51.1;28.0
06;2021-06-06;176;236;551648;302686;51.1;28.0
06;2021-06-07;4138;5587;555786;308273;51.5;28.6
06;2021-06-08;4464;5180;560250;313453;51.9;29.0
06;2021-06-09;4092;7357;564342;320810;52.3;29.7
06;2021-06-10;4702;6850;569044;327660;52.7;30.4
06;2021-06-11;3883;8354;572927;336014;53.1;31.1
06;2021-06-12;1737;3743;574664;339757;53.2;31.5
06;2021-06-13;144;439;574808;340196;53.3;31.5
06;2021-06-14;2713;8590;577521;348786;53.5;32.3
06;2021-06-15;3239;9479;580760;358265;53.8;33.2
06;2021-06-16;3491;6998;584251;365263;54.1;33.8
06;2021-06-17;3651;7174;587902;372437;54.5;34.5
06;2021-06-18;2619;5927;590521;378364;54.7;35.1
06;2021-06-19;1296;1676;591817;380040;54.8;35.2
06;2021-06-20;208;346;592025;380386;54.8;35.2
06;2021-06-21;1705;6292;593730;386678;55.0;35.8
06;2021-06-22;2341;7364;596071;394042;55.2;36.5
06;2021-06-23;2073;6544;598144;400586;55.4;37.1
06;2021-06-24;3445;8957;601589;409543;55.7;37.9
06;2021-06-25;2288;9606;603877;419149;55.9;38.8
06;2021-06-26;892;2284;604769;421433;56.0;39.0
06;2021-06-27;378;1186;605147;422619;56.1;39.2
06;2021-06-28;2473;8129;607620;430748;56.3;39.9
06;2021-06-29;2374;7723;609994;438471;56.5;40.6
06;2021-06-30;1355;7686;611349;446157;56.6;41.3
06;2021-07-01;3332;7466;614681;453623;56.9;42.0
06;2021-07-02;4003;8229;618684;461852;57.3;42.8
06;2021-07-03;1224;4307;619908;466159;57.4;43.2
06;2021-07-04;314;300;620222;466459;57.5;43.2
06;2021-07-05;3575;5127;623797;471586;57.8;43.7
06;2021-07-06;1921;5826;625718;477412;58.0;44.2
06;2021-07-07;3408;5968;629126;483380;58.3;44.8
06;2021-07-08;3439;6303;632565;489683;58.6;45.4
06;2021-07-09;3936;6219;636501;495902;59.0;45.9
06;2021-07-10;1679;2329;638180;498231;59.1;46.2
06;2021-07-11;327;322;638507;498553;59.2;46.2
06;2021-07-12;3816;7141;642323;505694;59.5;46.8
06;2021-07-13;5786;8986;648109;514680;60.0;47.7
06;2021-07-14;961;431;649070;515111;60.1;47.7
06;2021-07-15;6401;8010;655471;523121;60.7;48.5
06;2021-07-16;7515;8991;662986;532112;61.4;49.3
06;2021-07-17;3090;5457;666076;537569;61.7;49.8
06;2021-07-18;1056;5328;667132;542897;61.8;50.3
06;2021-07-19;5795;8019;672927;550916;62.3;51.0
06;2021-07-20;7268;10236;680195;561152;63.0;52.0
06;2021-07-21;7942;8671;688137;569823;63.8;52.8
06;2021-07-22;9859;7803;697996;577626;64.7;53.5
06;2021-07-23;8904;6844;706900;584470;65.5;54.1
06;2021-07-24;3191;3208;710091;587678;65.8;54.4
06;2021-07-25;972;477;711063;588155;65.9;54.5
06;2021-07-26;7031;6836;718094;594991;66.5;55.1
06;2021-07-27;8720;5514;726814;600505;67.3;55.6
06;2021-07-28;7043;5360;733857;605865;68.0;56.1
06;2021-07-29;8355;5699;742212;611564;68.8;56.7
06;2021-07-30;7777;5447;749989;617011;69.5;57.2
06;2021-07-31;3478;3055;753467;620066;69.8;57.4
06;2021-08-01;715;427;754182;620493;69.9;57.5
06;2021-08-02;5682;4545;759864;625038;70.4;57.9
06;2021-08-03;6089;5404;765953;630442;71.0;58.4
06;2021-08-04;5324;3478;771277;633920;71.5;58.7
06;2021-08-05;5886;4387;777163;638307;72.0;59.1
06;2021-08-06;5475;6043;782638;644350;72.5;59.7
06;2021-08-07;2206;2440;784844;646790;72.7;59.9
06;2021-08-08;546;620;785390;647410;72.8;60.0
06;2021-08-09;4205;5955;789595;653365;73.2;60.5
06;2021-08-10;4891;6747;794486;660112;73.6;61.2
06;2021-08-11;3925;6076;798411;666188;74.0;61.7
07;2020-12-27;0;0;0;0;0.0;0.0
07;2020-12-28;0;0;0;0;0.0;0.0
07;2020-12-29;0;0;0;0;0.0;0.0
07;2020-12-30;0;0;0;0;0.0;0.0
07;2020-12-31;0;0;0;0;0.0;0.0
07;2021-01-01;7;0;7;0;0.0;0.0
07;2021-01-02;0;0;7;0;0.0;0.0
07;2021-01-03;0;0;7;0;0.0;0.0
07;2021-01-04;0;0;7;0;0.0;0.0
07;2021-01-05;0;0;7;0;0.0;0.0
07;2021-01-06;31;0;38;0;0.0;0.0
07;2021-01-07;130;1;168;1;0.1;0.0
07;2021-01-08;45;1;213;2;0.1;0.0
07;2021-01-09;17;0;230;2;0.1;0.0
07;2021-01-10;0;0;230;2;0.1;0.0
07;2021-01-11;157;1;387;3;0.1;0.0
07;2021-01-12;309;0;696;3;0.2;0.0
07;2021-01-13;305;1;1001;4;0.3;0.0
07;2021-01-14;478;0;1479;4;0.5;0.0
07;2021-01-15;187;0;1666;4;0.5;0.0
07;2021-01-16;17;0;1683;4;0.5;0.0
07;2021-01-17;2;0;1685;4;0.5;0.0
07;2021-01-18;363;1;2048;5;0.6;0.0
07;2021-01-19;830;1;2878;6;0.9;0.0
07;2021-01-20;597;1;3475;7;1.1;0.0
07;2021-01-21;451;3;3926;10;1.2;0.0
07;2021-01-22;291;0;4217;10;1.3;0.0
07;2021-01-23;107;0;4324;10;1.3;0.0
07;2021-01-24;0;0;4324;10;1.3;0.0
07;2021-01-25;164;0;4488;10;1.4;0.0
07;2021-01-26;491;1;4979;11;1.5;0.0
07;2021-01-27;555;7;5534;18;1.7;0.0
07;2021-01-28;1206;100;6740;118;2.1;0.0
07;2021-01-29;707;17;7447;135;2.3;0.0
07;2021-01-30;213;4;7660;139;2.3;0.0
07;2021-01-31;7;0;7667;139;2.3;0.0
07;2021-02-01;267;33;7934;172;2.4;0.1
07;2021-02-02;664;241;8598;413;2.6;0.1
07;2021-02-03;1044;222;9642;635;2.9;0.2
07;2021-02-04;720;262;10362;897;3.2;0.3
07;2021-02-05;484;255;10846;1152;3.3;0.4
07;2021-02-06;97;2;10943;1154;3.3;0.4
07;2021-02-07;12;1;10955;1155;3.4;0.4
07;2021-02-08;239;179;11194;1334;3.4;0.4
07;2021-02-09;486;326;11680;1660;3.6;0.5
07;2021-02-10;537;396;12217;2056;3.7;0.6
07;2021-02-11;400;283;12617;2339;3.9;0.7
07;2021-02-12;268;160;12885;2499;3.9;0.8
07;2021-02-13;69;20;12954;2519;4.0;0.8
07;2021-02-14;0;0;12954;2519;4.0;0.8
07;2021-02-15;270;132;13224;2651;4.0;0.8
07;2021-02-16;347;365;13571;3016;4.2;0.9
07;2021-02-17;466;335;14037;3351;4.3;1.0
07;2021-02-18;562;766;14599;4117;4.5;1.3
07;2021-02-19;456;506;15055;4623;4.6;1.4
07;2021-02-20;108;68;15163;4691;4.6;1.4
07;2021-02-21;15;0;15178;4691;4.6;1.4
07;2021-02-22;423;217;15601;4908;4.8;1.5
07;2021-02-23;646;620;16247;5528;5.0;1.7
07;2021-02-24;928;704;17175;6232;5.3;1.9
07;2021-02-25;709;536;17884;6768;5.5;2.1
07;2021-02-26;845;294;18729;7062;5.7;2.2
07;2021-02-27;190;144;18919;7206;5.8;2.2
07;2021-02-28;1;0;18920;7206;5.8;2.2
07;2021-03-01;436;216;19356;7422;5.9;2.3
07;2021-03-02;654;565;20010;7987;6.1;2.4
07;2021-03-03;691;537;20701;8524;6.3;2.6
07;2021-03-04;1098;359;21799;8883;6.7;2.7
07;2021-03-05;1084;373;22883;9256;7.0;2.8
07;2021-03-06;1124;93;24007;9349;7.3;2.9
07;2021-03-07;718;21;24725;9370;7.6;2.9
07;2021-03-08;351;316;25076;9686;7.7;3.0
07;2021-03-09;1088;431;26164;10117;8.0;3.1
07;2021-03-10;865;515;27029;10632;8.3;3.3
07;2021-03-11;1371;465;28400;11097;8.7;3.4
07;2021-03-12;1613;563;30013;11660;9.2;3.6
07;2021-03-13;679;101;30692;11761;9.4;3.6
07;2021-03-14;4;0;30696;11761;9.4;3.6
07;2021-03-15;526;293;31222;12054;9.6;3.7
07;2021-03-16;1206;481;32428;12535;9.9;3.8
07;2021-03-17;1187;782;33615;13317;10.3;4.1
07;2021-03-18;1219;412;34834;13729;10.7;4.2
07;2021-03-19;1269;421;36103;14150;11.0;4.3
07;2021-03-20;467;106;36570;14256;11.2;4.4
07;2021-03-21;3;2;36573;14258;11.2;4.4
07;2021-03-22;790;537;37363;14795;11.4;4.5
07;2021-03-23;1514;719;38877;15514;11.9;4.7
07;2021-03-24;1275;664;40152;16178;12.3;4.9
07;2021-03-25;1851;514;42003;16692;12.8;5.1
07;2021-03-26;1834;434;43837;17126;13.4;5.2
07;2021-03-27;384;100;44221;17226;13.5;5.3
07;2021-03-28;6;1;44227;17227;13.5;5.3
07;2021-03-29;787;356;45014;17583;13.8;5.4
07;2021-03-30;1526;511;46540;18094;14.2;5.5
07;2021-03-31;1656;500;48196;18594;14.7;5.7
07;2021-04-01;1583;657;49779;19251;15.2;5.9
07;2021-04-02;1523;433;51302;19684;15.7;6.0
07;2021-04-03;229;106;51531;19790;15.8;6.1
07;2021-04-04;3;1;51534;19791;15.8;6.1
07;2021-04-05;0;66;51534;19857;15.8;6.1
07;2021-04-06;1163;755;52697;20612;16.1;6.3
07;2021-04-07;1317;894;54014;21506;16.5;6.6
07;2021-04-08;1970;1175;55984;22681;17.1;6.9
07;2021-04-09;2423;568;58407;23249;17.9;7.1
07;2021-04-10;808;159;59215;23408;18.1;7.2
07;2021-04-11;339;13;59554;23421;18.2;7.2
07;2021-04-12;1279;589;60833;24010;18.6;7.3
07;2021-04-13;1765;1332;62598;25342;19.2;7.8
07;2021-04-14;1674;983;64272;26325;19.7;8.1
07;2021-04-15;1443;842;65715;27167;20.1;8.3
07;2021-04-16;1506;901;67221;28068;20.6;8.6
07;2021-04-17;869;213;68090;28281;20.8;8.7
07;2021-04-18;700;36;68790;28317;21.0;8.7
07;2021-04-19;1161;573;69951;28890;21.4;8.8
07;2021-04-20;1439;1318;71390;30208;21.8;9.2
07;2021-04-21;1716;917;73106;31125;22.4;9.5
07;2021-04-22;1817;963;74923;32088;22.9;9.8
07;2021-04-23;1411;973;76334;33061;23.4;10.1
07;2021-04-24;960;249;77294;33310;23.6;10.2
07;2021-04-25;716;67;78010;33377;23.9;10.2
07;2021-04-26;1138;682;79148;34059;24.2;10.4
07;2021-04-27;1394;1566;80542;35625;24.6;10.9
07;2021-04-28;1636;1754;82178;37379;25.1;11.4
07;2021-04-29;1938;1534;84116;38913;25.7;11.9
07;2021-04-30;1661;1481;85777;40394;26.2;12.4
07;2021-05-01;960;113;86737;40507;26.5;12.4
07;2021-05-02;845;154;87582;40661;26.8;12.4
07;2021-05-03;1281;432;88863;41093;27.2;12.6
07;2021-05-04;2170;1562;91033;42655;27.8;13.0
07;2021-05-05;1745;1386;92778;44041;28.4;13.5
07;2021-05-06;2104;1586;94882;45627;29.0;14.0
07;2021-05-07;1595;1555;96477;47182;29.5;14.4
07;2021-05-08;1224;406;97701;47588;29.9;14.6
07;2021-05-09;1030;327;98731;47915;30.2;14.7
07;2021-05-10;1403;1174;100134;49089;30.6;15.0
07;2021-05-11;2472;1699;102606;50788;31.4;15.5
07;2021-05-12;2163;1277;104769;52065;32.1;15.9
07;2021-05-13;1711;271;106480;52336;32.6;16.0
07;2021-05-14;1732;998;108212;53334;33.1;16.3
07;2021-05-15;1628;498;109840;53832;33.6;16.5
07;2021-05-16;1442;212;111282;54044;34.0;16.5
07;2021-05-17;1772;858;113054;54902;34.6;16.8
07;2021-05-18;2296;1303;115350;56205;35.3;17.2
07;2021-05-19;2376;996;117726;57201;36.0;17.5
07;2021-05-20;2162;1309;119888;58510;36.7;17.9
07;2021-05-21;1758;1315;121646;59825;37.2;18.3
07;2021-05-22;938;544;122584;60369;37.5;18.5
07;2021-05-23;858;157;123442;60526;37.8;18.5
07;2021-05-24;1650;339;125092;60865;38.3;18.6
07;2021-05-25;2187;1479;127279;62344;38.9;19.1
07;2021-05-26;1528;1381;128807;63725;39.4;19.5
07;2021-05-27;2020;1408;130827;65133;40.0;19.9
07;2021-05-28;1769;2080;132596;67213;40.6;20.6
07;2021-05-29;943;683;133539;67896;40.9;20.8
07;2021-05-30;622;570;134161;68466;41.0;20.9
07;2021-05-31;1132;1285;135293;69751;41.4;21.3
07;2021-06-01;2154;2007;137447;71758;42.0;22.0
07;2021-06-02;1531;1654;138978;73412;42.5;22.5
07;2021-06-03;1711;1258;140689;74670;43.0;22.8
07;2021-06-04;1675;1595;142364;76265;43.6;23.3
07;2021-06-05;988;955;143352;77220;43.9;23.6
07;2021-06-06;598;623;143950;77843;44.0;23.8
07;2021-06-07;961;1195;144911;79038;44.3;24.2
07;2021-06-08;1548;1770;146459;80808;44.8;24.7
07;2021-06-09;1030;1422;147489;82230;45.1;25.2
07;2021-06-10;789;1391;148278;83621;45.4;25.6
07;2021-06-11;1154;2034;149432;85655;45.7;26.2
07;2021-06-12;643;1217;150075;86872;45.9;26.6
07;2021-06-13;394;444;150469;87316;46.0;26.7
07;2021-06-14;566;1964;151035;89280;46.2;27.3
07;2021-06-15;934;2553;151969;91833;46.5;28.1
07;2021-06-16;1021;1853;152990;93686;46.8;28.7
07;2021-06-17;886;1951;153876;95637;47.1;29.3
07;2021-06-18;873;2285;154749;97922;47.3;30.0
07;2021-06-19;606;1455;155355;99377;47.5;30.4
07;2021-06-20;369;729;155724;100106;47.6;30.6
07;2021-06-21;517;2144;156241;102250;47.8;31.3
07;2021-06-22;655;2663;156896;104913;48.0;32.1
07;2021-06-23;680;1960;157576;106873;48.2;32.7
07;2021-06-24;647;1852;158223;108725;48.4;33.3
07;2021-06-25;701;2177;158924;110902;48.6;33.9
07;2021-06-26;360;1429;159284;112331;48.7;34.4
07;2021-06-27;284;1072;159568;113403;48.8;34.7
07;2021-06-28;504;2242;160072;115645;49.0;35.4
07;2021-06-29;541;2989;160613;118634;49.1;36.3
07;2021-06-30;822;2290;161435;120924;49.4;37.0
07;2021-07-01;772;1977;162207;122901;49.6;37.6
07;2021-07-02;882;2303;163089;125204;49.9;38.3
07;2021-07-03;420;1139;163509;126343;50.0;38.7
07;2021-07-04;210;853;163719;127196;50.1;38.9
07;2021-07-05;670;1684;164389;128880;50.3;39.4
07;2021-07-06;878;2634;165267;131514;50.6;40.2
07;2021-07-07;967;1947;166234;133461;50.9;40.8
07;2021-07-08;927;1971;167161;135432;51.1;41.4
07;2021-07-09;995;2263;168156;137695;51.4;42.1
07;2021-07-10;597;1100;168753;138795;51.6;42.5
07;2021-07-11;239;615;168992;139410;51.7;42.6
07;2021-07-12;804;1770;169796;141180;51.9;43.2
07;2021-07-13;1764;3173;171560;144353;52.5;44.2
07;2021-07-14;167;133;171727;144486;52.5;44.2
07;2021-07-15;1953;2460;173680;146946;53.1;45.0
07;2021-07-16;2050;1983;175730;148929;53.8;45.6
07;2021-07-17;1481;1245;177211;150174;54.2;45.9
07;2021-07-18;770;482;177981;150656;54.4;46.1
07;2021-07-19;1515;1706;179496;152362;54.9;46.6
07;2021-07-20;2515;2668;182011;155030;55.7;47.4
07;2021-07-21;1849;1912;183860;156942;56.2;48.0
07;2021-07-22;1911;1371;185771;158313;56.8;48.4
07;2021-07-23;2251;1684;188022;159997;57.5;48.9
07;2021-07-24;1630;1104;189652;161101;58.0;49.3
07;2021-07-25;33;21;189685;161122;58.0;49.3
07;2021-07-26;2182;1541;191867;162663;58.7;49.8
07;2021-07-27;2963;1902;194830;164565;59.6;50.3
07;2021-07-28;1626;1298;196456;165863;60.1;50.7
07;2021-07-29;2523;1269;198979;167132;60.9;51.1
07;2021-07-30;1343;1414;200322;168546;61.3;51.6
07;2021-07-31;1493;920;201815;169466;61.7;51.8
07;2021-08-01;73;26;201888;169492;61.8;51.9
07;2021-08-02;1452;1130;203340;170622;62.2;52.2
07;2021-08-03;2400;1904;205740;172526;62.9;52.8
07;2021-08-04;1933;1025;207673;173551;63.5;53.1
07;2021-08-05;1869;1283;209542;174834;64.1;53.5
07;2021-08-06;2016;1698;211558;176532;64.7;54.0
07;2021-08-07;989;549;212547;177081;65.0;54.2
07;2021-08-08;7;23;212554;177104;65.0;54.2
07;2021-08-09;1252;1371;213806;178475;65.4;54.6
07;2021-08-10;1581;2253;215387;180728;65.9;55.3
07;2021-08-11;1394;1600;216781;182328;66.3;55.8
08;2020-12-27;1;0;1;0;0.0;0.0
08;2020-12-28;0;0;1;0;0.0;0.0
08;2020-12-29;0;0;1;0;0.0;0.0
08;2020-12-30;0;0;1;0;0.0;0.0
08;2020-12-31;0;0;1;0;0.0;0.0
08;2021-01-01;0;0;1;0;0.0;0.0
08;2021-01-02;0;0;1;0;0.0;0.0
08;2021-01-03;2;0;3;0;0.0;0.0
08;2021-01-04;24;0;27;0;0.0;0.0
08;2021-01-05;1;0;28;0;0.0;0.0
08;2021-01-06;0;0;28;0;0.0;0.0
08;2021-01-07;188;0;216;0;0.1;0.0
08;2021-01-08;314;0;530;0;0.2;0.0
08;2021-01-09;113;0;643;0;0.2;0.0
08;2021-01-10;1;0;644;0;0.2;0.0
08;2021-01-11;67;0;711;0;0.3;0.0
08;2021-01-12;156;0;867;0;0.3;0.0
08;2021-01-13;479;1;1346;1;0.5;0.0
08;2021-01-14;534;9;1880;10;0.7;0.0
08;2021-01-15;287;2;2167;12;0.8;0.0
08;2021-01-16;106;0;2273;12;0.9;0.0
08;2021-01-17;2;0;2275;12;0.9;0.0
08;2021-01-18;371;2;2646;14;1.0;0.0
08;2021-01-19;871;1;3517;15;1.3;0.0
08;2021-01-20;910;3;4427;18;1.7;0.0
08;2021-01-21;743;1;5170;19;1.9;0.0
08;2021-01-22;678;2;5848;21;2.2;0.0
08;2021-01-23;237;0;6085;21;2.3;0.0
08;2021-01-24;0;0;6085;21;2.3;0.0
08;2021-01-25;205;0;6290;21;2.4;0.0
08;2021-01-26;302;2;6592;23;2.5;0.0
08;2021-01-27;411;0;7003;23;2.6;0.0
08;2021-01-28;565;184;7568;207;2.9;0.1
08;2021-01-29;587;181;8155;388;3.1;0.1
08;2021-01-30;222;63;8377;451;3.2;0.2
08;2021-01-31;0;0;8377;451;3.2;0.2
08;2021-02-01;80;46;8457;497;3.2;0.2
08;2021-02-02;192;173;8649;670;3.3;0.3
08;2021-02-03;141;170;8790;840;3.3;0.3
08;2021-02-04;309;287;9099;1127;3.4;0.4
08;2021-02-05;499;360;9598;1487;3.6;0.6
08;2021-02-06;149;75;9747;1562;3.7;0.6
08;2021-02-07;8;0;9755;1562;3.7;0.6
08;2021-02-08;39;174;9794;1736;3.7;0.7
08;2021-02-09;219;646;10013;2382;3.8;0.9
08;2021-02-10;334;641;10347;3023;3.9;1.1
08;2021-02-11;464;364;10811;3387;4.1;1.3
08;2021-02-12;676;388;11487;3775;4.3;1.4
08;2021-02-13;140;118;11627;3893;4.4;1.5
08;2021-02-14;3;60;11630;3953;4.4;1.5
08;2021-02-15;227;210;11857;4163;4.5;1.6
08;2021-02-16;130;376;11987;4539;4.5;1.7
08;2021-02-17;112;417;12099;4956;4.6;1.9
08;2021-02-18;215;518;12314;5474;4.6;2.1
08;2021-02-19;304;424;12618;5898;4.8;2.2
08;2021-02-20;7;208;12625;6106;4.8;2.3
08;2021-02-21;0;0;12625;6106;4.8;2.3
08;2021-02-22;132;179;12757;6285;4.8;2.4
08;2021-02-23;150;321;12907;6606;4.9;2.5
08;2021-02-24;163;389;13070;6995;4.9;2.6
08;2021-02-25;500;527;13570;7522;5.1;2.8
08;2021-02-26;603;628;14173;8150;5.3;3.1
08;2021-02-27;318;191;14491;8341;5.5;3.1
08;2021-02-28;19;1;14510;8342;5.5;3.1
08;2021-03-01;199;105;14709;8447;5.5;3.2
08;2021-03-02;655;277;15364;8724;5.8;3.3
08;2021-03-03;897;201;16261;8925;6.1;3.4
08;2021-03-04;733;330;16994;9255;6.4;3.5
08;2021-03-05;1022;541;18016;9796;6.8;3.7
08;2021-03-06;693;136;18709;9932;7.0;3.7
08;2021-03-07;75;1;18784;9933;7.1;3.7
08;2021-03-08;217;123;19001;10056;7.2;3.8
08;2021-03-09;686;136;19687;10192;7.4;3.8
08;2021-03-10;1037;118;20724;10310;7.8;3.9
08;2021-03-11;981;248;21705;10558;8.2;4.0
08;2021-03-12;1631;510;23336;11068;8.8;4.2
08;2021-03-13;794;120;24130;11188;9.1;4.2
08;2021-03-14;22;0;24152;11188;9.1;4.2
08;2021-03-15;291;72;24443;11260;9.2;4.2
08;2021-03-16;563;38;25006;11298;9.4;4.3
08;2021-03-17;802;59;25808;11357;9.7;4.3
08;2021-03-18;815;155;26623;11512;10.0;4.3
08;2021-03-19;1135;282;27758;11794;10.5;4.4
08;2021-03-20;507;17;28265;11811;10.6;4.4
08;2021-03-21;13;1;28278;11812;10.6;4.4
08;2021-03-22;367;44;28645;11856;10.8;4.5
08;2021-03-23;733;62;29378;11918;11.1;4.5
08;2021-03-24;1327;68;30705;11986;11.6;4.5
08;2021-03-25;1903;88;32608;12074;12.3;4.5
08;2021-03-26;2564;170;35172;12244;13.2;4.6
08;2021-03-27;898;123;36070;12367;13.6;4.7
08;2021-03-28;228;6;36298;12373;13.7;4.7
08;2021-03-29;260;183;36558;12556;13.8;4.7
08;2021-03-30;832;486;37390;13042;14.1;4.9
08;2021-03-31;852;529;38242;13571;14.4;5.1
08;2021-04-01;1683;446;39925;14017;15.0;5.3
08;2021-04-02;1499;516;41424;14533;15.6;5.5
08;2021-04-03;1327;199;42751;14732;16.1;5.5
08;2021-04-04;134;4;42885;14736;16.2;5.5
08;2021-04-05;17;0;42902;14736;16.2;5.5
08;2021-04-06;702;479;43604;15215;16.4;5.7
08;2021-04-07;910;703;44514;15918;16.8;6.0
08;2021-04-08;1742;518;46256;16436;17.4;6.2
08;2021-04-09;2348;720;48604;17156;18.3;6.5
08;2021-04-10;1449;221;50053;17377;18.9;6.5
08;2021-04-11;10;6;50063;17383;18.9;6.5
08;2021-04-12;671;226;50734;17609;19.1;6.6
08;2021-04-13;1307;614;52041;18223;19.6;6.9
08;2021-04-14;1281;866;53322;19089;20.1;7.2
08;2021-04-15;1606;796;54928;19885;20.7;7.5
08;2021-04-16;1873;875;56801;20760;21.4;7.8
08;2021-04-17;1112;401;57913;21161;21.8;8.0
08;2021-04-18;23;14;57936;21175;21.8;8.0
08;2021-04-19;1149;298;59085;21473;22.3;8.1
08;2021-04-20;1118;542;60203;22015;22.7;8.3
08;2021-04-21;1139;739;61342;22754;23.1;8.6
08;2021-04-22;1328;880;62670;23634;23.6;8.9
08;2021-04-23;1675;1171;64345;24805;24.2;9.3
08;2021-04-24;1323;642;65668;25447;24.7;9.6
08;2021-04-25;26;198;65694;25645;24.7;9.7
08;2021-04-26;1040;153;66734;25798;25.1;9.7
08;2021-04-27;1337;601;68071;26399;25.6;9.9
08;2021-04-28;1452;680;69523;27079;26.2;10.2
08;2021-04-29;1174;1314;70697;28393;26.6;10.7
08;2021-04-30;1769;1618;72466;30011;27.3;11.3
08;2021-05-01;1049;494;73515;30505;27.7;11.5
08;2021-05-02;626;182;74141;30687;27.9;11.6
08;2021-05-03;1169;371;75310;31058;28.4;11.7
08;2021-05-04;1328;862;76638;31920;28.9;12.0
08;2021-05-05;1567;1331;78205;33251;29.5;12.5
08;2021-05-06;1971;1660;80176;34911;30.2;13.1
08;2021-05-07;1860;2098;82036;37009;30.9;13.9
08;2021-05-08;923;765;82959;37774;31.2;14.2
08;2021-05-09;443;71;83402;37845;31.4;14.3
08;2021-05-10;1191;665;84593;38510;31.9;14.5
08;2021-05-11;1909;941;86502;39451;32.6;14.9
08;2021-05-12;1810;1238;88312;40689;33.3;15.3
08;2021-05-13;1306;620;89618;41309;33.8;15.6
08;2021-05-14;2535;1033;92153;42342;34.7;15.9
08;2021-05-15;1821;714;93974;43056;35.4;16.2
08;2021-05-16;820;102;94794;43158;35.7;16.3
08;2021-05-17;699;906;95493;44064;36.0;16.6
08;2021-05-18;1251;840;96744;44904;36.4;16.9
08;2021-05-19;1609;959;98353;45863;37.0;17.3
08;2021-05-20;2147;962;100500;46825;37.8;17.6
08;2021-05-21;2338;1276;102838;48101;38.7;18.1
08;2021-05-22;1820;765;104658;48866;39.4;18.4
08;2021-05-23;864;90;105522;48956;39.7;18.4
08;2021-05-24;714;103;106236;49059;40.0;18.5
08;2021-05-25;1455;671;107691;49730;40.6;18.7
08;2021-05-26;1516;1009;109207;50739;41.1;19.1
08;2021-05-27;2007;1147;111214;51886;41.9;19.5
08;2021-05-28;1973;1821;113187;53707;42.6;20.2
08;2021-05-29;1769;968;114956;54675;43.3;20.6
08;2021-05-30;836;102;115792;54777;43.6;20.6
08;2021-05-31;755;574;116547;55351;43.9;20.8
08;2021-06-01;1351;881;117898;56232;44.4;21.2
08;2021-06-02;1296;1196;119194;57428;44.9;21.6
08;2021-06-03;1385;1523;120579;58951;45.4;22.2
08;2021-06-04;1777;2426;122356;61377;46.1;23.1
08;2021-06-05;1177;1379;123533;62756;46.5;23.6
08;2021-06-06;907;107;124440;62863;46.9;23.7
08;2021-06-07;661;1174;125101;64037;47.1;24.1
08;2021-06-08;930;1495;126031;65532;47.5;24.7
08;2021-06-09;843;1391;126874;66923;47.8;25.2
08;2021-06-10;1718;1554;128592;68477;48.4;25.8
08;2021-06-11;1721;2208;130313;70685;49.1;26.6
08;2021-06-12;1416;1527;131729;72212;49.6;27.2
08;2021-06-13;386;598;132115;72810;49.8;27.4
08;2021-06-14;380;1304;132495;74114;49.9;27.9
08;2021-06-15;740;1553;133235;75667;50.2;28.5
08;2021-06-16;804;2056;134039;77723;50.5;29.3
08;2021-06-17;1285;1853;135324;79576;51.0;30.0
08;2021-06-18;1608;2595;136932;82171;51.6;30.9
08;2021-06-19;1324;1407;138256;83578;52.1;31.5
08;2021-06-20;117;423;138373;84001;52.1;31.6
08;2021-06-21;494;1397;138867;85398;52.3;32.2
08;2021-06-22;808;2022;139675;87420;52.6;32.9
08;2021-06-23;855;1672;140530;89092;52.9;33.6
08;2021-06-24;1038;1924;141568;91016;53.3;34.3
08;2021-06-25;1080;2734;142648;93750;53.7;35.3
08;2021-06-26;1011;1782;143659;95532;54.1;36.0
08;2021-06-27;351;644;144010;96176;54.2;36.2
08;2021-06-28;397;1321;144407;97497;54.4;36.7
08;2021-06-29;627;1471;145034;98968;54.6;37.3
08;2021-06-30;853;1688;145887;100656;54.9;37.9
08;2021-07-01;885;2194;146772;102850;55.3;38.7
08;2021-07-02;939;2643;147711;105493;55.6;39.7
08;2021-07-03;784;2142;148495;107635;55.9;40.5
08;2021-07-04;128;861;148623;108496;56.0;40.9
08;2021-07-05;103;1195;148726;109691;56.0;41.3
08;2021-07-06;425;1833;149151;111524;56.2;42.0
08;2021-07-07;365;1781;149516;113305;56.3;42.7
08;2021-07-08;715;2015;150231;115320;56.6;43.4
08;2021-07-09;733;2439;150964;117759;56.9;44.3
08;2021-07-10;652;1999;151616;119758;57.1;45.1
08;2021-07-11;238;726;151854;120484;57.2;45.4
08;2021-07-12;309;1194;152163;121678;57.3;45.8
08;2021-07-13;944;1789;153107;123467;57.7;46.5
08;2021-07-14;177;330;153284;123797;57.7;46.6
08;2021-07-15;758;2453;154042;126250;58.0;47.5
08;2021-07-16;1080;2411;155122;128661;58.4;48.5
08;2021-07-17;992;2107;156114;130768;58.8;49.2
08;2021-07-18;344;739;156458;131507;58.9;49.5
08;2021-07-19;455;924;156913;132431;59.1;49.9
08;2021-07-20;876;1438;157789;133869;59.4;50.4
08;2021-07-21;1230;1719;159019;135588;59.9;51.1
08;2021-07-22;1143;2168;160162;137756;60.3;51.9
08;2021-07-23;1583;2449;161745;140205;60.9;52.8
08;2021-07-24;1305;1924;163050;142129;61.4;53.5
08;2021-07-25;771;443;163821;142572;61.7;53.7
08;2021-07-26;1308;843;165129;143415;62.2;54.0
08;2021-07-27;2177;1406;167306;144821;63.0;54.5
08;2021-07-28;2405;1449;169711;146270;63.9;55.1
08;2021-07-29;2591;1344;172302;147614;64.9;55.6
08;2021-07-30;2594;1578;174896;149192;65.9;56.2
08;2021-07-31;1967;1064;176863;150256;66.6;56.6
08;2021-08-01;934;299;177797;150555;67.0;56.7
08;2021-08-02;1251;679;179048;151234;67.4;57.0
08;2021-08-03;1629;818;180677;152052;68.0;57.3
08;2021-08-04;1488;658;182165;152710;68.6;57.5
08;2021-08-05;1892;962;184057;153672;69.3;57.9
08;2021-08-06;2575;1089;186632;154761;70.3;58.3
08;2021-08-07;1666;1156;188298;155917;70.9;58.7
08;2021-08-08;582;375;188880;156292;71.1;58.9
08;2021-08-09;670;532;189550;156824;71.4;59.1
08;2021-08-10;873;744;190423;157568;71.7;59.3
08;2021-08-11;502;782;190925;158350;71.9;59.6
09;2020-12-27;0;0;0;0;0.0;0.0
09;2020-12-28;1;0;1;0;0.0;0.0
09;2020-12-29;0;0;1;0;0.0;0.0
09;2020-12-30;0;0;1;0;0.0;0.0
09;2020-12-31;0;0;1;0;0.0;0.0
09;2021-01-01;0;0;1;0;0.0;0.0
09;2021-01-02;0;0;1;0;0.0;0.0
09;2021-01-03;0;0;1;0;0.0;0.0
09;2021-01-04;2;1;3;1;0.0;0.0
09;2021-01-05;0;0;3;1;0.0;0.0
09;2021-01-06;3;0;6;1;0.0;0.0
09;2021-01-07;257;2;263;3;0.2;0.0
09;2021-01-08;228;0;491;3;0.3;0.0
09;2021-01-09;103;0;594;3;0.4;0.0
09;2021-01-10;59;0;653;3;0.4;0.0
09;2021-01-11;175;0;828;3;0.5;0.0
09;2021-01-12;304;0;1132;3;0.7;0.0
09;2021-01-13;196;0;1328;3;0.9;0.0
09;2021-01-14;432;8;1760;11;1.2;0.0
09;2021-01-15;223;1;1983;12;1.3;0.0
09;2021-01-16;194;2;2177;14;1.4;0.0
09;2021-01-17;123;0;2300;14;1.5;0.0
09;2021-01-18;267;1;2567;15;1.7;0.0
09;2021-01-19;257;0;2824;15;1.9;0.0
09;2021-01-20;346;1;3170;16;2.1;0.0
09;2021-01-21;333;1;3503;17;2.3;0.0
09;2021-01-22;331;1;3834;18;2.5;0.0
09;2021-01-23;236;0;4070;18;2.7;0.0
09;2021-01-24;85;1;4155;19;2.7;0.0
09;2021-01-25;204;12;4359;31;2.9;0.0
09;2021-01-26;634;25;4993;56;3.3;0.0
09;2021-01-27;471;41;5464;97;3.6;0.1
09;2021-01-28;285;205;5749;302;3.8;0.2
09;2021-01-29;250;129;5999;431;3.9;0.3
09;2021-01-30;143;55;6142;486;4.0;0.3
09;2021-01-31;56;10;6198;496;4.1;0.3
09;2021-02-01;82;142;6280;638;4.1;0.4
09;2021-02-02;57;295;6337;933;4.2;0.6
09;2021-02-03;87;206;6424;1139;4.2;0.7
09;2021-02-04;49;299;6473;1438;4.2;0.9
09;2021-02-05;89;156;6562;1594;4.3;1.0
09;2021-02-06;68;49;6630;1643;4.4;1.1
09;2021-02-07;6;73;6636;1716;4.4;1.1
09;2021-02-08;22;177;6658;1893;4.4;1.2
09;2021-02-09;54;289;6712;2182;4.4;1.4
09;2021-02-10;15;196;6727;2378;4.4;1.6
09;2021-02-11;6;221;6733;2599;4.4;1.7
09;2021-02-12;149;176;6882;2775;4.5;1.8
09;2021-02-13;7;144;6889;2919;4.5;1.9
09;2021-02-14;0;52;6889;2971;4.5;1.9
09;2021-02-15;75;134;6964;3105;4.6;2.0
09;2021-02-16;227;510;7191;3615;4.7;2.4
09;2021-02-17;83;388;7274;4003;4.8;2.6
09;2021-02-18;87;449;7361;4452;4.8;2.9
09;2021-02-19;65;285;7426;4737;4.9;3.1
09;2021-02-20;59;200;7485;4937;4.9;3.2
09;2021-02-21;0;51;7485;4988;4.9;3.3
09;2021-02-22;127;218;7612;5206;5.0;3.4
09;2021-02-23;161;145;7773;5351;5.1;3.5
09;2021-02-24;74;178;7847;5529;5.1;3.6
09;2021-02-25;211;169;8058;5698;5.3;3.7
09;2021-02-26;162;174;8220;5872;5.4;3.9
09;2021-02-27;65;71;8285;5943;5.4;3.9
09;2021-02-28;43;17;8328;5960;5.5;3.9
09;2021-03-01;247;97;8575;6057;5.6;4.0
09;2021-03-02;284;76;8859;6133;5.8;4.0
09;2021-03-03;252;132;9111;6265;6.0;4.1
09;2021-03-04;413;32;9524;6297;6.2;4.1
09;2021-03-05;332;64;9856;6361;6.5;4.2
09;2021-03-06;397;46;10253;6407;6.7;4.2
09;2021-03-07;124;4;10377;6411;6.8;4.2
09;2021-03-08;380;64;10757;6475;7.1;4.2
09;2021-03-09;437;140;11194;6615;7.3;4.3
09;2021-03-10;560;71;11754;6686;7.7;4.4
09;2021-03-11;695;77;12449;6763;8.2;4.4
09;2021-03-12;659;32;13108;6795;8.6;4.5
09;2021-03-13;385;3;13493;6798;8.9;4.5
09;2021-03-14;120;3;13613;6801;8.9;4.5
09;2021-03-15;467;49;14080;6850;9.2;4.5
09;2021-03-16;370;80;14450;6930;9.5;4.5
09;2021-03-17;399;72;14849;7002;9.7;4.6
09;2021-03-18;454;43;15303;7045;10.0;4.6
09;2021-03-19;525;55;15828;7100;10.4;4.7
09;2021-03-20;313;39;16141;7139;10.6;4.7
09;2021-03-21;105;0;16246;7139;10.7;4.7
09;2021-03-22;424;118;16670;7257;10.9;4.8
09;2021-03-23;566;173;17236;7430;11.3;4.9
09;2021-03-24;711;41;17947;7471;11.8;4.9
09;2021-03-25;869;138;18816;7609;12.3;5.0
09;2021-03-26;751;45;19567;7654;12.8;5.0
09;2021-03-27;622;70;20189;7724;13.2;5.1
09;2021-03-28;132;24;20321;7748;13.3;5.1
09;2021-03-29;497;279;20818;8027;13.7;5.3
09;2021-03-30;729;155;21547;8182;14.1;5.4
09;2021-03-31;802;180;22349;8362;14.7;5.5
09;2021-04-01;735;254;23084;8616;15.1;5.7
09;2021-04-02;693;266;23777;8882;15.6;5.8
09;2021-04-03;770;117;24547;8999;16.1;5.9
09;2021-04-04;122;57;24669;9056;16.2;5.9
09;2021-04-05;237;58;24906;9114;16.3;6.0
09;2021-04-06;1057;391;25963;9505;17.0;6.2
09;2021-04-07;1208;359;27171;9864;17.8;6.5
09;2021-04-08;1468;399;28639;10263;18.8;6.7
09;2021-04-09;1138;414;29777;10677;19.5;7.0
09;2021-04-10;1349;195;31126;10872;20.4;7.1
09;2021-04-11;173;102;31299;10974;20.5;7.2
09;2021-04-12;736;345;32035;11319;21.0;7.4
09;2021-04-13;1047;409;33082;11728;21.7;7.7
09;2021-04-14;1331;509;34413;12237;22.6;8.0
09;2021-04-15;1148;502;35561;12739;23.3;8.4
09;2021-04-16;1033;415;36594;13154;24.0;8.6
09;2021-04-17;1194;355;37788;13509;24.8;8.9
09;2021-04-18;102;96;37890;13605;24.9;8.9
09;2021-04-19;697;404;38587;14009;25.3;9.2
09;2021-04-20;766;533;39353;14542;25.8;9.5
09;2021-04-21;940;590;40293;15132;26.4;9.9
09;2021-04-22;667;607;40960;15739;26.9;10.3
09;2021-04-23;773;427;41733;16166;27.4;10.6
09;2021-04-24;740;670;42473;16836;27.9;11.0
09;2021-04-25;75;113;42548;16949;27.9;11.1
09;2021-04-26;383;535;42931;17484;28.2;11.5
09;2021-04-27;442;720;43373;18204;28.5;11.9
09;2021-04-28;806;795;44179;18999;29.0;12.5
09;2021-04-29;550;773;44729;19772;29.4;13.0
09;2021-04-30;621;724;45350;20496;29.8;13.4
09;2021-05-01;478;454;45828;20950;30.1;13.7
09;2021-05-02;51;100;45879;21050;30.1;13.8
09;2021-05-03;522;663;46401;21713;30.4;14.2
09;2021-05-04;556;1348;46957;23061;30.8;15.1
09;2021-05-05;822;1347;47779;24408;31.4;16.0
09;2021-05-06;849;1033;48628;25441;31.9;16.7
09;2021-05-07;978;823;49606;26264;32.6;17.2
09;2021-05-08;395;461;50001;26725;32.8;17.5
09;2021-05-09;264;84;50265;26809;33.0;17.6
09;2021-05-10;504;966;50769;27775;33.3;18.2
09;2021-05-11;741;1052;51510;28827;33.8;18.9
09;2021-05-12;1535;1404;53045;30231;34.8;19.8
09;2021-05-13;1383;425;54428;30656;35.7;20.1
09;2021-05-14;986;654;55414;31310;36.4;20.5
09;2021-05-15;1236;790;56650;32100;37.2;21.1
09;2021-05-16;296;48;56946;32148;37.4;21.1
09;2021-05-17;875;413;57821;32561;37.9;21.4
09;2021-05-18;1291;393;59112;32954;38.8;21.6
09;2021-05-19;1495;370;60607;33324;39.8;21.9
09;2021-05-20;1379;406;61986;33730;40.7;22.1
09;2021-05-21;1164;496;63150;34226;41.4;22.5
09;2021-05-22;1546;365;64696;34591;42.5;22.7
09;2021-05-23;272;25;64968;34616;42.6;22.7
09;2021-05-24;177;99;65145;34715;42.7;22.8
09;2021-05-25;997;499;66142;35214;43.4;23.1
09;2021-05-26;1286;446;67428;35660;44.2;23.4
09;2021-05-27;966;403;68394;36063;44.9;23.7
09;2021-05-28;958;513;69352;36576;45.5;24.0
09;2021-05-29;1797;599;71149;37175;46.7;24.4
09;2021-05-30;541;197;71690;37372;47.0;24.5
09;2021-05-31;717;594;72407;37966;47.5;24.9
09;2021-06-01;967;642;73374;38608;48.1;25.3
09;2021-06-02;1008;897;74382;39505;48.8;25.9
09;2021-06-03;811;682;75193;40187;49.3;26.4
09;2021-06-04;877;799;76070;40986;49.9;26.9
09;2021-06-05;1320;873;77390;41859;50.8;27.5
09;2021-06-06;304;108;77694;41967;51.0;27.5
09;2021-06-07;623;517;78317;42484;51.4;27.9
09;2021-06-08;823;490;79140;42974;51.9;28.2
09;2021-06-09;808;833;79948;43807;52.5;28.7
09;2021-06-10;641;533;80589;44340;52.9;29.1
09;2021-06-11;831;762;81420;45102;53.4;29.6
09;2021-06-12;636;807;82056;45909;53.8;30.1
09;2021-06-13;94;130;82150;46039;53.9;30.2
09;2021-06-14;628;708;82778;46747;54.3;30.7
09;2021-06-15;824;890;83602;47637;54.9;31.3
09;2021-06-16;627;1078;84229;48715;55.3;32.0
09;2021-06-17;780;855;85009;49570;55.8;32.5
09;2021-06-18;635;1152;85644;50722;56.2;33.3
09;2021-06-19;517;1579;86161;52301;56.5;34.3
09;2021-06-20;8;279;86169;52580;56.5;34.5
09;2021-06-21;474;699;86643;53279;56.9;35.0
09;2021-06-22;462;1066;87105;54345;57.2;35.7
09;2021-06-23;435;1224;87540;55569;57.4;36.5
09;2021-06-24;581;772;88121;56341;57.8;37.0
09;2021-06-25;411;1062;88532;57403;58.1;37.7
09;2021-06-26;443;1087;88975;58490;58.4;38.4
09;2021-06-27;2;275;88977;58765;58.4;38.6
09;2021-06-28;239;1048;89216;59813;58.5;39.2
09;2021-06-29;313;1230;89529;61043;58.7;40.1
09;2021-06-30;456;1491;89985;62534;59.0;41.0
09;2021-07-01;384;1431;90369;63965;59.3;42.0
09;2021-07-02;308;1162;90677;65127;59.5;42.7
09;2021-07-03;210;1619;90887;66746;59.6;43.8
09;2021-07-04;4;254;90891;67000;59.6;44.0
09;2021-07-05;188;713;91079;67713;59.8;44.4
09;2021-07-06;293;1222;91372;68935;60.0;45.2
09;2021-07-07;416;1397;91788;70332;60.2;46.2
09;2021-07-08;324;1060;92112;71392;60.4;46.8
09;2021-07-09;292;1155;92404;72547;60.6;47.6
09;2021-07-10;344;1726;92748;74273;60.9;48.7
09;2021-07-11;147;391;92895;74664;61.0;49.0
09;2021-07-12;186;1073;93081;75737;61.1;49.7
09;2021-07-13;643;1307;93724;77044;61.5;50.6
09;2021-07-14;488;219;94212;77263;61.8;50.7
09;2021-07-15;818;1168;95030;78431;62.4;51.5
09;2021-07-16;609;1192;95639;79623;62.8;52.2
09;2021-07-17;1018;1445;96657;81068;63.4;53.2
09;2021-07-18;299;220;96956;81288;63.6;53.3
09;2021-07-19;484;969;97440;82257;63.9;54.0
09;2021-07-20;829;1260;98269;83517;64.5;54.8
09;2021-07-21;1013;1167;99282;84684;65.1;55.6
09;2021-07-22;844;907;100126;85591;65.7;56.2
09;2021-07-23;723;908;100849;86499;66.2;56.8
09;2021-07-24;919;460;101768;86959;66.8;57.1
09;2021-07-25;555;133;102323;87092;67.1;57.1
09;2021-07-26;645;767;102968;87859;67.6;57.7
09;2021-07-27;1164;945;104132;88804;68.3;58.3
09;2021-07-28;1189;982;105321;89786;69.1;58.9
09;2021-07-29;1023;735;106344;90521;69.8;59.4
09;2021-07-30;776;618;107120;91139;70.3;59.8
09;2021-07-31;1374;412;108494;91551;71.2;60.1
09;2021-08-01;141;125;108635;91676;71.3;60.2
09;2021-08-02;612;477;109247;92153;71.7;60.5
09;2021-08-03;1252;765;110499;92918;72.5;61.0
09;2021-08-04;1389;650;111888;93568;73.4;61.4
09;2021-08-05;995;670;112883;94238;74.1;61.8
09;2021-08-06;1015;635;113898;94873;74.7;62.3
09;2021-08-07;811;424;114709;95297;75.3;62.5
09;2021-08-08;118;129;114827;95426;75.3;62.6
09;2021-08-09;690;647;115517;96073;75.8;63.0
09;2021-08-10;919;687;116436;96760;76.4;63.5
09;2021-08-11;894;866;117330;97626;77.0;64.1
10;2020-12-27;0;0;0;0;0.0;0.0
10;2020-12-28;0;0;0;0;0.0;0.0
10;2020-12-29;0;0;0;0;0.0;0.0
10;2020-12-30;0;0;0;0;0.0;0.0
10;2020-12-31;0;0;0;0;0.0;0.0
10;2021-01-01;0;0;0;0;0.0;0.0
10;2021-01-02;0;0;0;0;0.0;0.0
10;2021-01-03;0;0;0;0;0.0;0.0
10;2021-01-04;0;0;0;0;0.0;0.0
10;2021-01-05;1;0;1;0;0.0;0.0
10;2021-01-06;0;0;1;0;0.0;0.0
10;2021-01-07;84;0;85;0;0.0;0.0
10;2021-01-08;255;0;340;0;0.1;0.0
10;2021-01-09;0;0;340;0;0.1;0.0
10;2021-01-10;0;0;340;0;0.1;0.0
10;2021-01-11;117;0;457;0;0.1;0.0
10;2021-01-12;191;0;648;0;0.2;0.0
10;2021-01-13;313;0;961;0;0.3;0.0
10;2021-01-14;391;7;1352;7;0.4;0.0
10;2021-01-15;359;3;1711;10;0.6;0.0
10;2021-01-16;55;0;1766;10;0.6;0.0
10;2021-01-17;0;0;1766;10;0.6;0.0
10;2021-01-18;699;1;2465;11;0.8;0.0
10;2021-01-19;1363;3;3828;14;1.2;0.0
10;2021-01-20;1070;7;4898;21;1.6;0.0
10;2021-01-21;1145;2;6043;23;1.9;0.0
10;2021-01-22;819;0;6862;23;2.2;0.0
10;2021-01-23;309;0;7171;23;2.3;0.0
10;2021-01-24;0;0;7171;23;2.3;0.0
10;2021-01-25;445;9;7616;32;2.5;0.0
10;2021-01-26;487;17;8103;49;2.6;0.0
10;2021-01-27;459;15;8562;64;2.8;0.0
10;2021-01-28;356;48;8918;112;2.9;0.0
10;2021-01-29;430;194;9348;306;3.0;0.1
10;2021-01-30;30;0;9378;306;3.0;0.1
10;2021-01-31;0;0;9378;306;3.0;0.1
10;2021-02-01;404;142;9782;448;3.2;0.1
10;2021-02-02;182;152;9964;600;3.2;0.2
10;2021-02-03;345;216;10309;816;3.3;0.3
10;2021-02-04;342;270;10651;1086;3.4;0.4
10;2021-02-05;327;320;10978;1406;3.5;0.5
10;2021-02-06;3;35;10981;1441;3.5;0.5
10;2021-02-07;0;0;10981;1441;3.5;0.5
10;2021-02-08;190;411;11171;1852;3.6;0.6
10;2021-02-09;482;585;11653;2437;3.8;0.8
10;2021-02-10;666;478;12319;2915;4.0;0.9
10;2021-02-11;768;598;13087;3513;4.2;1.1
10;2021-02-12;579;552;13666;4065;4.4;1.3
10;2021-02-13;36;120;13702;4185;4.4;1.4
10;2021-02-14;0;0;13702;4185;4.4;1.4
10;2021-02-15;142;448;13844;4633;4.5;1.5
10;2021-02-16;116;546;13960;5179;4.5;1.7
10;2021-02-17;129;607;14089;5786;4.5;1.9
10;2021-02-18;216;558;14305;6344;4.6;2.0
10;2021-02-19;187;471;14492;6815;4.7;2.2
10;2021-02-20;24;183;14516;6998;4.7;2.3
10;2021-02-21;0;0;14516;6998;4.7;2.3
10;2021-02-22;77;448;14593;7446;4.7;2.4
10;2021-02-23;76;562;14669;8008;4.7;2.6
10;2021-02-24;104;375;14773;8383;4.8;2.7
10;2021-02-25;323;375;15096;8758;4.9;2.8
10;2021-02-26;351;283;15447;9041;5.0;2.9
10;2021-02-27;275;129;15722;9170;5.1;3.0
10;2021-02-28;0;0;15722;9170;5.1;3.0
10;2021-03-01;257;333;15979;9503;5.2;3.1
10;2021-03-02;434;370;16413;9873;5.3;3.2
10;2021-03-03;453;582;16866;10455;5.4;3.4
10;2021-03-04;635;500;17501;10955;5.6;3.5
10;2021-03-05;677;253;18178;11208;5.9;3.6
10;2021-03-06;948;40;19126;11248;6.2;3.6
10;2021-03-07;769;6;19895;11254;6.4;3.6
10;2021-03-08;502;442;20397;11696;6.6;3.8
10;2021-03-09;673;436;21070;12132;6.8;3.9
10;2021-03-10;660;364;21730;12496;7.0;4.0
10;2021-03-11;1174;234;22904;12730;7.4;4.1
10;2021-03-12;1338;242;24242;12972;7.8;4.2
10;2021-03-13;892;37;25134;13009;8.1;4.2
10;2021-03-14;1381;16;26515;13025;8.6;4.2
10;2021-03-15;821;80;27336;13105;8.8;4.2
10;2021-03-16;688;61;28024;13166;9.0;4.2
10;2021-03-17;831;67;28855;13233;9.3;4.3
10;2021-03-18;885;80;29740;13313;9.6;4.3
10;2021-03-19;950;69;30690;13382;9.9;4.3
10;2021-03-20;552;17;31242;13399;10.1;4.3
10;2021-03-21;1845;39;33087;13438;10.7;4.3
10;2021-03-22;879;69;33966;13507;11.0;4.4
10;2021-03-23;1245;90;35211;13597;11.4;4.4
10;2021-03-24;1310;58;36521;13655;11.8;4.4
10;2021-03-25;1676;227;38197;13882;12.3;4.5
10;2021-03-26;1431;114;39628;13996;12.8;4.5
10;2021-03-27;762;79;40390;14075;13.0;4.5
10;2021-03-28;1221;28;41611;14103;13.4;4.6
10;2021-03-29;648;306;42259;14409;13.6;4.6
10;2021-03-30;927;373;43186;14782;13.9;4.8
10;2021-03-31;617;359;43803;15141;14.1;4.9
10;2021-04-01;884;682;44687;15823;14.4;5.1
10;2021-04-02;1068;587;45755;16410;14.8;5.3
10;2021-04-03;540;606;46295;17016;14.9;5.5
10;2021-04-04;1826;259;48121;17275;15.5;5.6
10;2021-04-05;1843;36;49964;17311;16.1;5.6
10;2021-04-06;514;650;50478;17961;16.3;5.8
10;2021-04-07;589;539;51067;18500;16.5;6.0
10;2021-04-08;1057;605;52124;19105;16.8;6.2
10;2021-04-09;1130;611;53254;19716;17.2;6.4
10;2021-04-10;1770;350;55024;20066;17.8;6.5
10;2021-04-11;55;1222;55079;21288;17.8;6.9
10;2021-04-12;1003;807;56082;22095;18.1;7.1
10;2021-04-13;1505;889;57587;22984;18.6;7.4
10;2021-04-14;820;600;58407;23584;18.8;7.6
10;2021-04-15;1432;888;59839;24472;19.3;7.9
10;2021-04-16;1109;697;60948;25169;19.7;8.1
10;2021-04-17;2391;358;63339;25527;20.4;8.2
10;2021-04-18;1422;1783;64761;27310;20.9;8.8
10;2021-04-19;838;834;65599;28144;21.2;9.1
10;2021-04-20;545;1034;66144;29178;21.3;9.4
10;2021-04-21;637;985;66781;30163;21.5;9.7
10;2021-04-22;932;972;67713;31135;21.8;10.0
10;2021-04-23;2172;775;69885;31910;22.6;10.3
10;2021-04-24;2296;374;72181;32284;23.3;10.4
10;2021-04-25;1989;1214;74170;33498;23.9;10.8
10;2021-04-26;773;620;74943;34118;24.2;11.0
10;2021-04-27;895;535;75838;34653;24.5;11.2
10;2021-04-28;873;404;76711;35057;24.8;11.3
10;2021-04-29;1433;670;78144;35727;25.2;11.5
10;2021-04-30;2173;767;80317;36494;25.9;11.8
10;2021-05-01;1988;2163;82305;38657;26.6;12.5
10;2021-05-02;1948;1893;84253;40550;27.2;13.1
10;2021-05-03;622;446;84875;40996;27.4;13.2
10;2021-05-04;1145;1249;86020;42245;27.8;13.6
10;2021-05-05;1754;1020;87774;43265;28.3;14.0
10;2021-05-06;2256;940;90030;44205;29.1;14.3
10;2021-05-07;2217;1137;92247;45342;29.8;14.6
10;2021-05-08;2271;859;94518;46201;30.5;14.9
10;2021-05-09;2004;100;96522;46301;31.1;14.9
10;2021-05-10;528;1093;97050;47394;31.3;15.3
10;2021-05-11;1051;1024;98101;48418;31.7;15.6
10;2021-05-12;2061;880;100162;49298;32.3;15.9
10;2021-05-13;2183;432;102345;49730;33.0;16.0
10;2021-05-14;2730;670;105075;50400;33.9;16.3
10;2021-05-15;2426;2040;107501;52440;34.7;16.9
10;2021-05-16;2081;1449;109582;53889;35.4;17.4
10;2021-05-17;1451;441;111033;54330;35.8;17.5
10;2021-05-18;2509;639;113542;54969;36.6;17.7
10;2021-05-19;1553;639;115095;55608;37.1;17.9
10;2021-05-20;1890;847;116985;56455;37.7;18.2
10;2021-05-21;2318;616;119303;57071;38.5;18.4
10;2021-05-22;2180;422;121483;57493;39.2;18.6
10;2021-05-23;1817;139;123300;57632;39.8;18.6
10;2021-05-24;1968;179;125268;57811;40.4;18.7
10;2021-05-25;2193;490;127461;58301;41.1;18.8
10;2021-05-26;1677;421;129138;58722;41.7;18.9
10;2021-05-27;1660;755;130798;59477;42.2;19.2
10;2021-05-28;1719;1184;132517;60661;42.8;19.6
10;2021-05-29;2170;641;134687;61302;43.5;19.8
10;2021-05-30;1029;133;135716;61435;43.8;19.8
10;2021-05-31;1039;749;136755;62184;44.1;20.1
10;2021-06-01;1132;884;137887;63068;44.5;20.4
10;2021-06-02;1032;716;138919;63784;44.8;20.6
10;2021-06-03;1473;1071;140392;64855;45.3;20.9
10;2021-06-04;1768;2601;142160;67456;45.9;21.8
10;2021-06-05;1514;2453;143674;69909;46.4;22.6
10;2021-06-06;1005;1875;144679;71784;46.7;23.2
10;2021-06-07;698;1112;145377;72896;46.9;23.5
10;2021-06-08;895;1168;146272;74064;47.2;23.9
10;2021-06-09;877;911;147149;74975;47.5;24.2
10;2021-06-10;677;1071;147826;76046;47.7;24.5
10;2021-06-11;1199;2210;149025;78256;48.1;25.3
10;2021-06-12;855;2388;149880;80644;48.4;26.0
10;2021-06-13;401;1837;150281;82481;48.5;26.6
10;2021-06-14;534;742;150815;83223;48.7;26.9
10;2021-06-15;740;2131;151555;85354;48.9;27.5
10;2021-06-16;740;1860;152295;87214;49.1;28.1
10;2021-06-17;848;2458;153143;89672;49.4;28.9
10;2021-06-18;1030;2473;154173;92145;49.7;29.7
10;2021-06-19;981;2595;155154;94740;50.1;30.6
10;2021-06-20;549;1599;155703;96339;50.2;31.1
10;2021-06-21;682;1046;156385;97385;50.5;31.4
10;2021-06-22;743;1523;157128;98908;50.7;31.9
10;2021-06-23;648;2408;157776;101316;50.9;32.7
10;2021-06-24;782;2618;158558;103934;51.2;33.5
10;2021-06-25;731;3037;159289;106971;51.4;34.5
10;2021-06-26;514;2742;159803;109713;51.6;35.4
10;2021-06-27;402;1939;160205;111652;51.7;36.0
10;2021-06-28;684;1787;160889;113439;51.9;36.6
10;2021-06-29;617;2692;161506;116131;52.1;37.5
10;2021-06-30;535;1525;162041;117656;52.3;38.0
10;2021-07-01;551;2172;162592;119828;52.5;38.7
10;2021-07-02;667;2728;163259;122556;52.7;39.5
10;2021-07-03;528;2599;163787;125155;52.9;40.4
10;2021-07-04;411;1725;164198;126880;53.0;40.9
10;2021-07-05;665;2221;164863;129101;53.2;41.7
10;2021-07-06;652;2185;165515;131286;53.4;42.4
10;2021-07-07;632;1700;166147;132986;53.6;42.9
10;2021-07-08;747;1457;166894;134443;53.9;43.4
10;2021-07-09;815;1946;167709;136389;54.1;44.0
10;2021-07-10;632;2096;168341;138485;54.3;44.7
10;2021-07-11;500;1381;168841;139866;54.5;45.1
10;2021-07-12;779;1623;169620;141489;54.7;45.7
10;2021-07-13;1125;1877;170745;143366;55.1;46.3
10;2021-07-14;1170;1056;171915;144422;55.5;46.6
10;2021-07-15;1472;1978;173387;146400;55.9;47.2
10;2021-07-16;1241;2274;174628;148674;56.3;48.0
10;2021-07-17;1287;1740;175915;150414;56.8;48.5
10;2021-07-18;941;1226;176856;151640;57.1;48.9
10;2021-07-19;1360;1618;178216;153258;57.5;49.5
10;2021-07-20;1682;1433;179898;154691;58.0;49.9
10;2021-07-21;1392;1485;181290;156176;58.5;50.4
10;2021-07-22;1932;1594;183222;157770;59.1;50.9
10;2021-07-23;1593;1543;184815;159313;59.6;51.4
10;2021-07-24;1387;1221;186202;160534;60.1;51.8
10;2021-07-25;1251;786;187453;161320;60.5;52.1
10;2021-07-26;1909;1315;189362;162635;61.1;52.5
10;2021-07-27;2117;1085;191479;163720;61.8;52.8
10;2021-07-28;2090;1008;193569;164728;62.5;53.2
10;2021-07-29;2429;1203;195998;165931;63.2;53.5
10;2021-07-30;2152;1306;198150;167237;63.9;54.0
10;2021-07-31;1672;932;199822;168169;64.5;54.3
10;2021-08-01;1234;573;201056;168742;64.9;54.4
10;2021-08-02;1332;1335;202388;170077;65.3;54.9
10;2021-08-03;1558;894;203946;170971;65.8;55.2
10;2021-08-04;1308;1064;205254;172035;66.2;55.5
10;2021-08-05;1624;1340;206878;173375;66.8;55.9
10;2021-08-06;1798;1325;208676;174700;67.3;56.4
10;2021-08-07;1149;1127;209825;175827;67.7;56.7
10;2021-08-08;658;748;210483;176575;67.9;57.0
10;2021-08-09;1301;1537;211784;178112;68.3;57.5
10;2021-08-10;1616;1338;213400;179450;68.9;57.9
10;2021-08-11;822;1106;214222;180556;69.1;58.3
11;2020-12-27;0;0;0;0;0.0;0.0
11;2020-12-28;1;0;1;0;0.0;0.0
11;2020-12-29;1;0;2;0;0.0;0.0
11;2020-12-30;0;0;2;0;0.0;0.0
11;2020-12-31;0;0;2;0;0.0;0.0
11;2021-01-01;0;0;2;0;0.0;0.0
11;2021-01-02;5;0;7;0;0.0;0.0
11;2021-01-03;0;0;7;0;0.0;0.0
11;2021-01-04;1;0;8;0;0.0;0.0
11;2021-01-05;94;0;102;0;0.0;0.0
11;2021-01-06;25;0;127;0;0.0;0.0
11;2021-01-07;119;0;246;0;0.1;0.0
11;2021-01-08;90;1;336;1;0.1;0.0
11;2021-01-09;86;0;422;1;0.1;0.0
11;2021-01-10;67;0;489;1;0.1;0.0
11;2021-01-11;136;0;625;1;0.2;0.0
11;2021-01-12;545;3;1170;4;0.3;0.0
11;2021-01-13;410;1;1580;5;0.4;0.0
11;2021-01-14;644;8;2224;13;0.6;0.0
11;2021-01-15;343;4;2567;17;0.7;0.0
11;2021-01-16;77;1;2644;18;0.7;0.0
11;2021-01-17;47;1;2691;19;0.7;0.0
11;2021-01-18;388;0;3079;19;0.8;0.0
11;2021-01-19;526;4;3605;23;1.0;0.0
11;2021-01-20;693;6;4298;29;1.2;0.0
11;2021-01-21;647;4;4945;33;1.3;0.0
11;2021-01-22;524;1;5469;34;1.5;0.0
11;2021-01-23;157;0;5626;34;1.5;0.0
11;2021-01-24;139;0;5765;34;1.5;0.0
11;2021-01-25;374;20;6139;54;1.6;0.0
11;2021-01-26;840;85;6979;139;1.9;0.0
11;2021-01-27;798;23;7777;162;2.1;0.0
11;2021-01-28;645;61;8422;223;2.3;0.1
11;2021-01-29;435;123;8857;346;2.4;0.1
11;2021-01-30;131;1;8988;347;2.4;0.1
11;2021-01-31;81;0;9069;347;2.4;0.1
11;2021-02-01;344;195;9413;542;2.5;0.1
11;2021-02-02;409;407;9822;949;2.6;0.3
11;2021-02-03;389;352;10211;1301;2.7;0.3
11;2021-02-04;374;497;10585;1798;2.8;0.5
11;2021-02-05;315;338;10900;2136;2.9;0.6
11;2021-02-06;207;62;11107;2198;3.0;0.6
11;2021-02-07;108;13;11215;2211;3.0;0.6
11;2021-02-08;315;159;11530;2370;3.1;0.6
11;2021-02-09;301;279;11831;2649;3.2;0.7
11;2021-02-10;339;447;12170;3096;3.3;0.8
11;2021-02-11;610;630;12780;3726;3.4;1.0
11;2021-02-12;401;380;13181;4106;3.5;1.1
11;2021-02-13;193;120;13374;4226;3.6;1.1
11;2021-02-14;71;27;13445;4253;3.6;1.1
11;2021-02-15;239;210;13684;4463;3.7;1.2
11;2021-02-16;262;514;13946;4977;3.7;1.3
11;2021-02-17;453;621;14399;5598;3.9;1.5
11;2021-02-18;456;573;14855;6171;4.0;1.7
11;2021-02-19;300;539;15155;6710;4.1;1.8
11;2021-02-20;147;75;15302;6785;4.1;1.8
11;2021-02-21;57;45;15359;6830;4.1;1.8
11;2021-02-22;125;332;15484;7162;4.2;1.9
11;2021-02-23;283;322;15767;7484;4.2;2.0
11;2021-02-24;251;374;16018;7858;4.3;2.1
11;2021-02-25;562;325;16580;8183;4.4;2.2
11;2021-02-26;523;318;17103;8501;4.6;2.3
11;2021-02-27;318;98;17421;8599;4.7;2.3
11;2021-02-28;95;24;17516;8623;4.7;2.3
11;2021-03-01;339;319;17855;8942;4.8;2.4
11;2021-03-02;562;392;18417;9334;4.9;2.5
11;2021-03-03;599;437;19016;9771;5.1;2.6
11;2021-03-04;1077;407;20093;10178;5.4;2.7
11;2021-03-05;1002;410;21095;10588;5.7;2.8
11;2021-03-06;1093;206;22188;10794;6.0;2.9
11;2021-03-07;658;35;22846;10829;6.1;2.9
11;2021-03-08;372;353;23218;11182;6.2;3.0
11;2021-03-09;997;396;24215;11578;6.5;3.1
11;2021-03-10;1171;545;25386;12123;6.8;3.3
11;2021-03-11;1572;446;26958;12569;7.2;3.4
11;2021-03-12;1453;441;28411;13010;7.6;3.5
11;2021-03-13;1158;240;29569;13250;7.9;3.6
11;2021-03-14;523;52;30092;13302;8.1;3.6
11;2021-03-15;651;241;30743;13543;8.2;3.6
11;2021-03-16;853;200;31596;13743;8.5;3.7
11;2021-03-17;908;221;32504;13964;8.7;3.7
11;2021-03-18;1172;283;33676;14247;9.0;3.8
11;2021-03-19;1372;246;35048;14493;9.4;3.9
11;2021-03-20;788;171;35836;14664;9.6;3.9
11;2021-03-21;225;65;36061;14729;9.7;4.0
11;2021-03-22;809;215;36870;14944;9.9;4.0
11;2021-03-23;1804;389;38674;15333;10.4;4.1
11;2021-03-24;1845;321;40519;15654;10.9;4.2
11;2021-03-25;2189;374;42708;16028;11.5;4.3
11;2021-03-26;2125;444;44833;16472;12.0;4.4
11;2021-03-27;1178;145;46011;16617;12.3;4.5
11;2021-03-28;265;43;46276;16660;12.4;4.5
11;2021-03-29;1181;221;47457;16881;12.7;4.5
11;2021-03-30;1993;320;49450;17201;13.3;4.6
11;2021-03-31;1614;383;51064;17584;13.7;4.7
11;2021-04-01;2146;424;53210;18008;14.3;4.8
11;2021-04-02;1642;430;54852;18438;14.7;4.9
11;2021-04-03;720;144;55572;18582;14.9;5.0
11;2021-04-04;198;74;55770;18656;15.0;5.0
11;2021-04-05;257;4;56027;18660;15.0;5.0
11;2021-04-06;1572;548;57599;19208;15.5;5.2
11;2021-04-07;1776;573;59375;19781;15.9;5.3
11;2021-04-08;1785;684;61160;20465;16.4;5.5
11;2021-04-09;2261;600;63421;21065;17.0;5.7
11;2021-04-10;1170;177;64591;21242;17.3;5.7
11;2021-04-11;547;107;65138;21349;17.5;5.7
11;2021-04-12;1613;538;66751;21887;17.9;5.9
11;2021-04-13;2259;885;69010;22772;18.5;6.1
11;2021-04-14;1661;1011;70671;23783;19.0;6.4
11;2021-04-15;1842;1126;72513;24909;19.5;6.7
11;2021-04-16;1836;847;74349;25756;19.9;6.9
11;2021-04-17;1771;562;76120;26318;20.4;7.1
11;2021-04-18;114;155;76234;26473;20.5;7.1
11;2021-04-19;1383;734;77617;27207;20.8;7.3
11;2021-04-20;1725;1284;79342;28491;21.3;7.6
11;2021-04-21;1779;1321;81121;29812;21.8;8.0
11;2021-04-22;1748;1322;82869;31134;22.2;8.4
11;2021-04-23;2011;1231;84880;32365;22.8;8.7
11;2021-04-24;1735;468;86615;32833;23.2;8.8
11;2021-04-25;658;180;87273;33013;23.4;8.9
11;2021-04-26;1377;835;88650;33848;23.8;9.1
11;2021-04-27;1834;1547;90484;35395;24.3;9.5
11;2021-04-28;2004;1466;92488;36861;24.8;9.9
11;2021-04-29;2247;1633;94735;38494;25.4;10.3
11;2021-04-30;2155;1428;96890;39922;26.0;10.7
11;2021-05-01;1338;342;98228;40264;26.4;10.8
11;2021-05-02;588;336;98816;40600;26.5;10.9
11;2021-05-03;1487;739;100303;41339;26.9;11.1
11;2021-05-04;1879;1430;102182;42769;27.4;11.5
11;2021-05-05;1892;1438;104074;44207;27.9;11.9
11;2021-05-06;2192;1475;106266;45682;28.5;12.3
11;2021-05-07;2104;1556;108370;47238;29.1;12.7
11;2021-05-08;896;726;109266;47964;29.3;12.9
11;2021-05-09;628;543;109894;48507;29.5;13.0
11;2021-05-10;1328;1651;111222;50158;29.8;13.5
11;2021-05-11;2039;1864;113261;52022;30.4;14.0
11;2021-05-12;1830;1636;115091;53658;30.9;14.4
11;2021-05-13;1406;414;116497;54072;31.3;14.5
11;2021-05-14;1713;1184;118210;55256;31.7;14.8
11;2021-05-15;1156;900;119366;56156;32.0;15.1
11;2021-05-16;808;164;120174;56320;32.2;15.1
11;2021-05-17;1469;1049;121643;57369;32.6;15.4
11;2021-05-18;1898;1197;123541;58566;33.1;15.7
11;2021-05-19;1848;1119;125389;59685;33.6;16.0
11;2021-05-20;1969;1091;127358;60776;34.2;16.3
11;2021-05-21;2277;1087;129635;61863;34.8;16.6
11;2021-05-22;1484;725;131119;62588;35.2;16.8
11;2021-05-23;768;67;131887;62655;35.4;16.8
11;2021-05-24;1411;226;133298;62881;35.8;16.9
11;2021-05-25;1811;1354;135109;64235;36.3;17.2
11;2021-05-26;1933;1302;137042;65537;36.8;17.6
11;2021-05-27;1983;1721;139025;67258;37.3;18.0
11;2021-05-28;1760;1897;140785;69155;37.8;18.6
11;2021-05-29;1429;1600;142214;70755;38.2;19.0
11;2021-05-30;486;395;142700;71150;38.3;19.1
11;2021-05-31;1261;1620;143961;72770;38.6;19.5
11;2021-06-01;1856;1905;145817;74675;39.1;20.0
11;2021-06-02;1761;2075;147578;76750;39.6;20.6
11;2021-06-03;2599;2413;150177;79163;40.3;21.2
11;2021-06-04;2145;2672;152322;81835;40.9;22.0
11;2021-06-05;1589;1903;153911;83738;41.3;22.5
11;2021-06-06;877;861;154788;84599;41.5;22.7
11;2021-06-07;1526;1713;156314;86312;41.9;23.2
11;2021-06-08;2039;1995;158353;88307;42.5;23.7
11;2021-06-09;1791;2190;160144;90497;43.0;24.3
11;2021-06-10;1807;2427;161951;92924;43.5;24.9
11;2021-06-11;1864;2492;163815;95416;44.0;25.6
11;2021-06-12;1457;1621;165272;97037;44.3;26.0
11;2021-06-13;711;723;165983;97760;44.5;26.2
11;2021-06-14;1033;1969;167016;99729;44.8;26.8
11;2021-06-15;1392;2684;168408;102413;45.2;27.5
11;2021-06-16;1338;2531;169746;104944;45.5;28.2
11;2021-06-17;1473;2539;171219;107483;45.9;28.8
11;2021-06-18;1518;2490;172737;109973;46.3;29.5
11;2021-06-19;1237;1409;173974;111382;46.7;29.9
11;2021-06-20;299;600;174273;111982;46.8;30.0
11;2021-06-21;839;2120;175112;114102;47.0;30.6
11;2021-06-22;1015;2607;176127;116709;47.3;31.3
11;2021-06-23;1097;2087;177224;118796;47.6;31.9
11;2021-06-24;907;2245;178131;121041;47.8;32.5
11;2021-06-25;992;2541;179123;123582;48.1;33.2
11;2021-06-26;775;1656;179898;125238;48.3;33.6
11;2021-06-27;209;688;180107;125926;48.3;33.8
11;2021-06-28;697;2299;180804;128225;48.5;34.4
11;2021-06-29;961;2599;181765;130824;48.8;35.1
11;2021-06-30;905;2521;182670;133345;49.0;35.8
11;2021-07-01;1002;1887;183672;135232;49.3;36.3
11;2021-07-02;967;2542;184639;137774;49.5;37.0
11;2021-07-03;728;1802;185367;139576;49.7;37.4
11;2021-07-04;339;1109;185706;140685;49.8;37.7
11;2021-07-05;694;2132;186400;142817;50.0;38.3
11;2021-07-06;972;2517;187372;145334;50.3;39.0
11;2021-07-07;945;2511;188317;147845;50.5;39.7
11;2021-07-08;1189;1909;189506;149754;50.8;40.2
11;2021-07-09;823;1793;190329;151547;51.1;40.7
11;2021-07-10;369;1302;190698;152849;51.2;41.0
11;2021-07-11;312;564;191010;153413;51.2;41.2
11;2021-07-12;501;2669;191511;156082;51.4;41.9
11;2021-07-13;1297;3068;192808;159150;51.7;42.7
11;2021-07-14;207;236;193015;159386;51.8;42.8
11;2021-07-15;1435;2964;194450;162350;52.2;43.6
11;2021-07-16;1852;2730;196302;165080;52.7;44.3
11;2021-07-17;1076;2165;197378;167245;53.0;44.9
11;2021-07-18;651;945;198029;168190;53.1;45.1
11;2021-07-19;1335;2093;199364;170283;53.5;45.7
11;2021-07-20;1973;2404;201337;172687;54.0;46.3
11;2021-07-21;2002;2432;203339;175119;54.6;47.0
11;2021-07-22;2383;1870;205722;176989;55.2;47.5
11;2021-07-23;2215;2267;207937;179256;55.8;48.1
11;2021-07-24;1269;1622;209206;180878;56.1;48.5
11;2021-07-25;746;690;209952;181568;56.3;48.7
11;2021-07-26;1657;1414;211609;182982;56.8;49.1
11;2021-07-27;2308;1990;213917;184972;57.4;49.6
11;2021-07-28;2453;1982;216370;186954;58.1;50.2
11;2021-07-29;2739;1788;219109;188742;58.8;50.6
11;2021-07-30;2558;1785;221667;190527;59.5;51.1
11;2021-07-31;1999;1123;223666;191650;60.0;51.4
11;2021-08-01;1011;477;224677;192127;60.3;51.5
11;2021-08-02;1915;1148;226592;193275;60.8;51.9
11;2021-08-03;2423;1593;229015;194868;61.4;52.3
11;2021-08-04;2542;1254;231557;196122;62.1;52.6
11;2021-08-05;2365;1330;233922;197452;62.8;53.0
11;2021-08-06;2239;1654;236161;199106;63.4;53.4
11;2021-08-07;1648;1160;237809;200266;63.8;53.7
11;2021-08-08;594;201;238403;200467;64.0;53.8
11;2021-08-09;1028;1428;239431;201895;64.2;54.2
11;2021-08-10;1733;1987;241164;203882;64.7;54.7
11;2021-08-11;1684;1676;242848;205558;65.2;55.2
12;2020-12-27;0;0;0;0;0.0;0.0
12;2020-12-28;0;0;0;0;0.0;0.0
12;2020-12-29;0;0;0;0;0.0;0.0
12;2020-12-30;0;0;0;0;0.0;0.0
12;2020-12-31;0;0;0;0;0.0;0.0
12;2021-01-01;0;0;0;0;0.0;0.0
12;2021-01-02;0;0;0;0;0.0;0.0
12;2021-01-03;0;0;0;0;0.0;0.0
12;2021-01-04;1;0;1;0;0.0;0.0
12;2021-01-05;0;0;1;0;0.0;0.0
12;2021-01-06;12;0;13;0;0.0;0.0
12;2021-01-07;202;0;215;0;0.1;0.0
12;2021-01-08;65;0;280;0;0.1;0.0
12;2021-01-09;0;0;280;0;0.1;0.0
12;2021-01-10;1;0;281;0;0.1;0.0
12;2021-01-11;99;0;380;0;0.1;0.0
12;2021-01-12;360;1;740;1;0.3;0.0
12;2021-01-13;285;0;1025;1;0.4;0.0
12;2021-01-14;598;11;1623;12;0.6;0.0
12;2021-01-15;366;10;1989;22;0.7;0.0
12;2021-01-16;138;2;2127;24;0.8;0.0
12;2021-01-17;0;0;2127;24;0.8;0.0
12;2021-01-18;453;0;2580;24;0.9;0.0
12;2021-01-19;604;3;3184;27;1.1;0.0
12;2021-01-20;877;2;4061;29;1.5;0.0
12;2021-01-21;735;0;4796;29;1.7;0.0
12;2021-01-22;798;1;5594;30;2.0;0.0
12;2021-01-23;382;2;5976;32;2.1;0.0
12;2021-01-24;0;0;5976;32;2.1;0.0
12;2021-01-25;453;0;6429;32;2.3;0.0
12;2021-01-26;650;0;7079;32;2.5;0.0
12;2021-01-27;1882;18;8961;50;3.2;0.0
12;2021-01-28;1884;211;10845;261;3.9;0.1
12;2021-01-29;1330;44;12175;305;4.4;0.1
12;2021-01-30;359;2;12534;307;4.5;0.1
12;2021-01-31;0;0;12534;307;4.5;0.1
12;2021-02-01;333;89;12867;396;4.6;0.1
12;2021-02-02;457;243;13324;639;4.8;0.2
12;2021-02-03;457;166;13781;805;5.0;0.3
12;2021-02-04;458;525;14239;1330;5.1;0.5
12;2021-02-05;449;183;14688;1513;5.3;0.5
12;2021-02-06;219;68;14907;1581;5.4;0.6
12;2021-02-07;8;0;14915;1581;5.4;0.6
12;2021-02-08;105;316;15020;1897;5.4;0.7
12;2021-02-09;208;341;15228;2238;5.5;0.8
12;2021-02-10;465;472;15693;2710;5.6;1.0
12;2021-02-11;538;346;16231;3056;5.8;1.1
12;2021-02-12;570;345;16801;3401;6.0;1.2
12;2021-02-13;175;134;16976;3535;6.1;1.3
12;2021-02-14;1;0;16977;3535;6.1;1.3
12;2021-02-15;175;379;17152;3914;6.2;1.4
12;2021-02-16;171;513;17323;4427;6.2;1.6
12;2021-02-17;365;1435;17688;5862;6.4;2.1
12;2021-02-18;676;1661;18364;7523;6.6;2.7
12;2021-02-19;593;973;18957;8496;6.8;3.1
12;2021-02-20;103;396;19060;8892;6.8;3.2
12;2021-02-21;0;0;19060;8892;6.8;3.2
12;2021-02-22;149;403;19209;9295;6.9;3.3
12;2021-02-23;157;558;19366;9853;7.0;3.5
12;2021-02-24;157;688;19523;10541;7.0;3.8
12;2021-02-25;201;768;19724;11309;7.1;4.1
12;2021-02-26;320;652;20044;11961;7.2;4.3
12;2021-02-27;190;350;20234;12311;7.3;4.4
12;2021-02-28;13;0;20247;12311;7.3;4.4
12;2021-03-01;51;349;20298;12660;7.3;4.5
12;2021-03-02;190;506;20488;13166;7.4;4.7
12;2021-03-03;243;388;20731;13554;7.4;4.9
12;2021-03-04;278;360;21009;13914;7.5;5.0
12;2021-03-05;421;369;21430;14283;7.7;5.1
12;2021-03-06;793;129;22223;14412;8.0;5.2
12;2021-03-07;140;32;22363;14444;8.0;5.2
12;2021-03-08;234;208;22597;14652;8.1;5.3
12;2021-03-09;716;235;23313;14887;8.4;5.3
12;2021-03-10;782;740;24095;15627;8.7;5.6
12;2021-03-11;918;660;25013;16287;9.0;5.9
12;2021-03-12;1258;527;26271;16814;9.4;6.0
12;2021-03-13;896;137;27167;16951;9.8;6.1
12;2021-03-14;45;2;27212;16953;9.8;6.1
12;2021-03-15;558;155;27770;17108;10.0;6.1
12;2021-03-16;817;160;28587;17268;10.3;6.2
12;2021-03-17;1504;162;30091;17430;10.8;6.3
12;2021-03-18;995;251;31086;17681;11.2;6.4
12;2021-03-19;1382;277;32468;17958;11.7;6.5
12;2021-03-20;724;79;33192;18037;11.9;6.5
12;2021-03-21;264;11;33456;18048;12.0;6.5
12;2021-03-22;606;174;34062;18222;12.2;6.5
12;2021-03-23;1214;173;35276;18395;12.7;6.6
12;2021-03-24;1421;200;36697;18595;13.2;6.7
12;2021-03-25;1844;204;38541;18799;13.8;6.8
12;2021-03-26;1977;224;40518;19023;14.6;6.8
12;2021-03-27;980;65;41498;19088;14.9;6.9
12;2021-03-28;60;1;41558;19089;14.9;6.9
12;2021-03-29;962;82;42520;19171;15.3;6.9
12;2021-03-30;1736;119;44256;19290;15.9;6.9
12;2021-03-31;1460;102;45716;19392;16.4;7.0
12;2021-04-01;1958;160;47674;19552;17.1;7.0
12;2021-04-02;1615;343;49289;19895;17.7;7.1
12;2021-04-03;882;95;50171;19990;18.0;7.2
12;2021-04-04;1;0;50172;19990;18.0;7.2
12;2021-04-05;645;11;50817;20001;18.3;7.2
12;2021-04-06;1154;533;51971;20534;18.7;7.4
12;2021-04-07;1649;632;53620;21166;19.3;7.6
12;2021-04-08;2098;561;55718;21727;20.0;7.8
12;2021-04-09;2112;643;57830;22370;20.8;8.0
12;2021-04-10;1427;218;59257;22588;21.3;8.1
12;2021-04-11;120;1;59377;22589;21.3;8.1
12;2021-04-12;1837;501;61214;23090;22.0;8.3
12;2021-04-13;1907;776;63121;23866;22.7;8.6
12;2021-04-14;1831;1318;64952;25184;23.3;9.0
12;2021-04-15;1937;897;66889;26081;24.0;9.4
12;2021-04-16;1675;1204;68564;27285;24.6;9.8
12;2021-04-17;1554;565;70118;27850;25.2;10.0
12;2021-04-18;0;0;70118;27850;25.2;10.0
12;2021-04-19;1687;547;71805;28397;25.8;10.2
12;2021-04-20;1545;984;73350;29381;26.4;10.6
12;2021-04-21;1690;1179;75040;30560;27.0;11.0
12;2021-04-22;1690;1095;76730;31655;27.6;11.4
12;2021-04-23;1384;1332;78114;32987;28.1;11.9
12;2021-04-24;1451;719;79565;33706;28.6;12.1
12;2021-04-25;60;0;79625;33706;28.6;12.1
12;2021-04-26;1460;898;81085;34604;29.1;12.4
12;2021-04-27;1320;1279;82405;35883;29.6;12.9
12;2021-04-28;1113;1870;83518;37753;30.0;13.6
12;2021-04-29;1571;1912;85089;39665;30.6;14.2
12;2021-04-30;1812;1836;86901;41501;31.2;14.9
12;2021-05-01;1615;259;88516;41760;31.8;15.0
12;2021-05-02;7;0;88523;41760;31.8;15.0
12;2021-05-03;1713;1247;90236;43007;32.4;15.5
12;2021-05-04;1482;1391;91718;44398;32.9;15.9
12;2021-05-05;1292;1675;93010;46073;33.4;16.6
12;2021-05-06;1753;1376;94763;47449;34.0;17.0
12;2021-05-07;1482;1775;96245;49224;34.6;17.7
12;2021-05-08;1330;461;97575;49685;35.1;17.8
12;2021-05-09;13;34;97588;49719;35.1;17.9
12;2021-05-10;827;2217;98415;51936;35.4;18.7
12;2021-05-11;931;1851;99346;53787;35.7;19.3
12;2021-05-12;949;1821;100295;55608;36.0;20.0
12;2021-05-13;1587;809;101882;56417;36.6;20.3
12;2021-05-14;1236;1532;103118;57949;37.0;20.8
12;2021-05-15;1068;1113;104186;59062;37.4;21.2
12;2021-05-16;2;19;104188;59081;37.4;21.2
12;2021-05-17;1082;1811;105270;60892;37.8;21.9
12;2021-05-18;1427;1534;106697;62426;38.3;22.4
12;2021-05-19;1915;1329;108612;63755;39.0;22.9
12;2021-05-20;2116;874;110728;64629;39.8;23.2
12;2021-05-21;1821;1252;112549;65881;40.4;23.7
12;2021-05-22;1206;1013;113755;66894;40.9;24.0
12;2021-05-23;7;12;113762;66906;40.9;24.0
12;2021-05-24;1956;538;115718;67444;41.6;24.2
12;2021-05-25;1737;1160;117455;68604;42.2;24.6
12;2021-05-26;1998;778;119453;69382;42.9;24.9
12;2021-05-27;2164;743;121617;70125;43.7;25.2
12;2021-05-28;1928;1031;123545;71156;44.4;25.6
12;2021-05-29;1637;804;125182;71960;45.0;25.9
12;2021-05-30;9;43;125191;72003;45.0;25.9
12;2021-05-31;1699;816;126890;72819;45.6;26.2
12;2021-06-01;1889;1028;128779;73847;46.3;26.5
12;2021-06-02;1979;1053;130758;74900;47.0;26.9
12;2021-06-03;2121;830;132879;75730;47.7;27.2
12;2021-06-04;1966;1415;134845;77145;48.4;27.7
12;2021-06-05;1739;984;136584;78129;49.1;28.1
12;2021-06-06;5;6;136589;78135;49.1;28.1
12;2021-06-07;1091;1804;137680;79939;49.5;28.7
12;2021-06-08;1333;1200;139013;81139;49.9;29.1
12;2021-06-09;895;1290;139908;82429;50.3;29.6
12;2021-06-10;1021;917;140929;83346;50.6;29.9
12;2021-06-11;1204;2080;142133;85426;51.1;30.7
12;2021-06-12;1033;1321;143166;86747;51.4;31.2
12;2021-06-13;6;47;143172;86794;51.4;31.2
12;2021-06-14;662;1830;143834;88624;51.7;31.8
12;2021-06-15;745;1882;144579;90506;51.9;32.5
12;2021-06-16;821;1816;145400;92322;52.2;33.2
12;2021-06-17;678;995;146078;93317;52.5;33.5
12;2021-06-18;1134;1839;147212;95156;52.9;34.2
12;2021-06-19;915;1405;148127;96561;53.2;34.7
12;2021-06-20;4;10;148131;96571;53.2;34.7
12;2021-06-21;510;1738;148641;98309;53.4;35.3
12;2021-06-22;503;1474;149144;99783;53.6;35.8
12;2021-06-23;578;1306;149722;101089;53.8;36.3
12;2021-06-24;249;545;149971;101634;53.9;36.5
12;2021-06-25;874;1836;150845;103470;54.2;37.2
12;2021-06-26;673;1526;151518;104996;54.4;37.7
12;2021-06-27;1;9;151519;105005;54.4;37.7
12;2021-06-28;468;2453;151987;107458;54.6;38.6
12;2021-06-29;565;1957;152552;109415;54.8;39.3
12;2021-06-30;830;2133;153382;111548;55.1;40.1
12;2021-07-01;343;1086;153725;112634;55.2;40.5
12;2021-07-02;795;2626;154520;115260;55.5;41.4
12;2021-07-03;564;1872;155084;117132;55.7;42.1
12;2021-07-04;1;0;155085;117132;55.7;42.1
12;2021-07-05;439;2408;155524;119540;55.9;42.9
12;2021-07-06;639;2498;156163;122038;56.1;43.8
12;2021-07-07;686;2118;156849;124156;56.3;44.6
12;2021-07-08;293;912;157142;125068;56.5;44.9
12;2021-07-09;722;2591;157864;127659;56.7;45.9
12;2021-07-10;445;2077;158309;129736;56.9;46.6
12;2021-07-11;0;0;158309;129736;56.9;46.6
12;2021-07-12;582;2438;158891;132174;57.1;47.5
12;2021-07-13;838;2592;159729;134766;57.4;48.4
12;2021-07-14;44;25;159773;134791;57.4;48.4
12;2021-07-15;791;2108;160564;136899;57.7;49.2
12;2021-07-16;1245;2557;161809;139456;58.1;50.1
12;2021-07-17;786;2010;162595;141466;58.4;50.8
12;2021-07-18;23;11;162618;141477;58.4;50.8
12;2021-07-19;1315;2005;163933;143482;58.9;51.5
12;2021-07-20;1419;1472;165352;144954;59.4;52.1
12;2021-07-21;1011;936;166363;145890;59.8;52.4
12;2021-07-22;2215;1307;168578;147197;60.6;52.9
12;2021-07-23;1854;2067;170432;149264;61.2;53.6
12;2021-07-24;1597;1565;172029;150829;61.8;54.2
12;2021-07-25;96;28;172125;150857;61.8;54.2
12;2021-07-26;1911;1437;174036;152294;62.5;54.7
12;2021-07-27;2204;1007;176240;153301;63.3;55.1
12;2021-07-28;1699;670;177939;153971;63.9;55.3
12;2021-07-29;1172;801;179111;154772;64.3;55.6
12;2021-07-30;2488;1281;181599;156053;65.2;56.1
12;2021-07-31;1954;1003;183553;157056;65.9;56.4
12;2021-08-01;225;37;183778;157093;66.0;56.4
12;2021-08-02;1807;834;185585;157927;66.7;56.7
12;2021-08-03;1948;772;187533;158699;67.4;57.0
12;2021-08-04;1680;828;189213;159527;68.0;57.3
12;2021-08-05;1626;680;190839;160207;68.6;57.6
12;2021-08-06;1687;1304;192526;161511;69.2;58.0
12;2021-08-07;1436;735;193962;162246;69.7;58.3
12;2021-08-08;0;3;193962;162249;69.7;58.3
12;2021-08-09;1341;1413;195303;163662;70.2;58.8
12;2021-08-10;1335;1252;196638;164914;70.6;59.2
12;2021-08-11;806;1192;197444;166106;70.9;59.7
13;2020-12-27;3;0;3;0;0.0;0.0
13;2020-12-28;3;0;6;0;0.0;0.0
13;2020-12-29;0;0;6;0;0.0;0.0
13;2020-12-30;0;0;6;0;0.0;0.0
13;2020-12-31;5;0;11;0;0.0;0.0
13;2021-01-01;3;0;14;0;0.0;0.0
13;2021-01-02;4;0;18;0;0.0;0.0
13;2021-01-03;6;0;24;0;0.0;0.0
13;2021-01-04;0;0;24;0;0.0;0.0
13;2021-01-05;78;0;102;0;0.0;0.0
13;2021-01-06;122;0;224;0;0.0;0.0
13;2021-01-07;174;1;398;1;0.0;0.0
13;2021-01-08;188;0;586;1;0.0;0.0
13;2021-01-09;12;0;598;1;0.0;0.0
13;2021-01-10;3;0;601;1;0.0;0.0
13;2021-01-11;480;1;1081;2;0.1;0.0
13;2021-01-12;814;1;1895;3;0.1;0.0
13;2021-01-13;1083;1;2978;4;0.1;0.0
13;2021-01-14;1567;17;4545;21;0.2;0.0
13;2021-01-15;1534;7;6079;28;0.3;0.0
13;2021-01-16;407;2;6486;30;0.3;0.0
13;2021-01-17;41;0;6527;30;0.3;0.0
13;2021-01-18;2380;9;8907;39;0.4;0.0
13;2021-01-19;7408;30;16315;69;0.8;0.0
13;2021-01-20;5552;17;21867;86;1.1;0.0
13;2021-01-21;5353;25;27220;111;1.3;0.0
13;2021-01-22;3994;18;31214;129;1.5;0.0
13;2021-01-23;1335;6;32549;135;1.6;0.0
13;2021-01-24;490;4;33039;139;1.6;0.0
13;2021-01-25;2337;27;35376;166;1.7;0.0
13;2021-01-26;2949;90;38325;256;1.9;0.0
13;2021-01-27;3117;120;41442;376;2.0;0.0
13;2021-01-28;3242;192;44684;568;2.2;0.0
13;2021-01-29;2509;128;47193;696;2.3;0.0
13;2021-01-30;1022;11;48215;707;2.4;0.0
13;2021-01-31;248;0;48463;707;2.4;0.0
13;2021-02-01;1858;295;50321;1002;2.5;0.0
13;2021-02-02;2254;617;52575;1619;2.6;0.1
13;2021-02-03;1863;577;54438;2196;2.7;0.1
13;2021-02-04;1899;932;56337;3128;2.8;0.2
13;2021-02-05;2625;1559;58962;4687;2.9;0.2
13;2021-02-06;848;314;59810;5001;2.9;0.2
13;2021-02-07;274;6;60084;5007;3.0;0.2
13;2021-02-08;1897;1545;61981;6552;3.0;0.3
13;2021-02-09;3308;4442;65289;10994;3.2;0.5
13;2021-02-10;3220;3429;68509;14423;3.4;0.7
13;2021-02-11;3569;3585;72078;18008;3.5;0.9
13;2021-02-12;2821;3155;74899;21163;3.7;1.0
13;2021-02-13;733;597;75632;21760;3.7;1.1
13;2021-02-14;72;378;75704;22138;3.7;1.1
13;2021-02-15;966;2033;76670;24171;3.8;1.2
13;2021-02-16;1391;2643;78061;26814;3.8;1.3
13;2021-02-17;1345;3005;79406;29819;3.9;1.5
13;2021-02-18;1900;2690;81306;32509;4.0;1.6
13;2021-02-19;1514;2191;82820;34700;4.1;1.7
13;2021-02-20;456;791;83276;35491;4.1;1.7
13;2021-02-21;33;286;83309;35777;4.1;1.8
13;2021-02-22;1021;2265;84330;38042;4.1;1.9
13;2021-02-23;1279;2679;85609;40721;4.2;2.0
13;2021-02-24;1506;2626;87115;43347;4.3;2.1
13;2021-02-25;2383;2154;89498;45501;4.4;2.2
13;2021-02-26;2456;2115;91954;47616;4.5;2.3
13;2021-02-27;981;751;92935;48367;4.6;2.4
13;2021-02-28;193;204;93128;48571;4.6;2.4
13;2021-03-01;1915;1529;95043;50100;4.7;2.5
13;2021-03-02;3005;2629;98048;52729;4.8;2.6
13;2021-03-03;3483;2571;101531;55300;5.0;2.7
13;2021-03-04;4193;3125;105724;58425;5.2;2.9
13;2021-03-05;4042;2792;109766;61217;5.4;3.0
13;2021-03-06;5295;830;115061;62047;5.7;3.0
13;2021-03-07;4291;367;119352;62414;5.9;3.1
13;2021-03-08;3923;1998;123275;64412;6.1;3.2
13;2021-03-09;5070;2271;128345;66683;6.3;3.3
13;2021-03-10;5178;1983;133523;68666;6.6;3.4
13;2021-03-11;7301;2123;140824;70789;6.9;3.5
13;2021-03-12;8321;2094;149145;72883;7.3;3.6
13;2021-03-13;6376;712;155521;73595;7.6;3.6
13;2021-03-14;2312;162;157833;73757;7.8;3.6
13;2021-03-15;6353;1294;164186;75051;8.1;3.7
13;2021-03-16;5073;1523;169259;76574;8.3;3.8
13;2021-03-17;5173;1399;174432;77973;8.6;3.8
13;2021-03-18;5816;1865;180248;79838;8.9;3.9
13;2021-03-19;6801;1605;187049;81443;9.2;4.0
13;2021-03-20;4038;696;191087;82139;9.4;4.0
13;2021-03-21;724;83;191811;82222;9.4;4.0
13;2021-03-22;7295;1553;199106;83775;9.8;4.1
13;2021-03-23;9122;1733;208228;85508;10.2;4.2
13;2021-03-24;8853;2170;217081;87678;10.7;4.3
13;2021-03-25;10909;2089;227990;89767;11.2;4.4
13;2021-03-26;10708;1894;238698;91661;11.7;4.5
13;2021-03-27;4866;826;243564;92487;12.0;4.5
13;2021-03-28;1119;81;244683;92568;12.0;4.5
13;2021-03-29;7572;1987;252255;94555;12.4;4.6
13;2021-03-30;12608;2493;264863;97048;13.0;4.8
13;2021-03-31;10814;3133;275677;100181;13.6;4.9
13;2021-04-01;12256;3046;287933;103227;14.2;5.1
13;2021-04-02;9790;3881;297723;107108;14.6;5.3
13;2021-04-03;4006;2803;301729;109911;14.8;5.4
13;2021-04-04;629;304;302358;110215;14.9;5.4
13;2021-04-05;3528;721;305886;110936;15.0;5.5
13;2021-04-06;8514;4246;314400;115182;15.5;5.7
13;2021-04-07;10076;4674;324476;119856;15.9;5.9
13;2021-04-08;10105;5446;334581;125302;16.4;6.2
13;2021-04-09;11257;5096;345838;130398;17.0;6.4
13;2021-04-10;7299;2086;353137;132484;17.4;6.5
13;2021-04-11;1378;533;354515;133017;17.4;6.5
13;2021-04-12;7977;4778;362492;137795;17.8;6.8
13;2021-04-13;9139;5481;371631;143276;18.3;7.0
13;2021-04-14;9530;5804;381161;149080;18.7;7.3
13;2021-04-15;9870;5948;391031;155028;19.2;7.6
13;2021-04-16;9968;5557;400999;160585;19.7;7.9
13;2021-04-17;4080;2014;405079;162599;19.9;8.0
13;2021-04-18;2523;1421;407602;164020;20.0;8.1
13;2021-04-19;6450;6400;414052;170420;20.4;8.4
13;2021-04-20;7399;7594;421451;178014;20.7;8.7
13;2021-04-21;7774;7366;429225;185380;21.1;9.1
13;2021-04-22;8463;7919;437688;193299;21.5;9.5
13;2021-04-23;8374;6783;446062;200082;21.9;9.8
13;2021-04-24;4621;3818;450683;203900;22.2;10.0
13;2021-04-25;873;524;451556;204424;22.2;10.0
13;2021-04-26;6168;7113;457724;211537;22.5;10.4
13;2021-04-27;7261;8021;464985;219558;22.9;10.8
13;2021-04-28;9449;7704;474434;227262;23.3;11.2
13;2021-04-29;11406;7587;485840;234849;23.9;11.5
13;2021-04-30;10921;7369;496761;242218;24.4;11.9
13;2021-05-01;5368;3790;502129;246008;24.7;12.1
13;2021-05-02;2098;745;504227;246753;24.8;12.1
13;2021-05-03;7302;7855;511529;254608;25.1;12.5
13;2021-05-04;8446;8514;519975;263122;25.6;12.9
13;2021-05-05;8230;8963;528205;272085;26.0;13.4
13;2021-05-06;10137;8583;538342;280668;26.5;13.8
13;2021-05-07;8850;10029;547192;290697;26.9;14.3
13;2021-05-08;4569;3927;551761;294624;27.1;14.5
13;2021-05-09;936;683;552697;295307;27.2;14.5
13;2021-05-10;7715;8761;560412;304068;27.5;14.9
13;2021-05-11;10976;9566;571388;313634;28.1;15.4
13;2021-05-12;12839;8717;584227;322351;28.7;15.8
13;2021-05-13;9509;3630;593736;325981;29.2;16.0
13;2021-05-14;13660;6442;607396;332423;29.9;16.3
13;2021-05-15;10198;4526;617594;336949;30.4;16.6
13;2021-05-16;3124;788;620718;337737;30.5;16.6
13;2021-05-17;10846;6811;631564;344548;31.0;16.9
13;2021-05-18;11916;6464;643480;351012;31.6;17.3
13;2021-05-19;12156;6343;655636;357355;32.2;17.6
13;2021-05-20;13448;6454;669084;363809;32.9;17.9
13;2021-05-21;12997;6770;682081;370579;33.5;18.2
13;2021-05-22;7513;3633;689594;374212;33.9;18.4
13;2021-05-23;863;639;690457;374851;33.9;18.4
13;2021-05-24;6767;2473;697224;377324;34.3;18.5
13;2021-05-25;9273;7596;706497;384920;34.7;18.9
13;2021-05-26;10137;7834;716634;392754;35.2;19.3
13;2021-05-27;10350;8414;726984;401168;35.7;19.7
13;2021-05-28;8995;9172;735979;410340;36.2;20.2
13;2021-05-29;7176;4630;743155;414970;36.5;20.4
13;2021-05-30;891;527;744046;415497;36.6;20.4
13;2021-05-31;8189;8034;752235;423531;37.0;20.8
13;2021-06-01;9588;9300;761823;432831;37.4;21.3
13;2021-06-02;10079;8793;771902;441624;37.9;21.7
13;2021-06-03;12290;9483;784192;451107;38.5;22.2
13;2021-06-04;12035;10040;796227;461147;39.1;22.7
13;2021-06-05;7824;5578;804051;466725;39.5;22.9
13;2021-06-06;1670;882;805721;467607;39.6;23.0
13;2021-06-07;6685;9884;812406;477491;39.9;23.5
13;2021-06-08;8312;9985;820718;487476;40.3;24.0
13;2021-06-09;8395;9737;829113;497213;40.8;24.4
13;2021-06-10;8934;9762;838047;506975;41.2;24.9
13;2021-06-11;8230;12703;846277;519678;41.6;25.5
13;2021-06-12;5787;6706;852064;526384;41.9;25.9
13;2021-06-13;950;1214;853014;527598;41.9;25.9
13;2021-06-14;5999;11138;859013;538736;42.2;26.5
13;2021-06-15;7282;11402;866295;550138;42.6;27.0
13;2021-06-16;7340;9880;873635;560018;42.9;27.5
13;2021-06-17;7428;10704;881063;570722;43.3;28.1
13;2021-06-18;7500;11073;888563;581795;43.7;28.6
13;2021-06-19;4612;7487;893175;589282;43.9;29.0
13;2021-06-20;955;1045;894130;590327;43.9;29.0
13;2021-06-21;4461;12255;898591;602582;44.2;29.6
13;2021-06-22;4932;13866;903523;616448;44.4;30.3
13;2021-06-23;5136;13567;908659;630015;44.7;31.0
13;2021-06-24;5322;12841;913981;642856;44.9;31.6
13;2021-06-25;5198;14673;919179;657529;45.2;32.3
13;2021-06-26;3020;9674;922199;667203;45.3;32.8
13;2021-06-27;535;930;922734;668133;45.4;32.8
13;2021-06-28;3725;12554;926459;680687;45.5;33.5
13;2021-06-29;4482;12899;930941;693586;45.8;34.1
13;2021-06-30;4842;12687;935783;706273;46.0;34.7
13;2021-07-01;5438;11477;941221;717750;46.3;35.3
13;2021-07-02;5513;12396;946734;730146;46.5;35.9
13;2021-07-03;3495;9157;950229;739303;46.7;36.3
13;2021-07-04;475;867;950704;740170;46.7;36.4
13;2021-07-05;3713;11775;954417;751945;46.9;37.0
13;2021-07-06;5418;11678;959835;763623;47.2;37.5
13;2021-07-07;5595;10687;965430;774310;47.5;38.1
13;2021-07-08;6196;10303;971626;784613;47.8;38.6
13;2021-07-09;5902;11917;977528;796530;48.0;39.2
13;2021-07-10;3156;8639;980684;805169;48.2;39.6
13;2021-07-11;434;1011;981118;806180;48.2;39.6
13;2021-07-12;4462;10958;985580;817138;48.4;40.2
13;2021-07-13;8932;13136;994512;830274;48.9;40.8
13;2021-07-14;5584;4836;1000096;835110;49.2;41.0
13;2021-07-15;11357;12888;1011453;847998;49.7;41.7
13;2021-07-16;12131;12874;1023584;860872;50.3;42.3
13;2021-07-17;6560;8464;1030144;869336;50.6;42.7
13;2021-07-18;717;1061;1030861;870397;50.7;42.8
13;2021-07-19;9752;11124;1040613;881521;51.1;43.3
13;2021-07-20;12194;11619;1052807;893140;51.7;43.9
13;2021-07-21;12594;10279;1065401;903419;52.4;44.4
13;2021-07-22;14466;10362;1079867;913781;53.1;44.9
13;2021-07-23;14339;10859;1094206;924640;53.8;45.4
13;2021-07-24;8299;7947;1102505;932587;54.2;45.8
13;2021-07-25;1008;784;1103513;933371;54.2;45.9
13;2021-07-26;11555;9022;1115068;942393;54.8;46.3
13;2021-07-27;13432;9311;1128500;951704;55.5;46.8
13;2021-07-28;12242;8120;1140742;959824;56.1;47.2
13;2021-07-29;13713;8048;1154455;967872;56.7;47.6
13;2021-07-30;13585;8574;1168040;976446;57.4;48.0
13;2021-07-31;8640;5789;1176680;982235;57.8;48.3
13;2021-08-01;1098;712;1177778;982947;57.9;48.3
13;2021-08-02;9927;6623;1187705;989570;58.4;48.6
13;2021-08-03;10914;7210;1198619;996780;58.9;49.0
13;2021-08-04;9340;6496;1207959;1003276;59.4;49.3
13;2021-08-05;9342;7446;1217301;1010722;59.8;49.7
13;2021-08-06;9048;8949;1226349;1019671;60.3;50.1
13;2021-08-07;5365;5501;1231714;1025172;60.5;50.4
13;2021-08-08;890;784;1232604;1025956;60.6;50.4
13;2021-08-09;8197;8978;1240801;1034934;61.0;50.9
13;2021-08-10;8875;8791;1249676;1043725;61.4;51.3
13;2021-08-11;7614;8403;1257290;1052128;61.8;51.7
14;2020-12-27;0;0;0;0;0.0;0.0
14;2020-12-28;1;1;1;1;0.0;0.0
14;2020-12-29;0;0;1;1;0.0;0.0
14;2020-12-30;0;0;1;1;0.0;0.0
14;2020-12-31;3;0;4;1;0.0;0.0
14;2021-01-01;1;0;5;1;0.0;0.0
14;2021-01-02;1;0;6;1;0.0;0.0
14;2021-01-03;0;0;6;1;0.0;0.0
14;2021-01-04;9;0;15;1;0.0;0.0
14;2021-01-05;24;0;39;1;0.0;0.0
14;2021-01-06;348;0;387;1;0.1;0.0
14;2021-01-07;400;2;787;3;0.1;0.0
14;2021-01-08;619;2;1406;5;0.2;0.0
14;2021-01-09;127;0;1533;5;0.2;0.0
14;2021-01-10;41;0;1574;5;0.2;0.0
14;2021-01-11;664;1;2238;6;0.3;0.0
14;2021-01-12;939;1;3177;7;0.5;0.0
14;2021-01-13;850;1;4027;8;0.6;0.0
14;2021-01-14;2819;17;6846;25;1.0;0.0
14;2021-01-15;1892;18;8738;43;1.3;0.0
14;2021-01-16;271;2;9009;45;1.3;0.0
14;2021-01-17;145;4;9154;49;1.3;0.0
14;2021-01-18;1084;3;10238;52;1.5;0.0
14;2021-01-19;1152;2;11390;54;1.6;0.0
14;2021-01-20;1987;4;13377;58;1.9;0.0
14;2021-01-21;1812;6;15189;64;2.2;0.0
14;2021-01-22;1490;2;16679;66;2.4;0.0
14;2021-01-23;297;1;16976;67;2.5;0.0
14;2021-01-24;71;0;17047;67;2.5;0.0
14;2021-01-25;910;10;17957;77;2.6;0.0
14;2021-01-26;848;37;18805;114;2.7;0.0
14;2021-01-27;882;158;19687;272;2.8;0.0
14;2021-01-28;782;143;20469;415;3.0;0.1
14;2021-01-29;782;229;21251;644;3.1;0.1
14;2021-01-30;269;12;21520;656;3.1;0.1
14;2021-01-31;58;3;21578;659;3.1;0.1
14;2021-02-01;727;230;22305;889;3.2;0.1
14;2021-02-02;824;424;23129;1313;3.3;0.2
14;2021-02-03;751;388;23880;1701;3.5;0.2
14;2021-02-04;1169;2060;25049;3761;3.6;0.5
14;2021-02-05;1294;1317;26343;5078;3.8;0.7
14;2021-02-06;394;240;26737;5318;3.9;0.8
14;2021-02-07;179;73;26916;5391;3.9;0.8
14;2021-02-08;774;825;27690;6216;4.0;0.9
14;2021-02-09;721;1010;28411;7226;4.1;1.0
14;2021-02-10;824;1611;29235;8837;4.2;1.3
14;2021-02-11;1350;1432;30585;10269;4.4;1.5
14;2021-02-12;1380;1081;31965;11350;4.6;1.6
14;2021-02-13;308;185;32273;11535;4.7;1.7
14;2021-02-14;84;66;32357;11601;4.7;1.7
14;2021-02-15;442;1085;32799;12686;4.7;1.8
14;2021-02-16;679;982;33478;13668;4.8;2.0
14;2021-02-17;405;983;33883;14651;4.9;2.1
14;2021-02-18;705;887;34588;15538;5.0;2.2
14;2021-02-19;733;782;35321;16320;5.1;2.4
14;2021-02-20;88;271;35409;16591;5.1;2.4
14;2021-02-21;6;90;35415;16681;5.1;2.4
14;2021-02-22;432;1048;35847;17729;5.2;2.6
14;2021-02-23;486;920;36333;18649;5.3;2.7
14;2021-02-24;439;897;36772;19546;5.3;2.8
14;2021-02-25;1223;1178;37995;20724;5.5;3.0
14;2021-02-26;1576;1166;39571;21890;5.7;3.2
14;2021-02-27;507;268;40078;22158;5.8;3.2
14;2021-02-28;27;42;40105;22200;5.8;3.2
14;2021-03-01;521;927;40626;23127;5.9;3.3
14;2021-03-02;967;808;41593;23935;6.0;3.5
14;2021-03-03;1078;836;42671;24771;6.2;3.6
14;2021-03-04;1947;789;44618;25560;6.5;3.7
14;2021-03-05;2429;870;47047;26430;6.8;3.8
14;2021-03-06;3074;200;50121;26630;7.2;3.9
14;2021-03-07;1196;60;51317;26690;7.4;3.9
14;2021-03-08;1249;813;52566;27503;7.6;4.0
14;2021-03-09;1742;697;54308;28200;7.9;4.1
14;2021-03-10;1834;590;56142;28790;8.1;4.2
14;2021-03-11;2756;475;58898;29265;8.5;4.2
14;2021-03-12;4044;562;62942;29827;9.1;4.3
14;2021-03-13;1851;174;64793;30001;9.4;4.3
14;2021-03-14;31;40;64824;30041;9.4;4.3
14;2021-03-15;2005;139;66829;30180;9.7;4.4
14;2021-03-16;1401;277;68230;30457;9.9;4.4
14;2021-03-17;1155;195;69385;30652;10.0;4.4
14;2021-03-18;1479;305;70864;30957;10.2;4.5
14;2021-03-19;2604;268;73468;31225;10.6;4.5
14;2021-03-20;2656;37;76124;31262;11.0;4.5
14;2021-03-21;453;8;76577;31270;11.1;4.5
14;2021-03-22;1871;359;78448;31629;11.3;4.6
14;2021-03-23;2176;320;80624;31949;11.7;4.6
14;2021-03-24;2433;193;83057;32142;12.0;4.6
14;2021-03-25;3290;319;86347;32461;12.5;4.7
14;2021-03-26;4607;466;90954;32927;13.2;4.8
14;2021-03-27;2231;228;93185;33155;13.5;4.8
14;2021-03-28;36;1;93221;33156;13.5;4.8
14;2021-03-29;1612;481;94833;33637;13.7;4.9
14;2021-03-30;2721;515;97554;34152;14.1;4.9
14;2021-03-31;2323;918;99877;35070;14.4;5.1
14;2021-04-01;4173;1675;104050;36745;15.0;5.3
14;2021-04-02;3866;1268;107916;38013;15.6;5.5
14;2021-04-03;1129;1202;109045;39215;15.8;5.7
14;2021-04-04;25;482;109070;39697;15.8;5.7
14;2021-04-05;1218;322;110288;40019;16.0;5.8
14;2021-04-06;2383;996;112671;41015;16.3;5.9
14;2021-04-07;2726;1034;115397;42049;16.7;6.1
14;2021-04-08;4299;1114;119696;43163;17.3;6.2
14;2021-04-09;6028;1176;125724;44339;18.2;6.4
14;2021-04-10;2895;435;128619;44774;18.6;6.5
14;2021-04-11;628;121;129247;44895;18.7;6.5
14;2021-04-12;2915;1585;132162;46480;19.1;6.7
14;2021-04-13;3470;1446;135632;47926;19.6;6.9
14;2021-04-14;3118;1166;138750;49092;20.1;7.1
14;2021-04-15;4398;1510;143148;50602;20.7;7.3
14;2021-04-16;4600;1557;147748;52159;21.4;7.5
14;2021-04-17;2314;1664;150062;53823;21.7;7.8
14;2021-04-18;539;325;150601;54148;21.8;7.8
14;2021-04-19;2758;1707;153359;55855;22.2;8.1
14;2021-04-20;3389;1831;156748;57686;22.7;8.3
14;2021-04-21;3011;1470;159759;59156;23.1;8.6
14;2021-04-22;4226;2083;163985;61239;23.7;8.9
14;2021-04-23;4643;2293;168628;63532;24.4;9.2
14;2021-04-24;1850;1755;170478;65287;24.7;9.4
14;2021-04-25;456;27;170934;65314;24.7;9.4
14;2021-04-26;3375;1567;174309;66881;25.2;9.7
14;2021-04-27;3504;2573;177813;69454;25.7;10.0
14;2021-04-28;3243;1895;181056;71349;26.2;10.3
14;2021-04-29;4546;2309;185602;73658;26.8;10.7
14;2021-04-30;5122;2639;190724;76297;27.6;11.0
14;2021-05-01;3553;195;194277;76492;28.1;11.1
14;2021-05-02;1237;55;195514;76547;28.3;11.1
14;2021-05-03;2484;2769;197998;79316;28.6;11.5
14;2021-05-04;3128;2912;201126;82228;29.1;11.9
14;2021-05-05;3688;2756;204814;84984;29.6;12.3
14;2021-05-06;4931;3484;209745;88468;30.3;12.8
14;2021-05-07;4866;3855;214611;92323;31.0;13.4
14;2021-05-08;2727;1264;217338;93587;31.4;13.5
14;2021-05-09;1916;668;219254;94255;31.7;13.6
14;2021-05-10;3634;3148;222888;97403;32.2;14.1
14;2021-05-11;4348;3605;227236;101008;32.9;14.6
14;2021-05-12;4050;3218;231286;104226;33.4;15.1
14;2021-05-13;4691;1131;235977;105357;34.1;15.2
14;2021-05-14;6674;2631;242651;107988;35.1;15.6
14;2021-05-15;5144;777;247795;108765;35.8;15.7
14;2021-05-16;2318;121;250113;108886;36.2;15.7
14;2021-05-17;2822;2263;252935;111149;36.6;16.1
14;2021-05-18;4089;2241;257024;113390;37.2;16.4
14;2021-05-19;3748;2018;260772;115408;37.7;16.7
14;2021-05-20;4479;2765;265251;118173;38.4;17.1
14;2021-05-21;4272;3526;269523;121699;39.0;17.6
14;2021-05-22;1670;866;271193;122565;39.2;17.7
14;2021-05-23;648;71;271841;122636;39.3;17.7
14;2021-05-24;2845;748;274686;123384;39.7;17.8
14;2021-05-25;3633;3388;278319;126772;40.3;18.3
14;2021-05-26;3435;2407;281754;129179;40.7;18.7
14;2021-05-27;4770;3239;286524;132418;41.4;19.2
14;2021-05-28;5090;3893;291614;136311;42.2;19.7
14;2021-05-29;2341;2456;293955;138767;42.5;20.1
14;2021-05-30;760;239;294715;139006;42.6;20.1
14;2021-05-31;4093;2966;298808;141972;43.2;20.5
14;2021-06-01;5741;3217;304549;145189;44.0;21.0
14;2021-06-02;5029;2855;309578;148044;44.8;21.4
14;2021-06-03;6661;4013;316239;152057;45.7;22.0
14;2021-06-04;6444;5136;322683;157193;46.7;22.7
14;2021-06-05;4356;1866;327039;159059;47.3;23.0
14;2021-06-06;2041;83;329080;159142;47.6;23.0
14;2021-06-07;4247;3450;333327;162592;48.2;23.5
14;2021-06-08;5237;3130;338564;165722;49.0;24.0
14;2021-06-09;4274;2967;342838;168689;49.6;24.4
14;2021-06-10;5080;2971;347918;171660;50.3;24.8
14;2021-06-11;4839;4887;352757;176547;51.0;25.5
14;2021-06-12;3682;4513;356439;181060;51.5;26.2
14;2021-06-13;849;1090;357288;182150;51.7;26.3
14;2021-06-14;2185;3793;359473;185943;52.0;26.9
14;2021-06-15;3314;3973;362787;189916;52.5;27.5
14;2021-06-16;3447;4556;366234;194472;53.0;28.1
14;2021-06-17;4233;5268;370467;199740;53.6;28.9
14;2021-06-18;3734;6118;374201;205858;54.1;29.8
14;2021-06-19;2589;2949;376790;208807;54.5;30.2
14;2021-06-20;579;1556;377369;210363;54.6;30.4
14;2021-06-21;2123;4361;379492;214724;54.9;31.1
14;2021-06-22;2581;5177;382073;219901;55.3;31.8
14;2021-06-23;2502;4348;384575;224249;55.6;32.4
14;2021-06-24;3450;5808;388025;230057;56.1;33.3
14;2021-06-25;2747;7279;390772;237336;56.5;34.3
14;2021-06-26;2176;4540;392948;241876;56.8;35.0
14;2021-06-27;440;1829;393388;243705;56.9;35.2
14;2021-06-28;1311;3970;394699;247675;57.1;35.8
14;2021-06-29;1789;5365;396488;253040;57.3;36.6
14;2021-06-30;2019;4619;398507;257659;57.6;37.3
14;2021-07-01;2928;5068;401435;262727;58.1;38.0
14;2021-07-02;2596;6666;404031;269393;58.4;39.0
14;2021-07-03;1427;2647;405458;272040;58.6;39.3
14;2021-07-04;422;713;405880;272753;58.7;39.4
14;2021-07-05;1191;4779;407071;277532;58.9;40.1
14;2021-07-06;2089;6000;409160;283532;59.2;41.0
14;2021-07-07;2254;4576;411414;288108;59.5;41.7
14;2021-07-08;2905;5523;414319;293631;59.9;42.5
14;2021-07-09;2765;6439;417084;300070;60.3;43.4
14;2021-07-10;2040;3200;419124;303270;60.6;43.9
14;2021-07-11;899;872;420023;304142;60.7;44.0
14;2021-07-12;1628;5905;421651;310047;61.0;44.8
14;2021-07-13;3068;7341;424719;317388;61.4;45.9
14;2021-07-14;2250;3058;426969;320446;61.7;46.3
14;2021-07-15;4156;7664;431125;328110;62.4;47.5
14;2021-07-16;4687;7703;435812;335813;63.0;48.6
14;2021-07-17;2099;4208;437911;340021;63.3;49.2
14;2021-07-18;815;1869;438726;341890;63.4;49.4
14;2021-07-19;2580;6125;441306;348015;63.8;50.3
14;2021-07-20;3238;7263;444544;355278;64.3;51.4
14;2021-07-21;4084;5837;448628;361115;64.9;52.2
14;2021-07-22;4746;6597;453374;367712;65.6;53.2
14;2021-07-23;5351;6762;458725;374474;66.3;54.2
14;2021-07-24;3069;3791;461794;378265;66.8;54.7
14;2021-07-25;1498;1243;463292;379508;67.0;54.9
14;2021-07-26;4659;4183;467951;383691;67.7;55.5
14;2021-07-27;5361;4357;473312;388048;68.5;56.1
14;2021-07-28;5088;3968;478400;392016;69.2;56.7
14;2021-07-29;6394;4880;484794;396896;70.1;57.4
14;2021-07-30;5788;5162;490582;402058;70.9;58.1
14;2021-07-31;2757;2500;493339;404558;71.3;58.5
14;2021-08-01;1890;932;495229;405490;71.6;58.6
14;2021-08-02;3881;4290;499110;409780;72.2;59.3
14;2021-08-03;4445;4159;503555;413939;72.8;59.9
14;2021-08-04;4521;3530;508076;417469;73.5;60.4
14;2021-08-05;4632;4024;512708;421493;74.1;61.0
14;2021-08-06;4409;4797;517117;426290;74.8;61.7
14;2021-08-07;2125;2294;519242;428584;75.1;62.0
14;2021-08-08;624;852;519866;429436;75.2;62.1
14;2021-08-09;2126;2875;521992;432311;75.5;62.5
14;2021-08-10;3636;4175;525628;436486;76.0;63.1
14;2021-08-11;3037;3444;528665;439930;76.5;63.6
15;2020-12-27;2;0;2;0;0.0;0.0
15;2020-12-28;0;0;2;0;0.0;0.0
15;2020-12-29;0;0;2;0;0.0;0.0
15;2020-12-30;0;0;2;0;0.0;0.0
15;2020-12-31;0;0;2;0;0.0;0.0
15;2021-01-01;1;0;3;0;0.0;0.0
15;2021-01-02;0;0;3;0;0.0;0.0
15;2021-01-03;0;0;3;0;0.0;0.0
15;2021-01-04;0;0;3;0;0.0;0.0
15;2021-01-05;0;0;3;0;0.0;0.0
15;2021-01-06;0;0;3;0;0.0;0.0
15;2021-01-07;72;0;75;0;0.1;0.0
15;2021-01-08;109;0;184;0;0.1;0.0
15;2021-01-09;0;0;184;0;0.1;0.0
15;2021-01-10;1;0;185;0;0.1;0.0
15;2021-01-11;99;0;284;0;0.2;0.0
15;2021-01-12;92;0;376;0;0.3;0.0
15;2021-01-13;230;0;606;0;0.4;0.0
15;2021-01-14;308;1;914;1;0.6;0.0
15;2021-01-15;138;0;1052;1;0.7;0.0
15;2021-01-16;90;0;1142;1;0.8;0.0
15;2021-01-17;0;0;1142;1;0.8;0.0
15;2021-01-18;404;2;1546;3;1.1;0.0
15;2021-01-19;550;0;2096;3;1.5;0.0
15;2021-01-20;627;1;2723;4;1.9;0.0
15;2021-01-21;575;3;3298;7;2.3;0.0
15;2021-01-22;503;2;3801;9;2.7;0.0
15;2021-01-23;432;1;4233;10;3.0;0.0
15;2021-01-24;6;0;4239;10;3.0;0.0
15;2021-01-25;400;0;4639;10;3.2;0.0
15;2021-01-26;437;0;5076;10;3.6;0.0
15;2021-01-27;735;2;5811;12;4.1;0.0
15;2021-01-28;624;51;6435;63;4.5;0.0
15;2021-01-29;333;82;6768;145;4.7;0.1
15;2021-01-30;218;3;6986;148;4.9;0.1
15;2021-01-31;1;1;6987;149;4.9;0.1
15;2021-02-01;238;89;7225;238;5.1;0.2
15;2021-02-02;190;91;7415;329;5.2;0.2
15;2021-02-03;266;158;7681;487;5.4;0.3
15;2021-02-04;663;205;8344;692;5.8;0.5
15;2021-02-05;297;256;8641;948;6.1;0.7
15;2021-02-06;98;76;8739;1024;6.1;0.7
15;2021-02-07;0;0;8739;1024;6.1;0.7
15;2021-02-08;233;107;8972;1131;6.3;0.8
15;2021-02-09;205;119;9177;1250;6.4;0.9
15;2021-02-10;338;300;9515;1550;6.7;1.1
15;2021-02-11;117;239;9632;1789;6.7;1.3
15;2021-02-12;136;160;9768;1949;6.8;1.4
15;2021-02-13;92;78;9860;2027;6.9;1.4
15;2021-02-14;0;0;9860;2027;6.9;1.4
15;2021-02-15;63;215;9923;2242;6.9;1.6
15;2021-02-16;52;295;9975;2537;7.0;1.8
15;2021-02-17;134;472;10109;3009;7.1;2.1
15;2021-02-18;87;747;10196;3756;7.1;2.6
15;2021-02-19;90;431;10286;4187;7.2;2.9
15;2021-02-20;20;259;10306;4446;7.2;3.1
15;2021-02-21;0;0;10306;4446;7.2;3.1
15;2021-02-22;23;497;10329;4943;7.2;3.5
15;2021-02-23;180;457;10509;5400;7.4;3.8
15;2021-02-24;31;456;10540;5856;7.4;4.1
15;2021-02-25;228;1002;10768;6858;7.5;4.8
15;2021-02-26;186;476;10954;7334;7.7;5.1
15;2021-02-27;146;88;11100;7422;7.8;5.2
15;2021-02-28;1;0;11101;7422;7.8;5.2
15;2021-03-01;121;222;11222;7644;7.9;5.4
15;2021-03-02;250;307;11472;7951;8.0;5.6
15;2021-03-03;207;29;11679;7980;8.2;5.6
15;2021-03-04;246;249;11925;8229;8.4;5.8
15;2021-03-05;348;174;12273;8403;8.6;5.9
15;2021-03-06;680;11;12953;8414;9.1;5.9
15;2021-03-07;81;1;13034;8415;9.1;5.9
15;2021-03-08;93;106;13127;8521;9.2;6.0
15;2021-03-09;280;291;13407;8812;9.4;6.2
15;2021-03-10;416;166;13823;8978;9.7;6.3
15;2021-03-11;434;296;14257;9274;10.0;6.5
15;2021-03-12;525;95;14782;9369;10.4;6.6
15;2021-03-13;355;7;15137;9376;10.6;6.6
15;2021-03-14;18;0;15155;9376;10.6;6.6
15;2021-03-15;542;62;15697;9438;11.0;6.6
15;2021-03-16;328;21;16025;9459;11.2;6.6
15;2021-03-17;130;53;16155;9512;11.3;6.7
15;2021-03-18;250;95;16405;9607;11.5;6.7
15;2021-03-19;669;30;17074;9637;12.0;6.7
15;2021-03-20;148;36;17222;9673;12.1;6.8
15;2021-03-21;6;0;17228;9673;12.1;6.8
15;2021-03-22;574;78;17802;9751;12.5;6.8
15;2021-03-23;775;96;18577;9847;13.0;6.9
15;2021-03-24;937;35;19514;9882;13.7;6.9
15;2021-03-25;1282;30;20796;9912;14.6;6.9
15;2021-03-26;1009;59;21805;9971;15.3;7.0
15;2021-03-27;301;6;22106;9977;15.5;7.0
15;2021-03-28;20;0;22126;9977;15.5;7.0
15;2021-03-29;781;16;22907;9993;16.0;7.0
15;2021-03-30;1134;199;24041;10192;16.8;7.1
15;2021-03-31;941;23;24982;10215;17.5;7.2
15;2021-04-01;1233;58;26215;10273;18.4;7.2
15;2021-04-02;1142;57;27357;10330;19.2;7.2
15;2021-04-03;120;18;27477;10348;19.2;7.2
15;2021-04-04;0;0;27477;10348;19.2;7.2
15;2021-04-05;33;1;27510;10349;19.3;7.2
15;2021-04-06;834;84;28344;10433;19.8;7.3
15;2021-04-07;663;104;29007;10537;20.3;7.4
15;2021-04-08;1247;137;30254;10674;21.2;7.5
15;2021-04-09;1277;97;31531;10771;22.1;7.5
15;2021-04-10;364;19;31895;10790;22.3;7.6
15;2021-04-11;14;0;31909;10790;22.3;7.6
15;2021-04-12;644;458;32553;11248;22.8;7.9
15;2021-04-13;1124;322;33677;11570;23.6;8.1
15;2021-04-14;1038;197;34715;11767;24.3;8.2
15;2021-04-15;1183;307;35898;12074;25.1;8.5
15;2021-04-16;1038;555;36936;12629;25.9;8.8
15;2021-04-17;444;12;37380;12641;26.2;8.9
15;2021-04-18;0;10;37380;12651;26.2;8.9
15;2021-04-19;540;513;37920;13164;26.6;9.2
15;2021-04-20;847;614;38767;13778;27.1;9.6
15;2021-04-21;594;650;39361;14428;27.6;10.1
15;2021-04-22;728;775;40089;15203;28.1;10.6
15;2021-04-23;731;680;40820;15883;28.6;11.1
15;2021-04-24;363;123;41183;16006;28.8;11.2
15;2021-04-25;1;3;41184;16009;28.8;11.2
15;2021-04-26;324;632;41508;16641;29.1;11.7
15;2021-04-27;469;937;41977;17578;29.4;12.3
15;2021-04-28;379;788;42356;18366;29.7;12.9
15;2021-04-29;586;1010;42942;19376;30.1;13.6
15;2021-04-30;547;1078;43489;20454;30.5;14.3
15;2021-05-01;283;30;43772;20484;30.7;14.3
15;2021-05-02;0;0;43772;20484;30.7;14.3
15;2021-05-03;881;331;44653;20815;31.3;14.6
15;2021-05-04;802;857;45455;21672;31.8;15.2
15;2021-05-05;676;680;46131;22352;32.3;15.7
15;2021-05-06;826;967;46957;23319;32.9;16.3
15;2021-05-07;1153;906;48110;24225;33.7;17.0
15;2021-05-08;491;55;48601;24280;34.0;17.0
15;2021-05-09;24;9;48625;24289;34.0;17.0
15;2021-05-10;705;912;49330;25201;34.5;17.6
15;2021-05-11;1185;1185;50515;26386;35.4;18.5
15;2021-05-12;1147;836;51662;27222;36.2;19.1
15;2021-05-13;1165;440;52827;27662;37.0;19.4
15;2021-05-14;1504;581;54331;28243;38.0;19.8
15;2021-05-15;1410;417;55741;28660;39.0;20.1
15;2021-05-16;1;10;55742;28670;39.0;20.1
15;2021-05-17;1000;606;56742;29276;39.7;20.5
15;2021-05-18;1222;972;57964;30248;40.6;21.2
15;2021-05-19;1020;460;58984;30708;41.3;21.5
15;2021-05-20;1239;779;60223;31487;42.2;22.0
15;2021-05-21;1349;748;61572;32235;43.1;22.6
15;2021-05-22;527;188;62099;32423;43.5;22.7
15;2021-05-23;2;11;62101;32434;43.5;22.7
15;2021-05-24;693;257;62794;32691;44.0;22.9
15;2021-05-25;1151;620;63945;33311;44.8;23.3
15;2021-05-26;1095;459;65040;33770;45.5;23.6
15;2021-05-27;1270;660;66310;34430;46.4;24.1
15;2021-05-28;1509;885;67819;35315;47.5;24.7
15;2021-05-29;984;361;68803;35676;48.2;25.0
15;2021-05-30;14;25;68817;35701;48.2;25.0
15;2021-05-31;1201;479;70018;36180;49.0;25.3
15;2021-06-01;1399;571;71417;36751;50.0;25.7
15;2021-06-02;865;419;72282;37170;50.6;26.0
15;2021-06-03;931;706;73213;37876;51.3;26.5
15;2021-06-04;1076;718;74289;38594;52.0;27.0
15;2021-06-05;651;264;74940;38858;52.5;27.2
15;2021-06-06;16;20;74956;38878;52.5;27.2
15;2021-06-07;798;350;75754;39228;53.0;27.5
15;2021-06-08;477;396;76231;39624;53.4;27.7
15;2021-06-09;377;376;76608;40000;53.6;28.0
15;2021-06-10;275;426;76883;40426;53.8;28.3
15;2021-06-11;661;1099;77544;41525;54.3;29.1
15;2021-06-12;377;467;77921;41992;54.6;29.4
15;2021-06-13;11;6;77932;41998;54.6;29.4
15;2021-06-14;542;976;78474;42974;54.9;30.1
15;2021-06-15;450;1164;78924;44138;55.3;30.9
15;2021-06-16;542;897;79466;45035;55.6;31.5
15;2021-06-17;290;935;79756;45970;55.8;32.2
15;2021-06-18;741;1204;80497;47174;56.4;33.0
15;2021-06-19;543;705;81040;47879;56.7;33.5
15;2021-06-20;11;1;81051;47880;56.8;33.5
15;2021-06-21;281;1039;81332;48919;57.0;34.3
15;2021-06-22;231;1479;81563;50398;57.1;35.3
15;2021-06-23;345;1445;81908;51843;57.4;36.3
15;2021-06-24;292;1093;82200;52936;57.6;37.1
15;2021-06-25;379;1641;82579;54577;57.8;38.2
15;2021-06-26;165;908;82744;55485;57.9;38.9
15;2021-06-27;0;0;82744;55485;57.9;38.9
15;2021-06-28;176;1227;82920;56712;58.1;39.7
15;2021-06-29;301;1265;83221;57977;58.3;40.6
15;2021-06-30;268;981;83489;58958;58.5;41.3
15;2021-07-01;382;1220;83871;60178;58.7;42.1
15;2021-07-02;410;1349;84281;61527;59.0;43.1
15;2021-07-03;251;707;84532;62234;59.2;43.6
15;2021-07-04;1;1;84533;62235;59.2;43.6
15;2021-07-05;247;1259;84780;63494;59.4;44.5
15;2021-07-06;272;1468;85052;64962;59.6;45.5
15;2021-07-07;253;1344;85305;66306;59.7;46.4
15;2021-07-08;489;1351;85794;67657;60.1;47.4
15;2021-07-09;482;1786;86276;69443;60.4;48.6
15;2021-07-10;215;865;86491;70308;60.6;49.2
15;2021-07-11;9;5;86500;70313;60.6;49.2
15;2021-07-12;270;1485;86770;71798;60.8;50.3
15;2021-07-13;579;1769;87349;73567;61.2;51.5
15;2021-07-14;9;130;87358;73697;61.2;51.6
15;2021-07-15;1131;729;88489;74426;62.0;52.1
15;2021-07-16;1136;1337;89625;75763;62.8;53.1
15;2021-07-17;817;953;90442;76716;63.3;53.7
15;2021-07-18;0;3;90442;76719;63.3;53.7
15;2021-07-19;1066;1272;91508;77991;64.1;54.6
15;2021-07-20;1610;569;93118;78560;65.2;55.0
15;2021-07-21;1179;603;94297;79163;66.0;55.4
15;2021-07-22;889;513;95186;79676;66.7;55.8
15;2021-07-23;1331;1062;96517;80738;67.6;56.5
15;2021-07-24;626;769;97143;81507;68.0;57.1
15;2021-07-25;1;24;97144;81531;68.0;57.1
15;2021-07-26;1236;595;98380;82126;68.9;57.5
15;2021-07-27;1682;566;100062;82692;70.1;57.9
15;2021-07-28;1231;587;101293;83279;70.9;58.3
15;2021-07-29;830;398;102123;83677;71.5;58.6
15;2021-07-30;1003;1131;103126;84808;72.2;59.4
15;2021-07-31;602;637;103728;85445;72.6;59.8
15;2021-08-01;21;12;103749;85457;72.6;59.8
15;2021-08-02;1143;539;104892;85996;73.4;60.2
15;2021-08-03;1145;381;106037;86377;74.2;60.5
15;2021-08-04;787;409;106824;86786;74.8;60.8
15;2021-08-05;383;284;107207;87070;75.1;61.0
15;2021-08-06;787;1236;107994;88306;75.6;61.8
15;2021-08-07;262;1164;108256;89470;75.8;62.6
15;2021-08-08;3;6;108259;89476;75.8;62.7
15;2021-08-09;513;1164;108772;90640;76.2;63.5
15;2021-08-10;433;721;109205;91361;76.5;64.0
15;2021-08-11;405;1006;109610;92367;76.8;64.7
16;2020-12-27;0;0;0;0;0.0;0.0
16;2020-12-28;0;0;0;0;0.0;0.0
16;2020-12-29;0;0;0;0;0.0;0.0
16;2020-12-30;0;0;0;0;0.0;0.0
16;2020-12-31;0;0;0;0;0.0;0.0
16;2021-01-01;0;0;0;0;0.0;0.0
16;2021-01-02;0;0;0;0;0.0;0.0
16;2021-01-03;0;0;0;0;0.0;0.0
16;2021-01-04;1;0;1;0;0.0;0.0
16;2021-01-05;1;0;2;0;0.0;0.0
16;2021-01-06;88;0;90;0;0.0;0.0
16;2021-01-07;239;0;329;0;0.1;0.0
16;2021-01-08;465;2;794;2;0.2;0.0
16;2021-01-09;1;0;795;2;0.2;0.0
16;2021-01-10;1;0;796;2;0.2;0.0
16;2021-01-11;304;0;1100;2;0.3;0.0
16;2021-01-12;437;1;1537;3;0.4;0.0
16;2021-01-13;480;0;2017;3;0.6;0.0
16;2021-01-14;596;6;2613;9;0.8;0.0
16;2021-01-15;504;4;3117;13;0.9;0.0
16;2021-01-16;0;0;3117;13;0.9;0.0
16;2021-01-17;0;0;3117;13;0.9;0.0
16;2021-01-18;431;5;3548;18;1.0;0.0
16;2021-01-19;832;2;4380;20;1.3;0.0
16;2021-01-20;1181;2;5561;22;1.6;0.0
16;2021-01-21;1350;3;6911;25;2.0;0.0
16;2021-01-22;1113;0;8024;25;2.3;0.0
16;2021-01-23;183;0;8207;25;2.4;0.0
16;2021-01-24;0;0;8207;25;2.4;0.0
16;2021-01-25;641;2;8848;27;2.5;0.0
16;2021-01-26;1025;0;9873;27;2.8;0.0
16;2021-01-27;1401;105;11274;132;3.2;0.0
16;2021-01-28;1256;60;12530;192;3.6;0.1
16;2021-01-29;743;140;13273;332;3.8;0.1
16;2021-01-30;36;0;13309;332;3.8;0.1
16;2021-01-31;0;0;13309;332;3.8;0.1
16;2021-02-01;394;205;13703;537;3.9;0.2
16;2021-02-02;576;174;14279;711;4.1;0.2
16;2021-02-03;621;352;14900;1063;4.3;0.3
16;2021-02-04;462;271;15362;1334;4.4;0.4
16;2021-02-05;504;277;15866;1611;4.6;0.5
16;2021-02-06;1;80;15867;1691;4.6;0.5
16;2021-02-07;41;2;15908;1693;4.6;0.5
16;2021-02-08;355;220;16263;1913;4.7;0.5
16;2021-02-09;649;294;16912;2207;4.9;0.6
16;2021-02-10;693;680;17605;2887;5.1;0.8
16;2021-02-11;798;616;18403;3503;5.3;1.0
16;2021-02-12;623;833;19026;4336;5.5;1.2
16;2021-02-13;42;78;19068;4414;5.5;1.3
16;2021-02-14;2;7;19070;4421;5.5;1.3
16;2021-02-15;216;668;19286;5089;5.5;1.5
16;2021-02-16;374;958;19660;6047;5.6;1.7
16;2021-02-17;351;1310;20011;7357;5.7;2.1
16;2021-02-18;511;1255;20522;8612;5.9;2.5
16;2021-02-19;389;796;20911;9408;6.0;2.7
16;2021-02-20;1;8;20912;9416;6.0;2.7
16;2021-02-21;0;0;20912;9416;6.0;2.7
16;2021-02-22;135;541;21047;9957;6.0;2.9
16;2021-02-23;205;928;21252;10885;6.1;3.1
16;2021-02-24;274;899;21526;11784;6.2;3.4
16;2021-02-25;395;689;21921;12473;6.3;3.6
16;2021-02-26;478;500;22399;12973;6.4;3.7
16;2021-02-27;249;1;22648;12974;6.5;3.7
16;2021-02-28;5;5;22653;12979;6.5;3.7
16;2021-03-01;152;328;22805;13307;6.5;3.8
16;2021-03-02;272;671;23077;13978;6.6;4.0
16;2021-03-03;392;727;23469;14705;6.7;4.2
16;2021-03-04;806;571;24275;15276;7.0;4.4
16;2021-03-05;1142;542;25417;15818;7.3;4.5
16;2021-03-06;751;14;26168;15832;7.5;4.5
16;2021-03-07;94;18;26262;15850;7.5;4.6
16;2021-03-08;437;320;26699;16170;7.7;4.6
16;2021-03-09;773;702;27472;16872;7.9;4.8
16;2021-03-10;606;668;28078;17540;8.1;5.0
16;2021-03-11;1446;531;29524;18071;8.5;5.2
16;2021-03-12;1164;460;30688;18531;8.8;5.3
16;2021-03-13;765;13;31453;18544;9.0;5.3
16;2021-03-14;1;0;31454;18544;9.0;5.3
16;2021-03-15;461;184;31915;18728;9.2;5.4
16;2021-03-16;859;421;32774;19149;9.4;5.5
16;2021-03-17;590;285;33364;19434;9.6;5.6
16;2021-03-18;1031;284;34395;19718;9.9;5.7
16;2021-03-19;1101;248;35496;19966;10.2;5.7
16;2021-03-20;395;4;35891;19970;10.3;5.7
16;2021-03-21;9;0;35900;19970;10.3;5.7
16;2021-03-22;727;100;36627;20070;10.5;5.8
16;2021-03-23;1463;104;38090;20174;10.9;5.8
16;2021-03-24;1120;185;39210;20359;11.3;5.8
16;2021-03-25;2047;91;41257;20450;11.8;5.9
16;2021-03-26;1916;95;43173;20545;12.4;5.9
16;2021-03-27;433;22;43606;20567;12.5;5.9
16;2021-03-28;0;0;43606;20567;12.5;5.9
16;2021-03-29;925;61;44531;20628;12.8;5.9
16;2021-03-30;1883;178;46414;20806;13.3;6.0
16;2021-03-31;1514;134;47928;20940;13.8;6.0
16;2021-04-01;2007;401;49935;21341;14.3;6.1
16;2021-04-02;1442;380;51377;21721;14.8;6.2
16;2021-04-03;288;5;51665;21726;14.8;6.2
16;2021-04-04;1;0;51666;21726;14.8;6.2
16;2021-04-05;2;0;51668;21726;14.8;6.2
16;2021-04-06;2012;544;53680;22270;15.4;6.4
16;2021-04-07;1952;402;55632;22672;16.0;6.5
16;2021-04-08;2823;589;58455;23261;16.8;6.7
16;2021-04-09;2694;554;61149;23815;17.6;6.8
16;2021-04-10;1290;37;62439;23852;17.9;6.9
16;2021-04-11;2;0;62441;23852;17.9;6.9
16;2021-04-12;1431;315;63872;24167;18.3;6.9
16;2021-04-13;2124;839;65996;25006;19.0;7.2
16;2021-04-14;1952;632;67948;25638;19.5;7.4
16;2021-04-15;2102;985;70050;26623;20.1;7.6
16;2021-04-16;2038;786;72088;27409;20.7;7.9
16;2021-04-17;1506;85;73594;27494;21.1;7.9
16;2021-04-18;197;3;73791;27497;21.2;7.9
16;2021-04-19;1440;523;75231;28020;21.6;8.0
16;2021-04-20;2054;1231;77285;29251;22.2;8.4
16;2021-04-21;1777;741;79062;29992;22.7;8.6
16;2021-04-22;2293;1003;81355;30995;23.4;8.9
16;2021-04-23;2362;1171;83717;32166;24.0;9.2
16;2021-04-24;829;37;84546;32203;24.3;9.2
16;2021-04-25;117;9;84663;32212;24.3;9.3
16;2021-04-26;1401;805;86064;33017;24.7;9.5
16;2021-04-27;2057;1417;88121;34434;25.3;9.9
16;2021-04-28;1590;1127;89711;35561;25.8;10.2
16;2021-04-29;2246;1497;91957;37058;26.4;10.6
16;2021-04-30;2853;1342;94810;38400;27.2;11.0
16;2021-05-01;353;60;95163;38460;27.3;11.0
16;2021-05-02;155;13;95318;38473;27.4;11.0
16;2021-05-03;2610;537;97928;39010;28.1;11.2
16;2021-05-04;2061;2046;99989;41056;28.7;11.8
16;2021-05-05;1689;1832;101678;42888;29.2;12.3
16;2021-05-06;1887;2241;103565;45129;29.7;13.0
16;2021-05-07;3070;2124;106635;47253;30.6;13.6
16;2021-05-08;1196;468;107831;47721;31.0;13.7
16;2021-05-09;530;26;108361;47747;31.1;13.7
16;2021-05-10;1931;1626;110292;49373;31.7;14.2
16;2021-05-11;2354;1960;112646;51333;32.4;14.7
16;2021-05-12;1733;1798;114379;53131;32.9;15.3
16;2021-05-13;1461;355;115840;53486;33.3;15.4
16;2021-05-14;1989;1560;117829;55046;33.8;15.8
16;2021-05-15;596;896;118425;55942;34.0;16.1
16;2021-05-16;132;6;118557;55948;34.1;16.1
16;2021-05-17;1608;1286;120165;57234;34.5;16.4
16;2021-05-18;2759;1421;122924;58655;35.3;16.8
16;2021-05-19;2005;1238;124929;59893;35.9;17.2
16;2021-05-20;2836;1387;127765;61280;36.7;17.6
16;2021-05-21;2944;1397;130709;62677;37.5;18.0
16;2021-05-22;412;711;131121;63388;37.7;18.2
16;2021-05-23;210;11;131331;63399;37.7;18.2
16;2021-05-24;1261;235;132592;63634;38.1;18.3
16;2021-05-25;2762;1459;135354;65093;38.9;18.7
16;2021-05-26;1834;1186;137188;66279;39.4;19.0
16;2021-05-27;2418;1582;139606;67861;40.1;19.5
16;2021-05-28;2897;1569;142503;69430;40.9;19.9
16;2021-05-29;814;882;143317;70312;41.2;20.2
16;2021-05-30;1;4;143318;70316;41.2;20.2
16;2021-05-31;1984;1104;145302;71420;41.7;20.5
16;2021-06-01;2345;1715;147647;73135;42.4;21.0
16;2021-06-02;1822;1504;149469;74639;42.9;21.4
16;2021-06-03;2622;1762;152091;76401;43.7;21.9
16;2021-06-04;2833;2035;154924;78436;44.5;22.5
16;2021-06-05;1006;549;155930;78985;44.8;22.7
16;2021-06-06;160;28;156090;79013;44.8;22.7
16;2021-06-07;1991;1283;158081;80296;45.4;23.1
16;2021-06-08;2397;1998;160478;82294;46.1;23.6
16;2021-06-09;2529;1612;163007;83906;46.8;24.1
16;2021-06-10;2572;2002;165579;85908;47.6;24.7
16;2021-06-11;2152;2735;167731;88643;48.2;25.5
16;2021-06-12;1614;517;169345;89160;48.6;25.6
16;2021-06-13;261;72;169606;89232;48.7;25.6
16;2021-06-14;796;2797;170402;92029;48.9;26.4
16;2021-06-15;1865;2623;172267;94652;49.5;27.2
16;2021-06-16;1577;2084;173844;96736;49.9;27.8
16;2021-06-17;2042;2509;175886;99245;50.5;28.5
16;2021-06-18;2063;3220;177949;102465;51.1;29.4
16;2021-06-19;1351;1313;179300;103778;51.5;29.8
16;2021-06-20;243;28;179543;103806;51.6;29.8
16;2021-06-21;1411;2174;180954;105980;52.0;30.4
16;2021-06-22;1673;2942;182627;108922;52.5;31.3
16;2021-06-23;1565;2020;184192;110942;52.9;31.9
16;2021-06-24;1926;2168;186118;113110;53.5;32.5
16;2021-06-25;1985;2727;188103;115837;54.0;33.3
16;2021-06-26;1061;724;189164;116561;54.3;33.5
16;2021-06-27;132;25;189296;116586;54.4;33.5
16;2021-06-28;1163;1964;190459;118550;54.7;34.0
16;2021-06-29;1280;3360;191739;121910;55.1;35.0
16;2021-06-30;1339;2711;193078;124621;55.5;35.8
16;2021-07-01;1858;3158;194936;127779;56.0;36.7
16;2021-07-02;1425;3582;196361;131361;56.4;37.7
16;2021-07-03;691;1114;197052;132475;56.6;38.0
16;2021-07-04;3;15;197055;132490;56.6;38.1
16;2021-07-05;813;2298;197868;134788;56.8;38.7
16;2021-07-06;1274;3366;199142;138154;57.2;39.7
16;2021-07-07;859;2275;200001;140429;57.4;40.3
16;2021-07-08;1230;2738;201231;143167;57.8;41.1
16;2021-07-09;1113;3712;202344;146879;58.1;42.2
16;2021-07-10;338;1337;202682;148216;58.2;42.6
16;2021-07-11;2;13;202684;148229;58.2;42.6
16;2021-07-12;634;2443;203318;150672;58.4;43.3
16;2021-07-13;1382;3530;204700;154202;58.8;44.3
16;2021-07-14;797;876;205497;155078;59.0;44.5
16;2021-07-15;1243;3410;206740;158488;59.4;45.5
16;2021-07-16;1494;3386;208234;161874;59.8;46.5
16;2021-07-17;533;1190;208767;163064;60.0;46.8
16;2021-07-18;13;6;208780;163070;60.0;46.8
16;2021-07-19;615;2859;209395;165929;60.1;47.7
16;2021-07-20;1120;3294;210515;169223;60.5;48.6
16;2021-07-21;1116;2620;211631;171843;60.8;49.4
16;2021-07-22;1862;2867;213493;174710;61.3;50.2
16;2021-07-23;1541;3546;215034;178256;61.8;51.2
16;2021-07-24;636;1213;215670;179469;61.9;51.5
16;2021-07-25;11;11;215681;179480;61.9;51.5
16;2021-07-26;1524;2128;217205;181608;62.4;52.2
16;2021-07-27;1847;2821;219052;184429;62.9;53.0
16;2021-07-28;1858;2319;220910;186748;63.4;53.6
16;2021-07-29;2234;2474;223144;189222;64.1;54.3
16;2021-07-30;2343;3113;225487;192335;64.8;55.2
16;2021-07-31;955;1354;226442;193689;65.0;55.6
16;2021-08-01;184;22;226626;193711;65.1;55.6
16;2021-08-02;2113;1828;228739;195539;65.7;56.2
16;2021-08-03;2110;2340;230849;197879;66.3;56.8
16;2021-08-04;2110;1880;232959;199759;66.9;57.4
16;2021-08-05;2754;1653;235713;201412;67.7;57.8
16;2021-08-06;2504;2361;238217;203773;68.4;58.5
16;2021-08-07;829;558;239046;204331;68.7;58.7
16;2021-08-08;32;37;239078;204368;68.7;58.7
16;2021-08-09;2176;1062;241254;205430;69.3;59.0
16;2021-08-10;2882;1583;244136;207013;70.1;59.5
16;2021-08-11;2581;1228;246717;208241;70.9;59.8
17;2020-12-27;0;0;0;0;0.0;0.0
17;2020-12-28;0;0;0;0;0.0;0.0
17;2020-12-29;0;0;0;0;0.0;0.0
17;2020-12-30;1;0;1;0;0.0;0.0
17;2020-12-31;0;0;1;0;0.0;0.0
17;2021-01-01;1;0;2;0;0.0;0.0
17;2021-01-02;1;0;3;0;0.0;0.0
17;2021-01-03;0;0;3;0;0.0;0.0
17;2021-01-04;56;0;59;0;0.0;0.0
17;2021-01-05;98;0;157;0;0.0;0.0
17;2021-01-06;132;0;289;0;0.0;0.0
17;2021-01-07;485;1;774;1;0.1;0.0
17;2021-01-08;418;0;1192;1;0.2;0.0
17;2021-01-09;0;0;1192;1;0.2;0.0
17;2021-01-10;1;0;1193;1;0.2;0.0
17;2021-01-11;380;1;1573;2;0.2;0.0
17;2021-01-12;746;1;2319;3;0.4;0.0
17;2021-01-13;653;2;2972;5;0.5;0.0
17;2021-01-14;616;9;3588;14;0.6;0.0
17;2021-01-15;680;1;4268;15;0.7;0.0
17;2021-01-16;128;2;4396;17;0.7;0.0
17;2021-01-17;19;0;4415;17;0.7;0.0
17;2021-01-18;884;2;5299;19;0.8;0.0
17;2021-01-19;1910;3;7209;22;1.1;0.0
17;2021-01-20;2393;2;9602;24;1.5;0.0
17;2021-01-21;2497;2;12099;26;1.9;0.0
17;2021-01-22;1882;5;13981;31;2.2;0.0
17;2021-01-23;738;1;14719;32;2.3;0.0
17;2021-01-24;48;0;14767;32;2.3;0.0
17;2021-01-25;1383;5;16150;37;2.5;0.0
17;2021-01-26;2110;3;18260;40;2.8;0.0
17;2021-01-27;1674;33;19934;73;3.1;0.0
17;2021-01-28;2474;230;22408;303;3.5;0.0
17;2021-01-29;1738;220;24146;523;3.7;0.1
17;2021-01-30;528;5;24674;528;3.8;0.1
17;2021-01-31;37;2;24711;530;3.8;0.1
17;2021-02-01;740;211;25451;741;3.9;0.1
17;2021-02-02;1202;348;26653;1089;4.1;0.2
17;2021-02-03;1285;410;27938;1499;4.3;0.2
17;2021-02-04;1160;502;29098;2001;4.5;0.3
17;2021-02-05;603;757;29701;2758;4.6;0.4
17;2021-02-06;21;42;29722;2800;4.6;0.4
17;2021-02-07;31;13;29753;2813;4.6;0.4
17;2021-02-08;706;404;30459;3217;4.7;0.5
17;2021-02-09;1100;1318;31559;4535;4.9;0.7
17;2021-02-10;864;1285;32423;5820;5.0;0.9
17;2021-02-11;1239;1401;33662;7221;5.2;1.1
17;2021-02-12;772;968;34434;8189;5.3;1.3
17;2021-02-13;43;104;34477;8293;5.3;1.3
17;2021-02-14;0;10;34477;8303;5.3;1.3
17;2021-02-15;620;1226;35097;9529;5.4;1.5
17;2021-02-16;748;1832;35845;11361;5.5;1.8
17;2021-02-17;795;1359;36640;12720;5.7;2.0
17;2021-02-18;967;2185;37607;14905;5.8;2.3
17;2021-02-19;1067;1544;38674;16449;6.0;2.5
17;2021-02-20;104;309;38778;16758;6.0;2.6
17;2021-02-21;9;2;38787;16760;6.0;2.6
17;2021-02-22;646;1631;39433;18391;6.1;2.8
17;2021-02-23;781;1535;40214;19926;6.2;3.1
17;2021-02-24;1077;1591;41291;21517;6.4;3.3
17;2021-02-25;1085;1709;42376;23226;6.5;3.6
17;2021-02-26;1308;1294;43684;24520;6.8;3.8
17;2021-02-27;527;247;44211;24767;6.8;3.8
17;2021-02-28;19;9;44230;24776;6.8;3.8
17;2021-03-01;634;1043;44864;25819;6.9;4.0
17;2021-03-02;1093;871;45957;26690;7.1;4.1
17;2021-03-03;1616;799;47573;27489;7.4;4.2
17;2021-03-04;2425;1137;49998;28626;7.7;4.4
17;2021-03-05;2660;680;52658;29306;8.1;4.5
17;2021-03-06;1029;27;53687;29333;8.3;4.5
17;2021-03-07;183;47;53870;29380;8.3;4.5
17;2021-03-08;1014;834;54884;30214;8.5;4.7
17;2021-03-09;1746;615;56630;30829;8.8;4.8
17;2021-03-10;2047;642;58677;31471;9.1;4.9
17;2021-03-11;3228;999;61905;32470;9.6;5.0
17;2021-03-12;3354;626;65259;33096;10.1;5.1
17;2021-03-13;1200;12;66459;33108;10.3;5.1
17;2021-03-14;32;0;66491;33108;10.3;5.1
17;2021-03-15;1240;994;67731;34102;10.5;5.3
17;2021-03-16;892;537;68623;34639;10.6;5.4
17;2021-03-17;1458;706;70081;35345;10.8;5.5
17;2021-03-18;1683;764;71764;36109;11.1;5.6
17;2021-03-19;2095;546;73859;36655;11.4;5.7
17;2021-03-20;1083;56;74942;36711;11.6;5.7
17;2021-03-21;36;42;74978;36753;11.6;5.7
17;2021-03-22;1576;689;76554;37442;11.8;5.8
17;2021-03-23;2492;580;79046;38022;12.2;5.9
17;2021-03-24;3545;851;82591;38873;12.8;6.0
17;2021-03-25;4710;642;87301;39515;13.5;6.1
17;2021-03-26;4943;469;92244;39984;14.3;6.2
17;2021-03-27;1737;69;93981;40053;14.5;6.2
17;2021-03-28;366;45;94347;40098;14.6;6.2
17;2021-03-29;2360;565;96707;40663;14.9;6.3
17;2021-03-30;2654;985;99361;41648;15.4;6.4
17;2021-03-31;3841;905;103202;42553;15.9;6.6
17;2021-04-01;4013;1160;107215;43713;16.6;6.8
17;2021-04-02;3704;828;110919;44541;17.1;6.9
17;2021-04-03;1151;187;112070;44728;17.3;6.9
17;2021-04-04;501;6;112571;44734;17.4;6.9
17;2021-04-05;444;128;113015;44862;17.5;6.9
17;2021-04-06;3480;1027;116495;45889;18.0;7.1
17;2021-04-07;4130;1152;120625;47041;18.6;7.3
17;2021-04-08;4568;1469;125193;48510;19.3;7.5
17;2021-04-09;6493;839;131686;49349;20.4;7.6
17;2021-04-10;2582;67;134268;49416;20.7;7.6
17;2021-04-11;787;16;135055;49432;20.9;7.6
17;2021-04-12;2887;1616;137942;51048;21.3;7.9
17;2021-04-13;4149;1286;142091;52334;22.0;8.1
17;2021-04-14;4418;1202;146509;53536;22.6;8.3
17;2021-04-15;4597;1137;151106;54673;23.4;8.4
17;2021-04-16;4294;1153;155400;55826;24.0;8.6
17;2021-04-17;1682;382;157082;56208;24.3;8.7
17;2021-04-18;472;81;157554;56289;24.3;8.7
17;2021-04-19;2342;2062;159896;58351;24.7;9.0
17;2021-04-20;2925;2552;162821;60903;25.2;9.4
17;2021-04-21;2973;1939;165794;62842;25.6;9.7
17;2021-04-22;3117;2359;168911;65201;26.1;10.1
17;2021-04-23;2446;2729;171357;67930;26.5;10.5
17;2021-04-24;1667;923;173024;68853;26.7;10.6
17;2021-04-25;665;244;173689;69097;26.8;10.7
17;2021-04-26;2577;2625;176266;71722;27.2;11.1
17;2021-04-27;3154;2674;179420;74396;27.7;11.5
17;2021-04-28;3100;2943;182520;77339;28.2;12.0
17;2021-04-29;4143;2862;186663;80201;28.8;12.4
17;2021-04-30;4354;2637;191017;82838;29.5;12.8
17;2021-05-01;848;542;191865;83380;29.7;12.9
17;2021-05-02;551;840;192416;84220;29.7;13.0
17;2021-05-03;2544;2956;194960;87176;30.1;13.5
17;2021-05-04;2319;3729;197279;90905;30.5;14.0
17;2021-05-05;2909;3702;200188;94607;30.9;14.6
17;2021-05-06;4123;3405;204311;98012;31.6;15.1
17;2021-05-07;4355;3632;208666;101644;32.2;15.7
17;2021-05-08;1304;754;209970;102398;32.4;15.8
17;2021-05-09;1309;705;211279;103103;32.7;15.9
17;2021-05-10;2727;3691;214006;106794;33.1;16.5
17;2021-05-11;3501;3996;217507;110790;33.6;17.1
17;2021-05-12;3532;3809;221039;114599;34.2;17.7
17;2021-05-13;2547;692;223586;115291;34.6;17.8
17;2021-05-14;3034;2395;226620;117686;35.0;18.2
17;2021-05-15;2127;663;228747;118349;35.4;18.3
17;2021-05-16;1736;316;230483;118665;35.6;18.3
17;2021-05-17;4288;2000;234771;120665;36.3;18.6
17;2021-05-18;4746;1635;239517;122300;37.0;18.9
17;2021-05-19;5063;1272;244580;123572;37.8;19.1
17;2021-05-20;4946;1947;249526;125519;38.6;19.4
17;2021-05-21;5000;1959;254526;127478;39.3;19.7
17;2021-05-22;2394;532;256920;128010;39.7;19.8
17;2021-05-23;1899;126;258819;128136;40.0;19.8
17;2021-05-24;1426;207;260245;128343;40.2;19.8
17;2021-05-25;4030;1772;264275;130115;40.8;20.1
17;2021-05-26;4366;2040;268641;132155;41.5;20.4
17;2021-05-27;5216;2133;273857;134288;42.3;20.8
17;2021-05-28;4467;3436;278324;137724;43.0;21.3
17;2021-05-29;1560;1705;279884;139429;43.3;21.5
17;2021-05-30;857;408;280741;139837;43.4;21.6
17;2021-05-31;2942;3013;283683;142850;43.8;22.1
17;2021-06-01;4296;2926;287979;145776;44.5;22.5
17;2021-06-02;4199;3175;292178;148951;45.2;23.0
17;2021-06-03;5057;3167;297235;152118;45.9;23.5
17;2021-06-04;4515;3854;301750;155972;46.6;24.1
17;2021-06-05;1990;1603;303740;157575;46.9;24.4
17;2021-06-06;850;733;304590;158308;47.1;24.5
17;2021-06-07;3139;4346;307729;162654;47.6;25.1
17;2021-06-08;3791;4495;311520;167149;48.1;25.8
17;2021-06-09;4346;3053;315866;170202;48.8;26.3
17;2021-06-10;4927;2792;320793;172994;49.6;26.7
17;2021-06-11;4787;3686;325580;176680;50.3;27.3
17;2021-06-12;1813;1399;327393;178079;50.6;27.5
17;2021-06-13;609;414;328002;178493;50.7;27.6
17;2021-06-14;2833;4538;330835;183031;51.1;28.3
17;2021-06-15;3623;4378;334458;187409;51.7;29.0
17;2021-06-16;4131;3688;338589;191097;52.3;29.5
17;2021-06-17;4367;4121;342956;195218;53.0;30.2
17;2021-06-18;4050;4435;347006;199653;53.6;30.9
17;2021-06-19;1451;1989;348457;201642;53.9;31.2
17;2021-06-20;595;1035;349052;202677;53.9;31.3
17;2021-06-21;2561;4371;351613;207048;54.3;32.0
17;2021-06-22;3528;4448;355141;211496;54.9;32.7
17;2021-06-23;3792;3986;358933;215482;55.5;33.3
17;2021-06-24;3596;3955;362529;219437;56.0;33.9
17;2021-06-25;2715;4983;365244;224420;56.4;34.7
17;2021-06-26;906;2335;366150;226755;56.6;35.0
17;2021-06-27;395;1903;366545;228658;56.6;35.3
17;2021-06-28;1523;5415;368068;234073;56.9;36.2
17;2021-06-29;1682;5888;369750;239961;57.1;37.1
17;2021-06-30;2031;5550;371781;245511;57.5;37.9
17;2021-07-01;2262;5556;374043;251067;57.8;38.8
17;2021-07-02;2484;5986;376527;257053;58.2;39.7
17;2021-07-03;626;2546;377153;259599;58.3;40.1
17;2021-07-04;154;1249;377307;260848;58.3;40.3
17;2021-07-05;1884;5178;379191;266026;58.6;41.1
17;2021-07-06;2126;5597;381317;271623;58.9;42.0
17;2021-07-07;2400;5495;383717;277118;59.3;42.8
17;2021-07-08;2912;5441;386629;282559;59.7;43.7
17;2021-07-09;2519;6079;389148;288638;60.1;44.6
17;2021-07-10;827;2474;389975;291112;60.3;45.0
17;2021-07-11;379;908;390354;292020;60.3;45.1
17;2021-07-12;2004;5628;392358;297648;60.6;46.0
17;2021-07-13;2360;6717;394718;304365;61.0;47.0
17;2021-07-14;67;71;394785;304436;61.0;47.0
17;2021-07-15;2181;6865;396966;311301;61.3;48.1
17;2021-07-16;2758;6978;399724;318279;61.8;49.2
17;2021-07-17;1004;2277;400728;320556;61.9;49.5
17;2021-07-18;312;1040;401040;321596;62.0;49.7
17;2021-07-19;2627;5918;403667;327514;62.4;50.6
17;2021-07-20;3288;6326;406955;333840;62.9;51.6
17;2021-07-21;3778;6032;410733;339872;63.5;52.5
17;2021-07-22;4209;6279;414942;346151;64.1;53.5
17;2021-07-23;3791;6576;418733;352727;64.7;54.5
17;2021-07-24;2064;1405;420797;354132;65.0;54.7
17;2021-07-25;1035;415;421832;354547;65.2;54.8
17;2021-07-26;3667;5427;425499;359974;65.8;55.6
17;2021-07-27;4682;5441;430181;365415;66.5;56.5
17;2021-07-28;5178;5176;435359;370591;67.3;57.3
17;2021-07-29;5143;5336;440502;375927;68.1;58.1
17;2021-07-30;5460;5567;445962;381494;68.9;59.0
17;2021-07-31;2102;1209;448064;382703;69.2;59.1
17;2021-08-01;1086;356;449150;383059;69.4;59.2
17;2021-08-02;4591;4386;453741;387445;70.1;59.9
17;2021-08-03;5709;4155;459450;391600;71.0;60.5
17;2021-08-04;6169;3365;465619;394965;72.0;61.0
17;2021-08-05;6343;3147;471962;398112;72.9;61.5
17;2021-08-06;5859;3596;477821;401708;73.8;62.1
17;2021-08-07;1966;860;479787;402568;74.1;62.2
17;2021-08-08;970;216;480757;402784;74.3;62.2
17;2021-08-09;3883;3680;484640;406464;74.9;62.8
17;2021-08-10;5039;3482;489679;409946;75.7;63.4
17;2021-08-11;4817;3791;494496;413737;76.4;63.9
18;2020-12-27;0;0;0;0;0.0;0.0
18;2020-12-28;0;0;0;0;0.0;0.0
18;2020-12-29;0;0;0;0;0.0;0.0
18;2020-12-30;1;0;1;0;0.0;0.0
18;2020-12-31;0;0;1;0;0.0;0.0
18;2021-01-01;0;0;1;0;0.0;0.0
18;2021-01-02;0;0;1;0;0.0;0.0
18;2021-01-03;0;0;1;0;0.0;0.0
18;2021-01-04;3;0;4;0;0.0;0.0
18;2021-01-05;0;0;4;0;0.0;0.0
18;2021-01-06;1;0;5;0;0.0;0.0
18;2021-01-07;30;1;35;1;0.0;0.0
18;2021-01-08;65;0;100;1;0.0;0.0
18;2021-01-09;225;0;325;1;0.1;0.0
18;2021-01-10;146;0;471;1;0.2;0.0
18;2021-01-11;170;1;641;2;0.2;0.0
18;2021-01-12;372;0;1013;2;0.3;0.0
18;2021-01-13;270;2;1283;4;0.4;0.0
18;2021-01-14;269;2;1552;6;0.5;0.0
18;2021-01-15;332;2;1884;8;0.6;0.0
18;2021-01-16;288;3;2172;11;0.7;0.0
18;2021-01-17;1;0;2173;11;0.7;0.0
18;2021-01-18;290;0;2463;11;0.8;0.0
18;2021-01-19;1374;5;3837;16;1.3;0.0
18;2021-01-20;1239;1;5076;17;1.7;0.0
18;2021-01-21;963;0;6039;17;2.0;0.0
18;2021-01-22;780;1;6819;18;2.3;0.0
18;2021-01-23;249;2;7068;20;2.4;0.0
18;2021-01-24;0;0;7068;20;2.4;0.0
18;2021-01-25;509;0;7577;20;2.6;0.0
18;2021-01-26;395;1;7972;21;2.7;0.0
18;2021-01-27;390;2;8362;23;2.8;0.0
18;2021-01-28;566;8;8928;31;3.0;0.0
18;2021-01-29;492;72;9420;103;3.2;0.0
18;2021-01-30;432;167;9852;270;3.3;0.1
18;2021-01-31;82;121;9934;391;3.4;0.1
18;2021-02-01;328;142;10262;533;3.5;0.2
18;2021-02-02;506;243;10768;776;3.6;0.3
18;2021-02-03;398;204;11166;980;3.8;0.3
18;2021-02-04;630;226;11796;1206;4.0;0.4
18;2021-02-05;449;194;12245;1400;4.1;0.5
18;2021-02-06;283;103;12528;1503;4.2;0.5
18;2021-02-07;108;1;12636;1504;4.3;0.5
18;2021-02-08;268;230;12904;1734;4.4;0.6
18;2021-02-09;583;781;13487;2515;4.6;0.8
18;2021-02-10;740;698;14227;3213;4.8;1.1
18;2021-02-11;655;450;14882;3663;5.0;1.2
18;2021-02-12;501;326;15383;3989;5.2;1.3
18;2021-02-13;286;124;15669;4113;5.3;1.4
18;2021-02-14;364;98;16033;4211;5.4;1.4
18;2021-02-15;379;395;16412;4606;5.5;1.6
18;2021-02-16;399;401;16811;5007;5.7;1.7
18;2021-02-17;403;458;17214;5465;5.8;1.8
18;2021-02-18;344;541;17558;6006;5.9;2.0
18;2021-02-19;471;303;18029;6309;6.1;2.1
18;2021-02-20;719;239;18748;6548;6.3;2.2
18;2021-02-21;316;2;19064;6550;6.4;2.2
18;2021-02-22;217;373;19281;6923;6.5;2.3
18;2021-02-23;204;351;19485;7274;6.6;2.5
18;2021-02-24;240;271;19725;7545;6.7;2.5
18;2021-02-25;293;521;20018;8066;6.8;2.7
18;2021-02-26;582;235;20600;8301;6.9;2.8
18;2021-02-27;510;389;21110;8690;7.1;2.9
18;2021-02-28;7;68;21117;8758;7.1;3.0
18;2021-03-01;235;415;21352;9173;7.2;3.1
18;2021-03-02;284;520;21636;9693;7.3;3.3
18;2021-03-03;346;586;21982;10279;7.4;3.5
18;2021-03-04;475;573;22457;10852;7.6;3.7
18;2021-03-05;524;374;22981;11226;7.8;3.8
18;2021-03-06;1070;342;24051;11568;8.1;3.9
18;2021-03-07;7;140;24058;11708;8.1;4.0
18;2021-03-08;335;362;24393;12070;8.2;4.1
18;2021-03-09;409;368;24802;12438;8.4;4.2
18;2021-03-10;423;454;25225;12892;8.5;4.3
18;2021-03-11;518;421;25743;13313;8.7;4.5
18;2021-03-12;704;303;26447;13616;8.9;4.6
18;2021-03-13;1163;253;27610;13869;9.3;4.7
18;2021-03-14;301;214;27911;14083;9.4;4.8
18;2021-03-15;491;379;28402;14462;9.6;4.9
18;2021-03-16;392;315;28794;14777;9.7;5.0
18;2021-03-17;383;414;29177;15191;9.8;5.1
18;2021-03-18;512;230;29689;15421;10.0;5.2
18;2021-03-19;756;226;30445;15647;10.3;5.3
18;2021-03-20;987;619;31432;16266;10.6;5.5
18;2021-03-21;309;307;31741;16573;10.7;5.6
18;2021-03-22;601;297;32342;16870;10.9;5.7
18;2021-03-23;706;292;33048;17162;11.1;5.8
18;2021-03-24;1052;299;34100;17461;11.5;5.9
18;2021-03-25;1049;297;35149;17758;11.9;6.0
18;2021-03-26;1210;347;36359;18105;12.3;6.1
18;2021-03-27;1489;320;37848;18425;12.8;6.2
18;2021-03-28;215;0;38063;18425;12.8;6.2
18;2021-03-29;1101;196;39164;18621;13.2;6.3
18;2021-03-30;1084;302;40248;18923;13.6;6.4
18;2021-03-31;1305;253;41553;19176;14.0;6.5
18;2021-04-01;1376;344;42929;19520;14.5;6.6
18;2021-04-02;1229;310;44158;19830;14.9;6.7
18;2021-04-03;581;181;44739;20011;15.1;6.8
18;2021-04-04;71;5;44810;20016;15.1;6.8
18;2021-04-05;199;0;45009;20016;15.2;6.8
18;2021-04-06;1026;348;46035;20364;15.5;6.9
18;2021-04-07;1322;363;47357;20727;16.0;7.0
18;2021-04-08;1692;337;49049;21064;16.5;7.1
18;2021-04-09;1832;281;50881;21345;17.2;7.2
18;2021-04-10;2633;649;53514;21994;18.1;7.4
18;2021-04-11;1985;313;55499;22307;18.7;7.5
18;2021-04-12;1402;394;56901;22701;19.2;7.7
18;2021-04-13;1784;468;58685;23169;19.8;7.8
18;2021-04-14;1378;517;60063;23686;20.3;8.0
18;2021-04-15;1532;529;61595;24215;20.8;8.2
18;2021-04-16;1614;590;63209;24805;21.3;8.4
18;2021-04-17;1599;520;64808;25325;21.9;8.5
18;2021-04-18;377;232;65185;25557;22.0;8.6
18;2021-04-19;1316;592;66501;26149;22.4;8.8
18;2021-04-20;1446;708;67947;26857;22.9;9.1
18;2021-04-21;1271;907;69218;27764;23.4;9.4
18;2021-04-22;1401;701;70619;28465;23.8;9.6
18;2021-04-23;1386;737;72005;29202;24.3;9.9
18;2021-04-24;1355;1268;73360;30470;24.8;10.3
18;2021-04-25;288;216;73648;30686;24.8;10.4
18;2021-04-26;1205;948;74853;31634;25.3;10.7
18;2021-04-27;1545;760;76398;32394;25.8;10.9
18;2021-04-28;1357;873;77755;33267;26.2;11.2
18;2021-04-29;1847;734;79602;34001;26.9;11.5
18;2021-04-30;1570;995;81172;34996;27.4;11.8
18;2021-05-01;787;210;81959;35206;27.7;11.9
18;2021-05-02;806;58;82765;35264;27.9;11.9
18;2021-05-03;1626;1002;84391;36266;28.5;12.2
18;2021-05-04;1730;1280;86121;37546;29.1;12.7
18;2021-05-05;1735;1213;87856;38759;29.6;13.1
18;2021-05-06;2163;1359;90019;40118;30.4;13.5
18;2021-05-07;1233;1400;91252;41518;30.8;14.0
18;2021-05-08;994;1463;92246;42981;31.1;14.5
18;2021-05-09;501;2260;92747;45241;31.3;15.3
18;2021-05-10;1157;1508;93904;46749;31.7;15.8
18;2021-05-11;1693;1752;95597;48501;32.3;16.4
18;2021-05-12;1808;1492;97405;49993;32.9;16.9
18;2021-05-13;1061;370;98466;50363;33.2;17.0
18;2021-05-14;1347;945;99813;51308;33.7;17.3
18;2021-05-15;1810;1159;101623;52467;34.3;17.7
18;2021-05-16;538;582;102161;53049;34.5;17.9
18;2021-05-17;1245;1091;103406;54140;34.9;18.3
18;2021-05-18;2147;932;105553;55072;35.6;18.6
18;2021-05-19;2163;916;107716;55988;36.3;18.9
18;2021-05-20;2277;983;109993;56971;37.1;19.2
18;2021-05-21;1498;763;111491;57734;37.6;19.5
18;2021-05-22;1724;1073;113215;58807;38.2;19.8
18;2021-05-23;485;336;113700;59143;38.4;20.0
18;2021-05-24;462;292;114162;59435;38.5;20.1
18;2021-05-25;1844;1065;116006;60500;39.1;20.4
18;2021-05-26;2151;840;118157;61340;39.9;20.7
18;2021-05-27;2208;1232;120365;62572;40.6;21.1
18;2021-05-28;1713;1305;122078;63877;41.2;21.6
18;2021-05-29;2620;1662;124698;65539;42.1;22.1
18;2021-05-30;1483;505;126181;66044;42.6;22.3
18;2021-05-31;1786;694;127967;66738;43.2;22.5
18;2021-06-01;2040;948;130007;67686;43.9;22.8
18;2021-06-02;2009;1022;132016;68708;44.5;23.2
18;2021-06-03;2284;1197;134300;69905;45.3;23.6
18;2021-06-04;1909;1124;136209;71029;46.0;24.0
18;2021-06-05;2803;1448;139012;72477;46.9;24.5
18;2021-06-06;365;381;139377;72858;47.0;24.6
18;2021-06-07;1296;1233;140673;74091;47.5;25.0
18;2021-06-08;1491;1394;142164;75485;48.0;25.5
18;2021-06-09;1328;1067;143492;76552;48.4;25.8
18;2021-06-10;1632;1407;145124;77959;49.0;26.3
18;2021-06-11;1496;1406;146620;79365;49.5;26.8
18;2021-06-12;1244;2511;147864;81876;49.9;27.6
18;2021-06-13;126;262;147990;82138;49.9;27.7
18;2021-06-14;657;1827;148647;83965;50.2;28.3
18;2021-06-15;1093;1821;149740;85786;50.5;28.9
18;2021-06-16;1256;1440;150996;87226;50.9;29.4
18;2021-06-17;1205;1670;152201;88896;51.3;30.0
18;2021-06-18;1292;1666;153493;90562;51.8;30.6
18;2021-06-19;1564;1252;155057;91814;52.3;31.0
18;2021-06-20;247;159;155304;91973;52.4;31.0
18;2021-06-21;665;1598;155969;93571;52.6;31.6
18;2021-06-22;1069;1638;157038;95209;53.0;32.1
18;2021-06-23;944;1641;157982;96850;53.3;32.7
18;2021-06-24;1032;1060;159014;97910;53.6;33.0
18;2021-06-25;893;1744;159907;99654;53.9;33.6
18;2021-06-26;1098;1471;161005;101125;54.3;34.1
18;2021-06-27;30;372;161035;101497;54.3;34.2
18;2021-06-28;421;1924;161456;103421;54.5;34.9
18;2021-06-29;595;2380;162051;105801;54.7;35.7
18;2021-06-30;601;2545;162652;108346;54.9;36.6
18;2021-07-01;961;2156;163613;110502;55.2;37.3
18;2021-07-02;615;1685;164228;112187;55.4;37.8
18;2021-07-03;755;2576;164983;114763;55.7;38.7
18;2021-07-04;164;1034;165147;115797;55.7;39.1
18;2021-07-05;764;1878;165911;117675;56.0;39.7
18;2021-07-06;560;2305;166471;119980;56.2;40.5
18;2021-07-07;767;2116;167238;122096;56.4;41.2
18;2021-07-08;1031;1984;168269;124080;56.8;41.9
18;2021-07-09;703;2308;168972;126388;57.0;42.6
18;2021-07-10;780;3177;169752;129565;57.3;43.7
18;2021-07-11;80;665;169832;130230;57.3;43.9
18;2021-07-12;222;2251;170054;132481;57.4;44.7
18;2021-07-13;619;2909;170673;135390;57.6;45.7
18;2021-07-14;194;938;170867;136328;57.6;46.0
18;2021-07-15;1394;2816;172261;139144;58.1;46.9
18;2021-07-16;1175;2127;173436;141271;58.5;47.7
18;2021-07-17;1123;2477;174559;143748;58.9;48.5
18;2021-07-18;228;331;174787;144079;59.0;48.6
18;2021-07-19;1053;1659;175840;145738;59.3;49.2
18;2021-07-20;1624;2270;177464;148008;59.9;49.9
18;2021-07-21;1891;2052;179355;150060;60.5;50.6
18;2021-07-22;2205;1890;181560;151950;61.3;51.3
18;2021-07-23;1392;1613;182952;153563;61.7;51.8
18;2021-07-24;881;1535;183833;155098;62.0;52.3
18;2021-07-25;189;399;184022;155497;62.1;52.5
18;2021-07-26;1395;1506;185417;157003;62.6;53.0
18;2021-07-27;1809;1540;187226;158543;63.2;53.5
18;2021-07-28;2189;1798;189415;160341;63.9;54.1
18;2021-07-29;2136;1817;191551;162158;64.6;54.7
18;2021-07-30;1576;1342;193127;163500;65.2;55.2
18;2021-07-31;1233;1281;194360;164781;65.6;55.6
18;2021-08-01;86;31;194446;164812;65.6;55.6
18;2021-08-02;1404;763;195850;165575;66.1;55.9
18;2021-08-03;1712;1619;197562;167194;66.7;56.4
18;2021-08-04;2411;1097;199973;168291;67.5;56.8
18;2021-08-05;1520;1242;201493;169533;68.0;57.2
18;2021-08-06;1570;1137;203063;170670;68.5;57.6
18;2021-08-07;603;758;203666;171428;68.7;57.8
18;2021-08-08;48;60;203714;171488;68.7;57.9
18;2021-08-09;1099;869;204813;172357;69.1;58.1
18;2021-08-10;1203;1506;206016;173863;69.5;58.7
18;2021-08-11;1598;1490;207614;175353;70.0;59.2
19;2020-12-27;0;0;0;0;0.0;0.0
19;2020-12-28;0;0;0;0;0.0;0.0
19;2020-12-29;1;0;1;0;0.0;0.0
19;2020-12-30;0;0;1;0;0.0;0.0
19;2020-12-31;0;0;1;0;0.0;0.0
19;2021-01-01;0;0;1;0;0.0;0.0
19;2021-01-02;0;0;1;0;0.0;0.0
19;2021-01-03;0;0;1;0;0.0;0.0
19;2021-01-04;0;0;1;0;0.0;0.0
19;2021-01-05;0;0;1;0;0.0;0.0
19;2021-01-06;0;0;1;0;0.0;0.0
19;2021-01-07;343;1;344;1;0.1;0.0
19;2021-01-08;247;1;591;2;0.2;0.0
19;2021-01-09;1;0;592;2;0.2;0.0
19;2021-01-10;1;0;593;2;0.2;0.0
19;2021-01-11;38;0;631;2;0.3;0.0
19;2021-01-12;413;1;1044;3;0.4;0.0
19;2021-01-13;423;2;1467;5;0.6;0.0
19;2021-01-14;473;1;1940;6;0.8;0.0
19;2021-01-15;224;0;2164;6;0.9;0.0
19;2021-01-16;0;0;2164;6;0.9;0.0
19;2021-01-17;1;0;2165;6;0.9;0.0
19;2021-01-18;251;1;2416;7;1.0;0.0
19;2021-01-19;518;0;2934;7;1.2;0.0
19;2021-01-20;921;2;3855;9;1.6;0.0
19;2021-01-21;505;3;4360;12;1.8;0.0
19;2021-01-22;1317;4;5677;16;2.4;0.0
19;2021-01-23;281;0;5958;16;2.5;0.0
19;2021-01-24;36;0;5994;16;2.5;0.0
19;2021-01-25;233;0;6227;16;2.6;0.0
19;2021-01-26;607;4;6834;20;2.8;0.0
19;2021-01-27;334;3;7168;23;3.0;0.0
19;2021-01-28;297;249;7465;272;3.1;0.1
19;2021-01-29;347;60;7812;332;3.3;0.1
19;2021-01-30;130;24;7942;356;3.3;0.1
19;2021-01-31;41;0;7983;356;3.3;0.1
19;2021-02-01;158;95;8141;451;3.4;0.2
19;2021-02-02;303;429;8444;880;3.5;0.4
19;2021-02-03;284;244;8728;1124;3.6;0.5
19;2021-02-04;255;376;8983;1500;3.7;0.6
19;2021-02-05;310;76;9293;1576;3.9;0.7
19;2021-02-06;211;1;9504;1577;4.0;0.7
19;2021-02-07;48;1;9552;1578;4.0;0.7
19;2021-02-08;177;150;9729;1728;4.0;0.7
19;2021-02-09;333;275;10062;2003;4.2;0.8
19;2021-02-10;517;296;10579;2299;4.4;1.0
19;2021-02-11;412;324;10991;2623;4.6;1.1
19;2021-02-12;797;1169;11788;3792;4.9;1.6
19;2021-02-13;351;184;12139;3976;5.1;1.7
19;2021-02-14;98;13;12237;3989;5.1;1.7
19;2021-02-15;200;247;12437;4236;5.2;1.8
19;2021-02-16;385;172;12822;4408;5.3;1.8
19;2021-02-17;306;470;13128;4878;5.5;2.0
19;2021-02-18;174;511;13302;5389;5.5;2.2
19;2021-02-19;469;301;13771;5690;5.7;2.4
19;2021-02-20;133;208;13904;5898;5.8;2.5
19;2021-02-21;20;40;13924;5938;5.8;2.5
19;2021-02-22;219;210;14143;6148;5.9;2.6
19;2021-02-23;268;362;14411;6510;6.0;2.7
19;2021-02-24;359;210;14770;6720;6.1;2.8
19;2021-02-25;519;382;15289;7102;6.4;3.0
19;2021-02-26;395;317;15684;7419;6.5;3.1
19;2021-02-27;348;161;16032;7580;6.7;3.2
19;2021-02-28;68;36;16100;7616;6.7;3.2
19;2021-03-01;266;221;16366;7837;6.8;3.3
19;2021-03-02;428;259;16794;8096;7.0;3.4
19;2021-03-03;688;337;17482;8433;7.3;3.5
19;2021-03-04;825;351;18307;8784;7.6;3.7
19;2021-03-05;891;735;19198;9519;8.0;4.0
19;2021-03-06;1072;215;20270;9734;8.4;4.1
19;2021-03-07;463;37;20733;9771;8.6;4.1
19;2021-03-08;638;160;21371;9931;8.9;4.1
19;2021-03-09;835;247;22206;10178;9.2;4.2
19;2021-03-10;1155;319;23361;10497;9.7;4.4
19;2021-03-11;1272;309;24633;10806;10.2;4.5
19;2021-03-12;1135;405;25768;11211;10.7;4.7
19;2021-03-13;1111;167;26879;11378;11.2;4.7
19;2021-03-14;160;84;27039;11462;11.3;4.8
19;2021-03-15;698;137;27737;11599;11.5;4.8
19;2021-03-16;688;303;28425;11902;11.8;5.0
19;2021-03-17;837;280;29262;12182;12.2;5.1
19;2021-03-18;767;283;30029;12465;12.5;5.2
19;2021-03-19;1014;488;31043;12953;12.9;5.4
19;2021-03-20;782;132;31825;13085;13.2;5.4
19;2021-03-21;128;4;31953;13089;13.3;5.4
19;2021-03-22;549;176;32502;13265;13.5;5.5
19;2021-03-23;1044;231;33546;13496;14.0;5.6
19;2021-03-24;1169;372;34715;13868;14.4;5.8
19;2021-03-25;1188;414;35903;14282;14.9;5.9
19;2021-03-26;1323;277;37226;14559;15.5;6.1
19;2021-03-27;855;188;38081;14747;15.8;6.1
19;2021-03-28;63;60;38144;14807;15.9;6.2
19;2021-03-29;610;177;38754;14984;16.1;6.2
19;2021-03-30;971;344;39725;15328;16.5;6.4
19;2021-03-31;1157;501;40882;15829;17.0;6.6
19;2021-04-01;1492;427;42374;16256;17.6;6.8
19;2021-04-02;1006;525;43380;16781;18.0;7.0
19;2021-04-03;597;283;43977;17064;18.3;7.1
19;2021-04-04;130;3;44107;17067;18.4;7.1
19;2021-04-05;40;75;44147;17142;18.4;7.1
19;2021-04-06;736;603;44883;17745;18.7;7.4
19;2021-04-07;978;731;45861;18476;19.1;7.7
19;2021-04-08;1116;1017;46977;19493;19.5;8.1
19;2021-04-09;1639;612;48616;20105;20.2;8.4
19;2021-04-10;945;556;49561;20661;20.6;8.6
19;2021-04-11;558;75;50119;20736;20.9;8.6
19;2021-04-12;681;521;50800;21257;21.1;8.8
19;2021-04-13;915;577;51715;21834;21.5;9.1
19;2021-04-14;1336;839;53051;22673;22.1;9.4
19;2021-04-15;1229;869;54280;23542;22.6;9.8
19;2021-04-16;1503;820;55783;24362;23.2;10.1
19;2021-04-17;761;478;56544;24840;23.5;10.3
19;2021-04-18;660;69;57204;24909;23.8;10.4
19;2021-04-19;730;439;57934;25348;24.1;10.5
19;2021-04-20;978;747;58912;26095;24.5;10.9
19;2021-04-21;1271;697;60183;26792;25.0;11.1
19;2021-04-22;1190;893;61373;27685;25.5;11.5
19;2021-04-23;1128;1021;62501;28706;26.0;11.9
19;2021-04-24;679;674;63180;29380;26.3;12.2
19;2021-04-25;675;69;63855;29449;26.6;12.3
19;2021-04-26;1056;329;64911;29778;27.0;12.4
19;2021-04-27;1028;570;65939;30348;27.4;12.6
19;2021-04-28;1553;553;67492;30901;28.1;12.9
19;2021-04-29;1453;1194;68945;32095;28.7;13.4
19;2021-04-30;1877;1059;70822;33154;29.5;13.8
19;2021-05-01;669;168;71491;33322;29.7;13.9
19;2021-05-02;550;150;72041;33472;30.0;13.9
19;2021-05-03;854;548;72895;34020;30.3;14.2
19;2021-05-04;1025;708;73920;34728;30.8;14.4
19;2021-05-05;1254;739;75174;35467;31.3;14.8
19;2021-05-06;1127;1199;76301;36666;31.7;15.3
19;2021-05-07;1665;1188;77966;37854;32.4;15.8
19;2021-05-08;712;207;78678;38061;32.7;15.8
19;2021-05-09;487;545;79165;38606;32.9;16.1
19;2021-05-10;1164;670;80329;39276;33.4;16.3
19;2021-05-11;1636;858;81965;40134;34.1;16.7
19;2021-05-12;1945;1317;83910;41451;34.9;17.2
19;2021-05-13;571;242;84481;41693;35.2;17.3
19;2021-05-14;1645;987;86126;42680;35.8;17.8
19;2021-05-15;1443;591;87569;43271;36.4;18.0
19;2021-05-16;349;82;87918;43353;36.6;18.0
19;2021-05-17;1498;545;89416;43898;37.2;18.3
19;2021-05-18;1671;486;91087;44384;37.9;18.5
19;2021-05-19;1998;818;93085;45202;38.7;18.8
19;2021-05-20;1720;888;94805;46090;39.4;19.2
19;2021-05-21;1964;814;96769;46904;40.3;19.5
19;2021-05-22;1272;652;98041;47556;40.8;19.8
19;2021-05-23;324;130;98365;47686;40.9;19.8
19;2021-05-24;139;46;98504;47732;41.0;19.9
19;2021-05-25;1503;488;100007;48220;41.6;20.1
19;2021-05-26;1926;666;101933;48886;42.4;20.3
19;2021-05-27;1786;831;103719;49717;43.2;20.7
19;2021-05-28;1938;989;105657;50706;44.0;21.1
19;2021-05-29;1374;705;107031;51411;44.5;21.4
19;2021-05-30;191;497;107222;51908;44.6;21.6
19;2021-05-31;1200;537;108422;52445;45.1;21.8
19;2021-06-01;1281;884;109703;53329;45.6;22.2
19;2021-06-02;1817;958;111520;54287;46.4;22.6
19;2021-06-03;1447;1252;112967;55539;47.0;23.1
19;2021-06-04;1847;1353;114814;56892;47.8;23.7
19;2021-06-05;1211;814;116025;57706;48.3;24.0
19;2021-06-06;87;649;116112;58355;48.3;24.3
19;2021-06-07;922;933;117034;59288;48.7;24.7
19;2021-06-08;1105;907;118139;60195;49.2;25.0
19;2021-06-09;1328;1462;119467;61657;49.7;25.7
19;2021-06-10;1284;1581;120751;63238;50.2;26.3
19;2021-06-11;1314;1917;122065;65155;50.8;27.1
19;2021-06-12;1357;1317;123422;66472;51.4;27.7
19;2021-06-13;543;423;123965;66895;51.6;27.8
19;2021-06-14;736;1017;124701;67912;51.9;28.3
19;2021-06-15;979;1144;125680;69056;52.3;28.7
19;2021-06-16;1223;1363;126903;70419;52.8;29.3
19;2021-06-17;869;1792;127772;72211;53.2;30.0
19;2021-06-18;1057;2135;128829;74346;53.6;30.9
19;2021-06-19;918;1301;129747;75647;54.0;31.5
19;2021-06-20;395;326;130142;75973;54.2;31.6
19;2021-06-21;499;1075;130641;77048;54.4;32.1
19;2021-06-22;698;1490;131339;78538;54.6;32.7
19;2021-06-23;742;1984;132081;80522;55.0;33.5
19;2021-06-24;686;1663;132767;82185;55.2;34.2
19;2021-06-25;562;2216;133329;84401;55.5;35.1
19;2021-06-26;471;1738;133800;86139;55.7;35.8
19;2021-06-27;289;444;134089;86583;55.8;36.0
19;2021-06-28;315;1500;134404;88083;55.9;36.6
19;2021-06-29;352;1889;134756;89972;56.1;37.4
19;2021-06-30;794;2152;135550;92124;56.4;38.3
19;2021-07-01;361;2318;135911;94442;56.6;39.3
19;2021-07-02;778;2320;136689;96762;56.9;40.3
19;2021-07-03;511;1738;137200;98500;57.1;41.0
19;2021-07-04;1;73;137201;98573;57.1;41.0
19;2021-07-05;600;1015;137801;99588;57.3;41.4
19;2021-07-06;505;1541;138306;101129;57.5;42.1
19;2021-07-07;705;2046;139011;103175;57.8;42.9
19;2021-07-08;767;2149;139778;105324;58.2;43.8
19;2021-07-09;714;2657;140492;107981;58.5;44.9
19;2021-07-10;587;1708;141079;109689;58.7;45.6
19;2021-07-11;45;212;141124;109901;58.7;45.7
19;2021-07-12;447;1488;141571;111389;58.9;46.3
19;2021-07-13;677;1827;142248;113216;59.2;47.1
19;2021-07-14;202;273;142450;113489;59.3;47.2
19;2021-07-15;870;2051;143320;115540;59.6;48.1
19;2021-07-16;1227;2443;144547;117983;60.1;49.1
19;2021-07-17;701;1718;145248;119701;60.4;49.8
19;2021-07-18;363;668;145611;120369;60.6;50.1
19;2021-07-19;965;1405;146576;121774;61.0;50.7
19;2021-07-20;964;1673;147540;123447;61.4;51.4
19;2021-07-21;1069;1712;148609;125159;61.8;52.1
19;2021-07-22;1385;1854;149994;127013;62.4;52.8
19;2021-07-23;1776;1989;151770;129002;63.1;53.7
19;2021-07-24;905;1753;152675;130755;63.5;54.4
19;2021-07-25;157;513;152832;131268;63.6;54.6
19;2021-07-26;896;907;153728;132175;64.0;55.0
19;2021-07-27;1418;1113;155146;133288;64.6;55.5
19;2021-07-28;2039;1222;157185;134510;65.4;56.0
19;2021-07-29;1612;1200;158797;135710;66.1;56.5
19;2021-07-30;1900;1021;160697;136731;66.9;56.9
19;2021-07-31;1115;1013;161812;137744;67.3;57.3
19;2021-08-01;348;371;162160;138115;67.5;57.5
19;2021-08-02;1135;805;163295;138920;67.9;57.8
19;2021-08-03;1446;1044;164741;139964;68.5;58.2
19;2021-08-04;1973;759;166714;140723;69.4;58.6
19;2021-08-05;1603;942;168317;141665;70.0;58.9
19;2021-08-06;1928;1210;170245;142875;70.8;59.4
19;2021-08-07;1323;990;171568;143865;71.4;59.9
19;2021-08-08;184;232;171752;144097;71.5;60.0
19;2021-08-09;999;785;172751;144882;71.9;60.3
19;2021-08-10;1273;1000;174024;145882;72.4;60.7
19;2021-08-11;1345;1000;175369;146882;73.0;61.1
21;2020-12-27;4;0;4;0;0.0;0.0
21;2020-12-28;2;0;6;0;0.0;0.0
21;2020-12-29;19;0;25;0;0.0;0.0
21;2020-12-30;22;0;47;0;0.0;0.0
21;2020-12-31;0;0;47;0;0.0;0.0
21;2021-01-01;0;0;47;0;0.0;0.0
21;2021-01-02;1;0;48;0;0.0;0.0
21;2021-01-03;1;0;49;0;0.0;0.0
21;2021-01-04;22;0;71;0;0.0;0.0
21;2021-01-05;250;2;321;2;0.1;0.0
21;2021-01-06;300;0;621;2;0.1;0.0
21;2021-01-07;387;0;1008;2;0.2;0.0
21;2021-01-08;455;2;1463;4;0.3;0.0
21;2021-01-09;252;0;1715;4;0.3;0.0
21;2021-01-10;1;0;1716;4;0.3;0.0
21;2021-01-11;624;1;2340;5;0.4;0.0
21;2021-01-12;654;0;2994;5;0.6;0.0
21;2021-01-13;702;2;3696;7;0.7;0.0
21;2021-01-14;1186;5;4882;12;0.9;0.0
21;2021-01-15;715;5;5597;17;1.1;0.0
21;2021-01-16;162;0;5759;17;1.1;0.0
21;2021-01-17;4;0;5763;17;1.1;0.0
21;2021-01-18;1315;6;7078;23;1.3;0.0
21;2021-01-19;1363;2;8441;25;1.6;0.0
21;2021-01-20;1295;45;9736;70;1.8;0.0
21;2021-01-21;1538;2;11274;72;2.1;0.0
21;2021-01-22;1240;4;12514;76;2.3;0.0
21;2021-01-23;487;0;13001;76;2.4;0.0
21;2021-01-24;122;0;13123;76;2.5;0.0
21;2021-01-25;923;18;14046;94;2.6;0.0
21;2021-01-26;1541;146;15587;240;2.9;0.0
21;2021-01-27;2044;153;17631;393;3.3;0.1
21;2021-01-28;1449;227;19080;620;3.6;0.1
21;2021-01-29;1022;212;20102;832;3.8;0.2
21;2021-01-30;469;31;20571;863;3.9;0.2
21;2021-01-31;97;3;20668;866;3.9;0.2
21;2021-02-01;452;287;21120;1153;4.0;0.2
21;2021-02-02;454;442;21574;1595;4.0;0.3
21;2021-02-03;440;282;22014;1877;4.1;0.4
21;2021-02-04;416;548;22430;2425;4.2;0.5
21;2021-02-05;488;526;22918;2951;4.3;0.6
21;2021-02-06;154;223;23072;3174;4.3;0.6
21;2021-02-07;2;2;23074;3176;4.3;0.6
21;2021-02-08;434;391;23508;3567;4.4;0.7
21;2021-02-09;514;521;24022;4088;4.5;0.8
21;2021-02-10;460;584;24482;4672;4.6;0.9
21;2021-02-11;483;739;24965;5411;4.7;1.0
21;2021-02-12;358;938;25323;6349;4.8;1.2
21;2021-02-13;360;322;25683;6671;4.8;1.3
21;2021-02-14;238;148;25921;6819;4.9;1.3
21;2021-02-15;118;1422;26039;8241;4.9;1.5
21;2021-02-16;206;1574;26245;9815;4.9;1.8
21;2021-02-17;397;1989;26642;11804;5.0;2.2
21;2021-02-18;602;1360;27244;13164;5.1;2.5
21;2021-02-19;216;1141;27460;14305;5.2;2.7
21;2021-02-20;122;430;27582;14735;5.2;2.8
21;2021-02-21;1;83;27583;14818;5.2;2.8
21;2021-02-22;82;779;27665;15597;5.2;2.9
21;2021-02-23;169;1041;27834;16638;5.2;3.1
21;2021-02-24;224;746;28058;17384;5.3;3.3
21;2021-02-25;646;835;28704;18219;5.4;3.4
21;2021-02-26;927;723;29631;18942;5.6;3.6
21;2021-02-27;535;302;30166;19244;5.7;3.6
21;2021-02-28;24;135;30190;19379;5.7;3.6
21;2021-03-01;679;630;30869;20009;5.8;3.8
21;2021-03-02;1054;550;31923;20559;6.0;3.9
21;2021-03-03;1163;441;33086;21000;6.2;3.9
21;2021-03-04;1682;520;34768;21520;6.5;4.0
21;2021-03-05;2199;660;36967;22180;6.9;4.2
21;2021-03-06;1592;196;38559;22376;7.2;4.2
21;2021-03-07;4;16;38563;22392;7.2;4.2
21;2021-03-08;771;446;39334;22838;7.4;4.3
21;2021-03-09;1568;568;40902;23406;7.7;4.4
21;2021-03-10;1626;561;42528;23967;8.0;4.5
21;2021-03-11;2191;692;44719;24659;8.4;4.6
21;2021-03-12;2901;433;47620;25092;8.9;4.7
21;2021-03-13;1932;187;49552;25279;9.3;4.7
21;2021-03-14;38;50;49590;25329;9.3;4.8
21;2021-03-15;1411;84;51001;25413;9.6;4.8
21;2021-03-16;1879;149;52880;25562;9.9;4.8
21;2021-03-17;1806;109;54686;25671;10.3;4.8
21;2021-03-18;2123;260;56809;25931;10.7;4.9
21;2021-03-19;1961;144;58770;26075;11.0;4.9
21;2021-03-20;1228;38;59998;26113;11.3;4.9
21;2021-03-21;2;0;60000;26113;11.3;4.9
21;2021-03-22;1555;89;61555;26202;11.6;4.9
21;2021-03-23;2693;103;64248;26305;12.1;4.9
21;2021-03-24;2890;156;67138;26461;12.6;5.0
21;2021-03-25;3732;233;70870;26694;13.3;5.0
21;2021-03-26;3656;193;74526;26887;14.0;5.0
21;2021-03-27;1731;57;76257;26944;14.3;5.1
21;2021-03-28;200;37;76457;26981;14.3;5.1
21;2021-03-29;1789;518;78246;27499;14.7;5.2
21;2021-03-30;2350;803;80596;28302;15.1;5.3
21;2021-03-31;2718;650;83314;28952;15.6;5.4
21;2021-04-01;2690;714;86004;29666;16.1;5.6
21;2021-04-02;2246;740;88250;30406;16.6;5.7
21;2021-04-03;1018;278;89268;30684;16.8;5.8
21;2021-04-04;2;12;89270;30696;16.8;5.8
21;2021-04-05;8;0;89278;30696;16.8;5.8
21;2021-04-06;1357;1135;90635;31831;17.0;6.0
21;2021-04-07;1747;969;92382;32800;17.3;6.2
21;2021-04-08;3215;1127;95597;33927;17.9;6.4
21;2021-04-09;3480;1183;99077;35110;18.6;6.6
21;2021-04-10;1378;739;100455;35849;18.9;6.7
21;2021-04-11;145;3;100600;35852;18.9;6.7
21;2021-04-12;1114;1353;101714;37205;19.1;7.0
21;2021-04-13;1657;1780;103371;38985;19.4;7.3
21;2021-04-14;1482;1471;104853;40456;19.7;7.6
21;2021-04-15;1903;1594;106756;42050;20.0;7.9
21;2021-04-16;2321;1311;109077;43361;20.5;8.1
21;2021-04-17;1018;970;110095;44331;20.7;8.3
21;2021-04-18;15;4;110110;44335;20.7;8.3
21;2021-04-19;1110;1323;111220;45658;20.9;8.6
21;2021-04-20;1240;1838;112460;47496;21.1;8.9
21;2021-04-21;1094;1721;113554;49217;21.3;9.2
21;2021-04-22;1275;2212;114829;51429;21.5;9.7
21;2021-04-23;1982;1722;116811;53151;21.9;10.0
21;2021-04-24;1002;871;117813;54022;22.1;10.1
21;2021-04-25;9;168;117822;54190;22.1;10.2
21;2021-04-26;1013;1598;118835;55788;22.3;10.5
21;2021-04-27;1839;1942;120674;57730;22.6;10.8
21;2021-04-28;2232;2224;122906;59954;23.1;11.3
21;2021-04-29;3134;2262;126040;62216;23.7;11.7
21;2021-04-30;3558;1865;129598;64081;24.3;12.0
21;2021-05-01;963;226;130561;64307;24.5;12.1
21;2021-05-02;2;5;130563;64312;24.5;12.1
21;2021-05-03;2082;1349;132645;65661;24.9;12.3
21;2021-05-04;2578;1645;135223;67306;25.4;12.6
21;2021-05-05;2248;1686;137471;68992;25.8;12.9
21;2021-05-06;3013;2242;140484;71234;26.4;13.4
21;2021-05-07;2806;2184;143290;73418;26.9;13.8
21;2021-05-08;1066;268;144356;73686;27.1;13.8
21;2021-05-09;26;176;144382;73862;27.1;13.9
21;2021-05-10;3170;1719;147552;75581;27.7;14.2
21;2021-05-11;4917;1998;152469;77579;28.6;14.6
21;2021-05-12;4803;1746;157272;79325;29.5;14.9
21;2021-05-13;3846;364;161118;79689;30.2;15.0
21;2021-05-14;5200;1469;166318;81158;31.2;15.2
21;2021-05-15;3430;649;169748;81807;31.9;15.4
21;2021-05-16;49;4;169797;81811;31.9;15.4
21;2021-05-17;4130;1260;173927;83071;32.6;15.6
21;2021-05-18;4361;1505;178288;84576;33.5;15.9
21;2021-05-19;3471;1126;181759;85702;34.1;16.1
21;2021-05-20;3898;1356;185657;87058;34.8;16.3
21;2021-05-21;3625;2154;189282;89212;35.5;16.7
21;2021-05-22;1669;768;190951;89980;35.8;16.9
21;2021-05-23;4;17;190955;89997;35.8;16.9
21;2021-05-24;1817;266;192772;90263;36.2;16.9
21;2021-05-25;2646;1968;195418;92231;36.7;17.3
21;2021-05-26;2605;1997;198023;94228;37.2;17.7
21;2021-05-27;4014;2109;202037;96337;37.9;18.1
21;2021-05-28;3572;2824;205609;99161;38.6;18.6
21;2021-05-29;1927;1465;207536;100626;38.9;18.9
21;2021-05-30;98;13;207634;100639;39.0;18.9
21;2021-05-31;2501;1782;210135;102421;39.4;19.2
21;2021-06-01;3454;2260;213589;104681;40.1;19.6
21;2021-06-02;2615;1766;216204;106447;40.6;20.0
21;2021-06-03;3147;2076;219351;108523;41.2;20.4
21;2021-06-04;3280;2585;222631;111108;41.8;20.9
21;2021-06-05;2925;1654;225556;112762;42.3;21.2
21;2021-06-06;51;85;225607;112847;42.3;21.2
21;2021-06-07;4314;1352;229921;114199;43.1;21.4
21;2021-06-08;4939;2142;234860;116341;44.1;21.8
21;2021-06-09;4501;1624;239361;117965;44.9;22.1
21;2021-06-10;3930;2596;243291;120561;45.7;22.6
21;2021-06-11;4166;3110;247457;123671;46.4;23.2
21;2021-06-12;2198;1608;249655;125279;46.8;23.5
21;2021-06-13;29;11;249684;125290;46.9;23.5
21;2021-06-14;2198;2570;251882;127860;47.3;24.0
21;2021-06-15;2961;3095;254843;130955;47.8;24.6
21;2021-06-16;2854;2614;257697;133569;48.4;25.1
21;2021-06-17;3421;3044;261118;136613;49.0;25.6
21;2021-06-18;2426;3799;263544;140412;49.5;26.3
21;2021-06-19;2044;1864;265588;142276;49.8;26.7
21;2021-06-20;26;13;265614;142289;49.8;26.7
21;2021-06-21;1841;3413;267455;145702;50.2;27.3
21;2021-06-22;1879;5832;269334;151534;50.5;28.4
21;2021-06-23;2027;5011;271361;156545;50.9;29.4
21;2021-06-24;2364;4663;273725;161208;51.4;30.3
21;2021-06-25;1528;5898;275253;167106;51.7;31.4
21;2021-06-26;1441;3898;276694;171004;51.9;32.1
21;2021-06-27;18;125;276712;171129;51.9;32.1
21;2021-06-28;1397;4018;278109;175147;52.2;32.9
21;2021-06-29;1636;4179;279745;179326;52.5;33.7
21;2021-06-30;1567;3372;281312;182698;52.8;34.3
21;2021-07-01;1660;4147;282972;186845;53.1;35.1
21;2021-07-02;2171;4226;285143;191071;53.5;35.9
21;2021-07-03;1093;2100;286236;193171;53.7;36.2
21;2021-07-04;37;55;286273;193226;53.7;36.3
21;2021-07-05;1606;3626;287879;196852;54.0;36.9
21;2021-07-06;1345;3588;289224;200440;54.3;37.6
21;2021-07-07;1453;3242;290677;203682;54.5;38.2
21;2021-07-08;1878;4159;292555;207841;54.9;39.0
21;2021-07-09;2075;4352;294630;212193;55.3;39.8
21;2021-07-10;1088;2548;295718;214741;55.5;40.3
21;2021-07-11;21;74;295739;214815;55.5;40.3
21;2021-07-12;1653;3728;297392;218543;55.8;41.0
21;2021-07-13;2304;4899;299696;223442;56.2;41.9
21;2021-07-14;2871;2014;302567;225456;56.8;42.3
21;2021-07-15;3801;4560;306368;230016;57.5;43.2
21;2021-07-16;3880;5255;310248;235271;58.2;44.2
21;2021-07-17;2766;4169;313014;239440;58.7;44.9
21;2021-07-18;157;81;313171;239521;58.8;44.9
21;2021-07-19;2377;4627;315548;244148;59.2;45.8
21;2021-07-20;2753;5494;318301;249642;59.7;46.8
21;2021-07-21;2897;4790;321198;254432;60.3;47.7
21;2021-07-22;3004;4726;324202;259158;60.8;48.6
21;2021-07-23;4328;4879;328530;264037;61.7;49.5
21;2021-07-24;3030;3009;331560;267046;62.2;50.1
21;2021-07-25;67;40;331627;267086;62.2;50.1
21;2021-07-26;2652;3582;334279;270668;62.7;50.8
21;2021-07-27;3379;3772;337658;274440;63.4;51.5
21;2021-07-28;3553;3341;341211;277781;64.0;52.1
21;2021-07-29;4098;3365;345309;281146;64.8;52.8
21;2021-07-30;4578;3338;349887;284484;65.7;53.4
21;2021-07-31;3404;2359;353291;286843;66.3;53.8
21;2021-08-01;328;57;353619;286900;66.4;53.8
21;2021-08-02;2525;3160;356144;290060;66.8;54.4
21;2021-08-03;2602;2769;358746;292829;67.3;55.0
21;2021-08-04;2351;2474;361097;295303;67.8;55.4
21;2021-08-05;2103;3080;363200;298383;68.2;56.0
21;2021-08-06;2464;3290;365664;301673;68.6;56.6
21;2021-08-07;1887;2644;367551;304317;69.0;57.1
21;2021-08-08;74;68;367625;304385;69.0;57.1
21;2021-08-09;1617;2926;369242;307311;69.3;57.7
21;2021-08-10;1390;2707;370632;310018;69.6;58.2
21;2021-08-11;1544;2424;372176;312442;69.8;58.6
22;2020-12-27;0;0;0;0;0.0;0.0
22;2020-12-28;0;0;0;0;0.0;0.0
22;2020-12-29;0;0;0;0;0.0;0.0
22;2020-12-30;0;0;0;0;0.0;0.0
22;2020-12-31;0;0;0;0;0.0;0.0
22;2021-01-01;0;0;0;0;0.0;0.0
22;2021-01-02;2;0;2;0;0.0;0.0
22;2021-01-03;0;0;2;0;0.0;0.0
22;2021-01-04;5;0;7;0;0.0;0.0
22;2021-01-05;61;0;68;0;0.0;0.0
22;2021-01-06;114;1;182;1;0.0;0.0
22;2021-01-07;67;0;249;1;0.0;0.0
22;2021-01-08;174;0;423;1;0.1;0.0
22;2021-01-09;1;0;424;1;0.1;0.0
22;2021-01-10;0;0;424;1;0.1;0.0
22;2021-01-11;233;3;657;4;0.1;0.0
22;2021-01-12;627;0;1284;4;0.2;0.0
22;2021-01-13;676;1;1960;5;0.3;0.0
22;2021-01-14;715;8;2675;13;0.4;0.0
22;2021-01-15;527;2;3202;15;0.5;0.0
22;2021-01-16;97;0;3299;15;0.6;0.0
22;2021-01-17;1;0;3300;15;0.6;0.0
22;2021-01-18;311;1;3611;16;0.6;0.0
22;2021-01-19;686;1;4297;17;0.7;0.0
22;2021-01-20;598;0;4895;17;0.8;0.0
22;2021-01-21;947;1;5842;18;1.0;0.0
22;2021-01-22;839;2;6681;20;1.1;0.0
22;2021-01-23;219;0;6900;20;1.2;0.0
22;2021-01-24;1;0;6901;20;1.2;0.0
22;2021-01-25;748;10;7649;30;1.3;0.0
22;2021-01-26;1016;59;8665;89;1.5;0.0
22;2021-01-27;3857;111;12522;200;2.1;0.0
22;2021-01-28;4511;84;17033;284;2.9;0.0
22;2021-01-29;1897;129;18930;413;3.2;0.1
22;2021-01-30;287;0;19217;413;3.2;0.1
22;2021-01-31;3;0;19220;413;3.2;0.1
22;2021-02-01;641;81;19861;494;3.3;0.1
22;2021-02-02;903;436;20764;930;3.5;0.2
22;2021-02-03;690;504;21454;1434;3.6;0.2
22;2021-02-04;965;636;22419;2070;3.8;0.3
22;2021-02-05;721;563;23140;2633;3.9;0.4
22;2021-02-06;249;0;23389;2633;3.9;0.4
22;2021-02-07;0;0;23389;2633;3.9;0.4
22;2021-02-08;531;133;23920;2766;4.0;0.5
22;2021-02-09;615;344;24535;3110;4.1;0.5
22;2021-02-10;425;201;24960;3311;4.2;0.6
22;2021-02-11;1086;324;26046;3635;4.4;0.6
22;2021-02-12;594;329;26640;3964;4.5;0.7
22;2021-02-13;319;78;26959;4042;4.5;0.7
22;2021-02-14;0;5;26959;4047;4.5;0.7
22;2021-02-15;672;429;27631;4476;4.6;0.8
22;2021-02-16;1041;705;28672;5181;4.8;0.9
22;2021-02-17;1202;2462;29874;7643;5.0;1.3
22;2021-02-18;2141;3006;32015;10649;5.4;1.8
22;2021-02-19;1636;1947;33651;12596;5.6;2.1
22;2021-02-20;479;213;34130;12809;5.7;2.1
22;2021-02-21;4;49;34134;12858;5.7;2.2
22;2021-02-22;403;720;34537;13578;5.8;2.3
22;2021-02-23;663;931;35200;14509;5.9;2.4
22;2021-02-24;695;945;35895;15454;6.0;2.6
22;2021-02-25;1201;1207;37096;16661;6.2;2.8
22;2021-02-26;1066;710;38162;17371;6.4;2.9
22;2021-02-27;563;284;38725;17655;6.5;3.0
22;2021-02-28;16;8;38741;17663;6.5;3.0
22;2021-03-01;957;526;39698;18189;6.7;3.1
22;2021-03-02;1205;876;40903;19065;6.9;3.2
22;2021-03-03;1325;863;42228;19928;7.1;3.3
22;2021-03-04;1598;931;43826;20859;7.4;3.5
22;2021-03-05;2103;807;45929;21666;7.7;3.6
22;2021-03-06;1113;297;47042;21963;7.9;3.7
22;2021-03-07;219;1;47261;21964;7.9;3.7
22;2021-03-08;1291;657;48552;22621;8.1;3.8
22;2021-03-09;1824;749;50376;23370;8.4;3.9
22;2021-03-10;1985;1004;52361;24374;8.8;4.1
22;2021-03-11;2372;1654;54733;26028;9.2;4.4
22;2021-03-12;3098;957;57831;26985;9.7;4.5
22;2021-03-13;1714;293;59545;27278;10.0;4.6
22;2021-03-14;245;23;59790;27301;10.0;4.6
22;2021-03-15;1617;566;61407;27867;10.3;4.7
22;2021-03-16;1600;853;63007;28720;10.6;4.8
22;2021-03-17;2646;699;65653;29419;11.0;4.9
22;2021-03-18;2553;1111;68206;30530;11.4;5.1
22;2021-03-19;3280;799;71486;31329;12.0;5.3
22;2021-03-20;2208;287;73694;31616;12.4;5.3
22;2021-03-21;16;0;73710;31616;12.4;5.3
22;2021-03-22;2364;363;76074;31979;12.8;5.4
22;2021-03-23;3144;785;79218;32764;13.3;5.5
22;2021-03-24;3484;684;82702;33448;13.9;5.6
22;2021-03-25;3956;602;86658;34050;14.5;5.7
22;2021-03-26;4003;480;90661;34530;15.2;5.8
22;2021-03-27;2086;180;92747;34710;15.6;5.8
22;2021-03-28;67;1;92814;34711;15.6;5.8
22;2021-03-29;2768;908;95582;35619;16.0;6.0
22;2021-03-30;3567;1154;99149;36773;16.6;6.2
22;2021-03-31;3675;1087;102824;37860;17.2;6.4
22;2021-04-01;4936;1119;107760;38979;18.1;6.5
22;2021-04-02;4392;1035;112152;40014;18.8;6.7
22;2021-04-03;1996;403;114148;40417;19.1;6.8
22;2021-04-04;37;0;114185;40417;19.2;6.8
22;2021-04-05;15;0;114200;40417;19.2;6.8
22;2021-04-06;3289;1140;117489;41557;19.7;7.0
22;2021-04-07;3425;1363;120914;42920;20.3;7.2
22;2021-04-08;4445;1320;125359;44240;21.0;7.4
22;2021-04-09;5185;1351;130544;45591;21.9;7.6
22;2021-04-10;2444;365;132988;45956;22.3;7.7
22;2021-04-11;482;8;133470;45964;22.4;7.7
22;2021-04-12;2985;997;136455;46961;22.9;7.9
22;2021-04-13;3320;1517;139775;48478;23.4;8.1
22;2021-04-14;3168;2485;142943;50963;24.0;8.5
22;2021-04-15;3597;2434;146540;53397;24.6;9.0
22;2021-04-16;3630;2489;150170;55886;25.2;9.4
22;2021-04-17;1917;1786;152087;57672;25.5;9.7
22;2021-04-18;17;0;152104;57672;25.5;9.7
22;2021-04-19;3021;2148;155125;59820;26.0;10.0
22;2021-04-20;3306;2792;158431;62612;26.6;10.5
22;2021-04-21;3224;2732;161655;65344;27.1;11.0
22;2021-04-22;3594;3132;165249;68476;27.7;11.5
22;2021-04-23;3727;3170;168976;71646;28.3;12.0
22;2021-04-24;2000;1962;170976;73608;28.7;12.3
22;2021-04-25;17;0;170993;73608;28.7;12.3
22;2021-04-26;3210;2850;174203;76458;29.2;12.8
22;2021-04-27;3372;3143;177575;79601;29.8;13.4
22;2021-04-28;3489;3149;181064;82750;30.4;13.9
22;2021-04-29;4080;3272;185144;86022;31.1;14.4
22;2021-04-30;3906;3223;189050;89245;31.7;15.0
22;2021-05-01;60;69;189110;89314;31.7;15.0
22;2021-05-02;1237;59;190347;89373;31.9;15.0
22;2021-05-03;2030;2709;192377;92082;32.3;15.4
22;2021-05-04;2154;2896;194531;94978;32.6;15.9
22;2021-05-05;2052;3007;196583;97985;33.0;16.4
22;2021-05-06;2508;3497;199091;101482;33.4;17.0
22;2021-05-07;2831;3406;201922;104888;33.9;17.6
22;2021-05-08;45;121;201967;105009;33.9;17.6
22;2021-05-09;600;435;202567;105444;34.0;17.7
22;2021-05-10;4474;2726;207041;108170;34.7;18.1
22;2021-05-11;5104;2902;212145;111072;35.6;18.6
22;2021-05-12;6600;1020;218745;112092;36.7;18.8
22;2021-05-13;527;35;219272;112127;36.8;18.8
22;2021-05-14;6407;1085;225679;113212;37.9;19.0
22;2021-05-15;3985;427;229664;113639;38.5;19.1
22;2021-05-16;419;36;230083;113675;38.6;19.1
22;2021-05-17;5668;516;235751;114191;39.5;19.2
22;2021-05-18;6010;947;241761;115138;40.6;19.3
22;2021-05-19;6128;703;247889;115841;41.6;19.4
22;2021-05-20;6586;1375;254475;117216;42.7;19.7
22;2021-05-21;5894;1460;260369;118676;43.7;19.9
22;2021-05-22;4083;772;264452;119448;44.4;20.0
22;2021-05-23;406;14;264858;119462;44.4;20.0
22;2021-05-24;5306;221;270164;119683;45.3;20.1
22;2021-05-25;5633;1178;275797;120861;46.3;20.3
22;2021-05-26;4215;2806;280012;123667;47.0;20.7
22;2021-05-27;4505;3838;284517;127505;47.7;21.4
22;2021-05-28;4386;4438;288903;131943;48.5;22.1
22;2021-05-29;3046;1770;291949;133713;49.0;22.4
22;2021-05-30;19;7;291968;133720;49.0;22.4
22;2021-05-31;3653;3155;295621;136875;49.6;23.0
22;2021-06-01;3522;3690;299143;140565;50.2;23.6
22;2021-06-02;3084;3385;302227;143950;50.7;24.1
22;2021-06-03;3196;4099;305423;148049;51.2;24.8
22;2021-06-04;3371;4547;308794;152596;51.8;25.6
22;2021-06-05;3542;2025;312336;154621;52.4;25.9
22;2021-06-06;214;30;312550;154651;52.4;25.9
22;2021-06-07;3040;3256;315590;157907;52.9;26.5
22;2021-06-08;2797;3529;318387;161436;53.4;27.1
22;2021-06-09;2539;3507;320926;164943;53.8;27.7
22;2021-06-10;2517;4253;323443;169196;54.3;28.4
22;2021-06-11;2549;4228;325992;173424;54.7;29.1
22;2021-06-12;2413;1455;328405;174879;55.1;29.3
22;2021-06-13;133;1093;328538;175972;55.1;29.5
22;2021-06-14;2642;2466;331180;178438;55.5;29.9
22;2021-06-15;3096;2999;334276;181437;56.1;30.4
22;2021-06-16;3005;2810;337281;184247;56.6;30.9
22;2021-06-17;2565;3180;339846;187427;57.0;31.4
22;2021-06-18;3099;4113;342945;191540;57.5;32.1
22;2021-06-19;2983;1454;345928;192994;58.0;32.4
22;2021-06-20;155;8;346083;193002;58.0;32.4
22;2021-06-21;1776;5020;347859;198022;58.3;33.2
22;2021-06-22;2401;5553;350260;203575;58.8;34.1
22;2021-06-23;1280;6207;351540;209782;59.0;35.2
22;2021-06-24;2574;3914;354114;213696;59.4;35.8
22;2021-06-25;1562;6814;355676;220510;59.7;37.0
22;2021-06-26;784;3855;356460;224365;59.8;37.6
22;2021-06-27;4;512;356464;224877;59.8;37.7
22;2021-06-28;1052;5588;357516;230465;60.0;38.7
22;2021-06-29;1372;5957;358888;236422;60.2;39.7
22;2021-06-30;1126;5738;360014;242160;60.4;40.6
22;2021-07-01;1368;6039;361382;248199;60.6;41.6
22;2021-07-02;1703;6093;363085;254292;60.9;42.7
22;2021-07-03;997;3821;364082;258113;61.1;43.3
22;2021-07-04;144;364;364226;258477;61.1;43.4
22;2021-07-05;1567;5804;365793;264281;61.4;44.3
22;2021-07-06;2299;5995;368092;270276;61.7;45.3
22;2021-07-07;2255;4931;370347;275207;62.1;46.2
22;2021-07-08;2491;5096;372838;280303;62.5;47.0
22;2021-07-09;2475;5380;375313;285683;63.0;47.9
22;2021-07-10;1787;3356;377100;289039;63.3;48.5
22;2021-07-11;484;71;377584;289110;63.3;48.5
22;2021-07-12;2301;4735;379885;293845;63.7;49.3
22;2021-07-13;3771;5053;383656;298898;64.4;50.1
22;2021-07-14;699;2497;384355;301395;64.5;50.6
22;2021-07-15;3810;4625;388165;306020;65.1;51.3
22;2021-07-16;3800;5289;391965;311309;65.7;52.2
22;2021-07-17;2533;3412;394498;314721;66.2;52.8
22;2021-07-18;565;86;395063;314807;66.3;52.8
22;2021-07-19;2730;4106;397793;318913;66.7;53.5
22;2021-07-20;3847;4131;401640;323044;67.4;54.2
22;2021-07-21;3947;3411;405587;326455;68.0;54.8
22;2021-07-22;4778;3706;410365;330161;68.8;55.4
22;2021-07-23;4396;4217;414761;334378;69.6;56.1
22;2021-07-24;2227;2618;416988;336996;69.9;56.5
22;2021-07-25;117;150;417105;337146;70.0;56.6
22;2021-07-26;2981;3912;420086;341058;70.5;57.2
22;2021-07-27;3652;4919;423738;345977;71.1;58.0
22;2021-07-28;3636;3646;427374;349623;71.7;58.6
22;2021-07-29;4242;3771;431616;353394;72.4;59.3
22;2021-07-30;3995;3975;435611;357369;73.1;59.9
22;2021-07-31;2378;2796;437989;360165;73.5;60.4
22;2021-08-01;114;152;438103;360317;73.5;60.4
22;2021-08-02;4613;2529;442716;362846;74.3;60.9
22;2021-08-03;4747;3419;447463;366265;75.1;61.4
22;2021-08-04;5720;2480;453183;368745;76.0;61.9
22;2021-08-05;4093;3800;457276;372545;76.7;62.5
22;2021-08-06;3624;3803;460900;376348;77.3;63.1
22;2021-08-07;2317;2259;463217;378607;77.7;63.5
22;2021-08-08;420;70;463637;378677;77.8;63.5
22;2021-08-09;2691;2697;466328;381374;78.2;64.0
22;2021-08-10;2696;3501;469024;384875;78.7;64.6
22;2021-08-11;2380;3118;471404;387993;79.1;65.1
23;2020-12-27;0;0;0;0;0.0;0.0
23;2020-12-28;1;0;1;0;0.0;0.0
23;2020-12-29;0;0;1;0;0.0;0.0
23;2020-12-30;0;0;1;0;0.0;0.0
23;2020-12-31;0;0;1;0;0.0;0.0
23;2021-01-01;0;0;1;0;0.0;0.0
23;2021-01-02;1;0;2;0;0.0;0.0
23;2021-01-03;0;0;2;0;0.0;0.0
23;2021-01-04;1;0;3;0;0.0;0.0
23;2021-01-05;3;0;6;0;0.0;0.0
23;2021-01-06;10;0;16;0;0.0;0.0
23;2021-01-07;116;0;132;0;0.1;0.0
23;2021-01-08;116;0;248;0;0.2;0.0
23;2021-01-09;36;0;284;0;0.2;0.0
23;2021-01-10;1;0;285;0;0.2;0.0
23;2021-01-11;174;0;459;0;0.4;0.0
23;2021-01-12;234;1;693;1;0.6;0.0
23;2021-01-13;308;0;1001;1;0.9;0.0
23;2021-01-14;292;4;1293;5;1.1;0.0
23;2021-01-15;334;5;1627;10;1.4;0.0
23;2021-01-16;163;1;1790;11;1.5;0.0
23;2021-01-17;0;0;1790;11;1.5;0.0
23;2021-01-18;342;3;2132;14;1.8;0.0
23;2021-01-19;497;2;2629;16;2.3;0.0
23;2021-01-20;362;1;2991;17;2.6;0.0
23;2021-01-21;697;1;3688;18;3.2;0.0
23;2021-01-22;477;0;4165;18;3.6;0.0
23;2021-01-23;368;1;4533;19;3.9;0.0
23;2021-01-24;0;0;4533;19;3.9;0.0
23;2021-01-25;382;17;4915;36;4.2;0.0
23;2021-01-26;300;5;5215;41;4.5;0.0
23;2021-01-27;228;3;5443;44;4.7;0.0
23;2021-01-28;232;47;5675;91;4.9;0.1
23;2021-01-29;303;103;5978;194;5.1;0.2
23;2021-01-30;100;28;6078;222;5.2;0.2
23;2021-01-31;2;34;6080;256;5.2;0.2
23;2021-02-01;147;106;6227;362;5.4;0.3
23;2021-02-02;157;123;6384;485;5.5;0.4
23;2021-02-03;105;210;6489;695;5.6;0.6
23;2021-02-04;78;265;6567;960;5.6;0.8
23;2021-02-05;115;314;6682;1274;5.7;1.1
23;2021-02-06;14;168;6696;1442;5.8;1.2
23;2021-02-07;1;0;6697;1442;5.8;1.2
23;2021-02-08;125;218;6822;1660;5.9;1.4
23;2021-02-09;85;295;6907;1955;5.9;1.7
23;2021-02-10;89;283;6996;2238;6.0;1.9
23;2021-02-11;244;588;7240;2826;6.2;2.4
23;2021-02-12;174;284;7414;3110;6.4;2.7
23;2021-02-13;8;191;7422;3301;6.4;2.8
23;2021-02-14;8;0;7430;3301;6.4;2.8
23;2021-02-15;157;367;7587;3668;6.5;3.2
23;2021-02-16;103;443;7690;4111;6.6;3.5
23;2021-02-17;65;493;7755;4604;6.7;4.0
23;2021-02-18;142;370;7897;4974;6.8;4.3
23;2021-02-19;109;253;8006;5227;6.9;4.5
23;2021-02-20;2;93;8008;5320;6.9;4.6
23;2021-02-21;0;0;8008;5320;6.9;4.6
23;2021-02-22;104;212;8112;5532;7.0;4.8
23;2021-02-23;107;220;8219;5752;7.1;4.9
23;2021-02-24;176;168;8395;5920;7.2;5.1
23;2021-02-25;183;109;8578;6029;7.4;5.2
23;2021-02-26;287;165;8865;6194;7.6;5.3
23;2021-02-27;112;11;8977;6205;7.7;5.3
23;2021-02-28;1;31;8978;6236;7.7;5.4
23;2021-03-01;88;201;9066;6437;7.8;5.5
23;2021-03-02;229;132;9295;6569;8.0;5.6
23;2021-03-03;133;90;9428;6659;8.1;5.7
23;2021-03-04;307;138;9735;6797;8.4;5.8
23;2021-03-05;517;111;10252;6908;8.8;5.9
23;2021-03-06;494;6;10746;6914;9.2;5.9
23;2021-03-07;313;3;11059;6917;9.5;5.9
23;2021-03-08;197;72;11256;6989;9.7;6.0
23;2021-03-09;421;100;11677;7089;10.0;6.1
23;2021-03-10;348;39;12025;7128;10.3;6.1
23;2021-03-11;325;49;12350;7177;10.6;6.2
23;2021-03-12;618;33;12968;7210;11.2;6.2
23;2021-03-13;286;12;13254;7222;11.4;6.2
23;2021-03-14;45;34;13299;7256;11.4;6.2
23;2021-03-15;220;126;13519;7382;11.6;6.3
23;2021-03-16;192;90;13711;7472;11.8;6.4
23;2021-03-17;131;101;13842;7573;11.9;6.5
23;2021-03-18;193;98;14035;7671;12.1;6.6
23;2021-03-19;205;121;14240;7792;12.2;6.7
23;2021-03-20;630;35;14870;7827;12.8;6.7
23;2021-03-21;128;0;14998;7827;12.9;6.7
23;2021-03-22;264;148;15262;7975;13.1;6.9
23;2021-03-23;504;105;15766;8080;13.6;6.9
23;2021-03-24;423;124;16189;8204;13.9;7.1
23;2021-03-25;819;187;17008;8391;14.6;7.2
23;2021-03-26;734;194;17742;8585;15.3;7.4
23;2021-03-27;505;48;18247;8633;15.7;7.4
23;2021-03-28;3;9;18250;8642;15.7;7.4
23;2021-03-29;358;111;18608;8753;16.0;7.5
23;2021-03-30;537;177;19145;8930;16.5;7.7
23;2021-03-31;411;174;19556;9104;16.8;7.8
23;2021-04-01;600;170;20156;9274;17.3;8.0
23;2021-04-02;498;297;20654;9571;17.8;8.2
23;2021-04-03;715;43;21369;9614;18.4;8.3
23;2021-04-04;4;0;21373;9614;18.4;8.3
23;2021-04-05;0;3;21373;9617;18.4;8.3
23;2021-04-06;382;294;21755;9911;18.7;8.5
23;2021-04-07;705;307;22460;10218;19.3;8.8
23;2021-04-08;803;234;23263;10452;20.0;9.0
23;2021-04-09;939;359;24202;10811;20.8;9.3
23;2021-04-10;1097;109;25299;10920;21.8;9.4
23;2021-04-11;21;2;25320;10922;21.8;9.4
23;2021-04-12;692;235;26012;11157;22.4;9.6
23;2021-04-13;667;302;26679;11459;22.9;9.9
23;2021-04-14;586;175;27265;11634;23.4;10.0
23;2021-04-15;928;182;28193;11816;24.2;10.2
23;2021-04-16;902;206;29095;12022;25.0;10.3
23;2021-04-17;994;551;30089;12573;25.9;10.8
23;2021-04-18;3;136;30092;12709;25.9;10.9
23;2021-04-19;611;296;30703;13005;26.4;11.2
23;2021-04-20;721;289;31424;13294;27.0;11.4
23;2021-04-21;733;395;32157;13689;27.7;11.8
23;2021-04-22;657;475;32814;14164;28.2;12.2
23;2021-04-23;592;340;33406;14504;28.7;12.5
23;2021-04-24;855;448;34261;14952;29.5;12.9
23;2021-04-25;0;0;34261;14952;29.5;12.9
23;2021-04-26;615;252;34876;15204;30.0;13.1
23;2021-04-27;675;426;35551;15630;30.6;13.4
23;2021-04-28;628;275;36179;15905;31.1;13.7
23;2021-04-29;883;379;37062;16284;31.9;14.0
23;2021-04-30;719;787;37781;17071;32.5;14.7
23;2021-05-01;1227;39;39008;17110;33.5;14.7
23;2021-05-02;14;0;39022;17110;33.6;14.7
23;2021-05-03;431;520;39453;17630;33.9;15.2
23;2021-05-04;616;511;40069;18141;34.5;15.6
23;2021-05-05;538;711;40607;18852;34.9;16.2
23;2021-05-06;727;702;41334;19554;35.6;16.8
23;2021-05-07;683;640;42017;20194;36.1;17.4
23;2021-05-08;1410;586;43427;20780;37.4;17.9
23;2021-05-09;3;0;43430;20780;37.4;17.9
23;2021-05-10;556;656;43986;21436;37.8;18.4
23;2021-05-11;561;764;44547;22200;38.3;19.1
23;2021-05-12;720;661;45267;22861;38.9;19.7
23;2021-05-13;536;56;45803;22917;39.4;19.7
23;2021-05-14;788;459;46591;23376;40.1;20.1
23;2021-05-15;994;234;47585;23610;40.9;20.3
23;2021-05-16;0;0;47585;23610;40.9;20.3
23;2021-05-17;568;449;48153;24059;41.4;20.7
23;2021-05-18;776;292;48929;24351;42.1;20.9
23;2021-05-19;1050;257;49979;24608;43.0;21.2
23;2021-05-20;837;318;50816;24926;43.7;21.4
23;2021-05-21;1105;310;51921;25236;44.7;21.7
23;2021-05-22;740;125;52661;25361;45.3;21.8
23;2021-05-23;2;20;52663;25381;45.3;21.8
23;2021-05-24;362;164;53025;25545;45.6;22.0
23;2021-05-25;904;336;53929;25881;46.4;22.3
23;2021-05-26;1076;227;55005;26108;47.3;22.5
23;2021-05-27;931;433;55936;26541;48.1;22.8
23;2021-05-28;781;744;56717;27285;48.8;23.5
23;2021-05-29;638;1100;57355;28385;49.3;24.4
23;2021-05-30;6;63;57361;28448;49.3;24.5
23;2021-05-31;433;540;57794;28988;49.7;24.9
23;2021-06-01;582;826;58376;29814;50.2;25.6
23;2021-06-02;623;521;58999;30335;50.7;26.1
23;2021-06-03;706;550;59705;30885;51.4;26.6
23;2021-06-04;779;614;60484;31499;52.0;27.1
23;2021-06-05;546;777;61030;32276;52.5;27.8
23;2021-06-06;0;0;61030;32276;52.5;27.8
23;2021-06-07;393;696;61423;32972;52.8;28.4
23;2021-06-08;322;775;61745;33747;53.1;29.0
23;2021-06-09;284;649;62029;34396;53.3;29.6
23;2021-06-10;372;692;62401;35088;53.7;30.2
23;2021-06-11;381;808;62782;35896;54.0;30.9
23;2021-06-12;379;1264;63161;37160;54.3;32.0
23;2021-06-13;13;5;63174;37165;54.3;32.0
23;2021-06-14;235;590;63409;37755;54.5;32.5
23;2021-06-15;230;860;63639;38615;54.7;33.2
23;2021-06-16;362;581;64001;39196;55.0;33.7
23;2021-06-17;339;810;64340;40006;55.3;34.4
23;2021-06-18;355;767;64695;40773;55.6;35.1
23;2021-06-19;490;1523;65185;42296;56.1;36.4
23;2021-06-20;2;11;65187;42307;56.1;36.4
23;2021-06-21;204;620;65391;42927;56.2;36.9
23;2021-06-22;216;684;65607;43611;56.4;37.5
23;2021-06-23;221;750;65828;44361;56.6;38.2
23;2021-06-24;198;606;66026;44967;56.8;38.7
23;2021-06-25;303;815;66329;45782;57.0;39.4
23;2021-06-26;222;999;66551;46781;57.2;40.2
23;2021-06-27;3;0;66554;46781;57.2;40.2
23;2021-06-28;115;693;66669;47474;57.3;40.8
23;2021-06-29;189;823;66858;48297;57.5;41.5
23;2021-06-30;168;944;67026;49241;57.6;42.4
23;2021-07-01;168;869;67194;50110;57.8;43.1
23;2021-07-02;192;1069;67386;51179;58.0;44.0
23;2021-07-03;250;980;67636;52159;58.2;44.9
23;2021-07-04;1;0;67637;52159;58.2;44.9
23;2021-07-05;159;805;67796;52964;58.3;45.6
23;2021-07-06;213;1043;68009;54007;58.5;46.4
23;2021-07-07;210;853;68219;54860;58.7;47.2
23;2021-07-08;253;737;68472;55597;58.9;47.8
23;2021-07-09;274;1011;68746;56608;59.1;48.7
23;2021-07-10;234;645;68980;57253;59.3;49.2
23;2021-07-11;0;0;68980;57253;59.3;49.2
23;2021-07-12;232;702;69212;57955;59.5;49.8
23;2021-07-13;471;918;69683;58873;59.9;50.6
23;2021-07-14;211;321;69894;59194;60.1;50.9
23;2021-07-15;475;813;70369;60007;60.5;51.6
23;2021-07-16;763;569;71132;60576;61.2;52.1
23;2021-07-17;220;479;71352;61055;61.4;52.5
23;2021-07-18;0;1;71352;61056;61.4;52.5
23;2021-07-19;702;628;72054;61684;62.0;53.1
23;2021-07-20;631;567;72685;62251;62.5;53.5
23;2021-07-21;696;634;73381;62885;63.1;54.1
23;2021-07-22;937;437;74318;63322;63.9;54.5
23;2021-07-23;838;505;75156;63827;64.6;54.9
23;2021-07-24;1007;436;76163;64263;65.5;55.3
23;2021-07-25;11;16;76174;64279;65.5;55.3
23;2021-07-26;783;569;76957;64848;66.2;55.8
23;2021-07-27;908;437;77865;65285;67.0;56.1
23;2021-07-28;870;415;78735;65700;67.7;56.5
23;2021-07-29;1044;398;79779;66098;68.6;56.8
23;2021-07-30;941;523;80720;66621;69.4;57.3
23;2021-07-31;1162;305;81882;66926;70.4;57.6
23;2021-08-01;18;8;81900;66934;70.4;57.6
23;2021-08-02;663;506;82563;67440;71.0;58.0
23;2021-08-03;734;459;83297;67899;71.6;58.4
23;2021-08-04;607;296;83904;68195;72.2;58.7
23;2021-08-05;684;364;84588;68559;72.8;59.0
23;2021-08-06;415;484;85003;69043;73.1;59.4
23;2021-08-07;290;188;85293;69231;73.4;59.5
23;2021-08-08;143;38;85436;69269;73.5;59.6
23;2021-08-09;490;490;85926;69759;73.9;60.0
23;2021-08-10;429;608;86355;70367;74.3;60.5
23;2021-08-11;426;485;86781;70852;74.6;60.9
24;2020-12-27;0;0;0;0;0.0;0.0
24;2020-12-28;0;0;0;0;0.0;0.0
24;2020-12-29;2;0;2;0;0.0;0.0
24;2020-12-30;1;0;3;0;0.0;0.0
24;2020-12-31;0;0;3;0;0.0;0.0
24;2021-01-01;0;0;3;0;0.0;0.0
24;2021-01-02;0;0;3;0;0.0;0.0
24;2021-01-03;0;0;3;0;0.0;0.0
24;2021-01-04;1;0;4;0;0.0;0.0
24;2021-01-05;1;0;5;0;0.0;0.0
24;2021-01-06;0;0;5;0;0.0;0.0
24;2021-01-07;190;0;195;0;0.0;0.0
24;2021-01-08;281;0;476;0;0.1;0.0
24;2021-01-09;185;0;661;0;0.2;0.0
24;2021-01-10;35;0;696;0;0.2;0.0
24;2021-01-11;269;0;965;0;0.2;0.0
24;2021-01-12;281;0;1246;0;0.3;0.0
24;2021-01-13;233;1;1479;1;0.4;0.0
24;2021-01-14;1013;15;2492;16;0.6;0.0
24;2021-01-15;605;6;3097;22;0.8;0.0
24;2021-01-16;86;0;3183;22;0.8;0.0
24;2021-01-17;1;1;3184;23;0.8;0.0
24;2021-01-18;298;0;3482;23;0.9;0.0
24;2021-01-19;467;1;3949;24;1.0;0.0
24;2021-01-20;552;0;4501;24;1.1;0.0
24;2021-01-21;644;5;5145;29;1.3;0.0
24;2021-01-22;514;0;5659;29;1.4;0.0
24;2021-01-23;151;1;5810;30;1.4;0.0
24;2021-01-24;2;0;5812;30;1.4;0.0
24;2021-01-25;441;0;6253;30;1.5;0.0
24;2021-01-26;634;66;6887;96;1.7;0.0
24;2021-01-27;1262;12;8149;108;2.0;0.0
24;2021-01-28;983;124;9132;232;2.2;0.1
24;2021-01-29;932;139;10064;371;2.5;0.1
24;2021-01-30;281;1;10345;372;2.5;0.1
24;2021-01-31;0;0;10345;372;2.5;0.1
24;2021-02-01;377;173;10722;545;2.6;0.1
24;2021-02-02;614;314;11336;859;2.8;0.2
24;2021-02-03;650;492;11986;1351;2.9;0.3
24;2021-02-04;976;392;12962;1743;3.2;0.4
24;2021-02-05;685;434;13647;2177;3.3;0.5
24;2021-02-06;139;35;13786;2212;3.4;0.5
24;2021-02-07;33;1;13819;2213;3.4;0.5
24;2021-02-08;309;234;14128;2447;3.5;0.6
24;2021-02-09;451;230;14579;2677;3.6;0.7
24;2021-02-10;373;110;14952;2787;3.7;0.7
24;2021-02-11;561;517;15513;3304;3.8;0.8
24;2021-02-12;495;393;16008;3697;3.9;0.9
24;2021-02-13;202;46;16210;3743;4.0;0.9
24;2021-02-14;89;1;16299;3744;4.0;0.9
24;2021-02-15;187;241;16486;3985;4.0;1.0
24;2021-02-16;334;523;16820;4508;4.1;1.1
24;2021-02-17;579;833;17399;5341;4.3;1.3
24;2021-02-18;442;729;17841;6070;4.4;1.5
24;2021-02-19;460;677;18301;6747;4.5;1.7
24;2021-02-20;163;143;18464;6890;4.5;1.7
24;2021-02-21;109;0;18573;6890;4.5;1.7
24;2021-02-22;426;529;18999;7419;4.7;1.8
24;2021-02-23;562;683;19561;8102;4.8;2.0
24;2021-02-24;534;832;20095;8934;4.9;2.2
24;2021-02-25;726;866;20821;9800;5.1;2.4
24;2021-02-26;975;973;21796;10773;5.3;2.6
24;2021-02-27;363;265;22159;11038;5.4;2.7
24;2021-02-28;25;4;22184;11042;5.4;2.7
24;2021-03-01;292;372;22476;11414;5.5;2.8
24;2021-03-02;538;418;23014;11832;5.6;2.9
24;2021-03-03;679;342;23693;12174;5.8;3.0
24;2021-03-04;913;508;24606;12682;6.0;3.1
24;2021-03-05;1065;565;25671;13247;6.3;3.2
24;2021-03-06;1123;142;26794;13389;6.6;3.3
24;2021-03-07;232;62;27026;13451;6.6;3.3
24;2021-03-08;531;257;27557;13708;6.7;3.4
24;2021-03-09;1174;443;28731;14151;7.0;3.5
24;2021-03-10;1141;449;29872;14600;7.3;3.6
24;2021-03-11;1603;463;31475;15063;7.7;3.7
24;2021-03-12;2050;440;33525;15503;8.2;3.8
24;2021-03-13;1344;201;34869;15704;8.5;3.8
24;2021-03-14;141;93;35010;15797;8.6;3.9
24;2021-03-15;952;169;35962;15966;8.8;3.9
24;2021-03-16;1142;231;37104;16197;9.1;4.0
24;2021-03-17;1215;286;38319;16483;9.4;4.0
24;2021-03-18;1056;556;39375;17039;9.6;4.2
24;2021-03-19;1252;535;40627;17574;9.9;4.3
24;2021-03-20;1055;150;41682;17724;10.2;4.3
24;2021-03-21;25;11;41707;17735;10.2;4.3
24;2021-03-22;1223;423;42930;18158;10.5;4.4
24;2021-03-23;1879;400;44809;18558;11.0;4.5
24;2021-03-24;1888;388;46697;18946;11.4;4.6
24;2021-03-25;1989;466;48686;19412;11.9;4.8
24;2021-03-26;2374;284;51060;19696;12.5;4.8
24;2021-03-27;1350;41;52410;19737;12.8;4.8
24;2021-03-28;63;9;52473;19746;12.8;4.8
24;2021-03-29;1673;325;54146;20071;13.3;4.9
24;2021-03-30;2408;395;56554;20466;13.8;5.0
24;2021-03-31;2181;311;58735;20777;14.4;5.1
24;2021-04-01;2195;311;60930;21088;14.9;5.2
24;2021-04-02;2072;394;63002;21482;15.4;5.3
24;2021-04-03;1374;122;64376;21604;15.8;5.3
24;2021-04-04;74;1;64450;21605;15.8;5.3
24;2021-04-05;947;58;65397;21663;16.0;5.3
24;2021-04-06;2351;700;67748;22363;16.6;5.5
24;2021-04-07;2717;690;70465;23053;17.3;5.6
24;2021-04-08;3005;959;73470;24012;18.0;5.9
24;2021-04-09;3486;1003;76956;25015;18.8;6.1
24;2021-04-10;2593;310;79549;25325;19.5;6.2
24;2021-04-11;1101;19;80650;25344;19.7;6.2
24;2021-04-12;2497;818;83147;26162;20.4;6.4
24;2021-04-13;2903;1201;86050;27363;21.1;6.7
24;2021-04-14;2935;1191;88985;28554;21.8;7.0
24;2021-04-15;2792;1094;91777;29648;22.5;7.3
24;2021-04-16;3266;967;95043;30615;23.3;7.5
24;2021-04-17;2271;499;97314;31114;23.8;7.6
24;2021-04-18;424;6;97738;31120;23.9;7.6
24;2021-04-19;1598;1011;99336;32131;24.3;7.9
24;2021-04-20;2268;1429;101604;33560;24.9;8.2
24;2021-04-21;2145;1441;103749;35001;25.4;8.6
24;2021-04-22;2061;1258;105810;36259;25.9;8.9
24;2021-04-23;1958;1332;107768;37591;26.4;9.2
24;2021-04-24;862;725;108630;38316;26.6;9.4
24;2021-04-25;54;4;108684;38320;26.6;9.4
24;2021-04-26;1296;1480;109980;39800;26.9;9.7
24;2021-04-27;1852;1880;111832;41680;27.4;10.2
24;2021-04-28;1505;1957;113337;43637;27.8;10.7
24;2021-04-29;1727;1887;115064;45524;28.2;11.1
24;2021-04-30;2269;1775;117333;47299;28.7;11.6
24;2021-05-01;2054;1067;119387;48366;29.2;11.8
24;2021-05-02;1923;211;121310;48577;29.7;11.9
24;2021-05-03;1474;1834;122784;50411;30.1;12.3
24;2021-05-04;2228;2292;125012;52703;30.6;12.9
24;2021-05-05;1890;2722;126902;55425;31.1;13.6
24;2021-05-06;1889;2786;128791;58211;31.5;14.3
24;2021-05-07;2264;2789;131055;61000;32.1;14.9
24;2021-05-08;1283;1152;132338;62152;32.4;15.2
24;2021-05-09;1166;901;133504;63053;32.7;15.4
24;2021-05-10;1095;2627;134599;65680;33.0;16.1
24;2021-05-11;2039;2796;136638;68476;33.5;16.8
24;2021-05-12;1925;2254;138563;70730;33.9;17.3
24;2021-05-13;1465;1214;140028;71944;34.3;17.6
24;2021-05-14;2378;1332;142406;73276;34.9;17.9
24;2021-05-15;2048;813;144454;74089;35.4;18.1
24;2021-05-16;1171;347;145625;74436;35.7;18.2
24;2021-05-17;2242;1254;147867;75690;36.2;18.5
24;2021-05-18;2481;1819;150348;77509;36.8;19.0
24;2021-05-19;2285;1378;152633;78887;37.4;19.3
24;2021-05-20;2373;1580;155006;80467;38.0;19.7
24;2021-05-21;2433;1413;157439;81880;38.6;20.0
24;2021-05-22;1719;406;159158;82286;39.0;20.1
24;2021-05-23;951;72;160109;82358;39.2;20.2
24;2021-05-24;1514;335;161623;82693;39.6;20.2
24;2021-05-25;2297;1383;163920;84076;40.1;20.6
24;2021-05-26;2149;1316;166069;85392;40.7;20.9
24;2021-05-27;1748;2195;167817;87587;41.1;21.4
24;2021-05-28;2145;2006;169962;89593;41.6;21.9
24;2021-05-29;1152;2090;171114;91683;41.9;22.4
24;2021-05-30;1418;170;172532;91853;42.2;22.5
24;2021-05-31;1743;1365;174275;93218;42.7;22.8
24;2021-06-01;2583;1978;176858;95196;43.3;23.3
24;2021-06-02;2652;1786;179510;96982;44.0;23.7
24;2021-06-03;2292;1465;181802;98447;44.5;24.1
24;2021-06-04;2381;1894;184183;100341;45.1;24.6
24;2021-06-05;2005;1417;186188;101758;45.6;24.9
24;2021-06-06;767;223;186955;101981;45.8;25.0
24;2021-06-07;1433;1496;188388;103477;46.1;25.3
24;2021-06-08;1679;1908;190067;105385;46.5;25.8
24;2021-06-09;1323;1597;191390;106982;46.9;26.2
24;2021-06-10;1575;1909;192965;108891;47.2;26.7
24;2021-06-11;1328;2080;194293;110971;47.6;27.2
24;2021-06-12;1125;2545;195418;113516;47.9;27.8
24;2021-06-13;1238;922;196656;114438;48.2;28.0
24;2021-06-14;1165;1859;197821;116297;48.4;28.5
24;2021-06-15;1486;2992;199307;119289;48.8;29.2
24;2021-06-16;1670;2731;200977;122020;49.2;29.9
24;2021-06-17;1543;2182;202520;124202;49.6;30.4
24;2021-06-18;1400;2862;203920;127064;49.9;31.1
24;2021-06-19;1276;1520;205196;128584;50.2;31.5
24;2021-06-20;513;499;205709;129083;50.4;31.6
24;2021-06-21;931;1834;206640;130917;50.6;32.1
24;2021-06-22;1453;2593;208093;133510;51.0;32.7
24;2021-06-23;1427;2421;209520;135931;51.3;33.3
24;2021-06-24;1134;1913;210654;137844;51.6;33.8
24;2021-06-25;967;2818;211621;140662;51.8;34.4
24;2021-06-26;864;2103;212485;142765;52.0;35.0
24;2021-06-27;402;977;212887;143742;52.1;35.2
24;2021-06-28;817;2483;213704;146225;52.3;35.8
24;2021-06-29;940;2869;214644;149094;52.6;36.5
24;2021-06-30;1111;2459;215755;151553;52.8;37.1
24;2021-07-01;1129;2298;216884;153851;53.1;37.7
24;2021-07-02;1094;2742;217978;156593;53.4;38.3
24;2021-07-03;812;1902;218790;158495;53.6;38.8
24;2021-07-04;410;1012;219200;159507;53.7;39.1
24;2021-07-05;790;2315;219990;161822;53.9;39.6
24;2021-07-06;877;3358;220867;165180;54.1;40.4
24;2021-07-07;1082;3041;221949;168221;54.3;41.2
24;2021-07-08;1341;2119;223290;170340;54.7;41.7
24;2021-07-09;1176;3220;224466;173560;55.0;42.5
24;2021-07-10;480;1965;224946;175525;55.1;43.0
24;2021-07-11;585;1187;225531;176712;55.2;43.3
24;2021-07-12;897;2522;226428;179234;55.4;43.9
24;2021-07-13;1322;3217;227750;182451;55.8;44.7
24;2021-07-14;614;1189;228364;183640;55.9;45.0
24;2021-07-15;1690;2780;230054;186420;56.3;45.6
24;2021-07-16;2141;2602;232195;189022;56.9;46.3
24;2021-07-17;1524;2234;233719;191256;57.2;46.8
24;2021-07-18;707;886;234426;192142;57.4;47.0
24;2021-07-19;1571;2185;235997;194327;57.8;47.6
24;2021-07-20;2008;2445;238005;196772;58.3;48.2
24;2021-07-21;1871;2327;239876;199099;58.7;48.8
24;2021-07-22;2333;2448;242209;201547;59.3;49.4
24;2021-07-23;2275;2624;244484;204171;59.9;50.0
24;2021-07-24;1803;1541;246287;205712;60.3;50.4
24;2021-07-25;810;869;247097;206581;60.5;50.6
24;2021-07-26;1564;2019;248661;208600;60.9;51.1
24;2021-07-27;2828;2279;251489;210879;61.6;51.6
24;2021-07-28;2722;1935;254211;212814;62.2;52.1
24;2021-07-29;3038;2229;257249;215043;63.0;52.7
24;2021-07-30;2457;1914;259706;216957;63.6;53.1
24;2021-07-31;1635;1554;261341;218511;64.0;53.5
24;2021-08-01;1109;651;262450;219162;64.3;53.7
24;2021-08-02;1939;1623;264389;220785;64.7;54.1
24;2021-08-03;2876;1908;267265;222693;65.4;54.5
24;2021-08-04;3073;1618;270338;224311;66.2;54.9
24;2021-08-05;3021;1429;273359;225740;66.9;55.3
24;2021-08-06;2531;1530;275890;227270;67.6;55.6
24;2021-08-07;1776;1107;277666;228377;68.0;55.9
24;2021-08-08;1098;674;278764;229051;68.3;56.1
24;2021-08-09;1724;1384;280488;230435;68.7;56.4
24;2021-08-10;2256;1768;282744;232203;69.2;56.9
24;2021-08-11;2256;1681;285000;233884;69.8;57.3
25;2020-12-27;0;0;0;0;0.0;0.0
25;2020-12-28;1;0;1;0;0.0;0.0
25;2020-12-29;0;0;1;0;0.0;0.0
25;2020-12-30;0;0;1;0;0.0;0.0
25;2020-12-31;2;0;3;0;0.0;0.0
25;2021-01-01;0;0;3;0;0.0;0.0
25;2021-01-02;1;0;4;0;0.0;0.0
25;2021-01-03;0;0;4;0;0.0;0.0
25;2021-01-04;0;0;4;0;0.0;0.0
25;2021-01-05;1;0;5;0;0.0;0.0
25;2021-01-06;75;1;80;1;0.0;0.0
25;2021-01-07;236;1;316;2;0.1;0.0
25;2021-01-08;345;1;661;3;0.1;0.0
25;2021-01-09;102;0;763;3;0.1;0.0
25;2021-01-10;0;0;763;3;0.1;0.0
25;2021-01-11;501;4;1264;7;0.2;0.0
25;2021-01-12;682;2;1946;9;0.4;0.0
25;2021-01-13;626;2;2572;11;0.5;0.0
25;2021-01-14;897;15;3469;26;0.6;0.0
25;2021-01-15;784;8;4253;34;0.8;0.0
25;2021-01-16;206;1;4459;35;0.8;0.0
25;2021-01-17;112;0;4571;35;0.8;0.0
25;2021-01-18;1296;7;5867;42;1.1;0.0
25;2021-01-19;1412;5;7279;47;1.3;0.0
25;2021-01-20;1420;4;8699;51;1.6;0.0
25;2021-01-21;1810;2;10509;53;1.9;0.0
25;2021-01-22;1504;4;12013;57;2.2;0.0
25;2021-01-23;499;1;12512;58;2.3;0.0
25;2021-01-24;119;0;12631;58;2.3;0.0
25;2021-01-25;990;0;13621;58;2.5;0.0
25;2021-01-26;1487;42;15108;100;2.8;0.0
25;2021-01-27;1247;70;16355;170;3.0;0.0
25;2021-01-28;1089;76;17444;246;3.2;0.0
25;2021-01-29;905;231;18349;477;3.4;0.1
25;2021-01-30;293;92;18642;569;3.5;0.1
25;2021-01-31;2;0;18644;569;3.5;0.1
25;2021-02-01;612;221;19256;790;3.6;0.1
25;2021-02-02;674;414;19930;1204;3.7;0.2
25;2021-02-03;759;249;20689;1453;3.8;0.3
25;2021-02-04;715;446;21404;1899;4.0;0.4
25;2021-02-05;517;465;21921;2364;4.1;0.4
25;2021-02-06;198;157;22119;2521;4.1;0.5
25;2021-02-07;2;34;22121;2555;4.1;0.5
25;2021-02-08;613;507;22734;3062;4.2;0.6
25;2021-02-09;616;492;23350;3554;4.3;0.7
25;2021-02-10;817;487;24167;4041;4.5;0.7
25;2021-02-11;586;854;24753;4895;4.6;0.9
25;2021-02-12;413;549;25166;5444;4.7;1.0
25;2021-02-13;97;141;25263;5585;4.7;1.0
25;2021-02-14;0;0;25263;5585;4.7;1.0
25;2021-02-15;187;1039;25450;6624;4.7;1.2
25;2021-02-16;214;1458;25664;8082;4.8;1.5
25;2021-02-17;110;1342;25774;9424;4.8;1.7
25;2021-02-18;146;1435;25920;10859;4.8;2.0
25;2021-02-19;102;1270;26022;12129;4.8;2.2
25;2021-02-20;26;493;26048;12622;4.8;2.3
25;2021-02-21;1;143;26049;12765;4.8;2.4
25;2021-02-22;83;1067;26132;13832;4.8;2.6
25;2021-02-23;196;1081;26328;14913;4.9;2.8
25;2021-02-24;104;975;26432;15888;4.9;2.9
25;2021-02-25;522;1005;26954;16893;5.0;3.1
25;2021-02-26;607;981;27561;17874;5.1;3.3
25;2021-02-27;228;374;27789;18248;5.2;3.4
25;2021-02-28;5;1;27794;18249;5.2;3.4
25;2021-03-01;443;620;28237;18869;5.2;3.5
25;2021-03-02;652;835;28889;19704;5.4;3.7
25;2021-03-03;541;735;29430;20439;5.5;3.8
25;2021-03-04;1156;658;30586;21097;5.7;3.9
25;2021-03-05;1853;382;32439;21479;6.0;4.0
25;2021-03-06;1168;227;33607;21706;6.2;4.0
25;2021-03-07;9;6;33616;21712;6.2;4.0
25;2021-03-08;548;711;34164;22423;6.3;4.2
25;2021-03-09;1039;775;35203;23198;6.5;4.3
25;2021-03-10;1150;648;36353;23846;6.7;4.4
25;2021-03-11;1658;581;38011;24427;7.0;4.5
25;2021-03-12;1995;444;40006;24871;7.4;4.6
25;2021-03-13;1116;98;41122;24969;7.6;4.6
25;2021-03-14;35;1;41157;24970;7.6;4.6
25;2021-03-15;1125;136;42282;25106;7.8;4.7
25;2021-03-16;1286;115;43568;25221;8.1;4.7
25;2021-03-17;1414;135;44982;25356;8.3;4.7
25;2021-03-18;1527;78;46509;25434;8.6;4.7
25;2021-03-19;1596;126;48105;25560;8.9;4.7
25;2021-03-20;821;36;48926;25596;9.1;4.7
25;2021-03-21;24;0;48950;25596;9.1;4.7
25;2021-03-22;1486;81;50436;25677;9.3;4.8
25;2021-03-23;2162;136;52598;25813;9.8;4.8
25;2021-03-24;2418;90;55016;25903;10.2;4.8
25;2021-03-25;2837;186;57853;26089;10.7;4.8
25;2021-03-26;3156;171;61009;26260;11.3;4.9
25;2021-03-27;1110;85;62119;26345;11.5;4.9
25;2021-03-28;121;64;62240;26409;11.5;4.9
25;2021-03-29;1787;281;64027;26690;11.9;4.9
25;2021-03-30;2212;391;66239;27081;12.3;5.0
25;2021-03-31;2219;355;68458;27436;12.7;5.1
25;2021-04-01;2451;514;70909;27950;13.1;5.2
25;2021-04-02;2027;599;72936;28549;13.5;5.3
25;2021-04-03;448;108;73384;28657;13.6;5.3
25;2021-04-04;39;21;73423;28678;13.6;5.3
25;2021-04-05;145;4;73568;28682;13.6;5.3
25;2021-04-06;1936;679;75504;29361;14.0;5.4
25;2021-04-07;1878;847;77382;30208;14.3;5.6
25;2021-04-08;2430;821;79812;31029;14.8;5.8
25;2021-04-09;2595;990;82407;32019;15.3;5.9
25;2021-04-10;978;289;83385;32308;15.5;6.0
25;2021-04-11;105;28;83490;32336;15.5;6.0
25;2021-04-12;1557;963;85047;33299;15.8;6.2
25;2021-04-13;1985;1312;87032;34611;16.1;6.4
25;2021-04-14;1750;1214;88782;35825;16.5;6.6
25;2021-04-15;1998;1325;90780;37150;16.8;6.9
25;2021-04-16;2085;997;92865;38147;17.2;7.1
25;2021-04-17;1105;413;93970;38560;17.4;7.1
25;2021-04-18;118;18;94088;38578;17.4;7.2
25;2021-04-19;1327;1248;95415;39826;17.7;7.4
25;2021-04-20;1615;1461;97030;41287;18.0;7.7
25;2021-04-21;1716;1630;98746;42917;18.3;8.0
25;2021-04-22;1859;1707;100605;44624;18.6;8.3
25;2021-04-23;1900;1759;102505;46383;19.0;8.6
25;2021-04-24;1281;705;103786;47088;19.2;8.7
25;2021-04-25;140;114;103926;47202;19.3;8.8
25;2021-04-26;1722;1680;105648;48882;19.6;9.1
25;2021-04-27;2803;1521;108451;50403;20.1;9.3
25;2021-04-28;2424;1553;110875;51956;20.6;9.6
25;2021-04-29;2649;1832;113524;53788;21.0;10.0
25;2021-04-30;3106;1579;116630;55367;21.6;10.3
25;2021-05-01;1789;330;118419;55697;22.0;10.3
25;2021-05-02;442;21;118861;55718;22.0;10.3
25;2021-05-03;2902;837;121763;56555;22.6;10.5
25;2021-05-04;2642;1882;124405;58437;23.1;10.8
25;2021-05-05;2598;1662;127003;60099;23.5;11.1
25;2021-05-06;2927;2165;129930;62264;24.1;11.5
25;2021-05-07;3063;2124;132993;64388;24.7;11.9
25;2021-05-08;1334;229;134327;64617;24.9;12.0
25;2021-05-09;244;87;134571;64704;24.9;12.0
25;2021-05-10;3132;1639;137703;66343;25.5;12.3
25;2021-05-11;3749;2036;141452;68379;26.2;12.7
25;2021-05-12;3687;1790;145139;70169;26.9;13.0
25;2021-05-13;3519;599;148658;70768;27.6;13.1
25;2021-05-14;4483;1305;153141;72073;28.4;13.4
25;2021-05-15;3279;703;156420;72776;29.0;13.5
25;2021-05-16;722;92;157142;72868;29.1;13.5
25;2021-05-17;4090;1090;161232;73958;29.9;13.7
25;2021-05-18;5204;1185;166436;75143;30.9;13.9
25;2021-05-19;5248;1128;171684;76271;31.8;14.1
25;2021-05-20;5133;1449;176817;77720;32.8;14.4
25;2021-05-21;5766;1972;182583;79692;33.8;14.8
25;2021-05-22;3176;721;185759;80413;34.4;14.9
25;2021-05-23;781;156;186540;80569;34.6;14.9
25;2021-05-24;1528;150;188068;80719;34.9;15.0
25;2021-05-25;3514;1644;191582;82363;35.5;15.3
25;2021-05-26;3976;1556;195558;83919;36.3;15.6
25;2021-05-27;4517;1898;200075;85817;37.1;15.9
25;2021-05-28;3990;2651;204065;88468;37.8;16.4
25;2021-05-29;2014;1020;206079;89488;38.2;16.6
25;2021-05-30;175;96;206254;89584;38.2;16.6
25;2021-05-31;2673;1711;208927;91295;38.7;16.9
25;2021-06-01;2729;2159;211656;93454;39.2;17.3
25;2021-06-02;2609;2248;214265;95702;39.7;17.7
25;2021-06-03;3274;2043;217539;97745;40.3;18.1
25;2021-06-04;3207;2407;220746;100152;40.9;18.6
25;2021-06-05;1489;1396;222235;101548;41.2;18.8
25;2021-06-06;986;257;223221;101805;41.4;18.9
25;2021-06-07;2784;2572;226005;104377;41.9;19.3
25;2021-06-08;2603;2760;228608;107137;42.4;19.9
25;2021-06-09;2381;2762;230989;109899;42.8;20.4
25;2021-06-10;2323;2652;233312;112551;43.3;20.9
25;2021-06-11;2712;3309;236024;115860;43.8;21.5
25;2021-06-12;1571;1860;237595;117720;44.0;21.8
25;2021-06-13;496;256;238091;117976;44.1;21.9
25;2021-06-14;1422;3758;239513;121734;44.4;22.6
25;2021-06-15;1641;3567;241154;125301;44.7;23.2
25;2021-06-16;1954;3268;243108;128569;45.1;23.8
25;2021-06-17;1473;3326;244581;131895;45.3;24.4
25;2021-06-18;2281;4295;246862;136190;45.8;25.2
25;2021-06-19;1350;1976;248212;138166;46.0;25.6
25;2021-06-20;57;239;248269;138405;46.0;25.7
25;2021-06-21;1140;4138;249409;142543;46.2;26.4
25;2021-06-22;1148;4673;250557;147216;46.4;27.3
25;2021-06-23;1403;4074;251960;151290;46.7;28.0
25;2021-06-24;1190;4080;253150;155370;46.9;28.8
25;2021-06-25;1637;5608;254787;160978;47.2;29.8
25;2021-06-26;626;3382;255413;164360;47.3;30.5
25;2021-06-27;451;879;255864;165239;47.4;30.6
25;2021-06-28;907;4472;256771;169711;47.6;31.5
25;2021-06-29;1127;5466;257898;175177;47.8;32.5
25;2021-06-30;1312;5370;259210;180547;48.1;33.5
25;2021-07-01;1697;5228;260907;185775;48.4;34.4
25;2021-07-02;1747;5061;262654;190836;48.7;35.4
25;2021-07-03;1042;2695;263696;193531;48.9;35.9
25;2021-07-04;409;722;264105;194253;49.0;36.0
25;2021-07-05;1299;2577;265404;196830;49.2;36.5
25;2021-07-06;1570;4744;266974;201574;49.5;37.4
25;2021-07-07;1593;4505;268567;206079;49.8;38.2
25;2021-07-08;1540;3930;270107;210009;50.1;38.9
25;2021-07-09;1732;4585;271839;214594;50.4;39.8
25;2021-07-10;780;2370;272619;216964;50.5;40.2
25;2021-07-11;126;306;272745;217270;50.6;40.3
25;2021-07-12;1391;3855;274136;221125;50.8;41.0
25;2021-07-13;2467;4774;276603;225899;51.3;41.9
25;2021-07-14;376;561;276979;226460;51.3;42.0
25;2021-07-15;2396;3654;279375;230114;51.8;42.7
25;2021-07-16;3474;3833;282849;233947;52.4;43.4
25;2021-07-17;2193;2029;285042;235976;52.8;43.7
25;2021-07-18;804;1297;285846;237273;53.0;44.0
25;2021-07-19;2529;4204;288375;241477;53.5;44.8
25;2021-07-20;3368;3709;291743;245186;54.1;45.5
25;2021-07-21;3277;3362;295020;248548;54.7;46.1
25;2021-07-22;3311;2972;298331;251520;55.3;46.6
25;2021-07-23;3545;3344;301876;254864;56.0;47.2
25;2021-07-24;1401;2267;303277;257131;56.2;47.7
25;2021-07-25;672;706;303949;257837;56.3;47.8
25;2021-07-26;3040;3012;306989;260849;56.9;48.4
25;2021-07-27;3809;2110;310798;262959;57.6;48.7
25;2021-07-28;3661;2098;314459;265057;58.3;49.1
25;2021-07-29;4302;2079;318761;267136;59.1;49.5
25;2021-07-30;4226;2471;322987;269607;59.9;50.0
25;2021-07-31;1814;1466;324801;271073;60.2;50.2
25;2021-08-01;1343;195;326144;271268;60.5;50.3
25;2021-08-02;2708;2210;328852;273478;61.0;50.7
25;2021-08-03;2812;2193;331664;275671;61.5;51.1
25;2021-08-04;2920;1413;334584;277084;62.0;51.4
25;2021-08-05;2189;1716;336773;278800;62.4;51.7
25;2021-08-06;2274;2334;339047;281134;62.9;52.1
25;2021-08-07;1287;1189;340334;282323;63.1;52.3
25;2021-08-08;319;473;340653;282796;63.1;52.4
25;2021-08-09;2005;2204;342658;285000;63.5;52.8
25;2021-08-10;1938;2498;344596;287498;63.9;53.3
25;2021-08-11;1809;2010;346405;289508;64.2;53.7
26;2020-12-27;0;0;0;0;0.0;0.0
26;2020-12-28;0;0;0;0;0.0;0.0
26;2020-12-29;0;0;0;0;0.0;0.0
26;2020-12-30;0;0;0;0;0.0;0.0
26;2020-12-31;0;0;0;0;0.0;0.0
26;2021-01-01;0;0;0;0;0.0;0.0
26;2021-01-02;0;0;0;0;0.0;0.0
26;2021-01-03;0;0;0;0;0.0;0.0
26;2021-01-04;0;0;0;0;0.0;0.0
26;2021-01-05;0;0;0;0;0.0;0.0
26;2021-01-06;0;0;0;0;0.0;0.0
26;2021-01-07;168;0;168;0;0.0;0.0
26;2021-01-08;125;0;293;0;0.1;0.0
26;2021-01-09;2;0;295;0;0.1;0.0
26;2021-01-10;0;0;295;0;0.1;0.0
26;2021-01-11;266;1;561;1;0.1;0.0
26;2021-01-12;175;1;736;2;0.1;0.0
26;2021-01-13;417;1;1153;3;0.2;0.0
26;2021-01-14;487;0;1640;3;0.3;0.0
26;2021-01-15;562;1;2202;4;0.4;0.0
26;2021-01-16;250;1;2452;5;0.5;0.0
26;2021-01-17;0;0;2452;5;0.5;0.0
26;2021-01-18;636;1;3088;6;0.6;0.0
26;2021-01-19;782;4;3870;10;0.7;0.0
26;2021-01-20;742;0;4612;10;0.9;0.0
26;2021-01-21;806;5;5418;15;1.0;0.0
26;2021-01-22;787;4;6205;19;1.2;0.0
26;2021-01-23;563;2;6768;21;1.3;0.0
26;2021-01-24;24;0;6792;21;1.3;0.0
26;2021-01-25;697;1;7489;22;1.4;0.0
26;2021-01-26;801;4;8290;26;1.6;0.0
26;2021-01-27;822;9;9112;35;1.8;0.0
26;2021-01-28;1328;169;10440;204;2.0;0.0
26;2021-01-29;970;66;11410;270;2.2;0.1
26;2021-01-30;605;5;12015;275;2.3;0.1
26;2021-01-31;24;0;12039;275;2.3;0.1
26;2021-02-01;709;189;12748;464;2.4;0.1
26;2021-02-02;1274;212;14022;676;2.7;0.1
26;2021-02-03;1234;258;15256;934;2.9;0.2
26;2021-02-04;985;452;16241;1386;3.1;0.3
26;2021-02-05;672;335;16913;1721;3.2;0.3
26;2021-02-06;407;241;17320;1962;3.3;0.4
26;2021-02-07;57;2;17377;1964;3.3;0.4
26;2021-02-08;544;418;17921;2382;3.4;0.5
26;2021-02-09;618;478;18539;2860;3.6;0.5
26;2021-02-10;665;339;19204;3199;3.7;0.6
26;2021-02-11;753;330;19957;3529;3.8;0.7
26;2021-02-12;590;453;20547;3982;3.9;0.8
26;2021-02-13;388;338;20935;4320;4.0;0.8
26;2021-02-14;36;0;20971;4320;4.0;0.8
26;2021-02-15;414;532;21385;4852;4.1;0.9
26;2021-02-16;294;560;21679;5412;4.2;1.0
26;2021-02-17;195;741;21874;6153;4.2;1.2
26;2021-02-18;337;900;22211;7053;4.3;1.4
26;2021-02-19;341;809;22552;7862;4.3;1.5
26;2021-02-20;95;491;22647;8353;4.4;1.6
26;2021-02-21;3;24;22650;8377;4.4;1.6
26;2021-02-22;144;719;22794;9096;4.4;1.7
26;2021-02-23;397;999;23191;10095;4.5;1.9
26;2021-02-24;342;1222;23533;11317;4.5;2.2
26;2021-02-25;734;1071;24267;12388;4.7;2.4
26;2021-02-26;925;639;25192;13027;4.8;2.5
26;2021-02-27;279;512;25471;13539;4.9;2.6
26;2021-02-28;3;30;25474;13569;4.9;2.6
26;2021-03-01;457;660;25931;14229;5.0;2.7
26;2021-03-02;741;633;26672;14862;5.1;2.9
26;2021-03-03;730;685;27402;15547;5.3;3.0
26;2021-03-04;1043;582;28445;16129;5.5;3.1
26;2021-03-05;1710;519;30155;16648;5.8;3.2
26;2021-03-06;2772;499;32927;17147;6.3;3.3
26;2021-03-07;2988;208;35915;17355;6.9;3.3
26;2021-03-08;908;652;36823;18007;7.1;3.5
26;2021-03-09;1323;556;38146;18563;7.3;3.6
26;2021-03-10;1219;515;39365;19078;7.6;3.7
26;2021-03-11;1608;650;40973;19728;7.9;3.8
26;2021-03-12;2216;475;43189;20203;8.3;3.9
26;2021-03-13;1885;345;45074;20548;8.7;3.9
26;2021-03-14;69;39;45143;20587;8.7;4.0
26;2021-03-15;1652;248;46795;20835;9.0;4.0
26;2021-03-16;1232;511;48027;21346;9.2;4.1
26;2021-03-17;1369;307;49396;21653;9.5;4.2
26;2021-03-18;1587;284;50983;21937;9.8;4.2
26;2021-03-19;2442;346;53425;22283;10.3;4.3
26;2021-03-20;1289;149;54714;22432;10.5;4.3
26;2021-03-21;61;20;54775;22452;10.5;4.3
26;2021-03-22;1845;193;56620;22645;10.9;4.4
26;2021-03-23;2474;272;59094;22917;11.4;4.4
26;2021-03-24;2551;243;61645;23160;11.8;4.4
26;2021-03-25;3040;336;64685;23496;12.4;4.5
26;2021-03-26;3048;352;67733;23848;13.0;4.6
26;2021-03-27;1245;156;68978;24004;13.3;4.6
26;2021-03-28;94;7;69072;24011;13.3;4.6
26;2021-03-29;1908;405;70980;24416;13.6;4.7
26;2021-03-30;2381;541;73361;24957;14.1;4.8
26;2021-03-31;2229;579;75590;25536;14.5;4.9
26;2021-04-01;2275;779;77865;26315;15.0;5.1
26;2021-04-02;2214;985;80079;27300;15.4;5.2
26;2021-04-03;552;1203;80631;28503;15.5;5.5
26;2021-04-04;215;887;80846;29390;15.5;5.6
26;2021-04-05;555;54;81401;29444;15.6;5.7
26;2021-04-06;1486;834;82887;30278;15.9;5.8
26;2021-04-07;1791;901;84678;31179;16.3;6.0
26;2021-04-08;3003;927;87681;32106;16.8;6.2
26;2021-04-09;3415;1001;91096;33107;17.5;6.4
26;2021-04-10;1355;918;92451;34025;17.8;6.5
26;2021-04-11;89;35;92540;34060;17.8;6.5
26;2021-04-12;1713;1127;94253;35187;18.1;6.8
26;2021-04-13;2795;1447;97048;36634;18.6;7.0
26;2021-04-14;2206;1473;99254;38107;19.1;7.3
26;2021-04-15;2275;1581;101529;39688;19.5;7.6
26;2021-04-16;2270;1588;103799;41276;19.9;7.9
26;2021-04-17;1096;841;104895;42117;20.2;8.1
26;2021-04-18;35;52;104930;42169;20.2;8.1
26;2021-04-19;1547;1572;106477;43741;20.5;8.4
26;2021-04-20;1798;1728;108275;45469;20.8;8.7
26;2021-04-21;2011;1510;110286;46979;21.2;9.0
26;2021-04-22;2289;1605;112575;48584;21.6;9.3
26;2021-04-23;2009;1634;114584;50218;22.0;9.6
26;2021-04-24;1654;844;116238;51062;22.3;9.8
26;2021-04-25;629;94;116867;51156;22.5;9.8
26;2021-04-26;1376;1600;118243;52756;22.7;10.1
26;2021-04-27;1986;1687;120229;54443;23.1;10.5
26;2021-04-28;1867;1544;122096;55987;23.5;10.8
26;2021-04-29;2865;1889;124961;57876;24.0;11.1
26;2021-04-30;2622;1762;127583;59638;24.5;11.5
26;2021-05-01;1538;382;129121;60020;24.8;11.5
26;2021-05-02;1086;116;130207;60136;25.0;11.6
26;2021-05-03;2201;1785;132408;61921;25.4;11.9
26;2021-05-04;2609;2352;135017;64273;25.9;12.3
26;2021-05-05;2772;2191;137789;66464;26.5;12.8
26;2021-05-06;3320;2212;141109;68676;27.1;13.2
26;2021-05-07;2857;2260;143966;70936;27.7;13.6
26;2021-05-08;1956;625;145922;71561;28.0;13.7
26;2021-05-09;712;123;146634;71684;28.2;13.8
26;2021-05-10;3020;1825;149654;73509;28.7;14.1
26;2021-05-11;4441;2189;154095;75698;29.6;14.5
26;2021-05-12;4825;1689;158920;77387;30.5;14.9
26;2021-05-13;4364;611;163284;77998;31.4;15.0
26;2021-05-14;4643;1545;167927;79543;32.3;15.3
26;2021-05-15;4468;630;172395;80173;33.1;15.4
26;2021-05-16;3630;341;176025;80514;33.8;15.5
26;2021-05-17;3657;1487;179682;82001;34.5;15.8
26;2021-05-18;4476;1742;184158;83743;35.4;16.1
26;2021-05-19;4483;1447;188641;85190;36.2;16.4
26;2021-05-20;4685;1750;193326;86940;37.1;16.7
26;2021-05-21;4727;1797;198053;88737;38.0;17.0
26;2021-05-22;3187;687;201240;89424;38.7;17.2
26;2021-05-23;1597;184;202837;89608;39.0;17.2
26;2021-05-24;3789;743;206626;90351;39.7;17.4
26;2021-05-25;3591;2336;210217;92687;40.4;17.8
26;2021-05-26;4181;2264;214398;94951;41.2;18.2
26;2021-05-27;4217;2465;218615;97416;42.0;18.7
26;2021-05-28;3777;2769;222392;100185;42.7;19.2
26;2021-05-29;3088;1644;225480;101829;43.3;19.6
26;2021-05-30;322;71;225802;101900;43.4;19.6
26;2021-05-31;3081;1850;228883;103750;44.0;19.9
26;2021-06-01;3108;2305;231991;106055;44.6;20.4
26;2021-06-02;2869;2213;234860;108268;45.1;20.8
26;2021-06-03;2850;2491;237710;110759;45.7;21.3
26;2021-06-04;2660;2904;240370;113663;46.2;21.8
26;2021-06-05;1801;1694;242171;115357;46.5;22.2
26;2021-06-06;9;0;242180;115357;46.5;22.2
26;2021-06-07;2347;2426;244527;117783;47.0;22.6
26;2021-06-08;2455;2293;246982;120076;47.4;23.1
26;2021-06-09;2094;2383;249076;122459;47.8;23.5
26;2021-06-10;1976;2761;251052;125220;48.2;24.1
26;2021-06-11;1896;3273;252948;128493;48.6;24.7
26;2021-06-12;1218;1792;254166;130285;48.8;25.0
26;2021-06-13;96;214;254262;130499;48.8;25.1
26;2021-06-14;1416;3498;255678;133997;49.1;25.7
26;2021-06-15;1584;3960;257262;137957;49.4;26.5
26;2021-06-16;1786;3465;259048;141422;49.8;27.2
26;2021-06-17;1510;3166;260558;144588;50.1;27.8
26;2021-06-18;1797;4367;262355;148955;50.4;28.6
26;2021-06-19;932;3182;263287;152137;50.6;29.2
26;2021-06-20;264;875;263551;153012;50.6;29.4
26;2021-06-21;1006;4549;264557;157561;50.8;30.3
26;2021-06-22;1062;5121;265619;162682;51.0;31.3
26;2021-06-23;1167;5073;266786;167755;51.2;32.2
26;2021-06-24;1262;4540;268048;172295;51.5;33.1
26;2021-06-25;1017;5542;269065;177837;51.7;34.2
26;2021-06-26;662;3822;269727;181659;51.8;34.9
26;2021-06-27;300;1273;270027;182932;51.9;35.1
26;2021-06-28;777;4755;270804;187687;52.0;36.1
26;2021-06-29;1098;4959;271902;192646;52.2;37.0
26;2021-06-30;1413;4889;273315;197535;52.5;37.9
26;2021-07-01;1640;4392;274955;201927;52.8;38.8
26;2021-07-02;1329;5163;276284;207090;53.1;39.8
26;2021-07-03;773;3327;277057;210417;53.2;40.4
26;2021-07-04;333;634;277390;211051;53.3;40.5
26;2021-07-05;885;4675;278275;215726;53.5;41.4
26;2021-07-06;1268;4203;279543;219929;53.7;42.2
26;2021-07-07;1409;3796;280952;223725;54.0;43.0
26;2021-07-08;2363;3328;283315;227053;54.4;43.6
26;2021-07-09;1557;4791;284872;231844;54.7;44.5
26;2021-07-10;908;2916;285780;234760;54.9;45.1
26;2021-07-11;335;352;286115;235112;55.0;45.2
26;2021-07-12;1111;4217;287226;239329;55.2;46.0
26;2021-07-13;2297;4340;289523;243669;55.6;46.8
26;2021-07-14;1056;814;290579;244483;55.8;47.0
26;2021-07-15;3167;3652;293746;248135;56.4;47.7
26;2021-07-16;2955;3693;296701;251828;57.0;48.4
26;2021-07-17;1873;1809;298574;253637;57.4;48.7
26;2021-07-18;17;24;298591;253661;57.4;48.7
26;2021-07-19;2718;3262;301309;256923;57.9;49.4
26;2021-07-20;3696;3363;305005;260286;58.6;50.0
26;2021-07-21;3576;3098;308581;263384;59.3;50.6
26;2021-07-22;4104;2955;312685;266339;60.1;51.2
26;2021-07-23;3843;3387;316528;269726;60.8;51.8
26;2021-07-24;2338;1348;318866;271074;61.3;52.1
26;2021-07-25;607;94;319473;271168;61.4;52.1
26;2021-07-26;3415;2576;322888;273744;62.0;52.6
26;2021-07-27;4798;2609;327686;276353;62.9;53.1
26;2021-07-28;4510;2374;332196;278727;63.8;53.5
26;2021-07-29;3885;2879;336081;281606;64.6;54.1
26;2021-07-30;3471;2666;339552;284272;65.2;54.6
26;2021-07-31;1141;1006;340693;285278;65.4;54.8
26;2021-08-01;405;106;341098;285384;65.5;54.8
26;2021-08-02;2933;2349;344031;287733;66.1;55.3
26;2021-08-03;3287;2279;347318;290012;66.7;55.7
26;2021-08-04;3969;1997;351287;292009;67.5;56.1
26;2021-08-05;3127;2189;354414;294198;68.1;56.5
26;2021-08-06;3123;2628;357537;296826;68.7;57.0
26;2021-08-07;631;841;358168;297667;68.8;57.2
26;2021-08-08;28;13;358196;297680;68.8;57.2
26;2021-08-09;2177;3051;360373;300731;69.2;57.8
26;2021-08-10;2322;3030;362695;303761;69.7;58.4
26;2021-08-11;2059;2701;364754;306462;70.1;58.9
27;2020-12-27;1;0;1;0;0.0;0.0
27;2020-12-28;0;0;1;0;0.0;0.0
27;2020-12-29;1;0;2;0;0.0;0.0
27;2020-12-30;0;0;2;0;0.0;0.0
27;2020-12-31;0;0;2;0;0.0;0.0
27;2021-01-01;0;0;2;0;0.0;0.0
27;2021-01-02;0;0;2;0;0.0;0.0
27;2021-01-03;2;0;4;0;0.0;0.0
27;2021-01-04;0;0;4;0;0.0;0.0
27;2021-01-05;15;0;19;0;0.0;0.0
27;2021-01-06;161;0;180;0;0.0;0.0
27;2021-01-07;371;1;551;1;0.1;0.0
27;2021-01-08;442;0;993;1;0.2;0.0
27;2021-01-09;72;1;1065;2;0.2;0.0
27;2021-01-10;101;0;1166;2;0.2;0.0
27;2021-01-11;383;0;1549;2;0.3;0.0
27;2021-01-12;409;2;1958;4;0.3;0.0
27;2021-01-13;839;1;2797;5;0.5;0.0
27;2021-01-14;1625;26;4422;31;0.7;0.0
27;2021-01-15;1219;5;5641;36;0.9;0.0
27;2021-01-16;333;2;5974;38;1.0;0.0
27;2021-01-17;205;0;6179;38;1.0;0.0
27;2021-01-18;798;2;6977;40;1.2;0.0
27;2021-01-19;773;2;7750;42;1.3;0.0
27;2021-01-20;871;0;8621;42;1.4;0.0
27;2021-01-21;655;1;9276;43;1.5;0.0
27;2021-01-22;778;4;10054;47;1.7;0.0
27;2021-01-23;350;0;10404;47;1.7;0.0
27;2021-01-24;169;6;10573;53;1.8;0.0
27;2021-01-25;635;16;11208;69;1.9;0.0
27;2021-01-26;462;17;11670;86;1.9;0.0
27;2021-01-27;506;105;12176;191;2.0;0.0
27;2021-01-28;517;296;12693;487;2.1;0.1
27;2021-01-29;509;109;13202;596;2.2;0.1
27;2021-01-30;242;31;13444;627;2.2;0.1
27;2021-01-31;27;24;13471;651;2.2;0.1
27;2021-02-01;348;196;13819;847;2.3;0.1
27;2021-02-02;307;281;14126;1128;2.4;0.2
27;2021-02-03;488;402;14614;1530;2.4;0.3
27;2021-02-04;718;890;15332;2420;2.6;0.4
27;2021-02-05;662;1155;15994;3575;2.7;0.6
27;2021-02-06;125;223;16119;3798;2.7;0.6
27;2021-02-07;25;42;16144;3840;2.7;0.6
27;2021-02-08;310;380;16454;4220;2.7;0.7
27;2021-02-09;342;557;16796;4777;2.8;0.8
27;2021-02-10;302;527;17098;5304;2.8;0.9
27;2021-02-11;317;460;17415;5764;2.9;1.0
27;2021-02-12;229;545;17644;6309;2.9;1.1
27;2021-02-13;151;134;17795;6443;3.0;1.1
27;2021-02-14;6;93;17801;6536;3.0;1.1
27;2021-02-15;389;600;18190;7136;3.0;1.2
27;2021-02-16;295;736;18485;7872;3.1;1.3
27;2021-02-17;247;641;18732;8513;3.1;1.4
27;2021-02-18;363;684;19095;9197;3.2;1.5
27;2021-02-19;219;690;19314;9887;3.2;1.6
27;2021-02-20;129;251;19443;10138;3.2;1.7
27;2021-02-21;12;140;19455;10278;3.2;1.7
27;2021-02-22;482;566;19937;10844;3.3;1.8
27;2021-02-23;495;628;20432;11472;3.4;1.9
27;2021-02-24;543;652;20975;12124;3.5;2.0
27;2021-02-25;844;759;21819;12883;3.6;2.1
27;2021-02-26;953;691;22772;13574;3.8;2.3
27;2021-02-27;406;159;23178;13733;3.9;2.3
27;2021-02-28;173;32;23351;13765;3.9;2.3
27;2021-03-01;485;443;23836;14208;4.0;2.4
27;2021-03-02;765;365;24601;14573;4.1;2.4
27;2021-03-03;852;364;25453;14937;4.2;2.5
27;2021-03-04;884;234;26337;15171;4.4;2.5
27;2021-03-05;1304;235;27641;15406;4.6;2.6
27;2021-03-06;1637;106;29278;15512;4.9;2.6
27;2021-03-07;620;13;29898;15525;5.0;2.6
27;2021-03-08;1204;307;31102;15832;5.2;2.6
27;2021-03-09;1822;262;32924;16094;5.5;2.7
27;2021-03-10;2115;345;35039;16439;5.8;2.7
27;2021-03-11;2148;222;37187;16661;6.2;2.8
27;2021-03-12;2818;191;40005;16852;6.7;2.8
27;2021-03-13;1919;117;41924;16969;7.0;2.8
27;2021-03-14;655;14;42579;16983;7.1;2.8
27;2021-03-15;1550;212;44129;17195;7.3;2.9
27;2021-03-16;1484;234;45613;17429;7.6;2.9
27;2021-03-17;1851;340;47464;17769;7.9;3.0
27;2021-03-18;1684;342;49148;18111;8.2;3.0
27;2021-03-19;1832;169;50980;18280;8.5;3.0
27;2021-03-20;903;39;51883;18319;8.6;3.0
27;2021-03-21;258;3;52141;18322;8.7;3.1
27;2021-03-22;1234;544;53375;18866;8.9;3.1
27;2021-03-23;1626;461;55001;19327;9.2;3.2
27;2021-03-24;1523;474;56524;19801;9.4;3.3
27;2021-03-25;2163;503;58687;20304;9.8;3.4
27;2021-03-26;2530;442;61217;20746;10.2;3.5
27;2021-03-27;1568;199;62785;20945;10.5;3.5
27;2021-03-28;1149;49;63934;20994;10.6;3.5
27;2021-03-29;1376;831;65310;21825;10.9;3.6
27;2021-03-30;1392;848;66702;22673;11.1;3.8
27;2021-03-31;1487;876;68189;23549;11.4;3.9
27;2021-04-01;1954;808;70143;24357;11.7;4.1
27;2021-04-02;1999;1181;72142;25538;12.0;4.3
27;2021-04-03;1562;736;73704;26274;12.3;4.4
27;2021-04-04;976;174;74680;26448;12.4;4.4
27;2021-04-05;282;6;74962;26454;12.5;4.4
27;2021-04-06;1413;1805;76375;28259;12.7;4.7
27;2021-04-07;1322;1745;77697;30004;12.9;5.0
27;2021-04-08;1683;1677;79380;31681;13.2;5.3
27;2021-04-09;2947;1553;82327;33234;13.7;5.5
27;2021-04-10;2033;982;84360;34216;14.0;5.7
27;2021-04-11;946;212;85306;34428;14.2;5.7
27;2021-04-12;2436;1506;87742;35934;14.6;6.0
27;2021-04-13;2392;1551;90134;37485;15.0;6.2
27;2021-04-14;2086;1624;92220;39109;15.4;6.5
27;2021-04-15;1876;1661;94096;40770;15.7;6.8
27;2021-04-16;2751;1113;96847;41883;16.1;7.0
27;2021-04-17;2169;494;99016;42377;16.5;7.1
27;2021-04-18;453;16;99469;42393;16.6;7.1
27;2021-04-19;1712;1174;101181;43567;16.8;7.3
27;2021-04-20;2386;1301;103567;44868;17.2;7.5
27;2021-04-21;2209;1080;105776;45948;17.6;7.6
27;2021-04-22;2179;1410;107955;47358;18.0;7.9
27;2021-04-23;2448;1175;110403;48533;18.4;8.1
27;2021-04-24;3258;1139;113661;49672;18.9;8.3
27;2021-04-25;1129;1052;114790;50724;19.1;8.4
27;2021-04-26;1922;1142;116712;51866;19.4;8.6
27;2021-04-27;2525;1088;119237;52954;19.9;8.8
27;2021-04-28;2391;1312;121628;54266;20.2;9.0
27;2021-04-29;2492;1470;124120;55736;20.7;9.3
27;2021-04-30;2371;1609;126491;57345;21.1;9.5
27;2021-05-01;2637;887;129128;58232;21.5;9.7
27;2021-05-02;1953;895;131081;59127;21.8;9.8
27;2021-05-03;3065;879;134146;60006;22.3;10.0
27;2021-05-04;2779;1643;136925;61649;22.8;10.3
27;2021-05-05;2817;1651;139742;63300;23.3;10.5
27;2021-05-06;3184;1291;142926;64591;23.8;10.8
27;2021-05-07;3325;2001;146251;66592;24.3;11.1
27;2021-05-08;2799;1331;149050;67923;24.8;11.3
27;2021-05-09;1697;298;150747;68221;25.1;11.4
27;2021-05-10;2952;2270;153699;70491;25.6;11.7
27;2021-05-11;3354;1754;157053;72245;26.1;12.0
27;2021-05-12;3462;1726;160515;73971;26.7;12.3
27;2021-05-13;1891;253;162406;74224;27.0;12.4
27;2021-05-14;3883;1788;166289;76012;27.7;12.7
27;2021-05-15;6602;955;172891;76967;28.8;12.8
27;2021-05-16;3667;435;176558;77402;29.4;12.9
27;2021-05-17;2774;1158;179332;78560;29.9;13.1
27;2021-05-18;3846;1290;183178;79850;30.5;13.3
27;2021-05-19;3967;1148;187145;80998;31.2;13.5
27;2021-05-20;3873;1165;191018;82163;31.8;13.7
27;2021-05-21;3968;1800;194986;83963;32.5;14.0
27;2021-05-22;4366;801;199352;84764;33.2;14.1
27;2021-05-23;800;173;200152;84937;33.3;14.1
27;2021-05-24;1490;340;201642;85277;33.6;14.2
27;2021-05-25;3513;1607;205155;86884;34.2;14.5
27;2021-05-26;3857;1738;209012;88622;34.8;14.8
27;2021-05-27;3787;1487;212799;90109;35.4;15.0
27;2021-05-28;3398;2630;216197;92739;36.0;15.4
27;2021-05-29;4824;2298;221021;95037;36.8;15.8
27;2021-05-30;1119;248;222140;95285;37.0;15.9
27;2021-05-31;3464;2275;225604;97560;37.6;16.2
27;2021-06-01;3815;2245;229419;99805;38.2;16.6
27;2021-06-02;3340;2184;232759;101989;38.7;17.0
27;2021-06-03;4429;2126;237188;104115;39.5;17.3
27;2021-06-04;3602;2974;240790;107089;40.1;17.8
27;2021-06-05;3213;3348;244003;110437;40.6;18.4
27;2021-06-06;2004;1007;246007;111444;41.0;18.6
27;2021-06-07;2567;2357;248574;113801;41.4;18.9
27;2021-06-08;3123;2377;251697;116178;41.9;19.3
27;2021-06-09;2303;2469;254000;118647;42.3;19.8
27;2021-06-10;2431;2038;256431;120685;42.7;20.1
27;2021-06-11;2890;3771;259321;124456;43.2;20.7
27;2021-06-12;1984;4190;261305;128646;43.5;21.4
27;2021-06-13;1082;2685;262387;131331;43.7;21.9
27;2021-06-14;1995;3115;264382;134446;44.0;22.4
27;2021-06-15;2688;3021;267070;137467;44.5;22.9
27;2021-06-16;2503;3260;269573;140727;44.9;23.4
27;2021-06-17;2296;3285;271869;144012;45.3;24.0
27;2021-06-18;2746;4420;274615;148432;45.7;24.7
27;2021-06-19;1862;3388;276477;151820;46.0;25.3
27;2021-06-20;608;711;277085;152531;46.1;25.4
27;2021-06-21;1703;3492;278788;156023;46.4;26.0
27;2021-06-22;2384;3720;281172;159743;46.8;26.6
27;2021-06-23;2074;3567;283246;163310;47.2;27.2
27;2021-06-24;2256;3412;285502;166722;47.5;27.8
27;2021-06-25;1936;4457;287438;171179;47.9;28.5
27;2021-06-26;883;5354;288321;176533;48.0;29.4
27;2021-06-27;377;1426;288698;177959;48.1;29.6
27;2021-06-28;1129;3403;289827;181362;48.2;30.2
27;2021-06-29;1702;4369;291529;185731;48.5;30.9
27;2021-06-30;2116;4095;293645;189826;48.9;31.6
27;2021-07-01;2224;3903;295869;193729;49.3;32.3
27;2021-07-02;1584;4617;297453;198346;49.5;33.0
27;2021-07-03;1309;4775;298762;203121;49.7;33.8
27;2021-07-04;504;1405;299266;204526;49.8;34.0
27;2021-07-05;1420;3531;300686;208057;50.1;34.6
27;2021-07-06;1369;4182;302055;212239;50.3;35.3
27;2021-07-07;1754;4900;303809;217139;50.6;36.1
27;2021-07-08;2086;4347;305895;221486;50.9;36.9
27;2021-07-09;1985;5285;307880;226771;51.3;37.8
27;2021-07-10;1166;4176;309046;230947;51.4;38.4
27;2021-07-11;424;1141;309470;232088;51.5;38.6
27;2021-07-12;1245;4378;310715;236466;51.7;39.4
27;2021-07-13;2757;5353;313472;241819;52.2;40.3
27;2021-07-14;1516;1749;314988;243568;52.4;40.5
27;2021-07-15;3027;5470;318015;249038;52.9;41.5
27;2021-07-16;3808;5288;321823;254326;53.6;42.3
27;2021-07-17;2725;3878;324548;258204;54.0;43.0
27;2021-07-18;551;1263;325099;259467;54.1;43.2
27;2021-07-19;3683;3787;328782;263254;54.7;43.8
27;2021-07-20;3434;3587;332216;266841;55.3;44.4
27;2021-07-21;4240;3899;336456;270740;56.0;45.1
27;2021-07-22;4727;3695;341183;274435;56.8;45.7
27;2021-07-23;3568;3393;344751;277828;57.4;46.3
27;2021-07-24;3105;2326;347856;280154;57.9;46.6
27;2021-07-25;491;545;348347;280699;58.0;46.7
27;2021-07-26;3052;3178;351399;283877;58.5;47.3
27;2021-07-27;3568;3099;354967;286976;59.1;47.8
27;2021-07-28;3567;3240;358534;290216;59.7;48.3
27;2021-07-29;4571;3499;363105;293715;60.4;48.9
27;2021-07-30;3789;3136;366894;296851;61.1;49.4
27;2021-07-31;3044;2576;369938;299427;61.6;49.8
27;2021-08-01;536;497;370474;299924;61.7;49.9
27;2021-08-02;3312;2575;373786;302499;62.2;50.4
27;2021-08-03;3412;2772;377198;305271;62.8;50.8
27;2021-08-04;3017;2327;380215;307598;63.3;51.2
27;2021-08-05;2659;2349;382874;309947;63.7;51.6
27;2021-08-06;3248;3241;386122;313188;64.3;52.1
27;2021-08-07;1790;2547;387912;315735;64.6;52.6
27;2021-08-08;219;195;388131;315930;64.6;52.6
27;2021-08-09;2205;2803;390336;318733;65.0;53.1
27;2021-08-10;2800;3491;393136;322224;65.4;53.6
27;2021-08-11;2607;3088;395743;325312;65.9;54.2
28;2020-12-27;0;0;0;0;0.0;0.0
28;2020-12-28;0;0;0;0;0.0;0.0
28;2020-12-29;0;0;0;0;0.0;0.0
28;2020-12-30;0;0;0;0;0.0;0.0
28;2020-12-31;0;0;0;0;0.0;0.0
28;2021-01-01;1;0;1;0;0.0;0.0
28;2021-01-02;0;0;1;0;0.0;0.0
28;2021-01-03;0;0;1;0;0.0;0.0
28;2021-01-04;0;0;1;0;0.0;0.0
28;2021-01-05;5;0;6;0;0.0;0.0
28;2021-01-06;84;0;90;0;0.0;0.0
28;2021-01-07;102;0;192;0;0.0;0.0
28;2021-01-08;134;2;326;2;0.1;0.0
28;2021-01-09;78;0;404;2;0.1;0.0
28;2021-01-10;1;0;405;2;0.1;0.0
28;2021-01-11;204;0;609;2;0.1;0.0
28;2021-01-12;265;2;874;4;0.2;0.0
28;2021-01-13;398;3;1272;7;0.3;0.0
28;2021-01-14;449;5;1721;12;0.4;0.0
28;2021-01-15;374;3;2095;15;0.5;0.0
28;2021-01-16;206;2;2301;17;0.5;0.0
28;2021-01-17;21;0;2322;17;0.5;0.0
28;2021-01-18;372;2;2694;19;0.6;0.0
28;2021-01-19;503;3;3197;22;0.7;0.0
28;2021-01-20;636;1;3833;23;0.9;0.0
28;2021-01-21;796;3;4629;26;1.1;0.0
28;2021-01-22;478;1;5107;27;1.2;0.0
28;2021-01-23;353;0;5460;27;1.3;0.0
28;2021-01-24;1;0;5461;27;1.3;0.0
28;2021-01-25;456;4;5917;31;1.4;0.0
28;2021-01-26;718;4;6635;35;1.5;0.0
28;2021-01-27;1213;50;7848;85;1.8;0.0
28;2021-01-28;1587;91;9435;176;2.2;0.0
28;2021-01-29;896;98;10331;274;2.4;0.1
28;2021-01-30;248;54;10579;328;2.5;0.1
28;2021-01-31;2;22;10581;350;2.5;0.1
28;2021-02-01;324;124;10905;474;2.5;0.1
28;2021-02-02;368;240;11273;714;2.6;0.2
28;2021-02-03;473;259;11746;973;2.7;0.2
28;2021-02-04;525;278;12271;1251;2.9;0.3
28;2021-02-05;436;226;12707;1477;3.0;0.3
28;2021-02-06;199;128;12906;1605;3.0;0.4
28;2021-02-07;0;0;12906;1605;3.0;0.4
28;2021-02-08;331;250;13237;1855;3.1;0.4
28;2021-02-09;281;347;13518;2202;3.1;0.5
28;2021-02-10;441;402;13959;2604;3.3;0.6
28;2021-02-11;562;491;14521;3095;3.4;0.7
28;2021-02-12;453;434;14974;3529;3.5;0.8
28;2021-02-13;181;192;15155;3721;3.5;0.9
28;2021-02-14;0;2;15155;3723;3.5;0.9
28;2021-02-15;280;475;15435;4198;3.6;1.0
28;2021-02-16;395;710;15830;4908;3.7;1.1
28;2021-02-17;582;1149;16412;6057;3.8;1.4
28;2021-02-18;665;1399;17077;7456;4.0;1.7
28;2021-02-19;546;765;17623;8221;4.1;1.9
28;2021-02-20;114;145;17737;8366;4.1;1.9
28;2021-02-21;7;33;17744;8399;4.1;2.0
28;2021-02-22;223;521;17967;8920;4.2;2.1
28;2021-02-23;203;379;18170;9299;4.2;2.2
28;2021-02-24;244;480;18414;9779;4.3;2.3
28;2021-02-25;574;453;18988;10232;4.4;2.4
28;2021-02-26;764;377;19752;10609;4.6;2.5
28;2021-02-27;265;86;20017;10695;4.7;2.5
28;2021-02-28;23;17;20040;10712;4.7;2.5
28;2021-03-01;291;215;20331;10927;4.7;2.5
28;2021-03-02;397;276;20728;11203;4.8;2.6
28;2021-03-03;369;401;21097;11604;4.9;2.7
28;2021-03-04;719;487;21816;12091;5.1;2.8
28;2021-03-05;1319;419;23135;12510;5.4;2.9
28;2021-03-06;1998;82;25133;12592;5.9;2.9
28;2021-03-07;974;28;26107;12620;6.1;2.9
28;2021-03-08;398;309;26505;12929;6.2;3.0
28;2021-03-09;980;359;27485;13288;6.4;3.1
28;2021-03-10;1358;539;28843;13827;6.7;3.2
28;2021-03-11;1533;698;30376;14525;7.1;3.4
28;2021-03-12;2256;636;32632;15161;7.6;3.5
28;2021-03-13;1235;131;33867;15292;7.9;3.6
28;2021-03-14;518;18;34385;15310;8.0;3.6
28;2021-03-15;756;231;35141;15541;8.2;3.6
28;2021-03-16;716;223;35857;15764;8.4;3.7
28;2021-03-17;747;288;36604;16052;8.5;3.7
28;2021-03-18;1200;278;37804;16330;8.8;3.8
28;2021-03-19;1557;332;39361;16662;9.2;3.9
28;2021-03-20;639;19;40000;16681;9.3;3.9
28;2021-03-21;28;7;40028;16688;9.3;3.9
28;2021-03-22;767;323;40795;17011;9.5;4.0
28;2021-03-23;1025;194;41820;17205;9.7;4.0
28;2021-03-24;1312;276;43132;17481;10.0;4.1
28;2021-03-25;1797;288;44929;17769;10.5;4.1
28;2021-03-26;2083;343;47012;18112;10.9;4.2
28;2021-03-27;402;38;47414;18150;11.0;4.2
28;2021-03-28;12;0;47426;18150;11.0;4.2
28;2021-03-29;1140;350;48566;18500;11.3;4.3
28;2021-03-30;1712;246;50278;18746;11.7;4.4
28;2021-03-31;2017;479;52295;19225;12.2;4.5
28;2021-04-01;1795;586;54090;19811;12.6;4.6
28;2021-04-02;1584;1320;55674;21131;13.0;4.9
28;2021-04-03;607;1072;56281;22203;13.1;5.2
28;2021-04-04;33;302;56314;22505;13.1;5.2
28;2021-04-05;40;3;56354;22508;13.1;5.2
28;2021-04-06;1225;461;57579;22969;13.4;5.3
28;2021-04-07;1890;1001;59469;23970;13.8;5.6
28;2021-04-08;2077;1069;61546;25039;14.3;5.8
28;2021-04-09;3235;915;64781;25954;15.1;6.0
28;2021-04-10;1582;194;66363;26148;15.5;6.1
28;2021-04-11;141;451;66504;26599;15.5;6.2
28;2021-04-12;1674;556;68178;27155;15.9;6.3
28;2021-04-13;1874;668;70052;27823;16.3;6.5
28;2021-04-14;2772;898;72824;28721;17.0;6.7
28;2021-04-15;2554;1136;75378;29857;17.6;7.0
28;2021-04-16;2552;801;77930;30658;18.1;7.1
28;2021-04-17;2309;130;80239;30788;18.7;7.2
28;2021-04-18;45;8;80284;30796;18.7;7.2
28;2021-04-19;1578;646;81862;31442;19.1;7.3
28;2021-04-20;1841;591;83703;32033;19.5;7.5
28;2021-04-21;2678;961;86381;32994;20.1;7.7
28;2021-04-22;1782;1210;88163;34204;20.5;8.0
28;2021-04-23;2324;1101;90487;35305;21.1;8.2
28;2021-04-24;3654;131;94141;35436;21.9;8.3
28;2021-04-25;1012;32;95153;35468;22.2;8.3
28;2021-04-26;1331;924;96484;36392;22.5;8.5
28;2021-04-27;1435;1277;97919;37669;22.8;8.8
28;2021-04-28;2370;1823;100289;39492;23.4;9.2
28;2021-04-29;2129;1491;102418;40983;23.9;9.5
28;2021-04-30;2973;1220;105391;42203;24.5;9.8
28;2021-05-01;127;120;105518;42323;24.6;9.9
28;2021-05-02;2;65;105520;42388;24.6;9.9
28;2021-05-03;1046;1018;106566;43406;24.8;10.1
28;2021-05-04;1360;1669;107926;45075;25.1;10.5
28;2021-05-05;2830;1647;110756;46722;25.8;10.9
28;2021-05-06;2456;1475;113212;48197;26.4;11.2
28;2021-05-07;2311;1933;115523;50130;26.9;11.7
28;2021-05-08;1077;116;116600;50246;27.2;11.7
28;2021-05-09;105;610;116705;50856;27.2;11.8
28;2021-05-10;1307;1892;118012;52748;27.5;12.3
28;2021-05-11;2028;2343;120040;55091;28.0;12.8
28;2021-05-12;2620;3230;122660;58321;28.6;13.6
28;2021-05-13;290;452;122950;58773;28.6;13.7
28;2021-05-14;1898;1619;124848;60392;29.1;14.1
28;2021-05-15;1436;1675;126284;62067;29.4;14.5
28;2021-05-16;1987;130;128271;62197;29.9;14.5
28;2021-05-17;2875;1495;131146;63692;30.5;14.8
28;2021-05-18;3380;1377;134526;65069;31.3;15.2
28;2021-05-19;5079;1282;139605;66351;32.5;15.5
28;2021-05-20;4151;1229;143756;67580;33.5;15.7
28;2021-05-21;3466;1583;147222;69163;34.3;16.1
28;2021-05-22;725;1160;147947;70323;34.5;16.4
28;2021-05-23;1957;137;149904;70460;34.9;16.4
28;2021-05-24;1428;394;151332;70854;35.2;16.5
28;2021-05-25;1877;1407;153209;72261;35.7;16.8
28;2021-05-26;2765;1343;155974;73604;36.3;17.1
28;2021-05-27;2755;1230;158729;74834;37.0;17.4
28;2021-05-28;3081;1734;161810;76568;37.7;17.8
28;2021-05-29;1868;874;163678;77442;38.1;18.0
28;2021-05-30;16;47;163694;77489;38.1;18.0
28;2021-05-31;2014;937;165708;78426;38.6;18.3
28;2021-06-01;2134;1663;167842;80089;39.1;18.7
28;2021-06-02;2074;2456;169916;82545;39.6;19.2
28;2021-06-03;2497;1563;172413;84108;40.1;19.6
28;2021-06-04;2609;2357;175022;86465;40.8;20.1
28;2021-06-05;1910;2528;176932;88993;41.2;20.7
28;2021-06-06;1059;1044;177991;90037;41.4;21.0
28;2021-06-07;3574;1573;181565;91610;42.3;21.3
28;2021-06-08;3195;1516;184760;93126;43.0;21.7
28;2021-06-09;3676;2129;188436;95255;43.9;22.2
28;2021-06-10;3141;1263;191577;96518;44.6;22.5
28;2021-06-11;3794;2132;195371;98650;45.5;23.0
28;2021-06-12;1304;561;196675;99211;45.8;23.1
28;2021-06-13;385;108;197060;99319;45.9;23.1
28;2021-06-14;2208;1997;199268;101316;46.4;23.6
28;2021-06-15;2092;2222;201360;103538;46.9;24.1
28;2021-06-16;2509;3981;203869;107519;47.5;25.0
28;2021-06-17;1925;3134;205794;110653;47.9;25.8
28;2021-06-18;2470;3784;208264;114437;48.5;26.6
28;2021-06-19;776;1612;209040;116049;48.7;27.0
28;2021-06-20;23;24;209063;116073;48.7;27.0
28;2021-06-21;1683;1989;210746;118062;49.1;27.5
28;2021-06-22;1369;2107;212115;120169;49.4;28.0
28;2021-06-23;1781;3165;213896;123334;49.8;28.7
28;2021-06-24;733;930;214629;124264;50.0;28.9
28;2021-06-25;1891;3028;216520;127292;50.4;29.6
28;2021-06-26;310;2116;216830;129408;50.5;30.1
28;2021-06-27;588;1284;217418;130692;50.6;30.4
28;2021-06-28;1227;3653;218645;134345;50.9;31.3
28;2021-06-29;1342;3798;219987;138143;51.2;32.2
28;2021-06-30;1492;4254;221479;142397;51.6;33.2
28;2021-07-01;1277;3461;222756;145858;51.9;34.0
28;2021-07-02;1312;4654;224068;150512;52.2;35.0
28;2021-07-03;1132;2369;225200;152881;52.4;35.6
28;2021-07-04;146;1325;225346;154206;52.5;35.9
28;2021-07-05;1362;2509;226708;156715;52.8;36.5
28;2021-07-06;1508;2868;228216;159583;53.1;37.2
28;2021-07-07;1637;4141;229853;163724;53.5;38.1
28;2021-07-08;1467;3236;231320;166960;53.9;38.9
28;2021-07-09;1392;4523;232712;171483;54.2;39.9
28;2021-07-10;526;2208;233238;173691;54.3;40.4
28;2021-07-11;1;1;233239;173692;54.3;40.4
28;2021-07-12;1528;3930;234767;177622;54.7;41.4
28;2021-07-13;2262;4139;237029;181761;55.2;42.3
28;2021-07-14;1329;1395;238358;183156;55.5;42.7
28;2021-07-15;2980;3977;241338;187133;56.2;43.6
28;2021-07-16;2439;4758;243777;191891;56.8;44.7
28;2021-07-17;1265;2429;245042;194320;57.1;45.3
28;2021-07-18;371;944;245413;195264;57.1;45.5
28;2021-07-19;1801;4340;247214;199604;57.6;46.5
28;2021-07-20;2465;4086;249679;203690;58.1;47.4
28;2021-07-21;2956;4282;252635;207972;58.8;48.4
28;2021-07-22;3637;3427;256272;211399;59.7;49.2
28;2021-07-23;2942;3997;259214;215396;60.4;50.2
28;2021-07-24;1693;1469;260907;216865;60.8;50.5
28;2021-07-25;68;60;260975;216925;60.8;50.5
28;2021-07-26;2921;3378;263896;220303;61.5;51.3
28;2021-07-27;3869;2612;267765;222915;62.4;51.9
28;2021-07-28;3936;2728;271701;225643;63.3;52.5
28;2021-07-29;4452;2079;276153;227722;64.3;53.0
28;2021-07-30;3782;2837;279935;230559;65.2;53.7
28;2021-07-31;761;824;280696;231383;65.4;53.9
28;2021-08-01;377;63;281073;231446;65.5;53.9
28;2021-08-02;1785;1514;282858;232960;65.9;54.2
28;2021-08-03;2677;2159;285535;235119;66.5;54.8
28;2021-08-04;1926;2293;287461;237412;66.9;55.3
28;2021-08-05;1641;1719;289102;239131;67.3;55.7
28;2021-08-06;1610;1957;290712;241088;67.7;56.1
28;2021-08-07;796;998;291508;242086;67.9;56.4
28;2021-08-08;21;33;291529;242119;67.9;56.4
28;2021-08-09;1379;1078;292908;243197;68.2;56.6
28;2021-08-10;1701;2023;294609;245220;68.6;57.1
28;2021-08-11;1261;1562;295870;246782;68.9;57.5
29;2020-12-27;0;0;0;0;0.0;0.0
29;2020-12-28;0;0;0;0;0.0;0.0
29;2020-12-29;0;0;0;0;0.0;0.0
29;2020-12-30;0;0;0;0;0.0;0.0
29;2020-12-31;0;0;0;0;0.0;0.0
29;2021-01-01;1;0;1;0;0.0;0.0
29;2021-01-02;0;0;1;0;0.0;0.0
29;2021-01-03;1;0;2;0;0.0;0.0
29;2021-01-04;30;0;32;0;0.0;0.0
29;2021-01-05;31;0;63;0;0.0;0.0
29;2021-01-06;43;0;106;0;0.0;0.0
29;2021-01-07;136;0;242;0;0.0;0.0
29;2021-01-08;408;0;650;0;0.1;0.0
29;2021-01-09;2;0;652;0;0.1;0.0
29;2021-01-10;2;0;654;0;0.1;0.0
29;2021-01-11;666;0;1320;0;0.1;0.0
29;2021-01-12;1120;0;2440;0;0.3;0.0
29;2021-01-13;1097;2;3537;2;0.4;0.0
29;2021-01-14;894;4;4431;6;0.5;0.0
29;2021-01-15;1218;8;5649;14;0.6;0.0
29;2021-01-16;168;1;5817;15;0.6;0.0
29;2021-01-17;112;1;5929;16;0.7;0.0
29;2021-01-18;838;3;6767;19;0.7;0.0
29;2021-01-19;1285;0;8052;19;0.9;0.0
29;2021-01-20;2393;2;10445;21;1.2;0.0
29;2021-01-21;5610;6;16055;27;1.8;0.0
29;2021-01-22;3754;5;19809;32;2.2;0.0
29;2021-01-23;537;0;20346;32;2.2;0.0
29;2021-01-24;200;1;20546;33;2.3;0.0
29;2021-01-25;574;7;21120;40;2.3;0.0
29;2021-01-26;951;34;22071;74;2.4;0.0
29;2021-01-27;1285;54;23356;128;2.6;0.0
29;2021-01-28;801;137;24157;265;2.7;0.0
29;2021-01-29;777;205;24934;470;2.8;0.1
29;2021-01-30;281;4;25215;474;2.8;0.1
29;2021-01-31;80;5;25295;479;2.8;0.1
29;2021-02-01;429;450;25724;929;2.8;0.1
29;2021-02-02;876;825;26600;1754;2.9;0.2
29;2021-02-03;811;894;27411;2648;3.0;0.3
29;2021-02-04;865;642;28276;3290;3.1;0.4
29;2021-02-05;675;585;28951;3875;3.2;0.4
29;2021-02-06;244;102;29195;3977;3.2;0.4
29;2021-02-07;78;105;29273;4082;3.2;0.5
29;2021-02-08;383;447;29656;4529;3.3;0.5
29;2021-02-09;863;853;30519;5382;3.4;0.6
29;2021-02-10;1147;1019;31666;6401;3.5;0.7
29;2021-02-11;1794;4164;33460;10565;3.7;1.2
29;2021-02-12;2319;2505;35779;13070;3.9;1.4
29;2021-02-13;638;414;36417;13484;4.0;1.5
29;2021-02-14;12;229;36429;13713;4.0;1.5
29;2021-02-15;266;948;36695;14661;4.0;1.6
29;2021-02-16;886;1060;37581;15721;4.1;1.7
29;2021-02-17;801;857;38382;16578;4.2;1.8
29;2021-02-18;1529;850;39911;17428;4.4;1.9
29;2021-02-19;1411;1003;41322;18431;4.6;2.0
29;2021-02-20;204;368;41526;18799;4.6;2.1
29;2021-02-21;162;169;41688;18968;4.6;2.1
29;2021-02-22;773;564;42461;19532;4.7;2.2
29;2021-02-23;1271;910;43732;20442;4.8;2.3
29;2021-02-24;1470;830;45202;21272;5.0;2.3
29;2021-02-25;2509;904;47711;22176;5.3;2.4
29;2021-02-26;2674;716;50385;22892;5.6;2.5
29;2021-02-27;1284;282;51669;23174;5.7;2.6
29;2021-02-28;199;72;51868;23246;5.7;2.6
29;2021-03-01;945;484;52813;23730;5.8;2.6
29;2021-03-02;1813;800;54626;24530;6.0;2.7
29;2021-03-03;2093;1019;56719;25549;6.3;2.8
29;2021-03-04;2842;1556;59561;27105;6.6;3.0
29;2021-03-05;3539;1679;63100;28784;7.0;3.2
29;2021-03-06;2000;439;65100;29223;7.2;3.2
29;2021-03-07;412;83;65512;29306;7.2;3.2
29;2021-03-08;1274;592;66786;29898;7.4;3.3
29;2021-03-09;2605;978;69391;30876;7.7;3.4
29;2021-03-10;2426;872;71817;31748;7.9;3.5
29;2021-03-11;4516;1003;76333;32751;8.4;3.6
29;2021-03-12;5269;965;81602;33716;9.0;3.7
29;2021-03-13;2822;408;84424;34124;9.3;3.8
29;2021-03-14;365;3;84789;34127;9.4;3.8
29;2021-03-15;2049;270;86838;34397;9.6;3.8
29;2021-03-16;1822;741;88660;35138;9.8;3.9
29;2021-03-17;1860;717;90520;35855;10.0;4.0
29;2021-03-18;1864;1040;92384;36895;10.2;4.1
29;2021-03-19;3267;881;95651;37776;10.6;4.2
29;2021-03-20;1913;222;97564;37998;10.8;4.2
29;2021-03-21;132;11;97696;38009;10.8;4.2
29;2021-03-22;1646;555;99342;38564;11.0;4.3
29;2021-03-23;3441;1034;102783;39598;11.3;4.4
29;2021-03-24;3779;1023;106562;40621;11.8;4.5
29;2021-03-25;4814;1071;111376;41692;12.3;4.6
29;2021-03-26;5422;1163;116798;42855;12.9;4.7
29;2021-03-27;2429;331;119227;43186;13.2;4.8
29;2021-03-28;198;50;119425;43236;13.2;4.8
29;2021-03-29;2040;824;121465;44060;13.4;4.9
29;2021-03-30;3973;1325;125438;45385;13.8;5.0
29;2021-03-31;3935;1152;129373;46537;14.3;5.1
29;2021-04-01;5021;1145;134394;47682;14.8;5.3
29;2021-04-02;4767;1170;139161;48852;15.4;5.4
29;2021-04-03;2501;538;141662;49390;15.6;5.4
29;2021-04-04;146;31;141808;49421;15.6;5.5
29;2021-04-05;972;332;142780;49753;15.7;5.5
29;2021-04-06;3195;1237;145975;50990;16.1;5.6
29;2021-04-07;3652;940;149627;51930;16.5;5.7
29;2021-04-08;5288;2054;154915;53984;17.1;6.0
29;2021-04-09;6749;1563;161664;55547;17.8;6.1
29;2021-04-10;3498;702;165162;56249;18.2;6.2
29;2021-04-11;120;80;165282;56329;18.2;6.2
29;2021-04-12;3853;1481;169135;57810;18.7;6.4
29;2021-04-13;5861;1754;174996;59564;19.3;6.6
29;2021-04-14;4760;1741;179756;61305;19.8;6.8
29;2021-04-15;7169;1730;186925;63035;20.6;7.0
29;2021-04-16;6703;1354;193628;64389;21.4;7.1
29;2021-04-17;3828;969;197456;65358;21.8;7.2
29;2021-04-18;489;40;197945;65398;21.8;7.2
29;2021-04-19;3877;1463;201822;66861;22.3;7.4
29;2021-04-20;4397;2134;206219;68995;22.7;7.6
29;2021-04-21;4373;2196;210592;71191;23.2;7.9
29;2021-04-22;6644;2857;217236;74048;24.0;8.2
29;2021-04-23;6043;2193;223279;76241;24.6;8.4
29;2021-04-24;4005;1317;227284;77558;25.1;8.6
29;2021-04-25;433;169;227717;77727;25.1;8.6
29;2021-04-26;5261;1877;232978;79604;25.7;8.8
29;2021-04-27;5333;3196;238311;82800;26.3;9.1
29;2021-04-28;5355;2898;243666;85698;26.9;9.5
29;2021-04-29;6586;3345;250252;89043;27.6;9.8
29;2021-04-30;6261;3910;256513;92953;28.3;10.3
29;2021-05-01;1982;978;258495;93931;28.5;10.4
29;2021-05-02;1249;195;259744;94126;28.7;10.4
29;2021-05-03;4540;2287;264284;96413;29.2;10.6
29;2021-05-04;4112;3739;268396;100152;29.6;11.0
29;2021-05-05;4516;3411;272912;103563;30.1;11.4
29;2021-05-06;6238;3714;279150;107277;30.8;11.8
29;2021-05-07;5982;4618;285132;111895;31.5;12.3
29;2021-05-08;2092;566;287224;112461;31.7;12.4
29;2021-05-09;1724;137;288948;112598;31.9;12.4
29;2021-05-10;4762;3768;293710;116366;32.4;12.8
29;2021-05-11;4713;5000;298423;121366;32.9;13.4
29;2021-05-12;5027;4381;303450;125747;33.5;13.9
29;2021-05-13;3440;1502;306890;127249;33.9;14.0
29;2021-05-14;5649;4004;312539;131253;34.5;14.5
29;2021-05-15;4046;2317;316585;133570;34.9;14.7
29;2021-05-16;1587;293;318172;133863;35.1;14.8
29;2021-05-17;5563;3133;323735;136996;35.7;15.1
29;2021-05-18;5733;3098;329468;140094;36.3;15.5
29;2021-05-19;6204;2968;335672;143062;37.0;15.8
29;2021-05-20;7173;4564;342845;147626;37.8;16.3
29;2021-05-21;7215;3813;350060;151439;38.6;16.7
29;2021-05-22;5337;2130;355397;153569;39.2;16.9
29;2021-05-23;1630;65;357027;153634;39.4;16.9
29;2021-05-24;3486;534;360513;154168;39.8;17.0
29;2021-05-25;5834;3041;366347;157209;40.4;17.3
29;2021-05-26;5893;2994;372240;160203;41.1;17.7
29;2021-05-27;6825;3988;379065;164191;41.8;18.1
29;2021-05-28;6542;4450;385607;168641;42.5;18.6
29;2021-05-29;4383;2804;389990;171445;43.0;18.9
29;2021-05-30;1115;361;391105;171806;43.1;19.0
29;2021-05-31;6385;3456;397490;175262;43.8;19.3
29;2021-06-01;6604;4352;404094;179614;44.6;19.8
29;2021-06-02;6163;4131;410257;183745;45.3;20.3
29;2021-06-03;7696;4523;417953;188268;46.1;20.8
29;2021-06-04;6815;6169;424768;194437;46.9;21.4
29;2021-06-05;5351;3035;430119;197472;47.4;21.8
29;2021-06-06;1285;538;431404;198010;47.6;21.8
29;2021-06-07;4660;5562;436064;203572;48.1;22.5
29;2021-06-08;7174;5213;443238;208785;48.9;23.0
29;2021-06-09;6410;4754;449648;213539;49.6;23.6
29;2021-06-10;7778;5067;457426;218606;50.5;24.1
29;2021-06-11;8481;5875;465907;224481;51.4;24.8
29;2021-06-12;6568;2811;472475;227292;52.1;25.1
29;2021-06-13;2352;1371;474827;228663;52.4;25.2
29;2021-06-14;4033;6322;478860;234985;52.8;25.9
29;2021-06-15;5476;6189;484336;241174;53.4;26.6
29;2021-06-16;5564;5629;489900;246803;54.0;27.2
29;2021-06-17;6358;6304;496258;253107;54.7;27.9
29;2021-06-18;6114;7487;502372;260594;55.4;28.7
29;2021-06-19;4623;3527;506995;264121;55.9;29.1
29;2021-06-20;891;1454;507886;265575;56.0;29.3
29;2021-06-21;3759;6496;511645;272071;56.4;30.0
29;2021-06-22;4488;6426;516133;278497;56.9;30.7
29;2021-06-23;4671;6129;520804;284626;57.4;31.4
29;2021-06-24;4805;6745;525609;291371;58.0;32.1
29;2021-06-25;3602;7530;529211;298901;58.4;33.0
29;2021-06-26;2128;4094;531339;302995;58.6;33.4
29;2021-06-27;967;1632;532306;304627;58.7;33.6
29;2021-06-28;2838;6864;535144;311491;59.0;34.4
29;2021-06-29;2807;7730;537951;319221;59.3;35.2
29;2021-06-30;3040;7509;540991;326730;59.7;36.0
29;2021-07-01;3758;8420;544749;335150;60.1;37.0
29;2021-07-02;3597;9672;548346;344822;60.5;38.0
29;2021-07-03;2321;6057;550667;350879;60.7;38.7
29;2021-07-04;814;1770;551481;352649;60.8;38.9
29;2021-07-05;1909;7161;553390;359810;61.0;39.7
29;2021-07-06;1532;8014;554922;367824;61.2;40.6
29;2021-07-07;1699;7041;556621;374865;61.4;41.4
29;2021-07-08;2438;8211;559059;383076;61.7;42.3
29;2021-07-09;2610;9076;561669;392152;62.0;43.3
29;2021-07-10;1916;6107;563585;398259;62.2;43.9
29;2021-07-11;446;1065;564031;399324;62.2;44.0
29;2021-07-12;1970;8381;566001;407705;62.4;45.0
29;2021-07-13;2739;8658;568740;416363;62.7;45.9
29;2021-07-14;2074;3363;570814;419726;63.0;46.3
29;2021-07-15;3828;9733;574642;429459;63.4;47.4
29;2021-07-16;4578;9196;579220;438655;63.9;48.4
29;2021-07-17;3216;6115;582436;444770;64.2;49.1
29;2021-07-18;661;1078;583097;445848;64.3;49.2
29;2021-07-19;3135;7557;586232;453405;64.7;50.0
29;2021-07-20;3526;9445;589758;462850;65.1;51.1
29;2021-07-21;3617;7730;593375;470580;65.5;51.9
29;2021-07-22;3379;8542;596754;479122;65.8;52.9
29;2021-07-23;4017;10717;600771;489839;66.3;54.0
29;2021-07-24;2523;5956;603294;495795;66.5;54.7
29;2021-07-25;650;2363;603944;498158;66.6;55.0
29;2021-07-26;3356;7287;607300;505445;67.0;55.8
29;2021-07-27;3683;7111;610983;512556;67.4;56.5
29;2021-07-28;4168;6034;615151;518590;67.9;57.2
29;2021-07-29;5634;6357;620785;524947;68.5;57.9
29;2021-07-30;5402;6526;626187;531473;69.1;58.6
29;2021-07-31;2918;4932;629105;536405;69.4;59.2
29;2021-08-01;650;922;629755;537327;69.5;59.3
29;2021-08-02;4268;5218;634023;542545;69.9;59.8
29;2021-08-03;5469;4402;639492;546947;70.5;60.3
29;2021-08-04;5700;3601;645192;550548;71.2;60.7
29;2021-08-05;6607;4101;651799;554649;71.9;61.2
29;2021-08-06;6141;4329;657940;558978;72.6;61.7
29;2021-08-07;4275;2946;662215;561924;73.0;62.0
29;2021-08-08;839;753;663054;562677;73.1;62.1
29;2021-08-09;3055;4742;666109;567419;73.5;62.6
29;2021-08-10;4464;3857;670573;571276;74.0;63.0
29;2021-08-11;3935;3172;674508;574448;74.4;63.4
2A;2020-12-27;0;0;0;0;0.0;0.0
2A;2020-12-28;0;0;0;0;0.0;0.0
2A;2020-12-29;0;0;0;0;0.0;0.0
2A;2020-12-30;0;0;0;0;0.0;0.0
2A;2020-12-31;0;0;0;0;0.0;0.0
2A;2021-01-01;0;0;0;0;0.0;0.0
2A;2021-01-02;1;0;1;0;0.0;0.0
2A;2021-01-03;0;0;1;0;0.0;0.0
2A;2021-01-04;0;0;1;0;0.0;0.0
2A;2021-01-05;0;0;1;0;0.0;0.0
2A;2021-01-06;6;0;7;0;0.0;0.0
2A;2021-01-07;122;1;129;1;0.1;0.0
2A;2021-01-08;113;0;242;1;0.1;0.0
2A;2021-01-09;39;0;281;1;0.2;0.0
2A;2021-01-10;33;0;314;1;0.2;0.0
2A;2021-01-11;76;0;390;1;0.2;0.0
2A;2021-01-12;85;0;475;1;0.3;0.0
2A;2021-01-13;111;0;586;1;0.4;0.0
2A;2021-01-14;192;1;778;2;0.5;0.0
2A;2021-01-15;149;0;927;2;0.6;0.0
2A;2021-01-16;157;1;1084;3;0.7;0.0
2A;2021-01-17;85;1;1169;4;0.7;0.0
2A;2021-01-18;200;2;1369;6;0.8;0.0
2A;2021-01-19;487;0;1856;6;1.1;0.0
2A;2021-01-20;352;0;2208;6;1.4;0.0
2A;2021-01-21;451;1;2659;7;1.6;0.0
2A;2021-01-22;367;0;3026;7;1.9;0.0
2A;2021-01-23;183;0;3209;7;2.0;0.0
2A;2021-01-24;118;1;3327;8;2.0;0.0
2A;2021-01-25;213;0;3540;8;2.2;0.0
2A;2021-01-26;402;7;3942;15;2.4;0.0
2A;2021-01-27;324;5;4266;20;2.6;0.0
2A;2021-01-28;335;80;4601;100;2.8;0.1
2A;2021-01-29;341;64;4942;164;3.0;0.1
2A;2021-01-30;126;40;5068;204;3.1;0.1
2A;2021-01-31;92;12;5160;216;3.2;0.1
2A;2021-02-01;230;53;5390;269;3.3;0.2
2A;2021-02-02;288;117;5678;386;3.5;0.2
2A;2021-02-03;265;75;5943;461;3.7;0.3
2A;2021-02-04;256;121;6199;582;3.8;0.4
2A;2021-02-05;267;107;6466;689;4.0;0.4
2A;2021-02-06;121;59;6587;748;4.1;0.5
2A;2021-02-07;68;57;6655;805;4.1;0.5
2A;2021-02-08;91;209;6746;1014;4.2;0.6
2A;2021-02-09;128;302;6874;1316;4.2;0.8
2A;2021-02-10;160;236;7034;1552;4.3;1.0
2A;2021-02-11;296;368;7330;1920;4.5;1.2
2A;2021-02-12;345;305;7675;2225;4.7;1.4
2A;2021-02-13;224;59;7899;2284;4.9;1.4
2A;2021-02-14;133;77;8032;2361;4.9;1.5
2A;2021-02-15;190;182;8222;2543;5.1;1.6
2A;2021-02-16;385;320;8607;2863;5.3;1.8
2A;2021-02-17;286;166;8893;3029;5.5;1.9
2A;2021-02-18;340;199;9233;3228;5.7;2.0
2A;2021-02-19;146;300;9379;3528;5.8;2.2
2A;2021-02-20;243;138;9622;3666;5.9;2.3
2A;2021-02-21;58;55;9680;3721;6.0;2.3
2A;2021-02-22;77;215;9757;3936;6.0;2.4
2A;2021-02-23;122;290;9879;4226;6.1;2.6
2A;2021-02-24;82;297;9961;4523;6.1;2.8
2A;2021-02-25;105;265;10066;4788;6.2;2.9
2A;2021-02-26;123;273;10189;5061;6.3;3.1
2A;2021-02-27;308;69;10497;5130;6.5;3.2
2A;2021-02-28;69;66;10566;5196;6.5;3.2
2A;2021-03-01;116;152;10682;5348;6.6;3.3
2A;2021-03-02;197;265;10879;5613;6.7;3.5
2A;2021-03-03;242;256;11121;5869;6.8;3.6
2A;2021-03-04;508;228;11629;6097;7.2;3.8
2A;2021-03-05;971;288;12600;6385;7.8;3.9
2A;2021-03-06;1164;75;13764;6460;8.5;4.0
2A;2021-03-07;1019;45;14783;6505;9.1;4.0
2A;2021-03-08;931;88;15714;6593;9.7;4.1
2A;2021-03-09;936;151;16650;6744;10.3;4.2
2A;2021-03-10;629;136;17279;6880;10.6;4.2
2A;2021-03-11;723;281;18002;7161;11.1;4.4
2A;2021-03-12;561;319;18563;7480;11.4;4.6
2A;2021-03-13;613;198;19176;7678;11.8;4.7
2A;2021-03-14;311;126;19487;7804;12.0;4.8
2A;2021-03-15;375;203;19862;8007;12.2;4.9
2A;2021-03-16;498;369;20360;8376;12.5;5.2
2A;2021-03-17;699;273;21059;8649;13.0;5.3
2A;2021-03-18;447;305;21506;8954;13.2;5.5
2A;2021-03-19;487;158;21993;9112;13.5;5.6
2A;2021-03-20;1079;261;23072;9373;14.2;5.8
2A;2021-03-21;696;53;23768;9426;14.6;5.8
2A;2021-03-22;346;67;24114;9493;14.8;5.8
2A;2021-03-23;517;58;24631;9551;15.2;5.9
2A;2021-03-24;862;92;25493;9643;15.7;5.9
2A;2021-03-25;930;139;26423;9782;16.3;6.0
2A;2021-03-26;1075;164;27498;9946;16.9;6.1
2A;2021-03-27;1189;199;28687;10145;17.7;6.2
2A;2021-03-28;241;98;28928;10243;17.8;6.3
2A;2021-03-29;283;138;29211;10381;18.0;6.4
2A;2021-03-30;382;236;29593;10617;18.2;6.5
2A;2021-03-31;446;227;30039;10844;18.5;6.7
2A;2021-04-01;637;453;30676;11297;18.9;7.0
2A;2021-04-02;902;784;31578;12081;19.4;7.4
2A;2021-04-03;646;982;32224;13063;19.8;8.0
2A;2021-04-04;579;785;32803;13848;20.2;8.5
2A;2021-04-05;525;698;33328;14546;20.5;9.0
2A;2021-04-06;550;557;33878;15103;20.9;9.3
2A;2021-04-07;787;425;34665;15528;21.3;9.6
2A;2021-04-08;1049;355;35714;15883;22.0;9.8
2A;2021-04-09;935;394;36649;16277;22.6;10.0
2A;2021-04-10;1057;381;37706;16658;23.2;10.3
2A;2021-04-11;362;256;38068;16914;23.4;10.4
2A;2021-04-12;669;342;38737;17256;23.8;10.6
2A;2021-04-13;328;380;39065;17636;24.1;10.9
2A;2021-04-14;1047;587;40112;18223;24.7;11.2
2A;2021-04-15;1042;524;41154;18747;25.3;11.5
2A;2021-04-16;871;395;42025;19142;25.9;11.8
2A;2021-04-17;1368;938;43393;20080;26.7;12.4
2A;2021-04-18;982;946;44375;21026;27.3;12.9
2A;2021-04-19;269;343;44644;21369;27.5;13.2
2A;2021-04-20;354;344;44998;21713;27.7;13.4
2A;2021-04-21;729;734;45727;22447;28.2;13.8
2A;2021-04-22;896;649;46623;23096;28.7;14.2
2A;2021-04-23;987;776;47610;23872;29.3;14.7
2A;2021-04-24;1747;981;49357;24853;30.4;15.3
2A;2021-04-25;976;305;50333;25158;31.0;15.5
2A;2021-04-26;307;227;50640;25385;31.2;15.6
2A;2021-04-27;344;349;50984;25734;31.4;15.8
2A;2021-04-28;1671;423;52655;26157;32.4;16.1
2A;2021-04-29;1054;359;53709;26516;33.1;16.3
2A;2021-04-30;1130;1060;54839;27576;33.8;17.0
2A;2021-05-01;971;575;55810;28151;34.4;17.3
2A;2021-05-02;675;707;56485;28858;34.8;17.8
2A;2021-05-03;582;576;57067;29434;35.1;18.1
2A;2021-05-04;751;535;57818;29969;35.6;18.5
2A;2021-05-05;1008;983;58826;30952;36.2;19.1
2A;2021-05-06;905;912;59731;31864;36.8;19.6
2A;2021-05-07;1155;836;60886;32700;37.5;20.1
2A;2021-05-08;422;499;61308;33199;37.7;20.4
2A;2021-05-09;783;638;62091;33837;38.2;20.8
2A;2021-05-10;453;740;62544;34577;38.5;21.3
2A;2021-05-11;651;415;63195;34992;38.9;21.5
2A;2021-05-12;919;487;64114;35479;39.5;21.8
2A;2021-05-13;919;138;65033;35617;40.0;21.9
2A;2021-05-14;798;682;65831;36299;40.5;22.3
2A;2021-05-15;781;648;66612;36947;41.0;22.7
2A;2021-05-16;737;500;67349;37447;41.5;23.1
2A;2021-05-17;583;561;67932;38008;41.8;23.4
2A;2021-05-18;615;475;68547;38483;42.2;23.7
2A;2021-05-19;788;481;69335;38964;42.7;24.0
2A;2021-05-20;692;540;70027;39504;43.1;24.3
2A;2021-05-21;535;482;70562;39986;43.4;24.6
2A;2021-05-22;441;309;71003;40295;43.7;24.8
2A;2021-05-23;533;284;71536;40579;44.0;25.0
2A;2021-05-24;125;33;71661;40612;44.1;25.0
2A;2021-05-25;416;504;72077;41116;44.4;25.3
2A;2021-05-26;426;1166;72503;42282;44.6;26.0
2A;2021-05-27;435;1111;72938;43393;44.9;26.7
2A;2021-05-28;297;916;73235;44309;45.1;27.3
2A;2021-05-29;335;900;73570;45209;45.3;27.8
2A;2021-05-30;182;506;73752;45715;45.4;28.1
2A;2021-05-31;189;413;73941;46128;45.5;28.4
2A;2021-06-01;339;729;74280;46857;45.7;28.8
2A;2021-06-02;283;939;74563;47796;45.9;29.4
2A;2021-06-03;304;849;74867;48645;46.1;29.9
2A;2021-06-04;272;1093;75139;49738;46.3;30.6
2A;2021-06-05;319;1442;75458;51180;46.5;31.5
2A;2021-06-06;173;909;75631;52089;46.6;32.1
2A;2021-06-07;170;661;75801;52750;46.7;32.5
2A;2021-06-08;321;705;76122;53455;46.9;32.9
2A;2021-06-09;296;1319;76418;54774;47.0;33.7
2A;2021-06-10;329;857;76747;55631;47.3;34.3
2A;2021-06-11;279;1021;77026;56652;47.4;34.9
2A;2021-06-12;229;664;77255;57316;47.6;35.3
2A;2021-06-13;188;797;77443;58113;47.7;35.8
2A;2021-06-14;251;921;77694;59034;47.8;36.3
2A;2021-06-15;217;507;77911;59541;48.0;36.7
2A;2021-06-16;212;776;78123;60317;48.1;37.1
2A;2021-06-17;233;592;78356;60909;48.2;37.5
2A;2021-06-18;244;914;78600;61823;48.4;38.1
2A;2021-06-19;207;690;78807;62513;48.5;38.5
2A;2021-06-20;149;692;78956;63205;48.6;38.9
2A;2021-06-21;181;791;79137;63996;48.7;39.4
2A;2021-06-22;235;842;79372;64838;48.9;39.9
2A;2021-06-23;216;567;79588;65405;49.0;40.3
2A;2021-06-24;149;371;79737;65776;49.1;40.5
2A;2021-06-25;167;473;79904;66249;49.2;40.8
2A;2021-06-26;202;873;80106;67122;49.3;41.3
2A;2021-06-27;174;794;80280;67916;49.4;41.8
2A;2021-06-28;194;704;80474;68620;49.5;42.2
2A;2021-06-29;214;689;80688;69309;49.7;42.7
2A;2021-06-30;242;493;80930;69802;49.8;43.0
2A;2021-07-01;211;486;81141;70288;50.0;43.3
2A;2021-07-02;186;370;81327;70658;50.1;43.5
2A;2021-07-03;211;617;81538;71275;50.2;43.9
2A;2021-07-04;178;664;81716;71939;50.3;44.3
2A;2021-07-05;163;235;81879;72174;50.4;44.4
2A;2021-07-06;250;389;82129;72563;50.6;44.7
2A;2021-07-07;429;609;82558;73172;50.8;45.1
2A;2021-07-08;588;704;83146;73876;51.2;45.5
2A;2021-07-09;376;421;83522;74297;51.4;45.7
2A;2021-07-10;281;346;83803;74643;51.6;46.0
2A;2021-07-11;91;162;83894;74805;51.7;46.1
2A;2021-07-12;310;349;84204;75154;51.8;46.3
2A;2021-07-13;1178;533;85382;75687;52.6;46.6
2A;2021-07-14;1618;336;87000;76023;53.6;46.8
2A;2021-07-15;1429;833;88429;76856;54.4;47.3
2A;2021-07-16;1162;464;89591;77320;55.2;47.6
2A;2021-07-17;1096;342;90687;77662;55.8;47.8
2A;2021-07-18;634;133;91321;77795;56.2;47.9
2A;2021-07-19;913;430;92234;78225;56.8;48.2
2A;2021-07-20;1270;470;93504;78695;57.6;48.5
2A;2021-07-21;1424;716;94928;79411;58.4;48.9
2A;2021-07-22;1376;761;96304;80172;59.3;49.4
2A;2021-07-23;1424;459;97728;80631;60.2;49.6
2A;2021-07-24;872;287;98600;80918;60.7;49.8
2A;2021-07-25;446;69;99046;80987;61.0;49.9
2A;2021-07-26;1166;500;100212;81487;61.7;50.2
2A;2021-07-27;1254;508;101466;81995;62.5;50.5
2A;2021-07-28;1195;583;102661;82578;63.2;50.8
2A;2021-07-29;1208;652;103869;83230;64.0;51.2
2A;2021-07-30;934;604;104803;83834;64.5;51.6
2A;2021-07-31;530;338;105333;84172;64.9;51.8
2A;2021-08-01;547;117;105880;84289;65.2;51.9
2A;2021-08-02;440;485;106320;84774;65.5;52.2
2A;2021-08-03;799;882;107119;85656;66.0;52.7
2A;2021-08-04;722;1159;107841;86815;66.4;53.5
2A;2021-08-05;904;1346;108745;88161;67.0;54.3
2A;2021-08-06;384;807;109129;88968;67.2;54.8
2A;2021-08-07;348;890;109477;89858;67.4;55.3
2A;2021-08-08;79;185;109556;90043;67.5;55.4
2A;2021-08-09;639;1137;110195;91180;67.8;56.1
2A;2021-08-10;614;1186;110809;92366;68.2;56.9
2A;2021-08-11;567;1059;111376;93425;68.6;57.5
2B;2020-12-27;0;0;0;0;0.0;0.0
2B;2020-12-28;0;0;0;0;0.0;0.0
2B;2020-12-29;0;0;0;0;0.0;0.0
2B;2020-12-30;0;0;0;0;0.0;0.0
2B;2020-12-31;0;0;0;0;0.0;0.0
2B;2021-01-01;0;0;0;0;0.0;0.0
2B;2021-01-02;0;0;0;0;0.0;0.0
2B;2021-01-03;0;0;0;0;0.0;0.0
2B;2021-01-04;2;0;2;0;0.0;0.0
2B;2021-01-05;0;0;2;0;0.0;0.0
2B;2021-01-06;48;1;50;1;0.0;0.0
2B;2021-01-07;210;0;260;1;0.1;0.0
2B;2021-01-08;196;1;456;2;0.3;0.0
2B;2021-01-09;39;0;495;2;0.3;0.0
2B;2021-01-10;1;0;496;2;0.3;0.0
2B;2021-01-11;75;0;571;2;0.3;0.0
2B;2021-01-12;128;1;699;3;0.4;0.0
2B;2021-01-13;93;0;792;3;0.4;0.0
2B;2021-01-14;72;0;864;3;0.5;0.0
2B;2021-01-15;258;0;1122;3;0.6;0.0
2B;2021-01-16;43;0;1165;3;0.6;0.0
2B;2021-01-17;8;0;1173;3;0.6;0.0
2B;2021-01-18;271;0;1444;3;0.8;0.0
2B;2021-01-19;501;0;1945;3;1.1;0.0
2B;2021-01-20;462;2;2407;5;1.3;0.0
2B;2021-01-21;357;0;2764;5;1.5;0.0
2B;2021-01-22;372;0;3136;5;1.7;0.0
2B;2021-01-23;60;0;3196;5;1.8;0.0
2B;2021-01-24;29;0;3225;5;1.8;0.0
2B;2021-01-25;210;2;3435;7;1.9;0.0
2B;2021-01-26;390;1;3825;8;2.1;0.0
2B;2021-01-27;342;48;4167;56;2.3;0.0
2B;2021-01-28;365;148;4532;204;2.5;0.1
2B;2021-01-29;291;163;4823;367;2.6;0.2
2B;2021-01-30;80;33;4903;400;2.7;0.2
2B;2021-01-31;60;0;4963;400;2.7;0.2
2B;2021-02-01;231;93;5194;493;2.8;0.3
2B;2021-02-02;357;78;5551;571;3.0;0.3
2B;2021-02-03;519;92;6070;663;3.3;0.4
2B;2021-02-04;458;175;6528;838;3.6;0.5
2B;2021-02-05;393;95;6921;933;3.8;0.5
2B;2021-02-06;87;14;7008;947;3.8;0.5
2B;2021-02-07;59;0;7067;947;3.9;0.5
2B;2021-02-08;230;156;7297;1103;4.0;0.6
2B;2021-02-09;586;314;7883;1417;4.3;0.8
2B;2021-02-10;485;197;8368;1614;4.6;0.9
2B;2021-02-11;382;128;8750;1742;4.8;1.0
2B;2021-02-12;299;125;9049;1867;5.0;1.0
2B;2021-02-13;77;13;9126;1880;5.0;1.0
2B;2021-02-14;62;1;9188;1881;5.0;1.0
2B;2021-02-15;190;128;9378;2009;5.1;1.1
2B;2021-02-16;252;285;9630;2294;5.3;1.3
2B;2021-02-17;312;317;9942;2611;5.5;1.4
2B;2021-02-18;215;347;10157;2958;5.6;1.6
2B;2021-02-19;164;308;10321;3266;5.7;1.8
2B;2021-02-20;32;63;10353;3329;5.7;1.8
2B;2021-02-21;27;29;10380;3358;5.7;1.8
2B;2021-02-22;133;190;10513;3548;5.8;1.9
2B;2021-02-23;230;359;10743;3907;5.9;2.1
2B;2021-02-24;228;312;10971;4219;6.0;2.3
2B;2021-02-25;245;341;11216;4560;6.2;2.5
2B;2021-02-26;298;281;11514;4841;6.3;2.7
2B;2021-02-27;60;84;11574;4925;6.4;2.7
2B;2021-02-28;1;57;11575;4982;6.4;2.7
2B;2021-03-01;246;261;11821;5243;6.5;2.9
2B;2021-03-02;351;390;12172;5633;6.7;3.1
2B;2021-03-03;299;437;12471;6070;6.8;3.3
2B;2021-03-04;447;410;12918;6480;7.1;3.6
2B;2021-03-05;618;386;13536;6866;7.4;3.8
2B;2021-03-06;682;99;14218;6965;7.8;3.8
2B;2021-03-07;361;59;14579;7024;8.0;3.9
2B;2021-03-08;301;240;14880;7264;8.2;4.0
2B;2021-03-09;383;505;15263;7769;8.4;4.3
2B;2021-03-10;630;448;15893;8217;8.7;4.5
2B;2021-03-11;584;355;16477;8572;9.0;4.7
2B;2021-03-12;965;227;17442;8799;9.6;4.8
2B;2021-03-13;511;110;17953;8909;9.9;4.9
2B;2021-03-14;226;62;18179;8971;10.0;4.9
2B;2021-03-15;515;200;18694;9171;10.3;5.0
2B;2021-03-16;570;278;19264;9449;10.6;5.2
2B;2021-03-17;529;264;19793;9713;10.9;5.3
2B;2021-03-18;550;229;20343;9942;11.2;5.5
2B;2021-03-19;804;195;21147;10137;11.6;5.6
2B;2021-03-20;655;36;21802;10173;12.0;5.6
2B;2021-03-21;429;36;22231;10209;12.2;5.6
2B;2021-03-22;546;125;22777;10334;12.5;5.7
2B;2021-03-23;788;264;23565;10598;12.9;5.8
2B;2021-03-24;831;218;24396;10816;13.4;5.9
2B;2021-03-25;824;165;25220;10981;13.8;6.0
2B;2021-03-26;958;192;26178;11173;14.4;6.1
2B;2021-03-27;1089;37;27267;11210;15.0;6.2
2B;2021-03-28;830;123;28097;11333;15.4;6.2
2B;2021-03-29;745;180;28842;11513;15.8;6.3
2B;2021-03-30;970;329;29812;11842;16.4;6.5
2B;2021-03-31;981;266;30793;12108;16.9;6.6
2B;2021-04-01;1002;230;31795;12338;17.4;6.8
2B;2021-04-02;965;415;32760;12753;18.0;7.0
2B;2021-04-03;1247;152;34007;12905;18.7;7.1
2B;2021-04-04;197;60;34204;12965;18.8;7.1
2B;2021-04-05;109;113;34313;13078;18.8;7.2
2B;2021-04-06;1033;362;35346;13440;19.4;7.4
2B;2021-04-07;1230;430;36576;13870;20.1;7.6
2B;2021-04-08;1129;409;37705;14279;20.7;7.8
2B;2021-04-09;1168;568;38873;14847;21.3;8.1
2B;2021-04-10;1352;263;40225;15110;22.1;8.3
2B;2021-04-11;815;65;41040;15175;22.5;8.3
2B;2021-04-12;852;560;41892;15735;23.0;8.6
2B;2021-04-13;1061;631;42953;16366;23.6;9.0
2B;2021-04-14;1044;493;43997;16859;24.1;9.3
2B;2021-04-15;885;517;44882;17376;24.6;9.5
2B;2021-04-16;911;649;45793;18025;25.1;9.9
2B;2021-04-17;386;447;46179;18472;25.3;10.1
2B;2021-04-18;252;342;46431;18814;25.5;10.3
2B;2021-04-19;822;438;47253;19252;25.9;10.6
2B;2021-04-20;898;848;48151;20100;26.4;11.0
2B;2021-04-21;1055;609;49206;20709;27.0;11.4
2B;2021-04-22;937;731;50143;21440;27.5;11.8
2B;2021-04-23;661;630;50804;22070;27.9;12.1
2B;2021-04-24;288;772;51092;22842;28.0;12.5
2B;2021-04-25;285;477;51377;23319;28.2;12.8
2B;2021-04-26;708;920;52085;24239;28.6;13.3
2B;2021-04-27;965;875;53050;25114;29.1;13.8
2B;2021-04-28;918;862;53968;25976;29.6;14.3
2B;2021-04-29;923;868;54891;26844;30.1;14.7
2B;2021-04-30;1132;831;56023;27675;30.7;15.2
2B;2021-05-01;459;1115;56482;28790;31.0;15.8
2B;2021-05-02;335;245;56817;29035;31.2;15.9
2B;2021-05-03;1019;495;57836;29530;31.7;16.2
2B;2021-05-04;809;1152;58645;30682;32.2;16.8
2B;2021-05-05;803;1375;59448;32057;32.6;17.6
2B;2021-05-06;1288;904;60736;32961;33.3;18.1
2B;2021-05-07;1062;987;61798;33948;33.9;18.6
2B;2021-05-08;459;856;62257;34804;34.2;19.1
2B;2021-05-09;394;683;62651;35487;34.4;19.5
2B;2021-05-10;925;798;63576;36285;34.9;19.9
2B;2021-05-11;933;1162;64509;37447;35.4;20.5
2B;2021-05-12;859;891;65368;38338;35.9;21.0
2B;2021-05-13;1028;377;66396;38715;36.4;21.2
2B;2021-05-14;718;579;67114;39294;36.8;21.6
2B;2021-05-15;702;353;67816;39647;37.2;21.8
2B;2021-05-16;299;180;68115;39827;37.4;21.9
2B;2021-05-17;1002;406;69117;40233;37.9;22.1
2B;2021-05-18;991;383;70108;40616;38.5;22.3
2B;2021-05-19;771;416;70879;41032;38.9;22.5
2B;2021-05-20;673;359;71552;41391;39.3;22.7
2B;2021-05-21;705;502;72257;41893;39.6;23.0
2B;2021-05-22;574;391;72831;42284;40.0;23.2
2B;2021-05-23;168;46;72999;42330;40.1;23.2
2B;2021-05-24;40;115;73039;42445;40.1;23.3
2B;2021-05-25;548;353;73587;42798;40.4;23.5
2B;2021-05-26;544;789;74131;43587;40.7;23.9
2B;2021-05-27;407;1131;74538;44718;40.9;24.5
2B;2021-05-28;554;906;75092;45624;41.2;25.0
2B;2021-05-29;312;353;75404;45977;41.4;25.2
2B;2021-05-30;46;45;75450;46022;41.4;25.3
2B;2021-05-31;376;832;75826;46854;41.6;25.7
2B;2021-06-01;414;1039;76240;47893;41.8;26.3
2B;2021-06-02;364;991;76604;48884;42.0;26.8
2B;2021-06-03;498;808;77102;49692;42.3;27.3
2B;2021-06-04;343;1254;77445;50946;42.5;28.0
2B;2021-06-05;258;494;77703;51440;42.6;28.2
2B;2021-06-06;51;129;77754;51569;42.7;28.3
2B;2021-06-07;280;948;78034;52517;42.8;28.8
2B;2021-06-08;399;1170;78433;53687;43.0;29.5
2B;2021-06-09;518;1177;78951;54864;43.3;30.1
2B;2021-06-10;367;939;79318;55803;43.5;30.6
2B;2021-06-11;432;1274;79750;57077;43.8;31.3
2B;2021-06-12;151;545;79901;57622;43.8;31.6
2B;2021-06-13;25;59;79926;57681;43.9;31.6
2B;2021-06-14;195;1116;80121;58797;44.0;32.3
2B;2021-06-15;345;1220;80466;60017;44.1;32.9
2B;2021-06-16;381;936;80847;60953;44.4;33.4
2B;2021-06-17;399;1047;81246;62000;44.6;34.0
2B;2021-06-18;347;960;81593;62960;44.8;34.5
2B;2021-06-19;142;328;81735;63288;44.8;34.7
2B;2021-06-20;44;194;81779;63482;44.9;34.8
2B;2021-06-21;264;962;82043;64444;45.0;35.4
2B;2021-06-22;315;1115;82358;65559;45.2;36.0
2B;2021-06-23;209;872;82567;66431;45.3;36.4
2B;2021-06-24;336;756;82903;67187;45.5;36.9
2B;2021-06-25;212;1076;83115;68263;45.6;37.5
2B;2021-06-26;105;551;83220;68814;45.7;37.8
2B;2021-06-27;32;215;83252;69029;45.7;37.9
2B;2021-06-28;329;953;83581;69982;45.9;38.4
2B;2021-06-29;270;987;83851;70969;46.0;38.9
2B;2021-06-30;379;949;84230;71918;46.2;39.5
2B;2021-07-01;224;509;84454;72427;46.3;39.7
2B;2021-07-02;215;557;84669;72984;46.5;40.0
2B;2021-07-03;91;396;84760;73380;46.5;40.3
2B;2021-07-04;2;0;84762;73380;46.5;40.3
2B;2021-07-05;265;664;85027;74044;46.7;40.6
2B;2021-07-06;450;708;85477;74752;46.9;41.0
2B;2021-07-07;377;909;85854;75661;47.1;41.5
2B;2021-07-08;182;347;86036;76008;47.2;41.7
2B;2021-07-09;246;372;86282;76380;47.3;41.9
2B;2021-07-10;196;198;86478;76578;47.4;42.0
2B;2021-07-11;13;14;86491;76592;47.5;42.0
2B;2021-07-12;494;742;86985;77334;47.7;42.4
2B;2021-07-13;819;1014;87804;78348;48.2;43.0
2B;2021-07-14;342;99;88146;78447;48.4;43.0
2B;2021-07-15;1260;577;89406;79024;49.1;43.4
2B;2021-07-16;1107;561;90513;79585;49.7;43.7
2B;2021-07-17;708;314;91221;79899;50.1;43.8
2B;2021-07-18;179;46;91400;79945;50.1;43.9
2B;2021-07-19;843;706;92243;80651;50.6;44.3
2B;2021-07-20;1200;681;93443;81332;51.3;44.6
2B;2021-07-21;1382;723;94825;82055;52.0;45.0
2B;2021-07-22;1319;600;96144;82655;52.8;45.4
2B;2021-07-23;1313;497;97457;83152;53.5;45.6
2B;2021-07-24;530;315;97987;83467;53.8;45.8
2B;2021-07-25;203;71;98190;83538;53.9;45.8
2B;2021-07-26;911;630;99101;84168;54.4;46.2
2B;2021-07-27;1564;698;100665;84866;55.2;46.6
2B;2021-07-28;1158;620;101823;85486;55.9;46.9
2B;2021-07-29;1132;442;102955;85928;56.5;47.1
2B;2021-07-30;757;342;103712;86270;56.9;47.3
2B;2021-07-31;533;230;104245;86500;57.2;47.5
2B;2021-08-01;230;56;104475;86556;57.3;47.5
2B;2021-08-02;790;464;105265;87020;57.8;47.7
2B;2021-08-03;1121;775;106386;87795;58.4;48.2
2B;2021-08-04;797;447;107183;88242;58.8;48.4
2B;2021-08-05;1007;551;108190;88793;59.4;48.7
2B;2021-08-06;696;519;108886;89312;59.7;49.0
2B;2021-08-07;296;401;109182;89713;59.9;49.2
2B;2021-08-08;93;142;109275;89855;60.0;49.3
2B;2021-08-09;517;743;109792;90598;60.2;49.7
2B;2021-08-10;726;1127;110518;91725;60.6;50.3
2B;2021-08-11;733;886;111251;92611;61.0;50.8
30;2020-12-27;1;0;1;0;0.0;0.0
30;2020-12-28;0;0;1;0;0.0;0.0
30;2020-12-29;0;0;1;0;0.0;0.0
30;2020-12-30;0;0;1;0;0.0;0.0
30;2020-12-31;0;0;1;0;0.0;0.0
30;2021-01-01;0;0;1;0;0.0;0.0
30;2021-01-02;0;0;1;0;0.0;0.0
30;2021-01-03;0;0;1;0;0.0;0.0
30;2021-01-04;1;0;2;0;0.0;0.0
30;2021-01-05;3;0;5;0;0.0;0.0
30;2021-01-06;128;0;133;0;0.0;0.0
30;2021-01-07;312;0;445;0;0.1;0.0
30;2021-01-08;531;0;976;0;0.1;0.0
30;2021-01-09;270;0;1246;0;0.2;0.0
30;2021-01-10;0;0;1246;0;0.2;0.0
30;2021-01-11;537;1;1783;1;0.2;0.0
30;2021-01-12;798;3;2581;4;0.3;0.0
30;2021-01-13;639;0;3220;4;0.4;0.0
30;2021-01-14;652;5;3872;9;0.5;0.0
30;2021-01-15;756;2;4628;11;0.6;0.0
30;2021-01-16;313;0;4941;11;0.7;0.0
30;2021-01-17;3;0;4944;11;0.7;0.0
30;2021-01-18;939;5;5883;16;0.8;0.0
30;2021-01-19;1735;7;7618;23;1.0;0.0
30;2021-01-20;1303;2;8921;25;1.2;0.0
30;2021-01-21;1226;2;10147;27;1.4;0.0
30;2021-01-22;1074;5;11221;32;1.5;0.0
30;2021-01-23;633;2;11854;34;1.6;0.0
30;2021-01-24;0;0;11854;34;1.6;0.0
30;2021-01-25;830;4;12684;38;1.7;0.0
30;2021-01-26;1056;15;13740;53;1.8;0.0
30;2021-01-27;981;112;14721;165;2.0;0.0
30;2021-01-28;712;274;15433;439;2.1;0.1
30;2021-01-29;668;445;16101;884;2.2;0.1
30;2021-01-30;471;288;16572;1172;2.2;0.2
30;2021-01-31;3;7;16575;1179;2.2;0.2
30;2021-02-01;813;436;17388;1615;2.3;0.2
30;2021-02-02;1874;678;19262;2293;2.6;0.3
30;2021-02-03;1183;487;20445;2780;2.7;0.4
30;2021-02-04;968;663;21413;3443;2.9;0.5
30;2021-02-05;599;763;22012;4206;2.9;0.6
30;2021-02-06;291;262;22303;4468;3.0;0.6
30;2021-02-07;2;8;22305;4476;3.0;0.6
30;2021-02-08;574;738;22879;5214;3.1;0.7
30;2021-02-09;981;1007;23860;6221;3.2;0.8
30;2021-02-10;986;1099;24846;7320;3.3;1.0
30;2021-02-11;927;1036;25773;8356;3.4;1.1
30;2021-02-12;616;993;26389;9349;3.5;1.2
30;2021-02-13;435;388;26824;9737;3.6;1.3
30;2021-02-14;1;21;26825;9758;3.6;1.3
30;2021-02-15;448;622;27273;10380;3.6;1.4
30;2021-02-16;460;849;27733;11229;3.7;1.5
30;2021-02-17;682;624;28415;11853;3.8;1.6
30;2021-02-18;796;528;29211;12381;3.9;1.7
30;2021-02-19;573;673;29784;13054;4.0;1.7
30;2021-02-20;223;227;30007;13281;4.0;1.8
30;2021-02-21;5;3;30012;13284;4.0;1.8
30;2021-02-22;501;764;30513;14048;4.1;1.9
30;2021-02-23;975;1468;31488;15516;4.2;2.1
30;2021-02-24;926;1192;32414;16708;4.3;2.2
30;2021-02-25;1207;892;33621;17600;4.5;2.4
30;2021-02-26;1338;599;34959;18199;4.7;2.4
30;2021-02-27;564;545;35523;18744;4.7;2.5
30;2021-02-28;2;7;35525;18751;4.7;2.5
30;2021-03-01;1341;830;36866;19581;4.9;2.6
30;2021-03-02;1710;910;38576;20491;5.2;2.7
30;2021-03-03;2306;761;40882;21252;5.5;2.8
30;2021-03-04;2637;869;43519;22121;5.8;3.0
30;2021-03-05;2759;613;46278;22734;6.2;3.0
30;2021-03-06;2997;364;49275;23098;6.6;3.1
30;2021-03-07;1859;43;51134;23141;6.8;3.1
30;2021-03-08;1551;785;52685;23926;7.0;3.2
30;2021-03-09;2274;871;54959;24797;7.3;3.3
30;2021-03-10;2355;652;57314;25449;7.7;3.4
30;2021-03-11;3055;685;60369;26134;8.1;3.5
30;2021-03-12;3112;383;63481;26517;8.5;3.5
30;2021-03-13;2225;291;65706;26808;8.8;3.6
30;2021-03-14;83;3;65789;26811;8.8;3.6
30;2021-03-15;1569;567;67358;27378;9.0;3.7
30;2021-03-16;1299;1068;68657;28446;9.2;3.8
30;2021-03-17;1455;644;70112;29090;9.4;3.9
30;2021-03-18;1647;713;71759;29803;9.6;4.0
30;2021-03-19;2252;546;74011;30349;9.9;4.1
30;2021-03-20;1399;141;75410;30490;10.1;4.1
30;2021-03-21;57;8;75467;30498;10.1;4.1
30;2021-03-22;2397;718;77864;31216;10.4;4.2
30;2021-03-23;3509;799;81373;32015;10.9;4.3
30;2021-03-24;3634;806;85007;32821;11.4;4.4
30;2021-03-25;4403;842;89410;33663;11.9;4.5
30;2021-03-26;4362;632;93772;34295;12.5;4.6
30;2021-03-27;1970;376;95742;34671;12.8;4.6
30;2021-03-28;35;29;95777;34700;12.8;4.6
30;2021-03-29;2813;1648;98590;36348;13.2;4.9
30;2021-03-30;3780;1875;102370;38223;13.7;5.1
30;2021-03-31;3507;1640;105877;39863;14.1;5.3
30;2021-04-01;4016;1458;109893;41321;14.7;5.5
30;2021-04-02;3603;1228;113496;42549;15.2;5.7
30;2021-04-03;1061;1225;114557;43774;15.3;5.8
30;2021-04-04;29;188;114586;43962;15.3;5.9
30;2021-04-05;764;286;115350;44248;15.4;5.9
30;2021-04-06;3041;1573;118391;45821;15.8;6.1
30;2021-04-07;2717;1629;121108;47450;16.2;6.3
30;2021-04-08;3917;1484;125025;48934;16.7;6.5
30;2021-04-09;4885;1516;129910;50450;17.4;6.7
30;2021-04-10;2426;1174;132336;51624;17.7;6.9
30;2021-04-11;949;58;133285;51682;17.8;6.9
30;2021-04-12;3148;1488;136433;53170;18.2;7.1
30;2021-04-13;4017;1931;140450;55101;18.8;7.4
30;2021-04-14;3379;1537;143829;56638;19.2;7.6
30;2021-04-15;3830;1460;147659;58098;19.7;7.8
30;2021-04-16;3702;1529;151361;59627;20.2;8.0
30;2021-04-17;1493;951;152854;60578;20.4;8.1
30;2021-04-18;961;66;153815;60644;20.6;8.1
30;2021-04-19;2449;2297;156264;62941;20.9;8.4
30;2021-04-20;2814;2828;159078;65769;21.3;8.8
30;2021-04-21;2600;2562;161678;68331;21.6;9.1
30;2021-04-22;3524;2313;165202;70644;22.1;9.4
30;2021-04-23;3578;2302;168780;72946;22.6;9.7
30;2021-04-24;1346;1226;170126;74172;22.7;9.9
30;2021-04-25;748;90;170874;74262;22.8;9.9
30;2021-04-26;2016;2385;172890;76647;23.1;10.2
30;2021-04-27;2950;2604;175840;79251;23.5;10.6
30;2021-04-28;2837;2481;178677;81732;23.9;10.9
30;2021-04-29;3615;2310;182292;84042;24.4;11.2
30;2021-04-30;3409;2025;185701;86067;24.8;11.5
30;2021-05-01;1750;605;187451;86672;25.0;11.6
30;2021-05-02;664;245;188115;86917;25.1;11.6
30;2021-05-03;3758;2501;191873;89418;25.6;11.9
30;2021-05-04;3981;3520;195854;92938;26.2;12.4
30;2021-05-05;3945;3127;199799;96065;26.7;12.8
30;2021-05-06;4197;3357;203996;99422;27.3;13.3
30;2021-05-07;4079;3057;208075;102479;27.8;13.7
30;2021-05-08;1605;721;209680;103200;28.0;13.8
30;2021-05-09;372;613;210052;103813;28.1;13.9
30;2021-05-10;2919;3117;212971;106930;28.5;14.3
30;2021-05-11;5386;3649;218357;110579;29.2;14.8
30;2021-05-12;5304;3216;223661;113795;29.9;15.2
30;2021-05-13;3231;1025;226892;114820;30.3;15.3
30;2021-05-14;4891;2456;231783;117276;31.0;15.7
30;2021-05-15;3409;1207;235192;118483;31.4;15.8
30;2021-05-16;397;339;235589;118822;31.5;15.9
30;2021-05-17;3798;3033;239387;121855;32.0;16.3
30;2021-05-18;4826;3032;244213;124887;32.6;16.7
30;2021-05-19;4775;2547;248988;127434;33.3;17.0
30;2021-05-20;5015;2576;254003;130010;33.9;17.4
30;2021-05-21;4888;2468;258891;132478;34.6;17.7
30;2021-05-22;3158;1293;262049;133771;35.0;17.9
30;2021-05-23;288;345;262337;134116;35.0;17.9
30;2021-05-24;783;768;263120;134884;35.2;18.0
30;2021-05-25;2658;3164;265778;138048;35.5;18.4
30;2021-05-26;2888;2566;268666;140614;35.9;18.8
30;2021-05-27;3760;2719;272426;143333;36.4;19.2
30;2021-05-28;3327;3286;275753;146619;36.8;19.6
30;2021-05-29;1687;1803;277440;148422;37.1;19.8
30;2021-05-30;360;589;277800;149011;37.1;19.9
30;2021-05-31;2831;2297;280631;151308;37.5;20.2
30;2021-06-01;3658;2795;284289;154103;38.0;20.6
30;2021-06-02;3316;2450;287605;156553;38.4;20.9
30;2021-06-03;4132;3353;291737;159906;39.0;21.4
30;2021-06-04;3905;3400;295642;163306;39.5;21.8
30;2021-06-05;1907;1313;297549;164619;39.8;22.0
30;2021-06-06;683;264;298232;164883;39.8;22.0
30;2021-06-07;4724;2525;302956;167408;40.5;22.4
30;2021-06-08;4831;3324;307787;170732;41.1;22.8
30;2021-06-09;4148;2984;311935;173716;41.7;23.2
30;2021-06-10;4610;3354;316545;177070;42.3;23.7
30;2021-06-11;4583;3811;321128;180881;42.9;24.2
30;2021-06-12;2482;1707;323610;182588;43.2;24.4
30;2021-06-13;494;341;324104;182929;43.3;24.4
30;2021-06-14;2469;4708;326573;187637;43.6;25.1
30;2021-06-15;3201;5305;329774;192942;44.1;25.8
30;2021-06-16;3109;4646;332883;197588;44.5;26.4
30;2021-06-17;3924;4367;336807;201955;45.0;27.0
30;2021-06-18;3712;4694;340519;206649;45.5;27.6
30;2021-06-19;1440;2002;341959;208651;45.7;27.9
30;2021-06-20;358;489;342317;209140;45.7;27.9
30;2021-06-21;2375;4907;344692;214047;46.1;28.6
30;2021-06-22;2362;5737;347054;219784;46.4;29.4
30;2021-06-23;2524;5335;349578;225119;46.7;30.1
30;2021-06-24;2338;4701;351916;229820;47.0;30.7
30;2021-06-25;2609;5600;354525;235420;47.4;31.5
30;2021-06-26;910;2938;355435;238358;47.5;31.8
30;2021-06-27;222;526;355657;238884;47.5;31.9
30;2021-06-28;1667;6018;357324;244902;47.7;32.7
30;2021-06-29;1837;6025;359161;250927;48.0;33.5
30;2021-06-30;1999;5256;361160;256183;48.3;34.2
30;2021-07-01;2985;4719;364145;260902;48.7;34.9
30;2021-07-02;2833;4618;366978;265520;49.0;35.5
30;2021-07-03;1150;3046;368128;268566;49.2;35.9
30;2021-07-04;115;391;368243;268957;49.2;35.9
30;2021-07-05;2021;4024;370264;272981;49.5;36.5
30;2021-07-06;2656;4969;372920;277950;49.8;37.1
30;2021-07-07;2538;4215;375458;282165;50.2;37.7
30;2021-07-08;2010;3423;377468;285588;50.4;38.2
30;2021-07-09;2405;5317;379873;290905;50.8;38.9
30;2021-07-10;1498;2157;381371;293062;51.0;39.2
30;2021-07-11;46;415;381417;293477;51.0;39.2
30;2021-07-12;2520;5147;383937;298624;51.3;39.9
30;2021-07-13;3286;6030;387223;304654;51.7;40.7
30;2021-07-14;496;546;387719;305200;51.8;40.8
30;2021-07-15;4119;5463;391838;310663;52.4;41.5
30;2021-07-16;4959;5711;396797;316374;53.0;42.3
30;2021-07-17;1698;2465;398495;318839;53.2;42.6
30;2021-07-18;146;603;398641;319442;53.3;42.7
30;2021-07-19;3361;6307;402002;325749;53.7;43.5
30;2021-07-20;4632;6505;406634;332254;54.3;44.4
30;2021-07-21;4038;5407;410672;337661;54.9;45.1
30;2021-07-22;4866;5728;415538;343389;55.5;45.9
30;2021-07-23;4959;5848;420497;349237;56.2;46.7
30;2021-07-24;2228;3263;422725;352500;56.5;47.1
30;2021-07-25;134;309;422859;352809;56.5;47.1
30;2021-07-26;4382;4118;427241;356927;57.1;47.7
30;2021-07-27;4821;4638;432062;361565;57.7;48.3
30;2021-07-28;4844;3998;436906;365563;58.4;48.8
30;2021-07-29;5890;4116;442796;369679;59.2;49.4
30;2021-07-30;5310;4379;448106;374058;59.9;50.0
30;2021-07-31;2626;1950;450732;376008;60.2;50.2
30;2021-08-01;720;308;451452;376316;60.3;50.3
30;2021-08-02;3633;4003;455085;380319;60.8;50.8
30;2021-08-03;4825;3927;459910;384246;61.4;51.3
30;2021-08-04;5228;3043;465138;387289;62.1;51.7
30;2021-08-05;4589;3747;469727;391036;62.8;52.2
30;2021-08-06;4217;4039;473944;395075;63.3;52.8
30;2021-08-07;1823;1930;475767;397005;63.6;53.0
30;2021-08-08;614;274;476381;397279;63.6;53.1
30;2021-08-09;3290;3721;479671;401000;64.1;53.6
30;2021-08-10;3892;4366;483563;405366;64.6;54.2
30;2021-08-11;3330;3456;486893;408822;65.1;54.6
31;2020-12-27;0;0;0;0;0.0;0.0
31;2020-12-28;1;0;1;0;0.0;0.0
31;2020-12-29;0;0;1;0;0.0;0.0
31;2020-12-30;0;0;1;0;0.0;0.0
31;2020-12-31;1;0;2;0;0.0;0.0
31;2021-01-01;4;0;6;0;0.0;0.0
31;2021-01-02;0;0;6;0;0.0;0.0
31;2021-01-03;2;0;8;0;0.0;0.0
31;2021-01-04;3;0;11;0;0.0;0.0
31;2021-01-05;50;0;61;0;0.0;0.0
31;2021-01-06;211;1;272;1;0.0;0.0
31;2021-01-07;284;1;556;2;0.0;0.0
31;2021-01-08;545;1;1101;3;0.1;0.0
31;2021-01-09;275;0;1376;3;0.1;0.0
31;2021-01-10;287;0;1663;3;0.1;0.0
31;2021-01-11;979;3;2642;6;0.2;0.0
31;2021-01-12;1192;0;3834;6;0.3;0.0
31;2021-01-13;1157;3;4991;9;0.4;0.0
31;2021-01-14;1176;17;6167;26;0.4;0.0
31;2021-01-15;1046;3;7213;29;0.5;0.0
31;2021-01-16;243;1;7456;30;0.5;0.0
31;2021-01-17;176;0;7632;30;0.5;0.0
31;2021-01-18;1609;4;9241;34;0.7;0.0
31;2021-01-19;2933;11;12174;45;0.9;0.0
31;2021-01-20;3662;11;15836;56;1.1;0.0
31;2021-01-21;2991;5;18827;61;1.3;0.0
31;2021-01-22;2271;7;21098;68;1.5;0.0
31;2021-01-23;728;1;21826;69;1.6;0.0
31;2021-01-24;212;1;22038;70;1.6;0.0
31;2021-01-25;1744;9;23782;79;1.7;0.0
31;2021-01-26;1838;64;25620;143;1.8;0.0
31;2021-01-27;1575;154;27195;297;1.9;0.0
31;2021-01-28;1383;302;28578;599;2.0;0.0
31;2021-01-29;1356;349;29934;948;2.1;0.1
31;2021-01-30;445;187;30379;1135;2.2;0.1
31;2021-01-31;61;209;30440;1344;2.2;0.1
31;2021-02-01;1156;732;31596;2076;2.3;0.1
31;2021-02-02;3033;804;34629;2880;2.5;0.2
31;2021-02-03;1917;779;36546;3659;2.6;0.3
31;2021-02-04;1806;843;38352;4502;2.7;0.3
31;2021-02-05;1338;577;39690;5079;2.8;0.4
31;2021-02-06;378;55;40068;5134;2.9;0.4
31;2021-02-07;37;41;40105;5175;2.9;0.4
31;2021-02-08;1115;666;41220;5841;2.9;0.4
31;2021-02-09;1677;1576;42897;7417;3.1;0.5
31;2021-02-10;1959;2473;44856;9890;3.2;0.7
31;2021-02-11;1814;1825;46670;11715;3.3;0.8
31;2021-02-12;1537;797;48207;12512;3.4;0.9
31;2021-02-13;503;230;48710;12742;3.5;0.9
31;2021-02-14;56;217;48766;12959;3.5;0.9
31;2021-02-15;443;1376;49209;14335;3.5;1.0
31;2021-02-16;467;1556;49676;15891;3.5;1.1
31;2021-02-17;472;1670;50148;17561;3.6;1.3
31;2021-02-18;476;1819;50624;19380;3.6;1.4
31;2021-02-19;393;1574;51017;20954;3.6;1.5
31;2021-02-20;69;531;51086;21485;3.6;1.5
31;2021-02-21;77;161;51163;21646;3.7;1.5
31;2021-02-22;432;1759;51595;23405;3.7;1.7
31;2021-02-23;866;3015;52461;26420;3.7;1.9
31;2021-02-24;653;2195;53114;28615;3.8;2.0
31;2021-02-25;1430;1842;54544;30457;3.9;2.2
31;2021-02-26;1712;1237;56256;31694;4.0;2.3
31;2021-02-27;637;405;56893;32099;4.1;2.3
31;2021-02-28;78;54;56971;32153;4.1;2.3
31;2021-03-01;873;1136;57844;33289;4.1;2.4
31;2021-03-02;1233;1669;59077;34958;4.2;2.5
31;2021-03-03;1356;1811;60433;36769;4.3;2.6
31;2021-03-04;2421;1508;62854;38277;4.5;2.7
31;2021-03-05;3053;1603;65907;39880;4.7;2.8
31;2021-03-06;2835;411;68742;40291;4.9;2.9
31;2021-03-07;5368;105;74110;40396;5.3;2.9
31;2021-03-08;1596;1096;75706;41492;5.4;3.0
31;2021-03-09;2782;1192;78488;42684;5.6;3.0
31;2021-03-10;2573;1092;81061;43776;5.8;3.1
31;2021-03-11;4378;1169;85439;44945;6.1;3.2
31;2021-03-12;5315;1194;90754;46139;6.5;3.3
31;2021-03-13;2835;506;93589;46645;6.7;3.3
31;2021-03-14;234;49;93823;46694;6.7;3.3
31;2021-03-15;2582;431;96405;47125;6.9;3.4
31;2021-03-16;1744;815;98149;47940;7.0;3.4
31;2021-03-17;1657;559;99806;48499;7.1;3.5
31;2021-03-18;1987;712;101793;49211;7.3;3.5
31;2021-03-19;3182;526;104975;49737;7.5;3.6
31;2021-03-20;1794;141;106769;49878;7.6;3.6
31;2021-03-21;210;35;106979;49913;7.6;3.6
31;2021-03-22;2577;367;109556;50280;7.8;3.6
31;2021-03-23;4054;319;113610;50599;8.1;3.6
31;2021-03-24;4354;290;117964;50889;8.4;3.6
31;2021-03-25;6040;522;124004;51411;8.9;3.7
31;2021-03-26;5465;515;129469;51926;9.2;3.7
31;2021-03-27;4348;206;133817;52132;9.6;3.7
31;2021-03-28;2290;48;136107;52180;9.7;3.7
31;2021-03-29;4206;430;140313;52610;10.0;3.8
31;2021-03-30;6593;553;146906;53163;10.5;3.8
31;2021-03-31;5643;370;152549;53533;10.9;3.8
31;2021-04-01;6961;551;159510;54084;11.4;3.9
31;2021-04-02;6100;586;165610;54670;11.8;3.9
31;2021-04-03;3926;151;169536;54821;12.1;3.9
31;2021-04-04;2059;111;171595;54932;12.2;3.9
31;2021-04-05;481;69;172076;55001;12.3;3.9
31;2021-04-06;4162;1149;176238;56150;12.6;4.0
31;2021-04-07;5983;977;182221;57127;13.0;4.1
31;2021-04-08;7565;1031;189786;58158;13.5;4.2
31;2021-04-09;8383;1249;198169;59407;14.1;4.2
31;2021-04-10;4716;542;202885;59949;14.5;4.3
31;2021-04-11;2067;139;204952;60088;14.6;4.3
31;2021-04-12;5996;1829;210948;61917;15.1;4.4
31;2021-04-13;8028;2021;218976;63938;15.6;4.6
31;2021-04-14;6649;1928;225625;65866;16.1;4.7
31;2021-04-15;7769;2233;233394;68099;16.7;4.9
31;2021-04-16;7176;2090;240570;70189;17.2;5.0
31;2021-04-17;4413;899;244983;71088;17.5;5.1
31;2021-04-18;2512;354;247495;71442;17.7;5.1
31;2021-04-19;5221;2025;252716;73467;18.0;5.2
31;2021-04-20;6071;2845;258787;76312;18.5;5.4
31;2021-04-21;5974;2795;264761;79107;18.9;5.6
31;2021-04-22;6381;3237;271142;82344;19.4;5.9
31;2021-04-23;6276;2578;277418;84922;19.8;6.1
31;2021-04-24;1615;3137;279033;88059;19.9;6.3
31;2021-04-25;686;2094;279719;90153;20.0;6.4
31;2021-04-26;3792;3223;283511;93376;20.2;6.7
31;2021-04-27;4517;3901;288028;97277;20.6;6.9
31;2021-04-28;4545;3518;292573;100795;20.9;7.2
31;2021-04-29;5181;4035;297754;104830;21.3;7.5
31;2021-04-30;5035;4134;302789;108964;21.6;7.8
31;2021-05-01;1488;3120;304277;112084;21.7;8.0
31;2021-05-02;1412;1981;305689;114065;21.8;8.1
31;2021-05-03;5654;2422;311343;116487;22.2;8.3
31;2021-05-04;4781;4741;316124;121228;22.6;8.7
31;2021-05-05;2990;5720;319114;126948;22.8;9.1
31;2021-05-06;3631;7383;322745;134331;23.0;9.6
31;2021-05-07;5258;7176;328003;141507;23.4;10.1
31;2021-05-08;3634;3103;331637;144610;23.7;10.3
31;2021-05-09;3761;2310;335398;146920;23.9;10.5
31;2021-05-10;5686;5480;341084;152400;24.3;10.9
31;2021-05-11;6650;6702;347734;159102;24.8;11.4
31;2021-05-12;6171;5919;353905;165021;25.3;11.8
31;2021-05-13;4644;2063;358549;167084;25.6;11.9
31;2021-05-14;6907;3982;365456;171066;26.1;12.2
31;2021-05-15;5144;1753;370600;172819;26.5;12.3
31;2021-05-16;3299;633;373899;173452;26.7;12.4
31;2021-05-17;5142;4150;379041;177602;27.1;12.7
31;2021-05-18;5588;4270;384629;181872;27.5;13.0
31;2021-05-19;5780;3764;390409;185636;27.9;13.3
31;2021-05-20;6475;4808;396884;190444;28.3;13.6
31;2021-05-21;5983;4605;402867;195049;28.8;13.9
31;2021-05-22;4082;1628;406949;196677;29.0;14.0
31;2021-05-23;3584;343;410533;197020;29.3;14.1
31;2021-05-24;3879;708;414412;197728;29.6;14.1
31;2021-05-25;6189;3610;420601;201338;30.0;14.4
31;2021-05-26;5606;4643;426207;205981;30.4;14.7
31;2021-05-27;4782;6199;430989;212180;30.8;15.1
31;2021-05-28;4114;6347;435103;218527;31.1;15.6
31;2021-05-29;1918;4030;437021;222557;31.2;15.9
31;2021-05-30;750;2362;437771;224919;31.2;16.1
31;2021-05-31;4396;5089;442167;230008;31.6;16.4
31;2021-06-01;5955;6564;448122;236572;32.0;16.9
31;2021-06-02;5799;6309;453921;242881;32.4;17.3
31;2021-06-03;7308;8144;461229;251025;32.9;17.9
31;2021-06-04;7537;7164;468766;258189;33.5;18.4
31;2021-06-05;9078;2775;477844;260964;34.1;18.6
31;2021-06-06;8109;1579;485953;262543;34.7;18.7
31;2021-06-07;7987;5469;493940;268012;35.3;19.1
31;2021-06-08;9102;6048;503042;274060;35.9;19.6
31;2021-06-09;8917;5525;511959;279585;36.5;20.0
31;2021-06-10;9781;6349;521740;285934;37.2;20.4
31;2021-06-11;10046;6636;531786;292570;38.0;20.9
31;2021-06-12;8793;3016;540579;295586;38.6;21.1
31;2021-06-13;8374;2007;548953;297593;39.2;21.2
31;2021-06-14;8429;6730;557382;304323;39.8;21.7
31;2021-06-15;9761;7439;567143;311762;40.5;22.3
31;2021-06-16;8732;5256;575875;317018;41.1;22.6
31;2021-06-17;8274;6601;584149;323619;41.7;23.1
31;2021-06-18;8549;7745;592698;331364;42.3;23.7
31;2021-06-19;7364;5431;600062;336795;42.8;24.0
31;2021-06-20;5570;3725;605632;340520;43.2;24.3
31;2021-06-21;5373;6915;611005;347435;43.6;24.8
31;2021-06-22;4974;8218;615979;355653;44.0;25.4
31;2021-06-23;5105;7275;621084;362928;44.3;25.9
31;2021-06-24;4634;8323;625718;371251;44.7;26.5
31;2021-06-25;5016;9307;630734;380558;45.0;27.2
31;2021-06-26;4284;6394;635018;386952;45.3;27.6
31;2021-06-27;3596;4104;638614;391056;45.6;27.9
31;2021-06-28;4098;6646;642712;397702;45.9;28.4
31;2021-06-29;3795;7561;646507;405263;46.1;28.9
31;2021-06-30;4272;7803;650779;413066;46.5;29.5
31;2021-07-01;4072;8467;654851;421533;46.7;30.1
31;2021-07-02;4103;9325;658954;430858;47.0;30.8
31;2021-07-03;4096;6109;663050;436967;47.3;31.2
31;2021-07-04;3204;4803;666254;441770;47.6;31.5
31;2021-07-05;4046;7090;670300;448860;47.8;32.0
31;2021-07-06;3874;8368;674174;457228;48.1;32.6
31;2021-07-07;3963;7962;678137;465190;48.4;33.2
31;2021-07-08;4040;8539;682177;473729;48.7;33.8
31;2021-07-09;4454;8792;686631;482521;49.0;34.4
31;2021-07-10;3916;5495;690547;488016;49.3;34.8
31;2021-07-11;3137;4118;693684;492134;49.5;35.1
31;2021-07-12;3812;8619;697496;500753;49.8;35.7
31;2021-07-13;6915;9420;704411;510173;50.3;36.4
31;2021-07-14;6146;3911;710557;514084;50.7;36.7
31;2021-07-15;8440;9414;718997;523498;51.3;37.4
31;2021-07-16;7745;9892;726742;533390;51.9;38.1
31;2021-07-17;8345;10524;735087;543914;52.5;38.8
31;2021-07-18;6616;9447;741703;553361;52.9;39.5
31;2021-07-19;4776;10771;746479;564132;53.3;40.3
31;2021-07-20;7131;11459;753610;575591;53.8;41.1
31;2021-07-21;7002;11519;760612;587110;54.3;41.9
31;2021-07-22;8129;11741;768741;598851;54.9;42.7
31;2021-07-23;7420;11785;776161;610636;55.4;43.6
31;2021-07-24;10255;10512;786416;621148;56.1;44.3
31;2021-07-25;7530;8772;793946;629920;56.7;45.0
31;2021-07-26;5494;9507;799440;639427;57.1;45.6
31;2021-07-27;7919;9165;807359;648592;57.6;46.3
31;2021-07-28;8636;8248;815995;656840;58.2;46.9
31;2021-07-29;8804;8003;824799;664843;58.9;47.5
31;2021-07-30;7628;7957;832427;672800;59.4;48.0
31;2021-07-31;5985;7377;838412;680177;59.8;48.6
31;2021-08-01;4396;4282;842808;684459;60.2;48.9
31;2021-08-02;5458;5399;848266;689858;60.5;49.2
31;2021-08-03;5840;5173;854106;695031;61.0;49.6
31;2021-08-04;5863;4780;859969;699811;61.4;50.0
31;2021-08-05;5526;7192;865495;707003;61.8;50.5
31;2021-08-06;5243;7317;870738;714320;62.2;51.0
31;2021-08-07;4571;6629;875309;720949;62.5;51.5
31;2021-08-08;3366;5558;878675;726507;62.7;51.9
31;2021-08-09;4354;6998;883029;733505;63.0;52.4
31;2021-08-10;4623;6260;887652;739765;63.4;52.8
31;2021-08-11;4498;5839;892150;745604;63.7;53.2
32;2020-12-27;0;0;0;0;0.0;0.0
32;2020-12-28;0;0;0;0;0.0;0.0
32;2020-12-29;0;0;0;0;0.0;0.0
32;2020-12-30;0;0;0;0;0.0;0.0
32;2020-12-31;0;0;0;0;0.0;0.0
32;2021-01-01;0;0;0;0;0.0;0.0
32;2021-01-02;0;0;0;0;0.0;0.0
32;2021-01-03;0;0;0;0;0.0;0.0
32;2021-01-04;3;0;3;0;0.0;0.0
32;2021-01-05;1;0;4;0;0.0;0.0
32;2021-01-06;2;0;6;0;0.0;0.0
32;2021-01-07;155;0;161;0;0.1;0.0
32;2021-01-08;70;0;231;0;0.1;0.0
32;2021-01-09;5;0;236;0;0.1;0.0
32;2021-01-10;1;0;237;0;0.1;0.0
32;2021-01-11;11;0;248;0;0.1;0.0
32;2021-01-12;96;0;344;0;0.2;0.0
32;2021-01-13;325;0;669;0;0.4;0.0
32;2021-01-14;377;3;1046;3;0.6;0.0
32;2021-01-15;448;1;1494;4;0.8;0.0
32;2021-01-16;16;2;1510;6;0.8;0.0
32;2021-01-17;1;0;1511;6;0.8;0.0
32;2021-01-18;344;1;1855;7;1.0;0.0
32;2021-01-19;418;0;2273;7;1.2;0.0
32;2021-01-20;358;0;2631;7;1.4;0.0
32;2021-01-21;582;0;3213;7;1.7;0.0
32;2021-01-22;371;0;3584;7;1.9;0.0
32;2021-01-23;180;0;3764;7;2.0;0.0
32;2021-01-24;4;0;3768;7;2.0;0.0
32;2021-01-25;463;1;4231;8;2.2;0.0
32;2021-01-26;607;0;4838;8;2.5;0.0
32;2021-01-27;703;4;5541;12;2.9;0.0
32;2021-01-28;687;16;6228;28;3.3;0.0
32;2021-01-29;460;53;6688;81;3.5;0.0
32;2021-01-30;260;0;6948;81;3.7;0.0
32;2021-01-31;4;5;6952;86;3.7;0.0
32;2021-02-01;288;58;7240;144;3.8;0.1
32;2021-02-02;639;139;7879;283;4.1;0.1
32;2021-02-03;338;201;8217;484;4.3;0.3
32;2021-02-04;424;279;8641;763;4.5;0.4
32;2021-02-05;348;360;8989;1123;4.7;0.6
32;2021-02-06;147;0;9136;1123;4.8;0.6
32;2021-02-07;0;36;9136;1159;4.8;0.6
32;2021-02-08;278;122;9414;1281;5.0;0.7
32;2021-02-09;309;229;9723;1510;5.1;0.8
32;2021-02-10;269;253;9992;1763;5.3;0.9
32;2021-02-11;382;317;10374;2080;5.5;1.1
32;2021-02-12;297;280;10671;2360;5.6;1.2
32;2021-02-13;249;1;10920;2361;5.7;1.2
32;2021-02-14;0;28;10920;2389;5.7;1.3
32;2021-02-15;25;212;10945;2601;5.8;1.4
32;2021-02-16;393;367;11338;2968;6.0;1.6
32;2021-02-17;190;474;11528;3442;6.1;1.8
32;2021-02-18;331;494;11859;3936;6.2;2.1
32;2021-02-19;185;281;12044;4217;6.3;2.2
32;2021-02-20;1;120;12045;4337;6.3;2.3
32;2021-02-21;0;0;12045;4337;6.3;2.3
32;2021-02-22;158;385;12203;4722;6.4;2.5
32;2021-02-23;431;566;12634;5288;6.6;2.8
32;2021-02-24;277;380;12911;5668;6.8;3.0
32;2021-02-25;480;518;13391;6186;7.0;3.3
32;2021-02-26;443;385;13834;6571;7.3;3.5
32;2021-02-27;157;246;13991;6817;7.4;3.6
32;2021-02-28;4;0;13995;6817;7.4;3.6
32;2021-03-01;51;300;14046;7117;7.4;3.7
32;2021-03-02;414;445;14460;7562;7.6;4.0
32;2021-03-03;276;292;14736;7854;7.8;4.1
32;2021-03-04;538;338;15274;8192;8.0;4.3
32;2021-03-05;436;249;15710;8441;8.3;4.4
32;2021-03-06;522;166;16232;8607;8.5;4.5
32;2021-03-07;25;5;16257;8612;8.6;4.5
32;2021-03-08;234;292;16491;8904;8.7;4.7
32;2021-03-09;642;330;17133;9234;9.0;4.9
32;2021-03-10;482;329;17615;9563;9.3;5.0
32;2021-03-11;854;293;18469;9856;9.7;5.2
32;2021-03-12;881;341;19350;10197;10.2;5.4
32;2021-03-13;490;248;19840;10445;10.4;5.5
32;2021-03-14;1;0;19841;10445;10.4;5.5
32;2021-03-15;267;26;20108;10471;10.6;5.5
32;2021-03-16;314;307;20422;10778;10.7;5.7
32;2021-03-17;150;156;20572;10934;10.8;5.8
32;2021-03-18;374;308;20946;11242;11.0;5.9
32;2021-03-19;403;182;21349;11424;11.2;6.0
32;2021-03-20;136;33;21485;11457;11.3;6.0
32;2021-03-21;0;0;21485;11457;11.3;6.0
32;2021-03-22;340;170;21825;11627;11.5;6.1
32;2021-03-23;560;398;22385;12025;11.8;6.3
32;2021-03-24;643;270;23028;12295;12.1;6.5
32;2021-03-25;897;416;23925;12711;12.6;6.7
32;2021-03-26;657;294;24582;13005;12.9;6.8
32;2021-03-27;165;3;24747;13008;13.0;6.8
32;2021-03-28;1;1;24748;13009;13.0;6.8
32;2021-03-29;371;48;25119;13057;13.2;6.9
32;2021-03-30;766;290;25885;13347;13.6;7.0
32;2021-03-31;654;172;26539;13519;14.0;7.1
32;2021-04-01;1237;321;27776;13840;14.6;7.3
32;2021-04-02;575;167;28351;14007;14.9;7.4
32;2021-04-03;114;0;28465;14007;15.0;7.4
32;2021-04-04;0;0;28465;14007;15.0;7.4
32;2021-04-05;0;0;28465;14007;15.0;7.4
32;2021-04-06;2645;309;31110;14316;16.4;7.5
32;2021-04-07;1178;204;32288;14520;17.0;7.6
32;2021-04-08;1737;406;34025;14926;17.9;7.9
32;2021-04-09;882;217;34907;15143;18.4;8.0
32;2021-04-10;808;29;35715;15172;18.8;8.0
32;2021-04-11;14;0;35729;15172;18.8;8.0
32;2021-04-12;477;23;36206;15195;19.1;8.0
32;2021-04-13;2468;383;38674;15578;20.4;8.2
32;2021-04-14;1227;264;39901;15842;21.0;8.3
32;2021-04-15;1703;392;41604;16234;21.9;8.5
32;2021-04-16;638;282;42242;16516;22.2;8.7
32;2021-04-17;781;38;43023;16554;22.6;8.7
32;2021-04-18;13;1;43036;16555;22.6;8.7
32;2021-04-19;502;46;43538;16601;22.9;8.7
32;2021-04-20;2471;389;46009;16990;24.2;8.9
32;2021-04-21;1009;300;47018;17290;24.7;9.1
32;2021-04-22;1662;321;48680;17611;25.6;9.3
32;2021-04-23;546;158;49226;17769;25.9;9.4
32;2021-04-24;1392;55;50618;17824;26.6;9.4
32;2021-04-25;0;11;50618;17835;26.6;9.4
32;2021-04-26;387;360;51005;18195;26.8;9.6
32;2021-04-27;2549;552;53554;18747;28.2;9.9
32;2021-04-28;971;354;54525;19101;28.7;10.1
32;2021-04-29;1009;885;55534;19986;29.2;10.5
32;2021-04-30;453;361;55987;20347;29.5;10.7
32;2021-05-01;2606;95;58593;20442;30.8;10.8
32;2021-05-02;0;0;58593;20442;30.8;10.8
32;2021-05-03;170;321;58763;20763;30.9;10.9
32;2021-05-04;793;2498;59556;23261;31.3;12.2
32;2021-05-05;2360;1097;61916;24358;32.6;12.8
32;2021-05-06;516;1661;62432;26019;32.9;13.7
32;2021-05-07;2285;539;64717;26558;34.1;14.0
32;2021-05-08;71;516;64788;27074;34.1;14.2
32;2021-05-09;21;179;64809;27253;34.1;14.3
32;2021-05-10;1992;551;66801;27804;35.2;14.6
32;2021-05-11;651;2276;67452;30080;35.5;15.8
32;2021-05-12;2312;1139;69764;31219;36.7;16.4
32;2021-05-13;281;1415;70045;32634;36.9;17.2
32;2021-05-14;2222;328;72267;32962;38.0;17.3
32;2021-05-15;134;712;72401;33674;38.1;17.7
32;2021-05-16;1;0;72402;33674;38.1;17.7
32;2021-05-17;353;170;72755;33844;38.3;17.8
32;2021-05-18;1642;297;74397;34141;39.1;18.0
32;2021-05-19;2472;274;76869;34415;40.4;18.1
32;2021-05-20;2887;472;79756;34887;42.0;18.4
32;2021-05-21;2533;500;82289;35387;43.3;18.6
32;2021-05-22;335;111;82624;35498;43.5;18.7
32;2021-05-23;2;13;82626;35511;43.5;18.7
32;2021-05-24;2;0;82628;35511;43.5;18.7
32;2021-05-25;1983;372;84611;35883;44.5;18.9
32;2021-05-26;2545;555;87156;36438;45.9;19.2
32;2021-05-27;2877;627;90033;37065;47.4;19.5
32;2021-05-28;2311;766;92344;37831;48.6;19.9
32;2021-05-29;372;311;92716;38142;48.8;20.1
32;2021-05-30;4;6;92720;38148;48.8;20.1
32;2021-05-31;1413;624;94133;38772;49.5;20.4
32;2021-06-01;564;2887;94697;41659;49.8;21.9
32;2021-06-02;1578;1354;96275;43013;50.7;22.6
32;2021-06-03;396;2086;96671;45099;50.9;23.7
32;2021-06-04;1837;831;98508;45930;51.8;24.2
32;2021-06-05;207;1663;98715;47593;51.9;25.0
32;2021-06-06;8;14;98723;47607;51.9;25.1
32;2021-06-07;103;418;98826;48025;52.0;25.3
32;2021-06-08;663;2540;99489;50565;52.4;26.6
32;2021-06-09;1191;1053;100680;51618;53.0;27.2
32;2021-06-10;684;1224;101364;52842;53.3;27.8
32;2021-06-11;927;663;102291;53505;53.8;28.2
32;2021-06-12;151;2679;102442;56184;53.9;29.6
32;2021-06-13;1;1;102443;56185;53.9;29.6
32;2021-06-14;529;209;102972;56394;54.2;29.7
32;2021-06-15;1731;1025;104703;57419;55.1;30.2
32;2021-06-16;850;2778;105553;60197;55.5;31.7
32;2021-06-17;860;828;106413;61025;56.0;32.1
32;2021-06-18;314;2723;106727;63748;56.2;33.5
32;2021-06-19;914;436;107641;64184;56.6;33.8
32;2021-06-20;5;13;107646;64197;56.6;33.8
32;2021-06-21;67;1994;107713;66191;56.7;34.8
32;2021-06-22;1042;966;108755;67157;57.2;35.3
32;2021-06-23;516;2182;109271;69339;57.5;36.5
32;2021-06-24;525;518;109796;69857;57.8;36.8
32;2021-06-25;500;2359;110296;72216;58.0;38.0
32;2021-06-26;108;171;110404;72387;58.1;38.1
32;2021-06-27;2;5;110406;72392;58.1;38.1
32;2021-06-28;629;602;111035;72994;58.4;38.4
32;2021-06-29;802;1985;111837;74979;58.8;39.5
32;2021-06-30;757;2723;112594;77702;59.2;40.9
32;2021-07-01;538;2639;113132;80341;59.5;42.3
32;2021-07-02;639;2334;113771;82675;59.9;43.5
32;2021-07-03;481;509;114252;83184;60.1;43.8
32;2021-07-04;1;12;114253;83196;60.1;43.8
32;2021-07-05;71;391;114324;83587;60.2;44.0
32;2021-07-06;873;2078;115197;85665;60.6;45.1
32;2021-07-07;778;2754;115975;88419;61.0;46.5
32;2021-07-08;475;2266;116450;90685;61.3;47.7
32;2021-07-09;614;2226;117064;92911;61.6;48.9
32;2021-07-10;536;522;117600;93433;61.9;49.2
32;2021-07-11;0;5;117600;93438;61.9;49.2
32;2021-07-12;525;1242;118125;94680;62.2;49.8
32;2021-07-13;1696;1814;119821;96494;63.1;50.8
32;2021-07-14;484;33;120305;96527;63.3;50.8
32;2021-07-15;2092;885;122397;97412;64.4;51.3
32;2021-07-16;1168;1911;123565;99323;65.0;52.3
32;2021-07-17;78;128;123643;99451;65.1;52.3
32;2021-07-18;2;5;123645;99456;65.1;52.3
32;2021-07-19;1994;144;125639;99600;66.1;52.4
32;2021-07-20;2031;1261;127670;100861;67.2;53.1
32;2021-07-21;1606;1686;129276;102547;68.0;54.0
32;2021-07-22;1942;498;131218;103045;69.0;54.2
32;2021-07-23;1401;1725;132619;104770;69.8;55.1
32;2021-07-24;138;119;132757;104889;69.9;55.2
32;2021-07-25;34;10;132791;104899;69.9;55.2
32;2021-07-26;1069;1064;133860;105963;70.4;55.8
32;2021-07-27;1716;2093;135576;108056;71.3;56.9
32;2021-07-28;687;975;136263;109031;71.7;57.4
32;2021-07-29;1680;1598;137943;110629;72.6;58.2
32;2021-07-30;358;349;138301;110978;72.8;58.4
32;2021-07-31;185;349;138486;111327;72.9;58.6
32;2021-08-01;17;4;138503;111331;72.9;58.6
32;2021-08-02;80;77;138583;111408;72.9;58.6
32;2021-08-03;1177;1788;139760;113196;73.5;59.6
32;2021-08-04;627;654;140387;113850;73.9;59.9
32;2021-08-05;1098;1931;141485;115781;74.5;60.9
32;2021-08-06;560;494;142045;116275;74.7;61.2
32;2021-08-07;145;89;142190;116364;74.8;61.2
32;2021-08-08;0;0;142190;116364;74.8;61.2
32;2021-08-09;264;1821;142454;118185;75.0;62.2
32;2021-08-10;715;2080;143169;120265;75.3;63.3
32;2021-08-11;575;443;143744;120708;75.6;63.5
33;2020-12-27;2;0;2;0;0.0;0.0
33;2020-12-28;3;0;5;0;0.0;0.0
33;2020-12-29;0;0;5;0;0.0;0.0
33;2020-12-30;0;0;5;0;0.0;0.0
33;2020-12-31;0;0;5;0;0.0;0.0
33;2021-01-01;0;0;5;0;0.0;0.0
33;2021-01-02;1;0;6;0;0.0;0.0
33;2021-01-03;0;0;6;0;0.0;0.0
33;2021-01-04;2;0;8;0;0.0;0.0
33;2021-01-05;2;0;10;0;0.0;0.0
33;2021-01-06;134;0;144;0;0.0;0.0
33;2021-01-07;1307;1;1451;1;0.1;0.0
33;2021-01-08;1199;2;2650;3;0.2;0.0
33;2021-01-09;297;1;2947;4;0.2;0.0
33;2021-01-10;229;0;3176;4;0.2;0.0
33;2021-01-11;627;0;3803;4;0.2;0.0
33;2021-01-12;1417;2;5220;6;0.3;0.0
33;2021-01-13;1313;8;6533;14;0.4;0.0
33;2021-01-14;1281;13;7814;27;0.5;0.0
33;2021-01-15;1607;10;9421;37;0.6;0.0
33;2021-01-16;566;8;9987;45;0.6;0.0
33;2021-01-17;406;4;10393;49;0.6;0.0
33;2021-01-18;1221;11;11614;60;0.7;0.0
33;2021-01-19;2927;4;14541;64;0.9;0.0
33;2021-01-20;3396;9;17937;73;1.1;0.0
33;2021-01-21;2855;5;20792;78;1.3;0.0
33;2021-01-22;2322;8;23114;86;1.4;0.0
33;2021-01-23;849;2;23963;88;1.5;0.0
33;2021-01-24;528;2;24491;90;1.5;0.0
33;2021-01-25;2170;61;26661;151;1.6;0.0
33;2021-01-26;2233;161;28894;312;1.8;0.0
33;2021-01-27;2250;210;31144;522;1.9;0.0
33;2021-01-28;2154;441;33298;963;2.0;0.1
33;2021-01-29;1817;692;35115;1655;2.1;0.1
33;2021-01-30;702;174;35817;1829;2.2;0.1
33;2021-01-31;388;155;36205;1984;2.2;0.1
33;2021-02-01;1456;651;37661;2635;2.3;0.2
33;2021-02-02;2643;1111;40304;3746;2.5;0.2
33;2021-02-03;2909;867;43213;4613;2.6;0.3
33;2021-02-04;4030;1352;47243;5965;2.9;0.4
33;2021-02-05;2186;1166;49429;7131;3.0;0.4
33;2021-02-06;641;201;50070;7332;3.1;0.4
33;2021-02-07;218;232;50288;7564;3.1;0.5
33;2021-02-08;1260;760;51548;8324;3.2;0.5
33;2021-02-09;1324;1690;52872;10014;3.2;0.6
33;2021-02-10;1261;1753;54133;11767;3.3;0.7
33;2021-02-11;1294;1448;55427;13215;3.4;0.8
33;2021-02-12;1115;1260;56542;14475;3.5;0.9
33;2021-02-13;200;295;56742;14770;3.5;0.9
33;2021-02-14;47;246;56789;15016;3.5;0.9
33;2021-02-15;686;1730;57475;16746;3.5;1.0
33;2021-02-16;811;2051;58286;18797;3.6;1.2
33;2021-02-17;666;2047;58952;20844;3.6;1.3
33;2021-02-18;898;2264;59850;23108;3.7;1.4
33;2021-02-19;915;2021;60765;25129;3.7;1.5
33;2021-02-20;77;659;60842;25788;3.7;1.6
33;2021-02-21;37;463;60879;26251;3.7;1.6
33;2021-02-22;705;1892;61584;28143;3.8;1.7
33;2021-02-23;1236;2746;62820;30889;3.8;1.9
33;2021-02-24;1394;2532;64214;33421;3.9;2.0
33;2021-02-25;2828;3761;67042;37182;4.1;2.3
33;2021-02-26;4055;2333;71097;39515;4.4;2.4
33;2021-02-27;1359;725;72456;40240;4.4;2.5
33;2021-02-28;125;519;72581;40759;4.4;2.5
33;2021-03-01;1532;1854;74113;42613;4.5;2.6
33;2021-03-02;2322;1745;76435;44358;4.7;2.7
33;2021-03-03;2301;1704;78736;46062;4.8;2.8
33;2021-03-04;3932;1675;82668;47737;5.1;2.9
33;2021-03-05;5754;1742;88422;49479;5.4;3.0
33;2021-03-06;3412;559;91834;50038;5.6;3.1
33;2021-03-07;741;159;92575;50197;5.7;3.1
33;2021-03-08;2711;1156;95286;51353;5.8;3.1
33;2021-03-09;4396;1336;99682;52689;6.1;3.2
33;2021-03-10;5116;1236;104798;53925;6.4;3.3
33;2021-03-11;7539;1228;112337;55153;6.9;3.4
33;2021-03-12;10112;1162;122449;56315;7.5;3.4
33;2021-03-13;5151;207;127600;56522;7.8;3.5
33;2021-03-14;712;23;128312;56545;7.9;3.5
33;2021-03-15;4437;682;132749;57227;8.1;3.5
33;2021-03-16;3581;874;136330;58101;8.3;3.6
33;2021-03-17;3636;940;139966;59041;8.6;3.6
33;2021-03-18;4031;1408;143997;60449;8.8;3.7
33;2021-03-19;6268;1020;150265;61469;9.2;3.8
33;2021-03-20;3367;99;153632;61568;9.4;3.8
33;2021-03-21;460;28;154092;61596;9.4;3.8
33;2021-03-22;4900;446;158992;62042;9.7;3.8
33;2021-03-23;6316;605;165308;62647;10.1;3.8
33;2021-03-24;7075;530;172383;63177;10.6;3.9
33;2021-03-25;8836;652;181219;63829;11.1;3.9
33;2021-03-26;10034;850;191253;64679;11.7;4.0
33;2021-03-27;3618;83;194871;64762;11.9;4.0
33;2021-03-28;577;33;195448;64795;12.0;4.0
33;2021-03-29;6765;701;202213;65496;12.4;4.0
33;2021-03-30;8093;1037;210306;66533;12.9;4.1
33;2021-03-31;7575;1062;217881;67595;13.3;4.1
33;2021-04-01;8815;1190;226696;68785;13.9;4.2
33;2021-04-02;8402;1554;235098;70339;14.4;4.3
33;2021-04-03;2831;523;237929;70862;14.6;4.3
33;2021-04-04;216;160;238145;71022;14.6;4.3
33;2021-04-05;689;122;238834;71144;14.6;4.4
33;2021-04-06;6051;2700;244885;73844;15.0;4.5
33;2021-04-07;7416;2565;252301;76409;15.4;4.7
33;2021-04-08;10318;2774;262619;79183;16.1;4.8
33;2021-04-09;12684;3083;275303;82266;16.9;5.0
33;2021-04-10;5351;1394;280654;83660;17.2;5.1
33;2021-04-11;1001;354;281655;84014;17.2;5.1
33;2021-04-12;7422;3279;289077;87293;17.7;5.3
33;2021-04-13;9313;3476;298390;90769;18.3;5.6
33;2021-04-14;9035;3643;307425;94412;18.8;5.8
33;2021-04-15;10099;3870;317524;98282;19.4;6.0
33;2021-04-16;9716;4234;327240;102516;20.0;6.3
33;2021-04-17;4652;1658;331892;104174;20.3;6.4
33;2021-04-18;929;414;332821;104588;20.4;6.4
33;2021-04-19;5614;3843;338435;108431;20.7;6.6
33;2021-04-20;7289;4260;345724;112691;21.2;6.9
33;2021-04-21;6594;4348;352318;117039;21.6;7.2
33;2021-04-22;7345;4473;359663;121512;22.0;7.4
33;2021-04-23;7698;4806;367361;126318;22.5;7.7
33;2021-04-24;4498;1801;371859;128119;22.8;7.8
33;2021-04-25;1651;418;373510;128537;22.9;7.9
33;2021-04-26;5260;5084;378770;133621;23.2;8.2
33;2021-04-27;6575;5600;385345;139221;23.6;8.5
33;2021-04-28;6777;5566;392122;144787;24.0;8.9
33;2021-04-29;8418;6227;400540;151014;24.5;9.2
33;2021-04-30;8736;6144;409276;157158;25.1;9.6
33;2021-05-01;2900;513;412176;157671;25.2;9.7
33;2021-05-02;1834;345;414010;158016;25.3;9.7
33;2021-05-03;7014;5220;421024;163236;25.8;10.0
33;2021-05-04;6828;6666;427852;169902;26.2;10.4
33;2021-05-05;7140;7571;434992;177473;26.6;10.9
33;2021-05-06;8706;8240;443698;185713;27.2;11.4
33;2021-05-07;8607;8909;452305;194622;27.7;11.9
33;2021-05-08;3540;1598;455845;196220;27.9;12.0
33;2021-05-09;1116;968;456961;197188;28.0;12.1
33;2021-05-10;6873;7309;463834;204497;28.4;12.5
33;2021-05-11;8639;7823;472473;212320;28.9;13.0
33;2021-05-12;9169;6695;481642;219015;29.5;13.4
33;2021-05-13;5209;2112;486851;221127;29.8;13.5
33;2021-05-14;8131;5362;494982;226489;30.3;13.9
33;2021-05-15;5176;2876;500158;229365;30.6;14.0
33;2021-05-16;1840;804;501998;230169;30.7;14.1
33;2021-05-17;8859;5097;510857;235266;31.3;14.4
33;2021-05-18;10611;4875;521468;240141;31.9;14.7
33;2021-05-19;10905;4782;532373;244923;32.6;15.0
33;2021-05-20;10904;5586;543277;250509;33.3;15.3
33;2021-05-21;10916;6258;554193;256767;33.9;15.7
33;2021-05-22;5118;2751;559311;259518;34.2;15.9
33;2021-05-23;1746;384;561057;259902;34.3;15.9
33;2021-05-24;5410;996;566467;260898;34.7;16.0
33;2021-05-25;9385;5769;575852;266667;35.3;16.3
33;2021-05-26;9679;6031;585531;272698;35.8;16.7
33;2021-05-27;10904;7720;596435;280418;36.5;17.2
33;2021-05-28;10066;9535;606501;289953;37.1;17.8
33;2021-05-29;5040;4112;611541;294065;37.4;18.0
33;2021-05-30;1701;665;613242;294730;37.5;18.0
33;2021-05-31;8556;6427;621798;301157;38.1;18.4
33;2021-06-01;11805;8724;633603;309881;38.8;19.0
33;2021-06-02;11712;8227;645315;318108;39.5;19.5
33;2021-06-03;12711;9194;658026;327302;40.3;20.0
33;2021-06-04;12935;10955;670961;338257;41.1;20.7
33;2021-06-05;5278;5065;676239;343322;41.4;21.0
33;2021-06-06;2525;1191;678764;344513;41.6;21.1
33;2021-06-07;9760;8494;688524;353007;42.2;21.6
33;2021-06-08;11934;9457;700458;362464;42.9;22.2
33;2021-06-09;11774;8535;712232;370999;43.6;22.7
33;2021-06-10;12950;8387;725182;379386;44.4;23.2
33;2021-06-11;12516;11182;737698;390568;45.2;23.9
33;2021-06-12;6188;4477;743886;395045;45.5;24.2
33;2021-06-13;2612;1282;746498;396327;45.7;24.3
33;2021-06-14;8580;10151;755078;406478;46.2;24.9
33;2021-06-15;12054;10270;767132;416748;47.0;25.5
33;2021-06-16;12047;8865;779179;425613;47.7;26.1
33;2021-06-17;13075;9617;792254;435230;48.5;26.6
33;2021-06-18;11789;11438;804043;446668;49.2;27.3
33;2021-06-19;5610;4816;809653;451484;49.6;27.6
33;2021-06-20;2944;1474;812597;452958;49.7;27.7
33;2021-06-21;7871;10162;820468;463120;50.2;28.4
33;2021-06-22;9056;11087;829524;474207;50.8;29.0
33;2021-06-23;8657;10843;838181;485050;51.3;29.7
33;2021-06-24;9734;9980;847915;495030;51.9;30.3
33;2021-06-25;8038;13714;855953;508744;52.4;31.1
33;2021-06-26;4341;5919;860294;514663;52.7;31.5
33;2021-06-27;2468;1961;862762;516624;52.8;31.6
33;2021-06-28;4874;12771;867636;529395;53.1;32.4
33;2021-06-29;6440;13642;874076;543037;53.5;33.2
33;2021-06-30;6668;13385;880744;556422;53.9;34.1
33;2021-07-01;8030;11812;888774;568234;54.4;34.8
33;2021-07-02;6795;15111;895569;583345;54.8;35.7
33;2021-07-03;3200;6775;898769;590120;55.0;36.1
33;2021-07-04;2065;2379;900834;592499;55.1;36.3
33;2021-07-05;4378;12908;905212;605407;55.4;37.1
33;2021-07-06;6119;14596;911331;620003;55.8;38.0
33;2021-07-07;6719;13052;918050;633055;56.2;38.8
33;2021-07-08;7910;12743;925960;645798;56.7;39.5
33;2021-07-09;6346;15106;932306;660904;57.1;40.5
33;2021-07-10;3094;7158;935400;668062;57.3;40.9
33;2021-07-11;1841;2298;937241;670360;57.4;41.0
33;2021-07-12;3905;14706;941146;685066;57.6;41.9
33;2021-07-13;7114;16112;948260;701178;58.1;42.9
33;2021-07-14;3669;5316;951929;706494;58.3;43.3
33;2021-07-15;7541;15973;959470;722467;58.7;44.2
33;2021-07-16;8522;15152;967992;737619;59.3;45.2
33;2021-07-17;3101;6434;971093;744053;59.5;45.6
33;2021-07-18;1691;3207;972784;747260;59.6;45.7
33;2021-07-19;5794;15105;978578;762365;59.9;46.7
33;2021-07-20;7375;16137;985953;778502;60.4;47.7
33;2021-07-21;8307;14542;994260;793044;60.9;48.6
33;2021-07-22;9292;15116;1003552;808160;61.4;49.5
33;2021-07-23;9565;16354;1013117;824514;62.0;50.5
33;2021-07-24;3790;7552;1016907;832066;62.3;50.9
33;2021-07-25;2079;2658;1018986;834724;62.4;51.1
33;2021-07-26;6883;13410;1025869;848134;62.8;51.9
33;2021-07-27;9964;13393;1035833;861527;63.4;52.7
33;2021-07-28;10854;11956;1046687;873483;64.1;53.5
33;2021-07-29;11589;11887;1058276;885370;64.8;54.2
33;2021-07-30;11307;12201;1069583;897571;65.5;54.9
33;2021-07-31;4709;5635;1074292;903206;65.8;55.3
33;2021-08-01;2464;1944;1076756;905150;65.9;55.4
33;2021-08-02;8306;9876;1085062;915026;66.4;56.0
33;2021-08-03;11428;9001;1096490;924027;67.1;56.6
33;2021-08-04;11806;7330;1108296;931357;67.9;57.0
33;2021-08-05;11826;8000;1120122;939357;68.6;57.5
33;2021-08-06;11108;9024;1131230;948381;69.3;58.1
33;2021-08-07;5873;4493;1137103;952874;69.6;58.3
33;2021-08-08;3187;1814;1140290;954688;69.8;58.4
33;2021-08-09;8564;8706;1148854;963394;70.3;59.0
33;2021-08-10;9259;8395;1158113;971789;70.9;59.5
33;2021-08-11;8044;7540;1166157;979329;71.4;60.0
34;2020-12-27;1;0;1;0;0.0;0.0
34;2020-12-28;1;0;2;0;0.0;0.0
34;2020-12-29;0;0;2;0;0.0;0.0
34;2020-12-30;0;0;2;0;0.0;0.0
34;2020-12-31;0;0;2;0;0.0;0.0
34;2021-01-01;1;0;3;0;0.0;0.0
34;2021-01-02;2;0;5;0;0.0;0.0
34;2021-01-03;0;0;5;0;0.0;0.0
34;2021-01-04;21;0;26;0;0.0;0.0
34;2021-01-05;106;2;132;2;0.0;0.0
34;2021-01-06;198;1;330;3;0.0;0.0
34;2021-01-07;364;0;694;3;0.1;0.0
34;2021-01-08;606;0;1300;3;0.1;0.0
34;2021-01-09;244;0;1544;3;0.1;0.0
34;2021-01-10;93;1;1637;4;0.1;0.0
34;2021-01-11;560;2;2197;6;0.2;0.0
34;2021-01-12;1006;1;3203;7;0.3;0.0
34;2021-01-13;1098;6;4301;13;0.4;0.0
34;2021-01-14;1954;13;6255;26;0.5;0.0
34;2021-01-15;1468;5;7723;31;0.7;0.0
34;2021-01-16;331;7;8054;38;0.7;0.0
34;2021-01-17;233;1;8287;39;0.7;0.0
34;2021-01-18;1124;4;9411;43;0.8;0.0
34;2021-01-19;1610;7;11021;50;0.9;0.0
34;2021-01-20;2062;8;13083;58;1.1;0.0
34;2021-01-21;4209;10;17292;68;1.5;0.0
34;2021-01-22;2549;8;19841;76;1.7;0.0
34;2021-01-23;598;2;20439;78;1.7;0.0
34;2021-01-24;2;0;20441;78;1.7;0.0
34;2021-01-25;1241;5;21682;83;1.8;0.0
34;2021-01-26;1458;21;23140;104;2.0;0.0
34;2021-01-27;1466;23;24606;127;2.1;0.0
34;2021-01-28;1392;125;25998;252;2.2;0.0
34;2021-01-29;1258;138;27256;390;2.3;0.0
34;2021-01-30;479;25;27735;415;2.4;0.0
34;2021-01-31;4;0;27739;415;2.4;0.0
34;2021-02-01;1028;251;28767;666;2.4;0.1
34;2021-02-02;1458;444;30225;1110;2.6;0.1
34;2021-02-03;2653;526;32878;1636;2.8;0.1
34;2021-02-04;2304;886;35182;2522;3.0;0.2
34;2021-02-05;1888;1184;37070;3706;3.2;0.3
34;2021-02-06;491;240;37561;3946;3.2;0.3
34;2021-02-07;31;108;37592;4054;3.2;0.3
34;2021-02-08;860;1065;38452;5119;3.3;0.4
34;2021-02-09;1031;1312;39483;6431;3.4;0.5
34;2021-02-10;1292;1510;40775;7941;3.5;0.7
34;2021-02-11;1782;2711;42557;10652;3.6;0.9
34;2021-02-12;1920;1648;44477;12300;3.8;1.0
34;2021-02-13;356;513;44833;12813;3.8;1.1
34;2021-02-14;21;287;44854;13100;3.8;1.1
34;2021-02-15;672;1213;45526;14313;3.9;1.2
34;2021-02-16;665;1533;46191;15846;3.9;1.3
34;2021-02-17;711;1528;46902;17374;4.0;1.5
34;2021-02-18;837;1501;47739;18875;4.1;1.6
34;2021-02-19;816;1228;48555;20103;4.1;1.7
34;2021-02-20;301;485;48856;20588;4.2;1.8
34;2021-02-21;64;18;48920;20606;4.2;1.8
34;2021-02-22;629;1310;49549;21916;4.2;1.9
34;2021-02-23;562;1482;50111;23398;4.3;2.0
34;2021-02-24;936;2341;51047;25739;4.3;2.2
34;2021-02-25;1605;2281;52652;28020;4.5;2.4
34;2021-02-26;1849;1625;54501;29645;4.6;2.5
34;2021-02-27;701;435;55202;30080;4.7;2.6
34;2021-02-28;86;64;55288;30144;4.7;2.6
34;2021-03-01;928;1164;56216;31308;4.8;2.7
34;2021-03-02;1588;1284;57804;32592;4.9;2.8
34;2021-03-03;1832;1413;59636;34005;5.1;2.9
34;2021-03-04;2860;1623;62496;35628;5.3;3.0
34;2021-03-05;3686;1545;66182;37173;5.6;3.2
34;2021-03-06;2643;206;68825;37379;5.9;3.2
34;2021-03-07;1242;78;70067;37457;6.0;3.2
34;2021-03-08;2779;1016;72846;38473;6.2;3.3
34;2021-03-09;4013;1456;76859;39929;6.5;3.4
34;2021-03-10;3992;1334;80851;41263;6.9;3.5
34;2021-03-11;5431;1296;86282;42559;7.3;3.6
34;2021-03-12;6491;920;92773;43479;7.9;3.7
34;2021-03-13;3134;178;95907;43657;8.2;3.7
34;2021-03-14;1001;54;96908;43711;8.2;3.7
34;2021-03-15;3299;563;100207;44274;8.5;3.8
34;2021-03-16;2912;659;103119;44933;8.8;3.8
34;2021-03-17;3303;732;106422;45665;9.0;3.9
34;2021-03-18;3446;918;109868;46583;9.3;4.0
34;2021-03-19;4690;790;114558;47373;9.7;4.0
34;2021-03-20;3141;61;117699;47434;10.0;4.0
34;2021-03-21;1993;58;119692;47492;10.2;4.0
34;2021-03-22;3682;467;123374;47959;10.5;4.1
34;2021-03-23;4957;536;128331;48495;10.9;4.1
34;2021-03-24;5213;642;133544;49137;11.4;4.2
34;2021-03-25;7197;715;140741;49852;12.0;4.2
34;2021-03-26;7167;571;147908;50423;12.6;4.3
34;2021-03-27;2371;80;150279;50503;12.8;4.3
34;2021-03-28;698;17;150977;50520;12.8;4.3
34;2021-03-29;4181;759;155158;51279;13.2;4.4
34;2021-03-30;5219;968;160377;52247;13.6;4.4
34;2021-03-31;5064;1195;165441;53442;14.1;4.5
34;2021-04-01;7030;1027;172471;54469;14.7;4.6
34;2021-04-02;5818;1180;178289;55649;15.2;4.7
34;2021-04-03;1138;85;179427;55734;15.3;4.7
34;2021-04-04;164;5;179591;55739;15.3;4.7
34;2021-04-05;432;26;180023;55765;15.3;4.7
34;2021-04-06;3132;2457;183155;58222;15.6;5.0
34;2021-04-07;3384;2641;186539;60863;15.9;5.2
34;2021-04-08;5248;2818;191787;63681;16.3;5.4
34;2021-04-09;8070;2487;199857;66168;17.0;5.6
34;2021-04-10;3165;1367;203022;67535;17.3;5.7
34;2021-04-11;1714;804;204736;68339;17.4;5.8
34;2021-04-12;4481;2525;209217;70864;17.8;6.0
34;2021-04-13;5237;3055;214454;73919;18.2;6.3
34;2021-04-14;5617;3233;220071;77152;18.7;6.6
34;2021-04-15;6992;3167;227063;80319;19.3;6.8
34;2021-04-16;6570;3160;233633;83479;19.9;7.1
34;2021-04-17;2375;2068;236008;85547;20.1;7.3
34;2021-04-18;988;1719;236996;87266;20.2;7.4
34;2021-04-19;3419;3127;240415;90393;20.4;7.7
34;2021-04-20;3763;3668;244178;94061;20.8;8.0
34;2021-04-21;4243;3720;248421;97781;21.1;8.3
34;2021-04-22;4482;4613;252903;102394;21.5;8.7
34;2021-04-23;5369;3523;258272;105917;22.0;9.0
34;2021-04-24;3163;1577;261435;107494;22.2;9.1
34;2021-04-25;1919;644;263354;108138;22.4;9.2
34;2021-04-26;4219;3477;267573;111615;22.8;9.5
34;2021-04-27;5125;4019;272698;115634;23.2;9.8
34;2021-04-28;5764;3548;278462;119182;23.7;10.1
34;2021-04-29;6421;3946;284883;123128;24.2;10.5
34;2021-04-30;7868;3294;292751;126422;24.9;10.7
34;2021-05-01;2401;501;295152;126923;25.1;10.8
34;2021-05-02;3259;322;298411;127245;25.4;10.8
34;2021-05-03;6573;2893;304984;130138;25.9;11.1
34;2021-05-04;7110;3799;312094;133937;26.5;11.4
34;2021-05-05;6498;4531;318592;138468;27.1;11.8
34;2021-05-06;6944;5211;325536;143679;27.7;12.2
34;2021-05-07;6925;5679;332461;149358;28.3;12.7
34;2021-05-08;3607;1167;336068;150525;28.6;12.8
34;2021-05-09;2179;1287;338247;151812;28.8;12.9
34;2021-05-10;5862;4802;344109;156614;29.3;13.3
34;2021-05-11;7414;5326;351523;161940;29.9;13.8
34;2021-05-12;7749;4466;359272;166406;30.5;14.1
34;2021-05-13;6120;777;365392;167183;31.1;14.2
34;2021-05-14;7483;3732;372875;170915;31.7;14.5
34;2021-05-15;4865;1691;377740;172606;32.1;14.7
34;2021-05-16;4950;459;382690;173065;32.5;14.7
34;2021-05-17;8692;1984;391382;175049;33.3;14.9
34;2021-05-18;9136;1970;400518;177019;34.1;15.1
34;2021-05-19;8627;1806;409145;178825;34.8;15.2
34;2021-05-20;8867;2508;418012;181333;35.5;15.4
34;2021-05-21;8781;3220;426793;184553;36.3;15.7
34;2021-05-22;5788;1149;432581;185702;36.8;15.8
34;2021-05-23;3881;548;436462;186250;37.1;15.8
34;2021-05-24;1897;852;438359;187102;37.3;15.9
34;2021-05-25;7139;3814;445498;190916;37.9;16.2
34;2021-05-26;8320;3027;453818;193943;38.6;16.5
34;2021-05-27;8316;4300;462134;198243;39.3;16.9
34;2021-05-28;8049;5446;470183;203689;40.0;17.3
34;2021-05-29;4006;3110;474189;206799;40.3;17.6
34;2021-05-30;1986;1394;476175;208193;40.5;17.7
34;2021-05-31;5879;5252;482054;213445;41.0;18.1
34;2021-06-01;6946;6111;489000;219556;41.6;18.7
34;2021-06-02;6131;5811;495131;225367;42.1;19.2
34;2021-06-03;7709;6496;502840;231863;42.8;19.7
34;2021-06-04;7657;7592;510497;239455;43.4;20.4
34;2021-06-05;4138;3675;514635;243130;43.8;20.7
34;2021-06-06;3269;1867;517904;244997;44.0;20.8
34;2021-06-07;4419;6763;522323;251760;44.4;21.4
34;2021-06-08;5858;6820;528181;258580;44.9;22.0
34;2021-06-09;5824;6833;534005;265413;45.4;22.6
34;2021-06-10;6314;6868;540319;272281;45.9;23.2
34;2021-06-11;5396;9275;545715;281556;46.4;23.9
34;2021-06-12;3169;4725;548884;286281;46.7;24.3
34;2021-06-13;1080;1908;549964;288189;46.8;24.5
34;2021-06-14;3445;7820;553409;296009;47.1;25.2
34;2021-06-15;3949;8789;557358;304798;47.4;25.9
34;2021-06-16;4608;7852;561966;312650;47.8;26.6
34;2021-06-17;4217;7956;566183;320606;48.1;27.3
34;2021-06-18;4343;9327;570526;329933;48.5;28.1
34;2021-06-19;2735;4406;573261;334339;48.7;28.4
34;2021-06-20;888;2872;574149;337211;48.8;28.7
34;2021-06-21;2173;8557;576322;345768;49.0;29.4
34;2021-06-22;2970;9410;579292;355178;49.3;30.2
34;2021-06-23;3513;8973;582805;364151;49.6;31.0
34;2021-06-24;3547;8679;586352;372830;49.9;31.7
34;2021-06-25;3365;10432;589717;383262;50.1;32.6
34;2021-06-26;1642;6190;591359;389452;50.3;33.1
34;2021-06-27;306;4270;591665;393722;50.3;33.5
34;2021-06-28;2260;9432;593925;403154;50.5;34.3
34;2021-06-29;2677;10294;596602;413448;50.7;35.2
34;2021-06-30;3276;9548;599878;422996;51.0;36.0
34;2021-07-01;3423;9437;603301;432433;51.3;36.8
34;2021-07-02;3356;9736;606657;442169;51.6;37.6
34;2021-07-03;1670;6159;608327;448328;51.7;38.1
34;2021-07-04;310;2765;608637;451093;51.7;38.4
34;2021-07-05;3194;7996;611831;459089;52.0;39.0
34;2021-07-06;3428;9172;615259;468261;52.3;39.8
34;2021-07-07;3241;8640;618500;476901;52.6;40.5
34;2021-07-08;4255;8850;622755;485751;52.9;41.3
34;2021-07-09;3922;9329;626677;495080;53.3;42.1
34;2021-07-10;2127;5713;628804;500793;53.5;42.6
34;2021-07-11;922;2577;629726;503370;53.5;42.8
34;2021-07-12;2844;8969;632570;512339;53.8;43.6
34;2021-07-13;4543;10025;637113;522364;54.2;44.4
34;2021-07-14;738;347;637851;522711;54.2;44.4
34;2021-07-15;5793;10372;643644;533083;54.7;45.3
34;2021-07-16;5740;10703;649384;543786;55.2;46.2
34;2021-07-17;4455;4404;653839;548190;55.6;46.6
34;2021-07-18;228;197;654067;548387;55.6;46.6
34;2021-07-19;5060;8309;659127;556696;56.0;47.3
34;2021-07-20;6780;8365;665907;565061;56.6;48.0
34;2021-07-21;7495;7781;673402;572842;57.3;48.7
34;2021-07-22;7352;8142;680754;580984;57.9;49.4
34;2021-07-23;7735;8116;688489;589100;58.5;50.1
34;2021-07-24;5973;3019;694462;592119;59.0;50.3
34;2021-07-25;3192;530;697654;592649;59.3;50.4
34;2021-07-26;6199;6415;703853;599064;59.8;50.9
34;2021-07-27;8331;5994;712184;605058;60.6;51.4
34;2021-07-28;9184;5862;721368;610920;61.3;51.9
34;2021-07-29;11234;5980;732602;616900;62.3;52.5
34;2021-07-30;9718;6476;742320;623376;63.1;53.0
34;2021-07-31;6390;2157;748710;625533;63.7;53.2
34;2021-08-01;3262;599;751972;626132;63.9;53.2
34;2021-08-02;7282;5005;759254;631137;64.6;53.7
34;2021-08-03;8045;5346;767299;636483;65.2;54.1
34;2021-08-04;8239;4521;775538;641004;65.9;54.5
34;2021-08-05;7055;4976;782593;645980;66.5;54.9
34;2021-08-06;5835;5176;788428;651156;67.0;55.4
34;2021-08-07;3067;2417;791495;653573;67.3;55.6
34;2021-08-08;157;171;791652;653744;67.3;55.6
34;2021-08-09;4700;6130;796352;659874;67.7;56.1
34;2021-08-10;5310;6439;801662;666313;68.2;56.7
34;2021-08-11;4785;6500;806447;672813;68.6;57.2
35;2020-12-27;0;0;0;0;0.0;0.0
35;2020-12-28;0;0;0;0;0.0;0.0
35;2020-12-29;2;0;2;0;0.0;0.0
35;2020-12-30;0;0;2;0;0.0;0.0
35;2020-12-31;1;0;3;0;0.0;0.0
35;2021-01-01;3;0;6;0;0.0;0.0
35;2021-01-02;1;0;7;0;0.0;0.0
35;2021-01-03;0;0;7;0;0.0;0.0
35;2021-01-04;10;0;17;0;0.0;0.0
35;2021-01-05;109;0;126;0;0.0;0.0
35;2021-01-06;175;0;301;0;0.0;0.0
35;2021-01-07;439;1;740;1;0.1;0.0
35;2021-01-08;513;1;1253;2;0.1;0.0
35;2021-01-09;31;0;1284;2;0.1;0.0
35;2021-01-10;2;0;1286;2;0.1;0.0
35;2021-01-11;538;0;1824;2;0.2;0.0
35;2021-01-12;885;2;2709;4;0.3;0.0
35;2021-01-13;967;1;3676;5;0.3;0.0
35;2021-01-14;1259;19;4935;24;0.5;0.0
35;2021-01-15;728;2;5663;26;0.5;0.0
35;2021-01-16;188;2;5851;28;0.5;0.0
35;2021-01-17;43;0;5894;28;0.5;0.0
35;2021-01-18;1222;2;7116;30;0.7;0.0
35;2021-01-19;5372;14;12488;44;1.2;0.0
35;2021-01-20;3204;7;15692;51;1.5;0.0
35;2021-01-21;3632;5;19324;56;1.8;0.0
35;2021-01-22;2089;10;21413;66;2.0;0.0
35;2021-01-23;421;1;21834;67;2.0;0.0
35;2021-01-24;50;0;21884;67;2.0;0.0
35;2021-01-25;914;17;22798;84;2.1;0.0
35;2021-01-26;1128;139;23926;223;2.2;0.0
35;2021-01-27;1031;128;24957;351;2.3;0.0
35;2021-01-28;914;299;25871;650;2.4;0.1
35;2021-01-29;724;292;26595;942;2.5;0.1
35;2021-01-30;139;20;26734;962;2.5;0.1
35;2021-01-31;0;0;26734;962;2.5;0.1
35;2021-02-01;667;335;27401;1297;2.5;0.1
35;2021-02-02;725;487;28126;1784;2.6;0.2
35;2021-02-03;659;506;28785;2290;2.7;0.2
35;2021-02-04;589;657;29374;2947;2.7;0.3
35;2021-02-05;624;564;29998;3511;2.8;0.3
35;2021-02-06;169;5;30167;3516;2.8;0.3
35;2021-02-07;1;0;30168;3516;2.8;0.3
35;2021-02-08;447;658;30615;4174;2.8;0.4
35;2021-02-09;1715;3554;32330;7728;3.0;0.7
35;2021-02-10;1367;2729;33697;10457;3.1;1.0
35;2021-02-11;1932;3229;35629;13686;3.3;1.3
35;2021-02-12;1642;1740;37271;15426;3.4;1.4
35;2021-02-13;57;254;37328;15680;3.4;1.4
35;2021-02-14;7;68;37335;15748;3.5;1.5
35;2021-02-15;771;1103;38106;16851;3.5;1.6
35;2021-02-16;920;1024;39026;17875;3.6;1.7
35;2021-02-17;891;1098;39917;18973;3.7;1.8
35;2021-02-18;1015;1001;40932;19974;3.8;1.8
35;2021-02-19;1011;972;41943;20946;3.9;1.9
35;2021-02-20;143;49;42086;20995;3.9;1.9
35;2021-02-21;5;0;42091;20995;3.9;1.9
35;2021-02-22;775;834;42866;21829;4.0;2.0
35;2021-02-23;1287;866;44153;22695;4.1;2.1
35;2021-02-24;1403;817;45556;23512;4.2;2.2
35;2021-02-25;2247;782;47803;24294;4.4;2.2
35;2021-02-26;2600;733;50403;25027;4.7;2.3
35;2021-02-27;869;103;51272;25130;4.7;2.3
35;2021-02-28;9;0;51281;25130;4.7;2.3
35;2021-03-01;962;694;52243;25824;4.8;2.4
35;2021-03-02;1633;1998;53876;27822;5.0;2.6
35;2021-03-03;1908;969;55784;28791;5.2;2.7
35;2021-03-04;2917;1411;58701;30202;5.4;2.8
35;2021-03-05;3710;1342;62411;31544;5.8;2.9
35;2021-03-06;1340;87;63751;31631;5.9;2.9
35;2021-03-07;1;40;63752;31671;5.9;2.9
35;2021-03-08;1471;585;65223;32256;6.0;3.0
35;2021-03-09;3233;604;68456;32860;6.3;3.0
35;2021-03-10;2903;563;71359;33423;6.6;3.1
35;2021-03-11;4193;716;75552;34139;7.0;3.2
35;2021-03-12;6046;599;81598;34738;7.5;3.2
35;2021-03-13;2425;133;84023;34871;7.8;3.2
35;2021-03-14;18;25;84041;34896;7.8;3.2
35;2021-03-15;1964;669;86005;35565;7.9;3.3
35;2021-03-16;2501;728;88506;36293;8.2;3.4
35;2021-03-17;2392;605;90898;36898;8.4;3.4
35;2021-03-18;2332;597;93230;37495;8.6;3.5
35;2021-03-19;3543;506;96773;38001;8.9;3.5
35;2021-03-20;1537;111;98310;38112;9.1;3.5
35;2021-03-21;37;1;98347;38113;9.1;3.5
35;2021-03-22;1750;843;100097;38956;9.3;3.6
35;2021-03-23;3625;1183;103722;40139;9.6;3.7
35;2021-03-24;3728;991;107450;41130;9.9;3.8
35;2021-03-25;5331;992;112781;42122;10.4;3.9
35;2021-03-26;5844;815;118625;42937;11.0;4.0
35;2021-03-27;1414;210;120039;43147;11.1;4.0
35;2021-03-28;4;0;120043;43147;11.1;4.0
35;2021-03-29;2780;909;122823;44056;11.4;4.1
35;2021-03-30;4291;1330;127114;45386;11.7;4.2
35;2021-03-31;3468;1340;130582;46726;12.1;4.3
35;2021-04-01;4250;1230;134832;47956;12.5;4.4
35;2021-04-02;4862;1210;139694;49166;12.9;4.5
35;2021-04-03;763;214;140457;49380;13.0;4.6
35;2021-04-04;5;0;140462;49380;13.0;4.6
35;2021-04-05;19;1;140481;49381;13.0;4.6
35;2021-04-06;3274;2038;143755;51419;13.3;4.8
35;2021-04-07;3960;1847;147715;53266;13.7;4.9
35;2021-04-08;5804;1590;153519;54856;14.2;5.1
35;2021-04-09;7426;1412;160945;56268;14.9;5.2
35;2021-04-10;1861;248;162806;56516;15.0;5.2
35;2021-04-11;35;23;162841;56539;15.0;5.2
35;2021-04-12;5137;1601;167978;58140;15.5;5.4
35;2021-04-13;7614;2785;175592;60925;16.2;5.6
35;2021-04-14;6316;2301;181908;63226;16.8;5.8
35;2021-04-15;7563;2171;189471;65397;17.5;6.0
35;2021-04-16;8077;1753;197548;67150;18.3;6.2
35;2021-04-17;1571;221;199119;67371;18.4;6.2
35;2021-04-18;10;4;199129;67375;18.4;6.2
35;2021-04-19;4816;1672;203945;69047;18.8;6.4
35;2021-04-20;5160;2639;209105;71686;19.3;6.6
35;2021-04-21;5128;2203;214233;73889;19.8;6.8
35;2021-04-22;6425;2320;220658;76209;20.4;7.0
35;2021-04-23;6820;2355;227478;78564;21.0;7.3
35;2021-04-24;1130;261;228608;78825;21.1;7.3
35;2021-04-25;7;16;228615;78841;21.1;7.3
35;2021-04-26;5099;2154;233714;80995;21.6;7.5
35;2021-04-27;6086;3205;239800;84200;22.2;7.8
35;2021-04-28;6172;2560;245972;86760;22.7;8.0
35;2021-04-29;7115;2756;253087;89516;23.4;8.3
35;2021-04-30;7558;2537;260645;92053;24.1;8.5
35;2021-05-01;617;239;261262;92292;24.1;8.5
35;2021-05-02;15;21;261277;92313;24.1;8.5
35;2021-05-03;5307;2332;266584;94645;24.6;8.7
35;2021-05-04;5077;5338;271661;99983;25.1;9.2
35;2021-05-05;4881;4442;276542;104425;25.6;9.7
35;2021-05-06;6169;5270;282711;109695;26.1;10.1
35;2021-05-07;5620;5255;288331;114950;26.6;10.6
35;2021-05-08;1720;136;290051;115086;26.8;10.6
35;2021-05-09;696;75;290747;115161;26.9;10.6
35;2021-05-10;3723;4959;294470;120120;27.2;11.1
35;2021-05-11;4777;5801;299247;125921;27.7;11.6
35;2021-05-12;5287;5496;304534;131417;28.1;12.1
35;2021-05-13;2700;1429;307234;132846;28.4;12.3
35;2021-05-14;5457;4284;312691;137130;28.9;12.7
35;2021-05-15;2929;716;315620;137846;29.2;12.7
35;2021-05-16;997;61;316617;137907;29.3;12.7
35;2021-05-17;4474;3883;321091;141790;29.7;13.1
35;2021-05-18;5833;4321;326924;146111;30.2;13.5
35;2021-05-19;5865;3626;332789;149737;30.8;13.8
35;2021-05-20;6447;4008;339236;153745;31.4;14.2
35;2021-05-21;6138;4765;345374;158510;31.9;14.6
35;2021-05-22;2115;739;347489;159249;32.1;14.7
35;2021-05-23;689;46;348178;159295;32.2;14.7
35;2021-05-24;3206;1296;351384;160591;32.5;14.8
35;2021-05-25;5542;4275;356926;164866;33.0;15.2
35;2021-05-26;5725;4168;362651;169034;33.5;15.6
35;2021-05-27;6523;4780;369174;173814;34.1;16.1
35;2021-05-28;6332;5578;375506;179392;34.7;16.6
35;2021-05-29;2875;1149;378381;180541;35.0;16.7
35;2021-05-30;877;39;379258;180580;35.0;16.7
35;2021-05-31;6311;4389;385569;184969;35.6;17.1
35;2021-06-01;7367;5121;392936;190090;36.3;17.6
35;2021-06-02;7217;3793;400153;193883;37.0;17.9
35;2021-06-03;8153;4992;408306;198875;37.7;18.4
35;2021-06-04;7275;7462;415581;206337;38.4;19.1
35;2021-06-05;4139;1582;419720;207919;38.8;19.2
35;2021-06-06;3054;148;422774;208067;39.1;19.2
35;2021-06-07;5777;5774;428551;213841;39.6;19.8
35;2021-06-08;7598;5955;436149;219796;40.3;20.3
35;2021-06-09;8462;4823;444611;224619;41.1;20.8
35;2021-06-10;9345;4748;453956;229367;42.0;21.2
35;2021-06-11;8635;7476;462591;236843;42.8;21.9
35;2021-06-12;4688;1207;467279;238050;43.2;22.0
35;2021-06-13;3386;223;470665;238273;43.5;22.0
35;2021-06-14;6232;6516;476897;244789;44.1;22.6
35;2021-06-15;7505;6963;484402;251752;44.8;23.3
35;2021-06-16;8316;5626;492718;257378;45.5;23.8
35;2021-06-17;8890;5902;501608;263280;46.4;24.3
35;2021-06-18;8719;8103;510327;271383;47.2;25.1
35;2021-06-19;1501;2511;511828;273894;47.3;25.3
35;2021-06-20;2955;885;514783;274779;47.6;25.4
35;2021-06-21;5931;6379;520714;281158;48.1;26.0
35;2021-06-22;6842;7500;527556;288658;48.8;26.7
35;2021-06-23;7253;6146;534809;294804;49.4;27.2
35;2021-06-24;8363;5922;543172;300726;50.2;27.8
35;2021-06-25;6632;8475;549804;309201;50.8;28.6
35;2021-06-26;1105;3078;550909;312279;50.9;28.9
35;2021-06-27;2637;1030;553546;313309;51.2;29.0
35;2021-06-28;4291;7758;557837;321067;51.6;29.7
35;2021-06-29;5086;7973;562923;329040;52.0;30.4
35;2021-06-30;5598;7891;568521;336931;52.5;31.1
35;2021-07-01;6558;7543;575079;344474;53.1;31.8
35;2021-07-02;5331;9860;580410;354334;53.6;32.7
35;2021-07-03;1077;2840;581487;357174;53.7;33.0
35;2021-07-04;2147;1553;583634;358727;53.9;33.2
35;2021-07-05;3727;8203;587361;366930;54.3;33.9
35;2021-07-06;4775;9467;592136;376397;54.7;34.8
35;2021-07-07;5034;8322;597170;384719;55.2;35.6
35;2021-07-08;5345;8481;602515;393200;55.7;36.3
35;2021-07-09;3877;11544;606392;404744;56.0;37.4
35;2021-07-10;889;3149;607281;407893;56.1;37.7
35;2021-07-11;1295;2360;608576;410253;56.2;37.9
35;2021-07-12;3052;9154;611628;419407;56.5;38.8
35;2021-07-13;3952;10753;615580;430160;56.9;39.8
35;2021-07-14;2144;4451;617724;434611;57.1;40.2
35;2021-07-15;4262;10185;621986;444796;57.5;41.1
35;2021-07-16;4688;11009;626674;455805;57.9;42.1
35;2021-07-17;1977;4071;628651;459876;58.1;42.5
35;2021-07-18;842;2569;629493;462445;58.2;42.7
35;2021-07-19;3229;8982;632722;471427;58.5;43.6
35;2021-07-20;4189;10594;636911;482021;58.9;44.5
35;2021-07-21;4282;9389;641193;491410;59.3;45.4
35;2021-07-22;4794;9667;645987;501077;59.7;46.3
35;2021-07-23;4523;11020;650510;512097;60.1;47.3
35;2021-07-24;1579;4267;652089;516364;60.3;47.7
35;2021-07-25;809;2845;652898;519209;60.3;48.0
35;2021-07-26;3843;8737;656741;527946;60.7;48.8
35;2021-07-27;5175;9653;661916;537599;61.2;49.7
35;2021-07-28;5273;8674;667189;546273;61.7;50.5
35;2021-07-29;6055;8334;673244;554607;62.2;51.3
35;2021-07-30;5846;9080;679090;563687;62.8;52.1
35;2021-07-31;2287;3659;681377;567346;63.0;52.4
35;2021-08-01;1513;2413;682890;569759;63.1;52.7
35;2021-08-02;4688;6948;687578;576707;63.5;53.3
35;2021-08-03;6648;7583;694226;584290;64.2;54.0
35;2021-08-04;6634;6586;700860;590876;64.8;54.6
35;2021-08-05;6607;6975;707467;597851;65.4;55.3
35;2021-08-06;5970;7288;713437;605139;65.9;55.9
35;2021-08-07;2093;3145;715530;608284;66.1;56.2
35;2021-08-08;1520;2249;717050;610533;66.3;56.4
35;2021-08-09;4582;5519;721632;616052;66.7;56.9
35;2021-08-10;6514;6346;728146;622398;67.3;57.5
35;2021-08-11;6402;5830;734548;628228;67.9;58.1
36;2020-12-27;0;0;0;0;0.0;0.0
36;2020-12-28;0;0;0;0;0.0;0.0
36;2020-12-29;0;0;0;0;0.0;0.0
36;2020-12-30;0;0;0;0;0.0;0.0
36;2020-12-31;0;0;0;0;0.0;0.0
36;2021-01-01;0;0;0;0;0.0;0.0
36;2021-01-02;0;0;0;0;0.0;0.0
36;2021-01-03;0;0;0;0;0.0;0.0
36;2021-01-04;2;0;2;0;0.0;0.0
36;2021-01-05;0;0;2;0;0.0;0.0
36;2021-01-06;24;0;26;0;0.0;0.0
36;2021-01-07;51;0;77;0;0.0;0.0
36;2021-01-08;111;0;188;0;0.1;0.0
36;2021-01-09;83;0;271;0;0.1;0.0
36;2021-01-10;142;0;413;0;0.2;0.0
36;2021-01-11;239;1;652;1;0.3;0.0
36;2021-01-12;282;0;934;1;0.4;0.0
36;2021-01-13;198;1;1132;2;0.5;0.0
36;2021-01-14;505;4;1637;6;0.8;0.0
36;2021-01-15;179;1;1816;7;0.8;0.0
36;2021-01-16;24;1;1840;8;0.8;0.0
36;2021-01-17;19;2;1859;10;0.9;0.0
36;2021-01-18;613;4;2472;14;1.1;0.0
36;2021-01-19;1173;3;3645;17;1.7;0.0
36;2021-01-20;1102;3;4747;20;2.2;0.0
36;2021-01-21;721;0;5468;20;2.5;0.0
36;2021-01-22;857;2;6325;22;2.9;0.0
36;2021-01-23;295;0;6620;22;3.0;0.0
36;2021-01-24;185;1;6805;23;3.1;0.0
36;2021-01-25;640;5;7445;28;3.4;0.0
36;2021-01-26;610;1;8055;29;3.7;0.0
36;2021-01-27;848;19;8903;48;4.1;0.0
36;2021-01-28;477;47;9380;95;4.3;0.0
36;2021-01-29;573;98;9953;193;4.6;0.1
36;2021-01-30;288;73;10241;266;4.7;0.1
36;2021-01-31;115;135;10356;401;4.8;0.2
36;2021-02-01;378;100;10734;501;4.9;0.2
36;2021-02-02;410;175;11144;676;5.1;0.3
36;2021-02-03;471;264;11615;940;5.3;0.4
36;2021-02-04;275;280;11890;1220;5.5;0.6
36;2021-02-05;302;164;12192;1384;5.6;0.6
36;2021-02-06;0;0;12192;1384;5.6;0.6
36;2021-02-07;1;0;12193;1384;5.6;0.6
36;2021-02-08;280;259;12473;1643;5.7;0.8
36;2021-02-09;327;607;12800;2250;5.9;1.0
36;2021-02-10;490;656;13290;2906;6.1;1.3
36;2021-02-11;385;599;13675;3505;6.3;1.6
36;2021-02-12;303;461;13978;3966;6.4;1.8
36;2021-02-13;126;83;14104;4049;6.5;1.9
36;2021-02-14;22;45;14126;4094;6.5;1.9
36;2021-02-15;42;576;14168;4670;6.5;2.2
36;2021-02-16;106;418;14274;5088;6.6;2.3
36;2021-02-17;117;625;14391;5713;6.6;2.6
36;2021-02-18;161;617;14552;6330;6.7;2.9
36;2021-02-19;181;541;14733;6871;6.8;3.2
36;2021-02-20;86;239;14819;7110;6.8;3.3
36;2021-02-21;87;157;14906;7267;6.9;3.3
36;2021-02-22;162;508;15068;7775;6.9;3.6
36;2021-02-23;62;575;15130;8350;7.0;3.8
36;2021-02-24;112;681;15242;9031;7.0;4.2
36;2021-02-25;251;283;15493;9314;7.1;4.3
36;2021-02-26;339;472;15832;9786;7.3;4.5
36;2021-02-27;72;277;15904;10063;7.3;4.6
36;2021-02-28;13;97;15917;10160;7.3;4.7
36;2021-03-01;218;343;16135;10503;7.4;4.8
36;2021-03-02;352;364;16487;10867;7.6;5.0
36;2021-03-03;394;532;16881;11399;7.8;5.2
36;2021-03-04;662;357;17543;11756;8.1;5.4
36;2021-03-05;799;298;18342;12054;8.4;5.6
36;2021-03-06;410;16;18752;12070;8.6;5.6
36;2021-03-07;340;7;19092;12077;8.8;5.6
36;2021-03-08;251;315;19343;12392;8.9;5.7
36;2021-03-09;449;269;19792;12661;9.1;5.8
36;2021-03-10;724;409;20516;13070;9.4;6.0
36;2021-03-11;838;244;21354;13314;9.8;6.1
36;2021-03-12;1445;296;22799;13610;10.5;6.3
36;2021-03-13;575;126;23374;13736;10.8;6.3
36;2021-03-14;113;1;23487;13737;10.8;6.3
36;2021-03-15;648;158;24135;13895;11.1;6.4
36;2021-03-16;446;67;24581;13962;11.3;6.4
36;2021-03-17;765;90;25346;14052;11.7;6.5
36;2021-03-18;414;72;25760;14124;11.9;6.5
36;2021-03-19;738;40;26498;14164;12.2;6.5
36;2021-03-20;451;27;26949;14191;12.4;6.5
36;2021-03-21;0;0;26949;14191;12.4;6.5
36;2021-03-22;496;58;27445;14249;12.6;6.6
36;2021-03-23;777;57;28222;14306;13.0;6.6
36;2021-03-24;1088;74;29310;14380;13.5;6.6
36;2021-03-25;1337;88;30647;14468;14.1;6.7
36;2021-03-26;1419;156;32066;14624;14.8;6.7
36;2021-03-27;475;42;32541;14666;15.0;6.8
36;2021-03-28;68;57;32609;14723;15.0;6.8
36;2021-03-29;461;185;33070;14908;15.2;6.9
36;2021-03-30;582;265;33652;15173;15.5;7.0
36;2021-03-31;1262;169;34914;15342;16.1;7.1
36;2021-04-01;1085;431;35999;15773;16.6;7.3
36;2021-04-02;965;140;36964;15913;17.0;7.3
36;2021-04-03;282;180;37246;16093;17.2;7.4
36;2021-04-04;42;2;37288;16095;17.2;7.4
36;2021-04-05;15;46;37303;16141;17.2;7.4
36;2021-04-06;821;362;38124;16503;17.6;7.6
36;2021-04-07;1073;538;39197;17041;18.1;7.8
36;2021-04-08;1347;479;40544;17520;18.7;8.1
36;2021-04-09;1939;404;42483;17924;19.6;8.3
36;2021-04-10;591;240;43074;18164;19.8;8.4
36;2021-04-11;256;90;43330;18254;20.0;8.4
36;2021-04-12;849;561;44179;18815;20.3;8.7
36;2021-04-13;1140;518;45319;19333;20.9;8.9
36;2021-04-14;1582;862;46901;20195;21.6;9.3
36;2021-04-15;1654;470;48555;20665;22.4;9.5
36;2021-04-16;1488;465;50043;21130;23.0;9.7
36;2021-04-17;893;249;50936;21379;23.5;9.8
36;2021-04-18;383;7;51319;21386;23.6;9.8
36;2021-04-19;874;442;52193;21828;24.0;10.1
36;2021-04-20;1145;522;53338;22350;24.6;10.3
36;2021-04-21;1240;876;54578;23226;25.1;10.7
36;2021-04-22;1593;870;56171;24096;25.9;11.1
36;2021-04-23;1327;618;57498;24714;26.5;11.4
36;2021-04-24;678;379;58176;25093;26.8;11.6
36;2021-04-25;413;95;58589;25188;27.0;11.6
36;2021-04-26;1134;448;59723;25636;27.5;11.8
36;2021-04-27;1279;554;61002;26190;28.1;12.1
36;2021-04-28;1489;1063;62491;27253;28.8;12.6
36;2021-04-29;2016;706;64507;27959;29.7;12.9
36;2021-04-30;1553;457;66060;28416;30.4;13.1
36;2021-05-01;724;64;66784;28480;30.8;13.1
36;2021-05-02;498;61;67282;28541;31.0;13.1
36;2021-05-03;1292;307;68574;28848;31.6;13.3
36;2021-05-04;780;808;69354;29656;31.9;13.7
36;2021-05-05;1283;1308;70637;30964;32.5;14.3
36;2021-05-06;2138;794;72775;31758;33.5;14.6
36;2021-05-07;1469;767;74244;32525;34.2;15.0
36;2021-05-08;306;104;74550;32629;34.3;15.0
36;2021-05-09;175;343;74725;32972;34.4;15.2
36;2021-05-10;1216;814;75941;33786;35.0;15.6
36;2021-05-11;1725;1248;77666;35034;35.8;16.1
36;2021-05-12;1825;1483;79491;36517;36.6;16.8
36;2021-05-13;548;306;80039;36823;36.9;17.0
36;2021-05-14;701;1039;80740;37862;37.2;17.4
36;2021-05-15;636;592;81376;38454;37.5;17.7
36;2021-05-16;337;377;81713;38831;37.6;17.9
36;2021-05-17;614;943;82327;39774;37.9;18.3
36;2021-05-18;874;938;83201;40712;38.3;18.7
36;2021-05-19;1331;844;84532;41556;38.9;19.1
36;2021-05-20;1611;1210;86143;42766;39.7;19.7
36;2021-05-21;1106;1069;87249;43835;40.2;20.2
36;2021-05-22;678;342;87927;44177;40.5;20.3
36;2021-05-23;426;295;88353;44472;40.7;20.5
36;2021-05-24;505;468;88858;44940;40.9;20.7
36;2021-05-25;1045;685;89903;45625;41.4;21.0
36;2021-05-26;1473;1166;91376;46791;42.1;21.5
36;2021-05-27;1396;976;92772;47767;42.7;22.0
36;2021-05-28;921;1481;93693;49248;43.1;22.7
36;2021-05-29;700;507;94393;49755;43.5;22.9
36;2021-05-30;111;574;94504;50329;43.5;23.2
36;2021-05-31;1137;763;95641;51092;44.0;23.5
36;2021-06-01;1410;826;97051;51918;44.7;23.9
36;2021-06-02;2061;613;99112;52531;45.6;24.2
36;2021-06-03;1903;1200;101015;53731;46.5;24.7
36;2021-06-04;1774;1046;102789;54777;47.3;25.2
36;2021-06-05;692;657;103481;55434;47.7;25.5
36;2021-06-06;336;273;103817;55707;47.8;25.7
36;2021-06-07;983;809;104800;56516;48.3;26.0
36;2021-06-08;959;981;105759;57497;48.7;26.5
36;2021-06-09;1674;1068;107433;58565;49.5;27.0
36;2021-06-10;1533;1378;108966;59943;50.2;27.6
36;2021-06-11;1288;1499;110254;61442;50.8;28.3
36;2021-06-12;919;783;111173;62225;51.2;28.7
36;2021-06-13;343;268;111516;62493;51.4;28.8
36;2021-06-14;606;1270;112122;63763;51.6;29.4
36;2021-06-15;732;1216;112854;64979;52.0;29.9
36;2021-06-16;902;1518;113756;66497;52.4;30.6
36;2021-06-17;750;1905;114506;68402;52.7;31.5
36;2021-06-18;705;1882;115211;70284;53.1;32.4
36;2021-06-19;295;395;115506;70679;53.2;32.6
36;2021-06-20;235;327;115741;71006;53.3;32.7
36;2021-06-21;686;1449;116427;72455;53.6;33.4
36;2021-06-22;840;1551;117267;74006;54.0;34.1
36;2021-06-23;773;1792;118040;75798;54.4;34.9
36;2021-06-24;855;1526;118895;77324;54.8;35.6
36;2021-06-25;941;1221;119836;78545;55.2;36.2
36;2021-06-26;325;602;120161;79147;55.3;36.4
36;2021-06-27;105;267;120266;79414;55.4;36.6
36;2021-06-28;699;926;120965;80340;55.7;37.0
36;2021-06-29;687;1458;121652;81798;56.0;37.7
36;2021-06-30;837;2150;122489;83948;56.4;38.7
36;2021-07-01;351;1082;122840;85030;56.6;39.2
36;2021-07-02;744;1846;123584;86876;56.9;40.0
36;2021-07-03;466;883;124050;87759;57.1;40.4
36;2021-07-04;184;325;124234;88084;57.2;40.6
36;2021-07-05;495;1333;124729;89417;57.4;41.2
36;2021-07-06;490;1221;125219;90638;57.7;41.7
36;2021-07-07;586;1794;125805;92432;57.9;42.6
36;2021-07-08;548;1706;126353;94138;58.2;43.4
36;2021-07-09;781;1654;127134;95792;58.5;44.1
36;2021-07-10;467;1119;127601;96911;58.8;44.6
36;2021-07-11;256;155;127857;97066;58.9;44.7
36;2021-07-12;329;1628;128186;98694;59.0;45.5
36;2021-07-13;310;1937;128496;100631;59.2;46.3
36;2021-07-14;375;763;128871;101394;59.3;46.7
36;2021-07-15;914;2168;129785;103562;59.8;47.7
36;2021-07-16;626;1878;130411;105440;60.1;48.6
36;2021-07-17;395;859;130806;106299;60.2;49.0
36;2021-07-18;196;407;131002;106706;60.3;49.1
36;2021-07-19;549;1457;131551;108163;60.6;49.8
36;2021-07-20;776;1409;132327;109572;60.9;50.5
36;2021-07-21;709;1984;133036;111556;61.3;51.4
36;2021-07-22;1135;1686;134171;113242;61.8;52.2
36;2021-07-23;964;1744;135135;114986;62.2;53.0
36;2021-07-24;607;806;135742;115792;62.5;53.3
36;2021-07-25;147;404;135889;116196;62.6;53.5
36;2021-07-26;946;1085;136835;117281;63.0;54.0
36;2021-07-27;806;1353;137641;118634;63.4;54.6
36;2021-07-28;1382;1397;139023;120031;64.0;55.3
36;2021-07-29;1705;1312;140728;121343;64.8;55.9
36;2021-07-30;1442;1317;142170;122660;65.5;56.5
36;2021-07-31;931;535;143101;123195;65.9;56.7
36;2021-08-01;205;240;143306;123435;66.0;56.8
36;2021-08-02;1112;889;144418;124324;66.5;57.3
36;2021-08-03;1271;993;145689;125317;67.1;57.7
36;2021-08-04;1688;933;147377;126250;67.9;58.1
36;2021-08-05;1813;902;149190;127152;68.7;58.6
36;2021-08-06;1410;860;150600;128012;69.4;59.0
36;2021-08-07;538;523;151138;128535;69.6;59.2
36;2021-08-08;293;154;151431;128689;69.7;59.3
36;2021-08-09;814;842;152245;129531;70.1;59.7
36;2021-08-10;1054;1012;153299;130543;70.6;60.1
36;2021-08-11;1311;850;154610;131393;71.2;60.5
37;2020-12-27;0;0;0;0;0.0;0.0
37;2020-12-28;17;0;17;0;0.0;0.0
37;2020-12-29;10;0;27;0;0.0;0.0
37;2020-12-30;0;0;27;0;0.0;0.0
37;2020-12-31;0;0;27;0;0.0;0.0
37;2021-01-01;0;0;27;0;0.0;0.0
37;2021-01-02;0;0;27;0;0.0;0.0
37;2021-01-03;0;0;27;0;0.0;0.0
37;2021-01-04;21;0;48;0;0.0;0.0
37;2021-01-05;47;0;95;0;0.0;0.0
37;2021-01-06;79;0;174;0;0.0;0.0
37;2021-01-07;115;0;289;0;0.0;0.0
37;2021-01-08;442;1;731;1;0.1;0.0
37;2021-01-09;79;0;810;1;0.1;0.0
37;2021-01-10;83;0;893;1;0.1;0.0
37;2021-01-11;280;0;1173;1;0.2;0.0
37;2021-01-12;659;4;1832;5;0.3;0.0
37;2021-01-13;560;1;2392;6;0.4;0.0
37;2021-01-14;522;3;2914;9;0.5;0.0
37;2021-01-15;627;1;3541;10;0.6;0.0
37;2021-01-16;304;2;3845;12;0.6;0.0
37;2021-01-17;262;1;4107;13;0.7;0.0
37;2021-01-18;733;8;4840;21;0.8;0.0
37;2021-01-19;1244;10;6084;31;1.0;0.0
37;2021-01-20;1038;3;7122;34;1.2;0.0
37;2021-01-21;854;1;7976;35;1.3;0.0
37;2021-01-22;767;2;8743;37;1.4;0.0
37;2021-01-23;173;0;8916;37;1.5;0.0
37;2021-01-24;0;0;8916;37;1.5;0.0
37;2021-01-25;538;13;9454;50;1.6;0.0
37;2021-01-26;1813;65;11267;115;1.9;0.0
37;2021-01-27;1521;76;12788;191;2.1;0.0
37;2021-01-28;1529;93;14317;284;2.4;0.0
37;2021-01-29;632;309;14949;593;2.5;0.1
37;2021-01-30;202;62;15151;655;2.5;0.1
37;2021-01-31;15;64;15166;719;2.5;0.1
37;2021-02-01;332;200;15498;919;2.6;0.2
37;2021-02-02;523;529;16021;1448;2.6;0.2
37;2021-02-03;660;351;16681;1799;2.8;0.3
37;2021-02-04;546;409;17227;2208;2.8;0.4
37;2021-02-05;465;443;17692;2651;2.9;0.4
37;2021-02-06;189;2;17881;2653;3.0;0.4
37;2021-02-07;20;1;17901;2654;3.0;0.4
37;2021-02-08;331;321;18232;2975;3.0;0.5
37;2021-02-09;625;709;18857;3684;3.1;0.6
37;2021-02-10;662;510;19519;4194;3.2;0.7
37;2021-02-11;612;563;20131;4757;3.3;0.8
37;2021-02-12;489;553;20620;5310;3.4;0.9
37;2021-02-13;155;207;20775;5517;3.4;0.9
37;2021-02-14;1;71;20776;5588;3.4;0.9
37;2021-02-15;425;479;21201;6067;3.5;1.0
37;2021-02-16;841;1448;22042;7515;3.6;1.2
37;2021-02-17;635;1373;22677;8888;3.7;1.5
37;2021-02-18;909;1415;23586;10303;3.9;1.7
37;2021-02-19;795;840;24381;11143;4.0;1.8
37;2021-02-20;245;212;24626;11355;4.1;1.9
37;2021-02-21;5;1;24631;11356;4.1;1.9
37;2021-02-22;336;581;24967;11937;4.1;2.0
37;2021-02-23;604;632;25571;12569;4.2;2.1
37;2021-02-24;572;620;26143;13189;4.3;2.2
37;2021-02-25;874;616;27017;13805;4.5;2.3
37;2021-02-26;1114;579;28131;14384;4.6;2.4
37;2021-02-27;584;188;28715;14572;4.7;2.4
37;2021-02-28;23;0;28738;14572;4.7;2.4
37;2021-03-01;603;362;29341;14934;4.8;2.5
37;2021-03-02;1090;542;30431;15476;5.0;2.6
37;2021-03-03;970;549;31401;16025;5.2;2.6
37;2021-03-04;1605;480;33006;16505;5.5;2.7
37;2021-03-05;2129;559;35135;17064;5.8;2.8
37;2021-03-06;1164;212;36299;17276;6.0;2.9
37;2021-03-07;471;66;36770;17342;6.1;2.9
37;2021-03-08;666;400;37436;17742;6.2;2.9
37;2021-03-09;1652;702;39088;18444;6.5;3.0
37;2021-03-10;1606;746;40694;19190;6.7;3.2
37;2021-03-11;2046;698;42740;19888;7.1;3.3
37;2021-03-12;3207;470;45947;20358;7.6;3.4
37;2021-03-13;1950;192;47897;20550;7.9;3.4
37;2021-03-14;206;4;48103;20554;7.9;3.4
37;2021-03-15;1069;250;49172;20804;8.1;3.4
37;2021-03-16;1048;529;50220;21333;8.3;3.5
37;2021-03-17;935;277;51155;21610;8.5;3.6
37;2021-03-18;1031;525;52186;22135;8.6;3.7
37;2021-03-19;2218;338;54404;22473;9.0;3.7
37;2021-03-20;1331;140;55735;22613;9.2;3.7
37;2021-03-21;202;4;55937;22617;9.2;3.7
37;2021-03-22;1287;243;57224;22860;9.5;3.8
37;2021-03-23;2256;567;59480;23427;9.8;3.9
37;2021-03-24;2245;462;61725;23889;10.2;3.9
37;2021-03-25;2981;444;64706;24333;10.7;4.0
37;2021-03-26;3524;407;68230;24740;11.3;4.1
37;2021-03-27;1173;127;69403;24867;11.5;4.1
37;2021-03-28;139;1;69542;24868;11.5;4.1
37;2021-03-29;1604;344;71146;25212;11.8;4.2
37;2021-03-30;2524;623;73670;25835;12.2;4.3
37;2021-03-31;2046;483;75716;26318;12.5;4.3
37;2021-04-01;2599;969;78315;27287;12.9;4.5
37;2021-04-02;2813;664;81128;27951;13.4;4.6
37;2021-04-03;817;222;81945;28173;13.5;4.7
37;2021-04-04;104;1;82049;28174;13.6;4.7
37;2021-04-05;3;0;82052;28174;13.6;4.7
37;2021-04-06;2237;779;84289;28953;13.9;4.8
37;2021-04-07;3169;858;87458;29811;14.4;4.9
37;2021-04-08;4041;967;91499;30778;15.1;5.1
37;2021-04-09;4542;943;96041;31721;15.9;5.2
37;2021-04-10;1328;431;97369;32152;16.1;5.3
37;2021-04-11;104;1;97473;32153;16.1;5.3
37;2021-04-12;2640;673;100113;32826;16.5;5.4
37;2021-04-13;4112;1159;104225;33985;17.2;5.6
37;2021-04-14;3043;894;107268;34879;17.7;5.8
37;2021-04-15;3758;1015;111026;35894;18.3;5.9
37;2021-04-16;4359;1219;115385;37113;19.1;6.1
37;2021-04-17;1147;221;116532;37334;19.2;6.2
37;2021-04-18;97;3;116629;37337;19.3;6.2
37;2021-04-19;2482;849;119111;38186;19.7;6.3
37;2021-04-20;3235;1336;122346;39522;20.2;6.5
37;2021-04-21;2930;1155;125276;40677;20.7;6.7
37;2021-04-22;3455;1399;128731;42076;21.3;7.0
37;2021-04-23;3691;1809;132422;43885;21.9;7.2
37;2021-04-24;1007;387;133429;44272;22.0;7.3
37;2021-04-25;45;2;133474;44274;22.0;7.3
37;2021-04-26;2968;1349;136442;45623;22.5;7.5
37;2021-04-27;4183;1815;140625;47438;23.2;7.8
37;2021-04-28;3460;1943;144085;49381;23.8;8.2
37;2021-04-29;4584;2017;148669;51398;24.6;8.5
37;2021-04-30;5055;1987;153724;53385;25.4;8.8
37;2021-05-01;639;210;154363;53595;25.5;8.9
37;2021-05-02;104;15;154467;53610;25.5;8.9
37;2021-05-03;2670;1954;157137;55564;26.0;9.2
37;2021-05-04;3735;2721;160872;58285;26.6;9.6
37;2021-05-05;3499;2087;164371;60372;27.2;10.0
37;2021-05-06;4995;1945;169366;62317;28.0;10.3
37;2021-05-07;4686;2883;174052;65200;28.8;10.8
37;2021-05-08;538;312;174590;65512;28.8;10.8
37;2021-05-09;63;41;174653;65553;28.9;10.8
37;2021-05-10;2160;3489;176813;69042;29.2;11.4
37;2021-05-11;3867;3883;180680;72925;29.8;12.0
37;2021-05-12;4038;2546;184718;75471;30.5;12.5
37;2021-05-13;1137;515;185855;75986;30.7;12.6
37;2021-05-14;4045;2683;189900;78669;31.4;13.0
37;2021-05-15;2323;744;192223;79413;31.8;13.1
37;2021-05-16;22;71;192245;79484;31.8;13.1
37;2021-05-17;2764;2056;195009;81540;32.2;13.5
37;2021-05-18;3874;2360;198883;83900;32.9;13.9
37;2021-05-19;3495;1806;202378;85706;33.4;14.2
37;2021-05-20;4752;1776;207130;87482;34.2;14.5
37;2021-05-21;4527;2570;211657;90052;35.0;14.9
37;2021-05-22;1077;753;212734;90805;35.1;15.0
37;2021-05-23;73;89;212807;90894;35.2;15.0
37;2021-05-24;513;106;213320;91000;35.2;15.0
37;2021-05-25;5123;2178;218443;93178;36.1;15.4
37;2021-05-26;4929;2096;223372;95274;36.9;15.7
37;2021-05-27;5986;2370;229358;97644;37.9;16.1
37;2021-05-28;6023;3262;235381;100906;38.9;16.7
37;2021-05-29;1521;1167;236902;102073;39.1;16.9
37;2021-05-30;55;160;236957;102233;39.1;16.9
37;2021-05-31;3647;2529;240604;104762;39.7;17.3
37;2021-06-01;5844;3622;246448;108384;40.7;17.9
37;2021-06-02;5076;2454;251524;110838;41.5;18.3
37;2021-06-03;6087;2882;257611;113720;42.6;18.8
37;2021-06-04;5509;4203;263120;117923;43.5;19.5
37;2021-06-05;1855;1304;264975;119227;43.8;19.7
37;2021-06-06;49;197;265024;119424;43.8;19.7
37;2021-06-07;3022;4164;268046;123588;44.3;20.4
37;2021-06-08;4200;4656;272246;128244;45.0;21.2
37;2021-06-09;3884;3570;276130;131814;45.6;21.8
37;2021-06-10;5267;3618;281397;135432;46.5;22.4
37;2021-06-11;4977;4839;286374;140271;47.3;23.2
37;2021-06-12;3553;1348;289927;141619;47.9;23.4
37;2021-06-13;15;164;289942;141783;47.9;23.4
37;2021-06-14;2667;4040;292609;145823;48.3;24.1
37;2021-06-15;3899;4779;296508;150602;49.0;24.9
37;2021-06-16;3257;3599;299765;154201;49.5;25.5
37;2021-06-17;4009;4494;303774;158695;50.2;26.2
37;2021-06-18;4706;5068;308480;163763;51.0;27.1
37;2021-06-19;2519;1101;310999;164864;51.4;27.2
37;2021-06-20;9;183;311008;165047;51.4;27.3
37;2021-06-21;2419;3827;313427;168874;51.8;27.9
37;2021-06-22;2969;5008;316396;173882;52.3;28.7
37;2021-06-23;2628;3646;319024;177528;52.7;29.3
37;2021-06-24;2864;3546;321888;181074;53.2;29.9
37;2021-06-25;3307;4881;325195;185955;53.7;30.7
37;2021-06-26;1240;3087;326435;189042;53.9;31.2
37;2021-06-27;23;142;326458;189184;53.9;31.3
37;2021-06-28;1702;4513;328160;193697;54.2;32.0
37;2021-06-29;1901;6223;330061;199920;54.5;33.0
37;2021-06-30;1869;4438;331930;204358;54.8;33.8
37;2021-07-01;2126;4792;334056;209150;55.2;34.5
37;2021-07-02;2679;5593;336735;214743;55.6;35.5
37;2021-07-03;945;2138;337680;216881;55.8;35.8
37;2021-07-04;4;104;337684;216985;55.8;35.8
37;2021-07-05;1707;5147;339391;222132;56.1;36.7
37;2021-07-06;2003;6760;341394;228892;56.4;37.8
37;2021-07-07;1945;5463;343339;234355;56.7;38.7
37;2021-07-08;2458;6659;345797;241014;57.1;39.8
37;2021-07-09;1981;7638;347778;248652;57.4;41.1
37;2021-07-10;1013;2616;348791;251268;57.6;41.5
37;2021-07-11;26;96;348817;251364;57.6;41.5
37;2021-07-12;1132;5991;349949;257355;57.8;42.5
37;2021-07-13;1613;7825;351562;265180;58.1;43.8
37;2021-07-14;524;406;352086;265586;58.2;43.9
37;2021-07-15;2614;7495;354700;273081;58.6;45.1
37;2021-07-16;2754;7805;357454;280886;59.0;46.4
37;2021-07-17;1202;2444;358656;283330;59.2;46.8
37;2021-07-18;50;53;358706;283383;59.3;46.8
37;2021-07-19;1644;6133;360350;289516;59.5;47.8
37;2021-07-20;2903;7070;363253;296586;60.0;49.0
37;2021-07-21;2976;5784;366229;302370;60.5;49.9
37;2021-07-22;4032;6540;370261;308910;61.2;51.0
37;2021-07-23;3795;7102;374056;316012;61.8;52.2
37;2021-07-24;1770;3311;375826;319323;62.1;52.7
37;2021-07-25;65;77;375891;319400;62.1;52.8
37;2021-07-26;3228;4315;379119;323715;62.6;53.5
37;2021-07-27;4408;4953;383527;328668;63.4;54.3
37;2021-07-28;4101;3655;387628;332323;64.0;54.9
37;2021-07-29;5059;4184;392687;336507;64.9;55.6
37;2021-07-30;5221;4920;397908;341427;65.7;56.4
37;2021-07-31;1912;1841;399820;343268;66.0;56.7
37;2021-08-01;31;52;399851;343320;66.0;56.7
37;2021-08-02;3273;3272;403124;346592;66.6;57.3
37;2021-08-03;5251;3127;408375;349719;67.5;57.8
37;2021-08-04;4525;1909;412900;351628;68.2;58.1
37;2021-08-05;4765;2585;417665;354213;69.0;58.5
37;2021-08-06;4810;3282;422475;357495;69.8;59.1
37;2021-08-07;1623;1116;424098;358611;70.1;59.2
37;2021-08-08;33;173;424131;358784;70.1;59.3
37;2021-08-09;2415;2243;426546;361027;70.5;59.6
37;2021-08-10;3018;2619;429564;363646;71.0;60.1
37;2021-08-11;2089;2090;431653;365736;71.3;60.4
38;2020-12-27;1;0;1;0;0.0;0.0
38;2020-12-28;1;0;2;0;0.0;0.0
38;2020-12-29;0;0;2;0;0.0;0.0
38;2020-12-30;0;0;2;0;0.0;0.0
38;2020-12-31;5;0;7;0;0.0;0.0
38;2021-01-01;1;0;8;0;0.0;0.0
38;2021-01-02;0;0;8;0;0.0;0.0
38;2021-01-03;2;0;10;0;0.0;0.0
38;2021-01-04;162;0;172;0;0.0;0.0
38;2021-01-05;257;1;429;1;0.0;0.0
38;2021-01-06;364;0;793;1;0.1;0.0
38;2021-01-07;636;1;1429;2;0.1;0.0
38;2021-01-08;695;0;2124;2;0.2;0.0
38;2021-01-09;30;0;2154;2;0.2;0.0
38;2021-01-10;1;0;2155;2;0.2;0.0
38;2021-01-11;801;2;2956;4;0.2;0.0
38;2021-01-12;1470;4;4426;8;0.3;0.0
38;2021-01-13;1081;5;5507;13;0.4;0.0
38;2021-01-14;1680;15;7187;28;0.6;0.0
38;2021-01-15;1673;7;8860;35;0.7;0.0
38;2021-01-16;306;2;9166;37;0.7;0.0
38;2021-01-17;3;0;9169;37;0.7;0.0
38;2021-01-18;1176;4;10345;41;0.8;0.0
38;2021-01-19;2239;6;12584;47;1.0;0.0
38;2021-01-20;1882;3;14466;50;1.1;0.0
38;2021-01-21;1623;6;16089;56;1.3;0.0
38;2021-01-22;1398;9;17487;65;1.4;0.0
38;2021-01-23;379;3;17866;68;1.4;0.0
38;2021-01-24;1;0;17867;68;1.4;0.0
38;2021-01-25;788;107;18655;175;1.5;0.0
38;2021-01-26;855;183;19510;358;1.5;0.0
38;2021-01-27;1089;277;20599;635;1.6;0.1
38;2021-01-28;1172;477;21771;1112;1.7;0.1
38;2021-01-29;948;379;22719;1491;1.8;0.1
38;2021-01-30;304;1;23023;1492;1.8;0.1
38;2021-01-31;0;0;23023;1492;1.8;0.1
38;2021-02-01;701;598;23724;2090;1.9;0.2
38;2021-02-02;967;962;24691;3052;2.0;0.2
38;2021-02-03;1229;694;25920;3746;2.0;0.3
38;2021-02-04;1278;971;27198;4717;2.2;0.4
38;2021-02-05;1399;844;28597;5561;2.3;0.4
38;2021-02-06;186;95;28783;5656;2.3;0.4
38;2021-02-07;3;48;28786;5704;2.3;0.5
38;2021-02-08;861;794;29647;6498;2.3;0.5
38;2021-02-09;1538;1313;31185;7811;2.5;0.6
38;2021-02-10;1579;1285;32764;9096;2.6;0.7
38;2021-02-11;1869;1158;34633;10254;2.7;0.8
38;2021-02-12;1508;1125;36141;11379;2.9;0.9
38;2021-02-13;466;189;36607;11568;2.9;0.9
38;2021-02-14;1;7;36608;11575;2.9;0.9
38;2021-02-15;975;945;37583;12520;3.0;1.0
38;2021-02-16;1379;977;38962;13497;3.1;1.1
38;2021-02-17;1371;1067;40333;14564;3.2;1.2
38;2021-02-18;1788;1068;42121;15632;3.3;1.2
38;2021-02-19;1255;866;43376;16498;3.4;1.3
38;2021-02-20;469;312;43845;16810;3.5;1.3
38;2021-02-21;0;0;43845;16810;3.5;1.3
38;2021-02-22;1074;909;44919;17719;3.6;1.4
38;2021-02-23;1539;945;46458;18664;3.7;1.5
38;2021-02-24;1729;1133;48187;19797;3.8;1.6
38;2021-02-25;2496;1050;50683;20847;4.0;1.6
38;2021-02-26;3307;974;53990;21821;4.3;1.7
38;2021-02-27;1510;430;55500;22251;4.4;1.8
38;2021-02-28;33;2;55533;22253;4.4;1.8
38;2021-03-01;2502;776;58035;23029;4.6;1.8
38;2021-03-02;4048;1058;62083;24087;4.9;1.9
38;2021-03-03;3364;1235;65447;25322;5.2;2.0
38;2021-03-04;4482;1374;69929;26696;5.5;2.1
38;2021-03-05;5230;1198;75159;27894;5.9;2.2
38;2021-03-06;3041;264;78200;28158;6.2;2.2
38;2021-03-07;113;1;78313;28159;6.2;2.2
38;2021-03-08;2440;908;80753;29067;6.4;2.3
38;2021-03-09;4024;1306;84777;30373;6.7;2.4
38;2021-03-10;3503;1083;88280;31456;7.0;2.5
38;2021-03-11;5139;1509;93419;32965;7.4;2.6
38;2021-03-12;7087;1159;100506;34124;7.9;2.7
38;2021-03-13;3770;213;104276;34337;8.2;2.7
38;2021-03-14;544;13;104820;34350;8.3;2.7
38;2021-03-15;2700;1006;107520;35356;8.5;2.8
38;2021-03-16;2083;1360;109603;36716;8.7;2.9
38;2021-03-17;2026;1208;111629;37924;8.8;3.0
38;2021-03-18;2641;1364;114270;39288;9.0;3.1
38;2021-03-19;4008;1055;118278;40343;9.4;3.2
38;2021-03-20;1823;241;120101;40584;9.5;3.2
38;2021-03-21;130;8;120231;40592;9.5;3.2
38;2021-03-22;2865;1002;123096;41594;9.7;3.3
38;2021-03-23;4777;1489;127873;43083;10.1;3.4
38;2021-03-24;3712;1580;131585;44663;10.4;3.5
38;2021-03-25;5791;1528;137376;46191;10.9;3.7
38;2021-03-26;6601;1733;143977;47924;11.4;3.8
38;2021-03-27;2512;758;146489;48682;11.6;3.8
38;2021-03-28;925;43;147414;48725;11.7;3.9
38;2021-03-29;2678;1847;150092;50572;11.9;4.0
38;2021-03-30;4564;2543;154656;53115;12.2;4.2
38;2021-03-31;3662;2224;158318;55339;12.5;4.4
38;2021-04-01;5129;2513;163447;57852;12.9;4.6
38;2021-04-02;3869;2521;167316;60373;13.2;4.8
38;2021-04-03;1417;941;168733;61314;13.3;4.8
38;2021-04-04;429;45;169162;61359;13.4;4.9
38;2021-04-05;2174;341;171336;61700;13.5;4.9
38;2021-04-06;4347;2392;175683;64092;13.9;5.1
38;2021-04-07;4415;2727;180098;66819;14.2;5.3
38;2021-04-08;5646;2660;185744;69479;14.7;5.5
38;2021-04-09;8554;2716;194298;72195;15.4;5.7
38;2021-04-10;3599;1471;197897;73666;15.6;5.8
38;2021-04-11;1047;100;198944;73766;15.7;5.8
38;2021-04-12;4196;2255;203140;76021;16.1;6.0
38;2021-04-13;6123;2465;209263;78486;16.5;6.2
38;2021-04-14;5118;2463;214381;80949;16.9;6.4
38;2021-04-15;6362;2760;220743;83709;17.5;6.6
38;2021-04-16;6216;2731;226959;86440;17.9;6.8
38;2021-04-17;2587;988;229546;87428;18.1;6.9
38;2021-04-18;1332;72;230878;87500;18.3;6.9
38;2021-04-19;3945;2840;234823;90340;18.6;7.1
38;2021-04-20;5417;2854;240240;93194;19.0;7.4
38;2021-04-21;4979;2703;245219;95897;19.4;7.6
38;2021-04-22;5781;2825;251000;98722;19.8;7.8
38;2021-04-23;6032;2805;257032;101527;20.3;8.0
38;2021-04-24;2665;1347;259697;102874;20.5;8.1
38;2021-04-25;804;592;260501;103466;20.6;8.2
38;2021-04-26;4484;2473;264985;105939;20.9;8.4
38;2021-04-27;6042;2735;271027;108674;21.4;8.6
38;2021-04-28;6193;2513;277220;111187;21.9;8.8
38;2021-04-29;8326;3073;285546;114260;22.6;9.0
38;2021-04-30;7672;4063;293218;118323;23.2;9.4
38;2021-05-01;1541;198;294759;118521;23.3;9.4
38;2021-05-02;842;71;295601;118592;23.4;9.4
38;2021-05-03;5295;3603;300896;122195;23.8;9.7
38;2021-05-04;6189;5071;307085;127266;24.3;10.1
38;2021-05-05;6064;4596;313149;131862;24.8;10.4
38;2021-05-06;6714;5307;319863;137169;25.3;10.8
38;2021-05-07;7273;6441;327136;143610;25.9;11.4
38;2021-05-08;3750;713;330886;144323;26.2;11.4
38;2021-05-09;2850;1928;333736;146251;26.4;11.6
38;2021-05-10;6152;5304;339888;151555;26.9;12.0
38;2021-05-11;8222;6021;348110;157576;27.5;12.5
38;2021-05-12;9049;4689;357159;162265;28.2;12.8
38;2021-05-13;6635;1409;363794;163674;28.8;12.9
38;2021-05-14;9560;3411;373354;167085;29.5;13.2
38;2021-05-15;6857;1456;380211;168541;30.1;13.3
38;2021-05-16;5474;652;385685;169193;30.5;13.4
38;2021-05-17;7668;2977;393353;172170;31.1;13.6
38;2021-05-18;8622;4012;401975;176182;31.8;13.9
38;2021-05-19;8151;3339;410126;179521;32.4;14.2
38;2021-05-20;8973;4479;419099;184000;33.1;14.5
38;2021-05-21;9956;4587;429055;188587;33.9;14.9
38;2021-05-22;7450;1906;436505;190493;34.5;15.1
38;2021-05-23;5585;577;442090;191070;34.9;15.1
38;2021-05-24;7498;1617;449588;192687;35.5;15.2
38;2021-05-25;9541;4843;459129;197530;36.3;15.6
38;2021-05-26;8111;4714;467240;202244;36.9;16.0
38;2021-05-27;9127;5638;476367;207882;37.7;16.4
38;2021-05-28;8785;6486;485152;214368;38.4;16.9
38;2021-05-29;5817;3256;490969;217624;38.8;17.2
38;2021-05-30;2691;1594;493660;219218;39.0;17.3
38;2021-05-31;8270;5120;501930;224338;39.7;17.7
38;2021-06-01;7964;6413;509894;230751;40.3;18.2
38;2021-06-02;7140;5612;517034;236363;40.9;18.7
38;2021-06-03;7393;6831;524427;243194;41.5;19.2
38;2021-06-04;8119;7604;532546;250798;42.1;19.8
38;2021-06-05;5794;3942;538340;254740;42.6;20.1
38;2021-06-06;2508;1459;540848;256199;42.8;20.3
38;2021-06-07;5553;6857;546401;263056;43.2;20.8
38;2021-06-08;5876;7528;552277;270584;43.7;21.4
38;2021-06-09;5047;6463;557324;277047;44.1;21.9
38;2021-06-10;5423;6785;562747;283832;44.5;22.4
38;2021-06-11;5884;7783;568631;291615;45.0;23.1
38;2021-06-12;3949;3259;572580;294874;45.3;23.3
38;2021-06-13;1254;1300;573834;296174;45.4;23.4
38;2021-06-14;3873;7667;577707;303841;45.7;24.0
38;2021-06-15;5241;8141;582948;311982;46.1;24.7
38;2021-06-16;5125;7406;588073;319388;46.5;25.2
38;2021-06-17;4524;7063;592597;326451;46.8;25.8
38;2021-06-18;6137;9220;598734;335671;47.3;26.5
38;2021-06-19;3594;4963;602328;340634;47.6;26.9
38;2021-06-20;1038;2901;603366;343535;47.7;27.2
38;2021-06-21;3748;8701;607114;352236;48.0;27.8
38;2021-06-22;3793;10100;610907;362336;48.3;28.6
38;2021-06-23;3153;9548;614060;371884;48.5;29.4
38;2021-06-24;3379;8587;617439;380471;48.8;30.1
38;2021-06-25;3778;11489;621217;391960;49.1;31.0
38;2021-06-26;2226;7853;623443;399813;49.3;31.6
38;2021-06-27;1097;4355;624540;404168;49.4;32.0
38;2021-06-28;2948;10299;627488;414467;49.6;32.8
38;2021-06-29;3782;10440;631270;424907;49.9;33.6
38;2021-06-30;4056;9938;635326;434845;50.2;34.4
38;2021-07-01;3531;9014;638857;443859;50.5;35.1
38;2021-07-02;3725;11609;642582;455468;50.8;36.0
38;2021-07-03;1737;8785;644319;464253;50.9;36.7
38;2021-07-04;1242;3200;645561;467453;51.0;37.0
38;2021-07-05;3059;10546;648620;477999;51.3;37.8
38;2021-07-06;3416;10234;652036;488233;51.5;38.6
38;2021-07-07;3495;9394;655531;497627;51.8;39.3
38;2021-07-08;3492;8225;659023;505852;52.1;40.0
38;2021-07-09;3888;10745;662911;516597;52.4;40.8
38;2021-07-10;2393;7792;665304;524389;52.6;41.5
38;2021-07-11;776;2022;666080;526411;52.7;41.6
38;2021-07-12;3463;10673;669543;537084;52.9;42.5
38;2021-07-13;6576;10916;676119;548000;53.4;43.3
38;2021-07-14;4578;3328;680697;551328;53.8;43.6
38;2021-07-15;8697;9662;689394;560990;54.5;44.3
38;2021-07-16;8717;10686;698111;571676;55.2;45.2
38;2021-07-17;4692;7468;702803;579144;55.6;45.8
38;2021-07-18;2567;2487;705370;581631;55.8;46.0
38;2021-07-19;5796;9213;711166;590844;56.2;46.7
38;2021-07-20;6229;8288;717395;599132;56.7;47.4
38;2021-07-21;7828;8013;725223;607145;57.3;48.0
38;2021-07-22;7528;6990;732751;614135;57.9;48.5
38;2021-07-23;8864;9019;741615;623154;58.6;49.3
38;2021-07-24;5529;5521;747144;628675;59.1;49.7
38;2021-07-25;2813;1648;749957;630323;59.3;49.8
38;2021-07-26;7764;7482;757721;637805;59.9;50.4
38;2021-07-27;7504;6251;765225;644056;60.5;50.9
38;2021-07-28;8514;5683;773739;649739;61.2;51.4
38;2021-07-29;7592;4667;781331;654406;61.8;51.7
38;2021-07-30;7659;6629;788990;661035;62.4;52.3
38;2021-07-31;4280;3584;793270;664619;62.7;52.5
38;2021-08-01;1246;1079;794516;665698;62.8;52.6
38;2021-08-02;3887;4437;798403;670135;63.1;53.0
38;2021-08-03;4525;4543;802928;674678;63.5;53.3
38;2021-08-04;4572;4335;807500;679013;63.8;53.7
38;2021-08-05;3657;4623;811157;683636;64.1;54.0
38;2021-08-06;4070;5930;815227;689566;64.4;54.5
38;2021-08-07;2271;3521;817498;693087;64.6;54.8
38;2021-08-08;775;2010;818273;695097;64.7;54.9
38;2021-08-09;3578;5554;821851;700651;65.0;55.4
38;2021-08-10;4812;6230;826663;706881;65.3;55.9
38;2021-08-11;3892;4622;830555;711503;65.7;56.2
39;2020-12-27;0;0;0;0;0.0;0.0
39;2020-12-28;0;0;0;0;0.0;0.0
39;2020-12-29;0;0;0;0;0.0;0.0
39;2020-12-30;0;0;0;0;0.0;0.0
39;2020-12-31;0;0;0;0;0.0;0.0
39;2021-01-01;0;0;0;0;0.0;0.0
39;2021-01-02;0;0;0;0;0.0;0.0
39;2021-01-03;0;0;0;0;0.0;0.0
39;2021-01-04;3;0;3;0;0.0;0.0
39;2021-01-05;3;0;6;0;0.0;0.0
39;2021-01-06;57;3;63;3;0.0;0.0
39;2021-01-07;332;2;395;5;0.2;0.0
39;2021-01-08;658;2;1053;7;0.4;0.0
39;2021-01-09;169;0;1222;7;0.5;0.0
39;2021-01-10;1;0;1223;7;0.5;0.0
39;2021-01-11;476;1;1699;8;0.7;0.0
39;2021-01-12;431;1;2130;9;0.8;0.0
39;2021-01-13;408;2;2538;11;1.0;0.0
39;2021-01-14;574;3;3112;14;1.2;0.0
39;2021-01-15;470;1;3582;15;1.4;0.0
39;2021-01-16;141;1;3723;16;1.4;0.0
39;2021-01-17;0;1;3723;17;1.4;0.0
39;2021-01-18;924;7;4647;24;1.8;0.0
39;2021-01-19;1181;7;5828;31;2.3;0.0
39;2021-01-20;905;4;6733;35;2.6;0.0
39;2021-01-21;1177;2;7910;37;3.1;0.0
39;2021-01-22;985;1;8895;38;3.4;0.0
39;2021-01-23;383;1;9278;39;3.6;0.0
39;2021-01-24;0;0;9278;39;3.6;0.0
39;2021-01-25;642;2;9920;41;3.8;0.0
39;2021-01-26;1120;12;11040;53;4.3;0.0
39;2021-01-27;925;17;11965;70;4.6;0.0
39;2021-01-28;740;244;12705;314;4.9;0.1
39;2021-01-29;582;422;13287;736;5.2;0.3
39;2021-01-30;265;109;13552;845;5.3;0.3
39;2021-01-31;1;0;13553;845;5.3;0.3
39;2021-02-01;562;262;14115;1107;5.5;0.4
39;2021-02-02;753;322;14868;1429;5.8;0.6
39;2021-02-03;531;517;15399;1946;6.0;0.8
39;2021-02-04;553;462;15952;2408;6.2;0.9
39;2021-02-05;438;431;16390;2839;6.4;1.1
39;2021-02-06;265;110;16655;2949;6.5;1.1
39;2021-02-07;0;1;16655;2950;6.5;1.1
39;2021-02-08;320;372;16975;3322;6.6;1.3
39;2021-02-09;383;485;17358;3807;6.7;1.5
39;2021-02-10;252;338;17610;4145;6.8;1.6
39;2021-02-11;586;512;18196;4657;7.1;1.8
39;2021-02-12;386;417;18582;5074;7.2;2.0
39;2021-02-13;99;69;18681;5143;7.2;2.0
39;2021-02-14;0;0;18681;5143;7.2;2.0
39;2021-02-15;99;757;18780;5900;7.3;2.3
39;2021-02-16;99;911;18879;6811;7.3;2.6
39;2021-02-17;58;694;18937;7505;7.3;2.9
39;2021-02-18;109;858;19046;8363;7.4;3.2
39;2021-02-19;100;486;19146;8849;7.4;3.4
39;2021-02-20;18;364;19164;9213;7.4;3.6
39;2021-02-21;0;0;19164;9213;7.4;3.6
39;2021-02-22;100;730;19264;9943;7.5;3.9
39;2021-02-23;4;764;19268;10707;7.5;4.2
39;2021-02-24;125;872;19393;11579;7.5;4.5
39;2021-02-25;214;750;19607;12329;7.6;4.8
39;2021-02-26;218;468;19825;12797;7.7;5.0
39;2021-02-27;169;297;19994;13094;7.8;5.1
39;2021-02-28;1;0;19995;13094;7.8;5.1
39;2021-03-01;218;639;20213;13733;7.8;5.3
39;2021-03-02;328;825;20541;14558;8.0;5.6
39;2021-03-03;600;527;21141;15085;8.2;5.9
39;2021-03-04;657;476;21798;15561;8.5;6.0
39;2021-03-05;670;328;22468;15889;8.7;6.2
39;2021-03-06;777;244;23245;16133;9.0;6.3
39;2021-03-07;242;82;23487;16215;9.1;6.3
39;2021-03-08;286;443;23773;16658;9.2;6.5
39;2021-03-09;843;456;24616;17114;9.5;6.6
39;2021-03-10;985;337;25601;17451;9.9;6.8
39;2021-03-11;829;461;26430;17912;10.3;6.9
39;2021-03-12;806;291;27236;18203;10.6;7.1
39;2021-03-13;788;103;28024;18306;10.9;7.1
39;2021-03-14;35;10;28059;18316;10.9;7.1
39;2021-03-15;512;98;28571;18414;11.1;7.1
39;2021-03-16;555;66;29126;18480;11.3;7.2
39;2021-03-17;612;54;29738;18534;11.5;7.2
39;2021-03-18;597;71;30335;18605;11.8;7.2
39;2021-03-19;393;72;30728;18677;11.9;7.2
39;2021-03-20;311;10;31039;18687;12.0;7.2
39;2021-03-21;3;0;31042;18687;12.0;7.2
39;2021-03-22;754;116;31796;18803;12.3;7.3
39;2021-03-23;1130;43;32926;18846;12.8;7.3
39;2021-03-24;1178;96;34104;18942;13.2;7.3
39;2021-03-25;2041;123;36145;19065;14.0;7.4
39;2021-03-26;798;113;36943;19178;14.3;7.4
39;2021-03-27;345;6;37288;19184;14.5;7.4
39;2021-03-28;36;4;37324;19188;14.5;7.4
39;2021-03-29;1036;191;38360;19379;14.9;7.5
39;2021-03-30;1400;265;39760;19644;15.4;7.6
39;2021-03-31;657;520;40417;20164;15.7;7.8
39;2021-04-01;1310;310;41727;20474;16.2;7.9
39;2021-04-02;626;131;42353;20605;16.4;8.0
39;2021-04-03;180;7;42533;20612;16.5;8.0
39;2021-04-04;4;1;42537;20613;16.5;8.0
39;2021-04-05;1;0;42538;20613;16.5;8.0
39;2021-04-06;824;632;43362;21245;16.8;8.2
39;2021-04-07;1131;678;44493;21923;17.3;8.5
39;2021-04-08;1790;577;46283;22500;17.9;8.7
39;2021-04-09;1676;289;47959;22789;18.6;8.8
39;2021-04-10;345;182;48304;22971;18.7;8.9
39;2021-04-11;2;0;48306;22971;18.7;8.9
39;2021-04-12;680;394;48986;23365;19.0;9.1
39;2021-04-13;1201;581;50187;23946;19.5;9.3
39;2021-04-14;845;636;51032;24582;19.8;9.5
39;2021-04-15;1480;713;52512;25295;20.4;9.8
39;2021-04-16;1090;173;53602;25468;20.8;9.9
39;2021-04-17;197;58;53799;25526;20.9;9.9
39;2021-04-18;0;0;53799;25526;20.9;9.9
39;2021-04-19;524;699;54323;26225;21.1;10.2
39;2021-04-20;765;542;55088;26767;21.4;10.4
39;2021-04-21;1142;718;56230;27485;21.8;10.7
39;2021-04-22;1012;1130;57242;28615;22.2;11.1
39;2021-04-23;457;358;57699;28973;22.4;11.2
39;2021-04-24;275;149;57974;29122;22.5;11.3
39;2021-04-25;12;2;57986;29124;22.5;11.3
39;2021-04-26;569;1037;58555;30161;22.7;11.7
39;2021-04-27;788;981;59343;31142;23.0;12.1
39;2021-04-28;1719;416;61062;31558;23.7;12.2
39;2021-04-29;2571;967;63633;32525;24.7;12.6
39;2021-04-30;2474;388;66107;32913;25.6;12.8
39;2021-05-01;41;53;66148;32966;25.7;12.8
39;2021-05-02;0;0;66148;32966;25.7;12.8
39;2021-05-03;917;805;67065;33771;26.0;13.1
39;2021-05-04;949;1128;68014;34899;26.4;13.5
39;2021-05-05;1952;886;69966;35785;27.1;13.9
39;2021-05-06;2424;1340;72390;37125;28.1;14.4
39;2021-05-07;1286;573;73676;37698;28.6;14.6
39;2021-05-08;179;55;73855;37753;28.6;14.6
39;2021-05-09;10;8;73865;37761;28.6;14.6
39;2021-05-10;1761;846;75626;38607;29.3;15.0
39;2021-05-11;1773;1513;77399;40120;30.0;15.6
39;2021-05-12;1803;1486;79202;41606;30.7;16.1
39;2021-05-13;246;23;79448;41629;30.8;16.1
39;2021-05-14;2392;330;81840;41959;31.7;16.3
39;2021-05-15;1848;256;83688;42215;32.5;16.4
39;2021-05-16;0;0;83688;42215;32.5;16.4
39;2021-05-17;1988;724;85676;42939;33.2;16.7
39;2021-05-18;1691;1182;87367;44121;33.9;17.1
39;2021-05-19;2496;556;89863;44677;34.9;17.3
39;2021-05-20;2467;753;92330;45430;35.8;17.6
39;2021-05-21;1799;563;94129;45993;36.5;17.8
39;2021-05-22;322;220;94451;46213;36.6;17.9
39;2021-05-23;7;36;94458;46249;36.6;17.9
39;2021-05-24;8;28;94466;46277;36.6;17.9
39;2021-05-25;1726;1201;96192;47478;37.3;18.4
39;2021-05-26;1643;1378;97835;48856;37.9;18.9
39;2021-05-27;1487;1622;99322;50478;38.5;19.6
39;2021-05-28;856;1218;100178;51696;38.9;20.0
39;2021-05-29;261;276;100439;51972;39.0;20.2
39;2021-05-30;2;40;100441;52012;39.0;20.2
39;2021-05-31;1626;1248;102067;53260;39.6;20.7
39;2021-06-01;1894;1319;103961;54579;40.3;21.2
39;2021-06-02;1706;1176;105667;55755;41.0;21.6
39;2021-06-03;1326;1159;106993;56914;41.5;22.1
39;2021-06-04;942;1069;107935;57983;41.9;22.5
39;2021-06-05;766;516;108701;58499;42.2;22.7
39;2021-06-06;1;36;108702;58535;42.2;22.7
39;2021-06-07;2105;913;110807;59448;43.0;23.1
39;2021-06-08;2211;1156;113018;60604;43.8;23.5
39;2021-06-09;1732;1245;114750;61849;44.5;24.0
39;2021-06-10;1617;2081;116367;63930;45.1;24.8
39;2021-06-11;1568;1271;117935;65201;45.7;25.3
39;2021-06-12;1263;348;119198;65549;46.2;25.4
39;2021-06-13;10;18;119208;65567;46.2;25.4
39;2021-06-14;1337;1896;120545;67463;46.8;26.2
39;2021-06-15;1383;1253;121928;68716;47.3;26.6
39;2021-06-16;1171;1539;123099;70255;47.7;27.2
39;2021-06-17;1044;1715;124143;71970;48.1;27.9
39;2021-06-18;1637;1178;125780;73148;48.8;28.4
39;2021-06-19;249;412;126029;73560;48.9;28.5
39;2021-06-20;2;18;126031;73578;48.9;28.5
39;2021-06-21;351;2494;126382;76072;49.0;29.5
39;2021-06-22;810;2289;127192;78361;49.3;30.4
39;2021-06-23;1199;1301;128391;79662;49.8;30.9
39;2021-06-24;737;1047;129128;80709;50.1;31.3
39;2021-06-25;681;2962;129809;83671;50.3;32.4
39;2021-06-26;205;1565;130014;85236;50.4;33.1
39;2021-06-27;0;0;130014;85236;50.4;33.1
39;2021-06-28;304;2745;130318;87981;50.5;34.1
39;2021-06-29;498;2696;130816;90677;50.7;35.2
39;2021-06-30;898;2419;131714;93096;51.1;36.1
39;2021-07-01;644;1936;132358;95032;51.3;36.9
39;2021-07-02;1111;1405;133469;96437;51.8;37.4
39;2021-07-03;553;523;134022;96960;52.0;37.6
39;2021-07-04;1;2;134023;96962;52.0;37.6
39;2021-07-05;602;2590;134625;99552;52.2;38.6
39;2021-07-06;836;1886;135461;101438;52.5;39.3
39;2021-07-07;588;1389;136049;102827;52.8;39.9
39;2021-07-08;697;905;136746;103732;53.0;40.2
39;2021-07-09;1080;1585;137826;105317;53.5;40.8
39;2021-07-10;737;476;138563;105793;53.7;41.0
39;2021-07-11;28;8;138591;105801;53.7;41.0
39;2021-07-12;572;2595;139163;108396;54.0;42.0
39;2021-07-13;1634;2656;140797;111052;54.6;43.1
39;2021-07-14;16;20;140813;111072;54.6;43.1
39;2021-07-15;1898;1839;142711;112911;55.3;43.8
39;2021-07-16;3224;2035;145935;114946;56.6;44.6
39;2021-07-17;2225;1154;148160;116100;57.5;45.0
39;2021-07-18;164;52;148324;116152;57.5;45.0
39;2021-07-19;1397;2956;149721;119108;58.1;46.2
39;2021-07-20;1837;2810;151558;121918;58.8;47.3
39;2021-07-21;2582;2578;154140;124496;59.8;48.3
39;2021-07-22;1934;1836;156074;126332;60.5;49.0
39;2021-07-23;1807;1925;157881;128257;61.2;49.7
39;2021-07-24;1397;1426;159278;129683;61.8;50.3
39;2021-07-25;0;1;159278;129684;61.8;50.3
39;2021-07-26;1316;1996;160594;131680;62.3;51.1
39;2021-07-27;2328;1898;162922;133578;63.2;51.8
39;2021-07-28;2680;1473;165602;135051;64.2;52.4
39;2021-07-29;2192;1743;167794;136794;65.1;53.1
39;2021-07-30;2029;1460;169823;138254;65.9;53.6
39;2021-07-31;1363;653;171186;138907;66.4;53.9
39;2021-08-01;9;18;171195;138925;66.4;53.9
39;2021-08-02;1203;1399;172398;140324;66.9;54.4
39;2021-08-03;1909;1483;174307;141807;67.6;55.0
39;2021-08-04;1041;659;175348;142466;68.0;55.3
39;2021-08-05;1231;729;176579;143195;68.5;55.5
39;2021-08-06;1375;2285;177954;145480;69.0;56.4
39;2021-08-07;1060;1205;179014;146685;69.4;56.9
39;2021-08-08;26;9;179040;146694;69.4;56.9
39;2021-08-09;435;301;179475;146995;69.6;57.0
39;2021-08-10;1228;922;180703;147917;70.1;57.4
39;2021-08-11;891;1527;181594;149444;70.4;58.0
40;2020-12-27;0;0;0;0;0.0;0.0
40;2020-12-28;0;0;0;0;0.0;0.0
40;2020-12-29;0;0;0;0;0.0;0.0
40;2020-12-30;0;0;0;0;0.0;0.0
40;2020-12-31;1;0;1;0;0.0;0.0
40;2021-01-01;0;0;1;0;0.0;0.0
40;2021-01-02;0;0;1;0;0.0;0.0
40;2021-01-03;0;0;1;0;0.0;0.0
40;2021-01-04;0;0;1;0;0.0;0.0
40;2021-01-05;0;0;1;0;0.0;0.0
40;2021-01-06;1;0;2;0;0.0;0.0
40;2021-01-07;212;0;214;0;0.1;0.0
40;2021-01-08;392;2;606;2;0.1;0.0
40;2021-01-09;0;0;606;2;0.1;0.0
40;2021-01-10;1;0;607;2;0.1;0.0
40;2021-01-11;111;0;718;2;0.2;0.0
40;2021-01-12;0;0;718;2;0.2;0.0
40;2021-01-13;681;0;1399;2;0.3;0.0
40;2021-01-14;901;5;2300;7;0.6;0.0
40;2021-01-15;811;3;3111;10;0.8;0.0
40;2021-01-16;157;0;3268;10;0.8;0.0
40;2021-01-17;1;1;3269;11;0.8;0.0
40;2021-01-18;402;0;3671;11;0.9;0.0
40;2021-01-19;1204;2;4875;13;1.2;0.0
40;2021-01-20;879;2;5754;15;1.4;0.0
40;2021-01-21;1266;5;7020;20;1.7;0.0
40;2021-01-22;809;2;7829;22;1.9;0.0
40;2021-01-23;288;0;8117;22;2.0;0.0
40;2021-01-24;2;0;8119;22;2.0;0.0
40;2021-01-25;393;1;8512;23;2.1;0.0
40;2021-01-26;803;6;9315;29;2.3;0.0
40;2021-01-27;1118;12;10433;41;2.5;0.0
40;2021-01-28;705;115;11138;156;2.7;0.0
40;2021-01-29;600;228;11738;384;2.8;0.1
40;2021-01-30;235;3;11973;387;2.9;0.1
40;2021-01-31;1;0;11974;387;2.9;0.1
40;2021-02-01;358;132;12332;519;3.0;0.1
40;2021-02-02;923;52;13255;571;3.2;0.1
40;2021-02-03;894;298;14149;869;3.4;0.2
40;2021-02-04;1058;602;15207;1471;3.7;0.4
40;2021-02-05;793;421;16000;1892;3.9;0.5
40;2021-02-06;379;84;16379;1976;4.0;0.5
40;2021-02-07;10;0;16389;1976;4.0;0.5
40;2021-02-08;372;122;16761;2098;4.1;0.5
40;2021-02-09;809;541;17570;2639;4.3;0.6
40;2021-02-10;748;470;18318;3109;4.4;0.8
40;2021-02-11;739;684;19057;3793;4.6;0.9
40;2021-02-12;628;643;19685;4436;4.8;1.1
40;2021-02-13;400;94;20085;4530;4.9;1.1
40;2021-02-14;0;0;20085;4530;4.9;1.1
40;2021-02-15;48;386;20133;4916;4.9;1.2
40;2021-02-16;285;599;20418;5515;5.0;1.3
40;2021-02-17;360;894;20778;6409;5.0;1.6
40;2021-02-18;382;696;21160;7105;5.1;1.7
40;2021-02-19;144;644;21304;7749;5.2;1.9
40;2021-02-20;39;95;21343;7844;5.2;1.9
40;2021-02-21;1;66;21344;7910;5.2;1.9
40;2021-02-22;53;565;21397;8475;5.2;2.1
40;2021-02-23;179;835;21576;9310;5.2;2.3
40;2021-02-24;282;686;21858;9996;5.3;2.4
40;2021-02-25;727;992;22585;10988;5.5;2.7
40;2021-02-26;655;636;23240;11624;5.6;2.8
40;2021-02-27;384;101;23624;11725;5.7;2.8
40;2021-02-28;2;0;23626;11725;5.7;2.8
40;2021-03-01;418;507;24044;12232;5.8;3.0
40;2021-03-02;734;1042;24778;13274;6.0;3.2
40;2021-03-03;933;911;25711;14185;6.2;3.4
40;2021-03-04;1316;823;27027;15008;6.6;3.6
40;2021-03-05;1230;744;28257;15752;6.9;3.8
40;2021-03-06;866;391;29123;16143;7.1;3.9
40;2021-03-07;92;9;29215;16152;7.1;3.9
40;2021-03-08;838;501;30053;16653;7.3;4.0
40;2021-03-09;1505;643;31558;17296;7.7;4.2
40;2021-03-10;1748;705;33306;18001;8.1;4.4
40;2021-03-11;1985;693;35291;18694;8.6;4.5
40;2021-03-12;2048;549;37339;19243;9.1;4.7
40;2021-03-13;970;255;38309;19498;9.3;4.7
40;2021-03-14;98;0;38407;19498;9.3;4.7
40;2021-03-15;924;89;39331;19587;9.5;4.8
40;2021-03-16;986;269;40317;19856;9.8;4.8
40;2021-03-17;1576;345;41893;20201;10.2;4.9
40;2021-03-18;1560;337;43453;20538;10.5;5.0
40;2021-03-19;1808;147;45261;20685;11.0;5.0
40;2021-03-20;706;13;45967;20698;11.2;5.0
40;2021-03-21;52;1;46019;20699;11.2;5.0
40;2021-03-22;1174;35;47193;20734;11.5;5.0
40;2021-03-23;2324;165;49517;20899;12.0;5.1
40;2021-03-24;2324;228;51841;21127;12.6;5.1
40;2021-03-25;2766;376;54607;21503;13.3;5.2
40;2021-03-26;3121;208;57728;21711;14.0;5.3
40;2021-03-27;923;45;58651;21756;14.2;5.3
40;2021-03-28;178;47;58829;21803;14.3;5.3
40;2021-03-29;1153;382;59982;22185;14.6;5.4
40;2021-03-30;2298;385;62280;22570;15.1;5.5
40;2021-03-31;2001;298;64281;22868;15.6;5.6
40;2021-04-01;2408;327;66689;23195;16.2;5.6
40;2021-04-02;2361;218;69050;23413;16.8;5.7
40;2021-04-03;743;120;69793;23533;16.9;5.7
40;2021-04-04;362;8;70155;23541;17.0;5.7
40;2021-04-05;523;40;70678;23581;17.2;5.7
40;2021-04-06;2097;806;72775;24387;17.7;5.9
40;2021-04-07;2665;871;75440;25258;18.3;6.1
40;2021-04-08;3059;894;78499;26152;19.1;6.3
40;2021-04-09;3826;602;82325;26754;20.0;6.5
40;2021-04-10;1598;341;83923;27095;20.4;6.6
40;2021-04-11;51;6;83974;27101;20.4;6.6
40;2021-04-12;2175;733;86149;27834;20.9;6.8
40;2021-04-13;2568;1089;88717;28923;21.5;7.0
40;2021-04-14;2572;1374;91289;30297;22.2;7.4
40;2021-04-15;2985;1505;94274;31802;22.9;7.7
40;2021-04-16;2877;1185;97151;32987;23.6;8.0
40;2021-04-17;1464;347;98615;33334;23.9;8.1
40;2021-04-18;57;24;98672;33358;24.0;8.1
40;2021-04-19;1057;1019;99729;34377;24.2;8.3
40;2021-04-20;1621;1744;101350;36121;24.6;8.8
40;2021-04-21;1776;1739;103126;37860;25.0;9.2
40;2021-04-22;2113;1775;105239;39635;25.5;9.6
40;2021-04-23;2161;1398;107400;41033;26.1;10.0
40;2021-04-24;1327;620;108727;41653;26.4;10.1
40;2021-04-25;37;57;108764;41710;26.4;10.1
40;2021-04-26;1250;1136;110014;42846;26.7;10.4
40;2021-04-27;1485;2032;111499;44878;27.1;10.9
40;2021-04-28;2051;1370;113550;46248;27.6;11.2
40;2021-04-29;2607;1895;116157;48143;28.2;11.7
40;2021-04-30;2699;1616;118856;49759;28.9;12.1
40;2021-05-01;1228;782;120084;50541;29.1;12.3
40;2021-05-02;143;322;120227;50863;29.2;12.3
40;2021-05-03;1857;1499;122084;52362;29.6;12.7
40;2021-05-04;1883;2467;123967;54829;30.1;13.3
40;2021-05-05;2189;2670;126156;57499;30.6;14.0
40;2021-05-06;2235;2862;128391;60361;31.2;14.7
40;2021-05-07;1904;3003;130295;63364;31.6;15.4
40;2021-05-08;675;467;130970;63831;31.8;15.5
40;2021-05-09;316;21;131286;63852;31.9;15.5
40;2021-05-10;1399;2054;132685;65906;32.2;16.0
40;2021-05-11;2196;2511;134881;68417;32.7;16.6
40;2021-05-12;2731;1942;137612;70359;33.4;17.1
40;2021-05-13;1983;515;139595;70874;33.9;17.2
40;2021-05-14;2324;1654;141919;72528;34.4;17.6
40;2021-05-15;1340;963;143259;73491;34.8;17.8
40;2021-05-16;434;24;143693;73515;34.9;17.8
40;2021-05-17;2120;1313;145813;74828;35.4;18.2
40;2021-05-18;2508;1417;148321;76245;36.0;18.5
40;2021-05-19;2955;1104;151276;77349;36.7;18.8
40;2021-05-20;3584;1164;154860;78513;37.6;19.1
40;2021-05-21;2924;1332;157784;79845;38.3;19.4
40;2021-05-22;1146;795;158930;80640;38.6;19.6
40;2021-05-23;631;29;159561;80669;38.7;19.6
40;2021-05-24;1211;332;160772;81001;39.0;19.7
40;2021-05-25;2169;1306;162941;82307;39.6;20.0
40;2021-05-26;2615;1560;165556;83867;40.2;20.4
40;2021-05-27;2733;2011;168289;85878;40.8;20.8
40;2021-05-28;2569;2276;170858;88154;41.5;21.4
40;2021-05-29;1558;1256;172416;89410;41.9;21.7
40;2021-05-30;3;52;172419;89462;41.9;21.7
40;2021-05-31;2565;1208;174984;90670;42.5;22.0
40;2021-06-01;3011;1771;177995;92441;43.2;22.4
40;2021-06-02;3173;1989;181168;94430;44.0;22.9
40;2021-06-03;3592;2337;184760;96767;44.8;23.5
40;2021-06-04;3016;2804;187776;99571;45.6;24.2
40;2021-06-05;1779;1394;189555;100965;46.0;24.5
40;2021-06-06;459;78;190014;101043;46.1;24.5
40;2021-06-07;2185;2025;192199;103068;46.7;25.0
40;2021-06-08;2952;2101;195151;105169;47.4;25.5
40;2021-06-09;3214;2265;198365;107434;48.1;26.1
40;2021-06-10;2996;2093;201361;109527;48.9;26.6
40;2021-06-11;3139;2796;204500;112323;49.6;27.3
40;2021-06-12;1965;1636;206465;113959;50.1;27.7
40;2021-06-13;643;161;207108;114120;50.3;27.7
40;2021-06-14;1457;2498;208565;116618;50.6;28.3
40;2021-06-15;2235;2820;210800;119438;51.2;29.0
40;2021-06-16;2604;2454;213404;121892;51.8;29.6
40;2021-06-17;2432;2436;215836;124328;52.4;30.2
40;2021-06-18;2321;2905;218157;127233;53.0;30.9
40;2021-06-19;1798;1231;219955;128464;53.4;31.2
40;2021-06-20;344;275;220299;128739;53.5;31.2
40;2021-06-21;1392;2320;221691;131059;53.8;31.8
40;2021-06-22;1686;2995;223377;134054;54.2;32.5
40;2021-06-23;1607;3345;224984;137399;54.6;33.4
40;2021-06-24;1734;2383;226718;139782;55.0;33.9
40;2021-06-25;1760;3263;228478;143045;55.5;34.7
40;2021-06-26;1327;1710;229805;144755;55.8;35.1
40;2021-06-27;263;354;230068;145109;55.8;35.2
40;2021-06-28;1333;2819;231401;147928;56.2;35.9
40;2021-06-29;1707;3386;233108;151314;56.6;36.7
40;2021-06-30;1773;3639;234881;154953;57.0;37.6
40;2021-07-01;1711;3949;236592;158902;57.4;38.6
40;2021-07-02;1554;3810;238146;162712;57.8;39.5
40;2021-07-03;677;1922;238823;164634;58.0;40.0
40;2021-07-04;219;483;239042;165117;58.0;40.1
40;2021-07-05;1470;3021;240512;168138;58.4;40.8
40;2021-07-06;1759;3612;242271;171750;58.8;41.7
40;2021-07-07;1975;3844;244246;175594;59.3;42.6
40;2021-07-08;2099;3408;246345;179002;59.8;43.4
40;2021-07-09;2008;3948;248353;182950;60.3;44.4
40;2021-07-10;1003;2159;249356;185109;60.5;44.9
40;2021-07-11;206;294;249562;185403;60.6;45.0
40;2021-07-12;1308;4043;250870;189446;60.9;46.0
40;2021-07-13;2421;4696;253291;194142;61.5;47.1
40;2021-07-14;2191;2055;255482;196197;62.0;47.6
40;2021-07-15;2831;4859;258313;201056;62.7;48.8
40;2021-07-16;3309;3944;261622;205000;63.5;49.8
40;2021-07-17;2104;2590;263726;207590;64.0;50.4
40;2021-07-18;469;541;264195;208131;64.1;50.5
40;2021-07-19;2560;3702;266755;211833;64.7;51.4
40;2021-07-20;3036;4051;269791;215884;65.5;52.4
40;2021-07-21;3185;3876;272976;219760;66.3;53.3
40;2021-07-22;3822;3926;276798;223686;67.2;54.3
40;2021-07-23;4068;4108;280866;227794;68.2;55.3
40;2021-07-24;2774;2096;283640;229890;68.8;55.8
40;2021-07-25;946;487;284586;230377;69.1;55.9
40;2021-07-26;2919;3075;287505;233452;69.8;56.7
40;2021-07-27;3487;3601;290992;237053;70.6;57.5
40;2021-07-28;3358;3389;294350;240442;71.4;58.4
40;2021-07-29;3510;3422;297860;243864;72.3;59.2
40;2021-07-30;3110;3399;300970;247263;73.1;60.0
40;2021-07-31;1768;1909;302738;249172;73.5;60.5
40;2021-08-01;343;286;303081;249458;73.6;60.6
40;2021-08-02;1986;2380;305067;251838;74.0;61.1
40;2021-08-03;2319;2683;307386;254521;74.6;61.8
40;2021-08-04;2084;2313;309470;256834;75.1;62.3
40;2021-08-05;1958;2665;311428;259499;75.6;63.0
40;2021-08-06;1868;3061;313296;262560;76.0;63.7
40;2021-08-07;1216;1743;314512;264303;76.3;64.2
40;2021-08-08;84;153;314596;264456;76.4;64.2
40;2021-08-09;1589;3125;316185;267581;76.7;65.0
40;2021-08-10;1419;3161;317604;270742;77.1;65.7
40;2021-08-11;1393;2837;318997;273579;77.4;66.4
41;2020-12-27;0;0;0;0;0.0;0.0
41;2020-12-28;0;0;0;0;0.0;0.0
41;2020-12-29;0;0;0;0;0.0;0.0
41;2020-12-30;0;0;0;0;0.0;0.0
41;2020-12-31;0;0;0;0;0.0;0.0
41;2021-01-01;0;0;0;0;0.0;0.0
41;2021-01-02;2;0;2;0;0.0;0.0
41;2021-01-03;0;0;2;0;0.0;0.0
41;2021-01-04;0;0;2;0;0.0;0.0
41;2021-01-05;35;0;37;0;0.0;0.0
41;2021-01-06;72;0;109;0;0.0;0.0
41;2021-01-07;21;0;130;0;0.0;0.0
41;2021-01-08;1;0;131;0;0.0;0.0
41;2021-01-09;0;0;131;0;0.0;0.0
41;2021-01-10;0;0;131;0;0.0;0.0
41;2021-01-11;133;0;264;0;0.1;0.0
41;2021-01-12;321;1;585;1;0.2;0.0
41;2021-01-13;270;0;855;1;0.3;0.0
41;2021-01-14;283;1;1138;2;0.3;0.0
41;2021-01-15;215;1;1353;3;0.4;0.0
41;2021-01-16;0;0;1353;3;0.4;0.0
41;2021-01-17;0;0;1353;3;0.4;0.0
41;2021-01-18;397;2;1750;5;0.5;0.0
41;2021-01-19;857;0;2607;5;0.8;0.0
41;2021-01-20;1056;3;3663;8;1.1;0.0
41;2021-01-21;1567;1;5230;9;1.6;0.0
41;2021-01-22;835;0;6065;9;1.9;0.0
41;2021-01-23;92;0;6157;9;1.9;0.0
41;2021-01-24;0;0;6157;9;1.9;0.0
41;2021-01-25;421;1;6578;10;2.0;0.0
41;2021-01-26;473;2;7051;12;2.2;0.0
41;2021-01-27;441;1;7492;13;2.3;0.0
41;2021-01-28;604;56;8096;69;2.5;0.0
41;2021-01-29;260;30;8356;99;2.5;0.0
41;2021-01-30;0;0;8356;99;2.5;0.0
41;2021-01-31;0;0;8356;99;2.5;0.0
41;2021-02-01;350;147;8706;246;2.7;0.1
41;2021-02-02;471;231;9177;477;2.8;0.1
41;2021-02-03;341;202;9518;679;2.9;0.2
41;2021-02-04;559;154;10077;833;3.1;0.3
41;2021-02-05;329;191;10406;1024;3.2;0.3
41;2021-02-06;4;0;10410;1024;3.2;0.3
41;2021-02-07;2;0;10412;1024;3.2;0.3
41;2021-02-08;306;311;10718;1335;3.3;0.4
41;2021-02-09;598;456;11316;1791;3.5;0.5
41;2021-02-10;486;693;11802;2484;3.6;0.8
41;2021-02-11;1066;1158;12868;3642;3.9;1.1
41;2021-02-12;688;356;13556;3998;4.1;1.2
41;2021-02-13;9;5;13565;4003;4.1;1.2
41;2021-02-14;2;27;13567;4030;4.1;1.2
41;2021-02-15;314;307;13881;4337;4.2;1.3
41;2021-02-16;354;565;14235;4902;4.3;1.5
41;2021-02-17;318;460;14553;5362;4.4;1.6
41;2021-02-18;617;319;15170;5681;4.6;1.7
41;2021-02-19;456;336;15626;6017;4.8;1.8
41;2021-02-20;69;58;15695;6075;4.8;1.9
41;2021-02-21;0;0;15695;6075;4.8;1.9
41;2021-02-22;310;422;16005;6497;4.9;2.0
41;2021-02-23;454;351;16459;6848;5.0;2.1
41;2021-02-24;281;442;16740;7290;5.1;2.2
41;2021-02-25;674;457;17414;7747;5.3;2.4
41;2021-02-26;629;252;18043;7999;5.5;2.4
41;2021-02-27;161;4;18204;8003;5.6;2.4
41;2021-02-28;4;31;18208;8034;5.6;2.5
41;2021-03-01;310;311;18518;8345;5.6;2.5
41;2021-03-02;648;413;19166;8758;5.8;2.7
41;2021-03-03;497;411;19663;9169;6.0;2.8
41;2021-03-04;783;837;20446;10006;6.2;3.1
41;2021-03-05;838;672;21284;10678;6.5;3.3
41;2021-03-06;715;19;21999;10697;6.7;3.3
41;2021-03-07;498;16;22497;10713;6.9;3.3
41;2021-03-08;299;378;22796;11091;7.0;3.4
41;2021-03-09;1042;452;23838;11543;7.3;3.5
41;2021-03-10;721;456;24559;11999;7.5;3.7
41;2021-03-11;1182;682;25741;12681;7.9;3.9
41;2021-03-12;1114;411;26855;13092;8.2;4.0
41;2021-03-13;1222;15;28077;13107;8.6;4.0
41;2021-03-14;392;3;28469;13110;8.7;4.0
41;2021-03-15;797;352;29266;13462;8.9;4.1
41;2021-03-16;1061;409;30327;13871;9.3;4.2
41;2021-03-17;587;240;30914;14111;9.4;4.3
41;2021-03-18;925;400;31839;14511;9.7;4.4
41;2021-03-19;911;332;32750;14843;10.0;4.5
41;2021-03-20;539;17;33289;14860;10.2;4.5
41;2021-03-21;1;0;33290;14860;10.2;4.5
41;2021-03-22;809;270;34099;15130;10.4;4.6
41;2021-03-23;1309;492;35408;15622;10.8;4.8
41;2021-03-24;1231;366;36639;15988;11.2;4.9
41;2021-03-25;2026;436;38665;16424;11.8;5.0
41;2021-03-26;1655;323;40320;16747;12.3;5.1
41;2021-03-27;452;57;40772;16804;12.4;5.1
41;2021-03-28;1;0;40773;16804;12.4;5.1
41;2021-03-29;938;308;41711;17112;12.7;5.2
41;2021-03-30;1496;595;43207;17707;13.2;5.4
41;2021-03-31;1147;494;44354;18201;13.5;5.6
41;2021-04-01;2252;559;46606;18760;14.2;5.7
41;2021-04-02;1242;472;47848;19232;14.6;5.9
41;2021-04-03;321;5;48169;19237;14.7;5.9
41;2021-04-04;39;0;48208;19237;14.7;5.9
41;2021-04-05;140;2;48348;19239;14.7;5.9
41;2021-04-06;1301;622;49649;19861;15.1;6.1
41;2021-04-07;1851;700;51500;20561;15.7;6.3
41;2021-04-08;2292;920;53792;21481;16.4;6.6
41;2021-04-09;2568;607;56360;22088;17.2;6.7
41;2021-04-10;954;497;57314;22585;17.5;6.9
41;2021-04-11;278;376;57592;22961;17.6;7.0
41;2021-04-12;1688;650;59280;23611;18.1;7.2
41;2021-04-13;2262;983;61542;24594;18.8;7.5
41;2021-04-14;1793;547;63335;25141;19.3;7.7
41;2021-04-15;2384;972;65719;26113;20.0;8.0
41;2021-04-16;1931;622;67650;26735;20.6;8.2
41;2021-04-17;647;136;68297;26871;20.8;8.2
41;2021-04-18;5;0;68302;26871;20.8;8.2
41;2021-04-19;1262;743;69564;27614;21.2;8.4
41;2021-04-20;2004;1203;71568;28817;21.8;8.8
41;2021-04-21;1504;912;73072;29729;22.3;9.1
41;2021-04-22;2236;1594;75308;31323;23.0;9.6
41;2021-04-23;1735;1077;77043;32400;23.5;9.9
41;2021-04-24;1544;277;78587;32677;24.0;10.0
41;2021-04-25;1007;20;79594;32697;24.3;10.0
41;2021-04-26;1356;626;80950;33323;24.7;10.2
41;2021-04-27;2094;1038;83044;34361;25.3;10.5
41;2021-04-28;1561;857;84605;35218;25.8;10.7
41;2021-04-29;2212;1373;86817;36591;26.5;11.2
41;2021-04-30;1962;865;88779;37456;27.1;11.4
41;2021-05-01;189;12;88968;37468;27.1;11.4
41;2021-05-02;107;17;89075;37485;27.2;11.4
41;2021-05-03;1866;890;90941;38375;27.7;11.7
41;2021-05-04;2096;1541;93037;39916;28.4;12.2
41;2021-05-05;1881;1189;94918;41105;29.0;12.5
41;2021-05-06;2448;1696;97366;42801;29.7;13.1
41;2021-05-07;2018;1799;99384;44600;30.3;13.6
41;2021-05-08;203;152;99587;44752;30.4;13.7
41;2021-05-09;11;354;99598;45106;30.4;13.8
41;2021-05-10;1590;1557;101188;46663;30.9;14.2
41;2021-05-11;2089;2097;103277;48760;31.5;14.9
41;2021-05-12;1952;1675;105229;50435;32.1;15.4
41;2021-05-13;1485;945;106714;51380;32.6;15.7
41;2021-05-14;1577;1304;108291;52684;33.0;16.1
41;2021-05-15;206;294;108497;52978;33.1;16.2
41;2021-05-16;4;0;108501;52978;33.1;16.2
41;2021-05-17;2483;560;110984;53538;33.9;16.3
41;2021-05-18;3137;1026;114121;54564;34.8;16.6
41;2021-05-19;2554;670;116675;55234;35.6;16.8
41;2021-05-20;3348;1153;120023;56387;36.6;17.2
41;2021-05-21;2726;967;122749;57354;37.4;17.5
41;2021-05-22;396;236;123145;57590;37.6;17.6
41;2021-05-23;6;2;123151;57592;37.6;17.6
41;2021-05-24;2605;145;125756;57737;38.4;17.6
41;2021-05-25;2989;575;128745;58312;39.3;17.8
41;2021-05-26;3037;647;131782;58959;40.2;18.0
41;2021-05-27;3296;1111;135078;60070;41.2;18.3
41;2021-05-28;3143;980;138221;61050;42.2;18.6
41;2021-05-29;2075;427;140296;61477;42.8;18.8
41;2021-05-30;344;22;140640;61499;42.9;18.8
41;2021-05-31;1711;1506;142351;63005;43.4;19.2
41;2021-06-01;2262;2012;144613;65017;44.1;19.8
41;2021-06-02;1831;1290;146444;66307;44.7;20.2
41;2021-06-03;2597;1942;149041;68249;45.5;20.8
41;2021-06-04;2306;1964;151347;70213;46.2;21.4
41;2021-06-05;611;1583;151958;71796;46.4;21.9
41;2021-06-06;108;927;152066;72723;46.4;22.2
41;2021-06-07;1517;1532;153583;74255;46.8;22.7
41;2021-06-08;1712;2414;155295;76669;47.4;23.4
41;2021-06-09;1615;1643;156910;78312;47.9;23.9
41;2021-06-10;1917;1817;158827;80129;48.4;24.4
41;2021-06-11;1572;1796;160399;81925;48.9;25.0
41;2021-06-12;663;649;161062;82574;49.1;25.2
41;2021-06-13;12;77;161074;82651;49.1;25.2
41;2021-06-14;1269;1964;162343;84615;49.5;25.8
41;2021-06-15;1834;2762;164177;87377;50.1;26.7
41;2021-06-16;1725;2309;165902;89686;50.6;27.4
41;2021-06-17;1811;2576;167713;92262;51.2;28.1
41;2021-06-18;1666;2401;169379;94663;51.7;28.9
41;2021-06-19;412;532;169791;95195;51.8;29.0
41;2021-06-20;11;32;169802;95227;51.8;29.0
41;2021-06-21;1325;1781;171127;97008;52.2;29.6
41;2021-06-22;1618;2564;172745;99572;52.7;30.4
41;2021-06-23;1375;2045;174120;101617;53.1;31.0
41;2021-06-24;1483;2311;175603;103928;53.6;31.7
41;2021-06-25;1294;2617;176897;106545;54.0;32.5
41;2021-06-26;434;613;177331;107158;54.1;32.7
41;2021-06-27;1;4;177332;107162;54.1;32.7
41;2021-06-28;404;2697;177736;109859;54.2;33.5
41;2021-06-29;666;3441;178402;113300;54.4;34.6
41;2021-06-30;549;3068;178951;116368;54.6;35.5
41;2021-07-01;767;3106;179718;119474;54.8;36.4
41;2021-07-02;590;3499;180308;122973;55.0;37.5
41;2021-07-03;158;647;180466;123620;55.0;37.7
41;2021-07-04;1;2;180467;123622;55.0;37.7
41;2021-07-05;287;2821;180754;126443;55.1;38.6
41;2021-07-06;666;3635;181420;130078;55.3;39.7
41;2021-07-07;478;3138;181898;133216;55.5;40.6
41;2021-07-08;942;3372;182840;136588;55.8;41.7
41;2021-07-09;534;3642;183374;140230;55.9;42.8
41;2021-07-10;246;2088;183620;142318;56.0;43.4
41;2021-07-11;5;281;183625;142599;56.0;43.5
41;2021-07-12;859;2294;184484;144893;56.3;44.2
41;2021-07-13;1198;3285;185682;148178;56.6;45.2
41;2021-07-14;140;1080;185822;149258;56.7;45.5
41;2021-07-15;1332;3326;187154;152584;57.1;46.5
41;2021-07-16;1089;3398;188243;155982;57.4;47.6
41;2021-07-17;341;807;188584;156789;57.5;47.8
41;2021-07-18;24;32;188608;156821;57.5;47.8
41;2021-07-19;1189;2320;189797;159141;57.9;48.5
41;2021-07-20;1637;2744;191434;161885;58.4;49.4
41;2021-07-21;1701;2087;193135;163972;58.9;50.0
41;2021-07-22;2258;2306;195393;166278;59.6;50.7
41;2021-07-23;2094;2478;197487;168756;60.2;51.5
41;2021-07-24;327;842;197814;169598;60.3;51.7
41;2021-07-25;17;23;197831;169621;60.3;51.7
41;2021-07-26;1895;1682;199726;171303;60.9;52.3
41;2021-07-27;2530;2339;202256;173642;61.7;53.0
41;2021-07-28;2161;1827;204417;175469;62.4;53.5
41;2021-07-29;2336;2022;206753;177491;63.1;54.1
41;2021-07-30;2151;2084;208904;179575;63.7;54.8
41;2021-07-31;378;578;209282;180153;63.8;55.0
41;2021-08-01;17;7;209299;180160;63.8;55.0
41;2021-08-02;1544;1607;210843;181767;64.3;55.4
41;2021-08-03;2507;1856;213350;183623;65.1;56.0
41;2021-08-04;2292;1194;215642;184817;65.8;56.4
41;2021-08-05;3029;1255;218671;186072;66.7;56.8
41;2021-08-06;2206;1298;220877;187370;67.4;57.2
41;2021-08-07;507;346;221384;187716;67.5;57.3
41;2021-08-08;13;20;221397;187736;67.5;57.3
41;2021-08-09;1685;1351;223082;189087;68.0;57.7
41;2021-08-10;2559;1408;225641;190495;68.8;58.1
41;2021-08-11;1590;1430;227231;191925;69.3;58.5
42;2020-12-27;2;0;2;0;0.0;0.0
42;2020-12-28;0;0;2;0;0.0;0.0
42;2020-12-29;0;0;2;0;0.0;0.0
42;2020-12-30;0;0;2;0;0.0;0.0
42;2020-12-31;0;0;2;0;0.0;0.0
42;2021-01-01;0;0;2;0;0.0;0.0
42;2021-01-02;0;0;2;0;0.0;0.0
42;2021-01-03;0;0;2;0;0.0;0.0
42;2021-01-04;1;0;3;0;0.0;0.0
42;2021-01-05;1;0;4;0;0.0;0.0
42;2021-01-06;178;1;182;1;0.0;0.0
42;2021-01-07;256;0;438;1;0.1;0.0
42;2021-01-08;262;1;700;2;0.1;0.0
42;2021-01-09;136;0;836;2;0.1;0.0
42;2021-01-10;0;0;836;2;0.1;0.0
42;2021-01-11;293;2;1129;4;0.1;0.0
42;2021-01-12;412;1;1541;5;0.2;0.0
42;2021-01-13;527;2;2068;7;0.3;0.0
42;2021-01-14;771;4;2839;11;0.4;0.0
42;2021-01-15;703;4;3542;15;0.5;0.0
42;2021-01-16;298;1;3840;16;0.5;0.0
42;2021-01-17;219;0;4059;16;0.5;0.0
42;2021-01-18;969;1;5028;17;0.7;0.0
42;2021-01-19;1328;11;6356;28;0.8;0.0
42;2021-01-20;955;4;7311;32;1.0;0.0
42;2021-01-21;1003;6;8314;38;1.1;0.0
42;2021-01-22;992;5;9306;43;1.2;0.0
42;2021-01-23;401;0;9707;43;1.3;0.0
42;2021-01-24;358;0;10065;43;1.3;0.0
42;2021-01-25;1098;12;11163;55;1.5;0.0
42;2021-01-26;1745;19;12908;74;1.7;0.0
42;2021-01-27;1457;123;14365;197;1.9;0.0
42;2021-01-28;1664;141;16029;338;2.1;0.0
42;2021-01-29;946;117;16975;455;2.2;0.1
42;2021-01-30;257;113;17232;568;2.3;0.1
42;2021-01-31;258;2;17490;570;2.3;0.1
42;2021-02-01;730;61;18220;631;2.4;0.1
42;2021-02-02;1801;295;20021;926;2.6;0.1
42;2021-02-03;1517;487;21538;1413;2.8;0.2
42;2021-02-04;1283;614;22821;2027;3.0;0.3
42;2021-02-05;684;526;23505;2553;3.1;0.3
42;2021-02-06;303;149;23808;2702;3.1;0.4
42;2021-02-07;275;153;24083;2855;3.1;0.4
42;2021-02-08;508;624;24591;3479;3.2;0.5
42;2021-02-09;703;802;25294;4281;3.3;0.6
42;2021-02-10;740;691;26034;4972;3.4;0.7
42;2021-02-11;769;678;26803;5650;3.5;0.7
42;2021-02-12;675;753;27478;6403;3.6;0.8
42;2021-02-13;427;304;27905;6707;3.6;0.9
42;2021-02-14;186;228;28091;6935;3.7;0.9
42;2021-02-15;521;819;28612;7754;3.7;1.0
42;2021-02-16;488;1245;29100;8999;3.8;1.2
42;2021-02-17;518;1535;29618;10534;3.9;1.4
42;2021-02-18;754;1385;30372;11919;4.0;1.6
42;2021-02-19;767;1021;31139;12940;4.1;1.7
42;2021-02-20;248;411;31387;13351;4.1;1.7
42;2021-02-21;63;328;31450;13679;4.1;1.8
42;2021-02-22;574;967;32024;14646;4.2;1.9
42;2021-02-23;1202;1426;33226;16072;4.3;2.1
42;2021-02-24;1241;1223;34467;17295;4.5;2.3
42;2021-02-25;1666;1419;36133;18714;4.7;2.4
42;2021-02-26;1645;928;37778;19642;4.9;2.6
42;2021-02-27;580;295;38358;19937;5.0;2.6
42;2021-02-28;166;126;38524;20063;5.0;2.6
42;2021-03-01;811;848;39335;20911;5.1;2.7
42;2021-03-02;1274;813;40609;21724;5.3;2.8
42;2021-03-03;1366;800;41975;22524;5.5;2.9
42;2021-03-04;1704;704;43679;23228;5.7;3.0
42;2021-03-05;2627;657;46306;23885;6.1;3.1
42;2021-03-06;1930;257;48236;24142;6.3;3.2
42;2021-03-07;1492;85;49728;24227;6.5;3.2
42;2021-03-08;1404;507;51132;24734;6.7;3.2
42;2021-03-09;1984;452;53116;25186;6.9;3.3
42;2021-03-10;2053;489;55169;25675;7.2;3.4
42;2021-03-11;3047;600;58216;26275;7.6;3.4
42;2021-03-12;3006;820;61222;27095;8.0;3.5
42;2021-03-13;1479;355;62701;27450;8.2;3.6
42;2021-03-14;472;175;63173;27625;8.3;3.6
42;2021-03-15;1572;592;64745;28217;8.5;3.7
42;2021-03-16;1472;775;66217;28992;8.7;3.8
42;2021-03-17;1715;1070;67932;30062;8.9;3.9
42;2021-03-18;1804;1027;69736;31089;9.1;4.1
42;2021-03-19;2565;670;72301;31759;9.5;4.2
42;2021-03-20;1671;225;73972;31984;9.7;4.2
42;2021-03-21;528;96;74500;32080;9.7;4.2
42;2021-03-22;1429;732;75929;32812;9.9;4.3
42;2021-03-23;2505;848;78434;33660;10.3;4.4
42;2021-03-24;2783;779;81217;34439;10.6;4.5
42;2021-03-25;3720;932;84937;35371;11.1;4.6
42;2021-03-26;3760;782;88697;36153;11.6;4.7
42;2021-03-27;1805;442;90502;36595;11.8;4.8
42;2021-03-28;1040;211;91542;36806;12.0;4.8
42;2021-03-29;2062;917;93604;37723;12.2;4.9
42;2021-03-30;3145;851;96749;38574;12.7;5.0
42;2021-03-31;2442;1061;99191;39635;13.0;5.2
42;2021-04-01;3390;1037;102581;40672;13.4;5.3
42;2021-04-02;2849;1218;105430;41890;13.8;5.5
42;2021-04-03;1418;602;106848;42492;14.0;5.6
42;2021-04-04;1401;389;108249;42881;14.2;5.6
42;2021-04-05;1900;288;110149;43169;14.4;5.6
42;2021-04-06;2292;1405;112441;44574;14.7;5.8
42;2021-04-07;2756;1821;115197;46395;15.1;6.1
42;2021-04-08;4021;1583;119218;47978;15.6;6.3
42;2021-04-09;5127;1533;124345;49511;16.3;6.5
42;2021-04-10;2590;753;126935;50264;16.6;6.6
42;2021-04-11;1955;418;128890;50682;16.9;6.6
42;2021-04-12;3697;1540;132587;52222;17.3;6.8
42;2021-04-13;4659;1806;137246;54028;17.9;7.1
42;2021-04-14;4311;1893;141557;55921;18.5;7.3
42;2021-04-15;4805;1806;146362;57727;19.1;7.5
42;2021-04-16;4616;1875;150978;59602;19.7;7.8
42;2021-04-17;2979;1068;153957;60670;20.1;7.9
42;2021-04-18;1884;413;155841;61083;20.4;8.0
42;2021-04-19;3089;1536;158930;62619;20.8;8.2
42;2021-04-20;3465;1946;162395;64565;21.2;8.4
42;2021-04-21;3472;1745;165867;66310;21.7;8.7
42;2021-04-22;3768;1941;169635;68251;22.2;8.9
42;2021-04-23;3836;2004;173471;70255;22.7;9.2
42;2021-04-24;2359;1513;175830;71768;23.0;9.4
42;2021-04-25;1659;944;177489;72712;23.2;9.5
42;2021-04-26;3276;1724;180765;74436;23.6;9.7
42;2021-04-27;3257;2206;184022;76642;24.1;10.0
42;2021-04-28;3464;2618;187486;79260;24.5;10.4
42;2021-04-29;3770;2800;191256;82060;25.0;10.7
42;2021-04-30;3361;3030;194617;85090;25.4;11.1
42;2021-05-01;2969;1039;197586;86129;25.8;11.3
42;2021-05-02;1936;1257;199522;87386;26.1;11.4
42;2021-05-03;2871;2762;202393;90148;26.5;11.8
42;2021-05-04;3418;3124;205811;93272;26.9;12.2
42;2021-05-05;3331;3397;209142;96669;27.3;12.6
42;2021-05-06;3890;3765;213032;100434;27.9;13.1
42;2021-05-07;3730;4031;216762;104465;28.3;13.7
42;2021-05-08;3165;1066;219927;105531;28.8;13.8
42;2021-05-09;1506;2211;221433;107742;29.0;14.1
42;2021-05-10;3250;3827;224683;111569;29.4;14.6
42;2021-05-11;5578;3909;230261;115478;30.1;15.1
42;2021-05-12;5345;3567;235606;119045;30.8;15.6
42;2021-05-13;5454;1137;241060;120182;31.5;15.7
42;2021-05-14;5242;2923;246302;123105;32.2;16.1
42;2021-05-15;4882;2114;251184;125219;32.8;16.4
42;2021-05-16;2871;1036;254055;126255;33.2;16.5
42;2021-05-17;5888;2838;259943;129093;34.0;16.9
42;2021-05-18;6253;2982;266196;132075;34.8;17.3
42;2021-05-19;6526;2749;272722;134824;35.7;17.6
42;2021-05-20;7107;2889;279829;137713;36.6;18.0
42;2021-05-21;6352;3266;286181;140979;37.4;18.4
42;2021-05-22;5837;2121;292018;143100;38.2;18.7
42;2021-05-23;2833;871;294851;143971;38.6;18.8
42;2021-05-24;5250;1424;300101;145395;39.2;19.0
42;2021-05-25;5154;3946;305255;149341;39.9;19.5
42;2021-05-26;5160;3453;310415;152794;40.6;20.0
42;2021-05-27;5367;3633;315782;156427;41.3;20.5
42;2021-05-28;5039;4200;320821;160627;42.0;21.0
42;2021-05-29;4342;2985;325163;163612;42.5;21.4
42;2021-05-30;1981;1208;327144;164820;42.8;21.6
42;2021-05-31;4241;3425;331385;168245;43.3;22.0
42;2021-06-01;4593;3571;335978;171816;43.9;22.5
42;2021-06-02;4476;3009;340454;174825;44.5;22.9
42;2021-06-03;4928;3837;345382;178662;45.2;23.4
42;2021-06-04;4767;4218;350149;182880;45.8;23.9
42;2021-06-05;3688;2423;353837;185303;46.3;24.2
42;2021-06-06;1445;1293;355282;186596;46.5;24.4
42;2021-06-07;3992;3373;359274;189969;47.0;24.8
42;2021-06-08;3464;3242;362738;193211;47.4;25.3
42;2021-06-09;2961;3202;365699;196413;47.8;25.7
42;2021-06-10;3243;2932;368942;199345;48.2;26.1
42;2021-06-11;3588;4115;372530;203460;48.7;26.6
42;2021-06-12;2864;2880;375394;206340;49.1;27.0
42;2021-06-13;943;1278;376337;207618;49.2;27.1
42;2021-06-14;2310;4063;378647;211681;49.5;27.7
42;2021-06-15;2831;4070;381478;215751;49.9;28.2
42;2021-06-16;2925;3550;384403;219301;50.3;28.7
42;2021-06-17;2638;3741;387041;223042;50.6;29.2
42;2021-06-18;3089;5150;390130;228192;51.0;29.8
42;2021-06-19;2845;4244;392975;232436;51.4;30.4
42;2021-06-20;857;1842;393832;234278;51.5;30.6
42;2021-06-21;1907;6274;395739;240552;51.7;31.5
42;2021-06-22;1875;5896;397614;246448;52.0;32.2
42;2021-06-23;1841;5320;399455;251768;52.2;32.9
42;2021-06-24;1785;4681;401240;256449;52.5;33.5
42;2021-06-25;2037;6949;403277;263398;52.7;34.4
42;2021-06-26;1410;5818;404687;269216;52.9;35.2
42;2021-06-27;756;2853;405443;272069;53.0;35.6
42;2021-06-28;1745;7057;407188;279126;53.2;36.5
42;2021-06-29;1528;6562;408716;285688;53.4;37.4
42;2021-06-30;1965;5762;410681;291450;53.7;38.1
42;2021-07-01;1776;5116;412457;296566;53.9;38.8
42;2021-07-02;2048;6744;414505;303310;54.2;39.7
42;2021-07-03;1759;5974;416264;309284;54.4;40.4
42;2021-07-04;853;2511;417117;311795;54.5;40.8
42;2021-07-05;1715;6286;418832;318081;54.8;41.6
42;2021-07-06;2102;5572;420934;323653;55.0;42.3
42;2021-07-07;2330;4657;423264;328310;55.3;42.9
42;2021-07-08;2271;3961;425535;332271;55.6;43.4
42;2021-07-09;2415;6097;427950;338368;56.0;44.2
42;2021-07-10;1695;5582;429645;343950;56.2;45.0
42;2021-07-11;920;2297;430565;346247;56.3;45.3
42;2021-07-12;1770;6293;432335;352540;56.5;46.1
42;2021-07-13;3597;6277;435932;358817;57.0;46.9
42;2021-07-14;4471;2050;440403;360867;57.6;47.2
42;2021-07-15;4550;5620;444953;366487;58.2;47.9
42;2021-07-16;4346;6188;449299;372675;58.8;48.7
42;2021-07-17;3209;4699;452508;377374;59.2;49.3
42;2021-07-18;1840;1742;454348;379116;59.4;49.6
42;2021-07-19;3792;5061;458140;384177;59.9;50.2
42;2021-07-20;4696;4860;462836;389037;60.5;50.9
42;2021-07-21;5155;4706;467991;393743;61.2;51.5
42;2021-07-22;5472;3929;473463;397672;61.9;52.0
42;2021-07-23;5448;5094;478911;402766;62.6;52.7
42;2021-07-24;4003;3808;482914;406574;63.1;53.2
42;2021-07-25;1638;1380;484552;407954;63.4;53.3
42;2021-07-26;4694;4315;489246;412269;64.0;53.9
42;2021-07-27;5299;3950;494545;416219;64.7;54.4
42;2021-07-28;5750;3661;500295;419880;65.4;54.9
42;2021-07-29;5636;3416;505931;423296;66.2;55.4
42;2021-07-30;5099;3754;511030;427050;66.8;55.8
42;2021-07-31;4718;3040;515748;430090;67.4;56.2
42;2021-08-01;2477;1303;518225;431393;67.8;56.4
42;2021-08-02;4316;3094;522541;434487;68.3;56.8
42;2021-08-03;3793;3258;526334;437745;68.8;57.2
42;2021-08-04;3442;3210;529776;440955;69.3;57.7
42;2021-08-05;3380;3300;533156;444255;69.7;58.1
42;2021-08-06;3596;3973;536752;448228;70.2;58.6
42;2021-08-07;2997;3039;539749;451267;70.6;59.0
42;2021-08-08;1185;1702;540934;452969;70.7;59.2
42;2021-08-09;2783;3832;543717;456801;71.1;59.7
42;2021-08-10;3242;3885;546959;460686;71.5;60.2
42;2021-08-11;2570;3490;549529;464176;71.9;60.7
43;2020-12-27;0;0;0;0;0.0;0.0
43;2020-12-28;0;0;0;0;0.0;0.0
43;2020-12-29;0;0;0;0;0.0;0.0
43;2020-12-30;0;0;0;0;0.0;0.0
43;2020-12-31;0;0;0;0;0.0;0.0
43;2021-01-01;0;0;0;0;0.0;0.0
43;2021-01-02;0;0;0;0;0.0;0.0
43;2021-01-03;0;0;0;0;0.0;0.0
43;2021-01-04;1;0;1;0;0.0;0.0
43;2021-01-05;0;0;1;0;0.0;0.0
43;2021-01-06;0;0;1;0;0.0;0.0
43;2021-01-07;167;0;168;0;0.1;0.0
43;2021-01-08;151;1;319;1;0.1;0.0
43;2021-01-09;0;0;319;1;0.1;0.0
43;2021-01-10;0;0;319;1;0.1;0.0
43;2021-01-11;137;0;456;1;0.2;0.0
43;2021-01-12;244;1;700;2;0.3;0.0
43;2021-01-13;244;1;944;3;0.4;0.0
43;2021-01-14;294;2;1238;5;0.5;0.0
43;2021-01-15;303;2;1541;7;0.7;0.0
43;2021-01-16;32;0;1573;7;0.7;0.0
43;2021-01-17;0;0;1573;7;0.7;0.0
43;2021-01-18;760;5;2333;12;1.0;0.0
43;2021-01-19;776;6;3109;18;1.4;0.0
43;2021-01-20;517;0;3626;18;1.6;0.0
43;2021-01-21;446;2;4072;20;1.8;0.0
43;2021-01-22;465;8;4537;28;2.0;0.0
43;2021-01-23;1;0;4538;28;2.0;0.0
43;2021-01-24;1;0;4539;28;2.0;0.0
43;2021-01-25;539;0;5078;28;2.2;0.0
43;2021-01-26;615;5;5693;33;2.5;0.0
43;2021-01-27;740;0;6433;33;2.8;0.0
43;2021-01-28;747;32;7180;65;3.2;0.0
43;2021-01-29;719;84;7899;149;3.5;0.1
43;2021-01-30;109;0;8008;149;3.5;0.1
43;2021-01-31;0;0;8008;149;3.5;0.1
43;2021-02-01;404;101;8412;250;3.7;0.1
43;2021-02-02;711;151;9123;401;4.0;0.2
43;2021-02-03;691;43;9814;444;4.3;0.2
43;2021-02-04;523;172;10337;616;4.6;0.3
43;2021-02-05;543;172;10880;788;4.8;0.3
43;2021-02-06;164;19;11044;807;4.9;0.4
43;2021-02-07;0;0;11044;807;4.9;0.4
43;2021-02-08;411;304;11455;1111;5.0;0.5
43;2021-02-09;369;434;11824;1545;5.2;0.7
43;2021-02-10;400;362;12224;1907;5.4;0.8
43;2021-02-11;389;396;12613;2303;5.6;1.0
43;2021-02-12;426;201;13039;2504;5.7;1.1
43;2021-02-13;570;40;13609;2544;6.0;1.1
43;2021-02-14;0;0;13609;2544;6.0;1.1
43;2021-02-15;68;480;13677;3024;6.0;1.3
43;2021-02-16;41;375;13718;3399;6.0;1.5
43;2021-02-17;87;486;13805;3885;6.1;1.7
43;2021-02-18;147;379;13952;4264;6.1;1.9
43;2021-02-19;278;510;14230;4774;6.3;2.1
43;2021-02-20;22;4;14252;4778;6.3;2.1
43;2021-02-21;0;0;14252;4778;6.3;2.1
43;2021-02-22;16;501;14268;5279;6.3;2.3
43;2021-02-23;202;797;14470;6076;6.4;2.7
43;2021-02-24;147;722;14617;6798;6.4;3.0
43;2021-02-25;227;693;14844;7491;6.5;3.3
43;2021-02-26;222;672;15066;8163;6.6;3.6
43;2021-02-27;138;75;15204;8238;6.7;3.6
43;2021-02-28;1;0;15205;8238;6.7;3.6
43;2021-03-01;210;477;15415;8715;6.8;3.8
43;2021-03-02;342;581;15757;9296;6.9;4.1
43;2021-03-03;339;588;16096;9884;7.1;4.4
43;2021-03-04;551;461;16647;10345;7.3;4.6
43;2021-03-05;566;451;17213;10796;7.6;4.8
43;2021-03-06;489;178;17702;10974;7.8;4.8
43;2021-03-07;12;0;17714;10974;7.8;4.8
43;2021-03-08;445;444;18159;11418;8.0;5.0
43;2021-03-09;621;351;18780;11769;8.3;5.2
43;2021-03-10;673;492;19453;12261;8.6;5.4
43;2021-03-11;953;438;20406;12699;9.0;5.6
43;2021-03-12;945;425;21351;13124;9.4;5.8
43;2021-03-13;792;115;22143;13239;9.8;5.8
43;2021-03-14;2;0;22145;13239;9.8;5.8
43;2021-03-15;706;142;22851;13381;10.1;5.9
43;2021-03-16;847;280;23698;13661;10.4;6.0
43;2021-03-17;638;134;24336;13795;10.7;6.1
43;2021-03-18;675;133;25011;13928;11.0;6.1
43;2021-03-19;839;106;25850;14034;11.4;6.2
43;2021-03-20;450;60;26300;14094;11.6;6.2
43;2021-03-21;0;0;26300;14094;11.6;6.2
43;2021-03-22;744;37;27044;14131;11.9;6.2
43;2021-03-23;872;38;27916;14169;12.3;6.2
43;2021-03-24;1174;75;29090;14244;12.8;6.3
43;2021-03-25;1594;143;30684;14387;13.5;6.3
43;2021-03-26;1609;183;32293;14570;14.2;6.4
43;2021-03-27;1449;72;33742;14642;14.9;6.5
43;2021-03-28;420;20;34162;14662;15.1;6.5
43;2021-03-29;1095;167;35257;14829;15.5;6.5
43;2021-03-30;1313;235;36570;15064;16.1;6.6
43;2021-03-31;1305;250;37875;15314;16.7;6.7
43;2021-04-01;1345;334;39220;15648;17.3;6.9
43;2021-04-02;1051;351;40271;15999;17.7;7.1
43;2021-04-03;339;196;40610;16195;17.9;7.1
43;2021-04-04;0;0;40610;16195;17.9;7.1
43;2021-04-05;3;0;40613;16195;17.9;7.1
43;2021-04-06;689;603;41302;16798;18.2;7.4
43;2021-04-07;868;574;42170;17372;18.6;7.7
43;2021-04-08;1086;462;43256;17834;19.1;7.9
43;2021-04-09;1146;656;44402;18490;19.6;8.1
43;2021-04-10;625;260;45027;18750;19.8;8.3
43;2021-04-11;0;0;45027;18750;19.8;8.3
43;2021-04-12;682;652;45709;19402;20.1;8.6
43;2021-04-13;917;723;46626;20125;20.5;8.9
43;2021-04-14;725;667;47351;20792;20.9;9.2
43;2021-04-15;959;700;48310;21492;21.3;9.5
43;2021-04-16;1007;687;49317;22179;21.7;9.8
43;2021-04-17;423;302;49740;22481;21.9;9.9
43;2021-04-18;3;5;49743;22486;21.9;9.9
43;2021-04-19;628;564;50371;23050;22.2;10.2
43;2021-04-20;840;672;51211;23722;22.6;10.5
43;2021-04-21;320;987;51531;24709;22.7;10.9
43;2021-04-22;679;1014;52210;25723;23.0;11.3
43;2021-04-23;401;1101;52611;26824;23.2;11.8
43;2021-04-24;347;1037;52958;27861;23.3;12.3
43;2021-04-25;23;403;52981;28264;23.3;12.5
43;2021-04-26;385;963;53366;29227;23.5;12.9
43;2021-04-27;825;988;54191;30215;23.9;13.3
43;2021-04-28;794;1107;54985;31322;24.2;13.8
43;2021-04-29;1238;1140;56223;32462;24.8;14.3
43;2021-04-30;1199;1061;57422;33523;25.3;14.8
43;2021-05-01;400;22;57822;33545;25.5;14.8
43;2021-05-02;1;0;57823;33545;25.5;14.8
43;2021-05-03;1218;403;59041;33948;26.0;15.0
43;2021-05-04;1237;950;60278;34898;26.6;15.4
43;2021-05-05;1145;847;61423;35745;27.1;15.8
43;2021-05-06;1404;935;62827;36680;27.7;16.2
43;2021-05-07;1089;1169;63916;37849;28.2;16.7
43;2021-05-08;518;136;64434;37985;28.4;16.7
43;2021-05-09;0;2;64434;37987;28.4;16.7
43;2021-05-10;1085;722;65519;38709;28.9;17.1
43;2021-05-11;1555;1004;67074;39713;29.6;17.5
43;2021-05-12;1481;808;68555;40521;30.2;17.9
43;2021-05-13;936;379;69491;40900;30.6;18.0
43;2021-05-14;2203;1107;71694;42007;31.6;18.5
43;2021-05-15;1270;319;72964;42326;32.2;18.7
43;2021-05-16;272;47;73236;42373;32.3;18.7
43;2021-05-17;1624;627;74860;43000;33.0;19.0
43;2021-05-18;1966;674;76826;43674;33.9;19.2
43;2021-05-19;2068;569;78894;44243;34.8;19.5
43;2021-05-20;2338;803;81232;45046;35.8;19.9
43;2021-05-21;2384;707;83616;45753;36.9;20.2
43;2021-05-22;1208;340;84824;46093;37.4;20.3
43;2021-05-23;1;0;84825;46093;37.4;20.3
43;2021-05-24;382;99;85207;46192;37.6;20.4
43;2021-05-25;1407;652;86614;46844;38.2;20.6
43;2021-05-26;1349;556;87963;47400;38.8;20.9
43;2021-05-27;1389;710;89352;48110;39.4;21.2
43;2021-05-28;1348;733;90700;48843;40.0;21.5
43;2021-05-29;1135;600;91835;49443;40.5;21.8
43;2021-05-30;149;17;91984;49460;40.5;21.8
43;2021-05-31;1208;441;93192;49901;41.1;22.0
43;2021-06-01;1277;983;94469;50884;41.6;22.4
43;2021-06-02;1086;700;95555;51584;42.1;22.7
43;2021-06-03;1193;856;96748;52440;42.6;23.1
43;2021-06-04;1350;859;98098;53299;43.2;23.5
43;2021-06-05;824;451;98922;53750;43.6;23.7
43;2021-06-06;10;5;98932;53755;43.6;23.7
43;2021-06-07;749;516;99681;54271;43.9;23.9
43;2021-06-08;664;703;100345;54974;44.2;24.2
43;2021-06-09;539;760;100884;55734;44.5;24.6
43;2021-06-10;807;1120;101691;56854;44.8;25.1
43;2021-06-11;758;1346;102449;58200;45.2;25.6
43;2021-06-12;914;513;103363;58713;45.6;25.9
43;2021-06-13;3;27;103366;58740;45.6;25.9
43;2021-06-14;447;1089;103813;59829;45.8;26.4
43;2021-06-15;630;1195;104443;61024;46.0;26.9
43;2021-06-16;549;975;104992;61999;46.3;27.3
43;2021-06-17;600;1502;105592;63501;46.5;28.0
43;2021-06-18;901;1463;106493;64964;46.9;28.6
43;2021-06-19;448;782;106941;65746;47.1;29.0
43;2021-06-20;0;12;106941;65758;47.1;29.0
43;2021-06-21;423;1305;107364;67063;47.3;29.6
43;2021-06-22;532;1960;107896;69023;47.6;30.4
43;2021-06-23;343;1743;108239;70766;47.7;31.2
43;2021-06-24;512;1494;108751;72260;47.9;31.8
43;2021-06-25;596;2346;109347;74606;48.2;32.9
43;2021-06-26;505;1245;109852;75851;48.4;33.4
43;2021-06-27;10;20;109862;75871;48.4;33.4
43;2021-06-28;341;1785;110203;77656;48.6;34.2
43;2021-06-29;525;2378;110728;80034;48.8;35.3
43;2021-06-30;459;2275;111187;82309;49.0;36.3
43;2021-07-01;472;1909;111659;84218;49.2;37.1
43;2021-07-02;500;1961;112159;86179;49.4;38.0
43;2021-07-03;258;1106;112417;87285;49.5;38.5
43;2021-07-04;1;0;112418;87285;49.5;38.5
43;2021-07-05;525;1199;112943;88484;49.8;39.0
43;2021-07-06;632;1680;113575;90164;50.1;39.7
43;2021-07-07;523;1419;114098;91583;50.3;40.4
43;2021-07-08;837;1418;114935;93001;50.7;41.0
43;2021-07-09;550;1498;115485;94499;50.9;41.6
43;2021-07-10;401;1335;115886;95834;51.1;42.2
43;2021-07-11;23;98;115909;95932;51.1;42.3
43;2021-07-12;602;1685;116511;97617;51.3;43.0
43;2021-07-13;1185;1850;117696;99467;51.9;43.8
43;2021-07-14;846;157;118542;99624;52.2;43.9
43;2021-07-15;1931;1839;120473;101463;53.1;44.7
43;2021-07-16;1749;1615;122222;103078;53.9;45.4
43;2021-07-17;1540;1196;123762;104274;54.5;46.0
43;2021-07-18;4;19;123766;104293;54.5;46.0
43;2021-07-19;1437;1261;125203;105554;55.2;46.5
43;2021-07-20;1889;1450;127092;107004;56.0;47.2
43;2021-07-21;1844;1107;128936;108111;56.8;47.6
43;2021-07-22;2102;1324;131038;109435;57.8;48.2
43;2021-07-23;1615;1322;132653;110757;58.5;48.8
43;2021-07-24;574;990;133227;111747;58.7;49.2
43;2021-07-25;0;1;133227;111748;58.7;49.2
43;2021-07-26;1637;1069;134864;112817;59.4;49.7
43;2021-07-27;2268;1219;137132;114036;60.4;50.3
43;2021-07-28;1951;1089;139083;115125;61.3;50.7
43;2021-07-29;1977;1021;141060;116146;62.2;51.2
43;2021-07-30;1861;1338;142921;117484;63.0;51.8
43;2021-07-31;704;607;143625;118091;63.3;52.0
43;2021-08-01;13;20;143638;118111;63.3;52.1
43;2021-08-02;1530;966;145168;119077;64.0;52.5
43;2021-08-03;1397;1164;146565;120241;64.6;53.0
43;2021-08-04;1258;1106;147823;121347;65.1;53.5
43;2021-08-05;1251;1285;149074;122632;65.7;54.0
43;2021-08-06;1126;1464;150200;124096;66.2;54.7
43;2021-08-07;494;748;150694;124844;66.4;55.0
43;2021-08-08;4;0;150698;124844;66.4;55.0
43;2021-08-09;810;1629;151508;126473;66.8;55.7
43;2021-08-10;1018;1586;152526;128059;67.2;56.4
43;2021-08-11;673;1332;153199;129391;67.5;57.0
44;2020-12-27;1;0;1;0;0.0;0.0
44;2020-12-28;1;0;2;0;0.0;0.0
44;2020-12-29;0;0;2;0;0.0;0.0
44;2020-12-30;1;0;3;0;0.0;0.0
44;2020-12-31;0;0;3;0;0.0;0.0
44;2021-01-01;0;0;3;0;0.0;0.0
44;2021-01-02;0;0;3;0;0.0;0.0
44;2021-01-03;3;0;6;0;0.0;0.0
44;2021-01-04;0;0;6;0;0.0;0.0
44;2021-01-05;1;0;7;0;0.0;0.0
44;2021-01-06;20;1;27;1;0.0;0.0
44;2021-01-07;186;0;213;1;0.0;0.0
44;2021-01-08;528;0;741;1;0.1;0.0
44;2021-01-09;473;0;1214;1;0.1;0.0
44;2021-01-10;455;1;1669;2;0.1;0.0
44;2021-01-11;802;1;2471;3;0.2;0.0
44;2021-01-12;906;1;3377;4;0.2;0.0
44;2021-01-13;1087;1;4464;5;0.3;0.0
44;2021-01-14;1113;7;5577;12;0.4;0.0
44;2021-01-15;987;1;6564;13;0.5;0.0
44;2021-01-16;335;2;6899;15;0.5;0.0
44;2021-01-17;327;1;7226;16;0.5;0.0
44;2021-01-18;856;3;8082;19;0.6;0.0
44;2021-01-19;2614;4;10696;23;0.7;0.0
44;2021-01-20;2725;5;13421;28;0.9;0.0
44;2021-01-21;4530;4;17951;32;1.2;0.0
44;2021-01-22;2415;6;20366;38;1.4;0.0
44;2021-01-23;764;1;21130;39;1.5;0.0
44;2021-01-24;119;0;21249;39;1.5;0.0
44;2021-01-25;829;0;22078;39;1.5;0.0
44;2021-01-26;2564;18;24642;57;1.7;0.0
44;2021-01-27;2093;63;26735;120;1.9;0.0
44;2021-01-28;3733;191;30468;311;2.1;0.0
44;2021-01-29;2368;493;32836;804;2.3;0.1
44;2021-01-30;628;215;33464;1019;2.3;0.1
44;2021-01-31;14;214;33478;1233;2.3;0.1
44;2021-02-01;591;544;34069;1777;2.4;0.1
44;2021-02-02;878;760;34947;2537;2.4;0.2
44;2021-02-03;890;898;35837;3435;2.5;0.2
44;2021-02-04;937;724;36774;4159;2.6;0.3
44;2021-02-05;893;629;37667;4788;2.6;0.3
44;2021-02-06;467;268;38134;5056;2.7;0.4
44;2021-02-07;72;208;38206;5264;2.7;0.4
44;2021-02-08;521;459;38727;5723;2.7;0.4
44;2021-02-09;989;1255;39716;6978;2.8;0.5
44;2021-02-10;1139;1315;40855;8293;2.8;0.6
44;2021-02-11;2288;3017;43143;11310;3.0;0.8
44;2021-02-12;1662;1750;44805;13060;3.1;0.9
44;2021-02-13;433;517;45238;13577;3.1;0.9
44;2021-02-14;10;180;45248;13757;3.1;1.0
44;2021-02-15;505;1103;45753;14860;3.2;1.0
44;2021-02-16;1441;2567;47194;17427;3.3;1.2
44;2021-02-17;1104;2172;48298;19599;3.4;1.4
44;2021-02-18;1959;3722;50257;23321;3.5;1.6
44;2021-02-19;1579;2540;51836;25861;3.6;1.8
44;2021-02-20;409;645;52245;26506;3.6;1.8
44;2021-02-21;6;178;52251;26684;3.6;1.9
44;2021-02-22;716;837;52967;27521;3.7;1.9
44;2021-02-23;1245;1130;54212;28651;3.8;2.0
44;2021-02-24;1239;1095;55451;29746;3.9;2.1
44;2021-02-25;2442;1087;57893;30833;4.0;2.1
44;2021-02-26;2290;963;60183;31796;4.2;2.2
44;2021-02-27;976;453;61159;32249;4.3;2.2
44;2021-02-28;6;32;61165;32281;4.3;2.2
44;2021-03-01;991;561;62156;32842;4.3;2.3
44;2021-03-02;1801;1053;63957;33895;4.5;2.4
44;2021-03-03;1860;1135;65817;35030;4.6;2.4
44;2021-03-04;2880;1574;68697;36604;4.8;2.5
44;2021-03-05;3476;1334;72173;37938;5.0;2.6
44;2021-03-06;2508;495;74681;38433;5.2;2.7
44;2021-03-07;988;87;75669;38520;5.3;2.7
44;2021-03-08;1785;613;77454;39133;5.4;2.7
44;2021-03-09;3352;1153;80806;40286;5.6;2.8
44;2021-03-10;3078;1114;83884;41400;5.8;2.9
44;2021-03-11;4438;1788;88322;43188;6.1;3.0
44;2021-03-12;5892;1304;94214;44492;6.6;3.1
44;2021-03-13;3631;299;97845;44791;6.8;3.1
44;2021-03-14;430;63;98275;44854;6.8;3.1
44;2021-03-15;2687;368;100962;45222;7.0;3.1
44;2021-03-16;2149;627;103111;45849;7.2;3.2
44;2021-03-17;1966;677;105077;46526;7.3;3.2
44;2021-03-18;2168;638;107245;47164;7.5;3.3
44;2021-03-19;3782;366;111027;47530;7.7;3.3
44;2021-03-20;3211;289;114238;47819;7.9;3.3
44;2021-03-21;913;18;115151;47837;8.0;3.3
44;2021-03-22;2463;440;117614;48277;8.2;3.4
44;2021-03-23;3960;703;121574;48980;8.5;3.4
44;2021-03-24;4302;629;125876;49609;8.8;3.5
44;2021-03-25;5623;927;131499;50536;9.2;3.5
44;2021-03-26;6502;758;138001;51294;9.6;3.6
44;2021-03-27;3214;422;141215;51716;9.8;3.6
44;2021-03-28;1244;39;142459;51755;9.9;3.6
44;2021-03-29;3118;791;145577;52546;10.1;3.7
44;2021-03-30;5134;1117;150711;53663;10.5;3.7
44;2021-03-31;4613;1308;155324;54971;10.8;3.8
44;2021-04-01;6132;1000;161456;55971;11.2;3.9
44;2021-04-02;5795;951;167251;56922;11.6;4.0
44;2021-04-03;2435;650;169686;57572;11.8;4.0
44;2021-04-04;665;20;170351;57592;11.9;4.0
44;2021-04-05;692;286;171043;57878;11.9;4.0
44;2021-04-06;4208;1376;175251;59254;12.2;4.1
44;2021-04-07;5077;1655;180328;60909;12.5;4.2
44;2021-04-08;7179;1659;187507;62568;13.0;4.4
44;2021-04-09;10062;1797;197569;64365;13.7;4.5
44;2021-04-10;4560;1445;202129;65810;14.1;4.6
44;2021-04-11;2148;424;204277;66234;14.2;4.6
44;2021-04-12;5462;1587;209739;67821;14.6;4.7
44;2021-04-13;6729;2255;216468;70076;15.1;4.9
44;2021-04-14;5908;2229;222376;72305;15.5;5.0
44;2021-04-15;6701;2209;229077;74514;15.9;5.2
44;2021-04-16;7780;2039;236857;76553;16.5;5.3
44;2021-04-17;4299;1379;241156;77932;16.8;5.4
44;2021-04-18;2254;820;243410;78752;16.9;5.5
44;2021-04-19;5043;1906;248453;80658;17.3;5.6
44;2021-04-20;6281;2653;254734;83311;17.7;5.8
44;2021-04-21;6006;2784;260740;86095;18.1;6.0
44;2021-04-22;6958;2509;267698;88604;18.6;6.2
44;2021-04-23;7328;3166;275026;91770;19.1;6.4
44;2021-04-24;3975;2049;279001;93819;19.4;6.5
44;2021-04-25;2076;1057;281077;94876;19.6;6.6
44;2021-04-26;5647;2761;286724;97637;20.0;6.8
44;2021-04-27;7419;4103;294143;101740;20.5;7.1
44;2021-04-28;7605;3783;301748;105523;21.0;7.3
44;2021-04-29;8964;4271;310712;109794;21.6;7.6
44;2021-04-30;9566;4694;320278;114488;22.3;8.0
44;2021-05-01;2848;923;323126;115411;22.5;8.0
44;2021-05-02;1900;618;325026;116029;22.6;8.1
44;2021-05-03;5548;4074;330574;120103;23.0;8.4
44;2021-05-04;6330;5137;336904;125240;23.4;8.7
44;2021-05-05;6073;4628;342977;129868;23.9;9.0
44;2021-05-06;7251;4885;350228;134753;24.4;9.4
44;2021-05-07;7453;5720;357681;140473;24.9;9.8
44;2021-05-08;2583;1264;360264;141737;25.1;9.9
44;2021-05-09;1802;1815;362066;143552;25.2;10.0
44;2021-05-10;6571;5773;368637;149325;25.7;10.4
44;2021-05-11;7786;6264;376423;155589;26.2;10.8
44;2021-05-12;8194;5727;384617;161316;26.8;11.2
44;2021-05-13;5300;1187;389917;162503;27.1;11.3
44;2021-05-14;7586;3972;397503;166475;27.7;11.6
44;2021-05-15;5009;2233;402512;168708;28.0;11.7
44;2021-05-16;2796;742;405308;169450;28.2;11.8
44;2021-05-17;6744;5156;412052;174606;28.7;12.1
44;2021-05-18;7971;5240;420023;179846;29.2;12.5
44;2021-05-19;8167;4286;428190;184132;29.8;12.8
44;2021-05-20;8365;4654;436555;188786;30.4;13.1
44;2021-05-21;8836;5215;445391;194001;31.0;13.5
44;2021-05-22;5098;2233;450489;196234;31.3;13.7
44;2021-05-23;1759;824;452248;197058;31.5;13.7
44;2021-05-24;4887;1619;457135;198677;31.8;13.8
44;2021-05-25;7741;5543;464876;204220;32.3;14.2
44;2021-05-26;8181;5043;473057;209263;32.9;14.6
44;2021-05-27;9657;5356;482714;214619;33.6;14.9
44;2021-05-28;9185;6918;491899;221537;34.2;15.4
44;2021-05-29;5885;3336;497784;224873;34.6;15.6
44;2021-05-30;1775;704;499559;225577;34.8;15.7
44;2021-05-31;8060;6186;507619;231763;35.3;16.1
44;2021-06-01;9902;6560;517521;238323;36.0;16.6
44;2021-06-02;9522;5691;527043;244014;36.7;17.0
44;2021-06-03;10857;5885;537900;249899;37.4;17.4
44;2021-06-04;9956;8071;547856;257970;38.1;18.0
44;2021-06-05;5776;4346;553632;262316;38.5;18.3
44;2021-06-06;2362;1130;555994;263446;38.7;18.3
44;2021-06-07;9553;6939;565547;270385;39.4;18.8
44;2021-06-08;10908;7497;576455;277882;40.1;19.3
44;2021-06-09;10551;6325;587006;284207;40.8;19.8
44;2021-06-10;11417;6038;598423;290245;41.6;20.2
44;2021-06-11;11939;8639;610362;298884;42.5;20.8
44;2021-06-12;7758;4090;618120;302974;43.0;21.1
44;2021-06-13;2792;1009;620912;303983;43.2;21.2
44;2021-06-14;8756;8406;629668;312389;43.8;21.7
44;2021-06-15;11480;8245;641148;320634;44.6;22.3
44;2021-06-16;10969;7652;652117;328286;45.4;22.8
44;2021-06-17;11722;8673;663839;336959;46.2;23.4
44;2021-06-18;10843;10106;674682;347065;46.9;24.1
44;2021-06-19;5880;4322;680562;351387;47.4;24.5
44;2021-06-20;2534;1335;683096;352722;47.5;24.5
44;2021-06-21;7307;10011;690403;362733;48.0;25.2
44;2021-06-22;8455;10623;698858;373356;48.6;26.0
44;2021-06-23;8547;9132;707405;382488;49.2;26.6
44;2021-06-24;9119;8568;716524;391056;49.9;27.2
44;2021-06-25;7634;10812;724158;401868;50.4;28.0
44;2021-06-26;2960;6471;727118;408339;50.6;28.4
44;2021-06-27;815;2404;727933;410743;50.7;28.6
44;2021-06-28;5223;10055;733156;420798;51.0;29.3
44;2021-06-29;6180;12086;739336;432884;51.4;30.1
44;2021-06-30;6171;10453;745507;443337;51.9;30.8
44;2021-07-01;6914;10487;752421;453824;52.4;31.6
44;2021-07-02;6507;12549;758928;466373;52.8;32.5
44;2021-07-03;2579;7004;761507;473377;53.0;32.9
44;2021-07-04;994;2234;762501;475611;53.1;33.1
44;2021-07-05;5273;11868;767774;487479;53.4;33.9
44;2021-07-06;5967;12607;773741;500086;53.8;34.8
44;2021-07-07;6470;11096;780211;511182;54.3;35.6
44;2021-07-08;7366;11959;787577;523141;54.8;36.4
44;2021-07-09;6182;14253;793759;537394;55.2;37.4
44;2021-07-10;2431;7009;796190;544403;55.4;37.9
44;2021-07-11;727;2261;796917;546664;55.5;38.0
44;2021-07-12;4344;14056;801261;560720;55.8;39.0
44;2021-07-13;5712;14858;806973;575578;56.2;40.1
44;2021-07-14;3628;5813;810601;581391;56.4;40.5
44;2021-07-15;7146;14282;817747;595673;56.9;41.4
44;2021-07-16;8092;15002;825839;610675;57.5;42.5
44;2021-07-17;3355;7577;829194;618252;57.7;43.0
44;2021-07-18;1428;2546;830622;620798;57.8;43.2
44;2021-07-19;4671;14708;835293;635506;58.1;44.2
44;2021-07-20;5974;15688;841267;651194;58.5;45.3
44;2021-07-21;5805;14006;847072;665200;58.9;46.3
44;2021-07-22;6673;13765;853745;678965;59.4;47.2
44;2021-07-23;6113;15652;859858;694617;59.8;48.3
44;2021-07-24;2820;8729;862678;703346;60.0;48.9
44;2021-07-25;929;3091;863607;706437;60.1;49.2
44;2021-07-26;6033;12704;869640;719141;60.5;50.0
44;2021-07-27;9616;12189;879256;731330;61.2;50.9
44;2021-07-28;9189;10840;888445;742170;61.8;51.6
44;2021-07-29;10198;10831;898643;753001;62.5;52.4
44;2021-07-30;9098;10921;907741;763922;63.2;53.2
44;2021-07-31;4734;5640;912475;769562;63.5;53.5
44;2021-08-01;2535;1406;915010;770968;63.7;53.6
44;2021-08-02;6271;9470;921281;780438;64.1;54.3
44;2021-08-03;8334;8536;929615;788974;64.7;54.9
44;2021-08-04;9020;6961;938635;795935;65.3;55.4
44;2021-08-05;11438;7501;950073;803436;66.1;55.9
44;2021-08-06;9601;8181;959674;811617;66.8;56.5
44;2021-08-07;4536;3685;964210;815302;67.1;56.7
44;2021-08-08;2499;1725;966709;817027;67.3;56.9
44;2021-08-09;8820;7949;975529;824976;67.9;57.4
44;2021-08-10;10154;7580;985683;832556;68.6;57.9
44;2021-08-11;10290;6751;995973;839307;69.3;58.4
45;2020-12-27;0;0;0;0;0.0;0.0
45;2020-12-28;1;0;1;0;0.0;0.0
45;2020-12-29;0;0;1;0;0.0;0.0
45;2020-12-30;0;0;1;0;0.0;0.0
45;2020-12-31;1;0;2;0;0.0;0.0
45;2021-01-01;0;0;2;0;0.0;0.0
45;2021-01-02;0;0;2;0;0.0;0.0
45;2021-01-03;0;0;2;0;0.0;0.0
45;2021-01-04;0;0;2;0;0.0;0.0
45;2021-01-05;76;0;78;0;0.0;0.0
45;2021-01-06;69;0;147;0;0.0;0.0
45;2021-01-07;187;0;334;0;0.0;0.0
45;2021-01-08;199;1;533;1;0.1;0.0
45;2021-01-09;42;0;575;1;0.1;0.0
45;2021-01-10;23;0;598;1;0.1;0.0
45;2021-01-11;254;0;852;1;0.1;0.0
45;2021-01-12;680;3;1532;4;0.2;0.0
45;2021-01-13;496;2;2028;6;0.3;0.0
45;2021-01-14;482;40;2510;46;0.4;0.0
45;2021-01-15;391;3;2901;49;0.4;0.0
45;2021-01-16;39;0;2940;49;0.4;0.0
45;2021-01-17;24;0;2964;49;0.4;0.0
45;2021-01-18;814;1;3778;50;0.6;0.0
45;2021-01-19;1196;6;4974;56;0.7;0.0
45;2021-01-20;2113;6;7087;62;1.0;0.0
45;2021-01-21;2523;6;9610;68;1.4;0.0
45;2021-01-22;1409;3;11019;71;1.6;0.0
45;2021-01-23;121;0;11140;71;1.6;0.0
45;2021-01-24;39;0;11179;71;1.6;0.0
45;2021-01-25;557;3;11736;74;1.7;0.0
45;2021-01-26;869;18;12605;92;1.8;0.0
45;2021-01-27;649;44;13254;136;1.9;0.0
45;2021-01-28;882;218;14136;354;2.1;0.1
45;2021-01-29;577;128;14713;482;2.2;0.1
45;2021-01-30;40;41;14753;523;2.2;0.1
45;2021-01-31;37;23;14790;546;2.2;0.1
45;2021-02-01;462;209;15252;755;2.2;0.1
45;2021-02-02;759;468;16011;1223;2.3;0.2
45;2021-02-03;773;481;16784;1704;2.5;0.2
45;2021-02-04;701;267;17485;1971;2.6;0.3
45;2021-02-05;417;151;17902;2122;2.6;0.3
45;2021-02-06;36;28;17938;2150;2.6;0.3
45;2021-02-07;7;31;17945;2181;2.6;0.3
45;2021-02-08;455;194;18400;2375;2.7;0.3
45;2021-02-09;1006;409;19406;2784;2.8;0.4
45;2021-02-10;1278;799;20684;3583;3.0;0.5
45;2021-02-11;1384;1524;22068;5107;3.2;0.7
45;2021-02-12;1052;1141;23120;6248;3.4;0.9
45;2021-02-13;85;158;23205;6406;3.4;0.9
45;2021-02-14;39;11;23244;6417;3.4;0.9
45;2021-02-15;523;610;23767;7027;3.5;1.0
45;2021-02-16;756;940;24523;7967;3.6;1.2
45;2021-02-17;641;1049;25164;9016;3.7;1.3
45;2021-02-18;841;856;26005;9872;3.8;1.4
45;2021-02-19;828;764;26833;10636;3.9;1.6
45;2021-02-20;59;94;26892;10730;3.9;1.6
45;2021-02-21;17;46;26909;10776;3.9;1.6
45;2021-02-22;407;631;27316;11407;4.0;1.7
45;2021-02-23;815;790;28131;12197;4.1;1.8
45;2021-02-24;650;917;28781;13114;4.2;1.9
45;2021-02-25;961;778;29742;13892;4.4;2.0
45;2021-02-26;1044;687;30786;14579;4.5;2.1
45;2021-02-27;290;52;31076;14631;4.6;2.1
45;2021-02-28;28;5;31104;14636;4.6;2.1
45;2021-03-01;533;335;31637;14971;4.6;2.2
45;2021-03-02;671;726;32308;15697;4.7;2.3
45;2021-03-03;982;895;33290;16592;4.9;2.4
45;2021-03-04;1108;984;34398;17576;5.0;2.6
45;2021-03-05;1442;862;35840;18438;5.2;2.7
45;2021-03-06;2021;127;37861;18565;5.5;2.7
45;2021-03-07;143;59;38004;18624;5.6;2.7
45;2021-03-08;752;848;38756;19472;5.7;2.9
45;2021-03-09;1256;718;40012;20190;5.9;3.0
45;2021-03-10;1593;900;41605;21090;6.1;3.1
45;2021-03-11;1720;751;43325;21841;6.3;3.2
45;2021-03-12;2074;607;45399;22448;6.6;3.3
45;2021-03-13;987;46;46386;22494;6.8;3.3
45;2021-03-14;24;43;46410;22537;6.8;3.3
45;2021-03-15;810;597;47220;23134;6.9;3.4
45;2021-03-16;943;837;48163;23971;7.1;3.5
45;2021-03-17;1051;688;49214;24659;7.2;3.6
45;2021-03-18;997;582;50211;25241;7.4;3.7
45;2021-03-19;1619;430;51830;25671;7.6;3.8
45;2021-03-20;498;82;52328;25753;7.7;3.8
45;2021-03-21;20;35;52348;25788;7.7;3.8
45;2021-03-22;914;528;53262;26316;7.8;3.9
45;2021-03-23;1983;718;55245;27034;8.1;4.0
45;2021-03-24;1897;549;57142;27583;8.4;4.0
45;2021-03-25;2983;448;60125;28031;8.8;4.1
45;2021-03-26;3389;478;63514;28509;9.3;4.2
45;2021-03-27;1793;121;65307;28630;9.6;4.2
45;2021-03-28;89;40;65396;28670;9.6;4.2
45;2021-03-29;1529;536;66925;29206;9.8;4.3
45;2021-03-30;2781;782;69706;29988;10.2;4.4
45;2021-03-31;2134;575;71840;30563;10.5;4.5
45;2021-04-01;2973;564;74813;31127;11.0;4.6
45;2021-04-02;2826;511;77639;31638;11.4;4.6
45;2021-04-03;810;73;78449;31711;11.5;4.6
45;2021-04-04;113;33;78562;31744;11.5;4.6
45;2021-04-05;14;2;78576;31746;11.5;4.6
45;2021-04-06;1734;791;80310;32537;11.8;4.8
45;2021-04-07;1776;1111;82086;33648;12.0;4.9
45;2021-04-08;2773;1019;84859;34667;12.4;5.1
45;2021-04-09;3674;641;88533;35308;13.0;5.2
45;2021-04-10;2322;108;90855;35416;13.3;5.2
45;2021-04-11;153;24;91008;35440;13.3;5.2
45;2021-04-12;2606;664;93614;36104;13.7;5.3
45;2021-04-13;3844;1084;97458;37188;14.3;5.4
45;2021-04-14;2930;1217;100388;38405;14.7;5.6
45;2021-04-15;3520;1033;103908;39438;15.2;5.8
45;2021-04-16;3775;683;107683;40121;15.8;5.9
45;2021-04-17;1613;110;109296;40231;16.0;5.9
45;2021-04-18;200;40;109496;40271;16.0;5.9
45;2021-04-19;1937;945;111433;41216;16.3;6.0
45;2021-04-20;3076;1695;114509;42911;16.8;6.3
45;2021-04-21;2722;1302;117231;44213;17.2;6.5
45;2021-04-22;3425;1839;120656;46052;17.7;6.7
45;2021-04-23;3276;1781;123932;47833;18.1;7.0
45;2021-04-24;2023;867;125955;48700;18.4;7.1
45;2021-04-25;292;86;126247;48786;18.5;7.1
45;2021-04-26;2228;1164;128475;49950;18.8;7.3
45;2021-04-27;3352;2353;131827;52303;19.3;7.7
45;2021-04-28;2802;1947;134629;54250;19.7;7.9
45;2021-04-29;3832;2335;138461;56585;20.3;8.3
45;2021-04-30;4389;1806;142850;58391;20.9;8.6
45;2021-05-01;451;61;143301;58452;21.0;8.6
45;2021-05-02;627;122;143928;58574;21.1;8.6
45;2021-05-03;2821;991;146749;59565;21.5;8.7
45;2021-05-04;3159;2344;149908;61909;22.0;9.1
45;2021-05-05;2714;2162;152622;64071;22.3;9.4
45;2021-05-06;3331;2538;155953;66609;22.8;9.8
45;2021-05-07;2872;3199;158825;69808;23.3;10.2
45;2021-05-08;611;246;159436;70054;23.3;10.3
45;2021-05-09;1498;125;160934;70179;23.6;10.3
45;2021-05-10;4140;2973;165074;73152;24.2;10.7
45;2021-05-11;5031;2970;170105;76122;24.9;11.1
45;2021-05-12;6078;2781;176183;78903;25.8;11.6
45;2021-05-13;2450;596;178633;79499;26.2;11.6
45;2021-05-14;4968;1629;183601;81128;26.9;11.9
45;2021-05-15;4066;608;187667;81736;27.5;12.0
45;2021-05-16;287;33;187954;81769;27.5;12.0
45;2021-05-17;3357;1538;191311;83307;28.0;12.2
45;2021-05-18;5118;1680;196429;84987;28.8;12.4
45;2021-05-19;4493;2059;200922;87046;29.4;12.7
45;2021-05-20;5265;2138;206187;89184;30.2;13.1
45;2021-05-21;5146;2229;211333;91413;30.9;13.4
45;2021-05-22;3040;631;214373;92044;31.4;13.5
45;2021-05-23;15;94;214388;92138;31.4;13.5
45;2021-05-24;2827;207;217215;92345;31.8;13.5
45;2021-05-25;4961;3031;222176;95376;32.5;14.0
45;2021-05-26;5114;2331;227290;97707;33.3;14.3
45;2021-05-27;5310;3236;232600;100943;34.1;14.8
45;2021-05-28;5662;3591;238262;104534;34.9;15.3
45;2021-05-29;3671;1287;241933;105821;35.4;15.5
45;2021-05-30;33;182;241966;106003;35.4;15.5
45;2021-05-31;4329;2522;246295;108525;36.1;15.9
45;2021-06-01;6092;2999;252387;111524;37.0;16.3
45;2021-06-02;4942;3096;257329;114620;37.7;16.8
45;2021-06-03;5619;3204;262948;117824;38.5;17.3
45;2021-06-04;5897;3186;268845;121010;39.4;17.7
45;2021-06-05;2032;1334;270877;122344;39.7;17.9
45;2021-06-06;88;198;270965;122542;39.7;17.9
45;2021-06-07;4081;2724;275046;125266;40.3;18.3
45;2021-06-08;4642;4074;279688;129340;41.0;18.9
45;2021-06-09;4356;3341;284044;132681;41.6;19.4
45;2021-06-10;4643;2684;288687;135365;42.3;19.8
45;2021-06-11;4115;3664;292802;139029;42.9;20.4
45;2021-06-12;2440;1508;295242;140537;43.2;20.6
45;2021-06-13;21;424;295263;140961;43.2;20.6
45;2021-06-14;3139;4153;298402;145114;43.7;21.2
45;2021-06-15;3389;4326;301791;149440;44.2;21.9
45;2021-06-16;3901;3454;305692;152894;44.8;22.4
45;2021-06-17;3525;3541;309217;156435;45.3;22.9
45;2021-06-18;3803;5030;313020;161465;45.8;23.6
45;2021-06-19;2395;1761;315415;163226;46.2;23.9
45;2021-06-20;47;142;315462;163368;46.2;23.9
45;2021-06-21;2163;5850;317625;169218;46.5;24.8
45;2021-06-22;2419;6528;320044;175746;46.9;25.7
45;2021-06-23;2284;5602;322328;181348;47.2;26.6
45;2021-06-24;2135;3531;324463;184879;47.5;27.1
45;2021-06-25;2443;6444;326906;191323;47.9;28.0
45;2021-06-26;1947;3092;328853;194415;48.2;28.5
45;2021-06-27;53;138;328906;194553;48.2;28.5
45;2021-06-28;2078;4831;330984;199384;48.5;29.2
45;2021-06-29;2836;6816;333820;206200;48.9;30.2
45;2021-06-30;2886;5848;336706;212048;49.3;31.1
45;2021-07-01;2396;5035;339102;217083;49.7;31.8
45;2021-07-02;2361;6286;341463;223369;50.0;32.7
45;2021-07-03;755;2540;342218;225909;50.1;33.1
45;2021-07-04;6;12;342224;225921;50.1;33.1
45;2021-07-05;2140;4988;344364;230909;50.4;33.8
45;2021-07-06;2798;6776;347162;237685;50.8;34.8
45;2021-07-07;2438;6057;349600;243742;51.2;35.7
45;2021-07-08;2817;5381;352417;249123;51.6;36.5
45;2021-07-09;2144;6981;354561;256104;51.9;37.5
45;2021-07-10;1542;3859;356103;259963;52.1;38.1
45;2021-07-11;24;31;356127;259994;52.1;38.1
45;2021-07-12;1590;6001;357717;265995;52.4;39.0
45;2021-07-13;2995;8229;360712;274224;52.8;40.2
45;2021-07-14;1472;1516;362184;275740;53.0;40.4
45;2021-07-15;3728;7286;365912;283026;53.6;41.4
45;2021-07-16;3247;7454;369159;290480;54.1;42.5
45;2021-07-17;1277;2330;370436;292810;54.2;42.9
45;2021-07-18;15;19;370451;292829;54.2;42.9
45;2021-07-19;1864;5946;372315;298775;54.5;43.8
45;2021-07-20;4695;6902;377010;305677;55.2;44.8
45;2021-07-21;5159;5472;382169;311149;56.0;45.6
45;2021-07-22;6155;4900;388324;316049;56.9;46.3
45;2021-07-23;4241;5488;392565;321537;57.5;47.1
45;2021-07-24;1852;2825;394417;324362;57.8;47.5
45;2021-07-25;5;14;394422;324376;57.8;47.5
45;2021-07-26;2899;4983;397321;329359;58.2;48.2
45;2021-07-27;5430;5068;402751;334427;59.0;49.0
45;2021-07-28;4976;4170;407727;338597;59.7;49.6
45;2021-07-29;5264;3244;412991;341841;60.5;50.1
45;2021-07-30;4730;4705;417721;346546;61.2;50.7
45;2021-07-31;846;1949;418567;348495;61.3;51.0
45;2021-08-01;1;4;418568;348499;61.3;51.0
45;2021-08-02;3592;3228;422160;351727;61.8;51.5
45;2021-08-03;4858;3007;427018;354734;62.5;51.9
45;2021-08-04;3719;2226;430737;356960;63.1;52.3
45;2021-08-05;3291;2630;434028;359590;63.6;52.7
45;2021-08-06;3737;3255;437765;362845;64.1;53.1
45;2021-08-07;1677;1045;439442;363890;64.4;53.3
45;2021-08-08;6;18;439448;363908;64.4;53.3
45;2021-08-09;2583;3002;442031;366910;64.7;53.7
45;2021-08-10;3484;3775;445515;370685;65.2;54.3
45;2021-08-11;2681;3698;448196;374383;65.6;54.8
46;2020-12-27;2;0;2;0;0.0;0.0
46;2020-12-28;0;0;2;0;0.0;0.0
46;2020-12-29;0;0;2;0;0.0;0.0
46;2020-12-30;0;0;2;0;0.0;0.0
46;2020-12-31;0;0;2;0;0.0;0.0
46;2021-01-01;0;0;2;0;0.0;0.0
46;2021-01-02;0;0;2;0;0.0;0.0
46;2021-01-03;1;0;3;0;0.0;0.0
46;2021-01-04;0;0;3;0;0.0;0.0
46;2021-01-05;0;0;3;0;0.0;0.0
46;2021-01-06;3;0;6;0;0.0;0.0
46;2021-01-07;135;0;141;0;0.1;0.0
46;2021-01-08;181;0;322;0;0.2;0.0
46;2021-01-09;1;0;323;0;0.2;0.0
46;2021-01-10;1;0;324;0;0.2;0.0
46;2021-01-11;118;0;442;0;0.3;0.0
46;2021-01-12;140;0;582;0;0.3;0.0
46;2021-01-13;234;0;816;0;0.5;0.0
46;2021-01-14;238;2;1054;2;0.6;0.0
46;2021-01-15;304;2;1358;4;0.8;0.0
46;2021-01-16;18;0;1376;4;0.8;0.0
46;2021-01-17;0;0;1376;4;0.8;0.0
46;2021-01-18;274;2;1650;6;1.0;0.0
46;2021-01-19;389;0;2039;6;1.2;0.0
46;2021-01-20;936;1;2975;7;1.7;0.0
46;2021-01-21;996;0;3971;7;2.3;0.0
46;2021-01-22;390;2;4361;9;2.5;0.0
46;2021-01-23;0;0;4361;9;2.5;0.0
46;2021-01-24;0;0;4361;9;2.5;0.0
46;2021-01-25;203;1;4564;10;2.6;0.0
46;2021-01-26;262;1;4826;11;2.8;0.0
46;2021-01-27;276;0;5102;11;2.9;0.0
46;2021-01-28;278;43;5380;54;3.1;0.0
46;2021-01-29;233;93;5613;147;3.2;0.1
46;2021-01-30;1;0;5614;147;3.2;0.1
46;2021-01-31;1;0;5615;147;3.2;0.1
46;2021-02-01;233;175;5848;322;3.4;0.2
46;2021-02-02;209;238;6057;560;3.5;0.3
46;2021-02-03;224;97;6281;657;3.6;0.4
46;2021-02-04;372;86;6653;743;3.8;0.4
46;2021-02-05;226;179;6879;922;4.0;0.5
46;2021-02-06;8;0;6887;922;4.0;0.5
46;2021-02-07;43;0;6930;922;4.0;0.5
46;2021-02-08;197;156;7127;1078;4.1;0.6
46;2021-02-09;270;230;7397;1308;4.3;0.8
46;2021-02-10;278;545;7675;1853;4.4;1.1
46;2021-02-11;654;558;8329;2411;4.8;1.4
46;2021-02-12;321;341;8650;2752;5.0;1.6
46;2021-02-13;1;0;8651;2752;5.0;1.6
46;2021-02-14;0;62;8651;2814;5.0;1.6
46;2021-02-15;195;293;8846;3107;5.1;1.8
46;2021-02-16;217;282;9063;3389;5.2;2.0
46;2021-02-17;200;328;9263;3717;5.3;2.1
46;2021-02-18;336;268;9599;3985;5.5;2.3
46;2021-02-19;277;234;9876;4219;5.7;2.4
46;2021-02-20;0;0;9876;4219;5.7;2.4
46;2021-02-21;1;0;9877;4219;5.7;2.4
46;2021-02-22;132;193;10009;4412;5.8;2.5
46;2021-02-23;225;168;10234;4580;5.9;2.6
46;2021-02-24;179;325;10413;4905;6.0;2.8
46;2021-02-25;247;342;10660;5247;6.2;3.0
46;2021-02-26;401;346;11061;5593;6.4;3.2
46;2021-02-27;120;0;11181;5593;6.5;3.2
46;2021-02-28;0;3;11181;5596;6.5;3.2
46;2021-03-01;169;180;11350;5776;6.6;3.3
46;2021-03-02;405;232;11755;6008;6.8;3.5
46;2021-03-03;457;331;12212;6339;7.1;3.7
46;2021-03-04;608;456;12820;6795;7.4;3.9
46;2021-03-05;809;365;13629;7160;7.9;4.1
46;2021-03-06;474;17;14103;7177;8.1;4.1
46;2021-03-07;101;19;14204;7196;8.2;4.2
46;2021-03-08;348;249;14552;7445;8.4;4.3
46;2021-03-09;745;271;15297;7716;8.8;4.5
46;2021-03-10;686;248;15983;7964;9.2;4.6
46;2021-03-11;848;254;16831;8218;9.7;4.7
46;2021-03-12;926;228;17757;8446;10.3;4.9
46;2021-03-13;512;3;18269;8449;10.5;4.9
46;2021-03-14;0;0;18269;8449;10.5;4.9
46;2021-03-15;505;166;18774;8615;10.8;5.0
46;2021-03-16;752;177;19526;8792;11.3;5.1
46;2021-03-17;671;203;20197;8995;11.7;5.2
46;2021-03-18;747;216;20944;9211;12.1;5.3
46;2021-03-19;810;149;21754;9360;12.6;5.4
46;2021-03-20;292;3;22046;9363;12.7;5.4
46;2021-03-21;2;0;22048;9363;12.7;5.4
46;2021-03-22;555;241;22603;9604;13.1;5.5
46;2021-03-23;702;213;23305;9817;13.5;5.7
46;2021-03-24;674;240;23979;10057;13.8;5.8
46;2021-03-25;1133;181;25112;10238;14.5;5.9
46;2021-03-26;1025;341;26137;10579;15.1;6.1
46;2021-03-27;420;71;26557;10650;15.3;6.2
46;2021-03-28;127;1;26684;10651;15.4;6.2
46;2021-03-29;732;253;27416;10904;15.8;6.3
46;2021-03-30;767;363;28183;11267;16.3;6.5
46;2021-03-31;866;420;29049;11687;16.8;6.7
46;2021-04-01;1169;343;30218;12030;17.5;6.9
46;2021-04-02;924;394;31142;12424;18.0;7.2
46;2021-04-03;167;166;31309;12590;18.1;7.3
46;2021-04-04;0;71;31309;12661;18.1;7.3
46;2021-04-05;1;0;31310;12661;18.1;7.3
46;2021-04-06;544;519;31854;13180;18.4;7.6
46;2021-04-07;784;645;32638;13825;18.8;8.0
46;2021-04-08;961;542;33599;14367;19.4;8.3
46;2021-04-09;1018;501;34617;14868;20.0;8.6
46;2021-04-10;502;208;35119;15076;20.3;8.7
46;2021-04-11;232;1;35351;15077;20.4;8.7
46;2021-04-12;845;547;36196;15624;20.9;9.0
46;2021-04-13;1186;717;37382;16341;21.6;9.4
46;2021-04-14;1535;614;38917;16955;22.5;9.8
46;2021-04-15;1497;664;40414;17619;23.3;10.2
46;2021-04-16;1582;566;41996;18185;24.3;10.5
46;2021-04-17;993;133;42989;18318;24.8;10.6
46;2021-04-18;516;8;43505;18326;25.1;10.6
46;2021-04-19;1070;572;44575;18898;25.7;10.9
46;2021-04-20;1222;725;45797;19623;26.4;11.3
46;2021-04-21;1230;713;47027;20336;27.2;11.7
46;2021-04-22;1391;728;48418;21064;28.0;12.2
46;2021-04-23;1132;731;49550;21795;28.6;12.6
46;2021-04-24;472;19;50022;21814;28.9;12.6
46;2021-04-25;351;11;50373;21825;29.1;12.6
46;2021-04-26;853;731;51226;22556;29.6;13.0
46;2021-04-27;1221;665;52447;23221;30.3;13.4
46;2021-04-28;1289;668;53736;23889;31.0;13.8
46;2021-04-29;1416;525;55152;24414;31.8;14.1
46;2021-04-30;1438;563;56590;24977;32.7;14.4
46;2021-05-01;697;71;57287;25048;33.1;14.5
46;2021-05-02;346;4;57633;25052;33.3;14.5
46;2021-05-03;853;568;58486;25620;33.8;14.8
46;2021-05-04;1037;1062;59523;26682;34.4;15.4
46;2021-05-05;1374;785;60897;27467;35.2;15.9
46;2021-05-06;1377;740;62274;28207;36.0;16.3
46;2021-05-07;1396;791;63670;28998;36.8;16.7
46;2021-05-08;281;411;63951;29409;36.9;17.0
46;2021-05-09;23;225;63974;29634;36.9;17.1
46;2021-05-10;517;1140;64491;30774;37.2;17.8
46;2021-05-11;1038;1258;65529;32032;37.8;18.5
46;2021-05-12;994;1561;66523;33593;38.4;19.4
46;2021-05-13;600;143;67123;33736;38.8;19.5
46;2021-05-14;960;1097;68083;34833;39.3;20.1
46;2021-05-15;256;654;68339;35487;39.5;20.5
46;2021-05-16;78;298;68417;35785;39.5;20.7
46;2021-05-17;653;957;69070;36742;39.9;21.2
46;2021-05-18;1404;1023;70474;37765;40.7;21.8
46;2021-05-19;1306;904;71780;38669;41.5;22.3
46;2021-05-20;1453;811;73233;39480;42.3;22.8
46;2021-05-21;996;1158;74229;40638;42.9;23.5
46;2021-05-22;147;369;74376;41007;43.0;23.7
46;2021-05-23;450;25;74826;41032;43.2;23.7
46;2021-05-24;411;113;75237;41145;43.4;23.8
46;2021-05-25;962;1332;76199;42477;44.0;24.5
46;2021-05-26;1236;1150;77435;43627;44.7;25.2
46;2021-05-27;1432;1193;78867;44820;45.5;25.9
46;2021-05-28;1433;1209;80300;46029;46.4;26.6
46;2021-05-29;1052;399;81352;46428;47.0;26.8
46;2021-05-30;408;39;81760;46467;47.2;26.8
46;2021-05-31;970;976;82730;47443;47.8;27.4
46;2021-06-01;1277;997;84007;48440;48.5;28.0
46;2021-06-02;1317;1116;85324;49556;49.3;28.6
46;2021-06-03;1416;1012;86740;50568;50.1;29.2
46;2021-06-04;1332;977;88072;51545;50.9;29.8
46;2021-06-05;380;414;88452;51959;51.1;30.0
46;2021-06-06;207;95;88659;52054;51.2;30.1
46;2021-06-07;814;617;89473;52671;51.7;30.4
46;2021-06-08;1020;895;90493;53566;52.3;30.9
46;2021-06-09;1504;972;91997;54538;53.1;31.5
46;2021-06-10;981;852;92978;55390;53.7;32.0
46;2021-06-11;970;1323;93948;56713;54.3;32.8
46;2021-06-12;459;549;94407;57262;54.5;33.1
46;2021-06-13;27;86;94434;57348;54.5;33.1
46;2021-06-14;593;1138;95027;58486;54.9;33.8
46;2021-06-15;751;1248;95778;59734;55.3;34.5
46;2021-06-16;999;1113;96777;60847;55.9;35.1
46;2021-06-17;527;896;97304;61743;56.2;35.7
46;2021-06-18;658;1255;97962;62998;56.6;36.4
46;2021-06-19;456;312;98418;63310;56.8;36.6
46;2021-06-20;39;161;98457;63471;56.9;36.7
46;2021-06-21;428;945;98885;64416;57.1;37.2
46;2021-06-22;350;1178;99235;65594;57.3;37.9
46;2021-06-23;521;1075;99756;66669;57.6;38.5
46;2021-06-24;250;822;100006;67491;57.8;39.0
46;2021-06-25;492;1117;100498;68608;58.0;39.6
46;2021-06-26;395;552;100893;69160;58.3;39.9
46;2021-06-27;2;4;100895;69164;58.3;39.9
46;2021-06-28;313;1338;101208;70502;58.4;40.7
46;2021-06-29;378;1683;101586;72185;58.7;41.7
46;2021-06-30;512;1579;102098;73764;59.0;42.6
46;2021-07-01;308;1152;102406;74916;59.1;43.3
46;2021-07-02;468;1085;102874;76001;59.4;43.9
46;2021-07-03;123;455;102997;76456;59.5;44.2
46;2021-07-04;57;127;103054;76583;59.5;44.2
46;2021-07-05;345;1188;103399;77771;59.7;44.9
46;2021-07-06;368;1457;103767;79228;59.9;45.8
46;2021-07-07;581;1721;104348;80949;60.3;46.7
46;2021-07-08;339;1166;104687;82115;60.5;47.4
46;2021-07-09;395;1706;105082;83821;60.7;48.4
46;2021-07-10;286;1041;105368;84862;60.8;49.0
46;2021-07-11;15;375;105383;85237;60.9;49.2
46;2021-07-12;248;1260;105631;86497;61.0;50.0
46;2021-07-13;624;1673;106255;88170;61.4;50.9
46;2021-07-14;64;144;106319;88314;61.4;51.0
46;2021-07-15;891;1463;107210;89777;61.9;51.8
46;2021-07-16;766;1396;107976;91173;62.4;52.7
46;2021-07-17;357;537;108333;91710;62.6;53.0
46;2021-07-18;2;0;108335;91710;62.6;53.0
46;2021-07-19;668;1187;109003;92897;62.9;53.6
46;2021-07-20;980;1427;109983;94324;63.5;54.5
46;2021-07-21;996;1381;110979;95705;64.1;55.3
46;2021-07-22;1383;1111;112362;96816;64.9;55.9
46;2021-07-23;757;1323;113119;98139;65.3;56.7
46;2021-07-24;933;662;114052;98801;65.9;57.1
46;2021-07-25;134;16;114186;98817;65.9;57.1
46;2021-07-26;875;880;115061;99697;66.4;57.6
46;2021-07-27;1191;975;116252;100672;67.1;58.1
46;2021-07-28;1250;1101;117502;101773;67.9;58.8
46;2021-07-29;1548;847;119050;102620;68.7;59.3
46;2021-07-30;1884;951;120934;103571;69.8;59.8
46;2021-07-31;927;652;121861;104223;70.4;60.2
46;2021-08-01;11;3;121872;104226;70.4;60.2
46;2021-08-02;964;583;122836;104809;70.9;60.5
46;2021-08-03;1346;678;124182;105487;71.7;60.9
46;2021-08-04;1735;601;125917;106088;72.7;61.3
46;2021-08-05;1376;843;127293;106931;73.5;61.8
46;2021-08-06;1395;845;128688;107776;74.3;62.2
46;2021-08-07;703;541;129391;108317;74.7;62.6
46;2021-08-08;95;66;129486;108383;74.8;62.6
46;2021-08-09;971;690;130457;109073;75.3;63.0
46;2021-08-10;1189;887;131646;109960;76.0;63.5
46;2021-08-11;1227;1059;132873;111019;76.7;64.1
47;2020-12-27;0;0;0;0;0.0;0.0
47;2020-12-28;0;0;0;0;0.0;0.0
47;2020-12-29;0;0;0;0;0.0;0.0
47;2020-12-30;0;0;0;0;0.0;0.0
47;2020-12-31;0;0;0;0;0.0;0.0
47;2021-01-01;4;0;4;0;0.0;0.0
47;2021-01-02;0;0;4;0;0.0;0.0
47;2021-01-03;0;0;4;0;0.0;0.0
47;2021-01-04;0;0;4;0;0.0;0.0
47;2021-01-05;0;0;4;0;0.0;0.0
47;2021-01-06;0;0;4;0;0.0;0.0
47;2021-01-07;71;1;75;1;0.0;0.0
47;2021-01-08;314;0;389;1;0.1;0.0
47;2021-01-09;113;0;502;1;0.2;0.0
47;2021-01-10;0;0;502;1;0.2;0.0
47;2021-01-11;249;0;751;1;0.2;0.0
47;2021-01-12;326;0;1077;1;0.3;0.0
47;2021-01-13;349;0;1426;1;0.4;0.0
47;2021-01-14;364;4;1790;5;0.5;0.0
47;2021-01-15;286;1;2076;6;0.6;0.0
47;2021-01-16;176;4;2252;10;0.7;0.0
47;2021-01-17;0;0;2252;10;0.7;0.0
47;2021-01-18;484;1;2736;11;0.8;0.0
47;2021-01-19;469;2;3205;13;1.0;0.0
47;2021-01-20;511;0;3716;13;1.1;0.0
47;2021-01-21;585;0;4301;13;1.3;0.0
47;2021-01-22;464;0;4765;13;1.4;0.0
47;2021-01-23;389;1;5154;14;1.6;0.0
47;2021-01-24;0;0;5154;14;1.6;0.0
47;2021-01-25;426;0;5580;14;1.7;0.0
47;2021-01-26;788;4;6368;18;1.9;0.0
47;2021-01-27;732;0;7100;18;2.1;0.0
47;2021-01-28;575;66;7675;84;2.3;0.0
47;2021-01-29;462;170;8137;254;2.5;0.1
47;2021-01-30;301;39;8438;293;2.6;0.1
47;2021-01-31;0;0;8438;293;2.6;0.1
47;2021-02-01;374;116;8812;409;2.7;0.1
47;2021-02-02;758;317;9570;726;2.9;0.2
47;2021-02-03;424;164;9994;890;3.0;0.3
47;2021-02-04;370;317;10364;1207;3.1;0.4
47;2021-02-05;300;311;10664;1518;3.2;0.5
47;2021-02-06;295;99;10959;1617;3.3;0.5
47;2021-02-07;0;0;10959;1617;3.3;0.5
47;2021-02-08;184;286;11143;1903;3.4;0.6
47;2021-02-09;232;260;11375;2163;3.4;0.7
47;2021-02-10;255;245;11630;2408;3.5;0.7
47;2021-02-11;357;378;11987;2786;3.6;0.8
47;2021-02-12;243;414;12230;3200;3.7;1.0
47;2021-02-13;224;111;12454;3311;3.8;1.0
47;2021-02-14;0;0;12454;3311;3.8;1.0
47;2021-02-15;194;385;12648;3696;3.8;1.1
47;2021-02-16;303;590;12951;4286;3.9;1.3
47;2021-02-17;326;456;13277;4742;4.0;1.4
47;2021-02-18;200;600;13477;5342;4.1;1.6
47;2021-02-19;194;365;13671;5707;4.1;1.7
47;2021-02-20;117;269;13788;5976;4.2;1.8
47;2021-02-21;0;0;13788;5976;4.2;1.8
47;2021-02-22;75;408;13863;6384;4.2;1.9
47;2021-02-23;152;649;14015;7033;4.2;2.1
47;2021-02-24;261;562;14276;7595;4.3;2.3
47;2021-02-25;304;413;14580;8008;4.4;2.4
47;2021-02-26;468;323;15048;8331;4.6;2.5
47;2021-02-27;324;213;15372;8544;4.7;2.6
47;2021-02-28;0;0;15372;8544;4.7;2.6
47;2021-03-01;124;397;15496;8941;4.7;2.7
47;2021-03-02;200;366;15696;9307;4.8;2.8
47;2021-03-03;244;350;15940;9657;4.8;2.9
47;2021-03-04;591;331;16531;9988;5.0;3.0
47;2021-03-05;844;288;17375;10276;5.3;3.1
47;2021-03-06;507;193;17882;10469;5.4;3.2
47;2021-03-07;331;5;18213;10474;5.5;3.2
47;2021-03-08;458;226;18671;10700;5.7;3.2
47;2021-03-09;509;492;19180;11192;5.8;3.4
47;2021-03-10;666;301;19846;11493;6.0;3.5
47;2021-03-11;938;376;20784;11869;6.3;3.6
47;2021-03-12;1370;296;22154;12165;6.7;3.7
47;2021-03-13;949;109;23103;12274;7.0;3.7
47;2021-03-14;51;0;23154;12274;7.0;3.7
47;2021-03-15;592;163;23746;12437;7.2;3.8
47;2021-03-16;750;177;24496;12614;7.4;3.8
47;2021-03-17;860;208;25356;12822;7.7;3.9
47;2021-03-18;916;174;26272;12996;8.0;3.9
47;2021-03-19;1271;124;27543;13120;8.3;4.0
47;2021-03-20;1085;58;28628;13178;8.7;4.0
47;2021-03-21;344;1;28972;13179;8.8;4.0
47;2021-03-22;1012;95;29984;13274;9.1;4.0
47;2021-03-23;1147;148;31131;13422;9.4;4.1
47;2021-03-24;1211;130;32342;13552;9.8;4.1
47;2021-03-25;1566;150;33908;13702;10.3;4.1
47;2021-03-26;1882;198;35790;13900;10.8;4.2
47;2021-03-27;979;129;36769;14029;11.1;4.2
47;2021-03-28;699;4;37468;14033;11.3;4.2
47;2021-03-29;1512;80;38980;14113;11.8;4.3
47;2021-03-30;1643;125;40623;14238;12.3;4.3
47;2021-03-31;1604;151;42227;14389;12.8;4.4
47;2021-04-01;1682;267;43909;14656;13.3;4.4
47;2021-04-02;1934;457;45843;15113;13.9;4.6
47;2021-04-03;1202;178;47045;15291;14.2;4.6
47;2021-04-04;474;12;47519;15303;14.4;4.6
47;2021-04-05;1295;57;48814;15360;14.8;4.6
47;2021-04-06;1386;386;50200;15746;15.2;4.8
47;2021-04-07;1693;588;51893;16334;15.7;4.9
47;2021-04-08;1833;475;53726;16809;16.3;5.1
47;2021-04-09;2082;541;55808;17350;16.9;5.3
47;2021-04-10;1564;325;57372;17675;17.4;5.4
47;2021-04-11;530;8;57902;17683;17.5;5.4
47;2021-04-12;1437;610;59339;18293;18.0;5.5
47;2021-04-13;1817;762;61156;19055;18.5;5.8
47;2021-04-14;1748;719;62904;19774;19.0;6.0
47;2021-04-15;2012;843;64916;20617;19.7;6.2
47;2021-04-16;1765;893;66681;21510;20.2;6.5
47;2021-04-17;1472;970;68153;22480;20.6;6.8
47;2021-04-18;23;0;68176;22480;20.6;6.8
47;2021-04-19;1332;930;69508;23410;21.0;7.1
47;2021-04-20;1625;902;71133;24312;21.5;7.4
47;2021-04-21;1626;772;72759;25084;22.0;7.6
47;2021-04-22;1871;1059;74630;26143;22.6;7.9
47;2021-04-23;1724;1071;76354;27214;23.1;8.2
47;2021-04-24;1548;801;77902;28015;23.6;8.5
47;2021-04-25;242;344;78144;28359;23.7;8.6
47;2021-04-26;1487;1363;79631;29722;24.1;9.0
47;2021-04-27;1922;1472;81553;31194;24.7;9.4
47;2021-04-28;2090;1589;83643;32783;25.3;9.9
47;2021-04-29;2530;1507;86173;34290;26.1;10.4
47;2021-04-30;2041;1776;88214;36066;26.7;10.9
47;2021-05-01;2262;983;90476;37049;27.4;11.2
47;2021-05-02;21;358;90497;37407;27.4;11.3
47;2021-05-03;1596;1417;92093;38824;27.9;11.8
47;2021-05-04;1649;1727;93742;40551;28.4;12.3
47;2021-05-05;1927;1643;95669;42194;29.0;12.8
47;2021-05-06;2105;1508;97774;43702;29.6;13.2
47;2021-05-07;1998;1622;99772;45324;30.2;13.7
47;2021-05-08;2096;464;101868;45788;30.8;13.9
47;2021-05-09;24;361;101892;46149;30.8;14.0
47;2021-05-10;1204;1670;103096;47819;31.2;14.5
47;2021-05-11;2174;1990;105270;49809;31.9;15.1
47;2021-05-12;2626;1451;107896;51260;32.7;15.5
47;2021-05-13;2381;656;110277;51916;33.4;15.7
47;2021-05-14;2062;860;112339;52776;34.0;16.0
47;2021-05-15;1934;862;114273;53638;34.6;16.2
47;2021-05-16;367;9;114640;53647;34.7;16.2
47;2021-05-17;1882;1123;116522;54770;35.3;16.6
47;2021-05-18;2355;1139;118877;55909;36.0;16.9
47;2021-05-19;2344;761;121221;56670;36.7;17.2
47;2021-05-20;2584;966;123805;57636;37.5;17.4
47;2021-05-21;1537;1132;125342;58768;37.9;17.8
47;2021-05-22;2367;834;127709;59602;38.7;18.0
47;2021-05-23;25;185;127734;59787;38.7;18.1
47;2021-05-24;1549;235;129283;60022;39.1;18.2
47;2021-05-25;1484;1319;130767;61341;39.6;18.6
47;2021-05-26;1599;1082;132366;62423;40.1;18.9
47;2021-05-27;1943;1267;134309;63690;40.7;19.3
47;2021-05-28;1457;1536;135766;65226;41.1;19.7
47;2021-05-29;1152;1126;136918;66352;41.4;20.1
47;2021-05-30;12;45;136930;66397;41.5;20.1
47;2021-05-31;1867;1422;138797;67819;42.0;20.5
47;2021-06-01;1922;1339;140719;69158;42.6;20.9
47;2021-06-02;2100;1333;142819;70491;43.2;21.3
47;2021-06-03;2484;1609;145303;72100;44.0;21.8
47;2021-06-04;1968;2113;147271;74213;44.6;22.5
47;2021-06-05;1637;1475;148908;75688;45.1;22.9
47;2021-06-06;212;70;149120;75758;45.1;22.9
47;2021-06-07;1664;2244;150784;78002;45.6;23.6
47;2021-06-08;1629;1905;152413;79907;46.1;24.2
47;2021-06-09;1823;2127;154236;82034;46.7;24.8
47;2021-06-10;2368;1612;156604;83646;47.4;25.3
47;2021-06-11;1827;2101;158431;85747;48.0;26.0
47;2021-06-12;1352;2103;159783;87850;48.4;26.6
47;2021-06-13;4;10;159787;87860;48.4;26.6
47;2021-06-14;1282;2448;161069;90308;48.8;27.3
47;2021-06-15;1464;2035;162533;92343;49.2;28.0
47;2021-06-16;1207;2186;163740;94529;49.6;28.6
47;2021-06-17;1655;1524;165395;96053;50.1;29.1
47;2021-06-18;1439;2496;166834;98549;50.5;29.8
47;2021-06-19;1539;2456;168373;101005;51.0;30.6
47;2021-06-20;4;33;168377;101038;51.0;30.6
47;2021-06-21;1135;2512;169512;103550;51.3;31.3
47;2021-06-22;758;2503;170270;106053;51.5;32.1
47;2021-06-23;998;2015;171268;108068;51.8;32.7
47;2021-06-24;1210;1934;172478;110002;52.2;33.3
47;2021-06-25;1005;2606;173483;112608;52.5;34.1
47;2021-06-26;988;2789;174471;115397;52.8;34.9
47;2021-06-27;15;349;174486;115746;52.8;35.0
47;2021-06-28;875;2406;175361;118152;53.1;35.8
47;2021-06-29;798;2315;176159;120467;53.3;36.5
47;2021-06-30;730;2308;176889;122775;53.5;37.2
47;2021-07-01;818;2109;177707;124884;53.8;37.8
47;2021-07-02;886;2275;178593;127159;54.1;38.5
47;2021-07-03;727;3042;179320;130201;54.3;39.4
47;2021-07-04;34;12;179354;130213;54.3;39.4
47;2021-07-05;979;2144;180333;132357;54.6;40.1
47;2021-07-06;1008;1959;181341;134316;54.9;40.7
47;2021-07-07;1298;2060;182639;136376;55.3;41.3
47;2021-07-08;1144;2192;183783;138568;55.6;41.9
47;2021-07-09;1049;2404;184832;140972;56.0;42.7
47;2021-07-10;954;2131;185786;143103;56.2;43.3
47;2021-07-11;1;6;185787;143109;56.2;43.3
47;2021-07-12;558;2580;186345;145689;56.4;44.1
47;2021-07-13;1094;2592;187439;148281;56.7;44.9
47;2021-07-14;1163;1576;188602;149857;57.1;45.4
47;2021-07-15;1709;3137;190311;152994;57.6;46.3
47;2021-07-16;1717;2680;192028;155674;58.1;47.1
47;2021-07-17;1184;2457;193212;158131;58.5;47.9
47;2021-07-18;36;188;193248;158319;58.5;47.9
47;2021-07-19;1113;2566;194361;160885;58.8;48.7
47;2021-07-20;1610;2340;195971;163225;59.3;49.4
47;2021-07-21;2173;2242;198144;165467;60.0;50.1
47;2021-07-22;2146;2297;200290;167764;60.6;50.8
47;2021-07-23;2104;2252;202394;170016;61.3;51.5
47;2021-07-24;1109;1910;203503;171926;61.6;52.0
47;2021-07-25;11;1;203514;171927;61.6;52.0
47;2021-07-26;1227;1940;204741;173867;62.0;52.6
47;2021-07-27;2088;1629;206829;175496;62.6;53.1
47;2021-07-28;1868;1594;208697;177090;63.2;53.6
47;2021-07-29;2302;1597;210999;178687;63.9;54.1
47;2021-07-30;1856;1622;212855;180309;64.4;54.6
47;2021-07-31;1478;1664;214333;181973;64.9;55.1
47;2021-08-01;17;8;214350;181981;64.9;55.1
47;2021-08-02;2021;1218;216371;183199;65.5;55.5
47;2021-08-03;2138;1098;218509;184297;66.1;55.8
47;2021-08-04;2168;1511;220677;185808;66.8;56.2
47;2021-08-05;2396;1436;223073;187244;67.5;56.7
47;2021-08-06;1996;1830;225069;189074;68.1;57.2
47;2021-08-07;1600;1410;226669;190484;68.6;57.7
47;2021-08-08;24;22;226693;190506;68.6;57.7
47;2021-08-09;1869;1208;228562;191714;69.2;58.0
47;2021-08-10;1901;1284;230463;192998;69.8;58.4
47;2021-08-11;1793;1391;232256;194389;70.3;58.8
48;2020-12-27;0;0;0;0;0.0;0.0
48;2020-12-28;0;0;0;0;0.0;0.0
48;2020-12-29;0;0;0;0;0.0;0.0
48;2020-12-30;0;0;0;0;0.0;0.0
48;2020-12-31;0;0;0;0;0.0;0.0
48;2021-01-01;0;0;0;0;0.0;0.0
48;2021-01-02;0;0;0;0;0.0;0.0
48;2021-01-03;0;0;0;0;0.0;0.0
48;2021-01-04;0;0;0;0;0.0;0.0
48;2021-01-05;0;0;0;0;0.0;0.0
48;2021-01-06;0;0;0;0;0.0;0.0
48;2021-01-07;55;0;55;0;0.1;0.0
48;2021-01-08;87;0;142;0;0.2;0.0
48;2021-01-09;1;0;143;0;0.2;0.0
48;2021-01-10;0;0;143;0;0.2;0.0
48;2021-01-11;13;0;156;0;0.2;0.0
48;2021-01-12;19;1;175;1;0.2;0.0
48;2021-01-13;104;0;279;1;0.4;0.0
48;2021-01-14;90;1;369;2;0.5;0.0
48;2021-01-15;63;0;432;2;0.6;0.0
48;2021-01-16;0;0;432;2;0.6;0.0
48;2021-01-17;0;0;432;2;0.6;0.0
48;2021-01-18;117;0;549;2;0.7;0.0
48;2021-01-19;345;0;894;2;1.2;0.0
48;2021-01-20;364;0;1258;2;1.6;0.0
48;2021-01-21;465;0;1723;2;2.3;0.0
48;2021-01-22;269;0;1992;2;2.6;0.0
48;2021-01-23;36;0;2028;2;2.7;0.0
48;2021-01-24;0;0;2028;2;2.7;0.0
48;2021-01-25;109;0;2137;2;2.8;0.0
48;2021-01-26;261;0;2398;2;3.1;0.0
48;2021-01-27;257;2;2655;4;3.5;0.0
48;2021-01-28;270;10;2925;14;3.8;0.0
48;2021-01-29;175;60;3100;74;4.1;0.1
48;2021-01-30;1;7;3101;81;4.1;0.1
48;2021-01-31;0;6;3101;87;4.1;0.1
48;2021-02-01;97;47;3198;134;4.2;0.2
48;2021-02-02;191;36;3389;170;4.4;0.2
48;2021-02-03;177;82;3566;252;4.7;0.3
48;2021-02-04;234;13;3800;265;5.0;0.3
48;2021-02-05;144;35;3944;300;5.2;0.4
48;2021-02-06;34;0;3978;300;5.2;0.4
48;2021-02-07;0;0;3978;300;5.2;0.4
48;2021-02-08;50;61;4028;361;5.3;0.5
48;2021-02-09;66;166;4094;527;5.4;0.7
48;2021-02-10;65;303;4159;830;5.5;1.1
48;2021-02-11;165;407;4324;1237;5.7;1.6
48;2021-02-12;120;155;4444;1392;5.8;1.8
48;2021-02-13;8;55;4452;1447;5.8;1.9
48;2021-02-14;0;0;4452;1447;5.8;1.9
48;2021-02-15;51;106;4503;1553;5.9;2.0
48;2021-02-16;43;173;4546;1726;6.0;2.3
48;2021-02-17;35;284;4581;2010;6.0;2.6
48;2021-02-18;252;97;4833;2107;6.3;2.8
48;2021-02-19;60;183;4893;2290;6.4;3.0
48;2021-02-20;0;1;4893;2291;6.4;3.0
48;2021-02-21;0;14;4893;2305;6.4;3.0
48;2021-02-22;24;129;4917;2434;6.4;3.2
48;2021-02-23;74;222;4991;2656;6.5;3.5
48;2021-02-24;66;264;5057;2920;6.6;3.8
48;2021-02-25;148;263;5205;3183;6.8;4.2
48;2021-02-26;51;228;5256;3411;6.9;4.5
48;2021-02-27;28;1;5284;3412;6.9;4.5
48;2021-02-28;3;14;5287;3426;6.9;4.5
48;2021-03-01;102;96;5389;3522;7.1;4.6
48;2021-03-02;199;87;5588;3609;7.3;4.7
48;2021-03-03;155;111;5743;3720;7.5;4.9
48;2021-03-04;192;183;5935;3903;7.8;5.1
48;2021-03-05;136;141;6071;4044;8.0;5.3
48;2021-03-06;180;53;6251;4097;8.2;5.4
48;2021-03-07;75;1;6326;4098;8.3;5.4
48;2021-03-08;352;121;6678;4219;8.8;5.5
48;2021-03-09;377;86;7055;4305;9.2;5.6
48;2021-03-10;263;61;7318;4366;9.6;5.7
48;2021-03-11;334;90;7652;4456;10.0;5.8
48;2021-03-12;255;155;7907;4611;10.4;6.0
48;2021-03-13;301;5;8208;4616;10.8;6.1
48;2021-03-14;8;0;8216;4616;10.8;6.1
48;2021-03-15;174;63;8390;4679;11.0;6.1
48;2021-03-16;166;65;8556;4744;11.2;6.2
48;2021-03-17;156;110;8712;4854;11.4;6.4
48;2021-03-18;190;104;8902;4958;11.7;6.5
48;2021-03-19;116;95;9018;5053;11.8;6.6
48;2021-03-20;101;0;9119;5053;12.0;6.6
48;2021-03-21;0;0;9119;5053;12.0;6.6
48;2021-03-22;160;22;9279;5075;12.2;6.7
48;2021-03-23;328;103;9607;5178;12.6;6.8
48;2021-03-24;284;100;9891;5278;13.0;6.9
48;2021-03-25;757;116;10648;5394;14.0;7.1
48;2021-03-26;270;60;10918;5454;14.3;7.1
48;2021-03-27;104;1;11022;5455;14.4;7.2
48;2021-03-28;78;19;11100;5474;14.6;7.2
48;2021-03-29;304;80;11404;5554;14.9;7.3
48;2021-03-30;362;129;11766;5683;15.4;7.4
48;2021-03-31;447;86;12213;5769;16.0;7.6
48;2021-04-01;729;66;12942;5835;17.0;7.6
48;2021-04-02;487;127;13429;5962;17.6;7.8
48;2021-04-03;140;83;13569;6045;17.8;7.9
48;2021-04-04;0;0;13569;6045;17.8;7.9
48;2021-04-05;43;1;13612;6046;17.8;7.9
48;2021-04-06;465;158;14077;6204;18.5;8.1
48;2021-04-07;465;140;14542;6344;19.1;8.3
48;2021-04-08;620;185;15162;6529;19.9;8.6
48;2021-04-09;446;119;15608;6648;20.5;8.7
48;2021-04-10;95;60;15703;6708;20.6;8.8
48;2021-04-11;2;0;15705;6708;20.6;8.8
48;2021-04-12;364;70;16069;6778;21.1;8.9
48;2021-04-13;361;92;16430;6870;21.5;9.0
48;2021-04-14;624;185;17054;7055;22.4;9.2
48;2021-04-15;699;355;17753;7410;23.3;9.7
48;2021-04-16;538;225;18291;7635;24.0;10.0
48;2021-04-17;89;69;18380;7704;24.1;10.1
48;2021-04-18;0;0;18380;7704;24.1;10.1
48;2021-04-19;197;107;18577;7811;24.4;10.2
48;2021-04-20;216;179;18793;7990;24.6;10.5
48;2021-04-21;284;206;19077;8196;25.0;10.7
48;2021-04-22;308;479;19385;8675;25.4;11.4
48;2021-04-23;255;241;19640;8916;25.7;11.7
48;2021-04-24;97;93;19737;9009;25.9;11.8
48;2021-04-25;1;9;19738;9018;25.9;11.8
48;2021-04-26;87;208;19825;9226;26.0;12.1
48;2021-04-27;172;292;19997;9518;26.2;12.5
48;2021-04-28;149;414;20146;9932;26.4;13.0
48;2021-04-29;204;490;20350;10422;26.7;13.7
48;2021-04-30;172;226;20522;10648;26.9;14.0
48;2021-05-01;0;0;20522;10648;26.9;14.0
48;2021-05-02;0;0;20522;10648;26.9;14.0
48;2021-05-03;106;386;20628;11034;27.0;14.5
48;2021-05-04;227;420;20855;11454;27.3;15.0
48;2021-05-05;84;486;20939;11940;27.4;15.7
48;2021-05-06;742;638;21681;12578;28.4;16.5
48;2021-05-07;96;504;21777;13082;28.5;17.1
48;2021-05-08;309;43;22086;13125;29.0;17.2
48;2021-05-09;285;9;22371;13134;29.3;17.2
48;2021-05-10;55;325;22426;13459;29.4;17.6
48;2021-05-11;221;291;22647;13750;29.7;18.0
48;2021-05-12;249;312;22896;14062;30.0;18.4
48;2021-05-13;472;157;23368;14219;30.6;18.6
48;2021-05-14;244;221;23612;14440;31.0;18.9
48;2021-05-15;84;47;23696;14487;31.1;19.0
48;2021-05-16;1;8;23697;14495;31.1;19.0
48;2021-05-17;474;267;24171;14762;31.7;19.4
48;2021-05-18;263;228;24434;14990;32.0;19.6
48;2021-05-19;207;278;24641;15268;32.3;20.0
48;2021-05-20;320;254;24961;15522;32.7;20.3
48;2021-05-21;172;267;25133;15789;32.9;20.7
48;2021-05-22;25;50;25158;15839;33.0;20.8
48;2021-05-23;0;6;25158;15845;33.0;20.8
48;2021-05-24;0;14;25158;15859;33.0;20.8
48;2021-05-25;180;265;25338;16124;33.2;21.1
48;2021-05-26;416;298;25754;16422;33.8;21.5
48;2021-05-27;1176;374;26930;16796;35.3;22.0
48;2021-05-28;315;343;27245;17139;35.7;22.5
48;2021-05-29;79;50;27324;17189;35.8;22.5
48;2021-05-30;0;1;27324;17190;35.8;22.5
48;2021-05-31;625;263;27949;17453;36.6;22.9
48;2021-06-01;272;305;28221;17758;37.0;23.3
48;2021-06-02;407;423;28628;18181;37.5;23.8
48;2021-06-03;628;429;29256;18610;38.4;24.4
48;2021-06-04;291;281;29547;18891;38.7;24.8
48;2021-06-05;121;75;29668;18966;38.9;24.9
48;2021-06-06;1;1;29669;18967;38.9;24.9
48;2021-06-07;440;161;30109;19128;39.5;25.1
48;2021-06-08;614;306;30723;19434;40.3;25.5
48;2021-06-09;379;189;31102;19623;40.8;25.7
48;2021-06-10;1002;239;32104;19862;42.1;26.0
48;2021-06-11;372;159;32476;20021;42.6;26.2
48;2021-06-12;74;56;32550;20077;42.7;26.3
48;2021-06-13;0;2;32550;20079;42.7;26.3
48;2021-06-14;124;115;32674;20194;42.8;26.5
48;2021-06-15;407;385;33081;20579;43.4;27.0
48;2021-06-16;259;143;33340;20722;43.7;27.2
48;2021-06-17;486;574;33826;21296;44.3;27.9
48;2021-06-18;254;312;34080;21608;44.7;28.3
48;2021-06-19;35;291;34115;21899;44.7;28.7
48;2021-06-20;123;224;34238;22123;44.9;29.0
48;2021-06-21;125;132;34363;22255;45.0;29.2
48;2021-06-22;258;332;34621;22587;45.4;29.6
48;2021-06-23;111;546;34732;23133;45.5;30.3
48;2021-06-24;364;606;35096;23739;46.0;31.1
48;2021-06-25;151;276;35247;24015;46.2;31.5
48;2021-06-26;15;45;35262;24060;46.2;31.5
48;2021-06-27;1;1;35263;24061;46.2;31.5
48;2021-06-28;81;177;35344;24238;46.3;31.8
48;2021-06-29;297;413;35641;24651;46.7;32.3
48;2021-06-30;96;465;35737;25116;46.8;32.9
48;2021-07-01;196;664;35933;25780;47.1;33.8
48;2021-07-02;148;369;36081;26149;47.3;34.3
48;2021-07-03;41;89;36122;26238;47.4;34.4
48;2021-07-04;7;0;36129;26238;47.4;34.4
48;2021-07-05;40;116;36169;26354;47.4;34.5
48;2021-07-06;278;598;36447;26952;47.8;35.3
48;2021-07-07;200;485;36647;27437;48.0;36.0
48;2021-07-08;224;1192;36871;28629;48.3;37.5
48;2021-07-09;156;552;37027;29181;48.5;38.3
48;2021-07-10;95;148;37122;29329;48.7;38.4
48;2021-07-11;0;4;37122;29333;48.7;38.5
48;2021-07-12;140;673;37262;30006;48.8;39.3
48;2021-07-13;212;431;37474;30437;49.1;39.9
48;2021-07-14;178;142;37652;30579;49.4;40.1
48;2021-07-15;187;459;37839;31038;49.6;40.7
48;2021-07-16;234;313;38073;31351;49.9;41.1
48;2021-07-17;128;117;38201;31468;50.1;41.3
48;2021-07-18;4;5;38205;31473;50.1;41.3
48;2021-07-19;105;304;38310;31777;50.2;41.7
48;2021-07-20;632;993;38942;32770;51.0;43.0
48;2021-07-21;68;371;39010;33141;51.1;43.4
48;2021-07-22;779;1121;39789;34262;52.2;44.9
48;2021-07-23;363;436;40152;34698;52.6;45.5
48;2021-07-24;505;167;40657;34865;53.3;45.7
48;2021-07-25;137;46;40794;34911;53.5;45.8
48;2021-07-26;100;198;40894;35109;53.6;46.0
48;2021-07-27;1191;642;42085;35751;55.2;46.9
48;2021-07-28;176;316;42261;36067;55.4;47.3
48;2021-07-29;704;637;42965;36704;56.3;48.1
48;2021-07-30;200;292;43165;36996;56.6;48.5
48;2021-07-31;335;178;43500;37174;57.0;48.7
48;2021-08-01;18;55;43518;37229;57.0;48.8
48;2021-08-02;225;160;43743;37389;57.3;49.0
48;2021-08-03;894;560;44637;37949;58.5;49.7
48;2021-08-04;325;219;44962;38168;58.9;50.0
48;2021-08-05;672;466;45634;38634;59.8;50.6
48;2021-08-06;433;273;46067;38907;60.4;51.0
48;2021-08-07;249;123;46316;39030;60.7;51.2
48;2021-08-08;1;5;46317;39035;60.7;51.2
48;2021-08-09;170;139;46487;39174;60.9;51.4
48;2021-08-10;721;549;47208;39723;61.9;52.1
48;2021-08-11;274;232;47482;39955;62.2;52.4
49;2020-12-27;0;0;0;0;0.0;0.0
49;2020-12-28;2;0;2;0;0.0;0.0
49;2020-12-29;0;0;2;0;0.0;0.0
49;2020-12-30;0;0;2;0;0.0;0.0
49;2020-12-31;0;0;2;0;0.0;0.0
49;2021-01-01;2;0;4;0;0.0;0.0
49;2021-01-02;1;1;5;1;0.0;0.0
49;2021-01-03;0;0;5;1;0.0;0.0
49;2021-01-04;9;0;14;1;0.0;0.0
49;2021-01-05;92;0;106;1;0.0;0.0
49;2021-01-06;232;0;338;1;0.0;0.0
49;2021-01-07;366;0;704;1;0.1;0.0
49;2021-01-08;330;1;1034;2;0.1;0.0
49;2021-01-09;118;0;1152;2;0.1;0.0
49;2021-01-10;114;0;1266;2;0.2;0.0
49;2021-01-11;287;0;1553;2;0.2;0.0
49;2021-01-12;622;0;2175;2;0.3;0.0
49;2021-01-13;602;2;2777;4;0.3;0.0
49;2021-01-14;590;6;3367;10;0.4;0.0
49;2021-01-15;774;1;4141;11;0.5;0.0
49;2021-01-16;147;0;4288;11;0.5;0.0
49;2021-01-17;111;2;4399;13;0.5;0.0
49;2021-01-18;691;0;5090;13;0.6;0.0
49;2021-01-19;1204;1;6294;14;0.8;0.0
49;2021-01-20;1508;3;7802;17;1.0;0.0
49;2021-01-21;1938;4;9740;21;1.2;0.0
49;2021-01-22;1317;5;11057;26;1.4;0.0
49;2021-01-23;263;1;11320;27;1.4;0.0
49;2021-01-24;0;0;11320;27;1.4;0.0
49;2021-01-25;552;5;11872;32;1.5;0.0
49;2021-01-26;987;75;12859;107;1.6;0.0
49;2021-01-27;1852;36;14711;143;1.8;0.0
49;2021-01-28;2876;89;17587;232;2.2;0.0
49;2021-01-29;1589;94;19176;326;2.4;0.0
49;2021-01-30;300;47;19476;373;2.4;0.0
49;2021-01-31;62;51;19538;424;2.4;0.1
49;2021-02-01;661;165;20199;589;2.5;0.1
49;2021-02-02;743;386;20942;975;2.6;0.1
49;2021-02-03;675;379;21617;1354;2.6;0.2
49;2021-02-04;757;444;22374;1798;2.7;0.2
49;2021-02-05;706;597;23080;2395;2.8;0.3
49;2021-02-06;229;111;23309;2506;2.9;0.3
49;2021-02-07;59;85;23368;2591;2.9;0.3
49;2021-02-08;549;480;23917;3071;2.9;0.4
49;2021-02-09;712;647;24629;3718;3.0;0.5
49;2021-02-10;803;952;25432;4670;3.1;0.6
49;2021-02-11;1000;1409;26432;6079;3.2;0.7
49;2021-02-12;870;977;27302;7056;3.3;0.9
49;2021-02-13;266;117;27568;7173;3.4;0.9
49;2021-02-14;9;106;27577;7279;3.4;0.9
49;2021-02-15;733;665;28310;7944;3.5;1.0
49;2021-02-16;1106;1124;29416;9068;3.6;1.1
49;2021-02-17;1159;1872;30575;10940;3.7;1.3
49;2021-02-18;1812;2439;32387;13379;4.0;1.6
49;2021-02-19;1395;1107;33782;14486;4.1;1.8
49;2021-02-20;233;385;34015;14871;4.2;1.8
49;2021-02-21;0;64;34015;14935;4.2;1.8
49;2021-02-22;646;578;34661;15513;4.2;1.9
49;2021-02-23;735;862;35396;16375;4.3;2.0
49;2021-02-24;821;644;36217;17019;4.4;2.1
49;2021-02-25;1208;816;37425;17835;4.6;2.2
49;2021-02-26;1669;848;39094;18683;4.8;2.3
49;2021-02-27;435;282;39529;18965;4.8;2.3
49;2021-02-28;49;38;39578;19003;4.9;2.3
49;2021-03-01;766;584;40344;19587;4.9;2.4
49;2021-03-02;1083;701;41427;20288;5.1;2.5
49;2021-03-03;1559;673;42986;20961;5.3;2.6
49;2021-03-04;1766;937;44752;21898;5.5;2.7
49;2021-03-05;2213;695;46965;22593;5.8;2.8
49;2021-03-06;715;188;47680;22781;5.8;2.8
49;2021-03-07;627;12;48307;22793;5.9;2.8
49;2021-03-08;1396;714;49703;23507;6.1;2.9
49;2021-03-09;2051;740;51754;24247;6.3;3.0
49;2021-03-10;2526;863;54280;25110;6.7;3.1
49;2021-03-11;3194;1467;57474;26577;7.0;3.3
49;2021-03-12;3766;1000;61240;27577;7.5;3.4
49;2021-03-13;1501;220;62741;27797;7.7;3.4
49;2021-03-14;6;0;62747;27797;7.7;3.4
49;2021-03-15;2084;536;64831;28333;7.9;3.5
49;2021-03-16;1732;961;66563;29294;8.2;3.6
49;2021-03-17;1811;670;68374;29964;8.4;3.7
49;2021-03-18;2201;731;70575;30695;8.7;3.8
49;2021-03-19;3329;558;73904;31253;9.1;3.8
49;2021-03-20;1743;206;75647;31459;9.3;3.9
49;2021-03-21;498;23;76145;31482;9.3;3.9
49;2021-03-22;2247;547;78392;32029;9.6;3.9
49;2021-03-23;3402;678;81794;32707;10.0;4.0
49;2021-03-24;3602;498;85396;33205;10.5;4.1
49;2021-03-25;4226;646;89622;33851;11.0;4.1
49;2021-03-26;4883;501;94505;34352;11.6;4.2
49;2021-03-27;1674;98;96179;34450;11.8;4.2
49;2021-03-28;399;30;96578;34480;11.8;4.2
49;2021-03-29;2372;609;98950;35089;12.1;4.3
49;2021-03-30;3268;939;102218;36028;12.5;4.4
49;2021-03-31;2979;748;105197;36776;12.9;4.5
49;2021-04-01;4121;865;109318;37641;13.4;4.6
49;2021-04-02;4294;940;113612;38581;13.9;4.7
49;2021-04-03;971;195;114583;38776;14.0;4.8
49;2021-04-04;314;3;114897;38779;14.1;4.8
49;2021-04-05;942;21;115839;38800;14.2;4.8
49;2021-04-06;2331;1321;118170;40121;14.5;4.9
49;2021-04-07;3308;1361;121478;41482;14.9;5.1
49;2021-04-08;5180;1406;126658;42888;15.5;5.3
49;2021-04-09;6207;1418;132865;44306;16.3;5.4
49;2021-04-10;2068;496;134933;44802;16.5;5.5
49;2021-04-11;389;7;135322;44809;16.6;5.5
49;2021-04-12;4073;1568;139395;46377;17.1;5.7
49;2021-04-13;5379;1908;144774;48285;17.7;5.9
49;2021-04-14;4541;1867;149315;50152;18.3;6.1
49;2021-04-15;5379;1882;154694;52034;19.0;6.4
49;2021-04-16;5758;2135;160452;54169;19.7;6.6
49;2021-04-17;3336;847;163788;55016;20.1;6.7
49;2021-04-18;381;477;164169;55493;20.1;6.8
49;2021-04-19;3710;2054;167879;57547;20.6;7.1
49;2021-04-20;4374;2107;172253;59654;21.1;7.3
49;2021-04-21;3954;2203;176207;61857;21.6;7.6
49;2021-04-22;4834;2100;181041;63957;22.2;7.8
49;2021-04-23;4812;2328;185853;66285;22.8;8.1
49;2021-04-24;2937;1155;188790;67440;23.1;8.3
49;2021-04-25;40;282;188830;67722;23.1;8.3
49;2021-04-26;3739;2112;192569;69834;23.6;8.6
49;2021-04-27;4472;2504;197041;72338;24.2;8.9
49;2021-04-28;4617;2493;201658;74831;24.7;9.2
49;2021-04-29;5207;3018;206865;77849;25.4;9.5
49;2021-04-30;5556;3194;212421;81043;26.0;9.9
49;2021-05-01;2363;666;214784;81709;26.3;10.0
49;2021-05-02;5;40;214789;81749;26.3;10.0
49;2021-05-03;5012;2407;219801;84156;26.9;10.3
49;2021-05-04;4971;3042;224772;87198;27.5;10.7
49;2021-05-05;4786;3001;229558;90199;28.1;11.1
49;2021-05-06;5329;3078;234887;93277;28.8;11.4
49;2021-05-07;4277;5028;239164;98305;29.3;12.0
49;2021-05-08;3576;436;242740;98741;29.8;12.1
49;2021-05-09;10;41;242750;98782;29.8;12.1
49;2021-05-10;4829;4275;247579;103057;30.3;12.6
49;2021-05-11;5397;5086;252976;108143;31.0;13.3
49;2021-05-12;4802;4593;257778;112736;31.6;13.8
49;2021-05-13;4778;689;262556;113425;32.2;13.9
49;2021-05-14;5173;3271;267729;116696;32.8;14.3
49;2021-05-15;4157;1807;271886;118503;33.3;14.5
49;2021-05-16;2788;118;274674;118621;33.7;14.5
49;2021-05-17;4833;3692;279507;122313;34.3;15.0
49;2021-05-18;5468;3770;284975;126083;34.9;15.5
49;2021-05-19;5916;3229;290891;129312;35.7;15.8
49;2021-05-20;6791;2961;297682;132273;36.5;16.2
49;2021-05-21;6453;3739;304135;136012;37.3;16.7
49;2021-05-22;5185;1192;309320;137204;37.9;16.8
49;2021-05-23;1;12;309321;137216;37.9;16.8
49;2021-05-24;4219;446;313540;137662;38.4;16.9
49;2021-05-25;6330;3305;319870;140967;39.2;17.3
49;2021-05-26;6273;2667;326143;143634;40.0;17.6
49;2021-05-27;7109;2722;333252;146356;40.8;17.9
49;2021-05-28;6875;4020;340127;150376;41.7;18.4
49;2021-05-29;5024;1895;345151;152271;42.3;18.7
49;2021-05-30;20;13;345171;152284;42.3;18.7
49;2021-05-31;6039;3224;351210;155508;43.0;19.1
49;2021-06-01;6587;3986;357797;159494;43.9;19.5
49;2021-06-02;5793;3743;363590;163237;44.6;20.0
49;2021-06-03;6604;3422;370194;166659;45.4;20.4
49;2021-06-04;6469;4862;376663;171521;46.2;21.0
49;2021-06-05;4386;2696;381049;174217;46.7;21.4
49;2021-06-06;35;52;381084;174269;46.7;21.4
49;2021-06-07;4632;4764;385716;179033;47.3;21.9
49;2021-06-08;5185;5098;390901;184131;47.9;22.6
49;2021-06-09;5320;4504;396221;188635;48.6;23.1
49;2021-06-10;5996;3782;402217;192417;49.3;23.6
49;2021-06-11;4851;6034;407068;198451;49.9;24.3
49;2021-06-12;4102;3202;411170;201653;50.4;24.7
49;2021-06-13;19;989;411189;202642;50.4;24.8
49;2021-06-14;3408;6016;414597;208658;50.8;25.6
49;2021-06-15;4242;6402;418839;215060;51.3;26.4
49;2021-06-16;4147;5680;422986;220740;51.8;27.1
49;2021-06-17;5068;5077;428054;225817;52.5;27.7
49;2021-06-18;4129;6886;432183;232703;53.0;28.5
49;2021-06-19;3525;3974;435708;236677;53.4;29.0
49;2021-06-20;30;23;435738;236700;53.4;29.0
49;2021-06-21;2827;6514;438565;243214;53.8;29.8
49;2021-06-22;3200;7008;441765;250222;54.1;30.7
49;2021-06-23;3253;6318;445018;256540;54.5;31.4
49;2021-06-24;4309;4978;449327;261518;55.1;32.1
49;2021-06-25;3318;7449;452645;268967;55.5;33.0
49;2021-06-26;2568;4627;455213;273594;55.8;33.5
49;2021-06-27;15;1544;455228;275138;55.8;33.7
49;2021-06-28;2232;7186;457460;282324;56.1;34.6
49;2021-06-29;3024;7274;460484;289598;56.4;35.5
49;2021-06-30;2820;6803;463304;296401;56.8;36.3
49;2021-07-01;3083;6268;466387;302669;57.2;37.1
49;2021-07-02;2897;8072;469284;310741;57.5;38.1
49;2021-07-03;1994;5487;471278;316228;57.8;38.8
49;2021-07-04;7;53;471285;316281;57.8;38.8
49;2021-07-05;1626;7078;472911;323359;58.0;39.6
49;2021-07-06;1882;7555;474793;330914;58.2;40.6
49;2021-07-07;2054;6627;476847;337541;58.4;41.4
49;2021-07-08;2507;6354;479354;343895;58.8;42.2
49;2021-07-09;2300;8251;481654;352146;59.0;43.2
49;2021-07-10;1780;5340;483434;357486;59.3;43.8
49;2021-07-11;11;35;483445;357521;59.3;43.8
49;2021-07-12;1922;7718;485367;365239;59.5;44.8
49;2021-07-13;2559;8308;487926;373547;59.8;45.8
49;2021-07-14;2880;3373;490806;376920;60.2;46.2
49;2021-07-15;3120;7560;493926;384480;60.5;47.1
49;2021-07-16;3309;8304;497235;392784;60.9;48.1
49;2021-07-17;2070;5488;499305;398272;61.2;48.8
49;2021-07-18;3742;575;503047;398847;61.7;48.9
49;2021-07-19;2561;7455;505608;406302;62.0;49.8
49;2021-07-20;3354;7484;508962;413786;62.4;50.7
49;2021-07-21;4145;6466;513107;420252;62.9;51.5
49;2021-07-22;4639;5855;517746;426107;63.5;52.2
49;2021-07-23;4904;6624;522650;432731;64.1;53.0
49;2021-07-24;3591;4998;526241;437729;64.5;53.7
49;2021-07-25;37;32;526278;437761;64.5;53.7
49;2021-07-26;4169;5896;530447;443657;65.0;54.4
49;2021-07-27;5545;5446;535992;449103;65.7;55.0
49;2021-07-28;5926;4351;541918;453454;66.4;55.6
49;2021-07-29;6548;4143;548466;457597;67.2;56.1
49;2021-07-30;6023;4787;554489;462384;68.0;56.7
49;2021-07-31;3937;3411;558426;465795;68.4;57.1
49;2021-08-01;18;22;558444;465817;68.4;57.1
49;2021-08-02;4250;4640;562694;470457;69.0;57.7
49;2021-08-03;5422;3799;568116;474256;69.6;58.1
49;2021-08-04;5202;3698;573318;477954;70.3;58.6
49;2021-08-05;5225;3287;578543;481241;70.9;59.0
49;2021-08-06;5679;4259;584222;485500;71.6;59.5
49;2021-08-07;3903;3031;588125;488531;72.1;59.9
49;2021-08-08;23;36;588148;488567;72.1;59.9
49;2021-08-09;3429;4663;591577;493230;72.5;60.5
49;2021-08-10;4130;3876;595707;497106;73.0;60.9
49;2021-08-11;3909;3623;599616;500729;73.5;61.4
50;2020-12-27;0;0;0;0;0.0;0.0
50;2020-12-28;0;0;0;0;0.0;0.0
50;2020-12-29;1;0;1;0;0.0;0.0
50;2020-12-30;0;0;1;0;0.0;0.0
50;2020-12-31;0;0;1;0;0.0;0.0
50;2021-01-01;0;0;1;0;0.0;0.0
50;2021-01-02;0;0;1;0;0.0;0.0
50;2021-01-03;0;0;1;0;0.0;0.0
50;2021-01-04;1;0;2;0;0.0;0.0
50;2021-01-05;0;0;2;0;0.0;0.0
50;2021-01-06;126;0;128;0;0.0;0.0
50;2021-01-07;321;0;449;0;0.1;0.0
50;2021-01-08;436;2;885;2;0.2;0.0
50;2021-01-09;236;0;1121;2;0.2;0.0
50;2021-01-10;23;0;1144;2;0.2;0.0
50;2021-01-11;390;1;1534;3;0.3;0.0
50;2021-01-12;600;0;2134;3;0.4;0.0
50;2021-01-13;694;4;2828;7;0.6;0.0
50;2021-01-14;1046;4;3874;11;0.8;0.0
50;2021-01-15;709;2;4583;13;0.9;0.0
50;2021-01-16;214;3;4797;16;1.0;0.0
50;2021-01-17;0;0;4797;16;1.0;0.0
50;2021-01-18;619;1;5416;17;1.1;0.0
50;2021-01-19;892;1;6308;18;1.3;0.0
50;2021-01-20;965;1;7273;19;1.5;0.0
50;2021-01-21;917;4;8190;23;1.7;0.0
50;2021-01-22;713;2;8903;25;1.8;0.0
50;2021-01-23;667;4;9570;29;2.0;0.0
50;2021-01-24;880;2;10450;31;2.1;0.0
50;2021-01-25;2671;10;13121;41;2.7;0.0
50;2021-01-26;1335;14;14456;55;2.9;0.0
50;2021-01-27;760;56;15216;111;3.1;0.0
50;2021-01-28;718;169;15934;280;3.2;0.1
50;2021-01-29;580;306;16514;586;3.4;0.1
50;2021-01-30;381;165;16895;751;3.4;0.2
50;2021-01-31;0;0;16895;751;3.4;0.2
50;2021-02-01;449;225;17344;976;3.5;0.2
50;2021-02-02;416;236;17760;1212;3.6;0.2
50;2021-02-03;390;378;18150;1590;3.7;0.3
50;2021-02-04;485;452;18635;2042;3.8;0.4
50;2021-02-05;422;450;19057;2492;3.9;0.5
50;2021-02-06;179;114;19236;2606;3.9;0.5
50;2021-02-07;0;0;19236;2606;3.9;0.5
50;2021-02-08;255;509;19491;3115;4.0;0.6
50;2021-02-09;246;642;19737;3757;4.0;0.8
50;2021-02-10;570;558;20307;4315;4.1;0.9
50;2021-02-11;438;915;20745;5230;4.2;1.1
50;2021-02-12;329;672;21074;5902;4.3;1.2
50;2021-02-13;305;489;21379;6391;4.4;1.3
50;2021-02-14;185;826;21564;7217;4.4;1.5
50;2021-02-15;660;2022;22224;9239;4.5;1.9
50;2021-02-16;745;1623;22969;10862;4.7;2.2
50;2021-02-17;632;828;23601;11690;4.8;2.4
50;2021-02-18;569;810;24170;12500;4.9;2.5
50;2021-02-19;630;523;24800;13023;5.1;2.7
50;2021-02-20;423;193;25223;13216;5.1;2.7
50;2021-02-21;85;29;25308;13245;5.2;2.7
50;2021-02-22;291;726;25599;13971;5.2;2.8
50;2021-02-23;502;565;26101;14536;5.3;3.0
50;2021-02-24;624;571;26725;15107;5.4;3.1
50;2021-02-25;778;592;27503;15699;5.6;3.2
50;2021-02-26;999;399;28502;16098;5.8;3.3
50;2021-02-27;887;114;29389;16212;6.0;3.3
50;2021-02-28;111;0;29500;16212;6.0;3.3
50;2021-03-01;489;559;29989;16771;6.1;3.4
50;2021-03-02;651;521;30640;17292;6.2;3.5
50;2021-03-03;797;457;31437;17749;6.4;3.6
50;2021-03-04;1248;340;32685;18089;6.7;3.7
50;2021-03-05;1552;352;34237;18441;7.0;3.8
50;2021-03-06;1319;161;35556;18602;7.2;3.8
50;2021-03-07;549;43;36105;18645;7.4;3.8
50;2021-03-08;1024;623;37129;19268;7.6;3.9
50;2021-03-09;1555;575;38684;19843;7.9;4.0
50;2021-03-10;1606;322;40290;20165;8.2;4.1
50;2021-03-11;2352;357;42642;20522;8.7;4.2
50;2021-03-12;2866;246;45508;20768;9.3;4.2
50;2021-03-13;1992;137;47500;20905;9.7;4.3
50;2021-03-14;279;41;47779;20946;9.7;4.3
50;2021-03-15;1377;296;49156;21242;10.0;4.3
50;2021-03-16;1339;282;50495;21524;10.3;4.4
50;2021-03-17;1295;410;51790;21934;10.6;4.5
50;2021-03-18;1161;426;52951;22360;10.8;4.6
50;2021-03-19;1731;591;54682;22951;11.1;4.7
50;2021-03-20;1685;226;56367;23177;11.5;4.7
50;2021-03-21;794;10;57161;23187;11.6;4.7
50;2021-03-22;1507;336;58668;23523;12.0;4.8
50;2021-03-23;2073;395;60741;23918;12.4;4.9
50;2021-03-24;2279;556;63020;24474;12.8;5.0
50;2021-03-25;2811;465;65831;24939;13.4;5.1
50;2021-03-26;3205;468;69036;25407;14.1;5.2
50;2021-03-27;1823;376;70859;25783;14.4;5.3
50;2021-03-28;403;18;71262;25801;14.5;5.3
50;2021-03-29;2137;720;73399;26521;15.0;5.4
50;2021-03-30;2283;649;75682;27170;15.4;5.5
50;2021-03-31;2478;570;78160;27740;15.9;5.7
50;2021-04-01;3104;863;81264;28603;16.6;5.8
50;2021-04-02;2961;944;84225;29547;17.2;6.0
50;2021-04-03;1245;690;85470;30237;17.4;6.2
50;2021-04-04;321;135;85791;30372;17.5;6.2
50;2021-04-05;400;27;86191;30399;17.6;6.2
50;2021-04-06;2126;1224;88317;31623;18.0;6.4
50;2021-04-07;2559;1182;90876;32805;18.5;6.7
50;2021-04-08;3597;1224;94473;34029;19.3;6.9
50;2021-04-09;3937;1301;98410;35330;20.1;7.2
50;2021-04-10;2535;882;100945;36212;20.6;7.4
50;2021-04-11;411;147;101356;36359;20.7;7.4
50;2021-04-12;2438;1384;103794;37743;21.2;7.7
50;2021-04-13;2678;1539;106472;39282;21.7;8.0
50;2021-04-14;2608;1347;109080;40629;22.2;8.3
50;2021-04-15;3160;1113;112240;41742;22.9;8.5
50;2021-04-16;3364;1103;115604;42845;23.6;8.7
50;2021-04-17;2399;1184;118003;44029;24.0;9.0
50;2021-04-18;425;664;118428;44693;24.1;9.1
50;2021-04-19;2000;1476;120428;46169;24.5;9.4
50;2021-04-20;2277;1591;122705;47760;25.0;9.7
50;2021-04-21;2551;1760;125256;49520;25.5;10.1
50;2021-04-22;3078;1825;128334;51345;26.2;10.5
50;2021-04-23;2757;1915;131091;53260;26.7;10.9
50;2021-04-24;1897;1433;132988;54693;27.1;11.1
50;2021-04-25;470;272;133458;54965;27.2;11.2
50;2021-04-26;2120;1888;135578;56853;27.6;11.6
50;2021-04-27;2412;1999;137990;58852;28.1;12.0
50;2021-04-28;2707;1971;140697;60823;28.7;12.4
50;2021-04-29;3285;2039;143982;62862;29.3;12.8
50;2021-04-30;2998;1928;146980;64790;30.0;13.2
50;2021-05-01;1014;593;147994;65383;30.2;13.3
50;2021-05-02;523;448;148517;65831;30.3;13.4
50;2021-05-03;1768;1806;150285;67637;30.6;13.8
50;2021-05-04;1773;2325;152058;69962;31.0;14.3
50;2021-05-05;1661;2955;153719;72917;31.3;14.9
50;2021-05-06;2530;2583;156249;75500;31.8;15.4
50;2021-05-07;2150;2862;158399;78362;32.3;16.0
50;2021-05-08;1169;791;159568;79153;32.5;16.1
50;2021-05-09;624;361;160192;79514;32.6;16.2
50;2021-05-10;1705;2605;161897;82119;33.0;16.7
50;2021-05-11;2544;2848;164441;84967;33.5;17.3
50;2021-05-12;3180;2438;167621;87405;34.2;17.8
50;2021-05-13;3382;610;171003;88015;34.9;17.9
50;2021-05-14;3572;2278;174575;90293;35.6;18.4
50;2021-05-15;4001;1872;178576;92165;36.4;18.8
50;2021-05-16;947;267;179523;92432;36.6;18.8
50;2021-05-17;2138;1879;181661;94311;37.0;19.2
50;2021-05-18;2522;1621;184183;95932;37.5;19.6
50;2021-05-19;2504;1441;186687;97373;38.0;19.8
50;2021-05-20;3262;1623;189949;98996;38.7;20.2
50;2021-05-21;3158;1913;193107;100909;39.4;20.6
50;2021-05-22;2651;1327;195758;102236;39.9;20.8
50;2021-05-23;603;284;196361;102520;40.0;20.9
50;2021-05-24;1527;490;197888;103010;40.3;21.0
50;2021-05-25;2450;1675;200338;104685;40.8;21.3
50;2021-05-26;3000;1452;203338;106137;41.4;21.6
50;2021-05-27;3032;1973;206370;108110;42.1;22.0
50;2021-05-28;2945;2122;209315;110232;42.7;22.5
50;2021-05-29;2758;1404;212073;111636;43.2;22.8
50;2021-05-30;812;323;212885;111959;43.4;22.8
50;2021-05-31;2652;1817;215537;113776;43.9;23.2
50;2021-06-01;3332;2065;218869;115841;44.6;23.6
50;2021-06-02;3258;1787;222127;117628;45.3;24.0
50;2021-06-03;3914;2062;226041;119690;46.1;24.4
50;2021-06-04;3823;2883;229864;122573;46.8;25.0
50;2021-06-05;2959;1848;232823;124421;47.5;25.4
50;2021-06-06;813;443;233636;124864;47.6;25.4
50;2021-06-07;3513;2084;237149;126948;48.3;25.9
50;2021-06-08;4072;2224;241221;129172;49.2;26.3
50;2021-06-09;4253;1991;245474;131163;50.0;26.7
50;2021-06-10;4195;2116;249669;133279;50.9;27.2
50;2021-06-11;4225;2711;253894;135990;51.7;27.7
50;2021-06-12;3735;1607;257629;137597;52.5;28.0
50;2021-06-13;1143;451;258772;138048;52.7;28.1
50;2021-06-14;2691;2965;261463;141013;53.3;28.7
50;2021-06-15;3020;2600;264483;143613;53.9;29.3
50;2021-06-16;3097;1971;267580;145584;54.5;29.7
50;2021-06-17;2794;2484;270374;148068;55.1;30.2
50;2021-06-18;3241;3047;273615;151115;55.8;30.8
50;2021-06-19;3178;1923;276793;153038;56.4;31.2
50;2021-06-20;731;710;277524;153748;56.6;31.3
50;2021-06-21;1819;3131;279343;156879;56.9;32.0
50;2021-06-22;2062;3393;281405;160272;57.4;32.7
50;2021-06-23;1870;3874;283275;164146;57.7;33.5
50;2021-06-24;1711;4012;284986;168158;58.1;34.3
50;2021-06-25;2135;4007;287121;172165;58.5;35.1
50;2021-06-26;2139;3697;289260;175862;59.0;35.8
50;2021-06-27;612;894;289872;176756;59.1;36.0
50;2021-06-28;1926;3350;291798;180106;59.5;36.7
50;2021-06-29;1882;3402;293680;183508;59.9;37.4
50;2021-06-30;2175;3407;295855;186915;60.3;38.1
50;2021-07-01;1945;3281;297800;190196;60.7;38.8
50;2021-07-02;1896;3929;299696;194125;61.1;39.6
50;2021-07-03;1444;3445;301140;197570;61.4;40.3
50;2021-07-04;445;1067;301585;198637;61.5;40.5
50;2021-07-05;1262;3413;302847;202050;61.7;41.2
50;2021-07-06;1573;3888;304420;205938;62.0;42.0
50;2021-07-07;1797;3622;306217;209560;62.4;42.7
50;2021-07-08;1373;4106;307590;213666;62.7;43.5
50;2021-07-09;1390;4576;308980;218242;63.0;44.5
50;2021-07-10;1020;3605;310000;221847;63.2;45.2
50;2021-07-11;369;1021;310369;222868;63.3;45.4
50;2021-07-12;1310;4633;311679;227501;63.5;46.4
50;2021-07-13;1618;4867;313297;232368;63.9;47.4
50;2021-07-14;1471;2357;314768;234725;64.2;47.8
50;2021-07-15;1678;5059;316446;239784;64.5;48.9
50;2021-07-16;2967;5252;319413;245036;65.1;49.9
50;2021-07-17;2128;3735;321541;248771;65.5;50.7
50;2021-07-18;401;1093;321942;249864;65.6;50.9
50;2021-07-19;1563;5189;323505;255053;65.9;52.0
50;2021-07-20;1920;5419;325425;260472;66.3;53.1
50;2021-07-21;1782;5269;327207;265741;66.7;54.2
50;2021-07-22;1920;5005;329127;270746;67.1;55.2
50;2021-07-23;2053;5392;331180;276138;67.5;56.3
50;2021-07-24;1304;3840;332484;279978;67.8;57.1
50;2021-07-25;267;1040;332751;281018;67.8;57.3
50;2021-07-26;2271;3499;335022;284517;68.3;58.0
50;2021-07-27;2879;3352;337901;287869;68.9;58.7
50;2021-07-28;2967;3694;340868;291563;69.5;59.4
50;2021-07-29;3543;3231;344411;294794;70.2;60.1
50;2021-07-30;3048;3009;347459;297803;70.8;60.7
50;2021-07-31;2378;2669;349837;300472;71.3;61.2
50;2021-08-01;481;684;350318;301156;71.4;61.4
50;2021-08-02;2443;2742;352761;303898;71.9;61.9
50;2021-08-03;3373;2463;356134;306361;72.6;62.4
50;2021-08-04;3574;2322;359708;308683;73.3;62.9
50;2021-08-05;3150;2150;362858;310833;74.0;63.3
50;2021-08-06;3612;2798;366470;313631;74.7;63.9
50;2021-08-07;2429;2158;368899;315789;75.2;64.4
50;2021-08-08;510;714;369409;316503;75.3;64.5
50;2021-08-09;2472;2127;371881;318630;75.8;64.9
50;2021-08-10;2930;1978;374811;320608;76.4;65.3
50;2021-08-11;2794;2001;377605;322609;77.0;65.7
51;2020-12-27;0;0;0;0;0.0;0.0
51;2020-12-28;0;0;0;0;0.0;0.0
51;2020-12-29;0;0;0;0;0.0;0.0
51;2020-12-30;0;0;0;0;0.0;0.0
51;2020-12-31;1;0;1;0;0.0;0.0
51;2021-01-01;0;0;1;0;0.0;0.0
51;2021-01-02;0;0;1;0;0.0;0.0
51;2021-01-03;0;0;1;0;0.0;0.0
51;2021-01-04;1;0;2;0;0.0;0.0
51;2021-01-05;1;0;3;0;0.0;0.0
51;2021-01-06;6;0;9;0;0.0;0.0
51;2021-01-07;261;1;270;1;0.0;0.0
51;2021-01-08;506;1;776;2;0.1;0.0
51;2021-01-09;91;0;867;2;0.2;0.0
51;2021-01-10;0;0;867;2;0.2;0.0
51;2021-01-11;545;2;1412;4;0.3;0.0
51;2021-01-12;1537;4;2949;8;0.5;0.0
51;2021-01-13;1288;5;4237;13;0.8;0.0
51;2021-01-14;1469;6;5706;19;1.0;0.0
51;2021-01-15;606;3;6312;22;1.1;0.0
51;2021-01-16;177;1;6489;23;1.2;0.0
51;2021-01-17;102;0;6591;23;1.2;0.0
51;2021-01-18;843;3;7434;26;1.3;0.0
51;2021-01-19;997;4;8431;30;1.5;0.0
51;2021-01-20;953;8;9384;38;1.7;0.0
51;2021-01-21;790;3;10174;41;1.8;0.0
51;2021-01-22;392;2;10566;43;1.9;0.0
51;2021-01-23;294;0;10860;43;1.9;0.0
51;2021-01-24;130;1;10990;44;1.9;0.0
51;2021-01-25;712;3;11702;47;2.1;0.0
51;2021-01-26;778;5;12480;52;2.2;0.0
51;2021-01-27;656;3;13136;55;2.3;0.0
51;2021-01-28;646;70;13782;125;2.4;0.0
51;2021-01-29;472;142;14254;267;2.5;0.0
51;2021-01-30;126;5;14380;272;2.6;0.0
51;2021-01-31;83;0;14463;272;2.6;0.0
51;2021-02-01;275;58;14738;330;2.6;0.1
51;2021-02-02;738;722;15476;1052;2.7;0.2
51;2021-02-03;642;470;16118;1522;2.9;0.3
51;2021-02-04;970;823;17088;2345;3.0;0.4
51;2021-02-05;972;514;18060;2859;3.2;0.5
51;2021-02-06;30;149;18090;3008;3.2;0.5
51;2021-02-07;0;18;18090;3026;3.2;0.5
51;2021-02-08;115;415;18205;3441;3.2;0.6
51;2021-02-09;222;472;18427;3913;3.3;0.7
51;2021-02-10;219;641;18646;4554;3.3;0.8
51;2021-02-11;298;529;18944;5083;3.4;0.9
51;2021-02-12;340;565;19284;5648;3.4;1.0
51;2021-02-13;8;116;19292;5764;3.4;1.0
51;2021-02-14;8;171;19300;5935;3.4;1.1
51;2021-02-15;265;854;19565;6789;3.5;1.2
51;2021-02-16;401;972;19966;7761;3.5;1.4
51;2021-02-17;367;879;20333;8640;3.6;1.5
51;2021-02-18;435;594;20768;9234;3.7;1.6
51;2021-02-19;530;423;21298;9657;3.8;1.7
51;2021-02-20;205;296;21503;9953;3.8;1.8
51;2021-02-21;10;101;21513;10054;3.8;1.8
51;2021-02-22;195;689;21708;10743;3.9;1.9
51;2021-02-23;262;1100;21970;11843;3.9;2.1
51;2021-02-24;413;697;22383;12540;4.0;2.2
51;2021-02-25;1050;888;23433;13428;4.2;2.4
51;2021-02-26;1226;665;24659;14093;4.4;2.5
51;2021-02-27;590;124;25249;14217;4.5;2.5
51;2021-02-28;7;71;25256;14288;4.5;2.5
51;2021-03-01;766;311;26022;14599;4.6;2.6
51;2021-03-02;1125;451;27147;15050;4.8;2.7
51;2021-03-03;1193;465;28340;15515;5.0;2.8
51;2021-03-04;1060;702;29400;16217;5.2;2.9
51;2021-03-05;1559;673;30959;16890;5.5;3.0
51;2021-03-06;1433;56;32392;16946;5.7;3.0
51;2021-03-07;250;4;32642;16950;5.8;3.0
51;2021-03-08;992;98;33634;17048;6.0;3.0
51;2021-03-09;1664;187;35298;17235;6.3;3.1
51;2021-03-10;1994;102;37292;17337;6.6;3.1
51;2021-03-11;2370;167;39662;17504;7.0;3.1
51;2021-03-12;3249;155;42911;17659;7.6;3.1
51;2021-03-13;2550;48;45461;17707;8.1;3.1
51;2021-03-14;190;5;45651;17712;8.1;3.1
51;2021-03-15;1577;147;47228;17859;8.4;3.2
51;2021-03-16;1479;183;48707;18042;8.6;3.2
51;2021-03-17;1496;206;50203;18248;8.9;3.2
51;2021-03-18;1612;282;51815;18530;9.2;3.3
51;2021-03-19;2311;302;54126;18832;9.6;3.3
51;2021-03-20;1660;212;55786;19044;9.9;3.4
51;2021-03-21;133;2;55919;19046;9.9;3.4
51;2021-03-22;1417;121;57336;19167;10.2;3.4
51;2021-03-23;2467;163;59803;19330;10.6;3.4
51;2021-03-24;2840;131;62643;19461;11.1;3.5
51;2021-03-25;3254;334;65897;19795;11.7;3.5
51;2021-03-26;3412;505;69309;20300;12.3;3.6
51;2021-03-27;1843;251;71152;20551;12.6;3.6
51;2021-03-28;213;3;71365;20554;12.7;3.6
51;2021-03-29;991;642;72356;21196;12.8;3.8
51;2021-03-30;1751;857;74107;22053;13.1;3.9
51;2021-03-31;1737;759;75844;22812;13.5;4.0
51;2021-04-01;2281;445;78125;23257;13.9;4.1
51;2021-04-02;2425;639;80550;23896;14.3;4.2
51;2021-04-03;1304;410;81854;24306;14.5;4.3
51;2021-04-04;106;2;81960;24308;14.5;4.3
51;2021-04-05;72;141;82032;24449;14.5;4.3
51;2021-04-06;764;1234;82796;25683;14.7;4.6
51;2021-04-07;1312;1409;84108;27092;14.9;4.8
51;2021-04-08;2206;1770;86314;28862;15.3;5.1
51;2021-04-09;2863;1731;89177;30593;15.8;5.4
51;2021-04-10;2216;498;91393;31091;16.2;5.5
51;2021-04-11;105;85;91498;31176;16.2;5.5
51;2021-04-12;1449;1342;92947;32518;16.5;5.8
51;2021-04-13;1936;1684;94883;34202;16.8;6.1
51;2021-04-14;2460;1554;97343;35756;17.3;6.3
51;2021-04-15;2855;1666;100198;37422;17.8;6.6
51;2021-04-16;3214;1601;103412;39023;18.3;6.9
51;2021-04-17;1966;775;105378;39798;18.7;7.1
51;2021-04-18;296;112;105674;39910;18.7;7.1
51;2021-04-19;1561;1162;107235;41072;19.0;7.3
51;2021-04-20;1793;1662;109028;42734;19.3;7.6
51;2021-04-21;2007;1740;111035;44474;19.7;7.9
51;2021-04-22;2385;1651;113420;46125;20.1;8.2
51;2021-04-23;2980;1828;116400;47953;20.6;8.5
51;2021-04-24;1749;953;118149;48906;21.0;8.7
51;2021-04-25;123;162;118272;49068;21.0;8.7
51;2021-04-26;1849;759;120121;49827;21.3;8.8
51;2021-04-27;2442;1232;122563;51059;21.7;9.1
51;2021-04-28;2551;1307;125114;52366;22.2;9.3
51;2021-04-29;2674;1459;127788;53825;22.7;9.5
51;2021-04-30;2975;1676;130763;55501;23.2;9.8
51;2021-05-01;1454;412;132217;55913;23.5;9.9
51;2021-05-02;107;99;132324;56012;23.5;9.9
51;2021-05-03;2485;762;134809;56774;23.9;10.1
51;2021-05-04;2787;1350;137596;58124;24.4;10.3
51;2021-05-05;2859;1636;140455;59760;24.9;10.6
51;2021-05-06;5344;1946;145799;61706;25.9;10.9
51;2021-05-07;3705;1934;149504;63640;26.5;11.3
51;2021-05-08;2859;821;152363;64461;27.0;11.4
51;2021-05-09;211;91;152574;64552;27.1;11.4
51;2021-05-10;3215;1863;155789;66415;27.6;11.8
51;2021-05-11;3629;2040;159418;68455;28.3;12.1
51;2021-05-12;4184;2241;163602;70696;29.0;12.5
51;2021-05-13;1776;502;165378;71198;29.3;12.6
51;2021-05-14;5403;1748;170781;72946;30.3;12.9
51;2021-05-15;4227;1355;175008;74301;31.0;13.2
51;2021-05-16;284;46;175292;74347;31.1;13.2
51;2021-05-17;3132;1527;178424;75874;31.6;13.5
51;2021-05-18;3917;1771;182341;77645;32.3;13.8
51;2021-05-19;4029;1732;186370;79377;33.1;14.1
51;2021-05-20;4648;1968;191018;81345;33.9;14.4
51;2021-05-21;3595;2481;194613;83826;34.5;14.9
51;2021-05-22;2076;1547;196689;85373;34.9;15.1
51;2021-05-23;307;210;196996;85583;34.9;15.2
51;2021-05-24;2019;720;199015;86303;35.3;15.3
51;2021-05-25;3129;1830;202144;88133;35.9;15.6
51;2021-05-26;3297;1710;205441;89843;36.4;15.9
51;2021-05-27;3269;2062;208710;91905;37.0;16.3
51;2021-05-28;3605;2827;212315;94732;37.7;16.8
51;2021-05-29;2402;1998;214717;96730;38.1;17.2
51;2021-05-30;401;133;215118;96863;38.2;17.2
51;2021-05-31;3351;1785;218469;98648;38.7;17.5
51;2021-06-01;3854;2336;222323;100984;39.4;17.9
51;2021-06-02;6096;2326;228419;103310;40.5;18.3
51;2021-06-03;3580;2430;231999;105740;41.1;18.8
51;2021-06-04;6346;2945;238345;108685;42.3;19.3
51;2021-06-05;2598;1819;240943;110504;42.7;19.6
51;2021-06-06;171;156;241114;110660;42.8;19.6
51;2021-06-07;4301;2167;245415;112827;43.5;20.0
51;2021-06-08;3925;2534;249340;115361;44.2;20.5
51;2021-06-09;4018;2750;253358;118111;44.9;20.9
51;2021-06-10;3202;2485;256560;120596;45.5;21.4
51;2021-06-11;3358;3427;259918;124023;46.1;22.0
51;2021-06-12;2165;2172;262083;126195;46.5;22.4
51;2021-06-13;191;148;262274;126343;46.5;22.4
51;2021-06-14;1626;3337;263900;129680;46.8;23.0
51;2021-06-15;3189;3577;267089;133257;47.4;23.6
51;2021-06-16;2206;3684;269295;136941;47.8;24.3
51;2021-06-17;2609;5405;271904;142346;48.2;25.2
51;2021-06-18;2357;5211;274261;147557;48.6;26.2
51;2021-06-19;1685;4427;275946;151984;48.9;27.0
51;2021-06-20;184;228;276130;152212;49.0;27.0
51;2021-06-21;1230;4440;277360;156652;49.2;27.8
51;2021-06-22;1556;4043;278916;160695;49.5;28.5
51;2021-06-23;3666;4235;282582;164930;50.1;29.3
51;2021-06-24;2245;3228;284827;168158;50.5;29.8
51;2021-06-25;1906;6524;286733;174682;50.9;31.0
51;2021-06-26;1203;5070;287936;179752;51.1;31.9
51;2021-06-27;103;336;288039;180088;51.1;31.9
51;2021-06-28;1400;4412;289439;184500;51.3;32.7
51;2021-06-29;1172;4464;290611;188964;51.5;33.5
51;2021-06-30;1687;6042;292298;195006;51.8;34.6
51;2021-07-01;1976;3766;294274;198772;52.2;35.3
51;2021-07-02;1835;6888;296109;205660;52.5;36.5
51;2021-07-03;1003;3199;297112;208859;52.7;37.0
51;2021-07-04;172;254;297284;209113;52.7;37.1
51;2021-07-05;764;5528;298048;214641;52.9;38.1
51;2021-07-06;1246;4782;299294;219423;53.1;38.9
51;2021-07-07;1611;4938;300905;224361;53.4;39.8
51;2021-07-08;2068;3430;302973;227791;53.7;40.4
51;2021-07-09;1853;5054;304826;232845;54.1;41.3
51;2021-07-10;1230;3208;306056;236053;54.3;41.9
51;2021-07-11;189;280;306245;236333;54.3;41.9
51;2021-07-12;992;4380;307237;240713;54.5;42.7
51;2021-07-13;1474;4776;308711;245489;54.8;43.5
51;2021-07-14;1070;1686;309781;247175;54.9;43.8
51;2021-07-15;2927;4914;312708;252089;55.5;44.7
51;2021-07-16;2354;5285;315062;257374;55.9;45.6
51;2021-07-17;1812;3488;316874;260862;56.2;46.3
51;2021-07-18;163;329;317037;261191;56.2;46.3
51;2021-07-19;1891;3980;318928;265171;56.6;47.0
51;2021-07-20;2575;5150;321503;270321;57.0;47.9
51;2021-07-21;3603;4066;325106;274387;57.7;48.7
51;2021-07-22;4385;3754;329491;278141;58.4;49.3
51;2021-07-23;3621;4384;333112;282525;59.1;50.1
51;2021-07-24;2074;2723;335186;285248;59.4;50.6
51;2021-07-25;349;258;335535;285506;59.5;50.6
51;2021-07-26;3102;2810;338637;288316;60.1;51.1
51;2021-07-27;5808;3262;344445;291578;61.1;51.7
51;2021-07-28;4118;4314;348563;295892;61.8;52.5
51;2021-07-29;4672;2714;353235;298606;62.6;53.0
51;2021-07-30;3599;3149;356834;301755;63.3;53.5
51;2021-07-31;2509;2125;359343;303880;63.7;53.9
51;2021-08-01;373;234;359716;304114;63.8;53.9
51;2021-08-02;3264;2309;362980;306423;64.4;54.3
51;2021-08-03;3761;1907;366741;308330;65.0;54.7
51;2021-08-04;4432;2114;371173;310444;65.8;55.1
51;2021-08-05;2630;1532;373803;311976;66.3;55.3
51;2021-08-06;3031;2533;376834;314509;66.8;55.8
51;2021-08-07;2153;1685;378987;316194;67.2;56.1
51;2021-08-08;364;206;379351;316400;67.3;56.1
51;2021-08-09;2500;1839;381851;318239;67.7;56.4
51;2021-08-10;2357;1969;384208;320208;68.1;56.8
51;2021-08-11;2898;2295;387106;322503;68.7;57.2
52;2020-12-27;0;0;0;0;0.0;0.0
52;2020-12-28;0;0;0;0;0.0;0.0
52;2020-12-29;0;0;0;0;0.0;0.0
52;2020-12-30;0;0;0;0;0.0;0.0
52;2020-12-31;0;0;0;0;0.0;0.0
52;2021-01-01;0;0;0;0;0.0;0.0
52;2021-01-02;0;0;0;0;0.0;0.0
52;2021-01-03;0;0;0;0;0.0;0.0
52;2021-01-04;0;0;0;0;0.0;0.0
52;2021-01-05;0;0;0;0;0.0;0.0
52;2021-01-06;2;0;2;0;0.0;0.0
52;2021-01-07;0;0;2;0;0.0;0.0
52;2021-01-08;201;1;203;1;0.1;0.0
52;2021-01-09;93;0;296;1;0.2;0.0
52;2021-01-10;0;0;296;1;0.2;0.0
52;2021-01-11;207;0;503;1;0.3;0.0
52;2021-01-12;171;0;674;1;0.4;0.0
52;2021-01-13;562;2;1236;3;0.7;0.0
52;2021-01-14;677;9;1913;12;1.1;0.0
52;2021-01-15;411;1;2324;13;1.4;0.0
52;2021-01-16;16;1;2340;14;1.4;0.0
52;2021-01-17;0;0;2340;14;1.4;0.0
52;2021-01-18;427;0;2767;14;1.6;0.0
52;2021-01-19;439;0;3206;14;1.9;0.0
52;2021-01-20;420;0;3626;14;2.1;0.0
52;2021-01-21;424;1;4050;15;2.4;0.0
52;2021-01-22;321;1;4371;16;2.6;0.0
52;2021-01-23;72;1;4443;17;2.6;0.0
52;2021-01-24;0;0;4443;17;2.6;0.0
52;2021-01-25;235;0;4678;17;2.8;0.0
52;2021-01-26;306;0;4984;17;2.9;0.0
52;2021-01-27;237;1;5221;18;3.1;0.0
52;2021-01-28;174;4;5395;22;3.2;0.0
52;2021-01-29;74;124;5469;146;3.2;0.1
52;2021-01-30;91;95;5560;241;3.3;0.1
52;2021-01-31;0;0;5560;241;3.3;0.1
52;2021-02-01;117;191;5677;432;3.4;0.3
52;2021-02-02;61;177;5738;609;3.4;0.4
52;2021-02-03;90;416;5828;1025;3.4;0.6
52;2021-02-04;231;595;6059;1620;3.6;1.0
52;2021-02-05;113;505;6172;2125;3.6;1.3
52;2021-02-06;22;0;6194;2125;3.7;1.3
52;2021-02-07;0;1;6194;2126;3.7;1.3
52;2021-02-08;34;207;6228;2333;3.7;1.4
52;2021-02-09;47;216;6275;2549;3.7;1.5
52;2021-02-10;88;191;6363;2740;3.8;1.6
52;2021-02-11;129;147;6492;2887;3.8;1.7
52;2021-02-12;188;130;6680;3017;3.9;1.8
52;2021-02-13;5;1;6685;3018;3.9;1.8
52;2021-02-14;0;16;6685;3034;3.9;1.8
52;2021-02-15;79;277;6764;3311;4.0;2.0
52;2021-02-16;50;357;6814;3668;4.0;2.2
52;2021-02-17;37;316;6851;3984;4.0;2.4
52;2021-02-18;82;281;6933;4265;4.1;2.5
52;2021-02-19;51;193;6984;4458;4.1;2.6
52;2021-02-20;14;111;6998;4569;4.1;2.7
52;2021-02-21;0;0;6998;4569;4.1;2.7
52;2021-02-22;42;384;7040;4953;4.2;2.9
52;2021-02-23;56;279;7096;5232;4.2;3.1
52;2021-02-24;82;247;7178;5479;4.2;3.2
52;2021-02-25;161;236;7339;5715;4.3;3.4
52;2021-02-26;296;182;7635;5897;4.5;3.5
52;2021-02-27;149;49;7784;5946;4.6;3.5
52;2021-02-28;0;0;7784;5946;4.6;3.5
52;2021-03-01;163;14;7947;5960;4.7;3.5
52;2021-03-02;198;51;8145;6011;4.8;3.6
52;2021-03-03;356;35;8501;6046;5.0;3.6
52;2021-03-04;378;58;8879;6104;5.2;3.6
52;2021-03-05;531;52;9410;6156;5.6;3.6
52;2021-03-06;409;35;9819;6191;5.8;3.7
52;2021-03-07;0;0;9819;6191;5.8;3.7
52;2021-03-08;397;111;10216;6302;6.0;3.7
52;2021-03-09;550;106;10766;6408;6.4;3.8
52;2021-03-10;308;109;11074;6517;6.5;3.9
52;2021-03-11;586;35;11660;6552;6.9;3.9
52;2021-03-12;582;66;12242;6618;7.2;3.9
52;2021-03-13;490;6;12732;6624;7.5;3.9
52;2021-03-14;15;3;12747;6627;7.5;3.9
52;2021-03-15;316;25;13063;6652;7.7;3.9
52;2021-03-16;203;15;13266;6667;7.8;3.9
52;2021-03-17;364;13;13630;6680;8.1;3.9
52;2021-03-18;442;8;14072;6688;8.3;4.0
52;2021-03-19;451;54;14523;6742;8.6;4.0
52;2021-03-20;259;11;14782;6753;8.7;4.0
52;2021-03-21;15;1;14797;6754;8.7;4.0
52;2021-03-22;375;49;15172;6803;9.0;4.0
52;2021-03-23;684;89;15856;6892;9.4;4.1
52;2021-03-24;771;69;16627;6961;9.8;4.1
52;2021-03-25;1139;86;17766;7047;10.5;4.2
52;2021-03-26;1033;138;18799;7185;11.1;4.2
52;2021-03-27;476;75;19275;7260;11.4;4.3
52;2021-03-28;53;0;19328;7260;11.4;4.3
52;2021-03-29;506;185;19834;7445;11.7;4.4
52;2021-03-30;868;292;20702;7737;12.2;4.6
52;2021-03-31;956;291;21658;8028;12.8;4.7
52;2021-04-01;1146;178;22804;8206;13.5;4.8
52;2021-04-02;958;103;23762;8309;14.0;4.9
52;2021-04-03;460;3;24222;8312;14.3;4.9
52;2021-04-04;1;1;24223;8313;14.3;4.9
52;2021-04-05;1;0;24224;8313;14.3;4.9
52;2021-04-06;431;294;24655;8607;14.6;5.1
52;2021-04-07;503;450;25158;9057;14.9;5.4
52;2021-04-08;859;210;26017;9267;15.4;5.5
52;2021-04-09;1059;127;27076;9394;16.0;5.6
52;2021-04-10;852;103;27928;9497;16.5;5.6
52;2021-04-11;96;1;28024;9498;16.6;5.6
52;2021-04-12;932;275;28956;9773;17.1;5.8
52;2021-04-13;1249;375;30205;10148;17.8;6.0
52;2021-04-14;1345;454;31550;10602;18.6;6.3
52;2021-04-15;1508;434;33058;11036;19.5;6.5
52;2021-04-16;1574;364;34632;11400;20.5;6.7
52;2021-04-17;1309;130;35941;11530;21.2;6.8
52;2021-04-18;510;29;36451;11559;21.5;6.8
52;2021-04-19;697;611;37148;12170;21.9;7.2
52;2021-04-20;1081;673;38229;12843;22.6;7.6
52;2021-04-21;1060;677;39289;13520;23.2;8.0
52;2021-04-22;1468;732;40757;14252;24.1;8.4
52;2021-04-23;1253;663;42010;14915;24.8;8.8
52;2021-04-24;477;293;42487;15208;25.1;9.0
52;2021-04-25;3;77;42490;15285;25.1;9.0
52;2021-04-26;631;560;43121;15845;25.5;9.4
52;2021-04-27;933;671;44054;16516;26.0;9.8
52;2021-04-28;1441;560;45495;17076;26.9;10.1
52;2021-04-29;1451;578;46946;17654;27.7;10.4
52;2021-04-30;1315;609;48261;18263;28.5;10.8
52;2021-05-01;8;232;48269;18495;28.5;10.9
52;2021-05-02;0;1;48269;18496;28.5;10.9
52;2021-05-03;1160;628;49429;19124;29.2;11.3
52;2021-05-04;1445;720;50874;19844;30.1;11.7
52;2021-05-05;1768;647;52642;20491;31.1;12.1
52;2021-05-06;1962;531;54604;21022;32.3;12.4
52;2021-05-07;1443;1173;56047;22195;33.1;13.1
52;2021-05-08;588;317;56635;22512;33.5;13.3
52;2021-05-09;1;47;56636;22559;33.5;13.3
52;2021-05-10;791;1101;57427;23660;33.9;14.0
52;2021-05-11;867;1396;58294;25056;34.4;14.8
52;2021-05-12;1208;1382;59502;26438;35.2;15.6
52;2021-05-13;67;184;59569;26622;35.2;15.7
52;2021-05-14;1186;1364;60755;27986;35.9;16.5
52;2021-05-15;491;929;61246;28915;36.2;17.1
52;2021-05-16;8;43;61254;28958;36.2;17.1
52;2021-05-17;1144;705;62398;29663;36.9;17.5
52;2021-05-18;1218;675;63616;30338;37.6;17.9
52;2021-05-19;1543;414;65159;30752;38.5;18.2
52;2021-05-20;1546;420;66705;31172;39.4;18.4
52;2021-05-21;1624;613;68329;31785;40.4;18.8
52;2021-05-22;1089;209;69418;31994;41.0;18.9
52;2021-05-23;1;0;69419;31994;41.0;18.9
52;2021-05-24;405;33;69824;32027;41.3;18.9
52;2021-05-25;1351;384;71175;32411;42.1;19.1
52;2021-05-26;1479;672;72654;33083;42.9;19.5
52;2021-05-27;1566;789;74220;33872;43.9;20.0
52;2021-05-28;1494;671;75714;34543;44.7;20.4
52;2021-05-29;696;835;76410;35378;45.1;20.9
52;2021-05-30;16;550;76426;35928;45.2;21.2
52;2021-05-31;824;830;77250;36758;45.6;21.7
52;2021-06-01;957;816;78207;37574;46.2;22.2
52;2021-06-02;895;753;79102;38327;46.7;22.6
52;2021-06-03;825;825;79927;39152;47.2;23.1
52;2021-06-04;884;1341;80811;40493;47.7;23.9
52;2021-06-05;580;638;81391;41131;48.1;24.3
52;2021-06-06;27;55;81418;41186;48.1;24.3
52;2021-06-07;359;931;81777;42117;48.3;24.9
52;2021-06-08;555;1468;82332;43585;48.6;25.8
52;2021-06-09;612;1474;82944;45059;49.0;26.6
52;2021-06-10;793;1159;83737;46218;49.5;27.3
52;2021-06-11;830;1349;84567;47567;50.0;28.1
52;2021-06-12;422;586;84989;48153;50.2;28.5
52;2021-06-13;1;6;84990;48159;50.2;28.5
52;2021-06-14;172;1413;85162;49572;50.3;29.3
52;2021-06-15;221;1810;85383;51382;50.4;30.4
52;2021-06-16;354;1994;85737;53376;50.7;31.5
52;2021-06-17;265;1156;86002;54532;50.8;32.2
52;2021-06-18;308;1553;86310;56085;51.0;33.1
52;2021-06-19;502;690;86812;56775;51.3;33.5
52;2021-06-20;0;17;86812;56792;51.3;33.6
52;2021-06-21;524;897;87336;57689;51.6;34.1
52;2021-06-22;503;1049;87839;58738;51.9;34.7
52;2021-06-23;562;1042;88401;59780;52.2;35.3
52;2021-06-24;609;717;89010;60497;52.6;35.7
52;2021-06-25;661;1312;89671;61809;53.0;36.5
52;2021-06-26;264;721;89935;62530;53.1;36.9
52;2021-06-27;1;8;89936;62538;53.1;37.0
52;2021-06-28;185;1443;90121;63981;53.2;37.8
52;2021-06-29;163;1414;90284;65395;53.3;38.6
52;2021-06-30;217;1467;90501;66862;53.5;39.5
52;2021-07-01;318;1022;90819;67884;53.7;40.1
52;2021-07-02;430;1453;91249;69337;53.9;41.0
52;2021-07-03;302;1147;91551;70484;54.1;41.6
52;2021-07-04;0;11;91551;70495;54.1;41.7
52;2021-07-05;173;1449;91724;71944;54.2;42.5
52;2021-07-06;284;1449;92008;73393;54.4;43.4
52;2021-07-07;306;1164;92314;74557;54.5;44.1
52;2021-07-08;471;1163;92785;75720;54.8;44.7
52;2021-07-09;287;1619;93072;77339;55.0;45.7
52;2021-07-10;153;822;93225;78161;55.1;46.2
52;2021-07-11;12;12;93237;78173;55.1;46.2
52;2021-07-12;282;1466;93519;79639;55.3;47.1
52;2021-07-13;590;1371;94109;81010;55.6;47.9
52;2021-07-14;436;151;94545;81161;55.9;48.0
52;2021-07-15;614;1430;95159;82591;56.2;48.8
52;2021-07-16;897;1337;96056;83928;56.8;49.6
52;2021-07-17;527;342;96583;84270;57.1;49.8
52;2021-07-18;3;12;96586;84282;57.1;49.8
52;2021-07-19;683;985;97269;85267;57.5;50.4
52;2021-07-20;1101;835;98370;86102;58.1;50.9
52;2021-07-21;1155;737;99525;86839;58.8;51.3
52;2021-07-22;1426;860;100951;87699;59.6;51.8
52;2021-07-23;1383;957;102334;88656;60.5;52.4
52;2021-07-24;872;487;103206;89143;61.0;52.7
52;2021-07-25;20;21;103226;89164;61.0;52.7
52;2021-07-26;995;615;104221;89779;61.6;53.0
52;2021-07-27;1325;653;105546;90432;62.4;53.4
52;2021-07-28;1373;640;106919;91072;63.2;53.8
52;2021-07-29;1243;618;108162;91690;63.9;54.2
52;2021-07-30;1350;707;109512;92397;64.7;54.6
52;2021-07-31;870;544;110382;92941;65.2;54.9
52;2021-08-01;5;14;110387;92955;65.2;54.9
52;2021-08-02;1172;561;111559;93516;65.9;55.3
52;2021-08-03;1348;534;112907;94050;66.7;55.6
52;2021-08-04;1139;579;114046;94629;67.4;55.9
52;2021-08-05;1012;576;115058;95205;68.0;56.3
52;2021-08-06;1050;701;116108;95906;68.6;56.7
52;2021-08-07;517;420;116625;96326;68.9;56.9
52;2021-08-08;0;6;116625;96332;68.9;56.9
52;2021-08-09;458;870;117083;97202;69.2;57.4
52;2021-08-10;708;748;117791;97950;69.6;57.9
52;2021-08-11;522;835;118313;98785;69.9;58.4
53;2020-12-27;0;0;0;0;0.0;0.0
53;2020-12-28;0;0;0;0;0.0;0.0
53;2020-12-29;0;0;0;0;0.0;0.0
53;2020-12-30;0;0;0;0;0.0;0.0
53;2020-12-31;0;0;0;0;0.0;0.0
53;2021-01-01;0;0;0;0;0.0;0.0
53;2021-01-02;0;0;0;0;0.0;0.0
53;2021-01-03;0;0;0;0;0.0;0.0
53;2021-01-04;1;0;1;0;0.0;0.0
53;2021-01-05;0;0;1;0;0.0;0.0
53;2021-01-06;0;0;1;0;0.0;0.0
53;2021-01-07;102;0;103;0;0.0;0.0
53;2021-01-08;284;1;387;1;0.1;0.0
53;2021-01-09;134;1;521;2;0.2;0.0
53;2021-01-10;15;0;536;2;0.2;0.0
53;2021-01-11;176;0;712;2;0.2;0.0
53;2021-01-12;453;1;1165;3;0.4;0.0
53;2021-01-13;253;0;1418;3;0.5;0.0
53;2021-01-14;289;7;1707;10;0.6;0.0
53;2021-01-15;343;4;2050;14;0.7;0.0
53;2021-01-16;61;0;2111;14;0.7;0.0
53;2021-01-17;24;1;2135;15;0.7;0.0
53;2021-01-18;364;0;2499;15;0.8;0.0
53;2021-01-19;594;0;3093;15;1.0;0.0
53;2021-01-20;742;0;3835;15;1.3;0.0
53;2021-01-21;769;2;4604;17;1.5;0.0
53;2021-01-22;705;2;5309;19;1.7;0.0
53;2021-01-23;160;1;5469;20;1.8;0.0
53;2021-01-24;6;0;5475;20;1.8;0.0
53;2021-01-25;550;0;6025;20;2.0;0.0
53;2021-01-26;1198;6;7223;26;2.4;0.0
53;2021-01-27;696;6;7919;32;2.6;0.0
53;2021-01-28;737;95;8656;127;2.8;0.0
53;2021-01-29;422;187;9078;314;3.0;0.1
53;2021-01-30;128;0;9206;314;3.0;0.1
53;2021-01-31;0;0;9206;314;3.0;0.1
53;2021-02-01;298;149;9504;463;3.1;0.2
53;2021-02-02;309;231;9813;694;3.2;0.2
53;2021-02-03;227;377;10040;1071;3.3;0.4
53;2021-02-04;184;332;10224;1403;3.3;0.5
53;2021-02-05;234;303;10458;1706;3.4;0.6
53;2021-02-06;152;23;10610;1729;3.5;0.6
53;2021-02-07;0;0;10610;1729;3.5;0.6
53;2021-02-08;168;107;10778;1836;3.5;0.6
53;2021-02-09;369;215;11147;2051;3.7;0.7
53;2021-02-10;266;435;11413;2486;3.7;0.8
53;2021-02-11;433;491;11846;2977;3.9;1.0
53;2021-02-12;318;574;12164;3551;4.0;1.2
53;2021-02-13;96;66;12260;3617;4.0;1.2
53;2021-02-14;0;99;12260;3716;4.0;1.2
53;2021-02-15;239;431;12499;4147;4.1;1.4
53;2021-02-16;528;844;13027;4991;4.3;1.6
53;2021-02-17;391;618;13418;5609;4.4;1.8
53;2021-02-18;546;577;13964;6186;4.6;2.0
53;2021-02-19;895;423;14859;6609;4.9;2.2
53;2021-02-20;139;113;14998;6722;4.9;2.2
53;2021-02-21;1;20;14999;6742;4.9;2.2
53;2021-02-22;161;585;15160;7327;5.0;2.4
53;2021-02-23;59;657;15219;7984;5.0;2.6
53;2021-02-24;137;517;15356;8501;5.0;2.8
53;2021-02-25;457;359;15813;8860;5.2;2.9
53;2021-02-26;439;263;16252;9123;5.3;3.0
53;2021-02-27;86;115;16338;9238;5.4;3.0
53;2021-02-28;0;0;16338;9238;5.4;3.0
53;2021-03-01;230;282;16568;9520;5.4;3.1
53;2021-03-02;246;254;16814;9774;5.5;3.2
53;2021-03-03;320;393;17134;10167;5.6;3.3
53;2021-03-04;859;338;17993;10505;5.9;3.4
53;2021-03-05;659;280;18652;10785;6.1;3.5
53;2021-03-06;445;213;19097;10998;6.3;3.6
53;2021-03-07;276;5;19373;11003;6.3;3.6
53;2021-03-08;376;181;19749;11184;6.5;3.7
53;2021-03-09;878;246;20627;11430;6.8;3.7
53;2021-03-10;807;108;21434;11538;7.0;3.8
53;2021-03-11;1247;223;22681;11761;7.4;3.9
53;2021-03-12;1602;145;24283;11906;8.0;3.9
53;2021-03-13;824;12;25107;11918;8.2;3.9
53;2021-03-14;1;0;25108;11918;8.2;3.9
53;2021-03-15;1002;298;26110;12216;8.6;4.0
53;2021-03-16;1035;326;27145;12542;8.9;4.1
53;2021-03-17;683;259;27828;12801;9.1;4.2
53;2021-03-18;972;341;28800;13142;9.4;4.3
53;2021-03-19;1343;596;30143;13738;9.9;4.5
53;2021-03-20;591;15;30734;13753;10.1;4.5
53;2021-03-21;2;0;30736;13753;10.1;4.5
53;2021-03-22;1209;155;31945;13908;10.5;4.6
53;2021-03-23;1696;65;33641;13973;11.0;4.6
53;2021-03-24;1323;116;34964;14089;11.4;4.6
53;2021-03-25;2323;229;37287;14318;12.2;4.7
53;2021-03-26;1882;151;39169;14469;12.8;4.7
53;2021-03-27;339;2;39508;14471;12.9;4.7
53;2021-03-28;2;0;39510;14471;12.9;4.7
53;2021-03-29;1474;212;40984;14683;13.4;4.8
53;2021-03-30;1944;198;42928;14881;14.1;4.9
53;2021-03-31;1791;220;44719;15101;14.6;4.9
53;2021-04-01;1946;673;46665;15774;15.3;5.2
53;2021-04-02;2075;222;48740;15996;16.0;5.2
53;2021-04-03;414;1;49154;15997;16.1;5.2
53;2021-04-04;10;0;49164;15997;16.1;5.2
53;2021-04-05;9;15;49173;16012;16.1;5.2
53;2021-04-06;1304;500;50477;16512;16.5;5.4
53;2021-04-07;1176;923;51653;17435;16.9;5.7
53;2021-04-08;1662;1006;53315;18441;17.5;6.0
53;2021-04-09;1957;400;55272;18841;18.1;6.2
53;2021-04-10;543;12;55815;18853;18.3;6.2
53;2021-04-11;12;0;55827;18853;18.3;6.2
53;2021-04-12;695;1066;56522;19919;18.5;6.5
53;2021-04-13;1473;1105;57995;21024;19.0;6.9
53;2021-04-14;1022;732;59017;21756;19.3;7.1
53;2021-04-15;1159;1108;60176;22864;19.7;7.5
53;2021-04-16;1272;816;61448;23680;20.1;7.8
53;2021-04-17;281;274;61729;23954;20.2;7.8
53;2021-04-18;0;0;61729;23954;20.2;7.8
53;2021-04-19;680;1068;62409;25022;20.4;8.2
53;2021-04-20;936;1448;63345;26470;20.7;8.7
53;2021-04-21;850;1011;64195;27481;21.0;9.0
53;2021-04-22;1046;1610;65241;29091;21.4;9.5
53;2021-04-23;1329;1054;66570;30145;21.8;9.9
53;2021-04-24;68;7;66638;30152;21.8;9.9
53;2021-04-25;6;39;66644;30191;21.8;9.9
53;2021-04-26;368;1238;67012;31429;21.9;10.3
53;2021-04-27;724;1971;67736;33400;22.2;10.9
53;2021-04-28;978;1392;68714;34792;22.5;11.4
53;2021-04-29;1051;1713;69765;36505;22.8;12.0
53;2021-04-30;1367;1311;71132;37816;23.3;12.4
53;2021-05-01;35;50;71167;37866;23.3;12.4
53;2021-05-02;0;0;71167;37866;23.3;12.4
53;2021-05-03;1570;703;72737;38569;23.8;12.6
53;2021-05-04;1305;1442;74042;40011;24.2;13.1
53;2021-05-05;1610;825;75652;40836;24.8;13.4
53;2021-05-06;1392;1394;77044;42230;25.2;13.8
53;2021-05-07;1537;1302;78581;43532;25.7;14.3
53;2021-05-08;939;36;79520;43568;26.0;14.3
53;2021-05-09;11;2;79531;43570;26.0;14.3
53;2021-05-10;2416;812;81947;44382;26.8;14.5
53;2021-05-11;3096;1287;85043;45669;27.8;15.0
53;2021-05-12;2749;1089;87792;46758;28.7;15.3
53;2021-05-13;350;28;88142;46786;28.9;15.3
53;2021-05-14;2020;677;90162;47463;29.5;15.5
53;2021-05-15;1058;62;91220;47525;29.9;15.6
53;2021-05-16;3;0;91223;47525;29.9;15.6
53;2021-05-17;1701;1197;92924;48722;30.4;16.0
53;2021-05-18;1881;1547;94805;50269;31.0;16.5
53;2021-05-19;2303;744;97108;51013;31.8;16.7
53;2021-05-20;3217;859;100325;51872;32.9;17.0
53;2021-05-21;2797;827;103122;52699;33.8;17.3
53;2021-05-22;21;60;103143;52759;33.8;17.3
53;2021-05-23;0;0;103143;52759;33.8;17.3
53;2021-05-24;8;6;103151;52765;33.8;17.3
53;2021-05-25;1818;803;104969;53568;34.4;17.5
53;2021-05-26;1852;904;106821;54472;35.0;17.8
53;2021-05-27;3071;1075;109892;55547;36.0;18.2
53;2021-05-28;2562;878;112454;56425;36.8;18.5
53;2021-05-29;844;244;113298;56669;37.1;18.6
53;2021-05-30;18;6;113316;56675;37.1;18.6
53;2021-05-31;2564;802;115880;57477;37.9;18.8
53;2021-06-01;3491;1258;119371;58735;39.1;19.2
53;2021-06-02;3183;523;122554;59258;40.1;19.4
53;2021-06-03;4198;783;126752;60041;41.5;19.7
53;2021-06-04;3181;1264;129933;61305;42.6;20.1
53;2021-06-05;137;245;130070;61550;42.6;20.2
53;2021-06-06;1;4;130071;61554;42.6;20.2
53;2021-06-07;2628;923;132699;62477;43.5;20.5
53;2021-06-08;3584;1125;136283;63602;44.6;20.8
53;2021-06-09;2453;940;138736;64542;45.4;21.1
53;2021-06-10;3521;847;142257;65389;46.6;21.4
53;2021-06-11;2966;1212;145223;66601;47.6;21.8
53;2021-06-12;108;138;145331;66739;47.6;21.9
53;2021-06-13;10;2;145341;66741;47.6;21.9
53;2021-06-14;1600;1790;146941;68531;48.1;22.4
53;2021-06-15;1898;2264;148839;70795;48.7;23.2
53;2021-06-16;1827;1730;150666;72525;49.3;23.8
53;2021-06-17;3013;1649;153679;74174;50.3;24.3
53;2021-06-18;2702;1809;156381;75983;51.2;24.9
53;2021-06-19;762;1166;157143;77149;51.5;25.3
53;2021-06-20;3;479;157146;77628;51.5;25.4
53;2021-06-21;919;2526;158065;80154;51.8;26.2
53;2021-06-22;1299;3455;159364;83609;52.2;27.4
53;2021-06-23;1363;2892;160727;86501;52.6;28.3
53;2021-06-24;1802;2033;162529;88534;53.2;29.0
53;2021-06-25;1785;2044;164314;90578;53.8;29.7
53;2021-06-26;977;350;165291;90928;54.1;29.8
53;2021-06-27;8;8;165299;90936;54.1;29.8
53;2021-06-28;662;2899;165961;93835;54.3;30.7
53;2021-06-29;858;3649;166819;97484;54.6;31.9
53;2021-06-30;748;1517;167567;99001;54.9;32.4
53;2021-07-01;1506;2633;169073;101634;55.4;33.3
53;2021-07-02;1487;2023;170560;103657;55.9;33.9
53;2021-07-03;857;571;171417;104228;56.1;34.1
53;2021-07-04;0;4;171417;104232;56.1;34.1
53;2021-07-05;532;2061;171949;106293;56.3;34.8
53;2021-07-06;854;3615;172803;109908;56.6;36.0
53;2021-07-07;1023;2653;173826;112561;56.9;36.9
53;2021-07-08;1308;3116;175134;115677;57.4;37.9
53;2021-07-09;1114;3393;176248;119070;57.7;39.0
53;2021-07-10;422;999;176670;120069;57.9;39.3
53;2021-07-11;12;20;176682;120089;57.9;39.3
53;2021-07-12;501;3711;177183;123800;58.0;40.5
53;2021-07-13;893;4764;178076;128564;58.3;42.1
53;2021-07-14;104;284;178180;128848;58.3;42.2
53;2021-07-15;1111;4353;179291;133201;58.7;43.6
53;2021-07-16;1247;3848;180538;137049;59.1;44.9
53;2021-07-17;1315;299;181853;137348;59.6;45.0
53;2021-07-18;27;20;181880;137368;59.6;45.0
53;2021-07-19;734;3436;182614;140804;59.8;46.1
53;2021-07-20;976;4129;183590;144933;60.1;47.5
53;2021-07-21;682;3279;184272;148212;60.3;48.5
53;2021-07-22;1510;3525;185782;151737;60.8;49.7
53;2021-07-23;1600;3761;187382;155498;61.4;50.9
53;2021-07-24;953;280;188335;155778;61.7;51.0
53;2021-07-25;60;25;188395;155803;61.7;51.0
53;2021-07-26;1721;1940;190116;157743;62.3;51.7
53;2021-07-27;2347;2827;192463;160570;63.0;52.6
53;2021-07-28;2135;2817;194598;163387;63.7;53.5
53;2021-07-29;2485;2544;197083;165931;64.5;54.3
53;2021-07-30;1822;2651;198905;168582;65.1;55.2
53;2021-07-31;626;232;199531;168814;65.3;55.3
53;2021-08-01;37;25;199568;168839;65.4;55.3
53;2021-08-02;2079;1728;201647;170567;66.0;55.9
53;2021-08-03;2406;1904;204053;172471;66.8;56.5
53;2021-08-04;2467;1850;206520;174321;67.6;57.1
53;2021-08-05;2859;1535;209379;175856;68.6;57.6
53;2021-08-06;2508;1707;211887;177563;69.4;58.1
53;2021-08-07;479;270;212366;177833;69.5;58.2
53;2021-08-08;6;19;212372;177852;69.5;58.2
53;2021-08-09;1836;1644;214208;179496;70.1;58.8
53;2021-08-10;2314;1744;216522;181240;70.9;59.4
53;2021-08-11;1672;854;218194;182094;71.5;59.6
54;2020-12-27;0;0;0;0;0.0;0.0
54;2020-12-28;1;0;1;0;0.0;0.0
54;2020-12-29;0;0;1;0;0.0;0.0
54;2020-12-30;0;0;1;0;0.0;0.0
54;2020-12-31;10;0;11;0;0.0;0.0
54;2021-01-01;0;0;11;0;0.0;0.0
54;2021-01-02;0;0;11;0;0.0;0.0
54;2021-01-03;1;0;12;0;0.0;0.0
54;2021-01-04;163;0;175;0;0.0;0.0
54;2021-01-05;395;0;570;0;0.1;0.0
54;2021-01-06;648;1;1218;1;0.2;0.0
54;2021-01-07;817;2;2035;3;0.3;0.0
54;2021-01-08;706;3;2741;6;0.4;0.0
54;2021-01-09;81;0;2822;6;0.4;0.0
54;2021-01-10;78;0;2900;6;0.4;0.0
54;2021-01-11;974;3;3874;9;0.5;0.0
54;2021-01-12;1180;1;5054;10;0.7;0.0
54;2021-01-13;2405;9;7459;19;1.0;0.0
54;2021-01-14;3397;32;10856;51;1.5;0.0
54;2021-01-15;2694;13;13550;64;1.9;0.0
54;2021-01-16;815;3;14365;67;2.0;0.0
54;2021-01-17;210;0;14575;67;2.0;0.0
54;2021-01-18;1557;6;16132;73;2.2;0.0
54;2021-01-19;1701;0;17833;73;2.4;0.0
54;2021-01-20;1523;5;19356;78;2.7;0.0
54;2021-01-21;1341;3;20697;81;2.8;0.0
54;2021-01-22;1091;8;21788;89;3.0;0.0
54;2021-01-23;478;1;22266;90;3.0;0.0
54;2021-01-24;66;0;22332;90;3.1;0.0
54;2021-01-25;940;30;23272;120;3.2;0.0
54;2021-01-26;142;5;23414;125;3.2;0.0
54;2021-01-27;12;172;23426;297;3.2;0.0
54;2021-01-28;32;236;23458;533;3.2;0.1
54;2021-01-29;18;279;23476;812;3.2;0.1
54;2021-01-30;6;0;23482;812;3.2;0.1
54;2021-01-31;1;0;23483;812;3.2;0.1
54;2021-02-01;13;787;23496;1599;3.2;0.2
54;2021-02-02;23;970;23519;2569;3.2;0.4
54;2021-02-03;364;1531;23883;4100;3.3;0.6
54;2021-02-04;737;2454;24620;6554;3.4;0.9
54;2021-02-05;795;1895;25415;8449;3.5;1.2
54;2021-02-06;203;338;25618;8787;3.5;1.2
54;2021-02-07;4;126;25622;8913;3.5;1.2
54;2021-02-08;117;998;25739;9911;3.5;1.4
54;2021-02-09;304;1070;26043;10981;3.6;1.5
54;2021-02-10;385;798;26428;11779;3.6;1.6
54;2021-02-11;293;820;26721;12599;3.7;1.7
54;2021-02-12;449;1300;27170;13899;3.7;1.9
54;2021-02-13;147;236;27317;14135;3.7;1.9
54;2021-02-14;9;11;27326;14146;3.7;1.9
54;2021-02-15;432;1138;27758;15284;3.8;2.1
54;2021-02-16;401;1222;28159;16506;3.9;2.3
54;2021-02-17;518;962;28677;17468;3.9;2.4
54;2021-02-18;594;782;29271;18250;4.0;2.5
54;2021-02-19;520;778;29791;19028;4.1;2.6
54;2021-02-20;33;284;29824;19312;4.1;2.6
54;2021-02-21;3;25;29827;19337;4.1;2.6
54;2021-02-22;485;604;30312;19941;4.2;2.7
54;2021-02-23;679;558;30991;20499;4.2;2.8
54;2021-02-24;727;353;31718;20852;4.3;2.9
54;2021-02-25;1475;723;33193;21575;4.5;3.0
54;2021-02-26;1772;790;34965;22365;4.8;3.1
54;2021-02-27;699;108;35664;22473;4.9;3.1
54;2021-02-28;11;28;35675;22501;4.9;3.1
54;2021-03-01;649;217;36324;22718;5.0;3.1
54;2021-03-02;1505;142;37829;22860;5.2;3.1
54;2021-03-03;1762;59;39591;22919;5.4;3.1
54;2021-03-04;2025;97;41616;23016;5.7;3.2
54;2021-03-05;2797;140;44413;23156;6.1;3.2
54;2021-03-06;4043;106;48456;23262;6.6;3.2
54;2021-03-07;2625;69;51081;23331;7.0;3.2
54;2021-03-08;1336;63;52417;23394;7.2;3.2
54;2021-03-09;2648;103;55065;23497;7.5;3.2
54;2021-03-10;3199;109;58264;23606;8.0;3.2
54;2021-03-11;3394;99;61658;23705;8.4;3.2
54;2021-03-12;4981;182;66639;23887;9.1;3.3
54;2021-03-13;4204;118;70843;24005;9.7;3.3
54;2021-03-14;543;39;71386;24044;9.8;3.3
54;2021-03-15;1718;102;73104;24146;10.0;3.3
54;2021-03-16;1735;174;74839;24320;10.2;3.3
54;2021-03-17;2082;150;76921;24470;10.5;3.4
54;2021-03-18;2059;170;78980;24640;10.8;3.4
54;2021-03-19;3319;266;82299;24906;11.3;3.4
54;2021-03-20;2304;76;84603;24982;11.6;3.4
54;2021-03-21;295;15;84898;24997;11.6;3.4
54;2021-03-22;1034;334;85932;25331;11.8;3.5
54;2021-03-23;1936;520;87868;25851;12.0;3.5
54;2021-03-24;2195;713;90063;26564;12.3;3.6
54;2021-03-25;3176;727;93239;27291;12.8;3.7
54;2021-03-26;3515;821;96754;28112;13.2;3.8
54;2021-03-27;2417;286;99171;28398;13.6;3.9
54;2021-03-28;278;5;99449;28403;13.6;3.9
54;2021-03-29;1669;384;101118;28787;13.8;3.9
54;2021-03-30;2557;980;103675;29767;14.2;4.1
54;2021-03-31;2597;1148;106272;30915;14.5;4.2
54;2021-04-01;3234;1276;109506;32191;15.0;4.4
54;2021-04-02;2968;1682;112474;33873;15.4;4.6
54;2021-04-03;1260;1312;113734;35185;15.6;4.8
54;2021-04-04;136;421;113870;35606;15.6;4.9
54;2021-04-05;145;575;114015;36181;15.6;5.0
54;2021-04-06;1268;1663;115283;37844;15.8;5.2
54;2021-04-07;926;2269;116209;40113;15.9;5.5
54;2021-04-08;2305;2447;118514;42560;16.2;5.8
54;2021-04-09;4120;3156;122634;45716;16.8;6.3
54;2021-04-10;3208;1672;125842;47388;17.2;6.5
54;2021-04-11;206;1001;126048;48389;17.3;6.6
54;2021-04-12;2195;1537;128243;49926;17.6;6.8
54;2021-04-13;3002;1973;131245;51899;18.0;7.1
54;2021-04-14;3257;1865;134502;53764;18.4;7.4
54;2021-04-15;2882;2295;137384;56059;18.8;7.7
54;2021-04-16;3139;2594;140523;58653;19.2;8.0
54;2021-04-17;3472;1490;143995;60143;19.7;8.2
54;2021-04-18;63;245;144058;60388;19.7;8.3
54;2021-04-19;2461;1079;146519;61467;20.1;8.4
54;2021-04-20;3012;1246;149531;62713;20.5;8.6
54;2021-04-21;4401;1622;153932;64335;21.1;8.8
54;2021-04-22;3722;2379;157654;66714;21.6;9.1
54;2021-04-23;3867;2070;161521;68784;22.1;9.4
54;2021-04-24;2346;1036;163867;69820;22.4;9.6
54;2021-04-25;284;276;164151;70096;22.5;9.6
54;2021-04-26;2304;1271;166455;71367;22.8;9.8
54;2021-04-27;3288;1432;169743;72799;23.2;10.0
54;2021-04-28;2975;1947;172718;74746;23.6;10.2
54;2021-04-29;3795;2079;176513;76825;24.2;10.5
54;2021-04-30;4490;1956;181003;78781;24.8;10.8
54;2021-05-01;2263;804;183266;79585;25.1;10.9
54;2021-05-02;229;68;183495;79653;25.1;10.9
54;2021-05-03;3093;938;186588;80591;25.5;11.0
54;2021-05-04;3518;1443;190106;82034;26.0;11.2
54;2021-05-05;4893;1398;194999;83432;26.7;11.4
54;2021-05-06;4438;2799;199437;86231;27.3;11.8
54;2021-05-07;4825;3408;204262;89639;28.0;12.3
54;2021-05-08;2028;637;206290;90276;28.2;12.4
54;2021-05-09;375;134;206665;90410;28.3;12.4
54;2021-05-10;3206;2238;209871;92648;28.7;12.7
54;2021-05-11;5487;2933;215358;95581;29.5;13.1
54;2021-05-12;4145;3387;219503;98968;30.1;13.5
54;2021-05-13;2643;486;222146;99454;30.4;13.6
54;2021-05-14;6884;1988;229030;101442;31.4;13.9
54;2021-05-15;5478;1311;234508;102753;32.1;14.1
54;2021-05-16;946;109;235454;102862;32.2;14.1
54;2021-05-17;3792;818;239246;103680;32.8;14.2
54;2021-05-18;3286;1099;242532;104779;33.2;14.3
54;2021-05-19;3466;1513;245998;106292;33.7;14.6
54;2021-05-20;4537;1618;250535;107910;34.3;14.8
54;2021-05-21;6740;2501;257275;110411;35.2;15.1
54;2021-05-22;5646;1363;262921;111774;36.0;15.3
54;2021-05-23;504;54;263425;111828;36.1;15.3
54;2021-05-24;1444;342;264869;112170;36.3;15.4
54;2021-05-25;4172;1536;269041;113706;36.8;15.6
54;2021-05-26;3535;2215;272576;115921;37.3;15.9
54;2021-05-27;4180;2434;276756;118355;37.9;16.2
54;2021-05-28;4966;3561;281722;121916;38.6;16.7
54;2021-05-29;3844;3983;285566;125899;39.1;17.2
54;2021-05-30;127;83;285693;125982;39.1;17.2
54;2021-05-31;2936;3063;288629;129045;39.5;17.7
54;2021-06-01;2618;4202;291247;133247;39.9;18.2
54;2021-06-02;2164;4088;293411;137335;40.2;18.8
54;2021-06-03;3143;5657;296554;142992;40.6;19.6
54;2021-06-04;5087;5480;301641;148472;41.3;20.3
54;2021-06-05;2343;3287;303984;151759;41.6;20.8
54;2021-06-06;70;236;304054;151995;41.6;20.8
54;2021-06-07;3705;2932;307759;154927;42.1;21.2
54;2021-06-08;4541;4269;312300;159196;42.8;21.8
54;2021-06-09;5991;3305;318291;162501;43.6;22.2
54;2021-06-10;5294;4436;323585;166937;44.3;22.9
54;2021-06-11;5013;4908;328598;171845;45.0;23.5
54;2021-06-12;4230;3225;332828;175070;45.6;24.0
54;2021-06-13;54;210;332882;175280;45.6;24.0
54;2021-06-14;2330;3589;335212;178869;45.9;24.5
54;2021-06-15;2824;4732;338036;183601;46.3;25.1
54;2021-06-16;3486;5639;341522;189240;46.8;25.9
54;2021-06-17;3138;5219;344660;194459;47.2;26.6
54;2021-06-18;4146;6234;348806;200693;47.8;27.5
54;2021-06-19;2642;3123;351448;203816;48.1;27.9
54;2021-06-20;103;338;351551;204154;48.1;28.0
54;2021-06-21;2555;4758;354106;208912;48.5;28.6
54;2021-06-22;2045;6225;356151;215137;48.8;29.5
54;2021-06-23;2242;5594;358393;220731;49.1;30.2
54;2021-06-24;2091;3460;360484;224191;49.4;30.7
54;2021-06-25;2199;7041;362683;231232;49.7;31.7
54;2021-06-26;2384;5660;365067;236892;50.0;32.4
54;2021-06-27;134;607;365201;237499;50.0;32.5
54;2021-06-28;1958;4344;367159;241843;50.3;33.1
54;2021-06-29;1939;5206;369098;247049;50.5;33.8
54;2021-06-30;1981;5118;371079;252167;50.8;34.5
54;2021-07-01;2128;5978;373207;258145;51.1;35.3
54;2021-07-02;2814;7552;376021;265697;51.5;36.4
54;2021-07-03;2830;4082;378851;269779;51.9;36.9
54;2021-07-04;196;498;379047;270277;51.9;37.0
54;2021-07-05;1669;4250;380716;274527;52.1;37.6
54;2021-07-06;2009;5062;382725;279589;52.4;38.3
54;2021-07-07;1877;4834;384602;284423;52.7;38.9
54;2021-07-08;1677;4108;386279;288531;52.9;39.5
54;2021-07-09;3188;6016;389467;294547;53.3;40.3
54;2021-07-10;2538;4364;392005;298911;53.7;40.9
54;2021-07-11;9;103;392014;299014;53.7;40.9
54;2021-07-12;2089;4669;394103;303683;54.0;41.6
54;2021-07-13;2602;4967;396705;308650;54.3;42.3
54;2021-07-14;1515;1501;398220;310151;54.5;42.5
54;2021-07-15;3166;4833;401386;314984;55.0;43.1
54;2021-07-16;4645;6227;406031;321211;55.6;44.0
54;2021-07-17;3995;4767;410026;325978;56.1;44.6
54;2021-07-18;1798;1671;411824;327649;56.4;44.9
54;2021-07-19;2548;4040;414372;331689;56.7;45.4
54;2021-07-20;2882;4811;417254;336500;57.1;46.1
54;2021-07-21;3105;6332;420359;342832;57.6;46.9
54;2021-07-22;3203;5727;423562;348559;58.0;47.7
54;2021-07-23;3919;7014;427481;355573;58.5;48.7
54;2021-07-24;2903;5320;430384;360893;58.9;49.4
54;2021-07-25;69;50;430453;360943;58.9;49.4
54;2021-07-26;2939;4161;433392;365104;59.3;50.0
54;2021-07-27;3662;4007;437054;369111;59.8;50.5
54;2021-07-28;5085;3843;442139;372954;60.5;51.1
54;2021-07-29;5089;3202;447228;376156;61.2;51.5
54;2021-07-30;5023;4974;452251;381130;61.9;52.2
54;2021-07-31;4472;3208;456723;384338;62.5;52.6
54;2021-08-01;256;74;456979;384412;62.6;52.6
54;2021-08-02;3037;3695;460016;388107;63.0;53.1
54;2021-08-03;4053;2921;464069;391028;63.5;53.5
54;2021-08-04;4317;2670;468386;393698;64.1;53.9
54;2021-08-05;4542;2415;472928;396113;64.7;54.2
54;2021-08-06;5342;3977;478270;400090;65.5;54.8
54;2021-08-07;3618;2815;481888;402905;66.0;55.2
54;2021-08-08;247;114;482135;403019;66.0;55.2
54;2021-08-09;2881;2669;485016;405688;66.4;55.5
54;2021-08-10;2466;3760;487482;409448;66.7;56.1
54;2021-08-11;2310;2557;489792;412005;67.1;56.4
55;2020-12-27;0;0;0;0;0.0;0.0
55;2020-12-28;0;0;0;0;0.0;0.0
55;2020-12-29;0;0;0;0;0.0;0.0
55;2020-12-30;0;0;0;0;0.0;0.0
55;2020-12-31;0;0;0;0;0.0;0.0
55;2021-01-01;0;0;0;0;0.0;0.0
55;2021-01-02;0;0;0;0;0.0;0.0
55;2021-01-03;0;0;0;0;0.0;0.0
55;2021-01-04;1;0;1;0;0.0;0.0
55;2021-01-05;0;0;1;0;0.0;0.0
55;2021-01-06;0;0;1;0;0.0;0.0
55;2021-01-07;122;0;123;0;0.1;0.0
55;2021-01-08;127;0;250;0;0.1;0.0
55;2021-01-09;52;0;302;0;0.2;0.0
55;2021-01-10;0;0;302;0;0.2;0.0
55;2021-01-11;127;1;429;1;0.2;0.0
55;2021-01-12;119;0;548;1;0.3;0.0
55;2021-01-13;135;0;683;1;0.4;0.0
55;2021-01-14;642;5;1325;6;0.7;0.0
55;2021-01-15;237;0;1562;6;0.9;0.0
55;2021-01-16;62;0;1624;6;0.9;0.0
55;2021-01-17;1;0;1625;6;0.9;0.0
55;2021-01-18;413;1;2038;7;1.1;0.0
55;2021-01-19;351;3;2389;10;1.3;0.0
55;2021-01-20;451;2;2840;12;1.6;0.0
55;2021-01-21;430;0;3270;12;1.8;0.0
55;2021-01-22;391;0;3661;12;2.0;0.0
55;2021-01-23;49;0;3710;12;2.0;0.0
55;2021-01-24;0;0;3710;12;2.0;0.0
55;2021-01-25;436;0;4146;12;2.3;0.0
55;2021-01-26;431;0;4577;12;2.5;0.0
55;2021-01-27;424;0;5001;12;2.8;0.0
55;2021-01-28;485;100;5486;112;3.0;0.1
55;2021-01-29;159;54;5645;166;3.1;0.1
55;2021-01-30;92;28;5737;194;3.2;0.1
55;2021-01-31;0;0;5737;194;3.2;0.1
55;2021-02-01;153;177;5890;371;3.2;0.2
55;2021-02-02;159;148;6049;519;3.3;0.3
55;2021-02-03;53;161;6102;680;3.4;0.4
55;2021-02-04;235;398;6337;1078;3.5;0.6
55;2021-02-05;174;139;6511;1217;3.6;0.7
55;2021-02-06;60;56;6571;1273;3.6;0.7
55;2021-02-07;2;53;6573;1326;3.6;0.7
55;2021-02-08;0;18;6573;1344;3.6;0.7
55;2021-02-09;92;117;6665;1461;3.7;0.8
55;2021-02-10;65;22;6730;1483;3.7;0.8
55;2021-02-11;175;98;6905;1581;3.8;0.9
55;2021-02-12;94;28;6999;1609;3.9;0.9
55;2021-02-13;0;0;6999;1609;3.9;0.9
55;2021-02-14;0;0;6999;1609;3.9;0.9
55;2021-02-15;15;418;7014;2027;3.9;1.1
55;2021-02-16;143;396;7157;2423;3.9;1.3
55;2021-02-17;26;493;7183;2916;4.0;1.6
55;2021-02-18;20;344;7203;3260;4.0;1.8
55;2021-02-19;122;289;7325;3549;4.0;2.0
55;2021-02-20;11;0;7336;3549;4.0;2.0
55;2021-02-21;0;0;7336;3549;4.0;2.0
55;2021-02-22;55;458;7391;4007;4.1;2.2
55;2021-02-23;85;443;7476;4450;4.1;2.4
55;2021-02-24;72;415;7548;4865;4.2;2.7
55;2021-02-25;270;681;7818;5546;4.3;3.1
55;2021-02-26;324;235;8142;5781;4.5;3.2
55;2021-02-27;125;88;8267;5869;4.6;3.2
55;2021-02-28;2;8;8269;5877;4.6;3.2
55;2021-03-01;77;141;8346;6018;4.6;3.3
55;2021-03-02;124;171;8470;6189;4.7;3.4
55;2021-03-03;198;3;8668;6192;4.8;3.4
55;2021-03-04;238;43;8906;6235;4.9;3.4
55;2021-03-05;362;45;9268;6280;5.1;3.5
55;2021-03-06;223;5;9491;6285;5.2;3.5
55;2021-03-07;69;1;9560;6286;5.3;3.5
55;2021-03-08;327;50;9887;6336;5.4;3.5
55;2021-03-09;634;50;10521;6386;5.8;3.5
55;2021-03-10;396;24;10917;6410;6.0;3.5
55;2021-03-11;596;140;11513;6550;6.3;3.6
55;2021-03-12;815;92;12328;6642;6.8;3.7
55;2021-03-13;523;12;12851;6654;7.1;3.7
55;2021-03-14;14;0;12865;6654;7.1;3.7
55;2021-03-15;393;24;13258;6678;7.3;3.7
55;2021-03-16;568;110;13826;6788;7.6;3.7
55;2021-03-17;683;19;14509;6807;8.0;3.7
55;2021-03-18;322;22;14831;6829;8.2;3.8
55;2021-03-19;471;59;15302;6888;8.4;3.8
55;2021-03-20;253;14;15555;6902;8.6;3.8
55;2021-03-21;1;1;15556;6903;8.6;3.8
55;2021-03-22;473;19;16029;6922;8.8;3.8
55;2021-03-23;972;63;17001;6985;9.4;3.8
55;2021-03-24;802;39;17803;7024;9.8;3.9
55;2021-03-25;1096;78;18899;7102;10.4;3.9
55;2021-03-26;602;34;19501;7136;10.7;3.9
55;2021-03-27;255;22;19756;7158;10.9;3.9
55;2021-03-28;0;0;19756;7158;10.9;3.9
55;2021-03-29;943;37;20699;7195;11.4;4.0
55;2021-03-30;1423;69;22122;7264;12.2;4.0
55;2021-03-31;1481;67;23603;7331;13.0;4.0
55;2021-04-01;1202;121;24805;7452;13.7;4.1
55;2021-04-02;898;74;25703;7526;14.2;4.1
55;2021-04-03;91;10;25794;7536;14.2;4.1
55;2021-04-04;2;0;25796;7536;14.2;4.1
55;2021-04-05;6;12;25802;7548;14.2;4.2
55;2021-04-06;933;275;26735;7823;14.7;4.3
55;2021-04-07;993;235;27728;8058;15.3;4.4
55;2021-04-08;1647;417;29375;8475;16.2;4.7
55;2021-04-09;1429;264;30804;8739;17.0;4.8
55;2021-04-10;242;173;31046;8912;17.1;4.9
55;2021-04-11;452;20;31498;8932;17.3;4.9
55;2021-04-12;855;328;32353;9260;17.8;5.1
55;2021-04-13;1355;527;33708;9787;18.6;5.4
55;2021-04-14;1372;729;35080;10516;19.3;5.8
55;2021-04-15;1635;459;36715;10975;20.2;6.0
55;2021-04-16;705;378;37420;11353;20.6;6.3
55;2021-04-17;677;29;38097;11382;21.0;6.3
55;2021-04-18;38;18;38135;11400;21.0;6.3
55;2021-04-19;961;345;39096;11745;21.5;6.5
55;2021-04-20;1172;774;40268;12519;22.2;6.9
55;2021-04-21;990;639;41258;13158;22.7;7.2
55;2021-04-22;1099;679;42357;13837;23.3;7.6
55;2021-04-23;1424;592;43781;14429;24.1;7.9
55;2021-04-24;313;124;44094;14553;24.3;8.0
55;2021-04-25;384;51;44478;14604;24.5;8.0
55;2021-04-26;478;816;44956;15420;24.7;8.5
55;2021-04-27;570;993;45526;16413;25.1;9.0
55;2021-04-28;931;815;46457;17228;25.6;9.5
55;2021-04-29;1118;855;47575;18083;26.2;10.0
55;2021-04-30;1279;621;48854;18704;26.9;10.3
55;2021-05-01;153;132;49007;18836;27.0;10.4
55;2021-05-02;2;3;49009;18839;27.0;10.4
55;2021-05-03;1208;629;50217;19468;27.6;10.7
55;2021-05-04;683;1177;50900;20645;28.0;11.4
55;2021-05-05;659;1074;51559;21719;28.4;12.0
55;2021-05-06;1347;1160;52906;22879;29.1;12.6
55;2021-05-07;1433;554;54339;23433;29.9;12.9
55;2021-05-08;156;77;54495;23510;30.0;12.9
55;2021-05-09;62;523;54557;24033;30.0;13.2
55;2021-05-10;860;1031;55417;25064;30.5;13.8
55;2021-05-11;1070;1379;56487;26443;31.1;14.6
55;2021-05-12;1033;1768;57520;28211;31.7;15.5
55;2021-05-13;99;75;57619;28286;31.7;15.6
55;2021-05-14;352;558;57971;28844;31.9;15.9
55;2021-05-15;292;492;58263;29336;32.1;16.2
55;2021-05-16;3;10;58266;29346;32.1;16.2
55;2021-05-17;1028;841;59294;30187;32.6;16.6
55;2021-05-18;1569;892;60863;31079;33.5;17.1
55;2021-05-19;1810;782;62673;31861;34.5;17.5
55;2021-05-20;2215;731;64888;32592;35.7;17.9
55;2021-05-21;2009;802;66897;33394;36.8;18.4
55;2021-05-22;198;166;67095;33560;36.9;18.5
55;2021-05-23;23;120;67118;33680;37.0;18.5
55;2021-05-24;0;0;67118;33680;37.0;18.5
55;2021-05-25;1348;652;68466;34332;37.7;18.9
55;2021-05-26;1674;1016;70140;35348;38.6;19.5
55;2021-05-27;1320;981;71460;36329;39.3;20.0
55;2021-05-28;1520;931;72980;37260;40.2;20.5
55;2021-05-29;1402;697;74382;37957;41.0;20.9
55;2021-05-30;15;206;74397;38163;41.0;21.0
55;2021-05-31;1049;1131;75446;39294;41.5;21.6
55;2021-06-01;918;958;76364;40252;42.0;22.2
55;2021-06-02;1160;985;77524;41237;42.7;22.7
55;2021-06-03;703;545;78227;41782;43.1;23.0
55;2021-06-04;1390;1101;79617;42883;43.8;23.6
55;2021-06-05;1364;277;80981;43160;44.6;23.8
55;2021-06-06;0;2;80981;43162;44.6;23.8
55;2021-06-07;790;714;81771;43876;45.0;24.2
55;2021-06-08;697;1074;82468;44950;45.4;24.7
55;2021-06-09;851;870;83319;45820;45.9;25.2
55;2021-06-10;379;275;83698;46095;46.1;25.4
55;2021-06-11;527;1287;84225;47382;46.4;26.1
55;2021-06-12;761;519;84986;47901;46.8;26.4
55;2021-06-13;265;33;85251;47934;46.9;26.4
55;2021-06-14;386;1363;85637;49297;47.1;27.1
55;2021-06-15;573;1214;86210;50511;47.5;27.8
55;2021-06-16;734;830;86944;51341;47.9;28.3
55;2021-06-17;425;857;87369;52198;48.1;28.7
55;2021-06-18;666;1472;88035;53670;48.5;29.5
55;2021-06-19;593;457;88628;54127;48.8;29.8
55;2021-06-20;0;0;88628;54127;48.8;29.8
55;2021-06-21;435;1022;89063;55149;49.0;30.4
55;2021-06-22;335;1014;89398;56163;49.2;30.9
55;2021-06-23;626;1213;90024;57376;49.6;31.6
55;2021-06-24;163;433;90187;57809;49.7;31.8
55;2021-06-25;642;1225;90829;59034;50.0;32.5
55;2021-06-26;418;339;91247;59373;50.2;32.7
55;2021-06-27;1;2;91248;59375;50.2;32.7
55;2021-06-28;149;1380;91397;60755;50.3;33.4
55;2021-06-29;200;1289;91597;62044;50.4;34.2
55;2021-06-30;269;1932;91866;63976;50.6;35.2
55;2021-07-01;385;1978;92251;65954;50.8;36.3
55;2021-07-02;391;1719;92642;67673;51.0;37.3
55;2021-07-03;108;261;92750;67934;51.1;37.4
55;2021-07-04;12;19;92762;67953;51.1;37.4
55;2021-07-05;222;1510;92984;69463;51.2;38.2
55;2021-07-06;319;892;93303;70355;51.4;38.7
55;2021-07-07;387;1802;93690;72157;51.6;39.7
55;2021-07-08;534;1594;94224;73751;51.9;40.6
55;2021-07-09;452;1480;94676;75231;52.1;41.4
55;2021-07-10;355;1111;95031;76342;52.3;42.0
55;2021-07-11;0;9;95031;76351;52.3;42.0
55;2021-07-12;603;1167;95634;77518;52.7;42.7
55;2021-07-13;599;1489;96233;79007;53.0;43.5
55;2021-07-14;0;13;96233;79020;53.0;43.5
55;2021-07-15;778;1644;97011;80664;53.4;44.4
55;2021-07-16;1253;1815;98264;82479;54.1;45.4
55;2021-07-17;1277;820;99541;83299;54.8;45.9
55;2021-07-18;1;2;99542;83301;54.8;45.9
55;2021-07-19;596;784;100138;84085;55.1;46.3
55;2021-07-20;995;1026;101133;85111;55.7;46.9
55;2021-07-21;1474;1373;102607;86484;56.5;47.6
55;2021-07-22;1164;566;103771;87050;57.1;47.9
55;2021-07-23;1104;1353;104875;88403;57.7;48.7
55;2021-07-24;809;762;105684;89165;58.2;49.1
55;2021-07-25;119;229;105803;89394;58.2;49.2
55;2021-07-26;665;442;106468;89836;58.6;49.5
55;2021-07-27;1155;477;107623;90313;59.3;49.7
55;2021-07-28;1032;1068;108655;91381;59.8;50.3
55;2021-07-29;668;448;109323;91829;60.2;50.6
55;2021-07-30;1264;964;110587;92793;60.9;51.1
55;2021-07-31;708;613;111295;93406;61.3;51.4
55;2021-08-01;8;5;111303;93411;61.3;51.4
55;2021-08-02;611;444;111914;93855;61.6;51.7
55;2021-08-03;638;420;112552;94275;62.0;51.9
55;2021-08-04;1244;953;113796;95228;62.6;52.4
55;2021-08-05;996;320;114792;95548;63.2;52.6
55;2021-08-06;811;1094;115603;96642;63.6;53.2
55;2021-08-07;595;332;116198;96974;64.0;53.4
55;2021-08-08;0;0;116198;96974;64.0;53.4
55;2021-08-09;396;305;116594;97279;64.2;53.6
55;2021-08-10;431;774;117025;98053;64.4;54.0
55;2021-08-11;578;638;117603;98691;64.7;54.3
56;2020-12-27;0;0;0;0;0.0;0.0
56;2020-12-28;1;0;1;0;0.0;0.0
56;2020-12-29;0;0;1;0;0.0;0.0
56;2020-12-30;0;0;1;0;0.0;0.0
56;2020-12-31;0;0;1;0;0.0;0.0
56;2021-01-01;0;0;1;0;0.0;0.0
56;2021-01-02;1;0;2;0;0.0;0.0
56;2021-01-03;0;0;2;0;0.0;0.0
56;2021-01-04;1;0;3;0;0.0;0.0
56;2021-01-05;1;0;4;0;0.0;0.0
56;2021-01-06;1;0;5;0;0.0;0.0
56;2021-01-07;198;0;203;0;0.0;0.0
56;2021-01-08;119;0;322;0;0.0;0.0
56;2021-01-09;1;0;323;0;0.0;0.0
56;2021-01-10;1;0;324;0;0.0;0.0
56;2021-01-11;242;0;566;0;0.1;0.0
56;2021-01-12;754;0;1320;0;0.2;0.0
56;2021-01-13;637;1;1957;1;0.3;0.0
56;2021-01-14;969;2;2926;3;0.4;0.0
56;2021-01-15;842;5;3768;8;0.5;0.0
56;2021-01-16;234;3;4002;11;0.5;0.0
56;2021-01-17;27;0;4029;11;0.5;0.0
56;2021-01-18;1004;1;5033;12;0.7;0.0
56;2021-01-19;851;1;5884;13;0.8;0.0
56;2021-01-20;884;1;6768;14;0.9;0.0
56;2021-01-21;1460;2;8228;16;1.1;0.0
56;2021-01-22;1180;2;9408;18;1.2;0.0
56;2021-01-23;319;2;9727;20;1.3;0.0
56;2021-01-24;6;0;9733;20;1.3;0.0
56;2021-01-25;825;0;10558;20;1.4;0.0
56;2021-01-26;1036;4;11594;24;1.5;0.0
56;2021-01-27;1082;62;12676;86;1.7;0.0
56;2021-01-28;975;125;13651;211;1.8;0.0
56;2021-01-29;873;107;14524;318;1.9;0.0
56;2021-01-30;139;19;14663;337;1.9;0.0
56;2021-01-31;0;0;14663;337;1.9;0.0
56;2021-02-01;479;156;15142;493;2.0;0.1
56;2021-02-02;942;257;16084;750;2.1;0.1
56;2021-02-03;1022;270;17106;1020;2.3;0.1
56;2021-02-04;4697;351;21803;1371;2.9;0.2
56;2021-02-05;3590;431;25393;1802;3.4;0.2
56;2021-02-06;548;170;25941;1972;3.4;0.3
56;2021-02-07;136;26;26077;1998;3.5;0.3
56;2021-02-08;296;288;26373;2286;3.5;0.3
56;2021-02-09;794;509;27167;2795;3.6;0.4
56;2021-02-10;864;701;28031;3496;3.7;0.5
56;2021-02-11;972;1077;29003;4573;3.8;0.6
56;2021-02-12;1151;641;30154;5214;4.0;0.7
56;2021-02-13;220;104;30374;5318;4.0;0.7
56;2021-02-14;6;46;30380;5364;4.0;0.7
56;2021-02-15;622;1087;31002;6451;4.1;0.9
56;2021-02-16;1219;737;32221;7188;4.3;1.0
56;2021-02-17;1189;960;33410;8148;4.4;1.1
56;2021-02-18;1352;884;34762;9032;4.6;1.2
56;2021-02-19;1321;917;36083;9949;4.8;1.3
56;2021-02-20;365;262;36448;10211;4.8;1.4
56;2021-02-21;0;0;36448;10211;4.8;1.4
56;2021-02-22;374;700;36822;10911;4.9;1.4
56;2021-02-23;739;960;37561;11871;5.0;1.6
56;2021-02-24;915;1183;38476;13054;5.1;1.7
56;2021-02-25;2029;4256;40505;17310;5.4;2.3
56;2021-02-26;2358;2260;42863;19570;5.7;2.6
56;2021-02-27;745;446;43608;20016;5.8;2.6
56;2021-02-28;14;114;43622;20130;5.8;2.7
56;2021-03-01;647;560;44269;20690;5.9;2.7
56;2021-03-02;978;789;45247;21479;6.0;2.8
56;2021-03-03;1149;912;46396;22391;6.1;3.0
56;2021-03-04;1965;1038;48361;23429;6.4;3.1
56;2021-03-05;2581;1431;50942;24860;6.7;3.3
56;2021-03-06;1207;218;52149;25078;6.9;3.3
56;2021-03-07;282;24;52431;25102;6.9;3.3
56;2021-03-08;1140;391;53571;25493;7.1;3.4
56;2021-03-09;2038;630;55609;26123;7.4;3.5
56;2021-03-10;2001;936;57610;27059;7.6;3.6
56;2021-03-11;3253;740;60863;27799;8.1;3.7
56;2021-03-12;4206;827;65069;28626;8.6;3.8
56;2021-03-13;1880;148;66949;28774;8.9;3.8
56;2021-03-14;194;2;67143;28776;8.9;3.8
56;2021-03-15;1283;529;68426;29305;9.1;3.9
56;2021-03-16;1089;1030;69515;30335;9.2;4.0
56;2021-03-17;1359;777;70874;31112;9.4;4.1
56;2021-03-18;1998;1870;72872;32982;9.6;4.4
56;2021-03-19;2938;1398;75810;34380;10.0;4.6
56;2021-03-20;1493;206;77303;34586;10.2;4.6
56;2021-03-21;208;24;77511;34610;10.3;4.6
56;2021-03-22;1610;403;79121;35013;10.5;4.6
56;2021-03-23;2806;686;81927;35699;10.8;4.7
56;2021-03-24;3450;526;85377;36225;11.3;4.8
56;2021-03-25;4235;721;89612;36946;11.9;4.9
56;2021-03-26;5088;781;94700;37727;12.5;5.0
56;2021-03-27;1499;294;96199;38021;12.7;5.0
56;2021-03-28;264;11;96463;38032;12.8;5.0
56;2021-03-29;2231;503;98694;38535;13.1;5.1
56;2021-03-30;3519;784;102213;39319;13.5;5.2
56;2021-03-31;3115;714;105328;40033;13.9;5.3
56;2021-04-01;4068;818;109396;40851;14.5;5.4
56;2021-04-02;3926;940;113322;41791;15.0;5.5
56;2021-04-03;1186;270;114508;42061;15.2;5.6
56;2021-04-04;232;3;114740;42064;15.2;5.6
56;2021-04-05;244;8;114984;42072;15.2;5.6
56;2021-04-06;2823;1233;117807;43305;15.6;5.7
56;2021-04-07;4021;1184;121828;44489;16.1;5.9
56;2021-04-08;5291;1157;127119;45646;16.8;6.0
56;2021-04-09;7389;1284;134508;46930;17.8;6.2
56;2021-04-10;2580;425;137088;47355;18.1;6.3
56;2021-04-11;193;102;137281;47457;18.2;6.3
56;2021-04-12;3932;834;141213;48291;18.7;6.4
56;2021-04-13;5965;1262;147178;49553;19.5;6.6
56;2021-04-14;5168;1424;152346;50977;20.2;6.7
56;2021-04-15;7144;1769;159490;52746;21.1;7.0
56;2021-04-16;7842;2010;167332;54756;22.1;7.2
56;2021-04-17;3132;641;170464;55397;22.6;7.3
56;2021-04-18;528;106;170992;55503;22.6;7.3
56;2021-04-19;3719;1260;174711;56763;23.1;7.5
56;2021-04-20;4105;1976;178816;58739;23.7;7.8
56;2021-04-21;4060;2321;182876;61060;24.2;8.1
56;2021-04-22;5173;1923;188049;62983;24.9;8.3
56;2021-04-23;5164;2411;193213;65394;25.6;8.7
56;2021-04-24;2899;645;196112;66039;26.0;8.7
56;2021-04-25;465;148;196577;66187;26.0;8.8
56;2021-04-26;4705;1666;201282;67853;26.6;9.0
56;2021-04-27;5096;2548;206378;70401;27.3;9.3
56;2021-04-28;4968;2242;211346;72643;28.0;9.6
56;2021-04-29;5840;2936;217186;75579;28.7;10.0
56;2021-04-30;6244;2806;223430;78385;29.6;10.4
56;2021-05-01;2486;361;225916;78746;29.9;10.4
56;2021-05-02;307;254;226223;79000;29.9;10.5
56;2021-05-03;3866;2070;230089;81070;30.5;10.7
56;2021-05-04;4384;3905;234473;84975;31.0;11.2
56;2021-05-05;3523;3875;237996;88850;31.5;11.8
56;2021-05-06;4376;5433;242372;94283;32.1;12.5
56;2021-05-07;4266;5011;246638;99294;32.6;13.1
56;2021-05-08;1643;317;248281;99611;32.9;13.2
56;2021-05-09;495;227;248776;99838;32.9;13.2
56;2021-05-10;3749;3812;252525;103650;33.4;13.7
56;2021-05-11;4167;5048;256692;108698;34.0;14.4
56;2021-05-12;4342;4774;261034;113472;34.5;15.0
56;2021-05-13;2396;1011;263430;114483;34.9;15.2
56;2021-05-14;4224;4361;267654;118844;35.4;15.7
56;2021-05-15;2486;1893;270140;120737;35.8;16.0
56;2021-05-16;237;488;270377;121225;35.8;16.0
56;2021-05-17;2512;3668;272889;124893;36.1;16.5
56;2021-05-18;3520;4084;276409;128977;36.6;17.1
56;2021-05-19;3529;3390;279938;132367;37.1;17.5
56;2021-05-20;3806;4819;283744;137186;37.6;18.2
56;2021-05-21;3745;5227;287489;142413;38.0;18.8
56;2021-05-22;1697;2208;289186;144621;38.3;19.1
56;2021-05-23;284;197;289470;144818;38.3;19.2
56;2021-05-24;2056;499;291526;145317;38.6;19.2
56;2021-05-25;3139;4466;294665;149783;39.0;19.8
56;2021-05-26;3737;3899;298402;153682;39.5;20.3
56;2021-05-27;4360;4869;302762;158551;40.1;21.0
56;2021-05-28;4634;5960;307396;164511;40.7;21.8
56;2021-05-29;1886;1635;309282;166146;40.9;22.0
56;2021-05-30;317;67;309599;166213;41.0;22.0
56;2021-05-31;4502;3221;314101;169434;41.6;22.4
56;2021-06-01;5665;3387;319766;172821;42.3;22.9
56;2021-06-02;5637;2956;325403;175777;43.1;23.3
56;2021-06-03;6187;3305;331590;179082;43.9;23.7
56;2021-06-04;5810;4413;337400;183495;44.7;24.3
56;2021-06-05;4346;2387;341746;185882;45.2;24.6
56;2021-06-06;496;616;342242;186498;45.3;24.7
56;2021-06-07;5106;3170;347348;189668;46.0;25.1
56;2021-06-08;6066;3378;353414;193046;46.8;25.5
56;2021-06-09;6434;2815;359848;195861;47.6;25.9
56;2021-06-10;7477;2869;367325;198730;48.6;26.3
56;2021-06-11;6765;3871;374090;202601;49.5;26.8
56;2021-06-12;5102;2065;379192;204666;50.2;27.1
56;2021-06-13;1979;438;381171;205104;50.4;27.1
56;2021-06-14;3310;4595;384481;209699;50.9;27.8
56;2021-06-15;4205;4901;388686;214600;51.4;28.4
56;2021-06-16;4497;4503;393183;219103;52.0;29.0
56;2021-06-17;4256;4754;397439;223857;52.6;29.6
56;2021-06-18;4517;5972;401956;229829;53.2;30.4
56;2021-06-19;3836;2143;405792;231972;53.7;30.7
56;2021-06-20;1504;340;407296;232312;53.9;30.7
56;2021-06-21;3309;4462;410605;236774;54.3;31.3
56;2021-06-22;3485;5444;414090;242218;54.8;32.1
56;2021-06-23;3750;5062;417840;247280;55.3;32.7
56;2021-06-24;3476;5318;421316;252598;55.8;33.4
56;2021-06-25;3882;6277;425198;258875;56.3;34.3
56;2021-06-26;3198;2913;428396;261788;56.7;34.6
56;2021-06-27;306;163;428702;261951;56.7;34.7
56;2021-06-28;1573;3982;430275;265933;56.9;35.2
56;2021-06-29;2414;5754;432689;271687;57.3;36.0
56;2021-06-30;2494;5560;435183;277247;57.6;36.7
56;2021-07-01;2733;4959;437916;282206;58.0;37.4
56;2021-07-02;2653;6210;440569;288416;58.3;38.2
56;2021-07-03;2204;2685;442773;291101;58.6;38.5
56;2021-07-04;778;811;443551;291912;58.7;38.6
56;2021-07-05;1863;5444;445414;297356;59.0;39.4
56;2021-07-06;2185;5938;447599;303294;59.2;40.1
56;2021-07-07;2840;5644;450439;308938;59.6;40.9
56;2021-07-08;3074;6037;453513;314975;60.0;41.7
56;2021-07-09;2216;7102;455729;322077;60.3;42.6
56;2021-07-10;1127;3002;456856;325079;60.5;43.0
56;2021-07-11;255;343;457111;325422;60.5;43.1
56;2021-07-12;2177;6605;459288;332027;60.8;43.9
56;2021-07-13;3248;7469;462536;339496;61.2;44.9
56;2021-07-14;1780;2590;464316;342086;61.5;45.3
56;2021-07-15;3818;7067;468134;349153;62.0;46.2
56;2021-07-16;4068;8099;472202;357252;62.5;47.3
56;2021-07-17;2310;3522;474512;360774;62.8;47.7
56;2021-07-18;253;478;474765;361252;62.8;47.8
56;2021-07-19;2853;6357;477618;367609;63.2;48.7
56;2021-07-20;3705;7926;481323;375535;63.7;49.7
56;2021-07-21;3071;7526;484394;383061;64.1;50.7
56;2021-07-22;4347;8028;488741;391089;64.7;51.8
56;2021-07-23;4350;8403;493091;399492;65.3;52.9
56;2021-07-24;1682;4601;494773;404093;65.5;53.5
56;2021-07-25;547;1919;495320;406012;65.6;53.7
56;2021-07-26;3656;5465;498976;411477;66.0;54.5
56;2021-07-27;5337;6198;504313;417675;66.7;55.3
56;2021-07-28;4653;5456;508966;423131;67.4;56.0
56;2021-07-29;5357;5623;514323;428754;68.1;56.7
56;2021-07-30;5344;5846;519667;434600;68.8;57.5
56;2021-07-31;2144;2688;521811;437288;69.1;57.9
56;2021-08-01;1148;976;522959;438264;69.2;58.0
56;2021-08-02;4491;4595;527450;442859;69.8;58.6
56;2021-08-03;6357;4945;533807;447804;70.6;59.3
56;2021-08-04;5931;4342;539738;452146;71.4;59.8
56;2021-08-05;6050;4590;545788;456736;72.2;60.4
56;2021-08-06;5767;4898;551555;461634;73.0;61.1
56;2021-08-07;2823;2217;554378;463851;73.4;61.4
56;2021-08-08;1814;560;556192;464411;73.6;61.5
56;2021-08-09;3885;4262;560077;468673;74.1;62.0
56;2021-08-10;4904;4592;564981;473265;74.8;62.6
56;2021-08-11;4538;4128;569519;477393;75.4;63.2
57;2020-12-27;2;0;2;0;0.0;0.0
57;2020-12-28;0;0;2;0;0.0;0.0
57;2020-12-29;1;0;3;0;0.0;0.0
57;2020-12-30;1;0;4;0;0.0;0.0
57;2020-12-31;0;0;4;0;0.0;0.0
57;2021-01-01;0;0;4;0;0.0;0.0
57;2021-01-02;3;0;7;0;0.0;0.0
57;2021-01-03;0;0;7;0;0.0;0.0
57;2021-01-04;16;0;23;0;0.0;0.0
57;2021-01-05;199;0;222;0;0.0;0.0
57;2021-01-06;226;1;448;1;0.0;0.0
57;2021-01-07;584;2;1032;3;0.1;0.0
57;2021-01-08;509;2;1541;5;0.1;0.0
57;2021-01-09;201;0;1742;5;0.2;0.0
57;2021-01-10;108;1;1850;6;0.2;0.0
57;2021-01-11;470;1;2320;7;0.2;0.0
57;2021-01-12;613;5;2933;12;0.3;0.0
57;2021-01-13;695;2;3628;14;0.4;0.0
57;2021-01-14;707;6;4335;20;0.4;0.0
57;2021-01-15;635;4;4970;24;0.5;0.0
57;2021-01-16;452;1;5422;25;0.5;0.0
57;2021-01-17;492;1;5914;26;0.6;0.0
57;2021-01-18;2707;20;8621;46;0.8;0.0
57;2021-01-19;2568;18;11189;64;1.1;0.0
57;2021-01-20;2761;16;13950;80;1.3;0.0
57;2021-01-21;1793;5;15743;85;1.5;0.0
57;2021-01-22;1324;6;17067;91;1.6;0.0
57;2021-01-23;543;16;17610;107;1.7;0.0
57;2021-01-24;1;0;17611;107;1.7;0.0
57;2021-01-25;869;186;18480;293;1.8;0.0
57;2021-01-26;1113;214;19593;507;1.9;0.0
57;2021-01-27;1069;183;20662;690;2.0;0.1
57;2021-01-28;1040;300;21702;990;2.1;0.1
57;2021-01-29;981;396;22683;1386;2.2;0.1
57;2021-01-30;440;94;23123;1480;2.2;0.1
57;2021-01-31;11;27;23134;1507;2.2;0.1
57;2021-02-01;826;351;23960;1858;2.3;0.2
57;2021-02-02;989;364;24949;2222;2.4;0.2
57;2021-02-03;986;320;25935;2542;2.5;0.2
57;2021-02-04;1137;808;27072;3350;2.6;0.3
57;2021-02-05;929;356;28001;3706;2.7;0.4
57;2021-02-06;481;349;28482;4055;2.7;0.4
57;2021-02-07;103;334;28585;4389;2.8;0.4
57;2021-02-08;1256;1557;29841;5946;2.9;0.6
57;2021-02-09;1762;1677;31603;7623;3.1;0.7
57;2021-02-10;1711;2076;33314;9699;3.2;0.9
57;2021-02-11;1486;1330;34800;11029;3.4;1.1
57;2021-02-12;1227;677;36027;11706;3.5;1.1
57;2021-02-13;1152;178;37179;11884;3.6;1.1
57;2021-02-14;1210;28;38389;11912;3.7;1.1
57;2021-02-15;765;863;39154;12775;3.8;1.2
57;2021-02-16;1072;798;40226;13573;3.9;1.3
57;2021-02-17;1008;958;41234;14531;4.0;1.4
57;2021-02-18;974;1160;42208;15691;4.1;1.5
57;2021-02-19;954;937;43162;16628;4.2;1.6
57;2021-02-20;1173;618;44335;17246;4.3;1.7
57;2021-02-21;323;11;44658;17257;4.3;1.7
57;2021-02-22;1230;914;45888;18171;4.4;1.8
57;2021-02-23;2234;1088;48122;19259;4.6;1.9
57;2021-02-24;2267;1001;50389;20260;4.9;2.0
57;2021-02-25;3296;1119;53685;21379;5.2;2.1
57;2021-02-26;3576;959;57261;22338;5.5;2.2
57;2021-02-27;3689;536;60950;22874;5.9;2.2
57;2021-02-28;1896;58;62846;22932;6.1;2.2
57;2021-03-01;2049;1345;64895;24277;6.3;2.3
57;2021-03-02;2854;1600;67749;25877;6.5;2.5
57;2021-03-03;2802;1610;70551;27487;6.8;2.7
57;2021-03-04;3269;1302;73820;28789;7.1;2.8
57;2021-03-05;4454;1240;78274;30029;7.6;2.9
57;2021-03-06;7241;791;85515;30820;8.3;3.0
57;2021-03-07;6071;276;91586;31096;8.8;3.0
57;2021-03-08;2297;1008;93883;32104;9.1;3.1
57;2021-03-09;3381;1306;97264;33410;9.4;3.2
57;2021-03-10;3574;968;100838;34378;9.7;3.3
57;2021-03-11;4036;1252;104874;35630;10.1;3.4
57;2021-03-12;5106;1214;109980;36844;10.6;3.6
57;2021-03-13;6282;986;116262;37830;11.2;3.7
57;2021-03-14;2424;425;118686;38255;11.5;3.7
57;2021-03-15;2959;876;121645;39131;11.7;3.8
57;2021-03-16;3060;1274;124705;40405;12.0;3.9
57;2021-03-17;3050;1139;127755;41544;12.3;4.0
57;2021-03-18;3400;1075;131155;42619;12.7;4.1
57;2021-03-19;4618;1042;135773;43661;13.1;4.2
57;2021-03-20;4697;1023;140470;44684;13.6;4.3
57;2021-03-21;1895;256;142365;44940;13.7;4.3
57;2021-03-22;2480;1472;144845;46412;14.0;4.5
57;2021-03-23;3439;2336;148284;48748;14.3;4.7
57;2021-03-24;3896;2146;152180;50894;14.7;4.9
57;2021-03-25;4739;2592;156919;53486;15.1;5.2
57;2021-03-26;4841;2257;161760;55743;15.6;5.4
57;2021-03-27;3711;3157;165471;58900;16.0;5.7
57;2021-03-28;1400;1849;166871;60749;16.1;5.9
57;2021-03-29;1936;2170;168807;62919;16.3;6.1
57;2021-03-30;3300;2487;172107;65406;16.6;6.3
57;2021-03-31;2821;2307;174928;67713;16.9;6.5
57;2021-04-01;3221;3171;178149;70884;17.2;6.8
57;2021-04-02;2391;2577;180540;73461;17.4;7.1
57;2021-04-03;2567;2665;183107;76126;17.7;7.3
57;2021-04-04;592;972;183699;77098;17.7;7.4
57;2021-04-05;1922;668;185621;77766;17.9;7.5
57;2021-04-06;2451;2830;188072;80596;18.2;7.8
57;2021-04-07;3811;3083;191883;83679;18.5;8.1
57;2021-04-08;5608;2883;197491;86562;19.1;8.4
57;2021-04-09;5010;2721;202501;89283;19.5;8.6
57;2021-04-10;2354;3639;204855;92922;19.8;9.0
57;2021-04-11;1098;1890;205953;94812;19.9;9.2
57;2021-04-12;1789;2753;207742;97565;20.1;9.4
57;2021-04-13;1975;3033;209717;100598;20.2;9.7
57;2021-04-14;1919;2986;211636;103584;20.4;10.0
57;2021-04-15;2365;3427;214001;107011;20.7;10.3
57;2021-04-16;2701;3288;216702;110299;20.9;10.6
57;2021-04-17;2473;3185;219175;113484;21.2;11.0
57;2021-04-18;1245;1774;220420;115258;21.3;11.1
57;2021-04-19;2140;2261;222560;117519;21.5;11.3
57;2021-04-20;2514;2782;225074;120301;21.7;11.6
57;2021-04-21;2569;2378;227643;122679;22.0;11.8
57;2021-04-22;3206;2251;230849;124930;22.3;12.1
57;2021-04-23;4056;2577;234905;127507;22.7;12.3
57;2021-04-24;3393;2557;238298;130064;23.0;12.6
57;2021-04-25;757;1127;239055;131191;23.1;12.7
57;2021-04-26;2969;1997;242024;133188;23.4;12.9
57;2021-04-27;3899;2376;245923;135564;23.7;13.1
57;2021-04-28;4211;2591;250134;138155;24.1;13.3
57;2021-04-29;5258;3446;255392;141601;24.7;13.7
57;2021-04-30;4728;3549;260120;145150;25.1;14.0
57;2021-05-01;2350;1684;262470;146834;25.3;14.2
57;2021-05-02;790;912;263260;147746;25.4;14.3
57;2021-05-03;3564;2992;266824;150738;25.8;14.6
57;2021-05-04;4870;3166;271694;153904;26.2;14.9
57;2021-05-05;6122;3171;277816;157075;26.8;15.2
57;2021-05-06;5990;3286;283806;160361;27.4;15.5
57;2021-05-07;6854;3444;290660;163805;28.1;15.8
57;2021-05-08;4052;1608;294712;165413;28.5;16.0
57;2021-05-09;2048;1112;296760;166525;28.6;16.1
57;2021-05-10;5127;3069;301887;169594;29.1;16.4
57;2021-05-11;7447;2850;309334;172444;29.9;16.6
57;2021-05-12;7844;3242;317178;175686;30.6;17.0
57;2021-05-13;4510;911;321688;176597;31.1;17.0
57;2021-05-14;7836;2631;329524;179228;31.8;17.3
57;2021-05-15;5964;2047;335488;181275;32.4;17.5
57;2021-05-16;3309;578;338797;181853;32.7;17.6
57;2021-05-17;3865;2067;342662;183920;33.1;17.8
57;2021-05-18;6289;2102;348951;186022;33.7;18.0
57;2021-05-19;7018;2329;355969;188351;34.4;18.2
57;2021-05-20;6049;2186;362018;190537;34.9;18.4
57;2021-05-21;7563;2917;369581;193454;35.7;18.7
57;2021-05-22;4893;2167;374474;195621;36.2;18.9
57;2021-05-23;1964;432;376438;196053;36.3;18.9
57;2021-05-24;3031;1067;379469;197120;36.6;19.0
57;2021-05-25;5576;2802;385045;199922;37.2;19.3
57;2021-05-26;6374;3182;391419;203104;37.8;19.6
57;2021-05-27;5791;3124;397210;206228;38.3;19.9
57;2021-05-28;7023;4750;404233;210978;39.0;20.4
57;2021-05-29;5221;4251;409454;215229;39.5;20.8
57;2021-05-30;1967;1741;411421;216970;39.7;20.9
57;2021-05-31;4319;3338;415740;220308;40.1;21.3
57;2021-06-01;5934;3708;421674;224016;40.7;21.6
57;2021-06-02;6338;3902;428012;227918;41.3;22.0
57;2021-06-03;6211;3697;434223;231615;41.9;22.4
57;2021-06-04;7563;4988;441786;236603;42.6;22.8
57;2021-06-05;4768;4032;446554;240635;43.1;23.2
57;2021-06-06;1994;890;448548;241525;43.3;23.3
57;2021-06-07;4325;4035;452873;245560;43.7;23.7
57;2021-06-08;6714;4310;459587;249870;44.4;24.1
57;2021-06-09;6879;4155;466466;254025;45.0;24.5
57;2021-06-10;6217;4587;472683;258612;45.6;25.0
57;2021-06-11;5362;5360;478045;263972;46.1;25.5
57;2021-06-12;5740;4453;483785;268425;46.7;25.9
57;2021-06-13;1500;1140;485285;269565;46.8;26.0
57;2021-06-14;3368;4708;488653;274273;47.2;26.5
57;2021-06-15;3812;6017;492465;280290;47.5;27.1
57;2021-06-16;4398;6592;496863;286882;48.0;27.7
57;2021-06-17;4195;6081;501058;292963;48.4;28.3
57;2021-06-18;4273;7304;505331;300267;48.8;29.0
57;2021-06-19;4155;6291;509486;306558;49.2;29.6
57;2021-06-20;983;1667;510469;308225;49.3;29.8
57;2021-06-21;2066;5970;512535;314195;49.5;30.3
57;2021-06-22;2638;7987;515173;322182;49.7;31.1
57;2021-06-23;3073;8386;518246;330568;50.0;31.9
57;2021-06-24;2456;5287;520702;335855;50.3;32.4
57;2021-06-25;2855;7828;523557;343683;50.5;33.2
57;2021-06-26;2869;7258;526426;350941;50.8;33.9
57;2021-06-27;753;2986;527179;353927;50.9;34.2
57;2021-06-28;1588;5075;528767;359002;51.0;34.7
57;2021-06-29;2083;6827;530850;365829;51.2;35.3
57;2021-06-30;3045;7314;533895;373143;51.5;36.0
57;2021-07-01;2682;5949;536577;379092;51.8;36.6
57;2021-07-02;2654;8072;539231;387164;52.1;37.4
57;2021-07-03;3234;6526;542465;393690;52.4;38.0
57;2021-07-04;943;2464;543408;396154;52.5;38.2
57;2021-07-05;1683;4607;545091;400761;52.6;38.7
57;2021-07-06;2408;6478;547499;407239;52.9;39.3
57;2021-07-07;2716;7082;550215;414321;53.1;40.0
57;2021-07-08;2481;5875;552696;420196;53.4;40.6
57;2021-07-09;3419;8418;556115;428614;53.7;41.4
57;2021-07-10;3087;6930;559202;435544;54.0;42.0
57;2021-07-11;852;2230;560054;437774;54.1;42.3
57;2021-07-12;2394;6420;562448;444194;54.3;42.9
57;2021-07-13;4394;7496;566842;451690;54.7;43.6
57;2021-07-14;2817;3843;569659;455533;55.0;44.0
57;2021-07-15;3940;7785;573599;463318;55.4;44.7
57;2021-07-16;5624;9821;579223;473139;55.9;45.7
57;2021-07-17;5804;7290;585027;480429;56.5;46.4
57;2021-07-18;1483;2658;586510;483087;56.6;46.6
57;2021-07-19;2356;6212;588866;489299;56.8;47.2
57;2021-07-20;4308;6914;593174;496213;57.3;47.9
57;2021-07-21;5279;6896;598453;503109;57.8;48.6
57;2021-07-22;5929;5960;604382;509069;58.3;49.1
57;2021-07-23;6988;6382;611370;515451;59.0;49.8
57;2021-07-24;4514;7036;615884;522487;59.5;50.4
57;2021-07-25;1332;1768;617216;524255;59.6;50.6
57;2021-07-26;3701;4493;620917;528748;59.9;51.0
57;2021-07-27;6818;4923;627735;533671;60.6;51.5
57;2021-07-28;7444;4533;635179;538204;61.3;52.0
57;2021-07-29;7572;4581;642751;542785;62.0;52.4
57;2021-07-30;6826;4872;649577;547657;62.7;52.9
57;2021-07-31;5669;5003;655246;552660;63.3;53.4
57;2021-08-01;2020;1114;657266;553774;63.5;53.5
57;2021-08-02;3502;3179;660768;556953;63.8;53.8
57;2021-08-03;5464;4273;666232;561226;64.3;54.2
57;2021-08-04;5198;3456;671430;564682;64.8;54.5
57;2021-08-05;5341;3754;676771;568436;65.3;54.9
57;2021-08-06;5564;4822;682335;573258;65.9;55.3
57;2021-08-07;4532;5126;686867;578384;66.3;55.8
57;2021-08-08;1469;1498;688336;579882;66.5;56.0
57;2021-08-09;2603;3153;690939;583035;66.7;56.3
57;2021-08-10;3488;3771;694427;586806;67.0;56.6
57;2021-08-11;3662;3998;698089;590804;67.4;57.0
58;2020-12-27;0;0;0;0;0.0;0.0
58;2020-12-28;0;0;0;0;0.0;0.0
58;2020-12-29;1;0;1;0;0.0;0.0
58;2020-12-30;0;0;1;0;0.0;0.0
58;2020-12-31;0;0;1;0;0.0;0.0
58;2021-01-01;0;0;1;0;0.0;0.0
58;2021-01-02;0;0;1;0;0.0;0.0
58;2021-01-03;1;0;2;0;0.0;0.0
58;2021-01-04;0;0;2;0;0.0;0.0
58;2021-01-05;2;0;4;0;0.0;0.0
58;2021-01-06;145;0;149;0;0.1;0.0
58;2021-01-07;241;0;390;0;0.2;0.0
58;2021-01-08;63;0;453;0;0.2;0.0
58;2021-01-09;1;0;454;0;0.2;0.0
58;2021-01-10;0;0;454;0;0.2;0.0
58;2021-01-11;54;0;508;0;0.3;0.0
58;2021-01-12;255;0;763;0;0.4;0.0
58;2021-01-13;402;0;1165;0;0.6;0.0
58;2021-01-14;291;1;1456;1;0.7;0.0
58;2021-01-15;141;0;1597;1;0.8;0.0
58;2021-01-16;10;1;1607;2;0.8;0.0
58;2021-01-17;0;0;1607;2;0.8;0.0
58;2021-01-18;413;1;2020;3;1.0;0.0
58;2021-01-19;986;2;3006;5;1.5;0.0
58;2021-01-20;1205;2;4211;7;2.1;0.0
58;2021-01-21;961;4;5172;11;2.6;0.0
58;2021-01-22;770;2;5942;13;3.0;0.0
58;2021-01-23;251;0;6193;13;3.1;0.0
58;2021-01-24;2;0;6195;13;3.1;0.0
58;2021-01-25;439;0;6634;13;3.3;0.0
58;2021-01-26;649;4;7283;17;3.6;0.0
58;2021-01-27;604;44;7887;61;4.0;0.0
58;2021-01-28;756;67;8643;128;4.3;0.1
58;2021-01-29;837;7;9480;135;4.7;0.1
58;2021-01-30;281;0;9761;135;4.9;0.1
58;2021-01-31;10;0;9771;135;4.9;0.1
58;2021-02-01;201;71;9972;206;5.0;0.1
58;2021-02-02;565;85;10537;291;5.3;0.1
58;2021-02-03;279;148;10816;439;5.4;0.2
58;2021-02-04;285;93;11101;532;5.6;0.3
58;2021-02-05;184;93;11285;625;5.7;0.3
58;2021-02-06;89;0;11374;625;5.7;0.3
58;2021-02-07;0;0;11374;625;5.7;0.3
58;2021-02-08;306;73;11680;698;5.9;0.3
58;2021-02-09;503;314;12183;1012;6.1;0.5
58;2021-02-10;349;381;12532;1393;6.3;0.7
58;2021-02-11;287;380;12819;1773;6.4;0.9
58;2021-02-12;243;203;13062;1976;6.5;1.0
58;2021-02-13;83;29;13145;2005;6.6;1.0
58;2021-02-14;0;3;13145;2008;6.6;1.0
58;2021-02-15;114;530;13259;2538;6.6;1.3
58;2021-02-16;209;939;13468;3477;6.7;1.7
58;2021-02-17;217;768;13685;4245;6.9;2.1
58;2021-02-18;187;790;13872;5035;7.0;2.5
58;2021-02-19;241;725;14113;5760;7.1;2.9
58;2021-02-20;62;229;14175;5989;7.1;3.0
58;2021-02-21;0;30;14175;6019;7.1;3.0
58;2021-02-22;78;405;14253;6424;7.1;3.2
58;2021-02-23;49;623;14302;7047;7.2;3.5
58;2021-02-24;39;632;14341;7679;7.2;3.8
58;2021-02-25;252;703;14593;8382;7.3;4.2
58;2021-02-26;246;623;14839;9005;7.4;4.5
58;2021-02-27;104;188;14943;9193;7.5;4.6
58;2021-02-28;11;8;14954;9201;7.5;4.6
58;2021-03-01;145;246;15099;9447;7.6;4.7
58;2021-03-02;415;643;15514;10090;7.8;5.1
58;2021-03-03;522;292;16036;10382;8.0;5.2
58;2021-03-04;723;277;16759;10659;8.4;5.3
58;2021-03-05;867;206;17626;10865;8.8;5.4
58;2021-03-06;574;87;18200;10952;9.1;5.5
58;2021-03-07;63;12;18263;10964;9.1;5.5
58;2021-03-08;153;299;18416;11263;9.2;5.6
58;2021-03-09;544;549;18960;11812;9.5;5.9
58;2021-03-10;838;243;19798;12055;9.9;6.0
58;2021-03-11;856;272;20654;12327;10.3;6.2
58;2021-03-12;862;198;21516;12525;10.8;6.3
58;2021-03-13;506;67;22022;12592;11.0;6.3
58;2021-03-14;34;0;22056;12592;11.1;6.3
58;2021-03-15;528;110;22584;12702;11.3;6.4
58;2021-03-16;726;222;23310;12924;11.7;6.5
58;2021-03-17;756;195;24066;13119;12.1;6.6
58;2021-03-18;582;177;24648;13296;12.3;6.7
58;2021-03-19;537;103;25185;13399;12.6;6.7
58;2021-03-20;322;64;25507;13463;12.8;6.7
58;2021-03-21;17;0;25524;13463;12.8;6.7
58;2021-03-22;794;25;26318;13488;13.2;6.8
58;2021-03-23;1636;41;27954;13529;14.0;6.8
58;2021-03-24;1365;73;29319;13602;14.7;6.8
58;2021-03-25;1840;43;31159;13645;15.6;6.8
58;2021-03-26;1413;51;32572;13696;16.3;6.9
58;2021-03-27;358;6;32930;13702;16.5;6.9
58;2021-03-28;20;0;32950;13702;16.5;6.9
58;2021-03-29;639;155;33589;13857;16.8;6.9
58;2021-03-30;1185;254;34774;14111;17.4;7.1
58;2021-03-31;1116;396;35890;14507;18.0;7.3
58;2021-04-01;1547;401;37437;14908;18.8;7.5
58;2021-04-02;1463;364;38900;15272;19.5;7.7
58;2021-04-03;567;150;39467;15422;19.8;7.7
58;2021-04-04;1;1;39468;15423;19.8;7.7
58;2021-04-05;46;0;39514;15423;19.8;7.7
58;2021-04-06;820;343;40334;15766;20.2;7.9
58;2021-04-07;695;551;41029;16317;20.6;8.2
58;2021-04-08;1493;426;42522;16743;21.3;8.4
58;2021-04-09;1774;484;44296;17227;22.2;8.6
58;2021-04-10;652;200;44948;17427;22.5;8.7
58;2021-04-11;17;3;44965;17430;22.5;8.7
58;2021-04-12;1117;502;46082;17932;23.1;9.0
58;2021-04-13;1437;624;47519;18556;23.8;9.3
58;2021-04-14;1339;673;48858;19229;24.5;9.6
58;2021-04-15;1433;600;50291;19829;25.2;9.9
58;2021-04-16;1735;511;52026;20340;26.1;10.2
58;2021-04-17;721;232;52747;20572;26.4;10.3
58;2021-04-18;20;7;52767;20579;26.4;10.3
58;2021-04-19;532;604;53299;21183;26.7;10.6
58;2021-04-20;486;1120;53785;22303;26.9;11.2
58;2021-04-21;626;970;54411;23273;27.3;11.7
58;2021-04-22;767;1525;55178;24798;27.6;12.4
58;2021-04-23;919;784;56097;25582;28.1;12.8
58;2021-04-24;211;205;56308;25787;28.2;12.9
58;2021-04-25;109;9;56417;25796;28.3;12.9
58;2021-04-26;762;247;57179;26043;28.6;13.0
58;2021-04-27;1499;1112;58678;27155;29.4;13.6
58;2021-04-28;1535;1051;60213;28206;30.2;14.1
58;2021-04-29;1442;1039;61655;29245;30.9;14.7
58;2021-04-30;1257;939;62912;30184;31.5;15.1
58;2021-05-01;6;17;62918;30201;31.5;15.1
58;2021-05-02;4;2;62922;30203;31.5;15.1
58;2021-05-03;1045;402;63967;30605;32.0;15.3
58;2021-05-04;1076;1348;65043;31953;32.6;16.0
58;2021-05-05;952;1090;65995;33043;33.1;16.6
58;2021-05-06;1361;1060;67356;34103;33.7;17.1
58;2021-05-07;1110;1090;68466;35193;34.3;17.6
58;2021-05-08;59;60;68525;35253;34.3;17.7
58;2021-05-09;5;19;68530;35272;34.3;17.7
58;2021-05-10;875;989;69405;36261;34.8;18.2
58;2021-05-11;1185;1982;70590;38243;35.4;19.2
58;2021-05-12;1662;1553;72252;39796;36.2;19.9
58;2021-05-13;49;181;72301;39977;36.2;20.0
58;2021-05-14;2310;908;74611;40885;37.4;20.5
58;2021-05-15;1725;458;76336;41343;38.2;20.7
58;2021-05-16;118;30;76454;41373;38.3;20.7
58;2021-05-17;792;609;77246;41982;38.7;21.0
58;2021-05-18;1332;1183;78578;43165;39.4;21.6
58;2021-05-19;1737;544;80315;43709;40.2;21.9
58;2021-05-20;1701;670;82016;44379;41.1;22.2
58;2021-05-21;855;727;82871;45106;41.5;22.6
58;2021-05-22;304;239;83175;45345;41.7;22.7
58;2021-05-23;2;21;83177;45366;41.7;22.7
58;2021-05-24;21;43;83198;45409;41.7;22.8
58;2021-05-25;1386;1152;84584;46561;42.4;23.3
58;2021-05-26;844;840;85428;47401;42.8;23.7
58;2021-05-27;751;943;86179;48344;43.2;24.2
58;2021-05-28;430;911;86609;49255;43.4;24.7
58;2021-05-29;151;212;86760;49467;43.5;24.8
58;2021-05-30;21;19;86781;49486;43.5;24.8
58;2021-05-31;757;398;87538;49884;43.9;25.0
58;2021-06-01;1373;1658;88911;51542;44.5;25.8
58;2021-06-02;1463;1044;90374;52586;45.3;26.3
58;2021-06-03;1026;959;91400;53545;45.8;26.8
58;2021-06-04;845;915;92245;54460;46.2;27.3
58;2021-06-05;272;262;92517;54722;46.4;27.4
58;2021-06-06;24;49;92541;54771;46.4;27.4
58;2021-06-07;713;793;93254;55564;46.7;27.8
58;2021-06-08;1323;1758;94577;57322;47.4;28.7
58;2021-06-09;1401;1008;95978;58330;48.1;29.2
58;2021-06-10;1108;981;97086;59311;48.6;29.7
58;2021-06-11;1030;906;98116;60217;49.2;30.2
58;2021-06-12;1055;415;99171;60632;49.7;30.4
58;2021-06-13;36;33;99207;60665;49.7;30.4
58;2021-06-14;516;1016;99723;61681;50.0;30.9
58;2021-06-15;1594;1757;101317;63438;50.8;31.8
58;2021-06-16;1805;993;103122;64431;51.7;32.3
58;2021-06-17;2023;1109;105145;65540;52.7;32.8
58;2021-06-18;986;1064;106131;66604;53.2;33.4
58;2021-06-19;581;319;106712;66923;53.5;33.5
58;2021-06-20;9;2;106721;66925;53.5;33.5
58;2021-06-21;472;551;107193;67476;53.7;33.8
58;2021-06-22;1027;1965;108220;69441;54.2;34.8
58;2021-06-23;1477;1512;109697;70953;55.0;35.5
58;2021-06-24;729;1026;110426;71979;55.3;36.1
58;2021-06-25;824;1718;111250;73697;55.7;36.9
58;2021-06-26;554;1229;111804;74926;56.0;37.5
58;2021-06-27;17;26;111821;74952;56.0;37.6
58;2021-06-28;463;988;112284;75940;56.3;38.0
58;2021-06-29;623;2162;112907;78102;56.6;39.1
58;2021-06-30;998;1623;113905;79725;57.1;39.9
58;2021-07-01;757;1673;114662;81398;57.4;40.8
58;2021-07-02;450;849;115112;82247;57.7;41.2
58;2021-07-03;249;512;115361;82759;57.8;41.5
58;2021-07-04;12;30;115373;82789;57.8;41.5
58;2021-07-05;510;769;115883;83558;58.1;41.9
58;2021-07-06;694;2122;116577;85680;58.4;42.9
58;2021-07-07;386;956;116963;86636;58.6;43.4
58;2021-07-08;397;1020;117360;87656;58.8;43.9
58;2021-07-09;709;1417;118069;89073;59.2;44.6
58;2021-07-10;260;413;118329;89486;59.3;44.8
58;2021-07-11;175;53;118504;89539;59.4;44.9
58;2021-07-12;197;969;118701;90508;59.5;45.3
58;2021-07-13;931;2501;119632;93009;59.9;46.6
58;2021-07-14;27;62;119659;93071;60.0;46.6
58;2021-07-15;1133;1942;120792;95013;60.5;47.6
58;2021-07-16;1411;1448;122203;96461;61.2;48.3
58;2021-07-17;462;287;122665;96748;61.5;48.5
58;2021-07-18;102;21;122767;96769;61.5;48.5
58;2021-07-19;1646;991;124413;97760;62.3;49.0
58;2021-07-20;1406;2461;125819;100221;63.0;50.2
58;2021-07-21;1185;2038;127004;102259;63.6;51.2
58;2021-07-22;1130;1673;128134;103932;64.2;52.1
58;2021-07-23;1254;1445;129388;105377;64.8;52.8
58;2021-07-24;994;1271;130382;106648;65.3;53.4
58;2021-07-25;88;39;130470;106687;65.4;53.5
58;2021-07-26;976;859;131446;107546;65.9;53.9
58;2021-07-27;1558;2578;133004;110124;66.6;55.2
58;2021-07-28;1568;1968;134572;112092;67.4;56.2
58;2021-07-29;1572;1615;136144;113707;68.2;57.0
58;2021-07-30;1460;1426;137604;115133;68.9;57.7
58;2021-07-31;562;523;138166;115656;69.2;57.9
58;2021-08-01;34;13;138200;115669;69.2;58.0
58;2021-08-02;1583;863;139783;116532;70.0;58.4
58;2021-08-03;2042;1779;141825;118311;71.1;59.3
58;2021-08-04;1305;1183;143130;119494;71.7;59.9
58;2021-08-05;1617;1179;144747;120673;72.5;60.5
58;2021-08-06;1354;1029;146101;121702;73.2;61.0
58;2021-08-07;311;401;146412;122103;73.4;61.2
58;2021-08-08;30;57;146442;122160;73.4;61.2
58;2021-08-09;1075;1380;147517;123540;73.9;61.9
58;2021-08-10;1771;1385;149288;124925;74.8;62.6
58;2021-08-11;1085;768;150373;125693;75.3;63.0
59;2020-12-27;1;0;1;0;0.0;0.0
59;2020-12-28;26;0;27;0;0.0;0.0
59;2020-12-29;0;0;27;0;0.0;0.0
59;2020-12-30;0;0;27;0;0.0;0.0
59;2020-12-31;1;0;28;0;0.0;0.0
59;2021-01-01;3;0;31;0;0.0;0.0
59;2021-01-02;1;0;32;0;0.0;0.0
59;2021-01-03;2;0;34;0;0.0;0.0
59;2021-01-04;79;0;113;0;0.0;0.0
59;2021-01-05;217;0;330;0;0.0;0.0
59;2021-01-06;430;2;760;2;0.0;0.0
59;2021-01-07;1313;0;2073;2;0.1;0.0
59;2021-01-08;1262;4;3335;6;0.1;0.0
59;2021-01-09;609;3;3944;9;0.2;0.0
59;2021-01-10;427;0;4371;9;0.2;0.0
59;2021-01-11;1844;5;6215;14;0.2;0.0
59;2021-01-12;2470;2;8685;16;0.3;0.0
59;2021-01-13;2364;3;11049;19;0.4;0.0
59;2021-01-14;2756;22;13805;41;0.5;0.0
59;2021-01-15;2273;16;16078;57;0.6;0.0
59;2021-01-16;770;1;16848;58;0.7;0.0
59;2021-01-17;560;1;17408;59;0.7;0.0
59;2021-01-18;3508;14;20916;73;0.8;0.0
59;2021-01-19;4753;9;25669;82;1.0;0.0
59;2021-01-20;4132;12;29801;94;1.2;0.0
59;2021-01-21;4724;38;34525;132;1.3;0.0
59;2021-01-22;4020;11;38545;143;1.5;0.0
59;2021-01-23;1214;3;39759;146;1.5;0.0
59;2021-01-24;168;0;39927;146;1.5;0.0
59;2021-01-25;2728;58;42655;204;1.6;0.0
59;2021-01-26;2802;137;45457;341;1.8;0.0
59;2021-01-27;1736;308;47193;649;1.8;0.0
59;2021-01-28;3396;764;50589;1413;2.0;0.1
59;2021-01-29;2541;794;53130;2207;2.1;0.1
59;2021-01-30;287;177;53417;2384;2.1;0.1
59;2021-01-31;24;0;53441;2384;2.1;0.1
59;2021-02-01;77;864;53518;3248;2.1;0.1
59;2021-02-02;683;1433;54201;4681;2.1;0.2
59;2021-02-03;3746;1438;57947;6119;2.2;0.2
59;2021-02-04;2957;1744;60904;7863;2.4;0.3
59;2021-02-05;1048;1410;61952;9273;2.4;0.4
59;2021-02-06;206;356;62158;9629;2.4;0.4
59;2021-02-07;268;49;62426;9678;2.4;0.4
59;2021-02-08;683;1626;63109;11304;2.4;0.4
59;2021-02-09;1009;1848;64118;13152;2.5;0.5
59;2021-02-10;974;1638;65092;14790;2.5;0.6
59;2021-02-11;1345;1810;66437;16600;2.6;0.6
59;2021-02-12;1412;1644;67849;18244;2.6;0.7
59;2021-02-13;207;749;68056;18993;2.6;0.7
59;2021-02-14;13;42;68069;19035;2.6;0.7
59;2021-02-15;1393;3116;69462;22151;2.7;0.9
59;2021-02-16;1432;3774;70894;25925;2.7;1.0
59;2021-02-17;1617;3832;72511;29757;2.8;1.1
59;2021-02-18;3105;5197;75616;34954;2.9;1.4
59;2021-02-19;3209;3620;78825;38574;3.0;1.5
59;2021-02-20;1413;1590;80238;40164;3.1;1.6
59;2021-02-21;242;261;80480;40425;3.1;1.6
59;2021-02-22;1431;2588;81911;43013;3.2;1.7
59;2021-02-23;2657;2862;84568;45875;3.3;1.8
59;2021-02-24;4105;4057;88673;49932;3.4;1.9
59;2021-02-25;6917;3728;95590;53660;3.7;2.1
59;2021-02-26;6496;1895;102086;55555;3.9;2.1
59;2021-02-27;3094;180;105180;55735;4.1;2.2
59;2021-02-28;208;59;105388;55794;4.1;2.2
59;2021-03-01;3694;666;109082;56460;4.2;2.2
59;2021-03-02;4793;567;113875;57027;4.4;2.2
59;2021-03-03;5744;992;119619;58019;4.6;2.2
59;2021-03-04;7083;937;126702;58956;4.9;2.3
59;2021-03-05;7824;975;134526;59931;5.2;2.3
59;2021-03-06;11556;523;146082;60454;5.6;2.3
59;2021-03-07;7583;340;153665;60794;5.9;2.3
59;2021-03-08;4497;1096;158162;61890;6.1;2.4
59;2021-03-09;6581;1408;164743;63298;6.4;2.4
59;2021-03-10;7022;1183;171765;64481;6.6;2.5
59;2021-03-11;9469;1858;181234;66339;7.0;2.6
59;2021-03-12;12142;1524;193376;67863;7.5;2.6
59;2021-03-13;16553;1058;209929;68921;8.1;2.7
59;2021-03-14;6960;314;216889;69235;8.4;2.7
59;2021-03-15;5609;1497;222498;70732;8.6;2.7
59;2021-03-16;3738;1325;226236;72057;8.7;2.8
59;2021-03-17;3851;2096;230087;74153;8.9;2.9
59;2021-03-18;3956;2492;234043;76645;9.0;3.0
59;2021-03-19;7739;1818;241782;78463;9.3;3.0
59;2021-03-20;16018;1255;257800;79718;10.0;3.1
59;2021-03-21;6312;433;264112;80151;10.2;3.1
59;2021-03-22;5445;1772;269557;81923;10.4;3.2
59;2021-03-23;7768;2814;277325;84737;10.7;3.3
59;2021-03-24;6859;2959;284184;87696;11.0;3.4
59;2021-03-25;10529;2534;294713;90230;11.4;3.5
59;2021-03-26;12247;2832;306960;93062;11.9;3.6
59;2021-03-27;15274;1111;322234;94173;12.4;3.6
59;2021-03-28;7983;342;330217;94515;12.8;3.7
59;2021-03-29;5494;3200;335711;97715;13.0;3.8
59;2021-03-30;7537;3741;343248;101456;13.3;3.9
59;2021-03-31;6154;4100;349402;105556;13.5;4.1
59;2021-04-01;7489;4907;356891;110463;13.8;4.3
59;2021-04-02;7643;5521;364534;115984;14.1;4.5
59;2021-04-03;13013;4291;377547;120275;14.6;4.6
59;2021-04-04;5348;2182;382895;122457;14.8;4.7
59;2021-04-05;6009;1531;388904;123988;15.0;4.8
59;2021-04-06;5397;4494;394301;128482;15.2;5.0
59;2021-04-07;7625;5428;401926;133910;15.5;5.2
59;2021-04-08;10389;5746;412315;139656;15.9;5.4
59;2021-04-09;13418;5906;425733;145562;16.4;5.6
59;2021-04-10;11473;6133;437206;151695;16.9;5.9
59;2021-04-11;4634;3570;441840;155265;17.1;6.0
59;2021-04-12;6309;4350;448149;159615;17.3;6.2
59;2021-04-13;8932;4788;457081;164403;17.7;6.4
59;2021-04-14;8789;4330;465870;168733;18.0;6.5
59;2021-04-15;10304;4839;476174;173572;18.4;6.7
59;2021-04-16;10883;5500;487057;179072;18.8;6.9
59;2021-04-17;7298;9082;494355;188154;19.1;7.3
59;2021-04-18;3232;4168;497587;192322;19.2;7.4
59;2021-04-19;5045;4302;502632;196624;19.4;7.6
59;2021-04-20;6894;4205;509526;200829;19.7;7.8
59;2021-04-21;6246;4421;515772;205250;19.9;7.9
59;2021-04-22;8595;5505;524367;210755;20.3;8.1
59;2021-04-23;8453;5683;532820;216438;20.6;8.4
59;2021-04-24;5535;8066;538355;224504;20.8;8.7
59;2021-04-25;3241;6080;541596;230584;20.9;8.9
59;2021-04-26;6490;3789;548086;234373;21.2;9.1
59;2021-04-27;8359;5190;556445;239563;21.5;9.3
59;2021-04-28;8769;6566;565214;246129;21.8;9.5
59;2021-04-29;9412;8569;574626;254698;22.2;9.8
59;2021-04-30;10599;8540;585225;263238;22.6;10.2
59;2021-05-01;11994;7585;597219;270823;23.1;10.5
59;2021-05-02;8646;5991;605865;276814;23.4;10.7
59;2021-05-03;9555;5065;615420;281879;23.8;10.9
59;2021-05-04;11424;6010;626844;287889;24.2;11.1
59;2021-05-05;10294;6217;637138;294106;24.6;11.4
59;2021-05-06;11196;8455;648334;302561;25.0;11.7
59;2021-05-07;13297;9621;661631;312182;25.6;12.1
59;2021-05-08;14738;4162;676369;316344;26.1;12.2
59;2021-05-09;11492;3336;687861;319680;26.6;12.3
59;2021-05-10;12741;6639;700602;326319;27.1;12.6
59;2021-05-11;15111;8334;715713;334653;27.6;12.9
59;2021-05-12;16626;8638;732339;343291;28.3;13.3
59;2021-05-13;18441;3452;750780;346743;29.0;13.4
59;2021-05-14;15780;6962;766560;353705;29.6;13.7
59;2021-05-15;23445;5300;790005;359005;30.5;13.9
59;2021-05-16;21182;2407;811187;361412;31.3;14.0
59;2021-05-17;15073;5270;826260;366682;31.9;14.2
59;2021-05-18;16923;5673;843183;372355;32.6;14.4
59;2021-05-19;18318;5098;861501;377453;33.3;14.6
59;2021-05-20;17931;7016;879432;384469;34.0;14.9
59;2021-05-21;18371;8294;897803;392763;34.7;15.2
59;2021-05-22;23815;5692;921618;398455;35.6;15.4
59;2021-05-23;17922;2265;939540;400720;36.3;15.5
59;2021-05-24;16690;2127;956230;402847;36.9;15.6
59;2021-05-25;14990;6675;971220;409522;37.5;15.8
59;2021-05-26;15891;7046;987111;416568;38.1;16.1
59;2021-05-27;16146;9182;1003257;425750;38.8;16.4
59;2021-05-28;15887;11472;1019144;437222;39.4;16.9
59;2021-05-29;14373;8723;1033517;445945;39.9;17.2
59;2021-05-30;8404;1844;1041921;447789;40.2;17.3
59;2021-05-31;14202;7966;1056123;455755;40.8;17.6
59;2021-06-01;15091;10423;1071214;466178;41.4;18.0
59;2021-06-02;14764;9944;1085978;476122;41.9;18.4
59;2021-06-03;15628;12141;1101606;488263;42.5;18.9
59;2021-06-04;15598;13500;1117204;501763;43.2;19.4
59;2021-06-05;14979;9339;1132183;511102;43.7;19.7
59;2021-06-06;8829;3204;1141012;514306;44.1;19.9
59;2021-06-07;10527;9442;1151539;523748;44.5;20.2
59;2021-06-08;11761;11091;1163300;534839;44.9;20.7
59;2021-06-09;10765;11914;1174065;546753;45.3;21.1
59;2021-06-10;11497;12326;1185562;559079;45.8;21.6
59;2021-06-11;10972;16017;1196534;575096;46.2;22.2
59;2021-06-12;11078;13684;1207612;588780;46.6;22.7
59;2021-06-13;6340;7031;1213952;595811;46.9;23.0
59;2021-06-14;6503;12697;1220455;608508;47.1;23.5
59;2021-06-15;8236;15954;1228691;624462;47.5;24.1
59;2021-06-16;9201;13557;1237892;638019;47.8;24.6
59;2021-06-17;9185;15650;1247077;653669;48.2;25.2
59;2021-06-18;9079;20054;1256156;673723;48.5;26.0
59;2021-06-19;8956;17482;1265112;691205;48.9;26.7
59;2021-06-20;4899;10189;1270011;701394;49.1;27.1
59;2021-06-21;5277;15970;1275288;717364;49.3;27.7
59;2021-06-22;6334;18685;1281622;736049;49.5;28.4
59;2021-06-23;6164;19087;1287786;755136;49.7;29.2
59;2021-06-24;7332;20533;1295118;775669;50.0;30.0
59;2021-06-25;6507;21207;1301625;796876;50.3;30.8
59;2021-06-26;6483;23762;1308108;820638;50.5;31.7
59;2021-06-27;4755;17082;1312863;837720;50.7;32.4
59;2021-06-28;4995;19828;1317858;857548;50.9;33.1
59;2021-06-29;5549;20368;1323407;877916;51.1;33.9
59;2021-06-30;6132;20096;1329539;898012;51.4;34.7
59;2021-07-01;6778;20835;1336317;918847;51.6;35.5
59;2021-07-02;6827;23241;1343144;942088;51.9;36.4
59;2021-07-03;5557;24615;1348701;966703;52.1;37.3
59;2021-07-04;4413;15977;1353114;982680;52.3;38.0
59;2021-07-05;5657;17483;1358771;1000163;52.5;38.6
59;2021-07-06;6590;18807;1365361;1018970;52.7;39.4
59;2021-07-07;6934;17460;1372295;1036430;53.0;40.0
59;2021-07-08;8005;17709;1380300;1054139;53.3;40.7
59;2021-07-09;7697;20303;1387997;1074442;53.6;41.5
59;2021-07-10;7434;18545;1395431;1092987;53.9;42.2
59;2021-07-11;4452;10228;1399883;1103215;54.1;42.6
59;2021-07-12;5893;18038;1405776;1121253;54.3;43.3
59;2021-07-13;9880;20762;1415656;1142015;54.7;44.1
59;2021-07-14;9777;8464;1425433;1150479;55.1;44.4
59;2021-07-15;11616;20431;1437049;1170910;55.5;45.2
59;2021-07-16;13182;20516;1450231;1191426;56.0;46.0
59;2021-07-17;12370;17443;1462601;1208869;56.5;46.7
59;2021-07-18;7942;8683;1470543;1217552;56.8;47.0
59;2021-07-19;10367;16455;1480910;1234007;57.2;47.7
59;2021-07-20;13357;17129;1494267;1251136;57.7;48.3
59;2021-07-21;14487;15577;1508754;1266713;58.3;48.9
59;2021-07-22;16962;15196;1525716;1281909;58.9;49.5
59;2021-07-23;15673;15820;1541389;1297729;59.5;50.1
59;2021-07-24;16304;12265;1557693;1309994;60.2;50.6
59;2021-07-25;11892;7296;1569585;1317290;60.6;50.9
59;2021-07-26;12994;12590;1582579;1329880;61.1;51.4
59;2021-07-27;16077;11927;1598656;1341807;61.7;51.8
59;2021-07-28;17361;11621;1616017;1353428;62.4;52.3
59;2021-07-29;17326;11643;1633343;1365071;63.1;52.7
59;2021-07-30;15845;11567;1649188;1376638;63.7;53.2
59;2021-07-31;13925;9132;1663113;1385770;64.2;53.5
59;2021-08-01;9927;4506;1673040;1390276;64.6;53.7
59;2021-08-02;12066;9984;1685106;1400260;65.1;54.1
59;2021-08-03;13344;10016;1698450;1410276;65.6;54.5
59;2021-08-04;11162;8239;1709612;1418515;66.0;54.8
59;2021-08-05;12650;9745;1722262;1428260;66.5;55.2
59;2021-08-06;12441;10981;1734703;1439241;67.0;55.6
59;2021-08-07;9688;9251;1744391;1448492;67.4;55.9
59;2021-08-08;6927;5211;1751318;1453703;67.6;56.1
59;2021-08-09;8345;10750;1759663;1464453;68.0;56.6
59;2021-08-10;10294;10716;1769957;1475169;68.4;57.0
59;2021-08-11;8525;9239;1778482;1484408;68.7;57.3
60;2020-12-27;0;0;0;0;0.0;0.0
60;2020-12-28;0;0;0;0;0.0;0.0
60;2020-12-29;1;0;1;0;0.0;0.0
60;2020-12-30;0;0;1;0;0.0;0.0
60;2020-12-31;0;0;1;0;0.0;0.0
60;2021-01-01;0;0;1;0;0.0;0.0
60;2021-01-02;5;0;6;0;0.0;0.0
60;2021-01-03;1;0;7;0;0.0;0.0
60;2021-01-04;1;0;8;0;0.0;0.0
60;2021-01-05;37;0;45;0;0.0;0.0
60;2021-01-06;188;4;233;4;0.0;0.0
60;2021-01-07;236;4;469;8;0.1;0.0
60;2021-01-08;380;3;849;11;0.1;0.0
60;2021-01-09;3;0;852;11;0.1;0.0
60;2021-01-10;60;0;912;11;0.1;0.0
60;2021-01-11;342;2;1254;13;0.2;0.0
60;2021-01-12;534;2;1788;15;0.2;0.0
60;2021-01-13;476;5;2264;20;0.3;0.0
60;2021-01-14;507;5;2771;25;0.3;0.0
60;2021-01-15;700;6;3471;31;0.4;0.0
60;2021-01-16;124;1;3595;32;0.4;0.0
60;2021-01-17;31;0;3626;32;0.4;0.0
60;2021-01-18;859;5;4485;37;0.5;0.0
60;2021-01-19;1168;10;5653;47;0.7;0.0
60;2021-01-20;1689;13;7342;60;0.9;0.0
60;2021-01-21;2187;10;9529;70;1.2;0.0
60;2021-01-22;1523;13;11052;83;1.3;0.0
60;2021-01-23;499;4;11551;87;1.4;0.0
60;2021-01-24;61;1;11612;88;1.4;0.0
60;2021-01-25;894;14;12506;102;1.5;0.0
60;2021-01-26;950;14;13456;116;1.6;0.0
60;2021-01-27;643;8;14099;124;1.7;0.0
60;2021-01-28;395;168;14494;292;1.8;0.0
60;2021-01-29;77;106;14571;398;1.8;0.0
60;2021-01-30;0;1;14571;399;1.8;0.0
60;2021-01-31;22;61;14593;460;1.8;0.1
60;2021-02-01;38;108;14631;568;1.8;0.1
60;2021-02-02;26;159;14657;727;1.8;0.1
60;2021-02-03;161;237;14818;964;1.8;0.1
60;2021-02-04;170;341;14988;1305;1.8;0.2
60;2021-02-05;313;476;15301;1781;1.9;0.2
60;2021-02-06;63;79;15364;1860;1.9;0.2
60;2021-02-07;31;32;15395;1892;1.9;0.2
60;2021-02-08;328;517;15723;2409;1.9;0.3
60;2021-02-09;317;468;16040;2877;1.9;0.3
60;2021-02-10;552;993;16592;3870;2.0;0.5
60;2021-02-11;936;1129;17528;4999;2.1;0.6
60;2021-02-12;911;858;18439;5857;2.2;0.7
60;2021-02-13;90;308;18529;6165;2.2;0.7
60;2021-02-14;24;91;18553;6256;2.2;0.8
60;2021-02-15;613;810;19166;7066;2.3;0.9
60;2021-02-16;581;927;19747;7993;2.4;1.0
60;2021-02-17;630;929;20377;8922;2.5;1.1
60;2021-02-18;684;826;21061;9748;2.6;1.2
60;2021-02-19;641;768;21702;10516;2.6;1.3
60;2021-02-20;103;190;21805;10706;2.6;1.3
60;2021-02-21;22;121;21827;10827;2.6;1.3
60;2021-02-22;461;875;22288;11702;2.7;1.4
60;2021-02-23;533;788;22821;12490;2.8;1.5
60;2021-02-24;793;552;23614;13042;2.9;1.6
60;2021-02-25;1095;312;24709;13354;3.0;1.6
60;2021-02-26;1298;185;26007;13539;3.2;1.6
60;2021-02-27;666;35;26673;13574;3.2;1.6
60;2021-02-28;7;10;26680;13584;3.2;1.6
60;2021-03-01;893;48;27573;13632;3.3;1.7
60;2021-03-02;1013;164;28586;13796;3.5;1.7
60;2021-03-03;1320;446;29906;14242;3.6;1.7
60;2021-03-04;1724;518;31630;14760;3.8;1.8
60;2021-03-05;1820;287;33450;15047;4.1;1.8
60;2021-03-06;1919;136;35369;15183;4.3;1.8
60;2021-03-07;885;30;36254;15213;4.4;1.8
60;2021-03-08;977;314;37231;15527;4.5;1.9
60;2021-03-09;1642;356;38873;15883;4.7;1.9
60;2021-03-10;1937;426;40810;16309;4.9;2.0
60;2021-03-11;2324;383;43134;16692;5.2;2.0
60;2021-03-12;2591;543;45725;17235;5.5;2.1
60;2021-03-13;3837;207;49562;17442;6.0;2.1
60;2021-03-14;1779;58;51341;17500;6.2;2.1
60;2021-03-15;2091;502;53432;18002;6.5;2.2
60;2021-03-16;1583;623;55015;18625;6.7;2.3
60;2021-03-17;1657;616;56672;19241;6.9;2.3
60;2021-03-18;1759;735;58431;19976;7.1;2.4
60;2021-03-19;2590;527;61021;20503;7.4;2.5
60;2021-03-20;3235;189;64256;20692;7.8;2.5
60;2021-03-21;2125;98;66381;20790;8.0;2.5
60;2021-03-22;2132;711;68513;21501;8.3;2.6
60;2021-03-23;3307;723;71820;22224;8.7;2.7
60;2021-03-24;3069;877;74889;23101;9.1;2.8
60;2021-03-25;3849;844;78738;23945;9.5;2.9
60;2021-03-26;4216;871;82954;24816;10.1;3.0
60;2021-03-27;4141;309;87095;25125;10.6;3.0
60;2021-03-28;2448;77;89543;25202;10.9;3.1
60;2021-03-29;2608;1083;92151;26285;11.2;3.2
60;2021-03-30;3284;1068;95435;27353;11.6;3.3
60;2021-03-31;2669;1143;98104;28496;11.9;3.5
60;2021-04-01;2562;1105;100666;29601;12.2;3.6
60;2021-04-02;3308;1097;103974;30698;12.6;3.7
60;2021-04-03;3168;1010;107142;31708;13.0;3.8
60;2021-04-04;875;484;108017;32192;13.1;3.9
60;2021-04-05;458;81;108475;32273;13.1;3.9
60;2021-04-06;1964;1623;110439;33896;13.4;4.1
60;2021-04-07;1982;1749;112421;35645;13.6;4.3
60;2021-04-08;2613;1493;115034;37138;13.9;4.5
60;2021-04-09;2997;1516;118031;38654;14.3;4.7
60;2021-04-10;2928;1589;120959;40243;14.7;4.9
60;2021-04-11;1049;993;122008;41236;14.8;5.0
60;2021-04-12;2047;1720;124055;42956;15.0;5.2
60;2021-04-13;2747;1785;126802;44741;15.4;5.4
60;2021-04-14;3116;1811;129918;46552;15.7;5.6
60;2021-04-15;3545;1884;133463;48436;16.2;5.9
60;2021-04-16;3286;1947;136749;50383;16.6;6.1
60;2021-04-17;2847;2169;139596;52552;16.9;6.4
60;2021-04-18;573;1834;140169;54386;17.0;6.6
60;2021-04-19;1742;2211;141911;56597;17.2;6.9
60;2021-04-20;2128;2676;144039;59273;17.5;7.2
60;2021-04-21;2653;2205;146692;61478;17.8;7.5
60;2021-04-22;2630;2509;149322;63987;18.1;7.8
60;2021-04-23;2647;2500;151969;66487;18.4;8.1
60;2021-04-24;2471;3458;154440;69945;18.7;8.5
60;2021-04-25;1160;1963;155600;71908;18.9;8.7
60;2021-04-26;1890;2527;157490;74435;19.1;9.0
60;2021-04-27;2310;2847;159800;77282;19.4;9.4
60;2021-04-28;3063;2398;162863;79680;19.7;9.7
60;2021-04-29;3151;2627;166014;82307;20.1;10.0
60;2021-04-30;3459;2969;169473;85276;20.5;10.3
60;2021-05-01;2354;1124;171827;86400;20.8;10.5
60;2021-05-02;2147;841;173974;87241;21.1;10.6
60;2021-05-03;2955;1853;176929;89094;21.4;10.8
60;2021-05-04;3018;2355;179947;91449;21.8;11.1
60;2021-05-05;3256;2807;183203;94256;22.2;11.4
60;2021-05-06;3649;2478;186852;96734;22.6;11.7
60;2021-05-07;3986;2524;190838;99258;23.1;12.0
60;2021-05-08;3585;970;194423;100228;23.6;12.1
60;2021-05-09;3459;950;197882;101178;24.0;12.3
60;2021-05-10;2391;2293;200273;103471;24.3;12.5
60;2021-05-11;3667;2466;203940;105937;24.7;12.8
60;2021-05-12;4718;2547;208658;108484;25.3;13.1
60;2021-05-13;5292;1124;213950;109608;25.9;13.3
60;2021-05-14;5605;1809;219555;111417;26.6;13.5
60;2021-05-15;6172;1710;225727;113127;27.4;13.7
60;2021-05-16;4861;689;230588;113816;27.9;13.8
60;2021-05-17;3715;1672;234303;115488;28.4;14.0
60;2021-05-18;4048;2079;238351;117567;28.9;14.2
60;2021-05-19;5096;1852;243447;119419;29.5;14.5
60;2021-05-20;5458;1796;248905;121215;30.2;14.7
60;2021-05-21;5972;1973;254877;123188;30.9;14.9
60;2021-05-22;5356;1983;260233;125171;31.5;15.2
60;2021-05-23;4268;655;264501;125826;32.1;15.3
60;2021-05-24;2950;533;267451;126359;32.4;15.3
60;2021-05-25;4139;2001;271590;128360;32.9;15.6
60;2021-05-26;4466;1831;276056;130191;33.5;15.8
60;2021-05-27;4613;1996;280669;132187;34.0;16.0
60;2021-05-28;4626;2510;285295;134697;34.6;16.3
60;2021-05-29;4612;2272;289907;136969;35.1;16.6
60;2021-05-30;1086;351;290993;137320;35.3;16.6
60;2021-05-31;3830;2081;294823;139401;35.7;16.9
60;2021-06-01;4442;2851;299265;142252;36.3;17.2
60;2021-06-02;3910;2447;303175;144699;36.7;17.5
60;2021-06-03;3906;2377;307081;147076;37.2;17.8
60;2021-06-04;4653;2904;311734;149980;37.8;18.2
60;2021-06-05;4303;3418;316037;153398;38.3;18.6
60;2021-06-06;2157;795;318194;154193;38.6;18.7
60;2021-06-07;2777;2754;320971;156947;38.9;19.0
60;2021-06-08;3799;3008;324770;159955;39.4;19.4
60;2021-06-09;3244;3398;328014;163353;39.8;19.8
60;2021-06-10;3451;3366;331465;166719;40.2;20.2
60;2021-06-11;3881;4197;335346;170916;40.6;20.7
60;2021-06-12;3779;4276;339125;175192;41.1;21.2
60;2021-06-13;1156;2225;340281;177417;41.2;21.5
60;2021-06-14;1907;3305;342188;180722;41.5;21.9
60;2021-06-15;3014;4167;345202;184889;41.8;22.4
60;2021-06-16;3252;4491;348454;189380;42.2;23.0
60;2021-06-17;2978;4784;351432;194164;42.6;23.5
60;2021-06-18;2985;4602;354417;198766;43.0;24.1
60;2021-06-19;3142;4724;357559;203490;43.3;24.7
60;2021-06-20;1430;1935;358989;205425;43.5;24.9
60;2021-06-21;1408;4039;360397;209464;43.7;25.4
60;2021-06-22;1759;5293;362156;214757;43.9;26.0
60;2021-06-23;1860;5239;364016;219996;44.1;26.7
60;2021-06-24;1805;5603;365821;225599;44.3;27.3
60;2021-06-25;1902;5727;367723;231326;44.6;28.0
60;2021-06-26;1855;6981;369578;238307;44.8;28.9
60;2021-06-27;714;2593;370292;240900;44.9;29.2
60;2021-06-28;1780;4142;372072;245042;45.1;29.7
60;2021-06-29;2011;5465;374083;250507;45.3;30.4
60;2021-06-30;2286;5357;376369;255864;45.6;31.0
60;2021-07-01;1885;4919;378254;260783;45.8;31.6
60;2021-07-02;2367;5881;380621;266664;46.1;32.3
60;2021-07-03;2398;6169;383019;272833;46.4;33.1
60;2021-07-04;792;2726;383811;275559;46.5;33.4
60;2021-07-05;1651;4397;385462;279956;46.7;33.9
60;2021-07-06;2139;4500;387601;284456;47.0;34.5
60;2021-07-07;2172;5121;389773;289577;47.2;35.1
60;2021-07-08;2669;4696;392442;294273;47.6;35.7
60;2021-07-09;2639;5558;395081;299831;47.9;36.3
60;2021-07-10;2577;5876;397658;305707;48.2;37.1
60;2021-07-11;1214;1944;398872;307651;48.3;37.3
60;2021-07-12;1428;4746;400300;312397;48.5;37.9
60;2021-07-13;2908;5023;403208;317420;48.9;38.5
60;2021-07-14;2576;1408;405784;318828;49.2;38.6
60;2021-07-15;3424;4875;409208;323703;49.6;39.2
60;2021-07-16;3674;5244;412882;328947;50.0;39.9
60;2021-07-17;4069;5141;416951;334088;50.5;40.5
60;2021-07-18;2180;2122;419131;336210;50.8;40.7
60;2021-07-19;2535;3903;421666;340113;51.1;41.2
60;2021-07-20;4172;4898;425838;345011;51.6;41.8
60;2021-07-21;4325;4272;430163;349283;52.1;42.3
60;2021-07-22;4616;4328;434779;353611;52.7;42.9
60;2021-07-23;4963;4892;439742;358503;53.3;43.5
60;2021-07-24;4301;4665;444043;363168;53.8;44.0
60;2021-07-25;2596;1820;446639;364988;54.1;44.2
60;2021-07-26;3359;3756;449998;368744;54.5;44.7
60;2021-07-27;4412;4628;454410;373372;55.1;45.3
60;2021-07-28;4525;3758;458935;377130;55.6;45.7
60;2021-07-29;4889;3700;463824;380830;56.2;46.2
60;2021-07-30;5001;4244;468825;385074;56.8;46.7
60;2021-07-31;4046;3953;472871;389027;57.3;47.2
60;2021-08-01;1679;859;474550;389886;57.5;47.3
60;2021-08-02;3161;2748;477711;392634;57.9;47.6
60;2021-08-03;3574;2887;481285;395521;58.3;47.9
60;2021-08-04;3290;2782;484575;398303;58.7;48.3
60;2021-08-05;3015;2248;487590;400551;59.1;48.5
60;2021-08-06;3811;3054;491401;403605;59.6;48.9
60;2021-08-07;3361;3061;494762;406666;60.0;49.3
60;2021-08-08;1532;899;496294;407565;60.2;49.4
60;2021-08-09;2190;2849;498484;410414;60.4;49.7
60;2021-08-10;3214;3290;501698;413704;60.8;50.1
60;2021-08-11;2778;3209;504476;416913;61.1;50.5
61;2020-12-27;0;0;0;0;0.0;0.0
61;2020-12-28;0;0;0;0;0.0;0.0
61;2020-12-29;0;0;0;0;0.0;0.0
61;2020-12-30;0;0;0;0;0.0;0.0
61;2020-12-31;0;0;0;0;0.0;0.0
61;2021-01-01;1;0;1;0;0.0;0.0
61;2021-01-02;1;0;2;0;0.0;0.0
61;2021-01-03;0;0;2;0;0.0;0.0
61;2021-01-04;1;0;3;0;0.0;0.0
61;2021-01-05;3;0;6;0;0.0;0.0
61;2021-01-06;76;0;82;0;0.0;0.0
61;2021-01-07;175;2;257;2;0.1;0.0
61;2021-01-08;406;1;663;3;0.2;0.0
61;2021-01-09;165;1;828;4;0.3;0.0
61;2021-01-10;49;0;877;4;0.3;0.0
61;2021-01-11;396;1;1273;5;0.5;0.0
61;2021-01-12;680;2;1953;7;0.7;0.0
61;2021-01-13;739;1;2692;8;1.0;0.0
61;2021-01-14;528;8;3220;16;1.2;0.0
61;2021-01-15;538;4;3758;20;1.4;0.0
61;2021-01-16;289;1;4047;21;1.5;0.0
61;2021-01-17;833;7;4880;28;1.8;0.0
61;2021-01-18;1913;3;6793;31;2.5;0.0
61;2021-01-19;1323;4;8116;35;2.9;0.0
61;2021-01-20;683;0;8799;35;3.2;0.0
61;2021-01-21;844;1;9643;36;3.5;0.0
61;2021-01-22;764;1;10407;37;3.8;0.0
61;2021-01-23;256;2;10663;39;3.9;0.0
61;2021-01-24;228;0;10891;39;3.9;0.0
61;2021-01-25;578;2;11469;41;4.1;0.0
61;2021-01-26;555;0;12024;41;4.3;0.0
61;2021-01-27;569;14;12593;55;4.5;0.0
61;2021-01-28;464;53;13057;108;4.7;0.0
61;2021-01-29;479;204;13536;312;4.9;0.1
61;2021-01-30;212;3;13748;315;5.0;0.1
61;2021-01-31;106;0;13854;315;5.0;0.1
61;2021-02-01;430;190;14284;505;5.2;0.2
61;2021-02-02;387;424;14671;929;5.3;0.3
61;2021-02-03;412;490;15083;1419;5.4;0.5
61;2021-02-04;389;338;15472;1757;5.6;0.6
61;2021-02-05;538;361;16010;2118;5.8;0.8
61;2021-02-06;196;91;16206;2209;5.9;0.8
61;2021-02-07;45;200;16251;2409;5.9;0.9
61;2021-02-08;540;1409;16791;3818;6.1;1.4
61;2021-02-09;404;808;17195;4626;6.2;1.7
61;2021-02-10;277;560;17472;5186;6.3;1.9
61;2021-02-11;432;563;17904;5749;6.5;2.1
61;2021-02-12;402;737;18306;6486;6.6;2.3
61;2021-02-13;132;431;18438;6917;6.7;2.5
61;2021-02-14;2;315;18440;7232;6.7;2.6
61;2021-02-15;171;846;18611;8078;6.7;2.9
61;2021-02-16;203;682;18814;8760;6.8;3.2
61;2021-02-17;44;639;18858;9399;6.8;3.4
61;2021-02-18;161;526;19019;9925;6.9;3.6
61;2021-02-19;101;391;19120;10316;6.9;3.7
61;2021-02-20;40;240;19160;10556;6.9;3.8
61;2021-02-21;1;155;19161;10711;6.9;3.9
61;2021-02-22;88;567;19249;11278;7.0;4.1
61;2021-02-23;114;495;19363;11773;7.0;4.3
61;2021-02-24;173;572;19536;12345;7.1;4.5
61;2021-02-25;265;446;19801;12791;7.2;4.6
61;2021-02-26;266;464;20067;13255;7.2;4.8
61;2021-02-27;109;225;20176;13480;7.3;4.9
61;2021-02-28;4;121;20180;13601;7.3;4.9
61;2021-03-01;217;611;20397;14212;7.4;5.1
61;2021-03-02;148;699;20545;14911;7.4;5.4
61;2021-03-03;142;448;20687;15359;7.5;5.5
61;2021-03-04;431;445;21118;15804;7.6;5.7
61;2021-03-05;701;295;21819;16099;7.9;5.8
61;2021-03-06;435;230;22254;16329;8.0;5.9
61;2021-03-07;155;2;22409;16331;8.1;5.9
61;2021-03-08;299;314;22708;16645;8.2;6.0
61;2021-03-09;622;185;23330;16830;8.4;6.1
61;2021-03-10;672;186;24002;17016;8.7;6.1
61;2021-03-11;1121;128;25123;17144;9.1;6.2
61;2021-03-12;1467;101;26590;17245;9.6;6.2
61;2021-03-13;774;52;27364;17297;9.9;6.2
61;2021-03-14;226;5;27590;17302;10.0;6.2
61;2021-03-15;814;34;28404;17336;10.3;6.3
61;2021-03-16;720;22;29124;17358;10.5;6.3
61;2021-03-17;760;13;29884;17371;10.8;6.3
61;2021-03-18;857;24;30741;17395;11.1;6.3
61;2021-03-19;1026;46;31767;17441;11.5;6.3
61;2021-03-20;471;14;32238;17455;11.6;6.3
61;2021-03-21;71;2;32309;17457;11.7;6.3
61;2021-03-22;796;87;33105;17544;12.0;6.3
61;2021-03-23;920;39;34025;17583;12.3;6.3
61;2021-03-24;1372;66;35397;17649;12.8;6.4
61;2021-03-25;1875;58;37272;17707;13.5;6.4
61;2021-03-26;1795;39;39067;17746;14.1;6.4
61;2021-03-27;1083;18;40150;17764;14.5;6.4
61;2021-03-28;359;9;40509;17773;14.6;6.4
61;2021-03-29;1271;181;41780;17954;15.1;6.5
61;2021-03-30;1471;95;43251;18049;15.6;6.5
61;2021-03-31;1686;48;44937;18097;16.2;6.5
61;2021-04-01;2048;222;46985;18319;17.0;6.6
61;2021-04-02;1516;429;48501;18748;17.5;6.8
61;2021-04-03;638;288;49139;19036;17.7;6.9
61;2021-04-04;193;1;49332;19037;17.8;6.9
61;2021-04-05;532;8;49864;19045;18.0;6.9
61;2021-04-06;1354;619;51218;19664;18.5;7.1
61;2021-04-07;1697;664;52915;20328;19.1;7.3
61;2021-04-08;2268;825;55183;21153;19.9;7.6
61;2021-04-09;2136;833;57319;21986;20.7;7.9
61;2021-04-10;1533;485;58852;22471;21.3;8.1
61;2021-04-11;238;197;59090;22668;21.3;8.2
61;2021-04-12;1289;735;60379;23403;21.8;8.5
61;2021-04-13;1741;703;62120;24106;22.4;8.7
61;2021-04-14;1731;785;63851;24891;23.1;9.0
61;2021-04-15;2265;778;66116;25669;23.9;9.3
61;2021-04-16;2224;684;68340;26353;24.7;9.5
61;2021-04-17;1486;319;69826;26672;25.2;9.6
61;2021-04-18;538;99;70364;26771;25.4;9.7
61;2021-04-19;938;745;71302;27516;25.7;9.9
61;2021-04-20;1524;783;72826;28299;26.3;10.2
61;2021-04-21;1351;1039;74177;29338;26.8;10.6
61;2021-04-22;1293;1217;75470;30555;27.3;11.0
61;2021-04-23;1219;1150;76689;31705;27.7;11.4
61;2021-04-24;1437;816;78126;32521;28.2;11.7
61;2021-04-25;361;330;78487;32851;28.3;11.9
61;2021-04-26;670;1142;79157;33993;28.6;12.3
61;2021-04-27;1464;1145;80621;35138;29.1;12.7
61;2021-04-28;1387;1387;82008;36525;29.6;13.2
61;2021-04-29;1252;1857;83260;38382;30.1;13.9
61;2021-04-30;1720;1172;84980;39554;30.7;14.3
61;2021-05-01;788;320;85768;39874;31.0;14.4
61;2021-05-02;438;225;86206;40099;31.1;14.5
61;2021-05-03;842;1248;87048;41347;31.4;14.9
61;2021-05-04;1326;1752;88374;43099;31.9;15.6
61;2021-05-05;1013;2029;89387;45128;32.3;16.3
61;2021-05-06;1771;2212;91158;47340;32.9;17.1
61;2021-05-07;1378;1965;92536;49305;33.4;17.8
61;2021-05-08;927;471;93463;49776;33.8;18.0
61;2021-05-09;393;291;93856;50067;33.9;18.1
61;2021-05-10;987;1755;94843;51822;34.3;18.7
61;2021-05-11;1374;1514;96217;53336;34.7;19.3
61;2021-05-12;1870;1590;98087;54926;35.4;19.8
61;2021-05-13;889;490;98976;55416;35.7;20.0
61;2021-05-14;1851;1192;100827;56608;36.4;20.4
61;2021-05-15;2098;1118;102925;57726;37.2;20.8
61;2021-05-16;984;300;103909;58026;37.5;21.0
61;2021-05-17;1312;913;105221;58939;38.0;21.3
61;2021-05-18;2423;891;107644;59830;38.9;21.6
61;2021-05-19;2402;800;110046;60630;39.7;21.9
61;2021-05-20;2214;811;112260;61441;40.5;22.2
61;2021-05-21;2148;856;114408;62297;41.3;22.5
61;2021-05-22;1778;717;116186;63014;42.0;22.8
61;2021-05-23;714;53;116900;63067;42.2;22.8
61;2021-05-24;913;110;117813;63177;42.5;22.8
61;2021-05-25;1992;921;119805;64098;43.3;23.1
61;2021-05-26;2038;927;121843;65025;44.0;23.5
61;2021-05-27;2039;1094;123882;66119;44.7;23.9
61;2021-05-28;2052;1378;125934;67497;45.5;24.4
61;2021-05-29;1462;554;127396;68051;46.0;24.6
61;2021-05-30;450;44;127846;68095;46.2;24.6
61;2021-05-31;1560;937;129406;69032;46.7;24.9
61;2021-06-01;1874;1387;131280;70419;47.4;25.4
61;2021-06-02;1675;1136;132955;71555;48.0;25.8
61;2021-06-03;2248;1109;135203;72664;48.8;26.2
61;2021-06-04;1894;1344;137097;74008;49.5;26.7
61;2021-06-05;1667;1239;138764;75247;50.1;27.2
61;2021-06-06;318;230;139082;75477;50.2;27.3
61;2021-06-07;2188;868;141270;76345;51.0;27.6
61;2021-06-08;1846;1570;143116;77915;51.7;28.1
61;2021-06-09;1974;1184;145090;79099;52.4;28.6
61;2021-06-10;1973;1189;147063;80288;53.1;29.0
61;2021-06-11;1820;1577;148883;81865;53.8;29.6
61;2021-06-12;1423;998;150306;82863;54.3;29.9
61;2021-06-13;340;377;150646;83240;54.4;30.1
61;2021-06-14;1106;1189;151752;84429;54.8;30.5
61;2021-06-15;1212;1695;152964;86124;55.2;31.1
61;2021-06-16;1109;1361;154073;87485;55.6;31.6
61;2021-06-17;1018;1729;155091;89214;56.0;32.2
61;2021-06-18;1520;1668;156611;90882;56.6;32.8
61;2021-06-19;1243;1303;157854;92185;57.0;33.3
61;2021-06-20;289;345;158143;92530;57.1;33.4
61;2021-06-21;809;1627;158952;94157;57.4;34.0
61;2021-06-22;1023;1683;159975;95840;57.8;34.6
61;2021-06-23;969;2438;160944;98278;58.1;35.5
61;2021-06-24;650;1358;161594;99636;58.4;36.0
61;2021-06-25;839;2168;162433;101804;58.7;36.8
61;2021-06-26;624;1951;163057;103755;58.9;37.5
61;2021-06-27;139;799;163196;104554;58.9;37.8
61;2021-06-28;478;2247;163674;106801;59.1;38.6
61;2021-06-29;700;2858;164374;109659;59.4;39.6
61;2021-06-30;770;2461;165144;112120;59.6;40.5
61;2021-07-01;632;1693;165776;113813;59.9;41.1
61;2021-07-02;837;2497;166613;116310;60.2;42.0
61;2021-07-03;415;1909;167028;118219;60.3;42.7
61;2021-07-04;73;637;167101;118856;60.3;42.9
61;2021-07-05;685;1774;167786;120630;60.6;43.6
61;2021-07-06;990;2796;168776;123426;61.0;44.6
61;2021-07-07;732;2361;169508;125787;61.2;45.4
61;2021-07-08;840;1947;170348;127734;61.5;46.1
61;2021-07-09;722;2376;171070;130110;61.8;47.0
61;2021-07-10;464;1771;171534;131881;61.9;47.6
61;2021-07-11;242;489;171776;132370;62.0;47.8
61;2021-07-12;434;2294;172210;134664;62.2;48.6
61;2021-07-13;640;2490;172850;137154;62.4;49.5
61;2021-07-14;147;334;172997;137488;62.5;49.7
61;2021-07-15;811;2817;173808;140305;62.8;50.7
61;2021-07-16;963;2574;174771;142879;63.1;51.6
61;2021-07-17;702;2232;175473;145111;63.4;52.4
61;2021-07-18;337;367;175810;145478;63.5;52.5
61;2021-07-19;932;2404;176742;147882;63.8;53.4
61;2021-07-20;1319;2356;178061;150238;64.3;54.3
61;2021-07-21;1498;2180;179559;152418;64.8;55.0
61;2021-07-22;1739;2189;181298;154607;65.5;55.8
61;2021-07-23;1782;2301;183080;156908;66.1;56.7
61;2021-07-24;1444;2004;184524;158912;66.6;57.4
61;2021-07-25;323;394;184847;159306;66.8;57.5
61;2021-07-26;1243;1933;186090;161239;67.2;58.2
61;2021-07-27;2397;1584;188487;162823;68.1;58.8
61;2021-07-28;2436;1345;190923;164168;68.9;59.3
61;2021-07-29;2540;1568;193463;165736;69.9;59.9
61;2021-07-30;2384;1390;195847;167126;70.7;60.4
61;2021-07-31;1278;1295;197125;168421;71.2;60.8
61;2021-08-01;495;257;197620;168678;71.4;60.9
61;2021-08-02;1898;1116;199518;169794;72.1;61.3
61;2021-08-03;2444;907;201962;170701;72.9;61.6
61;2021-08-04;2338;779;204300;171480;73.8;61.9
61;2021-08-05;1893;986;206193;172466;74.5;62.3
61;2021-08-06;2145;1153;208338;173619;75.2;62.7
61;2021-08-07;1414;793;209752;174412;75.7;63.0
61;2021-08-08;444;262;210196;174674;75.9;63.1
61;2021-08-09;1297;1102;211493;175776;76.4;63.5
61;2021-08-10;1312;1099;212805;176875;76.9;63.9
61;2021-08-11;1114;1250;213919;178125;77.3;64.3
62;2020-12-27;2;0;2;0;0.0;0.0
62;2020-12-28;2;0;4;0;0.0;0.0
62;2020-12-29;0;0;4;0;0.0;0.0
62;2020-12-30;0;0;4;0;0.0;0.0
62;2020-12-31;0;0;4;0;0.0;0.0
62;2021-01-01;0;0;4;0;0.0;0.0
62;2021-01-02;0;0;4;0;0.0;0.0
62;2021-01-03;0;0;4;0;0.0;0.0
62;2021-01-04;2;0;6;0;0.0;0.0
62;2021-01-05;47;0;53;0;0.0;0.0
62;2021-01-06;123;0;176;0;0.0;0.0
62;2021-01-07;351;0;527;0;0.0;0.0
62;2021-01-08;712;6;1239;6;0.1;0.0
62;2021-01-09;164;1;1403;7;0.1;0.0
62;2021-01-10;84;0;1487;7;0.1;0.0
62;2021-01-11;554;1;2041;8;0.1;0.0
62;2021-01-12;1249;1;3290;9;0.2;0.0
62;2021-01-13;1138;6;4428;15;0.3;0.0
62;2021-01-14;1387;8;5815;23;0.4;0.0
62;2021-01-15;1295;8;7110;31;0.5;0.0
62;2021-01-16;308;3;7418;34;0.5;0.0
62;2021-01-17;107;1;7525;35;0.5;0.0
62;2021-01-18;1664;9;9189;44;0.6;0.0
62;2021-01-19;2100;5;11289;49;0.8;0.0
62;2021-01-20;2055;6;13344;55;0.9;0.0
62;2021-01-21;2228;5;15572;60;1.1;0.0
62;2021-01-22;1832;7;17404;67;1.2;0.0
62;2021-01-23;512;1;17916;68;1.2;0.0
62;2021-01-24;0;0;17916;68;1.2;0.0
62;2021-01-25;1280;7;19196;75;1.3;0.0
62;2021-01-26;1542;15;20738;90;1.4;0.0
62;2021-01-27;1489;174;22227;264;1.5;0.0
62;2021-01-28;4151;347;26378;611;1.8;0.0
62;2021-01-29;2024;335;28402;946;2.0;0.1
62;2021-01-30;159;153;28561;1099;2.0;0.1
62;2021-01-31;22;3;28583;1102;2.0;0.1
62;2021-02-01;46;358;28629;1460;2.0;0.1
62;2021-02-02;59;787;28688;2247;2.0;0.2
62;2021-02-03;44;630;28732;2877;2.0;0.2
62;2021-02-04;81;817;28813;3694;2.0;0.3
62;2021-02-05;79;753;28892;4447;2.0;0.3
62;2021-02-06;26;195;28918;4642;2.0;0.3
62;2021-02-07;237;28;29155;4670;2.0;0.3
62;2021-02-08;130;844;29285;5514;2.0;0.4
62;2021-02-09;226;1097;29511;6611;2.0;0.5
62;2021-02-10;383;1173;29894;7784;2.1;0.5
62;2021-02-11;723;1004;30617;8788;2.1;0.6
62;2021-02-12;966;784;31583;9572;2.2;0.7
62;2021-02-13;159;269;31742;9841;2.2;0.7
62;2021-02-14;0;0;31742;9841;2.2;0.7
62;2021-02-15;665;1274;32407;11115;2.2;0.8
62;2021-02-16;920;1786;33327;12901;2.3;0.9
62;2021-02-17;1074;2128;34401;15029;2.4;1.0
62;2021-02-18;2212;3798;36613;18827;2.5;1.3
62;2021-02-19;2307;2542;38920;21369;2.7;1.5
62;2021-02-20;613;480;39533;21849;2.7;1.5
62;2021-02-21;87;49;39620;21898;2.7;1.5
62;2021-02-22;847;971;40467;22869;2.8;1.6
62;2021-02-23;1420;1217;41887;24086;2.9;1.7
62;2021-02-24;1544;645;43431;24731;3.0;1.7
62;2021-02-25;3167;418;46598;25149;3.2;1.7
62;2021-02-26;2908;341;49506;25490;3.4;1.8
62;2021-02-27;1830;94;51336;25584;3.5;1.8
62;2021-02-28;52;42;51388;25626;3.5;1.8
62;2021-03-01;1320;119;52708;25745;3.6;1.8
62;2021-03-02;3153;175;55861;25920;3.8;1.8
62;2021-03-03;3267;124;59128;26044;4.1;1.8
62;2021-03-04;3806;210;62934;26254;4.3;1.8
62;2021-03-05;4644;219;67578;26473;4.7;1.8
62;2021-03-06;9617;245;77195;26718;5.3;1.8
62;2021-03-07;8073;210;85268;26928;5.9;1.9
62;2021-03-08;2195;258;87463;27186;6.0;1.9
62;2021-03-09;3806;380;91269;27566;6.3;1.9
62;2021-03-10;4230;610;95499;28176;6.6;1.9
62;2021-03-11;5994;1529;101493;29705;7.0;2.0
62;2021-03-12;6635;1411;108128;31116;7.4;2.1
62;2021-03-13;14715;792;122843;31908;8.5;2.2
62;2021-03-14;9582;385;132425;32293;9.1;2.2
62;2021-03-15;3764;1019;136189;33312;9.4;2.3
62;2021-03-16;2734;850;138923;34162;9.6;2.4
62;2021-03-17;2804;729;141727;34891;9.8;2.4
62;2021-03-18;2723;936;144450;35827;9.9;2.5
62;2021-03-19;4779;922;149229;36749;10.3;2.5
62;2021-03-20;11060;593;160289;37342;11.0;2.6
62;2021-03-21;9446;354;169735;37696;11.7;2.6
62;2021-03-22;2941;1105;172676;38801;11.9;2.7
62;2021-03-23;4994;1505;177670;40306;12.2;2.8
62;2021-03-24;4691;1417;182361;41723;12.6;2.9
62;2021-03-25;6553;1475;188914;43198;13.0;3.0
62;2021-03-26;7052;1492;195966;44690;13.5;3.1
62;2021-03-27;12590;723;208556;45413;14.4;3.1
62;2021-03-28;6938;275;215494;45688;14.8;3.1
62;2021-03-29;3472;1208;218966;46896;15.1;3.2
62;2021-03-30;4549;2205;223515;49101;15.4;3.4
62;2021-03-31;4222;2471;227737;51572;15.7;3.5
62;2021-04-01;4972;2767;232709;54339;16.0;3.7
62;2021-04-02;5067;3236;237776;57575;16.4;4.0
62;2021-04-03;8206;3338;245982;60913;16.9;4.2
62;2021-04-04;4578;1926;250560;62839;17.2;4.3
62;2021-04-05;943;466;251503;63305;17.3;4.4
62;2021-04-06;4121;3000;255624;66305;17.6;4.6
62;2021-04-07;5044;3503;260668;69808;17.9;4.8
62;2021-04-08;6482;3980;267150;73788;18.4;5.1
62;2021-04-09;7623;3472;274773;77260;18.9;5.3
62;2021-04-10;6633;8061;281406;85321;19.4;5.9
62;2021-04-11;2810;6902;284216;92223;19.6;6.3
62;2021-04-12;3420;2373;287636;94596;19.8;6.5
62;2021-04-13;6170;3156;293806;97752;20.2;6.7
62;2021-04-14;5303;3065;299109;100817;20.6;6.9
62;2021-04-15;5739;2982;304848;103799;21.0;7.1
62;2021-04-16;5418;3188;310266;106987;21.4;7.4
62;2021-04-17;4360;7359;314626;114346;21.7;7.9
62;2021-04-18;1958;6851;316584;121197;21.8;8.3
62;2021-04-19;2780;1923;319364;123120;22.0;8.5
62;2021-04-20;4148;3888;323512;127008;22.3;8.7
62;2021-04-21;3749;3981;327261;130989;22.5;9.0
62;2021-04-22;3946;5191;331207;136180;22.8;9.4
62;2021-04-23;4056;5308;335263;141488;23.1;9.7
62;2021-04-24;4405;6729;339668;148217;23.4;10.2
62;2021-04-25;1908;3503;341576;151720;23.5;10.4
62;2021-04-26;2224;2433;343800;154153;23.7;10.6
62;2021-04-27;4411;3704;348211;157857;24.0;10.9
62;2021-04-28;4588;4352;352799;162209;24.3;11.2
62;2021-04-29;4789;5878;357588;168087;24.6;11.6
62;2021-04-30;5213;5707;362801;173794;25.0;12.0
62;2021-05-01;5729;3467;368530;177261;25.4;12.2
62;2021-05-02;7821;3136;376351;180397;25.9;12.4
62;2021-05-03;4505;2342;380856;182739;26.2;12.6
62;2021-05-04;5395;4982;386251;187721;26.6;12.9
62;2021-05-05;4734;4837;390985;192558;26.9;13.3
62;2021-05-06;5622;4944;396607;197502;27.3;13.6
62;2021-05-07;7681;4678;404288;202180;27.8;13.9
62;2021-05-08;10645;2306;414933;204486;28.6;14.1
62;2021-05-09;8627;1635;423560;206121;29.2;14.2
62;2021-05-10;4869;4018;428429;210139;29.5;14.5
62;2021-05-11;6413;5039;434842;215178;29.9;14.8
62;2021-05-12;8621;4606;443463;219784;30.5;15.1
62;2021-05-13;9997;1481;453460;221265;31.2;15.2
62;2021-05-14;11880;3402;465340;224667;32.0;15.5
62;2021-05-15;19782;3282;485122;227949;33.4;15.7
62;2021-05-16;16395;1409;501517;229358;34.5;15.8
62;2021-05-17;8181;2662;509698;232020;35.1;16.0
62;2021-05-18;9328;3128;519026;235148;35.7;16.2
62;2021-05-19;8615;2919;527641;238067;36.3;16.4
62;2021-05-20;8341;3844;535982;241911;36.9;16.7
62;2021-05-21;9397;4222;545379;246133;37.5;16.9
62;2021-05-22;17871;3529;563250;249662;38.8;17.2
62;2021-05-23;12378;1144;575628;250806;39.6;17.3
62;2021-05-24;3910;586;579538;251392;39.9;17.3
62;2021-05-25;7221;4088;586759;255480;40.4;17.6
62;2021-05-26;6777;4910;593536;260390;40.9;17.9
62;2021-05-27;6382;5692;599918;266082;41.3;18.3
62;2021-05-28;6520;6766;606438;272848;41.7;18.8
62;2021-05-29;10853;5548;617291;278396;42.5;19.2
62;2021-05-30;4037;984;621328;279380;42.8;19.2
62;2021-05-31;4793;3974;626121;283354;43.1;19.5
62;2021-06-01;6520;6529;632641;289883;43.5;20.0
62;2021-06-02;7434;5813;640075;295696;44.1;20.4
62;2021-06-03;7857;5893;647932;301589;44.6;20.8
62;2021-06-04;7906;6252;655838;307841;45.1;21.2
62;2021-06-05;8274;6230;664112;314071;45.7;21.6
62;2021-06-06;3126;1289;667238;315360;45.9;21.7
62;2021-06-07;4620;3762;671858;319122;46.2;22.0
62;2021-06-08;6207;5897;678065;325019;46.7;22.4
62;2021-06-09;5496;4766;683561;329785;47.1;22.7
62;2021-06-10;5206;5881;688767;335666;47.4;23.1
62;2021-06-11;6211;8874;694978;344540;47.8;23.7
62;2021-06-12;5935;8648;700913;353188;48.2;24.3
62;2021-06-13;3229;3794;704142;356982;48.5;24.6
62;2021-06-14;2606;6776;706748;363758;48.6;25.0
62;2021-06-15;4672;8542;711420;372300;49.0;25.6
62;2021-06-16;5083;7426;716503;379726;49.3;26.1
62;2021-06-17;5234;8040;721737;387766;49.7;26.7
62;2021-06-18;4818;10486;726555;398252;50.0;27.4
62;2021-06-19;5797;13441;732352;411693;50.4;28.3
62;2021-06-20;2100;4371;734452;416064;50.6;28.6
62;2021-06-21;2970;8933;737422;424997;50.8;29.3
62;2021-06-22;3429;10170;740851;435167;51.0;30.0
62;2021-06-23;3388;10319;744239;445486;51.2;30.7
62;2021-06-24;3341;11784;747580;457270;51.5;31.5
62;2021-06-25;3724;15767;751304;473037;51.7;32.6
62;2021-06-26;3546;18426;754850;491463;52.0;33.8
62;2021-06-27;1120;9820;755970;501283;52.0;34.5
62;2021-06-28;1924;8872;757894;510155;52.2;35.1
62;2021-06-29;2966;11461;760860;521616;52.4;35.9
62;2021-06-30;4142;10805;765002;532421;52.7;36.6
62;2021-07-01;4467;10478;769469;542899;53.0;37.4
62;2021-07-02;4149;11977;773618;554876;53.3;38.2
62;2021-07-03;2993;18056;776611;572932;53.5;39.4
62;2021-07-04;1444;9194;778055;582126;53.6;40.1
62;2021-07-05;2413;6924;780468;589050;53.7;40.5
62;2021-07-06;3816;10022;784284;599072;54.0;41.2
62;2021-07-07;3916;8914;788200;607986;54.3;41.8
62;2021-07-08;5242;9097;793442;617083;54.6;42.5
62;2021-07-09;4445;10855;797887;627938;54.9;43.2
62;2021-07-10;4928;11888;802815;639826;55.3;44.0
62;2021-07-11;1334;2088;804149;641914;55.4;44.2
62;2021-07-12;2318;7141;806467;649055;55.5;44.7
62;2021-07-13;5150;12162;811617;661217;55.9;45.5
62;2021-07-14;3623;3157;815240;664374;56.1;45.7
62;2021-07-15;7558;11516;822798;675890;56.6;46.5
62;2021-07-16;7588;11059;830386;686949;57.2;47.3
62;2021-07-17;9644;10306;840030;697255;57.8;48.0
62;2021-07-18;2704;3461;842734;700716;58.0;48.2
62;2021-07-19;5990;7019;848724;707735;58.4;48.7
62;2021-07-20;7912;10724;856636;718459;59.0;49.5
62;2021-07-21;9731;9410;866367;727869;59.6;50.1
62;2021-07-22;9737;9012;876104;736881;60.3;50.7
62;2021-07-23;10570;8413;886674;745294;61.0;51.3
62;2021-07-24;9618;10304;896292;755598;61.7;52.0
62;2021-07-25;5520;1855;901812;757453;62.1;52.1
62;2021-07-26;6206;5382;908018;762835;62.5;52.5
62;2021-07-27;9701;8122;917719;770957;63.2;53.1
62;2021-07-28;10312;7480;928031;778437;63.9;53.6
62;2021-07-29;11878;7630;939909;786067;64.7;54.1
62;2021-07-30;9008;6279;948917;792346;65.3;54.5
62;2021-07-31;6590;4008;955507;796354;65.8;54.8
62;2021-08-01;2331;1096;957838;797450;65.9;54.9
62;2021-08-02;6806;4732;964644;802182;66.4;55.2
62;2021-08-03;8564;7451;973208;809633;67.0;55.7
62;2021-08-04;9415;5437;982623;815070;67.6;56.1
62;2021-08-05;8317;5604;990940;820674;68.2;56.5
62;2021-08-06;7280;5914;998220;826588;68.7;56.9
62;2021-08-07;5450;4932;1003670;831520;69.1;57.2
62;2021-08-08;1872;1297;1005542;832817;69.2;57.3
62;2021-08-09;5215;5022;1010757;837839;69.6;57.7
62;2021-08-10;6155;7315;1016912;845154;70.0;58.2
62;2021-08-11;5331;7333;1022243;852487;70.4;58.7
63;2020-12-27;0;0;0;0;0.0;0.0
63;2020-12-28;1;0;1;0;0.0;0.0
63;2020-12-29;0;0;1;0;0.0;0.0
63;2020-12-30;0;0;1;0;0.0;0.0
63;2020-12-31;0;0;1;0;0.0;0.0
63;2021-01-01;1;0;2;0;0.0;0.0
63;2021-01-02;0;0;2;0;0.0;0.0
63;2021-01-03;1;0;3;0;0.0;0.0
63;2021-01-04;0;0;3;0;0.0;0.0
63;2021-01-05;1;0;4;0;0.0;0.0
63;2021-01-06;4;1;8;1;0.0;0.0
63;2021-01-07;310;0;318;1;0.0;0.0
63;2021-01-08;214;0;532;1;0.1;0.0
63;2021-01-09;91;0;623;1;0.1;0.0
63;2021-01-10;81;0;704;1;0.1;0.0
63;2021-01-11;423;0;1127;1;0.2;0.0
63;2021-01-12;644;1;1771;2;0.3;0.0
63;2021-01-13;863;2;2634;4;0.4;0.0
63;2021-01-14;536;8;3170;12;0.5;0.0
63;2021-01-15;430;2;3600;14;0.5;0.0
63;2021-01-16;157;0;3757;14;0.6;0.0
63;2021-01-17;133;0;3890;14;0.6;0.0
63;2021-01-18;612;2;4502;16;0.7;0.0
63;2021-01-19;863;2;5365;18;0.8;0.0
63;2021-01-20;1045;1;6410;19;1.0;0.0
63;2021-01-21;1009;3;7419;22;1.1;0.0
63;2021-01-22;968;3;8387;25;1.3;0.0
63;2021-01-23;192;0;8579;25;1.3;0.0
63;2021-01-24;164;1;8743;26;1.3;0.0
63;2021-01-25;807;1;9550;27;1.4;0.0
63;2021-01-26;963;2;10513;29;1.6;0.0
63;2021-01-27;1001;5;11514;34;1.7;0.0
63;2021-01-28;1319;66;12833;100;1.9;0.0
63;2021-01-29;1066;66;13899;166;2.1;0.0
63;2021-01-30;68;0;13967;166;2.1;0.0
63;2021-01-31;6;0;13973;166;2.1;0.0
63;2021-02-01;572;182;14545;348;2.2;0.1
63;2021-02-02;885;234;15430;582;2.3;0.1
63;2021-02-03;1472;282;16902;864;2.6;0.1
63;2021-02-04;2117;515;19019;1379;2.9;0.2
63;2021-02-05;1145;272;20164;1651;3.1;0.3
63;2021-02-06;117;0;20281;1651;3.1;0.3
63;2021-02-07;9;1;20290;1652;3.1;0.3
63;2021-02-08;538;408;20828;2060;3.2;0.3
63;2021-02-09;671;436;21499;2496;3.3;0.4
63;2021-02-10;606;603;22105;3099;3.3;0.5
63;2021-02-11;753;468;22858;3567;3.5;0.5
63;2021-02-12;824;810;23682;4377;3.6;0.7
63;2021-02-13;82;1;23764;4378;3.6;0.7
63;2021-02-14;0;65;23764;4443;3.6;0.7
63;2021-02-15;203;790;23967;5233;3.6;0.8
63;2021-02-16;412;1138;24379;6371;3.7;1.0
63;2021-02-17;348;877;24727;7248;3.7;1.1
63;2021-02-18;607;826;25334;8074;3.8;1.2
63;2021-02-19;447;975;25781;9049;3.9;1.4
63;2021-02-20;35;32;25816;9081;3.9;1.4
63;2021-02-21;2;17;25818;9098;3.9;1.4
63;2021-02-22;292;933;26110;10031;4.0;1.5
63;2021-02-23;580;1141;26690;11172;4.0;1.7
63;2021-02-24;698;1425;27388;12597;4.1;1.9
63;2021-02-25;1601;1666;28989;14263;4.4;2.2
63;2021-02-26;1625;1367;30614;15630;4.6;2.4
63;2021-02-27;642;67;31256;15697;4.7;2.4
63;2021-02-28;4;178;31260;15875;4.7;2.4
63;2021-03-01;586;522;31846;16397;4.8;2.5
63;2021-03-02;905;802;32751;17199;5.0;2.6
63;2021-03-03;1035;723;33786;17922;5.1;2.7
63;2021-03-04;1752;496;35538;18418;5.4;2.8
63;2021-03-05;2612;686;38150;19104;5.8;2.9
63;2021-03-06;1550;49;39700;19153;6.0;2.9
63;2021-03-07;511;17;40211;19170;6.1;2.9
63;2021-03-08;967;648;41178;19818;6.2;3.0
63;2021-03-09;1539;1064;42717;20882;6.5;3.2
63;2021-03-10;1649;612;44366;21494;6.7;3.3
63;2021-03-11;3051;888;47417;22382;7.2;3.4
63;2021-03-12;3511;386;50928;22768;7.7;3.4
63;2021-03-13;2049;83;52977;22851;8.0;3.5
63;2021-03-14;61;22;53038;22873;8.0;3.5
63;2021-03-15;1754;366;54792;23239;8.3;3.5
63;2021-03-16;1742;413;56534;23652;8.6;3.6
63;2021-03-17;1638;680;58172;24332;8.8;3.7
63;2021-03-18;1936;745;60108;25077;9.1;3.8
63;2021-03-19;2739;495;62847;25572;9.5;3.9
63;2021-03-20;1121;68;63968;25640;9.7;3.9
63;2021-03-21;50;45;64018;25685;9.7;3.9
63;2021-03-22;1984;257;66002;25942;10.0;3.9
63;2021-03-23;2884;362;68886;26304;10.4;4.0
63;2021-03-24;3219;340;72105;26644;10.9;4.0
63;2021-03-25;4595;387;76700;27031;11.6;4.1
63;2021-03-26;4689;561;81389;27592;12.3;4.2
63;2021-03-27;2454;228;83843;27820;12.7;4.2
63;2021-03-28;1047;83;84890;27903;12.9;4.2
63;2021-03-29;2480;516;87370;28419;13.2;4.3
63;2021-03-30;3282;627;90652;29046;13.7;4.4
63;2021-03-31;2967;750;93619;29796;14.2;4.5
63;2021-04-01;3837;531;97456;30327;14.8;4.6
63;2021-04-02;3483;712;100939;31039;15.3;4.7
63;2021-04-03;1171;182;102110;31221;15.5;4.7
63;2021-04-04;877;27;102987;31248;15.6;4.7
63;2021-04-05;803;85;103790;31333;15.7;4.7
63;2021-04-06;2473;936;106263;32269;16.1;4.9
63;2021-04-07;3207;868;109470;33137;16.6;5.0
63;2021-04-08;4720;1213;114190;34350;17.3;5.2
63;2021-04-09;5313;994;119503;35344;18.1;5.4
63;2021-04-10;2221;478;121724;35822;18.4;5.4
63;2021-04-11;834;37;122558;35859;18.6;5.4
63;2021-04-12;1611;1313;124169;37172;18.8;5.6
63;2021-04-13;1987;1967;126156;39139;19.1;5.9
63;2021-04-14;2628;1435;128784;40574;19.5;6.1
63;2021-04-15;3789;1535;132573;42109;20.1;6.4
63;2021-04-16;2841;2156;135414;44265;20.5;6.7
63;2021-04-17;1233;673;136647;44938;20.7;6.8
63;2021-04-18;802;61;137449;44999;20.8;6.8
63;2021-04-19;1655;2105;139104;47104;21.1;7.1
63;2021-04-20;1701;2300;140805;49404;21.3;7.5
63;2021-04-21;1516;2405;142321;51809;21.6;7.8
63;2021-04-22;1913;2268;144234;54077;21.8;8.2
63;2021-04-23;2018;3114;146252;57191;22.2;8.7
63;2021-04-24;1192;1129;147444;58320;22.3;8.8
63;2021-04-25;554;413;147998;58733;22.4;8.9
63;2021-04-26;1438;2242;149436;60975;22.6;9.2
63;2021-04-27;2312;2612;151748;63587;23.0;9.6
63;2021-04-28;2330;3162;154078;66749;23.3;10.1
63;2021-04-29;2870;2839;156948;69588;23.8;10.5
63;2021-04-30;2862;2820;159810;72408;24.2;11.0
63;2021-05-01;1127;1050;160937;73458;24.4;11.1
63;2021-05-02;897;640;161834;74098;24.5;11.2
63;2021-05-03;2686;2247;164520;76345;24.9;11.6
63;2021-05-04;2877;2678;167397;79023;25.4;12.0
63;2021-05-05;2936;3122;170333;82145;25.8;12.4
63;2021-05-06;3669;3053;174002;85198;26.4;12.9
63;2021-05-07;4032;3539;178034;88737;27.0;13.4
63;2021-05-08;1999;653;180033;89390;27.3;13.5
63;2021-05-09;1802;608;181835;89998;27.5;13.6
63;2021-05-10;4198;2762;186033;92760;28.2;14.0
63;2021-05-11;5337;2760;191370;95520;29.0;14.5
63;2021-05-12;5266;2905;196636;98425;29.8;14.9
63;2021-05-13;4131;698;200767;99123;30.4;15.0
63;2021-05-14;4768;1512;205535;100635;31.1;15.2
63;2021-05-15;3721;984;209256;101619;31.7;15.4
63;2021-05-16;3520;443;212776;102062;32.2;15.5
63;2021-05-17;3897;1989;216673;104051;32.8;15.8
63;2021-05-18;5119;1613;221792;105664;33.6;16.0
63;2021-05-19;5218;1621;227010;107285;34.4;16.2
63;2021-05-20;6795;2082;233805;109367;35.4;16.6
63;2021-05-21;6255;2326;240060;111693;36.4;16.9
63;2021-05-22;3352;846;243412;112539;36.9;17.0
63;2021-05-23;2383;245;245795;112784;37.2;17.1
63;2021-05-24;2638;580;248433;113364;37.6;17.2
63;2021-05-25;4267;2644;252700;116008;38.3;17.6
63;2021-05-26;5449;2416;258149;118424;39.1;17.9
63;2021-05-27;6496;2800;264645;121224;40.1;18.4
63;2021-05-28;5415;3896;270060;125120;40.9;19.0
63;2021-05-29;3360;1502;273420;126622;41.4;19.2
63;2021-05-30;1579;217;274999;126839;41.7;19.2
63;2021-05-31;4148;2285;279147;129124;42.3;19.6
63;2021-06-01;3802;2959;282949;132083;42.9;20.0
63;2021-06-02;3883;2522;286832;134605;43.4;20.4
63;2021-06-03;4901;3145;291733;137750;44.2;20.9
63;2021-06-04;5097;3622;296830;141372;45.0;21.4
63;2021-06-05;2810;1743;299640;143115;45.4;21.7
63;2021-06-06;1307;697;300947;143812;45.6;21.8
63;2021-06-07;3164;2516;304111;146328;46.1;22.2
63;2021-06-08;2877;2754;306988;149082;46.5;22.6
63;2021-06-09;3021;2275;310009;151357;47.0;22.9
63;2021-06-10;3220;2689;313229;154046;47.4;23.3
63;2021-06-11;3098;4049;316327;158095;47.9;23.9
63;2021-06-12;1636;1970;317963;160065;48.2;24.2
63;2021-06-13;479;1096;318442;161161;48.2;24.4
63;2021-06-14;1823;3474;320265;164635;48.5;24.9
63;2021-06-15;2208;3478;322473;168113;48.8;25.5
63;2021-06-16;2569;3313;325042;171426;49.2;26.0
63;2021-06-17;2393;4304;327435;175730;49.6;26.6
63;2021-06-18;2472;5828;329907;181558;50.0;27.5
63;2021-06-19;1629;2833;331536;184391;50.2;27.9
63;2021-06-20;671;2439;332207;186830;50.3;28.3
63;2021-06-21;1270;5388;333477;192218;50.5;29.1
63;2021-06-22;1232;5540;334709;197758;50.7;30.0
63;2021-06-23;1527;4757;336236;202515;50.9;30.7
63;2021-06-24;1925;5382;338161;207897;51.2;31.5
63;2021-06-25;1745;5899;339906;213796;51.5;32.4
63;2021-06-26;1069;3352;340975;217148;51.6;32.9
63;2021-06-27;710;3486;341685;220634;51.8;33.4
63;2021-06-28;1137;5662;342822;226296;51.9;34.3
63;2021-06-29;1226;5159;344048;231455;52.1;35.1
63;2021-06-30;1597;5290;345645;236745;52.4;35.9
63;2021-07-01;1911;8067;347556;244812;52.6;37.1
63;2021-07-02;2048;6541;349604;251353;53.0;38.1
63;2021-07-03;956;2924;350560;254277;53.1;38.5
63;2021-07-04;1044;1883;351604;256160;53.3;38.8
63;2021-07-05;1523;6279;353127;262439;53.5;39.7
63;2021-07-06;1600;4800;354727;267239;53.7;40.5
63;2021-07-07;1964;4083;356691;271322;54.0;41.1
63;2021-07-08;2203;4590;358894;275912;54.4;41.8
63;2021-07-09;1922;5720;360816;281632;54.6;42.7
63;2021-07-10;1526;3410;362342;285042;54.9;43.2
63;2021-07-11;907;1535;363249;286577;55.0;43.4
63;2021-07-12;1576;8703;364825;295280;55.3;44.7
63;2021-07-13;3588;6141;368413;301421;55.8;45.7
63;2021-07-14;3608;1787;372021;303208;56.3;45.9
63;2021-07-15;4381;5034;376402;308242;57.0;46.7
63;2021-07-16;4668;5785;381070;314027;57.7;47.6
63;2021-07-17;3001;2471;384071;316498;58.2;47.9
63;2021-07-18;2818;1089;386889;317587;58.6;48.1
63;2021-07-19;3983;4851;390872;322438;59.2;48.8
63;2021-07-20;4713;5449;395585;327887;59.9;49.7
63;2021-07-21;4766;3978;400351;331865;60.6;50.3
63;2021-07-22;5475;4390;405826;336255;61.5;50.9
63;2021-07-23;5116;4647;410942;340902;62.2;51.6
63;2021-07-24;3633;1945;414575;342847;62.8;51.9
63;2021-07-25;3016;1428;417591;344275;63.2;52.1
63;2021-07-26;3989;3222;421580;347497;63.9;52.6
63;2021-07-27;3852;3146;425432;350643;64.4;53.1
63;2021-07-28;3804;2714;429236;353357;65.0;53.5
63;2021-07-29;4409;3148;433645;356505;65.7;54.0
63;2021-07-30;3784;3573;437429;360078;66.3;54.5
63;2021-07-31;2145;1712;439574;361790;66.6;54.8
63;2021-08-01;1191;829;440765;362619;66.8;54.9
63;2021-08-02;2214;3068;442979;365687;67.1;55.4
63;2021-08-03;2714;3258;445693;368945;67.5;55.9
63;2021-08-04;2799;3233;448492;372178;67.9;56.4
63;2021-08-05;2402;3473;450894;375651;68.3;56.9
63;2021-08-06;2344;4146;453238;379797;68.6;57.5
63;2021-08-07;1296;2795;454534;382592;68.8;57.9
63;2021-08-08;320;1204;454854;383796;68.9;58.1
63;2021-08-09;1827;4211;456681;388007;69.2;58.8
63;2021-08-10;2197;3985;458878;391992;69.5;59.4
63;2021-08-11;2084;3615;460962;395607;69.8;59.9
64;2020-12-27;1;0;1;0;0.0;0.0
64;2020-12-28;2;0;3;0;0.0;0.0
64;2020-12-29;0;0;3;0;0.0;0.0
64;2020-12-30;0;0;3;0;0.0;0.0
64;2020-12-31;0;0;3;0;0.0;0.0
64;2021-01-01;0;0;3;0;0.0;0.0
64;2021-01-02;0;0;3;0;0.0;0.0
64;2021-01-03;0;0;3;0;0.0;0.0
64;2021-01-04;29;0;32;0;0.0;0.0
64;2021-01-05;25;0;57;0;0.0;0.0
64;2021-01-06;188;0;245;0;0.0;0.0
64;2021-01-07;840;0;1085;0;0.2;0.0
64;2021-01-08;879;2;1964;2;0.3;0.0
64;2021-01-09;54;0;2018;2;0.3;0.0
64;2021-01-10;1;0;2019;2;0.3;0.0
64;2021-01-11;540;0;2559;2;0.4;0.0
64;2021-01-12;760;3;3319;5;0.5;0.0
64;2021-01-13;865;2;4184;7;0.6;0.0
64;2021-01-14;1045;3;5229;10;0.8;0.0
64;2021-01-15;929;5;6158;15;0.9;0.0
64;2021-01-16;68;0;6226;15;0.9;0.0
64;2021-01-17;5;0;6231;15;0.9;0.0
64;2021-01-18;942;8;7173;23;1.0;0.0
64;2021-01-19;1441;4;8614;27;1.3;0.0
64;2021-01-20;1617;3;10231;30;1.5;0.0
64;2021-01-21;2602;2;12833;32;1.9;0.0
64;2021-01-22;1648;3;14481;35;2.1;0.0
64;2021-01-23;524;1;15005;36;2.2;0.0
64;2021-01-24;89;0;15094;36;2.2;0.0
64;2021-01-25;971;8;16065;44;2.4;0.0
64;2021-01-26;1355;21;17420;65;2.5;0.0
64;2021-01-27;1240;120;18660;185;2.7;0.0
64;2021-01-28;1648;631;20308;816;3.0;0.1
64;2021-01-29;972;653;21280;1469;3.1;0.2
64;2021-01-30;467;59;21747;1528;3.2;0.2
64;2021-01-31;91;0;21838;1528;3.2;0.2
64;2021-02-01;674;312;22512;1840;3.3;0.3
64;2021-02-02;1133;555;23645;2395;3.5;0.4
64;2021-02-03;1041;630;24686;3025;3.6;0.4
64;2021-02-04;1029;535;25715;3560;3.8;0.5
64;2021-02-05;866;456;26581;4016;3.9;0.6
64;2021-02-06;500;34;27081;4050;4.0;0.6
64;2021-02-07;131;4;27212;4054;4.0;0.6
64;2021-02-08;769;310;27981;4364;4.1;0.6
64;2021-02-09;946;710;28927;5074;4.2;0.7
64;2021-02-10;914;799;29841;5873;4.4;0.9
64;2021-02-11;1201;1491;31042;7364;4.5;1.1
64;2021-02-12;1075;1065;32117;8429;4.7;1.2
64;2021-02-13;225;321;32342;8750;4.7;1.3
64;2021-02-14;37;47;32379;8797;4.7;1.3
64;2021-02-15;221;1129;32600;9926;4.8;1.5
64;2021-02-16;258;1406;32858;11332;4.8;1.7
64;2021-02-17;289;1250;33147;12582;4.9;1.8
64;2021-02-18;507;1719;33654;14301;4.9;2.1
64;2021-02-19;415;1290;34069;15591;5.0;2.3
64;2021-02-20;119;438;34188;16029;5.0;2.3
64;2021-02-21;20;83;34208;16112;5.0;2.4
64;2021-02-22;477;986;34685;17098;5.1;2.5
64;2021-02-23;720;1145;35405;18243;5.2;2.7
64;2021-02-24;731;1016;36136;19259;5.3;2.8
64;2021-02-25;1093;955;37229;20214;5.4;3.0
64;2021-02-26;1217;916;38446;21130;5.6;3.1
64;2021-02-27;864;405;39310;21535;5.8;3.2
64;2021-02-28;42;84;39352;21619;5.8;3.2
64;2021-03-01;764;798;40116;22417;5.9;3.3
64;2021-03-02;1078;917;41194;23334;6.0;3.4
64;2021-03-03;1249;1004;42443;24338;6.2;3.6
64;2021-03-04;1878;1186;44321;25524;6.5;3.7
64;2021-03-05;2195;1068;46516;26592;6.8;3.9
64;2021-03-06;1542;519;48058;27111;7.0;4.0
64;2021-03-07;594;111;48652;27222;7.1;4.0
64;2021-03-08;1533;766;50185;27988;7.3;4.1
64;2021-03-09;2067;851;52252;28839;7.6;4.2
64;2021-03-10;2080;760;54332;29599;8.0;4.3
64;2021-03-11;2970;1075;57302;30674;8.4;4.5
64;2021-03-12;3484;593;60786;31267;8.9;4.6
64;2021-03-13;2255;168;63041;31435;9.2;4.6
64;2021-03-14;232;15;63273;31450;9.3;4.6
64;2021-03-15;2334;226;65607;31676;9.6;4.6
64;2021-03-16;1987;264;67594;31940;9.9;4.7
64;2021-03-17;2068;233;69662;32173;10.2;4.7
64;2021-03-18;2460;202;72122;32375;10.6;4.7
64;2021-03-19;3012;284;75134;32659;11.0;4.8
64;2021-03-20;2466;88;77600;32747;11.4;4.8
64;2021-03-21;1279;24;78879;32771;11.5;4.8
64;2021-03-22;2588;552;81467;33323;11.9;4.9
64;2021-03-23;3197;650;84664;33973;12.4;5.0
64;2021-03-24;3564;702;88228;34675;12.9;5.1
64;2021-03-25;4350;806;92578;35481;13.6;5.2
64;2021-03-26;4421;698;96999;36179;14.2;5.3
64;2021-03-27;2970;425;99969;36604;14.6;5.4
64;2021-03-28;521;56;100490;36660;14.7;5.4
64;2021-03-29;3025;884;103515;37544;15.2;5.5
64;2021-03-30;4135;870;107650;38414;15.8;5.6
64;2021-03-31;3588;783;111238;39197;16.3;5.7
64;2021-04-01;4777;930;116015;40127;17.0;5.9
64;2021-04-02;4437;743;120452;40870;17.6;6.0
64;2021-04-03;2059;583;122511;41453;17.9;6.1
64;2021-04-04;305;49;122816;41502;18.0;6.1
64;2021-04-05;1689;139;124505;41641;18.2;6.1
64;2021-04-06;3656;1387;128161;43028;18.8;6.3
64;2021-04-07;3948;1509;132109;44537;19.3;6.5
64;2021-04-08;5192;1594;137301;46131;20.1;6.8
64;2021-04-09;5892;1629;143193;47760;21.0;7.0
64;2021-04-10;3220;1046;146413;48806;21.4;7.1
64;2021-04-11;445;251;146858;49057;21.5;7.2
64;2021-04-12;4043;1859;150901;50916;22.1;7.5
64;2021-04-13;4463;2162;155364;53078;22.7;7.8
64;2021-04-14;4087;2133;159451;55211;23.3;8.1
64;2021-04-15;4396;2298;163847;57509;24.0;8.4
64;2021-04-16;4294;2255;168141;59764;24.6;8.7
64;2021-04-17;2478;1499;170619;61263;25.0;9.0
64;2021-04-18;1095;1182;171714;62445;25.1;9.1
64;2021-04-19;2730;2445;174444;64890;25.5;9.5
64;2021-04-20;3207;2425;177651;67315;26.0;9.9
64;2021-04-21;3218;2565;180869;69880;26.5;10.2
64;2021-04-22;3386;2776;184255;72656;27.0;10.6
64;2021-04-23;3433;2599;187688;75255;27.5;11.0
64;2021-04-24;2067;1586;189755;76841;27.8;11.2
64;2021-04-25;290;237;190045;77078;27.8;11.3
64;2021-04-26;2658;2652;192703;79730;28.2;11.7
64;2021-04-27;3059;3130;195762;82860;28.7;12.1
64;2021-04-28;3602;3060;199364;85920;29.2;12.6
64;2021-04-29;4649;3450;204013;89370;29.9;13.1
64;2021-04-30;4077;3610;208090;92980;30.5;13.6
64;2021-05-01;1480;1030;209570;94010;30.7;13.8
64;2021-05-02;447;325;210017;94335;30.7;13.8
64;2021-05-03;2909;3494;212926;97829;31.2;14.3
64;2021-05-04;3645;3986;216571;101815;31.7;14.9
64;2021-05-05;3360;4018;219931;105833;32.2;15.5
64;2021-05-06;4110;3986;224041;109819;32.8;16.1
64;2021-05-07;3915;4191;227956;114010;33.4;16.7
64;2021-05-08;2619;1236;230575;115246;33.8;16.9
64;2021-05-09;719;306;231294;115552;33.9;16.9
64;2021-05-10;2863;4238;234157;119790;34.3;17.5
64;2021-05-11;4183;4153;238340;123943;34.9;18.1
64;2021-05-12;4484;3942;242824;127885;35.5;18.7
64;2021-05-13;3198;886;246022;128771;36.0;18.8
64;2021-05-14;5141;3149;251163;131920;36.8;19.3
64;2021-05-15;3525;1867;254688;133787;37.3;19.6
64;2021-05-16;498;225;255186;134012;37.4;19.6
64;2021-05-17;4191;2380;259377;136392;38.0;20.0
64;2021-05-18;5165;2302;264542;138694;38.7;20.3
64;2021-05-19;4978;2163;269520;140857;39.5;20.6
64;2021-05-20;5567;2158;275087;143015;40.3;20.9
64;2021-05-21;5264;2246;280351;145261;41.0;21.3
64;2021-05-22;3581;1509;283932;146770;41.6;21.5
64;2021-05-23;431;207;284363;146977;41.6;21.5
64;2021-05-24;2996;1233;287359;148210;42.1;21.7
64;2021-05-25;4333;2847;291692;151057;42.7;22.1
64;2021-05-26;4353;2715;296045;153772;43.3;22.5
64;2021-05-27;5284;3155;301329;156927;44.1;23.0
64;2021-05-28;4609;3432;305938;160359;44.8;23.5
64;2021-05-29;2810;2115;308748;162474;45.2;23.8
64;2021-05-30;436;204;309184;162678;45.3;23.8
64;2021-05-31;3892;3666;313076;166344;45.8;24.3
64;2021-06-01;5334;3564;318410;169908;46.6;24.9
64;2021-06-02;4938;3177;323348;173085;47.3;25.3
64;2021-06-03;6363;3267;329711;176352;48.3;25.8
64;2021-06-04;5144;4554;334855;180906;49.0;26.5
64;2021-06-05;3482;2525;338337;183431;49.5;26.9
64;2021-06-06;2014;330;340351;183761;49.8;26.9
64;2021-06-07;4127;4329;344478;188090;50.4;27.5
64;2021-06-08;5154;4123;349632;192213;51.2;28.1
64;2021-06-09;5152;3651;354784;195864;51.9;28.7
64;2021-06-10;6173;3142;360957;199006;52.8;29.1
64;2021-06-11;5587;4871;366544;203877;53.7;29.8
64;2021-06-12;3948;2325;370492;206202;54.2;30.2
64;2021-06-13;1555;392;372047;206594;54.5;30.2
64;2021-06-14;3672;4792;375719;211386;55.0;30.9
64;2021-06-15;4576;4707;380295;216093;55.7;31.6
64;2021-06-16;4471;4662;384766;220755;56.3;32.3
64;2021-06-17;3639;4303;388405;225058;56.9;32.9
64;2021-06-18;4424;5173;392829;230231;57.5;33.7
64;2021-06-19;2979;3280;395808;233511;57.9;34.2
64;2021-06-20;880;539;396688;234050;58.1;34.3
64;2021-06-21;2312;5129;399000;239179;58.4;35.0
64;2021-06-22;2558;5729;401558;244908;58.8;35.8
64;2021-06-23;3102;5475;404660;250383;59.2;36.7
64;2021-06-24;2718;3806;407378;254189;59.6;37.2
64;2021-06-25;2901;6435;410279;260624;60.1;38.1
64;2021-06-26;1798;3836;412077;264460;60.3;38.7
64;2021-06-27;492;714;412569;265174;60.4;38.8
64;2021-06-28;1928;6064;414497;271238;60.7;39.7
64;2021-06-29;1953;6260;416450;277498;61.0;40.6
64;2021-06-30;2251;6002;418701;283500;61.3;41.5
64;2021-07-01;2410;5339;421111;288839;61.6;42.3
64;2021-07-02;2294;6405;423405;295244;62.0;43.2
64;2021-07-03;1261;3783;424666;299027;62.2;43.8
64;2021-07-04;410;847;425076;299874;62.2;43.9
64;2021-07-05;1374;5411;426450;305285;62.4;44.7
64;2021-07-06;1988;6150;428438;311435;62.7;45.6
64;2021-07-07;2060;5747;430498;317182;63.0;46.4
64;2021-07-08;1799;4393;432297;321575;63.3;47.1
64;2021-07-09;1816;6535;434113;328110;63.5;48.0
64;2021-07-10;1167;3880;435280;331990;63.7;48.6
64;2021-07-11;253;860;435533;332850;63.8;48.7
64;2021-07-12;1495;6087;437028;338937;64.0;49.6
64;2021-07-13;2359;7249;439387;346186;64.3;50.7
64;2021-07-14;2366;3390;441753;349576;64.7;51.2
64;2021-07-15;2098;5482;443851;355058;65.0;52.0
64;2021-07-16;2827;6777;446678;361835;65.4;53.0
64;2021-07-17;2336;4583;449014;366418;65.7;53.6
64;2021-07-18;709;2051;449723;368469;65.8;53.9
64;2021-07-19;2339;6122;452062;374591;66.2;54.8
64;2021-07-20;3115;6552;455177;381143;66.6;55.8
64;2021-07-21;3314;6045;458491;387188;67.1;56.7
64;2021-07-22;3784;5712;462275;392900;67.7;57.5
64;2021-07-23;3710;5605;465985;398505;68.2;58.3
64;2021-07-24;2530;4424;468515;402929;68.6;59.0
64;2021-07-25;750;1058;469265;403987;68.7;59.1
64;2021-07-26;3062;5122;472327;409109;69.1;59.9
64;2021-07-27;4218;5131;476545;414240;69.8;60.6
64;2021-07-28;4274;4582;480819;418822;70.4;61.3
64;2021-07-29;5485;3876;486304;422698;71.2;61.9
64;2021-07-30;5089;4200;491393;426898;71.9;62.5
64;2021-07-31;3145;3338;494538;430236;72.4;63.0
64;2021-08-01;1140;580;495678;430816;72.6;63.1
64;2021-08-02;4326;2638;500004;433454;73.2;63.4
64;2021-08-03;4506;3156;504510;436610;73.8;63.9
64;2021-08-04;4095;2984;508605;439594;74.4;64.3
64;2021-08-05;3970;2609;512575;442203;75.0;64.7
64;2021-08-06;3801;3335;516376;445538;75.6;65.2
64;2021-08-07;2473;2703;518849;448241;75.9;65.6
64;2021-08-08;487;607;519336;448848;76.0;65.7
64;2021-08-09;2668;3190;522004;452038;76.4;66.2
64;2021-08-10;3268;3423;525272;455461;76.9;66.7
64;2021-08-11;3039;3241;528311;458702;77.3;67.1
65;2020-12-27;0;0;0;0;0.0;0.0
65;2020-12-28;0;0;0;0;0.0;0.0
65;2020-12-29;0;0;0;0;0.0;0.0
65;2020-12-30;0;0;0;0;0.0;0.0
65;2020-12-31;0;0;0;0;0.0;0.0
65;2021-01-01;0;0;0;0;0.0;0.0
65;2021-01-02;0;0;0;0;0.0;0.0
65;2021-01-03;0;0;0;0;0.0;0.0
65;2021-01-04;0;0;0;0;0.0;0.0
65;2021-01-05;1;0;1;0;0.0;0.0
65;2021-01-06;3;0;4;0;0.0;0.0
65;2021-01-07;167;0;171;0;0.1;0.0
65;2021-01-08;253;1;424;1;0.2;0.0
65;2021-01-09;176;1;600;2;0.3;0.0
65;2021-01-10;1;0;601;2;0.3;0.0
65;2021-01-11;275;3;876;5;0.4;0.0
65;2021-01-12;272;1;1148;6;0.5;0.0
65;2021-01-13;587;1;1735;7;0.8;0.0
65;2021-01-14;577;5;2312;12;1.0;0.0
65;2021-01-15;527;2;2839;14;1.3;0.0
65;2021-01-16;221;2;3060;16;1.3;0.0
65;2021-01-17;1;0;3061;16;1.3;0.0
65;2021-01-18;550;6;3611;22;1.6;0.0
65;2021-01-19;570;2;4181;24;1.8;0.0
65;2021-01-20;584;3;4765;27;2.1;0.0
65;2021-01-21;584;0;5349;27;2.4;0.0
65;2021-01-22;596;0;5945;27;2.6;0.0
65;2021-01-23;174;1;6119;28;2.7;0.0
65;2021-01-24;3;1;6122;29;2.7;0.0
65;2021-01-25;551;4;6673;33;2.9;0.0
65;2021-01-26;880;2;7553;35;3.3;0.0
65;2021-01-27;588;12;8141;47;3.6;0.0
65;2021-01-28;505;71;8646;118;3.8;0.1
65;2021-01-29;426;138;9072;256;4.0;0.1
65;2021-01-30;183;74;9255;330;4.1;0.1
65;2021-01-31;15;0;9270;330;4.1;0.1
65;2021-02-01;320;90;9590;420;4.2;0.2
65;2021-02-02;418;195;10008;615;4.4;0.3
65;2021-02-03;463;245;10471;860;4.6;0.4
65;2021-02-04;307;333;10778;1193;4.8;0.5
65;2021-02-05;284;360;11062;1553;4.9;0.7
65;2021-02-06;99;103;11161;1656;4.9;0.7
65;2021-02-07;10;0;11171;1656;4.9;0.7
65;2021-02-08;425;222;11596;1878;5.1;0.8
65;2021-02-09;271;380;11867;2258;5.2;1.0
65;2021-02-10;296;272;12163;2530;5.4;1.1
65;2021-02-11;320;273;12483;2803;5.5;1.2
65;2021-02-12;277;232;12760;3035;5.6;1.3
65;2021-02-13;124;97;12884;3132;5.7;1.4
65;2021-02-14;2;16;12886;3148;5.7;1.4
65;2021-02-15;202;415;13088;3563;5.8;1.6
65;2021-02-16;489;582;13577;4145;6.0;1.8
65;2021-02-17;229;499;13806;4644;6.1;2.0
65;2021-02-18;285;587;14091;5231;6.2;2.3
65;2021-02-19;155;479;14246;5710;6.3;2.5
65;2021-02-20;53;158;14299;5868;6.3;2.6
65;2021-02-21;3;48;14302;5916;6.3;2.6
65;2021-02-22;166;540;14468;6456;6.4;2.8
65;2021-02-23;247;528;14715;6984;6.5;3.1
65;2021-02-24;232;638;14947;7622;6.6;3.4
65;2021-02-25;211;180;15158;7802;6.7;3.4
65;2021-02-26;350;776;15508;8578;6.8;3.8
65;2021-02-27;106;202;15614;8780;6.9;3.9
65;2021-02-28;1;0;15615;8780;6.9;3.9
65;2021-03-01;375;374;15990;9154;7.0;4.0
65;2021-03-02;454;361;16444;9515;7.2;4.2
65;2021-03-03;380;390;16824;9905;7.4;4.4
65;2021-03-04;695;328;17519;10233;7.7;4.5
65;2021-03-05;678;285;18197;10518;8.0;4.6
65;2021-03-06;1187;84;19384;10602;8.5;4.7
65;2021-03-07;258;11;19642;10613;8.7;4.7
65;2021-03-08;412;344;20054;10957;8.8;4.8
65;2021-03-09;668;333;20722;11290;9.1;5.0
65;2021-03-10;625;370;21347;11660;9.4;5.1
65;2021-03-11;781;357;22128;12017;9.8;5.3
65;2021-03-12;1057;189;23185;12206;10.2;5.4
65;2021-03-13;353;92;23538;12298;10.4;5.4
65;2021-03-14;3;31;23541;12329;10.4;5.4
65;2021-03-15;814;183;24355;12512;10.7;5.5
65;2021-03-16;692;217;25047;12729;11.0;5.6
65;2021-03-17;709;208;25756;12937;11.4;5.7
65;2021-03-18;534;232;26290;13169;11.6;5.8
65;2021-03-19;878;162;27168;13331;12.0;5.9
65;2021-03-20;244;45;27412;13376;12.1;5.9
65;2021-03-21;12;2;27424;13378;12.1;5.9
65;2021-03-22;735;154;28159;13532;12.4;6.0
65;2021-03-23;835;367;28994;13899;12.8;6.1
65;2021-03-24;868;252;29862;14151;13.2;6.2
65;2021-03-25;1250;191;31112;14342;13.7;6.3
65;2021-03-26;1221;138;32333;14480;14.3;6.4
65;2021-03-27;1357;87;33690;14567;14.9;6.4
65;2021-03-28;1;2;33691;14569;14.9;6.4
65;2021-03-29;1492;357;35183;14926;15.5;6.6
65;2021-03-30;1357;404;36540;15330;16.1;6.8
65;2021-03-31;1204;367;37744;15697;16.6;6.9
65;2021-04-01;1510;397;39254;16094;17.3;7.1
65;2021-04-02;1683;288;40937;16382;18.0;7.2
65;2021-04-03;247;44;41184;16426;18.2;7.2
65;2021-04-04;4;2;41188;16428;18.2;7.2
65;2021-04-05;158;44;41346;16472;18.2;7.3
65;2021-04-06;1290;493;42636;16965;18.8;7.5
65;2021-04-07;1954;451;44590;17416;19.7;7.7
65;2021-04-08;1636;413;46226;17829;20.4;7.9
65;2021-04-09;1644;470;47870;18299;21.1;8.1
65;2021-04-10;1589;148;49459;18447;21.8;8.1
65;2021-04-11;3;0;49462;18447;21.8;8.1
65;2021-04-12;1348;736;50810;19183;22.4;8.5
65;2021-04-13;1575;590;52385;19773;23.1;8.7
65;2021-04-14;1904;741;54289;20514;23.9;9.0
65;2021-04-15;1699;664;55988;21178;24.7;9.3
65;2021-04-16;1824;529;57812;21707;25.5;9.6
65;2021-04-17;2157;126;59969;21833;26.4;9.6
65;2021-04-18;7;27;59976;21860;26.4;9.6
65;2021-04-19;1337;774;61313;22634;27.0;10.0
65;2021-04-20;1528;705;62841;23339;27.7;10.3
65;2021-04-21;1049;1050;63890;24389;28.2;10.8
65;2021-04-22;1645;724;65535;25113;28.9;11.1
65;2021-04-23;1161;1144;66696;26257;29.4;11.6
65;2021-04-24;1263;605;67959;26862;30.0;11.8
65;2021-04-25;31;15;67990;26877;30.0;11.8
65;2021-04-26;1605;1295;69595;28172;30.7;12.4
65;2021-04-27;1424;1334;71019;29506;31.3;13.0
65;2021-04-28;1729;1023;72748;30529;32.1;13.5
65;2021-04-29;1962;1029;74710;31558;32.9;13.9
65;2021-04-30;1781;924;76491;32482;33.7;14.3
65;2021-05-01;1573;221;78064;32703;34.4;14.4
65;2021-05-02;670;22;78734;32725;34.7;14.4
65;2021-05-03;1283;1620;80017;34345;35.3;15.1
65;2021-05-04;1535;1242;81552;35587;36.0;15.7
65;2021-05-05;1373;1646;82925;37233;36.6;16.4
65;2021-05-06;1556;1177;84481;38410;37.2;16.9
65;2021-05-07;1273;1570;85754;39980;37.8;17.6
65;2021-05-08;1648;442;87402;40422;38.5;17.8
65;2021-05-09;0;90;87402;40512;38.5;17.9
65;2021-05-10;952;1882;88354;42394;39.0;18.7
65;2021-05-11;1058;1811;89412;44205;39.4;19.5
65;2021-05-12;1235;1635;90647;45840;40.0;20.2
65;2021-05-13;1343;166;91990;46006;40.6;20.3
65;2021-05-14;1576;1095;93566;47101;41.2;20.8
65;2021-05-15;1398;510;94964;47611;41.9;21.0
65;2021-05-16;1444;70;96408;47681;42.5;21.0
65;2021-05-17;1036;1615;97444;49296;43.0;21.7
65;2021-05-18;1610;1205;99054;50501;43.7;22.3
65;2021-05-19;1685;1004;100739;51505;44.4;22.7
65;2021-05-20;1844;1052;102583;52557;45.2;23.2
65;2021-05-21;1790;1234;104373;53791;46.0;23.7
65;2021-05-22;1287;637;105660;54428;46.6;24.0
65;2021-05-23;690;32;106350;54460;46.9;24.0
65;2021-05-24;703;77;107053;54537;47.2;24.0
65;2021-05-25;1357;1545;108410;56082;47.8;24.7
65;2021-05-26;1472;1355;109882;57437;48.4;25.3
65;2021-05-27;1620;1458;111502;58895;49.2;26.0
65;2021-05-28;1599;1673;113101;60568;49.9;26.7
65;2021-05-29;1186;1512;114287;62080;50.4;27.4
65;2021-05-30;6;10;114293;62090;50.4;27.4
65;2021-05-31;1323;1300;115616;63390;51.0;27.9
65;2021-06-01;1833;932;117449;64322;51.8;28.4
65;2021-06-02;1575;949;119024;65271;52.5;28.8
65;2021-06-03;1341;1102;120365;66373;53.1;29.3
65;2021-06-04;1789;1561;122154;67934;53.9;29.9
65;2021-06-05;433;1240;122587;69174;54.0;30.5
65;2021-06-06;3;13;122590;69187;54.0;30.5
65;2021-06-07;673;1983;123263;71170;54.3;31.4
65;2021-06-08;956;1537;124219;72707;54.8;32.1
65;2021-06-09;823;1548;125042;74255;55.1;32.7
65;2021-06-10;740;1155;125782;75410;55.4;33.2
65;2021-06-11;910;1808;126692;77218;55.9;34.0
65;2021-06-12;150;639;126842;77857;55.9;34.3
65;2021-06-13;5;7;126847;77864;55.9;34.3
65;2021-06-14;502;2421;127349;80285;56.1;35.4
65;2021-06-15;939;1804;128288;82089;56.6;36.2
65;2021-06-16;1064;1367;129352;83456;57.0;36.8
65;2021-06-17;813;1045;130165;84501;57.4;37.3
65;2021-06-18;1017;1631;131182;86132;57.8;38.0
65;2021-06-19;689;1688;131871;87820;58.1;38.7
65;2021-06-20;2;2;131873;87822;58.1;38.7
65;2021-06-21;741;1938;132614;89760;58.5;39.6
65;2021-06-22;1045;1479;133659;91239;58.9;40.2
65;2021-06-23;1064;1234;134723;92473;59.4;40.8
65;2021-06-24;958;1143;135681;93616;59.8;41.3
65;2021-06-25;831;1966;136512;95582;60.2;42.1
65;2021-06-26;168;1658;136680;97240;60.3;42.9
65;2021-06-27;15;1101;136695;98341;60.3;43.4
65;2021-06-28;445;2302;137140;100643;60.5;44.4
65;2021-06-29;684;1915;137824;102558;60.8;45.2
65;2021-06-30;932;1679;138756;104237;61.2;46.0
65;2021-07-01;603;749;139359;104986;61.4;46.3
65;2021-07-02;1165;1732;140524;106718;61.9;47.0
65;2021-07-03;194;1916;140718;108634;62.0;47.9
65;2021-07-04;415;182;141133;108816;62.2;48.0
65;2021-07-05;640;1992;141773;110808;62.5;48.8
65;2021-07-06;895;2124;142668;112932;62.9;49.8
65;2021-07-07;969;1514;143637;114446;63.3;50.5
65;2021-07-08;325;662;143962;115108;63.5;50.7
65;2021-07-09;548;1594;144510;116702;63.7;51.4
65;2021-07-10;292;956;144802;117658;63.8;51.9
65;2021-07-11;0;0;144802;117658;63.8;51.9
65;2021-07-12;476;2222;145278;119880;64.0;52.8
65;2021-07-13;692;2149;145970;122029;64.3;53.8
65;2021-07-14;210;51;146180;122080;64.4;53.8
65;2021-07-15;1032;1661;147212;123741;64.9;54.6
65;2021-07-16;1177;1878;148389;125619;65.4;55.4
65;2021-07-17;420;540;148809;126159;65.6;55.6
65;2021-07-18;22;12;148831;126171;65.6;55.6
65;2021-07-19;629;1494;149460;127665;65.9;56.3
65;2021-07-20;1436;1699;150896;129364;66.5;57.0
65;2021-07-21;1393;1656;152289;131020;67.1;57.8
65;2021-07-22;2130;1280;154419;132300;68.1;58.3
65;2021-07-23;1572;1790;155991;134090;68.8;59.1
65;2021-07-24;1028;648;157019;134738;69.2;59.4
65;2021-07-25;21;21;157040;134759;69.2;59.4
65;2021-07-26;1111;1243;158151;136002;69.7;60.0
65;2021-07-27;1750;1957;159901;137959;70.5;60.8
65;2021-07-28;1559;1313;161460;139272;71.2;61.4
65;2021-07-29;2808;1124;164268;140396;72.4;61.9
65;2021-07-30;2405;1392;166673;141788;73.5;62.5
65;2021-07-31;2248;345;168921;142133;74.5;62.7
65;2021-08-01;14;16;168935;142149;74.5;62.7
65;2021-08-02;927;830;169862;142979;74.9;63.0
65;2021-08-03;2019;1056;171881;144035;75.8;63.5
65;2021-08-04;1760;630;173641;144665;76.5;63.8
65;2021-08-05;1782;827;175423;145492;77.3;64.1
65;2021-08-06;1641;960;177064;146452;78.1;64.6
65;2021-08-07;718;479;177782;146931;78.4;64.8
65;2021-08-08;2;9;177784;146940;78.4;64.8
65;2021-08-09;670;940;178454;147880;78.7;65.2
65;2021-08-10;1151;1543;179605;149423;79.2;65.9
65;2021-08-11;726;1262;180331;150685;79.5;66.4
66;2020-12-27;0;0;0;0;0.0;0.0
66;2020-12-28;2;0;2;0;0.0;0.0
66;2020-12-29;0;0;2;0;0.0;0.0
66;2020-12-30;0;0;2;0;0.0;0.0
66;2020-12-31;1;0;3;0;0.0;0.0
66;2021-01-01;1;0;4;0;0.0;0.0
66;2021-01-02;0;0;4;0;0.0;0.0
66;2021-01-03;0;0;4;0;0.0;0.0
66;2021-01-04;30;0;34;0;0.0;0.0
66;2021-01-05;135;0;169;0;0.0;0.0
66;2021-01-06;195;0;364;0;0.1;0.0
66;2021-01-07;180;0;544;0;0.1;0.0
66;2021-01-08;212;0;756;0;0.2;0.0
66;2021-01-09;232;0;988;0;0.2;0.0
66;2021-01-10;11;0;999;0;0.2;0.0
66;2021-01-11;404;3;1403;3;0.3;0.0
66;2021-01-12;587;2;1990;5;0.4;0.0
66;2021-01-13;877;6;2867;11;0.6;0.0
66;2021-01-14;892;11;3759;22;0.8;0.0
66;2021-01-15;586;1;4345;23;0.9;0.0
66;2021-01-16;106;2;4451;25;0.9;0.0
66;2021-01-17;46;1;4497;26;0.9;0.0
66;2021-01-18;654;2;5151;28;1.1;0.0
66;2021-01-19;716;3;5867;31;1.2;0.0
66;2021-01-20;1168;3;7035;34;1.5;0.0
66;2021-01-21;2402;3;9437;37;2.0;0.0
66;2021-01-22;1438;8;10875;45;2.3;0.0
66;2021-01-23;399;3;11274;48;2.4;0.0
66;2021-01-24;226;9;11500;57;2.4;0.0
66;2021-01-25;737;40;12237;97;2.6;0.0
66;2021-01-26;786;68;13023;165;2.7;0.0
66;2021-01-27;865;104;13888;269;2.9;0.1
66;2021-01-28;872;128;14760;397;3.1;0.1
66;2021-01-29;816;126;15576;523;3.3;0.1
66;2021-01-30;480;70;16056;593;3.4;0.1
66;2021-01-31;202;27;16258;620;3.4;0.1
66;2021-02-01;562;189;16820;809;3.5;0.2
66;2021-02-02;619;290;17439;1099;3.6;0.2
66;2021-02-03;736;629;18175;1728;3.8;0.4
66;2021-02-04;688;621;18863;2349;3.9;0.5
66;2021-02-05;777;417;19640;2766;4.1;0.6
66;2021-02-06;414;147;20054;2913;4.2;0.6
66;2021-02-07;169;139;20223;3052;4.2;0.6
66;2021-02-08;501;393;20724;3445;4.3;0.7
66;2021-02-09;531;401;21255;3846;4.4;0.8
66;2021-02-10;616;772;21871;4618;4.6;1.0
66;2021-02-11;1104;1572;22975;6190;4.8;1.3
66;2021-02-12;1120;1202;24095;7392;5.0;1.5
66;2021-02-13;366;304;24461;7696;5.1;1.6
66;2021-02-14;111;198;24572;7894;5.1;1.6
66;2021-02-15;425;700;24997;8594;5.2;1.8
66;2021-02-16;304;791;25301;9385;5.3;2.0
66;2021-02-17;379;698;25680;10083;5.4;2.1
66;2021-02-18;366;776;26046;10859;5.4;2.3
66;2021-02-19;400;704;26446;11563;5.5;2.4
66;2021-02-20;184;410;26630;11973;5.6;2.5
66;2021-02-21;41;171;26671;12144;5.6;2.5
66;2021-02-22;416;645;27087;12789;5.7;2.7
66;2021-02-23;509;658;27596;13447;5.8;2.8
66;2021-02-24;340;751;27936;14198;5.8;3.0
66;2021-02-25;718;715;28654;14913;6.0;3.1
66;2021-02-26;953;748;29607;15661;6.2;3.3
66;2021-02-27;363;434;29970;16095;6.3;3.4
66;2021-02-28;59;173;30029;16268;6.3;3.4
66;2021-03-01;378;652;30407;16920;6.3;3.5
66;2021-03-02;335;657;30742;17577;6.4;3.7
66;2021-03-03;528;644;31270;18221;6.5;3.8
66;2021-03-04;991;1056;32261;19277;6.7;4.0
66;2021-03-05;1525;797;33786;20074;7.1;4.2
66;2021-03-06;1145;345;34931;20419;7.3;4.3
66;2021-03-07;1097;97;36028;20516;7.5;4.3
66;2021-03-08;695;545;36723;21061;7.7;4.4
66;2021-03-09;1222;593;37945;21654;7.9;4.5
66;2021-03-10;1300;501;39245;22155;8.2;4.6
66;2021-03-11;1475;595;40720;22750;8.5;4.7
66;2021-03-12;2393;578;43113;23328;9.0;4.9
66;2021-03-13;1081;306;44194;23634;9.2;4.9
66;2021-03-14;190;83;44384;23717;9.3;5.0
66;2021-03-15;1109;392;45493;24109;9.5;5.0
66;2021-03-16;952;260;46445;24369;9.7;5.1
66;2021-03-17;866;395;47311;24764;9.9;5.2
66;2021-03-18;968;344;48279;25108;10.1;5.2
66;2021-03-19;1292;317;49571;25425;10.3;5.3
66;2021-03-20;837;121;50408;25546;10.5;5.3
66;2021-03-21;185;44;50593;25590;10.6;5.3
66;2021-03-22;1110;395;51703;25985;10.8;5.4
66;2021-03-23;1756;388;53459;26373;11.2;5.5
66;2021-03-24;1793;517;55252;26890;11.5;5.6
66;2021-03-25;2535;468;57787;27358;12.1;5.7
66;2021-03-26;2577;358;60364;27716;12.6;5.8
66;2021-03-27;1208;295;61572;28011;12.9;5.8
66;2021-03-28;321;3;61893;28014;12.9;5.8
66;2021-03-29;1829;256;63722;28270;13.3;5.9
66;2021-03-30;2239;172;65961;28442;13.8;5.9
66;2021-03-31;1985;250;67946;28692;14.2;6.0
66;2021-04-01;2671;304;70617;28996;14.7;6.1
66;2021-04-02;2420;255;73037;29251;15.2;6.1
66;2021-04-03;1148;335;74185;29586;15.5;6.2
66;2021-04-04;107;127;74292;29713;15.5;6.2
66;2021-04-05;195;142;74487;29855;15.6;6.2
66;2021-04-06;1331;650;75818;30505;15.8;6.4
66;2021-04-07;1396;595;77214;31100;16.1;6.5
66;2021-04-08;2069;546;79283;31646;16.6;6.6
66;2021-04-09;3475;659;82758;32305;17.3;6.7
66;2021-04-10;2307;522;85065;32827;17.8;6.9
66;2021-04-11;1200;166;86265;32993;18.0;6.9
66;2021-04-12;2701;1021;88966;34014;18.6;7.1
66;2021-04-13;3608;1058;92574;35072;19.3;7.3
66;2021-04-14;3291;923;95865;35995;20.0;7.5
66;2021-04-15;3552;1046;99417;37041;20.8;7.7
66;2021-04-16;3591;1034;103008;38075;21.5;7.9
66;2021-04-17;2262;587;105270;38662;22.0;8.1
66;2021-04-18;1445;131;106715;38793;22.3;8.1
66;2021-04-19;2257;1120;108972;39913;22.7;8.3
66;2021-04-20;2370;1080;111342;40993;23.2;8.6
66;2021-04-21;2868;1179;114210;42172;23.8;8.8
66;2021-04-22;2655;1228;116865;43400;24.4;9.1
66;2021-04-23;2379;1234;119244;44634;24.9;9.3
66;2021-04-24;2744;874;121988;45508;25.5;9.5
66;2021-04-25;1207;267;123195;45775;25.7;9.6
66;2021-04-26;1995;1252;125190;47027;26.1;9.8
66;2021-04-27;2748;1298;127938;48325;26.7;10.1
66;2021-04-28;2419;1664;130357;49989;27.2;10.4
66;2021-04-29;2701;2126;133058;52115;27.8;10.9
66;2021-04-30;3055;1558;136113;53673;28.4;11.2
66;2021-05-01;2001;468;138114;54141;28.8;11.3
66;2021-05-02;1529;263;139643;54404;29.2;11.4
66;2021-05-03;2938;1110;142581;55514;29.8;11.6
66;2021-05-04;3170;1342;145751;56856;30.4;11.9
66;2021-05-05;3052;1540;148803;58396;31.1;12.2
66;2021-05-06;3757;2078;152560;60474;31.8;12.6
66;2021-05-07;2967;3082;155527;63556;32.5;13.3
66;2021-05-08;1731;1170;157258;64726;32.8;13.5
66;2021-05-09;887;1372;158145;66098;33.0;13.8
66;2021-05-10;1805;2976;159950;69074;33.4;14.4
66;2021-05-11;2740;3123;162690;72197;34.0;15.1
66;2021-05-12;2429;2569;165119;74766;34.5;15.6
66;2021-05-13;2256;1382;167375;76148;34.9;15.9
66;2021-05-14;2772;2116;170147;78264;35.5;16.3
66;2021-05-15;2330;1576;172477;79840;36.0;16.7
66;2021-05-16;2286;1250;174763;81090;36.5;16.9
66;2021-05-17;2051;1825;176814;82915;36.9;17.3
66;2021-05-18;3237;1807;180051;84722;37.6;17.7
66;2021-05-19;2877;1338;182928;86060;38.2;18.0
66;2021-05-20;4377;1446;187305;87506;39.1;18.3
66;2021-05-21;3268;1460;190573;88966;39.8;18.6
66;2021-05-22;3066;773;193639;89739;40.4;18.7
66;2021-05-23;1510;238;195149;89977;40.7;18.8
66;2021-05-24;1954;426;197103;90403;41.1;18.9
66;2021-05-25;2795;1688;199898;92091;41.7;19.2
66;2021-05-26;2780;1492;202678;93583;42.3;19.5
66;2021-05-27;3384;2255;206062;95838;43.0;20.0
66;2021-05-28;2683;3050;208745;98888;43.6;20.6
66;2021-05-29;2148;1519;210893;100407;44.0;21.0
66;2021-05-30;786;989;211679;101396;44.2;21.2
66;2021-05-31;2120;1786;213799;103182;44.6;21.5
66;2021-06-01;2625;2004;216424;105186;45.2;22.0
66;2021-06-02;2808;2338;219232;107524;45.8;22.4
66;2021-06-03;2479;2973;221711;110497;46.3;23.1
66;2021-06-04;1858;3352;223569;113849;46.7;23.8
66;2021-06-05;1408;2600;224977;116449;47.0;24.3
66;2021-06-06;292;1225;225269;117674;47.0;24.6
66;2021-06-07;1340;2959;226609;120633;47.3;25.2
66;2021-06-08;1739;3021;228348;123654;47.7;25.8
66;2021-06-09;2069;2786;230417;126440;48.1;26.4
66;2021-06-10;2080;2960;232497;129400;48.5;27.0
66;2021-06-11;2096;3866;234593;133266;49.0;27.8
66;2021-06-12;871;2409;235464;135675;49.2;28.3
66;2021-06-13;515;1334;235979;137009;49.3;28.6
66;2021-06-14;1361;3493;237340;140502;49.5;29.3
66;2021-06-15;2129;3572;239469;144074;50.0;30.1
66;2021-06-16;1788;3565;241257;147639;50.4;30.8
66;2021-06-17;2431;3604;243688;151243;50.9;31.6
66;2021-06-18;2227;3823;245915;155066;51.3;32.4
66;2021-06-19;1542;2319;247457;157385;51.7;32.9
66;2021-06-20;995;1260;248452;158645;51.9;33.1
66;2021-06-21;1163;2878;249615;161523;52.1;33.7
66;2021-06-22;1505;3763;251120;165286;52.4;34.5
66;2021-06-23;1324;3026;252444;168312;52.7;35.1
66;2021-06-24;1515;3230;253959;171542;53.0;35.8
66;2021-06-25;1398;3534;255357;175076;53.3;36.6
66;2021-06-26;963;2680;256320;177756;53.5;37.1
66;2021-06-27;679;1556;256999;179312;53.7;37.4
66;2021-06-28;977;2974;257976;182286;53.9;38.1
66;2021-06-29;1139;3793;259115;186079;54.1;38.8
66;2021-06-30;1276;3298;260391;189377;54.4;39.5
66;2021-07-01;1366;4042;261757;193419;54.6;40.4
66;2021-07-02;1313;3604;263070;197023;54.9;41.1
66;2021-07-03;1151;3900;264221;200923;55.2;41.9
66;2021-07-04;717;1791;264938;202714;55.3;42.3
66;2021-07-05;1091;3001;266029;205715;55.5;42.9
66;2021-07-06;1366;3780;267395;209495;55.8;43.7
66;2021-07-07;1387;3249;268782;212744;56.1;44.4
66;2021-07-08;1263;3381;270045;216125;56.4;45.1
66;2021-07-09;1419;3462;271464;219587;56.7;45.8
66;2021-07-10;1003;2404;272467;221991;56.9;46.3
66;2021-07-11;540;1539;273007;223530;57.0;46.7
66;2021-07-12;987;3641;273994;227171;57.2;47.4
66;2021-07-13;2125;4270;276119;231441;57.6;48.3
66;2021-07-14;1944;1228;278063;232669;58.1;48.6
66;2021-07-15;2777;3108;280840;235777;58.6;49.2
66;2021-07-16;3324;3189;284164;238966;59.3;49.9
66;2021-07-17;2112;2031;286276;240997;59.8;50.3
66;2021-07-18;1195;1057;287471;242054;60.0;50.5
66;2021-07-19;2783;3079;290254;245133;60.6;51.2
66;2021-07-20;3636;2880;293890;248013;61.4;51.8
66;2021-07-21;3954;2933;297844;250946;62.2;52.4
66;2021-07-22;3822;2807;301666;253753;63.0;53.0
66;2021-07-23;3865;3028;305531;256781;63.8;53.6
66;2021-07-24;2581;1915;308112;258696;64.3;54.0
66;2021-07-25;2012;1234;310124;259930;64.7;54.3
66;2021-07-26;2761;2623;312885;262553;65.3;54.8
66;2021-07-27;3190;2882;316075;265435;66.0;55.4
66;2021-07-28;3329;2558;319404;267993;66.7;55.9
66;2021-07-29;3823;2516;323227;270509;67.5;56.5
66;2021-07-30;4173;2448;327400;272957;68.4;57.0
66;2021-07-31;2211;1703;329611;274660;68.8;57.3
66;2021-08-01;1812;890;331423;275550;69.2;57.5
66;2021-08-02;2258;1916;333681;277466;69.7;57.9
66;2021-08-03;2583;2049;336264;279515;70.2;58.4
66;2021-08-04;2561;1994;338825;281509;70.7;58.8
66;2021-08-05;2420;2493;341245;284002;71.2;59.3
66;2021-08-06;2299;2629;343544;286631;71.7;59.8
66;2021-08-07;1481;2078;345025;288709;72.0;60.3
66;2021-08-08;611;1453;345636;290162;72.2;60.6
66;2021-08-09;1316;2792;346952;292954;72.4;61.2
66;2021-08-10;1629;3054;348581;296008;72.8;61.8
66;2021-08-11;1567;2999;350148;299007;73.1;62.4
67;2020-12-27;4;0;4;0;0.0;0.0
67;2020-12-28;3;0;7;0;0.0;0.0
67;2020-12-29;2;0;9;0;0.0;0.0
67;2020-12-30;0;0;9;0;0.0;0.0
67;2020-12-31;0;0;9;0;0.0;0.0
67;2021-01-01;3;0;12;0;0.0;0.0
67;2021-01-02;1;0;13;0;0.0;0.0
67;2021-01-03;1;0;14;0;0.0;0.0
67;2021-01-04;41;0;55;0;0.0;0.0
67;2021-01-05;167;0;222;0;0.0;0.0
67;2021-01-06;120;0;342;0;0.0;0.0
67;2021-01-07;235;1;577;1;0.1;0.0
67;2021-01-08;232;1;809;2;0.1;0.0
67;2021-01-09;113;1;922;3;0.1;0.0
67;2021-01-10;66;0;988;3;0.1;0.0
67;2021-01-11;182;1;1170;4;0.1;0.0
67;2021-01-12;511;1;1681;5;0.1;0.0
67;2021-01-13;653;2;2334;7;0.2;0.0
67;2021-01-14;1077;7;3411;14;0.3;0.0
67;2021-01-15;936;7;4347;21;0.4;0.0
67;2021-01-16;196;3;4543;24;0.4;0.0
67;2021-01-17;98;0;4641;24;0.4;0.0
67;2021-01-18;896;2;5537;26;0.5;0.0
67;2021-01-19;1424;5;6961;31;0.6;0.0
67;2021-01-20;1850;12;8811;43;0.8;0.0
67;2021-01-21;2206;9;11017;52;1.0;0.0
67;2021-01-22;1987;7;13004;59;1.1;0.0
67;2021-01-23;812;5;13816;64;1.2;0.0
67;2021-01-24;380;1;14196;65;1.3;0.0
67;2021-01-25;526;31;14722;96;1.3;0.0
67;2021-01-26;158;108;14880;204;1.3;0.0
67;2021-01-27;1391;90;16271;294;1.4;0.0
67;2021-01-28;3052;226;19323;520;1.7;0.0
67;2021-01-29;2024;161;21347;681;1.9;0.1
67;2021-01-30;1094;83;22441;764;2.0;0.1
67;2021-01-31;1161;29;23602;793;2.1;0.1
67;2021-02-01;3390;249;26992;1042;2.4;0.1
67;2021-02-02;2688;429;29680;1471;2.6;0.1
67;2021-02-03;1573;403;31253;1874;2.8;0.2
67;2021-02-04;1193;762;32446;2636;2.9;0.2
67;2021-02-05;1193;645;33639;3281;3.0;0.3
67;2021-02-06;787;146;34426;3427;3.0;0.3
67;2021-02-07;289;44;34715;3471;3.1;0.3
67;2021-02-08;837;451;35552;3922;3.1;0.3
67;2021-02-09;958;738;36510;4660;3.2;0.4
67;2021-02-10;929;793;37439;5453;3.3;0.5
67;2021-02-11;1149;1127;38588;6580;3.4;0.6
67;2021-02-12;1245;782;39833;7362;3.5;0.7
67;2021-02-13;765;280;40598;7642;3.6;0.7
67;2021-02-14;243;94;40841;7736;3.6;0.7
67;2021-02-15;778;839;41619;8575;3.7;0.8
67;2021-02-16;927;1148;42546;9723;3.8;0.9
67;2021-02-17;784;1195;43330;10918;3.8;1.0
67;2021-02-18;1398;2569;44728;13487;3.9;1.2
67;2021-02-19;1370;2115;46098;15602;4.1;1.4
67;2021-02-20;627;907;46725;16509;4.1;1.5
67;2021-02-21;208;1197;46933;17706;4.1;1.6
67;2021-02-22;1401;2169;48334;19875;4.3;1.8
67;2021-02-23;1459;1570;49793;21445;4.4;1.9
67;2021-02-24;1434;1052;51227;22497;4.5;2.0
67;2021-02-25;1614;1471;52841;23968;4.7;2.1
67;2021-02-26;2223;1405;55064;25373;4.9;2.2
67;2021-02-27;1256;785;56320;26158;5.0;2.3
67;2021-02-28;147;365;56467;26523;5.0;2.3
67;2021-03-01;636;1004;57103;27527;5.0;2.4
67;2021-03-02;890;1200;57993;28727;5.1;2.5
67;2021-03-03;1409;1280;59402;30007;5.2;2.6
67;2021-03-04;1960;1056;61362;31063;5.4;2.7
67;2021-03-05;3253;1103;64615;32166;5.7;2.8
67;2021-03-06;2334;774;66949;32940;5.9;2.9
67;2021-03-07;466;281;67415;33221;6.0;2.9
67;2021-03-08;1185;793;68600;34014;6.1;3.0
67;2021-03-09;2219;900;70819;34914;6.3;3.1
67;2021-03-10;2447;1188;73266;36102;6.5;3.2
67;2021-03-11;3204;1353;76470;37455;6.8;3.3
67;2021-03-12;5250;1367;81720;38822;7.2;3.4
67;2021-03-13;3996;883;85716;39705;7.6;3.5
67;2021-03-14;483;388;86199;40093;7.6;3.5
67;2021-03-15;2188;1158;88387;41251;7.8;3.6
67;2021-03-16;1545;1231;89932;42482;7.9;3.8
67;2021-03-17;2064;918;91996;43400;8.1;3.8
67;2021-03-18;2385;729;94381;44129;8.3;3.9
67;2021-03-19;3670;746;98051;44875;8.7;4.0
67;2021-03-20;3064;506;101115;45381;8.9;4.0
67;2021-03-21;332;14;101447;45395;9.0;4.0
67;2021-03-22;2329;776;103776;46171;9.2;4.1
67;2021-03-23;3398;769;107174;46940;9.5;4.1
67;2021-03-24;3904;806;111078;47746;9.8;4.2
67;2021-03-25;5312;535;116390;48281;10.3;4.3
67;2021-03-26;6868;474;123258;48755;10.9;4.3
67;2021-03-27;3922;335;127180;49090;11.2;4.3
67;2021-03-28;579;99;127759;49189;11.3;4.3
67;2021-03-29;3818;423;131577;49612;11.6;4.4
67;2021-03-30;4836;665;136413;50277;12.0;4.4
67;2021-03-31;4841;689;141254;50966;12.5;4.5
67;2021-04-01;5140;921;146394;51887;12.9;4.6
67;2021-04-02;1003;175;147397;52062;13.0;4.6
67;2021-04-03;1689;284;149086;52346;13.2;4.6
67;2021-04-04;326;5;149412;52351;13.2;4.6
67;2021-04-05;370;3;149782;52354;13.2;4.6
67;2021-04-06;3471;1178;153253;53532;13.5;4.7
67;2021-04-07;4534;1277;157787;54809;13.9;4.8
67;2021-04-08;5655;1397;163442;56206;14.4;5.0
67;2021-04-09;7107;1344;170549;57550;15.1;5.1
67;2021-04-10;4330;886;174879;58436;15.4;5.2
67;2021-04-11;855;425;175734;58861;15.5;5.2
67;2021-04-12;3880;1402;179614;60263;15.9;5.3
67;2021-04-13;4891;1576;184505;61839;16.3;5.5
67;2021-04-14;5271;1894;189776;63733;16.8;5.6
67;2021-04-15;6076;2102;195852;65835;17.3;5.8
67;2021-04-16;7829;2410;203681;68245;18.0;6.0
67;2021-04-17;4006;1581;207687;69826;18.3;6.2
67;2021-04-18;1113;646;208800;70472;18.4;6.2
67;2021-04-19;3629;2139;212429;72611;18.8;6.4
67;2021-04-20;4257;1921;216686;74532;19.1;6.6
67;2021-04-21;4068;2508;220754;77040;19.5;6.8
67;2021-04-22;4475;2908;225229;79948;19.9;7.1
67;2021-04-23;5238;2994;230467;82942;20.3;7.3
67;2021-04-24;3100;2018;233567;84960;20.6;7.5
67;2021-04-25;1028;451;234595;85411;20.7;7.5
67;2021-04-26;3190;2613;237785;88024;21.0;7.8
67;2021-04-27;4021;2921;241806;90945;21.3;8.0
67;2021-04-28;4250;3430;246056;94375;21.7;8.3
67;2021-04-29;5124;3511;251180;97886;22.2;8.6
67;2021-04-30;7177;2485;258357;100371;22.8;8.9
67;2021-05-01;2680;781;261037;101152;23.0;8.9
67;2021-05-02;2180;675;263217;101827;23.2;9.0
67;2021-05-03;5562;2616;268779;104443;23.7;9.2
67;2021-05-04;5853;3606;274632;108049;24.2;9.5
67;2021-05-05;5214;4198;279846;112247;24.7;9.9
67;2021-05-06;6714;4917;286560;117164;25.3;10.3
67;2021-05-07;6429;6917;292989;124081;25.9;11.0
67;2021-05-08;3573;1020;296562;125101;26.2;11.0
67;2021-05-09;3372;596;299934;125697;26.5;11.1
67;2021-05-10;4694;4530;304628;130227;26.9;11.5
67;2021-05-11;5647;4928;310275;135155;27.4;11.9
67;2021-05-12;6592;4847;316867;140002;28.0;12.4
67;2021-05-13;7307;1698;324174;141700;28.6;12.5
67;2021-05-14;8880;5377;333054;147077;29.4;13.0
67;2021-05-15;8190;3653;341244;150730;30.1;13.3
67;2021-05-16;6173;978;347417;151708;30.7;13.4
67;2021-05-17;5694;3903;353111;155611;31.2;13.7
67;2021-05-18;6901;3986;360012;159597;31.8;14.1
67;2021-05-19;7376;4171;367388;163768;32.4;14.5
67;2021-05-20;8690;4224;376078;167992;33.2;14.8
67;2021-05-21;8161;5849;384239;173841;33.9;15.3
67;2021-05-22;5935;3428;390174;177269;34.4;15.7
67;2021-05-23;2658;593;392832;177862;34.7;15.7
67;2021-05-24;4416;862;397248;178724;35.1;15.8
67;2021-05-25;5414;4770;402662;183494;35.6;16.2
67;2021-05-26;6057;4883;408719;188377;36.1;16.6
67;2021-05-27;7308;4896;416027;193273;36.7;17.1
67;2021-05-28;7967;6495;423994;199768;37.4;17.6
67;2021-05-29;6647;3877;430641;203645;38.0;18.0
67;2021-05-30;1147;810;431788;204455;38.1;18.1
67;2021-05-31;6405;4060;438193;208515;38.7;18.4
67;2021-06-01;7328;4401;445521;212916;39.3;18.8
67;2021-06-02;8059;4179;453580;217095;40.0;19.2
67;2021-06-03;8834;4864;462414;221959;40.8;19.6
67;2021-06-04;8591;6127;471005;228086;41.6;20.1
67;2021-06-05;6555;3987;477560;232073;42.2;20.5
67;2021-06-06;3477;872;481037;232945;42.5;20.6
67;2021-06-07;7414;4261;488451;237206;43.1;20.9
67;2021-06-08;8629;4923;497080;242129;43.9;21.4
67;2021-06-09;9261;4805;506341;246934;44.7;21.8
67;2021-06-10;9772;5019;516113;251953;45.6;22.2
67;2021-06-11;8071;8331;524184;260284;46.3;23.0
67;2021-06-12;6786;5198;530970;265482;46.9;23.4
67;2021-06-13;3104;1043;534074;266525;47.2;23.5
67;2021-06-14;5508;6458;539582;272983;47.6;24.1
67;2021-06-15;6686;6750;546268;279733;48.2;24.7
67;2021-06-16;6945;6699;553213;286432;48.8;25.3
67;2021-06-17;7272;9053;560485;295485;49.5;26.1
67;2021-06-18;7599;8508;568084;303993;50.2;26.8
67;2021-06-19;6381;5962;574465;309955;50.7;27.4
67;2021-06-20;1451;1412;575916;311367;50.8;27.5
67;2021-06-21;4266;6767;580182;318134;51.2;28.1
67;2021-06-22;4237;9095;584419;327229;51.6;28.9
67;2021-06-23;5286;8188;589705;335417;52.1;29.6
67;2021-06-24;4518;9095;594223;344512;52.5;30.4
67;2021-06-25;5338;9948;599561;354460;52.9;31.3
67;2021-06-26;3463;9106;603024;363566;53.2;32.1
67;2021-06-27;1021;3519;604045;367085;53.3;32.4
67;2021-06-28;2848;8734;606893;375819;53.6;33.2
67;2021-06-29;2895;8604;609788;384423;53.8;33.9
67;2021-06-30;3378;8740;613166;393163;54.1;34.7
67;2021-07-01;3596;8422;616762;401585;54.5;35.5
67;2021-07-02;3731;10934;620493;412519;54.8;36.4
67;2021-07-03;2977;7741;623470;420260;55.0;37.1
67;2021-07-04;763;1868;624233;422128;55.1;37.3
67;2021-07-05;2614;8251;626847;430379;55.3;38.0
67;2021-07-06;3057;8441;629904;438820;55.6;38.7
67;2021-07-07;3908;8737;633812;447557;56.0;39.5
67;2021-07-08;4186;7783;637998;455340;56.3;40.2
67;2021-07-09;3755;11367;641753;466707;56.7;41.2
67;2021-07-10;2849;8203;644602;474910;56.9;41.9
67;2021-07-11;940;1993;645542;476903;57.0;42.1
67;2021-07-12;2460;9725;648002;486628;57.2;43.0
67;2021-07-13;4091;9888;652093;496516;57.6;43.8
67;2021-07-14;3483;4398;655576;500914;57.9;44.2
67;2021-07-15;5116;12225;660692;513139;58.3;45.3
67;2021-07-16;4820;12298;665512;525437;58.8;46.4
67;2021-07-17;3725;8830;669237;534267;59.1;47.2
67;2021-07-18;1456;2547;670693;536814;59.2;47.4
67;2021-07-19;4611;9740;675304;546554;59.6;48.3
67;2021-07-20;5749;9820;681053;556374;60.1;49.1
67;2021-07-21;5832;10645;686885;567019;60.6;50.1
67;2021-07-22;6387;10229;693272;577248;61.2;51.0
67;2021-07-23;7326;11189;700598;588437;61.9;52.0
67;2021-07-24;5399;7575;705997;596012;62.3;52.6
67;2021-07-25;2301;1964;708298;597976;62.5;52.8
67;2021-07-26;4955;7246;713253;605222;63.0;53.4
67;2021-07-27;6520;7304;719773;612526;63.6;54.1
67;2021-07-28;7502;7198;727275;619724;64.2;54.7
67;2021-07-29;8309;6426;735584;626150;64.9;55.3
67;2021-07-30;8580;7302;744164;633452;65.7;55.9
67;2021-07-31;5045;4854;749209;638306;66.1;56.4
67;2021-08-01;2429;1411;751638;639717;66.4;56.5
67;2021-08-02;6292;5073;757930;644790;66.9;56.9
67;2021-08-03;7259;4696;765189;649486;67.6;57.3
67;2021-08-04;6829;4590;772018;654076;68.2;57.7
67;2021-08-05;5688;4203;777706;658279;68.7;58.1
67;2021-08-06;6270;5400;783976;663679;69.2;58.6
67;2021-08-07;4596;4258;788572;667937;69.6;59.0
67;2021-08-08;1273;1431;789845;669368;69.7;59.1
67;2021-08-09;3094;4472;792939;673840;70.0;59.5
67;2021-08-10;3158;4736;796097;678576;70.3;59.9
67;2021-08-11;3367;4638;799464;683214;70.6;60.3
68;2020-12-27;0;0;0;0;0.0;0.0
68;2020-12-28;0;0;0;0;0.0;0.0
68;2020-12-29;0;0;0;0;0.0;0.0
68;2020-12-30;0;0;0;0;0.0;0.0
68;2020-12-31;0;0;0;0;0.0;0.0
68;2021-01-01;0;0;0;0;0.0;0.0
68;2021-01-02;0;0;0;0;0.0;0.0
68;2021-01-03;0;0;0;0;0.0;0.0
68;2021-01-04;1;0;1;0;0.0;0.0
68;2021-01-05;11;0;12;0;0.0;0.0
68;2021-01-06;244;1;256;1;0.0;0.0
68;2021-01-07;75;0;331;1;0.0;0.0
68;2021-01-08;118;1;449;2;0.1;0.0
68;2021-01-09;20;0;469;2;0.1;0.0
68;2021-01-10;1;0;470;2;0.1;0.0
68;2021-01-11;82;0;552;2;0.1;0.0
68;2021-01-12;386;1;938;3;0.1;0.0
68;2021-01-13;703;2;1641;5;0.2;0.0
68;2021-01-14;372;2;2013;7;0.3;0.0
68;2021-01-15;204;1;2217;8;0.3;0.0
68;2021-01-16;1;0;2218;8;0.3;0.0
68;2021-01-17;0;0;2218;8;0.3;0.0
68;2021-01-18;379;5;2597;13;0.3;0.0
68;2021-01-19;559;6;3156;19;0.4;0.0
68;2021-01-20;707;10;3863;29;0.5;0.0
68;2021-01-21;1393;12;5256;41;0.7;0.0
68;2021-01-22;1499;12;6755;53;0.9;0.0
68;2021-01-23;215;3;6970;56;0.9;0.0
68;2021-01-24;697;0;7667;56;1.0;0.0
68;2021-01-25;1390;46;9057;102;1.2;0.0
68;2021-01-26;1553;80;10610;182;1.4;0.0
68;2021-01-27;2765;150;13375;332;1.8;0.0
68;2021-01-28;2351;57;15726;389;2.1;0.1
68;2021-01-29;1508;115;17234;504;2.3;0.1
68;2021-01-30;165;3;17399;507;2.3;0.1
68;2021-01-31;0;0;17399;507;2.3;0.1
68;2021-02-01;737;103;18136;610;2.4;0.1
68;2021-02-02;867;308;19003;918;2.5;0.1
68;2021-02-03;998;623;20001;1541;2.6;0.2
68;2021-02-04;1000;324;21001;1865;2.8;0.2
68;2021-02-05;946;236;21947;2101;2.9;0.3
68;2021-02-06;138;1;22085;2102;2.9;0.3
68;2021-02-07;1;16;22086;2118;2.9;0.3
68;2021-02-08;893;23;22979;2141;3.0;0.3
68;2021-02-09;1357;45;24336;2186;3.2;0.3
68;2021-02-10;1452;61;25788;2247;3.4;0.3
68;2021-02-11;1487;471;27275;2718;3.6;0.4
68;2021-02-12;1548;449;28823;3167;3.8;0.4
68;2021-02-13;132;1;28955;3168;3.8;0.4
68;2021-02-14;57;231;29012;3399;3.8;0.4
68;2021-02-15;662;1088;29674;4487;3.9;0.6
68;2021-02-16;863;1370;30537;5857;4.0;0.8
68;2021-02-17;1284;2136;31821;7993;4.2;1.0
68;2021-02-18;1652;2054;33473;10047;4.4;1.3
68;2021-02-19;985;1369;34458;11416;4.5;1.5
68;2021-02-20;93;125;34551;11541;4.5;1.5
68;2021-02-21;1;40;34552;11581;4.5;1.5
68;2021-02-22;446;798;34998;12379;4.6;1.6
68;2021-02-23;639;1061;35637;13440;4.7;1.8
68;2021-02-24;853;1156;36490;14596;4.8;1.9
68;2021-02-25;1209;1249;37699;15845;4.9;2.1
68;2021-02-26;1200;987;38899;16832;5.1;2.2
68;2021-02-27;547;174;39446;17006;5.2;2.2
68;2021-02-28;12;1;39458;17007;5.2;2.2
68;2021-03-01;939;767;40397;17774;5.3;2.3
68;2021-03-02;1215;925;41612;18699;5.5;2.5
68;2021-03-03;1591;967;43203;19666;5.7;2.6
68;2021-03-04;1989;1044;45192;20710;5.9;2.7
68;2021-03-05;2356;1048;47548;21758;6.2;2.9
68;2021-03-06;2283;244;49831;22002;6.5;2.9
68;2021-03-07;839;105;50670;22107;6.6;2.9
68;2021-03-08;1473;980;52143;23087;6.8;3.0
68;2021-03-09;1693;1332;53836;24419;7.1;3.2
68;2021-03-10;1962;1799;55798;26218;7.3;3.4
68;2021-03-11;2638;1914;58436;28132;7.7;3.7
68;2021-03-12;2628;1419;61064;29551;8.0;3.9
68;2021-03-13;3342;248;64406;29799;8.4;3.9
68;2021-03-14;1542;63;65948;29862;8.6;3.9
68;2021-03-15;1793;622;67741;30484;8.9;4.0
68;2021-03-16;1999;600;69740;31084;9.1;4.1
68;2021-03-17;1955;727;71695;31811;9.4;4.2
68;2021-03-18;2219;952;73914;32763;9.7;4.3
68;2021-03-19;3084;735;76998;33498;10.1;4.4
68;2021-03-20;973;122;77971;33620;10.2;4.4
68;2021-03-21;68;2;78039;33622;10.2;4.4
68;2021-03-22;1965;591;80004;34213;10.5;4.5
68;2021-03-23;2860;614;82864;34827;10.9;4.6
68;2021-03-24;3177;815;86041;35642;11.3;4.7
68;2021-03-25;3502;789;89543;36431;11.7;4.8
68;2021-03-26;3892;720;93435;37151;12.2;4.9
68;2021-03-27;1102;163;94537;37314;12.4;4.9
68;2021-03-28;55;3;94592;37317;12.4;4.9
68;2021-03-29;2265;1379;96857;38696;12.7;5.1
68;2021-03-30;2934;1301;99791;39997;13.1;5.2
68;2021-03-31;2641;1365;102432;41362;13.4;5.4
68;2021-04-01;2748;1547;105180;42909;13.8;5.6
68;2021-04-02;244;87;105424;42996;13.8;5.6
68;2021-04-03;240;123;105664;43119;13.8;5.6
68;2021-04-04;4;0;105668;43119;13.8;5.6
68;2021-04-05;48;3;105716;43122;13.9;5.7
68;2021-04-06;1794;1326;107510;44448;14.1;5.8
68;2021-04-07;2584;1534;110094;45982;14.4;6.0
68;2021-04-08;3231;1500;113325;47482;14.8;6.2
68;2021-04-09;4198;1523;117523;49005;15.4;6.4
68;2021-04-10;1202;1975;118725;50980;15.6;6.7
68;2021-04-11;126;1318;118851;52298;15.6;6.9
68;2021-04-12;2666;1636;121517;53934;15.9;7.1
68;2021-04-13;2760;2109;124277;56043;16.3;7.3
68;2021-04-14;3602;2268;127879;58311;16.8;7.6
68;2021-04-15;4050;2154;131929;60465;17.3;7.9
68;2021-04-16;3938;2077;135867;62542;17.8;8.2
68;2021-04-17;1074;440;136941;62982;17.9;8.3
68;2021-04-18;85;9;137026;62991;18.0;8.3
68;2021-04-19;2359;1836;139385;64827;18.3;8.5
68;2021-04-20;2439;2327;141824;67154;18.6;8.8
68;2021-04-21;2830;2479;144654;69633;19.0;9.1
68;2021-04-22;3285;1976;147939;71609;19.4;9.4
68;2021-04-23;3412;2074;151351;73683;19.8;9.7
68;2021-04-24;843;486;152194;74169;19.9;9.7
68;2021-04-25;214;20;152408;74189;20.0;9.7
68;2021-04-26;2329;2109;154737;76298;20.3;10.0
68;2021-04-27;2599;2217;157336;78515;20.6;10.3
68;2021-04-28;3573;1764;160909;80279;21.1;10.5
68;2021-04-29;4165;1748;165074;82027;21.6;10.7
68;2021-04-30;4833;1366;169907;83393;22.3;10.9
68;2021-05-01;946;121;170853;83514;22.4;10.9
68;2021-05-02;731;70;171584;83584;22.5;11.0
68;2021-05-03;3623;1818;175207;85402;23.0;11.2
68;2021-05-04;3935;2363;179142;87765;23.5;11.5
68;2021-05-05;3632;3239;182774;91004;23.9;11.9
68;2021-05-06;4806;2867;187580;93871;24.6;12.3
68;2021-05-07;4518;2908;192098;96779;25.2;12.7
68;2021-05-08;1671;211;193769;96990;25.4;12.7
68;2021-05-09;1077;107;194846;97097;25.5;12.7
68;2021-05-10;3159;3722;198005;100819;25.9;13.2
68;2021-05-11;4716;3619;202721;104438;26.6;13.7
68;2021-05-12;5784;3293;208505;107731;27.3;14.1
68;2021-05-13;4763;841;213268;108572;27.9;14.2
68;2021-05-14;5960;2132;219228;110704;28.7;14.5
68;2021-05-15;3558;910;222786;111614;29.2;14.6
68;2021-05-16;669;122;223455;111736;29.3;14.6
68;2021-05-17;4448;2496;227903;114232;29.9;15.0
68;2021-05-18;6139;2307;234042;116539;30.7;15.3
68;2021-05-19;5868;2887;239910;119426;31.4;15.6
68;2021-05-20;5929;2420;245839;121846;32.2;16.0
68;2021-05-21;5779;2870;251618;124716;33.0;16.3
68;2021-05-22;2578;926;254196;125642;33.3;16.5
68;2021-05-23;15;17;254211;125659;33.3;16.5
68;2021-05-24;2307;969;256518;126628;33.6;16.6
68;2021-05-25;4346;3438;260864;130066;34.2;17.0
68;2021-05-26;4883;3384;265747;133450;34.8;17.5
68;2021-05-27;5408;3400;271155;136850;35.5;17.9
68;2021-05-28;5620;3731;276775;140581;36.3;18.4
68;2021-05-29;1538;1186;278313;141767;36.5;18.6
68;2021-05-30;41;46;278354;141813;36.5;18.6
68;2021-05-31;5160;2363;283514;144176;37.1;18.9
68;2021-06-01;5988;2802;289502;146978;37.9;19.3
68;2021-06-02;4887;3012;294389;149990;38.6;19.7
68;2021-06-03;5939;3101;300328;153091;39.4;20.1
68;2021-06-04;4893;3305;305221;156396;40.0;20.5
68;2021-06-05;780;1169;306001;157565;40.1;20.6
68;2021-06-06;68;115;306069;157680;40.1;20.7
68;2021-06-07;4756;3037;310825;160717;40.7;21.1
68;2021-06-08;4941;3558;315766;164275;41.4;21.5
68;2021-06-09;4993;3440;320759;167715;42.0;22.0
68;2021-06-10;5202;3140;325961;170855;42.7;22.4
68;2021-06-11;5059;4150;331020;175005;43.4;22.9
68;2021-06-12;3035;1768;334055;176773;43.8;23.2
68;2021-06-13;515;682;334570;177455;43.8;23.3
68;2021-06-14;2517;4393;337087;181848;44.2;23.8
68;2021-06-15;3111;4724;340198;186572;44.6;24.4
68;2021-06-16;3387;4437;343585;191009;45.0;25.0
68;2021-06-17;2359;4459;345944;195468;45.3;25.6
68;2021-06-18;3350;5177;349294;200645;45.8;26.3
68;2021-06-19;2254;2169;351548;202814;46.1;26.6
68;2021-06-20;258;893;351806;203707;46.1;26.7
68;2021-06-21;2060;5153;353866;208860;46.4;27.4
68;2021-06-22;1901;5176;355767;214036;46.6;28.0
68;2021-06-23;2317;5744;358084;219780;46.9;28.8
68;2021-06-24;2153;4895;360237;224675;47.2;29.4
68;2021-06-25;2286;6659;362523;231334;47.5;30.3
68;2021-06-26;1303;2606;363826;233940;47.7;30.7
68;2021-06-27;151;880;363977;234820;47.7;30.8
68;2021-06-28;1601;6444;365578;241264;47.9;31.6
68;2021-06-29;1537;6635;367115;247899;48.1;32.5
68;2021-06-30;1796;6555;368911;254454;48.3;33.3
68;2021-07-01;2095;5350;371006;259804;48.6;34.0
68;2021-07-02;2101;6484;373107;266288;48.9;34.9
68;2021-07-03;988;1936;374095;268224;49.0;35.1
68;2021-07-04;242;201;374337;268425;49.0;35.2
68;2021-07-05;1459;5520;375796;273945;49.2;35.9
68;2021-07-06;2003;5881;377799;279826;49.5;36.7
68;2021-07-07;2455;4973;380254;284799;49.8;37.3
68;2021-07-08;2429;4749;382683;289548;50.1;37.9
68;2021-07-09;2092;7364;384775;296912;50.4;38.9
68;2021-07-10;1021;2000;385796;298912;50.5;39.2
68;2021-07-11;145;155;385941;299067;50.6;39.2
68;2021-07-12;1637;6781;387578;305848;50.8;40.1
68;2021-07-13;2900;6552;390478;312400;51.2;40.9
68;2021-07-14;1841;980;392319;313380;51.4;41.1
68;2021-07-15;3180;6652;395499;320032;51.8;41.9
68;2021-07-16;3807;6762;399306;326794;52.3;42.8
68;2021-07-17;3357;2299;402663;329093;52.8;43.1
68;2021-07-18;1053;230;403716;329323;52.9;43.2
68;2021-07-19;3044;6086;406760;335409;53.3;43.9
68;2021-07-20;3993;5675;410753;341084;53.8;44.7
68;2021-07-21;4330;5823;415083;346907;54.4;45.5
68;2021-07-22;4165;4838;419248;351745;54.9;46.1
68;2021-07-23;5019;5747;424267;357492;55.6;46.8
68;2021-07-24;3303;2121;427570;359613;56.0;47.1
68;2021-07-25;818;529;428388;360142;56.1;47.2
68;2021-07-26;4746;4437;433134;364579;56.8;47.8
68;2021-07-27;6334;3735;439468;368314;57.6;48.3
68;2021-07-28;6834;3871;446302;372185;58.5;48.8
68;2021-07-29;6372;3394;452674;375579;59.3;49.2
68;2021-07-30;6312;4364;458986;379943;60.1;49.8
68;2021-07-31;3902;1420;462888;381363;60.7;50.0
68;2021-08-01;1644;475;464532;381838;60.9;50.0
68;2021-08-02;4581;3125;469113;384963;61.5;50.4
68;2021-08-03;3519;2427;472632;387390;61.9;50.8
68;2021-08-04;3126;2682;475758;390072;62.3;51.1
68;2021-08-05;2725;2622;478483;392694;62.7;51.5
68;2021-08-06;3978;4304;482461;396998;63.2;52.0
68;2021-08-07;1224;1301;483685;398299;63.4;52.2
68;2021-08-08;359;801;484044;399100;63.4;52.3
68;2021-08-09;2560;3675;486604;402775;63.8;52.8
68;2021-08-10;2202;2771;488806;405546;64.0;53.1
68;2021-08-11;1886;2713;490692;408259;64.3;53.5
69;2020-12-27;3;0;3;0;0.0;0.0
69;2020-12-28;7;0;10;0;0.0;0.0
69;2020-12-29;5;0;15;0;0.0;0.0
69;2020-12-30;6;0;21;0;0.0;0.0
69;2020-12-31;10;0;31;0;0.0;0.0
69;2021-01-01;2;0;33;0;0.0;0.0
69;2021-01-02;1;0;34;0;0.0;0.0
69;2021-01-03;1;0;35;0;0.0;0.0
69;2021-01-04;11;0;46;0;0.0;0.0
69;2021-01-05;215;0;261;0;0.0;0.0
69;2021-01-06;509;0;770;0;0.0;0.0
69;2021-01-07;811;0;1581;0;0.1;0.0
69;2021-01-08;826;0;2407;0;0.1;0.0
69;2021-01-09;37;1;2444;1;0.1;0.0
69;2021-01-10;3;1;2447;2;0.1;0.0
69;2021-01-11;1133;2;3580;4;0.2;0.0
69;2021-01-12;1396;7;4976;11;0.3;0.0
69;2021-01-13;1392;4;6368;15;0.3;0.0
69;2021-01-14;2272;22;8640;37;0.5;0.0
69;2021-01-15;1826;8;10466;45;0.6;0.0
69;2021-01-16;928;4;11394;49;0.6;0.0
69;2021-01-17;260;2;11654;51;0.6;0.0
69;2021-01-18;1694;18;13348;69;0.7;0.0
69;2021-01-19;3507;34;16855;103;0.9;0.0
69;2021-01-20;4447;27;21302;130;1.1;0.0
69;2021-01-21;4045;25;25347;155;1.4;0.0
69;2021-01-22;3160;20;28507;175;1.5;0.0
69;2021-01-23;1284;5;29791;180;1.6;0.0
69;2021-01-24;101;1;29892;181;1.6;0.0
69;2021-01-25;2236;40;32128;221;1.7;0.0
69;2021-01-26;2560;89;34688;310;1.8;0.0
69;2021-01-27;2355;177;37043;487;2.0;0.0
69;2021-01-28;2236;374;39279;861;2.1;0.0
69;2021-01-29;2110;287;41389;1148;2.2;0.1
69;2021-01-30;889;3;42278;1151;2.3;0.1
69;2021-01-31;65;0;42343;1151;2.3;0.1
69;2021-02-01;1112;402;43455;1553;2.3;0.1
69;2021-02-02;1551;411;45006;1964;2.4;0.1
69;2021-02-03;1442;536;46448;2500;2.5;0.1
69;2021-02-04;1788;954;48236;3454;2.6;0.2
69;2021-02-05;820;820;49056;4274;2.6;0.2
69;2021-02-06;369;54;49425;4328;2.6;0.2
69;2021-02-07;0;0;49425;4328;2.6;0.2
69;2021-02-08;1133;1077;50558;5405;2.7;0.3
69;2021-02-09;2050;2112;52608;7517;2.8;0.4
69;2021-02-10;1855;2648;54463;10165;2.9;0.5
69;2021-02-11;1862;3298;56325;13463;3.0;0.7
69;2021-02-12;1899;2114;58224;15577;3.1;0.8
69;2021-02-13;458;803;58682;16380;3.1;0.9
69;2021-02-14;89;40;58771;16420;3.1;0.9
69;2021-02-15;1014;1770;59785;18190;3.2;1.0
69;2021-02-16;984;2446;60769;20636;3.2;1.1
69;2021-02-17;1026;2391;61795;23027;3.3;1.2
69;2021-02-18;968;2315;62763;25342;3.3;1.4
69;2021-02-19;892;1882;63655;27224;3.4;1.5
69;2021-02-20;322;913;63977;28137;3.4;1.5
69;2021-02-21;52;68;64029;28205;3.4;1.5
69;2021-02-22;610;2099;64639;30304;3.4;1.6
69;2021-02-23;740;2225;65379;32529;3.5;1.7
69;2021-02-24;972;2248;66351;34777;3.5;1.9
69;2021-02-25;2214;2681;68565;37458;3.7;2.0
69;2021-02-26;2774;1926;71339;39384;3.8;2.1
69;2021-02-27;924;573;72263;39957;3.9;2.1
69;2021-02-28;148;103;72411;40060;3.9;2.1
69;2021-03-01;2163;908;74574;40968;4.0;2.2
69;2021-03-02;3296;1397;77870;42365;4.2;2.3
69;2021-03-03;3671;1220;81541;43585;4.3;2.3
69;2021-03-04;4876;1273;86417;44858;4.6;2.4
69;2021-03-05;5868;1252;92285;46110;4.9;2.5
69;2021-03-06;3416;415;95701;46525;5.1;2.5
69;2021-03-07;640;41;96341;46566;5.1;2.5
69;2021-03-08;2956;1120;99297;47686;5.3;2.5
69;2021-03-09;4610;1255;103907;48941;5.5;2.6
69;2021-03-10;5067;1042;108974;49983;5.8;2.7
69;2021-03-11;6600;1036;115574;51019;6.2;2.7
69;2021-03-12;8854;1198;124428;52217;6.6;2.8
69;2021-03-13;4927;233;129355;52450;6.9;2.8
69;2021-03-14;2741;141;132096;52591;7.0;2.8
69;2021-03-15;4806;703;136902;53294;7.3;2.8
69;2021-03-16;3816;640;140718;53934;7.5;2.9
69;2021-03-17;3950;873;144668;54807;7.7;2.9
69;2021-03-18;4965;1607;149633;56414;8.0;3.0
69;2021-03-19;6685;1054;156318;57468;8.3;3.1
69;2021-03-20;3587;271;159905;57739;8.5;3.1
69;2021-03-21;1977;92;161882;57831;8.6;3.1
69;2021-03-22;4548;811;166430;58642;8.9;3.1
69;2021-03-23;7364;819;173794;59461;9.3;3.2
69;2021-03-24;6453;995;180247;60456;9.6;3.2
69;2021-03-25;8585;1109;188832;61565;10.1;3.3
69;2021-03-26;8813;1234;197645;62799;10.5;3.3
69;2021-03-27;3154;795;200799;63594;10.7;3.4
69;2021-03-28;2216;182;203015;63776;10.8;3.4
69;2021-03-29;4097;2190;207112;65966;11.0;3.5
69;2021-03-30;7645;2531;214757;68497;11.4;3.7
69;2021-03-31;6356;3167;221113;71664;11.8;3.8
69;2021-04-01;8447;2719;229560;74383;12.2;4.0
69;2021-04-02;8313;3120;237873;77503;12.7;4.1
69;2021-04-03;5423;2162;243296;79665;13.0;4.2
69;2021-04-04;6608;549;249904;80214;13.3;4.3
69;2021-04-05;6191;817;256095;81031;13.7;4.3
69;2021-04-06;5110;3481;261205;84512;13.9;4.5
69;2021-04-07;5168;3889;266373;88401;14.2;4.7
69;2021-04-08;6425;4058;272798;92459;14.5;4.9
69;2021-04-09;9165;3774;281963;96233;15.0;5.1
69;2021-04-10;3051;2500;285014;98733;15.2;5.3
69;2021-04-11;2039;1900;287053;100633;15.3;5.4
69;2021-04-12;5469;3576;292522;104209;15.6;5.6
69;2021-04-13;7069;4120;299591;108329;16.0;5.8
69;2021-04-14;6716;4147;306307;112476;16.3;6.0
69;2021-04-15;7926;4588;314233;117064;16.7;6.2
69;2021-04-16;7861;4497;322094;121561;17.2;6.5
69;2021-04-17;5039;2318;327133;123879;17.4;6.6
69;2021-04-18;1715;1794;328848;125673;17.5;6.7
69;2021-04-19;7019;3773;335867;129446;17.9;6.9
69;2021-04-20;6485;4744;342352;134190;18.2;7.2
69;2021-04-21;5688;4410;348040;138600;18.6;7.4
69;2021-04-22;6426;5438;354466;144038;18.9;7.7
69;2021-04-23;6731;4892;361197;148930;19.3;7.9
69;2021-04-24;3157;2028;364354;150958;19.4;8.0
69;2021-04-25;2119;1546;366473;152504;19.5;8.1
69;2021-04-26;4498;3879;370971;156383;19.8;8.3
69;2021-04-27;6515;5332;377486;161715;20.1;8.6
69;2021-04-28;6273;4860;383759;166575;20.5;8.9
69;2021-04-29;6700;5382;390459;171957;20.8;9.2
69;2021-04-30;6929;6168;397388;178125;21.2;9.5
69;2021-05-01;3300;643;400688;178768;21.4;9.5
69;2021-05-02;1627;5886;402315;184654;21.4;9.8
69;2021-05-03;5858;8245;408173;192899;21.8;10.3
69;2021-05-04;7604;8169;415777;201068;22.2;10.7
69;2021-05-05;11210;5639;426987;206707;22.8;11.0
69;2021-05-06;12476;6282;439463;212989;23.4;11.4
69;2021-05-07;11686;7158;451149;220147;24.0;11.7
69;2021-05-08;4302;1652;455451;221799;24.3;11.8
69;2021-05-09;6634;2679;462085;224478;24.6;12.0
69;2021-05-10;6935;6062;469020;230540;25.0;12.3
69;2021-05-11;9828;7041;478848;237581;25.5;12.7
69;2021-05-12;12463;6808;491311;244389;26.2;13.0
69;2021-05-13;10837;2561;502148;246950;26.8;13.2
69;2021-05-14;12590;5225;514738;252175;27.4;13.4
69;2021-05-15;9142;2599;523880;254774;27.9;13.6
69;2021-05-16;8408;1876;532288;256650;28.4;13.7
69;2021-05-17;11307;5650;543595;262300;29.0;14.0
69;2021-05-18;13225;6401;556820;268701;29.7;14.3
69;2021-05-19;13699;5893;570519;274594;30.4;14.6
69;2021-05-20;11381;6088;581900;280682;31.0;15.0
69;2021-05-21;11041;6566;592941;287248;31.6;15.3
69;2021-05-22;5579;2576;598520;289824;31.9;15.4
69;2021-05-23;4569;1545;603089;291369;32.1;15.5
69;2021-05-24;8433;1863;611522;293232;32.6;15.6
69;2021-05-25;9744;6180;621266;299412;33.1;16.0
69;2021-05-26;10283;6117;631549;305529;33.7;16.3
69;2021-05-27;10434;6782;641983;312311;34.2;16.6
69;2021-05-28;11616;8744;653599;321055;34.8;17.1
69;2021-05-29;7390;6039;660989;327094;35.2;17.4
69;2021-05-30;7384;3171;668373;330265;35.6;17.6
69;2021-05-31;10961;6377;679334;336642;36.2;17.9
69;2021-06-01;12829;7521;692163;344163;36.9;18.3
69;2021-06-02;14880;6714;707043;350877;37.7;18.7
69;2021-06-03;16632;7430;723675;358307;38.6;19.1
69;2021-06-04;16202;8560;739877;366867;39.4;19.6
69;2021-06-05;10104;3412;749981;370279;40.0;19.7
69;2021-06-06;7487;1713;757468;371992;40.4;19.8
69;2021-06-07;12816;7040;770284;379032;41.1;20.2
69;2021-06-08;16377;8279;786661;387311;41.9;20.6
69;2021-06-09;15221;7362;801882;394673;42.7;21.0
69;2021-06-10;16271;7325;818153;401998;43.6;21.4
69;2021-06-11;16658;9691;834811;411689;44.5;21.9
69;2021-06-12;8520;4190;843331;415879;45.0;22.2
69;2021-06-13;5621;2144;848952;418023;45.3;22.3
69;2021-06-14;8584;9102;857536;427125;45.7;22.8
69;2021-06-15;10940;11024;868476;438149;46.3;23.4
69;2021-06-16;11348;12323;879824;450472;46.9;24.0
69;2021-06-17;11462;13252;891286;463724;47.5;24.7
69;2021-06-18;12077;14781;903363;478505;48.2;25.5
69;2021-06-19;6825;8350;910188;486855;48.5;26.0
69;2021-06-20;5272;4767;915460;491622;48.8;26.2
69;2021-06-21;6552;12128;922012;503750;49.1;26.9
69;2021-06-22;7213;13837;929225;517587;49.5;27.6
69;2021-06-23;8354;13036;937579;530623;50.0;28.3
69;2021-06-24;9293;13733;946872;544356;50.5;29.0
69;2021-06-25;7071;16312;953943;560668;50.8;29.9
69;2021-06-26;3954;9075;957897;569743;51.1;30.4
69;2021-06-27;3289;7418;961186;577161;51.2;30.8
69;2021-06-28;4546;14889;965732;592050;51.5;31.6
69;2021-06-29;5369;15663;971101;607713;51.8;32.4
69;2021-06-30;6366;14452;977467;622165;52.1;33.2
69;2021-07-01;7522;11953;984989;634118;52.5;33.8
69;2021-07-02;8323;14124;993312;648242;52.9;34.6
69;2021-07-03;5982;7772;999294;656014;53.3;35.0
69;2021-07-04;4153;5550;1003447;661564;53.5;35.3
69;2021-07-05;5966;13018;1009413;674582;53.8;36.0
69;2021-07-06;5427;14276;1014840;688858;54.1;36.7
69;2021-07-07;7206;13553;1022046;702411;54.5;37.4
69;2021-07-08;7473;13416;1029519;715827;54.9;38.2
69;2021-07-09;7442;16462;1036961;732289;55.3;39.0
69;2021-07-10;3058;10323;1040019;742612;55.4;39.6
69;2021-07-11;4315;5837;1044334;748449;55.7;39.9
69;2021-07-12;3733;16972;1048067;765421;55.9;40.8
69;2021-07-13;6072;20742;1054139;786163;56.2;41.9
69;2021-07-14;4734;8492;1058873;794655;56.4;42.4
69;2021-07-15;7337;22615;1066210;817270;56.8;43.6
69;2021-07-16;9442;20134;1075652;837404;57.3;44.6
69;2021-07-17;4840;12246;1080492;849650;57.6;45.3
69;2021-07-18;3392;8903;1083884;858553;57.8;45.8
69;2021-07-19;6319;16471;1090203;875024;58.1;46.6
69;2021-07-20;9029;19313;1099232;894337;58.6;47.7
69;2021-07-21;9256;17408;1108488;911745;59.1;48.6
69;2021-07-22;11308;16437;1119796;928182;59.7;49.5
69;2021-07-23;10836;17657;1130632;945839;60.3;50.4
69;2021-07-24;5529;11034;1136161;956873;60.6;51.0
69;2021-07-25;4673;6625;1140834;963498;60.8;51.4
69;2021-07-26;8520;12933;1149354;976431;61.3;52.0
69;2021-07-27;12613;12142;1161967;988573;61.9;52.7
69;2021-07-28;11838;12097;1173805;1000670;62.6;53.3
69;2021-07-29;14476;12279;1188281;1012949;63.3;54.0
69;2021-07-30;13480;12197;1201761;1025146;64.1;54.6
69;2021-07-31;7991;7198;1209752;1032344;64.5;55.0
69;2021-08-01;4971;5849;1214723;1038193;64.7;55.3
69;2021-08-02;10164;9560;1224887;1047753;65.3;55.8
69;2021-08-03;12685;8945;1237572;1056698;66.0;56.3
69;2021-08-04;12292;8105;1249864;1064803;66.6;56.8
69;2021-08-05;10762;7472;1260626;1072275;67.2;57.2
69;2021-08-06;9484;7737;1270110;1080012;67.7;57.6
69;2021-08-07;4713;4787;1274823;1084799;68.0;57.8
69;2021-08-08;4247;3531;1279070;1088330;68.2;58.0
69;2021-08-09;6858;9168;1285928;1097498;68.5;58.5
69;2021-08-10;7660;6966;1293588;1104464;69.0;58.9
69;2021-08-11;7428;8024;1301016;1112488;69.3;59.3
70;2020-12-27;0;0;0;0;0.0;0.0
70;2020-12-28;0;0;0;0;0.0;0.0
70;2020-12-29;0;0;0;0;0.0;0.0
70;2020-12-30;0;0;0;0;0.0;0.0
70;2020-12-31;0;0;0;0;0.0;0.0
70;2021-01-01;0;0;0;0;0.0;0.0
70;2021-01-02;0;0;0;0;0.0;0.0
70;2021-01-03;0;0;0;0;0.0;0.0
70;2021-01-04;0;0;0;0;0.0;0.0
70;2021-01-05;0;0;0;0;0.0;0.0
70;2021-01-06;24;0;24;0;0.0;0.0
70;2021-01-07;121;0;145;0;0.1;0.0
70;2021-01-08;22;0;167;0;0.1;0.0
70;2021-01-09;0;0;167;0;0.1;0.0
70;2021-01-10;0;0;167;0;0.1;0.0
70;2021-01-11;148;1;315;1;0.1;0.0
70;2021-01-12;195;1;510;2;0.2;0.0
70;2021-01-13;172;2;682;4;0.3;0.0
70;2021-01-14;149;6;831;10;0.4;0.0
70;2021-01-15;153;0;984;10;0.4;0.0
70;2021-01-16;65;0;1049;10;0.4;0.0
70;2021-01-17;0;0;1049;10;0.4;0.0
70;2021-01-18;393;0;1442;10;0.6;0.0
70;2021-01-19;502;2;1944;12;0.8;0.0
70;2021-01-20;494;2;2438;14;1.0;0.0
70;2021-01-21;673;2;3111;16;1.3;0.0
70;2021-01-22;458;3;3569;19;1.5;0.0
70;2021-01-23;261;2;3830;21;1.6;0.0
70;2021-01-24;4;0;3834;21;1.6;0.0
70;2021-01-25;371;1;4205;22;1.8;0.0
70;2021-01-26;335;1;4540;23;1.9;0.0
70;2021-01-27;328;10;4868;33;2.1;0.0
70;2021-01-28;365;36;5233;69;2.2;0.0
70;2021-01-29;329;52;5562;121;2.4;0.1
70;2021-01-30;228;1;5790;122;2.5;0.1
70;2021-01-31;0;0;5790;122;2.5;0.1
70;2021-02-01;260;51;6050;173;2.6;0.1
70;2021-02-02;272;98;6322;271;2.7;0.1
70;2021-02-03;252;61;6574;332;2.8;0.1
70;2021-02-04;264;122;6838;454;2.9;0.2
70;2021-02-05;254;75;7092;529;3.0;0.2
70;2021-02-06;209;38;7301;567;3.1;0.2
70;2021-02-07;0;0;7301;567;3.1;0.2
70;2021-02-08;178;235;7479;802;3.2;0.3
70;2021-02-09;206;231;7685;1033;3.3;0.4
70;2021-02-10;196;302;7881;1335;3.4;0.6
70;2021-02-11;351;329;8232;1664;3.5;0.7
70;2021-02-12;239;492;8471;2156;3.6;0.9
70;2021-02-13;75;211;8546;2367;3.7;1.0
70;2021-02-14;0;29;8546;2396;3.7;1.0
70;2021-02-15;70;340;8616;2736;3.7;1.2
70;2021-02-16;113;363;8729;3099;3.7;1.3
70;2021-02-17;167;305;8896;3404;3.8;1.5
70;2021-02-18;205;259;9101;3663;3.9;1.6
70;2021-02-19;197;205;9298;3868;4.0;1.7
70;2021-02-20;192;69;9490;3937;4.1;1.7
70;2021-02-21;1;0;9491;3937;4.1;1.7
70;2021-02-22;107;237;9598;4174;4.1;1.8
70;2021-02-23;125;262;9723;4436;4.2;1.9
70;2021-02-24;130;233;9853;4669;4.2;2.0
70;2021-02-25;315;258;10168;4927;4.4;2.1
70;2021-02-26;395;148;10563;5075;4.5;2.2
70;2021-02-27;147;202;10710;5277;4.6;2.3
70;2021-02-28;0;0;10710;5277;4.6;2.3
70;2021-03-01;249;241;10959;5518;4.7;2.4
70;2021-03-02;487;276;11446;5794;4.9;2.5
70;2021-03-03;467;255;11913;6049;5.1;2.6
70;2021-03-04;691;272;12604;6321;5.4;2.7
70;2021-03-05;766;258;13370;6579;5.7;2.8
70;2021-03-06;540;116;13910;6695;6.0;2.9
70;2021-03-07;216;24;14126;6719;6.1;2.9
70;2021-03-08;554;210;14680;6929;6.3;3.0
70;2021-03-09;866;175;15546;7104;6.7;3.0
70;2021-03-10;659;177;16205;7281;6.9;3.1
70;2021-03-11;698;252;16903;7533;7.2;3.2
70;2021-03-12;985;178;17888;7711;7.7;3.3
70;2021-03-13;581;118;18469;7829;7.9;3.4
70;2021-03-14;19;0;18488;7829;7.9;3.4
70;2021-03-15;774;109;19262;7938;8.3;3.4
70;2021-03-16;655;91;19917;8029;8.5;3.4
70;2021-03-17;595;181;20512;8210;8.8;3.5
70;2021-03-18;633;141;21145;8351;9.1;3.6
70;2021-03-19;1018;139;22163;8490;9.5;3.6
70;2021-03-20;641;184;22804;8674;9.8;3.7
70;2021-03-21;9;0;22813;8674;9.8;3.7
70;2021-03-22;757;98;23570;8772;10.1;3.8
70;2021-03-23;1306;156;24876;8928;10.7;3.8
70;2021-03-24;1270;103;26146;9031;11.2;3.9
70;2021-03-25;1244;193;27390;9224;11.7;4.0
70;2021-03-26;1487;293;28877;9517;12.4;4.1
70;2021-03-27;957;125;29834;9642;12.8;4.1
70;2021-03-28;0;10;29834;9652;12.8;4.1
70;2021-03-29;718;411;30552;10063;13.1;4.3
70;2021-03-30;1093;316;31645;10379;13.6;4.5
70;2021-03-31;878;317;32523;10696;13.9;4.6
70;2021-04-01;1153;426;33676;11122;14.4;4.8
70;2021-04-02;1310;345;34986;11467;15.0;4.9
70;2021-04-03;639;320;35625;11787;15.3;5.1
70;2021-04-04;10;0;35635;11787;15.3;5.1
70;2021-04-05;4;2;35639;11789;15.3;5.1
70;2021-04-06;831;555;36470;12344;15.6;5.3
70;2021-04-07;858;586;37328;12930;16.0;5.5
70;2021-04-08;1319;561;38647;13491;16.6;5.8
70;2021-04-09;1403;531;40050;14022;17.2;6.0
70;2021-04-10;858;348;40908;14370;17.5;6.2
70;2021-04-11;21;1;40929;14371;17.6;6.2
70;2021-04-12;695;659;41624;15030;17.8;6.4
70;2021-04-13;920;766;42544;15796;18.2;6.8
70;2021-04-14;815;576;43359;16372;18.6;7.0
70;2021-04-15;1079;605;44438;16977;19.1;7.3
70;2021-04-16;1244;548;45682;17525;19.6;7.5
70;2021-04-17;689;470;46371;17995;19.9;7.7
70;2021-04-18;58;4;46429;17999;19.9;7.7
70;2021-04-19;540;807;46969;18806;20.1;8.1
70;2021-04-20;664;854;47633;19660;20.4;8.4
70;2021-04-21;484;929;48117;20589;20.6;8.8
70;2021-04-22;776;800;48893;21389;21.0;9.2
70;2021-04-23;875;742;49768;22131;21.3;9.5
70;2021-04-24;432;642;50200;22773;21.5;9.8
70;2021-04-25;11;0;50211;22773;21.5;9.8
70;2021-04-26;925;601;51136;23374;21.9;10.0
70;2021-04-27;1209;751;52345;24125;22.4;10.3
70;2021-04-28;889;810;53234;24935;22.8;10.7
70;2021-04-29;1343;932;54577;25867;23.4;11.1
70;2021-04-30;1533;876;56110;26743;24.1;11.5
70;2021-05-01;1694;120;57804;26863;24.8;11.5
70;2021-05-02;2;0;57806;26863;24.8;11.5
70;2021-05-03;1190;577;58996;27440;25.3;11.8
70;2021-05-04;1354;751;60350;28191;25.9;12.1
70;2021-05-05;1190;874;61540;29065;26.4;12.5
70;2021-05-06;1847;1266;63387;30331;27.2;13.0
70;2021-05-07;2126;1239;65513;31570;28.1;13.5
70;2021-05-08;1340;189;66853;31759;28.7;13.6
70;2021-05-09;8;58;66861;31817;28.7;13.6
70;2021-05-10;960;945;67821;32762;29.1;14.0
70;2021-05-11;1239;1069;69060;33831;29.6;14.5
70;2021-05-12;1176;866;70236;34697;30.1;14.9
70;2021-05-13;1544;147;71780;34844;30.8;14.9
70;2021-05-14;2062;755;73842;35599;31.7;15.3
70;2021-05-15;2657;531;76499;36130;32.8;15.5
70;2021-05-16;999;71;77498;36201;33.2;15.5
70;2021-05-17;1237;385;78735;36586;33.8;15.7
70;2021-05-18;1296;591;80031;37177;34.3;15.9
70;2021-05-19;1476;479;81507;37656;35.0;16.1
70;2021-05-20;1780;630;83287;38286;35.7;16.4
70;2021-05-21;1690;819;84977;39105;36.4;16.8
70;2021-05-22;1221;664;86198;39769;37.0;17.1
70;2021-05-23;8;14;86206;39783;37.0;17.1
70;2021-05-24;226;25;86432;39808;37.1;17.1
70;2021-05-25;835;925;87267;40733;37.4;17.5
70;2021-05-26;1048;947;88315;41680;37.9;17.9
70;2021-05-27;1263;997;89578;42677;38.4;18.3
70;2021-05-28;1546;1160;91124;43837;39.1;18.8
70;2021-05-29;1371;587;92495;44424;39.7;19.1
70;2021-05-30;1;8;92496;44432;39.7;19.1
70;2021-05-31;969;678;93465;45110;40.1;19.3
70;2021-06-01;1213;850;94678;45960;40.6;19.7
70;2021-06-02;1264;677;95942;46637;41.1;20.0
70;2021-06-03;1430;840;97372;47477;41.8;20.4
70;2021-06-04;1336;1108;98708;48585;42.3;20.8
70;2021-06-05;1024;663;99732;49248;42.8;21.1
70;2021-06-06;599;79;100331;49327;43.0;21.2
70;2021-06-07;940;850;101271;50177;43.4;21.5
70;2021-06-08;1217;1185;102488;51362;43.9;22.0
70;2021-06-09;1156;987;103644;52349;44.4;22.4
70;2021-06-10;1567;827;105211;53176;45.1;22.8
70;2021-06-11;1587;1956;106798;55132;45.8;23.6
70;2021-06-12;829;1971;107627;57103;46.2;24.5
70;2021-06-13;142;14;107769;57117;46.2;24.5
70;2021-06-14;558;1245;108327;58362;46.5;25.0
70;2021-06-15;451;1506;108778;59868;46.6;25.7
70;2021-06-16;800;1394;109578;61262;47.0;26.3
70;2021-06-17;1150;2095;110728;63357;47.5;27.2
70;2021-06-18;994;2254;111722;65611;47.9;28.1
70;2021-06-19;1091;1639;112813;67250;48.4;28.8
70;2021-06-20;1;3;112814;67253;48.4;28.8
70;2021-06-21;691;1453;113505;68706;48.7;29.5
70;2021-06-22;653;1509;114158;70215;49.0;30.1
70;2021-06-23;662;1570;114820;71785;49.2;30.8
70;2021-06-24;876;2050;115696;73835;49.6;31.7
70;2021-06-25;683;2646;116379;76481;49.9;32.8
70;2021-06-26;943;2137;117322;78618;50.3;33.7
70;2021-06-27;140;760;117462;79378;50.4;34.0
70;2021-06-28;336;1348;117798;80726;50.5;34.6
70;2021-06-29;411;1609;118209;82335;50.7;35.3
70;2021-06-30;390;1634;118599;83969;50.9;36.0
70;2021-07-01;640;1751;119239;85720;51.1;36.8
70;2021-07-02;814;1575;120053;87295;51.5;37.4
70;2021-07-03;841;1080;120894;88375;51.8;37.9
70;2021-07-04;29;70;120923;88445;51.9;37.9
70;2021-07-05;611;1036;121534;89481;52.1;38.4
70;2021-07-06;682;1274;122216;90755;52.4;38.9
70;2021-07-07;508;1424;122724;92179;52.6;39.5
70;2021-07-08;815;1572;123539;93751;53.0;40.2
70;2021-07-09;871;1661;124410;95412;53.4;40.9
70;2021-07-10;831;1031;125241;96443;53.7;41.4
70;2021-07-11;6;20;125247;96463;53.7;41.4
70;2021-07-12;429;1396;125676;97859;53.9;42.0
70;2021-07-13;907;1868;126583;99727;54.3;42.8
70;2021-07-14;33;6;126616;99733;54.3;42.8
70;2021-07-15;1378;1697;127994;101430;54.9;43.5
70;2021-07-16;1620;2062;129614;103492;55.6;44.4
70;2021-07-17;1500;1449;131114;104941;56.2;45.0
70;2021-07-18;1139;638;132253;105579;56.7;45.3
70;2021-07-19;882;972;133135;106551;57.1;45.7
70;2021-07-20;1351;1358;134486;107909;57.7;46.3
70;2021-07-21;1279;1399;135765;109308;58.2;46.9
70;2021-07-22;1863;1825;137628;111133;59.0;47.7
70;2021-07-23;1827;2494;139455;113627;59.8;48.7
70;2021-07-24;1363;1801;140818;115428;60.4;49.5
70;2021-07-25;25;2;140843;115430;60.4;49.5
70;2021-07-26;1051;974;141894;116404;60.8;49.9
70;2021-07-27;1389;975;143283;117379;61.4;50.3
70;2021-07-28;1394;1161;144677;118540;62.0;50.8
70;2021-07-29;1870;1380;146547;119920;62.8;51.4
70;2021-07-30;1966;1342;148513;121262;63.7;52.0
70;2021-07-31;1745;1161;150258;122423;64.4;52.5
70;2021-08-01;1;4;150259;122427;64.4;52.5
70;2021-08-02;773;734;151032;123161;64.8;52.8
70;2021-08-03;1289;1033;152321;124194;65.3;53.3
70;2021-08-04;1209;917;153530;125111;65.8;53.7
70;2021-08-05;1657;1190;155187;126301;66.5;54.2
70;2021-08-06;1792;1327;156979;127628;67.3;54.7
70;2021-08-07;1188;1022;158167;128650;67.8;55.2
70;2021-08-08;35;28;158202;128678;67.8;55.2
70;2021-08-09;527;701;158729;129379;68.1;55.5
70;2021-08-10;890;1132;159619;130511;68.4;56.0
70;2021-08-11;806;721;160425;131232;68.8;56.3
71;2020-12-27;0;0;0;0;0.0;0.0
71;2020-12-28;0;0;0;0;0.0;0.0
71;2020-12-29;0;0;0;0;0.0;0.0
71;2020-12-30;0;0;0;0;0.0;0.0
71;2020-12-31;0;0;0;0;0.0;0.0
71;2021-01-01;1;0;1;0;0.0;0.0
71;2021-01-02;0;0;1;0;0.0;0.0
71;2021-01-03;1;0;2;0;0.0;0.0
71;2021-01-04;1;0;3;0;0.0;0.0
71;2021-01-05;12;0;15;0;0.0;0.0
71;2021-01-06;72;0;87;0;0.0;0.0
71;2021-01-07;66;0;153;0;0.0;0.0
71;2021-01-08;146;0;299;0;0.1;0.0
71;2021-01-09;117;0;416;0;0.1;0.0
71;2021-01-10;1;0;417;0;0.1;0.0
71;2021-01-11;245;0;662;0;0.1;0.0
71;2021-01-12;846;1;1508;1;0.3;0.0
71;2021-01-13;562;2;2070;3;0.4;0.0
71;2021-01-14;581;9;2651;12;0.5;0.0
71;2021-01-15;666;1;3317;13;0.6;0.0
71;2021-01-16;9;0;3326;13;0.6;0.0
71;2021-01-17;0;0;3326;13;0.6;0.0
71;2021-01-18;1094;8;4420;21;0.8;0.0
71;2021-01-19;1688;5;6108;26;1.1;0.0
71;2021-01-20;1510;5;7618;31;1.4;0.0
71;2021-01-21;2056;14;9674;45;1.8;0.0
71;2021-01-22;1411;6;11085;51;2.0;0.0
71;2021-01-23;815;6;11900;57;2.2;0.0
71;2021-01-24;0;0;11900;57;2.2;0.0
71;2021-01-25;1064;6;12964;63;2.4;0.0
71;2021-01-26;1504;19;14468;82;2.6;0.0
71;2021-01-27;1248;32;15716;114;2.9;0.0
71;2021-01-28;1082;97;16798;211;3.1;0.0
71;2021-01-29;1014;144;17812;355;3.3;0.1
71;2021-01-30;604;2;18416;357;3.4;0.1
71;2021-01-31;1;15;18417;372;3.4;0.1
71;2021-02-01;751;238;19168;610;3.5;0.1
71;2021-02-02;753;357;19921;967;3.6;0.2
71;2021-02-03;818;424;20739;1391;3.8;0.3
71;2021-02-04;780;572;21519;1963;3.9;0.4
71;2021-02-05;705;525;22224;2488;4.1;0.5
71;2021-02-06;535;9;22759;2497;4.2;0.5
71;2021-02-07;3;50;22762;2547;4.2;0.5
71;2021-02-08;603;699;23365;3246;4.3;0.6
71;2021-02-09;371;1012;23736;4258;4.3;0.8
71;2021-02-10;412;992;24148;5250;4.4;1.0
71;2021-02-11;472;1181;24620;6431;4.5;1.2
71;2021-02-12;534;1037;25154;7468;4.6;1.4
71;2021-02-13;125;513;25279;7981;4.6;1.5
71;2021-02-14;1;7;25280;7988;4.6;1.5
71;2021-02-15;322;914;25602;8902;4.7;1.6
71;2021-02-16;442;1364;26044;10266;4.8;1.9
71;2021-02-17;426;1125;26470;11391;4.8;2.1
71;2021-02-18;548;935;27018;12326;4.9;2.2
71;2021-02-19;574;853;27592;13179;5.0;2.4
71;2021-02-20;224;381;27816;13560;5.1;2.5
71;2021-02-21;4;13;27820;13573;5.1;2.5
71;2021-02-22;237;879;28057;14452;5.1;2.6
71;2021-02-23;452;926;28509;15378;5.2;2.8
71;2021-02-24;444;725;28953;16103;5.3;2.9
71;2021-02-25;530;728;29483;16831;5.4;3.1
71;2021-02-26;830;532;30313;17363;5.5;3.2
71;2021-02-27;456;339;30769;17702;5.6;3.2
71;2021-02-28;54;14;30823;17716;5.6;3.2
71;2021-03-01;1187;680;32010;18396;5.8;3.4
71;2021-03-02;1574;644;33584;19040;6.1;3.5
71;2021-03-03;1819;773;35403;19813;6.5;3.6
71;2021-03-04;2001;818;37404;20631;6.8;3.8
71;2021-03-05;2284;690;39688;21321;7.2;3.9
71;2021-03-06;755;63;40443;21384;7.4;3.9
71;2021-03-07;40;21;40483;21405;7.4;3.9
71;2021-03-08;1452;782;41935;22187;7.7;4.1
71;2021-03-09;2160;523;44095;22710;8.0;4.1
71;2021-03-10;2166;463;46261;23173;8.4;4.2
71;2021-03-11;2631;653;48892;23826;8.9;4.3
71;2021-03-12;2606;623;51498;24449;9.4;4.5
71;2021-03-13;996;98;52494;24547;9.6;4.5
71;2021-03-14;35;0;52529;24547;9.6;4.5
71;2021-03-15;1799;496;54328;25043;9.9;4.6
71;2021-03-16;1821;197;56149;25240;10.2;4.6
71;2021-03-17;2131;251;58280;25491;10.6;4.7
71;2021-03-18;1952;436;60232;25927;11.0;4.7
71;2021-03-19;2368;329;62600;26256;11.4;4.8
71;2021-03-20;1084;38;63684;26294;11.6;4.8
71;2021-03-21;16;5;63700;26299;11.6;4.8
71;2021-03-22;2576;372;66276;26671;12.1;4.9
71;2021-03-23;3346;500;69622;27171;12.7;5.0
71;2021-03-24;3346;454;72968;27625;13.3;5.0
71;2021-03-25;4025;586;76993;28211;14.1;5.1
71;2021-03-26;4054;330;81047;28541;14.8;5.2
71;2021-03-27;998;105;82045;28646;15.0;5.2
71;2021-03-28;57;8;82102;28654;15.0;5.2
71;2021-03-29;2406;1173;84508;29827;15.4;5.4
71;2021-03-30;2952;1362;87460;31189;16.0;5.7
71;2021-03-31;2554;1521;90014;32710;16.4;6.0
71;2021-04-01;2717;1300;92731;34010;16.9;6.2
71;2021-04-02;2504;1418;95235;35428;17.4;6.5
71;2021-04-03;268;33;95503;35461;17.4;6.5
71;2021-04-04;6;0;95509;35461;17.4;6.5
71;2021-04-05;61;0;95570;35461;17.4;6.5
71;2021-04-06;2260;1873;97830;37334;17.9;6.8
71;2021-04-07;2392;1790;100222;39124;18.3;7.1
71;2021-04-08;3282;1805;103504;40929;18.9;7.5
71;2021-04-09;4039;1670;107543;42599;19.6;7.8
71;2021-04-10;769;44;108312;42643;19.8;7.8
71;2021-04-11;100;3;108412;42646;19.8;7.8
71;2021-04-12;2353;1699;110765;44345;20.2;8.1
71;2021-04-13;2583;1894;113348;46239;20.7;8.4
71;2021-04-14;2369;1921;115717;48160;21.1;8.8
71;2021-04-15;2778;1688;118495;49848;21.6;9.1
71;2021-04-16;2625;1649;121120;51497;22.1;9.4
71;2021-04-17;952;344;122072;51841;22.3;9.5
71;2021-04-18;106;5;122178;51846;22.3;9.5
71;2021-04-19;1759;2573;123937;54419;22.6;9.9
71;2021-04-20;2220;2601;126157;57020;23.0;10.4
71;2021-04-21;2124;2594;128281;59614;23.4;10.9
71;2021-04-22;2511;2439;130792;62053;23.9;11.3
71;2021-04-23;2919;2269;133711;64322;24.4;11.7
71;2021-04-24;518;52;134229;64374;24.5;11.8
71;2021-04-25;26;0;134255;64374;24.5;11.8
71;2021-04-26;2567;2129;136822;66503;25.0;12.1
71;2021-04-27;2985;2257;139807;68760;25.5;12.6
71;2021-04-28;3075;2129;142882;70889;26.1;12.9
71;2021-04-29;3779;2231;146661;73120;26.8;13.3
71;2021-04-30;3928;1725;150589;74845;27.5;13.7
71;2021-05-01;38;53;150627;74898;27.5;13.7
71;2021-05-02;23;18;150650;74916;27.5;13.7
71;2021-05-03;4289;1385;154939;76301;28.3;13.9
71;2021-05-04;2956;2351;157895;78652;28.8;14.4
71;2021-05-05;3426;2094;161321;80746;29.4;14.7
71;2021-05-06;3465;2369;164786;83115;30.1;15.2
71;2021-05-07;3673;2811;168459;85926;30.8;15.7
71;2021-05-08;179;183;168638;86109;30.8;15.7
71;2021-05-09;43;47;168681;86156;30.8;15.7
71;2021-05-10;3699;2282;172380;88438;31.5;16.1
71;2021-05-11;4662;2356;177042;90794;32.3;16.6
71;2021-05-12;3975;2595;181017;93389;33.0;17.0
71;2021-05-13;1576;154;182593;93543;33.3;17.1
71;2021-05-14;3763;2193;186356;95736;34.0;17.5
71;2021-05-15;242;329;186598;96065;34.1;17.5
71;2021-05-16;2;0;186600;96065;34.1;17.5
71;2021-05-17;3864;1885;190464;97950;34.8;17.9
71;2021-05-18;3496;2427;193960;100377;35.4;18.3
71;2021-05-19;3719;2282;197679;102659;36.1;18.7
71;2021-05-20;4180;2297;201859;104956;36.8;19.2
71;2021-05-21;3724;2576;205583;107532;37.5;19.6
71;2021-05-22;168;306;205751;107838;37.6;19.7
71;2021-05-23;14;55;205765;107893;37.6;19.7
71;2021-05-24;18;96;205783;107989;37.6;19.7
71;2021-05-25;2692;3007;208475;110996;38.1;20.3
71;2021-05-26;2972;2434;211447;113430;38.6;20.7
71;2021-05-27;3389;2588;214836;116018;39.2;21.2
71;2021-05-28;2920;3161;217756;119179;39.7;21.8
71;2021-05-29;482;659;218238;119838;39.8;21.9
71;2021-05-30;75;57;218313;119895;39.9;21.9
71;2021-05-31;2775;3458;221088;123353;40.4;22.5
71;2021-06-01;3661;3540;224749;126893;41.0;23.2
71;2021-06-02;3995;2623;228744;129516;41.8;23.6
71;2021-06-03;4436;2531;233180;132047;42.6;24.1
71;2021-06-04;3716;3714;236896;135761;43.2;24.8
71;2021-06-05;684;645;237580;136406;43.4;24.9
71;2021-06-06;57;91;237637;136497;43.4;24.9
71;2021-06-07;3280;4147;240917;140644;44.0;25.7
71;2021-06-08;3897;4014;244814;144658;44.7;26.4
71;2021-06-09;4692;2747;249506;147405;45.5;26.9
71;2021-06-10;5269;2741;254775;150146;46.5;27.4
71;2021-06-11;4436;3719;259211;153865;47.3;28.1
71;2021-06-12;716;594;259927;154459;47.4;28.2
71;2021-06-13;104;187;260031;154646;47.5;28.2
71;2021-06-14;3512;3779;263543;158425;48.1;28.9
71;2021-06-15;4206;3559;267749;161984;48.9;29.6
71;2021-06-16;4596;2719;272345;164703;49.7;30.1
71;2021-06-17;4267;2997;276612;167700;50.5;30.6
71;2021-06-18;4324;3772;280936;171472;51.3;31.3
71;2021-06-19;1270;653;282206;172125;51.5;31.4
71;2021-06-20;37;27;282243;172152;51.5;31.4
71;2021-06-21;2271;4282;284514;176434;51.9;32.2
71;2021-06-22;2685;4353;287199;180787;52.4;33.0
71;2021-06-23;3062;3414;290261;184201;53.0;33.6
71;2021-06-24;3326;3020;293587;187221;53.6;34.2
71;2021-06-25;2652;4472;296239;191693;54.1;35.0
71;2021-06-26;372;551;296611;192244;54.1;35.1
71;2021-06-27;30;68;296641;192312;54.1;35.1
71;2021-06-28;1532;4619;298173;196931;54.4;35.9
71;2021-06-29;1990;4822;300163;201753;54.8;36.8
71;2021-06-30;2502;3933;302665;205686;55.2;37.5
71;2021-07-01;2643;3901;305308;209587;55.7;38.3
71;2021-07-02;2906;3985;308214;213572;56.3;39.0
71;2021-07-03;318;710;308532;214282;56.3;39.1
71;2021-07-04;28;133;308560;214415;56.3;39.1
71;2021-07-05;2474;4321;311034;218736;56.8;39.9
71;2021-07-06;2459;4567;313493;223303;57.2;40.8
71;2021-07-07;2949;3726;316442;227029;57.8;41.4
71;2021-07-08;2766;4112;319208;231141;58.3;42.2
71;2021-07-09;2380;5026;321588;236167;58.7;43.1
71;2021-07-10;208;656;321796;236823;58.7;43.2
71;2021-07-11;15;65;321811;236888;58.7;43.2
71;2021-07-12;1908;5310;323719;242198;59.1;44.2
71;2021-07-13;2539;5869;326258;248067;59.6;45.3
71;2021-07-14;947;398;327205;248465;59.7;45.4
71;2021-07-15;3016;5741;330221;254206;60.3;46.4
71;2021-07-16;3289;6016;333510;260222;60.9;47.5
71;2021-07-17;502;781;334012;261003;61.0;47.6
71;2021-07-18;88;93;334100;261096;61.0;47.7
71;2021-07-19;2856;5580;336956;266676;61.5;48.7
71;2021-07-20;3339;5923;340295;272599;62.1;49.8
71;2021-07-21;3397;5470;343692;278069;62.7;50.8
71;2021-07-22;3928;5337;347620;283406;63.5;51.7
71;2021-07-23;3222;5998;350842;289404;64.0;52.8
71;2021-07-24;701;595;351543;289999;64.2;52.9
71;2021-07-25;145;80;351688;290079;64.2;53.0
71;2021-07-26;3575;4904;355263;294983;64.8;53.8
71;2021-07-27;4063;5115;359326;300098;65.6;54.8
71;2021-07-28;4209;4818;363535;304916;66.4;55.7
71;2021-07-29;4188;4635;367723;309551;67.1;56.5
71;2021-07-30;4219;4913;371942;314464;67.9;57.4
71;2021-07-31;717;726;372659;315190;68.0;57.5
71;2021-08-01;104;35;372763;315225;68.0;57.5
71;2021-08-02;3943;3753;376706;318978;68.8;58.2
71;2021-08-03;4378;3818;381084;322796;69.6;58.9
71;2021-08-04;4371;2975;385455;325771;70.4;59.5
71;2021-08-05;4151;3251;389606;329022;71.1;60.1
71;2021-08-06;3660;4005;393266;333027;71.8;60.8
71;2021-08-07;492;328;393758;333355;71.9;60.9
71;2021-08-08;46;64;393804;333419;71.9;60.9
71;2021-08-09;3018;3410;396822;336829;72.4;61.5
71;2021-08-10;3053;3380;399875;340209;73.0;62.1
71;2021-08-11;3159;3063;403034;343272;73.6;62.7
72;2020-12-27;0;0;0;0;0.0;0.0
72;2020-12-28;0;0;0;0;0.0;0.0
72;2020-12-29;0;0;0;0;0.0;0.0
72;2020-12-30;0;0;0;0;0.0;0.0
72;2020-12-31;0;0;0;0;0.0;0.0
72;2021-01-01;2;0;2;0;0.0;0.0
72;2021-01-02;0;0;2;0;0.0;0.0
72;2021-01-03;0;0;2;0;0.0;0.0
72;2021-01-04;0;0;2;0;0.0;0.0
72;2021-01-05;14;0;16;0;0.0;0.0
72;2021-01-06;27;0;43;0;0.0;0.0
72;2021-01-07;110;0;153;0;0.0;0.0
72;2021-01-08;232;0;385;0;0.1;0.0
72;2021-01-09;36;0;421;0;0.1;0.0
72;2021-01-10;0;0;421;0;0.1;0.0
72;2021-01-11;484;1;905;1;0.2;0.0
72;2021-01-12;615;1;1520;2;0.3;0.0
72;2021-01-13;500;1;2020;3;0.4;0.0
72;2021-01-14;644;3;2664;6;0.5;0.0
72;2021-01-15;478;1;3142;7;0.6;0.0
72;2021-01-16;93;0;3235;7;0.6;0.0
72;2021-01-17;0;0;3235;7;0.6;0.0
72;2021-01-18;292;0;3527;7;0.6;0.0
72;2021-01-19;774;3;4301;10;0.8;0.0
72;2021-01-20;1535;6;5836;16;1.0;0.0
72;2021-01-21;1744;5;7580;21;1.4;0.0
72;2021-01-22;1149;6;8729;27;1.6;0.0
72;2021-01-23;32;0;8761;27;1.6;0.0
72;2021-01-24;0;0;8761;27;1.6;0.0
72;2021-01-25;502;7;9263;34;1.7;0.0
72;2021-01-26;1165;22;10428;56;1.9;0.0
72;2021-01-27;882;19;11310;75;2.0;0.0
72;2021-01-28;776;68;12086;143;2.2;0.0
72;2021-01-29;712;69;12798;212;2.3;0.0
72;2021-01-30;58;0;12856;212;2.3;0.0
72;2021-01-31;1;0;12857;212;2.3;0.0
72;2021-02-01;499;229;13356;441;2.4;0.1
72;2021-02-02;506;295;13862;736;2.5;0.1
72;2021-02-03;484;229;14346;965;2.6;0.2
72;2021-02-04;475;342;14821;1307;2.6;0.2
72;2021-02-05;512;409;15333;1716;2.7;0.3
72;2021-02-06;83;14;15416;1730;2.8;0.3
72;2021-02-07;19;3;15435;1733;2.8;0.3
72;2021-02-08;310;405;15745;2138;2.8;0.4
72;2021-02-09;489;531;16234;2669;2.9;0.5
72;2021-02-10;551;928;16785;3597;3.0;0.6
72;2021-02-11;851;1350;17636;4947;3.1;0.9
72;2021-02-12;848;595;18484;5542;3.3;1.0
72;2021-02-13;108;38;18592;5580;3.3;1.0
72;2021-02-14;1;22;18593;5602;3.3;1.0
72;2021-02-15;220;503;18813;6105;3.4;1.1
72;2021-02-16;498;1030;19311;7135;3.4;1.3
72;2021-02-17;464;717;19775;7852;3.5;1.4
72;2021-02-18;594;638;20369;8490;3.6;1.5
72;2021-02-19;520;600;20889;9090;3.7;1.6
72;2021-02-20;80;57;20969;9147;3.7;1.6
72;2021-02-21;0;0;20969;9147;3.7;1.6
72;2021-02-22;325;583;21294;9730;3.8;1.7
72;2021-02-23;567;530;21861;10260;3.9;1.8
72;2021-02-24;435;471;22296;10731;4.0;1.9
72;2021-02-25;922;567;23218;11298;4.1;2.0
72;2021-02-26;600;512;23818;11810;4.3;2.1
72;2021-02-27;322;68;24140;11878;4.3;2.1
72;2021-02-28;15;17;24155;11895;4.3;2.1
72;2021-03-01;378;482;24533;12377;4.4;2.2
72;2021-03-02;503;605;25036;12982;4.5;2.3
72;2021-03-03;732;654;25768;13636;4.6;2.4
72;2021-03-04;738;778;26506;14414;4.7;2.6
72;2021-03-05;935;772;27441;15186;4.9;2.7
72;2021-03-06;760;135;28201;15321;5.0;2.7
72;2021-03-07;448;25;28649;15346;5.1;2.7
72;2021-03-08;559;461;29208;15807;5.2;2.8
72;2021-03-09;1041;660;30249;16467;5.4;2.9
72;2021-03-10;1136;666;31385;17133;5.6;3.1
72;2021-03-11;1606;494;32991;17627;5.9;3.1
72;2021-03-12;1363;518;34354;18145;6.1;3.2
72;2021-03-13;981;118;35335;18263;6.3;3.3
72;2021-03-14;14;10;35349;18273;6.3;3.3
72;2021-03-15;1158;222;36507;18495;6.5;3.3
72;2021-03-16;1051;189;37558;18684;6.7;3.3
72;2021-03-17;1034;257;38592;18941;6.9;3.4
72;2021-03-18;1087;370;39679;19311;7.1;3.4
72;2021-03-19;1274;292;40953;19603;7.3;3.5
72;2021-03-20;485;92;41438;19695;7.4;3.5
72;2021-03-21;19;0;41457;19695;7.4;3.5
72;2021-03-22;1349;341;42806;20036;7.6;3.6
72;2021-03-23;1723;478;44529;20514;7.9;3.7
72;2021-03-24;1840;303;46369;20817;8.3;3.7
72;2021-03-25;2445;462;48814;21279;8.7;3.8
72;2021-03-26;2335;374;51149;21653;9.1;3.9
72;2021-03-27;613;29;51762;21682;9.2;3.9
72;2021-03-28;22;0;51784;21682;9.2;3.9
72;2021-03-29;1616;380;53400;22062;9.5;3.9
72;2021-03-30;2494;386;55894;22448;10.0;4.0
72;2021-03-31;2135;361;58029;22809;10.4;4.1
72;2021-04-01;2833;340;60862;23149;10.9;4.1
72;2021-04-02;2246;397;63108;23546;11.3;4.2
72;2021-04-03;292;39;63400;23585;11.3;4.2
72;2021-04-04;14;3;63414;23588;11.3;4.2
72;2021-04-05;51;49;63465;23637;11.3;4.2
72;2021-04-06;1761;467;65226;24104;11.6;4.3
72;2021-04-07;2571;594;67797;24698;12.1;4.4
72;2021-04-08;2717;774;70514;25472;12.6;4.5
72;2021-04-09;3859;574;74373;26046;13.3;4.6
72;2021-04-10;1111;49;75484;26095;13.5;4.7
72;2021-04-11;7;1;75491;26096;13.5;4.7
72;2021-04-12;1848;897;77339;26993;13.8;4.8
72;2021-04-13;2361;1073;79700;28066;14.2;5.0
72;2021-04-14;2249;1096;81949;29162;14.6;5.2
72;2021-04-15;2421;1112;84370;30274;15.1;5.4
72;2021-04-16;2563;959;86933;31233;15.5;5.6
72;2021-04-17;708;144;87641;31377;15.6;5.6
72;2021-04-18;57;2;87698;31379;15.7;5.6
72;2021-04-19;1396;1093;89094;32472;15.9;5.8
72;2021-04-20;2999;1295;92093;33767;16.4;6.0
72;2021-04-21;2517;1563;94610;35330;16.9;6.3
72;2021-04-22;2814;1792;97424;37122;17.4;6.6
72;2021-04-23;3211;1450;100635;38572;18.0;6.9
72;2021-04-24;1400;265;102035;38837;18.2;6.9
72;2021-04-25;881;19;102916;38856;18.4;6.9
72;2021-04-26;3513;1478;106429;40334;19.0;7.2
72;2021-04-27;4091;1859;110520;42193;19.7;7.5
72;2021-04-28;3833;1862;114353;44055;20.4;7.9
72;2021-04-29;4158;1814;118511;45869;21.2;8.2
72;2021-04-30;3615;1709;122126;47578;21.8;8.5
72;2021-05-01;1642;224;123768;47802;22.1;8.5
72;2021-05-02;1533;160;125301;47962;22.4;8.6
72;2021-05-03;3456;1150;128757;49112;23.0;8.8
72;2021-05-04;4012;1796;132769;50908;23.7;9.1
72;2021-05-05;3867;2176;136636;53084;24.4;9.5
72;2021-05-06;3597;1936;140233;55020;25.0;9.8
72;2021-05-07;3546;2147;143779;57167;25.7;10.2
72;2021-05-08;1900;150;145679;57317;26.0;10.2
72;2021-05-09;2082;205;147761;57522;26.4;10.3
72;2021-05-10;3773;1519;151534;59041;27.0;10.5
72;2021-05-11;4597;1994;156131;61035;27.9;10.9
72;2021-05-12;4083;1818;160214;62853;28.6;11.2
72;2021-05-13;3031;270;163245;63123;29.1;11.3
72;2021-05-14;3662;1387;166907;64510;29.8;11.5
72;2021-05-15;3122;363;170029;64873;30.4;11.6
72;2021-05-16;2501;153;172530;65026;30.8;11.6
72;2021-05-17;3725;1282;176255;66308;31.5;11.8
72;2021-05-18;4332;1686;180587;67994;32.2;12.1
72;2021-05-19;3978;1507;184565;69501;32.9;12.4
72;2021-05-20;4261;1449;188826;70950;33.7;12.7
72;2021-05-21;3790;1386;192616;72336;34.4;12.9
72;2021-05-22;2560;506;195176;72842;34.8;13.0
72;2021-05-23;1391;162;196567;73004;35.1;13.0
72;2021-05-24;2353;295;198920;73299;35.5;13.1
72;2021-05-25;4073;1408;202993;74707;36.2;13.3
72;2021-05-26;4096;1410;207089;76117;37.0;13.6
72;2021-05-27;4346;2045;211435;78162;37.7;14.0
72;2021-05-28;4107;2018;215542;80180;38.5;14.3
72;2021-05-29;2668;809;218210;80989;39.0;14.5
72;2021-05-30;1142;870;219352;81859;39.2;14.6
72;2021-05-31;3121;2328;222473;84187;39.7;15.0
72;2021-06-01;3563;2669;226036;86856;40.3;15.5
72;2021-06-02;3611;2781;229647;89637;41.0;16.0
72;2021-06-03;4241;2996;233888;92633;41.7;16.5
72;2021-06-04;3892;2750;237780;95383;42.4;17.0
72;2021-06-05;1440;2565;239220;97948;42.7;17.5
72;2021-06-06;910;1540;240130;99488;42.9;17.8
72;2021-06-07;1746;3422;241876;102910;43.2;18.4
72;2021-06-08;2929;3833;244805;106743;43.7;19.1
72;2021-06-09;2651;3370;247456;110113;44.2;19.7
72;2021-06-10;2828;3314;250284;113427;44.7;20.2
72;2021-06-11;2838;3773;253122;117200;45.2;20.9
72;2021-06-12;1243;2598;254365;119798;45.4;21.4
72;2021-06-13;388;1859;254753;121657;45.5;21.7
72;2021-06-14;1336;4129;256089;125786;45.7;22.5
72;2021-06-15;2754;3513;258843;129299;46.2;23.1
72;2021-06-16;2427;3574;261270;132873;46.6;23.7
72;2021-06-17;2320;3877;263590;136750;47.1;24.4
72;2021-06-18;2308;4308;265898;141058;47.5;25.2
72;2021-06-19;1127;2762;267025;143820;47.7;25.7
72;2021-06-20;339;2056;267364;145876;47.7;26.0
72;2021-06-21;1565;4032;268929;149908;48.0;26.8
72;2021-06-22;1712;4995;270641;154903;48.3;27.7
72;2021-06-23;2004;4218;272645;159121;48.7;28.4
72;2021-06-24;2231;4014;274876;163135;49.1;29.1
72;2021-06-25;1770;4840;276646;167975;49.4;30.0
72;2021-06-26;1190;2880;277836;170855;49.6;30.5
72;2021-06-27;392;2112;278228;172967;49.7;30.9
72;2021-06-28;1440;4294;279668;177261;49.9;31.6
72;2021-06-29;1768;4742;281436;182003;50.2;32.5
72;2021-06-30;1979;4166;283415;186169;50.6;33.2
72;2021-07-01;1939;4416;285354;190585;50.9;34.0
72;2021-07-02;1850;4715;287204;195300;51.3;34.9
72;2021-07-03;1291;3118;288495;198418;51.5;35.4
72;2021-07-04;583;1946;289078;200364;51.6;35.8
72;2021-07-05;1191;4164;290269;204528;51.8;36.5
72;2021-07-06;1461;5164;291730;209692;52.1;37.4
72;2021-07-07;1580;4612;293310;214304;52.4;38.3
72;2021-07-08;1646;4327;294956;218631;52.6;39.0
72;2021-07-09;2103;4615;297059;223246;53.0;39.8
72;2021-07-10;1590;2690;298649;225936;53.3;40.3
72;2021-07-11;949;1589;299598;227525;53.5;40.6
72;2021-07-12;1592;3758;301190;231283;53.8;41.3
72;2021-07-13;2085;4777;303275;236060;54.1;42.1
72;2021-07-14;1322;2366;304597;238426;54.4;42.6
72;2021-07-15;3484;3431;308081;241857;55.0;43.2
72;2021-07-16;3168;4134;311249;245991;55.6;43.9
72;2021-07-17;2634;1763;313883;247754;56.0;44.2
72;2021-07-18;1706;820;315589;248574;56.3;44.4
72;2021-07-19;2909;3515;318498;252089;56.9;45.0
72;2021-07-20;3029;4287;321527;256376;57.4;45.8
72;2021-07-21;2871;3600;324398;259976;57.9;46.4
72;2021-07-22;3746;2910;328144;262886;58.6;46.9
72;2021-07-23;3453;3792;331597;266678;59.2;47.6
72;2021-07-24;2811;1461;334408;268139;59.7;47.9
72;2021-07-25;1449;1076;335857;269215;60.0;48.1
72;2021-07-26;2714;2920;338571;272135;60.4;48.6
72;2021-07-27;3837;3819;342408;275954;61.1;49.3
72;2021-07-28;3556;3123;345964;279077;61.8;49.8
72;2021-07-29;3554;2709;349518;281786;62.4;50.3
72;2021-07-30;3754;3375;353272;285161;63.1;50.9
72;2021-07-31;2541;1745;355813;286906;63.5;51.2
72;2021-08-01;1827;430;357640;287336;63.8;51.3
72;2021-08-02;3202;2284;360842;289620;64.4;51.7
72;2021-08-03;3225;3304;364067;292924;65.0;52.3
72;2021-08-04;3755;2542;367822;295466;65.7;52.7
72;2021-08-05;3754;2458;371576;297924;66.3;53.2
72;2021-08-06;3328;2674;374904;300598;66.9;53.7
72;2021-08-07;2342;1603;377246;302201;67.3;53.9
72;2021-08-08;1617;690;378863;302891;67.6;54.1
72;2021-08-09;2684;2661;381547;305552;68.1;54.5
72;2021-08-10;2904;2737;384451;308289;68.6;55.0
72;2021-08-11;2360;2196;386811;310485;69.0;55.4
73;2020-12-27;0;0;0;0;0.0;0.0
73;2020-12-28;1;0;1;0;0.0;0.0
73;2020-12-29;0;0;1;0;0.0;0.0
73;2020-12-30;0;0;1;0;0.0;0.0
73;2020-12-31;0;0;1;0;0.0;0.0
73;2021-01-01;0;0;1;0;0.0;0.0
73;2021-01-02;0;0;1;0;0.0;0.0
73;2021-01-03;0;0;1;0;0.0;0.0
73;2021-01-04;1;0;2;0;0.0;0.0
73;2021-01-05;0;0;2;0;0.0;0.0
73;2021-01-06;1;0;3;0;0.0;0.0
73;2021-01-07;30;0;33;0;0.0;0.0
73;2021-01-08;81;0;114;0;0.0;0.0
73;2021-01-09;0;0;114;0;0.0;0.0
73;2021-01-10;0;0;114;0;0.0;0.0
73;2021-01-11;86;0;200;0;0.0;0.0
73;2021-01-12;303;1;503;1;0.1;0.0
73;2021-01-13;356;1;859;2;0.2;0.0
73;2021-01-14;512;2;1371;4;0.3;0.0
73;2021-01-15;617;1;1988;5;0.5;0.0
73;2021-01-16;128;0;2116;5;0.5;0.0
73;2021-01-17;0;0;2116;5;0.5;0.0
73;2021-01-18;624;0;2740;5;0.6;0.0
73;2021-01-19;1239;3;3979;8;0.9;0.0
73;2021-01-20;951;1;4930;9;1.1;0.0
73;2021-01-21;982;4;5912;13;1.4;0.0
73;2021-01-22;947;0;6859;13;1.6;0.0
73;2021-01-23;387;0;7246;13;1.7;0.0
73;2021-01-24;0;0;7246;13;1.7;0.0
73;2021-01-25;656;5;7902;18;1.8;0.0
73;2021-01-26;761;2;8663;20;2.0;0.0
73;2021-01-27;1104;5;9767;25;2.3;0.0
73;2021-01-28;961;5;10728;30;2.5;0.0
73;2021-01-29;683;5;11411;35;2.6;0.0
73;2021-01-30;345;3;11756;38;2.7;0.0
73;2021-01-31;0;0;11756;38;2.7;0.0
73;2021-02-01;620;40;12376;78;2.9;0.0
73;2021-02-02;751;334;13127;412;3.0;0.1
73;2021-02-03;653;349;13780;761;3.2;0.2
73;2021-02-04;624;234;14404;995;3.3;0.2
73;2021-02-05;680;410;15084;1405;3.5;0.3
73;2021-02-06;261;38;15345;1443;3.5;0.3
73;2021-02-07;1;0;15346;1443;3.5;0.3
73;2021-02-08;522;252;15868;1695;3.7;0.4
73;2021-02-09;793;445;16661;2140;3.9;0.5
73;2021-02-10;897;396;17558;2536;4.1;0.6
73;2021-02-11;958;708;18516;3244;4.3;0.7
73;2021-02-12;810;498;19326;3742;4.5;0.9
73;2021-02-13;263;58;19589;3800;4.5;0.9
73;2021-02-14;1;0;19590;3800;4.5;0.9
73;2021-02-15;346;528;19936;4328;4.6;1.0
73;2021-02-16;453;762;20389;5090;4.7;1.2
73;2021-02-17;451;966;20840;6056;4.8;1.4
73;2021-02-18;469;556;21309;6612;4.9;1.5
73;2021-02-19;444;635;21753;7247;5.0;1.7
73;2021-02-20;70;249;21823;7496;5.0;1.7
73;2021-02-21;0;0;21823;7496;5.0;1.7
73;2021-02-22;240;443;22063;7939;5.1;1.8
73;2021-02-23;325;522;22388;8461;5.2;2.0
73;2021-02-24;486;748;22874;9209;5.3;2.1
73;2021-02-25;502;506;23376;9715;5.4;2.2
73;2021-02-26;730;566;24106;10281;5.6;2.4
73;2021-02-27;330;238;24436;10519;5.6;2.4
73;2021-02-28;1;1;24437;10520;5.6;2.4
73;2021-03-01;557;510;24994;11030;5.8;2.6
73;2021-03-02;668;899;25662;11929;5.9;2.8
73;2021-03-03;642;1196;26304;13125;6.1;3.0
73;2021-03-04;1036;899;27340;14024;6.3;3.2
73;2021-03-05;1239;609;28579;14633;6.6;3.4
73;2021-03-06;1091;334;29670;14967;6.9;3.5
73;2021-03-07;455;93;30125;15060;7.0;3.5
73;2021-03-08;605;428;30730;15488;7.1;3.6
73;2021-03-09;983;536;31713;16024;7.3;3.7
73;2021-03-10;1035;868;32748;16892;7.6;3.9
73;2021-03-11;1556;655;34304;17547;7.9;4.1
73;2021-03-12;2016;534;36320;18081;8.4;4.2
73;2021-03-13;1178;206;37498;18287;8.7;4.2
73;2021-03-14;66;3;37564;18290;8.7;4.2
73;2021-03-15;1184;397;38748;18687;9.0;4.3
73;2021-03-16;794;398;39542;19085;9.1;4.4
73;2021-03-17;876;477;40418;19562;9.3;4.5
73;2021-03-18;1351;255;41769;19817;9.7;4.6
73;2021-03-19;1765;393;43534;20210;10.1;4.7
73;2021-03-20;886;127;44420;20337;10.3;4.7
73;2021-03-21;123;2;44543;20339;10.3;4.7
73;2021-03-22;1184;392;45727;20731;10.6;4.8
73;2021-03-23;1447;232;47174;20963;10.9;4.8
73;2021-03-24;1593;342;48767;21305;11.3;4.9
73;2021-03-25;2062;382;50829;21687;11.8;5.0
73;2021-03-26;2471;361;53300;22048;12.3;5.1
73;2021-03-27;886;144;54186;22192;12.5;5.1
73;2021-03-28;310;12;54496;22204;12.6;5.1
73;2021-03-29;1509;234;56005;22438;12.9;5.2
73;2021-03-30;2087;478;58092;22916;13.4;5.3
73;2021-03-31;2088;396;60180;23312;13.9;5.4
73;2021-04-01;2087;329;62267;23641;14.4;5.5
73;2021-04-02;2359;221;64626;23862;14.9;5.5
73;2021-04-03;848;146;65474;24008;15.1;5.6
73;2021-04-04;188;18;65662;24026;15.2;5.6
73;2021-04-05;212;26;65874;24052;15.2;5.6
73;2021-04-06;1507;502;67381;24554;15.6;5.7
73;2021-04-07;1947;648;69328;25202;16.0;5.8
73;2021-04-08;2490;816;71818;26018;16.6;6.0
73;2021-04-09;3060;517;74878;26535;17.3;6.1
73;2021-04-10;1135;312;76013;26847;17.6;6.2
73;2021-04-11;163;8;76176;26855;17.6;6.2
73;2021-04-12;1697;971;77873;27826;18.0;6.4
73;2021-04-13;1892;1123;79765;28949;18.4;6.7
73;2021-04-14;2017;1086;81782;30035;18.9;6.9
73;2021-04-15;2416;1187;84198;31222;19.5;7.2
73;2021-04-16;1893;931;86091;32153;19.9;7.4
73;2021-04-17;1176;556;87267;32709;20.2;7.6
73;2021-04-18;155;76;87422;32785;20.2;7.6
73;2021-04-19;1380;1057;88802;33842;20.5;7.8
73;2021-04-20;1790;1315;90592;35157;20.9;8.1
73;2021-04-21;1573;1301;92165;36458;21.3;8.4
73;2021-04-22;1814;1222;93979;37680;21.7;8.7
73;2021-04-23;1895;1251;95874;38931;22.2;9.0
73;2021-04-24;980;670;96854;39601;22.4;9.2
73;2021-04-25;79;97;96933;39698;22.4;9.2
73;2021-04-26;1165;1318;98098;41016;22.7;9.5
73;2021-04-27;1441;1469;99539;42485;23.0;9.8
73;2021-04-28;1732;1459;101271;43944;23.4;10.2
73;2021-04-29;2412;1565;103683;45509;24.0;10.5
73;2021-04-30;2398;1438;106081;46947;24.5;10.9
73;2021-05-01;1068;305;107149;47252;24.8;10.9
73;2021-05-02;34;165;107183;47417;24.8;11.0
73;2021-05-03;1393;1589;108576;49006;25.1;11.3
73;2021-05-04;1708;1828;110284;50834;25.5;11.8
73;2021-05-05;1973;1684;112257;52518;26.0;12.1
73;2021-05-06;2429;1698;114686;54216;26.5;12.5
73;2021-05-07;2261;1849;116947;56065;27.0;13.0
73;2021-05-08;1836;380;118783;56445;27.5;13.0
73;2021-05-09;127;123;118910;56568;27.5;13.1
73;2021-05-10;1606;1889;120516;58457;27.9;13.5
73;2021-05-11;2378;2368;122894;60825;28.4;14.1
73;2021-05-12;3555;2092;126449;62917;29.2;14.5
73;2021-05-13;1554;274;128003;63191;29.6;14.6
73;2021-05-14;1585;1489;129588;64680;30.0;15.0
73;2021-05-15;1446;943;131034;65623;30.3;15.2
73;2021-05-16;131;62;131165;65685;30.3;15.2
73;2021-05-17;1710;1952;132875;67637;30.7;15.6
73;2021-05-18;2496;1736;135371;69373;31.3;16.0
73;2021-05-19;2540;1623;137911;70996;31.9;16.4
73;2021-05-20;3162;1501;141073;72497;32.6;16.8
73;2021-05-21;2473;1848;143546;74345;33.2;17.2
73;2021-05-22;1989;922;145535;75267;33.6;17.4
73;2021-05-23;212;14;145747;75281;33.7;17.4
73;2021-05-24;2565;329;148312;75610;34.3;17.5
73;2021-05-25;2140;1740;150452;77350;34.8;17.9
73;2021-05-26;2343;2000;152795;79350;35.3;18.3
73;2021-05-27;3083;1713;155878;81063;36.0;18.7
73;2021-05-28;2918;2373;158796;83436;36.7;19.3
73;2021-05-29;2316;1322;161112;84758;37.2;19.6
73;2021-05-30;186;14;161298;84772;37.3;19.6
73;2021-05-31;2410;1628;163708;86400;37.8;20.0
73;2021-06-01;3180;1790;166888;88190;38.6;20.4
73;2021-06-02;3102;1460;169990;89650;39.3;20.7
73;2021-06-03;4422;1742;174412;91392;40.3;21.1
73;2021-06-04;4277;2180;178689;93572;41.3;21.6
73;2021-06-05;3158;1281;181847;94853;42.0;21.9
73;2021-06-06;1882;298;183729;95151;42.5;22.0
73;2021-06-07;2755;2145;186484;97296;43.1;22.5
73;2021-06-08;2685;1876;189169;99172;43.7;22.9
73;2021-06-09;2364;1788;191533;100960;44.3;23.3
73;2021-06-10;2005;1653;193538;102613;44.7;23.7
73;2021-06-11;2191;2441;195729;105054;45.3;24.3
73;2021-06-12;2246;1332;197975;106386;45.8;24.6
73;2021-06-13;44;82;198019;106468;45.8;24.6
73;2021-06-14;1348;2930;199367;109398;46.1;25.3
73;2021-06-15;1593;2755;200960;112153;46.5;25.9
73;2021-06-16;1467;2570;202427;114723;46.8;26.5
73;2021-06-17;944;1726;203371;116449;47.0;26.9
73;2021-06-18;1883;2931;205254;119380;47.5;27.6
73;2021-06-19;1422;1986;206676;121366;47.8;28.1
73;2021-06-20;448;306;207124;121672;47.9;28.1
73;2021-06-21;1110;2938;208234;124610;48.1;28.8
73;2021-06-22;1093;2872;209327;127482;48.4;29.5
73;2021-06-23;1084;3137;210411;130619;48.6;30.2
73;2021-06-24;881;1792;211292;132411;48.8;30.6
73;2021-06-25;1326;2801;212618;135212;49.2;31.3
73;2021-06-26;968;2398;213586;137610;49.4;31.8
73;2021-06-27;328;548;213914;138158;49.5;31.9
73;2021-06-28;965;3557;214879;141715;49.7;32.8
73;2021-06-29;1074;3335;215953;145050;49.9;33.5
73;2021-06-30;1236;3119;217189;148169;50.2;34.3
73;2021-07-01;1133;2363;218322;150532;50.5;34.8
73;2021-07-02;1206;3618;219528;154150;50.8;35.6
73;2021-07-03;958;2792;220486;156942;51.0;36.3
73;2021-07-04;301;618;220787;157560;51.0;36.4
73;2021-07-05;1152;3684;221939;161244;51.3;37.3
73;2021-07-06;1244;2948;223183;164192;51.6;38.0
73;2021-07-07;1438;2952;224621;167144;51.9;38.6
73;2021-07-08;1368;2300;225989;169444;52.2;39.2
73;2021-07-09;1429;4024;227418;173468;52.6;40.1
73;2021-07-10;888;3012;228306;176480;52.8;40.8
73;2021-07-11;561;1468;228867;177948;52.9;41.1
73;2021-07-12;1058;4199;229925;182147;53.2;42.1
73;2021-07-13;1728;4227;231653;186374;53.6;43.1
73;2021-07-14;1842;1914;233495;188288;54.0;43.5
73;2021-07-15;2740;3797;236235;192085;54.6;44.4
73;2021-07-16;2402;4014;238637;196099;55.2;45.3
73;2021-07-17;1507;2606;240144;198705;55.5;45.9
73;2021-07-18;1176;1218;241320;199923;55.8;46.2
73;2021-07-19;2433;3241;243753;203164;56.4;47.0
73;2021-07-20;3355;2852;247108;206016;57.1;47.6
73;2021-07-21;3371;2780;250479;208796;57.9;48.3
73;2021-07-22;2709;2210;253188;211006;58.5;48.8
73;2021-07-23;3381;2895;256569;213901;59.3;49.5
73;2021-07-24;2047;2271;258616;216172;59.8;50.0
73;2021-07-25;621;793;259237;216965;59.9;50.2
73;2021-07-26;2614;2490;261851;219455;60.5;50.7
73;2021-07-27;3779;2264;265630;221719;61.4;51.3
73;2021-07-28;3511;2082;269141;223801;62.2;51.7
73;2021-07-29;3946;2140;273087;225941;63.1;52.2
73;2021-07-30;3535;2464;276622;228405;64.0;52.8
73;2021-07-31;2460;1583;279082;229988;64.5;53.2
73;2021-08-01;829;618;279911;230606;64.7;53.3
73;2021-08-02;3074;2096;282985;232702;65.4;53.8
73;2021-08-03;3474;1982;286459;234684;66.2;54.3
73;2021-08-04;3282;2007;289741;236691;67.0;54.7
73;2021-08-05;2848;2213;292589;238904;67.6;55.2
73;2021-08-06;2495;2369;295084;241273;68.2;55.8
73;2021-08-07;1391;1477;296475;242750;68.5;56.1
73;2021-08-08;426;616;296901;243366;68.6;56.3
73;2021-08-09;1773;2382;298674;245748;69.0;56.8
73;2021-08-10;1864;2480;300538;248228;69.5;57.4
73;2021-08-11;1787;2521;302325;250749;69.9;58.0
74;2020-12-27;3;0;3;0;0.0;0.0
74;2020-12-28;2;0;5;0;0.0;0.0
74;2020-12-29;0;0;5;0;0.0;0.0
74;2020-12-30;0;0;5;0;0.0;0.0
74;2020-12-31;0;0;5;0;0.0;0.0
74;2021-01-01;0;0;5;0;0.0;0.0
74;2021-01-02;1;1;6;1;0.0;0.0
74;2021-01-03;0;0;6;1;0.0;0.0
74;2021-01-04;0;0;6;1;0.0;0.0
74;2021-01-05;1;0;7;1;0.0;0.0
74;2021-01-06;44;0;51;1;0.0;0.0
74;2021-01-07;218;1;269;2;0.0;0.0
74;2021-01-08;291;2;560;4;0.1;0.0
74;2021-01-09;78;0;638;4;0.1;0.0
74;2021-01-10;74;0;712;4;0.1;0.0
74;2021-01-11;373;0;1085;4;0.1;0.0
74;2021-01-12;404;3;1489;7;0.2;0.0
74;2021-01-13;395;0;1884;7;0.2;0.0
74;2021-01-14;463;1;2347;8;0.3;0.0
74;2021-01-15;638;4;2985;12;0.4;0.0
74;2021-01-16;251;1;3236;13;0.4;0.0
74;2021-01-17;131;1;3367;14;0.4;0.0
74;2021-01-18;521;0;3888;14;0.5;0.0
74;2021-01-19;809;2;4697;16;0.6;0.0
74;2021-01-20;1275;4;5972;20;0.7;0.0
74;2021-01-21;1566;1;7538;21;0.9;0.0
74;2021-01-22;1240;6;8778;27;1.1;0.0
74;2021-01-23;344;1;9122;28;1.1;0.0
74;2021-01-24;90;0;9212;28;1.1;0.0
74;2021-01-25;795;2;10007;30;1.2;0.0
74;2021-01-26;1353;11;11360;41;1.4;0.0
74;2021-01-27;1074;10;12434;51;1.5;0.0
74;2021-01-28;986;29;13420;80;1.6;0.0
74;2021-01-29;878;42;14298;122;1.7;0.0
74;2021-01-30;304;1;14602;123;1.8;0.0
74;2021-01-31;84;1;14686;124;1.8;0.0
74;2021-02-01;627;44;15313;168;1.8;0.0
74;2021-02-02;642;153;15955;321;1.9;0.0
74;2021-02-03;603;124;16558;445;2.0;0.1
74;2021-02-04;612;136;17170;581;2.1;0.1
74;2021-02-05;546;226;17716;807;2.1;0.1
74;2021-02-06;270;140;17986;947;2.2;0.1
74;2021-02-07;93;127;18079;1074;2.2;0.1
74;2021-02-08;616;349;18695;1423;2.3;0.2
74;2021-02-09;535;534;19230;1957;2.3;0.2
74;2021-02-10;687;523;19917;2480;2.4;0.3
74;2021-02-11;1066;1019;20983;3499;2.5;0.4
74;2021-02-12;906;616;21889;4115;2.6;0.5
74;2021-02-13;401;240;22290;4355;2.7;0.5
74;2021-02-14;316;114;22606;4469;2.7;0.5
74;2021-02-15;275;852;22881;5321;2.8;0.6
74;2021-02-16;486;1067;23367;6388;2.8;0.8
74;2021-02-17;541;1112;23908;7500;2.9;0.9
74;2021-02-18;474;995;24382;8495;2.9;1.0
74;2021-02-19;618;656;25000;9151;3.0;1.1
74;2021-02-20;114;191;25114;9342;3.0;1.1
74;2021-02-21;46;62;25160;9404;3.0;1.1
74;2021-02-22;316;787;25476;10191;3.1;1.2
74;2021-02-23;303;823;25779;11014;3.1;1.3
74;2021-02-24;239;682;26018;11696;3.1;1.4
74;2021-02-25;518;753;26536;12449;3.2;1.5
74;2021-02-26;972;702;27508;13151;3.3;1.6
74;2021-02-27;254;183;27762;13334;3.4;1.6
74;2021-02-28;124;71;27886;13405;3.4;1.6
74;2021-03-01;719;631;28605;14036;3.5;1.7
74;2021-03-02;1089;686;29694;14722;3.6;1.8
74;2021-03-03;1014;636;30708;15358;3.7;1.9
74;2021-03-04;1608;1017;32316;16375;3.9;2.0
74;2021-03-05;2084;897;34400;17272;4.2;2.1
74;2021-03-06;1753;323;36153;17595;4.4;2.1
74;2021-03-07;1383;104;37536;17699;4.5;2.1
74;2021-03-08;1195;958;38731;18657;4.7;2.3
74;2021-03-09;1945;662;40676;19319;4.9;2.3
74;2021-03-10;1742;907;42418;20226;5.1;2.4
74;2021-03-11;2442;720;44860;20946;5.4;2.5
74;2021-03-12;3240;1013;48100;21959;5.8;2.7
74;2021-03-13;1997;273;50097;22232;6.0;2.7
74;2021-03-14;608;102;50705;22334;6.1;2.7
74;2021-03-15;2123;553;52828;22887;6.4;2.8
74;2021-03-16;1953;408;54781;23295;6.6;2.8
74;2021-03-17;1969;310;56750;23605;6.9;2.8
74;2021-03-18;2129;285;58879;23890;7.1;2.9
74;2021-03-19;2630;295;61509;24185;7.4;2.9
74;2021-03-20;1373;95;62882;24280;7.6;2.9
74;2021-03-21;287;30;63169;24310;7.6;2.9
74;2021-03-22;2048;321;65217;24631;7.9;3.0
74;2021-03-23;2717;326;67934;24957;8.2;3.0
74;2021-03-24;2938;291;70872;25248;8.6;3.0
74;2021-03-25;3867;293;74739;25541;9.0;3.1
74;2021-03-26;4089;373;78828;25914;9.5;3.1
74;2021-03-27;1937;249;80765;26163;9.7;3.2
74;2021-03-28;437;77;81202;26240;9.8;3.2
74;2021-03-29;3029;712;84231;26952;10.2;3.3
74;2021-03-30;3539;761;87770;27713;10.6;3.3
74;2021-03-31;3140;715;90910;28428;11.0;3.4
74;2021-04-01;4230;887;95140;29315;11.5;3.5
74;2021-04-02;3700;780;98840;30095;11.9;3.6
74;2021-04-03;1693;536;100533;30631;12.1;3.7
74;2021-04-04;236;121;100769;30752;12.2;3.7
74;2021-04-05;431;17;101200;30769;12.2;3.7
74;2021-04-06;2623;1212;103823;31981;12.5;3.9
74;2021-04-07;3185;1240;107008;33221;12.9;4.0
74;2021-04-08;3859;1175;110867;34396;13.4;4.2
74;2021-04-09;4097;1169;114964;35565;13.9;4.3
74;2021-04-10;1945;1036;116909;36601;14.1;4.4
74;2021-04-11;252;182;117161;36783;14.1;4.4
74;2021-04-12;2714;1770;119875;38553;14.5;4.7
74;2021-04-13;3114;2088;122989;40641;14.8;4.9
74;2021-04-14;2896;1954;125885;42595;15.2;5.1
74;2021-04-15;3453;1900;129338;44495;15.6;5.4
74;2021-04-16;3377;1772;132715;46267;16.0;5.6
74;2021-04-17;1931;1031;134646;47298;16.3;5.7
74;2021-04-18;218;206;134864;47504;16.3;5.7
74;2021-04-19;2098;2093;136962;49597;16.5;6.0
74;2021-04-20;3063;2416;140025;52013;16.9;6.3
74;2021-04-21;2462;2369;142487;54382;17.2;6.6
74;2021-04-22;2623;2329;145110;56711;17.5;6.8
74;2021-04-23;2562;2241;147672;58952;17.8;7.1
74;2021-04-24;1484;1536;149156;60488;18.0;7.3
74;2021-04-25;224;150;149380;60638;18.0;7.3
74;2021-04-26;2392;2459;151772;63097;18.3;7.6
74;2021-04-27;3268;2904;155040;66001;18.7;8.0
74;2021-04-28;3459;2623;158499;68624;19.1;8.3
74;2021-04-29;3913;2673;162412;71297;19.6;8.6
74;2021-04-30;4074;2215;166486;73512;20.1;8.9
74;2021-05-01;2118;375;168604;73887;20.4;8.9
74;2021-05-02;204;234;168808;74121;20.4;8.9
74;2021-05-03;2594;3006;171402;77127;20.7;9.3
74;2021-05-04;3222;3096;174624;80223;21.1;9.7
74;2021-05-05;3396;3012;178020;83235;21.5;10.0
74;2021-05-06;3856;2629;181876;85864;22.0;10.4
74;2021-05-07;3594;3539;185470;89403;22.4;10.8
74;2021-05-08;1148;822;186618;90225;22.5;10.9
74;2021-05-09;193;248;186811;90473;22.6;10.9
74;2021-05-10;3466;3137;190277;93610;23.0;11.3
74;2021-05-11;4324;3430;194601;97040;23.5;11.7
74;2021-05-12;5304;2964;199905;100004;24.1;12.1
74;2021-05-13;2363;946;202268;100950;24.4;12.2
74;2021-05-14;5947;2392;208215;103342;25.1;12.5
74;2021-05-15;4516;1853;212731;105195;25.7;12.7
74;2021-05-16;3009;336;215740;105531;26.0;12.7
74;2021-05-17;5398;2883;221138;108414;26.7;13.1
74;2021-05-18;6777;2803;227915;111217;27.5;13.4
74;2021-05-19;6230;2294;234145;113511;28.3;13.7
74;2021-05-20;6644;2549;240789;116060;29.1;14.0
74;2021-05-21;6523;2981;247312;119041;29.9;14.4
74;2021-05-22;5294;1569;252606;120610;30.5;14.6
74;2021-05-23;2051;283;254657;120893;30.7;14.6
74;2021-05-24;2360;661;257017;121554;31.0;14.7
74;2021-05-25;5069;3333;262086;124887;31.6;15.1
74;2021-05-26;5250;2563;267336;127450;32.3;15.4
74;2021-05-27;6001;2981;273337;130431;33.0;15.7
74;2021-05-28;5656;3584;278993;134015;33.7;16.2
74;2021-05-29;3798;2151;282791;136166;34.1;16.4
74;2021-05-30;488;308;283279;136474;34.2;16.5
74;2021-05-31;5068;3551;288347;140025;34.8;16.9
74;2021-06-01;4929;3725;293276;143750;35.4;17.4
74;2021-06-02;5265;3205;298541;146955;36.0;17.7
74;2021-06-03;6892;3246;305433;150201;36.9;18.1
74;2021-06-04;6908;4430;312341;154631;37.7;18.7
74;2021-06-05;4611;2708;316952;157339;38.3;19.0
74;2021-06-06;123;112;317075;157451;38.3;19.0
74;2021-06-07;5033;4145;322108;161596;38.9;19.5
74;2021-06-08;5024;3945;327132;165541;39.5;20.0
74;2021-06-09;5076;3486;332208;169027;40.1;20.4
74;2021-06-10;5123;2870;337331;171897;40.7;20.8
74;2021-06-11;5214;3810;342545;175707;41.3;21.2
74;2021-06-12;3571;2388;346116;178095;41.8;21.5
74;2021-06-13;119;89;346235;178184;41.8;21.5
74;2021-06-14;3597;4485;349832;182669;42.2;22.1
74;2021-06-15;3662;3899;353494;186568;42.7;22.5
74;2021-06-16;4822;3123;358316;189691;43.3;22.9
74;2021-06-17;3816;2956;362132;192647;43.7;23.3
74;2021-06-18;4112;4662;366244;197309;44.2;23.8
74;2021-06-19;2995;3098;369239;200407;44.6;24.2
74;2021-06-20;125;97;369364;200504;44.6;24.2
74;2021-06-21;2382;5424;371746;205928;44.9;24.9
74;2021-06-22;2491;5315;374237;211243;45.2;25.5
74;2021-06-23;2969;4618;377206;215861;45.5;26.1
74;2021-06-24;2854;4629;380060;220490;45.9;26.6
74;2021-06-25;2924;6765;382984;227255;46.2;27.4
74;2021-06-26;1708;5399;384692;232654;46.4;28.1
74;2021-06-27;63;1663;384755;234317;46.4;28.3
74;2021-06-28;1916;7214;386671;241531;46.7;29.2
74;2021-06-29;2298;7424;388969;248955;47.0;30.1
74;2021-06-30;2735;6540;391704;255495;47.3;30.8
74;2021-07-01;3057;5410;394761;260905;47.7;31.5
74;2021-07-02;2998;6637;397759;267542;48.0;32.3
74;2021-07-03;1696;5080;399455;272622;48.2;32.9
74;2021-07-04;81;1022;399536;273644;48.2;33.0
74;2021-07-05;2039;6837;401575;280481;48.5;33.9
74;2021-07-06;2562;6490;404137;286971;48.8;34.6
74;2021-07-07;2958;5450;407095;292421;49.1;35.3
74;2021-07-08;3778;4902;410873;297323;49.6;35.9
74;2021-07-09;2648;6973;413521;304296;49.9;36.7
74;2021-07-10;1610;5132;415131;309428;50.1;37.4
74;2021-07-11;76;141;415207;309569;50.1;37.4
74;2021-07-12;2059;7901;417266;317470;50.4;38.3
74;2021-07-13;3939;7581;421205;325051;50.8;39.2
74;2021-07-14;1956;2237;423161;327288;51.1;39.5
74;2021-07-15;3557;6864;426718;334152;51.5;40.3
74;2021-07-16;4159;7747;430877;341899;52.0;41.3
74;2021-07-17;2836;5332;433713;347231;52.4;41.9
74;2021-07-18;149;157;433862;347388;52.4;41.9
74;2021-07-19;4254;7349;438116;354737;52.9;42.8
74;2021-07-20;5782;6460;443898;361197;53.6;43.6
74;2021-07-21;5535;6663;449433;367860;54.3;44.4
74;2021-07-22;4719;5320;454152;373180;54.8;45.0
74;2021-07-23;6062;6972;460214;380152;55.6;45.9
74;2021-07-24;3026;4308;463240;384460;55.9;46.4
74;2021-07-25;160;174;463400;384634;55.9;46.4
74;2021-07-26;5407;6115;468807;390749;56.6;47.2
74;2021-07-27;6721;5160;475528;395909;57.4;47.8
74;2021-07-28;6433;5093;481961;401002;58.2;48.4
74;2021-07-29;5229;3920;487190;404922;58.8;48.9
74;2021-07-30;6605;5478;493795;410400;59.6;49.5
74;2021-07-31;4326;3111;498121;413511;60.1;49.9
74;2021-08-01;177;152;498298;413663;60.2;49.9
74;2021-08-02;5818;4374;504116;418037;60.9;50.5
74;2021-08-03;5820;3834;509936;421871;61.6;50.9
74;2021-08-04;6063;3469;515999;425340;62.3;51.3
74;2021-08-05;4861;3243;520860;428583;62.9;51.7
74;2021-08-06;4895;4152;525755;432735;63.5;52.2
74;2021-08-07;3171;2874;528926;435609;63.8;52.6
74;2021-08-08;152;132;529078;435741;63.9;52.6
74;2021-08-09;4862;4781;533940;440522;64.5;53.2
74;2021-08-10;4856;4635;538796;445157;65.0;53.7
74;2021-08-11;4268;4845;543064;450002;65.6;54.3
75;2020-12-27;39;1;39;1;0.0;0.0
75;2020-12-28;47;0;86;1;0.0;0.0
75;2020-12-29;15;0;101;1;0.0;0.0
75;2020-12-30;44;0;145;1;0.0;0.0
75;2020-12-31;32;0;177;1;0.0;0.0
75;2021-01-01;38;2;215;3;0.0;0.0
75;2021-01-02;57;1;272;4;0.0;0.0
75;2021-01-03;93;0;365;4;0.0;0.0
75;2021-01-04;297;1;662;5;0.0;0.0
75;2021-01-05;866;13;1528;18;0.1;0.0
75;2021-01-06;1353;16;2881;34;0.1;0.0
75;2021-01-07;2059;19;4940;53;0.2;0.0
75;2021-01-08;2866;31;7806;84;0.4;0.0
75;2021-01-09;1090;2;8896;86;0.4;0.0
75;2021-01-10;1095;5;9991;91;0.5;0.0
75;2021-01-11;3072;46;13063;137;0.6;0.0
75;2021-01-12;3471;55;16534;192;0.8;0.0
75;2021-01-13;3543;42;20077;234;0.9;0.0
75;2021-01-14;3687;63;23764;297;1.1;0.0
75;2021-01-15;3304;45;27068;342;1.3;0.0
75;2021-01-16;1126;16;28194;358;1.3;0.0
75;2021-01-17;546;14;28740;372;1.3;0.0
75;2021-01-18;3255;74;31995;446;1.5;0.0
75;2021-01-19;3843;47;35838;493;1.7;0.0
75;2021-01-20;4387;64;40225;557;1.9;0.0
75;2021-01-21;4892;82;45117;639;2.1;0.0
75;2021-01-22;4564;81;49681;720;2.3;0.0
75;2021-01-23;1751;14;51432;734;2.4;0.0
75;2021-01-24;738;7;52170;741;2.4;0.0
75;2021-01-25;1702;25;53872;766;2.5;0.0
75;2021-01-26;2541;87;56413;853;2.6;0.0
75;2021-01-27;3095;161;59508;1014;2.8;0.0
75;2021-01-28;4759;264;64267;1278;3.0;0.1
75;2021-01-29;4034;268;68301;1546;3.2;0.1
75;2021-01-30;1352;34;69653;1580;3.2;0.1
75;2021-01-31;213;3;69866;1583;3.3;0.1
75;2021-02-01;1606;380;71472;1963;3.3;0.1
75;2021-02-02;2123;651;73595;2614;3.4;0.1
75;2021-02-03;1870;687;75465;3301;3.5;0.2
75;2021-02-04;2130;1128;77595;4429;3.6;0.2
75;2021-02-05;2202;871;79797;5300;3.7;0.2
75;2021-02-06;1089;93;80886;5393;3.8;0.3
75;2021-02-07;169;6;81055;5399;3.8;0.3
75;2021-02-08;1245;1470;82300;6869;3.8;0.3
75;2021-02-09;1770;2385;84070;9254;3.9;0.4
75;2021-02-10;2403;2400;86473;11654;4.0;0.5
75;2021-02-11;2921;6429;89394;18083;4.2;0.8
75;2021-02-12;3106;2408;92500;20491;4.3;1.0
75;2021-02-13;841;1052;93341;21543;4.3;1.0
75;2021-02-14;196;43;93537;21586;4.4;1.0
75;2021-02-15;988;2466;94525;24052;4.4;1.1
75;2021-02-16;1431;6544;95956;30596;4.5;1.4
75;2021-02-17;1304;3235;97260;33831;4.5;1.6
75;2021-02-18;1742;5867;99002;39698;4.6;1.8
75;2021-02-19;2202;4153;101204;43851;4.7;2.0
75;2021-02-20;470;1693;101674;45544;4.7;2.1
75;2021-02-21;184;161;101858;45705;4.7;2.1
75;2021-02-22;1203;1933;103061;47638;4.8;2.2
75;2021-02-23;1430;2727;104491;50365;4.9;2.3
75;2021-02-24;1678;2344;106169;52709;4.9;2.5
75;2021-02-25;2760;5340;108929;58049;5.1;2.7
75;2021-02-26;3348;2735;112277;60784;5.2;2.8
75;2021-02-27;1395;940;113672;61724;5.3;2.9
75;2021-02-28;316;142;113988;61866;5.3;2.9
75;2021-03-01;2581;1688;116569;63554;5.4;3.0
75;2021-03-02;4147;2211;120716;65765;5.6;3.1
75;2021-03-03;5395;2351;126111;68116;5.9;3.2
75;2021-03-04;8014;2598;134125;70714;6.2;3.3
75;2021-03-05;10520;2755;144645;73469;6.7;3.4
75;2021-03-06;11047;1079;155692;74548;7.2;3.5
75;2021-03-07;9480;1519;165172;76067;7.7;3.5
75;2021-03-08;5866;1567;171038;77634;8.0;3.6
75;2021-03-09;7491;2136;178529;79770;8.3;3.7
75;2021-03-10;7465;2131;185994;81901;8.7;3.8
75;2021-03-11;10298;2527;196292;84428;9.1;3.9
75;2021-03-12;12032;2558;208324;86986;9.7;4.0
75;2021-03-13;8524;768;216848;87754;10.1;4.1
75;2021-03-14;4151;240;220999;87994;10.3;4.1
75;2021-03-15;7420;979;228419;88973;10.6;4.1
75;2021-03-16;5130;686;233549;89659;10.9;4.2
75;2021-03-17;5404;830;238953;90489;11.1;4.2
75;2021-03-18;6593;877;245546;91366;11.4;4.3
75;2021-03-19;9713;989;255259;92355;11.9;4.3
75;2021-03-20;5902;611;261161;92966;12.2;4.3
75;2021-03-21;1576;434;262737;93400;12.2;4.3
75;2021-03-22;8608;1021;271345;94421;12.6;4.4
75;2021-03-23;10920;1257;282265;95678;13.1;4.5
75;2021-03-24;10967;1331;293232;97009;13.6;4.5
75;2021-03-25;14177;1528;307409;98537;14.3;4.6
75;2021-03-26;13934;1688;321343;100225;15.0;4.7
75;2021-03-27;7252;771;328595;100996;15.3;4.7
75;2021-03-28;1766;151;330361;101147;15.4;4.7
75;2021-03-29;7942;2217;338303;103364;15.7;4.8
75;2021-03-30;10889;3252;349192;106616;16.3;5.0
75;2021-03-31;9707;3613;358899;110229;16.7;5.1
75;2021-04-01;10641;5213;369540;115442;17.2;5.4
75;2021-04-02;9013;5577;378553;121019;17.6;5.6
75;2021-04-03;4101;4898;382654;125917;17.8;5.9
75;2021-04-04;1407;1498;384061;127415;17.9;5.9
75;2021-04-05;2222;1440;386283;128855;18.0;6.0
75;2021-04-06;6863;4310;393146;133165;18.3;6.2
75;2021-04-07;8044;4420;401190;137585;18.7;6.4
75;2021-04-08;11031;4168;412221;141753;19.2;6.6
75;2021-04-09;12171;4614;424392;146367;19.8;6.8
75;2021-04-10;5815;4275;430207;150642;20.0;7.0
75;2021-04-11;1913;1796;432120;152438;20.1;7.1
75;2021-04-12;7449;3785;439569;156223;20.5;7.3
75;2021-04-13;8540;6867;448109;163090;20.9;7.6
75;2021-04-14;8258;5226;456367;168316;21.2;7.8
75;2021-04-15;8866;6132;465233;174448;21.7;8.1
75;2021-04-16;9351;6112;474584;180560;22.1;8.4
75;2021-04-17;4809;3654;479393;184214;22.3;8.6
75;2021-04-18;1657;877;481050;185091;22.4;8.6
75;2021-04-19;5552;4948;486602;190039;22.7;8.8
75;2021-04-20;6433;5952;493035;195991;23.0;9.1
75;2021-04-21;6833;5570;499868;201561;23.3;9.4
75;2021-04-22;7522;5916;507390;207477;23.6;9.7
75;2021-04-23;8493;6301;515883;213778;24.0;10.0
75;2021-04-24;6152;3348;522035;217126;24.3;10.1
75;2021-04-25;2949;757;524984;217883;24.4;10.1
75;2021-04-26;7015;4726;531999;222609;24.8;10.4
75;2021-04-27;10568;6423;542567;229032;25.3;10.7
75;2021-04-28;12172;6027;554739;235059;25.8;10.9
75;2021-04-29;13739;6333;568478;241392;26.5;11.2
75;2021-04-30;13646;6171;582124;247563;27.1;11.5
75;2021-05-01;5066;1328;587190;248891;27.3;11.6
75;2021-05-02;2376;790;589566;249681;27.4;11.6
75;2021-05-03;10268;13531;599834;263212;27.9;12.3
75;2021-05-04;11157;8071;610991;271283;28.4;12.6
75;2021-05-05;13530;6710;624521;277993;29.1;12.9
75;2021-05-06;13984;8192;638505;286185;29.7;13.3
75;2021-05-07;13957;8593;652462;294778;30.4;13.7
75;2021-05-08;10059;5526;662521;300304;30.8;14.0
75;2021-05-09;3812;3203;666333;303507;31.0;14.1
75;2021-05-10;14274;6728;680607;310235;31.7;14.4
75;2021-05-11;16822;8430;697429;318665;32.5;14.8
75;2021-05-12;17940;8166;715369;326831;33.3;15.2
75;2021-05-13;13607;2512;728976;329343;33.9;15.3
75;2021-05-14;18365;5145;747341;334488;34.8;15.6
75;2021-05-15;12289;2641;759630;337129;35.4;15.7
75;2021-05-16;3842;764;763472;337893;35.5;15.7
75;2021-05-17;15984;4659;779456;342552;36.3;15.9
75;2021-05-18;19125;5333;798581;347885;37.2;16.2
75;2021-05-19;20693;10737;819274;358622;38.1;16.7
75;2021-05-20;21557;8675;840831;367297;39.1;17.1
75;2021-05-21;21010;6548;861841;373845;40.1;17.4
75;2021-05-22;15916;3314;877757;377159;40.9;17.6
75;2021-05-23;5623;1339;883380;378498;41.1;17.6
75;2021-05-24;15621;2569;899001;381067;41.8;17.7
75;2021-05-25;18000;9604;917001;390671;42.7;18.2
75;2021-05-26;18847;8225;935848;398896;43.6;18.6
75;2021-05-27;20117;9827;955965;408723;44.5;19.0
75;2021-05-28;19323;10876;975288;419599;45.4;19.5
75;2021-05-29;16107;5853;991395;425452;46.1;19.8
75;2021-05-30;7029;2156;998424;427608;46.5;19.9
75;2021-05-31;18085;9464;1016509;437072;47.3;20.3
75;2021-06-01;18588;12999;1035097;450071;48.2;21.0
75;2021-06-02;18082;10313;1053179;460384;49.0;21.4
75;2021-06-03;20201;11980;1073380;472364;50.0;22.0
75;2021-06-04;18089;12879;1091469;485243;50.8;22.6
75;2021-06-05;11972;9629;1103441;494872;51.4;23.0
75;2021-06-06;6709;3159;1110150;498031;51.7;23.2
75;2021-06-07;13864;11848;1124014;509879;52.3;23.7
75;2021-06-08;14769;13984;1138783;523863;53.0;24.4
75;2021-06-09;16441;15254;1155224;539117;53.8;25.1
75;2021-06-10;18307;26330;1173531;565447;54.6;26.3
75;2021-06-11;15271;16478;1188802;581925;55.3;27.1
75;2021-06-12;13269;10000;1202071;591925;56.0;27.6
75;2021-06-13;6266;3797;1208337;595722;56.2;27.7
75;2021-06-14;11784;15427;1220121;611149;56.8;28.4
75;2021-06-15;12508;19555;1232629;630704;57.4;29.4
75;2021-06-16;12117;17237;1244746;647941;57.9;30.2
75;2021-06-17;12585;17683;1257331;665624;58.5;31.0
75;2021-06-18;10934;22624;1268265;688248;59.0;32.0
75;2021-06-19;7512;11834;1275777;700082;59.4;32.6
75;2021-06-20;2810;5486;1278587;705568;59.5;32.8
75;2021-06-21;8401;16337;1286988;721905;59.9;33.6
75;2021-06-22;8754;21815;1295742;743720;60.3;34.6
75;2021-06-23;10258;21427;1306000;765147;60.8;35.6
75;2021-06-24;11276;20640;1317276;785787;61.3;36.6
75;2021-06-25;9816;24703;1327092;810490;61.8;37.7
75;2021-06-26;7920;15423;1335012;825913;62.1;38.4
75;2021-06-27;2694;6333;1337706;832246;62.3;38.7
75;2021-06-28;8416;20152;1346122;852398;62.7;39.7
75;2021-06-29;9306;23843;1355428;876241;63.1;40.8
75;2021-06-30;9978;23612;1365406;899853;63.6;41.9
75;2021-07-01;11155;23497;1376561;923350;64.1;43.0
75;2021-07-02;10364;24775;1386925;948125;64.6;44.1
75;2021-07-03;7765;19818;1394690;967943;64.9;45.1
75;2021-07-04;3890;9555;1398580;977498;65.1;45.5
75;2021-07-05;8859;21561;1407439;999059;65.5;46.5
75;2021-07-06;9947;24009;1417386;1023068;66.0;47.6
75;2021-07-07;9885;25090;1427271;1048158;66.4;48.8
75;2021-07-08;10466;24998;1437737;1073156;66.9;50.0
75;2021-07-09;10392;24027;1448129;1097183;67.4;51.1
75;2021-07-10;7875;18508;1456004;1115691;67.8;51.9
75;2021-07-11;4336;8533;1460340;1124224;68.0;52.3
75;2021-07-12;9293;23076;1469633;1147300;68.4;53.4
75;2021-07-13;14143;24804;1483776;1172104;69.1;54.6
75;2021-07-14;8174;9705;1491950;1181809;69.4;55.0
75;2021-07-15;15027;25651;1506977;1207460;70.1;56.2
75;2021-07-16;15290;22112;1522267;1229572;70.9;57.2
75;2021-07-17;11448;16882;1533715;1246454;71.4;58.0
75;2021-07-18;6242;6810;1539957;1253264;71.7;58.3
75;2021-07-19;14127;21291;1554084;1274555;72.3;59.3
75;2021-07-20;15886;21855;1569970;1296410;73.1;60.3
75;2021-07-21;15508;20688;1585478;1317098;73.8;61.3
75;2021-07-22;16882;20063;1602360;1337161;74.6;62.2
75;2021-07-23;16711;19025;1619071;1356186;75.4;63.1
75;2021-07-24;10900;14032;1629971;1370218;75.9;63.8
75;2021-07-25;4939;5072;1634910;1375290;76.1;64.0
75;2021-07-26;14939;16826;1649849;1392116;76.8;64.8
75;2021-07-27;17808;16550;1667657;1408666;77.6;65.6
75;2021-07-28;16868;15387;1684525;1424053;78.4;66.3
75;2021-07-29;16530;15002;1701055;1439055;79.2;67.0
75;2021-07-30;15979;14255;1717034;1453310;79.9;67.7
75;2021-07-31;9173;9820;1726207;1463130;80.4;68.1
75;2021-08-01;3441;3277;1729648;1466407;80.5;68.3
75;2021-08-02;10328;11911;1739976;1478318;81.0;68.8
75;2021-08-03;10742;10746;1750718;1489064;81.5;69.3
75;2021-08-04;9252;9433;1759970;1498497;81.9;69.8
75;2021-08-05;8244;9441;1768214;1507938;82.3;70.2
75;2021-08-06;7832;9873;1776046;1517811;82.7;70.7
75;2021-08-07;5540;7108;1781586;1524919;82.9;71.0
75;2021-08-08;1908;3266;1783494;1528185;83.0;71.1
75;2021-08-09;8185;11354;1791679;1539539;83.4;71.7
75;2021-08-10;8735;11474;1800414;1551013;83.8;72.2
75;2021-08-11;7415;10029;1807829;1561042;84.2;72.7
76;2020-12-27;0;0;0;0;0.0;0.0
76;2020-12-28;0;0;0;0;0.0;0.0
76;2020-12-29;0;0;0;0;0.0;0.0
76;2020-12-30;0;0;0;0;0.0;0.0
76;2020-12-31;0;0;0;0;0.0;0.0
76;2021-01-01;0;0;0;0;0.0;0.0
76;2021-01-02;0;0;0;0;0.0;0.0
76;2021-01-03;0;0;0;0;0.0;0.0
76;2021-01-04;17;0;17;0;0.0;0.0
76;2021-01-05;138;0;155;0;0.0;0.0
76;2021-01-06;682;2;837;2;0.1;0.0
76;2021-01-07;1355;6;2192;8;0.2;0.0
76;2021-01-08;1534;2;3726;10;0.3;0.0
76;2021-01-09;736;2;4462;12;0.4;0.0
76;2021-01-10;492;1;4954;13;0.4;0.0
76;2021-01-11;1358;2;6312;15;0.5;0.0
76;2021-01-12;1358;1;7670;16;0.6;0.0
76;2021-01-13;1187;5;8857;21;0.7;0.0
76;2021-01-14;2175;23;11032;44;0.9;0.0
76;2021-01-15;1910;8;12942;52;1.0;0.0
76;2021-01-16;987;5;13929;57;1.1;0.0
76;2021-01-17;2897;19;16826;76;1.4;0.0
76;2021-01-18;4392;16;21218;92;1.7;0.0
76;2021-01-19;3012;8;24230;100;1.9;0.0
76;2021-01-20;2068;9;26298;109;2.1;0.0
76;2021-01-21;1773;4;28071;113;2.3;0.0
76;2021-01-22;1705;4;29776;117;2.4;0.0
76;2021-01-23;449;1;30225;118;2.4;0.0
76;2021-01-24;99;0;30324;118;2.4;0.0
76;2021-01-25;1474;141;31798;259;2.6;0.0
76;2021-01-26;1389;335;33187;594;2.7;0.0
76;2021-01-27;1340;432;34527;1026;2.8;0.1
76;2021-01-28;1283;384;35810;1410;2.9;0.1
76;2021-01-29;1152;459;36962;1869;3.0;0.2
76;2021-01-30;283;305;37245;2174;3.0;0.2
76;2021-01-31;4;98;37249;2272;3.0;0.2
76;2021-02-01;838;816;38087;3088;3.1;0.2
76;2021-02-02;1056;1020;39143;4108;3.1;0.3
76;2021-02-03;917;1001;40060;5109;3.2;0.4
76;2021-02-04;976;1456;41036;6565;3.3;0.5
76;2021-02-05;974;1105;42010;7670;3.4;0.6
76;2021-02-06;260;880;42270;8550;3.4;0.7
76;2021-02-07;467;1659;42737;10209;3.4;0.8
76;2021-02-08;1923;3738;44660;13947;3.6;1.1
76;2021-02-09;1757;2998;46417;16945;3.7;1.4
76;2021-02-10;1488;1813;47905;18758;3.9;1.5
76;2021-02-11;1675;1530;49580;20288;4.0;1.6
76;2021-02-12;1709;1578;51289;21866;4.1;1.8
76;2021-02-13;230;337;51519;22203;4.1;1.8
76;2021-02-14;9;82;51528;22285;4.1;1.8
76;2021-02-15;553;1723;52081;24008;4.2;1.9
76;2021-02-16;741;1640;52822;25648;4.2;2.1
76;2021-02-17;626;1452;53448;27100;4.3;2.2
76;2021-02-18;779;1391;54227;28491;4.4;2.3
76;2021-02-19;868;1343;55095;29834;4.4;2.4
76;2021-02-20;270;288;55365;30122;4.5;2.4
76;2021-02-21;0;0;55365;30122;4.5;2.4
76;2021-02-22;371;1314;55736;31436;4.5;2.5
76;2021-02-23;575;1242;56311;32678;4.5;2.6
76;2021-02-24;598;1201;56909;33879;4.6;2.7
76;2021-02-25;1666;1265;58575;35144;4.7;2.8
76;2021-02-26;2172;1049;60747;36193;4.9;2.9
76;2021-02-27;1108;274;61855;36467;5.0;2.9
76;2021-02-28;27;197;61882;36664;5.0;2.9
76;2021-03-01;824;2112;62706;38776;5.0;3.1
76;2021-03-02;1379;1718;64085;40494;5.2;3.3
76;2021-03-03;1941;1398;66026;41892;5.3;3.4
76;2021-03-04;2816;1104;68842;42996;5.5;3.5
76;2021-03-05;4177;803;73019;43799;5.9;3.5
76;2021-03-06;3362;156;76381;43955;6.1;3.5
76;2021-03-07;1257;31;77638;43986;6.2;3.5
76;2021-03-08;2100;1254;79738;45240;6.4;3.6
76;2021-03-09;3574;1162;83312;46402;6.7;3.7
76;2021-03-10;3591;1061;86903;47463;7.0;3.8
76;2021-03-11;5634;942;92537;48405;7.4;3.9
76;2021-03-12;6824;596;99361;49001;8.0;3.9
76;2021-03-13;4639;140;104000;49141;8.4;4.0
76;2021-03-14;1068;28;105068;49169;8.4;4.0
76;2021-03-15;2917;230;107985;49399;8.7;4.0
76;2021-03-16;2554;397;110539;49796;8.9;4.0
76;2021-03-17;2694;314;113233;50110;9.1;4.0
76;2021-03-18;2999;304;116232;50414;9.3;4.1
76;2021-03-19;4394;425;120626;50839;9.7;4.1
76;2021-03-20;3974;279;124600;51118;10.0;4.1
76;2021-03-21;837;13;125437;51131;10.1;4.1
76;2021-03-22;3993;340;129430;51471;10.4;4.1
76;2021-03-23;5710;353;135140;51824;10.9;4.2
76;2021-03-24;5698;389;140838;52213;11.3;4.2
76;2021-03-25;7508;566;148346;52779;11.9;4.2
76;2021-03-26;8720;580;157066;53359;12.6;4.3
76;2021-03-27;4810;380;161876;53739;13.0;4.3
76;2021-03-28;1021;30;162897;53769;13.1;4.3
76;2021-03-29;5389;822;168286;54591;13.5;4.4
76;2021-03-30;6584;1047;174870;55638;14.1;4.5
76;2021-03-31;6452;1247;181322;56885;14.6;4.6
76;2021-04-01;6784;2037;188106;58922;15.1;4.7
76;2021-04-02;6487;2669;194593;61591;15.6;5.0
76;2021-04-03;2443;1075;197036;62666;15.8;5.0
76;2021-04-04;263;11;197299;62677;15.9;5.0
76;2021-04-05;868;379;198167;63056;15.9;5.1
76;2021-04-06;3556;2791;201723;65847;16.2;5.3
76;2021-04-07;4416;2397;206139;68244;16.6;5.5
76;2021-04-08;5840;2771;211979;71015;17.0;5.7
76;2021-04-09;8805;3063;220784;74078;17.8;6.0
76;2021-04-10;4876;1413;225660;75491;18.1;6.1
76;2021-04-11;813;529;226473;76020;18.2;6.1
76;2021-04-12;4725;2847;231198;78867;18.6;6.3
76;2021-04-13;5925;2869;237123;81736;19.1;6.6
76;2021-04-14;4806;3137;241929;84873;19.5;6.8
76;2021-04-15;5561;3356;247490;88229;19.9;7.1
76;2021-04-16;7352;3440;254842;91669;20.5;7.4
76;2021-04-17;4388;1429;259230;93098;20.8;7.5
76;2021-04-18;339;140;259569;93238;20.9;7.5
76;2021-04-19;3478;3770;263047;97008;21.1;7.8
76;2021-04-20;4343;4276;267390;101284;21.5;8.1
76;2021-04-21;4189;4683;271579;105967;21.8;8.5
76;2021-04-22;4561;5439;276140;111406;22.2;9.0
76;2021-04-23;5437;5951;281577;117357;22.6;9.4
76;2021-04-24;4163;2187;285740;119544;23.0;9.6
76;2021-04-25;891;267;286631;119811;23.0;9.6
76;2021-04-26;4481;4475;291112;124286;23.4;10.0
76;2021-04-27;4999;5001;296111;129287;23.8;10.4
76;2021-04-28;5347;4163;301458;133450;24.2;10.7
76;2021-04-29;6926;4164;308384;137614;24.8;11.1
76;2021-04-30;8218;4643;316602;142257;25.5;11.4
76;2021-05-01;4827;1006;321429;143263;25.8;11.5
76;2021-05-02;1843;259;323272;143522;26.0;11.5
76;2021-05-03;4703;3317;327975;146839;26.4;11.8
76;2021-05-04;4823;4562;332798;151401;26.8;12.2
76;2021-05-05;4785;5180;337583;156581;27.1;12.6
76;2021-05-06;5922;5588;343505;162169;27.6;13.0
76;2021-05-07;6139;6756;349644;168925;28.1;13.6
76;2021-05-08;5055;898;354699;169823;28.5;13.7
76;2021-05-09;2538;234;357237;170057;28.7;13.7
76;2021-05-10;4948;5058;362185;175115;29.1;14.1
76;2021-05-11;6517;5677;368702;180792;29.6;14.5
76;2021-05-12;6264;5073;374966;185865;30.1;14.9
76;2021-05-13;8847;1278;383813;187143;30.9;15.0
76;2021-05-14;10415;4667;394228;191810;31.7;15.4
76;2021-05-15;9120;2452;403348;194262;32.4;15.6
76;2021-05-16;6232;477;409580;194739;32.9;15.7
76;2021-05-17;7226;3274;416806;198013;33.5;15.9
76;2021-05-18;8304;2811;425110;200824;34.2;16.1
76;2021-05-19;8404;3189;433514;204013;34.9;16.4
76;2021-05-20;9649;3415;443163;207428;35.6;16.7
76;2021-05-21;8370;4093;451533;211521;36.3;17.0
76;2021-05-22;7162;2357;458695;213878;36.9;17.2
76;2021-05-23;6390;409;465085;214287;37.4;17.2
76;2021-05-24;6866;1530;471951;215817;37.9;17.4
76;2021-05-25;8023;4082;479974;219899;38.6;17.7
76;2021-05-26;7573;3609;487547;223508;39.2;18.0
76;2021-05-27;8348;4704;495895;228212;39.9;18.3
76;2021-05-28;8235;6576;504130;234788;40.5;18.9
76;2021-05-29;6220;3517;510350;238305;41.0;19.2
76;2021-05-30;3146;431;513496;238736;41.3;19.2
76;2021-05-31;8167;3970;521663;242706;41.9;19.5
76;2021-06-01;9210;5030;530873;247736;42.7;19.9
76;2021-06-02;7927;4441;538800;252177;43.3;20.3
76;2021-06-03;9537;5404;548337;257581;44.1;20.7
76;2021-06-04;9244;6676;557581;264257;44.8;21.2
76;2021-06-05;6289;3811;563870;268068;45.3;21.6
76;2021-06-06;2554;650;566424;268718;45.5;21.6
76;2021-06-07;6983;5454;573407;274172;46.1;22.0
76;2021-06-08;8654;6287;582061;280459;46.8;22.5
76;2021-06-09;7214;6083;589275;286542;47.4;23.0
76;2021-06-10;7992;6562;597267;293104;48.0;23.6
76;2021-06-11;7580;8231;604847;301335;48.6;24.2
76;2021-06-12;7166;5869;612013;307204;49.2;24.7
76;2021-06-13;2961;1294;614974;308498;49.4;24.8
76;2021-06-14;6490;6716;621464;315214;50.0;25.3
76;2021-06-15;6298;7463;627762;322677;50.5;25.9
76;2021-06-16;6653;7483;634415;330160;51.0;26.5
76;2021-06-17;7006;7755;641421;337915;51.6;27.2
76;2021-06-18;7688;9234;649109;347149;52.2;27.9
76;2021-06-19;5986;6260;655095;353409;52.7;28.4
76;2021-06-20;2811;1814;657906;355223;52.9;28.6
76;2021-06-21;5591;8172;663497;363395;53.3;29.2
76;2021-06-22;4919;9872;668416;373267;53.7;30.0
76;2021-06-23;4728;9434;673144;382701;54.1;30.8
76;2021-06-24;4794;9918;677938;392619;54.5;31.6
76;2021-06-25;5223;11570;683161;404189;54.9;32.5
76;2021-06-26;3453;7876;686614;412065;55.2;33.1
76;2021-06-27;1365;5165;687979;417230;55.3;33.5
76;2021-06-28;3614;9940;691593;427170;55.6;34.3
76;2021-06-29;3873;10234;695466;437404;55.9;35.2
76;2021-06-30;4262;9841;699728;447245;56.3;36.0
76;2021-07-01;4587;9896;704315;457141;56.6;36.8
76;2021-07-02;4370;12011;708685;469152;57.0;37.7
76;2021-07-03;3586;8449;712271;477601;57.3;38.4
76;2021-07-04;1486;5306;713757;482907;57.4;38.8
76;2021-07-05;3951;9331;717708;492238;57.7;39.6
76;2021-07-06;4050;10075;721758;502313;58.0;40.4
76;2021-07-07;4011;9333;725769;511646;58.4;41.1
76;2021-07-08;4462;9460;730231;521106;58.7;41.9
76;2021-07-09;4363;12407;734594;533513;59.1;42.9
76;2021-07-10;3138;8551;737732;542064;59.3;43.6
76;2021-07-11;1777;2821;739509;544885;59.5;43.8
76;2021-07-12;3151;11151;742660;556036;59.7;44.7
76;2021-07-13;4929;12252;747589;568288;60.1;45.7
76;2021-07-14;4801;5541;752390;573829;60.5;46.1
76;2021-07-15;5903;11795;758293;585624;61.0;47.1
76;2021-07-16;6711;12023;765004;597647;61.5;48.1
76;2021-07-17;5274;8701;770278;606348;61.9;48.8
76;2021-07-18;2256;3355;772534;609703;62.1;49.0
76;2021-07-19;5151;11146;777685;620849;62.5;49.9
76;2021-07-20;6265;11630;783950;632479;63.0;50.9
76;2021-07-21;6330;10555;790280;643034;63.5;51.7
76;2021-07-22;8196;9658;798476;652692;64.2;52.5
76;2021-07-23;7609;11985;806085;664677;64.8;53.4
76;2021-07-24;4980;7706;811065;672383;65.2;54.1
76;2021-07-25;2858;3144;813923;675527;65.4;54.3
76;2021-07-26;5418;10144;819341;685671;65.9;55.1
76;2021-07-27;8302;9547;827643;695218;66.5;55.9
76;2021-07-28;8221;7798;835864;703016;67.2;56.5
76;2021-07-29;9541;6965;845405;709981;68.0;57.1
76;2021-07-30;7960;7824;853365;717805;68.6;57.7
76;2021-07-31;6573;5312;859938;723117;69.1;58.1
76;2021-08-01;3859;2064;863797;725181;69.4;58.3
76;2021-08-02;6525;7080;870322;732261;70.0;58.9
76;2021-08-03;7942;6336;878264;738597;70.6;59.4
76;2021-08-04;7214;5840;885478;744437;71.2;59.9
76;2021-08-05;8016;5684;893494;750121;71.8;60.3
76;2021-08-06;6702;6854;900196;756975;72.4;60.9
76;2021-08-07;4768;4362;904964;761337;72.8;61.2
76;2021-08-08;2398;2148;907362;763485;73.0;61.4
76;2021-08-09;5576;6710;912938;770195;73.4;61.9
76;2021-08-10;6303;6521;919241;776716;73.9;62.4
76;2021-08-11;6354;5443;925595;782159;74.4;62.9
77;2020-12-27;1;0;1;0;0.0;0.0
77;2020-12-28;1;0;2;0;0.0;0.0
77;2020-12-29;0;0;2;0;0.0;0.0
77;2020-12-30;0;0;2;0;0.0;0.0
77;2020-12-31;0;0;2;0;0.0;0.0
77;2021-01-01;3;0;5;0;0.0;0.0
77;2021-01-02;0;0;5;0;0.0;0.0
77;2021-01-03;0;0;5;0;0.0;0.0
77;2021-01-04;6;0;11;0;0.0;0.0
77;2021-01-05;199;0;210;0;0.0;0.0
77;2021-01-06;223;2;433;2;0.0;0.0
77;2021-01-07;521;3;954;5;0.1;0.0
77;2021-01-08;612;0;1566;5;0.1;0.0
77;2021-01-09;273;1;1839;6;0.1;0.0
77;2021-01-10;235;2;2074;8;0.1;0.0
77;2021-01-11;783;2;2857;10;0.2;0.0
77;2021-01-12;884;1;3741;11;0.3;0.0
77;2021-01-13;935;1;4676;12;0.3;0.0
77;2021-01-14;848;7;5524;19;0.4;0.0
77;2021-01-15;860;10;6384;29;0.4;0.0
77;2021-01-16;168;1;6552;30;0.5;0.0
77;2021-01-17;131;2;6683;32;0.5;0.0
77;2021-01-18;1193;5;7876;37;0.6;0.0
77;2021-01-19;1719;20;9595;57;0.7;0.0
77;2021-01-20;2540;5;12135;62;0.9;0.0
77;2021-01-21;2052;23;14187;85;1.0;0.0
77;2021-01-22;1147;8;15334;93;1.1;0.0
77;2021-01-23;350;0;15684;93;1.1;0.0
77;2021-01-24;43;0;15727;93;1.1;0.0
77;2021-01-25;939;26;16666;119;1.2;0.0
77;2021-01-26;1702;30;18368;149;1.3;0.0
77;2021-01-27;1362;40;19730;189;1.4;0.0
77;2021-01-28;1697;97;21427;286;1.5;0.0
77;2021-01-29;1284;146;22711;432;1.6;0.0
77;2021-01-30;211;2;22922;434;1.6;0.0
77;2021-01-31;0;0;22922;434;1.6;0.0
77;2021-02-01;568;212;23490;646;1.7;0.0
77;2021-02-02;866;268;24356;914;1.7;0.1
77;2021-02-03;794;536;25150;1450;1.8;0.1
77;2021-02-04;789;807;25939;2257;1.8;0.2
77;2021-02-05;857;852;26796;3109;1.9;0.2
77;2021-02-06;165;103;26961;3212;1.9;0.2
77;2021-02-07;16;92;26977;3304;1.9;0.2
77;2021-02-08;494;942;27471;4246;1.9;0.3
77;2021-02-09;591;1466;28062;5712;2.0;0.4
77;2021-02-10;1028;1833;29090;7545;2.0;0.5
77;2021-02-11;1059;1655;30149;9200;2.1;0.6
77;2021-02-12;1097;1173;31246;10373;2.2;0.7
77;2021-02-13;187;175;31433;10548;2.2;0.7
77;2021-02-14;12;57;31445;10605;2.2;0.7
77;2021-02-15;554;1030;31999;11635;2.2;0.8
77;2021-02-16;599;1537;32598;13172;2.3;0.9
77;2021-02-17;515;1188;33113;14360;2.3;1.0
77;2021-02-18;840;1617;33953;15977;2.4;1.1
77;2021-02-19;776;1162;34729;17139;2.4;1.2
77;2021-02-20;53;178;34782;17317;2.4;1.2
77;2021-02-21;7;31;34789;17348;2.4;1.2
77;2021-02-22;303;773;35092;18121;2.5;1.3
77;2021-02-23;358;1132;35450;19253;2.5;1.4
77;2021-02-24;511;900;35961;20153;2.5;1.4
77;2021-02-25;793;970;36754;21123;2.6;1.5
77;2021-02-26;841;840;37595;21963;2.6;1.5
77;2021-02-27;460;169;38055;22132;2.7;1.6
77;2021-02-28;32;5;38087;22137;2.7;1.6
77;2021-03-01;675;711;38762;22848;2.7;1.6
77;2021-03-02;1092;1028;39854;23876;2.8;1.7
77;2021-03-03;1954;1172;41808;25048;2.9;1.8
77;2021-03-04;2800;1133;44608;26181;3.1;1.8
77;2021-03-05;3378;1043;47986;27224;3.4;1.9
77;2021-03-06;4821;254;52807;27478;3.7;1.9
77;2021-03-07;3189;108;55996;27586;3.9;1.9
77;2021-03-08;1229;505;57225;28091;4.0;2.0
77;2021-03-09;2503;631;59728;28722;4.2;2.0
77;2021-03-10;2397;574;62125;29296;4.4;2.1
77;2021-03-11;3499;772;65624;30068;4.6;2.1
77;2021-03-12;3888;683;69512;30751;4.9;2.2
77;2021-03-13;4482;199;73994;30950;5.2;2.2
77;2021-03-14;2150;117;76144;31067;5.3;2.2
77;2021-03-15;2509;274;78653;31341;5.5;2.2
77;2021-03-16;2443;372;81096;31713;5.7;2.2
77;2021-03-17;2550;423;83646;32136;5.9;2.3
77;2021-03-18;3009;398;86655;32534;6.1;2.3
77;2021-03-19;3358;432;90013;32966;6.3;2.3
77;2021-03-20;1966;74;91979;33040;6.5;2.3
77;2021-03-21;242;13;92221;33053;6.5;2.3
77;2021-03-22;3019;403;95240;33456;6.7;2.4
77;2021-03-23;4518;520;99758;33976;7.0;2.4
77;2021-03-24;4149;616;103907;34592;7.3;2.4
77;2021-03-25;5905;406;109812;34998;7.7;2.5
77;2021-03-26;6265;438;116077;35436;8.2;2.5
77;2021-03-27;3320;118;119397;35554;8.4;2.5
77;2021-03-28;1730;44;121127;35598;8.5;2.5
77;2021-03-29;2652;684;123779;36282;8.7;2.5
77;2021-03-30;3996;1203;127775;37485;9.0;2.6
77;2021-03-31;3752;1218;131527;38703;9.2;2.7
77;2021-04-01;4140;1804;135667;40507;9.5;2.8
77;2021-04-02;3989;2011;139656;42518;9.8;3.0
77;2021-04-03;1745;2279;141401;44797;9.9;3.1
77;2021-04-04;425;1426;141826;46223;10.0;3.2
77;2021-04-05;158;162;141984;46385;10.0;3.3
77;2021-04-06;2711;1921;144695;48306;10.2;3.4
77;2021-04-07;3316;2080;148011;50386;10.4;3.5
77;2021-04-08;4531;2360;152542;52746;10.7;3.7
77;2021-04-09;4846;2083;157388;54829;11.1;3.9
77;2021-04-10;3071;2744;160459;57573;11.3;4.0
77;2021-04-11;587;716;161046;58289;11.3;4.1
77;2021-04-12;2230;1824;163276;60113;11.5;4.2
77;2021-04-13;3357;2633;166633;62746;11.7;4.4
77;2021-04-14;2523;2646;169156;65392;11.9;4.6
77;2021-04-15;3318;3113;172474;68505;12.1;4.8
77;2021-04-16;3575;2717;176049;71222;12.4;5.0
77;2021-04-17;1386;473;177435;71695;12.5;5.0
77;2021-04-18;150;11;177585;71706;12.5;5.0
77;2021-04-19;2082;2511;179667;74217;12.6;5.2
77;2021-04-20;2569;3382;182236;77599;12.8;5.5
77;2021-04-21;2193;3477;184429;81076;13.0;5.7
77;2021-04-22;3002;3856;187431;84932;13.2;6.0
77;2021-04-23;3528;3635;190959;88567;13.4;6.2
77;2021-04-24;4901;2513;195860;91080;13.8;6.4
77;2021-04-25;4080;1236;199940;92316;14.0;6.5
77;2021-04-26;3228;2041;203168;94357;14.3;6.6
77;2021-04-27;3994;2514;207162;96871;14.6;6.8
77;2021-04-28;4071;2611;211233;99482;14.8;7.0
77;2021-04-29;4476;3077;215709;102559;15.2;7.2
77;2021-04-30;4906;3331;220615;105890;15.5;7.4
77;2021-05-01;2463;592;223078;106482;15.7;7.5
77;2021-05-02;3142;277;226220;106759;15.9;7.5
77;2021-05-03;5988;2066;232208;108825;16.3;7.6
77;2021-05-04;6437;2985;238645;111810;16.8;7.9
77;2021-05-05;6015;3022;244660;114832;17.2;8.1
77;2021-05-06;6890;3592;251550;118424;17.7;8.3
77;2021-05-07;8205;3260;259755;121684;18.2;8.5
77;2021-05-08;5706;806;265461;122490;18.6;8.6
77;2021-05-09;4906;475;270367;122965;19.0;8.6
77;2021-05-10;8090;2323;278457;125288;19.6;8.8
77;2021-05-11;9580;2918;288037;128206;20.2;9.0
77;2021-05-12;8977;2281;297014;130487;20.9;9.2
77;2021-05-13;9302;874;306316;131361;21.5;9.2
77;2021-05-14;10424;1656;316740;133017;22.2;9.3
77;2021-05-15;8988;1250;325728;134267;22.9;9.4
77;2021-05-16;5152;463;330880;134730;23.2;9.5
77;2021-05-17;10371;1472;341251;136202;24.0;9.6
77;2021-05-18;11781;1800;353032;138002;24.8;9.7
77;2021-05-19;10910;1601;363942;139603;25.6;9.8
77;2021-05-20;12211;2165;376153;141768;26.4;10.0
77;2021-05-21;11653;2692;387806;144460;27.2;10.1
77;2021-05-22;9819;1735;397625;146195;27.9;10.3
77;2021-05-23;6985;805;404610;147000;28.4;10.3
77;2021-05-24;6763;774;411373;147774;28.9;10.4
77;2021-05-25;8308;2807;419681;150581;29.5;10.6
77;2021-05-26;7565;2974;427246;153555;30.0;10.8
77;2021-05-27;7549;3962;434795;157517;30.5;11.1
77;2021-05-28;7637;4012;442432;161529;31.1;11.3
77;2021-05-29;7354;2340;449786;163869;31.6;11.5
77;2021-05-30;4357;892;454143;164761;31.9;11.6
77;2021-05-31;8387;3833;462530;168594;32.5;11.8
77;2021-06-01;9642;4370;472172;172964;33.2;12.1
77;2021-06-02;9001;3914;481173;176878;33.8;12.4
77;2021-06-03;9003;5266;490176;182144;34.4;12.8
77;2021-06-04;9114;5489;499290;187633;35.1;13.2
77;2021-06-05;6659;4992;505949;192625;35.5;13.5
77;2021-06-06;4910;3206;510859;195831;35.9;13.8
77;2021-06-07;6420;4542;517279;200373;36.3;14.1
77;2021-06-08;5726;5212;523005;205585;36.7;14.4
77;2021-06-09;5058;4958;528063;210543;37.1;14.8
77;2021-06-10;5015;5461;533078;216004;37.4;15.2
77;2021-06-11;5754;6036;538832;222040;37.8;15.6
77;2021-06-12;6544;4751;545376;226791;38.3;15.9
77;2021-06-13;3507;3050;548883;229841;38.6;16.1
77;2021-06-14;3218;7929;552101;237770;38.8;16.7
77;2021-06-15;4127;8478;556228;246248;39.1;17.3
77;2021-06-16;4803;8376;561031;254624;39.4;17.9
77;2021-06-17;4472;9025;565503;263649;39.7;18.5
77;2021-06-18;4363;9785;569866;273434;40.0;19.2
77;2021-06-19;5304;6929;575170;280363;40.4;19.7
77;2021-06-20;2095;3800;577265;284163;40.5;20.0
77;2021-06-21;3228;9578;580493;293741;40.8;20.6
77;2021-06-22;3666;11369;584159;305110;41.0;21.4
77;2021-06-23;3439;10052;587598;315162;41.3;22.1
77;2021-06-24;3359;10905;590957;326067;41.5;22.9
77;2021-06-25;3625;10803;594582;336870;41.8;23.7
77;2021-06-26;4083;10064;598665;346934;42.1;24.4
77;2021-06-27;2122;6425;600787;353359;42.2;24.8
77;2021-06-28;2800;10829;603587;364188;42.4;25.6
77;2021-06-29;3412;12522;606999;376710;42.6;26.5
77;2021-06-30;3287;11444;610286;388154;42.9;27.3
77;2021-07-01;3276;11659;613562;399813;43.1;28.1
77;2021-07-02;3447;12246;617009;412059;43.3;28.9
77;2021-07-03;3180;10791;620189;422850;43.6;29.7
77;2021-07-04;1994;6491;622183;429341;43.7;30.2
77;2021-07-05;3587;9543;625770;438884;44.0;30.8
77;2021-07-06;3731;9519;629501;448403;44.2;31.5
77;2021-07-07;4043;8947;633544;457350;44.5;32.1
77;2021-07-08;3902;8752;637446;466102;44.8;32.7
77;2021-07-09;4685;10339;642131;476441;45.1;33.5
77;2021-07-10;4036;9834;646167;486275;45.4;34.2
77;2021-07-11;3078;5079;649245;491354;45.6;34.5
77;2021-07-12;3279;10864;652524;502218;45.8;35.3
77;2021-07-13;6106;12023;658630;514241;46.3;36.1
77;2021-07-14;3541;6436;662171;520677;46.5;36.6
77;2021-07-15;7143;11959;669314;532636;47.0;37.4
77;2021-07-16;7791;9886;677105;542522;47.6;38.1
77;2021-07-17;5769;9461;682874;551983;48.0;38.8
77;2021-07-18;4137;5329;687011;557312;48.3;39.1
77;2021-07-19;7480;8944;694491;566256;48.8;39.8
77;2021-07-20;9528;8014;704019;574270;49.5;40.3
77;2021-07-21;9468;7458;713487;581728;50.1;40.9
77;2021-07-22;10418;7492;723905;589220;50.9;41.4
77;2021-07-23;9770;8173;733675;597393;51.5;42.0
77;2021-07-24;7156;7853;740831;605246;52.0;42.5
77;2021-07-25;5852;4018;746683;609264;52.5;42.8
77;2021-07-26;9141;5957;755824;615221;53.1;43.2
77;2021-07-27;10799;6002;766623;621223;53.9;43.6
77;2021-07-28;9315;6386;775938;627609;54.5;44.1
77;2021-07-29;9460;5473;785398;633082;55.2;44.5
77;2021-07-30;9643;6329;795041;639411;55.8;44.9
77;2021-07-31;7199;6612;802240;646023;56.4;45.4
77;2021-08-01;2936;1191;805176;647214;56.6;45.5
77;2021-08-02;6996;5729;812172;652943;57.1;45.9
77;2021-08-03;5721;4474;817893;657417;57.5;46.2
77;2021-08-04;4664;4371;822557;661788;57.8;46.5
77;2021-08-05;3194;2943;825751;664731;58.0;46.7
77;2021-08-06;5796;5208;831547;669939;58.4;47.1
77;2021-08-07;5241;6780;836788;676719;58.8;47.5
77;2021-08-08;1956;1852;838744;678571;58.9;47.7
77;2021-08-09;5007;6537;843751;685108;59.3;48.1
77;2021-08-10;2641;3531;846392;688639;59.5;48.4
77;2021-08-11;3030;6117;849422;694756;59.7;48.8
78;2020-12-27;2;0;2;0;0.0;0.0
78;2020-12-28;0;0;2;0;0.0;0.0
78;2020-12-29;0;0;2;0;0.0;0.0
78;2020-12-30;0;0;2;0;0.0;0.0
78;2020-12-31;15;0;17;0;0.0;0.0
78;2021-01-01;0;0;17;0;0.0;0.0
78;2021-01-02;1;0;18;0;0.0;0.0
78;2021-01-03;2;0;20;0;0.0;0.0
78;2021-01-04;145;3;165;3;0.0;0.0
78;2021-01-05;175;1;340;4;0.0;0.0
78;2021-01-06;208;3;548;7;0.0;0.0
78;2021-01-07;469;2;1017;9;0.1;0.0
78;2021-01-08;651;5;1668;14;0.1;0.0
78;2021-01-09;22;0;1690;14;0.1;0.0
78;2021-01-10;1;0;1691;14;0.1;0.0
78;2021-01-11;791;3;2482;17;0.2;0.0
78;2021-01-12;946;6;3428;23;0.2;0.0
78;2021-01-13;737;9;4165;32;0.3;0.0
78;2021-01-14;811;9;4976;41;0.3;0.0
78;2021-01-15;847;7;5823;48;0.4;0.0
78;2021-01-16;32;1;5855;49;0.4;0.0
78;2021-01-17;0;0;5855;49;0.4;0.0
78;2021-01-18;1381;21;7236;70;0.5;0.0
78;2021-01-19;1840;27;9076;97;0.6;0.0
78;2021-01-20;1648;14;10724;111;0.7;0.0
78;2021-01-21;3248;14;13972;125;1.0;0.0
78;2021-01-22;2214;16;16186;141;1.1;0.0
78;2021-01-23;279;0;16465;141;1.1;0.0
78;2021-01-24;5;0;16470;141;1.1;0.0
78;2021-01-25;958;32;17428;173;1.2;0.0
78;2021-01-26;1559;19;18987;192;1.3;0.0
78;2021-01-27;2060;49;21047;241;1.5;0.0
78;2021-01-28;2434;107;23481;348;1.6;0.0
78;2021-01-29;1489;64;24970;412;1.7;0.0
78;2021-01-30;210;3;25180;415;1.7;0.0
78;2021-01-31;3;0;25183;415;1.7;0.0
78;2021-02-01;786;225;25969;640;1.8;0.0
78;2021-02-02;968;347;26937;987;1.9;0.1
78;2021-02-03;975;240;27912;1227;1.9;0.1
78;2021-02-04;1117;449;29029;1676;2.0;0.1
78;2021-02-05;1190;509;30219;2185;2.1;0.2
78;2021-02-06;197;44;30416;2229;2.1;0.2
78;2021-02-07;139;14;30555;2243;2.1;0.2
78;2021-02-08;760;610;31315;2853;2.2;0.2
78;2021-02-09;1122;944;32437;3797;2.2;0.3
78;2021-02-10;1248;1183;33685;4980;2.3;0.3
78;2021-02-11;1819;1902;35504;6882;2.5;0.5
78;2021-02-12;1819;1417;37323;8299;2.6;0.6
78;2021-02-13;173;80;37496;8379;2.6;0.6
78;2021-02-14;26;25;37522;8404;2.6;0.6
78;2021-02-15;446;1440;37968;9844;2.6;0.7
78;2021-02-16;627;1558;38595;11402;2.7;0.8
78;2021-02-17;584;2221;39179;13623;2.7;0.9
78;2021-02-18;998;2280;40177;15903;2.8;1.1
78;2021-02-19;819;1734;40996;17637;2.8;1.2
78;2021-02-20;147;124;41143;17761;2.8;1.2
78;2021-02-21;0;12;41143;17773;2.8;1.2
78;2021-02-22;499;1060;41642;18833;2.9;1.3
78;2021-02-23;540;1122;42182;19955;2.9;1.4
78;2021-02-24;619;1238;42801;21193;3.0;1.5
78;2021-02-25;866;1157;43667;22350;3.0;1.5
78;2021-02-26;1132;1245;44799;23595;3.1;1.6
78;2021-02-27;739;149;45538;23744;3.1;1.6
78;2021-02-28;66;18;45604;23762;3.1;1.6
78;2021-03-01;965;910;46569;24672;3.2;1.7
78;2021-03-02;1723;1051;48292;25723;3.3;1.8
78;2021-03-03;1965;1227;50257;26950;3.5;1.9
78;2021-03-04;2945;1580;53202;28530;3.7;2.0
78;2021-03-05;3253;1650;56455;30180;3.9;2.1
78;2021-03-06;6242;278;62697;30458;4.3;2.1
78;2021-03-07;3443;88;66140;30546;4.6;2.1
78;2021-03-08;1456;760;67596;31306;4.7;2.2
78;2021-03-09;2938;905;70534;32211;4.9;2.2
78;2021-03-10;3074;1116;73608;33327;5.1;2.3
78;2021-03-11;4176;1306;77784;34633;5.4;2.4
78;2021-03-12;5369;1333;83153;35966;5.7;2.5
78;2021-03-13;4653;189;87806;36155;6.1;2.5
78;2021-03-14;1034;38;88840;36193;6.1;2.5
78;2021-03-15;3621;262;92461;36455;6.4;2.5
78;2021-03-16;2564;556;95025;37011;6.6;2.6
78;2021-03-17;2966;433;97991;37444;6.8;2.6
78;2021-03-18;3780;429;101771;37873;7.0;2.6
78;2021-03-19;5315;482;107086;38355;7.4;2.6
78;2021-03-20;2258;124;109344;38479;7.5;2.7
78;2021-03-21;164;7;109508;38486;7.6;2.7
78;2021-03-22;3530;378;113038;38864;7.8;2.7
78;2021-03-23;5229;539;118267;39403;8.2;2.7
78;2021-03-24;4892;542;123159;39945;8.5;2.8
78;2021-03-25;6937;556;130096;40501;9.0;2.8
78;2021-03-26;6935;708;137031;41209;9.5;2.8
78;2021-03-27;3744;185;140775;41394;9.7;2.9
78;2021-03-28;1918;44;142693;41438;9.9;2.9
78;2021-03-29;3865;760;146558;42198;10.1;2.9
78;2021-03-30;5522;1053;152080;43251;10.5;3.0
78;2021-03-31;5329;1281;157409;44532;10.9;3.1
78;2021-04-01;5592;2330;163001;46862;11.3;3.2
78;2021-04-02;5193;2621;168194;49483;11.6;3.4
78;2021-04-03;2198;2558;170392;52041;11.8;3.6
78;2021-04-04;173;14;170565;52055;11.8;3.6
78;2021-04-05;199;18;170764;52073;11.8;3.6
78;2021-04-06;3616;2299;174380;54372;12.0;3.8
78;2021-04-07;4357;2582;178737;56954;12.3;3.9
78;2021-04-08;5523;2665;184260;59619;12.7;4.1
78;2021-04-09;6904;2445;191164;62064;13.2;4.3
78;2021-04-10;3994;1894;195158;63958;13.5;4.4
78;2021-04-11;374;606;195532;64564;13.5;4.5
78;2021-04-12;3530;2366;199062;66930;13.7;4.6
78;2021-04-13;5458;2491;204520;69421;14.1;4.8
78;2021-04-14;4954;3387;209474;72808;14.5;5.0
78;2021-04-15;4615;3840;214089;76648;14.8;5.3
78;2021-04-16;5628;4016;219717;80664;15.2;5.6
78;2021-04-17;3615;712;223332;81376;15.4;5.6
78;2021-04-18;272;42;223604;81418;15.4;5.6
78;2021-04-19;3240;2815;226844;84233;15.7;5.8
78;2021-04-20;4708;3688;231552;87921;16.0;6.1
78;2021-04-21;4531;3499;236083;91420;16.3;6.3
78;2021-04-22;4569;4687;240652;96107;16.6;6.6
78;2021-04-23;5056;4428;245708;100535;17.0;6.9
78;2021-04-24;4865;2619;250573;103154;17.3;7.1
78;2021-04-25;3043;1730;253616;104884;17.5;7.2
78;2021-04-26;4768;3317;258384;108201;17.8;7.5
78;2021-04-27;5469;4306;263853;112507;18.2;7.8
78;2021-04-28;5650;4784;269503;117291;18.6;8.1
78;2021-04-29;6257;4062;275760;121353;19.0;8.4
78;2021-04-30;7210;4462;282970;125815;19.5;8.7
78;2021-05-01;612;256;283582;126071;19.6;8.7
78;2021-05-02;2007;164;285589;126235;19.7;8.7
78;2021-05-03;7458;1273;293047;127508;20.2;8.8
78;2021-05-04;6078;3981;299125;131489;20.6;9.1
78;2021-05-05;7295;4545;306420;136034;21.2;9.4
78;2021-05-06;6476;5175;312896;141209;21.6;9.7
78;2021-05-07;8313;5141;321209;146350;22.2;10.1
78;2021-05-08;2916;1450;324125;147800;22.4;10.2
78;2021-05-09;2816;348;326941;148148;22.6;10.2
78;2021-05-10;7343;4453;334284;152601;23.1;10.5
78;2021-05-11;8143;5415;342427;158016;23.6;10.9
78;2021-05-12;8729;3913;351156;161929;24.2;11.2
78;2021-05-13;6631;601;357787;162530;24.7;11.2
78;2021-05-14;10215;2216;368002;164746;25.4;11.4
78;2021-05-15;4934;2366;372936;167112;25.7;11.5
78;2021-05-16;3696;793;376632;167905;26.0;11.6
78;2021-05-17;8741;1346;385373;169251;26.6;11.7
78;2021-05-18;9882;1882;395255;171133;27.3;11.8
78;2021-05-19;11649;1708;406904;172841;28.1;11.9
78;2021-05-20;11592;2267;418496;175108;28.9;12.1
78;2021-05-21;12126;2630;430622;177738;29.7;12.3
78;2021-05-22;6546;1374;437168;179112;30.2;12.4
78;2021-05-23;3126;388;440294;179500;30.4;12.4
78;2021-05-24;3523;415;443817;179915;30.6;12.4
78;2021-05-25;9987;2502;453804;182417;31.3;12.6
78;2021-05-26;10163;3779;463967;186196;32.0;12.9
78;2021-05-27;10959;4642;474926;190838;32.8;13.2
78;2021-05-28;11414;6032;486340;196870;33.6;13.6
78;2021-05-29;4226;3385;490566;200255;33.9;13.8
78;2021-05-30;135;346;490701;200601;33.9;13.8
78;2021-05-31;7970;5362;498671;205963;34.4;14.2
78;2021-06-01;10031;6529;508702;212492;35.1;14.7
78;2021-06-02;8580;6216;517282;218708;35.7;15.1
78;2021-06-03;9897;6475;527179;225183;36.4;15.5
78;2021-06-04;9790;8147;536969;233330;37.1;16.1
78;2021-06-05;5515;6140;542484;239470;37.4;16.5
78;2021-06-06;2148;2013;544632;241483;37.6;16.7
78;2021-06-07;8123;6516;552755;247999;38.2;17.1
78;2021-06-08;8061;7320;560816;255319;38.7;17.6
78;2021-06-09;7318;6728;568134;262047;39.2;18.1
78;2021-06-10;7094;7098;575228;269145;39.7;18.6
78;2021-06-11;7577;8179;582805;277324;40.2;19.1
78;2021-06-12;6372;2918;589177;280242;40.7;19.3
78;2021-06-13;946;2459;590123;282701;40.7;19.5
78;2021-06-14;3406;9814;593529;292515;41.0;20.2
78;2021-06-15;5793;8289;599322;300804;41.4;20.8
78;2021-06-16;5416;8634;604738;309438;41.7;21.4
78;2021-06-17;5482;8540;610220;317978;42.1;22.0
78;2021-06-18;6100;9797;616320;327775;42.5;22.6
78;2021-06-19;5221;4818;621541;332593;42.9;23.0
78;2021-06-20;624;2838;622165;335431;42.9;23.2
78;2021-06-21;4080;9468;626245;344899;43.2;23.8
78;2021-06-22;3343;10313;629588;355212;43.5;24.5
78;2021-06-23;3837;10389;633425;365601;43.7;25.2
78;2021-06-24;3791;9977;637216;375578;44.0;25.9
78;2021-06-25;3999;13153;641215;388731;44.3;26.8
78;2021-06-26;4213;7953;645428;396684;44.6;27.4
78;2021-06-27;1038;2542;646466;399226;44.6;27.6
78;2021-06-28;3292;10901;649758;410127;44.9;28.3
78;2021-06-29;3536;11247;653294;421374;45.1;29.1
78;2021-06-30;4111;13226;657405;434600;45.4;30.0
78;2021-07-01;3958;12699;661363;447299;45.7;30.9
78;2021-07-02;4213;13931;665576;461230;45.9;31.8
78;2021-07-03;3151;8624;668727;469854;46.2;32.4
78;2021-07-04;759;1742;669486;471596;46.2;32.6
78;2021-07-05;3372;9690;672858;481286;46.4;33.2
78;2021-07-06;3517;12045;676375;493331;46.7;34.1
78;2021-07-07;3753;11607;680128;504938;46.9;34.9
78;2021-07-08;3860;11673;683988;516611;47.2;35.7
78;2021-07-09;4395;12730;688383;529341;47.5;36.5
78;2021-07-10;2618;6605;691001;535946;47.7;37.0
78;2021-07-11;746;2050;691747;537996;47.8;37.1
78;2021-07-12;2988;11742;694735;549738;48.0;37.9
78;2021-07-13;5313;11968;700048;561706;48.3;38.8
78;2021-07-14;2527;4972;702575;566678;48.5;39.1
78;2021-07-15;5646;11948;708221;578626;48.9;39.9
78;2021-07-16;7246;10777;715467;589403;49.4;40.7
78;2021-07-17;4711;4883;720178;594286;49.7;41.0
78;2021-07-18;1121;455;721299;594741;49.8;41.1
78;2021-07-19;3829;10345;725128;605086;50.1;41.8
78;2021-07-20;5553;9904;730681;614990;50.4;42.5
78;2021-07-21;5880;9844;736561;624834;50.8;43.1
78;2021-07-22;5926;9290;742487;634124;51.3;43.8
78;2021-07-23;6174;9203;748661;643327;51.7;44.4
78;2021-07-24;2923;4966;751584;648293;51.9;44.8
78;2021-07-25;981;372;752565;648665;52.0;44.8
78;2021-07-26;4839;6966;757404;655631;52.3;45.3
78;2021-07-27;7538;6878;764942;662509;52.8;45.7
78;2021-07-28;6916;5915;771858;668424;53.3;46.1
78;2021-07-29;7872;5971;779730;674395;53.8;46.6
78;2021-07-30;7623;7017;787353;681412;54.4;47.0
78;2021-07-31;2636;2727;789989;684139;54.5;47.2
78;2021-08-01;102;71;790091;684210;54.5;47.2
78;2021-08-02;2362;2105;792453;686315;54.7;47.4
78;2021-08-03;4200;4238;796653;690553;55.0;47.7
78;2021-08-04;4343;2785;800996;693338;55.3;47.9
78;2021-08-05;3842;3133;804838;696471;55.6;48.1
78;2021-08-06;3842;3703;808680;700174;55.8;48.3
78;2021-08-07;2790;3431;811470;703605;56.0;48.6
78;2021-08-08;475;340;811945;703945;56.0;48.6
78;2021-08-09;1859;1636;813804;705581;56.2;48.7
78;2021-08-10;3309;3955;817113;709536;56.4;49.0
78;2021-08-11;2951;3358;820064;712894;56.6;49.2
79;2020-12-27;0;0;0;0;0.0;0.0
79;2020-12-28;3;0;3;0;0.0;0.0
79;2020-12-29;0;0;3;0;0.0;0.0
79;2020-12-30;0;0;3;0;0.0;0.0
79;2020-12-31;0;0;3;0;0.0;0.0
79;2021-01-01;0;0;3;0;0.0;0.0
79;2021-01-02;0;0;3;0;0.0;0.0
79;2021-01-03;0;0;3;0;0.0;0.0
79;2021-01-04;1;0;4;0;0.0;0.0
79;2021-01-05;0;0;4;0;0.0;0.0
79;2021-01-06;0;0;4;0;0.0;0.0
79;2021-01-07;158;0;162;0;0.0;0.0
79;2021-01-08;165;0;327;0;0.1;0.0
79;2021-01-09;98;0;425;0;0.1;0.0
79;2021-01-10;3;0;428;0;0.1;0.0
79;2021-01-11;184;1;612;1;0.2;0.0
79;2021-01-12;246;2;858;3;0.2;0.0
79;2021-01-13;258;0;1116;3;0.3;0.0
79;2021-01-14;505;7;1621;10;0.4;0.0
79;2021-01-15;616;4;2237;14;0.6;0.0
79;2021-01-16;66;0;2303;14;0.6;0.0
79;2021-01-17;0;0;2303;14;0.6;0.0
79;2021-01-18;477;1;2780;15;0.7;0.0
79;2021-01-19;1354;1;4134;16;1.1;0.0
79;2021-01-20;1651;1;5785;17;1.6;0.0
79;2021-01-21;1997;6;7782;23;2.1;0.0
79;2021-01-22;873;4;8655;27;2.3;0.0
79;2021-01-23;65;0;8720;27;2.3;0.0
79;2021-01-24;0;0;8720;27;2.3;0.0
79;2021-01-25;644;7;9364;34;2.5;0.0
79;2021-01-26;590;13;9954;47;2.7;0.0
79;2021-01-27;741;83;10695;130;2.9;0.0
79;2021-01-28;733;150;11428;280;3.1;0.1
79;2021-01-29;490;88;11918;368;3.2;0.1
79;2021-01-30;0;0;11918;368;3.2;0.1
79;2021-01-31;0;0;11918;368;3.2;0.1
79;2021-02-01;206;111;12124;479;3.3;0.1
79;2021-02-02;332;73;12456;552;3.3;0.1
79;2021-02-03;389;60;12845;612;3.4;0.2
79;2021-02-04;324;109;13169;721;3.5;0.2
79;2021-02-05;356;274;13525;995;3.6;0.3
79;2021-02-06;3;0;13528;995;3.6;0.3
79;2021-02-07;22;0;13550;995;3.6;0.3
79;2021-02-08;283;169;13833;1164;3.7;0.3
79;2021-02-09;457;786;14290;1950;3.8;0.5
79;2021-02-10;618;1198;14908;3148;4.0;0.8
79;2021-02-11;777;1237;15685;4385;4.2;1.2
79;2021-02-12;468;769;16153;5154;4.3;1.4
79;2021-02-13;53;74;16206;5228;4.3;1.4
79;2021-02-14;0;0;16206;5228;4.3;1.4
79;2021-02-15;185;507;16391;5735;4.4;1.5
79;2021-02-16;334;734;16725;6469;4.5;1.7
79;2021-02-17;247;879;16972;7348;4.6;2.0
79;2021-02-18;353;946;17325;8294;4.6;2.2
79;2021-02-19;267;564;17592;8858;4.7;2.4
79;2021-02-20;4;22;17596;8880;4.7;2.4
79;2021-02-21;1;0;17597;8880;4.7;2.4
79;2021-02-22;136;464;17733;9344;4.8;2.5
79;2021-02-23;248;569;17981;9913;4.8;2.7
79;2021-02-24;245;544;18226;10457;4.9;2.8
79;2021-02-25;517;470;18743;10927;5.0;2.9
79;2021-02-26;598;402;19341;11329;5.2;3.0
79;2021-02-27;407;5;19748;11334;5.3;3.0
79;2021-02-28;35;0;19783;11334;5.3;3.0
79;2021-03-01;89;361;19872;11695;5.3;3.1
79;2021-03-02;302;508;20174;12203;5.4;3.3
79;2021-03-03;660;542;20834;12745;5.6;3.4
79;2021-03-04;904;571;21738;13316;5.8;3.6
79;2021-03-05;1217;447;22955;13763;6.2;3.7
79;2021-03-06;610;5;23565;13768;6.3;3.7
79;2021-03-07;77;1;23642;13769;6.3;3.7
79;2021-03-08;344;310;23986;14079;6.4;3.8
79;2021-03-09;841;342;24827;14421;6.7;3.9
79;2021-03-10;1145;403;25972;14824;7.0;4.0
79;2021-03-11;1641;322;27613;15146;7.4;4.1
79;2021-03-12;1719;119;29332;15265;7.9;4.1
79;2021-03-13;1135;11;30467;15276;8.2;4.1
79;2021-03-14;50;0;30517;15276;8.2;4.1
79;2021-03-15;496;158;31013;15434;8.3;4.1
79;2021-03-16;735;144;31748;15578;8.5;4.2
79;2021-03-17;576;108;32324;15686;8.7;4.2
79;2021-03-18;553;203;32877;15889;8.8;4.3
79;2021-03-19;662;256;33539;16145;9.0;4.3
79;2021-03-20;1006;12;34545;16157;9.3;4.3
79;2021-03-21;3;0;34548;16157;9.3;4.3
79;2021-03-22;954;203;35502;16360;9.5;4.4
79;2021-03-23;1591;170;37093;16530;10.0;4.4
79;2021-03-24;1829;155;38922;16685;10.4;4.5
79;2021-03-25;2498;186;41420;16871;11.1;4.5
79;2021-03-26;2404;134;43824;17005;11.8;4.6
79;2021-03-27;769;16;44593;17021;12.0;4.6
79;2021-03-28;1;0;44594;17021;12.0;4.6
79;2021-03-29;2147;112;46741;17133;12.5;4.6
79;2021-03-30;2816;61;49557;17194;13.3;4.6
79;2021-03-31;2777;381;52334;17575;14.0;4.7
79;2021-04-01;2694;378;55028;17953;14.8;4.8
79;2021-04-02;2822;388;57850;18341;15.5;4.9
79;2021-04-03;633;53;58483;18394;15.7;4.9
79;2021-04-04;3;0;58486;18394;15.7;4.9
79;2021-04-05;380;4;58866;18398;15.8;4.9
79;2021-04-06;1793;584;60659;18982;16.3;5.1
79;2021-04-07;3116;733;63775;19715;17.1;5.3
79;2021-04-08;2629;693;66404;20408;17.8;5.5
79;2021-04-09;3737;540;70141;20948;18.8;5.6
79;2021-04-10;1465;379;71606;21327;19.2;5.7
79;2021-04-11;4;0;71610;21327;19.2;5.7
79;2021-04-12;1753;353;73363;21680;19.7;5.8
79;2021-04-13;2175;744;75538;22424;20.3;6.0
79;2021-04-14;2480;671;78018;23095;20.9;6.2
79;2021-04-15;2215;662;80233;23757;21.5;6.4
79;2021-04-16;1413;439;81646;24196;21.9;6.5
79;2021-04-17;581;349;82227;24545;22.1;6.6
79;2021-04-18;1;14;82228;24559;22.1;6.6
79;2021-04-19;1089;841;83317;25400;22.4;6.8
79;2021-04-20;1506;1230;84823;26630;22.8;7.1
79;2021-04-21;1417;1436;86240;28066;23.1;7.5
79;2021-04-22;1571;1081;87811;29147;23.6;7.8
79;2021-04-23;1317;1186;89128;30333;23.9;8.1
79;2021-04-24;651;462;89779;30795;24.1;8.3
79;2021-04-25;0;0;89779;30795;24.1;8.3
79;2021-04-26;1343;1812;91122;32607;24.5;8.8
79;2021-04-27;1898;2351;93020;34958;25.0;9.4
79;2021-04-28;1458;2867;94478;37825;25.4;10.2
79;2021-04-29;2107;2253;96585;40078;25.9;10.8
79;2021-04-30;2113;2457;98698;42535;26.5;11.4
79;2021-05-01;519;378;99217;42913;26.6;11.5
79;2021-05-02;1;11;99218;42924;26.6;11.5
79;2021-05-03;1182;1289;100400;44213;26.9;11.9
79;2021-05-04;1733;2326;102133;46539;27.4;12.5
79;2021-05-05;1695;2484;103828;49023;27.9;13.2
79;2021-05-06;2317;2211;106145;51234;28.5;13.7
79;2021-05-07;2086;2800;108231;54034;29.0;14.5
79;2021-05-08;199;507;108430;54541;29.1;14.6
79;2021-05-09;0;0;108430;54541;29.1;14.6
79;2021-05-10;1584;1786;110014;56327;29.5;15.1
79;2021-05-11;2311;1648;112325;57975;30.1;15.6
79;2021-05-12;1996;2676;114321;60651;30.7;16.3
79;2021-05-13;640;289;114961;60940;30.9;16.4
79;2021-05-14;2100;672;117061;61612;31.4;16.5
79;2021-05-15;1399;498;118460;62110;31.8;16.7
79;2021-05-16;1;22;118461;62132;31.8;16.7
79;2021-05-17;1876;1081;120337;63213;32.3;17.0
79;2021-05-18;2969;1268;123306;64481;33.1;17.3
79;2021-05-19;2896;966;126202;65447;33.9;17.6
79;2021-05-20;3105;1248;129307;66695;34.7;17.9
79;2021-05-21;2768;1063;132075;67758;35.4;18.2
79;2021-05-22;1084;261;133159;68019;35.7;18.3
79;2021-05-23;1;0;133160;68019;35.7;18.3
79;2021-05-24;161;20;133321;68039;35.8;18.3
79;2021-05-25;3199;988;136520;69027;36.6;18.5
79;2021-05-26;3314;851;139834;69878;37.5;18.8
79;2021-05-27;3588;1718;143422;71596;38.5;19.2
79;2021-05-28;3329;1819;146751;73415;39.4;19.7
79;2021-05-29;1073;451;147824;73866;39.7;19.8
79;2021-05-30;3;1;147827;73867;39.7;19.8
79;2021-05-31;2382;733;150209;74600;40.3;20.0
79;2021-06-01;3019;1575;153228;76175;41.1;20.4
79;2021-06-02;4062;1167;157290;77342;42.2;20.8
79;2021-06-03;4084;1755;161374;79097;43.3;21.2
79;2021-06-04;4145;2032;165519;81129;44.4;21.8
79;2021-06-05;2802;758;168321;81887;45.2;22.0
79;2021-06-06;696;39;169017;81926;45.4;22.0
79;2021-06-07;2810;1412;171827;83338;46.1;22.4
79;2021-06-08;2982;2068;174809;85406;46.9;22.9
79;2021-06-09;3629;1938;178438;87344;47.9;23.4
79;2021-06-10;3018;1973;181456;89317;48.7;24.0
79;2021-06-11;3767;2314;185223;91631;49.7;24.6
79;2021-06-12;1707;608;186930;92239;50.2;24.8
79;2021-06-13;214;24;187144;92263;50.2;24.8
79;2021-06-14;1246;1691;188390;93954;50.6;25.2
79;2021-06-15;1880;2361;190270;96315;51.1;25.8
79;2021-06-16;2205;2247;192475;98562;51.7;26.5
79;2021-06-17;2237;2615;194712;101177;52.3;27.2
79;2021-06-18;2411;2320;197123;103497;52.9;27.8
79;2021-06-19;1245;581;198368;104078;53.2;27.9
79;2021-06-20;3;2;198371;104080;53.2;27.9
79;2021-06-21;1232;2282;199603;106362;53.6;28.5
79;2021-06-22;1547;2873;201150;109235;54.0;29.3
79;2021-06-23;1770;2547;202920;111782;54.5;30.0
79;2021-06-24;2106;2005;205026;113787;55.0;30.5
79;2021-06-25;1488;2841;206514;116628;55.4;31.3
79;2021-06-26;869;809;207383;117437;55.7;31.5
79;2021-06-27;13;6;207396;117443;55.7;31.5
79;2021-06-28;1055;2621;208451;120064;55.9;32.2
79;2021-06-29;1473;3548;209924;123612;56.3;33.2
79;2021-06-30;1354;3447;211278;127059;56.7;34.1
79;2021-07-01;1201;3786;212479;130845;57.0;35.1
79;2021-07-02;1490;3349;213969;134194;57.4;36.0
79;2021-07-03;399;1503;214368;135697;57.5;36.4
79;2021-07-04;2;9;214370;135706;57.5;36.4
79;2021-07-05;751;2120;215121;137826;57.7;37.0
79;2021-07-06;946;3666;216067;141492;58.0;38.0
79;2021-07-07;1331;4307;217398;145799;58.3;39.1
79;2021-07-08;1095;4043;218493;149842;58.6;40.2
79;2021-07-09;838;3722;219331;153564;58.9;41.2
79;2021-07-10;513;1317;219844;154881;59.0;41.6
79;2021-07-11;1;12;219845;154893;59.0;41.6
79;2021-07-12;541;3695;220386;158588;59.1;42.6
79;2021-07-13;999;5195;221385;163783;59.4;44.0
79;2021-07-14;132;874;221517;164657;59.4;44.2
79;2021-07-15;1226;4683;222743;169340;59.8;45.4
79;2021-07-16;1328;4362;224071;173702;60.1;46.6
79;2021-07-17;574;2420;224645;176122;60.3;47.3
79;2021-07-18;43;498;224688;176620;60.3;47.4
79;2021-07-19;732;3320;225420;179940;60.5;48.3
79;2021-07-20;1223;3951;226643;183891;60.8;49.3
79;2021-07-21;1175;4197;227818;188088;61.1;50.5
79;2021-07-22;1347;3990;229165;192078;61.5;51.5
79;2021-07-23;1349;4561;230514;196639;61.9;52.8
79;2021-07-24;863;1498;231377;198137;62.1;53.2
79;2021-07-25;55;326;231432;198463;62.1;53.3
79;2021-07-26;1366;2595;232798;201058;62.5;54.0
79;2021-07-27;2078;2995;234876;204053;63.0;54.8
79;2021-07-28;2484;2495;237360;206548;63.7;55.4
79;2021-07-29;2997;2853;240357;209401;64.5;56.2
79;2021-07-30;2131;2827;242488;212228;65.1;57.0
79;2021-07-31;882;1157;243370;213385;65.3;57.3
79;2021-08-01;3;3;243373;213388;65.3;57.3
79;2021-08-02;1784;1543;245157;214931;65.8;57.7
79;2021-08-03;2811;2049;247968;216980;66.5;58.2
79;2021-08-04;2976;1743;250944;218723;67.3;58.7
79;2021-08-05;2893;2213;253837;220936;68.1;59.3
79;2021-08-06;2517;1640;256354;222576;68.8;59.7
79;2021-08-07;866;813;257220;223389;69.0;59.9
79;2021-08-08;0;3;257220;223392;69.0;60.0
79;2021-08-09;2482;1075;259702;224467;69.7;60.2
79;2021-08-10;2966;1529;262668;225996;70.5;60.6
79;2021-08-11;2565;1656;265233;227652;71.2;61.1
80;2020-12-27;0;0;0;0;0.0;0.0
80;2020-12-28;0;0;0;0;0.0;0.0
80;2020-12-29;11;0;11;0;0.0;0.0
80;2020-12-30;0;0;11;0;0.0;0.0
80;2020-12-31;0;0;11;0;0.0;0.0
80;2021-01-01;0;0;11;0;0.0;0.0
80;2021-01-02;0;0;11;0;0.0;0.0
80;2021-01-03;1;0;12;0;0.0;0.0
80;2021-01-04;0;0;12;0;0.0;0.0
80;2021-01-05;0;0;12;0;0.0;0.0
80;2021-01-06;30;0;42;0;0.0;0.0
80;2021-01-07;276;2;318;2;0.1;0.0
80;2021-01-08;330;0;648;2;0.1;0.0
80;2021-01-09;108;0;756;2;0.1;0.0
80;2021-01-10;21;0;777;2;0.1;0.0
80;2021-01-11;276;0;1053;2;0.2;0.0
80;2021-01-12;428;1;1481;3;0.3;0.0
80;2021-01-13;514;3;1995;6;0.4;0.0
80;2021-01-14;453;4;2448;10;0.4;0.0
80;2021-01-15;330;1;2778;11;0.5;0.0
80;2021-01-16;103;1;2881;12;0.5;0.0
80;2021-01-17;102;1;2983;13;0.5;0.0
80;2021-01-18;412;2;3395;15;0.6;0.0
80;2021-01-19;962;16;4357;31;0.8;0.0
80;2021-01-20;1086;4;5443;35;1.0;0.0
80;2021-01-21;1011;9;6454;44;1.1;0.0
80;2021-01-22;1113;4;7567;48;1.3;0.0
80;2021-01-23;908;0;8475;48;1.5;0.0
80;2021-01-24;824;5;9299;53;1.6;0.0
80;2021-01-25;1540;7;10839;60;1.9;0.0
80;2021-01-26;1479;10;12318;70;2.2;0.0
80;2021-01-27;822;27;13140;97;2.3;0.0
80;2021-01-28;623;172;13763;269;2.4;0.0
80;2021-01-29;637;218;14400;487;2.5;0.1
80;2021-01-30;85;60;14485;547;2.5;0.1
80;2021-01-31;0;0;14485;547;2.5;0.1
80;2021-02-01;26;257;14511;804;2.5;0.1
80;2021-02-02;21;446;14532;1250;2.6;0.2
80;2021-02-03;29;542;14561;1792;2.6;0.3
80;2021-02-04;278;349;14839;2141;2.6;0.4
80;2021-02-05;347;211;15186;2352;2.7;0.4
80;2021-02-06;167;70;15353;2422;2.7;0.4
80;2021-02-07;1;0;15354;2422;2.7;0.4
80;2021-02-08;426;242;15780;2664;2.8;0.5
80;2021-02-09;686;244;16466;2908;2.9;0.5
80;2021-02-10;606;497;17072;3405;3.0;0.6
80;2021-02-11;861;353;17933;3758;3.1;0.7
80;2021-02-12;943;315;18876;4073;3.3;0.7
80;2021-02-13;195;428;19071;4501;3.3;0.8
80;2021-02-14;78;572;19149;5073;3.4;0.9
80;2021-02-15;605;1018;19754;6091;3.5;1.1
80;2021-02-16;688;1136;20442;7227;3.6;1.3
80;2021-02-17;484;1170;20926;8397;3.7;1.5
80;2021-02-18;569;1139;21495;9536;3.8;1.7
80;2021-02-19;503;853;21998;10389;3.9;1.8
80;2021-02-20;22;514;22020;10903;3.9;1.9
80;2021-02-21;47;49;22067;10952;3.9;1.9
80;2021-02-22;149;576;22216;11528;3.9;2.0
80;2021-02-23;471;692;22687;12220;4.0;2.1
80;2021-02-24;431;680;23118;12900;4.1;2.3
80;2021-02-25;815;541;23933;13441;4.2;2.4
80;2021-02-26;1062;520;24995;13961;4.4;2.5
80;2021-02-27;476;72;25471;14033;4.5;2.5
80;2021-02-28;49;24;25520;14057;4.5;2.5
80;2021-03-01;728;65;26248;14122;4.6;2.5
80;2021-03-02;1014;89;27262;14211;4.8;2.5
80;2021-03-03;980;55;28242;14266;5.0;2.5
80;2021-03-04;1391;235;29633;14501;5.2;2.5
80;2021-03-05;1873;328;31506;14829;5.5;2.6
80;2021-03-06;2918;321;34424;15150;6.0;2.7
80;2021-03-07;1841;77;36265;15227;6.4;2.7
80;2021-03-08;714;607;36979;15834;6.5;2.8
80;2021-03-09;1310;910;38289;16744;6.7;2.9
80;2021-03-10;1723;751;40012;17495;7.0;3.1
80;2021-03-11;1909;822;41921;18317;7.4;3.2
80;2021-03-12;3137;737;45058;19054;7.9;3.3
80;2021-03-13;4006;201;49064;19255;8.6;3.4
80;2021-03-14;350;13;49414;19268;8.7;3.4
80;2021-03-15;1014;247;50428;19515;8.9;3.4
80;2021-03-16;882;337;51310;19852;9.0;3.5
80;2021-03-17;664;275;51974;20127;9.1;3.5
80;2021-03-18;1002;296;52976;20423;9.3;3.6
80;2021-03-19;1738;382;54714;20805;9.6;3.7
80;2021-03-20;3823;105;58537;20910;10.3;3.7
80;2021-03-21;486;30;59023;20940;10.4;3.7
80;2021-03-22;902;288;59925;21228;10.5;3.7
80;2021-03-23;1713;415;61638;21643;10.8;3.8
80;2021-03-24;1755;464;63393;22107;11.1;3.9
80;2021-03-25;2714;446;66107;22553;11.6;4.0
80;2021-03-26;3102;421;69209;22974;12.1;4.0
80;2021-03-27;2234;224;71443;23198;12.5;4.1
80;2021-03-28;675;91;72118;23289;12.7;4.1
80;2021-03-29;1981;749;74099;24038;13.0;4.2
80;2021-03-30;1969;870;76068;24908;13.4;4.4
80;2021-03-31;1495;983;77563;25891;13.6;4.5
80;2021-04-01;1952;1484;79515;27375;14.0;4.8
80;2021-04-02;2810;1573;82325;28948;14.4;5.1
80;2021-04-03;3043;859;85368;29807;15.0;5.2
80;2021-04-04;134;8;85502;29815;15.0;5.2
80;2021-04-05;684;199;86186;30014;15.1;5.3
80;2021-04-06;1279;965;87465;30979;15.4;5.4
80;2021-04-07;1624;1200;89089;32179;15.6;5.6
80;2021-04-08;2153;839;91242;33018;16.0;5.8
80;2021-04-09;3529;1348;94771;34366;16.6;6.0
80;2021-04-10;2736;1937;97507;36303;17.1;6.4
80;2021-04-11;189;175;97696;36478;17.1;6.4
80;2021-04-12;1812;486;99508;36964;17.5;6.5
80;2021-04-13;2382;1035;101890;37999;17.9;6.7
80;2021-04-14;2769;1141;104659;39140;18.4;6.9
80;2021-04-15;3731;864;108390;40004;19.0;7.0
80;2021-04-16;3335;866;111725;40870;19.6;7.2
80;2021-04-17;1652;2301;113377;43171;19.9;7.6
80;2021-04-18;372;388;113749;43559;20.0;7.6
80;2021-04-19;951;774;114700;44333;20.1;7.8
80;2021-04-20;1612;814;116312;45147;20.4;7.9
80;2021-04-21;1612;997;117924;46144;20.7;8.1
80;2021-04-22;2164;1250;120088;47394;21.1;8.3
80;2021-04-23;2639;1247;122727;48641;21.5;8.5
80;2021-04-24;1358;1191;124085;49832;21.8;8.7
80;2021-04-25;209;530;124294;50362;21.8;8.8
80;2021-04-26;1294;1445;125588;51807;22.0;9.1
80;2021-04-27;2024;1395;127612;53202;22.4;9.3
80;2021-04-28;2199;1395;129811;54597;22.8;9.6
80;2021-04-29;3217;1881;133028;56478;23.3;9.9
80;2021-04-30;3078;2850;136106;59328;23.9;10.4
80;2021-05-01;988;660;137094;59988;24.1;10.5
80;2021-05-02;370;53;137464;60041;24.1;10.5
80;2021-05-03;2722;1184;140186;61225;24.6;10.7
80;2021-05-04;2497;1707;142683;62932;25.0;11.0
80;2021-05-05;3365;1896;146048;64828;25.6;11.4
80;2021-05-06;3172;2548;149220;67376;26.2;11.8
80;2021-05-07;3454;2695;152674;70071;26.8;12.3
80;2021-05-08;2784;922;155458;70993;27.3;12.5
80;2021-05-09;1407;266;156865;71259;27.5;12.5
80;2021-05-10;1883;1831;158748;73090;27.9;12.8
80;2021-05-11;3273;1795;162021;74885;28.4;13.1
80;2021-05-12;4701;1570;166722;76455;29.3;13.4
80;2021-05-13;3836;364;170558;76819;29.9;13.5
80;2021-05-14;5190;1398;175748;78217;30.8;13.7
80;2021-05-15;5919;1050;181667;79267;31.9;13.9
80;2021-05-16;2678;309;184345;79576;32.4;14.0
80;2021-05-17;2371;817;186716;80393;32.8;14.1
80;2021-05-18;3948;852;190664;81245;33.5;14.3
80;2021-05-19;4021;946;194685;82191;34.2;14.4
80;2021-05-20;4568;1218;199253;83409;35.0;14.6
80;2021-05-21;4892;1667;204145;85076;35.8;14.9
80;2021-05-22;5031;1155;209176;86231;36.7;15.1
80;2021-05-23;1783;241;210959;86472;37.0;15.2
80;2021-05-24;1467;160;212426;86632;37.3;15.2
80;2021-05-25;2622;1134;215048;87766;37.7;15.4
80;2021-05-26;4250;1698;219298;89464;38.5;15.7
80;2021-05-27;3977;2470;223275;91934;39.2;16.1
80;2021-05-28;3865;2980;227140;94914;39.9;16.7
80;2021-05-29;3700;1629;230840;96543;40.5;16.9
80;2021-05-30;1182;199;232022;96742;40.7;17.0
80;2021-05-31;2602;1373;234624;98115;41.2;17.2
80;2021-06-01;4030;2435;238654;100550;41.9;17.6
80;2021-06-02;3335;2006;241989;102556;42.5;18.0
80;2021-06-03;4266;2931;246255;105487;43.2;18.5
80;2021-06-04;4793;3081;251048;108568;44.1;19.1
80;2021-06-05;3560;2077;254608;110645;44.7;19.4
80;2021-06-06;801;209;255409;110854;44.8;19.5
80;2021-06-07;1749;1944;257158;112798;45.1;19.8
80;2021-06-08;2745;2553;259903;115351;45.6;20.2
80;2021-06-09;3006;2729;262909;118080;46.1;20.7
80;2021-06-10;3167;3169;266076;121249;46.7;21.3
80;2021-06-11;3223;3890;269299;125139;47.3;22.0
80;2021-06-12;3042;2327;272341;127466;47.8;22.4
80;2021-06-13;473;405;272814;127871;47.9;22.4
80;2021-06-14;1265;2851;274079;130722;48.1;22.9
80;2021-06-15;2312;3421;276391;134143;48.5;23.5
80;2021-06-16;1564;4217;277955;138360;48.8;24.3
80;2021-06-17;2362;3626;280317;141986;49.2;24.9
80;2021-06-18;2553;3899;282870;145885;49.6;25.6
80;2021-06-19;2988;4343;285858;150228;50.2;26.4
80;2021-06-20;203;1077;286061;151305;50.2;26.6
80;2021-06-21;1016;2617;287077;153922;50.4;27.0
80;2021-06-22;1148;3933;288225;157855;50.6;27.7
80;2021-06-23;1855;5289;290080;163144;50.9;28.6
80;2021-06-24;1698;4683;291778;167827;51.2;29.5
80;2021-06-25;1376;6123;293154;173950;51.5;30.5
80;2021-06-26;1936;6181;295090;180131;51.8;31.6
80;2021-06-27;332;2029;295422;182160;51.8;32.0
80;2021-06-28;908;3168;296330;185328;52.0;32.5
80;2021-06-29;1920;4618;298250;189946;52.3;33.3
80;2021-06-30;1240;4777;299490;194723;52.6;34.2
80;2021-07-01;1576;4992;301066;199715;52.8;35.1
80;2021-07-02;1865;5977;302931;205692;53.2;36.1
80;2021-07-03;1309;5268;304240;210960;53.4;37.0
80;2021-07-04;691;1472;304931;212432;53.5;37.3
80;2021-07-05;882;2961;305813;215393;53.7;37.8
80;2021-07-06;1855;3982;307668;219375;54.0;38.5
80;2021-07-07;1554;4507;309222;223882;54.3;39.3
80;2021-07-08;2085;5001;311307;228883;54.6;40.2
80;2021-07-09;2602;5468;313909;234351;55.1;41.1
80;2021-07-10;1621;4018;315530;238369;55.4;41.8
80;2021-07-11;404;801;315934;239170;55.4;42.0
80;2021-07-12;876;3383;316810;242553;55.6;42.6
80;2021-07-13;2085;5086;318895;247639;56.0;43.5
80;2021-07-14;2790;1745;321685;249384;56.5;43.8
80;2021-07-15;2794;5299;324479;254683;56.9;44.7
80;2021-07-16;3875;5891;328354;260574;57.6;45.7
80;2021-07-17;3367;4461;331721;265035;58.2;46.5
80;2021-07-18;874;893;332595;265928;58.4;46.7
80;2021-07-19;2155;2884;334750;268812;58.8;47.2
80;2021-07-20;3310;4903;338060;273715;59.3;48.0
80;2021-07-21;3482;4494;341542;278209;59.9;48.8
80;2021-07-22;4326;4565;345868;282774;60.7;49.6
80;2021-07-23;5331;4815;351199;287589;61.6;50.5
80;2021-07-24;4232;4324;355431;291913;62.4;51.2
80;2021-07-25;1182;647;356613;292560;62.6;51.3
80;2021-07-26;2672;2331;359285;294891;63.1;51.8
80;2021-07-27;4355;3702;363640;298593;63.8;52.4
80;2021-07-28;5080;2795;368720;301388;64.7;52.9
80;2021-07-29;4966;3219;373686;304607;65.6;53.5
80;2021-07-30;5012;3629;378698;308236;66.5;54.1
80;2021-07-31;4143;2908;382841;311144;67.2;54.6
80;2021-08-01;1283;358;384124;311502;67.4;54.7
80;2021-08-02;2048;1754;386172;313256;67.8;55.0
80;2021-08-03;3702;2358;389874;315614;68.4;55.4
80;2021-08-04;3345;2493;393219;318107;69.0;55.8
80;2021-08-05;3125;2552;396344;320659;69.6;56.3
80;2021-08-06;3220;2894;399564;323553;70.1;56.8
80;2021-08-07;2411;2643;401975;326196;70.6;57.3
80;2021-08-08;614;718;402589;326914;70.7;57.4
80;2021-08-09;1381;2111;403970;329025;70.9;57.7
80;2021-08-10;2333;2836;406303;331861;71.3;58.2
80;2021-08-11;1918;2473;408221;334334;71.6;58.7
81;2020-12-27;0;0;0;0;0.0;0.0
81;2020-12-28;0;0;0;0;0.0;0.0
81;2020-12-29;0;0;0;0;0.0;0.0
81;2020-12-30;0;0;0;0;0.0;0.0
81;2020-12-31;0;0;0;0;0.0;0.0
81;2021-01-01;0;0;0;0;0.0;0.0
81;2021-01-02;0;0;0;0;0.0;0.0
81;2021-01-03;0;0;0;0;0.0;0.0
81;2021-01-04;1;0;1;0;0.0;0.0
81;2021-01-05;0;0;1;0;0.0;0.0
81;2021-01-06;5;0;6;0;0.0;0.0
81;2021-01-07;266;0;272;0;0.1;0.0
81;2021-01-08;312;1;584;1;0.2;0.0
81;2021-01-09;74;1;658;2;0.2;0.0
81;2021-01-10;1;0;659;2;0.2;0.0
81;2021-01-11;133;0;792;2;0.2;0.0
81;2021-01-12;167;0;959;2;0.2;0.0
81;2021-01-13;233;1;1192;3;0.3;0.0
81;2021-01-14;961;8;2153;11;0.6;0.0
81;2021-01-15;524;1;2677;12;0.7;0.0
81;2021-01-16;72;0;2749;12;0.7;0.0
81;2021-01-17;0;0;2749;12;0.7;0.0
81;2021-01-18;580;3;3329;15;0.9;0.0
81;2021-01-19;662;4;3991;19;1.0;0.0
81;2021-01-20;752;2;4743;21;1.2;0.0
81;2021-01-21;1176;4;5919;25;1.5;0.0
81;2021-01-22;852;2;6771;27;1.7;0.0
81;2021-01-23;221;2;6992;29;1.8;0.0
81;2021-01-24;102;0;7094;29;1.8;0.0
81;2021-01-25;566;3;7660;32;2.0;0.0
81;2021-01-26;634;5;8294;37;2.1;0.0
81;2021-01-27;551;4;8845;41;2.3;0.0
81;2021-01-28;687;215;9532;256;2.5;0.1
81;2021-01-29;302;183;9834;439;2.5;0.1
81;2021-01-30;202;37;10036;476;2.6;0.1
81;2021-01-31;104;1;10140;477;2.6;0.1
81;2021-02-01;320;130;10460;607;2.7;0.2
81;2021-02-02;446;142;10906;749;2.8;0.2
81;2021-02-03;476;223;11382;972;2.9;0.3
81;2021-02-04;1398;693;12780;1665;3.3;0.4
81;2021-02-05;868;316;13648;1981;3.5;0.5
81;2021-02-06;274;21;13922;2002;3.6;0.5
81;2021-02-07;103;0;14025;2002;3.6;0.5
81;2021-02-08;275;219;14300;2221;3.7;0.6
81;2021-02-09;418;220;14718;2441;3.8;0.6
81;2021-02-10;371;285;15089;2726;3.9;0.7
81;2021-02-11;651;389;15740;3115;4.1;0.8
81;2021-02-12;577;546;16317;3661;4.2;0.9
81;2021-02-13;187;159;16504;3820;4.3;1.0
81;2021-02-14;100;1;16604;3821;4.3;1.0
81;2021-02-15;234;485;16838;4306;4.3;1.1
81;2021-02-16;281;617;17119;4923;4.4;1.3
81;2021-02-17;242;521;17361;5444;4.5;1.4
81;2021-02-18;483;674;17844;6118;4.6;1.6
81;2021-02-19;566;410;18410;6528;4.7;1.7
81;2021-02-20;322;281;18732;6809;4.8;1.8
81;2021-02-21;23;80;18755;6889;4.8;1.8
81;2021-02-22;233;536;18988;7425;4.9;1.9
81;2021-02-23;168;594;19156;8019;4.9;2.1
81;2021-02-24;291;631;19447;8650;5.0;2.2
81;2021-02-25;712;1057;20159;9707;5.2;2.5
81;2021-02-26;909;961;21068;10668;5.4;2.8
81;2021-02-27;275;242;21343;10910;5.5;2.8
81;2021-02-28;21;88;21364;10998;5.5;2.8
81;2021-03-01;208;410;21572;11408;5.6;2.9
81;2021-03-02;364;544;21936;11952;5.7;3.1
81;2021-03-03;463;422;22399;12374;5.8;3.2
81;2021-03-04;1061;460;23460;12834;6.0;3.3
81;2021-03-05;1407;391;24867;13225;6.4;3.4
81;2021-03-06;981;166;25848;13391;6.7;3.5
81;2021-03-07;154;102;26002;13493;6.7;3.5
81;2021-03-08;465;360;26467;13853;6.8;3.6
81;2021-03-09;812;390;27279;14243;7.0;3.7
81;2021-03-10;899;392;28178;14635;7.3;3.8
81;2021-03-11;1349;356;29527;14991;7.6;3.9
81;2021-03-12;1690;301;31217;15292;8.0;3.9
81;2021-03-13;1030;187;32247;15479;8.3;4.0
81;2021-03-14;66;82;32313;15561;8.3;4.0
81;2021-03-15;1094;224;33407;15785;8.6;4.1
81;2021-03-16;724;228;34131;16013;8.8;4.1
81;2021-03-17;891;276;35022;16289;9.0;4.2
81;2021-03-18;969;580;35991;16869;9.3;4.3
81;2021-03-19;1271;454;37262;17323;9.6;4.5
81;2021-03-20;676;280;37938;17603;9.8;4.5
81;2021-03-21;139;22;38077;17625;9.8;4.5
81;2021-03-22;933;284;39010;17909;10.1;4.6
81;2021-03-23;1418;223;40428;18132;10.4;4.7
81;2021-03-24;1603;275;42031;18407;10.8;4.7
81;2021-03-25;2028;324;44059;18731;11.4;4.8
81;2021-03-26;2102;280;46161;19011;11.9;4.9
81;2021-03-27;1092;33;47253;19044;12.2;4.9
81;2021-03-28;734;40;47987;19084;12.4;4.9
81;2021-03-29;2867;181;50854;19265;13.1;5.0
81;2021-03-30;3054;206;53908;19471;13.9;5.0
81;2021-03-31;2690;294;56598;19765;14.6;5.1
81;2021-04-01;3311;561;59909;20326;15.4;5.2
81;2021-04-02;2613;365;62522;20691;16.1;5.3
81;2021-04-03;1147;300;63669;20991;16.4;5.4
81;2021-04-04;1401;20;65070;21011;16.8;5.4
81;2021-04-05;718;17;65788;21028;17.0;5.4
81;2021-04-06;1594;508;67382;21536;17.4;5.6
81;2021-04-07;1814;584;69196;22120;17.8;5.7
81;2021-04-08;2615;826;71811;22946;18.5;5.9
81;2021-04-09;3049;469;74860;23415;19.3;6.0
81;2021-04-10;1476;507;76336;23922;19.7;6.2
81;2021-04-11;1297;64;77633;23986;20.0;6.2
81;2021-04-12;1220;685;78853;24671;20.3;6.4
81;2021-04-13;2529;785;81382;25456;21.0;6.6
81;2021-04-14;2507;831;83889;26287;21.6;6.8
81;2021-04-15;3098;1193;86987;27480;22.4;7.1
81;2021-04-16;2820;1081;89807;28561;23.2;7.4
81;2021-04-17;1145;295;90952;28856;23.4;7.4
81;2021-04-18;518;145;91470;29001;23.6;7.5
81;2021-04-19;913;823;92383;29824;23.8;7.7
81;2021-04-20;2271;1166;94654;30990;24.4;8.0
81;2021-04-21;2224;1002;96878;31992;25.0;8.2
81;2021-04-22;2817;1058;99695;33050;25.7;8.5
81;2021-04-23;2882;967;102577;34017;26.4;8.8
81;2021-04-24;1327;742;103904;34759;26.8;9.0
81;2021-04-25;454;716;104358;35475;26.9;9.1
81;2021-04-26;1059;2423;105417;37898;27.2;9.8
81;2021-04-27;1598;2350;107015;40248;27.6;10.4
81;2021-04-28;1425;2394;108440;42642;28.0;11.0
81;2021-04-29;1816;2748;110256;45390;28.4;11.7
81;2021-04-30;2013;2353;112269;47743;28.9;12.3
81;2021-05-01;361;685;112630;48428;29.0;12.5
81;2021-05-02;291;1380;112921;49808;29.1;12.8
81;2021-05-03;1115;1170;114036;50978;29.4;13.1
81;2021-05-04;2620;1906;116656;52884;30.1;13.6
81;2021-05-05;2015;1929;118671;54813;30.6;14.1
81;2021-05-06;2748;3411;121419;58224;31.3;15.0
81;2021-05-07;2113;2860;123532;61084;31.8;15.7
81;2021-05-08;963;877;124495;61961;32.1;16.0
81;2021-05-09;534;1352;125029;63313;32.2;16.3
81;2021-05-10;824;1600;125853;64913;32.4;16.7
81;2021-05-11;1661;2575;127514;67488;32.9;17.4
81;2021-05-12;1637;2461;129151;69949;33.3;18.0
81;2021-05-13;1216;564;130367;70513;33.6;18.2
81;2021-05-14;1890;1723;132257;72236;34.1;18.6
81;2021-05-15;1511;620;133768;72856;34.5;18.8
81;2021-05-16;1368;414;135136;73270;34.8;18.9
81;2021-05-17;1166;864;136302;74134;35.1;19.1
81;2021-05-18;1699;1431;138001;75565;35.6;19.5
81;2021-05-19;2642;1244;140643;76809;36.3;19.8
81;2021-05-20;2967;1349;143610;78158;37.0;20.1
81;2021-05-21;2738;1118;146348;79276;37.7;20.4
81;2021-05-22;2816;519;149164;79795;38.5;20.6
81;2021-05-23;1178;74;150342;79869;38.8;20.6
81;2021-05-24;837;80;151179;79949;39.0;20.6
81;2021-05-25;2493;1106;153672;81055;39.6;20.9
81;2021-05-26;1891;797;155563;81852;40.1;21.1
81;2021-05-27;2556;1537;158119;83389;40.8;21.5
81;2021-05-28;2562;1663;160681;85052;41.4;21.9
81;2021-05-29;1401;541;162082;85593;41.8;22.1
81;2021-05-30;935;220;163017;85813;42.0;22.1
81;2021-05-31;1183;1339;164200;87152;42.3;22.5
81;2021-06-01;1780;2696;165980;89848;42.8;23.2
81;2021-06-02;2003;2446;167983;92294;43.3;23.8
81;2021-06-03;2002;2534;169985;94828;43.8;24.4
81;2021-06-04;1845;2948;171830;97776;44.3;25.2
81;2021-06-05;1754;1306;173584;99082;44.7;25.5
81;2021-06-06;370;366;173954;99448;44.8;25.6
81;2021-06-07;1209;1540;175163;100988;45.2;26.0
81;2021-06-08;2370;2388;177533;103376;45.8;26.7
81;2021-06-09;2439;1869;179972;105245;46.4;27.1
81;2021-06-10;1279;1565;181251;106810;46.7;27.5
81;2021-06-11;2654;2201;183905;109011;47.4;28.1
81;2021-06-12;1659;1038;185564;110049;47.8;28.4
81;2021-06-13;444;475;186008;110524;48.0;28.5
81;2021-06-14;773;1421;186781;111945;48.2;28.9
81;2021-06-15;1678;3502;188459;115447;48.6;29.8
81;2021-06-16;1266;3014;189725;118461;48.9;30.5
81;2021-06-17;1343;2524;191068;120985;49.3;31.2
81;2021-06-18;1836;2770;192904;123755;49.7;31.9
81;2021-06-19;825;949;193729;124704;49.9;32.1
81;2021-06-20;405;537;194134;125241;50.0;32.3
81;2021-06-21;425;1037;194559;126278;50.2;32.6
81;2021-06-22;1060;2566;195619;128844;50.4;33.2
81;2021-06-23;1142;2158;196761;131002;50.7;33.8
81;2021-06-24;1114;1937;197875;132939;51.0;34.3
81;2021-06-25;1237;2865;199112;135804;51.3;35.0
81;2021-06-26;722;1712;199834;137516;51.5;35.5
81;2021-06-27;526;1646;200360;139162;51.7;35.9
81;2021-06-28;476;1542;200836;140704;51.8;36.3
81;2021-06-29;1083;2638;201919;143342;52.1;37.0
81;2021-06-30;1041;3153;202960;146495;52.3;37.8
81;2021-07-01;875;2626;203835;149121;52.5;38.4
81;2021-07-02;987;2860;204822;151981;52.8;39.2
81;2021-07-03;731;2830;205553;154811;53.0;39.9
81;2021-07-04;268;1010;205821;155821;53.1;40.2
81;2021-07-05;701;1622;206522;157443;53.2;40.6
81;2021-07-06;973;3174;207495;160617;53.5;41.4
81;2021-07-07;1058;2438;208553;163055;53.8;42.0
81;2021-07-08;1028;2234;209581;165289;54.0;42.6
81;2021-07-09;1145;2701;210726;167990;54.3;43.3
81;2021-07-10;807;1523;211533;169513;54.5;43.7
81;2021-07-11;436;1011;211969;170524;54.6;44.0
81;2021-07-12;731;1726;212700;172250;54.8;44.4
81;2021-07-13;2061;3144;214761;175394;55.4;45.2
81;2021-07-14;1442;1566;216203;176960;55.7;45.6
81;2021-07-15;2539;2756;218742;179716;56.4;46.3
81;2021-07-16;2020;3027;220762;182743;56.9;47.1
81;2021-07-17;1215;2452;221977;185195;57.2;47.7
81;2021-07-18;672;1128;222649;186323;57.4;48.0
81;2021-07-19;1169;1732;223818;188055;57.7;48.5
81;2021-07-20;3053;2800;226871;190855;58.5;49.2
81;2021-07-21;3470;2337;230341;193192;59.4;49.8
81;2021-07-22;3545;2094;233886;195286;60.3;50.3
81;2021-07-23;3159;3230;237045;198516;61.1;51.2
81;2021-07-24;2513;1713;239558;200229;61.8;51.6
81;2021-07-25;1684;706;241242;200935;62.2;51.8
81;2021-07-26;1998;1539;243240;202474;62.7;52.2
81;2021-07-27;3571;2537;246811;205011;63.6;52.9
81;2021-07-28;3022;2191;249833;207202;64.4;53.4
81;2021-07-29;3319;1770;253152;208972;65.3;53.9
81;2021-07-30;2810;2249;255962;211221;66.0;54.5
81;2021-07-31;1943;1004;257905;212225;66.5;54.7
81;2021-08-01;831;634;258736;212859;66.7;54.9
81;2021-08-02;1050;986;259786;213845;67.0;55.1
81;2021-08-03;2307;2106;262093;215951;67.6;55.7
81;2021-08-04;2013;1526;264106;217477;68.1;56.1
81;2021-08-05;1519;1869;265625;219346;68.5;56.5
81;2021-08-06;1718;1969;267343;221315;68.9;57.1
81;2021-08-07;953;1033;268296;222348;69.2;57.3
81;2021-08-08;436;709;268732;223057;69.3;57.5
81;2021-08-09;787;655;269519;223712;69.5;57.7
81;2021-08-10;1602;2753;271121;226465;69.9;58.4
81;2021-08-11;1103;2402;272224;228867;70.2;59.0
82;2020-12-27;0;0;0;0;0.0;0.0
82;2020-12-28;2;0;2;0;0.0;0.0
82;2020-12-29;0;0;2;0;0.0;0.0
82;2020-12-30;0;0;2;0;0.0;0.0
82;2020-12-31;0;0;2;0;0.0;0.0
82;2021-01-01;0;0;2;0;0.0;0.0
82;2021-01-02;0;0;2;0;0.0;0.0
82;2021-01-03;0;0;2;0;0.0;0.0
82;2021-01-04;0;0;2;0;0.0;0.0
82;2021-01-05;86;0;88;0;0.0;0.0
82;2021-01-06;1;0;89;0;0.0;0.0
82;2021-01-07;75;0;164;0;0.1;0.0
82;2021-01-08;46;0;210;0;0.1;0.0
82;2021-01-09;77;0;287;0;0.1;0.0
82;2021-01-10;0;0;287;0;0.1;0.0
82;2021-01-11;94;0;381;0;0.1;0.0
82;2021-01-12;284;0;665;0;0.3;0.0
82;2021-01-13;336;1;1001;1;0.4;0.0
82;2021-01-14;442;3;1443;4;0.5;0.0
82;2021-01-15;612;2;2055;6;0.8;0.0
82;2021-01-16;230;3;2285;9;0.9;0.0
82;2021-01-17;89;0;2374;9;0.9;0.0
82;2021-01-18;434;2;2808;11;1.1;0.0
82;2021-01-19;479;1;3287;12;1.3;0.0
82;2021-01-20;663;2;3950;14;1.5;0.0
82;2021-01-21;447;1;4397;15;1.7;0.0
82;2021-01-22;483;2;4880;17;1.9;0.0
82;2021-01-23;151;0;5031;17;1.9;0.0
82;2021-01-24;0;0;5031;17;1.9;0.0
82;2021-01-25;376;0;5407;17;2.1;0.0
82;2021-01-26;468;0;5875;17;2.2;0.0
82;2021-01-27;519;1;6394;18;2.4;0.0
82;2021-01-28;586;34;6980;52;2.7;0.0
82;2021-01-29;405;108;7385;160;2.8;0.1
82;2021-01-30;44;22;7429;182;2.8;0.1
82;2021-01-31;0;0;7429;182;2.8;0.1
82;2021-02-01;292;55;7721;237;2.9;0.1
82;2021-02-02;344;100;8065;337;3.1;0.1
82;2021-02-03;462;66;8527;403;3.2;0.2
82;2021-02-04;764;219;9291;622;3.5;0.2
82;2021-02-05;480;148;9771;770;3.7;0.3
82;2021-02-06;93;39;9864;809;3.8;0.3
82;2021-02-07;29;79;9893;888;3.8;0.3
82;2021-02-08;149;226;10042;1114;3.8;0.4
82;2021-02-09;238;393;10280;1507;3.9;0.6
82;2021-02-10;271;602;10551;2109;4.0;0.8
82;2021-02-11;224;402;10775;2511;4.1;1.0
82;2021-02-12;190;610;10965;3121;4.2;1.2
82;2021-02-13;59;118;11024;3239;4.2;1.2
82;2021-02-14;4;81;11028;3320;4.2;1.3
82;2021-02-15;217;305;11245;3625;4.3;1.4
82;2021-02-16;280;391;11525;4016;4.4;1.5
82;2021-02-17;359;519;11884;4535;4.5;1.7
82;2021-02-18;507;506;12391;5041;4.7;1.9
82;2021-02-19;490;543;12881;5584;4.9;2.1
82;2021-02-20;78;139;12959;5723;4.9;2.2
82;2021-02-21;0;0;12959;5723;4.9;2.2
82;2021-02-22;200;408;13159;6131;5.0;2.3
82;2021-02-23;276;469;13435;6600;5.1;2.5
82;2021-02-24;283;458;13718;7058;5.2;2.7
82;2021-02-25;637;508;14355;7566;5.5;2.9
82;2021-02-26;648;397;15003;7963;5.7;3.0
82;2021-02-27;214;73;15217;8036;5.8;3.1
82;2021-02-28;30;7;15247;8043;5.8;3.1
82;2021-03-01;291;229;15538;8272;5.9;3.1
82;2021-03-02;495;403;16033;8675;6.1;3.3
82;2021-03-03;441;388;16474;9063;6.3;3.5
82;2021-03-04;600;300;17074;9363;6.5;3.6
82;2021-03-05;680;381;17754;9744;6.8;3.7
82;2021-03-06;693;42;18447;9786;7.0;3.7
82;2021-03-07;302;3;18749;9789;7.1;3.7
82;2021-03-08;603;155;19352;9944;7.4;3.8
82;2021-03-09;582;257;19934;10201;7.6;3.9
82;2021-03-10;778;247;20712;10448;7.9;4.0
82;2021-03-11;974;281;21686;10729;8.3;4.1
82;2021-03-12;992;104;22678;10833;8.6;4.1
82;2021-03-13;564;53;23242;10886;8.9;4.1
82;2021-03-14;61;5;23303;10891;8.9;4.1
82;2021-03-15;485;326;23788;11217;9.1;4.3
82;2021-03-16;197;334;23985;11551;9.1;4.4
82;2021-03-17;191;296;24176;11847;9.2;4.5
82;2021-03-18;279;350;24455;12197;9.3;4.6
82;2021-03-19;533;314;24988;12511;9.5;4.8
82;2021-03-20;251;58;25239;12569;9.6;4.8
82;2021-03-21;23;0;25262;12569;9.6;4.8
82;2021-03-22;405;321;25667;12890;9.8;4.9
82;2021-03-23;602;313;26269;13203;10.0;5.0
82;2021-03-24;620;334;26889;13537;10.2;5.2
82;2021-03-25;928;244;27817;13781;10.6;5.2
82;2021-03-26;1216;268;29033;14049;11.1;5.3
82;2021-03-27;478;78;29511;14127;11.2;5.4
82;2021-03-28;136;2;29647;14129;11.3;5.4
82;2021-03-29;925;379;30572;14508;11.6;5.5
82;2021-03-30;1188;279;31760;14787;12.1;5.6
82;2021-03-31;1019;260;32779;15047;12.5;5.7
82;2021-04-01;1072;197;33851;15244;12.9;5.8
82;2021-04-02;1211;286;35062;15530;13.4;5.9
82;2021-04-03;715;130;35777;15660;13.6;6.0
82;2021-04-04;276;13;36053;15673;13.7;6.0
82;2021-04-05;388;19;36441;15692;13.9;6.0
82;2021-04-06;953;512;37394;16204;14.2;6.2
82;2021-04-07;1017;498;38411;16702;14.6;6.4
82;2021-04-08;1454;416;39865;17118;15.2;6.5
82;2021-04-09;1656;469;41521;17587;15.8;6.7
82;2021-04-10;1713;100;43234;17687;16.5;6.7
82;2021-04-11;559;19;43793;17706;16.7;6.7
82;2021-04-12;1348;292;45141;17998;17.2;6.9
82;2021-04-13;1625;268;46766;18266;17.8;7.0
82;2021-04-14;1409;296;48175;18562;18.3;7.1
82;2021-04-15;1780;321;49955;18883;19.0;7.2
82;2021-04-16;1541;331;51496;19214;19.6;7.3
82;2021-04-17;1243;69;52739;19283;20.1;7.3
82;2021-04-18;560;15;53299;19298;20.3;7.3
82;2021-04-19;959;359;54258;19657;20.7;7.5
82;2021-04-20;1268;403;55526;20060;21.1;7.6
82;2021-04-21;1218;374;56744;20434;21.6;7.8
82;2021-04-22;1451;293;58195;20727;22.2;7.9
82;2021-04-23;1075;682;59270;21409;22.6;8.2
82;2021-04-24;1186;265;60456;21674;23.0;8.3
82;2021-04-25;736;49;61192;21723;23.3;8.3
82;2021-04-26;748;808;61940;22531;23.6;8.6
82;2021-04-27;905;924;62845;23455;23.9;8.9
82;2021-04-28;921;870;63766;24325;24.3;9.3
82;2021-04-29;1106;910;64872;25235;24.7;9.6
82;2021-04-30;1041;889;65913;26124;25.1;9.9
82;2021-05-01;1141;258;67054;26382;25.5;10.0
82;2021-05-02;697;145;67751;26527;25.8;10.1
82;2021-05-03;410;1215;68161;27742;26.0;10.6
82;2021-05-04;864;1171;69025;28913;26.3;11.0
82;2021-05-05;568;1172;69593;30085;26.5;11.5
82;2021-05-06;850;1421;70443;31506;26.8;12.0
82;2021-05-07;735;1456;71178;32962;27.1;12.6
82;2021-05-08;935;520;72113;33482;27.5;12.7
82;2021-05-09;753;580;72866;34062;27.7;13.0
82;2021-05-10;850;1365;73716;35427;28.1;13.5
82;2021-05-11;1158;1349;74874;36776;28.5;14.0
82;2021-05-12;1016;1345;75890;38121;28.9;14.5
82;2021-05-13;1455;431;77345;38552;29.5;14.7
82;2021-05-14;1691;1239;79036;39791;30.1;15.2
82;2021-05-15;1935;694;80971;40485;30.8;15.4
82;2021-05-16;558;115;81529;40600;31.0;15.5
82;2021-05-17;1090;1173;82619;41773;31.5;15.9
82;2021-05-18;1466;1188;84085;42961;32.0;16.4
82;2021-05-19;1271;978;85356;43939;32.5;16.7
82;2021-05-20;1409;1158;86765;45097;33.0;17.2
82;2021-05-21;1411;1216;88176;46313;33.6;17.6
82;2021-05-22;2069;632;90245;46945;34.4;17.9
82;2021-05-23;705;117;90950;47062;34.6;17.9
82;2021-05-24;1440;263;92390;47325;35.2;18.0
82;2021-05-25;1445;964;93835;48289;35.7;18.4
82;2021-05-26;1414;923;95249;49212;36.3;18.7
82;2021-05-27;1460;1025;96709;50237;36.8;19.1
82;2021-05-28;1540;1145;98249;51382;37.4;19.6
82;2021-05-29;1496;546;99745;51928;38.0;19.8
82;2021-05-30;402;101;100147;52029;38.1;19.8
82;2021-05-31;1489;991;101636;53020;38.7;20.2
82;2021-06-01;1749;1053;103385;54073;39.4;20.6
82;2021-06-02;1473;1005;104858;55078;39.9;21.0
82;2021-06-03;1490;1183;106348;56261;40.5;21.4
82;2021-06-04;2248;1306;108596;57567;41.4;21.9
82;2021-06-05;2271;985;110867;58552;42.2;22.3
82;2021-06-06;328;133;111195;58685;42.3;22.3
82;2021-06-07;958;1275;112153;59960;42.7;22.8
82;2021-06-08;1446;1141;113599;61101;43.3;23.3
82;2021-06-09;1708;1143;115307;62244;43.9;23.7
82;2021-06-10;1440;1208;116747;63452;44.5;24.2
82;2021-06-11;1922;1124;118669;64576;45.2;24.6
82;2021-06-12;2393;1397;121062;65973;46.1;25.1
82;2021-06-13;378;113;121440;66086;46.2;25.2
82;2021-06-14;1212;1083;122652;67169;46.7;25.6
82;2021-06-15;1462;1243;124114;68412;47.3;26.1
82;2021-06-16;1751;1168;125865;69580;47.9;26.5
82;2021-06-17;1219;1473;127084;71053;48.4;27.1
82;2021-06-18;1469;1438;128553;72491;49.0;27.6
82;2021-06-19;2271;982;130824;73473;49.8;28.0
82;2021-06-20;268;174;131092;73647;49.9;28.0
82;2021-06-21;483;1362;131575;75009;50.1;28.6
82;2021-06-22;891;1707;132466;76716;50.4;29.2
82;2021-06-23;1238;1588;133704;78304;50.9;29.8
82;2021-06-24;755;1903;134459;80207;51.2;30.5
82;2021-06-25;741;1938;135200;82145;51.5;31.3
82;2021-06-26;1240;2146;136440;84291;52.0;32.1
82;2021-06-27;195;438;136635;84729;52.0;32.3
82;2021-06-28;330;1413;136965;86142;52.2;32.8
82;2021-06-29;518;1841;137483;87983;52.4;33.5
82;2021-06-30;948;1909;138431;89892;52.7;34.2
82;2021-07-01;657;1632;139088;91524;53.0;34.9
82;2021-07-02;931;2297;140019;93821;53.3;35.7
82;2021-07-03;859;2341;140878;96162;53.6;36.6
82;2021-07-04;120;439;140998;96601;53.7;36.8
82;2021-07-05;444;1562;141442;98163;53.9;37.4
82;2021-07-06;512;1865;141954;100028;54.1;38.1
82;2021-07-07;791;1776;142745;101804;54.4;38.8
82;2021-07-08;504;1503;143249;103307;54.5;39.3
82;2021-07-09;780;2154;144029;105461;54.8;40.2
82;2021-07-10;705;2216;144734;107677;55.1;41.0
82;2021-07-11;38;381;144772;108058;55.1;41.1
82;2021-07-12;580;1883;145352;109941;55.3;41.9
82;2021-07-13;710;2004;146062;111945;55.6;42.6
82;2021-07-14;617;739;146679;112684;55.9;42.9
82;2021-07-15;853;1753;147532;114437;56.2;43.6
82;2021-07-16;1435;2635;148967;117072;56.7;44.6
82;2021-07-17;562;2192;149529;119264;56.9;45.4
82;2021-07-18;14;41;149543;119305;56.9;45.4
82;2021-07-19;730;2074;150273;121379;57.2;46.2
82;2021-07-20;916;1885;151189;123264;57.6;46.9
82;2021-07-21;1285;1761;152474;125025;58.1;47.6
82;2021-07-22;1071;1763;153545;126788;58.5;48.3
82;2021-07-23;1049;2985;154594;129773;58.9;49.4
82;2021-07-24;1098;1483;155692;131256;59.3;50.0
82;2021-07-25;301;71;155993;131327;59.4;50.0
82;2021-07-26;945;1897;156938;133224;59.8;50.7
82;2021-07-27;1329;1641;158267;134865;60.3;51.4
82;2021-07-28;1465;1497;159732;136362;60.8;51.9
82;2021-07-29;1323;1527;161055;137889;61.3;52.5
82;2021-07-30;1529;2477;162584;140366;61.9;53.4
82;2021-07-31;449;295;163033;140661;62.1;53.6
82;2021-08-01;273;50;163306;140711;62.2;53.6
82;2021-08-02;1268;871;164574;141582;62.7;53.9
82;2021-08-03;1431;826;166005;142408;63.2;54.2
82;2021-08-04;1360;1025;167365;143433;63.7;54.6
82;2021-08-05;1478;595;168843;144028;64.3;54.8
82;2021-08-06;993;643;169836;144671;64.7;55.1
82;2021-08-07;922;1190;170758;145861;65.0;55.5
82;2021-08-08;155;65;170913;145926;65.1;55.6
82;2021-08-09;1071;888;171984;146814;65.5;55.9
82;2021-08-10;1285;912;173269;147726;66.0;56.3
82;2021-08-11;1258;1116;174527;148842;66.5;56.7
83;2020-12-27;1;0;1;0;0.0;0.0
83;2020-12-28;0;0;1;0;0.0;0.0
83;2020-12-29;0;0;1;0;0.0;0.0
83;2020-12-30;1;0;2;0;0.0;0.0
83;2020-12-31;0;0;2;0;0.0;0.0
83;2021-01-01;1;0;3;0;0.0;0.0
83;2021-01-02;0;0;3;0;0.0;0.0
83;2021-01-03;0;0;3;0;0.0;0.0
83;2021-01-04;1;0;4;0;0.0;0.0
83;2021-01-05;2;0;6;0;0.0;0.0
83;2021-01-06;69;0;75;0;0.0;0.0
83;2021-01-07;324;1;399;1;0.0;0.0
83;2021-01-08;411;0;810;1;0.1;0.0
83;2021-01-09;48;0;858;1;0.1;0.0
83;2021-01-10;1;0;859;1;0.1;0.0
83;2021-01-11;475;0;1334;1;0.1;0.0
83;2021-01-12;975;3;2309;4;0.2;0.0
83;2021-01-13;961;7;3270;11;0.3;0.0
83;2021-01-14;837;5;4107;16;0.4;0.0
83;2021-01-15;702;1;4809;17;0.4;0.0
83;2021-01-16;41;1;4850;18;0.5;0.0
83;2021-01-17;1;0;4851;18;0.5;0.0
83;2021-01-18;1220;3;6071;21;0.6;0.0
83;2021-01-19;2016;7;8087;28;0.8;0.0
83;2021-01-20;1659;10;9746;38;0.9;0.0
83;2021-01-21;2101;8;11847;46;1.1;0.0
83;2021-01-22;1658;5;13505;51;1.3;0.0
83;2021-01-23;244;0;13749;51;1.3;0.0
83;2021-01-24;21;1;13770;52;1.3;0.0
83;2021-01-25;1552;6;15322;58;1.4;0.0
83;2021-01-26;1748;15;17070;73;1.6;0.0
83;2021-01-27;2152;82;19222;155;1.8;0.0
83;2021-01-28;5078;362;24300;517;2.3;0.0
83;2021-01-29;2946;350;27246;867;2.5;0.1
83;2021-01-30;234;45;27480;912;2.6;0.1
83;2021-01-31;46;0;27526;912;2.6;0.1
83;2021-02-01;1277;422;28803;1334;2.7;0.1
83;2021-02-02;1437;726;30240;2060;2.8;0.2
83;2021-02-03;1524;637;31764;2697;3.0;0.3
83;2021-02-04;1484;750;33248;3447;3.1;0.3
83;2021-02-05;1218;681;34466;4128;3.2;0.4
83;2021-02-06;22;14;34488;4142;3.2;0.4
83;2021-02-07;1;0;34489;4142;3.2;0.4
83;2021-02-08;1089;626;35578;4768;3.3;0.4
83;2021-02-09;1325;913;36903;5681;3.4;0.5
83;2021-02-10;1526;806;38429;6487;3.6;0.6
83;2021-02-11;1605;1023;40034;7510;3.7;0.7
83;2021-02-12;1345;826;41379;8336;3.9;0.8
83;2021-02-13;52;25;41431;8361;3.9;0.8
83;2021-02-14;0;0;41431;8361;3.9;0.8
83;2021-02-15;669;1055;42100;9416;3.9;0.9
83;2021-02-16;542;1379;42642;10795;4.0;1.0
83;2021-02-17;803;1841;43445;12636;4.0;1.2
83;2021-02-18;1623;3869;45068;16505;4.2;1.5
83;2021-02-19;1475;2336;46543;18841;4.3;1.8
83;2021-02-20;63;170;46606;19011;4.3;1.8
83;2021-02-21;24;35;46630;19046;4.3;1.8
83;2021-02-22;500;1756;47130;20802;4.4;1.9
83;2021-02-23;670;1447;47800;22249;4.5;2.1
83;2021-02-24;721;1490;48521;23739;4.5;2.2
83;2021-02-25;1249;1412;49770;25151;4.6;2.3
83;2021-02-26;1298;1258;51068;26409;4.8;2.5
83;2021-02-27;551;55;51619;26464;4.8;2.5
83;2021-02-28;8;13;51627;26477;4.8;2.5
83;2021-03-01;809;1240;52436;27717;4.9;2.6
83;2021-03-02;988;1311;53424;29028;5.0;2.7
83;2021-03-03;1433;1527;54857;30555;5.1;2.8
83;2021-03-04;1887;1385;56744;31940;5.3;3.0
83;2021-03-05;2217;1238;58961;33178;5.5;3.1
83;2021-03-06;3005;112;61966;33290;5.8;3.1
83;2021-03-07;2224;36;64190;33326;6.0;3.1
83;2021-03-08;849;1321;65039;34647;6.1;3.2
83;2021-03-09;1928;1225;66967;35872;6.2;3.3
83;2021-03-10;2373;1363;69340;37235;6.5;3.5
83;2021-03-11;3671;2205;73011;39440;6.8;3.7
83;2021-03-12;3642;1509;76653;40949;7.1;3.8
83;2021-03-13;4599;172;81252;41121;7.6;3.8
83;2021-03-14;2330;47;83582;41168;7.8;3.8
83;2021-03-15;3336;665;86918;41833;8.1;3.9
83;2021-03-16;2597;696;89515;42529;8.3;4.0
83;2021-03-17;2844;783;92359;43312;8.6;4.0
83;2021-03-18;3551;799;95910;44111;8.9;4.1
83;2021-03-19;4171;582;100081;44693;9.3;4.2
83;2021-03-20;3474;65;103555;44758;9.6;4.2
83;2021-03-21;2011;30;105566;44788;9.8;4.2
83;2021-03-22;3961;890;109527;45678;10.2;4.3
83;2021-03-23;4747;590;114274;46268;10.6;4.3
83;2021-03-24;5045;718;119319;46986;11.1;4.4
83;2021-03-25;6530;845;125849;47831;11.7;4.5
83;2021-03-26;7172;747;133021;48578;12.4;4.5
83;2021-03-27;3966;384;136987;48962;12.8;4.6
83;2021-03-28;2183;29;139170;48991;13.0;4.6
83;2021-03-29;4549;763;143719;49754;13.4;4.6
83;2021-03-30;5955;938;149674;50692;13.9;4.7
83;2021-03-31;5551;1072;155225;51764;14.5;4.8
83;2021-04-01;5972;1255;161197;53019;15.0;4.9
83;2021-04-02;5758;1064;166955;54083;15.5;5.0
83;2021-04-03;1799;633;168754;54716;15.7;5.1
83;2021-04-04;854;346;169608;55062;15.8;5.1
83;2021-04-05;189;66;169797;55128;15.8;5.1
83;2021-04-06;4726;1397;174523;56525;16.3;5.3
83;2021-04-07;5830;1657;180353;58182;16.8;5.4
83;2021-04-08;7882;1988;188235;60170;17.5;5.6
83;2021-04-09;7585;2187;195820;62357;18.2;5.8
83;2021-04-10;2946;2648;198766;65005;18.5;6.1
83;2021-04-11;1720;2136;200486;67141;18.7;6.3
83;2021-04-12;4950;2865;205436;70006;19.1;6.5
83;2021-04-13;5404;3000;210840;73006;19.6;6.8
83;2021-04-14;5897;2941;216737;75947;20.2;7.1
83;2021-04-15;6777;3029;223514;78976;20.8;7.4
83;2021-04-16;6121;3507;229635;82483;21.4;7.7
83;2021-04-17;3512;2184;233147;84667;21.7;7.9
83;2021-04-18;2174;1297;235321;85964;21.9;8.0
83;2021-04-19;4107;3902;239428;89866;22.3;8.4
83;2021-04-20;4358;3868;243786;93734;22.7;8.7
83;2021-04-21;4302;4159;248088;97893;23.1;9.1
83;2021-04-22;5003;4303;253091;102196;23.6;9.5
83;2021-04-23;4524;4562;257615;106758;24.0;9.9
83;2021-04-24;2628;2711;260243;109469;24.2;10.2
83;2021-04-25;1927;1571;262170;111040;24.4;10.3
83;2021-04-26;3568;3850;265738;114890;24.7;10.7
83;2021-04-27;4134;4544;269872;119434;25.1;11.1
83;2021-04-28;4315;4370;274187;123804;25.5;11.5
83;2021-04-29;5814;5109;280001;128913;26.1;12.0
83;2021-04-30;5786;4303;285787;133216;26.6;12.4
83;2021-05-01;1693;425;287480;133641;26.8;12.4
83;2021-05-02;1237;753;288717;134394;26.9;12.5
83;2021-05-03;3751;4279;292468;138673;27.2;12.9
83;2021-05-04;3345;5098;295813;143771;27.5;13.4
83;2021-05-05;3642;4966;299455;148737;27.9;13.9
83;2021-05-06;4672;4955;304127;153692;28.3;14.3
83;2021-05-07;4172;5316;308299;159008;28.7;14.8
83;2021-05-08;2761;1012;311060;160020;29.0;14.9
83;2021-05-09;2151;1234;313211;161254;29.2;15.0
83;2021-05-10;3204;5419;316415;166673;29.5;15.5
83;2021-05-11;5121;5675;321536;172348;29.9;16.0
83;2021-05-12;6291;4846;327827;177194;30.5;16.5
83;2021-05-13;6582;1336;334409;178530;31.1;16.6
83;2021-05-14;7421;4109;341830;182639;31.8;17.0
83;2021-05-15;7753;2200;349583;184839;32.6;17.2
83;2021-05-16;6627;1247;356210;186086;33.2;17.3
83;2021-05-17;4893;4211;361103;190297;33.6;17.7
83;2021-05-18;5529;3861;366632;194158;34.1;18.1
83;2021-05-19;6206;3401;372838;197559;34.7;18.4
83;2021-05-20;6756;3791;379594;201350;35.3;18.8
83;2021-05-21;7908;3867;387502;205217;36.1;19.1
83;2021-05-22;6088;1716;393590;206933;36.7;19.3
83;2021-05-23;4686;704;398276;207637;37.1;19.3
83;2021-05-24;5809;970;404085;208607;37.6;19.4
83;2021-05-25;5511;4751;409596;213358;38.1;19.9
83;2021-05-26;4856;4436;414452;217794;38.6;20.3
83;2021-05-27;5072;5259;419524;223053;39.1;20.8
83;2021-05-28;4504;5766;424028;228819;39.5;21.3
83;2021-05-29;2706;4274;426734;233093;39.7;21.7
83;2021-05-30;1257;1374;427991;234467;39.9;21.8
83;2021-05-31;5489;4762;433480;239229;40.4;22.3
83;2021-06-01;5724;5301;439204;244530;40.9;22.8
83;2021-06-02;5250;4577;444454;249107;41.4;23.2
83;2021-06-03;5735;5130;450189;254237;41.9;23.7
83;2021-06-04;5445;6044;455634;260281;42.4;24.2
83;2021-06-05;3924;3194;459558;263475;42.8;24.5
83;2021-06-06;1936;1383;461494;264858;43.0;24.7
83;2021-06-07;3917;5085;465411;269943;43.3;25.1
83;2021-06-08;4171;4824;469582;274767;43.7;25.6
83;2021-06-09;4003;4700;473585;279467;44.1;26.0
83;2021-06-10;3994;4256;477579;283723;44.5;26.4
83;2021-06-11;3655;5443;481234;289166;44.8;26.9
83;2021-06-12;2911;2983;484145;292149;45.1;27.2
83;2021-06-13;995;1391;485140;293540;45.2;27.3
83;2021-06-14;2857;5659;487997;299199;45.4;27.9
83;2021-06-15;3160;4860;491157;304059;45.7;28.3
83;2021-06-16;2956;4505;494113;308564;46.0;28.7
83;2021-06-17;2766;5284;496879;313848;46.3;29.2
83;2021-06-18;3155;5957;500034;319805;46.6;29.8
83;2021-06-19;2319;4091;502353;323896;46.8;30.2
83;2021-06-20;672;1889;503025;325785;46.8;30.3
83;2021-06-21;2108;7584;505133;333369;47.0;31.0
83;2021-06-22;2099;7163;507232;340532;47.2;31.7
83;2021-06-23;1928;6927;509160;347459;47.4;32.4
83;2021-06-24;1949;7365;511109;354824;47.6;33.0
83;2021-06-25;2109;8399;513218;363223;47.8;33.8
83;2021-06-26;1467;6809;514685;370032;47.9;34.5
83;2021-06-27;691;3187;515376;373219;48.0;34.8
83;2021-06-28;1572;7889;516948;381108;48.1;35.5
83;2021-06-29;1898;7802;518846;388910;48.3;36.2
83;2021-06-30;2238;7263;521084;396173;48.5;36.9
83;2021-07-01;2548;6568;523632;402741;48.8;37.5
83;2021-07-02;2251;7793;525883;410534;49.0;38.2
83;2021-07-03;1508;5686;527391;416220;49.1;38.8
83;2021-07-04;568;2749;527959;418969;49.2;39.0
83;2021-07-05;1902;7529;529861;426498;49.3;39.7
83;2021-07-06;2558;5932;532419;432430;49.6;40.3
83;2021-07-07;2667;4665;535086;437095;49.8;40.7
83;2021-07-08;3233;4466;538319;441561;50.1;41.1
83;2021-07-09;3030;6959;541349;448520;50.4;41.8
83;2021-07-10;1567;4926;542916;453446;50.6;42.2
83;2021-07-11;999;1761;543915;455207;50.7;42.4
83;2021-07-12;2126;7686;546041;462893;50.8;43.1
83;2021-07-13;4014;7075;550055;469968;51.2;43.8
83;2021-07-14;2088;1317;552143;471285;51.4;43.9
83;2021-07-15;4570;6840;556713;478125;51.8;44.5
83;2021-07-16;5252;7120;561965;485245;52.3;45.2
83;2021-07-17;3592;4993;565557;490238;52.7;45.7
83;2021-07-18;1599;1308;567156;491546;52.8;45.8
83;2021-07-19;3939;6301;571095;497847;53.2;46.4
83;2021-07-20;5934;6154;577029;504001;53.7;46.9
83;2021-07-21;5984;5181;583013;509182;54.3;47.4
83;2021-07-22;7043;5508;590056;514690;54.9;47.9
83;2021-07-23;7010;5870;597066;520560;55.6;48.5
83;2021-07-24;4585;4539;601651;525099;56.0;48.9
83;2021-07-25;1324;730;602975;525829;56.2;49.0
83;2021-07-26;5498;4906;608473;530735;56.7;49.4
83;2021-07-27;6752;4861;615225;535596;57.3;49.9
83;2021-07-28;6565;4370;621790;539966;57.9;50.3
83;2021-07-29;7439;4795;629229;544761;58.6;50.7
83;2021-07-30;6917;4724;636146;549485;59.2;51.2
83;2021-07-31;4632;3181;640778;552666;59.7;51.5
83;2021-08-01;1053;844;641831;553510;59.8;51.5
83;2021-08-02;5727;3668;647558;557178;60.3;51.9
83;2021-08-03;6343;3942;653901;561120;60.9;52.3
83;2021-08-04;5856;3664;659757;564784;61.4;52.6
83;2021-08-05;6116;4049;665873;568833;62.0;53.0
83;2021-08-06;6095;4872;671968;573705;62.6;53.4
83;2021-08-07;3732;3522;675700;577227;62.9;53.8
83;2021-08-08;1058;809;676758;578036;63.0;53.8
83;2021-08-09;4684;4606;681442;582642;63.5;54.3
83;2021-08-10;5168;5095;686610;587737;63.9;54.7
83;2021-08-11;4489;5013;691099;592750;64.4;55.2
84;2020-12-27;0;0;0;0;0.0;0.0
84;2020-12-28;0;0;0;0;0.0;0.0
84;2020-12-29;0;0;0;0;0.0;0.0
84;2020-12-30;0;0;0;0;0.0;0.0
84;2020-12-31;0;0;0;0;0.0;0.0
84;2021-01-01;0;0;0;0;0.0;0.0
84;2021-01-02;0;0;0;0;0.0;0.0
84;2021-01-03;0;0;0;0;0.0;0.0
84;2021-01-04;0;0;0;0;0.0;0.0
84;2021-01-05;0;0;0;0;0.0;0.0
84;2021-01-06;0;0;0;0;0.0;0.0
84;2021-01-07;69;0;69;0;0.0;0.0
84;2021-01-08;81;0;150;0;0.0;0.0
84;2021-01-09;30;0;180;0;0.0;0.0
84;2021-01-10;0;0;180;0;0.0;0.0
84;2021-01-11;219;0;399;0;0.1;0.0
84;2021-01-12;623;2;1022;2;0.2;0.0
84;2021-01-13;358;0;1380;2;0.2;0.0
84;2021-01-14;940;14;2320;16;0.4;0.0
84;2021-01-15;617;9;2937;25;0.5;0.0
84;2021-01-16;166;0;3103;25;0.6;0.0
84;2021-01-17;27;1;3130;26;0.6;0.0
84;2021-01-18;696;3;3826;29;0.7;0.0
84;2021-01-19;876;2;4702;31;0.8;0.0
84;2021-01-20;1018;3;5720;34;1.0;0.0
84;2021-01-21;1048;4;6768;38;1.2;0.0
84;2021-01-22;1132;0;7900;38;1.4;0.0
84;2021-01-23;248;0;8148;38;1.5;0.0
84;2021-01-24;3;0;8151;38;1.5;0.0
84;2021-01-25;805;0;8956;38;1.6;0.0
84;2021-01-26;938;5;9894;43;1.8;0.0
84;2021-01-27;1070;2;10964;45;2.0;0.0
84;2021-01-28;1622;18;12586;63;2.2;0.0
84;2021-01-29;1198;63;13784;126;2.5;0.0
84;2021-01-30;171;21;13955;147;2.5;0.0
84;2021-01-31;7;0;13962;147;2.5;0.0
84;2021-02-01;654;147;14616;294;2.6;0.1
84;2021-02-02;787;268;15403;562;2.7;0.1
84;2021-02-03;758;245;16161;807;2.9;0.1
84;2021-02-04;911;407;17072;1214;3.0;0.2
84;2021-02-05;727;416;17799;1630;3.2;0.3
84;2021-02-06;124;49;17923;1679;3.2;0.3
84;2021-02-07;0;0;17923;1679;3.2;0.3
84;2021-02-08;566;277;18489;1956;3.3;0.3
84;2021-02-09;691;719;19180;2675;3.4;0.5
84;2021-02-10;553;568;19733;3243;3.5;0.6
84;2021-02-11;547;586;20280;3829;3.6;0.7
84;2021-02-12;559;681;20839;4510;3.7;0.8
84;2021-02-13;46;171;20885;4681;3.7;0.8
84;2021-02-14;3;0;20888;4681;3.7;0.8
84;2021-02-15;208;892;21096;5573;3.8;1.0
84;2021-02-16;222;832;21318;6405;3.8;1.1
84;2021-02-17;447;780;21765;7185;3.9;1.3
84;2021-02-18;554;1105;22319;8290;4.0;1.5
84;2021-02-19;737;1186;23056;9476;4.1;1.7
84;2021-02-20;65;154;23121;9630;4.1;1.7
84;2021-02-21;4;37;23125;9667;4.1;1.7
84;2021-02-22;369;744;23494;10411;4.2;1.9
84;2021-02-23;268;705;23762;11116;4.2;2.0
84;2021-02-24;392;740;24154;11856;4.3;2.1
84;2021-02-25;711;848;24865;12704;4.4;2.3
84;2021-02-26;822;683;25687;13387;4.6;2.4
84;2021-02-27;133;126;25820;13513;4.6;2.4
84;2021-02-28;16;0;25836;13513;4.6;2.4
84;2021-03-01;456;669;26292;14182;4.7;2.5
84;2021-03-02;631;811;26923;14993;4.8;2.7
84;2021-03-03;820;960;27743;15953;4.9;2.8
84;2021-03-04;1093;709;28836;16662;5.1;3.0
84;2021-03-05;1310;519;30146;17181;5.4;3.1
84;2021-03-06;1461;61;31607;17242;5.6;3.1
84;2021-03-07;481;15;32088;17257;5.7;3.1
84;2021-03-08;814;606;32902;17863;5.9;3.2
84;2021-03-09;1386;785;34288;18648;6.1;3.3
84;2021-03-10;1472;667;35760;19315;6.4;3.4
84;2021-03-11;1984;643;37744;19958;6.7;3.6
84;2021-03-12;2078;628;39822;20586;7.1;3.7
84;2021-03-13;745;36;40567;20622;7.2;3.7
84;2021-03-14;247;53;40814;20675;7.3;3.7
84;2021-03-15;1067;310;41881;20985;7.5;3.7
84;2021-03-16;1179;336;43060;21321;7.7;3.8
84;2021-03-17;1144;441;44204;21762;7.9;3.9
84;2021-03-18;1455;400;45659;22162;8.1;4.0
84;2021-03-19;2174;460;47833;22622;8.5;4.0
84;2021-03-20;838;24;48671;22646;8.7;4.0
84;2021-03-21;150;9;48821;22655;8.7;4.0
84;2021-03-22;1154;458;49975;23113;8.9;4.1
84;2021-03-23;1909;462;51884;23575;9.2;4.2
84;2021-03-24;2177;398;54061;23973;9.6;4.3
84;2021-03-25;3652;395;57713;24368;10.3;4.3
84;2021-03-26;3316;481;61029;24849;10.9;4.4
84;2021-03-27;913;56;61942;24905;11.0;4.4
84;2021-03-28;72;2;62014;24907;11.1;4.4
84;2021-03-29;1716;529;63730;25436;11.4;4.5
84;2021-03-30;2666;682;66396;26118;11.8;4.7
84;2021-03-31;2399;643;68795;26761;12.3;4.8
84;2021-04-01;3019;567;71814;27328;12.8;4.9
84;2021-04-02;2451;526;74265;27854;13.2;5.0
84;2021-04-03;508;28;74773;27882;13.3;5.0
84;2021-04-04;12;0;74785;27882;13.3;5.0
84;2021-04-05;810;101;75595;27983;13.5;5.0
84;2021-04-06;2140;836;77735;28819;13.9;5.1
84;2021-04-07;2403;861;80138;29680;14.3;5.3
84;2021-04-08;3649;1030;83787;30710;14.9;5.5
84;2021-04-09;4113;940;87900;31650;15.7;5.6
84;2021-04-10;1308;130;89208;31780;15.9;5.7
84;2021-04-11;37;12;89245;31792;15.9;5.7
84;2021-04-12;2091;804;91336;32596;16.3;5.8
84;2021-04-13;2942;1367;94278;33963;16.8;6.1
84;2021-04-14;2811;1355;97089;35318;17.3;6.3
84;2021-04-15;3270;1414;100359;36732;17.9;6.5
84;2021-04-16;3427;1542;103786;38274;18.5;6.8
84;2021-04-17;1666;195;105452;38469;18.8;6.9
84;2021-04-18;34;0;105486;38469;18.8;6.9
84;2021-04-19;2505;920;107991;39389;19.2;7.0
84;2021-04-20;2626;1530;110617;40919;19.7;7.3
84;2021-04-21;2651;1488;113268;42407;20.2;7.6
84;2021-04-22;3011;1734;116279;44141;20.7;7.9
84;2021-04-23;3031;1896;119310;46037;21.3;8.2
84;2021-04-24;1530;286;120840;46323;21.5;8.3
84;2021-04-25;27;2;120867;46325;21.5;8.3
84;2021-04-26;2181;1368;123048;47693;21.9;8.5
84;2021-04-27;2553;1986;125601;49679;22.4;8.9
84;2021-04-28;2816;1842;128417;51521;22.9;9.2
84;2021-04-29;3421;2027;131838;53548;23.5;9.5
84;2021-04-30;3132;2420;134970;55968;24.1;10.0
84;2021-05-01;457;258;135427;56226;24.1;10.0
84;2021-05-02;1;0;135428;56226;24.1;10.0
84;2021-05-03;2165;1632;137593;57858;24.5;10.3
84;2021-05-04;2490;2528;140083;60386;25.0;10.8
84;2021-05-05;2351;2217;142434;62603;25.4;11.2
84;2021-05-06;3223;2251;145657;64854;26.0;11.6
84;2021-05-07;2764;2564;148421;67418;26.5;12.0
84;2021-05-08;1157;528;149578;67946;26.7;12.1
84;2021-05-09;6;52;149584;67998;26.7;12.1
84;2021-05-10;2156;2457;151740;70455;27.0;12.6
84;2021-05-11;2910;3166;154650;73621;27.6;13.1
84;2021-05-12;2851;2922;157501;76543;28.1;13.6
84;2021-05-13;2159;843;159660;77386;28.5;13.8
84;2021-05-14;2727;2034;162387;79420;28.9;14.2
84;2021-05-15;2002;984;164389;80404;29.3;14.3
84;2021-05-16;1341;184;165730;80588;29.5;14.4
84;2021-05-17;2223;2155;167953;82743;29.9;14.7
84;2021-05-18;2904;2104;170857;84847;30.5;15.1
84;2021-05-19;3233;1665;174090;86512;31.0;15.4
84;2021-05-20;3700;2203;177790;88715;31.7;15.8
84;2021-05-21;3469;2333;181259;91048;32.3;16.2
84;2021-05-22;1584;678;182843;91726;32.6;16.4
84;2021-05-23;6;9;182849;91735;32.6;16.4
84;2021-05-24;1839;426;184688;92161;32.9;16.4
84;2021-05-25;2983;2183;187671;94344;33.5;16.8
84;2021-05-26;3077;2084;190748;96428;34.0;17.2
84;2021-05-27;3854;2321;194602;98749;34.7;17.6
84;2021-05-28;3183;3306;197785;102055;35.3;18.2
84;2021-05-29;1092;1652;198877;103707;35.5;18.5
84;2021-05-30;7;85;198884;103792;35.5;18.5
84;2021-05-31;2192;2635;201076;106427;35.8;19.0
84;2021-06-01;3144;3158;204220;109585;36.4;19.5
84;2021-06-02;3173;2619;207393;112204;37.0;20.0
84;2021-06-03;4111;2982;211504;115186;37.7;20.5
84;2021-06-04;3614;3036;215118;118222;38.3;21.1
84;2021-06-05;1784;1496;216902;119718;38.7;21.3
84;2021-06-06;987;205;217889;119923;38.8;21.4
84;2021-06-07;2453;2746;220342;122669;39.3;21.9
84;2021-06-08;3322;3050;223664;125719;39.9;22.4
84;2021-06-09;3031;2676;226695;128395;40.4;22.9
84;2021-06-10;3507;2785;230202;131180;41.0;23.4
84;2021-06-11;3020;3059;233222;134239;41.6;23.9
84;2021-06-12;1965;1312;235187;135551;41.9;24.2
84;2021-06-13;413;212;235600;135763;42.0;24.2
84;2021-06-14;1929;3159;237529;138922;42.3;24.8
84;2021-06-15;2574;3452;240103;142374;42.8;25.4
84;2021-06-16;2524;2940;242627;145314;43.2;25.9
84;2021-06-17;2995;3450;245622;148764;43.8;26.5
84;2021-06-18;2423;3545;248045;152309;44.2;27.1
84;2021-06-19;1288;1544;249333;153853;44.4;27.4
84;2021-06-20;549;353;249882;154206;44.5;27.5
84;2021-06-21;1569;3128;251451;157334;44.8;28.0
84;2021-06-22;2163;4008;253614;161342;45.2;28.8
84;2021-06-23;2114;3307;255728;164649;45.6;29.3
84;2021-06-24;2198;3479;257926;168128;46.0;30.0
84;2021-06-25;1835;3884;259761;172012;46.3;30.7
84;2021-06-26;1131;1817;260892;173829;46.5;31.0
84;2021-06-27;295;345;261187;174174;46.6;31.0
84;2021-06-28;1207;3219;262394;177393;46.8;31.6
84;2021-06-29;1477;4044;263871;181437;47.0;32.3
84;2021-06-30;1716;3957;265587;185394;47.3;33.0
84;2021-07-01;1804;3943;267391;189337;47.7;33.8
84;2021-07-02;1752;3896;269143;193233;48.0;34.4
84;2021-07-03;1103;2029;270246;195262;48.2;34.8
84;2021-07-04;394;416;270640;195678;48.2;34.9
84;2021-07-05;1534;3540;272174;199218;48.5;35.5
84;2021-07-06;1627;4165;273801;203383;48.8;36.3
84;2021-07-07;1666;3102;275467;206485;49.1;36.8
84;2021-07-08;2119;3746;277586;210231;49.5;37.5
84;2021-07-09;1814;3967;279400;214198;49.8;38.2
84;2021-07-10;1240;2159;280640;216357;50.0;38.6
84;2021-07-11;340;305;280980;216662;50.1;38.6
84;2021-07-12;1378;3840;282358;220502;50.3;39.3
84;2021-07-13;2330;5004;284688;225506;50.7;40.2
84;2021-07-14;1876;1246;286564;226752;51.1;40.4
84;2021-07-15;2625;4550;289189;231302;51.5;41.2
84;2021-07-16;2768;4597;291957;235899;52.0;42.0
84;2021-07-17;1580;2437;293537;238336;52.3;42.5
84;2021-07-18;1008;545;294545;238881;52.5;42.6
84;2021-07-19;2399;3738;296944;242619;52.9;43.2
84;2021-07-20;2934;4159;299878;246778;53.5;44.0
84;2021-07-21;3165;3650;303043;250428;54.0;44.6
84;2021-07-22;3761;3782;306804;254210;54.7;45.3
84;2021-07-23;3499;3668;310303;257878;55.3;46.0
84;2021-07-24;1450;2247;311753;260125;55.6;46.4
84;2021-07-25;1032;507;312785;260632;55.8;46.5
84;2021-07-26;2706;3014;315491;263646;56.2;47.0
84;2021-07-27;3415;3557;318906;267203;56.8;47.6
84;2021-07-28;3830;3299;322736;270502;57.5;48.2
84;2021-07-29;4189;3140;326925;273642;58.3;48.8
84;2021-07-30;3972;3302;330897;276944;59.0;49.4
84;2021-07-31;1989;1672;332886;278616;59.3;49.7
84;2021-08-01;813;423;333699;279039;59.5;49.7
84;2021-08-02;2918;2673;336617;281712;60.0;50.2
84;2021-08-03;4076;2767;340693;284479;60.7;50.7
84;2021-08-04;3854;2579;344547;287058;61.4;51.2
84;2021-08-05;3825;2543;348372;289601;62.1;51.6
84;2021-08-06;3668;2836;352040;292437;62.8;52.1
84;2021-08-07;2034;1705;354074;294142;63.1;52.4
84;2021-08-08;384;733;354458;294875;63.2;52.6
84;2021-08-09;2842;2572;357300;297447;63.7;53.0
84;2021-08-10;3698;2924;360998;300371;64.3;53.5
84;2021-08-11;3241;2639;364239;303010;64.9;54.0
85;2020-12-27;1;0;1;0;0.0;0.0
85;2020-12-28;0;0;1;0;0.0;0.0
85;2020-12-29;0;0;1;0;0.0;0.0
85;2020-12-30;0;0;1;0;0.0;0.0
85;2020-12-31;0;0;1;0;0.0;0.0
85;2021-01-01;0;0;1;0;0.0;0.0
85;2021-01-02;0;0;1;0;0.0;0.0
85;2021-01-03;1;0;2;0;0.0;0.0
85;2021-01-04;25;0;27;0;0.0;0.0
85;2021-01-05;62;0;89;0;0.0;0.0
85;2021-01-06;107;1;196;1;0.0;0.0
85;2021-01-07;203;0;399;1;0.1;0.0
85;2021-01-08;291;1;690;2;0.1;0.0
85;2021-01-09;288;2;978;4;0.1;0.0
85;2021-01-10;59;0;1037;4;0.2;0.0
85;2021-01-11;453;0;1490;4;0.2;0.0
85;2021-01-12;586;2;2076;6;0.3;0.0
85;2021-01-13;544;2;2620;8;0.4;0.0
85;2021-01-14;680;4;3300;12;0.5;0.0
85;2021-01-15;437;3;3737;15;0.5;0.0
85;2021-01-16;264;3;4001;18;0.6;0.0
85;2021-01-17;37;0;4038;18;0.6;0.0
85;2021-01-18;998;3;5036;21;0.7;0.0
85;2021-01-19;1427;16;6463;37;0.9;0.0
85;2021-01-20;1874;2;8337;39;1.2;0.0
85;2021-01-21;3220;7;11557;46;1.7;0.0
85;2021-01-22;1696;17;13253;63;1.9;0.0
85;2021-01-23;466;2;13719;65;2.0;0.0
85;2021-01-24;49;0;13768;65;2.0;0.0
85;2021-01-25;577;1;14345;66;2.1;0.0
85;2021-01-26;876;34;15221;100;2.2;0.0
85;2021-01-27;1804;32;17025;132;2.5;0.0
85;2021-01-28;1631;38;18656;170;2.7;0.0
85;2021-01-29;875;63;19531;233;2.9;0.0
85;2021-01-30;149;5;19680;238;2.9;0.0
85;2021-01-31;2;47;19682;285;2.9;0.0
85;2021-02-01;479;103;20161;388;3.0;0.1
85;2021-02-02;537;176;20698;564;3.0;0.1
85;2021-02-03;414;261;21112;825;3.1;0.1
85;2021-02-04;621;267;21733;1092;3.2;0.2
85;2021-02-05;624;265;22357;1357;3.3;0.2
85;2021-02-06;156;245;22513;1602;3.3;0.2
85;2021-02-07;1;0;22514;1602;3.3;0.2
85;2021-02-08;388;653;22902;2255;3.4;0.3
85;2021-02-09;662;1061;23564;3316;3.4;0.5
85;2021-02-10;583;1132;24147;4448;3.5;0.7
85;2021-02-11;1542;3041;25689;7489;3.8;1.1
85;2021-02-12;1012;1261;26701;8750;3.9;1.3
85;2021-02-13;250;505;26951;9255;3.9;1.4
85;2021-02-14;2;132;26953;9387;3.9;1.4
85;2021-02-15;336;814;27289;10201;4.0;1.5
85;2021-02-16;570;1189;27859;11390;4.1;1.7
85;2021-02-17;786;1574;28645;12964;4.2;1.9
85;2021-02-18;1277;1932;29922;14896;4.4;2.2
85;2021-02-19;956;1208;30878;16104;4.5;2.4
85;2021-02-20;174;262;31052;16366;4.5;2.4
85;2021-02-21;1;11;31053;16377;4.5;2.4
85;2021-02-22;814;887;31867;17264;4.7;2.5
85;2021-02-23;828;485;32695;17749;4.8;2.6
85;2021-02-24;756;313;33451;18062;4.9;2.6
85;2021-02-25;1336;399;34787;18461;5.1;2.7
85;2021-02-26;1228;330;36015;18791;5.3;2.8
85;2021-02-27;400;99;36415;18890;5.3;2.8
85;2021-02-28;7;1;36422;18891;5.3;2.8
85;2021-03-01;764;431;37186;19322;5.4;2.8
85;2021-03-02;1100;793;38286;20115;5.6;2.9
85;2021-03-03;843;514;39129;20629;5.7;3.0
85;2021-03-04;1576;1175;40705;21804;6.0;3.2
85;2021-03-05;1739;850;42444;22654;6.2;3.3
85;2021-03-06;1227;129;43671;22783;6.4;3.3
85;2021-03-07;333;35;44004;22818;6.4;3.3
85;2021-03-08;1740;461;45744;23279;6.7;3.4
85;2021-03-09;2240;573;47984;23852;7.0;3.5
85;2021-03-10;1863;652;49847;24504;7.3;3.6
85;2021-03-11;3118;1088;52965;25592;7.8;3.7
85;2021-03-12;2727;868;55692;26460;8.2;3.9
85;2021-03-13;1371;161;57063;26621;8.4;3.9
85;2021-03-14;179;0;57242;26621;8.4;3.9
85;2021-03-15;1918;517;59160;27138;8.7;4.0
85;2021-03-16;1628;517;60788;27655;8.9;4.0
85;2021-03-17;980;524;61768;28179;9.0;4.1
85;2021-03-18;1901;453;63669;28632;9.3;4.2
85;2021-03-19;2202;370;65871;29002;9.6;4.2
85;2021-03-20;1068;178;66939;29180;9.8;4.3
85;2021-03-21;272;5;67211;29185;9.8;4.3
85;2021-03-22;1762;560;68973;29745;10.1;4.4
85;2021-03-23;2418;734;71391;30479;10.4;4.5
85;2021-03-24;2207;527;73598;31006;10.8;4.5
85;2021-03-25;3647;593;77245;31599;11.3;4.6
85;2021-03-26;3358;649;80603;32248;11.8;4.7
85;2021-03-27;1728;122;82331;32370;12.1;4.7
85;2021-03-28;539;4;82870;32374;12.1;4.7
85;2021-03-29;2412;760;85282;33134;12.5;4.8
85;2021-03-30;2862;1024;88144;34158;12.9;5.0
85;2021-03-31;2198;672;90342;34830;13.2;5.1
85;2021-04-01;3872;910;94214;35740;13.8;5.2
85;2021-04-02;2705;1100;96919;36840;14.2;5.4
85;2021-04-03;1413;321;98332;37161;14.4;5.4
85;2021-04-04;323;27;98655;37188;14.4;5.4
85;2021-04-05;104;175;98759;37363;14.5;5.5
85;2021-04-06;2201;1599;100960;38962;14.8;5.7
85;2021-04-07;3091;1189;104051;40151;15.2;5.9
85;2021-04-08;4540;1599;108591;41750;15.9;6.1
85;2021-04-09;4602;1224;113193;42974;16.6;6.3
85;2021-04-10;1866;397;115059;43371;16.8;6.3
85;2021-04-11;27;10;115086;43381;16.8;6.3
85;2021-04-12;4287;1485;119373;44866;17.5;6.6
85;2021-04-13;4832;1870;124205;46736;18.2;6.8
85;2021-04-14;3960;1008;128165;47744;18.8;7.0
85;2021-04-15;5517;1739;133682;49483;19.6;7.2
85;2021-04-16;5241;1534;138923;51017;20.3;7.5
85;2021-04-17;1383;437;140306;51454;20.5;7.5
85;2021-04-18;349;10;140655;51464;20.6;7.5
85;2021-04-19;3366;1700;144021;53164;21.1;7.8
85;2021-04-20;3697;1925;147718;55089;21.6;8.1
85;2021-04-21;2690;1695;150408;56784;22.0;8.3
85;2021-04-22;3804;2231;154212;59015;22.6;8.6
85;2021-04-23;3903;2084;158115;61099;23.1;8.9
85;2021-04-24;1660;1533;159775;62632;23.4;9.2
85;2021-04-25;980;562;160755;63194;23.5;9.2
85;2021-04-26;3590;2349;164345;65543;24.1;9.6
85;2021-04-27;4393;2162;168738;67705;24.7;9.9
85;2021-04-28;5745;1254;174483;68959;25.5;10.1
85;2021-04-29;5634;2001;180117;70960;26.4;10.4
85;2021-04-30;5575;1675;185692;72635;27.2;10.6
85;2021-05-01;1736;636;187428;73271;27.4;10.7
85;2021-05-02;873;470;188301;73741;27.6;10.8
85;2021-05-03;3492;2382;191793;76123;28.1;11.1
85;2021-05-04;3488;3086;195281;79209;28.6;11.6
85;2021-05-05;4532;2167;199813;81376;29.2;11.9
85;2021-05-06;4919;2592;204732;83968;30.0;12.3
85;2021-05-07;3929;3860;208661;87828;30.5;12.9
85;2021-05-08;2246;229;210907;88057;30.9;12.9
85;2021-05-09;1509;183;212416;88240;31.1;12.9
85;2021-05-10;3208;4930;215624;93170;31.6;13.6
85;2021-05-11;4026;4976;219650;98146;32.2;14.4
85;2021-05-12;5019;3933;224669;102079;32.9;14.9
85;2021-05-13;5144;609;229813;102688;33.6;15.0
85;2021-05-14;4356;3166;234169;105854;34.3;15.5
85;2021-05-15;2327;775;236496;106629;34.6;15.6
85;2021-05-16;2213;162;238709;106791;34.9;15.6
85;2021-05-17;4147;3377;242856;110168;35.5;16.1
85;2021-05-18;5216;2857;248072;113025;36.3;16.5
85;2021-05-19;6492;1766;254564;114791;37.3;16.8
85;2021-05-20;6775;2175;261339;116966;38.3;17.1
85;2021-05-21;5498;2746;266837;119712;39.1;17.5
85;2021-05-22;2584;752;269421;120464;39.4;17.6
85;2021-05-23;1329;161;270750;120625;39.6;17.7
85;2021-05-24;4572;435;275322;121060;40.3;17.7
85;2021-05-25;4517;3565;279839;124625;41.0;18.2
85;2021-05-26;4946;2678;284785;127303;41.7;18.6
85;2021-05-27;4961;3690;289746;130993;42.4;19.2
85;2021-05-28;5252;4067;294998;135060;43.2;19.8
85;2021-05-29;3960;1527;298958;136587;43.8;20.0
85;2021-05-30;1291;126;300249;136713;43.9;20.0
85;2021-05-31;4689;3382;304938;140095;44.6;20.5
85;2021-06-01;5403;3399;310341;143494;45.4;21.0
85;2021-06-02;5558;2521;315899;146015;46.2;21.4
85;2021-06-03;5916;3235;321815;149250;47.1;21.8
85;2021-06-04;5837;3818;327652;153068;48.0;22.4
85;2021-06-05;2849;1939;330501;155007;48.4;22.7
85;2021-06-06;1510;803;332011;155810;48.6;22.8
85;2021-06-07;3236;4858;335247;160668;49.1;23.5
85;2021-06-08;4092;4524;339339;165192;49.7;24.2
85;2021-06-09;4845;3513;344184;168705;50.4;24.7
85;2021-06-10;5198;3702;349382;172407;51.1;25.2
85;2021-06-11;4505;4661;353887;177068;51.8;25.9
85;2021-06-12;1491;1798;355378;178866;52.0;26.2
85;2021-06-13;1220;672;356598;179538;52.2;26.3
85;2021-06-14;2679;5092;359277;184630;52.6;27.0
85;2021-06-15;3715;4934;362992;189564;53.1;27.7
85;2021-06-16;4082;3906;367074;193470;53.7;28.3
85;2021-06-17;3940;3898;371014;197368;54.3;28.9
85;2021-06-18;3626;5680;374640;203048;54.8;29.7
85;2021-06-19;1213;2028;375853;205076;55.0;30.0
85;2021-06-20;137;520;375990;205596;55.0;30.1
85;2021-06-21;2376;5811;378366;211407;55.4;30.9
85;2021-06-22;2846;5727;381212;217134;55.8;31.8
85;2021-06-23;3391;4495;384603;221629;56.3;32.4
85;2021-06-24;3642;4557;388245;226186;56.8;33.1
85;2021-06-25;2288;6178;390533;232364;57.2;34.0
85;2021-06-26;791;3763;391324;236127;57.3;34.6
85;2021-06-27;125;1370;391449;237497;57.3;34.8
85;2021-06-28;1185;6718;392634;244215;57.5;35.7
85;2021-06-29;1756;6874;394390;251089;57.7;36.8
85;2021-06-30;2211;6201;396601;257290;58.1;37.7
85;2021-07-01;2835;6060;399436;263350;58.5;38.5
85;2021-07-02;2267;7015;401703;270365;58.8;39.6
85;2021-07-03;617;3166;402320;273531;58.9;40.0
85;2021-07-04;144;1086;402464;274617;58.9;40.2
85;2021-07-05;1062;6652;403526;281269;59.1;41.2
85;2021-07-06;1576;6461;405102;287730;59.3;42.1
85;2021-07-07;1646;5863;406748;293593;59.5;43.0
85;2021-07-08;2164;5443;408912;299036;59.9;43.8
85;2021-07-09;1644;7098;410556;306134;60.1;44.8
85;2021-07-10;565;2839;411121;308973;60.2;45.2
85;2021-07-11;526;1288;411647;310261;60.3;45.4
85;2021-07-12;1405;7055;413052;317316;60.5;46.4
85;2021-07-13;2058;7395;415110;324711;60.8;47.5
85;2021-07-14;1454;2049;416564;326760;61.0;47.8
85;2021-07-15;2676;6949;419240;333709;61.4;48.8
85;2021-07-16;3415;6844;422655;340553;61.9;49.8
85;2021-07-17;1559;2155;424214;342708;62.1;50.2
85;2021-07-18;1145;1156;425359;343864;62.3;50.3
85;2021-07-19;3541;6238;428900;350102;62.8;51.2
85;2021-07-20;4291;6223;433191;356325;63.4;52.2
85;2021-07-21;3979;6201;437170;362526;64.0;53.1
85;2021-07-22;3885;6187;441055;368713;64.6;54.0
85;2021-07-23;4506;6708;445561;375421;65.2;55.0
85;2021-07-24;1040;2296;446601;377717;65.4;55.3
85;2021-07-25;489;304;447090;378021;65.4;55.3
85;2021-07-26;4492;5358;451582;383379;66.1;56.1
85;2021-07-27;5288;5392;456870;388771;66.9;56.9
85;2021-07-28;4949;4975;461819;393746;67.6;57.6
85;2021-07-29;5850;4739;467669;398485;68.5;58.3
85;2021-07-30;5992;4951;473661;403436;69.3;59.1
85;2021-07-31;1223;1577;474884;405013;69.5;59.3
85;2021-08-01;460;195;475344;405208;69.6;59.3
85;2021-08-02;4930;3946;480274;409154;70.3;59.9
85;2021-08-03;6502;3342;486776;412496;71.3;60.4
85;2021-08-04;6607;3411;493383;415907;72.2;60.9
85;2021-08-05;6162;3589;499545;419496;73.1;61.4
85;2021-08-06;5786;4508;505331;424004;74.0;62.1
85;2021-08-07;1498;1173;506829;425177;74.2;62.2
85;2021-08-08;328;230;507157;425407;74.2;62.3
85;2021-08-09;4116;3271;511273;428678;74.8;62.7
85;2021-08-10;4765;3410;516038;432088;75.5;63.2
85;2021-08-11;4641;4192;520679;436280;76.2;63.9
86;2020-12-27;0;0;0;0;0.0;0.0
86;2020-12-28;1;0;1;0;0.0;0.0
86;2020-12-29;1;0;2;0;0.0;0.0
86;2020-12-30;0;0;2;0;0.0;0.0
86;2020-12-31;0;0;2;0;0.0;0.0
86;2021-01-01;0;0;2;0;0.0;0.0
86;2021-01-02;0;0;2;0;0.0;0.0
86;2021-01-03;2;0;4;0;0.0;0.0
86;2021-01-04;0;0;4;0;0.0;0.0
86;2021-01-05;0;0;4;0;0.0;0.0
86;2021-01-06;178;0;182;0;0.0;0.0
86;2021-01-07;672;0;854;0;0.2;0.0
86;2021-01-08;596;3;1450;3;0.3;0.0
86;2021-01-09;0;0;1450;3;0.3;0.0
86;2021-01-10;173;0;1623;3;0.4;0.0
86;2021-01-11;305;0;1928;3;0.4;0.0
86;2021-01-12;458;0;2386;3;0.5;0.0
86;2021-01-13;336;0;2722;3;0.6;0.0
86;2021-01-14;551;1;3273;4;0.7;0.0
86;2021-01-15;538;1;3811;5;0.9;0.0
86;2021-01-16;2;0;3813;5;0.9;0.0
86;2021-01-17;0;0;3813;5;0.9;0.0
86;2021-01-18;564;0;4377;5;1.0;0.0
86;2021-01-19;1912;0;6289;5;1.4;0.0
86;2021-01-20;1458;18;7747;23;1.8;0.0
86;2021-01-21;1292;0;9039;23;2.1;0.0
86;2021-01-22;831;0;9870;23;2.3;0.0
86;2021-01-23;313;0;10183;23;2.3;0.0
86;2021-01-24;0;0;10183;23;2.3;0.0
86;2021-01-25;583;110;10766;133;2.5;0.0
86;2021-01-26;750;122;11516;255;2.6;0.1
86;2021-01-27;764;156;12280;411;2.8;0.1
86;2021-01-28;1042;425;13322;836;3.0;0.2
86;2021-01-29;877;219;14199;1055;3.2;0.2
86;2021-01-30;275;104;14474;1159;3.3;0.3
86;2021-01-31;57;157;14531;1316;3.3;0.3
86;2021-02-01;432;207;14963;1523;3.4;0.3
86;2021-02-02;574;386;15537;1909;3.6;0.4
86;2021-02-03;525;224;16062;2133;3.7;0.5
86;2021-02-04;478;366;16540;2499;3.8;0.6
86;2021-02-05;439;744;16979;3243;3.9;0.7
86;2021-02-06;146;206;17125;3449;3.9;0.8
86;2021-02-07;120;8;17245;3457;3.9;0.8
86;2021-02-08;361;328;17606;3785;4.0;0.9
86;2021-02-09;750;1123;18356;4908;4.2;1.1
86;2021-02-10;976;942;19332;5850;4.4;1.3
86;2021-02-11;1005;976;20337;6826;4.6;1.6
86;2021-02-12;745;378;21082;7204;4.8;1.6
86;2021-02-13;191;95;21273;7299;4.9;1.7
86;2021-02-14;1;34;21274;7333;4.9;1.7
86;2021-02-15;244;508;21518;7841;4.9;1.8
86;2021-02-16;384;865;21902;8706;5.0;2.0
86;2021-02-17;449;897;22351;9603;5.1;2.2
86;2021-02-18;419;875;22770;10478;5.2;2.4
86;2021-02-19;600;640;23370;11118;5.3;2.5
86;2021-02-20;115;176;23485;11294;5.4;2.6
86;2021-02-21;0;0;23485;11294;5.4;2.6
86;2021-02-22;240;428;23725;11722;5.4;2.7
86;2021-02-23;369;608;24094;12330;5.5;2.8
86;2021-02-24;408;587;24502;12917;5.6;3.0
86;2021-02-25;901;667;25403;13584;5.8;3.1
86;2021-02-26;1028;540;26431;14124;6.0;3.2
86;2021-02-27;460;150;26891;14274;6.1;3.3
86;2021-02-28;3;2;26894;14276;6.1;3.3
86;2021-03-01;232;525;27126;14801;6.2;3.4
86;2021-03-02;1142;850;28268;15651;6.5;3.6
86;2021-03-03;792;624;29060;16275;6.6;3.7
86;2021-03-04;1495;619;30555;16894;7.0;3.9
86;2021-03-05;1577;314;32132;17208;7.3;3.9
86;2021-03-06;995;169;33127;17377;7.6;4.0
86;2021-03-07;370;32;33497;17409;7.7;4.0
86;2021-03-08;472;540;33969;17949;7.8;4.1
86;2021-03-09;1368;528;35337;18477;8.1;4.2
86;2021-03-10;949;610;36286;19087;8.3;4.4
86;2021-03-11;1795;476;38081;19563;8.7;4.5
86;2021-03-12;2205;436;40286;19999;9.2;4.6
86;2021-03-13;1445;101;41731;20100;9.5;4.6
86;2021-03-14;133;16;41864;20116;9.6;4.6
86;2021-03-15;784;159;42648;20275;9.8;4.6
86;2021-03-16;847;203;43495;20478;9.9;4.7
86;2021-03-17;786;205;44281;20683;10.1;4.7
86;2021-03-18;1005;99;45286;20782;10.4;4.8
86;2021-03-19;2141;323;47427;21105;10.8;4.8
86;2021-03-20;592;131;48019;21236;11.0;4.9
86;2021-03-21;10;0;48029;21236;11.0;4.9
86;2021-03-22;851;277;48880;21513;11.2;4.9
86;2021-03-23;2015;326;50895;21839;11.6;5.0
86;2021-03-24;1554;291;52449;22130;12.0;5.1
86;2021-03-25;2483;351;54932;22481;12.6;5.1
86;2021-03-26;3038;357;57970;22838;13.3;5.2
86;2021-03-27;731;143;58701;22981;13.4;5.3
86;2021-03-28;5;128;58706;23109;13.4;5.3
86;2021-03-29;1260;392;59966;23501;13.7;5.4
86;2021-03-30;2400;818;62366;24319;14.3;5.6
86;2021-03-31;1510;624;63876;24943;14.6;5.7
86;2021-04-01;2239;940;66115;25883;15.1;5.9
86;2021-04-02;1899;556;68014;26439;15.5;6.0
86;2021-04-03;826;324;68840;26763;15.7;6.1
86;2021-04-04;82;108;68922;26871;15.8;6.1
86;2021-04-05;314;4;69236;26875;15.8;6.1
86;2021-04-06;1533;958;70769;27833;16.2;6.4
86;2021-04-07;1633;628;72402;28461;16.6;6.5
86;2021-04-08;2567;763;74969;29224;17.1;6.7
86;2021-04-09;3251;648;78220;29872;17.9;6.8
86;2021-04-10;1663;191;79883;30063;18.3;6.9
86;2021-04-11;442;9;80325;30072;18.4;6.9
86;2021-04-12;821;765;81146;30837;18.6;7.1
86;2021-04-13;2449;940;83595;31777;19.1;7.3
86;2021-04-14;1871;873;85466;32650;19.5;7.5
86;2021-04-15;2275;725;87741;33375;20.1;7.6
86;2021-04-16;2467;1226;90208;34601;20.6;7.9
86;2021-04-17;1040;263;91248;34864;20.9;8.0
86;2021-04-18;119;3;91367;34867;20.9;8.0
86;2021-04-19;745;796;92112;35663;21.1;8.2
86;2021-04-20;2300;1501;94412;37164;21.6;8.5
86;2021-04-21;2108;1119;96520;38283;22.1;8.8
86;2021-04-22;2332;1444;98852;39727;22.6;9.1
86;2021-04-23;2394;1575;101246;41302;23.1;9.4
86;2021-04-24;1299;509;102545;41811;23.4;9.6
86;2021-04-25;825;26;103370;41837;23.6;9.6
86;2021-04-26;2079;891;105449;42728;24.1;9.8
86;2021-04-27;3152;1664;108601;44392;24.8;10.1
86;2021-04-28;3003;1522;111604;45914;25.5;10.5
86;2021-04-29;3555;1831;115159;47745;26.3;10.9
86;2021-04-30;2970;1478;118129;49223;27.0;11.3
86;2021-05-01;1579;197;119708;49420;27.4;11.3
86;2021-05-02;1280;44;120988;49464;27.7;11.3
86;2021-05-03;2562;1000;123550;50464;28.2;11.5
86;2021-05-04;3510;1899;127060;52363;29.0;12.0
86;2021-05-05;3990;1476;131050;53839;30.0;12.3
86;2021-05-06;4290;1654;135340;55493;30.9;12.7
86;2021-05-07;4045;1821;139385;57314;31.9;13.1
86;2021-05-08;1976;398;141361;57712;32.3;13.2
86;2021-05-09;1642;203;143003;57915;32.7;13.2
86;2021-05-10;1956;1174;144959;59089;33.1;13.5
86;2021-05-11;3605;2685;148564;61774;34.0;14.1
86;2021-05-12;2249;1648;150813;63422;34.5;14.5
86;2021-05-13;1686;297;152499;63719;34.9;14.6
86;2021-05-14;2099;792;154598;64511;35.3;14.7
86;2021-05-15;1467;503;156065;65014;35.7;14.9
86;2021-05-16;778;164;156843;65178;35.9;14.9
86;2021-05-17;3221;1062;160064;66240;36.6;15.1
86;2021-05-18;4305;1665;164369;67905;37.6;15.5
86;2021-05-19;3590;1434;167959;69339;38.4;15.9
86;2021-05-20;4376;1623;172335;70962;39.4;16.2
86;2021-05-21;3440;1772;175775;72734;40.2;16.6
86;2021-05-22;2076;662;177851;73396;40.7;16.8
86;2021-05-23;1439;183;179290;73579;41.0;16.8
86;2021-05-24;1848;202;181138;73781;41.4;16.9
86;2021-05-25;2849;1642;183987;75423;42.1;17.2
86;2021-05-26;2727;1525;186714;76948;42.7;17.6
86;2021-05-27;3544;1844;190258;78792;43.5;18.0
86;2021-05-28;2161;2540;192419;81332;44.0;18.6
86;2021-05-29;1527;1286;193946;82618;44.3;18.9
86;2021-05-30;935;132;194881;82750;44.6;18.9
86;2021-05-31;1921;1821;196802;84571;45.0;19.3
86;2021-06-01;2666;2594;199468;87165;45.6;19.9
86;2021-06-02;2301;2665;201769;89830;46.1;20.5
86;2021-06-03;3332;2413;205101;92243;46.9;21.1
86;2021-06-04;2237;2863;207338;95106;47.4;21.7
86;2021-06-05;1503;1578;208841;96684;47.7;22.1
86;2021-06-06;819;899;209660;97583;47.9;22.3
86;2021-06-07;1118;2464;210778;100047;48.2;22.9
86;2021-06-08;1990;3697;212768;103744;48.6;23.7
86;2021-06-09;1901;3318;214669;107062;49.1;24.5
86;2021-06-10;2350;3238;217019;110300;49.6;25.2
86;2021-06-11;1517;2791;218536;113091;50.0;25.9
86;2021-06-12;747;2248;219283;115339;50.1;26.4
86;2021-06-13;214;1477;219497;116816;50.2;26.7
86;2021-06-14;1160;2904;220657;119720;50.4;27.4
86;2021-06-15;1688;4261;222345;123981;50.8;28.3
86;2021-06-16;1808;3130;224153;127111;51.2;29.1
86;2021-06-17;1776;4446;225929;131557;51.7;30.1
86;2021-06-18;1885;4589;227814;136146;52.1;31.1
86;2021-06-19;635;2099;228449;138245;52.2;31.6
86;2021-06-20;174;1319;228623;139564;52.3;31.9
86;2021-06-21;1104;2240;229727;141804;52.5;32.4
86;2021-06-22;1297;3458;231024;145262;52.8;33.2
86;2021-06-23;1363;2401;232387;147663;53.1;33.8
86;2021-06-24;1590;2725;233977;150388;53.5;34.4
86;2021-06-25;1191;3551;235168;153939;53.8;35.2
86;2021-06-26;391;2652;235559;156591;53.9;35.8
86;2021-06-27;138;1634;235697;158225;53.9;36.2
86;2021-06-28;271;3343;235968;161568;53.9;36.9
86;2021-06-29;858;4605;236826;166173;54.1;38.0
86;2021-06-30;1048;2973;237874;169146;54.4;38.7
86;2021-07-01;1540;3004;239414;172150;54.7;39.4
86;2021-07-02;1108;3646;240522;175796;55.0;40.2
86;2021-07-03;516;2393;241038;178189;55.1;40.7
86;2021-07-04;116;1347;241154;179536;55.1;41.0
86;2021-07-05;468;2831;241622;182367;55.2;41.7
86;2021-07-06;989;4103;242611;186470;55.5;42.6
86;2021-07-07;1257;2629;243868;189099;55.8;43.2
86;2021-07-08;1615;3149;245483;192248;56.1;44.0
86;2021-07-09;1738;3082;247221;195330;56.5;44.7
86;2021-07-10;1296;1952;248517;197282;56.8;45.1
86;2021-07-11;481;841;248998;198123;56.9;45.3
86;2021-07-12;830;2403;249828;200526;57.1;45.8
86;2021-07-13;1773;3373;251601;203899;57.5;46.6
86;2021-07-14;766;1232;252367;205131;57.7;46.9
86;2021-07-15;1881;3295;254248;208426;58.1;47.7
86;2021-07-16;1665;2666;255913;211092;58.5;48.3
86;2021-07-17;1346;1601;257259;212693;58.8;48.6
86;2021-07-18;376;906;257635;213599;58.9;48.8
86;2021-07-19;1370;1886;259005;215485;59.2;49.3
86;2021-07-20;2336;2731;261341;218216;59.7;49.9
86;2021-07-21;2297;2155;263638;220371;60.3;50.4
86;2021-07-22;2889;2791;266527;223162;60.9;51.0
86;2021-07-23;2453;2160;268980;225322;61.5;51.5
86;2021-07-24;1538;1221;270518;226543;61.8;51.8
86;2021-07-25;713;322;271231;226865;62.0;51.9
86;2021-07-26;1584;2105;272815;228970;62.4;52.3
86;2021-07-27;3534;2754;276349;231724;63.2;53.0
86;2021-07-28;3257;2127;279606;233851;63.9;53.5
86;2021-07-29;3249;2539;282855;236390;64.7;54.0
86;2021-07-30;2231;2375;285086;238765;65.2;54.6
86;2021-07-31;1420;1056;286506;239821;65.5;54.8
86;2021-08-01;646;335;287152;240156;65.7;54.9
86;2021-08-02;1923;1676;289075;241832;66.1;55.3
86;2021-08-03;3266;1989;292341;243821;66.8;55.7
86;2021-08-04;2729;1782;295070;245603;67.5;56.2
86;2021-08-05;3543;2044;298613;247647;68.3;56.6
86;2021-08-06;2365;1749;300978;249396;68.8;57.0
86;2021-08-07;1568;992;302546;250388;69.2;57.2
86;2021-08-08;946;547;303492;250935;69.4;57.4
86;2021-08-09;1874;1298;305366;252233;69.8;57.7
86;2021-08-10;2667;1776;308033;254009;70.4;58.1
86;2021-08-11;2343;1426;310376;255435;71.0;58.4
87;2020-12-27;0;0;0;0;0.0;0.0
87;2020-12-28;1;0;1;0;0.0;0.0
87;2020-12-29;0;0;1;0;0.0;0.0
87;2020-12-30;0;0;1;0;0.0;0.0
87;2020-12-31;0;0;1;0;0.0;0.0
87;2021-01-01;0;0;1;0;0.0;0.0
87;2021-01-02;0;0;1;0;0.0;0.0
87;2021-01-03;0;0;1;0;0.0;0.0
87;2021-01-04;1;0;2;0;0.0;0.0
87;2021-01-05;1;0;3;0;0.0;0.0
87;2021-01-06;10;0;13;0;0.0;0.0
87;2021-01-07;301;0;314;0;0.1;0.0
87;2021-01-08;407;0;721;0;0.2;0.0
87;2021-01-09;64;0;785;0;0.2;0.0
87;2021-01-10;35;0;820;0;0.2;0.0
87;2021-01-11;424;0;1244;0;0.3;0.0
87;2021-01-12;651;0;1895;0;0.5;0.0
87;2021-01-13;659;3;2554;3;0.7;0.0
87;2021-01-14;517;12;3071;15;0.8;0.0
87;2021-01-15;533;3;3604;18;1.0;0.0
87;2021-01-16;203;1;3807;19;1.0;0.0
87;2021-01-17;1;0;3808;19;1.0;0.0
87;2021-01-18;645;4;4453;23;1.2;0.0
87;2021-01-19;654;1;5107;24;1.4;0.0
87;2021-01-20;674;3;5781;27;1.6;0.0
87;2021-01-21;716;1;6497;28;1.8;0.0
87;2021-01-22;758;4;7255;32;2.0;0.0
87;2021-01-23;285;0;7540;32;2.0;0.0
87;2021-01-24;0;0;7540;32;2.0;0.0
87;2021-01-25;620;10;8160;42;2.2;0.0
87;2021-01-26;570;53;8730;95;2.4;0.0
87;2021-01-27;572;40;9302;135;2.5;0.0
87;2021-01-28;857;109;10159;244;2.7;0.1
87;2021-01-29;740;272;10899;516;2.9;0.1
87;2021-01-30;327;75;11226;591;3.0;0.2
87;2021-01-31;34;71;11260;662;3.0;0.2
87;2021-02-01;413;310;11673;972;3.1;0.3
87;2021-02-02;452;482;12125;1454;3.3;0.4
87;2021-02-03;541;422;12666;1876;3.4;0.5
87;2021-02-04;613;594;13279;2470;3.6;0.7
87;2021-02-05;342;384;13621;2854;3.7;0.8
87;2021-02-06;51;154;13672;3008;3.7;0.8
87;2021-02-07;20;0;13692;3008;3.7;0.8
87;2021-02-08;245;446;13937;3454;3.8;0.9
87;2021-02-09;218;546;14155;4000;3.8;1.1
87;2021-02-10;261;626;14416;4626;3.9;1.2
87;2021-02-11;286;539;14702;5165;4.0;1.4
87;2021-02-12;284;555;14986;5720;4.0;1.5
87;2021-02-13;25;169;15011;5889;4.0;1.6
87;2021-02-14;0;3;15011;5892;4.0;1.6
87;2021-02-15;237;389;15248;6281;4.1;1.7
87;2021-02-16;329;330;15577;6611;4.2;1.8
87;2021-02-17;330;380;15907;6991;4.3;1.9
87;2021-02-18;475;646;16382;7637;4.4;2.1
87;2021-02-19;402;482;16784;8119;4.5;2.2
87;2021-02-20;123;197;16907;8316;4.6;2.2
87;2021-02-21;2;9;16909;8325;4.6;2.2
87;2021-02-22;438;576;17347;8901;4.7;2.4
87;2021-02-23;556;633;17903;9534;4.8;2.6
87;2021-02-24;450;600;18353;10134;4.9;2.7
87;2021-02-25;789;707;19142;10841;5.2;2.9
87;2021-02-26;840;477;19982;11318;5.4;3.1
87;2021-02-27;405;212;20387;11530;5.5;3.1
87;2021-02-28;3;0;20390;11530;5.5;3.1
87;2021-03-01;516;371;20906;11901;5.6;3.2
87;2021-03-02;1030;386;21936;12287;5.9;3.3
87;2021-03-03;1174;352;23110;12639;6.2;3.4
87;2021-03-04;1406;335;24516;12974;6.6;3.5
87;2021-03-05;1769;285;26285;13259;7.1;3.6
87;2021-03-06;1044;40;27329;13299;7.4;3.6
87;2021-03-07;257;5;27586;13304;7.4;3.6
87;2021-03-08;863;242;28449;13546;7.7;3.7
87;2021-03-09;1288;230;29737;13776;8.0;3.7
87;2021-03-10;1297;232;31034;14008;8.4;3.8
87;2021-03-11;1753;253;32787;14261;8.8;3.8
87;2021-03-12;2127;286;34914;14547;9.4;3.9
87;2021-03-13;1309;20;36223;14567;9.8;3.9
87;2021-03-14;80;1;36303;14568;9.8;3.9
87;2021-03-15;987;357;37290;14925;10.1;4.0
87;2021-03-16;1061;242;38351;15167;10.3;4.1
87;2021-03-17;1070;221;39421;15388;10.6;4.2
87;2021-03-18;1179;340;40600;15728;11.0;4.2
87;2021-03-19;1682;275;42282;16003;11.4;4.3
87;2021-03-20;923;85;43205;16088;11.7;4.3
87;2021-03-21;32;0;43237;16088;11.7;4.3
87;2021-03-22;1047;381;44284;16469;11.9;4.4
87;2021-03-23;1385;429;45669;16898;12.3;4.6
87;2021-03-24;1508;365;47177;17263;12.7;4.7
87;2021-03-25;2499;392;49676;17655;13.4;4.8
87;2021-03-26;2530;455;52206;18110;14.1;4.9
87;2021-03-27;889;125;53095;18235;14.3;4.9
87;2021-03-28;269;18;53364;18253;14.4;4.9
87;2021-03-29;1117;417;54481;18670;14.7;5.0
87;2021-03-30;1907;662;56388;19332;15.2;5.2
87;2021-03-31;1658;693;58046;20025;15.7;5.4
87;2021-04-01;2237;572;60283;20597;16.3;5.6
87;2021-04-02;1841;629;62124;21226;16.8;5.7
87;2021-04-03;456;265;62580;21491;16.9;5.8
87;2021-04-04;2;0;62582;21491;16.9;5.8
87;2021-04-05;82;1;62664;21492;16.9;5.8
87;2021-04-06;999;904;63663;22396;17.2;6.0
87;2021-04-07;1485;924;65148;23320;17.6;6.3
87;2021-04-08;1781;1032;66929;24352;18.1;6.6
87;2021-04-09;2644;737;69573;25089;18.8;6.8
87;2021-04-10;1191;306;70764;25395;19.1;6.8
87;2021-04-11;68;0;70832;25395;19.1;6.8
87;2021-04-12;1620;826;72452;26221;19.5;7.1
87;2021-04-13;2287;1059;74739;27280;20.2;7.4
87;2021-04-14;2525;1184;77264;28464;20.8;7.7
87;2021-04-15;2223;1072;79487;29536;21.4;8.0
87;2021-04-16;2735;1070;82222;30606;22.2;8.3
87;2021-04-17;731;386;82953;30992;22.4;8.4
87;2021-04-18;111;141;83064;31133;22.4;8.4
87;2021-04-19;1658;835;84722;31968;22.9;8.6
87;2021-04-20;2085;879;86807;32847;23.4;8.9
87;2021-04-21;2292;991;89099;33838;24.0;9.1
87;2021-04-22;2564;1156;91663;34994;24.7;9.4
87;2021-04-23;1994;1180;93657;36174;25.3;9.8
87;2021-04-24;825;618;94482;36792;25.5;9.9
87;2021-04-25;64;103;94546;36895;25.5;10.0
87;2021-04-26;1356;916;95902;37811;25.9;10.2
87;2021-04-27;2397;1205;98299;39016;26.5;10.5
87;2021-04-28;3867;1440;102166;40456;27.6;10.9
87;2021-04-29;3077;1840;105243;42296;28.4;11.4
87;2021-04-30;3173;1359;108416;43655;29.2;11.8
87;2021-05-01;613;57;109029;43712;29.4;11.8
87;2021-05-02;361;5;109390;43717;29.5;11.8
87;2021-05-03;2319;933;111709;44650;30.1;12.0
87;2021-05-04;2905;1071;114614;45721;30.9;12.3
87;2021-05-05;2989;1511;117603;47232;31.7;12.7
87;2021-05-06;2531;1722;120134;48954;32.4;13.2
87;2021-05-07;2945;1714;123079;50668;33.2;13.7
87;2021-05-08;771;293;123850;50961;33.4;13.7
87;2021-05-09;19;133;123869;51094;33.4;13.8
87;2021-05-10;1937;1604;125806;52698;33.9;14.2
87;2021-05-11;2466;1907;128272;54605;34.6;14.7
87;2021-05-12;2620;2065;130892;56670;35.3;15.3
87;2021-05-13;1085;292;131977;56962;35.6;15.4
87;2021-05-14;2244;1771;134221;58733;36.2;15.8
87;2021-05-15;950;406;135171;59139;36.5;16.0
87;2021-05-16;141;73;135312;59212;36.5;16.0
87;2021-05-17;1627;1760;136939;60972;36.9;16.4
87;2021-05-18;2635;1815;139574;62787;37.6;16.9
87;2021-05-19;2821;1552;142395;64339;38.4;17.4
87;2021-05-20;3305;1718;145700;66057;39.3;17.8
87;2021-05-21;2764;1837;148464;67894;40.0;18.3
87;2021-05-22;1457;629;149921;68523;40.4;18.5
87;2021-05-23;210;92;150131;68615;40.5;18.5
87;2021-05-24;1056;142;151187;68757;40.8;18.5
87;2021-05-25;2116;1812;153303;70569;41.3;19.0
87;2021-05-26;3221;2474;156524;73043;42.2;19.7
87;2021-05-27;3022;2353;159546;75396;43.0;20.3
87;2021-05-28;2670;2521;162216;77917;43.8;21.0
87;2021-05-29;1060;1315;163276;79232;44.0;21.4
87;2021-05-30;258;59;163534;79291;44.1;21.4
87;2021-05-31;2288;1359;165822;80650;44.7;21.8
87;2021-06-01;2549;1867;168371;82517;45.4;22.3
87;2021-06-02;2525;1856;170896;84373;46.1;22.8
87;2021-06-03;3210;2529;174106;86902;47.0;23.4
87;2021-06-04;2838;2058;176944;88960;47.7;24.0
87;2021-06-05;1311;576;178255;89536;48.1;24.1
87;2021-06-06;263;95;178518;89631;48.1;24.2
87;2021-06-07;2100;1901;180618;91532;48.7;24.7
87;2021-06-08;2932;2570;183550;94102;49.5;25.4
87;2021-06-09;2305;2813;185855;96915;50.1;26.1
87;2021-06-10;2975;2552;188830;99467;50.9;26.8
87;2021-06-11;2365;3072;191195;102539;51.6;27.7
87;2021-06-12;1221;1104;192416;103643;51.9;28.0
87;2021-06-13;292;484;192708;104127;52.0;28.1
87;2021-06-14;980;2731;193688;106858;52.2;28.8
87;2021-06-15;1363;3321;195051;110179;52.6;29.7
87;2021-06-16;1650;3422;196701;113601;53.1;30.6
87;2021-06-17;2437;2316;199138;115917;53.7;31.3
87;2021-06-18;1788;3016;200926;118933;54.2;32.1
87;2021-06-19;1046;1177;201972;120110;54.5;32.4
87;2021-06-20;205;205;202177;120315;54.5;32.4
87;2021-06-21;1041;2643;203218;122958;54.8;33.2
87;2021-06-22;1030;2883;204248;125841;55.1;33.9
87;2021-06-23;1257;3080;205505;128921;55.4;34.8
87;2021-06-24;1620;2556;207125;131477;55.9;35.5
87;2021-06-25;1446;2713;208571;134190;56.3;36.2
87;2021-06-26;529;1203;209100;135393;56.4;36.5
87;2021-06-27;26;212;209126;135605;56.4;36.6
87;2021-06-28;716;2572;209842;138177;56.6;37.3
87;2021-06-29;1156;3413;210998;141590;56.9;38.2
87;2021-06-30;1121;2650;212119;144240;57.2;38.9
87;2021-07-01;1479;2548;213598;146788;57.6;39.6
87;2021-07-02;1199;3461;214797;150249;57.9;40.5
87;2021-07-03;412;1510;215209;151759;58.0;40.9
87;2021-07-04;23;383;215232;152142;58.0;41.0
87;2021-07-05;686;2395;215918;154537;58.2;41.7
87;2021-07-06;582;3222;216500;157759;58.4;42.5
87;2021-07-07;862;3347;217362;161106;58.6;43.5
87;2021-07-08;1119;3665;218481;164771;58.9;44.4
87;2021-07-09;1109;3699;219590;168470;59.2;45.4
87;2021-07-10;285;1357;219875;169827;59.3;45.8
87;2021-07-11;49;284;219924;170111;59.3;45.9
87;2021-07-12;558;3192;220482;173303;59.5;46.7
87;2021-07-13;827;3517;221309;176820;59.7;47.7
87;2021-07-14;516;540;221825;177360;59.8;47.8
87;2021-07-15;1354;3462;223179;180822;60.2;48.8
87;2021-07-16;1725;3597;224904;184419;60.7;49.7
87;2021-07-17;651;1370;225555;185789;60.8;50.1
87;2021-07-18;81;284;225636;186073;60.9;50.2
87;2021-07-19;1427;3402;227063;189475;61.2;51.1
87;2021-07-20;1800;3593;228863;193068;61.7;52.1
87;2021-07-21;1445;3149;230308;196217;62.1;52.9
87;2021-07-22;1871;3252;232179;199469;62.6;53.8
87;2021-07-23;1864;3169;234043;202638;63.1;54.7
87;2021-07-24;810;1283;234853;203921;63.3;55.0
87;2021-07-25;105;241;234958;204162;63.4;55.1
87;2021-07-26;1533;2324;236491;206486;63.8;55.7
87;2021-07-27;2525;2058;239016;208544;64.5;56.2
87;2021-07-28;2388;1998;241404;210542;65.1;56.8
87;2021-07-29;2989;1987;244393;212529;65.9;57.3
87;2021-07-30;2529;2071;246922;214600;66.6;57.9
87;2021-07-31;1104;835;248026;215435;66.9;58.1
87;2021-08-01;282;149;248308;215584;67.0;58.1
87;2021-08-02;2105;1509;250413;217093;67.5;58.6
87;2021-08-03;2481;1327;252894;218420;68.2;58.9
87;2021-08-04;2304;1059;255198;219479;68.8;59.2
87;2021-08-05;2513;1400;257711;220879;69.5;59.6
87;2021-08-06;2127;1660;259838;222539;70.1;60.0
87;2021-08-07;1100;773;260938;223312;70.4;60.2
87;2021-08-08;206;123;261144;223435;70.4;60.3
87;2021-08-09;1813;1529;262957;224964;70.9;60.7
87;2021-08-10;2188;1530;265145;226494;71.5;61.1
87;2021-08-11;1902;1270;267047;227764;72.0;61.4
88;2020-12-27;0;0;0;0;0.0;0.0
88;2020-12-28;0;0;0;0;0.0;0.0
88;2020-12-29;0;0;0;0;0.0;0.0
88;2020-12-30;0;0;0;0;0.0;0.0
88;2020-12-31;0;0;0;0;0.0;0.0
88;2021-01-01;2;0;2;0;0.0;0.0
88;2021-01-02;0;0;2;0;0.0;0.0
88;2021-01-03;0;0;2;0;0.0;0.0
88;2021-01-04;0;0;2;0;0.0;0.0
88;2021-01-05;1;0;3;0;0.0;0.0
88;2021-01-06;3;0;6;0;0.0;0.0
88;2021-01-07;70;1;76;1;0.0;0.0
88;2021-01-08;189;2;265;3;0.1;0.0
88;2021-01-09;190;0;455;3;0.1;0.0
88;2021-01-10;0;0;455;3;0.1;0.0
88;2021-01-11;227;0;682;3;0.2;0.0
88;2021-01-12;422;0;1104;3;0.3;0.0
88;2021-01-13;491;2;1595;5;0.4;0.0
88;2021-01-14;345;2;1940;7;0.5;0.0
88;2021-01-15;379;2;2319;9;0.6;0.0
88;2021-01-16;62;0;2381;9;0.7;0.0
88;2021-01-17;0;0;2381;9;0.7;0.0
88;2021-01-18;460;0;2841;9;0.8;0.0
88;2021-01-19;451;0;3292;9;0.9;0.0
88;2021-01-20;461;1;3753;10;1.0;0.0
88;2021-01-21;1543;2;5296;12;1.5;0.0
88;2021-01-22;1179;1;6475;13;1.8;0.0
88;2021-01-23;284;0;6759;13;1.9;0.0
88;2021-01-24;298;2;7057;15;2.0;0.0
88;2021-01-25;938;3;7995;18;2.2;0.0
88;2021-01-26;388;6;8383;24;2.3;0.0
88;2021-01-27;3;0;8386;24;2.3;0.0
88;2021-01-28;162;37;8548;61;2.4;0.0
88;2021-01-29;526;163;9074;224;2.5;0.1
88;2021-01-30;288;127;9362;351;2.6;0.1
88;2021-01-31;0;0;9362;351;2.6;0.1
88;2021-02-01;406;283;9768;634;2.7;0.2
88;2021-02-02;333;364;10101;998;2.8;0.3
88;2021-02-03;437;241;10538;1239;2.9;0.3
88;2021-02-04;315;230;10853;1469;3.0;0.4
88;2021-02-05;457;251;11310;1720;3.1;0.5
88;2021-02-06;109;56;11419;1776;3.2;0.5
88;2021-02-07;0;0;11419;1776;3.2;0.5
88;2021-02-08;359;204;11778;1980;3.3;0.6
88;2021-02-09;291;288;12069;2268;3.4;0.6
88;2021-02-10;414;347;12483;2615;3.5;0.7
88;2021-02-11;849;1094;13332;3709;3.7;1.0
88;2021-02-12;938;703;14270;4412;4.0;1.2
88;2021-02-13;162;212;14432;4624;4.0;1.3
88;2021-02-14;81;216;14513;4840;4.0;1.3
88;2021-02-15;641;1075;15154;5915;4.2;1.6
88;2021-02-16;472;725;15626;6640;4.3;1.8
88;2021-02-17;456;439;16082;7079;4.5;2.0
88;2021-02-18;516;385;16598;7464;4.6;2.1
88;2021-02-19;535;462;17133;7926;4.8;2.2
88;2021-02-20;156;101;17289;8027;4.8;2.2
88;2021-02-21;1;25;17290;8052;4.8;2.2
88;2021-02-22;425;342;17715;8394;4.9;2.3
88;2021-02-23;402;232;18117;8626;5.0;2.4
88;2021-02-24;506;210;18623;8836;5.2;2.5
88;2021-02-25;675;283;19298;9119;5.4;2.5
88;2021-02-26;862;276;20160;9395;5.6;2.6
88;2021-02-27;267;34;20427;9429;5.7;2.6
88;2021-02-28;30;1;20457;9430;5.7;2.6
88;2021-03-01;359;465;20816;9895;5.8;2.8
88;2021-03-02;431;498;21247;10393;5.9;2.9
88;2021-03-03;649;464;21896;10857;6.1;3.0
88;2021-03-04;1039;754;22935;11611;6.4;3.2
88;2021-03-05;935;699;23870;12310;6.6;3.4
88;2021-03-06;1872;116;25742;12426;7.2;3.5
88;2021-03-07;1058;77;26800;12503;7.5;3.5
88;2021-03-08;726;688;27526;13191;7.7;3.7
88;2021-03-09;1095;535;28621;13726;8.0;3.8
88;2021-03-10;1079;494;29700;14220;8.3;4.0
88;2021-03-11;1442;399;31142;14619;8.7;4.1
88;2021-03-12;1309;488;32451;15107;9.0;4.2
88;2021-03-13;1210;127;33661;15234;9.4;4.2
88;2021-03-14;166;5;33827;15239;9.4;4.2
88;2021-03-15;930;447;34757;15686;9.7;4.4
88;2021-03-16;1024;343;35781;16029;10.0;4.5
88;2021-03-17;901;423;36682;16452;10.2;4.6
88;2021-03-18;1301;397;37983;16849;10.6;4.7
88;2021-03-19;1464;500;39447;17349;11.0;4.8
88;2021-03-20;1317;52;40764;17401;11.3;4.8
88;2021-03-21;37;0;40801;17401;11.3;4.8
88;2021-03-22;1231;544;42032;17945;11.7;5.0
88;2021-03-23;1781;439;43813;18384;12.2;5.1
88;2021-03-24;1874;469;45687;18853;12.7;5.2
88;2021-03-25;2500;485;48187;19338;13.4;5.4
88;2021-03-26;2480;454;50667;19792;14.1;5.5
88;2021-03-27;883;296;51550;20088;14.3;5.6
88;2021-03-28;60;4;51610;20092;14.4;5.6
88;2021-03-29;1305;442;52915;20534;14.7;5.7
88;2021-03-30;2061;391;54976;20925;15.3;5.8
88;2021-03-31;1619;577;56595;21502;15.7;6.0
88;2021-04-01;2116;714;58711;22216;16.3;6.2
88;2021-04-02;2815;638;61526;22854;17.1;6.4
88;2021-04-03;744;211;62270;23065;17.3;6.4
88;2021-04-04;16;1;62286;23066;17.3;6.4
88;2021-04-05;23;2;62309;23068;17.3;6.4
88;2021-04-06;1137;675;63446;23743;17.6;6.6
88;2021-04-07;1600;711;65046;24454;18.1;6.8
88;2021-04-08;1859;786;66905;25240;18.6;7.0
88;2021-04-09;3080;734;69985;25974;19.5;7.2
88;2021-04-10;724;648;70709;26622;19.7;7.4
88;2021-04-11;33;1;70742;26623;19.7;7.4
88;2021-04-12;1539;983;72281;27606;20.1;7.7
88;2021-04-13;2037;1092;74318;28698;20.7;8.0
88;2021-04-14;1910;950;76228;29648;21.2;8.2
88;2021-04-15;1967;1240;78195;30888;21.7;8.6
88;2021-04-16;2108;1050;80303;31938;22.3;8.9
88;2021-04-17;1429;766;81732;32704;22.7;9.1
88;2021-04-18;268;23;82000;32727;22.8;9.1
88;2021-04-19;1175;1236;83175;33963;23.1;9.4
88;2021-04-20;1190;1396;84365;35359;23.5;9.8
88;2021-04-21;1502;1298;85867;36657;23.9;10.2
88;2021-04-22;1898;1630;87765;38287;24.4;10.6
88;2021-04-23;1824;2040;89589;40327;24.9;11.2
88;2021-04-24;1184;781;90773;41108;25.2;11.4
88;2021-04-25;34;2;90807;41110;25.3;11.4
88;2021-04-26;1180;1171;91987;42281;25.6;11.8
88;2021-04-27;1278;1733;93265;44014;25.9;12.2
88;2021-04-28;1633;1494;94898;45508;26.4;12.7
88;2021-04-29;2082;1461;96980;46969;27.0;13.1
88;2021-04-30;2449;1626;99429;48595;27.7;13.5
88;2021-05-01;2006;274;101435;48869;28.2;13.6
88;2021-05-02;1301;122;102736;48991;28.6;13.6
88;2021-05-03;1558;1218;104294;50209;29.0;14.0
88;2021-05-04;1444;1465;105738;51674;29.4;14.4
88;2021-05-05;2427;1597;108165;53271;30.1;14.8
88;2021-05-06;3209;1209;111374;54480;31.0;15.2
88;2021-05-07;2938;1357;114312;55837;31.8;15.5
88;2021-05-08;1531;468;115843;56305;32.2;15.7
88;2021-05-09;1734;155;117577;56460;32.7;15.7
88;2021-05-10;1764;1572;119341;58032;33.2;16.1
88;2021-05-11;2658;1910;121999;59942;33.9;16.7
88;2021-05-12;2531;1852;124530;61794;34.6;17.2
88;2021-05-13;3258;674;127788;62468;35.5;17.4
88;2021-05-14;2501;1540;130289;64008;36.2;17.8
88;2021-05-15;1625;739;131914;64747;36.7;18.0
88;2021-05-16;1333;104;133247;64851;37.1;18.0
88;2021-05-17;1988;944;135235;65795;37.6;18.3
88;2021-05-18;2255;1110;137490;66905;38.2;18.6
88;2021-05-19;2724;1146;140214;68051;39.0;18.9
88;2021-05-20;3346;1234;143560;69285;39.9;19.3
88;2021-05-21;2875;1147;146435;70432;40.7;19.6
88;2021-05-22;1432;714;147867;71146;41.1;19.8
88;2021-05-23;557;74;148424;71220;41.3;19.8
88;2021-05-24;1675;428;150099;71648;41.7;19.9
88;2021-05-25;1646;1173;151745;72821;42.2;20.3
88;2021-05-26;2370;1137;154115;73958;42.9;20.6
88;2021-05-27;2201;1361;156316;75319;43.5;20.9
88;2021-05-28;1893;1991;158209;77310;44.0;21.5
88;2021-05-29;1232;1754;159441;79064;44.3;22.0
88;2021-05-30;587;417;160028;79481;44.5;22.1
88;2021-05-31;1326;1853;161354;81334;44.9;22.6
88;2021-06-01;1718;1988;163072;83322;45.4;23.2
88;2021-06-02;2077;1869;165149;85191;45.9;23.7
88;2021-06-03;2738;1617;167887;86808;46.7;24.1
88;2021-06-04;2044;1937;169931;88745;47.3;24.7
88;2021-06-05;1530;1139;171461;89884;47.7;25.0
88;2021-06-06;692;155;172153;90039;47.9;25.0
88;2021-06-07;1291;1707;173444;91746;48.2;25.5
88;2021-06-08;1665;1930;175109;93676;48.7;26.1
88;2021-06-09;1618;1907;176727;95583;49.2;26.6
88;2021-06-10;1779;2047;178506;97630;49.7;27.2
88;2021-06-11;1549;2216;180055;99846;50.1;27.8
88;2021-06-12;669;1657;180724;101503;50.3;28.2
88;2021-06-13;464;378;181188;101881;50.4;28.3
88;2021-06-14;1030;2245;182218;104126;50.7;29.0
88;2021-06-15;1927;2453;184145;106579;51.2;29.6
88;2021-06-16;1484;2870;185629;109449;51.6;30.4
88;2021-06-17;1598;2726;187227;112175;52.1;31.2
88;2021-06-18;1357;2458;188584;114633;52.5;31.9
88;2021-06-19;701;1090;189285;115723;52.6;32.2
88;2021-06-20;77;79;189362;115802;52.7;32.2
88;2021-06-21;672;2579;190034;118381;52.9;32.9
88;2021-06-22;869;3431;190903;121812;53.1;33.9
88;2021-06-23;1142;2878;192045;124690;53.4;34.7
88;2021-06-24;702;2602;192747;127292;53.6;35.4
88;2021-06-25;1436;3181;194183;130473;54.0;36.3
88;2021-06-26;903;2071;195086;132544;54.3;36.9
88;2021-06-27;543;634;195629;133178;54.4;37.0
88;2021-06-28;758;2508;196387;135686;54.6;37.7
88;2021-06-29;957;3355;197344;139041;54.9;38.7
88;2021-06-30;1136;3112;198480;142153;55.2;39.5
88;2021-07-01;1056;2686;199536;144839;55.5;40.3
88;2021-07-02;987;3144;200523;147983;55.8;41.2
88;2021-07-03;693;1698;201216;149681;56.0;41.6
88;2021-07-04;258;816;201474;150497;56.0;41.9
88;2021-07-05;992;2022;202466;152519;56.3;42.4
88;2021-07-06;1020;2415;203486;154934;56.6;43.1
88;2021-07-07;1179;2582;204665;157516;56.9;43.8
88;2021-07-08;1078;2061;205743;159577;57.2;44.4
88;2021-07-09;1583;2702;207326;162279;57.7;45.1
88;2021-07-10;715;1818;208041;164097;57.9;45.6
88;2021-07-11;467;696;208508;164793;58.0;45.8
88;2021-07-12;1051;2518;209559;167311;58.3;46.5
88;2021-07-13;1311;2652;210870;169963;58.7;47.3
88;2021-07-14;1197;799;212067;170762;59.0;47.5
88;2021-07-15;1740;3318;213807;174080;59.5;48.4
88;2021-07-16;1470;2964;215277;177044;59.9;49.2
88;2021-07-17;798;1589;216075;178633;60.1;49.7
88;2021-07-18;180;680;216255;179313;60.2;49.9
88;2021-07-19;1559;2237;217814;181550;60.6;50.5
88;2021-07-20;2141;2395;219955;183945;61.2;51.2
88;2021-07-21;1934;2223;221889;186168;61.7;51.8
88;2021-07-22;1696;2110;223585;188278;62.2;52.4
88;2021-07-23;2499;2781;226084;191059;62.9;53.1
88;2021-07-24;1057;1184;227141;192243;63.2;53.5
88;2021-07-25;431;608;227572;192851;63.3;53.6
88;2021-07-26;1709;2067;229281;194918;63.8;54.2
88;2021-07-27;2342;2055;231623;196973;64.4;54.8
88;2021-07-28;2202;2248;233825;199221;65.0;55.4
88;2021-07-29;3010;1627;236835;200848;65.9;55.9
88;2021-07-30;2265;2286;239100;203134;66.5;56.5
88;2021-07-31;1095;1034;240195;204168;66.8;56.8
88;2021-08-01;442;461;240637;204629;66.9;56.9
88;2021-08-02;2362;1764;242999;206393;67.6;57.4
88;2021-08-03;2865;1576;245864;207969;68.4;57.8
88;2021-08-04;2513;1522;248377;209491;69.1;58.3
88;2021-08-05;1984;1373;250361;210864;69.6;58.7
88;2021-08-06;2912;2004;253273;212868;70.4;59.2
88;2021-08-07;1171;912;254444;213780;70.8;59.5
88;2021-08-08;750;316;255194;214096;71.0;59.6
88;2021-08-09;1544;1641;256738;215737;71.4;60.0
88;2021-08-10;1929;2052;258667;217789;71.9;60.6
88;2021-08-11;1855;1734;260522;219523;72.5;61.1
89;2020-12-27;0;0;0;0;0.0;0.0
89;2020-12-28;0;0;0;0;0.0;0.0
89;2020-12-29;0;0;0;0;0.0;0.0
89;2020-12-30;0;0;0;0;0.0;0.0
89;2020-12-31;0;0;0;0;0.0;0.0
89;2021-01-01;0;0;0;0;0.0;0.0
89;2021-01-02;0;0;0;0;0.0;0.0
89;2021-01-03;0;0;0;0;0.0;0.0
89;2021-01-04;0;0;0;0;0.0;0.0
89;2021-01-05;0;0;0;0;0.0;0.0
89;2021-01-06;48;0;48;0;0.0;0.0
89;2021-01-07;201;0;249;0;0.1;0.0
89;2021-01-08;48;0;297;0;0.1;0.0
89;2021-01-09;1;0;298;0;0.1;0.0
89;2021-01-10;0;0;298;0;0.1;0.0
89;2021-01-11;220;0;518;0;0.2;0.0
89;2021-01-12;349;0;867;0;0.3;0.0
89;2021-01-13;533;3;1400;3;0.4;0.0
89;2021-01-14;708;7;2108;10;0.6;0.0
89;2021-01-15;275;2;2383;12;0.7;0.0
89;2021-01-16;90;3;2473;15;0.7;0.0
89;2021-01-17;0;0;2473;15;0.7;0.0
89;2021-01-18;503;1;2976;16;0.9;0.0
89;2021-01-19;840;3;3816;19;1.1;0.0
89;2021-01-20;760;1;4576;20;1.4;0.0
89;2021-01-21;939;4;5515;24;1.7;0.0
89;2021-01-22;1017;1;6532;25;2.0;0.0
89;2021-01-23;200;0;6732;25;2.0;0.0
89;2021-01-24;106;0;6838;25;2.1;0.0
89;2021-01-25;482;4;7320;29;2.2;0.0
89;2021-01-26;581;13;7901;42;2.4;0.0
89;2021-01-27;472;38;8373;80;2.5;0.0
89;2021-01-28;550;127;8923;207;2.7;0.1
89;2021-01-29;957;43;9880;250;3.0;0.1
89;2021-01-30;184;67;10064;317;3.0;0.1
89;2021-01-31;24;2;10088;319;3.0;0.1
89;2021-02-01;255;153;10343;472;3.1;0.1
89;2021-02-02;282;338;10625;810;3.2;0.2
89;2021-02-03;292;344;10917;1154;3.3;0.3
89;2021-02-04;433;595;11350;1749;3.4;0.5
89;2021-02-05;387;201;11737;1950;3.5;0.6
89;2021-02-06;77;66;11814;2016;3.6;0.6
89;2021-02-07;0;0;11814;2016;3.6;0.6
89;2021-02-08;288;188;12102;2204;3.6;0.7
89;2021-02-09;285;443;12387;2647;3.7;0.8
89;2021-02-10;396;313;12783;2960;3.8;0.9
89;2021-02-11;333;551;13116;3511;3.9;1.1
89;2021-02-12;432;599;13548;4110;4.1;1.2
89;2021-02-13;52;130;13600;4240;4.1;1.3
89;2021-02-14;20;116;13620;4356;4.1;1.3
89;2021-02-15;218;409;13838;4765;4.2;1.4
89;2021-02-16;133;536;13971;5301;4.2;1.6
89;2021-02-17;262;438;14233;5739;4.3;1.7
89;2021-02-18;225;557;14458;6296;4.4;1.9
89;2021-02-19;243;653;14701;6949;4.4;2.1
89;2021-02-20;33;140;14734;7089;4.4;2.1
89;2021-02-21;0;10;14734;7099;4.4;2.1
89;2021-02-22;233;451;14967;7550;4.5;2.3
89;2021-02-23;171;471;15138;8021;4.6;2.4
89;2021-02-24;340;389;15478;8410;4.7;2.5
89;2021-02-25;369;465;15847;8875;4.8;2.7
89;2021-02-26;384;337;16231;9212;4.9;2.8
89;2021-02-27;137;81;16368;9293;4.9;2.8
89;2021-02-28;6;13;16374;9306;4.9;2.8
89;2021-03-01;541;238;16915;9544;5.1;2.9
89;2021-03-02;752;343;17667;9887;5.3;3.0
89;2021-03-03;647;276;18314;10163;5.5;3.1
89;2021-03-04;633;379;18947;10542;5.7;3.2
89;2021-03-05;730;504;19677;11046;5.9;3.3
89;2021-03-06;549;131;20226;11177;6.1;3.4
89;2021-03-07;288;40;20514;11217;6.2;3.4
89;2021-03-08;558;324;21072;11541;6.3;3.5
89;2021-03-09;997;270;22069;11811;6.6;3.6
89;2021-03-10;979;254;23048;12065;6.9;3.6
89;2021-03-11;1073;300;24121;12365;7.3;3.7
89;2021-03-12;1281;333;25402;12698;7.6;3.8
89;2021-03-13;635;43;26037;12741;7.8;3.8
89;2021-03-14;1;0;26038;12741;7.8;3.8
89;2021-03-15;815;311;26853;13052;8.1;3.9
89;2021-03-16;948;220;27801;13272;8.4;4.0
89;2021-03-17;918;267;28719;13539;8.6;4.1
89;2021-03-18;882;254;29601;13793;8.9;4.2
89;2021-03-19;1149;193;30750;13986;9.3;4.2
89;2021-03-20;844;26;31594;14012;9.5;4.2
89;2021-03-21;173;5;31767;14017;9.6;4.2
89;2021-03-22;1044;222;32811;14239;9.9;4.3
89;2021-03-23;1740;256;34551;14495;10.4;4.4
89;2021-03-24;1968;325;36519;14820;11.0;4.5
89;2021-03-25;1818;170;38337;14990;11.5;4.5
89;2021-03-26;2626;183;40963;15173;12.3;4.6
89;2021-03-27;1774;48;42737;15221;12.9;4.6
89;2021-03-28;32;3;42769;15224;12.9;4.6
89;2021-03-29;963;581;43732;15805;13.2;4.8
89;2021-03-30;1153;567;44885;16372;13.5;4.9
89;2021-03-31;2005;472;46890;16844;14.1;5.1
89;2021-04-01;2119;457;49009;17301;14.8;5.2
89;2021-04-02;2139;446;51148;17747;15.4;5.3
89;2021-04-03;1003;242;52151;17989;15.7;5.4
89;2021-04-04;16;1;52167;17990;15.7;5.4
89;2021-04-05;92;2;52259;17992;15.7;5.4
89;2021-04-06;1033;755;53292;18747;16.0;5.6
89;2021-04-07;1031;805;54323;19552;16.4;5.9
89;2021-04-08;1730;724;56053;20276;16.9;6.1
89;2021-04-09;2161;731;58214;21007;17.5;6.3
89;2021-04-10;891;180;59105;21187;17.8;6.4
89;2021-04-11;37;51;59142;21238;17.8;6.4
89;2021-04-12;1014;793;60156;22031;18.1;6.6
89;2021-04-13;1357;1077;61513;23108;18.5;7.0
89;2021-04-14;1211;1037;62724;24145;18.9;7.3
89;2021-04-15;1415;944;64139;25089;19.3;7.6
89;2021-04-16;1329;939;65468;26028;19.7;7.8
89;2021-04-17;1067;455;66535;26483;20.0;8.0
89;2021-04-18;27;154;66562;26637;20.0;8.0
89;2021-04-19;749;1030;67311;27667;20.3;8.3
89;2021-04-20;1018;1532;68329;29199;20.6;8.8
89;2021-04-21;814;1103;69143;30302;20.8;9.1
89;2021-04-22;1107;1168;70250;31470;21.2;9.5
89;2021-04-23;1823;1966;72073;33436;21.7;10.1
89;2021-04-24;1172;1176;73245;34612;22.1;10.4
89;2021-04-25;139;6;73384;34618;22.1;10.4
89;2021-04-26;1501;774;74885;35392;22.5;10.7
89;2021-04-27;1732;1055;76617;36447;23.1;11.0
89;2021-04-28;1590;1852;78207;38299;23.5;11.5
89;2021-04-29;1970;1912;80177;40211;24.1;12.1
89;2021-04-30;1806;1763;81983;41974;24.7;12.6
89;2021-05-01;846;722;82829;42696;24.9;12.9
89;2021-05-02;133;31;82962;42727;25.0;12.9
89;2021-05-03;1605;760;84567;43487;25.5;13.1
89;2021-05-04;1620;1128;86187;44615;26.0;13.4
89;2021-05-05;2320;1266;88507;45881;26.7;13.8
89;2021-05-06;2412;1376;90919;47257;27.4;14.2
89;2021-05-07;2721;1316;93640;48573;28.2;14.6
89;2021-05-08;1786;534;95426;49107;28.7;14.8
89;2021-05-09;196;18;95622;49125;28.8;14.8
89;2021-05-10;1200;965;96822;50090;29.2;15.1
89;2021-05-11;2491;1460;99313;51550;29.9;15.5
89;2021-05-12;2059;1217;101372;52767;30.5;15.9
89;2021-05-13;414;333;101786;53100;30.6;16.0
89;2021-05-14;1877;1094;103663;54194;31.2;16.3
89;2021-05-15;2248;393;105911;54587;31.9;16.4
89;2021-05-16;10;35;105921;54622;31.9;16.4
89;2021-05-17;2091;636;108012;55258;32.5;16.6
89;2021-05-18;2323;827;110335;56085;33.2;16.9
89;2021-05-19;2860;881;113195;56966;34.1;17.2
89;2021-05-20;2928;886;116123;57852;35.0;17.4
89;2021-05-21;2480;878;118603;58730;35.7;17.7
89;2021-05-22;1429;570;120032;59300;36.1;17.9
89;2021-05-23;108;10;120140;59310;36.2;17.9
89;2021-05-24;286;223;120426;59533;36.3;17.9
89;2021-05-25;1558;983;121984;60516;36.7;18.2
89;2021-05-26;1817;1020;123801;61536;37.3;18.5
89;2021-05-27;2118;1353;125919;62889;37.9;18.9
89;2021-05-28;2143;1423;128062;64312;38.6;19.4
89;2021-05-29;540;658;128602;64970;38.7;19.6
89;2021-05-30;25;22;128627;64992;38.7;19.6
89;2021-05-31;1248;968;129875;65960;39.1;19.9
89;2021-06-01;1506;982;131381;66942;39.6;20.2
89;2021-06-02;1949;1280;133330;68222;40.1;20.5
89;2021-06-03;2426;1522;135756;69744;40.9;21.0
89;2021-06-04;2143;1886;137899;71630;41.5;21.6
89;2021-06-05;1184;1224;139083;72854;41.9;21.9
89;2021-06-06;22;37;139105;72891;41.9;21.9
89;2021-06-07;2109;1447;141214;74338;42.5;22.4
89;2021-06-08;2196;1453;143410;75791;43.2;22.8
89;2021-06-09;2321;1507;145731;77298;43.9;23.3
89;2021-06-10;2790;1600;148521;78898;44.7;23.8
89;2021-06-11;1947;1747;150468;80645;45.3;24.3
89;2021-06-12;1103;757;151571;81402;45.6;24.5
89;2021-06-13;155;424;151726;81826;45.7;24.6
89;2021-06-14;1310;1821;153036;83647;46.1;25.2
89;2021-06-15;1402;2012;154438;85659;46.5;25.8
89;2021-06-16;1129;2582;155567;88241;46.8;26.6
89;2021-06-17;1430;2337;156997;90578;47.3;27.3
89;2021-06-18;1623;2876;158620;93454;47.8;28.1
89;2021-06-19;686;1662;159306;95116;48.0;28.6
89;2021-06-20;54;127;159360;95243;48.0;28.7
89;2021-06-21;759;1528;160119;96771;48.2;29.1
89;2021-06-22;1048;2679;161167;99450;48.5;29.9
89;2021-06-23;1156;1796;162323;101246;48.9;30.5
89;2021-06-24;1077;1494;163400;102740;49.2;30.9
89;2021-06-25;1007;2428;164407;105168;49.5;31.7
89;2021-06-26;561;2480;164968;107648;49.7;32.4
89;2021-06-27;14;28;164982;107676;49.7;32.4
89;2021-06-28;1033;2493;166015;110169;50.0;33.2
89;2021-06-29;687;2404;166702;112573;50.2;33.9
89;2021-06-30;1084;3178;167786;115751;50.5;34.9
89;2021-07-01;1021;2984;168807;118735;50.8;35.8
89;2021-07-02;1104;2746;169911;121481;51.2;36.6
89;2021-07-03;554;1572;170465;123053;51.3;37.1
89;2021-07-04;11;36;170476;123089;51.3;37.1
89;2021-07-05;1293;1837;171769;124926;51.7;37.6
89;2021-07-06;1050;2309;172819;127235;52.0;38.3
89;2021-07-07;666;1786;173485;129021;52.2;38.9
89;2021-07-08;790;1870;174275;130891;52.5;39.4
89;2021-07-09;1131;2605;175406;133496;52.8;40.2
89;2021-07-10;717;814;176123;134310;53.0;40.4
89;2021-07-11;25;39;176148;134349;53.0;40.5
89;2021-07-12;1423;1900;177571;136249;53.5;41.0
89;2021-07-13;2128;2744;179699;138993;54.1;41.9
89;2021-07-14;312;325;180011;139318;54.2;42.0
89;2021-07-15;2231;3167;182242;142485;54.9;42.9
89;2021-07-16;2386;2857;184628;145342;55.6;43.8
89;2021-07-17;1231;1227;185859;146569;56.0;44.1
89;2021-07-18;276;96;186135;146665;56.0;44.2
89;2021-07-19;1562;2814;187697;149479;56.5;45.0
89;2021-07-20;1919;3281;189616;152760;57.1;46.0
89;2021-07-21;2075;2721;191691;155481;57.7;46.8
89;2021-07-22;2464;2990;194155;158471;58.5;47.7
89;2021-07-23;2462;3100;196617;161571;59.2;48.7
89;2021-07-24;1231;1250;197848;162821;59.6;49.0
89;2021-07-25;68;184;197916;163005;59.6;49.1
89;2021-07-26;1709;2320;199625;165325;60.1;49.8
89;2021-07-27;2324;1905;201949;167230;60.8;50.4
89;2021-07-28;2511;1333;204460;168563;61.6;50.8
89;2021-07-29;2507;1615;206967;170178;62.3;51.2
89;2021-07-30;2657;1615;209624;171793;63.1;51.7
89;2021-07-31;1118;1073;210742;172866;63.5;52.1
89;2021-08-01;69;33;210811;172899;63.5;52.1
89;2021-08-02;1773;1279;212584;174178;64.0;52.4
89;2021-08-03;2451;1246;215035;175424;64.8;52.8
89;2021-08-04;1519;1641;216554;177065;65.2;53.3
89;2021-08-05;1527;1684;218081;178749;65.7;53.8
89;2021-08-06;2156;1643;220237;180392;66.3;54.3
89;2021-08-07;923;1089;221160;181481;66.6;54.6
89;2021-08-08;54;46;221214;181527;66.6;54.7
89;2021-08-09;1087;1169;222301;182696;66.9;55.0
89;2021-08-10;1760;1805;224061;184501;67.5;55.6
89;2021-08-11;1500;1569;225561;186070;67.9;56.0
90;2020-12-27;0;0;0;0;0.0;0.0
90;2020-12-28;0;0;0;0;0.0;0.0
90;2020-12-29;0;0;0;0;0.0;0.0
90;2020-12-30;1;0;1;0;0.0;0.0
90;2020-12-31;0;0;1;0;0.0;0.0
90;2021-01-01;0;0;1;0;0.0;0.0
90;2021-01-02;1;0;2;0;0.0;0.0
90;2021-01-03;0;0;2;0;0.0;0.0
90;2021-01-04;2;0;4;0;0.0;0.0
90;2021-01-05;0;0;4;0;0.0;0.0
90;2021-01-06;0;0;4;0;0.0;0.0
90;2021-01-07;1;0;5;0;0.0;0.0
90;2021-01-08;170;0;175;0;0.1;0.0
90;2021-01-09;46;0;221;0;0.2;0.0
90;2021-01-10;0;0;221;0;0.2;0.0
90;2021-01-11;200;0;421;0;0.3;0.0
90;2021-01-12;430;0;851;0;0.6;0.0
90;2021-01-13;468;3;1319;3;0.9;0.0
90;2021-01-14;414;1;1733;4;1.2;0.0
90;2021-01-15;405;9;2138;13;1.5;0.0
90;2021-01-16;111;2;2249;15;1.6;0.0
90;2021-01-17;1;0;2250;15;1.6;0.0
90;2021-01-18;364;2;2614;17;1.9;0.0
90;2021-01-19;461;5;3075;22;2.2;0.0
90;2021-01-20;392;2;3467;24;2.5;0.0
90;2021-01-21;349;1;3816;25;2.7;0.0
90;2021-01-22;346;2;4162;27;3.0;0.0
90;2021-01-23;98;0;4260;27;3.0;0.0
90;2021-01-24;0;0;4260;27;3.0;0.0
90;2021-01-25;322;3;4582;30;3.3;0.0
90;2021-01-26;224;0;4806;30;3.4;0.0
90;2021-01-27;254;0;5060;30;3.6;0.0
90;2021-01-28;328;33;5388;63;3.8;0.0
90;2021-01-29;291;163;5679;226;4.1;0.2
90;2021-01-30;176;45;5855;271;4.2;0.2
90;2021-01-31;118;0;5973;271;4.3;0.2
90;2021-02-01;275;112;6248;383;4.5;0.3
90;2021-02-02;290;163;6538;546;4.7;0.4
90;2021-02-03;256;368;6794;914;4.8;0.7
90;2021-02-04;257;302;7051;1216;5.0;0.9
90;2021-02-05;266;271;7317;1487;5.2;1.1
90;2021-02-06;89;68;7406;1555;5.3;1.1
90;2021-02-07;0;0;7406;1555;5.3;1.1
90;2021-02-08;170;218;7576;1773;5.4;1.3
90;2021-02-09;139;166;7715;1939;5.5;1.4
90;2021-02-10;182;30;7897;1969;5.6;1.4
90;2021-02-11;228;109;8125;2078;5.8;1.5
90;2021-02-12;126;239;8251;2317;5.9;1.7
90;2021-02-13;95;45;8346;2362;6.0;1.7
90;2021-02-14;0;0;8346;2362;6.0;1.7
90;2021-02-15;113;280;8459;2642;6.0;1.9
90;2021-02-16;92;276;8551;2918;6.1;2.1
90;2021-02-17;178;205;8729;3123;6.2;2.2
90;2021-02-18;129;242;8858;3365;6.3;2.4
90;2021-02-19;64;272;8922;3637;6.4;2.6
90;2021-02-20;40;72;8962;3709;6.4;2.6
90;2021-02-21;0;0;8962;3709;6.4;2.6
90;2021-02-22;77;333;9039;4042;6.4;2.9
90;2021-02-23;40;259;9079;4301;6.5;3.1
90;2021-02-24;109;289;9188;4590;6.6;3.3
90;2021-02-25;89;313;9277;4903;6.6;3.5
90;2021-02-26;89;396;9366;5299;6.7;3.8
90;2021-02-27;140;178;9506;5477;6.8;3.9
90;2021-02-28;8;113;9514;5590;6.8;4.0
90;2021-03-01;212;233;9726;5823;6.9;4.2
90;2021-03-02;178;285;9904;6108;7.1;4.4
90;2021-03-03;239;355;10143;6463;7.2;4.6
90;2021-03-04;259;277;10402;6740;7.4;4.8
90;2021-03-05;359;270;10761;7010;7.7;5.0
90;2021-03-06;291;104;11052;7114;7.9;5.1
90;2021-03-07;18;1;11070;7115;7.9;5.1
90;2021-03-08;246;246;11316;7361;8.1;5.3
90;2021-03-09;428;163;11744;7524;8.4;5.4
90;2021-03-10;348;197;12092;7721;8.6;5.5
90;2021-03-11;348;119;12440;7840;8.9;5.6
90;2021-03-12;519;128;12959;7968;9.2;5.7
90;2021-03-13;539;47;13498;8015;9.6;5.7
90;2021-03-14;21;0;13519;8015;9.6;5.7
90;2021-03-15;387;117;13906;8132;9.9;5.8
90;2021-03-16;401;99;14307;8231;10.2;5.9
90;2021-03-17;323;75;14630;8306;10.4;5.9
90;2021-03-18;348;78;14978;8384;10.7;6.0
90;2021-03-19;468;78;15446;8462;11.0;6.0
90;2021-03-20;426;48;15872;8510;11.3;6.1
90;2021-03-21;7;2;15879;8512;11.3;6.1
90;2021-03-22;399;29;16278;8541;11.6;6.1
90;2021-03-23;738;73;17016;8614;12.1;6.1
90;2021-03-24;816;45;17832;8659;12.7;6.2
90;2021-03-25;945;74;18777;8733;13.4;6.2
90;2021-03-26;1227;60;20004;8793;14.3;6.3
90;2021-03-27;437;33;20441;8826;14.6;6.3
90;2021-03-28;34;0;20475;8826;14.6;6.3
90;2021-03-29;712;142;21187;8968;15.1;6.4
90;2021-03-30;674;153;21861;9121;15.6;6.5
90;2021-03-31;728;81;22589;9202;16.1;6.6
90;2021-04-01;601;117;23190;9319;16.5;6.6
90;2021-04-02;657;97;23847;9416;17.0;6.7
90;2021-04-03;370;40;24217;9456;17.3;6.7
90;2021-04-04;1;0;24218;9456;17.3;6.7
90;2021-04-05;0;0;24218;9456;17.3;6.7
90;2021-04-06;528;250;24746;9706;17.7;6.9
90;2021-04-07;484;262;25230;9968;18.0;7.1
90;2021-04-08;510;244;25740;10212;18.4;7.3
90;2021-04-09;752;265;26492;10477;18.9;7.5
90;2021-04-10;223;8;26715;10485;19.1;7.5
90;2021-04-11;7;0;26722;10485;19.1;7.5
90;2021-04-12;551;479;27273;10964;19.5;7.8
90;2021-04-13;631;529;27904;11493;19.9;8.2
90;2021-04-14;527;352;28431;11845;20.3;8.5
90;2021-04-15;905;287;29336;12132;20.9;8.7
90;2021-04-16;370;404;29706;12536;21.2;8.9
90;2021-04-17;189;127;29895;12663;21.3;9.0
90;2021-04-18;21;0;29916;12663;21.3;9.0
90;2021-04-19;435;569;30351;13232;21.7;9.4
90;2021-04-20;494;620;30845;13852;22.0;9.9
90;2021-04-21;353;497;31198;14349;22.3;10.2
90;2021-04-22;568;601;31766;14950;22.7;10.7
90;2021-04-23;505;744;32271;15694;23.0;11.2
90;2021-04-24;306;202;32577;15896;23.2;11.3
90;2021-04-25;1;0;32578;15896;23.2;11.3
90;2021-04-26;508;751;33086;16647;23.6;11.9
90;2021-04-27;641;680;33727;17327;24.1;12.4
90;2021-04-28;765;445;34492;17772;24.6;12.7
90;2021-04-29;1003;450;35495;18222;25.3;13.0
90;2021-04-30;1120;458;36615;18680;26.1;13.3
90;2021-05-01;60;42;36675;18722;26.2;13.4
90;2021-05-02;4;0;36679;18722;26.2;13.4
90;2021-05-03;903;286;37582;19008;26.8;13.6
90;2021-05-04;784;638;38366;19646;27.4;14.0
90;2021-05-05;892;505;39258;20151;28.0;14.4
90;2021-05-06;853;627;40111;20778;28.6;14.8
90;2021-05-07;440;510;40551;21288;28.9;15.2
90;2021-05-08;26;27;40577;21315;29.0;15.2
90;2021-05-09;5;33;40582;21348;29.0;15.2
90;2021-05-10;506;585;41088;21933;29.3;15.7
90;2021-05-11;778;635;41866;22568;29.9;16.1
90;2021-05-12;530;598;42396;23166;30.3;16.5
90;2021-05-13;1113;263;43509;23429;31.0;16.7
90;2021-05-14;865;402;44374;23831;31.7;17.0
90;2021-05-15;14;125;44388;23956;31.7;17.1
90;2021-05-16;2;7;44390;23963;31.7;17.1
90;2021-05-17;793;289;45183;24252;32.2;17.3
90;2021-05-18;1023;470;46206;24722;33.0;17.6
90;2021-05-19;1265;384;47471;25106;33.9;17.9
90;2021-05-20;1200;269;48671;25375;34.7;18.1
90;2021-05-21;1265;431;49936;25806;35.6;18.4
90;2021-05-22;9;131;49945;25937;35.6;18.5
90;2021-05-23;4;0;49949;25937;35.6;18.5
90;2021-05-24;368;266;50317;26203;35.9;18.7
90;2021-05-25;637;792;50954;26995;36.4;19.3
90;2021-05-26;631;567;51585;27562;36.8;19.7
90;2021-05-27;962;381;52547;27943;37.5;19.9
90;2021-05-28;669;827;53216;28770;38.0;20.5
90;2021-05-29;93;296;53309;29066;38.0;20.7
90;2021-05-30;4;1;53313;29067;38.0;20.7
90;2021-05-31;809;714;54122;29781;38.6;21.3
90;2021-06-01;968;740;55090;30521;39.3;21.8
90;2021-06-02;760;675;55850;31196;39.9;22.3
90;2021-06-03;758;743;56608;31939;40.4;22.8
90;2021-06-04;833;973;57441;32912;41.0;23.5
90;2021-06-05;53;426;57494;33338;41.0;23.8
90;2021-06-06;1;16;57495;33354;41.0;23.8
90;2021-06-07;1265;1081;58760;34435;41.9;24.6
90;2021-06-08;1481;935;60241;35370;43.0;25.2
90;2021-06-09;965;658;61206;36028;43.7;25.7
90;2021-06-10;625;496;61831;36524;44.1;26.1
90;2021-06-11;787;1126;62618;37650;44.7;26.9
90;2021-06-12;806;298;63424;37948;45.3;27.1
90;2021-06-13;10;12;63434;37960;45.3;27.1
90;2021-06-14;260;973;63694;38933;45.4;27.8
90;2021-06-15;565;879;64259;39812;45.9;28.4
90;2021-06-16;506;547;64765;40359;46.2;28.8
90;2021-06-17;439;637;65204;40996;46.5;29.3
90;2021-06-18;609;995;65813;41991;47.0;30.0
90;2021-06-19;449;169;66262;42160;47.3;30.1
90;2021-06-20;0;28;66262;42188;47.3;30.1
90;2021-06-21;255;1178;66517;43366;47.5;30.9
90;2021-06-22;383;950;66900;44316;47.7;31.6
90;2021-06-23;413;634;67313;44950;48.0;32.1
90;2021-06-24;317;602;67630;45552;48.3;32.5
90;2021-06-25;425;1272;68055;46824;48.6;33.4
90;2021-06-26;420;561;68475;47385;48.9;33.8
90;2021-06-27;2;6;68477;47391;48.9;33.8
90;2021-06-28;377;1297;68854;48688;49.1;34.7
90;2021-06-29;305;1305;69159;49993;49.3;35.7
90;2021-06-30;486;1230;69645;51223;49.7;36.6
90;2021-07-01;346;920;69991;52143;49.9;37.2
90;2021-07-02;506;1206;70497;53349;50.3;38.1
90;2021-07-03;50;129;70547;53478;50.3;38.2
90;2021-07-04;0;21;70547;53499;50.3;38.2
90;2021-07-05;398;1014;70945;54513;50.6;38.9
90;2021-07-06;512;971;71457;55484;51.0;39.6
90;2021-07-07;378;995;71835;56479;51.3;40.3
90;2021-07-08;303;608;72138;57087;51.5;40.7
90;2021-07-09;434;951;72572;58038;51.8;41.4
90;2021-07-10;27;90;72599;58128;51.8;41.5
90;2021-07-11;6;17;72605;58145;51.8;41.5
90;2021-07-12;239;1076;72844;59221;52.0;42.3
90;2021-07-13;474;1161;73318;60382;52.3;43.1
90;2021-07-14;0;8;73318;60390;52.3;43.1
90;2021-07-15;790;1447;74108;61837;52.9;44.1
90;2021-07-16;822;1684;74930;63521;53.5;45.3
90;2021-07-17;483;956;75413;64477;53.8;46.0
90;2021-07-18;4;2;75417;64479;53.8;46.0
90;2021-07-19;1182;1461;76599;65940;54.7;47.1
90;2021-07-20;1333;1137;77932;67077;55.6;47.9
90;2021-07-21;1392;979;79324;68056;56.6;48.6
90;2021-07-22;1110;692;80434;68748;57.4;49.1
90;2021-07-23;959;1022;81393;69770;58.1;49.8
90;2021-07-24;116;64;81509;69834;58.2;49.8
90;2021-07-25;2;1;81511;69835;58.2;49.8
90;2021-07-26;1068;802;82579;70637;58.9;50.4
90;2021-07-27;1072;741;83651;71378;59.7;50.9
90;2021-07-28;808;709;84459;72087;60.3;51.4
90;2021-07-29;832;437;85291;72524;60.9;51.7
90;2021-07-30;777;494;86068;73018;61.4;52.1
90;2021-07-31;479;313;86547;73331;61.8;52.3
90;2021-08-01;0;3;86547;73334;61.8;52.3
90;2021-08-02;834;512;87381;73846;62.4;52.7
90;2021-08-03;907;492;88288;74338;63.0;53.0
90;2021-08-04;1064;456;89352;74794;63.8;53.4
90;2021-08-05;519;220;89871;75014;64.1;53.5
90;2021-08-06;634;386;90505;75400;64.6;53.8
90;2021-08-07;35;63;90540;75463;64.6;53.8
90;2021-08-08;18;3;90558;75466;64.6;53.8
90;2021-08-09;721;943;91279;76409;65.1;54.5
90;2021-08-10;533;1150;91812;77559;65.5;55.3
90;2021-08-11;537;945;92349;78504;65.9;56.0
91;2020-12-27;0;0;0;0;0.0;0.0
91;2020-12-28;0;0;0;0;0.0;0.0
91;2020-12-29;1;0;1;0;0.0;0.0
91;2020-12-30;1;0;2;0;0.0;0.0
91;2020-12-31;0;0;2;0;0.0;0.0
91;2021-01-01;5;0;7;0;0.0;0.0
91;2021-01-02;0;0;7;0;0.0;0.0
91;2021-01-03;0;0;7;0;0.0;0.0
91;2021-01-04;1;0;8;0;0.0;0.0
91;2021-01-05;71;0;79;0;0.0;0.0
91;2021-01-06;188;2;267;2;0.0;0.0
91;2021-01-07;523;6;790;8;0.1;0.0
91;2021-01-08;394;1;1184;9;0.1;0.0
91;2021-01-09;89;3;1273;12;0.1;0.0
91;2021-01-10;1;0;1274;12;0.1;0.0
91;2021-01-11;595;2;1869;14;0.1;0.0
91;2021-01-12;899;8;2768;22;0.2;0.0
91;2021-01-13;702;6;3470;28;0.3;0.0
91;2021-01-14;721;10;4191;38;0.3;0.0
91;2021-01-15;568;3;4759;41;0.4;0.0
91;2021-01-16;316;8;5075;49;0.4;0.0
91;2021-01-17;116;1;5191;50;0.4;0.0
91;2021-01-18;991;3;6182;53;0.5;0.0
91;2021-01-19;1864;12;8046;65;0.6;0.0
91;2021-01-20;2367;19;10413;84;0.8;0.0
91;2021-01-21;2094;15;12507;99;0.9;0.0
91;2021-01-22;1858;9;14365;108;1.1;0.0
91;2021-01-23;413;1;14778;109;1.1;0.0
91;2021-01-24;53;0;14831;109;1.1;0.0
91;2021-01-25;1047;4;15878;113;1.2;0.0
91;2021-01-26;1576;41;17454;154;1.3;0.0
91;2021-01-27;2413;96;19867;250;1.5;0.0
91;2021-01-28;1980;223;21847;473;1.7;0.0
91;2021-01-29;1749;65;23596;538;1.8;0.0
91;2021-01-30;422;7;24018;545;1.8;0.0
91;2021-01-31;54;0;24072;545;1.8;0.0
91;2021-02-01;964;219;25036;764;1.9;0.1
91;2021-02-02;858;366;25894;1130;2.0;0.1
91;2021-02-03;937;571;26831;1701;2.0;0.1
91;2021-02-04;885;282;27716;1983;2.1;0.2
91;2021-02-05;1034;359;28750;2342;2.2;0.2
91;2021-02-06;337;91;29087;2433;2.2;0.2
91;2021-02-07;13;0;29100;2433;2.2;0.2
91;2021-02-08;905;605;30005;3038;2.3;0.2
91;2021-02-09;961;862;30966;3900;2.3;0.3
91;2021-02-10;1066;990;32032;4890;2.4;0.4
91;2021-02-11;1120;1019;33152;5909;2.5;0.4
91;2021-02-12;1060;834;34212;6743;2.6;0.5
91;2021-02-13;330;360;34542;7103;2.6;0.5
91;2021-02-14;18;112;34560;7215;2.6;0.5
91;2021-02-15;368;1265;34928;8480;2.6;0.6
91;2021-02-16;553;1763;35481;10243;2.7;0.8
91;2021-02-17;811;2680;36292;12923;2.8;1.0
91;2021-02-18;941;2018;37233;14941;2.8;1.1
91;2021-02-19;864;1385;38097;16326;2.9;1.2
91;2021-02-20;166;361;38263;16687;2.9;1.3
91;2021-02-21;13;50;38276;16737;2.9;1.3
91;2021-02-22;335;1205;38611;17942;2.9;1.4
91;2021-02-23;397;1076;39008;19018;3.0;1.4
91;2021-02-24;473;1059;39481;20077;3.0;1.5
91;2021-02-25;731;1020;40212;21097;3.0;1.6
91;2021-02-26;1095;1060;41307;22157;3.1;1.7
91;2021-02-27;609;330;41916;22487;3.2;1.7
91;2021-02-28;65;66;41981;22553;3.2;1.7
91;2021-03-01;931;1069;42912;23622;3.3;1.8
91;2021-03-02;1259;1094;44171;24716;3.3;1.9
91;2021-03-03;1466;1278;45637;25994;3.5;2.0
91;2021-03-04;2421;1124;48058;27118;3.6;2.1
91;2021-03-05;3350;1163;51408;28281;3.9;2.1
91;2021-03-06;4903;454;56311;28735;4.3;2.2
91;2021-03-07;3207;113;59518;28848;4.5;2.2
91;2021-03-08;1474;1068;60992;29916;4.6;2.3
91;2021-03-09;2623;994;63615;30910;4.8;2.3
91;2021-03-10;2618;1041;66233;31951;5.0;2.4
91;2021-03-11;3785;1126;70018;33077;5.3;2.5
91;2021-03-12;4782;1043;74800;34120;5.7;2.6
91;2021-03-13;5256;326;80056;34446;6.1;2.6
91;2021-03-14;302;26;80358;34472;6.1;2.6
91;2021-03-15;2982;435;83340;34907;6.3;2.6
91;2021-03-16;2607;383;85947;35290;6.5;2.7
91;2021-03-17;2226;345;88173;35635;6.7;2.7
91;2021-03-18;2389;408;90562;36043;6.9;2.7
91;2021-03-19;4093;380;94655;36423;7.2;2.8
91;2021-03-20;3609;178;98264;36601;7.4;2.8
91;2021-03-21;138;30;98402;36631;7.5;2.8
91;2021-03-22;3148;606;101550;37237;7.7;2.8
91;2021-03-23;4135;699;105685;37936;8.0;2.9
91;2021-03-24;3936;495;109621;38431;8.3;2.9
91;2021-03-25;5056;526;114677;38957;8.7;3.0
91;2021-03-26;5550;545;120227;39502;9.1;3.0
91;2021-03-27;4989;336;125216;39838;9.5;3.0
91;2021-03-28;282;57;125498;39895;9.5;3.0
91;2021-03-29;3304;1038;128802;40933;9.8;3.1
91;2021-03-30;4422;1219;133224;42152;10.1;3.2
91;2021-03-31;3366;1337;136590;43489;10.4;3.3
91;2021-04-01;3737;1679;140327;45168;10.6;3.4
91;2021-04-02;3892;2312;144219;47480;10.9;3.6
91;2021-04-03;1869;2872;146088;50352;11.1;3.8
91;2021-04-04;648;1319;146736;51671;11.1;3.9
91;2021-04-05;562;130;147298;51801;11.2;3.9
91;2021-04-06;3403;1790;150701;53591;11.4;4.1
91;2021-04-07;3414;1931;154115;55522;11.7;4.2
91;2021-04-08;4661;2154;158776;57676;12.0;4.4
91;2021-04-09;5345;2146;164121;59822;12.4;4.5
91;2021-04-10;2729;2817;166850;62639;12.6;4.7
91;2021-04-11;192;141;167042;62780;12.7;4.8
91;2021-04-12;2854;2272;169896;65052;12.9;4.9
91;2021-04-13;3755;2645;173651;67697;13.2;5.1
91;2021-04-14;3707;2319;177358;70016;13.4;5.3
91;2021-04-15;4477;2508;181835;72524;13.8;5.5
91;2021-04-16;4548;2801;186383;75325;14.1;5.7
91;2021-04-17;2982;2076;189365;77401;14.4;5.9
91;2021-04-18;268;70;189633;77471;14.4;5.9
91;2021-04-19;2303;2731;191936;80202;14.5;6.1
91;2021-04-20;3179;2983;195115;83185;14.8;6.3
91;2021-04-21;2989;2897;198104;86082;15.0;6.5
91;2021-04-22;3165;3364;201269;89446;15.3;6.8
91;2021-04-23;3713;3355;204982;92801;15.5;7.0
91;2021-04-24;3480;3728;208462;96529;15.8;7.3
91;2021-04-25;2615;641;211077;97170;16.0;7.4
91;2021-04-26;3487;2800;214564;99970;16.3;7.6
91;2021-04-27;4487;2925;219051;102895;16.6;7.8
91;2021-04-28;4568;2702;223619;105597;16.9;8.0
91;2021-04-29;5742;3052;229361;108649;17.4;8.2
91;2021-04-30;5387;2850;234748;111499;17.8;8.5
91;2021-05-01;3514;520;238262;112019;18.1;8.5
91;2021-05-02;624;131;238886;112150;18.1;8.5
91;2021-05-03;5202;2289;244088;114439;18.5;8.7
91;2021-05-04;5592;3173;249680;117612;18.9;8.9
91;2021-05-05;4848;2867;254528;120479;19.3;9.1
91;2021-05-06;5245;3373;259773;123852;19.7;9.4
91;2021-05-07;6121;3743;265894;127595;20.2;9.7
91;2021-05-08;6517;961;272411;128556;20.6;9.7
91;2021-05-09;4803;562;277214;129118;21.0;9.8
91;2021-05-10;5899;3004;283113;132122;21.5;10.0
91;2021-05-11;6832;3829;289945;135951;22.0;10.3
91;2021-05-12;5896;3440;295841;139391;22.4;10.6
91;2021-05-13;4826;1077;300667;140468;22.8;10.6
91;2021-05-14;6548;2389;307215;142857;23.3;10.8
91;2021-05-15;7795;1922;315010;144779;23.9;11.0
91;2021-05-16;4583;368;319593;145147;24.2;11.0
91;2021-05-17;6952;1710;326545;146857;24.7;11.1
91;2021-05-18;8116;1741;334661;148598;25.4;11.3
91;2021-05-19;7098;1698;341759;150296;25.9;11.4
91;2021-05-20;8199;2141;349958;152437;26.5;11.6
91;2021-05-21;8141;2578;358099;155015;27.1;11.7
91;2021-05-22;7662;1546;365761;156561;27.7;11.9
91;2021-05-23;4799;525;370560;157086;28.1;11.9
91;2021-05-24;5016;600;375576;157686;28.5;12.0
91;2021-05-25;7626;2647;383202;160333;29.0;12.2
91;2021-05-26;6869;2941;390071;163274;29.6;12.4
91;2021-05-27;7969;3441;398040;166715;30.2;12.6
91;2021-05-28;7535;4321;405575;171036;30.7;13.0
91;2021-05-29;9298;3504;414873;174540;31.4;13.2
91;2021-05-30;5954;961;420827;175501;31.9;13.3
91;2021-05-31;6740;3701;427567;179202;32.4;13.6
91;2021-06-01;7785;4777;435352;183979;33.0;13.9
91;2021-06-02;7450;3958;442802;187937;33.6;14.2
91;2021-06-03;7856;4780;450658;192717;34.2;14.6
91;2021-06-04;7180;5720;457838;198437;34.7;15.0
91;2021-06-05;6387;5810;464225;204247;35.2;15.5
91;2021-06-06;4089;2508;468314;206755;35.5;15.7
91;2021-06-07;5880;5480;474194;212235;35.9;16.1
91;2021-06-08;7041;5796;481235;218031;36.5;16.5
91;2021-06-09;6466;5141;487701;223172;37.0;16.9
91;2021-06-10;7177;5774;494878;228946;37.5;17.4
91;2021-06-11;6539;7109;501417;236055;38.0;17.9
91;2021-06-12;6220;7361;507637;243416;38.5;18.4
91;2021-06-13;2851;2316;510488;245732;38.7;18.6
91;2021-06-14;4229;7199;514717;252931;39.0;19.2
91;2021-06-15;5574;7252;520291;260183;39.4;19.7
91;2021-06-16;5302;6443;525593;266626;39.8;20.2
91;2021-06-17;6242;7131;531835;273757;40.3;20.7
91;2021-06-18;4633;8736;536468;282493;40.7;21.4
91;2021-06-19;4190;7154;540658;289647;41.0;22.0
91;2021-06-20;1006;4212;541664;293859;41.1;22.3
91;2021-06-21;3229;7235;544893;301094;41.3;22.8
91;2021-06-22;4162;9226;549055;310320;41.6;23.5
91;2021-06-23;4315;7962;553370;318282;41.9;24.1
91;2021-06-24;4907;8475;558277;326757;42.3;24.8
91;2021-06-25;3468;9172;561745;335929;42.6;25.5
91;2021-06-26;2986;8038;564731;343967;42.8;26.1
91;2021-06-27;549;2997;565280;346964;42.8;26.3
91;2021-06-28;3121;8233;568401;355197;43.1;26.9
91;2021-06-29;3584;9637;571985;364834;43.4;27.7
91;2021-06-30;3950;8690;575935;373524;43.7;28.3
91;2021-07-01;4083;8865;580018;382389;44.0;29.0
91;2021-07-02;3754;9310;583772;391699;44.2;29.7
91;2021-07-03;2879;9786;586651;401485;44.5;30.4
91;2021-07-04;848;4721;587499;406206;44.5;30.8
91;2021-07-05;2654;7256;590153;413462;44.7;31.3
91;2021-07-06;3748;9423;593901;422885;45.0;32.1
91;2021-07-07;3782;8583;597683;431468;45.3;32.7
91;2021-07-08;4336;8987;602019;440455;45.6;33.4
91;2021-07-09;3935;9954;605954;450409;45.9;34.1
91;2021-07-10;3395;10228;609349;460637;46.2;34.9
91;2021-07-11;983;4799;610332;465436;46.3;35.3
91;2021-07-12;2789;8890;613121;474326;46.5;36.0
91;2021-07-13;4446;10383;617567;484709;46.8;36.7
91;2021-07-14;2296;3577;619863;488286;47.0;37.0
91;2021-07-15;4526;9819;624389;498105;47.3;37.8
91;2021-07-16;6265;9747;630654;507852;47.8;38.5
91;2021-07-17;5654;9055;636308;516907;48.2;39.2
91;2021-07-18;3391;3666;639699;520573;48.5;39.5
91;2021-07-19;3757;7532;643456;528105;48.8;40.0
91;2021-07-20;6050;9291;649506;537396;49.2;40.7
91;2021-07-21;6207;7714;655713;545110;49.7;41.3
91;2021-07-22;6420;8373;662133;553483;50.2;41.9
91;2021-07-23;6893;8262;669026;561745;50.7;42.6
91;2021-07-24;4933;6464;673959;568209;51.1;43.1
91;2021-07-25;3236;1368;677195;569577;51.3;43.2
91;2021-07-26;4903;6576;682098;576153;51.7;43.7
91;2021-07-27;7509;7043;689607;583196;52.3;44.2
91;2021-07-28;7244;5887;696851;589083;52.8;44.6
91;2021-07-29;7332;5879;704183;594962;53.4;45.1
91;2021-07-30;6869;5745;711052;600707;53.9;45.5
91;2021-07-31;4823;4762;715875;605469;54.3;45.9
91;2021-08-01;2596;1318;718471;606787;54.5;46.0
91;2021-08-02;4641;4203;723112;610990;54.8;46.3
91;2021-08-03;5742;4666;728854;615656;55.2;46.7
91;2021-08-04;5649;4104;734503;619760;55.7;47.0
91;2021-08-05;5509;4233;740012;623993;56.1;47.3
91;2021-08-06;5612;5597;745624;629590;56.5;47.7
91;2021-08-07;3027;2395;748651;631985;56.7;47.9
91;2021-08-08;591;1092;749242;633077;56.8;48.0
91;2021-08-09;3721;3936;752963;637013;57.1;48.3
91;2021-08-10;4478;4510;757441;641523;57.4;48.6
91;2021-08-11;4027;4451;761468;645974;57.7;49.0
92;2020-12-27;16;0;16;0;0.0;0.0
92;2020-12-28;12;0;28;0;0.0;0.0
92;2020-12-29;53;0;81;0;0.0;0.0
92;2020-12-30;30;0;111;0;0.0;0.0
92;2020-12-31;3;0;114;0;0.0;0.0
92;2021-01-01;14;0;128;0;0.0;0.0
92;2021-01-02;3;0;131;0;0.0;0.0
92;2021-01-03;7;0;138;0;0.0;0.0
92;2021-01-04;59;1;197;1;0.0;0.0
92;2021-01-05;222;1;419;2;0.0;0.0
92;2021-01-06;413;3;832;5;0.1;0.0
92;2021-01-07;659;5;1491;10;0.1;0.0
92;2021-01-08;836;4;2327;14;0.1;0.0
92;2021-01-09;120;1;2447;15;0.2;0.0
92;2021-01-10;42;0;2489;15;0.2;0.0
92;2021-01-11;838;5;3327;20;0.2;0.0
92;2021-01-12;1287;10;4614;30;0.3;0.0
92;2021-01-13;1236;15;5850;45;0.4;0.0
92;2021-01-14;1201;17;7051;62;0.4;0.0
92;2021-01-15;967;7;8018;69;0.5;0.0
92;2021-01-16;176;1;8194;70;0.5;0.0
92;2021-01-17;19;0;8213;70;0.5;0.0
92;2021-01-18;1535;23;9748;93;0.6;0.0
92;2021-01-19;1548;20;11296;113;0.7;0.0
92;2021-01-20;1804;14;13100;127;0.8;0.0
92;2021-01-21;3400;22;16500;149;1.0;0.0
92;2021-01-22;2606;42;19106;191;1.2;0.0
92;2021-01-23;134;0;19240;191;1.2;0.0
92;2021-01-24;22;0;19262;191;1.2;0.0
92;2021-01-25;839;13;20101;204;1.2;0.0
92;2021-01-26;1212;12;21313;216;1.3;0.0
92;2021-01-27;2211;95;23524;311;1.5;0.0
92;2021-01-28;4146;188;27670;499;1.7;0.0
92;2021-01-29;2707;266;30377;765;1.9;0.0
92;2021-01-30;322;13;30699;778;1.9;0.0
92;2021-01-31;17;2;30716;780;1.9;0.0
92;2021-02-01;859;324;31575;1104;2.0;0.1
92;2021-02-02;1046;355;32621;1459;2.0;0.1
92;2021-02-03;993;448;33614;1907;2.1;0.1
92;2021-02-04;1035;548;34649;2455;2.1;0.2
92;2021-02-05;1328;502;35977;2957;2.2;0.2
92;2021-02-06;109;17;36086;2974;2.2;0.2
92;2021-02-07;10;14;36096;2988;2.2;0.2
92;2021-02-08;568;734;36664;3722;2.3;0.2
92;2021-02-09;1059;1300;37723;5022;2.3;0.3
92;2021-02-10;1058;1306;38781;6328;2.4;0.4
92;2021-02-11;1491;1924;40272;8252;2.5;0.5
92;2021-02-12;1409;1484;41681;9736;2.6;0.6
92;2021-02-13;67;61;41748;9797;2.6;0.6
92;2021-02-14;14;0;41762;9797;2.6;0.6
92;2021-02-15;567;1661;42329;11458;2.6;0.7
92;2021-02-16;780;2061;43109;13519;2.7;0.8
92;2021-02-17;615;1759;43724;15278;2.7;0.9
92;2021-02-18;1568;3672;45292;18950;2.8;1.2
92;2021-02-19;1723;2658;47015;21608;2.9;1.3
92;2021-02-20;139;402;47154;22010;2.9;1.4
92;2021-02-21;29;53;47183;22063;2.9;1.4
92;2021-02-22;490;1220;47673;23283;3.0;1.4
92;2021-02-23;725;1364;48398;24647;3.0;1.5
92;2021-02-24;607;1301;49005;25948;3.0;1.6
92;2021-02-25;913;1812;49918;27760;3.1;1.7
92;2021-02-26;1452;1367;51370;29127;3.2;1.8
92;2021-02-27;497;191;51867;29318;3.2;1.8
92;2021-02-28;61;55;51928;29373;3.2;1.8
92;2021-03-01;1092;1048;53020;30421;3.3;1.9
92;2021-03-02;1965;1366;54985;31787;3.4;2.0
92;2021-03-03;2787;1099;57772;32886;3.6;2.0
92;2021-03-04;3585;1527;61357;34413;3.8;2.1
92;2021-03-05;4971;1724;66328;36137;4.1;2.2
92;2021-03-06;5714;326;72042;36463;4.5;2.3
92;2021-03-07;2894;233;74936;36696;4.6;2.3
92;2021-03-08;2409;816;77345;37512;4.8;2.3
92;2021-03-09;3433;1030;80778;38542;5.0;2.4
92;2021-03-10;3932;942;84710;39484;5.2;2.4
92;2021-03-11;5005;1387;89715;40871;5.6;2.5
92;2021-03-12;6763;1552;96478;42423;6.0;2.6
92;2021-03-13;5149;224;101627;42647;6.3;2.6
92;2021-03-14;1736;74;103363;42721;6.4;2.6
92;2021-03-15;3788;593;107151;43314;6.6;2.7
92;2021-03-16;3689;591;110840;43905;6.9;2.7
92;2021-03-17;3869;413;114709;44318;7.1;2.7
92;2021-03-18;4121;750;118830;45068;7.4;2.8
92;2021-03-19;5914;717;124744;45785;7.7;2.8
92;2021-03-20;2534;74;127278;45859;7.9;2.8
92;2021-03-21;145;30;127423;45889;7.9;2.8
92;2021-03-22;4113;479;131536;46368;8.2;2.9
92;2021-03-23;6090;870;137626;47238;8.5;2.9
92;2021-03-24;6368;649;143994;47887;8.9;3.0
92;2021-03-25;8429;638;152423;48525;9.4;3.0
92;2021-03-26;8351;899;160774;49424;10.0;3.1
92;2021-03-27;2827;268;163601;49692;10.1;3.1
92;2021-03-28;538;39;164139;49731;10.2;3.1
92;2021-03-29;4656;1054;168795;50785;10.5;3.1
92;2021-03-30;6381;1552;175176;52337;10.9;3.2
92;2021-03-31;5535;2254;180711;54591;11.2;3.4
92;2021-04-01;6258;3674;186969;58265;11.6;3.6
92;2021-04-02;5624;3415;192593;61680;11.9;3.8
92;2021-04-03;871;1417;193464;63097;12.0;3.9
92;2021-04-04;481;1062;193945;64159;12.0;4.0
92;2021-04-05;810;158;194755;64317;12.1;4.0
92;2021-04-06;3644;1953;198399;66270;12.3;4.1
92;2021-04-07;4988;2890;203387;69160;12.6;4.3
92;2021-04-08;5971;3177;209358;72337;13.0;4.5
92;2021-04-09;8027;3045;217385;75382;13.5;4.7
92;2021-04-10;2627;1293;220012;76675;13.6;4.8
92;2021-04-11;151;807;220163;77482;13.6;4.8
92;2021-04-12;3680;2521;223843;80003;13.9;5.0
92;2021-04-13;4376;4431;228219;84434;14.1;5.2
92;2021-04-14;4864;4041;233083;88475;14.4;5.5
92;2021-04-15;5295;3958;238378;92433;14.8;5.7
92;2021-04-16;5066;3862;243444;96295;15.1;6.0
92;2021-04-17;1798;1191;245242;97486;15.2;6.0
92;2021-04-18;346;94;245588;97580;15.2;6.0
92;2021-04-19;2804;2841;248392;100421;15.4;6.2
92;2021-04-20;4191;3755;252583;104176;15.7;6.5
92;2021-04-21;4607;4517;257190;108693;15.9;6.7
92;2021-04-22;4659;5125;261849;113818;16.2;7.1
92;2021-04-23;5226;4685;267075;118503;16.5;7.3
92;2021-04-24;4935;1910;272010;120413;16.9;7.5
92;2021-04-25;1789;150;273799;120563;17.0;7.5
92;2021-04-26;3994;3624;277793;124187;17.2;7.7
92;2021-04-27;6040;5263;283833;129450;17.6;8.0
92;2021-04-28;7377;4498;291210;133948;18.0;8.3
92;2021-04-29;7986;4785;299196;138733;18.5;8.6
92;2021-04-30;8837;4843;308033;143576;19.1;8.9
92;2021-05-01;1201;408;309234;143984;19.2;8.9
92;2021-05-02;662;138;309896;144122;19.2;8.9
92;2021-05-03;6775;3892;316671;148014;19.6;9.2
92;2021-05-04;10413;4370;327084;152384;20.3;9.4
92;2021-05-05;10070;5263;337154;157647;20.9;9.8
92;2021-05-06;11423;4910;348577;162557;21.6;10.1
92;2021-05-07;9856;5295;358433;167852;22.2;10.4
92;2021-05-08;7211;1928;365644;169780;22.7;10.5
92;2021-05-09;3787;602;369431;170382;22.9;10.6
92;2021-05-10;9527;3999;378958;174381;23.5;10.8
92;2021-05-11;13978;5691;392936;180072;24.3;11.2
92;2021-05-12;14268;4588;407204;184660;25.2;11.4
92;2021-05-13;9162;911;416366;185571;25.8;11.5
92;2021-05-14;12027;2316;428393;187887;26.5;11.6
92;2021-05-15;8385;1228;436778;189115;27.1;11.7
92;2021-05-16;4137;450;440915;189565;27.3;11.7
92;2021-05-17;10643;2220;451558;191785;28.0;11.9
92;2021-05-18;16387;3133;467945;194918;29.0;12.1
92;2021-05-19;16023;3719;483968;198637;30.0;12.3
92;2021-05-20;16824;3986;500792;202623;31.0;12.6
92;2021-05-21;14076;3636;514868;206259;31.9;12.8
92;2021-05-22;8314;1517;523182;207776;32.4;12.9
92;2021-05-23;4084;454;527266;208230;32.7;12.9
92;2021-05-24;6119;853;533385;209083;33.1;13.0
92;2021-05-25;13106;4558;546491;213641;33.9;13.2
92;2021-05-26;11924;5043;558415;218684;34.6;13.6
92;2021-05-27;12731;6327;571146;225011;35.4;13.9
92;2021-05-28;11223;6284;582369;231295;36.1;14.3
92;2021-05-29;5447;2303;587816;233598;36.4;14.5
92;2021-05-30;2248;387;590064;233985;36.6;14.5
92;2021-05-31;12053;5305;602117;239290;37.3;14.8
92;2021-06-01;12596;7644;614713;246934;38.1;15.3
92;2021-06-02;14369;7213;629082;254147;39.0;15.7
92;2021-06-03;14581;8026;643663;262173;39.9;16.2
92;2021-06-04;12221;8227;655884;270400;40.6;16.8
92;2021-06-05;7385;6258;663269;276658;41.1;17.1
92;2021-06-06;3591;1676;666860;278334;41.3;17.2
92;2021-06-07;11439;7631;678299;285965;42.0;17.7
92;2021-06-08;12759;9607;691058;295572;42.8;18.3
92;2021-06-09;11642;9472;702700;305044;43.5;18.9
92;2021-06-10;11951;10564;714651;315608;44.3;19.6
92;2021-06-11;8143;11037;722794;326645;44.8;20.2
92;2021-06-12;6359;5096;729153;331741;45.2;20.6
92;2021-06-13;3962;2720;733115;334461;45.4;20.7
92;2021-06-14;5209;11166;738324;345627;45.8;21.4
92;2021-06-15;6487;13128;744811;358755;46.2;22.2
92;2021-06-16;6946;12993;751757;371748;46.6;23.0
92;2021-06-17;7418;14016;759175;385764;47.0;23.9
92;2021-06-18;6895;14391;766070;400155;47.5;24.8
92;2021-06-19;3958;9111;770028;409266;47.7;25.4
92;2021-06-20;1962;5611;771990;414877;47.8;25.7
92;2021-06-21;4822;12275;776812;427152;48.1;26.5
92;2021-06-22;5871;17551;782683;444703;48.5;27.6
92;2021-06-23;5474;15999;788157;460702;48.8;28.5
92;2021-06-24;6196;15123;794353;475825;49.2;29.5
92;2021-06-25;5107;16094;799460;491919;49.5;30.5
92;2021-06-26;4064;10454;803524;502373;49.8;31.1
92;2021-06-27;1860;6051;805384;508424;49.9;31.5
92;2021-06-28;3674;12050;809058;520474;50.1;32.3
92;2021-06-29;4672;18162;813730;538636;50.4;33.4
92;2021-06-30;4414;16214;818144;554850;50.7;34.4
92;2021-07-01;5508;16303;823652;571153;51.0;35.4
92;2021-07-02;4810;15277;828462;586430;51.3;36.3
92;2021-07-03;3296;10179;831758;596609;51.5;37.0
92;2021-07-04;1120;4207;832878;600816;51.6;37.2
92;2021-07-05;4775;12328;837653;613144;51.9;38.0
92;2021-07-06;5217;15791;842870;628935;52.2;39.0
92;2021-07-07;4238;11452;847108;640387;52.5;39.7
92;2021-07-08;5401;14632;852509;655019;52.8;40.6
92;2021-07-09;5869;14202;858378;669221;53.2;41.5
92;2021-07-10;4333;8441;862711;677662;53.5;42.0
92;2021-07-11;1471;2618;864182;680280;53.6;42.2
92;2021-07-12;4366;14623;868548;694903;53.8;43.1
92;2021-07-13;7836;17440;876384;712343;54.3;44.1
92;2021-07-14;5071;5739;881455;718082;54.6;44.5
92;2021-07-15;9528;16237;890983;734319;55.2;45.5
92;2021-07-16;9027;14157;900010;748476;55.8;46.4
92;2021-07-17;6532;7594;906542;756070;56.2;46.9
92;2021-07-18;1825;2480;908367;758550;56.3;47.0
92;2021-07-19;6435;13190;914802;771740;56.7;47.8
92;2021-07-20;10023;14073;924825;785813;57.3;48.7
92;2021-07-21;10373;12085;935198;797898;58.0;49.4
92;2021-07-22;11880;12940;947078;810838;58.7;50.2
92;2021-07-23;11495;11312;958573;822150;59.4;50.9
92;2021-07-24;6584;6223;965157;828373;59.8;51.3
92;2021-07-25;2755;2308;967912;830681;60.0;51.5
92;2021-07-26;9415;9155;977327;839836;60.6;52.0
92;2021-07-27;11391;9564;988718;849400;61.3;52.6
92;2021-07-28;11274;8109;999992;857509;62.0;53.1
92;2021-07-29;10353;8575;1010345;866084;62.6;53.7
92;2021-07-30;8965;8291;1019310;874375;63.2;54.2
92;2021-07-31;5664;4790;1024974;879165;63.5;54.5
92;2021-08-01;2176;1282;1027150;880447;63.6;54.6
92;2021-08-02;4599;4900;1031749;885347;63.9;54.9
92;2021-08-03;5044;6116;1036793;891463;64.2;55.2
92;2021-08-04;4619;4830;1041412;896293;64.5;55.5
92;2021-08-05;4397;5658;1045809;901951;64.8;55.9
92;2021-08-06;4412;5926;1050221;907877;65.1;56.3
92;2021-08-07;2786;4216;1053007;912093;65.3;56.5
92;2021-08-08;951;1067;1053958;913160;65.3;56.6
92;2021-08-09;3142;4216;1057100;917376;65.5;56.8
92;2021-08-10;3736;5579;1060836;922955;65.7;57.2
92;2021-08-11;3129;4386;1063965;927341;65.9;57.5
93;2020-12-27;10;3;10;3;0.0;0.0
93;2020-12-28;4;0;14;3;0.0;0.0
93;2020-12-29;0;0;14;3;0.0;0.0
93;2020-12-30;43;0;57;3;0.0;0.0
93;2020-12-31;9;0;66;3;0.0;0.0
93;2021-01-01;5;0;71;3;0.0;0.0
93;2021-01-02;0;0;71;3;0.0;0.0
93;2021-01-03;3;0;74;3;0.0;0.0
93;2021-01-04;0;0;74;3;0.0;0.0
93;2021-01-05;60;1;134;4;0.0;0.0
93;2021-01-06;179;0;313;4;0.0;0.0
93;2021-01-07;378;3;691;7;0.0;0.0
93;2021-01-08;631;1;1322;8;0.1;0.0
93;2021-01-09;21;0;1343;8;0.1;0.0
93;2021-01-10;2;0;1345;8;0.1;0.0
93;2021-01-11;502;4;1847;12;0.1;0.0
93;2021-01-12;753;7;2600;19;0.2;0.0
93;2021-01-13;750;4;3350;23;0.2;0.0
93;2021-01-14;682;18;4032;41;0.2;0.0
93;2021-01-15;514;3;4546;44;0.3;0.0
93;2021-01-16;139;3;4685;47;0.3;0.0
93;2021-01-17;6;1;4691;48;0.3;0.0
93;2021-01-18;1195;9;5886;57;0.4;0.0
93;2021-01-19;1612;16;7498;73;0.4;0.0
93;2021-01-20;1555;11;9053;84;0.5;0.0
93;2021-01-21;1916;17;10969;101;0.7;0.0
93;2021-01-22;1386;14;12355;115;0.7;0.0
93;2021-01-23;711;8;13066;123;0.8;0.0
93;2021-01-24;0;0;13066;123;0.8;0.0
93;2021-01-25;1206;16;14272;139;0.9;0.0
93;2021-01-26;1290;38;15562;177;0.9;0.0
93;2021-01-27;2154;70;17716;247;1.1;0.0
93;2021-01-28;2262;206;19978;453;1.2;0.0
93;2021-01-29;1619;228;21597;681;1.3;0.0
93;2021-01-30;926;46;22523;727;1.3;0.0
93;2021-01-31;5;7;22528;734;1.3;0.0
93;2021-02-01;1178;171;23706;905;1.4;0.1
93;2021-02-02;1165;312;24871;1217;1.5;0.1
93;2021-02-03;1229;398;26100;1615;1.6;0.1
93;2021-02-04;922;566;27022;2181;1.6;0.1
93;2021-02-05;797;432;27819;2613;1.7;0.2
93;2021-02-06;693;70;28512;2683;1.7;0.2
93;2021-02-07;3;0;28515;2683;1.7;0.2
93;2021-02-08;910;647;29425;3330;1.8;0.2
93;2021-02-09;851;600;30276;3930;1.8;0.2
93;2021-02-10;880;680;31156;4610;1.9;0.3
93;2021-02-11;1242;832;32398;5442;1.9;0.3
93;2021-02-12;1041;640;33439;6082;2.0;0.4
93;2021-02-13;393;263;33832;6345;2.0;0.4
93;2021-02-14;13;59;33845;6404;2.0;0.4
93;2021-02-15;409;1278;34254;7682;2.1;0.5
93;2021-02-16;547;1237;34801;8919;2.1;0.5
93;2021-02-17;544;1772;35345;10691;2.1;0.6
93;2021-02-18;1132;1877;36477;12568;2.2;0.8
93;2021-02-19;993;1542;37470;14110;2.2;0.8
93;2021-02-20;304;665;37774;14775;2.3;0.9
93;2021-02-21;8;23;37782;14798;2.3;0.9
93;2021-02-22;601;1297;38383;16095;2.3;1.0
93;2021-02-23;563;1127;38946;17222;2.3;1.0
93;2021-02-24;642;1225;39588;18447;2.4;1.1
93;2021-02-25;900;1078;40488;19525;2.4;1.2
93;2021-02-26;1120;982;41608;20507;2.5;1.2
93;2021-02-27;543;624;42151;21131;2.5;1.3
93;2021-02-28;88;57;42239;21188;2.5;1.3
93;2021-03-01;1082;1072;43321;22260;2.6;1.3
93;2021-03-02;1443;1149;44764;23409;2.7;1.4
93;2021-03-03;1737;1186;46501;24595;2.8;1.5
93;2021-03-04;2715;1127;49216;25722;2.9;1.5
93;2021-03-05;3816;891;53032;26613;3.2;1.6
93;2021-03-06;5049;563;58081;27176;3.5;1.6
93;2021-03-07;4300;205;62381;27381;3.7;1.6
93;2021-03-08;2035;1258;64416;28639;3.9;1.7
93;2021-03-09;2915;964;67331;29603;4.0;1.8
93;2021-03-10;2855;1107;70186;30710;4.2;1.8
93;2021-03-11;3563;1239;73749;31949;4.4;1.9
93;2021-03-12;4125;1285;77874;33234;4.7;2.0
93;2021-03-13;4288;626;82162;33860;4.9;2.0
93;2021-03-14;881;68;83043;33928;5.0;2.0
93;2021-03-15;3551;684;86594;34612;5.2;2.1
93;2021-03-16;3160;616;89754;35228;5.4;2.1
93;2021-03-17;2653;599;92407;35827;5.5;2.1
93;2021-03-18;3310;722;95717;36549;5.7;2.2
93;2021-03-19;3764;643;99481;37192;6.0;2.2
93;2021-03-20;3461;290;102942;37482;6.2;2.2
93;2021-03-21;813;270;103755;37752;6.2;2.3
93;2021-03-22;3846;613;107601;38365;6.4;2.3
93;2021-03-23;4755;801;112356;39166;6.7;2.3
93;2021-03-24;4113;678;116469;39844;7.0;2.4
93;2021-03-25;5573;842;122042;40686;7.3;2.4
93;2021-03-26;5548;882;127590;41568;7.6;2.5
93;2021-03-27;4280;304;131870;41872;7.9;2.5
93;2021-03-28;611;40;132481;41912;7.9;2.5
93;2021-03-29;3855;956;136336;42868;8.2;2.6
93;2021-03-30;4726;1259;141062;44127;8.4;2.6
93;2021-03-31;3910;1236;144972;45363;8.7;2.7
93;2021-04-01;4054;3141;149026;48504;8.9;2.9
93;2021-04-02;3217;3555;152243;52059;9.1;3.1
93;2021-04-03;2520;2257;154763;54316;9.3;3.3
93;2021-04-04;762;156;155525;54472;9.3;3.3
93;2021-04-05;707;87;156232;54559;9.4;3.3
93;2021-04-06;4559;2342;160791;56901;9.6;3.4
93;2021-04-07;4903;2090;165694;58991;9.9;3.5
93;2021-04-08;5810;2680;171504;61671;10.3;3.7
93;2021-04-09;6089;3171;177593;64842;10.6;3.9
93;2021-04-10;4196;2488;181789;67330;10.9;4.0
93;2021-04-11;575;429;182364;67759;10.9;4.1
93;2021-04-12;4098;2926;186462;70685;11.2;4.2
93;2021-04-13;4599;3655;191061;74340;11.4;4.5
93;2021-04-14;4359;2475;195420;76815;11.7;4.6
93;2021-04-15;4558;3028;199978;79843;12.0;4.8
93;2021-04-16;4436;2988;204414;82831;12.2;5.0
93;2021-04-17;3516;2509;207930;85340;12.4;5.1
93;2021-04-18;290;435;208220;85775;12.5;5.1
93;2021-04-19;3772;2858;211992;88633;12.7;5.3
93;2021-04-20;4304;3273;216296;91906;13.0;5.5
93;2021-04-21;4138;2766;220434;94672;13.2;5.7
93;2021-04-22;4511;4014;224945;98686;13.5;5.9
93;2021-04-23;5625;3238;230570;101924;13.8;6.1
93;2021-04-24;5925;3323;236495;105247;14.2;6.3
93;2021-04-25;1733;591;238228;105838;14.3;6.3
93;2021-04-26;4857;3079;243085;108917;14.6;6.5
93;2021-04-27;6453;3623;249538;112540;14.9;6.7
93;2021-04-28;6074;3424;255612;115964;15.3;6.9
93;2021-04-29;7300;3244;262912;119208;15.7;7.1
93;2021-04-30;8259;3110;271171;122318;16.2;7.3
93;2021-05-01;4946;1186;276117;123504;16.5;7.4
93;2021-05-02;417;647;276534;124151;16.6;7.4
93;2021-05-03;8164;5112;284698;129263;17.0;7.7
93;2021-05-04;7826;5405;292524;134668;17.5;8.1
93;2021-05-05;7576;4804;300100;139472;18.0;8.4
93;2021-05-06;8242;4769;308342;144241;18.5;8.6
93;2021-05-07;7006;5420;315348;149661;18.9;9.0
93;2021-05-08;8355;2387;323703;152048;19.4;9.1
93;2021-05-09;6121;1366;329824;153414;19.7;9.2
93;2021-05-10;8250;4071;338074;157485;20.2;9.4
93;2021-05-11;9302;4808;347376;162293;20.8;9.7
93;2021-05-12;9180;3656;356556;165949;21.3;9.9
93;2021-05-13;8290;1655;364846;167604;21.8;10.0
93;2021-05-14;10423;3536;375269;171140;22.5;10.2
93;2021-05-15;11129;3000;386398;174140;23.1;10.4
93;2021-05-16;5557;729;391955;174869;23.5;10.5
93;2021-05-17;11900;2258;403855;177127;24.2;10.6
93;2021-05-18;14096;2392;417951;179519;25.0;10.7
93;2021-05-19;11433;2939;429384;182458;25.7;10.9
93;2021-05-20;12616;3480;442000;185938;26.5;11.1
93;2021-05-21;13006;2885;455006;188823;27.2;11.3
93;2021-05-22;12383;2204;467389;191027;28.0;11.4
93;2021-05-23;8480;1107;475869;192134;28.5;11.5
93;2021-05-24;11196;1942;487065;194076;29.2;11.6
93;2021-05-25;12285;4311;499350;198387;29.9;11.9
93;2021-05-26;11069;3747;510419;202134;30.6;12.1
93;2021-05-27;12704;3883;523123;206017;31.3;12.3
93;2021-05-28;12654;5258;535777;211275;32.1;12.7
93;2021-05-29;11391;4262;547168;215537;32.8;12.9
93;2021-05-30;8216;1376;555384;216913;33.3;13.0
93;2021-05-31;9180;5178;564564;222091;33.8;13.3
93;2021-06-01;11362;6274;575926;228365;34.5;13.7
93;2021-06-02;10706;5191;586632;233556;35.1;14.0
93;2021-06-03;10794;5514;597426;239070;35.8;14.3
93;2021-06-04;10588;7796;608014;246866;36.4;14.8
93;2021-06-05;9008;7348;617022;254214;36.9;15.2
93;2021-06-06;8398;1741;625420;255955;37.4;15.3
93;2021-06-07;10051;7518;635471;263473;38.0;15.8
93;2021-06-08;10365;7376;645836;270849;38.7;16.2
93;2021-06-09;10230;7290;656066;278139;39.3;16.7
93;2021-06-10;8992;8179;665058;286318;39.8;17.1
93;2021-06-11;8824;8819;673882;295137;40.3;17.7
93;2021-06-12;9860;6641;683742;301778;40.9;18.1
93;2021-06-13;7162;2120;690904;303898;41.4;18.2
93;2021-06-14;5386;9725;696290;313623;41.7;18.8
93;2021-06-15;6216;9654;702506;323277;42.1;19.4
93;2021-06-16;6642;9056;709148;332333;42.5;19.9
93;2021-06-17;5732;8466;714880;340799;42.8;20.4
93;2021-06-18;7208;11127;722088;351926;43.2;21.1
93;2021-06-19;7067;11095;729155;363021;43.7;21.7
93;2021-06-20;4950;6871;734105;369892;44.0;22.1
93;2021-06-21;4068;10726;738173;380618;44.2;22.8
93;2021-06-22;4664;11303;742837;391921;44.5;23.5
93;2021-06-23;4534;10591;747371;402512;44.7;24.1
93;2021-06-24;4186;10296;751557;412808;45.0;24.7
93;2021-06-25;5173;13042;756730;425850;45.3;25.5
93;2021-06-26;5294;13916;762024;439766;45.6;26.3
93;2021-06-27;3286;7107;765310;446873;45.8;26.8
93;2021-06-28;3691;12507;769001;459380;46.0;27.5
93;2021-06-29;4004;12342;773005;471722;46.3;28.2
93;2021-06-30;4108;11295;777113;483017;46.5;28.9
93;2021-07-01;5615;11142;782728;494159;46.9;29.6
93;2021-07-02;5152;12351;787880;506510;47.2;30.3
93;2021-07-03;5327;13436;793207;519946;47.5;31.1
93;2021-07-04;3080;7885;796287;527831;47.7;31.6
93;2021-07-05;4481;10841;800768;538672;47.9;32.3
93;2021-07-06;4718;11748;805486;550420;48.2;33.0
93;2021-07-07;4988;11405;810474;561825;48.5;33.6
93;2021-07-08;4964;10257;815438;572082;48.8;34.3
93;2021-07-09;5828;13019;821266;585101;49.2;35.0
93;2021-07-10;5849;14275;827115;599376;49.5;35.9
93;2021-07-11;3682;9082;830797;608458;49.7;36.4
93;2021-07-12;5456;12063;836253;620521;50.1;37.2
93;2021-07-13;10986;13264;847239;633785;50.7;37.9
93;2021-07-14;10582;6771;857821;640556;51.4;38.4
93;2021-07-15;12255;14093;870076;654649;52.1;39.2
93;2021-07-16;12976;13653;883052;668302;52.9;40.0
93;2021-07-17;11243;13883;894295;682185;53.5;40.8
93;2021-07-18;7364;8936;901659;691121;54.0;41.4
93;2021-07-19;9525;10885;911184;702006;54.6;42.0
93;2021-07-20;12476;10652;923660;712658;55.3;42.7
93;2021-07-21;14103;10899;937763;723557;56.1;43.3
93;2021-07-22;13934;9395;951697;732952;57.0;43.9
93;2021-07-23;14288;10587;965985;743539;57.8;44.5
93;2021-07-24;13744;10582;979729;754121;58.7;45.2
93;2021-07-25;8865;6290;988594;760411;59.2;45.5
93;2021-07-26;12339;7725;1000933;768136;59.9;46.0
93;2021-07-27;14583;7329;1015516;775465;60.8;46.4
93;2021-07-28;14625;8161;1030141;783626;61.7;46.9
93;2021-07-29;13180;6972;1043321;790598;62.5;47.3
93;2021-07-30;13560;7769;1056881;798367;63.3;47.8
93;2021-07-31;11960;7632;1068841;805999;64.0;48.3
93;2021-08-01;7121;4538;1075962;810537;64.4;48.5
93;2021-08-02;7510;5663;1083472;816200;64.9;48.9
93;2021-08-03;6973;6817;1090445;823017;65.3;49.3
93;2021-08-04;7304;7926;1097749;830943;65.7;49.8
93;2021-08-05;5547;6800;1103296;837743;66.1;50.2
93;2021-08-06;6622;8273;1109918;846016;66.5;50.7
93;2021-08-07;7080;8993;1116998;855009;66.9;51.2
93;2021-08-08;4271;5508;1121269;860517;67.1;51.5
93;2021-08-09;6405;7992;1127674;868509;67.5;52.0
93;2021-08-10;6899;8758;1134573;877267;67.9;52.5
93;2021-08-11;7108;9583;1141681;886850;68.4;53.1
94;2020-12-27;5;0;5;0;0.0;0.0
94;2020-12-28;10;0;15;0;0.0;0.0
94;2020-12-29;0;0;15;0;0.0;0.0
94;2020-12-30;1;0;16;0;0.0;0.0
94;2020-12-31;4;0;20;0;0.0;0.0
94;2021-01-01;4;0;24;0;0.0;0.0
94;2021-01-02;0;0;24;0;0.0;0.0
94;2021-01-03;2;0;26;0;0.0;0.0
94;2021-01-04;35;2;61;2;0.0;0.0
94;2021-01-05;231;2;292;4;0.0;0.0
94;2021-01-06;332;4;624;8;0.0;0.0
94;2021-01-07;690;9;1314;17;0.1;0.0
94;2021-01-08;921;10;2235;27;0.2;0.0
94;2021-01-09;47;0;2282;27;0.2;0.0
94;2021-01-10;18;0;2300;27;0.2;0.0
94;2021-01-11;1013;9;3313;36;0.2;0.0
94;2021-01-12;1344;26;4657;62;0.3;0.0
94;2021-01-13;1407;24;6064;86;0.4;0.0
94;2021-01-14;1539;26;7603;112;0.5;0.0
94;2021-01-15;1219;22;8822;134;0.6;0.0
94;2021-01-16;197;2;9019;136;0.6;0.0
94;2021-01-17;95;1;9114;137;0.6;0.0
94;2021-01-18;1487;28;10601;165;0.8;0.0
94;2021-01-19;1950;26;12551;191;0.9;0.0
94;2021-01-20;2181;20;14732;211;1.0;0.0
94;2021-01-21;3001;16;17733;227;1.3;0.0
94;2021-01-22;2174;19;19907;246;1.4;0.0
94;2021-01-23;731;3;20638;249;1.5;0.0
94;2021-01-24;284;0;20922;249;1.5;0.0
94;2021-01-25;1466;21;22388;270;1.6;0.0
94;2021-01-26;1559;21;23947;291;1.7;0.0
94;2021-01-27;1803;27;25750;318;1.8;0.0
94;2021-01-28;1533;134;27283;452;1.9;0.0
94;2021-01-29;1380;150;28663;602;2.0;0.0
94;2021-01-30;579;4;29242;606;2.1;0.0
94;2021-01-31;119;8;29361;614;2.1;0.0
94;2021-02-01;926;154;30287;768;2.2;0.1
94;2021-02-02;853;253;31140;1021;2.2;0.1
94;2021-02-03;759;370;31899;1391;2.3;0.1
94;2021-02-04;901;433;32800;1824;2.3;0.1
94;2021-02-05;872;575;33672;2399;2.4;0.2
94;2021-02-06;405;76;34077;2475;2.4;0.2
94;2021-02-07;120;0;34197;2475;2.4;0.2
94;2021-02-08;634;550;34831;3025;2.5;0.2
94;2021-02-09;1036;989;35867;4014;2.6;0.3
94;2021-02-10;1100;1371;36967;5385;2.6;0.4
94;2021-02-11;1428;1560;38395;6945;2.7;0.5
94;2021-02-12;1388;1661;39783;8606;2.8;0.6
94;2021-02-13;300;263;40083;8869;2.9;0.6
94;2021-02-14;29;72;40112;8941;2.9;0.6
94;2021-02-15;751;1778;40863;10719;2.9;0.8
94;2021-02-16;702;2759;41565;13478;3.0;1.0
94;2021-02-17;713;1588;42278;15066;3.0;1.1
94;2021-02-18;786;1713;43064;16779;3.1;1.2
94;2021-02-19;964;1470;44028;18249;3.1;1.3
94;2021-02-20;133;923;44161;19172;3.1;1.4
94;2021-02-21;20;185;44181;19357;3.1;1.4
94;2021-02-22;520;1354;44701;20711;3.2;1.5
94;2021-02-23;627;1285;45328;21996;3.2;1.6
94;2021-02-24;692;925;46020;22921;3.3;1.6
94;2021-02-25;1069;1570;47089;24491;3.3;1.7
94;2021-02-26;1321;1075;48410;25566;3.4;1.8
94;2021-02-27;515;554;48925;26120;3.5;1.9
94;2021-02-28;91;84;49016;26204;3.5;1.9
94;2021-03-01;881;946;49897;27150;3.5;1.9
94;2021-03-02;1567;997;51464;28147;3.7;2.0
94;2021-03-03;1945;1024;53409;29171;3.8;2.1
94;2021-03-04;2855;1188;56264;30359;4.0;2.2
94;2021-03-05;3830;1356;60094;31715;4.3;2.3
94;2021-03-06;4814;582;64908;32297;4.6;2.3
94;2021-03-07;3686;565;68594;32862;4.9;2.3
94;2021-03-08;1914;811;70508;33673;5.0;2.4
94;2021-03-09;2552;932;73060;34605;5.2;2.5
94;2021-03-10;3198;1041;76258;35646;5.4;2.5
94;2021-03-11;3836;944;80094;36590;5.7;2.6
94;2021-03-12;4576;824;84670;37414;6.0;2.7
94;2021-03-13;4128;393;88798;37807;6.3;2.7
94;2021-03-14;2113;156;90911;37963;6.5;2.7
94;2021-03-15;3168;788;94079;38751;6.7;2.8
94;2021-03-16;2772;448;96851;39199;6.9;2.8
94;2021-03-17;2857;458;99708;39657;7.1;2.8
94;2021-03-18;3264;442;102972;40099;7.3;2.9
94;2021-03-19;4269;711;107241;40810;7.6;2.9
94;2021-03-20;3692;294;110933;41104;7.9;2.9
94;2021-03-21;1461;390;112394;41494;8.0;3.0
94;2021-03-22;3217;677;115611;42171;8.2;3.0
94;2021-03-23;4511;739;120122;42910;8.5;3.1
94;2021-03-24;4624;628;124746;43538;8.9;3.1
94;2021-03-25;6320;667;131066;44205;9.3;3.1
94;2021-03-26;6087;841;137153;45046;9.8;3.2
94;2021-03-27;4472;273;141625;45319;10.1;3.2
94;2021-03-28;1887;108;143512;45427;10.2;3.2
94;2021-03-29;4124;1227;147636;46654;10.5;3.3
94;2021-03-30;5299;1357;152935;48011;10.9;3.4
94;2021-03-31;4900;1812;157835;49823;11.2;3.5
94;2021-04-01;5820;2318;163655;52141;11.6;3.7
94;2021-04-02;5244;2334;168899;54475;12.0;3.9
94;2021-04-03;3089;2527;171988;57002;12.2;4.1
94;2021-04-04;1052;779;173040;57781;12.3;4.1
94;2021-04-05;833;159;173873;57940;12.4;4.1
94;2021-04-06;3573;2608;177446;60548;12.6;4.3
94;2021-04-07;3861;2268;181307;62816;12.9;4.5
94;2021-04-08;4622;2056;185929;64872;13.2;4.6
94;2021-04-09;5360;2476;191289;67348;13.6;4.8
94;2021-04-10;2960;3010;194249;70358;13.8;5.0
94;2021-04-11;1266;1768;195515;72126;13.9;5.1
94;2021-04-12;3439;2285;198954;74411;14.1;5.3
94;2021-04-13;4311;3428;203265;77839;14.5;5.5
94;2021-04-14;3900;2696;207165;80535;14.7;5.7
94;2021-04-15;4440;2987;211605;83522;15.0;5.9
94;2021-04-16;4704;2842;216309;86364;15.4;6.1
94;2021-04-17;2461;2770;218770;89134;15.6;6.3
94;2021-04-18;919;1249;219689;90383;15.6;6.4
94;2021-04-19;2975;2445;222664;92828;15.8;6.6
94;2021-04-20;3270;2710;225934;95538;16.1;6.8
94;2021-04-21;3217;3161;229151;98699;16.3;7.0
94;2021-04-22;3908;3645;233059;102344;16.6;7.3
94;2021-04-23;4112;3992;237171;106336;16.9;7.6
94;2021-04-24;4264;3402;241435;109738;17.2;7.8
94;2021-04-25;2409;1501;243844;111239;17.3;7.9
94;2021-04-26;4008;3277;247852;114516;17.6;8.1
94;2021-04-27;5092;3369;252944;117885;18.0;8.4
94;2021-04-28;4829;3631;257773;121516;18.3;8.6
94;2021-04-29;6412;3814;264185;125330;18.8;8.9
94;2021-04-30;6484;3936;270669;129266;19.3;9.2
94;2021-05-01;4056;1062;274725;130328;19.5;9.3
94;2021-05-02;3053;1473;277778;131801;19.8;9.4
94;2021-05-03;5735;5347;283513;137148;20.2;9.8
94;2021-05-04;6099;3572;289612;140720;20.6;10.0
94;2021-05-05;6179;3425;295791;144145;21.0;10.3
94;2021-05-06;7153;3532;302944;147677;21.5;10.5
94;2021-05-07;6668;4123;309612;151800;22.0;10.8
94;2021-05-08;4895;2551;314507;154351;22.4;11.0
94;2021-05-09;4226;2247;318733;156598;22.7;11.1
94;2021-05-10;7714;3126;326447;159724;23.2;11.4
94;2021-05-11;8973;3933;335420;163657;23.9;11.6
94;2021-05-12;9574;3604;344994;167261;24.5;11.9
94;2021-05-13;8677;1372;353671;168633;25.2;12.0
94;2021-05-14;9871;3323;363542;171956;25.9;12.2
94;2021-05-15;8941;2163;372483;174119;26.5;12.4
94;2021-05-16;5068;907;377551;175026;26.9;12.4
94;2021-05-17;10837;2252;388388;177278;27.6;12.6
94;2021-05-18;11294;2449;399682;179727;28.4;12.8
94;2021-05-19;11670;3597;411352;183324;29.3;13.0
94;2021-05-20;12150;4363;423502;187687;30.1;13.3
94;2021-05-21;11870;3154;435372;190841;31.0;13.6
94;2021-05-22;10290;1968;445662;192809;31.7;13.7
94;2021-05-23;5000;712;450662;193521;32.1;13.8
94;2021-05-24;9659;1348;460321;194869;32.7;13.9
94;2021-05-25;10001;4262;470322;199131;33.5;14.2
94;2021-05-26;10278;3310;480600;202441;34.2;14.4
94;2021-05-27;10862;4586;491462;207027;35.0;14.7
94;2021-05-28;10445;4952;501907;211979;35.7;15.1
94;2021-05-29;9874;3452;511781;215431;36.4;15.3
94;2021-05-30;4786;926;516567;216357;36.7;15.4
94;2021-05-31;9982;4235;526549;220592;37.4;15.7
94;2021-06-01;10274;5104;536823;225696;38.2;16.1
94;2021-06-02;9339;4587;546162;230283;38.8;16.4
94;2021-06-03;9550;5597;555712;235880;39.5;16.8
94;2021-06-04;10388;6529;566100;242409;40.3;17.2
94;2021-06-05;9199;6256;575299;248665;40.9;17.7
94;2021-06-06;3983;1850;579282;250515;41.2;17.8
94;2021-06-07;8664;5974;587946;256489;41.8;18.2
94;2021-06-08;8999;7526;596945;264015;42.5;18.8
94;2021-06-09;8927;8161;605872;272176;43.1;19.4
94;2021-06-10;8789;10981;614661;283157;43.7;20.1
94;2021-06-11;7829;8386;622490;291543;44.3;20.7
94;2021-06-12;10258;6839;632748;298382;45.0;21.2
94;2021-06-13;3468;3256;636216;301638;45.2;21.5
94;2021-06-14;6939;8217;643155;309855;45.7;22.0
94;2021-06-15;7721;8810;650876;318665;46.3;22.7
94;2021-06-16;7234;8272;658110;326937;46.8;23.3
94;2021-06-17;6693;9070;664803;336007;47.3;23.9
94;2021-06-18;6471;11954;671274;347961;47.7;24.7
94;2021-06-19;6010;9581;677284;357542;48.2;25.4
94;2021-06-20;1889;4010;679173;361552;48.3;25.7
94;2021-06-21;4498;11185;683671;372737;48.6;26.5
94;2021-06-22;4833;10812;688504;383549;49.0;27.3
94;2021-06-23;4166;11155;692670;394704;49.3;28.1
94;2021-06-24;4958;10333;697628;405037;49.6;28.8
94;2021-06-25;4274;13734;701902;418771;49.9;29.8
94;2021-06-26;3137;11988;705039;430759;50.1;30.6
94;2021-06-27;1058;4998;706097;435757;50.2;31.0
94;2021-06-28;3480;12076;709577;447833;50.5;31.9
94;2021-06-29;4037;12181;713614;460014;50.8;32.7
94;2021-06-30;4095;11626;717709;471640;51.0;33.5
94;2021-07-01;4489;11099;722198;482739;51.4;34.3
94;2021-07-02;4844;12183;727042;494922;51.7;35.2
94;2021-07-03;3674;11802;730716;506724;52.0;36.0
94;2021-07-04;1509;5080;732225;511804;52.1;36.4
94;2021-07-05;4060;11429;736285;523233;52.4;37.2
94;2021-07-06;4138;10887;740423;534120;52.7;38.0
94;2021-07-07;4665;11066;745088;545186;53.0;38.8
94;2021-07-08;4737;10024;749825;555210;53.3;39.5
94;2021-07-09;4673;11833;754498;567043;53.7;40.3
94;2021-07-10;3911;11357;758409;578400;53.9;41.1
94;2021-07-11;1524;4715;759933;583115;54.0;41.5
94;2021-07-12;3852;11965;763785;595080;54.3;42.3
94;2021-07-13;5954;12006;769739;607086;54.7;43.2
94;2021-07-14;4037;5284;773776;612370;55.0;43.6
94;2021-07-15;6461;12349;780237;624719;55.5;44.4
94;2021-07-16;6843;11284;787080;636003;56.0;45.2
94;2021-07-17;5647;11315;792727;647318;56.4;46.0
94;2021-07-18;2598;4017;795325;651335;56.6;46.3
94;2021-07-19;5863;10424;801188;661759;57.0;47.1
94;2021-07-20;7907;10362;809095;672121;57.5;47.8
94;2021-07-21;8463;9538;817558;681659;58.1;48.5
94;2021-07-22;9279;9368;826837;691027;58.8;49.1
94;2021-07-23;8646;9365;835483;700392;59.4;49.8
94;2021-07-24;7108;8851;842591;709243;59.9;50.4
94;2021-07-25;2179;2736;844770;711979;60.1;50.6
94;2021-07-26;7618;8048;852388;720027;60.6;51.2
94;2021-07-27;8612;7091;861000;727118;61.2;51.7
94;2021-07-28;8761;6513;869761;733631;61.9;52.2
94;2021-07-29;8854;6307;878615;739938;62.5;52.6
94;2021-07-30;7680;6511;886295;746449;63.0;53.1
94;2021-07-31;7102;6270;893397;752719;63.5;53.5
94;2021-08-01;3146;1767;896543;754486;63.8;53.7
94;2021-08-02;6040;5405;902583;759891;64.2;54.0
94;2021-08-03;6066;5121;908649;765012;64.6;54.4
94;2021-08-04;5942;5066;914591;770078;65.0;54.8
94;2021-08-05;5570;5382;920161;775460;65.4;55.2
94;2021-08-06;5364;5752;925525;781212;65.8;55.6
94;2021-08-07;4192;4441;929717;785653;66.1;55.9
94;2021-08-08;1351;1691;931068;787344;66.2;56.0
94;2021-08-09;4738;6749;935806;794093;66.6;56.5
94;2021-08-10;5183;6452;940989;800545;66.9;56.9
94;2021-08-11;4100;5856;945089;806401;67.2;57.4
95;2020-12-27;3;0;3;0;0.0;0.0
95;2020-12-28;4;0;7;0;0.0;0.0
95;2020-12-29;0;0;7;0;0.0;0.0
95;2020-12-30;0;0;7;0;0.0;0.0
95;2020-12-31;2;0;9;0;0.0;0.0
95;2021-01-01;0;0;9;0;0.0;0.0
95;2021-01-02;13;0;22;0;0.0;0.0
95;2021-01-03;1;0;23;0;0.0;0.0
95;2021-01-04;48;0;71;0;0.0;0.0
95;2021-01-05;311;0;382;0;0.0;0.0
95;2021-01-06;192;0;574;0;0.0;0.0
95;2021-01-07;130;0;704;0;0.1;0.0
95;2021-01-08;277;1;981;1;0.1;0.0
95;2021-01-09;251;0;1232;1;0.1;0.0
95;2021-01-10;383;1;1615;2;0.1;0.0
95;2021-01-11;488;1;2103;3;0.2;0.0
95;2021-01-12;862;1;2965;4;0.2;0.0
95;2021-01-13;781;13;3746;17;0.3;0.0
95;2021-01-14;887;13;4633;30;0.4;0.0
95;2021-01-15;758;5;5391;35;0.4;0.0
95;2021-01-16;298;3;5689;38;0.5;0.0
95;2021-01-17;221;1;5910;39;0.5;0.0
95;2021-01-18;1336;5;7246;44;0.6;0.0
95;2021-01-19;1573;6;8819;50;0.7;0.0
95;2021-01-20;2036;5;10855;55;0.9;0.0
95;2021-01-21;1852;3;12707;58;1.0;0.0
95;2021-01-22;1320;5;14027;63;1.1;0.0
95;2021-01-23;647;0;14674;63;1.2;0.0
95;2021-01-24;181;0;14855;63;1.2;0.0
95;2021-01-25;796;37;15651;100;1.3;0.0
95;2021-01-26;987;160;16638;260;1.3;0.0
95;2021-01-27;1250;192;17888;452;1.4;0.0
95;2021-01-28;1720;36;19608;488;1.6;0.0
95;2021-01-29;1247;211;20855;699;1.7;0.1
95;2021-01-30;477;5;21332;704;1.7;0.1
95;2021-01-31;212;2;21544;706;1.7;0.1
95;2021-02-01;565;275;22109;981;1.8;0.1
95;2021-02-02;527;268;22636;1249;1.8;0.1
95;2021-02-03;612;519;23248;1768;1.9;0.1
95;2021-02-04;1065;369;24313;2137;1.9;0.2
95;2021-02-05;732;307;25045;2444;2.0;0.2
95;2021-02-06;335;257;25380;2701;2.0;0.2
95;2021-02-07;140;418;25520;3119;2.0;0.2
95;2021-02-08;764;345;26284;3464;2.1;0.3
95;2021-02-09;1131;1092;27415;4556;2.2;0.4
95;2021-02-10;1255;1413;28670;5969;2.3;0.5
95;2021-02-11;1385;1149;30055;7118;2.4;0.6
95;2021-02-12;1032;993;31087;8111;2.5;0.6
95;2021-02-13;329;318;31416;8429;2.5;0.7
95;2021-02-14;39;194;31455;8623;2.5;0.7
95;2021-02-15;425;1073;31880;9696;2.6;0.8
95;2021-02-16;493;925;32373;10621;2.6;0.9
95;2021-02-17;654;1141;33027;11762;2.6;0.9
95;2021-02-18;721;1691;33748;13453;2.7;1.1
95;2021-02-19;782;1309;34530;14762;2.8;1.2
95;2021-02-20;305;493;34835;15255;2.8;1.2
95;2021-02-21;165;320;35000;15575;2.8;1.2
95;2021-02-22;327;1026;35327;16601;2.8;1.3
95;2021-02-23;368;733;35695;17334;2.9;1.4
95;2021-02-24;309;883;36004;18217;2.9;1.5
95;2021-02-25;720;1133;36724;19350;2.9;1.6
95;2021-02-26;988;888;37712;20238;3.0;1.6
95;2021-02-27;365;433;38077;20671;3.1;1.7
95;2021-02-28;61;236;38138;20907;3.1;1.7
95;2021-03-01;770;592;38908;21499;3.1;1.7
95;2021-03-02;1319;857;40227;22356;3.2;1.8
95;2021-03-03;1596;983;41823;23339;3.4;1.9
95;2021-03-04;3190;1203;45013;24542;3.6;2.0
95;2021-03-05;3652;1101;48665;25643;3.9;2.1
95;2021-03-06;4003;498;52668;26141;4.2;2.1
95;2021-03-07;4220;317;56888;26458;4.6;2.1
95;2021-03-08;1541;869;58429;27327;4.7;2.2
95;2021-03-09;2622;500;61051;27827;4.9;2.2
95;2021-03-10;2341;852;63392;28679;5.1;2.3
95;2021-03-11;3136;1147;66528;29826;5.3;2.4
95;2021-03-12;3517;798;70045;30624;5.6;2.5
95;2021-03-13;3518;415;73563;31039;5.9;2.5
95;2021-03-14;1984;297;75547;31336;6.1;2.5
95;2021-03-15;2372;323;77919;31659;6.2;2.5
95;2021-03-16;1573;416;79492;32075;6.4;2.6
95;2021-03-17;2102;417;81594;32492;6.5;2.6
95;2021-03-18;2797;367;84391;32859;6.8;2.6
95;2021-03-19;3470;353;87861;33212;7.0;2.7
95;2021-03-20;2590;203;90451;33415;7.2;2.7
95;2021-03-21;1198;243;91649;33658;7.3;2.7
95;2021-03-22;2936;368;94585;34026;7.6;2.7
95;2021-03-23;3432;457;98017;34483;7.9;2.8
95;2021-03-24;3939;508;101956;34991;8.2;2.8
95;2021-03-25;5856;649;107812;35640;8.6;2.9
95;2021-03-26;5429;676;113241;36316;9.1;2.9
95;2021-03-27;3748;213;116989;36529;9.4;2.9
95;2021-03-28;1532;114;118521;36643;9.5;2.9
95;2021-03-29;2893;576;121414;37219;9.7;3.0
95;2021-03-30;3883;1232;125297;38451;10.0;3.1
95;2021-03-31;3655;1665;128952;40116;10.3;3.2
95;2021-04-01;5478;2265;134430;42381;10.8;3.4
95;2021-04-02;3545;2758;137975;45139;11.1;3.6
95;2021-04-03;2092;2485;140067;47624;11.2;3.8
95;2021-04-04;1244;1200;141311;48824;11.3;3.9
95;2021-04-05;593;64;141904;48888;11.4;3.9
95;2021-04-06;1855;1538;143759;50426;11.5;4.0
95;2021-04-07;4949;2179;148708;52605;11.9;4.2
95;2021-04-08;4893;2456;153601;55061;12.3;4.4
95;2021-04-09;5431;2330;159032;57391;12.7;4.6
95;2021-04-10;3707;1434;162739;58825;13.0;4.7
95;2021-04-11;1566;1032;164305;59857;13.2;4.8
95;2021-04-12;3250;1612;167555;61469;13.4;4.9
95;2021-04-13;3140;1676;170695;63145;13.7;5.1
95;2021-04-14;2745;1992;173440;65137;13.9;5.2
95;2021-04-15;3898;3333;177338;68470;14.2;5.5
95;2021-04-16;4064;3025;181402;71495;14.5;5.7
95;2021-04-17;2374;1755;183776;73250;14.7;5.9
95;2021-04-18;1509;1022;185285;74272;14.8;5.9
95;2021-04-19;2566;2370;187851;76642;15.0;6.1
95;2021-04-20;2118;2453;189969;79095;15.2;6.3
95;2021-04-21;3930;2632;193899;81727;15.5;6.5
95;2021-04-22;3409;4627;197308;86354;15.8;6.9
95;2021-04-23;2767;3559;200075;89913;16.0;7.2
95;2021-04-24;3569;2583;203644;92496;16.3;7.4
95;2021-04-25;1961;1548;205605;94044;16.5;7.5
95;2021-04-26;2749;2705;208354;96749;16.7;7.8
95;2021-04-27;3848;2170;212202;98919;17.0;7.9
95;2021-04-28;3887;2670;216089;101589;17.3;8.1
95;2021-04-29;6138;4542;222227;106131;17.8;8.5
95;2021-04-30;6904;2933;229131;109064;18.4;8.7
95;2021-05-01;2367;918;231498;109982;18.5;8.8
95;2021-05-02;2447;1493;233945;111475;18.7;8.9
95;2021-05-03;5126;1921;239071;113396;19.2;9.1
95;2021-05-04;6354;2722;245425;116118;19.7;9.3
95;2021-05-05;5146;3810;250571;119928;20.1;9.6
95;2021-05-06;8202;4928;258773;124856;20.7;10.0
95;2021-05-07;5775;4750;264548;129606;21.2;10.4
95;2021-05-08;5740;1529;270288;131135;21.7;10.5
95;2021-05-09;2825;1577;273113;132712;21.9;10.6
95;2021-05-10;9955;3180;283068;135892;22.7;10.9
95;2021-05-11;8446;3456;291514;139348;23.4;11.2
95;2021-05-12;9460;3214;300974;142562;24.1;11.4
95;2021-05-13;7954;1203;308928;143765;24.7;11.5
95;2021-05-14;7013;1907;315941;145672;25.3;11.7
95;2021-05-15;4513;1068;320454;146740;25.7;11.8
95;2021-05-16;4820;825;325274;147565;26.1;11.8
95;2021-05-17;7737;1348;333011;148913;26.7;11.9
95;2021-05-18;9462;1860;342473;150773;27.4;12.1
95;2021-05-19;9245;2512;351718;153285;28.2;12.3
95;2021-05-20;12581;2442;364299;155727;29.2;12.5
95;2021-05-21;10178;2535;374477;158262;30.0;12.7
95;2021-05-22;9400;1557;383877;159819;30.8;12.8
95;2021-05-23;4140;949;388017;160768;31.1;12.9
95;2021-05-24;2397;538;390414;161306;31.3;12.9
95;2021-05-25;7208;2078;397622;163384;31.9;13.1
95;2021-05-26;8850;3122;406472;166506;32.6;13.3
95;2021-05-27;10361;4429;416833;170935;33.4;13.7
95;2021-05-28;7685;4422;424518;175357;34.0;14.0
95;2021-05-29;5263;2763;429781;178120;34.4;14.3
95;2021-05-30;3730;1694;433511;179814;34.7;14.4
95;2021-05-31;6427;3326;439938;183140;35.2;14.7
95;2021-06-01;8782;3806;448720;186946;35.9;15.0
95;2021-06-02;8795;4737;457515;191683;36.6;15.4
95;2021-06-03;8526;6555;466041;198238;37.3;15.9
95;2021-06-04;8880;4404;474921;202642;38.0;16.2
95;2021-06-05;8335;3740;483256;206382;38.7;16.5
95;2021-06-06;4829;1602;488085;207984;39.1;16.7
95;2021-06-07;6051;4538;494136;212522;39.6;17.0
95;2021-06-08;6539;5514;500675;218036;40.1;17.5
95;2021-06-09;6212;6467;506887;224503;40.6;18.0
95;2021-06-10;6413;6812;513300;231315;41.1;18.5
95;2021-06-11;7197;6437;520497;237752;41.7;19.0
95;2021-06-12;6007;4374;526504;242126;42.2;19.4
95;2021-06-13;2084;3284;528588;245410;42.3;19.7
95;2021-06-14;5255;5980;533843;251390;42.8;20.1
95;2021-06-15;5588;8068;539431;259458;43.2;20.8
95;2021-06-16;5441;7530;544872;266988;43.6;21.4
95;2021-06-17;6548;8154;551420;275142;44.2;22.0
95;2021-06-18;5573;7851;556993;282993;44.6;22.7
95;2021-06-19;4966;8921;561959;291914;45.0;23.4
95;2021-06-20;1427;3309;563386;295223;45.1;23.6
95;2021-06-21;3373;7714;566759;302937;45.4;24.3
95;2021-06-22;5018;9040;571777;311977;45.8;25.0
95;2021-06-23;4741;10873;576518;322850;46.2;25.9
95;2021-06-24;4912;10712;581430;333562;46.6;26.7
95;2021-06-25;4806;10350;586236;343912;47.0;27.5
95;2021-06-26;4321;8480;590557;352392;47.3;28.2
95;2021-06-27;1032;3990;591589;356382;47.4;28.5
95;2021-06-28;2704;9485;594293;365867;47.6;29.3
95;2021-06-29;2525;8785;596818;374652;47.8;30.0
95;2021-06-30;3930;9990;600748;384642;48.1;30.8
95;2021-07-01;4387;11155;605135;395797;48.5;31.7
95;2021-07-02;4144;10544;609279;406341;48.8;32.6
95;2021-07-03;3535;9150;612814;415491;49.1;33.3
95;2021-07-04;1271;3402;614085;418893;49.2;33.6
95;2021-07-05;2335;4373;616420;423266;49.4;33.9
95;2021-07-06;2655;7746;619075;431012;49.6;34.5
95;2021-07-07;3959;9624;623034;440636;49.9;35.3
95;2021-07-08;5305;9814;628339;450450;50.3;36.1
95;2021-07-09;4514;10067;632853;460517;50.7;36.9
95;2021-07-10;3392;7384;636245;467901;51.0;37.5
95;2021-07-11;1518;3603;637763;471504;51.1;37.8
95;2021-07-12;2958;9680;640721;481184;51.3;38.5
95;2021-07-13;5035;10054;645756;491238;51.7;39.4
95;2021-07-14;4370;5720;650126;496958;52.1;39.8
95;2021-07-15;7333;12348;657459;509306;52.7;40.8
95;2021-07-16;7899;11982;665358;521288;53.3;41.8
95;2021-07-17;5034;7814;670392;529102;53.7;42.4
95;2021-07-18;3432;2884;673824;531986;54.0;42.6
95;2021-07-19;4758;6859;678582;538845;54.4;43.2
95;2021-07-20;6866;8364;685448;547209;54.9;43.8
95;2021-07-21;9179;9414;694627;556623;55.6;44.6
95;2021-07-22;9906;9695;704533;566318;56.4;45.4
95;2021-07-23;10785;10178;715318;576496;57.3;46.2
95;2021-07-24;5238;6233;720556;582729;57.7;46.7
95;2021-07-25;2150;2272;722706;585001;57.9;46.9
95;2021-07-26;4477;4011;727183;589012;58.3;47.2
95;2021-07-27;8379;7027;735562;596039;58.9;47.7
95;2021-07-28;9622;7522;745184;603561;59.7;48.3
95;2021-07-29;8341;5455;753525;609016;60.4;48.8
95;2021-07-30;8390;7742;761915;616758;61.0;49.4
95;2021-07-31;4199;4104;766114;620862;61.4;49.7
95;2021-08-01;2189;1355;768303;622217;61.5;49.8
95;2021-08-02;4098;3892;772401;626109;61.9;50.2
95;2021-08-03;6066;5498;778467;631607;62.4;50.6
95;2021-08-04;6412;6050;784879;637657;62.9;51.1
95;2021-08-05;6795;5711;791674;643368;63.4;51.5
95;2021-08-06;6439;7041;798113;650409;63.9;52.1
95;2021-08-07;2821;3183;800934;653592;64.2;52.4
95;2021-08-08;1327;1878;802261;655470;64.3;52.5
95;2021-08-09;3866;5026;806127;660496;64.6;52.9
95;2021-08-10;5170;5821;811297;666317;65.0;53.4
95;2021-08-11;5252;6486;816549;672803;65.4;53.9
971;2020-12-27;0;0;0;0;0.0;0.0
971;2020-12-28;0;0;0;0;0.0;0.0
971;2020-12-29;0;0;0;0;0.0;0.0
971;2020-12-30;0;0;0;0;0.0;0.0
971;2020-12-31;0;0;0;0;0.0;0.0
971;2021-01-01;1;0;1;0;0.0;0.0
971;2021-01-02;0;0;1;0;0.0;0.0
971;2021-01-03;0;0;1;0;0.0;0.0
971;2021-01-04;1;0;2;0;0.0;0.0
971;2021-01-05;0;0;2;0;0.0;0.0
971;2021-01-06;1;0;3;0;0.0;0.0
971;2021-01-07;0;0;3;0;0.0;0.0
971;2021-01-08;56;1;59;1;0.0;0.0
971;2021-01-09;20;0;79;1;0.0;0.0
971;2021-01-10;0;0;79;1;0.0;0.0
971;2021-01-11;60;0;139;1;0.0;0.0
971;2021-01-12;45;0;184;1;0.0;0.0
971;2021-01-13;47;1;231;2;0.1;0.0
971;2021-01-14;63;0;294;2;0.1;0.0
971;2021-01-15;77;0;371;2;0.1;0.0
971;2021-01-16;0;0;371;2;0.1;0.0
971;2021-01-17;0;0;371;2;0.1;0.0
971;2021-01-18;80;1;451;3;0.1;0.0
971;2021-01-19;145;0;596;3;0.2;0.0
971;2021-01-20;135;0;731;3;0.2;0.0
971;2021-01-21;152;1;883;4;0.2;0.0
971;2021-01-22;134;0;1017;4;0.3;0.0
971;2021-01-23;1;0;1018;4;0.3;0.0
971;2021-01-24;0;0;1018;4;0.3;0.0
971;2021-01-25;202;1;1220;5;0.3;0.0
971;2021-01-26;216;1;1436;6;0.4;0.0
971;2021-01-27;234;0;1670;6;0.4;0.0
971;2021-01-28;239;4;1909;10;0.5;0.0
971;2021-01-29;197;2;2106;12;0.6;0.0
971;2021-01-30;24;0;2130;12;0.6;0.0
971;2021-01-31;1;0;2131;12;0.6;0.0
971;2021-02-01;228;4;2359;16;0.6;0.0
971;2021-02-02;243;24;2602;40;0.7;0.0
971;2021-02-03;223;3;2825;43;0.7;0.0
971;2021-02-04;300;22;3125;65;0.8;0.0
971;2021-02-05;275;32;3400;97;0.9;0.0
971;2021-02-06;49;1;3449;98;0.9;0.0
971;2021-02-07;0;0;3449;98;0.9;0.0
971;2021-02-08;254;22;3703;120;1.0;0.0
971;2021-02-09;317;29;4020;149;1.1;0.0
971;2021-02-10;240;29;4260;178;1.1;0.0
971;2021-02-11;296;111;4556;289;1.2;0.1
971;2021-02-12;287;26;4843;315;1.3;0.1
971;2021-02-13;50;7;4893;322;1.3;0.1
971;2021-02-14;20;36;4913;358;1.3;0.1
971;2021-02-15;83;46;4996;404;1.3;0.1
971;2021-02-16;16;1;5012;405;1.3;0.1
971;2021-02-17;17;1;5029;406;1.3;0.1
971;2021-02-18;244;17;5273;423;1.4;0.1
971;2021-02-19;244;21;5517;444;1.5;0.1
971;2021-02-20;48;0;5565;444;1.5;0.1
971;2021-02-21;1;0;5566;444;1.5;0.1
971;2021-02-22;180;65;5746;509;1.5;0.1
971;2021-02-23;196;74;5942;583;1.6;0.2
971;2021-02-24;332;125;6274;708;1.7;0.2
971;2021-02-25;380;80;6654;788;1.8;0.2
971;2021-02-26;222;84;6876;872;1.8;0.2
971;2021-02-27;65;0;6941;872;1.8;0.2
971;2021-02-28;1;0;6942;872;1.8;0.2
971;2021-03-01;171;82;7113;954;1.9;0.3
971;2021-03-02;272;133;7385;1087;2.0;0.3
971;2021-03-03;240;121;7625;1208;2.0;0.3
971;2021-03-04;328;86;7953;1294;2.1;0.3
971;2021-03-05;364;152;8317;1446;2.2;0.4
971;2021-03-06;598;9;8915;1455;2.4;0.4
971;2021-03-07;1;0;8916;1455;2.4;0.4
971;2021-03-08;316;141;9232;1596;2.4;0.4
971;2021-03-09;385;155;9617;1751;2.6;0.5
971;2021-03-10;422;163;10039;1914;2.7;0.5
971;2021-03-11;123;46;10162;1960;2.7;0.5
971;2021-03-12;504;228;10666;2188;2.8;0.6
971;2021-03-13;136;3;10802;2191;2.9;0.6
971;2021-03-14;14;23;10816;2214;2.9;0.6
971;2021-03-15;422;47;11238;2261;3.0;0.6
971;2021-03-16;482;84;11720;2345;3.1;0.6
971;2021-03-17;468;89;12188;2434;3.2;0.6
971;2021-03-18;583;106;12771;2540;3.4;0.7
971;2021-03-19;580;100;13351;2640;3.5;0.7
971;2021-03-20;177;44;13528;2684;3.6;0.7
971;2021-03-21;8;0;13536;2684;3.6;0.7
971;2021-03-22;355;88;13891;2772;3.7;0.7
971;2021-03-23;536;157;14427;2929;3.8;0.8
971;2021-03-24;472;108;14899;3037;4.0;0.8
971;2021-03-25;759;182;15658;3219;4.2;0.9
971;2021-03-26;645;121;16303;3340;4.3;0.9
971;2021-03-27;286;47;16589;3387;4.4;0.9
971;2021-03-28;24;1;16613;3388;4.4;0.9
971;2021-03-29;384;84;16997;3472;4.5;0.9
971;2021-03-30;623;164;17620;3636;4.7;1.0
971;2021-03-31;546;133;18166;3769;4.8;1.0
971;2021-04-01;660;198;18826;3967;5.0;1.1
971;2021-04-02;38;35;18864;4002;5.0;1.1
971;2021-04-03;56;2;18920;4004;5.0;1.1
971;2021-04-04;4;18;18924;4022;5.0;1.1
971;2021-04-05;12;0;18936;4022;5.0;1.1
971;2021-04-06;481;193;19417;4215;5.2;1.1
971;2021-04-07;580;117;19997;4332;5.3;1.1
971;2021-04-08;511;165;20508;4497;5.4;1.2
971;2021-04-09;491;210;20999;4707;5.6;1.2
971;2021-04-10;101;4;21100;4711;5.6;1.3
971;2021-04-11;8;23;21108;4734;5.6;1.3
971;2021-04-12;302;262;21410;4996;5.7;1.3
971;2021-04-13;555;325;21965;5321;5.8;1.4
971;2021-04-14;436;224;22401;5545;5.9;1.5
971;2021-04-15;550;312;22951;5857;6.1;1.6
971;2021-04-16;564;273;23515;6130;6.2;1.6
971;2021-04-17;210;4;23725;6134;6.3;1.6
971;2021-04-18;6;14;23731;6148;6.3;1.6
971;2021-04-19;400;243;24131;6391;6.4;1.7
971;2021-04-20;724;345;24855;6736;6.6;1.8
971;2021-04-21;625;312;25480;7048;6.8;1.9
971;2021-04-22;810;335;26290;7383;7.0;2.0
971;2021-04-23;846;250;27136;7633;7.2;2.0
971;2021-04-24;388;76;27524;7709;7.3;2.0
971;2021-04-25;601;64;28125;7773;7.5;2.1
971;2021-04-26;963;217;29088;7990;7.7;2.1
971;2021-04-27;700;235;29788;8225;7.9;2.2
971;2021-04-28;860;267;30648;8492;8.1;2.3
971;2021-04-29;1198;202;31846;8694;8.4;2.3
971;2021-04-30;1269;190;33115;8884;8.8;2.4
971;2021-05-01;604;45;33719;8929;8.9;2.4
971;2021-05-02;354;18;34073;8947;9.0;2.4
971;2021-05-03;921;185;34994;9132;9.3;2.4
971;2021-05-04;958;207;35952;9339;9.5;2.5
971;2021-05-05;1011;252;36963;9591;9.8;2.5
971;2021-05-06;1147;175;38110;9766;10.1;2.6
971;2021-05-07;1259;271;39369;10037;10.4;2.7
971;2021-05-08;321;36;39690;10073;10.5;2.7
971;2021-05-09;182;10;39872;10083;10.6;2.7
971;2021-05-10;839;216;40711;10299;10.8;2.7
971;2021-05-11;965;317;41676;10616;11.1;2.8
971;2021-05-12;905;325;42581;10941;11.3;2.9
971;2021-05-13;211;79;42792;11020;11.4;2.9
971;2021-05-14;861;275;43653;11295;11.6;3.0
971;2021-05-15;486;15;44139;11310;11.7;3.0
971;2021-05-16;181;36;44320;11346;11.8;3.0
971;2021-05-17;718;278;45038;11624;12.0;3.1
971;2021-05-18;743;389;45781;12013;12.1;3.2
971;2021-05-19;700;530;46481;12543;12.3;3.3
971;2021-05-20;804;379;47285;12922;12.5;3.4
971;2021-05-21;821;408;48106;13330;12.8;3.5
971;2021-05-22;501;215;48607;13545;12.9;3.6
971;2021-05-23;201;114;48808;13659;13.0;3.6
971;2021-05-24;201;176;49009;13835;13.0;3.7
971;2021-05-25;546;662;49555;14497;13.1;3.8
971;2021-05-26;594;492;50149;14989;13.3;4.0
971;2021-05-27;132;184;50281;15173;13.3;4.0
971;2021-05-28;518;528;50799;15701;13.5;4.2
971;2021-05-29;235;138;51034;15839;13.5;4.2
971;2021-05-30;76;113;51110;15952;13.6;4.2
971;2021-05-31;453;536;51563;16488;13.7;4.4
971;2021-06-01;592;709;52155;17197;13.8;4.6
971;2021-06-02;578;707;52733;17904;14.0;4.8
971;2021-06-03;506;564;53239;18468;14.1;4.9
971;2021-06-04;796;806;54035;19274;14.3;5.1
971;2021-06-05;316;645;54351;19919;14.4;5.3
971;2021-06-06;136;530;54487;20449;14.5;5.4
971;2021-06-07;422;784;54909;21233;14.6;5.6
971;2021-06-08;506;893;55415;22126;14.7;5.9
971;2021-06-09;502;860;55917;22986;14.8;6.1
971;2021-06-10;531;847;56448;23833;15.0;6.3
971;2021-06-11;466;1242;56914;25075;15.1;6.7
971;2021-06-12;299;663;57213;25738;15.2;6.8
971;2021-06-13;129;314;57342;26052;15.2;6.9
971;2021-06-14;370;3792;57712;29844;15.3;7.9
971;2021-06-15;484;2002;58196;31846;15.4;8.4
971;2021-06-16;479;1481;58675;33327;15.6;8.8
971;2021-06-17;431;1013;59106;34340;15.7;9.1
971;2021-06-18;479;1019;59585;35359;15.8;9.4
971;2021-06-19;314;508;59899;35867;15.9;9.5
971;2021-06-20;111;231;60010;36098;15.9;9.6
971;2021-06-21;334;679;60344;36777;16.0;9.8
971;2021-06-22;330;873;60674;37650;16.1;10.0
971;2021-06-23;368;891;61042;38541;16.2;10.2
971;2021-06-24;414;733;61456;39274;16.3;10.4
971;2021-06-25;453;762;61909;40036;16.4;10.6
971;2021-06-26;300;516;62209;40552;16.5;10.8
971;2021-06-27;116;149;62325;40701;16.5;10.8
971;2021-06-28;304;689;62629;41390;16.6;11.0
971;2021-06-29;381;782;63010;42172;16.7;11.2
971;2021-06-30;433;921;63443;43093;16.8;11.4
971;2021-07-01;358;651;63801;43744;16.9;11.6
971;2021-07-02;422;691;64223;44435;17.0;11.8
971;2021-07-03;270;463;64493;44898;17.1;11.9
971;2021-07-04;112;239;64605;45137;17.1;12.0
971;2021-07-05;327;510;64932;45647;17.2;12.1
971;2021-07-06;379;765;65311;46412;17.3;12.3
971;2021-07-07;376;845;65687;47257;17.4;12.5
971;2021-07-08;406;791;66093;48048;17.5;12.7
971;2021-07-09;430;795;66523;48843;17.7;13.0
971;2021-07-10;245;294;66768;49137;17.7;13.0
971;2021-07-11;170;135;66938;49272;17.8;13.1
971;2021-07-12;477;609;67415;49881;17.9;13.2
971;2021-07-13;860;1009;68275;50890;18.1;13.5
971;2021-07-14;462;281;68737;51171;18.2;13.6
971;2021-07-15;858;834;69595;52005;18.5;13.8
971;2021-07-16;1072;1039;70667;53044;18.8;14.1
971;2021-07-17;645;442;71312;53486;18.9;14.2
971;2021-07-18;398;216;71710;53702;19.0;14.2
971;2021-07-19;572;578;72282;54280;19.2;14.4
971;2021-07-20;804;726;73086;55006;19.4;14.6
971;2021-07-21;754;494;73840;55500;19.6;14.7
971;2021-07-22;939;868;74779;56368;19.8;15.0
971;2021-07-23;1005;750;75784;57118;20.1;15.2
971;2021-07-24;408;378;76192;57496;20.2;15.3
971;2021-07-25;247;259;76439;57755;20.3;15.3
971;2021-07-26;628;557;77067;58312;20.4;15.5
971;2021-07-27;786;572;77853;58884;20.7;15.6
971;2021-07-28;771;645;78624;59529;20.9;15.8
971;2021-07-29;871;656;79495;60185;21.1;16.0
971;2021-07-30;1245;743;80740;60928;21.4;16.2
971;2021-07-31;551;410;81291;61338;21.6;16.3
971;2021-08-01;307;244;81598;61582;21.7;16.3
971;2021-08-02;749;419;82347;62001;21.8;16.5
971;2021-08-03;710;667;83057;62668;22.0;16.6
971;2021-08-04;647;662;83704;63330;22.2;16.8
971;2021-08-05;613;579;84317;63909;22.4;17.0
971;2021-08-06;885;624;85202;64533;22.6;17.1
971;2021-08-07;446;388;85648;64921;22.7;17.2
971;2021-08-08;261;313;85909;65234;22.8;17.3
971;2021-08-09;576;585;86485;65819;22.9;17.5
971;2021-08-10;733;795;87218;66614;23.1;17.7
971;2021-08-11;849;720;88067;67334;23.4;17.9
972;2020-12-27;0;0;0;0;0.0;0.0
972;2020-12-28;0;0;0;0;0.0;0.0
972;2020-12-29;0;0;0;0;0.0;0.0
972;2020-12-30;0;0;0;0;0.0;0.0
972;2020-12-31;0;0;0;0;0.0;0.0
972;2021-01-01;0;0;0;0;0.0;0.0
972;2021-01-02;0;0;0;0;0.0;0.0
972;2021-01-03;0;0;0;0;0.0;0.0
972;2021-01-04;0;0;0;0;0.0;0.0
972;2021-01-05;0;0;0;0;0.0;0.0
972;2021-01-06;5;0;5;0;0.0;0.0
972;2021-01-07;31;0;36;0;0.0;0.0
972;2021-01-08;90;1;126;1;0.0;0.0
972;2021-01-09;20;0;146;1;0.0;0.0
972;2021-01-10;0;0;146;1;0.0;0.0
972;2021-01-11;122;0;268;1;0.1;0.0
972;2021-01-12;79;0;347;1;0.1;0.0
972;2021-01-13;65;0;412;1;0.1;0.0
972;2021-01-14;88;1;500;2;0.1;0.0
972;2021-01-15;164;0;664;2;0.2;0.0
972;2021-01-16;51;0;715;2;0.2;0.0
972;2021-01-17;0;0;715;2;0.2;0.0
972;2021-01-18;158;0;873;2;0.2;0.0
972;2021-01-19;168;1;1041;3;0.3;0.0
972;2021-01-20;165;0;1206;3;0.3;0.0
972;2021-01-21;181;2;1387;5;0.4;0.0
972;2021-01-22;173;0;1560;5;0.4;0.0
972;2021-01-23;58;0;1618;5;0.5;0.0
972;2021-01-24;0;0;1618;5;0.5;0.0
972;2021-01-25;161;0;1779;5;0.5;0.0
972;2021-01-26;137;1;1916;6;0.5;0.0
972;2021-01-27;163;5;2079;11;0.6;0.0
972;2021-01-28;152;12;2231;23;0.6;0.0
972;2021-01-29;143;41;2374;64;0.7;0.0
972;2021-01-30;96;16;2470;80;0.7;0.0
972;2021-01-31;0;0;2470;80;0.7;0.0
972;2021-02-01;119;74;2589;154;0.7;0.0
972;2021-02-02;184;96;2773;250;0.8;0.1
972;2021-02-03;132;79;2905;329;0.8;0.1
972;2021-02-04;159;72;3064;401;0.9;0.1
972;2021-02-05;124;96;3188;497;0.9;0.1
972;2021-02-06;62;26;3250;523;0.9;0.1
972;2021-02-07;1;0;3251;523;0.9;0.1
972;2021-02-08;137;80;3388;603;0.9;0.2
972;2021-02-09;176;78;3564;681;1.0;0.2
972;2021-02-10;153;90;3717;771;1.0;0.2
972;2021-02-11;150;103;3867;874;1.1;0.2
972;2021-02-12;146;130;4013;1004;1.1;0.3
972;2021-02-13;47;37;4060;1041;1.1;0.3
972;2021-02-14;0;0;4060;1041;1.1;0.3
972;2021-02-15;51;67;4111;1108;1.1;0.3
972;2021-02-16;0;1;4111;1109;1.1;0.3
972;2021-02-17;1;3;4112;1112;1.1;0.3
972;2021-02-18;69;127;4181;1239;1.2;0.3
972;2021-02-19;69;131;4250;1370;1.2;0.4
972;2021-02-20;48;68;4298;1438;1.2;0.4
972;2021-02-21;0;0;4298;1438;1.2;0.4
972;2021-02-22;102;60;4400;1498;1.2;0.4
972;2021-02-23;113;237;4513;1735;1.3;0.5
972;2021-02-24;106;222;4619;1957;1.3;0.5
972;2021-02-25;89;151;4708;2108;1.3;0.6
972;2021-02-26;132;169;4840;2277;1.3;0.6
972;2021-02-27;69;52;4909;2329;1.4;0.6
972;2021-02-28;0;0;4909;2329;1.4;0.6
972;2021-03-01;137;144;5046;2473;1.4;0.7
972;2021-03-02;158;79;5204;2552;1.5;0.7
972;2021-03-03;179;145;5383;2697;1.5;0.8
972;2021-03-04;151;135;5534;2832;1.5;0.8
972;2021-03-05;238;128;5772;2960;1.6;0.8
972;2021-03-06;119;58;5891;3018;1.6;0.8
972;2021-03-07;100;1;5991;3019;1.7;0.8
972;2021-03-08;196;133;6187;3152;1.7;0.9
972;2021-03-09;283;101;6470;3253;1.8;0.9
972;2021-03-10;322;134;6792;3387;1.9;0.9
972;2021-03-11;336;81;7128;3468;2.0;1.0
972;2021-03-12;413;55;7541;3523;2.1;1.0
972;2021-03-13;155;21;7696;3544;2.1;1.0
972;2021-03-14;4;1;7700;3545;2.1;1.0
972;2021-03-15;276;90;7976;3635;2.2;1.0
972;2021-03-16;305;56;8281;3691;2.3;1.0
972;2021-03-17;388;49;8669;3740;2.4;1.0
972;2021-03-18;434;44;9103;3784;2.5;1.1
972;2021-03-19;401;63;9504;3847;2.6;1.1
972;2021-03-20;149;48;9653;3895;2.7;1.1
972;2021-03-21;25;1;9678;3896;2.7;1.1
972;2021-03-22;362;118;10040;4014;2.8;1.1
972;2021-03-23;403;122;10443;4136;2.9;1.2
972;2021-03-24;429;107;10872;4243;3.0;1.2
972;2021-03-25;484;100;11356;4343;3.2;1.2
972;2021-03-26;634;103;11990;4446;3.3;1.2
972;2021-03-27;154;71;12144;4517;3.4;1.3
972;2021-03-28;81;2;12225;4519;3.4;1.3
972;2021-03-29;422;165;12647;4684;3.5;1.3
972;2021-03-30;469;244;13116;4928;3.7;1.4
972;2021-03-31;1151;192;14267;5120;4.0;1.4
972;2021-04-01;955;171;15222;5291;4.2;1.5
972;2021-04-02;895;14;16117;5305;4.5;1.5
972;2021-04-03;788;53;16905;5358;4.7;1.5
972;2021-04-04;751;12;17656;5370;4.9;1.5
972;2021-04-05;829;44;18485;5414;5.2;1.5
972;2021-04-06;885;136;19370;5550;5.4;1.5
972;2021-04-07;1436;326;20806;5876;5.8;1.6
972;2021-04-08;1308;271;22114;6147;6.2;1.7
972;2021-04-09;1240;316;23354;6463;6.5;1.8
972;2021-04-10;838;165;24192;6628;6.7;1.8
972;2021-04-11;620;14;24812;6642;6.9;1.9
972;2021-04-12;867;317;25679;6959;7.2;1.9
972;2021-04-13;881;327;26560;7286;7.4;2.0
972;2021-04-14;960;321;27520;7607;7.7;2.1
972;2021-04-15;959;298;28479;7905;7.9;2.2
972;2021-04-16;994;300;29473;8205;8.2;2.3
972;2021-04-17;530;161;30003;8366;8.4;2.3
972;2021-04-18;339;56;30342;8422;8.5;2.3
972;2021-04-19;668;344;31010;8766;8.6;2.4
972;2021-04-20;868;309;31878;9075;8.9;2.5
972;2021-04-21;1002;354;32880;9429;9.2;2.6
972;2021-04-22;605;313;33485;9742;9.3;2.7
972;2021-04-23;613;465;34098;10207;9.5;2.8
972;2021-04-24;362;197;34460;10404;9.6;2.9
972;2021-04-25;168;199;34628;10603;9.7;3.0
972;2021-04-26;516;541;35144;11144;9.8;3.1
972;2021-04-27;568;609;35712;11753;10.0;3.3
972;2021-04-28;448;691;36160;12444;10.1;3.5
972;2021-04-29;653;642;36813;13086;10.3;3.6
972;2021-04-30;771;687;37584;13773;10.5;3.8
972;2021-05-01;244;246;37828;14019;10.5;3.9
972;2021-05-02;227;513;38055;14532;10.6;4.1
972;2021-05-03;569;771;38624;15303;10.8;4.3
972;2021-05-04;525;678;39149;15981;10.9;4.5
972;2021-05-05;547;896;39696;16877;11.1;4.7
972;2021-05-06;545;785;40241;17662;11.2;4.9
972;2021-05-07;629;1014;40870;18676;11.4;5.2
972;2021-05-08;226;526;41096;19202;11.5;5.4
972;2021-05-09;172;506;41268;19708;11.5;5.5
972;2021-05-10;519;857;41787;20565;11.6;5.7
972;2021-05-11;476;872;42263;21437;11.8;6.0
972;2021-05-12;559;910;42822;22347;11.9;6.2
972;2021-05-13;274;533;43096;22880;12.0;6.4
972;2021-05-14;389;752;43485;23632;12.1;6.6
972;2021-05-15;233;578;43718;24210;12.2;6.7
972;2021-05-16;155;442;43873;24652;12.2;6.9
972;2021-05-17;474;753;44347;25405;12.4;7.1
972;2021-05-18;446;680;44793;26085;12.5;7.3
972;2021-05-19;453;743;45246;26828;12.6;7.5
972;2021-05-20;594;500;45840;27328;12.8;7.6
972;2021-05-21;545;705;46385;28033;12.9;7.8
972;2021-05-22;186;364;46571;28397;13.0;7.9
972;2021-05-23;111;182;46682;28579;13.0;8.0
972;2021-05-24;135;241;46817;28820;13.1;8.0
972;2021-05-25;351;698;47168;29518;13.1;8.2
972;2021-05-26;382;714;47550;30232;13.3;8.4
972;2021-05-27;270;647;47820;30879;13.3;8.6
972;2021-05-28;279;816;48099;31695;13.4;8.8
972;2021-05-29;154;513;48253;32208;13.5;9.0
972;2021-05-30;17;33;48270;32241;13.5;9.0
972;2021-05-31;345;682;48615;32923;13.6;9.2
972;2021-06-01;300;547;48915;33470;13.6;9.3
972;2021-06-02;326;575;49241;34045;13.7;9.5
972;2021-06-03;247;425;49488;34470;13.8;9.6
972;2021-06-04;350;644;49838;35114;13.9;9.8
972;2021-06-05;261;373;50099;35487;14.0;9.9
972;2021-06-06;25;31;50124;35518;14.0;9.9
972;2021-06-07;259;736;50383;36254;14.0;10.1
972;2021-06-08;256;589;50639;36843;14.1;10.3
972;2021-06-09;303;699;50942;37542;14.2;10.5
972;2021-06-10;307;453;51249;37995;14.3;10.6
972;2021-06-11;361;534;51610;38529;14.4;10.7
972;2021-06-12;246;322;51856;38851;14.5;10.8
972;2021-06-13;32;29;51888;38880;14.5;10.8
972;2021-06-14;367;551;52255;39431;14.6;11.0
972;2021-06-15;410;488;52665;39919;14.7;11.1
972;2021-06-16;436;436;53101;40355;14.8;11.2
972;2021-06-17;355;576;53456;40931;14.9;11.4
972;2021-06-18;458;539;53914;41470;15.0;11.6
972;2021-06-19;225;196;54139;41666;15.1;11.6
972;2021-06-20;25;17;54164;41683;15.1;11.6
972;2021-06-21;332;580;54496;42263;15.2;11.8
972;2021-06-22;297;464;54793;42727;15.3;11.9
972;2021-06-23;425;563;55218;43290;15.4;12.1
972;2021-06-24;327;437;55545;43727;15.5;12.2
972;2021-06-25;313;387;55858;44114;15.6;12.3
972;2021-06-26;221;200;56079;44314;15.6;12.4
972;2021-06-27;16;23;56095;44337;15.6;12.4
972;2021-06-28;338;425;56433;44762;15.7;12.5
972;2021-06-29;329;431;56762;45193;15.8;12.6
972;2021-06-30;440;421;57202;45614;15.9;12.7
972;2021-07-01;350;393;57552;46007;16.0;12.8
972;2021-07-02;124;201;57676;46208;16.1;12.9
972;2021-07-03;100;118;57776;46326;16.1;12.9
972;2021-07-04;24;35;57800;46361;16.1;12.9
972;2021-07-05;493;580;58293;46941;16.2;13.1
972;2021-07-06;484;429;58777;47370;16.4;13.2
972;2021-07-07;607;492;59384;47862;16.6;13.3
972;2021-07-08;494;422;59878;48284;16.7;13.5
972;2021-07-09;626;582;60504;48866;16.9;13.6
972;2021-07-10;404;306;60908;49172;17.0;13.7
972;2021-07-11;48;38;60956;49210;17.0;13.7
972;2021-07-12;843;697;61799;49907;17.2;13.9
972;2021-07-13;1469;709;63268;50616;17.6;14.1
972;2021-07-14;132;63;63400;50679;17.7;14.1
972;2021-07-15;1600;681;65000;51360;18.1;14.3
972;2021-07-16;1633;655;66633;52015;18.6;14.5
972;2021-07-17;1078;367;67711;52382;18.9;14.6
972;2021-07-18;56;39;67767;52421;18.9;14.6
972;2021-07-19;1137;652;68904;53073;19.2;14.8
972;2021-07-20;1121;577;70025;53650;19.5;15.0
972;2021-07-21;1084;595;71109;54245;19.8;15.1
972;2021-07-22;895;518;72004;54763;20.1;15.3
972;2021-07-23;938;480;72942;55243;20.3;15.4
972;2021-07-24;497;222;73439;55465;20.5;15.5
972;2021-07-25;50;63;73489;55528;20.5;15.5
972;2021-07-26;681;513;74170;56041;20.7;15.6
972;2021-07-27;1024;510;75194;56551;21.0;15.8
972;2021-07-28;628;562;75822;57113;21.1;15.9
972;2021-07-29;830;536;76652;57649;21.4;16.1
972;2021-07-30;862;616;77514;58265;21.6;16.2
972;2021-07-31;554;268;78068;58533;21.8;16.3
972;2021-08-01;82;33;78150;58566;21.8;16.3
972;2021-08-02;804;810;78954;59376;22.0;16.6
972;2021-08-03;691;740;79645;60116;22.2;16.8
972;2021-08-04;758;567;80403;60683;22.4;16.9
972;2021-08-05;899;588;81302;61271;22.7;17.1
972;2021-08-06;1166;890;82468;62161;23.0;17.3
972;2021-08-07;665;570;83133;62731;23.2;17.5
972;2021-08-08;77;83;83210;62814;23.2;17.5
972;2021-08-09;1112;1062;84322;63876;23.5;17.8
972;2021-08-10;1168;1039;85490;64915;23.8;18.1
972;2021-08-11;1093;914;86583;65829;24.1;18.3
973;2020-12-27;0;0;0;0;0.0;0.0
973;2020-12-28;0;0;0;0;0.0;0.0
973;2020-12-29;0;0;0;0;0.0;0.0
973;2020-12-30;0;0;0;0;0.0;0.0
973;2020-12-31;0;0;0;0;0.0;0.0
973;2021-01-01;0;0;0;0;0.0;0.0
973;2021-01-02;2;2;2;2;0.0;0.0
973;2021-01-03;0;0;2;2;0.0;0.0
973;2021-01-04;0;0;2;2;0.0;0.0
973;2021-01-05;0;0;2;2;0.0;0.0
973;2021-01-06;0;0;2;2;0.0;0.0
973;2021-01-07;0;0;2;2;0.0;0.0
973;2021-01-08;0;0;2;2;0.0;0.0
973;2021-01-09;0;0;2;2;0.0;0.0
973;2021-01-10;0;0;2;2;0.0;0.0
973;2021-01-11;0;0;2;2;0.0;0.0
973;2021-01-12;0;0;2;2;0.0;0.0
973;2021-01-13;30;0;32;2;0.0;0.0
973;2021-01-14;46;0;78;2;0.0;0.0
973;2021-01-15;35;0;113;2;0.0;0.0
973;2021-01-16;18;1;131;3;0.0;0.0
973;2021-01-17;0;0;131;3;0.0;0.0
973;2021-01-18;63;0;194;3;0.1;0.0
973;2021-01-19;150;1;344;4;0.1;0.0
973;2021-01-20;134;0;478;4;0.2;0.0
973;2021-01-21;118;0;596;4;0.2;0.0
973;2021-01-22;76;0;672;4;0.2;0.0
973;2021-01-23;0;0;672;4;0.2;0.0
973;2021-01-24;0;0;672;4;0.2;0.0
973;2021-01-25;56;0;728;4;0.3;0.0
973;2021-01-26;100;2;828;6;0.3;0.0
973;2021-01-27;109;1;937;7;0.3;0.0
973;2021-01-28;96;3;1033;10;0.4;0.0
973;2021-01-29;104;3;1137;13;0.4;0.0
973;2021-01-30;0;0;1137;13;0.4;0.0
973;2021-01-31;0;0;1137;13;0.4;0.0
973;2021-02-01;54;0;1191;13;0.4;0.0
973;2021-02-02;122;4;1313;17;0.5;0.0
973;2021-02-03;119;7;1432;24;0.5;0.0
973;2021-02-04;79;26;1511;50;0.5;0.0
973;2021-02-05;65;8;1576;58;0.5;0.0
973;2021-02-06;0;0;1576;58;0.5;0.0
973;2021-02-07;0;0;1576;58;0.5;0.0
973;2021-02-08;52;12;1628;70;0.6;0.0
973;2021-02-09;92;39;1720;109;0.6;0.0
973;2021-02-10;101;41;1821;150;0.6;0.1
973;2021-02-11;105;92;1926;242;0.7;0.1
973;2021-02-12;88;64;2014;306;0.7;0.1
973;2021-02-13;0;0;2014;306;0.7;0.1
973;2021-02-14;0;0;2014;306;0.7;0.1
973;2021-02-15;27;65;2041;371;0.7;0.1
973;2021-02-16;123;55;2164;426;0.7;0.1
973;2021-02-17;145;120;2309;546;0.8;0.2
973;2021-02-18;103;142;2412;688;0.8;0.2
973;2021-02-19;122;74;2534;762;0.9;0.3
973;2021-02-20;0;0;2534;762;0.9;0.3
973;2021-02-21;0;0;2534;762;0.9;0.3
973;2021-02-22;78;49;2612;811;0.9;0.3
973;2021-02-23;158;102;2770;913;1.0;0.3
973;2021-02-24;190;123;2960;1036;1.0;0.4
973;2021-02-25;259;91;3219;1127;1.1;0.4
973;2021-02-26;264;70;3483;1197;1.2;0.4
973;2021-02-27;120;1;3603;1198;1.2;0.4
973;2021-02-28;0;0;3603;1198;1.2;0.4
973;2021-03-01;180;86;3783;1284;1.3;0.4
973;2021-03-02;255;108;4038;1392;1.4;0.5
973;2021-03-03;255;132;4293;1524;1.5;0.5
973;2021-03-04;281;83;4574;1607;1.6;0.6
973;2021-03-05;274;48;4848;1655;1.7;0.6
973;2021-03-06;118;2;4966;1657;1.7;0.6
973;2021-03-07;0;0;4966;1657;1.7;0.6
973;2021-03-08;187;40;5153;1697;1.8;0.6
973;2021-03-09;350;93;5503;1790;1.9;0.6
973;2021-03-10;359;104;5862;1894;2.0;0.7
973;2021-03-11;270;114;6132;2008;2.1;0.7
973;2021-03-12;287;90;6419;2098;2.2;0.7
973;2021-03-13;111;4;6530;2102;2.2;0.7
973;2021-03-14;0;0;6530;2102;2.2;0.7
973;2021-03-15;181;27;6711;2129;2.3;0.7
973;2021-03-16;242;138;6953;2267;2.4;0.8
973;2021-03-17;273;129;7226;2396;2.5;0.8
973;2021-03-18;249;154;7475;2550;2.6;0.9
973;2021-03-19;283;125;7758;2675;2.7;0.9
973;2021-03-20;257;14;8015;2689;2.8;0.9
973;2021-03-21;119;2;8134;2691;2.8;0.9
973;2021-03-22;219;110;8353;2801;2.9;1.0
973;2021-03-23;274;194;8627;2995;3.0;1.0
973;2021-03-24;235;214;8862;3209;3.0;1.1
973;2021-03-25;168;179;9030;3388;3.1;1.2
973;2021-03-26;189;308;9219;3696;3.2;1.3
973;2021-03-27;58;94;9277;3790;3.2;1.3
973;2021-03-28;0;0;9277;3790;3.2;1.3
973;2021-03-29;175;247;9452;4037;3.3;1.4
973;2021-03-30;445;238;9897;4275;3.4;1.5
973;2021-03-31;320;292;10217;4567;3.5;1.6
973;2021-04-01;445;261;10662;4828;3.7;1.7
973;2021-04-02;307;279;10969;5107;3.8;1.8
973;2021-04-03;153;121;11122;5228;3.8;1.8
973;2021-04-04;1;0;11123;5228;3.8;1.8
973;2021-04-05;118;14;11241;5242;3.9;1.8
973;2021-04-06;438;335;11679;5577;4.0;1.9
973;2021-04-07;503;344;12182;5921;4.2;2.0
973;2021-04-08;514;269;12696;6190;4.4;2.1
973;2021-04-09;497;226;13193;6416;4.5;2.2
973;2021-04-10;147;90;13340;6506;4.6;2.2
973;2021-04-11;2;0;13342;6506;4.6;2.2
973;2021-04-12;551;268;13893;6774;4.8;2.3
973;2021-04-13;674;244;14567;7018;5.0;2.4
973;2021-04-14;721;313;15288;7331;5.3;2.5
973;2021-04-15;777;247;16065;7578;5.5;2.6
973;2021-04-16;760;301;16825;7879;5.8;2.7
973;2021-04-17;499;133;17324;8012;6.0;2.8
973;2021-04-18;499;42;17823;8054;6.1;2.8
973;2021-04-19;714;251;18537;8305;6.4;2.9
973;2021-04-20;606;278;19143;8583;6.6;3.0
973;2021-04-21;874;251;20017;8834;6.9;3.0
973;2021-04-22;727;230;20744;9064;7.1;3.1
973;2021-04-23;705;230;21449;9294;7.4;3.2
973;2021-04-24;524;96;21973;9390;7.6;3.2
973;2021-04-25;611;50;22584;9440;7.8;3.2
973;2021-04-26;780;231;23364;9671;8.0;3.3
973;2021-04-27;820;344;24184;10015;8.3;3.4
973;2021-04-28;745;331;24929;10346;8.6;3.6
973;2021-04-29;664;284;25593;10630;8.8;3.7
973;2021-04-30;710;261;26303;10891;9.0;3.7
973;2021-05-01;211;27;26514;10918;9.1;3.8
973;2021-05-02;602;85;27116;11003;9.3;3.8
973;2021-05-03;554;391;27670;11394;9.5;3.9
973;2021-05-04;665;325;28335;11719;9.7;4.0
973;2021-05-05;700;449;29035;12168;10.0;4.2
973;2021-05-06;694;475;29729;12643;10.2;4.3
973;2021-05-07;595;474;30324;13117;10.4;4.5
973;2021-05-08;343;58;30667;13175;10.5;4.5
973;2021-05-09;263;72;30930;13247;10.6;4.6
973;2021-05-10;440;612;31370;13859;10.8;4.8
973;2021-05-11;398;497;31768;14356;10.9;4.9
973;2021-05-12;512;647;32280;15003;11.1;5.2
973;2021-05-13;334;97;32614;15100;11.2;5.2
973;2021-05-14;486;554;33100;15654;11.4;5.4
973;2021-05-15;258;348;33358;16002;11.5;5.5
973;2021-05-16;208;210;33566;16212;11.5;5.6
973;2021-05-17;447;600;34013;16812;11.7;5.8
973;2021-05-18;563;568;34576;17380;11.9;6.0
973;2021-05-19;534;553;35110;17933;12.1;6.2
973;2021-05-20;642;452;35752;18385;12.3;6.3
973;2021-05-21;501;608;36253;18993;12.5;6.5
973;2021-05-22;167;502;36420;19495;12.5;6.7
973;2021-05-23;270;474;36690;19969;12.6;6.9
973;2021-05-24;562;248;37252;20217;12.8;7.0
973;2021-05-25;500;743;37752;20960;13.0;7.2
973;2021-05-26;447;683;38199;21643;13.1;7.4
973;2021-05-27;706;525;38905;22168;13.4;7.6
973;2021-05-28;579;553;39484;22721;13.6;7.8
973;2021-05-29;256;360;39740;23081;13.7;7.9
973;2021-05-30;151;399;39891;23480;13.7;8.1
973;2021-05-31;357;574;40248;24054;13.8;8.3
973;2021-06-01;421;466;40669;24520;14.0;8.4
973;2021-06-02;562;554;41231;25074;14.2;8.6
973;2021-06-03;521;469;41752;25543;14.4;8.8
973;2021-06-04;599;495;42351;26038;14.6;9.0
973;2021-06-05;273;292;42624;26330;14.7;9.1
973;2021-06-06;211;299;42835;26629;14.7;9.2
973;2021-06-07;488;452;43323;27081;14.9;9.3
973;2021-06-08;546;313;43869;27394;15.1;9.4
973;2021-06-09;520;389;44389;27783;15.3;9.6
973;2021-06-10;356;289;44745;28072;15.4;9.7
973;2021-06-11;434;467;45179;28539;15.5;9.8
973;2021-06-12;170;284;45349;28823;15.6;9.9
973;2021-06-13;214;268;45563;29091;15.7;10.0
973;2021-06-14;377;549;45940;29640;15.8;10.2
973;2021-06-15;376;444;46316;30084;15.9;10.3
973;2021-06-16;482;459;46798;30543;16.1;10.5
973;2021-06-17;433;578;47231;31121;16.2;10.7
973;2021-06-18;392;565;47623;31686;16.4;10.9
973;2021-06-19;235;260;47858;31946;16.5;11.0
973;2021-06-20;127;270;47985;32216;16.5;11.1
973;2021-06-21;330;603;48315;32819;16.6;11.3
973;2021-06-22;369;461;48684;33280;16.7;11.4
973;2021-06-23;321;538;49005;33818;16.9;11.6
973;2021-06-24;404;501;49409;34319;17.0;11.8
973;2021-06-25;403;556;49812;34875;17.1;12.0
973;2021-06-26;172;320;49984;35195;17.2;12.1
973;2021-06-27;121;170;50105;35365;17.2;12.2
973;2021-06-28;286;592;50391;35957;17.3;12.4
973;2021-06-29;350;507;50741;36464;17.5;12.5
973;2021-06-30;374;678;51115;37142;17.6;12.8
973;2021-07-01;393;400;51508;37542;17.7;12.9
973;2021-07-02;429;522;51937;38064;17.9;13.1
973;2021-07-03;207;274;52144;38338;17.9;13.2
973;2021-07-04;86;243;52230;38581;18.0;13.3
973;2021-07-05;324;547;52554;39128;18.1;13.5
973;2021-07-06;315;473;52869;39601;18.2;13.6
973;2021-07-07;316;413;53185;40014;18.3;13.8
973;2021-07-08;267;329;53452;40343;18.4;13.9
973;2021-07-09;363;435;53815;40778;18.5;14.0
973;2021-07-10;165;277;53980;41055;18.6;14.1
973;2021-07-11;102;163;54082;41218;18.6;14.2
973;2021-07-12;379;496;54461;41714;18.7;14.3
973;2021-07-13;659;557;55120;42271;19.0;14.5
973;2021-07-14;381;160;55501;42431;19.1;14.6
973;2021-07-15;624;525;56125;42956;19.3;14.8
973;2021-07-16;574;485;56699;43441;19.5;14.9
973;2021-07-17;339;284;57038;43725;19.6;15.0
973;2021-07-18;249;120;57287;43845;19.7;15.1
973;2021-07-19;498;457;57785;44302;19.9;15.2
973;2021-07-20;522;489;58307;44791;20.1;15.4
973;2021-07-21;517;391;58824;45182;20.2;15.5
973;2021-07-22;618;450;59442;45632;20.4;15.7
973;2021-07-23;573;364;60015;45996;20.6;15.8
973;2021-07-24;321;237;60336;46233;20.8;15.9
973;2021-07-25;161;110;60497;46343;20.8;15.9
973;2021-07-26;417;345;60914;46688;21.0;16.1
973;2021-07-27;469;356;61383;47044;21.1;16.2
973;2021-07-28;384;370;61767;47414;21.2;16.3
973;2021-07-29;469;427;62236;47841;21.4;16.5
973;2021-07-30;435;401;62671;48242;21.6;16.6
973;2021-07-31;204;163;62875;48405;21.6;16.7
973;2021-08-01;139;131;63014;48536;21.7;16.7
973;2021-08-02;376;428;63390;48964;21.8;16.8
973;2021-08-03;391;401;63781;49365;21.9;17.0
973;2021-08-04;277;371;64058;49736;22.0;17.1
973;2021-08-05;311;355;64369;50091;22.1;17.2
973;2021-08-06;310;516;64679;50607;22.3;17.4
973;2021-08-07;161;267;64840;50874;22.3;17.5
973;2021-08-08;114;176;64954;51050;22.3;17.6
973;2021-08-09;314;471;65268;51521;22.5;17.7
973;2021-08-10;314;512;65582;52033;22.6;17.9
973;2021-08-11;456;492;66038;52525;22.7;18.1
974;2020-12-27;0;0;0;0;0.0;0.0
974;2020-12-28;0;0;0;0;0.0;0.0
974;2020-12-29;0;0;0;0;0.0;0.0
974;2020-12-30;0;0;0;0;0.0;0.0
974;2020-12-31;0;0;0;0;0.0;0.0
974;2021-01-01;1;0;1;0;0.0;0.0
974;2021-01-02;0;0;1;0;0.0;0.0
974;2021-01-03;0;0;1;0;0.0;0.0
974;2021-01-04;0;0;1;0;0.0;0.0
974;2021-01-05;2;0;3;0;0.0;0.0
974;2021-01-06;0;0;3;0;0.0;0.0
974;2021-01-07;0;0;3;0;0.0;0.0
974;2021-01-08;0;0;3;0;0.0;0.0
974;2021-01-09;1;0;4;0;0.0;0.0
974;2021-01-10;0;0;4;0;0.0;0.0
974;2021-01-11;0;0;4;0;0.0;0.0
974;2021-01-12;0;0;4;0;0.0;0.0
974;2021-01-13;0;0;4;0;0.0;0.0
974;2021-01-14;0;0;4;0;0.0;0.0
974;2021-01-15;332;0;336;0;0.0;0.0
974;2021-01-16;27;0;363;0;0.0;0.0
974;2021-01-17;0;0;363;0;0.0;0.0
974;2021-01-18;49;1;412;1;0.0;0.0
974;2021-01-19;393;0;805;1;0.1;0.0
974;2021-01-20;482;1;1287;2;0.1;0.0
974;2021-01-21;614;2;1901;4;0.2;0.0
974;2021-01-22;413;1;2314;5;0.3;0.0
974;2021-01-23;75;0;2389;5;0.3;0.0
974;2021-01-24;0;0;2389;5;0.3;0.0
974;2021-01-25;273;2;2662;7;0.3;0.0
974;2021-01-26;429;0;3091;7;0.4;0.0
974;2021-01-27;317;0;3408;7;0.4;0.0
974;2021-01-28;409;0;3817;7;0.4;0.0
974;2021-01-29;422;3;4239;10;0.5;0.0
974;2021-01-30;421;1;4660;11;0.5;0.0
974;2021-01-31;0;0;4660;11;0.5;0.0
974;2021-02-01;373;4;5033;15;0.6;0.0
974;2021-02-02;500;4;5533;19;0.6;0.0
974;2021-02-03;602;14;6135;33;0.7;0.0
974;2021-02-04;628;21;6763;54;0.8;0.0
974;2021-02-05;564;97;7327;151;0.9;0.0
974;2021-02-06;501;5;7828;156;0.9;0.0
974;2021-02-07;0;8;7828;164;0.9;0.0
974;2021-02-08;472;34;8300;198;1.0;0.0
974;2021-02-09;786;92;9086;290;1.1;0.0
974;2021-02-10;820;87;9906;377;1.2;0.0
974;2021-02-11;796;88;10702;465;1.2;0.1
974;2021-02-12;637;93;11339;558;1.3;0.1
974;2021-02-13;653;76;11992;634;1.4;0.1
974;2021-02-14;1;0;11993;634;1.4;0.1
974;2021-02-15;524;126;12517;760;1.5;0.1
974;2021-02-16;651;533;13168;1293;1.5;0.2
974;2021-02-17;592;327;13760;1620;1.6;0.2
974;2021-02-18;494;410;14254;2030;1.7;0.2
974;2021-02-19;497;319;14751;2349;1.7;0.3
974;2021-02-20;577;117;15328;2466;1.8;0.3
974;2021-02-21;0;0;15328;2466;1.8;0.3
974;2021-02-22;402;236;15730;2702;1.8;0.3
974;2021-02-23;607;240;16337;2942;1.9;0.3
974;2021-02-24;584;251;16921;3193;2.0;0.4
974;2021-02-25;647;295;17568;3488;2.0;0.4
974;2021-02-26;485;470;18053;3958;2.1;0.5
974;2021-02-27;384;468;18437;4426;2.1;0.5
974;2021-02-28;0;0;18437;4426;2.1;0.5
974;2021-03-01;293;385;18730;4811;2.2;0.6
974;2021-03-02;485;502;19215;5313;2.2;0.6
974;2021-03-03;757;537;19972;5850;2.3;0.7
974;2021-03-04;777;493;20749;6343;2.4;0.7
974;2021-03-05;727;523;21476;6866;2.5;0.8
974;2021-03-06;812;526;22288;7392;2.6;0.9
974;2021-03-07;0;0;22288;7392;2.6;0.9
974;2021-03-08;436;559;22724;7951;2.6;0.9
974;2021-03-09;671;770;23395;8721;2.7;1.0
974;2021-03-10;643;836;24038;9557;2.8;1.1
974;2021-03-11;701;635;24739;10192;2.9;1.2
974;2021-03-12;730;653;25469;10845;3.0;1.3
974;2021-03-13;668;600;26137;11445;3.0;1.3
974;2021-03-14;2;0;26139;11445;3.0;1.3
974;2021-03-15;506;502;26645;11947;3.1;1.4
974;2021-03-16;681;690;27326;12637;3.2;1.5
974;2021-03-17;848;531;28174;13168;3.3;1.5
974;2021-03-18;1022;538;29196;13706;3.4;1.6
974;2021-03-19;785;534;29981;14240;3.5;1.7
974;2021-03-20;578;597;30559;14837;3.6;1.7
974;2021-03-21;0;0;30559;14837;3.6;1.7
974;2021-03-22;566;469;31125;15306;3.6;1.8
974;2021-03-23;780;638;31905;15944;3.7;1.9
974;2021-03-24;792;644;32697;16588;3.8;1.9
974;2021-03-25;932;538;33629;17126;3.9;2.0
974;2021-03-26;922;451;34551;17577;4.0;2.0
974;2021-03-27;782;337;35333;17914;4.1;2.1
974;2021-03-28;1;0;35334;17914;4.1;2.1
974;2021-03-29;961;270;36295;18184;4.2;2.1
974;2021-03-30;884;497;37179;18681;4.3;2.2
974;2021-03-31;740;660;37919;19341;4.4;2.2
974;2021-04-01;717;708;38636;20049;4.5;2.3
974;2021-04-02;688;758;39324;20807;4.6;2.4
974;2021-04-03;699;700;40023;21507;4.7;2.5
974;2021-04-04;0;0;40023;21507;4.7;2.5
974;2021-04-05;0;0;40023;21507;4.7;2.5
974;2021-04-06;795;635;40818;22142;4.7;2.6
974;2021-04-07;1368;788;42186;22930;4.9;2.7
974;2021-04-08;1791;769;43977;23699;5.1;2.8
974;2021-04-09;1509;778;45486;24477;5.3;2.8
974;2021-04-10;1138;648;46624;25125;5.4;2.9
974;2021-04-11;2;0;46626;25125;5.4;2.9
974;2021-04-12;1238;545;47864;25670;5.6;3.0
974;2021-04-13;1441;752;49305;26422;5.7;3.1
974;2021-04-14;2070;763;51375;27185;6.0;3.2
974;2021-04-15;2506;953;53881;28138;6.3;3.3
974;2021-04-16;1934;784;55815;28922;6.5;3.4
974;2021-04-17;1290;603;57105;29525;6.6;3.4
974;2021-04-18;0;0;57105;29525;6.6;3.4
974;2021-04-19;1374;564;58479;30089;6.8;3.5
974;2021-04-20;1651;805;60130;30894;7.0;3.6
974;2021-04-21;2126;627;62256;31521;7.2;3.7
974;2021-04-22;2953;819;65209;32340;7.6;3.8
974;2021-04-23;2312;818;67521;33158;7.9;3.9
974;2021-04-24;1109;802;68630;33960;8.0;3.9
974;2021-04-25;3;0;68633;33960;8.0;3.9
974;2021-04-26;1173;914;69806;34874;8.1;4.1
974;2021-04-27;1685;1027;71491;35901;8.3;4.2
974;2021-04-28;2898;748;74389;36649;8.7;4.3
974;2021-04-29;3948;809;78337;37458;9.1;4.4
974;2021-04-30;3446;905;81783;38363;9.5;4.5
974;2021-05-01;2106;226;83889;38589;9.8;4.5
974;2021-05-02;1;0;83890;38589;9.8;4.5
974;2021-05-03;1865;574;85755;39163;10.0;4.6
974;2021-05-04;2127;1094;87882;40257;10.2;4.7
974;2021-05-05;3118;1640;91000;41897;10.6;4.9
974;2021-05-06;4005;1585;95005;43482;11.0;5.1
974;2021-05-07;3228;1525;98233;45007;11.4;5.2
974;2021-05-08;1571;503;99804;45510;11.6;5.3
974;2021-05-09;2;1;99806;45511;11.6;5.3
974;2021-05-10;2413;999;102219;46510;11.9;5.4
974;2021-05-11;3652;1639;105871;48149;12.3;5.6
974;2021-05-12;4723;2397;110594;50546;12.9;5.9
974;2021-05-13;3555;595;114149;51141;13.3;5.9
974;2021-05-14;5275;2510;119424;53651;13.9;6.2
974;2021-05-15;3160;1538;122584;55189;14.3;6.4
974;2021-05-16;16;19;122600;55208;14.3;6.4
974;2021-05-17;2999;1499;125599;56707;14.6;6.6
974;2021-05-18;3763;1795;129362;58502;15.0;6.8
974;2021-05-19;4692;2404;134054;60906;15.6;7.1
974;2021-05-20;5141;2850;139195;63756;16.2;7.4
974;2021-05-21;4994;2634;144189;66390;16.8;7.7
974;2021-05-22;3370;1256;147559;67646;17.2;7.9
974;2021-05-23;5;3;147564;67649;17.2;7.9
974;2021-05-24;3645;1076;151209;68725;17.6;8.0
974;2021-05-25;4247;1910;155456;70635;18.1;8.2
974;2021-05-26;4993;2986;160449;73621;18.7;8.6
974;2021-05-27;4616;4093;165065;77714;19.2;9.0
974;2021-05-28;4382;3831;169447;81545;19.7;9.5
974;2021-05-29;2556;2454;172003;83999;20.0;9.8
974;2021-05-30;8;14;172011;84013;20.0;9.8
974;2021-05-31;2348;2254;174359;86267;20.3;10.0
974;2021-06-01;3301;2746;177660;89013;20.7;10.4
974;2021-06-02;3974;3354;181634;92367;21.1;10.7
974;2021-06-03;4044;3651;185678;96018;21.6;11.2
974;2021-06-04;3847;3756;189525;99774;22.0;11.6
974;2021-06-05;2214;1923;191739;101697;22.3;11.8
974;2021-06-06;1073;132;192812;101829;22.4;11.8
974;2021-06-07;2013;2527;194825;104356;22.7;12.1
974;2021-06-08;2557;3337;197382;107693;23.0;12.5
974;2021-06-09;2982;4833;200364;112526;23.3;13.1
974;2021-06-10;3414;4458;203778;116984;23.7;13.6
974;2021-06-11;2841;4622;206619;121606;24.0;14.1
974;2021-06-12;1726;3378;208345;124984;24.2;14.5
974;2021-06-13;1323;245;209668;125229;24.4;14.6
974;2021-06-14;1490;3182;211158;128411;24.6;14.9
974;2021-06-15;2058;3617;213216;132028;24.8;15.4
974;2021-06-16;2751;4653;215967;136681;25.1;15.9
974;2021-06-17;2521;4897;218488;141578;25.4;16.5
974;2021-06-18;2597;4893;221085;146471;25.7;17.0
974;2021-06-19;1304;3516;222389;149987;25.9;17.4
974;2021-06-20;632;288;223021;150275;25.9;17.5
974;2021-06-21;1264;3233;224285;153508;26.1;17.9
974;2021-06-22;1624;3765;225909;157273;26.3;18.3
974;2021-06-23;2253;4993;228162;162266;26.5;18.9
974;2021-06-24;2283;4071;230445;166337;26.8;19.3
974;2021-06-25;2190;4107;232635;170444;27.1;19.8
974;2021-06-26;1400;2709;234035;173153;27.2;20.1
974;2021-06-27;665;267;234700;173420;27.3;20.2
974;2021-06-28;1307;2480;236007;175900;27.4;20.5
974;2021-06-29;1757;2845;237764;178745;27.6;20.8
974;2021-06-30;2559;3847;240323;182592;27.9;21.2
974;2021-07-01;2694;3826;243017;186418;28.3;21.7
974;2021-07-02;2505;3713;245522;190131;28.6;22.1
974;2021-07-03;1611;2459;247133;192590;28.7;22.4
974;2021-07-04;881;1036;248014;193626;28.8;22.5
974;2021-07-05;1690;2219;249704;195845;29.0;22.8
974;2021-07-06;2575;2538;252279;198383;29.3;23.1
974;2021-07-07;2662;3134;254941;201517;29.6;23.4
974;2021-07-08;2405;3174;257346;204691;29.9;23.8
974;2021-07-09;2757;3428;260103;208119;30.2;24.2
974;2021-07-10;1621;2192;261724;210311;30.4;24.5
974;2021-07-11;730;1015;262454;211326;30.5;24.6
974;2021-07-12;1741;2603;264195;213929;30.7;24.9
974;2021-07-13;4421;3333;268616;217262;31.2;25.3
974;2021-07-14;3288;602;271904;217864;31.6;25.3
974;2021-07-15;5540;4012;277444;221876;32.3;25.8
974;2021-07-16;6214;3287;283658;225163;33.0;26.2
974;2021-07-17;4363;1905;288021;227068;33.5;26.4
974;2021-07-18;2670;761;290691;227829;33.8;26.5
974;2021-07-19;4635;2023;295326;229852;34.3;26.7
974;2021-07-20;6222;2417;301548;232269;35.1;27.0
974;2021-07-21;6703;2854;308251;235123;35.8;27.3
974;2021-07-22;7048;2816;315299;237939;36.7;27.7
974;2021-07-23;6587;2977;321886;240916;37.4;28.0
974;2021-07-24;3773;2058;325659;242974;37.9;28.3
974;2021-07-25;2513;757;328172;243731;38.2;28.3
974;2021-07-26;4319;2083;332491;245814;38.7;28.6
974;2021-07-27;5365;2549;337856;248363;39.3;28.9
974;2021-07-28;5341;2884;343197;251247;39.9;29.2
974;2021-07-29;5693;2800;348890;254047;40.6;29.5
974;2021-07-30;5828;2580;354718;256627;41.2;29.8
974;2021-07-31;3908;1635;358626;258262;41.7;30.0
974;2021-08-01;1882;714;360508;258976;41.9;30.1
974;2021-08-02;3374;1863;363882;260839;42.3;30.3
974;2021-08-03;4259;4073;368141;264912;42.8;30.8
974;2021-08-04;4833;4215;372974;269127;43.4;31.3
974;2021-08-05;4396;4665;377370;273792;43.9;31.8
974;2021-08-06;4036;5084;381406;278876;44.4;32.4
974;2021-08-07;2735;4043;384141;282919;44.7;32.9
974;2021-08-08;1466;2259;385607;285178;44.8;33.2
974;2021-08-09;2536;4526;388143;289704;45.1;33.7
974;2021-08-10;3731;4940;391874;294644;45.6;34.3
974;2021-08-11;4420;5402;396294;300046;46.1;34.9
975;2020-12-27;0;0;0;0;0.0;0.0
975;2020-12-28;0;0;0;0;0.0;0.0
975;2020-12-29;0;0;0;0;0.0;0.0
975;2020-12-30;0;0;0;0;0.0;0.0
975;2020-12-31;0;0;0;0;0.0;0.0
975;2021-01-01;0;0;0;0;0.0;0.0
975;2021-01-02;0;0;0;0;0.0;0.0
975;2021-01-03;0;0;0;0;0.0;0.0
975;2021-01-04;0;0;0;0;0.0;0.0
975;2021-01-05;0;0;0;0;0.0;0.0
975;2021-01-06;0;0;0;0;0.0;0.0
975;2021-01-07;0;0;0;0;0.0;0.0
975;2021-01-08;0;0;0;0;0.0;0.0
975;2021-01-09;0;0;0;0;0.0;0.0
975;2021-01-10;0;0;0;0;0.0;0.0
975;2021-01-11;0;0;0;0;0.0;0.0
975;2021-01-12;0;0;0;0;0.0;0.0
975;2021-01-13;0;0;0;0;0.0;0.0
975;2021-01-14;0;0;0;0;0.0;0.0
975;2021-01-15;0;0;0;0;0.0;0.0
975;2021-01-16;0;0;0;0;0.0;0.0
975;2021-01-17;0;0;0;0;0.0;0.0
975;2021-01-18;0;0;0;0;0.0;0.0
975;2021-01-19;0;0;0;0;0.0;0.0
975;2021-01-20;0;0;0;0;0.0;0.0
975;2021-01-21;0;0;0;0;0.0;0.0
975;2021-01-22;0;0;0;0;0.0;0.0
975;2021-01-23;0;0;0;0;0.0;0.0
975;2021-01-24;0;0;0;0;0.0;0.0
975;2021-01-25;0;0;0;0;0.0;0.0
975;2021-01-26;0;0;0;0;0.0;0.0
975;2021-01-27;0;0;0;0;0.0;0.0
975;2021-01-28;0;0;0;0;0.0;0.0
975;2021-01-29;0;0;0;0;0.0;0.0
975;2021-01-30;0;0;0;0;0.0;0.0
975;2021-01-31;0;0;0;0;0.0;0.0
975;2021-02-01;0;0;0;0;0.0;0.0
975;2021-02-02;0;0;0;0;0.0;0.0
975;2021-02-03;0;0;0;0;0.0;0.0
975;2021-02-04;0;0;0;0;0.0;0.0
975;2021-02-05;0;0;0;0;0.0;0.0
975;2021-02-06;0;0;0;0;0.0;0.0
975;2021-02-07;0;0;0;0;0.0;0.0
975;2021-02-08;0;0;0;0;0.0;0.0
975;2021-02-09;0;0;0;0;0.0;0.0
975;2021-02-10;0;0;0;0;0.0;0.0
975;2021-02-11;0;0;0;0;0.0;0.0
975;2021-02-12;0;0;0;0;0.0;0.0
975;2021-02-13;0;0;0;0;0.0;0.0
975;2021-02-14;0;0;0;0;0.0;0.0
975;2021-02-15;0;0;0;0;0.0;0.0
975;2021-02-16;0;0;0;0;0.0;0.0
975;2021-02-17;0;0;0;0;0.0;0.0
975;2021-02-18;0;0;0;0;0.0;0.0
975;2021-02-19;0;0;0;0;0.0;0.0
975;2021-02-20;0;0;0;0;0.0;0.0
975;2021-02-21;0;0;0;0;0.0;0.0
975;2021-02-22;0;0;0;0;0.0;0.0
975;2021-02-23;0;0;0;0;0.0;0.0
975;2021-02-24;0;0;0;0;0.0;0.0
975;2021-02-25;0;0;0;0;0.0;0.0
975;2021-02-26;0;0;0;0;0.0;0.0
975;2021-02-27;0;0;0;0;0.0;0.0
975;2021-02-28;0;0;0;0;0.0;0.0
975;2021-03-01;0;0;0;0;0.0;0.0
975;2021-03-02;0;0;0;0;0.0;0.0
975;2021-03-03;0;0;0;0;0.0;0.0
975;2021-03-04;0;0;0;0;0.0;0.0
975;2021-03-05;0;0;0;0;0.0;0.0
975;2021-03-06;0;0;0;0;0.0;0.0
975;2021-03-07;0;0;0;0;0.0;0.0
975;2021-03-08;0;0;0;0;0.0;0.0
975;2021-03-09;0;0;0;0;0.0;0.0
975;2021-03-10;0;0;0;0;0.0;0.0
975;2021-03-11;0;0;0;0;0.0;0.0
975;2021-03-12;0;0;0;0;0.0;0.0
975;2021-03-13;0;0;0;0;0.0;0.0
975;2021-03-14;0;0;0;0;0.0;0.0
975;2021-03-15;0;0;0;0;0.0;0.0
975;2021-03-16;0;0;0;0;0.0;0.0
975;2021-03-17;0;0;0;0;0.0;0.0
975;2021-03-18;0;0;0;0;0.0;0.0
975;2021-03-19;0;0;0;0;0.0;0.0
975;2021-03-20;0;0;0;0;0.0;0.0
975;2021-03-21;0;0;0;0;0.0;0.0
975;2021-03-22;0;0;0;0;0.0;0.0
975;2021-03-23;0;0;0;0;0.0;0.0
975;2021-03-24;0;0;0;0;0.0;0.0
975;2021-03-25;0;0;0;0;0.0;0.0
975;2021-03-26;0;0;0;0;0.0;0.0
975;2021-03-27;0;0;0;0;0.0;0.0
975;2021-03-28;0;0;0;0;0.0;0.0
975;2021-03-29;2;0;2;0;0.0;0.0
975;2021-03-30;0;0;2;0;0.0;0.0
975;2021-03-31;0;0;2;0;0.0;0.0
975;2021-04-01;0;0;2;0;0.0;0.0
975;2021-04-02;0;0;2;0;0.0;0.0
975;2021-04-03;0;0;2;0;0.0;0.0
975;2021-04-04;0;0;2;0;0.0;0.0
975;2021-04-05;0;0;2;0;0.0;0.0
975;2021-04-06;0;0;2;0;0.0;0.0
975;2021-04-07;0;0;2;0;0.0;0.0
975;2021-04-08;1;0;3;0;0.1;0.0
975;2021-04-09;0;0;3;0;0.1;0.0
975;2021-04-10;0;0;3;0;0.1;0.0
975;2021-04-11;0;0;3;0;0.1;0.0
975;2021-04-12;0;0;3;0;0.1;0.0
975;2021-04-13;0;0;3;0;0.1;0.0
975;2021-04-14;0;0;3;0;0.1;0.0
975;2021-04-15;0;0;3;0;0.1;0.0
975;2021-04-16;0;0;3;0;0.1;0.0
975;2021-04-17;0;0;3;0;0.1;0.0
975;2021-04-18;0;0;3;0;0.1;0.0
975;2021-04-19;0;0;3;0;0.1;0.0
975;2021-04-20;0;0;3;0;0.1;0.0
975;2021-04-21;0;0;3;0;0.1;0.0
975;2021-04-22;0;0;3;0;0.1;0.0
975;2021-04-23;0;0;3;0;0.1;0.0
975;2021-04-24;0;0;3;0;0.1;0.0
975;2021-04-25;0;0;3;0;0.1;0.0
975;2021-04-26;0;0;3;0;0.1;0.0
975;2021-04-27;0;0;3;0;0.1;0.0
975;2021-04-28;0;0;3;0;0.1;0.0
975;2021-04-29;0;0;3;0;0.1;0.0
975;2021-04-30;0;0;3;0;0.1;0.0
975;2021-05-01;0;0;3;0;0.1;0.0
975;2021-05-02;0;0;3;0;0.1;0.0
975;2021-05-03;0;0;3;0;0.1;0.0
975;2021-05-04;0;0;3;0;0.1;0.0
975;2021-05-05;0;0;3;0;0.1;0.0
975;2021-05-06;0;0;3;0;0.1;0.0
975;2021-05-07;0;0;3;0;0.1;0.0
975;2021-05-08;0;0;3;0;0.1;0.0
975;2021-05-09;0;0;3;0;0.1;0.0
975;2021-05-10;0;0;3;0;0.1;0.0
975;2021-05-11;0;0;3;0;0.1;0.0
975;2021-05-12;0;0;3;0;0.1;0.0
975;2021-05-13;0;0;3;0;0.1;0.0
975;2021-05-14;0;0;3;0;0.1;0.0
975;2021-05-15;0;0;3;0;0.1;0.0
975;2021-05-16;0;0;3;0;0.1;0.0
975;2021-05-17;0;0;3;0;0.1;0.0
975;2021-05-18;0;0;3;0;0.1;0.0
975;2021-05-19;0;0;3;0;0.1;0.0
975;2021-05-20;0;0;3;0;0.1;0.0
975;2021-05-21;0;0;3;0;0.1;0.0
975;2021-05-22;0;0;3;0;0.1;0.0
975;2021-05-23;0;0;3;0;0.1;0.0
975;2021-05-24;0;0;3;0;0.1;0.0
975;2021-05-25;0;0;3;0;0.1;0.0
975;2021-05-26;0;0;3;0;0.1;0.0
975;2021-05-27;0;0;3;0;0.1;0.0
975;2021-05-28;0;0;3;0;0.1;0.0
975;2021-05-29;0;2;3;2;0.1;0.0
975;2021-05-30;0;0;3;2;0.1;0.0
975;2021-05-31;0;0;3;2;0.1;0.0
975;2021-06-01;0;0;3;2;0.1;0.0
975;2021-06-02;0;0;3;2;0.1;0.0
975;2021-06-03;0;0;3;2;0.1;0.0
975;2021-06-04;0;0;3;2;0.1;0.0
975;2021-06-05;0;0;3;2;0.1;0.0
975;2021-06-06;0;0;3;2;0.1;0.0
975;2021-06-07;0;0;3;2;0.1;0.0
975;2021-06-08;0;0;3;2;0.1;0.0
975;2021-06-09;0;0;3;2;0.1;0.0
975;2021-06-10;0;0;3;2;0.1;0.0
975;2021-06-11;0;0;3;2;0.1;0.0
975;2021-06-12;0;0;3;2;0.1;0.0
975;2021-06-13;0;0;3;2;0.1;0.0
975;2021-06-14;0;0;3;2;0.1;0.0
975;2021-06-15;0;0;3;2;0.1;0.0
975;2021-06-16;0;0;3;2;0.1;0.0
975;2021-06-17;0;0;3;2;0.1;0.0
975;2021-06-18;0;0;3;2;0.1;0.0
975;2021-06-19;0;0;3;2;0.1;0.0
975;2021-06-20;0;0;3;2;0.1;0.0
975;2021-06-21;1;0;4;2;0.1;0.0
975;2021-06-22;0;0;4;2;0.1;0.0
975;2021-06-23;0;0;4;2;0.1;0.0
975;2021-06-24;0;0;4;2;0.1;0.0
975;2021-06-25;0;0;4;2;0.1;0.0
975;2021-06-26;0;0;4;2;0.1;0.0
975;2021-06-27;0;0;4;2;0.1;0.0
975;2021-06-28;0;0;4;2;0.1;0.0
975;2021-06-29;0;0;4;2;0.1;0.0
975;2021-06-30;0;0;4;2;0.1;0.0
975;2021-07-01;0;0;4;2;0.1;0.0
975;2021-07-02;0;0;4;2;0.1;0.0
975;2021-07-03;0;0;4;2;0.1;0.0
975;2021-07-04;0;0;4;2;0.1;0.0
975;2021-07-05;0;0;4;2;0.1;0.0
975;2021-07-06;1;0;5;2;0.1;0.0
975;2021-07-07;7;0;12;2;0.2;0.0
975;2021-07-08;0;0;12;2;0.2;0.0
975;2021-07-09;1;0;13;2;0.2;0.0
975;2021-07-10;0;0;13;2;0.2;0.0
975;2021-07-11;0;0;13;2;0.2;0.0
975;2021-07-12;1;0;14;2;0.2;0.0
975;2021-07-13;0;0;14;2;0.2;0.0
975;2021-07-14;0;0;14;2;0.2;0.0
975;2021-07-15;0;0;14;2;0.2;0.0
975;2021-07-16;0;0;14;2;0.2;0.0
975;2021-07-17;0;0;14;2;0.2;0.0
975;2021-07-18;0;0;14;2;0.2;0.0
975;2021-07-19;0;0;14;2;0.2;0.0
975;2021-07-20;0;0;14;2;0.2;0.0
975;2021-07-21;0;0;14;2;0.2;0.0
975;2021-07-22;0;0;14;2;0.2;0.0
975;2021-07-23;0;0;14;2;0.2;0.0
975;2021-07-24;0;0;14;2;0.2;0.0
975;2021-07-25;0;0;14;2;0.2;0.0
975;2021-07-26;0;0;14;2;0.2;0.0
975;2021-07-27;0;0;14;2;0.2;0.0
975;2021-07-28;0;0;14;2;0.2;0.0
975;2021-07-29;0;0;14;2;0.2;0.0
975;2021-07-30;0;0;14;2;0.2;0.0
975;2021-07-31;0;0;14;2;0.2;0.0
975;2021-08-01;0;0;14;2;0.2;0.0
975;2021-08-02;1;0;15;2;0.3;0.0
975;2021-08-03;0;0;15;2;0.3;0.0
975;2021-08-04;0;0;15;2;0.3;0.0
975;2021-08-05;0;0;15;2;0.3;0.0
975;2021-08-06;0;0;15;2;0.3;0.0
975;2021-08-07;0;0;15;2;0.3;0.0
975;2021-08-08;0;0;15;2;0.3;0.0
975;2021-08-09;0;0;15;2;0.3;0.0
975;2021-08-10;0;0;15;2;0.3;0.0
975;2021-08-11;0;0;15;2;0.3;0.0
976;2020-12-27;0;0;0;0;0.0;0.0
976;2020-12-28;0;0;0;0;0.0;0.0
976;2020-12-29;0;0;0;0;0.0;0.0
976;2020-12-30;0;0;0;0;0.0;0.0
976;2020-12-31;0;0;0;0;0.0;0.0
976;2021-01-01;0;0;0;0;0.0;0.0
976;2021-01-02;0;0;0;0;0.0;0.0
976;2021-01-03;0;0;0;0;0.0;0.0
976;2021-01-04;0;0;0;0;0.0;0.0
976;2021-01-05;0;0;0;0;0.0;0.0
976;2021-01-06;0;0;0;0;0.0;0.0
976;2021-01-07;0;0;0;0;0.0;0.0
976;2021-01-08;0;0;0;0;0.0;0.0
976;2021-01-09;0;0;0;0;0.0;0.0
976;2021-01-10;0;0;0;0;0.0;0.0
976;2021-01-11;9;0;9;0;0.0;0.0
976;2021-01-12;0;0;9;0;0.0;0.0
976;2021-01-13;0;0;9;0;0.0;0.0
976;2021-01-14;0;0;9;0;0.0;0.0
976;2021-01-15;1;0;10;0;0.0;0.0
976;2021-01-16;1;0;11;0;0.0;0.0
976;2021-01-17;0;0;11;0;0.0;0.0
976;2021-01-18;1;0;12;0;0.0;0.0
976;2021-01-19;0;0;12;0;0.0;0.0
976;2021-01-20;0;0;12;0;0.0;0.0
976;2021-01-21;1;1;13;1;0.0;0.0
976;2021-01-22;0;0;13;1;0.0;0.0
976;2021-01-23;1;0;14;1;0.0;0.0
976;2021-01-24;0;0;14;1;0.0;0.0
976;2021-01-25;143;3;157;4;0.1;0.0
976;2021-01-26;165;3;322;7;0.1;0.0
976;2021-01-27;250;3;572;10;0.2;0.0
976;2021-01-28;102;8;674;18;0.2;0.0
976;2021-01-29;231;2;905;20;0.3;0.0
976;2021-01-30;284;11;1189;31;0.4;0.0
976;2021-01-31;1;0;1190;31;0.4;0.0
976;2021-02-01;160;0;1350;31;0.5;0.0
976;2021-02-02;330;8;1680;39;0.6;0.0
976;2021-02-03;228;3;1908;42;0.7;0.0
976;2021-02-04;216;9;2124;51;0.8;0.0
976;2021-02-05;214;1;2338;52;0.8;0.0
976;2021-02-06;83;10;2421;62;0.9;0.0
976;2021-02-07;0;0;2421;62;0.9;0.0
976;2021-02-08;82;4;2503;66;0.9;0.0
976;2021-02-09;193;1;2696;67;1.0;0.0
976;2021-02-10;187;4;2883;71;1.0;0.0
976;2021-02-11;236;4;3119;75;1.1;0.0
976;2021-02-12;287;4;3406;79;1.2;0.0
976;2021-02-13;56;0;3462;79;1.2;0.0
976;2021-02-14;1;0;3463;79;1.2;0.0
976;2021-02-15;359;6;3822;85;1.4;0.0
976;2021-02-16;266;10;4088;95;1.5;0.0
976;2021-02-17;167;9;4255;104;1.5;0.0
976;2021-02-18;217;12;4472;116;1.6;0.0
976;2021-02-19;237;24;4709;140;1.7;0.1
976;2021-02-20;139;8;4848;148;1.7;0.1
976;2021-02-21;0;0;4848;148;1.7;0.1
976;2021-02-22;130;122;4978;270;1.8;0.1
976;2021-02-23;185;155;5163;425;1.8;0.2
976;2021-02-24;176;145;5339;570;1.9;0.2
976;2021-02-25;227;277;5566;847;2.0;0.3
976;2021-02-26;242;247;5808;1094;2.1;0.4
976;2021-02-27;0;0;5808;1094;2.1;0.4
976;2021-02-28;0;0;5808;1094;2.1;0.4
976;2021-03-01;145;259;5953;1353;2.1;0.5
976;2021-03-02;228;260;6181;1613;2.2;0.6
976;2021-03-03;202;190;6383;1803;2.3;0.6
976;2021-03-04;205;143;6588;1946;2.4;0.7
976;2021-03-05;224;115;6812;2061;2.4;0.7
976;2021-03-06;1;0;6813;2061;2.4;0.7
976;2021-03-07;0;0;6813;2061;2.4;0.7
976;2021-03-08;189;109;7002;2170;2.5;0.8
976;2021-03-09;391;161;7393;2331;2.6;0.8
976;2021-03-10;180;178;7573;2509;2.7;0.9
976;2021-03-11;167;207;7740;2716;2.8;1.0
976;2021-03-12;237;293;7977;3009;2.9;1.1
976;2021-03-13;2;0;7979;3009;2.9;1.1
976;2021-03-14;0;0;7979;3009;2.9;1.1
976;2021-03-15;157;293;8136;3302;2.9;1.2
976;2021-03-16;237;225;8373;3527;3.0;1.3
976;2021-03-17;264;143;8637;3670;3.1;1.3
976;2021-03-18;173;236;8810;3906;3.2;1.4
976;2021-03-19;173;298;8983;4204;3.2;1.5
976;2021-03-20;0;0;8983;4204;3.2;1.5
976;2021-03-21;0;0;8983;4204;3.2;1.5
976;2021-03-22;97;136;9080;4340;3.2;1.6
976;2021-03-23;136;240;9216;4580;3.3;1.6
976;2021-03-24;160;147;9376;4727;3.4;1.7
976;2021-03-25;186;206;9562;4933;3.4;1.8
976;2021-03-26;160;212;9722;5145;3.5;1.8
976;2021-03-27;18;0;9740;5145;3.5;1.8
976;2021-03-28;1;0;9741;5145;3.5;1.8
976;2021-03-29;0;2;9741;5147;3.5;1.8
976;2021-03-30;272;335;10013;5482;3.6;2.0
976;2021-03-31;224;125;10237;5607;3.7;2.0
976;2021-04-01;245;103;10482;5710;3.8;2.0
976;2021-04-02;288;263;10770;5973;3.9;2.1
976;2021-04-03;905;307;11675;6280;4.2;2.2
976;2021-04-04;1;0;11676;6280;4.2;2.2
976;2021-04-05;1;0;11677;6280;4.2;2.2
976;2021-04-06;162;277;11839;6557;4.2;2.3
976;2021-04-07;237;266;12076;6823;4.3;2.4
976;2021-04-08;285;140;12361;6963;4.4;2.5
976;2021-04-09;248;171;12609;7134;4.5;2.6
976;2021-04-10;181;114;12790;7248;4.6;2.6
976;2021-04-11;7;0;12797;7248;4.6;2.6
976;2021-04-12;0;19;12797;7267;4.6;2.6
976;2021-04-13;394;344;13191;7611;4.7;2.7
976;2021-04-14;239;205;13430;7816;4.8;2.8
976;2021-04-15;209;117;13639;7933;4.9;2.8
976;2021-04-16;214;127;13853;8060;5.0;2.9
976;2021-04-17;226;131;14079;8191;5.0;2.9
976;2021-04-18;1;0;14080;8191;5.0;2.9
976;2021-04-19;7;1;14087;8192;5.0;2.9
976;2021-04-20;369;223;14456;8415;5.2;3.0
976;2021-04-21;413;150;14869;8565;5.3;3.1
976;2021-04-22;410;151;15279;8716;5.5;3.1
976;2021-04-23;367;166;15646;8882;5.6;3.2
976;2021-04-24;413;128;16059;9010;5.7;3.2
976;2021-04-25;2;0;16061;9010;5.7;3.2
976;2021-04-26;54;8;16115;9018;5.8;3.2
976;2021-04-27;351;293;16466;9311;5.9;3.3
976;2021-04-28;355;515;16821;9826;6.0;3.5
976;2021-04-29;559;344;17380;10170;6.2;3.6
976;2021-04-30;404;238;17784;10408;6.4;3.7
976;2021-05-01;673;286;18457;10694;6.6;3.8
976;2021-05-02;0;0;18457;10694;6.6;3.8
976;2021-05-03;141;6;18598;10700;6.7;3.8
976;2021-05-04;353;427;18951;11127;6.8;4.0
976;2021-05-05;447;318;19398;11445;6.9;4.1
976;2021-05-06;320;202;19718;11647;7.1;4.2
976;2021-05-07;341;133;20059;11780;7.2;4.2
976;2021-05-08;303;139;20362;11919;7.3;4.3
976;2021-05-09;0;0;20362;11919;7.3;4.3
976;2021-05-10;9;9;20371;11928;7.3;4.3
976;2021-05-11;362;489;20733;12417;7.4;4.4
976;2021-05-12;333;310;21066;12727;7.5;4.6
976;2021-05-13;127;97;21193;12824;7.6;4.6
976;2021-05-14;0;0;21193;12824;7.6;4.6
976;2021-05-15;486;283;21679;13107;7.8;4.7
976;2021-05-16;1;0;21680;13107;7.8;4.7
976;2021-05-17;124;51;21804;13158;7.8;4.7
976;2021-05-18;516;430;22320;13588;8.0;4.9
976;2021-05-19;651;663;22971;14251;8.2;5.1
976;2021-05-20;1055;497;24026;14748;8.6;5.3
976;2021-05-21;1047;313;25073;15061;9.0;5.4
976;2021-05-22;1243;299;26316;15360;9.4;5.5
976;2021-05-23;0;0;26316;15360;9.4;5.5
976;2021-05-24;1;0;26317;15360;9.4;5.5
976;2021-05-25;889;623;27206;15983;9.7;5.7
976;2021-05-26;1036;841;28242;16824;10.1;6.0
976;2021-05-27;1324;510;29566;17334;10.6;6.2
976;2021-05-28;957;372;30523;17706;10.9;6.3
976;2021-05-29;1131;391;31654;18097;11.3;6.5
976;2021-05-30;1;1;31655;18098;11.3;6.5
976;2021-05-31;105;6;31760;18104;11.4;6.5
976;2021-06-01;1151;651;32911;18755;11.8;6.7
976;2021-06-02;1237;530;34148;19285;12.2;6.9
976;2021-06-03;807;351;34955;19636;12.5;7.0
976;2021-06-04;1001;323;35956;19959;12.9;7.1
976;2021-06-05;679;300;36635;20259;13.1;7.2
976;2021-06-06;1;0;36636;20259;13.1;7.2
976;2021-06-07;90;12;36726;20271;13.1;7.3
976;2021-06-08;956;444;37682;20715;13.5;7.4
976;2021-06-09;971;550;38653;21265;13.8;7.6
976;2021-06-10;699;230;39352;21495;14.1;7.7
976;2021-06-11;849;366;40201;21861;14.4;7.8
976;2021-06-12;584;277;40785;22138;14.6;7.9
976;2021-06-13;1;0;40786;22138;14.6;7.9
976;2021-06-14;187;112;40973;22250;14.7;8.0
976;2021-06-15;415;839;41388;23089;14.8;8.3
976;2021-06-16;891;1442;42279;24531;15.1;8.8
976;2021-06-17;778;660;43057;25191;15.4;9.0
976;2021-06-18;706;622;43763;25813;15.7;9.2
976;2021-06-19;537;643;44300;26456;15.9;9.5
976;2021-06-20;1;0;44301;26456;15.9;9.5
976;2021-06-21;127;131;44428;26587;15.9;9.5
976;2021-06-22;430;1150;44858;27737;16.1;9.9
976;2021-06-23;660;1185;45518;28922;16.3;10.3
976;2021-06-24;469;545;45987;29467;16.5;10.5
976;2021-06-25;542;477;46529;29944;16.6;10.7
976;2021-06-26;389;689;46918;30633;16.8;11.0
976;2021-06-27;0;0;46918;30633;16.8;11.0
976;2021-06-28;106;191;47024;30824;16.8;11.0
976;2021-06-29;718;974;47742;31798;17.1;11.4
976;2021-06-30;677;948;48419;32746;17.3;11.7
976;2021-07-01;577;546;48996;33292;17.5;11.9
976;2021-07-02;452;430;49448;33722;17.7;12.1
976;2021-07-03;447;420;49895;34142;17.9;12.2
976;2021-07-04;2;0;49897;34142;17.9;12.2
976;2021-07-05;120;224;50017;34366;17.9;12.3
976;2021-07-06;503;864;50520;35230;18.1;12.6
976;2021-07-07;771;1009;51291;36239;18.4;13.0
976;2021-07-08;802;634;52093;36873;18.6;13.2
976;2021-07-09;791;519;52884;37392;18.9;13.4
976;2021-07-10;441;319;53325;37711;19.1;13.5
976;2021-07-11;0;0;53325;37711;19.1;13.5
976;2021-07-12;163;172;53488;37883;19.1;13.6
976;2021-07-13;850;998;54338;38881;19.4;13.9
976;2021-07-14;0;5;54338;38886;19.4;13.9
976;2021-07-15;1221;812;55559;39698;19.9;14.2
976;2021-07-16;1302;655;56861;40353;20.3;14.4
976;2021-07-17;1039;369;57900;40722;20.7;14.6
976;2021-07-18;0;0;57900;40722;20.7;14.6
976;2021-07-19;203;133;58103;40855;20.8;14.6
976;2021-07-20;1151;867;59254;41722;21.2;14.9
976;2021-07-21;32;28;59286;41750;21.2;14.9
976;2021-07-22;1120;651;60406;42401;21.6;15.2
976;2021-07-23;1200;537;61606;42938;22.0;15.4
976;2021-07-24;848;436;62454;43374;22.3;15.5
976;2021-07-25;0;0;62454;43374;22.3;15.5
976;2021-07-26;178;36;62632;43410;22.4;15.5
976;2021-07-27;1124;821;63756;44231;22.8;15.8
976;2021-07-28;1011;633;64767;44864;23.2;16.1
976;2021-07-29;1198;555;65965;45419;23.6;16.3
976;2021-07-30;1200;405;67165;45824;24.0;16.4
976;2021-07-31;760;273;67925;46097;24.3;16.5
976;2021-08-01;0;0;67925;46097;24.3;16.5
976;2021-08-02;309;179;68234;46276;24.4;16.6
976;2021-08-03;1500;927;69734;47203;25.0;16.9
976;2021-08-04;1820;808;71554;48011;25.6;17.2
976;2021-08-05;1459;495;73013;48506;26.1;17.4
976;2021-08-06;1676;496;74689;49002;26.7;17.5
976;2021-08-07;911;355;75600;49357;27.1;17.7
976;2021-08-08;0;0;75600;49357;27.1;17.7
976;2021-08-09;519;235;76119;49592;27.2;17.7
976;2021-08-10;1602;1365;77721;50957;27.8;18.2
976;2021-08-11;1942;1226;79663;52183;28.5;18.7
977;2020-12-27;0;0;0;0;0.0;0.0
977;2020-12-28;0;0;0;0;0.0;0.0
977;2020-12-29;0;0;0;0;0.0;0.0
977;2020-12-30;0;0;0;0;0.0;0.0
977;2020-12-31;0;0;0;0;0.0;0.0
977;2021-01-01;0;0;0;0;0.0;0.0
977;2021-01-02;0;0;0;0;0.0;0.0
977;2021-01-03;0;0;0;0;0.0;0.0
977;2021-01-04;0;0;0;0;0.0;0.0
977;2021-01-05;0;0;0;0;0.0;0.0
977;2021-01-06;0;0;0;0;0.0;0.0
977;2021-01-07;0;0;0;0;0.0;0.0
977;2021-01-08;0;0;0;0;0.0;0.0
977;2021-01-09;0;0;0;0;0.0;0.0
977;2021-01-10;0;0;0;0;0.0;0.0
977;2021-01-11;0;0;0;0;0.0;0.0
977;2021-01-12;0;0;0;0;0.0;0.0
977;2021-01-13;0;0;0;0;0.0;0.0
977;2021-01-14;0;0;0;0;0.0;0.0
977;2021-01-15;0;0;0;0;0.0;0.0
977;2021-01-16;0;0;0;0;0.0;0.0
977;2021-01-17;0;0;0;0;0.0;0.0
977;2021-01-18;1;0;1;0;0.0;0.0
977;2021-01-19;0;0;1;0;0.0;0.0
977;2021-01-20;0;0;1;0;0.0;0.0
977;2021-01-21;12;0;13;0;0.1;0.0
977;2021-01-22;12;0;25;0;0.3;0.0
977;2021-01-23;0;0;25;0;0.3;0.0
977;2021-01-24;0;0;25;0;0.3;0.0
977;2021-01-25;0;0;25;0;0.3;0.0
977;2021-01-26;0;0;25;0;0.3;0.0
977;2021-01-27;12;0;37;0;0.4;0.0
977;2021-01-28;1;0;38;0;0.4;0.0
977;2021-01-29;6;0;44;0;0.4;0.0
977;2021-01-30;0;0;44;0;0.4;0.0
977;2021-01-31;0;0;44;0;0.4;0.0
977;2021-02-01;0;0;44;0;0.4;0.0
977;2021-02-02;0;0;44;0;0.4;0.0
977;2021-02-03;11;0;55;0;0.6;0.0
977;2021-02-04;12;0;67;0;0.7;0.0
977;2021-02-05;11;0;78;0;0.8;0.0
977;2021-02-06;0;0;78;0;0.8;0.0
977;2021-02-07;0;0;78;0;0.8;0.0
977;2021-02-08;0;0;78;0;0.8;0.0
977;2021-02-09;13;0;91;0;0.9;0.0
977;2021-02-10;0;0;91;0;0.9;0.0
977;2021-02-11;17;0;108;0;1.1;0.0
977;2021-02-12;45;0;153;0;1.5;0.0
977;2021-02-13;0;0;153;0;1.5;0.0
977;2021-02-14;0;0;153;0;1.5;0.0
977;2021-02-15;0;0;153;0;1.5;0.0
977;2021-02-16;0;0;153;0;1.5;0.0
977;2021-02-17;0;0;153;0;1.5;0.0
977;2021-02-18;18;0;171;0;1.7;0.0
977;2021-02-19;35;0;206;0;2.1;0.0
977;2021-02-20;0;0;206;0;2.1;0.0
977;2021-02-21;0;0;206;0;2.1;0.0
977;2021-02-22;0;0;206;0;2.1;0.0
977;2021-02-23;0;21;206;21;2.1;0.2
977;2021-02-24;0;0;206;21;2.1;0.2
977;2021-02-25;15;10;221;31;2.2;0.3
977;2021-02-26;33;20;254;51;2.5;0.5
977;2021-02-27;0;0;254;51;2.5;0.5
977;2021-02-28;0;0;254;51;2.5;0.5
977;2021-03-01;0;0;254;51;2.5;0.5
977;2021-03-02;19;11;273;62;2.7;0.6
977;2021-03-03;0;0;273;62;2.7;0.6
977;2021-03-04;16;12;289;74;2.9;0.7
977;2021-03-05;35;19;324;93;3.3;0.9
977;2021-03-06;0;0;324;93;3.3;0.9
977;2021-03-07;0;0;324;93;3.3;0.9
977;2021-03-08;0;0;324;93;3.3;0.9
977;2021-03-09;1;0;325;93;3.3;0.9
977;2021-03-10;0;0;325;93;3.3;0.9
977;2021-03-11;20;30;345;123;3.5;1.2
977;2021-03-12;62;41;407;164;4.1;1.6
977;2021-03-13;0;0;407;164;4.1;1.6
977;2021-03-14;0;0;407;164;4.1;1.6
977;2021-03-15;0;0;407;164;4.1;1.6
977;2021-03-16;30;9;437;173;4.4;1.7
977;2021-03-17;0;0;437;173;4.4;1.7
977;2021-03-18;30;16;467;189;4.7;1.9
977;2021-03-19;55;29;522;218;5.2;2.2
977;2021-03-20;0;0;522;218;5.2;2.2
977;2021-03-21;0;0;522;218;5.2;2.2
977;2021-03-22;0;0;522;218;5.2;2.2
977;2021-03-23;0;0;522;218;5.2;2.2
977;2021-03-24;0;0;522;218;5.2;2.2
977;2021-03-25;65;17;587;235;5.9;2.4
977;2021-03-26;73;26;660;261;6.6;2.6
977;2021-03-27;0;0;660;261;6.6;2.6
977;2021-03-28;0;0;660;261;6.6;2.6
977;2021-03-29;0;0;660;261;6.6;2.6
977;2021-03-30;40;18;700;279;7.0;2.8
977;2021-03-31;26;15;726;294;7.3;3.0
977;2021-04-01;25;32;751;326;7.5;3.3
977;2021-04-02;0;0;751;326;7.5;3.3
977;2021-04-03;0;0;751;326;7.5;3.3
977;2021-04-04;0;0;751;326;7.5;3.3
977;2021-04-05;9;0;760;326;7.6;3.3
977;2021-04-06;0;0;760;326;7.6;3.3
977;2021-04-07;0;0;760;326;7.6;3.3
977;2021-04-08;57;46;817;372;8.2;3.7
977;2021-04-09;58;31;875;403;8.8;4.0
977;2021-04-10;0;0;875;403;8.8;4.0
977;2021-04-11;0;0;875;403;8.8;4.0
977;2021-04-12;0;0;875;403;8.8;4.0
977;2021-04-13;0;0;875;403;8.8;4.0
977;2021-04-14;5;6;880;409;8.8;4.1
977;2021-04-15;56;71;936;480;9.4;4.8
977;2021-04-16;90;35;1026;515;10.3;5.2
977;2021-04-17;0;1;1026;516;10.3;5.2
977;2021-04-18;0;0;1026;516;10.3;5.2
977;2021-04-19;1;0;1027;516;10.3;5.2
977;2021-04-20;335;65;1362;581;13.7;5.8
977;2021-04-21;337;30;1699;611;17.1;6.1
977;2021-04-22;284;49;1983;660;19.9;6.6
977;2021-04-23;260;42;2243;702;22.5;7.0
977;2021-04-24;231;1;2474;703;24.8;7.1
977;2021-04-25;0;0;2474;703;24.8;7.1
977;2021-04-26;283;19;2757;722;27.7;7.2
977;2021-04-27;224;68;2981;790;29.9;7.9
977;2021-04-28;192;26;3173;816;31.9;8.2
977;2021-04-29;170;23;3343;839;33.6;8.4
977;2021-04-30;172;16;3515;855;35.3;8.6
977;2021-05-01;202;12;3717;867;37.3;8.7
977;2021-05-02;0;0;3717;867;37.3;8.7
977;2021-05-03;135;9;3852;876;38.7;8.8
977;2021-05-04;161;53;4013;929;40.3;9.3
977;2021-05-05;221;29;4234;958;42.5;9.6
977;2021-05-06;175;32;4409;990;44.3;9.9
977;2021-05-07;149;31;4558;1021;45.8;10.2
977;2021-05-08;1;0;4559;1021;45.8;10.2
977;2021-05-09;0;0;4559;1021;45.8;10.2
977;2021-05-10;0;0;4559;1021;45.8;10.2
977;2021-05-11;3;41;4562;1062;45.8;10.7
977;2021-05-12;6;36;4568;1098;45.9;11.0
977;2021-05-13;0;0;4568;1098;45.9;11.0
977;2021-05-14;28;98;4596;1196;46.1;12.0
977;2021-05-15;0;0;4596;1196;46.1;12.0
977;2021-05-16;1;0;4597;1196;46.1;12.0
977;2021-05-17;1;14;4598;1210;46.2;12.1
977;2021-05-18;17;32;4615;1242;46.3;12.5
977;2021-05-19;0;1;4615;1243;46.3;12.5
977;2021-05-20;0;8;4615;1251;46.3;12.6
977;2021-05-21;12;32;4627;1283;46.5;12.9
977;2021-05-22;0;0;4627;1283;46.5;12.9
977;2021-05-23;0;0;4627;1283;46.5;12.9
977;2021-05-24;0;0;4627;1283;46.5;12.9
977;2021-05-25;50;332;4677;1615;47.0;16.2
977;2021-05-26;54;360;4731;1975;47.5;19.8
977;2021-05-27;34;317;4765;2292;47.8;23.0
977;2021-05-28;27;256;4792;2548;48.1;25.6
977;2021-05-29;35;375;4827;2923;48.5;29.3
977;2021-05-30;1;0;4828;2923;48.5;29.3
977;2021-05-31;45;216;4873;3139;48.9;31.5
977;2021-06-01;48;227;4921;3366;49.4;33.8
977;2021-06-02;69;273;4990;3639;50.1;36.5
977;2021-06-03;41;252;5031;3891;50.5;39.1
977;2021-06-04;81;270;5112;4161;51.3;41.8
977;2021-06-05;1;0;5113;4161;51.3;41.8
977;2021-06-06;0;0;5113;4161;51.3;41.8
977;2021-06-07;1;1;5114;4162;51.3;41.8
977;2021-06-08;5;2;5119;4164;51.4;41.8
977;2021-06-09;0;3;5119;4167;51.4;41.8
977;2021-06-10;8;4;5127;4171;51.5;41.9
977;2021-06-11;4;8;5131;4179;51.5;42.0
977;2021-06-12;16;59;5147;4238;51.7;42.5
977;2021-06-13;0;0;5147;4238;51.7;42.5
977;2021-06-14;0;0;5147;4238;51.7;42.5
977;2021-06-15;0;1;5147;4239;51.7;42.6
977;2021-06-16;0;0;5147;4239;51.7;42.6
977;2021-06-17;2;6;5149;4245;51.7;42.6
977;2021-06-18;0;2;5149;4247;51.7;42.6
977;2021-06-19;25;49;5174;4296;51.9;43.1
977;2021-06-20;0;0;5174;4296;51.9;43.1
977;2021-06-21;1;2;5175;4298;52.0;43.1
977;2021-06-22;8;0;5183;4298;52.0;43.1
977;2021-06-23;15;9;5198;4307;52.2;43.2
977;2021-06-24;10;5;5208;4312;52.3;43.3
977;2021-06-25;0;0;5208;4312;52.3;43.3
977;2021-06-26;25;45;5233;4357;52.5;43.7
977;2021-06-27;0;0;5233;4357;52.5;43.7
977;2021-06-28;0;0;5233;4357;52.5;43.7
977;2021-06-29;0;0;5233;4357;52.5;43.7
977;2021-06-30;0;0;5233;4357;52.5;43.7
977;2021-07-01;27;36;5260;4393;52.8;44.1
977;2021-07-02;26;31;5286;4424;53.1;44.4
977;2021-07-03;27;213;5313;4637;53.3;46.6
977;2021-07-04;0;0;5313;4637;53.3;46.6
977;2021-07-05;4;8;5317;4645;53.4;46.6
977;2021-07-06;0;0;5317;4645;53.4;46.6
977;2021-07-07;8;0;5325;4645;53.5;46.6
977;2021-07-08;33;23;5358;4668;53.8;46.9
977;2021-07-09;23;32;5381;4700;54.0;47.2
977;2021-07-10;33;45;5414;4745;54.4;47.6
977;2021-07-11;0;0;5414;4745;54.4;47.6
977;2021-07-12;0;1;5414;4746;54.4;47.6
977;2021-07-13;10;10;5424;4756;54.5;47.7
977;2021-07-14;0;0;5424;4756;54.5;47.7
977;2021-07-15;1;11;5425;4767;54.5;47.9
977;2021-07-16;44;51;5469;4818;54.9;48.4
977;2021-07-17;34;38;5503;4856;55.2;48.8
977;2021-07-18;1;0;5504;4856;55.3;48.8
977;2021-07-19;3;2;5507;4858;55.3;48.8
977;2021-07-20;3;1;5510;4859;55.3;48.8
977;2021-07-21;33;16;5543;4875;55.6;48.9
977;2021-07-22;35;33;5578;4908;56.0;49.3
977;2021-07-23;32;29;5610;4937;56.3;49.6
977;2021-07-24;43;26;5653;4963;56.8;49.8
977;2021-07-25;0;0;5653;4963;56.8;49.8
977;2021-07-26;13;9;5666;4972;56.9;49.9
977;2021-07-27;0;10;5666;4982;56.9;50.0
977;2021-07-28;31;14;5697;4996;57.2;50.2
977;2021-07-29;33;32;5730;5028;57.5;50.5
977;2021-07-30;31;29;5761;5057;57.8;50.8
977;2021-07-31;53;23;5814;5080;58.4;51.0
977;2021-08-01;0;0;5814;5080;58.4;51.0
977;2021-08-02;11;1;5825;5081;58.5;51.0
977;2021-08-03;0;0;5825;5081;58.5;51.0
977;2021-08-04;40;14;5865;5095;58.9;51.1
977;2021-08-05;28;29;5893;5124;59.2;51.4
977;2021-08-06;35;35;5928;5159;59.5;51.8
977;2021-08-07;56;26;5984;5185;60.1;52.1
977;2021-08-08;0;0;5984;5185;60.1;52.1
977;2021-08-09;7;5;5991;5190;60.1;52.1
977;2021-08-10;14;8;6005;5198;60.3;52.2
977;2021-08-11;28;17;6033;5215;60.6;52.4
978;2020-12-27;0;0;0;0;0.0;0.0
978;2020-12-28;0;0;0;0;0.0;0.0
978;2020-12-29;0;0;0;0;0.0;0.0
978;2020-12-30;0;0;0;0;0.0;0.0
978;2020-12-31;0;0;0;0;0.0;0.0
978;2021-01-01;0;0;0;0;0.0;0.0
978;2021-01-02;0;0;0;0;0.0;0.0
978;2021-01-03;0;0;0;0;0.0;0.0
978;2021-01-04;0;0;0;0;0.0;0.0
978;2021-01-05;0;0;0;0;0.0;0.0
978;2021-01-06;0;0;0;0;0.0;0.0
978;2021-01-07;0;0;0;0;0.0;0.0
978;2021-01-08;0;0;0;0;0.0;0.0
978;2021-01-09;0;0;0;0;0.0;0.0
978;2021-01-10;0;0;0;0;0.0;0.0
978;2021-01-11;0;0;0;0;0.0;0.0
978;2021-01-12;0;0;0;0;0.0;0.0
978;2021-01-13;10;0;10;0;0.0;0.0
978;2021-01-14;12;0;22;0;0.1;0.0
978;2021-01-15;9;0;31;0;0.1;0.0
978;2021-01-16;0;0;31;0;0.1;0.0
978;2021-01-17;0;0;31;0;0.1;0.0
978;2021-01-18;0;0;31;0;0.1;0.0
978;2021-01-19;12;0;43;0;0.1;0.0
978;2021-01-20;13;0;56;0;0.2;0.0
978;2021-01-21;6;0;62;0;0.2;0.0
978;2021-01-22;0;0;62;0;0.2;0.0
978;2021-01-23;0;0;62;0;0.2;0.0
978;2021-01-24;0;0;62;0;0.2;0.0
978;2021-01-25;0;0;62;0;0.2;0.0
978;2021-01-26;9;0;71;0;0.2;0.0
978;2021-01-27;10;0;81;0;0.2;0.0
978;2021-01-28;6;0;87;0;0.2;0.0
978;2021-01-29;0;0;87;0;0.2;0.0
978;2021-01-30;0;0;87;0;0.2;0.0
978;2021-01-31;0;0;87;0;0.2;0.0
978;2021-02-01;0;0;87;0;0.2;0.0
978;2021-02-02;39;0;126;0;0.4;0.0
978;2021-02-03;11;0;137;0;0.4;0.0
978;2021-02-04;31;0;168;0;0.5;0.0
978;2021-02-05;6;0;174;0;0.5;0.0
978;2021-02-06;0;0;174;0;0.5;0.0
978;2021-02-07;0;0;174;0;0.5;0.0
978;2021-02-08;0;0;174;0;0.5;0.0
978;2021-02-09;38;0;212;0;0.6;0.0
978;2021-02-10;27;1;239;1;0.7;0.0
978;2021-02-11;0;0;239;1;0.7;0.0
978;2021-02-12;36;0;275;1;0.8;0.0
978;2021-02-13;0;0;275;1;0.8;0.0
978;2021-02-14;0;0;275;1;0.8;0.0
978;2021-02-15;50;1;325;2;0.9;0.0
978;2021-02-16;0;0;325;2;0.9;0.0
978;2021-02-17;0;0;325;2;0.9;0.0
978;2021-02-18;28;0;353;2;1.0;0.0
978;2021-02-19;44;0;397;2;1.1;0.0
978;2021-02-20;0;0;397;2;1.1;0.0
978;2021-02-21;0;0;397;2;1.1;0.0
978;2021-02-22;45;4;442;6;1.3;0.0
978;2021-02-23;41;29;483;35;1.4;0.1
978;2021-02-24;35;1;518;36;1.5;0.1
978;2021-02-25;55;36;573;72;1.6;0.2
978;2021-02-26;39;5;612;77;1.7;0.2
978;2021-02-27;0;0;612;77;1.7;0.2
978;2021-02-28;0;0;612;77;1.7;0.2
978;2021-03-01;49;5;661;82;1.9;0.2
978;2021-03-02;7;27;668;109;1.9;0.3
978;2021-03-03;48;28;716;137;2.0;0.4
978;2021-03-04;31;26;747;163;2.1;0.5
978;2021-03-05;46;10;793;173;2.2;0.5
978;2021-03-06;0;0;793;173;2.2;0.5
978;2021-03-07;0;0;793;173;2.2;0.5
978;2021-03-08;32;7;825;180;2.3;0.5
978;2021-03-09;19;27;844;207;2.4;0.6
978;2021-03-10;33;28;877;235;2.5;0.7
978;2021-03-11;2;0;879;235;2.5;0.7
978;2021-03-12;52;21;931;256;2.6;0.7
978;2021-03-13;13;0;944;256;2.7;0.7
978;2021-03-14;0;0;944;256;2.7;0.7
978;2021-03-15;31;41;975;297;2.8;0.8
978;2021-03-16;73;6;1048;303;3.0;0.9
978;2021-03-17;67;13;1115;316;3.2;0.9
978;2021-03-18;82;39;1197;355;3.4;1.0
978;2021-03-19;32;50;1229;405;3.5;1.1
978;2021-03-20;0;0;1229;405;3.5;1.1
978;2021-03-21;0;0;1229;405;3.5;1.1
978;2021-03-22;35;45;1264;450;3.6;1.3
978;2021-03-23;30;43;1294;493;3.7;1.4
978;2021-03-24;38;42;1332;535;3.8;1.5
978;2021-03-25;94;34;1426;569;4.0;1.6
978;2021-03-26;45;33;1471;602;4.2;1.7
978;2021-03-27;94;3;1565;605;4.4;1.7
978;2021-03-28;0;0;1565;605;4.4;1.7
978;2021-03-29;69;48;1634;653;4.6;1.8
978;2021-03-30;98;24;1732;677;4.9;1.9
978;2021-03-31;90;49;1822;726;5.2;2.1
978;2021-04-01;57;48;1879;774;5.3;2.2
978;2021-04-02;0;0;1879;774;5.3;2.2
978;2021-04-03;1;0;1880;774;5.3;2.2
978;2021-04-04;0;0;1880;774;5.3;2.2
978;2021-04-05;2;0;1882;774;5.3;2.2
978;2021-04-06;49;63;1931;837;5.5;2.4
978;2021-04-07;92;33;2023;870;5.7;2.5
978;2021-04-08;120;7;2143;877;6.1;2.5
978;2021-04-09;90;39;2233;916;6.3;2.6
978;2021-04-10;169;11;2402;927;6.8;2.6
978;2021-04-11;0;0;2402;927;6.8;2.6
978;2021-04-12;42;75;2444;1002;6.9;2.8
978;2021-04-13;49;71;2493;1073;7.1;3.0
978;2021-04-14;82;45;2575;1118;7.3;3.2
978;2021-04-15;92;23;2667;1141;7.5;3.2
978;2021-04-16;77;42;2744;1183;7.8;3.3
978;2021-04-17;165;4;2909;1187;8.2;3.4
978;2021-04-18;0;0;2909;1187;8.2;3.4
978;2021-04-19;52;67;2961;1254;8.4;3.5
978;2021-04-20;83;27;3044;1281;8.6;3.6
978;2021-04-21;91;29;3135;1310;8.9;3.7
978;2021-04-22;101;20;3236;1330;9.2;3.8
978;2021-04-23;45;66;3281;1396;9.3;4.0
978;2021-04-24;99;78;3380;1474;9.6;4.2
978;2021-04-25;0;0;3380;1474;9.6;4.2
978;2021-04-26;29;91;3409;1565;9.6;4.4
978;2021-04-27;59;63;3468;1628;9.8;4.6
978;2021-04-28;91;39;3559;1667;10.1;4.7
978;2021-04-29;89;32;3648;1699;10.3;4.8
978;2021-04-30;104;14;3752;1713;10.6;4.8
978;2021-05-01;0;8;3752;1721;10.6;4.9
978;2021-05-02;0;0;3752;1721;10.6;4.9
978;2021-05-03;25;99;3777;1820;10.7;5.2
978;2021-05-04;159;102;3936;1922;11.1;5.4
978;2021-05-05;142;59;4078;1981;11.5;5.6
978;2021-05-06;200;49;4278;2030;12.1;5.7
978;2021-05-07;127;71;4405;2101;12.5;5.9
978;2021-05-08;69;122;4474;2223;12.7;6.3
978;2021-05-09;0;0;4474;2223;12.7;6.3
978;2021-05-10;124;99;4598;2322;13.0;6.6
978;2021-05-11;132;72;4730;2394;13.4;6.8
978;2021-05-12;156;78;4886;2472;13.8;7.0
978;2021-05-13;83;6;4969;2478;14.1;7.0
978;2021-05-14;130;62;5099;2540;14.4;7.2
978;2021-05-15;87;4;5186;2544;14.7;7.2
978;2021-05-16;0;0;5186;2544;14.7;7.2
978;2021-05-17;146;115;5332;2659;15.1;7.5
978;2021-05-18;151;94;5483;2753;15.5;7.8
978;2021-05-19;84;69;5567;2822;15.8;8.0
978;2021-05-20;104;26;5671;2848;16.0;8.1
978;2021-05-21;98;53;5769;2901;16.3;8.2
978;2021-05-22;100;11;5869;2912;16.6;8.2
978;2021-05-23;0;0;5869;2912;16.6;8.2
978;2021-05-24;33;7;5902;2919;16.7;8.3
978;2021-05-25;119;78;6021;2997;17.0;8.5
978;2021-05-26;109;49;6130;3046;17.3;8.6
978;2021-05-27;112;42;6242;3088;17.7;8.7
978;2021-05-28;33;1;6275;3089;17.8;8.7
978;2021-05-29;60;213;6335;3302;17.9;9.3
978;2021-05-30;0;0;6335;3302;17.9;9.3
978;2021-05-31;112;63;6447;3365;18.2;9.5
978;2021-06-01;116;62;6563;3427;18.6;9.7
978;2021-06-02;131;33;6694;3460;18.9;9.8
978;2021-06-03;102;38;6796;3498;19.2;9.9
978;2021-06-04;128;70;6924;3568;19.6;10.1
978;2021-06-05;83;21;7007;3589;19.8;10.2
978;2021-06-06;0;0;7007;3589;19.8;10.2
978;2021-06-07;96;96;7103;3685;20.1;10.4
978;2021-06-08;82;89;7185;3774;20.3;10.7
978;2021-06-09;99;73;7284;3847;20.6;10.9
978;2021-06-10;112;63;7396;3910;20.9;11.1
978;2021-06-11;117;106;7513;4016;21.3;11.4
978;2021-06-12;57;30;7570;4046;21.4;11.5
978;2021-06-13;0;0;7570;4046;21.4;11.5
978;2021-06-14;106;127;7676;4173;21.7;11.8
978;2021-06-15;88;120;7764;4293;22.0;12.1
978;2021-06-16;105;148;7869;4441;22.3;12.6
978;2021-06-17;85;72;7954;4513;22.5;12.8
978;2021-06-18;67;99;8021;4612;22.7;13.1
978;2021-06-19;64;79;8085;4691;22.9;13.3
978;2021-06-20;0;0;8085;4691;22.9;13.3
978;2021-06-21;78;151;8163;4842;23.1;13.7
978;2021-06-22;71;103;8234;4945;23.3;14.0
978;2021-06-23;68;115;8302;5060;23.5;14.3
978;2021-06-24;44;75;8346;5135;23.6;14.5
978;2021-06-25;63;100;8409;5235;23.8;14.8
978;2021-06-26;35;61;8444;5296;23.9;15.0
978;2021-06-27;0;0;8444;5296;23.9;15.0
978;2021-06-28;74;130;8518;5426;24.1;15.4
978;2021-06-29;62;104;8580;5530;24.3;15.7
978;2021-06-30;56;110;8636;5640;24.4;16.0
978;2021-07-01;42;87;8678;5727;24.6;16.2
978;2021-07-02;52;91;8730;5818;24.7;16.5
978;2021-07-03;40;90;8770;5908;24.8;16.7
978;2021-07-04;0;1;8770;5909;24.8;16.7
978;2021-07-05;67;93;8837;6002;25.0;17.0
978;2021-07-06;55;75;8892;6077;25.2;17.2
978;2021-07-07;55;123;8947;6200;25.3;17.5
978;2021-07-08;54;107;9001;6307;25.5;17.8
978;2021-07-09;46;92;9047;6399;25.6;18.1
978;2021-07-10;38;85;9085;6484;25.7;18.4
978;2021-07-11;0;4;9085;6488;25.7;18.4
978;2021-07-12;71;130;9156;6618;25.9;18.7
978;2021-07-13;146;162;9302;6780;26.3;19.2
978;2021-07-14;3;0;9305;6780;26.3;19.2
978;2021-07-15;161;195;9466;6975;26.8;19.7
978;2021-07-16;112;114;9578;7089;27.1;20.1
978;2021-07-17;52;100;9630;7189;27.3;20.3
978;2021-07-18;0;0;9630;7189;27.3;20.3
978;2021-07-19;98;134;9728;7323;27.5;20.7
978;2021-07-20;80;74;9808;7397;27.8;20.9
978;2021-07-21;63;50;9871;7447;27.9;21.1
978;2021-07-22;97;115;9968;7562;28.2;21.4
978;2021-07-23;67;100;10035;7662;28.4;21.7
978;2021-07-24;20;35;10055;7697;28.5;21.8
978;2021-07-25;0;0;10055;7697;28.5;21.8
978;2021-07-26;94;116;10149;7813;28.7;22.1
978;2021-07-27;67;145;10216;7958;28.9;22.5
978;2021-07-28;72;127;10288;8085;29.1;22.9
978;2021-07-29;80;98;10368;8183;29.3;23.2
978;2021-07-30;82;116;10450;8299;29.6;23.5
978;2021-07-31;48;67;10498;8366;29.7;23.7
978;2021-08-01;0;0;10498;8366;29.7;23.7
978;2021-08-02;65;95;10563;8461;29.9;23.9
978;2021-08-03;60;94;10623;8555;30.1;24.2
978;2021-08-04;62;55;10685;8610;30.2;24.4
978;2021-08-05;48;70;10733;8680;30.4;24.6
978;2021-08-06;74;128;10807;8808;30.6;24.9
978;2021-08-07;43;44;10850;8852;30.7;25.1
978;2021-08-08;0;0;10850;8852;30.7;25.1
978;2021-08-09;138;150;10988;9002;31.1;25.5
978;2021-08-10;82;92;11070;9094;31.3;25.7
978;2021-08-11;106;100;11176;9194;31.6;26.0
