dep;jour;n_dose1;n_complet;n_cum_dose1;n_cum_complet;couv_dose1;couv_complet
01;2020-12-27;1;0;1;0;0.0;0.0
01;2020-12-28;0;0;1;0;0.0;0.0
01;2020-12-29;0;0;1;0;0.0;0.0
01;2020-12-30;0;0;1;0;0.0;0.0
01;2020-12-31;0;0;1;0;0.0;0.0
01;2021-01-01;1;0;2;0;0.0;0.0
01;2021-01-02;0;0;2;0;0.0;0.0
01;2021-01-03;0;0;2;0;0.0;0.0
01;2021-01-04;2;0;4;0;0.0;0.0
01;2021-01-05;2;0;6;0;0.0;0.0
01;2021-01-06;1;0;7;0;0.0;0.0
01;2021-01-07;67;0;74;0;0.0;0.0
01;2021-01-08;159;0;233;0;0.0;0.0
01;2021-01-09;2;1;235;1;0.0;0.0
01;2021-01-10;0;0;235;1;0.0;0.0
01;2021-01-11;148;0;383;1;0.1;0.0
01;2021-01-12;317;2;700;3;0.1;0.0
01;2021-01-13;444;1;1144;4;0.2;0.0
01;2021-01-14;529;3;1673;7;0.3;0.0
01;2021-01-15;397;3;2070;10;0.3;0.0
01;2021-01-16;202;0;2272;10;0.3;0.0
01;2021-01-17;128;0;2400;10;0.4;0.0
01;2021-01-18;378;1;2778;11;0.4;0.0
01;2021-01-19;1040;1;3818;12;0.6;0.0
01;2021-01-20;1261;2;5079;14;0.8;0.0
01;2021-01-21;1098;4;6177;18;0.9;0.0
01;2021-01-22;645;0;6822;18;1.0;0.0
01;2021-01-23;222;0;7044;18;1.1;0.0
01;2021-01-24;71;1;7115;19;1.1;0.0
01;2021-01-25;484;1;7599;20;1.2;0.0
01;2021-01-26;740;3;8339;23;1.3;0.0
01;2021-01-27;518;5;8857;28;1.3;0.0
01;2021-01-28;682;54;9539;82;1.5;0.0
01;2021-01-29;637;102;10176;184;1.5;0.0
01;2021-01-30;236;15;10412;199;1.6;0.0
01;2021-01-31;62;0;10474;199;1.6;0.0
01;2021-02-01;458;73;10932;272;1.7;0.0
01;2021-02-02;514;183;11446;455;1.7;0.1
01;2021-02-03;374;297;11820;752;1.8;0.1
01;2021-02-04;478;416;12298;1168;1.9;0.2
01;2021-02-05;441;280;12739;1448;1.9;0.2
01;2021-02-06;261;141;13000;1589;2.0;0.2
01;2021-02-07;2;111;13002;1700;2.0;0.3
01;2021-02-08;505;405;13507;2105;2.1;0.3
01;2021-02-09;774;858;14281;2963;2.2;0.5
01;2021-02-10;951;715;15232;3678;2.3;0.6
01;2021-02-11;791;770;16023;4448;2.4;0.7
01;2021-02-12;639;552;16662;5000;2.5;0.8
01;2021-02-13;161;149;16823;5149;2.6;0.8
01;2021-02-14;0;9;16823;5158;2.6;0.8
01;2021-02-15;437;446;17260;5604;2.6;0.9
01;2021-02-16;657;413;17917;6017;2.7;0.9
01;2021-02-17;519;246;18436;6263;2.8;1.0
01;2021-02-18;589;568;19025;6831;2.9;1.0
01;2021-02-19;578;248;19603;7079;3.0;1.1
01;2021-02-20;201;154;19804;7233;3.0;1.1
01;2021-02-21;0;1;19804;7234;3.0;1.1
01;2021-02-22;427;555;20231;7789;3.1;1.2
01;2021-02-23;483;524;20714;8313;3.2;1.3
01;2021-02-24;434;465;21148;8778;3.2;1.3
01;2021-02-25;826;608;21974;9386;3.3;1.4
01;2021-02-26;873;546;22847;9932;3.5;1.5
01;2021-02-27;480;117;23327;10049;3.6;1.5
01;2021-02-28;20;3;23347;10052;3.6;1.5
01;2021-03-01;629;456;23976;10508;3.6;1.6
01;2021-03-02;962;556;24938;11064;3.8;1.7
01;2021-03-03;938;661;25876;11725;3.9;1.8
01;2021-03-04;1198;642;27074;12367;4.1;1.9
01;2021-03-05;1354;496;28428;12863;4.3;2.0
01;2021-03-06;781;101;29209;12964;4.4;2.0
01;2021-03-07;43;1;29252;12965;4.5;2.0
01;2021-03-08;669;625;29921;13590;4.6;2.1
01;2021-03-09;1338;610;31259;14200;4.8;2.2
01;2021-03-10;1161;557;32420;14757;4.9;2.2
01;2021-03-11;1684;642;34104;15399;5.2;2.3
01;2021-03-12;2004;639;36108;16038;5.5;2.4
01;2021-03-13;1499;95;37607;16133;5.7;2.5
01;2021-03-14;132;59;37739;16192;5.7;2.5
01;2021-03-15;1157;406;38896;16598;5.9;2.5
01;2021-03-16;1011;562;39907;17160;6.1;2.6
01;2021-03-17;839;345;40746;17505;6.2;2.7
01;2021-03-18;1293;468;42039;17973;6.4;2.7
01;2021-03-19;1746;539;43785;18512;6.7;2.8
01;2021-03-20;1445;132;45230;18644;6.9;2.8
01;2021-03-21;97;11;45327;18655;6.9;2.8
01;2021-03-22;1575;493;46902;19148;7.1;2.9
01;2021-03-23;2196;646;49098;19794;7.5;3.0
01;2021-03-24;1616;413;50714;20207;7.7;3.1
01;2021-03-25;2910;633;53624;20840;8.2;3.2
01;2021-03-26;2871;615;56495;21455;8.6;3.3
01;2021-03-27;1310;158;57805;21613;8.8;3.3
01;2021-03-28;22;1;57827;21614;8.8;3.3
01;2021-03-29;1930;544;59757;22158;9.1;3.4
01;2021-03-30;2514;761;62271;22919;9.5;3.5
01;2021-03-31;1868;629;64139;23548;9.8;3.6
01;2021-04-01;2570;858;66709;24406;10.2;3.7
01;2021-04-02;2815;721;69524;25127;10.6;3.8
01;2021-04-03;1256;131;70780;25258;10.8;3.8
01;2021-04-04;2;0;70782;25258;10.8;3.8
01;2021-04-05;1260;61;72042;25319;11.0;3.9
01;2021-04-06;2821;791;74863;26110;11.4;4.0
01;2021-04-07;2739;707;77602;26817;11.8;4.1
01;2021-04-08;3242;998;80844;27815;12.3;4.2
01;2021-04-09;3989;1333;84833;29148;12.9;4.4
01;2021-04-10;1824;302;86657;29450;13.2;4.5
01;2021-04-11;44;22;86701;29472;13.2;4.5
01;2021-04-12;2715;1220;89416;30692;13.6;4.7
01;2021-04-13;2940;1319;92356;32011;14.1;4.9
01;2021-04-14;3127;1077;95483;33088;14.5;5.0
01;2021-04-15;3072;1476;98555;34564;15.0;5.3
01;2021-04-16;2861;1575;101416;36139;15.4;5.5
01;2021-04-17;1654;681;103070;36820;15.7;5.6
01;2021-04-18;13;0;103083;36820;15.7;5.6
01;2021-04-19;2039;1518;105122;38338;16.0;5.8
01;2021-04-20;2663;1572;107785;39910;16.4;6.1
01;2021-04-21;2686;1348;110471;41258;16.8;6.3
01;2021-04-22;2835;1529;113306;42787;17.2;6.5
01;2021-04-23;2764;1530;116070;44317;17.7;6.7
01;2021-04-24;1447;650;117517;44967;17.9;6.8
01;2021-04-25;9;0;117526;44967;17.9;6.8
01;2021-04-26;1970;1730;119496;46697;18.2;7.1
01;2021-04-27;2574;1555;122070;48252;18.6;7.3
01;2021-04-28;2500;1572;124570;49824;19.0;7.6
01;2021-04-29;2716;1772;127286;51596;19.4;7.9
01;2021-04-30;2983;2252;130269;53848;19.8;8.2
01;2021-05-01;1472;857;131741;54705;20.1;8.3
01;2021-05-02;546;76;132287;54781;20.1;8.3
01;2021-05-03;2293;2479;134580;57260;20.5;8.7
01;2021-05-04;2541;2653;137121;59913;20.9;9.1
01;2021-05-05;2529;2502;139650;62415;21.3;9.5
01;2021-05-06;2995;2530;142645;64945;21.7;9.9
01;2021-05-07;3216;2781;145861;67726;22.2;10.3
01;2021-05-08;1646;922;147507;68648;22.5;10.4
01;2021-05-09;1023;160;148530;68808;22.6;10.5
01;2021-05-10;2502;3074;151032;71882;23.0;10.9
01;2021-05-11;3581;3064;154613;74946;23.5;11.4
01;2021-05-12;3650;3002;158263;77948;24.1;11.9
01;2021-05-13;4086;1502;162349;79450;24.7;12.1
01;2021-05-14;4270;2345;166619;81795;25.4;12.5
01;2021-05-15;3157;1434;169776;83229;25.8;12.7
01;2021-05-16;1413;150;171189;83379;26.1;12.7
01;2021-05-17;3445;2468;174634;85847;26.6;13.1
01;2021-05-18;4075;1962;178709;87809;27.2;13.4
01;2021-05-19;3973;1905;182682;89714;27.8;13.7
01;2021-05-20;4529;2016;187211;91730;28.5;14.0
01;2021-05-21;4620;2199;191831;93929;29.2;14.3
01;2021-05-22;3369;956;195200;94885;29.7;14.4
01;2021-05-23;834;82;196034;94967;29.8;14.5
01;2021-05-24;2765;500;198799;95467;30.3;14.5
01;2021-05-25;3558;2430;202357;97897;30.8;14.9
01;2021-05-26;3571;2250;205928;100147;31.3;15.2
01;2021-05-27;3852;2099;209780;102246;31.9;15.6
01;2021-05-28;3664;2637;213444;104883;32.5;16.0
01;2021-05-29;3060;1303;216504;106186;33.0;16.2
01;2021-05-30;613;88;217117;106274;33.0;16.2
01;2021-05-31;2406;2517;219523;108791;33.4;16.6
01;2021-06-01;2767;2588;222290;111379;33.8;17.0
01;2021-06-02;2882;2202;225172;113581;34.3;17.3
01;2021-06-03;3363;2435;228535;116016;34.8;17.7
01;2021-06-04;4499;3361;233034;119377;35.5;18.2
01;2021-06-05;3253;1726;236287;121103;36.0;18.4
01;2021-06-06;670;78;236957;121181;36.1;18.4
01;2021-06-07;3389;2873;240346;124054;36.6;18.9
01;2021-06-08;3649;2710;243995;126764;37.1;19.3
01;2021-06-09;2947;2637;246942;129401;37.6;19.7
01;2021-06-10;2765;2042;249707;131443;38.0;20.0
01;2021-06-11;3070;3368;252777;134811;38.5;20.5
01;2021-06-12;2404;2199;255181;137010;38.8;20.9
01;2021-06-13;200;479;255381;137489;38.9;20.9
01;2021-06-14;2122;3166;257503;140655;39.2;21.4
01;2021-06-15;2004;3362;259507;144017;39.5;21.9
01;2021-06-16;2179;3289;261686;147306;39.8;22.4
01;2021-06-17;1957;3173;263643;150479;40.1;22.9
01;2021-06-18;2645;4163;266288;154642;40.5;23.5
01;2021-06-19;1727;2555;268015;157197;40.8;23.9
01;2021-06-20;159;497;268174;157694;40.8;24.0
01;2021-06-21;1800;3705;269974;161399;41.1;24.6
01;2021-06-22;1549;3997;271523;165396;41.3;25.2
01;2021-06-23;1585;3754;273108;169150;41.6;25.7
01;2021-06-24;1471;3566;274579;172716;41.8;26.3
01;2021-06-25;1888;4563;276467;177279;42.1;27.0
01;2021-06-26;1210;2946;277677;180225;42.3;27.4
01;2021-06-27;170;339;277847;180564;42.3;27.5
01;2021-06-28;1383;4025;279230;184589;42.5;28.1
01;2021-06-29;1411;3851;280641;188440;42.7;28.7
01;2021-06-30;1377;4159;282018;192599;42.9;29.3
01;2021-07-01;1431;4091;283449;196690;43.1;29.9
01;2021-07-02;1588;4987;285037;201677;43.4;30.7
01;2021-07-03;858;3377;285895;205054;43.5;31.2
01;2021-07-04;105;499;286000;205553;43.5;31.3
01;2021-07-05;1488;4084;287488;209637;43.8;31.9
01;2021-07-06;1105;4277;288593;213914;43.9;32.6
01;2021-07-07;1755;3699;290348;217613;44.2;33.1
01;2021-07-08;1471;3674;291819;221287;44.4;33.7
01;2021-07-09;1885;4362;293704;225649;44.7;34.3
01;2021-07-10;1119;3437;294823;229086;44.9;34.9
01;2021-07-11;105;418;294928;229504;44.9;34.9
01;2021-07-12;1421;3840;296349;233344;45.1;35.5
01;2021-07-13;2057;4116;298406;237460;45.4;36.1
01;2021-07-14;147;180;298553;237640;45.4;36.2
01;2021-07-15;3087;4193;301640;241833;45.9;36.8
01;2021-07-16;3744;4839;305384;246672;46.5;37.5
01;2021-07-17;2202;3048;307586;249720;46.8;38.0
01;2021-07-18;289;551;307875;250271;46.9;38.1
01;2021-07-19;2914;3869;310789;254140;47.3;38.7
01;2021-07-20;3293;3687;314082;257827;47.8;39.2
01;2021-07-21;3934;3560;318016;261387;48.4;39.8
01;2021-07-22;4216;3492;322232;264879;49.0;40.3
01;2021-07-23;3938;4211;326170;269090;49.6;41.0
01;2021-07-24;2728;2714;328898;271804;50.1;41.4
01;2021-07-25;59;59;328957;271863;50.1;41.4
01;2021-07-26;3344;3240;332301;275103;50.6;41.9
01;2021-07-27;4091;2788;336392;277891;51.2;42.3
01;2021-07-28;3980;2652;340372;280543;51.8;42.7
01;2021-07-29;4694;2433;345066;282976;52.5;43.1
01;2021-07-30;4450;3434;349516;286410;53.2;43.6
01;2021-07-31;3634;1779;353150;288189;53.8;43.9
01;2021-08-01;392;76;353542;288265;53.8;43.9
01;2021-08-02;3057;2454;356599;290719;54.3;44.3
01;2021-08-03;3059;2454;359658;293173;54.7;44.6
01;2021-08-04;2536;1730;362194;294903;55.1;44.9
01;2021-08-05;2238;2363;364432;297266;55.5;45.2
01;2021-08-06;2733;3113;367165;300379;55.9;45.7
01;2021-08-07;2043;1835;369208;302214;56.2;46.0
01;2021-08-08;244;257;369452;302471;56.2;46.0
01;2021-08-09;1124;2637;370576;305108;56.4;46.4
01;2021-08-10;1433;2416;372009;307524;56.6;46.8
01;2021-08-11;1458;2594;373467;310118;56.8;47.2
01;2021-08-12;1607;2815;375074;312933;57.1;47.6
01;2021-08-13;1796;2714;376870;315647;57.4;48.0
01;2021-08-14;1378;2232;378248;317879;57.6;48.4
01;2021-08-15;11;21;378259;317900;57.6;48.4
01;2021-08-16;973;3009;379232;320909;57.7;48.8
01;2021-08-17;1344;2755;380576;323664;57.9;49.3
01;2021-08-18;1248;2905;381824;326569;58.1;49.7
01;2021-08-19;1292;2421;383116;328990;58.3;50.1
01;2021-08-20;1451;3946;384567;332936;58.5;50.7
01;2021-08-21;881;2844;385448;335780;58.7;51.1
01;2021-08-22;18;20;385466;335800;58.7;51.1
01;2021-08-23;1112;3017;386578;338817;58.8;51.6
01;2021-08-24;1221;3143;387799;341960;59.0;52.1
01;2021-08-25;1122;2985;388921;344945;59.2;52.5
01;2021-08-26;1630;2715;390551;347660;59.4;52.9
02;2020-12-27;0;0;0;0;0.0;0.0
02;2020-12-28;0;0;0;0;0.0;0.0
02;2020-12-29;0;0;0;0;0.0;0.0
02;2020-12-30;0;0;0;0;0.0;0.0
02;2020-12-31;0;0;0;0;0.0;0.0
02;2021-01-01;0;0;0;0;0.0;0.0
02;2021-01-02;0;0;0;0;0.0;0.0
02;2021-01-03;0;0;0;0;0.0;0.0
02;2021-01-04;0;0;0;0;0.0;0.0
02;2021-01-05;0;0;0;0;0.0;0.0
02;2021-01-06;22;0;22;0;0.0;0.0
02;2021-01-07;261;2;283;2;0.1;0.0
02;2021-01-08;489;3;772;5;0.1;0.0
02;2021-01-09;74;0;846;5;0.2;0.0
02;2021-01-10;49;0;895;5;0.2;0.0
02;2021-01-11;267;0;1162;5;0.2;0.0
02;2021-01-12;355;1;1517;6;0.3;0.0
02;2021-01-13;468;4;1985;10;0.4;0.0
02;2021-01-14;651;11;2636;21;0.5;0.0
02;2021-01-15;630;7;3266;28;0.6;0.0
02;2021-01-16;333;4;3599;32;0.7;0.0
02;2021-01-17;62;0;3661;32;0.7;0.0
02;2021-01-18;811;7;4472;39;0.9;0.0
02;2021-01-19;942;5;5414;44;1.0;0.0
02;2021-01-20;1430;5;6844;49;1.3;0.0
02;2021-01-21;2601;6;9445;55;1.8;0.0
02;2021-01-22;1421;5;10866;60;2.1;0.0
02;2021-01-23;291;1;11157;61;2.1;0.0
02;2021-01-24;67;0;11224;61;2.1;0.0
02;2021-01-25;432;10;11656;71;2.2;0.0
02;2021-01-26;704;16;12360;87;2.3;0.0
02;2021-01-27;161;2;12521;89;2.4;0.0
02;2021-01-28;69;247;12590;336;2.4;0.1
02;2021-01-29;119;418;12709;754;2.4;0.1
02;2021-01-30;4;14;12713;768;2.4;0.1
02;2021-01-31;0;10;12713;778;2.4;0.1
02;2021-02-01;11;211;12724;989;2.4;0.2
02;2021-02-02;45;330;12769;1319;2.4;0.3
02;2021-02-03;124;337;12893;1656;2.5;0.3
02;2021-02-04;227;357;13120;2013;2.5;0.4
02;2021-02-05;178;416;13298;2429;2.5;0.5
02;2021-02-06;66;175;13364;2604;2.5;0.5
02;2021-02-07;9;0;13373;2604;2.5;0.5
02;2021-02-08;305;434;13678;3038;2.6;0.6
02;2021-02-09;322;679;14000;3717;2.7;0.7
02;2021-02-10;485;1043;14485;4760;2.8;0.9
02;2021-02-11;937;1869;15422;6629;2.9;1.3
02;2021-02-12;885;1121;16307;7750;3.1;1.5
02;2021-02-13;290;129;16597;7879;3.2;1.5
02;2021-02-14;1;5;16598;7884;3.2;1.5
02;2021-02-15;344;680;16942;8564;3.2;1.6
02;2021-02-16;413;560;17355;9124;3.3;1.7
02;2021-02-17;498;630;17853;9754;3.4;1.9
02;2021-02-18;507;444;18360;10198;3.5;1.9
02;2021-02-19;444;570;18804;10768;3.6;2.0
02;2021-02-20;372;234;19176;11002;3.6;2.1
02;2021-02-21;39;17;19215;11019;3.7;2.1
02;2021-02-22;377;317;19592;11336;3.7;2.2
02;2021-02-23;432;361;20024;11697;3.8;2.2
02;2021-02-24;600;146;20624;11843;3.9;2.3
02;2021-02-25;870;136;21494;11979;4.1;2.3
02;2021-02-26;808;73;22302;12052;4.2;2.3
02;2021-02-27;445;14;22747;12066;4.3;2.3
02;2021-02-28;55;2;22802;12068;4.3;2.3
02;2021-03-01;638;24;23440;12092;4.5;2.3
02;2021-03-02;1032;126;24472;12218;4.7;2.3
02;2021-03-03;754;205;25226;12423;4.8;2.4
02;2021-03-04;1162;674;26388;13097;5.0;2.5
02;2021-03-05;1049;508;27437;13605;5.2;2.6
02;2021-03-06;2138;99;29575;13704;5.6;2.6
02;2021-03-07;1504;48;31079;13752;5.9;2.6
02;2021-03-08;573;369;31652;14121;6.0;2.7
02;2021-03-09;998;402;32650;14523;6.2;2.8
02;2021-03-10;895;474;33545;14997;6.4;2.9
02;2021-03-11;1293;392;34838;15389;6.6;2.9
02;2021-03-12;1705;417;36543;15806;6.9;3.0
02;2021-03-13;2592;240;39135;16046;7.4;3.1
02;2021-03-14;1457;43;40592;16089;7.7;3.1
02;2021-03-15;612;458;41204;16547;7.8;3.1
02;2021-03-16;863;402;42067;16949;8.0;3.2
02;2021-03-17;759;453;42826;17402;8.1;3.3
02;2021-03-18;608;618;43434;18020;8.3;3.4
02;2021-03-19;1172;301;44606;18321;8.5;3.5
02;2021-03-20;2430;159;47036;18480;8.9;3.5
02;2021-03-21;1488;81;48524;18561;9.2;3.5
02;2021-03-22;762;499;49286;19060;9.4;3.6
02;2021-03-23;1194;550;50480;19610;9.6;3.7
02;2021-03-24;1582;502;52062;20112;9.9;3.8
02;2021-03-25;1694;597;53756;20709;10.2;3.9
02;2021-03-26;2412;492;56168;21201;10.7;4.0
02;2021-03-27;2495;130;58663;21331;11.2;4.1
02;2021-03-28;638;14;59301;21345;11.3;4.1
02;2021-03-29;1038;860;60339;22205;11.5;4.2
02;2021-03-30;1554;842;61893;23047;11.8;4.4
02;2021-03-31;1299;717;63192;23764;12.0;4.5
02;2021-04-01;1290;861;64482;24625;12.3;4.7
02;2021-04-02;1184;1230;65666;25855;12.5;4.9
02;2021-04-03;2647;852;68313;26707;13.0;5.1
02;2021-04-04;727;239;69040;26946;13.1;5.1
02;2021-04-05;1509;133;70549;27079;13.4;5.1
02;2021-04-06;1540;854;72089;27933;13.7;5.3
02;2021-04-07;1871;778;73960;28711;14.1;5.5
02;2021-04-08;1918;1106;75878;29817;14.4;5.7
02;2021-04-09;2433;1090;78311;30907;14.9;5.9
02;2021-04-10;2430;1209;80741;32116;15.3;6.1
02;2021-04-11;476;417;81217;32533;15.4;6.2
02;2021-04-12;1824;630;83041;33163;15.8;6.3
02;2021-04-13;1601;927;84642;34090;16.1;6.5
02;2021-04-14;2584;972;87226;35062;16.6;6.7
02;2021-04-15;2497;776;89723;35838;17.1;6.8
02;2021-04-16;2439;1129;92162;36967;17.5;7.0
02;2021-04-17;1890;2147;94052;39114;17.9;7.4
02;2021-04-18;270;814;94322;39928;17.9;7.6
02;2021-04-19;1158;633;95480;40561;18.2;7.7
02;2021-04-20;1676;766;97156;41327;18.5;7.9
02;2021-04-21;1550;993;98706;42320;18.8;8.0
02;2021-04-22;1748;704;100454;43024;19.1;8.2
02;2021-04-23;1930;1415;102384;44439;19.5;8.4
02;2021-04-24;1714;1641;104098;46080;19.8;8.8
02;2021-04-25;462;235;104560;46315;19.9;8.8
02;2021-04-26;1339;563;105899;46878;20.1;8.9
02;2021-04-27;1627;1097;107526;47975;20.4;9.1
02;2021-04-28;1592;1438;109118;49413;20.7;9.4
02;2021-04-29;1885;1178;111003;50591;21.1;9.6
02;2021-04-30;2716;1657;113719;52248;21.6;9.9
02;2021-05-01;1990;1232;115709;53480;22.0;10.2
02;2021-05-02;1982;418;117691;53898;22.4;10.2
02;2021-05-03;2225;985;119916;54883;22.8;10.4
02;2021-05-04;1523;1318;121439;56201;23.1;10.7
02;2021-05-05;2330;1842;123769;58043;23.5;11.0
02;2021-05-06;2123;1738;125892;59781;23.9;11.4
02;2021-05-07;2357;2177;128249;61958;24.4;11.8
02;2021-05-08;2920;949;131169;62907;24.9;12.0
02;2021-05-09;1822;423;132991;63330;25.3;12.0
02;2021-05-10;2375;1482;135366;64812;25.7;12.3
02;2021-05-11;2878;1575;138244;66387;26.3;12.6
02;2021-05-12;2674;1626;140918;68013;26.8;12.9
02;2021-05-13;2991;1040;143909;69053;27.4;13.1
02;2021-05-14;3380;1206;147289;70259;28.0;13.4
02;2021-05-15;4374;1091;151663;71350;28.8;13.6
02;2021-05-16;2799;212;154462;71562;29.4;13.6
02;2021-05-17;2147;665;156609;72227;29.8;13.7
02;2021-05-18;2635;976;159244;73203;30.3;13.9
02;2021-05-19;2852;999;162096;74202;30.8;14.1
02;2021-05-20;3552;1233;165648;75435;31.5;14.3
02;2021-05-21;3819;1069;169467;76504;32.2;14.5
02;2021-05-22;5848;968;175315;77472;33.3;14.7
02;2021-05-23;2659;239;177974;77711;33.8;14.8
02;2021-05-24;3541;542;181515;78253;34.5;14.9
02;2021-05-25;2260;1164;183775;79417;34.9;15.1
02;2021-05-26;3080;1498;186855;80915;35.5;15.4
02;2021-05-27;3651;1491;190506;82406;36.2;15.7
02;2021-05-28;3513;1587;194019;83993;36.9;16.0
02;2021-05-29;4081;1576;198100;85569;37.7;16.3
02;2021-05-30;1449;187;199549;85756;37.9;16.3
02;2021-05-31;2576;1194;202125;86950;38.4;16.5
02;2021-06-01;2867;1872;204992;88822;39.0;16.9
02;2021-06-02;3161;1651;208153;90473;39.6;17.2
02;2021-06-03;2858;1836;211011;92309;40.1;17.5
02;2021-06-04;3142;2060;214153;94369;40.7;17.9
02;2021-06-05;3440;1733;217593;96102;41.4;18.3
02;2021-06-06;1738;258;219331;96360;41.7;18.3
02;2021-06-07;1613;1500;220944;97860;42.0;18.6
02;2021-06-08;2063;1851;223007;99711;42.4;19.0
02;2021-06-09;2057;1650;225064;101361;42.8;19.3
02;2021-06-10;2013;1836;227077;103197;43.2;19.6
02;2021-06-11;2195;3071;229272;106268;43.6;20.2
02;2021-06-12;2312;2596;231584;108864;44.0;20.7
02;2021-06-13;684;1387;232268;110251;44.2;21.0
02;2021-06-14;1049;2393;233317;112644;44.4;21.4
02;2021-06-15;1519;2465;234836;115109;44.6;21.9
02;2021-06-16;1534;2750;236370;117859;44.9;22.4
02;2021-06-17;1782;2861;238152;120720;45.3;22.9
02;2021-06-18;2312;3572;240464;124292;45.7;23.6
02;2021-06-19;1841;3820;242305;128112;46.1;24.4
02;2021-06-20;644;1522;242949;129634;46.2;24.6
02;2021-06-21;806;3195;243755;132829;46.3;25.3
02;2021-06-22;1155;3668;244910;136497;46.6;25.9
02;2021-06-23;1227;3588;246137;140085;46.8;26.6
02;2021-06-24;1327;3150;247464;143235;47.0;27.2
02;2021-06-25;1400;4546;248864;147781;47.3;28.1
02;2021-06-26;1346;4228;250210;152009;47.6;28.9
02;2021-06-27;599;2334;250809;154343;47.7;29.3
02;2021-06-28;877;3021;251686;157364;47.8;29.9
02;2021-06-29;919;2929;252605;160293;48.0;30.5
02;2021-06-30;1510;3162;254115;163455;48.3;31.1
02;2021-07-01;1196;3590;255311;167045;48.5;31.8
02;2021-07-02;1360;5137;256671;172182;48.8;32.7
02;2021-07-03;998;5990;257669;178172;49.0;33.9
02;2021-07-04;509;2367;258178;180539;49.1;34.3
02;2021-07-05;661;3937;258839;184476;49.2;35.1
02;2021-07-06;672;3047;259511;187523;49.3;35.6
02;2021-07-07;1322;3726;260833;191249;49.6;36.4
02;2021-07-08;1394;3874;262227;195123;49.8;37.1
02;2021-07-09;1281;4218;263508;199341;50.1;37.9
02;2021-07-10;1332;4609;264840;203950;50.3;38.8
02;2021-07-11;481;1968;265321;205918;50.4;39.1
02;2021-07-12;1416;3731;266737;209649;50.7;39.9
02;2021-07-13;2067;3661;268804;213310;51.1;40.5
02;2021-07-14;1755;1598;270559;214908;51.4;40.9
02;2021-07-15;2724;3556;273283;218464;52.0;41.5
02;2021-07-16;3165;4221;276448;222685;52.6;42.3
02;2021-07-17;3562;4227;280010;226912;53.2;43.1
02;2021-07-18;2038;1615;282048;228527;53.6;43.4
02;2021-07-19;3440;3037;285488;231564;54.3;44.0
02;2021-07-20;3500;3301;288988;234865;54.9;44.6
02;2021-07-21;3908;2950;292896;237815;55.7;45.2
02;2021-07-22;3318;2803;296214;240618;56.3;45.7
02;2021-07-23;3198;3560;299412;244178;56.9;46.4
02;2021-07-24;4447;3723;303859;247901;57.8;47.1
02;2021-07-25;2188;1087;306047;248988;58.2;47.3
02;2021-07-26;3877;2248;309924;251236;58.9;47.8
02;2021-07-27;3654;2149;313578;253385;59.6;48.2
02;2021-07-28;3281;2093;316859;255478;60.2;48.6
02;2021-07-29;2580;2218;319439;257696;60.7;49.0
02;2021-07-30;3312;2309;322751;260005;61.4;49.4
02;2021-07-31;4174;2275;326925;262280;62.1;49.9
02;2021-08-01;1472;689;328397;262969;62.4;50.0
02;2021-08-02;2036;1605;330433;264574;62.8;50.3
02;2021-08-03;2527;1902;332960;266476;63.3;50.7
02;2021-08-04;2557;1703;335517;268179;63.8;51.0
02;2021-08-05;1847;2268;337364;270447;64.1;51.4
02;2021-08-06;2086;2747;339450;273194;64.5;51.9
02;2021-08-07;2512;2778;341962;275972;65.0;52.5
02;2021-08-08;1025;1570;342987;277542;65.2;52.8
02;2021-08-09;1893;2744;344880;280286;65.6;53.3
02;2021-08-10;1757;2458;346637;282744;65.9;53.7
02;2021-08-11;1475;2109;348112;284853;66.2;54.1
02;2021-08-12;1204;2331;349316;287184;66.4;54.6
02;2021-08-13;1609;2907;350925;290091;66.7;55.1
02;2021-08-14;1647;3690;352572;293781;67.0;55.8
02;2021-08-15;161;572;352733;294353;67.1;56.0
02;2021-08-16;1269;3756;354002;298109;67.3;56.7
02;2021-08-17;1417;2833;355419;300942;67.6;57.2
02;2021-08-18;1573;3180;356992;304122;67.9;57.8
02;2021-08-19;1132;3217;358124;307339;68.1;58.4
02;2021-08-20;1186;2938;359310;310277;68.3;59.0
02;2021-08-21;1442;4079;360752;314356;68.6;59.8
02;2021-08-22;407;1651;361159;316007;68.7;60.1
02;2021-08-23;1152;3074;362311;319081;68.9;60.7
02;2021-08-24;900;2179;363211;321260;69.0;61.1
02;2021-08-25;1020;2591;364231;323851;69.2;61.6
02;2021-08-26;898;2327;365129;326178;69.4;62.0
03;2020-12-27;0;0;0;0;0.0;0.0
03;2020-12-28;1;0;1;0;0.0;0.0
03;2020-12-29;0;0;1;0;0.0;0.0
03;2020-12-30;1;0;2;0;0.0;0.0
03;2020-12-31;0;0;2;0;0.0;0.0
03;2021-01-01;0;0;2;0;0.0;0.0
03;2021-01-02;0;0;2;0;0.0;0.0
03;2021-01-03;0;0;2;0;0.0;0.0
03;2021-01-04;0;0;2;0;0.0;0.0
03;2021-01-05;0;0;2;0;0.0;0.0
03;2021-01-06;10;0;12;0;0.0;0.0
03;2021-01-07;61;0;73;0;0.0;0.0
03;2021-01-08;146;1;219;1;0.1;0.0
03;2021-01-09;122;0;341;1;0.1;0.0
03;2021-01-10;6;0;347;1;0.1;0.0
03;2021-01-11;412;1;759;2;0.2;0.0
03;2021-01-12;631;0;1390;2;0.4;0.0
03;2021-01-13;669;2;2059;4;0.6;0.0
03;2021-01-14;861;4;2920;8;0.9;0.0
03;2021-01-15;387;3;3307;11;1.0;0.0
03;2021-01-16;278;0;3585;11;1.1;0.0
03;2021-01-17;42;0;3627;11;1.1;0.0
03;2021-01-18;878;0;4505;11;1.4;0.0
03;2021-01-19;1149;1;5654;12;1.7;0.0
03;2021-01-20;1291;4;6945;16;2.1;0.0
03;2021-01-21;1201;5;8146;21;2.5;0.0
03;2021-01-22;1116;4;9262;25;2.8;0.0
03;2021-01-23;466;0;9728;25;2.9;0.0
03;2021-01-24;0;0;9728;25;2.9;0.0
03;2021-01-25;187;0;9915;25;3.0;0.0
03;2021-01-26;679;14;10594;39;3.2;0.0
03;2021-01-27;695;11;11289;50;3.4;0.0
03;2021-01-28;1020;47;12309;97;3.7;0.0
03;2021-01-29;856;81;13165;178;4.0;0.1
03;2021-01-30;600;2;13765;180;4.2;0.1
03;2021-01-31;0;0;13765;180;4.2;0.1
03;2021-02-01;160;76;13925;256;4.2;0.1
03;2021-02-02;767;268;14692;524;4.4;0.2
03;2021-02-03;1056;492;15748;1016;4.8;0.3
03;2021-02-04;1549;634;17297;1650;5.2;0.5
03;2021-02-05;947;317;18244;1967;5.5;0.6
03;2021-02-06;152;13;18396;1980;5.6;0.6
03;2021-02-07;5;0;18401;1980;5.6;0.6
03;2021-02-08;128;56;18529;2036;5.6;0.6
03;2021-02-09;612;447;19141;2483;5.8;0.7
03;2021-02-10;485;344;19626;2827;5.9;0.9
03;2021-02-11;1026;584;20652;3411;6.2;1.0
03;2021-02-12;1075;550;21727;3961;6.6;1.2
03;2021-02-13;126;167;21853;4128;6.6;1.2
03;2021-02-14;0;1;21853;4129;6.6;1.2
03;2021-02-15;309;862;22162;4991;6.7;1.5
03;2021-02-16;547;1169;22709;6160;6.9;1.9
03;2021-02-17;453;1358;23162;7518;7.0;2.3
03;2021-02-18;368;1270;23530;8788;7.1;2.7
03;2021-02-19;496;793;24026;9581;7.3;2.9
03;2021-02-20;128;183;24154;9764;7.3;2.9
03;2021-02-21;2;1;24156;9765;7.3;2.9
03;2021-02-22;158;202;24314;9967;7.3;3.0
03;2021-02-23;721;948;25035;10915;7.6;3.3
03;2021-02-24;609;1021;25644;11936;7.7;3.6
03;2021-02-25;1089;1831;26733;13767;8.1;4.2
03;2021-02-26;821;1376;27554;15143;8.3;4.6
03;2021-02-27;96;257;27650;15400;8.3;4.6
03;2021-02-28;0;15;27650;15415;8.3;4.7
03;2021-03-01;178;240;27828;15655;8.4;4.7
03;2021-03-02;818;661;28646;16316;8.6;4.9
03;2021-03-03;894;449;29540;16765;8.9;5.1
03;2021-03-04;1534;584;31074;17349;9.4;5.2
03;2021-03-05;1121;734;32195;18083;9.7;5.5
03;2021-03-06;915;112;33110;18195;10.0;5.5
03;2021-03-07;2;0;33112;18195;10.0;5.5
03;2021-03-08;239;244;33351;18439;10.1;5.6
03;2021-03-09;1016;439;34367;18878;10.4;5.7
03;2021-03-10;941;549;35308;19427;10.7;5.9
03;2021-03-11;1677;653;36985;20080;11.2;6.1
03;2021-03-12;1302;866;38287;20946;11.6;6.3
03;2021-03-13;863;113;39150;21059;11.8;6.4
03;2021-03-14;2;9;39152;21068;11.8;6.4
03;2021-03-15;250;200;39402;21268;11.9;6.4
03;2021-03-16;650;405;40052;21673;12.1;6.5
03;2021-03-17;1302;443;41354;22116;12.5;6.7
03;2021-03-18;1720;393;43074;22509;13.0;6.8
03;2021-03-19;1729;365;44803;22874;13.5;6.9
03;2021-03-20;301;26;45104;22900;13.6;6.9
03;2021-03-21;1;0;45105;22900;13.6;6.9
03;2021-03-22;222;397;45327;23297;13.7;7.0
03;2021-03-23;1355;354;46682;23651;14.1;7.1
03;2021-03-24;1824;349;48506;24000;14.6;7.2
03;2021-03-25;2368;565;50874;24565;15.4;7.4
03;2021-03-26;2236;446;53110;25011;16.0;7.5
03;2021-03-27;817;21;53927;25032;16.3;7.6
03;2021-03-28;1;39;53928;25071;16.3;7.6
03;2021-03-29;659;176;54587;25247;16.5;7.6
03;2021-03-30;1907;447;56494;25694;17.1;7.8
03;2021-03-31;1014;986;57508;26680;17.4;8.1
03;2021-04-01;1347;1095;58855;27775;17.8;8.4
03;2021-04-02;1705;614;60560;28389;18.3;8.6
03;2021-04-03;366;97;60926;28486;18.4;8.6
03;2021-04-04;3;0;60929;28486;18.4;8.6
03;2021-04-05;18;14;60947;28500;18.4;8.6
03;2021-04-06;1073;410;62020;28910;18.7;8.7
03;2021-04-07;1562;522;63582;29432;19.2;8.9
03;2021-04-08;2121;480;65703;29912;19.8;9.0
03;2021-04-09;2057;1160;67760;31072;20.5;9.4
03;2021-04-10;1013;73;68773;31145;20.8;9.4
03;2021-04-11;478;9;69251;31154;20.9;9.4
03;2021-04-12;985;226;70236;31380;21.2;9.5
03;2021-04-13;1873;984;72109;32364;21.8;9.8
03;2021-04-14;2337;1221;74446;33585;22.5;10.1
03;2021-04-15;2621;1400;77067;34985;23.3;10.6
03;2021-04-16;2835;1175;79902;36160;24.1;10.9
03;2021-04-17;1082;441;80984;36601;24.4;11.0
03;2021-04-18;0;0;80984;36601;24.4;11.0
03;2021-04-19;1191;588;82175;37189;24.8;11.2
03;2021-04-20;1748;1276;83923;38465;25.3;11.6
03;2021-04-21;1122;1295;85045;39760;25.7;12.0
03;2021-04-22;1673;994;86718;40754;26.2;12.3
03;2021-04-23;2479;1266;89197;42020;26.9;12.7
03;2021-04-24;1301;922;90498;42942;27.3;13.0
03;2021-04-25;350;16;90848;42958;27.4;13.0
03;2021-04-26;1331;464;92179;43422;27.8;13.1
03;2021-04-27;1767;1524;93946;44946;28.4;13.6
03;2021-04-28;1930;1122;95876;46068;28.9;13.9
03;2021-04-29;2372;1245;98248;47313;29.7;14.3
03;2021-04-30;1931;807;100179;48120;30.2;14.5
03;2021-05-01;437;491;100616;48611;30.4;14.7
03;2021-05-02;2;1;100618;48612;30.4;14.7
03;2021-05-03;1912;774;102530;49386;30.9;14.9
03;2021-05-04;2844;1630;105374;51016;31.8;15.4
03;2021-05-05;2603;1321;107977;52337;32.6;15.8
03;2021-05-06;3097;2011;111074;54348;33.5;16.4
03;2021-05-07;4729;1791;115803;56139;35.0;16.9
03;2021-05-08;661;380;116464;56519;35.2;17.1
03;2021-05-09;49;511;116513;57030;35.2;17.2
03;2021-05-10;1892;1478;118405;58508;35.7;17.7
03;2021-05-11;3899;1837;122304;60345;36.9;18.2
03;2021-05-12;2971;1522;125275;61867;37.8;18.7
03;2021-05-13;4381;407;129656;62274;39.1;18.8
03;2021-05-14;3655;1696;133311;63970;40.2;19.3
03;2021-05-15;1942;491;135253;64461;40.8;19.5
03;2021-05-16;517;57;135770;64518;41.0;19.5
03;2021-05-17;1277;863;137047;65381;41.4;19.7
03;2021-05-18;3071;1502;140118;66883;42.3;20.2
03;2021-05-19;2623;967;142741;67850;43.1;20.5
03;2021-05-20;3336;1144;146077;68994;44.1;20.8
03;2021-05-21;4195;1287;150272;70281;45.4;21.2
03;2021-05-22;2012;359;152284;70640;46.0;21.3
03;2021-05-23;641;73;152925;70713;46.2;21.3
03;2021-05-24;2655;216;155580;70929;47.0;21.4
03;2021-05-25;3070;1690;158650;72619;47.9;21.9
03;2021-05-26;2337;1044;160987;73663;48.6;22.2
03;2021-05-27;2947;1127;163934;74790;49.5;22.6
03;2021-05-28;3844;2282;167778;77072;50.6;23.3
03;2021-05-29;1748;600;169526;77672;51.2;23.4
03;2021-05-30;242;23;169768;77695;51.2;23.5
03;2021-05-31;697;574;170465;78269;51.5;23.6
03;2021-06-01;2303;2344;172768;80613;52.1;24.3
03;2021-06-02;1535;1750;174303;82363;52.6;24.9
03;2021-06-03;2060;2753;176363;85116;53.2;25.7
03;2021-06-04;1699;2505;178062;87621;53.7;26.4
03;2021-06-05;1076;1142;179138;88763;54.1;26.8
03;2021-06-06;59;7;179197;88770;54.1;26.8
03;2021-06-07;785;1815;179982;90585;54.3;27.3
03;2021-06-08;1458;2556;181440;93141;54.8;28.1
03;2021-06-09;1268;1875;182708;95016;55.1;28.7
03;2021-06-10;1381;2124;184089;97140;55.6;29.3
03;2021-06-11;1504;3450;185593;100590;56.0;30.4
03;2021-06-12;831;823;186424;101413;56.3;30.6
03;2021-06-13;20;10;186444;101423;56.3;30.6
03;2021-06-14;381;2177;186825;103600;56.4;31.3
03;2021-06-15;1316;3836;188141;107436;56.8;32.4
03;2021-06-16;788;2888;188929;110324;57.0;33.3
03;2021-06-17;1083;3333;190012;113657;57.4;34.3
03;2021-06-18;1111;3979;191123;117636;57.7;35.5
03;2021-06-19;642;1617;191765;119253;57.9;36.0
03;2021-06-20;20;8;191785;119261;57.9;36.0
03;2021-06-21;462;2636;192247;121897;58.0;36.8
03;2021-06-22;1026;4004;193273;125901;58.3;38.0
03;2021-06-23;716;3285;193989;129186;58.6;39.0
03;2021-06-24;984;3863;194973;133049;58.8;40.2
03;2021-06-25;1019;3893;195992;136942;59.2;41.3
03;2021-06-26;513;2040;196505;138982;59.3;41.9
03;2021-06-27;65;486;196570;139468;59.3;42.1
03;2021-06-28;640;2101;197210;141569;59.5;42.7
03;2021-06-29;1029;3332;198239;144901;59.8;43.7
03;2021-06-30;831;3118;199070;148019;60.1;44.7
03;2021-07-01;985;2937;200055;150956;60.4;45.6
03;2021-07-02;920;4095;200975;155051;60.7;46.8
03;2021-07-03;487;1884;201462;156935;60.8;47.4
03;2021-07-04;19;332;201481;157267;60.8;47.5
03;2021-07-05;817;2379;202298;159646;61.1;48.2
03;2021-07-06;1171;3461;203469;163107;61.4;49.2
03;2021-07-07;806;2618;204275;165725;61.7;50.0
03;2021-07-08;1060;3042;205335;168767;62.0;50.9
03;2021-07-09;1470;3626;206805;172393;62.4;52.0
03;2021-07-10;510;1926;207315;174319;62.6;52.6
03;2021-07-11;61;492;207376;174811;62.6;52.8
03;2021-07-12;939;1149;208315;175960;62.9;53.1
03;2021-07-13;2613;3152;210928;179112;63.7;54.1
03;2021-07-14;195;24;211123;179136;63.7;54.1
03;2021-07-15;2613;2454;213736;181590;64.5;54.8
03;2021-07-16;2736;2277;216472;183867;65.3;55.5
03;2021-07-17;1030;1626;217502;185493;65.6;56.0
03;2021-07-18;31;6;217533;185499;65.7;56.0
03;2021-07-19;2392;1277;219925;186776;66.4;56.4
03;2021-07-20;3075;3032;223000;189808;67.3;57.3
03;2021-07-21;3212;1437;226212;191245;68.3;57.7
03;2021-07-22;2851;1886;229063;193131;69.1;58.3
03;2021-07-23;3204;1298;232267;194429;70.1;58.7
03;2021-07-24;588;581;232855;195010;70.3;58.9
03;2021-07-25;17;5;232872;195015;70.3;58.9
03;2021-07-26;2041;1581;234913;196596;70.9;59.3
03;2021-07-27;3321;2228;238234;198824;71.9;60.0
03;2021-07-28;2712;1115;240946;199939;72.7;60.3
03;2021-07-29;2545;1662;243491;201601;73.5;60.8
03;2021-07-30;2125;1450;245616;203051;74.1;61.3
03;2021-07-31;963;891;246579;203942;74.4;61.6
03;2021-08-01;13;20;246592;203962;74.4;61.6
03;2021-08-02;1674;1603;248266;205565;74.9;62.0
03;2021-08-03;2219;2779;250485;208344;75.6;62.9
03;2021-08-04;2190;887;252675;209231;76.3;63.2
03;2021-08-05;1257;1940;253932;211171;76.6;63.7
03;2021-08-06;1279;1026;255211;212197;77.0;64.0
03;2021-08-07;606;491;255817;212688;77.2;64.2
03;2021-08-08;65;29;255882;212717;77.2;64.2
03;2021-08-09;597;1304;256479;214021;77.4;64.6
03;2021-08-10;1657;3469;258136;217490;77.9;65.6
03;2021-08-11;1332;2530;259468;220020;78.3;66.4
03;2021-08-12;1132;3513;260600;223533;78.7;67.5
03;2021-08-13;685;1051;261285;224584;78.9;67.8
03;2021-08-14;379;567;261664;225151;79.0;68.0
03;2021-08-15;9;61;261673;225212;79.0;68.0
03;2021-08-16;713;2693;262386;227905;79.2;68.8
03;2021-08-17;1078;3222;263464;231127;79.5;69.8
03;2021-08-18;1157;2156;264621;233283;79.9;70.4
03;2021-08-19;1003;3049;265624;236332;80.2;71.3
03;2021-08-20;718;1137;266342;237469;80.4;71.7
03;2021-08-21;419;721;266761;238190;80.5;71.9
03;2021-08-22;8;6;266769;238196;80.5;71.9
03;2021-08-23;774;2284;267543;240480;80.8;72.6
03;2021-08-24;890;2407;268433;242887;81.0;73.3
03;2021-08-25;922;2023;269355;244910;81.3;73.9
03;2021-08-26;554;1430;269909;246340;81.5;74.4
04;2020-12-27;0;0;0;0;0.0;0.0
04;2020-12-28;1;0;1;0;0.0;0.0
04;2020-12-29;0;0;1;0;0.0;0.0
04;2020-12-30;0;0;1;0;0.0;0.0
04;2020-12-31;0;0;1;0;0.0;0.0
04;2021-01-01;0;0;1;0;0.0;0.0
04;2021-01-02;0;0;1;0;0.0;0.0
04;2021-01-03;0;0;1;0;0.0;0.0
04;2021-01-04;0;0;1;0;0.0;0.0
04;2021-01-05;4;0;5;0;0.0;0.0
04;2021-01-06;0;0;5;0;0.0;0.0
04;2021-01-07;61;0;66;0;0.0;0.0
04;2021-01-08;88;0;154;0;0.1;0.0
04;2021-01-09;57;0;211;0;0.1;0.0
04;2021-01-10;0;0;211;0;0.1;0.0
04;2021-01-11;77;0;288;0;0.2;0.0
04;2021-01-12;420;1;708;1;0.4;0.0
04;2021-01-13;245;1;953;2;0.6;0.0
04;2021-01-14;90;2;1043;4;0.6;0.0
04;2021-01-15;165;4;1208;8;0.7;0.0
04;2021-01-16;105;2;1313;10;0.8;0.0
04;2021-01-17;14;0;1327;10;0.8;0.0
04;2021-01-18;236;9;1563;19;0.9;0.0
04;2021-01-19;468;4;2031;23;1.2;0.0
04;2021-01-20;573;9;2604;32;1.6;0.0
04;2021-01-21;614;6;3218;38;1.9;0.0
04;2021-01-22;638;1;3856;39;2.3;0.0
04;2021-01-23;111;0;3967;39;2.4;0.0
04;2021-01-24;0;0;3967;39;2.4;0.0
04;2021-01-25;240;0;4207;39;2.5;0.0
04;2021-01-26;656;1;4863;40;2.9;0.0
04;2021-01-27;480;0;5343;40;3.2;0.0
04;2021-01-28;665;22;6008;62;3.6;0.0
04;2021-01-29;367;42;6375;104;3.9;0.1
04;2021-01-30;65;41;6440;145;3.9;0.1
04;2021-01-31;1;5;6441;150;3.9;0.1
04;2021-02-01;268;148;6709;298;4.1;0.2
04;2021-02-02;560;226;7269;524;4.4;0.3
04;2021-02-03;368;161;7637;685;4.6;0.4
04;2021-02-04;356;53;7993;738;4.8;0.4
04;2021-02-05;379;221;8372;959;5.1;0.6
04;2021-02-06;50;93;8422;1052;5.1;0.6
04;2021-02-07;2;22;8424;1074;5.1;0.7
04;2021-02-08;163;71;8587;1145;5.2;0.7
04;2021-02-09;194;143;8781;1288;5.3;0.8
04;2021-02-10;252;171;9033;1459;5.5;0.9
04;2021-02-11;364;291;9397;1750;5.7;1.1
04;2021-02-12;293;317;9690;2067;5.9;1.3
04;2021-02-13;26;94;9716;2161;5.9;1.3
04;2021-02-14;0;0;9716;2161;5.9;1.3
04;2021-02-15;31;164;9747;2325;5.9;1.4
04;2021-02-16;80;518;9827;2843;5.9;1.7
04;2021-02-17;67;432;9894;3275;6.0;2.0
04;2021-02-18;45;613;9939;3888;6.0;2.4
04;2021-02-19;52;376;9991;4264;6.0;2.6
04;2021-02-20;5;71;9996;4335;6.1;2.6
04;2021-02-21;0;0;9996;4335;6.1;2.6
04;2021-02-22;7;297;10003;4632;6.1;2.8
04;2021-02-23;19;595;10022;5227;6.1;3.2
04;2021-02-24;38;431;10060;5658;6.1;3.4
04;2021-02-25;72;378;10132;6036;6.1;3.7
04;2021-02-26;215;332;10347;6368;6.3;3.9
04;2021-02-27;179;75;10526;6443;6.4;3.9
04;2021-02-28;1;0;10527;6443;6.4;3.9
04;2021-03-01;18;74;10545;6517;6.4;3.9
04;2021-03-02;135;41;10680;6558;6.5;4.0
04;2021-03-03;375;645;11055;7203;6.7;4.4
04;2021-03-04;208;490;11263;7693;6.8;4.7
04;2021-03-05;236;360;11499;8053;7.0;4.9
04;2021-03-06;912;76;12411;8129;7.5;4.9
04;2021-03-07;498;24;12909;8153;7.8;4.9
04;2021-03-08;45;83;12954;8236;7.8;5.0
04;2021-03-09;215;257;13169;8493;8.0;5.1
04;2021-03-10;400;373;13569;8866;8.2;5.4
04;2021-03-11;495;341;14064;9207;8.5;5.6
04;2021-03-12;699;207;14763;9414;8.9;5.7
04;2021-03-13;1087;61;15850;9475;9.6;5.7
04;2021-03-14;460;3;16310;9478;9.9;5.7
04;2021-03-15;93;14;16403;9492;9.9;5.7
04;2021-03-16;74;9;16477;9501;10.0;5.8
04;2021-03-17;532;80;17009;9581;10.3;5.8
04;2021-03-18;815;25;17824;9606;10.8;5.8
04;2021-03-19;724;32;18548;9638;11.2;5.8
04;2021-03-20;159;3;18707;9641;11.3;5.8
04;2021-03-21;0;0;18707;9641;11.3;5.8
04;2021-03-22;105;13;18812;9654;11.4;5.8
04;2021-03-23;244;7;19056;9661;11.5;5.8
04;2021-03-24;1023;52;20079;9713;12.2;5.9
04;2021-03-25;1326;45;21405;9758;13.0;5.9
04;2021-03-26;1449;65;22854;9823;13.8;5.9
04;2021-03-27;266;20;23120;9843;14.0;6.0
04;2021-03-28;2;0;23122;9843;14.0;6.0
04;2021-03-29;681;13;23803;9856;14.4;6.0
04;2021-03-30;1085;148;24888;10004;15.1;6.1
04;2021-03-31;1327;107;26215;10111;15.9;6.1
04;2021-04-01;1132;128;27347;10239;16.6;6.2
04;2021-04-02;1184;110;28531;10349;17.3;6.3
04;2021-04-03;250;20;28781;10369;17.4;6.3
04;2021-04-04;1;0;28782;10369;17.4;6.3
04;2021-04-05;36;1;28818;10370;17.4;6.3
04;2021-04-06;928;147;29746;10517;18.0;6.4
04;2021-04-07;882;435;30628;10952;18.5;6.6
04;2021-04-08;926;698;31554;11650;19.1;7.1
04;2021-04-09;678;420;32232;12070;19.5;7.3
04;2021-04-10;231;192;32463;12262;19.7;7.4
04;2021-04-11;153;65;32616;12327;19.7;7.5
04;2021-04-12;594;100;33210;12427;20.1;7.5
04;2021-04-13;1190;240;34400;12667;20.8;7.7
04;2021-04-14;993;499;35393;13166;21.4;8.0
04;2021-04-15;921;672;36314;13838;22.0;8.4
04;2021-04-16;819;457;37133;14295;22.5;8.7
04;2021-04-17;211;69;37344;14364;22.6;8.7
04;2021-04-18;0;13;37344;14377;22.6;8.7
04;2021-04-19;338;288;37682;14665;22.8;8.9
04;2021-04-20;1005;445;38687;15110;23.4;9.1
04;2021-04-21;656;747;39343;15857;23.8;9.6
04;2021-04-22;759;854;40102;16711;24.3;10.1
04;2021-04-23;695;537;40797;17248;24.7;10.4
04;2021-04-24;165;65;40962;17313;24.8;10.5
04;2021-04-25;0;0;40962;17313;24.8;10.5
04;2021-04-26;171;611;41133;17924;24.9;10.9
04;2021-04-27;395;967;41528;18891;25.1;11.4
04;2021-04-28;432;1089;41960;19980;25.4;12.1
04;2021-04-29;687;1127;42647;21107;25.8;12.8
04;2021-04-30;436;850;43083;21957;26.1;13.3
04;2021-05-01;104;22;43187;21979;26.1;13.3
04;2021-05-02;8;131;43195;22110;26.1;13.4
04;2021-05-03;151;552;43346;22662;26.2;13.7
04;2021-05-04;564;839;43910;23501;26.6;14.2
04;2021-05-05;514;928;44424;24429;26.9;14.8
04;2021-05-06;1162;592;45586;25021;27.6;15.1
04;2021-05-07;657;763;46243;25784;28.0;15.6
04;2021-05-08;48;98;46291;25882;28.0;15.7
04;2021-05-09;0;0;46291;25882;28.0;15.7
04;2021-05-10;467;296;46758;26178;28.3;15.8
04;2021-05-11;1202;908;47960;27086;29.0;16.4
04;2021-05-12;1389;740;49349;27826;29.9;16.8
04;2021-05-13;378;131;49727;27957;30.1;16.9
04;2021-05-14;440;295;50167;28252;30.4;17.1
04;2021-05-15;99;163;50266;28415;30.4;17.2
04;2021-05-16;4;6;50270;28421;30.4;17.2
04;2021-05-17;154;298;50424;28719;30.5;17.4
04;2021-05-18;392;976;50816;29695;30.8;18.0
04;2021-05-19;774;690;51590;30385;31.2;18.4
04;2021-05-20;1258;551;52848;30936;32.0;18.7
04;2021-05-21;853;788;53701;31724;32.5;19.2
04;2021-05-22;105;146;53806;31870;32.6;19.3
04;2021-05-23;1;1;53807;31871;32.6;19.3
04;2021-05-24;2;36;53809;31907;32.6;19.3
04;2021-05-25;868;596;54677;32503;33.1;19.7
04;2021-05-26;1048;788;55725;33291;33.7;20.2
04;2021-05-27;1357;633;57082;33924;34.6;20.5
04;2021-05-28;1119;659;58201;34583;35.2;20.9
04;2021-05-29;90;398;58291;34981;35.3;21.2
04;2021-05-30;3;1;58294;34982;35.3;21.2
04;2021-05-31;421;417;58715;35399;35.5;21.4
04;2021-06-01;642;637;59357;36036;35.9;21.8
04;2021-06-02;872;1063;60229;37099;36.5;22.5
04;2021-06-03;1196;854;61425;37953;37.2;23.0
04;2021-06-04;977;780;62402;38733;37.8;23.4
04;2021-06-05;142;201;62544;38934;37.9;23.6
04;2021-06-06;7;13;62551;38947;37.9;23.6
04;2021-06-07;564;318;63115;39265;38.2;23.8
04;2021-06-08;843;595;63958;39860;38.7;24.1
04;2021-06-09;1149;689;65107;40549;39.4;24.5
04;2021-06-10;1147;586;66254;41135;40.1;24.9
04;2021-06-11;945;611;67199;41746;40.7;25.3
04;2021-06-12;212;148;67411;41894;40.8;25.4
04;2021-06-13;1;1;67412;41895;40.8;25.4
04;2021-06-14;478;304;67890;42199;41.1;25.5
04;2021-06-15;645;1003;68535;43202;41.5;26.2
04;2021-06-16;1021;787;69556;43989;42.1;26.6
04;2021-06-17;1001;961;70557;44950;42.7;27.2
04;2021-06-18;765;884;71322;45834;43.2;27.7
04;2021-06-19;40;85;71362;45919;43.2;27.8
04;2021-06-20;7;9;71369;45928;43.2;27.8
04;2021-06-21;306;615;71675;46543;43.4;28.2
04;2021-06-22;361;1308;72036;47851;43.6;29.0
04;2021-06-23;476;1313;72512;49164;43.9;29.8
04;2021-06-24;852;819;73364;49983;44.4;30.3
04;2021-06-25;462;638;73826;50621;44.7;30.6
04;2021-06-26;56;129;73882;50750;44.7;30.7
04;2021-06-27;4;4;73886;50754;44.7;30.7
04;2021-06-28;158;341;74044;51095;44.8;30.9
04;2021-06-29;371;837;74415;51932;45.0;31.4
04;2021-06-30;542;1121;74957;53053;45.4;32.1
04;2021-07-01;579;1219;75536;54272;45.7;32.9
04;2021-07-02;557;1089;76093;55361;46.1;33.5
04;2021-07-03;65;162;76158;55523;46.1;33.6
04;2021-07-04;6;6;76164;55529;46.1;33.6
04;2021-07-05;106;297;76270;55826;46.2;33.8
04;2021-07-06;505;1383;76775;57209;46.5;34.6
04;2021-07-07;495;1342;77270;58551;46.8;35.4
04;2021-07-08;725;1361;77995;59912;47.2;36.3
04;2021-07-09;581;1064;78576;60976;47.6;36.9
04;2021-07-10;92;177;78668;61153;47.6;37.0
04;2021-07-11;0;21;78668;61174;47.6;37.0
04;2021-07-12;127;651;78795;61825;47.7;37.4
04;2021-07-13;880;1542;79675;63367;48.2;38.4
04;2021-07-14;26;43;79701;63410;48.2;38.4
04;2021-07-15;1220;1735;80921;65145;49.0;39.4
04;2021-07-16;1082;1118;82003;66263;49.6;40.1
04;2021-07-17;445;234;82448;66497;49.9;40.3
04;2021-07-18;114;18;82562;66515;50.0;40.3
04;2021-07-19;484;655;83046;67170;50.3;40.7
04;2021-07-20;1314;1465;84360;68635;51.1;41.5
04;2021-07-21;1126;1166;85486;69801;51.7;42.3
04;2021-07-22;1500;1368;86986;71169;52.7;43.1
04;2021-07-23;1149;1142;88135;72311;53.4;43.8
04;2021-07-24;685;213;88820;72524;53.8;43.9
04;2021-07-25;42;20;88862;72544;53.8;43.9
04;2021-07-26;444;638;89306;73182;54.1;44.3
04;2021-07-27;1368;1046;90674;74228;54.9;44.9
04;2021-07-28;1071;1039;91745;75267;55.5;45.6
04;2021-07-29;1556;1298;93301;76565;56.5;46.3
04;2021-07-30;1245;927;94546;77492;57.2;46.9
04;2021-07-31;252;175;94798;77667;57.4;47.0
04;2021-08-01;48;19;94846;77686;57.4;47.0
04;2021-08-02;137;111;94983;77797;57.5;47.1
04;2021-08-03;1343;1117;96326;78914;58.3;47.8
04;2021-08-04;1174;861;97500;79775;59.0;48.3
04;2021-08-05;1186;737;98686;80512;59.7;48.7
04;2021-08-06;516;396;99202;80908;60.1;49.0
04;2021-08-07;159;162;99361;81070;60.1;49.1
04;2021-08-08;25;12;99386;81082;60.2;49.1
04;2021-08-09;104;121;99490;81203;60.2;49.2
04;2021-08-10;653;977;100143;82180;60.6;49.7
04;2021-08-11;1148;1027;101291;83207;61.3;50.4
04;2021-08-12;1120;1294;102411;84501;62.0;51.2
04;2021-08-13;440;384;102851;84885;62.3;51.4
04;2021-08-14;99;72;102950;84957;62.3;51.4
04;2021-08-15;0;0;102950;84957;62.3;51.4
04;2021-08-16;103;136;103053;85093;62.4;51.5
04;2021-08-17;494;1015;103547;86108;62.7;52.1
04;2021-08-18;717;1320;104264;87428;63.1;52.9
04;2021-08-19;738;1405;105002;88833;63.6;53.8
04;2021-08-20;745;1365;105747;90198;64.0;54.6
04;2021-08-21;65;111;105812;90309;64.1;54.7
04;2021-08-22;15;45;105827;90354;64.1;54.7
04;2021-08-23;53;109;105880;90463;64.1;54.8
04;2021-08-24;675;1486;106555;91949;64.5;55.7
04;2021-08-25;650;1180;107205;93129;64.9;56.4
04;2021-08-26;447;1200;107652;94329;65.2;57.1
05;2020-12-27;0;0;0;0;0.0;0.0
05;2020-12-28;1;0;1;0;0.0;0.0
05;2020-12-29;1;0;2;0;0.0;0.0
05;2020-12-30;2;0;4;0;0.0;0.0
05;2020-12-31;0;0;4;0;0.0;0.0
05;2021-01-01;2;0;6;0;0.0;0.0
05;2021-01-02;2;0;8;0;0.0;0.0
05;2021-01-03;1;0;9;0;0.0;0.0
05;2021-01-04;2;0;11;0;0.0;0.0
05;2021-01-05;0;0;11;0;0.0;0.0
05;2021-01-06;21;0;32;0;0.0;0.0
05;2021-01-07;128;0;160;0;0.1;0.0
05;2021-01-08;146;0;306;0;0.2;0.0
05;2021-01-09;11;0;317;0;0.2;0.0
05;2021-01-10;0;0;317;0;0.2;0.0
05;2021-01-11;44;0;361;0;0.3;0.0
05;2021-01-12;105;0;466;0;0.3;0.0
05;2021-01-13;140;0;606;0;0.4;0.0
05;2021-01-14;167;0;773;0;0.5;0.0
05;2021-01-15;128;1;901;1;0.6;0.0
05;2021-01-16;14;0;915;1;0.6;0.0
05;2021-01-17;0;0;915;1;0.6;0.0
05;2021-01-18;226;1;1141;2;0.8;0.0
05;2021-01-19;228;0;1369;2;1.0;0.0
05;2021-01-20;213;0;1582;2;1.1;0.0
05;2021-01-21;255;0;1837;2;1.3;0.0
05;2021-01-22;195;1;2032;3;1.4;0.0
05;2021-01-23;112;0;2144;3;1.5;0.0
05;2021-01-24;0;0;2144;3;1.5;0.0
05;2021-01-25;316;0;2460;3;1.7;0.0
05;2021-01-26;486;0;2946;3;2.1;0.0
05;2021-01-27;389;4;3335;7;2.4;0.0
05;2021-01-28;363;56;3698;63;2.6;0.0
05;2021-01-29;363;112;4061;175;2.9;0.1
05;2021-01-30;97;9;4158;184;2.9;0.1
05;2021-01-31;4;0;4162;184;2.9;0.1
05;2021-02-01;176;21;4338;205;3.1;0.1
05;2021-02-02;187;121;4525;326;3.2;0.2
05;2021-02-03;207;63;4732;389;3.3;0.3
05;2021-02-04;197;125;4929;514;3.5;0.4
05;2021-02-05;183;111;5112;625;3.6;0.4
05;2021-02-06;76;24;5188;649;3.7;0.5
05;2021-02-07;0;5;5188;654;3.7;0.5
05;2021-02-08;84;125;5272;779;3.7;0.5
05;2021-02-09;97;114;5369;893;3.8;0.6
05;2021-02-10;81;178;5450;1071;3.8;0.8
05;2021-02-11;87;137;5537;1208;3.9;0.9
05;2021-02-12;84;150;5621;1358;4.0;1.0
05;2021-02-13;75;32;5696;1390;4.0;1.0
05;2021-02-14;0;0;5696;1390;4.0;1.0
05;2021-02-15;97;190;5793;1580;4.1;1.1
05;2021-02-16;111;286;5904;1866;4.2;1.3
05;2021-02-17;136;231;6040;2097;4.3;1.5
05;2021-02-18;155;300;6195;2397;4.4;1.7
05;2021-02-19;158;322;6353;2719;4.5;1.9
05;2021-02-20;31;87;6384;2806;4.5;2.0
05;2021-02-21;0;0;6384;2806;4.5;2.0
05;2021-02-22;70;245;6454;3051;4.6;2.2
05;2021-02-23;18;239;6472;3290;4.6;2.3
05;2021-02-24;20;192;6492;3482;4.6;2.5
05;2021-02-25;56;176;6548;3658;4.6;2.6
05;2021-02-26;145;214;6693;3872;4.7;2.7
05;2021-02-27;65;171;6758;4043;4.8;2.9
05;2021-02-28;11;0;6769;4043;4.8;2.9
05;2021-03-01;93;169;6862;4212;4.8;3.0
05;2021-03-02;92;198;6954;4410;4.9;3.1
05;2021-03-03;112;233;7066;4643;5.0;3.3
05;2021-03-04;242;166;7308;4809;5.2;3.4
05;2021-03-05;578;193;7886;5002;5.6;3.5
05;2021-03-06;668;58;8554;5060;6.0;3.6
05;2021-03-07;515;19;9069;5079;6.4;3.6
05;2021-03-08;556;137;9625;5216;6.8;3.7
05;2021-03-09;520;162;10145;5378;7.2;3.8
05;2021-03-10;498;143;10643;5521;7.5;3.9
05;2021-03-11;376;138;11019;5659;7.8;4.0
05;2021-03-12;435;91;11454;5750;8.1;4.1
05;2021-03-13;796;94;12250;5844;8.6;4.1
05;2021-03-14;670;11;12920;5855;9.1;4.1
05;2021-03-15;354;124;13274;5979;9.4;4.2
05;2021-03-16;148;143;13422;6122;9.5;4.3
05;2021-03-17;262;121;13684;6243;9.7;4.4
05;2021-03-18;364;35;14048;6278;9.9;4.4
05;2021-03-19;450;59;14498;6337;10.2;4.5
05;2021-03-20;167;32;14665;6369;10.3;4.5
05;2021-03-21;1;0;14666;6369;10.3;4.5
05;2021-03-22;717;36;15383;6405;10.9;4.5
05;2021-03-23;804;13;16187;6418;11.4;4.5
05;2021-03-24;790;77;16977;6495;12.0;4.6
05;2021-03-25;901;59;17878;6554;12.6;4.6
05;2021-03-26;1023;48;18901;6602;13.3;4.7
05;2021-03-27;467;34;19368;6636;13.7;4.7
05;2021-03-28;10;0;19378;6636;13.7;4.7
05;2021-03-29;905;63;20283;6699;14.3;4.7
05;2021-03-30;1142;77;21425;6776;15.1;4.8
05;2021-03-31;823;254;22248;7030;15.7;5.0
05;2021-04-01;900;243;23148;7273;16.3;5.1
05;2021-04-02;665;378;23813;7651;16.8;5.4
05;2021-04-03;550;183;24363;7834;17.2;5.5
05;2021-04-04;350;63;24713;7897;17.4;5.6
05;2021-04-05;158;12;24871;7909;17.5;5.6
05;2021-04-06;646;276;25517;8185;18.0;5.8
05;2021-04-07;773;323;26290;8508;18.5;6.0
05;2021-04-08;734;336;27024;8844;19.1;6.2
05;2021-04-09;882;410;27906;9254;19.7;6.5
05;2021-04-10;713;388;28619;9642;20.2;6.8
05;2021-04-11;191;174;28810;9816;20.3;6.9
05;2021-04-12;732;262;29542;10078;20.8;7.1
05;2021-04-13;921;246;30463;10324;21.5;7.3
05;2021-04-14;667;328;31130;10652;22.0;7.5
05;2021-04-15;768;398;31898;11050;22.5;7.8
05;2021-04-16;731;411;32629;11461;23.0;8.1
05;2021-04-17;671;241;33300;11702;23.5;8.3
05;2021-04-18;305;23;33605;11725;23.7;8.3
05;2021-04-19;363;538;33968;12263;24.0;8.7
05;2021-04-20;482;630;34450;12893;24.3;9.1
05;2021-04-21;494;630;34944;13523;24.7;9.5
05;2021-04-22;385;549;35329;14072;24.9;9.9
05;2021-04-23;523;657;35852;14729;25.3;10.4
05;2021-04-24;347;383;36199;15112;25.5;10.7
05;2021-04-25;288;23;36487;15135;25.7;10.7
05;2021-04-26;367;706;36854;15841;26.0;11.2
05;2021-04-27;657;749;37511;16590;26.5;11.7
05;2021-04-28;468;721;37979;17311;26.8;12.2
05;2021-04-29;703;748;38682;18059;27.3;12.7
05;2021-04-30;509;755;39191;18814;27.6;13.3
05;2021-05-01;138;110;39329;18924;27.7;13.3
05;2021-05-02;266;115;39595;19039;27.9;13.4
05;2021-05-03;457;494;40052;19533;28.3;13.8
05;2021-05-04;384;503;40436;20036;28.5;14.1
05;2021-05-05;462;671;40898;20707;28.9;14.6
05;2021-05-06;648;723;41546;21430;29.3;15.1
05;2021-05-07;596;802;42142;22232;29.7;15.7
05;2021-05-08;481;175;42623;22407;30.1;15.8
05;2021-05-09;208;57;42831;22464;30.2;15.8
05;2021-05-10;499;697;43330;23161;30.6;16.3
05;2021-05-11;669;915;43999;24076;31.0;17.0
05;2021-05-12;648;733;44647;24809;31.5;17.5
05;2021-05-13;960;116;45607;24925;32.2;17.6
05;2021-05-14;826;495;46433;25420;32.8;17.9
05;2021-05-15;1043;354;47476;25774;33.5;18.2
05;2021-05-16;235;52;47711;25826;33.7;18.2
05;2021-05-17;484;430;48195;26256;34.0;18.5
05;2021-05-18;519;419;48714;26675;34.4;18.8
05;2021-05-19;724;459;49438;27134;34.9;19.1
05;2021-05-20;747;434;50185;27568;35.4;19.4
05;2021-05-21;705;511;50890;28079;35.9;19.8
05;2021-05-22;606;239;51496;28318;36.3;20.0
05;2021-05-23;277;59;51773;28377;36.5;20.0
05;2021-05-24;509;157;52282;28534;36.9;20.1
05;2021-05-25;515;482;52797;29016;37.2;20.5
05;2021-05-26;696;362;53493;29378;37.7;20.7
05;2021-05-27;799;571;54292;29949;38.3;21.1
05;2021-05-28;666;648;54958;30597;38.8;21.6
05;2021-05-29;566;544;55524;31141;39.2;22.0
05;2021-05-30;212;82;55736;31223;39.3;22.0
05;2021-05-31;575;496;56311;31719;39.7;22.4
05;2021-06-01;589;585;56900;32304;40.1;22.8
05;2021-06-02;685;703;57585;33007;40.6;23.3
05;2021-06-03;716;652;58301;33659;41.1;23.7
05;2021-06-04;1018;819;59319;34478;41.8;24.3
05;2021-06-05;807;508;60126;34986;42.4;24.7
05;2021-06-06;200;89;60326;35075;42.6;24.7
05;2021-06-07;605;834;60931;35909;43.0;25.3
05;2021-06-08;701;659;61632;36568;43.5;25.8
05;2021-06-09;648;782;62280;37350;43.9;26.3
05;2021-06-10;543;718;62823;38068;44.3;26.9
05;2021-06-11;766;723;63589;38791;44.9;27.4
05;2021-06-12;593;484;64182;39275;45.3;27.7
05;2021-06-13;112;91;64294;39366;45.4;27.8
05;2021-06-14;403;668;64697;40034;45.6;28.2
05;2021-06-15;543;912;65240;40946;46.0;28.9
05;2021-06-16;433;670;65673;41616;46.3;29.4
05;2021-06-17;361;806;66034;42422;46.6;29.9
05;2021-06-18;396;724;66430;43146;46.9;30.4
05;2021-06-19;421;571;66851;43717;47.2;30.8
05;2021-06-20;64;77;66915;43794;47.2;30.9
05;2021-06-21;319;641;67234;44435;47.4;31.3
05;2021-06-22;356;829;67590;45264;47.7;31.9
05;2021-06-23;354;764;67944;46028;47.9;32.5
05;2021-06-24;388;1023;68332;47051;48.2;33.2
05;2021-06-25;229;893;68561;47944;48.4;33.8
05;2021-06-26;292;1074;68853;49018;48.6;34.6
05;2021-06-27;128;170;68981;49188;48.7;34.7
05;2021-06-28;254;793;69235;49981;48.8;35.3
05;2021-06-29;250;785;69485;50766;49.0;35.8
05;2021-06-30;329;790;69814;51556;49.2;36.4
05;2021-07-01;383;791;70197;52347;49.5;36.9
05;2021-07-02;370;870;70567;53217;49.8;37.5
05;2021-07-03;305;741;70872;53958;50.0;38.1
05;2021-07-04;180;177;71052;54135;50.1;38.2
05;2021-07-05;264;781;71316;54916;50.3;38.7
05;2021-07-06;336;859;71652;55775;50.5;39.3
05;2021-07-07;401;782;72053;56557;50.8;39.9
05;2021-07-08;431;848;72484;57405;51.1;40.5
05;2021-07-09;422;994;72906;58399;51.4;41.2
05;2021-07-10;314;729;73220;59128;51.7;41.7
05;2021-07-11;176;119;73396;59247;51.8;41.8
05;2021-07-12;416;1013;73812;60260;52.1;42.5
05;2021-07-13;483;870;74295;61130;52.4;43.1
05;2021-07-14;838;299;75133;61429;53.0;43.3
05;2021-07-15;709;994;75842;62423;53.5;44.0
05;2021-07-16;1028;1459;76870;63882;54.2;45.1
05;2021-07-17;674;1306;77544;65188;54.7;46.0
05;2021-07-18;285;129;77829;65317;54.9;46.1
05;2021-07-19;572;791;78401;66108;55.3;46.6
05;2021-07-20;761;801;79162;66909;55.8;47.2
05;2021-07-21;881;840;80043;67749;56.5;47.8
05;2021-07-22;814;869;80857;68618;57.0;48.4
05;2021-07-23;1447;1237;82304;69855;58.1;49.3
05;2021-07-24;864;834;83168;70689;58.7;49.9
05;2021-07-25;305;160;83473;70849;58.9;50.0
05;2021-07-26;778;563;84251;71412;59.4;50.4
05;2021-07-27;1261;753;85512;72165;60.3;50.9
05;2021-07-28;1523;717;87035;72882;61.4;51.4
05;2021-07-29;1346;721;88381;73603;62.3;51.9
05;2021-07-30;959;594;89340;74197;63.0;52.3
05;2021-07-31;781;522;90121;74719;63.6;52.7
05;2021-08-01;192;178;90313;74897;63.7;52.8
05;2021-08-02;832;547;91145;75444;64.3;53.2
05;2021-08-03;828;609;91973;76053;64.9;53.7
05;2021-08-04;988;755;92961;76808;65.6;54.2
05;2021-08-05;976;723;93937;77531;66.3;54.7
05;2021-08-06;862;793;94799;78324;66.9;55.3
05;2021-08-07;625;641;95424;78965;67.3;55.7
05;2021-08-08;196;268;95620;79233;67.5;55.9
05;2021-08-09;771;849;96391;80082;68.0;56.5
05;2021-08-10;648;695;97039;80777;68.5;57.0
05;2021-08-11;742;854;97781;81631;69.0;57.6
05;2021-08-12;787;782;98568;82413;69.5;58.1
05;2021-08-13;625;894;99193;83307;70.0;58.8
05;2021-08-14;408;782;99601;84089;70.3;59.3
05;2021-08-15;188;223;99789;84312;70.4;59.5
05;2021-08-16;487;1084;100276;85396;70.7;60.2
05;2021-08-17;431;883;100707;86279;71.0;60.9
05;2021-08-18;432;971;101139;87250;71.3;61.5
05;2021-08-19;500;962;101639;88212;71.7;62.2
05;2021-08-20;477;1113;102116;89325;72.0;63.0
05;2021-08-21;356;848;102472;90173;72.3;63.6
05;2021-08-22;117;253;102589;90426;72.4;63.8
05;2021-08-23;321;828;102910;91254;72.6;64.4
05;2021-08-24;399;778;103309;92032;72.9;64.9
05;2021-08-25;399;919;103708;92951;73.2;65.6
05;2021-08-26;300;811;104008;93762;73.4;66.1
06;2020-12-27;11;0;11;0;0.0;0.0
06;2020-12-28;21;0;32;0;0.0;0.0
06;2020-12-29;9;0;41;0;0.0;0.0
06;2020-12-30;8;0;49;0;0.0;0.0
06;2020-12-31;29;0;78;0;0.0;0.0
06;2021-01-01;19;0;97;0;0.0;0.0
06;2021-01-02;7;0;104;0;0.0;0.0
06;2021-01-03;6;0;110;0;0.0;0.0
06;2021-01-04;152;1;262;1;0.0;0.0
06;2021-01-05;181;1;443;2;0.0;0.0
06;2021-01-06;235;0;678;2;0.1;0.0
06;2021-01-07;511;0;1189;2;0.1;0.0
06;2021-01-08;687;2;1876;4;0.2;0.0
06;2021-01-09;391;2;2267;6;0.2;0.0
06;2021-01-10;79;0;2346;6;0.2;0.0
06;2021-01-11;1151;0;3497;6;0.3;0.0
06;2021-01-12;2240;5;5737;11;0.5;0.0
06;2021-01-13;1739;7;7476;18;0.7;0.0
06;2021-01-14;2153;17;9629;35;0.9;0.0
06;2021-01-15;1875;5;11504;40;1.1;0.0
06;2021-01-16;986;4;12490;44;1.2;0.0
06;2021-01-17;238;0;12728;44;1.2;0.0
06;2021-01-18;2481;8;15209;52;1.4;0.0
06;2021-01-19;2763;9;17972;61;1.7;0.0
06;2021-01-20;3358;9;21330;70;2.0;0.0
06;2021-01-21;3035;24;24365;94;2.3;0.0
06;2021-01-22;2964;15;27329;109;2.5;0.0
06;2021-01-23;1303;3;28632;112;2.7;0.0
06;2021-01-24;32;0;28664;112;2.7;0.0
06;2021-01-25;2078;14;30742;126;2.8;0.0
06;2021-01-26;3397;41;34139;167;3.2;0.0
06;2021-01-27;2564;100;36703;267;3.4;0.0
06;2021-01-28;2817;202;39520;469;3.7;0.0
06;2021-01-29;2504;310;42024;779;3.9;0.1
06;2021-01-30;671;43;42695;822;4.0;0.1
06;2021-01-31;4;1;42699;823;4.0;0.1
06;2021-02-01;1028;477;43727;1300;4.1;0.1
06;2021-02-02;1503;411;45230;1711;4.2;0.2
06;2021-02-03;330;135;45560;1846;4.2;0.2
06;2021-02-04;715;888;46275;2734;4.3;0.3
06;2021-02-05;1015;1107;47290;3841;4.4;0.4
06;2021-02-06;159;461;47449;4302;4.4;0.4
06;2021-02-07;10;48;47459;4350;4.4;0.4
06;2021-02-08;537;1088;47996;5438;4.4;0.5
06;2021-02-09;320;736;48316;6174;4.5;0.6
06;2021-02-10;376;663;48692;6837;4.5;0.6
06;2021-02-11;478;1067;49170;7904;4.6;0.7
06;2021-02-12;656;1308;49826;9212;4.6;0.9
06;2021-02-13;205;521;50031;9733;4.6;0.9
06;2021-02-14;15;2;50046;9735;4.6;0.9
06;2021-02-15;467;1268;50513;11003;4.7;1.0
06;2021-02-16;869;2004;51382;13007;4.8;1.2
06;2021-02-17;833;2127;52215;15134;4.8;1.4
06;2021-02-18;1811;2685;54026;17819;5.0;1.7
06;2021-02-19;1767;2145;55793;19964;5.2;1.8
06;2021-02-20;284;524;56077;20488;5.2;1.9
06;2021-02-21;23;55;56100;20543;5.2;1.9
06;2021-02-22;1083;1618;57183;22161;5.3;2.1
06;2021-02-23;1754;1551;58937;23712;5.5;2.2
06;2021-02-24;2116;1294;61053;25006;5.7;2.3
06;2021-02-25;3854;1680;64907;26686;6.0;2.5
06;2021-02-26;3395;1608;68302;28294;6.3;2.6
06;2021-02-27;1437;332;69739;28626;6.5;2.7
06;2021-02-28;97;24;69836;28650;6.5;2.7
06;2021-03-01;2414;828;72250;29478;6.7;2.7
06;2021-03-02;2456;992;74706;30470;6.9;2.8
06;2021-03-03;2856;569;77562;31039;7.2;2.9
06;2021-03-04;4631;622;82193;31661;7.6;2.9
06;2021-03-05;3907;1031;86100;32692;8.0;3.0
06;2021-03-06;11947;359;98047;33051;9.1;3.1
06;2021-03-07;10207;311;108254;33362;10.0;3.1
06;2021-03-08;4159;1194;112413;34556;10.4;3.2
06;2021-03-09;4993;933;117406;35489;10.9;3.3
06;2021-03-10;4715;846;122121;36335;11.3;3.4
06;2021-03-11;6729;902;128850;37237;11.9;3.4
06;2021-03-12;6878;1012;135728;38249;12.6;3.5
06;2021-03-13;11245;352;146973;38601;13.6;3.6
06;2021-03-14;507;48;147480;38649;13.7;3.6
06;2021-03-15;4834;767;152314;39416;14.1;3.7
06;2021-03-16;3770;1054;156084;40470;14.5;3.7
06;2021-03-17;6201;1891;162285;42361;15.0;3.9
06;2021-03-18;5127;1827;167412;44188;15.5;4.1
06;2021-03-19;6823;2030;174235;46218;16.1;4.3
06;2021-03-20;2374;559;176609;46777;16.4;4.3
06;2021-03-21;409;23;177018;46800;16.4;4.3
06;2021-03-22;3982;708;181000;47508;16.8;4.4
06;2021-03-23;5988;1222;186988;48730;17.3;4.5
06;2021-03-24;4223;3327;191211;52057;17.7;4.8
06;2021-03-25;5864;3248;197075;55305;18.3;5.1
06;2021-03-26;6362;1993;203437;57298;18.8;5.3
06;2021-03-27;2040;368;205477;57666;19.0;5.3
06;2021-03-28;211;3;205688;57669;19.1;5.3
06;2021-03-29;3203;2092;208891;59761;19.4;5.5
06;2021-03-30;5194;2538;214085;62299;19.8;5.8
06;2021-03-31;8053;1658;222138;63957;20.6;5.9
06;2021-04-01;7640;2474;229778;66431;21.3;6.2
06;2021-04-02;7234;2711;237012;69142;22.0;6.4
06;2021-04-03;2720;1373;239732;70515;22.2;6.5
06;2021-04-04;300;549;240032;71064;22.2;6.6
06;2021-04-05;1404;692;241436;71756;22.4;6.6
06;2021-04-06;6662;3312;248098;75068;23.0;7.0
06;2021-04-07;6216;3895;254314;78963;23.6;7.3
06;2021-04-08;5744;5659;260058;84622;24.1;7.8
06;2021-04-09;9375;5854;269433;90476;25.0;8.4
06;2021-04-10;2396;2787;271829;93263;25.2;8.6
06;2021-04-11;187;58;272016;93321;25.2;8.6
06;2021-04-12;4381;3533;276397;96854;25.6;9.0
06;2021-04-13;6372;5132;282769;101986;26.2;9.4
06;2021-04-14;5462;4494;288231;106480;26.7;9.9
06;2021-04-15;5550;4388;293781;110868;27.2;10.3
06;2021-04-16;7084;5199;300865;116067;27.9;10.8
06;2021-04-17;2784;3053;303649;119120;28.1;11.0
06;2021-04-18;265;224;303914;119344;28.2;11.1
06;2021-04-19;5487;4046;309401;123390;28.7;11.4
06;2021-04-20;5659;4871;315060;128261;29.2;11.9
06;2021-04-21;8319;4160;323379;132421;30.0;12.3
06;2021-04-22;8569;4192;331948;136613;30.8;12.7
06;2021-04-23;8804;4255;340752;140868;31.6;13.1
06;2021-04-24;2354;1493;343106;142361;31.8;13.2
06;2021-04-25;122;29;343228;142390;31.8;13.2
06;2021-04-26;4147;2310;347375;144700;32.2;13.4
06;2021-04-27;4585;4040;351960;148740;32.6;13.8
06;2021-04-28;4149;4571;356109;153311;33.0;14.2
06;2021-04-29;6087;5460;362196;158771;33.6;14.7
06;2021-04-30;6774;5162;368970;163933;34.2;15.2
06;2021-05-01;4162;828;373132;164761;34.6;15.3
06;2021-05-02;491;158;373623;164919;34.6;15.3
06;2021-05-03;6912;3548;380535;168467;35.3;15.6
06;2021-05-04;5747;5383;386282;173850;35.8;16.1
06;2021-05-05;4545;3914;390827;177764;36.2;16.5
06;2021-05-06;5228;4735;396055;182499;36.7;16.9
06;2021-05-07;5658;5680;401713;188179;37.2;17.4
06;2021-05-08;4865;1317;406578;189496;37.7;17.6
06;2021-05-09;201;308;406779;189804;37.7;17.6
06;2021-05-10;4820;5045;411599;194849;38.1;18.1
06;2021-05-11;4936;5565;416535;200414;38.6;18.6
06;2021-05-12;9097;4892;425632;205306;39.4;19.0
06;2021-05-13;9268;2127;434900;207433;40.3;19.2
06;2021-05-14;10843;3360;445743;210793;41.3;19.5
06;2021-05-15;9283;2209;455026;213002;42.2;19.7
06;2021-05-16;1502;286;456528;213288;42.3;19.8
06;2021-05-17;7502;3752;464030;217040;43.0;20.1
06;2021-05-18;9735;3215;473765;220255;43.9;20.4
06;2021-05-19;7699;2978;481464;223233;44.6;20.7
06;2021-05-20;7939;3665;489403;226898;45.3;21.0
06;2021-05-21;8801;3936;498204;230834;46.2;21.4
06;2021-05-22;3033;1329;501237;232163;46.4;21.5
06;2021-05-23;132;629;501369;232792;46.4;21.6
06;2021-05-24;3191;999;504560;233791;46.7;21.7
06;2021-05-25;4757;4936;509317;238727;47.2;22.1
06;2021-05-26;5683;6623;515000;245350;47.7;22.7
06;2021-05-27;5572;6276;520572;251626;48.2;23.3
06;2021-05-28;4985;7292;525557;258918;48.7;24.0
06;2021-05-29;1643;2934;527200;261852;48.8;24.3
06;2021-05-30;258;1122;527458;262974;48.9;24.4
06;2021-05-31;4414;5130;531872;268104;49.3;24.8
06;2021-06-01;5727;7420;537599;275524;49.8;25.5
06;2021-06-02;3313;8554;540912;284078;50.1;26.3
06;2021-06-03;4547;8311;545459;292389;50.5;27.1
06;2021-06-04;5489;7744;550948;300133;51.0;27.8
06;2021-06-05;2461;3349;553409;303482;51.3;28.1
06;2021-06-06;180;236;553589;303718;51.3;28.1
06;2021-06-07;4146;5591;557735;309309;51.7;28.7
06;2021-06-08;4473;5209;562208;314518;52.1;29.1
06;2021-06-09;4114;7373;566322;321891;52.5;29.8
06;2021-06-10;4784;6868;571106;328759;52.9;30.5
06;2021-06-11;3909;8367;575015;337126;53.3;31.2
06;2021-06-12;1742;3746;576757;340872;53.4;31.6
06;2021-06-13;149;440;576906;341312;53.4;31.6
06;2021-06-14;2731;8605;579637;349917;53.7;32.4
06;2021-06-15;3260;9489;582897;359406;54.0;33.3
06;2021-06-16;3509;7008;586406;366414;54.3;33.9
06;2021-06-17;3681;7196;590087;373610;54.7;34.6
06;2021-06-18;2632;5931;592719;379541;54.9;35.2
06;2021-06-19;1312;1684;594031;381225;55.0;35.3
06;2021-06-20;210;347;594241;381572;55.1;35.4
06;2021-06-21;1722;6306;595963;387878;55.2;35.9
06;2021-06-22;2361;7369;598324;395247;55.4;36.6
06;2021-06-23;2086;6551;600410;401798;55.6;37.2
06;2021-06-24;3474;8974;603884;410772;55.9;38.1
06;2021-06-25;2293;9612;606177;420384;56.2;38.9
06;2021-06-26;892;2287;607069;422671;56.2;39.2
06;2021-06-27;379;1187;607448;423858;56.3;39.3
06;2021-06-28;2488;8142;609936;432000;56.5;40.0
06;2021-06-29;2383;7722;612319;439722;56.7;40.7
06;2021-06-30;1515;7695;613834;447417;56.9;41.5
06;2021-07-01;3450;7484;617284;454901;57.2;42.1
06;2021-07-02;4327;8269;621611;463170;57.6;42.9
06;2021-07-03;1240;4307;622851;467477;57.7;43.3
06;2021-07-04;317;303;623168;467780;57.7;43.3
06;2021-07-05;3759;5140;626927;472920;58.1;43.8
06;2021-07-06;1987;5830;628914;478750;58.3;44.4
06;2021-07-07;3494;5979;632408;484729;58.6;44.9
06;2021-07-08;3551;6326;635959;491055;58.9;45.5
06;2021-07-09;4122;6229;640081;497284;59.3;46.1
06;2021-07-10;1757;2334;641838;499618;59.5;46.3
06;2021-07-11;330;322;642168;499940;59.5;46.3
06;2021-07-12;3954;7157;646122;507097;59.9;47.0
06;2021-07-13;5878;9019;652000;516116;60.4;47.8
06;2021-07-14;985;431;652985;516547;60.5;47.9
06;2021-07-15;6456;8036;659441;524583;61.1;48.6
06;2021-07-16;7636;9014;667077;533597;61.8;49.4
06;2021-07-17;3148;5464;670225;539061;62.1;49.9
06;2021-07-18;1075;5332;671300;544393;62.2;50.4
06;2021-07-19;5874;8039;677174;552432;62.7;51.2
06;2021-07-20;7403;10261;684577;562693;63.4;52.1
06;2021-07-21;8109;8709;692686;571402;64.2;52.9
06;2021-07-22;10255;7870;702941;579272;65.1;53.7
06;2021-07-23;9310;6924;712251;586196;66.0;54.3
06;2021-07-24;3219;3223;715470;589419;66.3;54.6
06;2021-07-25;988;476;716458;589895;66.4;54.7
06;2021-07-26;7407;6883;723865;596778;67.1;55.3
06;2021-07-27;9109;5575;732974;602353;67.9;55.8
06;2021-07-28;7346;5403;740320;607756;68.6;56.3
06;2021-07-29;8709;5772;749029;613528;69.4;56.8
06;2021-07-30;8068;5525;757097;619053;70.1;57.4
06;2021-07-31;3636;3074;760733;622127;70.5;57.6
06;2021-08-01;734;431;761467;622558;70.5;57.7
06;2021-08-02;5922;4588;767389;627146;71.1;58.1
06;2021-08-03;6237;5467;773626;632613;71.7;58.6
06;2021-08-04;5497;3509;779123;636122;72.2;58.9
06;2021-08-05;6195;4448;785318;640570;72.8;59.3
06;2021-08-06;5552;6103;790870;646673;73.3;59.9
06;2021-08-07;2236;2466;793106;649139;73.5;60.1
06;2021-08-08;555;631;793661;649770;73.5;60.2
06;2021-08-09;4291;6003;797952;655773;73.9;60.8
06;2021-08-10;5086;6842;803038;662615;74.4;61.4
06;2021-08-11;4093;6178;807131;668793;74.8;62.0
06;2021-08-12;4293;6705;811424;675498;75.2;62.6
06;2021-08-13;3446;6396;814870;681894;75.5;63.2
06;2021-08-14;1453;2273;816323;684167;75.6;63.4
06;2021-08-15;392;634;816715;684801;75.7;63.4
06;2021-08-16;2982;6862;819697;691663;75.9;64.1
06;2021-08-17;3636;7755;823333;699418;76.3;64.8
06;2021-08-18;2883;6384;826216;705802;76.5;65.4
06;2021-08-19;3878;8076;830094;713878;76.9;66.1
06;2021-08-20;3084;6441;833178;720319;77.2;66.7
06;2021-08-21;1769;3566;834947;723885;77.4;67.1
06;2021-08-22;359;699;835306;724584;77.4;67.1
06;2021-08-23;2331;6493;837637;731077;77.6;67.7
06;2021-08-24;2746;6427;840383;737504;77.9;68.3
06;2021-08-25;2494;5614;842877;743118;78.1;68.8
06;2021-08-26;2526;6796;845403;749914;78.3;69.5
07;2020-12-27;0;0;0;0;0.0;0.0
07;2020-12-28;0;0;0;0;0.0;0.0
07;2020-12-29;0;0;0;0;0.0;0.0
07;2020-12-30;0;0;0;0;0.0;0.0
07;2020-12-31;0;0;0;0;0.0;0.0
07;2021-01-01;7;0;7;0;0.0;0.0
07;2021-01-02;0;0;7;0;0.0;0.0
07;2021-01-03;0;0;7;0;0.0;0.0
07;2021-01-04;0;0;7;0;0.0;0.0
07;2021-01-05;0;0;7;0;0.0;0.0
07;2021-01-06;31;0;38;0;0.0;0.0
07;2021-01-07;130;1;168;1;0.1;0.0
07;2021-01-08;45;1;213;2;0.1;0.0
07;2021-01-09;17;0;230;2;0.1;0.0
07;2021-01-10;0;0;230;2;0.1;0.0
07;2021-01-11;157;1;387;3;0.1;0.0
07;2021-01-12;309;0;696;3;0.2;0.0
07;2021-01-13;306;1;1002;4;0.3;0.0
07;2021-01-14;477;0;1479;4;0.5;0.0
07;2021-01-15;188;0;1667;4;0.5;0.0
07;2021-01-16;17;0;1684;4;0.5;0.0
07;2021-01-17;2;0;1686;4;0.5;0.0
07;2021-01-18;363;2;2049;6;0.6;0.0
07;2021-01-19;830;2;2879;8;0.9;0.0
07;2021-01-20;598;2;3477;10;1.1;0.0
07;2021-01-21;452;3;3929;13;1.2;0.0
07;2021-01-22;291;0;4220;13;1.3;0.0
07;2021-01-23;107;0;4327;13;1.3;0.0
07;2021-01-24;0;0;4327;13;1.3;0.0
07;2021-01-25;164;0;4491;13;1.4;0.0
07;2021-01-26;491;3;4982;16;1.5;0.0
07;2021-01-27;555;7;5537;23;1.7;0.0
07;2021-01-28;1206;101;6743;124;2.1;0.0
07;2021-01-29;707;18;7450;142;2.3;0.0
07;2021-01-30;213;4;7663;146;2.3;0.0
07;2021-01-31;7;0;7670;146;2.3;0.0
07;2021-02-01;267;33;7937;179;2.4;0.1
07;2021-02-02;664;241;8601;420;2.6;0.1
07;2021-02-03;1045;221;9646;641;3.0;0.2
07;2021-02-04;722;262;10368;903;3.2;0.3
07;2021-02-05;484;256;10852;1159;3.3;0.4
07;2021-02-06;98;3;10950;1162;3.3;0.4
07;2021-02-07;12;1;10962;1163;3.4;0.4
07;2021-02-08;239;176;11201;1339;3.4;0.4
07;2021-02-09;488;325;11689;1664;3.6;0.5
07;2021-02-10;538;397;12227;2061;3.7;0.6
07;2021-02-11;400;282;12627;2343;3.9;0.7
07;2021-02-12;268;160;12895;2503;3.9;0.8
07;2021-02-13;69;20;12964;2523;4.0;0.8
07;2021-02-14;0;0;12964;2523;4.0;0.8
07;2021-02-15;270;132;13234;2655;4.0;0.8
07;2021-02-16;348;363;13582;3018;4.2;0.9
07;2021-02-17;466;335;14048;3353;4.3;1.0
07;2021-02-18;562;766;14610;4119;4.5;1.3
07;2021-02-19;457;509;15067;4628;4.6;1.4
07;2021-02-20;109;69;15176;4697;4.6;1.4
07;2021-02-21;15;0;15191;4697;4.6;1.4
07;2021-02-22;424;217;15615;4914;4.8;1.5
07;2021-02-23;646;620;16261;5534;5.0;1.7
07;2021-02-24;928;706;17189;6240;5.3;1.9
07;2021-02-25;710;537;17899;6777;5.5;2.1
07;2021-02-26;845;294;18744;7071;5.7;2.2
07;2021-02-27;190;145;18934;7216;5.8;2.2
07;2021-02-28;1;0;18935;7216;5.8;2.2
07;2021-03-01;438;216;19373;7432;5.9;2.3
07;2021-03-02;655;566;20028;7998;6.1;2.4
07;2021-03-03;691;537;20719;8535;6.3;2.6
07;2021-03-04;1099;358;21818;8893;6.7;2.7
07;2021-03-05;1084;375;22902;9268;7.0;2.8
07;2021-03-06;1125;99;24027;9367;7.4;2.9
07;2021-03-07;718;23;24745;9390;7.6;2.9
07;2021-03-08;352;319;25097;9709;7.7;3.0
07;2021-03-09;1088;437;26185;10146;8.0;3.1
07;2021-03-10;867;519;27052;10665;8.3;3.3
07;2021-03-11;1373;468;28425;11133;8.7;3.4
07;2021-03-12;1617;567;30042;11700;9.2;3.6
07;2021-03-13;680;101;30722;11801;9.4;3.6
07;2021-03-14;4;0;30726;11801;9.4;3.6
07;2021-03-15;526;292;31252;12093;9.6;3.7
07;2021-03-16;1208;484;32460;12577;9.9;3.8
07;2021-03-17;1187;782;33647;13359;10.3;4.1
07;2021-03-18;1219;416;34866;13775;10.7;4.2
07;2021-03-19;1268;424;36134;14199;11.1;4.3
07;2021-03-20;467;109;36601;14308;11.2;4.4
07;2021-03-21;3;2;36604;14310;11.2;4.4
07;2021-03-22;791;538;37395;14848;11.4;4.5
07;2021-03-23;1515;722;38910;15570;11.9;4.8
07;2021-03-24;1277;666;40187;16236;12.3;5.0
07;2021-03-25;1852;517;42039;16753;12.9;5.1
07;2021-03-26;1834;443;43873;17196;13.4;5.3
07;2021-03-27;385;101;44258;17297;13.5;5.3
07;2021-03-28;6;1;44264;17298;13.5;5.3
07;2021-03-29;789;359;45053;17657;13.8;5.4
07;2021-03-30;1526;511;46579;18168;14.2;5.6
07;2021-03-31;1660;506;48239;18674;14.8;5.7
07;2021-04-01;1587;660;49826;19334;15.2;5.9
07;2021-04-02;1522;439;51348;19773;15.7;6.0
07;2021-04-03;230;106;51578;19879;15.8;6.1
07;2021-04-04;3;1;51581;19880;15.8;6.1
07;2021-04-05;0;66;51581;19946;15.8;6.1
07;2021-04-06;1161;757;52742;20703;16.1;6.3
07;2021-04-07;1317;897;54059;21600;16.5;6.6
07;2021-04-08;1969;1180;56028;22780;17.1;7.0
07;2021-04-09;2424;567;58452;23347;17.9;7.1
07;2021-04-10;807;162;59259;23509;18.1;7.2
07;2021-04-11;339;13;59598;23522;18.2;7.2
07;2021-04-12;1282;595;60880;24117;18.6;7.4
07;2021-04-13;1768;1337;62648;25454;19.2;7.8
07;2021-04-14;1675;991;64323;26445;19.7;8.1
07;2021-04-15;1442;842;65765;27287;20.1;8.3
07;2021-04-16;1506;909;67271;28196;20.6;8.6
07;2021-04-17;870;215;68141;28411;20.8;8.7
07;2021-04-18;700;37;68841;28448;21.1;8.7
07;2021-04-19;1161;573;70002;29021;21.4;8.9
07;2021-04-20;1442;1319;71444;30340;21.9;9.3
07;2021-04-21;1718;919;73162;31259;22.4;9.6
07;2021-04-22;1817;965;74979;32224;22.9;9.9
07;2021-04-23;1411;973;76390;33197;23.4;10.2
07;2021-04-24;961;251;77351;33448;23.7;10.2
07;2021-04-25;717;69;78068;33517;23.9;10.3
07;2021-04-26;1138;681;79206;34198;24.2;10.5
07;2021-04-27;1395;1565;80601;35763;24.7;10.9
07;2021-04-28;1636;1759;82237;37522;25.2;11.5
07;2021-04-29;1939;1535;84176;39057;25.8;11.9
07;2021-04-30;1662;1483;85838;40540;26.3;12.4
07;2021-05-01;960;116;86798;40656;26.6;12.4
07;2021-05-02;845;156;87643;40812;26.8;12.5
07;2021-05-03;1280;435;88923;41247;27.2;12.6
07;2021-05-04;2171;1564;91094;42811;27.9;13.1
07;2021-05-05;1745;1387;92839;44198;28.4;13.5
07;2021-05-06;2104;1586;94943;45784;29.0;14.0
07;2021-05-07;1595;1556;96538;47340;29.5;14.5
07;2021-05-08;1227;405;97765;47745;29.9;14.6
07;2021-05-09;1030;327;98795;48072;30.2;14.7
07;2021-05-10;1405;1175;100200;49247;30.7;15.1
07;2021-05-11;2472;1699;102672;50946;31.4;15.6
07;2021-05-12;2164;1277;104836;52223;32.1;16.0
07;2021-05-13;1712;272;106548;52495;32.6;16.1
07;2021-05-14;1735;1000;108283;53495;33.1;16.4
07;2021-05-15;1627;500;109910;53995;33.6;16.5
07;2021-05-16;1444;213;111354;54208;34.1;16.6
07;2021-05-17;1772;861;113126;55069;34.6;16.8
07;2021-05-18;2296;1304;115422;56373;35.3;17.2
07;2021-05-19;2375;998;117797;57371;36.0;17.6
07;2021-05-20;2165;1314;119962;58685;36.7;18.0
07;2021-05-21;1758;1314;121720;59999;37.2;18.4
07;2021-05-22;935;544;122655;60543;37.5;18.5
07;2021-05-23;857;157;123512;60700;37.8;18.6
07;2021-05-24;1650;339;125162;61039;38.3;18.7
07;2021-05-25;2187;1478;127349;62517;39.0;19.1
07;2021-05-26;1529;1380;128878;63897;39.4;19.5
07;2021-05-27;2020;1410;130898;65307;40.0;20.0
07;2021-05-28;1770;2081;132668;67388;40.6;20.6
07;2021-05-29;943;684;133611;68072;40.9;20.8
07;2021-05-30;622;570;134233;68642;41.1;21.0
07;2021-05-31;1133;1286;135366;69928;41.4;21.4
07;2021-06-01;2153;2005;137519;71933;42.1;22.0
07;2021-06-02;1531;1653;139050;73586;42.5;22.5
07;2021-06-03;1712;1257;140762;74843;43.1;22.9
07;2021-06-04;1675;1595;142437;76438;43.6;23.4
07;2021-06-05;987;955;143424;77393;43.9;23.7
07;2021-06-06;598;623;144022;78016;44.1;23.9
07;2021-06-07;961;1195;144983;79211;44.4;24.2
07;2021-06-08;1548;1771;146531;80982;44.8;24.8
07;2021-06-09;1030;1422;147561;82404;45.1;25.2
07;2021-06-10;788;1390;148349;83794;45.4;25.6
07;2021-06-11;1154;2034;149503;85828;45.7;26.3
07;2021-06-12;643;1217;150146;87045;45.9;26.6
07;2021-06-13;395;444;150541;87489;46.1;26.8
07;2021-06-14;566;1963;151107;89452;46.2;27.4
07;2021-06-15;936;2552;152043;92004;46.5;28.1
07;2021-06-16;1023;1852;153066;93856;46.8;28.7
07;2021-06-17;886;1950;153952;95806;47.1;29.3
07;2021-06-18;872;2285;154824;98091;47.4;30.0
07;2021-06-19;605;1455;155429;99546;47.5;30.5
07;2021-06-20;369;727;155798;100273;47.7;30.7
07;2021-06-21;517;2144;156315;102417;47.8;31.3
07;2021-06-22;655;2662;156970;105079;48.0;32.1
07;2021-06-23;680;1960;157650;107039;48.2;32.7
07;2021-06-24;646;1852;158296;108891;48.4;33.3
07;2021-06-25;701;2177;158997;111068;48.6;34.0
07;2021-06-26;360;1430;159357;112498;48.8;34.4
07;2021-06-27;285;1073;159642;113571;48.8;34.7
07;2021-06-28;505;2243;160147;115814;49.0;35.4
07;2021-06-29;540;2987;160687;118801;49.2;36.3
07;2021-06-30;822;2290;161509;121091;49.4;37.0
07;2021-07-01;774;1978;162283;123069;49.6;37.7
07;2021-07-02;882;2303;163165;125372;49.9;38.4
07;2021-07-03;421;1139;163586;126511;50.0;38.7
07;2021-07-04;211;852;163797;127363;50.1;39.0
07;2021-07-05;670;1685;164467;129048;50.3;39.5
07;2021-07-06;879;2634;165346;131682;50.6;40.3
07;2021-07-07;971;1946;166317;133628;50.9;40.9
07;2021-07-08;928;1972;167245;135600;51.2;41.5
07;2021-07-09;996;2262;168241;137862;51.5;42.2
07;2021-07-10;598;1101;168839;138963;51.7;42.5
07;2021-07-11;239;614;169078;139577;51.7;42.7
07;2021-07-12;808;1769;169886;141346;52.0;43.2
07;2021-07-13;1768;3177;171654;144523;52.5;44.2
07;2021-07-14;167;134;171821;144657;52.6;44.3
07;2021-07-15;1958;2463;173779;147120;53.2;45.0
07;2021-07-16;2054;1985;175833;149105;53.8;45.6
07;2021-07-17;1484;1252;177317;150357;54.2;46.0
07;2021-07-18;771;481;178088;150838;54.5;46.1
07;2021-07-19;1515;1705;179603;152543;54.9;46.7
07;2021-07-20;2521;2682;182124;155225;55.7;47.5
07;2021-07-21;1854;1917;183978;157142;56.3;48.1
07;2021-07-22;1917;1373;185895;158515;56.9;48.5
07;2021-07-23;2260;1686;188155;160201;57.6;49.0
07;2021-07-24;1640;1109;189795;161310;58.1;49.3
07;2021-07-25;33;22;189828;161332;58.1;49.4
07;2021-07-26;2194;1542;192022;162874;58.7;49.8
07;2021-07-27;3001;1909;195023;164783;59.7;50.4
07;2021-07-28;1642;1305;196665;166088;60.2;50.8
07;2021-07-29;2538;1273;199203;167361;60.9;51.2
07;2021-07-30;1352;1415;200555;168776;61.4;51.6
07;2021-07-31;1501;923;202056;169699;61.8;51.9
07;2021-08-01;73;26;202129;169725;61.8;51.9
07;2021-08-02;1492;1135;203621;170860;62.3;52.3
07;2021-08-03;2409;1910;206030;172770;63.0;52.9
07;2021-08-04;1940;1030;207970;173800;63.6;53.2
07;2021-08-05;1877;1290;209847;175090;64.2;53.6
07;2021-08-06;2017;1710;211864;176800;64.8;54.1
07;2021-08-07;991;553;212855;177353;65.1;54.3
07;2021-08-08;7;23;212862;177376;65.1;54.3
07;2021-08-09;1252;1378;214114;178754;65.5;54.7
07;2021-08-10;1590;2259;215704;181013;66.0;55.4
07;2021-08-11;1394;1606;217098;182619;66.4;55.9
07;2021-08-12;1094;1480;218192;184099;66.8;56.3
07;2021-08-13;1166;1785;219358;185884;67.1;56.9
07;2021-08-14;504;767;219862;186651;67.3;57.1
07;2021-08-15;9;28;219871;186679;67.3;57.1
07;2021-08-16;754;1325;220625;188004;67.5;57.5
07;2021-08-17;1319;2268;221944;190272;67.9;58.2
07;2021-08-18;867;1513;222811;191785;68.2;58.7
07;2021-08-19;1141;1693;223952;193478;68.5;59.2
07;2021-08-20;895;2086;224847;195564;68.8;59.8
07;2021-08-21;360;546;225207;196110;68.9;60.0
07;2021-08-22;7;23;225214;196133;68.9;60.0
07;2021-08-23;462;1306;225676;197439;69.0;60.4
07;2021-08-24;1121;2302;226797;199741;69.4;61.1
07;2021-08-25;682;1825;227479;201566;69.6;61.7
07;2021-08-26;671;2012;228150;203578;69.8;62.3
08;2020-12-27;1;0;1;0;0.0;0.0
08;2020-12-28;0;0;1;0;0.0;0.0
08;2020-12-29;0;0;1;0;0.0;0.0
08;2020-12-30;0;0;1;0;0.0;0.0
08;2020-12-31;0;0;1;0;0.0;0.0
08;2021-01-01;0;0;1;0;0.0;0.0
08;2021-01-02;0;0;1;0;0.0;0.0
08;2021-01-03;2;0;3;0;0.0;0.0
08;2021-01-04;24;0;27;0;0.0;0.0
08;2021-01-05;1;0;28;0;0.0;0.0
08;2021-01-06;0;0;28;0;0.0;0.0
08;2021-01-07;188;0;216;0;0.1;0.0
08;2021-01-08;314;0;530;0;0.2;0.0
08;2021-01-09;113;0;643;0;0.2;0.0
08;2021-01-10;1;0;644;0;0.2;0.0
08;2021-01-11;67;0;711;0;0.3;0.0
08;2021-01-12;157;0;868;0;0.3;0.0
08;2021-01-13;480;1;1348;1;0.5;0.0
08;2021-01-14;537;9;1885;10;0.7;0.0
08;2021-01-15;287;2;2172;12;0.8;0.0
08;2021-01-16;106;0;2278;12;0.9;0.0
08;2021-01-17;2;0;2280;12;0.9;0.0
08;2021-01-18;371;2;2651;14;1.0;0.0
08;2021-01-19;872;1;3523;15;1.3;0.0
08;2021-01-20;910;4;4433;19;1.7;0.0
08;2021-01-21;743;1;5176;20;1.9;0.0
08;2021-01-22;678;1;5854;21;2.2;0.0
08;2021-01-23;237;0;6091;21;2.3;0.0
08;2021-01-24;0;0;6091;21;2.3;0.0
08;2021-01-25;207;0;6298;21;2.4;0.0
08;2021-01-26;302;1;6600;22;2.5;0.0
08;2021-01-27;410;1;7010;23;2.6;0.0
08;2021-01-28;565;182;7575;205;2.9;0.1
08;2021-01-29;587;180;8162;385;3.1;0.1
08;2021-01-30;222;63;8384;448;3.2;0.2
08;2021-01-31;0;0;8384;448;3.2;0.2
08;2021-02-01;80;46;8464;494;3.2;0.2
08;2021-02-02;192;173;8656;667;3.3;0.3
08;2021-02-03;141;170;8797;837;3.3;0.3
08;2021-02-04;309;287;9106;1124;3.4;0.4
08;2021-02-05;499;359;9605;1483;3.6;0.6
08;2021-02-06;149;75;9754;1558;3.7;0.6
08;2021-02-07;8;0;9762;1558;3.7;0.6
08;2021-02-08;40;173;9802;1731;3.7;0.7
08;2021-02-09;220;645;10022;2376;3.8;0.9
08;2021-02-10;334;639;10356;3015;3.9;1.1
08;2021-02-11;464;364;10820;3379;4.1;1.3
08;2021-02-12;676;388;11496;3767;4.3;1.4
08;2021-02-13;140;115;11636;3882;4.4;1.5
08;2021-02-14;3;60;11639;3942;4.4;1.5
08;2021-02-15;227;209;11866;4151;4.5;1.6
08;2021-02-16;130;375;11996;4526;4.5;1.7
08;2021-02-17;112;416;12108;4942;4.6;1.9
08;2021-02-18;215;518;12323;5460;4.6;2.1
08;2021-02-19;305;425;12628;5885;4.8;2.2
08;2021-02-20;7;208;12635;6093;4.8;2.3
08;2021-02-21;0;0;12635;6093;4.8;2.3
08;2021-02-22;132;179;12767;6272;4.8;2.4
08;2021-02-23;150;319;12917;6591;4.9;2.5
08;2021-02-24;163;388;13080;6979;4.9;2.6
08;2021-02-25;500;527;13580;7506;5.1;2.8
08;2021-02-26;603;627;14183;8133;5.3;3.1
08;2021-02-27;318;192;14501;8325;5.5;3.1
08;2021-02-28;19;1;14520;8326;5.5;3.1
08;2021-03-01;200;105;14720;8431;5.5;3.2
08;2021-03-02;654;280;15374;8711;5.8;3.3
08;2021-03-03;897;200;16271;8911;6.1;3.4
08;2021-03-04;734;333;17005;9244;6.4;3.5
08;2021-03-05;1022;541;18027;9785;6.8;3.7
08;2021-03-06;694;139;18721;9924;7.1;3.7
08;2021-03-07;75;2;18796;9926;7.1;3.7
08;2021-03-08;217;123;19013;10049;7.2;3.8
08;2021-03-09;686;152;19699;10201;7.4;3.8
08;2021-03-10;1037;120;20736;10321;7.8;3.9
08;2021-03-11;981;251;21717;10572;8.2;4.0
08;2021-03-12;1631;517;23348;11089;8.8;4.2
08;2021-03-13;797;123;24145;11212;9.1;4.2
08;2021-03-14;22;0;24167;11212;9.1;4.2
08;2021-03-15;291;73;24458;11285;9.2;4.2
08;2021-03-16;563;40;25021;11325;9.4;4.3
08;2021-03-17;802;62;25823;11387;9.7;4.3
08;2021-03-18;816;156;26639;11543;10.0;4.3
08;2021-03-19;1135;286;27774;11829;10.5;4.5
08;2021-03-20;508;17;28282;11846;10.7;4.5
08;2021-03-21;13;1;28295;11847;10.7;4.5
08;2021-03-22;367;44;28662;11891;10.8;4.5
08;2021-03-23;733;63;29395;11954;11.1;4.5
08;2021-03-24;1327;70;30722;12024;11.6;4.5
08;2021-03-25;1904;94;32626;12118;12.3;4.6
08;2021-03-26;2570;172;35196;12290;13.3;4.6
08;2021-03-27;898;125;36094;12415;13.6;4.7
08;2021-03-28;228;6;36322;12421;13.7;4.7
08;2021-03-29;261;184;36583;12605;13.8;4.7
08;2021-03-30;832;486;37415;13091;14.1;4.9
08;2021-03-31;852;533;38267;13624;14.4;5.1
08;2021-04-01;1684;447;39951;14071;15.0;5.3
08;2021-04-02;1499;518;41450;14589;15.6;5.5
08;2021-04-03;1329;203;42779;14792;16.1;5.6
08;2021-04-04;134;4;42913;14796;16.2;5.6
08;2021-04-05;17;0;42930;14796;16.2;5.6
08;2021-04-06;702;483;43632;15279;16.4;5.8
08;2021-04-07;910;703;44542;15982;16.8;6.0
08;2021-04-08;1742;522;46284;16504;17.4;6.2
08;2021-04-09;2348;725;48632;17229;18.3;6.5
08;2021-04-10;1449;224;50081;17453;18.9;6.6
08;2021-04-11;10;6;50091;17459;18.9;6.6
08;2021-04-12;671;223;50762;17682;19.1;6.7
08;2021-04-13;1308;616;52070;18298;19.6;6.9
08;2021-04-14;1281;867;53351;19165;20.1;7.2
08;2021-04-15;1606;803;54957;19968;20.7;7.5
08;2021-04-16;1873;880;56830;20848;21.4;7.9
08;2021-04-17;1111;401;57941;21249;21.8;8.0
08;2021-04-18;23;14;57964;21263;21.8;8.0
08;2021-04-19;1150;298;59114;21561;22.3;8.1
08;2021-04-20;1120;542;60234;22103;22.7;8.3
08;2021-04-21;1139;743;61373;22846;23.1;8.6
08;2021-04-22;1327;879;62700;23725;23.6;8.9
08;2021-04-23;1675;1173;64375;24898;24.2;9.4
08;2021-04-24;1324;647;65699;25545;24.7;9.6
08;2021-04-25;26;198;65725;25743;24.8;9.7
08;2021-04-26;1040;154;66765;25897;25.1;9.8
08;2021-04-27;1338;603;68103;26500;25.6;10.0
08;2021-04-28;1453;681;69556;27181;26.2;10.2
08;2021-04-29;1173;1315;70729;28496;26.6;10.7
08;2021-04-30;1769;1615;72498;30111;27.3;11.3
08;2021-05-01;1049;495;73547;30606;27.7;11.5
08;2021-05-02;627;183;74174;30789;27.9;11.6
08;2021-05-03;1169;373;75343;31162;28.4;11.7
08;2021-05-04;1328;872;76671;32034;28.9;12.1
08;2021-05-05;1567;1332;78238;33366;29.5;12.6
08;2021-05-06;1971;1660;80209;35026;30.2;13.2
08;2021-05-07;1861;2100;82070;37126;30.9;14.0
08;2021-05-08;923;767;82993;37893;31.3;14.3
08;2021-05-09;443;71;83436;37964;31.4;14.3
08;2021-05-10;1191;666;84627;38630;31.9;14.5
08;2021-05-11;1909;944;86536;39574;32.6;14.9
08;2021-05-12;1810;1240;88346;40814;33.3;15.4
08;2021-05-13;1306;620;89652;41434;33.8;15.6
08;2021-05-14;2535;1036;92187;42470;34.7;16.0
08;2021-05-15;1821;714;94008;43184;35.4;16.3
08;2021-05-16;820;102;94828;43286;35.7;16.3
08;2021-05-17;700;905;95528;44191;36.0;16.6
08;2021-05-18;1251;841;96779;45032;36.4;17.0
08;2021-05-19;1610;959;98389;45991;37.1;17.3
08;2021-05-20;2147;964;100536;46955;37.9;17.7
08;2021-05-21;2338;1274;102874;48229;38.7;18.2
08;2021-05-22;1817;763;104691;48992;39.4;18.5
08;2021-05-23;864;90;105555;49082;39.8;18.5
08;2021-05-24;714;104;106269;49186;40.0;18.5
08;2021-05-25;1456;671;107725;49857;40.6;18.8
08;2021-05-26;1527;1011;109252;50868;41.1;19.2
08;2021-05-27;2006;1146;111258;52014;41.9;19.6
08;2021-05-28;1973;1822;113231;53836;42.6;20.3
08;2021-05-29;1769;968;115000;54804;43.3;20.6
08;2021-05-30;836;102;115836;54906;43.6;20.7
08;2021-05-31;755;570;116591;55476;43.9;20.9
08;2021-06-01;1351;880;117942;56356;44.4;21.2
08;2021-06-02;1295;1196;119237;57552;44.9;21.7
08;2021-06-03;1386;1524;120623;59076;45.4;22.2
08;2021-06-04;1777;2423;122400;61499;46.1;23.2
08;2021-06-05;1177;1379;123577;62878;46.5;23.7
08;2021-06-06;907;107;124484;62985;46.9;23.7
08;2021-06-07;661;1174;125145;64159;47.1;24.2
08;2021-06-08;931;1495;126076;65654;47.5;24.7
08;2021-06-09;841;1392;126917;67046;47.8;25.2
08;2021-06-10;1718;1557;128635;68603;48.4;25.8
08;2021-06-11;1721;2211;130356;70814;49.1;26.7
08;2021-06-12;1418;1528;131774;72342;49.6;27.2
08;2021-06-13;386;598;132160;72940;49.8;27.5
08;2021-06-14;380;1304;132540;74244;49.9;28.0
08;2021-06-15;740;1550;133280;75794;50.2;28.5
08;2021-06-16;807;2056;134087;77850;50.5;29.3
08;2021-06-17;1285;1854;135372;79704;51.0;30.0
08;2021-06-18;1609;2595;136981;82299;51.6;31.0
08;2021-06-19;1324;1407;138305;83706;52.1;31.5
08;2021-06-20;117;423;138422;84129;52.1;31.7
08;2021-06-21;494;1397;138916;85526;52.3;32.2
08;2021-06-22;809;2023;139725;87549;52.6;33.0
08;2021-06-23;859;1673;140584;89222;52.9;33.6
08;2021-06-24;1037;1924;141621;91146;53.3;34.3
08;2021-06-25;1084;2734;142705;93880;53.7;35.4
08;2021-06-26;1011;1782;143716;95662;54.1;36.0
08;2021-06-27;351;643;144067;96305;54.3;36.3
08;2021-06-28;397;1322;144464;97627;54.4;36.8
08;2021-06-29;628;1472;145092;99099;54.6;37.3
08;2021-06-30;856;1690;145948;100789;55.0;38.0
08;2021-07-01;885;2193;146833;102982;55.3;38.8
08;2021-07-02;939;2642;147772;105624;55.7;39.8
08;2021-07-03;784;2142;148556;107766;55.9;40.6
08;2021-07-04;128;861;148684;108627;56.0;40.9
08;2021-07-05;104;1195;148788;109822;56.0;41.4
08;2021-07-06;425;1834;149213;111656;56.2;42.1
08;2021-07-07;365;1781;149578;113437;56.3;42.7
08;2021-07-08;717;2016;150295;115453;56.6;43.5
08;2021-07-09;733;2436;151028;117889;56.9;44.4
08;2021-07-10;652;1998;151680;119887;57.1;45.1
08;2021-07-11;238;725;151918;120612;57.2;45.4
08;2021-07-12;311;1193;152229;121805;57.3;45.9
08;2021-07-13;946;1788;153175;123593;57.7;46.5
08;2021-07-14;178;329;153353;123922;57.8;46.7
08;2021-07-15;760;2450;154113;126372;58.0;47.6
08;2021-07-16;1083;2406;155196;128778;58.4;48.5
08;2021-07-17;992;2107;156188;130885;58.8;49.3
08;2021-07-18;346;740;156534;131625;59.0;49.6
08;2021-07-19;457;920;156991;132545;59.1;49.9
08;2021-07-20;878;1435;157869;133980;59.5;50.5
08;2021-07-21;1234;1719;159103;135699;59.9;51.1
08;2021-07-22;1148;2168;160251;137867;60.4;51.9
08;2021-07-23;1584;2446;161835;140313;60.9;52.8
08;2021-07-24;1309;1924;163144;142237;61.4;53.6
08;2021-07-25;774;444;163918;142681;61.7;53.7
08;2021-07-26;1322;847;165240;143528;62.2;54.1
08;2021-07-27;2186;1409;167426;144937;63.1;54.6
08;2021-07-28;2414;1452;169840;146389;64.0;55.1
08;2021-07-29;2603;1347;172443;147736;64.9;55.6
08;2021-07-30;2599;1587;175042;149323;65.9;56.2
08;2021-07-31;1970;1074;177012;150397;66.7;56.6
08;2021-08-01;934;300;177946;150697;67.0;56.8
08;2021-08-02;1252;683;179198;151380;67.5;57.0
08;2021-08-03;1630;821;180828;152201;68.1;57.3
08;2021-08-04;1489;664;182317;152865;68.7;57.6
08;2021-08-05;1901;971;184218;153836;69.4;57.9
08;2021-08-06;2576;1095;186794;154931;70.3;58.3
08;2021-08-07;1669;1160;188463;156091;71.0;58.8
08;2021-08-08;582;375;189045;156466;71.2;58.9
08;2021-08-09;672;534;189717;157000;71.4;59.1
08;2021-08-10;875;751;190592;157751;71.8;59.4
08;2021-08-11;522;791;191114;158542;72.0;59.7
08;2021-08-12;1147;1076;192261;159618;72.4;60.1
08;2021-08-13;1142;1016;193403;160634;72.8;60.5
08;2021-08-14;587;913;193990;161547;73.1;60.8
08;2021-08-15;137;274;194127;161821;73.1;60.9
08;2021-08-16;219;1178;194346;162999;73.2;61.4
08;2021-08-17;513;1209;194859;164208;73.4;61.8
08;2021-08-18;278;1264;195137;165472;73.5;62.3
08;2021-08-19;604;1889;195741;167361;73.7;63.0
08;2021-08-20;680;2170;196421;169531;74.0;63.8
08;2021-08-21;273;1340;196694;170871;74.1;64.4
08;2021-08-22;105;898;196799;171769;74.1;64.7
08;2021-08-23;160;1448;196959;173217;74.2;65.2
08;2021-08-24;360;1739;197319;174956;74.3;65.9
08;2021-08-25;317;1244;197636;176200;74.4;66.4
08;2021-08-26;499;2057;198135;178257;74.6;67.1
09;2020-12-27;0;0;0;0;0.0;0.0
09;2020-12-28;1;0;1;0;0.0;0.0
09;2020-12-29;0;0;1;0;0.0;0.0
09;2020-12-30;0;0;1;0;0.0;0.0
09;2020-12-31;0;0;1;0;0.0;0.0
09;2021-01-01;0;0;1;0;0.0;0.0
09;2021-01-02;0;0;1;0;0.0;0.0
09;2021-01-03;0;0;1;0;0.0;0.0
09;2021-01-04;2;1;3;1;0.0;0.0
09;2021-01-05;0;0;3;1;0.0;0.0
09;2021-01-06;3;0;6;1;0.0;0.0
09;2021-01-07;257;2;263;3;0.2;0.0
09;2021-01-08;228;0;491;3;0.3;0.0
09;2021-01-09;103;0;594;3;0.4;0.0
09;2021-01-10;59;0;653;3;0.4;0.0
09;2021-01-11;175;0;828;3;0.5;0.0
09;2021-01-12;304;0;1132;3;0.7;0.0
09;2021-01-13;196;0;1328;3;0.9;0.0
09;2021-01-14;432;8;1760;11;1.2;0.0
09;2021-01-15;223;1;1983;12;1.3;0.0
09;2021-01-16;194;2;2177;14;1.4;0.0
09;2021-01-17;123;0;2300;14;1.5;0.0
09;2021-01-18;267;1;2567;15;1.7;0.0
09;2021-01-19;258;1;2825;16;1.9;0.0
09;2021-01-20;346;1;3171;17;2.1;0.0
09;2021-01-21;333;1;3504;18;2.3;0.0
09;2021-01-22;331;1;3835;19;2.5;0.0
09;2021-01-23;237;0;4072;19;2.7;0.0
09;2021-01-24;85;1;4157;20;2.7;0.0
09;2021-01-25;204;12;4361;32;2.9;0.0
09;2021-01-26;634;25;4995;57;3.3;0.0
09;2021-01-27;472;49;5467;106;3.6;0.1
09;2021-01-28;285;205;5752;311;3.8;0.2
09;2021-01-29;250;129;6002;440;3.9;0.3
09;2021-01-30;143;55;6145;495;4.0;0.3
09;2021-01-31;56;10;6201;505;4.1;0.3
09;2021-02-01;82;142;6283;647;4.1;0.4
09;2021-02-02;57;295;6340;942;4.2;0.6
09;2021-02-03;87;206;6427;1148;4.2;0.8
09;2021-02-04;49;299;6476;1447;4.2;0.9
09;2021-02-05;89;156;6565;1603;4.3;1.1
09;2021-02-06;68;49;6633;1652;4.4;1.1
09;2021-02-07;6;71;6639;1723;4.4;1.1
09;2021-02-08;22;177;6661;1900;4.4;1.2
09;2021-02-09;54;289;6715;2189;4.4;1.4
09;2021-02-10;15;195;6730;2384;4.4;1.6
09;2021-02-11;6;220;6736;2604;4.4;1.7
09;2021-02-12;149;176;6885;2780;4.5;1.8
09;2021-02-13;7;144;6892;2924;4.5;1.9
09;2021-02-14;0;52;6892;2976;4.5;2.0
09;2021-02-15;75;133;6967;3109;4.6;2.0
09;2021-02-16;227;509;7194;3618;4.7;2.4
09;2021-02-17;83;388;7277;4006;4.8;2.6
09;2021-02-18;87;450;7364;4456;4.8;2.9
09;2021-02-19;65;284;7429;4740;4.9;3.1
09;2021-02-20;59;200;7488;4940;4.9;3.2
09;2021-02-21;0;51;7488;4991;4.9;3.3
09;2021-02-22;127;217;7615;5208;5.0;3.4
09;2021-02-23;161;145;7776;5353;5.1;3.5
09;2021-02-24;74;178;7850;5531;5.2;3.6
09;2021-02-25;211;169;8061;5700;5.3;3.7
09;2021-02-26;162;177;8223;5877;5.4;3.9
09;2021-02-27;65;71;8288;5948;5.4;3.9
09;2021-02-28;44;17;8332;5965;5.5;3.9
09;2021-03-01;247;97;8579;6062;5.6;4.0
09;2021-03-02;284;77;8863;6139;5.8;4.0
09;2021-03-03;252;131;9115;6270;6.0;4.1
09;2021-03-04;413;32;9528;6302;6.3;4.1
09;2021-03-05;331;64;9859;6366;6.5;4.2
09;2021-03-06;397;46;10256;6412;6.7;4.2
09;2021-03-07;124;4;10380;6416;6.8;4.2
09;2021-03-08;380;64;10760;6480;7.1;4.3
09;2021-03-09;437;140;11197;6620;7.3;4.3
09;2021-03-10;560;71;11757;6691;7.7;4.4
09;2021-03-11;695;79;12452;6770;8.2;4.4
09;2021-03-12;659;32;13111;6802;8.6;4.5
09;2021-03-13;385;3;13496;6805;8.9;4.5
09;2021-03-14;120;3;13616;6808;8.9;4.5
09;2021-03-15;467;49;14083;6857;9.2;4.5
09;2021-03-16;370;80;14453;6937;9.5;4.6
09;2021-03-17;399;72;14852;7009;9.7;4.6
09;2021-03-18;454;43;15306;7052;10.0;4.6
09;2021-03-19;525;56;15831;7108;10.4;4.7
09;2021-03-20;313;39;16144;7147;10.6;4.7
09;2021-03-21;105;0;16249;7147;10.7;4.7
09;2021-03-22;424;119;16673;7266;10.9;4.8
09;2021-03-23;566;173;17239;7439;11.3;4.9
09;2021-03-24;711;42;17950;7481;11.8;4.9
09;2021-03-25;869;138;18819;7619;12.3;5.0
09;2021-03-26;751;46;19570;7665;12.8;5.0
09;2021-03-27;622;70;20192;7735;13.2;5.1
09;2021-03-28;132;24;20324;7759;13.3;5.1
09;2021-03-29;498;279;20822;8038;13.7;5.3
09;2021-03-30;729;156;21551;8194;14.1;5.4
09;2021-03-31;802;181;22353;8375;14.7;5.5
09;2021-04-01;734;255;23087;8630;15.1;5.7
09;2021-04-02;693;266;23780;8896;15.6;5.8
09;2021-04-03;771;117;24551;9013;16.1;5.9
09;2021-04-04;122;57;24673;9070;16.2;6.0
09;2021-04-05;237;61;24910;9131;16.3;6.0
09;2021-04-06;1057;394;25967;9525;17.0;6.3
09;2021-04-07;1209;358;27176;9883;17.8;6.5
09;2021-04-08;1470;406;28646;10289;18.8;6.8
09;2021-04-09;1138;414;29784;10703;19.5;7.0
09;2021-04-10;1349;195;31133;10898;20.4;7.2
09;2021-04-11;173;102;31306;11000;20.5;7.2
09;2021-04-12;737;346;32043;11346;21.0;7.4
09;2021-04-13;1047;412;33090;11758;21.7;7.7
09;2021-04-14;1332;511;34422;12269;22.6;8.1
09;2021-04-15;1148;505;35570;12774;23.3;8.4
09;2021-04-16;1032;415;36602;13189;24.0;8.7
09;2021-04-17;1194;356;37796;13545;24.8;8.9
09;2021-04-18;102;96;37898;13641;24.9;9.0
09;2021-04-19;697;407;38595;14048;25.3;9.2
09;2021-04-20;766;532;39361;14580;25.8;9.6
09;2021-04-21;940;590;40301;15170;26.4;10.0
09;2021-04-22;666;608;40967;15778;26.9;10.4
09;2021-04-23;773;430;41740;16208;27.4;10.6
09;2021-04-24;741;670;42481;16878;27.9;11.1
09;2021-04-25;75;113;42556;16991;27.9;11.1
09;2021-04-26;382;533;42938;17524;28.2;11.5
09;2021-04-27;443;721;43381;18245;28.5;12.0
09;2021-04-28;806;795;44187;19040;29.0;12.5
09;2021-04-29;550;776;44737;19816;29.4;13.0
09;2021-04-30;621;724;45358;20540;29.8;13.5
09;2021-05-01;478;455;45836;20995;30.1;13.8
09;2021-05-02;51;100;45887;21095;30.1;13.8
09;2021-05-03;521;663;46408;21758;30.5;14.3
09;2021-05-04;555;1348;46963;23106;30.8;15.2
09;2021-05-05;822;1348;47785;24454;31.4;16.0
09;2021-05-06;849;1033;48634;25487;31.9;16.7
09;2021-05-07;977;823;49611;26310;32.6;17.3
09;2021-05-08;395;461;50006;26771;32.8;17.6
09;2021-05-09;264;84;50270;26855;33.0;17.6
09;2021-05-10;504;966;50774;27821;33.3;18.3
09;2021-05-11;742;1052;51516;28873;33.8;18.9
09;2021-05-12;1535;1405;53051;30278;34.8;19.9
09;2021-05-13;1383;425;54434;30703;35.7;20.1
09;2021-05-14;986;654;55420;31357;36.4;20.6
09;2021-05-15;1236;790;56656;32147;37.2;21.1
09;2021-05-16;296;48;56952;32195;37.4;21.1
09;2021-05-17;873;413;57825;32608;37.9;21.4
09;2021-05-18;1291;396;59116;33004;38.8;21.7
09;2021-05-19;1495;370;60611;33374;39.8;21.9
09;2021-05-20;1380;404;61991;33778;40.7;22.2
09;2021-05-21;1164;496;63155;34274;41.4;22.5
09;2021-05-22;1546;364;64701;34638;42.5;22.7
09;2021-05-23;273;25;64974;34663;42.6;22.7
09;2021-05-24;177;100;65151;34763;42.8;22.8
09;2021-05-25;998;500;66149;35263;43.4;23.1
09;2021-05-26;1285;446;67434;35709;44.2;23.4
09;2021-05-27;966;403;68400;36112;44.9;23.7
09;2021-05-28;958;513;69358;36625;45.5;24.0
09;2021-05-29;1797;601;71155;37226;46.7;24.4
09;2021-05-30;541;197;71696;37423;47.0;24.6
09;2021-05-31;717;593;72413;38016;47.5;24.9
09;2021-06-01;969;642;73382;38658;48.2;25.4
09;2021-06-02;1009;896;74391;39554;48.8;26.0
09;2021-06-03;810;682;75201;40236;49.3;26.4
09;2021-06-04;877;799;76078;41035;49.9;26.9
09;2021-06-05;1320;874;77398;41909;50.8;27.5
09;2021-06-06;304;108;77702;42017;51.0;27.6
09;2021-06-07;623;517;78325;42534;51.4;27.9
09;2021-06-08;823;489;79148;43023;51.9;28.2
09;2021-06-09;806;834;79954;43857;52.5;28.8
09;2021-06-10;641;534;80595;44391;52.9;29.1
09;2021-06-11;831;762;81426;45153;53.4;29.6
09;2021-06-12;636;808;82062;45961;53.8;30.2
09;2021-06-13;94;130;82156;46091;53.9;30.2
09;2021-06-14;629;708;82785;46799;54.3;30.7
09;2021-06-15;824;890;83609;47689;54.9;31.3
09;2021-06-16;627;1078;84236;48767;55.3;32.0
09;2021-06-17;780;854;85016;49621;55.8;32.6
09;2021-06-18;635;1151;85651;50772;56.2;33.3
09;2021-06-19;517;1579;86168;52351;56.5;34.4
09;2021-06-20;8;279;86176;52630;56.5;34.5
09;2021-06-21;474;699;86650;53329;56.9;35.0
09;2021-06-22;463;1066;87113;54395;57.2;35.7
09;2021-06-23;435;1224;87548;55619;57.4;36.5
09;2021-06-24;581;772;88129;56391;57.8;37.0
09;2021-06-25;411;1062;88540;57453;58.1;37.7
09;2021-06-26;443;1087;88983;58540;58.4;38.4
09;2021-06-27;2;275;88985;58815;58.4;38.6
09;2021-06-28;239;1047;89224;59862;58.5;39.3
09;2021-06-29;314;1229;89538;61091;58.8;40.1
09;2021-06-30;457;1491;89995;62582;59.1;41.1
09;2021-07-01;384;1430;90379;64012;59.3;42.0
09;2021-07-02;308;1162;90687;65174;59.5;42.8
09;2021-07-03;210;1619;90897;66793;59.6;43.8
09;2021-07-04;4;254;90901;67047;59.6;44.0
09;2021-07-05;189;714;91090;67761;59.8;44.5
09;2021-07-06;293;1223;91383;68984;60.0;45.3
09;2021-07-07;419;1398;91802;70382;60.2;46.2
09;2021-07-08;325;1059;92127;71441;60.5;46.9
09;2021-07-09;293;1154;92420;72595;60.6;47.6
09;2021-07-10;345;1727;92765;74322;60.9;48.8
09;2021-07-11;147;392;92912;74714;61.0;49.0
09;2021-07-12;187;1074;93099;75788;61.1;49.7
09;2021-07-13;642;1306;93741;77094;61.5;50.6
09;2021-07-14;490;219;94231;77313;61.8;50.7
09;2021-07-15;819;1166;95050;78479;62.4;51.5
09;2021-07-16;610;1191;95660;79670;62.8;52.3
09;2021-07-17;1016;1444;96676;81114;63.4;53.2
09;2021-07-18;301;221;96977;81335;63.6;53.4
09;2021-07-19;483;970;97460;82305;64.0;54.0
09;2021-07-20;830;1259;98290;83564;64.5;54.8
09;2021-07-21;1017;1168;99307;84732;65.2;55.6
09;2021-07-22;847;906;100154;85638;65.7;56.2
09;2021-07-23;724;910;100878;86548;66.2;56.8
09;2021-07-24;928;463;101806;87011;66.8;57.1
09;2021-07-25;559;134;102365;87145;67.2;57.2
09;2021-07-26;647;766;103012;87911;67.6;57.7
09;2021-07-27;1179;944;104191;88855;68.4;58.3
09;2021-07-28;1194;983;105385;89838;69.2;58.9
09;2021-07-29;1039;734;106424;90572;69.8;59.4
09;2021-07-30;779;621;107203;91193;70.3;59.8
09;2021-07-31;1376;416;108579;91609;71.2;60.1
09;2021-08-01;141;125;108720;91734;71.3;60.2
09;2021-08-02;614;479;109334;92213;71.7;60.5
09;2021-08-03;1252;767;110586;92980;72.6;61.0
09;2021-08-04;1397;654;111983;93634;73.5;61.4
09;2021-08-05;997;675;112980;94309;74.1;61.9
09;2021-08-06;1014;639;113994;94948;74.8;62.3
09;2021-08-07;821;428;114815;95376;75.3;62.6
09;2021-08-08;128;130;114943;95506;75.4;62.7
09;2021-08-09;690;649;115633;96155;75.9;63.1
09;2021-08-10;931;693;116564;96848;76.5;63.5
09;2021-08-11;894;870;117458;97718;77.1;64.1
09;2021-08-12;631;730;118089;98448;77.5;64.6
09;2021-08-13;460;645;118549;99093;77.8;65.0
09;2021-08-14;312;828;118861;99921;78.0;65.6
09;2021-08-15;67;138;118928;100059;78.0;65.7
09;2021-08-16;545;619;119473;100678;78.4;66.1
09;2021-08-17;673;776;120146;101454;78.8;66.6
09;2021-08-18;619;930;120765;102384;79.2;67.2
09;2021-08-19;432;721;121197;103105;79.5;67.7
09;2021-08-20;363;749;121560;103854;79.8;68.1
09;2021-08-21;344;1377;121904;105231;80.0;69.1
09;2021-08-22;67;168;121971;105399;80.0;69.2
09;2021-08-23;336;758;122307;106157;80.3;69.7
09;2021-08-24;402;955;122709;107112;80.5;70.3
09;2021-08-25;282;1004;122991;108116;80.7;70.9
09;2021-08-26;315;926;123306;109042;80.9;71.6
10;2020-12-27;0;0;0;0;0.0;0.0
10;2020-12-28;0;0;0;0;0.0;0.0
10;2020-12-29;0;0;0;0;0.0;0.0
10;2020-12-30;0;0;0;0;0.0;0.0
10;2020-12-31;0;0;0;0;0.0;0.0
10;2021-01-01;0;0;0;0;0.0;0.0
10;2021-01-02;1;0;1;0;0.0;0.0
10;2021-01-03;0;0;1;0;0.0;0.0
10;2021-01-04;0;0;1;0;0.0;0.0
10;2021-01-05;1;0;2;0;0.0;0.0
10;2021-01-06;0;0;2;0;0.0;0.0
10;2021-01-07;84;0;86;0;0.0;0.0
10;2021-01-08;255;0;341;0;0.1;0.0
10;2021-01-09;0;0;341;0;0.1;0.0
10;2021-01-10;0;0;341;0;0.1;0.0
10;2021-01-11;117;0;458;0;0.1;0.0
10;2021-01-12;191;0;649;0;0.2;0.0
10;2021-01-13;313;0;962;0;0.3;0.0
10;2021-01-14;391;7;1353;7;0.4;0.0
10;2021-01-15;359;3;1712;10;0.6;0.0
10;2021-01-16;56;0;1768;10;0.6;0.0
10;2021-01-17;0;0;1768;10;0.6;0.0
10;2021-01-18;701;2;2469;12;0.8;0.0
10;2021-01-19;1386;3;3855;15;1.2;0.0
10;2021-01-20;1079;9;4934;24;1.6;0.0
10;2021-01-21;1152;2;6086;26;2.0;0.0
10;2021-01-22;819;2;6905;28;2.2;0.0
10;2021-01-23;309;0;7214;28;2.3;0.0
10;2021-01-24;0;0;7214;28;2.3;0.0
10;2021-01-25;445;8;7659;36;2.5;0.0
10;2021-01-26;487;17;8146;53;2.6;0.0
10;2021-01-27;459;15;8605;68;2.8;0.0
10;2021-01-28;358;48;8963;116;2.9;0.0
10;2021-01-29;430;191;9393;307;3.0;0.1
10;2021-01-30;30;0;9423;307;3.0;0.1
10;2021-01-31;0;0;9423;307;3.0;0.1
10;2021-02-01;405;140;9828;447;3.2;0.1
10;2021-02-02;182;151;10010;598;3.2;0.2
10;2021-02-03;361;215;10371;813;3.3;0.3
10;2021-02-04;342;269;10713;1082;3.5;0.3
10;2021-02-05;327;320;11040;1402;3.6;0.5
10;2021-02-06;3;35;11043;1437;3.6;0.5
10;2021-02-07;0;0;11043;1437;3.6;0.5
10;2021-02-08;190;411;11233;1848;3.6;0.6
10;2021-02-09;485;585;11718;2433;3.8;0.8
10;2021-02-10;666;479;12384;2912;4.0;0.9
10;2021-02-11;781;596;13165;3508;4.2;1.1
10;2021-02-12;580;550;13745;4058;4.4;1.3
10;2021-02-13;36;120;13781;4178;4.4;1.3
10;2021-02-14;0;0;13781;4178;4.4;1.3
10;2021-02-15;142;443;13923;4621;4.5;1.5
10;2021-02-16;116;543;14039;5164;4.5;1.7
10;2021-02-17;129;604;14168;5768;4.6;1.9
10;2021-02-18;216;555;14384;6323;4.6;2.0
10;2021-02-19;187;472;14571;6795;4.7;2.2
10;2021-02-20;24;183;14595;6978;4.7;2.3
10;2021-02-21;0;0;14595;6978;4.7;2.3
10;2021-02-22;77;447;14672;7425;4.7;2.4
10;2021-02-23;76;559;14748;7984;4.8;2.6
10;2021-02-24;113;374;14861;8358;4.8;2.7
10;2021-02-25;324;374;15185;8732;4.9;2.8
10;2021-02-26;351;283;15536;9015;5.0;2.9
10;2021-02-27;275;129;15811;9144;5.1;3.0
10;2021-02-28;0;0;15811;9144;5.1;3.0
10;2021-03-01;257;333;16068;9477;5.2;3.1
10;2021-03-02;434;370;16502;9847;5.3;3.2
10;2021-03-03;453;580;16955;10427;5.5;3.4
10;2021-03-04;636;500;17591;10927;5.7;3.5
10;2021-03-05;677;254;18268;11181;5.9;3.6
10;2021-03-06;950;43;19218;11224;6.2;3.6
10;2021-03-07;769;6;19987;11230;6.4;3.6
10;2021-03-08;502;443;20489;11673;6.6;3.8
10;2021-03-09;673;435;21162;12108;6.8;3.9
10;2021-03-10;660;363;21822;12471;7.0;4.0
10;2021-03-11;1174;234;22996;12705;7.4;4.1
10;2021-03-12;1338;246;24334;12951;7.9;4.2
10;2021-03-13;891;38;25225;12989;8.1;4.2
10;2021-03-14;1381;16;26606;13005;8.6;4.2
10;2021-03-15;821;80;27427;13085;8.9;4.2
10;2021-03-16;688;64;28115;13149;9.1;4.2
10;2021-03-17;831;67;28946;13216;9.3;4.3
10;2021-03-18;885;81;29831;13297;9.6;4.3
10;2021-03-19;950;69;30781;13366;9.9;4.3
10;2021-03-20;552;18;31333;13384;10.1;4.3
10;2021-03-21;1849;41;33182;13425;10.7;4.3
10;2021-03-22;879;73;34061;13498;11.0;4.4
10;2021-03-23;1245;91;35306;13589;11.4;4.4
10;2021-03-24;1311;59;36617;13648;11.8;4.4
10;2021-03-25;1676;229;38293;13877;12.4;4.5
10;2021-03-26;1431;116;39724;13993;12.8;4.5
10;2021-03-27;762;79;40486;14072;13.1;4.5
10;2021-03-28;1221;29;41707;14101;13.5;4.6
10;2021-03-29;648;305;42355;14406;13.7;4.6
10;2021-03-30;927;376;43282;14782;14.0;4.8
10;2021-03-31;617;360;43899;15142;14.2;4.9
10;2021-04-01;884;684;44783;15826;14.5;5.1
10;2021-04-02;1069;588;45852;16414;14.8;5.3
10;2021-04-03;540;605;46392;17019;15.0;5.5
10;2021-04-04;1826;259;48218;17278;15.6;5.6
10;2021-04-05;1843;43;50061;17321;16.2;5.6
10;2021-04-06;514;651;50575;17972;16.3;5.8
10;2021-04-07;589;540;51164;18512;16.5;6.0
10;2021-04-08;1057;608;52221;19120;16.9;6.2
10;2021-04-09;1130;611;53351;19731;17.2;6.4
10;2021-04-10;1770;350;55121;20081;17.8;6.5
10;2021-04-11;55;1221;55176;21302;17.8;6.9
10;2021-04-12;1003;807;56179;22109;18.1;7.1
10;2021-04-13;1506;894;57685;23003;18.6;7.4
10;2021-04-14;820;600;58505;23603;18.9;7.6
10;2021-04-15;1454;893;59959;24496;19.3;7.9
10;2021-04-16;1109;697;61068;25193;19.7;8.1
10;2021-04-17;2391;360;63459;25553;20.5;8.2
10;2021-04-18;1421;1786;64880;27339;20.9;8.8
10;2021-04-19;838;833;65718;28172;21.2;9.1
10;2021-04-20;545;1034;66263;29206;21.4;9.4
10;2021-04-21;636;975;66899;30181;21.6;9.7
10;2021-04-22;932;963;67831;31144;21.9;10.0
10;2021-04-23;2173;777;70004;31921;22.6;10.3
10;2021-04-24;2296;376;72300;32297;23.3;10.4
10;2021-04-25;1989;1215;74289;33512;24.0;10.8
10;2021-04-26;773;621;75062;34133;24.2;11.0
10;2021-04-27;895;536;75957;34669;24.5;11.2
10;2021-04-28;873;404;76830;35073;24.8;11.3
10;2021-04-29;1433;673;78263;35746;25.3;11.5
10;2021-04-30;2173;768;80436;36514;26.0;11.8
10;2021-05-01;1988;2168;82424;38682;26.6;12.5
10;2021-05-02;1948;1895;84372;40577;27.2;13.1
10;2021-05-03;622;447;84994;41024;27.4;13.2
10;2021-05-04;1145;1247;86139;42271;27.8;13.6
10;2021-05-05;1755;1022;87894;43293;28.4;14.0
10;2021-05-06;2257;947;90151;44240;29.1;14.3
10;2021-05-07;2218;1140;92369;45380;29.8;14.6
10;2021-05-08;2272;859;94641;46239;30.5;14.9
10;2021-05-09;2005;100;96646;46339;31.2;15.0
10;2021-05-10;530;1093;97176;47432;31.4;15.3
10;2021-05-11;1051;1029;98227;48461;31.7;15.6
10;2021-05-12;2061;882;100288;49343;32.4;15.9
10;2021-05-13;2180;434;102468;49777;33.1;16.1
10;2021-05-14;2729;673;105197;50450;33.9;16.3
10;2021-05-15;2426;2047;107623;52497;34.7;16.9
10;2021-05-16;2081;1449;109704;53946;35.4;17.4
10;2021-05-17;1451;444;111155;54390;35.9;17.6
10;2021-05-18;2511;640;113666;55030;36.7;17.8
10;2021-05-19;1553;641;115219;55671;37.2;18.0
10;2021-05-20;1891;847;117110;56518;37.8;18.2
10;2021-05-21;2318;618;119428;57136;38.5;18.4
10;2021-05-22;2180;422;121608;57558;39.2;18.6
10;2021-05-23;1817;140;123425;57698;39.8;18.6
10;2021-05-24;1968;179;125393;57877;40.5;18.7
10;2021-05-25;2195;492;127588;58369;41.2;18.8
10;2021-05-26;1677;421;129265;58790;41.7;19.0
10;2021-05-27;1660;755;130925;59545;42.2;19.2
10;2021-05-28;1719;1185;132644;60730;42.8;19.6
10;2021-05-29;2170;642;134814;61372;43.5;19.8
10;2021-05-30;1029;135;135843;61507;43.8;19.8
10;2021-05-31;1040;750;136883;62257;44.2;20.1
10;2021-06-01;1134;886;138017;63143;44.5;20.4
10;2021-06-02;1032;719;139049;63862;44.9;20.6
10;2021-06-03;1473;1071;140522;64933;45.3;21.0
10;2021-06-04;1768;2601;142290;67534;45.9;21.8
10;2021-06-05;1519;2456;143809;69990;46.4;22.6
10;2021-06-06;1005;1876;144814;71866;46.7;23.2
10;2021-06-07;698;1112;145512;72978;47.0;23.5
10;2021-06-08;896;1171;146408;74149;47.2;23.9
10;2021-06-09;877;913;147285;75062;47.5;24.2
10;2021-06-10;678;1072;147963;76134;47.7;24.6
10;2021-06-11;1199;2209;149162;78343;48.1;25.3
10;2021-06-12;855;2387;150017;80730;48.4;26.0
10;2021-06-13;401;1835;150418;82565;48.5;26.6
10;2021-06-14;534;742;150952;83307;48.7;26.9
10;2021-06-15;740;2132;151692;85439;48.9;27.6
10;2021-06-16;740;1860;152432;87299;49.2;28.2
10;2021-06-17;849;2458;153281;89757;49.5;29.0
10;2021-06-18;1031;2473;154312;92230;49.8;29.8
10;2021-06-19;981;2595;155293;94825;50.1;30.6
10;2021-06-20;549;1599;155842;96424;50.3;31.1
10;2021-06-21;682;1045;156524;97469;50.5;31.5
10;2021-06-22;744;1525;157268;98994;50.7;31.9
10;2021-06-23;651;2408;157919;101402;51.0;32.7
10;2021-06-24;784;2618;158703;104020;51.2;33.6
10;2021-06-25;731;3044;159434;107064;51.4;34.5
10;2021-06-26;513;2746;159947;109810;51.6;35.4
10;2021-06-27;403;1939;160350;111749;51.7;36.1
10;2021-06-28;685;1787;161035;113536;52.0;36.6
10;2021-06-29;617;2693;161652;116229;52.2;37.5
10;2021-06-30;534;1524;162186;117753;52.3;38.0
10;2021-07-01;553;2171;162739;119924;52.5;38.7
10;2021-07-02;668;2727;163407;122651;52.7;39.6
10;2021-07-03;529;2600;163936;125251;52.9;40.4
10;2021-07-04;411;1726;164347;126977;53.0;41.0
10;2021-07-05;666;2222;165013;129199;53.2;41.7
10;2021-07-06;652;2190;165665;131389;53.5;42.4
10;2021-07-07;636;1703;166301;133092;53.7;42.9
10;2021-07-08;749;1457;167050;134549;53.9;43.4
10;2021-07-09;815;1947;167865;136496;54.2;44.0
10;2021-07-10;633;2096;168498;138592;54.4;44.7
10;2021-07-11;500;1382;168998;139974;54.5;45.2
10;2021-07-12;780;1623;169778;141597;54.8;45.7
10;2021-07-13;1125;1873;170903;143470;55.1;46.3
10;2021-07-14;1170;1056;172073;144526;55.5;46.6
10;2021-07-15;1474;1979;173547;146505;56.0;47.3
10;2021-07-16;1240;2272;174787;148777;56.4;48.0
10;2021-07-17;1287;1739;176074;150516;56.8;48.6
10;2021-07-18;942;1225;177016;151741;57.1;49.0
10;2021-07-19;1360;1620;178376;153361;57.6;49.5
10;2021-07-20;1686;1432;180062;154793;58.1;49.9
10;2021-07-21;1395;1487;181457;156280;58.6;50.4
10;2021-07-22;1935;1599;183392;157879;59.2;50.9
10;2021-07-23;1595;1544;184987;159423;59.7;51.4
10;2021-07-24;1391;1227;186378;160650;60.1;51.8
10;2021-07-25;1251;789;187629;161439;60.5;52.1
10;2021-07-26;1913;1318;189542;162757;61.2;52.5
10;2021-07-27;2120;1088;191662;163845;61.8;52.9
10;2021-07-28;2096;1018;193758;164863;62.5;53.2
10;2021-07-29;2436;1201;196194;166064;63.3;53.6
10;2021-07-30;2160;1310;198354;167374;64.0;54.0
10;2021-07-31;1676;935;200030;168309;64.5;54.3
10;2021-08-01;1235;573;201265;168882;64.9;54.5
10;2021-08-02;1335;1337;202600;170219;65.4;54.9
10;2021-08-03;1560;897;204160;171116;65.9;55.2
10;2021-08-04;1316;1067;205476;172183;66.3;55.6
10;2021-08-05;1627;1345;207103;173528;66.8;56.0
10;2021-08-06;1798;1330;208901;174858;67.4;56.4
10;2021-08-07;1150;1131;210051;175989;67.8;56.8
10;2021-08-08;658;752;210709;176741;68.0;57.0
10;2021-08-09;1302;1543;212011;178284;68.4;57.5
10;2021-08-10;1620;1347;213631;179631;68.9;58.0
10;2021-08-11;822;1106;214453;180737;69.2;58.3
10;2021-08-12;1021;1224;215474;181961;69.5;58.7
10;2021-08-13;729;1075;216203;183036;69.8;59.1
10;2021-08-14;571;1236;216774;184272;69.9;59.5
10;2021-08-15;302;778;217076;185050;70.0;59.7
10;2021-08-16;699;1617;217775;186667;70.3;60.2
10;2021-08-17;861;1773;218636;188440;70.5;60.8
10;2021-08-18;692;1618;219328;190058;70.8;61.3
10;2021-08-19;538;1567;219866;191625;70.9;61.8
10;2021-08-20;602;1742;220468;193367;71.1;62.4
10;2021-08-21;419;1435;220887;194802;71.3;62.9
10;2021-08-22;187;1060;221074;195862;71.3;63.2
10;2021-08-23;477;1558;221551;197420;71.5;63.7
10;2021-08-24;663;1768;222214;199188;71.7;64.3
10;2021-08-25;453;1373;222667;200561;71.8;64.7
10;2021-08-26;420;1481;223087;202042;72.0;65.2
11;2020-12-27;0;0;0;0;0.0;0.0
11;2020-12-28;1;0;1;0;0.0;0.0
11;2020-12-29;1;0;2;0;0.0;0.0
11;2020-12-30;0;0;2;0;0.0;0.0
11;2020-12-31;0;0;2;0;0.0;0.0
11;2021-01-01;0;0;2;0;0.0;0.0
11;2021-01-02;5;0;7;0;0.0;0.0
11;2021-01-03;0;0;7;0;0.0;0.0
11;2021-01-04;1;0;8;0;0.0;0.0
11;2021-01-05;94;0;102;0;0.0;0.0
11;2021-01-06;25;0;127;0;0.0;0.0
11;2021-01-07;119;0;246;0;0.1;0.0
11;2021-01-08;91;1;337;1;0.1;0.0
11;2021-01-09;86;0;423;1;0.1;0.0
11;2021-01-10;67;0;490;1;0.1;0.0
11;2021-01-11;136;0;626;1;0.2;0.0
11;2021-01-12;545;3;1171;4;0.3;0.0
11;2021-01-13;410;1;1581;5;0.4;0.0
11;2021-01-14;644;8;2225;13;0.6;0.0
11;2021-01-15;343;4;2568;17;0.7;0.0
11;2021-01-16;77;1;2645;18;0.7;0.0
11;2021-01-17;47;1;2692;19;0.7;0.0
11;2021-01-18;388;0;3080;19;0.8;0.0
11;2021-01-19;528;4;3608;23;1.0;0.0
11;2021-01-20;693;6;4301;29;1.2;0.0
11;2021-01-21;647;4;4948;33;1.3;0.0
11;2021-01-22;524;2;5472;35;1.5;0.0
11;2021-01-23;159;0;5631;35;1.5;0.0
11;2021-01-24;139;0;5770;35;1.5;0.0
11;2021-01-25;375;19;6145;54;1.6;0.0
11;2021-01-26;846;85;6991;139;1.9;0.0
11;2021-01-27;799;25;7790;164;2.1;0.0
11;2021-01-28;647;61;8437;225;2.3;0.1
11;2021-01-29;439;122;8876;347;2.4;0.1
11;2021-01-30;134;1;9010;348;2.4;0.1
11;2021-01-31;82;0;9092;348;2.4;0.1
11;2021-02-01;344;195;9436;543;2.5;0.1
11;2021-02-02;412;407;9848;950;2.6;0.3
11;2021-02-03;390;351;10238;1301;2.7;0.3
11;2021-02-04;375;498;10613;1799;2.8;0.5
11;2021-02-05;317;337;10930;2136;2.9;0.6
11;2021-02-06;207;62;11137;2198;3.0;0.6
11;2021-02-07;108;13;11245;2211;3.0;0.6
11;2021-02-08;316;159;11561;2370;3.1;0.6
11;2021-02-09;300;278;11861;2648;3.2;0.7
11;2021-02-10;339;445;12200;3093;3.3;0.8
11;2021-02-11;610;632;12810;3725;3.4;1.0
11;2021-02-12;402;378;13212;4103;3.5;1.1
11;2021-02-13;194;119;13406;4222;3.6;1.1
11;2021-02-14;72;26;13478;4248;3.6;1.1
11;2021-02-15;239;209;13717;4457;3.7;1.2
11;2021-02-16;265;512;13982;4969;3.8;1.3
11;2021-02-17;453;620;14435;5589;3.9;1.5
11;2021-02-18;457;572;14892;6161;4.0;1.7
11;2021-02-19;300;536;15192;6697;4.1;1.8
11;2021-02-20;147;75;15339;6772;4.1;1.8
11;2021-02-21;58;45;15397;6817;4.1;1.8
11;2021-02-22;124;332;15521;7149;4.2;1.9
11;2021-02-23;283;321;15804;7470;4.2;2.0
11;2021-02-24;251;367;16055;7837;4.3;2.1
11;2021-02-25;562;326;16617;8163;4.5;2.2
11;2021-02-26;523;316;17140;8479;4.6;2.3
11;2021-02-27;319;98;17459;8577;4.7;2.3
11;2021-02-28;95;24;17554;8601;4.7;2.3
11;2021-03-01;339;318;17893;8919;4.8;2.4
11;2021-03-02;562;393;18455;9312;5.0;2.5
11;2021-03-03;599;434;19054;9746;5.1;2.6
11;2021-03-04;1077;410;20131;10156;5.4;2.7
11;2021-03-05;1003;411;21134;10567;5.7;2.8
11;2021-03-06;1093;206;22227;10773;6.0;2.9
11;2021-03-07;658;34;22885;10807;6.1;2.9
11;2021-03-08;370;353;23255;11160;6.2;3.0
11;2021-03-09;997;399;24252;11559;6.5;3.1
11;2021-03-10;1174;546;25426;12105;6.8;3.2
11;2021-03-11;1571;446;26997;12551;7.2;3.4
11;2021-03-12;1456;442;28453;12993;7.6;3.5
11;2021-03-13;1159;240;29612;13233;7.9;3.6
11;2021-03-14;523;55;30135;13288;8.1;3.6
11;2021-03-15;651;242;30786;13530;8.3;3.6
11;2021-03-16;853;200;31639;13730;8.5;3.7
11;2021-03-17;906;220;32545;13950;8.7;3.7
11;2021-03-18;1172;283;33717;14233;9.0;3.8
11;2021-03-19;1371;248;35088;14481;9.4;3.9
11;2021-03-20;790;176;35878;14657;9.6;3.9
11;2021-03-21;225;65;36103;14722;9.7;4.0
11;2021-03-22;808;217;36911;14939;9.9;4.0
11;2021-03-23;1806;393;38717;15332;10.4;4.1
11;2021-03-24;1846;319;40563;15651;10.9;4.2
11;2021-03-25;2190;374;42753;16025;11.5;4.3
11;2021-03-26;2125;447;44878;16472;12.0;4.4
11;2021-03-27;1178;146;46056;16618;12.4;4.5
11;2021-03-28;265;43;46321;16661;12.4;4.5
11;2021-03-29;1180;223;47501;16884;12.7;4.5
11;2021-03-30;1993;323;49494;17207;13.3;4.6
11;2021-03-31;1614;383;51108;17590;13.7;4.7
11;2021-04-01;2146;425;53254;18015;14.3;4.8
11;2021-04-02;1643;430;54897;18445;14.7;4.9
11;2021-04-03;720;145;55617;18590;14.9;5.0
11;2021-04-04;198;76;55815;18666;15.0;5.0
11;2021-04-05;257;4;56072;18670;15.0;5.0
11;2021-04-06;1575;553;57647;19223;15.5;5.2
11;2021-04-07;1777;574;59424;19797;15.9;5.3
11;2021-04-08;1785;684;61209;20481;16.4;5.5
11;2021-04-09;2263;604;63472;21085;17.0;5.7
11;2021-04-10;1169;179;64641;21264;17.3;5.7
11;2021-04-11;549;107;65190;21371;17.5;5.7
11;2021-04-12;1614;538;66804;21909;17.9;5.9
11;2021-04-13;2260;885;69064;22794;18.5;6.1
11;2021-04-14;1661;1019;70725;23813;19.0;6.4
11;2021-04-15;1844;1130;72569;24943;19.5;6.7
11;2021-04-16;1836;849;74405;25792;20.0;6.9
11;2021-04-17;1773;564;76178;26356;20.4;7.1
11;2021-04-18;114;155;76292;26511;20.5;7.1
11;2021-04-19;1383;738;77675;27249;20.8;7.3
11;2021-04-20;1729;1283;79404;28532;21.3;7.7
11;2021-04-21;1779;1324;81183;29856;21.8;8.0
11;2021-04-22;1749;1322;82932;31178;22.3;8.4
11;2021-04-23;2012;1233;84944;32411;22.8;8.7
11;2021-04-24;1735;468;86679;32879;23.3;8.8
11;2021-04-25;658;180;87337;33059;23.4;8.9
11;2021-04-26;1380;839;88717;33898;23.8;9.1
11;2021-04-27;1837;1552;90554;35450;24.3;9.5
11;2021-04-28;2009;1471;92563;36921;24.8;9.9
11;2021-04-29;2248;1638;94811;38559;25.4;10.3
11;2021-04-30;2158;1428;96969;39987;26.0;10.7
11;2021-05-01;1338;342;98307;40329;26.4;10.8
11;2021-05-02;588;336;98895;40665;26.5;10.9
11;2021-05-03;1487;739;100382;41404;26.9;11.1
11;2021-05-04;1879;1430;102261;42834;27.4;11.5
11;2021-05-05;1893;1440;104154;44274;27.9;11.9
11;2021-05-06;2192;1476;106346;45750;28.5;12.3
11;2021-05-07;2104;1557;108450;47307;29.1;12.7
11;2021-05-08;896;727;109346;48034;29.3;12.9
11;2021-05-09;628;543;109974;48577;29.5;13.0
11;2021-05-10;1328;1652;111302;50229;29.9;13.5
11;2021-05-11;2040;1868;113342;52097;30.4;14.0
11;2021-05-12;1849;1654;115191;53751;30.9;14.4
11;2021-05-13;1406;414;116597;54165;31.3;14.5
11;2021-05-14;1713;1183;118310;55348;31.7;14.9
11;2021-05-15;1157;899;119467;56247;32.1;15.1
11;2021-05-16;808;164;120275;56411;32.3;15.1
11;2021-05-17;1471;1048;121746;57459;32.7;15.4
11;2021-05-18;1898;1197;123644;58656;33.2;15.7
11;2021-05-19;1847;1121;125491;59777;33.7;16.0
11;2021-05-20;1969;1090;127460;60867;34.2;16.3
11;2021-05-21;2275;1091;129735;61958;34.8;16.6
11;2021-05-22;1484;727;131219;62685;35.2;16.8
11;2021-05-23;768;71;131987;62756;35.4;16.8
11;2021-05-24;1411;226;133398;62982;35.8;16.9
11;2021-05-25;1811;1354;135209;64336;36.3;17.3
11;2021-05-26;1933;1302;137142;65638;36.8;17.6
11;2021-05-27;1985;1719;139127;67357;37.3;18.1
11;2021-05-28;1759;1898;140886;69255;37.8;18.6
11;2021-05-29;1428;1600;142314;70855;38.2;19.0
11;2021-05-30;486;395;142800;71250;38.3;19.1
11;2021-05-31;1261;1619;144061;72869;38.7;19.6
11;2021-06-01;1856;1903;145917;74772;39.2;20.1
11;2021-06-02;1761;2075;147678;76847;39.6;20.6
11;2021-06-03;2599;2414;150277;79261;40.3;21.3
11;2021-06-04;2145;2674;152422;81935;40.9;22.0
11;2021-06-05;1589;1904;154011;83839;41.3;22.5
11;2021-06-06;877;860;154888;84699;41.6;22.7
11;2021-06-07;1527;1713;156415;86412;42.0;23.2
11;2021-06-08;2039;1997;158454;88409;42.5;23.7
11;2021-06-09;1789;2188;160243;90597;43.0;24.3
11;2021-06-10;1806;2427;162049;93024;43.5;25.0
11;2021-06-11;1864;2494;163913;95518;44.0;25.6
11;2021-06-12;1457;1622;165370;97140;44.4;26.1
11;2021-06-13;713;723;166083;97863;44.6;26.3
11;2021-06-14;1033;1969;167116;99832;44.8;26.8
11;2021-06-15;1395;2685;168511;102517;45.2;27.5
11;2021-06-16;1338;2529;169849;105046;45.6;28.2
11;2021-06-17;1473;2539;171322;107585;46.0;28.9
11;2021-06-18;1520;2490;172842;110075;46.4;29.5
11;2021-06-19;1237;1410;174079;111485;46.7;29.9
11;2021-06-20;299;599;174378;112084;46.8;30.1
11;2021-06-21;839;2122;175217;114206;47.0;30.6
11;2021-06-22;1016;2608;176233;116814;47.3;31.3
11;2021-06-23;1097;2090;177330;118904;47.6;31.9
11;2021-06-24;907;2246;178237;121150;47.8;32.5
11;2021-06-25;991;2544;179228;123694;48.1;33.2
11;2021-06-26;776;1656;180004;125350;48.3;33.6
11;2021-06-27;210;688;180214;126038;48.4;33.8
11;2021-06-28;697;2299;180911;128337;48.5;34.4
11;2021-06-29;964;2601;181875;130938;48.8;35.1
11;2021-06-30;906;2521;182781;133459;49.0;35.8
11;2021-07-01;1004;1889;183785;135348;49.3;36.3
11;2021-07-02;968;2543;184753;137891;49.6;37.0
11;2021-07-03;728;1805;185481;139696;49.8;37.5
11;2021-07-04;339;1108;185820;140804;49.9;37.8
11;2021-07-05;695;2133;186515;142937;50.0;38.4
11;2021-07-06;972;2520;187487;145457;50.3;39.0
11;2021-07-07;946;2511;188433;147968;50.6;39.7
11;2021-07-08;1191;1912;189624;149880;50.9;40.2
11;2021-07-09;823;1793;190447;151673;51.1;40.7
11;2021-07-10;369;1302;190816;152975;51.2;41.0
11;2021-07-11;313;564;191129;153539;51.3;41.2
11;2021-07-12;504;2669;191633;156208;51.4;41.9
11;2021-07-13;1305;3069;192938;159277;51.8;42.7
11;2021-07-14;211;235;193149;159512;51.8;42.8
11;2021-07-15;1449;2966;194598;162478;52.2;43.6
11;2021-07-16;1874;2736;196472;165214;52.7;44.3
11;2021-07-17;1075;2167;197547;167381;53.0;44.9
11;2021-07-18;653;944;198200;168325;53.2;45.2
11;2021-07-19;1355;2093;199555;170418;53.5;45.7
11;2021-07-20;1993;2407;201548;172825;54.1;46.4
11;2021-07-21;2016;2441;203564;175266;54.6;47.0
11;2021-07-22;2411;1889;205975;177155;55.3;47.5
11;2021-07-23;2229;2281;208204;179436;55.9;48.1
11;2021-07-24;1274;1626;209478;181062;56.2;48.6
11;2021-07-25;750;693;210228;181755;56.4;48.8
11;2021-07-26;1662;1423;211890;183178;56.9;49.1
11;2021-07-27;2329;1998;214219;185176;57.5;49.7
11;2021-07-28;2475;1989;216694;187165;58.1;50.2
11;2021-07-29;2768;1792;219462;188957;58.9;50.7
11;2021-07-30;2572;1800;222034;190757;59.6;51.2
11;2021-07-31;2004;1129;224038;191886;60.1;51.5
11;2021-08-01;1012;482;225050;192368;60.4;51.6
11;2021-08-02;1921;1152;226971;193520;60.9;51.9
11;2021-08-03;2435;1594;229406;195114;61.6;52.4
11;2021-08-04;2550;1262;231956;196376;62.2;52.7
11;2021-08-05;2369;1335;234325;197711;62.9;53.0
11;2021-08-06;2247;1654;236572;199365;63.5;53.5
11;2021-08-07;1656;1164;238228;200529;63.9;53.8
11;2021-08-08;595;203;238823;200732;64.1;53.9
11;2021-08-09;1030;1434;239853;202166;64.4;54.2
11;2021-08-10;1736;1991;241589;204157;64.8;54.8
11;2021-08-11;1711;1688;243300;205845;65.3;55.2
11;2021-08-12;1682;1850;244982;207695;65.7;55.7
11;2021-08-13;1344;1657;246326;209352;66.1;56.2
11;2021-08-14;978;1592;247304;210944;66.4;56.6
11;2021-08-15;137;124;247441;211068;66.4;56.6
11;2021-08-16;713;1910;248154;212978;66.6;57.1
11;2021-08-17;1045;2393;249199;215371;66.9;57.8
11;2021-08-18;1103;2029;250302;217400;67.2;58.3
11;2021-08-19;994;2289;251296;219689;67.4;58.9
11;2021-08-20;962;2289;252258;221978;67.7;59.6
11;2021-08-21;573;1837;252831;223815;67.8;60.1
11;2021-08-22;190;512;253021;224327;67.9;60.2
11;2021-08-23;520;1816;253541;226143;68.0;60.7
11;2021-08-24;786;2246;254327;228389;68.2;61.3
11;2021-08-25;781;2144;255108;230533;68.4;61.9
11;2021-08-26;743;1999;255851;232532;68.6;62.4
12;2020-12-27;0;0;0;0;0.0;0.0
12;2020-12-28;0;0;0;0;0.0;0.0
12;2020-12-29;0;0;0;0;0.0;0.0
12;2020-12-30;0;0;0;0;0.0;0.0
12;2020-12-31;0;0;0;0;0.0;0.0
12;2021-01-01;0;0;0;0;0.0;0.0
12;2021-01-02;0;0;0;0;0.0;0.0
12;2021-01-03;0;0;0;0;0.0;0.0
12;2021-01-04;1;0;1;0;0.0;0.0
12;2021-01-05;1;0;2;0;0.0;0.0
12;2021-01-06;12;0;14;0;0.0;0.0
12;2021-01-07;202;0;216;0;0.1;0.0
12;2021-01-08;65;0;281;0;0.1;0.0
12;2021-01-09;0;0;281;0;0.1;0.0
12;2021-01-10;1;0;282;0;0.1;0.0
12;2021-01-11;99;0;381;0;0.1;0.0
12;2021-01-12;360;1;741;1;0.3;0.0
12;2021-01-13;285;0;1026;1;0.4;0.0
12;2021-01-14;600;12;1626;13;0.6;0.0
12;2021-01-15;367;10;1993;23;0.7;0.0
12;2021-01-16;138;2;2131;25;0.8;0.0
12;2021-01-17;0;0;2131;25;0.8;0.0
12;2021-01-18;453;0;2584;25;0.9;0.0
12;2021-01-19;606;3;3190;28;1.1;0.0
12;2021-01-20;878;2;4068;30;1.5;0.0
12;2021-01-21;735;0;4803;30;1.7;0.0
12;2021-01-22;798;1;5601;31;2.0;0.0
12;2021-01-23;382;0;5983;31;2.1;0.0
12;2021-01-24;0;0;5983;31;2.1;0.0
12;2021-01-25;453;0;6436;31;2.3;0.0
12;2021-01-26;650;0;7086;31;2.5;0.0
12;2021-01-27;1885;24;8971;55;3.2;0.0
12;2021-01-28;1885;214;10856;269;3.9;0.1
12;2021-01-29;1332;46;12188;315;4.4;0.1
12;2021-01-30;359;2;12547;317;4.5;0.1
12;2021-01-31;0;0;12547;317;4.5;0.1
12;2021-02-01;333;89;12880;406;4.6;0.1
12;2021-02-02;457;243;13337;649;4.8;0.2
12;2021-02-03;457;167;13794;816;5.0;0.3
12;2021-02-04;458;526;14252;1342;5.1;0.5
12;2021-02-05;449;183;14701;1525;5.3;0.5
12;2021-02-06;219;68;14920;1593;5.4;0.6
12;2021-02-07;8;0;14928;1593;5.4;0.6
12;2021-02-08;105;316;15033;1909;5.4;0.7
12;2021-02-09;208;341;15241;2250;5.5;0.8
12;2021-02-10;464;474;15705;2724;5.6;1.0
12;2021-02-11;539;345;16244;3069;5.8;1.1
12;2021-02-12;570;345;16814;3414;6.0;1.2
12;2021-02-13;175;133;16989;3547;6.1;1.3
12;2021-02-14;1;0;16990;3547;6.1;1.3
12;2021-02-15;175;376;17165;3923;6.2;1.4
12;2021-02-16;171;510;17336;4433;6.2;1.6
12;2021-02-17;366;1434;17702;5867;6.4;2.1
12;2021-02-18;676;1661;18378;7528;6.6;2.7
12;2021-02-19;594;974;18972;8502;6.8;3.1
12;2021-02-20;103;394;19075;8896;6.9;3.2
12;2021-02-21;0;0;19075;8896;6.9;3.2
12;2021-02-22;150;401;19225;9297;6.9;3.3
12;2021-02-23;157;557;19382;9854;7.0;3.5
12;2021-02-24;157;688;19539;10542;7.0;3.8
12;2021-02-25;201;770;19740;11312;7.1;4.1
12;2021-02-26;320;651;20060;11963;7.2;4.3
12;2021-02-27;190;350;20250;12313;7.3;4.4
12;2021-02-28;13;0;20263;12313;7.3;4.4
12;2021-03-01;51;349;20314;12662;7.3;4.5
12;2021-03-02;190;507;20504;13169;7.4;4.7
12;2021-03-03;244;388;20748;13557;7.5;4.9
12;2021-03-04;278;363;21026;13920;7.6;5.0
12;2021-03-05;421;368;21447;14288;7.7;5.1
12;2021-03-06;793;132;22240;14420;8.0;5.2
12;2021-03-07;140;32;22380;14452;8.0;5.2
12;2021-03-08;234;206;22614;14658;8.1;5.3
12;2021-03-09;716;234;23330;14892;8.4;5.3
12;2021-03-10;784;739;24114;15631;8.7;5.6
12;2021-03-11;919;661;25033;16292;9.0;5.9
12;2021-03-12;1260;528;26293;16820;9.4;6.0
12;2021-03-13;896;140;27189;16960;9.8;6.1
12;2021-03-14;45;2;27234;16962;9.8;6.1
12;2021-03-15;559;156;27793;17118;10.0;6.1
12;2021-03-16;818;162;28611;17280;10.3;6.2
12;2021-03-17;1504;165;30115;17445;10.8;6.3
12;2021-03-18;996;251;31111;17696;11.2;6.4
12;2021-03-19;1383;279;32494;17975;11.7;6.5
12;2021-03-20;724;79;33218;18054;11.9;6.5
12;2021-03-21;264;10;33482;18064;12.0;6.5
12;2021-03-22;606;175;34088;18239;12.2;6.6
12;2021-03-23;1214;174;35302;18413;12.7;6.6
12;2021-03-24;1422;206;36724;18619;13.2;6.7
12;2021-03-25;1846;204;38570;18823;13.9;6.8
12;2021-03-26;1978;227;40548;19050;14.6;6.8
12;2021-03-27;981;67;41529;19117;14.9;6.9
12;2021-03-28;60;1;41589;19118;14.9;6.9
12;2021-03-29;962;84;42551;19202;15.3;6.9
12;2021-03-30;1736;122;44287;19324;15.9;6.9
12;2021-03-31;1461;107;45748;19431;16.4;7.0
12;2021-04-01;1958;161;47706;19592;17.1;7.0
12;2021-04-02;1615;343;49321;19935;17.7;7.2
12;2021-04-03;882;95;50203;20030;18.0;7.2
12;2021-04-04;1;0;50204;20030;18.0;7.2
12;2021-04-05;645;11;50849;20041;18.3;7.2
12;2021-04-06;1154;536;52003;20577;18.7;7.4
12;2021-04-07;1651;638;53654;21215;19.3;7.6
12;2021-04-08;2098;567;55752;21782;20.0;7.8
12;2021-04-09;2112;650;57864;22432;20.8;8.1
12;2021-04-10;1427;219;59291;22651;21.3;8.1
12;2021-04-11;120;1;59411;22652;21.3;8.1
12;2021-04-12;1837;504;61248;23156;22.0;8.3
12;2021-04-13;1907;779;63155;23935;22.7;8.6
12;2021-04-14;1831;1319;64986;25254;23.3;9.1
12;2021-04-15;1938;898;66924;26152;24.0;9.4
12;2021-04-16;1676;1204;68600;27356;24.6;9.8
12;2021-04-17;1554;568;70154;27924;25.2;10.0
12;2021-04-18;0;0;70154;27924;25.2;10.0
12;2021-04-19;1688;549;71842;28473;25.8;10.2
12;2021-04-20;1545;984;73387;29457;26.4;10.6
12;2021-04-21;1693;1183;75080;30640;27.0;11.0
12;2021-04-22;1690;1096;76770;31736;27.6;11.4
12;2021-04-23;1383;1334;78153;33070;28.1;11.9
12;2021-04-24;1451;720;79604;33790;28.6;12.1
12;2021-04-25;60;0;79664;33790;28.6;12.1
12;2021-04-26;1460;897;81124;34687;29.1;12.5
12;2021-04-27;1320;1280;82444;35967;29.6;12.9
12;2021-04-28;1113;1869;83557;37836;30.0;13.6
12;2021-04-29;1571;1912;85128;39748;30.6;14.3
12;2021-04-30;1812;1836;86940;41584;31.2;14.9
12;2021-05-01;1616;260;88556;41844;31.8;15.0
12;2021-05-02;8;0;88564;41844;31.8;15.0
12;2021-05-03;1713;1251;90277;43095;32.4;15.5
12;2021-05-04;1482;1392;91759;44487;33.0;16.0
12;2021-05-05;1292;1673;93051;46160;33.4;16.6
12;2021-05-06;1752;1376;94803;47536;34.1;17.1
12;2021-05-07;1482;1776;96285;49312;34.6;17.7
12;2021-05-08;1330;461;97615;49773;35.1;17.9
12;2021-05-09;13;34;97628;49807;35.1;17.9
12;2021-05-10;828;2216;98456;52023;35.4;18.7
12;2021-05-11;930;1853;99386;53876;35.7;19.4
12;2021-05-12;949;1820;100335;55696;36.0;20.0
12;2021-05-13;1587;810;101922;56506;36.6;20.3
12;2021-05-14;1235;1533;103157;58039;37.1;20.9
12;2021-05-15;1068;1114;104225;59153;37.4;21.3
12;2021-05-16;2;19;104227;59172;37.4;21.3
12;2021-05-17;1082;1810;105309;60982;37.8;21.9
12;2021-05-18;1427;1534;106736;62516;38.3;22.5
12;2021-05-19;1915;1330;108651;63846;39.0;22.9
12;2021-05-20;2118;875;110769;64721;39.8;23.3
12;2021-05-21;1821;1253;112590;65974;40.4;23.7
12;2021-05-22;1206;1015;113796;66989;40.9;24.1
12;2021-05-23;7;12;113803;67001;40.9;24.1
12;2021-05-24;1956;538;115759;67539;41.6;24.3
12;2021-05-25;1743;1160;117502;68699;42.2;24.7
12;2021-05-26;1998;777;119500;69476;42.9;25.0
12;2021-05-27;2164;744;121664;70220;43.7;25.2
12;2021-05-28;1928;1031;123592;71251;44.4;25.6
12;2021-05-29;1637;805;125229;72056;45.0;25.9
12;2021-05-30;9;43;125238;72099;45.0;25.9
12;2021-05-31;1699;817;126937;72916;45.6;26.2
12;2021-06-01;1889;1028;128826;73944;46.3;26.6
12;2021-06-02;1979;1053;130805;74997;47.0;26.9
12;2021-06-03;2121;830;132926;75827;47.8;27.2
12;2021-06-04;1967;1418;134893;77245;48.5;27.8
12;2021-06-05;1739;985;136632;78230;49.1;28.1
12;2021-06-06;5;6;136637;78236;49.1;28.1
12;2021-06-07;1090;1807;137727;80043;49.5;28.8
12;2021-06-08;1333;1201;139060;81244;50.0;29.2
12;2021-06-09;896;1291;139956;82535;50.3;29.7
12;2021-06-10;1021;921;140977;83456;50.6;30.0
12;2021-06-11;1204;2081;142181;85537;51.1;30.7
12;2021-06-12;1033;1321;143214;86858;51.4;31.2
12;2021-06-13;6;47;143220;86905;51.5;31.2
12;2021-06-14;662;1829;143882;88734;51.7;31.9
12;2021-06-15;745;1882;144627;90616;52.0;32.6
12;2021-06-16;821;1818;145448;92434;52.3;33.2
12;2021-06-17;678;995;146126;93429;52.5;33.6
12;2021-06-18;1134;1839;147260;95268;52.9;34.2
12;2021-06-19;914;1406;148174;96674;53.2;34.7
12;2021-06-20;4;10;148178;96684;53.2;34.7
12;2021-06-21;512;1738;148690;98422;53.4;35.4
12;2021-06-22;503;1474;149193;99896;53.6;35.9
12;2021-06-23;578;1306;149771;101202;53.8;36.4
12;2021-06-24;249;545;150020;101747;53.9;36.6
12;2021-06-25;876;1840;150896;103587;54.2;37.2
12;2021-06-26;674;1527;151570;105114;54.5;37.8
12;2021-06-27;1;9;151571;105123;54.5;37.8
12;2021-06-28;468;2452;152039;107575;54.6;38.6
12;2021-06-29;565;1957;152604;109532;54.8;39.3
12;2021-06-30;830;2133;153434;111665;55.1;40.1
12;2021-07-01;343;1086;153777;112751;55.2;40.5
12;2021-07-02;795;2626;154572;115377;55.5;41.4
12;2021-07-03;565;1873;155137;117250;55.7;42.1
12;2021-07-04;1;0;155138;117250;55.7;42.1
12;2021-07-05;440;2408;155578;119658;55.9;43.0
12;2021-07-06;640;2496;156218;122154;56.1;43.9
12;2021-07-07;688;2117;156906;124271;56.4;44.6
12;2021-07-08;293;912;157199;125183;56.5;45.0
12;2021-07-09;724;2590;157923;127773;56.7;45.9
12;2021-07-10;444;2076;158367;129849;56.9;46.6
12;2021-07-11;0;0;158367;129849;56.9;46.6
12;2021-07-12;582;2436;158949;132285;57.1;47.5
12;2021-07-13;841;2588;159790;134873;57.4;48.5
12;2021-07-14;44;25;159834;134898;57.4;48.5
12;2021-07-15;792;2106;160626;137004;57.7;49.2
12;2021-07-16;1247;2554;161873;139558;58.2;50.1
12;2021-07-17;790;2008;162663;141566;58.4;50.9
12;2021-07-18;25;11;162688;141577;58.4;50.9
12;2021-07-19;1319;2005;164007;143582;58.9;51.6
12;2021-07-20;1422;1470;165429;145052;59.4;52.1
12;2021-07-21;1018;939;166447;145991;59.8;52.4
12;2021-07-22;2229;1308;168676;147299;60.6;52.9
12;2021-07-23;1864;2065;170540;149364;61.3;53.7
12;2021-07-24;1602;1565;172142;150929;61.8;54.2
12;2021-07-25;97;28;172239;150957;61.9;54.2
12;2021-07-26;1928;1437;174167;152394;62.6;54.7
12;2021-07-27;2236;1006;176403;153400;63.4;55.1
12;2021-07-28;1711;675;178114;154075;64.0;55.4
12;2021-07-29;1185;806;179299;154881;64.4;55.6
12;2021-07-30;2505;1278;181804;156159;65.3;56.1
12;2021-07-31;1962;1002;183766;157161;66.0;56.5
12;2021-08-01;224;38;183990;157199;66.1;56.5
12;2021-08-02;1813;832;185803;158031;66.7;56.8
12;2021-08-03;1953;772;187756;158803;67.5;57.0
12;2021-08-04;1690;831;189446;159634;68.1;57.3
12;2021-08-05;1629;683;191075;160317;68.6;57.6
12;2021-08-06;1696;1311;192771;161628;69.3;58.1
12;2021-08-07;1436;742;194207;162370;69.8;58.3
12;2021-08-08;0;3;194207;162373;69.8;58.3
12;2021-08-09;1342;1417;195549;163790;70.3;58.8
12;2021-08-10;1338;1255;196887;165045;70.7;59.3
12;2021-08-11;814;1195;197701;166240;71.0;59.7
12;2021-08-12;730;1070;198431;167310;71.3;60.1
12;2021-08-13;1051;1337;199482;168647;71.7;60.6
12;2021-08-14;732;1354;200214;170001;71.9;61.1
12;2021-08-15;254;75;200468;170076;72.0;61.1
12;2021-08-16;668;1814;201136;171890;72.3;61.8
12;2021-08-17;902;1991;202038;173881;72.6;62.5
12;2021-08-18;449;1520;202487;175401;72.7;63.0
12;2021-08-19;636;1114;203123;176515;73.0;63.4
12;2021-08-20;792;1885;203915;178400;73.3;64.1
12;2021-08-21;472;1525;204387;179925;73.4;64.6
12;2021-08-22;92;27;204479;179952;73.5;64.6
12;2021-08-23;452;1922;204931;181874;73.6;65.3
12;2021-08-24;485;1912;205416;183786;73.8;66.0
12;2021-08-25;329;1579;205745;185365;73.9;66.6
12;2021-08-26;478;1609;206223;186974;74.1;67.2
13;2020-12-27;3;0;3;0;0.0;0.0
13;2020-12-28;3;0;6;0;0.0;0.0
13;2020-12-29;0;0;6;0;0.0;0.0
13;2020-12-30;2;0;8;0;0.0;0.0
13;2020-12-31;6;0;14;0;0.0;0.0
13;2021-01-01;3;0;17;0;0.0;0.0
13;2021-01-02;4;0;21;0;0.0;0.0
13;2021-01-03;8;0;29;0;0.0;0.0
13;2021-01-04;0;0;29;0;0.0;0.0
13;2021-01-05;78;1;107;1;0.0;0.0
13;2021-01-06;122;0;229;1;0.0;0.0
13;2021-01-07;174;1;403;2;0.0;0.0
13;2021-01-08;188;0;591;2;0.0;0.0
13;2021-01-09;12;0;603;2;0.0;0.0
13;2021-01-10;3;0;606;2;0.0;0.0
13;2021-01-11;480;1;1086;3;0.1;0.0
13;2021-01-12;814;1;1900;4;0.1;0.0
13;2021-01-13;1085;1;2985;5;0.1;0.0
13;2021-01-14;1569;17;4554;22;0.2;0.0
13;2021-01-15;1535;7;6089;29;0.3;0.0
13;2021-01-16;407;2;6496;31;0.3;0.0
13;2021-01-17;44;0;6540;31;0.3;0.0
13;2021-01-18;2383;8;8923;39;0.4;0.0
13;2021-01-19;7408;36;16331;75;0.8;0.0
13;2021-01-20;5561;16;21892;91;1.1;0.0
13;2021-01-21;5357;26;27249;117;1.3;0.0
13;2021-01-22;3999;22;31248;139;1.5;0.0
13;2021-01-23;1349;6;32597;145;1.6;0.0
13;2021-01-24;490;5;33087;150;1.6;0.0
13;2021-01-25;2339;29;35426;179;1.7;0.0
13;2021-01-26;2951;91;38377;270;1.9;0.0
13;2021-01-27;3118;123;41495;393;2.0;0.0
13;2021-01-28;3246;192;44741;585;2.2;0.0
13;2021-01-29;2509;130;47250;715;2.3;0.0
13;2021-01-30;1025;10;48275;725;2.4;0.0
13;2021-01-31;249;0;48524;725;2.4;0.0
13;2021-02-01;1861;296;50385;1021;2.5;0.1
13;2021-02-02;2255;613;52640;1634;2.6;0.1
13;2021-02-03;1863;580;54503;2214;2.7;0.1
13;2021-02-04;1904;928;56407;3142;2.8;0.2
13;2021-02-05;2626;1557;59033;4699;2.9;0.2
13;2021-02-06;851;309;59884;5008;2.9;0.2
13;2021-02-07;277;6;60161;5014;3.0;0.2
13;2021-02-08;1898;1541;62059;6555;3.1;0.3
13;2021-02-09;3313;4436;65372;10991;3.2;0.5
13;2021-02-10;3231;3415;68603;14406;3.4;0.7
13;2021-02-11;3577;3583;72180;17989;3.5;0.9
13;2021-02-12;2836;3146;75016;21135;3.7;1.0
13;2021-02-13;733;597;75749;21732;3.7;1.1
13;2021-02-14;72;378;75821;22110;3.7;1.1
13;2021-02-15;966;2028;76787;24138;3.8;1.2
13;2021-02-16;1391;2631;78178;26769;3.8;1.3
13;2021-02-17;1345;3000;79523;29769;3.9;1.5
13;2021-02-18;1903;2687;81426;32456;4.0;1.6
13;2021-02-19;1515;2184;82941;34640;4.1;1.7
13;2021-02-20;458;789;83399;35429;4.1;1.7
13;2021-02-21;33;285;83432;35714;4.1;1.8
13;2021-02-22;1021;2261;84453;37975;4.2;1.9
13;2021-02-23;1283;2672;85736;40647;4.2;2.0
13;2021-02-24;1518;2628;87254;43275;4.3;2.1
13;2021-02-25;2382;2152;89636;45427;4.4;2.2
13;2021-02-26;2457;2123;92093;47550;4.5;2.3
13;2021-02-27;982;748;93075;48298;4.6;2.4
13;2021-02-28;193;205;93268;48503;4.6;2.4
13;2021-03-01;1920;1526;95188;50029;4.7;2.5
13;2021-03-02;3006;2626;98194;52655;4.8;2.6
13;2021-03-03;3487;2580;101681;55235;5.0;2.7
13;2021-03-04;4197;3144;105878;58379;5.2;2.9
13;2021-03-05;4044;2791;109922;61170;5.4;3.0
13;2021-03-06;5300;839;115222;62009;5.7;3.0
13;2021-03-07;4293;375;119515;62384;5.9;3.1
13;2021-03-08;3925;2001;123440;64385;6.1;3.2
13;2021-03-09;5071;2278;128511;66663;6.3;3.3
13;2021-03-10;5180;1991;133691;68654;6.6;3.4
13;2021-03-11;7306;2139;140997;70793;6.9;3.5
13;2021-03-12;8329;2110;149326;72903;7.3;3.6
13;2021-03-13;6375;732;155701;73635;7.7;3.6
13;2021-03-14;2312;166;158013;73801;7.8;3.6
13;2021-03-15;6357;1313;164370;75114;8.1;3.7
13;2021-03-16;5077;1538;169447;76652;8.3;3.8
13;2021-03-17;5174;1415;174621;78067;8.6;3.8
13;2021-03-18;5818;1882;180439;79949;8.9;3.9
13;2021-03-19;6809;1612;187248;81561;9.2;4.0
13;2021-03-20;4040;703;191288;82264;9.4;4.0
13;2021-03-21;724;85;192012;82349;9.4;4.0
13;2021-03-22;7299;1557;199311;83906;9.8;4.1
13;2021-03-23;9125;1752;208436;85658;10.2;4.2
13;2021-03-24;8857;2188;217293;87846;10.7;4.3
13;2021-03-25;10914;2118;228207;89964;11.2;4.4
13;2021-03-26;10712;1915;238919;91879;11.7;4.5
13;2021-03-27;4866;832;243785;92711;12.0;4.6
13;2021-03-28;1119;81;244904;92792;12.0;4.6
13;2021-03-29;7576;2000;252480;94792;12.4;4.7
13;2021-03-30;12613;2528;265093;97320;13.0;4.8
13;2021-03-31;10816;3164;275909;100484;13.6;4.9
13;2021-04-01;12265;3062;288174;103546;14.2;5.1
13;2021-04-02;9791;3896;297965;107442;14.6;5.3
13;2021-04-03;4009;2809;301974;110251;14.8;5.4
13;2021-04-04;630;305;302604;110556;14.9;5.4
13;2021-04-05;3532;730;306136;111286;15.0;5.5
13;2021-04-06;8518;4257;314654;115543;15.5;5.7
13;2021-04-07;10080;4689;324734;120232;16.0;5.9
13;2021-04-08;10113;5462;334847;125694;16.5;6.2
13;2021-04-09;11268;5114;346115;130808;17.0;6.4
13;2021-04-10;7301;2095;353416;132903;17.4;6.5
13;2021-04-11;1379;533;354795;133436;17.4;6.6
13;2021-04-12;7983;4792;362778;138228;17.8;6.8
13;2021-04-13;9143;5501;371921;143729;18.3;7.1
13;2021-04-14;9534;5822;381455;149551;18.7;7.4
13;2021-04-15;9874;5961;391329;155512;19.2;7.6
13;2021-04-16;9970;5567;401299;161079;19.7;7.9
13;2021-04-17;4081;2021;405380;163100;19.9;8.0
13;2021-04-18;2523;1423;407903;164523;20.0;8.1
13;2021-04-19;6453;6408;414356;170931;20.4;8.4
13;2021-04-20;7406;7599;421762;178530;20.7;8.8
13;2021-04-21;7777;7377;429539;185907;21.1;9.1
13;2021-04-22;8468;7929;438007;193836;21.5;9.5
13;2021-04-23;8382;6805;446389;200641;21.9;9.9
13;2021-04-24;4623;3820;451012;204461;22.2;10.0
13;2021-04-25;874;524;451886;204985;22.2;10.1
13;2021-04-26;6171;7119;458057;212104;22.5;10.4
13;2021-04-27;7261;8035;465318;220139;22.9;10.8
13;2021-04-28;9453;7718;474771;227857;23.3;11.2
13;2021-04-29;11405;7612;486176;235469;23.9;11.6
13;2021-04-30;10924;7383;497100;242852;24.4;11.9
13;2021-05-01;5367;3794;502467;246646;24.7;12.1
13;2021-05-02;2098;748;504565;247394;24.8;12.2
13;2021-05-03;7299;7865;511864;255259;25.2;12.5
13;2021-05-04;8455;8519;520319;263778;25.6;13.0
13;2021-05-05;8227;8971;528546;272749;26.0;13.4
13;2021-05-06;10142;8588;538688;281337;26.5;13.8
13;2021-05-07;8852;10039;547540;291376;26.9;14.3
13;2021-05-08;4572;3931;552112;295307;27.1;14.5
13;2021-05-09;937;685;553049;295992;27.2;14.5
13;2021-05-10;7714;8767;560763;304759;27.6;15.0
13;2021-05-11;10978;9581;571741;314340;28.1;15.5
13;2021-05-12;12842;8726;584583;323066;28.7;15.9
13;2021-05-13;9511;3638;594094;326704;29.2;16.1
13;2021-05-14;13658;6454;607752;333158;29.9;16.4
13;2021-05-15;10200;4531;617952;337689;30.4;16.6
13;2021-05-16;3125;790;621077;338479;30.5;16.6
13;2021-05-17;10846;6814;631923;345293;31.1;17.0
13;2021-05-18;11918;6475;643841;351768;31.6;17.3
13;2021-05-19;12157;6355;655998;358123;32.2;17.6
13;2021-05-20;13450;6463;669448;364586;32.9;17.9
13;2021-05-21;12999;6782;682447;371368;33.5;18.3
13;2021-05-22;7514;3636;689961;375004;33.9;18.4
13;2021-05-23;863;640;690824;375644;34.0;18.5
13;2021-05-24;6768;2475;697592;378119;34.3;18.6
13;2021-05-25;9273;7605;706865;385724;34.7;19.0
13;2021-05-26;10141;7841;717006;393565;35.2;19.3
13;2021-05-27;10351;8432;727357;401997;35.8;19.8
13;2021-05-28;9003;9176;736360;411173;36.2;20.2
13;2021-05-29;7177;4628;743537;415801;36.5;20.4
13;2021-05-30;891;527;744428;416328;36.6;20.5
13;2021-05-31;8192;8036;752620;424364;37.0;20.9
13;2021-06-01;9589;9310;762209;433674;37.5;21.3
13;2021-06-02;10088;8800;772297;442474;38.0;21.7
13;2021-06-03;12296;9494;784593;451968;38.6;22.2
13;2021-06-04;12037;10049;796630;462017;39.2;22.7
13;2021-06-05;7830;5586;804460;467603;39.5;23.0
13;2021-06-06;1671;883;806131;468486;39.6;23.0
13;2021-06-07;6685;9885;812816;478371;40.0;23.5
13;2021-06-08;8314;9990;821130;488361;40.4;24.0
13;2021-06-09;8398;9743;829528;498104;40.8;24.5
13;2021-06-10;8943;9777;838471;507881;41.2;25.0
13;2021-06-11;8236;12710;846707;520591;41.6;25.6
13;2021-06-12;5788;6708;852495;527299;41.9;25.9
13;2021-06-13;952;1215;853447;528514;41.9;26.0
13;2021-06-14;6006;11144;859453;539658;42.2;26.5
13;2021-06-15;7292;11408;866745;551066;42.6;27.1
13;2021-06-16;7344;9882;874089;560948;43.0;27.6
13;2021-06-17;7442;10713;881531;571661;43.3;28.1
13;2021-06-18;7540;11080;889071;582741;43.7;28.6
13;2021-06-19;4618;7500;893689;590241;43.9;29.0
13;2021-06-20;961;1045;894650;591286;44.0;29.1
13;2021-06-21;4468;12267;899118;603553;44.2;29.7
13;2021-06-22;4941;13874;904059;617427;44.4;30.3
13;2021-06-23;5152;13573;909211;631000;44.7;31.0
13;2021-06-24;5339;12853;914550;643853;45.0;31.6
13;2021-06-25;5261;14682;919811;658535;45.2;32.4
13;2021-06-26;3020;9683;922831;668218;45.4;32.8
13;2021-06-27;535;931;923366;669149;45.4;32.9
13;2021-06-28;3731;12558;927097;681707;45.6;33.5
13;2021-06-29;4493;12907;931590;694614;45.8;34.1
13;2021-06-30;4903;12692;936493;707306;46.0;34.8
13;2021-07-01;5587;11492;942080;718798;46.3;35.3
13;2021-07-02;5583;12405;947663;731203;46.6;35.9
13;2021-07-03;3511;9163;951174;740366;46.8;36.4
13;2021-07-04;475;867;951649;741233;46.8;36.4
13;2021-07-05;3875;11783;955524;753016;47.0;37.0
13;2021-07-06;5464;11681;960988;764697;47.2;37.6
13;2021-07-07;5823;10701;966811;775398;47.5;38.1
13;2021-07-08;6228;10324;973039;785722;47.8;38.6
13;2021-07-09;5936;11922;978975;797644;48.1;39.2
13;2021-07-10;3167;8637;982142;806281;48.3;39.6
13;2021-07-11;437;1012;982579;807293;48.3;39.7
13;2021-07-12;4488;10959;987067;818252;48.5;40.2
13;2021-07-13;8966;13164;996033;831416;49.0;40.9
13;2021-07-14;5612;4856;1001645;836272;49.2;41.1
13;2021-07-15;11425;12944;1013070;849216;49.8;41.7
13;2021-07-16;12195;12911;1025265;862127;50.4;42.4
13;2021-07-17;6581;8491;1031846;870618;50.7;42.8
13;2021-07-18;725;1060;1032571;871678;50.8;42.8
13;2021-07-19;9802;11145;1042373;882823;51.2;43.4
13;2021-07-20;12264;11643;1054637;894466;51.8;44.0
13;2021-07-21;12684;10327;1067321;904793;52.5;44.5
13;2021-07-22;14538;10430;1081859;915223;53.2;45.0
13;2021-07-23;14455;10938;1096314;926161;53.9;45.5
13;2021-07-24;8331;7977;1104645;934138;54.3;45.9
13;2021-07-25;1012;788;1105657;934926;54.3;46.0
13;2021-07-26;11642;9092;1117299;944018;54.9;46.4
13;2021-07-27;13584;9381;1130883;953399;55.6;46.9
13;2021-07-28;12322;8170;1143205;961569;56.2;47.3
13;2021-07-29;13816;8130;1157021;969699;56.9;47.7
13;2021-07-30;13685;8636;1170706;978335;57.5;48.1
13;2021-07-31;8680;5835;1179386;984170;58.0;48.4
13;2021-08-01;1103;723;1180489;984893;58.0;48.4
13;2021-08-02;9988;6679;1190477;991572;58.5;48.7
13;2021-08-03;11030;7265;1201507;998837;59.1;49.1
13;2021-08-04;9405;6538;1210912;1005375;59.5;49.4
13;2021-08-05;9392;7526;1220304;1012901;60.0;49.8
13;2021-08-06;9079;8989;1229383;1021890;60.4;50.2
13;2021-08-07;5391;5542;1234774;1027432;60.7;50.5
13;2021-08-08;895;797;1235669;1028229;60.7;50.5
13;2021-08-09;8243;9029;1243912;1037258;61.1;51.0
13;2021-08-10;8951;8865;1252863;1046123;61.6;51.4
13;2021-08-11;7726;8497;1260589;1054620;62.0;51.8
13;2021-08-12;7576;9618;1268165;1064238;62.3;52.3
13;2021-08-13;6818;9153;1274983;1073391;62.7;52.8
13;2021-08-14;3673;6437;1278656;1079828;62.8;53.1
13;2021-08-15;473;731;1279129;1080559;62.9;53.1
13;2021-08-16;6388;11029;1285517;1091588;63.2;53.7
13;2021-08-17;6607;10577;1292124;1102165;63.5;54.2
13;2021-08-18;6277;10142;1298401;1112307;63.8;54.7
13;2021-08-19;6637;10552;1305038;1122859;64.1;55.2
13;2021-08-20;5750;11195;1310788;1134054;64.4;55.7
13;2021-08-21;2587;7538;1313375;1141592;64.6;56.1
13;2021-08-22;368;1087;1313743;1142679;64.6;56.2
13;2021-08-23;4904;11181;1318647;1153860;64.8;56.7
13;2021-08-24;5366;10865;1324013;1164725;65.1;57.2
13;2021-08-25;5109;10023;1329122;1174748;65.3;57.7
13;2021-08-26;4921;9664;1334043;1184412;65.6;58.2
14;2020-12-27;0;0;0;0;0.0;0.0
14;2020-12-28;1;1;1;1;0.0;0.0
14;2020-12-29;0;0;1;1;0.0;0.0
14;2020-12-30;0;0;1;1;0.0;0.0
14;2020-12-31;3;0;4;1;0.0;0.0
14;2021-01-01;1;0;5;1;0.0;0.0
14;2021-01-02;1;0;6;1;0.0;0.0
14;2021-01-03;0;0;6;1;0.0;0.0
14;2021-01-04;10;0;16;1;0.0;0.0
14;2021-01-05;24;0;40;1;0.0;0.0
14;2021-01-06;349;0;389;1;0.1;0.0
14;2021-01-07;402;2;791;3;0.1;0.0
14;2021-01-08;627;2;1418;5;0.2;0.0
14;2021-01-09;127;0;1545;5;0.2;0.0
14;2021-01-10;41;0;1586;5;0.2;0.0
14;2021-01-11;669;1;2255;6;0.3;0.0
14;2021-01-12;949;1;3204;7;0.5;0.0
14;2021-01-13;850;1;4054;8;0.6;0.0
14;2021-01-14;2828;17;6882;25;1.0;0.0
14;2021-01-15;1894;20;8776;45;1.3;0.0
14;2021-01-16;271;2;9047;47;1.3;0.0
14;2021-01-17;145;7;9192;54;1.3;0.0
14;2021-01-18;1085;4;10277;58;1.5;0.0
14;2021-01-19;1152;2;11429;60;1.7;0.0
14;2021-01-20;1987;4;13416;64;1.9;0.0
14;2021-01-21;1814;6;15230;70;2.2;0.0
14;2021-01-22;1493;5;16723;75;2.4;0.0
14;2021-01-23;297;1;17020;76;2.5;0.0
14;2021-01-24;72;0;17092;76;2.5;0.0
14;2021-01-25;911;10;18003;86;2.6;0.0
14;2021-01-26;848;37;18851;123;2.7;0.0
14;2021-01-27;882;158;19733;281;2.9;0.0
14;2021-01-28;782;144;20515;425;3.0;0.1
14;2021-01-29;781;227;21296;652;3.1;0.1
14;2021-01-30;269;12;21565;664;3.1;0.1
14;2021-01-31;58;3;21623;667;3.1;0.1
14;2021-02-01;727;228;22350;895;3.2;0.1
14;2021-02-02;828;422;23178;1317;3.4;0.2
14;2021-02-03;761;388;23939;1705;3.5;0.2
14;2021-02-04;1169;2057;25108;3762;3.6;0.5
14;2021-02-05;1294;1314;26402;5076;3.8;0.7
14;2021-02-06;395;238;26797;5314;3.9;0.8
14;2021-02-07;179;72;26976;5386;3.9;0.8
14;2021-02-08;774;823;27750;6209;4.0;0.9
14;2021-02-09;722;1009;28472;7218;4.1;1.0
14;2021-02-10;824;1607;29296;8825;4.2;1.3
14;2021-02-11;1351;1430;30647;10255;4.4;1.5
14;2021-02-12;1381;1080;32028;11335;4.6;1.6
14;2021-02-13;308;186;32336;11521;4.7;1.7
14;2021-02-14;84;64;32420;11585;4.7;1.7
14;2021-02-15;441;1081;32861;12666;4.8;1.8
14;2021-02-16;679;978;33540;13644;4.9;2.0
14;2021-02-17;405;980;33945;14624;4.9;2.1
14;2021-02-18;706;884;34651;15508;5.0;2.2
14;2021-02-19;733;781;35384;16289;5.1;2.4
14;2021-02-20;88;271;35472;16560;5.1;2.4
14;2021-02-21;6;90;35478;16650;5.1;2.4
14;2021-02-22;431;1044;35909;17694;5.2;2.6
14;2021-02-23;486;920;36395;18614;5.3;2.7
14;2021-02-24;439;889;36834;19503;5.3;2.8
14;2021-02-25;1223;1177;38057;20680;5.5;3.0
14;2021-02-26;1576;1167;39633;21847;5.7;3.2
14;2021-02-27;507;267;40140;22114;5.8;3.2
14;2021-02-28;27;41;40167;22155;5.8;3.2
14;2021-03-01;522;927;40689;23082;5.9;3.3
14;2021-03-02;966;809;41655;23891;6.0;3.5
14;2021-03-03;1079;837;42734;24728;6.2;3.6
14;2021-03-04;1949;790;44683;25518;6.5;3.7
14;2021-03-05;2431;873;47114;26391;6.8;3.8
14;2021-03-06;3075;206;50189;26597;7.3;3.8
14;2021-03-07;1196;63;51385;26660;7.4;3.9
14;2021-03-08;1249;813;52634;27473;7.6;4.0
14;2021-03-09;1741;696;54375;28169;7.9;4.1
14;2021-03-10;1835;591;56210;28760;8.1;4.2
14;2021-03-11;2757;475;58967;29235;8.5;4.2
14;2021-03-12;4045;572;63012;29807;9.1;4.3
14;2021-03-13;1853;177;64865;29984;9.4;4.3
14;2021-03-14;31;39;64896;30023;9.4;4.3
14;2021-03-15;2005;141;66901;30164;9.7;4.4
14;2021-03-16;1401;277;68302;30441;9.9;4.4
14;2021-03-17;1155;196;69457;30637;10.0;4.4
14;2021-03-18;1480;303;70937;30940;10.3;4.5
14;2021-03-19;2608;269;73545;31209;10.6;4.5
14;2021-03-20;2657;41;76202;31250;11.0;4.5
14;2021-03-21;454;8;76656;31258;11.1;4.5
14;2021-03-22;1873;363;78529;31621;11.4;4.6
14;2021-03-23;2177;324;80706;31945;11.7;4.6
14;2021-03-24;2432;194;83138;32139;12.0;4.6
14;2021-03-25;3292;322;86430;32461;12.5;4.7
14;2021-03-26;4607;475;91037;32936;13.2;4.8
14;2021-03-27;2231;231;93268;33167;13.5;4.8
14;2021-03-28;36;1;93304;33168;13.5;4.8
14;2021-03-29;1613;483;94917;33651;13.7;4.9
14;2021-03-30;2722;516;97639;34167;14.1;4.9
14;2021-03-31;2325;923;99964;35090;14.5;5.1
14;2021-04-01;4174;1680;104138;36770;15.1;5.3
14;2021-04-02;3867;1271;108005;38041;15.6;5.5
14;2021-04-03;1128;1203;109133;39244;15.8;5.7
14;2021-04-04;25;482;109158;39726;15.8;5.7
14;2021-04-05;1219;324;110377;40050;16.0;5.8
14;2021-04-06;2383;997;112760;41047;16.3;5.9
14;2021-04-07;2729;1034;115489;42081;16.7;6.1
14;2021-04-08;4301;1121;119790;43202;17.3;6.2
14;2021-04-09;6030;1185;125820;44387;18.2;6.4
14;2021-04-10;2895;437;128715;44824;18.6;6.5
14;2021-04-11;628;121;129343;44945;18.7;6.5
14;2021-04-12;2915;1587;132258;46532;19.1;6.7
14;2021-04-13;3471;1448;135729;47980;19.6;6.9
14;2021-04-14;3121;1167;138850;49147;20.1;7.1
14;2021-04-15;4400;1510;143250;50657;20.7;7.3
14;2021-04-16;4600;1563;147850;52220;21.4;7.6
14;2021-04-17;2313;1666;150163;53886;21.7;7.8
14;2021-04-18;539;327;150702;54213;21.8;7.8
14;2021-04-19;2759;1707;153461;55920;22.2;8.1
14;2021-04-20;3390;1835;156851;57755;22.7;8.4
14;2021-04-21;3014;1473;159865;59228;23.1;8.6
14;2021-04-22;4227;2088;164092;61316;23.7;8.9
14;2021-04-23;4647;2298;168739;63614;24.4;9.2
14;2021-04-24;1852;1756;170591;65370;24.7;9.5
14;2021-04-25;456;28;171047;65398;24.7;9.5
14;2021-04-26;3378;1571;174425;66969;25.2;9.7
14;2021-04-27;3504;2575;177929;69544;25.7;10.1
14;2021-04-28;3245;1897;181174;71441;26.2;10.3
14;2021-04-29;4545;2310;185719;73751;26.9;10.7
14;2021-04-30;5124;2645;190843;76396;27.6;11.0
14;2021-05-01;3554;196;194397;76592;28.1;11.1
14;2021-05-02;1237;55;195634;76647;28.3;11.1
14;2021-05-03;2483;2771;198117;79418;28.7;11.5
14;2021-05-04;3127;2913;201244;82331;29.1;11.9
14;2021-05-05;3687;2757;204931;85088;29.6;12.3
14;2021-05-06;4930;3489;209861;88577;30.4;12.8
14;2021-05-07;4867;3853;214728;92430;31.1;13.4
14;2021-05-08;2728;1264;217456;93694;31.4;13.6
14;2021-05-09;1915;670;219371;94364;31.7;13.6
14;2021-05-10;3635;3151;223006;97515;32.3;14.1
14;2021-05-11;4346;3610;227352;101125;32.9;14.6
14;2021-05-12;4050;3219;231402;104344;33.5;15.1
14;2021-05-13;4690;1130;236092;105474;34.1;15.3
14;2021-05-14;6675;2631;242767;108105;35.1;15.6
14;2021-05-15;5144;778;247911;108883;35.9;15.7
14;2021-05-16;2319;120;250230;109003;36.2;15.8
14;2021-05-17;2820;2263;253050;111266;36.6;16.1
14;2021-05-18;4089;2243;257139;113509;37.2;16.4
14;2021-05-19;3753;2020;260892;115529;37.7;16.7
14;2021-05-20;4481;2770;265373;118299;38.4;17.1
14;2021-05-21;4274;3527;269647;121826;39.0;17.6
14;2021-05-22;1670;866;271317;122692;39.2;17.7
14;2021-05-23;649;71;271966;122763;39.3;17.8
14;2021-05-24;2845;750;274811;123513;39.7;17.9
14;2021-05-25;3636;3387;278447;126900;40.3;18.4
14;2021-05-26;3436;2406;281883;129306;40.8;18.7
14;2021-05-27;4771;3242;286654;132548;41.5;19.2
14;2021-05-28;5093;3894;291747;136442;42.2;19.7
14;2021-05-29;2341;2457;294088;138899;42.5;20.1
14;2021-05-30;761;239;294849;139138;42.6;20.1
14;2021-05-31;4092;2966;298941;142104;43.2;20.6
14;2021-06-01;5741;3219;304682;145323;44.1;21.0
14;2021-06-02;5029;2858;309711;148181;44.8;21.4
14;2021-06-03;6661;4019;316372;152200;45.8;22.0
14;2021-06-04;6445;5138;322817;157338;46.7;22.8
14;2021-06-05;4359;1865;327176;159203;47.3;23.0
14;2021-06-06;2045;83;329221;159286;47.6;23.0
14;2021-06-07;4250;3452;333471;162738;48.2;23.5
14;2021-06-08;5238;3132;338709;165870;49.0;24.0
14;2021-06-09;4274;2967;342983;168837;49.6;24.4
14;2021-06-10;5082;2973;348065;171810;50.3;24.8
14;2021-06-11;4843;4889;352908;176699;51.0;25.6
14;2021-06-12;3680;4516;356588;181215;51.6;26.2
14;2021-06-13;849;1090;357437;182305;51.7;26.4
14;2021-06-14;2184;3793;359621;186098;52.0;26.9
14;2021-06-15;3316;3972;362937;190070;52.5;27.5
14;2021-06-16;3448;4557;366385;194627;53.0;28.1
14;2021-06-17;4234;5270;370619;199897;53.6;28.9
14;2021-06-18;3734;6120;374353;206017;54.1;29.8
14;2021-06-19;2591;2953;376944;208970;54.5;30.2
14;2021-06-20;580;1556;377524;210526;54.6;30.4
14;2021-06-21;2123;4360;379647;214886;54.9;31.1
14;2021-06-22;2584;5179;382231;220065;55.3;31.8
14;2021-06-23;2501;4348;384732;224413;55.6;32.5
14;2021-06-24;3450;5809;388182;230222;56.1;33.3
14;2021-06-25;2750;7276;390932;237498;56.5;34.3
14;2021-06-26;2176;4540;393108;242038;56.9;35.0
14;2021-06-27;440;1828;393548;243866;56.9;35.3
14;2021-06-28;1311;3971;394859;247837;57.1;35.8
14;2021-06-29;1789;5365;396648;253202;57.4;36.6
14;2021-06-30;2023;4619;398671;257821;57.7;37.3
14;2021-07-01;2933;5069;401604;262890;58.1;38.0
14;2021-07-02;2599;6668;404203;269558;58.5;39.0
14;2021-07-03;1429;2646;405632;272204;58.7;39.4
14;2021-07-04;422;713;406054;272917;58.7;39.5
14;2021-07-05;1191;4780;407245;277697;58.9;40.2
14;2021-07-06;2093;6004;409338;283701;59.2;41.0
14;2021-07-07;2260;4576;411598;288277;59.5;41.7
14;2021-07-08;2909;5526;414507;293803;59.9;42.5
14;2021-07-09;2769;6434;417276;300237;60.3;43.4
14;2021-07-10;2041;3201;419317;303438;60.6;43.9
14;2021-07-11;900;872;420217;304310;60.8;44.0
14;2021-07-12;1634;5900;421851;310210;61.0;44.9
14;2021-07-13;3080;7342;424931;317552;61.5;45.9
14;2021-07-14;2258;3061;427189;320613;61.8;46.4
14;2021-07-15;4170;7658;431359;328271;62.4;47.5
14;2021-07-16;4707;7691;436066;335962;63.1;48.6
14;2021-07-17;2115;4208;438181;340170;63.4;49.2
14;2021-07-18;821;1869;439002;342039;63.5;49.5
14;2021-07-19;2595;6127;441597;348166;63.9;50.4
14;2021-07-20;3242;7256;444839;355422;64.3;51.4
14;2021-07-21;4101;5843;448940;361265;64.9;52.2
14;2021-07-22;4846;6606;453786;367871;65.6;53.2
14;2021-07-23;5380;6768;459166;374639;66.4;54.2
14;2021-07-24;3081;3796;462247;378435;66.9;54.7
14;2021-07-25;1505;1247;463752;379682;67.1;54.9
14;2021-07-26;4678;4188;468430;383870;67.7;55.5
14;2021-07-27;5391;4362;473821;388232;68.5;56.1
14;2021-07-28;5110;3970;478931;392202;69.3;56.7
14;2021-07-29;6434;4880;485365;397082;70.2;57.4
14;2021-07-30;5827;5167;491192;402249;71.0;58.2
14;2021-07-31;2764;2505;493956;404754;71.4;58.5
14;2021-08-01;1890;933;495846;405687;71.7;58.7
14;2021-08-02;3890;4295;499736;409982;72.3;59.3
14;2021-08-03;4467;4169;504203;414151;72.9;59.9
14;2021-08-04;4540;3542;508743;417693;73.6;60.4
14;2021-08-05;4640;4030;513383;421723;74.2;61.0
14;2021-08-06;4414;4809;517797;426532;74.9;61.7
14;2021-08-07;2126;2300;519923;428832;75.2;62.0
14;2021-08-08;635;854;520558;429686;75.3;62.1
14;2021-08-09;2123;2880;522681;432566;75.6;62.6
14;2021-08-10;3647;4174;526328;436740;76.1;63.2
14;2021-08-11;3056;3461;529384;440201;76.6;63.7
14;2021-08-12;3463;4345;532847;444546;77.1;64.3
14;2021-08-13;2622;4136;535469;448682;77.4;64.9
14;2021-08-14;1409;2003;536878;450685;77.6;65.2
14;2021-08-15;390;1483;537268;452168;77.7;65.4
14;2021-08-16;1824;2778;539092;454946;78.0;65.8
14;2021-08-17;2257;4565;541349;459511;78.3;66.5
14;2021-08-18;2057;4524;543406;464035;78.6;67.1
14;2021-08-19;2324;5084;545730;469119;78.9;67.8
14;2021-08-20;2179;5401;547909;474520;79.2;68.6
14;2021-08-21;1010;2829;548919;477349;79.4;69.0
14;2021-08-22;170;1564;549089;478913;79.4;69.3
14;2021-08-23;1258;4167;550347;483080;79.6;69.9
14;2021-08-24;1323;4301;551670;487381;79.8;70.5
14;2021-08-25;1390;4394;553060;491775;80.0;71.1
14;2021-08-26;1411;5069;554471;496844;80.2;71.9
15;2020-12-27;2;0;2;0;0.0;0.0
15;2020-12-28;0;0;2;0;0.0;0.0
15;2020-12-29;0;0;2;0;0.0;0.0
15;2020-12-30;0;0;2;0;0.0;0.0
15;2020-12-31;0;0;2;0;0.0;0.0
15;2021-01-01;1;0;3;0;0.0;0.0
15;2021-01-02;0;0;3;0;0.0;0.0
15;2021-01-03;0;0;3;0;0.0;0.0
15;2021-01-04;0;0;3;0;0.0;0.0
15;2021-01-05;0;0;3;0;0.0;0.0
15;2021-01-06;0;0;3;0;0.0;0.0
15;2021-01-07;72;0;75;0;0.1;0.0
15;2021-01-08;110;0;185;0;0.1;0.0
15;2021-01-09;0;0;185;0;0.1;0.0
15;2021-01-10;2;0;187;0;0.1;0.0
15;2021-01-11;99;0;286;0;0.2;0.0
15;2021-01-12;94;0;380;0;0.3;0.0
15;2021-01-13;230;0;610;0;0.4;0.0
15;2021-01-14;309;1;919;1;0.6;0.0
15;2021-01-15;138;0;1057;1;0.7;0.0
15;2021-01-16;90;0;1147;1;0.8;0.0
15;2021-01-17;0;0;1147;1;0.8;0.0
15;2021-01-18;404;2;1551;3;1.1;0.0
15;2021-01-19;550;0;2101;3;1.5;0.0
15;2021-01-20;627;1;2728;4;1.9;0.0
15;2021-01-21;577;4;3305;8;2.3;0.0
15;2021-01-22;503;2;3808;10;2.7;0.0
15;2021-01-23;432;1;4240;11;3.0;0.0
15;2021-01-24;6;0;4246;11;3.0;0.0
15;2021-01-25;400;0;4646;11;3.3;0.0
15;2021-01-26;437;0;5083;11;3.6;0.0
15;2021-01-27;735;7;5818;18;4.1;0.0
15;2021-01-28;624;53;6442;71;4.5;0.0
15;2021-01-29;335;82;6777;153;4.7;0.1
15;2021-01-30;218;3;6995;156;4.9;0.1
15;2021-01-31;1;1;6996;157;4.9;0.1
15;2021-02-01;239;89;7235;246;5.1;0.2
15;2021-02-02;188;91;7423;337;5.2;0.2
15;2021-02-03;267;159;7690;496;5.4;0.3
15;2021-02-04;663;205;8353;701;5.8;0.5
15;2021-02-05;296;256;8649;957;6.1;0.7
15;2021-02-06;98;76;8747;1033;6.1;0.7
15;2021-02-07;0;0;8747;1033;6.1;0.7
15;2021-02-08;233;107;8980;1140;6.3;0.8
15;2021-02-09;205;119;9185;1259;6.4;0.9
15;2021-02-10;338;300;9523;1559;6.7;1.1
15;2021-02-11;117;239;9640;1798;6.8;1.3
15;2021-02-12;136;160;9776;1958;6.8;1.4
15;2021-02-13;92;78;9868;2036;6.9;1.4
15;2021-02-14;0;0;9868;2036;6.9;1.4
15;2021-02-15;63;215;9931;2251;7.0;1.6
15;2021-02-16;52;295;9983;2546;7.0;1.8
15;2021-02-17;134;473;10117;3019;7.1;2.1
15;2021-02-18;87;755;10204;3774;7.1;2.6
15;2021-02-19;90;429;10294;4203;7.2;2.9
15;2021-02-20;20;259;10314;4462;7.2;3.1
15;2021-02-21;0;0;10314;4462;7.2;3.1
15;2021-02-22;23;497;10337;4959;7.2;3.5
15;2021-02-23;180;457;10517;5416;7.4;3.8
15;2021-02-24;31;456;10548;5872;7.4;4.1
15;2021-02-25;228;1002;10776;6874;7.5;4.8
15;2021-02-26;186;476;10962;7350;7.7;5.1
15;2021-02-27;145;88;11107;7438;7.8;5.2
15;2021-02-28;1;0;11108;7438;7.8;5.2
15;2021-03-01;121;222;11229;7660;7.9;5.4
15;2021-03-02;250;307;11479;7967;8.0;5.6
15;2021-03-03;207;29;11686;7996;8.2;5.6
15;2021-03-04;246;247;11932;8243;8.4;5.8
15;2021-03-05;348;174;12280;8417;8.6;5.9
15;2021-03-06;680;11;12960;8428;9.1;5.9
15;2021-03-07;81;2;13041;8430;9.1;5.9
15;2021-03-08;93;107;13134;8537;9.2;6.0
15;2021-03-09;281;293;13415;8830;9.4;6.2
15;2021-03-10;417;180;13832;9010;9.7;6.3
15;2021-03-11;434;296;14266;9306;10.0;6.5
15;2021-03-12;525;96;14791;9402;10.4;6.6
15;2021-03-13;355;7;15146;9409;10.6;6.6
15;2021-03-14;18;0;15164;9409;10.6;6.6
15;2021-03-15;542;64;15706;9473;11.0;6.6
15;2021-03-16;328;21;16034;9494;11.2;6.6
15;2021-03-17;130;53;16164;9547;11.3;6.7
15;2021-03-18;250;96;16414;9643;11.5;6.8
15;2021-03-19;669;32;17083;9675;12.0;6.8
15;2021-03-20;148;36;17231;9711;12.1;6.8
15;2021-03-21;6;0;17237;9711;12.1;6.8
15;2021-03-22;575;79;17812;9790;12.5;6.9
15;2021-03-23;775;98;18587;9888;13.0;6.9
15;2021-03-24;937;35;19524;9923;13.7;6.9
15;2021-03-25;1282;33;20806;9956;14.6;7.0
15;2021-03-26;1009;61;21815;10017;15.3;7.0
15;2021-03-27;301;6;22116;10023;15.5;7.0
15;2021-03-28;20;0;22136;10023;15.5;7.0
15;2021-03-29;781;18;22917;10041;16.0;7.0
15;2021-03-30;1134;201;24051;10242;16.8;7.2
15;2021-03-31;941;23;24992;10265;17.5;7.2
15;2021-04-01;1233;60;26225;10325;18.4;7.2
15;2021-04-02;1142;61;27367;10386;19.2;7.3
15;2021-04-03;120;18;27487;10404;19.2;7.3
15;2021-04-04;0;0;27487;10404;19.2;7.3
15;2021-04-05;33;1;27520;10405;19.3;7.3
15;2021-04-06;834;86;28354;10491;19.9;7.3
15;2021-04-07;663;105;29017;10596;20.3;7.4
15;2021-04-08;1247;149;30264;10745;21.2;7.5
15;2021-04-09;1277;101;31541;10846;22.1;7.6
15;2021-04-10;364;20;31905;10866;22.3;7.6
15;2021-04-11;14;0;31919;10866;22.4;7.6
15;2021-04-12;644;458;32563;11324;22.8;7.9
15;2021-04-13;1124;323;33687;11647;23.6;8.2
15;2021-04-14;1039;200;34726;11847;24.3;8.3
15;2021-04-15;1183;310;35909;12157;25.1;8.5
15;2021-04-16;1038;555;36947;12712;25.9;8.9
15;2021-04-17;445;13;37392;12725;26.2;8.9
15;2021-04-18;0;10;37392;12735;26.2;8.9
15;2021-04-19;539;514;37931;13249;26.6;9.3
15;2021-04-20;847;614;38778;13863;27.2;9.7
15;2021-04-21;594;651;39372;14514;27.6;10.2
15;2021-04-22;728;776;40100;15290;28.1;10.7
15;2021-04-23;731;681;40831;15971;28.6;11.2
15;2021-04-24;363;123;41194;16094;28.8;11.3
15;2021-04-25;1;3;41195;16097;28.8;11.3
15;2021-04-26;325;632;41520;16729;29.1;11.7
15;2021-04-27;469;941;41989;17670;29.4;12.4
15;2021-04-28;383;788;42372;18458;29.7;12.9
15;2021-04-29;586;1012;42958;19470;30.1;13.6
15;2021-04-30;547;1078;43505;20548;30.5;14.4
15;2021-05-01;283;30;43788;20578;30.7;14.4
15;2021-05-02;0;0;43788;20578;30.7;14.4
15;2021-05-03;881;331;44669;20909;31.3;14.6
15;2021-05-04;802;857;45471;21766;31.8;15.2
15;2021-05-05;676;680;46147;22446;32.3;15.7
15;2021-05-06;826;967;46973;23413;32.9;16.4
15;2021-05-07;1154;906;48127;24319;33.7;17.0
15;2021-05-08;491;55;48618;24374;34.0;17.1
15;2021-05-09;24;9;48642;24383;34.1;17.1
15;2021-05-10;705;914;49347;25297;34.6;17.7
15;2021-05-11;1185;1185;50532;26482;35.4;18.5
15;2021-05-12;1147;837;51679;27319;36.2;19.1
15;2021-05-13;1165;440;52844;27759;37.0;19.4
15;2021-05-14;1504;583;54348;28342;38.1;19.8
15;2021-05-15;1410;417;55758;28759;39.0;20.1
15;2021-05-16;1;10;55759;28769;39.0;20.1
15;2021-05-17;999;606;56758;29375;39.7;20.6
15;2021-05-18;1222;972;57980;30347;40.6;21.2
15;2021-05-19;1020;460;59000;30807;41.3;21.6
15;2021-05-20;1239;781;60239;31588;42.2;22.1
15;2021-05-21;1349;749;61588;32337;43.1;22.6
15;2021-05-22;527;189;62115;32526;43.5;22.8
15;2021-05-23;2;11;62117;32537;43.5;22.8
15;2021-05-24;693;257;62810;32794;44.0;23.0
15;2021-05-25;1151;620;63961;33414;44.8;23.4
15;2021-05-26;1095;459;65056;33873;45.6;23.7
15;2021-05-27;1270;660;66326;34533;46.4;24.2
15;2021-05-28;1509;886;67835;35419;47.5;24.8
15;2021-05-29;984;361;68819;35780;48.2;25.1
15;2021-05-30;14;25;68833;35805;48.2;25.1
15;2021-05-31;1201;480;70034;36285;49.0;25.4
15;2021-06-01;1400;571;71434;36856;50.0;25.8
15;2021-06-02;865;419;72299;37275;50.6;26.1
15;2021-06-03;932;708;73231;37983;51.3;26.6
15;2021-06-04;1076;719;74307;38702;52.0;27.1
15;2021-06-05;651;264;74958;38966;52.5;27.3
15;2021-06-06;16;20;74974;38986;52.5;27.3
15;2021-06-07;797;350;75771;39336;53.1;27.5
15;2021-06-08;477;396;76248;39732;53.4;27.8
15;2021-06-09;377;377;76625;40109;53.7;28.1
15;2021-06-10;275;423;76900;40532;53.8;28.4
15;2021-06-11;661;1100;77561;41632;54.3;29.2
15;2021-06-12;377;467;77938;42099;54.6;29.5
15;2021-06-13;11;6;77949;42105;54.6;29.5
15;2021-06-14;542;977;78491;43082;55.0;30.2
15;2021-06-15;450;1164;78941;44246;55.3;31.0
15;2021-06-16;543;899;79484;45145;55.7;31.6
15;2021-06-17;290;935;79774;46080;55.9;32.3
15;2021-06-18;741;1205;80515;47285;56.4;33.1
15;2021-06-19;543;705;81058;47990;56.8;33.6
15;2021-06-20;11;1;81069;47991;56.8;33.6
15;2021-06-21;280;1040;81349;49031;57.0;34.3
15;2021-06-22;232;1479;81581;50510;57.1;35.4
15;2021-06-23;346;1446;81927;51956;57.4;36.4
15;2021-06-24;292;1093;82219;53049;57.6;37.1
15;2021-06-25;379;1642;82598;54691;57.8;38.3
15;2021-06-26;165;908;82763;55599;58.0;38.9
15;2021-06-27;0;0;82763;55599;58.0;38.9
15;2021-06-28;176;1227;82939;56826;58.1;39.8
15;2021-06-29;302;1265;83241;58091;58.3;40.7
15;2021-06-30;268;982;83509;59073;58.5;41.4
15;2021-07-01;381;1220;83890;60293;58.7;42.2
15;2021-07-02;410;1349;84300;61642;59.0;43.2
15;2021-07-03;251;707;84551;62349;59.2;43.7
15;2021-07-04;1;1;84552;62350;59.2;43.7
15;2021-07-05;248;1258;84800;63608;59.4;44.5
15;2021-07-06;274;1468;85074;65076;59.6;45.6
15;2021-07-07;256;1345;85330;66421;59.8;46.5
15;2021-07-08;489;1353;85819;67774;60.1;47.5
15;2021-07-09;488;1785;86307;69559;60.4;48.7
15;2021-07-10;215;865;86522;70424;60.6;49.3
15;2021-07-11;9;5;86531;70429;60.6;49.3
15;2021-07-12;275;1485;86806;71914;60.8;50.4
15;2021-07-13;587;1767;87393;73681;61.2;51.6
15;2021-07-14;15;130;87408;73811;61.2;51.7
15;2021-07-15;1132;729;88540;74540;62.0;52.2
15;2021-07-16;1138;1337;89678;75877;62.8;53.1
15;2021-07-17;820;953;90498;76830;63.4;53.8
15;2021-07-18;0;3;90498;76833;63.4;53.8
15;2021-07-19;1074;1271;91572;78104;64.1;54.7
15;2021-07-20;1614;569;93186;78673;65.3;55.1
15;2021-07-21;1187;604;94373;79277;66.1;55.5
15;2021-07-22;894;513;95267;79790;66.7;55.9
15;2021-07-23;1339;1063;96606;80853;67.6;56.6
15;2021-07-24;626;770;97232;81623;68.1;57.2
15;2021-07-25;1;24;97233;81647;68.1;57.2
15;2021-07-26;1247;597;98480;82244;69.0;57.6
15;2021-07-27;1687;572;100167;82816;70.1;58.0
15;2021-07-28;1237;585;101404;83401;71.0;58.4
15;2021-07-29;837;400;102241;83801;71.6;58.7
15;2021-07-30;1007;1132;103248;84933;72.3;59.5
15;2021-07-31;603;638;103851;85571;72.7;59.9
15;2021-08-01;21;12;103872;85583;72.7;59.9
15;2021-08-02;1142;543;105014;86126;73.5;60.3
15;2021-08-03;1158;383;106172;86509;74.3;60.6
15;2021-08-04;789;409;106961;86918;74.9;60.9
15;2021-08-05;383;284;107344;87202;75.2;61.1
15;2021-08-06;788;1240;108132;88442;75.7;61.9
15;2021-08-07;263;1164;108395;89606;75.9;62.7
15;2021-08-08;3;6;108398;89612;75.9;62.7
15;2021-08-09;512;1166;108910;90778;76.3;63.6
15;2021-08-10;432;726;109342;91504;76.6;64.1
15;2021-08-11;411;1009;109753;92513;76.9;64.8
15;2021-08-12;523;1184;110276;93697;77.2;65.6
15;2021-08-13;680;1138;110956;94835;77.7;66.4
15;2021-08-14;178;552;111134;95387;77.8;66.8
15;2021-08-15;16;9;111150;95396;77.8;66.8
15;2021-08-16;387;1134;111537;96530;78.1;67.6
15;2021-08-17;398;1141;111935;97671;78.4;68.4
15;2021-08-18;368;802;112303;98473;78.6;69.0
15;2021-08-19;297;879;112600;99352;78.8;69.6
15;2021-08-20;600;1210;113200;100562;79.3;70.4
15;2021-08-21;217;866;113417;101428;79.4;71.0
15;2021-08-22;12;26;113429;101454;79.4;71.0
15;2021-08-23;228;611;113657;102065;79.6;71.5
15;2021-08-24;241;589;113898;102654;79.8;71.9
15;2021-08-25;150;492;114048;103146;79.9;72.2
15;2021-08-26;132;360;114180;103506;80.0;72.5
16;2020-12-27;0;0;0;0;0.0;0.0
16;2020-12-28;2;0;2;0;0.0;0.0
16;2020-12-29;0;0;2;0;0.0;0.0
16;2020-12-30;0;0;2;0;0.0;0.0
16;2020-12-31;0;0;2;0;0.0;0.0
16;2021-01-01;0;0;2;0;0.0;0.0
16;2021-01-02;0;0;2;0;0.0;0.0
16;2021-01-03;0;0;2;0;0.0;0.0
16;2021-01-04;1;0;3;0;0.0;0.0
16;2021-01-05;1;0;4;0;0.0;0.0
16;2021-01-06;88;0;92;0;0.0;0.0
16;2021-01-07;239;0;331;0;0.1;0.0
16;2021-01-08;465;2;796;2;0.2;0.0
16;2021-01-09;1;0;797;2;0.2;0.0
16;2021-01-10;1;0;798;2;0.2;0.0
16;2021-01-11;304;0;1102;2;0.3;0.0
16;2021-01-12;437;1;1539;3;0.4;0.0
16;2021-01-13;480;0;2019;3;0.6;0.0
16;2021-01-14;600;7;2619;10;0.8;0.0
16;2021-01-15;504;3;3123;13;0.9;0.0
16;2021-01-16;0;0;3123;13;0.9;0.0
16;2021-01-17;0;0;3123;13;0.9;0.0
16;2021-01-18;430;5;3553;18;1.0;0.0
16;2021-01-19;833;2;4386;20;1.3;0.0
16;2021-01-20;1184;2;5570;22;1.6;0.0
16;2021-01-21;1365;3;6935;25;2.0;0.0
16;2021-01-22;1113;0;8048;25;2.3;0.0
16;2021-01-23;183;0;8231;25;2.4;0.0
16;2021-01-24;0;0;8231;25;2.4;0.0
16;2021-01-25;641;2;8872;27;2.5;0.0
16;2021-01-26;1026;1;9898;28;2.8;0.0
16;2021-01-27;1406;105;11304;133;3.2;0.0
16;2021-01-28;1260;60;12564;193;3.6;0.1
16;2021-01-29;742;140;13306;333;3.8;0.1
16;2021-01-30;36;0;13342;333;3.8;0.1
16;2021-01-31;0;0;13342;333;3.8;0.1
16;2021-02-01;394;203;13736;536;3.9;0.2
16;2021-02-02;576;174;14312;710;4.1;0.2
16;2021-02-03;621;351;14933;1061;4.3;0.3
16;2021-02-04;464;270;15397;1331;4.4;0.4
16;2021-02-05;505;274;15902;1605;4.6;0.5
16;2021-02-06;3;80;15905;1685;4.6;0.5
16;2021-02-07;41;3;15946;1688;4.6;0.5
16;2021-02-08;356;218;16302;1906;4.7;0.5
16;2021-02-09;649;295;16951;2201;4.9;0.6
16;2021-02-10;693;678;17644;2879;5.1;0.8
16;2021-02-11;800;613;18444;3492;5.3;1.0
16;2021-02-12;623;833;19067;4325;5.5;1.2
16;2021-02-13;42;78;19109;4403;5.5;1.3
16;2021-02-14;2;7;19111;4410;5.5;1.3
16;2021-02-15;216;661;19327;5071;5.6;1.5
16;2021-02-16;374;952;19701;6023;5.7;1.7
16;2021-02-17;347;1305;20048;7328;5.8;2.1
16;2021-02-18;511;1250;20559;8578;5.9;2.5
16;2021-02-19;389;784;20948;9362;6.0;2.7
16;2021-02-20;2;8;20950;9370;6.0;2.7
16;2021-02-21;2;0;20952;9370;6.0;2.7
16;2021-02-22;135;528;21087;9898;6.1;2.8
16;2021-02-23;205;922;21292;10820;6.1;3.1
16;2021-02-24;274;895;21566;11715;6.2;3.4
16;2021-02-25;395;689;21961;12404;6.3;3.6
16;2021-02-26;478;501;22439;12905;6.4;3.7
16;2021-02-27;249;1;22688;12906;6.5;3.7
16;2021-02-28;5;5;22693;12911;6.5;3.7
16;2021-03-01;152;328;22845;13239;6.6;3.8
16;2021-03-02;272;668;23117;13907;6.6;4.0
16;2021-03-03;391;726;23508;14633;6.8;4.2
16;2021-03-04;805;571;24313;15204;7.0;4.4
16;2021-03-05;1142;542;25455;15746;7.3;4.5
16;2021-03-06;751;13;26206;15759;7.5;4.5
16;2021-03-07;94;18;26300;15777;7.6;4.5
16;2021-03-08;436;319;26736;16096;7.7;4.6
16;2021-03-09;774;699;27510;16795;7.9;4.8
16;2021-03-10;606;665;28116;17460;8.1;5.0
16;2021-03-11;1445;532;29561;17992;8.5;5.2
16;2021-03-12;1164;460;30725;18452;8.8;5.3
16;2021-03-13;765;14;31490;18466;9.0;5.3
16;2021-03-14;1;0;31491;18466;9.0;5.3
16;2021-03-15;461;184;31952;18650;9.2;5.4
16;2021-03-16;859;421;32811;19071;9.4;5.5
16;2021-03-17;590;284;33401;19355;9.6;5.6
16;2021-03-18;1032;283;34433;19638;9.9;5.6
16;2021-03-19;1101;248;35534;19886;10.2;5.7
16;2021-03-20;396;5;35930;19891;10.3;5.7
16;2021-03-21;9;0;35939;19891;10.3;5.7
16;2021-03-22;727;101;36666;19992;10.5;5.7
16;2021-03-23;1463;104;38129;20096;11.0;5.8
16;2021-03-24;1120;185;39249;20281;11.3;5.8
16;2021-03-25;2046;90;41295;20371;11.9;5.9
16;2021-03-26;1916;98;43211;20469;12.4;5.9
16;2021-03-27;433;22;43644;20491;12.5;5.9
16;2021-03-28;0;0;43644;20491;12.5;5.9
16;2021-03-29;925;60;44569;20551;12.8;5.9
16;2021-03-30;1883;180;46452;20731;13.3;6.0
16;2021-03-31;1514;134;47966;20865;13.8;6.0
16;2021-04-01;2009;401;49975;21266;14.4;6.1
16;2021-04-02;1442;379;51417;21645;14.8;6.2
16;2021-04-03;288;5;51705;21650;14.9;6.2
16;2021-04-04;1;0;51706;21650;14.9;6.2
16;2021-04-05;2;0;51708;21650;14.9;6.2
16;2021-04-06;2013;544;53721;22194;15.4;6.4
16;2021-04-07;1953;403;55674;22597;16.0;6.5
16;2021-04-08;2824;587;58498;23184;16.8;6.7
16;2021-04-09;2694;554;61192;23738;17.6;6.8
16;2021-04-10;1290;37;62482;23775;17.9;6.8
16;2021-04-11;2;0;62484;23775;17.9;6.8
16;2021-04-12;1432;315;63916;24090;18.4;6.9
16;2021-04-13;2125;841;66041;24931;19.0;7.2
16;2021-04-14;1952;633;67993;25564;19.5;7.3
16;2021-04-15;2102;984;70095;26548;20.1;7.6
16;2021-04-16;2045;787;72140;27335;20.7;7.9
16;2021-04-17;1507;90;73647;27425;21.2;7.9
16;2021-04-18;197;3;73844;27428;21.2;7.9
16;2021-04-19;1440;524;75284;27952;21.6;8.0
16;2021-04-20;2054;1233;77338;29185;22.2;8.4
16;2021-04-21;1777;749;79115;29934;22.7;8.6
16;2021-04-22;2292;1007;81407;30941;23.4;8.9
16;2021-04-23;2363;1172;83770;32113;24.1;9.2
16;2021-04-24;829;38;84599;32151;24.3;9.2
16;2021-04-25;117;7;84716;32158;24.3;9.2
16;2021-04-26;1401;809;86117;32967;24.7;9.5
16;2021-04-27;2057;1418;88174;34385;25.3;9.9
16;2021-04-28;1591;1128;89765;35513;25.8;10.2
16;2021-04-29;2250;1498;92015;37011;26.4;10.6
16;2021-04-30;2857;1343;94872;38354;27.2;11.0
16;2021-05-01;353;60;95225;38414;27.3;11.0
16;2021-05-02;155;13;95380;38427;27.4;11.0
16;2021-05-03;2611;537;97991;38964;28.1;11.2
16;2021-05-04;2061;2046;100052;41010;28.7;11.8
16;2021-05-05;1688;1831;101740;42841;29.2;12.3
16;2021-05-06;1888;2245;103628;45086;29.8;12.9
16;2021-05-07;3071;2124;106699;47210;30.6;13.6
16;2021-05-08;1198;468;107897;47678;31.0;13.7
16;2021-05-09;530;26;108427;47704;31.1;13.7
16;2021-05-10;1930;1625;110357;49329;31.7;14.2
16;2021-05-11;2354;1963;112711;51292;32.4;14.7
16;2021-05-12;1732;1799;114443;53091;32.9;15.2
16;2021-05-13;1461;355;115904;53446;33.3;15.4
16;2021-05-14;1989;1562;117893;55008;33.9;15.8
16;2021-05-15;596;896;118489;55904;34.0;16.1
16;2021-05-16;132;6;118621;55910;34.1;16.1
16;2021-05-17;1609;1286;120230;57196;34.5;16.4
16;2021-05-18;2759;1427;122989;58623;35.3;16.8
16;2021-05-19;2006;1239;124995;59862;35.9;17.2
16;2021-05-20;2833;1389;127828;61251;36.7;17.6
16;2021-05-21;2945;1400;130773;62651;37.6;18.0
16;2021-05-22;412;711;131185;63362;37.7;18.2
16;2021-05-23;210;11;131395;63373;37.7;18.2
16;2021-05-24;1262;234;132657;63607;38.1;18.3
16;2021-05-25;2762;1461;135419;65068;38.9;18.7
16;2021-05-26;1834;1188;137253;66256;39.4;19.0
16;2021-05-27;2418;1582;139671;67838;40.1;19.5
16;2021-05-28;2897;1569;142568;69407;40.9;19.9
16;2021-05-29;814;883;143382;70290;41.2;20.2
16;2021-05-30;1;4;143383;70294;41.2;20.2
16;2021-05-31;1984;1104;145367;71398;41.8;20.5
16;2021-06-01;2344;1715;147711;73113;42.4;21.0
16;2021-06-02;1822;1504;149533;74617;42.9;21.4
16;2021-06-03;2622;1762;152155;76379;43.7;21.9
16;2021-06-04;2834;2032;154989;78411;44.5;22.5
16;2021-06-05;1006;549;155995;78960;44.8;22.7
16;2021-06-06;161;28;156156;78988;44.8;22.7
16;2021-06-07;1991;1282;158147;80270;45.4;23.1
16;2021-06-08;2396;1998;160543;82268;46.1;23.6
16;2021-06-09;2529;1615;163072;83883;46.8;24.1
16;2021-06-10;2571;2004;165643;85887;47.6;24.7
16;2021-06-11;2152;2737;167795;88624;48.2;25.5
16;2021-06-12;1614;517;169409;89141;48.7;25.6
16;2021-06-13;261;72;169670;89213;48.7;25.6
16;2021-06-14;796;2797;170466;92010;49.0;26.4
16;2021-06-15;1865;2624;172331;94634;49.5;27.2
16;2021-06-16;1577;2087;173908;96721;49.9;27.8
16;2021-06-17;2041;2510;175949;99231;50.5;28.5
16;2021-06-18;2061;3220;178010;102451;51.1;29.4
16;2021-06-19;1352;1311;179362;103762;51.5;29.8
16;2021-06-20;243;28;179605;103790;51.6;29.8
16;2021-06-21;1411;2171;181016;105961;52.0;30.4
16;2021-06-22;1675;2943;182691;108904;52.5;31.3
16;2021-06-23;1566;2020;184257;110924;52.9;31.9
16;2021-06-24;1927;2167;186184;113091;53.5;32.5
16;2021-06-25;1983;2727;188167;115818;54.0;33.3
16;2021-06-26;1061;724;189228;116542;54.3;33.5
16;2021-06-27;132;25;189360;116567;54.4;33.5
16;2021-06-28;1164;1965;190524;118532;54.7;34.0
16;2021-06-29;1282;3358;191806;121890;55.1;35.0
16;2021-06-30;1337;2713;193143;124603;55.5;35.8
16;2021-07-01;1862;3158;195005;127761;56.0;36.7
16;2021-07-02;1425;3581;196430;131342;56.4;37.7
16;2021-07-03;695;1111;197125;132453;56.6;38.0
16;2021-07-04;3;15;197128;132468;56.6;38.0
16;2021-07-05;816;2297;197944;134765;56.9;38.7
16;2021-07-06;1278;3366;199222;138131;57.2;39.7
16;2021-07-07;868;2277;200090;140408;57.5;40.3
16;2021-07-08;1234;2737;201324;143145;57.8;41.1
16;2021-07-09;1111;3709;202435;146854;58.1;42.2
16;2021-07-10;338;1339;202773;148193;58.2;42.6
16;2021-07-11;2;13;202775;148206;58.2;42.6
16;2021-07-12;634;2439;203409;150645;58.4;43.3
16;2021-07-13;1391;3532;204800;154177;58.8;44.3
16;2021-07-14;799;877;205599;155054;59.0;44.5
16;2021-07-15;1249;3410;206848;158464;59.4;45.5
16;2021-07-16;1497;3385;208345;161849;59.8;46.5
16;2021-07-17;538;1188;208883;163037;60.0;46.8
16;2021-07-18;14;6;208897;163043;60.0;46.8
16;2021-07-19;618;2855;209515;165898;60.2;47.6
16;2021-07-20;1122;3290;210637;169188;60.5;48.6
16;2021-07-21;1119;2619;211756;171807;60.8;49.3
16;2021-07-22;1871;2864;213627;174671;61.4;50.2
16;2021-07-23;1542;3545;215169;178216;61.8;51.2
16;2021-07-24;638;1212;215807;179428;62.0;51.5
16;2021-07-25;11;11;215818;179439;62.0;51.5
16;2021-07-26;1527;2127;217345;181566;62.4;52.1
16;2021-07-27;1868;2821;219213;184387;63.0;53.0
16;2021-07-28;1860;2320;221073;186707;63.5;53.6
16;2021-07-29;2241;2475;223314;189182;64.1;54.3
16;2021-07-30;2350;3111;225664;192293;64.8;55.2
16;2021-07-31;957;1354;226621;193647;65.1;55.6
16;2021-08-01;188;22;226809;193669;65.1;55.6
16;2021-08-02;2116;1829;228925;195498;65.7;56.1
16;2021-08-03;2115;2334;231040;197832;66.4;56.8
16;2021-08-04;2114;1885;233154;199717;67.0;57.4
16;2021-08-05;2758;1654;235912;201371;67.8;57.8
16;2021-08-06;2504;2363;238416;203734;68.5;58.5
16;2021-08-07;829;559;239245;204293;68.7;58.7
16;2021-08-08;34;37;239279;204330;68.7;58.7
16;2021-08-09;2176;1061;241455;205391;69.3;59.0
16;2021-08-10;2884;1586;244339;206977;70.2;59.4
16;2021-08-11;2595;1236;246934;208213;70.9;59.8
16;2021-08-12;1994;1736;248928;209949;71.5;60.3
16;2021-08-13;2663;1463;251591;211412;72.3;60.7
16;2021-08-14;752;453;252343;211865;72.5;60.8
16;2021-08-15;27;4;252370;211869;72.5;60.9
16;2021-08-16;1333;1581;253703;213450;72.9;61.3
16;2021-08-17;1816;1624;255519;215074;73.4;61.8
16;2021-08-18;1585;1469;257104;216543;73.8;62.2
16;2021-08-19;1509;1774;258613;218317;74.3;62.7
16;2021-08-20;1599;1899;260212;220216;74.7;63.2
16;2021-08-21;558;826;260770;221042;74.9;63.5
16;2021-08-22;4;5;260774;221047;74.9;63.5
16;2021-08-23;988;2065;261762;223112;75.2;64.1
16;2021-08-24;1035;2376;262797;225488;75.5;64.8
16;2021-08-25;869;1774;263666;227262;75.7;65.3
16;2021-08-26;851;2523;264517;229785;76.0;66.0
17;2020-12-27;0;0;0;0;0.0;0.0
17;2020-12-28;0;0;0;0;0.0;0.0
17;2020-12-29;0;0;0;0;0.0;0.0
17;2020-12-30;1;0;1;0;0.0;0.0
17;2020-12-31;0;0;1;0;0.0;0.0
17;2021-01-01;1;0;2;0;0.0;0.0
17;2021-01-02;1;0;3;0;0.0;0.0
17;2021-01-03;0;0;3;0;0.0;0.0
17;2021-01-04;56;0;59;0;0.0;0.0
17;2021-01-05;98;0;157;0;0.0;0.0
17;2021-01-06;132;0;289;0;0.0;0.0
17;2021-01-07;485;1;774;1;0.1;0.0
17;2021-01-08;418;0;1192;1;0.2;0.0
17;2021-01-09;0;0;1192;1;0.2;0.0
17;2021-01-10;1;0;1193;1;0.2;0.0
17;2021-01-11;380;1;1573;2;0.2;0.0
17;2021-01-12;749;1;2322;3;0.4;0.0
17;2021-01-13;654;2;2976;5;0.5;0.0
17;2021-01-14;617;9;3593;14;0.6;0.0
17;2021-01-15;680;1;4273;15;0.7;0.0
17;2021-01-16;128;2;4401;17;0.7;0.0
17;2021-01-17;19;0;4420;17;0.7;0.0
17;2021-01-18;887;2;5307;19;0.8;0.0
17;2021-01-19;1910;3;7217;22;1.1;0.0
17;2021-01-20;2394;2;9611;24;1.5;0.0
17;2021-01-21;2500;4;12111;28;1.9;0.0
17;2021-01-22;1883;7;13994;35;2.2;0.0
17;2021-01-23;738;1;14732;36;2.3;0.0
17;2021-01-24;48;0;14780;36;2.3;0.0
17;2021-01-25;1383;5;16163;41;2.5;0.0
17;2021-01-26;2110;3;18273;44;2.8;0.0
17;2021-01-27;1675;33;19948;77;3.1;0.0
17;2021-01-28;2475;230;22423;307;3.5;0.0
17;2021-01-29;1739;221;24162;528;3.7;0.1
17;2021-01-30;528;5;24690;533;3.8;0.1
17;2021-01-31;37;2;24727;535;3.8;0.1
17;2021-02-01;740;210;25467;745;3.9;0.1
17;2021-02-02;1202;348;26669;1093;4.1;0.2
17;2021-02-03;1296;400;27965;1493;4.3;0.2
17;2021-02-04;1160;502;29125;1995;4.5;0.3
17;2021-02-05;603;757;29728;2752;4.6;0.4
17;2021-02-06;22;42;29750;2794;4.6;0.4
17;2021-02-07;31;13;29781;2807;4.6;0.4
17;2021-02-08;706;402;30487;3209;4.7;0.5
17;2021-02-09;1100;1317;31587;4526;4.9;0.7
17;2021-02-10;863;1286;32450;5812;5.0;0.9
17;2021-02-11;1241;1400;33691;7212;5.2;1.1
17;2021-02-12;771;966;34462;8178;5.3;1.3
17;2021-02-13;43;104;34505;8282;5.3;1.3
17;2021-02-14;1;10;34506;8292;5.3;1.3
17;2021-02-15;620;1224;35126;9516;5.4;1.5
17;2021-02-16;749;1829;35875;11345;5.5;1.8
17;2021-02-17;796;1360;36671;12705;5.7;2.0
17;2021-02-18;967;2185;37638;14890;5.8;2.3
17;2021-02-19;1067;1540;38705;16430;6.0;2.5
17;2021-02-20;105;310;38810;16740;6.0;2.6
17;2021-02-21;9;2;38819;16742;6.0;2.6
17;2021-02-22;647;1630;39466;18372;6.1;2.8
17;2021-02-23;781;1535;40247;19907;6.2;3.1
17;2021-02-24;1079;1588;41326;21495;6.4;3.3
17;2021-02-25;1087;1708;42413;23203;6.6;3.6
17;2021-02-26;1307;1294;43720;24497;6.8;3.8
17;2021-02-27;527;247;44247;24744;6.8;3.8
17;2021-02-28;19;9;44266;24753;6.8;3.8
17;2021-03-01;634;1042;44900;25795;6.9;4.0
17;2021-03-02;1094;870;45994;26665;7.1;4.1
17;2021-03-03;1619;796;47613;27461;7.4;4.2
17;2021-03-04;2426;1142;50039;28603;7.7;4.4
17;2021-03-05;2662;681;52701;29284;8.1;4.5
17;2021-03-06;1029;28;53730;29312;8.3;4.5
17;2021-03-07;183;47;53913;29359;8.3;4.5
17;2021-03-08;1014;831;54927;30190;8.5;4.7
17;2021-03-09;1746;616;56673;30806;8.8;4.8
17;2021-03-10;2047;643;58720;31449;9.1;4.9
17;2021-03-11;3226;999;61946;32448;9.6;5.0
17;2021-03-12;3356;626;65302;33074;10.1;5.1
17;2021-03-13;1202;12;66504;33086;10.3;5.1
17;2021-03-14;32;0;66536;33086;10.3;5.1
17;2021-03-15;1241;994;67777;34080;10.5;5.3
17;2021-03-16;893;536;68670;34616;10.6;5.3
17;2021-03-17;1459;704;70129;35320;10.8;5.5
17;2021-03-18;1683;764;71812;36084;11.1;5.6
17;2021-03-19;2096;547;73908;36631;11.4;5.7
17;2021-03-20;1083;56;74991;36687;11.6;5.7
17;2021-03-21;37;43;75028;36730;11.6;5.7
17;2021-03-22;1578;690;76606;37420;11.8;5.8
17;2021-03-23;2492;581;79098;38001;12.2;5.9
17;2021-03-24;3545;856;82643;38857;12.8;6.0
17;2021-03-25;4713;643;87356;39500;13.5;6.1
17;2021-03-26;4943;476;92299;39976;14.3;6.2
17;2021-03-27;1737;69;94036;40045;14.5;6.2
17;2021-03-28;369;45;94405;40090;14.6;6.2
17;2021-03-29;2361;566;96766;40656;15.0;6.3
17;2021-03-30;2655;987;99421;41643;15.4;6.4
17;2021-03-31;3842;904;103263;42547;16.0;6.6
17;2021-04-01;4013;1166;107276;43713;16.6;6.8
17;2021-04-02;3708;834;110984;44547;17.2;6.9
17;2021-04-03;1152;187;112136;44734;17.3;6.9
17;2021-04-04;501;6;112637;44740;17.4;6.9
17;2021-04-05;444;128;113081;44868;17.5;6.9
17;2021-04-06;3481;1029;116562;45897;18.0;7.1
17;2021-04-07;4130;1154;120692;47051;18.7;7.3
17;2021-04-08;4570;1477;125262;48528;19.4;7.5
17;2021-04-09;6495;838;131757;49366;20.4;7.6
17;2021-04-10;2583;68;134340;49434;20.8;7.6
17;2021-04-11;788;16;135128;49450;20.9;7.6
17;2021-04-12;2888;1620;138016;51070;21.3;7.9
17;2021-04-13;4151;1289;142167;52359;22.0;8.1
17;2021-04-14;4420;1207;146587;53566;22.7;8.3
17;2021-04-15;4600;1138;151187;54704;23.4;8.5
17;2021-04-16;4298;1154;155485;55858;24.0;8.6
17;2021-04-17;1682;382;157167;56240;24.3;8.7
17;2021-04-18;472;81;157639;56321;24.4;8.7
17;2021-04-19;2340;2060;159979;58381;24.7;9.0
17;2021-04-20;2926;2553;162905;60934;25.2;9.4
17;2021-04-21;2973;1941;165878;62875;25.6;9.7
17;2021-04-22;3122;2360;169000;65235;26.1;10.1
17;2021-04-23;2447;2729;171447;67964;26.5;10.5
17;2021-04-24;1669;926;173116;68890;26.8;10.6
17;2021-04-25;665;246;173781;69136;26.9;10.7
17;2021-04-26;2578;2627;176359;71763;27.3;11.1
17;2021-04-27;3153;2674;179512;74437;27.7;11.5
17;2021-04-28;3101;2940;182613;77377;28.2;12.0
17;2021-04-29;4149;2863;186762;80240;28.9;12.4
17;2021-04-30;4355;2637;191117;82877;29.5;12.8
17;2021-05-01;848;542;191965;83419;29.7;12.9
17;2021-05-02;553;839;192518;84258;29.8;13.0
17;2021-05-03;2542;2960;195060;87218;30.1;13.5
17;2021-05-04;2318;3728;197378;90946;30.5;14.1
17;2021-05-05;2909;3703;200287;94649;31.0;14.6
17;2021-05-06;4122;3407;204409;98056;31.6;15.2
17;2021-05-07;4354;3630;208763;101686;32.3;15.7
17;2021-05-08;1306;754;210069;102440;32.5;15.8
17;2021-05-09;1309;705;211378;103145;32.7;15.9
17;2021-05-10;2726;3693;214104;106838;33.1;16.5
17;2021-05-11;3500;3997;217604;110835;33.6;17.1
17;2021-05-12;3531;3812;221135;114647;34.2;17.7
17;2021-05-13;2545;693;223680;115340;34.6;17.8
17;2021-05-14;3032;2396;226712;117736;35.0;18.2
17;2021-05-15;2127;662;228839;118398;35.4;18.3
17;2021-05-16;1734;318;230573;118716;35.6;18.3
17;2021-05-17;4288;2000;234861;120716;36.3;18.7
17;2021-05-18;4746;1637;239607;122353;37.0;18.9
17;2021-05-19;5067;1277;244674;123630;37.8;19.1
17;2021-05-20;4943;1950;249617;125580;38.6;19.4
17;2021-05-21;5000;1958;254617;127538;39.3;19.7
17;2021-05-22;2393;533;257010;128071;39.7;19.8
17;2021-05-23;1899;129;258909;128200;40.0;19.8
17;2021-05-24;1426;208;260335;128408;40.2;19.8
17;2021-05-25;4030;1770;264365;130178;40.9;20.1
17;2021-05-26;4366;2041;268731;132219;41.5;20.4
17;2021-05-27;5216;2139;273947;134358;42.3;20.8
17;2021-05-28;4468;3436;278415;137794;43.0;21.3
17;2021-05-29;1560;1707;279975;139501;43.3;21.6
17;2021-05-30;857;410;280832;139911;43.4;21.6
17;2021-05-31;2945;3013;283777;142924;43.9;22.1
17;2021-06-01;4296;2926;288073;145850;44.5;22.5
17;2021-06-02;4201;3176;292274;149026;45.2;23.0
17;2021-06-03;5055;3166;297329;152192;45.9;23.5
17;2021-06-04;4516;3854;301845;156046;46.6;24.1
17;2021-06-05;1991;1602;303836;157648;47.0;24.4
17;2021-06-06;851;733;304687;158381;47.1;24.5
17;2021-06-07;3139;4347;307826;162728;47.6;25.1
17;2021-06-08;3789;4497;311615;167225;48.2;25.8
17;2021-06-09;4346;3056;315961;170281;48.8;26.3
17;2021-06-10;4929;2793;320890;173074;49.6;26.7
17;2021-06-11;4792;3689;325682;176763;50.3;27.3
17;2021-06-12;1812;1404;327494;178167;50.6;27.5
17;2021-06-13;610;415;328104;178582;50.7;27.6
17;2021-06-14;2834;4536;330938;183118;51.1;28.3
17;2021-06-15;3624;4379;334562;187497;51.7;29.0
17;2021-06-16;4132;3692;338694;191189;52.3;29.5
17;2021-06-17;4369;4125;343063;195314;53.0;30.2
17;2021-06-18;4054;4438;347117;199752;53.6;30.9
17;2021-06-19;1450;1990;348567;201742;53.9;31.2
17;2021-06-20;595;1035;349162;202777;54.0;31.3
17;2021-06-21;2563;4372;351725;207149;54.4;32.0
17;2021-06-22;3528;4451;355253;211600;54.9;32.7
17;2021-06-23;3795;3993;359048;215593;55.5;33.3
17;2021-06-24;3600;3960;362648;219553;56.0;33.9
17;2021-06-25;2719;4988;365367;224541;56.5;34.7
17;2021-06-26;906;2335;366273;226876;56.6;35.1
17;2021-06-27;396;1902;366669;228778;56.7;35.4
17;2021-06-28;1523;5418;368192;234196;56.9;36.2
17;2021-06-29;1684;5891;369876;240087;57.2;37.1
17;2021-06-30;2030;5549;371906;245636;57.5;38.0
17;2021-07-01;2265;5559;374171;251195;57.8;38.8
17;2021-07-02;2486;5985;376657;257180;58.2;39.7
17;2021-07-03;627;2546;377284;259726;58.3;40.1
17;2021-07-04;155;1250;377439;260976;58.3;40.3
17;2021-07-05;1890;5179;379329;266155;58.6;41.1
17;2021-07-06;2132;5600;381461;271755;59.0;42.0
17;2021-07-07;2407;5497;383868;277252;59.3;42.8
17;2021-07-08;2914;5440;386782;282692;59.8;43.7
17;2021-07-09;2525;6078;389307;288770;60.2;44.6
17;2021-07-10;828;2473;390135;291243;60.3;45.0
17;2021-07-11;380;907;390515;292150;60.4;45.1
17;2021-07-12;2006;5620;392521;297770;60.7;46.0
17;2021-07-13;2372;6718;394893;304488;61.0;47.1
17;2021-07-14;71;71;394964;304559;61.0;47.1
17;2021-07-15;2191;6858;397155;311417;61.4;48.1
17;2021-07-16;2779;6971;399934;318388;61.8;49.2
17;2021-07-17;1053;2276;400987;320664;62.0;49.6
17;2021-07-18;313;1038;401300;321702;62.0;49.7
17;2021-07-19;2635;5907;403935;327609;62.4;50.6
17;2021-07-20;3318;6316;407253;333925;62.9;51.6
17;2021-07-21;3801;6031;411054;339956;63.5;52.5
17;2021-07-22;4247;6275;415301;346231;64.2;53.5
17;2021-07-23;3895;6567;419196;352798;64.8;54.5
17;2021-07-24;2069;1400;421265;354198;65.1;54.7
17;2021-07-25;1043;416;422308;354614;65.3;54.8
17;2021-07-26;3737;5429;426045;360043;65.8;55.6
17;2021-07-27;4727;5437;430772;365480;66.6;56.5
17;2021-07-28;5213;5173;435985;370653;67.4;57.3
17;2021-07-29;5161;5342;441146;375995;68.2;58.1
17;2021-07-30;5492;5574;446638;381569;69.0;59.0
17;2021-07-31;2115;1213;448753;382782;69.4;59.2
17;2021-08-01;1091;358;449844;383140;69.5;59.2
17;2021-08-02;4608;4391;454452;387531;70.2;59.9
17;2021-08-03;5732;4162;460184;391693;71.1;60.5
17;2021-08-04;6182;3374;466366;395067;72.1;61.1
17;2021-08-05;6364;3153;472730;398220;73.1;61.5
17;2021-08-06;5859;3607;478589;401827;74.0;62.1
17;2021-08-07;1969;864;480558;402691;74.3;62.2
17;2021-08-08;970;219;481528;402910;74.4;62.3
17;2021-08-09;3899;3697;485427;406607;75.0;62.8
17;2021-08-10;5056;3491;490483;410098;75.8;63.4
17;2021-08-11;4892;3809;495375;413907;76.6;64.0
17;2021-08-12;4855;3955;500230;417862;77.3;64.6
17;2021-08-13;4496;4137;504726;421999;78.0;65.2
17;2021-08-14;1227;1380;505953;423379;78.2;65.4
17;2021-08-15;404;377;506357;423756;78.3;65.5
17;2021-08-16;2813;4061;509170;427817;78.7;66.1
17;2021-08-17;3038;4282;512208;432099;79.2;66.8
17;2021-08-18;2615;4547;514823;436646;79.6;67.5
17;2021-08-19;2704;4378;517527;441024;80.0;68.2
17;2021-08-20;2476;5023;520003;446047;80.4;68.9
17;2021-08-21;683;1353;520686;447400;80.5;69.1
17;2021-08-22;216;457;520902;447857;80.5;69.2
17;2021-08-23;1962;4951;522864;452808;80.8;70.0
17;2021-08-24;1907;5089;524771;457897;81.1;70.8
17;2021-08-25;1650;5497;526421;463394;81.4;71.6
17;2021-08-26;1542;5756;527963;469150;81.6;72.5
18;2020-12-27;0;0;0;0;0.0;0.0
18;2020-12-28;0;0;0;0;0.0;0.0
18;2020-12-29;0;0;0;0;0.0;0.0
18;2020-12-30;1;0;1;0;0.0;0.0
18;2020-12-31;0;0;1;0;0.0;0.0
18;2021-01-01;0;0;1;0;0.0;0.0
18;2021-01-02;0;0;1;0;0.0;0.0
18;2021-01-03;0;0;1;0;0.0;0.0
18;2021-01-04;3;0;4;0;0.0;0.0
18;2021-01-05;0;0;4;0;0.0;0.0
18;2021-01-06;1;0;5;0;0.0;0.0
18;2021-01-07;30;1;35;1;0.0;0.0
18;2021-01-08;65;0;100;1;0.0;0.0
18;2021-01-09;225;0;325;1;0.1;0.0
18;2021-01-10;146;0;471;1;0.2;0.0
18;2021-01-11;170;1;641;2;0.2;0.0
18;2021-01-12;372;0;1013;2;0.3;0.0
18;2021-01-13;270;2;1283;4;0.4;0.0
18;2021-01-14;269;2;1552;6;0.5;0.0
18;2021-01-15;332;2;1884;8;0.6;0.0
18;2021-01-16;288;3;2172;11;0.7;0.0
18;2021-01-17;1;0;2173;11;0.7;0.0
18;2021-01-18;290;0;2463;11;0.8;0.0
18;2021-01-19;1374;4;3837;15;1.3;0.0
18;2021-01-20;1239;2;5076;17;1.7;0.0
18;2021-01-21;963;0;6039;17;2.0;0.0
18;2021-01-22;780;2;6819;19;2.3;0.0
18;2021-01-23;249;2;7068;21;2.4;0.0
18;2021-01-24;0;0;7068;21;2.4;0.0
18;2021-01-25;509;0;7577;21;2.6;0.0
18;2021-01-26;395;1;7972;22;2.7;0.0
18;2021-01-27;390;2;8362;24;2.8;0.0
18;2021-01-28;566;8;8928;32;3.0;0.0
18;2021-01-29;492;72;9420;104;3.2;0.0
18;2021-01-30;432;161;9852;265;3.3;0.1
18;2021-01-31;82;121;9934;386;3.4;0.1
18;2021-02-01;328;142;10262;528;3.5;0.2
18;2021-02-02;507;240;10769;768;3.6;0.3
18;2021-02-03;398;204;11167;972;3.8;0.3
18;2021-02-04;630;226;11797;1198;4.0;0.4
18;2021-02-05;449;194;12246;1392;4.1;0.5
18;2021-02-06;283;102;12529;1494;4.2;0.5
18;2021-02-07;108;1;12637;1495;4.3;0.5
18;2021-02-08;268;230;12905;1725;4.4;0.6
18;2021-02-09;583;781;13488;2506;4.6;0.8
18;2021-02-10;740;696;14228;3202;4.8;1.1
18;2021-02-11;655;451;14883;3653;5.0;1.2
18;2021-02-12;502;326;15385;3979;5.2;1.3
18;2021-02-13;286;124;15671;4103;5.3;1.4
18;2021-02-14;364;98;16035;4201;5.4;1.4
18;2021-02-15;379;395;16414;4596;5.5;1.6
18;2021-02-16;399;402;16813;4998;5.7;1.7
18;2021-02-17;403;456;17216;5454;5.8;1.8
18;2021-02-18;344;539;17560;5993;5.9;2.0
18;2021-02-19;471;303;18031;6296;6.1;2.1
18;2021-02-20;721;239;18752;6535;6.3;2.2
18;2021-02-21;316;2;19068;6537;6.4;2.2
18;2021-02-22;217;370;19285;6907;6.5;2.3
18;2021-02-23;204;351;19489;7258;6.6;2.4
18;2021-02-24;240;271;19729;7529;6.7;2.5
18;2021-02-25;293;518;20022;8047;6.8;2.7
18;2021-02-26;582;236;20604;8283;7.0;2.8
18;2021-02-27;510;388;21114;8671;7.1;2.9
18;2021-02-28;7;68;21121;8739;7.1;2.9
18;2021-03-01;236;414;21357;9153;7.2;3.1
18;2021-03-02;284;520;21641;9673;7.3;3.3
18;2021-03-03;346;586;21987;10259;7.4;3.5
18;2021-03-04;475;571;22462;10830;7.6;3.7
18;2021-03-05;524;370;22986;11200;7.8;3.8
18;2021-03-06;1071;344;24057;11544;8.1;3.9
18;2021-03-07;7;140;24064;11684;8.1;3.9
18;2021-03-08;335;361;24399;12045;8.2;4.1
18;2021-03-09;410;368;24809;12413;8.4;4.2
18;2021-03-10;423;454;25232;12867;8.5;4.3
18;2021-03-11;518;422;25750;13289;8.7;4.5
18;2021-03-12;704;304;26454;13593;8.9;4.6
18;2021-03-13;1164;252;27618;13845;9.3;4.7
18;2021-03-14;301;214;27919;14059;9.4;4.7
18;2021-03-15;491;381;28410;14440;9.6;4.9
18;2021-03-16;392;313;28802;14753;9.7;5.0
18;2021-03-17;383;416;29185;15169;9.8;5.1
18;2021-03-18;512;230;29697;15399;10.0;5.2
18;2021-03-19;756;227;30453;15626;10.3;5.3
18;2021-03-20;986;620;31439;16246;10.6;5.5
18;2021-03-21;308;308;31747;16554;10.7;5.6
18;2021-03-22;602;297;32349;16851;10.9;5.7
18;2021-03-23;706;294;33055;17145;11.2;5.8
18;2021-03-24;1052;299;34107;17444;11.5;5.9
18;2021-03-25;1049;301;35156;17745;11.9;6.0
18;2021-03-26;1210;349;36366;18094;12.3;6.1
18;2021-03-27;1489;322;37855;18416;12.8;6.2
18;2021-03-28;215;0;38070;18416;12.8;6.2
18;2021-03-29;1101;199;39171;18615;13.2;6.3
18;2021-03-30;1084;305;40255;18920;13.6;6.4
18;2021-03-31;1305;253;41560;19173;14.0;6.5
18;2021-04-01;1376;346;42936;19519;14.5;6.6
18;2021-04-02;1229;311;44165;19830;14.9;6.7
18;2021-04-03;581;181;44746;20011;15.1;6.8
18;2021-04-04;71;5;44817;20016;15.1;6.8
18;2021-04-05;199;0;45016;20016;15.2;6.8
18;2021-04-06;1026;349;46042;20365;15.5;6.9
18;2021-04-07;1322;363;47364;20728;16.0;7.0
18;2021-04-08;1692;345;49056;21073;16.6;7.1
18;2021-04-09;1833;283;50889;21356;17.2;7.2
18;2021-04-10;2633;650;53522;22006;18.1;7.4
18;2021-04-11;1985;314;55507;22320;18.7;7.5
18;2021-04-12;1402;401;56909;22721;19.2;7.7
18;2021-04-13;1784;469;58693;23190;19.8;7.8
18;2021-04-14;1378;518;60071;23708;20.3;8.0
18;2021-04-15;1532;530;61603;24238;20.8;8.2
18;2021-04-16;1614;593;63217;24831;21.3;8.4
18;2021-04-17;1599;520;64816;25351;21.9;8.6
18;2021-04-18;377;232;65193;25583;22.0;8.6
18;2021-04-19;1316;593;66509;26176;22.4;8.8
18;2021-04-20;1445;710;67954;26886;22.9;9.1
18;2021-04-21;1272;909;69226;27795;23.4;9.4
18;2021-04-22;1403;703;70629;28498;23.8;9.6
18;2021-04-23;1386;734;72015;29232;24.3;9.9
18;2021-04-24;1355;1268;73370;30500;24.8;10.3
18;2021-04-25;288;217;73658;30717;24.9;10.4
18;2021-04-26;1205;952;74863;31669;25.3;10.7
18;2021-04-27;1545;764;76408;32433;25.8;10.9
18;2021-04-28;1358;876;77766;33309;26.2;11.2
18;2021-04-29;1850;735;79616;34044;26.9;11.5
18;2021-04-30;1570;997;81186;35041;27.4;11.8
18;2021-05-01;788;211;81974;35252;27.7;11.9
18;2021-05-02;806;60;82780;35312;27.9;11.9
18;2021-05-03;1627;1011;84407;36323;28.5;12.3
18;2021-05-04;1731;1284;86138;37607;29.1;12.7
18;2021-05-05;1735;1216;87873;38823;29.6;13.1
18;2021-05-06;2163;1365;90036;40188;30.4;13.6
18;2021-05-07;1234;1402;91270;41590;30.8;14.0
18;2021-05-08;994;1466;92264;43056;31.1;14.5
18;2021-05-09;501;2259;92765;45315;31.3;15.3
18;2021-05-10;1158;1509;93923;46824;31.7;15.8
18;2021-05-11;1696;1751;95619;48575;32.3;16.4
18;2021-05-12;1808;1492;97427;50067;32.9;16.9
18;2021-05-13;1061;370;98488;50437;33.2;17.0
18;2021-05-14;1346;946;99834;51383;33.7;17.3
18;2021-05-15;1810;1163;101644;52546;34.3;17.7
18;2021-05-16;538;582;102182;53128;34.5;17.9
18;2021-05-17;1245;1091;103427;54219;34.9;18.3
18;2021-05-18;2148;935;105575;55154;35.6;18.6
18;2021-05-19;2162;918;107737;56072;36.3;18.9
18;2021-05-20;2277;984;110014;57056;37.1;19.2
18;2021-05-21;1497;765;111511;57821;37.6;19.5
18;2021-05-22;1724;1074;113235;58895;38.2;19.9
18;2021-05-23;485;336;113720;59231;38.4;20.0
18;2021-05-24;462;292;114182;59523;38.5;20.1
18;2021-05-25;1843;1064;116025;60587;39.1;20.4
18;2021-05-26;2153;844;118178;61431;39.9;20.7
18;2021-05-27;2208;1232;120386;62663;40.6;21.1
18;2021-05-28;1713;1306;122099;63969;41.2;21.6
18;2021-05-29;2619;1660;124718;65629;42.1;22.1
18;2021-05-30;1484;505;126202;66134;42.6;22.3
18;2021-05-31;1786;692;127988;66826;43.2;22.5
18;2021-06-01;2040;949;130028;67775;43.9;22.9
18;2021-06-02;2009;1021;132037;68796;44.5;23.2
18;2021-06-03;2283;1198;134320;69994;45.3;23.6
18;2021-06-04;1909;1124;136229;71118;46.0;24.0
18;2021-06-05;2802;1450;139031;72568;46.9;24.5
18;2021-06-06;365;381;139396;72949;47.0;24.6
18;2021-06-07;1296;1233;140692;74182;47.5;25.0
18;2021-06-08;1491;1395;142183;75577;48.0;25.5
18;2021-06-09;1328;1067;143511;76644;48.4;25.9
18;2021-06-10;1631;1407;145142;78051;49.0;26.3
18;2021-06-11;1496;1403;146638;79454;49.5;26.8
18;2021-06-12;1245;2511;147883;81965;49.9;27.7
18;2021-06-13;126;262;148009;82227;49.9;27.7
18;2021-06-14;657;1828;148666;84055;50.2;28.4
18;2021-06-15;1093;1822;149759;85877;50.5;29.0
18;2021-06-16;1258;1440;151017;87317;50.9;29.5
18;2021-06-17;1205;1670;152222;88987;51.4;30.0
18;2021-06-18;1292;1667;153514;90654;51.8;30.6
18;2021-06-19;1564;1251;155078;91905;52.3;31.0
18;2021-06-20;246;159;155324;92064;52.4;31.1
18;2021-06-21;665;1601;155989;93665;52.6;31.6
18;2021-06-22;1068;1644;157057;95309;53.0;32.2
18;2021-06-23;944;1642;158001;96951;53.3;32.7
18;2021-06-24;1033;1062;159034;98013;53.7;33.1
18;2021-06-25;893;1744;159927;99757;54.0;33.7
18;2021-06-26;1098;1472;161025;101229;54.3;34.2
18;2021-06-27;31;372;161056;101601;54.3;34.3
18;2021-06-28;421;1924;161477;103525;54.5;34.9
18;2021-06-29;595;2378;162072;105903;54.7;35.7
18;2021-06-30;601;2544;162673;108447;54.9;36.6
18;2021-07-01;961;2156;163634;110603;55.2;37.3
18;2021-07-02;615;1685;164249;112288;55.4;37.9
18;2021-07-03;755;2576;165004;114864;55.7;38.8
18;2021-07-04;164;1033;165168;115897;55.7;39.1
18;2021-07-05;765;1877;165933;117774;56.0;39.7
18;2021-07-06;560;2303;166493;120077;56.2;40.5
18;2021-07-07;767;2115;167260;122192;56.4;41.2
18;2021-07-08;1031;1984;168291;124176;56.8;41.9
18;2021-07-09;704;2309;168995;126485;57.0;42.7
18;2021-07-10;781;3175;169776;129660;57.3;43.7
18;2021-07-11;81;665;169857;130325;57.3;44.0
18;2021-07-12;223;2252;170080;132577;57.4;44.7
18;2021-07-13;619;2906;170699;135483;57.6;45.7
18;2021-07-14;194;937;170893;136420;57.7;46.0
18;2021-07-15;1394;2814;172287;139234;58.1;47.0
18;2021-07-16;1183;2121;173470;141355;58.5;47.7
18;2021-07-17;1129;2473;174599;143828;58.9;48.5
18;2021-07-18;229;332;174828;144160;59.0;48.6
18;2021-07-19;1056;1659;175884;145819;59.3;49.2
18;2021-07-20;1624;2268;177508;148087;59.9;50.0
18;2021-07-21;1902;2063;179410;150150;60.5;50.7
18;2021-07-22;2214;1897;181624;152047;61.3;51.3
18;2021-07-23;1398;1611;183022;153658;61.7;51.8
18;2021-07-24;890;1535;183912;155193;62.0;52.4
18;2021-07-25;192;398;184104;155591;62.1;52.5
18;2021-07-26;1398;1508;185502;157099;62.6;53.0
18;2021-07-27;1824;1540;187326;158639;63.2;53.5
18;2021-07-28;2199;1795;189525;160434;63.9;54.1
18;2021-07-29;2141;1814;191666;162248;64.7;54.7
18;2021-07-30;1581;1343;193247;163591;65.2;55.2
18;2021-07-31;1235;1285;194482;164876;65.6;55.6
18;2021-08-01;90;34;194572;164910;65.6;55.6
18;2021-08-02;1408;766;195980;165676;66.1;55.9
18;2021-08-03;1716;1628;197696;167304;66.7;56.4
18;2021-08-04;2416;1100;200112;168404;67.5;56.8
18;2021-08-05;1522;1244;201634;169648;68.0;57.2
18;2021-08-06;1576;1142;203210;170790;68.6;57.6
18;2021-08-07;608;762;203818;171552;68.8;57.9
18;2021-08-08;48;60;203866;171612;68.8;57.9
18;2021-08-09;1103;874;204969;172486;69.2;58.2
18;2021-08-10;1204;1511;206173;173997;69.6;58.7
18;2021-08-11;1603;1504;207776;175501;70.1;59.2
18;2021-08-12;1547;1594;209323;177095;70.6;59.7
18;2021-08-13;1081;1167;210404;178262;71.0;60.1
18;2021-08-14;757;602;211161;178864;71.2;60.3
18;2021-08-15;35;17;211196;178881;71.3;60.4
18;2021-08-16;826;1201;212022;180082;71.5;60.8
18;2021-08-17;978;1996;213000;182078;71.9;61.4
18;2021-08-18;1152;1957;214152;184035;72.3;62.1
18;2021-08-19;1089;1609;215241;185644;72.6;62.6
18;2021-08-20;911;1757;216152;187401;72.9;63.2
18;2021-08-21;419;703;216571;188104;73.1;63.5
18;2021-08-22;21;73;216592;188177;73.1;63.5
18;2021-08-23;484;1677;217076;189854;73.2;64.1
18;2021-08-24;901;1492;217977;191346;73.5;64.6
18;2021-08-25;838;1865;218815;193211;73.8;65.2
18;2021-08-26;770;1528;219585;194739;74.1;65.7
19;2020-12-27;0;0;0;0;0.0;0.0
19;2020-12-28;0;0;0;0;0.0;0.0
19;2020-12-29;1;0;1;0;0.0;0.0
19;2020-12-30;0;0;1;0;0.0;0.0
19;2020-12-31;0;0;1;0;0.0;0.0
19;2021-01-01;0;0;1;0;0.0;0.0
19;2021-01-02;0;0;1;0;0.0;0.0
19;2021-01-03;0;0;1;0;0.0;0.0
19;2021-01-04;0;0;1;0;0.0;0.0
19;2021-01-05;0;0;1;0;0.0;0.0
19;2021-01-06;0;0;1;0;0.0;0.0
19;2021-01-07;343;1;344;1;0.1;0.0
19;2021-01-08;247;1;591;2;0.2;0.0
19;2021-01-09;1;0;592;2;0.2;0.0
19;2021-01-10;1;0;593;2;0.2;0.0
19;2021-01-11;38;0;631;2;0.3;0.0
19;2021-01-12;415;1;1046;3;0.4;0.0
19;2021-01-13;424;2;1470;5;0.6;0.0
19;2021-01-14;475;1;1945;6;0.8;0.0
19;2021-01-15;226;0;2171;6;0.9;0.0
19;2021-01-16;0;0;2171;6;0.9;0.0
19;2021-01-17;1;0;2172;6;0.9;0.0
19;2021-01-18;251;1;2423;7;1.0;0.0
19;2021-01-19;519;0;2942;7;1.2;0.0
19;2021-01-20;922;4;3864;11;1.6;0.0
19;2021-01-21;506;4;4370;15;1.8;0.0
19;2021-01-22;1317;4;5687;19;2.4;0.0
19;2021-01-23;281;0;5968;19;2.5;0.0
19;2021-01-24;36;0;6004;19;2.5;0.0
19;2021-01-25;233;0;6237;19;2.6;0.0
19;2021-01-26;607;4;6844;23;2.8;0.0
19;2021-01-27;334;3;7178;26;3.0;0.0
19;2021-01-28;297;251;7475;277;3.1;0.1
19;2021-01-29;348;61;7823;338;3.3;0.1
19;2021-01-30;130;24;7953;362;3.3;0.2
19;2021-01-31;41;0;7994;362;3.3;0.2
19;2021-02-01;158;95;8152;457;3.4;0.2
19;2021-02-02;303;429;8455;886;3.5;0.4
19;2021-02-03;284;244;8739;1130;3.6;0.5
19;2021-02-04;255;375;8994;1505;3.7;0.6
19;2021-02-05;310;76;9304;1581;3.9;0.7
19;2021-02-06;211;2;9515;1583;4.0;0.7
19;2021-02-07;48;2;9563;1585;4.0;0.7
19;2021-02-08;177;150;9740;1735;4.1;0.7
19;2021-02-09;333;275;10073;2010;4.2;0.8
19;2021-02-10;517;295;10590;2305;4.4;1.0
19;2021-02-11;412;321;11002;2626;4.6;1.1
19;2021-02-12;797;1162;11799;3788;4.9;1.6
19;2021-02-13;352;184;12151;3972;5.1;1.7
19;2021-02-14;98;13;12249;3985;5.1;1.7
19;2021-02-15;200;246;12449;4231;5.2;1.8
19;2021-02-16;386;172;12835;4403;5.3;1.8
19;2021-02-17;306;469;13141;4872;5.5;2.0
19;2021-02-18;174;510;13315;5382;5.5;2.2
19;2021-02-19;469;301;13784;5683;5.7;2.4
19;2021-02-20;133;209;13917;5892;5.8;2.5
19;2021-02-21;20;40;13937;5932;5.8;2.5
19;2021-02-22;220;210;14157;6142;5.9;2.6
19;2021-02-23;268;345;14425;6487;6.0;2.7
19;2021-02-24;361;209;14786;6696;6.2;2.8
19;2021-02-25;519;382;15305;7078;6.4;2.9
19;2021-02-26;395;318;15700;7396;6.5;3.1
19;2021-02-27;348;162;16048;7558;6.7;3.1
19;2021-02-28;68;36;16116;7594;6.7;3.2
19;2021-03-01;266;221;16382;7815;6.8;3.3
19;2021-03-02;428;259;16810;8074;7.0;3.4
19;2021-03-03;692;339;17502;8413;7.3;3.5
19;2021-03-04;826;352;18328;8765;7.6;3.6
19;2021-03-05;891;736;19219;9501;8.0;4.0
19;2021-03-06;1073;214;20292;9715;8.4;4.0
19;2021-03-07;463;37;20755;9752;8.6;4.1
19;2021-03-08;638;163;21393;9915;8.9;4.1
19;2021-03-09;836;248;22229;10163;9.2;4.2
19;2021-03-10;1155;321;23384;10484;9.7;4.4
19;2021-03-11;1274;309;24658;10793;10.3;4.5
19;2021-03-12;1136;406;25794;11199;10.7;4.7
19;2021-03-13;1111;168;26905;11367;11.2;4.7
19;2021-03-14;160;84;27065;11451;11.3;4.8
19;2021-03-15;699;137;27764;11588;11.6;4.8
19;2021-03-16;688;303;28452;11891;11.8;4.9
19;2021-03-17;839;280;29291;12171;12.2;5.1
19;2021-03-18;767;283;30058;12454;12.5;5.2
19;2021-03-19;1014;489;31072;12943;12.9;5.4
19;2021-03-20;783;131;31855;13074;13.3;5.4
19;2021-03-21;128;4;31983;13078;13.3;5.4
19;2021-03-22;548;176;32531;13254;13.5;5.5
19;2021-03-23;1045;233;33576;13487;14.0;5.6
19;2021-03-24;1171;374;34747;13861;14.5;5.8
19;2021-03-25;1189;415;35936;14276;15.0;5.9
19;2021-03-26;1323;277;37259;14553;15.5;6.1
19;2021-03-27;854;189;38113;14742;15.9;6.1
19;2021-03-28;63;60;38176;14802;15.9;6.2
19;2021-03-29;612;177;38788;14979;16.1;6.2
19;2021-03-30;971;345;39759;15324;16.5;6.4
19;2021-03-31;1157;498;40916;15822;17.0;6.6
19;2021-04-01;1491;427;42407;16249;17.6;6.8
19;2021-04-02;1007;524;43414;16773;18.1;7.0
19;2021-04-03;597;283;44011;17056;18.3;7.1
19;2021-04-04;130;3;44141;17059;18.4;7.1
19;2021-04-05;40;75;44181;17134;18.4;7.1
19;2021-04-06;735;603;44916;17737;18.7;7.4
19;2021-04-07;978;732;45894;18469;19.1;7.7
19;2021-04-08;1116;1018;47010;19487;19.6;8.1
19;2021-04-09;1642;612;48652;20099;20.2;8.4
19;2021-04-10;946;557;49598;20656;20.6;8.6
19;2021-04-11;558;74;50156;20730;20.9;8.6
19;2021-04-12;681;521;50837;21251;21.2;8.8
19;2021-04-13;915;577;51752;21828;21.5;9.1
19;2021-04-14;1333;843;53085;22671;22.1;9.4
19;2021-04-15;1229;873;54314;23544;22.6;9.8
19;2021-04-16;1505;821;55819;24365;23.2;10.1
19;2021-04-17;762;478;56581;24843;23.5;10.3
19;2021-04-18;661;69;57242;24912;23.8;10.4
19;2021-04-19;730;440;57972;25352;24.1;10.5
19;2021-04-20;979;748;58951;26100;24.5;10.9
19;2021-04-21;1271;701;60222;26801;25.1;11.2
19;2021-04-22;1189;899;61411;27700;25.6;11.5
19;2021-04-23;1129;1019;62540;28719;26.0;11.9
19;2021-04-24;679;675;63219;29394;26.3;12.2
19;2021-04-25;675;69;63894;29463;26.6;12.3
19;2021-04-26;1056;331;64950;29794;27.0;12.4
19;2021-04-27;1028;569;65978;30363;27.5;12.6
19;2021-04-28;1553;556;67531;30919;28.1;12.9
19;2021-04-29;1453;1196;68984;32115;28.7;13.4
19;2021-04-30;1876;1061;70860;33176;29.5;13.8
19;2021-05-01;670;170;71530;33346;29.8;13.9
19;2021-05-02;550;152;72080;33498;30.0;13.9
19;2021-05-03;854;547;72934;34045;30.3;14.2
19;2021-05-04;1025;708;73959;34753;30.8;14.5
19;2021-05-05;1255;741;75214;35494;31.3;14.8
19;2021-05-06;1127;1198;76341;36692;31.8;15.3
19;2021-05-07;1664;1191;78005;37883;32.5;15.8
19;2021-05-08;712;207;78717;38090;32.8;15.8
19;2021-05-09;487;546;79204;38636;33.0;16.1
19;2021-05-10;1164;670;80368;39306;33.4;16.4
19;2021-05-11;1640;859;82008;40165;34.1;16.7
19;2021-05-12;1945;1318;83953;41483;34.9;17.3
19;2021-05-13;571;242;84524;41725;35.2;17.4
19;2021-05-14;1646;987;86170;42712;35.9;17.8
19;2021-05-15;1443;591;87613;43303;36.5;18.0
19;2021-05-16;350;82;87963;43385;36.6;18.1
19;2021-05-17;1498;561;89461;43946;37.2;18.3
19;2021-05-18;1670;498;91131;44444;37.9;18.5
19;2021-05-19;2009;832;93140;45276;38.8;18.8
19;2021-05-20;1722;889;94862;46165;39.5;19.2
19;2021-05-21;1963;815;96825;46980;40.3;19.5
19;2021-05-22;1272;652;98097;47632;40.8;19.8
19;2021-05-23;324;131;98421;47763;41.0;19.9
19;2021-05-24;139;46;98560;47809;41.0;19.9
19;2021-05-25;1502;492;100062;48301;41.6;20.1
19;2021-05-26;1926;667;101988;48968;42.4;20.4
19;2021-05-27;1787;833;103775;49801;43.2;20.7
19;2021-05-28;1937;991;105712;50792;44.0;21.1
19;2021-05-29;1375;705;107087;51497;44.6;21.4
19;2021-05-30;191;497;107278;51994;44.6;21.6
19;2021-05-31;1199;537;108477;52531;45.1;21.9
19;2021-06-01;1283;886;109760;53417;45.7;22.2
19;2021-06-02;1817;958;111577;54375;46.4;22.6
19;2021-06-03;1447;1252;113024;55627;47.0;23.1
19;2021-06-04;1848;1357;114872;56984;47.8;23.7
19;2021-06-05;1210;814;116082;57798;48.3;24.0
19;2021-06-06;87;649;116169;58447;48.3;24.3
19;2021-06-07;922;934;117091;59381;48.7;24.7
19;2021-06-08;1104;907;118195;60288;49.2;25.1
19;2021-06-09;1329;1463;119524;61751;49.7;25.7
19;2021-06-10;1284;1581;120808;63332;50.3;26.4
19;2021-06-11;1315;1917;122123;65249;50.8;27.1
19;2021-06-12;1357;1317;123480;66566;51.4;27.7
19;2021-06-13;543;424;124023;66990;51.6;27.9
19;2021-06-14;736;1017;124759;68007;51.9;28.3
19;2021-06-15;979;1143;125738;69150;52.3;28.8
19;2021-06-16;1223;1364;126961;70514;52.8;29.3
19;2021-06-17;869;1792;127830;72306;53.2;30.1
19;2021-06-18;1057;2136;128887;74442;53.6;31.0
19;2021-06-19;919;1303;129806;75745;54.0;31.5
19;2021-06-20;395;327;130201;76072;54.2;31.7
19;2021-06-21;500;1075;130701;77147;54.4;32.1
19;2021-06-22;698;1490;131399;78637;54.7;32.7
19;2021-06-23;743;1985;132142;80622;55.0;33.5
19;2021-06-24;687;1663;132829;82285;55.3;34.2
19;2021-06-25;562;2216;133391;84501;55.5;35.2
19;2021-06-26;471;1741;133862;86242;55.7;35.9
19;2021-06-27;289;445;134151;86687;55.8;36.1
19;2021-06-28;315;1500;134466;88187;55.9;36.7
19;2021-06-29;354;1894;134820;90081;56.1;37.5
19;2021-06-30;795;2152;135615;92233;56.4;38.4
19;2021-07-01;361;2321;135976;94554;56.6;39.3
19;2021-07-02;781;2317;136757;96871;56.9;40.3
19;2021-07-03;513;1741;137270;98612;57.1;41.0
19;2021-07-04;1;73;137271;98685;57.1;41.1
19;2021-07-05;600;1015;137871;99700;57.4;41.5
19;2021-07-06;506;1541;138377;101241;57.6;42.1
19;2021-07-07;705;2045;139082;103286;57.9;43.0
19;2021-07-08;770;2148;139852;105434;58.2;43.9
19;2021-07-09;716;2660;140568;108094;58.5;45.0
19;2021-07-10;587;1708;141155;109802;58.7;45.7
19;2021-07-11;45;212;141200;110014;58.8;45.8
19;2021-07-12;447;1489;141647;111503;58.9;46.4
19;2021-07-13;685;1829;142332;113332;59.2;47.2
19;2021-07-14;202;273;142534;113605;59.3;47.3
19;2021-07-15;871;2050;143405;115655;59.7;48.1
19;2021-07-16;1229;2445;144634;118100;60.2;49.1
19;2021-07-17;703;1718;145337;119818;60.5;49.9
19;2021-07-18;363;672;145700;120490;60.6;50.1
19;2021-07-19;968;1405;146668;121895;61.0;50.7
19;2021-07-20;967;1676;147635;123571;61.4;51.4
19;2021-07-21;1082;1713;148717;125284;61.9;52.1
19;2021-07-22;1390;1854;150107;127138;62.5;52.9
19;2021-07-23;1780;1992;151887;129130;63.2;53.7
19;2021-07-24;907;1751;152794;130881;63.6;54.5
19;2021-07-25;163;512;152957;131393;63.6;54.7
19;2021-07-26;910;909;153867;132302;64.0;55.0
19;2021-07-27;1421;1114;155288;133416;64.6;55.5
19;2021-07-28;2042;1223;157330;134639;65.5;56.0
19;2021-07-29;1619;1202;158949;135841;66.1;56.5
19;2021-07-30;1905;1020;160854;136861;66.9;56.9
19;2021-07-31;1127;1016;161981;137877;67.4;57.4
19;2021-08-01;347;373;162328;138250;67.5;57.5
19;2021-08-02;1143;809;163471;139059;68.0;57.9
19;2021-08-03;1449;1049;164920;140108;68.6;58.3
19;2021-08-04;1981;760;166901;140868;69.4;58.6
19;2021-08-05;1623;952;168524;141820;70.1;59.0
19;2021-08-06;1959;1213;170483;143033;70.9;59.5
19;2021-08-07;1328;995;171811;144028;71.5;59.9
19;2021-08-08;184;233;171995;144261;71.6;60.0
19;2021-08-09;999;786;172994;145047;72.0;60.4
19;2021-08-10;1278;1009;174272;146056;72.5;60.8
19;2021-08-11;1346;1004;175618;147060;73.1;61.2
19;2021-08-12;1016;1278;176634;148338;73.5;61.7
19;2021-08-13;1168;1277;177802;149615;74.0;62.3
19;2021-08-14;975;1161;178777;150776;74.4;62.7
19;2021-08-15;30;54;178807;150830;74.4;62.8
19;2021-08-16;590;1027;179397;151857;74.6;63.2
19;2021-08-17;629;1166;180026;153023;74.9;63.7
19;2021-08-18;649;981;180675;154004;75.2;64.1
19;2021-08-19;436;1260;181111;155264;75.4;64.6
19;2021-08-20;858;1927;181969;157191;75.7;65.4
19;2021-08-21;487;1373;182456;158564;75.9;66.0
19;2021-08-22;52;93;182508;158657;75.9;66.0
19;2021-08-23;222;1157;182730;159814;76.0;66.5
19;2021-08-24;535;1318;183265;161132;76.3;67.0
19;2021-08-25;623;1549;183888;162681;76.5;67.7
19;2021-08-26;476;1460;184364;164141;76.7;68.3
21;2020-12-27;4;0;4;0;0.0;0.0
21;2020-12-28;2;0;6;0;0.0;0.0
21;2020-12-29;19;0;25;0;0.0;0.0
21;2020-12-30;22;0;47;0;0.0;0.0
21;2020-12-31;0;0;47;0;0.0;0.0
21;2021-01-01;0;0;47;0;0.0;0.0
21;2021-01-02;1;0;48;0;0.0;0.0
21;2021-01-03;1;0;49;0;0.0;0.0
21;2021-01-04;22;0;71;0;0.0;0.0
21;2021-01-05;250;2;321;2;0.1;0.0
21;2021-01-06;300;0;621;2;0.1;0.0
21;2021-01-07;387;0;1008;2;0.2;0.0
21;2021-01-08;455;2;1463;4;0.3;0.0
21;2021-01-09;252;0;1715;4;0.3;0.0
21;2021-01-10;1;0;1716;4;0.3;0.0
21;2021-01-11;624;1;2340;5;0.4;0.0
21;2021-01-12;655;0;2995;5;0.6;0.0
21;2021-01-13;703;2;3698;7;0.7;0.0
21;2021-01-14;1188;6;4886;13;0.9;0.0
21;2021-01-15;717;5;5603;18;1.1;0.0
21;2021-01-16;162;0;5765;18;1.1;0.0
21;2021-01-17;5;0;5770;18;1.1;0.0
21;2021-01-18;1317;5;7087;23;1.3;0.0
21;2021-01-19;1366;2;8453;25;1.6;0.0
21;2021-01-20;1297;45;9750;70;1.8;0.0
21;2021-01-21;1540;3;11290;73;2.1;0.0
21;2021-01-22;1244;5;12534;78;2.4;0.0
21;2021-01-23;487;0;13021;78;2.4;0.0
21;2021-01-24;123;0;13144;78;2.5;0.0
21;2021-01-25;926;18;14070;96;2.6;0.0
21;2021-01-26;1542;146;15612;242;2.9;0.0
21;2021-01-27;2044;156;17656;398;3.3;0.1
21;2021-01-28;1451;227;19107;625;3.6;0.1
21;2021-01-29;1023;212;20130;837;3.8;0.2
21;2021-01-30;470;31;20600;868;3.9;0.2
21;2021-01-31;97;3;20697;871;3.9;0.2
21;2021-02-01;453;287;21150;1158;4.0;0.2
21;2021-02-02;455;441;21605;1599;4.1;0.3
21;2021-02-03;442;281;22047;1880;4.1;0.4
21;2021-02-04;417;546;22464;2426;4.2;0.5
21;2021-02-05;489;524;22953;2950;4.3;0.6
21;2021-02-06;154;223;23107;3173;4.3;0.6
21;2021-02-07;2;2;23109;3175;4.3;0.6
21;2021-02-08;433;391;23542;3566;4.4;0.7
21;2021-02-09;514;522;24056;4088;4.5;0.8
21;2021-02-10;461;583;24517;4671;4.6;0.9
21;2021-02-11;484;752;25001;5423;4.7;1.0
21;2021-02-12;356;936;25357;6359;4.8;1.2
21;2021-02-13;360;320;25717;6679;4.8;1.3
21;2021-02-14;240;149;25957;6828;4.9;1.3
21;2021-02-15;120;1406;26077;8234;4.9;1.5
21;2021-02-16;206;1567;26283;9801;4.9;1.8
21;2021-02-17;397;1985;26680;11786;5.0;2.2
21;2021-02-18;603;1354;27283;13140;5.1;2.5
21;2021-02-19;216;1137;27499;14277;5.2;2.7
21;2021-02-20;122;427;27621;14704;5.2;2.8
21;2021-02-21;1;83;27622;14787;5.2;2.8
21;2021-02-22;83;775;27705;15562;5.2;2.9
21;2021-02-23;169;1041;27874;16603;5.2;3.1
21;2021-02-24;225;745;28099;17348;5.3;3.3
21;2021-02-25;646;830;28745;18178;5.4;3.4
21;2021-02-26;926;718;29671;18896;5.6;3.5
21;2021-02-27;534;300;30205;19196;5.7;3.6
21;2021-02-28;24;135;30229;19331;5.7;3.6
21;2021-03-01;679;630;30908;19961;5.8;3.7
21;2021-03-02;1055;555;31963;20516;6.0;3.8
21;2021-03-03;1165;440;33128;20956;6.2;3.9
21;2021-03-04;1684;518;34812;21474;6.5;4.0
21;2021-03-05;2197;663;37009;22137;6.9;4.2
21;2021-03-06;1592;197;38601;22334;7.2;4.2
21;2021-03-07;4;16;38605;22350;7.2;4.2
21;2021-03-08;772;447;39377;22797;7.4;4.3
21;2021-03-09;1571;570;40948;23367;7.7;4.4
21;2021-03-10;1626;563;42574;23930;8.0;4.5
21;2021-03-11;2192;694;44766;24624;8.4;4.6
21;2021-03-12;2905;438;47671;25062;8.9;4.7
21;2021-03-13;1932;187;49603;25249;9.3;4.7
21;2021-03-14;38;49;49641;25298;9.3;4.7
21;2021-03-15;1413;86;51054;25384;9.6;4.8
21;2021-03-16;1884;152;52938;25536;9.9;4.8
21;2021-03-17;1808;112;54746;25648;10.3;4.8
21;2021-03-18;2125;265;56871;25913;10.7;4.9
21;2021-03-19;1963;145;58834;26058;11.0;4.9
21;2021-03-20;1228;38;60062;26096;11.3;4.9
21;2021-03-21;2;0;60064;26096;11.3;4.9
21;2021-03-22;1556;90;61620;26186;11.6;4.9
21;2021-03-23;2695;103;64315;26289;12.1;4.9
21;2021-03-24;2890;161;67205;26450;12.6;5.0
21;2021-03-25;3731;242;70936;26692;13.3;5.0
21;2021-03-26;3655;202;74591;26894;14.0;5.0
21;2021-03-27;1731;59;76322;26953;14.3;5.1
21;2021-03-28;200;37;76522;26990;14.4;5.1
21;2021-03-29;1789;517;78311;27507;14.7;5.2
21;2021-03-30;2347;805;80658;28312;15.1;5.3
21;2021-03-31;2718;654;83376;28966;15.6;5.4
21;2021-04-01;2692;720;86068;29686;16.2;5.6
21;2021-04-02;2247;740;88315;30426;16.6;5.7
21;2021-04-03;1018;279;89333;30705;16.8;5.8
21;2021-04-04;2;12;89335;30717;16.8;5.8
21;2021-04-05;9;0;89344;30717;16.8;5.8
21;2021-04-06;1360;1137;90704;31854;17.0;6.0
21;2021-04-07;1751;970;92455;32824;17.3;6.2
21;2021-04-08;3216;1140;95671;33964;18.0;6.4
21;2021-04-09;3481;1188;99152;35152;18.6;6.6
21;2021-04-10;1376;744;100528;35896;18.9;6.7
21;2021-04-11;145;3;100673;35899;18.9;6.7
21;2021-04-12;1116;1347;101789;37246;19.1;7.0
21;2021-04-13;1655;1784;103444;39030;19.4;7.3
21;2021-04-14;1483;1469;104927;40499;19.7;7.6
21;2021-04-15;1903;1592;106830;42091;20.0;7.9
21;2021-04-16;2322;1315;109152;43406;20.5;8.1
21;2021-04-17;1018;972;110170;44378;20.7;8.3
21;2021-04-18;15;4;110185;44382;20.7;8.3
21;2021-04-19;1110;1323;111295;45705;20.9;8.6
21;2021-04-20;1240;1834;112535;47539;21.1;8.9
21;2021-04-21;1095;1719;113630;49258;21.3;9.2
21;2021-04-22;1274;2214;114904;51472;21.6;9.7
21;2021-04-23;1983;1728;116887;53200;21.9;10.0
21;2021-04-24;1002;872;117889;54072;22.1;10.1
21;2021-04-25;9;168;117898;54240;22.1;10.2
21;2021-04-26;1013;1597;118911;55837;22.3;10.5
21;2021-04-27;1841;1940;120752;57777;22.7;10.8
21;2021-04-28;2231;2225;122983;60002;23.1;11.3
21;2021-04-29;3136;2267;126119;62269;23.7;11.7
21;2021-04-30;3560;1865;129679;64134;24.3;12.0
21;2021-05-01;962;227;130641;64361;24.5;12.1
21;2021-05-02;2;5;130643;64366;24.5;12.1
21;2021-05-03;2081;1350;132724;65716;24.9;12.3
21;2021-05-04;2576;1652;135300;67368;25.4;12.6
21;2021-05-05;2248;1691;137548;69059;25.8;13.0
21;2021-05-06;3014;2244;140562;71303;26.4;13.4
21;2021-05-07;2805;2185;143367;73488;26.9;13.8
21;2021-05-08;1068;270;144435;73758;27.1;13.8
21;2021-05-09;26;177;144461;73935;27.1;13.9
21;2021-05-10;3170;1732;147631;75667;27.7;14.2
21;2021-05-11;4917;2010;152548;77677;28.6;14.6
21;2021-05-12;4804;1749;157352;79426;29.5;14.9
21;2021-05-13;3846;365;161198;79791;30.2;15.0
21;2021-05-14;5201;1471;166399;81262;31.2;15.2
21;2021-05-15;3429;649;169828;81911;31.9;15.4
21;2021-05-16;49;4;169877;81915;31.9;15.4
21;2021-05-17;4129;1260;174006;83175;32.7;15.6
21;2021-05-18;4359;1505;178365;84680;33.5;15.9
21;2021-05-19;3471;1132;181836;85812;34.1;16.1
21;2021-05-20;3899;1358;185735;87170;34.9;16.4
21;2021-05-21;3624;2157;189359;89327;35.5;16.8
21;2021-05-22;1669;772;191028;90099;35.8;16.9
21;2021-05-23;4;17;191032;90116;35.8;16.9
21;2021-05-24;1816;266;192848;90382;36.2;17.0
21;2021-05-25;2647;1968;195495;92350;36.7;17.3
21;2021-05-26;2604;1999;198099;94349;37.2;17.7
21;2021-05-27;4014;2108;202113;96457;37.9;18.1
21;2021-05-28;3572;2831;205685;99288;38.6;18.6
21;2021-05-29;1929;1468;207614;100756;39.0;18.9
21;2021-05-30;98;13;207712;100769;39.0;18.9
21;2021-05-31;2502;1783;210214;102552;39.4;19.2
21;2021-06-01;3455;2257;213669;104809;40.1;19.7
21;2021-06-02;2619;1766;216288;106575;40.6;20.0
21;2021-06-03;3147;2079;219435;108654;41.2;20.4
21;2021-06-04;3282;2590;222717;111244;41.8;20.9
21;2021-06-05;2924;1653;225641;112897;42.3;21.2
21;2021-06-06;51;85;225692;112982;42.4;21.2
21;2021-06-07;4316;1352;230008;114334;43.2;21.5
21;2021-06-08;4941;2144;234949;116478;44.1;21.9
21;2021-06-09;4502;1627;239451;118105;44.9;22.2
21;2021-06-10;3934;2598;243385;120703;45.7;22.7
21;2021-06-11;4169;3111;247554;123814;46.5;23.2
21;2021-06-12;2198;1608;249752;125422;46.9;23.5
21;2021-06-13;29;11;249781;125433;46.9;23.5
21;2021-06-14;2197;2567;251978;128000;47.3;24.0
21;2021-06-15;2960;3093;254938;131093;47.8;24.6
21;2021-06-16;2854;2613;257792;133706;48.4;25.1
21;2021-06-17;3421;3044;261213;136750;49.0;25.7
21;2021-06-18;2427;3801;263640;140551;49.5;26.4
21;2021-06-19;2044;1863;265684;142414;49.9;26.7
21;2021-06-20;26;13;265710;142427;49.9;26.7
21;2021-06-21;1843;3412;267553;145839;50.2;27.4
21;2021-06-22;1881;5831;269434;151670;50.6;28.5
21;2021-06-23;2029;5014;271463;156684;50.9;29.4
21;2021-06-24;2365;4665;273828;161349;51.4;30.3
21;2021-06-25;1531;5898;275359;167247;51.7;31.4
21;2021-06-26;1441;3900;276800;171147;51.9;32.1
21;2021-06-27;18;125;276818;171272;51.9;32.1
21;2021-06-28;1398;4020;278216;175292;52.2;32.9
21;2021-06-29;1636;4181;279852;179473;52.5;33.7
21;2021-06-30;1569;3376;281421;182849;52.8;34.3
21;2021-07-01;1666;4151;283087;187000;53.1;35.1
21;2021-07-02;2176;4230;285263;191230;53.5;35.9
21;2021-07-03;1093;2100;286356;193330;53.7;36.3
21;2021-07-04;37;55;286393;193385;53.7;36.3
21;2021-07-05;1608;3627;288001;197012;54.0;37.0
21;2021-07-06;1347;3588;289348;200600;54.3;37.6
21;2021-07-07;1455;3242;290803;203842;54.6;38.3
21;2021-07-08;1878;4158;292681;208000;54.9;39.0
21;2021-07-09;2084;4352;294765;212352;55.3;39.8
21;2021-07-10;1089;2544;295854;214896;55.5;40.3
21;2021-07-11;21;74;295875;214970;55.5;40.3
21;2021-07-12;1658;3728;297533;218698;55.8;41.0
21;2021-07-13;2345;4898;299878;223596;56.3;42.0
21;2021-07-14;2873;2016;302751;225612;56.8;42.3
21;2021-07-15;3814;4559;306565;230171;57.5;43.2
21;2021-07-16;3885;5258;310450;235429;58.3;44.2
21;2021-07-17;2773;4172;313223;239601;58.8;45.0
21;2021-07-18;157;82;313380;239683;58.8;45.0
21;2021-07-19;2378;4626;315758;244309;59.3;45.8
21;2021-07-20;2757;5491;318515;249800;59.8;46.9
21;2021-07-21;2908;4791;321423;254591;60.3;47.8
21;2021-07-22;3018;4726;324441;259317;60.9;48.7
21;2021-07-23;4354;4894;328795;264211;61.7;49.6
21;2021-07-24;3036;3018;331831;267229;62.3;50.1
21;2021-07-25;68;40;331899;267269;62.3;50.2
21;2021-07-26;2662;3591;334561;270860;62.8;50.8
21;2021-07-27;3408;3780;337969;274640;63.4;51.5
21;2021-07-28;3568;3346;341537;277986;64.1;52.2
21;2021-07-29;4125;3369;345662;281355;64.9;52.8
21;2021-07-30;4598;3345;350260;284700;65.7;53.4
21;2021-07-31;3419;2368;353679;287068;66.4;53.9
21;2021-08-01;330;57;354009;287125;66.4;53.9
21;2021-08-02;2526;3160;356535;290285;66.9;54.5
21;2021-08-03;2611;2766;359146;293051;67.4;55.0
21;2021-08-04;2363;2487;361509;295538;67.8;55.5
21;2021-08-05;2200;3083;363709;298621;68.3;56.0
21;2021-08-06;2563;3302;366272;301923;68.7;56.7
21;2021-08-07;1887;2655;368159;304578;69.1;57.2
21;2021-08-08;74;68;368233;304646;69.1;57.2
21;2021-08-09;1630;2929;369863;307575;69.4;57.7
21;2021-08-10;1395;2712;371258;310287;69.7;58.2
21;2021-08-11;1648;2446;372906;312733;70.0;58.7
21;2021-08-12;1142;2422;374048;315155;70.2;59.1
21;2021-08-13;1489;2743;375537;317898;70.5;59.7
21;2021-08-14;838;2430;376375;320328;70.6;60.1
21;2021-08-15;51;63;376426;320391;70.6;60.1
21;2021-08-16;1387;2819;377813;323210;70.9;60.7
21;2021-08-17;1196;2773;379009;325983;71.1;61.2
21;2021-08-18;1018;2872;380027;328855;71.3;61.7
21;2021-08-19;950;3065;380977;331920;71.5;62.3
21;2021-08-20;1045;4187;382022;336107;71.7;63.1
21;2021-08-21;834;3138;382856;339245;71.8;63.7
21;2021-08-22;32;116;382888;339361;71.9;63.7
21;2021-08-23;863;3210;383751;342571;72.0;64.3
21;2021-08-24;937;2870;384688;345441;72.2;64.8
21;2021-08-25;847;2548;385535;347989;72.3;65.3
21;2021-08-26;676;2415;386211;350404;72.5;65.8
22;2020-12-27;0;0;0;0;0.0;0.0
22;2020-12-28;0;0;0;0;0.0;0.0
22;2020-12-29;0;0;0;0;0.0;0.0
22;2020-12-30;0;0;0;0;0.0;0.0
22;2020-12-31;0;0;0;0;0.0;0.0
22;2021-01-01;0;0;0;0;0.0;0.0
22;2021-01-02;2;0;2;0;0.0;0.0
22;2021-01-03;0;0;2;0;0.0;0.0
22;2021-01-04;5;0;7;0;0.0;0.0
22;2021-01-05;61;0;68;0;0.0;0.0
22;2021-01-06;114;1;182;1;0.0;0.0
22;2021-01-07;67;0;249;1;0.0;0.0
22;2021-01-08;174;0;423;1;0.1;0.0
22;2021-01-09;1;0;424;1;0.1;0.0
22;2021-01-10;0;0;424;1;0.1;0.0
22;2021-01-11;234;3;658;4;0.1;0.0
22;2021-01-12;627;0;1285;4;0.2;0.0
22;2021-01-13;676;1;1961;5;0.3;0.0
22;2021-01-14;716;8;2677;13;0.4;0.0
22;2021-01-15;529;2;3206;15;0.5;0.0
22;2021-01-16;96;0;3302;15;0.6;0.0
22;2021-01-17;1;0;3303;15;0.6;0.0
22;2021-01-18;311;1;3614;16;0.6;0.0
22;2021-01-19;687;1;4301;17;0.7;0.0
22;2021-01-20;598;0;4899;17;0.8;0.0
22;2021-01-21;947;1;5846;18;1.0;0.0
22;2021-01-22;839;2;6685;20;1.1;0.0
22;2021-01-23;219;0;6904;20;1.2;0.0
22;2021-01-24;1;0;6905;20;1.2;0.0
22;2021-01-25;748;10;7653;30;1.3;0.0
22;2021-01-26;1017;59;8670;89;1.5;0.0
22;2021-01-27;3859;111;12529;200;2.1;0.0
22;2021-01-28;4510;85;17039;285;2.9;0.0
22;2021-01-29;1898;129;18937;414;3.2;0.1
22;2021-01-30;287;0;19224;414;3.2;0.1
22;2021-01-31;3;0;19227;414;3.2;0.1
22;2021-02-01;641;81;19868;495;3.3;0.1
22;2021-02-02;903;436;20771;931;3.5;0.2
22;2021-02-03;690;504;21461;1435;3.6;0.2
22;2021-02-04;965;635;22426;2070;3.8;0.3
22;2021-02-05;721;563;23147;2633;3.9;0.4
22;2021-02-06;251;0;23398;2633;3.9;0.4
22;2021-02-07;0;0;23398;2633;3.9;0.4
22;2021-02-08;531;133;23929;2766;4.0;0.5
22;2021-02-09;614;344;24543;3110;4.1;0.5
22;2021-02-10;425;200;24968;3310;4.2;0.6
22;2021-02-11;1086;325;26054;3635;4.4;0.6
22;2021-02-12;594;328;26648;3963;4.5;0.7
22;2021-02-13;319;78;26967;4041;4.5;0.7
22;2021-02-14;0;5;26967;4046;4.5;0.7
22;2021-02-15;672;428;27639;4474;4.6;0.8
22;2021-02-16;1042;703;28681;5177;4.8;0.9
22;2021-02-17;1202;2460;29883;7637;5.0;1.3
22;2021-02-18;2142;3008;32025;10645;5.4;1.8
22;2021-02-19;1637;1946;33662;12591;5.6;2.1
22;2021-02-20;479;213;34141;12804;5.7;2.1
22;2021-02-21;6;49;34147;12853;5.7;2.2
22;2021-02-22;403;722;34550;13575;5.8;2.3
22;2021-02-23;665;933;35215;14508;5.9;2.4
22;2021-02-24;695;944;35910;15452;6.0;2.6
22;2021-02-25;1201;1205;37111;16657;6.2;2.8
22;2021-02-26;1066;712;38177;17369;6.4;2.9
22;2021-02-27;564;286;38741;17655;6.5;3.0
22;2021-02-28;16;8;38757;17663;6.5;3.0
22;2021-03-01;958;524;39715;18187;6.7;3.1
22;2021-03-02;1205;877;40920;19064;6.9;3.2
22;2021-03-03;1325;862;42245;19926;7.1;3.3
22;2021-03-04;1600;930;43845;20856;7.4;3.5
22;2021-03-05;2107;809;45952;21665;7.7;3.6
22;2021-03-06;1113;298;47065;21963;7.9;3.7
22;2021-03-07;219;1;47284;21964;7.9;3.7
22;2021-03-08;1291;659;48575;22623;8.1;3.8
22;2021-03-09;1824;755;50399;23378;8.5;3.9
22;2021-03-10;1988;1002;52387;24380;8.8;4.1
22;2021-03-11;2374;1654;54761;26034;9.2;4.4
22;2021-03-12;3102;962;57863;26996;9.7;4.5
22;2021-03-13;1717;294;59580;27290;10.0;4.6
22;2021-03-14;245;23;59825;27313;10.0;4.6
22;2021-03-15;1620;565;61445;27878;10.3;4.7
22;2021-03-16;1602;854;63047;28732;10.6;4.8
22;2021-03-17;2650;703;65697;29435;11.0;4.9
22;2021-03-18;2552;1111;68249;30546;11.4;5.1
22;2021-03-19;3282;799;71531;31345;12.0;5.3
22;2021-03-20;2208;285;73739;31630;12.4;5.3
22;2021-03-21;16;0;73755;31630;12.4;5.3
22;2021-03-22;2364;364;76119;31994;12.8;5.4
22;2021-03-23;3142;786;79261;32780;13.3;5.5
22;2021-03-24;3486;685;82747;33465;13.9;5.6
22;2021-03-25;3962;606;86709;34071;14.5;5.7
22;2021-03-26;4003;484;90712;34555;15.2;5.8
22;2021-03-27;2088;180;92800;34735;15.6;5.8
22;2021-03-28;67;1;92867;34736;15.6;5.8
22;2021-03-29;2766;911;95633;35647;16.0;6.0
22;2021-03-30;3568;1155;99201;36802;16.6;6.2
22;2021-03-31;3675;1088;102876;37890;17.3;6.4
22;2021-04-01;4943;1128;107819;39018;18.1;6.5
22;2021-04-02;4392;1038;112211;40056;18.8;6.7
22;2021-04-03;1997;403;114208;40459;19.2;6.8
22;2021-04-04;37;0;114245;40459;19.2;6.8
22;2021-04-05;15;0;114260;40459;19.2;6.8
22;2021-04-06;3291;1140;117551;41599;19.7;7.0
22;2021-04-07;3429;1367;120980;42966;20.3;7.2
22;2021-04-08;4448;1322;125428;44288;21.0;7.4
22;2021-04-09;5185;1358;130613;45646;21.9;7.7
22;2021-04-10;2445;366;133058;46012;22.3;7.7
22;2021-04-11;485;10;133543;46022;22.4;7.7
22;2021-04-12;2987;1003;136530;47025;22.9;7.9
22;2021-04-13;3320;1517;139850;48542;23.5;8.1
22;2021-04-14;3169;2488;143019;51030;24.0;8.6
22;2021-04-15;3600;2434;146619;53464;24.6;9.0
22;2021-04-16;3631;2488;150250;55952;25.2;9.4
22;2021-04-17;1918;1787;152168;57739;25.5;9.7
22;2021-04-18;17;0;152185;57739;25.5;9.7
22;2021-04-19;3021;2149;155206;59888;26.0;10.0
22;2021-04-20;3310;2794;158516;62682;26.6;10.5
22;2021-04-21;3223;2731;161739;65413;27.1;11.0
22;2021-04-22;3593;3132;165332;68545;27.7;11.5
22;2021-04-23;3729;3173;169061;71718;28.4;12.0
22;2021-04-24;2006;1962;171067;73680;28.7;12.4
22;2021-04-25;17;0;171084;73680;28.7;12.4
22;2021-04-26;3213;2854;174297;76534;29.2;12.8
22;2021-04-27;3373;3142;177670;79676;29.8;13.4
22;2021-04-28;3489;3153;181159;82829;30.4;13.9
22;2021-04-29;4081;3272;185240;86101;31.1;14.4
22;2021-04-30;3905;3229;189145;89330;31.7;15.0
22;2021-05-01;60;69;189205;89399;31.7;15.0
22;2021-05-02;1237;60;190442;89459;31.9;15.0
22;2021-05-03;2030;2710;192472;92169;32.3;15.5
22;2021-05-04;2155;2900;194627;95069;32.6;15.9
22;2021-05-05;2052;3007;196679;98076;33.0;16.5
22;2021-05-06;2509;3496;199188;101572;33.4;17.0
22;2021-05-07;2831;3409;202019;104981;33.9;17.6
22;2021-05-08;45;121;202064;105102;33.9;17.6
22;2021-05-09;600;436;202664;105538;34.0;17.7
22;2021-05-10;4475;2731;207139;108269;34.7;18.2
22;2021-05-11;5105;2905;212244;111174;35.6;18.6
22;2021-05-12;6598;1024;218842;112198;36.7;18.8
22;2021-05-13;528;35;219370;112233;36.8;18.8
22;2021-05-14;6408;1087;225778;113320;37.9;19.0
22;2021-05-15;3987;428;229765;113748;38.5;19.1
22;2021-05-16;419;36;230184;113784;38.6;19.1
22;2021-05-17;5669;518;235853;114302;39.6;19.2
22;2021-05-18;6010;949;241863;115251;40.6;19.3
22;2021-05-19;6130;708;247993;115959;41.6;19.5
22;2021-05-20;6586;1375;254579;117334;42.7;19.7
22;2021-05-21;5897;1460;260476;118794;43.7;19.9
22;2021-05-22;4091;773;264567;119567;44.4;20.1
22;2021-05-23;407;16;264974;119583;44.4;20.1
22;2021-05-24;5310;222;270284;119805;45.3;20.1
22;2021-05-25;5637;1179;275921;120984;46.3;20.3
22;2021-05-26;4221;2809;280142;123793;47.0;20.8
22;2021-05-27;4506;3840;284648;127633;47.7;21.4
22;2021-05-28;4384;4438;289032;132071;48.5;22.2
22;2021-05-29;3046;1770;292078;133841;49.0;22.4
22;2021-05-30;19;7;292097;133848;49.0;22.5
22;2021-05-31;3655;3155;295752;137003;49.6;23.0
22;2021-06-01;3523;3691;299275;140694;50.2;23.6
22;2021-06-02;3086;3386;302361;144080;50.7;24.2
22;2021-06-03;3198;4101;305559;148181;51.3;24.9
22;2021-06-04;3373;4546;308932;152727;51.8;25.6
22;2021-06-05;3543;2025;312475;154752;52.4;26.0
22;2021-06-06;214;30;312689;154782;52.4;26.0
22;2021-06-07;3043;3256;315732;158038;53.0;26.5
22;2021-06-08;2799;3530;318531;161568;53.4;27.1
22;2021-06-09;2543;3509;321074;165077;53.9;27.7
22;2021-06-10;2517;4252;323591;169329;54.3;28.4
22;2021-06-11;2552;4228;326143;173557;54.7;29.1
22;2021-06-12;2414;1455;328557;175012;55.1;29.4
22;2021-06-13;133;1093;328690;176105;55.1;29.5
22;2021-06-14;2643;2470;331333;178575;55.6;30.0
22;2021-06-15;3096;2997;334429;181572;56.1;30.5
22;2021-06-16;3007;2812;337436;184384;56.6;30.9
22;2021-06-17;2565;3181;340001;187565;57.0;31.5
22;2021-06-18;3099;4114;343100;191679;57.5;32.2
22;2021-06-19;2985;1456;346085;193135;58.0;32.4
22;2021-06-20;155;8;346240;193143;58.1;32.4
22;2021-06-21;1780;5021;348020;198164;58.4;33.2
22;2021-06-22;2404;5554;350424;203718;58.8;34.2
22;2021-06-23;1282;6204;351706;209922;59.0;35.2
22;2021-06-24;2576;3914;354282;213836;59.4;35.9
22;2021-06-25;1566;6814;355848;220650;59.7;37.0
22;2021-06-26;783;3855;356631;224505;59.8;37.7
22;2021-06-27;4;512;356635;225017;59.8;37.7
22;2021-06-28;1051;5585;357686;230602;60.0;38.7
22;2021-06-29;1375;5956;359061;236558;60.2;39.7
22;2021-06-30;1131;5738;360192;242296;60.4;40.6
22;2021-07-01;1377;6039;361569;248335;60.6;41.7
22;2021-07-02;1713;6092;363282;254427;60.9;42.7
22;2021-07-03;1006;3818;364288;258245;61.1;43.3
22;2021-07-04;149;364;364437;258609;61.1;43.4
22;2021-07-05;1595;5803;366032;264412;61.4;44.4
22;2021-07-06;2309;5996;368341;270408;61.8;45.4
22;2021-07-07;2291;4931;370632;275339;62.2;46.2
22;2021-07-08;2502;5097;373134;280436;62.6;47.0
22;2021-07-09;2497;5384;375631;285820;63.0;47.9
22;2021-07-10;1810;3356;377441;289176;63.3;48.5
22;2021-07-11;484;72;377925;289248;63.4;48.5
22;2021-07-12;2329;4733;380254;293981;63.8;49.3
22;2021-07-13;3782;5054;384036;299035;64.4;50.2
22;2021-07-14;698;2496;384734;301531;64.5;50.6
22;2021-07-15;3860;4623;388594;306154;65.2;51.4
22;2021-07-16;3825;5292;392419;311446;65.8;52.2
22;2021-07-17;2548;3410;394967;314856;66.2;52.8
22;2021-07-18;567;87;395534;314943;66.3;52.8
22;2021-07-19;2759;4106;398293;319049;66.8;53.5
22;2021-07-20;3902;4133;402195;323182;67.5;54.2
22;2021-07-21;3980;3408;406175;326590;68.1;54.8
22;2021-07-22;4844;3705;411019;330295;68.9;55.4
22;2021-07-23;4434;4219;415453;334514;69.7;56.1
22;2021-07-24;2253;2615;417706;337129;70.1;56.5
22;2021-07-25;118;150;417824;337279;70.1;56.6
22;2021-07-26;3013;3920;420837;341199;70.6;57.2
22;2021-07-27;3696;4913;424533;346112;71.2;58.1
22;2021-07-28;3675;3657;428208;349769;71.8;58.7
22;2021-07-29;4271;3778;432479;353547;72.5;59.3
22;2021-07-30;4012;3976;436491;357523;73.2;60.0
22;2021-07-31;2384;2804;438875;360327;73.6;60.4
22;2021-08-01;116;152;438991;360479;73.6;60.5
22;2021-08-02;4636;2542;443627;363021;74.4;60.9
22;2021-08-03;4759;3423;448386;366444;75.2;61.5
22;2021-08-04;5734;2494;454120;368938;76.2;61.9
22;2021-08-05;4096;3805;458216;372743;76.9;62.5
22;2021-08-06;3623;3814;461839;376557;77.5;63.2
22;2021-08-07;2322;2265;464161;378822;77.9;63.5
22;2021-08-08;421;70;464582;378892;77.9;63.6
22;2021-08-09;2701;2702;467283;381594;78.4;64.0
22;2021-08-10;2693;3505;469976;385099;78.8;64.6
22;2021-08-11;2384;3117;472360;388216;79.2;65.1
22;2021-08-12;2153;3479;474513;391695;79.6;65.7
22;2021-08-13;1866;2976;476379;394671;79.9;66.2
22;2021-08-14;1317;1912;477696;396583;80.1;66.5
22;2021-08-15;85;198;477781;396781;80.1;66.6
22;2021-08-16;1461;3179;479242;399960;80.4;67.1
22;2021-08-17;1731;3460;480973;403420;80.7;67.7
22;2021-08-18;1397;3306;482370;406726;80.9;68.2
22;2021-08-19;1303;3608;483673;410334;81.1;68.8
22;2021-08-20;1444;3596;485117;413930;81.4;69.4
22;2021-08-21;802;2255;485919;416185;81.5;69.8
22;2021-08-22;151;308;486070;416493;81.5;69.9
22;2021-08-23;1951;3608;488021;420101;81.9;70.5
22;2021-08-24;1408;3247;489429;423348;82.1;71.0
22;2021-08-25;837;2508;490266;425856;82.2;71.4
22;2021-08-26;1051;4291;491317;430147;82.4;72.1
23;2020-12-27;0;0;0;0;0.0;0.0
23;2020-12-28;1;0;1;0;0.0;0.0
23;2020-12-29;0;0;1;0;0.0;0.0
23;2020-12-30;0;0;1;0;0.0;0.0
23;2020-12-31;0;0;1;0;0.0;0.0
23;2021-01-01;0;0;1;0;0.0;0.0
23;2021-01-02;1;0;2;0;0.0;0.0
23;2021-01-03;0;0;2;0;0.0;0.0
23;2021-01-04;1;0;3;0;0.0;0.0
23;2021-01-05;3;0;6;0;0.0;0.0
23;2021-01-06;10;0;16;0;0.0;0.0
23;2021-01-07;116;1;132;1;0.1;0.0
23;2021-01-08;117;0;249;1;0.2;0.0
23;2021-01-09;36;0;285;1;0.2;0.0
23;2021-01-10;1;0;286;1;0.2;0.0
23;2021-01-11;176;1;462;2;0.4;0.0
23;2021-01-12;234;3;696;5;0.6;0.0
23;2021-01-13;308;0;1004;5;0.9;0.0
23;2021-01-14;292;4;1296;9;1.1;0.0
23;2021-01-15;334;5;1630;14;1.4;0.0
23;2021-01-16;163;1;1793;15;1.5;0.0
23;2021-01-17;0;0;1793;15;1.5;0.0
23;2021-01-18;342;3;2135;18;1.8;0.0
23;2021-01-19;497;2;2632;20;2.3;0.0
23;2021-01-20;362;1;2994;21;2.6;0.0
23;2021-01-21;698;1;3692;22;3.2;0.0
23;2021-01-22;479;0;4171;22;3.6;0.0
23;2021-01-23;368;1;4539;23;3.9;0.0
23;2021-01-24;0;0;4539;23;3.9;0.0
23;2021-01-25;382;17;4921;40;4.2;0.0
23;2021-01-26;301;5;5222;45;4.5;0.0
23;2021-01-27;228;3;5450;48;4.7;0.0
23;2021-01-28;232;46;5682;94;4.9;0.1
23;2021-01-29;303;103;5985;197;5.1;0.2
23;2021-01-30;100;28;6085;225;5.2;0.2
23;2021-01-31;2;33;6087;258;5.2;0.2
23;2021-02-01;148;105;6235;363;5.4;0.3
23;2021-02-02;157;122;6392;485;5.5;0.4
23;2021-02-03;105;207;6497;692;5.6;0.6
23;2021-02-04;78;264;6575;956;5.7;0.8
23;2021-02-05;117;311;6692;1267;5.8;1.1
23;2021-02-06;14;168;6706;1435;5.8;1.2
23;2021-02-07;1;0;6707;1435;5.8;1.2
23;2021-02-08;125;217;6832;1652;5.9;1.4
23;2021-02-09;85;295;6917;1947;5.9;1.7
23;2021-02-10;91;281;7008;2228;6.0;1.9
23;2021-02-11;244;587;7252;2815;6.2;2.4
23;2021-02-12;174;284;7426;3099;6.4;2.7
23;2021-02-13;8;191;7434;3290;6.4;2.8
23;2021-02-14;8;0;7442;3290;6.4;2.8
23;2021-02-15;157;367;7599;3657;6.5;3.1
23;2021-02-16;103;440;7702;4097;6.6;3.5
23;2021-02-17;65;493;7767;4590;6.7;3.9
23;2021-02-18;142;369;7909;4959;6.8;4.3
23;2021-02-19;109;253;8018;5212;6.9;4.5
23;2021-02-20;2;93;8020;5305;6.9;4.6
23;2021-02-21;0;0;8020;5305;6.9;4.6
23;2021-02-22;104;212;8124;5517;7.0;4.7
23;2021-02-23;109;218;8233;5735;7.1;4.9
23;2021-02-24;176;168;8409;5903;7.2;5.1
23;2021-02-25;183;109;8592;6012;7.4;5.2
23;2021-02-26;287;168;8879;6180;7.6;5.3
23;2021-02-27;112;11;8991;6191;7.7;5.3
23;2021-02-28;1;31;8992;6222;7.7;5.4
23;2021-03-01;88;201;9080;6423;7.8;5.5
23;2021-03-02;229;132;9309;6555;8.0;5.6
23;2021-03-03;133;90;9442;6645;8.1;5.7
23;2021-03-04;307;138;9749;6783;8.4;5.8
23;2021-03-05;517;111;10266;6894;8.8;5.9
23;2021-03-06;494;7;10760;6901;9.3;5.9
23;2021-03-07;313;3;11073;6904;9.5;5.9
23;2021-03-08;197;73;11270;6977;9.7;6.0
23;2021-03-09;421;103;11691;7080;10.1;6.1
23;2021-03-10;348;39;12039;7119;10.4;6.1
23;2021-03-11;325;47;12364;7166;10.6;6.2
23;2021-03-12;618;33;12982;7199;11.2;6.2
23;2021-03-13;287;12;13269;7211;11.4;6.2
23;2021-03-14;47;34;13316;7245;11.5;6.2
23;2021-03-15;220;125;13536;7370;11.6;6.3
23;2021-03-16;192;90;13728;7460;11.8;6.4
23;2021-03-17;131;101;13859;7561;11.9;6.5
23;2021-03-18;193;98;14052;7659;12.1;6.6
23;2021-03-19;205;121;14257;7780;12.3;6.7
23;2021-03-20;631;37;14888;7817;12.8;6.7
23;2021-03-21;128;0;15016;7817;12.9;6.7
23;2021-03-22;274;157;15290;7974;13.2;6.9
23;2021-03-23;504;106;15794;8080;13.6;6.9
23;2021-03-24;423;124;16217;8204;13.9;7.1
23;2021-03-25;819;188;17036;8392;14.7;7.2
23;2021-03-26;735;195;17771;8587;15.3;7.4
23;2021-03-27;505;50;18276;8637;15.7;7.4
23;2021-03-28;3;9;18279;8646;15.7;7.4
23;2021-03-29;358;111;18637;8757;16.0;7.5
23;2021-03-30;537;177;19174;8934;16.5;7.7
23;2021-03-31;411;175;19585;9109;16.8;7.8
23;2021-04-01;600;170;20185;9279;17.4;8.0
23;2021-04-02;498;298;20683;9577;17.8;8.2
23;2021-04-03;715;44;21398;9621;18.4;8.3
23;2021-04-04;4;0;21402;9621;18.4;8.3
23;2021-04-05;2;3;21404;9624;18.4;8.3
23;2021-04-06;382;294;21786;9918;18.7;8.5
23;2021-04-07;707;309;22493;10227;19.3;8.8
23;2021-04-08;803;237;23296;10464;20.0;9.0
23;2021-04-09;939;367;24235;10831;20.8;9.3
23;2021-04-10;1097;111;25332;10942;21.8;9.4
23;2021-04-11;21;2;25353;10944;21.8;9.4
23;2021-04-12;692;235;26045;11179;22.4;9.6
23;2021-04-13;669;302;26714;11481;23.0;9.9
23;2021-04-14;586;178;27300;11659;23.5;10.0
23;2021-04-15;930;184;28230;11843;24.3;10.2
23;2021-04-16;902;210;29132;12053;25.1;10.4
23;2021-04-17;995;553;30127;12606;25.9;10.8
23;2021-04-18;3;136;30130;12742;25.9;11.0
23;2021-04-19;613;297;30743;13039;26.4;11.2
23;2021-04-20;721;291;31464;13330;27.1;11.5
23;2021-04-21;733;396;32197;13726;27.7;11.8
23;2021-04-22;657;475;32854;14201;28.3;12.2
23;2021-04-23;596;345;33450;14546;28.8;12.5
23;2021-04-24;855;448;34305;14994;29.5;12.9
23;2021-04-25;0;0;34305;14994;29.5;12.9
23;2021-04-26;615;252;34920;15246;30.0;13.1
23;2021-04-27;675;427;35595;15673;30.6;13.5
23;2021-04-28;628;277;36223;15950;31.2;13.7
23;2021-04-29;883;379;37106;16329;31.9;14.0
23;2021-04-30;719;787;37825;17116;32.5;14.7
23;2021-05-01;1229;41;39054;17157;33.6;14.8
23;2021-05-02;14;0;39068;17157;33.6;14.8
23;2021-05-03;431;520;39499;17677;34.0;15.2
23;2021-05-04;617;512;40116;18189;34.5;15.6
23;2021-05-05;538;711;40654;18900;35.0;16.3
23;2021-05-06;728;701;41382;19601;35.6;16.9
23;2021-05-07;684;644;42066;20245;36.2;17.4
23;2021-05-08;1409;588;43475;20833;37.4;17.9
23;2021-05-09;3;0;43478;20833;37.4;17.9
23;2021-05-10;555;656;44033;21489;37.9;18.5
23;2021-05-11;561;765;44594;22254;38.4;19.1
23;2021-05-12;720;662;45314;22916;39.0;19.7
23;2021-05-13;537;56;45851;22972;39.4;19.8
23;2021-05-14;788;459;46639;23431;40.1;20.2
23;2021-05-15;995;234;47634;23665;41.0;20.4
23;2021-05-16;0;0;47634;23665;41.0;20.4
23;2021-05-17;568;448;48202;24113;41.5;20.7
23;2021-05-18;777;292;48979;24405;42.1;21.0
23;2021-05-19;1050;258;50029;24663;43.0;21.2
23;2021-05-20;837;316;50866;24979;43.7;21.5
23;2021-05-21;1108;311;51974;25290;44.7;21.8
23;2021-05-22;740;125;52714;25415;45.3;21.9
23;2021-05-23;3;20;52717;25435;45.3;21.9
23;2021-05-24;362;165;53079;25600;45.7;22.0
23;2021-05-25;908;336;53987;25936;46.4;22.3
23;2021-05-26;1077;227;55064;26163;47.4;22.5
23;2021-05-27;932;435;55996;26598;48.2;22.9
23;2021-05-28;781;743;56777;27341;48.8;23.5
23;2021-05-29;638;1100;57415;28441;49.4;24.5
23;2021-05-30;6;63;57421;28504;49.4;24.5
23;2021-05-31;433;541;57854;29045;49.8;25.0
23;2021-06-01;583;828;58437;29873;50.3;25.7
23;2021-06-02;625;521;59062;30394;50.8;26.1
23;2021-06-03;708;551;59770;30945;51.4;26.6
23;2021-06-04;779;614;60549;31559;52.1;27.1
23;2021-06-05;545;777;61094;32336;52.5;27.8
23;2021-06-06;0;0;61094;32336;52.5;27.8
23;2021-06-07;393;697;61487;33033;52.9;28.4
23;2021-06-08;322;776;61809;33809;53.2;29.1
23;2021-06-09;286;649;62095;34458;53.4;29.6
23;2021-06-10;373;693;62468;35151;53.7;30.2
23;2021-06-11;383;808;62851;35959;54.1;30.9
23;2021-06-12;377;1265;63228;37224;54.4;32.0
23;2021-06-13;13;5;63241;37229;54.4;32.0
23;2021-06-14;235;591;63476;37820;54.6;32.5
23;2021-06-15;230;861;63706;38681;54.8;33.3
23;2021-06-16;362;581;64068;39262;55.1;33.8
23;2021-06-17;339;810;64407;40072;55.4;34.5
23;2021-06-18;356;767;64763;40839;55.7;35.1
23;2021-06-19;490;1522;65253;42361;56.1;36.4
23;2021-06-20;2;11;65255;42372;56.1;36.4
23;2021-06-21;205;620;65460;42992;56.3;37.0
23;2021-06-22;216;686;65676;43678;56.5;37.6
23;2021-06-23;221;750;65897;44428;56.7;38.2
23;2021-06-24;200;606;66097;45034;56.8;38.7
23;2021-06-25;303;816;66400;45850;57.1;39.4
23;2021-06-26;221;999;66621;46849;57.3;40.3
23;2021-06-27;3;0;66624;46849;57.3;40.3
23;2021-06-28;115;693;66739;47542;57.4;40.9
23;2021-06-29;189;823;66928;48365;57.6;41.6
23;2021-06-30;169;944;67097;49309;57.7;42.4
23;2021-07-01;168;870;67265;50179;57.9;43.2
23;2021-07-02;192;1069;67457;51248;58.0;44.1
23;2021-07-03;250;979;67707;52227;58.2;44.9
23;2021-07-04;1;0;67708;52227;58.2;44.9
23;2021-07-05;159;805;67867;53032;58.4;45.6
23;2021-07-06;214;1043;68081;54075;58.6;46.5
23;2021-07-07;210;852;68291;54927;58.7;47.2
23;2021-07-08;254;739;68545;55666;59.0;47.9
23;2021-07-09;274;1013;68819;56679;59.2;48.7
23;2021-07-10;234;644;69053;57323;59.4;49.3
23;2021-07-11;0;0;69053;57323;59.4;49.3
23;2021-07-12;232;702;69285;58025;59.6;49.9
23;2021-07-13;471;917;69756;58942;60.0;50.7
23;2021-07-14;212;320;69968;59262;60.2;51.0
23;2021-07-15;478;811;70446;60073;60.6;51.7
23;2021-07-16;765;569;71211;60642;61.2;52.2
23;2021-07-17;220;478;71431;61120;61.4;52.6
23;2021-07-18;0;1;71431;61121;61.4;52.6
23;2021-07-19;704;630;72135;61751;62.0;53.1
23;2021-07-20;633;567;72768;62318;62.6;53.6
23;2021-07-21;702;635;73470;62953;63.2;54.1
23;2021-07-22;945;437;74415;63390;64.0;54.5
23;2021-07-23;843;507;75258;63897;64.7;55.0
23;2021-07-24;1011;439;76269;64336;65.6;55.3
23;2021-07-25;11;16;76280;64352;65.6;55.3
23;2021-07-26;787;567;77067;64919;66.3;55.8
23;2021-07-27;928;435;77995;65354;67.1;56.2
23;2021-07-28;877;414;78872;65768;67.8;56.6
23;2021-07-29;1049;400;79921;66168;68.7;56.9
23;2021-07-30;946;522;80867;66690;69.6;57.4
23;2021-07-31;1163;306;82030;66996;70.6;57.6
23;2021-08-01;18;8;82048;67004;70.6;57.6
23;2021-08-02;671;506;82719;67510;71.1;58.1
23;2021-08-03;760;459;83479;67969;71.8;58.5
23;2021-08-04;612;297;84091;68266;72.3;58.7
23;2021-08-05;686;365;84777;68631;72.9;59.0
23;2021-08-06;416;484;85193;69115;73.3;59.4
23;2021-08-07;290;189;85483;69304;73.5;59.6
23;2021-08-08;143;38;85626;69342;73.6;59.6
23;2021-08-09;490;492;86116;69834;74.1;60.1
23;2021-08-10;440;610;86556;70444;74.4;60.6
23;2021-08-11;426;489;86982;70933;74.8;61.0
23;2021-08-12;510;568;87492;71501;75.2;61.5
23;2021-08-13;416;578;87908;72079;75.6;62.0
23;2021-08-14;287;390;88195;72469;75.9;62.3
23;2021-08-15;27;9;88222;72478;75.9;62.3
23;2021-08-16;270;714;88492;73192;76.1;63.0
23;2021-08-17;276;730;88768;73922;76.3;63.6
23;2021-08-18;178;635;88946;74557;76.5;64.1
23;2021-08-19;257;727;89203;75284;76.7;64.7
23;2021-08-20;213;683;89416;75967;76.9;65.3
23;2021-08-21;130;499;89546;76466;77.0;65.8
23;2021-08-22;54;48;89600;76514;77.1;65.8
23;2021-08-23;149;819;89749;77333;77.2;66.5
23;2021-08-24;262;912;90011;78245;77.4;67.3
23;2021-08-25;186;792;90197;79037;77.6;68.0
23;2021-08-26;213;744;90410;79781;77.8;68.6
24;2020-12-27;0;0;0;0;0.0;0.0
24;2020-12-28;1;0;1;0;0.0;0.0
24;2020-12-29;2;0;3;0;0.0;0.0
24;2020-12-30;1;0;4;0;0.0;0.0
24;2020-12-31;1;0;5;0;0.0;0.0
24;2021-01-01;0;0;5;0;0.0;0.0
24;2021-01-02;0;0;5;0;0.0;0.0
24;2021-01-03;0;0;5;0;0.0;0.0
24;2021-01-04;1;0;6;0;0.0;0.0
24;2021-01-05;1;0;7;0;0.0;0.0
24;2021-01-06;0;0;7;0;0.0;0.0
24;2021-01-07;190;0;197;0;0.0;0.0
24;2021-01-08;282;0;479;0;0.1;0.0
24;2021-01-09;185;13;664;13;0.2;0.0
24;2021-01-10;35;0;699;13;0.2;0.0
24;2021-01-11;269;0;968;13;0.2;0.0
24;2021-01-12;280;0;1248;13;0.3;0.0
24;2021-01-13;233;1;1481;14;0.4;0.0
24;2021-01-14;1013;15;2494;29;0.6;0.0
24;2021-01-15;605;6;3099;35;0.8;0.0
24;2021-01-16;87;0;3186;35;0.8;0.0
24;2021-01-17;2;1;3188;36;0.8;0.0
24;2021-01-18;300;0;3488;36;0.9;0.0
24;2021-01-19;467;1;3955;37;1.0;0.0
24;2021-01-20;553;0;4508;37;1.1;0.0
24;2021-01-21;645;6;5153;43;1.3;0.0
24;2021-01-22;514;1;5667;44;1.4;0.0
24;2021-01-23;151;1;5818;45;1.4;0.0
24;2021-01-24;2;0;5820;45;1.4;0.0
24;2021-01-25;441;0;6261;45;1.5;0.0
24;2021-01-26;637;66;6898;111;1.7;0.0
24;2021-01-27;1266;12;8164;123;2.0;0.0
24;2021-01-28;983;129;9147;252;2.2;0.1
24;2021-01-29;932;140;10079;392;2.5;0.1
24;2021-01-30;282;1;10361;393;2.5;0.1
24;2021-01-31;0;0;10361;393;2.5;0.1
24;2021-02-01;377;170;10738;563;2.6;0.1
24;2021-02-02;615;310;11353;873;2.8;0.2
24;2021-02-03;652;491;12005;1364;2.9;0.3
24;2021-02-04;977;391;12982;1755;3.2;0.4
24;2021-02-05;688;423;13670;2178;3.3;0.5
24;2021-02-06;140;35;13810;2213;3.4;0.5
24;2021-02-07;33;1;13843;2214;3.4;0.5
24;2021-02-08;309;237;14152;2451;3.5;0.6
24;2021-02-09;454;230;14606;2681;3.6;0.7
24;2021-02-10;376;110;14982;2791;3.7;0.7
24;2021-02-11;561;513;15543;3304;3.8;0.8
24;2021-02-12;495;392;16038;3696;3.9;0.9
24;2021-02-13;202;45;16240;3741;4.0;0.9
24;2021-02-14;89;0;16329;3741;4.0;0.9
24;2021-02-15;187;241;16516;3982;4.0;1.0
24;2021-02-16;335;522;16851;4504;4.1;1.1
24;2021-02-17;584;848;17435;5352;4.3;1.3
24;2021-02-18;443;734;17878;6086;4.4;1.5
24;2021-02-19;462;678;18340;6764;4.5;1.7
24;2021-02-20;163;140;18503;6904;4.5;1.7
24;2021-02-21;109;0;18612;6904;4.6;1.7
24;2021-02-22;426;529;19038;7433;4.7;1.8
24;2021-02-23;562;684;19600;8117;4.8;2.0
24;2021-02-24;538;832;20138;8949;4.9;2.2
24;2021-02-25;727;866;20865;9815;5.1;2.4
24;2021-02-26;976;972;21841;10787;5.3;2.6
24;2021-02-27;363;265;22204;11052;5.4;2.7
24;2021-02-28;25;4;22229;11056;5.4;2.7
24;2021-03-01;292;369;22521;11425;5.5;2.8
24;2021-03-02;539;417;23060;11842;5.6;2.9
24;2021-03-03;681;342;23741;12184;5.8;3.0
24;2021-03-04;915;508;24656;12692;6.0;3.1
24;2021-03-05;1065;566;25721;13258;6.3;3.2
24;2021-03-06;1126;142;26847;13400;6.6;3.3
24;2021-03-07;232;63;27079;13463;6.6;3.3
24;2021-03-08;531;257;27610;13720;6.8;3.4
24;2021-03-09;1173;442;28783;14162;7.0;3.5
24;2021-03-10;1142;453;29925;14615;7.3;3.6
24;2021-03-11;1604;464;31529;15079;7.7;3.7
24;2021-03-12;2050;444;33579;15523;8.2;3.8
24;2021-03-13;1347;201;34926;15724;8.6;3.9
24;2021-03-14;141;93;35067;15817;8.6;3.9
24;2021-03-15;953;172;36020;15989;8.8;3.9
24;2021-03-16;1144;232;37164;16221;9.1;4.0
24;2021-03-17;1216;288;38380;16509;9.4;4.0
24;2021-03-18;1055;559;39435;17068;9.7;4.2
24;2021-03-19;1252;540;40687;17608;10.0;4.3
24;2021-03-20;1055;150;41742;17758;10.2;4.3
24;2021-03-21;25;11;41767;17769;10.2;4.4
24;2021-03-22;1224;423;42991;18192;10.5;4.5
24;2021-03-23;1881;399;44872;18591;11.0;4.6
24;2021-03-24;1890;386;46762;18977;11.5;4.6
24;2021-03-25;1991;470;48753;19447;11.9;4.8
24;2021-03-26;2374;285;51127;19732;12.5;4.8
24;2021-03-27;1350;41;52477;19773;12.8;4.8
24;2021-03-28;63;9;52540;19782;12.9;4.8
24;2021-03-29;1673;326;54213;20108;13.3;4.9
24;2021-03-30;2408;396;56621;20504;13.9;5.0
24;2021-03-31;2181;311;58802;20815;14.4;5.1
24;2021-04-01;2194;311;60996;21126;14.9;5.2
24;2021-04-02;2072;395;63068;21521;15.4;5.3
24;2021-04-03;1376;122;64444;21643;15.8;5.3
24;2021-04-04;74;1;64518;21644;15.8;5.3
24;2021-04-05;947;59;65465;21703;16.0;5.3
24;2021-04-06;2353;702;67818;22405;16.6;5.5
24;2021-04-07;2717;693;70535;23098;17.3;5.7
24;2021-04-08;3007;965;73542;24063;18.0;5.9
24;2021-04-09;3488;1006;77030;25069;18.9;6.1
24;2021-04-10;2594;314;79624;25383;19.5;6.2
24;2021-04-11;1102;20;80726;25403;19.8;6.2
24;2021-04-12;2498;816;83224;26219;20.4;6.4
24;2021-04-13;2902;1204;86126;27423;21.1;6.7
24;2021-04-14;2939;1195;89065;28618;21.8;7.0
24;2021-04-15;2792;1102;91857;29720;22.5;7.3
24;2021-04-16;3266;974;95123;30694;23.3;7.5
24;2021-04-17;2272;501;97395;31195;23.8;7.6
24;2021-04-18;424;6;97819;31201;24.0;7.6
24;2021-04-19;1599;1014;99418;32215;24.3;7.9
24;2021-04-20;2268;1430;101686;33645;24.9;8.2
24;2021-04-21;2146;1442;103832;35087;25.4;8.6
24;2021-04-22;2061;1258;105893;36345;25.9;8.9
24;2021-04-23;1955;1333;107848;37678;26.4;9.2
24;2021-04-24;863;725;108711;38403;26.6;9.4
24;2021-04-25;54;4;108765;38407;26.6;9.4
24;2021-04-26;1296;1480;110061;39887;26.9;9.8
24;2021-04-27;1852;1880;111913;41767;27.4;10.2
24;2021-04-28;1506;1956;113419;43723;27.8;10.7
24;2021-04-29;1729;1892;115148;45615;28.2;11.2
24;2021-04-30;2271;1777;117419;47392;28.8;11.6
24;2021-05-01;2056;1067;119475;48459;29.3;11.9
24;2021-05-02;1924;215;121399;48674;29.7;11.9
24;2021-05-03;1474;1834;122873;50508;30.1;12.4
24;2021-05-04;2227;2305;125100;52813;30.6;12.9
24;2021-05-05;1890;2721;126990;55534;31.1;13.6
24;2021-05-06;1889;2796;128879;58330;31.6;14.3
24;2021-05-07;2265;2790;131144;61120;32.1;15.0
24;2021-05-08;1286;1152;132430;62272;32.4;15.2
24;2021-05-09;1168;901;133598;63173;32.7;15.5
24;2021-05-10;1095;2629;134693;65802;33.0;16.1
24;2021-05-11;2040;2796;136733;68598;33.5;16.8
24;2021-05-12;1924;2257;138657;70855;34.0;17.3
24;2021-05-13;1465;1215;140122;72070;34.3;17.6
24;2021-05-14;2378;1332;142500;73402;34.9;18.0
24;2021-05-15;2047;818;144547;74220;35.4;18.2
24;2021-05-16;1171;347;145718;74567;35.7;18.3
24;2021-05-17;2242;1254;147960;75821;36.2;18.6
24;2021-05-18;2483;1821;150443;77642;36.8;19.0
24;2021-05-19;2284;1377;152727;79019;37.4;19.3
24;2021-05-20;2374;1578;155101;80597;38.0;19.7
24;2021-05-21;2433;1416;157534;82013;38.6;20.1
24;2021-05-22;1719;408;159253;82421;39.0;20.2
24;2021-05-23;952;72;160205;82493;39.2;20.2
24;2021-05-24;1516;334;161721;82827;39.6;20.3
24;2021-05-25;2296;1386;164017;84213;40.2;20.6
24;2021-05-26;2149;1320;166166;85533;40.7;20.9
24;2021-05-27;1748;2195;167914;87728;41.1;21.5
24;2021-05-28;2145;2006;170059;89734;41.6;22.0
24;2021-05-29;1153;2090;171212;91824;41.9;22.5
24;2021-05-30;1418;171;172630;91995;42.3;22.5
24;2021-05-31;1743;1365;174373;93360;42.7;22.9
24;2021-06-01;2583;1979;176956;95339;43.3;23.3
24;2021-06-02;2653;1786;179609;97125;44.0;23.8
24;2021-06-03;2290;1465;181899;98590;44.5;24.1
24;2021-06-04;2381;1900;184280;100490;45.1;24.6
24;2021-06-05;2007;1417;186287;101907;45.6;25.0
24;2021-06-06;767;223;187054;102130;45.8;25.0
24;2021-06-07;1432;1496;188486;103626;46.2;25.4
24;2021-06-08;1678;1907;190164;105533;46.6;25.8
24;2021-06-09;1323;1599;191487;107132;46.9;26.2
24;2021-06-10;1576;1911;193063;109043;47.3;26.7
24;2021-06-11;1334;2080;194397;111123;47.6;27.2
24;2021-06-12;1123;2545;195520;113668;47.9;27.8
24;2021-06-13;1238;921;196758;114589;48.2;28.1
24;2021-06-14;1165;1858;197923;116447;48.5;28.5
24;2021-06-15;1486;2992;199409;119439;48.8;29.2
24;2021-06-16;1670;2732;201079;122171;49.2;29.9
24;2021-06-17;1545;2182;202624;124353;49.6;30.4
24;2021-06-18;1400;2864;204024;127217;50.0;31.2
24;2021-06-19;1275;1523;205299;128740;50.3;31.5
24;2021-06-20;514;501;205813;129241;50.4;31.6
24;2021-06-21;931;1836;206744;131077;50.6;32.1
24;2021-06-22;1453;2593;208197;133670;51.0;32.7
24;2021-06-23;1427;2421;209624;136091;51.3;33.3
24;2021-06-24;1138;1916;210762;138007;51.6;33.8
24;2021-06-25;968;2818;211730;140825;51.8;34.5
24;2021-06-26;864;2106;212594;142931;52.1;35.0
24;2021-06-27;402;978;212996;143909;52.2;35.2
24;2021-06-28;818;2483;213814;146392;52.4;35.8
24;2021-06-29;940;2869;214754;149261;52.6;36.5
24;2021-06-30;1112;2459;215866;151720;52.9;37.2
24;2021-07-01;1132;2301;216998;154021;53.1;37.7
24;2021-07-02;1097;2743;218095;156764;53.4;38.4
24;2021-07-03;811;1903;218906;158667;53.6;38.9
24;2021-07-04;410;1014;219316;159681;53.7;39.1
24;2021-07-05;792;2315;220108;161996;53.9;39.7
24;2021-07-06;880;3356;220988;165352;54.1;40.5
24;2021-07-07;1084;3041;222072;168393;54.4;41.2
24;2021-07-08;1342;2122;223414;170515;54.7;41.8
24;2021-07-09;1178;3220;224592;173735;55.0;42.5
24;2021-07-10;480;1963;225072;175698;55.1;43.0
24;2021-07-11;587;1189;225659;176887;55.3;43.3
24;2021-07-12;907;2519;226566;179406;55.5;43.9
24;2021-07-13;1324;3215;227890;182621;55.8;44.7
24;2021-07-14;617;1188;228507;183809;56.0;45.0
24;2021-07-15;1694;2776;230201;186585;56.4;45.7
24;2021-07-16;2148;2597;232349;189182;56.9;46.3
24;2021-07-17;1526;2237;233875;191419;57.3;46.9
24;2021-07-18;708;884;234583;192303;57.4;47.1
24;2021-07-19;1575;2188;236158;194491;57.8;47.6
24;2021-07-20;2018;2438;238176;196929;58.3;48.2
24;2021-07-21;1876;2327;240052;199256;58.8;48.8
24;2021-07-22;2347;2442;242399;201698;59.4;49.4
24;2021-07-23;2303;2621;244702;204319;59.9;50.0
24;2021-07-24;1807;1544;246509;205863;60.4;50.4
24;2021-07-25;816;873;247325;206736;60.6;50.6
24;2021-07-26;1572;2014;248897;208750;60.9;51.1
24;2021-07-27;2842;2288;251739;211038;61.6;51.7
24;2021-07-28;2733;1938;254472;212976;62.3;52.1
24;2021-07-29;3062;2234;257534;215210;63.1;52.7
24;2021-07-30;2463;1920;259997;217130;63.7;53.2
24;2021-07-31;1646;1559;261643;218689;64.1;53.5
24;2021-08-01;1113;653;262756;219342;64.3;53.7
24;2021-08-02;1940;1623;264696;220965;64.8;54.1
24;2021-08-03;2876;1912;267572;222877;65.5;54.6
24;2021-08-04;3078;1626;270650;224503;66.3;55.0
24;2021-08-05;3028;1436;273678;225939;67.0;55.3
24;2021-08-06;2531;1533;276209;227472;67.6;55.7
24;2021-08-07;1787;1119;277996;228591;68.1;56.0
24;2021-08-08;1101;681;279097;229272;68.3;56.1
24;2021-08-09;1723;1385;280820;230657;68.8;56.5
24;2021-08-10;2261;1780;283081;232437;69.3;56.9
24;2021-08-11;2264;1696;285345;234133;69.9;57.3
24;2021-08-12;1906;1959;287251;236092;70.3;57.8
24;2021-08-13;1529;1625;288780;237717;70.7;58.2
24;2021-08-14;1165;1243;289945;238960;71.0;58.5
24;2021-08-15;739;579;290684;239539;71.2;58.7
24;2021-08-16;1113;1704;291797;241243;71.5;59.1
24;2021-08-17;1626;2106;293423;243349;71.8;59.6
24;2021-08-18;1558;1920;294981;245269;72.2;60.1
24;2021-08-19;1113;2634;296094;247903;72.5;60.7
24;2021-08-20;1094;2427;297188;250330;72.8;61.3
24;2021-08-21;872;1629;298060;251959;73.0;61.7
24;2021-08-22;344;1094;298404;253053;73.1;62.0
24;2021-08-23;664;2035;299068;255088;73.2;62.5
24;2021-08-24;803;2388;299871;257476;73.4;63.0
24;2021-08-25;805;2315;300676;259791;73.6;63.6
24;2021-08-26;722;2836;301398;262627;73.8;64.3
25;2020-12-27;0;0;0;0;0.0;0.0
25;2020-12-28;1;0;1;0;0.0;0.0
25;2020-12-29;0;0;1;0;0.0;0.0
25;2020-12-30;0;0;1;0;0.0;0.0
25;2020-12-31;2;0;3;0;0.0;0.0
25;2021-01-01;0;0;3;0;0.0;0.0
25;2021-01-02;1;0;4;0;0.0;0.0
25;2021-01-03;0;0;4;0;0.0;0.0
25;2021-01-04;0;0;4;0;0.0;0.0
25;2021-01-05;1;0;5;0;0.0;0.0
25;2021-01-06;75;1;80;1;0.0;0.0
25;2021-01-07;236;1;316;2;0.1;0.0
25;2021-01-08;345;1;661;3;0.1;0.0
25;2021-01-09;102;0;763;3;0.1;0.0
25;2021-01-10;0;0;763;3;0.1;0.0
25;2021-01-11;502;5;1265;8;0.2;0.0
25;2021-01-12;683;2;1948;10;0.4;0.0
25;2021-01-13;627;9;2575;19;0.5;0.0
25;2021-01-14;897;17;3472;36;0.6;0.0
25;2021-01-15;785;9;4257;45;0.8;0.0
25;2021-01-16;206;1;4463;46;0.8;0.0
25;2021-01-17;112;0;4575;46;0.8;0.0
25;2021-01-18;1296;7;5871;53;1.1;0.0
25;2021-01-19;1411;5;7282;58;1.3;0.0
25;2021-01-20;1420;4;8702;62;1.6;0.0
25;2021-01-21;1841;3;10543;65;2.0;0.0
25;2021-01-22;1506;4;12049;69;2.2;0.0
25;2021-01-23;499;1;12548;70;2.3;0.0
25;2021-01-24;119;0;12667;70;2.3;0.0
25;2021-01-25;991;0;13658;70;2.5;0.0
25;2021-01-26;1488;42;15146;112;2.8;0.0
25;2021-01-27;1249;70;16395;182;3.0;0.0
25;2021-01-28;1090;76;17485;258;3.2;0.0
25;2021-01-29;905;233;18390;491;3.4;0.1
25;2021-01-30;293;91;18683;582;3.5;0.1
25;2021-01-31;2;0;18685;582;3.5;0.1
25;2021-02-01;612;221;19297;803;3.6;0.1
25;2021-02-02;674;414;19971;1217;3.7;0.2
25;2021-02-03;758;248;20729;1465;3.8;0.3
25;2021-02-04;715;446;21444;1911;4.0;0.4
25;2021-02-05;519;468;21963;2379;4.1;0.4
25;2021-02-06;198;156;22161;2535;4.1;0.5
25;2021-02-07;2;34;22163;2569;4.1;0.5
25;2021-02-08;613;509;22776;3078;4.2;0.6
25;2021-02-09;615;491;23391;3569;4.3;0.7
25;2021-02-10;817;489;24208;4058;4.5;0.8
25;2021-02-11;587;854;24795;4912;4.6;0.9
25;2021-02-12;413;549;25208;5461;4.7;1.0
25;2021-02-13;97;141;25305;5602;4.7;1.0
25;2021-02-14;0;0;25305;5602;4.7;1.0
25;2021-02-15;187;1035;25492;6637;4.7;1.2
25;2021-02-16;214;1454;25706;8091;4.8;1.5
25;2021-02-17;109;1340;25815;9431;4.8;1.7
25;2021-02-18;147;1431;25962;10862;4.8;2.0
25;2021-02-19;102;1268;26064;12130;4.8;2.2
25;2021-02-20;26;490;26090;12620;4.8;2.3
25;2021-02-21;1;143;26091;12763;4.8;2.4
25;2021-02-22;83;1064;26174;13827;4.9;2.6
25;2021-02-23;195;1081;26369;14908;4.9;2.8
25;2021-02-24;104;976;26473;15884;4.9;2.9
25;2021-02-25;522;1004;26995;16888;5.0;3.1
25;2021-02-26;607;982;27602;17870;5.1;3.3
25;2021-02-27;228;372;27830;18242;5.2;3.4
25;2021-02-28;5;1;27835;18243;5.2;3.4
25;2021-03-01;443;623;28278;18866;5.2;3.5
25;2021-03-02;653;835;28931;19701;5.4;3.7
25;2021-03-03;542;735;29473;20436;5.5;3.8
25;2021-03-04;1157;661;30630;21097;5.7;3.9
25;2021-03-05;1853;389;32483;21486;6.0;4.0
25;2021-03-06;1170;226;33653;21712;6.2;4.0
25;2021-03-07;9;8;33662;21720;6.2;4.0
25;2021-03-08;548;707;34210;22427;6.3;4.2
25;2021-03-09;1040;781;35250;23208;6.5;4.3
25;2021-03-10;1151;654;36401;23862;6.7;4.4
25;2021-03-11;1658;583;38059;24445;7.1;4.5
25;2021-03-12;1996;458;40055;24903;7.4;4.6
25;2021-03-13;1119;99;41174;25002;7.6;4.6
25;2021-03-14;35;0;41209;25002;7.6;4.6
25;2021-03-15;1126;142;42335;25144;7.8;4.7
25;2021-03-16;1286;119;43621;25263;8.1;4.7
25;2021-03-17;1414;138;45035;25401;8.3;4.7
25;2021-03-18;1528;83;46563;25484;8.6;4.7
25;2021-03-19;1595;126;48158;25610;8.9;4.7
25;2021-03-20;822;41;48980;25651;9.1;4.8
25;2021-03-21;24;0;49004;25651;9.1;4.8
25;2021-03-22;1485;86;50489;25737;9.4;4.8
25;2021-03-23;2162;142;52651;25879;9.8;4.8
25;2021-03-24;2419;93;55070;25972;10.2;4.8
25;2021-03-25;2837;189;57907;26161;10.7;4.8
25;2021-03-26;3159;177;61066;26338;11.3;4.9
25;2021-03-27;1110;87;62176;26425;11.5;4.9
25;2021-03-28;121;64;62297;26489;11.5;4.9
25;2021-03-29;1788;280;64085;26769;11.9;5.0
25;2021-03-30;2213;393;66298;27162;12.3;5.0
25;2021-03-31;2220;360;68518;27522;12.7;5.1
25;2021-04-01;2450;523;70968;28045;13.2;5.2
25;2021-04-02;2027;603;72995;28648;13.5;5.3
25;2021-04-03;447;110;73442;28758;13.6;5.3
25;2021-04-04;39;21;73481;28779;13.6;5.3
25;2021-04-05;145;4;73626;28783;13.6;5.3
25;2021-04-06;1937;685;75563;29468;14.0;5.5
25;2021-04-07;1878;852;77441;30320;14.4;5.6
25;2021-04-08;2434;826;79875;31146;14.8;5.8
25;2021-04-09;2597;996;82472;32142;15.3;6.0
25;2021-04-10;978;290;83450;32432;15.5;6.0
25;2021-04-11;105;28;83555;32460;15.5;6.0
25;2021-04-12;1558;967;85113;33427;15.8;6.2
25;2021-04-13;1989;1319;87102;34746;16.1;6.4
25;2021-04-14;1750;1218;88852;35964;16.5;6.7
25;2021-04-15;1999;1328;90851;37292;16.8;6.9
25;2021-04-16;2084;1004;92935;38296;17.2;7.1
25;2021-04-17;1105;415;94040;38711;17.4;7.2
25;2021-04-18;118;18;94158;38729;17.5;7.2
25;2021-04-19;1327;1245;95485;39974;17.7;7.4
25;2021-04-20;1615;1462;97100;41436;18.0;7.7
25;2021-04-21;1716;1633;98816;43069;18.3;8.0
25;2021-04-22;1859;1710;100675;44779;18.7;8.3
25;2021-04-23;1902;1766;102577;46545;19.0;8.6
25;2021-04-24;1281;704;103858;47249;19.3;8.8
25;2021-04-25;140;114;103998;47363;19.3;8.8
25;2021-04-26;1722;1685;105720;49048;19.6;9.1
25;2021-04-27;2804;1524;108524;50572;20.1;9.4
25;2021-04-28;2425;1558;110949;52130;20.6;9.7
25;2021-04-29;2649;1834;113598;53964;21.1;10.0
25;2021-04-30;3107;1579;116705;55543;21.6;10.3
25;2021-05-01;1789;334;118494;55877;22.0;10.4
25;2021-05-02;442;22;118936;55899;22.0;10.4
25;2021-05-03;2902;841;121838;56740;22.6;10.5
25;2021-05-04;2640;1883;124478;58623;23.1;10.9
25;2021-05-05;2598;1668;127076;60291;23.6;11.2
25;2021-05-06;2927;2168;130003;62459;24.1;11.6
25;2021-05-07;3063;2126;133066;64585;24.7;12.0
25;2021-05-08;1334;229;134400;64814;24.9;12.0
25;2021-05-09;244;87;134644;64901;25.0;12.0
25;2021-05-10;3130;1639;137774;66540;25.5;12.3
25;2021-05-11;3748;2041;141522;68581;26.2;12.7
25;2021-05-12;3688;1794;145210;70375;26.9;13.0
25;2021-05-13;3521;598;148731;70973;27.6;13.2
25;2021-05-14;4484;1308;153215;72281;28.4;13.4
25;2021-05-15;3282;710;156497;72991;29.0;13.5
25;2021-05-16;723;92;157220;73083;29.1;13.5
25;2021-05-17;4090;1093;161310;74176;29.9;13.8
25;2021-05-18;5205;1188;166515;75364;30.9;14.0
25;2021-05-19;5245;1132;171760;76496;31.8;14.2
25;2021-05-20;5134;1455;176894;77951;32.8;14.5
25;2021-05-21;5764;1979;182658;79930;33.9;14.8
25;2021-05-22;3176;722;185834;80652;34.4;15.0
25;2021-05-23;781;156;186615;80808;34.6;15.0
25;2021-05-24;1528;152;188143;80960;34.9;15.0
25;2021-05-25;3514;1647;191657;82607;35.5;15.3
25;2021-05-26;3976;1554;195633;84161;36.3;15.6
25;2021-05-27;4518;1902;200151;86063;37.1;16.0
25;2021-05-28;3994;2650;204145;88713;37.8;16.4
25;2021-05-29;2015;1022;206160;89735;38.2;16.6
25;2021-05-30;175;96;206335;89831;38.2;16.7
25;2021-05-31;2673;1712;209008;91543;38.7;17.0
25;2021-06-01;2729;2158;211737;93701;39.3;17.4
25;2021-06-02;2609;2249;214346;95950;39.7;17.8
25;2021-06-03;3274;2044;217620;97994;40.3;18.2
25;2021-06-04;3210;2409;220830;100403;40.9;18.6
25;2021-06-05;1491;1399;222321;101802;41.2;18.9
25;2021-06-06;986;259;223307;102061;41.4;18.9
25;2021-06-07;2784;2574;226091;104635;41.9;19.4
25;2021-06-08;2605;2761;228696;107396;42.4;19.9
25;2021-06-09;2382;2763;231078;110159;42.8;20.4
25;2021-06-10;2322;2655;233400;112814;43.3;20.9
25;2021-06-11;2711;3308;236111;116122;43.8;21.5
25;2021-06-12;1572;1861;237683;117983;44.1;21.9
25;2021-06-13;496;257;238179;118240;44.2;21.9
25;2021-06-14;1422;3756;239601;121996;44.4;22.6
25;2021-06-15;1643;3568;241244;125564;44.7;23.3
25;2021-06-16;1954;3271;243198;128835;45.1;23.9
25;2021-06-17;1474;3324;244672;132159;45.4;24.5
25;2021-06-18;2289;4296;246961;136455;45.8;25.3
25;2021-06-19;1351;1977;248312;138432;46.0;25.7
25;2021-06-20;57;239;248369;138671;46.0;25.7
25;2021-06-21;1139;4139;249508;142810;46.3;26.5
25;2021-06-22;1149;4675;250657;147485;46.5;27.3
25;2021-06-23;1405;4073;252062;151558;46.7;28.1
25;2021-06-24;1194;4083;253256;155641;46.9;28.9
25;2021-06-25;1641;5606;254897;161247;47.3;29.9
25;2021-06-26;626;3384;255523;164631;47.4;30.5
25;2021-06-27;451;878;255974;165509;47.5;30.7
25;2021-06-28;907;4475;256881;169984;47.6;31.5
25;2021-06-29;1132;5469;258013;175453;47.8;32.5
25;2021-06-30;1312;5369;259325;180822;48.1;33.5
25;2021-07-01;1709;5230;261034;186052;48.4;34.5
25;2021-07-02;1751;5060;262785;191112;48.7;35.4
25;2021-07-03;1041;2694;263826;193806;48.9;35.9
25;2021-07-04;409;722;264235;194528;49.0;36.1
25;2021-07-05;1300;2579;265535;197107;49.2;36.5
25;2021-07-06;1571;4748;267106;201855;49.5;37.4
25;2021-07-07;1597;4505;268703;206360;49.8;38.3
25;2021-07-08;1552;3930;270255;210290;50.1;39.0
25;2021-07-09;1798;4585;272053;214875;50.4;39.8
25;2021-07-10;780;2373;272833;217248;50.6;40.3
25;2021-07-11;126;307;272959;217555;50.6;40.3
25;2021-07-12;1405;3859;274364;221414;50.9;41.0
25;2021-07-13;2472;4770;276836;226184;51.3;41.9
25;2021-07-14;379;561;277215;226745;51.4;42.0
25;2021-07-15;2403;3655;279618;230400;51.8;42.7
25;2021-07-16;3483;3833;283101;234233;52.5;43.4
25;2021-07-17;2208;2036;285309;236269;52.9;43.8
25;2021-07-18;807;1299;286116;237568;53.0;44.0
25;2021-07-19;2545;4207;288661;241775;53.5;44.8
25;2021-07-20;3383;3710;292044;245485;54.1;45.5
25;2021-07-21;3300;3370;295344;248855;54.7;46.1
25;2021-07-22;3331;2983;298675;251838;55.4;46.7
25;2021-07-23;3564;3352;302239;255190;56.0;47.3
25;2021-07-24;1415;2271;303654;257461;56.3;47.7
25;2021-07-25;677;708;304331;258169;56.4;47.9
25;2021-07-26;3053;3012;307384;261181;57.0;48.4
25;2021-07-27;3831;2121;311215;263302;57.7;48.8
25;2021-07-28;3682;2113;314897;265415;58.4;49.2
25;2021-07-29;4315;2088;319212;267503;59.2;49.6
25;2021-07-30;4268;2480;323480;269983;60.0;50.0
25;2021-07-31;1818;1469;325298;271452;60.3;50.3
25;2021-08-01;1351;197;326649;271649;60.6;50.4
25;2021-08-02;2722;2213;329371;273862;61.1;50.8
25;2021-08-03;2828;2201;332199;276063;61.6;51.2
25;2021-08-04;2932;1421;335131;277484;62.1;51.4
25;2021-08-05;2196;1729;337327;279213;62.5;51.8
25;2021-08-06;2275;2346;339602;281559;63.0;52.2
25;2021-08-07;1289;1199;340891;282758;63.2;52.4
25;2021-08-08;319;476;341210;283234;63.3;52.5
25;2021-08-09;2017;2226;343227;285460;63.6;52.9
25;2021-08-10;1948;2514;345175;287974;64.0;53.4
25;2021-08-11;1827;2028;347002;290002;64.3;53.8
25;2021-08-12;2136;2493;349138;292495;64.7;54.2
25;2021-08-13;1685;2019;350823;294514;65.0;54.6
25;2021-08-14;952;1781;351775;296295;65.2;54.9
25;2021-08-15;9;45;351784;296340;65.2;54.9
25;2021-08-16;1246;3255;353030;299595;65.4;55.5
25;2021-08-17;1437;3285;354467;302880;65.7;56.1
25;2021-08-18;1228;2802;355695;305682;65.9;56.7
25;2021-08-19;984;2866;356679;308548;66.1;57.2
25;2021-08-20;1415;3692;358094;312240;66.4;57.9
25;2021-08-21;564;1778;358658;314018;66.5;58.2
25;2021-08-22;212;1270;358870;315288;66.5;58.4
25;2021-08-23;1093;3326;359963;318614;66.7;59.1
25;2021-08-24;1057;3226;361020;321840;66.9;59.7
25;2021-08-25;1011;3054;362031;324894;67.1;60.2
25;2021-08-26;1115;2994;363146;327888;67.3;60.8
26;2020-12-27;0;0;0;0;0.0;0.0
26;2020-12-28;0;0;0;0;0.0;0.0
26;2020-12-29;0;0;0;0;0.0;0.0
26;2020-12-30;0;0;0;0;0.0;0.0
26;2020-12-31;0;0;0;0;0.0;0.0
26;2021-01-01;0;0;0;0;0.0;0.0
26;2021-01-02;0;0;0;0;0.0;0.0
26;2021-01-03;0;0;0;0;0.0;0.0
26;2021-01-04;0;0;0;0;0.0;0.0
26;2021-01-05;0;0;0;0;0.0;0.0
26;2021-01-06;0;0;0;0;0.0;0.0
26;2021-01-07;168;0;168;0;0.0;0.0
26;2021-01-08;125;0;293;0;0.1;0.0
26;2021-01-09;2;0;295;0;0.1;0.0
26;2021-01-10;0;0;295;0;0.1;0.0
26;2021-01-11;266;1;561;1;0.1;0.0
26;2021-01-12;176;1;737;2;0.1;0.0
26;2021-01-13;417;1;1154;3;0.2;0.0
26;2021-01-14;488;0;1642;3;0.3;0.0
26;2021-01-15;562;1;2204;4;0.4;0.0
26;2021-01-16;250;1;2454;5;0.5;0.0
26;2021-01-17;0;0;2454;5;0.5;0.0
26;2021-01-18;637;1;3091;6;0.6;0.0
26;2021-01-19;785;3;3876;9;0.7;0.0
26;2021-01-20;742;0;4618;9;0.9;0.0
26;2021-01-21;806;5;5424;14;1.0;0.0
26;2021-01-22;787;4;6211;18;1.2;0.0
26;2021-01-23;563;3;6774;21;1.3;0.0
26;2021-01-24;24;0;6798;21;1.3;0.0
26;2021-01-25;697;2;7495;23;1.4;0.0
26;2021-01-26;801;4;8296;27;1.6;0.0
26;2021-01-27;822;9;9118;36;1.8;0.0
26;2021-01-28;1329;169;10447;205;2.0;0.0
26;2021-01-29;970;66;11417;271;2.2;0.1
26;2021-01-30;606;5;12023;276;2.3;0.1
26;2021-01-31;24;0;12047;276;2.3;0.1
26;2021-02-01;709;188;12756;464;2.5;0.1
26;2021-02-02;1274;212;14030;676;2.7;0.1
26;2021-02-03;1238;259;15268;935;2.9;0.2
26;2021-02-04;985;454;16253;1389;3.1;0.3
26;2021-02-05;672;334;16925;1723;3.3;0.3
26;2021-02-06;408;239;17333;1962;3.3;0.4
26;2021-02-07;57;2;17390;1964;3.3;0.4
26;2021-02-08;544;418;17934;2382;3.4;0.5
26;2021-02-09;616;475;18550;2857;3.6;0.5
26;2021-02-10;665;340;19215;3197;3.7;0.6
26;2021-02-11;753;329;19968;3526;3.8;0.7
26;2021-02-12;590;449;20558;3975;3.9;0.8
26;2021-02-13;388;334;20946;4309;4.0;0.8
26;2021-02-14;36;0;20982;4309;4.0;0.8
26;2021-02-15;414;527;21396;4836;4.1;0.9
26;2021-02-16;294;555;21690;5391;4.2;1.0
26;2021-02-17;196;738;21886;6129;4.2;1.2
26;2021-02-18;337;893;22223;7022;4.3;1.3
26;2021-02-19;341;805;22564;7827;4.3;1.5
26;2021-02-20;95;488;22659;8315;4.4;1.6
26;2021-02-21;3;24;22662;8339;4.4;1.6
26;2021-02-22;144;717;22806;9056;4.4;1.7
26;2021-02-23;397;999;23203;10055;4.5;1.9
26;2021-02-24;344;1223;23547;11278;4.5;2.2
26;2021-02-25;737;1071;24284;12349;4.7;2.4
26;2021-02-26;926;641;25210;12990;4.8;2.5
26;2021-02-27;279;512;25489;13502;4.9;2.6
26;2021-02-28;3;30;25492;13532;4.9;2.6
26;2021-03-01;458;659;25950;14191;5.0;2.7
26;2021-03-02;741;634;26691;14825;5.1;2.8
26;2021-03-03;730;683;27421;15508;5.3;3.0
26;2021-03-04;1044;583;28465;16091;5.5;3.1
26;2021-03-05;1710;524;30175;16615;5.8;3.2
26;2021-03-06;2773;499;32948;17114;6.3;3.3
26;2021-03-07;2990;218;35938;17332;6.9;3.3
26;2021-03-08;910;652;36848;17984;7.1;3.5
26;2021-03-09;1325;556;38173;18540;7.3;3.6
26;2021-03-10;1219;513;39392;19053;7.6;3.7
26;2021-03-11;1608;653;41000;19706;7.9;3.8
26;2021-03-12;2215;478;43215;20184;8.3;3.9
26;2021-03-13;1886;345;45101;20529;8.7;3.9
26;2021-03-14;69;39;45170;20568;8.7;4.0
26;2021-03-15;1652;251;46822;20819;9.0;4.0
26;2021-03-16;1232;515;48054;21334;9.2;4.1
26;2021-03-17;1369;306;49423;21640;9.5;4.2
26;2021-03-18;1587;281;51010;21921;9.8;4.2
26;2021-03-19;2444;348;53454;22269;10.3;4.3
26;2021-03-20;1289;150;54743;22419;10.5;4.3
26;2021-03-21;61;20;54804;22439;10.5;4.3
26;2021-03-22;1846;195;56650;22634;10.9;4.3
26;2021-03-23;2474;276;59124;22910;11.4;4.4
26;2021-03-24;2551;244;61675;23154;11.8;4.4
26;2021-03-25;3042;339;64717;23493;12.4;4.5
26;2021-03-26;3050;355;67767;23848;13.0;4.6
26;2021-03-27;1245;158;69012;24006;13.3;4.6
26;2021-03-28;94;7;69106;24013;13.3;4.6
26;2021-03-29;1907;407;71013;24420;13.6;4.7
26;2021-03-30;2382;548;73395;24968;14.1;4.8
26;2021-03-31;2229;582;75624;25550;14.5;4.9
26;2021-04-01;2276;781;77900;26331;15.0;5.1
26;2021-04-02;2213;990;80113;27321;15.4;5.2
26;2021-04-03;552;1202;80665;28523;15.5;5.5
26;2021-04-04;215;888;80880;29411;15.5;5.6
26;2021-04-05;556;53;81436;29464;15.6;5.7
26;2021-04-06;1486;833;82922;30297;15.9;5.8
26;2021-04-07;1792;901;84714;31198;16.3;6.0
26;2021-04-08;3004;933;87718;32131;16.9;6.2
26;2021-04-09;3416;1005;91134;33136;17.5;6.4
26;2021-04-10;1356;923;92490;34059;17.8;6.5
26;2021-04-11;89;35;92579;34094;17.8;6.5
26;2021-04-12;1714;1128;94293;35222;18.1;6.8
26;2021-04-13;2797;1456;97090;36678;18.7;7.0
26;2021-04-14;2207;1484;99297;38162;19.1;7.3
26;2021-04-15;2275;1587;101572;39749;19.5;7.6
26;2021-04-16;2270;1592;103842;41341;19.9;7.9
26;2021-04-17;1096;842;104938;42183;20.2;8.1
26;2021-04-18;35;52;104973;42235;20.2;8.1
26;2021-04-19;1547;1575;106520;43810;20.5;8.4
26;2021-04-20;1799;1728;108319;45538;20.8;8.7
26;2021-04-21;2012;1510;110331;47048;21.2;9.0
26;2021-04-22;2291;1606;112622;48654;21.6;9.3
26;2021-04-23;2010;1636;114632;50290;22.0;9.7
26;2021-04-24;1655;845;116287;51135;22.3;9.8
26;2021-04-25;629;94;116916;51229;22.5;9.8
26;2021-04-26;1377;1600;118293;52829;22.7;10.1
26;2021-04-27;1986;1685;120279;54514;23.1;10.5
26;2021-04-28;1867;1547;122146;56061;23.5;10.8
26;2021-04-29;2866;1894;125012;57955;24.0;11.1
26;2021-04-30;2627;1764;127639;59719;24.5;11.5
26;2021-05-01;1538;382;129177;60101;24.8;11.5
26;2021-05-02;1086;118;130263;60219;25.0;11.6
26;2021-05-03;2201;1787;132464;62006;25.4;11.9
26;2021-05-04;2614;2357;135078;64363;25.9;12.4
26;2021-05-05;2772;2201;137850;66564;26.5;12.8
26;2021-05-06;3321;2219;141171;68783;27.1;13.2
26;2021-05-07;2860;2260;144031;71043;27.7;13.6
26;2021-05-08;1959;622;145990;71665;28.0;13.8
26;2021-05-09;713;123;146703;71788;28.2;13.8
26;2021-05-10;3022;1822;149725;73610;28.8;14.1
26;2021-05-11;4443;2188;154168;75798;29.6;14.6
26;2021-05-12;4827;1692;158995;77490;30.5;14.9
26;2021-05-13;4364;613;163359;78103;31.4;15.0
26;2021-05-14;4643;1549;168002;79652;32.3;15.3
26;2021-05-15;4469;626;172471;80278;33.1;15.4
26;2021-05-16;3631;344;176102;80622;33.8;15.5
26;2021-05-17;3657;1482;179759;82104;34.5;15.8
26;2021-05-18;4477;1745;184236;83849;35.4;16.1
26;2021-05-19;4485;1451;188721;85300;36.3;16.4
26;2021-05-20;4685;1756;193406;87056;37.2;16.7
26;2021-05-21;4728;1799;198134;88855;38.1;17.1
26;2021-05-22;3189;688;201323;89543;38.7;17.2
26;2021-05-23;1598;183;202921;89726;39.0;17.2
26;2021-05-24;3790;743;206711;90469;39.7;17.4
26;2021-05-25;3592;2339;210303;92808;40.4;17.8
26;2021-05-26;4180;2270;214483;95078;41.2;18.3
26;2021-05-27;4215;2464;218698;97542;42.0;18.7
26;2021-05-28;3777;2769;222475;100311;42.7;19.3
26;2021-05-29;3087;1655;225562;101966;43.3;19.6
26;2021-05-30;322;71;225884;102037;43.4;19.6
26;2021-05-31;3081;1851;228965;103888;44.0;20.0
26;2021-06-01;3108;2307;232073;106195;44.6;20.4
26;2021-06-02;2870;2214;234943;108409;45.1;20.8
26;2021-06-03;2851;2494;237794;110903;45.7;21.3
26;2021-06-04;2660;2904;240454;113807;46.2;21.9
26;2021-06-05;1804;1694;242258;115501;46.5;22.2
26;2021-06-06;9;0;242267;115501;46.5;22.2
26;2021-06-07;2347;2427;244614;117928;47.0;22.7
26;2021-06-08;2455;2292;247069;120220;47.5;23.1
26;2021-06-09;2095;2388;249164;122608;47.9;23.6
26;2021-06-10;1980;2761;251144;125369;48.2;24.1
26;2021-06-11;1896;3273;253040;128642;48.6;24.7
26;2021-06-12;1219;1791;254259;130433;48.8;25.1
26;2021-06-13;97;214;254356;130647;48.9;25.1
26;2021-06-14;1416;3498;255772;134145;49.1;25.8
26;2021-06-15;1585;3962;257357;138107;49.4;26.5
26;2021-06-16;1785;3466;259142;141573;49.8;27.2
26;2021-06-17;1509;3166;260651;144739;50.1;27.8
26;2021-06-18;1796;4367;262447;149106;50.4;28.6
26;2021-06-19;933;3180;263380;152286;50.6;29.3
26;2021-06-20;264;875;263644;153161;50.6;29.4
26;2021-06-21;1005;4548;264649;157709;50.8;30.3
26;2021-06-22;1062;5119;265711;162828;51.0;31.3
26;2021-06-23;1167;5072;266878;167900;51.3;32.3
26;2021-06-24;1260;4540;268138;172440;51.5;33.1
26;2021-06-25;1016;5540;269154;177980;51.7;34.2
26;2021-06-26;662;3821;269816;181801;51.8;34.9
26;2021-06-27;300;1273;270116;183074;51.9;35.2
26;2021-06-28;778;4755;270894;187829;52.0;36.1
26;2021-06-29;1099;4962;271993;192791;52.3;37.0
26;2021-06-30;1412;4890;273405;197681;52.5;38.0
26;2021-07-01;1651;4391;275056;202072;52.8;38.8
26;2021-07-02;1334;5163;276390;207235;53.1;39.8
26;2021-07-03;771;3323;277161;210558;53.2;40.4
26;2021-07-04;333;633;277494;211191;53.3;40.6
26;2021-07-05;889;4678;278383;215869;53.5;41.5
26;2021-07-06;1266;4202;279649;220071;53.7;42.3
26;2021-07-07;1442;3796;281091;223867;54.0;43.0
26;2021-07-08;2387;3329;283478;227196;54.5;43.6
26;2021-07-09;1558;4790;285036;231986;54.8;44.6
26;2021-07-10;910;2914;285946;234900;54.9;45.1
26;2021-07-11;334;350;286280;235250;55.0;45.2
26;2021-07-12;1114;4219;287394;239469;55.2;46.0
26;2021-07-13;2300;4341;289694;243810;55.7;46.8
26;2021-07-14;1058;813;290752;244623;55.9;47.0
26;2021-07-15;3169;3654;293921;248277;56.5;47.7
26;2021-07-16;3001;3691;296922;251968;57.0;48.4
26;2021-07-17;1877;1814;298799;253782;57.4;48.8
26;2021-07-18;20;24;298819;253806;57.4;48.8
26;2021-07-19;2723;3265;301542;257071;57.9;49.4
26;2021-07-20;3704;3367;305246;260438;58.6;50.0
26;2021-07-21;3588;3088;308834;263526;59.3;50.6
26;2021-07-22;4120;2963;312954;266489;60.1;51.2
26;2021-07-23;3859;3396;316813;269885;60.9;51.8
26;2021-07-24;2345;1359;319158;271244;61.3;52.1
26;2021-07-25;608;93;319766;271337;61.4;52.1
26;2021-07-26;3428;2581;323194;273918;62.1;52.6
26;2021-07-27;4831;2621;328025;276539;63.0;53.1
26;2021-07-28;4530;2385;332555;278924;63.9;53.6
26;2021-07-29;3900;2889;336455;281813;64.6;54.1
26;2021-07-30;3481;2670;339936;284483;65.3;54.6
26;2021-07-31;1145;1009;341081;285492;65.5;54.8
26;2021-08-01;412;108;341493;285600;65.6;54.9
26;2021-08-02;2940;2360;344433;287960;66.2;55.3
26;2021-08-03;3290;2290;347723;290250;66.8;55.8
26;2021-08-04;3980;2012;351703;292262;67.6;56.1
26;2021-08-05;3138;2198;354841;294460;68.2;56.6
26;2021-08-06;3124;2638;357965;297098;68.8;57.1
26;2021-08-07;639;843;358604;297941;68.9;57.2
26;2021-08-08;28;13;358632;297954;68.9;57.2
26;2021-08-09;2181;3062;360813;301016;69.3;57.8
26;2021-08-10;2328;3039;363141;304055;69.8;58.4
26;2021-08-11;2063;2717;365204;306772;70.2;58.9
26;2021-08-12;1771;2584;366975;309356;70.5;59.4
26;2021-08-13;1662;2417;368637;311773;70.8;59.9
26;2021-08-14;271;870;368908;312643;70.9;60.1
26;2021-08-15;6;8;368914;312651;70.9;60.1
26;2021-08-16;1176;3287;370090;315938;71.1;60.7
26;2021-08-17;1506;3147;371596;319085;71.4;61.3
26;2021-08-18;1621;3378;373217;322463;71.7;61.9
26;2021-08-19;1552;3064;374769;325527;72.0;62.5
26;2021-08-20;1412;2974;376181;328501;72.3;63.1
26;2021-08-21;592;1088;376773;329589;72.4;63.3
26;2021-08-22;62;378;376835;329967;72.4;63.4
26;2021-08-23;1590;3613;378425;333580;72.7;64.1
26;2021-08-24;1729;3583;380154;337163;73.0;64.8
26;2021-08-25;1603;3651;381757;340814;73.3;65.5
26;2021-08-26;1476;3132;383233;343946;73.6;66.1
27;2020-12-27;1;0;1;0;0.0;0.0
27;2020-12-28;0;0;1;0;0.0;0.0
27;2020-12-29;1;0;2;0;0.0;0.0
27;2020-12-30;0;0;2;0;0.0;0.0
27;2020-12-31;0;0;2;0;0.0;0.0
27;2021-01-01;0;0;2;0;0.0;0.0
27;2021-01-02;0;0;2;0;0.0;0.0
27;2021-01-03;2;0;4;0;0.0;0.0
27;2021-01-04;0;0;4;0;0.0;0.0
27;2021-01-05;15;0;19;0;0.0;0.0
27;2021-01-06;161;0;180;0;0.0;0.0
27;2021-01-07;372;1;552;1;0.1;0.0
27;2021-01-08;442;0;994;1;0.2;0.0
27;2021-01-09;72;1;1066;2;0.2;0.0
27;2021-01-10;101;0;1167;2;0.2;0.0
27;2021-01-11;383;0;1550;2;0.3;0.0
27;2021-01-12;409;2;1959;4;0.3;0.0
27;2021-01-13;839;1;2798;5;0.5;0.0
27;2021-01-14;1629;26;4427;31;0.7;0.0
27;2021-01-15;1220;5;5647;36;0.9;0.0
27;2021-01-16;333;2;5980;38;1.0;0.0
27;2021-01-17;205;0;6185;38;1.0;0.0
27;2021-01-18;799;2;6984;40;1.2;0.0
27;2021-01-19;773;3;7757;43;1.3;0.0
27;2021-01-20;871;0;8628;43;1.4;0.0
27;2021-01-21;655;1;9283;44;1.5;0.0
27;2021-01-22;779;4;10062;48;1.7;0.0
27;2021-01-23;350;0;10412;48;1.7;0.0
27;2021-01-24;169;6;10581;54;1.8;0.0
27;2021-01-25;635;15;11216;69;1.9;0.0
27;2021-01-26;462;17;11678;86;1.9;0.0
27;2021-01-27;506;104;12184;190;2.0;0.0
27;2021-01-28;517;295;12701;485;2.1;0.1
27;2021-01-29;509;108;13210;593;2.2;0.1
27;2021-01-30;242;30;13452;623;2.2;0.1
27;2021-01-31;27;24;13479;647;2.2;0.1
27;2021-02-01;349;194;13828;841;2.3;0.1
27;2021-02-02;307;280;14135;1121;2.4;0.2
27;2021-02-03;488;401;14623;1522;2.4;0.3
27;2021-02-04;717;888;15340;2410;2.6;0.4
27;2021-02-05;662;1139;16002;3549;2.7;0.6
27;2021-02-06;125;221;16127;3770;2.7;0.6
27;2021-02-07;25;42;16152;3812;2.7;0.6
27;2021-02-08;310;376;16462;4188;2.7;0.7
27;2021-02-09;341;553;16803;4741;2.8;0.8
27;2021-02-10;303;521;17106;5262;2.8;0.9
27;2021-02-11;318;453;17424;5715;2.9;1.0
27;2021-02-12;229;542;17653;6257;2.9;1.0
27;2021-02-13;151;133;17804;6390;3.0;1.1
27;2021-02-14;6;93;17810;6483;3.0;1.1
27;2021-02-15;389;595;18199;7078;3.0;1.2
27;2021-02-16;295;736;18494;7814;3.1;1.3
27;2021-02-17;247;637;18741;8451;3.1;1.4
27;2021-02-18;363;684;19104;9135;3.2;1.5
27;2021-02-19;218;689;19322;9824;3.2;1.6
27;2021-02-20;129;251;19451;10075;3.2;1.7
27;2021-02-21;12;136;19463;10211;3.2;1.7
27;2021-02-22;482;567;19945;10778;3.3;1.8
27;2021-02-23;495;621;20440;11399;3.4;1.9
27;2021-02-24;543;647;20983;12046;3.5;2.0
27;2021-02-25;844;756;21827;12802;3.6;2.1
27;2021-02-26;953;691;22780;13493;3.8;2.2
27;2021-02-27;406;160;23186;13653;3.9;2.3
27;2021-02-28;173;31;23359;13684;3.9;2.3
27;2021-03-01;487;441;23846;14125;4.0;2.4
27;2021-03-02;765;368;24611;14493;4.1;2.4
27;2021-03-03;852;363;25463;14856;4.2;2.5
27;2021-03-04;887;234;26350;15090;4.4;2.5
27;2021-03-05;1304;238;27654;15328;4.6;2.6
27;2021-03-06;1637;108;29291;15436;4.9;2.6
27;2021-03-07;620;17;29911;15453;5.0;2.6
27;2021-03-08;1204;304;31115;15757;5.2;2.6
27;2021-03-09;1827;266;32942;16023;5.5;2.7
27;2021-03-10;2116;345;35058;16368;5.8;2.7
27;2021-03-11;2156;222;37214;16590;6.2;2.8
27;2021-03-12;2818;199;40032;16789;6.7;2.8
27;2021-03-13;1919;124;41951;16913;7.0;2.8
27;2021-03-14;655;14;42606;16927;7.1;2.8
27;2021-03-15;1556;215;44162;17142;7.4;2.9
27;2021-03-16;1487;239;45649;17381;7.6;2.9
27;2021-03-17;1853;343;47502;17724;7.9;3.0
27;2021-03-18;1687;345;49189;18069;8.2;3.0
27;2021-03-19;1832;171;51021;18240;8.5;3.0
27;2021-03-20;903;40;51924;18280;8.6;3.0
27;2021-03-21;258;3;52182;18283;8.7;3.0
27;2021-03-22;1234;544;53416;18827;8.9;3.1
27;2021-03-23;1626;460;55042;19287;9.2;3.2
27;2021-03-24;1523;477;56565;19764;9.4;3.3
27;2021-03-25;2162;506;58727;20270;9.8;3.4
27;2021-03-26;2530;444;61257;20714;10.2;3.4
27;2021-03-27;1568;200;62825;20914;10.5;3.5
27;2021-03-28;1149;49;63974;20963;10.7;3.5
27;2021-03-29;1376;835;65350;21798;10.9;3.6
27;2021-03-30;1391;849;66741;22647;11.1;3.8
27;2021-03-31;1487;877;68228;23524;11.4;3.9
27;2021-04-01;1954;812;70182;24336;11.7;4.1
27;2021-04-02;2000;1181;72182;25517;12.0;4.2
27;2021-04-03;1562;739;73744;26256;12.3;4.4
27;2021-04-04;978;175;74722;26431;12.4;4.4
27;2021-04-05;282;6;75004;26437;12.5;4.4
27;2021-04-06;1416;1804;76420;28241;12.7;4.7
27;2021-04-07;1323;1747;77743;29988;12.9;5.0
27;2021-04-08;1683;1679;79426;31667;13.2;5.3
27;2021-04-09;2947;1562;82373;33229;13.7;5.5
27;2021-04-10;2033;984;84406;34213;14.1;5.7
27;2021-04-11;946;211;85352;34424;14.2;5.7
27;2021-04-12;2435;1512;87787;35936;14.6;6.0
27;2021-04-13;2393;1550;90180;37486;15.0;6.2
27;2021-04-14;2086;1629;92266;39115;15.4;6.5
27;2021-04-15;1876;1665;94142;40780;15.7;6.8
27;2021-04-16;2752;1115;96894;41895;16.1;7.0
27;2021-04-17;2169;495;99063;42390;16.5;7.1
27;2021-04-18;453;16;99516;42406;16.6;7.1
27;2021-04-19;1713;1175;101229;43581;16.9;7.3
27;2021-04-20;2386;1303;103615;44884;17.2;7.5
27;2021-04-21;2209;1080;105824;45964;17.6;7.7
27;2021-04-22;2179;1414;108003;47378;18.0;7.9
27;2021-04-23;2448;1178;110451;48556;18.4;8.1
27;2021-04-24;3258;1145;113709;49701;18.9;8.3
27;2021-04-25;1130;1052;114839;50753;19.1;8.4
27;2021-04-26;1924;1146;116763;51899;19.4;8.6
27;2021-04-27;2529;1092;119292;52991;19.9;8.8
27;2021-04-28;2393;1314;121685;54305;20.3;9.0
27;2021-04-29;2491;1475;124176;55780;20.7;9.3
27;2021-04-30;2371;1614;126547;57394;21.1;9.6
27;2021-05-01;2638;889;129185;58283;21.5;9.7
27;2021-05-02;1953;897;131138;59180;21.8;9.9
27;2021-05-03;3064;881;134202;60061;22.3;10.0
27;2021-05-04;2781;1648;136983;61709;22.8;10.3
27;2021-05-05;2817;1651;139800;63360;23.3;10.5
27;2021-05-06;3184;1292;142984;64652;23.8;10.8
27;2021-05-07;3324;2002;146308;66654;24.4;11.1
27;2021-05-08;2802;1331;149110;67985;24.8;11.3
27;2021-05-09;1696;298;150806;68283;25.1;11.4
27;2021-05-10;2950;2271;153756;70554;25.6;11.7
27;2021-05-11;3357;1760;157113;72314;26.2;12.0
27;2021-05-12;3463;1728;160576;74042;26.7;12.3
27;2021-05-13;1892;255;162468;74297;27.0;12.4
27;2021-05-14;3884;1789;166352;76086;27.7;12.7
27;2021-05-15;6603;955;172955;77041;28.8;12.8
27;2021-05-16;3668;436;176623;77477;29.4;12.9
27;2021-05-17;2776;1162;179399;78639;29.9;13.1
27;2021-05-18;3845;1293;183244;79932;30.5;13.3
27;2021-05-19;3967;1154;187211;81086;31.2;13.5
27;2021-05-20;3874;1167;191085;82253;31.8;13.7
27;2021-05-21;3968;1801;195053;84054;32.5;14.0
27;2021-05-22;4369;802;199422;84856;33.2;14.1
27;2021-05-23;800;173;200222;85029;33.3;14.2
27;2021-05-24;1490;340;201712;85369;33.6;14.2
27;2021-05-25;3513;1608;205225;86977;34.2;14.5
27;2021-05-26;3857;1740;209082;88717;34.8;14.8
27;2021-05-27;3789;1487;212871;90204;35.4;15.0
27;2021-05-28;3399;2630;216270;92834;36.0;15.5
27;2021-05-29;4824;2300;221094;95134;36.8;15.8
27;2021-05-30;1118;248;222212;95382;37.0;15.9
27;2021-05-31;3465;2275;225677;97657;37.6;16.3
27;2021-06-01;3816;2246;229493;99903;38.2;16.6
27;2021-06-02;3341;2185;232834;102088;38.8;17.0
27;2021-06-03;4430;2126;237264;104214;39.5;17.3
27;2021-06-04;3602;2973;240866;107187;40.1;17.8
27;2021-06-05;3210;3351;244076;110538;40.6;18.4
27;2021-06-06;2004;1008;246080;111546;41.0;18.6
27;2021-06-07;2569;2358;248649;113904;41.4;19.0
27;2021-06-08;3127;2377;251776;116281;41.9;19.4
27;2021-06-09;2304;2469;254080;118750;42.3;19.8
27;2021-06-10;2431;2040;256511;120790;42.7;20.1
27;2021-06-11;2889;3774;259400;124564;43.2;20.7
27;2021-06-12;1982;4190;261382;128754;43.5;21.4
27;2021-06-13;1083;2686;262465;131440;43.7;21.9
27;2021-06-14;1995;3114;264460;134554;44.0;22.4
27;2021-06-15;2687;3021;267147;137575;44.5;22.9
27;2021-06-16;2502;3261;269649;140836;44.9;23.4
27;2021-06-17;2296;3284;271945;144120;45.3;24.0
27;2021-06-18;2746;4419;274691;148539;45.7;24.7
27;2021-06-19;1863;3393;276554;151932;46.0;25.3
27;2021-06-20;608;711;277162;152643;46.1;25.4
27;2021-06-21;1703;3493;278865;156136;46.4;26.0
27;2021-06-22;2384;3719;281249;159855;46.8;26.6
27;2021-06-23;2074;3571;283323;163426;47.2;27.2
27;2021-06-24;2256;3413;285579;166839;47.5;27.8
27;2021-06-25;1935;4458;287514;171297;47.9;28.5
27;2021-06-26;884;5353;288398;176650;48.0;29.4
27;2021-06-27;377;1427;288775;178077;48.1;29.6
27;2021-06-28;1128;3405;289903;181482;48.3;30.2
27;2021-06-29;1702;4367;291605;185849;48.5;30.9
27;2021-06-30;2117;4095;293722;189944;48.9;31.6
27;2021-07-01;2225;3909;295947;193853;49.3;32.3
27;2021-07-02;1589;4617;297536;198470;49.5;33.0
27;2021-07-03;1308;4774;298844;203244;49.8;33.8
27;2021-07-04;503;1402;299347;204646;49.8;34.1
27;2021-07-05;1419;3531;300766;208177;50.1;34.7
27;2021-07-06;1369;4181;302135;212358;50.3;35.4
27;2021-07-07;1759;4901;303894;217259;50.6;36.2
27;2021-07-08;2088;4349;305982;221608;50.9;36.9
27;2021-07-09;1984;5287;307966;226895;51.3;37.8
27;2021-07-10;1167;4178;309133;231073;51.5;38.5
27;2021-07-11;425;1139;309558;232212;51.5;38.7
27;2021-07-12;1253;4374;310811;236586;51.7;39.4
27;2021-07-13;2759;5352;313570;241938;52.2;40.3
27;2021-07-14;1518;1751;315088;243689;52.5;40.6
27;2021-07-15;3034;5468;318122;249157;53.0;41.5
27;2021-07-16;3821;5288;321943;254445;53.6;42.4
27;2021-07-17;2734;3877;324677;258322;54.1;43.0
27;2021-07-18;551;1265;325228;259587;54.1;43.2
27;2021-07-19;3688;3789;328916;263376;54.8;43.8
27;2021-07-20;3458;3586;332374;266962;55.3;44.4
27;2021-07-21;4252;3899;336626;270861;56.0;45.1
27;2021-07-22;4750;3709;341376;274570;56.8;45.7
27;2021-07-23;3591;3401;344967;277971;57.4;46.3
27;2021-07-24;3112;2328;348079;280299;57.9;46.7
27;2021-07-25;493;544;348572;280843;58.0;46.8
27;2021-07-26;3066;3178;351638;284021;58.5;47.3
27;2021-07-27;3594;3103;355232;287124;59.1;47.8
27;2021-07-28;3584;3246;358816;290370;59.7;48.3
27;2021-07-29;4588;3507;363404;293877;60.5;48.9
27;2021-07-30;3809;3145;367213;297022;61.1;49.4
27;2021-07-31;3056;2579;370269;299601;61.6;49.9
27;2021-08-01;536;498;370805;300099;61.7;50.0
27;2021-08-02;3313;2581;374118;302680;62.3;50.4
27;2021-08-03;3426;2776;377544;305456;62.9;50.9
27;2021-08-04;3023;2334;380567;307790;63.4;51.2
27;2021-08-05;2670;2359;383237;310149;63.8;51.6
27;2021-08-06;3247;3251;386484;313400;64.3;52.2
27;2021-08-07;1791;2554;388275;315954;64.6;52.6
27;2021-08-08;219;197;388494;316151;64.7;52.6
27;2021-08-09;2203;2810;390697;318961;65.0;53.1
27;2021-08-10;2808;3503;393505;322464;65.5;53.7
27;2021-08-11;2621;3100;396126;325564;65.9;54.2
27;2021-08-12;2351;3906;398477;329470;66.3;54.8
27;2021-08-13;1730;2558;400207;332028;66.6;55.3
27;2021-08-14;1159;2889;401366;334917;66.8;55.8
27;2021-08-15;16;22;401382;334939;66.8;55.8
27;2021-08-16;1806;3810;403188;338749;67.1;56.4
27;2021-08-17;2040;3438;405228;342187;67.5;57.0
27;2021-08-18;1451;2981;406679;345168;67.7;57.5
27;2021-08-19;1705;3354;408384;348522;68.0;58.0
27;2021-08-20;1629;3437;410013;351959;68.3;58.6
27;2021-08-21;983;2846;410996;354805;68.4;59.1
27;2021-08-22;184;155;411180;354960;68.5;59.1
27;2021-08-23;1076;4003;412256;358963;68.6;59.8
27;2021-08-24;1430;3963;413686;362926;68.9;60.4
27;2021-08-25;1713;3411;415399;366337;69.2;61.0
27;2021-08-26;1138;2913;416537;369250;69.3;61.5
28;2020-12-27;0;0;0;0;0.0;0.0
28;2020-12-28;0;0;0;0;0.0;0.0
28;2020-12-29;0;0;0;0;0.0;0.0
28;2020-12-30;0;0;0;0;0.0;0.0
28;2020-12-31;0;0;0;0;0.0;0.0
28;2021-01-01;1;0;1;0;0.0;0.0
28;2021-01-02;0;0;1;0;0.0;0.0
28;2021-01-03;0;0;1;0;0.0;0.0
28;2021-01-04;0;0;1;0;0.0;0.0
28;2021-01-05;5;0;6;0;0.0;0.0
28;2021-01-06;84;0;90;0;0.0;0.0
28;2021-01-07;102;0;192;0;0.0;0.0
28;2021-01-08;134;2;326;2;0.1;0.0
28;2021-01-09;78;0;404;2;0.1;0.0
28;2021-01-10;1;0;405;2;0.1;0.0
28;2021-01-11;204;0;609;2;0.1;0.0
28;2021-01-12;265;2;874;4;0.2;0.0
28;2021-01-13;397;3;1271;7;0.3;0.0
28;2021-01-14;449;5;1720;12;0.4;0.0
28;2021-01-15;374;3;2094;15;0.5;0.0
28;2021-01-16;206;2;2300;17;0.5;0.0
28;2021-01-17;21;0;2321;17;0.5;0.0
28;2021-01-18;372;2;2693;19;0.6;0.0
28;2021-01-19;503;4;3196;23;0.7;0.0
28;2021-01-20;636;1;3832;24;0.9;0.0
28;2021-01-21;796;3;4628;27;1.1;0.0
28;2021-01-22;478;1;5106;28;1.2;0.0
28;2021-01-23;354;0;5460;28;1.3;0.0
28;2021-01-24;1;0;5461;28;1.3;0.0
28;2021-01-25;456;4;5917;32;1.4;0.0
28;2021-01-26;718;4;6635;36;1.5;0.0
28;2021-01-27;1213;50;7848;86;1.8;0.0
28;2021-01-28;1587;93;9435;179;2.2;0.0
28;2021-01-29;896;98;10331;277;2.4;0.1
28;2021-01-30;248;54;10579;331;2.5;0.1
28;2021-01-31;2;22;10581;353;2.5;0.1
28;2021-02-01;324;122;10905;475;2.5;0.1
28;2021-02-02;368;239;11273;714;2.6;0.2
28;2021-02-03;473;258;11746;972;2.7;0.2
28;2021-02-04;525;278;12271;1250;2.9;0.3
28;2021-02-05;436;226;12707;1476;3.0;0.3
28;2021-02-06;200;129;12907;1605;3.0;0.4
28;2021-02-07;0;0;12907;1605;3.0;0.4
28;2021-02-08;331;250;13238;1855;3.1;0.4
28;2021-02-09;281;344;13519;2199;3.1;0.5
28;2021-02-10;443;399;13962;2598;3.3;0.6
28;2021-02-11;562;490;14524;3088;3.4;0.7
28;2021-02-12;453;433;14977;3521;3.5;0.8
28;2021-02-13;181;191;15158;3712;3.5;0.9
28;2021-02-14;0;2;15158;3714;3.5;0.9
28;2021-02-15;280;474;15438;4188;3.6;1.0
28;2021-02-16;394;709;15832;4897;3.7;1.1
28;2021-02-17;585;1156;16417;6053;3.8;1.4
28;2021-02-18;666;1402;17083;7455;4.0;1.7
28;2021-02-19;548;764;17631;8219;4.1;1.9
28;2021-02-20;114;145;17745;8364;4.1;1.9
28;2021-02-21;7;33;17752;8397;4.1;2.0
28;2021-02-22;223;521;17975;8918;4.2;2.1
28;2021-02-23;203;379;18178;9297;4.2;2.2
28;2021-02-24;244;478;18422;9775;4.3;2.3
28;2021-02-25;574;452;18996;10227;4.4;2.4
28;2021-02-26;764;378;19760;10605;4.6;2.5
28;2021-02-27;265;86;20025;10691;4.7;2.5
28;2021-02-28;23;17;20048;10708;4.7;2.5
28;2021-03-01;291;216;20339;10924;4.7;2.5
28;2021-03-02;397;277;20736;11201;4.8;2.6
28;2021-03-03;369;398;21105;11599;4.9;2.7
28;2021-03-04;719;488;21824;12087;5.1;2.8
28;2021-03-05;1319;420;23143;12507;5.4;2.9
28;2021-03-06;1998;87;25141;12594;5.9;2.9
28;2021-03-07;974;30;26115;12624;6.1;2.9
28;2021-03-08;398;309;26513;12933;6.2;3.0
28;2021-03-09;980;360;27493;13293;6.4;3.1
28;2021-03-10;1357;545;28850;13838;6.7;3.2
28;2021-03-11;1536;703;30386;14541;7.1;3.4
28;2021-03-12;2258;644;32644;15185;7.6;3.5
28;2021-03-13;1235;132;33879;15317;7.9;3.6
28;2021-03-14;518;18;34397;15335;8.0;3.6
28;2021-03-15;755;232;35152;15567;8.2;3.6
28;2021-03-16;716;225;35868;15792;8.4;3.7
28;2021-03-17;746;289;36614;16081;8.5;3.7
28;2021-03-18;1201;276;37815;16357;8.8;3.8
28;2021-03-19;1557;332;39372;16689;9.2;3.9
28;2021-03-20;639;21;40011;16710;9.3;3.9
28;2021-03-21;28;8;40039;16718;9.3;3.9
28;2021-03-22;767;321;40806;17039;9.5;4.0
28;2021-03-23;1027;194;41833;17233;9.7;4.0
28;2021-03-24;1312;278;43145;17511;10.0;4.1
28;2021-03-25;1797;289;44942;17800;10.5;4.1
28;2021-03-26;2083;344;47025;18144;11.0;4.2
28;2021-03-27;402;38;47427;18182;11.0;4.2
28;2021-03-28;12;0;47439;18182;11.0;4.2
28;2021-03-29;1140;357;48579;18539;11.3;4.3
28;2021-03-30;1712;251;50291;18790;11.7;4.4
28;2021-03-31;2018;483;52309;19273;12.2;4.5
28;2021-04-01;1796;587;54105;19860;12.6;4.6
28;2021-04-02;1585;1317;55690;21177;13.0;4.9
28;2021-04-03;607;1071;56297;22248;13.1;5.2
28;2021-04-04;33;302;56330;22550;13.1;5.3
28;2021-04-05;40;3;56370;22553;13.1;5.3
28;2021-04-06;1225;460;57595;23013;13.4;5.4
28;2021-04-07;1890;1004;59485;24017;13.9;5.6
28;2021-04-08;2086;1072;61571;25089;14.3;5.8
28;2021-04-09;3235;923;64806;26012;15.1;6.1
28;2021-04-10;1582;198;66388;26210;15.5;6.1
28;2021-04-11;141;451;66529;26661;15.5;6.2
28;2021-04-12;1674;561;68203;27222;15.9;6.3
28;2021-04-13;1875;671;70078;27893;16.3;6.5
28;2021-04-14;2771;903;72849;28796;17.0;6.7
28;2021-04-15;2555;1143;75404;29939;17.6;7.0
28;2021-04-16;2553;803;77957;30742;18.2;7.2
28;2021-04-17;2309;134;80266;30876;18.7;7.2
28;2021-04-18;45;8;80311;30884;18.7;7.2
28;2021-04-19;1577;649;81888;31533;19.1;7.3
28;2021-04-20;1841;598;83729;32131;19.5;7.5
28;2021-04-21;2679;964;86408;33095;20.1;7.7
28;2021-04-22;1782;1217;88190;34312;20.5;8.0
28;2021-04-23;2324;1104;90514;35416;21.1;8.2
28;2021-04-24;3657;136;94171;35552;21.9;8.3
28;2021-04-25;1012;37;95183;35589;22.2;8.3
28;2021-04-26;1331;926;96514;36515;22.5;8.5
28;2021-04-27;1436;1285;97950;37800;22.8;8.8
28;2021-04-28;2374;1828;100324;39628;23.4;9.2
28;2021-04-29;2129;1504;102453;41132;23.9;9.6
28;2021-04-30;2973;1227;105426;42359;24.6;9.9
28;2021-05-01;127;121;105553;42480;24.6;9.9
28;2021-05-02;2;65;105555;42545;24.6;9.9
28;2021-05-03;1047;1020;106602;43565;24.8;10.1
28;2021-05-04;1360;1669;107962;45234;25.1;10.5
28;2021-05-05;2830;1650;110792;46884;25.8;10.9
28;2021-05-06;2456;1474;113248;48358;26.4;11.3
28;2021-05-07;2310;1934;115558;50292;26.9;11.7
28;2021-05-08;1077;117;116635;50409;27.2;11.7
28;2021-05-09;105;610;116740;51019;27.2;11.9
28;2021-05-10;1308;1893;118048;52912;27.5;12.3
28;2021-05-11;2028;2345;120076;55257;28.0;12.9
28;2021-05-12;2619;3233;122695;58490;28.6;13.6
28;2021-05-13;290;451;122985;58941;28.6;13.7
28;2021-05-14;1898;1619;124883;60560;29.1;14.1
28;2021-05-15;1436;1674;126319;62234;29.4;14.5
28;2021-05-16;1987;130;128306;62364;29.9;14.5
28;2021-05-17;2875;1495;131181;63859;30.5;14.9
28;2021-05-18;3382;1382;134563;65241;31.3;15.2
28;2021-05-19;5092;1281;139655;66522;32.5;15.5
28;2021-05-20;4149;1231;143804;67753;33.5;15.8
28;2021-05-21;3465;1587;147269;69340;34.3;16.1
28;2021-05-22;728;1162;147997;70502;34.5;16.4
28;2021-05-23;1957;137;149954;70639;34.9;16.4
28;2021-05-24;1429;395;151383;71034;35.3;16.5
28;2021-05-25;1877;1408;153260;72442;35.7;16.9
28;2021-05-26;2765;1346;156025;73788;36.3;17.2
28;2021-05-27;2755;1234;158780;75022;37.0;17.5
28;2021-05-28;3081;1735;161861;76757;37.7;17.9
28;2021-05-29;1869;876;163730;77633;38.1;18.1
28;2021-05-30;16;47;163746;77680;38.1;18.1
28;2021-05-31;2014;937;165760;78617;38.6;18.3
28;2021-06-01;2132;1662;167892;80279;39.1;18.7
28;2021-06-02;2077;2458;169969;82737;39.6;19.3
28;2021-06-03;2498;1563;172467;84300;40.2;19.6
28;2021-06-04;2609;2358;175076;86658;40.8;20.2
28;2021-06-05;1909;2529;176985;89187;41.2;20.8
28;2021-06-06;1059;1044;178044;90231;41.5;21.0
28;2021-06-07;3577;1575;181621;91806;42.3;21.4
28;2021-06-08;3196;1518;184817;93324;43.0;21.7
28;2021-06-09;3676;2130;188493;95454;43.9;22.2
28;2021-06-10;3142;1263;191635;96717;44.6;22.5
28;2021-06-11;3793;2133;195428;98850;45.5;23.0
28;2021-06-12;1305;560;196733;99410;45.8;23.1
28;2021-06-13;385;108;197118;99518;45.9;23.2
28;2021-06-14;2208;1999;199326;101517;46.4;23.6
28;2021-06-15;2092;2225;201418;103742;46.9;24.2
28;2021-06-16;2510;3982;203928;107724;47.5;25.1
28;2021-06-17;1925;3135;205853;110859;47.9;25.8
28;2021-06-18;2471;3787;208324;114646;48.5;26.7
28;2021-06-19;776;1612;209100;116258;48.7;27.1
28;2021-06-20;23;24;209123;116282;48.7;27.1
28;2021-06-21;1684;1991;210807;118273;49.1;27.5
28;2021-06-22;1371;2107;212178;120380;49.4;28.0
28;2021-06-23;1782;3164;213960;123544;49.8;28.8
28;2021-06-24;733;930;214693;124474;50.0;29.0
28;2021-06-25;1891;3028;216584;127502;50.4;29.7
28;2021-06-26;309;2115;216893;129617;50.5;30.2
28;2021-06-27;588;1284;217481;130901;50.6;30.5
28;2021-06-28;1226;3657;218707;134558;50.9;31.3
28;2021-06-29;1342;3797;220049;138355;51.2;32.2
28;2021-06-30;1493;4259;221542;142614;51.6;33.2
28;2021-07-01;1278;3500;222820;146114;51.9;34.0
28;2021-07-02;1313;4654;224133;150768;52.2;35.1
28;2021-07-03;1132;2369;225265;153137;52.5;35.7
28;2021-07-04;146;1325;225411;154462;52.5;36.0
28;2021-07-05;1362;2512;226773;156974;52.8;36.6
28;2021-07-06;1510;2869;228283;159843;53.2;37.2
28;2021-07-07;1637;4144;229920;163987;53.5;38.2
28;2021-07-08;1470;3239;231390;167226;53.9;38.9
28;2021-07-09;1392;4521;232782;171747;54.2;40.0
28;2021-07-10;528;2208;233310;173955;54.3;40.5
28;2021-07-11;2;1;233312;173956;54.3;40.5
28;2021-07-12;1527;3929;234839;177885;54.7;41.4
28;2021-07-13;2263;4141;237102;182026;55.2;42.4
28;2021-07-14;1329;1396;238431;183422;55.5;42.7
28;2021-07-15;2986;3977;241417;187399;56.2;43.6
28;2021-07-16;2443;4754;243860;192153;56.8;44.7
28;2021-07-17;1264;2430;245124;194583;57.1;45.3
28;2021-07-18;372;944;245496;195527;57.2;45.5
28;2021-07-19;1806;4341;247302;199868;57.6;46.5
28;2021-07-20;2474;4089;249776;203957;58.2;47.5
28;2021-07-21;2965;4285;252741;208242;58.9;48.5
28;2021-07-22;3666;3426;256407;211668;59.7;49.3
28;2021-07-23;2959;4000;259366;215668;60.4;50.2
28;2021-07-24;1693;1474;261059;217142;60.8;50.6
28;2021-07-25;68;61;261127;217203;60.8;50.6
28;2021-07-26;2930;3386;264057;220589;61.5;51.4
28;2021-07-27;3884;2620;267941;223209;62.4;52.0
28;2021-07-28;3948;2739;271889;225948;63.3;52.6
28;2021-07-29;4460;2083;276349;228031;64.4;53.1
28;2021-07-30;3808;2839;280157;230870;65.2;53.8
28;2021-07-31;761;824;280918;231694;65.4;54.0
28;2021-08-01;378;65;281296;231759;65.5;54.0
28;2021-08-02;1789;1519;283085;233278;65.9;54.3
28;2021-08-03;2682;2162;285767;235440;66.5;54.8
28;2021-08-04;1930;2299;287697;237739;67.0;55.4
28;2021-08-05;1659;1732;289356;239471;67.4;55.8
28;2021-08-06;1610;1967;290966;241438;67.8;56.2
28;2021-08-07;796;1002;291762;242440;67.9;56.5
28;2021-08-08;22;33;291784;242473;67.9;56.5
28;2021-08-09;1380;1090;293164;243563;68.3;56.7
28;2021-08-10;1701;2025;294865;245588;68.7;57.2
28;2021-08-11;1269;1574;296134;247162;69.0;57.6
28;2021-08-12;1161;1885;297295;249047;69.2;58.0
28;2021-08-13;1287;1646;298582;250693;69.5;58.4
28;2021-08-14;655;842;299237;251535;69.7;58.6
28;2021-08-15;265;60;299502;251595;69.7;58.6
28;2021-08-16;857;2143;300359;253738;69.9;59.1
28;2021-08-17;1117;2797;301476;256535;70.2;59.7
28;2021-08-18;887;2413;302363;258948;70.4;60.3
28;2021-08-19;882;2612;303245;261560;70.6;60.9
28;2021-08-20;925;2749;304170;264309;70.8;61.5
28;2021-08-21;379;1000;304549;265309;70.9;61.8
28;2021-08-22;8;31;304557;265340;70.9;61.8
28;2021-08-23;1039;2143;305596;267483;71.2;62.3
28;2021-08-24;862;2583;306458;270066;71.4;62.9
28;2021-08-25;1067;2207;307525;272273;71.6;63.4
28;2021-08-26;693;1809;308218;274082;71.8;63.8
29;2020-12-27;0;0;0;0;0.0;0.0
29;2020-12-28;0;0;0;0;0.0;0.0
29;2020-12-29;0;0;0;0;0.0;0.0
29;2020-12-30;0;0;0;0;0.0;0.0
29;2020-12-31;0;0;0;0;0.0;0.0
29;2021-01-01;2;0;2;0;0.0;0.0
29;2021-01-02;0;0;2;0;0.0;0.0
29;2021-01-03;1;0;3;0;0.0;0.0
29;2021-01-04;32;0;35;0;0.0;0.0
29;2021-01-05;31;0;66;0;0.0;0.0
29;2021-01-06;43;0;109;0;0.0;0.0
29;2021-01-07;137;0;246;0;0.0;0.0
29;2021-01-08;408;0;654;0;0.1;0.0
29;2021-01-09;2;0;656;0;0.1;0.0
29;2021-01-10;2;0;658;0;0.1;0.0
29;2021-01-11;667;0;1325;0;0.1;0.0
29;2021-01-12;1120;0;2445;0;0.3;0.0
29;2021-01-13;1101;2;3546;2;0.4;0.0
29;2021-01-14;894;4;4440;6;0.5;0.0
29;2021-01-15;1221;7;5661;13;0.6;0.0
29;2021-01-16;168;1;5829;14;0.6;0.0
29;2021-01-17;112;1;5941;15;0.7;0.0
29;2021-01-18;839;3;6780;18;0.7;0.0
29;2021-01-19;1304;1;8084;19;0.9;0.0
29;2021-01-20;2394;2;10478;21;1.2;0.0
29;2021-01-21;5653;6;16131;27;1.8;0.0
29;2021-01-22;3770;5;19901;32;2.2;0.0
29;2021-01-23;537;0;20438;32;2.3;0.0
29;2021-01-24;200;1;20638;33;2.3;0.0
29;2021-01-25;575;7;21213;40;2.3;0.0
29;2021-01-26;951;34;22164;74;2.4;0.0
29;2021-01-27;1286;54;23450;128;2.6;0.0
29;2021-01-28;802;137;24252;265;2.7;0.0
29;2021-01-29;780;205;25032;470;2.8;0.1
29;2021-01-30;281;4;25313;474;2.8;0.1
29;2021-01-31;80;5;25393;479;2.8;0.1
29;2021-02-01;429;448;25822;927;2.8;0.1
29;2021-02-02;876;823;26698;1750;2.9;0.2
29;2021-02-03;810;894;27508;2644;3.0;0.3
29;2021-02-04;867;642;28375;3286;3.1;0.4
29;2021-02-05;675;585;29050;3871;3.2;0.4
29;2021-02-06;247;102;29297;3973;3.2;0.4
29;2021-02-07;78;105;29375;4078;3.2;0.4
29;2021-02-08;383;446;29758;4524;3.3;0.5
29;2021-02-09;863;852;30621;5376;3.4;0.6
29;2021-02-10;1150;1018;31771;6394;3.5;0.7
29;2021-02-11;1796;4164;33567;10558;3.7;1.2
29;2021-02-12;2324;2503;35891;13061;4.0;1.4
29;2021-02-13;638;413;36529;13474;4.0;1.5
29;2021-02-14;12;229;36541;13703;4.0;1.5
29;2021-02-15;266;948;36807;14651;4.1;1.6
29;2021-02-16;887;1059;37694;15710;4.2;1.7
29;2021-02-17;801;855;38495;16565;4.2;1.8
29;2021-02-18;1530;846;40025;17411;4.4;1.9
29;2021-02-19;1413;1003;41438;18414;4.6;2.0
29;2021-02-20;204;366;41642;18780;4.6;2.1
29;2021-02-21;162;168;41804;18948;4.6;2.1
29;2021-02-22;773;563;42577;19511;4.7;2.2
29;2021-02-23;1271;909;43848;20420;4.8;2.3
29;2021-02-24;1470;823;45318;21243;5.0;2.3
29;2021-02-25;2509;902;47827;22145;5.3;2.4
29;2021-02-26;2676;715;50503;22860;5.6;2.5
29;2021-02-27;1284;280;51787;23140;5.7;2.6
29;2021-02-28;200;72;51987;23212;5.7;2.6
29;2021-03-01;945;483;52932;23695;5.8;2.6
29;2021-03-02;1817;798;54749;24493;6.0;2.7
29;2021-03-03;2092;1017;56841;25510;6.3;2.8
29;2021-03-04;2843;1555;59684;27065;6.6;3.0
29;2021-03-05;3540;1682;63224;28747;7.0;3.2
29;2021-03-06;2000;439;65224;29186;7.2;3.2
29;2021-03-07;412;83;65636;29269;7.2;3.2
29;2021-03-08;1274;594;66910;29863;7.4;3.3
29;2021-03-09;2605;975;69515;30838;7.7;3.4
29;2021-03-10;2427;872;71942;31710;7.9;3.5
29;2021-03-11;4519;1000;76461;32710;8.4;3.6
29;2021-03-12;5271;968;81732;33678;9.0;3.7
29;2021-03-13;2825;409;84557;34087;9.3;3.8
29;2021-03-14;365;3;84922;34090;9.4;3.8
29;2021-03-15;2049;270;86971;34360;9.6;3.8
29;2021-03-16;1822;742;88793;35102;9.8;3.9
29;2021-03-17;1861;715;90654;35817;10.0;4.0
29;2021-03-18;1865;1039;92519;36856;10.2;4.1
29;2021-03-19;3266;882;95785;37738;10.6;4.2
29;2021-03-20;1914;222;97699;37960;10.8;4.2
29;2021-03-21;132;11;97831;37971;10.8;4.2
29;2021-03-22;1647;557;99478;38528;11.0;4.2
29;2021-03-23;3441;1036;102919;39564;11.4;4.4
29;2021-03-24;3781;1025;106700;40589;11.8;4.5
29;2021-03-25;4818;1071;111518;41660;12.3;4.6
29;2021-03-26;5423;1170;116941;42830;12.9;4.7
29;2021-03-27;2429;332;119370;43162;13.2;4.8
29;2021-03-28;198;50;119568;43212;13.2;4.8
29;2021-03-29;2041;824;121609;44036;13.4;4.9
29;2021-03-30;3977;1331;125586;45367;13.9;5.0
29;2021-03-31;3937;1155;129523;46522;14.3;5.1
29;2021-04-01;5025;1145;134548;47667;14.8;5.3
29;2021-04-02;4766;1169;139314;48836;15.4;5.4
29;2021-04-03;2500;538;141814;49374;15.6;5.4
29;2021-04-04;146;33;141960;49407;15.7;5.4
29;2021-04-05;972;331;142932;49738;15.8;5.5
29;2021-04-06;3198;1237;146130;50975;16.1;5.6
29;2021-04-07;3653;940;149783;51915;16.5;5.7
29;2021-04-08;5287;2056;155070;53971;17.1;6.0
29;2021-04-09;6750;1564;161820;55535;17.9;6.1
29;2021-04-10;3499;706;165319;56241;18.2;6.2
29;2021-04-11;120;80;165439;56321;18.2;6.2
29;2021-04-12;3853;1481;169292;57802;18.7;6.4
29;2021-04-13;5862;1760;175154;59562;19.3;6.6
29;2021-04-14;4762;1743;179916;61305;19.8;6.8
29;2021-04-15;7174;1729;187090;63034;20.6;7.0
29;2021-04-16;6703;1354;193793;64388;21.4;7.1
29;2021-04-17;3828;970;197621;65358;21.8;7.2
29;2021-04-18;489;40;198110;65398;21.9;7.2
29;2021-04-19;3881;1464;201991;66862;22.3;7.4
29;2021-04-20;4397;2134;206388;68996;22.8;7.6
29;2021-04-21;4376;2200;210764;71196;23.2;7.9
29;2021-04-22;6644;2856;217408;74052;24.0;8.2
29;2021-04-23;6047;2196;223455;76248;24.6;8.4
29;2021-04-24;4007;1318;227462;77566;25.1;8.6
29;2021-04-25;433;169;227895;77735;25.1;8.6
29;2021-04-26;5261;1882;233156;79617;25.7;8.8
29;2021-04-27;5334;3196;238490;82813;26.3;9.1
29;2021-04-28;5355;2903;243845;85716;26.9;9.5
29;2021-04-29;6594;3347;250439;89063;27.6;9.8
29;2021-04-30;6267;3915;256706;92978;28.3;10.3
29;2021-05-01;1986;978;258692;93956;28.5;10.4
29;2021-05-02;1249;195;259941;94151;28.7;10.4
29;2021-05-03;4542;2291;264483;96442;29.2;10.6
29;2021-05-04;4110;3741;268593;100183;29.6;11.1
29;2021-05-05;4518;3408;273111;103591;30.1;11.4
29;2021-05-06;6236;3716;279347;107307;30.8;11.8
29;2021-05-07;5985;4621;285332;111928;31.5;12.3
29;2021-05-08;2094;564;287426;112492;31.7;12.4
29;2021-05-09;1727;137;289153;112629;31.9;12.4
29;2021-05-10;4760;3770;293913;116399;32.4;12.8
29;2021-05-11;4711;4999;298624;121398;32.9;13.4
29;2021-05-12;5026;4384;303650;125782;33.5;13.9
29;2021-05-13;3441;1501;307091;127283;33.9;14.0
29;2021-05-14;5650;4006;312741;131289;34.5;14.5
29;2021-05-15;4049;2314;316790;133603;34.9;14.7
29;2021-05-16;1588;294;318378;133897;35.1;14.8
29;2021-05-17;5564;3133;323942;137030;35.7;15.1
29;2021-05-18;5732;3099;329674;140129;36.4;15.5
29;2021-05-19;6210;2973;335884;143102;37.1;15.8
29;2021-05-20;7176;4571;343060;147673;37.8;16.3
29;2021-05-21;7216;3817;350276;151490;38.6;16.7
29;2021-05-22;5342;2130;355618;153620;39.2;16.9
29;2021-05-23;1631;65;357249;153685;39.4;17.0
29;2021-05-24;3485;535;360734;154220;39.8;17.0
29;2021-05-25;5836;3044;366570;157264;40.4;17.3
29;2021-05-26;5894;2995;372464;160259;41.1;17.7
29;2021-05-27;6827;3989;379291;164248;41.8;18.1
29;2021-05-28;6548;4451;385839;168699;42.6;18.6
29;2021-05-29;4382;2808;390221;171507;43.0;18.9
29;2021-05-30;1115;360;391336;171867;43.2;19.0
29;2021-05-31;6384;3457;397720;175324;43.9;19.3
29;2021-06-01;6603;4353;404323;179677;44.6;19.8
29;2021-06-02;6167;4134;410490;183811;45.3;20.3
29;2021-06-03;7696;4530;418186;188341;46.1;20.8
29;2021-06-04;6813;6165;424999;194506;46.9;21.5
29;2021-06-05;5350;3036;430349;197542;47.5;21.8
29;2021-06-06;1285;538;431634;198080;47.6;21.8
29;2021-06-07;4660;5564;436294;203644;48.1;22.5
29;2021-06-08;7175;5210;443469;208854;48.9;23.0
29;2021-06-09;6409;4754;449878;213608;49.6;23.6
29;2021-06-10;7774;5065;457652;218673;50.5;24.1
29;2021-06-11;8478;5875;466130;224548;51.4;24.8
29;2021-06-12;6568;2814;472698;227362;52.1;25.1
29;2021-06-13;2352;1372;475050;228734;52.4;25.2
29;2021-06-14;4034;6322;479084;235056;52.8;25.9
29;2021-06-15;5477;6188;484561;241244;53.5;26.6
29;2021-06-16;5571;5632;490132;246876;54.1;27.2
29;2021-06-17;6364;6310;496496;253186;54.8;27.9
29;2021-06-18;6116;7489;502612;260675;55.4;28.8
29;2021-06-19;4623;3526;507235;264201;56.0;29.1
29;2021-06-20;891;1452;508126;265653;56.1;29.3
29;2021-06-21;3761;6496;511887;272149;56.5;30.0
29;2021-06-22;4488;6427;516375;278576;57.0;30.7
29;2021-06-23;4673;6130;521048;284706;57.5;31.4
29;2021-06-24;4809;6748;525857;291454;58.0;32.1
29;2021-06-25;3599;7533;529456;298987;58.4;33.0
29;2021-06-26;2130;4093;531586;303080;58.6;33.4
29;2021-06-27;968;1631;532554;304711;58.7;33.6
29;2021-06-28;2842;6863;535396;311574;59.1;34.4
29;2021-06-29;2811;7730;538207;319304;59.4;35.2
29;2021-06-30;3046;7510;541253;326814;59.7;36.1
29;2021-07-01;3789;8421;545042;335235;60.1;37.0
29;2021-07-02;3605;9671;548647;344906;60.5;38.0
29;2021-07-03;2328;6055;550975;350961;60.8;38.7
29;2021-07-04;816;1771;551791;352732;60.9;38.9
29;2021-07-05;1915;7160;553706;359892;61.1;39.7
29;2021-07-06;1537;8010;555243;367902;61.2;40.6
29;2021-07-07;1707;7040;556950;374942;61.4;41.4
29;2021-07-08;2453;8209;559403;383151;61.7;42.3
29;2021-07-09;2630;9073;562033;392224;62.0;43.3
29;2021-07-10;1919;6107;563952;398331;62.2;43.9
29;2021-07-11;449;1064;564401;399395;62.3;44.1
29;2021-07-12;1983;8378;566384;407773;62.5;45.0
29;2021-07-13;2754;8665;569138;416438;62.8;45.9
29;2021-07-14;2086;3369;571224;419807;63.0;46.3
29;2021-07-15;3852;9730;575076;429537;63.4;47.4
29;2021-07-16;4613;9200;579689;438737;63.9;48.4
29;2021-07-17;3221;6116;582910;444853;64.3;49.1
29;2021-07-18;668;1078;583578;445931;64.4;49.2
29;2021-07-19;3155;7547;586733;453478;64.7;50.0
29;2021-07-20;3548;9437;590281;462915;65.1;51.1
29;2021-07-21;3651;7726;593932;470641;65.5;51.9
29;2021-07-22;3412;8538;597344;479179;65.9;52.9
29;2021-07-23;4051;10706;601395;489885;66.3;54.0
29;2021-07-24;2531;5958;603926;495843;66.6;54.7
29;2021-07-25;654;2360;604580;498203;66.7;55.0
29;2021-07-26;3383;7280;607963;505483;67.1;55.8
29;2021-07-27;3709;7113;611672;512596;67.5;56.5
29;2021-07-28;4199;6034;615871;518630;67.9;57.2
29;2021-07-29;5680;6361;621551;524991;68.6;57.9
29;2021-07-30;5434;6534;626985;531525;69.2;58.6
29;2021-07-31;2922;4935;629907;536460;69.5;59.2
29;2021-08-01;652;923;630559;537383;69.6;59.3
29;2021-08-02;4279;5220;634838;542603;70.0;59.9
29;2021-08-03;5479;4406;640317;547009;70.6;60.3
29;2021-08-04;5719;3604;646036;550613;71.3;60.7
29;2021-08-05;6625;4114;652661;554727;72.0;61.2
29;2021-08-06;6148;4336;658809;559063;72.7;61.7
29;2021-08-07;4275;2952;663084;562015;73.1;62.0
29;2021-08-08;842;754;663926;562769;73.2;62.1
29;2021-08-09;3072;4744;666998;567513;73.6;62.6
29;2021-08-10;4465;3867;671463;571380;74.1;63.0
29;2021-08-11;3946;3183;675409;574563;74.5;63.4
29;2021-08-12;4623;4495;680032;579058;75.0;63.9
29;2021-08-13;4142;3721;684174;582779;75.5;64.3
29;2021-08-14;2955;2838;687129;585617;75.8;64.6
29;2021-08-15;337;403;687466;586020;75.8;64.6
29;2021-08-16;3278;4381;690744;590401;76.2;65.1
29;2021-08-17;4394;3415;695138;593816;76.7;65.5
29;2021-08-18;3664;3618;698802;597434;77.1;65.9
29;2021-08-19;3899;4715;702701;602149;77.5;66.4
29;2021-08-20;3499;4601;706200;606750;77.9;66.9
29;2021-08-21;2266;3166;708466;609916;78.1;67.3
29;2021-08-22;214;416;708680;610332;78.2;67.3
29;2021-08-23;2493;4625;711173;614957;78.4;67.8
29;2021-08-24;2436;4948;713609;619905;78.7;68.4
29;2021-08-25;2149;4227;715758;624132;79.0;68.8
29;2021-08-26;2324;5335;718082;629467;79.2;69.4
2A;2020-12-27;0;0;0;0;0.0;0.0
2A;2020-12-28;0;0;0;0;0.0;0.0
2A;2020-12-29;0;0;0;0;0.0;0.0
2A;2020-12-30;0;0;0;0;0.0;0.0
2A;2020-12-31;0;0;0;0;0.0;0.0
2A;2021-01-01;0;0;0;0;0.0;0.0
2A;2021-01-02;1;0;1;0;0.0;0.0
2A;2021-01-03;0;0;1;0;0.0;0.0
2A;2021-01-04;0;0;1;0;0.0;0.0
2A;2021-01-05;0;0;1;0;0.0;0.0
2A;2021-01-06;6;0;7;0;0.0;0.0
2A;2021-01-07;122;1;129;1;0.1;0.0
2A;2021-01-08;113;0;242;1;0.1;0.0
2A;2021-01-09;39;0;281;1;0.2;0.0
2A;2021-01-10;33;0;314;1;0.2;0.0
2A;2021-01-11;76;0;390;1;0.2;0.0
2A;2021-01-12;85;0;475;1;0.3;0.0
2A;2021-01-13;111;0;586;1;0.4;0.0
2A;2021-01-14;191;1;777;2;0.5;0.0
2A;2021-01-15;149;0;926;2;0.6;0.0
2A;2021-01-16;160;1;1086;3;0.7;0.0
2A;2021-01-17;85;1;1171;4;0.7;0.0
2A;2021-01-18;201;2;1372;6;0.8;0.0
2A;2021-01-19;487;0;1859;6;1.1;0.0
2A;2021-01-20;356;0;2215;6;1.4;0.0
2A;2021-01-21;453;1;2668;7;1.6;0.0
2A;2021-01-22;367;0;3035;7;1.9;0.0
2A;2021-01-23;183;0;3218;7;2.0;0.0
2A;2021-01-24;118;1;3336;8;2.1;0.0
2A;2021-01-25;214;0;3550;8;2.2;0.0
2A;2021-01-26;402;7;3952;15;2.4;0.0
2A;2021-01-27;324;5;4276;20;2.6;0.0
2A;2021-01-28;335;79;4611;99;2.8;0.1
2A;2021-01-29;341;62;4952;161;3.0;0.1
2A;2021-01-30;127;38;5079;199;3.1;0.1
2A;2021-01-31;92;12;5171;211;3.2;0.1
2A;2021-02-01;230;51;5401;262;3.3;0.2
2A;2021-02-02;288;117;5689;379;3.5;0.2
2A;2021-02-03;265;75;5954;454;3.7;0.3
2A;2021-02-04;256;121;6210;575;3.8;0.4
2A;2021-02-05;267;105;6477;680;4.0;0.4
2A;2021-02-06;121;59;6598;739;4.1;0.5
2A;2021-02-07;68;54;6666;793;4.1;0.5
2A;2021-02-08;91;209;6757;1002;4.2;0.6
2A;2021-02-09;128;302;6885;1304;4.2;0.8
2A;2021-02-10;161;235;7046;1539;4.3;0.9
2A;2021-02-11;296;365;7342;1904;4.5;1.2
2A;2021-02-12;345;303;7687;2207;4.7;1.4
2A;2021-02-13;225;59;7912;2266;4.9;1.4
2A;2021-02-14;133;77;8045;2343;5.0;1.4
2A;2021-02-15;197;182;8242;2525;5.1;1.6
2A;2021-02-16;384;320;8626;2845;5.3;1.8
2A;2021-02-17;287;166;8913;3011;5.5;1.9
2A;2021-02-18;340;198;9253;3209;5.7;2.0
2A;2021-02-19;145;300;9398;3509;5.8;2.2
2A;2021-02-20;243;138;9641;3647;5.9;2.2
2A;2021-02-21;58;54;9699;3701;6.0;2.3
2A;2021-02-22;77;215;9776;3916;6.0;2.4
2A;2021-02-23;122;290;9898;4206;6.1;2.6
2A;2021-02-24;82;297;9980;4503;6.1;2.8
2A;2021-02-25;105;265;10085;4768;6.2;2.9
2A;2021-02-26;123;273;10208;5041;6.3;3.1
2A;2021-02-27;308;69;10516;5110;6.5;3.1
2A;2021-02-28;69;66;10585;5176;6.5;3.2
2A;2021-03-01;116;152;10701;5328;6.6;3.3
2A;2021-03-02;198;264;10899;5592;6.7;3.4
2A;2021-03-03;244;256;11143;5848;6.9;3.6
2A;2021-03-04;508;227;11651;6075;7.2;3.7
2A;2021-03-05;972;289;12623;6364;7.8;3.9
2A;2021-03-06;1166;75;13789;6439;8.5;4.0
2A;2021-03-07;1019;47;14808;6486;9.1;4.0
2A;2021-03-08;932;88;15740;6574;9.7;4.0
2A;2021-03-09;937;151;16677;6725;10.3;4.1
2A;2021-03-10;629;138;17306;6863;10.7;4.2
2A;2021-03-11;723;281;18029;7144;11.1;4.4
2A;2021-03-12;561;318;18590;7462;11.4;4.6
2A;2021-03-13;613;197;19203;7659;11.8;4.7
2A;2021-03-14;312;126;19515;7785;12.0;4.8
2A;2021-03-15;377;203;19892;7988;12.2;4.9
2A;2021-03-16;498;370;20390;8358;12.6;5.1
2A;2021-03-17;699;275;21089;8633;13.0;5.3
2A;2021-03-18;447;305;21536;8938;13.3;5.5
2A;2021-03-19;488;158;22024;9096;13.6;5.6
2A;2021-03-20;1079;261;23103;9357;14.2;5.8
2A;2021-03-21;695;54;23798;9411;14.7;5.8
2A;2021-03-22;347;67;24145;9478;14.9;5.8
2A;2021-03-23;518;58;24663;9536;15.2;5.9
2A;2021-03-24;864;91;25527;9627;15.7;5.9
2A;2021-03-25;930;143;26457;9770;16.3;6.0
2A;2021-03-26;1081;164;27538;9934;17.0;6.1
2A;2021-03-27;1189;201;28727;10135;17.7;6.2
2A;2021-03-28;241;97;28968;10232;17.8;6.3
2A;2021-03-29;283;138;29251;10370;18.0;6.4
2A;2021-03-30;383;237;29634;10607;18.2;6.5
2A;2021-03-31;446;227;30080;10834;18.5;6.7
2A;2021-04-01;638;453;30718;11287;18.9;6.9
2A;2021-04-02;904;785;31622;12072;19.5;7.4
2A;2021-04-03;646;983;32268;13055;19.9;8.0
2A;2021-04-04;579;784;32847;13839;20.2;8.5
2A;2021-04-05;525;699;33372;14538;20.5;9.0
2A;2021-04-06;549;558;33921;15096;20.9;9.3
2A;2021-04-07;789;427;34710;15523;21.4;9.6
2A;2021-04-08;1049;358;35759;15881;22.0;9.8
2A;2021-04-09;935;396;36694;16277;22.6;10.0
2A;2021-04-10;1059;382;37753;16659;23.2;10.3
2A;2021-04-11;362;256;38115;16915;23.5;10.4
2A;2021-04-12;669;342;38784;17257;23.9;10.6
2A;2021-04-13;329;380;39113;17637;24.1;10.9
2A;2021-04-14;1047;588;40160;18225;24.7;11.2
2A;2021-04-15;1044;523;41204;18748;25.4;11.5
2A;2021-04-16;872;394;42076;19142;25.9;11.8
2A;2021-04-17;1368;937;43444;20079;26.7;12.4
2A;2021-04-18;982;947;44426;21026;27.4;12.9
2A;2021-04-19;270;343;44696;21369;27.5;13.2
2A;2021-04-20;354;344;45050;21713;27.7;13.4
2A;2021-04-21;729;734;45779;22447;28.2;13.8
2A;2021-04-22;896;648;46675;23095;28.7;14.2
2A;2021-04-23;986;776;47661;23871;29.3;14.7
2A;2021-04-24;1751;984;49412;24855;30.4;15.3
2A;2021-04-25;975;305;50387;25160;31.0;15.5
2A;2021-04-26;308;226;50695;25386;31.2;15.6
2A;2021-04-27;344;348;51039;25734;31.4;15.8
2A;2021-04-28;1675;424;52714;26158;32.5;16.1
2A;2021-04-29;1054;359;53768;26517;33.1;16.3
2A;2021-04-30;1130;1061;54898;27578;33.8;17.0
2A;2021-05-01;971;575;55869;28153;34.4;17.3
2A;2021-05-02;675;707;56544;28860;34.8;17.8
2A;2021-05-03;583;576;57127;29436;35.2;18.1
2A;2021-05-04;752;535;57879;29971;35.6;18.5
2A;2021-05-05;1009;984;58888;30955;36.3;19.1
2A;2021-05-06;905;912;59793;31867;36.8;19.6
2A;2021-05-07;1156;837;60949;32704;37.5;20.1
2A;2021-05-08;422;500;61371;33204;37.8;20.4
2A;2021-05-09;783;638;62154;33842;38.3;20.8
2A;2021-05-10;454;741;62608;34583;38.5;21.3
2A;2021-05-11;652;414;63260;34997;38.9;21.5
2A;2021-05-12;922;488;64182;35485;39.5;21.8
2A;2021-05-13;920;139;65102;35624;40.1;21.9
2A;2021-05-14;797;679;65899;36303;40.6;22.4
2A;2021-05-15;781;649;66680;36952;41.1;22.8
2A;2021-05-16;738;500;67418;37452;41.5;23.1
2A;2021-05-17;583;562;68001;38014;41.9;23.4
2A;2021-05-18;614;476;68615;38490;42.2;23.7
2A;2021-05-19;787;481;69402;38971;42.7;24.0
2A;2021-05-20;692;540;70094;39511;43.2;24.3
2A;2021-05-21;535;483;70629;39994;43.5;24.6
2A;2021-05-22;441;310;71070;40304;43.8;24.8
2A;2021-05-23;533;284;71603;40588;44.1;25.0
2A;2021-05-24;125;33;71728;40621;44.2;25.0
2A;2021-05-25;416;504;72144;41125;44.4;25.3
2A;2021-05-26;426;1165;72570;42290;44.7;26.0
2A;2021-05-27;435;1111;73005;43401;44.9;26.7
2A;2021-05-28;298;916;73303;44317;45.1;27.3
2A;2021-05-29;334;900;73637;45217;45.3;27.8
2A;2021-05-30;182;507;73819;45724;45.4;28.2
2A;2021-05-31;191;414;74010;46138;45.6;28.4
2A;2021-06-01;342;729;74352;46867;45.8;28.9
2A;2021-06-02;284;940;74636;47807;46.0;29.4
2A;2021-06-03;306;852;74942;48659;46.1;30.0
2A;2021-06-04;271;1092;75213;49751;46.3;30.6
2A;2021-06-05;319;1442;75532;51193;46.5;31.5
2A;2021-06-06;173;908;75705;52101;46.6;32.1
2A;2021-06-07;170;661;75875;52762;46.7;32.5
2A;2021-06-08;323;707;76198;53469;46.9;32.9
2A;2021-06-09;297;1317;76495;54786;47.1;33.7
2A;2021-06-10;329;857;76824;55643;47.3;34.3
2A;2021-06-11;277;1021;77101;56664;47.5;34.9
2A;2021-06-12;232;665;77333;57329;47.6;35.3
2A;2021-06-13;189;797;77522;58126;47.7;35.8
2A;2021-06-14;251;921;77773;59047;47.9;36.4
2A;2021-06-15;217;507;77990;59554;48.0;36.7
2A;2021-06-16;212;776;78202;60330;48.1;37.1
2A;2021-06-17;235;591;78437;60921;48.3;37.5
2A;2021-06-18;246;914;78683;61835;48.4;38.1
2A;2021-06-19;208;690;78891;62525;48.6;38.5
2A;2021-06-20;150;692;79041;63217;48.7;38.9
2A;2021-06-21;181;791;79222;64008;48.8;39.4
2A;2021-06-22;235;842;79457;64850;48.9;39.9
2A;2021-06-23;217;569;79674;65419;49.1;40.3
2A;2021-06-24;149;369;79823;65788;49.1;40.5
2A;2021-06-25;167;472;79990;66260;49.2;40.8
2A;2021-06-26;203;873;80193;67133;49.4;41.3
2A;2021-06-27;174;794;80367;67927;49.5;41.8
2A;2021-06-28;194;704;80561;68631;49.6;42.3
2A;2021-06-29;215;689;80776;69320;49.7;42.7
2A;2021-06-30;242;493;81018;69813;49.9;43.0
2A;2021-07-01;211;486;81229;70299;50.0;43.3
2A;2021-07-02;293;370;81522;70669;50.2;43.5
2A;2021-07-03;211;617;81733;71286;50.3;43.9
2A;2021-07-04;178;664;81911;71950;50.4;44.3
2A;2021-07-05;163;235;82074;72185;50.5;44.4
2A;2021-07-06;250;391;82324;72576;50.7;44.7
2A;2021-07-07;432;610;82756;73186;51.0;45.1
2A;2021-07-08;593;707;83349;73893;51.3;45.5
2A;2021-07-09;381;421;83730;74314;51.6;45.8
2A;2021-07-10;281;346;84011;74660;51.7;46.0
2A;2021-07-11;91;162;84102;74822;51.8;46.1
2A;2021-07-12;315;349;84417;75171;52.0;46.3
2A;2021-07-13;1178;534;85595;75705;52.7;46.6
2A;2021-07-14;1624;341;87219;76046;53.7;46.8
2A;2021-07-15;1436;835;88655;76881;54.6;47.3
2A;2021-07-16;1167;467;89822;77348;55.3;47.6
2A;2021-07-17;1096;344;90918;77692;56.0;47.8
2A;2021-07-18;635;135;91553;77827;56.4;47.9
2A;2021-07-19;918;431;92471;78258;56.9;48.2
2A;2021-07-20;1284;474;93755;78732;57.7;48.5
2A;2021-07-21;1428;726;95183;79458;58.6;48.9
2A;2021-07-22;1398;768;96581;80226;59.5;49.4
2A;2021-07-23;1437;465;98018;80691;60.3;49.7
2A;2021-07-24;892;289;98910;80980;60.9;49.9
2A;2021-07-25;448;77;99358;81057;61.2;49.9
2A;2021-07-26;1198;507;100556;81564;61.9;50.2
2A;2021-07-27;1298;519;101854;82083;62.7;50.5
2A;2021-07-28;1198;590;103052;82673;63.4;50.9
2A;2021-07-29;1224;654;104276;83327;64.2;51.3
2A;2021-07-30;951;608;105227;83935;64.8;51.7
2A;2021-07-31;540;339;105767;84274;65.1;51.9
2A;2021-08-01;562;122;106329;84396;65.5;52.0
2A;2021-08-02;449;496;106778;84892;65.7;52.3
2A;2021-08-03;806;881;107584;85773;66.2;52.8
2A;2021-08-04;722;1161;108306;86934;66.7;53.5
2A;2021-08-05;907;1346;109213;88280;67.2;54.4
2A;2021-08-06;384;810;109597;89090;67.5;54.9
2A;2021-08-07;350;889;109947;89979;67.7;55.4
2A;2021-08-08;79;185;110026;90164;67.7;55.5
2A;2021-08-09;647;1138;110673;91302;68.1;56.2
2A;2021-08-10;635;1207;111308;92509;68.5;57.0
2A;2021-08-11;587;1058;111895;93567;68.9;57.6
2A;2021-08-12;733;1483;112628;95050;69.3;58.5
2A;2021-08-13;470;1065;113098;96115;69.6;59.2
2A;2021-08-14;407;764;113505;96879;69.9;59.6
2A;2021-08-15;21;26;113526;96905;69.9;59.7
2A;2021-08-16;479;1292;114005;98197;70.2;60.5
2A;2021-08-17;930;1557;114935;99754;70.8;61.4
2A;2021-08-18;523;1122;115458;100876;71.1;62.1
2A;2021-08-19;427;1008;115885;101884;71.3;62.7
2A;2021-08-20;324;571;116209;102455;71.5;63.1
2A;2021-08-21;227;535;116436;102990;71.7;63.4
2A;2021-08-22;193;618;116629;103608;71.8;63.8
2A;2021-08-23;323;744;116952;104352;72.0;64.2
2A;2021-08-24;318;852;117270;105204;72.2;64.8
2A;2021-08-25;389;876;117659;106080;72.4;65.3
2A;2021-08-26;332;765;117991;106845;72.6;65.8
2B;2020-12-27;0;0;0;0;0.0;0.0
2B;2020-12-28;0;0;0;0;0.0;0.0
2B;2020-12-29;0;0;0;0;0.0;0.0
2B;2020-12-30;0;0;0;0;0.0;0.0
2B;2020-12-31;0;0;0;0;0.0;0.0
2B;2021-01-01;0;0;0;0;0.0;0.0
2B;2021-01-02;0;0;0;0;0.0;0.0
2B;2021-01-03;0;0;0;0;0.0;0.0
2B;2021-01-04;2;0;2;0;0.0;0.0
2B;2021-01-05;0;0;2;0;0.0;0.0
2B;2021-01-06;48;1;50;1;0.0;0.0
2B;2021-01-07;210;0;260;1;0.1;0.0
2B;2021-01-08;196;2;456;3;0.3;0.0
2B;2021-01-09;39;0;495;3;0.3;0.0
2B;2021-01-10;1;0;496;3;0.3;0.0
2B;2021-01-11;75;0;571;3;0.3;0.0
2B;2021-01-12;128;1;699;4;0.4;0.0
2B;2021-01-13;93;0;792;4;0.4;0.0
2B;2021-01-14;72;0;864;4;0.5;0.0
2B;2021-01-15;258;0;1122;4;0.6;0.0
2B;2021-01-16;43;0;1165;4;0.6;0.0
2B;2021-01-17;8;0;1173;4;0.6;0.0
2B;2021-01-18;271;0;1444;4;0.8;0.0
2B;2021-01-19;501;0;1945;4;1.1;0.0
2B;2021-01-20;463;2;2408;6;1.3;0.0
2B;2021-01-21;358;0;2766;6;1.5;0.0
2B;2021-01-22;374;0;3140;6;1.7;0.0
2B;2021-01-23;61;0;3201;6;1.8;0.0
2B;2021-01-24;29;0;3230;6;1.8;0.0
2B;2021-01-25;210;2;3440;8;1.9;0.0
2B;2021-01-26;391;1;3831;9;2.1;0.0
2B;2021-01-27;342;48;4173;57;2.3;0.0
2B;2021-01-28;365;148;4538;205;2.5;0.1
2B;2021-01-29;293;162;4831;367;2.7;0.2
2B;2021-01-30;80;33;4911;400;2.7;0.2
2B;2021-01-31;60;0;4971;400;2.7;0.2
2B;2021-02-01;231;93;5202;493;2.9;0.3
2B;2021-02-02;357;77;5559;570;3.1;0.3
2B;2021-02-03;520;91;6079;661;3.3;0.4
2B;2021-02-04;458;173;6537;834;3.6;0.5
2B;2021-02-05;393;95;6930;929;3.8;0.5
2B;2021-02-06;87;14;7017;943;3.9;0.5
2B;2021-02-07;60;0;7077;943;3.9;0.5
2B;2021-02-08;230;155;7307;1098;4.0;0.6
2B;2021-02-09;586;313;7893;1411;4.3;0.8
2B;2021-02-10;485;196;8378;1607;4.6;0.9
2B;2021-02-11;382;128;8760;1735;4.8;1.0
2B;2021-02-12;298;124;9058;1859;5.0;1.0
2B;2021-02-13;77;13;9135;1872;5.0;1.0
2B;2021-02-14;62;1;9197;1873;5.0;1.0
2B;2021-02-15;190;128;9387;2001;5.2;1.1
2B;2021-02-16;252;286;9639;2287;5.3;1.3
2B;2021-02-17;312;318;9951;2605;5.5;1.4
2B;2021-02-18;215;347;10166;2952;5.6;1.6
2B;2021-02-19;164;308;10330;3260;5.7;1.8
2B;2021-02-20;32;63;10362;3323;5.7;1.8
2B;2021-02-21;27;29;10389;3352;5.7;1.8
2B;2021-02-22;133;189;10522;3541;5.8;1.9
2B;2021-02-23;231;356;10753;3897;5.9;2.1
2B;2021-02-24;229;310;10982;4207;6.0;2.3
2B;2021-02-25;245;340;11227;4547;6.2;2.5
2B;2021-02-26;299;280;11526;4827;6.3;2.6
2B;2021-02-27;60;84;11586;4911;6.4;2.7
2B;2021-02-28;1;57;11587;4968;6.4;2.7
2B;2021-03-01;246;261;11833;5229;6.5;2.9
2B;2021-03-02;352;389;12185;5618;6.7;3.1
2B;2021-03-03;299;436;12484;6054;6.8;3.3
2B;2021-03-04;447;409;12931;6463;7.1;3.5
2B;2021-03-05;619;384;13550;6847;7.4;3.8
2B;2021-03-06;682;100;14232;6947;7.8;3.8
2B;2021-03-07;361;59;14593;7006;8.0;3.8
2B;2021-03-08;301;240;14894;7246;8.2;4.0
2B;2021-03-09;383;505;15277;7751;8.4;4.3
2B;2021-03-10;630;447;15907;8198;8.7;4.5
2B;2021-03-11;584;354;16491;8552;9.0;4.7
2B;2021-03-12;966;227;17457;8779;9.6;4.8
2B;2021-03-13;511;110;17968;8889;9.9;4.9
2B;2021-03-14;226;62;18194;8951;10.0;4.9
2B;2021-03-15;515;201;18709;9152;10.3;5.0
2B;2021-03-16;570;278;19279;9430;10.6;5.2
2B;2021-03-17;529;262;19808;9692;10.9;5.3
2B;2021-03-18;551;230;20359;9922;11.2;5.4
2B;2021-03-19;804;195;21163;10117;11.6;5.6
2B;2021-03-20;656;36;21819;10153;12.0;5.6
2B;2021-03-21;429;36;22248;10189;12.2;5.6
2B;2021-03-22;546;125;22794;10314;12.5;5.7
2B;2021-03-23;789;259;23583;10573;12.9;5.8
2B;2021-03-24;831;215;24414;10788;13.4;5.9
2B;2021-03-25;824;164;25238;10952;13.8;6.0
2B;2021-03-26;958;192;26196;11144;14.4;6.1
2B;2021-03-27;1089;37;27285;11181;15.0;6.1
2B;2021-03-28;830;124;28115;11305;15.4;6.2
2B;2021-03-29;745;180;28860;11485;15.8;6.3
2B;2021-03-30;970;331;29830;11816;16.4;6.5
2B;2021-03-31;981;266;30811;12082;16.9;6.6
2B;2021-04-01;1003;229;31814;12311;17.5;6.8
2B;2021-04-02;966;414;32780;12725;18.0;7.0
2B;2021-04-03;1247;153;34027;12878;18.7;7.1
2B;2021-04-04;197;61;34224;12939;18.8;7.1
2B;2021-04-05;109;113;34333;13052;18.8;7.2
2B;2021-04-06;1033;362;35366;13414;19.4;7.4
2B;2021-04-07;1230;428;36596;13842;20.1;7.6
2B;2021-04-08;1128;408;37724;14250;20.7;7.8
2B;2021-04-09;1168;568;38892;14818;21.3;8.1
2B;2021-04-10;1353;267;40245;15085;22.1;8.3
2B;2021-04-11;815;65;41060;15150;22.5;8.3
2B;2021-04-12;853;559;41913;15709;23.0;8.6
2B;2021-04-13;1063;631;42976;16340;23.6;9.0
2B;2021-04-14;1047;494;44023;16834;24.2;9.2
2B;2021-04-15;886;519;44909;17353;24.6;9.5
2B;2021-04-16;910;649;45819;18002;25.1;9.9
2B;2021-04-17;386;447;46205;18449;25.4;10.1
2B;2021-04-18;253;342;46458;18791;25.5;10.3
2B;2021-04-19;822;437;47280;19228;25.9;10.5
2B;2021-04-20;899;846;48179;20074;26.4;11.0
2B;2021-04-21;1056;609;49235;20683;27.0;11.3
2B;2021-04-22;938;731;50173;21414;27.5;11.7
2B;2021-04-23;661;629;50834;22043;27.9;12.1
2B;2021-04-24;287;772;51121;22815;28.0;12.5
2B;2021-04-25;285;477;51406;23292;28.2;12.8
2B;2021-04-26;708;920;52114;24212;28.6;13.3
2B;2021-04-27;965;875;53079;25087;29.1;13.8
2B;2021-04-28;918;862;53997;25949;29.6;14.2
2B;2021-04-29;924;868;54921;26817;30.1;14.7
2B;2021-04-30;1132;832;56053;27649;30.8;15.2
2B;2021-05-01;460;1115;56513;28764;31.0;15.8
2B;2021-05-02;335;245;56848;29009;31.2;15.9
2B;2021-05-03;1017;495;57865;29504;31.7;16.2
2B;2021-05-04;809;1152;58674;30656;32.2;16.8
2B;2021-05-05;801;1376;59475;32032;32.6;17.6
2B;2021-05-06;1287;905;60762;32937;33.3;18.1
2B;2021-05-07;1062;988;61824;33925;33.9;18.6
2B;2021-05-08;459;856;62283;34781;34.2;19.1
2B;2021-05-09;394;684;62677;35465;34.4;19.5
2B;2021-05-10;926;802;63603;36267;34.9;19.9
2B;2021-05-11;933;1162;64536;37429;35.4;20.5
2B;2021-05-12;861;893;65397;38322;35.9;21.0
2B;2021-05-13;1028;377;66425;38699;36.4;21.2
2B;2021-05-14;718;579;67143;39278;36.8;21.6
2B;2021-05-15;702;353;67845;39631;37.2;21.7
2B;2021-05-16;300;180;68145;39811;37.4;21.8
2B;2021-05-17;1003;406;69148;40217;37.9;22.1
2B;2021-05-18;991;383;70139;40600;38.5;22.3
2B;2021-05-19;771;417;70910;41017;38.9;22.5
2B;2021-05-20;672;359;71582;41376;39.3;22.7
2B;2021-05-21;706;502;72288;41878;39.7;23.0
2B;2021-05-22;574;392;72862;42270;40.0;23.2
2B;2021-05-23;170;46;73032;42316;40.1;23.2
2B;2021-05-24;40;115;73072;42431;40.1;23.3
2B;2021-05-25;549;353;73621;42784;40.4;23.5
2B;2021-05-26;544;788;74165;43572;40.7;23.9
2B;2021-05-27;407;1131;74572;44703;40.9;24.5
2B;2021-05-28;553;906;75125;45609;41.2;25.0
2B;2021-05-29;312;353;75437;45962;41.4;25.2
2B;2021-05-30;46;45;75483;46007;41.4;25.2
2B;2021-05-31;376;832;75859;46839;41.6;25.7
2B;2021-06-01;414;1038;76273;47877;41.8;26.3
2B;2021-06-02;364;990;76637;48867;42.0;26.8
2B;2021-06-03;498;808;77135;49675;42.3;27.3
2B;2021-06-04;343;1255;77478;50930;42.5;27.9
2B;2021-06-05;257;494;77735;51424;42.7;28.2
2B;2021-06-06;51;129;77786;51553;42.7;28.3
2B;2021-06-07;283;948;78069;52501;42.8;28.8
2B;2021-06-08;399;1170;78468;53671;43.1;29.4
2B;2021-06-09;518;1177;78986;54848;43.3;30.1
2B;2021-06-10;367;939;79353;55787;43.5;30.6
2B;2021-06-11;432;1275;79785;57062;43.8;31.3
2B;2021-06-12;151;545;79936;57607;43.9;31.6
2B;2021-06-13;27;59;79963;57666;43.9;31.6
2B;2021-06-14;195;1115;80158;58781;44.0;32.3
2B;2021-06-15;345;1219;80503;60000;44.2;32.9
2B;2021-06-16;382;936;80885;60936;44.4;33.4
2B;2021-06-17;402;1046;81287;61982;44.6;34.0
2B;2021-06-18;348;960;81635;62942;44.8;34.5
2B;2021-06-19;142;328;81777;63270;44.9;34.7
2B;2021-06-20;44;194;81821;63464;44.9;34.8
2B;2021-06-21;265;962;82086;64426;45.0;35.3
2B;2021-06-22;316;1115;82402;65541;45.2;36.0
2B;2021-06-23;208;872;82610;66413;45.3;36.4
2B;2021-06-24;337;757;82947;67170;45.5;36.9
2B;2021-06-25;212;1076;83159;68246;45.6;37.4
2B;2021-06-26;105;550;83264;68796;45.7;37.7
2B;2021-06-27;32;215;83296;69011;45.7;37.9
2B;2021-06-28;328;954;83624;69965;45.9;38.4
2B;2021-06-29;270;988;83894;70953;46.0;38.9
2B;2021-06-30;380;950;84274;71903;46.2;39.5
2B;2021-07-01;226;509;84500;72412;46.4;39.7
2B;2021-07-02;219;557;84719;72969;46.5;40.0
2B;2021-07-03;91;397;84810;73366;46.5;40.3
2B;2021-07-04;2;0;84812;73366;46.5;40.3
2B;2021-07-05;264;666;85076;74032;46.7;40.6
2B;2021-07-06;450;707;85526;74739;46.9;41.0
2B;2021-07-07;376;908;85902;75647;47.1;41.5
2B;2021-07-08;183;348;86085;75995;47.2;41.7
2B;2021-07-09;249;374;86334;76369;47.4;41.9
2B;2021-07-10;197;199;86531;76568;47.5;42.0
2B;2021-07-11;13;14;86544;76582;47.5;42.0
2B;2021-07-12;494;747;87038;77329;47.8;42.4
2B;2021-07-13;822;1016;87860;78345;48.2;43.0
2B;2021-07-14;343;100;88203;78445;48.4;43.0
2B;2021-07-15;1269;584;89472;79029;49.1;43.4
2B;2021-07-16;1120;564;90592;79593;49.7;43.7
2B;2021-07-17;711;319;91303;79912;50.1;43.8
2B;2021-07-18;179;47;91482;79959;50.2;43.9
2B;2021-07-19;856;709;92338;80668;50.7;44.3
2B;2021-07-20;1210;683;93548;81351;51.3;44.6
2B;2021-07-21;1395;726;94943;82077;52.1;45.0
2B;2021-07-22;1327;604;96270;82681;52.8;45.4
2B;2021-07-23;1323;498;97593;83179;53.5;45.6
2B;2021-07-24;535;316;98128;83495;53.8;45.8
2B;2021-07-25;203;71;98331;83566;54.0;45.9
2B;2021-07-26;912;631;99243;84197;54.5;46.2
2B;2021-07-27;1574;710;100817;84907;55.3;46.6
2B;2021-07-28;1173;629;101990;85536;56.0;46.9
2B;2021-07-29;1140;448;103130;85984;56.6;47.2
2B;2021-07-30;762;346;103892;86330;57.0;47.4
2B;2021-07-31;536;233;104428;86563;57.3;47.5
2B;2021-08-01;230;57;104658;86620;57.4;47.5
2B;2021-08-02;797;467;105455;87087;57.9;47.8
2B;2021-08-03;1124;779;106579;87866;58.5;48.2
2B;2021-08-04;805;450;107384;88316;58.9;48.5
2B;2021-08-05;1011;555;108395;88871;59.5;48.8
2B;2021-08-06;697;522;109092;89393;59.9;49.0
2B;2021-08-07;302;406;109394;89799;60.0;49.3
2B;2021-08-08;93;142;109487;89941;60.1;49.3
2B;2021-08-09;532;743;110019;90684;60.4;49.8
2B;2021-08-10;736;1133;110755;91817;60.8;50.4
2B;2021-08-11;747;894;111502;92711;61.2;50.9
2B;2021-08-12;687;1047;112189;93758;61.6;51.4
2B;2021-08-13;486;948;112675;94706;61.8;52.0
2B;2021-08-14;196;439;112871;95145;61.9;52.2
2B;2021-08-15;116;173;112987;95318;62.0;52.3
2B;2021-08-16;506;1064;113493;96382;62.3;52.9
2B;2021-08-17;582;1305;114075;97687;62.6;53.6
2B;2021-08-18;510;1195;114585;98882;62.9;54.3
2B;2021-08-19;420;897;115005;99779;63.1;54.7
2B;2021-08-20;362;807;115367;100586;63.3;55.2
2B;2021-08-21;158;475;115525;101061;63.4;55.4
2B;2021-08-22;78;208;115603;101269;63.4;55.6
2B;2021-08-23;371;943;115974;102212;63.6;56.1
2B;2021-08-24;492;1210;116466;103422;63.9;56.7
2B;2021-08-25;336;960;116802;104382;64.1;57.3
2B;2021-08-26;365;807;117167;105189;64.3;57.7
30;2020-12-27;1;0;1;0;0.0;0.0
30;2020-12-28;1;0;2;0;0.0;0.0
30;2020-12-29;0;0;2;0;0.0;0.0
30;2020-12-30;0;0;2;0;0.0;0.0
30;2020-12-31;0;0;2;0;0.0;0.0
30;2021-01-01;0;0;2;0;0.0;0.0
30;2021-01-02;0;0;2;0;0.0;0.0
30;2021-01-03;0;0;2;0;0.0;0.0
30;2021-01-04;1;0;3;0;0.0;0.0
30;2021-01-05;3;0;6;0;0.0;0.0
30;2021-01-06;128;0;134;0;0.0;0.0
30;2021-01-07;313;0;447;0;0.1;0.0
30;2021-01-08;531;0;978;0;0.1;0.0
30;2021-01-09;270;0;1248;0;0.2;0.0
30;2021-01-10;0;0;1248;0;0.2;0.0
30;2021-01-11;537;1;1785;1;0.2;0.0
30;2021-01-12;798;3;2583;4;0.3;0.0
30;2021-01-13;640;0;3223;4;0.4;0.0
30;2021-01-14;652;5;3875;9;0.5;0.0
30;2021-01-15;756;2;4631;11;0.6;0.0
30;2021-01-16;313;0;4944;11;0.7;0.0
30;2021-01-17;3;0;4947;11;0.7;0.0
30;2021-01-18;941;5;5888;16;0.8;0.0
30;2021-01-19;1735;6;7623;22;1.0;0.0
30;2021-01-20;1303;2;8926;24;1.2;0.0
30;2021-01-21;1229;2;10155;26;1.4;0.0
30;2021-01-22;1075;5;11230;31;1.5;0.0
30;2021-01-23;634;2;11864;33;1.6;0.0
30;2021-01-24;0;0;11864;33;1.6;0.0
30;2021-01-25;831;4;12695;37;1.7;0.0
30;2021-01-26;1056;15;13751;52;1.8;0.0
30;2021-01-27;982;110;14733;162;2.0;0.0
30;2021-01-28;711;272;15444;434;2.1;0.1
30;2021-01-29;670;443;16114;877;2.2;0.1
30;2021-01-30;472;285;16586;1162;2.2;0.2
30;2021-01-31;3;7;16589;1169;2.2;0.2
30;2021-02-01;813;435;17402;1604;2.3;0.2
30;2021-02-02;1875;680;19277;2284;2.6;0.3
30;2021-02-03;1182;485;20459;2769;2.7;0.4
30;2021-02-04;968;662;21427;3431;2.9;0.5
30;2021-02-05;599;759;22026;4190;2.9;0.6
30;2021-02-06;293;262;22319;4452;3.0;0.6
30;2021-02-07;2;8;22321;4460;3.0;0.6
30;2021-02-08;574;739;22895;5199;3.1;0.7
30;2021-02-09;983;1008;23878;6207;3.2;0.8
30;2021-02-10;987;1096;24865;7303;3.3;1.0
30;2021-02-11;929;1031;25794;8334;3.4;1.1
30;2021-02-12;618;994;26412;9328;3.5;1.2
30;2021-02-13;436;383;26848;9711;3.6;1.3
30;2021-02-14;1;21;26849;9732;3.6;1.3
30;2021-02-15;449;620;27298;10352;3.6;1.4
30;2021-02-16;460;847;27758;11199;3.7;1.5
30;2021-02-17;682;621;28440;11820;3.8;1.6
30;2021-02-18;796;526;29236;12346;3.9;1.6
30;2021-02-19;574;672;29810;13018;4.0;1.7
30;2021-02-20;223;227;30033;13245;4.0;1.8
30;2021-02-21;5;3;30038;13248;4.0;1.8
30;2021-02-22;501;761;30539;14009;4.1;1.9
30;2021-02-23;974;1465;31513;15474;4.2;2.1
30;2021-02-24;927;1191;32440;16665;4.3;2.2
30;2021-02-25;1208;893;33648;17558;4.5;2.3
30;2021-02-26;1337;599;34985;18157;4.7;2.4
30;2021-02-27;564;545;35549;18702;4.7;2.5
30;2021-02-28;2;7;35551;18709;4.7;2.5
30;2021-03-01;1340;830;36891;19539;4.9;2.6
30;2021-03-02;1712;908;38603;20447;5.2;2.7
30;2021-03-03;2311;763;40914;21210;5.5;2.8
30;2021-03-04;2638;872;43552;22082;5.8;3.0
30;2021-03-05;2763;618;46315;22700;6.2;3.0
30;2021-03-06;2997;364;49312;23064;6.6;3.1
30;2021-03-07;1862;45;51174;23109;6.8;3.1
30;2021-03-08;1552;787;52726;23896;7.0;3.2
30;2021-03-09;2275;869;55001;24765;7.3;3.3
30;2021-03-10;2356;655;57357;25420;7.7;3.4
30;2021-03-11;3055;701;60412;26121;8.1;3.5
30;2021-03-12;3112;389;63524;26510;8.5;3.5
30;2021-03-13;2227;297;65751;26807;8.8;3.6
30;2021-03-14;83;3;65834;26810;8.8;3.6
30;2021-03-15;1578;567;67412;27377;9.0;3.7
30;2021-03-16;1299;1071;68711;28448;9.2;3.8
30;2021-03-17;1456;646;70167;29094;9.4;3.9
30;2021-03-18;1648;715;71815;29809;9.6;4.0
30;2021-03-19;2249;551;74064;30360;9.9;4.1
30;2021-03-20;1400;143;75464;30503;10.1;4.1
30;2021-03-21;57;8;75521;30511;10.1;4.1
30;2021-03-22;2397;721;77918;31232;10.4;4.2
30;2021-03-23;3510;812;81428;32044;10.9;4.3
30;2021-03-24;3636;820;85064;32864;11.4;4.4
30;2021-03-25;4405;848;89469;33712;12.0;4.5
30;2021-03-26;4363;644;93832;34356;12.5;4.6
30;2021-03-27;1970;379;95802;34735;12.8;4.6
30;2021-03-28;35;29;95837;34764;12.8;4.6
30;2021-03-29;2813;1651;98650;36415;13.2;4.9
30;2021-03-30;3776;1880;102426;38295;13.7;5.1
30;2021-03-31;3507;1649;105933;39944;14.2;5.3
30;2021-04-01;4015;1465;109948;41409;14.7;5.5
30;2021-04-02;3604;1228;113552;42637;15.2;5.7
30;2021-04-03;1062;1229;114614;43866;15.3;5.9
30;2021-04-04;30;188;114644;44054;15.3;5.9
30;2021-04-05;766;287;115410;44341;15.4;5.9
30;2021-04-06;3043;1577;118453;45918;15.8;6.1
30;2021-04-07;2719;1631;121172;47549;16.2;6.4
30;2021-04-08;3920;1489;125092;49038;16.7;6.6
30;2021-04-09;4889;1520;129981;50558;17.4;6.8
30;2021-04-10;2426;1178;132407;51736;17.7;6.9
30;2021-04-11;950;59;133357;51795;17.8;6.9
30;2021-04-12;3147;1491;136504;53286;18.2;7.1
30;2021-04-13;4018;1937;140522;55223;18.8;7.4
30;2021-04-14;3386;1540;143908;56763;19.2;7.6
30;2021-04-15;3830;1466;147738;58229;19.7;7.8
30;2021-04-16;3703;1536;151441;59765;20.2;8.0
30;2021-04-17;1493;957;152934;60722;20.4;8.1
30;2021-04-18;961;66;153895;60788;20.6;8.1
30;2021-04-19;2451;2298;156346;63086;20.9;8.4
30;2021-04-20;2815;2830;159161;65916;21.3;8.8
30;2021-04-21;2602;2569;161763;68485;21.6;9.2
30;2021-04-22;3524;2315;165287;70800;22.1;9.5
30;2021-04-23;3579;2308;168866;73108;22.6;9.8
30;2021-04-24;1347;1231;170213;74339;22.7;9.9
30;2021-04-25;748;90;170961;74429;22.8;9.9
30;2021-04-26;2018;2391;172979;76820;23.1;10.3
30;2021-04-27;2952;2605;175931;79425;23.5;10.6
30;2021-04-28;2837;2488;178768;81913;23.9;10.9
30;2021-04-29;3618;2324;182386;84237;24.4;11.3
30;2021-04-30;3408;2028;185794;86265;24.8;11.5
30;2021-05-01;1749;605;187543;86870;25.1;11.6
30;2021-05-02;664;245;188207;87115;25.1;11.6
30;2021-05-03;3758;2504;191965;89619;25.6;12.0
30;2021-05-04;3983;3532;195948;93151;26.2;12.4
30;2021-05-05;3945;3130;199893;96281;26.7;12.9
30;2021-05-06;4203;3362;204096;99643;27.3;13.3
30;2021-05-07;4079;3065;208175;102708;27.8;13.7
30;2021-05-08;1605;720;209780;103428;28.0;13.8
30;2021-05-09;372;613;210152;104041;28.1;13.9
30;2021-05-10;2921;3121;213073;107162;28.5;14.3
30;2021-05-11;5388;3650;218461;110812;29.2;14.8
30;2021-05-12;5301;3221;223762;114033;29.9;15.2
30;2021-05-13;3232;1027;226994;115060;30.3;15.4
30;2021-05-14;4891;2462;231885;117522;31.0;15.7
30;2021-05-15;3409;1206;235294;118728;31.4;15.9
30;2021-05-16;397;339;235691;119067;31.5;15.9
30;2021-05-17;3798;3037;239489;122104;32.0;16.3
30;2021-05-18;4828;3037;244317;125141;32.6;16.7
30;2021-05-19;4775;2549;249092;127690;33.3;17.1
30;2021-05-20;5015;2581;254107;130271;34.0;17.4
30;2021-05-21;4888;2472;258995;132743;34.6;17.7
30;2021-05-22;3158;1293;262153;134036;35.0;17.9
30;2021-05-23;288;344;262441;134380;35.1;18.0
30;2021-05-24;785;766;263226;135146;35.2;18.1
30;2021-05-25;2656;3160;265882;138306;35.5;18.5
30;2021-05-26;2889;2566;268771;140872;35.9;18.8
30;2021-05-27;3759;2718;272530;143590;36.4;19.2
30;2021-05-28;3327;3277;275857;146867;36.9;19.6
30;2021-05-29;1687;1801;277544;148668;37.1;19.9
30;2021-05-30;360;585;277904;149253;37.1;19.9
30;2021-05-31;2830;2299;280734;151552;37.5;20.2
30;2021-06-01;3659;2795;284393;154347;38.0;20.6
30;2021-06-02;3319;2454;287712;156801;38.4;20.9
30;2021-06-03;4134;3354;291846;160155;39.0;21.4
30;2021-06-04;3904;3403;295750;163558;39.5;21.9
30;2021-06-05;1907;1312;297657;164870;39.8;22.0
30;2021-06-06;684;264;298341;165134;39.9;22.1
30;2021-06-07;4724;2525;303065;167659;40.5;22.4
30;2021-06-08;4832;3326;307897;170985;41.1;22.8
30;2021-06-09;4153;2989;312050;173974;41.7;23.2
30;2021-06-10;4611;3356;316661;177330;42.3;23.7
30;2021-06-11;4585;3815;321246;181145;42.9;24.2
30;2021-06-12;2485;1710;323731;182855;43.3;24.4
30;2021-06-13;494;341;324225;183196;43.3;24.5
30;2021-06-14;2471;4710;326696;187906;43.6;25.1
30;2021-06-15;3201;5305;329897;193211;44.1;25.8
30;2021-06-16;3109;4646;333006;197857;44.5;26.4
30;2021-06-17;3924;4372;336930;202229;45.0;27.0
30;2021-06-18;3714;4696;340644;206925;45.5;27.6
30;2021-06-19;1441;2004;342085;208929;45.7;27.9
30;2021-06-20;358;490;342443;209419;45.8;28.0
30;2021-06-21;2378;4909;344821;214328;46.1;28.6
30;2021-06-22;2364;5742;347185;220070;46.4;29.4
30;2021-06-23;2528;5344;349713;225414;46.7;30.1
30;2021-06-24;2339;4706;352052;230120;47.0;30.7
30;2021-06-25;2611;5607;354663;235727;47.4;31.5
30;2021-06-26;910;2940;355573;238667;47.5;31.9
30;2021-06-27;222;527;355795;239194;47.5;32.0
30;2021-06-28;1668;6027;357463;245221;47.8;32.8
30;2021-06-29;1837;6024;359300;251245;48.0;33.6
30;2021-06-30;2002;5257;361302;256502;48.3;34.3
30;2021-07-01;2987;4723;364289;261225;48.7;34.9
30;2021-07-02;2836;4624;367125;265849;49.1;35.5
30;2021-07-03;1154;3047;368279;268896;49.2;35.9
30;2021-07-04;115;393;368394;269289;49.2;36.0
30;2021-07-05;2026;4029;370420;273318;49.5;36.5
30;2021-07-06;2663;4975;373083;278293;49.8;37.2
30;2021-07-07;2538;4220;375621;282513;50.2;37.7
30;2021-07-08;2015;3421;377636;285934;50.5;38.2
30;2021-07-09;2408;5316;380044;291250;50.8;38.9
30;2021-07-10;1502;2157;381546;293407;51.0;39.2
30;2021-07-11;47;415;381593;293822;51.0;39.3
30;2021-07-12;2527;5151;384120;298973;51.3;39.9
30;2021-07-13;3300;6034;387420;305007;51.8;40.8
30;2021-07-14;500;548;387920;305555;51.8;40.8
30;2021-07-15;4135;5475;392055;311030;52.4;41.6
30;2021-07-16;4983;5725;397038;316755;53.0;42.3
30;2021-07-17;1705;2468;398743;319223;53.3;42.7
30;2021-07-18;146;601;398889;319824;53.3;42.7
30;2021-07-19;3373;6306;402262;326130;53.7;43.6
30;2021-07-20;4641;6517;406903;332647;54.4;44.4
30;2021-07-21;4055;5409;410958;338056;54.9;45.2
30;2021-07-22;4896;5738;415854;343794;55.6;45.9
30;2021-07-23;4991;5857;420845;349651;56.2;46.7
30;2021-07-24;2238;3264;423083;352915;56.5;47.2
30;2021-07-25;136;310;423219;353225;56.5;47.2
30;2021-07-26;4407;4128;427626;357353;57.1;47.7
30;2021-07-27;4853;4643;432479;361996;57.8;48.4
30;2021-07-28;4871;4015;437350;366011;58.4;48.9
30;2021-07-29;5914;4126;443264;370137;59.2;49.5
30;2021-07-30;5333;4386;448597;374523;59.9;50.0
30;2021-07-31;2646;1961;451243;376484;60.3;50.3
30;2021-08-01;727;310;451970;376794;60.4;50.3
30;2021-08-02;3659;4013;455629;380807;60.9;50.9
30;2021-08-03;4872;3943;460501;384750;61.5;51.4
30;2021-08-04;5257;3053;465758;387803;62.2;51.8
30;2021-08-05;4605;3775;470363;391578;62.8;52.3
30;2021-08-06;4245;4072;474608;395650;63.4;52.9
30;2021-08-07;1829;1946;476437;397596;63.7;53.1
30;2021-08-08;615;278;477052;397874;63.7;53.2
30;2021-08-09;3300;3748;480352;401622;64.2;53.7
30;2021-08-10;3902;4398;484254;406020;64.7;54.2
30;2021-08-11;3374;3482;487628;409502;65.2;54.7
30;2021-08-12;3747;4223;491375;413725;65.7;55.3
30;2021-08-13;3289;3330;494664;417055;66.1;55.7
30;2021-08-14;1113;2045;495777;419100;66.2;56.0
30;2021-08-15;270;175;496047;419275;66.3;56.0
30;2021-08-16;2158;4864;498205;424139;66.6;56.7
30;2021-08-17;2710;4185;500915;428324;66.9;57.2
30;2021-08-18;2788;3820;503703;432144;67.3;57.7
30;2021-08-19;2842;4322;506545;436466;67.7;58.3
30;2021-08-20;2586;4456;509131;440922;68.0;58.9
30;2021-08-21;1009;2878;510140;443800;68.2;59.3
30;2021-08-22;222;511;510362;444311;68.2;59.4
30;2021-08-23;1668;4468;512030;448779;68.4;60.0
30;2021-08-24;1949;4516;513979;453295;68.7;60.6
30;2021-08-25;1688;4334;515667;457629;68.9;61.1
30;2021-08-26;1829;4241;517496;461870;69.1;61.7
31;2020-12-27;0;0;0;0;0.0;0.0
31;2020-12-28;1;0;1;0;0.0;0.0
31;2020-12-29;0;0;1;0;0.0;0.0
31;2020-12-30;0;0;1;0;0.0;0.0
31;2020-12-31;1;0;2;0;0.0;0.0
31;2021-01-01;4;0;6;0;0.0;0.0
31;2021-01-02;0;0;6;0;0.0;0.0
31;2021-01-03;2;0;8;0;0.0;0.0
31;2021-01-04;3;0;11;0;0.0;0.0
31;2021-01-05;50;0;61;0;0.0;0.0
31;2021-01-06;211;1;272;1;0.0;0.0
31;2021-01-07;284;1;556;2;0.0;0.0
31;2021-01-08;546;1;1102;3;0.1;0.0
31;2021-01-09;275;0;1377;3;0.1;0.0
31;2021-01-10;287;0;1664;3;0.1;0.0
31;2021-01-11;982;3;2646;6;0.2;0.0
31;2021-01-12;1192;0;3838;6;0.3;0.0
31;2021-01-13;1157;4;4995;10;0.4;0.0
31;2021-01-14;1177;18;6172;28;0.4;0.0
31;2021-01-15;1047;3;7219;31;0.5;0.0
31;2021-01-16;243;1;7462;32;0.5;0.0
31;2021-01-17;176;0;7638;32;0.5;0.0
31;2021-01-18;1614;5;9252;37;0.7;0.0
31;2021-01-19;2934;10;12186;47;0.9;0.0
31;2021-01-20;3665;12;15851;59;1.1;0.0
31;2021-01-21;2992;6;18843;65;1.3;0.0
31;2021-01-22;2271;5;21114;70;1.5;0.0
31;2021-01-23;728;2;21842;72;1.6;0.0
31;2021-01-24;212;1;22054;73;1.6;0.0
31;2021-01-25;1744;9;23798;82;1.7;0.0
31;2021-01-26;1838;61;25636;143;1.8;0.0
31;2021-01-27;1575;153;27211;296;1.9;0.0
31;2021-01-28;1385;301;28596;597;2.0;0.0
31;2021-01-29;1358;349;29954;946;2.1;0.1
31;2021-01-30;446;186;30400;1132;2.2;0.1
31;2021-01-31;61;210;30461;1342;2.2;0.1
31;2021-02-01;1159;731;31620;2073;2.3;0.1
31;2021-02-02;3037;805;34657;2878;2.5;0.2
31;2021-02-03;1917;778;36574;3656;2.6;0.3
31;2021-02-04;1809;844;38383;4500;2.7;0.3
31;2021-02-05;1340;577;39723;5077;2.8;0.4
31;2021-02-06;382;55;40105;5132;2.9;0.4
31;2021-02-07;37;41;40142;5173;2.9;0.4
31;2021-02-08;1115;667;41257;5840;2.9;0.4
31;2021-02-09;1678;1574;42935;7414;3.1;0.5
31;2021-02-10;1961;2477;44896;9891;3.2;0.7
31;2021-02-11;1814;1825;46710;11716;3.3;0.8
31;2021-02-12;1539;798;48249;12514;3.4;0.9
31;2021-02-13;504;228;48753;12742;3.5;0.9
31;2021-02-14;56;216;48809;12958;3.5;0.9
31;2021-02-15;442;1371;49251;14329;3.5;1.0
31;2021-02-16;464;1548;49715;15877;3.5;1.1
31;2021-02-17;471;1623;50186;17500;3.6;1.2
31;2021-02-18;477;1753;50663;19253;3.6;1.4
31;2021-02-19;393;1567;51056;20820;3.6;1.5
31;2021-02-20;69;530;51125;21350;3.6;1.5
31;2021-02-21;77;161;51202;21511;3.7;1.5
31;2021-02-22;433;1737;51635;23248;3.7;1.7
31;2021-02-23;865;3012;52500;26260;3.7;1.9
31;2021-02-24;653;2187;53153;28447;3.8;2.0
31;2021-02-25;1432;1844;54585;30291;3.9;2.2
31;2021-02-26;1711;1231;56296;31522;4.0;2.3
31;2021-02-27;638;403;56934;31925;4.1;2.3
31;2021-02-28;78;54;57012;31979;4.1;2.3
31;2021-03-01;872;1134;57884;33113;4.1;2.4
31;2021-03-02;1239;1668;59123;34781;4.2;2.5
31;2021-03-03;1355;1812;60478;36593;4.3;2.6
31;2021-03-04;2423;1507;62901;38100;4.5;2.7
31;2021-03-05;3054;1606;65955;39706;4.7;2.8
31;2021-03-06;2835;412;68790;40118;4.9;2.9
31;2021-03-07;5368;108;74158;40226;5.3;2.9
31;2021-03-08;1599;1095;75757;41321;5.4;2.9
31;2021-03-09;2791;1194;78548;42515;5.6;3.0
31;2021-03-10;2574;1098;81122;43613;5.8;3.1
31;2021-03-11;4379;1170;85501;44783;6.1;3.2
31;2021-03-12;5315;1200;90816;45983;6.5;3.3
31;2021-03-13;2836;507;93652;46490;6.7;3.3
31;2021-03-14;235;49;93887;46539;6.7;3.3
31;2021-03-15;2583;433;96470;46972;6.9;3.4
31;2021-03-16;1744;818;98214;47790;7.0;3.4
31;2021-03-17;1657;561;99871;48351;7.1;3.5
31;2021-03-18;1988;712;101859;49063;7.3;3.5
31;2021-03-19;3186;527;105045;49590;7.5;3.5
31;2021-03-20;1796;139;106841;49729;7.6;3.5
31;2021-03-21;210;35;107051;49764;7.6;3.6
31;2021-03-22;2577;372;109628;50136;7.8;3.6
31;2021-03-23;4055;320;113683;50456;8.1;3.6
31;2021-03-24;4356;293;118039;50749;8.4;3.6
31;2021-03-25;6039;524;124078;51273;8.9;3.7
31;2021-03-26;5464;516;129542;51789;9.2;3.7
31;2021-03-27;4350;210;133892;51999;9.6;3.7
31;2021-03-28;2291;49;136183;52048;9.7;3.7
31;2021-03-29;4206;432;140389;52480;10.0;3.7
31;2021-03-30;6594;557;146983;53037;10.5;3.8
31;2021-03-31;5648;384;152631;53421;10.9;3.8
31;2021-04-01;6963;557;159594;53978;11.4;3.9
31;2021-04-02;6102;588;165696;54566;11.8;3.9
31;2021-04-03;3927;153;169623;54719;12.1;3.9
31;2021-04-04;2059;111;171682;54830;12.3;3.9
31;2021-04-05;481;70;172163;54900;12.3;3.9
31;2021-04-06;4165;1152;176328;56052;12.6;4.0
31;2021-04-07;5986;984;182314;57036;13.0;4.1
31;2021-04-08;7568;1035;189882;58071;13.6;4.1
31;2021-04-09;8387;1258;198269;59329;14.2;4.2
31;2021-04-10;4717;543;202986;59872;14.5;4.3
31;2021-04-11;2067;139;205053;60011;14.6;4.3
31;2021-04-12;6000;1838;211053;61849;15.1;4.4
31;2021-04-13;8030;2024;219083;63873;15.6;4.6
31;2021-04-14;6650;1921;225733;65794;16.1;4.7
31;2021-04-15;7771;2240;233504;68034;16.7;4.9
31;2021-04-16;7182;2093;240686;70127;17.2;5.0
31;2021-04-17;4412;909;245098;71036;17.5;5.1
31;2021-04-18;2512;355;247610;71391;17.7;5.1
31;2021-04-19;5221;2030;252831;73421;18.0;5.2
31;2021-04-20;6072;2848;258903;76269;18.5;5.4
31;2021-04-21;5975;2800;264878;79069;18.9;5.6
31;2021-04-22;6380;3243;271258;82312;19.4;5.9
31;2021-04-23;6280;2579;277538;84891;19.8;6.1
31;2021-04-24;1614;3142;279152;88033;19.9;6.3
31;2021-04-25;687;2094;279839;90127;20.0;6.4
31;2021-04-26;3793;3225;283632;93352;20.2;6.7
31;2021-04-27;4517;3901;288149;97253;20.6;6.9
31;2021-04-28;4545;3575;292694;100828;20.9;7.2
31;2021-04-29;5184;4071;297878;104899;21.3;7.5
31;2021-04-30;5036;4135;302914;109034;21.6;7.8
31;2021-05-01;1488;3120;304402;112154;21.7;8.0
31;2021-05-02;1415;1981;305817;114135;21.8;8.1
31;2021-05-03;5656;2427;311473;116562;22.2;8.3
31;2021-05-04;4781;4742;316254;121304;22.6;8.7
31;2021-05-05;2995;5720;319249;127024;22.8;9.1
31;2021-05-06;3636;7383;322885;134407;23.0;9.6
31;2021-05-07;5257;7175;328142;141582;23.4;10.1
31;2021-05-08;3633;3104;331775;144686;23.7;10.3
31;2021-05-09;3760;2309;335535;146995;24.0;10.5
31;2021-05-10;5685;5481;341220;152476;24.4;10.9
31;2021-05-11;6661;6704;347881;159180;24.8;11.4
31;2021-05-12;6171;5939;354052;165119;25.3;11.8
31;2021-05-13;4643;2064;358695;167183;25.6;11.9
31;2021-05-14;6911;3985;365606;171168;26.1;12.2
31;2021-05-15;5144;1756;370750;172924;26.5;12.3
31;2021-05-16;3301;633;374051;173557;26.7;12.4
31;2021-05-17;5143;4149;379194;177706;27.1;12.7
31;2021-05-18;5588;4278;384782;181984;27.5;13.0
31;2021-05-19;5782;3765;390564;185749;27.9;13.3
31;2021-05-20;6474;4808;397038;190557;28.3;13.6
31;2021-05-21;5983;4612;403021;195169;28.8;13.9
31;2021-05-22;4084;1629;407105;196798;29.1;14.0
31;2021-05-23;3584;342;410689;197140;29.3;14.1
31;2021-05-24;3880;706;414569;197846;29.6;14.1
31;2021-05-25;6189;3609;420758;201455;30.0;14.4
31;2021-05-26;5609;4642;426367;206097;30.4;14.7
31;2021-05-27;4787;6202;431154;212299;30.8;15.2
31;2021-05-28;4115;6351;435269;218650;31.1;15.6
31;2021-05-29;1918;4030;437187;222680;31.2;15.9
31;2021-05-30;751;2362;437938;225042;31.3;16.1
31;2021-05-31;4398;5088;442336;230130;31.6;16.4
31;2021-06-01;5955;6566;448291;236696;32.0;16.9
31;2021-06-02;5802;6315;454093;243011;32.4;17.3
31;2021-06-03;7309;8145;461402;251156;32.9;17.9
31;2021-06-04;7544;7169;468946;258325;33.5;18.4
31;2021-06-05;9078;2772;478024;261097;34.1;18.6
31;2021-06-06;8113;1581;486137;262678;34.7;18.8
31;2021-06-07;7989;5470;494126;268148;35.3;19.1
31;2021-06-08;9105;6055;503231;274203;35.9;19.6
31;2021-06-09;8921;5555;512152;279758;36.6;20.0
31;2021-06-10;9784;6364;521936;286122;37.3;20.4
31;2021-06-11;10049;6642;531985;292764;38.0;20.9
31;2021-06-12;8792;3021;540777;295785;38.6;21.1
31;2021-06-13;8375;2017;549152;297802;39.2;21.3
31;2021-06-14;8432;6735;557584;304537;39.8;21.7
31;2021-06-15;9779;7446;567363;311983;40.5;22.3
31;2021-06-16;8735;5262;576098;317245;41.1;22.6
31;2021-06-17;8275;6607;584373;323852;41.7;23.1
31;2021-06-18;8553;7752;592926;331604;42.3;23.7
31;2021-06-19;7366;5437;600292;337041;42.8;24.1
31;2021-06-20;5572;3725;605864;340766;43.2;24.3
31;2021-06-21;5376;6919;611240;347685;43.6;24.8
31;2021-06-22;4986;8222;616226;355907;44.0;25.4
31;2021-06-23;5109;7279;621335;363186;44.4;25.9
31;2021-06-24;4634;8322;625969;371508;44.7;26.5
31;2021-06-25;5017;9310;630986;380818;45.0;27.2
31;2021-06-26;4283;6399;635269;387217;45.3;27.6
31;2021-06-27;3597;4105;638866;391322;45.6;27.9
31;2021-06-28;4101;6650;642967;397972;45.9;28.4
31;2021-06-29;3799;7569;646766;405541;46.2;28.9
31;2021-06-30;4279;7812;651045;413353;46.5;29.5
31;2021-07-01;4092;8468;655137;421821;46.8;30.1
31;2021-07-02;4109;9324;659246;431145;47.1;30.8
31;2021-07-03;4099;6111;663345;437256;47.4;31.2
31;2021-07-04;3204;4812;666549;442068;47.6;31.6
31;2021-07-05;4056;7098;670605;449166;47.9;32.1
31;2021-07-06;3888;8369;674493;457535;48.1;32.7
31;2021-07-07;3960;7965;678453;465500;48.4;33.2
31;2021-07-08;4052;8541;682505;474041;48.7;33.8
31;2021-07-09;4461;8799;686966;482840;49.0;34.5
31;2021-07-10;3919;5497;690885;488337;49.3;34.9
31;2021-07-11;3138;4131;694023;492468;49.5;35.2
31;2021-07-12;3823;8628;697846;501096;49.8;35.8
31;2021-07-13;6921;9434;704767;510530;50.3;36.4
31;2021-07-14;6162;3928;710929;514458;50.7;36.7
31;2021-07-15;8515;9433;719444;523891;51.4;37.4
31;2021-07-16;7772;9910;727216;533801;51.9;38.1
31;2021-07-17;8361;10542;735577;544343;52.5;38.9
31;2021-07-18;6626;9465;742203;553808;53.0;39.5
31;2021-07-19;4790;10771;746993;564579;53.3;40.3
31;2021-07-20;7158;11475;754151;576054;53.8;41.1
31;2021-07-21;7039;11526;761190;587580;54.3;41.9
31;2021-07-22;8157;11753;769347;599333;54.9;42.8
31;2021-07-23;7464;11812;776811;611145;55.4;43.6
31;2021-07-24;10305;10546;787116;621691;56.2;44.4
31;2021-07-25;7560;8796;794676;630487;56.7;45.0
31;2021-07-26;5520;9537;800196;640024;57.1;45.7
31;2021-07-27;7954;9190;808150;649214;57.7;46.3
31;2021-07-28;8673;8267;816823;657481;58.3;46.9
31;2021-07-29;8842;8036;825665;665517;58.9;47.5
31;2021-07-30;7656;7986;833321;673503;59.5;48.1
31;2021-07-31;5994;7393;839315;680896;59.9;48.6
31;2021-08-01;4412;4298;843727;685194;60.2;48.9
31;2021-08-02;5477;5415;849204;690609;60.6;49.3
31;2021-08-03;5850;5185;855054;695794;61.0;49.7
31;2021-08-04;5885;4800;860939;700594;61.5;50.0
31;2021-08-05;5557;7226;866496;707820;61.9;50.5
31;2021-08-06;5262;7333;871758;715153;62.2;51.0
31;2021-08-07;4571;6643;876329;721796;62.6;51.5
31;2021-08-08;3366;5569;879695;727365;62.8;51.9
31;2021-08-09;4370;7016;884065;734381;63.1;52.4
31;2021-08-10;4631;6278;888696;740659;63.4;52.9
31;2021-08-11;4507;5858;893203;746517;63.8;53.3
31;2021-08-12;4498;6748;897701;753265;64.1;53.8
31;2021-08-13;4113;6189;901814;759454;64.4;54.2
31;2021-08-14;3027;6456;904841;765910;64.6;54.7
31;2021-08-15;1288;4094;906129;770004;64.7;55.0
31;2021-08-16;3199;8118;909328;778122;64.9;55.5
31;2021-08-17;3402;7095;912730;785217;65.2;56.0
31;2021-08-18;3299;6999;916029;792216;65.4;56.5
31;2021-08-19;2951;6984;918980;799200;65.6;57.0
31;2021-08-20;2949;7382;921929;806582;65.8;57.6
31;2021-08-21;1966;6786;923895;813368;65.9;58.1
31;2021-08-22;1482;5631;925377;818999;66.1;58.5
31;2021-08-23;2329;7720;927706;826719;66.2;59.0
31;2021-08-24;2532;6157;930238;832876;66.4;59.5
31;2021-08-25;2353;5716;932591;838592;66.6;59.9
31;2021-08-26;2218;5770;934809;844362;66.7;60.3
32;2020-12-27;0;0;0;0;0.0;0.0
32;2020-12-28;0;0;0;0;0.0;0.0
32;2020-12-29;0;0;0;0;0.0;0.0
32;2020-12-30;0;0;0;0;0.0;0.0
32;2020-12-31;0;0;0;0;0.0;0.0
32;2021-01-01;0;0;0;0;0.0;0.0
32;2021-01-02;0;0;0;0;0.0;0.0
32;2021-01-03;1;0;1;0;0.0;0.0
32;2021-01-04;3;0;4;0;0.0;0.0
32;2021-01-05;1;0;5;0;0.0;0.0
32;2021-01-06;2;0;7;0;0.0;0.0
32;2021-01-07;155;0;162;0;0.1;0.0
32;2021-01-08;70;0;232;0;0.1;0.0
32;2021-01-09;5;0;237;0;0.1;0.0
32;2021-01-10;1;0;238;0;0.1;0.0
32;2021-01-11;11;0;249;0;0.1;0.0
32;2021-01-12;96;0;345;0;0.2;0.0
32;2021-01-13;325;0;670;0;0.4;0.0
32;2021-01-14;378;3;1048;3;0.6;0.0
32;2021-01-15;448;1;1496;4;0.8;0.0
32;2021-01-16;16;2;1512;6;0.8;0.0
32;2021-01-17;1;0;1513;6;0.8;0.0
32;2021-01-18;345;1;1858;7;1.0;0.0
32;2021-01-19;418;0;2276;7;1.2;0.0
32;2021-01-20;358;0;2634;7;1.4;0.0
32;2021-01-21;582;0;3216;7;1.7;0.0
32;2021-01-22;372;0;3588;7;1.9;0.0
32;2021-01-23;180;0;3768;7;2.0;0.0
32;2021-01-24;5;0;3773;7;2.0;0.0
32;2021-01-25;468;1;4241;8;2.2;0.0
32;2021-01-26;608;0;4849;8;2.6;0.0
32;2021-01-27;702;4;5551;12;2.9;0.0
32;2021-01-28;687;15;6238;27;3.3;0.0
32;2021-01-29;460;53;6698;80;3.5;0.0
32;2021-01-30;260;0;6958;80;3.7;0.0
32;2021-01-31;4;5;6962;85;3.7;0.0
32;2021-02-01;288;58;7250;143;3.8;0.1
32;2021-02-02;638;139;7888;282;4.2;0.1
32;2021-02-03;338;200;8226;482;4.3;0.3
32;2021-02-04;426;279;8652;761;4.6;0.4
32;2021-02-05;348;360;9000;1121;4.7;0.6
32;2021-02-06;147;0;9147;1121;4.8;0.6
32;2021-02-07;0;36;9147;1157;4.8;0.6
32;2021-02-08;278;121;9425;1278;5.0;0.7
32;2021-02-09;309;229;9734;1507;5.1;0.8
32;2021-02-10;271;254;10005;1761;5.3;0.9
32;2021-02-11;382;317;10387;2078;5.5;1.1
32;2021-02-12;297;279;10684;2357;5.6;1.2
32;2021-02-13;249;1;10933;2358;5.8;1.2
32;2021-02-14;0;28;10933;2386;5.8;1.3
32;2021-02-15;25;212;10958;2598;5.8;1.4
32;2021-02-16;393;367;11351;2965;6.0;1.6
32;2021-02-17;191;474;11542;3439;6.1;1.8
32;2021-02-18;331;494;11873;3933;6.2;2.1
32;2021-02-19;184;278;12057;4211;6.3;2.2
32;2021-02-20;1;120;12058;4331;6.3;2.3
32;2021-02-21;0;0;12058;4331;6.3;2.3
32;2021-02-22;158;385;12216;4716;6.4;2.5
32;2021-02-23;431;567;12647;5283;6.7;2.8
32;2021-02-24;277;380;12924;5663;6.8;3.0
32;2021-02-25;481;518;13405;6181;7.1;3.3
32;2021-02-26;444;385;13849;6566;7.3;3.5
32;2021-02-27;157;246;14006;6812;7.4;3.6
32;2021-02-28;4;0;14010;6812;7.4;3.6
32;2021-03-01;51;300;14061;7112;7.4;3.7
32;2021-03-02;414;446;14475;7558;7.6;4.0
32;2021-03-03;276;292;14751;7850;7.8;4.1
32;2021-03-04;540;338;15291;8188;8.0;4.3
32;2021-03-05;437;249;15728;8437;8.3;4.4
32;2021-03-06;522;167;16250;8604;8.6;4.5
32;2021-03-07;25;5;16275;8609;8.6;4.5
32;2021-03-08;234;291;16509;8900;8.7;4.7
32;2021-03-09;643;329;17152;9229;9.0;4.9
32;2021-03-10;482;329;17634;9558;9.3;5.0
32;2021-03-11;854;293;18488;9851;9.7;5.2
32;2021-03-12;882;340;19370;10191;10.2;5.4
32;2021-03-13;492;248;19862;10439;10.5;5.5
32;2021-03-14;1;0;19863;10439;10.5;5.5
32;2021-03-15;267;26;20130;10465;10.6;5.5
32;2021-03-16;314;309;20444;10774;10.8;5.7
32;2021-03-17;150;156;20594;10930;10.8;5.8
32;2021-03-18;375;308;20969;11238;11.0;5.9
32;2021-03-19;404;182;21373;11420;11.2;6.0
32;2021-03-20;136;33;21509;11453;11.3;6.0
32;2021-03-21;0;0;21509;11453;11.3;6.0
32;2021-03-22;340;170;21849;11623;11.5;6.1
32;2021-03-23;560;399;22409;12022;11.8;6.3
32;2021-03-24;643;270;23052;12292;12.1;6.5
32;2021-03-25;899;416;23951;12708;12.6;6.7
32;2021-03-26;657;294;24608;13002;12.9;6.8
32;2021-03-27;165;3;24773;13005;13.0;6.8
32;2021-03-28;1;1;24774;13006;13.0;6.8
32;2021-03-29;371;48;25145;13054;13.2;6.9
32;2021-03-30;766;290;25911;13344;13.6;7.0
32;2021-03-31;654;173;26565;13517;14.0;7.1
32;2021-04-01;1238;321;27803;13838;14.6;7.3
32;2021-04-02;575;167;28378;14005;14.9;7.4
32;2021-04-03;114;0;28492;14005;15.0;7.4
32;2021-04-04;0;0;28492;14005;15.0;7.4
32;2021-04-05;0;0;28492;14005;15.0;7.4
32;2021-04-06;2646;311;31138;14316;16.4;7.5
32;2021-04-07;1178;204;32316;14520;17.0;7.6
32;2021-04-08;1736;406;34052;14926;17.9;7.9
32;2021-04-09;883;218;34935;15144;18.4;8.0
32;2021-04-10;808;29;35743;15173;18.8;8.0
32;2021-04-11;14;0;35757;15173;18.8;8.0
32;2021-04-12;477;23;36234;15196;19.1;8.0
32;2021-04-13;2469;386;38703;15582;20.4;8.2
32;2021-04-14;1227;263;39930;15845;21.0;8.3
32;2021-04-15;1704;392;41634;16237;21.9;8.5
32;2021-04-16;638;282;42272;16519;22.2;8.7
32;2021-04-17;783;38;43055;16557;22.7;8.7
32;2021-04-18;13;1;43068;16558;22.7;8.7
32;2021-04-19;502;46;43570;16604;22.9;8.7
32;2021-04-20;2472;390;46042;16994;24.2;8.9
32;2021-04-21;1010;303;47052;17297;24.8;9.1
32;2021-04-22;1662;321;48714;17618;25.6;9.3
32;2021-04-23;549;159;49263;17777;25.9;9.4
32;2021-04-24;1391;55;50654;17832;26.7;9.4
32;2021-04-25;0;11;50654;17843;26.7;9.4
32;2021-04-26;387;359;51041;18202;26.9;9.6
32;2021-04-27;2552;553;53593;18755;28.2;9.9
32;2021-04-28;971;356;54564;19111;28.7;10.1
32;2021-04-29;1009;885;55573;19996;29.2;10.5
32;2021-04-30;453;362;56026;20358;29.5;10.7
32;2021-05-01;2607;96;58633;20454;30.9;10.8
32;2021-05-02;0;0;58633;20454;30.9;10.8
32;2021-05-03;171;321;58804;20775;30.9;10.9
32;2021-05-04;792;2496;59596;23271;31.4;12.2
32;2021-05-05;2360;1099;61956;24370;32.6;12.8
32;2021-05-06;516;1660;62472;26030;32.9;13.7
32;2021-05-07;2286;538;64758;26568;34.1;14.0
32;2021-05-08;71;516;64829;27084;34.1;14.3
32;2021-05-09;21;179;64850;27263;34.1;14.3
32;2021-05-10;1993;551;66843;27814;35.2;14.6
32;2021-05-11;651;2276;67494;30090;35.5;15.8
32;2021-05-12;2313;1139;69807;31229;36.7;16.4
32;2021-05-13;281;1416;70088;32645;36.9;17.2
32;2021-05-14;2222;327;72310;32972;38.0;17.4
32;2021-05-15;134;712;72444;33684;38.1;17.7
32;2021-05-16;2;0;72446;33684;38.1;17.7
32;2021-05-17;353;170;72799;33854;38.3;17.8
32;2021-05-18;1642;297;74441;34151;39.2;18.0
32;2021-05-19;2474;273;76915;34424;40.5;18.1
32;2021-05-20;2887;471;79802;34895;42.0;18.4
32;2021-05-21;2535;501;82337;35396;43.3;18.6
32;2021-05-22;334;111;82671;35507;43.5;18.7
32;2021-05-23;2;13;82673;35520;43.5;18.7
32;2021-05-24;3;0;82676;35520;43.5;18.7
32;2021-05-25;1983;374;84659;35894;44.5;18.9
32;2021-05-26;2548;556;87207;36450;45.9;19.2
32;2021-05-27;2877;626;90084;37076;47.4;19.5
32;2021-05-28;2310;766;92394;37842;48.6;19.9
32;2021-05-29;372;312;92766;38154;48.8;20.1
32;2021-05-30;4;6;92770;38160;48.8;20.1
32;2021-05-31;1414;625;94184;38785;49.6;20.4
32;2021-06-01;565;2889;94749;41674;49.9;21.9
32;2021-06-02;1579;1354;96328;43028;50.7;22.6
32;2021-06-03;396;2086;96724;45114;50.9;23.7
32;2021-06-04;1837;830;98561;45944;51.9;24.2
32;2021-06-05;206;1660;98767;47604;52.0;25.0
32;2021-06-06;8;14;98775;47618;52.0;25.1
32;2021-06-07;103;418;98878;48036;52.0;25.3
32;2021-06-08;663;2541;99541;50577;52.4;26.6
32;2021-06-09;1191;1054;100732;51631;53.0;27.2
32;2021-06-10;686;1226;101418;52857;53.4;27.8
32;2021-06-11;926;663;102344;53520;53.9;28.2
32;2021-06-12;150;2679;102494;56199;53.9;29.6
32;2021-06-13;1;1;102495;56200;53.9;29.6
32;2021-06-14;529;210;103024;56410;54.2;29.7
32;2021-06-15;1735;1027;104759;57437;55.1;30.2
32;2021-06-16;850;2777;105609;60214;55.6;31.7
32;2021-06-17;860;829;106469;61043;56.0;32.1
32;2021-06-18;315;2724;106784;63767;56.2;33.6
32;2021-06-19;914;436;107698;64203;56.7;33.8
32;2021-06-20;5;13;107703;64216;56.7;33.8
32;2021-06-21;67;1994;107770;66210;56.7;34.8
32;2021-06-22;1043;970;108813;67180;57.3;35.4
32;2021-06-23;516;2183;109329;69363;57.5;36.5
32;2021-06-24;528;520;109857;69883;57.8;36.8
32;2021-06-25;501;2359;110358;72242;58.1;38.0
32;2021-06-26;108;171;110466;72413;58.1;38.1
32;2021-06-27;2;5;110468;72418;58.1;38.1
32;2021-06-28;630;603;111098;73021;58.5;38.4
32;2021-06-29;800;1985;111898;75006;58.9;39.5
32;2021-06-30;757;2725;112655;77731;59.3;40.9
32;2021-07-01;540;2640;113195;80371;59.6;42.3
32;2021-07-02;641;2335;113836;82706;59.9;43.5
32;2021-07-03;482;506;114318;83212;60.2;43.8
32;2021-07-04;1;12;114319;83224;60.2;43.8
32;2021-07-05;76;391;114395;83615;60.2;44.0
32;2021-07-06;880;2079;115275;85694;60.7;45.1
32;2021-07-07;781;2757;116056;88451;61.1;46.5
32;2021-07-08;478;2267;116534;90718;61.3;47.7
32;2021-07-09;615;2226;117149;92944;61.6;48.9
32;2021-07-10;537;521;117686;93465;61.9;49.2
32;2021-07-11;0;5;117686;93470;61.9;49.2
32;2021-07-12;526;1243;118212;94713;62.2;49.8
32;2021-07-13;1697;1817;119909;96530;63.1;50.8
32;2021-07-14;491;35;120400;96565;63.4;50.8
32;2021-07-15;2093;890;122493;97455;64.5;51.3
32;2021-07-16;1169;1911;123662;99366;65.1;52.3
32;2021-07-17;78;129;123740;99495;65.1;52.4
32;2021-07-18;2;5;123742;99500;65.1;52.4
32;2021-07-19;1995;147;125737;99647;66.2;52.4
32;2021-07-20;2039;1267;127776;100914;67.2;53.1
32;2021-07-21;1612;1690;129388;102604;68.1;54.0
32;2021-07-22;1947;509;131335;103113;69.1;54.3
32;2021-07-23;1407;1730;132742;104843;69.8;55.2
32;2021-07-24;139;118;132881;104961;69.9;55.2
32;2021-07-25;34;10;132915;104971;69.9;55.2
32;2021-07-26;1070;1071;133985;106042;70.5;55.8
32;2021-07-27;1727;2096;135712;108138;71.4;56.9
32;2021-07-28;692;975;136404;109113;71.8;57.4
32;2021-07-29;1687;1599;138091;110712;72.7;58.3
32;2021-07-30;363;349;138454;111061;72.9;58.4
32;2021-07-31;186;351;138640;111412;73.0;58.6
32;2021-08-01;18;4;138658;111416;73.0;58.6
32;2021-08-02;80;76;138738;111492;73.0;58.7
32;2021-08-03;1176;1790;139914;113282;73.6;59.6
32;2021-08-04;630;654;140544;113936;74.0;60.0
32;2021-08-05;1105;1936;141649;115872;74.5;61.0
32;2021-08-06;560;494;142209;116366;74.8;61.2
32;2021-08-07;148;93;142357;116459;74.9;61.3
32;2021-08-08;0;0;142357;116459;74.9;61.3
32;2021-08-09;260;1823;142617;118282;75.0;62.2
32;2021-08-10;712;2081;143329;120363;75.4;63.3
32;2021-08-11;576;446;143905;120809;75.7;63.6
32;2021-08-12;932;2102;144837;122911;76.2;64.7
32;2021-08-13;177;251;145014;123162;76.3;64.8
32;2021-08-14;111;119;145125;123281;76.4;64.9
32;2021-08-15;12;21;145137;123302;76.4;64.9
32;2021-08-16;41;39;145178;123341;76.4;64.9
32;2021-08-17;573;2300;145751;125641;76.7;66.1
32;2021-08-18;309;558;146060;126199;76.9;66.4
32;2021-08-19;953;1410;147013;127609;77.4;67.1
32;2021-08-20;152;165;147165;127774;77.4;67.2
32;2021-08-21;149;189;147314;127963;77.5;67.3
32;2021-08-22;8;3;147322;127966;77.5;67.3
32;2021-08-23;41;100;147363;128066;77.5;67.4
32;2021-08-24;582;1447;147945;129513;77.8;68.2
32;2021-08-25;92;191;148037;129704;77.9;68.3
32;2021-08-26;320;2258;148357;131962;78.1;69.4
33;2020-12-27;2;0;2;0;0.0;0.0
33;2020-12-28;3;0;5;0;0.0;0.0
33;2020-12-29;0;0;5;0;0.0;0.0
33;2020-12-30;0;0;5;0;0.0;0.0
33;2020-12-31;0;0;5;0;0.0;0.0
33;2021-01-01;0;0;5;0;0.0;0.0
33;2021-01-02;1;0;6;0;0.0;0.0
33;2021-01-03;0;0;6;0;0.0;0.0
33;2021-01-04;2;0;8;0;0.0;0.0
33;2021-01-05;2;0;10;0;0.0;0.0
33;2021-01-06;134;0;144;0;0.0;0.0
33;2021-01-07;1308;1;1452;1;0.1;0.0
33;2021-01-08;1199;3;2651;4;0.2;0.0
33;2021-01-09;298;1;2949;5;0.2;0.0
33;2021-01-10;229;0;3178;5;0.2;0.0
33;2021-01-11;627;0;3805;5;0.2;0.0
33;2021-01-12;1417;2;5222;7;0.3;0.0
33;2021-01-13;1313;9;6535;16;0.4;0.0
33;2021-01-14;1285;13;7820;29;0.5;0.0
33;2021-01-15;1607;11;9427;40;0.6;0.0
33;2021-01-16;566;8;9993;48;0.6;0.0
33;2021-01-17;406;4;10399;52;0.6;0.0
33;2021-01-18;1222;11;11621;63;0.7;0.0
33;2021-01-19;2924;4;14545;67;0.9;0.0
33;2021-01-20;3401;9;17946;76;1.1;0.0
33;2021-01-21;2858;5;20804;81;1.3;0.0
33;2021-01-22;2323;8;23127;89;1.4;0.0
33;2021-01-23;852;2;23979;91;1.5;0.0
33;2021-01-24;529;2;24508;93;1.5;0.0
33;2021-01-25;2170;60;26678;153;1.6;0.0
33;2021-01-26;2242;161;28920;314;1.8;0.0
33;2021-01-27;2258;207;31178;521;1.9;0.0
33;2021-01-28;2157;439;33335;960;2.0;0.1
33;2021-01-29;1820;687;35155;1647;2.2;0.1
33;2021-01-30;704;172;35859;1819;2.2;0.1
33;2021-01-31;388;157;36247;1976;2.2;0.1
33;2021-02-01;1456;647;37703;2623;2.3;0.2
33;2021-02-02;2643;1107;40346;3730;2.5;0.2
33;2021-02-03;2909;867;43255;4597;2.6;0.3
33;2021-02-04;4030;1351;47285;5948;2.9;0.4
33;2021-02-05;2188;1166;49473;7114;3.0;0.4
33;2021-02-06;643;199;50116;7313;3.1;0.4
33;2021-02-07;218;231;50334;7544;3.1;0.5
33;2021-02-08;1263;754;51597;8298;3.2;0.5
33;2021-02-09;1324;1684;52921;9982;3.2;0.6
33;2021-02-10;1263;1747;54184;11729;3.3;0.7
33;2021-02-11;1301;1441;55485;13170;3.4;0.8
33;2021-02-12;1115;1256;56600;14426;3.5;0.9
33;2021-02-13;203;294;56803;14720;3.5;0.9
33;2021-02-14;47;246;56850;14966;3.5;0.9
33;2021-02-15;685;1724;57535;16690;3.5;1.0
33;2021-02-16;811;2046;58346;18736;3.6;1.1
33;2021-02-17;667;2042;59013;20778;3.6;1.3
33;2021-02-18;898;2253;59911;23031;3.7;1.4
33;2021-02-19;915;2014;60826;25045;3.7;1.5
33;2021-02-20;77;656;60903;25701;3.7;1.6
33;2021-02-21;37;463;60940;26164;3.7;1.6
33;2021-02-22;706;1889;61646;28053;3.8;1.7
33;2021-02-23;1230;2742;62876;30795;3.8;1.9
33;2021-02-24;1396;2524;64272;33319;3.9;2.0
33;2021-02-25;2829;3757;67101;37076;4.1;2.3
33;2021-02-26;4054;2330;71155;39406;4.4;2.4
33;2021-02-27;1359;723;72514;40129;4.4;2.5
33;2021-02-28;126;518;72640;40647;4.4;2.5
33;2021-03-01;1533;1853;74173;42500;4.5;2.6
33;2021-03-02;2323;1745;76496;44245;4.7;2.7
33;2021-03-03;2305;1702;78801;45947;4.8;2.8
33;2021-03-04;3933;1668;82734;47615;5.1;2.9
33;2021-03-05;5758;1739;88492;49354;5.4;3.0
33;2021-03-06;3414;563;91906;49917;5.6;3.1
33;2021-03-07;741;160;92647;50077;5.7;3.1
33;2021-03-08;2713;1155;95360;51232;5.8;3.1
33;2021-03-09;4400;1341;99760;52573;6.1;3.2
33;2021-03-10;5120;1235;104880;53808;6.4;3.3
33;2021-03-11;7542;1234;112422;55042;6.9;3.4
33;2021-03-12;10115;1167;122537;56209;7.5;3.4
33;2021-03-13;5154;214;127691;56423;7.8;3.5
33;2021-03-14;715;27;128406;56450;7.9;3.5
33;2021-03-15;4439;684;132845;57134;8.1;3.5
33;2021-03-16;3582;878;136427;58012;8.4;3.6
33;2021-03-17;3638;948;140065;58960;8.6;3.6
33;2021-03-18;4038;1413;144103;60373;8.8;3.7
33;2021-03-19;6271;1031;150374;61404;9.2;3.8
33;2021-03-20;3368;102;153742;61506;9.4;3.8
33;2021-03-21;461;29;154203;61535;9.4;3.8
33;2021-03-22;4900;450;159103;61985;9.7;3.8
33;2021-03-23;6321;608;165424;62593;10.1;3.8
33;2021-03-24;7076;525;172500;63118;10.6;3.9
33;2021-03-25;8840;657;181340;63775;11.1;3.9
33;2021-03-26;10038;855;191378;64630;11.7;4.0
33;2021-03-27;3619;83;194997;64713;11.9;4.0
33;2021-03-28;577;33;195574;64746;12.0;4.0
33;2021-03-29;6769;702;202343;65448;12.4;4.0
33;2021-03-30;8100;1040;210443;66488;12.9;4.1
33;2021-03-31;7578;1073;218021;67561;13.3;4.1
33;2021-04-01;8818;1195;226839;68756;13.9;4.2
33;2021-04-02;8402;1559;235241;70315;14.4;4.3
33;2021-04-03;2832;525;238073;70840;14.6;4.3
33;2021-04-04;218;160;238291;71000;14.6;4.3
33;2021-04-05;691;122;238982;71122;14.6;4.4
33;2021-04-06;6049;2701;245031;73823;15.0;4.5
33;2021-04-07;7420;2568;252451;76391;15.5;4.7
33;2021-04-08;10323;2783;262774;79174;16.1;4.8
33;2021-04-09;12686;3094;275460;82268;16.9;5.0
33;2021-04-10;5356;1392;280816;83660;17.2;5.1
33;2021-04-11;1002;354;281818;84014;17.3;5.1
33;2021-04-12;7423;3279;289241;87293;17.7;5.3
33;2021-04-13;9316;3479;298557;90772;18.3;5.6
33;2021-04-14;9040;3651;307597;94423;18.8;5.8
33;2021-04-15;10108;3876;317705;98299;19.5;6.0
33;2021-04-16;9720;4224;327425;102523;20.0;6.3
33;2021-04-17;4653;1661;332078;104184;20.3;6.4
33;2021-04-18;929;413;333007;104597;20.4;6.4
33;2021-04-19;5615;3843;338622;108440;20.7;6.6
33;2021-04-20;7293;4267;345915;112707;21.2;6.9
33;2021-04-21;6596;4353;352511;117060;21.6;7.2
33;2021-04-22;7345;4477;359856;121537;22.0;7.4
33;2021-04-23;7706;4819;367562;126356;22.5;7.7
33;2021-04-24;4500;1801;372062;128157;22.8;7.8
33;2021-04-25;1651;418;373713;128575;22.9;7.9
33;2021-04-26;5265;5086;378978;133661;23.2;8.2
33;2021-04-27;6577;5628;385555;139289;23.6;8.5
33;2021-04-28;6783;5568;392338;144857;24.0;8.9
33;2021-04-29;8423;6243;400761;151100;24.5;9.3
33;2021-04-30;8738;6125;409499;157225;25.1;9.6
33;2021-05-01;2901;514;412400;157739;25.2;9.7
33;2021-05-02;1834;346;414234;158085;25.4;9.7
33;2021-05-03;7017;5222;421251;163307;25.8;10.0
33;2021-05-04;6828;6671;428079;169978;26.2;10.4
33;2021-05-05;7142;7570;435221;177548;26.6;10.9
33;2021-05-06;8704;8243;443925;185791;27.2;11.4
33;2021-05-07;8607;8914;452532;194705;27.7;11.9
33;2021-05-08;3541;1604;456073;196309;27.9;12.0
33;2021-05-09;1117;969;457190;197278;28.0;12.1
33;2021-05-10;6876;7316;464066;204594;28.4;12.5
33;2021-05-11;8637;7833;472703;212427;28.9;13.0
33;2021-05-12;9171;6698;481874;219125;29.5;13.4
33;2021-05-13;5209;2112;487083;221237;29.8;13.5
33;2021-05-14;8129;5359;495212;226596;30.3;13.9
33;2021-05-15;5182;2877;500394;229473;30.6;14.0
33;2021-05-16;1842;804;502236;230277;30.7;14.1
33;2021-05-17;8859;5109;511095;235386;31.3;14.4
33;2021-05-18;10622;4890;521717;240276;31.9;14.7
33;2021-05-19;10905;4795;532622;245071;32.6;15.0
33;2021-05-20;10911;5593;543533;250664;33.3;15.3
33;2021-05-21;10918;6259;554451;256923;33.9;15.7
33;2021-05-22;5123;2755;559574;259678;34.3;15.9
33;2021-05-23;1748;384;561322;260062;34.4;15.9
33;2021-05-24;5413;999;566735;261061;34.7;16.0
33;2021-05-25;9388;5773;576123;266834;35.3;16.3
33;2021-05-26;9678;6042;585801;272876;35.9;16.7
33;2021-05-27;10907;7738;596708;280614;36.5;17.2
33;2021-05-28;10066;9529;606774;290143;37.1;17.8
33;2021-05-29;5042;4117;611816;294260;37.5;18.0
33;2021-05-30;1703;668;613519;294928;37.6;18.1
33;2021-05-31;8558;6427;622077;301355;38.1;18.4
33;2021-06-01;11807;8725;633884;310080;38.8;19.0
33;2021-06-02;11710;8228;645594;318308;39.5;19.5
33;2021-06-03;12714;9206;658308;327514;40.3;20.1
33;2021-06-04;12938;10960;671246;338474;41.1;20.7
33;2021-06-05;5278;5066;676524;343540;41.4;21.0
33;2021-06-06;2526;1192;679050;344732;41.6;21.1
33;2021-06-07;9760;8503;688810;353235;42.2;21.6
33;2021-06-08;11937;9463;700747;362698;42.9;22.2
33;2021-06-09;11776;8537;712523;371235;43.6;22.7
33;2021-06-10;12953;8392;725476;379627;44.4;23.2
33;2021-06-11;12519;11171;737995;390798;45.2;23.9
33;2021-06-12;6189;4476;744184;395274;45.6;24.2
33;2021-06-13;2614;1283;746798;396557;45.7;24.3
33;2021-06-14;8581;10153;755379;406710;46.2;24.9
33;2021-06-15;12059;10279;767438;416989;47.0;25.5
33;2021-06-16;12054;8871;779492;425860;47.7;26.1
33;2021-06-17;13111;9616;792603;435476;48.5;26.7
33;2021-06-18;11797;11442;804400;446918;49.2;27.4
33;2021-06-19;5611;4816;810011;451734;49.6;27.7
33;2021-06-20;2947;1475;812958;453209;49.8;27.7
33;2021-06-21;7874;10165;820832;463374;50.3;28.4
33;2021-06-22;9062;11089;829894;474463;50.8;29.0
33;2021-06-23;8664;10851;838558;485314;51.3;29.7
33;2021-06-24;9746;9982;848304;495296;51.9;30.3
33;2021-06-25;8045;13718;856349;509014;52.4;31.2
33;2021-06-26;4341;5919;860690;514933;52.7;31.5
33;2021-06-27;2468;1961;863158;516894;52.8;31.6
33;2021-06-28;4873;12770;868031;529664;53.1;32.4
33;2021-06-29;6444;13654;874475;543318;53.5;33.3
33;2021-06-30;6682;13397;881157;556715;53.9;34.1
33;2021-07-01;8052;11817;889209;568532;54.4;34.8
33;2021-07-02;6848;15112;896057;583644;54.9;35.7
33;2021-07-03;3223;6784;899280;590428;55.1;36.1
33;2021-07-04;2066;2378;901346;592806;55.2;36.3
33;2021-07-05;4401;12914;905747;605720;55.5;37.1
33;2021-07-06;6149;14599;911896;620319;55.8;38.0
33;2021-07-07;6889;13055;918785;633374;56.2;38.8
33;2021-07-08;7968;12746;926753;646120;56.7;39.6
33;2021-07-09;6468;15106;933221;661226;57.1;40.5
33;2021-07-10;3113;7163;936334;668389;57.3;40.9
33;2021-07-11;1844;2298;938178;670687;57.4;41.1
33;2021-07-12;3946;14701;942124;685388;57.7;42.0
33;2021-07-13;7156;16105;949280;701493;58.1;42.9
33;2021-07-14;3686;5318;952966;706811;58.3;43.3
33;2021-07-15;7618;15973;960584;722784;58.8;44.2
33;2021-07-16;8577;15146;969161;737930;59.3;45.2
33;2021-07-17;3150;6431;972311;744361;59.5;45.6
33;2021-07-18;1694;3206;974005;747567;59.6;45.8
33;2021-07-19;5843;15103;979848;762670;60.0;46.7
33;2021-07-20;7418;16132;987266;778802;60.4;47.7
33;2021-07-21;8359;14540;995625;793342;61.0;48.6
33;2021-07-22;9355;15109;1004980;808451;61.5;49.5
33;2021-07-23;9632;16353;1014612;824804;62.1;50.5
33;2021-07-24;3830;7552;1018442;832356;62.3;51.0
33;2021-07-25;2086;2665;1020528;835021;62.5;51.1
33;2021-07-26;6944;13428;1027472;848449;62.9;51.9
33;2021-07-27;10044;13403;1037516;861852;63.5;52.8
33;2021-07-28;10906;11973;1048422;873825;64.2;53.5
33;2021-07-29;11649;11906;1060071;885731;64.9;54.2
33;2021-07-30;11360;12216;1071431;897947;65.6;55.0
33;2021-07-31;4741;5654;1076172;903601;65.9;55.3
33;2021-08-01;2474;1951;1078646;905552;66.0;55.4
33;2021-08-02;8351;9891;1086997;915443;66.5;56.0
33;2021-08-03;11461;9012;1098458;924455;67.2;56.6
33;2021-08-04;11858;7351;1110316;931806;68.0;57.0
33;2021-08-05;11859;8020;1122175;939826;68.7;57.5
33;2021-08-06;11133;9055;1133308;948881;69.4;58.1
33;2021-08-07;5883;4507;1139191;953388;69.7;58.4
33;2021-08-08;3188;1818;1142379;955206;69.9;58.5
33;2021-08-09;8592;8725;1150971;963931;70.5;59.0
33;2021-08-10;9300;8424;1160271;972355;71.0;59.5
33;2021-08-11;8058;7572;1168329;979927;71.5;60.0
33;2021-08-12;7929;8014;1176258;987941;72.0;60.5
33;2021-08-13;7746;7671;1184004;995612;72.5;61.0
33;2021-08-14;3477;4327;1187481;999939;72.7;61.2
33;2021-08-15;1197;1877;1188678;1001816;72.8;61.3
33;2021-08-16;6402;8637;1195080;1010453;73.2;61.9
33;2021-08-17;6582;9057;1201662;1019510;73.6;62.4
33;2021-08-18;5568;8768;1207230;1028278;73.9;63.0
33;2021-08-19;5468;9114;1212698;1037392;74.2;63.5
33;2021-08-20;4891;9818;1217589;1047210;74.5;64.1
33;2021-08-21;2179;5029;1219768;1052239;74.7;64.4
33;2021-08-22;562;2367;1220330;1054606;74.7;64.6
33;2021-08-23;3886;10291;1224216;1064897;74.9;65.2
33;2021-08-24;4093;11082;1228309;1075979;75.2;65.9
33;2021-08-25;3689;10471;1231998;1086450;75.4;66.5
33;2021-08-26;3579;11025;1235577;1097475;75.6;67.2
34;2020-12-27;1;0;1;0;0.0;0.0
34;2020-12-28;1;0;2;0;0.0;0.0
34;2020-12-29;0;0;2;0;0.0;0.0
34;2020-12-30;0;0;2;0;0.0;0.0
34;2020-12-31;0;0;2;0;0.0;0.0
34;2021-01-01;1;0;3;0;0.0;0.0
34;2021-01-02;2;0;5;0;0.0;0.0
34;2021-01-03;0;0;5;0;0.0;0.0
34;2021-01-04;21;0;26;0;0.0;0.0
34;2021-01-05;106;2;132;2;0.0;0.0
34;2021-01-06;198;1;330;3;0.0;0.0
34;2021-01-07;364;0;694;3;0.1;0.0
34;2021-01-08;606;0;1300;3;0.1;0.0
34;2021-01-09;244;0;1544;3;0.1;0.0
34;2021-01-10;95;1;1639;4;0.1;0.0
34;2021-01-11;567;2;2206;6;0.2;0.0
34;2021-01-12;1007;1;3213;7;0.3;0.0
34;2021-01-13;1098;6;4311;13;0.4;0.0
34;2021-01-14;1957;13;6268;26;0.5;0.0
34;2021-01-15;1469;5;7737;31;0.7;0.0
34;2021-01-16;331;7;8068;38;0.7;0.0
34;2021-01-17;233;1;8301;39;0.7;0.0
34;2021-01-18;1125;4;9426;43;0.8;0.0
34;2021-01-19;1610;8;11036;51;0.9;0.0
34;2021-01-20;2074;9;13110;60;1.1;0.0
34;2021-01-21;4234;10;17344;70;1.5;0.0
34;2021-01-22;2550;8;19894;78;1.7;0.0
34;2021-01-23;599;2;20493;80;1.7;0.0
34;2021-01-24;2;0;20495;80;1.7;0.0
34;2021-01-25;1242;5;21737;85;1.8;0.0
34;2021-01-26;1459;20;23196;105;2.0;0.0
34;2021-01-27;1468;23;24664;128;2.1;0.0
34;2021-01-28;1392;124;26056;252;2.2;0.0
34;2021-01-29;1259;137;27315;389;2.3;0.0
34;2021-01-30;479;25;27794;414;2.4;0.0
34;2021-01-31;4;0;27798;414;2.4;0.0
34;2021-02-01;1028;248;28826;662;2.5;0.1
34;2021-02-02;1458;442;30284;1104;2.6;0.1
34;2021-02-03;2655;525;32939;1629;2.8;0.1
34;2021-02-04;2309;885;35248;2514;3.0;0.2
34;2021-02-05;1889;1181;37137;3695;3.2;0.3
34;2021-02-06;493;237;37630;3932;3.2;0.3
34;2021-02-07;31;107;37661;4039;3.2;0.3
34;2021-02-08;860;1063;38521;5102;3.3;0.4
34;2021-02-09;1033;1304;39554;6406;3.4;0.5
34;2021-02-10;1294;1502;40848;7908;3.5;0.7
34;2021-02-11;1791;2709;42639;10617;3.6;0.9
34;2021-02-12;1921;1646;44560;12263;3.8;1.0
34;2021-02-13;356;511;44916;12774;3.8;1.1
34;2021-02-14;22;286;44938;13060;3.8;1.1
34;2021-02-15;673;1210;45611;14270;3.9;1.2
34;2021-02-16;664;1521;46275;15791;3.9;1.3
34;2021-02-17;712;1520;46987;17311;4.0;1.5
34;2021-02-18;835;1494;47822;18805;4.1;1.6
34;2021-02-19;815;1228;48637;20033;4.1;1.7
34;2021-02-20;301;481;48938;20514;4.2;1.7
34;2021-02-21;64;18;49002;20532;4.2;1.7
34;2021-02-22;630;1300;49632;21832;4.2;1.9
34;2021-02-23;562;1480;50194;23312;4.3;2.0
34;2021-02-24;938;2338;51132;25650;4.3;2.2
34;2021-02-25;1606;2277;52738;27927;4.5;2.4
34;2021-02-26;1850;1629;54588;29556;4.6;2.5
34;2021-02-27;701;432;55289;29988;4.7;2.5
34;2021-02-28;86;64;55375;30052;4.7;2.6
34;2021-03-01;929;1162;56304;31214;4.8;2.7
34;2021-03-02;1589;1279;57893;32493;4.9;2.8
34;2021-03-03;1833;1411;59726;33904;5.1;2.9
34;2021-03-04;2865;1624;62591;35528;5.3;3.0
34;2021-03-05;3686;1543;66277;37071;5.6;3.2
34;2021-03-06;2644;205;68921;37276;5.9;3.2
34;2021-03-07;1243;78;70164;37354;6.0;3.2
34;2021-03-08;2780;1009;72944;38363;6.2;3.3
34;2021-03-09;4016;1453;76960;39816;6.5;3.4
34;2021-03-10;3992;1337;80952;41153;6.9;3.5
34;2021-03-11;5436;1304;86388;42457;7.3;3.6
34;2021-03-12;6493;931;92881;43388;7.9;3.7
34;2021-03-13;3136;179;96017;43567;8.2;3.7
34;2021-03-14;1002;54;97019;43621;8.2;3.7
34;2021-03-15;3304;566;100323;44187;8.5;3.8
34;2021-03-16;2913;665;103236;44852;8.8;3.8
34;2021-03-17;3303;739;106539;45591;9.1;3.9
34;2021-03-18;3447;920;109986;46511;9.4;4.0
34;2021-03-19;4692;793;114678;47304;9.8;4.0
34;2021-03-20;3145;66;117823;47370;10.0;4.0
34;2021-03-21;1995;60;119818;47430;10.2;4.0
34;2021-03-22;3682;467;123500;47897;10.5;4.1
34;2021-03-23;4961;541;128461;48438;10.9;4.1
34;2021-03-24;5218;649;133679;49087;11.4;4.2
34;2021-03-25;7198;722;140877;49809;12.0;4.2
34;2021-03-26;7169;574;148046;50383;12.6;4.3
34;2021-03-27;2372;82;150418;50465;12.8;4.3
34;2021-03-28;699;20;151117;50485;12.8;4.3
34;2021-03-29;4185;762;155302;51247;13.2;4.4
34;2021-03-30;5220;972;160522;52219;13.6;4.4
34;2021-03-31;5067;1203;165589;53422;14.1;4.5
34;2021-04-01;7033;1039;172622;54461;14.7;4.6
34;2021-04-02;5822;1186;178444;55647;15.2;4.7
34;2021-04-03;1138;87;179582;55734;15.3;4.7
34;2021-04-04;166;5;179748;55739;15.3;4.7
34;2021-04-05;432;26;180180;55765;15.3;4.7
34;2021-04-06;3134;2458;183314;58223;15.6;5.0
34;2021-04-07;3384;2644;186698;60867;15.9;5.2
34;2021-04-08;5252;2816;191950;63683;16.3;5.4
34;2021-04-09;8073;2496;200023;66179;17.0;5.6
34;2021-04-10;3166;1370;203189;67549;17.3;5.7
34;2021-04-11;1715;808;204904;68357;17.4;5.8
34;2021-04-12;4489;2526;209393;70883;17.8;6.0
34;2021-04-13;5238;3061;214631;73944;18.2;6.3
34;2021-04-14;5618;3241;220249;77185;18.7;6.6
34;2021-04-15;6996;3170;227245;80355;19.3;6.8
34;2021-04-16;6575;3164;233820;83519;19.9;7.1
34;2021-04-17;2376;2070;236196;85589;20.1;7.3
34;2021-04-18;988;1722;237184;87311;20.2;7.4
34;2021-04-19;3421;3125;240605;90436;20.5;7.7
34;2021-04-20;3765;3667;244370;94103;20.8;8.0
34;2021-04-21;4244;3726;248614;97829;21.1;8.3
34;2021-04-22;4485;4613;253099;102442;21.5;8.7
34;2021-04-23;5373;3530;258472;105972;22.0;9.0
34;2021-04-24;3165;1582;261637;107554;22.2;9.1
34;2021-04-25;1919;647;263556;108201;22.4;9.2
34;2021-04-26;4225;3481;267781;111682;22.8;9.5
34;2021-04-27;5127;4027;272908;115709;23.2;9.8
34;2021-04-28;5767;3550;278675;119259;23.7;10.1
34;2021-04-29;6420;3944;285095;123203;24.2;10.5
34;2021-04-30;7871;3297;292966;126500;24.9;10.8
34;2021-05-01;2403;501;295369;127001;25.1;10.8
34;2021-05-02;3260;325;298629;127326;25.4;10.8
34;2021-05-03;6574;2906;305203;130232;25.9;11.1
34;2021-05-04;7110;3805;312313;134037;26.6;11.4
34;2021-05-05;6498;4534;318811;138571;27.1;11.8
34;2021-05-06;6944;5213;325755;143784;27.7;12.2
34;2021-05-07;6927;5684;332682;149468;28.3;12.7
34;2021-05-08;3608;1169;336290;150637;28.6;12.8
34;2021-05-09;2178;1288;338468;151925;28.8;12.9
34;2021-05-10;5858;4810;344326;156735;29.3;13.3
34;2021-05-11;7414;5332;351740;162067;29.9;13.8
34;2021-05-12;7754;4466;359494;166533;30.6;14.2
34;2021-05-13;6125;781;365619;167314;31.1;14.2
34;2021-05-14;7489;3739;373108;171053;31.7;14.5
34;2021-05-15;4865;1691;377973;172744;32.1;14.7
34;2021-05-16;4952;459;382925;173203;32.6;14.7
34;2021-05-17;8694;1985;391619;175188;33.3;14.9
34;2021-05-18;9143;1976;400762;177164;34.1;15.1
34;2021-05-19;8628;1809;409390;178973;34.8;15.2
34;2021-05-20;8868;2508;418258;181481;35.6;15.4
34;2021-05-21;8785;3228;427043;184709;36.3;15.7
34;2021-05-22;5788;1156;432831;185865;36.8;15.8
34;2021-05-23;3883;549;436714;186414;37.1;15.8
34;2021-05-24;1898;853;438612;187267;37.3;15.9
34;2021-05-25;7141;3815;445753;191082;37.9;16.2
34;2021-05-26;8324;3035;454077;194117;38.6;16.5
34;2021-05-27;8320;4304;462397;198421;39.3;16.9
34;2021-05-28;8051;5450;470448;203871;40.0;17.3
34;2021-05-29;4007;3109;474455;206980;40.3;17.6
34;2021-05-30;1988;1390;476443;208370;40.5;17.7
34;2021-05-31;5879;5259;482322;213629;41.0;18.2
34;2021-06-01;6954;6117;489276;219746;41.6;18.7
34;2021-06-02;6135;5813;495411;225559;42.1;19.2
34;2021-06-03;7716;6493;503127;232052;42.8;19.7
34;2021-06-04;7660;7591;510787;239643;43.4;20.4
34;2021-06-05;4140;3676;514927;243319;43.8;20.7
34;2021-06-06;3269;1864;518196;245183;44.1;20.8
34;2021-06-07;4419;6768;522615;251951;44.4;21.4
34;2021-06-08;5860;6828;528475;258779;44.9;22.0
34;2021-06-09;5828;6840;534303;265619;45.4;22.6
34;2021-06-10;6319;6875;540622;272494;46.0;23.2
34;2021-06-11;5399;9279;546021;281773;46.4;24.0
34;2021-06-12;3169;4726;549190;286499;46.7;24.4
34;2021-06-13;1080;1908;550270;288407;46.8;24.5
34;2021-06-14;3446;7816;553716;296223;47.1;25.2
34;2021-06-15;3955;8795;557671;305018;47.4;25.9
34;2021-06-16;4616;7854;562287;312872;47.8;26.6
34;2021-06-17;4224;7956;566511;320828;48.2;27.3
34;2021-06-18;4348;9331;570859;330159;48.5;28.1
34;2021-06-19;2736;4405;573595;334564;48.8;28.4
34;2021-06-20;891;2873;574486;337437;48.8;28.7
34;2021-06-21;2178;8560;576664;345997;49.0;29.4
34;2021-06-22;2974;9411;579638;355408;49.3;30.2
34;2021-06-23;3523;8974;583161;364382;49.6;31.0
34;2021-06-24;3557;8682;586718;373064;49.9;31.7
34;2021-06-25;3371;10437;590089;383501;50.2;32.6
34;2021-06-26;1643;6189;591732;389690;50.3;33.1
34;2021-06-27;308;4271;592040;393961;50.3;33.5
34;2021-06-28;2265;9437;594305;403398;50.5;34.3
34;2021-06-29;2686;10298;596991;413696;50.8;35.2
34;2021-06-30;3354;9552;600345;423248;51.0;36.0
34;2021-07-01;3523;9443;603868;432691;51.3;36.8
34;2021-07-02;3413;9742;607281;442433;51.6;37.6
34;2021-07-03;1681;6161;608962;448594;51.8;38.1
34;2021-07-04;312;2763;609274;451357;51.8;38.4
34;2021-07-05;3222;8000;612496;459357;52.1;39.1
34;2021-07-06;3527;9181;616023;468538;52.4;39.8
34;2021-07-07;3255;8643;619278;477181;52.7;40.6
34;2021-07-08;4275;8864;623553;486045;53.0;41.3
34;2021-07-09;3994;9342;627547;495387;53.4;42.1
34;2021-07-10;2141;5719;629688;501106;53.5;42.6
34;2021-07-11;923;2578;630611;503684;53.6;42.8
34;2021-07-12;2883;8970;633494;512654;53.9;43.6
34;2021-07-13;4570;10041;638064;522695;54.3;44.4
34;2021-07-14;761;352;638825;523047;54.3;44.5
34;2021-07-15;5898;10392;644723;533439;54.8;45.4
34;2021-07-16;5766;10726;650489;544165;55.3;46.3
34;2021-07-17;4466;4411;654955;548576;55.7;46.6
34;2021-07-18;233;199;655188;548775;55.7;46.7
34;2021-07-19;5109;8326;660297;557101;56.1;47.4
34;2021-07-20;6898;8382;667195;565483;56.7;48.1
34;2021-07-21;7649;7809;674844;573292;57.4;48.7
34;2021-07-22;7429;8166;682273;581458;58.0;49.4
34;2021-07-23;7790;8150;690063;589608;58.7;50.1
34;2021-07-24;6110;3051;696173;592659;59.2;50.4
34;2021-07-25;3215;538;699388;593197;59.5;50.4
34;2021-07-26;6236;6430;705624;599627;60.0;51.0
34;2021-07-27;8739;6042;714363;605669;60.7;51.5
34;2021-07-28;9320;5896;723683;611565;61.5;52.0
34;2021-07-29;11299;6036;734982;617601;62.5;52.5
34;2021-07-30;9782;6517;744764;624118;63.3;53.1
34;2021-07-31;6432;2173;751196;626291;63.9;53.2
34;2021-08-01;3285;613;754481;626904;64.1;53.3
34;2021-08-02;7320;5043;761801;631947;64.8;53.7
34;2021-08-03;8099;5376;769900;637323;65.5;54.2
34;2021-08-04;8298;4549;778198;641872;66.2;54.6
34;2021-08-05;7076;5004;785274;646876;66.8;55.0
34;2021-08-06;5849;5210;791123;652086;67.3;55.4
34;2021-08-07;3075;2425;794198;654511;67.5;55.6
34;2021-08-08;196;204;794394;654715;67.5;55.7
34;2021-08-09;4721;6152;799115;660867;67.9;56.2
34;2021-08-10;5336;6465;804451;667332;68.4;56.7
34;2021-08-11;4807;6530;809258;673862;68.8;57.3
34;2021-08-12;4530;6185;813788;680047;69.2;57.8
34;2021-08-13;4061;5719;817849;685766;69.5;58.3
34;2021-08-14;1788;2880;819637;688646;69.7;58.6
34;2021-08-15;198;189;819835;688835;69.7;58.6
34;2021-08-16;2837;7535;822672;696370;69.9;59.2
34;2021-08-17;3528;8260;826200;704630;70.2;59.9
34;2021-08-18;3168;7541;829368;712171;70.5;60.6
34;2021-08-19;3232;7763;832600;719934;70.8;61.2
34;2021-08-20;2692;7698;835292;727632;71.0;61.9
34;2021-08-21;1366;3545;836658;731177;71.1;62.2
34;2021-08-22;159;309;836817;731486;71.1;62.2
34;2021-08-23;2308;8643;839125;740129;71.3;62.9
34;2021-08-24;2704;8947;841829;749076;71.6;63.7
34;2021-08-25;2313;8523;844142;757599;71.8;64.4
34;2021-08-26;2525;7866;846667;765465;72.0;65.1
35;2020-12-27;0;0;0;0;0.0;0.0
35;2020-12-28;0;0;0;0;0.0;0.0
35;2020-12-29;2;0;2;0;0.0;0.0
35;2020-12-30;0;0;2;0;0.0;0.0
35;2020-12-31;1;0;3;0;0.0;0.0
35;2021-01-01;3;0;6;0;0.0;0.0
35;2021-01-02;1;0;7;0;0.0;0.0
35;2021-01-03;0;0;7;0;0.0;0.0
35;2021-01-04;10;0;17;0;0.0;0.0
35;2021-01-05;110;0;127;0;0.0;0.0
35;2021-01-06;175;0;302;0;0.0;0.0
35;2021-01-07;440;1;742;1;0.1;0.0
35;2021-01-08;513;1;1255;2;0.1;0.0
35;2021-01-09;31;0;1286;2;0.1;0.0
35;2021-01-10;2;0;1288;2;0.1;0.0
35;2021-01-11;538;0;1826;2;0.2;0.0
35;2021-01-12;886;2;2712;4;0.3;0.0
35;2021-01-13;967;1;3679;5;0.3;0.0
35;2021-01-14;1262;19;4941;24;0.5;0.0
35;2021-01-15;728;2;5669;26;0.5;0.0
35;2021-01-16;189;2;5858;28;0.5;0.0
35;2021-01-17;43;0;5901;28;0.5;0.0
35;2021-01-18;1222;2;7123;30;0.7;0.0
35;2021-01-19;5406;14;12529;44;1.2;0.0
35;2021-01-20;3234;8;15763;52;1.5;0.0
35;2021-01-21;3635;5;19398;57;1.8;0.0
35;2021-01-22;2089;10;21487;67;2.0;0.0
35;2021-01-23;421;1;21908;68;2.0;0.0
35;2021-01-24;50;0;21958;68;2.0;0.0
35;2021-01-25;916;17;22874;85;2.1;0.0
35;2021-01-26;1129;140;24003;225;2.2;0.0
35;2021-01-27;1031;124;25034;349;2.3;0.0
35;2021-01-28;915;297;25949;646;2.4;0.1
35;2021-01-29;724;291;26673;937;2.5;0.1
35;2021-01-30;139;20;26812;957;2.5;0.1
35;2021-01-31;0;0;26812;957;2.5;0.1
35;2021-02-01;670;334;27482;1291;2.5;0.1
35;2021-02-02;726;485;28208;1776;2.6;0.2
35;2021-02-03;661;506;28869;2282;2.7;0.2
35;2021-02-04;589;655;29458;2937;2.7;0.3
35;2021-02-05;624;564;30082;3501;2.8;0.3
35;2021-02-06;171;5;30253;3506;2.8;0.3
35;2021-02-07;1;0;30254;3506;2.8;0.3
35;2021-02-08;446;656;30700;4162;2.8;0.4
35;2021-02-09;1714;3553;32414;7715;3.0;0.7
35;2021-02-10;1367;2726;33781;10441;3.1;1.0
35;2021-02-11;1947;3235;35728;13676;3.3;1.3
35;2021-02-12;1662;1734;37390;15410;3.5;1.4
35;2021-02-13;58;254;37448;15664;3.5;1.4
35;2021-02-14;7;68;37455;15732;3.5;1.5
35;2021-02-15;771;1100;38226;16832;3.5;1.6
35;2021-02-16;920;1023;39146;17855;3.6;1.7
35;2021-02-17;892;1088;40038;18943;3.7;1.8
35;2021-02-18;1014;998;41052;19941;3.8;1.8
35;2021-02-19;1011;968;42063;20909;3.9;1.9
35;2021-02-20;143;49;42206;20958;3.9;1.9
35;2021-02-21;5;0;42211;20958;3.9;1.9
35;2021-02-22;777;829;42988;21787;4.0;2.0
35;2021-02-23;1288;866;44276;22653;4.1;2.1
35;2021-02-24;1403;815;45679;23468;4.2;2.2
35;2021-02-25;2247;786;47926;24254;4.4;2.2
35;2021-02-26;2601;734;50527;24988;4.7;2.3
35;2021-02-27;869;103;51396;25091;4.7;2.3
35;2021-02-28;9;0;51405;25091;4.8;2.3
35;2021-03-01;961;694;52366;25785;4.8;2.4
35;2021-03-02;1634;1993;54000;27778;5.0;2.6
35;2021-03-03;1910;969;55910;28747;5.2;2.7
35;2021-03-04;2918;1414;58828;30161;5.4;2.8
35;2021-03-05;3715;1345;62543;31506;5.8;2.9
35;2021-03-06;1340;89;63883;31595;5.9;2.9
35;2021-03-07;1;40;63884;31635;5.9;2.9
35;2021-03-08;1471;584;65355;32219;6.0;3.0
35;2021-03-09;3233;608;68588;32827;6.3;3.0
35;2021-03-10;2905;564;71493;33391;6.6;3.1
35;2021-03-11;4198;717;75691;34108;7.0;3.2
35;2021-03-12;6047;603;81738;34711;7.6;3.2
35;2021-03-13;2426;135;84164;34846;7.8;3.2
35;2021-03-14;18;25;84182;34871;7.8;3.2
35;2021-03-15;1964;669;86146;35540;8.0;3.3
35;2021-03-16;2503;730;88649;36270;8.2;3.4
35;2021-03-17;2396;607;91045;36877;8.4;3.4
35;2021-03-18;2334;597;93379;37474;8.6;3.5
35;2021-03-19;3546;510;96925;37984;9.0;3.5
35;2021-03-20;1538;111;98463;38095;9.1;3.5
35;2021-03-21;38;1;98501;38096;9.1;3.5
35;2021-03-22;1750;842;100251;38938;9.3;3.6
35;2021-03-23;3625;1185;103876;40123;9.6;3.7
35;2021-03-24;3731;994;107607;41117;9.9;3.8
35;2021-03-25;5330;1001;112937;42118;10.4;3.9
35;2021-03-26;5848;815;118785;42933;11.0;4.0
35;2021-03-27;1416;212;120201;43145;11.1;4.0
35;2021-03-28;4;0;120205;43145;11.1;4.0
35;2021-03-29;2780;910;122985;44055;11.4;4.1
35;2021-03-30;4290;1330;127275;45385;11.8;4.2
35;2021-03-31;3470;1337;130745;46722;12.1;4.3
35;2021-04-01;4250;1240;134995;47962;12.5;4.4
35;2021-04-02;4865;1207;139860;49169;12.9;4.5
35;2021-04-03;763;213;140623;49382;13.0;4.6
35;2021-04-04;6;0;140629;49382;13.0;4.6
35;2021-04-05;21;1;140650;49383;13.0;4.6
35;2021-04-06;3281;2033;143931;51416;13.3;4.8
35;2021-04-07;3963;1844;147894;53260;13.7;4.9
35;2021-04-08;5804;1594;153698;54854;14.2;5.1
35;2021-04-09;7426;1415;161124;56269;14.9;5.2
35;2021-04-10;1861;252;162985;56521;15.1;5.2
35;2021-04-11;35;23;163020;56544;15.1;5.2
35;2021-04-12;5136;1600;168156;58144;15.5;5.4
35;2021-04-13;7615;2786;175771;60930;16.2;5.6
35;2021-04-14;6314;2299;182085;63229;16.8;5.8
35;2021-04-15;7565;2177;189650;65406;17.5;6.0
35;2021-04-16;8080;1761;197730;67167;18.3;6.2
35;2021-04-17;1571;222;199301;67389;18.4;6.2
35;2021-04-18;10;4;199311;67393;18.4;6.2
35;2021-04-19;4818;1673;204129;69066;18.9;6.4
35;2021-04-20;5162;2639;209291;71705;19.3;6.6
35;2021-04-21;5130;2207;214421;73912;19.8;6.8
35;2021-04-22;6428;2326;220849;76238;20.4;7.0
35;2021-04-23;6822;2362;227671;78600;21.0;7.3
35;2021-04-24;1131;262;228802;78862;21.1;7.3
35;2021-04-25;8;16;228810;78878;21.1;7.3
35;2021-04-26;5101;2156;233911;81034;21.6;7.5
35;2021-04-27;6088;3206;239999;84240;22.2;7.8
35;2021-04-28;6174;2568;246173;86808;22.8;8.0
35;2021-04-29;7114;2759;253287;89567;23.4;8.3
35;2021-04-30;7562;2541;260849;92108;24.1;8.5
35;2021-05-01;618;239;261467;92347;24.2;8.5
35;2021-05-02;15;21;261482;92368;24.2;8.5
35;2021-05-03;5308;2332;266790;94700;24.7;8.8
35;2021-05-04;5073;5339;271863;100039;25.1;9.2
35;2021-05-05;4882;4450;276745;104489;25.6;9.7
35;2021-05-06;6174;5275;282919;109764;26.1;10.1
35;2021-05-07;5620;5257;288539;115021;26.7;10.6
35;2021-05-08;1720;135;290259;115156;26.8;10.6
35;2021-05-09;698;75;290957;115231;26.9;10.6
35;2021-05-10;3725;4958;294682;120189;27.2;11.1
35;2021-05-11;4777;5810;299459;125999;27.7;11.6
35;2021-05-12;5290;5500;304749;131499;28.2;12.2
35;2021-05-13;2700;1427;307449;132926;28.4;12.3
35;2021-05-14;5459;4284;312908;137210;28.9;12.7
35;2021-05-15;2930;718;315838;137928;29.2;12.7
35;2021-05-16;999;61;316837;137989;29.3;12.8
35;2021-05-17;4475;3885;321312;141874;29.7;13.1
35;2021-05-18;5837;4327;327149;146201;30.2;13.5
35;2021-05-19;5868;3636;333017;149837;30.8;13.8
35;2021-05-20;6447;4013;339464;153850;31.4;14.2
35;2021-05-21;6140;4771;345604;158621;31.9;14.7
35;2021-05-22;2118;740;347722;159361;32.1;14.7
35;2021-05-23;688;46;348410;159407;32.2;14.7
35;2021-05-24;3208;1298;351618;160705;32.5;14.9
35;2021-05-25;5543;4277;357161;164982;33.0;15.2
35;2021-05-26;5726;4167;362887;169149;33.5;15.6
35;2021-05-27;6527;4783;369414;173932;34.1;16.1
35;2021-05-28;6333;5578;375747;179510;34.7;16.6
35;2021-05-29;2875;1148;378622;180658;35.0;16.7
35;2021-05-30;877;39;379499;180697;35.1;16.7
35;2021-05-31;6309;4392;385808;185089;35.7;17.1
35;2021-06-01;7364;5125;393172;190214;36.3;17.6
35;2021-06-02;7221;3799;400393;194013;37.0;17.9
35;2021-06-03;8156;4997;408549;199010;37.8;18.4
35;2021-06-04;7275;7461;415824;206471;38.4;19.1
35;2021-06-05;4139;1584;419963;208055;38.8;19.2
35;2021-06-06;3055;147;423018;208202;39.1;19.2
35;2021-06-07;5781;5777;428799;213979;39.6;19.8
35;2021-06-08;7599;5956;436398;219935;40.3;20.3
35;2021-06-09;8464;4819;444862;224754;41.1;20.8
35;2021-06-10;9345;4751;454207;229505;42.0;21.2
35;2021-06-11;8636;7475;462843;236980;42.8;21.9
35;2021-06-12;4687;1208;467530;238188;43.2;22.0
35;2021-06-13;3386;225;470916;238413;43.5;22.0
35;2021-06-14;6233;6519;477149;244932;44.1;22.6
35;2021-06-15;7506;6966;484655;251898;44.8;23.3
35;2021-06-16;8322;5624;492977;257522;45.6;23.8
35;2021-06-17;8894;5905;501871;263427;46.4;24.3
35;2021-06-18;8717;8103;510588;271530;47.2;25.1
35;2021-06-19;1504;2510;512092;274040;47.3;25.3
35;2021-06-20;2955;883;515047;274923;47.6;25.4
35;2021-06-21;5933;6379;520980;281302;48.1;26.0
35;2021-06-22;6840;7498;527820;288800;48.8;26.7
35;2021-06-23;7252;6146;535072;294946;49.4;27.3
35;2021-06-24;8370;5925;543442;300871;50.2;27.8
35;2021-06-25;6630;8482;550072;309353;50.8;28.6
35;2021-06-26;1106;3075;551178;312428;50.9;28.9
35;2021-06-27;2637;1030;553815;313458;51.2;29.0
35;2021-06-28;4295;7760;558110;321218;51.6;29.7
35;2021-06-29;5091;7973;563201;329191;52.0;30.4
35;2021-06-30;5602;7895;568803;337086;52.6;31.2
35;2021-07-01;6586;7548;575389;344634;53.2;31.8
35;2021-07-02;5331;9858;580720;354492;53.7;32.8
35;2021-07-03;1082;2839;581802;357331;53.8;33.0
35;2021-07-04;2149;1554;583951;358885;54.0;33.2
35;2021-07-05;3733;8207;587684;367092;54.3;33.9
35;2021-07-06;4789;9474;592473;376566;54.8;34.8
35;2021-07-07;5052;8323;597525;384889;55.2;35.6
35;2021-07-08;5383;8486;602908;393375;55.7;36.4
35;2021-07-09;3905;11546;606813;404921;56.1;37.4
35;2021-07-10;890;3148;607703;408069;56.2;37.7
35;2021-07-11;1301;2357;609004;410426;56.3;37.9
35;2021-07-12;3117;9144;612121;419570;56.6;38.8
35;2021-07-13;3978;10749;616099;430319;56.9;39.8
35;2021-07-14;2150;4449;618249;434768;57.1;40.2
35;2021-07-15;4291;10181;622540;444949;57.5;41.1
35;2021-07-16;4796;11010;627336;455959;58.0;42.1
35;2021-07-17;1985;4067;629321;460026;58.2;42.5
35;2021-07-18;844;2569;630165;462595;58.2;42.8
35;2021-07-19;3252;8976;633417;471571;58.5;43.6
35;2021-07-20;4236;10595;637653;482166;58.9;44.6
35;2021-07-21;4348;9389;642001;491555;59.3;45.4
35;2021-07-22;4838;9662;646839;501217;59.8;46.3
35;2021-07-23;4557;11015;651396;512232;60.2;47.3
35;2021-07-24;1586;4272;652982;516504;60.3;47.7
35;2021-07-25;815;2846;653797;519350;60.4;48.0
35;2021-07-26;3886;8736;657683;528086;60.8;48.8
35;2021-07-27;5261;9656;662944;537742;61.3;49.7
35;2021-07-28;5307;8675;668251;546417;61.8;50.5
35;2021-07-29;6094;8339;674345;554756;62.3;51.3
35;2021-07-30;5880;9091;680225;563847;62.9;52.1
35;2021-07-31;2309;3656;682534;567503;63.1;52.4
35;2021-08-01;1519;2415;684053;569918;63.2;52.7
35;2021-08-02;4732;6952;688785;576870;63.7;53.3
35;2021-08-03;6696;7585;695481;584455;64.3;54.0
35;2021-08-04;6678;6595;702159;591050;64.9;54.6
35;2021-08-05;6628;6980;708787;598030;65.5;55.3
35;2021-08-06;5990;7316;714777;605346;66.1;55.9
35;2021-08-07;2099;3153;716876;608499;66.3;56.2
35;2021-08-08;1520;2252;718396;610751;66.4;56.4
35;2021-08-09;4581;5534;722977;616285;66.8;57.0
35;2021-08-10;6524;6362;729501;622647;67.4;57.5
35;2021-08-11;6430;5857;735931;628504;68.0;58.1
35;2021-08-12;6942;5578;742873;634082;68.7;58.6
35;2021-08-13;6593;5054;749466;639136;69.3;59.1
35;2021-08-14;3037;1978;752503;641114;69.5;59.2
35;2021-08-15;2465;1255;754968;642369;69.8;59.4
35;2021-08-16;4834;5281;759802;647650;70.2;59.9
35;2021-08-17;6343;6063;766145;653713;70.8;60.4
35;2021-08-18;6439;5618;772584;659331;71.4;60.9
35;2021-08-19;6253;5746;778837;665077;72.0;61.5
35;2021-08-20;5101;6338;783938;671415;72.4;62.0
35;2021-08-21;2365;2619;786303;674034;72.7;62.3
35;2021-08-22;1760;1789;788063;675823;72.8;62.5
35;2021-08-23;3086;6006;791149;681829;73.1;63.0
35;2021-08-24;3451;7214;794600;689043;73.4;63.7
35;2021-08-25;3249;6584;797849;695627;73.7;64.3
35;2021-08-26;2606;6875;800455;702502;74.0;64.9
36;2020-12-27;0;0;0;0;0.0;0.0
36;2020-12-28;0;0;0;0;0.0;0.0
36;2020-12-29;0;0;0;0;0.0;0.0
36;2020-12-30;0;0;0;0;0.0;0.0
36;2020-12-31;0;0;0;0;0.0;0.0
36;2021-01-01;0;0;0;0;0.0;0.0
36;2021-01-02;0;0;0;0;0.0;0.0
36;2021-01-03;0;0;0;0;0.0;0.0
36;2021-01-04;2;0;2;0;0.0;0.0
36;2021-01-05;0;0;2;0;0.0;0.0
36;2021-01-06;24;0;26;0;0.0;0.0
36;2021-01-07;51;0;77;0;0.0;0.0
36;2021-01-08;111;0;188;0;0.1;0.0
36;2021-01-09;83;0;271;0;0.1;0.0
36;2021-01-10;142;0;413;0;0.2;0.0
36;2021-01-11;239;1;652;1;0.3;0.0
36;2021-01-12;282;0;934;1;0.4;0.0
36;2021-01-13;198;1;1132;2;0.5;0.0
36;2021-01-14;505;4;1637;6;0.8;0.0
36;2021-01-15;179;1;1816;7;0.8;0.0
36;2021-01-16;24;1;1840;8;0.8;0.0
36;2021-01-17;19;2;1859;10;0.9;0.0
36;2021-01-18;613;4;2472;14;1.1;0.0
36;2021-01-19;1175;2;3647;16;1.7;0.0
36;2021-01-20;1102;3;4749;19;2.2;0.0
36;2021-01-21;721;0;5470;19;2.5;0.0
36;2021-01-22;857;2;6327;21;2.9;0.0
36;2021-01-23;295;0;6622;21;3.0;0.0
36;2021-01-24;185;1;6807;22;3.1;0.0
36;2021-01-25;640;4;7447;26;3.4;0.0
36;2021-01-26;610;1;8057;27;3.7;0.0
36;2021-01-27;848;19;8905;46;4.1;0.0
36;2021-01-28;477;44;9382;90;4.3;0.0
36;2021-01-29;573;96;9955;186;4.6;0.1
36;2021-01-30;288;71;10243;257;4.7;0.1
36;2021-01-31;115;132;10358;389;4.8;0.2
36;2021-02-01;378;100;10736;489;4.9;0.2
36;2021-02-02;410;174;11146;663;5.1;0.3
36;2021-02-03;473;264;11619;927;5.4;0.4
36;2021-02-04;275;273;11894;1200;5.5;0.6
36;2021-02-05;302;164;12196;1364;5.6;0.6
36;2021-02-06;1;0;12197;1364;5.6;0.6
36;2021-02-07;1;0;12198;1364;5.6;0.6
36;2021-02-08;280;259;12478;1623;5.7;0.7
36;2021-02-09;328;605;12806;2228;5.9;1.0
36;2021-02-10;490;655;13296;2883;6.1;1.3
36;2021-02-11;384;594;13680;3477;6.3;1.6
36;2021-02-12;303;461;13983;3938;6.4;1.8
36;2021-02-13;126;83;14109;4021;6.5;1.9
36;2021-02-14;22;44;14131;4065;6.5;1.9
36;2021-02-15;42;575;14173;4640;6.5;2.1
36;2021-02-16;107;418;14280;5058;6.6;2.3
36;2021-02-17;117;622;14397;5680;6.6;2.6
36;2021-02-18;161;616;14558;6296;6.7;2.9
36;2021-02-19;181;541;14739;6837;6.8;3.1
36;2021-02-20;86;239;14825;7076;6.8;3.3
36;2021-02-21;87;157;14912;7233;6.9;3.3
36;2021-02-22;162;508;15074;7741;6.9;3.6
36;2021-02-23;62;575;15136;8316;7.0;3.8
36;2021-02-24;112;681;15248;8997;7.0;4.1
36;2021-02-25;251;283;15499;9280;7.1;4.3
36;2021-02-26;339;470;15838;9750;7.3;4.5
36;2021-02-27;73;277;15911;10027;7.3;4.6
36;2021-02-28;13;97;15924;10124;7.3;4.7
36;2021-03-01;218;342;16142;10466;7.4;4.8
36;2021-03-02;352;365;16494;10831;7.6;5.0
36;2021-03-03;394;532;16888;11363;7.8;5.2
36;2021-03-04;663;356;17551;11719;8.1;5.4
36;2021-03-05;799;297;18350;12016;8.5;5.5
36;2021-03-06;410;17;18760;12033;8.6;5.5
36;2021-03-07;339;7;19099;12040;8.8;5.5
36;2021-03-08;251;315;19350;12355;8.9;5.7
36;2021-03-09;449;269;19799;12624;9.1;5.8
36;2021-03-10;724;409;20523;13033;9.5;6.0
36;2021-03-11;838;245;21361;13278;9.8;6.1
36;2021-03-12;1446;296;22807;13574;10.5;6.3
36;2021-03-13;575;129;23382;13703;10.8;6.3
36;2021-03-14;113;1;23495;13704;10.8;6.3
36;2021-03-15;648;157;24143;13861;11.1;6.4
36;2021-03-16;447;67;24590;13928;11.3;6.4
36;2021-03-17;765;91;25355;14019;11.7;6.5
36;2021-03-18;414;72;25769;14091;11.9;6.5
36;2021-03-19;738;40;26507;14131;12.2;6.5
36;2021-03-20;451;27;26958;14158;12.4;6.5
36;2021-03-21;0;0;26958;14158;12.4;6.5
36;2021-03-22;497;59;27455;14217;12.6;6.5
36;2021-03-23;777;57;28232;14274;13.0;6.6
36;2021-03-24;1089;76;29321;14350;13.5;6.6
36;2021-03-25;1337;89;30658;14439;14.1;6.6
36;2021-03-26;1419;158;32077;14597;14.8;6.7
36;2021-03-27;475;43;32552;14640;15.0;6.7
36;2021-03-28;68;57;32620;14697;15.0;6.8
36;2021-03-29;462;186;33082;14883;15.2;6.9
36;2021-03-30;584;264;33666;15147;15.5;7.0
36;2021-03-31;1263;171;34929;15318;16.1;7.1
36;2021-04-01;1086;431;36015;15749;16.6;7.3
36;2021-04-02;965;140;36980;15889;17.0;7.3
36;2021-04-03;282;183;37262;16072;17.2;7.4
36;2021-04-04;42;2;37304;16074;17.2;7.4
36;2021-04-05;15;46;37319;16120;17.2;7.4
36;2021-04-06;821;362;38140;16482;17.6;7.6
36;2021-04-07;1073;541;39213;17023;18.1;7.8
36;2021-04-08;1347;479;40560;17502;18.7;8.1
36;2021-04-09;1939;405;42499;17907;19.6;8.2
36;2021-04-10;592;243;43091;18150;19.8;8.4
36;2021-04-11;256;90;43347;18240;20.0;8.4
36;2021-04-12;848;562;44195;18802;20.4;8.7
36;2021-04-13;1140;517;45335;19319;20.9;8.9
36;2021-04-14;1582;864;46917;20183;21.6;9.3
36;2021-04-15;1654;473;48571;20656;22.4;9.5
36;2021-04-16;1488;467;50059;21123;23.1;9.7
36;2021-04-17;893;250;50952;21373;23.5;9.8
36;2021-04-18;383;7;51335;21380;23.6;9.8
36;2021-04-19;874;444;52209;21824;24.0;10.1
36;2021-04-20;1145;522;53354;22346;24.6;10.3
36;2021-04-21;1240;878;54594;23224;25.1;10.7
36;2021-04-22;1592;872;56186;24096;25.9;11.1
36;2021-04-23;1327;617;57513;24713;26.5;11.4
36;2021-04-24;678;381;58191;25094;26.8;11.6
36;2021-04-25;413;95;58604;25189;27.0;11.6
36;2021-04-26;1134;450;59738;25639;27.5;11.8
36;2021-04-27;1278;553;61016;26192;28.1;12.1
36;2021-04-28;1488;1064;62504;27256;28.8;12.6
36;2021-04-29;2016;709;64520;27965;29.7;12.9
36;2021-04-30;1553;457;66073;28422;30.4;13.1
36;2021-05-01;724;64;66797;28486;30.8;13.1
36;2021-05-02;498;64;67295;28550;31.0;13.1
36;2021-05-03;1292;315;68587;28865;31.6;13.3
36;2021-05-04;780;807;69367;29672;31.9;13.7
36;2021-05-05;1283;1306;70650;30978;32.5;14.3
36;2021-05-06;2138;795;72788;31773;33.5;14.6
36;2021-05-07;1469;768;74257;32541;34.2;15.0
36;2021-05-08;306;105;74563;32646;34.3;15.0
36;2021-05-09;174;343;74737;32989;34.4;15.2
36;2021-05-10;1216;817;75953;33806;35.0;15.6
36;2021-05-11;1725;1250;77678;35056;35.8;16.1
36;2021-05-12;1827;1485;79505;36541;36.6;16.8
36;2021-05-13;548;306;80053;36847;36.9;17.0
36;2021-05-14;701;1039;80754;37886;37.2;17.4
36;2021-05-15;635;591;81389;38477;37.5;17.7
36;2021-05-16;337;377;81726;38854;37.6;17.9
36;2021-05-17;615;943;82341;39797;37.9;18.3
36;2021-05-18;874;938;83215;40735;38.3;18.8
36;2021-05-19;1333;845;84548;41580;38.9;19.1
36;2021-05-20;1612;1209;86160;42789;39.7;19.7
36;2021-05-21;1107;1069;87267;43858;40.2;20.2
36;2021-05-22;678;342;87945;44200;40.5;20.4
36;2021-05-23;428;296;88373;44496;40.7;20.5
36;2021-05-24;505;469;88878;44965;40.9;20.7
36;2021-05-25;1045;685;89923;45650;41.4;21.0
36;2021-05-26;1473;1166;91396;46816;42.1;21.6
36;2021-05-27;1397;978;92793;47794;42.7;22.0
36;2021-05-28;921;1482;93714;49276;43.2;22.7
36;2021-05-29;700;507;94414;49783;43.5;22.9
36;2021-05-30;111;573;94525;50356;43.5;23.2
36;2021-05-31;1138;764;95663;51120;44.1;23.5
36;2021-06-01;1412;828;97075;51948;44.7;23.9
36;2021-06-02;2062;613;99137;52561;45.7;24.2
36;2021-06-03;1902;1200;101039;53761;46.5;24.8
36;2021-06-04;1774;1046;102813;54807;47.3;25.2
36;2021-06-05;692;658;103505;55465;47.7;25.5
36;2021-06-06;336;273;103841;55738;47.8;25.7
36;2021-06-07;983;808;104824;56546;48.3;26.0
36;2021-06-08;959;981;105783;57527;48.7;26.5
36;2021-06-09;1674;1070;107457;58597;49.5;27.0
36;2021-06-10;1532;1381;108989;59978;50.2;27.6
36;2021-06-11;1289;1500;110278;61478;50.8;28.3
36;2021-06-12;920;783;111198;62261;51.2;28.7
36;2021-06-13;343;269;111541;62530;51.4;28.8
36;2021-06-14;606;1269;112147;63799;51.6;29.4
36;2021-06-15;734;1215;112881;65014;52.0;29.9
36;2021-06-16;902;1519;113783;66533;52.4;30.6
36;2021-06-17;750;1905;114533;68438;52.7;31.5
36;2021-06-18;706;1881;115239;70319;53.1;32.4
36;2021-06-19;295;395;115534;70714;53.2;32.6
36;2021-06-20;235;327;115769;71041;53.3;32.7
36;2021-06-21;686;1449;116455;72490;53.6;33.4
36;2021-06-22;841;1551;117296;74041;54.0;34.1
36;2021-06-23;773;1792;118069;75833;54.4;34.9
36;2021-06-24;855;1525;118924;77358;54.8;35.6
36;2021-06-25;943;1222;119867;78580;55.2;36.2
36;2021-06-26;325;602;120192;79182;55.4;36.5
36;2021-06-27;105;267;120297;79449;55.4;36.6
36;2021-06-28;697;925;120994;80374;55.7;37.0
36;2021-06-29;688;1460;121682;81834;56.0;37.7
36;2021-06-30;837;2149;122519;83983;56.4;38.7
36;2021-07-01;351;1081;122870;85064;56.6;39.2
36;2021-07-02;747;1846;123617;86910;56.9;40.0
36;2021-07-03;466;885;124083;87795;57.1;40.4
36;2021-07-04;185;325;124268;88120;57.2;40.6
36;2021-07-05;494;1335;124762;89455;57.5;41.2
36;2021-07-06;491;1221;125253;90676;57.7;41.8
36;2021-07-07;586;1793;125839;92469;58.0;42.6
36;2021-07-08;550;1706;126389;94175;58.2;43.4
36;2021-07-09;786;1654;127175;95829;58.6;44.1
36;2021-07-10;470;1119;127645;96948;58.8;44.6
36;2021-07-11;257;154;127902;97102;58.9;44.7
36;2021-07-12;332;1627;128234;98729;59.1;45.5
36;2021-07-13;312;1936;128546;100665;59.2;46.4
36;2021-07-14;376;763;128922;101428;59.4;46.7
36;2021-07-15;915;2167;129837;103595;59.8;47.7
36;2021-07-16;627;1875;130464;105470;60.1;48.6
36;2021-07-17;400;859;130864;106329;60.3;49.0
36;2021-07-18;198;408;131062;106737;60.4;49.2
36;2021-07-19;551;1457;131613;108194;60.6;49.8
36;2021-07-20;776;1410;132389;109604;61.0;50.5
36;2021-07-21;710;1983;133099;111587;61.3;51.4
36;2021-07-22;1139;1686;134238;113273;61.8;52.2
36;2021-07-23;968;1746;135206;115019;62.3;53.0
36;2021-07-24;606;802;135812;115821;62.5;53.3
36;2021-07-25;148;403;135960;116224;62.6;53.5
36;2021-07-26;949;1085;136909;117309;63.1;54.0
36;2021-07-27;814;1355;137723;118664;63.4;54.6
36;2021-07-28;1384;1399;139107;120063;64.1;55.3
36;2021-07-29;1708;1311;140815;121374;64.9;55.9
36;2021-07-30;1444;1324;142259;122698;65.5;56.5
36;2021-07-31;931;535;143190;123233;65.9;56.8
36;2021-08-01;207;239;143397;123472;66.0;56.9
36;2021-08-02;1112;891;144509;124363;66.6;57.3
36;2021-08-03;1271;996;145780;125359;67.1;57.7
36;2021-08-04;1690;938;147470;126297;67.9;58.2
36;2021-08-05;1819;910;149289;127207;68.8;58.6
36;2021-08-06;1411;875;150700;128082;69.4;59.0
36;2021-08-07;538;525;151238;128607;69.7;59.2
36;2021-08-08;292;154;151530;128761;69.8;59.3
36;2021-08-09;817;844;152347;129605;70.2;59.7
36;2021-08-10;1064;1013;153411;130618;70.7;60.2
36;2021-08-11;1346;856;154757;131474;71.3;60.5
36;2021-08-12;1155;853;155912;132327;71.8;60.9
36;2021-08-13;1181;777;157093;133104;72.3;61.3
36;2021-08-14;424;837;157517;133941;72.5;61.7
36;2021-08-15;363;113;157880;134054;72.7;61.7
36;2021-08-16;605;957;158485;135011;73.0;62.2
36;2021-08-17;766;1000;159251;136011;73.3;62.6
36;2021-08-18;1035;1163;160286;137174;73.8;63.2
36;2021-08-19;834;1179;161120;138353;74.2;63.7
36;2021-08-20;483;1476;161603;139829;74.4;64.4
36;2021-08-21;309;466;161912;140295;74.6;64.6
36;2021-08-22;27;64;161939;140359;74.6;64.6
36;2021-08-23;548;1176;162487;141535;74.8;65.2
36;2021-08-24;588;1203;163075;142738;75.1;65.7
36;2021-08-25;447;1089;163522;143827;75.3;66.2
36;2021-08-26;611;1475;164133;145302;75.6;66.9
37;2020-12-27;0;0;0;0;0.0;0.0
37;2020-12-28;17;0;17;0;0.0;0.0
37;2020-12-29;10;0;27;0;0.0;0.0
37;2020-12-30;0;0;27;0;0.0;0.0
37;2020-12-31;0;0;27;0;0.0;0.0
37;2021-01-01;0;0;27;0;0.0;0.0
37;2021-01-02;0;0;27;0;0.0;0.0
37;2021-01-03;0;0;27;0;0.0;0.0
37;2021-01-04;21;0;48;0;0.0;0.0
37;2021-01-05;47;0;95;0;0.0;0.0
37;2021-01-06;79;0;174;0;0.0;0.0
37;2021-01-07;115;0;289;0;0.0;0.0
37;2021-01-08;442;1;731;1;0.1;0.0
37;2021-01-09;79;0;810;1;0.1;0.0
37;2021-01-10;83;0;893;1;0.1;0.0
37;2021-01-11;280;0;1173;1;0.2;0.0
37;2021-01-12;659;4;1832;5;0.3;0.0
37;2021-01-13;560;1;2392;6;0.4;0.0
37;2021-01-14;522;3;2914;9;0.5;0.0
37;2021-01-15;628;1;3542;10;0.6;0.0
37;2021-01-16;304;2;3846;12;0.6;0.0
37;2021-01-17;262;1;4108;13;0.7;0.0
37;2021-01-18;734;8;4842;21;0.8;0.0
37;2021-01-19;1244;10;6086;31;1.0;0.0
37;2021-01-20;1038;3;7124;34;1.2;0.0
37;2021-01-21;856;1;7980;35;1.3;0.0
37;2021-01-22;767;2;8747;37;1.4;0.0
37;2021-01-23;173;0;8920;37;1.5;0.0
37;2021-01-24;0;0;8920;37;1.5;0.0
37;2021-01-25;538;15;9458;52;1.6;0.0
37;2021-01-26;1814;69;11272;121;1.9;0.0
37;2021-01-27;1523;76;12795;197;2.1;0.0
37;2021-01-28;1530;95;14325;292;2.4;0.0
37;2021-01-29;633;309;14958;601;2.5;0.1
37;2021-01-30;202;61;15160;662;2.5;0.1
37;2021-01-31;15;64;15175;726;2.5;0.1
37;2021-02-01;332;198;15507;924;2.6;0.2
37;2021-02-02;523;527;16030;1451;2.6;0.2
37;2021-02-03;659;349;16689;1800;2.8;0.3
37;2021-02-04;548;408;17237;2208;2.8;0.4
37;2021-02-05;465;443;17702;2651;2.9;0.4
37;2021-02-06;189;2;17891;2653;3.0;0.4
37;2021-02-07;20;1;17911;2654;3.0;0.4
37;2021-02-08;331;322;18242;2976;3.0;0.5
37;2021-02-09;625;709;18867;3685;3.1;0.6
37;2021-02-10;662;510;19529;4195;3.2;0.7
37;2021-02-11;612;562;20141;4757;3.3;0.8
37;2021-02-12;489;553;20630;5310;3.4;0.9
37;2021-02-13;155;203;20785;5513;3.4;0.9
37;2021-02-14;1;71;20786;5584;3.4;0.9
37;2021-02-15;425;477;21211;6061;3.5;1.0
37;2021-02-16;841;1447;22052;7508;3.6;1.2
37;2021-02-17;635;1369;22687;8877;3.7;1.5
37;2021-02-18;910;1414;23597;10291;3.9;1.7
37;2021-02-19;795;836;24392;11127;4.0;1.8
37;2021-02-20;245;209;24637;11336;4.1;1.9
37;2021-02-21;5;1;24642;11337;4.1;1.9
37;2021-02-22;336;580;24978;11917;4.1;2.0
37;2021-02-23;606;632;25584;12549;4.2;2.1
37;2021-02-24;572;620;26156;13169;4.3;2.2
37;2021-02-25;875;613;27031;13782;4.5;2.3
37;2021-02-26;1116;580;28147;14362;4.6;2.4
37;2021-02-27;584;188;28731;14550;4.7;2.4
37;2021-02-28;23;0;28754;14550;4.7;2.4
37;2021-03-01;603;361;29357;14911;4.8;2.5
37;2021-03-02;1090;545;30447;15456;5.0;2.6
37;2021-03-03;971;549;31418;16005;5.2;2.6
37;2021-03-04;1607;480;33025;16485;5.5;2.7
37;2021-03-05;2129;560;35154;17045;5.8;2.8
37;2021-03-06;1165;213;36319;17258;6.0;2.9
37;2021-03-07;472;66;36791;17324;6.1;2.9
37;2021-03-08;666;400;37457;17724;6.2;2.9
37;2021-03-09;1652;700;39109;18424;6.5;3.0
37;2021-03-10;1607;751;40716;19175;6.7;3.2
37;2021-03-11;2048;699;42764;19874;7.1;3.3
37;2021-03-12;3207;476;45971;20350;7.6;3.4
37;2021-03-13;1947;192;47918;20542;7.9;3.4
37;2021-03-14;206;4;48124;20546;7.9;3.4
37;2021-03-15;1069;250;49193;20796;8.1;3.4
37;2021-03-16;1048;531;50241;21327;8.3;3.5
37;2021-03-17;934;280;51175;21607;8.5;3.6
37;2021-03-18;1033;526;52208;22133;8.6;3.7
37;2021-03-19;2218;339;54426;22472;9.0;3.7
37;2021-03-20;1334;141;55760;22613;9.2;3.7
37;2021-03-21;204;4;55964;22617;9.2;3.7
37;2021-03-22;1287;242;57251;22859;9.5;3.8
37;2021-03-23;2256;569;59507;23428;9.8;3.9
37;2021-03-24;2246;463;61753;23891;10.2;3.9
37;2021-03-25;2982;445;64735;24336;10.7;4.0
37;2021-03-26;3524;410;68259;24746;11.3;4.1
37;2021-03-27;1175;127;69434;24873;11.5;4.1
37;2021-03-28;139;1;69573;24874;11.5;4.1
37;2021-03-29;1604;347;71177;25221;11.8;4.2
37;2021-03-30;2524;623;73701;25844;12.2;4.3
37;2021-03-31;2046;484;75747;26328;12.5;4.3
37;2021-04-01;2600;968;78347;27296;12.9;4.5
37;2021-04-02;2812;669;81159;27965;13.4;4.6
37;2021-04-03;817;223;81976;28188;13.5;4.7
37;2021-04-04;104;1;82080;28189;13.6;4.7
37;2021-04-05;4;0;82084;28189;13.6;4.7
37;2021-04-06;2240;778;84324;28967;13.9;4.8
37;2021-04-07;3171;871;87495;29838;14.5;4.9
37;2021-04-08;4041;968;91536;30806;15.1;5.1
37;2021-04-09;4543;946;96079;31752;15.9;5.2
37;2021-04-10;1328;433;97407;32185;16.1;5.3
37;2021-04-11;104;1;97511;32186;16.1;5.3
37;2021-04-12;2643;675;100154;32861;16.5;5.4
37;2021-04-13;4113;1162;104267;34023;17.2;5.6
37;2021-04-14;3044;894;107311;34917;17.7;5.8
37;2021-04-15;3759;1019;111070;35936;18.3;5.9
37;2021-04-16;4359;1224;115429;37160;19.1;6.1
37;2021-04-17;1147;223;116576;37383;19.3;6.2
37;2021-04-18;97;3;116673;37386;19.3;6.2
37;2021-04-19;2482;850;119155;38236;19.7;6.3
37;2021-04-20;3233;1337;122388;39573;20.2;6.5
37;2021-04-21;2930;1157;125318;40730;20.7;6.7
37;2021-04-22;3456;1401;128774;42131;21.3;7.0
37;2021-04-23;3691;1811;132465;43942;21.9;7.3
37;2021-04-24;1007;387;133472;44329;22.0;7.3
37;2021-04-25;46;2;133518;44331;22.1;7.3
37;2021-04-26;2970;1346;136488;45677;22.5;7.5
37;2021-04-27;4185;1816;140673;47493;23.2;7.8
37;2021-04-28;3462;1949;144135;49442;23.8;8.2
37;2021-04-29;4583;2021;148718;51463;24.6;8.5
37;2021-04-30;5056;1990;153774;53453;25.4;8.8
37;2021-05-01;637;212;154411;53665;25.5;8.9
37;2021-05-02;104;15;154515;53680;25.5;8.9
37;2021-05-03;2670;1955;157185;55635;26.0;9.2
37;2021-05-04;3732;2719;160917;58354;26.6;9.6
37;2021-05-05;3499;2088;164416;60442;27.2;10.0
37;2021-05-06;4994;1945;169410;62387;28.0;10.3
37;2021-05-07;4685;2885;174095;65272;28.8;10.8
37;2021-05-08;538;312;174633;65584;28.8;10.8
37;2021-05-09;63;41;174696;65625;28.9;10.8
37;2021-05-10;2160;3487;176856;69112;29.2;11.4
37;2021-05-11;3866;3882;180722;72994;29.9;12.1
37;2021-05-12;4039;2547;184761;75541;30.5;12.5
37;2021-05-13;1138;516;185899;76057;30.7;12.6
37;2021-05-14;4045;2684;189944;78741;31.4;13.0
37;2021-05-15;2323;744;192267;79485;31.8;13.1
37;2021-05-16;22;71;192289;79556;31.8;13.1
37;2021-05-17;2764;2053;195053;81609;32.2;13.5
37;2021-05-18;3874;2362;198927;83971;32.9;13.9
37;2021-05-19;3494;1806;202421;85777;33.4;14.2
37;2021-05-20;4752;1778;207173;87555;34.2;14.5
37;2021-05-21;4525;2573;211698;90128;35.0;14.9
37;2021-05-22;1078;752;212776;90880;35.1;15.0
37;2021-05-23;73;89;212849;90969;35.2;15.0
37;2021-05-24;513;106;213362;91075;35.2;15.0
37;2021-05-25;5125;2177;218487;93252;36.1;15.4
37;2021-05-26;4930;2098;223417;95350;36.9;15.8
37;2021-05-27;5986;2370;229403;97720;37.9;16.1
37;2021-05-28;6023;3266;235426;100986;38.9;16.7
37;2021-05-29;1521;1167;236947;102153;39.1;16.9
37;2021-05-30;55;160;237002;102313;39.1;16.9
37;2021-05-31;3648;2528;240650;104841;39.8;17.3
37;2021-06-01;5846;3622;246496;108463;40.7;17.9
37;2021-06-02;5077;2457;251573;110920;41.6;18.3
37;2021-06-03;6087;2883;257660;113803;42.6;18.8
37;2021-06-04;5511;4206;263171;118009;43.5;19.5
37;2021-06-05;1855;1305;265026;119314;43.8;19.7
37;2021-06-06;49;197;265075;119511;43.8;19.7
37;2021-06-07;3022;4168;268097;123679;44.3;20.4
37;2021-06-08;4201;4657;272298;128336;45.0;21.2
37;2021-06-09;3883;3571;276181;131907;45.6;21.8
37;2021-06-10;5268;3623;281449;135530;46.5;22.4
37;2021-06-11;4977;4838;286426;140368;47.3;23.2
37;2021-06-12;3553;1349;289979;141717;47.9;23.4
37;2021-06-13;15;164;289994;141881;47.9;23.4
37;2021-06-14;2667;4039;292661;145920;48.3;24.1
37;2021-06-15;3900;4781;296561;150701;49.0;24.9
37;2021-06-16;3257;3604;299818;154305;49.5;25.5
37;2021-06-17;4010;4495;303828;158800;50.2;26.2
37;2021-06-18;4705;5071;308533;163871;51.0;27.1
37;2021-06-19;2520;1103;311053;164974;51.4;27.3
37;2021-06-20;9;183;311062;165157;51.4;27.3
37;2021-06-21;2419;3826;313481;168983;51.8;27.9
37;2021-06-22;2969;5012;316450;173995;52.3;28.7
37;2021-06-23;2627;3646;319077;177641;52.7;29.3
37;2021-06-24;2865;3546;321942;181187;53.2;29.9
37;2021-06-25;3309;4883;325251;186070;53.7;30.7
37;2021-06-26;1240;3086;326491;189156;53.9;31.2
37;2021-06-27;23;142;326514;189298;53.9;31.3
37;2021-06-28;1702;4511;328216;193809;54.2;32.0
37;2021-06-29;1903;6222;330119;200031;54.5;33.0
37;2021-06-30;1871;4441;331990;204472;54.8;33.8
37;2021-07-01;2126;4793;334116;209265;55.2;34.6
37;2021-07-02;2679;5594;336795;214859;55.6;35.5
37;2021-07-03;945;2138;337740;216997;55.8;35.8
37;2021-07-04;5;105;337745;217102;55.8;35.9
37;2021-07-05;1706;5142;339451;222244;56.1;36.7
37;2021-07-06;2003;6763;341454;229007;56.4;37.8
37;2021-07-07;1945;5460;343399;234467;56.7;38.7
37;2021-07-08;2463;6662;345862;241129;57.1;39.8
37;2021-07-09;1987;7641;347849;248770;57.5;41.1
37;2021-07-10;1013;2615;348862;251385;57.6;41.5
37;2021-07-11;26;96;348888;251481;57.6;41.5
37;2021-07-12;1132;5985;350020;257466;57.8;42.5
37;2021-07-13;1616;7821;351636;265287;58.1;43.8
37;2021-07-14;524;406;352160;265693;58.2;43.9
37;2021-07-15;2624;7499;354784;273192;58.6;45.1
37;2021-07-16;2758;7805;357542;280997;59.1;46.4
37;2021-07-17;1202;2446;358744;283443;59.3;46.8
37;2021-07-18;50;53;358794;283496;59.3;46.8
37;2021-07-19;1650;6130;360444;289626;59.5;47.8
37;2021-07-20;2909;7068;363353;296694;60.0;49.0
37;2021-07-21;2984;5785;366337;302479;60.5;50.0
37;2021-07-22;4056;6531;370393;309010;61.2;51.0
37;2021-07-23;3809;7101;374202;316111;61.8;52.2
37;2021-07-24;1776;3308;375978;319419;62.1;52.8
37;2021-07-25;66;77;376044;319496;62.1;52.8
37;2021-07-26;3240;4322;379284;323818;62.7;53.5
37;2021-07-27;4430;4964;383714;328782;63.4;54.3
37;2021-07-28;4135;3659;387849;332441;64.1;54.9
37;2021-07-29;5082;4194;392931;336635;64.9;55.6
37;2021-07-30;5236;4931;398167;341566;65.8;56.4
37;2021-07-31;1922;1845;400089;343411;66.1;56.7
37;2021-08-01;31;52;400120;343463;66.1;56.7
37;2021-08-02;3286;3286;403406;346749;66.6;57.3
37;2021-08-03;5255;3142;408661;349891;67.5;57.8
37;2021-08-04;4550;1927;413211;351818;68.3;58.1
37;2021-08-05;4777;2600;417988;354418;69.0;58.5
37;2021-08-06;4832;3305;422820;357723;69.8;59.1
37;2021-08-07;1623;1122;424443;358845;70.1;59.3
37;2021-08-08;33;175;424476;359020;70.1;59.3
37;2021-08-09;2420;2255;426896;361275;70.5;59.7
37;2021-08-10;3021;2634;429917;363909;71.0;60.1
37;2021-08-11;2094;2104;432011;366013;71.4;60.5
37;2021-08-12;2611;2685;434622;368698;71.8;60.9
37;2021-08-13;2452;2766;437074;371464;72.2;61.4
37;2021-08-14;751;811;437825;372275;72.3;61.5
37;2021-08-15;12;57;437837;372332;72.3;61.5
37;2021-08-16;1459;3160;439296;375492;72.6;62.0
37;2021-08-17;1789;3971;441085;379463;72.9;62.7
37;2021-08-18;1390;3137;442475;382600;73.1;63.2
37;2021-08-19;1590;3839;444065;386439;73.4;63.8
37;2021-08-20;1585;4539;445650;390978;73.6;64.6
37;2021-08-21;608;1200;446258;392178;73.7;64.8
37;2021-08-22;3;31;446261;392209;73.7;64.8
37;2021-08-23;1280;3980;447541;396189;73.9;65.4
37;2021-08-24;1536;4844;449077;401033;74.2;66.2
37;2021-08-25;1051;4218;450128;405251;74.4;66.9
37;2021-08-26;1261;4505;451389;409756;74.6;67.7
38;2020-12-27;1;0;1;0;0.0;0.0
38;2020-12-28;1;0;2;0;0.0;0.0
38;2020-12-29;0;0;2;0;0.0;0.0
38;2020-12-30;2;0;4;0;0.0;0.0
38;2020-12-31;5;0;9;0;0.0;0.0
38;2021-01-01;2;0;11;0;0.0;0.0
38;2021-01-02;1;0;12;0;0.0;0.0
38;2021-01-03;2;0;14;0;0.0;0.0
38;2021-01-04;162;0;176;0;0.0;0.0
38;2021-01-05;258;1;434;1;0.0;0.0
38;2021-01-06;364;0;798;1;0.1;0.0
38;2021-01-07;636;1;1434;2;0.1;0.0
38;2021-01-08;695;0;2129;2;0.2;0.0
38;2021-01-09;30;0;2159;2;0.2;0.0
38;2021-01-10;1;0;2160;2;0.2;0.0
38;2021-01-11;801;2;2961;4;0.2;0.0
38;2021-01-12;1470;4;4431;8;0.4;0.0
38;2021-01-13;1083;5;5514;13;0.4;0.0
38;2021-01-14;1681;15;7195;28;0.6;0.0
38;2021-01-15;1674;7;8869;35;0.7;0.0
38;2021-01-16;307;2;9176;37;0.7;0.0
38;2021-01-17;3;0;9179;37;0.7;0.0
38;2021-01-18;1177;4;10356;41;0.8;0.0
38;2021-01-19;2239;6;12595;47;1.0;0.0
38;2021-01-20;1882;4;14477;51;1.1;0.0
38;2021-01-21;1638;7;16115;58;1.3;0.0
38;2021-01-22;1401;9;17516;67;1.4;0.0
38;2021-01-23;379;3;17895;70;1.4;0.0
38;2021-01-24;1;0;17896;70;1.4;0.0
38;2021-01-25;790;107;18686;177;1.5;0.0
38;2021-01-26;855;182;19541;359;1.5;0.0
38;2021-01-27;1091;278;20632;637;1.6;0.1
38;2021-01-28;1173;476;21805;1113;1.7;0.1
38;2021-01-29;952;377;22757;1490;1.8;0.1
38;2021-01-30;304;0;23061;1490;1.8;0.1
38;2021-01-31;0;0;23061;1490;1.8;0.1
38;2021-02-01;701;599;23762;2089;1.9;0.2
38;2021-02-02;966;953;24728;3042;2.0;0.2
38;2021-02-03;1229;693;25957;3735;2.1;0.3
38;2021-02-04;1278;970;27235;4705;2.2;0.4
38;2021-02-05;1400;843;28635;5548;2.3;0.4
38;2021-02-06;187;95;28822;5643;2.3;0.4
38;2021-02-07;3;48;28825;5691;2.3;0.4
38;2021-02-08;861;789;29686;6480;2.3;0.5
38;2021-02-09;1537;1310;31223;7790;2.5;0.6
38;2021-02-10;1581;1284;32804;9074;2.6;0.7
38;2021-02-11;1871;1151;34675;10225;2.7;0.8
38;2021-02-12;1509;1124;36184;11349;2.9;0.9
38;2021-02-13;466;188;36650;11537;2.9;0.9
38;2021-02-14;1;7;36651;11544;2.9;0.9
38;2021-02-15;977;942;37628;12486;3.0;1.0
38;2021-02-16;1378;973;39006;13459;3.1;1.1
38;2021-02-17;1375;1062;40381;14521;3.2;1.1
38;2021-02-18;1789;1062;42170;15583;3.3;1.2
38;2021-02-19;1256;869;43426;16452;3.4;1.3
38;2021-02-20;469;311;43895;16763;3.5;1.3
38;2021-02-21;0;0;43895;16763;3.5;1.3
38;2021-02-22;1074;899;44969;17662;3.6;1.4
38;2021-02-23;1540;946;46509;18608;3.7;1.5
38;2021-02-24;1733;1133;48242;19741;3.8;1.6
38;2021-02-25;2500;1054;50742;20795;4.0;1.6
38;2021-02-26;3309;987;54051;21782;4.3;1.7
38;2021-02-27;1510;436;55561;22218;4.4;1.8
38;2021-02-28;33;2;55594;22220;4.4;1.8
38;2021-03-01;2509;790;58103;23010;4.6;1.8
38;2021-03-02;4047;1057;62150;24067;4.9;1.9
38;2021-03-03;3368;1246;65518;25313;5.2;2.0
38;2021-03-04;4485;1388;70003;26701;5.5;2.1
38;2021-03-05;5231;1206;75234;27907;5.9;2.2
38;2021-03-06;3042;272;78276;28179;6.2;2.2
38;2021-03-07;115;2;78391;28181;6.2;2.2
38;2021-03-08;2441;906;80832;29087;6.4;2.3
38;2021-03-09;4025;1311;84857;30398;6.7;2.4
38;2021-03-10;3506;1087;88363;31485;7.0;2.5
38;2021-03-11;5140;1524;93503;33009;7.4;2.6
38;2021-03-12;7091;1175;100594;34184;8.0;2.7
38;2021-03-13;3771;221;104365;34405;8.3;2.7
38;2021-03-14;544;14;104909;34419;8.3;2.7
38;2021-03-15;2701;1011;107610;35430;8.5;2.8
38;2021-03-16;2082;1354;109692;36784;8.7;2.9
38;2021-03-17;2025;1210;111717;37994;8.8;3.0
38;2021-03-18;2642;1367;114359;39361;9.0;3.1
38;2021-03-19;4010;1066;118369;40427;9.4;3.2
38;2021-03-20;1824;247;120193;40674;9.5;3.2
38;2021-03-21;130;8;120323;40682;9.5;3.2
38;2021-03-22;2866;1004;123189;41686;9.7;3.3
38;2021-03-23;4781;1494;127970;43180;10.1;3.4
38;2021-03-24;3710;1581;131680;44761;10.4;3.5
38;2021-03-25;5791;1537;137471;46298;10.9;3.7
38;2021-03-26;6600;1738;144071;48036;11.4;3.8
38;2021-03-27;2512;762;146583;48798;11.6;3.9
38;2021-03-28;926;46;147509;48844;11.7;3.9
38;2021-03-29;2679;1849;150188;50693;11.9;4.0
38;2021-03-30;4567;2540;154755;53233;12.2;4.2
38;2021-03-31;3663;2225;158418;55458;12.5;4.4
38;2021-04-01;5131;2519;163549;57977;12.9;4.6
38;2021-04-02;3874;2526;167423;60503;13.2;4.8
38;2021-04-03;1418;943;168841;61446;13.3;4.9
38;2021-04-04;430;45;169271;61491;13.4;4.9
38;2021-04-05;2174;349;171445;61840;13.6;4.9
38;2021-04-06;4346;2395;175791;64235;13.9;5.1
38;2021-04-07;4415;2736;180206;66971;14.2;5.3
38;2021-04-08;5650;2666;185856;69637;14.7;5.5
38;2021-04-09;8561;2732;194417;72369;15.4;5.7
38;2021-04-10;3599;1477;198016;73846;15.7;5.8
38;2021-04-11;1048;100;199064;73946;15.7;5.8
38;2021-04-12;4197;2254;203261;76200;16.1;6.0
38;2021-04-13;6123;2469;209384;78669;16.6;6.2
38;2021-04-14;5121;2461;214505;81130;17.0;6.4
38;2021-04-15;6363;2767;220868;83897;17.5;6.6
38;2021-04-16;6216;2728;227084;86625;18.0;6.8
38;2021-04-17;2587;995;229671;87620;18.2;6.9
38;2021-04-18;1333;72;231004;87692;18.3;6.9
38;2021-04-19;3945;2839;234949;90531;18.6;7.2
38;2021-04-20;5424;2855;240373;93386;19.0;7.4
38;2021-04-21;4980;2707;245353;96093;19.4;7.6
38;2021-04-22;5782;2835;251135;98928;19.9;7.8
38;2021-04-23;6036;2818;257171;101746;20.3;8.0
38;2021-04-24;2665;1348;259836;103094;20.5;8.1
38;2021-04-25;803;590;260639;103684;20.6;8.2
38;2021-04-26;4486;2473;265125;106157;21.0;8.4
38;2021-04-27;6044;2734;271169;108891;21.4;8.6
38;2021-04-28;6196;2507;277365;111398;21.9;8.8
38;2021-04-29;8330;3072;285695;114470;22.6;9.0
38;2021-04-30;7673;4058;293368;118528;23.2;9.4
38;2021-05-01;1541;198;294909;118726;23.3;9.4
38;2021-05-02;846;72;295755;118798;23.4;9.4
38;2021-05-03;5300;3589;301055;122387;23.8;9.7
38;2021-05-04;6199;5079;307254;127466;24.3;10.1
38;2021-05-05;6065;4610;313319;132076;24.8;10.4
38;2021-05-06;6714;5332;320033;137408;25.3;10.9
38;2021-05-07;7281;6444;327314;143852;25.9;11.4
38;2021-05-08;3772;719;331086;144571;26.2;11.4
38;2021-05-09;2851;1930;333937;146501;26.4;11.6
38;2021-05-10;6152;5310;340089;151811;26.9;12.0
38;2021-05-11;8223;6027;348312;157838;27.5;12.5
38;2021-05-12;9048;4704;357360;162542;28.3;12.8
38;2021-05-13;6637;1415;363997;163957;28.8;13.0
38;2021-05-14;9564;3424;373561;167381;29.5;13.2
38;2021-05-15;6862;1455;380423;168836;30.1;13.3
38;2021-05-16;5474;652;385897;169488;30.5;13.4
38;2021-05-17;7672;3008;393569;172496;31.1;13.6
38;2021-05-18;8623;4036;402192;176532;31.8;14.0
38;2021-05-19;8156;3344;410348;179876;32.4;14.2
38;2021-05-20;8976;4496;419324;184372;33.1;14.6
38;2021-05-21;9959;4585;429283;188957;33.9;14.9
38;2021-05-22;7454;1908;436737;190865;34.5;15.1
38;2021-05-23;5587;579;442324;191444;35.0;15.1
38;2021-05-24;7500;1624;449824;193068;35.6;15.3
38;2021-05-25;9541;4854;459365;197922;36.3;15.6
38;2021-05-26;8118;4726;467483;202648;37.0;16.0
38;2021-05-27;9132;5661;476615;208309;37.7;16.5
38;2021-05-28;8787;6502;485402;214811;38.4;17.0
38;2021-05-29;5819;3262;491221;218073;38.8;17.2
38;2021-05-30;2690;1594;493911;219667;39.0;17.4
38;2021-05-31;8271;5136;502182;224803;39.7;17.8
38;2021-06-01;7964;6439;510146;231242;40.3;18.3
38;2021-06-02;7141;5626;517287;236868;40.9;18.7
38;2021-06-03;7396;6838;524683;243706;41.5;19.3
38;2021-06-04;8126;7616;532809;251322;42.1;19.9
38;2021-06-05;5795;3947;538604;255269;42.6;20.2
38;2021-06-06;2508;1462;541112;256731;42.8;20.3
38;2021-06-07;5553;6873;546665;263604;43.2;20.8
38;2021-06-08;5875;7534;552540;271138;43.7;21.4
38;2021-06-09;5050;6472;557590;277610;44.1;21.9
38;2021-06-10;5428;6792;563018;284402;44.5;22.5
38;2021-06-11;5887;7792;568905;292194;45.0;23.1
38;2021-06-12;3945;3259;572850;295453;45.3;23.4
38;2021-06-13;1255;1297;574105;296750;45.4;23.5
38;2021-06-14;3870;7666;577975;304416;45.7;24.1
38;2021-06-15;5236;8147;583211;312563;46.1;24.7
38;2021-06-16;5123;7411;588334;319974;46.5;25.3
38;2021-06-17;4522;7060;592856;327034;46.9;25.9
38;2021-06-18;6167;9230;599023;336264;47.4;26.6
38;2021-06-19;3596;4968;602619;341232;47.6;27.0
38;2021-06-20;1038;2901;603657;344133;47.7;27.2
38;2021-06-21;3748;8708;607405;352841;48.0;27.9
38;2021-06-22;3791;10106;611196;362947;48.3;28.7
38;2021-06-23;3154;9548;614350;372495;48.6;29.4
38;2021-06-24;3381;8587;617731;381082;48.8;30.1
38;2021-06-25;3782;11496;621513;392578;49.1;31.0
38;2021-06-26;2229;7852;623742;400430;49.3;31.7
38;2021-06-27;1098;4357;624840;404787;49.4;32.0
38;2021-06-28;2949;10306;627789;415093;49.6;32.8
38;2021-06-29;3786;10447;631575;425540;49.9;33.6
38;2021-06-30;4059;9939;635634;435479;50.2;34.4
38;2021-07-01;3537;9015;639171;444494;50.5;35.1
38;2021-07-02;3728;11616;642899;456110;50.8;36.1
38;2021-07-03;1737;8787;644636;464897;51.0;36.8
38;2021-07-04;1243;3207;645879;468104;51.1;37.0
38;2021-07-05;3061;10546;648940;478650;51.3;37.8
38;2021-07-06;3447;10241;652387;488891;51.6;38.6
38;2021-07-07;3531;9396;655918;498287;51.9;39.4
38;2021-07-08;3494;8225;659412;506512;52.1;40.0
38;2021-07-09;3893;10740;663305;517252;52.4;40.9
38;2021-07-10;2403;7806;665708;525058;52.6;41.5
38;2021-07-11;778;2027;666486;527085;52.7;41.7
38;2021-07-12;3474;10675;669960;537760;53.0;42.5
38;2021-07-13;6596;10932;676556;548692;53.5;43.4
38;2021-07-14;4671;3336;681227;552028;53.9;43.6
38;2021-07-15;8734;9673;689961;561701;54.5;44.4
38;2021-07-16;8747;10695;698708;572396;55.2;45.2
38;2021-07-17;4732;7481;703440;579877;55.6;45.8
38;2021-07-18;2573;2489;706013;582366;55.8;46.0
38;2021-07-19;5819;9221;711832;591587;56.3;46.8
38;2021-07-20;6282;8302;718114;599889;56.8;47.4
38;2021-07-21;7859;8025;725973;607914;57.4;48.1
38;2021-07-22;7592;6993;733565;614907;58.0;48.6
38;2021-07-23;8941;9035;742506;623942;58.7;49.3
38;2021-07-24;5564;5529;748070;629471;59.1;49.8
38;2021-07-25;2861;1652;750931;631123;59.4;49.9
38;2021-07-26;7863;7495;758794;638618;60.0;50.5
38;2021-07-27;7614;6266;766408;644884;60.6;51.0
38;2021-07-28;8618;5707;775026;650591;61.3;51.4
38;2021-07-29;7661;4681;782687;655272;61.9;51.8
38;2021-07-30;7719;6646;790406;661918;62.5;52.3
38;2021-07-31;4321;3600;794727;665518;62.8;52.6
38;2021-08-01;1283;1085;796010;666603;62.9;52.7
38;2021-08-02;3916;4446;799926;671049;63.2;53.0
38;2021-08-03;4557;4552;804483;675601;63.6;53.4
38;2021-08-04;4610;4352;809093;679953;64.0;53.8
38;2021-08-05;3693;4639;812786;684592;64.3;54.1
38;2021-08-06;4082;5941;816868;690533;64.6;54.6
38;2021-08-07;2273;3529;819141;694062;64.8;54.9
38;2021-08-08;775;2016;819916;696078;64.8;55.0
38;2021-08-09;3579;5571;823495;701649;65.1;55.5
38;2021-08-10;4820;6246;828315;707895;65.5;56.0
38;2021-08-11;3910;4658;832225;712553;65.8;56.3
38;2021-08-12;3343;4604;835568;717157;66.1;56.7
38;2021-08-13;4082;6030;839650;723187;66.4;57.2
38;2021-08-14;1735;4023;841385;727210;66.5;57.5
38;2021-08-15;526;1918;841911;729128;66.6;57.6
38;2021-08-16;2942;7915;844853;737043;66.8;58.3
38;2021-08-17;3392;5949;848245;742992;67.1;58.7
38;2021-08-18;2949;7137;851194;750129;67.3;59.3
38;2021-08-19;2551;4821;853745;754950;67.5;59.7
38;2021-08-20;2844;8412;856589;763362;67.7;60.3
38;2021-08-21;1180;5009;857769;768371;67.8;60.7
38;2021-08-22;491;1507;858260;769878;67.8;60.9
38;2021-08-23;2561;7614;860821;777492;68.1;61.5
38;2021-08-24;2549;5322;863370;782814;68.3;61.9
38;2021-08-25;2544;5852;865914;788666;68.5;62.3
38;2021-08-26;2212;4215;868126;792881;68.6;62.7
39;2020-12-27;0;0;0;0;0.0;0.0
39;2020-12-28;0;0;0;0;0.0;0.0
39;2020-12-29;0;0;0;0;0.0;0.0
39;2020-12-30;0;0;0;0;0.0;0.0
39;2020-12-31;0;0;0;0;0.0;0.0
39;2021-01-01;0;0;0;0;0.0;0.0
39;2021-01-02;0;0;0;0;0.0;0.0
39;2021-01-03;0;0;0;0;0.0;0.0
39;2021-01-04;3;0;3;0;0.0;0.0
39;2021-01-05;3;0;6;0;0.0;0.0
39;2021-01-06;57;3;63;3;0.0;0.0
39;2021-01-07;332;2;395;5;0.2;0.0
39;2021-01-08;657;2;1052;7;0.4;0.0
39;2021-01-09;169;0;1221;7;0.5;0.0
39;2021-01-10;1;0;1222;7;0.5;0.0
39;2021-01-11;476;1;1698;8;0.7;0.0
39;2021-01-12;431;1;2129;9;0.8;0.0
39;2021-01-13;408;2;2537;11;1.0;0.0
39;2021-01-14;574;3;3111;14;1.2;0.0
39;2021-01-15;471;1;3582;15;1.4;0.0
39;2021-01-16;141;1;3723;16;1.4;0.0
39;2021-01-17;0;1;3723;17;1.4;0.0
39;2021-01-18;924;7;4647;24;1.8;0.0
39;2021-01-19;1181;7;5828;31;2.3;0.0
39;2021-01-20;906;4;6734;35;2.6;0.0
39;2021-01-21;1178;2;7912;37;3.1;0.0
39;2021-01-22;985;2;8897;39;3.5;0.0
39;2021-01-23;383;1;9280;40;3.6;0.0
39;2021-01-24;0;0;9280;40;3.6;0.0
39;2021-01-25;642;2;9922;42;3.8;0.0
39;2021-01-26;1121;12;11043;54;4.3;0.0
39;2021-01-27;925;17;11968;71;4.6;0.0
39;2021-01-28;740;242;12708;313;4.9;0.1
39;2021-01-29;582;422;13290;735;5.2;0.3
39;2021-01-30;265;109;13555;844;5.3;0.3
39;2021-01-31;1;0;13556;844;5.3;0.3
39;2021-02-01;562;262;14118;1106;5.5;0.4
39;2021-02-02;754;323;14872;1429;5.8;0.6
39;2021-02-03;531;516;15403;1945;6.0;0.8
39;2021-02-04;554;460;15957;2405;6.2;0.9
39;2021-02-05;439;430;16396;2835;6.4;1.1
39;2021-02-06;265;110;16661;2945;6.5;1.1
39;2021-02-07;0;1;16661;2946;6.5;1.1
39;2021-02-08;321;372;16982;3318;6.6;1.3
39;2021-02-09;383;483;17365;3801;6.7;1.5
39;2021-02-10;252;336;17617;4137;6.8;1.6
39;2021-02-11;586;512;18203;4649;7.1;1.8
39;2021-02-12;386;417;18589;5066;7.2;2.0
39;2021-02-13;99;69;18688;5135;7.2;2.0
39;2021-02-14;0;0;18688;5135;7.2;2.0
39;2021-02-15;99;756;18787;5891;7.3;2.3
39;2021-02-16;99;910;18886;6801;7.3;2.6
39;2021-02-17;58;694;18944;7495;7.3;2.9
39;2021-02-18;109;856;19053;8351;7.4;3.2
39;2021-02-19;100;485;19153;8836;7.4;3.4
39;2021-02-20;18;364;19171;9200;7.4;3.6
39;2021-02-21;0;0;19171;9200;7.4;3.6
39;2021-02-22;100;730;19271;9930;7.5;3.9
39;2021-02-23;4;764;19275;10694;7.5;4.1
39;2021-02-24;125;873;19400;11567;7.5;4.5
39;2021-02-25;214;747;19614;12314;7.6;4.8
39;2021-02-26;218;469;19832;12783;7.7;5.0
39;2021-02-27;169;298;20001;13081;7.8;5.1
39;2021-02-28;1;0;20002;13081;7.8;5.1
39;2021-03-01;218;639;20220;13720;7.8;5.3
39;2021-03-02;329;828;20549;14548;8.0;5.6
39;2021-03-03;601;530;21150;15078;8.2;5.8
39;2021-03-04;658;476;21808;15554;8.5;6.0
39;2021-03-05;670;330;22478;15884;8.7;6.2
39;2021-03-06;777;249;23255;16133;9.0;6.3
39;2021-03-07;242;84;23497;16217;9.1;6.3
39;2021-03-08;286;446;23783;16663;9.2;6.5
39;2021-03-09;843;461;24626;17124;9.6;6.6
39;2021-03-10;984;338;25610;17462;9.9;6.8
39;2021-03-11;829;462;26439;17924;10.3;7.0
39;2021-03-12;806;292;27245;18216;10.6;7.1
39;2021-03-13;788;104;28033;18320;10.9;7.1
39;2021-03-14;35;10;28068;18330;10.9;7.1
39;2021-03-15;512;106;28580;18436;11.1;7.1
39;2021-03-16;555;69;29135;18505;11.3;7.2
39;2021-03-17;612;57;29747;18562;11.5;7.2
39;2021-03-18;597;72;30344;18634;11.8;7.2
39;2021-03-19;393;72;30737;18706;11.9;7.3
39;2021-03-20;311;10;31048;18716;12.0;7.3
39;2021-03-21;3;0;31051;18716;12.0;7.3
39;2021-03-22;754;117;31805;18833;12.3;7.3
39;2021-03-23;1130;44;32935;18877;12.8;7.3
39;2021-03-24;1178;97;34113;18974;13.2;7.4
39;2021-03-25;2042;130;36155;19104;14.0;7.4
39;2021-03-26;798;116;36953;19220;14.3;7.5
39;2021-03-27;345;6;37298;19226;14.5;7.5
39;2021-03-28;36;4;37334;19230;14.5;7.5
39;2021-03-29;1037;195;38371;19425;14.9;7.5
39;2021-03-30;1400;269;39771;19694;15.4;7.6
39;2021-03-31;657;526;40428;20220;15.7;7.8
39;2021-04-01;1310;316;41738;20536;16.2;8.0
39;2021-04-02;626;131;42364;20667;16.4;8.0
39;2021-04-03;180;8;42544;20675;16.5;8.0
39;2021-04-04;4;1;42548;20676;16.5;8.0
39;2021-04-05;1;0;42549;20676;16.5;8.0
39;2021-04-06;824;632;43373;21308;16.8;8.3
39;2021-04-07;1132;678;44505;21986;17.3;8.5
39;2021-04-08;1790;582;46295;22568;18.0;8.8
39;2021-04-09;1676;292;47971;22860;18.6;8.9
39;2021-04-10;346;183;48317;23043;18.7;8.9
39;2021-04-11;2;0;48319;23043;18.7;8.9
39;2021-04-12;680;397;48999;23440;19.0;9.1
39;2021-04-13;1200;581;50199;24021;19.5;9.3
39;2021-04-14;845;639;51044;24660;19.8;9.6
39;2021-04-15;1481;717;52525;25377;20.4;9.8
39;2021-04-16;1090;175;53615;25552;20.8;9.9
39;2021-04-17;197;61;53812;25613;20.9;9.9
39;2021-04-18;0;0;53812;25613;20.9;9.9
39;2021-04-19;524;699;54336;26312;21.1;10.2
39;2021-04-20;766;546;55102;26858;21.4;10.4
39;2021-04-21;1142;721;56244;27579;21.8;10.7
39;2021-04-22;1012;1133;57256;28712;22.2;11.1
39;2021-04-23;457;359;57713;29071;22.4;11.3
39;2021-04-24;276;149;57989;29220;22.5;11.3
39;2021-04-25;12;3;58001;29223;22.5;11.3
39;2021-04-26;568;1040;58569;30263;22.7;11.7
39;2021-04-27;788;982;59357;31245;23.0;12.1
39;2021-04-28;1719;417;61076;31662;23.7;12.3
39;2021-04-29;2571;973;63647;32635;24.7;12.7
39;2021-04-30;2475;393;66122;33028;25.6;12.8
39;2021-05-01;41;53;66163;33081;25.7;12.8
39;2021-05-02;0;0;66163;33081;25.7;12.8
39;2021-05-03;917;807;67080;33888;26.0;13.1
39;2021-05-04;949;1128;68029;35016;26.4;13.6
39;2021-05-05;1954;889;69983;35905;27.1;13.9
39;2021-05-06;2424;1345;72407;37250;28.1;14.4
39;2021-05-07;1286;576;73693;37826;28.6;14.7
39;2021-05-08;179;55;73872;37881;28.6;14.7
39;2021-05-09;10;8;73882;37889;28.7;14.7
39;2021-05-10;1761;849;75643;38738;29.3;15.0
39;2021-05-11;1775;1516;77418;40254;30.0;15.6
39;2021-05-12;1809;1496;79227;41750;30.7;16.2
39;2021-05-13;246;23;79473;41773;30.8;16.2
39;2021-05-14;2392;335;81865;42108;31.7;16.3
39;2021-05-15;1848;257;83713;42365;32.5;16.4
39;2021-05-16;0;0;83713;42365;32.5;16.4
39;2021-05-17;1988;729;85701;43094;33.2;16.7
39;2021-05-18;1692;1183;87393;44277;33.9;17.2
39;2021-05-19;2496;557;89889;44834;34.9;17.4
39;2021-05-20;2465;756;92354;45590;35.8;17.7
39;2021-05-21;1800;565;94154;46155;36.5;17.9
39;2021-05-22;322;218;94476;46373;36.6;18.0
39;2021-05-23;7;36;94483;46409;36.6;18.0
39;2021-05-24;8;28;94491;46437;36.6;18.0
39;2021-05-25;1726;1205;96217;47642;37.3;18.5
39;2021-05-26;1644;1380;97861;49022;38.0;19.0
39;2021-05-27;1486;1623;99347;50645;38.5;19.6
39;2021-05-28;856;1219;100203;51864;38.9;20.1
39;2021-05-29;261;276;100464;52140;39.0;20.2
39;2021-05-30;2;40;100466;52180;39.0;20.2
39;2021-05-31;1626;1248;102092;53428;39.6;20.7
39;2021-06-01;1895;1321;103987;54749;40.3;21.2
39;2021-06-02;1707;1174;105694;55923;41.0;21.7
39;2021-06-03;1326;1160;107020;57083;41.5;22.1
39;2021-06-04;941;1070;107961;58153;41.9;22.6
39;2021-06-05;766;516;108727;58669;42.2;22.8
39;2021-06-06;1;36;108728;58705;42.2;22.8
39;2021-06-07;2104;916;110832;59621;43.0;23.1
39;2021-06-08;2211;1155;113043;60776;43.8;23.6
39;2021-06-09;1732;1244;114775;62020;44.5;24.1
39;2021-06-10;1617;2082;116392;64102;45.1;24.9
39;2021-06-11;1569;1271;117961;65373;45.7;25.4
39;2021-06-12;1263;348;119224;65721;46.2;25.5
39;2021-06-13;11;18;119235;65739;46.2;25.5
39;2021-06-14;1337;1895;120572;67634;46.8;26.2
39;2021-06-15;1388;1257;121960;68891;47.3;26.7
39;2021-06-16;1171;1539;123131;70430;47.8;27.3
39;2021-06-17;1043;1716;124174;72146;48.2;28.0
39;2021-06-18;1637;1179;125811;73325;48.8;28.4
39;2021-06-19;249;412;126060;73737;48.9;28.6
39;2021-06-20;2;18;126062;73755;48.9;28.6
39;2021-06-21;351;2494;126413;76249;49.0;29.6
39;2021-06-22;814;2294;127227;78543;49.3;30.5
39;2021-06-23;1200;1302;128427;79845;49.8;31.0
39;2021-06-24;736;1048;129163;80893;50.1;31.4
39;2021-06-25;680;2963;129843;83856;50.4;32.5
39;2021-06-26;205;1564;130048;85420;50.4;33.1
39;2021-06-27;0;0;130048;85420;50.4;33.1
39;2021-06-28;304;2745;130352;88165;50.6;34.2
39;2021-06-29;498;2697;130850;90862;50.7;35.2
39;2021-06-30;898;2422;131748;93284;51.1;36.2
39;2021-07-01;644;1937;132392;95221;51.3;36.9
39;2021-07-02;1111;1406;133503;96627;51.8;37.5
39;2021-07-03;554;524;134057;97151;52.0;37.7
39;2021-07-04;1;2;134058;97153;52.0;37.7
39;2021-07-05;602;2589;134660;99742;52.2;38.7
39;2021-07-06;836;1888;135496;101630;52.5;39.4
39;2021-07-07;590;1388;136086;103018;52.8;40.0
39;2021-07-08;697;906;136783;103924;53.0;40.3
39;2021-07-09;1080;1585;137863;105509;53.5;40.9
39;2021-07-10;739;476;138602;105985;53.8;41.1
39;2021-07-11;28;8;138630;105993;53.8;41.1
39;2021-07-12;576;2596;139206;108589;54.0;42.1
39;2021-07-13;1635;2657;140841;111246;54.6;43.1
39;2021-07-14;17;21;140858;111267;54.6;43.2
39;2021-07-15;1904;1836;142762;113103;55.4;43.9
39;2021-07-16;3226;2041;145988;115144;56.6;44.7
39;2021-07-17;2226;1162;148214;116306;57.5;45.1
39;2021-07-18;164;52;148378;116358;57.5;45.1
39;2021-07-19;1402;2959;149780;119317;58.1;46.3
39;2021-07-20;1841;2809;151621;122126;58.8;47.4
39;2021-07-21;2587;2582;154208;124708;59.8;48.4
39;2021-07-22;1934;1841;156142;126549;60.6;49.1
39;2021-07-23;1810;1927;157952;128476;61.3;49.8
39;2021-07-24;1400;1427;159352;129903;61.8;50.4
39;2021-07-25;0;1;159352;129904;61.8;50.4
39;2021-07-26;1319;2000;160671;131904;62.3;51.2
39;2021-07-27;2343;1900;163014;133804;63.2;51.9
39;2021-07-28;2686;1475;165700;135279;64.3;52.5
39;2021-07-29;2198;1739;167898;137018;65.1;53.1
39;2021-07-30;2041;1466;169939;138484;65.9;53.7
39;2021-07-31;1365;654;171304;139138;66.4;54.0
39;2021-08-01;10;18;171314;139156;66.4;54.0
39;2021-08-02;1202;1400;172516;140556;66.9;54.5
39;2021-08-03;1916;1487;174432;142043;67.6;55.1
39;2021-08-04;1044;660;175476;142703;68.1;55.3
39;2021-08-05;1233;737;176709;143440;68.5;55.6
39;2021-08-06;1375;2290;178084;145730;69.1;56.5
39;2021-08-07;1060;1212;179144;146942;69.5;57.0
39;2021-08-08;26;10;179170;146952;69.5;57.0
39;2021-08-09;435;303;179605;147255;69.7;57.1
39;2021-08-10;1227;929;180832;148184;70.1;57.5
39;2021-08-11;894;1530;181726;149714;70.5;58.1
39;2021-08-12;1584;2165;183310;151879;71.1;58.9
39;2021-08-13;1326;2117;184636;153996;71.6;59.7
39;2021-08-14;356;1104;184992;155100;71.7;60.2
39;2021-08-15;0;1;184992;155101;71.7;60.2
39;2021-08-16;486;735;185478;155836;71.9;60.4
39;2021-08-17;569;1437;186047;157273;72.2;61.0
39;2021-08-18;858;1728;186905;159001;72.5;61.7
39;2021-08-19;905;1593;187810;160594;72.8;62.3
39;2021-08-20;638;2501;188448;163095;73.1;63.3
39;2021-08-21;468;1288;188916;164383;73.3;63.8
39;2021-08-22;6;11;188922;164394;73.3;63.8
39;2021-08-23;263;972;189185;165366;73.4;64.1
39;2021-08-24;452;1606;189637;166972;73.5;64.8
39;2021-08-25;620;1601;190257;168573;73.8;65.4
39;2021-08-26;705;1856;190962;170429;74.1;66.1
40;2020-12-27;0;0;0;0;0.0;0.0
40;2020-12-28;0;0;0;0;0.0;0.0
40;2020-12-29;0;0;0;0;0.0;0.0
40;2020-12-30;0;0;0;0;0.0;0.0
40;2020-12-31;1;0;1;0;0.0;0.0
40;2021-01-01;0;0;1;0;0.0;0.0
40;2021-01-02;0;0;1;0;0.0;0.0
40;2021-01-03;0;0;1;0;0.0;0.0
40;2021-01-04;0;0;1;0;0.0;0.0
40;2021-01-05;0;0;1;0;0.0;0.0
40;2021-01-06;1;0;2;0;0.0;0.0
40;2021-01-07;212;0;214;0;0.1;0.0
40;2021-01-08;392;2;606;2;0.1;0.0
40;2021-01-09;0;0;606;2;0.1;0.0
40;2021-01-10;1;0;607;2;0.1;0.0
40;2021-01-11;111;0;718;2;0.2;0.0
40;2021-01-12;0;0;718;2;0.2;0.0
40;2021-01-13;681;1;1399;3;0.3;0.0
40;2021-01-14;901;5;2300;8;0.6;0.0
40;2021-01-15;811;3;3111;11;0.8;0.0
40;2021-01-16;157;0;3268;11;0.8;0.0
40;2021-01-17;1;1;3269;12;0.8;0.0
40;2021-01-18;402;0;3671;12;0.9;0.0
40;2021-01-19;1204;3;4875;15;1.2;0.0
40;2021-01-20;879;2;5754;17;1.4;0.0
40;2021-01-21;1266;5;7020;22;1.7;0.0
40;2021-01-22;809;2;7829;24;1.9;0.0
40;2021-01-23;288;0;8117;24;2.0;0.0
40;2021-01-24;2;0;8119;24;2.0;0.0
40;2021-01-25;393;2;8512;26;2.1;0.0
40;2021-01-26;803;6;9315;32;2.3;0.0
40;2021-01-27;1118;12;10433;44;2.5;0.0
40;2021-01-28;708;112;11141;156;2.7;0.0
40;2021-01-29;600;229;11741;385;2.8;0.1
40;2021-01-30;235;3;11976;388;2.9;0.1
40;2021-01-31;1;0;11977;388;2.9;0.1
40;2021-02-01;358;131;12335;519;3.0;0.1
40;2021-02-02;923;52;13258;571;3.2;0.1
40;2021-02-03;894;299;14152;870;3.4;0.2
40;2021-02-04;1059;602;15211;1472;3.7;0.4
40;2021-02-05;793;421;16004;1893;3.9;0.5
40;2021-02-06;380;84;16384;1977;4.0;0.5
40;2021-02-07;10;0;16394;1977;4.0;0.5
40;2021-02-08;372;121;16766;2098;4.1;0.5
40;2021-02-09;809;540;17575;2638;4.3;0.6
40;2021-02-10;749;469;18324;3107;4.4;0.8
40;2021-02-11;739;682;19063;3789;4.6;0.9
40;2021-02-12;628;642;19691;4431;4.8;1.1
40;2021-02-13;400;95;20091;4526;4.9;1.1
40;2021-02-14;0;0;20091;4526;4.9;1.1
40;2021-02-15;48;386;20139;4912;4.9;1.2
40;2021-02-16;285;599;20424;5511;5.0;1.3
40;2021-02-17;360;891;20784;6402;5.0;1.6
40;2021-02-18;382;694;21166;7096;5.1;1.7
40;2021-02-19;144;643;21310;7739;5.2;1.9
40;2021-02-20;39;95;21349;7834;5.2;1.9
40;2021-02-21;1;66;21350;7900;5.2;1.9
40;2021-02-22;53;562;21403;8462;5.2;2.1
40;2021-02-23;179;835;21582;9297;5.2;2.3
40;2021-02-24;283;685;21865;9982;5.3;2.4
40;2021-02-25;727;991;22592;10973;5.5;2.7
40;2021-02-26;656;633;23248;11606;5.6;2.8
40;2021-02-27;384;101;23632;11707;5.7;2.8
40;2021-02-28;2;0;23634;11707;5.7;2.8
40;2021-03-01;418;506;24052;12213;5.8;3.0
40;2021-03-02;734;1039;24786;13252;6.0;3.2
40;2021-03-03;934;910;25720;14162;6.2;3.4
40;2021-03-04;1319;822;27039;14984;6.6;3.6
40;2021-03-05;1231;741;28270;15725;6.9;3.8
40;2021-03-06;866;391;29136;16116;7.1;3.9
40;2021-03-07;92;9;29228;16125;7.1;3.9
40;2021-03-08;838;500;30066;16625;7.3;4.0
40;2021-03-09;1505;642;31571;17267;7.7;4.2
40;2021-03-10;1749;713;33320;17980;8.1;4.4
40;2021-03-11;1985;695;35305;18675;8.6;4.5
40;2021-03-12;2049;548;37354;19223;9.1;4.7
40;2021-03-13;973;255;38327;19478;9.3;4.7
40;2021-03-14;98;0;38425;19478;9.3;4.7
40;2021-03-15;924;88;39349;19566;9.6;4.7
40;2021-03-16;987;271;40336;19837;9.8;4.8
40;2021-03-17;1576;346;41912;20183;10.2;4.9
40;2021-03-18;1560;339;43472;20522;10.6;5.0
40;2021-03-19;1808;143;45280;20665;11.0;5.0
40;2021-03-20;706;14;45986;20679;11.2;5.0
40;2021-03-21;52;1;46038;20680;11.2;5.0
40;2021-03-22;1174;35;47212;20715;11.5;5.0
40;2021-03-23;2324;167;49536;20882;12.0;5.1
40;2021-03-24;2325;231;51861;21113;12.6;5.1
40;2021-03-25;2767;381;54628;21494;13.3;5.2
40;2021-03-26;3121;209;57749;21703;14.0;5.3
40;2021-03-27;923;47;58672;21750;14.2;5.3
40;2021-03-28;178;47;58850;21797;14.3;5.3
40;2021-03-29;1153;381;60003;22178;14.6;5.4
40;2021-03-30;2298;390;62301;22568;15.1;5.5
40;2021-03-31;1999;303;64300;22871;15.6;5.6
40;2021-04-01;2410;330;66710;23201;16.2;5.6
40;2021-04-02;2362;218;69072;23419;16.8;5.7
40;2021-04-03;743;121;69815;23540;16.9;5.7
40;2021-04-04;362;8;70177;23548;17.0;5.7
40;2021-04-05;523;40;70700;23588;17.2;5.7
40;2021-04-06;2096;809;72796;24397;17.7;5.9
40;2021-04-07;2665;872;75461;25269;18.3;6.1
40;2021-04-08;3061;896;78522;26165;19.1;6.4
40;2021-04-09;3826;605;82348;26770;20.0;6.5
40;2021-04-10;1598;342;83946;27112;20.4;6.6
40;2021-04-11;51;6;83997;27118;20.4;6.6
40;2021-04-12;2177;734;86174;27852;20.9;6.8
40;2021-04-13;2567;1089;88741;28941;21.5;7.0
40;2021-04-14;2571;1375;91312;30316;22.2;7.4
40;2021-04-15;2987;1505;94299;31821;22.9;7.7
40;2021-04-16;2878;1185;97177;33006;23.6;8.0
40;2021-04-17;1464;348;98641;33354;23.9;8.1
40;2021-04-18;57;24;98698;33378;24.0;8.1
40;2021-04-19;1058;1022;99756;34400;24.2;8.3
40;2021-04-20;1622;1744;101378;36144;24.6;8.8
40;2021-04-21;1777;1739;103155;37883;25.0;9.2
40;2021-04-22;2113;1775;105268;39658;25.6;9.6
40;2021-04-23;2163;1398;107431;41056;26.1;10.0
40;2021-04-24;1328;624;108759;41680;26.4;10.1
40;2021-04-25;37;57;108796;41737;26.4;10.1
40;2021-04-26;1251;1137;110047;42874;26.7;10.4
40;2021-04-27;1487;2033;111534;44907;27.1;10.9
40;2021-04-28;2051;1370;113585;46277;27.6;11.2
40;2021-04-29;2608;1899;116193;48176;28.2;11.7
40;2021-04-30;2701;1616;118894;49792;28.9;12.1
40;2021-05-01;1229;783;120123;50575;29.2;12.3
40;2021-05-02;143;322;120266;50897;29.2;12.4
40;2021-05-03;1857;1500;122123;52397;29.6;12.7
40;2021-05-04;1883;2467;124006;54864;30.1;13.3
40;2021-05-05;2188;2668;126194;57532;30.6;14.0
40;2021-05-06;2237;2866;128431;60398;31.2;14.7
40;2021-05-07;1904;3004;130335;63402;31.6;15.4
40;2021-05-08;675;468;131010;63870;31.8;15.5
40;2021-05-09;316;21;131326;63891;31.9;15.5
40;2021-05-10;1399;2055;132725;65946;32.2;16.0
40;2021-05-11;2197;2510;134922;68456;32.7;16.6
40;2021-05-12;2731;1944;137653;70400;33.4;17.1
40;2021-05-13;1984;515;139637;70915;33.9;17.2
40;2021-05-14;2324;1657;141961;72572;34.5;17.6
40;2021-05-15;1340;963;143301;73535;34.8;17.8
40;2021-05-16;434;24;143735;73559;34.9;17.9
40;2021-05-17;2120;1313;145855;74872;35.4;18.2
40;2021-05-18;2509;1417;148364;76289;36.0;18.5
40;2021-05-19;2957;1107;151321;77396;36.7;18.8
40;2021-05-20;3586;1164;154907;78560;37.6;19.1
40;2021-05-21;2925;1330;157832;79890;38.3;19.4
40;2021-05-22;1146;796;158978;80686;38.6;19.6
40;2021-05-23;631;29;159609;80715;38.7;19.6
40;2021-05-24;1212;332;160821;81047;39.0;19.7
40;2021-05-25;2168;1308;162989;82355;39.6;20.0
40;2021-05-26;2615;1562;165604;83917;40.2;20.4
40;2021-05-27;2734;2012;168338;85929;40.9;20.9
40;2021-05-28;2569;2275;170907;88204;41.5;21.4
40;2021-05-29;1558;1256;172465;89460;41.9;21.7
40;2021-05-30;4;52;172469;89512;41.9;21.7
40;2021-05-31;2566;1209;175035;90721;42.5;22.0
40;2021-06-01;3011;1771;178046;92492;43.2;22.5
40;2021-06-02;3173;1990;181219;94482;44.0;22.9
40;2021-06-03;3592;2337;184811;96819;44.9;23.5
40;2021-06-04;3016;2805;187827;99624;45.6;24.2
40;2021-06-05;1780;1396;189607;101020;46.0;24.5
40;2021-06-06;459;79;190066;101099;46.1;24.5
40;2021-06-07;2185;2026;192251;103125;46.7;25.0
40;2021-06-08;2954;2102;195205;105227;47.4;25.5
40;2021-06-09;3215;2268;198420;107495;48.2;26.1
40;2021-06-10;2996;2097;201416;109592;48.9;26.6
40;2021-06-11;3139;2797;204555;112389;49.7;27.3
40;2021-06-12;1964;1636;206519;114025;50.1;27.7
40;2021-06-13;644;161;207163;114186;50.3;27.7
40;2021-06-14;1458;2499;208621;116685;50.6;28.3
40;2021-06-15;2237;2822;210858;119507;51.2;29.0
40;2021-06-16;2608;2457;213466;121964;51.8;29.6
40;2021-06-17;2432;2437;215898;124401;52.4;30.2
40;2021-06-18;2325;2904;218223;127305;53.0;30.9
40;2021-06-19;1798;1231;220021;128536;53.4;31.2
40;2021-06-20;345;276;220366;128812;53.5;31.3
40;2021-06-21;1395;2320;221761;131132;53.8;31.8
40;2021-06-22;1688;2996;223449;134128;54.2;32.6
40;2021-06-23;1606;3345;225055;137473;54.6;33.4
40;2021-06-24;1735;2385;226790;139858;55.0;33.9
40;2021-06-25;1760;3264;228550;143122;55.5;34.7
40;2021-06-26;1328;1713;229878;144835;55.8;35.2
40;2021-06-27;263;354;230141;145189;55.9;35.2
40;2021-06-28;1334;2821;231475;148010;56.2;35.9
40;2021-06-29;1710;3390;233185;151400;56.6;36.7
40;2021-06-30;1777;3644;234962;155044;57.0;37.6
40;2021-07-01;1713;3953;236675;158997;57.4;38.6
40;2021-07-02;1562;3808;238237;162805;57.8;39.5
40;2021-07-03;678;1922;238915;164727;58.0;40.0
40;2021-07-04;219;483;239134;165210;58.0;40.1
40;2021-07-05;1474;3022;240608;168232;58.4;40.8
40;2021-07-06;1767;3613;242375;171845;58.8;41.7
40;2021-07-07;1975;3845;244350;175690;59.3;42.6
40;2021-07-08;2102;3409;246452;179099;59.8;43.5
40;2021-07-09;2108;3948;248560;183047;60.3;44.4
40;2021-07-10;1005;2158;249565;185205;60.6;45.0
40;2021-07-11;207;294;249772;185499;60.6;45.0
40;2021-07-12;1313;4044;251085;189543;60.9;46.0
40;2021-07-13;2427;4698;253512;194241;61.5;47.1
40;2021-07-14;2196;2057;255708;196298;62.1;47.6
40;2021-07-15;2844;4859;258552;201157;62.8;48.8
40;2021-07-16;3314;3945;261866;205102;63.6;49.8
40;2021-07-17;2110;2594;263976;207696;64.1;50.4
40;2021-07-18;472;542;264448;208238;64.2;50.5
40;2021-07-19;2568;3702;267016;211940;64.8;51.4
40;2021-07-20;3059;4056;270075;215996;65.6;52.4
40;2021-07-21;3205;3884;273280;219880;66.3;53.4
40;2021-07-22;3852;3927;277132;223807;67.3;54.3
40;2021-07-23;4087;4108;281219;227915;68.3;55.3
40;2021-07-24;2793;2109;284012;230024;68.9;55.8
40;2021-07-25;954;489;284966;230513;69.2;56.0
40;2021-07-26;2937;3080;287903;233593;69.9;56.7
40;2021-07-27;3519;3603;291422;237196;70.7;57.6
40;2021-07-28;3379;3397;294801;240593;71.6;58.4
40;2021-07-29;3540;3432;298341;244025;72.4;59.2
40;2021-07-30;3128;3403;301469;247428;73.2;60.1
40;2021-07-31;1780;1909;303249;249337;73.6;60.5
40;2021-08-01;343;286;303592;249623;73.7;60.6
40;2021-08-02;2000;2380;305592;252003;74.2;61.2
40;2021-08-03;2323;2691;307915;254694;74.7;61.8
40;2021-08-04;2087;2320;310002;257014;75.2;62.4
40;2021-08-05;1962;2669;311964;259683;75.7;63.0
40;2021-08-06;1869;3065;313833;262748;76.2;63.8
40;2021-08-07;1216;1744;315049;264492;76.5;64.2
40;2021-08-08;83;154;315132;264646;76.5;64.2
40;2021-08-09;1596;3126;316728;267772;76.9;65.0
40;2021-08-10;1419;3164;318147;270936;77.2;65.8
40;2021-08-11;1412;2846;319559;273782;77.6;66.5
40;2021-08-12;1271;3100;320830;276882;77.9;67.2
40;2021-08-13;1128;2977;321958;279859;78.1;67.9
40;2021-08-14;617;2037;322575;281896;78.3;68.4
40;2021-08-15;5;172;322580;282068;78.3;68.5
40;2021-08-16;1103;3387;323683;285455;78.6;69.3
40;2021-08-17;1154;3419;324837;288874;78.8;70.1
40;2021-08-18;981;3261;325818;292135;79.1;70.9
40;2021-08-19;847;2970;326665;295105;79.3;71.6
40;2021-08-20;800;3033;327465;298138;79.5;72.4
40;2021-08-21;523;1898;327988;300036;79.6;72.8
40;2021-08-22;71;463;328059;300499;79.6;72.9
40;2021-08-23;726;2814;328785;303313;79.8;73.6
40;2021-08-24;691;2539;329476;305852;80.0;74.2
40;2021-08-25;639;1997;330115;307849;80.1;74.7
40;2021-08-26;484;1671;330599;309520;80.2;75.1
41;2020-12-27;0;0;0;0;0.0;0.0
41;2020-12-28;0;0;0;0;0.0;0.0
41;2020-12-29;0;0;0;0;0.0;0.0
41;2020-12-30;0;0;0;0;0.0;0.0
41;2020-12-31;0;0;0;0;0.0;0.0
41;2021-01-01;0;0;0;0;0.0;0.0
41;2021-01-02;2;0;2;0;0.0;0.0
41;2021-01-03;0;0;2;0;0.0;0.0
41;2021-01-04;0;0;2;0;0.0;0.0
41;2021-01-05;35;0;37;0;0.0;0.0
41;2021-01-06;72;0;109;0;0.0;0.0
41;2021-01-07;21;0;130;0;0.0;0.0
41;2021-01-08;1;0;131;0;0.0;0.0
41;2021-01-09;0;0;131;0;0.0;0.0
41;2021-01-10;0;0;131;0;0.0;0.0
41;2021-01-11;133;0;264;0;0.1;0.0
41;2021-01-12;321;1;585;1;0.2;0.0
41;2021-01-13;271;0;856;1;0.3;0.0
41;2021-01-14;283;1;1139;2;0.3;0.0
41;2021-01-15;215;1;1354;3;0.4;0.0
41;2021-01-16;0;0;1354;3;0.4;0.0
41;2021-01-17;0;0;1354;3;0.4;0.0
41;2021-01-18;397;2;1751;5;0.5;0.0
41;2021-01-19;857;1;2608;6;0.8;0.0
41;2021-01-20;1056;3;3664;9;1.1;0.0
41;2021-01-21;1567;8;5231;17;1.6;0.0
41;2021-01-22;836;0;6067;17;1.9;0.0
41;2021-01-23;92;0;6159;17;1.9;0.0
41;2021-01-24;0;0;6159;17;1.9;0.0
41;2021-01-25;421;1;6580;18;2.0;0.0
41;2021-01-26;473;2;7053;20;2.2;0.0
41;2021-01-27;441;2;7494;22;2.3;0.0
41;2021-01-28;604;56;8098;78;2.5;0.0
41;2021-01-29;260;30;8358;108;2.5;0.0
41;2021-01-30;0;0;8358;108;2.5;0.0
41;2021-01-31;0;0;8358;108;2.5;0.0
41;2021-02-01;349;148;8707;256;2.7;0.1
41;2021-02-02;471;230;9178;486;2.8;0.1
41;2021-02-03;341;202;9519;688;2.9;0.2
41;2021-02-04;559;155;10078;843;3.1;0.3
41;2021-02-05;329;189;10407;1032;3.2;0.3
41;2021-02-06;4;0;10411;1032;3.2;0.3
41;2021-02-07;2;0;10413;1032;3.2;0.3
41;2021-02-08;306;306;10719;1338;3.3;0.4
41;2021-02-09;599;453;11318;1791;3.5;0.5
41;2021-02-10;486;692;11804;2483;3.6;0.8
41;2021-02-11;1066;1157;12870;3640;3.9;1.1
41;2021-02-12;688;359;13558;3999;4.1;1.2
41;2021-02-13;9;5;13567;4004;4.1;1.2
41;2021-02-14;3;27;13570;4031;4.1;1.2
41;2021-02-15;314;306;13884;4337;4.2;1.3
41;2021-02-16;354;566;14238;4903;4.3;1.5
41;2021-02-17;317;458;14555;5361;4.4;1.6
41;2021-02-18;617;325;15172;5686;4.6;1.7
41;2021-02-19;456;337;15628;6023;4.8;1.8
41;2021-02-20;69;58;15697;6081;4.8;1.9
41;2021-02-21;0;0;15697;6081;4.8;1.9
41;2021-02-22;310;414;16007;6495;4.9;2.0
41;2021-02-23;454;346;16461;6841;5.0;2.1
41;2021-02-24;281;442;16742;7283;5.1;2.2
41;2021-02-25;675;459;17417;7742;5.3;2.4
41;2021-02-26;630;252;18047;7994;5.5;2.4
41;2021-02-27;161;4;18208;7998;5.6;2.4
41;2021-02-28;4;31;18212;8029;5.6;2.4
41;2021-03-01;310;314;18522;8343;5.6;2.5
41;2021-03-02;649;411;19171;8754;5.8;2.7
41;2021-03-03;497;410;19668;9164;6.0;2.8
41;2021-03-04;784;837;20452;10001;6.2;3.1
41;2021-03-05;840;674;21292;10675;6.5;3.3
41;2021-03-06;715;22;22007;10697;6.7;3.3
41;2021-03-07;498;18;22505;10715;6.9;3.3
41;2021-03-08;300;376;22805;11091;7.0;3.4
41;2021-03-09;1042;453;23847;11544;7.3;3.5
41;2021-03-10;721;456;24568;12000;7.5;3.7
41;2021-03-11;1182;681;25750;12681;7.9;3.9
41;2021-03-12;1115;412;26865;13093;8.2;4.0
41;2021-03-13;1224;17;28089;13110;8.6;4.0
41;2021-03-14;392;6;28481;13116;8.7;4.0
41;2021-03-15;797;352;29278;13468;8.9;4.1
41;2021-03-16;1061;411;30339;13879;9.3;4.2
41;2021-03-17;587;240;30926;14119;9.4;4.3
41;2021-03-18;926;400;31852;14519;9.7;4.4
41;2021-03-19;911;335;32763;14854;10.0;4.5
41;2021-03-20;541;19;33304;14873;10.2;4.5
41;2021-03-21;1;0;33305;14873;10.2;4.5
41;2021-03-22;809;273;34114;15146;10.4;4.6
41;2021-03-23;1309;491;35423;15637;10.8;4.8
41;2021-03-24;1231;367;36654;16004;11.2;4.9
41;2021-03-25;2026;438;38680;16442;11.8;5.0
41;2021-03-26;1655;325;40335;16767;12.3;5.1
41;2021-03-27;452;58;40787;16825;12.4;5.1
41;2021-03-28;1;0;40788;16825;12.4;5.1
41;2021-03-29;938;308;41726;17133;12.7;5.2
41;2021-03-30;1496;595;43222;17728;13.2;5.4
41;2021-03-31;1147;493;44369;18221;13.5;5.6
41;2021-04-01;2253;565;46622;18786;14.2;5.7
41;2021-04-02;1242;475;47864;19261;14.6;5.9
41;2021-04-03;321;5;48185;19266;14.7;5.9
41;2021-04-04;39;0;48224;19266;14.7;5.9
41;2021-04-05;140;2;48364;19268;14.8;5.9
41;2021-04-06;1302;626;49666;19894;15.1;6.1
41;2021-04-07;1851;705;51517;20599;15.7;6.3
41;2021-04-08;2294;919;53811;21518;16.4;6.6
41;2021-04-09;2568;609;56379;22127;17.2;6.7
41;2021-04-10;954;497;57333;22624;17.5;6.9
41;2021-04-11;279;376;57612;23000;17.6;7.0
41;2021-04-12;1689;653;59301;23653;18.1;7.2
41;2021-04-13;2262;985;61563;24638;18.8;7.5
41;2021-04-14;1793;549;63356;25187;19.3;7.7
41;2021-04-15;2385;975;65741;26162;20.1;8.0
41;2021-04-16;1931;626;67672;26788;20.6;8.2
41;2021-04-17;647;136;68319;26924;20.8;8.2
41;2021-04-18;5;0;68324;26924;20.8;8.2
41;2021-04-19;1262;743;69586;27667;21.2;8.4
41;2021-04-20;2004;1202;71590;28869;21.8;8.8
41;2021-04-21;1504;918;73094;29787;22.3;9.1
41;2021-04-22;2236;1599;75330;31386;23.0;9.6
41;2021-04-23;1736;1079;77066;32465;23.5;9.9
41;2021-04-24;1544;281;78610;32746;24.0;10.0
41;2021-04-25;1007;19;79617;32765;24.3;10.0
41;2021-04-26;1356;625;80973;33390;24.7;10.2
41;2021-04-27;2094;1040;83067;34430;25.3;10.5
41;2021-04-28;1561;860;84628;35290;25.8;10.8
41;2021-04-29;2211;1376;86839;36666;26.5;11.2
41;2021-04-30;1963;869;88802;37535;27.1;11.4
41;2021-05-01;189;12;88991;37547;27.1;11.5
41;2021-05-02;107;17;89098;37564;27.2;11.5
41;2021-05-03;1866;894;90964;38458;27.7;11.7
41;2021-05-04;2095;1544;93059;40002;28.4;12.2
41;2021-05-05;1881;1191;94940;41193;29.0;12.6
41;2021-05-06;2448;1696;97388;42889;29.7;13.1
41;2021-05-07;2018;1801;99406;44690;30.3;13.6
41;2021-05-08;203;154;99609;44844;30.4;13.7
41;2021-05-09;11;354;99620;45198;30.4;13.8
41;2021-05-10;1590;1556;101210;46754;30.9;14.3
41;2021-05-11;2087;2102;103297;48856;31.5;14.9
41;2021-05-12;1952;1677;105249;50533;32.1;15.4
41;2021-05-13;1486;948;106735;51481;32.6;15.7
41;2021-05-14;1577;1303;108312;52784;33.0;16.1
41;2021-05-15;206;294;108518;53078;33.1;16.2
41;2021-05-16;4;0;108522;53078;33.1;16.2
41;2021-05-17;2483;564;111005;53642;33.9;16.4
41;2021-05-18;3137;1032;114142;54674;34.8;16.7
41;2021-05-19;2554;675;116696;55349;35.6;16.9
41;2021-05-20;3349;1154;120045;56503;36.6;17.2
41;2021-05-21;2727;967;122772;57470;37.4;17.5
41;2021-05-22;397;237;123169;57707;37.6;17.6
41;2021-05-23;6;2;123175;57709;37.6;17.6
41;2021-05-24;2605;148;125780;57857;38.4;17.6
41;2021-05-25;2990;577;128770;58434;39.3;17.8
41;2021-05-26;3038;650;131808;59084;40.2;18.0
41;2021-05-27;3297;1111;135105;60195;41.2;18.4
41;2021-05-28;3143;980;138248;61175;42.2;18.7
41;2021-05-29;2074;429;140322;61604;42.8;18.8
41;2021-05-30;344;22;140666;61626;42.9;18.8
41;2021-05-31;1711;1506;142377;63132;43.4;19.3
41;2021-06-01;2262;2013;144639;65145;44.1;19.9
41;2021-06-02;1832;1289;146471;66434;44.7;20.3
41;2021-06-03;2598;1943;149069;68377;45.5;20.9
41;2021-06-04;2303;1964;151372;70341;46.2;21.5
41;2021-06-05;611;1583;151983;71924;46.4;21.9
41;2021-06-06;109;927;152092;72851;46.4;22.2
41;2021-06-07;1516;1532;153608;74383;46.9;22.7
41;2021-06-08;1713;2414;155321;76797;47.4;23.4
41;2021-06-09;1615;1643;156936;78440;47.9;23.9
41;2021-06-10;1917;1816;158853;80256;48.5;24.5
41;2021-06-11;1572;1795;160425;82051;48.9;25.0
41;2021-06-12;663;649;161088;82700;49.1;25.2
41;2021-06-13;12;77;161100;82777;49.1;25.2
41;2021-06-14;1269;1964;162369;84741;49.5;25.8
41;2021-06-15;1835;2762;164204;87503;50.1;26.7
41;2021-06-16;1725;2310;165929;89813;50.6;27.4
41;2021-06-17;1811;2576;167740;92389;51.2;28.2
41;2021-06-18;1665;2401;169405;94790;51.7;28.9
41;2021-06-19;412;532;169817;95322;51.8;29.1
41;2021-06-20;11;32;169828;95354;51.8;29.1
41;2021-06-21;1325;1781;171153;97135;52.2;29.6
41;2021-06-22;1619;2564;172772;99699;52.7;30.4
41;2021-06-23;1375;2045;174147;101744;53.1;31.0
41;2021-06-24;1483;2309;175630;104053;53.6;31.7
41;2021-06-25;1294;2618;176924;106671;54.0;32.5
41;2021-06-26;435;614;177359;107285;54.1;32.7
41;2021-06-27;1;4;177360;107289;54.1;32.7
41;2021-06-28;404;2697;177764;109986;54.2;33.5
41;2021-06-29;666;3440;178430;113426;54.4;34.6
41;2021-06-30;552;3068;178982;116494;54.6;35.5
41;2021-07-01;767;3106;179749;119600;54.8;36.5
41;2021-07-02;590;3499;180339;123099;55.0;37.5
41;2021-07-03;158;647;180497;123746;55.1;37.7
41;2021-07-04;2;2;180499;123748;55.1;37.7
41;2021-07-05;287;2819;180786;126567;55.1;38.6
41;2021-07-06;666;3635;181452;130202;55.3;39.7
41;2021-07-07;479;3140;181931;133342;55.5;40.7
41;2021-07-08;941;3369;182872;136711;55.8;41.7
41;2021-07-09;540;3640;183412;140351;55.9;42.8
41;2021-07-10;247;2088;183659;142439;56.0;43.4
41;2021-07-11;5;281;183664;142720;56.0;43.5
41;2021-07-12;862;2291;184526;145011;56.3;44.2
41;2021-07-13;1198;3289;185724;148300;56.7;45.2
41;2021-07-14;140;1080;185864;149380;56.7;45.6
41;2021-07-15;1335;3322;187199;152702;57.1;46.6
41;2021-07-16;1091;3391;188290;156093;57.4;47.6
41;2021-07-17;342;807;188632;156900;57.5;47.9
41;2021-07-18;24;32;188656;156932;57.5;47.9
41;2021-07-19;1189;2319;189845;159251;57.9;48.6
41;2021-07-20;1639;2744;191484;161995;58.4;49.4
41;2021-07-21;1707;2085;193191;164080;58.9;50.0
41;2021-07-22;2261;2299;195452;166379;59.6;50.8
41;2021-07-23;2102;2469;197554;168848;60.3;51.5
41;2021-07-24;329;840;197883;169688;60.4;51.8
41;2021-07-25;18;23;197901;169711;60.4;51.8
41;2021-07-26;1901;1679;199802;171390;60.9;52.3
41;2021-07-27;2534;2342;202336;173732;61.7;53.0
41;2021-07-28;2161;1830;204497;175562;62.4;53.6
41;2021-07-29;2344;2025;206841;177587;63.1;54.2
41;2021-07-30;2152;2088;208993;179675;63.7;54.8
41;2021-07-31;378;579;209371;180254;63.9;55.0
41;2021-08-01;19;7;209390;180261;63.9;55.0
41;2021-08-02;1545;1606;210935;181867;64.3;55.5
41;2021-08-03;2511;1860;213446;183727;65.1;56.0
41;2021-08-04;2294;1198;215740;184925;65.8;56.4
41;2021-08-05;3040;1260;218780;186185;66.7;56.8
41;2021-08-06;2208;1301;220988;187486;67.4;57.2
41;2021-08-07;508;346;221496;187832;67.6;57.3
41;2021-08-08;13;20;221509;187852;67.6;57.3
41;2021-08-09;1685;1355;223194;189207;68.1;57.7
41;2021-08-10;2560;1417;225754;190624;68.9;58.1
41;2021-08-11;1591;1438;227345;192062;69.3;58.6
41;2021-08-12;1935;1335;229280;193397;69.9;59.0
41;2021-08-13;1452;1692;230732;195089;70.4;59.5
41;2021-08-14;362;205;231094;195294;70.5;59.6
41;2021-08-15;0;16;231094;195310;70.5;59.6
41;2021-08-16;865;2069;231959;197379;70.8;60.2
41;2021-08-17;1498;1640;233457;199019;71.2;60.7
41;2021-08-18;1132;1968;234589;200987;71.6;61.3
41;2021-08-19;1307;1554;235896;202541;72.0;61.8
41;2021-08-20;915;2308;236811;204849;72.2;62.5
41;2021-08-21;120;227;236931;205076;72.3;62.6
41;2021-08-22;1;32;236932;205108;72.3;62.6
41;2021-08-23;692;2294;237624;207402;72.5;63.3
41;2021-08-24;1409;2303;239033;209705;72.9;64.0
41;2021-08-25;618;2200;239651;211905;73.1;64.6
41;2021-08-26;840;2818;240491;214723;73.4;65.5
42;2020-12-27;2;0;2;0;0.0;0.0
42;2020-12-28;0;0;2;0;0.0;0.0
42;2020-12-29;0;0;2;0;0.0;0.0
42;2020-12-30;0;0;2;0;0.0;0.0
42;2020-12-31;0;0;2;0;0.0;0.0
42;2021-01-01;0;0;2;0;0.0;0.0
42;2021-01-02;0;0;2;0;0.0;0.0
42;2021-01-03;0;0;2;0;0.0;0.0
42;2021-01-04;1;0;3;0;0.0;0.0
42;2021-01-05;1;0;4;0;0.0;0.0
42;2021-01-06;178;1;182;1;0.0;0.0
42;2021-01-07;256;0;438;1;0.1;0.0
42;2021-01-08;264;1;702;2;0.1;0.0
42;2021-01-09;136;0;838;2;0.1;0.0
42;2021-01-10;0;0;838;2;0.1;0.0
42;2021-01-11;293;2;1131;4;0.1;0.0
42;2021-01-12;412;1;1543;5;0.2;0.0
42;2021-01-13;527;2;2070;7;0.3;0.0
42;2021-01-14;773;4;2843;11;0.4;0.0
42;2021-01-15;705;4;3548;15;0.5;0.0
42;2021-01-16;298;2;3846;17;0.5;0.0
42;2021-01-17;219;0;4065;17;0.5;0.0
42;2021-01-18;969;1;5034;18;0.7;0.0
42;2021-01-19;1329;10;6363;28;0.8;0.0
42;2021-01-20;956;4;7319;32;1.0;0.0
42;2021-01-21;1020;6;8339;38;1.1;0.0
42;2021-01-22;992;6;9331;44;1.2;0.0
42;2021-01-23;401;0;9732;44;1.3;0.0
42;2021-01-24;358;0;10090;44;1.3;0.0
42;2021-01-25;1099;13;11189;57;1.5;0.0
42;2021-01-26;1746;19;12935;76;1.7;0.0
42;2021-01-27;1458;123;14393;199;1.9;0.0
42;2021-01-28;1667;143;16060;342;2.1;0.0
42;2021-01-29;946;118;17006;460;2.2;0.1
42;2021-01-30;257;112;17263;572;2.3;0.1
42;2021-01-31;258;2;17521;574;2.3;0.1
42;2021-02-01;736;62;18257;636;2.4;0.1
42;2021-02-02;1806;297;20063;933;2.6;0.1
42;2021-02-03;1517;489;21580;1422;2.8;0.2
42;2021-02-04;1282;612;22862;2034;3.0;0.3
42;2021-02-05;684;527;23546;2561;3.1;0.3
42;2021-02-06;303;148;23849;2709;3.1;0.4
42;2021-02-07;275;152;24124;2861;3.2;0.4
42;2021-02-08;508;618;24632;3479;3.2;0.5
42;2021-02-09;703;803;25335;4282;3.3;0.6
42;2021-02-10;741;689;26076;4971;3.4;0.7
42;2021-02-11;772;683;26848;5654;3.5;0.7
42;2021-02-12;675;754;27523;6408;3.6;0.8
42;2021-02-13;427;305;27950;6713;3.7;0.9
42;2021-02-14;186;225;28136;6938;3.7;0.9
42;2021-02-15;521;821;28657;7759;3.7;1.0
42;2021-02-16;490;1246;29147;9005;3.8;1.2
42;2021-02-17;518;1534;29665;10539;3.9;1.4
42;2021-02-18;753;1388;30418;11927;4.0;1.6
42;2021-02-19;767;1023;31185;12950;4.1;1.7
42;2021-02-20;248;413;31433;13363;4.1;1.7
42;2021-02-21;63;327;31496;13690;4.1;1.8
42;2021-02-22;575;965;32071;14655;4.2;1.9
42;2021-02-23;1208;1435;33279;16090;4.4;2.1
42;2021-02-24;1246;1223;34525;17313;4.5;2.3
42;2021-02-25;1666;1419;36191;18732;4.7;2.4
42;2021-02-26;1648;928;37839;19660;4.9;2.6
42;2021-02-27;580;295;38419;19955;5.0;2.6
42;2021-02-28;166;127;38585;20082;5.0;2.6
42;2021-03-01;807;847;39392;20929;5.2;2.7
42;2021-03-02;1276;818;40668;21747;5.3;2.8
42;2021-03-03;1366;803;42034;22550;5.5;2.9
42;2021-03-04;1705;719;43739;23269;5.7;3.0
42;2021-03-05;2625;671;46364;23940;6.1;3.1
42;2021-03-06;1932;266;48296;24206;6.3;3.2
42;2021-03-07;1491;93;49787;24299;6.5;3.2
42;2021-03-08;1405;512;51192;24811;6.7;3.2
42;2021-03-09;1984;457;53176;25268;7.0;3.3
42;2021-03-10;2053;502;55229;25770;7.2;3.4
42;2021-03-11;3048;615;58277;26385;7.6;3.5
42;2021-03-12;3008;831;61285;27216;8.0;3.6
42;2021-03-13;1479;367;62764;27583;8.2;3.6
42;2021-03-14;472;177;63236;27760;8.3;3.6
42;2021-03-15;1571;600;64807;28360;8.5;3.7
42;2021-03-16;1473;781;66280;29141;8.7;3.8
42;2021-03-17;1720;1079;68000;30220;8.9;4.0
42;2021-03-18;1804;1030;69804;31250;9.1;4.1
42;2021-03-19;2566;676;72370;31926;9.5;4.2
42;2021-03-20;1672;231;74042;32157;9.7;4.2
42;2021-03-21;526;98;74568;32255;9.8;4.2
42;2021-03-22;1426;736;75994;32991;9.9;4.3
42;2021-03-23;2507;865;78501;33856;10.3;4.4
42;2021-03-24;2783;786;81284;34642;10.6;4.5
42;2021-03-25;3720;935;85004;35577;11.1;4.7
42;2021-03-26;3760;791;88764;36368;11.6;4.8
42;2021-03-27;1806;450;90570;36818;11.8;4.8
42;2021-03-28;1040;215;91610;37033;12.0;4.8
42;2021-03-29;2062;925;93672;37958;12.2;5.0
42;2021-03-30;3144;868;96816;38826;12.7;5.1
42;2021-03-31;2442;1072;99258;39898;13.0;5.2
42;2021-04-01;3392;1049;102650;40947;13.4;5.4
42;2021-04-02;2849;1227;105499;42174;13.8;5.5
42;2021-04-03;1418;610;106917;42784;14.0;5.6
42;2021-04-04;1404;396;108321;43180;14.2;5.6
42;2021-04-05;1900;297;110221;43477;14.4;5.7
42;2021-04-06;2292;1413;112513;44890;14.7;5.9
42;2021-04-07;2760;1831;115273;46721;15.1;6.1
42;2021-04-08;4022;1596;119295;48317;15.6;6.3
42;2021-04-09;5135;1551;124430;49868;16.3;6.5
42;2021-04-10;2591;765;127021;50633;16.6;6.6
42;2021-04-11;1956;427;128977;51060;16.9;6.7
42;2021-04-12;3699;1550;132676;52610;17.3;6.9
42;2021-04-13;4659;1809;137335;54419;18.0;7.1
42;2021-04-14;4312;1902;141647;56321;18.5;7.4
42;2021-04-15;4810;1825;146457;58146;19.2;7.6
42;2021-04-16;4618;1888;151075;60034;19.8;7.9
42;2021-04-17;2982;1074;154057;61108;20.1;8.0
42;2021-04-18;1884;414;155941;61522;20.4;8.0
42;2021-04-19;3089;1538;159030;63060;20.8;8.2
42;2021-04-20;3468;1953;162498;65013;21.2;8.5
42;2021-04-21;3475;1748;165973;66761;21.7;8.7
42;2021-04-22;3769;1953;169742;68714;22.2;9.0
42;2021-04-23;3838;2012;173580;70726;22.7;9.2
42;2021-04-24;2362;1518;175942;72244;23.0;9.4
42;2021-04-25;1659;943;177601;73187;23.2;9.6
42;2021-04-26;3279;1732;180880;74919;23.7;9.8
42;2021-04-27;3257;2211;184137;77130;24.1;10.1
42;2021-04-28;3464;2623;187601;79753;24.5;10.4
42;2021-04-29;3770;2809;191371;82562;25.0;10.8
42;2021-04-30;3361;3035;194732;85597;25.5;11.2
42;2021-05-01;2969;1050;197701;86647;25.9;11.3
42;2021-05-02;1935;1260;199636;87907;26.1;11.5
42;2021-05-03;2869;2768;202505;90675;26.5;11.9
42;2021-05-04;3418;3130;205923;93805;26.9;12.3
42;2021-05-05;3327;3400;209250;97205;27.4;12.7
42;2021-05-06;3888;3769;213138;100974;27.9;13.2
42;2021-05-07;3729;4033;216867;105007;28.4;13.7
42;2021-05-08;3165;1070;220032;106077;28.8;13.9
42;2021-05-09;1505;2214;221537;108291;29.0;14.2
42;2021-05-10;3250;3829;224787;112120;29.4;14.7
42;2021-05-11;5576;3914;230363;116034;30.1;15.2
42;2021-05-12;5343;3570;235706;119604;30.8;15.6
42;2021-05-13;5454;1143;241160;120747;31.5;15.8
42;2021-05-14;5241;2927;246401;123674;32.2;16.2
42;2021-05-15;4881;2124;251282;125798;32.9;16.4
42;2021-05-16;2873;1036;254155;126834;33.2;16.6
42;2021-05-17;5889;2838;260044;129672;34.0;17.0
42;2021-05-18;6252;2981;266296;132653;34.8;17.3
42;2021-05-19;6525;2751;272821;135404;35.7;17.7
42;2021-05-20;7105;2897;279926;138301;36.6;18.1
42;2021-05-21;6350;3271;286276;141572;37.4;18.5
42;2021-05-22;5835;2130;292111;143702;38.2;18.8
42;2021-05-23;2835;871;294946;144573;38.6;18.9
42;2021-05-24;5252;1429;300198;146002;39.3;19.1
42;2021-05-25;5154;3945;305352;149947;39.9;19.6
42;2021-05-26;5161;3459;310513;153406;40.6;20.1
42;2021-05-27;5368;3636;315881;157042;41.3;20.5
42;2021-05-28;5041;4207;320922;161249;42.0;21.1
42;2021-05-29;4343;2985;325265;164234;42.5;21.5
42;2021-05-30;1981;1212;327246;165446;42.8;21.6
42;2021-05-31;4243;3428;331489;168874;43.3;22.1
42;2021-06-01;4593;3570;336082;172444;43.9;22.5
42;2021-06-02;4478;3017;340560;175461;44.5;22.9
42;2021-06-03;4929;3840;345489;179301;45.2;23.4
42;2021-06-04;4767;4221;350256;183522;45.8;24.0
42;2021-06-05;3689;2425;353945;185947;46.3;24.3
42;2021-06-06;1446;1295;355391;187242;46.5;24.5
42;2021-06-07;3991;3374;359382;190616;47.0;24.9
42;2021-06-08;3465;3247;362847;193863;47.4;25.4
42;2021-06-09;2962;3202;365809;197065;47.8;25.8
42;2021-06-10;3242;2939;369051;200004;48.3;26.2
42;2021-06-11;3588;4118;372639;204122;48.7;26.7
42;2021-06-12;2863;2881;375502;207003;49.1;27.1
42;2021-06-13;944;1278;376446;208281;49.2;27.2
42;2021-06-14;2314;4063;378760;212344;49.5;27.8
42;2021-06-15;2831;4072;381591;216416;49.9;28.3
42;2021-06-16;2924;3551;384515;219967;50.3;28.8
42;2021-06-17;2639;3742;387154;223709;50.6;29.3
42;2021-06-18;3093;5147;390247;228856;51.0;29.9
42;2021-06-19;2848;4244;393095;233100;51.4;30.5
42;2021-06-20;857;1844;393952;234944;51.5;30.7
42;2021-06-21;1907;6278;395859;241222;51.8;31.5
42;2021-06-22;1875;5893;397734;247115;52.0;32.3
42;2021-06-23;1845;5321;399579;252436;52.3;33.0
42;2021-06-24;1786;4684;401365;257120;52.5;33.6
42;2021-06-25;2038;6950;403403;264070;52.8;34.5
42;2021-06-26;1409;5820;404812;269890;52.9;35.3
42;2021-06-27;757;2855;405569;272745;53.0;35.7
42;2021-06-28;1744;7058;407313;279803;53.3;36.6
42;2021-06-29;1528;6566;408841;286369;53.5;37.4
42;2021-06-30;1967;5764;410808;292133;53.7;38.2
42;2021-07-01;1779;5119;412587;297252;54.0;38.9
42;2021-07-02;2049;6748;414636;304000;54.2;39.8
42;2021-07-03;1760;5978;416396;309978;54.4;40.5
42;2021-07-04;854;2513;417250;312491;54.6;40.9
42;2021-07-05;1716;6286;418966;318777;54.8;41.7
42;2021-07-06;2104;5576;421070;324353;55.1;42.4
42;2021-07-07;2336;4658;423406;329011;55.4;43.0
42;2021-07-08;2273;3959;425679;332970;55.7;43.5
42;2021-07-09;2416;6100;428095;339070;56.0;44.3
42;2021-07-10;1694;5582;429789;344652;56.2;45.1
42;2021-07-11;921;2304;430710;346956;56.3;45.4
42;2021-07-12;1778;6290;432488;353246;56.6;46.2
42;2021-07-13;3611;6284;436099;359530;57.0;47.0
42;2021-07-14;4478;2050;440577;361580;57.6;47.3
42;2021-07-15;4557;5623;445134;367203;58.2;48.0
42;2021-07-16;4443;6192;449577;373395;58.8;48.8
42;2021-07-17;3221;4703;452798;378098;59.2;49.4
42;2021-07-18;1839;1742;454637;379840;59.5;49.7
42;2021-07-19;3801;5075;458438;384915;59.9;50.3
42;2021-07-20;4718;4862;463156;389777;60.6;51.0
42;2021-07-21;5175;4715;468331;394492;61.2;51.6
42;2021-07-22;5496;3937;473827;398429;62.0;52.1
42;2021-07-23;5481;5110;479308;403539;62.7;52.8
42;2021-07-24;4034;3829;483342;407368;63.2;53.3
42;2021-07-25;1655;1386;484997;408754;63.4;53.5
42;2021-07-26;4730;4323;489727;413077;64.0;54.0
42;2021-07-27;5326;3956;495053;417033;64.7;54.5
42;2021-07-28;5776;3670;500829;420703;65.5;55.0
42;2021-07-29;5675;3432;506504;424135;66.2;55.5
42;2021-07-30;5120;3772;511624;427907;66.9;56.0
42;2021-07-31;4748;3050;516372;430957;67.5;56.4
42;2021-08-01;2498;1309;518870;432266;67.8;56.5
42;2021-08-02;4342;3111;523212;435377;68.4;56.9
42;2021-08-03;3811;3274;527023;438651;68.9;57.4
42;2021-08-04;3462;3221;530485;441872;69.4;57.8
42;2021-08-05;3391;3315;533876;445187;69.8;58.2
42;2021-08-06;3598;3990;537474;449177;70.3;58.7
42;2021-08-07;2999;3059;540473;452236;70.7;59.1
42;2021-08-08;1185;1712;541658;453948;70.8;59.4
42;2021-08-09;2784;3844;544442;457792;71.2;59.9
42;2021-08-10;3246;3901;547688;461693;71.6;60.4
42;2021-08-11;2576;3518;550264;465211;72.0;60.8
42;2021-08-12;2504;3560;552768;468771;72.3;61.3
42;2021-08-13;2307;3901;555075;472672;72.6;61.8
42;2021-08-14;1636;3262;556711;475934;72.8;62.2
42;2021-08-15;596;1026;557307;476960;72.9;62.4
42;2021-08-16;2060;4561;559367;481521;73.1;63.0
42;2021-08-17;2234;4167;561601;485688;73.4;63.5
42;2021-08-18;2030;4141;563631;489829;73.7;64.1
42;2021-08-19;1920;3367;565551;493196;74.0;64.5
42;2021-08-20;2263;4592;567814;497788;74.2;65.1
42;2021-08-21;1078;3854;568892;501642;74.4;65.6
42;2021-08-22;494;2016;569386;503658;74.5;65.9
42;2021-08-23;1610;4658;570996;508316;74.7;66.5
42;2021-08-24;1722;4029;572718;512345;74.9;67.0
42;2021-08-25;1739;3875;574457;516220;75.1;67.5
42;2021-08-26;1402;3015;575859;519235;75.3;67.9
43;2020-12-27;0;0;0;0;0.0;0.0
43;2020-12-28;0;0;0;0;0.0;0.0
43;2020-12-29;0;0;0;0;0.0;0.0
43;2020-12-30;0;0;0;0;0.0;0.0
43;2020-12-31;0;0;0;0;0.0;0.0
43;2021-01-01;0;0;0;0;0.0;0.0
43;2021-01-02;0;0;0;0;0.0;0.0
43;2021-01-03;0;0;0;0;0.0;0.0
43;2021-01-04;2;0;2;0;0.0;0.0
43;2021-01-05;0;0;2;0;0.0;0.0
43;2021-01-06;0;0;2;0;0.0;0.0
43;2021-01-07;167;0;169;0;0.1;0.0
43;2021-01-08;151;1;320;1;0.1;0.0
43;2021-01-09;0;0;320;1;0.1;0.0
43;2021-01-10;0;0;320;1;0.1;0.0
43;2021-01-11;137;0;457;1;0.2;0.0
43;2021-01-12;244;1;701;2;0.3;0.0
43;2021-01-13;244;2;945;4;0.4;0.0
43;2021-01-14;294;2;1239;6;0.5;0.0
43;2021-01-15;303;2;1542;8;0.7;0.0
43;2021-01-16;32;0;1574;8;0.7;0.0
43;2021-01-17;0;0;1574;8;0.7;0.0
43;2021-01-18;761;5;2335;13;1.0;0.0
43;2021-01-19;776;7;3111;20;1.4;0.0
43;2021-01-20;519;0;3630;20;1.6;0.0
43;2021-01-21;446;2;4076;22;1.8;0.0
43;2021-01-22;465;7;4541;29;2.0;0.0
43;2021-01-23;1;0;4542;29;2.0;0.0
43;2021-01-24;1;0;4543;29;2.0;0.0
43;2021-01-25;539;0;5082;29;2.2;0.0
43;2021-01-26;615;5;5697;34;2.5;0.0
43;2021-01-27;740;0;6437;34;2.8;0.0
43;2021-01-28;747;32;7184;66;3.2;0.0
43;2021-01-29;720;84;7904;150;3.5;0.1
43;2021-01-30;109;0;8013;150;3.5;0.1
43;2021-01-31;0;0;8013;150;3.5;0.1
43;2021-02-01;404;101;8417;251;3.7;0.1
43;2021-02-02;716;150;9133;401;4.0;0.2
43;2021-02-03;690;43;9823;444;4.3;0.2
43;2021-02-04;524;170;10347;614;4.6;0.3
43;2021-02-05;544;170;10891;784;4.8;0.3
43;2021-02-06;165;19;11056;803;4.9;0.4
43;2021-02-07;0;0;11056;803;4.9;0.4
43;2021-02-08;411;304;11467;1107;5.1;0.5
43;2021-02-09;369;432;11836;1539;5.2;0.7
43;2021-02-10;400;362;12236;1901;5.4;0.8
43;2021-02-11;388;396;12624;2297;5.6;1.0
43;2021-02-12;425;202;13049;2499;5.8;1.1
43;2021-02-13;570;42;13619;2541;6.0;1.1
43;2021-02-14;0;0;13619;2541;6.0;1.1
43;2021-02-15;68;478;13687;3019;6.0;1.3
43;2021-02-16;41;373;13728;3392;6.1;1.5
43;2021-02-17;87;484;13815;3876;6.1;1.7
43;2021-02-18;147;379;13962;4255;6.2;1.9
43;2021-02-19;278;512;14240;4767;6.3;2.1
43;2021-02-20;22;4;14262;4771;6.3;2.1
43;2021-02-21;0;0;14262;4771;6.3;2.1
43;2021-02-22;16;500;14278;5271;6.3;2.3
43;2021-02-23;201;799;14479;6070;6.4;2.7
43;2021-02-24;147;730;14626;6800;6.4;3.0
43;2021-02-25;227;695;14853;7495;6.5;3.3
43;2021-02-26;222;674;15075;8169;6.6;3.6
43;2021-02-27;138;76;15213;8245;6.7;3.6
43;2021-02-28;1;0;15214;8245;6.7;3.6
43;2021-03-01;210;480;15424;8725;6.8;3.8
43;2021-03-02;342;579;15766;9304;6.9;4.1
43;2021-03-03;338;588;16104;9892;7.1;4.4
43;2021-03-04;551;466;16655;10358;7.3;4.6
43;2021-03-05;566;453;17221;10811;7.6;4.8
43;2021-03-06;489;179;17710;10990;7.8;4.8
43;2021-03-07;12;0;17722;10990;7.8;4.8
43;2021-03-08;446;445;18168;11435;8.0;5.0
43;2021-03-09;621;359;18789;11794;8.3;5.2
43;2021-03-10;674;502;19463;12296;8.6;5.4
43;2021-03-11;953;442;20416;12738;9.0;5.6
43;2021-03-12;945;427;21361;13165;9.4;5.8
43;2021-03-13;792;118;22153;13283;9.8;5.9
43;2021-03-14;2;0;22155;13283;9.8;5.9
43;2021-03-15;706;142;22861;13425;10.1;5.9
43;2021-03-16;848;285;23709;13710;10.4;6.0
43;2021-03-17;638;136;24347;13846;10.7;6.1
43;2021-03-18;676;138;25023;13984;11.0;6.2
43;2021-03-19;839;108;25862;14092;11.4;6.2
43;2021-03-20;450;60;26312;14152;11.6;6.2
43;2021-03-21;0;0;26312;14152;11.6;6.2
43;2021-03-22;744;41;27056;14193;11.9;6.3
43;2021-03-23;872;47;27928;14240;12.3;6.3
43;2021-03-24;1174;93;29102;14333;12.8;6.3
43;2021-03-25;1594;152;30696;14485;13.5;6.4
43;2021-03-26;1609;187;32305;14672;14.2;6.5
43;2021-03-27;1449;75;33754;14747;14.9;6.5
43;2021-03-28;420;20;34174;14767;15.1;6.5
43;2021-03-29;1095;171;35269;14938;15.5;6.6
43;2021-03-30;1313;242;36582;15180;16.1;6.7
43;2021-03-31;1305;263;37887;15443;16.7;6.8
43;2021-04-01;1346;341;39233;15784;17.3;7.0
43;2021-04-02;1052;354;40285;16138;17.8;7.1
43;2021-04-03;340;199;40625;16337;17.9;7.2
43;2021-04-04;0;0;40625;16337;17.9;7.2
43;2021-04-05;3;0;40628;16337;17.9;7.2
43;2021-04-06;688;603;41316;16940;18.2;7.5
43;2021-04-07;868;575;42184;17515;18.6;7.7
43;2021-04-08;1087;462;43271;17977;19.1;7.9
43;2021-04-09;1148;659;44419;18636;19.6;8.2
43;2021-04-10;626;262;45045;18898;19.9;8.3
43;2021-04-11;0;0;45045;18898;19.9;8.3
43;2021-04-12;682;652;45727;19550;20.2;8.6
43;2021-04-13;917;725;46644;20275;20.6;8.9
43;2021-04-14;725;668;47369;20943;20.9;9.2
43;2021-04-15;959;699;48328;21642;21.3;9.5
43;2021-04-16;1009;693;49337;22335;21.7;9.8
43;2021-04-17;423;302;49760;22637;21.9;10.0
43;2021-04-18;3;5;49763;22642;21.9;10.0
43;2021-04-19;629;568;50392;23210;22.2;10.2
43;2021-04-20;840;675;51232;23885;22.6;10.5
43;2021-04-21;320;986;51552;24871;22.7;11.0
43;2021-04-22;680;1015;52232;25886;23.0;11.4
43;2021-04-23;401;1102;52633;26988;23.2;11.9
43;2021-04-24;347;1040;52980;28028;23.3;12.4
43;2021-04-25;23;403;53003;28431;23.4;12.5
43;2021-04-26;386;965;53389;29396;23.5;13.0
43;2021-04-27;825;987;54214;30383;23.9;13.4
43;2021-04-28;794;1105;55008;31488;24.2;13.9
43;2021-04-29;1238;1141;56246;32629;24.8;14.4
43;2021-04-30;1199;1067;57445;33696;25.3;14.9
43;2021-05-01;400;27;57845;33723;25.5;14.9
43;2021-05-02;1;0;57846;33723;25.5;14.9
43;2021-05-03;1218;407;59064;34130;26.0;15.0
43;2021-05-04;1236;953;60300;35083;26.6;15.5
43;2021-05-05;1144;848;61444;35931;27.1;15.8
43;2021-05-06;1404;937;62848;36868;27.7;16.2
43;2021-05-07;1088;1172;63936;38040;28.2;16.8
43;2021-05-08;520;136;64456;38176;28.4;16.8
43;2021-05-09;0;2;64456;38178;28.4;16.8
43;2021-05-10;1085;723;65541;38901;28.9;17.1
43;2021-05-11;1554;1008;67095;39909;29.6;17.6
43;2021-05-12;1481;808;68576;40717;30.2;17.9
43;2021-05-13;936;379;69512;41096;30.6;18.1
43;2021-05-14;2204;1108;71716;42204;31.6;18.6
43;2021-05-15;1271;317;72987;42521;32.2;18.7
43;2021-05-16;272;47;73259;42568;32.3;18.8
43;2021-05-17;1625;630;74884;43198;33.0;19.0
43;2021-05-18;1966;675;76850;43873;33.9;19.3
43;2021-05-19;2065;573;78915;44446;34.8;19.6
43;2021-05-20;2338;806;81253;45252;35.8;19.9
43;2021-05-21;2385;706;83638;45958;36.9;20.3
43;2021-05-22;1209;341;84847;46299;37.4;20.4
43;2021-05-23;1;0;84848;46299;37.4;20.4
43;2021-05-24;382;99;85230;46398;37.6;20.4
43;2021-05-25;1408;653;86638;47051;38.2;20.7
43;2021-05-26;1349;559;87987;47610;38.8;21.0
43;2021-05-27;1390;713;89377;48323;39.4;21.3
43;2021-05-28;1348;734;90725;49057;40.0;21.6
43;2021-05-29;1135;604;91860;49661;40.5;21.9
43;2021-05-30;149;17;92009;49678;40.6;21.9
43;2021-05-31;1208;442;93217;50120;41.1;22.1
43;2021-06-01;1279;985;94496;51105;41.6;22.5
43;2021-06-02;1086;700;95582;51805;42.1;22.8
43;2021-06-03;1193;856;96775;52661;42.7;23.2
43;2021-06-04;1350;858;98125;53519;43.2;23.6
43;2021-06-05;824;453;98949;53972;43.6;23.8
43;2021-06-06;10;5;98959;53977;43.6;23.8
43;2021-06-07;748;518;99707;54495;43.9;24.0
43;2021-06-08;664;704;100371;55199;44.2;24.3
43;2021-06-09;539;760;100910;55959;44.5;24.7
43;2021-06-10;808;1120;101718;57079;44.8;25.2
43;2021-06-11;760;1348;102478;58427;45.2;25.7
43;2021-06-12;914;514;103392;58941;45.6;26.0
43;2021-06-13;3;27;103395;58968;45.6;26.0
43;2021-06-14;446;1089;103841;60057;45.8;26.5
43;2021-06-15;630;1196;104471;61253;46.0;27.0
43;2021-06-16;549;975;105020;62228;46.3;27.4
43;2021-06-17;602;1503;105622;63731;46.5;28.1
43;2021-06-18;899;1464;106521;65195;46.9;28.7
43;2021-06-19;448;782;106969;65977;47.1;29.1
43;2021-06-20;0;12;106969;65989;47.1;29.1
43;2021-06-21;424;1307;107393;67296;47.3;29.7
43;2021-06-22;533;1960;107926;69256;47.6;30.5
43;2021-06-23;343;1743;108269;70999;47.7;31.3
43;2021-06-24;512;1494;108781;72493;47.9;31.9
43;2021-06-25;597;2346;109378;74839;48.2;33.0
43;2021-06-26;505;1245;109883;76084;48.4;33.5
43;2021-06-27;10;20;109893;76104;48.4;33.5
43;2021-06-28;341;1785;110234;77889;48.6;34.3
43;2021-06-29;524;2382;110758;80271;48.8;35.4
43;2021-06-30;460;2275;111218;82546;49.0;36.4
43;2021-07-01;473;1910;111691;84456;49.2;37.2
43;2021-07-02;499;1964;112190;86420;49.4;38.1
43;2021-07-03;258;1108;112448;87528;49.6;38.6
43;2021-07-04;1;0;112449;87528;49.6;38.6
43;2021-07-05;526;1201;112975;88729;49.8;39.1
43;2021-07-06;633;1679;113608;90408;50.1;39.8
43;2021-07-07;523;1422;114131;91830;50.3;40.5
43;2021-07-08;838;1418;114969;93248;50.7;41.1
43;2021-07-09;550;1499;115519;94747;50.9;41.8
43;2021-07-10;401;1337;115920;96084;51.1;42.3
43;2021-07-11;23;99;115943;96183;51.1;42.4
43;2021-07-12;602;1685;116545;97868;51.4;43.1
43;2021-07-13;1186;1848;117731;99716;51.9;43.9
43;2021-07-14;847;159;118578;99875;52.3;44.0
43;2021-07-15;1933;1841;120511;101716;53.1;44.8
43;2021-07-16;1751;1617;122262;103333;53.9;45.5
43;2021-07-17;1544;1198;123806;104531;54.6;46.1
43;2021-07-18;4;19;123810;104550;54.6;46.1
43;2021-07-19;1439;1258;125249;105808;55.2;46.6
43;2021-07-20;1894;1450;127143;107258;56.0;47.3
43;2021-07-21;1850;1110;128993;108368;56.8;47.8
43;2021-07-22;2109;1331;131102;109699;57.8;48.3
43;2021-07-23;1618;1325;132720;111024;58.5;48.9
43;2021-07-24;577;997;133297;112021;58.7;49.4
43;2021-07-25;0;1;133297;112022;58.7;49.4
43;2021-07-26;1642;1071;134939;113093;59.5;49.8
43;2021-07-27;2282;1221;137221;114314;60.5;50.4
43;2021-07-28;1952;1088;139173;115402;61.3;50.9
43;2021-07-29;1985;1016;141158;116418;62.2;51.3
43;2021-07-30;1866;1339;143024;117757;63.0;51.9
43;2021-07-31;704;610;143728;118367;63.3;52.2
43;2021-08-01;13;20;143741;118387;63.3;52.2
43;2021-08-02;1536;969;145277;119356;64.0;52.6
43;2021-08-03;1400;1164;146677;120520;64.6;53.1
43;2021-08-04;1259;1107;147936;121627;65.2;53.6
43;2021-08-05;1252;1284;149188;122911;65.8;54.2
43;2021-08-06;1126;1469;150314;124380;66.2;54.8
43;2021-08-07;494;751;150808;125131;66.5;55.1
43;2021-08-08;5;0;150813;125131;66.5;55.1
43;2021-08-09;817;1635;151630;126766;66.8;55.9
43;2021-08-10;1018;1588;152648;128354;67.3;56.6
43;2021-08-11;678;1342;153326;129696;67.6;57.2
43;2021-08-12;871;1601;154197;131297;68.0;57.9
43;2021-08-13;629;1178;154826;132475;68.2;58.4
43;2021-08-14;333;545;155159;133020;68.4;58.6
43;2021-08-15;3;9;155162;133029;68.4;58.6
43;2021-08-16;681;1674;155843;134703;68.7;59.4
43;2021-08-17;711;1505;156554;136208;69.0;60.0
43;2021-08-18;556;1512;157110;137720;69.2;60.7
43;2021-08-19;642;1611;157752;139331;69.5;61.4
43;2021-08-20;516;1593;158268;140924;69.8;62.1
43;2021-08-21;237;555;158505;141479;69.9;62.4
43;2021-08-22;6;7;158511;141486;69.9;62.4
43;2021-08-23;500;1586;159011;143072;70.1;63.1
43;2021-08-24;513;1391;159524;144463;70.3;63.7
43;2021-08-25;510;1293;160034;145756;70.5;64.2
43;2021-08-26;470;1137;160504;146893;70.7;64.7
44;2020-12-27;1;0;1;0;0.0;0.0
44;2020-12-28;1;0;2;0;0.0;0.0
44;2020-12-29;1;0;3;0;0.0;0.0
44;2020-12-30;1;0;4;0;0.0;0.0
44;2020-12-31;1;0;5;0;0.0;0.0
44;2021-01-01;0;0;5;0;0.0;0.0
44;2021-01-02;0;0;5;0;0.0;0.0
44;2021-01-03;3;0;8;0;0.0;0.0
44;2021-01-04;0;0;8;0;0.0;0.0
44;2021-01-05;1;0;9;0;0.0;0.0
44;2021-01-06;20;1;29;1;0.0;0.0
44;2021-01-07;187;0;216;1;0.0;0.0
44;2021-01-08;528;0;744;1;0.1;0.0
44;2021-01-09;473;0;1217;1;0.1;0.0
44;2021-01-10;455;1;1672;2;0.1;0.0
44;2021-01-11;802;1;2474;3;0.2;0.0
44;2021-01-12;906;1;3380;4;0.2;0.0
44;2021-01-13;1087;1;4467;5;0.3;0.0
44;2021-01-14;1115;7;5582;12;0.4;0.0
44;2021-01-15;987;1;6569;13;0.5;0.0
44;2021-01-16;335;2;6904;15;0.5;0.0
44;2021-01-17;328;1;7232;16;0.5;0.0
44;2021-01-18;856;3;8088;19;0.6;0.0
44;2021-01-19;2620;4;10708;23;0.7;0.0
44;2021-01-20;2740;4;13448;27;0.9;0.0
44;2021-01-21;4533;8;17981;35;1.3;0.0
44;2021-01-22;2416;6;20397;41;1.4;0.0
44;2021-01-23;766;1;21163;42;1.5;0.0
44;2021-01-24;119;0;21282;42;1.5;0.0
44;2021-01-25;832;0;22114;42;1.5;0.0
44;2021-01-26;2563;19;24677;61;1.7;0.0
44;2021-01-27;2096;63;26773;124;1.9;0.0
44;2021-01-28;3733;193;30506;317;2.1;0.0
44;2021-01-29;2370;493;32876;810;2.3;0.1
44;2021-01-30;628;213;33504;1023;2.3;0.1
44;2021-01-31;14;211;33518;1234;2.3;0.1
44;2021-02-01;593;544;34111;1778;2.4;0.1
44;2021-02-02;878;759;34989;2537;2.4;0.2
44;2021-02-03;890;893;35879;3430;2.5;0.2
44;2021-02-04;937;724;36816;4154;2.6;0.3
44;2021-02-05;895;625;37711;4779;2.6;0.3
44;2021-02-06;467;268;38178;5047;2.7;0.4
44;2021-02-07;72;207;38250;5254;2.7;0.4
44;2021-02-08;521;459;38771;5713;2.7;0.4
44;2021-02-09;992;1255;39763;6968;2.8;0.5
44;2021-02-10;1142;1313;40905;8281;2.8;0.6
44;2021-02-11;2289;3051;43194;11332;3.0;0.8
44;2021-02-12;1663;1755;44857;13087;3.1;0.9
44;2021-02-13;433;510;45290;13597;3.2;0.9
44;2021-02-14;10;179;45300;13776;3.2;1.0
44;2021-02-15;505;1101;45805;14877;3.2;1.0
44;2021-02-16;1440;2562;47245;17439;3.3;1.2
44;2021-02-17;1104;2171;48349;19610;3.4;1.4
44;2021-02-18;1958;3721;50307;23331;3.5;1.6
44;2021-02-19;1579;2536;51886;25867;3.6;1.8
44;2021-02-20;408;642;52294;26509;3.6;1.8
44;2021-02-21;6;177;52300;26686;3.6;1.9
44;2021-02-22;717;835;53017;27521;3.7;1.9
44;2021-02-23;1246;1128;54263;28649;3.8;2.0
44;2021-02-24;1239;1097;55502;29746;3.9;2.1
44;2021-02-25;2443;1086;57945;30832;4.0;2.1
44;2021-02-26;2290;961;60235;31793;4.2;2.2
44;2021-02-27;976;452;61211;32245;4.3;2.2
44;2021-02-28;7;32;61218;32277;4.3;2.2
44;2021-03-01;989;562;62207;32839;4.3;2.3
44;2021-03-02;1804;1051;64011;33890;4.5;2.4
44;2021-03-03;1859;1135;65870;35025;4.6;2.4
44;2021-03-04;2881;1582;68751;36607;4.8;2.5
44;2021-03-05;3479;1333;72230;37940;5.0;2.6
44;2021-03-06;2508;496;74738;38436;5.2;2.7
44;2021-03-07;988;89;75726;38525;5.3;2.7
44;2021-03-08;1785;613;77511;39138;5.4;2.7
44;2021-03-09;3352;1151;80863;40289;5.6;2.8
44;2021-03-10;3079;1117;83942;41406;5.8;2.9
44;2021-03-11;4439;1794;88381;43200;6.1;3.0
44;2021-03-12;5893;1311;94274;44511;6.6;3.1
44;2021-03-13;3632;301;97906;44812;6.8;3.1
44;2021-03-14;431;63;98337;44875;6.8;3.1
44;2021-03-15;2688;373;101025;45248;7.0;3.1
44;2021-03-16;2149;630;103174;45878;7.2;3.2
44;2021-03-17;1966;678;105140;46556;7.3;3.2
44;2021-03-18;2169;643;107309;47199;7.5;3.3
44;2021-03-19;3786;366;111095;47565;7.7;3.3
44;2021-03-20;3212;294;114307;47859;8.0;3.3
44;2021-03-21;914;19;115221;47878;8.0;3.3
44;2021-03-22;2462;444;117683;48322;8.2;3.4
44;2021-03-23;3960;704;121643;49026;8.5;3.4
44;2021-03-24;4302;633;125945;49659;8.8;3.5
44;2021-03-25;5625;929;131570;50588;9.2;3.5
44;2021-03-26;6506;762;138076;51350;9.6;3.6
44;2021-03-27;3215;427;141291;51777;9.8;3.6
44;2021-03-28;1244;40;142535;51817;9.9;3.6
44;2021-03-29;3121;790;145656;52607;10.1;3.7
44;2021-03-30;5137;1117;150793;53724;10.5;3.7
44;2021-03-31;4613;1310;155406;55034;10.8;3.8
44;2021-04-01;6137;1008;161543;56042;11.2;3.9
44;2021-04-02;5795;958;167338;57000;11.6;4.0
44;2021-04-03;2435;652;169773;57652;11.8;4.0
44;2021-04-04;665;21;170438;57673;11.9;4.0
44;2021-04-05;692;286;171130;57959;11.9;4.0
44;2021-04-06;4211;1377;175341;59336;12.2;4.1
44;2021-04-07;5077;1654;180418;60990;12.6;4.2
44;2021-04-08;7179;1664;187597;62654;13.1;4.4
44;2021-04-09;10065;1816;197662;64470;13.8;4.5
44;2021-04-10;4563;1455;202225;65925;14.1;4.6
44;2021-04-11;2149;428;204374;66353;14.2;4.6
44;2021-04-12;5465;1590;209839;67943;14.6;4.7
44;2021-04-13;6729;2259;216568;70202;15.1;4.9
44;2021-04-14;5911;2234;222479;72436;15.5;5.0
44;2021-04-15;6702;2214;229181;74650;15.9;5.2
44;2021-04-16;7784;2046;236965;76696;16.5;5.3
44;2021-04-17;4301;1382;241266;78078;16.8;5.4
44;2021-04-18;2254;819;243520;78897;16.9;5.5
44;2021-04-19;5044;1909;248564;80806;17.3;5.6
44;2021-04-20;6281;2648;254845;83454;17.7;5.8
44;2021-04-21;6007;2786;260852;86240;18.2;6.0
44;2021-04-22;6960;2514;267812;88754;18.6;6.2
44;2021-04-23;7334;3177;275146;91931;19.1;6.4
44;2021-04-24;3971;2051;279117;93982;19.4;6.5
44;2021-04-25;2076;1058;281193;95040;19.6;6.6
44;2021-04-26;5652;2762;286845;97802;20.0;6.8
44;2021-04-27;7419;4108;294264;101910;20.5;7.1
44;2021-04-28;7608;3787;301872;105697;21.0;7.4
44;2021-04-29;8965;4282;310837;109979;21.6;7.7
44;2021-04-30;9568;4701;320405;114680;22.3;8.0
44;2021-05-01;2849;926;323254;115606;22.5;8.0
44;2021-05-02;1901;618;325155;116224;22.6;8.1
44;2021-05-03;5548;4076;330703;120300;23.0;8.4
44;2021-05-04;6331;5140;337034;125440;23.5;8.7
44;2021-05-05;6072;4627;343106;130067;23.9;9.1
44;2021-05-06;7256;4885;350362;134952;24.4;9.4
44;2021-05-07;7453;5721;357815;140673;24.9;9.8
44;2021-05-08;2583;1266;360398;141939;25.1;9.9
44;2021-05-09;1801;1815;362199;143754;25.2;10.0
44;2021-05-10;6574;5774;368773;149528;25.7;10.4
44;2021-05-11;7788;6269;376561;155797;26.2;10.8
44;2021-05-12;8193;5724;384754;161521;26.8;11.2
44;2021-05-13;5302;1190;390056;162711;27.1;11.3
44;2021-05-14;7586;3977;397642;166688;27.7;11.6
44;2021-05-15;5008;2234;402650;168922;28.0;11.8
44;2021-05-16;2795;742;405445;169664;28.2;11.8
44;2021-05-17;6745;5153;412190;174817;28.7;12.2
44;2021-05-18;7967;5238;420157;180055;29.2;12.5
44;2021-05-19;8168;4291;428325;184346;29.8;12.8
44;2021-05-20;8366;4652;436691;188998;30.4;13.2
44;2021-05-21;8837;5220;445528;194218;31.0;13.5
44;2021-05-22;5099;2234;450627;196452;31.4;13.7
44;2021-05-23;1759;824;452386;197276;31.5;13.7
44;2021-05-24;4887;1620;457273;198896;31.8;13.8
44;2021-05-25;7741;5548;465014;204444;32.4;14.2
44;2021-05-26;8183;5046;473197;209490;32.9;14.6
44;2021-05-27;9659;5357;482856;214847;33.6;14.9
44;2021-05-28;9187;6918;492043;221765;34.2;15.4
44;2021-05-29;5886;3335;497929;225100;34.6;15.7
44;2021-05-30;1775;705;499704;225805;34.8;15.7
44;2021-05-31;8062;6189;507766;231994;35.3;16.1
44;2021-06-01;9905;6559;517671;238553;36.0;16.6
44;2021-06-02;9527;5695;527198;244248;36.7;17.0
44;2021-06-03;10862;5887;538060;250135;37.4;17.4
44;2021-06-04;9962;8076;548022;258211;38.1;18.0
44;2021-06-05;5781;4345;553803;262556;38.5;18.3
44;2021-06-06;2363;1130;556166;263686;38.7;18.3
44;2021-06-07;9555;6938;565721;270624;39.4;18.8
44;2021-06-08;10913;7503;576634;278127;40.1;19.4
44;2021-06-09;10556;6329;587190;284456;40.9;19.8
44;2021-06-10;11428;6041;598618;290497;41.7;20.2
44;2021-06-11;11958;8646;610576;299143;42.5;20.8
44;2021-06-12;7767;4093;618343;303236;43.0;21.1
44;2021-06-13;2793;1008;621136;304244;43.2;21.2
44;2021-06-14;8766;8409;629902;312653;43.8;21.8
44;2021-06-15;11710;8256;641612;320909;44.6;22.3
44;2021-06-16;10979;7655;652591;328564;45.4;22.9
44;2021-06-17;11734;8683;664325;337247;46.2;23.5
44;2021-06-18;10901;10109;675226;347356;47.0;24.2
44;2021-06-19;5884;4326;681110;351682;47.4;24.5
44;2021-06-20;2533;1337;683643;353019;47.6;24.6
44;2021-06-21;7353;10014;690996;363033;48.1;25.3
44;2021-06-22;8467;10630;699463;373663;48.7;26.0
44;2021-06-23;8555;9133;708018;382796;49.3;26.6
44;2021-06-24;9125;8568;717143;391364;49.9;27.2
44;2021-06-25;7647;10818;724790;402182;50.4;28.0
44;2021-06-26;2961;6471;727751;408653;50.6;28.4
44;2021-06-27;816;2405;728567;411058;50.7;28.6
44;2021-06-28;5229;10055;733796;421113;51.1;29.3
44;2021-06-29;6184;12088;739980;433201;51.5;30.1
44;2021-06-30;6181;10452;746161;443653;51.9;30.9
44;2021-07-01;6931;10488;753092;454141;52.4;31.6
44;2021-07-02;6692;12555;759784;466696;52.9;32.5
44;2021-07-03;2583;7004;762367;473700;53.0;33.0
44;2021-07-04;994;2236;763361;475936;53.1;33.1
44;2021-07-05;5316;11871;768677;487807;53.5;33.9
44;2021-07-06;6058;12600;774735;500407;53.9;34.8
44;2021-07-07;6491;11098;781226;511505;54.4;35.6
44;2021-07-08;7385;11960;788611;523465;54.9;36.4
44;2021-07-09;6254;14256;794865;537721;55.3;37.4
44;2021-07-10;2438;7008;797303;544729;55.5;37.9
44;2021-07-11;730;2262;798033;546991;55.5;38.1
44;2021-07-12;4376;14056;802409;561047;55.8;39.0
44;2021-07-13;5739;14851;808148;575898;56.2;40.1
44;2021-07-14;3647;5808;811795;581706;56.5;40.5
44;2021-07-15;7204;14287;818999;595993;57.0;41.5
44;2021-07-16;8145;14991;827144;610984;57.6;42.5
44;2021-07-17;3372;7576;830516;618560;57.8;43.0
44;2021-07-18;1435;2548;831951;621108;57.9;43.2
44;2021-07-19;4799;14689;836750;635797;58.2;44.2
44;2021-07-20;6003;15676;842753;651473;58.6;45.3
44;2021-07-21;5827;13983;848580;665456;59.0;46.3
44;2021-07-22;6713;13750;855293;679206;59.5;47.3
44;2021-07-23;6155;15642;861448;694848;59.9;48.3
44;2021-07-24;2845;8722;864293;703570;60.1;49.0
44;2021-07-25;943;3089;865236;706659;60.2;49.2
44;2021-07-26;6064;12694;871300;719353;60.6;50.1
44;2021-07-27;9674;12188;880974;731541;61.3;50.9
44;2021-07-28;9227;10847;890201;742388;61.9;51.7
44;2021-07-29;10256;10842;900457;753230;62.7;52.4
44;2021-07-30;9140;10928;909597;764158;63.3;53.2
44;2021-07-31;4755;5649;914352;769807;63.6;53.6
44;2021-08-01;2553;1411;916905;771218;63.8;53.7
44;2021-08-02;6305;9476;923210;780694;64.2;54.3
44;2021-08-03;8363;8545;931573;789239;64.8;54.9
44;2021-08-04;9040;6979;940613;796218;65.5;55.4
44;2021-08-05;11475;7514;952088;803732;66.2;55.9
44;2021-08-06;9607;8205;961695;811937;66.9;56.5
44;2021-08-07;4537;3696;966232;815633;67.2;56.8
44;2021-08-08;2522;1728;968754;817361;67.4;56.9
44;2021-08-09;8831;7978;977585;825339;68.0;57.4
44;2021-08-10;10188;7607;987773;832946;68.7;58.0
44;2021-08-11;10327;6780;998100;839726;69.5;58.4
44;2021-08-12;10292;7343;1008392;847069;70.2;58.9
44;2021-08-13;8293;6147;1016685;853216;70.7;59.4
44;2021-08-14;3189;3224;1019874;856440;71.0;59.6
44;2021-08-15;708;929;1020582;857369;71.0;59.7
44;2021-08-16;5824;8289;1026406;865658;71.4;60.2
44;2021-08-17;5563;8179;1031969;873837;71.8;60.8
44;2021-08-18;4795;7608;1036764;881445;72.1;61.3
44;2021-08-19;4925;8341;1041689;889786;72.5;61.9
44;2021-08-20;4474;8911;1046163;898697;72.8;62.5
44;2021-08-21;1940;4611;1048103;903308;72.9;62.9
44;2021-08-22;697;2441;1048800;905749;73.0;63.0
44;2021-08-23;3637;9423;1052437;915172;73.2;63.7
44;2021-08-24;3607;8695;1056044;923867;73.5;64.3
44;2021-08-25;3117;8576;1059161;932443;73.7;64.9
44;2021-08-26;2910;10330;1062071;942773;73.9;65.6
45;2020-12-27;0;0;0;0;0.0;0.0
45;2020-12-28;1;0;1;0;0.0;0.0
45;2020-12-29;0;0;1;0;0.0;0.0
45;2020-12-30;0;0;1;0;0.0;0.0
45;2020-12-31;1;0;2;0;0.0;0.0
45;2021-01-01;0;0;2;0;0.0;0.0
45;2021-01-02;0;0;2;0;0.0;0.0
45;2021-01-03;0;0;2;0;0.0;0.0
45;2021-01-04;0;0;2;0;0.0;0.0
45;2021-01-05;76;0;78;0;0.0;0.0
45;2021-01-06;68;0;146;0;0.0;0.0
45;2021-01-07;198;0;344;0;0.1;0.0
45;2021-01-08;199;1;543;1;0.1;0.0
45;2021-01-09;42;0;585;1;0.1;0.0
45;2021-01-10;23;0;608;1;0.1;0.0
45;2021-01-11;254;0;862;1;0.1;0.0
45;2021-01-12;680;3;1542;4;0.2;0.0
45;2021-01-13;496;2;2038;6;0.3;0.0
45;2021-01-14;486;38;2524;44;0.4;0.0
45;2021-01-15;391;3;2915;47;0.4;0.0
45;2021-01-16;39;0;2954;47;0.4;0.0
45;2021-01-17;24;0;2978;47;0.4;0.0
45;2021-01-18;814;1;3792;48;0.6;0.0
45;2021-01-19;1196;6;4988;54;0.7;0.0
45;2021-01-20;2118;12;7106;66;1.0;0.0
45;2021-01-21;2523;6;9629;72;1.4;0.0
45;2021-01-22;1409;4;11038;76;1.6;0.0
45;2021-01-23;124;0;11162;76;1.6;0.0
45;2021-01-24;39;0;11201;76;1.6;0.0
45;2021-01-25;557;3;11758;79;1.7;0.0
45;2021-01-26;870;18;12628;97;1.8;0.0
45;2021-01-27;650;45;13278;142;1.9;0.0
45;2021-01-28;882;215;14160;357;2.1;0.1
45;2021-01-29;578;127;14738;484;2.2;0.1
45;2021-01-30;40;41;14778;525;2.2;0.1
45;2021-01-31;37;23;14815;548;2.2;0.1
45;2021-02-01;462;208;15277;756;2.2;0.1
45;2021-02-02;759;468;16036;1224;2.3;0.2
45;2021-02-03;773;479;16809;1703;2.5;0.2
45;2021-02-04;703;268;17512;1971;2.6;0.3
45;2021-02-05;417;151;17929;2122;2.6;0.3
45;2021-02-06;36;28;17965;2150;2.6;0.3
45;2021-02-07;7;31;17972;2181;2.6;0.3
45;2021-02-08;455;194;18427;2375;2.7;0.3
45;2021-02-09;1006;411;19433;2786;2.8;0.4
45;2021-02-10;1280;805;20713;3591;3.0;0.5
45;2021-02-11;1385;1525;22098;5116;3.2;0.7
45;2021-02-12;1052;1141;23150;6257;3.4;0.9
45;2021-02-13;85;158;23235;6415;3.4;0.9
45;2021-02-14;39;11;23274;6426;3.4;0.9
45;2021-02-15;523;605;23797;7031;3.5;1.0
45;2021-02-16;756;937;24553;7968;3.6;1.2
45;2021-02-17;642;1047;25195;9015;3.7;1.3
45;2021-02-18;841;853;26036;9868;3.8;1.4
45;2021-02-19;828;765;26864;10633;3.9;1.6
45;2021-02-20;59;94;26923;10727;3.9;1.6
45;2021-02-21;17;46;26940;10773;3.9;1.6
45;2021-02-22;407;631;27347;11404;4.0;1.7
45;2021-02-23;815;790;28162;12194;4.1;1.8
45;2021-02-24;650;916;28812;13110;4.2;1.9
45;2021-02-25;962;778;29774;13888;4.4;2.0
45;2021-02-26;1044;686;30818;14574;4.5;2.1
45;2021-02-27;290;52;31108;14626;4.6;2.1
45;2021-02-28;28;5;31136;14631;4.6;2.1
45;2021-03-01;534;336;31670;14967;4.6;2.2
45;2021-03-02;671;724;32341;15691;4.7;2.3
45;2021-03-03;982;897;33323;16588;4.9;2.4
45;2021-03-04;1108;989;34431;17577;5.0;2.6
45;2021-03-05;1444;865;35875;18442;5.3;2.7
45;2021-03-06;2020;132;37895;18574;5.5;2.7
45;2021-03-07;143;59;38038;18633;5.6;2.7
45;2021-03-08;752;849;38790;19482;5.7;2.9
45;2021-03-09;1256;722;40046;20204;5.9;3.0
45;2021-03-10;1592;905;41638;21109;6.1;3.1
45;2021-03-11;1720;753;43358;21862;6.3;3.2
45;2021-03-12;2074;610;45432;22472;6.7;3.3
45;2021-03-13;988;47;46420;22519;6.8;3.3
45;2021-03-14;24;43;46444;22562;6.8;3.3
45;2021-03-15;810;596;47254;23158;6.9;3.4
45;2021-03-16;942;837;48196;23995;7.1;3.5
45;2021-03-17;1052;688;49248;24683;7.2;3.6
45;2021-03-18;998;583;50246;25266;7.4;3.7
45;2021-03-19;1619;430;51865;25696;7.6;3.8
45;2021-03-20;498;82;52363;25778;7.7;3.8
45;2021-03-21;20;35;52383;25813;7.7;3.8
45;2021-03-22;914;530;53297;26343;7.8;3.9
45;2021-03-23;1984;723;55281;27066;8.1;4.0
45;2021-03-24;1898;552;57179;27618;8.4;4.0
45;2021-03-25;2983;453;60162;28071;8.8;4.1
45;2021-03-26;3389;483;63551;28554;9.3;4.2
45;2021-03-27;1796;123;65347;28677;9.6;4.2
45;2021-03-28;89;40;65436;28717;9.6;4.2
45;2021-03-29;1529;539;66965;29256;9.8;4.3
45;2021-03-30;2784;785;69749;30041;10.2;4.4
45;2021-03-31;2134;579;71883;30620;10.5;4.5
45;2021-04-01;2973;567;74856;31187;11.0;4.6
45;2021-04-02;2827;515;77683;31702;11.4;4.6
45;2021-04-03;810;73;78493;31775;11.5;4.7
45;2021-04-04;113;33;78606;31808;11.5;4.7
45;2021-04-05;14;2;78620;31810;11.5;4.7
45;2021-04-06;1736;794;80356;32604;11.8;4.8
45;2021-04-07;1775;1114;82131;33718;12.0;4.9
45;2021-04-08;2773;1021;84904;34739;12.4;5.1
45;2021-04-09;3675;646;88579;35385;13.0;5.2
45;2021-04-10;2322;110;90901;35495;13.3;5.2
45;2021-04-11;153;24;91054;35519;13.3;5.2
45;2021-04-12;2607;667;93661;36186;13.7;5.3
45;2021-04-13;3847;1089;97508;37275;14.3;5.5
45;2021-04-14;2930;1222;100438;38497;14.7;5.6
45;2021-04-15;3520;1038;103958;39535;15.2;5.8
45;2021-04-16;3775;687;107733;40222;15.8;5.9
45;2021-04-17;1614;113;109347;40335;16.0;5.9
45;2021-04-18;200;42;109547;40377;16.0;5.9
45;2021-04-19;1937;948;111484;41325;16.3;6.1
45;2021-04-20;3076;1699;114560;43024;16.8;6.3
45;2021-04-21;2721;1304;117281;44328;17.2;6.5
45;2021-04-22;3423;1841;120704;46169;17.7;6.8
45;2021-04-23;3279;1786;123983;47955;18.2;7.0
45;2021-04-24;2023;868;126006;48823;18.5;7.1
45;2021-04-25;291;86;126297;48909;18.5;7.2
45;2021-04-26;2230;1166;128527;50075;18.8;7.3
45;2021-04-27;3352;2353;131879;52428;19.3;7.7
45;2021-04-28;2803;1948;134682;54376;19.7;8.0
45;2021-04-29;3843;2339;138525;56715;20.3;8.3
45;2021-04-30;4391;1810;142916;58525;20.9;8.6
45;2021-05-01;451;61;143367;58586;21.0;8.6
45;2021-05-02;627;122;143994;58708;21.1;8.6
45;2021-05-03;2821;992;146815;59700;21.5;8.7
45;2021-05-04;3160;2349;149975;62049;22.0;9.1
45;2021-05-05;2715;2164;152690;64213;22.4;9.4
45;2021-05-06;3331;2542;156021;66755;22.8;9.8
45;2021-05-07;2873;3198;158894;69953;23.3;10.2
45;2021-05-08;611;249;159505;70202;23.4;10.3
45;2021-05-09;1498;127;161003;70329;23.6;10.3
45;2021-05-10;4142;2976;165145;73305;24.2;10.7
45;2021-05-11;5030;2970;170175;76275;24.9;11.2
45;2021-05-12;6078;2780;176253;79055;25.8;11.6
45;2021-05-13;2450;597;178703;79652;26.2;11.7
45;2021-05-14;4968;1633;183671;81285;26.9;11.9
45;2021-05-15;4066;614;187737;81899;27.5;12.0
45;2021-05-16;289;33;188026;81932;27.5;12.0
45;2021-05-17;3360;1540;191386;83472;28.0;12.2
45;2021-05-18;5118;1681;196504;85153;28.8;12.5
45;2021-05-19;4494;2061;200998;87214;29.4;12.8
45;2021-05-20;5268;2139;206266;89353;30.2;13.1
45;2021-05-21;5145;2228;211411;91581;31.0;13.4
45;2021-05-22;3042;632;214453;92213;31.4;13.5
45;2021-05-23;15;94;214468;92307;31.4;13.5
45;2021-05-24;2827;210;217295;92517;31.8;13.5
45;2021-05-25;4962;3033;222257;95550;32.5;14.0
45;2021-05-26;5115;2336;227372;97886;33.3;14.3
45;2021-05-27;5310;3238;232682;101124;34.1;14.8
45;2021-05-28;5662;3593;238344;104717;34.9;15.3
45;2021-05-29;3671;1290;242015;106007;35.4;15.5
45;2021-05-30;33;182;242048;106189;35.4;15.5
45;2021-05-31;4328;2520;246376;108709;36.1;15.9
45;2021-06-01;6092;3004;252468;111713;37.0;16.4
45;2021-06-02;4945;3107;257413;114820;37.7;16.8
45;2021-06-03;5620;3209;263033;118029;38.5;17.3
45;2021-06-04;5897;3187;268930;121216;39.4;17.8
45;2021-06-05;2033;1337;270963;122553;39.7;17.9
45;2021-06-06;88;198;271051;122751;39.7;18.0
45;2021-06-07;4080;2724;275131;125475;40.3;18.4
45;2021-06-08;4644;4078;279775;129553;41.0;19.0
45;2021-06-09;4359;3343;284134;132896;41.6;19.5
45;2021-06-10;4648;2686;288782;135582;42.3;19.9
45;2021-06-11;4118;3667;292900;139249;42.9;20.4
45;2021-06-12;2440;1508;295340;140757;43.2;20.6
45;2021-06-13;21;424;295361;141181;43.3;20.7
45;2021-06-14;3140;4154;298501;145335;43.7;21.3
45;2021-06-15;3388;4328;301889;149663;44.2;21.9
45;2021-06-16;3903;3455;305792;153118;44.8;22.4
45;2021-06-17;3525;3538;309317;156656;45.3;22.9
45;2021-06-18;3799;5032;313116;161688;45.9;23.7
45;2021-06-19;2395;1761;315511;163449;46.2;23.9
45;2021-06-20;48;142;315559;163591;46.2;24.0
45;2021-06-21;2162;5850;317721;169441;46.5;24.8
45;2021-06-22;2420;6530;320141;175971;46.9;25.8
45;2021-06-23;2284;5603;322425;181574;47.2;26.6
45;2021-06-24;2136;3532;324561;185106;47.5;27.1
45;2021-06-25;2444;6447;327005;191553;47.9;28.1
45;2021-06-26;1947;3094;328952;194647;48.2;28.5
45;2021-06-27;53;138;329005;194785;48.2;28.5
45;2021-06-28;2079;4833;331084;199618;48.5;29.2
45;2021-06-29;2838;6815;333922;206433;48.9;30.2
45;2021-06-30;2887;5852;336809;212285;49.3;31.1
45;2021-07-01;2398;5036;339207;217321;49.7;31.8
45;2021-07-02;2368;6282;341575;223603;50.0;32.7
45;2021-07-03;755;2540;342330;226143;50.1;33.1
45;2021-07-04;6;12;342336;226155;50.1;33.1
45;2021-07-05;2140;4989;344476;231144;50.4;33.8
45;2021-07-06;2805;6781;347281;237925;50.9;34.8
45;2021-07-07;2448;6059;349729;243984;51.2;35.7
45;2021-07-08;2824;5382;352553;249366;51.6;36.5
45;2021-07-09;2147;6986;354700;256352;51.9;37.5
45;2021-07-10;1547;3862;356247;260214;52.2;38.1
45;2021-07-11;24;31;356271;260245;52.2;38.1
45;2021-07-12;1589;5997;357860;266242;52.4;39.0
45;2021-07-13;3001;8234;360861;274476;52.8;40.2
45;2021-07-14;1474;1519;362335;275995;53.1;40.4
45;2021-07-15;3732;7290;366067;283285;53.6;41.5
45;2021-07-16;3255;7444;369322;290729;54.1;42.6
45;2021-07-17;1285;2332;370607;293061;54.3;42.9
45;2021-07-18;15;19;370622;293080;54.3;42.9
45;2021-07-19;1866;5941;372488;299021;54.5;43.8
45;2021-07-20;4742;6907;377230;305928;55.2;44.8
45;2021-07-21;5174;5476;382404;311404;56.0;45.6
45;2021-07-22;6179;4907;388583;316311;56.9;46.3
45;2021-07-23;4254;5480;392837;321791;57.5;47.1
45;2021-07-24;1857;2821;394694;324612;57.8;47.5
45;2021-07-25;5;14;394699;324626;57.8;47.5
45;2021-07-26;2910;4981;397609;329607;58.2;48.3
45;2021-07-27;5455;5080;403064;334687;59.0;49.0
45;2021-07-28;4985;4173;408049;338860;59.8;49.6
45;2021-07-29;5272;3256;413321;342116;60.5;50.1
45;2021-07-30;4746;4706;418067;346822;61.2;50.8
45;2021-07-31;848;1950;418915;348772;61.3;51.1
45;2021-08-01;2;4;418917;348776;61.3;51.1
45;2021-08-02;3608;3242;422525;352018;61.9;51.5
45;2021-08-03;4864;3012;427389;355030;62.6;52.0
45;2021-08-04;3725;2231;431114;357261;63.1;52.3
45;2021-08-05;3298;2632;434412;359893;63.6;52.7
45;2021-08-06;3739;3265;438151;363158;64.2;53.2
45;2021-08-07;1677;1046;439828;364204;64.4;53.3
45;2021-08-08;6;18;439834;364222;64.4;53.3
45;2021-08-09;2591;3015;442425;367237;64.8;53.8
45;2021-08-10;3495;3802;445920;371039;65.3;54.3
45;2021-08-11;2692;3716;448612;374755;65.7;54.9
45;2021-08-12;2089;3445;450701;378200;66.0;55.4
45;2021-08-13;1734;4219;452435;382419;66.3;56.0
45;2021-08-14;677;955;453112;383374;66.4;56.1
45;2021-08-15;58;30;453170;383404;66.4;56.1
45;2021-08-16;1145;2314;454315;385718;66.5;56.5
45;2021-08-17;1852;3444;456167;389162;66.8;57.0
45;2021-08-18;1773;4041;457940;393203;67.1;57.6
45;2021-08-19;1432;4267;459372;397470;67.3;58.2
45;2021-08-20;1392;3680;460764;401150;67.5;58.7
45;2021-08-21;901;1149;461665;402299;67.6;58.9
45;2021-08-22;4;8;461669;402307;67.6;58.9
45;2021-08-23;1322;4233;462991;406540;67.8;59.5
45;2021-08-24;1731;4507;464722;411047;68.1;60.2
45;2021-08-25;1573;3715;466295;414762;68.3;60.7
45;2021-08-26;996;3440;467291;418202;68.4;61.2
46;2020-12-27;4;0;4;0;0.0;0.0
46;2020-12-28;0;0;4;0;0.0;0.0
46;2020-12-29;0;0;4;0;0.0;0.0
46;2020-12-30;0;0;4;0;0.0;0.0
46;2020-12-31;0;0;4;0;0.0;0.0
46;2021-01-01;0;0;4;0;0.0;0.0
46;2021-01-02;0;0;4;0;0.0;0.0
46;2021-01-03;1;0;5;0;0.0;0.0
46;2021-01-04;0;0;5;0;0.0;0.0
46;2021-01-05;0;0;5;0;0.0;0.0
46;2021-01-06;3;0;8;0;0.0;0.0
46;2021-01-07;135;0;143;0;0.1;0.0
46;2021-01-08;181;0;324;0;0.2;0.0
46;2021-01-09;1;0;325;0;0.2;0.0
46;2021-01-10;2;0;327;0;0.2;0.0
46;2021-01-11;118;0;445;0;0.3;0.0
46;2021-01-12;140;0;585;0;0.3;0.0
46;2021-01-13;234;0;819;0;0.5;0.0
46;2021-01-14;239;2;1058;2;0.6;0.0
46;2021-01-15;305;2;1363;4;0.8;0.0
46;2021-01-16;18;0;1381;4;0.8;0.0
46;2021-01-17;0;0;1381;4;0.8;0.0
46;2021-01-18;274;2;1655;6;1.0;0.0
46;2021-01-19;389;0;2044;6;1.2;0.0
46;2021-01-20;937;2;2981;8;1.7;0.0
46;2021-01-21;996;0;3977;8;2.3;0.0
46;2021-01-22;391;2;4368;10;2.5;0.0
46;2021-01-23;0;0;4368;10;2.5;0.0
46;2021-01-24;0;0;4368;10;2.5;0.0
46;2021-01-25;203;1;4571;11;2.6;0.0
46;2021-01-26;262;1;4833;12;2.8;0.0
46;2021-01-27;277;0;5110;12;3.0;0.0
46;2021-01-28;278;43;5388;55;3.1;0.0
46;2021-01-29;233;93;5621;148;3.2;0.1
46;2021-01-30;1;0;5622;148;3.2;0.1
46;2021-01-31;1;0;5623;148;3.2;0.1
46;2021-02-01;234;174;5857;322;3.4;0.2
46;2021-02-02;210;238;6067;560;3.5;0.3
46;2021-02-03;227;97;6294;657;3.6;0.4
46;2021-02-04;372;86;6666;743;3.8;0.4
46;2021-02-05;226;177;6892;920;4.0;0.5
46;2021-02-06;9;0;6901;920;4.0;0.5
46;2021-02-07;43;0;6944;920;4.0;0.5
46;2021-02-08;197;156;7141;1076;4.1;0.6
46;2021-02-09;271;227;7412;1303;4.3;0.8
46;2021-02-10;279;545;7691;1848;4.4;1.1
46;2021-02-11;655;559;8346;2407;4.8;1.4
46;2021-02-12;321;341;8667;2748;5.0;1.6
46;2021-02-13;2;0;8669;2748;5.0;1.6
46;2021-02-14;0;62;8669;2810;5.0;1.6
46;2021-02-15;195;293;8864;3103;5.1;1.8
46;2021-02-16;217;282;9081;3385;5.2;2.0
46;2021-02-17;200;328;9281;3713;5.4;2.1
46;2021-02-18;336;267;9617;3980;5.6;2.3
46;2021-02-19;277;234;9894;4214;5.7;2.4
46;2021-02-20;0;0;9894;4214;5.7;2.4
46;2021-02-21;1;0;9895;4214;5.7;2.4
46;2021-02-22;132;193;10027;4407;5.8;2.5
46;2021-02-23;225;168;10252;4575;5.9;2.6
46;2021-02-24;179;325;10431;4900;6.0;2.8
46;2021-02-25;247;342;10678;5242;6.2;3.0
46;2021-02-26;401;346;11079;5588;6.4;3.2
46;2021-02-27;120;1;11199;5589;6.5;3.2
46;2021-02-28;0;3;11199;5592;6.5;3.2
46;2021-03-01;169;180;11368;5772;6.6;3.3
46;2021-03-02;406;232;11774;6004;6.8;3.5
46;2021-03-03;458;331;12232;6335;7.1;3.7
46;2021-03-04;607;455;12839;6790;7.4;3.9
46;2021-03-05;809;365;13648;7155;7.9;4.1
46;2021-03-06;476;17;14124;7172;8.2;4.1
46;2021-03-07;101;19;14225;7191;8.2;4.2
46;2021-03-08;349;249;14574;7440;8.4;4.3
46;2021-03-09;745;271;15319;7711;8.8;4.5
46;2021-03-10;686;248;16005;7959;9.2;4.6
46;2021-03-11;851;254;16856;8213;9.7;4.7
46;2021-03-12;927;228;17783;8441;10.3;4.9
46;2021-03-13;512;3;18295;8444;10.6;4.9
46;2021-03-14;0;0;18295;8444;10.6;4.9
46;2021-03-15;505;166;18800;8610;10.9;5.0
46;2021-03-16;752;175;19552;8785;11.3;5.1
46;2021-03-17;671;203;20223;8988;11.7;5.2
46;2021-03-18;758;215;20981;9203;12.1;5.3
46;2021-03-19;810;149;21791;9352;12.6;5.4
46;2021-03-20;292;3;22083;9355;12.8;5.4
46;2021-03-21;2;0;22085;9355;12.8;5.4
46;2021-03-22;555;241;22640;9596;13.1;5.5
46;2021-03-23;702;212;23342;9808;13.5;5.7
46;2021-03-24;674;240;24016;10048;13.9;5.8
46;2021-03-25;1134;183;25150;10231;14.5;5.9
46;2021-03-26;1025;341;26175;10572;15.1;6.1
46;2021-03-27;420;72;26595;10644;15.4;6.1
46;2021-03-28;127;1;26722;10645;15.4;6.1
46;2021-03-29;733;254;27455;10899;15.9;6.3
46;2021-03-30;767;365;28222;11264;16.3;6.5
46;2021-03-31;865;421;29087;11685;16.8;6.7
46;2021-04-01;1169;344;30256;12029;17.5;6.9
46;2021-04-02;924;395;31180;12424;18.0;7.2
46;2021-04-03;167;166;31347;12590;18.1;7.3
46;2021-04-04;0;71;31347;12661;18.1;7.3
46;2021-04-05;3;0;31350;12661;18.1;7.3
46;2021-04-06;545;518;31895;13179;18.4;7.6
46;2021-04-07;785;647;32680;13826;18.9;8.0
46;2021-04-08;962;541;33642;14367;19.4;8.3
46;2021-04-09;1018;506;34660;14873;20.0;8.6
46;2021-04-10;502;208;35162;15081;20.3;8.7
46;2021-04-11;232;1;35394;15082;20.4;8.7
46;2021-04-12;845;546;36239;15628;20.9;9.0
46;2021-04-13;1187;718;37426;16346;21.6;9.4
46;2021-04-14;1535;614;38961;16960;22.5;9.8
46;2021-04-15;1501;664;40462;17624;23.4;10.2
46;2021-04-16;1585;567;42047;18191;24.3;10.5
46;2021-04-17;994;134;43041;18325;24.9;10.6
46;2021-04-18;516;8;43557;18333;25.2;10.6
46;2021-04-19;1070;573;44627;18906;25.8;10.9
46;2021-04-20;1228;727;45855;19633;26.5;11.3
46;2021-04-21;1230;713;47085;20346;27.2;11.7
46;2021-04-22;1392;728;48477;21074;28.0;12.2
46;2021-04-23;1132;731;49609;21805;28.6;12.6
46;2021-04-24;471;19;50080;21824;28.9;12.6
46;2021-04-25;351;11;50431;21835;29.1;12.6
46;2021-04-26;851;730;51282;22565;29.6;13.0
46;2021-04-27;1221;665;52503;23230;30.3;13.4
46;2021-04-28;1289;668;53792;23898;31.1;13.8
46;2021-04-29;1416;524;55208;24422;31.9;14.1
46;2021-04-30;1438;565;56646;24987;32.7;14.4
46;2021-05-01;697;73;57343;25060;33.1;14.5
46;2021-05-02;346;4;57689;25064;33.3;14.5
46;2021-05-03;852;569;58541;25633;33.8;14.8
46;2021-05-04;1037;1063;59578;26696;34.4;15.4
46;2021-05-05;1374;787;60952;27483;35.2;15.9
46;2021-05-06;1377;742;62329;28225;36.0;16.3
46;2021-05-07;1398;792;63727;29017;36.8;16.8
46;2021-05-08;281;411;64008;29428;37.0;17.0
46;2021-05-09;23;225;64031;29653;37.0;17.1
46;2021-05-10;517;1139;64548;30792;37.3;17.8
46;2021-05-11;1034;1257;65582;32049;37.9;18.5
46;2021-05-12;994;1564;66576;33613;38.4;19.4
46;2021-05-13;600;144;67176;33757;38.8;19.5
46;2021-05-14;959;1097;68135;34854;39.3;20.1
46;2021-05-15;254;654;68389;35508;39.5;20.5
46;2021-05-16;78;297;68467;35805;39.5;20.7
46;2021-05-17;653;959;69120;36764;39.9;21.2
46;2021-05-18;1404;1023;70524;37787;40.7;21.8
46;2021-05-19;1306;904;71830;38691;41.5;22.3
46;2021-05-20;1453;815;73283;39506;42.3;22.8
46;2021-05-21;996;1159;74279;40665;42.9;23.5
46;2021-05-22;147;369;74426;41034;43.0;23.7
46;2021-05-23;450;25;74876;41059;43.2;23.7
46;2021-05-24;411;113;75287;41172;43.5;23.8
46;2021-05-25;961;1332;76248;42504;44.0;24.5
46;2021-05-26;1237;1150;77485;43654;44.7;25.2
46;2021-05-27;1432;1194;78917;44848;45.6;25.9
46;2021-05-28;1430;1211;80347;46059;46.4;26.6
46;2021-05-29;1052;399;81399;46458;47.0;26.8
46;2021-05-30;409;40;81808;46498;47.2;26.9
46;2021-05-31;970;976;82778;47474;47.8;27.4
46;2021-06-01;1277;999;84055;48473;48.5;28.0
46;2021-06-02;1317;1117;85372;49590;49.3;28.6
46;2021-06-03;1418;1011;86790;50601;50.1;29.2
46;2021-06-04;1333;977;88123;51578;50.9;29.8
46;2021-06-05;381;414;88504;51992;51.1;30.0
46;2021-06-06;209;95;88713;52087;51.2;30.1
46;2021-06-07;814;617;89527;52704;51.7;30.4
46;2021-06-08;1020;896;90547;53600;52.3;31.0
46;2021-06-09;1504;974;92051;54574;53.2;31.5
46;2021-06-10;982;852;93033;55426;53.7;32.0
46;2021-06-11;970;1322;94003;56748;54.3;32.8
46;2021-06-12;459;549;94462;57297;54.5;33.1
46;2021-06-13;27;86;94489;57383;54.6;33.1
46;2021-06-14;593;1137;95082;58520;54.9;33.8
46;2021-06-15;751;1248;95833;59768;55.3;34.5
46;2021-06-16;999;1113;96832;60881;55.9;35.2
46;2021-06-17;527;897;97359;61778;56.2;35.7
46;2021-06-18;658;1255;98017;63033;56.6;36.4
46;2021-06-19;457;313;98474;63346;56.9;36.6
46;2021-06-20;39;161;98513;63507;56.9;36.7
46;2021-06-21;428;945;98941;64452;57.1;37.2
46;2021-06-22;350;1178;99291;65630;57.3;37.9
46;2021-06-23;520;1075;99811;66705;57.6;38.5
46;2021-06-24;251;821;100062;67526;57.8;39.0
46;2021-06-25;491;1117;100553;68643;58.1;39.6
46;2021-06-26;397;552;100950;69195;58.3;40.0
46;2021-06-27;3;4;100953;69199;58.3;40.0
46;2021-06-28;315;1337;101268;70536;58.5;40.7
46;2021-06-29;378;1682;101646;72218;58.7;41.7
46;2021-06-30;512;1578;102158;73796;59.0;42.6
46;2021-07-01;361;1153;102519;74949;59.2;43.3
46;2021-07-02;468;1085;102987;76034;59.5;43.9
46;2021-07-03;124;455;103111;76489;59.5;44.2
46;2021-07-04;58;127;103169;76616;59.6;44.2
46;2021-07-05;346;1188;103515;77804;59.8;44.9
46;2021-07-06;369;1458;103884;79262;60.0;45.8
46;2021-07-07;582;1729;104466;80991;60.3;46.8
46;2021-07-08;339;1165;104805;82156;60.5;47.4
46;2021-07-09;396;1707;105201;83863;60.8;48.4
46;2021-07-10;286;1040;105487;84903;60.9;49.0
46;2021-07-11;15;375;105502;85278;60.9;49.2
46;2021-07-12;248;1261;105750;86539;61.1;50.0
46;2021-07-13;626;1672;106376;88211;61.4;50.9
46;2021-07-14;67;144;106443;88355;61.5;51.0
46;2021-07-15;914;1467;107357;89822;62.0;51.9
46;2021-07-16;767;1397;108124;91219;62.4;52.7
46;2021-07-17;363;539;108487;91758;62.6;53.0
46;2021-07-18;2;0;108489;91758;62.7;53.0
46;2021-07-19;672;1187;109161;92945;63.0;53.7
46;2021-07-20;982;1430;110143;94375;63.6;54.5
46;2021-07-21;1004;1380;111147;95755;64.2;55.3
46;2021-07-22;1402;1117;112549;96872;65.0;55.9
46;2021-07-23;766;1322;113315;98194;65.4;56.7
46;2021-07-24;955;664;114270;98858;66.0;57.1
46;2021-07-25;136;17;114406;98875;66.1;57.1
46;2021-07-26;881;879;115287;99754;66.6;57.6
46;2021-07-27;1217;978;116504;100732;67.3;58.2
46;2021-07-28;1280;1113;117784;101845;68.0;58.8
46;2021-07-29;1576;850;119360;102695;68.9;59.3
46;2021-07-30;1919;954;121279;103649;70.0;59.9
46;2021-07-31;948;655;122227;104304;70.6;60.2
46;2021-08-01;11;3;122238;104307;70.6;60.2
46;2021-08-02;973;586;123211;104893;71.2;60.6
46;2021-08-03;1358;678;124569;105571;71.9;61.0
46;2021-08-04;1738;605;126307;106176;72.9;61.3
46;2021-08-05;1382;846;127689;107022;73.7;61.8
46;2021-08-06;1398;846;129087;107868;74.5;62.3
46;2021-08-07;704;542;129791;108410;75.0;62.6
46;2021-08-08;95;66;129886;108476;75.0;62.6
46;2021-08-09;1015;694;130901;109170;75.6;63.0
46;2021-08-10;1190;890;132091;110060;76.3;63.6
46;2021-08-11;1240;1069;133331;111129;77.0;64.2
46;2021-08-12;988;798;134319;111927;77.6;64.6
46;2021-08-13;945;998;135264;112925;78.1;65.2
46;2021-08-14;583;776;135847;113701;78.4;65.7
46;2021-08-15;8;27;135855;113728;78.5;65.7
46;2021-08-16;793;804;136648;114532;78.9;66.1
46;2021-08-17;880;1287;137528;115819;79.4;66.9
46;2021-08-18;770;1050;138298;116869;79.9;67.5
46;2021-08-19;665;1360;138963;118229;80.2;68.3
46;2021-08-20;519;1552;139482;119781;80.5;69.2
46;2021-08-21;374;648;139856;120429;80.8;69.5
46;2021-08-22;2;31;139858;120460;80.8;69.6
46;2021-08-23;419;1205;140277;121665;81.0;70.3
46;2021-08-24;548;1337;140825;123002;81.3;71.0
46;2021-08-25;517;1399;141342;124401;81.6;71.8
46;2021-08-26;376;1097;141718;125498;81.8;72.5
47;2020-12-27;0;0;0;0;0.0;0.0
47;2020-12-28;0;0;0;0;0.0;0.0
47;2020-12-29;0;0;0;0;0.0;0.0
47;2020-12-30;0;0;0;0;0.0;0.0
47;2020-12-31;0;0;0;0;0.0;0.0
47;2021-01-01;4;0;4;0;0.0;0.0
47;2021-01-02;0;0;4;0;0.0;0.0
47;2021-01-03;0;0;4;0;0.0;0.0
47;2021-01-04;0;0;4;0;0.0;0.0
47;2021-01-05;0;0;4;0;0.0;0.0
47;2021-01-06;0;0;4;0;0.0;0.0
47;2021-01-07;71;1;75;1;0.0;0.0
47;2021-01-08;314;0;389;1;0.1;0.0
47;2021-01-09;113;0;502;1;0.2;0.0
47;2021-01-10;0;0;502;1;0.2;0.0
47;2021-01-11;249;0;751;1;0.2;0.0
47;2021-01-12;327;0;1078;1;0.3;0.0
47;2021-01-13;349;0;1427;1;0.4;0.0
47;2021-01-14;364;4;1791;5;0.5;0.0
47;2021-01-15;287;1;2078;6;0.6;0.0
47;2021-01-16;176;4;2254;10;0.7;0.0
47;2021-01-17;0;0;2254;10;0.7;0.0
47;2021-01-18;485;1;2739;11;0.8;0.0
47;2021-01-19;469;2;3208;13;1.0;0.0
47;2021-01-20;514;0;3722;13;1.1;0.0
47;2021-01-21;585;0;4307;13;1.3;0.0
47;2021-01-22;470;0;4777;13;1.4;0.0
47;2021-01-23;390;0;5167;13;1.6;0.0
47;2021-01-24;0;0;5167;13;1.6;0.0
47;2021-01-25;426;0;5593;13;1.7;0.0
47;2021-01-26;789;4;6382;17;1.9;0.0
47;2021-01-27;732;0;7114;17;2.2;0.0
47;2021-01-28;575;66;7689;83;2.3;0.0
47;2021-01-29;461;170;8150;253;2.5;0.1
47;2021-01-30;301;39;8451;292;2.6;0.1
47;2021-01-31;0;0;8451;292;2.6;0.1
47;2021-02-01;374;116;8825;408;2.7;0.1
47;2021-02-02;759;317;9584;725;2.9;0.2
47;2021-02-03;425;162;10009;887;3.0;0.3
47;2021-02-04;370;317;10379;1204;3.1;0.4
47;2021-02-05;300;309;10679;1513;3.2;0.5
47;2021-02-06;297;99;10976;1612;3.3;0.5
47;2021-02-07;0;0;10976;1612;3.3;0.5
47;2021-02-08;184;285;11160;1897;3.4;0.6
47;2021-02-09;231;258;11391;2155;3.4;0.7
47;2021-02-10;254;247;11645;2402;3.5;0.7
47;2021-02-11;356;378;12001;2780;3.6;0.8
47;2021-02-12;243;413;12244;3193;3.7;1.0
47;2021-02-13;226;111;12470;3304;3.8;1.0
47;2021-02-14;0;0;12470;3304;3.8;1.0
47;2021-02-15;194;384;12664;3688;3.8;1.1
47;2021-02-16;303;588;12967;4276;3.9;1.3
47;2021-02-17;326;456;13293;4732;4.0;1.4
47;2021-02-18;200;599;13493;5331;4.1;1.6
47;2021-02-19;193;365;13686;5696;4.1;1.7
47;2021-02-20;117;269;13803;5965;4.2;1.8
47;2021-02-21;0;0;13803;5965;4.2;1.8
47;2021-02-22;75;406;13878;6371;4.2;1.9
47;2021-02-23;150;649;14028;7020;4.2;2.1
47;2021-02-24;261;561;14289;7581;4.3;2.3
47;2021-02-25;304;412;14593;7993;4.4;2.4
47;2021-02-26;468;321;15061;8314;4.6;2.5
47;2021-02-27;324;213;15385;8527;4.7;2.6
47;2021-02-28;0;0;15385;8527;4.7;2.6
47;2021-03-01;124;397;15509;8924;4.7;2.7
47;2021-03-02;200;366;15709;9290;4.8;2.8
47;2021-03-03;244;350;15953;9640;4.8;2.9
47;2021-03-04;593;332;16546;9972;5.0;3.0
47;2021-03-05;844;287;17390;10259;5.3;3.1
47;2021-03-06;507;193;17897;10452;5.4;3.2
47;2021-03-07;331;6;18228;10458;5.5;3.2
47;2021-03-08;458;227;18686;10685;5.7;3.2
47;2021-03-09;508;492;19194;11177;5.8;3.4
47;2021-03-10;666;300;19860;11477;6.0;3.5
47;2021-03-11;938;379;20798;11856;6.3;3.6
47;2021-03-12;1370;297;22168;12153;6.7;3.7
47;2021-03-13;950;109;23118;12262;7.0;3.7
47;2021-03-14;51;0;23169;12262;7.0;3.7
47;2021-03-15;592;162;23761;12424;7.2;3.8
47;2021-03-16;750;177;24511;12601;7.4;3.8
47;2021-03-17;860;209;25371;12810;7.7;3.9
47;2021-03-18;917;178;26288;12988;8.0;3.9
47;2021-03-19;1272;127;27560;13115;8.3;4.0
47;2021-03-20;1087;58;28647;13173;8.7;4.0
47;2021-03-21;344;1;28991;13174;8.8;4.0
47;2021-03-22;1012;95;30003;13269;9.1;4.0
47;2021-03-23;1146;148;31149;13417;9.4;4.1
47;2021-03-24;1212;131;32361;13548;9.8;4.1
47;2021-03-25;1565;151;33926;13699;10.3;4.1
47;2021-03-26;1882;199;35808;13898;10.8;4.2
47;2021-03-27;980;129;36788;14027;11.1;4.2
47;2021-03-28;700;5;37488;14032;11.3;4.2
47;2021-03-29;1512;80;39000;14112;11.8;4.3
47;2021-03-30;1644;127;40644;14239;12.3;4.3
47;2021-03-31;1605;152;42249;14391;12.8;4.4
47;2021-04-01;1682;267;43931;14658;13.3;4.4
47;2021-04-02;1934;456;45865;15114;13.9;4.6
47;2021-04-03;1202;182;47067;15296;14.2;4.6
47;2021-04-04;475;13;47542;15309;14.4;4.6
47;2021-04-05;1296;58;48838;15367;14.8;4.7
47;2021-04-06;1386;387;50224;15754;15.2;4.8
47;2021-04-07;1694;593;51918;16347;15.7;4.9
47;2021-04-08;1834;478;53752;16825;16.3;5.1
47;2021-04-09;2083;544;55835;17369;16.9;5.3
47;2021-04-10;1564;326;57399;17695;17.4;5.4
47;2021-04-11;530;9;57929;17704;17.5;5.4
47;2021-04-12;1437;612;59366;18316;18.0;5.5
47;2021-04-13;1817;766;61183;19082;18.5;5.8
47;2021-04-14;1749;720;62932;19802;19.1;6.0
47;2021-04-15;2012;848;64944;20650;19.7;6.3
47;2021-04-16;1767;893;66711;21543;20.2;6.5
47;2021-04-17;1472;969;68183;22512;20.6;6.8
47;2021-04-18;23;0;68206;22512;20.6;6.8
47;2021-04-19;1332;933;69538;23445;21.1;7.1
47;2021-04-20;1626;909;71164;24354;21.5;7.4
47;2021-04-21;1626;773;72790;25127;22.0;7.6
47;2021-04-22;1872;1059;74662;26186;22.6;7.9
47;2021-04-23;1726;1070;76388;27256;23.1;8.3
47;2021-04-24;1549;803;77937;28059;23.6;8.5
47;2021-04-25;242;345;78179;28404;23.7;8.6
47;2021-04-26;1488;1363;79667;29767;24.1;9.0
47;2021-04-27;1922;1473;81589;31240;24.7;9.5
47;2021-04-28;2090;1591;83679;32831;25.3;9.9
47;2021-04-29;2533;1513;86212;34344;26.1;10.4
47;2021-04-30;2044;1781;88256;36125;26.7;10.9
47;2021-05-01;2263;983;90519;37108;27.4;11.2
47;2021-05-02;21;357;90540;37465;27.4;11.3
47;2021-05-03;1597;1418;92137;38883;27.9;11.8
47;2021-05-04;1647;1730;93784;40613;28.4;12.3
47;2021-05-05;1927;1642;95711;42255;29.0;12.8
47;2021-05-06;2106;1509;97817;43764;29.6;13.2
47;2021-05-07;2001;1624;99818;45388;30.2;13.7
47;2021-05-08;2098;464;101916;45852;30.9;13.9
47;2021-05-09;24;359;101940;46211;30.9;14.0
47;2021-05-10;1202;1670;103142;47881;31.2;14.5
47;2021-05-11;2174;1991;105316;49872;31.9;15.1
47;2021-05-12;2626;1452;107942;51324;32.7;15.5
47;2021-05-13;2382;658;110324;51982;33.4;15.7
47;2021-05-14;2062;859;112386;52841;34.0;16.0
47;2021-05-15;1935;863;114321;53704;34.6;16.3
47;2021-05-16;367;9;114688;53713;34.7;16.3
47;2021-05-17;1885;1123;116573;54836;35.3;16.6
47;2021-05-18;2358;1141;118931;55977;36.0;16.9
47;2021-05-19;2345;760;121276;56737;36.7;17.2
47;2021-05-20;2588;970;123864;57707;37.5;17.5
47;2021-05-21;1538;1134;125402;58841;38.0;17.8
47;2021-05-22;2369;837;127771;59678;38.7;18.1
47;2021-05-23;25;186;127796;59864;38.7;18.1
47;2021-05-24;1549;236;129345;60100;39.2;18.2
47;2021-05-25;1485;1323;130830;61423;39.6;18.6
47;2021-05-26;1599;1088;132429;62511;40.1;18.9
47;2021-05-27;1944;1270;134373;63781;40.7;19.3
47;2021-05-28;1457;1536;135830;65317;41.1;19.8
47;2021-05-29;1153;1126;136983;66443;41.5;20.1
47;2021-05-30;12;45;136995;66488;41.5;20.1
47;2021-05-31;1868;1422;138863;67910;42.0;20.6
47;2021-06-01;1922;1342;140785;69252;42.6;21.0
47;2021-06-02;2101;1333;142886;70585;43.3;21.4
47;2021-06-03;2486;1612;145372;72197;44.0;21.9
47;2021-06-04;1966;2115;147338;74312;44.6;22.5
47;2021-06-05;1639;1476;148977;75788;45.1;22.9
47;2021-06-06;212;70;149189;75858;45.2;23.0
47;2021-06-07;1663;2244;150852;78102;45.7;23.6
47;2021-06-08;1630;1904;152482;80006;46.2;24.2
47;2021-06-09;1823;2126;154305;82132;46.7;24.9
47;2021-06-10;2375;1618;156680;83750;47.4;25.4
47;2021-06-11;1827;2101;158507;85851;48.0;26.0
47;2021-06-12;1351;2102;159858;87953;48.4;26.6
47;2021-06-13;4;10;159862;87963;48.4;26.6
47;2021-06-14;1281;2447;161143;90410;48.8;27.4
47;2021-06-15;1465;2034;162608;92444;49.2;28.0
47;2021-06-16;1206;2188;163814;94632;49.6;28.6
47;2021-06-17;1656;1524;165470;96156;50.1;29.1
47;2021-06-18;1439;2497;166909;98653;50.5;29.9
47;2021-06-19;1541;2457;168450;101110;51.0;30.6
47;2021-06-20;4;33;168454;101143;51.0;30.6
47;2021-06-21;1136;2514;169590;103657;51.3;31.4
47;2021-06-22;760;2504;170350;106161;51.6;32.1
47;2021-06-23;998;2016;171348;108177;51.9;32.7
47;2021-06-24;1211;1936;172559;110113;52.2;33.3
47;2021-06-25;1006;2609;173565;112722;52.5;34.1
47;2021-06-26;988;2789;174553;115511;52.8;35.0
47;2021-06-27;16;349;174569;115860;52.8;35.1
47;2021-06-28;875;2406;175444;118266;53.1;35.8
47;2021-06-29;798;2317;176242;120583;53.4;36.5
47;2021-06-30;730;2307;176972;122890;53.6;37.2
47;2021-07-01;920;2107;177892;124997;53.9;37.8
47;2021-07-02;885;2276;178777;127273;54.1;38.5
47;2021-07-03;727;3042;179504;130315;54.3;39.4
47;2021-07-04;34;12;179538;130327;54.4;39.5
47;2021-07-05;979;2146;180517;132473;54.6;40.1
47;2021-07-06;1007;1958;181524;134431;55.0;40.7
47;2021-07-07;1300;2063;182824;136494;55.3;41.3
47;2021-07-08;1144;2195;183968;138689;55.7;42.0
47;2021-07-09;1049;2407;185017;141096;56.0;42.7
47;2021-07-10;953;2131;185970;143227;56.3;43.4
47;2021-07-11;1;6;185971;143233;56.3;43.4
47;2021-07-12;558;2581;186529;145814;56.5;44.1
47;2021-07-13;1095;2592;187624;148406;56.8;44.9
47;2021-07-14;1166;1578;188790;149984;57.2;45.4
47;2021-07-15;1717;3137;190507;153121;57.7;46.4
47;2021-07-16;1723;2681;192230;155802;58.2;47.2
47;2021-07-17;1201;2458;193431;158260;58.6;47.9
47;2021-07-18;36;188;193467;158448;58.6;48.0
47;2021-07-19;1115;2562;194582;161010;58.9;48.7
47;2021-07-20;1638;2341;196220;163351;59.4;49.4
47;2021-07-21;2190;2242;198410;165593;60.1;50.1
47;2021-07-22;2157;2299;200567;167892;60.7;50.8
47;2021-07-23;2115;2251;202682;170143;61.4;51.5
47;2021-07-24;1112;1912;203794;172055;61.7;52.1
47;2021-07-25;20;1;203814;172056;61.7;52.1
47;2021-07-26;1233;1942;205047;173998;62.1;52.7
47;2021-07-27;2116;1633;207163;175631;62.7;53.2
47;2021-07-28;1878;1605;209041;177236;63.3;53.7
47;2021-07-29;2319;1598;211360;178834;64.0;54.1
47;2021-07-30;1861;1622;213221;180456;64.5;54.6
47;2021-07-31;1479;1669;214700;182125;65.0;55.1
47;2021-08-01;17;8;214717;182133;65.0;55.1
47;2021-08-02;2027;1220;216744;183353;65.6;55.5
47;2021-08-03;2148;1104;218892;184457;66.3;55.8
47;2021-08-04;2170;1525;221062;185982;66.9;56.3
47;2021-08-05;2400;1444;223462;187426;67.6;56.7
47;2021-08-06;1997;1838;225459;189264;68.3;57.3
47;2021-08-07;1599;1415;227058;190679;68.7;57.7
47;2021-08-08;24;22;227082;190701;68.7;57.7
47;2021-08-09;1870;1211;228952;191912;69.3;58.1
47;2021-08-10;1905;1294;230857;193206;69.9;58.5
47;2021-08-11;1799;1401;232656;194607;70.4;58.9
47;2021-08-12;2043;1339;234699;195946;71.0;59.3
47;2021-08-13;1414;1663;236113;197609;71.5;59.8
47;2021-08-14;1347;1443;237460;199052;71.9;60.3
47;2021-08-15;10;18;237470;199070;71.9;60.3
47;2021-08-16;1433;1451;238903;200521;72.3;60.7
47;2021-08-17;1120;1694;240023;202215;72.7;61.2
47;2021-08-18;1169;1711;241192;203926;73.0;61.7
47;2021-08-19;1033;1811;242225;205737;73.3;62.3
47;2021-08-20;961;1705;243186;207442;73.6;62.8
47;2021-08-21;819;1273;244005;208715;73.9;63.2
47;2021-08-22;11;23;244016;208738;73.9;63.2
47;2021-08-23;607;1823;244623;210561;74.1;63.7
47;2021-08-24;809;1615;245432;212176;74.3;64.2
47;2021-08-25;802;1785;246234;213961;74.5;64.8
47;2021-08-26;726;2077;246960;216038;74.8;65.4
48;2020-12-27;0;0;0;0;0.0;0.0
48;2020-12-28;0;0;0;0;0.0;0.0
48;2020-12-29;0;0;0;0;0.0;0.0
48;2020-12-30;0;0;0;0;0.0;0.0
48;2020-12-31;0;0;0;0;0.0;0.0
48;2021-01-01;0;0;0;0;0.0;0.0
48;2021-01-02;0;0;0;0;0.0;0.0
48;2021-01-03;0;0;0;0;0.0;0.0
48;2021-01-04;0;0;0;0;0.0;0.0
48;2021-01-05;0;0;0;0;0.0;0.0
48;2021-01-06;0;0;0;0;0.0;0.0
48;2021-01-07;56;0;56;0;0.1;0.0
48;2021-01-08;87;0;143;0;0.2;0.0
48;2021-01-09;1;0;144;0;0.2;0.0
48;2021-01-10;0;0;144;0;0.2;0.0
48;2021-01-11;13;0;157;0;0.2;0.0
48;2021-01-12;19;1;176;1;0.2;0.0
48;2021-01-13;104;0;280;1;0.4;0.0
48;2021-01-14;90;1;370;2;0.5;0.0
48;2021-01-15;63;0;433;2;0.6;0.0
48;2021-01-16;0;0;433;2;0.6;0.0
48;2021-01-17;0;0;433;2;0.6;0.0
48;2021-01-18;117;0;550;2;0.7;0.0
48;2021-01-19;345;2;895;4;1.2;0.0
48;2021-01-20;364;0;1259;4;1.7;0.0
48;2021-01-21;465;1;1724;5;2.3;0.0
48;2021-01-22;269;0;1993;5;2.6;0.0
48;2021-01-23;36;0;2029;5;2.7;0.0
48;2021-01-24;0;0;2029;5;2.7;0.0
48;2021-01-25;109;2;2138;7;2.8;0.0
48;2021-01-26;261;0;2399;7;3.1;0.0
48;2021-01-27;257;2;2656;9;3.5;0.0
48;2021-01-28;270;10;2926;19;3.8;0.0
48;2021-01-29;175;60;3101;79;4.1;0.1
48;2021-01-30;1;7;3102;86;4.1;0.1
48;2021-01-31;0;6;3102;92;4.1;0.1
48;2021-02-01;98;47;3200;139;4.2;0.2
48;2021-02-02;191;36;3391;175;4.4;0.2
48;2021-02-03;177;82;3568;257;4.7;0.3
48;2021-02-04;234;14;3802;271;5.0;0.4
48;2021-02-05;144;36;3946;307;5.2;0.4
48;2021-02-06;34;1;3980;308;5.2;0.4
48;2021-02-07;0;0;3980;308;5.2;0.4
48;2021-02-08;50;60;4030;368;5.3;0.5
48;2021-02-09;66;167;4096;535;5.4;0.7
48;2021-02-10;65;303;4161;838;5.5;1.1
48;2021-02-11;165;407;4326;1245;5.7;1.6
48;2021-02-12;120;155;4446;1400;5.8;1.8
48;2021-02-13;8;55;4454;1455;5.8;1.9
48;2021-02-14;0;0;4454;1455;5.8;1.9
48;2021-02-15;51;106;4505;1561;5.9;2.0
48;2021-02-16;43;173;4548;1734;6.0;2.3
48;2021-02-17;35;284;4583;2018;6.0;2.6
48;2021-02-18;252;107;4835;2125;6.3;2.8
48;2021-02-19;60;183;4895;2308;6.4;3.0
48;2021-02-20;0;1;4895;2309;6.4;3.0
48;2021-02-21;0;14;4895;2323;6.4;3.0
48;2021-02-22;24;129;4919;2452;6.4;3.2
48;2021-02-23;74;221;4993;2673;6.5;3.5
48;2021-02-24;68;265;5061;2938;6.6;3.9
48;2021-02-25;148;263;5209;3201;6.8;4.2
48;2021-02-26;51;229;5260;3430;6.9;4.5
48;2021-02-27;28;1;5288;3431;6.9;4.5
48;2021-02-28;3;14;5291;3445;6.9;4.5
48;2021-03-01;102;96;5393;3541;7.1;4.6
48;2021-03-02;199;88;5592;3629;7.3;4.8
48;2021-03-03;155;110;5747;3739;7.5;4.9
48;2021-03-04;194;183;5941;3922;7.8;5.1
48;2021-03-05;136;141;6077;4063;8.0;5.3
48;2021-03-06;180;53;6257;4116;8.2;5.4
48;2021-03-07;75;2;6332;4118;8.3;5.4
48;2021-03-08;352;125;6684;4243;8.8;5.6
48;2021-03-09;377;87;7061;4330;9.3;5.7
48;2021-03-10;263;61;7324;4391;9.6;5.8
48;2021-03-11;334;91;7658;4482;10.0;5.9
48;2021-03-12;255;154;7913;4636;10.4;6.1
48;2021-03-13;301;5;8214;4641;10.8;6.1
48;2021-03-14;8;0;8222;4641;10.8;6.1
48;2021-03-15;174;63;8396;4704;11.0;6.2
48;2021-03-16;167;66;8563;4770;11.2;6.3
48;2021-03-17;156;110;8719;4880;11.4;6.4
48;2021-03-18;190;104;8909;4984;11.7;6.5
48;2021-03-19;116;96;9025;5080;11.8;6.7
48;2021-03-20;101;0;9126;5080;12.0;6.7
48;2021-03-21;0;0;9126;5080;12.0;6.7
48;2021-03-22;160;22;9286;5102;12.2;6.7
48;2021-03-23;329;103;9615;5205;12.6;6.8
48;2021-03-24;284;100;9899;5305;13.0;7.0
48;2021-03-25;757;120;10656;5425;14.0;7.1
48;2021-03-26;269;60;10925;5485;14.3;7.2
48;2021-03-27;104;1;11029;5486;14.5;7.2
48;2021-03-28;80;20;11109;5506;14.6;7.2
48;2021-03-29;304;80;11413;5586;15.0;7.3
48;2021-03-30;363;131;11776;5717;15.4;7.5
48;2021-03-31;448;86;12224;5803;16.0;7.6
48;2021-04-01;729;72;12953;5875;17.0;7.7
48;2021-04-02;487;132;13440;6007;17.6;7.9
48;2021-04-03;140;83;13580;6090;17.8;8.0
48;2021-04-04;0;0;13580;6090;17.8;8.0
48;2021-04-05;43;1;13623;6091;17.9;8.0
48;2021-04-06;465;160;14088;6251;18.5;8.2
48;2021-04-07;465;140;14553;6391;19.1;8.4
48;2021-04-08;620;187;15173;6578;19.9;8.6
48;2021-04-09;446;121;15619;6699;20.5;8.8
48;2021-04-10;95;60;15714;6759;20.6;8.9
48;2021-04-11;2;0;15716;6759;20.6;8.9
48;2021-04-12;364;71;16080;6830;21.1;9.0
48;2021-04-13;361;92;16441;6922;21.6;9.1
48;2021-04-14;624;186;17065;7108;22.4;9.3
48;2021-04-15;701;360;17766;7468;23.3;9.8
48;2021-04-16;538;226;18304;7694;24.0;10.1
48;2021-04-17;89;72;18393;7766;24.1;10.2
48;2021-04-18;0;0;18393;7766;24.1;10.2
48;2021-04-19;197;106;18590;7872;24.4;10.3
48;2021-04-20;216;181;18806;8053;24.7;10.6
48;2021-04-21;284;208;19090;8261;25.0;10.8
48;2021-04-22;307;481;19397;8742;25.4;11.5
48;2021-04-23;255;241;19652;8983;25.8;11.8
48;2021-04-24;97;94;19749;9077;25.9;11.9
48;2021-04-25;1;9;19750;9086;25.9;11.9
48;2021-04-26;87;210;19837;9296;26.0;12.2
48;2021-04-27;172;292;20009;9588;26.2;12.6
48;2021-04-28;149;414;20158;10002;26.4;13.1
48;2021-04-29;204;490;20362;10492;26.7;13.8
48;2021-04-30;172;226;20534;10718;26.9;14.0
48;2021-05-01;0;0;20534;10718;26.9;14.0
48;2021-05-02;0;0;20534;10718;26.9;14.0
48;2021-05-03;106;386;20640;11104;27.1;14.6
48;2021-05-04;227;421;20867;11525;27.4;15.1
48;2021-05-05;84;486;20951;12011;27.5;15.7
48;2021-05-06;774;640;21725;12651;28.5;16.6
48;2021-05-07;96;504;21821;13155;28.6;17.2
48;2021-05-08;309;43;22130;13198;29.0;17.3
48;2021-05-09;285;9;22415;13207;29.4;17.3
48;2021-05-10;55;325;22470;13532;29.5;17.7
48;2021-05-11;221;290;22691;13822;29.7;18.1
48;2021-05-12;249;312;22940;14134;30.1;18.5
48;2021-05-13;472;157;23412;14291;30.7;18.7
48;2021-05-14;244;222;23656;14513;31.0;19.0
48;2021-05-15;84;47;23740;14560;31.1;19.1
48;2021-05-16;1;8;23741;14568;31.1;19.1
48;2021-05-17;474;266;24215;14834;31.7;19.4
48;2021-05-18;264;229;24479;15063;32.1;19.7
48;2021-05-19;207;278;24686;15341;32.4;20.1
48;2021-05-20;318;256;25004;15597;32.8;20.4
48;2021-05-21;172;266;25176;15863;33.0;20.8
48;2021-05-22;25;50;25201;15913;33.0;20.9
48;2021-05-23;0;6;25201;15919;33.0;20.9
48;2021-05-24;0;14;25201;15933;33.0;20.9
48;2021-05-25;180;266;25381;16199;33.3;21.2
48;2021-05-26;416;298;25797;16497;33.8;21.6
48;2021-05-27;1178;378;26975;16875;35.4;22.1
48;2021-05-28;316;349;27291;17224;35.8;22.6
48;2021-05-29;79;50;27370;17274;35.9;22.6
48;2021-05-30;0;1;27370;17275;35.9;22.6
48;2021-05-31;625;263;27995;17538;36.7;23.0
48;2021-06-01;272;305;28267;17843;37.1;23.4
48;2021-06-02;407;424;28674;18267;37.6;23.9
48;2021-06-03;629;432;29303;18699;38.4;24.5
48;2021-06-04;291;282;29594;18981;38.8;24.9
48;2021-06-05;121;77;29715;19058;39.0;25.0
48;2021-06-06;1;1;29716;19059;39.0;25.0
48;2021-06-07;440;161;30156;19220;39.5;25.2
48;2021-06-08;614;307;30770;19527;40.3;25.6
48;2021-06-09;379;190;31149;19717;40.8;25.8
48;2021-06-10;1002;241;32151;19958;42.1;26.2
48;2021-06-11;372;160;32523;20118;42.6;26.4
48;2021-06-12;74;56;32597;20174;42.7;26.4
48;2021-06-13;0;2;32597;20176;42.7;26.4
48;2021-06-14;124;115;32721;20291;42.9;26.6
48;2021-06-15;407;385;33128;20676;43.4;27.1
48;2021-06-16;260;144;33388;20820;43.8;27.3
48;2021-06-17;486;575;33874;21395;44.4;28.0
48;2021-06-18;254;315;34128;21710;44.7;28.5
48;2021-06-19;35;291;34163;22001;44.8;28.8
48;2021-06-20;123;224;34286;22225;44.9;29.1
48;2021-06-21;124;132;34410;22357;45.1;29.3
48;2021-06-22;258;334;34668;22691;45.4;29.7
48;2021-06-23;111;546;34779;23237;45.6;30.5
48;2021-06-24;364;610;35143;23847;46.1;31.3
48;2021-06-25;154;276;35297;24123;46.3;31.6
48;2021-06-26;15;45;35312;24168;46.3;31.7
48;2021-06-27;1;1;35313;24169;46.3;31.7
48;2021-06-28;81;178;35394;24347;46.4;31.9
48;2021-06-29;297;413;35691;24760;46.8;32.5
48;2021-06-30;97;465;35788;25225;46.9;33.1
48;2021-07-01;194;666;35982;25891;47.2;33.9
48;2021-07-02;148;369;36130;26260;47.4;34.4
48;2021-07-03;42;89;36172;26349;47.4;34.5
48;2021-07-04;7;0;36179;26349;47.4;34.5
48;2021-07-05;40;116;36219;26465;47.5;34.7
48;2021-07-06;277;597;36496;27062;47.8;35.5
48;2021-07-07;201;486;36697;27548;48.1;36.1
48;2021-07-08;224;1191;36921;28739;48.4;37.7
48;2021-07-09;157;552;37078;29291;48.6;38.4
48;2021-07-10;95;147;37173;29438;48.7;38.6
48;2021-07-11;0;4;37173;29442;48.7;38.6
48;2021-07-12;140;674;37313;30116;48.9;39.5
48;2021-07-13;212;431;37525;30547;49.2;40.0
48;2021-07-14;179;145;37704;30692;49.4;40.2
48;2021-07-15;187;459;37891;31151;49.7;40.8
48;2021-07-16;234;315;38125;31466;50.0;41.2
48;2021-07-17;129;118;38254;31584;50.1;41.4
48;2021-07-18;4;5;38258;31589;50.2;41.4
48;2021-07-19;105;306;38363;31895;50.3;41.8
48;2021-07-20;674;992;39037;32887;51.2;43.1
48;2021-07-21;69;371;39106;33258;51.3;43.6
48;2021-07-22;779;1125;39885;34383;52.3;45.1
48;2021-07-23;365;437;40250;34820;52.8;45.6
48;2021-07-24;508;170;40758;34990;53.4;45.9
48;2021-07-25;137;46;40895;35036;53.6;45.9
48;2021-07-26;101;198;40996;35234;53.7;46.2
48;2021-07-27;1195;642;42191;35876;55.3;47.0
48;2021-07-28;176;317;42367;36193;55.5;47.4
48;2021-07-29;709;640;43076;36833;56.5;48.3
48;2021-07-30;199;292;43275;37125;56.7;48.7
48;2021-07-31;337;180;43612;37305;57.2;48.9
48;2021-08-01;18;55;43630;37360;57.2;49.0
48;2021-08-02;227;162;43857;37522;57.5;49.2
48;2021-08-03;917;567;44774;38089;58.7;49.9
48;2021-08-04;326;221;45100;38310;59.1;50.2
48;2021-08-05;673;470;45773;38780;60.0;50.8
48;2021-08-06;436;275;46209;39055;60.6;51.2
48;2021-08-07;249;124;46458;39179;60.9;51.4
48;2021-08-08;1;5;46459;39184;60.9;51.4
48;2021-08-09;170;140;46629;39324;61.1;51.5
48;2021-08-10;721;553;47350;39877;62.1;52.3
48;2021-08-11;296;238;47646;40115;62.5;52.6
48;2021-08-12;418;411;48064;40526;63.0;53.1
48;2021-08-13;218;212;48282;40738;63.3;53.4
48;2021-08-14;134;164;48416;40902;63.5;53.6
48;2021-08-15;131;81;48547;40983;63.6;53.7
48;2021-08-16;121;191;48668;41174;63.8;54.0
48;2021-08-17;365;1188;49033;42362;64.3;55.5
48;2021-08-18;209;201;49242;42563;64.5;55.8
48;2021-08-19;240;324;49482;42887;64.9;56.2
48;2021-08-20;213;284;49695;43171;65.1;56.6
48;2021-08-21;85;233;49780;43404;65.3;56.9
48;2021-08-22;0;0;49780;43404;65.3;56.9
48;2021-08-23;65;153;49845;43557;65.3;57.1
48;2021-08-24;307;949;50152;44506;65.7;58.3
48;2021-08-25;156;349;50308;44855;65.9;58.8
48;2021-08-26;177;497;50485;45352;66.2;59.4
49;2020-12-27;0;0;0;0;0.0;0.0
49;2020-12-28;2;0;2;0;0.0;0.0
49;2020-12-29;0;0;2;0;0.0;0.0
49;2020-12-30;0;0;2;0;0.0;0.0
49;2020-12-31;0;0;2;0;0.0;0.0
49;2021-01-01;2;0;4;0;0.0;0.0
49;2021-01-02;1;1;5;1;0.0;0.0
49;2021-01-03;0;0;5;1;0.0;0.0
49;2021-01-04;10;0;15;1;0.0;0.0
49;2021-01-05;92;0;107;1;0.0;0.0
49;2021-01-06;232;0;339;1;0.0;0.0
49;2021-01-07;366;0;705;1;0.1;0.0
49;2021-01-08;329;1;1034;2;0.1;0.0
49;2021-01-09;118;0;1152;2;0.1;0.0
49;2021-01-10;114;0;1266;2;0.2;0.0
49;2021-01-11;287;0;1553;2;0.2;0.0
49;2021-01-12;623;0;2176;2;0.3;0.0
49;2021-01-13;602;2;2778;4;0.3;0.0
49;2021-01-14;590;6;3368;10;0.4;0.0
49;2021-01-15;775;1;4143;11;0.5;0.0
49;2021-01-16;147;0;4290;11;0.5;0.0
49;2021-01-17;111;2;4401;13;0.5;0.0
49;2021-01-18;691;0;5092;13;0.6;0.0
49;2021-01-19;1204;1;6296;14;0.8;0.0
49;2021-01-20;1510;3;7806;17;1.0;0.0
49;2021-01-21;1940;4;9746;21;1.2;0.0
49;2021-01-22;1319;5;11065;26;1.4;0.0
49;2021-01-23;263;1;11328;27;1.4;0.0
49;2021-01-24;0;0;11328;27;1.4;0.0
49;2021-01-25;552;4;11880;31;1.5;0.0
49;2021-01-26;987;75;12867;106;1.6;0.0
49;2021-01-27;1856;37;14723;143;1.8;0.0
49;2021-01-28;2877;88;17600;231;2.2;0.0
49;2021-01-29;1589;92;19189;323;2.4;0.0
49;2021-01-30;300;46;19489;369;2.4;0.0
49;2021-01-31;62;51;19551;420;2.4;0.1
49;2021-02-01;662;164;20213;584;2.5;0.1
49;2021-02-02;743;384;20956;968;2.6;0.1
49;2021-02-03;675;379;21631;1347;2.7;0.2
49;2021-02-04;758;446;22389;1793;2.7;0.2
49;2021-02-05;707;598;23096;2391;2.8;0.3
49;2021-02-06;229;111;23325;2502;2.9;0.3
49;2021-02-07;59;84;23384;2586;2.9;0.3
49;2021-02-08;549;479;23933;3065;2.9;0.4
49;2021-02-09;714;647;24647;3712;3.0;0.5
49;2021-02-10;806;951;25453;4663;3.1;0.6
49;2021-02-11;1028;1408;26481;6071;3.2;0.7
49;2021-02-12;870;975;27351;7046;3.4;0.9
49;2021-02-13;266;118;27617;7164;3.4;0.9
49;2021-02-14;9;106;27626;7270;3.4;0.9
49;2021-02-15;731;661;28357;7931;3.5;1.0
49;2021-02-16;1106;1123;29463;9054;3.6;1.1
49;2021-02-17;1159;1871;30622;10925;3.8;1.3
49;2021-02-18;1811;2436;32433;13361;4.0;1.6
49;2021-02-19;1395;1107;33828;14468;4.1;1.8
49;2021-02-20;233;383;34061;14851;4.2;1.8
49;2021-02-21;0;64;34061;14915;4.2;1.8
49;2021-02-22;646;573;34707;15488;4.3;1.9
49;2021-02-23;735;858;35442;16346;4.3;2.0
49;2021-02-24;822;643;36264;16989;4.4;2.1
49;2021-02-25;1208;810;37472;17799;4.6;2.2
49;2021-02-26;1678;848;39150;18647;4.8;2.3
49;2021-02-27;435;282;39585;18929;4.9;2.3
49;2021-02-28;49;39;39634;18968;4.9;2.3
49;2021-03-01;766;585;40400;19553;5.0;2.4
49;2021-03-02;1082;701;41482;20254;5.1;2.5
49;2021-03-03;1559;673;43041;20927;5.3;2.6
49;2021-03-04;1768;936;44809;21863;5.5;2.7
49;2021-03-05;2212;693;47021;22556;5.8;2.8
49;2021-03-06;717;188;47738;22744;5.9;2.8
49;2021-03-07;627;12;48365;22756;5.9;2.8
49;2021-03-08;1397;717;49762;23473;6.1;2.9
49;2021-03-09;2051;738;51813;24211;6.4;3.0
49;2021-03-10;2528;865;54341;25076;6.7;3.1
49;2021-03-11;3195;1472;57536;26548;7.1;3.3
49;2021-03-12;3766;1004;61302;27552;7.5;3.4
49;2021-03-13;1501;219;62803;27771;7.7;3.4
49;2021-03-14;6;0;62809;27771;7.7;3.4
49;2021-03-15;2084;534;64893;28305;8.0;3.5
49;2021-03-16;1733;964;66626;29269;8.2;3.6
49;2021-03-17;1811;674;68437;29943;8.4;3.7
49;2021-03-18;2203;731;70640;30674;8.7;3.8
49;2021-03-19;3333;562;73973;31236;9.1;3.8
49;2021-03-20;1743;206;75716;31442;9.3;3.9
49;2021-03-21;499;23;76215;31465;9.3;3.9
49;2021-03-22;2247;547;78462;32012;9.6;3.9
49;2021-03-23;3405;680;81867;32692;10.0;4.0
49;2021-03-24;3602;499;85469;33191;10.5;4.1
49;2021-03-25;4226;650;89695;33841;11.0;4.1
49;2021-03-26;4885;507;94580;34348;11.6;4.2
49;2021-03-27;1674;98;96254;34446;11.8;4.2
49;2021-03-28;400;30;96654;34476;11.8;4.2
49;2021-03-29;2371;612;99025;35088;12.1;4.3
49;2021-03-30;3267;939;102292;36027;12.5;4.4
49;2021-03-31;2980;750;105272;36777;12.9;4.5
49;2021-04-01;4120;870;109392;37647;13.4;4.6
49;2021-04-02;4295;949;113687;38596;13.9;4.7
49;2021-04-03;971;193;114658;38789;14.1;4.8
49;2021-04-04;315;3;114973;38792;14.1;4.8
49;2021-04-05;943;22;115916;38814;14.2;4.8
49;2021-04-06;2331;1324;118247;40138;14.5;4.9
49;2021-04-07;3308;1364;121555;41502;14.9;5.1
49;2021-04-08;5183;1429;126738;42931;15.5;5.3
49;2021-04-09;6208;1433;132946;44364;16.3;5.4
49;2021-04-10;2068;499;135014;44863;16.5;5.5
49;2021-04-11;390;8;135404;44871;16.6;5.5
49;2021-04-12;4073;1572;139477;46443;17.1;5.7
49;2021-04-13;5380;1912;144857;48355;17.8;5.9
49;2021-04-14;4542;1879;149399;50234;18.3;6.2
49;2021-04-15;5379;1885;154778;52119;19.0;6.4
49;2021-04-16;5761;2138;160539;54257;19.7;6.7
49;2021-04-17;3336;849;163875;55106;20.1;6.8
49;2021-04-18;381;477;164256;55583;20.1;6.8
49;2021-04-19;3710;2054;167966;57637;20.6;7.1
49;2021-04-20;4375;2112;172341;59749;21.1;7.3
49;2021-04-21;3954;2209;176295;61958;21.6;7.6
49;2021-04-22;4834;2107;181129;64065;22.2;7.9
49;2021-04-23;4812;2333;185941;66398;22.8;8.1
49;2021-04-24;2939;1156;188880;67554;23.2;8.3
49;2021-04-25;40;282;188920;67836;23.2;8.3
49;2021-04-26;3741;2113;192661;69949;23.6;8.6
49;2021-04-27;4473;2509;197134;72458;24.2;8.9
49;2021-04-28;4617;2496;201751;74954;24.7;9.2
49;2021-04-29;5207;3023;206958;77977;25.4;9.6
49;2021-04-30;5556;3204;212514;81181;26.0;10.0
49;2021-05-01;2364;666;214878;81847;26.3;10.0
49;2021-05-02;5;40;214883;81887;26.3;10.0
49;2021-05-03;5011;2409;219894;84296;27.0;10.3
49;2021-05-04;4971;3043;224865;87339;27.6;10.7
49;2021-05-05;4786;3005;229651;90344;28.1;11.1
49;2021-05-06;5330;3086;234981;93430;28.8;11.5
49;2021-05-07;4282;5033;239263;98463;29.3;12.1
49;2021-05-08;3576;437;242839;98900;29.8;12.1
49;2021-05-09;10;41;242849;98941;29.8;12.1
49;2021-05-10;4831;4280;247680;103221;30.4;12.7
49;2021-05-11;5397;5091;253077;108312;31.0;13.3
49;2021-05-12;4799;4595;257876;112907;31.6;13.8
49;2021-05-13;4779;689;262655;113596;32.2;13.9
49;2021-05-14;5172;3273;267827;116869;32.8;14.3
49;2021-05-15;4155;1807;271982;118676;33.3;14.5
49;2021-05-16;2788;119;274770;118795;33.7;14.6
49;2021-05-17;4834;3692;279604;122487;34.3;15.0
49;2021-05-18;5473;3772;285077;126259;34.9;15.5
49;2021-05-19;5917;3234;290994;129493;35.7;15.9
49;2021-05-20;6809;2965;297803;132458;36.5;16.2
49;2021-05-21;6453;3742;304256;136200;37.3;16.7
49;2021-05-22;5186;1194;309442;137394;37.9;16.8
49;2021-05-23;1;12;309443;137406;37.9;16.8
49;2021-05-24;4216;449;313659;137855;38.4;16.9
49;2021-05-25;6331;3306;319990;141161;39.2;17.3
49;2021-05-26;6273;2668;326263;143829;40.0;17.6
49;2021-05-27;7111;2726;333374;146555;40.9;18.0
49;2021-05-28;6876;4023;340250;150578;41.7;18.5
49;2021-05-29;5024;1898;345274;152476;42.3;18.7
49;2021-05-30;20;13;345294;152489;42.3;18.7
49;2021-05-31;6038;3224;351332;155713;43.1;19.1
49;2021-06-01;6591;3988;357923;159701;43.9;19.6
49;2021-06-02;5794;3743;363717;163444;44.6;20.0
49;2021-06-03;6605;3423;370322;166867;45.4;20.5
49;2021-06-04;6470;4865;376792;171732;46.2;21.0
49;2021-06-05;4386;2696;381178;174428;46.7;21.4
49;2021-06-06;37;52;381215;174480;46.7;21.4
49;2021-06-07;4632;4761;385847;179241;47.3;22.0
49;2021-06-08;5186;5101;391033;184342;47.9;22.6
49;2021-06-09;5322;4502;396355;188844;48.6;23.1
49;2021-06-10;6001;3781;402356;192625;49.3;23.6
49;2021-06-11;4867;6035;407223;198660;49.9;24.3
49;2021-06-12;4102;3202;411325;201862;50.4;24.7
49;2021-06-13;19;989;411344;202851;50.4;24.9
49;2021-06-14;3410;6017;414754;208868;50.8;25.6
49;2021-06-15;4243;6400;418997;215268;51.4;26.4
49;2021-06-16;4152;5682;423149;220950;51.9;27.1
49;2021-06-17;5068;5077;428217;226027;52.5;27.7
49;2021-06-18;4131;6889;432348;232916;53.0;28.5
49;2021-06-19;3525;3973;435873;236889;53.4;29.0
49;2021-06-20;31;23;435904;236912;53.4;29.0
49;2021-06-21;2829;6511;438733;243423;53.8;29.8
49;2021-06-22;3203;7007;441936;250430;54.2;30.7
49;2021-06-23;3254;6315;445190;256745;54.6;31.5
49;2021-06-24;4314;4978;449504;261723;55.1;32.1
49;2021-06-25;3319;7451;452823;269174;55.5;33.0
49;2021-06-26;2570;4627;455393;273801;55.8;33.6
49;2021-06-27;15;1544;455408;275345;55.8;33.7
49;2021-06-28;2233;7187;457641;282532;56.1;34.6
49;2021-06-29;3027;7273;460668;289805;56.5;35.5
49;2021-06-30;2824;6806;463492;296611;56.8;36.4
49;2021-07-01;3224;6273;466716;302884;57.2;37.1
49;2021-07-02;3005;8071;469721;310955;57.6;38.1
49;2021-07-03;2003;5484;471724;316439;57.8;38.8
49;2021-07-04;7;53;471731;316492;57.8;38.8
49;2021-07-05;1739;7081;473470;323573;58.0;39.7
49;2021-07-06;1893;7553;475363;331126;58.3;40.6
49;2021-07-07;2065;6625;477428;337751;58.5;41.4
49;2021-07-08;2560;6354;479988;344105;58.8;42.2
49;2021-07-09;2316;8251;482304;352356;59.1;43.2
49;2021-07-10;1787;5344;484091;357700;59.3;43.8
49;2021-07-11;11;35;484102;357735;59.3;43.8
49;2021-07-12;1934;7715;486036;365450;59.6;44.8
49;2021-07-13;2568;8311;488604;373761;59.9;45.8
49;2021-07-14;2889;3375;491493;377136;60.2;46.2
49;2021-07-15;3135;7556;494628;384692;60.6;47.2
49;2021-07-16;3379;8303;498007;392995;61.0;48.2
49;2021-07-17;2090;5483;500097;398478;61.3;48.8
49;2021-07-18;3749;581;503846;399059;61.8;48.9
49;2021-07-19;2577;7449;506423;406508;62.1;49.8
49;2021-07-20;3560;7480;509983;413988;62.5;50.7
49;2021-07-21;4198;6462;514181;420450;63.0;51.5
49;2021-07-22;4778;5859;518959;426309;63.6;52.3
49;2021-07-23;5083;6627;524042;432936;64.2;53.1
49;2021-07-24;3672;4998;527714;437934;64.7;53.7
49;2021-07-25;50;34;527764;437968;64.7;53.7
49;2021-07-26;4437;5899;532201;443867;65.2;54.4
49;2021-07-27;5596;5446;537797;449313;65.9;55.1
49;2021-07-28;5966;4357;543763;453670;66.6;55.6
49;2021-07-29;6568;4151;550331;457821;67.5;56.1
49;2021-07-30;6042;4786;556373;462607;68.2;56.7
49;2021-07-31;3947;3422;560320;466029;68.7;57.1
49;2021-08-01;18;22;560338;466051;68.7;57.1
49;2021-08-02;4255;4654;564593;470705;69.2;57.7
49;2021-08-03;5426;3803;570019;474508;69.9;58.2
49;2021-08-04;5220;3711;575239;478219;70.5;58.6
49;2021-08-05;5231;3290;580470;481509;71.1;59.0
49;2021-08-06;5683;4274;586153;485783;71.8;59.5
49;2021-08-07;3903;3038;590056;488821;72.3;59.9
49;2021-08-08;23;36;590079;488857;72.3;59.9
49;2021-08-09;3429;4672;593508;493529;72.7;60.5
49;2021-08-10;4171;3892;597679;497421;73.3;61.0
49;2021-08-11;3915;3644;601594;501065;73.7;61.4
49;2021-08-12;2632;3051;604226;504116;74.1;61.8
49;2021-08-13;3808;4258;608034;508374;74.5;62.3
49;2021-08-14;2267;3147;610301;511521;74.8;62.7
49;2021-08-15;29;26;610330;511547;74.8;62.7
49;2021-08-16;2715;5059;613045;516606;75.1;63.3
49;2021-08-17;3259;4909;616304;521515;75.5;63.9
49;2021-08-18;2966;4111;619270;525626;75.9;64.4
49;2021-08-19;1536;3655;620806;529281;76.1;64.9
49;2021-08-20;2721;5771;623527;535052;76.4;65.6
49;2021-08-21;1375;4148;624902;539200;76.6;66.1
49;2021-08-22;6;41;624908;539241;76.6;66.1
49;2021-08-23;2241;5619;627149;544860;76.9;66.8
49;2021-08-24;2730;5773;629879;550633;77.2;67.5
49;2021-08-25;2323;5423;632202;556056;77.5;68.2
49;2021-08-26;1688;4823;633890;560879;77.7;68.7
50;2020-12-27;0;0;0;0;0.0;0.0
50;2020-12-28;0;0;0;0;0.0;0.0
50;2020-12-29;1;0;1;0;0.0;0.0
50;2020-12-30;0;0;1;0;0.0;0.0
50;2020-12-31;0;0;1;0;0.0;0.0
50;2021-01-01;0;0;1;0;0.0;0.0
50;2021-01-02;0;0;1;0;0.0;0.0
50;2021-01-03;0;0;1;0;0.0;0.0
50;2021-01-04;1;0;2;0;0.0;0.0
50;2021-01-05;0;0;2;0;0.0;0.0
50;2021-01-06;126;0;128;0;0.0;0.0
50;2021-01-07;323;0;451;0;0.1;0.0
50;2021-01-08;436;2;887;2;0.2;0.0
50;2021-01-09;236;0;1123;2;0.2;0.0
50;2021-01-10;23;0;1146;2;0.2;0.0
50;2021-01-11;391;1;1537;3;0.3;0.0
50;2021-01-12;600;0;2137;3;0.4;0.0
50;2021-01-13;694;4;2831;7;0.6;0.0
50;2021-01-14;1046;5;3877;12;0.8;0.0
50;2021-01-15;709;2;4586;14;0.9;0.0
50;2021-01-16;215;3;4801;17;1.0;0.0
50;2021-01-17;1;0;4802;17;1.0;0.0
50;2021-01-18;619;1;5421;18;1.1;0.0
50;2021-01-19;897;3;6318;21;1.3;0.0
50;2021-01-20;965;1;7283;22;1.5;0.0
50;2021-01-21;917;4;8200;26;1.7;0.0
50;2021-01-22;713;2;8913;28;1.8;0.0
50;2021-01-23;667;4;9580;32;2.0;0.0
50;2021-01-24;880;3;10460;35;2.1;0.0
50;2021-01-25;2711;10;13171;45;2.7;0.0
50;2021-01-26;1336;14;14507;59;3.0;0.0
50;2021-01-27;766;56;15273;115;3.1;0.0
50;2021-01-28;718;170;15991;285;3.3;0.1
50;2021-01-29;581;306;16572;591;3.4;0.1
50;2021-01-30;381;164;16953;755;3.5;0.2
50;2021-01-31;0;0;16953;755;3.5;0.2
50;2021-02-01;449;225;17402;980;3.5;0.2
50;2021-02-02;416;235;17818;1215;3.6;0.2
50;2021-02-03;390;377;18208;1592;3.7;0.3
50;2021-02-04;485;451;18693;2043;3.8;0.4
50;2021-02-05;422;448;19115;2491;3.9;0.5
50;2021-02-06;179;114;19294;2605;3.9;0.5
50;2021-02-07;0;0;19294;2605;3.9;0.5
50;2021-02-08;255;506;19549;3111;4.0;0.6
50;2021-02-09;247;642;19796;3753;4.0;0.8
50;2021-02-10;570;555;20366;4308;4.2;0.9
50;2021-02-11;438;915;20804;5223;4.2;1.1
50;2021-02-12;329;671;21133;5894;4.3;1.2
50;2021-02-13;306;489;21439;6383;4.4;1.3
50;2021-02-14;185;826;21624;7209;4.4;1.5
50;2021-02-15;663;2031;22287;9240;4.5;1.9
50;2021-02-16;746;1621;23033;10861;4.7;2.2
50;2021-02-17;632;825;23665;11686;4.8;2.4
50;2021-02-18;569;810;24234;12496;4.9;2.5
50;2021-02-19;630;518;24864;13014;5.1;2.7
50;2021-02-20;423;192;25287;13206;5.2;2.7
50;2021-02-21;85;29;25372;13235;5.2;2.7
50;2021-02-22;291;723;25663;13958;5.2;2.8
50;2021-02-23;502;566;26165;14524;5.3;3.0
50;2021-02-24;624;571;26789;15095;5.5;3.1
50;2021-02-25;778;591;27567;15686;5.6;3.2
50;2021-02-26;999;400;28566;16086;5.8;3.3
50;2021-02-27;887;114;29453;16200;6.0;3.3
50;2021-02-28;111;0;29564;16200;6.0;3.3
50;2021-03-01;488;559;30052;16759;6.1;3.4
50;2021-03-02;651;520;30703;17279;6.3;3.5
50;2021-03-03;797;457;31500;17736;6.4;3.6
50;2021-03-04;1248;342;32748;18078;6.7;3.7
50;2021-03-05;1553;350;34301;18428;7.0;3.8
50;2021-03-06;1319;159;35620;18587;7.3;3.8
50;2021-03-07;550;42;36170;18629;7.4;3.8
50;2021-03-08;1025;625;37195;19254;7.6;3.9
50;2021-03-09;1558;579;38753;19833;7.9;4.0
50;2021-03-10;1608;322;40361;20155;8.2;4.1
50;2021-03-11;2352;361;42713;20516;8.7;4.2
50;2021-03-12;2866;249;45579;20765;9.3;4.2
50;2021-03-13;1993;138;47572;20903;9.7;4.3
50;2021-03-14;280;41;47852;20944;9.8;4.3
50;2021-03-15;1378;297;49230;21241;10.0;4.3
50;2021-03-16;1340;284;50570;21525;10.3;4.4
50;2021-03-17;1295;412;51865;21937;10.6;4.5
50;2021-03-18;1162;428;53027;22365;10.8;4.6
50;2021-03-19;1734;592;54761;22957;11.2;4.7
50;2021-03-20;1686;232;56447;23189;11.5;4.7
50;2021-03-21;794;12;57241;23201;11.7;4.7
50;2021-03-22;1508;336;58749;23537;12.0;4.8
50;2021-03-23;2075;398;60824;23935;12.4;4.9
50;2021-03-24;2281;556;63105;24491;12.9;5.0
50;2021-03-25;2812;470;65917;24961;13.4;5.1
50;2021-03-26;3205;473;69122;25434;14.1;5.2
50;2021-03-27;1823;376;70945;25810;14.5;5.3
50;2021-03-28;403;20;71348;25830;14.5;5.3
50;2021-03-29;2139;721;73487;26551;15.0;5.4
50;2021-03-30;2283;648;75770;27199;15.4;5.5
50;2021-03-31;2478;571;78248;27770;15.9;5.7
50;2021-04-01;3105;864;81353;28634;16.6;5.8
50;2021-04-02;2963;935;84316;29569;17.2;6.0
50;2021-04-03;1245;688;85561;30257;17.4;6.2
50;2021-04-04;321;136;85882;30393;17.5;6.2
50;2021-04-05;400;27;86282;30420;17.6;6.2
50;2021-04-06;2129;1224;88411;31644;18.0;6.4
50;2021-04-07;2559;1177;90970;32821;18.5;6.7
50;2021-04-08;3597;1216;94567;34037;19.3;6.9
50;2021-04-09;3936;1300;98503;35337;20.1;7.2
50;2021-04-10;2534;877;101037;36214;20.6;7.4
50;2021-04-11;411;145;101448;36359;20.7;7.4
50;2021-04-12;2439;1379;103887;37738;21.2;7.7
50;2021-04-13;2678;1526;106565;39264;21.7;8.0
50;2021-04-14;2608;1356;109173;40620;22.2;8.3
50;2021-04-15;3162;1118;112335;41738;22.9;8.5
50;2021-04-16;3365;1102;115700;42840;23.6;8.7
50;2021-04-17;2399;1186;118099;44026;24.1;9.0
50;2021-04-18;425;664;118524;44690;24.2;9.1
50;2021-04-19;1998;1472;120522;46162;24.6;9.4
50;2021-04-20;2277;1591;122799;47753;25.0;9.7
50;2021-04-21;2552;1760;125351;49513;25.5;10.1
50;2021-04-22;3079;1826;128430;51339;26.2;10.5
50;2021-04-23;2757;1918;131187;53257;26.7;10.9
50;2021-04-24;1899;1436;133086;54693;27.1;11.1
50;2021-04-25;470;274;133556;54967;27.2;11.2
50;2021-04-26;2120;1889;135676;56856;27.7;11.6
50;2021-04-27;2413;2002;138089;58858;28.1;12.0
50;2021-04-28;2707;1976;140796;60834;28.7;12.4
50;2021-04-29;3285;2044;144081;62878;29.4;12.8
50;2021-04-30;3000;1933;147081;64811;30.0;13.2
50;2021-05-01;1015;596;148096;65407;30.2;13.3
50;2021-05-02;523;448;148619;65855;30.3;13.4
50;2021-05-03;1769;1804;150388;67659;30.6;13.8
50;2021-05-04;1771;2333;152159;69992;31.0;14.3
50;2021-05-05;1661;2954;153820;72946;31.3;14.9
50;2021-05-06;2532;2585;156352;75531;31.9;15.4
50;2021-05-07;2149;2862;158501;78393;32.3;16.0
50;2021-05-08;1171;791;159672;79184;32.5;16.1
50;2021-05-09;624;363;160296;79547;32.7;16.2
50;2021-05-10;1705;2606;162001;82153;33.0;16.7
50;2021-05-11;2543;2848;164544;85001;33.5;17.3
50;2021-05-12;3181;2437;167725;87438;34.2;17.8
50;2021-05-13;3382;610;171107;88048;34.9;17.9
50;2021-05-14;3571;2278;174678;90326;35.6;18.4
50;2021-05-15;4000;1872;178678;92198;36.4;18.8
50;2021-05-16;947;267;179625;92465;36.6;18.8
50;2021-05-17;2140;1878;181765;94343;37.0;19.2
50;2021-05-18;2524;1618;184289;95961;37.6;19.6
50;2021-05-19;2503;1446;186792;97407;38.1;19.9
50;2021-05-20;3261;1623;190053;99030;38.7;20.2
50;2021-05-21;3158;1912;193211;100942;39.4;20.6
50;2021-05-22;2651;1329;195862;102271;39.9;20.8
50;2021-05-23;603;284;196465;102555;40.0;20.9
50;2021-05-24;1527;490;197992;103045;40.4;21.0
50;2021-05-25;2450;1673;200442;104718;40.9;21.3
50;2021-05-26;3000;1454;203442;106172;41.5;21.6
50;2021-05-27;3034;1976;206476;108148;42.1;22.0
50;2021-05-28;2946;2125;209422;110273;42.7;22.5
50;2021-05-29;2760;1404;212182;111677;43.2;22.8
50;2021-05-30;812;327;212994;112004;43.4;22.8
50;2021-05-31;2652;1818;215646;113822;43.9;23.2
50;2021-06-01;3332;2066;218978;115888;44.6;23.6
50;2021-06-02;3260;1791;222238;117679;45.3;24.0
50;2021-06-03;3914;2064;226152;119743;46.1;24.4
50;2021-06-04;3823;2887;229975;122630;46.9;25.0
50;2021-06-05;2962;1846;232937;124476;47.5;25.4
50;2021-06-06;813;443;233750;124919;47.6;25.5
50;2021-06-07;3513;2084;237263;127003;48.4;25.9
50;2021-06-08;4072;2227;241335;129230;49.2;26.3
50;2021-06-09;4255;1998;245590;131228;50.1;26.7
50;2021-06-10;4198;2120;249788;133348;50.9;27.2
50;2021-06-11;4226;2715;254014;136063;51.8;27.7
50;2021-06-12;3736;1609;257750;137672;52.5;28.1
50;2021-06-13;1143;451;258893;138123;52.8;28.1
50;2021-06-14;2692;2966;261585;141089;53.3;28.8
50;2021-06-15;3020;2604;264605;143693;53.9;29.3
50;2021-06-16;3096;1975;267701;145668;54.6;29.7
50;2021-06-17;2796;2488;270497;148156;55.1;30.2
50;2021-06-18;3240;3053;273737;151209;55.8;30.8
50;2021-06-19;3178;1925;276915;153134;56.4;31.2
50;2021-06-20;731;710;277646;153844;56.6;31.4
50;2021-06-21;1819;3133;279465;156977;57.0;32.0
50;2021-06-22;2064;3393;281529;160370;57.4;32.7
50;2021-06-23;1872;3875;283401;164245;57.8;33.5
50;2021-06-24;1712;4011;285113;168256;58.1;34.3
50;2021-06-25;2135;4010;287248;172266;58.5;35.1
50;2021-06-26;2144;3697;289392;175963;59.0;35.9
50;2021-06-27;616;895;290008;176858;59.1;36.0
50;2021-06-28;1926;3349;291934;180207;59.5;36.7
50;2021-06-29;1881;3407;293815;183614;59.9;37.4
50;2021-06-30;2182;3408;295997;187022;60.3;38.1
50;2021-07-01;1948;3285;297945;190307;60.7;38.8
50;2021-07-02;1899;3932;299844;194239;61.1;39.6
50;2021-07-03;1447;3447;301291;197686;61.4;40.3
50;2021-07-04;445;1066;301736;198752;61.5;40.5
50;2021-07-05;1263;3410;302999;202162;61.8;41.2
50;2021-07-06;1575;3892;304574;206054;62.1;42.0
50;2021-07-07;1803;3619;306377;209673;62.4;42.7
50;2021-07-08;1378;4105;307755;213778;62.7;43.6
50;2021-07-09;1394;4573;309149;218351;63.0;44.5
50;2021-07-10;1025;3600;310174;221951;63.2;45.2
50;2021-07-11;372;1018;310546;222969;63.3;45.4
50;2021-07-12;1317;4625;311863;227594;63.6;46.4
50;2021-07-13;1626;4861;313489;232455;63.9;47.4
50;2021-07-14;1476;2358;314965;234813;64.2;47.9
50;2021-07-15;1683;5055;316648;239868;64.5;48.9
50;2021-07-16;2988;5241;319636;245109;65.1;50.0
50;2021-07-17;2144;3730;321780;248839;65.6;50.7
50;2021-07-18;402;1092;322182;249931;65.7;50.9
50;2021-07-19;1572;5182;323754;255113;66.0;52.0
50;2021-07-20;1930;5415;325684;260528;66.4;53.1
50;2021-07-21;1798;5259;327482;265787;66.7;54.2
50;2021-07-22;1949;5009;329431;270796;67.1;55.2
50;2021-07-23;2068;5384;331499;276180;67.6;56.3
50;2021-07-24;1309;3835;332808;280015;67.8;57.1
50;2021-07-25;274;1037;333082;281052;67.9;57.3
50;2021-07-26;2288;3489;335370;284541;68.3;58.0
50;2021-07-27;2895;3349;338265;287890;68.9;58.7
50;2021-07-28;2987;3691;341252;291581;69.5;59.4
50;2021-07-29;3574;3233;344826;294814;70.3;60.1
50;2021-07-30;3067;3012;347893;297826;70.9;60.7
50;2021-07-31;2396;2673;350289;300499;71.4;61.2
50;2021-08-01;481;684;350770;301183;71.5;61.4
50;2021-08-02;2453;2741;353223;303924;72.0;61.9
50;2021-08-03;3384;2470;356607;306394;72.7;62.4
50;2021-08-04;3589;2328;360196;308722;73.4;62.9
50;2021-08-05;3159;2160;363355;310882;74.1;63.4
50;2021-08-06;3615;2805;366970;313687;74.8;63.9
50;2021-08-07;2431;2163;369401;315850;75.3;64.4
50;2021-08-08;510;714;369911;316564;75.4;64.5
50;2021-08-09;2475;2133;372386;318697;75.9;65.0
50;2021-08-10;2934;1989;375320;320686;76.5;65.4
50;2021-08-11;2814;2020;378134;322706;77.1;65.8
50;2021-08-12;2559;2440;380693;325146;77.6;66.3
50;2021-08-13;2446;1984;383139;327130;78.1;66.7
50;2021-08-14;1801;1747;384940;328877;78.5;67.0
50;2021-08-15;399;334;385339;329211;78.5;67.1
50;2021-08-16;1691;2233;387030;331444;78.9;67.5
50;2021-08-17;1943;2691;388973;334135;79.3;68.1
50;2021-08-18;1808;2386;390781;336521;79.6;68.6
50;2021-08-19;1686;2568;392467;339089;80.0;69.1
50;2021-08-20;1594;2739;394061;341828;80.3;69.7
50;2021-08-21;1006;2726;395067;344554;80.5;70.2
50;2021-08-22;384;518;395451;345072;80.6;70.3
50;2021-08-23;1134;2900;396585;347972;80.8;70.9
50;2021-08-24;1237;3218;397822;351190;81.1;71.6
50;2021-08-25;1073;2646;398895;353836;81.3;72.1
50;2021-08-26;853;3152;399748;356988;81.5;72.8
51;2020-12-27;0;0;0;0;0.0;0.0
51;2020-12-28;0;0;0;0;0.0;0.0
51;2020-12-29;0;0;0;0;0.0;0.0
51;2020-12-30;0;0;0;0;0.0;0.0
51;2020-12-31;1;0;1;0;0.0;0.0
51;2021-01-01;0;0;1;0;0.0;0.0
51;2021-01-02;0;0;1;0;0.0;0.0
51;2021-01-03;0;0;1;0;0.0;0.0
51;2021-01-04;1;0;2;0;0.0;0.0
51;2021-01-05;1;0;3;0;0.0;0.0
51;2021-01-06;6;0;9;0;0.0;0.0
51;2021-01-07;262;1;271;1;0.0;0.0
51;2021-01-08;507;1;778;2;0.1;0.0
51;2021-01-09;91;0;869;2;0.2;0.0
51;2021-01-10;0;0;869;2;0.2;0.0
51;2021-01-11;545;2;1414;4;0.3;0.0
51;2021-01-12;1538;4;2952;8;0.5;0.0
51;2021-01-13;1290;5;4242;13;0.8;0.0
51;2021-01-14;1475;6;5717;19;1.0;0.0
51;2021-01-15;607;3;6324;22;1.1;0.0
51;2021-01-16;177;1;6501;23;1.2;0.0
51;2021-01-17;102;0;6603;23;1.2;0.0
51;2021-01-18;845;3;7448;26;1.3;0.0
51;2021-01-19;998;4;8446;30;1.5;0.0
51;2021-01-20;943;9;9389;39;1.7;0.0
51;2021-01-21;790;3;10179;42;1.8;0.0
51;2021-01-22;391;2;10570;44;1.9;0.0
51;2021-01-23;294;0;10864;44;1.9;0.0
51;2021-01-24;130;1;10994;45;1.9;0.0
51;2021-01-25;712;3;11706;48;2.1;0.0
51;2021-01-26;780;5;12486;53;2.2;0.0
51;2021-01-27;656;4;13142;57;2.3;0.0
51;2021-01-28;646;69;13788;126;2.4;0.0
51;2021-01-29;474;142;14262;268;2.5;0.0
51;2021-01-30;126;5;14388;273;2.6;0.0
51;2021-01-31;83;0;14471;273;2.6;0.0
51;2021-02-01;275;58;14746;331;2.6;0.1
51;2021-02-02;738;722;15484;1053;2.7;0.2
51;2021-02-03;642;470;16126;1523;2.9;0.3
51;2021-02-04;966;821;17092;2344;3.0;0.4
51;2021-02-05;973;515;18065;2859;3.2;0.5
51;2021-02-06;30;147;18095;3006;3.2;0.5
51;2021-02-07;0;18;18095;3024;3.2;0.5
51;2021-02-08;115;413;18210;3437;3.2;0.6
51;2021-02-09;222;472;18432;3909;3.3;0.7
51;2021-02-10;219;639;18651;4548;3.3;0.8
51;2021-02-11;299;529;18950;5077;3.4;0.9
51;2021-02-12;341;564;19291;5641;3.4;1.0
51;2021-02-13;8;115;19299;5756;3.4;1.0
51;2021-02-14;8;170;19307;5926;3.4;1.1
51;2021-02-15;266;851;19573;6777;3.5;1.2
51;2021-02-16;401;969;19974;7746;3.5;1.4
51;2021-02-17;367;879;20341;8625;3.6;1.5
51;2021-02-18;437;595;20778;9220;3.7;1.6
51;2021-02-19;530;424;21308;9644;3.8;1.7
51;2021-02-20;205;296;21513;9940;3.8;1.8
51;2021-02-21;10;101;21523;10041;3.8;1.8
51;2021-02-22;195;688;21718;10729;3.9;1.9
51;2021-02-23;262;1096;21980;11825;3.9;2.1
51;2021-02-24;413;689;22393;12514;4.0;2.2
51;2021-02-25;1050;889;23443;13403;4.2;2.4
51;2021-02-26;1227;667;24670;14070;4.4;2.5
51;2021-02-27;590;124;25260;14194;4.5;2.5
51;2021-02-28;7;71;25267;14265;4.5;2.5
51;2021-03-01;766;311;26033;14576;4.6;2.6
51;2021-03-02;1128;462;27161;15038;4.8;2.7
51;2021-03-03;1193;467;28354;15505;5.0;2.7
51;2021-03-04;1060;700;29414;16205;5.2;2.9
51;2021-03-05;1559;672;30973;16877;5.5;3.0
51;2021-03-06;1433;59;32406;16936;5.7;3.0
51;2021-03-07;250;6;32656;16942;5.8;3.0
51;2021-03-08;992;100;33648;17042;6.0;3.0
51;2021-03-09;1664;191;35312;17233;6.3;3.1
51;2021-03-10;1994;105;37306;17338;6.6;3.1
51;2021-03-11;2370;168;39676;17506;7.0;3.1
51;2021-03-12;3251;159;42927;17665;7.6;3.1
51;2021-03-13;2550;52;45477;17717;8.1;3.1
51;2021-03-14;190;5;45667;17722;8.1;3.1
51;2021-03-15;1579;149;47246;17871;8.4;3.2
51;2021-03-16;1479;185;48725;18056;8.6;3.2
51;2021-03-17;1497;206;50222;18262;8.9;3.2
51;2021-03-18;1614;284;51836;18546;9.2;3.3
51;2021-03-19;2310;301;54146;18847;9.6;3.3
51;2021-03-20;1662;215;55808;19062;9.9;3.4
51;2021-03-21;133;4;55941;19066;9.9;3.4
51;2021-03-22;1417;121;57358;19187;10.2;3.4
51;2021-03-23;2467;164;59825;19351;10.6;3.4
51;2021-03-24;2843;133;62668;19484;11.1;3.5
51;2021-03-25;3254;337;65922;19821;11.7;3.5
51;2021-03-26;3412;506;69334;20327;12.3;3.6
51;2021-03-27;1843;253;71177;20580;12.6;3.7
51;2021-03-28;213;3;71390;20583;12.7;3.7
51;2021-03-29;991;639;72381;21222;12.8;3.8
51;2021-03-30;1748;858;74129;22080;13.1;3.9
51;2021-03-31;1738;759;75867;22839;13.5;4.1
51;2021-04-01;2282;447;78149;23286;13.9;4.1
51;2021-04-02;2425;641;80574;23927;14.3;4.2
51;2021-04-03;1304;412;81878;24339;14.5;4.3
51;2021-04-04;106;2;81984;24341;14.5;4.3
51;2021-04-05;72;141;82056;24482;14.6;4.3
51;2021-04-06;764;1234;82820;25716;14.7;4.6
51;2021-04-07;1312;1411;84132;27127;14.9;4.8
51;2021-04-08;2206;1771;86338;28898;15.3;5.1
51;2021-04-09;2863;1734;89201;30632;15.8;5.4
51;2021-04-10;2218;499;91419;31131;16.2;5.5
51;2021-04-11;105;85;91524;31216;16.2;5.5
51;2021-04-12;1450;1344;92974;32560;16.5;5.8
51;2021-04-13;1936;1682;94910;34242;16.8;6.1
51;2021-04-14;2459;1554;97369;35796;17.3;6.3
51;2021-04-15;2855;1672;100224;37468;17.8;6.6
51;2021-04-16;3215;1599;103439;39067;18.3;6.9
51;2021-04-17;1965;774;105404;39841;18.7;7.1
51;2021-04-18;296;113;105700;39954;18.7;7.1
51;2021-04-19;1561;1163;107261;41117;19.0;7.3
51;2021-04-20;1794;1664;109055;42781;19.3;7.6
51;2021-04-21;2005;1744;111060;44525;19.7;7.9
51;2021-04-22;2405;1656;113465;46181;20.1;8.2
51;2021-04-23;2981;1829;116446;48010;20.7;8.5
51;2021-04-24;1750;953;118196;48963;21.0;8.7
51;2021-04-25;123;161;118319;49124;21.0;8.7
51;2021-04-26;1851;758;120170;49882;21.3;8.8
51;2021-04-27;2442;1235;122612;51117;21.7;9.1
51;2021-04-28;2552;1310;125164;52427;22.2;9.3
51;2021-04-29;2674;1463;127838;53890;22.7;9.6
51;2021-04-30;2976;1677;130814;55567;23.2;9.9
51;2021-05-01;1454;413;132268;55980;23.5;9.9
51;2021-05-02;107;99;132375;56079;23.5;9.9
51;2021-05-03;2485;766;134860;56845;23.9;10.1
51;2021-05-04;2788;1355;137648;58200;24.4;10.3
51;2021-05-05;2860;1640;140508;59840;24.9;10.6
51;2021-05-06;5344;1949;145852;61789;25.9;11.0
51;2021-05-07;3704;1938;149556;63727;26.5;11.3
51;2021-05-08;2861;820;152417;64547;27.0;11.4
51;2021-05-09;211;92;152628;64639;27.1;11.5
51;2021-05-10;3215;1866;155843;66505;27.6;11.8
51;2021-05-11;3640;2042;159483;68547;28.3;12.2
51;2021-05-12;4184;2239;163667;70786;29.0;12.6
51;2021-05-13;1776;502;165443;71288;29.3;12.6
51;2021-05-14;5402;1750;170845;73038;30.3;13.0
51;2021-05-15;4228;1355;175073;74393;31.1;13.2
51;2021-05-16;284;46;175357;74439;31.1;13.2
51;2021-05-17;3132;1528;178489;75967;31.7;13.5
51;2021-05-18;3918;1774;182407;77741;32.4;13.8
51;2021-05-19;4031;1734;186438;79475;33.1;14.1
51;2021-05-20;4651;1968;191089;81443;33.9;14.4
51;2021-05-21;3596;2483;194685;83926;34.5;14.9
51;2021-05-22;2076;1548;196761;85474;34.9;15.2
51;2021-05-23;308;210;197069;85684;35.0;15.2
51;2021-05-24;2019;718;199088;86402;35.3;15.3
51;2021-05-25;3130;1828;202218;88230;35.9;15.6
51;2021-05-26;3298;1715;205516;89945;36.5;16.0
51;2021-05-27;3268;2063;208784;92008;37.0;16.3
51;2021-05-28;3607;2826;212391;94834;37.7;16.8
51;2021-05-29;2402;1997;214793;96831;38.1;17.2
51;2021-05-30;401;133;215194;96964;38.2;17.2
51;2021-05-31;3350;1785;218544;98749;38.8;17.5
51;2021-06-01;3855;2335;222399;101084;39.4;17.9
51;2021-06-02;6098;2328;228497;103412;40.5;18.3
51;2021-06-03;3581;2430;232078;105842;41.2;18.8
51;2021-06-04;6346;2947;238424;108789;42.3;19.3
51;2021-06-05;2599;1820;241023;110609;42.7;19.6
51;2021-06-06;172;157;241195;110766;42.8;19.6
51;2021-06-07;4303;2165;245498;112931;43.5;20.0
51;2021-06-08;3925;2536;249423;115467;44.2;20.5
51;2021-06-09;4018;2750;253441;118217;45.0;21.0
51;2021-06-10;3206;2486;256647;120703;45.5;21.4
51;2021-06-11;3358;3428;260005;124131;46.1;22.0
51;2021-06-12;2166;2172;262171;126303;46.5;22.4
51;2021-06-13;191;149;262362;126452;46.5;22.4
51;2021-06-14;1627;3334;263989;129786;46.8;23.0
51;2021-06-15;3191;3577;267180;133363;47.4;23.7
51;2021-06-16;2208;3685;269388;137048;47.8;24.3
51;2021-06-17;2609;5406;271997;142454;48.2;25.3
51;2021-06-18;2357;5211;274354;147665;48.7;26.2
51;2021-06-19;1683;4427;276037;152092;49.0;27.0
51;2021-06-20;184;228;276221;152320;49.0;27.0
51;2021-06-21;1231;4441;277452;156761;49.2;27.8
51;2021-06-22;1558;4043;279010;160804;49.5;28.5
51;2021-06-23;3669;4239;282679;165043;50.1;29.3
51;2021-06-24;2246;3227;284925;168270;50.5;29.8
51;2021-06-25;1906;6525;286831;174795;50.9;31.0
51;2021-06-26;1204;5067;288035;179862;51.1;31.9
51;2021-06-27;103;336;288138;180198;51.1;32.0
51;2021-06-28;1400;4414;289538;184612;51.4;32.7
51;2021-06-29;1173;4463;290711;189075;51.6;33.5
51;2021-06-30;1687;6044;292398;195119;51.9;34.6
51;2021-07-01;1978;3768;294376;198887;52.2;35.3
51;2021-07-02;1836;6891;296212;205778;52.5;36.5
51;2021-07-03;1003;3198;297215;208976;52.7;37.1
51;2021-07-04;171;254;297386;209230;52.7;37.1
51;2021-07-05;767;5528;298153;214758;52.9;38.1
51;2021-07-06;1247;4782;299400;219540;53.1;38.9
51;2021-07-07;1615;4939;301015;224479;53.4;39.8
51;2021-07-08;2069;3432;303084;227911;53.8;40.4
51;2021-07-09;1853;5057;304937;232968;54.1;41.3
51;2021-07-10;1235;3206;306172;236174;54.3;41.9
51;2021-07-11;191;281;306363;236455;54.3;41.9
51;2021-07-12;994;4378;307357;240833;54.5;42.7
51;2021-07-13;1476;4771;308833;245604;54.8;43.6
51;2021-07-14;1070;1689;309903;247293;55.0;43.9
51;2021-07-15;2933;4914;312836;252207;55.5;44.7
51;2021-07-16;2361;5278;315197;257485;55.9;45.7
51;2021-07-17;1818;3486;317015;260971;56.2;46.3
51;2021-07-18;163;330;317178;261301;56.3;46.3
51;2021-07-19;1893;3979;319071;265280;56.6;47.1
51;2021-07-20;2581;5139;321652;270419;57.0;48.0
51;2021-07-21;3614;4065;325266;274484;57.7;48.7
51;2021-07-22;4409;3755;329675;278239;58.5;49.3
51;2021-07-23;3636;4384;333311;282623;59.1;50.1
51;2021-07-24;2084;2723;335395;285346;59.5;50.6
51;2021-07-25;352;257;335747;285603;59.5;50.7
51;2021-07-26;3115;2810;338862;288413;60.1;51.2
51;2021-07-27;5843;3273;344705;291686;61.1;51.7
51;2021-07-28;4132;4320;348837;296006;61.9;52.5
51;2021-07-29;4689;2720;353526;298726;62.7;53.0
51;2021-07-30;3615;3155;357141;301881;63.3;53.5
51;2021-07-31;2526;2130;359667;304011;63.8;53.9
51;2021-08-01;375;235;360042;304246;63.9;54.0
51;2021-08-02;3275;2311;363317;306557;64.4;54.4
51;2021-08-03;3771;1914;367088;308471;65.1;54.7
51;2021-08-04;4449;2124;371537;310595;65.9;55.1
51;2021-08-05;2647;1540;374184;312135;66.4;55.4
51;2021-08-06;3032;2554;377216;314689;66.9;55.8
51;2021-08-07;2154;1694;379370;316383;67.3;56.1
51;2021-08-08;364;209;379734;316592;67.3;56.2
51;2021-08-09;2502;1846;382236;318438;67.8;56.5
51;2021-08-10;2361;1983;384597;320421;68.2;56.8
51;2021-08-11;2907;2331;387504;322752;68.7;57.2
51;2021-08-12;1746;1945;389250;324697;69.0;57.6
51;2021-08-13;2028;2668;391278;327365;69.4;58.1
51;2021-08-14;1578;2037;392856;329402;69.7;58.4
51;2021-08-15;146;147;393002;329549;69.7;58.4
51;2021-08-16;1346;3018;394348;332567;69.9;59.0
51;2021-08-17;1535;3275;395883;335842;70.2;59.6
51;2021-08-18;1894;3681;397777;339523;70.5;60.2
51;2021-08-19;1399;2543;399176;342066;70.8;60.7
51;2021-08-20;1695;3963;400871;346029;71.1;61.4
51;2021-08-21;983;2494;401854;348523;71.3;61.8
51;2021-08-22;101;342;401955;348865;71.3;61.9
51;2021-08-23;1103;3598;403058;352463;71.5;62.5
51;2021-08-24;1163;3639;404221;356102;71.7;63.2
51;2021-08-25;1306;4482;405527;360584;71.9;64.0
51;2021-08-26;1038;2531;406565;363115;72.1;64.4
52;2020-12-27;0;0;0;0;0.0;0.0
52;2020-12-28;1;0;1;0;0.0;0.0
52;2020-12-29;0;0;1;0;0.0;0.0
52;2020-12-30;0;0;1;0;0.0;0.0
52;2020-12-31;0;0;1;0;0.0;0.0
52;2021-01-01;0;0;1;0;0.0;0.0
52;2021-01-02;1;0;2;0;0.0;0.0
52;2021-01-03;0;0;2;0;0.0;0.0
52;2021-01-04;0;0;2;0;0.0;0.0
52;2021-01-05;0;0;2;0;0.0;0.0
52;2021-01-06;2;0;4;0;0.0;0.0
52;2021-01-07;0;0;4;0;0.0;0.0
52;2021-01-08;201;1;205;1;0.1;0.0
52;2021-01-09;93;0;298;1;0.2;0.0
52;2021-01-10;0;0;298;1;0.2;0.0
52;2021-01-11;207;0;505;1;0.3;0.0
52;2021-01-12;171;0;676;1;0.4;0.0
52;2021-01-13;562;2;1238;3;0.7;0.0
52;2021-01-14;677;9;1915;12;1.1;0.0
52;2021-01-15;411;1;2326;13;1.4;0.0
52;2021-01-16;16;1;2342;14;1.4;0.0
52;2021-01-17;0;0;2342;14;1.4;0.0
52;2021-01-18;427;0;2769;14;1.6;0.0
52;2021-01-19;439;0;3208;14;1.9;0.0
52;2021-01-20;420;0;3628;14;2.1;0.0
52;2021-01-21;424;1;4052;15;2.4;0.0
52;2021-01-22;321;2;4373;17;2.6;0.0
52;2021-01-23;72;1;4445;18;2.6;0.0
52;2021-01-24;0;0;4445;18;2.6;0.0
52;2021-01-25;235;0;4680;18;2.8;0.0
52;2021-01-26;307;0;4987;18;2.9;0.0
52;2021-01-27;238;1;5225;19;3.1;0.0
52;2021-01-28;174;4;5399;23;3.2;0.0
52;2021-01-29;74;124;5473;147;3.2;0.1
52;2021-01-30;91;95;5564;242;3.3;0.1
52;2021-01-31;0;0;5564;242;3.3;0.1
52;2021-02-01;117;191;5681;433;3.4;0.3
52;2021-02-02;61;176;5742;609;3.4;0.4
52;2021-02-03;90;413;5832;1022;3.4;0.6
52;2021-02-04;231;592;6063;1614;3.6;1.0
52;2021-02-05;113;504;6176;2118;3.6;1.3
52;2021-02-06;22;0;6198;2118;3.7;1.3
52;2021-02-07;0;1;6198;2119;3.7;1.3
52;2021-02-08;34;207;6232;2326;3.7;1.4
52;2021-02-09;47;216;6279;2542;3.7;1.5
52;2021-02-10;88;190;6367;2732;3.8;1.6
52;2021-02-11;129;148;6496;2880;3.8;1.7
52;2021-02-12;188;129;6684;3009;3.9;1.8
52;2021-02-13;5;1;6689;3010;4.0;1.8
52;2021-02-14;0;16;6689;3026;4.0;1.8
52;2021-02-15;79;279;6768;3305;4.0;2.0
52;2021-02-16;50;358;6818;3663;4.0;2.2
52;2021-02-17;37;314;6855;3977;4.1;2.3
52;2021-02-18;82;281;6937;4258;4.1;2.5
52;2021-02-19;51;192;6988;4450;4.1;2.6
52;2021-02-20;14;110;7002;4560;4.1;2.7
52;2021-02-21;0;0;7002;4560;4.1;2.7
52;2021-02-22;42;384;7044;4944;4.2;2.9
52;2021-02-23;57;278;7101;5222;4.2;3.1
52;2021-02-24;81;246;7182;5468;4.2;3.2
52;2021-02-25;161;237;7343;5705;4.3;3.4
52;2021-02-26;296;182;7639;5887;4.5;3.5
52;2021-02-27;149;49;7788;5936;4.6;3.5
52;2021-02-28;0;0;7788;5936;4.6;3.5
52;2021-03-01;163;14;7951;5950;4.7;3.5
52;2021-03-02;198;50;8149;6000;4.8;3.5
52;2021-03-03;356;36;8505;6036;5.0;3.6
52;2021-03-04;379;57;8884;6093;5.2;3.6
52;2021-03-05;531;53;9415;6146;5.6;3.6
52;2021-03-06;409;36;9824;6182;5.8;3.7
52;2021-03-07;0;0;9824;6182;5.8;3.7
52;2021-03-08;398;111;10222;6293;6.0;3.7
52;2021-03-09;549;108;10771;6401;6.4;3.8
52;2021-03-10;308;109;11079;6510;6.5;3.8
52;2021-03-11;587;35;11666;6545;6.9;3.9
52;2021-03-12;584;67;12250;6612;7.2;3.9
52;2021-03-13;492;9;12742;6621;7.5;3.9
52;2021-03-14;15;3;12757;6624;7.5;3.9
52;2021-03-15;317;27;13074;6651;7.7;3.9
52;2021-03-16;203;15;13277;6666;7.8;3.9
52;2021-03-17;364;13;13641;6679;8.1;3.9
52;2021-03-18;442;9;14083;6688;8.3;4.0
52;2021-03-19;452;54;14535;6742;8.6;4.0
52;2021-03-20;259;12;14794;6754;8.7;4.0
52;2021-03-21;15;1;14809;6755;8.7;4.0
52;2021-03-22;375;49;15184;6804;9.0;4.0
52;2021-03-23;685;89;15869;6893;9.4;4.1
52;2021-03-24;771;71;16640;6964;9.8;4.1
52;2021-03-25;1141;87;17781;7051;10.5;4.2
52;2021-03-26;1037;139;18818;7190;11.1;4.2
52;2021-03-27;477;76;19295;7266;11.4;4.3
52;2021-03-28;53;0;19348;7266;11.4;4.3
52;2021-03-29;506;184;19854;7450;11.7;4.4
52;2021-03-30;870;295;20724;7745;12.2;4.6
52;2021-03-31;956;292;21680;8037;12.8;4.7
52;2021-04-01;1145;183;22825;8220;13.5;4.9
52;2021-04-02;958;106;23783;8326;14.1;4.9
52;2021-04-03;461;3;24244;8329;14.3;4.9
52;2021-04-04;1;1;24245;8330;14.3;4.9
52;2021-04-05;1;0;24246;8330;14.3;4.9
52;2021-04-06;433;296;24679;8626;14.6;5.1
52;2021-04-07;504;450;25183;9076;14.9;5.4
52;2021-04-08;860;211;26043;9287;15.4;5.5
52;2021-04-09;1059;130;27102;9417;16.0;5.6
52;2021-04-10;852;102;27954;9519;16.5;5.6
52;2021-04-11;96;1;28050;9520;16.6;5.6
52;2021-04-12;933;277;28983;9797;17.1;5.8
52;2021-04-13;1251;378;30234;10175;17.9;6.0
52;2021-04-14;1345;456;31579;10631;18.7;6.3
52;2021-04-15;1509;439;33088;11070;19.5;6.5
52;2021-04-16;1574;364;34662;11434;20.5;6.8
52;2021-04-17;1309;131;35971;11565;21.3;6.8
52;2021-04-18;510;29;36481;11594;21.6;6.9
52;2021-04-19;697;611;37178;12205;22.0;7.2
52;2021-04-20;1080;677;38258;12882;22.6;7.6
52;2021-04-21;1060;675;39318;13557;23.2;8.0
52;2021-04-22;1468;734;40786;14291;24.1;8.4
52;2021-04-23;1253;667;42039;14958;24.8;8.8
52;2021-04-24;477;293;42516;15251;25.1;9.0
52;2021-04-25;3;77;42519;15328;25.1;9.1
52;2021-04-26;631;560;43150;15888;25.5;9.4
52;2021-04-27;933;671;44083;16559;26.0;9.8
52;2021-04-28;1441;563;45524;17122;26.9;10.1
52;2021-04-29;1452;581;46976;17703;27.8;10.5
52;2021-04-30;1316;611;48292;18314;28.5;10.8
52;2021-05-01;8;232;48300;18546;28.5;11.0
52;2021-05-02;0;1;48300;18547;28.5;11.0
52;2021-05-03;1159;628;49459;19175;29.2;11.3
52;2021-05-04;1445;721;50904;19896;30.1;11.8
52;2021-05-05;1768;647;52672;20543;31.1;12.1
52;2021-05-06;1962;534;54634;21077;32.3;12.5
52;2021-05-07;1442;1171;56076;22248;33.1;13.1
52;2021-05-08;589;318;56665;22566;33.5;13.3
52;2021-05-09;1;47;56666;22613;33.5;13.4
52;2021-05-10;791;1101;57457;23714;33.9;14.0
52;2021-05-11;868;1394;58325;25108;34.5;14.8
52;2021-05-12;1207;1382;59532;26490;35.2;15.7
52;2021-05-13;67;184;59599;26674;35.2;15.8
52;2021-05-14;1185;1364;60784;28038;35.9;16.6
52;2021-05-15;491;929;61275;28967;36.2;17.1
52;2021-05-16;8;43;61283;29010;36.2;17.1
52;2021-05-17;1144;704;62427;29714;36.9;17.6
52;2021-05-18;1217;676;63644;30390;37.6;18.0
52;2021-05-19;1542;414;65186;30804;38.5;18.2
52;2021-05-20;1546;421;66732;31225;39.4;18.4
52;2021-05-21;1625;614;68357;31839;40.4;18.8
52;2021-05-22;1089;209;69446;32048;41.0;18.9
52;2021-05-23;1;0;69447;32048;41.0;18.9
52;2021-05-24;405;33;69852;32081;41.3;19.0
52;2021-05-25;1351;385;71203;32466;42.1;19.2
52;2021-05-26;1479;672;72682;33138;42.9;19.6
52;2021-05-27;1565;788;74247;33926;43.9;20.0
52;2021-05-28;1492;671;75739;34597;44.7;20.4
52;2021-05-29;696;834;76435;35431;45.2;20.9
52;2021-05-30;16;550;76451;35981;45.2;21.3
52;2021-05-31;824;830;77275;36811;45.7;21.7
52;2021-06-01;956;816;78231;37627;46.2;22.2
52;2021-06-02;895;754;79126;38381;46.8;22.7
52;2021-06-03;825;824;79951;39205;47.2;23.2
52;2021-06-04;884;1341;80835;40546;47.8;24.0
52;2021-06-05;581;637;81416;41183;48.1;24.3
52;2021-06-06;27;55;81443;41238;48.1;24.4
52;2021-06-07;359;931;81802;42169;48.3;24.9
52;2021-06-08;556;1469;82358;43638;48.7;25.8
52;2021-06-09;612;1474;82970;45112;49.0;26.7
52;2021-06-10;794;1158;83764;46270;49.5;27.3
52;2021-06-11;830;1349;84594;47619;50.0;28.1
52;2021-06-12;422;586;85016;48205;50.2;28.5
52;2021-06-13;2;6;85018;48211;50.2;28.5
52;2021-06-14;171;1413;85189;49624;50.3;29.3
52;2021-06-15;221;1810;85410;51434;50.5;30.4
52;2021-06-16;354;1995;85764;53429;50.7;31.6
52;2021-06-17;265;1156;86029;54585;50.8;32.3
52;2021-06-18;308;1553;86337;56138;51.0;33.2
52;2021-06-19;502;690;86839;56828;51.3;33.6
52;2021-06-20;1;17;86840;56845;51.3;33.6
52;2021-06-21;524;897;87364;57742;51.6;34.1
52;2021-06-22;503;1048;87867;58790;51.9;34.7
52;2021-06-23;563;1043;88430;59833;52.2;35.4
52;2021-06-24;609;718;89039;60551;52.6;35.8
52;2021-06-25;661;1313;89700;61864;53.0;36.6
52;2021-06-26;264;722;89964;62586;53.2;37.0
52;2021-06-27;1;8;89965;62594;53.2;37.0
52;2021-06-28;185;1443;90150;64037;53.3;37.8
52;2021-06-29;164;1414;90314;65451;53.4;38.7
52;2021-06-30;219;1468;90533;66919;53.5;39.5
52;2021-07-01;320;1021;90853;67940;53.7;40.1
52;2021-07-02;430;1455;91283;69395;53.9;41.0
52;2021-07-03;302;1147;91585;70542;54.1;41.7
52;2021-07-04;0;11;91585;70553;54.1;41.7
52;2021-07-05;173;1448;91758;72001;54.2;42.5
52;2021-07-06;284;1449;92042;73450;54.4;43.4
52;2021-07-07;309;1165;92351;74615;54.6;44.1
52;2021-07-08;472;1164;92823;75779;54.8;44.8
52;2021-07-09;288;1619;93111;77398;55.0;45.7
52;2021-07-10;155;822;93266;78220;55.1;46.2
52;2021-07-11;13;12;93279;78232;55.1;46.2
52;2021-07-12;300;1466;93579;79698;55.3;47.1
52;2021-07-13;590;1369;94169;81067;55.6;47.9
52;2021-07-14;437;152;94606;81219;55.9;48.0
52;2021-07-15;614;1429;95220;82648;56.3;48.8
52;2021-07-16;899;1338;96119;83986;56.8;49.6
52;2021-07-17;530;342;96649;84328;57.1;49.8
52;2021-07-18;3;12;96652;84340;57.1;49.8
52;2021-07-19;689;985;97341;85325;57.5;50.4
52;2021-07-20;1109;832;98450;86157;58.2;50.9
52;2021-07-21;1160;737;99610;86894;58.9;51.3
52;2021-07-22;1441;865;101051;87759;59.7;51.9
52;2021-07-23;1395;957;102446;88716;60.5;52.4
52;2021-07-24;873;487;103319;89203;61.0;52.7
52;2021-07-25;22;21;103341;89224;61.1;52.7
52;2021-07-26;1006;614;104347;89838;61.7;53.1
52;2021-07-27;1341;655;105688;90493;62.4;53.5
52;2021-07-28;1379;642;107067;91135;63.3;53.8
52;2021-07-29;1260;621;108327;91756;64.0;54.2
52;2021-07-30;1355;709;109682;92465;64.8;54.6
52;2021-07-31;873;549;110555;93014;65.3;55.0
52;2021-08-01;1;14;110556;93028;65.3;55.0
52;2021-08-02;1175;562;111731;93590;66.0;55.3
52;2021-08-03;1353;537;113084;94127;66.8;55.6
52;2021-08-04;1141;580;114225;94707;67.5;56.0
52;2021-08-05;1014;576;115239;95283;68.1;56.3
52;2021-08-06;1049;700;116288;95983;68.7;56.7
52;2021-08-07;517;420;116805;96403;69.0;57.0
52;2021-08-08;0;6;116805;96409;69.0;57.0
52;2021-08-09;459;871;117264;97280;69.3;57.5
52;2021-08-10;707;749;117971;98029;69.7;57.9
52;2021-08-11;524;836;118495;98865;70.0;58.4
52;2021-08-12;614;749;119109;99614;70.4;58.9
52;2021-08-13;404;1027;119513;100641;70.6;59.5
52;2021-08-14;417;360;119930;101001;70.9;59.7
52;2021-08-15;8;13;119938;101014;70.9;59.7
52;2021-08-16;325;938;120263;101952;71.1;60.2
52;2021-08-17;400;912;120663;102864;71.3;60.8
52;2021-08-18;474;944;121137;103808;71.6;61.3
52;2021-08-19;456;835;121593;104643;71.8;61.8
52;2021-08-20;385;1210;121978;105853;72.1;62.5
52;2021-08-21;394;603;122372;106456;72.3;62.9
52;2021-08-22;4;11;122376;106467;72.3;62.9
52;2021-08-23;425;1056;122801;107523;72.6;63.5
52;2021-08-24;297;1076;123098;108599;72.7;64.2
52;2021-08-25;250;1059;123348;109658;72.9;64.8
52;2021-08-26;296;915;123644;110573;73.1;65.3
53;2020-12-27;0;0;0;0;0.0;0.0
53;2020-12-28;0;0;0;0;0.0;0.0
53;2020-12-29;0;0;0;0;0.0;0.0
53;2020-12-30;0;0;0;0;0.0;0.0
53;2020-12-31;0;0;0;0;0.0;0.0
53;2021-01-01;0;0;0;0;0.0;0.0
53;2021-01-02;0;0;0;0;0.0;0.0
53;2021-01-03;0;0;0;0;0.0;0.0
53;2021-01-04;1;0;1;0;0.0;0.0
53;2021-01-05;0;0;1;0;0.0;0.0
53;2021-01-06;0;0;1;0;0.0;0.0
53;2021-01-07;102;0;103;0;0.0;0.0
53;2021-01-08;284;1;387;1;0.1;0.0
53;2021-01-09;134;1;521;2;0.2;0.0
53;2021-01-10;15;0;536;2;0.2;0.0
53;2021-01-11;176;0;712;2;0.2;0.0
53;2021-01-12;454;1;1166;3;0.4;0.0
53;2021-01-13;253;0;1419;3;0.5;0.0
53;2021-01-14;290;7;1709;10;0.6;0.0
53;2021-01-15;343;4;2052;14;0.7;0.0
53;2021-01-16;61;0;2113;14;0.7;0.0
53;2021-01-17;24;1;2137;15;0.7;0.0
53;2021-01-18;364;0;2501;15;0.8;0.0
53;2021-01-19;594;0;3095;15;1.0;0.0
53;2021-01-20;742;0;3837;15;1.3;0.0
53;2021-01-21;769;2;4606;17;1.5;0.0
53;2021-01-22;705;2;5311;19;1.7;0.0
53;2021-01-23;160;1;5471;20;1.8;0.0
53;2021-01-24;6;0;5477;20;1.8;0.0
53;2021-01-25;550;0;6027;20;2.0;0.0
53;2021-01-26;1198;6;7225;26;2.4;0.0
53;2021-01-27;696;6;7921;32;2.6;0.0
53;2021-01-28;737;95;8658;127;2.8;0.0
53;2021-01-29;422;187;9080;314;3.0;0.1
53;2021-01-30;129;0;9209;314;3.0;0.1
53;2021-01-31;0;0;9209;314;3.0;0.1
53;2021-02-01;298;149;9507;463;3.1;0.2
53;2021-02-02;309;231;9816;694;3.2;0.2
53;2021-02-03;227;377;10043;1071;3.3;0.4
53;2021-02-04;184;332;10227;1403;3.3;0.5
53;2021-02-05;234;303;10461;1706;3.4;0.6
53;2021-02-06;153;23;10614;1729;3.5;0.6
53;2021-02-07;0;0;10614;1729;3.5;0.6
53;2021-02-08;168;106;10782;1835;3.5;0.6
53;2021-02-09;369;215;11151;2050;3.7;0.7
53;2021-02-10;266;435;11417;2485;3.7;0.8
53;2021-02-11;432;492;11849;2977;3.9;1.0
53;2021-02-12;318;573;12167;3550;4.0;1.2
53;2021-02-13;96;66;12263;3616;4.0;1.2
53;2021-02-14;0;99;12263;3715;4.0;1.2
53;2021-02-15;239;430;12502;4145;4.1;1.4
53;2021-02-16;528;840;13030;4985;4.3;1.6
53;2021-02-17;391;616;13421;5601;4.4;1.8
53;2021-02-18;546;578;13967;6179;4.6;2.0
53;2021-02-19;895;426;14862;6605;4.9;2.2
53;2021-02-20;139;113;15001;6718;4.9;2.2
53;2021-02-21;1;20;15002;6738;4.9;2.2
53;2021-02-22;161;584;15163;7322;5.0;2.4
53;2021-02-23;59;655;15222;7977;5.0;2.6
53;2021-02-24;137;517;15359;8494;5.0;2.8
53;2021-02-25;457;359;15816;8853;5.2;2.9
53;2021-02-26;438;263;16254;9116;5.3;3.0
53;2021-02-27;86;115;16340;9231;5.4;3.0
53;2021-02-28;0;0;16340;9231;5.4;3.0
53;2021-03-01;230;279;16570;9510;5.4;3.1
53;2021-03-02;246;255;16816;9765;5.5;3.2
53;2021-03-03;321;393;17137;10158;5.6;3.3
53;2021-03-04;859;342;17996;10500;5.9;3.4
53;2021-03-05;659;280;18655;10780;6.1;3.5
53;2021-03-06;447;212;19102;10992;6.3;3.6
53;2021-03-07;276;5;19378;10997;6.3;3.6
53;2021-03-08;375;181;19753;11178;6.5;3.7
53;2021-03-09;878;247;20631;11425;6.8;3.7
53;2021-03-10;807;109;21438;11534;7.0;3.8
53;2021-03-11;1247;227;22685;11761;7.4;3.9
53;2021-03-12;1603;146;24288;11907;8.0;3.9
53;2021-03-13;824;12;25112;11919;8.2;3.9
53;2021-03-14;1;0;25113;11919;8.2;3.9
53;2021-03-15;1002;299;26115;12218;8.6;4.0
53;2021-03-16;1035;329;27150;12547;8.9;4.1
53;2021-03-17;685;259;27835;12806;9.1;4.2
53;2021-03-18;972;345;28807;13151;9.4;4.3
53;2021-03-19;1344;599;30151;13750;9.9;4.5
53;2021-03-20;592;17;30743;13767;10.1;4.5
53;2021-03-21;2;0;30745;13767;10.1;4.5
53;2021-03-22;1212;158;31957;13925;10.5;4.6
53;2021-03-23;1698;70;33655;13995;11.0;4.6
53;2021-03-24;1323;117;34978;14112;11.5;4.6
53;2021-03-25;2323;233;37301;14345;12.2;4.7
53;2021-03-26;1884;150;39185;14495;12.8;4.7
53;2021-03-27;339;4;39524;14499;12.9;4.7
53;2021-03-28;2;0;39526;14499;12.9;4.7
53;2021-03-29;1474;212;41000;14711;13.4;4.8
53;2021-03-30;1944;201;42944;14912;14.1;4.9
53;2021-03-31;1791;222;44735;15134;14.6;5.0
53;2021-04-01;1947;676;46682;15810;15.3;5.2
53;2021-04-02;2076;227;48758;16037;16.0;5.3
53;2021-04-03;414;1;49172;16038;16.1;5.3
53;2021-04-04;10;0;49182;16038;16.1;5.3
53;2021-04-05;9;15;49191;16053;16.1;5.3
53;2021-04-06;1304;500;50495;16553;16.5;5.4
53;2021-04-07;1176;924;51671;17477;16.9;5.7
53;2021-04-08;1663;1006;53334;18483;17.5;6.1
53;2021-04-09;1958;405;55292;18888;18.1;6.2
53;2021-04-10;543;13;55835;18901;18.3;6.2
53;2021-04-11;12;0;55847;18901;18.3;6.2
53;2021-04-12;694;1067;56541;19968;18.5;6.5
53;2021-04-13;1470;1109;58011;21077;19.0;6.9
53;2021-04-14;1023;736;59034;21813;19.3;7.1
53;2021-04-15;1158;1107;60192;22920;19.7;7.5
53;2021-04-16;1272;816;61464;23736;20.1;7.8
53;2021-04-17;281;274;61745;24010;20.2;7.9
53;2021-04-18;0;0;61745;24010;20.2;7.9
53;2021-04-19;681;1068;62426;25078;20.4;8.2
53;2021-04-20;936;1450;63362;26528;20.7;8.7
53;2021-04-21;851;1012;64213;27540;21.0;9.0
53;2021-04-22;1046;1613;65259;29153;21.4;9.5
53;2021-04-23;1328;1054;66587;30207;21.8;9.9
53;2021-04-24;68;7;66655;30214;21.8;9.9
53;2021-04-25;6;39;66661;30253;21.8;9.9
53;2021-04-26;368;1238;67029;31491;22.0;10.3
53;2021-04-27;724;1973;67753;33464;22.2;11.0
53;2021-04-28;978;1394;68731;34858;22.5;11.4
53;2021-04-29;1051;1713;69782;36571;22.9;12.0
53;2021-04-30;1367;1312;71149;37883;23.3;12.4
53;2021-05-01;36;50;71185;37933;23.3;12.4
53;2021-05-02;0;0;71185;37933;23.3;12.4
53;2021-05-03;1570;706;72755;38639;23.8;12.7
53;2021-05-04;1304;1443;74059;40082;24.3;13.1
53;2021-05-05;1611;827;75670;40909;24.8;13.4
53;2021-05-06;1391;1398;77061;42307;25.2;13.9
53;2021-05-07;1538;1303;78599;43610;25.7;14.3
53;2021-05-08;939;36;79538;43646;26.0;14.3
53;2021-05-09;11;2;79549;43648;26.1;14.3
53;2021-05-10;2416;815;81965;44463;26.8;14.6
53;2021-05-11;3097;1287;85062;45750;27.9;15.0
53;2021-05-12;2750;1094;87812;46844;28.8;15.3
53;2021-05-13;350;28;88162;46872;28.9;15.3
53;2021-05-14;2021;678;90183;47550;29.5;15.6
53;2021-05-15;1058;64;91241;47614;29.9;15.6
53;2021-05-16;3;0;91244;47614;29.9;15.6
53;2021-05-17;1701;1196;92945;48810;30.4;16.0
53;2021-05-18;1881;1550;94826;50360;31.1;16.5
53;2021-05-19;2303;745;97129;51105;31.8;16.7
53;2021-05-20;3217;866;100346;51971;32.9;17.0
53;2021-05-21;2798;829;103144;52800;33.8;17.3
53;2021-05-22;21;60;103165;52860;33.8;17.3
53;2021-05-23;0;0;103165;52860;33.8;17.3
53;2021-05-24;8;6;103173;52866;33.8;17.3
53;2021-05-25;1819;802;104992;53668;34.4;17.6
53;2021-05-26;1852;905;106844;54573;35.0;17.9
53;2021-05-27;3072;1077;109916;55650;36.0;18.2
53;2021-05-28;2562;878;112478;56528;36.8;18.5
53;2021-05-29;846;244;113324;56772;37.1;18.6
53;2021-05-30;18;6;113342;56778;37.1;18.6
53;2021-05-31;2564;803;115906;57581;38.0;18.9
53;2021-06-01;3490;1259;119396;58840;39.1;19.3
53;2021-06-02;3183;526;122579;59366;40.1;19.4
53;2021-06-03;4198;787;126777;60153;41.5;19.7
53;2021-06-04;3180;1265;129957;61418;42.6;20.1
53;2021-06-05;137;245;130094;61663;42.6;20.2
53;2021-06-06;1;4;130095;61667;42.6;20.2
53;2021-06-07;2629;923;132724;62590;43.5;20.5
53;2021-06-08;3589;1130;136313;63720;44.6;20.9
53;2021-06-09;2454;940;138767;64660;45.4;21.2
53;2021-06-10;3521;849;142288;65509;46.6;21.5
53;2021-06-11;2966;1213;145254;66722;47.6;21.8
53;2021-06-12;108;138;145362;66860;47.6;21.9
53;2021-06-13;10;2;145372;66862;47.6;21.9
53;2021-06-14;1600;1790;146972;68652;48.1;22.5
53;2021-06-15;1899;2263;148871;70915;48.8;23.2
53;2021-06-16;1826;1730;150697;72645;49.3;23.8
53;2021-06-17;3013;1648;153710;74293;50.3;24.3
53;2021-06-18;2702;1809;156412;76102;51.2;24.9
53;2021-06-19;762;1166;157174;77268;51.5;25.3
53;2021-06-20;3;479;157177;77747;51.5;25.5
53;2021-06-21;918;2526;158095;80273;51.8;26.3
53;2021-06-22;1299;3452;159394;83725;52.2;27.4
53;2021-06-23;1362;2892;160756;86617;52.6;28.4
53;2021-06-24;1803;2032;162559;88649;53.2;29.0
53;2021-06-25;1784;2045;164343;90694;53.8;29.7
53;2021-06-26;977;350;165320;91044;54.1;29.8
53;2021-06-27;8;8;165328;91052;54.1;29.8
53;2021-06-28;662;2899;165990;93951;54.4;30.8
53;2021-06-29;858;3648;166848;97599;54.6;32.0
53;2021-06-30;749;1519;167597;99118;54.9;32.5
53;2021-07-01;1507;2633;169104;101751;55.4;33.3
53;2021-07-02;1528;2026;170632;103777;55.9;34.0
53;2021-07-03;857;572;171489;104349;56.2;34.2
53;2021-07-04;0;4;171489;104353;56.2;34.2
53;2021-07-05;542;2060;172031;106413;56.3;34.8
53;2021-07-06;861;3616;172892;110029;56.6;36.0
53;2021-07-07;1025;2652;173917;112681;57.0;36.9
53;2021-07-08;1313;3118;175230;115799;57.4;37.9
53;2021-07-09;1131;3396;176361;119195;57.8;39.0
53;2021-07-10;422;1000;176783;120195;57.9;39.4
53;2021-07-11;12;20;176795;120215;57.9;39.4
53;2021-07-12;503;3708;177298;123923;58.1;40.6
53;2021-07-13;893;4762;178191;128685;58.4;42.1
53;2021-07-14;104;284;178295;128969;58.4;42.2
53;2021-07-15;1112;4349;179407;133318;58.8;43.7
53;2021-07-16;1247;3849;180654;137167;59.2;44.9
53;2021-07-17;1316;299;181970;137466;59.6;45.0
53;2021-07-18;27;20;181997;137486;59.6;45.0
53;2021-07-19;733;3428;182730;140914;59.8;46.1
53;2021-07-20;982;4126;183712;145040;60.2;47.5
53;2021-07-21;683;3274;184395;148314;60.4;48.6
53;2021-07-22;1512;3523;185907;151837;60.9;49.7
53;2021-07-23;1604;3758;187511;155595;61.4;51.0
53;2021-07-24;956;281;188467;155876;61.7;51.0
53;2021-07-25;60;25;188527;155901;61.7;51.1
53;2021-07-26;1726;1942;190253;157843;62.3;51.7
53;2021-07-27;2356;2826;192609;160669;63.1;52.6
53;2021-07-28;2143;2817;194752;163486;63.8;53.5
53;2021-07-29;2492;2544;197244;166030;64.6;54.4
53;2021-07-30;1824;2650;199068;168680;65.2;55.2
53;2021-07-31;626;232;199694;168912;65.4;55.3
53;2021-08-01;37;25;199731;168937;65.4;55.3
53;2021-08-02;2084;1730;201815;170667;66.1;55.9
53;2021-08-03;2410;1906;204225;172573;66.9;56.5
53;2021-08-04;2477;1857;206702;174430;67.7;57.1
53;2021-08-05;2862;1536;209564;175966;68.6;57.6
53;2021-08-06;2508;1715;212072;177681;69.4;58.2
53;2021-08-07;479;270;212551;177951;69.6;58.3
53;2021-08-08;6;19;212557;177970;69.6;58.3
53;2021-08-09;1837;1648;214394;179618;70.2;58.8
53;2021-08-10;2316;1747;216710;181365;71.0;59.4
53;2021-08-11;1678;860;218388;182225;71.5;59.7
53;2021-08-12;1998;983;220386;183208;72.2;60.0
53;2021-08-13;2036;1301;222422;184509;72.8;60.4
53;2021-08-14;66;63;222488;184572;72.9;60.4
53;2021-08-15;1;2;222489;184574;72.9;60.4
53;2021-08-16;1327;1596;223816;186170;73.3;61.0
53;2021-08-17;1546;1654;225362;187824;73.8;61.5
53;2021-08-18;1515;1601;226877;189425;74.3;62.0
53;2021-08-19;1372;1973;228249;191398;74.7;62.7
53;2021-08-20;1093;2079;229342;193477;75.1;63.4
53;2021-08-21;188;342;229530;193819;75.2;63.5
53;2021-08-22;0;0;229530;193819;75.2;63.5
53;2021-08-23;842;1909;230372;195728;75.4;64.1
53;2021-08-24;900;2113;231272;197841;75.7;64.8
53;2021-08-25;905;2267;232177;200108;76.0;65.5
53;2021-08-26;664;2611;232841;202719;76.3;66.4
54;2020-12-27;0;0;0;0;0.0;0.0
54;2020-12-28;1;0;1;0;0.0;0.0
54;2020-12-29;0;0;1;0;0.0;0.0
54;2020-12-30;0;0;1;0;0.0;0.0
54;2020-12-31;10;0;11;0;0.0;0.0
54;2021-01-01;0;0;11;0;0.0;0.0
54;2021-01-02;0;0;11;0;0.0;0.0
54;2021-01-03;1;0;12;0;0.0;0.0
54;2021-01-04;163;0;175;0;0.0;0.0
54;2021-01-05;395;0;570;0;0.1;0.0
54;2021-01-06;650;1;1220;1;0.2;0.0
54;2021-01-07;817;2;2037;3;0.3;0.0
54;2021-01-08;706;3;2743;6;0.4;0.0
54;2021-01-09;81;0;2824;6;0.4;0.0
54;2021-01-10;78;0;2902;6;0.4;0.0
54;2021-01-11;974;3;3876;9;0.5;0.0
54;2021-01-12;1181;1;5057;10;0.7;0.0
54;2021-01-13;2424;8;7481;18;1.0;0.0
54;2021-01-14;3400;30;10881;48;1.5;0.0
54;2021-01-15;2720;14;13601;62;1.9;0.0
54;2021-01-16;815;3;14416;65;2.0;0.0
54;2021-01-17;209;0;14625;65;2.0;0.0
54;2021-01-18;1556;6;16181;71;2.2;0.0
54;2021-01-19;1705;0;17886;71;2.4;0.0
54;2021-01-20;1524;4;19410;75;2.7;0.0
54;2021-01-21;1371;4;20781;79;2.8;0.0
54;2021-01-22;1092;8;21873;87;3.0;0.0
54;2021-01-23;478;1;22351;88;3.1;0.0
54;2021-01-24;66;0;22417;88;3.1;0.0
54;2021-01-25;940;30;23357;118;3.2;0.0
54;2021-01-26;142;5;23499;123;3.2;0.0
54;2021-01-27;12;167;23511;290;3.2;0.0
54;2021-01-28;32;229;23543;519;3.2;0.1
54;2021-01-29;18;275;23561;794;3.2;0.1
54;2021-01-30;6;0;23567;794;3.2;0.1
54;2021-01-31;1;0;23568;794;3.2;0.1
54;2021-02-01;13;785;23581;1579;3.2;0.2
54;2021-02-02;22;967;23603;2546;3.2;0.3
54;2021-02-03;364;1530;23967;4076;3.3;0.6
54;2021-02-04;738;2451;24705;6527;3.4;0.9
54;2021-02-05;797;1893;25502;8420;3.5;1.2
54;2021-02-06;204;335;25706;8755;3.5;1.2
54;2021-02-07;4;125;25710;8880;3.5;1.2
54;2021-02-08;117;998;25827;9878;3.5;1.4
54;2021-02-09;305;1071;26132;10949;3.6;1.5
54;2021-02-10;385;796;26517;11745;3.6;1.6
54;2021-02-11;294;818;26811;12563;3.7;1.7
54;2021-02-12;449;1296;27260;13859;3.7;1.9
54;2021-02-13;148;236;27408;14095;3.8;1.9
54;2021-02-14;9;11;27417;14106;3.8;1.9
54;2021-02-15;434;1132;27851;15238;3.8;2.1
54;2021-02-16;401;1225;28252;16463;3.9;2.3
54;2021-02-17;518;957;28770;17420;3.9;2.4
54;2021-02-18;594;781;29364;18201;4.0;2.5
54;2021-02-19;520;777;29884;18978;4.1;2.6
54;2021-02-20;33;283;29917;19261;4.1;2.6
54;2021-02-21;3;25;29920;19286;4.1;2.6
54;2021-02-22;484;601;30404;19887;4.2;2.7
54;2021-02-23;679;558;31083;20445;4.3;2.8
54;2021-02-24;728;354;31811;20799;4.4;2.8
54;2021-02-25;1475;721;33286;21520;4.6;2.9
54;2021-02-26;1773;788;35059;22308;4.8;3.1
54;2021-02-27;698;110;35757;22418;4.9;3.1
54;2021-02-28;11;28;35768;22446;4.9;3.1
54;2021-03-01;651;219;36419;22665;5.0;3.1
54;2021-03-02;1505;145;37924;22810;5.2;3.1
54;2021-03-03;1763;62;39687;22872;5.4;3.1
54;2021-03-04;2028;100;41715;22972;5.7;3.1
54;2021-03-05;2796;144;44511;23116;6.1;3.2
54;2021-03-06;4045;113;48556;23229;6.6;3.2
54;2021-03-07;2626;70;51182;23299;7.0;3.2
54;2021-03-08;1337;65;52519;23364;7.2;3.2
54;2021-03-09;2646;103;55165;23467;7.6;3.2
54;2021-03-10;3195;109;58360;23576;8.0;3.2
54;2021-03-11;3392;102;61752;23678;8.5;3.2
54;2021-03-12;4980;184;66732;23862;9.1;3.3
54;2021-03-13;4206;124;70938;23986;9.7;3.3
54;2021-03-14;543;39;71481;24025;9.8;3.3
54;2021-03-15;1719;103;73200;24128;10.0;3.3
54;2021-03-16;1735;176;74935;24304;10.3;3.3
54;2021-03-17;2082;151;77017;24455;10.5;3.3
54;2021-03-18;2060;171;79077;24626;10.8;3.4
54;2021-03-19;3319;273;82396;24899;11.3;3.4
54;2021-03-20;2311;77;84707;24976;11.6;3.4
54;2021-03-21;295;15;85002;24991;11.6;3.4
54;2021-03-22;1034;334;86036;25325;11.8;3.5
54;2021-03-23;1935;524;87971;25849;12.0;3.5
54;2021-03-24;2194;714;90165;26563;12.3;3.6
54;2021-03-25;3177;730;93342;27293;12.8;3.7
54;2021-03-26;3517;822;96859;28115;13.3;3.8
54;2021-03-27;2419;287;99278;28402;13.6;3.9
54;2021-03-28;278;6;99556;28408;13.6;3.9
54;2021-03-29;1669;387;101225;28795;13.9;3.9
54;2021-03-30;2558;981;103783;29776;14.2;4.1
54;2021-03-31;2598;1156;106381;30932;14.6;4.2
54;2021-04-01;3236;1282;109617;32214;15.0;4.4
54;2021-04-02;2965;1687;112582;33901;15.4;4.6
54;2021-04-03;1263;1309;113845;35210;15.6;4.8
54;2021-04-04;137;422;113982;35632;15.6;4.9
54;2021-04-05;145;575;114127;36207;15.6;5.0
54;2021-04-06;1268;1669;115395;37876;15.8;5.2
54;2021-04-07;925;2267;116320;40143;15.9;5.5
54;2021-04-08;2326;2446;118646;42589;16.2;5.8
54;2021-04-09;4127;3158;122773;45747;16.8;6.3
54;2021-04-10;3208;1682;125981;47429;17.2;6.5
54;2021-04-11;207;1002;126188;48431;17.3;6.6
54;2021-04-12;2198;1535;128386;49966;17.6;6.8
54;2021-04-13;3002;1980;131388;51946;18.0;7.1
54;2021-04-14;3261;1871;134649;53817;18.4;7.4
54;2021-04-15;2877;2297;137526;56114;18.8;7.7
54;2021-04-16;3141;2602;140667;58716;19.3;8.0
54;2021-04-17;3474;1489;144141;60205;19.7;8.2
54;2021-04-18;64;245;144205;60450;19.7;8.3
54;2021-04-19;2462;1081;146667;61531;20.1;8.4
54;2021-04-20;3011;1252;149678;62783;20.5;8.6
54;2021-04-21;4403;1635;154081;64418;21.1;8.8
54;2021-04-22;3720;2387;157801;66805;21.6;9.1
54;2021-04-23;3865;2077;161666;68882;22.1;9.4
54;2021-04-24;2345;1038;164011;69920;22.5;9.6
54;2021-04-25;283;276;164294;70196;22.5;9.6
54;2021-04-26;2305;1272;166599;71468;22.8;9.8
54;2021-04-27;3288;1439;169887;72907;23.3;10.0
54;2021-04-28;2978;1957;172865;74864;23.7;10.2
54;2021-04-29;3794;2083;176659;76947;24.2;10.5
54;2021-04-30;4491;1978;181150;78925;24.8;10.8
54;2021-05-01;2264;803;183414;79728;25.1;10.9
54;2021-05-02;229;68;183643;79796;25.1;10.9
54;2021-05-03;3094;943;186737;80739;25.6;11.1
54;2021-05-04;3517;1450;190254;82189;26.0;11.3
54;2021-05-05;4896;1414;195150;83603;26.7;11.4
54;2021-05-06;4437;2801;199587;86404;27.3;11.8
54;2021-05-07;4824;3413;204411;89817;28.0;12.3
54;2021-05-08;2030;644;206441;90461;28.3;12.4
54;2021-05-09;375;136;206816;90597;28.3;12.4
54;2021-05-10;3207;2242;210023;92839;28.8;12.7
54;2021-05-11;5491;2936;215514;95775;29.5;13.1
54;2021-05-12;4146;3389;219660;99164;30.1;13.6
54;2021-05-13;2646;491;222306;99655;30.4;13.6
54;2021-05-14;6885;1995;229191;101650;31.4;13.9
54;2021-05-15;5482;1317;234673;102967;32.1;14.1
54;2021-05-16;946;109;235619;103076;32.3;14.1
54;2021-05-17;3795;826;239414;103902;32.8;14.2
54;2021-05-18;3288;1103;242702;105005;33.2;14.4
54;2021-05-19;3466;1513;246168;106518;33.7;14.6
54;2021-05-20;4539;1621;250707;108139;34.3;14.8
54;2021-05-21;6750;2514;257457;110653;35.2;15.1
54;2021-05-22;5659;1365;263116;112018;36.0;15.3
54;2021-05-23;504;54;263620;112072;36.1;15.3
54;2021-05-24;1444;345;265064;112417;36.3;15.4
54;2021-05-25;4191;1541;269255;113958;36.9;15.6
54;2021-05-26;3535;2220;272790;116178;37.3;15.9
54;2021-05-27;4182;2440;276972;118618;37.9;16.2
54;2021-05-28;4978;3568;281950;122186;38.6;16.7
54;2021-05-29;3848;3992;285798;126178;39.1;17.3
54;2021-05-30;127;83;285925;126261;39.1;17.3
54;2021-05-31;2939;3069;288864;129330;39.5;17.7
54;2021-06-01;2621;4204;291485;133534;39.9;18.3
54;2021-06-02;2165;4088;293650;137622;40.2;18.8
54;2021-06-03;3145;5662;296795;143284;40.6;19.6
54;2021-06-04;5100;5485;301895;148769;41.3;20.4
54;2021-06-05;2342;3284;304237;152053;41.7;20.8
54;2021-06-06;71;236;304308;152289;41.7;20.9
54;2021-06-07;3705;2932;308013;155221;42.2;21.3
54;2021-06-08;4542;4272;312555;159493;42.8;21.8
54;2021-06-09;6001;3314;318556;162807;43.6;22.3
54;2021-06-10;5299;4446;323855;167253;44.3;22.9
54;2021-06-11;5019;4916;328874;172169;45.0;23.6
54;2021-06-12;4242;3230;333116;175399;45.6;24.0
54;2021-06-13;54;210;333170;175609;45.6;24.0
54;2021-06-14;2331;3593;335501;179202;45.9;24.5
54;2021-06-15;2825;4735;338326;183937;46.3;25.2
54;2021-06-16;3489;5656;341815;189593;46.8;26.0
54;2021-06-17;3138;5223;344953;194816;47.2;26.7
54;2021-06-18;4156;6240;349109;201056;47.8;27.5
54;2021-06-19;2645;3123;351754;204179;48.2;28.0
54;2021-06-20;101;339;351855;204518;48.2;28.0
54;2021-06-21;2555;4768;354410;209286;48.5;28.7
54;2021-06-22;2042;6227;356452;215513;48.8;29.5
54;2021-06-23;2245;5591;358697;221104;49.1;30.3
54;2021-06-24;2092;3458;360789;224562;49.4;30.7
54;2021-06-25;2200;7057;362989;231619;49.7;31.7
54;2021-06-26;2381;5670;365370;237289;50.0;32.5
54;2021-06-27;133;608;365503;237897;50.0;32.6
54;2021-06-28;1958;4351;367461;242248;50.3;33.2
54;2021-06-29;1937;5208;369398;247456;50.6;33.9
54;2021-06-30;1982;5121;371380;252577;50.8;34.6
54;2021-07-01;2136;5981;373516;258558;51.1;35.4
54;2021-07-02;2817;7560;376333;266118;51.5;36.4
54;2021-07-03;2834;4096;379167;270214;51.9;37.0
54;2021-07-04;195;498;379362;270712;51.9;37.1
54;2021-07-05;1670;4256;381032;274968;52.2;37.6
54;2021-07-06;2001;5075;383033;280043;52.4;38.3
54;2021-07-07;1902;4837;384935;284880;52.7;39.0
54;2021-07-08;1679;4113;386614;288993;52.9;39.6
54;2021-07-09;3203;6024;389817;295017;53.4;40.4
54;2021-07-10;2543;4371;392360;299388;53.7;41.0
54;2021-07-11;8;103;392368;299491;53.7;41.0
54;2021-07-12;2098;4685;394466;304176;54.0;41.6
54;2021-07-13;2619;4974;397085;309150;54.4;42.3
54;2021-07-14;1534;1504;398619;310654;54.6;42.5
54;2021-07-15;3176;4838;401795;315492;55.0;43.2
54;2021-07-16;4665;6228;406460;321720;55.6;44.0
54;2021-07-17;4001;4768;410461;326488;56.2;44.7
54;2021-07-18;1804;1680;412265;328168;56.4;44.9
54;2021-07-19;2587;4040;414852;332208;56.8;45.5
54;2021-07-20;2904;4813;417756;337021;57.2;46.1
54;2021-07-21;3129;6339;420885;343360;57.6;47.0
54;2021-07-22;3268;5737;424153;349097;58.1;47.8
54;2021-07-23;3979;7008;428132;356105;58.6;48.8
54;2021-07-24;2937;5323;431069;361428;59.0;49.5
54;2021-07-25;71;50;431140;361478;59.0;49.5
54;2021-07-26;2974;4174;434114;365652;59.4;50.1
54;2021-07-27;3706;4012;437820;369664;59.9;50.6
54;2021-07-28;5191;3861;443011;373525;60.7;51.1
54;2021-07-29;5130;3216;448141;376741;61.4;51.6
54;2021-07-30;5112;4998;453253;381739;62.1;52.3
54;2021-07-31;4514;3230;457767;384969;62.7;52.7
54;2021-08-01;256;74;458023;385043;62.7;52.7
54;2021-08-02;3061;3707;461084;388750;63.1;53.2
54;2021-08-03;4080;2927;465164;391677;63.7;53.6
54;2021-08-04;4381;2695;469545;394372;64.3;54.0
54;2021-08-05;4562;2427;474107;396799;64.9;54.3
54;2021-08-06;5371;3999;479478;400798;65.6;54.9
54;2021-08-07;3624;2827;483102;403625;66.1;55.3
54;2021-08-08;247;114;483349;403739;66.2;55.3
54;2021-08-09;2887;2690;486236;406429;66.6;55.6
54;2021-08-10;2504;3766;488740;410195;66.9;56.2
54;2021-08-11;2312;2565;491052;412760;67.2;56.5
54;2021-08-12;2148;3009;493200;415769;67.5;56.9
54;2021-08-13;2588;4446;495788;420215;67.9;57.5
54;2021-08-14;1410;2071;497198;422286;68.1;57.8
54;2021-08-15;30;43;497228;422329;68.1;57.8
54;2021-08-16;1822;3427;499050;425756;68.3;58.3
54;2021-08-17;1927;3312;500977;429068;68.6;58.7
54;2021-08-18;1486;4096;502463;433164;68.8;59.3
54;2021-08-19;1242;2786;503705;435950;69.0;59.7
54;2021-08-20;1839;4919;505544;440869;69.2;60.4
54;2021-08-21;1454;4012;506998;444881;69.4;60.9
54;2021-08-22;58;27;507056;444908;69.4;60.9
54;2021-08-23;1200;3839;508256;448747;69.6;61.4
54;2021-08-24;1116;3154;509372;451901;69.7;61.9
54;2021-08-25;1399;4366;510771;456267;69.9;62.5
54;2021-08-26;960;3100;511731;459367;70.1;62.9
55;2020-12-27;0;0;0;0;0.0;0.0
55;2020-12-28;0;0;0;0;0.0;0.0
55;2020-12-29;0;0;0;0;0.0;0.0
55;2020-12-30;0;0;0;0;0.0;0.0
55;2020-12-31;0;0;0;0;0.0;0.0
55;2021-01-01;0;0;0;0;0.0;0.0
55;2021-01-02;0;0;0;0;0.0;0.0
55;2021-01-03;0;0;0;0;0.0;0.0
55;2021-01-04;1;0;1;0;0.0;0.0
55;2021-01-05;0;0;1;0;0.0;0.0
55;2021-01-06;0;0;1;0;0.0;0.0
55;2021-01-07;122;0;123;0;0.1;0.0
55;2021-01-08;127;0;250;0;0.1;0.0
55;2021-01-09;52;0;302;0;0.2;0.0
55;2021-01-10;0;0;302;0;0.2;0.0
55;2021-01-11;128;1;430;1;0.2;0.0
55;2021-01-12;119;0;549;1;0.3;0.0
55;2021-01-13;135;0;684;1;0.4;0.0
55;2021-01-14;643;6;1327;7;0.7;0.0
55;2021-01-15;237;0;1564;7;0.9;0.0
55;2021-01-16;62;0;1626;7;0.9;0.0
55;2021-01-17;1;0;1627;7;0.9;0.0
55;2021-01-18;413;1;2040;8;1.1;0.0
55;2021-01-19;352;3;2392;11;1.3;0.0
55;2021-01-20;453;2;2845;13;1.6;0.0
55;2021-01-21;430;0;3275;13;1.8;0.0
55;2021-01-22;391;0;3666;13;2.0;0.0
55;2021-01-23;49;0;3715;13;2.0;0.0
55;2021-01-24;0;0;3715;13;2.0;0.0
55;2021-01-25;436;0;4151;13;2.3;0.0
55;2021-01-26;431;0;4582;13;2.5;0.0
55;2021-01-27;424;0;5006;13;2.8;0.0
55;2021-01-28;485;97;5491;110;3.0;0.1
55;2021-01-29;159;54;5650;164;3.1;0.1
55;2021-01-30;92;28;5742;192;3.2;0.1
55;2021-01-31;0;0;5742;192;3.2;0.1
55;2021-02-01;153;177;5895;369;3.2;0.2
55;2021-02-02;159;146;6054;515;3.3;0.3
55;2021-02-03;53;159;6107;674;3.4;0.4
55;2021-02-04;234;398;6341;1072;3.5;0.6
55;2021-02-05;174;139;6515;1211;3.6;0.7
55;2021-02-06;62;56;6577;1267;3.6;0.7
55;2021-02-07;2;53;6579;1320;3.6;0.7
55;2021-02-08;0;18;6579;1338;3.6;0.7
55;2021-02-09;92;117;6671;1455;3.7;0.8
55;2021-02-10;65;22;6736;1477;3.7;0.8
55;2021-02-11;175;99;6911;1576;3.8;0.9
55;2021-02-12;94;28;7005;1604;3.9;0.9
55;2021-02-13;0;0;7005;1604;3.9;0.9
55;2021-02-14;0;0;7005;1604;3.9;0.9
55;2021-02-15;15;417;7020;2021;3.9;1.1
55;2021-02-16;143;395;7163;2416;3.9;1.3
55;2021-02-17;26;490;7189;2906;4.0;1.6
55;2021-02-18;20;341;7209;3247;4.0;1.8
55;2021-02-19;125;289;7334;3536;4.0;1.9
55;2021-02-20;11;0;7345;3536;4.0;1.9
55;2021-02-21;0;0;7345;3536;4.0;1.9
55;2021-02-22;55;457;7400;3993;4.1;2.2
55;2021-02-23;85;441;7485;4434;4.1;2.4
55;2021-02-24;72;415;7557;4849;4.2;2.7
55;2021-02-25;270;682;7827;5531;4.3;3.0
55;2021-02-26;324;235;8151;5766;4.5;3.2
55;2021-02-27;125;87;8276;5853;4.6;3.2
55;2021-02-28;2;8;8278;5861;4.6;3.2
55;2021-03-01;77;141;8355;6002;4.6;3.3
55;2021-03-02;124;170;8479;6172;4.7;3.4
55;2021-03-03;198;3;8677;6175;4.8;3.4
55;2021-03-04;238;43;8915;6218;4.9;3.4
55;2021-03-05;362;46;9277;6264;5.1;3.4
55;2021-03-06;223;6;9500;6270;5.2;3.5
55;2021-03-07;69;1;9569;6271;5.3;3.5
55;2021-03-08;329;49;9898;6320;5.4;3.5
55;2021-03-09;635;50;10533;6370;5.8;3.5
55;2021-03-10;396;24;10929;6394;6.0;3.5
55;2021-03-11;597;145;11526;6539;6.3;3.6
55;2021-03-12;815;93;12341;6632;6.8;3.7
55;2021-03-13;523;12;12864;6644;7.1;3.7
55;2021-03-14;14;0;12878;6644;7.1;3.7
55;2021-03-15;393;24;13271;6668;7.3;3.7
55;2021-03-16;568;109;13839;6777;7.6;3.7
55;2021-03-17;683;20;14522;6797;8.0;3.7
55;2021-03-18;323;23;14845;6820;8.2;3.8
55;2021-03-19;471;59;15316;6879;8.4;3.8
55;2021-03-20;254;15;15570;6894;8.6;3.8
55;2021-03-21;1;1;15571;6895;8.6;3.8
55;2021-03-22;474;20;16045;6915;8.8;3.8
55;2021-03-23;972;64;17017;6979;9.4;3.8
55;2021-03-24;802;41;17819;7020;9.8;3.9
55;2021-03-25;1098;81;18917;7101;10.4;3.9
55;2021-03-26;602;35;19519;7136;10.7;3.9
55;2021-03-27;255;23;19774;7159;10.9;3.9
55;2021-03-28;0;0;19774;7159;10.9;3.9
55;2021-03-29;944;39;20718;7198;11.4;4.0
55;2021-03-30;1423;72;22141;7270;12.2;4.0
55;2021-03-31;1483;69;23624;7339;13.0;4.0
55;2021-04-01;1206;127;24830;7466;13.7;4.1
55;2021-04-02;902;75;25732;7541;14.2;4.2
55;2021-04-03;93;12;25825;7553;14.2;4.2
55;2021-04-04;2;0;25827;7553;14.2;4.2
55;2021-04-05;6;12;25833;7565;14.2;4.2
55;2021-04-06;933;277;26766;7842;14.7;4.3
55;2021-04-07;993;237;27759;8079;15.3;4.4
55;2021-04-08;1649;422;29408;8501;16.2;4.7
55;2021-04-09;1429;262;30837;8763;17.0;4.8
55;2021-04-10;242;174;31079;8937;17.1;4.9
55;2021-04-11;452;21;31531;8958;17.4;4.9
55;2021-04-12;855;329;32386;9287;17.8;5.1
55;2021-04-13;1355;530;33741;9817;18.6;5.4
55;2021-04-14;1372;728;35113;10545;19.3;5.8
55;2021-04-15;1636;459;36749;11004;20.2;6.1
55;2021-04-16;705;378;37454;11382;20.6;6.3
55;2021-04-17;677;30;38131;11412;21.0;6.3
55;2021-04-18;38;18;38169;11430;21.0;6.3
55;2021-04-19;961;347;39130;11777;21.5;6.5
55;2021-04-20;1173;774;40303;12551;22.2;6.9
55;2021-04-21;990;640;41293;13191;22.7;7.3
55;2021-04-22;1099;679;42392;13870;23.3;7.6
55;2021-04-23;1424;596;43816;14466;24.1;8.0
55;2021-04-24;313;124;44129;14590;24.3;8.0
55;2021-04-25;384;51;44513;14641;24.5;8.1
55;2021-04-26;478;816;44991;15457;24.8;8.5
55;2021-04-27;570;995;45561;16452;25.1;9.1
55;2021-04-28;931;816;46492;17268;25.6;9.5
55;2021-04-29;1118;857;47610;18125;26.2;10.0
55;2021-04-30;1280;622;48890;18747;26.9;10.3
55;2021-05-01;153;132;49043;18879;27.0;10.4
55;2021-05-02;2;3;49045;18882;27.0;10.4
55;2021-05-03;1208;629;50253;19511;27.7;10.7
55;2021-05-04;683;1178;50936;20689;28.0;11.4
55;2021-05-05;658;1074;51594;21763;28.4;12.0
55;2021-05-06;1347;1159;52941;22922;29.1;12.6
55;2021-05-07;1433;554;54374;23476;29.9;12.9
55;2021-05-08;156;77;54530;23553;30.0;13.0
55;2021-05-09;62;523;54592;24076;30.1;13.3
55;2021-05-10;860;1030;55452;25106;30.5;13.8
55;2021-05-11;1071;1379;56523;26485;31.1;14.6
55;2021-05-12;1031;1766;57554;28251;31.7;15.6
55;2021-05-13;99;75;57653;28326;31.7;15.6
55;2021-05-14;352;558;58005;28884;31.9;15.9
55;2021-05-15;292;492;58297;29376;32.1;16.2
55;2021-05-16;3;10;58300;29386;32.1;16.2
55;2021-05-17;1028;841;59328;30227;32.7;16.6
55;2021-05-18;1567;892;60895;31119;33.5;17.1
55;2021-05-19;1810;782;62705;31901;34.5;17.6
55;2021-05-20;2215;731;64920;32632;35.7;18.0
55;2021-05-21;2011;802;66931;33434;36.8;18.4
55;2021-05-22;198;166;67129;33600;37.0;18.5
55;2021-05-23;23;120;67152;33720;37.0;18.6
55;2021-05-24;0;0;67152;33720;37.0;18.6
55;2021-05-25;1347;653;68499;34373;37.7;18.9
55;2021-05-26;1674;1018;70173;35391;38.6;19.5
55;2021-05-27;1320;981;71493;36372;39.4;20.0
55;2021-05-28;1521;932;73014;37304;40.2;20.5
55;2021-05-29;1402;697;74416;38001;41.0;20.9
55;2021-05-30;15;206;74431;38207;41.0;21.0
55;2021-05-31;1049;1130;75480;39337;41.6;21.7
55;2021-06-01;918;957;76398;40294;42.1;22.2
55;2021-06-02;1163;986;77561;41280;42.7;22.7
55;2021-06-03;703;545;78264;41825;43.1;23.0
55;2021-06-04;1389;1101;79653;42926;43.9;23.6
55;2021-06-05;1366;277;81019;43203;44.6;23.8
55;2021-06-06;0;2;81019;43205;44.6;23.8
55;2021-06-07;790;714;81809;43919;45.0;24.2
55;2021-06-08;699;1075;82508;44994;45.4;24.8
55;2021-06-09;851;871;83359;45865;45.9;25.3
55;2021-06-10;379;275;83738;46140;46.1;25.4
55;2021-06-11;528;1287;84266;47427;46.4;26.1
55;2021-06-12;761;519;85027;47946;46.8;26.4
55;2021-06-13;265;33;85292;47979;47.0;26.4
55;2021-06-14;390;1363;85682;49342;47.2;27.2
55;2021-06-15;574;1212;86256;50554;47.5;27.8
55;2021-06-16;735;832;86991;51386;47.9;28.3
55;2021-06-17;425;859;87416;52245;48.1;28.8
55;2021-06-18;668;1475;88084;53720;48.5;29.6
55;2021-06-19;593;457;88677;54177;48.8;29.8
55;2021-06-20;0;0;88677;54177;48.8;29.8
55;2021-06-21;437;1023;89114;55200;49.1;30.4
55;2021-06-22;335;1014;89449;56214;49.2;30.9
55;2021-06-23;626;1211;90075;57425;49.6;31.6
55;2021-06-24;163;433;90238;57858;49.7;31.9
55;2021-06-25;642;1226;90880;59084;50.0;32.5
55;2021-06-26;418;339;91298;59423;50.3;32.7
55;2021-06-27;1;2;91299;59425;50.3;32.7
55;2021-06-28;149;1380;91448;60805;50.3;33.5
55;2021-06-29;202;1289;91650;62094;50.5;34.2
55;2021-06-30;271;1932;91921;64026;50.6;35.2
55;2021-07-01;387;1978;92308;66004;50.8;36.3
55;2021-07-02;391;1719;92699;67723;51.0;37.3
55;2021-07-03;108;262;92807;67985;51.1;37.4
55;2021-07-04;12;19;92819;68004;51.1;37.4
55;2021-07-05;222;1509;93041;69513;51.2;38.3
55;2021-07-06;326;900;93367;70413;51.4;38.8
55;2021-07-07;388;1802;93755;72215;51.6;39.8
55;2021-07-08;536;1594;94291;73809;51.9;40.6
55;2021-07-09;455;1479;94746;75288;52.2;41.4
55;2021-07-10;356;1111;95102;76399;52.4;42.1
55;2021-07-11;0;9;95102;76408;52.4;42.1
55;2021-07-12;607;1166;95709;77574;52.7;42.7
55;2021-07-13;599;1486;96308;79060;53.0;43.5
55;2021-07-14;0;13;96308;79073;53.0;43.5
55;2021-07-15;782;1647;97090;80720;53.5;44.4
55;2021-07-16;1254;1811;98344;82531;54.1;45.4
55;2021-07-17;1283;822;99627;83353;54.8;45.9
55;2021-07-18;1;2;99628;83355;54.8;45.9
55;2021-07-19;597;785;100225;84140;55.2;46.3
55;2021-07-20;995;1026;101220;85166;55.7;46.9
55;2021-07-21;1480;1368;102700;86534;56.5;47.6
55;2021-07-22;1170;566;103870;87100;57.2;48.0
55;2021-07-23;1107;1352;104977;88452;57.8;48.7
55;2021-07-24;817;762;105794;89214;58.2;49.1
55;2021-07-25;119;229;105913;89443;58.3;49.2
55;2021-07-26;668;443;106581;89886;58.7;49.5
55;2021-07-27;1156;477;107737;90363;59.3;49.7
55;2021-07-28;1038;1065;108775;91428;59.9;50.3
55;2021-07-29;669;447;109444;91875;60.3;50.6
55;2021-07-30;1270;964;110714;92839;61.0;51.1
55;2021-07-31;708;613;111422;93452;61.3;51.4
55;2021-08-01;9;5;111431;93457;61.3;51.5
55;2021-08-02;611;444;112042;93901;61.7;51.7
55;2021-08-03;640;419;112682;94320;62.0;51.9
55;2021-08-04;1245;954;113927;95274;62.7;52.5
55;2021-08-05;999;320;114926;95594;63.3;52.6
55;2021-08-06;811;1097;115737;96691;63.7;53.2
55;2021-08-07;595;335;116332;97026;64.0;53.4
55;2021-08-08;0;0;116332;97026;64.0;53.4
55;2021-08-09;398;306;116730;97332;64.3;53.6
55;2021-08-10;434;775;117164;98107;64.5;54.0
55;2021-08-11;590;643;117754;98750;64.8;54.4
55;2021-08-12;322;488;118076;99238;65.0;54.6
55;2021-08-13;426;1109;118502;100347;65.2;55.2
55;2021-08-14;135;191;118637;100538;65.3;55.3
55;2021-08-15;11;5;118648;100543;65.3;55.4
55;2021-08-16;245;739;118893;101282;65.5;55.8
55;2021-08-17;255;291;119148;101573;65.6;55.9
55;2021-08-18;539;1241;119687;102814;65.9;56.6
55;2021-08-19;449;959;120136;103773;66.1;57.1
55;2021-08-20;562;1012;120698;104785;66.4;57.7
55;2021-08-21;292;771;120990;105556;66.6;58.1
55;2021-08-22;8;6;120998;105562;66.6;58.1
55;2021-08-23;334;609;121332;106171;66.8;58.5
55;2021-08-24;301;831;121633;107002;67.0;58.9
55;2021-08-25;661;1170;122294;108172;67.3;59.6
55;2021-08-26;447;1250;122741;109422;67.6;60.2
56;2020-12-27;0;0;0;0;0.0;0.0
56;2020-12-28;1;0;1;0;0.0;0.0
56;2020-12-29;0;0;1;0;0.0;0.0
56;2020-12-30;0;0;1;0;0.0;0.0
56;2020-12-31;0;0;1;0;0.0;0.0
56;2021-01-01;0;0;1;0;0.0;0.0
56;2021-01-02;1;0;2;0;0.0;0.0
56;2021-01-03;0;0;2;0;0.0;0.0
56;2021-01-04;1;0;3;0;0.0;0.0
56;2021-01-05;1;0;4;0;0.0;0.0
56;2021-01-06;2;0;6;0;0.0;0.0
56;2021-01-07;198;0;204;0;0.0;0.0
56;2021-01-08;119;0;323;0;0.0;0.0
56;2021-01-09;1;0;324;0;0.0;0.0
56;2021-01-10;1;0;325;0;0.0;0.0
56;2021-01-11;242;0;567;0;0.1;0.0
56;2021-01-12;754;0;1321;0;0.2;0.0
56;2021-01-13;638;1;1959;1;0.3;0.0
56;2021-01-14;969;2;2928;3;0.4;0.0
56;2021-01-15;843;5;3771;8;0.5;0.0
56;2021-01-16;234;3;4005;11;0.5;0.0
56;2021-01-17;27;0;4032;11;0.5;0.0
56;2021-01-18;1005;1;5037;12;0.7;0.0
56;2021-01-19;851;1;5888;13;0.8;0.0
56;2021-01-20;884;1;6772;14;0.9;0.0
56;2021-01-21;1461;2;8233;16;1.1;0.0
56;2021-01-22;1181;3;9414;19;1.2;0.0
56;2021-01-23;319;2;9733;21;1.3;0.0
56;2021-01-24;6;0;9739;21;1.3;0.0
56;2021-01-25;826;0;10565;21;1.4;0.0
56;2021-01-26;1038;4;11603;25;1.5;0.0
56;2021-01-27;1082;62;12685;87;1.7;0.0
56;2021-01-28;975;123;13660;210;1.8;0.0
56;2021-01-29;873;107;14533;317;1.9;0.0
56;2021-01-30;139;19;14672;336;1.9;0.0
56;2021-01-31;0;0;14672;336;1.9;0.0
56;2021-02-01;479;155;15151;491;2.0;0.1
56;2021-02-02;941;257;16092;748;2.1;0.1
56;2021-02-03;1023;270;17115;1018;2.3;0.1
56;2021-02-04;4698;353;21813;1371;2.9;0.2
56;2021-02-05;3592;431;25405;1802;3.4;0.2
56;2021-02-06;550;171;25955;1973;3.4;0.3
56;2021-02-07;136;26;26091;1999;3.5;0.3
56;2021-02-08;296;290;26387;2289;3.5;0.3
56;2021-02-09;795;506;27182;2795;3.6;0.4
56;2021-02-10;865;701;28047;3496;3.7;0.5
56;2021-02-11;972;1077;29019;4573;3.8;0.6
56;2021-02-12;1151;641;30170;5214;4.0;0.7
56;2021-02-13;220;103;30390;5317;4.0;0.7
56;2021-02-14;6;46;30396;5363;4.0;0.7
56;2021-02-15;622;1088;31018;6451;4.1;0.9
56;2021-02-16;1220;737;32238;7188;4.3;1.0
56;2021-02-17;1189;958;33427;8146;4.4;1.1
56;2021-02-18;1352;882;34779;9028;4.6;1.2
56;2021-02-19;1322;914;36101;9942;4.8;1.3
56;2021-02-20;365;260;36466;10202;4.8;1.4
56;2021-02-21;0;0;36466;10202;4.8;1.4
56;2021-02-22;374;696;36840;10898;4.9;1.4
56;2021-02-23;741;956;37581;11854;5.0;1.6
56;2021-02-24;915;1184;38496;13038;5.1;1.7
56;2021-02-25;2031;4259;40527;17297;5.4;2.3
56;2021-02-26;2356;2260;42883;19557;5.7;2.6
56;2021-02-27;745;447;43628;20004;5.8;2.6
56;2021-02-28;15;114;43643;20118;5.8;2.7
56;2021-03-01;647;558;44290;20676;5.9;2.7
56;2021-03-02;979;788;45269;21464;6.0;2.8
56;2021-03-03;1150;911;46419;22375;6.1;3.0
56;2021-03-04;1966;1039;48385;23414;6.4;3.1
56;2021-03-05;2581;1430;50966;24844;6.7;3.3
56;2021-03-06;1207;218;52173;25062;6.9;3.3
56;2021-03-07;282;24;52455;25086;6.9;3.3
56;2021-03-08;1140;391;53595;25477;7.1;3.4
56;2021-03-09;2041;632;55636;26109;7.4;3.5
56;2021-03-10;2001;937;57637;27046;7.6;3.6
56;2021-03-11;3253;740;60890;27786;8.1;3.7
56;2021-03-12;4208;826;65098;28612;8.6;3.8
56;2021-03-13;1882;148;66980;28760;8.9;3.8
56;2021-03-14;195;2;67175;28762;8.9;3.8
56;2021-03-15;1283;529;68458;29291;9.1;3.9
56;2021-03-16;1089;1029;69547;30320;9.2;4.0
56;2021-03-17;1360;773;70907;31093;9.4;4.1
56;2021-03-18;1998;1872;72905;32965;9.6;4.4
56;2021-03-19;2939;1399;75844;34364;10.0;4.5
56;2021-03-20;1493;207;77337;34571;10.2;4.6
56;2021-03-21;208;22;77545;34593;10.3;4.6
56;2021-03-22;1610;405;79155;34998;10.5;4.6
56;2021-03-23;2806;687;81961;35685;10.8;4.7
56;2021-03-24;3450;526;85411;36211;11.3;4.8
56;2021-03-25;4239;725;89650;36936;11.9;4.9
56;2021-03-26;5092;782;94742;37718;12.5;5.0
56;2021-03-27;1501;294;96243;38012;12.7;5.0
56;2021-03-28;264;11;96507;38023;12.8;5.0
56;2021-03-29;2235;505;98742;38528;13.1;5.1
56;2021-03-30;3519;784;102261;39312;13.5;5.2
56;2021-03-31;3116;719;105377;40031;13.9;5.3
56;2021-04-01;4073;819;109450;40850;14.5;5.4
56;2021-04-02;3927;950;113377;41800;15.0;5.5
56;2021-04-03;1186;270;114563;42070;15.2;5.6
56;2021-04-04;232;3;114795;42073;15.2;5.6
56;2021-04-05;244;8;115039;42081;15.2;5.6
56;2021-04-06;2824;1232;117863;43313;15.6;5.7
56;2021-04-07;4023;1191;121886;44504;16.1;5.9
56;2021-04-08;5298;1164;127184;45668;16.8;6.0
56;2021-04-09;7390;1283;134574;46951;17.8;6.2
56;2021-04-10;2578;427;137152;47378;18.2;6.3
56;2021-04-11;193;101;137345;47479;18.2;6.3
56;2021-04-12;3933;836;141278;48315;18.7;6.4
56;2021-04-13;5966;1265;147244;49580;19.5;6.6
56;2021-04-14;5168;1430;152412;51010;20.2;6.8
56;2021-04-15;7154;1773;159566;52783;21.1;7.0
56;2021-04-16;7843;2012;167409;54795;22.2;7.3
56;2021-04-17;3132;647;170541;55442;22.6;7.3
56;2021-04-18;528;107;171069;55549;22.6;7.4
56;2021-04-19;3719;1262;174788;56811;23.1;7.5
56;2021-04-20;4107;1978;178895;58789;23.7;7.8
56;2021-04-21;4061;2322;182956;61111;24.2;8.1
56;2021-04-22;5174;1925;188130;63036;24.9;8.3
56;2021-04-23;5171;2417;193301;65453;25.6;8.7
56;2021-04-24;2900;645;196201;66098;26.0;8.7
56;2021-04-25;465;150;196666;66248;26.0;8.8
56;2021-04-26;4707;1668;201373;67916;26.7;9.0
56;2021-04-27;5098;2552;206471;70468;27.3;9.3
56;2021-04-28;4968;2242;211439;72710;28.0;9.6
56;2021-04-29;5842;2941;217281;75651;28.8;10.0
56;2021-04-30;6245;2809;223526;78460;29.6;10.4
56;2021-05-01;2488;362;226014;78822;29.9;10.4
56;2021-05-02;307;254;226321;79076;30.0;10.5
56;2021-05-03;3866;2069;230187;81145;30.5;10.7
56;2021-05-04;4383;3906;234570;85051;31.0;11.3
56;2021-05-05;3522;3876;238092;88927;31.5;11.8
56;2021-05-06;4375;5442;242467;94369;32.1;12.5
56;2021-05-07;4268;5012;246735;99381;32.7;13.2
56;2021-05-08;1644;319;248379;99700;32.9;13.2
56;2021-05-09;495;227;248874;99927;32.9;13.2
56;2021-05-10;3750;3811;252624;103738;33.4;13.7
56;2021-05-11;4170;5052;256794;108790;34.0;14.4
56;2021-05-12;4342;4777;261136;113567;34.6;15.0
56;2021-05-13;2397;1012;263533;114579;34.9;15.2
56;2021-05-14;4228;4362;267761;118941;35.4;15.7
56;2021-05-15;2487;1894;270248;120835;35.8;16.0
56;2021-05-16;237;488;270485;121323;35.8;16.1
56;2021-05-17;2512;3668;272997;124991;36.1;16.5
56;2021-05-18;3520;4085;276517;129076;36.6;17.1
56;2021-05-19;3528;3390;280045;132466;37.1;17.5
56;2021-05-20;3803;4819;283848;137285;37.6;18.2
56;2021-05-21;3745;5233;287593;142518;38.1;18.9
56;2021-05-22;1698;2208;289291;144726;38.3;19.2
56;2021-05-23;284;197;289575;144923;38.3;19.2
56;2021-05-24;2058;498;291633;145421;38.6;19.2
56;2021-05-25;3139;4470;294772;149891;39.0;19.8
56;2021-05-26;3735;3899;298507;153790;39.5;20.4
56;2021-05-27;4361;4869;302868;158659;40.1;21.0
56;2021-05-28;4637;5961;307505;164620;40.7;21.8
56;2021-05-29;1887;1635;309392;166255;40.9;22.0
56;2021-05-30;318;67;309710;166322;41.0;22.0
56;2021-05-31;4502;3221;314212;169543;41.6;22.4
56;2021-06-01;5665;3385;319877;172928;42.3;22.9
56;2021-06-02;5637;2955;325514;175883;43.1;23.3
56;2021-06-03;6188;3310;331702;179193;43.9;23.7
56;2021-06-04;5814;4411;337516;183604;44.7;24.3
56;2021-06-05;4346;2385;341862;185989;45.2;24.6
56;2021-06-06;496;616;342358;186605;45.3;24.7
56;2021-06-07;5104;3173;347462;189778;46.0;25.1
56;2021-06-08;6069;3378;353531;193156;46.8;25.6
56;2021-06-09;6433;2813;359964;195969;47.6;25.9
56;2021-06-10;7480;2874;367444;198843;48.6;26.3
56;2021-06-11;6765;3869;374209;202712;49.5;26.8
56;2021-06-12;5102;2065;379311;204777;50.2;27.1
56;2021-06-13;1980;439;381291;205216;50.5;27.2
56;2021-06-14;3311;4593;384602;209809;50.9;27.8
56;2021-06-15;4204;4898;388806;214707;51.5;28.4
56;2021-06-16;4497;4503;393303;219210;52.1;29.0
56;2021-06-17;4257;4753;397560;223963;52.6;29.6
56;2021-06-18;4517;5975;402077;229938;53.2;30.4
56;2021-06-19;3837;2144;405914;232082;53.7;30.7
56;2021-06-20;1504;340;407418;232422;53.9;30.8
56;2021-06-21;3309;4462;410727;236884;54.4;31.4
56;2021-06-22;3485;5446;414212;242330;54.8;32.1
56;2021-06-23;3763;5062;417975;247392;55.3;32.7
56;2021-06-24;3477;5320;421452;252712;55.8;33.4
56;2021-06-25;3883;6279;425335;258991;56.3;34.3
56;2021-06-26;3203;2916;428538;261907;56.7;34.7
56;2021-06-27;305;162;428843;262069;56.8;34.7
56;2021-06-28;1576;3982;430419;266051;57.0;35.2
56;2021-06-29;2436;5773;432855;271824;57.3;36.0
56;2021-06-30;2497;5560;435352;277384;57.6;36.7
56;2021-07-01;2734;4958;438086;282342;58.0;37.4
56;2021-07-02;2657;6207;440743;288549;58.3;38.2
56;2021-07-03;2205;2683;442948;291232;58.6;38.5
56;2021-07-04;779;811;443727;292043;58.7;38.7
56;2021-07-05;1872;5443;445599;297486;59.0;39.4
56;2021-07-06;2190;5935;447789;303421;59.3;40.2
56;2021-07-07;2845;5644;450634;309065;59.6;40.9
56;2021-07-08;3085;6037;453719;315102;60.1;41.7
56;2021-07-09;2218;7100;455937;322202;60.3;42.6
56;2021-07-10;1128;3004;457065;325206;60.5;43.0
56;2021-07-11;256;344;457321;325550;60.5;43.1
56;2021-07-12;2181;6606;459502;332156;60.8;44.0
56;2021-07-13;3260;7465;462762;339621;61.2;44.9
56;2021-07-14;1784;2589;464546;342210;61.5;45.3
56;2021-07-15;3820;7067;468366;349277;62.0;46.2
56;2021-07-16;4076;8097;472442;357374;62.5;47.3
56;2021-07-17;2319;3520;474761;360894;62.8;47.8
56;2021-07-18;256;478;475017;361372;62.9;47.8
56;2021-07-19;2865;6357;477882;367729;63.2;48.7
56;2021-07-20;3723;7916;481605;375645;63.7;49.7
56;2021-07-21;3094;7520;484699;383165;64.2;50.7
56;2021-07-22;4390;8029;489089;391194;64.7;51.8
56;2021-07-23;4382;8407;493471;399601;65.3;52.9
56;2021-07-24;1686;4600;495157;404201;65.5;53.5
56;2021-07-25;550;1919;495707;406120;65.6;53.8
56;2021-07-26;3671;5464;499378;411584;66.1;54.5
56;2021-07-27;5369;6200;504747;417784;66.8;55.3
56;2021-07-28;4686;5462;509433;423246;67.4;56.0
56;2021-07-29;5377;5632;514810;428878;68.1;56.8
56;2021-07-30;5376;5854;520186;434732;68.8;57.5
56;2021-07-31;2150;2695;522336;437427;69.1;57.9
56;2021-08-01;1201;977;523537;438404;69.3;58.0
56;2021-08-02;4505;4602;528042;443006;69.9;58.6
56;2021-08-03;6368;4957;534410;447963;70.7;59.3
56;2021-08-04;5940;4355;540350;452318;71.5;59.9
56;2021-08-05;6078;4605;546428;456923;72.3;60.5
56;2021-08-06;5773;4913;552201;461836;73.1;61.1
56;2021-08-07;2839;2228;555040;464064;73.5;61.4
56;2021-08-08;1814;561;556854;464625;73.7;61.5
56;2021-08-09;3898;4265;560752;468890;74.2;62.1
56;2021-08-10;4919;4609;565671;473499;74.9;62.7
56;2021-08-11;4542;4139;570213;477638;75.5;63.2
56;2021-08-12;4463;4537;574676;482175;76.1;63.8
56;2021-08-13;4195;4808;578871;486983;76.6;64.5
56;2021-08-14;1771;2136;580642;489119;76.8;64.7
56;2021-08-15;349;485;580991;489604;76.9;64.8
56;2021-08-16;3049;4517;584040;494121;77.3;65.4
56;2021-08-17;3741;5050;587781;499171;77.8;66.1
56;2021-08-18;3724;4601;591505;503772;78.3;66.7
56;2021-08-19;3052;4987;594557;508759;78.7;67.3
56;2021-08-20;2889;5260;597446;514019;79.1;68.0
56;2021-08-21;1150;2397;598596;516416;79.2;68.3
56;2021-08-22;129;503;598725;516919;79.2;68.4
56;2021-08-23;1920;4961;600645;521880;79.5;69.1
56;2021-08-24;1922;5515;602567;527395;79.8;69.8
56;2021-08-25;1699;5057;604266;532452;80.0;70.5
56;2021-08-26;1379;5317;605645;537769;80.2;71.2
57;2020-12-27;2;0;2;0;0.0;0.0
57;2020-12-28;0;0;2;0;0.0;0.0
57;2020-12-29;1;0;3;0;0.0;0.0
57;2020-12-30;1;0;4;0;0.0;0.0
57;2020-12-31;0;0;4;0;0.0;0.0
57;2021-01-01;0;0;4;0;0.0;0.0
57;2021-01-02;3;0;7;0;0.0;0.0
57;2021-01-03;0;0;7;0;0.0;0.0
57;2021-01-04;16;0;23;0;0.0;0.0
57;2021-01-05;199;0;222;0;0.0;0.0
57;2021-01-06;226;1;448;1;0.0;0.0
57;2021-01-07;584;2;1032;3;0.1;0.0
57;2021-01-08;509;2;1541;5;0.1;0.0
57;2021-01-09;202;0;1743;5;0.2;0.0
57;2021-01-10;108;1;1851;6;0.2;0.0
57;2021-01-11;470;1;2321;7;0.2;0.0
57;2021-01-12;613;6;2934;13;0.3;0.0
57;2021-01-13;695;2;3629;15;0.4;0.0
57;2021-01-14;707;6;4336;21;0.4;0.0
57;2021-01-15;636;5;4972;26;0.5;0.0
57;2021-01-16;452;1;5424;27;0.5;0.0
57;2021-01-17;493;1;5917;28;0.6;0.0
57;2021-01-18;2714;20;8631;48;0.8;0.0
57;2021-01-19;2568;19;11199;67;1.1;0.0
57;2021-01-20;2763;20;13962;87;1.3;0.0
57;2021-01-21;1794;5;15756;92;1.5;0.0
57;2021-01-22;1324;8;17080;100;1.6;0.0
57;2021-01-23;543;16;17623;116;1.7;0.0
57;2021-01-24;1;0;17624;116;1.7;0.0
57;2021-01-25;870;186;18494;302;1.8;0.0
57;2021-01-26;1112;213;19606;515;1.9;0.0
57;2021-01-27;1070;183;20676;698;2.0;0.1
57;2021-01-28;1040;297;21716;995;2.1;0.1
57;2021-01-29;982;396;22698;1391;2.2;0.1
57;2021-01-30;440;92;23138;1483;2.2;0.1
57;2021-01-31;11;27;23149;1510;2.2;0.1
57;2021-02-01;826;350;23975;1860;2.3;0.2
57;2021-02-02;989;363;24964;2223;2.4;0.2
57;2021-02-03;986;318;25950;2541;2.5;0.2
57;2021-02-04;1138;806;27088;3347;2.6;0.3
57;2021-02-05;930;356;28018;3703;2.7;0.4
57;2021-02-06;481;348;28499;4051;2.8;0.4
57;2021-02-07;103;335;28602;4386;2.8;0.4
57;2021-02-08;1258;1557;29860;5943;2.9;0.6
57;2021-02-09;1762;1677;31622;7620;3.1;0.7
57;2021-02-10;1712;2074;33334;9694;3.2;0.9
57;2021-02-11;1486;1327;34820;11021;3.4;1.1
57;2021-02-12;1227;677;36047;11698;3.5;1.1
57;2021-02-13;1152;178;37199;11876;3.6;1.1
57;2021-02-14;1210;28;38409;11904;3.7;1.1
57;2021-02-15;766;859;39175;12763;3.8;1.2
57;2021-02-16;1073;797;40248;13560;3.9;1.3
57;2021-02-17;1009;958;41257;14518;4.0;1.4
57;2021-02-18;974;1158;42231;15676;4.1;1.5
57;2021-02-19;956;937;43187;16613;4.2;1.6
57;2021-02-20;1173;618;44360;17231;4.3;1.7
57;2021-02-21;323;13;44683;17244;4.3;1.7
57;2021-02-22;1230;912;45913;18156;4.4;1.8
57;2021-02-23;2235;1085;48148;19241;4.6;1.9
57;2021-02-24;2286;1003;50434;20244;4.9;2.0
57;2021-02-25;3298;1118;53732;21362;5.2;2.1
57;2021-02-26;3590;959;57322;22321;5.5;2.2
57;2021-02-27;3689;538;61011;22859;5.9;2.2
57;2021-02-28;1896;60;62907;22919;6.1;2.2
57;2021-03-01;2050;1343;64957;24262;6.3;2.3
57;2021-03-02;2858;1608;67815;25870;6.5;2.5
57;2021-03-03;2805;1617;70620;27487;6.8;2.7
57;2021-03-04;3274;1306;73894;28793;7.1;2.8
57;2021-03-05;4456;1250;78350;30043;7.6;2.9
57;2021-03-06;7245;797;85595;30840;8.3;3.0
57;2021-03-07;6071;278;91666;31118;8.8;3.0
57;2021-03-08;2298;1012;93964;32130;9.1;3.1
57;2021-03-09;3386;1307;97350;33437;9.4;3.2
57;2021-03-10;3581;975;100931;34412;9.7;3.3
57;2021-03-11;4036;1256;104967;35668;10.1;3.4
57;2021-03-12;5106;1217;110073;36885;10.6;3.6
57;2021-03-13;6284;989;116357;37874;11.2;3.7
57;2021-03-14;2425;428;118782;38302;11.5;3.7
57;2021-03-15;2962;881;121744;39183;11.8;3.8
57;2021-03-16;3061;1282;124805;40465;12.0;3.9
57;2021-03-17;3051;1143;127856;41608;12.3;4.0
57;2021-03-18;3401;1079;131257;42687;12.7;4.1
57;2021-03-19;4626;1043;135883;43730;13.1;4.2
57;2021-03-20;4700;1032;140583;44762;13.6;4.3
57;2021-03-21;1895;256;142478;45018;13.8;4.3
57;2021-03-22;2480;1475;144958;46493;14.0;4.5
57;2021-03-23;3442;2341;148400;48834;14.3;4.7
57;2021-03-24;3896;2152;152296;50986;14.7;4.9
57;2021-03-25;4739;2596;157035;53582;15.2;5.2
57;2021-03-26;4842;2260;161877;55842;15.6;5.4
57;2021-03-27;3710;3156;165587;58998;16.0;5.7
57;2021-03-28;1401;1849;166988;60847;16.1;5.9
57;2021-03-29;1935;2174;168923;63021;16.3;6.1
57;2021-03-30;3300;2488;172223;65509;16.6;6.3
57;2021-03-31;2823;2305;175046;67814;16.9;6.5
57;2021-04-01;3223;3169;178269;70983;17.2;6.9
57;2021-04-02;2391;2579;180660;73562;17.4;7.1
57;2021-04-03;2567;2666;183227;76228;17.7;7.4
57;2021-04-04;593;969;183820;77197;17.7;7.5
57;2021-04-05;1922;669;185742;77866;17.9;7.5
57;2021-04-06;2452;2830;188194;80696;18.2;7.8
57;2021-04-07;3810;3095;192004;83791;18.5;8.1
57;2021-04-08;5612;2909;197616;86700;19.1;8.4
57;2021-04-09;5012;2731;202628;89431;19.6;8.6
57;2021-04-10;2352;3641;204980;93072;19.8;9.0
57;2021-04-11;1099;1891;206079;94963;19.9;9.2
57;2021-04-12;1793;2753;207872;97716;20.1;9.4
57;2021-04-13;1976;3030;209848;100746;20.3;9.7
57;2021-04-14;1919;2994;211767;103740;20.4;10.0
57;2021-04-15;2367;3431;214134;107171;20.7;10.3
57;2021-04-16;2701;3293;216835;110464;20.9;10.7
57;2021-04-17;2473;3182;219308;113646;21.2;11.0
57;2021-04-18;1244;1775;220552;115421;21.3;11.1
57;2021-04-19;2141;2260;222693;117681;21.5;11.4
57;2021-04-20;2514;2784;225207;120465;21.7;11.6
57;2021-04-21;2569;2379;227776;122844;22.0;11.9
57;2021-04-22;3207;2252;230983;125096;22.3;12.1
57;2021-04-23;4055;2578;235038;127674;22.7;12.3
57;2021-04-24;3394;2562;238432;130236;23.0;12.6
57;2021-04-25;757;1127;239189;131363;23.1;12.7
57;2021-04-26;2971;1997;242160;133360;23.4;12.9
57;2021-04-27;3899;2376;246059;135736;23.8;13.1
57;2021-04-28;4212;2592;250271;138328;24.2;13.4
57;2021-04-29;5259;3454;255530;141782;24.7;13.7
57;2021-04-30;4730;3551;260260;145333;25.1;14.0
57;2021-05-01;2352;1685;262612;147018;25.4;14.2
57;2021-05-02;790;913;263402;147931;25.4;14.3
57;2021-05-03;3565;2995;266967;150926;25.8;14.6
57;2021-05-04;4871;3167;271838;154093;26.2;14.9
57;2021-05-05;6123;3173;277961;157266;26.8;15.2
57;2021-05-06;5991;3284;283952;160550;27.4;15.5
57;2021-05-07;6852;3445;290804;163995;28.1;15.8
57;2021-05-08;4052;1607;294856;165602;28.5;16.0
57;2021-05-09;2048;1114;296904;166716;28.7;16.1
57;2021-05-10;5129;3070;302033;169786;29.2;16.4
57;2021-05-11;7449;2852;309482;172638;29.9;16.7
57;2021-05-12;7848;3247;317330;175885;30.6;17.0
57;2021-05-13;4511;914;321841;176799;31.1;17.1
57;2021-05-14;7838;2633;329679;179432;31.8;17.3
57;2021-05-15;5965;2055;335644;181487;32.4;17.5
57;2021-05-16;3309;577;338953;182064;32.7;17.6
57;2021-05-17;3866;2067;342819;184131;33.1;17.8
57;2021-05-18;6292;2104;349111;186235;33.7;18.0
57;2021-05-19;7020;2329;356131;188564;34.4;18.2
57;2021-05-20;6050;2183;362181;190747;35.0;18.4
57;2021-05-21;7564;2920;369745;193667;35.7;18.7
57;2021-05-22;4894;2169;374639;195836;36.2;18.9
57;2021-05-23;1964;431;376603;196267;36.4;18.9
57;2021-05-24;3032;1066;379635;197333;36.6;19.1
57;2021-05-25;5577;2803;385212;200136;37.2;19.3
57;2021-05-26;6377;3182;391589;203318;37.8;19.6
57;2021-05-27;5794;3123;397383;206441;38.4;19.9
57;2021-05-28;7025;4749;404408;211190;39.0;20.4
57;2021-05-29;5224;4251;409632;215441;39.5;20.8
57;2021-05-30;1967;1742;411599;217183;39.7;21.0
57;2021-05-31;4319;3340;415918;220523;40.2;21.3
57;2021-06-01;5935;3714;421853;224237;40.7;21.6
57;2021-06-02;6339;3908;428192;228145;41.3;22.0
57;2021-06-03;6213;3701;434405;231846;41.9;22.4
57;2021-06-04;7569;4990;441974;236836;42.7;22.9
57;2021-06-05;4769;4032;446743;240868;43.1;23.3
57;2021-06-06;1993;890;448736;241758;43.3;23.3
57;2021-06-07;4324;4037;453060;245795;43.7;23.7
57;2021-06-08;6716;4317;459776;250112;44.4;24.1
57;2021-06-09;6883;4157;466659;254269;45.1;24.5
57;2021-06-10;6220;4591;472879;258860;45.7;25.0
57;2021-06-11;5367;5366;478246;264226;46.2;25.5
57;2021-06-12;5743;4453;483989;268679;46.7;25.9
57;2021-06-13;1500;1141;485489;269820;46.9;26.0
57;2021-06-14;3382;4706;488871;274526;47.2;26.5
57;2021-06-15;3815;6020;492686;280546;47.6;27.1
57;2021-06-16;4402;6596;497088;287142;48.0;27.7
57;2021-06-17;4198;6072;501286;293214;48.4;28.3
57;2021-06-18;4275;7305;505561;300519;48.8;29.0
57;2021-06-19;4156;6292;509717;306811;49.2;29.6
57;2021-06-20;987;1667;510704;308478;49.3;29.8
57;2021-06-21;2067;5969;512771;314447;49.5;30.4
57;2021-06-22;2639;7985;515410;322432;49.8;31.1
57;2021-06-23;3075;8389;518485;330821;50.1;31.9
57;2021-06-24;2456;5293;520941;336114;50.3;32.4
57;2021-06-25;2856;7829;523797;343943;50.6;33.2
57;2021-06-26;2870;7259;526667;351202;50.8;33.9
57;2021-06-27;754;2987;527421;354189;50.9;34.2
57;2021-06-28;1591;5078;529012;359267;51.1;34.7
57;2021-06-29;2084;6831;531096;366098;51.3;35.3
57;2021-06-30;3067;7323;534163;373421;51.6;36.0
57;2021-07-01;2695;5959;536858;379380;51.8;36.6
57;2021-07-02;2691;8079;539549;387459;52.1;37.4
57;2021-07-03;3238;6526;542787;393985;52.4;38.0
57;2021-07-04;946;2468;543733;396453;52.5;38.3
57;2021-07-05;1708;4608;545441;401061;52.7;38.7
57;2021-07-06;2424;6481;547865;407542;52.9;39.3
57;2021-07-07;2727;7089;550592;414631;53.2;40.0
57;2021-07-08;2494;5878;553086;420509;53.4;40.6
57;2021-07-09;3426;8416;556512;428925;53.7;41.4
57;2021-07-10;3094;6937;559606;435862;54.0;42.1
57;2021-07-11;855;2232;560461;438094;54.1;42.3
57;2021-07-12;2434;6435;562895;444529;54.3;42.9
57;2021-07-13;4411;7503;567306;452032;54.8;43.6
57;2021-07-14;2824;3840;570130;455872;55.0;44.0
57;2021-07-15;3954;7785;574084;463657;55.4;44.8
57;2021-07-16;5641;9831;579725;473488;56.0;45.7
57;2021-07-17;5823;7288;585548;480776;56.5;46.4
57;2021-07-18;1491;2660;587039;483436;56.7;46.7
57;2021-07-19;2366;6207;589405;489643;56.9;47.3
57;2021-07-20;4325;6913;593730;496556;57.3;47.9
57;2021-07-21;5296;6901;599026;503457;57.8;48.6
57;2021-07-22;5952;5959;604978;509416;58.4;49.2
57;2021-07-23;7020;6394;611998;515810;59.1;49.8
57;2021-07-24;4531;7037;616529;522847;59.5;50.5
57;2021-07-25;1336;1769;617865;524616;59.6;50.6
57;2021-07-26;3719;4496;621584;529112;60.0;51.1
57;2021-07-27;6861;4931;628445;534043;60.7;51.6
57;2021-07-28;7475;4558;635920;538601;61.4;52.0
57;2021-07-29;7610;4583;643530;543184;62.1;52.4
57;2021-07-30;6861;4891;650391;548075;62.8;52.9
57;2021-07-31;5706;5017;656097;553092;63.3;53.4
57;2021-08-01;2023;1114;658120;554206;63.5;53.5
57;2021-08-02;3513;3184;661633;557390;63.9;53.8
57;2021-08-03;5487;4277;667120;561667;64.4;54.2
57;2021-08-04;5214;3466;672334;565133;64.9;54.6
57;2021-08-05;5363;3769;677697;568902;65.4;54.9
57;2021-08-06;5584;4845;683281;573747;66.0;55.4
57;2021-08-07;4540;5147;687821;578894;66.4;55.9
57;2021-08-08;1468;1501;689289;580395;66.5;56.0
57;2021-08-09;2605;3167;691894;583562;66.8;56.3
57;2021-08-10;3490;3785;695384;587347;67.1;56.7
57;2021-08-11;3690;4021;699074;591368;67.5;57.1
57;2021-08-12;3132;5215;702206;596583;67.8;57.6
57;2021-08-13;3453;4722;705659;601305;68.1;58.0
57;2021-08-14;2148;5183;707807;606488;68.3;58.5
57;2021-08-15;528;1091;708335;607579;68.4;58.7
57;2021-08-16;1777;3561;710112;611140;68.6;59.0
57;2021-08-17;2361;5354;712473;616494;68.8;59.5
57;2021-08-18;2434;5371;714907;621865;69.0;60.0
57;2021-08-19;2201;5481;717108;627346;69.2;60.6
57;2021-08-20;2042;6014;719150;633360;69.4;61.1
57;2021-08-21;1861;5378;721011;638738;69.6;61.7
57;2021-08-22;453;1527;721464;640265;69.6;61.8
57;2021-08-23;1140;3710;722604;643975;69.8;62.2
57;2021-08-24;1802;5605;724406;649580;69.9;62.7
57;2021-08-25;1599;5307;726005;654887;70.1;63.2
57;2021-08-26;1546;4655;727551;659542;70.2;63.7
58;2020-12-27;0;0;0;0;0.0;0.0
58;2020-12-28;0;0;0;0;0.0;0.0
58;2020-12-29;1;0;1;0;0.0;0.0
58;2020-12-30;0;0;1;0;0.0;0.0
58;2020-12-31;0;0;1;0;0.0;0.0
58;2021-01-01;0;0;1;0;0.0;0.0
58;2021-01-02;0;0;1;0;0.0;0.0
58;2021-01-03;1;0;2;0;0.0;0.0
58;2021-01-04;0;0;2;0;0.0;0.0
58;2021-01-05;2;0;4;0;0.0;0.0
58;2021-01-06;145;0;149;0;0.1;0.0
58;2021-01-07;241;0;390;0;0.2;0.0
58;2021-01-08;63;0;453;0;0.2;0.0
58;2021-01-09;1;0;454;0;0.2;0.0
58;2021-01-10;0;0;454;0;0.2;0.0
58;2021-01-11;54;0;508;0;0.3;0.0
58;2021-01-12;258;0;766;0;0.4;0.0
58;2021-01-13;406;0;1172;0;0.6;0.0
58;2021-01-14;291;1;1463;1;0.7;0.0
58;2021-01-15;141;0;1604;1;0.8;0.0
58;2021-01-16;10;1;1614;2;0.8;0.0
58;2021-01-17;0;0;1614;2;0.8;0.0
58;2021-01-18;413;1;2027;3;1.0;0.0
58;2021-01-19;986;2;3013;5;1.5;0.0
58;2021-01-20;1206;2;4219;7;2.1;0.0
58;2021-01-21;962;4;5181;11;2.6;0.0
58;2021-01-22;779;3;5960;14;3.0;0.0
58;2021-01-23;251;0;6211;14;3.1;0.0
58;2021-01-24;2;0;6213;14;3.1;0.0
58;2021-01-25;439;0;6652;14;3.3;0.0
58;2021-01-26;650;4;7302;18;3.7;0.0
58;2021-01-27;604;44;7906;62;4.0;0.0
58;2021-01-28;756;66;8662;128;4.3;0.1
58;2021-01-29;837;7;9499;135;4.8;0.1
58;2021-01-30;281;0;9780;135;4.9;0.1
58;2021-01-31;10;0;9790;135;4.9;0.1
58;2021-02-01;200;71;9990;206;5.0;0.1
58;2021-02-02;566;82;10556;288;5.3;0.1
58;2021-02-03;279;147;10835;435;5.4;0.2
58;2021-02-04;285;93;11120;528;5.6;0.3
58;2021-02-05;184;93;11304;621;5.7;0.3
58;2021-02-06;89;0;11393;621;5.7;0.3
58;2021-02-07;0;0;11393;621;5.7;0.3
58;2021-02-08;306;72;11699;693;5.9;0.3
58;2021-02-09;503;313;12202;1006;6.1;0.5
58;2021-02-10;349;379;12551;1385;6.3;0.7
58;2021-02-11;287;380;12838;1765;6.4;0.9
58;2021-02-12;243;202;13081;1967;6.6;1.0
58;2021-02-13;83;29;13164;1996;6.6;1.0
58;2021-02-14;0;3;13164;1999;6.6;1.0
58;2021-02-15;114;526;13278;2525;6.7;1.3
58;2021-02-16;209;938;13487;3463;6.8;1.7
58;2021-02-17;221;763;13708;4226;6.9;2.1
58;2021-02-18;187;790;13895;5016;7.0;2.5
58;2021-02-19;241;723;14136;5739;7.1;2.9
58;2021-02-20;62;228;14198;5967;7.1;3.0
58;2021-02-21;0;30;14198;5997;7.1;3.0
58;2021-02-22;78;404;14276;6401;7.2;3.2
58;2021-02-23;49;618;14325;7019;7.2;3.5
58;2021-02-24;39;629;14364;7648;7.2;3.8
58;2021-02-25;252;702;14616;8350;7.3;4.2
58;2021-02-26;246;622;14862;8972;7.4;4.5
58;2021-02-27;104;189;14966;9161;7.5;4.6
58;2021-02-28;11;8;14977;9169;7.5;4.6
58;2021-03-01;145;246;15122;9415;7.6;4.7
58;2021-03-02;416;641;15538;10056;7.8;5.0
58;2021-03-03;523;293;16061;10349;8.0;5.2
58;2021-03-04;725;277;16786;10626;8.4;5.3
58;2021-03-05;867;206;17653;10832;8.8;5.4
58;2021-03-06;574;87;18227;10919;9.1;5.5
58;2021-03-07;63;12;18290;10931;9.2;5.5
58;2021-03-08;154;299;18444;11230;9.2;5.6
58;2021-03-09;544;548;18988;11778;9.5;5.9
58;2021-03-10;838;242;19826;12020;9.9;6.0
58;2021-03-11;857;274;20683;12294;10.4;6.2
58;2021-03-12;862;200;21545;12494;10.8;6.3
58;2021-03-13;506;66;22051;12560;11.0;6.3
58;2021-03-14;34;0;22085;12560;11.1;6.3
58;2021-03-15;528;109;22613;12669;11.3;6.3
58;2021-03-16;726;223;23339;12892;11.7;6.5
58;2021-03-17;756;195;24095;13087;12.1;6.6
58;2021-03-18;583;179;24678;13266;12.4;6.6
58;2021-03-19;537;104;25215;13370;12.6;6.7
58;2021-03-20;322;64;25537;13434;12.8;6.7
58;2021-03-21;17;0;25554;13434;12.8;6.7
58;2021-03-22;794;25;26348;13459;13.2;6.7
58;2021-03-23;1636;44;27984;13503;14.0;6.8
58;2021-03-24;1366;74;29350;13577;14.7;6.8
58;2021-03-25;1840;44;31190;13621;15.6;6.8
58;2021-03-26;1414;54;32604;13675;16.3;6.9
58;2021-03-27;358;7;32962;13682;16.5;6.9
58;2021-03-28;20;0;32982;13682;16.5;6.9
58;2021-03-29;639;156;33621;13838;16.8;6.9
58;2021-03-30;1186;255;34807;14093;17.4;7.1
58;2021-03-31;1116;395;35923;14488;18.0;7.3
58;2021-04-01;1547;403;37470;14891;18.8;7.5
58;2021-04-02;1464;368;38934;15259;19.5;7.6
58;2021-04-03;567;150;39501;15409;19.8;7.7
58;2021-04-04;1;1;39502;15410;19.8;7.7
58;2021-04-05;47;0;39549;15410;19.8;7.7
58;2021-04-06;822;344;40371;15754;20.2;7.9
58;2021-04-07;695;552;41066;16306;20.6;8.2
58;2021-04-08;1493;427;42559;16733;21.3;8.4
58;2021-04-09;1774;484;44333;17217;22.2;8.6
58;2021-04-10;652;200;44985;17417;22.5;8.7
58;2021-04-11;17;3;45002;17420;22.5;8.7
58;2021-04-12;1117;502;46119;17922;23.1;9.0
58;2021-04-13;1436;628;47555;18550;23.8;9.3
58;2021-04-14;1339;678;48894;19228;24.5;9.6
58;2021-04-15;1434;602;50328;19830;25.2;9.9
58;2021-04-16;1734;513;52062;20343;26.1;10.2
58;2021-04-17;721;232;52783;20575;26.4;10.3
58;2021-04-18;20;7;52803;20582;26.5;10.3
58;2021-04-19;532;605;53335;21187;26.7;10.6
58;2021-04-20;486;1120;53821;22307;27.0;11.2
58;2021-04-21;626;967;54447;23274;27.3;11.7
58;2021-04-22;767;1524;55214;24798;27.7;12.4
58;2021-04-23;919;785;56133;25583;28.1;12.8
58;2021-04-24;211;205;56344;25788;28.2;12.9
58;2021-04-25;109;9;56453;25797;28.3;12.9
58;2021-04-26;762;247;57215;26044;28.7;13.0
58;2021-04-27;1499;1113;58714;27157;29.4;13.6
58;2021-04-28;1536;1053;60250;28210;30.2;14.1
58;2021-04-29;1442;1045;61692;29255;30.9;14.7
58;2021-04-30;1257;940;62949;30195;31.5;15.1
58;2021-05-01;6;17;62955;30212;31.5;15.1
58;2021-05-02;4;2;62959;30214;31.5;15.1
58;2021-05-03;1043;405;64002;30619;32.1;15.3
58;2021-05-04;1075;1348;65077;31967;32.6;16.0
58;2021-05-05;952;1091;66029;33058;33.1;16.6
58;2021-05-06;1363;1060;67392;34118;33.8;17.1
58;2021-05-07;1110;1091;68502;35209;34.3;17.6
58;2021-05-08;59;60;68561;35269;34.3;17.7
58;2021-05-09;7;21;68568;35290;34.4;17.7
58;2021-05-10;875;993;69443;36283;34.8;18.2
58;2021-05-11;1186;1983;70629;38266;35.4;19.2
58;2021-05-12;1662;1557;72291;39823;36.2;20.0
58;2021-05-13;49;183;72340;40006;36.2;20.0
58;2021-05-14;2311;909;74651;40915;37.4;20.5
58;2021-05-15;1725;457;76376;41372;38.3;20.7
58;2021-05-16;118;33;76494;41405;38.3;20.7
58;2021-05-17;792;610;77286;42015;38.7;21.1
58;2021-05-18;1332;1182;78618;43197;39.4;21.6
58;2021-05-19;1737;549;80355;43746;40.3;21.9
58;2021-05-20;1701;671;82056;44417;41.1;22.3
58;2021-05-21;854;728;82910;45145;41.5;22.6
58;2021-05-22;304;240;83214;45385;41.7;22.7
58;2021-05-23;2;21;83216;45406;41.7;22.7
58;2021-05-24;21;42;83237;45448;41.7;22.8
58;2021-05-25;1388;1153;84625;46601;42.4;23.3
58;2021-05-26;845;841;85470;47442;42.8;23.8
58;2021-05-27;753;944;86223;48386;43.2;24.2
58;2021-05-28;430;910;86653;49296;43.4;24.7
58;2021-05-29;151;212;86804;49508;43.5;24.8
58;2021-05-30;21;19;86825;49527;43.5;24.8
58;2021-05-31;757;399;87582;49926;43.9;25.0
58;2021-06-01;1373;1658;88955;51584;44.6;25.8
58;2021-06-02;1465;1047;90420;52631;45.3;26.4
58;2021-06-03;1026;960;91446;53591;45.8;26.8
58;2021-06-04;843;915;92289;54506;46.2;27.3
58;2021-06-05;272;263;92561;54769;46.4;27.4
58;2021-06-06;24;49;92585;54818;46.4;27.5
58;2021-06-07;712;793;93297;55611;46.7;27.9
58;2021-06-08;1324;1758;94621;57369;47.4;28.7
58;2021-06-09;1419;1008;96040;58377;48.1;29.2
58;2021-06-10;1108;981;97148;59358;48.7;29.7
58;2021-06-11;1031;906;98179;60264;49.2;30.2
58;2021-06-12;1055;415;99234;60679;49.7;30.4
58;2021-06-13;36;33;99270;60712;49.7;30.4
58;2021-06-14;516;1016;99786;61728;50.0;30.9
58;2021-06-15;1595;1757;101381;63485;50.8;31.8
58;2021-06-16;1806;994;103187;64479;51.7;32.3
58;2021-06-17;2024;1112;105211;65591;52.7;32.9
58;2021-06-18;987;1063;106198;66654;53.2;33.4
58;2021-06-19;581;319;106779;66973;53.5;33.6
58;2021-06-20;9;2;106788;66975;53.5;33.6
58;2021-06-21;472;552;107260;67527;53.7;33.8
58;2021-06-22;1028;1967;108288;69494;54.3;34.8
58;2021-06-23;1479;1512;109767;71006;55.0;35.6
58;2021-06-24;728;1025;110495;72031;55.4;36.1
58;2021-06-25;825;1718;111320;73749;55.8;36.9
58;2021-06-26;554;1229;111874;74978;56.1;37.6
58;2021-06-27;18;26;111892;75004;56.1;37.6
58;2021-06-28;463;987;112355;75991;56.3;38.1
58;2021-06-29;623;2160;112978;78151;56.6;39.2
58;2021-06-30;998;1625;113976;79776;57.1;40.0
58;2021-07-01;760;1674;114736;81450;57.5;40.8
58;2021-07-02;444;851;115180;82301;57.7;41.2
58;2021-07-03;249;512;115429;82813;57.8;41.5
58;2021-07-04;12;30;115441;82843;57.8;41.5
58;2021-07-05;511;770;115952;83613;58.1;41.9
58;2021-07-06;695;2121;116647;85734;58.4;43.0
58;2021-07-07;389;954;117036;86688;58.6;43.4
58;2021-07-08;399;1020;117435;87708;58.8;43.9
58;2021-07-09;709;1418;118144;89126;59.2;44.7
58;2021-07-10;260;412;118404;89538;59.3;44.9
58;2021-07-11;175;55;118579;89593;59.4;44.9
58;2021-07-12;197;968;118776;90561;59.5;45.4
58;2021-07-13;932;2501;119708;93062;60.0;46.6
58;2021-07-14;27;62;119735;93124;60.0;46.7
58;2021-07-15;1136;1939;120871;95063;60.6;47.6
58;2021-07-16;1411;1447;122282;96510;61.3;48.4
58;2021-07-17;463;288;122745;96798;61.5;48.5
58;2021-07-18;102;21;122847;96819;61.5;48.5
58;2021-07-19;1650;989;124497;97808;62.4;49.0
58;2021-07-20;1406;2455;125903;100263;63.1;50.2
58;2021-07-21;1177;2009;127080;102272;63.7;51.2
58;2021-07-22;1142;1667;128222;103939;64.2;52.1
58;2021-07-23;1260;1444;129482;105383;64.9;52.8
58;2021-07-24;1000;1273;130482;106656;65.4;53.4
58;2021-07-25;89;39;130571;106695;65.4;53.5
58;2021-07-26;981;862;131552;107557;65.9;53.9
58;2021-07-27;1566;2578;133118;110135;66.7;55.2
58;2021-07-28;1573;1973;134691;112108;67.5;56.2
58;2021-07-29;1578;1623;136269;113731;68.3;57.0
58;2021-07-30;1464;1427;137733;115158;69.0;57.7
58;2021-07-31;564;526;138297;115684;69.3;58.0
58;2021-08-01;34;13;138331;115697;69.3;58.0
58;2021-08-02;1587;862;139918;116559;70.1;58.4
58;2021-08-03;2046;1785;141964;118344;71.1;59.3
58;2021-08-04;1307;1183;143271;119527;71.8;59.9
58;2021-08-05;1622;1181;144893;120708;72.6;60.5
58;2021-08-06;1355;1030;146248;121738;73.3;61.0
58;2021-08-07;312;401;146560;122139;73.4;61.2
58;2021-08-08;30;58;146590;122197;73.4;61.2
58;2021-08-09;1079;1388;147669;123585;74.0;61.9
58;2021-08-10;1778;1389;149447;124974;74.9;62.6
58;2021-08-11;1127;783;150574;125757;75.4;63.0
58;2021-08-12;1062;1112;151636;126869;76.0;63.6
58;2021-08-13;923;953;152559;127822;76.4;64.0
58;2021-08-14;231;315;152790;128137;76.5;64.2
58;2021-08-15;13;27;152803;128164;76.6;64.2
58;2021-08-16;308;1403;153111;129567;76.7;64.9
58;2021-08-17;796;1335;153907;130902;77.1;65.6
58;2021-08-18;763;1173;154670;132075;77.5;66.2
58;2021-08-19;721;1342;155391;133417;77.9;66.8
58;2021-08-20;703;1295;156094;134712;78.2;67.5
58;2021-08-21;248;476;156342;135188;78.3;67.7
58;2021-08-22;9;86;156351;135274;78.3;67.8
58;2021-08-23;416;815;156767;136089;78.5;68.2
58;2021-08-24;510;1477;157277;137566;78.8;68.9
58;2021-08-25;427;1542;157704;139108;79.0;69.7
58;2021-08-26;550;1731;158254;140839;79.3;70.6
59;2020-12-27;1;0;1;0;0.0;0.0
59;2020-12-28;27;0;28;0;0.0;0.0
59;2020-12-29;0;0;28;0;0.0;0.0
59;2020-12-30;0;0;28;0;0.0;0.0
59;2020-12-31;1;0;29;0;0.0;0.0
59;2021-01-01;3;0;32;0;0.0;0.0
59;2021-01-02;1;0;33;0;0.0;0.0
59;2021-01-03;4;0;37;0;0.0;0.0
59;2021-01-04;79;0;116;0;0.0;0.0
59;2021-01-05;217;0;333;0;0.0;0.0
59;2021-01-06;430;2;763;2;0.0;0.0
59;2021-01-07;1314;0;2077;2;0.1;0.0
59;2021-01-08;1262;4;3339;6;0.1;0.0
59;2021-01-09;609;3;3948;9;0.2;0.0
59;2021-01-10;427;0;4375;9;0.2;0.0
59;2021-01-11;1846;5;6221;14;0.2;0.0
59;2021-01-12;2471;2;8692;16;0.3;0.0
59;2021-01-13;2367;3;11059;19;0.4;0.0
59;2021-01-14;2757;22;13816;41;0.5;0.0
59;2021-01-15;2274;16;16090;57;0.6;0.0
59;2021-01-16;770;1;16860;58;0.7;0.0
59;2021-01-17;560;1;17420;59;0.7;0.0
59;2021-01-18;3509;15;20929;74;0.8;0.0
59;2021-01-19;4754;10;25683;84;1.0;0.0
59;2021-01-20;4135;12;29818;96;1.2;0.0
59;2021-01-21;4730;40;34548;136;1.3;0.0
59;2021-01-22;4023;11;38571;147;1.5;0.0
59;2021-01-23;1214;3;39785;150;1.5;0.0
59;2021-01-24;168;0;39953;150;1.5;0.0
59;2021-01-25;2729;58;42682;208;1.6;0.0
59;2021-01-26;2805;137;45487;345;1.8;0.0
59;2021-01-27;1736;307;47223;652;1.8;0.0
59;2021-01-28;3399;765;50622;1417;2.0;0.1
59;2021-01-29;2541;796;53163;2213;2.1;0.1
59;2021-01-30;288;175;53451;2388;2.1;0.1
59;2021-01-31;24;0;53475;2388;2.1;0.1
59;2021-02-01;78;863;53553;3251;2.1;0.1
59;2021-02-02;685;1431;54238;4682;2.1;0.2
59;2021-02-03;3749;1441;57987;6123;2.2;0.2
59;2021-02-04;2964;1741;60951;7864;2.4;0.3
59;2021-02-05;1052;1407;62003;9271;2.4;0.4
59;2021-02-06;206;354;62209;9625;2.4;0.4
59;2021-02-07;268;49;62477;9674;2.4;0.4
59;2021-02-08;683;1615;63160;11289;2.4;0.4
59;2021-02-09;1011;1839;64171;13128;2.5;0.5
59;2021-02-10;975;1630;65146;14758;2.5;0.6
59;2021-02-11;1346;1813;66492;16571;2.6;0.6
59;2021-02-12;1413;1648;67905;18219;2.6;0.7
59;2021-02-13;207;743;68112;18962;2.6;0.7
59;2021-02-14;13;42;68125;19004;2.6;0.7
59;2021-02-15;1394;3106;69519;22110;2.7;0.9
59;2021-02-16;1436;3764;70955;25874;2.7;1.0
59;2021-02-17;1620;3818;72575;29692;2.8;1.1
59;2021-02-18;3105;5189;75680;34881;2.9;1.3
59;2021-02-19;3211;3620;78891;38501;3.0;1.5
59;2021-02-20;1414;1586;80305;40087;3.1;1.5
59;2021-02-21;242;263;80547;40350;3.1;1.6
59;2021-02-22;1431;2574;81978;42924;3.2;1.7
59;2021-02-23;2659;2866;84637;45790;3.3;1.8
59;2021-02-24;4107;4062;88744;49852;3.4;1.9
59;2021-02-25;6916;3728;95660;53580;3.7;2.1
59;2021-02-26;6494;1890;102154;55470;3.9;2.1
59;2021-02-27;3095;191;105249;55661;4.1;2.1
59;2021-02-28;208;60;105457;55721;4.1;2.2
59;2021-03-01;3693;669;109150;56390;4.2;2.2
59;2021-03-02;4794;574;113944;56964;4.4;2.2
59;2021-03-03;5747;1001;119691;57965;4.6;2.2
59;2021-03-04;7084;949;126775;58914;4.9;2.3
59;2021-03-05;7832;985;134607;59899;5.2;2.3
59;2021-03-06;11558;533;146165;60432;5.6;2.3
59;2021-03-07;7586;351;153751;60783;5.9;2.3
59;2021-03-08;4496;1098;158247;61881;6.1;2.4
59;2021-03-09;6584;1424;164831;63305;6.4;2.4
59;2021-03-10;7025;1199;171856;64504;6.6;2.5
59;2021-03-11;9472;1881;181328;66385;7.0;2.6
59;2021-03-12;12152;1554;193480;67939;7.5;2.6
59;2021-03-13;16554;1097;210034;69036;8.1;2.7
59;2021-03-14;6961;325;216995;69361;8.4;2.7
59;2021-03-15;5616;1508;222611;70869;8.6;2.7
59;2021-03-16;3739;1329;226350;72198;8.7;2.8
59;2021-03-17;3855;2099;230205;74297;8.9;2.9
59;2021-03-18;3957;2498;234162;76795;9.0;3.0
59;2021-03-19;7742;1835;241904;78630;9.3;3.0
59;2021-03-20;16024;1275;257928;79905;10.0;3.1
59;2021-03-21;6315;445;264243;80350;10.2;3.1
59;2021-03-22;5447;1771;269690;82121;10.4;3.2
59;2021-03-23;7767;2818;277457;84939;10.7;3.3
59;2021-03-24;6860;2970;284317;87909;11.0;3.4
59;2021-03-25;10532;2558;294849;90467;11.4;3.5
59;2021-03-26;12250;2842;307099;93309;11.9;3.6
59;2021-03-27;15277;1142;322376;94451;12.5;3.6
59;2021-03-28;7983;357;330359;94808;12.8;3.7
59;2021-03-29;5495;3202;335854;98010;13.0;3.8
59;2021-03-30;7540;3753;343394;101763;13.3;3.9
59;2021-03-31;6153;4104;349547;105867;13.5;4.1
59;2021-04-01;7488;4921;357035;110788;13.8;4.3
59;2021-04-02;7648;5524;364683;116312;14.1;4.5
59;2021-04-03;13018;4302;377701;120614;14.6;4.7
59;2021-04-04;5347;2184;383048;122798;14.8;4.7
59;2021-04-05;6013;1536;389061;124334;15.0;4.8
59;2021-04-06;5403;4493;394464;128827;15.2;5.0
59;2021-04-07;7625;5441;402089;134268;15.5;5.2
59;2021-04-08;10391;5766;412480;140034;15.9;5.4
59;2021-04-09;13420;5933;425900;145967;16.5;5.6
59;2021-04-10;11478;6142;437378;152109;16.9;5.9
59;2021-04-11;4635;3564;442013;155673;17.1;6.0
59;2021-04-12;6305;4349;448318;160022;17.3;6.2
59;2021-04-13;8935;4793;457253;164815;17.7;6.4
59;2021-04-14;8787;4345;466040;169160;18.0;6.5
59;2021-04-15;10310;4849;476350;174009;18.4;6.7
59;2021-04-16;10882;5504;487232;179513;18.8;6.9
59;2021-04-17;7299;9083;494531;188596;19.1;7.3
59;2021-04-18;3231;4169;497762;192765;19.2;7.4
59;2021-04-19;5045;4300;502807;197065;19.4;7.6
59;2021-04-20;6895;4209;509702;201274;19.7;7.8
59;2021-04-21;6274;4433;515976;205707;19.9;7.9
59;2021-04-22;8612;5514;524588;211221;20.3;8.2
59;2021-04-23;8455;5692;533043;216913;20.6;8.4
59;2021-04-24;5538;8066;538581;224979;20.8;8.7
59;2021-04-25;3244;6081;541825;231060;20.9;8.9
59;2021-04-26;6492;3801;548317;234861;21.2;9.1
59;2021-04-27;8362;5198;556679;240059;21.5;9.3
59;2021-04-28;8771;6581;565450;246640;21.8;9.5
59;2021-04-29;9413;8574;574863;255214;22.2;9.9
59;2021-04-30;10603;8553;585466;263767;22.6;10.2
59;2021-05-01;11996;7595;597462;271362;23.1;10.5
59;2021-05-02;8645;5987;606107;277349;23.4;10.7
59;2021-05-03;9555;5068;615662;282417;23.8;10.9
59;2021-05-04;11425;6010;627087;288427;24.2;11.1
59;2021-05-05;10296;6221;637383;294648;24.6;11.4
59;2021-05-06;11195;8462;648578;303110;25.1;11.7
59;2021-05-07;13297;9631;661875;312741;25.6;12.1
59;2021-05-08;14744;4166;676619;316907;26.1;12.2
59;2021-05-09;11491;3339;688110;320246;26.6;12.4
59;2021-05-10;12746;6651;700856;326897;27.1;12.6
59;2021-05-11;15114;8340;715970;335237;27.7;12.9
59;2021-05-12;16630;8648;732600;343885;28.3;13.3
59;2021-05-13;18441;3455;751041;347340;29.0;13.4
59;2021-05-14;15781;6976;766822;354316;29.6;13.7
59;2021-05-15;23449;5298;790271;359614;30.5;13.9
59;2021-05-16;21184;2415;811455;362029;31.3;14.0
59;2021-05-17;15072;5276;826527;367305;31.9;14.2
59;2021-05-18;16927;5681;843454;372986;32.6;14.4
59;2021-05-19;18321;5110;861775;378096;33.3;14.6
59;2021-05-20;17931;7017;879706;385113;34.0;14.9
59;2021-05-21;18370;8302;898076;393415;34.7;15.2
59;2021-05-22;23814;5693;921890;399108;35.6;15.4
59;2021-05-23;17923;2272;939813;401380;36.3;15.5
59;2021-05-24;16688;2135;956501;403515;36.9;15.6
59;2021-05-25;14991;6680;971492;410195;37.5;15.8
59;2021-05-26;15891;7052;987383;417247;38.1;16.1
59;2021-05-27;16149;9179;1003532;426426;38.8;16.5
59;2021-05-28;15887;11473;1019419;437899;39.4;16.9
59;2021-05-29;14372;8725;1033791;446624;39.9;17.3
59;2021-05-30;8407;1846;1042198;448470;40.3;17.3
59;2021-05-31;14210;7981;1056408;456451;40.8;17.6
59;2021-06-01;15092;10427;1071500;466878;41.4;18.0
59;2021-06-02;14767;9943;1086267;476821;42.0;18.4
59;2021-06-03;15629;12142;1101896;488963;42.6;18.9
59;2021-06-04;15607;13498;1117503;502461;43.2;19.4
59;2021-06-05;14982;9341;1132485;511802;43.7;19.8
59;2021-06-06;8831;3207;1141316;515009;44.1;19.9
59;2021-06-07;10525;9442;1151841;524451;44.5;20.3
59;2021-06-08;11762;11098;1163603;535549;44.9;20.7
59;2021-06-09;10765;11921;1174368;547470;45.4;21.1
59;2021-06-10;11498;12350;1185866;559820;45.8;21.6
59;2021-06-11;10978;16016;1196844;575836;46.2;22.2
59;2021-06-12;11077;13684;1207921;589520;46.7;22.8
59;2021-06-13;6341;7030;1214262;596550;46.9;23.0
59;2021-06-14;6509;12702;1220771;609252;47.2;23.5
59;2021-06-15;8238;15959;1229009;625211;47.5;24.1
59;2021-06-16;9205;13554;1238214;638765;47.8;24.7
59;2021-06-17;9189;15661;1247403;654426;48.2;25.3
59;2021-06-18;9085;20063;1256488;674489;48.5;26.1
59;2021-06-19;8956;17492;1265444;691981;48.9;26.7
59;2021-06-20;4900;10190;1270344;702171;49.1;27.1
59;2021-06-21;5280;15970;1275624;718141;49.3;27.7
59;2021-06-22;6334;18686;1281958;736827;49.5;28.5
59;2021-06-23;6167;19087;1288125;755914;49.8;29.2
59;2021-06-24;7335;20538;1295460;776452;50.0;30.0
59;2021-06-25;6508;21209;1301968;797661;50.3;30.8
59;2021-06-26;6487;23755;1308455;821416;50.5;31.7
59;2021-06-27;4755;17079;1313210;838495;50.7;32.4
59;2021-06-28;5004;19828;1318214;858323;50.9;33.2
59;2021-06-29;5553;20378;1323767;878701;51.1;33.9
59;2021-06-30;6135;20103;1329902;898804;51.4;34.7
59;2021-07-01;6790;20841;1336692;919645;51.6;35.5
59;2021-07-02;6838;23251;1343530;942896;51.9;36.4
59;2021-07-03;5564;24621;1349094;967517;52.1;37.4
59;2021-07-04;4415;15977;1353509;983494;52.3;38.0
59;2021-07-05;5668;17492;1359177;1000986;52.5;38.7
59;2021-07-06;6601;18806;1365778;1019792;52.8;39.4
59;2021-07-07;6945;17461;1372723;1037253;53.0;40.1
59;2021-07-08;8023;17702;1380746;1054955;53.3;40.7
59;2021-07-09;7704;20306;1388450;1075261;53.6;41.5
59;2021-07-10;7445;18538;1395895;1093799;53.9;42.2
59;2021-07-11;4452;10231;1400347;1104030;54.1;42.6
59;2021-07-12;5910;18045;1406257;1122075;54.3;43.3
59;2021-07-13;9908;20766;1416165;1142841;54.7;44.1
59;2021-07-14;9782;8456;1425947;1151297;55.1;44.5
59;2021-07-15;11631;20416;1437578;1171713;55.5;45.3
59;2021-07-16;13217;20517;1450795;1192230;56.0;46.1
59;2021-07-17;12388;17471;1463183;1209701;56.5;46.7
59;2021-07-18;7960;8680;1471143;1218381;56.8;47.1
59;2021-07-19;10395;16457;1481538;1234838;57.2;47.7
59;2021-07-20;13407;17122;1494945;1251960;57.7;48.4
59;2021-07-21;14520;15592;1509465;1267552;58.3;49.0
59;2021-07-22;17059;15208;1526524;1282760;59.0;49.5
59;2021-07-23;15713;15842;1542237;1298602;59.6;50.2
59;2021-07-24;16340;12291;1558577;1310893;60.2;50.6
59;2021-07-25;11915;7329;1570492;1318222;60.7;50.9
59;2021-07-26;13033;12604;1583525;1330826;61.2;51.4
59;2021-07-27;16208;11980;1599733;1342806;61.8;51.9
59;2021-07-28;17439;11655;1617172;1354461;62.5;52.3
59;2021-07-29;17402;11667;1634574;1366128;63.1;52.8
59;2021-07-30;15905;11606;1650479;1377734;63.7;53.2
59;2021-07-31;13975;9183;1664454;1386917;64.3;53.6
59;2021-08-01;9939;4550;1674393;1391467;64.7;53.7
59;2021-08-02;12128;10019;1686521;1401486;65.1;54.1
59;2021-08-03;13384;10052;1699905;1411538;65.7;54.5
59;2021-08-04;11201;8283;1711106;1419821;66.1;54.8
59;2021-08-05;12679;9787;1723785;1429608;66.6;55.2
59;2021-08-06;12476;11030;1736261;1440638;67.1;55.6
59;2021-08-07;9694;9301;1745955;1449939;67.4;56.0
59;2021-08-08;6925;5249;1752880;1455188;67.7;56.2
59;2021-08-09;8369;10812;1761249;1466000;68.0;56.6
59;2021-08-10;10349;10777;1771598;1476777;68.4;57.0
59;2021-08-11;8629;9309;1780227;1486086;68.8;57.4
59;2021-08-12;8960;12059;1789187;1498145;69.1;57.9
59;2021-08-13;8435;11728;1797622;1509873;69.4;58.3
59;2021-08-14;5924;10378;1803546;1520251;69.7;58.7
59;2021-08-15;3365;4660;1806911;1524911;69.8;58.9
59;2021-08-16;5837;13850;1812748;1538761;70.0;59.4
59;2021-08-17;6913;12753;1819661;1551514;70.3;59.9
59;2021-08-18;5873;11457;1825534;1562971;70.5;60.4
59;2021-08-19;6293;13840;1831827;1576811;70.8;60.9
59;2021-08-20;5782;14556;1837609;1591367;71.0;61.5
59;2021-08-21;4143;10261;1841752;1601628;71.1;61.9
59;2021-08-22;2831;7634;1844583;1609262;71.2;62.2
59;2021-08-23;4744;15696;1849327;1624958;71.4;62.8
59;2021-08-24;5247;15161;1854574;1640119;71.6;63.3
59;2021-08-25;4593;13041;1859167;1653160;71.8;63.9
59;2021-08-26;5126;14295;1864293;1667455;72.0;64.4
60;2020-12-27;0;0;0;0;0.0;0.0
60;2020-12-28;0;0;0;0;0.0;0.0
60;2020-12-29;1;0;1;0;0.0;0.0
60;2020-12-30;0;0;1;0;0.0;0.0
60;2020-12-31;0;0;1;0;0.0;0.0
60;2021-01-01;0;0;1;0;0.0;0.0
60;2021-01-02;5;0;6;0;0.0;0.0
60;2021-01-03;1;0;7;0;0.0;0.0
60;2021-01-04;1;0;8;0;0.0;0.0
60;2021-01-05;37;0;45;0;0.0;0.0
60;2021-01-06;188;4;233;4;0.0;0.0
60;2021-01-07;236;4;469;8;0.1;0.0
60;2021-01-08;380;3;849;11;0.1;0.0
60;2021-01-09;3;0;852;11;0.1;0.0
60;2021-01-10;60;0;912;11;0.1;0.0
60;2021-01-11;342;2;1254;13;0.2;0.0
60;2021-01-12;535;2;1789;15;0.2;0.0
60;2021-01-13;476;5;2265;20;0.3;0.0
60;2021-01-14;507;6;2772;26;0.3;0.0
60;2021-01-15;702;7;3474;33;0.4;0.0
60;2021-01-16;124;1;3598;34;0.4;0.0
60;2021-01-17;32;0;3630;34;0.4;0.0
60;2021-01-18;859;7;4489;41;0.5;0.0
60;2021-01-19;1201;10;5690;51;0.7;0.0
60;2021-01-20;1716;13;7406;64;0.9;0.0
60;2021-01-21;2261;10;9667;74;1.2;0.0
60;2021-01-22;1543;14;11210;88;1.4;0.0
60;2021-01-23;499;4;11709;92;1.4;0.0
60;2021-01-24;61;1;11770;93;1.4;0.0
60;2021-01-25;897;14;12667;107;1.5;0.0
60;2021-01-26;950;14;13617;121;1.7;0.0
60;2021-01-27;646;8;14263;129;1.7;0.0
60;2021-01-28;395;168;14658;297;1.8;0.0
60;2021-01-29;77;105;14735;402;1.8;0.0
60;2021-01-30;0;1;14735;403;1.8;0.0
60;2021-01-31;22;61;14757;464;1.8;0.1
60;2021-02-01;39;106;14796;570;1.8;0.1
60;2021-02-02;26;159;14822;729;1.8;0.1
60;2021-02-03;164;237;14986;966;1.8;0.1
60;2021-02-04;170;339;15156;1305;1.8;0.2
60;2021-02-05;315;476;15471;1781;1.9;0.2
60;2021-02-06;64;79;15535;1860;1.9;0.2
60;2021-02-07;31;32;15566;1892;1.9;0.2
60;2021-02-08;328;516;15894;2408;1.9;0.3
60;2021-02-09;319;468;16213;2876;2.0;0.3
60;2021-02-10;554;995;16767;3871;2.0;0.5
60;2021-02-11;937;1130;17704;5001;2.1;0.6
60;2021-02-12;913;857;18617;5858;2.3;0.7
60;2021-02-13;91;309;18708;6167;2.3;0.7
60;2021-02-14;24;91;18732;6258;2.3;0.8
60;2021-02-15;612;804;19344;7062;2.3;0.9
60;2021-02-16;580;925;19924;7987;2.4;1.0
60;2021-02-17;633;932;20557;8919;2.5;1.1
60;2021-02-18;684;826;21241;9745;2.6;1.2
60;2021-02-19;641;765;21882;10510;2.7;1.3
60;2021-02-20;104;188;21986;10698;2.7;1.3
60;2021-02-21;23;121;22009;10819;2.7;1.3
60;2021-02-22;461;872;22470;11691;2.7;1.4
60;2021-02-23;533;787;23003;12478;2.8;1.5
60;2021-02-24;794;555;23797;13033;2.9;1.6
60;2021-02-25;1095;310;24892;13343;3.0;1.6
60;2021-02-26;1298;191;26190;13534;3.2;1.6
60;2021-02-27;666;35;26856;13569;3.3;1.6
60;2021-02-28;7;10;26863;13579;3.3;1.6
60;2021-03-01;894;49;27757;13628;3.4;1.7
60;2021-03-02;1013;167;28770;13795;3.5;1.7
60;2021-03-03;1321;451;30091;14246;3.6;1.7
60;2021-03-04;1726;521;31817;14767;3.9;1.8
60;2021-03-05;1821;291;33638;15058;4.1;1.8
60;2021-03-06;1920;143;35558;15201;4.3;1.8
60;2021-03-07;886;32;36444;15233;4.4;1.8
60;2021-03-08;978;317;37422;15550;4.5;1.9
60;2021-03-09;1642;360;39064;15910;4.7;1.9
60;2021-03-10;1939;433;41003;16343;5.0;2.0
60;2021-03-11;2325;386;43328;16729;5.3;2.0
60;2021-03-12;2595;545;45923;17274;5.6;2.1
60;2021-03-13;3838;214;49761;17488;6.0;2.1
60;2021-03-14;1781;58;51542;17546;6.2;2.1
60;2021-03-15;2091;503;53633;18049;6.5;2.2
60;2021-03-16;1583;625;55216;18674;6.7;2.3
60;2021-03-17;1658;620;56874;19294;6.9;2.3
60;2021-03-18;1759;740;58633;20034;7.1;2.4
60;2021-03-19;2591;532;61224;20566;7.4;2.5
60;2021-03-20;3241;192;64465;20758;7.8;2.5
60;2021-03-21;2125;99;66590;20857;8.1;2.5
60;2021-03-22;2133;714;68723;21571;8.3;2.6
60;2021-03-23;3307;728;72030;22299;8.7;2.7
60;2021-03-24;3070;878;75100;23177;9.1;2.8
60;2021-03-25;3849;854;78949;24031;9.6;2.9
60;2021-03-26;4217;876;83166;24907;10.1;3.0
60;2021-03-27;4142;317;87308;25224;10.6;3.1
60;2021-03-28;2448;81;89756;25305;10.9;3.1
60;2021-03-29;2609;1088;92365;26393;11.2;3.2
60;2021-03-30;3285;1077;95650;27470;11.6;3.3
60;2021-03-31;2669;1147;98319;28617;11.9;3.5
60;2021-04-01;2562;1105;100881;29722;12.2;3.6
60;2021-04-02;3307;1107;104188;30829;12.6;3.7
60;2021-04-03;3170;1014;107358;31843;13.0;3.9
60;2021-04-04;875;484;108233;32327;13.1;3.9
60;2021-04-05;458;82;108691;32409;13.2;3.9
60;2021-04-06;1965;1626;110656;34035;13.4;4.1
60;2021-04-07;1984;1751;112640;35786;13.7;4.3
60;2021-04-08;2612;1495;115252;37281;14.0;4.5
60;2021-04-09;2998;1523;118250;38804;14.3;4.7
60;2021-04-10;2928;1587;121178;40391;14.7;4.9
60;2021-04-11;1047;1000;122225;41391;14.8;5.0
60;2021-04-12;2045;1723;124270;43114;15.1;5.2
60;2021-04-13;2748;1787;127018;44901;15.4;5.4
60;2021-04-14;3144;1821;130162;46722;15.8;5.7
60;2021-04-15;3561;1894;133723;48616;16.2;5.9
60;2021-04-16;3289;1948;137012;50564;16.6;6.1
60;2021-04-17;2848;2173;139860;52737;17.0;6.4
60;2021-04-18;573;1833;140433;54570;17.0;6.6
60;2021-04-19;1742;2214;142175;56784;17.2;6.9
60;2021-04-20;2128;2679;144303;59463;17.5;7.2
60;2021-04-21;2653;2209;146956;61672;17.8;7.5
60;2021-04-22;2631;2512;149587;64184;18.1;7.8
60;2021-04-23;2650;2504;152237;66688;18.5;8.1
60;2021-04-24;2471;3458;154708;70146;18.8;8.5
60;2021-04-25;1162;1964;155870;72110;18.9;8.7
60;2021-04-26;1890;2529;157760;74639;19.1;9.0
60;2021-04-27;2310;2847;160070;77486;19.4;9.4
60;2021-04-28;3061;2399;163131;79885;19.8;9.7
60;2021-04-29;3153;2628;166284;82513;20.2;10.0
60;2021-04-30;3459;2969;169743;85482;20.6;10.4
60;2021-05-01;2355;1123;172098;86605;20.9;10.5
60;2021-05-02;2148;843;174246;87448;21.1;10.6
60;2021-05-03;2955;1854;177201;89302;21.5;10.8
60;2021-05-04;3018;2359;180219;91661;21.8;11.1
60;2021-05-05;3259;2809;183478;94470;22.2;11.4
60;2021-05-06;3649;2482;187127;96952;22.7;11.8
60;2021-05-07;3985;2525;191112;99477;23.2;12.1
60;2021-05-08;3583;975;194695;100452;23.6;12.2
60;2021-05-09;3459;956;198154;101408;24.0;12.3
60;2021-05-10;2391;2294;200545;103702;24.3;12.6
60;2021-05-11;3668;2472;204213;106174;24.8;12.9
60;2021-05-12;4718;2551;208931;108725;25.3;13.2
60;2021-05-13;5292;1128;214223;109853;26.0;13.3
60;2021-05-14;5603;1810;219826;111663;26.6;13.5
60;2021-05-15;6173;1718;225999;113381;27.4;13.7
60;2021-05-16;4861;691;230860;114072;28.0;13.8
60;2021-05-17;3716;1677;234576;115749;28.4;14.0
60;2021-05-18;4049;2081;238625;117830;28.9;14.3
60;2021-05-19;5097;1856;243722;119686;29.5;14.5
60;2021-05-20;5458;1799;249180;121485;30.2;14.7
60;2021-05-21;5974;1979;255154;123464;30.9;15.0
60;2021-05-22;5356;1982;260510;125446;31.6;15.2
60;2021-05-23;4267;659;264777;126105;32.1;15.3
60;2021-05-24;2951;535;267728;126640;32.4;15.3
60;2021-05-25;4139;2004;271867;128644;33.0;15.6
60;2021-05-26;4466;1835;276333;130479;33.5;15.8
60;2021-05-27;4613;1998;280946;132477;34.1;16.1
60;2021-05-28;4628;2509;285574;134986;34.6;16.4
60;2021-05-29;4612;2273;290186;137259;35.2;16.6
60;2021-05-30;1086;349;291272;137608;35.3;16.7
60;2021-05-31;3830;2082;295102;139690;35.8;16.9
60;2021-06-01;4443;2855;299545;142545;36.3;17.3
60;2021-06-02;3913;2451;303458;144996;36.8;17.6
60;2021-06-03;3905;2378;307363;147374;37.3;17.9
60;2021-06-04;4653;2907;312016;150281;37.8;18.2
60;2021-06-05;4303;3422;316319;153703;38.3;18.6
60;2021-06-06;2158;794;318477;154497;38.6;18.7
60;2021-06-07;2777;2761;321254;157258;38.9;19.1
60;2021-06-08;3803;3015;325057;160273;39.4;19.4
60;2021-06-09;3245;3401;328302;163674;39.8;19.8
60;2021-06-10;3456;3370;331758;167044;40.2;20.2
60;2021-06-11;3881;4197;335639;171241;40.7;20.8
60;2021-06-12;3779;4279;339418;175520;41.1;21.3
60;2021-06-13;1156;2225;340574;177745;41.3;21.5
60;2021-06-14;1909;3305;342483;181050;41.5;21.9
60;2021-06-15;3014;4165;345497;185215;41.9;22.4
60;2021-06-16;3252;4491;348749;189706;42.3;23.0
60;2021-06-17;2977;4786;351726;194492;42.6;23.6
60;2021-06-18;2984;4604;354710;199096;43.0;24.1
60;2021-06-19;3144;4727;357854;203823;43.4;24.7
60;2021-06-20;1430;1934;359284;205757;43.5;24.9
60;2021-06-21;1408;4041;360692;209798;43.7;25.4
60;2021-06-22;1759;5292;362451;215090;43.9;26.1
60;2021-06-23;1862;5241;364313;220331;44.2;26.7
60;2021-06-24;1804;5604;366117;225935;44.4;27.4
60;2021-06-25;1903;5730;368020;231665;44.6;28.1
60;2021-06-26;1858;6979;369878;238644;44.8;28.9
60;2021-06-27;715;2594;370593;241238;44.9;29.2
60;2021-06-28;1781;4141;372374;245379;45.1;29.7
60;2021-06-29;2014;5468;374388;250847;45.4;30.4
60;2021-06-30;2298;5359;376686;256206;45.7;31.1
60;2021-07-01;1891;4917;378577;261123;45.9;31.6
60;2021-07-02;2369;5882;380946;267005;46.2;32.4
60;2021-07-03;2402;6164;383348;273169;46.5;33.1
60;2021-07-04;792;2726;384140;275895;46.6;33.4
60;2021-07-05;1657;4401;385797;280296;46.8;34.0
60;2021-07-06;2146;4501;387943;284797;47.0;34.5
60;2021-07-07;2172;5120;390115;289917;47.3;35.1
60;2021-07-08;2673;4694;392788;294611;47.6;35.7
60;2021-07-09;2641;5561;395429;300172;47.9;36.4
60;2021-07-10;2581;5876;398010;306048;48.2;37.1
60;2021-07-11;1215;1942;399225;307990;48.4;37.3
60;2021-07-12;1444;4739;400669;312729;48.6;37.9
60;2021-07-13;2912;5024;403581;317753;48.9;38.5
60;2021-07-14;2582;1407;406163;319160;49.2;38.7
60;2021-07-15;3430;4871;409593;324031;49.6;39.3
60;2021-07-16;3698;5243;413291;329274;50.1;39.9
60;2021-07-17;4079;5137;417370;334411;50.6;40.5
60;2021-07-18;2186;2128;419556;336539;50.9;40.8
60;2021-07-19;2542;3896;422098;340435;51.2;41.3
60;2021-07-20;4190;4903;426288;345338;51.7;41.9
60;2021-07-21;4349;4276;430637;349614;52.2;42.4
60;2021-07-22;4625;4329;435262;353943;52.8;42.9
60;2021-07-23;4982;4904;440244;358847;53.4;43.5
60;2021-07-24;4313;4669;444557;363516;53.9;44.1
60;2021-07-25;2601;1827;447158;365343;54.2;44.3
60;2021-07-26;3375;3762;450533;369105;54.6;44.7
60;2021-07-27;4429;4632;454962;373737;55.1;45.3
60;2021-07-28;4546;3767;459508;377504;55.7;45.8
60;2021-07-29;4896;3708;464404;381212;56.3;46.2
60;2021-07-30;5019;4258;469423;385470;56.9;46.7
60;2021-07-31;4056;3969;473479;389439;57.4;47.2
60;2021-08-01;1682;861;475161;390300;57.6;47.3
60;2021-08-02;3165;2752;478326;393052;58.0;47.6
60;2021-08-03;3580;2895;481906;395947;58.4;48.0
60;2021-08-04;3295;2797;485201;398744;58.8;48.3
60;2021-08-05;3020;2252;488221;400996;59.2;48.6
60;2021-08-06;3818;3063;492039;404059;59.6;49.0
60;2021-08-07;3362;3072;495401;407131;60.0;49.3
60;2021-08-08;1533;906;496934;408037;60.2;49.5
60;2021-08-09;2193;2870;499127;410907;60.5;49.8
60;2021-08-10;3265;3306;502392;414213;60.9;50.2
60;2021-08-11;2781;3231;505173;417444;61.2;50.6
60;2021-08-12;2350;2659;507523;420103;61.5;50.9
60;2021-08-13;2738;2998;510261;423101;61.8;51.3
60;2021-08-14;2537;2726;512798;425827;62.2;51.6
60;2021-08-15;1358;547;514156;426374;62.3;51.7
60;2021-08-16;2036;3773;516192;430147;62.6;52.1
60;2021-08-17;2337;3820;518529;433967;62.8;52.6
60;2021-08-18;1934;3285;520463;437252;63.1;53.0
60;2021-08-19;1633;3088;522096;440340;63.3;53.4
60;2021-08-20;1851;3993;523947;444333;63.5;53.9
60;2021-08-21;1598;3481;525545;447814;63.7;54.3
60;2021-08-22;570;1334;526115;449148;63.8;54.4
60;2021-08-23;1095;3230;527210;452378;63.9;54.8
60;2021-08-24;1363;4487;528573;456865;64.1;55.4
60;2021-08-25;1433;3571;530006;460436;64.2;55.8
60;2021-08-26;1413;3440;531419;463876;64.4;56.2
61;2020-12-27;0;0;0;0;0.0;0.0
61;2020-12-28;0;0;0;0;0.0;0.0
61;2020-12-29;0;0;0;0;0.0;0.0
61;2020-12-30;0;0;0;0;0.0;0.0
61;2020-12-31;0;0;0;0;0.0;0.0
61;2021-01-01;1;0;1;0;0.0;0.0
61;2021-01-02;1;0;2;0;0.0;0.0
61;2021-01-03;0;0;2;0;0.0;0.0
61;2021-01-04;1;0;3;0;0.0;0.0
61;2021-01-05;3;0;6;0;0.0;0.0
61;2021-01-06;76;0;82;0;0.0;0.0
61;2021-01-07;175;2;257;2;0.1;0.0
61;2021-01-08;406;1;663;3;0.2;0.0
61;2021-01-09;165;1;828;4;0.3;0.0
61;2021-01-10;49;0;877;4;0.3;0.0
61;2021-01-11;396;1;1273;5;0.5;0.0
61;2021-01-12;680;2;1953;7;0.7;0.0
61;2021-01-13;739;1;2692;8;1.0;0.0
61;2021-01-14;530;8;3222;16;1.2;0.0
61;2021-01-15;537;4;3759;20;1.4;0.0
61;2021-01-16;289;1;4048;21;1.5;0.0
61;2021-01-17;846;7;4894;28;1.8;0.0
61;2021-01-18;1913;3;6807;31;2.5;0.0
61;2021-01-19;1323;4;8130;35;2.9;0.0
61;2021-01-20;683;0;8813;35;3.2;0.0
61;2021-01-21;846;1;9659;36;3.5;0.0
61;2021-01-22;764;1;10423;37;3.8;0.0
61;2021-01-23;257;2;10680;39;3.9;0.0
61;2021-01-24;228;0;10908;39;3.9;0.0
61;2021-01-25;578;1;11486;40;4.1;0.0
61;2021-01-26;558;0;12044;40;4.3;0.0
61;2021-01-27;569;14;12613;54;4.6;0.0
61;2021-01-28;464;53;13077;107;4.7;0.0
61;2021-01-29;479;204;13556;311;4.9;0.1
61;2021-01-30;212;3;13768;314;5.0;0.1
61;2021-01-31;106;0;13874;314;5.0;0.1
61;2021-02-01;430;190;14304;504;5.2;0.2
61;2021-02-02;387;424;14691;928;5.3;0.3
61;2021-02-03;413;490;15104;1418;5.5;0.5
61;2021-02-04;390;338;15494;1756;5.6;0.6
61;2021-02-05;538;361;16032;2117;5.8;0.8
61;2021-02-06;200;92;16232;2209;5.9;0.8
61;2021-02-07;45;199;16277;2408;5.9;0.9
61;2021-02-08;540;1406;16817;3814;6.1;1.4
61;2021-02-09;405;808;17222;4622;6.2;1.7
61;2021-02-10;277;559;17499;5181;6.3;1.9
61;2021-02-11;432;563;17931;5744;6.5;2.1
61;2021-02-12;402;736;18333;6480;6.6;2.3
61;2021-02-13;132;431;18465;6911;6.7;2.5
61;2021-02-14;2;314;18467;7225;6.7;2.6
61;2021-02-15;172;844;18639;8069;6.7;2.9
61;2021-02-16;203;681;18842;8750;6.8;3.2
61;2021-02-17;44;638;18886;9388;6.8;3.4
61;2021-02-18;161;524;19047;9912;6.9;3.6
61;2021-02-19;101;391;19148;10303;6.9;3.7
61;2021-02-20;40;238;19188;10541;6.9;3.8
61;2021-02-21;2;155;19190;10696;6.9;3.9
61;2021-02-22;88;566;19278;11262;7.0;4.1
61;2021-02-23;111;494;19389;11756;7.0;4.2
61;2021-02-24;173;571;19562;12327;7.1;4.5
61;2021-02-25;265;445;19827;12772;7.2;4.6
61;2021-02-26;266;465;20093;13237;7.3;4.8
61;2021-02-27;109;227;20202;13464;7.3;4.9
61;2021-02-28;4;122;20206;13586;7.3;4.9
61;2021-03-01;217;612;20423;14198;7.4;5.1
61;2021-03-02;148;700;20571;14898;7.4;5.4
61;2021-03-03;142;448;20713;15346;7.5;5.5
61;2021-03-04;431;446;21144;15792;7.6;5.7
61;2021-03-05;701;297;21845;16089;7.9;5.8
61;2021-03-06;436;231;22281;16320;8.0;5.9
61;2021-03-07;155;2;22436;16322;8.1;5.9
61;2021-03-08;298;314;22734;16636;8.2;6.0
61;2021-03-09;622;185;23356;16821;8.4;6.1
61;2021-03-10;672;189;24028;17010;8.7;6.1
61;2021-03-11;1121;130;25149;17140;9.1;6.2
61;2021-03-12;1467;102;26616;17242;9.6;6.2
61;2021-03-13;775;54;27391;17296;9.9;6.2
61;2021-03-14;226;5;27617;17301;10.0;6.2
61;2021-03-15;814;35;28431;17336;10.3;6.3
61;2021-03-16;720;22;29151;17358;10.5;6.3
61;2021-03-17;761;13;29912;17371;10.8;6.3
61;2021-03-18;858;26;30770;17397;11.1;6.3
61;2021-03-19;1027;49;31797;17446;11.5;6.3
61;2021-03-20;471;15;32268;17461;11.7;6.3
61;2021-03-21;71;2;32339;17463;11.7;6.3
61;2021-03-22;796;89;33135;17552;12.0;6.3
61;2021-03-23;920;39;34055;17591;12.3;6.4
61;2021-03-24;1372;68;35427;17659;12.8;6.4
61;2021-03-25;1876;65;37303;17724;13.5;6.4
61;2021-03-26;1798;44;39101;17768;14.1;6.4
61;2021-03-27;1083;18;40184;17786;14.5;6.4
61;2021-03-28;359;9;40543;17795;14.6;6.4
61;2021-03-29;1271;183;41814;17978;15.1;6.5
61;2021-03-30;1471;96;43285;18074;15.6;6.5
61;2021-03-31;1686;51;44971;18125;16.2;6.5
61;2021-04-01;2051;229;47022;18354;17.0;6.6
61;2021-04-02;1518;432;48540;18786;17.5;6.8
61;2021-04-03;638;288;49178;19074;17.8;6.9
61;2021-04-04;193;1;49371;19075;17.8;6.9
61;2021-04-05;532;8;49903;19083;18.0;6.9
61;2021-04-06;1354;620;51257;19703;18.5;7.1
61;2021-04-07;1699;663;52956;20366;19.1;7.4
61;2021-04-08;2268;826;55224;21192;19.9;7.7
61;2021-04-09;2138;838;57362;22030;20.7;8.0
61;2021-04-10;1534;488;58896;22518;21.3;8.1
61;2021-04-11;238;199;59134;22717;21.4;8.2
61;2021-04-12;1289;736;60423;23453;21.8;8.5
61;2021-04-13;1741;706;62164;24159;22.4;8.7
61;2021-04-14;1734;785;63898;24944;23.1;9.0
61;2021-04-15;2268;781;66166;25725;23.9;9.3
61;2021-04-16;2222;684;68388;26409;24.7;9.5
61;2021-04-17;1487;324;69875;26733;25.2;9.7
61;2021-04-18;538;99;70413;26832;25.4;9.7
61;2021-04-19;938;746;71351;27578;25.8;10.0
61;2021-04-20;1524;786;72875;28364;26.3;10.2
61;2021-04-21;1352;1040;74227;29404;26.8;10.6
61;2021-04-22;1293;1220;75520;30624;27.3;11.1
61;2021-04-23;1218;1151;76738;31775;27.7;11.5
61;2021-04-24;1437;818;78175;32593;28.2;11.8
61;2021-04-25;361;333;78536;32926;28.4;11.9
61;2021-04-26;670;1144;79206;34070;28.6;12.3
61;2021-04-27;1464;1144;80670;35214;29.1;12.7
61;2021-04-28;1387;1389;82057;36603;29.6;13.2
61;2021-04-29;1248;1863;83305;38466;30.1;13.9
61;2021-04-30;1721;1171;85026;39637;30.7;14.3
61;2021-05-01;788;320;85814;39957;31.0;14.4
61;2021-05-02;438;225;86252;40182;31.1;14.5
61;2021-05-03;844;1250;87096;41432;31.5;15.0
61;2021-05-04;1326;1754;88422;43186;31.9;15.6
61;2021-05-05;1009;2030;89431;45216;32.3;16.3
61;2021-05-06;1772;2211;91203;47427;32.9;17.1
61;2021-05-07;1376;1969;92579;49396;33.4;17.8
61;2021-05-08;929;472;93508;49868;33.8;18.0
61;2021-05-09;394;292;93902;50160;33.9;18.1
61;2021-05-10;988;1755;94890;51915;34.3;18.7
61;2021-05-11;1375;1516;96265;53431;34.8;19.3
61;2021-05-12;1869;1593;98134;55024;35.4;19.9
61;2021-05-13;889;490;99023;55514;35.8;20.0
61;2021-05-14;1852;1192;100875;56706;36.4;20.5
61;2021-05-15;2103;1119;102978;57825;37.2;20.9
61;2021-05-16;984;300;103962;58125;37.5;21.0
61;2021-05-17;1312;915;105274;59040;38.0;21.3
61;2021-05-18;2423;893;107697;59933;38.9;21.6
61;2021-05-19;2401;804;110098;60737;39.8;21.9
61;2021-05-20;2214;817;112312;61554;40.6;22.2
61;2021-05-21;2150;860;114462;62414;41.3;22.5
61;2021-05-22;1780;717;116242;63131;42.0;22.8
61;2021-05-23;714;53;116956;63184;42.2;22.8
61;2021-05-24;913;110;117869;63294;42.6;22.9
61;2021-05-25;1992;923;119861;64217;43.3;23.2
61;2021-05-26;2043;930;121904;65147;44.0;23.5
61;2021-05-27;2040;1096;123944;66243;44.8;23.9
61;2021-05-28;2052;1380;125996;67623;45.5;24.4
61;2021-05-29;1464;555;127460;68178;46.0;24.6
61;2021-05-30;450;44;127910;68222;46.2;24.6
61;2021-05-31;1560;939;129470;69161;46.8;25.0
61;2021-06-01;1876;1389;131346;70550;47.4;25.5
61;2021-06-02;1675;1136;133021;71686;48.0;25.9
61;2021-06-03;2249;1111;135270;72797;48.9;26.3
61;2021-06-04;1894;1344;137164;74141;49.5;26.8
61;2021-06-05;1668;1240;138832;75381;50.1;27.2
61;2021-06-06;318;230;139150;75611;50.3;27.3
61;2021-06-07;2189;869;141339;76480;51.0;27.6
61;2021-06-08;1847;1570;143186;78050;51.7;28.2
61;2021-06-09;1974;1185;145160;79235;52.4;28.6
61;2021-06-10;1973;1192;147133;80427;53.1;29.0
61;2021-06-11;1821;1580;148954;82007;53.8;29.6
61;2021-06-12;1423;998;150377;83005;54.3;30.0
61;2021-06-13;340;377;150717;83382;54.4;30.1
61;2021-06-14;1106;1189;151823;84571;54.8;30.5
61;2021-06-15;1213;1695;153036;86266;55.3;31.2
61;2021-06-16;1113;1363;154149;87629;55.7;31.6
61;2021-06-17;1019;1730;155168;89359;56.0;32.3
61;2021-06-18;1522;1669;156690;91028;56.6;32.9
61;2021-06-19;1245;1303;157935;92331;57.0;33.3
61;2021-06-20;289;345;158224;92676;57.1;33.5
61;2021-06-21;808;1630;159032;94306;57.4;34.1
61;2021-06-22;1023;1683;160055;95989;57.8;34.7
61;2021-06-23;967;2437;161022;98426;58.2;35.5
61;2021-06-24;650;1359;161672;99785;58.4;36.0
61;2021-06-25;839;2168;162511;101953;58.7;36.8
61;2021-06-26;624;1953;163135;103906;58.9;37.5
61;2021-06-27;139;799;163274;104705;59.0;37.8
61;2021-06-28;478;2248;163752;106953;59.1;38.6
61;2021-06-29;699;2858;164451;109811;59.4;39.7
61;2021-06-30;771;2463;165222;112274;59.7;40.5
61;2021-07-01;633;1696;165855;113970;59.9;41.2
61;2021-07-02;842;2497;166697;116467;60.2;42.1
61;2021-07-03;417;1912;167114;118379;60.4;42.8
61;2021-07-04;75;637;167189;119016;60.4;43.0
61;2021-07-05;684;1774;167873;120790;60.6;43.6
61;2021-07-06;990;2796;168863;123586;61.0;44.6
61;2021-07-07;734;2362;169597;125948;61.2;45.5
61;2021-07-08;840;1945;170437;127893;61.6;46.2
61;2021-07-09;723;2375;171160;130268;61.8;47.0
61;2021-07-10;464;1771;171624;132039;62.0;47.7
61;2021-07-11;244;489;171868;132528;62.1;47.9
61;2021-07-12;438;2290;172306;134818;62.2;48.7
61;2021-07-13;646;2489;172952;137307;62.5;49.6
61;2021-07-14;149;334;173101;137641;62.5;49.7
61;2021-07-15;815;2813;173916;140454;62.8;50.7
61;2021-07-16;967;2574;174883;143028;63.2;51.7
61;2021-07-17;704;2231;175587;145259;63.4;52.5
61;2021-07-18;339;368;175926;145627;63.5;52.6
61;2021-07-19;937;2403;176863;148030;63.9;53.5
61;2021-07-20;1321;2356;178184;150386;64.3;54.3
61;2021-07-21;1502;2183;179686;152569;64.9;55.1
61;2021-07-22;1751;2187;181437;154756;65.5;55.9
61;2021-07-23;1793;2305;183230;157061;66.2;56.7
61;2021-07-24;1455;2003;184685;159064;66.7;57.4
61;2021-07-25;324;393;185009;159457;66.8;57.6
61;2021-07-26;1251;1931;186260;161388;67.3;58.3
61;2021-07-27;2418;1584;188678;162972;68.1;58.9
61;2021-07-28;2455;1357;191133;164329;69.0;59.3
61;2021-07-29;2556;1575;193689;165904;69.9;59.9
61;2021-07-30;2393;1393;196082;167297;70.8;60.4
61;2021-07-31;1281;1298;197363;168595;71.3;60.9
61;2021-08-01;500;260;197863;168855;71.5;61.0
61;2021-08-02;1910;1120;199773;169975;72.1;61.4
61;2021-08-03;2447;911;202220;170886;73.0;61.7
61;2021-08-04;2340;782;204560;171668;73.9;62.0
61;2021-08-05;1896;989;206456;172657;74.6;62.4
61;2021-08-06;2145;1162;208601;173819;75.3;62.8
61;2021-08-07;1415;796;210016;174615;75.8;63.1
61;2021-08-08;445;263;210461;174878;76.0;63.2
61;2021-08-09;1298;1109;211759;175987;76.5;63.6
61;2021-08-10;1314;1107;213073;177094;76.9;64.0
61;2021-08-11;1116;1256;214189;178350;77.4;64.4
61;2021-08-12;1024;1321;215213;179671;77.7;64.9
61;2021-08-13;867;1607;216080;181278;78.0;65.5
61;2021-08-14;712;859;216792;182137;78.3;65.8
61;2021-08-15;93;184;216885;182321;78.3;65.8
61;2021-08-16;907;1541;217792;183862;78.7;66.4
61;2021-08-17;1145;1696;218937;185558;79.1;67.0
61;2021-08-18;806;1478;219743;187036;79.4;67.5
61;2021-08-19;734;1569;220477;188605;79.6;68.1
61;2021-08-20;800;2130;221277;190735;79.9;68.9
61;2021-08-21;490;1339;221767;192074;80.1;69.4
61;2021-08-22;137;446;221904;192520;80.1;69.5
61;2021-08-23;411;1701;222315;194221;80.3;70.1
61;2021-08-24;519;1895;222834;196116;80.5;70.8
61;2021-08-25;397;1732;223231;197848;80.6;71.5
61;2021-08-26;419;1597;223650;199445;80.8;72.0
62;2020-12-27;2;0;2;0;0.0;0.0
62;2020-12-28;2;0;4;0;0.0;0.0
62;2020-12-29;0;0;4;0;0.0;0.0
62;2020-12-30;0;0;4;0;0.0;0.0
62;2020-12-31;0;0;4;0;0.0;0.0
62;2021-01-01;0;0;4;0;0.0;0.0
62;2021-01-02;0;0;4;0;0.0;0.0
62;2021-01-03;0;0;4;0;0.0;0.0
62;2021-01-04;2;0;6;0;0.0;0.0
62;2021-01-05;47;0;53;0;0.0;0.0
62;2021-01-06;123;0;176;0;0.0;0.0
62;2021-01-07;351;0;527;0;0.0;0.0
62;2021-01-08;712;6;1239;6;0.1;0.0
62;2021-01-09;164;1;1403;7;0.1;0.0
62;2021-01-10;84;0;1487;7;0.1;0.0
62;2021-01-11;555;1;2042;8;0.1;0.0
62;2021-01-12;1249;3;3291;11;0.2;0.0
62;2021-01-13;1139;6;4430;17;0.3;0.0
62;2021-01-14;1387;8;5817;25;0.4;0.0
62;2021-01-15;1295;8;7112;33;0.5;0.0
62;2021-01-16;308;3;7420;36;0.5;0.0
62;2021-01-17;107;1;7527;37;0.5;0.0
62;2021-01-18;1666;10;9193;47;0.6;0.0
62;2021-01-19;2103;5;11296;52;0.8;0.0
62;2021-01-20;2055;7;13351;59;0.9;0.0
62;2021-01-21;2237;5;15588;64;1.1;0.0
62;2021-01-22;1835;7;17423;71;1.2;0.0
62;2021-01-23;512;1;17935;72;1.2;0.0
62;2021-01-24;0;0;17935;72;1.2;0.0
62;2021-01-25;1282;7;19217;79;1.3;0.0
62;2021-01-26;1542;15;20759;94;1.4;0.0
62;2021-01-27;1499;173;22258;267;1.5;0.0
62;2021-01-28;4159;384;26417;651;1.8;0.0
62;2021-01-29;2032;332;28449;983;2.0;0.1
62;2021-01-30;159;151;28608;1134;2.0;0.1
62;2021-01-31;22;3;28630;1137;2.0;0.1
62;2021-02-01;46;356;28676;1493;2.0;0.1
62;2021-02-02;59;786;28735;2279;2.0;0.2
62;2021-02-03;44;629;28779;2908;2.0;0.2
62;2021-02-04;81;808;28860;3716;2.0;0.3
62;2021-02-05;80;751;28940;4467;2.0;0.3
62;2021-02-06;27;192;28967;4659;2.0;0.3
62;2021-02-07;237;30;29204;4689;2.0;0.3
62;2021-02-08;130;840;29334;5529;2.0;0.4
62;2021-02-09;226;1092;29560;6621;2.0;0.5
62;2021-02-10;384;1167;29944;7788;2.1;0.5
62;2021-02-11;724;997;30668;8785;2.1;0.6
62;2021-02-12;966;778;31634;9563;2.2;0.7
62;2021-02-13;159;267;31793;9830;2.2;0.7
62;2021-02-14;0;0;31793;9830;2.2;0.7
62;2021-02-15;665;1269;32458;11099;2.2;0.8
62;2021-02-16;922;1780;33380;12879;2.3;0.9
62;2021-02-17;1073;2109;34453;14988;2.4;1.0
62;2021-02-18;2219;3791;36672;18779;2.5;1.3
62;2021-02-19;2309;2543;38981;21322;2.7;1.5
62;2021-02-20;616;477;39597;21799;2.7;1.5
62;2021-02-21;87;50;39684;21849;2.7;1.5
62;2021-02-22;847;965;40531;22814;2.8;1.6
62;2021-02-23;1419;1216;41950;24030;2.9;1.7
62;2021-02-24;1547;649;43497;24679;3.0;1.7
62;2021-02-25;3169;420;46666;25099;3.2;1.7
62;2021-02-26;2910;346;49576;25445;3.4;1.8
62;2021-02-27;1830;99;51406;25544;3.5;1.8
62;2021-02-28;52;42;51458;25586;3.5;1.8
62;2021-03-01;1322;122;52780;25708;3.6;1.8
62;2021-03-02;3156;179;55936;25887;3.9;1.8
62;2021-03-03;3270;129;59206;26016;4.1;1.8
62;2021-03-04;3809;217;63015;26233;4.3;1.8
62;2021-03-05;4644;234;67659;26467;4.7;1.8
62;2021-03-06;9621;269;77280;26736;5.3;1.8
62;2021-03-07;8075;235;85355;26971;5.9;1.9
62;2021-03-08;2195;265;87550;27236;6.0;1.9
62;2021-03-09;3808;386;91358;27622;6.3;1.9
62;2021-03-10;4232;617;95590;28239;6.6;1.9
62;2021-03-11;5994;1539;101584;29778;7.0;2.0
62;2021-03-12;6636;1424;108220;31202;7.4;2.1
62;2021-03-13;14720;809;122940;32011;8.5;2.2
62;2021-03-14;9585;412;132525;32423;9.1;2.2
62;2021-03-15;3764;1020;136289;33443;9.4;2.3
62;2021-03-16;2736;860;139025;34303;9.6;2.4
62;2021-03-17;2804;735;141829;35038;9.8;2.4
62;2021-03-18;2724;944;144553;35982;10.0;2.5
62;2021-03-19;4780;930;149333;36912;10.3;2.5
62;2021-03-20;11067;615;160400;37527;11.0;2.6
62;2021-03-21;9448;370;169848;37897;11.7;2.6
62;2021-03-22;2942;1107;172790;39004;11.9;2.7
62;2021-03-23;4995;1500;177785;40504;12.2;2.8
62;2021-03-24;4694;1408;182479;41912;12.6;2.9
62;2021-03-25;6555;1478;189034;43390;13.0;3.0
62;2021-03-26;7053;1504;196087;44894;13.5;3.1
62;2021-03-27;12591;750;208678;45644;14.4;3.1
62;2021-03-28;6939;284;215617;45928;14.8;3.2
62;2021-03-29;3472;1216;219089;47144;15.1;3.2
62;2021-03-30;4549;2216;223638;49360;15.4;3.4
62;2021-03-31;4224;2481;227862;51841;15.7;3.6
62;2021-04-01;4975;2771;232837;54612;16.0;3.8
62;2021-04-02;5067;3239;237904;57851;16.4;4.0
62;2021-04-03;8210;3357;246114;61208;16.9;4.2
62;2021-04-04;4582;1936;250696;63144;17.3;4.3
62;2021-04-05;944;466;251640;63610;17.3;4.4
62;2021-04-06;4123;3000;255763;66610;17.6;4.6
62;2021-04-07;5060;3514;260823;70124;18.0;4.8
62;2021-04-08;6486;4000;267309;74124;18.4;5.1
62;2021-04-09;7625;3476;274934;77600;18.9;5.3
62;2021-04-10;6634;8081;281568;85681;19.4;5.9
62;2021-04-11;2809;6904;284377;92585;19.6;6.4
62;2021-04-12;3422;2382;287799;94967;19.8;6.5
62;2021-04-13;6172;3166;293971;98133;20.2;6.8
62;2021-04-14;5306;3069;299277;101202;20.6;7.0
62;2021-04-15;5738;2987;305015;104189;21.0;7.2
62;2021-04-16;5418;3200;310433;107389;21.4;7.4
62;2021-04-17;4357;7363;314790;114752;21.7;7.9
62;2021-04-18;1955;6850;316745;121602;21.8;8.4
62;2021-04-19;2779;1927;319524;123529;22.0;8.5
62;2021-04-20;4150;3887;323674;127416;22.3;8.8
62;2021-04-21;3747;3984;327421;131400;22.5;9.0
62;2021-04-22;3948;5195;331369;136595;22.8;9.4
62;2021-04-23;4059;5315;335428;141910;23.1;9.8
62;2021-04-24;4404;6734;339832;148644;23.4;10.2
62;2021-04-25;1911;3502;341743;152146;23.5;10.5
62;2021-04-26;2224;2433;343967;154579;23.7;10.6
62;2021-04-27;4410;3713;348377;158292;24.0;10.9
62;2021-04-28;4587;4383;352964;162675;24.3;11.2
62;2021-04-29;4789;5900;357753;168575;24.6;11.6
62;2021-04-30;5214;5721;362967;174296;25.0;12.0
62;2021-05-01;5727;3473;368694;177769;25.4;12.2
62;2021-05-02;7826;3154;376520;180923;25.9;12.5
62;2021-05-03;4508;2346;381028;183269;26.2;12.6
62;2021-05-04;5397;4981;386425;188250;26.6;13.0
62;2021-05-05;4732;4839;391157;193089;26.9;13.3
62;2021-05-06;5620;4949;396777;198038;27.3;13.6
62;2021-05-07;7684;4683;404461;202721;27.8;14.0
62;2021-05-08;10650;2324;415111;205045;28.6;14.1
62;2021-05-09;8627;1638;423738;206683;29.2;14.2
62;2021-05-10;4866;4027;428604;210710;29.5;14.5
62;2021-05-11;6414;5053;435018;215763;29.9;14.9
62;2021-05-12;8623;4607;443641;220370;30.5;15.2
62;2021-05-13;9998;1491;453639;221861;31.2;15.3
62;2021-05-14;11882;3410;465521;225271;32.0;15.5
62;2021-05-15;19785;3295;485306;228566;33.4;15.7
62;2021-05-16;16396;1414;501702;229980;34.5;15.8
62;2021-05-17;8181;2664;509883;232644;35.1;16.0
62;2021-05-18;9328;3137;519211;235781;35.7;16.2
62;2021-05-19;8615;2930;527826;238711;36.3;16.4
62;2021-05-20;8342;3848;536168;242559;36.9;16.7
62;2021-05-21;9397;4222;545565;246781;37.6;17.0
62;2021-05-22;17876;3537;563441;250318;38.8;17.2
62;2021-05-23;12377;1160;575818;251478;39.6;17.3
62;2021-05-24;3910;584;579728;252062;39.9;17.4
62;2021-05-25;7224;4091;586952;256153;40.4;17.6
62;2021-05-26;6780;4916;593732;261069;40.9;18.0
62;2021-05-27;6384;5697;600116;266766;41.3;18.4
62;2021-05-28;6520;6772;606636;273538;41.8;18.8
62;2021-05-29;10852;5551;617488;279089;42.5;19.2
62;2021-05-30;4037;982;621525;280071;42.8;19.3
62;2021-05-31;4795;3976;626320;284047;43.1;19.6
62;2021-06-01;6520;6538;632840;290585;43.6;20.0
62;2021-06-02;7439;5819;640279;296404;44.1;20.4
62;2021-06-03;7859;5896;648138;302300;44.6;20.8
62;2021-06-04;7905;6262;656043;308562;45.2;21.2
62;2021-06-05;8274;6236;664317;314798;45.7;21.7
62;2021-06-06;3129;1290;667446;316088;45.9;21.8
62;2021-06-07;4621;3769;672067;319857;46.3;22.0
62;2021-06-08;6208;5908;678275;325765;46.7;22.4
62;2021-06-09;5496;4770;683771;330535;47.1;22.8
62;2021-06-10;5206;5885;688977;336420;47.4;23.2
62;2021-06-11;6212;8874;695189;345294;47.9;23.8
62;2021-06-12;5935;8644;701124;353938;48.3;24.4
62;2021-06-13;3230;3801;704354;357739;48.5;24.6
62;2021-06-14;2609;6778;706963;364517;48.7;25.1
62;2021-06-15;4675;8545;711638;373062;49.0;25.7
62;2021-06-16;5084;7433;716722;380495;49.3;26.2
62;2021-06-17;5234;8042;721956;388537;49.7;26.7
62;2021-06-18;4823;10490;726779;399027;50.0;27.5
62;2021-06-19;5799;13442;732578;412469;50.4;28.4
62;2021-06-20;2100;4370;734678;416839;50.6;28.7
62;2021-06-21;2972;8933;737650;425772;50.8;29.3
62;2021-06-22;3429;10176;741079;435948;51.0;30.0
62;2021-06-23;3388;10322;744467;446270;51.2;30.7
62;2021-06-24;3346;11783;747813;458053;51.5;31.5
62;2021-06-25;3726;15769;751539;473822;51.7;32.6
62;2021-06-26;3550;18423;755089;492245;52.0;33.9
62;2021-06-27;1121;9816;756210;502061;52.1;34.6
62;2021-06-28;1925;8869;758135;510930;52.2;35.2
62;2021-06-29;2975;11466;761110;522396;52.4;36.0
62;2021-06-30;4143;10815;765253;533211;52.7;36.7
62;2021-07-01;4482;10487;769735;543698;53.0;37.4
62;2021-07-02;4163;11986;773898;555684;53.3;38.2
62;2021-07-03;2995;18056;776893;573740;53.5;39.5
62;2021-07-04;1450;9196;778343;582936;53.6;40.1
62;2021-07-05;2417;6920;780760;589856;53.7;40.6
62;2021-07-06;3821;10018;784581;599874;54.0;41.3
62;2021-07-07;3917;8913;788498;608787;54.3;41.9
62;2021-07-08;5243;9094;793741;617881;54.6;42.5
62;2021-07-09;4464;10850;798205;628731;54.9;43.3
62;2021-07-10;4964;11889;803169;640620;55.3;44.1
62;2021-07-11;1337;2092;804506;642712;55.4;44.2
62;2021-07-12;2328;7133;806834;649845;55.5;44.7
62;2021-07-13;5172;12160;812006;662005;55.9;45.6
62;2021-07-14;3636;3161;815642;665166;56.1;45.8
62;2021-07-15;7585;11502;823227;676668;56.7;46.6
62;2021-07-16;7620;11049;830847;687717;57.2;47.3
62;2021-07-17;9704;10323;840551;698040;57.9;48.0
62;2021-07-18;2715;3459;843266;701499;58.0;48.3
62;2021-07-19;6009;7020;849275;708519;58.5;48.8
62;2021-07-20;7934;10725;857209;719244;59.0;49.5
62;2021-07-21;9767;9410;866976;728654;59.7;50.2
62;2021-07-22;9797;9020;876773;737674;60.4;50.8
62;2021-07-23;10619;8419;887392;746093;61.1;51.4
62;2021-07-24;9657;10315;897049;756408;61.7;52.1
62;2021-07-25;5547;1868;902596;758276;62.1;52.2
62;2021-07-26;6236;5387;908832;763663;62.6;52.6
62;2021-07-27;9813;8126;918645;771789;63.2;53.1
62;2021-07-28;10372;7494;929017;779283;63.9;53.6
62;2021-07-29;11974;7650;940991;786933;64.8;54.2
62;2021-07-30;9053;6297;950044;793230;65.4;54.6
62;2021-07-31;6624;4024;956668;797254;65.9;54.9
62;2021-08-01;2337;1099;959005;798353;66.0;55.0
62;2021-08-02;6844;4758;965849;803111;66.5;55.3
62;2021-08-03;8586;7481;974435;810592;67.1;55.8
62;2021-08-04;9447;5475;983882;816067;67.7;56.2
62;2021-08-05;8335;5626;992217;821693;68.3;56.6
62;2021-08-06;7277;5947;999494;827640;68.8;57.0
62;2021-08-07;5464;4951;1004958;832591;69.2;57.3
62;2021-08-08;1871;1301;1006829;833892;69.3;57.4
62;2021-08-09;5225;5040;1012054;838932;69.7;57.7
62;2021-08-10;6196;7365;1018250;846297;70.1;58.3
62;2021-08-11;5392;7398;1023642;853695;70.5;58.8
62;2021-08-12;5979;7030;1029621;860725;70.9;59.2
62;2021-08-13;4449;6050;1034070;866775;71.2;59.7
62;2021-08-14;3808;6863;1037878;873638;71.4;60.1
62;2021-08-15;1139;1208;1039017;874846;71.5;60.2
62;2021-08-16;3163;5872;1042180;880718;71.7;60.6
62;2021-08-17;4140;7347;1046320;888065;72.0;61.1
62;2021-08-18;4329;7241;1050649;895306;72.3;61.6
62;2021-08-19;4335;8610;1054984;903916;72.6;62.2
62;2021-08-20;3366;8465;1058350;912381;72.9;62.8
62;2021-08-21;2447;9757;1060797;922138;73.0;63.5
62;2021-08-22;386;2815;1061183;924953;73.0;63.7
62;2021-08-23;2713;7821;1063896;932774;73.2;64.2
62;2021-08-24;3803;10381;1067699;943155;73.5;64.9
62;2021-08-25;3477;9182;1071176;952337;73.7;65.6
62;2021-08-26;3130;9743;1074306;962080;73.9;66.2
63;2020-12-27;0;0;0;0;0.0;0.0
63;2020-12-28;1;0;1;0;0.0;0.0
63;2020-12-29;0;0;1;0;0.0;0.0
63;2020-12-30;0;0;1;0;0.0;0.0
63;2020-12-31;0;0;1;0;0.0;0.0
63;2021-01-01;1;0;2;0;0.0;0.0
63;2021-01-02;0;0;2;0;0.0;0.0
63;2021-01-03;1;0;3;0;0.0;0.0
63;2021-01-04;0;0;3;0;0.0;0.0
63;2021-01-05;1;0;4;0;0.0;0.0
63;2021-01-06;4;1;8;1;0.0;0.0
63;2021-01-07;310;0;318;1;0.0;0.0
63;2021-01-08;214;0;532;1;0.1;0.0
63;2021-01-09;91;0;623;1;0.1;0.0
63;2021-01-10;82;0;705;1;0.1;0.0
63;2021-01-11;430;2;1135;3;0.2;0.0
63;2021-01-12;661;1;1796;4;0.3;0.0
63;2021-01-13;873;2;2669;6;0.4;0.0
63;2021-01-14;541;8;3210;14;0.5;0.0
63;2021-01-15;431;3;3641;17;0.6;0.0
63;2021-01-16;157;0;3798;17;0.6;0.0
63;2021-01-17;133;0;3931;17;0.6;0.0
63;2021-01-18;631;2;4562;19;0.7;0.0
63;2021-01-19;866;1;5428;20;0.8;0.0
63;2021-01-20;1059;2;6487;22;1.0;0.0
63;2021-01-21;1012;3;7499;25;1.1;0.0
63;2021-01-22;968;3;8467;28;1.3;0.0
63;2021-01-23;192;0;8659;28;1.3;0.0
63;2021-01-24;164;1;8823;29;1.3;0.0
63;2021-01-25;826;1;9649;30;1.5;0.0
63;2021-01-26;972;2;10621;32;1.6;0.0
63;2021-01-27;1001;5;11622;37;1.8;0.0
63;2021-01-28;1320;67;12942;104;2.0;0.0
63;2021-01-29;1066;66;14008;170;2.1;0.0
63;2021-01-30;68;0;14076;170;2.1;0.0
63;2021-01-31;6;0;14082;170;2.1;0.0
63;2021-02-01;572;181;14654;351;2.2;0.1
63;2021-02-02;885;234;15539;585;2.4;0.1
63;2021-02-03;1473;282;17012;867;2.6;0.1
63;2021-02-04;2118;516;19130;1383;2.9;0.2
63;2021-02-05;1145;272;20275;1655;3.1;0.3
63;2021-02-06;117;0;20392;1655;3.1;0.3
63;2021-02-07;9;1;20401;1656;3.1;0.3
63;2021-02-08;538;406;20939;2062;3.2;0.3
63;2021-02-09;671;434;21610;2496;3.3;0.4
63;2021-02-10;608;602;22218;3098;3.4;0.5
63;2021-02-11;751;472;22969;3570;3.5;0.5
63;2021-02-12;820;806;23789;4376;3.6;0.7
63;2021-02-13;82;1;23871;4377;3.6;0.7
63;2021-02-14;0;65;23871;4442;3.6;0.7
63;2021-02-15;202;783;24073;5225;3.6;0.8
63;2021-02-16;413;1137;24486;6362;3.7;1.0
63;2021-02-17;348;871;24834;7233;3.8;1.1
63;2021-02-18;607;824;25441;8057;3.9;1.2
63;2021-02-19;449;971;25890;9028;3.9;1.4
63;2021-02-20;35;32;25925;9060;3.9;1.4
63;2021-02-21;2;17;25927;9077;3.9;1.4
63;2021-02-22;291;931;26218;10008;4.0;1.5
63;2021-02-23;580;1138;26798;11146;4.1;1.7
63;2021-02-24;697;1419;27495;12565;4.2;1.9
63;2021-02-25;1603;1663;29098;14228;4.4;2.2
63;2021-02-26;1625;1367;30723;15595;4.7;2.4
63;2021-02-27;642;68;31365;15663;4.8;2.4
63;2021-02-28;4;178;31369;15841;4.8;2.4
63;2021-03-01;586;520;31955;16361;4.8;2.5
63;2021-03-02;906;802;32861;17163;5.0;2.6
63;2021-03-03;1036;725;33897;17888;5.1;2.7
63;2021-03-04;1752;497;35649;18385;5.4;2.8
63;2021-03-05;2612;690;38261;19075;5.8;2.9
63;2021-03-06;1550;53;39811;19128;6.0;2.9
63;2021-03-07;511;19;40322;19147;6.1;2.9
63;2021-03-08;967;649;41289;19796;6.3;3.0
63;2021-03-09;1538;1063;42827;20859;6.5;3.2
63;2021-03-10;1653;614;44480;21473;6.7;3.3
63;2021-03-11;3051;892;47531;22365;7.2;3.4
63;2021-03-12;3514;387;51045;22752;7.7;3.4
63;2021-03-13;2049;84;53094;22836;8.0;3.5
63;2021-03-14;61;22;53155;22858;8.1;3.5
63;2021-03-15;1765;368;54920;23226;8.3;3.5
63;2021-03-16;1746;415;56666;23641;8.6;3.6
63;2021-03-17;1639;683;58305;24324;8.8;3.7
63;2021-03-18;1938;747;60243;25071;9.1;3.8
63;2021-03-19;2740;495;62983;25566;9.5;3.9
63;2021-03-20;1121;70;64104;25636;9.7;3.9
63;2021-03-21;50;45;64154;25681;9.7;3.9
63;2021-03-22;1984;257;66138;25938;10.0;3.9
63;2021-03-23;2886;348;69024;26286;10.5;4.0
63;2021-03-24;3220;340;72244;26626;10.9;4.0
63;2021-03-25;4596;389;76840;27015;11.6;4.1
63;2021-03-26;4691;567;81531;27582;12.3;4.2
63;2021-03-27;2454;230;83985;27812;12.7;4.2
63;2021-03-28;1047;82;85032;27894;12.9;4.2
63;2021-03-29;2480;522;87512;28416;13.3;4.3
63;2021-03-30;3282;629;90794;29045;13.8;4.4
63;2021-03-31;2967;753;93761;29798;14.2;4.5
63;2021-04-01;3839;531;97600;30329;14.8;4.6
63;2021-04-02;3483;711;101083;31040;15.3;4.7
63;2021-04-03;1174;180;102257;31220;15.5;4.7
63;2021-04-04;877;27;103134;31247;15.6;4.7
63;2021-04-05;803;85;103937;31332;15.7;4.7
63;2021-04-06;2476;939;106413;32271;16.1;4.9
63;2021-04-07;3207;870;109620;33141;16.6;5.0
63;2021-04-08;4722;1222;114342;34363;17.3;5.2
63;2021-04-09;5314;1000;119656;35363;18.1;5.4
63;2021-04-10;2221;481;121877;35844;18.5;5.4
63;2021-04-11;834;38;122711;35882;18.6;5.4
63;2021-04-12;1598;1312;124309;37194;18.8;5.6
63;2021-04-13;1986;1967;126295;39161;19.1;5.9
63;2021-04-14;2629;1436;128924;40597;19.5;6.1
63;2021-04-15;3809;1542;132733;42139;20.1;6.4
63;2021-04-16;2841;2160;135574;44299;20.5;6.7
63;2021-04-17;1233;673;136807;44972;20.7;6.8
63;2021-04-18;802;61;137609;45033;20.8;6.8
63;2021-04-19;1656;2105;139265;47138;21.1;7.1
63;2021-04-20;1701;2299;140966;49437;21.4;7.5
63;2021-04-21;1517;2406;142483;51843;21.6;7.9
63;2021-04-22;1914;2264;144397;54107;21.9;8.2
63;2021-04-23;2018;3115;146415;57222;22.2;8.7
63;2021-04-24;1192;1127;147607;58349;22.4;8.8
63;2021-04-25;554;412;148161;58761;22.4;8.9
63;2021-04-26;1438;2241;149599;61002;22.7;9.2
63;2021-04-27;2327;2614;151926;63616;23.0;9.6
63;2021-04-28;2345;3162;154271;66778;23.4;10.1
63;2021-04-29;2881;2840;157152;69618;23.8;10.5
63;2021-04-30;2862;2821;160014;72439;24.2;11.0
63;2021-05-01;1127;1050;161141;73489;24.4;11.1
63;2021-05-02;897;640;162038;74129;24.5;11.2
63;2021-05-03;2685;2251;164723;76380;24.9;11.6
63;2021-05-04;2879;2697;167602;79077;25.4;12.0
63;2021-05-05;2935;3122;170537;82199;25.8;12.4
63;2021-05-06;3671;3058;174208;85257;26.4;12.9
63;2021-05-07;4034;3543;178242;88800;27.0;13.4
63;2021-05-08;2000;653;180242;89453;27.3;13.5
63;2021-05-09;1802;608;182044;90061;27.6;13.6
63;2021-05-10;4197;2764;186241;92825;28.2;14.1
63;2021-05-11;5339;2764;191580;95589;29.0;14.5
63;2021-05-12;5268;2910;196848;98499;29.8;14.9
63;2021-05-13;4131;699;200979;99198;30.4;15.0
63;2021-05-14;4771;1513;205750;100711;31.2;15.3
63;2021-05-15;3721;987;209471;101698;31.7;15.4
63;2021-05-16;3521;445;212992;102143;32.3;15.5
63;2021-05-17;3898;1991;216890;104134;32.9;15.8
63;2021-05-18;5120;1615;222010;105749;33.6;16.0
63;2021-05-19;5221;1624;227231;107373;34.4;16.3
63;2021-05-20;6800;2087;234031;109460;35.4;16.6
63;2021-05-21;6254;2332;240285;111792;36.4;16.9
63;2021-05-22;3353;849;243638;112641;36.9;17.1
63;2021-05-23;2385;245;246023;112886;37.3;17.1
63;2021-05-24;2639;580;248662;113466;37.7;17.2
63;2021-05-25;4269;2644;252931;116110;38.3;17.6
63;2021-05-26;5451;2417;258382;118527;39.1;18.0
63;2021-05-27;6502;2801;264884;121328;40.1;18.4
63;2021-05-28;5420;3898;270304;125226;40.9;19.0
63;2021-05-29;3360;1502;273664;126728;41.4;19.2
63;2021-05-30;1579;217;275243;126945;41.7;19.2
63;2021-05-31;4151;2287;279394;129232;42.3;19.6
63;2021-06-01;3804;2962;283198;132194;42.9;20.0
63;2021-06-02;3888;2530;287086;134724;43.5;20.4
63;2021-06-03;4901;3143;291987;137867;44.2;20.9
63;2021-06-04;5097;3621;297084;141488;45.0;21.4
63;2021-06-05;2812;1746;299896;143234;45.4;21.7
63;2021-06-06;1308;697;301204;143931;45.6;21.8
63;2021-06-07;3165;2518;304369;146449;46.1;22.2
63;2021-06-08;2878;2756;307247;149205;46.5;22.6
63;2021-06-09;3022;2273;310269;151478;47.0;22.9
63;2021-06-10;3222;2689;313491;154167;47.5;23.4
63;2021-06-11;3100;4049;316591;158216;48.0;24.0
63;2021-06-12;1638;1969;318229;160185;48.2;24.3
63;2021-06-13;480;1097;318709;161282;48.3;24.4
63;2021-06-14;1825;3474;320534;164756;48.5;25.0
63;2021-06-15;2211;3480;322745;168236;48.9;25.5
63;2021-06-16;2573;3312;325318;171548;49.3;26.0
63;2021-06-17;2399;4316;327717;175864;49.6;26.6
63;2021-06-18;2477;5830;330194;181694;50.0;27.5
63;2021-06-19;1638;2834;331832;184528;50.3;27.9
63;2021-06-20;676;2441;332508;186969;50.4;28.3
63;2021-06-21;1272;5390;333780;192359;50.6;29.1
63;2021-06-22;1233;5540;335013;197899;50.7;30.0
63;2021-06-23;1529;4761;336542;202660;51.0;30.7
63;2021-06-24;1926;5383;338468;208043;51.3;31.5
63;2021-06-25;1749;5897;340217;213940;51.5;32.4
63;2021-06-26;1072;3351;341289;217291;51.7;32.9
63;2021-06-27;712;3487;342001;220778;51.8;33.4
63;2021-06-28;1136;5662;343137;226440;52.0;34.3
63;2021-06-29;1225;5161;344362;231601;52.2;35.1
63;2021-06-30;1600;5293;345962;236894;52.4;35.9
63;2021-07-01;1912;8065;347874;244959;52.7;37.1
63;2021-07-02;2060;6545;349934;251504;53.0;38.1
63;2021-07-03;963;2927;350897;254431;53.1;38.5
63;2021-07-04;1062;1884;351959;256315;53.3;38.8
63;2021-07-05;1538;6280;353497;262595;53.5;39.8
63;2021-07-06;1601;4803;355098;267398;53.8;40.5
63;2021-07-07;1973;4087;357071;271485;54.1;41.1
63;2021-07-08;2207;4590;359278;276075;54.4;41.8
63;2021-07-09;1923;5719;361201;281794;54.7;42.7
63;2021-07-10;1533;3415;362734;285209;54.9;43.2
63;2021-07-11;909;1534;363643;286743;55.1;43.4
63;2021-07-12;1593;8705;365236;295448;55.3;44.7
63;2021-07-13;3601;6141;368837;301589;55.9;45.7
63;2021-07-14;3618;1788;372455;303377;56.4;45.9
63;2021-07-15;4410;5035;376865;308412;57.1;46.7
63;2021-07-16;4692;5785;381557;314197;57.8;47.6
63;2021-07-17;3012;2473;384569;316670;58.2;48.0
63;2021-07-18;2826;1088;387395;317758;58.7;48.1
63;2021-07-19;4002;4854;391397;322612;59.3;48.9
63;2021-07-20;4736;5454;396133;328066;60.0;49.7
63;2021-07-21;4792;3981;400925;332047;60.7;50.3
63;2021-07-22;5506;4403;406431;336450;61.6;51.0
63;2021-07-23;5156;4652;411587;341102;62.3;51.7
63;2021-07-24;3673;1951;415260;343053;62.9;52.0
63;2021-07-25;3062;1439;418322;344492;63.4;52.2
63;2021-07-26;4039;3230;422361;347722;64.0;52.7
63;2021-07-27;3929;3157;426290;350879;64.6;53.1
63;2021-07-28;3849;2714;430139;353593;65.1;53.6
63;2021-07-29;4448;3159;434587;356752;65.8;54.0
63;2021-07-30;3805;3576;438392;360328;66.4;54.6
63;2021-07-31;2158;1718;440550;362046;66.7;54.8
63;2021-08-01;1196;833;441746;362879;66.9;55.0
63;2021-08-02;2221;3069;443967;365948;67.2;55.4
63;2021-08-03;2720;3262;446687;369210;67.7;55.9
63;2021-08-04;2802;3242;449489;372452;68.1;56.4
63;2021-08-05;2430;3478;451919;375930;68.4;56.9
63;2021-08-06;2344;4153;454263;380083;68.8;57.6
63;2021-08-07;1298;2797;455561;382880;69.0;58.0
63;2021-08-08;320;1204;455881;384084;69.0;58.2
63;2021-08-09;1837;4225;457718;388309;69.3;58.8
63;2021-08-10;2214;3993;459932;392302;69.7;59.4
63;2021-08-11;2092;3626;462024;395928;70.0;60.0
63;2021-08-12;1843;4622;463867;400550;70.3;60.7
63;2021-08-13;1660;4008;465527;404558;70.5;61.3
63;2021-08-14;834;3236;466361;407794;70.6;61.8
63;2021-08-15;183;1449;466544;409243;70.7;62.0
63;2021-08-16;1163;4390;467707;413633;70.8;62.6
63;2021-08-17;1593;4046;469300;417679;71.1;63.3
63;2021-08-18;1438;3301;470738;420980;71.3;63.8
63;2021-08-19;1323;3447;472061;424427;71.5;64.3
63;2021-08-20;1369;3709;473430;428136;71.7;64.8
63;2021-08-21;672;2162;474102;430298;71.8;65.2
63;2021-08-22;212;1091;474314;431389;71.8;65.3
63;2021-08-23;1055;3588;475369;434977;72.0;65.9
63;2021-08-24;1071;2981;476440;437958;72.2;66.3
63;2021-08-25;996;2783;477436;440741;72.3;66.8
63;2021-08-26;1117;2694;478553;443435;72.5;67.2
64;2020-12-27;1;0;1;0;0.0;0.0
64;2020-12-28;2;0;3;0;0.0;0.0
64;2020-12-29;0;0;3;0;0.0;0.0
64;2020-12-30;0;0;3;0;0.0;0.0
64;2020-12-31;0;0;3;0;0.0;0.0
64;2021-01-01;0;0;3;0;0.0;0.0
64;2021-01-02;0;0;3;0;0.0;0.0
64;2021-01-03;0;0;3;0;0.0;0.0
64;2021-01-04;29;0;32;0;0.0;0.0
64;2021-01-05;25;0;57;0;0.0;0.0
64;2021-01-06;188;0;245;0;0.0;0.0
64;2021-01-07;842;1;1087;1;0.2;0.0
64;2021-01-08;879;2;1966;3;0.3;0.0
64;2021-01-09;54;0;2020;3;0.3;0.0
64;2021-01-10;2;0;2022;3;0.3;0.0
64;2021-01-11;543;0;2565;3;0.4;0.0
64;2021-01-12;760;3;3325;6;0.5;0.0
64;2021-01-13;865;2;4190;8;0.6;0.0
64;2021-01-14;1045;3;5235;11;0.8;0.0
64;2021-01-15;929;5;6164;16;0.9;0.0
64;2021-01-16;70;0;6234;16;0.9;0.0
64;2021-01-17;5;0;6239;16;0.9;0.0
64;2021-01-18;942;8;7181;24;1.1;0.0
64;2021-01-19;1447;4;8628;28;1.3;0.0
64;2021-01-20;1617;3;10245;31;1.5;0.0
64;2021-01-21;2602;2;12847;33;1.9;0.0
64;2021-01-22;1649;3;14496;36;2.1;0.0
64;2021-01-23;524;1;15020;37;2.2;0.0
64;2021-01-24;89;0;15109;37;2.2;0.0
64;2021-01-25;973;8;16082;45;2.4;0.0
64;2021-01-26;1357;21;17439;66;2.6;0.0
64;2021-01-27;1241;119;18680;185;2.7;0.0
64;2021-01-28;1648;631;20328;816;3.0;0.1
64;2021-01-29;973;652;21301;1468;3.1;0.2
64;2021-01-30;468;59;21769;1527;3.2;0.2
64;2021-01-31;91;0;21860;1527;3.2;0.2
64;2021-02-01;674;312;22534;1839;3.3;0.3
64;2021-02-02;1134;554;23668;2393;3.5;0.4
64;2021-02-03;1042;640;24710;3033;3.6;0.4
64;2021-02-04;1027;535;25737;3568;3.8;0.5
64;2021-02-05;867;456;26604;4024;3.9;0.6
64;2021-02-06;501;34;27105;4058;4.0;0.6
64;2021-02-07;131;4;27236;4062;4.0;0.6
64;2021-02-08;769;309;28005;4371;4.1;0.6
64;2021-02-09;946;710;28951;5081;4.2;0.7
64;2021-02-10;915;792;29866;5873;4.4;0.9
64;2021-02-11;1200;1488;31066;7361;4.5;1.1
64;2021-02-12;1076;1065;32142;8426;4.7;1.2
64;2021-02-13;225;317;32367;8743;4.7;1.3
64;2021-02-14;37;47;32404;8790;4.7;1.3
64;2021-02-15;221;1128;32625;9918;4.8;1.5
64;2021-02-16;258;1405;32883;11323;4.8;1.7
64;2021-02-17;290;1245;33173;12568;4.9;1.8
64;2021-02-18;508;1713;33681;14281;4.9;2.1
64;2021-02-19;415;1287;34096;15568;5.0;2.3
64;2021-02-20;119;437;34215;16005;5.0;2.3
64;2021-02-21;20;83;34235;16088;5.0;2.4
64;2021-02-22;477;987;34712;17075;5.1;2.5
64;2021-02-23;720;1142;35432;18217;5.2;2.7
64;2021-02-24;731;1016;36163;19233;5.3;2.8
64;2021-02-25;1094;954;37257;20187;5.5;3.0
64;2021-02-26;1216;915;38473;21102;5.6;3.1
64;2021-02-27;864;406;39337;21508;5.8;3.1
64;2021-02-28;42;84;39379;21592;5.8;3.2
64;2021-03-01;765;798;40144;22390;5.9;3.3
64;2021-03-02;1078;917;41222;23307;6.0;3.4
64;2021-03-03;1251;1002;42473;24309;6.2;3.6
64;2021-03-04;1879;1185;44352;25494;6.5;3.7
64;2021-03-05;2196;1075;46548;26569;6.8;3.9
64;2021-03-06;1543;517;48091;27086;7.0;4.0
64;2021-03-07;594;110;48685;27196;7.1;4.0
64;2021-03-08;1535;764;50220;27960;7.4;4.1
64;2021-03-09;2069;847;52289;28807;7.7;4.2
64;2021-03-10;2081;762;54370;29569;8.0;4.3
64;2021-03-11;2971;1073;57341;30642;8.4;4.5
64;2021-03-12;3486;601;60827;31243;8.9;4.6
64;2021-03-13;2257;169;63084;31412;9.2;4.6
64;2021-03-14;233;15;63317;31427;9.3;4.6
64;2021-03-15;2334;226;65651;31653;9.6;4.6
64;2021-03-16;1993;267;67644;31920;9.9;4.7
64;2021-03-17;2072;237;69716;32157;10.2;4.7
64;2021-03-18;2463;206;72179;32363;10.6;4.7
64;2021-03-19;3014;285;75193;32648;11.0;4.8
64;2021-03-20;2467;90;77660;32738;11.4;4.8
64;2021-03-21;1280;26;78940;32764;11.6;4.8
64;2021-03-22;2589;550;81529;33314;11.9;4.9
64;2021-03-23;3198;652;84727;33966;12.4;5.0
64;2021-03-24;3562;702;88289;34668;12.9;5.1
64;2021-03-25;4351;805;92640;35473;13.6;5.2
64;2021-03-26;4427;701;97067;36174;14.2;5.3
64;2021-03-27;2971;431;100038;36605;14.6;5.4
64;2021-03-28;521;56;100559;36661;14.7;5.4
64;2021-03-29;3028;889;103587;37550;15.2;5.5
64;2021-03-30;4136;870;107723;38420;15.8;5.6
64;2021-03-31;3591;790;111314;39210;16.3;5.7
64;2021-04-01;4782;934;116096;40144;17.0;5.9
64;2021-04-02;4443;745;120539;40889;17.6;6.0
64;2021-04-03;2059;586;122598;41475;17.9;6.1
64;2021-04-04;308;49;122906;41524;18.0;6.1
64;2021-04-05;1689;142;124595;41666;18.2;6.1
64;2021-04-06;3653;1389;128248;43055;18.8;6.3
64;2021-04-07;3949;1514;132197;44569;19.4;6.5
64;2021-04-08;5195;1600;137392;46169;20.1;6.8
64;2021-04-09;5899;1637;143291;47806;21.0;7.0
64;2021-04-10;3222;1050;146513;48856;21.4;7.2
64;2021-04-11;446;251;146959;49107;21.5;7.2
64;2021-04-12;4047;1865;151006;50972;22.1;7.5
64;2021-04-13;4463;2165;155469;53137;22.8;7.8
64;2021-04-14;4090;2141;159559;55278;23.4;8.1
64;2021-04-15;4395;2296;163954;57574;24.0;8.4
64;2021-04-16;4297;2255;168251;59829;24.6;8.8
64;2021-04-17;2480;1500;170731;61329;25.0;9.0
64;2021-04-18;1096;1181;171827;62510;25.2;9.2
64;2021-04-19;2731;2446;174558;64956;25.6;9.5
64;2021-04-20;3208;2429;177766;67385;26.0;9.9
64;2021-04-21;3222;2565;180988;69950;26.5;10.2
64;2021-04-22;3388;2785;184376;72735;27.0;10.6
64;2021-04-23;3434;2609;187810;75344;27.5;11.0
64;2021-04-24;2067;1589;189877;76933;27.8;11.3
64;2021-04-25;290;237;190167;77170;27.8;11.3
64;2021-04-26;2658;2650;192825;79820;28.2;11.7
64;2021-04-27;3060;3131;195885;82951;28.7;12.1
64;2021-04-28;3603;3061;199488;86012;29.2;12.6
64;2021-04-29;4652;3461;204140;89473;29.9;13.1
64;2021-04-30;4084;3612;208224;93085;30.5;13.6
64;2021-05-01;1481;1030;209705;94115;30.7;13.8
64;2021-05-02;446;325;210151;94440;30.8;13.8
64;2021-05-03;2909;3523;213060;97963;31.2;14.3
64;2021-05-04;3646;3994;216706;101957;31.7;14.9
64;2021-05-05;3360;4019;220066;105976;32.2;15.5
64;2021-05-06;4109;3989;224175;109965;32.8;16.1
64;2021-05-07;3921;4194;228096;114159;33.4;16.7
64;2021-05-08;2620;1237;230716;115396;33.8;16.9
64;2021-05-09;720;306;231436;115702;33.9;16.9
64;2021-05-10;2862;4236;234298;119938;34.3;17.6
64;2021-05-11;4185;4153;238483;124091;34.9;18.2
64;2021-05-12;4485;3944;242968;128035;35.6;18.7
64;2021-05-13;3198;887;246166;128922;36.0;18.9
64;2021-05-14;5153;3151;251319;132073;36.8;19.3
64;2021-05-15;3526;1867;254845;133940;37.3;19.6
64;2021-05-16;498;225;255343;134165;37.4;19.6
64;2021-05-17;4191;2385;259534;136550;38.0;20.0
64;2021-05-18;5165;2304;264699;138854;38.7;20.3
64;2021-05-19;4976;2166;269675;141020;39.5;20.6
64;2021-05-20;5570;2158;275245;143178;40.3;21.0
64;2021-05-21;5272;2248;280517;145426;41.1;21.3
64;2021-05-22;3582;1512;284099;146938;41.6;21.5
64;2021-05-23;431;206;284530;147144;41.6;21.5
64;2021-05-24;2997;1232;287527;148376;42.1;21.7
64;2021-05-25;4334;2852;291861;151228;42.7;22.1
64;2021-05-26;4354;2718;296215;153946;43.4;22.5
64;2021-05-27;5283;3157;301498;157103;44.1;23.0
64;2021-05-28;4618;3437;306116;160540;44.8;23.5
64;2021-05-29;2810;2116;308926;162656;45.2;23.8
64;2021-05-30;438;204;309364;162860;45.3;23.8
64;2021-05-31;3891;3672;313255;166532;45.9;24.4
64;2021-06-01;5336;3570;318591;170102;46.6;24.9
64;2021-06-02;4937;3180;323528;173282;47.4;25.4
64;2021-06-03;6367;3269;329895;176551;48.3;25.8
64;2021-06-04;5147;4554;335042;181105;49.0;26.5
64;2021-06-05;3484;2526;338526;183631;49.6;26.9
64;2021-06-06;2014;330;340540;183961;49.8;26.9
64;2021-06-07;4130;4330;344670;188291;50.5;27.6
64;2021-06-08;5155;4129;349825;192420;51.2;28.2
64;2021-06-09;5154;3657;354979;196077;52.0;28.7
64;2021-06-10;6180;3144;361159;199221;52.9;29.2
64;2021-06-11;5590;4873;366749;204094;53.7;29.9
64;2021-06-12;3951;2329;370700;206423;54.3;30.2
64;2021-06-13;1555;392;372255;206815;54.5;30.3
64;2021-06-14;3671;4794;375926;211609;55.0;31.0
64;2021-06-15;4576;4708;380502;216317;55.7;31.7
64;2021-06-16;4471;4666;384973;220983;56.4;32.3
64;2021-06-17;3641;4305;388614;225288;56.9;33.0
64;2021-06-18;4424;5173;393038;230461;57.5;33.7
64;2021-06-19;2983;3284;396021;233745;58.0;34.2
64;2021-06-20;881;539;396902;234284;58.1;34.3
64;2021-06-21;2313;5127;399215;239411;58.4;35.0
64;2021-06-22;2558;5731;401773;245142;58.8;35.9
64;2021-06-23;3105;5485;404878;250627;59.3;36.7
64;2021-06-24;2720;3808;407598;254435;59.7;37.2
64;2021-06-25;2901;6441;410499;260876;60.1;38.2
64;2021-06-26;1799;3838;412298;264714;60.4;38.7
64;2021-06-27;492;713;412790;265427;60.4;38.9
64;2021-06-28;1932;6067;414722;271494;60.7;39.7
64;2021-06-29;1966;6266;416688;277760;61.0;40.7
64;2021-06-30;2254;6003;418942;283763;61.3;41.5
64;2021-07-01;2412;5343;421354;289106;61.7;42.3
64;2021-07-02;2302;6409;423656;295515;62.0;43.3
64;2021-07-03;1263;3783;424919;299298;62.2;43.8
64;2021-07-04;411;847;425330;300145;62.3;43.9
64;2021-07-05;1379;5411;426709;305556;62.5;44.7
64;2021-07-06;1995;6151;428704;311707;62.8;45.6
64;2021-07-07;2065;5752;430769;317459;63.1;46.5
64;2021-07-08;1801;4396;432570;321855;63.3;47.1
64;2021-07-09;1821;6537;434391;328392;63.6;48.1
64;2021-07-10;1170;3881;435561;332273;63.8;48.6
64;2021-07-11;253;860;435814;333133;63.8;48.8
64;2021-07-12;1502;6088;437316;339221;64.0;49.7
64;2021-07-13;2364;7250;439680;346471;64.4;50.7
64;2021-07-14;2372;3405;442052;349876;64.7;51.2
64;2021-07-15;2104;5483;444156;355359;65.0;52.0
64;2021-07-16;2846;6778;447002;362137;65.4;53.0
64;2021-07-17;2338;4591;449340;366728;65.8;53.7
64;2021-07-18;715;2050;450055;368778;65.9;54.0
64;2021-07-19;2350;6123;452405;374901;66.2;54.9
64;2021-07-20;3124;6552;455529;381453;66.7;55.8
64;2021-07-21;3342;6047;458871;387500;67.2;56.7
64;2021-07-22;3814;5716;462685;393216;67.7;57.6
64;2021-07-23;3724;5611;466409;398827;68.3;58.4
64;2021-07-24;2544;4430;468953;403257;68.6;59.0
64;2021-07-25;753;1060;469706;404317;68.8;59.2
64;2021-07-26;3084;5135;472790;409452;69.2;59.9
64;2021-07-27;4262;5142;477052;414594;69.8;60.7
64;2021-07-28;4311;4594;481363;419188;70.5;61.4
64;2021-07-29;5512;3901;486875;423089;71.3;61.9
64;2021-07-30;5132;4222;492007;427311;72.0;62.5
64;2021-07-31;3167;3347;495174;430658;72.5;63.0
64;2021-08-01;1144;584;496318;431242;72.6;63.1
64;2021-08-02;4345;2649;500663;433891;73.3;63.5
64;2021-08-03;4534;3170;505197;437061;73.9;64.0
64;2021-08-04;4114;2998;509311;440059;74.6;64.4
64;2021-08-05;4000;2617;513311;442676;75.1;64.8
64;2021-08-06;3812;3340;517123;446016;75.7;65.3
64;2021-08-07;2474;2706;519597;448722;76.1;65.7
64;2021-08-08;487;609;520084;449331;76.1;65.8
64;2021-08-09;2674;3197;522758;452528;76.5;66.2
64;2021-08-10;3276;3433;526034;455961;77.0;66.7
64;2021-08-11;3050;3260;529084;459221;77.4;67.2
64;2021-08-12;3173;3301;532257;462522;77.9;67.7
64;2021-08-13;2538;3652;534795;466174;78.3;68.2
64;2021-08-14;1625;2675;536420;468849;78.5;68.6
64;2021-08-15;202;691;536622;469540;78.5;68.7
64;2021-08-16;2095;3231;538717;472771;78.9;69.2
64;2021-08-17;2266;3699;540983;476470;79.2;69.7
64;2021-08-18;2021;3521;543004;479991;79.5;70.3
64;2021-08-19;1930;3526;544934;483517;79.8;70.8
64;2021-08-20;1574;3978;546508;487495;80.0;71.4
64;2021-08-21;971;2882;547479;490377;80.1;71.8
64;2021-08-22;160;893;547639;491270;80.2;71.9
64;2021-08-23;1253;3239;548892;494509;80.3;72.4
64;2021-08-24;1370;4593;550262;499102;80.5;73.1
64;2021-08-25;1247;3735;551509;502837;80.7;73.6
64;2021-08-26;1090;3529;552599;506366;80.9;74.1
65;2020-12-27;0;0;0;0;0.0;0.0
65;2020-12-28;0;0;0;0;0.0;0.0
65;2020-12-29;0;0;0;0;0.0;0.0
65;2020-12-30;0;0;0;0;0.0;0.0
65;2020-12-31;0;0;0;0;0.0;0.0
65;2021-01-01;0;0;0;0;0.0;0.0
65;2021-01-02;0;0;0;0;0.0;0.0
65;2021-01-03;0;0;0;0;0.0;0.0
65;2021-01-04;0;0;0;0;0.0;0.0
65;2021-01-05;1;0;1;0;0.0;0.0
65;2021-01-06;3;0;4;0;0.0;0.0
65;2021-01-07;167;0;171;0;0.1;0.0
65;2021-01-08;253;1;424;1;0.2;0.0
65;2021-01-09;176;1;600;2;0.3;0.0
65;2021-01-10;1;0;601;2;0.3;0.0
65;2021-01-11;275;3;876;5;0.4;0.0
65;2021-01-12;272;1;1148;6;0.5;0.0
65;2021-01-13;587;1;1735;7;0.8;0.0
65;2021-01-14;579;5;2314;12;1.0;0.0
65;2021-01-15;527;2;2841;14;1.3;0.0
65;2021-01-16;221;2;3062;16;1.3;0.0
65;2021-01-17;1;0;3063;16;1.4;0.0
65;2021-01-18;553;5;3616;21;1.6;0.0
65;2021-01-19;570;2;4186;23;1.8;0.0
65;2021-01-20;584;5;4770;28;2.1;0.0
65;2021-01-21;584;0;5354;28;2.4;0.0
65;2021-01-22;597;0;5951;28;2.6;0.0
65;2021-01-23;174;1;6125;29;2.7;0.0
65;2021-01-24;3;1;6128;30;2.7;0.0
65;2021-01-25;551;4;6679;34;2.9;0.0
65;2021-01-26;881;2;7560;36;3.3;0.0
65;2021-01-27;588;11;8148;47;3.6;0.0
65;2021-01-28;507;71;8655;118;3.8;0.1
65;2021-01-29;426;138;9081;256;4.0;0.1
65;2021-01-30;183;74;9264;330;4.1;0.1
65;2021-01-31;15;0;9279;330;4.1;0.1
65;2021-02-01;321;90;9600;420;4.2;0.2
65;2021-02-02;418;189;10018;609;4.4;0.3
65;2021-02-03;463;244;10481;853;4.6;0.4
65;2021-02-04;307;329;10788;1182;4.8;0.5
65;2021-02-05;285;361;11073;1543;4.9;0.7
65;2021-02-06;99;99;11172;1642;4.9;0.7
65;2021-02-07;10;0;11182;1642;4.9;0.7
65;2021-02-08;425;219;11607;1861;5.1;0.8
65;2021-02-09;272;379;11879;2240;5.2;1.0
65;2021-02-10;296;269;12175;2509;5.4;1.1
65;2021-02-11;320;275;12495;2784;5.5;1.2
65;2021-02-12;277;231;12772;3015;5.6;1.3
65;2021-02-13;125;97;12897;3112;5.7;1.4
65;2021-02-14;3;16;12900;3128;5.7;1.4
65;2021-02-15;202;413;13102;3541;5.8;1.6
65;2021-02-16;488;581;13590;4122;6.0;1.8
65;2021-02-17;230;499;13820;4621;6.1;2.0
65;2021-02-18;285;584;14105;5205;6.2;2.3
65;2021-02-19;156;479;14261;5684;6.3;2.5
65;2021-02-20;53;158;14314;5842;6.3;2.6
65;2021-02-21;3;48;14317;5890;6.3;2.6
65;2021-02-22;166;539;14483;6429;6.4;2.8
65;2021-02-23;248;527;14731;6956;6.5;3.1
65;2021-02-24;232;638;14963;7594;6.6;3.3
65;2021-02-25;212;181;15175;7775;6.7;3.4
65;2021-02-26;350;775;15525;8550;6.8;3.8
65;2021-02-27;106;202;15631;8752;6.9;3.9
65;2021-02-28;1;0;15632;8752;6.9;3.9
65;2021-03-01;378;373;16010;9125;7.1;4.0
65;2021-03-02;454;363;16464;9488;7.3;4.2
65;2021-03-03;381;390;16845;9878;7.4;4.4
65;2021-03-04;695;331;17540;10209;7.7;4.5
65;2021-03-05;678;286;18218;10495;8.0;4.6
65;2021-03-06;1187;86;19405;10581;8.6;4.7
65;2021-03-07;258;12;19663;10593;8.7;4.7
65;2021-03-08;412;343;20075;10936;8.8;4.8
65;2021-03-09;668;336;20743;11272;9.1;5.0
65;2021-03-10;625;371;21368;11643;9.4;5.1
65;2021-03-11;778;357;22146;12000;9.8;5.3
65;2021-03-12;1058;190;23204;12190;10.2;5.4
65;2021-03-13;354;93;23558;12283;10.4;5.4
65;2021-03-14;3;30;23561;12313;10.4;5.4
65;2021-03-15;816;185;24377;12498;10.7;5.5
65;2021-03-16;692;219;25069;12717;11.1;5.6
65;2021-03-17;710;208;25779;12925;11.4;5.7
65;2021-03-18;534;233;26313;13158;11.6;5.8
65;2021-03-19;878;164;27191;13322;12.0;5.9
65;2021-03-20;244;45;27435;13367;12.1;5.9
65;2021-03-21;12;2;27447;13369;12.1;5.9
65;2021-03-22;735;154;28182;13523;12.4;6.0
65;2021-03-23;837;368;29019;13891;12.8;6.1
65;2021-03-24;868;254;29887;14145;13.2;6.2
65;2021-03-25;1251;190;31138;14335;13.7;6.3
65;2021-03-26;1225;140;32363;14475;14.3;6.4
65;2021-03-27;1357;91;33720;14566;14.9;6.4
65;2021-03-28;1;2;33721;14568;14.9;6.4
65;2021-03-29;1491;359;35212;14927;15.5;6.6
65;2021-03-30;1357;405;36569;15332;16.1;6.8
65;2021-03-31;1208;372;37777;15704;16.7;6.9
65;2021-04-01;1510;397;39287;16101;17.3;7.1
65;2021-04-02;1684;288;40971;16389;18.1;7.2
65;2021-04-03;247;45;41218;16434;18.2;7.2
65;2021-04-04;4;2;41222;16436;18.2;7.2
65;2021-04-05;158;44;41380;16480;18.2;7.3
65;2021-04-06;1295;492;42675;16972;18.8;7.5
65;2021-04-07;1958;458;44633;17430;19.7;7.7
65;2021-04-08;1640;415;46273;17845;20.4;7.9
65;2021-04-09;1644;471;47917;18316;21.1;8.1
65;2021-04-10;1591;152;49508;18468;21.8;8.1
65;2021-04-11;3;0;49511;18468;21.8;8.1
65;2021-04-12;1349;737;50860;19205;22.4;8.5
65;2021-04-13;1574;590;52434;19795;23.1;8.7
65;2021-04-14;1904;746;54338;20541;24.0;9.1
65;2021-04-15;1699;672;56037;21213;24.7;9.4
65;2021-04-16;1824;529;57861;21742;25.5;9.6
65;2021-04-17;2156;132;60017;21874;26.5;9.6
65;2021-04-18;7;27;60024;21901;26.5;9.7
65;2021-04-19;1337;773;61361;22674;27.1;10.0
65;2021-04-20;1529;708;62890;23382;27.7;10.3
65;2021-04-21;1053;1047;63943;24429;28.2;10.8
65;2021-04-22;1643;726;65586;25155;28.9;11.1
65;2021-04-23;1161;1147;66747;26302;29.4;11.6
65;2021-04-24;1264;610;68011;26912;30.0;11.9
65;2021-04-25;31;15;68042;26927;30.0;11.9
65;2021-04-26;1608;1296;69650;28223;30.7;12.4
65;2021-04-27;1423;1339;71073;29562;31.3;13.0
65;2021-04-28;1729;1023;72802;30585;32.1;13.5
65;2021-04-29;1959;1035;74761;31620;33.0;13.9
65;2021-04-30;1782;925;76543;32545;33.7;14.3
65;2021-05-01;1574;229;78117;32774;34.4;14.4
65;2021-05-02;671;24;78788;32798;34.7;14.5
65;2021-05-03;1280;1620;80068;34418;35.3;15.2
65;2021-05-04;1535;1244;81603;35662;36.0;15.7
65;2021-05-05;1374;1646;82977;37308;36.6;16.4
65;2021-05-06;1556;1178;84533;38486;37.3;17.0
65;2021-05-07;1274;1569;85807;40055;37.8;17.7
65;2021-05-08;1647;443;87454;40498;38.6;17.9
65;2021-05-09;0;89;87454;40587;38.6;17.9
65;2021-05-10;953;1883;88407;42470;39.0;18.7
65;2021-05-11;1059;1811;89466;44281;39.4;19.5
65;2021-05-12;1237;1635;90703;45916;40.0;20.2
65;2021-05-13;1345;169;92048;46085;40.6;20.3
65;2021-05-14;1575;1094;93623;47179;41.3;20.8
65;2021-05-15;1401;511;95024;47690;41.9;21.0
65;2021-05-16;1444;70;96468;47760;42.5;21.1
65;2021-05-17;1036;1615;97504;49375;43.0;21.8
65;2021-05-18;1611;1209;99115;50584;43.7;22.3
65;2021-05-19;1684;1009;100799;51593;44.4;22.7
65;2021-05-20;1844;1052;102643;52645;45.2;23.2
65;2021-05-21;1791;1234;104434;53879;46.0;23.8
65;2021-05-22;1287;638;105721;54517;46.6;24.0
65;2021-05-23;689;32;106410;54549;46.9;24.0
65;2021-05-24;703;77;107113;54626;47.2;24.1
65;2021-05-25;1358;1547;108471;56173;47.8;24.8
65;2021-05-26;1472;1356;109943;57529;48.5;25.4
65;2021-05-27;1622;1464;111565;58993;49.2;26.0
65;2021-05-28;1601;1674;113166;60667;49.9;26.7
65;2021-05-29;1186;1514;114352;62181;50.4;27.4
65;2021-05-30;6;10;114358;62191;50.4;27.4
65;2021-05-31;1324;1300;115682;63491;51.0;28.0
65;2021-06-01;1833;936;117515;64427;51.8;28.4
65;2021-06-02;1575;951;119090;65378;52.5;28.8
65;2021-06-03;1341;1103;120431;66481;53.1;29.3
65;2021-06-04;1791;1561;122222;68042;53.9;30.0
65;2021-06-05;433;1240;122655;69282;54.1;30.5
65;2021-06-06;3;13;122658;69295;54.1;30.5
65;2021-06-07;674;1984;123332;71279;54.4;31.4
65;2021-06-08;956;1538;124288;72817;54.8;32.1
65;2021-06-09;826;1549;125114;74366;55.2;32.8
65;2021-06-10;740;1156;125854;75522;55.5;33.3
65;2021-06-11;910;1808;126764;77330;55.9;34.1
65;2021-06-12;150;639;126914;77969;55.9;34.4
65;2021-06-13;5;7;126919;77976;56.0;34.4
65;2021-06-14;503;2422;127422;80398;56.2;35.4
65;2021-06-15;941;1804;128363;82202;56.6;36.2
65;2021-06-16;1065;1366;129428;83568;57.1;36.8
65;2021-06-17;814;1047;130242;84615;57.4;37.3
65;2021-06-18;1018;1632;131260;86247;57.9;38.0
65;2021-06-19;691;1688;131951;87935;58.2;38.8
65;2021-06-20;2;2;131953;87937;58.2;38.8
65;2021-06-21;736;1940;132689;89877;58.5;39.6
65;2021-06-22;1046;1479;133735;91356;59.0;40.3
65;2021-06-23;1064;1233;134799;92589;59.4;40.8
65;2021-06-24;959;1144;135758;93733;59.8;41.3
65;2021-06-25;831;1967;136589;95700;60.2;42.2
65;2021-06-26;168;1658;136757;97358;60.3;42.9
65;2021-06-27;15;1101;136772;98459;60.3;43.4
65;2021-06-28;444;2301;137216;100760;60.5;44.4
65;2021-06-29;684;1919;137900;102679;60.8;45.3
65;2021-06-30;932;1679;138832;104358;61.2;46.0
65;2021-07-01;605;752;139437;105110;61.5;46.3
65;2021-07-02;1167;1733;140604;106843;62.0;47.1
65;2021-07-03;196;1916;140800;108759;62.1;47.9
65;2021-07-04;416;185;141216;108944;62.3;48.0
65;2021-07-05;640;1994;141856;110938;62.5;48.9
65;2021-07-06;897;2126;142753;113064;62.9;49.8
65;2021-07-07;973;1515;143726;114579;63.4;50.5
65;2021-07-08;326;662;144052;115241;63.5;50.8
65;2021-07-09;549;1594;144601;116835;63.7;51.5
65;2021-07-10;297;956;144898;117791;63.9;51.9
65;2021-07-11;0;0;144898;117791;63.9;51.9
65;2021-07-12;479;2221;145377;120012;64.1;52.9
65;2021-07-13;696;2148;146073;122160;64.4;53.9
65;2021-07-14;213;52;146286;122212;64.5;53.9
65;2021-07-15;1047;1661;147333;123873;65.0;54.6
65;2021-07-16;1186;1883;148519;125756;65.5;55.4
65;2021-07-17;431;543;148950;126299;65.7;55.7
65;2021-07-18;22;12;148972;126311;65.7;55.7
65;2021-07-19;631;1495;149603;127806;66.0;56.3
65;2021-07-20;1445;1703;151048;129509;66.6;57.1
65;2021-07-21;1411;1660;152459;131169;67.2;57.8
65;2021-07-22;2191;1292;154650;132461;68.2;58.4
65;2021-07-23;1617;1792;156267;134253;68.9;59.2
65;2021-07-24;1043;649;157310;134902;69.3;59.5
65;2021-07-25;22;21;157332;134923;69.4;59.5
65;2021-07-26;1141;1244;158473;136167;69.9;60.0
65;2021-07-27;1784;1956;160257;138123;70.6;60.9
65;2021-07-28;1596;1321;161853;139444;71.4;61.5
65;2021-07-29;2873;1135;164726;140579;72.6;62.0
65;2021-07-30;2439;1396;167165;141975;73.7;62.6
65;2021-07-31;2274;351;169439;142326;74.7;62.7
65;2021-08-01;14;16;169453;142342;74.7;62.8
65;2021-08-02;974;833;170427;143175;75.1;63.1
65;2021-08-03;2075;1064;172502;144239;76.0;63.6
65;2021-08-04;1776;636;174278;144875;76.8;63.9
65;2021-08-05;1798;838;176076;145713;77.6;64.2
65;2021-08-06;1640;967;177716;146680;78.3;64.7
65;2021-08-07;721;484;178437;147164;78.7;64.9
65;2021-08-08;2;9;178439;147173;78.7;64.9
65;2021-08-09;681;943;179120;148116;79.0;65.3
65;2021-08-10;1163;1546;180283;149662;79.5;66.0
65;2021-08-11;726;1262;181009;150924;79.8;66.5
65;2021-08-12;764;1081;181773;152005;80.1;67.0
65;2021-08-13;411;1008;182184;153013;80.3;67.5
65;2021-08-14;592;565;182776;153578;80.6;67.7
65;2021-08-15;7;19;182783;153597;80.6;67.7
65;2021-08-16;393;1536;183176;155133;80.8;68.4
65;2021-08-17;718;2176;183894;157309;81.1;69.3
65;2021-08-18;587;1543;184481;158852;81.3;70.0
65;2021-08-19;719;1308;185200;160160;81.6;70.6
65;2021-08-20;447;1335;185647;161495;81.8;71.2
65;2021-08-21;37;105;185684;161600;81.9;71.2
65;2021-08-22;11;13;185695;161613;81.9;71.2
65;2021-08-23;264;1682;185959;163295;82.0;72.0
65;2021-08-24;543;2443;186502;165738;82.2;73.1
65;2021-08-25;411;1955;186913;167693;82.4;73.9
65;2021-08-26;418;2302;187331;169995;82.6;74.9
66;2020-12-27;0;0;0;0;0.0;0.0
66;2020-12-28;2;0;2;0;0.0;0.0
66;2020-12-29;0;0;2;0;0.0;0.0
66;2020-12-30;0;0;2;0;0.0;0.0
66;2020-12-31;1;0;3;0;0.0;0.0
66;2021-01-01;1;0;4;0;0.0;0.0
66;2021-01-02;0;0;4;0;0.0;0.0
66;2021-01-03;0;0;4;0;0.0;0.0
66;2021-01-04;30;0;34;0;0.0;0.0
66;2021-01-05;135;0;169;0;0.0;0.0
66;2021-01-06;195;0;364;0;0.1;0.0
66;2021-01-07;182;0;546;0;0.1;0.0
66;2021-01-08;212;0;758;0;0.2;0.0
66;2021-01-09;232;0;990;0;0.2;0.0
66;2021-01-10;11;0;1001;0;0.2;0.0
66;2021-01-11;404;3;1405;3;0.3;0.0
66;2021-01-12;587;2;1992;5;0.4;0.0
66;2021-01-13;877;7;2869;12;0.6;0.0
66;2021-01-14;892;12;3761;24;0.8;0.0
66;2021-01-15;587;1;4348;25;0.9;0.0
66;2021-01-16;106;2;4454;27;0.9;0.0
66;2021-01-17;46;1;4500;28;0.9;0.0
66;2021-01-18;655;3;5155;31;1.1;0.0
66;2021-01-19;717;3;5872;34;1.2;0.0
66;2021-01-20;1169;3;7041;37;1.5;0.0
66;2021-01-21;2402;4;9443;41;2.0;0.0
66;2021-01-22;1439;9;10882;50;2.3;0.0
66;2021-01-23;399;3;11281;53;2.4;0.0
66;2021-01-24;226;9;11507;62;2.4;0.0
66;2021-01-25;738;40;12245;102;2.6;0.0
66;2021-01-26;787;66;13032;168;2.7;0.0
66;2021-01-27;866;104;13898;272;2.9;0.1
66;2021-01-28;876;128;14774;400;3.1;0.1
66;2021-01-29;817;127;15591;527;3.3;0.1
66;2021-01-30;480;70;16071;597;3.4;0.1
66;2021-01-31;202;27;16273;624;3.4;0.1
66;2021-02-01;562;188;16835;812;3.5;0.2
66;2021-02-02;621;289;17456;1101;3.6;0.2
66;2021-02-03;737;627;18193;1728;3.8;0.4
66;2021-02-04;688;620;18881;2348;3.9;0.5
66;2021-02-05;778;414;19659;2762;4.1;0.6
66;2021-02-06;418;147;20077;2909;4.2;0.6
66;2021-02-07;169;139;20246;3048;4.2;0.6
66;2021-02-08;501;393;20747;3441;4.3;0.7
66;2021-02-09;533;401;21280;3842;4.4;0.8
66;2021-02-10;616;770;21896;4612;4.6;1.0
66;2021-02-11;1104;1570;23000;6182;4.8;1.3
66;2021-02-12;1121;1201;24121;7383;5.0;1.5
66;2021-02-13;366;303;24487;7686;5.1;1.6
66;2021-02-14;111;197;24598;7883;5.1;1.6
66;2021-02-15;425;697;25023;8580;5.2;1.8
66;2021-02-16;304;787;25327;9367;5.3;2.0
66;2021-02-17;379;697;25706;10064;5.4;2.1
66;2021-02-18;366;773;26072;10837;5.4;2.3
66;2021-02-19;400;703;26472;11540;5.5;2.4
66;2021-02-20;184;407;26656;11947;5.6;2.5
66;2021-02-21;41;171;26697;12118;5.6;2.5
66;2021-02-22;416;638;27113;12756;5.7;2.7
66;2021-02-23;508;665;27621;13421;5.8;2.8
66;2021-02-24;342;749;27963;14170;5.8;3.0
66;2021-02-25;717;712;28680;14882;6.0;3.1
66;2021-02-26;954;748;29634;15630;6.2;3.3
66;2021-02-27;363;428;29997;16058;6.3;3.4
66;2021-02-28;59;172;30056;16230;6.3;3.4
66;2021-03-01;378;650;30434;16880;6.4;3.5
66;2021-03-02;334;657;30768;17537;6.4;3.7
66;2021-03-03;528;644;31296;18181;6.5;3.8
66;2021-03-04;991;1057;32287;19238;6.7;4.0
66;2021-03-05;1525;799;33812;20037;7.1;4.2
66;2021-03-06;1146;346;34958;20383;7.3;4.3
66;2021-03-07;1097;97;36055;20480;7.5;4.3
66;2021-03-08;696;542;36751;21022;7.7;4.4
66;2021-03-09;1224;592;37975;21614;7.9;4.5
66;2021-03-10;1301;504;39276;22118;8.2;4.6
66;2021-03-11;1474;593;40750;22711;8.5;4.7
66;2021-03-12;2395;579;43145;23290;9.0;4.9
66;2021-03-13;1081;307;44226;23597;9.2;4.9
66;2021-03-14;192;84;44418;23681;9.3;4.9
66;2021-03-15;1109;394;45527;24075;9.5;5.0
66;2021-03-16;952;259;46479;24334;9.7;5.1
66;2021-03-17;867;397;47346;24731;9.9;5.2
66;2021-03-18;969;346;48315;25077;10.1;5.2
66;2021-03-19;1292;318;49607;25395;10.4;5.3
66;2021-03-20;837;122;50444;25517;10.5;5.3
66;2021-03-21;185;44;50629;25561;10.6;5.3
66;2021-03-22;1114;394;51743;25955;10.8;5.4
66;2021-03-23;1757;387;53500;26342;11.2;5.5
66;2021-03-24;1796;519;55296;26861;11.5;5.6
66;2021-03-25;2536;470;57832;27331;12.1;5.7
66;2021-03-26;2577;365;60409;27696;12.6;5.8
66;2021-03-27;1208;298;61617;27994;12.9;5.8
66;2021-03-28;321;3;61938;27997;12.9;5.8
66;2021-03-29;1830;257;63768;28254;13.3;5.9
66;2021-03-30;2240;174;66008;28428;13.8;5.9
66;2021-03-31;1987;250;67995;28678;14.2;6.0
66;2021-04-01;2672;303;70667;28981;14.8;6.1
66;2021-04-02;2421;256;73088;29237;15.3;6.1
66;2021-04-03;1148;335;74236;29572;15.5;6.2
66;2021-04-04;107;125;74343;29697;15.5;6.2
66;2021-04-05;196;142;74539;29839;15.6;6.2
66;2021-04-06;1334;649;75873;30488;15.8;6.4
66;2021-04-07;1397;598;77270;31086;16.1;6.5
66;2021-04-08;2072;547;79342;31633;16.6;6.6
66;2021-04-09;3480;660;82822;32293;17.3;6.7
66;2021-04-10;2307;523;85129;32816;17.8;6.9
66;2021-04-11;1200;168;86329;32984;18.0;6.9
66;2021-04-12;2703;1022;89032;34006;18.6;7.1
66;2021-04-13;3609;1064;92641;35070;19.3;7.3
66;2021-04-14;3292;923;95933;35993;20.0;7.5
66;2021-04-15;3555;1048;99488;37041;20.8;7.7
66;2021-04-16;3591;1034;103079;38075;21.5;7.9
66;2021-04-17;2263;592;105342;38667;22.0;8.1
66;2021-04-18;1445;132;106787;38799;22.3;8.1
66;2021-04-19;2256;1122;109043;39921;22.8;8.3
66;2021-04-20;2373;1078;111416;40999;23.3;8.6
66;2021-04-21;2870;1179;114286;42178;23.9;8.8
66;2021-04-22;2659;1231;116945;43409;24.4;9.1
66;2021-04-23;2380;1237;119325;44646;24.9;9.3
66;2021-04-24;2744;881;122069;45527;25.5;9.5
66;2021-04-25;1207;267;123276;45794;25.7;9.6
66;2021-04-26;1998;1254;125274;47048;26.2;9.8
66;2021-04-27;2748;1304;128022;48352;26.7;10.1
66;2021-04-28;2421;1661;130443;50013;27.2;10.4
66;2021-04-29;2703;2127;133146;52140;27.8;10.9
66;2021-04-30;3055;1557;136201;53697;28.4;11.2
66;2021-05-01;2001;470;138202;54167;28.9;11.3
66;2021-05-02;1529;264;139731;54431;29.2;11.4
66;2021-05-03;2938;1111;142669;55542;29.8;11.6
66;2021-05-04;3169;1343;145838;56885;30.4;11.9
66;2021-05-05;3052;1543;148890;58428;31.1;12.2
66;2021-05-06;3754;2082;152644;60510;31.9;12.6
66;2021-05-07;2968;3080;155612;63590;32.5;13.3
66;2021-05-08;1731;1171;157343;64761;32.8;13.5
66;2021-05-09;887;1370;158230;66131;33.0;13.8
66;2021-05-10;1805;2973;160035;69104;33.4;14.4
66;2021-05-11;2740;3126;162775;72230;34.0;15.1
66;2021-05-12;2430;2568;165205;74798;34.5;15.6
66;2021-05-13;2260;1385;167465;76183;35.0;15.9
66;2021-05-14;2772;2118;170237;78301;35.5;16.3
66;2021-05-15;2330;1577;172567;79878;36.0;16.7
66;2021-05-16;2286;1250;174853;81128;36.5;16.9
66;2021-05-17;2051;1824;176904;82952;36.9;17.3
66;2021-05-18;3237;1808;180141;84760;37.6;17.7
66;2021-05-19;2878;1342;183019;86102;38.2;18.0
66;2021-05-20;4375;1447;187394;87549;39.1;18.3
66;2021-05-21;3268;1463;190662;89012;39.8;18.6
66;2021-05-22;3066;780;193728;89792;40.4;18.7
66;2021-05-23;1510;238;195238;90030;40.8;18.8
66;2021-05-24;1955;428;197193;90458;41.2;18.9
66;2021-05-25;2795;1689;199988;92147;41.8;19.2
66;2021-05-26;2780;1494;202768;93641;42.3;19.5
66;2021-05-27;3385;2257;206153;95898;43.0;20.0
66;2021-05-28;2686;3051;208839;98949;43.6;20.7
66;2021-05-29;2147;1518;210986;100467;44.0;21.0
66;2021-05-30;786;989;211772;101456;44.2;21.2
66;2021-05-31;2120;1784;213892;103240;44.7;21.6
66;2021-06-01;2629;2004;216521;105244;45.2;22.0
66;2021-06-02;2809;2339;219330;107583;45.8;22.5
66;2021-06-03;2479;2968;221809;110551;46.3;23.1
66;2021-06-04;1880;3354;223689;113905;46.7;23.8
66;2021-06-05;1411;2601;225100;116506;47.0;24.3
66;2021-06-06;294;1228;225394;117734;47.1;24.6
66;2021-06-07;1341;2959;226735;120693;47.3;25.2
66;2021-06-08;1739;3021;228474;123714;47.7;25.8
66;2021-06-09;2068;2788;230542;126502;48.1;26.4
66;2021-06-10;2081;2961;232623;129463;48.6;27.0
66;2021-06-11;2101;3860;234724;133323;49.0;27.8
66;2021-06-12;872;2411;235596;135734;49.2;28.3
66;2021-06-13;517;1334;236113;137068;49.3;28.6
66;2021-06-14;1360;3495;237473;140563;49.6;29.3
66;2021-06-15;2130;3573;239603;144136;50.0;30.1
66;2021-06-16;1790;3568;241393;147704;50.4;30.8
66;2021-06-17;2435;3605;243828;151309;50.9;31.6
66;2021-06-18;2227;3823;246055;155132;51.4;32.4
66;2021-06-19;1542;2321;247597;157453;51.7;32.9
66;2021-06-20;998;1266;248595;158719;51.9;33.1
66;2021-06-21;1163;2879;249758;161598;52.1;33.7
66;2021-06-22;1509;3763;251267;165361;52.5;34.5
66;2021-06-23;1325;3027;252592;168388;52.7;35.2
66;2021-06-24;1515;3230;254107;171618;53.0;35.8
66;2021-06-25;1399;3535;255506;175153;53.3;36.6
66;2021-06-26;963;2681;256469;177834;53.5;37.1
66;2021-06-27;679;1557;257148;179391;53.7;37.5
66;2021-06-28;977;2977;258125;182368;53.9;38.1
66;2021-06-29;1146;3795;259271;186163;54.1;38.9
66;2021-06-30;1277;3305;260548;189468;54.4;39.6
66;2021-07-01;1373;4044;261921;193512;54.7;40.4
66;2021-07-02;1342;3603;263263;197115;55.0;41.2
66;2021-07-03;1153;3903;264416;201018;55.2;42.0
66;2021-07-04;717;1792;265133;202810;55.4;42.3
66;2021-07-05;1208;3005;266341;205815;55.6;43.0
66;2021-07-06;1452;3786;267793;209601;55.9;43.8
66;2021-07-07;1430;3249;269223;212850;56.2;44.4
66;2021-07-08;1275;3383;270498;216233;56.5;45.1
66;2021-07-09;1423;3462;271921;219695;56.8;45.9
66;2021-07-10;1004;2402;272925;222097;57.0;46.4
66;2021-07-11;540;1540;273465;223637;57.1;46.7
66;2021-07-12;994;3640;274459;227277;57.3;47.4
66;2021-07-13;2132;4270;276591;231547;57.7;48.3
66;2021-07-14;1950;1233;278541;232780;58.2;48.6
66;2021-07-15;2780;3113;281321;235893;58.7;49.2
66;2021-07-16;3328;3206;284649;239099;59.4;49.9
66;2021-07-17;2119;2035;286768;241134;59.9;50.3
66;2021-07-18;1197;1062;287965;242196;60.1;50.6
66;2021-07-19;2792;3085;290757;245281;60.7;51.2
66;2021-07-20;3655;2884;294412;248165;61.5;51.8
66;2021-07-21;3962;2945;298374;251110;62.3;52.4
66;2021-07-22;3912;2819;302286;253929;63.1;53.0
66;2021-07-23;3893;3034;306179;256963;63.9;53.6
66;2021-07-24;2584;1922;308763;258885;64.5;54.0
66;2021-07-25;2021;1238;310784;260123;64.9;54.3
66;2021-07-26;2863;2627;313647;262750;65.5;54.9
66;2021-07-27;3227;2883;316874;265633;66.2;55.5
66;2021-07-28;3349;2572;320223;268205;66.9;56.0
66;2021-07-29;3854;2537;324077;270742;67.7;56.5
66;2021-07-30;4183;2467;328260;273209;68.5;57.0
66;2021-07-31;2217;1714;330477;274923;69.0;57.4
66;2021-08-01;1820;897;332297;275820;69.4;57.6
66;2021-08-02;2272;1919;334569;277739;69.8;58.0
66;2021-08-03;2610;2068;337179;279807;70.4;58.4
66;2021-08-04;2573;1997;339752;281804;70.9;58.8
66;2021-08-05;2424;2501;342176;284305;71.4;59.4
66;2021-08-06;2305;2642;344481;286947;71.9;59.9
66;2021-08-07;1497;2088;345978;289035;72.2;60.3
66;2021-08-08;612;1455;346590;290490;72.4;60.6
66;2021-08-09;1328;2802;347918;293292;72.6;61.2
66;2021-08-10;1634;3069;349552;296361;73.0;61.9
66;2021-08-11;1611;3016;351163;299377;73.3;62.5
66;2021-08-12;1634;2992;352797;302369;73.7;63.1
66;2021-08-13;1389;2970;354186;305339;73.9;63.7
66;2021-08-14;655;2508;354841;307847;74.1;64.3
66;2021-08-15;136;1629;354977;309476;74.1;64.6
66;2021-08-16;1266;2592;356243;312068;74.4;65.1
66;2021-08-17;1475;2977;357718;315045;74.7;65.8
66;2021-08-18;1331;3068;359049;318113;75.0;66.4
66;2021-08-19;1099;2916;360148;321029;75.2;67.0
66;2021-08-20;973;3314;361121;324343;75.4;67.7
66;2021-08-21;561;2010;361682;326353;75.5;68.1
66;2021-08-22;232;1352;361914;327705;75.6;68.4
66;2021-08-23;1134;2759;363048;330464;75.8;69.0
66;2021-08-24;1034;2945;364082;333409;76.0;69.6
66;2021-08-25;897;2302;364979;335711;76.2;70.1
66;2021-08-26;942;2170;365921;337881;76.4;70.5
67;2020-12-27;7;0;7;0;0.0;0.0
67;2020-12-28;4;0;11;0;0.0;0.0
67;2020-12-29;2;0;13;0;0.0;0.0
67;2020-12-30;0;0;13;0;0.0;0.0
67;2020-12-31;0;0;13;0;0.0;0.0
67;2021-01-01;4;0;17;0;0.0;0.0
67;2021-01-02;1;0;18;0;0.0;0.0
67;2021-01-03;1;0;19;0;0.0;0.0
67;2021-01-04;41;0;60;0;0.0;0.0
67;2021-01-05;167;0;227;0;0.0;0.0
67;2021-01-06;121;0;348;0;0.0;0.0
67;2021-01-07;235;1;583;1;0.1;0.0
67;2021-01-08;233;1;816;2;0.1;0.0
67;2021-01-09;113;1;929;3;0.1;0.0
67;2021-01-10;67;0;996;3;0.1;0.0
67;2021-01-11;182;1;1178;4;0.1;0.0
67;2021-01-12;511;1;1689;5;0.1;0.0
67;2021-01-13;654;2;2343;7;0.2;0.0
67;2021-01-14;1079;7;3422;14;0.3;0.0
67;2021-01-15;937;7;4359;21;0.4;0.0
67;2021-01-16;196;3;4555;24;0.4;0.0
67;2021-01-17;99;0;4654;24;0.4;0.0
67;2021-01-18;898;3;5552;27;0.5;0.0
67;2021-01-19;1424;5;6976;32;0.6;0.0
67;2021-01-20;1852;12;8828;44;0.8;0.0
67;2021-01-21;2208;9;11036;53;1.0;0.0
67;2021-01-22;1987;8;13023;61;1.1;0.0
67;2021-01-23;813;6;13836;67;1.2;0.0
67;2021-01-24;380;1;14216;68;1.3;0.0
67;2021-01-25;526;30;14742;98;1.3;0.0
67;2021-01-26;159;108;14901;206;1.3;0.0
67;2021-01-27;1391;91;16292;297;1.4;0.0
67;2021-01-28;3052;225;19344;522;1.7;0.0
67;2021-01-29;2029;161;21373;683;1.9;0.1
67;2021-01-30;1094;82;22467;765;2.0;0.1
67;2021-01-31;1161;29;23628;794;2.1;0.1
67;2021-02-01;3392;251;27020;1045;2.4;0.1
67;2021-02-02;2690;429;29710;1474;2.6;0.1
67;2021-02-03;1573;400;31283;1874;2.8;0.2
67;2021-02-04;1193;758;32476;2632;2.9;0.2
67;2021-02-05;1193;640;33669;3272;3.0;0.3
67;2021-02-06;789;145;34458;3417;3.0;0.3
67;2021-02-07;289;44;34747;3461;3.1;0.3
67;2021-02-08;839;449;35586;3910;3.1;0.3
67;2021-02-09;958;733;36544;4643;3.2;0.4
67;2021-02-10;929;790;37473;5433;3.3;0.5
67;2021-02-11;1150;1128;38623;6561;3.4;0.6
67;2021-02-12;1245;782;39868;7343;3.5;0.6
67;2021-02-13;765;279;40633;7622;3.6;0.7
67;2021-02-14;244;94;40877;7716;3.6;0.7
67;2021-02-15;779;839;41656;8555;3.7;0.8
67;2021-02-16;929;1142;42585;9697;3.8;0.9
67;2021-02-17;784;1191;43369;10888;3.8;1.0
67;2021-02-18;1399;2568;44768;13456;4.0;1.2
67;2021-02-19;1374;2104;46142;15560;4.1;1.4
67;2021-02-20;632;902;46774;16462;4.1;1.5
67;2021-02-21;209;1195;46983;17657;4.1;1.6
67;2021-02-22;1404;2166;48387;19823;4.3;1.8
67;2021-02-23;1462;1562;49849;21385;4.4;1.9
67;2021-02-24;1435;1049;51284;22434;4.5;2.0
67;2021-02-25;1615;1467;52899;23901;4.7;2.1
67;2021-02-26;2224;1407;55123;25308;4.9;2.2
67;2021-02-27;1257;784;56380;26092;5.0;2.3
67;2021-02-28;147;364;56527;26456;5.0;2.3
67;2021-03-01;640;998;57167;27454;5.0;2.4
67;2021-03-02;893;1197;58060;28651;5.1;2.5
67;2021-03-03;1410;1282;59470;29933;5.3;2.6
67;2021-03-04;1961;1057;61431;30990;5.4;2.7
67;2021-03-05;3256;1104;64687;32094;5.7;2.8
67;2021-03-06;2335;775;67022;32869;5.9;2.9
67;2021-03-07;466;282;67488;33151;6.0;2.9
67;2021-03-08;1187;793;68675;33944;6.1;3.0
67;2021-03-09;2222;904;70897;34848;6.3;3.1
67;2021-03-10;2448;1188;73345;36036;6.5;3.2
67;2021-03-11;3205;1357;76550;37393;6.8;3.3
67;2021-03-12;5256;1371;81806;38764;7.2;3.4
67;2021-03-13;3997;882;85803;39646;7.6;3.5
67;2021-03-14;483;389;86286;40035;7.6;3.5
67;2021-03-15;2188;1158;88474;41193;7.8;3.6
67;2021-03-16;1550;1233;90024;42426;7.9;3.7
67;2021-03-17;2067;921;92091;43347;8.1;3.8
67;2021-03-18;2386;732;94477;44079;8.3;3.9
67;2021-03-19;3671;749;98148;44828;8.7;4.0
67;2021-03-20;3062;508;101210;45336;8.9;4.0
67;2021-03-21;335;17;101545;45353;9.0;4.0
67;2021-03-22;2331;778;103876;46131;9.2;4.1
67;2021-03-23;3397;776;107273;46907;9.5;4.1
67;2021-03-24;3908;810;111181;47717;9.8;4.2
67;2021-03-25;5313;538;116494;48255;10.3;4.3
67;2021-03-26;6867;478;123361;48733;10.9;4.3
67;2021-03-27;3925;344;127286;49077;11.2;4.3
67;2021-03-28;580;99;127866;49176;11.3;4.3
67;2021-03-29;3819;426;131685;49602;11.6;4.4
67;2021-03-30;4843;668;136528;50270;12.1;4.4
67;2021-03-31;4842;693;141370;50963;12.5;4.5
67;2021-04-01;5144;930;146514;51893;12.9;4.6
67;2021-04-02;1004;174;147518;52067;13.0;4.6
67;2021-04-03;1689;286;149207;52353;13.2;4.6
67;2021-04-04;327;5;149534;52358;13.2;4.6
67;2021-04-05;371;3;149905;52361;13.2;4.6
67;2021-04-06;3476;1181;153381;53542;13.5;4.7
67;2021-04-07;4531;1280;157912;54822;13.9;4.8
67;2021-04-08;5659;1406;163571;56228;14.4;5.0
67;2021-04-09;7109;1352;170680;57580;15.1;5.1
67;2021-04-10;4333;890;175013;58470;15.5;5.2
67;2021-04-11;855;427;175868;58897;15.5;5.2
67;2021-04-12;3881;1403;179749;60300;15.9;5.3
67;2021-04-13;4892;1579;184641;61879;16.3;5.5
67;2021-04-14;5275;1898;189916;63777;16.8;5.6
67;2021-04-15;6078;2104;195994;65881;17.3;5.8
67;2021-04-16;7835;2423;203829;68304;18.0;6.0
67;2021-04-17;4007;1579;207836;69883;18.4;6.2
67;2021-04-18;1111;646;208947;70529;18.4;6.2
67;2021-04-19;3630;2141;212577;72670;18.8;6.4
67;2021-04-20;4257;1922;216834;74592;19.1;6.6
67;2021-04-21;4068;2512;220902;77104;19.5;6.8
67;2021-04-22;4476;2915;225378;80019;19.9;7.1
67;2021-04-23;5241;3001;230619;83020;20.4;7.3
67;2021-04-24;3100;2024;233719;85044;20.6;7.5
67;2021-04-25;1028;452;234747;85496;20.7;7.5
67;2021-04-26;3191;2617;237938;88113;21.0;7.8
67;2021-04-27;4020;2921;241958;91034;21.4;8.0
67;2021-04-28;4251;3432;246209;94466;21.7;8.3
67;2021-04-29;5125;3514;251334;97980;22.2;8.7
67;2021-04-30;7179;2491;258513;100471;22.8;8.9
67;2021-05-01;2683;785;261196;101256;23.1;8.9
67;2021-05-02;2181;678;263377;101934;23.3;9.0
67;2021-05-03;5562;2615;268939;104549;23.7;9.2
67;2021-05-04;5854;3607;274793;108156;24.3;9.5
67;2021-05-05;5217;4202;280010;112358;24.7;9.9
67;2021-05-06;6714;4926;286724;117284;25.3;10.4
67;2021-05-07;6434;6918;293158;124202;25.9;11.0
67;2021-05-08;3575;1022;296733;125224;26.2;11.1
67;2021-05-09;3371;594;300104;125818;26.5;11.1
67;2021-05-10;4697;4532;304801;130350;26.9;11.5
67;2021-05-11;5649;4931;310450;135281;27.4;11.9
67;2021-05-12;6598;4848;317048;140129;28.0;12.4
67;2021-05-13;7311;1675;324359;141804;28.6;12.5
67;2021-05-14;8880;5360;333239;147164;29.4;13.0
67;2021-05-15;8192;3658;341431;150822;30.1;13.3
67;2021-05-16;6178;973;347609;151795;30.7;13.4
67;2021-05-17;5695;3889;353304;155684;31.2;13.7
67;2021-05-18;6901;3984;360205;159668;31.8;14.1
67;2021-05-19;7376;4173;367581;163841;32.5;14.5
67;2021-05-20;8694;4237;376275;168078;33.2;14.8
67;2021-05-21;8164;5863;384439;173941;33.9;15.4
67;2021-05-22;5936;3425;390375;177366;34.5;15.7
67;2021-05-23;2659;593;393034;177959;34.7;15.7
67;2021-05-24;4417;866;397451;178825;35.1;15.8
67;2021-05-25;5417;4773;402868;183598;35.6;16.2
67;2021-05-26;6061;4883;408929;188481;36.1;16.6
67;2021-05-27;7314;4910;416243;193391;36.8;17.1
67;2021-05-28;7968;6511;424211;199902;37.5;17.6
67;2021-05-29;6651;3877;430862;203779;38.0;18.0
67;2021-05-30;1147;809;432009;204588;38.1;18.1
67;2021-05-31;6407;4059;438416;208647;38.7;18.4
67;2021-06-01;7329;4406;445745;213053;39.4;18.8
67;2021-06-02;8066;4178;453811;217231;40.1;19.2
67;2021-06-03;8841;4868;462652;222099;40.8;19.6
67;2021-06-04;8591;6137;471243;228236;41.6;20.2
67;2021-06-05;6554;3983;477797;232219;42.2;20.5
67;2021-06-06;3478;871;481275;233090;42.5;20.6
67;2021-06-07;7415;4260;488690;237350;43.1;21.0
67;2021-06-08;8631;4926;497321;242276;43.9;21.4
67;2021-06-09;9261;4803;506582;247079;44.7;21.8
67;2021-06-10;9774;5016;516356;252095;45.6;22.3
67;2021-06-11;8072;8334;524428;260429;46.3;23.0
67;2021-06-12;6791;5204;531219;265633;46.9;23.5
67;2021-06-13;3108;1043;534327;266676;47.2;23.5
67;2021-06-14;5510;6459;539837;273135;47.7;24.1
67;2021-06-15;6687;6751;546524;279886;48.3;24.7
67;2021-06-16;6951;6704;553475;286590;48.9;25.3
67;2021-06-17;7273;9056;560748;295646;49.5;26.1
67;2021-06-18;7603;8510;568351;304156;50.2;26.9
67;2021-06-19;6385;5963;574736;310119;50.7;27.4
67;2021-06-20;1450;1412;576186;311531;50.9;27.5
67;2021-06-21;4267;6774;580453;318305;51.2;28.1
67;2021-06-22;4241;9097;584694;327402;51.6;28.9
67;2021-06-23;5291;8190;589985;335592;52.1;29.6
67;2021-06-24;4518;9098;594503;344690;52.5;30.4
67;2021-06-25;5341;9955;599844;354645;53.0;31.3
67;2021-06-26;3468;9108;603312;363753;53.3;32.1
67;2021-06-27;1023;3522;604335;367275;53.4;32.4
67;2021-06-28;2847;8735;607182;376010;53.6;33.2
67;2021-06-29;2897;8612;610079;384622;53.9;34.0
67;2021-06-30;3380;8745;613459;393367;54.2;34.7
67;2021-07-01;3603;8432;617062;401799;54.5;35.5
67;2021-07-02;3735;10937;620797;412736;54.8;36.4
67;2021-07-03;2977;7747;623774;420483;55.1;37.1
67;2021-07-04;763;1870;624537;422353;55.1;37.3
67;2021-07-05;2621;8254;627158;430607;55.4;38.0
67;2021-07-06;3100;8445;630258;439052;55.6;38.8
67;2021-07-07;3921;8739;634179;447791;56.0;39.5
67;2021-07-08;4192;7787;638371;455578;56.4;40.2
67;2021-07-09;3761;11374;642132;466952;56.7;41.2
67;2021-07-10;2859;8208;644991;475160;56.9;42.0
67;2021-07-11;944;1995;645935;477155;57.0;42.1
67;2021-07-12;2473;9721;648408;486876;57.2;43.0
67;2021-07-13;4103;9891;652511;496767;57.6;43.9
67;2021-07-14;3488;4406;655999;501173;57.9;44.2
67;2021-07-15;5128;12229;661127;513402;58.4;45.3
67;2021-07-16;4850;12293;665977;525695;58.8;46.4
67;2021-07-17;3734;8827;669711;534522;59.1;47.2
67;2021-07-18;1463;2550;671174;537072;59.3;47.4
67;2021-07-19;4626;9744;675800;546816;59.7;48.3
67;2021-07-20;5769;9819;681569;556635;60.2;49.1
67;2021-07-21;5865;10650;687434;567285;60.7;50.1
67;2021-07-22;6427;10229;693861;577514;61.3;51.0
67;2021-07-23;7389;11191;701250;588705;61.9;52.0
67;2021-07-24;5422;7577;706672;596282;62.4;52.6
67;2021-07-25;2314;1968;708986;598250;62.6;52.8
67;2021-07-26;4999;7255;713985;605505;63.0;53.5
67;2021-07-27;6607;7313;720592;612818;63.6;54.1
67;2021-07-28;7533;7209;728125;620027;64.3;54.7
67;2021-07-29;8374;6433;736499;626460;65.0;55.3
67;2021-07-30;8639;7309;745138;633769;65.8;56.0
67;2021-07-31;5096;4870;750234;638639;66.2;56.4
67;2021-08-01;2469;1427;752703;640066;66.5;56.5
67;2021-08-02;6315;5089;759018;645155;67.0;57.0
67;2021-08-03;7284;4713;766302;649868;67.7;57.4
67;2021-08-04;6869;4600;773171;654468;68.3;57.8
67;2021-08-05;5719;4218;778890;658686;68.8;58.2
67;2021-08-06;6282;5420;785172;664106;69.3;58.6
67;2021-08-07;4610;4274;789782;668380;69.7;59.0
67;2021-08-08;1279;1434;791061;669814;69.8;59.1
67;2021-08-09;3101;4484;794162;674298;70.1;59.5
67;2021-08-10;3177;4780;797339;679078;70.4;60.0
67;2021-08-11;3400;4678;800739;683756;70.7;60.4
67;2021-08-12;3106;4883;803845;688639;71.0;60.8
67;2021-08-13;3145;5382;806990;694021;71.3;61.3
67;2021-08-14;2187;5076;809177;699097;71.4;61.7
67;2021-08-15;706;1601;809883;700698;71.5;61.9
67;2021-08-16;2063;5228;811946;705926;71.7;62.3
67;2021-08-17;2071;5269;814017;711195;71.9;62.8
67;2021-08-18;2345;6337;816362;717532;72.1;63.4
67;2021-08-19;1874;6148;818236;723680;72.2;63.9
67;2021-08-20;2301;7442;820537;731122;72.4;64.6
67;2021-08-21;1512;5556;822049;736678;72.6;65.0
67;2021-08-22;377;2050;822426;738728;72.6;65.2
67;2021-08-23;1897;6836;824323;745564;72.8;65.8
67;2021-08-24;1971;6607;826294;752171;73.0;66.4
67;2021-08-25;2079;7201;828373;759372;73.1;67.0
67;2021-08-26;1808;5530;830181;764902;73.3;67.5
68;2020-12-27;0;0;0;0;0.0;0.0
68;2020-12-28;0;0;0;0;0.0;0.0
68;2020-12-29;0;0;0;0;0.0;0.0
68;2020-12-30;0;0;0;0;0.0;0.0
68;2020-12-31;0;0;0;0;0.0;0.0
68;2021-01-01;0;0;0;0;0.0;0.0
68;2021-01-02;0;0;0;0;0.0;0.0
68;2021-01-03;0;0;0;0;0.0;0.0
68;2021-01-04;1;0;1;0;0.0;0.0
68;2021-01-05;11;0;12;0;0.0;0.0
68;2021-01-06;245;1;257;1;0.0;0.0
68;2021-01-07;75;0;332;1;0.0;0.0
68;2021-01-08;118;1;450;2;0.1;0.0
68;2021-01-09;20;0;470;2;0.1;0.0
68;2021-01-10;1;0;471;2;0.1;0.0
68;2021-01-11;82;0;553;2;0.1;0.0
68;2021-01-12;386;1;939;3;0.1;0.0
68;2021-01-13;703;2;1642;5;0.2;0.0
68;2021-01-14;372;2;2014;7;0.3;0.0
68;2021-01-15;204;1;2218;8;0.3;0.0
68;2021-01-16;1;0;2219;8;0.3;0.0
68;2021-01-17;0;0;2219;8;0.3;0.0
68;2021-01-18;379;5;2598;13;0.3;0.0
68;2021-01-19;559;5;3157;18;0.4;0.0
68;2021-01-20;707;10;3864;28;0.5;0.0
68;2021-01-21;1393;12;5257;40;0.7;0.0
68;2021-01-22;1499;11;6756;51;0.9;0.0
68;2021-01-23;215;3;6971;54;0.9;0.0
68;2021-01-24;698;1;7669;55;1.0;0.0
68;2021-01-25;1390;46;9059;101;1.2;0.0
68;2021-01-26;1554;79;10613;180;1.4;0.0
68;2021-01-27;2768;153;13381;333;1.8;0.0
68;2021-01-28;2354;60;15735;393;2.1;0.1
68;2021-01-29;1509;116;17244;509;2.3;0.1
68;2021-01-30;165;3;17409;512;2.3;0.1
68;2021-01-31;0;0;17409;512;2.3;0.1
68;2021-02-01;737;117;18146;629;2.4;0.1
68;2021-02-02;869;305;19015;934;2.5;0.1
68;2021-02-03;1000;620;20015;1554;2.6;0.2
68;2021-02-04;1000;323;21015;1877;2.8;0.2
68;2021-02-05;947;236;21962;2113;2.9;0.3
68;2021-02-06;140;2;22102;2115;2.9;0.3
68;2021-02-07;1;16;22103;2131;2.9;0.3
68;2021-02-08;893;23;22996;2154;3.0;0.3
68;2021-02-09;1359;47;24355;2201;3.2;0.3
68;2021-02-10;1453;63;25808;2264;3.4;0.3
68;2021-02-11;1486;469;27294;2733;3.6;0.4
68;2021-02-12;1549;447;28843;3180;3.8;0.4
68;2021-02-13;132;1;28975;3181;3.8;0.4
68;2021-02-14;58;232;29033;3413;3.8;0.4
68;2021-02-15;662;1088;29695;4501;3.9;0.6
68;2021-02-16;863;1371;30558;5872;4.0;0.8
68;2021-02-17;1285;2134;31843;8006;4.2;1.0
68;2021-02-18;1658;2058;33501;10064;4.4;1.3
68;2021-02-19;987;1365;34488;11429;4.5;1.5
68;2021-02-20;93;125;34581;11554;4.5;1.5
68;2021-02-21;1;40;34582;11594;4.5;1.5
68;2021-02-22;446;797;35028;12391;4.6;1.6
68;2021-02-23;639;1062;35667;13453;4.7;1.8
68;2021-02-24;854;1155;36521;14608;4.8;1.9
68;2021-02-25;1209;1247;37730;15855;4.9;2.1
68;2021-02-26;1200;990;38930;16845;5.1;2.2
68;2021-02-27;547;175;39477;17020;5.2;2.2
68;2021-02-28;12;1;39489;17021;5.2;2.2
68;2021-03-01;940;768;40429;17789;5.3;2.3
68;2021-03-02;1216;930;41645;18719;5.5;2.5
68;2021-03-03;1592;967;43237;19686;5.7;2.6
68;2021-03-04;1992;1048;45229;20734;5.9;2.7
68;2021-03-05;2356;1049;47585;21783;6.2;2.9
68;2021-03-06;2286;246;49871;22029;6.5;2.9
68;2021-03-07;839;108;50710;22137;6.6;2.9
68;2021-03-08;1474;979;52184;23116;6.8;3.0
68;2021-03-09;1697;1332;53881;24448;7.1;3.2
68;2021-03-10;1964;1802;55845;26250;7.3;3.4
68;2021-03-11;2639;1913;58484;28163;7.7;3.7
68;2021-03-12;2629;1423;61113;29586;8.0;3.9
68;2021-03-13;3341;257;64454;29843;8.4;3.9
68;2021-03-14;1543;66;65997;29909;8.6;3.9
68;2021-03-15;1794;625;67791;30534;8.9;4.0
68;2021-03-16;2001;604;69792;31138;9.1;4.1
68;2021-03-17;1957;730;71749;31868;9.4;4.2
68;2021-03-18;2220;951;73969;32819;9.7;4.3
68;2021-03-19;3084;738;77053;33557;10.1;4.4
68;2021-03-20;973;124;78026;33681;10.2;4.4
68;2021-03-21;68;2;78094;33683;10.2;4.4
68;2021-03-22;1965;594;80059;34277;10.5;4.5
68;2021-03-23;2860;619;82919;34896;10.9;4.6
68;2021-03-24;3178;817;86097;35713;11.3;4.7
68;2021-03-25;3502;789;89599;36502;11.7;4.8
68;2021-03-26;3892;727;93491;37229;12.2;4.9
68;2021-03-27;1102;167;94593;37396;12.4;4.9
68;2021-03-28;56;3;94649;37399;12.4;4.9
68;2021-03-29;2263;1371;96912;38770;12.7;5.1
68;2021-03-30;2934;1303;99846;40073;13.1;5.3
68;2021-03-31;2642;1364;102488;41437;13.4;5.4
68;2021-04-01;2748;1550;105236;42987;13.8;5.6
68;2021-04-02;244;88;105480;43075;13.8;5.6
68;2021-04-03;240;124;105720;43199;13.9;5.7
68;2021-04-04;5;0;105725;43199;13.9;5.7
68;2021-04-05;48;3;105773;43202;13.9;5.7
68;2021-04-06;1792;1328;107565;44530;14.1;5.8
68;2021-04-07;2585;1536;110150;46066;14.4;6.0
68;2021-04-08;3233;1502;113383;47568;14.9;6.2
68;2021-04-09;4199;1524;117582;49092;15.4;6.4
68;2021-04-10;1203;1976;118785;51068;15.6;6.7
68;2021-04-11;126;1318;118911;52386;15.6;6.9
68;2021-04-12;2667;1637;121578;54023;15.9;7.1
68;2021-04-13;2760;2109;124338;56132;16.3;7.4
68;2021-04-14;3605;2265;127943;58397;16.8;7.7
68;2021-04-15;4051;2160;131994;60557;17.3;7.9
68;2021-04-16;3942;2081;135936;62638;17.8;8.2
68;2021-04-17;1075;442;137011;63080;18.0;8.3
68;2021-04-18;85;9;137096;63089;18.0;8.3
68;2021-04-19;2358;1835;139454;64924;18.3;8.5
68;2021-04-20;2442;2327;141896;67251;18.6;8.8
68;2021-04-21;2831;2477;144727;69728;19.0;9.1
68;2021-04-22;3287;1975;148014;71703;19.4;9.4
68;2021-04-23;3413;2074;151427;73777;19.8;9.7
68;2021-04-24;842;488;152269;74265;20.0;9.7
68;2021-04-25;214;20;152483;74285;20.0;9.7
68;2021-04-26;2329;2107;154812;76392;20.3;10.0
68;2021-04-27;2600;2217;157412;78609;20.6;10.3
68;2021-04-28;3573;1763;160985;80372;21.1;10.5
68;2021-04-29;4166;1748;165151;82120;21.6;10.8
68;2021-04-30;4833;1368;169984;83488;22.3;10.9
68;2021-05-01;947;121;170931;83609;22.4;11.0
68;2021-05-02;732;70;171663;83679;22.5;11.0
68;2021-05-03;3623;1817;175286;85496;23.0;11.2
68;2021-05-04;3936;2363;179222;87859;23.5;11.5
68;2021-05-05;3632;3246;182854;91105;24.0;11.9
68;2021-05-06;4808;2865;187662;93970;24.6;12.3
68;2021-05-07;4519;2910;192181;96880;25.2;12.7
68;2021-05-08;1671;211;193852;97091;25.4;12.7
68;2021-05-09;1077;107;194929;97198;25.5;12.7
68;2021-05-10;3158;3720;198087;100918;26.0;13.2
68;2021-05-11;4717;3620;202804;104538;26.6;13.7
68;2021-05-12;5789;3296;208593;107834;27.3;14.1
68;2021-05-13;4763;839;213356;108673;28.0;14.2
68;2021-05-14;5962;2136;219318;110809;28.7;14.5
68;2021-05-15;3560;911;222878;111720;29.2;14.6
68;2021-05-16;669;122;223547;111842;29.3;14.7
68;2021-05-17;4448;2497;227995;114339;29.9;15.0
68;2021-05-18;6139;2307;234134;116646;30.7;15.3
68;2021-05-19;5869;2889;240003;119535;31.4;15.7
68;2021-05-20;5930;2419;245933;121954;32.2;16.0
68;2021-05-21;5778;2869;251711;124823;33.0;16.4
68;2021-05-22;2578;926;254289;125749;33.3;16.5
68;2021-05-23;15;17;254304;125766;33.3;16.5
68;2021-05-24;2307;969;256611;126735;33.6;16.6
68;2021-05-25;4347;3438;260958;130173;34.2;17.1
68;2021-05-26;4882;3382;265840;133555;34.8;17.5
68;2021-05-27;5408;3407;271248;136962;35.5;17.9
68;2021-05-28;5620;3733;276868;140695;36.3;18.4
68;2021-05-29;1538;1186;278406;141881;36.5;18.6
68;2021-05-30;41;46;278447;141927;36.5;18.6
68;2021-05-31;5160;2363;283607;144290;37.2;18.9
68;2021-06-01;5989;2800;289596;147090;37.9;19.3
68;2021-06-02;4887;3012;294483;150102;38.6;19.7
68;2021-06-03;5942;3100;300425;153202;39.4;20.1
68;2021-06-04;4897;3305;305322;156507;40.0;20.5
68;2021-06-05;780;1169;306102;157676;40.1;20.7
68;2021-06-06;69;115;306171;157791;40.1;20.7
68;2021-06-07;4758;3036;310929;160827;40.7;21.1
68;2021-06-08;4940;3557;315869;164384;41.4;21.5
68;2021-06-09;4993;3445;320862;167829;42.0;22.0
68;2021-06-10;5202;3149;326064;170978;42.7;22.4
68;2021-06-11;5059;4154;331123;175132;43.4;22.9
68;2021-06-12;3035;1768;334158;176900;43.8;23.2
68;2021-06-13;515;682;334673;177582;43.9;23.3
68;2021-06-14;2518;4392;337191;181974;44.2;23.8
68;2021-06-15;3111;4724;340302;186698;44.6;24.5
68;2021-06-16;3389;4442;343691;191140;45.0;25.0
68;2021-06-17;2360;4460;346051;195600;45.3;25.6
68;2021-06-18;3356;5178;349407;200778;45.8;26.3
68;2021-06-19;2255;2170;351662;202948;46.1;26.6
68;2021-06-20;258;893;351920;203841;46.1;26.7
68;2021-06-21;2062;5155;353982;208996;46.4;27.4
68;2021-06-22;1901;5176;355883;214172;46.6;28.1
68;2021-06-23;2317;5744;358200;219916;46.9;28.8
68;2021-06-24;2155;4898;360355;224814;47.2;29.5
68;2021-06-25;2287;6660;362642;231474;47.5;30.3
68;2021-06-26;1304;2609;363946;234083;47.7;30.7
68;2021-06-27;151;880;364097;234963;47.7;30.8
68;2021-06-28;1601;6443;365698;241406;47.9;31.6
68;2021-06-29;1538;6634;367236;248040;48.1;32.5
68;2021-06-30;1798;6554;369034;254594;48.4;33.4
68;2021-07-01;2110;5351;371144;259945;48.6;34.1
68;2021-07-02;2101;6483;373245;266428;48.9;34.9
68;2021-07-03;988;1936;374233;268364;49.0;35.2
68;2021-07-04;242;201;374475;268565;49.1;35.2
68;2021-07-05;1458;5517;375933;274082;49.3;35.9
68;2021-07-06;2001;5885;377934;279967;49.5;36.7
68;2021-07-07;2457;4974;380391;284941;49.8;37.3
68;2021-07-08;2436;4752;382827;289693;50.2;38.0
68;2021-07-09;2092;7368;384919;297061;50.4;38.9
68;2021-07-10;1023;2003;385942;299064;50.6;39.2
68;2021-07-11;147;155;386089;299219;50.6;39.2
68;2021-07-12;1644;6773;387733;305992;50.8;40.1
68;2021-07-13;2906;6549;390639;312541;51.2;41.0
68;2021-07-14;1842;983;392481;313524;51.4;41.1
68;2021-07-15;3186;6654;395667;320178;51.8;42.0
68;2021-07-16;3815;6761;399482;326939;52.3;42.8
68;2021-07-17;3364;2299;402846;329238;52.8;43.1
68;2021-07-18;1054;230;403900;329468;52.9;43.2
68;2021-07-19;3048;6088;406948;335556;53.3;44.0
68;2021-07-20;4002;5677;410950;341233;53.8;44.7
68;2021-07-21;4337;5827;415287;347060;54.4;45.5
68;2021-07-22;4186;4846;419473;351906;55.0;46.1
68;2021-07-23;5036;5761;424509;357667;55.6;46.9
68;2021-07-24;3348;2128;427857;359795;56.1;47.1
68;2021-07-25;825;535;428682;360330;56.2;47.2
68;2021-07-26;4833;4444;433515;364774;56.8;47.8
68;2021-07-27;6368;3753;439883;368527;57.6;48.3
68;2021-07-28;6846;3879;446729;372406;58.5;48.8
68;2021-07-29;6393;3413;453122;375819;59.4;49.2
68;2021-07-30;6334;4374;459456;380193;60.2;49.8
68;2021-07-31;3915;1426;463371;381619;60.7;50.0
68;2021-08-01;1648;487;465019;382106;60.9;50.1
68;2021-08-02;4597;3143;469616;385249;61.5;50.5
68;2021-08-03;3529;2439;473145;387688;62.0;50.8
68;2021-08-04;3134;2684;476279;390372;62.4;51.1
68;2021-08-05;2732;2635;479011;393007;62.8;51.5
68;2021-08-06;3980;4317;482991;397324;63.3;52.1
68;2021-08-07;1224;1303;484215;398627;63.4;52.2
68;2021-08-08;362;812;484577;399439;63.5;52.3
68;2021-08-09;2562;3682;487139;403121;63.8;52.8
68;2021-08-10;2204;2781;489343;405902;64.1;53.2
68;2021-08-11;1896;2726;491239;408628;64.4;53.5
68;2021-08-12;1739;2661;492978;411289;64.6;53.9
68;2021-08-13;2694;4757;495672;416046;64.9;54.5
68;2021-08-14;707;1436;496379;417482;65.0;54.7
68;2021-08-15;45;446;496424;417928;65.0;54.8
68;2021-08-16;1991;5054;498415;422982;65.3;55.4
68;2021-08-17;1789;4843;500204;427825;65.5;56.1
68;2021-08-18;1172;3686;501376;431511;65.7;56.5
68;2021-08-19;1357;3741;502733;435252;65.9;57.0
68;2021-08-20;2207;6058;504940;441310;66.2;57.8
68;2021-08-21;488;1377;505428;442687;66.2;58.0
68;2021-08-22;112;454;505540;443141;66.2;58.1
68;2021-08-23;1185;5417;506725;448558;66.4;58.8
68;2021-08-24;1393;5936;508118;454494;66.6;59.6
68;2021-08-25;1646;3743;509764;458237;66.8;60.0
68;2021-08-26;1975;4489;511739;462726;67.1;60.6
69;2020-12-27;3;0;3;0;0.0;0.0
69;2020-12-28;8;0;11;0;0.0;0.0
69;2020-12-29;5;0;16;0;0.0;0.0
69;2020-12-30;6;0;22;0;0.0;0.0
69;2020-12-31;10;0;32;0;0.0;0.0
69;2021-01-01;2;0;34;0;0.0;0.0
69;2021-01-02;1;0;35;0;0.0;0.0
69;2021-01-03;1;0;36;0;0.0;0.0
69;2021-01-04;11;0;47;0;0.0;0.0
69;2021-01-05;215;0;262;0;0.0;0.0
69;2021-01-06;516;0;778;0;0.0;0.0
69;2021-01-07;812;0;1590;0;0.1;0.0
69;2021-01-08;826;0;2416;0;0.1;0.0
69;2021-01-09;39;1;2455;1;0.1;0.0
69;2021-01-10;3;1;2458;2;0.1;0.0
69;2021-01-11;1135;2;3593;4;0.2;0.0
69;2021-01-12;1396;7;4989;11;0.3;0.0
69;2021-01-13;1392;3;6381;14;0.3;0.0
69;2021-01-14;2273;21;8654;35;0.5;0.0
69;2021-01-15;1826;8;10480;43;0.6;0.0
69;2021-01-16;929;4;11409;47;0.6;0.0
69;2021-01-17;260;2;11669;49;0.6;0.0
69;2021-01-18;1694;18;13363;67;0.7;0.0
69;2021-01-19;3512;35;16875;102;0.9;0.0
69;2021-01-20;4455;29;21330;131;1.1;0.0
69;2021-01-21;4072;29;25402;160;1.4;0.0
69;2021-01-22;3164;20;28566;180;1.5;0.0
69;2021-01-23;1285;5;29851;185;1.6;0.0
69;2021-01-24;101;1;29952;186;1.6;0.0
69;2021-01-25;2239;43;32191;229;1.7;0.0
69;2021-01-26;2563;90;34754;319;1.9;0.0
69;2021-01-27;2355;176;37109;495;2.0;0.0
69;2021-01-28;2237;376;39346;871;2.1;0.0
69;2021-01-29;2112;289;41458;1160;2.2;0.1
69;2021-01-30;889;3;42347;1163;2.3;0.1
69;2021-01-31;65;0;42412;1163;2.3;0.1
69;2021-02-01;1112;401;43524;1564;2.3;0.1
69;2021-02-02;1552;413;45076;1977;2.4;0.1
69;2021-02-03;1443;538;46519;2515;2.5;0.1
69;2021-02-04;1794;951;48313;3466;2.6;0.2
69;2021-02-05;820;822;49133;4288;2.6;0.2
69;2021-02-06;369;53;49502;4341;2.6;0.2
69;2021-02-07;0;0;49502;4341;2.6;0.2
69;2021-02-08;1133;1077;50635;5418;2.7;0.3
69;2021-02-09;2048;2109;52683;7527;2.8;0.4
69;2021-02-10;1855;2647;54538;10174;2.9;0.5
69;2021-02-11;1864;3296;56402;13470;3.0;0.7
69;2021-02-12;1902;2102;58304;15572;3.1;0.8
69;2021-02-13;458;799;58762;16371;3.1;0.9
69;2021-02-14;89;39;58851;16410;3.1;0.9
69;2021-02-15;1014;1767;59865;18177;3.2;1.0
69;2021-02-16;984;2442;60849;20619;3.2;1.1
69;2021-02-17;1028;2391;61877;23010;3.3;1.2
69;2021-02-18;967;2308;62844;25318;3.3;1.3
69;2021-02-19;891;1876;63735;27194;3.4;1.4
69;2021-02-20;321;911;64056;28105;3.4;1.5
69;2021-02-21;53;68;64109;28173;3.4;1.5
69;2021-02-22;610;2100;64719;30273;3.4;1.6
69;2021-02-23;740;2222;65459;32495;3.5;1.7
69;2021-02-24;972;2248;66431;34743;3.5;1.9
69;2021-02-25;2217;2680;68648;37423;3.7;2.0
69;2021-02-26;2776;1927;71424;39350;3.8;2.1
69;2021-02-27;925;574;72349;39924;3.9;2.1
69;2021-02-28;148;104;72497;40028;3.9;2.1
69;2021-03-01;2164;914;74661;40942;4.0;2.2
69;2021-03-02;3297;1407;77958;42349;4.2;2.3
69;2021-03-03;3670;1234;81628;43583;4.4;2.3
69;2021-03-04;4884;1295;86512;44878;4.6;2.4
69;2021-03-05;5875;1266;92387;46144;4.9;2.5
69;2021-03-06;3415;423;95802;46567;5.1;2.5
69;2021-03-07;641;42;96443;46609;5.1;2.5
69;2021-03-08;2957;1123;99400;47732;5.3;2.5
69;2021-03-09;4609;1271;104009;49003;5.5;2.6
69;2021-03-10;5067;1056;109076;50059;5.8;2.7
69;2021-03-11;6601;1057;115677;51116;6.2;2.7
69;2021-03-12;8856;1223;124533;52339;6.6;2.8
69;2021-03-13;4928;243;129461;52582;6.9;2.8
69;2021-03-14;2742;152;132203;52734;7.0;2.8
69;2021-03-15;4807;721;137010;53455;7.3;2.8
69;2021-03-16;3818;656;140828;54111;7.5;2.9
69;2021-03-17;3951;895;144779;55006;7.7;2.9
69;2021-03-18;4966;1616;149745;56622;8.0;3.0
69;2021-03-19;6688;1071;156433;57693;8.3;3.1
69;2021-03-20;3593;273;160026;57966;8.5;3.1
69;2021-03-21;1977;97;162003;58063;8.6;3.1
69;2021-03-22;4548;817;166551;58880;8.9;3.1
69;2021-03-23;7365;834;173916;59714;9.3;3.2
69;2021-03-24;6455;1013;180371;60727;9.6;3.2
69;2021-03-25;8588;1120;188959;61847;10.1;3.3
69;2021-03-26;8813;1252;197772;63099;10.5;3.4
69;2021-03-27;3155;799;200927;63898;10.7;3.4
69;2021-03-28;2218;191;203145;64089;10.8;3.4
69;2021-03-29;4098;2195;207243;66284;11.0;3.5
69;2021-03-30;7642;2553;214885;68837;11.5;3.7
69;2021-03-31;6357;3177;221242;72014;11.8;3.8
69;2021-04-01;8455;2741;229697;74755;12.2;4.0
69;2021-04-02;8312;3136;238009;77891;12.7;4.2
69;2021-04-03;5425;2169;243434;80060;13.0;4.3
69;2021-04-04;6611;552;250045;80612;13.3;4.3
69;2021-04-05;6193;818;256238;81430;13.7;4.3
69;2021-04-06;5115;3484;261353;84914;13.9;4.5
69;2021-04-07;5169;3900;266522;88814;14.2;4.7
69;2021-04-08;6426;4058;272948;92872;14.5;5.0
69;2021-04-09;9165;3784;282113;96656;15.0;5.2
69;2021-04-10;3053;2503;285166;99159;15.2;5.3
69;2021-04-11;2039;1901;287205;101060;15.3;5.4
69;2021-04-12;5472;3583;292677;104643;15.6;5.6
69;2021-04-13;7069;4126;299746;108769;16.0;5.8
69;2021-04-14;6717;4153;306463;112922;16.3;6.0
69;2021-04-15;7933;4599;314396;117521;16.8;6.3
69;2021-04-16;7864;4508;322260;122029;17.2;6.5
69;2021-04-17;5038;2318;327298;124347;17.4;6.6
69;2021-04-18;1715;1796;329013;126143;17.5;6.7
69;2021-04-19;7020;3777;336033;129920;17.9;6.9
69;2021-04-20;6486;4761;342519;134681;18.3;7.2
69;2021-04-21;5688;4417;348207;139098;18.6;7.4
69;2021-04-22;6427;5443;354634;144541;18.9;7.7
69;2021-04-23;6735;4901;361369;149442;19.3;8.0
69;2021-04-24;3157;2030;364526;151472;19.4;8.1
69;2021-04-25;2119;1545;366645;153017;19.5;8.2
69;2021-04-26;4498;3881;371143;156898;19.8;8.4
69;2021-04-27;6516;5332;377659;162230;20.1;8.6
69;2021-04-28;6274;4867;383933;167097;20.5;8.9
69;2021-04-29;6701;5397;390634;172494;20.8;9.2
69;2021-04-30;6932;6180;397566;178674;21.2;9.5
69;2021-05-01;3301;644;400867;179318;21.4;9.6
69;2021-05-02;1627;5885;402494;185203;21.5;9.9
69;2021-05-03;5858;8250;408352;193453;21.8;10.3
69;2021-05-04;7608;8170;415960;201623;22.2;10.7
69;2021-05-05;11211;5649;427171;207272;22.8;11.0
69;2021-05-06;12475;6298;439646;213570;23.4;11.4
69;2021-05-07;11688;7167;451334;220737;24.1;11.8
69;2021-05-08;4305;1654;455639;222391;24.3;11.9
69;2021-05-09;6635;2685;462274;225076;24.6;12.0
69;2021-05-10;6938;6071;469212;231147;25.0;12.3
69;2021-05-11;9831;7045;479043;238192;25.5;12.7
69;2021-05-12;12462;6816;491505;245008;26.2;13.1
69;2021-05-13;10841;2560;502346;247568;26.8;13.2
69;2021-05-14;12591;5226;514937;252794;27.4;13.5
69;2021-05-15;9142;2596;524079;255390;27.9;13.6
69;2021-05-16;8409;1877;532488;257267;28.4;13.7
69;2021-05-17;11307;5656;543795;262923;29.0;14.0
69;2021-05-18;13227;6407;557022;269330;29.7;14.4
69;2021-05-19;13700;5899;570722;275229;30.4;14.7
69;2021-05-20;11388;6092;582110;281321;31.0;15.0
69;2021-05-21;11046;6569;593156;287890;31.6;15.3
69;2021-05-22;5579;2576;598735;290466;31.9;15.5
69;2021-05-23;4569;1547;603304;292013;32.2;15.6
69;2021-05-24;8431;1864;611735;293877;32.6;15.7
69;2021-05-25;9747;6179;621482;300056;33.1;16.0
69;2021-05-26;10287;6117;631769;306173;33.7;16.3
69;2021-05-27;10438;6792;642207;312965;34.2;16.7
69;2021-05-28;11621;8752;653828;321717;34.9;17.1
69;2021-05-29;7393;6047;661221;327764;35.2;17.5
69;2021-05-30;7385;3170;668606;330934;35.6;17.6
69;2021-05-31;10966;6382;679572;337316;36.2;18.0
69;2021-06-01;12848;7522;692420;344838;36.9;18.4
69;2021-06-02;14899;6719;707319;351557;37.7;18.7
69;2021-06-03;16644;7434;723963;358991;38.6;19.1
69;2021-06-04;16207;8567;740170;367558;39.5;19.6
69;2021-06-05;10109;3414;750279;370972;40.0;19.8
69;2021-06-06;7490;1719;757769;372691;40.4;19.9
69;2021-06-07;12823;7038;770592;379729;41.1;20.2
69;2021-06-08;16377;8287;786969;388016;41.9;20.7
69;2021-06-09;15220;7366;802189;395382;42.8;21.1
69;2021-06-10;16280;7338;818469;402720;43.6;21.5
69;2021-06-11;16655;9698;835124;412418;44.5;22.0
69;2021-06-12;8539;4188;843663;416606;45.0;22.2
69;2021-06-13;5624;2146;849287;418752;45.3;22.3
69;2021-06-14;8587;9103;857874;427855;45.7;22.8
69;2021-06-15;10947;11026;868821;438881;46.3;23.4
69;2021-06-16;11350;12331;880171;451212;46.9;24.1
69;2021-06-17;11476;13256;891647;464468;47.5;24.8
69;2021-06-18;12076;14783;903723;479251;48.2;25.5
69;2021-06-19;6832;8355;910555;487606;48.5;26.0
69;2021-06-20;5276;4768;915831;492374;48.8;26.2
69;2021-06-21;6557;12125;922388;504499;49.2;26.9
69;2021-06-22;7219;13840;929607;518339;49.6;27.6
69;2021-06-23;8358;13040;937965;531379;50.0;28.3
69;2021-06-24;9306;13745;947271;545124;50.5;29.1
69;2021-06-25;7076;16318;954347;561442;50.9;29.9
69;2021-06-26;3953;9078;958300;570520;51.1;30.4
69;2021-06-27;3293;7422;961593;577942;51.3;30.8
69;2021-06-28;4551;14889;966144;592831;51.5;31.6
69;2021-06-29;5371;15664;971515;608495;51.8;32.4
69;2021-06-30;6394;14457;977909;622952;52.1;33.2
69;2021-07-01;8531;11976;986440;634928;52.6;33.8
69;2021-07-02;10043;14132;996483;649060;53.1;34.6
69;2021-07-03;5994;7772;1002477;656832;53.4;35.0
69;2021-07-04;4151;5552;1006628;662384;53.7;35.3
69;2021-07-05;6216;13025;1012844;675409;54.0;36.0
69;2021-07-06;5560;14289;1018404;689698;54.3;36.8
69;2021-07-07;7318;13564;1025722;703262;54.7;37.5
69;2021-07-08;7559;13417;1033281;716679;55.1;38.2
69;2021-07-09;7570;16474;1040851;733153;55.5;39.1
69;2021-07-10;3119;10320;1043970;743473;55.6;39.6
69;2021-07-11;4332;5833;1048302;749306;55.9;39.9
69;2021-07-12;4182;16973;1052484;766279;56.1;40.8
69;2021-07-13;6205;20736;1058689;787015;56.4;42.0
69;2021-07-14;5043;8497;1063732;795512;56.7;42.4
69;2021-07-15;7478;22603;1071210;818115;57.1;43.6
69;2021-07-16;9772;20145;1080982;838260;57.6;44.7
69;2021-07-17;4877;12239;1085859;850499;57.9;45.3
69;2021-07-18;3414;8902;1089273;859401;58.1;45.8
69;2021-07-19;6759;16470;1096032;875871;58.4;46.7
69;2021-07-20;9385;19316;1105417;895187;58.9;47.7
69;2021-07-21;9361;17407;1114778;912594;59.4;48.6
69;2021-07-22;11410;16461;1126188;929055;60.0;49.5
69;2021-07-23;11002;17684;1137190;946739;60.6;50.5
69;2021-07-24;5690;11056;1142880;957795;60.9;51.1
69;2021-07-25;4700;6630;1147580;964425;61.2;51.4
69;2021-07-26;8819;12957;1156399;977382;61.6;52.1
69;2021-07-27;12869;12163;1169268;989545;62.3;52.7
69;2021-07-28;12034;12149;1181302;1001694;63.0;53.4
69;2021-07-29;14698;12325;1196000;1014019;63.8;54.1
69;2021-07-30;13716;12243;1209716;1026262;64.5;54.7
69;2021-07-31;8144;7237;1217860;1033499;64.9;55.1
69;2021-08-01;5015;5863;1222875;1039362;65.2;55.4
69;2021-08-02;10427;9583;1233302;1048945;65.7;55.9
69;2021-08-03;12883;8990;1246185;1057935;66.4;56.4
69;2021-08-04;12577;8144;1258762;1066079;67.1;56.8
69;2021-08-05;11121;7517;1269883;1073596;67.7;57.2
69;2021-08-06;9499;7779;1279382;1081375;68.2;57.6
69;2021-08-07;4719;4807;1284101;1086182;68.4;57.9
69;2021-08-08;4264;3553;1288365;1089735;68.7;58.1
69;2021-08-09;6877;9209;1295242;1098944;69.0;58.6
69;2021-08-10;7690;7009;1302932;1105953;69.5;59.0
69;2021-08-11;7514;8098;1310446;1114051;69.9;59.4
69;2021-08-12;6954;7322;1317400;1121373;70.2;59.8
69;2021-08-13;6245;8340;1323645;1129713;70.6;60.2
69;2021-08-14;4158;5361;1327803;1135074;70.8;60.5
69;2021-08-15;2337;2520;1330140;1137594;70.9;60.6
69;2021-08-16;4864;8876;1335004;1146470;71.2;61.1
69;2021-08-17;6124;8263;1341128;1154733;71.5;61.6
69;2021-08-18;5977;9444;1347105;1164177;71.8;62.1
69;2021-08-19;6014;9300;1353119;1173477;72.1;62.6
69;2021-08-20;5722;8797;1358841;1182274;72.4;63.0
69;2021-08-21;2690;3948;1361531;1186222;72.6;63.2
69;2021-08-22;1850;2413;1363381;1188635;72.7;63.4
69;2021-08-23;3501;12356;1366882;1200991;72.9;64.0
69;2021-08-24;4965;13583;1371847;1214574;73.1;64.7
69;2021-08-25;4277;12862;1376124;1227436;73.4;65.4
69;2021-08-26;4371;11681;1380495;1239117;73.6;66.0
70;2020-12-27;0;0;0;0;0.0;0.0
70;2020-12-28;0;0;0;0;0.0;0.0
70;2020-12-29;0;0;0;0;0.0;0.0
70;2020-12-30;0;0;0;0;0.0;0.0
70;2020-12-31;0;0;0;0;0.0;0.0
70;2021-01-01;0;0;0;0;0.0;0.0
70;2021-01-02;0;0;0;0;0.0;0.0
70;2021-01-03;0;0;0;0;0.0;0.0
70;2021-01-04;0;0;0;0;0.0;0.0
70;2021-01-05;0;0;0;0;0.0;0.0
70;2021-01-06;24;0;24;0;0.0;0.0
70;2021-01-07;121;0;145;0;0.1;0.0
70;2021-01-08;22;0;167;0;0.1;0.0
70;2021-01-09;0;0;167;0;0.1;0.0
70;2021-01-10;0;0;167;0;0.1;0.0
70;2021-01-11;148;1;315;1;0.1;0.0
70;2021-01-12;201;1;516;2;0.2;0.0
70;2021-01-13;172;2;688;4;0.3;0.0
70;2021-01-14;149;6;837;10;0.4;0.0
70;2021-01-15;153;1;990;11;0.4;0.0
70;2021-01-16;65;0;1055;11;0.5;0.0
70;2021-01-17;0;0;1055;11;0.5;0.0
70;2021-01-18;394;0;1449;11;0.6;0.0
70;2021-01-19;503;2;1952;13;0.8;0.0
70;2021-01-20;494;2;2446;15;1.0;0.0
70;2021-01-21;673;2;3119;17;1.3;0.0
70;2021-01-22;458;3;3577;20;1.5;0.0
70;2021-01-23;261;2;3838;22;1.6;0.0
70;2021-01-24;4;0;3842;22;1.6;0.0
70;2021-01-25;371;1;4213;23;1.8;0.0
70;2021-01-26;335;1;4548;24;2.0;0.0
70;2021-01-27;329;10;4877;34;2.1;0.0
70;2021-01-28;365;36;5242;70;2.2;0.0
70;2021-01-29;329;52;5571;122;2.4;0.1
70;2021-01-30;228;1;5799;123;2.5;0.1
70;2021-01-31;0;0;5799;123;2.5;0.1
70;2021-02-01;260;52;6059;175;2.6;0.1
70;2021-02-02;272;98;6331;273;2.7;0.1
70;2021-02-03;251;59;6582;332;2.8;0.1
70;2021-02-04;264;124;6846;456;2.9;0.2
70;2021-02-05;254;75;7100;531;3.0;0.2
70;2021-02-06;209;38;7309;569;3.1;0.2
70;2021-02-07;0;0;7309;569;3.1;0.2
70;2021-02-08;178;233;7487;802;3.2;0.3
70;2021-02-09;205;231;7692;1033;3.3;0.4
70;2021-02-10;196;303;7888;1336;3.4;0.6
70;2021-02-11;351;332;8239;1668;3.5;0.7
70;2021-02-12;239;492;8478;2160;3.6;0.9
70;2021-02-13;75;210;8553;2370;3.7;1.0
70;2021-02-14;0;29;8553;2399;3.7;1.0
70;2021-02-15;70;340;8623;2739;3.7;1.2
70;2021-02-16;113;362;8736;3101;3.7;1.3
70;2021-02-17;167;305;8903;3406;3.8;1.5
70;2021-02-18;205;258;9108;3664;3.9;1.6
70;2021-02-19;197;206;9305;3870;4.0;1.7
70;2021-02-20;192;69;9497;3939;4.1;1.7
70;2021-02-21;1;0;9498;3939;4.1;1.7
70;2021-02-22;106;237;9604;4176;4.1;1.8
70;2021-02-23;125;261;9729;4437;4.2;1.9
70;2021-02-24;130;233;9859;4670;4.2;2.0
70;2021-02-25;315;257;10174;4927;4.4;2.1
70;2021-02-26;395;150;10569;5077;4.5;2.2
70;2021-02-27;147;202;10716;5279;4.6;2.3
70;2021-02-28;0;0;10716;5279;4.6;2.3
70;2021-03-01;249;242;10965;5521;4.7;2.4
70;2021-03-02;487;277;11452;5798;4.9;2.5
70;2021-03-03;467;260;11919;6058;5.1;2.6
70;2021-03-04;693;272;12612;6330;5.4;2.7
70;2021-03-05;767;261;13379;6591;5.7;2.8
70;2021-03-06;540;116;13919;6707;6.0;2.9
70;2021-03-07;216;23;14135;6730;6.1;2.9
70;2021-03-08;554;211;14689;6941;6.3;3.0
70;2021-03-09;866;176;15555;7117;6.7;3.1
70;2021-03-10;659;178;16214;7295;7.0;3.1
70;2021-03-11;698;256;16912;7551;7.3;3.2
70;2021-03-12;985;179;17897;7730;7.7;3.3
70;2021-03-13;582;121;18479;7851;7.9;3.4
70;2021-03-14;20;1;18499;7852;7.9;3.4
70;2021-03-15;774;110;19273;7962;8.3;3.4
70;2021-03-16;655;98;19928;8060;8.5;3.5
70;2021-03-17;595;183;20523;8243;8.8;3.5
70;2021-03-18;633;141;21156;8384;9.1;3.6
70;2021-03-19;1019;142;22175;8526;9.5;3.7
70;2021-03-20;641;186;22816;8712;9.8;3.7
70;2021-03-21;9;0;22825;8712;9.8;3.7
70;2021-03-22;757;98;23582;8810;10.1;3.8
70;2021-03-23;1309;159;24891;8969;10.7;3.8
70;2021-03-24;1271;108;26162;9077;11.2;3.9
70;2021-03-25;1245;199;27407;9276;11.8;4.0
70;2021-03-26;1487;296;28894;9572;12.4;4.1
70;2021-03-27;957;129;29851;9701;12.8;4.2
70;2021-03-28;0;10;29851;9711;12.8;4.2
70;2021-03-29;720;414;30571;10125;13.1;4.3
70;2021-03-30;1093;316;31664;10441;13.6;4.5
70;2021-03-31;878;317;32542;10758;14.0;4.6
70;2021-04-01;1154;427;33696;11185;14.4;4.8
70;2021-04-02;1310;347;35006;11532;15.0;4.9
70;2021-04-03;639;322;35645;11854;15.3;5.1
70;2021-04-04;10;0;35655;11854;15.3;5.1
70;2021-04-05;4;2;35659;11856;15.3;5.1
70;2021-04-06;831;555;36490;12411;15.6;5.3
70;2021-04-07;858;589;37348;13000;16.0;5.6
70;2021-04-08;1320;562;38668;13562;16.6;5.8
70;2021-04-09;1403;534;40071;14096;17.2;6.0
70;2021-04-10;859;347;40930;14443;17.6;6.2
70;2021-04-11;23;1;40953;14444;17.6;6.2
70;2021-04-12;695;661;41648;15105;17.9;6.5
70;2021-04-13;921;770;42569;15875;18.3;6.8
70;2021-04-14;815;577;43384;16452;18.6;7.1
70;2021-04-15;1079;605;44463;17057;19.1;7.3
70;2021-04-16;1243;554;45706;17611;19.6;7.6
70;2021-04-17;689;469;46395;18080;19.9;7.8
70;2021-04-18;62;4;46457;18084;19.9;7.8
70;2021-04-19;540;807;46997;18891;20.2;8.1
70;2021-04-20;664;853;47661;19744;20.4;8.5
70;2021-04-21;483;930;48144;20674;20.6;8.9
70;2021-04-22;776;800;48920;21474;21.0;9.2
70;2021-04-23;875;743;49795;22217;21.4;9.5
70;2021-04-24;432;642;50227;22859;21.5;9.8
70;2021-04-25;11;0;50238;22859;21.5;9.8
70;2021-04-26;925;603;51163;23462;21.9;10.1
70;2021-04-27;1209;753;52372;24215;22.5;10.4
70;2021-04-28;889;811;53261;25026;22.8;10.7
70;2021-04-29;1343;931;54604;25957;23.4;11.1
70;2021-04-30;1533;876;56137;26833;24.1;11.5
70;2021-05-01;1694;120;57831;26953;24.8;11.6
70;2021-05-02;2;0;57833;26953;24.8;11.6
70;2021-05-03;1191;580;59024;27533;25.3;11.8
70;2021-05-04;1354;754;60378;28287;25.9;12.1
70;2021-05-05;1190;876;61568;29163;26.4;12.5
70;2021-05-06;1846;1268;63414;30431;27.2;13.0
70;2021-05-07;2127;1243;65541;31674;28.1;13.6
70;2021-05-08;1341;192;66882;31866;28.7;13.7
70;2021-05-09;9;58;66891;31924;28.7;13.7
70;2021-05-10;960;946;67851;32870;29.1;14.1
70;2021-05-11;1240;1074;69091;33944;29.6;14.6
70;2021-05-12;1176;867;70267;34811;30.1;14.9
70;2021-05-13;1544;148;71811;34959;30.8;15.0
70;2021-05-14;2062;758;73873;35717;31.7;15.3
70;2021-05-15;2657;532;76530;36249;32.8;15.5
70;2021-05-16;999;72;77529;36321;33.2;15.6
70;2021-05-17;1238;386;78767;36707;33.8;15.7
70;2021-05-18;1296;591;80063;37298;34.3;16.0
70;2021-05-19;1476;480;81539;37778;35.0;16.2
70;2021-05-20;1780;633;83319;38411;35.7;16.5
70;2021-05-21;1693;823;85012;39234;36.5;16.8
70;2021-05-22;1221;665;86233;39899;37.0;17.1
70;2021-05-23;8;14;86241;39913;37.0;17.1
70;2021-05-24;227;26;86468;39939;37.1;17.1
70;2021-05-25;837;926;87305;40865;37.4;17.5
70;2021-05-26;1048;948;88353;41813;37.9;17.9
70;2021-05-27;1263;998;89616;42811;38.4;18.4
70;2021-05-28;1546;1160;91162;43971;39.1;18.9
70;2021-05-29;1371;588;92533;44559;39.7;19.1
70;2021-05-30;1;8;92534;44567;39.7;19.1
70;2021-05-31;969;678;93503;45245;40.1;19.4
70;2021-06-01;1213;848;94716;46093;40.6;19.8
70;2021-06-02;1265;680;95981;46773;41.2;20.1
70;2021-06-03;1430;838;97411;47611;41.8;20.4
70;2021-06-04;1335;1111;98746;48722;42.3;20.9
70;2021-06-05;1024;664;99770;49386;42.8;21.2
70;2021-06-06;599;79;100369;49465;43.0;21.2
70;2021-06-07;941;850;101310;50315;43.4;21.6
70;2021-06-08;1216;1185;102526;51500;44.0;22.1
70;2021-06-09;1156;988;103682;52488;44.5;22.5
70;2021-06-10;1569;831;105251;53319;45.1;22.9
70;2021-06-11;1587;1956;106838;55275;45.8;23.7
70;2021-06-12;829;1972;107667;57247;46.2;24.5
70;2021-06-13;143;15;107810;57262;46.2;24.6
70;2021-06-14;558;1245;108368;58507;46.5;25.1
70;2021-06-15;451;1506;108819;60013;46.7;25.7
70;2021-06-16;800;1393;109619;61406;47.0;26.3
70;2021-06-17;1150;2097;110769;63503;47.5;27.2
70;2021-06-18;997;2255;111766;65758;47.9;28.2
70;2021-06-19;1091;1640;112857;67398;48.4;28.9
70;2021-06-20;1;3;112858;67401;48.4;28.9
70;2021-06-21;693;1453;113551;68854;48.7;29.5
70;2021-06-22;654;1511;114205;70365;49.0;30.2
70;2021-06-23;662;1570;114867;71935;49.3;30.8
70;2021-06-24;877;2050;115744;73985;49.6;31.7
70;2021-06-25;682;2646;116426;76631;49.9;32.9
70;2021-06-26;943;2136;117369;78767;50.3;33.8
70;2021-06-27;141;761;117510;79528;50.4;34.1
70;2021-06-28;336;1350;117846;80878;50.5;34.7
70;2021-06-29;411;1611;118257;82489;50.7;35.4
70;2021-06-30;390;1635;118647;84124;50.9;36.1
70;2021-07-01;640;1751;119287;85875;51.2;36.8
70;2021-07-02;815;1577;120102;87452;51.5;37.5
70;2021-07-03;841;1082;120943;88534;51.9;38.0
70;2021-07-04;29;70;120972;88604;51.9;38.0
70;2021-07-05;610;1037;121582;89641;52.1;38.4
70;2021-07-06;681;1275;122263;90916;52.4;39.0
70;2021-07-07;508;1424;122771;92340;52.6;39.6
70;2021-07-08;816;1573;123587;93913;53.0;40.3
70;2021-07-09;871;1662;124458;95575;53.4;41.0
70;2021-07-10;831;1032;125289;96607;53.7;41.4
70;2021-07-11;7;20;125296;96627;53.7;41.4
70;2021-07-12;431;1392;125727;98019;53.9;42.0
70;2021-07-13;906;1868;126633;99887;54.3;42.8
70;2021-07-14;33;6;126666;99893;54.3;42.8
70;2021-07-15;1383;1694;128049;101587;54.9;43.6
70;2021-07-16;1627;2065;129676;103652;55.6;44.4
70;2021-07-17;1501;1454;131177;105106;56.3;45.1
70;2021-07-18;1144;640;132321;105746;56.7;45.3
70;2021-07-19;883;973;133204;106719;57.1;45.8
70;2021-07-20;1350;1352;134554;108071;57.7;46.3
70;2021-07-21;1288;1404;135842;109475;58.3;46.9
70;2021-07-22;1868;1823;137710;111298;59.1;47.7
70;2021-07-23;1828;2491;139538;113789;59.8;48.8
70;2021-07-24;1364;1804;140902;115593;60.4;49.6
70;2021-07-25;25;3;140927;115596;60.4;49.6
70;2021-07-26;1054;974;141981;116570;60.9;50.0
70;2021-07-27;1402;976;143383;117546;61.5;50.4
70;2021-07-28;1403;1162;144786;118708;62.1;50.9
70;2021-07-29;1873;1386;146659;120094;62.9;51.5
70;2021-07-30;1968;1347;148627;121441;63.7;52.1
70;2021-07-31;1744;1163;150371;122604;64.5;52.6
70;2021-08-01;2;4;150373;122608;64.5;52.6
70;2021-08-02;775;737;151148;123345;64.8;52.9
70;2021-08-03;1293;1038;152441;124383;65.4;53.3
70;2021-08-04;1210;918;153651;125301;65.9;53.7
70;2021-08-05;1658;1190;155309;126491;66.6;54.2
70;2021-08-06;1794;1332;157103;127823;67.4;54.8
70;2021-08-07;1190;1029;158293;128852;67.9;55.3
70;2021-08-08;35;28;158328;128880;67.9;55.3
70;2021-08-09;527;703;158855;129583;68.1;55.6
70;2021-08-10;896;1133;159751;130716;68.5;56.1
70;2021-08-11;806;723;160557;131439;68.9;56.4
70;2021-08-12;901;1273;161458;132712;69.2;56.9
70;2021-08-13;1040;1623;162498;134335;69.7;57.6
70;2021-08-14;771;972;163269;135307;70.0;58.0
70;2021-08-15;36;28;163305;135335;70.0;58.0
70;2021-08-16;544;906;163849;136241;70.3;58.4
70;2021-08-17;675;1196;164524;137437;70.6;58.9
70;2021-08-18;536;939;165060;138376;70.8;59.3
70;2021-08-19;565;1386;165625;139762;71.0;59.9
70;2021-08-20;510;1901;166135;141663;71.2;60.7
70;2021-08-21;446;1157;166581;142820;71.4;61.2
70;2021-08-22;2;6;166583;142826;71.4;61.2
70;2021-08-23;280;880;166863;143706;71.6;61.6
70;2021-08-24;386;1374;167249;145080;71.7;62.2
70;2021-08-25;350;1341;167599;146421;71.9;62.8
70;2021-08-26;420;1555;168019;147976;72.1;63.5
71;2020-12-27;0;0;0;0;0.0;0.0
71;2020-12-28;0;0;0;0;0.0;0.0
71;2020-12-29;0;0;0;0;0.0;0.0
71;2020-12-30;0;0;0;0;0.0;0.0
71;2020-12-31;0;0;0;0;0.0;0.0
71;2021-01-01;1;0;1;0;0.0;0.0
71;2021-01-02;0;0;1;0;0.0;0.0
71;2021-01-03;1;0;2;0;0.0;0.0
71;2021-01-04;1;0;3;0;0.0;0.0
71;2021-01-05;12;0;15;0;0.0;0.0
71;2021-01-06;72;0;87;0;0.0;0.0
71;2021-01-07;66;0;153;0;0.0;0.0
71;2021-01-08;146;0;299;0;0.1;0.0
71;2021-01-09;117;0;416;0;0.1;0.0
71;2021-01-10;1;0;417;0;0.1;0.0
71;2021-01-11;245;1;662;1;0.1;0.0
71;2021-01-12;846;1;1508;2;0.3;0.0
71;2021-01-13;563;2;2071;4;0.4;0.0
71;2021-01-14;581;10;2652;14;0.5;0.0
71;2021-01-15;666;2;3318;16;0.6;0.0
71;2021-01-16;9;0;3327;16;0.6;0.0
71;2021-01-17;0;0;3327;16;0.6;0.0
71;2021-01-18;1094;8;4421;24;0.8;0.0
71;2021-01-19;1693;7;6114;31;1.1;0.0
71;2021-01-20;1514;6;7628;37;1.4;0.0
71;2021-01-21;2058;17;9686;54;1.8;0.0
71;2021-01-22;1413;6;11099;60;2.0;0.0
71;2021-01-23;815;6;11914;66;2.2;0.0
71;2021-01-24;0;0;11914;66;2.2;0.0
71;2021-01-25;1065;6;12979;72;2.4;0.0
71;2021-01-26;1505;27;14484;99;2.6;0.0
71;2021-01-27;1248;34;15732;133;2.9;0.0
71;2021-01-28;1083;96;16815;229;3.1;0.0
71;2021-01-29;1014;143;17829;372;3.3;0.1
71;2021-01-30;605;2;18434;374;3.4;0.1
71;2021-01-31;1;15;18435;389;3.4;0.1
71;2021-02-01;751;238;19186;627;3.5;0.1
71;2021-02-02;754;357;19940;984;3.6;0.2
71;2021-02-03;817;423;20757;1407;3.8;0.3
71;2021-02-04;780;572;21537;1979;3.9;0.4
71;2021-02-05;705;524;22242;2503;4.1;0.5
71;2021-02-06;535;9;22777;2512;4.2;0.5
71;2021-02-07;4;50;22781;2562;4.2;0.5
71;2021-02-08;603;697;23384;3259;4.3;0.6
71;2021-02-09;369;1011;23753;4270;4.3;0.8
71;2021-02-10;412;989;24165;5259;4.4;1.0
71;2021-02-11;472;1179;24637;6438;4.5;1.2
71;2021-02-12;535;1035;25172;7473;4.6;1.4
71;2021-02-13;124;505;25296;7978;4.6;1.5
71;2021-02-14;2;7;25298;7985;4.6;1.5
71;2021-02-15;323;910;25621;8895;4.7;1.6
71;2021-02-16;442;1352;26063;10247;4.8;1.9
71;2021-02-17;427;1123;26490;11370;4.8;2.1
71;2021-02-18;548;933;27038;12303;4.9;2.2
71;2021-02-19;573;848;27611;13151;5.0;2.4
71;2021-02-20;224;382;27835;13533;5.1;2.5
71;2021-02-21;4;13;27839;13546;5.1;2.5
71;2021-02-22;237;873;28076;14419;5.1;2.6
71;2021-02-23;452;925;28528;15344;5.2;2.8
71;2021-02-24;445;719;28973;16063;5.3;2.9
71;2021-02-25;533;727;29506;16790;5.4;3.1
71;2021-02-26;830;535;30336;17325;5.5;3.2
71;2021-02-27;457;338;30793;17663;5.6;3.2
71;2021-02-28;54;14;30847;17677;5.6;3.2
71;2021-03-01;1187;680;32034;18357;5.8;3.4
71;2021-03-02;1574;644;33608;19001;6.1;3.5
71;2021-03-03;1820;772;35428;19773;6.5;3.6
71;2021-03-04;2003;819;37431;20592;6.8;3.8
71;2021-03-05;2289;695;39720;21287;7.3;3.9
71;2021-03-06;754;65;40474;21352;7.4;3.9
71;2021-03-07;40;21;40514;21373;7.4;3.9
71;2021-03-08;1452;784;41966;22157;7.7;4.0
71;2021-03-09;2160;532;44126;22689;8.1;4.1
71;2021-03-10;2172;472;46298;23161;8.5;4.2
71;2021-03-11;2630;673;48928;23834;8.9;4.4
71;2021-03-12;2606;628;51534;24462;9.4;4.5
71;2021-03-13;995;101;52529;24563;9.6;4.5
71;2021-03-14;35;0;52564;24563;9.6;4.5
71;2021-03-15;1798;499;54362;25062;9.9;4.6
71;2021-03-16;1821;200;56183;25262;10.3;4.6
71;2021-03-17;2134;250;58317;25512;10.6;4.7
71;2021-03-18;1953;437;60270;25949;11.0;4.7
71;2021-03-19;2370;335;62640;26284;11.4;4.8
71;2021-03-20;1084;39;63724;26323;11.6;4.8
71;2021-03-21;17;5;63741;26328;11.6;4.8
71;2021-03-22;2576;381;66317;26709;12.1;4.9
71;2021-03-23;3346;509;69663;27218;12.7;5.0
71;2021-03-24;3349;465;73012;27683;13.3;5.1
71;2021-03-25;4028;590;77040;28273;14.1;5.2
71;2021-03-26;4056;341;81096;28614;14.8;5.2
71;2021-03-27;998;107;82094;28721;15.0;5.2
71;2021-03-28;57;8;82151;28729;15.0;5.2
71;2021-03-29;2409;1174;84560;29903;15.4;5.5
71;2021-03-30;2952;1361;87512;31264;16.0;5.7
71;2021-03-31;2549;1527;90061;32791;16.4;6.0
71;2021-04-01;2717;1300;92778;34091;16.9;6.2
71;2021-04-02;2503;1422;95281;35513;17.4;6.5
71;2021-04-03;268;34;95549;35547;17.4;6.5
71;2021-04-04;6;0;95555;35547;17.4;6.5
71;2021-04-05;61;0;95616;35547;17.5;6.5
71;2021-04-06;2259;1879;97875;37426;17.9;6.8
71;2021-04-07;2391;1794;100266;39220;18.3;7.2
71;2021-04-08;3283;1807;103549;41027;18.9;7.5
71;2021-04-09;4041;1671;107590;42698;19.6;7.8
71;2021-04-10;769;47;108359;42745;19.8;7.8
71;2021-04-11;100;4;108459;42749;19.8;7.8
71;2021-04-12;2355;1704;110814;44453;20.2;8.1
71;2021-04-13;2584;1890;113398;46343;20.7;8.5
71;2021-04-14;2374;1922;115772;48265;21.1;8.8
71;2021-04-15;2778;1692;118550;49957;21.6;9.1
71;2021-04-16;2628;1650;121178;51607;22.1;9.4
71;2021-04-17;952;344;122130;51951;22.3;9.5
71;2021-04-18;106;6;122236;51957;22.3;9.5
71;2021-04-19;1759;2573;123995;54530;22.6;10.0
71;2021-04-20;2220;2600;126215;57130;23.0;10.4
71;2021-04-21;2125;2594;128340;59724;23.4;10.9
71;2021-04-22;2511;2446;130851;62170;23.9;11.3
71;2021-04-23;2923;2270;133774;64440;24.4;11.8
71;2021-04-24;517;53;134291;64493;24.5;11.8
71;2021-04-25;26;0;134317;64493;24.5;11.8
71;2021-04-26;2568;2138;136885;66631;25.0;12.2
71;2021-04-27;2989;2269;139874;68900;25.5;12.6
71;2021-04-28;3074;2130;142948;71030;26.1;13.0
71;2021-04-29;3780;2236;146728;73266;26.8;13.4
71;2021-04-30;3928;1729;150656;74995;27.5;13.7
71;2021-05-01;39;53;150695;75048;27.5;13.7
71;2021-05-02;23;18;150718;75066;27.5;13.7
71;2021-05-03;4289;1386;155007;76452;28.3;14.0
71;2021-05-04;2956;2359;157963;78811;28.8;14.4
71;2021-05-05;3426;2095;161389;80906;29.5;14.8
71;2021-05-06;3466;2371;164855;83277;30.1;15.2
71;2021-05-07;3678;2815;168533;86092;30.8;15.7
71;2021-05-08;180;183;168713;86275;30.8;15.7
71;2021-05-09;44;47;168757;86322;30.8;15.8
71;2021-05-10;3700;2291;172457;88613;31.5;16.2
71;2021-05-11;4663;2360;177120;90973;32.3;16.6
71;2021-05-12;3976;2604;181096;93577;33.1;17.1
71;2021-05-13;1576;155;182672;93732;33.3;17.1
71;2021-05-14;3765;2194;186437;95926;34.0;17.5
71;2021-05-15;242;329;186679;96255;34.1;17.6
71;2021-05-16;2;0;186681;96255;34.1;17.6
71;2021-05-17;3864;1886;190545;98141;34.8;17.9
71;2021-05-18;3496;2427;194041;100568;35.4;18.4
71;2021-05-19;3720;2281;197761;102849;36.1;18.8
71;2021-05-20;4183;2300;201944;105149;36.9;19.2
71;2021-05-21;3724;2577;205668;107726;37.5;19.7
71;2021-05-22;168;306;205836;108032;37.6;19.7
71;2021-05-23;14;55;205850;108087;37.6;19.7
71;2021-05-24;19;96;205869;108183;37.6;19.7
71;2021-05-25;2690;3007;208559;111190;38.1;20.3
71;2021-05-26;2973;2432;211532;113622;38.6;20.7
71;2021-05-27;3387;2590;214919;116212;39.2;21.2
71;2021-05-28;2920;3164;217839;119376;39.8;21.8
71;2021-05-29;482;661;218321;120037;39.9;21.9
71;2021-05-30;75;57;218396;120094;39.9;21.9
71;2021-05-31;2776;3458;221172;123552;40.4;22.6
71;2021-06-01;3674;3542;224846;127094;41.0;23.2
71;2021-06-02;3998;2623;228844;129717;41.8;23.7
71;2021-06-03;4436;2527;233280;132244;42.6;24.1
71;2021-06-04;3717;3715;236997;135959;43.3;24.8
71;2021-06-05;683;646;237680;136605;43.4;24.9
71;2021-06-06;57;91;237737;136696;43.4;25.0
71;2021-06-07;3283;4150;241020;140846;44.0;25.7
71;2021-06-08;3898;4015;244918;144861;44.7;26.4
71;2021-06-09;4694;2751;249612;147612;45.6;26.9
71;2021-06-10;5269;2747;254881;150359;46.5;27.4
71;2021-06-11;4435;3724;259316;154083;47.3;28.1
71;2021-06-12;716;596;260032;154679;47.5;28.2
71;2021-06-13;104;187;260136;154866;47.5;28.3
71;2021-06-14;3512;3785;263648;158651;48.1;29.0
71;2021-06-15;4207;3559;267855;162210;48.9;29.6
71;2021-06-16;4596;2728;272451;164938;49.7;30.1
71;2021-06-17;4269;3001;276720;167939;50.5;30.7
71;2021-06-18;4325;3772;281045;171711;51.3;31.3
71;2021-06-19;1269;654;282314;172365;51.5;31.5
71;2021-06-20;37;27;282351;172392;51.5;31.5
71;2021-06-21;2270;4282;284621;176674;52.0;32.3
71;2021-06-22;2687;4355;287308;181029;52.4;33.0
71;2021-06-23;3061;3420;290369;184449;53.0;33.7
71;2021-06-24;3328;3021;293697;187470;53.6;34.2
71;2021-06-25;2654;4473;296351;191943;54.1;35.0
71;2021-06-26;372;551;296723;192494;54.2;35.1
71;2021-06-27;29;68;296752;192562;54.2;35.2
71;2021-06-28;1535;4623;298287;197185;54.4;36.0
71;2021-06-29;1992;4825;300279;202010;54.8;36.9
71;2021-06-30;2504;3937;302783;205947;55.3;37.6
71;2021-07-01;2826;3906;305609;209853;55.8;38.3
71;2021-07-02;3031;3984;308640;213837;56.3;39.0
71;2021-07-03;318;711;308958;214548;56.4;39.2
71;2021-07-04;28;132;308986;214680;56.4;39.2
71;2021-07-05;2477;4321;311463;219001;56.9;40.0
71;2021-07-06;2462;4566;313925;223567;57.3;40.8
71;2021-07-07;2984;3723;316909;227290;57.8;41.5
71;2021-07-08;2768;4113;319677;231403;58.4;42.2
71;2021-07-09;2381;5025;322058;236428;58.8;43.2
71;2021-07-10;212;656;322270;237084;58.8;43.3
71;2021-07-11;15;65;322285;237149;58.8;43.3
71;2021-07-12;1913;5310;324198;242459;59.2;44.3
71;2021-07-13;2541;5866;326739;248325;59.6;45.3
71;2021-07-14;950;400;327689;248725;59.8;45.4
71;2021-07-15;3020;5737;330709;254462;60.4;46.4
71;2021-07-16;3296;6011;334005;260473;61.0;47.5
71;2021-07-17;505;782;334510;261255;61.1;47.7
71;2021-07-18;89;93;334599;261348;61.1;47.7
71;2021-07-19;2864;5563;337463;266911;61.6;48.7
71;2021-07-20;3367;5917;340830;272828;62.2;49.8
71;2021-07-21;3411;5471;344241;278299;62.8;50.8
71;2021-07-22;3943;5337;348184;283636;63.6;51.8
71;2021-07-23;3234;6001;351418;289637;64.1;52.9
71;2021-07-24;705;598;352123;290235;64.3;53.0
71;2021-07-25;148;82;352271;290317;64.3;53.0
71;2021-07-26;3588;4895;355859;295212;65.0;53.9
71;2021-07-27;4087;5126;359946;300338;65.7;54.8
71;2021-07-28;4246;4818;364192;305156;66.5;55.7
71;2021-07-29;4203;4642;368395;309798;67.2;56.6
71;2021-07-30;4230;4923;372625;314721;68.0;57.4
71;2021-07-31;722;726;373347;315447;68.2;57.6
71;2021-08-01;104;35;373451;315482;68.2;57.6
71;2021-08-02;3963;3761;377414;319243;68.9;58.3
71;2021-08-03;4399;3820;381813;323063;69.7;59.0
71;2021-08-04;4374;2986;386187;326049;70.5;59.5
71;2021-08-05;4163;3261;390350;329310;71.3;60.1
71;2021-08-06;3672;4010;394022;333320;71.9;60.8
71;2021-08-07;493;329;394515;333649;72.0;60.9
71;2021-08-08;47;65;394562;333714;72.0;60.9
71;2021-08-09;3035;3423;397597;337137;72.6;61.5
71;2021-08-10;3059;3392;400656;340529;73.1;62.2
71;2021-08-11;3172;3076;403828;343605;73.7;62.7
71;2021-08-12;2994;3101;406822;346706;74.3;63.3
71;2021-08-13;2640;3331;409462;350037;74.7;63.9
71;2021-08-14;278;521;409740;350558;74.8;64.0
71;2021-08-15;49;109;409789;350667;74.8;64.0
71;2021-08-16;1699;3530;411488;354197;75.1;64.7
71;2021-08-17;1733;3435;413221;357632;75.4;65.3
71;2021-08-18;1447;3168;414668;360800;75.7;65.9
71;2021-08-19;1266;3116;415934;363916;75.9;66.4
71;2021-08-20;1279;3696;417213;367612;76.2;67.1
71;2021-08-21;145;412;417358;368024;76.2;67.2
71;2021-08-22;40;99;417398;368123;76.2;67.2
71;2021-08-23;1422;4538;418820;372661;76.5;68.0
71;2021-08-24;1325;3796;420145;376457;76.7;68.7
71;2021-08-25;942;3766;421087;380223;76.9;69.4
71;2021-08-26;947;3382;422034;383605;77.0;70.0
72;2020-12-27;0;0;0;0;0.0;0.0
72;2020-12-28;0;0;0;0;0.0;0.0
72;2020-12-29;0;0;0;0;0.0;0.0
72;2020-12-30;0;0;0;0;0.0;0.0
72;2020-12-31;0;0;0;0;0.0;0.0
72;2021-01-01;2;0;2;0;0.0;0.0
72;2021-01-02;0;0;2;0;0.0;0.0
72;2021-01-03;0;0;2;0;0.0;0.0
72;2021-01-04;0;0;2;0;0.0;0.0
72;2021-01-05;14;0;16;0;0.0;0.0
72;2021-01-06;27;0;43;0;0.0;0.0
72;2021-01-07;110;0;153;0;0.0;0.0
72;2021-01-08;232;0;385;0;0.1;0.0
72;2021-01-09;36;0;421;0;0.1;0.0
72;2021-01-10;0;0;421;0;0.1;0.0
72;2021-01-11;485;1;906;1;0.2;0.0
72;2021-01-12;615;1;1521;2;0.3;0.0
72;2021-01-13;500;1;2021;3;0.4;0.0
72;2021-01-14;644;3;2665;6;0.5;0.0
72;2021-01-15;478;1;3143;7;0.6;0.0
72;2021-01-16;94;0;3237;7;0.6;0.0
72;2021-01-17;0;0;3237;7;0.6;0.0
72;2021-01-18;292;0;3529;7;0.6;0.0
72;2021-01-19;777;3;4306;10;0.8;0.0
72;2021-01-20;1538;6;5844;16;1.0;0.0
72;2021-01-21;1776;5;7620;21;1.4;0.0
72;2021-01-22;1149;6;8769;27;1.6;0.0
72;2021-01-23;32;0;8801;27;1.6;0.0
72;2021-01-24;0;0;8801;27;1.6;0.0
72;2021-01-25;503;7;9304;34;1.7;0.0
72;2021-01-26;1165;21;10469;55;1.9;0.0
72;2021-01-27;882;19;11351;74;2.0;0.0
72;2021-01-28;776;68;12127;142;2.2;0.0
72;2021-01-29;712;69;12839;211;2.3;0.0
72;2021-01-30;58;0;12897;211;2.3;0.0
72;2021-01-31;1;0;12898;211;2.3;0.0
72;2021-02-01;499;228;13397;439;2.4;0.1
72;2021-02-02;507;295;13904;734;2.5;0.1
72;2021-02-03;487;229;14391;963;2.6;0.2
72;2021-02-04;476;341;14867;1304;2.7;0.2
72;2021-02-05;514;407;15381;1711;2.7;0.3
72;2021-02-06;83;14;15464;1725;2.8;0.3
72;2021-02-07;19;3;15483;1728;2.8;0.3
72;2021-02-08;310;404;15793;2132;2.8;0.4
72;2021-02-09;489;531;16282;2663;2.9;0.5
72;2021-02-10;565;928;16847;3591;3.0;0.6
72;2021-02-11;861;1345;17708;4936;3.2;0.9
72;2021-02-12;851;595;18559;5531;3.3;1.0
72;2021-02-13;108;38;18667;5569;3.3;1.0
72;2021-02-14;1;22;18668;5591;3.3;1.0
72;2021-02-15;220;503;18888;6094;3.4;1.1
72;2021-02-16;502;1027;19390;7121;3.5;1.3
72;2021-02-17;464;713;19854;7834;3.5;1.4
72;2021-02-18;594;637;20448;8471;3.6;1.5
72;2021-02-19;521;599;20969;9070;3.7;1.6
72;2021-02-20;79;57;21048;9127;3.8;1.6
72;2021-02-21;0;0;21048;9127;3.8;1.6
72;2021-02-22;328;580;21376;9707;3.8;1.7
72;2021-02-23;568;528;21944;10235;3.9;1.8
72;2021-02-24;435;472;22379;10707;4.0;1.9
72;2021-02-25;922;565;23301;11272;4.2;2.0
72;2021-02-26;600;513;23901;11785;4.3;2.1
72;2021-02-27;322;66;24223;11851;4.3;2.1
72;2021-02-28;15;17;24238;11868;4.3;2.1
72;2021-03-01;378;480;24616;12348;4.4;2.2
72;2021-03-02;503;605;25119;12953;4.5;2.3
72;2021-03-03;732;653;25851;13606;4.6;2.4
72;2021-03-04;739;783;26590;14389;4.7;2.6
72;2021-03-05;935;771;27525;15160;4.9;2.7
72;2021-03-06;761;135;28286;15295;5.0;2.7
72;2021-03-07;448;26;28734;15321;5.1;2.7
72;2021-03-08;560;447;29294;15768;5.2;2.8
72;2021-03-09;1046;646;30340;16414;5.4;2.9
72;2021-03-10;1137;658;31477;17072;5.6;3.0
72;2021-03-11;1611;494;33088;17566;5.9;3.1
72;2021-03-12;1364;519;34452;18085;6.1;3.2
72;2021-03-13;983;119;35435;18204;6.3;3.2
72;2021-03-14;14;10;35449;18214;6.3;3.3
72;2021-03-15;1159;224;36608;18438;6.5;3.3
72;2021-03-16;1052;188;37660;18626;6.7;3.3
72;2021-03-17;1035;261;38695;18887;6.9;3.4
72;2021-03-18;1087;368;39782;19255;7.1;3.4
72;2021-03-19;1275;292;41057;19547;7.3;3.5
72;2021-03-20;487;91;41544;19638;7.4;3.5
72;2021-03-21;19;0;41563;19638;7.4;3.5
72;2021-03-22;1347;343;42910;19981;7.7;3.6
72;2021-03-23;1725;480;44635;20461;8.0;3.7
72;2021-03-24;1840;305;46475;20766;8.3;3.7
72;2021-03-25;2445;466;48920;21232;8.7;3.8
72;2021-03-26;2336;374;51256;21606;9.1;3.9
72;2021-03-27;614;30;51870;21636;9.3;3.9
72;2021-03-28;22;0;51892;21636;9.3;3.9
72;2021-03-29;1616;382;53508;22018;9.6;3.9
72;2021-03-30;2496;387;56004;22405;10.0;4.0
72;2021-03-31;2141;365;58145;22770;10.4;4.1
72;2021-04-01;2856;352;61001;23122;10.9;4.1
72;2021-04-02;2249;401;63250;23523;11.3;4.2
72;2021-04-03;292;39;63542;23562;11.3;4.2
72;2021-04-04;14;3;63556;23565;11.3;4.2
72;2021-04-05;51;49;63607;23614;11.4;4.2
72;2021-04-06;1760;469;65367;24083;11.7;4.3
72;2021-04-07;2574;597;67941;24680;12.1;4.4
72;2021-04-08;2724;781;70665;25461;12.6;4.5
72;2021-04-09;3862;584;74527;26045;13.3;4.6
72;2021-04-10;1111;50;75638;26095;13.5;4.7
72;2021-04-11;8;1;75646;26096;13.5;4.7
72;2021-04-12;1850;901;77496;26997;13.8;4.8
72;2021-04-13;2370;1076;79866;28073;14.3;5.0
72;2021-04-14;2250;1096;82116;29169;14.7;5.2
72;2021-04-15;2422;1115;84538;30284;15.1;5.4
72;2021-04-16;2562;962;87100;31246;15.5;5.6
72;2021-04-17;707;144;87807;31390;15.7;5.6
72;2021-04-18;57;2;87864;31392;15.7;5.6
72;2021-04-19;1396;1094;89260;32486;15.9;5.8
72;2021-04-20;2997;1303;92257;33789;16.5;6.0
72;2021-04-21;2517;1563;94774;35352;16.9;6.3
72;2021-04-22;2815;1793;97589;37145;17.4;6.6
72;2021-04-23;3212;1452;100801;38597;18.0;6.9
72;2021-04-24;1400;267;102201;38864;18.2;6.9
72;2021-04-25;881;18;103082;38882;18.4;6.9
72;2021-04-26;3514;1481;106596;40363;19.0;7.2
72;2021-04-27;4091;1863;110687;42226;19.8;7.5
72;2021-04-28;3835;1870;114522;44096;20.4;7.9
72;2021-04-29;4159;1814;118681;45910;21.2;8.2
72;2021-04-30;3615;1712;122296;47622;21.8;8.5
72;2021-05-01;1642;226;123938;47848;22.1;8.5
72;2021-05-02;1533;161;125471;48009;22.4;8.6
72;2021-05-03;3456;1152;128927;49161;23.0;8.8
72;2021-05-04;4012;1802;132939;50963;23.7;9.1
72;2021-05-05;3868;2180;136807;53143;24.4;9.5
72;2021-05-06;3596;1943;140403;55086;25.1;9.8
72;2021-05-07;3545;2146;143948;57232;25.7;10.2
72;2021-05-08;1899;153;145847;57385;26.0;10.2
72;2021-05-09;2082;210;147929;57595;26.4;10.3
72;2021-05-10;3770;1520;151699;59115;27.1;10.6
72;2021-05-11;4598;1992;156297;61107;27.9;10.9
72;2021-05-12;4081;1821;160378;62928;28.6;11.2
72;2021-05-13;3031;272;163409;63200;29.2;11.3
72;2021-05-14;3663;1393;167072;64593;29.8;11.5
72;2021-05-15;3121;366;170193;64959;30.4;11.6
72;2021-05-16;2502;153;172695;65112;30.8;11.6
72;2021-05-17;3724;1284;176419;66396;31.5;11.9
72;2021-05-18;4331;1687;180750;68083;32.3;12.2
72;2021-05-19;3977;1510;184727;69593;33.0;12.4
72;2021-05-20;4262;1452;188989;71045;33.7;12.7
72;2021-05-21;3788;1390;192777;72435;34.4;12.9
72;2021-05-22;2561;506;195338;72941;34.9;13.0
72;2021-05-23;1391;164;196729;73105;35.1;13.0
72;2021-05-24;2353;296;199082;73401;35.5;13.1
72;2021-05-25;4075;1411;203157;74812;36.3;13.4
72;2021-05-26;4096;1413;207253;76225;37.0;13.6
72;2021-05-27;4346;2048;211599;78273;37.8;14.0
72;2021-05-28;4107;2018;215706;80291;38.5;14.3
72;2021-05-29;2668;810;218374;81101;39.0;14.5
72;2021-05-30;1142;870;219516;81971;39.2;14.6
72;2021-05-31;3121;2329;222637;84300;39.7;15.0
72;2021-06-01;3567;2670;226204;86970;40.4;15.5
72;2021-06-02;3613;2782;229817;89752;41.0;16.0
72;2021-06-03;4242;2997;234059;92749;41.8;16.6
72;2021-06-04;3892;2750;237951;95499;42.5;17.0
72;2021-06-05;1439;2567;239390;98066;42.7;17.5
72;2021-06-06;908;1542;240298;99608;42.9;17.8
72;2021-06-07;1746;3424;242044;103032;43.2;18.4
72;2021-06-08;2929;3833;244973;106865;43.7;19.1
72;2021-06-09;2648;3370;247621;110235;44.2;19.7
72;2021-06-10;2827;3316;250448;113551;44.7;20.3
72;2021-06-11;2841;3773;253289;117324;45.2;20.9
72;2021-06-12;1244;2598;254533;119922;45.4;21.4
72;2021-06-13;388;1859;254921;121781;45.5;21.7
72;2021-06-14;1336;4127;256257;125908;45.7;22.5
72;2021-06-15;2755;3513;259012;129421;46.2;23.1
72;2021-06-16;2428;3577;261440;132998;46.7;23.7
72;2021-06-17;2320;3876;263760;136874;47.1;24.4
72;2021-06-18;2308;4312;266068;141186;47.5;25.2
72;2021-06-19;1127;2763;267195;143949;47.7;25.7
72;2021-06-20;339;2057;267534;146006;47.8;26.1
72;2021-06-21;1564;4032;269098;150038;48.0;26.8
72;2021-06-22;1712;4994;270810;155032;48.3;27.7
72;2021-06-23;2006;4220;272816;159252;48.7;28.4
72;2021-06-24;2233;4013;275049;163265;49.1;29.1
72;2021-06-25;1774;4837;276823;168102;49.4;30.0
72;2021-06-26;1190;2879;278013;170981;49.6;30.5
72;2021-06-27;392;2111;278405;173092;49.7;30.9
72;2021-06-28;1440;4295;279845;177387;50.0;31.7
72;2021-06-29;1769;4740;281614;182127;50.3;32.5
72;2021-06-30;1980;4167;283594;186294;50.6;33.3
72;2021-07-01;1947;4415;285541;190709;51.0;34.0
72;2021-07-02;1851;4715;287392;195424;51.3;34.9
72;2021-07-03;1292;3123;288684;198547;51.5;35.4
72;2021-07-04;584;1950;289268;200497;51.6;35.8
72;2021-07-05;1192;4165;290460;204662;51.8;36.5
72;2021-07-06;1462;5163;291922;209825;52.1;37.5
72;2021-07-07;1582;4612;293504;214437;52.4;38.3
72;2021-07-08;1646;4326;295150;218763;52.7;39.0
72;2021-07-09;2106;4608;297256;223371;53.1;39.9
72;2021-07-10;1594;2688;298850;226059;53.3;40.4
72;2021-07-11;949;1587;299799;227646;53.5;40.6
72;2021-07-12;1592;3758;301391;231404;53.8;41.3
72;2021-07-13;2086;4772;303477;236176;54.2;42.2
72;2021-07-14;1327;2366;304804;238542;54.4;42.6
72;2021-07-15;3490;3424;308294;241966;55.0;43.2
72;2021-07-16;3172;4123;311466;246089;55.6;43.9
72;2021-07-17;2643;1759;314109;247848;56.1;44.2
72;2021-07-18;1708;823;315817;248671;56.4;44.4
72;2021-07-19;2918;3506;318735;252177;56.9;45.0
72;2021-07-20;3036;4284;321771;256461;57.4;45.8
72;2021-07-21;2880;3591;324651;260052;57.9;46.4
72;2021-07-22;3760;2915;328411;262967;58.6;46.9
72;2021-07-23;3474;3792;331885;266759;59.2;47.6
72;2021-07-24;2816;1460;334701;268219;59.7;47.9
72;2021-07-25;1449;1077;336150;269296;60.0;48.1
72;2021-07-26;2721;2917;338871;272213;60.5;48.6
72;2021-07-27;3847;3820;342718;276033;61.2;49.3
72;2021-07-28;3564;3124;346282;279157;61.8;49.8
72;2021-07-29;3564;2713;349846;281870;62.4;50.3
72;2021-07-30;3772;3383;353618;285253;63.1;50.9
72;2021-07-31;2546;1744;356164;286997;63.6;51.2
72;2021-08-01;1828;431;357992;287428;63.9;51.3
72;2021-08-02;3209;2284;361201;289712;64.5;51.7
72;2021-08-03;3228;3303;364429;293015;65.1;52.3
72;2021-08-04;3755;2552;368184;295567;65.7;52.8
72;2021-08-05;3756;2459;371940;298026;66.4;53.2
72;2021-08-06;3332;2694;375272;300720;67.0;53.7
72;2021-08-07;2342;1614;377614;302334;67.4;54.0
72;2021-08-08;1618;696;379232;303030;67.7;54.1
72;2021-08-09;2692;2671;381924;305701;68.2;54.6
72;2021-08-10;2911;2744;384835;308445;68.7;55.1
72;2021-08-11;2362;2203;387197;310648;69.1;55.5
72;2021-08-12;2371;2597;389568;313245;69.5;55.9
72;2021-08-13;2136;2287;391704;315532;69.9;56.3
72;2021-08-14;1158;1546;392862;317078;70.1;56.6
72;2021-08-15;622;613;393484;317691;70.2;56.7
72;2021-08-16;1651;2375;395135;320066;70.5;57.1
72;2021-08-17;1710;2886;396845;322952;70.8;57.6
72;2021-08-18;1705;2872;398550;325824;71.1;58.2
72;2021-08-19;1246;2915;399796;328739;71.4;58.7
72;2021-08-20;1646;3169;401442;331908;71.7;59.2
72;2021-08-21;698;2030;402140;333938;71.8;59.6
72;2021-08-22;256;1150;402396;335088;71.8;59.8
72;2021-08-23;1733;3419;404129;338507;72.1;60.4
72;2021-08-24;1521;4123;405650;342630;72.4;61.2
72;2021-08-25;1592;3446;407242;346076;72.7;61.8
72;2021-08-26;1263;4438;408505;350514;72.9;62.6
73;2020-12-27;0;0;0;0;0.0;0.0
73;2020-12-28;1;0;1;0;0.0;0.0
73;2020-12-29;0;0;1;0;0.0;0.0
73;2020-12-30;0;0;1;0;0.0;0.0
73;2020-12-31;0;0;1;0;0.0;0.0
73;2021-01-01;0;0;1;0;0.0;0.0
73;2021-01-02;0;0;1;0;0.0;0.0
73;2021-01-03;0;0;1;0;0.0;0.0
73;2021-01-04;1;0;2;0;0.0;0.0
73;2021-01-05;0;0;2;0;0.0;0.0
73;2021-01-06;1;0;3;0;0.0;0.0
73;2021-01-07;30;0;33;0;0.0;0.0
73;2021-01-08;81;0;114;0;0.0;0.0
73;2021-01-09;0;0;114;0;0.0;0.0
73;2021-01-10;0;0;114;0;0.0;0.0
73;2021-01-11;86;0;200;0;0.0;0.0
73;2021-01-12;303;1;503;1;0.1;0.0
73;2021-01-13;360;1;863;2;0.2;0.0
73;2021-01-14;514;2;1377;4;0.3;0.0
73;2021-01-15;617;1;1994;5;0.5;0.0
73;2021-01-16;128;0;2122;5;0.5;0.0
73;2021-01-17;0;0;2122;5;0.5;0.0
73;2021-01-18;624;0;2746;5;0.6;0.0
73;2021-01-19;1239;3;3985;8;0.9;0.0
73;2021-01-20;951;2;4936;10;1.1;0.0
73;2021-01-21;982;4;5918;14;1.4;0.0
73;2021-01-22;947;0;6865;14;1.6;0.0
73;2021-01-23;387;0;7252;14;1.7;0.0
73;2021-01-24;0;0;7252;14;1.7;0.0
73;2021-01-25;656;6;7908;20;1.8;0.0
73;2021-01-26;761;2;8669;22;2.0;0.0
73;2021-01-27;1105;5;9774;27;2.3;0.0
73;2021-01-28;961;5;10735;32;2.5;0.0
73;2021-01-29;683;5;11418;37;2.6;0.0
73;2021-01-30;345;3;11763;40;2.7;0.0
73;2021-01-31;0;0;11763;40;2.7;0.0
73;2021-02-01;620;39;12383;79;2.9;0.0
73;2021-02-02;752;334;13135;413;3.0;0.1
73;2021-02-03;650;349;13785;762;3.2;0.2
73;2021-02-04;624;234;14409;996;3.3;0.2
73;2021-02-05;680;410;15089;1406;3.5;0.3
73;2021-02-06;261;38;15350;1444;3.5;0.3
73;2021-02-07;1;0;15351;1444;3.5;0.3
73;2021-02-08;522;252;15873;1696;3.7;0.4
73;2021-02-09;793;451;16666;2147;3.9;0.5
73;2021-02-10;899;396;17565;2543;4.1;0.6
73;2021-02-11;960;713;18525;3256;4.3;0.8
73;2021-02-12;810;507;19335;3763;4.5;0.9
73;2021-02-13;263;59;19598;3822;4.5;0.9
73;2021-02-14;1;0;19599;3822;4.5;0.9
73;2021-02-15;347;528;19946;4350;4.6;1.0
73;2021-02-16;453;762;20399;5112;4.7;1.2
73;2021-02-17;451;968;20850;6080;4.8;1.4
73;2021-02-18;469;555;21319;6635;4.9;1.5
73;2021-02-19;445;638;21764;7273;5.0;1.7
73;2021-02-20;69;249;21833;7522;5.0;1.7
73;2021-02-21;0;0;21833;7522;5.0;1.7
73;2021-02-22;240;444;22073;7966;5.1;1.8
73;2021-02-23;325;522;22398;8488;5.2;2.0
73;2021-02-24;487;748;22885;9236;5.3;2.1
73;2021-02-25;503;508;23388;9744;5.4;2.3
73;2021-02-26;730;568;24118;10312;5.6;2.4
73;2021-02-27;330;238;24448;10550;5.7;2.4
73;2021-02-28;1;1;24449;10551;5.7;2.4
73;2021-03-01;557;509;25006;11060;5.8;2.6
73;2021-03-02;668;900;25674;11960;5.9;2.8
73;2021-03-03;642;1195;26316;13155;6.1;3.0
73;2021-03-04;1039;899;27355;14054;6.3;3.2
73;2021-03-05;1240;608;28595;14662;6.6;3.4
73;2021-03-06;1091;335;29686;14997;6.9;3.5
73;2021-03-07;455;93;30141;15090;7.0;3.5
73;2021-03-08;606;427;30747;15517;7.1;3.6
73;2021-03-09;983;537;31730;16054;7.3;3.7
73;2021-03-10;1035;870;32765;16924;7.6;3.9
73;2021-03-11;1556;656;34321;17580;7.9;4.1
73;2021-03-12;2017;534;36338;18114;8.4;4.2
73;2021-03-13;1179;205;37517;18319;8.7;4.2
73;2021-03-14;66;3;37583;18322;8.7;4.2
73;2021-03-15;1185;398;38768;18720;9.0;4.3
73;2021-03-16;794;400;39562;19120;9.1;4.4
73;2021-03-17;877;480;40439;19600;9.3;4.5
73;2021-03-18;1351;257;41790;19857;9.7;4.6
73;2021-03-19;1765;396;43555;20253;10.1;4.7
73;2021-03-20;886;128;44441;20381;10.3;4.7
73;2021-03-21;123;2;44564;20383;10.3;4.7
73;2021-03-22;1184;395;45748;20778;10.6;4.8
73;2021-03-23;1447;237;47195;21015;10.9;4.9
73;2021-03-24;1594;344;48789;21359;11.3;4.9
73;2021-03-25;2062;383;50851;21742;11.8;5.0
73;2021-03-26;2472;365;53323;22107;12.3;5.1
73;2021-03-27;885;145;54208;22252;12.5;5.1
73;2021-03-28;312;14;54520;22266;12.6;5.1
73;2021-03-29;1508;238;56028;22504;13.0;5.2
73;2021-03-30;2088;485;58116;22989;13.4;5.3
73;2021-03-31;2089;402;60205;23391;13.9;5.4
73;2021-04-01;2086;331;62291;23722;14.4;5.5
73;2021-04-02;2361;228;64652;23950;14.9;5.5
73;2021-04-03;848;147;65500;24097;15.1;5.6
73;2021-04-04;188;18;65688;24115;15.2;5.6
73;2021-04-05;212;26;65900;24141;15.2;5.6
73;2021-04-06;1509;506;67409;24647;15.6;5.7
73;2021-04-07;1947;651;69356;25298;16.0;5.8
73;2021-04-08;2491;822;71847;26120;16.6;6.0
73;2021-04-09;3059;524;74906;26644;17.3;6.2
73;2021-04-10;1135;318;76041;26962;17.6;6.2
73;2021-04-11;163;9;76204;26971;17.6;6.2
73;2021-04-12;1696;977;77900;27948;18.0;6.5
73;2021-04-13;1892;1129;79792;29077;18.4;6.7
73;2021-04-14;2017;1090;81809;30167;18.9;7.0
73;2021-04-15;2416;1189;84225;31356;19.5;7.2
73;2021-04-16;1894;930;86119;32286;19.9;7.5
73;2021-04-17;1176;557;87295;32843;20.2;7.6
73;2021-04-18;155;76;87450;32919;20.2;7.6
73;2021-04-19;1382;1060;88832;33979;20.5;7.9
73;2021-04-20;1790;1322;90622;35301;21.0;8.2
73;2021-04-21;1573;1301;92195;36602;21.3;8.5
73;2021-04-22;1813;1226;94008;37828;21.7;8.7
73;2021-04-23;1896;1253;95904;39081;22.2;9.0
73;2021-04-24;980;674;96884;39755;22.4;9.2
73;2021-04-25;79;97;96963;39852;22.4;9.2
73;2021-04-26;1164;1320;98127;41172;22.7;9.5
73;2021-04-27;1441;1471;99568;42643;23.0;9.9
73;2021-04-28;1732;1460;101300;44103;23.4;10.2
73;2021-04-29;2413;1564;103713;45667;24.0;10.6
73;2021-04-30;2396;1438;106109;47105;24.5;10.9
73;2021-05-01;1068;309;107177;47414;24.8;11.0
73;2021-05-02;34;165;107211;47579;24.8;11.0
73;2021-05-03;1392;1594;108603;49173;25.1;11.4
73;2021-05-04;1710;1830;110313;51003;25.5;11.8
73;2021-05-05;1975;1687;112288;52690;26.0;12.2
73;2021-05-06;2430;1699;114718;54389;26.5;12.6
73;2021-05-07;2261;1848;116979;56237;27.0;13.0
73;2021-05-08;1836;377;118815;56614;27.5;13.1
73;2021-05-09;127;125;118942;56739;27.5;13.1
73;2021-05-10;1608;1893;120550;58632;27.9;13.6
73;2021-05-11;2379;2369;122929;61001;28.4;14.1
73;2021-05-12;3555;2096;126484;63097;29.2;14.6
73;2021-05-13;1554;275;128038;63372;29.6;14.7
73;2021-05-14;1587;1494;129625;64866;30.0;15.0
73;2021-05-15;1448;944;131073;65810;30.3;15.2
73;2021-05-16;131;62;131204;65872;30.3;15.2
73;2021-05-17;1710;1952;132914;67824;30.7;15.7
73;2021-05-18;2495;1737;135409;69561;31.3;16.1
73;2021-05-19;2540;1623;137949;71184;31.9;16.5
73;2021-05-20;3162;1502;141111;72686;32.6;16.8
73;2021-05-21;2473;1850;143584;74536;33.2;17.2
73;2021-05-22;1989;922;145573;75458;33.7;17.4
73;2021-05-23;212;14;145785;75472;33.7;17.4
73;2021-05-24;2565;328;148350;75800;34.3;17.5
73;2021-05-25;2140;1741;150490;77541;34.8;17.9
73;2021-05-26;2342;2001;152832;79542;35.3;18.4
73;2021-05-27;3082;1714;155914;81256;36.0;18.8
73;2021-05-28;2919;2375;158833;83631;36.7;19.3
73;2021-05-29;2316;1320;161149;84951;37.3;19.6
73;2021-05-30;187;14;161336;84965;37.3;19.6
73;2021-05-31;2410;1628;163746;86593;37.9;20.0
73;2021-06-01;3180;1791;166926;88384;38.6;20.4
73;2021-06-02;3106;1461;170032;89845;39.3;20.8
73;2021-06-03;4424;1744;174456;91589;40.3;21.2
73;2021-06-04;4277;2184;178733;93773;41.3;21.7
73;2021-06-05;3159;1281;181892;95054;42.1;22.0
73;2021-06-06;1882;298;183774;95352;42.5;22.0
73;2021-06-07;2757;2147;186531;97499;43.1;22.5
73;2021-06-08;2685;1873;189216;99372;43.7;23.0
73;2021-06-09;2365;1790;191581;101162;44.3;23.4
73;2021-06-10;2005;1649;193586;102811;44.8;23.8
73;2021-06-11;2191;2442;195777;105253;45.3;24.3
73;2021-06-12;2246;1332;198023;106585;45.8;24.6
73;2021-06-13;44;82;198067;106667;45.8;24.7
73;2021-06-14;1347;2930;199414;109597;46.1;25.3
73;2021-06-15;1592;2754;201006;112351;46.5;26.0
73;2021-06-16;1467;2569;202473;114920;46.8;26.6
73;2021-06-17;944;1728;203417;116648;47.0;27.0
73;2021-06-18;1883;2932;205300;119580;47.5;27.6
73;2021-06-19;1422;1986;206722;121566;47.8;28.1
73;2021-06-20;448;306;207170;121872;47.9;28.2
73;2021-06-21;1110;2938;208280;124810;48.2;28.9
73;2021-06-22;1093;2871;209373;127681;48.4;29.5
73;2021-06-23;1085;3136;210458;130817;48.7;30.2
73;2021-06-24;883;1795;211341;132612;48.9;30.7
73;2021-06-25;1326;2799;212667;135411;49.2;31.3
73;2021-06-26;967;2396;213634;137807;49.4;31.9
73;2021-06-27;328;549;213962;138356;49.5;32.0
73;2021-06-28;969;3557;214931;141913;49.7;32.8
73;2021-06-29;1075;3338;216006;145251;49.9;33.6
73;2021-06-30;1239;3120;217245;148371;50.2;34.3
73;2021-07-01;1136;2365;218381;150736;50.5;34.8
73;2021-07-02;1206;3619;219587;154355;50.8;35.7
73;2021-07-03;960;2795;220547;157150;51.0;36.3
73;2021-07-04;301;619;220848;157769;51.1;36.5
73;2021-07-05;1156;3684;222004;161453;51.3;37.3
73;2021-07-06;1251;2949;223255;164402;51.6;38.0
73;2021-07-07;1444;2951;224699;167353;51.9;38.7
73;2021-07-08;1369;2301;226068;169654;52.3;39.2
73;2021-07-09;1429;4024;227497;173678;52.6;40.2
73;2021-07-10;890;3013;228387;176691;52.8;40.8
73;2021-07-11;561;1468;228948;178159;52.9;41.2
73;2021-07-12;1060;4197;230008;182356;53.2;42.2
73;2021-07-13;1729;4227;231737;186583;53.6;43.1
73;2021-07-14;1844;1919;233581;188502;54.0;43.6
73;2021-07-15;2746;3793;236327;192295;54.6;44.5
73;2021-07-16;2415;4017;238742;196312;55.2;45.4
73;2021-07-17;1513;2608;240255;198920;55.5;46.0
73;2021-07-18;1176;1217;241431;200137;55.8;46.3
73;2021-07-19;2448;3246;243879;203383;56.4;47.0
73;2021-07-20;3367;2857;247246;206240;57.2;47.7
73;2021-07-21;3382;2788;250628;209028;57.9;48.3
73;2021-07-22;2729;2210;253357;211238;58.6;48.8
73;2021-07-23;3414;2900;256771;214138;59.4;49.5
73;2021-07-24;2057;2274;258828;216412;59.8;50.0
73;2021-07-25;624;795;259452;217207;60.0;50.2
73;2021-07-26;2629;2490;262081;219697;60.6;50.8
73;2021-07-27;3810;2270;265891;221967;61.5;51.3
73;2021-07-28;3533;2090;269424;224057;62.3;51.8
73;2021-07-29;3976;2150;273400;226207;63.2;52.3
73;2021-07-30;3555;2471;276955;228678;64.0;52.9
73;2021-07-31;2472;1592;279427;230270;64.6;53.2
73;2021-08-01;831;621;280258;230891;64.8;53.4
73;2021-08-02;3086;2106;283344;232997;65.5;53.9
73;2021-08-03;3483;1992;286827;234989;66.3;54.3
73;2021-08-04;3295;2020;290122;237009;67.1;54.8
73;2021-08-05;2857;2227;292979;239236;67.7;55.3
73;2021-08-06;2493;2378;295472;241614;68.3;55.9
73;2021-08-07;1392;1483;296864;243097;68.6;56.2
73;2021-08-08;426;618;297290;243715;68.7;56.3
73;2021-08-09;1771;2386;299061;246101;69.1;56.9
73;2021-08-10;1865;2491;300926;248592;69.6;57.5
73;2021-08-11;1795;2534;302721;251126;70.0;58.1
73;2021-08-12;1665;2498;304386;253624;70.4;58.6
73;2021-08-13;1440;2841;305826;256465;70.7;59.3
73;2021-08-14;981;1530;306807;257995;70.9;59.6
73;2021-08-15;92;159;306899;258154;71.0;59.7
73;2021-08-16;934;1395;307833;259549;71.2;60.0
73;2021-08-17;951;1961;308784;261510;71.4;60.5
73;2021-08-18;936;2834;309720;264344;71.6;61.1
73;2021-08-19;953;3050;310673;267394;71.8;61.8
73;2021-08-20;785;3143;311458;270537;72.0;62.5
73;2021-08-21;413;1833;311871;272370;72.1;63.0
73;2021-08-22;268;935;312139;273305;72.2;63.2
73;2021-08-23;650;2966;312789;276271;72.3;63.9
73;2021-08-24;888;3152;313677;279423;72.5;64.6
73;2021-08-25;708;2899;314385;282322;72.7;65.3
73;2021-08-26;675;2413;315060;284735;72.8;65.8
74;2020-12-27;3;0;3;0;0.0;0.0
74;2020-12-28;2;0;5;0;0.0;0.0
74;2020-12-29;0;0;5;0;0.0;0.0
74;2020-12-30;0;0;5;0;0.0;0.0
74;2020-12-31;0;0;5;0;0.0;0.0
74;2021-01-01;0;0;5;0;0.0;0.0
74;2021-01-02;1;1;6;1;0.0;0.0
74;2021-01-03;0;0;6;1;0.0;0.0
74;2021-01-04;0;0;6;1;0.0;0.0
74;2021-01-05;1;0;7;1;0.0;0.0
74;2021-01-06;44;0;51;1;0.0;0.0
74;2021-01-07;219;1;270;2;0.0;0.0
74;2021-01-08;291;2;561;4;0.1;0.0
74;2021-01-09;78;0;639;4;0.1;0.0
74;2021-01-10;74;0;713;4;0.1;0.0
74;2021-01-11;374;0;1087;4;0.1;0.0
74;2021-01-12;405;3;1492;7;0.2;0.0
74;2021-01-13;396;0;1888;7;0.2;0.0
74;2021-01-14;473;1;2361;8;0.3;0.0
74;2021-01-15;644;4;3005;12;0.4;0.0
74;2021-01-16;252;1;3257;13;0.4;0.0
74;2021-01-17;131;1;3388;14;0.4;0.0
74;2021-01-18;521;0;3909;14;0.5;0.0
74;2021-01-19;808;2;4717;16;0.6;0.0
74;2021-01-20;1277;4;5994;20;0.7;0.0
74;2021-01-21;1567;1;7561;21;0.9;0.0
74;2021-01-22;1241;6;8802;27;1.1;0.0
74;2021-01-23;344;1;9146;28;1.1;0.0
74;2021-01-24;90;0;9236;28;1.1;0.0
74;2021-01-25;797;2;10033;30;1.2;0.0
74;2021-01-26;1361;14;11394;44;1.4;0.0
74;2021-01-27;1076;11;12470;55;1.5;0.0
74;2021-01-28;987;29;13457;84;1.6;0.0
74;2021-01-29;879;42;14336;126;1.7;0.0
74;2021-01-30;305;1;14641;127;1.8;0.0
74;2021-01-31;84;1;14725;128;1.8;0.0
74;2021-02-01;629;44;15354;172;1.9;0.0
74;2021-02-02;645;154;15999;326;1.9;0.0
74;2021-02-03;604;122;16603;448;2.0;0.1
74;2021-02-04;613;136;17216;584;2.1;0.1
74;2021-02-05;548;223;17764;807;2.1;0.1
74;2021-02-06;272;138;18036;945;2.2;0.1
74;2021-02-07;94;125;18130;1070;2.2;0.1
74;2021-02-08;617;349;18747;1419;2.3;0.2
74;2021-02-09;536;533;19283;1952;2.3;0.2
74;2021-02-10;688;519;19971;2471;2.4;0.3
74;2021-02-11;1068;1015;21039;3486;2.5;0.4
74;2021-02-12;910;614;21949;4100;2.6;0.5
74;2021-02-13;405;239;22354;4339;2.7;0.5
74;2021-02-14;316;112;22670;4451;2.7;0.5
74;2021-02-15;274;847;22944;5298;2.8;0.6
74;2021-02-16;487;1065;23431;6363;2.8;0.8
74;2021-02-17;540;1107;23971;7470;2.9;0.9
74;2021-02-18;473;990;24444;8460;3.0;1.0
74;2021-02-19;617;655;25061;9115;3.0;1.1
74;2021-02-20;114;187;25175;9302;3.0;1.1
74;2021-02-21;46;61;25221;9363;3.0;1.1
74;2021-02-22;318;783;25539;10146;3.1;1.2
74;2021-02-23;303;821;25842;10967;3.1;1.3
74;2021-02-24;239;680;26081;11647;3.1;1.4
74;2021-02-25;520;750;26601;12397;3.2;1.5
74;2021-02-26;973;702;27574;13099;3.3;1.6
74;2021-02-27;254;180;27828;13279;3.4;1.6
74;2021-02-28;125;71;27953;13350;3.4;1.6
74;2021-03-01;721;635;28674;13985;3.5;1.7
74;2021-03-02;1090;690;29764;14675;3.6;1.8
74;2021-03-03;1017;639;30781;15314;3.7;1.8
74;2021-03-04;1610;1021;32391;16335;3.9;2.0
74;2021-03-05;2089;897;34480;17232;4.2;2.1
74;2021-03-06;1753;324;36233;17556;4.4;2.1
74;2021-03-07;1385;107;37618;17663;4.5;2.1
74;2021-03-08;1197;960;38815;18623;4.7;2.2
74;2021-03-09;1950;667;40765;19290;4.9;2.3
74;2021-03-10;1746;912;42511;20202;5.1;2.4
74;2021-03-11;2447;727;44958;20929;5.4;2.5
74;2021-03-12;3241;1026;48199;21955;5.8;2.7
74;2021-03-13;2000;280;50199;22235;6.1;2.7
74;2021-03-14;608;103;50807;22338;6.1;2.7
74;2021-03-15;2127;559;52934;22897;6.4;2.8
74;2021-03-16;1959;412;54893;23309;6.6;2.8
74;2021-03-17;1972;320;56865;23629;6.9;2.9
74;2021-03-18;2134;290;58999;23919;7.1;2.9
74;2021-03-19;2633;297;61632;24216;7.4;2.9
74;2021-03-20;1374;102;63006;24318;7.6;2.9
74;2021-03-21;289;32;63295;24350;7.6;2.9
74;2021-03-22;2051;330;65346;24680;7.9;3.0
74;2021-03-23;2719;336;68065;25016;8.2;3.0
74;2021-03-24;2945;301;71010;25317;8.6;3.1
74;2021-03-25;3871;307;74881;25624;9.0;3.1
74;2021-03-26;4093;385;78974;26009;9.5;3.1
74;2021-03-27;1940;261;80914;26270;9.8;3.2
74;2021-03-28;437;78;81351;26348;9.8;3.2
74;2021-03-29;3030;718;84381;27066;10.2;3.3
74;2021-03-30;3542;776;87923;27842;10.6;3.4
74;2021-03-31;3143;733;91066;28575;11.0;3.4
74;2021-04-01;4236;900;95302;29475;11.5;3.6
74;2021-04-02;3701;789;99003;30264;12.0;3.7
74;2021-04-03;1696;542;100699;30806;12.2;3.7
74;2021-04-04;236;122;100935;30928;12.2;3.7
74;2021-04-05;432;17;101367;30945;12.2;3.7
74;2021-04-06;2623;1214;103990;32159;12.6;3.9
74;2021-04-07;3193;1252;107183;33411;12.9;4.0
74;2021-04-08;3863;1186;111046;34597;13.4;4.2
74;2021-04-09;4104;1177;115150;35774;13.9;4.3
74;2021-04-10;1946;1035;117096;36809;14.1;4.4
74;2021-04-11;254;184;117350;36993;14.2;4.5
74;2021-04-12;2720;1775;120070;38768;14.5;4.7
74;2021-04-13;3122;2102;123192;40870;14.9;4.9
74;2021-04-14;2901;1976;126093;42846;15.2;5.2
74;2021-04-15;3456;1915;129549;44761;15.6;5.4
74;2021-04-16;3383;1785;132932;46546;16.0;5.6
74;2021-04-17;1936;1037;134868;47583;16.3;5.7
74;2021-04-18;218;209;135086;47792;16.3;5.8
74;2021-04-19;2097;2102;137183;49894;16.6;6.0
74;2021-04-20;3068;2429;140251;52323;16.9;6.3
74;2021-04-21;2464;2378;142715;54701;17.2;6.6
74;2021-04-22;2627;2339;145342;57040;17.5;6.9
74;2021-04-23;2567;2251;147909;59291;17.9;7.2
74;2021-04-24;1485;1543;149394;60834;18.0;7.3
74;2021-04-25;227;150;149621;60984;18.1;7.4
74;2021-04-26;2395;2465;152016;63449;18.4;7.7
74;2021-04-27;3274;2913;155290;66362;18.7;8.0
74;2021-04-28;3462;2635;158752;68997;19.2;8.3
74;2021-04-29;3913;2694;162665;71691;19.6;8.7
74;2021-04-30;4076;2226;166741;73917;20.1;8.9
74;2021-05-01;2120;389;168861;74306;20.4;9.0
74;2021-05-02;205;235;169066;74541;20.4;9.0
74;2021-05-03;2593;3019;171659;77560;20.7;9.4
74;2021-05-04;3219;3107;174878;80667;21.1;9.7
74;2021-05-05;3392;3017;178270;83684;21.5;10.1
74;2021-05-06;3859;2635;182129;86319;22.0;10.4
74;2021-05-07;3595;3553;185724;89872;22.4;10.8
74;2021-05-08;1148;825;186872;90697;22.6;10.9
74;2021-05-09;194;248;187066;90945;22.6;11.0
74;2021-05-10;3469;3144;190535;94089;23.0;11.4
74;2021-05-11;4319;3427;194854;97516;23.5;11.8
74;2021-05-12;5304;2966;200158;100482;24.2;12.1
74;2021-05-13;2363;950;202521;101432;24.4;12.2
74;2021-05-14;5953;2407;208474;103839;25.2;12.5
74;2021-05-15;4517;1851;212991;105690;25.7;12.8
74;2021-05-16;3009;334;216000;106024;26.1;12.8
74;2021-05-17;5400;2889;221400;108913;26.7;13.1
74;2021-05-18;6789;2813;228189;111726;27.5;13.5
74;2021-05-19;6233;2297;234422;114023;28.3;13.8
74;2021-05-20;6644;2555;241066;116578;29.1;14.1
74;2021-05-21;6525;2993;247591;119571;29.9;14.4
74;2021-05-22;5294;1568;252885;121139;30.5;14.6
74;2021-05-23;2051;283;254936;121422;30.8;14.7
74;2021-05-24;2363;661;257299;122083;31.1;14.7
74;2021-05-25;5069;3333;262368;125416;31.7;15.1
74;2021-05-26;5251;2568;267619;127984;32.3;15.4
74;2021-05-27;6002;2982;273621;130966;33.0;15.8
74;2021-05-28;5659;3588;279280;134554;33.7;16.2
74;2021-05-29;3799;2154;283079;136708;34.2;16.5
74;2021-05-30;488;309;283567;137017;34.2;16.5
74;2021-05-31;5071;3554;288638;140571;34.8;17.0
74;2021-06-01;4937;3730;293575;144301;35.4;17.4
74;2021-06-02;5270;3206;298845;147507;36.1;17.8
74;2021-06-03;6897;3254;305742;150761;36.9;18.2
74;2021-06-04;6911;4431;312653;155192;37.7;18.7
74;2021-06-05;4611;2709;317264;157901;38.3;19.1
74;2021-06-06;123;112;317387;158013;38.3;19.1
74;2021-06-07;5032;4151;322419;162164;38.9;19.6
74;2021-06-08;5028;3949;327447;166113;39.5;20.1
74;2021-06-09;5078;3487;332525;169600;40.1;20.5
74;2021-06-10;5126;2875;337651;172475;40.8;20.8
74;2021-06-11;5214;3815;342865;176290;41.4;21.3
74;2021-06-12;3573;2387;346438;178677;41.8;21.6
74;2021-06-13;120;89;346558;178766;41.8;21.6
74;2021-06-14;3599;4483;350157;183249;42.3;22.1
74;2021-06-15;3669;3897;353826;187146;42.7;22.6
74;2021-06-16;4826;3126;358652;190272;43.3;23.0
74;2021-06-17;3820;2955;362472;193227;43.8;23.3
74;2021-06-18;4116;4666;366588;197893;44.3;23.9
74;2021-06-19;2996;3101;369584;200994;44.6;24.3
74;2021-06-20;125;97;369709;201091;44.6;24.3
74;2021-06-21;2387;5422;372096;206513;44.9;24.9
74;2021-06-22;2492;5317;374588;211830;45.2;25.6
74;2021-06-23;2976;4619;377564;216449;45.6;26.1
74;2021-06-24;2864;4627;380428;221076;45.9;26.7
74;2021-06-25;2929;6768;383357;227844;46.3;27.5
74;2021-06-26;1709;5400;385066;233244;46.5;28.2
74;2021-06-27;65;1663;385131;234907;46.5;28.4
74;2021-06-28;1916;7219;387047;242126;46.7;29.2
74;2021-06-29;2301;7427;389348;249553;47.0;30.1
74;2021-06-30;2747;6544;392095;256097;47.3;30.9
74;2021-07-01;3421;5421;395516;261518;47.7;31.6
74;2021-07-02;3013;6640;398529;268158;48.1;32.4
74;2021-07-03;1699;5083;400228;273241;48.3;33.0
74;2021-07-04;82;1022;400310;274263;48.3;33.1
74;2021-07-05;2066;6839;402376;281102;48.6;33.9
74;2021-07-06;2803;6494;405179;287596;48.9;34.7
74;2021-07-07;3096;5448;408275;293044;49.3;35.4
74;2021-07-08;3858;4915;412133;297959;49.8;36.0
74;2021-07-09;2669;6978;414802;304937;50.1;36.8
74;2021-07-10;1623;5131;416425;310068;50.3;37.4
74;2021-07-11;76;141;416501;310209;50.3;37.4
74;2021-07-12;2091;7897;418592;318106;50.5;38.4
74;2021-07-13;3965;7586;422557;325692;51.0;39.3
74;2021-07-14;1967;2238;424524;327930;51.2;39.6
74;2021-07-15;3589;6868;428113;334798;51.7;40.4
74;2021-07-16;4233;7745;432346;342543;52.2;41.3
74;2021-07-17;2954;5333;435300;347876;52.5;42.0
74;2021-07-18;153;155;435453;348031;52.6;42.0
74;2021-07-19;4284;7351;439737;355382;53.1;42.9
74;2021-07-20;5866;6468;445603;361850;53.8;43.7
74;2021-07-21;5625;6670;451228;368520;54.5;44.5
74;2021-07-22;4767;5327;455995;373847;55.0;45.1
74;2021-07-23;6217;6982;462212;380829;55.8;46.0
74;2021-07-24;3150;4312;465362;385141;56.2;46.5
74;2021-07-25;161;174;465523;385315;56.2;46.5
74;2021-07-26;5521;6129;471044;391444;56.9;47.3
74;2021-07-27;6819;5169;477863;396613;57.7;47.9
74;2021-07-28;6484;5104;484347;401717;58.5;48.5
74;2021-07-29;5265;3927;489612;405644;59.1;49.0
74;2021-07-30;6665;5495;496277;411139;59.9;49.6
74;2021-07-31;4362;3120;500639;414259;60.4;50.0
74;2021-08-01;180;148;500819;414407;60.5;50.0
74;2021-08-02;5883;4400;506702;418807;61.2;50.6
74;2021-08-03;5886;3855;512588;422662;61.9;51.0
74;2021-08-04;6208;3496;518796;426158;62.6;51.4
74;2021-08-05;4872;3264;523668;429422;63.2;51.8
74;2021-08-06;4902;4179;528570;433601;63.8;52.3
74;2021-08-07;3174;2889;531744;436490;64.2;52.7
74;2021-08-08;152;133;531896;436623;64.2;52.7
74;2021-08-09;4867;4815;536763;441438;64.8;53.3
74;2021-08-10;4868;4672;541631;446110;65.4;53.9
74;2021-08-11;4280;4885;545911;450995;65.9;54.4
74;2021-08-12;3551;3606;549462;454601;66.3;54.9
74;2021-08-13;3626;4603;553088;459204;66.8;55.4
74;2021-08-14;2157;3339;555245;462543;67.0;55.8
74;2021-08-15;59;101;555304;462644;67.0;55.8
74;2021-08-16;3142;5854;558446;468498;67.4;56.6
74;2021-08-17;2967;5482;561413;473980;67.8;57.2
74;2021-08-18;2940;5437;564353;479417;68.1;57.9
74;2021-08-19;2316;3893;566669;483310;68.4;58.3
74;2021-08-20;2490;5676;569159;488986;68.7;59.0
74;2021-08-21;1193;4262;570352;493248;68.8;59.5
74;2021-08-22;56;136;570408;493384;68.9;59.6
74;2021-08-23;1909;6683;572317;500067;69.1;60.4
74;2021-08-24;2072;5926;574389;505993;69.3;61.1
74;2021-08-25;1880;6282;576269;512275;69.6;61.8
74;2021-08-26;1491;3764;577760;516039;69.7;62.3
75;2020-12-27;55;1;55;1;0.0;0.0
75;2020-12-28;53;0;108;1;0.0;0.0
75;2020-12-29;23;0;131;1;0.0;0.0
75;2020-12-30;78;0;209;1;0.0;0.0
75;2020-12-31;34;0;243;1;0.0;0.0
75;2021-01-01;48;3;291;4;0.0;0.0
75;2021-01-02;58;1;349;5;0.0;0.0
75;2021-01-03;95;1;444;6;0.0;0.0
75;2021-01-04;302;1;746;7;0.0;0.0
75;2021-01-05;870;13;1616;20;0.1;0.0
75;2021-01-06;1357;16;2973;36;0.1;0.0
75;2021-01-07;2060;18;5033;54;0.2;0.0
75;2021-01-08;2870;32;7903;86;0.4;0.0
75;2021-01-09;1096;2;8999;88;0.4;0.0
75;2021-01-10;1097;5;10096;93;0.5;0.0
75;2021-01-11;3080;47;13176;140;0.6;0.0
75;2021-01-12;3480;53;16656;193;0.8;0.0
75;2021-01-13;3555;42;20211;235;0.9;0.0
75;2021-01-14;3720;63;23931;298;1.1;0.0
75;2021-01-15;3312;45;27243;343;1.3;0.0
75;2021-01-16;1130;16;28373;359;1.3;0.0
75;2021-01-17;552;14;28925;373;1.3;0.0
75;2021-01-18;3268;74;32193;447;1.5;0.0
75;2021-01-19;3851;48;36044;495;1.7;0.0
75;2021-01-20;4408;63;40452;558;1.9;0.0
75;2021-01-21;4908;80;45360;638;2.1;0.0
75;2021-01-22;4578;81;49938;719;2.3;0.0
75;2021-01-23;1756;16;51694;735;2.4;0.0
75;2021-01-24;745;7;52439;742;2.4;0.0
75;2021-01-25;1715;27;54154;769;2.5;0.0
75;2021-01-26;2546;88;56700;857;2.6;0.0
75;2021-01-27;3149;172;59849;1029;2.8;0.0
75;2021-01-28;4768;257;64617;1286;3.0;0.1
75;2021-01-29;4047;269;68664;1555;3.2;0.1
75;2021-01-30;1354;33;70018;1588;3.3;0.1
75;2021-01-31;221;3;70239;1591;3.3;0.1
75;2021-02-01;1617;379;71856;1970;3.3;0.1
75;2021-02-02;2130;645;73986;2615;3.4;0.1
75;2021-02-03;1877;685;75863;3300;3.5;0.2
75;2021-02-04;2138;1120;78001;4420;3.6;0.2
75;2021-02-05;2208;866;80209;5286;3.7;0.2
75;2021-02-06;1104;90;81313;5376;3.8;0.3
75;2021-02-07;175;6;81488;5382;3.8;0.3
75;2021-02-08;1256;1464;82744;6846;3.9;0.3
75;2021-02-09;1783;2379;84527;9225;3.9;0.4
75;2021-02-10;2414;2391;86941;11616;4.0;0.5
75;2021-02-11;2931;6333;89872;17949;4.2;0.8
75;2021-02-12;3120;2406;92992;20355;4.3;0.9
75;2021-02-13;851;1044;93843;21399;4.4;1.0
75;2021-02-14;206;44;94049;21443;4.4;1.0
75;2021-02-15;1001;2445;95050;23888;4.4;1.1
75;2021-02-16;1442;6496;96492;30384;4.5;1.4
75;2021-02-17;1321;3220;97813;33604;4.6;1.6
75;2021-02-18;1756;5824;99569;39428;4.6;1.8
75;2021-02-19;2212;4130;101781;43558;4.7;2.0
75;2021-02-20;475;1675;102256;45233;4.8;2.1
75;2021-02-21;191;160;102447;45393;4.8;2.1
75;2021-02-22;1215;1931;103662;47324;4.8;2.2
75;2021-02-23;1443;2711;105105;50035;4.9;2.3
75;2021-02-24;1688;2333;106793;52368;5.0;2.4
75;2021-02-25;2766;5305;109559;57673;5.1;2.7
75;2021-02-26;3359;2716;112918;60389;5.3;2.8
75;2021-02-27;1397;937;114315;61326;5.3;2.9
75;2021-02-28;321;142;114636;61468;5.3;2.9
75;2021-03-01;2588;1687;117224;63155;5.5;2.9
75;2021-03-02;4166;2213;121390;65368;5.7;3.0
75;2021-03-03;5417;2350;126807;67718;5.9;3.2
75;2021-03-04;8038;2612;134845;70330;6.3;3.3
75;2021-03-05;10546;2768;145391;73098;6.8;3.4
75;2021-03-06;11070;1103;156461;74201;7.3;3.5
75;2021-03-07;9497;1530;165958;75731;7.7;3.5
75;2021-03-08;5887;1570;171845;77301;8.0;3.6
75;2021-03-09;7509;2142;179354;79443;8.3;3.7
75;2021-03-10;7492;2146;186846;81589;8.7;3.8
75;2021-03-11;10327;2554;197173;84143;9.2;3.9
75;2021-03-12;12052;2588;209225;86731;9.7;4.0
75;2021-03-13;8541;787;217766;87518;10.1;4.1
75;2021-03-14;4159;254;221925;87772;10.3;4.1
75;2021-03-15;7446;992;229371;88764;10.7;4.1
75;2021-03-16;5140;695;234511;89459;10.9;4.2
75;2021-03-17;5421;847;239932;90306;11.2;4.2
75;2021-03-18;6609;889;246541;91195;11.5;4.2
75;2021-03-19;9738;1001;256279;92196;11.9;4.3
75;2021-03-20;5933;612;262212;92808;12.2;4.3
75;2021-03-21;1588;434;263800;93242;12.3;4.3
75;2021-03-22;8635;1032;272435;94274;12.7;4.4
75;2021-03-23;10940;1268;283375;95542;13.2;4.4
75;2021-03-24;10986;1342;294361;96884;13.7;4.5
75;2021-03-25;14199;1556;308560;98440;14.4;4.6
75;2021-03-26;13955;1703;322515;100143;15.0;4.7
75;2021-03-27;7272;783;329787;100926;15.4;4.7
75;2021-03-28;1775;153;331562;101079;15.4;4.7
75;2021-03-29;7961;2213;339523;103292;15.8;4.8
75;2021-03-30;10924;3250;350447;106542;16.3;5.0
75;2021-03-31;9728;3618;360175;110160;16.8;5.1
75;2021-04-01;10673;5216;370848;115376;17.3;5.4
75;2021-04-02;9033;5590;379881;120966;17.7;5.6
75;2021-04-03;4107;4900;383988;125866;17.9;5.9
75;2021-04-04;1411;1494;385399;127360;17.9;5.9
75;2021-04-05;2237;1433;387636;128793;18.0;6.0
75;2021-04-06;6885;4311;394521;133104;18.4;6.2
75;2021-04-07;8067;4422;402588;137526;18.7;6.4
75;2021-04-08;11062;4178;413650;141704;19.3;6.6
75;2021-04-09;12195;4630;425845;146334;19.8;6.8
75;2021-04-10;5826;4275;431671;150609;20.1;7.0
75;2021-04-11;1930;1795;433601;152404;20.2;7.1
75;2021-04-12;7471;3794;441072;156198;20.5;7.3
75;2021-04-13;8556;6853;449628;163051;20.9;7.6
75;2021-04-14;8276;5225;457904;168276;21.3;7.8
75;2021-04-15;8887;6139;466791;174415;21.7;8.1
75;2021-04-16;9371;6118;476162;180533;22.2;8.4
75;2021-04-17;4815;3650;480977;184183;22.4;8.6
75;2021-04-18;1663;878;482640;185061;22.5;8.6
75;2021-04-19;5569;4951;488209;190012;22.7;8.8
75;2021-04-20;6455;5960;494664;195972;23.0;9.1
75;2021-04-21;6858;5579;501522;201551;23.3;9.4
75;2021-04-22;7536;5918;509058;207469;23.7;9.7
75;2021-04-23;8562;6363;517620;213832;24.1;10.0
75;2021-04-24;6167;3352;523787;217184;24.4;10.1
75;2021-04-25;2960;760;526747;217944;24.5;10.1
75;2021-04-26;7025;4724;533772;222668;24.8;10.4
75;2021-04-27;10585;6425;544357;229093;25.3;10.7
75;2021-04-28;12195;6031;556552;235124;25.9;10.9
75;2021-04-29;13754;6346;570306;241470;26.5;11.2
75;2021-04-30;13659;6185;583965;247655;27.2;11.5
75;2021-05-01;5072;1325;589037;248980;27.4;11.6
75;2021-05-02;2380;795;591417;249775;27.5;11.6
75;2021-05-03;10277;13503;601694;263278;28.0;12.3
75;2021-05-04;11173;8081;612867;271359;28.5;12.6
75;2021-05-05;13551;6714;626418;278073;29.2;12.9
75;2021-05-06;13991;8198;640409;286271;29.8;13.3
75;2021-05-07;13967;8597;654376;294868;30.5;13.7
75;2021-05-08;10074;5520;664450;300388;30.9;14.0
75;2021-05-09;3816;3197;668266;303585;31.1;14.1
75;2021-05-10;14291;6731;682557;310316;31.8;14.4
75;2021-05-11;16839;8432;699396;318748;32.6;14.8
75;2021-05-12;17953;8166;717349;326914;33.4;15.2
75;2021-05-13;13631;2507;730980;329421;34.0;15.3
75;2021-05-14;18384;5145;749364;334566;34.9;15.6
75;2021-05-15;12306;2651;761670;337217;35.5;15.7
75;2021-05-16;3850;762;765520;337979;35.6;15.7
75;2021-05-17;15999;4657;781519;342636;36.4;15.9
75;2021-05-18;19148;5333;800667;347969;37.3;16.2
75;2021-05-19;20715;10734;821382;358703;38.2;16.7
75;2021-05-20;21574;8684;842956;367387;39.2;17.1
75;2021-05-21;21025;6557;863981;373944;40.2;17.4
75;2021-05-22;15922;3320;879903;377264;41.0;17.6
75;2021-05-23;5629;1341;885532;378605;41.2;17.6
75;2021-05-24;15636;2568;901168;381173;41.9;17.7
75;2021-05-25;18019;9600;919187;390773;42.8;18.2
75;2021-05-26;18872;8230;938059;399003;43.7;18.6
75;2021-05-27;20138;9824;958197;408827;44.6;19.0
75;2021-05-28;19343;10872;977540;419699;45.5;19.5
75;2021-05-29;16120;5853;993660;425552;46.3;19.8
75;2021-05-30;7036;2160;1000696;427712;46.6;19.9
75;2021-05-31;18097;9469;1018793;437181;47.4;20.4
75;2021-06-01;18673;12993;1037466;450174;48.3;21.0
75;2021-06-02;18113;10311;1055579;460485;49.1;21.4
75;2021-06-03;20251;11980;1075830;472465;50.1;22.0
75;2021-06-04;18115;12868;1093945;485333;50.9;22.6
75;2021-06-05;11988;9629;1105933;494962;51.5;23.0
75;2021-06-06;6722;3157;1112655;498119;51.8;23.2
75;2021-06-07;13901;11848;1126556;509967;52.4;23.7
75;2021-06-08;14805;13986;1141361;523953;53.1;24.4
75;2021-06-09;16510;15258;1157871;539211;53.9;25.1
75;2021-06-10;18365;26329;1176236;565540;54.8;26.3
75;2021-06-11;15317;16482;1191553;582022;55.5;27.1
75;2021-06-12;13287;10005;1204840;592027;56.1;27.6
75;2021-06-13;6275;3798;1211115;595825;56.4;27.7
75;2021-06-14;11832;15429;1222947;611254;56.9;28.5
75;2021-06-15;12741;19564;1235688;630818;57.5;29.4
75;2021-06-16;12204;17252;1247892;648070;58.1;30.2
75;2021-06-17;12649;17691;1260541;665761;58.7;31.0
75;2021-06-18;11284;22628;1271825;688389;59.2;32.0
75;2021-06-19;7529;11831;1279354;700220;59.6;32.6
75;2021-06-20;2817;5483;1282171;705703;59.7;32.8
75;2021-06-21;8506;16348;1290677;722051;60.1;33.6
75;2021-06-22;8800;21812;1299477;743863;60.5;34.6
75;2021-06-23;10297;21437;1309774;765300;61.0;35.6
75;2021-06-24;11303;20651;1321077;785951;61.5;36.6
75;2021-06-25;9865;24704;1330942;810655;62.0;37.7
75;2021-06-26;7944;15427;1338886;826082;62.3;38.5
75;2021-06-27;2698;6331;1341584;832413;62.4;38.7
75;2021-06-28;8465;20158;1350049;852571;62.8;39.7
75;2021-06-29;9341;23851;1359390;876422;63.3;40.8
75;2021-06-30;10192;23628;1369582;900050;63.8;41.9
75;2021-07-01;11355;23527;1380937;923577;64.3;43.0
75;2021-07-02;10849;24787;1391786;948364;64.8;44.1
75;2021-07-03;7812;19817;1399598;968181;65.1;45.1
75;2021-07-04;3902;9555;1403500;977736;65.3;45.5
75;2021-07-05;9286;21580;1412786;999316;65.8;46.5
75;2021-07-06;10139;24019;1422925;1023335;66.2;47.6
75;2021-07-07;10103;25096;1433028;1048431;66.7;48.8
75;2021-07-08;10624;25022;1443652;1073453;67.2;50.0
75;2021-07-09;10751;24042;1454403;1097495;67.7;51.1
75;2021-07-10;7929;18514;1462332;1116009;68.1;51.9
75;2021-07-11;4346;8535;1466678;1124544;68.3;52.3
75;2021-07-12;9770;23099;1476448;1147643;68.7;53.4
75;2021-07-13;14288;24831;1490736;1172474;69.4;54.6
75;2021-07-14;8260;9724;1498996;1182198;69.8;55.0
75;2021-07-15;15204;25673;1514200;1207871;70.5;56.2
75;2021-07-16;15666;22157;1529866;1230028;71.2;57.3
75;2021-07-17;11514;16898;1541380;1246926;71.7;58.0
75;2021-07-18;6277;6832;1547657;1253758;72.0;58.4
75;2021-07-19;14302;21317;1561959;1275075;72.7;59.4
75;2021-07-20;16028;21886;1577987;1296961;73.5;60.4
75;2021-07-21;15653;20726;1593640;1317687;74.2;61.3
75;2021-07-22;17090;20091;1610730;1337778;75.0;62.3
75;2021-07-23;16955;19101;1627685;1356879;75.8;63.2
75;2021-07-24;11168;14063;1638853;1370942;76.3;63.8
75;2021-07-25;5000;5085;1643853;1376027;76.5;64.1
75;2021-07-26;15119;16874;1658972;1392901;77.2;64.8
75;2021-07-27;18033;16641;1677005;1409542;78.1;65.6
75;2021-07-28;17051;15467;1694056;1425009;78.9;66.3
75;2021-07-29;16687;15077;1710743;1440086;79.6;67.0
75;2021-07-30;16152;14303;1726895;1454389;80.4;67.7
75;2021-07-31;9279;9849;1736174;1464238;80.8;68.2
75;2021-08-01;3495;3290;1739669;1467528;81.0;68.3
75;2021-08-02;10472;11985;1750141;1479513;81.5;68.9
75;2021-08-03;10915;10814;1761056;1490327;82.0;69.4
75;2021-08-04;9416;9497;1770472;1499824;82.4;69.8
75;2021-08-05;8521;9522;1778993;1509346;82.8;70.3
75;2021-08-06;8031;9960;1787024;1519306;83.2;70.7
75;2021-08-07;5607;7134;1792631;1526440;83.4;71.1
75;2021-08-08;1911;3271;1794542;1529711;83.5;71.2
75;2021-08-09;8346;11444;1802888;1541155;83.9;71.7
75;2021-08-10;8911;11564;1811799;1552719;84.3;72.3
75;2021-08-11;7571;10113;1819370;1562832;84.7;72.7
75;2021-08-12;6747;10612;1826117;1573444;85.0;73.2
75;2021-08-13;6028;8895;1832145;1582339;85.3;73.7
75;2021-08-14;4013;7187;1836158;1589526;85.5;74.0
75;2021-08-15;922;1927;1837080;1591453;85.5;74.1
75;2021-08-16;5973;14013;1843053;1605466;85.8;74.7
75;2021-08-17;5671;13571;1848724;1619037;86.1;75.4
75;2021-08-18;4888;11979;1853612;1631016;86.3;75.9
75;2021-08-19;4610;12668;1858222;1643684;86.5;76.5
75;2021-08-20;4385;11749;1862607;1655433;86.7;77.1
75;2021-08-21;3106;8788;1865713;1664221;86.8;77.5
75;2021-08-22;977;3162;1866690;1667383;86.9;77.6
75;2021-08-23;4760;15267;1871450;1682650;87.1;78.3
75;2021-08-24;4643;14495;1876093;1697145;87.3;79.0
75;2021-08-25;4353;12265;1880446;1709410;87.5;79.6
75;2021-08-26;3879;10191;1884325;1719601;87.7;80.0
76;2020-12-27;0;0;0;0;0.0;0.0
76;2020-12-28;0;0;0;0;0.0;0.0
76;2020-12-29;0;0;0;0;0.0;0.0
76;2020-12-30;0;0;0;0;0.0;0.0
76;2020-12-31;0;0;0;0;0.0;0.0
76;2021-01-01;0;0;0;0;0.0;0.0
76;2021-01-02;0;0;0;0;0.0;0.0
76;2021-01-03;0;0;0;0;0.0;0.0
76;2021-01-04;17;0;17;0;0.0;0.0
76;2021-01-05;138;0;155;0;0.0;0.0
76;2021-01-06;682;2;837;2;0.1;0.0
76;2021-01-07;1355;7;2192;9;0.2;0.0
76;2021-01-08;1535;2;3727;11;0.3;0.0
76;2021-01-09;736;2;4463;13;0.4;0.0
76;2021-01-10;492;1;4955;14;0.4;0.0
76;2021-01-11;1358;2;6313;16;0.5;0.0
76;2021-01-12;1358;2;7671;18;0.6;0.0
76;2021-01-13;1187;4;8858;22;0.7;0.0
76;2021-01-14;2175;24;11033;46;0.9;0.0
76;2021-01-15;1911;9;12944;55;1.0;0.0
76;2021-01-16;990;7;13934;62;1.1;0.0
76;2021-01-17;2897;20;16831;82;1.4;0.0
76;2021-01-18;4396;16;21227;98;1.7;0.0
76;2021-01-19;3013;8;24240;106;1.9;0.0
76;2021-01-20;2069;7;26309;113;2.1;0.0
76;2021-01-21;1773;4;28082;117;2.3;0.0
76;2021-01-22;1706;4;29788;121;2.4;0.0
76;2021-01-23;449;1;30237;122;2.4;0.0
76;2021-01-24;99;0;30336;122;2.4;0.0
76;2021-01-25;1474;140;31810;262;2.6;0.0
76;2021-01-26;1391;335;33201;597;2.7;0.0
76;2021-01-27;1342;432;34543;1029;2.8;0.1
76;2021-01-28;1283;383;35826;1412;2.9;0.1
76;2021-01-29;1152;459;36978;1871;3.0;0.2
76;2021-01-30;283;304;37261;2175;3.0;0.2
76;2021-01-31;4;98;37265;2273;3.0;0.2
76;2021-02-01;840;812;38105;3085;3.1;0.2
76;2021-02-02;1057;1020;39162;4105;3.1;0.3
76;2021-02-03;919;1000;40081;5105;3.2;0.4
76;2021-02-04;976;1451;41057;6556;3.3;0.5
76;2021-02-05;974;1104;42031;7660;3.4;0.6
76;2021-02-06;262;881;42293;8541;3.4;0.7
76;2021-02-07;468;1658;42761;10199;3.4;0.8
76;2021-02-08;1924;3737;44685;13936;3.6;1.1
76;2021-02-09;1758;2996;46443;16932;3.7;1.4
76;2021-02-10;1488;1809;47931;18741;3.9;1.5
76;2021-02-11;1677;1528;49608;20269;4.0;1.6
76;2021-02-12;1708;1576;51316;21845;4.1;1.8
76;2021-02-13;230;337;51546;22182;4.1;1.8
76;2021-02-14;9;82;51555;22264;4.1;1.8
76;2021-02-15;554;1719;52109;23983;4.2;1.9
76;2021-02-16;741;1642;52850;25625;4.2;2.1
76;2021-02-17;625;1446;53475;27071;4.3;2.2
76;2021-02-18;780;1394;54255;28465;4.4;2.3
76;2021-02-19;869;1344;55124;29809;4.4;2.4
76;2021-02-20;270;288;55394;30097;4.5;2.4
76;2021-02-21;0;0;55394;30097;4.5;2.4
76;2021-02-22;371;1307;55765;31404;4.5;2.5
76;2021-02-23;575;1238;56340;32642;4.5;2.6
76;2021-02-24;599;1198;56939;33840;4.6;2.7
76;2021-02-25;1664;1263;58603;35103;4.7;2.8
76;2021-02-26;2171;1051;60774;36154;4.9;2.9
76;2021-02-27;1108;277;61882;36431;5.0;2.9
76;2021-02-28;27;196;61909;36627;5.0;2.9
76;2021-03-01;828;2109;62737;38736;5.0;3.1
76;2021-03-02;1381;1720;64118;40456;5.2;3.3
76;2021-03-03;1942;1392;66060;41848;5.3;3.4
76;2021-03-04;2818;1111;68878;42959;5.5;3.5
76;2021-03-05;4180;813;73058;43772;5.9;3.5
76;2021-03-06;3365;166;76423;43938;6.1;3.5
76;2021-03-07;1257;34;77680;43972;6.2;3.5
76;2021-03-08;2102;1257;79782;45229;6.4;3.6
76;2021-03-09;3575;1170;83357;46399;6.7;3.7
76;2021-03-10;3593;1068;86950;47467;7.0;3.8
76;2021-03-11;5633;951;92583;48418;7.4;3.9
76;2021-03-12;6828;600;99411;49018;8.0;3.9
76;2021-03-13;4647;149;104058;49167;8.4;4.0
76;2021-03-14;1068;28;105126;49195;8.5;4.0
76;2021-03-15;2918;235;108044;49430;8.7;4.0
76;2021-03-16;2557;402;110601;49832;8.9;4.0
76;2021-03-17;2695;316;113296;50148;9.1;4.0
76;2021-03-18;3002;311;116298;50459;9.4;4.1
76;2021-03-19;4396;433;120694;50892;9.7;4.1
76;2021-03-20;3974;288;124668;51180;10.0;4.1
76;2021-03-21;838;14;125506;51194;10.1;4.1
76;2021-03-22;3992;346;129498;51540;10.4;4.1
76;2021-03-23;5711;361;135209;51901;10.9;4.2
76;2021-03-24;5701;398;140910;52299;11.3;4.2
76;2021-03-25;7508;571;148418;52870;11.9;4.3
76;2021-03-26;8722;587;157140;53457;12.6;4.3
76;2021-03-27;4810;390;161950;53847;13.0;4.3
76;2021-03-28;1021;31;162971;53878;13.1;4.3
76;2021-03-29;5390;825;168361;54703;13.5;4.4
76;2021-03-30;6586;1061;174947;55764;14.1;4.5
76;2021-03-31;6448;1259;181395;57023;14.6;4.6
76;2021-04-01;6785;2036;188180;59059;15.1;4.7
76;2021-04-02;6488;2680;194668;61739;15.7;5.0
76;2021-04-03;2442;1081;197110;62820;15.8;5.1
76;2021-04-04;264;11;197374;62831;15.9;5.1
76;2021-04-05;868;379;198242;63210;15.9;5.1
76;2021-04-06;3557;2793;201799;66003;16.2;5.3
76;2021-04-07;4417;2405;206216;68408;16.6;5.5
76;2021-04-08;5841;2785;212057;71193;17.0;5.7
76;2021-04-09;8806;3072;220863;74265;17.8;6.0
76;2021-04-10;4877;1421;225740;75686;18.1;6.1
76;2021-04-11;814;530;226554;76216;18.2;6.1
76;2021-04-12;4726;2848;231280;79064;18.6;6.4
76;2021-04-13;5929;2865;237209;81929;19.1;6.6
76;2021-04-14;4804;3127;242013;85056;19.5;6.8
76;2021-04-15;5564;3360;247577;88416;19.9;7.1
76;2021-04-16;7353;3438;254930;91854;20.5;7.4
76;2021-04-17;4388;1429;259318;93283;20.8;7.5
76;2021-04-18;339;140;259657;93423;20.9;7.5
76;2021-04-19;3478;3774;263135;97197;21.2;7.8
76;2021-04-20;4342;4278;267477;101475;21.5;8.2
76;2021-04-21;4192;4691;271669;106166;21.8;8.5
76;2021-04-22;4562;5439;276231;111605;22.2;9.0
76;2021-04-23;5439;5962;281670;117567;22.6;9.5
76;2021-04-24;4165;2194;285835;119761;23.0;9.6
76;2021-04-25;893;268;286728;120029;23.1;9.7
76;2021-04-26;4483;4477;291211;124506;23.4;10.0
76;2021-04-27;4998;5005;296209;129511;23.8;10.4
76;2021-04-28;5347;4170;301556;133681;24.2;10.7
76;2021-04-29;6926;4169;308482;137850;24.8;11.1
76;2021-04-30;8218;4653;316700;142503;25.5;11.5
76;2021-05-01;4828;1014;321528;143517;25.9;11.5
76;2021-05-02;1843;264;323371;143781;26.0;11.6
76;2021-05-03;4703;3316;328074;147097;26.4;11.8
76;2021-05-04;4823;4563;332897;151660;26.8;12.2
76;2021-05-05;4784;5177;337681;156837;27.1;12.6
76;2021-05-06;5922;5587;343603;162424;27.6;13.1
76;2021-05-07;6138;6765;349741;169189;28.1;13.6
76;2021-05-08;5056;905;354797;170094;28.5;13.7
76;2021-05-09;2539;235;357336;170329;28.7;13.7
76;2021-05-10;4947;5060;362283;175389;29.1;14.1
76;2021-05-11;6518;5678;368801;181067;29.7;14.6
76;2021-05-12;6264;5080;375065;186147;30.2;15.0
76;2021-05-13;8845;1281;383910;187428;30.9;15.1
76;2021-05-14;10417;4665;394327;192093;31.7;15.4
76;2021-05-15;9120;2454;403447;194547;32.4;15.6
76;2021-05-16;6234;480;409681;195027;32.9;15.7
76;2021-05-17;7226;3275;416907;198302;33.5;15.9
76;2021-05-18;8304;2812;425211;201114;34.2;16.2
76;2021-05-19;8403;3192;433614;204306;34.9;16.4
76;2021-05-20;9649;3419;443263;207725;35.6;16.7
76;2021-05-21;8368;4094;451631;211819;36.3;17.0
76;2021-05-22;7165;2362;458796;214181;36.9;17.2
76;2021-05-23;6390;416;465186;214597;37.4;17.3
76;2021-05-24;6865;1530;472051;216127;38.0;17.4
76;2021-05-25;8025;4085;480076;220212;38.6;17.7
76;2021-05-26;7573;3611;487649;223823;39.2;18.0
76;2021-05-27;8346;4709;495995;228532;39.9;18.4
76;2021-05-28;8233;6577;504228;235109;40.5;18.9
76;2021-05-29;6223;3521;510451;238630;41.0;19.2
76;2021-05-30;3147;431;513598;239061;41.3;19.2
76;2021-05-31;8169;3973;521767;243034;41.9;19.5
76;2021-06-01;9212;5036;530979;248070;42.7;19.9
76;2021-06-02;7932;4447;538911;252517;43.3;20.3
76;2021-06-03;9539;5411;548450;257928;44.1;20.7
76;2021-06-04;9244;6695;557694;264623;44.8;21.3
76;2021-06-05;6289;3819;563983;268442;45.3;21.6
76;2021-06-06;2554;649;566537;269091;45.5;21.6
76;2021-06-07;6983;5453;573520;274544;46.1;22.1
76;2021-06-08;8655;6287;582175;280831;46.8;22.6
76;2021-06-09;7214;6086;589389;286917;47.4;23.1
76;2021-06-10;7994;6568;597383;293485;48.0;23.6
76;2021-06-11;7581;8239;604964;301724;48.6;24.3
76;2021-06-12;7166;5876;612130;307600;49.2;24.7
76;2021-06-13;2961;1295;615091;308895;49.5;24.8
76;2021-06-14;6490;6740;621581;315635;50.0;25.4
76;2021-06-15;6298;7475;627879;323110;50.5;26.0
76;2021-06-16;6655;7483;634534;330593;51.0;26.6
76;2021-06-17;7007;7759;641541;338352;51.6;27.2
76;2021-06-18;7689;9241;649230;347593;52.2;27.9
76;2021-06-19;5986;6264;655216;353857;52.7;28.4
76;2021-06-20;2811;1816;658027;355673;52.9;28.6
76;2021-06-21;5588;8175;663615;363848;53.4;29.3
76;2021-06-22;4925;9881;668540;373729;53.8;30.0
76;2021-06-23;4730;9435;673270;383164;54.1;30.8
76;2021-06-24;4797;9920;678067;393084;54.5;31.6
76;2021-06-25;5225;11576;683292;404660;54.9;32.5
76;2021-06-26;3454;7878;686746;412538;55.2;33.2
76;2021-06-27;1367;5164;688113;417702;55.3;33.6
76;2021-06-28;3615;9949;691728;427651;55.6;34.4
76;2021-06-29;3875;10233;695603;437884;55.9;35.2
76;2021-06-30;4271;9840;699874;447724;56.3;36.0
76;2021-07-01;4593;9911;704467;457635;56.6;36.8
76;2021-07-02;4369;12012;708836;469647;57.0;37.8
76;2021-07-03;3586;8453;712422;478100;57.3;38.4
76;2021-07-04;1487;5304;713909;483404;57.4;38.9
76;2021-07-05;3954;9332;717863;492736;57.7;39.6
76;2021-07-06;4055;10079;721918;502815;58.0;40.4
76;2021-07-07;4014;9329;725932;512144;58.4;41.2
76;2021-07-08;4466;9457;730398;521601;58.7;41.9
76;2021-07-09;4366;12412;734764;534013;59.1;42.9
76;2021-07-10;3138;8553;737902;542566;59.3;43.6
76;2021-07-11;1777;2819;739679;545385;59.5;43.8
76;2021-07-12;3156;11150;742835;556535;59.7;44.7
76;2021-07-13;4938;12262;747773;568797;60.1;45.7
76;2021-07-14;4803;5542;752576;574339;60.5;46.2
76;2021-07-15;5914;11791;758490;586130;61.0;47.1
76;2021-07-16;6721;12015;765211;598145;61.5;48.1
76;2021-07-17;5279;8705;770490;606850;61.9;48.8
76;2021-07-18;2258;3357;772748;610207;62.1;49.1
76;2021-07-19;5159;11150;777907;621357;62.5;50.0
76;2021-07-20;6276;11628;784183;632985;63.0;50.9
76;2021-07-21;6339;10563;790522;643548;63.6;51.7
76;2021-07-22;8240;9655;798762;653203;64.2;52.5
76;2021-07-23;7638;11998;806400;665201;64.8;53.5
76;2021-07-24;4993;7715;811393;672916;65.2;54.1
76;2021-07-25;2869;3142;814262;676058;65.5;54.4
76;2021-07-26;5437;10151;819699;686209;65.9;55.2
76;2021-07-27;8328;9557;828027;695766;66.6;55.9
76;2021-07-28;8243;7816;836270;703582;67.2;56.6
76;2021-07-29;9574;6975;845844;710557;68.0;57.1
76;2021-07-30;7999;7836;853843;718393;68.6;57.8
76;2021-07-31;6595;5324;860438;723717;69.2;58.2
76;2021-08-01;3862;2081;864300;725798;69.5;58.4
76;2021-08-02;6553;7098;870853;732896;70.0;58.9
76;2021-08-03;7961;6352;878814;739248;70.7;59.4
76;2021-08-04;7225;5850;886039;745098;71.2;59.9
76;2021-08-05;8054;5711;894093;750809;71.9;60.4
76;2021-08-06;6745;6871;900838;757680;72.4;60.9
76;2021-08-07;4769;4378;905607;762058;72.8;61.3
76;2021-08-08;2402;2157;908009;764215;73.0;61.4
76;2021-08-09;5592;6735;913601;770950;73.5;62.0
76;2021-08-10;6329;6549;919930;777499;74.0;62.5
76;2021-08-11;6437;5486;926367;782985;74.5;63.0
76;2021-08-12;6010;6057;932377;789042;75.0;63.4
76;2021-08-13;5028;6207;937405;795249;75.4;63.9
76;2021-08-14;3820;4591;941225;799840;75.7;64.3
76;2021-08-15;1573;2352;942798;802192;75.8;64.5
76;2021-08-16;3613;6716;946411;808908;76.1;65.0
76;2021-08-17;3886;6938;950297;815846;76.4;65.6
76;2021-08-18;3728;6737;954025;822583;76.7;66.1
76;2021-08-19;3360;7164;957385;829747;77.0;66.7
76;2021-08-20;3416;7821;960801;837568;77.2;67.3
76;2021-08-21;1814;4215;962615;841783;77.4;67.7
76;2021-08-22;859;3290;963474;845073;77.5;67.9
76;2021-08-23;2615;7749;966089;852822;77.7;68.6
76;2021-08-24;2812;7572;968901;860394;77.9;69.2
76;2021-08-25;2610;7068;971511;867462;78.1;69.7
76;2021-08-26;2047;5782;973558;873244;78.3;70.2
77;2020-12-27;1;0;1;0;0.0;0.0
77;2020-12-28;1;0;2;0;0.0;0.0
77;2020-12-29;0;0;2;0;0.0;0.0
77;2020-12-30;0;0;2;0;0.0;0.0
77;2020-12-31;0;0;2;0;0.0;0.0
77;2021-01-01;4;0;6;0;0.0;0.0
77;2021-01-02;0;0;6;0;0.0;0.0
77;2021-01-03;0;0;6;0;0.0;0.0
77;2021-01-04;7;0;13;0;0.0;0.0
77;2021-01-05;199;0;212;0;0.0;0.0
77;2021-01-06;235;2;447;2;0.0;0.0
77;2021-01-07;521;3;968;5;0.1;0.0
77;2021-01-08;620;0;1588;5;0.1;0.0
77;2021-01-09;273;1;1861;6;0.1;0.0
77;2021-01-10;235;2;2096;8;0.1;0.0
77;2021-01-11;783;2;2879;10;0.2;0.0
77;2021-01-12;884;1;3763;11;0.3;0.0
77;2021-01-13;937;2;4700;13;0.3;0.0
77;2021-01-14;848;7;5548;20;0.4;0.0
77;2021-01-15;859;11;6407;31;0.5;0.0
77;2021-01-16;168;1;6575;32;0.5;0.0
77;2021-01-17;132;2;6707;34;0.5;0.0
77;2021-01-18;1194;5;7901;39;0.6;0.0
77;2021-01-19;1722;22;9623;61;0.7;0.0
77;2021-01-20;2541;5;12164;66;0.9;0.0
77;2021-01-21;2053;24;14217;90;1.0;0.0
77;2021-01-22;1147;8;15364;98;1.1;0.0
77;2021-01-23;350;0;15714;98;1.1;0.0
77;2021-01-24;44;0;15758;98;1.1;0.0
77;2021-01-25;941;24;16699;122;1.2;0.0
77;2021-01-26;1714;23;18413;145;1.3;0.0
77;2021-01-27;1363;28;19776;173;1.4;0.0
77;2021-01-28;1698;96;21474;269;1.5;0.0
77;2021-01-29;1285;146;22759;415;1.6;0.0
77;2021-01-30;211;2;22970;417;1.6;0.0
77;2021-01-31;1;0;22971;417;1.6;0.0
77;2021-02-01;569;210;23540;627;1.7;0.0
77;2021-02-02;871;266;24411;893;1.7;0.1
77;2021-02-03;795;526;25206;1419;1.8;0.1
77;2021-02-04;789;806;25995;2225;1.8;0.2
77;2021-02-05;857;851;26852;3076;1.9;0.2
77;2021-02-06;165;101;27017;3177;1.9;0.2
77;2021-02-07;16;92;27033;3269;1.9;0.2
77;2021-02-08;496;939;27529;4208;1.9;0.3
77;2021-02-09;590;1463;28119;5671;2.0;0.4
77;2021-02-10;1029;1835;29148;7506;2.0;0.5
77;2021-02-11;1059;1651;30207;9157;2.1;0.6
77;2021-02-12;1098;1173;31305;10330;2.2;0.7
77;2021-02-13;187;175;31492;10505;2.2;0.7
77;2021-02-14;12;56;31504;10561;2.2;0.7
77;2021-02-15;555;1024;32059;11585;2.3;0.8
77;2021-02-16;599;1540;32658;13125;2.3;0.9
77;2021-02-17;515;1190;33173;14315;2.3;1.0
77;2021-02-18;840;1622;34013;15937;2.4;1.1
77;2021-02-19;776;1130;34789;17067;2.4;1.2
77;2021-02-20;54;178;34843;17245;2.4;1.2
77;2021-02-21;7;31;34850;17276;2.4;1.2
77;2021-02-22;303;770;35153;18046;2.5;1.3
77;2021-02-23;360;1128;35513;19174;2.5;1.3
77;2021-02-24;513;898;36026;20072;2.5;1.4
77;2021-02-25;793;970;36819;21042;2.6;1.5
77;2021-02-26;841;839;37660;21881;2.6;1.5
77;2021-02-27;460;169;38120;22050;2.7;1.5
77;2021-02-28;33;5;38153;22055;2.7;1.5
77;2021-03-01;676;712;38829;22767;2.7;1.6
77;2021-03-02;1093;1028;39922;23795;2.8;1.7
77;2021-03-03;1955;1180;41877;24975;2.9;1.8
77;2021-03-04;2799;1134;44676;26109;3.1;1.8
77;2021-03-05;3380;1050;48056;27159;3.4;1.9
77;2021-03-06;4824;264;52880;27423;3.7;1.9
77;2021-03-07;3193;116;56073;27539;3.9;1.9
77;2021-03-08;1230;506;57303;28045;4.0;2.0
77;2021-03-09;2504;633;59807;28678;4.2;2.0
77;2021-03-10;2398;579;62205;29257;4.4;2.1
77;2021-03-11;3500;788;65705;30045;4.6;2.1
77;2021-03-12;3889;686;69594;30731;4.9;2.2
77;2021-03-13;4481;205;74075;30936;5.2;2.2
77;2021-03-14;2152;122;76227;31058;5.4;2.2
77;2021-03-15;2510;279;78737;31337;5.5;2.2
77;2021-03-16;2444;376;81181;31713;5.7;2.2
77;2021-03-17;2552;427;83733;32140;5.9;2.3
77;2021-03-18;3010;400;86743;32540;6.1;2.3
77;2021-03-19;3358;437;90101;32977;6.3;2.3
77;2021-03-20;1966;75;92067;33052;6.5;2.3
77;2021-03-21;242;13;92309;33065;6.5;2.3
77;2021-03-22;3021;405;95330;33470;6.7;2.4
77;2021-03-23;4520;528;99850;33998;7.0;2.4
77;2021-03-24;4152;616;104002;34614;7.3;2.4
77;2021-03-25;5908;404;109910;35018;7.7;2.5
77;2021-03-26;6269;448;116179;35466;8.2;2.5
77;2021-03-27;3321;121;119500;35587;8.4;2.5
77;2021-03-28;1730;45;121230;35632;8.5;2.5
77;2021-03-29;2654;688;123884;36320;8.7;2.6
77;2021-03-30;3995;1193;127879;37513;9.0;2.6
77;2021-03-31;3753;1220;131632;38733;9.2;2.7
77;2021-04-01;4142;1820;135774;40553;9.5;2.8
77;2021-04-02;3990;2011;139764;42564;9.8;3.0
77;2021-04-03;1745;2280;141509;44844;9.9;3.2
77;2021-04-04;423;1427;141932;46271;10.0;3.3
77;2021-04-05;160;164;142092;46435;10.0;3.3
77;2021-04-06;2718;1923;144810;48358;10.2;3.4
77;2021-04-07;3318;2085;148128;50443;10.4;3.5
77;2021-04-08;4535;2367;152663;52810;10.7;3.7
77;2021-04-09;4850;2088;157513;54898;11.1;3.9
77;2021-04-10;3074;2750;160587;57648;11.3;4.0
77;2021-04-11;586;717;161173;58365;11.3;4.1
77;2021-04-12;2232;1826;163405;60191;11.5;4.2
77;2021-04-13;3357;2634;166762;62825;11.7;4.4
77;2021-04-14;2522;2647;169284;65472;11.9;4.6
77;2021-04-15;3322;3116;172606;68588;12.1;4.8
77;2021-04-16;3575;2721;176181;71309;12.4;5.0
77;2021-04-17;1386;475;177567;71784;12.5;5.0
77;2021-04-18;150;11;177717;71795;12.5;5.0
77;2021-04-19;2084;2508;179801;74303;12.6;5.2
77;2021-04-20;2572;3381;182373;77684;12.8;5.5
77;2021-04-21;2195;3476;184568;81160;13.0;5.7
77;2021-04-22;3002;3857;187570;85017;13.2;6.0
77;2021-04-23;3531;3637;191101;88654;13.4;6.2
77;2021-04-24;4901;2516;196002;91170;13.8;6.4
77;2021-04-25;4080;1239;200082;92409;14.1;6.5
77;2021-04-26;3226;2041;203308;94450;14.3;6.6
77;2021-04-27;3997;2515;207305;96965;14.6;6.8
77;2021-04-28;4069;2618;211374;99583;14.8;7.0
77;2021-04-29;4481;3081;215855;102664;15.2;7.2
77;2021-04-30;4909;3336;220764;106000;15.5;7.4
77;2021-05-01;2463;594;223227;106594;15.7;7.5
77;2021-05-02;3142;276;226369;106870;15.9;7.5
77;2021-05-03;5989;2068;232358;108938;16.3;7.7
77;2021-05-04;6442;2993;238800;111931;16.8;7.9
77;2021-05-05;6018;3026;244818;114957;17.2;8.1
77;2021-05-06;6887;3596;251705;118553;17.7;8.3
77;2021-05-07;8205;3264;259910;121817;18.3;8.6
77;2021-05-08;5710;810;265620;122627;18.7;8.6
77;2021-05-09;4907;481;270527;123108;19.0;8.6
77;2021-05-10;8089;2329;278616;125437;19.6;8.8
77;2021-05-11;9581;2918;288197;128355;20.2;9.0
77;2021-05-12;8978;2286;297175;130641;20.9;9.2
77;2021-05-13;9305;883;306480;131524;21.5;9.2
77;2021-05-14;10426;1669;316906;133193;22.3;9.4
77;2021-05-15;8993;1249;325899;134442;22.9;9.4
77;2021-05-16;5151;466;331050;134908;23.3;9.5
77;2021-05-17;10373;1478;341423;136386;24.0;9.6
77;2021-05-18;11784;1806;353207;138192;24.8;9.7
77;2021-05-19;10913;1608;364120;139800;25.6;9.8
77;2021-05-20;12214;2158;376334;141958;26.4;10.0
77;2021-05-21;11652;2699;387986;144657;27.3;10.2
77;2021-05-22;9820;1739;397806;146396;27.9;10.3
77;2021-05-23;6987;809;404793;147205;28.4;10.3
77;2021-05-24;6765;777;411558;147982;28.9;10.4
77;2021-05-25;8314;2817;419872;150799;29.5;10.6
77;2021-05-26;7564;2981;427436;153780;30.0;10.8
77;2021-05-27;7553;3962;434989;157742;30.6;11.1
77;2021-05-28;7638;4013;442627;161755;31.1;11.4
77;2021-05-29;7356;2335;449983;164090;31.6;11.5
77;2021-05-30;4361;895;454344;164985;31.9;11.6
77;2021-05-31;8385;3833;462729;168818;32.5;11.9
77;2021-06-01;9645;4384;472374;173202;33.2;12.2
77;2021-06-02;9005;3923;481379;177125;33.8;12.4
77;2021-06-03;9004;5273;490383;182398;34.4;12.8
77;2021-06-04;9119;5491;499502;187889;35.1;13.2
77;2021-06-05;6663;4988;506165;192877;35.6;13.5
77;2021-06-06;4910;3210;511075;196087;35.9;13.8
77;2021-06-07;6417;4543;517492;200630;36.4;14.1
77;2021-06-08;5725;5226;523217;205856;36.8;14.5
77;2021-06-09;5057;4961;528274;210817;37.1;14.8
77;2021-06-10;5013;5465;533287;216282;37.5;15.2
77;2021-06-11;5757;6037;539044;222319;37.9;15.6
77;2021-06-12;6546;4753;545590;227072;38.3;16.0
77;2021-06-13;3507;3050;549097;230122;38.6;16.2
77;2021-06-14;3218;7931;552315;238053;38.8;16.7
77;2021-06-15;4125;8481;556440;246534;39.1;17.3
77;2021-06-16;4807;8377;561247;254911;39.4;17.9
77;2021-06-17;4472;9026;565719;263937;39.7;18.5
77;2021-06-18;4364;9788;570083;273725;40.0;19.2
77;2021-06-19;5306;6934;575389;280659;40.4;19.7
77;2021-06-20;2094;3799;577483;284458;40.6;20.0
77;2021-06-21;3229;9581;580712;294039;40.8;20.7
77;2021-06-22;3669;11373;584381;305412;41.0;21.5
77;2021-06-23;3441;10053;587822;315465;41.3;22.2
77;2021-06-24;3361;10913;591183;326378;41.5;22.9
77;2021-06-25;3624;10805;594807;337183;41.8;23.7
77;2021-06-26;4089;10069;598896;347252;42.1;24.4
77;2021-06-27;2123;6426;601019;353678;42.2;24.8
77;2021-06-28;2800;10831;603819;364509;42.4;25.6
77;2021-06-29;3416;12526;607235;377035;42.7;26.5
77;2021-06-30;3286;11450;610521;388485;42.9;27.3
77;2021-07-01;3279;11661;613800;400146;43.1;28.1
77;2021-07-02;3453;12252;617253;412398;43.4;29.0
77;2021-07-03;3184;10795;620437;423193;43.6;29.7
77;2021-07-04;1995;6492;622432;429685;43.7;30.2
77;2021-07-05;3591;9546;626023;439231;44.0;30.9
77;2021-07-06;3738;9530;629761;448761;44.2;31.5
77;2021-07-07;4060;8958;633821;457719;44.5;32.2
77;2021-07-08;3922;8761;637743;466480;44.8;32.8
77;2021-07-09;4697;10341;642440;476821;45.1;33.5
77;2021-07-10;4047;9842;646487;486663;45.4;34.2
77;2021-07-11;3088;5090;649575;491753;45.6;34.5
77;2021-07-12;3286;10861;652861;502614;45.9;35.3
77;2021-07-13;6115;12031;658976;514645;46.3;36.2
77;2021-07-14;3547;6436;662523;521081;46.5;36.6
77;2021-07-15;7172;11971;669695;533052;47.0;37.4
77;2021-07-16;7817;9896;677512;542948;47.6;38.1
77;2021-07-17;5790;9456;683302;552404;48.0;38.8
77;2021-07-18;4140;5328;687442;557732;48.3;39.2
77;2021-07-19;7494;8942;694936;566674;48.8;39.8
77;2021-07-20;9578;8029;704514;574703;49.5;40.4
77;2021-07-21;9514;7466;714028;582169;50.2;40.9
77;2021-07-22;10517;7524;724545;589693;50.9;41.4
77;2021-07-23;9851;8195;734396;597888;51.6;42.0
77;2021-07-24;7202;7867;741598;605755;52.1;42.6
77;2021-07-25;5884;4027;747482;609782;52.5;42.8
77;2021-07-26;9193;5967;756675;615749;53.2;43.3
77;2021-07-27;10899;6031;767574;621780;53.9;43.7
77;2021-07-28;9435;6412;777009;628192;54.6;44.1
77;2021-07-29;9520;5495;786529;633687;55.2;44.5
77;2021-07-30;9689;6349;796218;640036;55.9;45.0
77;2021-07-31;7236;6632;803454;646668;56.4;45.4
77;2021-08-01;2943;1210;806397;647878;56.6;45.5
77;2021-08-02;7029;5735;813426;653613;57.1;45.9
77;2021-08-03;5764;4501;819190;658114;57.5;46.2
77;2021-08-04;4688;4386;823878;662500;57.9;46.5
77;2021-08-05;3220;2962;827098;665462;58.1;46.7
77;2021-08-06;5834;5256;832932;670718;58.5;47.1
77;2021-08-07;5243;6799;838175;677517;58.9;47.6
77;2021-08-08;1956;1859;840131;679376;59.0;47.7
77;2021-08-09;5020;6589;845151;685965;59.4;48.2
77;2021-08-10;2651;3567;847802;689532;59.6;48.4
77;2021-08-11;3089;6185;850891;695717;59.8;48.9
77;2021-08-12;2238;3561;853129;699278;59.9;49.1
77;2021-08-13;2691;4890;855820;704168;60.1;49.5
77;2021-08-14;2911;7323;858731;711491;60.3;50.0
77;2021-08-15;787;771;859518;712262;60.4;50.0
77;2021-08-16;2356;6978;861874;719240;60.5;50.5
77;2021-08-17;2865;7196;864739;726436;60.7;51.0
77;2021-08-18;2650;6545;867389;732981;60.9;51.5
77;2021-08-19;2619;5099;870008;738080;61.1;51.8
77;2021-08-20;2657;5677;872665;743757;61.3;52.2
77;2021-08-21;2711;7313;875376;751070;61.5;52.8
77;2021-08-22;1729;5333;877105;756403;61.6;53.1
77;2021-08-23;2420;9604;879525;766007;61.8;53.8
77;2021-08-24;3039;9220;882564;775227;62.0;54.5
77;2021-08-25;2525;6518;885089;781745;62.2;54.9
77;2021-08-26;2525;6225;887614;787970;62.3;55.4
78;2020-12-27;2;0;2;0;0.0;0.0
78;2020-12-28;0;0;2;0;0.0;0.0
78;2020-12-29;0;0;2;0;0.0;0.0
78;2020-12-30;0;0;2;0;0.0;0.0
78;2020-12-31;15;0;17;0;0.0;0.0
78;2021-01-01;1;0;18;0;0.0;0.0
78;2021-01-02;1;0;19;0;0.0;0.0
78;2021-01-03;2;0;21;0;0.0;0.0
78;2021-01-04;145;3;166;3;0.0;0.0
78;2021-01-05;175;1;341;4;0.0;0.0
78;2021-01-06;208;3;549;7;0.0;0.0
78;2021-01-07;469;2;1018;9;0.1;0.0
78;2021-01-08;651;3;1669;12;0.1;0.0
78;2021-01-09;22;0;1691;12;0.1;0.0
78;2021-01-10;2;0;1693;12;0.1;0.0
78;2021-01-11;792;3;2485;15;0.2;0.0
78;2021-01-12;945;5;3430;20;0.2;0.0
78;2021-01-13;740;8;4170;28;0.3;0.0
78;2021-01-14;811;9;4981;37;0.3;0.0
78;2021-01-15;847;10;5828;47;0.4;0.0
78;2021-01-16;32;1;5860;48;0.4;0.0
78;2021-01-17;0;0;5860;48;0.4;0.0
78;2021-01-18;1382;21;7242;69;0.5;0.0
78;2021-01-19;1841;27;9083;96;0.6;0.0
78;2021-01-20;1657;15;10740;111;0.7;0.0
78;2021-01-21;3253;14;13993;125;1.0;0.0
78;2021-01-22;2217;16;16210;141;1.1;0.0
78;2021-01-23;279;0;16489;141;1.1;0.0
78;2021-01-24;5;0;16494;141;1.1;0.0
78;2021-01-25;959;32;17453;173;1.2;0.0
78;2021-01-26;1560;20;19013;193;1.3;0.0
78;2021-01-27;2060;50;21073;243;1.5;0.0
78;2021-01-28;2436;108;23509;351;1.6;0.0
78;2021-01-29;1490;63;24999;414;1.7;0.0
78;2021-01-30;210;3;25209;417;1.7;0.0
78;2021-01-31;3;0;25212;417;1.7;0.0
78;2021-02-01;786;225;25998;642;1.8;0.0
78;2021-02-02;968;346;26966;988;1.9;0.1
78;2021-02-03;975;240;27941;1228;1.9;0.1
78;2021-02-04;1117;447;29058;1675;2.0;0.1
78;2021-02-05;1190;505;30248;2180;2.1;0.2
78;2021-02-06;198;44;30446;2224;2.1;0.2
78;2021-02-07;139;14;30585;2238;2.1;0.2
78;2021-02-08;760;607;31345;2845;2.2;0.2
78;2021-02-09;1122;945;32467;3790;2.2;0.3
78;2021-02-10;1248;1180;33715;4970;2.3;0.3
78;2021-02-11;1820;1891;35535;6861;2.5;0.5
78;2021-02-12;1820;1393;37355;8254;2.6;0.6
78;2021-02-13;173;77;37528;8331;2.6;0.6
78;2021-02-14;26;25;37554;8356;2.6;0.6
78;2021-02-15;446;1431;38000;9787;2.6;0.7
78;2021-02-16;627;1560;38627;11347;2.7;0.8
78;2021-02-17;586;2219;39213;13566;2.7;0.9
78;2021-02-18;997;2277;40210;15843;2.8;1.1
78;2021-02-19;819;1723;41029;17566;2.8;1.2
78;2021-02-20;148;124;41177;17690;2.8;1.2
78;2021-02-21;0;12;41177;17702;2.8;1.2
78;2021-02-22;501;1056;41678;18758;2.9;1.3
78;2021-02-23;540;1124;42218;19882;2.9;1.4
78;2021-02-24;619;1239;42837;21121;3.0;1.5
78;2021-02-25;866;1152;43703;22273;3.0;1.5
78;2021-02-26;1132;1244;44835;23517;3.1;1.6
78;2021-02-27;740;151;45575;23668;3.1;1.6
78;2021-02-28;68;18;45643;23686;3.2;1.6
78;2021-03-01;965;905;46608;24591;3.2;1.7
78;2021-03-02;1725;1058;48333;25649;3.3;1.8
78;2021-03-03;1965;1235;50298;26884;3.5;1.9
78;2021-03-04;2947;1590;53245;28474;3.7;2.0
78;2021-03-05;3253;1661;56498;30135;3.9;2.1
78;2021-03-06;6242;294;62740;30429;4.3;2.1
78;2021-03-07;3444;100;66184;30529;4.6;2.1
78;2021-03-08;1458;762;67642;31291;4.7;2.2
78;2021-03-09;2942;909;70584;32200;4.9;2.2
78;2021-03-10;3075;1119;73659;33319;5.1;2.3
78;2021-03-11;4176;1314;77835;34633;5.4;2.4
78;2021-03-12;5369;1345;83204;35978;5.7;2.5
78;2021-03-13;4655;198;87859;36176;6.1;2.5
78;2021-03-14;1036;41;88895;36217;6.1;2.5
78;2021-03-15;3621;266;92516;36483;6.4;2.5
78;2021-03-16;2565;569;95081;37052;6.6;2.6
78;2021-03-17;2966;440;98047;37492;6.8;2.6
78;2021-03-18;3780;447;101827;37939;7.0;2.6
78;2021-03-19;5317;487;107144;38426;7.4;2.7
78;2021-03-20;2258;128;109402;38554;7.6;2.7
78;2021-03-21;165;7;109567;38561;7.6;2.7
78;2021-03-22;3532;380;113099;38941;7.8;2.7
78;2021-03-23;5230;544;118329;39485;8.2;2.7
78;2021-03-24;4893;548;123222;40033;8.5;2.8
78;2021-03-25;6941;562;130163;40595;9.0;2.8
78;2021-03-26;6939;721;137102;41316;9.5;2.9
78;2021-03-27;3744;194;140846;41510;9.7;2.9
78;2021-03-28;1919;52;142765;41562;9.9;2.9
78;2021-03-29;3865;764;146630;42326;10.1;2.9
78;2021-03-30;5523;1060;152153;43386;10.5;3.0
78;2021-03-31;5330;1289;157483;44675;10.9;3.1
78;2021-04-01;5594;2350;163077;47025;11.3;3.2
78;2021-04-02;5195;2628;168272;49653;11.6;3.4
78;2021-04-03;2198;2565;170470;52218;11.8;3.6
78;2021-04-04;173;14;170643;52232;11.8;3.6
78;2021-04-05;199;19;170842;52251;11.8;3.6
78;2021-04-06;3618;2309;174460;54560;12.0;3.8
78;2021-04-07;4357;2587;178817;57147;12.3;3.9
78;2021-04-08;5525;2676;184342;59823;12.7;4.1
78;2021-04-09;6908;2451;191250;62274;13.2;4.3
78;2021-04-10;3994;1898;195244;64172;13.5;4.4
78;2021-04-11;374;606;195618;64778;13.5;4.5
78;2021-04-12;3531;2368;199149;67146;13.7;4.6
78;2021-04-13;5460;2497;204609;69643;14.1;4.8
78;2021-04-14;4956;3395;209565;73038;14.5;5.0
78;2021-04-15;4616;3846;214181;76884;14.8;5.3
78;2021-04-16;5626;4020;219807;80904;15.2;5.6
78;2021-04-17;3615;715;223422;81619;15.4;5.6
78;2021-04-18;272;42;223694;81661;15.4;5.6
78;2021-04-19;3242;2814;226936;84475;15.7;5.8
78;2021-04-20;4709;3686;231645;88161;16.0;6.1
78;2021-04-21;4533;3511;236178;91672;16.3;6.3
78;2021-04-22;4565;4692;240743;96364;16.6;6.7
78;2021-04-23;5059;4430;245802;100794;17.0;7.0
78;2021-04-24;4865;2622;250667;103416;17.3;7.1
78;2021-04-25;3047;1730;253714;105146;17.5;7.3
78;2021-04-26;4768;3320;258482;108466;17.8;7.5
78;2021-04-27;5470;4312;263952;112778;18.2;7.8
78;2021-04-28;5651;4787;269603;117565;18.6;8.1
78;2021-04-29;6259;4070;275862;121635;19.0;8.4
78;2021-04-30;7209;4466;283071;126101;19.5;8.7
78;2021-05-01;612;255;283683;126356;19.6;8.7
78;2021-05-02;2008;166;285691;126522;19.7;8.7
78;2021-05-03;7460;1277;293151;127799;20.2;8.8
78;2021-05-04;6078;3980;299229;131779;20.7;9.1
78;2021-05-05;7298;4555;306527;136334;21.2;9.4
78;2021-05-06;6478;5181;313005;141515;21.6;9.8
78;2021-05-07;8312;5143;321317;146658;22.2;10.1
78;2021-05-08;2917;1451;324234;148109;22.4;10.2
78;2021-05-09;2819;353;327053;148462;22.6;10.2
78;2021-05-10;7343;4453;334396;152915;23.1;10.6
78;2021-05-11;8142;5416;342538;158331;23.6;10.9
78;2021-05-12;8731;3921;351269;162252;24.2;11.2
78;2021-05-13;6631;600;357900;162852;24.7;11.2
78;2021-05-14;10216;2217;368116;165069;25.4;11.4
78;2021-05-15;4934;2364;373050;167433;25.8;11.6
78;2021-05-16;3697;792;376747;168225;26.0;11.6
78;2021-05-17;8745;1347;385492;169572;26.6;11.7
78;2021-05-18;9885;1887;395377;171459;27.3;11.8
78;2021-05-19;11650;1711;407027;173170;28.1;12.0
78;2021-05-20;11595;2269;418622;175439;28.9;12.1
78;2021-05-21;12128;2634;430750;178073;29.7;12.3
78;2021-05-22;6546;1373;437296;179446;30.2;12.4
78;2021-05-23;3126;390;440422;179836;30.4;12.4
78;2021-05-24;3523;415;443945;180251;30.6;12.4
78;2021-05-25;9988;2504;453933;182755;31.3;12.6
78;2021-05-26;10166;3781;464099;186536;32.0;12.9
78;2021-05-27;10958;4642;475057;191178;32.8;13.2
78;2021-05-28;11415;6035;486472;197213;33.6;13.6
78;2021-05-29;4226;3385;490698;200598;33.9;13.8
78;2021-05-30;135;346;490833;200944;33.9;13.9
78;2021-05-31;7971;5363;498804;206307;34.4;14.2
78;2021-06-01;10030;6531;508834;212838;35.1;14.7
78;2021-06-02;8585;6213;517419;219051;35.7;15.1
78;2021-06-03;9900;6479;527319;225530;36.4;15.6
78;2021-06-04;9794;8150;537113;233680;37.1;16.1
78;2021-06-05;5518;6140;542631;239820;37.5;16.6
78;2021-06-06;2150;2013;544781;241833;37.6;16.7
78;2021-06-07;8124;6522;552905;248355;38.2;17.1
78;2021-06-08;8065;7321;560970;255676;38.7;17.6
78;2021-06-09;7325;6733;568295;262409;39.2;18.1
78;2021-06-10;7112;7108;575407;269517;39.7;18.6
78;2021-06-11;7582;8187;582989;277704;40.2;19.2
78;2021-06-12;6374;2920;589363;280624;40.7;19.4
78;2021-06-13;946;2458;590309;283082;40.7;19.5
78;2021-06-14;3415;9815;593724;292897;41.0;20.2
78;2021-06-15;5802;8293;599526;301190;41.4;20.8
78;2021-06-16;5432;8634;604958;309824;41.8;21.4
78;2021-06-17;5487;8537;610445;318361;42.1;22.0
78;2021-06-18;6167;9796;616612;328157;42.6;22.7
78;2021-06-19;5221;4818;621833;332975;42.9;23.0
78;2021-06-20;624;2838;622457;335813;43.0;23.2
78;2021-06-21;4098;9470;626555;345283;43.3;23.8
78;2021-06-22;3349;10317;629904;355600;43.5;24.5
78;2021-06-23;3838;10393;633742;365993;43.7;25.3
78;2021-06-24;3800;9980;637542;375973;44.0;26.0
78;2021-06-25;4001;13152;641543;389125;44.3;26.9
78;2021-06-26;4211;7956;645754;397081;44.6;27.4
78;2021-06-27;1040;2543;646794;399624;44.6;27.6
78;2021-06-28;3294;10902;650088;410526;44.9;28.3
78;2021-06-29;3539;11252;653627;421778;45.1;29.1
78;2021-06-30;4113;13224;657740;435002;45.4;30.0
78;2021-07-01;3971;12700;661711;447702;45.7;30.9
78;2021-07-02;4257;13939;665968;461641;46.0;31.9
78;2021-07-03;3160;8624;669128;470265;46.2;32.5
78;2021-07-04;761;1742;669889;472007;46.2;32.6
78;2021-07-05;3379;9692;673268;481699;46.5;33.3
78;2021-07-06;3525;12043;676793;493742;46.7;34.1
78;2021-07-07;3761;11609;680554;505351;47.0;34.9
78;2021-07-08;3864;11675;684418;517026;47.2;35.7
78;2021-07-09;4776;12744;689194;529770;47.6;36.6
78;2021-07-10;2624;6607;691818;536377;47.8;37.0
78;2021-07-11;748;2045;692566;538422;47.8;37.2
78;2021-07-12;2997;11744;695563;550166;48.0;38.0
78;2021-07-13;5338;11974;700901;562140;48.4;38.8
78;2021-07-14;2533;4986;703434;567126;48.6;39.1
78;2021-07-15;5665;11956;709099;579082;48.9;40.0
78;2021-07-16;7261;10782;716360;589864;49.5;40.7
78;2021-07-17;4723;4896;721083;594760;49.8;41.1
78;2021-07-18;1122;467;722205;595227;49.9;41.1
78;2021-07-19;3839;10342;726044;605569;50.1;41.8
78;2021-07-20;5579;9925;731623;615494;50.5;42.5
78;2021-07-21;5897;9858;737520;625352;50.9;43.2
78;2021-07-22;5947;9288;743467;634640;51.3;43.8
78;2021-07-23;6213;9218;749680;643858;51.8;44.4
78;2021-07-24;2936;4971;752616;648829;52.0;44.8
78;2021-07-25;987;373;753603;649202;52.0;44.8
78;2021-07-26;4854;6987;758457;656189;52.4;45.3
78;2021-07-27;7558;6900;766015;663089;52.9;45.8
78;2021-07-28;6934;5928;772949;669017;53.4;46.2
78;2021-07-29;7898;5986;780847;675003;53.9;46.6
78;2021-07-30;7643;7044;788490;682047;54.4;47.1
78;2021-07-31;2644;2735;791134;684782;54.6;47.3
78;2021-08-01;104;72;791238;684854;54.6;47.3
78;2021-08-02;2376;2117;793614;686971;54.8;47.4
78;2021-08-03;4218;4251;797832;691222;55.1;47.7
78;2021-08-04;4354;2804;802186;694026;55.4;47.9
78;2021-08-05;3852;3156;806038;697182;55.6;48.1
78;2021-08-06;3843;3713;809881;700895;55.9;48.4
78;2021-08-07;2791;3435;812672;704330;56.1;48.6
78;2021-08-08;475;342;813147;704672;56.1;48.6
78;2021-08-09;1861;1652;815008;706324;56.3;48.8
78;2021-08-10;3381;3967;818389;710291;56.5;49.0
78;2021-08-11;2961;3376;821350;713667;56.7;49.3
78;2021-08-12;2720;3534;824070;717201;56.9;49.5
78;2021-08-13;2833;3173;826903;720374;57.1;49.7
78;2021-08-14;2291;3080;829194;723454;57.2;49.9
78;2021-08-15;273;375;829467;723829;57.3;50.0
78;2021-08-16;900;2339;830367;726168;57.3;50.1
78;2021-08-17;2768;4416;833135;730584;57.5;50.4
78;2021-08-18;2441;3806;835576;734390;57.7;50.7
78;2021-08-19;2223;3574;837799;737964;57.8;50.9
78;2021-08-20;2081;3995;839880;741959;58.0;51.2
78;2021-08-21;1881;3571;841761;745530;58.1;51.5
78;2021-08-22;85;147;841846;745677;58.1;51.5
78;2021-08-23;2141;4233;843987;749910;58.3;51.8
78;2021-08-24;3616;6959;847603;756869;58.5;52.2
78;2021-08-25;3265;6571;850868;763440;58.7;52.7
78;2021-08-26;2951;7210;853819;770650;58.9;53.2
79;2020-12-27;0;0;0;0;0.0;0.0
79;2020-12-28;3;0;3;0;0.0;0.0
79;2020-12-29;0;0;3;0;0.0;0.0
79;2020-12-30;0;0;3;0;0.0;0.0
79;2020-12-31;0;0;3;0;0.0;0.0
79;2021-01-01;0;0;3;0;0.0;0.0
79;2021-01-02;0;0;3;0;0.0;0.0
79;2021-01-03;0;0;3;0;0.0;0.0
79;2021-01-04;1;0;4;0;0.0;0.0
79;2021-01-05;0;0;4;0;0.0;0.0
79;2021-01-06;0;0;4;0;0.0;0.0
79;2021-01-07;158;0;162;0;0.0;0.0
79;2021-01-08;165;0;327;0;0.1;0.0
79;2021-01-09;98;0;425;0;0.1;0.0
79;2021-01-10;3;0;428;0;0.1;0.0
79;2021-01-11;184;1;612;1;0.2;0.0
79;2021-01-12;245;1;857;2;0.2;0.0
79;2021-01-13;258;0;1115;2;0.3;0.0
79;2021-01-14;505;7;1620;9;0.4;0.0
79;2021-01-15;616;6;2236;15;0.6;0.0
79;2021-01-16;66;0;2302;15;0.6;0.0
79;2021-01-17;0;0;2302;15;0.6;0.0
79;2021-01-18;477;2;2779;17;0.7;0.0
79;2021-01-19;1358;1;4137;18;1.1;0.0
79;2021-01-20;1677;1;5814;19;1.6;0.0
79;2021-01-21;1998;7;7812;26;2.1;0.0
79;2021-01-22;874;4;8686;30;2.3;0.0
79;2021-01-23;65;0;8751;30;2.3;0.0
79;2021-01-24;0;0;8751;30;2.3;0.0
79;2021-01-25;645;7;9396;37;2.5;0.0
79;2021-01-26;590;13;9986;50;2.7;0.0
79;2021-01-27;741;84;10727;134;2.9;0.0
79;2021-01-28;733;150;11460;284;3.1;0.1
79;2021-01-29;492;88;11952;372;3.2;0.1
79;2021-01-30;0;0;11952;372;3.2;0.1
79;2021-01-31;0;0;11952;372;3.2;0.1
79;2021-02-01;207;111;12159;483;3.3;0.1
79;2021-02-02;333;73;12492;556;3.4;0.1
79;2021-02-03;390;60;12882;616;3.5;0.2
79;2021-02-04;324;109;13206;725;3.5;0.2
79;2021-02-05;359;275;13565;1000;3.6;0.3
79;2021-02-06;3;0;13568;1000;3.6;0.3
79;2021-02-07;22;0;13590;1000;3.6;0.3
79;2021-02-08;283;168;13873;1168;3.7;0.3
79;2021-02-09;457;785;14330;1953;3.8;0.5
79;2021-02-10;618;1197;14948;3150;4.0;0.8
79;2021-02-11;777;1236;15725;4386;4.2;1.2
79;2021-02-12;467;767;16192;5153;4.3;1.4
79;2021-02-13;53;74;16245;5227;4.4;1.4
79;2021-02-14;0;0;16245;5227;4.4;1.4
79;2021-02-15;186;506;16431;5733;4.4;1.5
79;2021-02-16;333;731;16764;6464;4.5;1.7
79;2021-02-17;249;877;17013;7341;4.6;2.0
79;2021-02-18;353;944;17366;8285;4.7;2.2
79;2021-02-19;267;564;17633;8849;4.7;2.4
79;2021-02-20;4;22;17637;8871;4.7;2.4
79;2021-02-21;1;0;17638;8871;4.7;2.4
79;2021-02-22;136;462;17774;9333;4.8;2.5
79;2021-02-23;248;567;18022;9900;4.8;2.7
79;2021-02-24;245;543;18267;10443;4.9;2.8
79;2021-02-25;517;469;18784;10912;5.0;2.9
79;2021-02-26;599;398;19383;11310;5.2;3.0
79;2021-02-27;407;5;19790;11315;5.3;3.0
79;2021-02-28;35;0;19825;11315;5.3;3.0
79;2021-03-01;89;361;19914;11676;5.3;3.1
79;2021-03-02;302;508;20216;12184;5.4;3.3
79;2021-03-03;661;544;20877;12728;5.6;3.4
79;2021-03-04;904;571;21781;13299;5.8;3.6
79;2021-03-05;1217;450;22998;13749;6.2;3.7
79;2021-03-06;611;5;23609;13754;6.3;3.7
79;2021-03-07;77;1;23686;13755;6.4;3.7
79;2021-03-08;344;309;24030;14064;6.4;3.8
79;2021-03-09;841;343;24871;14407;6.7;3.9
79;2021-03-10;1146;406;26017;14813;7.0;4.0
79;2021-03-11;1640;326;27657;15139;7.4;4.1
79;2021-03-12;1720;121;29377;15260;7.9;4.1
79;2021-03-13;1136;12;30513;15272;8.2;4.1
79;2021-03-14;50;0;30563;15272;8.2;4.1
79;2021-03-15;497;158;31060;15430;8.3;4.1
79;2021-03-16;735;146;31795;15576;8.5;4.2
79;2021-03-17;577;108;32372;15684;8.7;4.2
79;2021-03-18;553;203;32925;15887;8.8;4.3
79;2021-03-19;662;258;33587;16145;9.0;4.3
79;2021-03-20;1007;14;34594;16159;9.3;4.3
79;2021-03-21;3;0;34597;16159;9.3;4.3
79;2021-03-22;955;207;35552;16366;9.5;4.4
79;2021-03-23;1592;170;37144;16536;10.0;4.4
79;2021-03-24;1829;162;38973;16698;10.5;4.5
79;2021-03-25;2499;190;41472;16888;11.1;4.5
79;2021-03-26;2405;136;43877;17024;11.8;4.6
79;2021-03-27;769;16;44646;17040;12.0;4.6
79;2021-03-28;1;0;44647;17040;12.0;4.6
79;2021-03-29;2148;114;46795;17154;12.6;4.6
79;2021-03-30;2816;62;49611;17216;13.3;4.6
79;2021-03-31;2777;380;52388;17596;14.1;4.7
79;2021-04-01;2696;379;55084;17975;14.8;4.8
79;2021-04-02;2822;392;57906;18367;15.5;4.9
79;2021-04-03;633;54;58539;18421;15.7;4.9
79;2021-04-04;3;0;58542;18421;15.7;4.9
79;2021-04-05;380;4;58922;18425;15.8;4.9
79;2021-04-06;1794;584;60716;19009;16.3;5.1
79;2021-04-07;3117;736;63833;19745;17.1;5.3
79;2021-04-08;2630;694;66463;20439;17.8;5.5
79;2021-04-09;3738;547;70201;20986;18.8;5.6
79;2021-04-10;1466;385;71667;21371;19.2;5.7
79;2021-04-11;4;0;71671;21371;19.2;5.7
79;2021-04-12;1753;354;73424;21725;19.7;5.8
79;2021-04-13;2174;748;75598;22473;20.3;6.0
79;2021-04-14;2481;674;78079;23147;21.0;6.2
79;2021-04-15;2215;667;80294;23814;21.5;6.4
79;2021-04-16;1414;440;81708;24254;21.9;6.5
79;2021-04-17;581;352;82289;24606;22.1;6.6
79;2021-04-18;1;14;82290;24620;22.1;6.6
79;2021-04-19;1089;841;83379;25461;22.4;6.8
79;2021-04-20;1507;1229;84886;26690;22.8;7.2
79;2021-04-21;1419;1440;86305;28130;23.2;7.5
79;2021-04-22;1572;1084;87877;29214;23.6;7.8
79;2021-04-23;1318;1188;89195;30402;23.9;8.2
79;2021-04-24;653;462;89848;30864;24.1;8.3
79;2021-04-25;1;0;89849;30864;24.1;8.3
79;2021-04-26;1343;1813;91192;32677;24.5;8.8
79;2021-04-27;1898;2352;93090;35029;25.0;9.4
79;2021-04-28;1456;2868;94546;37897;25.4;10.2
79;2021-04-29;2105;2255;96651;40152;25.9;10.8
79;2021-04-30;2114;2462;98765;42614;26.5;11.4
79;2021-05-01;519;378;99284;42992;26.6;11.5
79;2021-05-02;1;11;99285;43003;26.6;11.5
79;2021-05-03;1182;1292;100467;44295;27.0;11.9
79;2021-05-04;1733;2331;102200;46626;27.4;12.5
79;2021-05-05;1695;2483;103895;49109;27.9;13.2
79;2021-05-06;2328;2223;106223;51332;28.5;13.8
79;2021-05-07;2087;2804;108310;54136;29.1;14.5
79;2021-05-08;199;506;108509;54642;29.1;14.7
79;2021-05-09;0;0;108509;54642;29.1;14.7
79;2021-05-10;1584;1786;110093;56428;29.5;15.1
79;2021-05-11;2310;1649;112403;58077;30.2;15.6
79;2021-05-12;1999;2678;114402;60755;30.7;16.3
79;2021-05-13;640;290;115042;61045;30.9;16.4
79;2021-05-14;2100;673;117142;61718;31.4;16.6
79;2021-05-15;1399;499;118541;62217;31.8;16.7
79;2021-05-16;1;22;118542;62239;31.8;16.7
79;2021-05-17;1876;1085;120418;63324;32.3;17.0
79;2021-05-18;2971;1272;123389;64596;33.1;17.3
79;2021-05-19;2897;968;126286;65564;33.9;17.6
79;2021-05-20;3106;1247;129392;66811;34.7;17.9
79;2021-05-21;2768;1066;132160;67877;35.5;18.2
79;2021-05-22;1084;261;133244;68138;35.8;18.3
79;2021-05-23;1;0;133245;68138;35.8;18.3
79;2021-05-24;161;20;133406;68158;35.8;18.3
79;2021-05-25;3199;990;136605;69148;36.7;18.6
79;2021-05-26;3314;853;139919;70001;37.5;18.8
79;2021-05-27;3589;1718;143508;71719;38.5;19.2
79;2021-05-28;3329;1822;146837;73541;39.4;19.7
79;2021-05-29;1073;450;147910;73991;39.7;19.9
79;2021-05-30;3;1;147913;73992;39.7;19.9
79;2021-05-31;2382;733;150295;74725;40.3;20.1
79;2021-06-01;3021;1576;153316;76301;41.1;20.5
79;2021-06-02;4065;1167;157381;77468;42.2;20.8
79;2021-06-03;4089;1756;161470;79224;43.3;21.3
79;2021-06-04;4144;2034;165614;81258;44.4;21.8
79;2021-06-05;2802;759;168416;82017;45.2;22.0
79;2021-06-06;696;39;169112;82056;45.4;22.0
79;2021-06-07;2809;1413;171921;83469;46.1;22.4
79;2021-06-08;2982;2067;174903;85536;46.9;23.0
79;2021-06-09;3631;1938;178534;87474;47.9;23.5
79;2021-06-10;3020;1975;181554;89449;48.7;24.0
79;2021-06-11;3767;2314;185321;91763;49.7;24.6
79;2021-06-12;1706;609;187027;92372;50.2;24.8
79;2021-06-13;214;24;187241;92396;50.2;24.8
79;2021-06-14;1247;1692;188488;94088;50.6;25.2
79;2021-06-15;1881;2362;190369;96450;51.1;25.9
79;2021-06-16;2206;2248;192575;98698;51.7;26.5
79;2021-06-17;2238;2616;194813;101314;52.3;27.2
79;2021-06-18;2413;2324;197226;103638;52.9;27.8
79;2021-06-19;1246;582;198472;104220;53.3;28.0
79;2021-06-20;3;2;198475;104222;53.3;28.0
79;2021-06-21;1233;2282;199708;106504;53.6;28.6
79;2021-06-22;1548;2875;201256;109379;54.0;29.4
79;2021-06-23;1771;2548;203027;111927;54.5;30.0
79;2021-06-24;2107;2005;205134;113932;55.1;30.6
79;2021-06-25;1488;2843;206622;116775;55.5;31.3
79;2021-06-26;870;809;207492;117584;55.7;31.6
79;2021-06-27;13;6;207505;117590;55.7;31.6
79;2021-06-28;1056;2622;208561;120212;56.0;32.3
79;2021-06-29;1474;3550;210035;123762;56.4;33.2
79;2021-06-30;1355;3448;211390;127210;56.7;34.1
79;2021-07-01;1203;3785;212593;130995;57.1;35.2
79;2021-07-02;1490;3347;214083;134342;57.5;36.1
79;2021-07-03;399;1502;214482;135844;57.6;36.5
79;2021-07-04;2;9;214484;135853;57.6;36.5
79;2021-07-05;751;2118;215235;137971;57.8;37.0
79;2021-07-06;947;3666;216182;141637;58.0;38.0
79;2021-07-07;1332;4307;217514;145944;58.4;39.2
79;2021-07-08;1101;4043;218615;149987;58.7;40.3
79;2021-07-09;837;3719;219452;153706;58.9;41.2
79;2021-07-10;515;1316;219967;155022;59.0;41.6
79;2021-07-11;2;12;219969;155034;59.0;41.6
79;2021-07-12;545;3693;220514;158727;59.2;42.6
79;2021-07-13;999;5188;221513;163915;59.4;44.0
79;2021-07-14;133;874;221646;164789;59.5;44.2
79;2021-07-15;1233;4684;222879;169473;59.8;45.5
79;2021-07-16;1333;4363;224212;173836;60.2;46.7
79;2021-07-17;576;2425;224788;176261;60.3;47.3
79;2021-07-18;44;498;224832;176759;60.3;47.4
79;2021-07-19;735;3318;225567;180077;60.5;48.3
79;2021-07-20;1226;3948;226793;184025;60.9;49.4
79;2021-07-21;1179;4198;227972;188223;61.2;50.5
79;2021-07-22;1354;3978;229326;192201;61.5;51.6
79;2021-07-23;1350;4557;230676;196758;61.9;52.8
79;2021-07-24;865;1499;231541;198257;62.1;53.2
79;2021-07-25;55;326;231596;198583;62.2;53.3
79;2021-07-26;1374;2599;232970;201182;62.5;54.0
79;2021-07-27;2084;2998;235054;204180;63.1;54.8
79;2021-07-28;2496;2494;237550;206674;63.8;55.5
79;2021-07-29;3005;2858;240555;209532;64.6;56.2
79;2021-07-30;2136;2827;242691;212359;65.1;57.0
79;2021-07-31;885;1158;243576;213517;65.4;57.3
79;2021-08-01;3;3;243579;213520;65.4;57.3
79;2021-08-02;1792;1544;245371;215064;65.8;57.7
79;2021-08-03;2817;2051;248188;217115;66.6;58.3
79;2021-08-04;2985;1746;251173;218861;67.4;58.7
79;2021-08-05;2895;2214;254068;221075;68.2;59.3
79;2021-08-06;2519;1642;256587;222717;68.9;59.8
79;2021-08-07;869;814;257456;223531;69.1;60.0
79;2021-08-08;0;3;257456;223534;69.1;60.0
79;2021-08-09;2485;1084;259941;224618;69.8;60.3
79;2021-08-10;2970;1542;262911;226160;70.6;60.7
79;2021-08-11;2572;1661;265483;227821;71.2;61.1
79;2021-08-12;2762;1427;268245;229248;72.0;61.5
79;2021-08-13;2841;1061;271086;230309;72.7;61.8
79;2021-08-14;517;391;271603;230700;72.9;61.9
79;2021-08-15;6;5;271609;230705;72.9;61.9
79;2021-08-16;1761;1197;273370;231902;73.4;62.2
79;2021-08-17;2096;1591;275466;233493;73.9;62.7
79;2021-08-18;1919;1913;277385;235406;74.4;63.2
79;2021-08-19;1612;1707;278997;237113;74.9;63.6
79;2021-08-20;1507;2158;280504;239271;75.3;64.2
79;2021-08-21;236;542;280740;239813;75.3;64.4
79;2021-08-22;1;21;280741;239834;75.3;64.4
79;2021-08-23;858;2175;281599;242009;75.6;64.9
79;2021-08-24;1064;2483;282663;244492;75.9;65.6
79;2021-08-25;1043;2751;283706;247243;76.1;66.4
79;2021-08-26;1011;2326;284717;249569;76.4;67.0
80;2020-12-27;0;0;0;0;0.0;0.0
80;2020-12-28;0;0;0;0;0.0;0.0
80;2020-12-29;11;0;11;0;0.0;0.0
80;2020-12-30;0;0;11;0;0.0;0.0
80;2020-12-31;0;0;11;0;0.0;0.0
80;2021-01-01;0;0;11;0;0.0;0.0
80;2021-01-02;0;0;11;0;0.0;0.0
80;2021-01-03;1;0;12;0;0.0;0.0
80;2021-01-04;0;0;12;0;0.0;0.0
80;2021-01-05;0;0;12;0;0.0;0.0
80;2021-01-06;30;0;42;0;0.0;0.0
80;2021-01-07;276;2;318;2;0.1;0.0
80;2021-01-08;330;0;648;2;0.1;0.0
80;2021-01-09;108;0;756;2;0.1;0.0
80;2021-01-10;21;0;777;2;0.1;0.0
80;2021-01-11;276;0;1053;2;0.2;0.0
80;2021-01-12;428;1;1481;3;0.3;0.0
80;2021-01-13;514;3;1995;6;0.4;0.0
80;2021-01-14;453;4;2448;10;0.4;0.0
80;2021-01-15;330;1;2778;11;0.5;0.0
80;2021-01-16;103;1;2881;12;0.5;0.0
80;2021-01-17;102;1;2983;13;0.5;0.0
80;2021-01-18;412;2;3395;15;0.6;0.0
80;2021-01-19;962;16;4357;31;0.8;0.0
80;2021-01-20;1086;9;5443;40;1.0;0.0
80;2021-01-21;1010;9;6453;49;1.1;0.0
80;2021-01-22;1113;4;7566;53;1.3;0.0
80;2021-01-23;908;2;8474;55;1.5;0.0
80;2021-01-24;824;5;9298;60;1.6;0.0
80;2021-01-25;1541;9;10839;69;1.9;0.0
80;2021-01-26;1480;11;12319;80;2.2;0.0
80;2021-01-27;822;27;13141;107;2.3;0.0
80;2021-01-28;623;173;13764;280;2.4;0.0
80;2021-01-29;637;217;14401;497;2.5;0.1
80;2021-01-30;85;59;14486;556;2.5;0.1
80;2021-01-31;0;0;14486;556;2.5;0.1
80;2021-02-01;26;254;14512;810;2.5;0.1
80;2021-02-02;21;444;14533;1254;2.6;0.2
80;2021-02-03;29;542;14562;1796;2.6;0.3
80;2021-02-04;278;349;14840;2145;2.6;0.4
80;2021-02-05;347;211;15187;2356;2.7;0.4
80;2021-02-06;168;69;15355;2425;2.7;0.4
80;2021-02-07;1;0;15356;2425;2.7;0.4
80;2021-02-08;426;241;15782;2666;2.8;0.5
80;2021-02-09;686;244;16468;2910;2.9;0.5
80;2021-02-10;606;496;17074;3406;3.0;0.6
80;2021-02-11;861;352;17935;3758;3.1;0.7
80;2021-02-12;944;314;18879;4072;3.3;0.7
80;2021-02-13;196;427;19075;4499;3.3;0.8
80;2021-02-14;78;572;19153;5071;3.4;0.9
80;2021-02-15;606;1017;19759;6088;3.5;1.1
80;2021-02-16;688;1133;20447;7221;3.6;1.3
80;2021-02-17;485;1175;20932;8396;3.7;1.5
80;2021-02-18;569;1137;21501;9533;3.8;1.7
80;2021-02-19;503;849;22004;10382;3.9;1.8
80;2021-02-20;22;511;22026;10893;3.9;1.9
80;2021-02-21;47;46;22073;10939;3.9;1.9
80;2021-02-22;149;576;22222;11515;3.9;2.0
80;2021-02-23;471;690;22693;12205;4.0;2.1
80;2021-02-24;431;677;23124;12882;4.1;2.3
80;2021-02-25;815;538;23939;13420;4.2;2.4
80;2021-02-26;1063;521;25002;13941;4.4;2.4
80;2021-02-27;476;72;25478;14013;4.5;2.5
80;2021-02-28;49;24;25527;14037;4.5;2.5
80;2021-03-01;728;68;26255;14105;4.6;2.5
80;2021-03-02;1014;92;27269;14197;4.8;2.5
80;2021-03-03;982;56;28251;14253;5.0;2.5
80;2021-03-04;1391;238;29642;14491;5.2;2.5
80;2021-03-05;1874;331;31516;14822;5.5;2.6
80;2021-03-06;2918;333;34434;15155;6.0;2.7
80;2021-03-07;1842;82;36276;15237;6.4;2.7
80;2021-03-08;715;609;36991;15846;6.5;2.8
80;2021-03-09;1310;910;38301;16756;6.7;2.9
80;2021-03-10;1724;753;40025;17509;7.0;3.1
80;2021-03-11;1910;823;41935;18332;7.4;3.2
80;2021-03-12;3138;744;45073;19076;7.9;3.3
80;2021-03-13;4006;206;49079;19282;8.6;3.4
80;2021-03-14;350;14;49429;19296;8.7;3.4
80;2021-03-15;1014;248;50443;19544;8.9;3.4
80;2021-03-16;882;345;51325;19889;9.0;3.5
80;2021-03-17;665;278;51990;20167;9.1;3.5
80;2021-03-18;1002;297;52992;20464;9.3;3.6
80;2021-03-19;1738;383;54730;20847;9.6;3.7
80;2021-03-20;3822;115;58552;20962;10.3;3.7
80;2021-03-21;486;31;59038;20993;10.4;3.7
80;2021-03-22;903;290;59941;21283;10.5;3.7
80;2021-03-23;1713;416;61654;21699;10.8;3.8
80;2021-03-24;1755;465;63409;22164;11.1;3.9
80;2021-03-25;2714;450;66123;22614;11.6;4.0
80;2021-03-26;3104;422;69227;23036;12.2;4.0
80;2021-03-27;2235;226;71462;23262;12.5;4.1
80;2021-03-28;676;95;72138;23357;12.7;4.1
80;2021-03-29;1980;753;74118;24110;13.0;4.2
80;2021-03-30;1970;871;76088;24981;13.4;4.4
80;2021-03-31;1495;982;77583;25963;13.6;4.6
80;2021-04-01;1952;1489;79535;27452;14.0;4.8
80;2021-04-02;2811;1574;82346;29026;14.5;5.1
80;2021-04-03;3046;856;85392;29882;15.0;5.2
80;2021-04-04;134;8;85526;29890;15.0;5.2
80;2021-04-05;684;199;86210;30089;15.1;5.3
80;2021-04-06;1280;965;87490;31054;15.4;5.5
80;2021-04-07;1624;1201;89114;32255;15.6;5.7
80;2021-04-08;2154;841;91268;33096;16.0;5.8
80;2021-04-09;3529;1347;94797;34443;16.6;6.0
80;2021-04-10;2738;1945;97535;36388;17.1;6.4
80;2021-04-11;189;176;97724;36564;17.2;6.4
80;2021-04-12;1813;486;99537;37050;17.5;6.5
80;2021-04-13;2384;1035;101921;38085;17.9;6.7
80;2021-04-14;2769;1147;104690;39232;18.4;6.9
80;2021-04-15;3731;870;108421;40102;19.0;7.0
80;2021-04-16;3337;872;111758;40974;19.6;7.2
80;2021-04-17;1653;2297;113411;43271;19.9;7.6
80;2021-04-18;372;390;113783;43661;20.0;7.7
80;2021-04-19;951;773;114734;44434;20.1;7.8
80;2021-04-20;1612;817;116346;45251;20.4;7.9
80;2021-04-21;1612;998;117958;46249;20.7;8.1
80;2021-04-22;2166;1251;120124;47500;21.1;8.3
80;2021-04-23;2638;1247;122762;48747;21.5;8.6
80;2021-04-24;1358;1191;124120;49938;21.8;8.8
80;2021-04-25;209;532;124329;50470;21.8;8.9
80;2021-04-26;1295;1444;125624;51914;22.0;9.1
80;2021-04-27;2024;1397;127648;53311;22.4;9.4
80;2021-04-28;2199;1395;129847;54706;22.8;9.6
80;2021-04-29;3218;1882;133065;56588;23.4;9.9
80;2021-04-30;3081;2856;136146;59444;23.9;10.4
80;2021-05-01;987;658;137133;60102;24.1;10.5
80;2021-05-02;371;53;137504;60155;24.1;10.6
80;2021-05-03;2722;1185;140226;61340;24.6;10.8
80;2021-05-04;2496;1707;142722;63047;25.0;11.1
80;2021-05-05;3365;1896;146087;64943;25.6;11.4
80;2021-05-06;3172;2553;149259;67496;26.2;11.8
80;2021-05-07;3455;2696;152714;70192;26.8;12.3
80;2021-05-08;2783;928;155497;71120;27.3;12.5
80;2021-05-09;1408;268;156905;71388;27.5;12.5
80;2021-05-10;1881;1833;158786;73221;27.9;12.9
80;2021-05-11;3276;1803;162062;75024;28.4;13.2
80;2021-05-12;4703;1575;166765;76599;29.3;13.4
80;2021-05-13;3836;368;170601;76967;29.9;13.5
80;2021-05-14;5189;1402;175790;78369;30.9;13.8
80;2021-05-15;5918;1055;181708;79424;31.9;13.9
80;2021-05-16;2678;308;184386;79732;32.4;14.0
80;2021-05-17;2372;818;186758;80550;32.8;14.1
80;2021-05-18;3948;855;190706;81405;33.5;14.3
80;2021-05-19;4020;945;194726;82350;34.2;14.5
80;2021-05-20;4569;1220;199295;83570;35.0;14.7
80;2021-05-21;4892;1672;204187;85242;35.8;15.0
80;2021-05-22;5032;1156;209219;86398;36.7;15.2
80;2021-05-23;1783;241;211002;86639;37.0;15.2
80;2021-05-24;1468;159;212470;86798;37.3;15.2
80;2021-05-25;2622;1135;215092;87933;37.8;15.4
80;2021-05-26;4250;1703;219342;89636;38.5;15.7
80;2021-05-27;3978;2470;223320;92106;39.2;16.2
80;2021-05-28;3866;2980;227186;95086;39.9;16.7
80;2021-05-29;3699;1634;230885;96720;40.5;17.0
80;2021-05-30;1182;198;232067;96918;40.7;17.0
80;2021-05-31;2604;1374;234671;98292;41.2;17.3
80;2021-06-01;4032;2435;238703;100727;41.9;17.7
80;2021-06-02;3336;2008;242039;102735;42.5;18.0
80;2021-06-03;4267;2931;246306;105666;43.2;18.5
80;2021-06-04;4794;3085;251100;108751;44.1;19.1
80;2021-06-05;3561;2078;254661;110829;44.7;19.5
80;2021-06-06;802;211;255463;111040;44.8;19.5
80;2021-06-07;1752;1945;257215;112985;45.1;19.8
80;2021-06-08;2746;2559;259961;115544;45.6;20.3
80;2021-06-09;3009;2733;262970;118277;46.2;20.8
80;2021-06-10;3168;3171;266138;121448;46.7;21.3
80;2021-06-11;3224;3894;269362;125342;47.3;22.0
80;2021-06-12;3043;2327;272405;127669;47.8;22.4
80;2021-06-13;473;405;272878;128074;47.9;22.5
80;2021-06-14;1265;2851;274143;130925;48.1;23.0
80;2021-06-15;2314;3422;276457;134347;48.5;23.6
80;2021-06-16;1563;4214;278020;138561;48.8;24.3
80;2021-06-17;2362;3625;280382;142186;49.2;25.0
80;2021-06-18;2554;3906;282936;146092;49.7;25.6
80;2021-06-19;2989;4342;285925;150434;50.2;26.4
80;2021-06-20;203;1077;286128;151511;50.2;26.6
80;2021-06-21;1016;2619;287144;154130;50.4;27.1
80;2021-06-22;1151;3935;288295;158065;50.6;27.7
80;2021-06-23;1855;5291;290150;163356;50.9;28.7
80;2021-06-24;1702;4687;291852;168043;51.2;29.5
80;2021-06-25;1375;6124;293227;174167;51.5;30.6
80;2021-06-26;1936;6181;295163;180348;51.8;31.7
80;2021-06-27;332;2031;295495;182379;51.9;32.0
80;2021-06-28;909;3169;296404;185548;52.0;32.6
80;2021-06-29;1922;4620;298326;190168;52.4;33.4
80;2021-06-30;1250;4781;299576;194949;52.6;34.2
80;2021-07-01;1631;4997;301207;199946;52.9;35.1
80;2021-07-02;1881;5987;303088;205933;53.2;36.1
80;2021-07-03;1331;5268;304419;211201;53.4;37.1
80;2021-07-04;692;1469;305111;212670;53.5;37.3
80;2021-07-05;906;2963;306017;215633;53.7;37.8
80;2021-07-06;1873;3986;307890;219619;54.0;38.5
80;2021-07-07;1577;4507;309467;224126;54.3;39.3
80;2021-07-08;2097;5004;311564;229130;54.7;40.2
80;2021-07-09;2619;5468;314183;234598;55.1;41.2
80;2021-07-10;1634;4018;315817;238616;55.4;41.9
80;2021-07-11;406;804;316223;239420;55.5;42.0
80;2021-07-12;882;3379;317105;242799;55.7;42.6
80;2021-07-13;2100;5085;319205;247884;56.0;43.5
80;2021-07-14;2802;1744;322007;249628;56.5;43.8
80;2021-07-15;2810;5297;324817;254925;57.0;44.7
80;2021-07-16;3895;5889;328712;260814;57.7;45.8
80;2021-07-17;3381;4461;332093;265275;58.3;46.6
80;2021-07-18;875;895;332968;266170;58.4;46.7
80;2021-07-19;2163;2882;335131;269052;58.8;47.2
80;2021-07-20;3330;4903;338461;273955;59.4;48.1
80;2021-07-21;3508;4491;341969;278446;60.0;48.9
80;2021-07-22;4372;4573;346341;283019;60.8;49.7
80;2021-07-23;5404;4826;351745;287845;61.7;50.5
80;2021-07-24;4370;4342;356115;292187;62.5;51.3
80;2021-07-25;1185;649;357300;292836;62.7;51.4
80;2021-07-26;2681;2333;359981;295169;63.2;51.8
80;2021-07-27;4368;3708;364349;298877;63.9;52.5
80;2021-07-28;5096;2798;369445;301675;64.8;52.9
80;2021-07-29;4982;3229;374427;304904;65.7;53.5
80;2021-07-30;5027;3637;379454;308541;66.6;54.2
80;2021-07-31;4147;2927;383601;311468;67.3;54.7
80;2021-08-01;1287;362;384888;311830;67.6;54.7
80;2021-08-02;2055;1758;386943;313588;67.9;55.0
80;2021-08-03;3709;2362;390652;315950;68.6;55.5
80;2021-08-04;3362;2492;394014;318442;69.2;55.9
80;2021-08-05;3124;2568;397138;321010;69.7;56.3
80;2021-08-06;3230;2905;400368;323915;70.3;56.9
80;2021-08-07;2411;2658;402779;326573;70.7;57.3
80;2021-08-08;615;720;403394;327293;70.8;57.4
80;2021-08-09;1381;2121;404775;329414;71.0;57.8
80;2021-08-10;2335;2849;407110;332263;71.5;58.3
80;2021-08-11;1933;2482;409043;334745;71.8;58.8
80;2021-08-12;2236;2672;411279;337417;72.2;59.2
80;2021-08-13;1879;3153;413158;340570;72.5;59.8
80;2021-08-14;1411;2143;414569;342713;72.8;60.1
80;2021-08-15;318;671;414887;343384;72.8;60.3
80;2021-08-16;894;2521;415781;345905;73.0;60.7
80;2021-08-17;1703;3547;417484;349452;73.3;61.3
80;2021-08-18;1232;3708;418716;353160;73.5;62.0
80;2021-08-19;1559;3817;420275;356977;73.8;62.7
80;2021-08-20;1255;4425;421530;361402;74.0;63.4
80;2021-08-21;1068;2682;422598;364084;74.2;63.9
80;2021-08-22;145;678;422743;364762;74.2;64.0
80;2021-08-23;575;2995;423318;367757;74.3;64.5
80;2021-08-24;1089;4362;424407;372119;74.5;65.3
80;2021-08-25;969;3671;425376;375790;74.7;66.0
80;2021-08-26;951;3810;426327;379600;74.8;66.6
81;2020-12-27;0;0;0;0;0.0;0.0
81;2020-12-28;0;0;0;0;0.0;0.0
81;2020-12-29;0;0;0;0;0.0;0.0
81;2020-12-30;0;0;0;0;0.0;0.0
81;2020-12-31;0;0;0;0;0.0;0.0
81;2021-01-01;0;0;0;0;0.0;0.0
81;2021-01-02;0;0;0;0;0.0;0.0
81;2021-01-03;0;0;0;0;0.0;0.0
81;2021-01-04;1;0;1;0;0.0;0.0
81;2021-01-05;0;0;1;0;0.0;0.0
81;2021-01-06;5;0;6;0;0.0;0.0
81;2021-01-07;266;0;272;0;0.1;0.0
81;2021-01-08;312;1;584;1;0.2;0.0
81;2021-01-09;74;1;658;2;0.2;0.0
81;2021-01-10;1;0;659;2;0.2;0.0
81;2021-01-11;133;0;792;2;0.2;0.0
81;2021-01-12;167;0;959;2;0.2;0.0
81;2021-01-13;233;1;1192;3;0.3;0.0
81;2021-01-14;963;8;2155;11;0.6;0.0
81;2021-01-15;524;2;2679;13;0.7;0.0
81;2021-01-16;72;0;2751;13;0.7;0.0
81;2021-01-17;0;0;2751;13;0.7;0.0
81;2021-01-18;580;3;3331;16;0.9;0.0
81;2021-01-19;662;4;3993;20;1.0;0.0
81;2021-01-20;752;2;4745;22;1.2;0.0
81;2021-01-21;1179;5;5924;27;1.5;0.0
81;2021-01-22;855;2;6779;29;1.7;0.0
81;2021-01-23;221;2;7000;31;1.8;0.0
81;2021-01-24;102;0;7102;31;1.8;0.0
81;2021-01-25;568;3;7670;34;2.0;0.0
81;2021-01-26;634;5;8304;39;2.1;0.0
81;2021-01-27;551;4;8855;43;2.3;0.0
81;2021-01-28;700;209;9555;252;2.5;0.1
81;2021-01-29;302;183;9857;435;2.5;0.1
81;2021-01-30;204;37;10061;472;2.6;0.1
81;2021-01-31;104;1;10165;473;2.6;0.1
81;2021-02-01;320;128;10485;601;2.7;0.2
81;2021-02-02;446;142;10931;743;2.8;0.2
81;2021-02-03;476;223;11407;966;2.9;0.2
81;2021-02-04;1413;689;12820;1655;3.3;0.4
81;2021-02-05;869;315;13689;1970;3.5;0.5
81;2021-02-06;274;20;13963;1990;3.6;0.5
81;2021-02-07;103;0;14066;1990;3.6;0.5
81;2021-02-08;275;217;14341;2207;3.7;0.6
81;2021-02-09;419;219;14760;2426;3.8;0.6
81;2021-02-10;371;286;15131;2712;3.9;0.7
81;2021-02-11;651;389;15782;3101;4.1;0.8
81;2021-02-12;579;545;16361;3646;4.2;0.9
81;2021-02-13;188;156;16549;3802;4.3;1.0
81;2021-02-14;100;1;16649;3803;4.3;1.0
81;2021-02-15;234;483;16883;4286;4.4;1.1
81;2021-02-16;281;617;17164;4903;4.4;1.3
81;2021-02-17;242;521;17406;5424;4.5;1.4
81;2021-02-18;482;671;17888;6095;4.6;1.6
81;2021-02-19;567;410;18455;6505;4.8;1.7
81;2021-02-20;322;281;18777;6786;4.8;1.7
81;2021-02-21;23;80;18800;6866;4.8;1.8
81;2021-02-22;232;535;19032;7401;4.9;1.9
81;2021-02-23;168;592;19200;7993;4.9;2.1
81;2021-02-24;291;630;19491;8623;5.0;2.2
81;2021-02-25;716;1054;20207;9677;5.2;2.5
81;2021-02-26;909;956;21116;10633;5.4;2.7
81;2021-02-27;275;242;21391;10875;5.5;2.8
81;2021-02-28;21;88;21412;10963;5.5;2.8
81;2021-03-01;208;410;21620;11373;5.6;2.9
81;2021-03-02;364;544;21984;11917;5.7;3.1
81;2021-03-03;462;423;22446;12340;5.8;3.2
81;2021-03-04;1061;459;23507;12799;6.1;3.3
81;2021-03-05;1407;397;24914;13196;6.4;3.4
81;2021-03-06;981;167;25895;13363;6.7;3.4
81;2021-03-07;154;102;26049;13465;6.7;3.5
81;2021-03-08;465;359;26514;13824;6.8;3.6
81;2021-03-09;813;364;27327;14188;7.0;3.7
81;2021-03-10;899;393;28226;14581;7.3;3.8
81;2021-03-11;1352;359;29578;14940;7.6;3.9
81;2021-03-12;1690;303;31268;15243;8.1;3.9
81;2021-03-13;1030;188;32298;15431;8.3;4.0
81;2021-03-14;66;82;32364;15513;8.3;4.0
81;2021-03-15;1093;225;33457;15738;8.6;4.1
81;2021-03-16;724;227;34181;15965;8.8;4.1
81;2021-03-17;893;280;35074;16245;9.0;4.2
81;2021-03-18;969;577;36043;16822;9.3;4.3
81;2021-03-19;1271;458;37314;17280;9.6;4.5
81;2021-03-20;676;285;37990;17565;9.8;4.5
81;2021-03-21;139;22;38129;17587;9.8;4.5
81;2021-03-22;933;279;39062;17866;10.1;4.6
81;2021-03-23;1421;224;40483;18090;10.4;4.7
81;2021-03-24;1606;264;42089;18354;10.9;4.7
81;2021-03-25;2028;326;44117;18680;11.4;4.8
81;2021-03-26;2102;283;46219;18963;11.9;4.9
81;2021-03-27;1092;37;47311;19000;12.2;4.9
81;2021-03-28;734;40;48045;19040;12.4;4.9
81;2021-03-29;2867;184;50912;19224;13.1;5.0
81;2021-03-30;3055;211;53967;19435;13.9;5.0
81;2021-03-31;2690;298;56657;19733;14.6;5.1
81;2021-04-01;3313;562;59970;20295;15.5;5.2
81;2021-04-02;2612;370;62582;20665;16.1;5.3
81;2021-04-03;1147;304;63729;20969;16.4;5.4
81;2021-04-04;1403;24;65132;20993;16.8;5.4
81;2021-04-05;718;18;65850;21011;17.0;5.4
81;2021-04-06;1597;511;67447;21522;17.4;5.5
81;2021-04-07;1815;584;69262;22106;17.9;5.7
81;2021-04-08;2615;819;71877;22925;18.5;5.9
81;2021-04-09;3051;475;74928;23400;19.3;6.0
81;2021-04-10;1476;513;76404;23913;19.7;6.2
81;2021-04-11;1298;68;77702;23981;20.0;6.2
81;2021-04-12;1220;685;78922;24666;20.3;6.4
81;2021-04-13;2529;792;81451;25458;21.0;6.6
81;2021-04-14;2507;834;83958;26292;21.6;6.8
81;2021-04-15;3098;1201;87056;27493;22.4;7.1
81;2021-04-16;2821;1089;89877;28582;23.2;7.4
81;2021-04-17;1145;296;91022;28878;23.5;7.4
81;2021-04-18;519;146;91541;29024;23.6;7.5
81;2021-04-19;913;823;92454;29847;23.8;7.7
81;2021-04-20;2270;1170;94724;31017;24.4;8.0
81;2021-04-21;2224;1006;96948;32023;25.0;8.3
81;2021-04-22;2817;1058;99765;33081;25.7;8.5
81;2021-04-23;2883;969;102648;34050;26.5;8.8
81;2021-04-24;1327;743;103975;34793;26.8;9.0
81;2021-04-25;454;716;104429;35509;26.9;9.2
81;2021-04-26;1059;2422;105488;37931;27.2;9.8
81;2021-04-27;1597;2352;107085;40283;27.6;10.4
81;2021-04-28;1426;2397;108511;42680;28.0;11.0
81;2021-04-29;1818;2748;110329;45428;28.4;11.7
81;2021-04-30;2014;2352;112343;47780;29.0;12.3
81;2021-05-01;362;685;112705;48465;29.1;12.5
81;2021-05-02;291;1379;112996;49844;29.1;12.8
81;2021-05-03;1116;1169;114112;51013;29.4;13.2
81;2021-05-04;2622;1911;116734;52924;30.1;13.6
81;2021-05-05;2015;1932;118749;54856;30.6;14.1
81;2021-05-06;2748;3457;121497;58313;31.3;15.0
81;2021-05-07;2128;2882;123625;61195;31.9;15.8
81;2021-05-08;963;878;124588;62073;32.1;16.0
81;2021-05-09;534;1352;125122;63425;32.3;16.4
81;2021-05-10;825;1601;125947;65026;32.5;16.8
81;2021-05-11;1661;2576;127608;67602;32.9;17.4
81;2021-05-12;1640;2466;129248;70068;33.3;18.1
81;2021-05-13;1216;564;130464;70632;33.6;18.2
81;2021-05-14;1890;1724;132354;72356;34.1;18.7
81;2021-05-15;1511;621;133865;72977;34.5;18.8
81;2021-05-16;1368;415;135233;73392;34.9;18.9
81;2021-05-17;1167;864;136400;74256;35.2;19.1
81;2021-05-18;1701;1430;138101;75686;35.6;19.5
81;2021-05-19;2643;1244;140744;76930;36.3;19.8
81;2021-05-20;2968;1351;143712;78281;37.0;20.2
81;2021-05-21;2739;1117;146451;79398;37.8;20.5
81;2021-05-22;2815;520;149266;79918;38.5;20.6
81;2021-05-23;1178;74;150444;79992;38.8;20.6
81;2021-05-24;837;81;151281;80073;39.0;20.6
81;2021-05-25;2493;1107;153774;81180;39.6;20.9
81;2021-05-26;1891;800;155665;81980;40.1;21.1
81;2021-05-27;2555;1547;158220;83527;40.8;21.5
81;2021-05-28;2566;1663;160786;85190;41.5;22.0
81;2021-05-29;1400;542;162186;85732;41.8;22.1
81;2021-05-30;935;219;163121;85951;42.1;22.2
81;2021-05-31;1183;1340;164304;87291;42.4;22.5
81;2021-06-01;1781;2696;166085;89987;42.8;23.2
81;2021-06-02;2006;2448;168091;92435;43.3;23.8
81;2021-06-03;2004;2534;170095;94969;43.9;24.5
81;2021-06-04;1845;2948;171940;97917;44.3;25.2
81;2021-06-05;1757;1307;173697;99224;44.8;25.6
81;2021-06-06;370;366;174067;99590;44.9;25.7
81;2021-06-07;1209;1540;175276;101130;45.2;26.1
81;2021-06-08;2371;2388;177647;103518;45.8;26.7
81;2021-06-09;2440;1869;180087;105387;46.4;27.2
81;2021-06-10;1279;1564;181366;106951;46.8;27.6
81;2021-06-11;2654;2202;184020;109153;47.4;28.1
81;2021-06-12;1659;1038;185679;110191;47.9;28.4
81;2021-06-13;444;475;186123;110666;48.0;28.5
81;2021-06-14;774;1420;186897;112086;48.2;28.9
81;2021-06-15;1678;3501;188575;115587;48.6;29.8
81;2021-06-16;1269;3013;189844;118600;48.9;30.6
81;2021-06-17;1344;2525;191188;121125;49.3;31.2
81;2021-06-18;1837;2772;193025;123897;49.8;31.9
81;2021-06-19;825;949;193850;124846;50.0;32.2
81;2021-06-20;405;536;194255;125382;50.1;32.3
81;2021-06-21;426;1040;194681;126422;50.2;32.6
81;2021-06-22;1061;2566;195742;128988;50.5;33.3
81;2021-06-23;1142;2157;196884;131145;50.8;33.8
81;2021-06-24;1115;1938;197999;133083;51.0;34.3
81;2021-06-25;1241;2868;199240;135951;51.4;35.0
81;2021-06-26;722;1712;199962;137663;51.6;35.5
81;2021-06-27;526;1646;200488;139309;51.7;35.9
81;2021-06-28;476;1541;200964;140850;51.8;36.3
81;2021-06-29;1083;2638;202047;143488;52.1;37.0
81;2021-06-30;1042;3155;203089;146643;52.4;37.8
81;2021-07-01;880;2628;203969;149271;52.6;38.5
81;2021-07-02;989;2858;204958;152129;52.8;39.2
81;2021-07-03;732;2829;205690;154958;53.0;39.9
81;2021-07-04;268;1010;205958;155968;53.1;40.2
81;2021-07-05;703;1624;206661;157592;53.3;40.6
81;2021-07-06;974;3177;207635;160769;53.5;41.4
81;2021-07-07;1059;2441;208694;163210;53.8;42.1
81;2021-07-08;1030;2234;209724;165444;54.1;42.7
81;2021-07-09;1147;2703;210871;168147;54.4;43.3
81;2021-07-10;807;1523;211678;169670;54.6;43.7
81;2021-07-11;436;1012;212114;170682;54.7;44.0
81;2021-07-12;737;1726;212851;172408;54.9;44.4
81;2021-07-13;2065;3143;214916;175551;55.4;45.3
81;2021-07-14;1443;1571;216359;177122;55.8;45.7
81;2021-07-15;2546;2760;218905;179882;56.4;46.4
81;2021-07-16;2026;3031;220931;182913;57.0;47.2
81;2021-07-17;1219;2455;222150;185368;57.3;47.8
81;2021-07-18;672;1130;222822;186498;57.4;48.1
81;2021-07-19;1253;1732;224075;188230;57.8;48.5
81;2021-07-20;3065;2809;227140;191039;58.6;49.2
81;2021-07-21;3493;2345;230633;193384;59.5;49.9
81;2021-07-22;3556;2094;234189;195478;60.4;50.4
81;2021-07-23;3173;3246;237362;198724;61.2;51.2
81;2021-07-24;2518;1721;239880;200445;61.8;51.7
81;2021-07-25;1685;708;241565;201153;62.3;51.9
81;2021-07-26;2011;1543;243576;202696;62.8;52.3
81;2021-07-27;3617;2540;247193;205236;63.7;52.9
81;2021-07-28;3048;2199;250241;207435;64.5;53.5
81;2021-07-29;3352;1778;253593;209213;65.4;53.9
81;2021-07-30;2817;2264;256410;211477;66.1;54.5
81;2021-07-31;1947;1010;258357;212487;66.6;54.8
81;2021-08-01;835;635;259192;213122;66.8;54.9
81;2021-08-02;1072;988;260264;214110;67.1;55.2
81;2021-08-03;2315;2116;262579;216226;67.7;55.7
81;2021-08-04;2023;1533;264602;217759;68.2;56.1
81;2021-08-05;1524;1875;266126;219634;68.6;56.6
81;2021-08-06;1721;1974;267847;221608;69.1;57.1
81;2021-08-07;979;1041;268826;222649;69.3;57.4
81;2021-08-08;437;709;269263;223358;69.4;57.6
81;2021-08-09;800;658;270063;224016;69.6;57.8
81;2021-08-10;1599;2754;271662;226770;70.0;58.5
81;2021-08-11;1106;2405;272768;229175;70.3;59.1
81;2021-08-12;1037;2246;273805;231421;70.6;59.7
81;2021-08-13;871;2470;274676;233891;70.8;60.3
81;2021-08-14;492;1873;275168;235764;70.9;60.8
81;2021-08-15;141;1100;275309;236864;71.0;61.1
81;2021-08-16;625;1820;275934;238684;71.1;61.5
81;2021-08-17;1335;3099;277269;241783;71.5;62.3
81;2021-08-18;1054;2359;278323;244142;71.8;62.9
81;2021-08-19;937;2264;279260;246406;72.0;63.5
81;2021-08-20;911;2350;280171;248756;72.2;64.1
81;2021-08-21;465;1534;280636;250290;72.3;64.5
81;2021-08-22;184;929;280820;251219;72.4;64.8
81;2021-08-23;481;1264;281301;252483;72.5;65.1
81;2021-08-24;836;2533;282137;255016;72.7;65.7
81;2021-08-25;695;2051;282832;257067;72.9;66.3
81;2021-08-26;847;2105;283679;259172;73.1;66.8
82;2020-12-27;0;0;0;0;0.0;0.0
82;2020-12-28;2;0;2;0;0.0;0.0
82;2020-12-29;0;0;2;0;0.0;0.0
82;2020-12-30;0;0;2;0;0.0;0.0
82;2020-12-31;0;0;2;0;0.0;0.0
82;2021-01-01;0;0;2;0;0.0;0.0
82;2021-01-02;0;0;2;0;0.0;0.0
82;2021-01-03;0;0;2;0;0.0;0.0
82;2021-01-04;0;0;2;0;0.0;0.0
82;2021-01-05;86;0;88;0;0.0;0.0
82;2021-01-06;1;0;89;0;0.0;0.0
82;2021-01-07;75;0;164;0;0.1;0.0
82;2021-01-08;46;0;210;0;0.1;0.0
82;2021-01-09;77;0;287;0;0.1;0.0
82;2021-01-10;0;0;287;0;0.1;0.0
82;2021-01-11;94;0;381;0;0.1;0.0
82;2021-01-12;284;0;665;0;0.3;0.0
82;2021-01-13;336;1;1001;1;0.4;0.0
82;2021-01-14;442;3;1443;4;0.5;0.0
82;2021-01-15;612;2;2055;6;0.8;0.0
82;2021-01-16;230;3;2285;9;0.9;0.0
82;2021-01-17;89;0;2374;9;0.9;0.0
82;2021-01-18;433;0;2807;9;1.1;0.0
82;2021-01-19;482;1;3289;10;1.3;0.0
82;2021-01-20;663;2;3952;12;1.5;0.0
82;2021-01-21;447;1;4399;13;1.7;0.0
82;2021-01-22;483;2;4882;15;1.9;0.0
82;2021-01-23;151;0;5033;15;1.9;0.0
82;2021-01-24;0;0;5033;15;1.9;0.0
82;2021-01-25;376;0;5409;15;2.1;0.0
82;2021-01-26;468;0;5877;15;2.2;0.0
82;2021-01-27;519;0;6396;15;2.4;0.0
82;2021-01-28;586;34;6982;49;2.7;0.0
82;2021-01-29;405;108;7387;157;2.8;0.1
82;2021-01-30;44;22;7431;179;2.8;0.1
82;2021-01-31;0;0;7431;179;2.8;0.1
82;2021-02-01;294;55;7725;234;2.9;0.1
82;2021-02-02;344;100;8069;334;3.1;0.1
82;2021-02-03;462;66;8531;400;3.2;0.2
82;2021-02-04;765;219;9296;619;3.5;0.2
82;2021-02-05;480;147;9776;766;3.7;0.3
82;2021-02-06;93;39;9869;805;3.8;0.3
82;2021-02-07;29;79;9898;884;3.8;0.3
82;2021-02-08;149;224;10047;1108;3.8;0.4
82;2021-02-09;238;393;10285;1501;3.9;0.6
82;2021-02-10;271;600;10556;2101;4.0;0.8
82;2021-02-11;225;401;10781;2502;4.1;1.0
82;2021-02-12;190;610;10971;3112;4.2;1.2
82;2021-02-13;60;118;11031;3230;4.2;1.2
82;2021-02-14;4;81;11035;3311;4.2;1.3
82;2021-02-15;217;305;11252;3616;4.3;1.4
82;2021-02-16;280;391;11532;4007;4.4;1.5
82;2021-02-17;359;525;11891;4532;4.5;1.7
82;2021-02-18;507;505;12398;5037;4.7;1.9
82;2021-02-19;490;540;12888;5577;4.9;2.1
82;2021-02-20;78;139;12966;5716;4.9;2.2
82;2021-02-21;0;0;12966;5716;4.9;2.2
82;2021-02-22;200;408;13166;6124;5.0;2.3
82;2021-02-23;277;469;13443;6593;5.1;2.5
82;2021-02-24;283;455;13726;7048;5.2;2.7
82;2021-02-25;637;508;14363;7556;5.5;2.9
82;2021-02-26;648;397;15011;7953;5.7;3.0
82;2021-02-27;214;74;15225;8027;5.8;3.1
82;2021-02-28;30;7;15255;8034;5.8;3.1
82;2021-03-01;291;229;15546;8263;5.9;3.1
82;2021-03-02;495;403;16041;8666;6.1;3.3
82;2021-03-03;440;387;16481;9053;6.3;3.4
82;2021-03-04;600;300;17081;9353;6.5;3.6
82;2021-03-05;680;382;17761;9735;6.8;3.7
82;2021-03-06;693;43;18454;9778;7.0;3.7
82;2021-03-07;302;3;18756;9781;7.1;3.7
82;2021-03-08;603;154;19359;9935;7.4;3.8
82;2021-03-09;582;258;19941;10193;7.6;3.9
82;2021-03-10;779;248;20720;10441;7.9;4.0
82;2021-03-11;975;283;21695;10724;8.3;4.1
82;2021-03-12;992;103;22687;10827;8.6;4.1
82;2021-03-13;564;53;23251;10880;8.9;4.1
82;2021-03-14;61;5;23312;10885;8.9;4.1
82;2021-03-15;485;326;23797;11211;9.1;4.3
82;2021-03-16;197;334;23994;11545;9.1;4.4
82;2021-03-17;191;294;24185;11839;9.2;4.5
82;2021-03-18;279;350;24464;12189;9.3;4.6
82;2021-03-19;533;314;24997;12503;9.5;4.8
82;2021-03-20;251;58;25248;12561;9.6;4.8
82;2021-03-21;23;0;25271;12561;9.6;4.8
82;2021-03-22;405;320;25676;12881;9.8;4.9
82;2021-03-23;601;314;26277;13195;10.0;5.0
82;2021-03-24;620;334;26897;13529;10.2;5.2
82;2021-03-25;928;244;27825;13773;10.6;5.2
82;2021-03-26;1216;270;29041;14043;11.1;5.3
82;2021-03-27;479;78;29520;14121;11.2;5.4
82;2021-03-28;136;2;29656;14123;11.3;5.4
82;2021-03-29;925;379;30581;14502;11.6;5.5
82;2021-03-30;1188;280;31769;14782;12.1;5.6
82;2021-03-31;1019;262;32788;15044;12.5;5.7
82;2021-04-01;1072;197;33860;15241;12.9;5.8
82;2021-04-02;1212;286;35072;15527;13.4;5.9
82;2021-04-03;715;131;35787;15658;13.6;6.0
82;2021-04-04;276;14;36063;15672;13.7;6.0
82;2021-04-05;388;20;36451;15692;13.9;6.0
82;2021-04-06;953;511;37404;16203;14.2;6.2
82;2021-04-07;1017;498;38421;16701;14.6;6.4
82;2021-04-08;1454;418;39875;17119;15.2;6.5
82;2021-04-09;1656;471;41531;17590;15.8;6.7
82;2021-04-10;1716;102;43247;17692;16.5;6.7
82;2021-04-11;559;19;43806;17711;16.7;6.7
82;2021-04-12;1348;293;45154;18004;17.2;6.9
82;2021-04-13;1625;272;46779;18276;17.8;7.0
82;2021-04-14;1410;297;48189;18573;18.3;7.1
82;2021-04-15;1781;324;49970;18897;19.0;7.2
82;2021-04-16;1541;332;51511;19229;19.6;7.3
82;2021-04-17;1243;70;52754;19299;20.1;7.3
82;2021-04-18;561;15;53315;19314;20.3;7.4
82;2021-04-19;958;359;54273;19673;20.7;7.5
82;2021-04-20;1268;403;55541;20076;21.1;7.6
82;2021-04-21;1219;374;56760;20450;21.6;7.8
82;2021-04-22;1452;294;58212;20744;22.2;7.9
82;2021-04-23;1075;682;59287;21426;22.6;8.2
82;2021-04-24;1188;264;60475;21690;23.0;8.3
82;2021-04-25;736;48;61211;21738;23.3;8.3
82;2021-04-26;748;808;61959;22546;23.6;8.6
82;2021-04-27;905;924;62864;23470;23.9;8.9
82;2021-04-28;921;899;63785;24369;24.3;9.3
82;2021-04-29;1107;912;64892;25281;24.7;9.6
82;2021-04-30;1041;888;65933;26169;25.1;10.0
82;2021-05-01;1143;258;67076;26427;25.5;10.1
82;2021-05-02;697;145;67773;26572;25.8;10.1
82;2021-05-03;410;1216;68183;27788;26.0;10.6
82;2021-05-04;864;1170;69047;28958;26.3;11.0
82;2021-05-05;568;1173;69615;30131;26.5;11.5
82;2021-05-06;848;1420;70463;31551;26.8;12.0
82;2021-05-07;734;1456;71197;33007;27.1;12.6
82;2021-05-08;935;520;72132;33527;27.5;12.8
82;2021-05-09;753;579;72885;34106;27.8;13.0
82;2021-05-10;850;1365;73735;35471;28.1;13.5
82;2021-05-11;1158;1349;74893;36820;28.5;14.0
82;2021-05-12;1016;1345;75909;38165;28.9;14.5
82;2021-05-13;1454;432;77363;38597;29.5;14.7
82;2021-05-14;1691;1238;79054;39835;30.1;15.2
82;2021-05-15;1935;698;80989;40533;30.8;15.4
82;2021-05-16;558;115;81547;40648;31.1;15.5
82;2021-05-17;1090;1173;82637;41821;31.5;15.9
82;2021-05-18;1466;1190;84103;43011;32.0;16.4
82;2021-05-19;1271;978;85374;43989;32.5;16.8
82;2021-05-20;1408;1161;86782;45150;33.0;17.2
82;2021-05-21;1411;1218;88193;46368;33.6;17.7
82;2021-05-22;2069;631;90262;46999;34.4;17.9
82;2021-05-23;705;117;90967;47116;34.6;17.9
82;2021-05-24;1441;265;92408;47381;35.2;18.0
82;2021-05-25;1445;964;93853;48345;35.7;18.4
82;2021-05-26;1413;922;95266;49267;36.3;18.8
82;2021-05-27;1460;1025;96726;50292;36.8;19.2
82;2021-05-28;1540;1145;98266;51437;37.4;19.6
82;2021-05-29;1496;546;99762;51983;38.0;19.8
82;2021-05-30;402;101;100164;52084;38.1;19.8
82;2021-05-31;1491;991;101655;53075;38.7;20.2
82;2021-06-01;1751;1052;103406;54127;39.4;20.6
82;2021-06-02;1475;1007;104881;55134;39.9;21.0
82;2021-06-03;1490;1184;106371;56318;40.5;21.4
82;2021-06-04;2250;1310;108621;57628;41.4;21.9
82;2021-06-05;2271;987;110892;58615;42.2;22.3
82;2021-06-06;329;133;111221;58748;42.4;22.4
82;2021-06-07;958;1275;112179;60023;42.7;22.9
82;2021-06-08;1445;1141;113624;61164;43.3;23.3
82;2021-06-09;1709;1143;115333;62307;43.9;23.7
82;2021-06-10;1441;1208;116774;63515;44.5;24.2
82;2021-06-11;1922;1125;118696;64640;45.2;24.6
82;2021-06-12;2392;1396;121088;66036;46.1;25.1
82;2021-06-13;379;113;121467;66149;46.3;25.2
82;2021-06-14;1212;1082;122679;67231;46.7;25.6
82;2021-06-15;1462;1245;124141;68476;47.3;26.1
82;2021-06-16;1751;1168;125892;69644;47.9;26.5
82;2021-06-17;1219;1472;127111;71116;48.4;27.1
82;2021-06-18;1469;1439;128580;72555;49.0;27.6
82;2021-06-19;2271;982;130851;73537;49.8;28.0
82;2021-06-20;268;174;131119;73711;49.9;28.1
82;2021-06-21;483;1360;131602;75071;50.1;28.6
82;2021-06-22;892;1709;132494;76780;50.5;29.2
82;2021-06-23;1238;1588;133732;78368;50.9;29.8
82;2021-06-24;757;1905;134489;80273;51.2;30.6
82;2021-06-25;741;1938;135230;82211;51.5;31.3
82;2021-06-26;1240;2144;136470;84355;52.0;32.1
82;2021-06-27;195;438;136665;84793;52.0;32.3
82;2021-06-28;330;1413;136995;86206;52.2;32.8
82;2021-06-29;518;1842;137513;88048;52.4;33.5
82;2021-06-30;948;1912;138461;89960;52.7;34.3
82;2021-07-01;659;1633;139120;91593;53.0;34.9
82;2021-07-02;931;2296;140051;93889;53.3;35.8
82;2021-07-03;859;2340;140910;96229;53.7;36.6
82;2021-07-04;120;439;141030;96668;53.7;36.8
82;2021-07-05;444;1561;141474;98229;53.9;37.4
82;2021-07-06;512;1866;141986;100095;54.1;38.1
82;2021-07-07;791;1777;142777;101872;54.4;38.8
82;2021-07-08;505;1503;143282;103375;54.6;39.4
82;2021-07-09;781;2153;144063;105528;54.9;40.2
82;2021-07-10;706;2216;144769;107744;55.1;41.0
82;2021-07-11;38;380;144807;108124;55.1;41.2
82;2021-07-12;579;1884;145386;110008;55.4;41.9
82;2021-07-13;714;2004;146100;112012;55.6;42.7
82;2021-07-14;617;741;146717;112753;55.9;42.9
82;2021-07-15;858;1753;147575;114506;56.2;43.6
82;2021-07-16;1438;2638;149013;117144;56.7;44.6
82;2021-07-17;561;2186;149574;119330;57.0;45.4
82;2021-07-18;14;41;149588;119371;57.0;45.5
82;2021-07-19;734;2071;150322;121442;57.2;46.2
82;2021-07-20;920;1884;151242;123326;57.6;47.0
82;2021-07-21;1289;1763;152531;125089;58.1;47.6
82;2021-07-22;1081;1763;153612;126852;58.5;48.3
82;2021-07-23;1052;2984;154664;129836;58.9;49.4
82;2021-07-24;1103;1491;155767;131327;59.3;50.0
82;2021-07-25;303;73;156070;131400;59.4;50.0
82;2021-07-26;951;1897;157021;133297;59.8;50.8
82;2021-07-27;1339;1644;158360;134941;60.3;51.4
82;2021-07-28;1468;1499;159828;136440;60.9;52.0
82;2021-07-29;1327;1532;161155;137972;61.4;52.5
82;2021-07-30;1534;2478;162689;140450;61.9;53.5
82;2021-07-31;458;295;163147;140745;62.1;53.6
82;2021-08-01;272;50;163419;140795;62.2;53.6
82;2021-08-02;1271;876;164690;141671;62.7;53.9
82;2021-08-03;1429;829;166119;142500;63.3;54.3
82;2021-08-04;1363;1027;167482;143527;63.8;54.7
82;2021-08-05;1488;597;168970;144124;64.3;54.9
82;2021-08-06;993;646;169963;144770;64.7;55.1
82;2021-08-07;920;1192;170883;145962;65.1;55.6
82;2021-08-08;155;65;171038;146027;65.1;55.6
82;2021-08-09;1072;892;172110;146919;65.5;55.9
82;2021-08-10;1285;915;173395;147834;66.0;56.3
82;2021-08-11;1260;1124;174655;148958;66.5;56.7
82;2021-08-12;1469;945;176124;149903;67.1;57.1
82;2021-08-13;1406;995;177530;150898;67.6;57.5
82;2021-08-14;311;483;177841;151381;67.7;57.6
82;2021-08-15;61;34;177902;151415;67.7;57.7
82;2021-08-16;780;1460;178682;152875;68.0;58.2
82;2021-08-17;1059;1234;179741;154109;68.4;58.7
82;2021-08-18;611;849;180352;154958;68.7;59.0
82;2021-08-19;1003;1145;181355;156103;69.1;59.4
82;2021-08-20;1032;1898;182387;158001;69.4;60.2
82;2021-08-21;495;988;182882;158989;69.6;60.5
82;2021-08-22;21;55;182903;159044;69.6;60.6
82;2021-08-23;741;1294;183644;160338;69.9;61.1
82;2021-08-24;856;1116;184500;161454;70.3;61.5
82;2021-08-25;848;1533;185348;162987;70.6;62.1
82;2021-08-26;593;1094;185941;164081;70.8;62.5
83;2020-12-27;1;0;1;0;0.0;0.0
83;2020-12-28;0;0;1;0;0.0;0.0
83;2020-12-29;1;0;2;0;0.0;0.0
83;2020-12-30;1;0;3;0;0.0;0.0
83;2020-12-31;0;0;3;0;0.0;0.0
83;2021-01-01;1;0;4;0;0.0;0.0
83;2021-01-02;0;0;4;0;0.0;0.0
83;2021-01-03;1;0;5;0;0.0;0.0
83;2021-01-04;1;0;6;0;0.0;0.0
83;2021-01-05;3;0;9;0;0.0;0.0
83;2021-01-06;69;0;78;0;0.0;0.0
83;2021-01-07;324;0;402;0;0.0;0.0
83;2021-01-08;421;0;823;0;0.1;0.0
83;2021-01-09;48;0;871;0;0.1;0.0
83;2021-01-10;1;0;872;0;0.1;0.0
83;2021-01-11;475;0;1347;0;0.1;0.0
83;2021-01-12;1002;4;2349;4;0.2;0.0
83;2021-01-13;961;7;3310;11;0.3;0.0
83;2021-01-14;840;5;4150;16;0.4;0.0
83;2021-01-15;701;1;4851;17;0.5;0.0
83;2021-01-16;41;1;4892;18;0.5;0.0
83;2021-01-17;1;0;4893;18;0.5;0.0
83;2021-01-18;1221;4;6114;22;0.6;0.0
83;2021-01-19;2016;7;8130;29;0.8;0.0
83;2021-01-20;1659;10;9789;39;0.9;0.0
83;2021-01-21;2101;8;11890;47;1.1;0.0
83;2021-01-22;1658;5;13548;52;1.3;0.0
83;2021-01-23;244;0;13792;52;1.3;0.0
83;2021-01-24;21;1;13813;53;1.3;0.0
83;2021-01-25;1554;7;15367;60;1.4;0.0
83;2021-01-26;1757;15;17124;75;1.6;0.0
83;2021-01-27;2153;83;19277;158;1.8;0.0
83;2021-01-28;5081;358;24358;516;2.3;0.0
83;2021-01-29;2947;349;27305;865;2.5;0.1
83;2021-01-30;234;45;27539;910;2.6;0.1
83;2021-01-31;46;0;27585;910;2.6;0.1
83;2021-02-01;1277;415;28862;1325;2.7;0.1
83;2021-02-02;1438;722;30300;2047;2.8;0.2
83;2021-02-03;1526;635;31826;2682;3.0;0.2
83;2021-02-04;1483;744;33309;3426;3.1;0.3
83;2021-02-05;1218;676;34527;4102;3.2;0.4
83;2021-02-06;22;14;34549;4116;3.2;0.4
83;2021-02-07;1;0;34550;4116;3.2;0.4
83;2021-02-08;1089;626;35639;4742;3.3;0.4
83;2021-02-09;1324;913;36963;5655;3.4;0.5
83;2021-02-10;1530;802;38493;6457;3.6;0.6
83;2021-02-11;1605;1029;40098;7486;3.7;0.7
83;2021-02-12;1347;826;41445;8312;3.9;0.8
83;2021-02-13;54;25;41499;8337;3.9;0.8
83;2021-02-14;0;0;41499;8337;3.9;0.8
83;2021-02-15;671;1051;42170;9388;3.9;0.9
83;2021-02-16;542;1377;42712;10765;4.0;1.0
83;2021-02-17;804;1831;43516;12596;4.1;1.2
83;2021-02-18;1626;3869;45142;16465;4.2;1.5
83;2021-02-19;1475;2334;46617;18799;4.3;1.8
83;2021-02-20;63;169;46680;18968;4.3;1.8
83;2021-02-21;24;35;46704;19003;4.3;1.8
83;2021-02-22;503;1751;47207;20754;4.4;1.9
83;2021-02-23;670;1439;47877;22193;4.5;2.1
83;2021-02-24;723;1485;48600;23678;4.5;2.2
83;2021-02-25;1249;1410;49849;25088;4.6;2.3
83;2021-02-26;1298;1255;51147;26343;4.8;2.5
83;2021-02-27;551;55;51698;26398;4.8;2.5
83;2021-02-28;8;13;51706;26411;4.8;2.5
83;2021-03-01;811;1240;52517;27651;4.9;2.6
83;2021-03-02;989;1311;53506;28962;5.0;2.7
83;2021-03-03;1436;1528;54942;30490;5.1;2.8
83;2021-03-04;1889;1387;56831;31877;5.3;3.0
83;2021-03-05;2218;1240;59049;33117;5.5;3.1
83;2021-03-06;3007;113;62056;33230;5.8;3.1
83;2021-03-07;2225;41;64281;33271;6.0;3.1
83;2021-03-08;849;1320;65130;34591;6.1;3.2
83;2021-03-09;1929;1226;67059;35817;6.2;3.3
83;2021-03-10;2376;1366;69435;37183;6.5;3.5
83;2021-03-11;3673;2203;73108;39386;6.8;3.7
83;2021-03-12;3646;1512;76754;40898;7.1;3.8
83;2021-03-13;4607;178;81361;41076;7.6;3.8
83;2021-03-14;2334;52;83695;41128;7.8;3.8
83;2021-03-15;3337;669;87032;41797;8.1;3.9
83;2021-03-16;2600;698;89632;42495;8.3;4.0
83;2021-03-17;2848;785;92480;43280;8.6;4.0
83;2021-03-18;3550;796;96030;44076;8.9;4.1
83;2021-03-19;4174;585;100204;44661;9.3;4.2
83;2021-03-20;3476;71;103680;44732;9.7;4.2
83;2021-03-21;2011;30;105691;44762;9.8;4.2
83;2021-03-22;3967;893;109658;45655;10.2;4.3
83;2021-03-23;4753;592;114411;46247;10.7;4.3
83;2021-03-24;5051;723;119462;46970;11.1;4.4
83;2021-03-25;6532;853;125994;47823;11.7;4.5
83;2021-03-26;7176;748;133170;48571;12.4;4.5
83;2021-03-27;3968;388;137138;48959;12.8;4.6
83;2021-03-28;2183;34;139321;48993;13.0;4.6
83;2021-03-29;4555;765;143876;49758;13.4;4.6
83;2021-03-30;5966;951;149842;50709;14.0;4.7
83;2021-03-31;5552;1076;155394;51785;14.5;4.8
83;2021-04-01;5978;1261;161372;53046;15.0;4.9
83;2021-04-02;5763;1072;167135;54118;15.6;5.0
83;2021-04-03;1802;633;168937;54751;15.7;5.1
83;2021-04-04;855;346;169792;55097;15.8;5.1
83;2021-04-05;190;66;169982;55163;15.8;5.1
83;2021-04-06;4730;1403;174712;56566;16.3;5.3
83;2021-04-07;5831;1662;180543;58228;16.8;5.4
83;2021-04-08;7884;2000;188427;60228;17.5;5.6
83;2021-04-09;7594;2199;196021;62427;18.3;5.8
83;2021-04-10;2947;2654;198968;65081;18.5;6.1
83;2021-04-11;1720;2135;200688;67216;18.7;6.3
83;2021-04-12;4952;2876;205640;70092;19.2;6.5
83;2021-04-13;5408;3004;211048;73096;19.7;6.8
83;2021-04-14;5896;2943;216944;76039;20.2;7.1
83;2021-04-15;6775;3039;223719;79078;20.8;7.4
83;2021-04-16;6125;3517;229844;82595;21.4;7.7
83;2021-04-17;3511;2189;233355;84784;21.7;7.9
83;2021-04-18;2176;1295;235531;86079;21.9;8.0
83;2021-04-19;4106;3903;239637;89982;22.3;8.4
83;2021-04-20;4358;3876;243995;93858;22.7;8.7
83;2021-04-21;4302;4154;248297;98012;23.1;9.1
83;2021-04-22;5007;4302;253304;102314;23.6;9.5
83;2021-04-23;4530;4566;257834;106880;24.0;10.0
83;2021-04-24;2630;2712;260464;109592;24.3;10.2
83;2021-04-25;1925;1572;262389;111164;24.4;10.4
83;2021-04-26;3568;3851;265957;115015;24.8;10.7
83;2021-04-27;4138;4556;270095;119571;25.2;11.1
83;2021-04-28;4315;4367;274410;123938;25.6;11.5
83;2021-04-29;5814;5118;280224;129056;26.1;12.0
83;2021-04-30;5787;4306;286011;133362;26.6;12.4
83;2021-05-01;1692;428;287703;133790;26.8;12.5
83;2021-05-02;1237;756;288940;134546;26.9;12.5
83;2021-05-03;3751;4280;292691;138826;27.3;12.9
83;2021-05-04;3344;5101;296035;143927;27.6;13.4
83;2021-05-05;3642;4968;299677;148895;27.9;13.9
83;2021-05-06;4673;4958;304350;153853;28.3;14.3
83;2021-05-07;4168;5318;308518;159171;28.7;14.8
83;2021-05-08;2761;1014;311279;160185;29.0;14.9
83;2021-05-09;2153;1236;313432;161421;29.2;15.0
83;2021-05-10;3203;5423;316635;166844;29.5;15.5
83;2021-05-11;5127;5685;321762;172529;30.0;16.1
83;2021-05-12;6292;4847;328054;177376;30.5;16.5
83;2021-05-13;6582;1346;334636;178722;31.2;16.6
83;2021-05-14;7423;4117;342059;182839;31.9;17.0
83;2021-05-15;7754;2203;349813;185042;32.6;17.2
83;2021-05-16;6628;1251;356441;186293;33.2;17.3
83;2021-05-17;4894;4215;361335;190508;33.6;17.7
83;2021-05-18;5535;3867;366870;194375;34.2;18.1
83;2021-05-19;6208;3413;373078;197788;34.7;18.4
83;2021-05-20;6755;3794;379833;201582;35.4;18.8
83;2021-05-21;7910;3873;387743;205455;36.1;19.1
83;2021-05-22;6090;1719;393833;207174;36.7;19.3
83;2021-05-23;4686;710;398519;207884;37.1;19.4
83;2021-05-24;5810;974;404329;208858;37.7;19.4
83;2021-05-25;5513;4754;409842;213612;38.2;19.9
83;2021-05-26;4858;4443;414700;218055;38.6;20.3
83;2021-05-27;5072;5265;419772;223320;39.1;20.8
83;2021-05-28;4506;5769;424278;229089;39.5;21.3
83;2021-05-29;2706;4273;426984;233362;39.8;21.7
83;2021-05-30;1257;1376;428241;234738;39.9;21.9
83;2021-05-31;5488;4767;433729;239505;40.4;22.3
83;2021-06-01;5729;5309;439458;244814;40.9;22.8
83;2021-06-02;5261;4590;444719;249404;41.4;23.2
83;2021-06-03;5744;5135;450463;254539;41.9;23.7
83;2021-06-04;5447;6050;455910;260589;42.5;24.3
83;2021-06-05;3925;3200;459835;263789;42.8;24.6
83;2021-06-06;1937;1383;461772;265172;43.0;24.7
83;2021-06-07;3917;5093;465689;270265;43.4;25.2
83;2021-06-08;4175;4826;469864;275091;43.8;25.6
83;2021-06-09;4007;4702;473871;279793;44.1;26.1
83;2021-06-10;3997;4261;477868;284054;44.5;26.5
83;2021-06-11;3657;5446;481525;289500;44.8;27.0
83;2021-06-12;2913;2984;484438;292484;45.1;27.2
83;2021-06-13;995;1392;485433;293876;45.2;27.4
83;2021-06-14;2857;5658;488290;299534;45.5;27.9
83;2021-06-15;3166;4862;491456;304396;45.8;28.3
83;2021-06-16;2963;4508;494419;308904;46.0;28.8
83;2021-06-17;2776;5285;497195;314189;46.3;29.3
83;2021-06-18;3159;5962;500354;320151;46.6;29.8
83;2021-06-19;2320;4097;502674;324248;46.8;30.2
83;2021-06-20;674;1888;503348;326136;46.9;30.4
83;2021-06-21;2111;7587;505459;333723;47.1;31.1
83;2021-06-22;2102;7164;507561;340887;47.3;31.7
83;2021-06-23;1933;6926;509494;347813;47.4;32.4
83;2021-06-24;1957;7366;511451;355179;47.6;33.1
83;2021-06-25;2112;8399;513563;363578;47.8;33.9
83;2021-06-26;1464;6808;515027;370386;48.0;34.5
83;2021-06-27;692;3186;515719;373572;48.0;34.8
83;2021-06-28;1571;7891;517290;381463;48.2;35.5
83;2021-06-29;1908;7810;519198;389273;48.3;36.3
83;2021-06-30;2242;7272;521440;396545;48.6;36.9
83;2021-07-01;2553;6567;523993;403112;48.8;37.5
83;2021-07-02;2265;7799;526258;410911;49.0;38.3
83;2021-07-03;1510;5686;527768;416597;49.1;38.8
83;2021-07-04;571;2751;528339;419348;49.2;39.1
83;2021-07-05;1924;7532;530263;426880;49.4;39.8
83;2021-07-06;2573;5937;532836;432817;49.6;40.3
83;2021-07-07;2683;4672;535519;437489;49.9;40.7
83;2021-07-08;3245;4471;538764;441960;50.2;41.2
83;2021-07-09;3041;6960;541805;448920;50.5;41.8
83;2021-07-10;1577;4930;543382;453850;50.6;42.3
83;2021-07-11;1009;1763;544391;455613;50.7;42.4
83;2021-07-12;2139;7685;546530;463298;50.9;43.1
83;2021-07-13;4036;7085;550566;470383;51.3;43.8
83;2021-07-14;2094;1322;552660;471705;51.5;43.9
83;2021-07-15;4583;6843;557243;478548;51.9;44.6
83;2021-07-16;5270;7125;562513;485673;52.4;45.2
83;2021-07-17;3605;4999;566118;490672;52.7;45.7
83;2021-07-18;1603;1312;567721;491984;52.9;45.8
83;2021-07-19;3954;6316;571675;498300;53.2;46.4
83;2021-07-20;5984;6177;577659;504477;53.8;47.0
83;2021-07-21;6026;5203;583685;509680;54.4;47.5
83;2021-07-22;7106;5538;590791;515218;55.0;48.0
83;2021-07-23;7099;5896;597890;521114;55.7;48.5
83;2021-07-24;4645;4559;602535;525673;56.1;49.0
83;2021-07-25;1327;731;603862;526404;56.2;49.0
83;2021-07-26;5544;4933;609406;531337;56.8;49.5
83;2021-07-27;6822;4889;616228;536226;57.4;49.9
83;2021-07-28;6583;4401;622811;540627;58.0;50.3
83;2021-07-29;7480;4835;630291;545462;58.7;50.8
83;2021-07-30;6950;4742;637241;550204;59.3;51.2
83;2021-07-31;4664;3206;641905;553410;59.8;51.5
83;2021-08-01;1063;848;642968;554258;59.9;51.6
83;2021-08-02;5746;3691;648714;557949;60.4;52.0
83;2021-08-03;6358;3978;655072;561927;61.0;52.3
83;2021-08-04;5886;3692;660958;565619;61.6;52.7
83;2021-08-05;6143;4065;667101;569684;62.1;53.1
83;2021-08-06;6118;4901;673219;574585;62.7;53.5
83;2021-08-07;3737;3540;676956;578125;63.0;53.8
83;2021-08-08;1063;821;678019;578946;63.1;53.9
83;2021-08-09;4697;4629;682716;583575;63.6;54.3
83;2021-08-10;5215;5133;687931;588708;64.1;54.8
83;2021-08-11;4566;5060;692497;593768;64.5;55.3
83;2021-08-12;4893;5550;697390;599318;64.9;55.8
83;2021-08-13;4904;5736;702294;605054;65.4;56.3
83;2021-08-14;3194;3879;705488;608933;65.7;56.7
83;2021-08-15;202;390;705690;609323;65.7;56.7
83;2021-08-16;3615;5457;709305;614780;66.1;57.3
83;2021-08-17;3546;5256;712851;620036;66.4;57.7
83;2021-08-18;3568;4984;716419;625020;66.7;58.2
83;2021-08-19;4154;6233;720573;631253;67.1;58.8
83;2021-08-20;3590;6488;724163;637741;67.4;59.4
83;2021-08-21;2335;4475;726498;642216;67.7;59.8
83;2021-08-22;628;1025;727126;643241;67.7;59.9
83;2021-08-23;2487;5766;729613;649007;67.9;60.4
83;2021-08-24;2845;5893;732458;654900;68.2;61.0
83;2021-08-25;2542;5249;735000;660149;68.4;61.5
83;2021-08-26;2714;5810;737714;665959;68.7;62.0
84;2020-12-27;0;0;0;0;0.0;0.0
84;2020-12-28;0;0;0;0;0.0;0.0
84;2020-12-29;0;0;0;0;0.0;0.0
84;2020-12-30;0;0;0;0;0.0;0.0
84;2020-12-31;0;0;0;0;0.0;0.0
84;2021-01-01;0;0;0;0;0.0;0.0
84;2021-01-02;0;0;0;0;0.0;0.0
84;2021-01-03;0;0;0;0;0.0;0.0
84;2021-01-04;0;0;0;0;0.0;0.0
84;2021-01-05;0;0;0;0;0.0;0.0
84;2021-01-06;0;0;0;0;0.0;0.0
84;2021-01-07;69;0;69;0;0.0;0.0
84;2021-01-08;81;0;150;0;0.0;0.0
84;2021-01-09;30;0;180;0;0.0;0.0
84;2021-01-10;0;0;180;0;0.0;0.0
84;2021-01-11;219;0;399;0;0.1;0.0
84;2021-01-12;623;2;1022;2;0.2;0.0
84;2021-01-13;358;0;1380;2;0.2;0.0
84;2021-01-14;947;13;2327;15;0.4;0.0
84;2021-01-15;617;9;2944;24;0.5;0.0
84;2021-01-16;166;0;3110;24;0.6;0.0
84;2021-01-17;29;1;3139;25;0.6;0.0
84;2021-01-18;696;3;3835;28;0.7;0.0
84;2021-01-19;877;2;4712;30;0.8;0.0
84;2021-01-20;1018;4;5730;34;1.0;0.0
84;2021-01-21;1048;5;6778;39;1.2;0.0
84;2021-01-22;1133;0;7911;39;1.4;0.0
84;2021-01-23;248;0;8159;39;1.5;0.0
84;2021-01-24;3;0;8162;39;1.5;0.0
84;2021-01-25;806;0;8968;39;1.6;0.0
84;2021-01-26;938;5;9906;44;1.8;0.0
84;2021-01-27;1071;2;10977;46;2.0;0.0
84;2021-01-28;1621;18;12598;64;2.2;0.0
84;2021-01-29;1200;63;13798;127;2.5;0.0
84;2021-01-30;171;21;13969;148;2.5;0.0
84;2021-01-31;7;0;13976;148;2.5;0.0
84;2021-02-01;657;147;14633;295;2.6;0.1
84;2021-02-02;787;268;15420;563;2.7;0.1
84;2021-02-03;759;243;16179;806;2.9;0.1
84;2021-02-04;911;403;17090;1209;3.0;0.2
84;2021-02-05;727;416;17817;1625;3.2;0.3
84;2021-02-06;127;49;17944;1674;3.2;0.3
84;2021-02-07;0;0;17944;1674;3.2;0.3
84;2021-02-08;568;274;18512;1948;3.3;0.3
84;2021-02-09;692;718;19204;2666;3.4;0.5
84;2021-02-10;557;568;19761;3234;3.5;0.6
84;2021-02-11;546;584;20307;3818;3.6;0.7
84;2021-02-12;562;680;20869;4498;3.7;0.8
84;2021-02-13;46;170;20915;4668;3.7;0.8
84;2021-02-14;3;0;20918;4668;3.7;0.8
84;2021-02-15;209;889;21127;5557;3.8;1.0
84;2021-02-16;222;827;21349;6384;3.8;1.1
84;2021-02-17;447;780;21796;7164;3.9;1.3
84;2021-02-18;557;1100;22353;8264;4.0;1.5
84;2021-02-19;737;1184;23090;9448;4.1;1.7
84;2021-02-20;65;152;23155;9600;4.1;1.7
84;2021-02-21;5;37;23160;9637;4.1;1.7
84;2021-02-22;369;744;23529;10381;4.2;1.9
84;2021-02-23;270;704;23799;11085;4.2;2.0
84;2021-02-24;393;737;24192;11822;4.3;2.1
84;2021-02-25;713;853;24905;12675;4.4;2.3
84;2021-02-26;822;681;25727;13356;4.6;2.4
84;2021-02-27;133;126;25860;13482;4.6;2.4
84;2021-02-28;17;0;25877;13482;4.6;2.4
84;2021-03-01;456;666;26333;14148;4.7;2.5
84;2021-03-02;631;810;26964;14958;4.8;2.7
84;2021-03-03;820;951;27784;15909;5.0;2.8
84;2021-03-04;1095;690;28879;16599;5.1;3.0
84;2021-03-05;1310;520;30189;17119;5.4;3.1
84;2021-03-06;1460;65;31649;17184;5.6;3.1
84;2021-03-07;481;16;32130;17200;5.7;3.1
84;2021-03-08;812;610;32942;17810;5.9;3.2
84;2021-03-09;1387;784;34329;18594;6.1;3.3
84;2021-03-10;1473;669;35802;19263;6.4;3.4
84;2021-03-11;1984;644;37786;19907;6.7;3.5
84;2021-03-12;2078;632;39864;20539;7.1;3.7
84;2021-03-13;746;36;40610;20575;7.2;3.7
84;2021-03-14;247;53;40857;20628;7.3;3.7
84;2021-03-15;1069;310;41926;20938;7.5;3.7
84;2021-03-16;1180;333;43106;21271;7.7;3.8
84;2021-03-17;1146;442;44252;21713;7.9;3.9
84;2021-03-18;1456;400;45708;22113;8.1;3.9
84;2021-03-19;2175;458;47883;22571;8.5;4.0
84;2021-03-20;839;25;48722;22596;8.7;4.0
84;2021-03-21;150;11;48872;22607;8.7;4.0
84;2021-03-22;1158;463;50030;23070;8.9;4.1
84;2021-03-23;1913;465;51943;23535;9.3;4.2
84;2021-03-24;2178;401;54121;23936;9.6;4.3
84;2021-03-25;3656;401;57777;24337;10.3;4.3
84;2021-03-26;3317;486;61094;24823;10.9;4.4
84;2021-03-27;914;57;62008;24880;11.1;4.4
84;2021-03-28;73;2;62081;24882;11.1;4.4
84;2021-03-29;1717;531;63798;25413;11.4;4.5
84;2021-03-30;2667;684;66465;26097;11.8;4.7
84;2021-03-31;2404;646;68869;26743;12.3;4.8
84;2021-04-01;3021;578;71890;27321;12.8;4.9
84;2021-04-02;2453;530;74343;27851;13.3;5.0
84;2021-04-03;510;28;74853;27879;13.3;5.0
84;2021-04-04;12;0;74865;27879;13.3;5.0
84;2021-04-05;812;103;75677;27982;13.5;5.0
84;2021-04-06;2142;844;77819;28826;13.9;5.1
84;2021-04-07;2403;865;80222;29691;14.3;5.3
84;2021-04-08;3651;1035;83873;30726;15.0;5.5
84;2021-04-09;4118;945;87991;31671;15.7;5.6
84;2021-04-10;1308;132;89299;31803;15.9;5.7
84;2021-04-11;37;12;89336;31815;15.9;5.7
84;2021-04-12;2091;805;91427;32620;16.3;5.8
84;2021-04-13;2941;1368;94368;33988;16.8;6.1
84;2021-04-14;2811;1356;97179;35344;17.3;6.3
84;2021-04-15;3274;1422;100453;36766;17.9;6.6
84;2021-04-16;3430;1550;103883;38316;18.5;6.8
84;2021-04-17;1666;197;105549;38513;18.8;6.9
84;2021-04-18;38;1;105587;38514;18.8;6.9
84;2021-04-19;2505;922;108092;39436;19.3;7.0
84;2021-04-20;2626;1531;110718;40967;19.7;7.3
84;2021-04-21;2649;1489;113367;42456;20.2;7.6
84;2021-04-22;3011;1740;116378;44196;20.7;7.9
84;2021-04-23;3036;1896;119414;46092;21.3;8.2
84;2021-04-24;1530;288;120944;46380;21.6;8.3
84;2021-04-25;27;2;120971;46382;21.6;8.3
84;2021-04-26;2195;1370;123166;47752;22.0;8.5
84;2021-04-27;2553;1986;125719;49738;22.4;8.9
84;2021-04-28;2817;1843;128536;51581;22.9;9.2
84;2021-04-29;3421;2032;131957;53613;23.5;9.6
84;2021-04-30;3133;2424;135090;56037;24.1;10.0
84;2021-05-01;457;258;135547;56295;24.2;10.0
84;2021-05-02;2;0;135549;56295;24.2;10.0
84;2021-05-03;2165;1632;137714;57927;24.5;10.3
84;2021-05-04;2489;2533;140203;60460;25.0;10.8
84;2021-05-05;2352;2218;142555;62678;25.4;11.2
84;2021-05-06;3224;2258;145779;64936;26.0;11.6
84;2021-05-07;2767;2562;148546;67498;26.5;12.0
84;2021-05-08;1158;527;149704;68025;26.7;12.1
84;2021-05-09;6;52;149710;68077;26.7;12.1
84;2021-05-10;2158;2460;151868;70537;27.1;12.6
84;2021-05-11;2907;3156;154775;73693;27.6;13.1
84;2021-05-12;2848;2927;157623;76620;28.1;13.7
84;2021-05-13;2160;845;159783;77465;28.5;13.8
84;2021-05-14;2728;2036;162511;79501;29.0;14.2
84;2021-05-15;2001;986;164512;80487;29.3;14.3
84;2021-05-16;1341;186;165853;80673;29.6;14.4
84;2021-05-17;2223;2154;168076;82827;30.0;14.8
84;2021-05-18;2904;2108;170980;84935;30.5;15.1
84;2021-05-19;3233;1664;174213;86599;31.1;15.4
84;2021-05-20;3699;2210;177912;88809;31.7;15.8
84;2021-05-21;3470;2337;181382;91146;32.3;16.2
84;2021-05-22;1584;680;182966;91826;32.6;16.4
84;2021-05-23;6;9;182972;91835;32.6;16.4
84;2021-05-24;1841;427;184813;92262;32.9;16.4
84;2021-05-25;2983;2185;187796;94447;33.5;16.8
84;2021-05-26;3076;2089;190872;96536;34.0;17.2
84;2021-05-27;3858;2320;194730;98856;34.7;17.6
84;2021-05-28;3184;3305;197914;102161;35.3;18.2
84;2021-05-29;1093;1653;199007;103814;35.5;18.5
84;2021-05-30;8;85;199015;103899;35.5;18.5
84;2021-05-31;2190;2636;201205;106535;35.9;19.0
84;2021-06-01;3145;3161;204350;109696;36.4;19.6
84;2021-06-02;3173;2631;207523;112327;37.0;20.0
84;2021-06-03;4113;2987;211636;115314;37.7;20.6
84;2021-06-04;3616;3039;215252;118353;38.4;21.1
84;2021-06-05;1782;1499;217034;119852;38.7;21.4
84;2021-06-06;989;207;218023;120059;38.9;21.4
84;2021-06-07;2453;2759;220476;122818;39.3;21.9
84;2021-06-08;3319;3055;223795;125873;39.9;22.4
84;2021-06-09;3032;2686;226827;128559;40.4;22.9
84;2021-06-10;3515;2793;230342;131352;41.1;23.4
84;2021-06-11;3026;3068;233368;134420;41.6;24.0
84;2021-06-12;1965;1312;235333;135732;41.9;24.2
84;2021-06-13;414;213;235747;135945;42.0;24.2
84;2021-06-14;1929;3158;237676;139103;42.4;24.8
84;2021-06-15;2575;3460;240251;142563;42.8;25.4
84;2021-06-16;2527;2958;242778;145521;43.3;25.9
84;2021-06-17;2997;3480;245775;149001;43.8;26.6
84;2021-06-18;2425;3550;248200;152551;44.2;27.2
84;2021-06-19;1289;1546;249489;154097;44.5;27.5
84;2021-06-20;549;354;250038;154451;44.6;27.5
84;2021-06-21;1570;3135;251608;157586;44.9;28.1
84;2021-06-22;2164;4013;253772;161599;45.2;28.8
84;2021-06-23;2116;3308;255888;164907;45.6;29.4
84;2021-06-24;2202;3484;258090;168391;46.0;30.0
84;2021-06-25;1836;3886;259926;172277;46.3;30.7
84;2021-06-26;1133;1816;261059;174093;46.5;31.0
84;2021-06-27;297;345;261356;174438;46.6;31.1
84;2021-06-28;1210;3223;262566;177661;46.8;31.7
84;2021-06-29;1481;4050;264047;181711;47.1;32.4
84;2021-06-30;1716;3962;265763;185673;47.4;33.1
84;2021-07-01;1815;3950;267578;189623;47.7;33.8
84;2021-07-02;1753;3898;269331;193521;48.0;34.5
84;2021-07-03;1103;2030;270434;195551;48.2;34.9
84;2021-07-04;395;416;270829;195967;48.3;34.9
84;2021-07-05;1544;3540;272373;199507;48.6;35.6
84;2021-07-06;1636;4165;274009;203672;48.8;36.3
84;2021-07-07;1675;3103;275684;206775;49.1;36.9
84;2021-07-08;2161;3749;277845;210524;49.5;37.5
84;2021-07-09;1874;3970;279719;214494;49.9;38.2
84;2021-07-10;1254;2159;280973;216653;50.1;38.6
84;2021-07-11;357;303;281330;216956;50.1;38.7
84;2021-07-12;1411;3841;282741;220797;50.4;39.4
84;2021-07-13;2336;5010;285077;225807;50.8;40.3
84;2021-07-14;1885;1249;286962;227056;51.2;40.5
84;2021-07-15;2702;4552;289664;231608;51.6;41.3
84;2021-07-16;2780;4602;292444;236210;52.1;42.1
84;2021-07-17;1587;2447;294031;238657;52.4;42.5
84;2021-07-18;1015;550;295046;239207;52.6;42.6
84;2021-07-19;2415;3746;297461;242953;53.0;43.3
84;2021-07-20;2951;4166;300412;247119;53.5;44.0
84;2021-07-21;3184;3655;303596;250774;54.1;44.7
84;2021-07-22;3784;3791;307380;254565;54.8;45.4
84;2021-07-23;3521;3674;310901;258239;55.4;46.0
84;2021-07-24;1465;2247;312366;260486;55.7;46.4
84;2021-07-25;1033;507;313399;260993;55.9;46.5
84;2021-07-26;2719;3030;316118;264023;56.3;47.1
84;2021-07-27;3440;3562;319558;267585;57.0;47.7
84;2021-07-28;3853;3307;323411;270892;57.6;48.3
84;2021-07-29;4220;3151;327631;274043;58.4;48.8
84;2021-07-30;4011;3319;331642;277362;59.1;49.4
84;2021-07-31;1997;1684;333639;279046;59.5;49.7
84;2021-08-01;818;426;334457;279472;59.6;49.8
84;2021-08-02;2943;2683;337400;282155;60.1;50.3
84;2021-08-03;4093;2788;341493;284943;60.9;50.8
84;2021-08-04;3863;2594;345356;287537;61.6;51.3
84;2021-08-05;3855;2574;349211;290111;62.2;51.7
84;2021-08-06;3672;2857;352883;292968;62.9;52.2
84;2021-08-07;2042;1730;354925;294698;63.3;52.5
84;2021-08-08;384;733;355309;295431;63.3;52.7
84;2021-08-09;2864;2583;358173;298014;63.8;53.1
84;2021-08-10;3716;2941;361889;300955;64.5;53.6
84;2021-08-11;3256;2664;365145;303619;65.1;54.1
84;2021-08-12;3148;2977;368293;306596;65.6;54.7
84;2021-08-13;2875;2687;371168;309283;66.2;55.1
84;2021-08-14;1675;1738;372843;311021;66.5;55.4
84;2021-08-15;286;227;373129;311248;66.5;55.5
84;2021-08-16;2336;3071;375465;314319;66.9;56.0
84;2021-08-17;2693;3253;378158;317572;67.4;56.6
84;2021-08-18;2398;2792;380556;320364;67.8;57.1
84;2021-08-19;2265;3111;382821;323475;68.2;57.7
84;2021-08-20;2159;3291;384980;326766;68.6;58.2
84;2021-08-21;1221;1876;386201;328642;68.8;58.6
84;2021-08-22;168;739;386369;329381;68.9;58.7
84;2021-08-23;1728;3279;388097;332660;69.2;59.3
84;2021-08-24;1896;3457;389993;336117;69.5;59.9
84;2021-08-25;1832;3338;391825;339455;69.8;60.5
84;2021-08-26;1618;3617;393443;343072;70.1;61.2
85;2020-12-27;1;0;1;0;0.0;0.0
85;2020-12-28;0;0;1;0;0.0;0.0
85;2020-12-29;0;0;1;0;0.0;0.0
85;2020-12-30;0;0;1;0;0.0;0.0
85;2020-12-31;0;0;1;0;0.0;0.0
85;2021-01-01;0;0;1;0;0.0;0.0
85;2021-01-02;0;0;1;0;0.0;0.0
85;2021-01-03;1;0;2;0;0.0;0.0
85;2021-01-04;26;0;28;0;0.0;0.0
85;2021-01-05;62;0;90;0;0.0;0.0
85;2021-01-06;107;1;197;1;0.0;0.0
85;2021-01-07;203;0;400;1;0.1;0.0
85;2021-01-08;293;2;693;3;0.1;0.0
85;2021-01-09;288;1;981;4;0.1;0.0
85;2021-01-10;59;0;1040;4;0.2;0.0
85;2021-01-11;453;0;1493;4;0.2;0.0
85;2021-01-12;586;1;2079;5;0.3;0.0
85;2021-01-13;544;2;2623;7;0.4;0.0
85;2021-01-14;681;4;3304;11;0.5;0.0
85;2021-01-15;438;3;3742;14;0.5;0.0
85;2021-01-16;264;3;4006;17;0.6;0.0
85;2021-01-17;37;0;4043;17;0.6;0.0
85;2021-01-18;999;3;5042;20;0.7;0.0
85;2021-01-19;1428;16;6470;36;0.9;0.0
85;2021-01-20;1874;3;8344;39;1.2;0.0
85;2021-01-21;3222;10;11566;49;1.7;0.0
85;2021-01-22;1698;19;13264;68;1.9;0.0
85;2021-01-23;466;2;13730;70;2.0;0.0
85;2021-01-24;50;0;13780;70;2.0;0.0
85;2021-01-25;577;1;14357;71;2.1;0.0
85;2021-01-26;877;34;15234;105;2.2;0.0
85;2021-01-27;1804;32;17038;137;2.5;0.0
85;2021-01-28;1635;38;18673;175;2.7;0.0
85;2021-01-29;875;63;19548;238;2.9;0.0
85;2021-01-30;149;5;19697;243;2.9;0.0
85;2021-01-31;2;45;19699;288;2.9;0.0
85;2021-02-01;480;103;20179;391;3.0;0.1
85;2021-02-02;537;175;20716;566;3.0;0.1
85;2021-02-03;414;261;21130;827;3.1;0.1
85;2021-02-04;621;265;21751;1092;3.2;0.2
85;2021-02-05;624;265;22375;1357;3.3;0.2
85;2021-02-06;158;245;22533;1602;3.3;0.2
85;2021-02-07;1;0;22534;1602;3.3;0.2
85;2021-02-08;388;652;22922;2254;3.4;0.3
85;2021-02-09;663;1059;23585;3313;3.5;0.5
85;2021-02-10;583;1129;24168;4442;3.5;0.7
85;2021-02-11;1542;3042;25710;7484;3.8;1.1
85;2021-02-12;1013;1261;26723;8745;3.9;1.3
85;2021-02-13;251;502;26974;9247;3.9;1.4
85;2021-02-14;2;131;26976;9378;3.9;1.4
85;2021-02-15;336;812;27312;10190;4.0;1.5
85;2021-02-16;569;1184;27881;11374;4.1;1.7
85;2021-02-17;786;1575;28667;12949;4.2;1.9
85;2021-02-18;1278;1939;29945;14888;4.4;2.2
85;2021-02-19;957;1209;30902;16097;4.5;2.4
85;2021-02-20;174;262;31076;16359;4.5;2.4
85;2021-02-21;1;11;31077;16370;4.5;2.4
85;2021-02-22;814;885;31891;17255;4.7;2.5
85;2021-02-23;828;486;32719;17741;4.8;2.6
85;2021-02-24;756;312;33475;18053;4.9;2.6
85;2021-02-25;1336;401;34811;18454;5.1;2.7
85;2021-02-26;1228;331;36039;18785;5.3;2.7
85;2021-02-27;400;100;36439;18885;5.3;2.8
85;2021-02-28;7;1;36446;18886;5.3;2.8
85;2021-03-01;765;431;37211;19317;5.4;2.8
85;2021-03-02;1100;792;38311;20109;5.6;2.9
85;2021-03-03;844;516;39155;20625;5.7;3.0
85;2021-03-04;1576;1176;40731;21801;6.0;3.2
85;2021-03-05;1740;854;42471;22655;6.2;3.3
85;2021-03-06;1227;131;43698;22786;6.4;3.3
85;2021-03-07;333;35;44031;22821;6.4;3.3
85;2021-03-08;1741;464;45772;23285;6.7;3.4
85;2021-03-09;2239;575;48011;23860;7.0;3.5
85;2021-03-10;1863;653;49874;24513;7.3;3.6
85;2021-03-11;3119;1093;52993;25606;7.8;3.7
85;2021-03-12;2728;871;55721;26477;8.2;3.9
85;2021-03-13;1371;162;57092;26639;8.4;3.9
85;2021-03-14;182;3;57274;26642;8.4;3.9
85;2021-03-15;1919;517;59193;27159;8.7;4.0
85;2021-03-16;1630;519;60823;27678;8.9;4.1
85;2021-03-17;980;525;61803;28203;9.0;4.1
85;2021-03-18;1904;455;63707;28658;9.3;4.2
85;2021-03-19;2200;371;65907;29029;9.6;4.2
85;2021-03-20;1069;178;66976;29207;9.8;4.3
85;2021-03-21;272;5;67248;29212;9.8;4.3
85;2021-03-22;1764;560;69012;29772;10.1;4.4
85;2021-03-23;2421;734;71433;30506;10.5;4.5
85;2021-03-24;2207;531;73640;31037;10.8;4.5
85;2021-03-25;3649;598;77289;31635;11.3;4.6
85;2021-03-26;3358;652;80647;32287;11.8;4.7
85;2021-03-27;1729;123;82376;32410;12.1;4.7
85;2021-03-28;539;4;82915;32414;12.1;4.7
85;2021-03-29;2412;760;85327;33174;12.5;4.9
85;2021-03-30;2862;1024;88189;34198;12.9;5.0
85;2021-03-31;2199;674;90388;34872;13.2;5.1
85;2021-04-01;3877;912;94265;35784;13.8;5.2
85;2021-04-02;2707;1104;96972;36888;14.2;5.4
85;2021-04-03;1413;324;98385;37212;14.4;5.4
85;2021-04-04;324;29;98709;37241;14.4;5.5
85;2021-04-05;104;175;98813;37416;14.5;5.5
85;2021-04-06;2200;1599;101013;39015;14.8;5.7
85;2021-04-07;3091;1190;104104;40205;15.2;5.9
85;2021-04-08;4541;1603;108645;41808;15.9;6.1
85;2021-04-09;4602;1227;113247;43035;16.6;6.3
85;2021-04-10;1867;400;115114;43435;16.8;6.4
85;2021-04-11;27;10;115141;43445;16.9;6.4
85;2021-04-12;4285;1489;119426;44934;17.5;6.6
85;2021-04-13;4833;1874;124259;46808;18.2;6.9
85;2021-04-14;3962;1010;128221;47818;18.8;7.0
85;2021-04-15;5518;1742;133739;49560;19.6;7.3
85;2021-04-16;5241;1543;138980;51103;20.3;7.5
85;2021-04-17;1382;436;140362;51539;20.5;7.5
85;2021-04-18;351;12;140713;51551;20.6;7.5
85;2021-04-19;3367;1703;144080;53254;21.1;7.8
85;2021-04-20;3694;1927;147774;55181;21.6;8.1
85;2021-04-21;2693;1693;150467;56874;22.0;8.3
85;2021-04-22;3804;2234;154271;59108;22.6;8.7
85;2021-04-23;3902;2091;158173;61199;23.2;9.0
85;2021-04-24;1662;1535;159835;62734;23.4;9.2
85;2021-04-25;981;563;160816;63297;23.5;9.3
85;2021-04-26;3590;2351;164406;65648;24.1;9.6
85;2021-04-27;4394;2166;168800;67814;24.7;9.9
85;2021-04-28;5747;1257;174547;69071;25.5;10.1
85;2021-04-29;5635;2006;180182;71077;26.4;10.4
85;2021-04-30;5576;1678;185758;72755;27.2;10.6
85;2021-05-01;1736;637;187494;73392;27.4;10.7
85;2021-05-02;873;471;188367;73863;27.6;10.8
85;2021-05-03;3493;2385;191860;76248;28.1;11.2
85;2021-05-04;3487;3089;195347;79337;28.6;11.6
85;2021-05-05;4532;2167;199879;81504;29.3;11.9
85;2021-05-06;4920;2599;204799;84103;30.0;12.3
85;2021-05-07;3932;3861;208731;87964;30.6;12.9
85;2021-05-08;2246;230;210977;88194;30.9;12.9
85;2021-05-09;1509;184;212486;88378;31.1;12.9
85;2021-05-10;3213;4930;215699;93308;31.6;13.7
85;2021-05-11;4028;4978;219727;98286;32.2;14.4
85;2021-05-12;5019;3935;224746;102221;32.9;15.0
85;2021-05-13;5146;613;229892;102834;33.6;15.1
85;2021-05-14;4356;3166;234248;106000;34.3;15.5
85;2021-05-15;2327;776;236575;106776;34.6;15.6
85;2021-05-16;2213;162;238788;106938;35.0;15.7
85;2021-05-17;4146;3378;242934;110316;35.6;16.1
85;2021-05-18;5215;2855;248149;113171;36.3;16.6
85;2021-05-19;6493;1768;254642;114939;37.3;16.8
85;2021-05-20;6775;2177;261417;117116;38.3;17.1
85;2021-05-21;5499;2745;266916;119861;39.1;17.5
85;2021-05-22;2584;754;269500;120615;39.4;17.7
85;2021-05-23;1329;161;270829;120776;39.6;17.7
85;2021-05-24;4572;435;275401;121211;40.3;17.7
85;2021-05-25;4518;3568;279919;124779;41.0;18.3
85;2021-05-26;4946;2681;284865;127460;41.7;18.7
85;2021-05-27;4960;3694;289825;131154;42.4;19.2
85;2021-05-28;5253;4065;295078;135219;43.2;19.8
85;2021-05-29;3962;1529;299040;136748;43.8;20.0
85;2021-05-30;1292;125;300332;136873;44.0;20.0
85;2021-05-31;4689;3382;305021;140255;44.6;20.5
85;2021-06-01;5406;3399;310427;143654;45.4;21.0
85;2021-06-02;5557;2521;315984;146175;46.3;21.4
85;2021-06-03;5917;3235;321901;149410;47.1;21.9
85;2021-06-04;5837;3821;327738;153231;48.0;22.4
85;2021-06-05;2848;1942;330586;155173;48.4;22.7
85;2021-06-06;1511;803;332097;155976;48.6;22.8
85;2021-06-07;3237;4860;335334;160836;49.1;23.5
85;2021-06-08;4093;4528;339427;165364;49.7;24.2
85;2021-06-09;4848;3514;344275;168878;50.4;24.7
85;2021-06-10;5199;3703;349474;172581;51.2;25.3
85;2021-06-11;4507;4662;353981;177243;51.8;25.9
85;2021-06-12;1492;1799;355473;179042;52.0;26.2
85;2021-06-13;1220;673;356693;179715;52.2;26.3
85;2021-06-14;2680;5094;359373;184809;52.6;27.1
85;2021-06-15;3714;4936;363087;189745;53.1;27.8
85;2021-06-16;4083;3907;367170;193652;53.7;28.3
85;2021-06-17;3940;3898;371110;197550;54.3;28.9
85;2021-06-18;3626;5684;374736;203234;54.9;29.7
85;2021-06-19;1214;2030;375950;205264;55.0;30.0
85;2021-06-20;140;521;376090;205785;55.0;30.1
85;2021-06-21;2376;5813;378466;211598;55.4;31.0
85;2021-06-22;2848;5735;381314;217333;55.8;31.8
85;2021-06-23;3391;4499;384705;221832;56.3;32.5
85;2021-06-24;3641;4560;388346;226392;56.8;33.1
85;2021-06-25;2289;6178;390635;232570;57.2;34.0
85;2021-06-26;791;3761;391426;236331;57.3;34.6
85;2021-06-27;125;1370;391551;237701;57.3;34.8
85;2021-06-28;1186;6716;392737;244417;57.5;35.8
85;2021-06-29;1756;6876;394493;251293;57.7;36.8
85;2021-06-30;2213;6205;396706;257498;58.1;37.7
85;2021-07-01;2843;6059;399549;263557;58.5;38.6
85;2021-07-02;2269;7016;401818;270573;58.8;39.6
85;2021-07-03;618;3165;402436;273738;58.9;40.1
85;2021-07-04;145;1086;402581;274824;58.9;40.2
85;2021-07-05;1065;6650;403646;281474;59.1;41.2
85;2021-07-06;1581;6457;405227;287931;59.3;42.1
85;2021-07-07;1650;5864;406877;293795;59.6;43.0
85;2021-07-08;2166;5443;409043;299238;59.9;43.8
85;2021-07-09;1648;7098;410691;306336;60.1;44.8
85;2021-07-10;565;2837;411256;309173;60.2;45.3
85;2021-07-11;529;1288;411785;310461;60.3;45.4
85;2021-07-12;1409;7049;413194;317510;60.5;46.5
85;2021-07-13;2061;7391;415255;324901;60.8;47.6
85;2021-07-14;1453;2048;416708;326949;61.0;47.9
85;2021-07-15;2679;6942;419387;333891;61.4;48.9
85;2021-07-16;3431;6832;422818;340723;61.9;49.9
85;2021-07-17;1564;2152;424382;342875;62.1;50.2
85;2021-07-18;1149;1154;425531;344029;62.3;50.4
85;2021-07-19;3555;6230;429086;350259;62.8;51.3
85;2021-07-20;4301;6214;433387;356473;63.4;52.2
85;2021-07-21;3998;6199;437385;362672;64.0;53.1
85;2021-07-22;3906;6185;441291;368857;64.6;54.0
85;2021-07-23;4530;6710;445821;375567;65.3;55.0
85;2021-07-24;1045;2297;446866;377864;65.4;55.3
85;2021-07-25;491;304;447357;378168;65.5;55.4
85;2021-07-26;4507;5359;451864;383527;66.1;56.1
85;2021-07-27;5318;5396;457182;388923;66.9;56.9
85;2021-07-28;4962;4972;462144;393895;67.6;57.7
85;2021-07-29;5875;4739;468019;398634;68.5;58.3
85;2021-07-30;6014;4952;474033;403586;69.4;59.1
85;2021-07-31;1230;1578;475263;405164;69.6;59.3
85;2021-08-01;470;195;475733;405359;69.6;59.3
85;2021-08-02;4939;3956;480672;409315;70.4;59.9
85;2021-08-03;6509;3353;487181;412668;71.3;60.4
85;2021-08-04;6614;3422;493795;416090;72.3;60.9
85;2021-08-05;6173;3603;499968;419693;73.2;61.4
85;2021-08-06;5789;4516;505757;424209;74.0;62.1
85;2021-08-07;1503;1179;507260;425388;74.2;62.3
85;2021-08-08;329;231;507589;425619;74.3;62.3
85;2021-08-09;4116;3280;511705;428899;74.9;62.8
85;2021-08-10;4782;3418;516487;432317;75.6;63.3
85;2021-08-11;4650;4207;521137;436524;76.3;63.9
85;2021-08-12;4450;4296;525587;440820;76.9;64.5
85;2021-08-13;3824;3644;529411;444464;77.5;65.1
85;2021-08-14;1016;1091;530427;445555;77.6;65.2
85;2021-08-15;160;239;530587;445794;77.7;65.3
85;2021-08-16;2835;4773;533422;450567;78.1;66.0
85;2021-08-17;2960;4351;536382;454918;78.5;66.6
85;2021-08-18;3139;4097;539521;459015;79.0;67.2
85;2021-08-19;2725;4269;542246;463284;79.4;67.8
85;2021-08-20;2472;5223;544718;468507;79.7;68.6
85;2021-08-21;690;1392;545408;469899;79.8;68.8
85;2021-08-22;342;1018;545750;470917;79.9;68.9
85;2021-08-23;1869;5370;547619;476287;80.2;69.7
85;2021-08-24;1817;4864;549436;481151;80.4;70.4
85;2021-08-25;1638;4825;551074;485976;80.7;71.1
85;2021-08-26;1531;4756;552605;490732;80.9;71.8
86;2020-12-27;0;0;0;0;0.0;0.0
86;2020-12-28;1;0;1;0;0.0;0.0
86;2020-12-29;1;0;2;0;0.0;0.0
86;2020-12-30;0;0;2;0;0.0;0.0
86;2020-12-31;0;0;2;0;0.0;0.0
86;2021-01-01;0;0;2;0;0.0;0.0
86;2021-01-02;0;0;2;0;0.0;0.0
86;2021-01-03;2;0;4;0;0.0;0.0
86;2021-01-04;0;0;4;0;0.0;0.0
86;2021-01-05;1;0;5;0;0.0;0.0
86;2021-01-06;178;0;183;0;0.0;0.0
86;2021-01-07;672;0;855;0;0.2;0.0
86;2021-01-08;609;3;1464;3;0.3;0.0
86;2021-01-09;0;0;1464;3;0.3;0.0
86;2021-01-10;173;0;1637;3;0.4;0.0
86;2021-01-11;305;0;1942;3;0.4;0.0
86;2021-01-12;459;0;2401;3;0.5;0.0
86;2021-01-13;336;0;2737;3;0.6;0.0
86;2021-01-14;551;1;3288;4;0.8;0.0
86;2021-01-15;542;1;3830;5;0.9;0.0
86;2021-01-16;2;0;3832;5;0.9;0.0
86;2021-01-17;0;0;3832;5;0.9;0.0
86;2021-01-18;564;0;4396;5;1.0;0.0
86;2021-01-19;1914;1;6310;6;1.4;0.0
86;2021-01-20;1460;20;7770;26;1.8;0.0
86;2021-01-21;1292;0;9062;26;2.1;0.0
86;2021-01-22;833;0;9895;26;2.3;0.0
86;2021-01-23;313;0;10208;26;2.3;0.0
86;2021-01-24;0;0;10208;26;2.3;0.0
86;2021-01-25;583;108;10791;134;2.5;0.0
86;2021-01-26;750;121;11541;255;2.6;0.1
86;2021-01-27;764;156;12305;411;2.8;0.1
86;2021-01-28;1048;425;13353;836;3.1;0.2
86;2021-01-29;880;219;14233;1055;3.3;0.2
86;2021-01-30;275;103;14508;1158;3.3;0.3
86;2021-01-31;57;157;14565;1315;3.3;0.3
86;2021-02-01;433;208;14998;1523;3.4;0.3
86;2021-02-02;573;386;15571;1909;3.6;0.4
86;2021-02-03;525;224;16096;2133;3.7;0.5
86;2021-02-04;478;365;16574;2498;3.8;0.6
86;2021-02-05;438;739;17012;3237;3.9;0.7
86;2021-02-06;148;205;17160;3442;3.9;0.8
86;2021-02-07;120;8;17280;3450;4.0;0.8
86;2021-02-08;361;328;17641;3778;4.0;0.9
86;2021-02-09;752;1122;18393;4900;4.2;1.1
86;2021-02-10;977;942;19370;5842;4.4;1.3
86;2021-02-11;1006;975;20376;6817;4.7;1.6
86;2021-02-12;746;379;21122;7196;4.8;1.6
86;2021-02-13;192;95;21314;7291;4.9;1.7
86;2021-02-14;1;34;21315;7325;4.9;1.7
86;2021-02-15;244;508;21559;7833;4.9;1.8
86;2021-02-16;384;866;21943;8699;5.0;2.0
86;2021-02-17;453;896;22396;9595;5.1;2.2
86;2021-02-18;422;871;22818;10466;5.2;2.4
86;2021-02-19;601;641;23419;11107;5.4;2.5
86;2021-02-20;115;176;23534;11283;5.4;2.6
86;2021-02-21;1;0;23535;11283;5.4;2.6
86;2021-02-22;240;428;23775;11711;5.4;2.7
86;2021-02-23;370;605;24145;12316;5.5;2.8
86;2021-02-24;409;587;24554;12903;5.6;2.9
86;2021-02-25;902;667;25456;13570;5.8;3.1
86;2021-02-26;1030;539;26486;14109;6.1;3.2
86;2021-02-27;460;151;26946;14260;6.2;3.3
86;2021-02-28;3;2;26949;14262;6.2;3.3
86;2021-03-01;232;526;27181;14788;6.2;3.4
86;2021-03-02;1142;852;28323;15640;6.5;3.6
86;2021-03-03;793;627;29116;16267;6.7;3.7
86;2021-03-04;1495;621;30611;16888;7.0;3.9
86;2021-03-05;1578;314;32189;17202;7.4;3.9
86;2021-03-06;995;169;33184;17371;7.6;4.0
86;2021-03-07;371;32;33555;17403;7.7;4.0
86;2021-03-08;472;541;34027;17944;7.8;4.1
86;2021-03-09;1368;530;35395;18474;8.1;4.2
86;2021-03-10;948;610;36343;19084;8.3;4.4
86;2021-03-11;1799;476;38142;19560;8.7;4.5
86;2021-03-12;2207;438;40349;19998;9.2;4.6
86;2021-03-13;1444;101;41793;20099;9.6;4.6
86;2021-03-14;133;16;41926;20115;9.6;4.6
86;2021-03-15;784;159;42710;20274;9.8;4.6
86;2021-03-16;847;203;43557;20477;10.0;4.7
86;2021-03-17;786;205;44343;20682;10.1;4.7
86;2021-03-18;1005;102;45348;20784;10.4;4.8
86;2021-03-19;2142;323;47490;21107;10.9;4.8
86;2021-03-20;592;132;48082;21239;11.0;4.9
86;2021-03-21;10;0;48092;21239;11.0;4.9
86;2021-03-22;852;277;48944;21516;11.2;4.9
86;2021-03-23;2015;328;50959;21844;11.7;5.0
86;2021-03-24;1557;291;52516;22135;12.0;5.1
86;2021-03-25;2488;352;55004;22487;12.6;5.1
86;2021-03-26;3042;361;58046;22848;13.3;5.2
86;2021-03-27;733;143;58779;22991;13.4;5.3
86;2021-03-28;5;128;58784;23119;13.4;5.3
86;2021-03-29;1260;393;60044;23512;13.7;5.4
86;2021-03-30;2403;821;62447;24333;14.3;5.6
86;2021-03-31;1511;625;63958;24958;14.6;5.7
86;2021-04-01;2244;942;66202;25900;15.1;5.9
86;2021-04-02;1902;555;68104;26455;15.6;6.0
86;2021-04-03;825;323;68929;26778;15.8;6.1
86;2021-04-04;82;108;69011;26886;15.8;6.1
86;2021-04-05;314;5;69325;26891;15.8;6.1
86;2021-04-06;1534;960;70859;27851;16.2;6.4
86;2021-04-07;1634;628;72493;28479;16.6;6.5
86;2021-04-08;2567;760;75060;29239;17.2;6.7
86;2021-04-09;3251;651;78311;29890;17.9;6.8
86;2021-04-10;1663;191;79974;30081;18.3;6.9
86;2021-04-11;442;10;80416;30091;18.4;6.9
86;2021-04-12;821;766;81237;30857;18.6;7.1
86;2021-04-13;2452;939;83689;31796;19.1;7.3
86;2021-04-14;1871;879;85560;32675;19.6;7.5
86;2021-04-15;2276;728;87836;33403;20.1;7.6
86;2021-04-16;2471;1228;90307;34631;20.6;7.9
86;2021-04-17;1039;263;91346;34894;20.9;8.0
86;2021-04-18;119;4;91465;34898;20.9;8.0
86;2021-04-19;745;795;92210;35693;21.1;8.2
86;2021-04-20;2300;1501;94510;37194;21.6;8.5
86;2021-04-21;2107;1126;96617;38320;22.1;8.8
86;2021-04-22;2331;1444;98948;39764;22.6;9.1
86;2021-04-23;2393;1578;101341;41342;23.2;9.5
86;2021-04-24;1300;510;102641;41852;23.5;9.6
86;2021-04-25;825;26;103466;41878;23.7;9.6
86;2021-04-26;2080;891;105546;42769;24.1;9.8
86;2021-04-27;3156;1671;108702;44440;24.9;10.2
86;2021-04-28;3004;1522;111706;45962;25.5;10.5
86;2021-04-29;3557;1832;115263;47794;26.4;10.9
86;2021-04-30;2969;1485;118232;49279;27.0;11.3
86;2021-05-01;1580;198;119812;49477;27.4;11.3
86;2021-05-02;1280;44;121092;49521;27.7;11.3
86;2021-05-03;2562;1005;123654;50526;28.3;11.6
86;2021-05-04;3509;1901;127163;52427;29.1;12.0
86;2021-05-05;3990;1485;131153;53912;30.0;12.3
86;2021-05-06;4291;1657;135444;55569;31.0;12.7
86;2021-05-07;4047;1828;139491;57397;31.9;13.1
86;2021-05-08;1976;398;141467;57795;32.3;13.2
86;2021-05-09;1641;203;143108;57998;32.7;13.3
86;2021-05-10;1958;1176;145066;59174;33.2;13.5
86;2021-05-11;3605;2688;148671;61862;34.0;14.1
86;2021-05-12;2251;1651;150922;63513;34.5;14.5
86;2021-05-13;1686;298;152608;63811;34.9;14.6
86;2021-05-14;2098;789;154706;64600;35.4;14.8
86;2021-05-15;1467;503;156173;65103;35.7;14.9
86;2021-05-16;778;164;156951;65267;35.9;14.9
86;2021-05-17;3220;1062;160171;66329;36.6;15.2
86;2021-05-18;4307;1667;164478;67996;37.6;15.5
86;2021-05-19;3591;1437;168069;69433;38.4;15.9
86;2021-05-20;4376;1624;172445;71057;39.4;16.2
86;2021-05-21;3438;1773;175883;72830;40.2;16.7
86;2021-05-22;2076;664;177959;73494;40.7;16.8
86;2021-05-23;1439;183;179398;73677;41.0;16.8
86;2021-05-24;1848;203;181246;73880;41.4;16.9
86;2021-05-25;2849;1642;184095;75522;42.1;17.3
86;2021-05-26;2727;1526;186822;77048;42.7;17.6
86;2021-05-27;3547;1852;190369;78900;43.5;18.0
86;2021-05-28;2163;2538;192532;81438;44.0;18.6
86;2021-05-29;1527;1288;194059;82726;44.4;18.9
86;2021-05-30;934;133;194993;82859;44.6;18.9
86;2021-05-31;1922;1821;196915;84680;45.0;19.4
86;2021-06-01;2665;2593;199580;87273;45.6;20.0
86;2021-06-02;2301;2669;201881;89942;46.2;20.6
86;2021-06-03;3336;2415;205217;92357;46.9;21.1
86;2021-06-04;2239;2863;207456;95220;47.4;21.8
86;2021-06-05;1502;1578;208958;96798;47.8;22.1
86;2021-06-06;819;899;209777;97697;48.0;22.3
86;2021-06-07;1118;2466;210895;100163;48.2;22.9
86;2021-06-08;1989;3698;212884;103861;48.7;23.7
86;2021-06-09;1903;3321;214787;107182;49.1;24.5
86;2021-06-10;2352;3242;217139;110424;49.6;25.2
86;2021-06-11;1518;2792;218657;113216;50.0;25.9
86;2021-06-12;746;2245;219403;115461;50.2;26.4
86;2021-06-13;214;1477;219617;116938;50.2;26.7
86;2021-06-14;1159;2904;220776;119842;50.5;27.4
86;2021-06-15;1688;4262;222464;124104;50.9;28.4
86;2021-06-16;1809;3132;224273;127236;51.3;29.1
86;2021-06-17;1776;4447;226049;131683;51.7;30.1
86;2021-06-18;1884;4591;227933;136274;52.1;31.2
86;2021-06-19;636;2101;228569;138375;52.3;31.6
86;2021-06-20;174;1319;228743;139694;52.3;31.9
86;2021-06-21;1106;2237;229849;141931;52.5;32.4
86;2021-06-22;1298;3459;231147;145390;52.8;33.2
86;2021-06-23;1364;2401;232511;147791;53.2;33.8
86;2021-06-24;1590;2725;234101;150516;53.5;34.4
86;2021-06-25;1193;3553;235294;154069;53.8;35.2
86;2021-06-26;391;2652;235685;156721;53.9;35.8
86;2021-06-27;138;1633;235823;158354;53.9;36.2
86;2021-06-28;271;3343;236094;161697;54.0;37.0
86;2021-06-29;857;4605;236951;166302;54.2;38.0
86;2021-06-30;1051;2974;238002;169276;54.4;38.7
86;2021-07-01;1540;3005;239542;172281;54.8;39.4
86;2021-07-02;1108;3644;240650;175925;55.0;40.2
86;2021-07-03;517;2394;241167;178319;55.1;40.8
86;2021-07-04;116;1347;241283;179666;55.2;41.1
86;2021-07-05;469;2832;241752;182498;55.3;41.7
86;2021-07-06;989;4103;242741;186601;55.5;42.7
86;2021-07-07;1260;2628;244001;189229;55.8;43.3
86;2021-07-08;1618;3150;245619;192379;56.2;44.0
86;2021-07-09;1744;3084;247363;195463;56.6;44.7
86;2021-07-10;1303;1954;248666;197417;56.9;45.1
86;2021-07-11;482;839;249148;198256;57.0;45.3
86;2021-07-12;850;2404;249998;200660;57.2;45.9
86;2021-07-13;1781;3367;251779;204027;57.6;46.6
86;2021-07-14;785;1232;252564;205259;57.7;46.9
86;2021-07-15;1884;3293;254448;208552;58.2;47.7
86;2021-07-16;1672;2664;256120;211216;58.6;48.3
86;2021-07-17;1350;1600;257470;212816;58.9;48.7
86;2021-07-18;378;906;257848;213722;59.0;48.9
86;2021-07-19;1376;1887;259224;215609;59.3;49.3
86;2021-07-20;2341;2733;261565;218342;59.8;49.9
86;2021-07-21;2302;2162;263867;220504;60.3;50.4
86;2021-07-22;2901;2795;266768;223299;61.0;51.1
86;2021-07-23;2466;2165;269234;225464;61.6;51.5
86;2021-07-24;1542;1225;270776;226689;61.9;51.8
86;2021-07-25;713;322;271489;227011;62.1;51.9
86;2021-07-26;1587;2105;273076;229116;62.4;52.4
86;2021-07-27;3550;2755;276626;231871;63.2;53.0
86;2021-07-28;3273;2135;279899;234006;64.0;53.5
86;2021-07-29;3262;2541;283161;236547;64.7;54.1
86;2021-07-30;2239;2379;285400;238926;65.2;54.6
86;2021-07-31;1421;1057;286821;239983;65.6;54.9
86;2021-08-01;648;337;287469;240320;65.7;54.9
86;2021-08-02;1935;1681;289404;242001;66.2;55.3
86;2021-08-03;3276;1993;292680;243994;66.9;55.8
86;2021-08-04;2737;1784;295417;245778;67.5;56.2
86;2021-08-05;3557;2056;298974;247834;68.4;56.7
86;2021-08-06;2364;1759;301338;249593;68.9;57.1
86;2021-08-07;1568;997;302906;250590;69.3;57.3
86;2021-08-08;946;551;303852;251141;69.5;57.4
86;2021-08-09;1874;1298;305726;252439;69.9;57.7
86;2021-08-10;2672;1782;308398;254221;70.5;58.1
86;2021-08-11;2350;1438;310748;255659;71.0;58.4
86;2021-08-12;2472;1834;313220;257493;71.6;58.9
86;2021-08-13;1824;1488;315044;258981;72.0;59.2
86;2021-08-14;1327;1150;316371;260131;72.3;59.5
86;2021-08-15;561;622;316932;260753;72.5;59.6
86;2021-08-16;1138;1789;318070;262542;72.7;60.0
86;2021-08-17;1552;2217;319622;264759;73.1;60.5
86;2021-08-18;1250;1856;320872;266615;73.4;61.0
86;2021-08-19;1496;2631;322368;269246;73.7;61.6
86;2021-08-20;1254;2598;323622;271844;74.0;62.2
86;2021-08-21;882;2007;324504;273851;74.2;62.6
86;2021-08-22;350;719;324854;274570;74.3;62.8
86;2021-08-23;715;1819;325569;276389;74.4;63.2
86;2021-08-24;1076;2748;326645;279137;74.7;63.8
86;2021-08-25;919;2063;327564;281200;74.9;64.3
86;2021-08-26;910;2808;328474;284008;75.1;64.9
87;2020-12-27;0;0;0;0;0.0;0.0
87;2020-12-28;1;0;1;0;0.0;0.0
87;2020-12-29;0;0;1;0;0.0;0.0
87;2020-12-30;0;0;1;0;0.0;0.0
87;2020-12-31;0;0;1;0;0.0;0.0
87;2021-01-01;0;0;1;0;0.0;0.0
87;2021-01-02;0;0;1;0;0.0;0.0
87;2021-01-03;0;0;1;0;0.0;0.0
87;2021-01-04;1;0;2;0;0.0;0.0
87;2021-01-05;1;0;3;0;0.0;0.0
87;2021-01-06;10;0;13;0;0.0;0.0
87;2021-01-07;301;0;314;0;0.1;0.0
87;2021-01-08;407;0;721;0;0.2;0.0
87;2021-01-09;64;0;785;0;0.2;0.0
87;2021-01-10;35;0;820;0;0.2;0.0
87;2021-01-11;424;0;1244;0;0.3;0.0
87;2021-01-12;652;0;1896;0;0.5;0.0
87;2021-01-13;660;3;2556;3;0.7;0.0
87;2021-01-14;517;11;3073;14;0.8;0.0
87;2021-01-15;533;3;3606;17;1.0;0.0
87;2021-01-16;204;1;3810;18;1.0;0.0
87;2021-01-17;1;0;3811;18;1.0;0.0
87;2021-01-18;646;5;4457;23;1.2;0.0
87;2021-01-19;656;1;5113;24;1.4;0.0
87;2021-01-20;674;3;5787;27;1.6;0.0
87;2021-01-21;717;1;6504;28;1.8;0.0
87;2021-01-22;758;4;7262;32;2.0;0.0
87;2021-01-23;286;0;7548;32;2.0;0.0
87;2021-01-24;0;0;7548;32;2.0;0.0
87;2021-01-25;620;10;8168;42;2.2;0.0
87;2021-01-26;570;52;8738;94;2.4;0.0
87;2021-01-27;572;40;9310;134;2.5;0.0
87;2021-01-28;857;110;10167;244;2.7;0.1
87;2021-01-29;740;272;10907;516;2.9;0.1
87;2021-01-30;327;74;11234;590;3.0;0.2
87;2021-01-31;34;71;11268;661;3.0;0.2
87;2021-02-01;413;310;11681;971;3.2;0.3
87;2021-02-02;452;481;12133;1452;3.3;0.4
87;2021-02-03;540;422;12673;1874;3.4;0.5
87;2021-02-04;613;594;13286;2468;3.6;0.7
87;2021-02-05;342;383;13628;2851;3.7;0.8
87;2021-02-06;53;154;13681;3005;3.7;0.8
87;2021-02-07;20;0;13701;3005;3.7;0.8
87;2021-02-08;245;444;13946;3449;3.8;0.9
87;2021-02-09;217;543;14163;3992;3.8;1.1
87;2021-02-10;262;625;14425;4617;3.9;1.2
87;2021-02-11;286;539;14711;5156;4.0;1.4
87;2021-02-12;287;556;14998;5712;4.0;1.5
87;2021-02-13;25;170;15023;5882;4.1;1.6
87;2021-02-14;0;3;15023;5885;4.1;1.6
87;2021-02-15;237;388;15260;6273;4.1;1.7
87;2021-02-16;330;330;15590;6603;4.2;1.8
87;2021-02-17;330;379;15920;6982;4.3;1.9
87;2021-02-18;478;645;16398;7627;4.4;2.1
87;2021-02-19;403;481;16801;8108;4.5;2.2
87;2021-02-20;123;196;16924;8304;4.6;2.2
87;2021-02-21;2;9;16926;8313;4.6;2.2
87;2021-02-22;438;576;17364;8889;4.7;2.4
87;2021-02-23;557;634;17921;9523;4.8;2.6
87;2021-02-24;450;600;18371;10123;5.0;2.7
87;2021-02-25;790;708;19161;10831;5.2;2.9
87;2021-02-26;840;476;20001;11307;5.4;3.0
87;2021-02-27;405;212;20406;11519;5.5;3.1
87;2021-02-28;3;0;20409;11519;5.5;3.1
87;2021-03-01;518;369;20927;11888;5.6;3.2
87;2021-03-02;1031;387;21958;12275;5.9;3.3
87;2021-03-03;1174;352;23132;12627;6.2;3.4
87;2021-03-04;1406;339;24538;12966;6.6;3.5
87;2021-03-05;1770;285;26308;13251;7.1;3.6
87;2021-03-06;1047;40;27355;13291;7.4;3.6
87;2021-03-07;257;6;27612;13297;7.4;3.6
87;2021-03-08;864;246;28476;13543;7.7;3.7
87;2021-03-09;1288;232;29764;13775;8.0;3.7
87;2021-03-10;1299;234;31063;14009;8.4;3.8
87;2021-03-11;1754;253;32817;14262;8.9;3.8
87;2021-03-12;2129;290;34946;14552;9.4;3.9
87;2021-03-13;1308;20;36254;14572;9.8;3.9
87;2021-03-14;80;1;36334;14573;9.8;3.9
87;2021-03-15;989;357;37323;14930;10.1;4.0
87;2021-03-16;1061;243;38384;15173;10.4;4.1
87;2021-03-17;1070;220;39454;15393;10.6;4.2
87;2021-03-18;1185;343;40639;15736;11.0;4.2
87;2021-03-19;1683;278;42322;16014;11.4;4.3
87;2021-03-20;923;85;43245;16099;11.7;4.3
87;2021-03-21;32;0;43277;16099;11.7;4.3
87;2021-03-22;1049;382;44326;16481;12.0;4.4
87;2021-03-23;1386;431;45712;16912;12.3;4.6
87;2021-03-24;1508;367;47220;17279;12.7;4.7
87;2021-03-25;2500;395;49720;17674;13.4;4.8
87;2021-03-26;2531;455;52251;18129;14.1;4.9
87;2021-03-27;889;125;53140;18254;14.3;4.9
87;2021-03-28;269;18;53409;18272;14.4;4.9
87;2021-03-29;1118;417;54527;18689;14.7;5.0
87;2021-03-30;1908;666;56435;19355;15.2;5.2
87;2021-03-31;1660;694;58095;20049;15.7;5.4
87;2021-04-01;2239;572;60334;20621;16.3;5.6
87;2021-04-02;1842;634;62176;21255;16.8;5.7
87;2021-04-03;455;265;62631;21520;16.9;5.8
87;2021-04-04;2;0;62633;21520;16.9;5.8
87;2021-04-05;82;1;62715;21521;16.9;5.8
87;2021-04-06;1000;906;63715;22427;17.2;6.0
87;2021-04-07;1486;925;65201;23352;17.6;6.3
87;2021-04-08;1785;1034;66986;24386;18.1;6.6
87;2021-04-09;2647;736;69633;25122;18.8;6.8
87;2021-04-10;1190;306;70823;25428;19.1;6.9
87;2021-04-11;68;0;70891;25428;19.1;6.9
87;2021-04-12;1618;826;72509;26254;19.6;7.1
87;2021-04-13;2290;1061;74799;27315;20.2;7.4
87;2021-04-14;2528;1186;77327;28501;20.9;7.7
87;2021-04-15;2223;1076;79550;29577;21.5;8.0
87;2021-04-16;2736;1071;82286;30648;22.2;8.3
87;2021-04-17;731;385;83017;31033;22.4;8.4
87;2021-04-18;111;141;83128;31174;22.4;8.4
87;2021-04-19;1658;838;84786;32012;22.9;8.6
87;2021-04-20;2085;881;86871;32893;23.4;8.9
87;2021-04-21;2296;992;89167;33885;24.0;9.1
87;2021-04-22;2564;1162;91731;35047;24.7;9.5
87;2021-04-23;1997;1181;93728;36228;25.3;9.8
87;2021-04-24;825;620;94553;36848;25.5;9.9
87;2021-04-25;64;103;94617;36951;25.5;10.0
87;2021-04-26;1356;915;95973;37866;25.9;10.2
87;2021-04-27;2398;1207;98371;39073;26.5;10.5
87;2021-04-28;3867;1443;102238;40516;27.6;10.9
87;2021-04-29;3077;1843;105315;42359;28.4;11.4
87;2021-04-30;3175;1360;108490;43719;29.3;11.8
87;2021-05-01;613;58;109103;43777;29.4;11.8
87;2021-05-02;361;5;109464;43782;29.5;11.8
87;2021-05-03;2322;939;111786;44721;30.1;12.1
87;2021-05-04;2906;1071;114692;45792;30.9;12.4
87;2021-05-05;2989;1512;117681;47304;31.7;12.8
87;2021-05-06;2531;1724;120212;49028;32.4;13.2
87;2021-05-07;2944;1722;123156;50750;33.2;13.7
87;2021-05-08;772;295;123928;51045;33.4;13.8
87;2021-05-09;19;133;123947;51178;33.4;13.8
87;2021-05-10;1937;1604;125884;52782;34.0;14.2
87;2021-05-11;2466;1909;128350;54691;34.6;14.8
87;2021-05-12;2621;2066;130971;56757;35.3;15.3
87;2021-05-13;1085;293;132056;57050;35.6;15.4
87;2021-05-14;2244;1772;134300;58822;36.2;15.9
87;2021-05-15;950;409;135250;59231;36.5;16.0
87;2021-05-16;141;73;135391;59304;36.5;16.0
87;2021-05-17;1628;1761;137019;61065;37.0;16.5
87;2021-05-18;2634;1818;139653;62883;37.7;17.0
87;2021-05-19;2822;1552;142475;64435;38.4;17.4
87;2021-05-20;3303;1724;145778;66159;39.3;17.8
87;2021-05-21;2765;1841;148543;68000;40.1;18.3
87;2021-05-22;1458;628;150001;68628;40.5;18.5
87;2021-05-23;211;92;150212;68720;40.5;18.5
87;2021-05-24;1056;142;151268;68862;40.8;18.6
87;2021-05-25;2118;1811;153386;70673;41.4;19.1
87;2021-05-26;3221;2478;156607;73151;42.2;19.7
87;2021-05-27;3024;2357;159631;75508;43.1;20.4
87;2021-05-28;2673;2524;162304;78032;43.8;21.0
87;2021-05-29;1060;1315;163364;79347;44.1;21.4
87;2021-05-30;258;60;163622;79407;44.1;21.4
87;2021-05-31;2286;1359;165908;80766;44.7;21.8
87;2021-06-01;2548;1866;168456;82632;45.4;22.3
87;2021-06-02;2526;1857;170982;84489;46.1;22.8
87;2021-06-03;3210;2529;174192;87018;47.0;23.5
87;2021-06-04;2839;2059;177031;89077;47.7;24.0
87;2021-06-05;1311;576;178342;89653;48.1;24.2
87;2021-06-06;262;95;178604;89748;48.2;24.2
87;2021-06-07;2100;1901;180704;91649;48.7;24.7
87;2021-06-08;2960;2600;183664;94249;49.5;25.4
87;2021-06-09;2305;2813;185969;97062;50.2;26.2
87;2021-06-10;2974;2552;188943;99614;51.0;26.9
87;2021-06-11;2363;3075;191306;102689;51.6;27.7
87;2021-06-12;1220;1104;192526;103793;51.9;28.0
87;2021-06-13;293;484;192819;104277;52.0;28.1
87;2021-06-14;980;2730;193799;107007;52.3;28.9
87;2021-06-15;1361;3321;195160;110328;52.6;29.8
87;2021-06-16;1650;3422;196810;113750;53.1;30.7
87;2021-06-17;2437;2315;199247;116065;53.7;31.3
87;2021-06-18;1790;3018;201037;119083;54.2;32.1
87;2021-06-19;1047;1177;202084;120260;54.5;32.4
87;2021-06-20;205;205;202289;120465;54.6;32.5
87;2021-06-21;1041;2643;203330;123108;54.8;33.2
87;2021-06-22;1029;2882;204359;125990;55.1;34.0
87;2021-06-23;1257;3080;205616;129070;55.5;34.8
87;2021-06-24;1620;2558;207236;131628;55.9;35.5
87;2021-06-25;1450;2713;208686;134341;56.3;36.2
87;2021-06-26;529;1202;209215;135543;56.4;36.6
87;2021-06-27;26;212;209241;135755;56.4;36.6
87;2021-06-28;717;2573;209958;138328;56.6;37.3
87;2021-06-29;1156;3417;211114;141745;56.9;38.2
87;2021-06-30;1123;2651;212237;144396;57.2;38.9
87;2021-07-01;1481;2549;213718;146945;57.6;39.6
87;2021-07-02;1200;3462;214918;150407;58.0;40.6
87;2021-07-03;413;1511;215331;151918;58.1;41.0
87;2021-07-04;24;384;215355;152302;58.1;41.1
87;2021-07-05;686;2395;216041;154697;58.3;41.7
87;2021-07-06;583;3221;216624;157918;58.4;42.6
87;2021-07-07;863;3345;217487;161263;58.7;43.5
87;2021-07-08;1119;3673;218606;164936;59.0;44.5
87;2021-07-09;1110;3700;219716;168636;59.3;45.5
87;2021-07-10;290;1360;220006;169996;59.3;45.8
87;2021-07-11;49;284;220055;170280;59.4;45.9
87;2021-07-12;559;3189;220614;173469;59.5;46.8
87;2021-07-13;833;3513;221447;176982;59.7;47.7
87;2021-07-14;518;540;221965;177522;59.9;47.9
87;2021-07-15;1361;3461;223326;180983;60.2;48.8
87;2021-07-16;1730;3601;225056;184584;60.7;49.8
87;2021-07-17;655;1373;225711;185957;60.9;50.2
87;2021-07-18;81;285;225792;186242;60.9;50.2
87;2021-07-19;1433;3401;227225;189643;61.3;51.1
87;2021-07-20;1806;3594;229031;193237;61.8;52.1
87;2021-07-21;1451;3151;230482;196388;62.2;53.0
87;2021-07-22;1878;3250;232360;199638;62.7;53.8
87;2021-07-23;1868;3171;234228;202809;63.2;54.7
87;2021-07-24;814;1283;235042;204092;63.4;55.0
87;2021-07-25;106;241;235148;204333;63.4;55.1
87;2021-07-26;1540;2330;236688;206663;63.8;55.7
87;2021-07-27;2551;2061;239239;208724;64.5;56.3
87;2021-07-28;2389;2006;241628;210730;65.2;56.8
87;2021-07-29;3003;1994;244631;212724;66.0;57.4
87;2021-07-30;2537;2075;247168;214799;66.7;57.9
87;2021-07-31;1104;838;248272;215637;67.0;58.2
87;2021-08-01;284;151;248556;215788;67.0;58.2
87;2021-08-02;2114;1511;250670;217299;67.6;58.6
87;2021-08-03;2485;1331;253155;218630;68.3;59.0
87;2021-08-04;2308;1063;255463;219693;68.9;59.3
87;2021-08-05;2517;1408;257980;221101;69.6;59.6
87;2021-08-06;2129;1658;260109;222759;70.2;60.1
87;2021-08-07;1102;782;261211;223541;70.5;60.3
87;2021-08-08;206;123;261417;223664;70.5;60.3
87;2021-08-09;1815;1530;263232;225194;71.0;60.7
87;2021-08-10;2192;1537;265424;226731;71.6;61.2
87;2021-08-11;1905;1271;267329;228002;72.1;61.5
87;2021-08-12;2089;1478;269418;229480;72.7;61.9
87;2021-08-13;1717;1634;271135;231114;73.1;62.3
87;2021-08-14;667;731;271802;231845;73.3;62.5
87;2021-08-15;72;104;271874;231949;73.3;62.6
87;2021-08-16;1500;1747;273374;233696;73.7;63.0
87;2021-08-17;1343;1667;274717;235363;74.1;63.5
87;2021-08-18;1241;1998;275958;237361;74.4;64.0
87;2021-08-19;1217;1799;277175;239160;74.8;64.5
87;2021-08-20;913;2202;278088;241362;75.0;65.1
87;2021-08-21;317;964;278405;242326;75.1;65.4
87;2021-08-22;92;235;278497;242561;75.1;65.4
87;2021-08-23;742;2389;279239;244950;75.3;66.1
87;2021-08-24;758;2133;279997;247083;75.5;66.6
87;2021-08-25;707;2056;280704;249139;75.7;67.2
87;2021-08-26;845;2150;281549;251289;75.9;67.8
88;2020-12-27;0;0;0;0;0.0;0.0
88;2020-12-28;0;0;0;0;0.0;0.0
88;2020-12-29;0;0;0;0;0.0;0.0
88;2020-12-30;0;0;0;0;0.0;0.0
88;2020-12-31;0;0;0;0;0.0;0.0
88;2021-01-01;2;0;2;0;0.0;0.0
88;2021-01-02;0;0;2;0;0.0;0.0
88;2021-01-03;0;0;2;0;0.0;0.0
88;2021-01-04;0;0;2;0;0.0;0.0
88;2021-01-05;1;0;3;0;0.0;0.0
88;2021-01-06;3;0;6;0;0.0;0.0
88;2021-01-07;71;1;77;1;0.0;0.0
88;2021-01-08;189;2;266;3;0.1;0.0
88;2021-01-09;190;0;456;3;0.1;0.0
88;2021-01-10;0;0;456;3;0.1;0.0
88;2021-01-11;227;0;683;3;0.2;0.0
88;2021-01-12;422;0;1105;3;0.3;0.0
88;2021-01-13;491;2;1596;5;0.4;0.0
88;2021-01-14;346;2;1942;7;0.5;0.0
88;2021-01-15;380;2;2322;9;0.6;0.0
88;2021-01-16;62;0;2384;9;0.7;0.0
88;2021-01-17;1;0;2385;9;0.7;0.0
88;2021-01-18;461;0;2846;9;0.8;0.0
88;2021-01-19;451;0;3297;9;0.9;0.0
88;2021-01-20;460;1;3757;10;1.0;0.0
88;2021-01-21;1544;5;5301;15;1.5;0.0
88;2021-01-22;1181;2;6482;17;1.8;0.0
88;2021-01-23;284;0;6766;17;1.9;0.0
88;2021-01-24;298;2;7064;19;2.0;0.0
88;2021-01-25;938;3;8002;22;2.2;0.0
88;2021-01-26;388;5;8390;27;2.3;0.0
88;2021-01-27;4;0;8394;27;2.3;0.0
88;2021-01-28;162;37;8556;64;2.4;0.0
88;2021-01-29;526;161;9082;225;2.5;0.1
88;2021-01-30;288;127;9370;352;2.6;0.1
88;2021-01-31;0;0;9370;352;2.6;0.1
88;2021-02-01;406;283;9776;635;2.7;0.2
88;2021-02-02;333;364;10109;999;2.8;0.3
88;2021-02-03;437;241;10546;1240;2.9;0.3
88;2021-02-04;315;229;10861;1469;3.0;0.4
88;2021-02-05;457;252;11318;1721;3.1;0.5
88;2021-02-06;110;56;11428;1777;3.2;0.5
88;2021-02-07;0;0;11428;1777;3.2;0.5
88;2021-02-08;359;203;11787;1980;3.3;0.6
88;2021-02-09;291;288;12078;2268;3.4;0.6
88;2021-02-10;416;346;12494;2614;3.5;0.7
88;2021-02-11;851;1096;13345;3710;3.7;1.0
88;2021-02-12;938;706;14283;4416;4.0;1.2
88;2021-02-13;162;212;14445;4628;4.0;1.3
88;2021-02-14;81;216;14526;4844;4.0;1.3
88;2021-02-15;641;1075;15167;5919;4.2;1.6
88;2021-02-16;472;723;15639;6642;4.3;1.8
88;2021-02-17;456;437;16095;7079;4.5;2.0
88;2021-02-18;516;385;16611;7464;4.6;2.1
88;2021-02-19;536;461;17147;7925;4.8;2.2
88;2021-02-20;156;101;17303;8026;4.8;2.2
88;2021-02-21;1;25;17304;8051;4.8;2.2
88;2021-02-22;425;342;17729;8393;4.9;2.3
88;2021-02-23;403;233;18132;8626;5.0;2.4
88;2021-02-24;506;210;18638;8836;5.2;2.5
88;2021-02-25;675;285;19313;9121;5.4;2.5
88;2021-02-26;863;277;20176;9398;5.6;2.6
88;2021-02-27;269;34;20445;9432;5.7;2.6
88;2021-02-28;30;1;20475;9433;5.7;2.6
88;2021-03-01;359;464;20834;9897;5.8;2.8
88;2021-03-02;431;497;21265;10394;5.9;2.9
88;2021-03-03;649;463;21914;10857;6.1;3.0
88;2021-03-04;1039;755;22953;11612;6.4;3.2
88;2021-03-05;934;703;23887;12315;6.6;3.4
88;2021-03-06;1874;120;25761;12435;7.2;3.5
88;2021-03-07;1058;79;26819;12514;7.5;3.5
88;2021-03-08;727;690;27546;13204;7.7;3.7
88;2021-03-09;1095;536;28641;13740;8.0;3.8
88;2021-03-10;1083;494;29724;14234;8.3;4.0
88;2021-03-11;1441;402;31165;14636;8.7;4.1
88;2021-03-12;1309;489;32474;15125;9.0;4.2
88;2021-03-13;1210;128;33684;15253;9.4;4.2
88;2021-03-14;166;5;33850;15258;9.4;4.2
88;2021-03-15;929;449;34779;15707;9.7;4.4
88;2021-03-16;1024;345;35803;16052;10.0;4.5
88;2021-03-17;903;424;36706;16476;10.2;4.6
88;2021-03-18;1301;401;38007;16877;10.6;4.7
88;2021-03-19;1464;502;39471;17379;11.0;4.8
88;2021-03-20;1317;53;40788;17432;11.3;4.8
88;2021-03-21;37;0;40825;17432;11.4;4.8
88;2021-03-22;1232;544;42057;17976;11.7;5.0
88;2021-03-23;1780;441;43837;18417;12.2;5.1
88;2021-03-24;1876;472;45713;18889;12.7;5.3
88;2021-03-25;2499;493;48212;19382;13.4;5.4
88;2021-03-26;2480;457;50692;19839;14.1;5.5
88;2021-03-27;883;298;51575;20137;14.3;5.6
88;2021-03-28;61;4;51636;20141;14.4;5.6
88;2021-03-29;1305;447;52941;20588;14.7;5.7
88;2021-03-30;2062;393;55003;20981;15.3;5.8
88;2021-03-31;1619;578;56622;21559;15.7;6.0
88;2021-04-01;2118;716;58740;22275;16.3;6.2
88;2021-04-02;2816;645;61556;22920;17.1;6.4
88;2021-04-03;745;215;62301;23135;17.3;6.4
88;2021-04-04;16;1;62317;23136;17.3;6.4
88;2021-04-05;23;2;62340;23138;17.3;6.4
88;2021-04-06;1139;679;63479;23817;17.7;6.6
88;2021-04-07;1600;714;65079;24531;18.1;6.8
88;2021-04-08;1859;789;66938;25320;18.6;7.0
88;2021-04-09;3080;742;70018;26062;19.5;7.2
88;2021-04-10;724;648;70742;26710;19.7;7.4
88;2021-04-11;33;1;70775;26711;19.7;7.4
88;2021-04-12;1539;985;72314;27696;20.1;7.7
88;2021-04-13;2037;1092;74351;28788;20.7;8.0
88;2021-04-14;1911;949;76262;29737;21.2;8.3
88;2021-04-15;1968;1242;78230;30979;21.8;8.6
88;2021-04-16;2108;1049;80338;32028;22.3;8.9
88;2021-04-17;1429;766;81767;32794;22.7;9.1
88;2021-04-18;268;23;82035;32817;22.8;9.1
88;2021-04-19;1173;1236;83208;34053;23.1;9.5
88;2021-04-20;1190;1397;84398;35450;23.5;9.9
88;2021-04-21;1503;1297;85901;36747;23.9;10.2
88;2021-04-22;1899;1631;87800;38378;24.4;10.7
88;2021-04-23;1825;2047;89625;40425;24.9;11.2
88;2021-04-24;1184;782;90809;41207;25.3;11.5
88;2021-04-25;34;2;90843;41209;25.3;11.5
88;2021-04-26;1180;1173;92023;42382;25.6;11.8
88;2021-04-27;1278;1734;93301;44116;26.0;12.3
88;2021-04-28;1634;1497;94935;45613;26.4;12.7
88;2021-04-29;2082;1465;97017;47078;27.0;13.1
88;2021-04-30;2450;1631;99467;48709;27.7;13.5
88;2021-05-01;2008;286;101475;48995;28.2;13.6
88;2021-05-02;1301;122;102776;49117;28.6;13.7
88;2021-05-03;1558;1218;104334;50335;29.0;14.0
88;2021-05-04;1444;1468;105778;51803;29.4;14.4
88;2021-05-05;2427;1599;108205;53402;30.1;14.9
88;2021-05-06;3210;1212;111415;54614;31.0;15.2
88;2021-05-07;2938;1357;114353;55971;31.8;15.6
88;2021-05-08;1532;469;115885;56440;32.2;15.7
88;2021-05-09;1734;156;117619;56596;32.7;15.7
88;2021-05-10;1764;1572;119383;58168;33.2;16.2
88;2021-05-11;2657;1912;122040;60080;33.9;16.7
88;2021-05-12;2531;1854;124571;61934;34.6;17.2
88;2021-05-13;3258;680;127829;62614;35.6;17.4
88;2021-05-14;2501;1542;130330;64156;36.3;17.8
88;2021-05-15;1625;742;131955;64898;36.7;18.1
88;2021-05-16;1333;104;133288;65002;37.1;18.1
88;2021-05-17;1988;947;135276;65949;37.6;18.3
88;2021-05-18;2256;1113;137532;67062;38.3;18.7
88;2021-05-19;2723;1149;140255;68211;39.0;19.0
88;2021-05-20;3347;1238;143602;69449;39.9;19.3
88;2021-05-21;2875;1149;146477;70598;40.7;19.6
88;2021-05-22;1432;714;147909;71312;41.1;19.8
88;2021-05-23;557;74;148466;71386;41.3;19.9
88;2021-05-24;1675;434;150141;71820;41.8;20.0
88;2021-05-25;1647;1174;151788;72994;42.2;20.3
88;2021-05-26;2368;1141;154156;74135;42.9;20.6
88;2021-05-27;2201;1361;156357;75496;43.5;21.0
88;2021-05-28;1892;1989;158249;77485;44.0;21.6
88;2021-05-29;1232;1754;159481;79239;44.4;22.0
88;2021-05-30;587;418;160068;79657;44.5;22.2
88;2021-05-31;1327;1854;161395;81511;44.9;22.7
88;2021-06-01;1720;1988;163115;83499;45.4;23.2
88;2021-06-02;2077;1872;165192;85371;45.9;23.7
88;2021-06-03;2739;1620;167931;86991;46.7;24.2
88;2021-06-04;2043;1935;169974;88926;47.3;24.7
88;2021-06-05;1531;1139;171505;90065;47.7;25.1
88;2021-06-06;693;155;172198;90220;47.9;25.1
88;2021-06-07;1292;1709;173490;91929;48.3;25.6
88;2021-06-08;1666;1934;175156;93863;48.7;26.1
88;2021-06-09;1618;1911;176774;95774;49.2;26.6
88;2021-06-10;1781;2048;178555;97822;49.7;27.2
88;2021-06-11;1549;2217;180104;100039;50.1;27.8
88;2021-06-12;669;1657;180773;101696;50.3;28.3
88;2021-06-13;464;377;181237;102073;50.4;28.4
88;2021-06-14;1030;2249;182267;104322;50.7;29.0
88;2021-06-15;1929;2459;184196;106781;51.2;29.7
88;2021-06-16;1484;2870;185680;109651;51.6;30.5
88;2021-06-17;1600;2728;187280;112379;52.1;31.3
88;2021-06-18;1356;2461;188636;114840;52.5;31.9
88;2021-06-19;701;1090;189337;115930;52.7;32.2
88;2021-06-20;78;79;189415;116009;52.7;32.3
88;2021-06-21;672;2581;190087;118590;52.9;33.0
88;2021-06-22;869;3432;190956;122022;53.1;33.9
88;2021-06-23;1142;2877;192098;124899;53.4;34.7
88;2021-06-24;703;2603;192801;127502;53.6;35.5
88;2021-06-25;1436;3180;194237;130682;54.0;36.3
88;2021-06-26;903;2071;195140;132753;54.3;36.9
88;2021-06-27;543;634;195683;133387;54.4;37.1
88;2021-06-28;758;2513;196441;135900;54.6;37.8
88;2021-06-29;961;3355;197402;139255;54.9;38.7
88;2021-06-30;1136;3114;198538;142369;55.2;39.6
88;2021-07-01;1057;2687;199595;145056;55.5;40.3
88;2021-07-02;988;3147;200583;148203;55.8;41.2
88;2021-07-03;694;1699;201277;149902;56.0;41.7
88;2021-07-04;258;815;201535;150717;56.1;41.9
88;2021-07-05;993;2022;202528;152739;56.3;42.5
88;2021-07-06;1020;2415;203548;155154;56.6;43.2
88;2021-07-07;1179;2586;204727;157740;56.9;43.9
88;2021-07-08;1085;2064;205812;159804;57.2;44.4
88;2021-07-09;1583;2705;207395;162509;57.7;45.2
88;2021-07-10;719;1818;208114;164327;57.9;45.7
88;2021-07-11;468;696;208582;165023;58.0;45.9
88;2021-07-12;1055;2521;209637;167544;58.3;46.6
88;2021-07-13;1313;2653;210950;170197;58.7;47.3
88;2021-07-14;1206;801;212156;170998;59.0;47.6
88;2021-07-15;1744;3314;213900;174312;59.5;48.5
88;2021-07-16;1470;2964;215370;177276;59.9;49.3
88;2021-07-17;802;1589;216172;178865;60.1;49.8
88;2021-07-18;180;679;216352;179544;60.2;49.9
88;2021-07-19;1562;2232;217914;181776;60.6;50.6
88;2021-07-20;2143;2390;220057;184166;61.2;51.2
88;2021-07-21;1938;2219;221995;186385;61.7;51.8
88;2021-07-22;1697;2109;223692;188494;62.2;52.4
88;2021-07-23;2507;2782;226199;191276;62.9;53.2
88;2021-07-24;1059;1186;227258;192462;63.2;53.5
88;2021-07-25;432;608;227690;193070;63.3;53.7
88;2021-07-26;1712;2074;229402;195144;63.8;54.3
88;2021-07-27;2349;2058;231751;197202;64.5;54.9
88;2021-07-28;2207;2247;233958;199449;65.1;55.5
88;2021-07-29;3027;1636;236985;201085;65.9;55.9
88;2021-07-30;2273;2294;239258;203379;66.5;56.6
88;2021-07-31;1101;1037;240359;204416;66.9;56.9
88;2021-08-01;443;462;240802;204878;67.0;57.0
88;2021-08-02;2369;1766;243171;206644;67.6;57.5
88;2021-08-03;2868;1588;246039;208232;68.4;57.9
88;2021-08-04;2515;1530;248554;209762;69.1;58.3
88;2021-08-05;1991;1378;250545;211140;69.7;58.7
88;2021-08-06;2914;2012;253459;213152;70.5;59.3
88;2021-08-07;1170;912;254629;214064;70.8;59.5
88;2021-08-08;750;318;255379;214382;71.0;59.6
88;2021-08-09;1544;1647;256923;216029;71.5;60.1
88;2021-08-10;1935;2058;258858;218087;72.0;60.7
88;2021-08-11;1862;1748;260720;219835;72.5;61.1
88;2021-08-12;1659;1347;262379;221182;73.0;61.5
88;2021-08-13;1923;2121;264302;223303;73.5;62.1
88;2021-08-14;576;910;264878;224213;73.7;62.4
88;2021-08-15;336;522;265214;224735;73.8;62.5
88;2021-08-16;1145;1985;266359;226720;74.1;63.1
88;2021-08-17;1267;2054;267626;228774;74.4;63.6
88;2021-08-18;1202;1921;268828;230695;74.8;64.2
88;2021-08-19;1037;1580;269865;232275;75.1;64.6
88;2021-08-20;1015;2328;270880;234603;75.3;65.3
88;2021-08-21;402;1140;271282;235743;75.5;65.6
88;2021-08-22;99;477;271381;236220;75.5;65.7
88;2021-08-23;730;1640;272111;237860;75.7;66.2
88;2021-08-24;913;1968;273024;239828;75.9;66.7
88;2021-08-25;889;2455;273913;242283;76.2;67.4
88;2021-08-26;857;2041;274770;244324;76.4;68.0
89;2020-12-27;0;0;0;0;0.0;0.0
89;2020-12-28;1;0;1;0;0.0;0.0
89;2020-12-29;0;0;1;0;0.0;0.0
89;2020-12-30;0;0;1;0;0.0;0.0
89;2020-12-31;0;0;1;0;0.0;0.0
89;2021-01-01;0;0;1;0;0.0;0.0
89;2021-01-02;0;0;1;0;0.0;0.0
89;2021-01-03;0;0;1;0;0.0;0.0
89;2021-01-04;0;0;1;0;0.0;0.0
89;2021-01-05;0;0;1;0;0.0;0.0
89;2021-01-06;48;0;49;0;0.0;0.0
89;2021-01-07;201;0;250;0;0.1;0.0
89;2021-01-08;48;0;298;0;0.1;0.0
89;2021-01-09;1;0;299;0;0.1;0.0
89;2021-01-10;0;0;299;0;0.1;0.0
89;2021-01-11;220;0;519;0;0.2;0.0
89;2021-01-12;349;0;868;0;0.3;0.0
89;2021-01-13;533;3;1401;3;0.4;0.0
89;2021-01-14;709;7;2110;10;0.6;0.0
89;2021-01-15;275;2;2385;12;0.7;0.0
89;2021-01-16;90;3;2475;15;0.7;0.0
89;2021-01-17;0;0;2475;15;0.7;0.0
89;2021-01-18;503;1;2978;16;0.9;0.0
89;2021-01-19;840;3;3818;19;1.1;0.0
89;2021-01-20;760;1;4578;20;1.4;0.0
89;2021-01-21;939;4;5517;24;1.7;0.0
89;2021-01-22;1020;1;6537;25;2.0;0.0
89;2021-01-23;200;0;6737;25;2.0;0.0
89;2021-01-24;106;0;6843;25;2.1;0.0
89;2021-01-25;482;4;7325;29;2.2;0.0
89;2021-01-26;582;13;7907;42;2.4;0.0
89;2021-01-27;472;38;8379;80;2.5;0.0
89;2021-01-28;550;127;8929;207;2.7;0.1
89;2021-01-29;958;42;9887;249;3.0;0.1
89;2021-01-30;184;67;10071;316;3.0;0.1
89;2021-01-31;24;2;10095;318;3.0;0.1
89;2021-02-01;255;152;10350;470;3.1;0.1
89;2021-02-02;282;334;10632;804;3.2;0.2
89;2021-02-03;292;344;10924;1148;3.3;0.3
89;2021-02-04;432;593;11356;1741;3.4;0.5
89;2021-02-05;387;201;11743;1942;3.5;0.6
89;2021-02-06;77;66;11820;2008;3.6;0.6
89;2021-02-07;0;0;11820;2008;3.6;0.6
89;2021-02-08;288;188;12108;2196;3.6;0.7
89;2021-02-09;285;440;12393;2636;3.7;0.8
89;2021-02-10;396;314;12789;2950;3.9;0.9
89;2021-02-11;333;549;13122;3499;4.0;1.1
89;2021-02-12;433;599;13555;4098;4.1;1.2
89;2021-02-13;52;131;13607;4229;4.1;1.3
89;2021-02-14;21;116;13628;4345;4.1;1.3
89;2021-02-15;218;405;13846;4750;4.2;1.4
89;2021-02-16;134;534;13980;5284;4.2;1.6
89;2021-02-17;263;435;14243;5719;4.3;1.7
89;2021-02-18;225;555;14468;6274;4.4;1.9
89;2021-02-19;244;652;14712;6926;4.4;2.1
89;2021-02-20;33;140;14745;7066;4.4;2.1
89;2021-02-21;0;10;14745;7076;4.4;2.1
89;2021-02-22;233;452;14978;7528;4.5;2.3
89;2021-02-23;171;492;15149;8020;4.6;2.4
89;2021-02-24;343;389;15492;8409;4.7;2.5
89;2021-02-25;370;465;15862;8874;4.8;2.7
89;2021-02-26;385;336;16247;9210;4.9;2.8
89;2021-02-27;138;82;16385;9292;4.9;2.8
89;2021-02-28;6;13;16391;9305;4.9;2.8
89;2021-03-01;541;237;16932;9542;5.1;2.9
89;2021-03-02;754;355;17686;9897;5.3;3.0
89;2021-03-03;647;276;18333;10173;5.5;3.1
89;2021-03-04;633;379;18966;10552;5.7;3.2
89;2021-03-05;728;505;19694;11057;5.9;3.3
89;2021-03-06;549;131;20243;11188;6.1;3.4
89;2021-03-07;288;40;20531;11228;6.2;3.4
89;2021-03-08;558;326;21089;11554;6.4;3.5
89;2021-03-09;1000;276;22089;11830;6.7;3.6
89;2021-03-10;984;255;23073;12085;6.9;3.6
89;2021-03-11;1074;301;24147;12386;7.3;3.7
89;2021-03-12;1281;337;25428;12723;7.7;3.8
89;2021-03-13;636;44;26064;12767;7.8;3.8
89;2021-03-14;1;0;26065;12767;7.8;3.8
89;2021-03-15;815;312;26880;13079;8.1;3.9
89;2021-03-16;948;224;27828;13303;8.4;4.0
89;2021-03-17;918;269;28746;13572;8.7;4.1
89;2021-03-18;884;255;29630;13827;8.9;4.2
89;2021-03-19;1149;197;30779;14024;9.3;4.2
89;2021-03-20;844;28;31623;14052;9.5;4.2
89;2021-03-21;173;6;31796;14058;9.6;4.2
89;2021-03-22;1044;225;32840;14283;9.9;4.3
89;2021-03-23;1740;264;34580;14547;10.4;4.4
89;2021-03-24;1967;326;36547;14873;11.0;4.5
89;2021-03-25;1819;171;38366;15044;11.6;4.5
89;2021-03-26;2627;184;40993;15228;12.3;4.6
89;2021-03-27;1774;48;42767;15276;12.9;4.6
89;2021-03-28;32;3;42799;15279;12.9;4.6
89;2021-03-29;965;579;43764;15858;13.2;4.8
89;2021-03-30;1153;569;44917;16427;13.5;4.9
89;2021-03-31;2005;473;46922;16900;14.1;5.1
89;2021-04-01;2120;459;49042;17359;14.8;5.2
89;2021-04-02;2139;446;51181;17805;15.4;5.4
89;2021-04-03;1004;242;52185;18047;15.7;5.4
89;2021-04-04;16;1;52201;18048;15.7;5.4
89;2021-04-05;92;2;52293;18050;15.7;5.4
89;2021-04-06;1035;757;53328;18807;16.1;5.7
89;2021-04-07;1030;804;54358;19611;16.4;5.9
89;2021-04-08;1729;725;56087;20336;16.9;6.1
89;2021-04-09;2162;768;58249;21104;17.5;6.4
89;2021-04-10;892;181;59141;21285;17.8;6.4
89;2021-04-11;38;51;59179;21336;17.8;6.4
89;2021-04-12;1013;793;60192;22129;18.1;6.7
89;2021-04-13;1357;1079;61549;23208;18.5;7.0
89;2021-04-14;1211;1038;62760;24246;18.9;7.3
89;2021-04-15;1415;944;64175;25190;19.3;7.6
89;2021-04-16;1329;940;65504;26130;19.7;7.9
89;2021-04-17;1068;454;66572;26584;20.0;8.0
89;2021-04-18;27;154;66599;26738;20.1;8.1
89;2021-04-19;749;1038;67348;27776;20.3;8.4
89;2021-04-20;1018;1535;68366;29311;20.6;8.8
89;2021-04-21;814;1106;69180;30417;20.8;9.2
89;2021-04-22;1108;1167;70288;31584;21.2;9.5
89;2021-04-23;1823;1967;72111;33551;21.7;10.1
89;2021-04-24;1173;1174;73284;34725;22.1;10.5
89;2021-04-25;139;6;73423;34731;22.1;10.5
89;2021-04-26;1503;775;74926;35506;22.6;10.7
89;2021-04-27;1732;1053;76658;36559;23.1;11.0
89;2021-04-28;1594;1854;78252;38413;23.6;11.6
89;2021-04-29;1968;1918;80220;40331;24.2;12.1
89;2021-04-30;1804;1769;82024;42100;24.7;12.7
89;2021-05-01;846;722;82870;42822;25.0;12.9
89;2021-05-02;134;31;83004;42853;25.0;12.9
89;2021-05-03;1605;764;84609;43617;25.5;13.1
89;2021-05-04;1622;1130;86231;44747;26.0;13.5
89;2021-05-05;2319;1265;88550;46012;26.7;13.9
89;2021-05-06;2413;1379;90963;47391;27.4;14.3
89;2021-05-07;2720;1318;93683;48709;28.2;14.7
89;2021-05-08;1787;534;95470;49243;28.7;14.8
89;2021-05-09;196;18;95666;49261;28.8;14.8
89;2021-05-10;1201;962;96867;50223;29.2;15.1
89;2021-05-11;2489;1463;99356;51686;29.9;15.6
89;2021-05-12;2059;1218;101415;52904;30.5;15.9
89;2021-05-13;414;333;101829;53237;30.7;16.0
89;2021-05-14;1878;1095;103707;54332;31.2;16.4
89;2021-05-15;2248;394;105955;54726;31.9;16.5
89;2021-05-16;10;35;105965;54761;31.9;16.5
89;2021-05-17;2091;637;108056;55398;32.5;16.7
89;2021-05-18;2324;829;110380;56227;33.2;16.9
89;2021-05-19;2861;882;113241;57109;34.1;17.2
89;2021-05-20;2927;890;116168;57999;35.0;17.5
89;2021-05-21;2481;878;118649;58877;35.7;17.7
89;2021-05-22;1429;571;120078;59448;36.2;17.9
89;2021-05-23;108;10;120186;59458;36.2;17.9
89;2021-05-24;286;224;120472;59682;36.3;18.0
89;2021-05-25;1559;983;122031;60665;36.7;18.3
89;2021-05-26;1817;1022;123848;61687;37.3;18.6
89;2021-05-27;2118;1358;125966;63045;37.9;19.0
89;2021-05-28;2143;1422;128109;64467;38.6;19.4
89;2021-05-29;540;658;128649;65125;38.7;19.6
89;2021-05-30;25;22;128674;65147;38.7;19.6
89;2021-05-31;1248;969;129922;66116;39.1;19.9
89;2021-06-01;1506;983;131428;67099;39.6;20.2
89;2021-06-02;1945;1280;133373;68379;40.2;20.6
89;2021-06-03;2428;1524;135801;69903;40.9;21.0
89;2021-06-04;2142;1889;137943;71792;41.5;21.6
89;2021-06-05;1186;1225;139129;73017;41.9;22.0
89;2021-06-06;23;37;139152;73054;41.9;22.0
89;2021-06-07;2110;1449;141262;74503;42.5;22.4
89;2021-06-08;2196;1457;143458;75960;43.2;22.9
89;2021-06-09;2321;1509;145779;77469;43.9;23.3
89;2021-06-10;2791;1601;148570;79070;44.7;23.8
89;2021-06-11;1948;1750;150518;80820;45.3;24.3
89;2021-06-12;1103;759;151621;81579;45.7;24.6
89;2021-06-13;156;424;151777;82003;45.7;24.7
89;2021-06-14;1311;1824;153088;83827;46.1;25.2
89;2021-06-15;1401;2013;154489;85840;46.5;25.8
89;2021-06-16;1128;2583;155617;88423;46.9;26.6
89;2021-06-17;1430;2337;157047;90760;47.3;27.3
89;2021-06-18;1623;2879;158670;93639;47.8;28.2
89;2021-06-19;687;1662;159357;95301;48.0;28.7
89;2021-06-20;55;127;159412;95428;48.0;28.7
89;2021-06-21;759;1528;160171;96956;48.2;29.2
89;2021-06-22;1048;2679;161219;99635;48.5;30.0
89;2021-06-23;1156;1796;162375;101431;48.9;30.5
89;2021-06-24;1077;1497;163452;102928;49.2;31.0
89;2021-06-25;1008;2429;164460;105357;49.5;31.7
89;2021-06-26;561;2482;165021;107839;49.7;32.5
89;2021-06-27;14;28;165035;107867;49.7;32.5
89;2021-06-28;1033;2493;166068;110360;50.0;33.2
89;2021-06-29;692;2404;166760;112764;50.2;34.0
89;2021-06-30;1083;3182;167843;115946;50.5;34.9
89;2021-07-01;1022;2988;168865;118934;50.8;35.8
89;2021-07-02;1106;2749;169971;121683;51.2;36.6
89;2021-07-03;554;1572;170525;123255;51.3;37.1
89;2021-07-04;11;36;170536;123291;51.4;37.1
89;2021-07-05;1296;1837;171832;125128;51.7;37.7
89;2021-07-06;1050;2309;172882;127437;52.1;38.4
89;2021-07-07;669;1788;173551;129225;52.3;38.9
89;2021-07-08;792;1871;174343;131096;52.5;39.5
89;2021-07-09;1140;2606;175483;133702;52.8;40.3
89;2021-07-10;718;816;176201;134518;53.1;40.5
89;2021-07-11;26;39;176227;134557;53.1;40.5
89;2021-07-12;1423;1898;177650;136455;53.5;41.1
89;2021-07-13;2135;2742;179785;139197;54.1;41.9
89;2021-07-14;314;326;180099;139523;54.2;42.0
89;2021-07-15;2242;3166;182341;142689;54.9;43.0
89;2021-07-16;2390;2860;184731;145549;55.6;43.8
89;2021-07-17;1232;1226;185963;146775;56.0;44.2
89;2021-07-18;276;97;186239;146872;56.1;44.2
89;2021-07-19;1565;2813;187804;149685;56.6;45.1
89;2021-07-20;1928;3282;189732;152967;57.1;46.1
89;2021-07-21;2078;2724;191810;155691;57.8;46.9
89;2021-07-22;2474;2992;194284;158683;58.5;47.8
89;2021-07-23;2477;3105;196761;161788;59.2;48.7
89;2021-07-24;1239;1252;198000;163040;59.6;49.1
89;2021-07-25;69;186;198069;163226;59.6;49.2
89;2021-07-26;1719;2321;199788;165547;60.2;49.8
89;2021-07-27;2341;1911;202129;167458;60.9;50.4
89;2021-07-28;2530;1336;204659;168794;61.6;50.8
89;2021-07-29;2523;1618;207182;170412;62.4;51.3
89;2021-07-30;2675;1622;209857;172034;63.2;51.8
89;2021-07-31;1119;1072;210976;173106;63.5;52.1
89;2021-08-01;69;33;211045;173139;63.5;52.1
89;2021-08-02;1778;1282;212823;174421;64.1;52.5
89;2021-08-03;2458;1254;215281;175675;64.8;52.9
89;2021-08-04;1526;1642;216807;177317;65.3;53.4
89;2021-08-05;1528;1688;218335;179005;65.7;53.9
89;2021-08-06;2157;1647;220492;180652;66.4;54.4
89;2021-08-07;923;1092;221415;181744;66.7;54.7
89;2021-08-08;55;47;221470;181791;66.7;54.7
89;2021-08-09;1086;1173;222556;182964;67.0;55.1
89;2021-08-10;1773;1814;224329;184778;67.5;55.6
89;2021-08-11;1511;1579;225840;186357;68.0;56.1
89;2021-08-12;1348;1388;227188;187745;68.4;56.5
89;2021-08-13;1245;1952;228433;189697;68.8;57.1
89;2021-08-14;514;1016;228947;190713;68.9;57.4
89;2021-08-15;19;43;228966;190756;68.9;57.4
89;2021-08-16;985;1965;229951;192721;69.2;58.0
89;2021-08-17;827;1567;230778;194288;69.5;58.5
89;2021-08-18;605;1898;231383;196186;69.7;59.1
89;2021-08-19;654;1390;232037;197576;69.9;59.5
89;2021-08-20;1002;2260;233039;199836;70.2;60.2
89;2021-08-21;291;1003;233330;200839;70.3;60.5
89;2021-08-22;32;34;233362;200873;70.3;60.5
89;2021-08-23;739;2246;234101;203119;70.5;61.2
89;2021-08-24;828;2364;234929;205483;70.7;61.9
89;2021-08-25;554;1428;235483;206911;70.9;62.3
89;2021-08-26;562;2048;236045;208959;71.1;62.9
90;2020-12-27;0;0;0;0;0.0;0.0
90;2020-12-28;0;0;0;0;0.0;0.0
90;2020-12-29;0;0;0;0;0.0;0.0
90;2020-12-30;1;0;1;0;0.0;0.0
90;2020-12-31;0;0;1;0;0.0;0.0
90;2021-01-01;0;0;1;0;0.0;0.0
90;2021-01-02;1;0;2;0;0.0;0.0
90;2021-01-03;0;0;2;0;0.0;0.0
90;2021-01-04;2;0;4;0;0.0;0.0
90;2021-01-05;0;0;4;0;0.0;0.0
90;2021-01-06;0;0;4;0;0.0;0.0
90;2021-01-07;1;0;5;0;0.0;0.0
90;2021-01-08;170;0;175;0;0.1;0.0
90;2021-01-09;46;0;221;0;0.2;0.0
90;2021-01-10;0;0;221;0;0.2;0.0
90;2021-01-11;200;0;421;0;0.3;0.0
90;2021-01-12;430;1;851;1;0.6;0.0
90;2021-01-13;468;3;1319;4;0.9;0.0
90;2021-01-14;414;2;1733;6;1.2;0.0
90;2021-01-15;405;10;2138;16;1.5;0.0
90;2021-01-16;111;2;2249;18;1.6;0.0
90;2021-01-17;1;0;2250;18;1.6;0.0
90;2021-01-18;364;2;2614;20;1.9;0.0
90;2021-01-19;462;5;3076;25;2.2;0.0
90;2021-01-20;392;2;3468;27;2.5;0.0
90;2021-01-21;351;1;3819;28;2.7;0.0
90;2021-01-22;346;2;4165;30;3.0;0.0
90;2021-01-23;98;0;4263;30;3.0;0.0
90;2021-01-24;0;0;4263;30;3.0;0.0
90;2021-01-25;322;3;4585;33;3.3;0.0
90;2021-01-26;224;0;4809;33;3.4;0.0
90;2021-01-27;255;0;5064;33;3.6;0.0
90;2021-01-28;328;33;5392;66;3.8;0.0
90;2021-01-29;291;163;5683;229;4.1;0.2
90;2021-01-30;176;45;5859;274;4.2;0.2
90;2021-01-31;118;0;5977;274;4.3;0.2
90;2021-02-01;275;112;6252;386;4.5;0.3
90;2021-02-02;290;163;6542;549;4.7;0.4
90;2021-02-03;256;368;6798;917;4.9;0.7
90;2021-02-04;257;304;7055;1221;5.0;0.9
90;2021-02-05;266;271;7321;1492;5.2;1.1
90;2021-02-06;89;68;7410;1560;5.3;1.1
90;2021-02-07;0;0;7410;1560;5.3;1.1
90;2021-02-08;170;218;7580;1778;5.4;1.3
90;2021-02-09;139;166;7719;1944;5.5;1.4
90;2021-02-10;182;31;7901;1975;5.6;1.4
90;2021-02-11;228;109;8129;2084;5.8;1.5
90;2021-02-12;126;239;8255;2323;5.9;1.7
90;2021-02-13;96;46;8351;2369;6.0;1.7
90;2021-02-14;0;0;8351;2369;6.0;1.7
90;2021-02-15;113;280;8464;2649;6.0;1.9
90;2021-02-16;92;275;8556;2924;6.1;2.1
90;2021-02-17;178;205;8734;3129;6.2;2.2
90;2021-02-18;128;242;8862;3371;6.3;2.4
90;2021-02-19;64;271;8926;3642;6.4;2.6
90;2021-02-20;40;72;8966;3714;6.4;2.7
90;2021-02-21;0;0;8966;3714;6.4;2.7
90;2021-02-22;76;333;9042;4047;6.5;2.9
90;2021-02-23;40;259;9082;4306;6.5;3.1
90;2021-02-24;109;291;9191;4597;6.6;3.3
90;2021-02-25;89;313;9280;4910;6.6;3.5
90;2021-02-26;89;394;9369;5304;6.7;3.8
90;2021-02-27;140;176;9509;5480;6.8;3.9
90;2021-02-28;8;113;9517;5593;6.8;4.0
90;2021-03-01;212;233;9729;5826;6.9;4.2
90;2021-03-02;178;284;9907;6110;7.1;4.4
90;2021-03-03;239;355;10146;6465;7.2;4.6
90;2021-03-04;260;278;10406;6743;7.4;4.8
90;2021-03-05;359;270;10765;7013;7.7;5.0
90;2021-03-06;291;104;11056;7117;7.9;5.1
90;2021-03-07;18;1;11074;7118;7.9;5.1
90;2021-03-08;246;248;11320;7366;8.1;5.3
90;2021-03-09;430;164;11750;7530;8.4;5.4
90;2021-03-10;348;196;12098;7726;8.6;5.5
90;2021-03-11;348;120;12446;7846;8.9;5.6
90;2021-03-12;519;129;12965;7975;9.3;5.7
90;2021-03-13;539;47;13504;8022;9.6;5.7
90;2021-03-14;21;0;13525;8022;9.7;5.7
90;2021-03-15;387;117;13912;8139;9.9;5.8
90;2021-03-16;401;99;14313;8238;10.2;5.9
90;2021-03-17;323;76;14636;8314;10.4;5.9
90;2021-03-18;348;79;14984;8393;10.7;6.0
90;2021-03-19;468;79;15452;8472;11.0;6.0
90;2021-03-20;427;48;15879;8520;11.3;6.1
90;2021-03-21;7;1;15886;8521;11.3;6.1
90;2021-03-22;399;30;16285;8551;11.6;6.1
90;2021-03-23;739;76;17024;8627;12.1;6.2
90;2021-03-24;816;45;17840;8672;12.7;6.2
90;2021-03-25;948;75;18788;8747;13.4;6.2
90;2021-03-26;1227;61;20015;8808;14.3;6.3
90;2021-03-27;439;34;20454;8842;14.6;6.3
90;2021-03-28;34;0;20488;8842;14.6;6.3
90;2021-03-29;712;143;21200;8985;15.1;6.4
90;2021-03-30;674;154;21874;9139;15.6;6.5
90;2021-03-31;728;82;22602;9221;16.1;6.6
90;2021-04-01;602;122;23204;9343;16.6;6.7
90;2021-04-02;657;98;23861;9441;17.0;6.7
90;2021-04-03;370;40;24231;9481;17.3;6.8
90;2021-04-04;1;0;24232;9481;17.3;6.8
90;2021-04-05;0;0;24232;9481;17.3;6.8
90;2021-04-06;528;252;24760;9733;17.7;6.9
90;2021-04-07;485;265;25245;9998;18.0;7.1
90;2021-04-08;510;245;25755;10243;18.4;7.3
90;2021-04-09;752;268;26507;10511;18.9;7.5
90;2021-04-10;224;8;26731;10519;19.1;7.5
90;2021-04-11;7;0;26738;10519;19.1;7.5
90;2021-04-12;557;480;27295;10999;19.5;7.8
90;2021-04-13;631;530;27926;11529;19.9;8.2
90;2021-04-14;527;351;28453;11880;20.3;8.5
90;2021-04-15;905;291;29358;12171;20.9;8.7
90;2021-04-16;370;404;29728;12575;21.2;9.0
90;2021-04-17;189;128;29917;12703;21.3;9.1
90;2021-04-18;21;0;29938;12703;21.4;9.1
90;2021-04-19;435;570;30373;13273;21.7;9.5
90;2021-04-20;494;619;30867;13892;22.0;9.9
90;2021-04-21;353;497;31220;14389;22.3;10.3
90;2021-04-22;569;602;31789;14991;22.7;10.7
90;2021-04-23;504;743;32293;15734;23.0;11.2
90;2021-04-24;305;202;32598;15936;23.3;11.4
90;2021-04-25;1;0;32599;15936;23.3;11.4
90;2021-04-26;507;750;33106;16686;23.6;11.9
90;2021-04-27;641;680;33747;17366;24.1;12.4
90;2021-04-28;765;445;34512;17811;24.6;12.7
90;2021-04-29;1003;452;35515;18263;25.3;13.0
90;2021-04-30;1120;459;36635;18722;26.1;13.4
90;2021-05-01;60;42;36695;18764;26.2;13.4
90;2021-05-02;4;0;36699;18764;26.2;13.4
90;2021-05-03;904;286;37603;19050;26.8;13.6
90;2021-05-04;784;637;38387;19687;27.4;14.0
90;2021-05-05;892;504;39279;20191;28.0;14.4
90;2021-05-06;852;626;40131;20817;28.6;14.9
90;2021-05-07;440;510;40571;21327;28.9;15.2
90;2021-05-08;26;27;40597;21354;29.0;15.2
90;2021-05-09;5;33;40602;21387;29.0;15.3
90;2021-05-10;506;585;41108;21972;29.3;15.7
90;2021-05-11;778;636;41886;22608;29.9;16.1
90;2021-05-12;530;598;42416;23206;30.3;16.6
90;2021-05-13;1113;264;43529;23470;31.1;16.7
90;2021-05-14;865;403;44394;23873;31.7;17.0
90;2021-05-15;14;125;44408;23998;31.7;17.1
90;2021-05-16;2;7;44410;24005;31.7;17.1
90;2021-05-17;793;290;45203;24295;32.3;17.3
90;2021-05-18;1024;471;46227;24766;33.0;17.7
90;2021-05-19;1265;384;47492;25150;33.9;17.9
90;2021-05-20;1200;270;48692;25420;34.7;18.1
90;2021-05-21;1265;431;49957;25851;35.6;18.4
90;2021-05-22;9;131;49966;25982;35.7;18.5
90;2021-05-23;4;0;49970;25982;35.7;18.5
90;2021-05-24;368;266;50338;26248;35.9;18.7
90;2021-05-25;637;792;50975;27040;36.4;19.3
90;2021-05-26;630;568;51605;27608;36.8;19.7
90;2021-05-27;963;382;52568;27990;37.5;20.0
90;2021-05-28;668;827;53236;28817;38.0;20.6
90;2021-05-29;93;296;53329;29113;38.1;20.8
90;2021-05-30;4;1;53333;29114;38.1;20.8
90;2021-05-31;809;714;54142;29828;38.6;21.3
90;2021-06-01;968;740;55110;30568;39.3;21.8
90;2021-06-02;760;676;55870;31244;39.9;22.3
90;2021-06-03;758;743;56628;31987;40.4;22.8
90;2021-06-04;833;973;57461;32960;41.0;23.5
90;2021-06-05;54;427;57515;33387;41.0;23.8
90;2021-06-06;1;16;57516;33403;41.0;23.8
90;2021-06-07;1265;1082;58781;34485;41.9;24.6
90;2021-06-08;1481;936;60262;35421;43.0;25.3
90;2021-06-09;965;659;61227;36080;43.7;25.7
90;2021-06-10;626;497;61853;36577;44.1;26.1
90;2021-06-11;787;1127;62640;37704;44.7;26.9
90;2021-06-12;806;298;63446;38002;45.3;27.1
90;2021-06-13;10;12;63456;38014;45.3;27.1
90;2021-06-14;265;975;63721;38989;45.5;27.8
90;2021-06-15;567;880;64288;39869;45.9;28.4
90;2021-06-16;510;548;64798;40417;46.2;28.8
90;2021-06-17;444;638;65242;41055;46.6;29.3
90;2021-06-18;624;997;65866;42052;47.0;30.0
90;2021-06-19;450;171;66316;42223;47.3;30.1
90;2021-06-20;0;28;66316;42251;47.3;30.1
90;2021-06-21;257;1178;66573;43429;47.5;31.0
90;2021-06-22;384;950;66957;44379;47.8;31.7
90;2021-06-23;415;633;67372;45012;48.1;32.1
90;2021-06-24;319;603;67691;45615;48.3;32.5
90;2021-06-25;431;1273;68122;46888;48.6;33.5
90;2021-06-26;420;561;68542;47449;48.9;33.9
90;2021-06-27;2;6;68544;47455;48.9;33.9
90;2021-06-28;378;1298;68922;48753;49.2;34.8
90;2021-06-29;305;1307;69227;50060;49.4;35.7
90;2021-06-30;485;1229;69712;51289;49.7;36.6
90;2021-07-01;356;919;70068;52208;50.0;37.3
90;2021-07-02;507;1206;70575;53414;50.4;38.1
90;2021-07-03;52;129;70627;53543;50.4;38.2
90;2021-07-04;0;21;70627;53564;50.4;38.2
90;2021-07-05;401;1014;71028;54578;50.7;38.9
90;2021-07-06;514;972;71542;55550;51.0;39.6
90;2021-07-07;381;994;71923;56544;51.3;40.3
90;2021-07-08;304;608;72227;57152;51.5;40.8
90;2021-07-09;440;951;72667;58103;51.9;41.5
90;2021-07-10;32;91;72699;58194;51.9;41.5
90;2021-07-11;7;17;72706;58211;51.9;41.5
90;2021-07-12;244;1076;72950;59287;52.1;42.3
90;2021-07-13;474;1162;73424;60449;52.4;43.1
90;2021-07-14;2;8;73426;60457;52.4;43.1
90;2021-07-15;791;1453;74217;61910;53.0;44.2
90;2021-07-16;828;1683;75045;63593;53.5;45.4
90;2021-07-17;484;954;75529;64547;53.9;46.1
90;2021-07-18;4;2;75533;64549;53.9;46.1
90;2021-07-19;1182;1461;76715;66010;54.7;47.1
90;2021-07-20;1335;1137;78050;67147;55.7;47.9
90;2021-07-21;1396;983;79446;68130;56.7;48.6
90;2021-07-22;1126;698;80572;68828;57.5;49.1
90;2021-07-23;965;1023;81537;69851;58.2;49.8
90;2021-07-24;120;65;81657;69916;58.3;49.9
90;2021-07-25;2;1;81659;69917;58.3;49.9
90;2021-07-26;1071;804;82730;70721;59.0;50.5
90;2021-07-27;1080;745;83810;71466;59.8;51.0
90;2021-07-28;822;710;84632;72176;60.4;51.5
90;2021-07-29;836;439;85468;72615;61.0;51.8
90;2021-07-30;780;498;86248;73113;61.5;52.2
90;2021-07-31;483;313;86731;73426;61.9;52.4
90;2021-08-01;0;3;86731;73429;61.9;52.4
90;2021-08-02;835;510;87566;73939;62.5;52.8
90;2021-08-03;909;492;88475;74431;63.1;53.1
90;2021-08-04;1064;458;89539;74889;63.9;53.4
90;2021-08-05;520;221;90059;75110;64.3;53.6
90;2021-08-06;636;392;90695;75502;64.7;53.9
90;2021-08-07;35;63;90730;75565;64.7;53.9
90;2021-08-08;18;3;90748;75568;64.8;53.9
90;2021-08-09;721;946;91469;76514;65.3;54.6
90;2021-08-10;533;1151;92002;77665;65.6;55.4
90;2021-08-11;535;947;92537;78612;66.0;56.1
90;2021-08-12;444;816;92981;79428;66.3;56.7
90;2021-08-13;525;895;93506;80323;66.7;57.3
90;2021-08-14;30;99;93536;80422;66.7;57.4
90;2021-08-15;2;8;93538;80430;66.7;57.4
90;2021-08-16;445;633;93983;81063;67.1;57.8
90;2021-08-17;341;1166;94324;82229;67.3;58.7
90;2021-08-18;267;878;94591;83107;67.5;59.3
90;2021-08-19;239;627;94830;83734;67.7;59.7
90;2021-08-20;354;770;95184;84504;67.9;60.3
90;2021-08-21;32;69;95216;84573;67.9;60.3
90;2021-08-22;0;7;95216;84580;67.9;60.4
90;2021-08-23;301;490;95517;85070;68.2;60.7
90;2021-08-24;332;956;95849;86026;68.4;61.4
90;2021-08-25;249;914;96098;86940;68.6;62.0
90;2021-08-26;237;670;96335;87610;68.7;62.5
91;2020-12-27;0;0;0;0;0.0;0.0
91;2020-12-28;0;0;0;0;0.0;0.0
91;2020-12-29;1;0;1;0;0.0;0.0
91;2020-12-30;1;0;2;0;0.0;0.0
91;2020-12-31;0;0;2;0;0.0;0.0
91;2021-01-01;5;0;7;0;0.0;0.0
91;2021-01-02;0;0;7;0;0.0;0.0
91;2021-01-03;0;0;7;0;0.0;0.0
91;2021-01-04;1;0;8;0;0.0;0.0
91;2021-01-05;71;0;79;0;0.0;0.0
91;2021-01-06;188;2;267;2;0.0;0.0
91;2021-01-07;523;6;790;8;0.1;0.0
91;2021-01-08;394;1;1184;9;0.1;0.0
91;2021-01-09;89;3;1273;12;0.1;0.0
91;2021-01-10;1;0;1274;12;0.1;0.0
91;2021-01-11;595;2;1869;14;0.1;0.0
91;2021-01-12;899;8;2768;22;0.2;0.0
91;2021-01-13;702;7;3470;29;0.3;0.0
91;2021-01-14;721;11;4191;40;0.3;0.0
91;2021-01-15;569;4;4760;44;0.4;0.0
91;2021-01-16;316;7;5076;51;0.4;0.0
91;2021-01-17;116;1;5192;52;0.4;0.0
91;2021-01-18;992;3;6184;55;0.5;0.0
91;2021-01-19;1867;16;8051;71;0.6;0.0
91;2021-01-20;2369;17;10420;88;0.8;0.0
91;2021-01-21;2096;15;12516;103;0.9;0.0
91;2021-01-22;1861;10;14377;113;1.1;0.0
91;2021-01-23;413;1;14790;114;1.1;0.0
91;2021-01-24;53;0;14843;114;1.1;0.0
91;2021-01-25;1049;4;15892;118;1.2;0.0
91;2021-01-26;1577;38;17469;156;1.3;0.0
91;2021-01-27;2415;96;19884;252;1.5;0.0
91;2021-01-28;1982;224;21866;476;1.7;0.0
91;2021-01-29;1749;68;23615;544;1.8;0.0
91;2021-01-30;422;7;24037;551;1.8;0.0
91;2021-01-31;54;0;24091;551;1.8;0.0
91;2021-02-01;965;218;25056;769;1.9;0.1
91;2021-02-02;857;363;25913;1132;2.0;0.1
91;2021-02-03;937;570;26850;1702;2.0;0.1
91;2021-02-04;885;280;27735;1982;2.1;0.2
91;2021-02-05;1035;359;28770;2341;2.2;0.2
91;2021-02-06;337;93;29107;2434;2.2;0.2
91;2021-02-07;13;0;29120;2434;2.2;0.2
91;2021-02-08;905;607;30025;3041;2.3;0.2
91;2021-02-09;963;859;30988;3900;2.3;0.3
91;2021-02-10;1065;992;32053;4892;2.4;0.4
91;2021-02-11;1122;1020;33175;5912;2.5;0.4
91;2021-02-12;1062;835;34237;6747;2.6;0.5
91;2021-02-13;330;360;34567;7107;2.6;0.5
91;2021-02-14;18;112;34585;7219;2.6;0.5
91;2021-02-15;368;1256;34953;8475;2.6;0.6
91;2021-02-16;554;1750;35507;10225;2.7;0.8
91;2021-02-17;811;2675;36318;12900;2.8;1.0
91;2021-02-18;941;2009;37259;14909;2.8;1.1
91;2021-02-19;864;1382;38123;16291;2.9;1.2
91;2021-02-20;167;360;38290;16651;2.9;1.3
91;2021-02-21;13;49;38303;16700;2.9;1.3
91;2021-02-22;334;1202;38637;17902;2.9;1.4
91;2021-02-23;397;1072;39034;18974;3.0;1.4
91;2021-02-24;473;1056;39507;20030;3.0;1.5
91;2021-02-25;733;1016;40240;21046;3.0;1.6
91;2021-02-26;1096;1059;41336;22105;3.1;1.7
91;2021-02-27;610;330;41946;22435;3.2;1.7
91;2021-02-28;65;66;42011;22501;3.2;1.7
91;2021-03-01;931;1069;42942;23570;3.3;1.8
91;2021-03-02;1261;1093;44203;24663;3.4;1.9
91;2021-03-03;1469;1279;45672;25942;3.5;2.0
91;2021-03-04;2430;1130;48102;27072;3.6;2.1
91;2021-03-05;3351;1168;51453;28240;3.9;2.1
91;2021-03-06;4909;461;56362;28701;4.3;2.2
91;2021-03-07;3208;117;59570;28818;4.5;2.2
91;2021-03-08;1472;1066;61042;29884;4.6;2.3
91;2021-03-09;2623;997;63665;30881;4.8;2.3
91;2021-03-10;2620;1039;66285;31920;5.0;2.4
91;2021-03-11;3786;1133;70071;33053;5.3;2.5
91;2021-03-12;4789;1053;74860;34106;5.7;2.6
91;2021-03-13;5259;343;80119;34449;6.1;2.6
91;2021-03-14;302;28;80421;34477;6.1;2.6
91;2021-03-15;2983;435;83404;34912;6.3;2.6
91;2021-03-16;2617;387;86021;35299;6.5;2.7
91;2021-03-17;2228;350;88249;35649;6.7;2.7
91;2021-03-18;2391;412;90640;36061;6.9;2.7
91;2021-03-19;4094;385;94734;36446;7.2;2.8
91;2021-03-20;3609;181;98343;36627;7.5;2.8
91;2021-03-21;138;30;98481;36657;7.5;2.8
91;2021-03-22;3149;607;101630;37264;7.7;2.8
91;2021-03-23;4138;701;105768;37965;8.0;2.9
91;2021-03-24;3936;499;109704;38464;8.3;2.9
91;2021-03-25;5059;530;114763;38994;8.7;3.0
91;2021-03-26;5551;553;120314;39547;9.1;3.0
91;2021-03-27;4984;346;125298;39893;9.5;3.0
91;2021-03-28;282;59;125580;39952;9.5;3.0
91;2021-03-29;3304;1043;128884;40995;9.8;3.1
91;2021-03-30;4426;1226;133310;42221;10.1;3.2
91;2021-03-31;3367;1341;136677;43562;10.4;3.3
91;2021-04-01;3738;1687;140415;45249;10.6;3.4
91;2021-04-02;3890;2315;144305;47564;10.9;3.6
91;2021-04-03;1872;2875;146177;50439;11.1;3.8
91;2021-04-04;648;1320;146825;51759;11.1;3.9
91;2021-04-05;562;132;147387;51891;11.2;3.9
91;2021-04-06;3402;1789;150789;53680;11.4;4.1
91;2021-04-07;3420;1934;154209;55614;11.7;4.2
91;2021-04-08;4662;2165;158871;57779;12.0;4.4
91;2021-04-09;5346;2156;164217;59935;12.4;4.5
91;2021-04-10;2730;2820;166947;62755;12.7;4.8
91;2021-04-11;192;141;167139;62896;12.7;4.8
91;2021-04-12;2854;2279;169993;65175;12.9;4.9
91;2021-04-13;3757;2650;173750;67825;13.2;5.1
91;2021-04-14;3707;2325;177457;70150;13.4;5.3
91;2021-04-15;4477;2513;181934;72663;13.8;5.5
91;2021-04-16;4549;2806;186483;75469;14.1;5.7
91;2021-04-17;2983;2079;189466;77548;14.4;5.9
91;2021-04-18;269;72;189735;77620;14.4;5.9
91;2021-04-19;2305;2732;192040;80352;14.6;6.1
91;2021-04-20;3178;2987;195218;83339;14.8;6.3
91;2021-04-21;2989;2900;198207;86239;15.0;6.5
91;2021-04-22;3167;3366;201374;89605;15.3;6.8
91;2021-04-23;3716;3359;205090;92964;15.5;7.0
91;2021-04-24;3482;3731;208572;96695;15.8;7.3
91;2021-04-25;2616;641;211188;97336;16.0;7.4
91;2021-04-26;3487;2801;214675;100137;16.3;7.6
91;2021-04-27;4487;2923;219162;103060;16.6;7.8
91;2021-04-28;4567;2705;223729;105765;17.0;8.0
91;2021-04-29;5746;3059;229475;108824;17.4;8.2
91;2021-04-30;5387;2851;234862;111675;17.8;8.5
91;2021-05-01;3517;521;238379;112196;18.1;8.5
91;2021-05-02;625;132;239004;112328;18.1;8.5
91;2021-05-03;5203;2290;244207;114618;18.5;8.7
91;2021-05-04;5591;3179;249798;117797;18.9;8.9
91;2021-05-05;4851;2872;254649;120669;19.3;9.1
91;2021-05-06;5248;3376;259897;124045;19.7;9.4
91;2021-05-07;6120;3744;266017;127789;20.2;9.7
91;2021-05-08;6519;964;272536;128753;20.7;9.8
91;2021-05-09;4803;562;277339;129315;21.0;9.8
91;2021-05-10;5903;3008;283242;132323;21.5;10.0
91;2021-05-11;6832;3840;290074;136163;22.0;10.3
91;2021-05-12;5897;3442;295971;139605;22.4;10.6
91;2021-05-13;4826;1079;300797;140684;22.8;10.7
91;2021-05-14;6547;2395;307344;143079;23.3;10.8
91;2021-05-15;7798;1928;315142;145007;23.9;11.0
91;2021-05-16;4584;370;319726;145377;24.2;11.0
91;2021-05-17;6952;1710;326678;147087;24.8;11.1
91;2021-05-18;8121;1741;334799;148828;25.4;11.3
91;2021-05-19;7098;1699;341897;150527;25.9;11.4
91;2021-05-20;8201;2145;350098;152672;26.5;11.6
91;2021-05-21;8144;2581;358242;155253;27.2;11.8
91;2021-05-22;7665;1542;365907;156795;27.7;11.9
91;2021-05-23;4799;529;370706;157324;28.1;11.9
91;2021-05-24;5017;601;375723;157925;28.5;12.0
91;2021-05-25;7626;2650;383349;160575;29.1;12.2
91;2021-05-26;6873;2937;390222;163512;29.6;12.4
91;2021-05-27;7973;3446;398195;166958;30.2;12.7
91;2021-05-28;7538;4323;405733;171281;30.8;13.0
91;2021-05-29;9300;3510;415033;174791;31.5;13.2
91;2021-05-30;5954;961;420987;175752;31.9;13.3
91;2021-05-31;6742;3701;427729;179453;32.4;13.6
91;2021-06-01;7787;4778;435516;184231;33.0;14.0
91;2021-06-02;7451;3958;442967;188189;33.6;14.3
91;2021-06-03;7860;4782;450827;192971;34.2;14.6
91;2021-06-04;7185;5723;458012;198694;34.7;15.1
91;2021-06-05;6385;5817;464397;204511;35.2;15.5
91;2021-06-06;4089;2511;468486;207022;35.5;15.7
91;2021-06-07;5879;5482;474365;212504;36.0;16.1
91;2021-06-08;7041;5794;481406;218298;36.5;16.5
91;2021-06-09;6471;5149;487877;223447;37.0;16.9
91;2021-06-10;7178;5774;495055;229221;37.5;17.4
91;2021-06-11;6546;7111;501601;236332;38.0;17.9
91;2021-06-12;6221;7361;507822;243693;38.5;18.5
91;2021-06-13;2852;2317;510674;246010;38.7;18.6
91;2021-06-14;4225;7199;514899;253209;39.0;19.2
91;2021-06-15;5576;7259;520475;260468;39.4;19.7
91;2021-06-16;5303;6443;525778;266911;39.8;20.2
91;2021-06-17;6246;7135;532024;274046;40.3;20.8
91;2021-06-18;4635;8740;536659;282786;40.7;21.4
91;2021-06-19;4193;7152;540852;289938;41.0;22.0
91;2021-06-20;1006;4212;541858;294150;41.1;22.3
91;2021-06-21;3230;7238;545088;301388;41.3;22.8
91;2021-06-22;4161;9229;549249;310617;41.6;23.5
91;2021-06-23;4316;7963;553565;318580;42.0;24.1
91;2021-06-24;4909;8481;558474;327061;42.3;24.8
91;2021-06-25;3474;9175;561948;336236;42.6;25.5
91;2021-06-26;2988;8036;564936;344272;42.8;26.1
91;2021-06-27;549;2997;565485;347269;42.9;26.3
91;2021-06-28;3129;8238;568614;355507;43.1;26.9
91;2021-06-29;3585;9638;572199;365145;43.4;27.7
91;2021-06-30;3954;8700;576153;373845;43.7;28.3
91;2021-07-01;4095;8874;580248;382719;44.0;29.0
91;2021-07-02;3759;9316;584007;392035;44.3;29.7
91;2021-07-03;2881;9790;586888;401825;44.5;30.5
91;2021-07-04;849;4724;587737;406549;44.5;30.8
91;2021-07-05;2659;7259;590396;413808;44.7;31.4
91;2021-07-06;3754;9429;594150;423237;45.0;32.1
91;2021-07-07;3804;8589;597954;431826;45.3;32.7
91;2021-07-08;4357;8989;602311;440815;45.7;33.4
91;2021-07-09;3964;9959;606275;450774;46.0;34.2
91;2021-07-10;3401;10231;609676;461005;46.2;34.9
91;2021-07-11;985;4801;610661;465806;46.3;35.3
91;2021-07-12;2800;8891;613461;474697;46.5;36.0
91;2021-07-13;4460;10386;617921;485083;46.8;36.8
91;2021-07-14;2301;3583;620222;488666;47.0;37.0
91;2021-07-15;4538;9820;624760;498486;47.4;37.8
91;2021-07-16;6287;9758;631047;508244;47.8;38.5
91;2021-07-17;5747;9063;636794;517307;48.3;39.2
91;2021-07-18;3398;3678;640192;520985;48.5;39.5
91;2021-07-19;3773;7532;643965;528517;48.8;40.1
91;2021-07-20;6064;9298;650029;537815;49.3;40.8
91;2021-07-21;6245;7724;656274;545539;49.7;41.3
91;2021-07-22;6486;8397;662760;553936;50.2;42.0
91;2021-07-23;6914;8276;669674;562212;50.8;42.6
91;2021-07-24;4987;6473;674661;568685;51.1;43.1
91;2021-07-25;3255;1394;677916;570079;51.4;43.2
91;2021-07-26;4927;6585;682843;576664;51.8;43.7
91;2021-07-27;7548;7071;690391;583735;52.3;44.2
91;2021-07-28;7282;5910;697673;589645;52.9;44.7
91;2021-07-29;7376;5894;705049;595539;53.4;45.1
91;2021-07-30;6892;5769;711941;601308;54.0;45.6
91;2021-07-31;4842;4776;716783;606084;54.3;45.9
91;2021-08-01;2604;1327;719387;607411;54.5;46.0
91;2021-08-02;4668;4227;724055;611638;54.9;46.4
91;2021-08-03;5769;4687;729824;616325;55.3;46.7
91;2021-08-04;5674;4120;735498;620445;55.7;47.0
91;2021-08-05;5567;4257;741065;624702;56.2;47.3
91;2021-08-06;5649;5622;746714;630324;56.6;47.8
91;2021-08-07;3033;2418;749747;632742;56.8;48.0
91;2021-08-08;593;1100;750340;633842;56.9;48.0
91;2021-08-09;3749;3970;754089;637812;57.2;48.3
91;2021-08-10;4500;4536;758589;642348;57.5;48.7
91;2021-08-11;4074;4477;762663;646825;57.8;49.0
91;2021-08-12;3998;4759;766661;651584;58.1;49.4
91;2021-08-13;4252;4838;770913;656422;58.4;49.8
91;2021-08-14;2205;2391;773118;658813;58.6;49.9
91;2021-08-15;92;170;773210;658983;58.6;49.9
91;2021-08-16;2904;4643;776114;663626;58.8;50.3
91;2021-08-17;3590;5805;779704;669431;59.1;50.7
91;2021-08-18;2997;5776;782701;675207;59.3;51.2
91;2021-08-19;3436;5760;786137;680967;59.6;51.6
91;2021-08-20;3170;6939;789307;687906;59.8;52.1
91;2021-08-21;2437;3337;791744;691243;60.0;52.4
91;2021-08-22;731;1300;792475;692543;60.1;52.5
91;2021-08-23;2380;5295;794855;697838;60.2;52.9
91;2021-08-24;2943;6950;797798;704788;60.5;53.4
91;2021-08-25;3384;6692;801182;711480;60.7;53.9
91;2021-08-26;2708;5927;803890;717407;60.9;54.4
92;2020-12-27;23;0;23;0;0.0;0.0
92;2020-12-28;15;0;38;0;0.0;0.0
92;2020-12-29;57;0;95;0;0.0;0.0
92;2020-12-30;39;0;134;0;0.0;0.0
92;2020-12-31;5;0;139;0;0.0;0.0
92;2021-01-01;23;0;162;0;0.0;0.0
92;2021-01-02;5;0;167;0;0.0;0.0
92;2021-01-03;9;0;176;0;0.0;0.0
92;2021-01-04;65;1;241;1;0.0;0.0
92;2021-01-05;228;1;469;2;0.0;0.0
92;2021-01-06;414;3;883;5;0.1;0.0
92;2021-01-07;665;4;1548;9;0.1;0.0
92;2021-01-08;838;4;2386;13;0.1;0.0
92;2021-01-09;123;1;2509;14;0.2;0.0
92;2021-01-10;45;0;2554;14;0.2;0.0
92;2021-01-11;848;5;3402;19;0.2;0.0
92;2021-01-12;1298;9;4700;28;0.3;0.0
92;2021-01-13;1240;14;5940;42;0.4;0.0
92;2021-01-14;1206;17;7146;59;0.4;0.0
92;2021-01-15;978;7;8124;66;0.5;0.0
92;2021-01-16;179;1;8303;67;0.5;0.0
92;2021-01-17;24;0;8327;67;0.5;0.0
92;2021-01-18;1539;22;9866;89;0.6;0.0
92;2021-01-19;1556;20;11422;109;0.7;0.0
92;2021-01-20;1808;14;13230;123;0.8;0.0
92;2021-01-21;3436;21;16666;144;1.0;0.0
92;2021-01-22;2611;42;19277;186;1.2;0.0
92;2021-01-23;137;0;19414;186;1.2;0.0
92;2021-01-24;24;0;19438;186;1.2;0.0
92;2021-01-25;846;14;20284;200;1.3;0.0
92;2021-01-26;1214;12;21498;212;1.3;0.0
92;2021-01-27;2215;96;23713;308;1.5;0.0
92;2021-01-28;4180;188;27893;496;1.7;0.0
92;2021-01-29;2710;263;30603;759;1.9;0.0
92;2021-01-30;322;13;30925;772;1.9;0.0
92;2021-01-31;21;2;30946;774;1.9;0.0
92;2021-02-01;863;321;31809;1095;2.0;0.1
92;2021-02-02;1047;351;32856;1446;2.0;0.1
92;2021-02-03;999;444;33855;1890;2.1;0.1
92;2021-02-04;1040;546;34895;2436;2.2;0.2
92;2021-02-05;1330;500;36225;2936;2.2;0.2
92;2021-02-06;111;17;36336;2953;2.3;0.2
92;2021-02-07;13;14;36349;2967;2.3;0.2
92;2021-02-08;572;732;36921;3699;2.3;0.2
92;2021-02-09;1064;1300;37985;4999;2.4;0.3
92;2021-02-10;1065;1304;39050;6303;2.4;0.4
92;2021-02-11;1495;1922;40545;8225;2.5;0.5
92;2021-02-12;1415;1483;41960;9708;2.6;0.6
92;2021-02-13;70;60;42030;9768;2.6;0.6
92;2021-02-14;20;0;42050;9768;2.6;0.6
92;2021-02-15;568;1654;42618;11422;2.6;0.7
92;2021-02-16;786;2041;43404;13463;2.7;0.8
92;2021-02-17;619;1754;44023;15217;2.7;0.9
92;2021-02-18;1569;3658;45592;18875;2.8;1.2
92;2021-02-19;1728;2660;47320;21535;2.9;1.3
92;2021-02-20;143;400;47463;21935;2.9;1.4
92;2021-02-21;35;53;47498;21988;2.9;1.4
92;2021-02-22;492;1213;47990;23201;3.0;1.4
92;2021-02-23;727;1362;48717;24563;3.0;1.5
92;2021-02-24;608;1290;49325;25853;3.1;1.6
92;2021-02-25;916;1790;50241;27643;3.1;1.7
92;2021-02-26;1455;1369;51696;29012;3.2;1.8
92;2021-02-27;503;190;52199;29202;3.2;1.8
92;2021-02-28;66;56;52265;29258;3.2;1.8
92;2021-03-01;1100;1048;53365;30306;3.3;1.9
92;2021-03-02;1968;1370;55333;31676;3.4;2.0
92;2021-03-03;2790;1097;58123;32773;3.6;2.0
92;2021-03-04;3588;1530;61711;34303;3.8;2.1
92;2021-03-05;4975;1727;66686;36030;4.1;2.2
92;2021-03-06;5718;334;72404;36364;4.5;2.3
92;2021-03-07;2900;237;75304;36601;4.7;2.3
92;2021-03-08;2418;826;77722;37427;4.8;2.3
92;2021-03-09;3438;1031;81160;38458;5.0;2.4
92;2021-03-10;3938;953;85098;39411;5.3;2.4
92;2021-03-11;5012;1405;90110;40816;5.6;2.5
92;2021-03-12;6766;1565;96876;42381;6.0;2.6
92;2021-03-13;5158;239;102034;42620;6.3;2.6
92;2021-03-14;1737;76;103771;42696;6.4;2.6
92;2021-03-15;3798;600;107569;43296;6.7;2.7
92;2021-03-16;3692;599;111261;43895;6.9;2.7
92;2021-03-17;3873;420;115134;44315;7.1;2.7
92;2021-03-18;4125;758;119259;45073;7.4;2.8
92;2021-03-19;5919;733;125178;45806;7.8;2.8
92;2021-03-20;2536;75;127714;45881;7.9;2.8
92;2021-03-21;149;29;127863;45910;7.9;2.8
92;2021-03-22;4114;485;131977;46395;8.2;2.9
92;2021-03-23;6100;879;138077;47274;8.6;2.9
92;2021-03-24;6378;653;144455;47927;9.0;3.0
92;2021-03-25;8437;647;152892;48574;9.5;3.0
92;2021-03-26;8353;903;161245;49477;10.0;3.1
92;2021-03-27;2833;274;164078;49751;10.2;3.1
92;2021-03-28;542;39;164620;49790;10.2;3.1
92;2021-03-29;4656;1058;169276;50848;10.5;3.2
92;2021-03-30;6386;1552;175662;52400;10.9;3.2
92;2021-03-31;5542;2264;181204;54664;11.2;3.4
92;2021-04-01;6263;3682;187467;58346;11.6;3.6
92;2021-04-02;5630;3424;193097;61770;12.0;3.8
92;2021-04-03;869;1417;193966;63187;12.0;3.9
92;2021-04-04;487;1062;194453;64249;12.0;4.0
92;2021-04-05;811;159;195264;64408;12.1;4.0
92;2021-04-06;3649;1957;198913;66365;12.3;4.1
92;2021-04-07;4990;2891;203903;69256;12.6;4.3
92;2021-04-08;5978;3178;209881;72434;13.0;4.5
92;2021-04-09;8030;3060;217911;75494;13.5;4.7
92;2021-04-10;2631;1295;220542;76789;13.7;4.8
92;2021-04-11;156;807;220698;77596;13.7;4.8
92;2021-04-12;3684;2521;224382;80117;13.9;5.0
92;2021-04-13;4380;4428;228762;84545;14.2;5.2
92;2021-04-14;4867;4043;233629;88588;14.5;5.5
92;2021-04-15;5298;3956;238927;92544;14.8;5.7
92;2021-04-16;5074;3865;244001;96409;15.1;6.0
92;2021-04-17;1800;1192;245801;97601;15.2;6.0
92;2021-04-18;346;94;246147;97695;15.3;6.1
92;2021-04-19;2810;2841;248957;100536;15.4;6.2
92;2021-04-20;4191;3755;253148;104291;15.7;6.5
92;2021-04-21;4613;4521;257761;108812;16.0;6.7
92;2021-04-22;4659;5125;262420;113937;16.3;7.1
92;2021-04-23;5237;4704;267657;118641;16.6;7.4
92;2021-04-24;4937;1910;272594;120551;16.9;7.5
92;2021-04-25;1790;150;274384;120701;17.0;7.5
92;2021-04-26;4000;3626;278384;124327;17.3;7.7
92;2021-04-27;6043;5265;284427;129592;17.6;8.0
92;2021-04-28;7379;4505;291806;134097;18.1;8.3
92;2021-04-29;7986;4794;299792;138891;18.6;8.6
92;2021-04-30;8842;4846;308634;143737;19.1;8.9
92;2021-05-01;1200;407;309834;144144;19.2;8.9
92;2021-05-02;663;140;310497;144284;19.2;8.9
92;2021-05-03;6777;3894;317274;148178;19.7;9.2
92;2021-05-04;10420;4368;327694;152546;20.3;9.5
92;2021-05-05;10076;5262;337770;157808;20.9;9.8
92;2021-05-06;11425;4912;349195;162720;21.6;10.1
92;2021-05-07;9860;5300;359055;168020;22.2;10.4
92;2021-05-08;7214;1926;366269;169946;22.7;10.5
92;2021-05-09;3788;599;370057;170545;22.9;10.6
92;2021-05-10;9533;4001;379590;174546;23.5;10.8
92;2021-05-11;13980;5695;393570;180241;24.4;11.2
92;2021-05-12;14284;4588;407854;184829;25.3;11.5
92;2021-05-13;9164;911;417018;185740;25.8;11.5
92;2021-05-14;12030;2315;429048;188055;26.6;11.7
92;2021-05-15;8392;1228;437440;189283;27.1;11.7
92;2021-05-16;4138;453;441578;189736;27.4;11.8
92;2021-05-17;10646;2219;452224;191955;28.0;11.9
92;2021-05-18;16411;3131;468635;195086;29.0;12.1
92;2021-05-19;16033;3722;484668;198808;30.0;12.3
92;2021-05-20;16831;3984;501499;202792;31.1;12.6
92;2021-05-21;14078;3635;515577;206427;31.9;12.8
92;2021-05-22;8316;1515;523893;207942;32.5;12.9
92;2021-05-23;4085;455;527978;208397;32.7;12.9
92;2021-05-24;6122;855;534100;209252;33.1;13.0
92;2021-05-25;13110;4560;547210;213812;33.9;13.2
92;2021-05-26;11932;5042;559142;218854;34.6;13.6
92;2021-05-27;12733;6327;571875;225181;35.4;14.0
92;2021-05-28;11229;6285;583104;231466;36.1;14.3
92;2021-05-29;5454;2301;588558;233767;36.5;14.5
92;2021-05-30;2249;390;590807;234157;36.6;14.5
92;2021-05-31;12056;5308;602863;239465;37.4;14.8
92;2021-06-01;12604;7641;615467;247106;38.1;15.3
92;2021-06-02;14382;7215;629849;254321;39.0;15.8
92;2021-06-03;14586;8032;644435;262353;39.9;16.3
92;2021-06-04;12223;8227;656658;270580;40.7;16.8
92;2021-06-05;7383;6243;664041;276823;41.1;17.2
92;2021-06-06;3593;1674;667634;278497;41.4;17.3
92;2021-06-07;11443;7633;679077;286130;42.1;17.7
92;2021-06-08;12760;9606;691837;295736;42.9;18.3
92;2021-06-09;11658;9477;703495;305213;43.6;18.9
92;2021-06-10;11966;10573;715461;315786;44.3;19.6
92;2021-06-11;8146;11041;723607;326827;44.8;20.3
92;2021-06-12;6363;5100;729970;331927;45.2;20.6
92;2021-06-13;3965;2720;733935;334647;45.5;20.7
92;2021-06-14;5217;11172;739152;345819;45.8;21.4
92;2021-06-15;6533;13134;745685;358953;46.2;22.2
92;2021-06-16;6955;12991;752640;371944;46.6;23.0
92;2021-06-17;7424;14015;760064;385959;47.1;23.9
92;2021-06-18;6897;14394;766961;400353;47.5;24.8
92;2021-06-19;3960;9112;770921;409465;47.8;25.4
92;2021-06-20;1965;5611;772886;415076;47.9;25.7
92;2021-06-21;4839;12276;777725;427352;48.2;26.5
92;2021-06-22;5880;17548;783605;444900;48.6;27.6
92;2021-06-23;5482;15995;789087;460895;48.9;28.6
92;2021-06-24;6203;15126;795290;476021;49.3;29.5
92;2021-06-25;5118;16098;800408;492119;49.6;30.5
92;2021-06-26;4066;10456;804474;502575;49.9;31.1
92;2021-06-27;1860;6051;806334;508626;50.0;31.5
92;2021-06-28;3672;12048;810006;520674;50.2;32.3
92;2021-06-29;4686;18162;814692;538836;50.5;33.4
92;2021-06-30;4448;16232;819140;555068;50.8;34.4
92;2021-07-01;5545;16313;824685;571381;51.1;35.4
92;2021-07-02;4889;15284;829574;586665;51.4;36.4
92;2021-07-03;3302;10184;832876;596849;51.6;37.0
92;2021-07-04;1122;4207;833998;601056;51.7;37.2
92;2021-07-05;4819;12331;838817;613387;52.0;38.0
92;2021-07-06;5283;15815;844100;629202;52.3;39.0
92;2021-07-07;4253;11456;848353;640658;52.6;39.7
92;2021-07-08;5410;14638;853763;655296;52.9;40.6
92;2021-07-09;5877;14207;859640;669503;53.3;41.5
92;2021-07-10;4377;8455;864017;677958;53.5;42.0
92;2021-07-11;1481;2618;865498;680576;53.6;42.2
92;2021-07-12;4402;14636;869900;695212;53.9;43.1
92;2021-07-13;7874;17454;877774;712666;54.4;44.2
92;2021-07-14;5104;5741;882878;718407;54.7;44.5
92;2021-07-15;9574;16249;892452;734656;55.3;45.5
92;2021-07-16;9053;14178;901505;748834;55.9;46.4
92;2021-07-17;6571;7604;908076;756438;56.3;46.9
92;2021-07-18;1836;2480;909912;758918;56.4;47.0
92;2021-07-19;6463;13207;916375;772125;56.8;47.8
92;2021-07-20;10080;14095;926455;786220;57.4;48.7
92;2021-07-21;10447;12118;936902;798338;58.1;49.5
92;2021-07-22;12038;12976;948940;811314;58.8;50.3
92;2021-07-23;11585;11356;960525;822670;59.5;51.0
92;2021-07-24;6725;6256;967250;828926;59.9;51.4
92;2021-07-25;2775;2320;970025;831246;60.1;51.5
92;2021-07-26;9476;9175;979501;840421;60.7;52.1
92;2021-07-27;11462;9599;990963;850020;61.4;52.7
92;2021-07-28;11338;8152;1002301;858172;62.1;53.2
92;2021-07-29;10407;8617;1012708;866789;62.8;53.7
92;2021-07-30;9031;8326;1021739;875115;63.3;54.2
92;2021-07-31;5687;4807;1027426;879922;63.7;54.5
92;2021-08-01;2187;1292;1029613;881214;63.8;54.6
92;2021-08-02;4640;4927;1034253;886141;64.1;54.9
92;2021-08-03;5095;6139;1039348;892280;64.4;55.3
92;2021-08-04;4676;4857;1044024;897137;64.7;55.6
92;2021-08-05;4431;5674;1048455;902811;65.0;55.9
92;2021-08-06;4466;5953;1052921;908764;65.2;56.3
92;2021-08-07;2791;4223;1055712;912987;65.4;56.6
92;2021-08-08;950;1080;1056662;914067;65.5;56.6
92;2021-08-09;3159;4244;1059821;918311;65.7;56.9
92;2021-08-10;3759;5603;1063580;923914;65.9;57.3
92;2021-08-11;3164;4430;1066744;928344;66.1;57.5
92;2021-08-12;3349;5584;1070093;933928;66.3;57.9
92;2021-08-13;2934;5127;1073027;939055;66.5;58.2
92;2021-08-14;1859;3922;1074886;942977;66.6;58.4
92;2021-08-15;572;839;1075458;943816;66.6;58.5
92;2021-08-16;2347;5303;1077805;949119;66.8;58.8
92;2021-08-17;2601;6969;1080406;956088;66.9;59.2
92;2021-08-18;2389;5252;1082795;961340;67.1;59.6
92;2021-08-19;2482;5726;1085277;967066;67.3;59.9
92;2021-08-20;2235;5168;1087512;972234;67.4;60.2
92;2021-08-21;1378;4215;1088890;976449;67.5;60.5
92;2021-08-22;420;1592;1089310;978041;67.5;60.6
92;2021-08-23;2409;6577;1091719;984618;67.7;61.0
92;2021-08-24;3120;8333;1094839;992951;67.8;61.5
92;2021-08-25;2822;7553;1097661;1000504;68.0;62.0
92;2021-08-26;2924;7545;1100585;1008049;68.2;62.5
93;2020-12-27;10;3;10;3;0.0;0.0
93;2020-12-28;4;0;14;3;0.0;0.0
93;2020-12-29;0;0;14;3;0.0;0.0
93;2020-12-30;44;1;58;4;0.0;0.0
93;2020-12-31;9;0;67;4;0.0;0.0
93;2021-01-01;5;0;72;4;0.0;0.0
93;2021-01-02;0;0;72;4;0.0;0.0
93;2021-01-03;3;0;75;4;0.0;0.0
93;2021-01-04;0;0;75;4;0.0;0.0
93;2021-01-05;62;1;137;5;0.0;0.0
93;2021-01-06;179;0;316;5;0.0;0.0
93;2021-01-07;380;3;696;8;0.0;0.0
93;2021-01-08;631;1;1327;9;0.1;0.0
93;2021-01-09;21;0;1348;9;0.1;0.0
93;2021-01-10;2;0;1350;9;0.1;0.0
93;2021-01-11;503;4;1853;13;0.1;0.0
93;2021-01-12;753;7;2606;20;0.2;0.0
93;2021-01-13;750;6;3356;26;0.2;0.0
93;2021-01-14;687;18;4043;44;0.2;0.0
93;2021-01-15;516;3;4559;47;0.3;0.0
93;2021-01-16;139;3;4698;50;0.3;0.0
93;2021-01-17;6;1;4704;51;0.3;0.0
93;2021-01-18;1198;10;5902;61;0.4;0.0
93;2021-01-19;1613;17;7515;78;0.4;0.0
93;2021-01-20;1557;19;9072;97;0.5;0.0
93;2021-01-21;1918;35;10990;132;0.7;0.0
93;2021-01-22;1387;15;12377;147;0.7;0.0
93;2021-01-23;712;8;13089;155;0.8;0.0
93;2021-01-24;0;0;13089;155;0.8;0.0
93;2021-01-25;1208;16;14297;171;0.9;0.0
93;2021-01-26;1291;37;15588;208;0.9;0.0
93;2021-01-27;2156;72;17744;280;1.1;0.0
93;2021-01-28;2264;207;20008;487;1.2;0.0
93;2021-01-29;1620;228;21628;715;1.3;0.0
93;2021-01-30;927;47;22555;762;1.4;0.0
93;2021-01-31;7;7;22562;769;1.4;0.0
93;2021-02-01;1180;172;23742;941;1.4;0.1
93;2021-02-02;1167;309;24909;1250;1.5;0.1
93;2021-02-03;1231;396;26140;1646;1.6;0.1
93;2021-02-04;923;566;27063;2212;1.6;0.1
93;2021-02-05;797;432;27860;2644;1.7;0.2
93;2021-02-06;694;69;28554;2713;1.7;0.2
93;2021-02-07;5;0;28559;2713;1.7;0.2
93;2021-02-08;912;646;29471;3359;1.8;0.2
93;2021-02-09;851;599;30322;3958;1.8;0.2
93;2021-02-10;881;676;31203;4634;1.9;0.3
93;2021-02-11;1242;832;32445;5466;1.9;0.3
93;2021-02-12;1041;638;33486;6104;2.0;0.4
93;2021-02-13;395;265;33881;6369;2.0;0.4
93;2021-02-14;13;59;33894;6428;2.0;0.4
93;2021-02-15;412;1264;34306;7692;2.1;0.5
93;2021-02-16;549;1235;34855;8927;2.1;0.5
93;2021-02-17;541;1762;35396;10689;2.1;0.6
93;2021-02-18;1133;1875;36529;12564;2.2;0.8
93;2021-02-19;992;1544;37521;14108;2.2;0.8
93;2021-02-20;304;666;37825;14774;2.3;0.9
93;2021-02-21;9;23;37834;14797;2.3;0.9
93;2021-02-22;603;1292;38437;16089;2.3;1.0
93;2021-02-23;563;1126;39000;17215;2.3;1.0
93;2021-02-24;643;1216;39643;18431;2.4;1.1
93;2021-02-25;902;1072;40545;19503;2.4;1.2
93;2021-02-26;1121;980;41666;20483;2.5;1.2
93;2021-02-27;543;621;42209;21104;2.5;1.3
93;2021-02-28;87;57;42296;21161;2.5;1.3
93;2021-03-01;1082;1072;43378;22233;2.6;1.3
93;2021-03-02;1443;1146;44821;23379;2.7;1.4
93;2021-03-03;1740;1191;46561;24570;2.8;1.5
93;2021-03-04;2717;1132;49278;25702;3.0;1.5
93;2021-03-05;3820;898;53098;26600;3.2;1.6
93;2021-03-06;5049;570;58147;27170;3.5;1.6
93;2021-03-07;4301;230;62448;27400;3.7;1.6
93;2021-03-08;2035;1260;64483;28660;3.9;1.7
93;2021-03-09;2915;973;67398;29633;4.0;1.8
93;2021-03-10;2858;1112;70256;30745;4.2;1.8
93;2021-03-11;3566;1255;73822;32000;4.4;1.9
93;2021-03-12;4126;1305;77948;33305;4.7;2.0
93;2021-03-13;4289;639;82237;33944;4.9;2.0
93;2021-03-14;882;73;83119;34017;5.0;2.0
93;2021-03-15;3552;688;86671;34705;5.2;2.1
93;2021-03-16;3162;623;89833;35328;5.4;2.1
93;2021-03-17;2657;605;92490;35933;5.5;2.2
93;2021-03-18;3314;729;95804;36662;5.7;2.2
93;2021-03-19;3765;648;99569;37310;6.0;2.2
93;2021-03-20;3462;301;103031;37611;6.2;2.3
93;2021-03-21;813;271;103844;37882;6.2;2.3
93;2021-03-22;3847;623;107691;38505;6.4;2.3
93;2021-03-23;4762;811;112453;39316;6.7;2.4
93;2021-03-24;4113;684;116566;40000;7.0;2.4
93;2021-03-25;5578;866;122144;40866;7.3;2.4
93;2021-03-26;5549;897;127693;41763;7.6;2.5
93;2021-03-27;4281;312;131974;42075;7.9;2.5
93;2021-03-28;613;40;132587;42115;7.9;2.5
93;2021-03-29;3853;971;136440;43086;8.2;2.6
93;2021-03-30;4724;1269;141164;44355;8.5;2.7
93;2021-03-31;3913;1246;145077;45601;8.7;2.7
93;2021-04-01;4056;3151;149133;48752;8.9;2.9
93;2021-04-02;3224;3564;152357;52316;9.1;3.1
93;2021-04-03;2520;2262;154877;54578;9.3;3.3
93;2021-04-04;763;159;155640;54737;9.3;3.3
93;2021-04-05;708;90;156348;54827;9.4;3.3
93;2021-04-06;4562;2354;160910;57181;9.6;3.4
93;2021-04-07;4904;2098;165814;59279;9.9;3.5
93;2021-04-08;5812;2691;171626;61970;10.3;3.7
93;2021-04-09;6093;3187;177719;65157;10.6;3.9
93;2021-04-10;4197;2496;181916;67653;10.9;4.1
93;2021-04-11;575;433;182491;68086;10.9;4.1
93;2021-04-12;4099;2925;186590;71011;11.2;4.3
93;2021-04-13;4601;3663;191191;74674;11.4;4.5
93;2021-04-14;4362;2482;195553;77156;11.7;4.6
93;2021-04-15;4559;3038;200112;80194;12.0;4.8
93;2021-04-16;4439;2995;204551;83189;12.2;5.0
93;2021-04-17;3517;2507;208068;85696;12.5;5.1
93;2021-04-18;291;434;208359;86130;12.5;5.2
93;2021-04-19;3777;2863;212136;88993;12.7;5.3
93;2021-04-20;4307;3276;216443;92269;13.0;5.5
93;2021-04-21;4142;2772;220585;95041;13.2;5.7
93;2021-04-22;4512;4018;225097;99059;13.5;5.9
93;2021-04-23;5625;3242;230722;102301;13.8;6.1
93;2021-04-24;5923;3330;236645;105631;14.2;6.3
93;2021-04-25;1732;594;238377;106225;14.3;6.4
93;2021-04-26;4859;3084;243236;109309;14.6;6.5
93;2021-04-27;6458;3628;249694;112937;15.0;6.8
93;2021-04-28;6077;3436;255771;116373;15.3;7.0
93;2021-04-29;7301;3247;263072;119620;15.8;7.2
93;2021-04-30;8263;3120;271335;122740;16.2;7.3
93;2021-05-01;4949;1189;276284;123929;16.5;7.4
93;2021-05-02;418;647;276702;124576;16.6;7.5
93;2021-05-03;8167;5123;284869;129699;17.1;7.8
93;2021-05-04;7825;5410;292694;135109;17.5;8.1
93;2021-05-05;7576;4811;300270;139920;18.0;8.4
93;2021-05-06;8251;4780;308521;144700;18.5;8.7
93;2021-05-07;7012;5429;315533;150129;18.9;9.0
93;2021-05-08;8363;2392;323896;152521;19.4;9.1
93;2021-05-09;6123;1366;330019;153887;19.8;9.2
93;2021-05-10;8256;4080;338275;157967;20.3;9.5
93;2021-05-11;9307;4812;347582;162779;20.8;9.7
93;2021-05-12;9189;3656;356771;166435;21.4;10.0
93;2021-05-13;8296;1656;365067;168091;21.9;10.1
93;2021-05-14;10425;3536;375492;171627;22.5;10.3
93;2021-05-15;11128;3013;386620;174640;23.1;10.5
93;2021-05-16;5557;728;392177;175368;23.5;10.5
93;2021-05-17;11896;2262;404073;177630;24.2;10.6
93;2021-05-18;14101;2396;418174;180026;25.0;10.8
93;2021-05-19;11435;2951;429609;182977;25.7;11.0
93;2021-05-20;12621;3481;442230;186458;26.5;11.2
93;2021-05-21;13014;2888;455244;189346;27.3;11.3
93;2021-05-22;12387;2205;467631;191551;28.0;11.5
93;2021-05-23;8480;1106;476111;192657;28.5;11.5
93;2021-05-24;11201;1942;487312;194599;29.2;11.7
93;2021-05-25;12293;4317;499605;198916;29.9;11.9
93;2021-05-26;11070;3753;510675;202669;30.6;12.1
93;2021-05-27;12706;3892;523381;206561;31.3;12.4
93;2021-05-28;12653;5263;536034;211824;32.1;12.7
93;2021-05-29;11396;4270;547430;216094;32.8;12.9
93;2021-05-30;8216;1379;555646;217473;33.3;13.0
93;2021-05-31;9182;5183;564828;222656;33.8;13.3
93;2021-06-01;11388;6281;576216;228937;34.5;13.7
93;2021-06-02;10713;5198;586929;234135;35.1;14.0
93;2021-06-03;10814;5519;597743;239654;35.8;14.3
93;2021-06-04;10609;7804;608352;247458;36.4;14.8
93;2021-06-05;9021;7351;617373;254809;37.0;15.3
93;2021-06-06;8404;1747;625777;256556;37.5;15.4
93;2021-06-07;10071;7535;635848;264091;38.1;15.8
93;2021-06-08;10380;7381;646228;271472;38.7;16.3
93;2021-06-09;10240;7292;656468;278764;39.3;16.7
93;2021-06-10;9006;8192;665474;286956;39.8;17.2
93;2021-06-11;8833;8820;674307;295776;40.4;17.7
93;2021-06-12;9868;6656;684175;302432;41.0;18.1
93;2021-06-13;7169;2127;691344;304559;41.4;18.2
93;2021-06-14;5399;9735;696743;314294;41.7;18.8
93;2021-06-15;6241;9660;702984;323954;42.1;19.4
93;2021-06-16;6647;9059;709631;333013;42.5;19.9
93;2021-06-17;5752;8475;715383;341488;42.8;20.4
93;2021-06-18;7223;11128;722606;352616;43.3;21.1
93;2021-06-19;7078;11097;729684;363713;43.7;21.8
93;2021-06-20;4952;6877;734636;370590;44.0;22.2
93;2021-06-21;4072;10734;738708;381324;44.2;22.8
93;2021-06-22;4692;11312;743400;392636;44.5;23.5
93;2021-06-23;4539;10598;747939;403234;44.8;24.1
93;2021-06-24;4208;10301;752147;413535;45.0;24.8
93;2021-06-25;5181;13058;757328;426593;45.3;25.5
93;2021-06-26;5299;13919;762627;440512;45.7;26.4
93;2021-06-27;3290;7107;765917;447619;45.9;26.8
93;2021-06-28;3694;12512;769611;460131;46.1;27.6
93;2021-06-29;4016;12352;773627;472483;46.3;28.3
93;2021-06-30;4136;11303;777763;483786;46.6;29.0
93;2021-07-01;5930;11160;783693;494946;46.9;29.6
93;2021-07-02;5735;12374;789428;507320;47.3;30.4
93;2021-07-03;5364;13445;794792;520765;47.6;31.2
93;2021-07-04;3083;7886;797875;528651;47.8;31.7
93;2021-07-05;4551;10848;802426;539499;48.0;32.3
93;2021-07-06;4795;11757;807221;551256;48.3;33.0
93;2021-07-07;5061;11410;812282;562666;48.6;33.7
93;2021-07-08;5020;10261;817302;572927;48.9;34.3
93;2021-07-09;5904;13029;823206;585956;49.3;35.1
93;2021-07-10;5896;14283;829102;600239;49.6;35.9
93;2021-07-11;3690;9088;832792;609327;49.9;36.5
93;2021-07-12;5560;12069;838352;621396;50.2;37.2
93;2021-07-13;11105;13286;849457;634682;50.9;38.0
93;2021-07-14;10631;6792;860088;641474;51.5;38.4
93;2021-07-15;12480;14128;872568;655602;52.2;39.3
93;2021-07-16;13125;13691;885693;669293;53.0;40.1
93;2021-07-17;11364;13911;897057;683204;53.7;40.9
93;2021-07-18;7401;8950;904458;692154;54.2;41.4
93;2021-07-19;9599;10921;914057;703075;54.7;42.1
93;2021-07-20;12591;10676;926648;713751;55.5;42.7
93;2021-07-21;14206;10941;940854;724692;56.3;43.4
93;2021-07-22;14120;9460;954974;734152;57.2;44.0
93;2021-07-23;14534;10638;969508;744790;58.0;44.6
93;2021-07-24;13904;10628;983412;755418;58.9;45.2
93;2021-07-25;9026;6351;992438;761769;59.4;45.6
93;2021-07-26;12546;7772;1004984;769541;60.2;46.1
93;2021-07-27;15026;7412;1020010;776953;61.1;46.5
93;2021-07-28;14851;8255;1034861;785208;62.0;47.0
93;2021-07-29;13487;7033;1048348;792241;62.8;47.4
93;2021-07-30;13795;7826;1062143;800067;63.6;47.9
93;2021-07-31;12162;7697;1074305;807764;64.3;48.4
93;2021-08-01;7276;4582;1081581;812346;64.8;48.6
93;2021-08-02;7619;5680;1089200;818026;65.2;49.0
93;2021-08-03;7205;6856;1096405;824882;65.6;49.4
93;2021-08-04;7492;7971;1103897;832853;66.1;49.9
93;2021-08-05;5711;6840;1109608;839693;66.4;50.3
93;2021-08-06;6740;8320;1116348;848013;66.8;50.8
93;2021-08-07;7191;9035;1123539;857048;67.3;51.3
93;2021-08-08;4323;5539;1127862;862587;67.5;51.6
93;2021-08-09;6571;8053;1134433;870640;67.9;52.1
93;2021-08-10;7097;8828;1141530;879468;68.3;52.7
93;2021-08-11;7282;9671;1148812;889139;68.8;53.2
93;2021-08-12;6177;9007;1154989;898146;69.2;53.8
93;2021-08-13;6229;8998;1161218;907144;69.5;54.3
93;2021-08-14;5766;10466;1166984;917610;69.9;54.9
93;2021-08-15;2652;3610;1169636;921220;70.0;55.2
93;2021-08-16;5386;11182;1175022;932402;70.4;55.8
93;2021-08-17;5766;10889;1180788;943291;70.7;56.5
93;2021-08-18;5347;11134;1186135;954425;71.0;57.1
93;2021-08-19;4415;9642;1190550;964067;71.3;57.7
93;2021-08-20;4708;11190;1195258;975257;71.6;58.4
93;2021-08-21;4188;11913;1199446;987170;71.8;59.1
93;2021-08-22;2165;7036;1201611;994206;71.9;59.5
93;2021-08-23;4255;9277;1205866;1003483;72.2;60.1
93;2021-08-24;4255;8381;1210121;1011864;72.5;60.6
93;2021-08-25;4100;8565;1214221;1020429;72.7;61.1
93;2021-08-26;3510;7032;1217731;1027461;72.9;61.5
94;2020-12-27;6;0;6;0;0.0;0.0
94;2020-12-28;10;0;16;0;0.0;0.0
94;2020-12-29;0;0;16;0;0.0;0.0
94;2020-12-30;1;0;17;0;0.0;0.0
94;2020-12-31;4;0;21;0;0.0;0.0
94;2021-01-01;4;0;25;0;0.0;0.0
94;2021-01-02;0;0;25;0;0.0;0.0
94;2021-01-03;2;0;27;0;0.0;0.0
94;2021-01-04;37;2;64;2;0.0;0.0
94;2021-01-05;231;2;295;4;0.0;0.0
94;2021-01-06;332;4;627;8;0.0;0.0
94;2021-01-07;691;11;1318;19;0.1;0.0
94;2021-01-08;922;10;2240;29;0.2;0.0
94;2021-01-09;47;0;2287;29;0.2;0.0
94;2021-01-10;18;0;2305;29;0.2;0.0
94;2021-01-11;1013;9;3318;38;0.2;0.0
94;2021-01-12;1345;26;4663;64;0.3;0.0
94;2021-01-13;1407;24;6070;88;0.4;0.0
94;2021-01-14;1541;28;7611;116;0.5;0.0
94;2021-01-15;1220;22;8831;138;0.6;0.0
94;2021-01-16;197;2;9028;140;0.6;0.0
94;2021-01-17;96;1;9124;141;0.6;0.0
94;2021-01-18;1498;28;10622;169;0.8;0.0
94;2021-01-19;1951;28;12573;197;0.9;0.0
94;2021-01-20;2183;20;14756;217;1.0;0.0
94;2021-01-21;3002;16;17758;233;1.3;0.0
94;2021-01-22;2183;19;19941;252;1.4;0.0
94;2021-01-23;732;3;20673;255;1.5;0.0
94;2021-01-24;284;0;20957;255;1.5;0.0
94;2021-01-25;1467;22;22424;277;1.6;0.0
94;2021-01-26;1568;20;23992;297;1.7;0.0
94;2021-01-27;1817;31;25809;328;1.8;0.0
94;2021-01-28;1535;133;27344;461;1.9;0.0
94;2021-01-29;1379;149;28723;610;2.0;0.0
94;2021-01-30;580;4;29303;614;2.1;0.0
94;2021-01-31;120;8;29423;622;2.1;0.0
94;2021-02-01;928;153;30351;775;2.2;0.1
94;2021-02-02;852;252;31203;1027;2.2;0.1
94;2021-02-03;762;369;31965;1396;2.3;0.1
94;2021-02-04;901;434;32866;1830;2.3;0.1
94;2021-02-05;873;573;33739;2403;2.4;0.2
94;2021-02-06;405;75;34144;2478;2.4;0.2
94;2021-02-07;122;0;34266;2478;2.4;0.2
94;2021-02-08;634;549;34900;3027;2.5;0.2
94;2021-02-09;1036;988;35936;4015;2.6;0.3
94;2021-02-10;1101;1366;37037;5381;2.6;0.4
94;2021-02-11;1429;1559;38466;6940;2.7;0.5
94;2021-02-12;1390;1654;39856;8594;2.8;0.6
94;2021-02-13;300;261;40156;8855;2.9;0.6
94;2021-02-14;30;72;40186;8927;2.9;0.6
94;2021-02-15;752;1770;40938;10697;2.9;0.8
94;2021-02-16;702;2750;41640;13447;3.0;1.0
94;2021-02-17;716;1581;42356;15028;3.0;1.1
94;2021-02-18;787;1708;43143;16736;3.1;1.2
94;2021-02-19;967;1464;44110;18200;3.1;1.3
94;2021-02-20;133;924;44243;19124;3.1;1.4
94;2021-02-21;20;184;44263;19308;3.1;1.4
94;2021-02-22;523;1350;44786;20658;3.2;1.5
94;2021-02-23;624;1279;45410;21937;3.2;1.6
94;2021-02-24;693;926;46103;22863;3.3;1.6
94;2021-02-25;1070;1569;47173;24432;3.4;1.7
94;2021-02-26;1323;1075;48496;25507;3.4;1.8
94;2021-02-27;515;555;49011;26062;3.5;1.9
94;2021-02-28;91;84;49102;26146;3.5;1.9
94;2021-03-01;882;946;49984;27092;3.6;1.9
94;2021-03-02;1566;1001;51550;28093;3.7;2.0
94;2021-03-03;1948;1027;53498;29120;3.8;2.1
94;2021-03-04;2861;1196;56359;30316;4.0;2.2
94;2021-03-05;3835;1360;60194;31676;4.3;2.3
94;2021-03-06;4816;595;65010;32271;4.6;2.3
94;2021-03-07;3689;572;68699;32843;4.9;2.3
94;2021-03-08;1915;811;70614;33654;5.0;2.4
94;2021-03-09;2555;939;73169;34593;5.2;2.5
94;2021-03-10;3199;1050;76368;35643;5.4;2.5
94;2021-03-11;3839;951;80207;36594;5.7;2.6
94;2021-03-12;4580;833;84787;37427;6.0;2.7
94;2021-03-13;4129;403;88916;37830;6.3;2.7
94;2021-03-14;2115;160;91031;37990;6.5;2.7
94;2021-03-15;3170;798;94201;38788;6.7;2.8
94;2021-03-16;2775;450;96976;39238;6.9;2.8
94;2021-03-17;2859;468;99835;39706;7.1;2.8
94;2021-03-18;3264;449;103099;40155;7.3;2.9
94;2021-03-19;4272;718;107371;40873;7.6;2.9
94;2021-03-20;3692;301;111063;41174;7.9;2.9
94;2021-03-21;1463;391;112526;41565;8.0;3.0
94;2021-03-22;3217;679;115743;42244;8.2;3.0
94;2021-03-23;4512;743;120255;42987;8.6;3.1
94;2021-03-24;4628;635;124883;43622;8.9;3.1
94;2021-03-25;6322;684;131205;44306;9.3;3.2
94;2021-03-26;6088;846;137293;45152;9.8;3.2
94;2021-03-27;4472;282;141765;45434;10.1;3.2
94;2021-03-28;1887;107;143652;45541;10.2;3.2
94;2021-03-29;4124;1235;147776;46776;10.5;3.3
94;2021-03-30;5300;1360;153076;48136;10.9;3.4
94;2021-03-31;4904;1822;157980;49958;11.2;3.6
94;2021-04-01;5824;2320;163804;52278;11.7;3.7
94;2021-04-02;5248;2333;169052;54611;12.0;3.9
94;2021-04-03;3088;2532;172140;57143;12.2;4.1
94;2021-04-04;1052;780;173192;57923;12.3;4.1
94;2021-04-05;836;163;174028;58086;12.4;4.1
94;2021-04-06;3577;2611;177605;60697;12.6;4.3
94;2021-04-07;3866;2278;181471;62975;12.9;4.5
94;2021-04-08;4624;2067;186095;65042;13.2;4.6
94;2021-04-09;5361;2484;191456;67526;13.6;4.8
94;2021-04-10;2960;3010;194416;70536;13.8;5.0
94;2021-04-11;1268;1769;195684;72305;13.9;5.1
94;2021-04-12;3439;2292;199123;74597;14.2;5.3
94;2021-04-13;4314;3430;203437;78027;14.5;5.5
94;2021-04-14;3906;2705;207343;80732;14.7;5.7
94;2021-04-15;4444;2996;211787;83728;15.1;6.0
94;2021-04-16;4705;2848;216492;86576;15.4;6.2
94;2021-04-17;2462;2771;218954;89347;15.6;6.4
94;2021-04-18;921;1246;219875;90593;15.6;6.4
94;2021-04-19;2976;2447;222851;93040;15.8;6.6
94;2021-04-20;3270;2713;226121;95753;16.1;6.8
94;2021-04-21;3218;3166;229339;98919;16.3;7.0
94;2021-04-22;3913;3653;233252;102572;16.6;7.3
94;2021-04-23;4116;3995;237368;106567;16.9;7.6
94;2021-04-24;4264;3412;241632;109979;17.2;7.8
94;2021-04-25;2409;1506;244041;111485;17.4;7.9
94;2021-04-26;4012;3283;248053;114768;17.6;8.2
94;2021-04-27;5095;3381;253148;118149;18.0;8.4
94;2021-04-28;4831;3639;257979;121788;18.3;8.7
94;2021-04-29;6418;3820;264397;125608;18.8;8.9
94;2021-04-30;6487;3948;270884;129556;19.3;9.2
94;2021-05-01;4057;1065;274941;130621;19.6;9.3
94;2021-05-02;3053;1473;277994;132094;19.8;9.4
94;2021-05-03;5737;5347;283731;137441;20.2;9.8
94;2021-05-04;6099;3577;289830;141018;20.6;10.0
94;2021-05-05;6185;3430;296015;144448;21.1;10.3
94;2021-05-06;7157;3542;303172;147990;21.6;10.5
94;2021-05-07;6676;4124;309848;152114;22.0;10.8
94;2021-05-08;4900;2553;314748;154667;22.4;11.0
94;2021-05-09;4226;2255;318974;156922;22.7;11.2
94;2021-05-10;7719;3135;326693;160057;23.2;11.4
94;2021-05-11;8975;3935;335668;163992;23.9;11.7
94;2021-05-12;9575;3608;345243;167600;24.6;11.9
94;2021-05-13;8677;1370;353920;168970;25.2;12.0
94;2021-05-14;9873;3324;363793;172294;25.9;12.3
94;2021-05-15;8942;2170;372735;174464;26.5;12.4
94;2021-05-16;5069;913;377804;175377;26.9;12.5
94;2021-05-17;10838;2256;388642;177633;27.6;12.6
94;2021-05-18;11297;2458;399939;180091;28.4;12.8
94;2021-05-19;11672;3601;411611;183692;29.3;13.1
94;2021-05-20;12154;4364;423765;188056;30.1;13.4
94;2021-05-21;11879;3162;435644;191218;31.0;13.6
94;2021-05-22;10291;1970;445935;193188;31.7;13.7
94;2021-05-23;5003;711;450938;193899;32.1;13.8
94;2021-05-24;9663;1347;460601;195246;32.8;13.9
94;2021-05-25;10001;4266;470602;199512;33.5;14.2
94;2021-05-26;10283;3317;480885;202829;34.2;14.4
94;2021-05-27;10867;4590;491752;207419;35.0;14.8
94;2021-05-28;10449;4957;502201;212376;35.7;15.1
94;2021-05-29;9874;3458;512075;215834;36.4;15.4
94;2021-05-30;4789;931;516864;216765;36.8;15.4
94;2021-05-31;9987;4237;526851;221002;37.5;15.7
94;2021-06-01;10320;5108;537171;226110;38.2;16.1
94;2021-06-02;9364;4595;546535;230705;38.9;16.4
94;2021-06-03;9564;5603;556099;236308;39.6;16.8
94;2021-06-04;10415;6540;566514;242848;40.3;17.3
94;2021-06-05;9201;6264;575715;249112;40.9;17.7
94;2021-06-06;3986;1850;579701;250962;41.2;17.8
94;2021-06-07;8676;5982;588377;256944;41.8;18.3
94;2021-06-08;9013;7536;597390;264480;42.5;18.8
94;2021-06-09;8952;8164;606342;272644;43.1;19.4
94;2021-06-10;8805;10982;615147;283626;43.8;20.2
94;2021-06-11;7855;8394;623002;292020;44.3;20.8
94;2021-06-12;10263;6849;633265;298869;45.0;21.3
94;2021-06-13;3470;3260;636735;302129;45.3;21.5
94;2021-06-14;6966;8216;643701;310345;45.8;22.1
94;2021-06-15;7736;8818;651437;319163;46.3;22.7
94;2021-06-16;7242;8276;658679;327439;46.8;23.3
94;2021-06-17;6705;9070;665384;336509;47.3;23.9
94;2021-06-18;6583;11961;671967;348470;47.8;24.8
94;2021-06-19;6012;9595;677979;358065;48.2;25.5
94;2021-06-20;1889;4012;679868;362077;48.4;25.8
94;2021-06-21;4532;11187;684400;373264;48.7;26.5
94;2021-06-22;4843;10813;689243;384077;49.0;27.3
94;2021-06-23;4175;11160;693418;395237;49.3;28.1
94;2021-06-24;4973;10336;698391;405573;49.7;28.8
94;2021-06-25;4291;13743;702682;419316;50.0;29.8
94;2021-06-26;3140;12001;705822;431317;50.2;30.7
94;2021-06-27;1059;4997;706881;436314;50.3;31.0
94;2021-06-28;3500;12079;710381;448393;50.5;31.9
94;2021-06-29;4046;12182;714427;460575;50.8;32.8
94;2021-06-30;4447;11649;718874;472224;51.1;33.6
94;2021-07-01;5451;11115;724325;483339;51.5;34.4
94;2021-07-02;5594;12197;729919;495536;51.9;35.2
94;2021-07-03;3717;11806;733636;507342;52.2;36.1
94;2021-07-04;1514;5087;735150;512429;52.3;36.4
94;2021-07-05;4535;11435;739685;523864;52.6;37.3
94;2021-07-06;4630;10900;744315;534764;52.9;38.0
94;2021-07-07;5031;11082;749346;545846;53.3;38.8
94;2021-07-08;5134;10032;754480;555878;53.7;39.5
94;2021-07-09;6078;11872;760558;567750;54.1;40.4
94;2021-07-10;4115;11362;764673;579112;54.4;41.2
94;2021-07-11;1555;4717;766228;583829;54.5;41.5
94;2021-07-12;4321;11970;770549;595799;54.8;42.4
94;2021-07-13;6422;12040;776971;607839;55.3;43.2
94;2021-07-14;4194;5293;781165;613132;55.6;43.6
94;2021-07-15;7240;12367;788405;625499;56.1;44.5
94;2021-07-16;7711;11308;796116;636807;56.6;45.3
94;2021-07-17;6094;11320;802210;648127;57.1;46.1
94;2021-07-18;2628;4023;804838;652150;57.2;46.4
94;2021-07-19;6915;10444;811753;662594;57.7;47.1
94;2021-07-20;8490;10385;820243;672979;58.3;47.9
94;2021-07-21;8751;9578;828994;682557;59.0;48.5
94;2021-07-22;9743;9416;838737;691973;59.7;49.2
94;2021-07-23;9265;9413;848002;701386;60.3;49.9
94;2021-07-24;7186;8875;855188;710261;60.8;50.5
94;2021-07-25;2188;2737;857376;712998;61.0;50.7
94;2021-07-26;8005;8084;865381;721082;61.5;51.3
94;2021-07-27;8728;7131;874109;728213;62.2;51.8
94;2021-07-28;9000;6566;883109;734779;62.8;52.3
94;2021-07-29;8993;6350;892102;741129;63.4;52.7
94;2021-07-30;7818;6579;899920;747708;64.0;53.2
94;2021-07-31;7139;6307;907059;754015;64.5;53.6
94;2021-08-01;3183;1784;910242;755799;64.7;53.8
94;2021-08-02;6301;5481;916543;761280;65.2;54.1
94;2021-08-03;6194;5196;922737;766476;65.6;54.5
94;2021-08-04;6136;5124;928873;771600;66.1;54.9
94;2021-08-05;5734;5458;934607;777058;66.5;55.3
94;2021-08-06;5498;5821;940105;782879;66.9;55.7
94;2021-08-07;4194;4467;944299;787346;67.2;56.0
94;2021-08-08;1354;1709;945653;789055;67.3;56.1
94;2021-08-09;4822;6799;950475;795854;67.6;56.6
94;2021-08-10;5287;6532;955762;802386;68.0;57.1
94;2021-08-11;4195;5911;959957;808297;68.3;57.5
94;2021-08-12;4304;6487;964261;814784;68.6;57.9
94;2021-08-13;3664;5784;967925;820568;68.8;58.4
94;2021-08-14;2855;5732;970780;826300;69.0;58.8
94;2021-08-15;448;734;971228;827034;69.1;58.8
94;2021-08-16;3447;8273;974675;835307;69.3;59.4
94;2021-08-17;3330;8126;978005;843433;69.6;60.0
94;2021-08-18;3221;8595;981226;852028;69.8;60.6
94;2021-08-19;3254;6885;984480;858913;70.0;61.1
94;2021-08-20;2926;7733;987406;866646;70.2;61.6
94;2021-08-21;2509;7152;989915;873798;70.4;62.1
94;2021-08-22;887;2731;990802;876529;70.5;62.3
94;2021-08-23;2780;8438;993582;884967;70.7;62.9
94;2021-08-24;3059;7484;996641;892451;70.9;63.5
94;2021-08-25;2691;6708;999332;899159;71.1;63.9
94;2021-08-26;2496;6084;1001828;905243;71.3;64.4
95;2020-12-27;3;0;3;0;0.0;0.0
95;2020-12-28;4;0;7;0;0.0;0.0
95;2020-12-29;0;0;7;0;0.0;0.0
95;2020-12-30;0;0;7;0;0.0;0.0
95;2020-12-31;2;0;9;0;0.0;0.0
95;2021-01-01;0;0;9;0;0.0;0.0
95;2021-01-02;13;0;22;0;0.0;0.0
95;2021-01-03;1;0;23;0;0.0;0.0
95;2021-01-04;48;0;71;0;0.0;0.0
95;2021-01-05;312;0;383;0;0.0;0.0
95;2021-01-06;192;0;575;0;0.0;0.0
95;2021-01-07;130;1;705;1;0.1;0.0
95;2021-01-08;277;1;982;2;0.1;0.0
95;2021-01-09;251;0;1233;2;0.1;0.0
95;2021-01-10;382;1;1615;3;0.1;0.0
95;2021-01-11;489;1;2104;4;0.2;0.0
95;2021-01-12;862;1;2966;5;0.2;0.0
95;2021-01-13;781;12;3747;17;0.3;0.0
95;2021-01-14;887;13;4634;30;0.4;0.0
95;2021-01-15;758;5;5392;35;0.4;0.0
95;2021-01-16;298;3;5690;38;0.5;0.0
95;2021-01-17;221;1;5911;39;0.5;0.0
95;2021-01-18;1338;5;7249;44;0.6;0.0
95;2021-01-19;1573;6;8822;50;0.7;0.0
95;2021-01-20;2039;5;10861;55;0.9;0.0
95;2021-01-21;1853;4;12714;59;1.0;0.0
95;2021-01-22;1326;5;14040;64;1.1;0.0
95;2021-01-23;648;0;14688;64;1.2;0.0
95;2021-01-24;181;0;14869;64;1.2;0.0
95;2021-01-25;796;37;15665;101;1.3;0.0
95;2021-01-26;987;160;16652;261;1.3;0.0
95;2021-01-27;1250;192;17902;453;1.4;0.0
95;2021-01-28;1719;36;19621;489;1.6;0.0
95;2021-01-29;1248;212;20869;701;1.7;0.1
95;2021-01-30;477;5;21346;706;1.7;0.1
95;2021-01-31;212;2;21558;708;1.7;0.1
95;2021-02-01;566;273;22124;981;1.8;0.1
95;2021-02-02;527;270;22651;1251;1.8;0.1
95;2021-02-03;613;519;23264;1770;1.9;0.1
95;2021-02-04;1065;370;24329;2140;1.9;0.2
95;2021-02-05;732;307;25061;2447;2.0;0.2
95;2021-02-06;335;254;25396;2701;2.0;0.2
95;2021-02-07;141;411;25537;3112;2.0;0.2
95;2021-02-08;764;342;26301;3454;2.1;0.3
95;2021-02-09;1131;1093;27432;4547;2.2;0.4
95;2021-02-10;1262;1411;28694;5958;2.3;0.5
95;2021-02-11;1387;1144;30081;7102;2.4;0.6
95;2021-02-12;1032;991;31113;8093;2.5;0.6
95;2021-02-13;329;319;31442;8412;2.5;0.7
95;2021-02-14;40;187;31482;8599;2.5;0.7
95;2021-02-15;427;1065;31909;9664;2.6;0.8
95;2021-02-16;493;924;32402;10588;2.6;0.8
95;2021-02-17;654;1137;33056;11725;2.6;0.9
95;2021-02-18;723;1690;33779;13415;2.7;1.1
95;2021-02-19;783;1305;34562;14720;2.8;1.2
95;2021-02-20;305;493;34867;15213;2.8;1.2
95;2021-02-21;165;315;35032;15528;2.8;1.2
95;2021-02-22;327;1023;35359;16551;2.8;1.3
95;2021-02-23;368;731;35727;17282;2.9;1.4
95;2021-02-24;309;882;36036;18164;2.9;1.5
95;2021-02-25;723;1134;36759;19298;2.9;1.5
95;2021-02-26;989;885;37748;20183;3.0;1.6
95;2021-02-27;365;433;38113;20616;3.1;1.7
95;2021-02-28;61;236;38174;20852;3.1;1.7
95;2021-03-01;770;591;38944;21443;3.1;1.7
95;2021-03-02;1321;857;40265;22300;3.2;1.8
95;2021-03-03;1597;985;41862;23285;3.4;1.9
95;2021-03-04;3192;1205;45054;24490;3.6;2.0
95;2021-03-05;3652;1102;48706;25592;3.9;2.1
95;2021-03-06;4005;501;52711;26093;4.2;2.1
95;2021-03-07;4222;323;56933;26416;4.6;2.1
95;2021-03-08;1541;872;58474;27288;4.7;2.2
95;2021-03-09;2621;507;61095;27795;4.9;2.2
95;2021-03-10;2341;856;63436;28651;5.1;2.3
95;2021-03-11;3137;1153;66573;29804;5.3;2.4
95;2021-03-12;3518;806;70091;30610;5.6;2.5
95;2021-03-13;3519;421;73610;31031;5.9;2.5
95;2021-03-14;1983;304;75593;31335;6.1;2.5
95;2021-03-15;2373;321;77966;31656;6.2;2.5
95;2021-03-16;1574;420;79540;32076;6.4;2.6
95;2021-03-17;2103;419;81643;32495;6.5;2.6
95;2021-03-18;2798;371;84441;32866;6.8;2.6
95;2021-03-19;3475;367;87916;33233;7.0;2.7
95;2021-03-20;2592;207;90508;33440;7.3;2.7
95;2021-03-21;1202;248;91710;33688;7.3;2.7
95;2021-03-22;2938;369;94648;34057;7.6;2.7
95;2021-03-23;3435;458;98083;34515;7.9;2.8
95;2021-03-24;3944;518;102027;35033;8.2;2.8
95;2021-03-25;5858;654;107885;35687;8.6;2.9
95;2021-03-26;5430;687;113315;36374;9.1;2.9
95;2021-03-27;3749;222;117064;36596;9.4;2.9
95;2021-03-28;1533;119;118597;36715;9.5;2.9
95;2021-03-29;2894;578;121491;37293;9.7;3.0
95;2021-03-30;3885;1245;125376;38538;10.0;3.1
95;2021-03-31;3658;1669;129034;40207;10.3;3.2
95;2021-04-01;5482;2279;134516;42486;10.8;3.4
95;2021-04-02;3561;2766;138077;45252;11.1;3.6
95;2021-04-03;2095;2491;140172;47743;11.2;3.8
95;2021-04-04;1247;1201;141419;48944;11.3;3.9
95;2021-04-05;595;64;142014;49008;11.4;3.9
95;2021-04-06;1856;1538;143870;50546;11.5;4.0
95;2021-04-07;4951;2189;148821;52735;11.9;4.2
95;2021-04-08;4898;2466;153719;55201;12.3;4.4
95;2021-04-09;5435;2340;159154;57541;12.7;4.6
95;2021-04-10;3709;1434;162863;58975;13.0;4.7
95;2021-04-11;1567;1037;164430;60012;13.2;4.8
95;2021-04-12;3251;1621;167681;61633;13.4;4.9
95;2021-04-13;3141;1688;170822;63321;13.7;5.1
95;2021-04-14;2752;1994;173574;65315;13.9;5.2
95;2021-04-15;3901;3346;177475;68661;14.2;5.5
95;2021-04-16;4065;3037;181540;71698;14.5;5.7
95;2021-04-17;2375;1757;183915;73455;14.7;5.9
95;2021-04-18;1508;1019;185423;74474;14.9;6.0
95;2021-04-19;2569;2371;187992;76845;15.1;6.2
95;2021-04-20;2121;2457;190113;79302;15.2;6.4
95;2021-04-21;3931;2635;194044;81937;15.5;6.6
95;2021-04-22;3412;4629;197456;86566;15.8;6.9
95;2021-04-23;2767;3562;200223;90128;16.0;7.2
95;2021-04-24;3572;2589;203795;92717;16.3;7.4
95;2021-04-25;1961;1550;205756;94267;16.5;7.6
95;2021-04-26;2751;2704;208507;96971;16.7;7.8
95;2021-04-27;3851;2177;212358;99148;17.0;7.9
95;2021-04-28;3889;2672;216247;101820;17.3;8.2
95;2021-04-29;6142;4555;222389;106375;17.8;8.5
95;2021-04-30;6903;2938;229292;109313;18.4;8.8
95;2021-05-01;2368;917;231660;110230;18.6;8.8
95;2021-05-02;2447;1502;234107;111732;18.8;9.0
95;2021-05-03;5126;1929;239233;113661;19.2;9.1
95;2021-05-04;6354;2724;245587;116385;19.7;9.3
95;2021-05-05;5146;3808;250733;120193;20.1;9.6
95;2021-05-06;8202;4928;258935;125121;20.7;10.0
95;2021-05-07;5776;4753;264711;129874;21.2;10.4
95;2021-05-08;5741;1531;270452;131405;21.7;10.5
95;2021-05-09;2827;1585;273279;132990;21.9;10.7
95;2021-05-10;9965;3187;283244;136177;22.7;10.9
95;2021-05-11;8448;3462;291692;139639;23.4;11.2
95;2021-05-12;9462;3223;301154;142862;24.1;11.4
95;2021-05-13;7956;1203;309110;144065;24.8;11.5
95;2021-05-14;7015;1908;316125;145973;25.3;11.7
95;2021-05-15;4514;1071;320639;147044;25.7;11.8
95;2021-05-16;4824;837;325463;147881;26.1;11.8
95;2021-05-17;7740;1351;333203;149232;26.7;12.0
95;2021-05-18;9468;1859;342671;151091;27.4;12.1
95;2021-05-19;9244;2508;351915;153599;28.2;12.3
95;2021-05-20;12584;2452;364499;156051;29.2;12.5
95;2021-05-21;10178;2539;374677;158590;30.0;12.7
95;2021-05-22;9399;1564;384076;160154;30.8;12.8
95;2021-05-23;4142;957;388218;161111;31.1;12.9
95;2021-05-24;2398;537;390616;161648;31.3;12.9
95;2021-05-25;7210;2081;397826;163729;31.9;13.1
95;2021-05-26;8849;3126;406675;166855;32.6;13.4
95;2021-05-27;10364;4434;417039;171289;33.4;13.7
95;2021-05-28;7687;4425;424726;175714;34.0;14.1
95;2021-05-29;5266;2765;429992;178479;34.4;14.3
95;2021-05-30;3731;1700;433723;180179;34.7;14.4
95;2021-05-31;6429;3329;440152;183508;35.3;14.7
95;2021-06-01;8784;3813;448936;187321;36.0;15.0
95;2021-06-02;8799;4746;457735;192067;36.7;15.4
95;2021-06-03;8526;6563;466261;198630;37.4;15.9
95;2021-06-04;8886;4403;475147;203033;38.1;16.3
95;2021-06-05;8342;3743;483489;206776;38.7;16.6
95;2021-06-06;4833;1616;488322;208392;39.1;16.7
95;2021-06-07;6060;4545;494382;212937;39.6;17.1
95;2021-06-08;6553;5518;500935;218455;40.1;17.5
95;2021-06-09;6266;6472;507201;224927;40.6;18.0
95;2021-06-10;6433;6815;513634;231742;41.1;18.6
95;2021-06-11;7235;6443;520869;238185;41.7;19.1
95;2021-06-12;6007;4375;526876;242560;42.2;19.4
95;2021-06-13;2084;3284;528960;245844;42.4;19.7
95;2021-06-14;5372;5988;534332;251832;42.8;20.2
95;2021-06-15;5745;8074;540077;259906;43.3;20.8
95;2021-06-16;5490;7533;545567;267439;43.7;21.4
95;2021-06-17;6607;8162;552174;275601;44.2;22.1
95;2021-06-18;5834;7856;558008;283457;44.7;22.7
95;2021-06-19;4969;8925;562977;292382;45.1;23.4
95;2021-06-20;1430;3312;564407;295694;45.2;23.7
95;2021-06-21;3542;7716;567949;303410;45.5;24.3
95;2021-06-22;5071;9047;573020;312457;45.9;25.0
95;2021-06-23;4780;10875;577800;323332;46.3;25.9
95;2021-06-24;4941;10722;582741;334054;46.7;26.8
95;2021-06-25;4889;10361;587630;344415;47.1;27.6
95;2021-06-26;4324;8483;591954;352898;47.4;28.3
95;2021-06-27;1034;3994;592988;356892;47.5;28.6
95;2021-06-28;2742;9491;595730;366383;47.7;29.3
95;2021-06-29;2537;8790;598267;375173;47.9;30.1
95;2021-06-30;3954;9994;602221;385167;48.2;30.9
95;2021-07-01;4621;11164;606842;396331;48.6;31.7
95;2021-07-02;4269;10549;611111;406880;49.0;32.6
95;2021-07-03;3538;9159;614649;416039;49.2;33.3
95;2021-07-04;1275;3403;615924;419442;49.3;33.6
95;2021-07-05;2353;4376;618277;423818;49.5;34.0
95;2021-07-06;2679;7749;620956;431567;49.7;34.6
95;2021-07-07;3961;9625;624917;441192;50.1;35.3
95;2021-07-08;5316;9819;630233;451011;50.5;36.1
95;2021-07-09;4553;10075;634786;461086;50.8;36.9
95;2021-07-10;3397;7389;638183;468475;51.1;37.5
95;2021-07-11;1526;3602;639709;472077;51.2;37.8
95;2021-07-12;2982;9683;642691;481760;51.5;38.6
95;2021-07-13;5056;10069;647747;491829;51.9;39.4
95;2021-07-14;4425;5735;652172;497564;52.2;39.9
95;2021-07-15;7393;12348;659565;509912;52.8;40.8
95;2021-07-16;7977;11989;667542;521901;53.5;41.8
95;2021-07-17;5054;7819;672596;529720;53.9;42.4
95;2021-07-18;3485;2902;676081;532622;54.2;42.7
95;2021-07-19;4836;6868;680917;539490;54.5;43.2
95;2021-07-20;6943;8375;687860;547865;55.1;43.9
95;2021-07-21;9252;9444;697112;557309;55.8;44.6
95;2021-07-22;10132;9704;707244;567013;56.7;45.4
95;2021-07-23;10898;10197;718142;577210;57.5;46.2
95;2021-07-24;5257;6234;723399;583444;57.9;46.7
95;2021-07-25;2231;2281;725630;585725;58.1;46.9
95;2021-07-26;4505;4014;730135;589739;58.5;47.2
95;2021-07-27;8488;7043;738623;596782;59.2;47.8
95;2021-07-28;9692;7552;748315;604334;59.9;48.4
95;2021-07-29;8410;5469;756725;609803;60.6;48.8
95;2021-07-30;8472;7765;765197;617568;61.3;49.5
95;2021-07-31;4224;4114;769421;621682;61.6;49.8
95;2021-08-01;2308;1369;771729;623051;61.8;49.9
95;2021-08-02;4109;3903;775838;626954;62.1;50.2
95;2021-08-03;6119;5524;781957;632478;62.6;50.7
95;2021-08-04;6459;6075;788416;638553;63.2;51.2
95;2021-08-05;6838;5717;795254;644270;63.7;51.6
95;2021-08-06;6453;7073;801707;651343;64.2;52.2
95;2021-08-07;2824;3202;804531;654545;64.4;52.4
95;2021-08-08;1326;1886;805857;656431;64.6;52.6
95;2021-08-09;3875;5037;809732;661468;64.9;53.0
95;2021-08-10;5187;5847;814919;667315;65.3;53.5
95;2021-08-11;5315;6547;820234;673862;65.7;54.0
95;2021-08-12;5184;6345;825418;680207;66.1;54.5
95;2021-08-13;3793;5458;829211;685665;66.4;54.9
95;2021-08-14;3542;3312;832753;688977;66.7;55.2
95;2021-08-15;270;349;833023;689326;66.7;55.2
95;2021-08-16;2796;6040;835819;695366;67.0;55.7
95;2021-08-17;3548;7252;839367;702618;67.2;56.3
95;2021-08-18;4218;8066;843585;710684;67.6;56.9
95;2021-08-19;3705;6571;847290;717255;67.9;57.5
95;2021-08-20;3750;7913;851040;725168;68.2;58.1
95;2021-08-21;2698;4279;853738;729447;68.4;58.4
95;2021-08-22;826;2385;854564;731832;68.5;58.6
95;2021-08-23;2445;5634;857009;737466;68.7;59.1
95;2021-08-24;2899;6438;859908;743904;68.9;59.6
95;2021-08-25;3726;8255;863634;752159;69.2;60.3
95;2021-08-26;3097;7515;866731;759674;69.4;60.9
971;2020-12-27;0;0;0;0;0.0;0.0
971;2020-12-28;0;0;0;0;0.0;0.0
971;2020-12-29;0;0;0;0;0.0;0.0
971;2020-12-30;0;0;0;0;0.0;0.0
971;2020-12-31;0;0;0;0;0.0;0.0
971;2021-01-01;1;0;1;0;0.0;0.0
971;2021-01-02;0;0;1;0;0.0;0.0
971;2021-01-03;0;0;1;0;0.0;0.0
971;2021-01-04;1;0;2;0;0.0;0.0
971;2021-01-05;0;0;2;0;0.0;0.0
971;2021-01-06;1;0;3;0;0.0;0.0
971;2021-01-07;0;0;3;0;0.0;0.0
971;2021-01-08;56;1;59;1;0.0;0.0
971;2021-01-09;20;0;79;1;0.0;0.0
971;2021-01-10;0;0;79;1;0.0;0.0
971;2021-01-11;60;0;139;1;0.0;0.0
971;2021-01-12;45;0;184;1;0.0;0.0
971;2021-01-13;47;1;231;2;0.1;0.0
971;2021-01-14;63;0;294;2;0.1;0.0
971;2021-01-15;77;0;371;2;0.1;0.0
971;2021-01-16;0;0;371;2;0.1;0.0
971;2021-01-17;0;0;371;2;0.1;0.0
971;2021-01-18;81;1;452;3;0.1;0.0
971;2021-01-19;145;0;597;3;0.2;0.0
971;2021-01-20;135;0;732;3;0.2;0.0
971;2021-01-21;154;1;886;4;0.2;0.0
971;2021-01-22;135;0;1021;4;0.3;0.0
971;2021-01-23;1;0;1022;4;0.3;0.0
971;2021-01-24;0;0;1022;4;0.3;0.0
971;2021-01-25;202;1;1224;5;0.3;0.0
971;2021-01-26;217;1;1441;6;0.4;0.0
971;2021-01-27;236;0;1677;6;0.4;0.0
971;2021-01-28;242;4;1919;10;0.5;0.0
971;2021-01-29;197;2;2116;12;0.6;0.0
971;2021-01-30;24;0;2140;12;0.6;0.0
971;2021-01-31;1;0;2141;12;0.6;0.0
971;2021-02-01;229;4;2370;16;0.6;0.0
971;2021-02-02;244;23;2614;39;0.7;0.0
971;2021-02-03;225;3;2839;42;0.8;0.0
971;2021-02-04;302;24;3141;66;0.8;0.0
971;2021-02-05;279;33;3420;99;0.9;0.0
971;2021-02-06;49;1;3469;100;0.9;0.0
971;2021-02-07;0;0;3469;100;0.9;0.0
971;2021-02-08;257;22;3726;122;1.0;0.0
971;2021-02-09;316;27;4042;149;1.1;0.0
971;2021-02-10;247;29;4289;178;1.1;0.0
971;2021-02-11;297;112;4586;290;1.2;0.1
971;2021-02-12;289;27;4875;317;1.3;0.1
971;2021-02-13;50;7;4925;324;1.3;0.1
971;2021-02-14;19;36;4944;360;1.3;0.1
971;2021-02-15;85;46;5029;406;1.3;0.1
971;2021-02-16;16;1;5045;407;1.3;0.1
971;2021-02-17;17;1;5062;408;1.3;0.1
971;2021-02-18;248;16;5310;424;1.4;0.1
971;2021-02-19;246;21;5556;445;1.5;0.1
971;2021-02-20;49;0;5605;445;1.5;0.1
971;2021-02-21;1;0;5606;445;1.5;0.1
971;2021-02-22;191;65;5797;510;1.5;0.1
971;2021-02-23;204;74;6001;584;1.6;0.2
971;2021-02-24;343;125;6344;709;1.7;0.2
971;2021-02-25;387;81;6731;790;1.8;0.2
971;2021-02-26;232;84;6963;874;1.8;0.2
971;2021-02-27;65;0;7028;874;1.9;0.2
971;2021-02-28;1;0;7029;874;1.9;0.2
971;2021-03-01;179;82;7208;956;1.9;0.3
971;2021-03-02;278;134;7486;1090;2.0;0.3
971;2021-03-03;244;121;7730;1211;2.1;0.3
971;2021-03-04;335;86;8065;1297;2.1;0.3
971;2021-03-05;375;151;8440;1448;2.2;0.4
971;2021-03-06;599;10;9039;1458;2.4;0.4
971;2021-03-07;1;0;9040;1458;2.4;0.4
971;2021-03-08;324;140;9364;1598;2.5;0.4
971;2021-03-09;388;156;9752;1754;2.6;0.5
971;2021-03-10;424;163;10176;1917;2.7;0.5
971;2021-03-11;123;46;10299;1963;2.7;0.5
971;2021-03-12;506;228;10805;2191;2.9;0.6
971;2021-03-13;137;3;10942;2194;2.9;0.6
971;2021-03-14;14;23;10956;2217;2.9;0.6
971;2021-03-15;424;46;11380;2263;3.0;0.6
971;2021-03-16;485;84;11865;2347;3.1;0.6
971;2021-03-17;471;73;12336;2420;3.3;0.6
971;2021-03-18;585;86;12921;2506;3.4;0.7
971;2021-03-19;584;91;13505;2597;3.6;0.7
971;2021-03-20;177;19;13682;2616;3.6;0.7
971;2021-03-21;8;0;13690;2616;3.6;0.7
971;2021-03-22;359;88;14049;2704;3.7;0.7
971;2021-03-23;538;157;14587;2861;3.9;0.8
971;2021-03-24;474;110;15061;2971;4.0;0.8
971;2021-03-25;760;183;15821;3154;4.2;0.8
971;2021-03-26;644;123;16465;3277;4.4;0.9
971;2021-03-27;290;35;16755;3312;4.4;0.9
971;2021-03-28;24;2;16779;3314;4.5;0.9
971;2021-03-29;384;83;17163;3397;4.6;0.9
971;2021-03-30;625;164;17788;3561;4.7;0.9
971;2021-03-31;546;133;18334;3694;4.9;1.0
971;2021-04-01;660;196;18994;3890;5.0;1.0
971;2021-04-02;38;35;19032;3925;5.0;1.0
971;2021-04-03;58;2;19090;3927;5.1;1.0
971;2021-04-04;4;18;19094;3945;5.1;1.0
971;2021-04-05;13;0;19107;3945;5.1;1.0
971;2021-04-06;482;193;19589;4138;5.2;1.1
971;2021-04-07;579;118;20168;4256;5.4;1.1
971;2021-04-08;514;158;20682;4414;5.5;1.2
971;2021-04-09;490;210;21172;4624;5.6;1.2
971;2021-04-10;101;5;21273;4629;5.6;1.2
971;2021-04-11;8;12;21281;4641;5.6;1.2
971;2021-04-12;304;262;21585;4903;5.7;1.3
971;2021-04-13;556;325;22141;5228;5.9;1.4
971;2021-04-14;440;227;22581;5455;6.0;1.4
971;2021-04-15;553;312;23134;5767;6.1;1.5
971;2021-04-16;563;273;23697;6040;6.3;1.6
971;2021-04-17;216;4;23913;6044;6.3;1.6
971;2021-04-18;6;14;23919;6058;6.3;1.6
971;2021-04-19;404;243;24323;6301;6.5;1.7
971;2021-04-20;726;347;25049;6648;6.6;1.8
971;2021-04-21;625;316;25674;6964;6.8;1.8
971;2021-04-22;812;336;26486;7300;7.0;1.9
971;2021-04-23;846;250;27332;7550;7.3;2.0
971;2021-04-24;392;75;27724;7625;7.4;2.0
971;2021-04-25;602;64;28326;7689;7.5;2.0
971;2021-04-26;969;218;29295;7907;7.8;2.1
971;2021-04-27;709;236;30004;8143;8.0;2.2
971;2021-04-28;864;267;30868;8410;8.2;2.2
971;2021-04-29;1202;207;32070;8617;8.5;2.3
971;2021-04-30;1269;186;33339;8803;8.8;2.3
971;2021-05-01;606;42;33945;8845;9.0;2.3
971;2021-05-02;355;18;34300;8863;9.1;2.4
971;2021-05-03;922;188;35222;9051;9.3;2.4
971;2021-05-04;962;207;36184;9258;9.6;2.5
971;2021-05-05;1025;252;37209;9510;9.9;2.5
971;2021-05-06;1147;176;38356;9686;10.2;2.6
971;2021-05-07;1264;273;39620;9959;10.5;2.6
971;2021-05-08;322;36;39942;9995;10.6;2.7
971;2021-05-09;183;10;40125;10005;10.6;2.7
971;2021-05-10;840;217;40965;10222;10.9;2.7
971;2021-05-11;964;317;41929;10539;11.1;2.8
971;2021-05-12;907;325;42836;10864;11.4;2.9
971;2021-05-13;211;79;43047;10943;11.4;2.9
971;2021-05-14;862;275;43909;11218;11.7;3.0
971;2021-05-15;487;15;44396;11233;11.8;3.0
971;2021-05-16;182;36;44578;11269;11.8;3.0
971;2021-05-17;720;278;45298;11547;12.0;3.1
971;2021-05-18;741;389;46039;11936;12.2;3.2
971;2021-05-19;700;530;46739;12466;12.4;3.3
971;2021-05-20;809;378;47548;12844;12.6;3.4
971;2021-05-21;824;412;48372;13256;12.8;3.5
971;2021-05-22;506;216;48878;13472;13.0;3.6
971;2021-05-23;201;114;49079;13586;13.0;3.6
971;2021-05-24;201;174;49280;13760;13.1;3.7
971;2021-05-25;548;664;49828;14424;13.2;3.8
971;2021-05-26;595;493;50423;14917;13.4;4.0
971;2021-05-27;132;183;50555;15100;13.4;4.0
971;2021-05-28;517;526;51072;15626;13.6;4.1
971;2021-05-29;238;140;51310;15766;13.6;4.2
971;2021-05-30;75;112;51385;15878;13.6;4.2
971;2021-05-31;449;537;51834;16415;13.8;4.4
971;2021-06-01;592;710;52426;17125;13.9;4.5
971;2021-06-02;577;707;53003;17832;14.1;4.7
971;2021-06-03;507;563;53510;18395;14.2;4.9
971;2021-06-04;832;805;54342;19200;14.4;5.1
971;2021-06-05;317;644;54659;19844;14.5;5.3
971;2021-06-06;139;531;54798;20375;14.5;5.4
971;2021-06-07;420;783;55218;21158;14.7;5.6
971;2021-06-08;496;894;55714;22052;14.8;5.9
971;2021-06-09;503;862;56217;22914;14.9;6.1
971;2021-06-10;537;848;56754;23762;15.1;6.3
971;2021-06-11;468;1243;57222;25005;15.2;6.6
971;2021-06-12;301;659;57523;25664;15.3;6.8
971;2021-06-13;128;313;57651;25977;15.3;6.9
971;2021-06-14;371;3784;58022;29761;15.4;7.9
971;2021-06-15;483;2000;58505;31761;15.5;8.4
971;2021-06-16;478;1477;58983;33238;15.7;8.8
971;2021-06-17;433;1014;59416;34252;15.8;9.1
971;2021-06-18;480;1019;59896;35271;15.9;9.4
971;2021-06-19;316;509;60212;35780;16.0;9.5
971;2021-06-20;111;231;60323;36011;16.0;9.6
971;2021-06-21;336;678;60659;36689;16.1;9.7
971;2021-06-22;332;873;60991;37562;16.2;10.0
971;2021-06-23;369;891;61360;38453;16.3;10.2
971;2021-06-24;416;734;61776;39187;16.4;10.4
971;2021-06-25;454;761;62230;39948;16.5;10.6
971;2021-06-26;301;515;62531;40463;16.6;10.7
971;2021-06-27;116;149;62647;40612;16.6;10.8
971;2021-06-28;303;688;62950;41300;16.7;11.0
971;2021-06-29;385;783;63335;42083;16.8;11.2
971;2021-06-30;438;924;63773;43007;16.9;11.4
971;2021-07-01;364;651;64137;43658;17.0;11.6
971;2021-07-02;429;693;64566;44351;17.1;11.8
971;2021-07-03;275;466;64841;44817;17.2;11.9
971;2021-07-04;112;239;64953;45056;17.2;12.0
971;2021-07-05;329;510;65282;45566;17.3;12.1
971;2021-07-06;384;768;65666;46334;17.4;12.3
971;2021-07-07;377;844;66043;47178;17.5;12.5
971;2021-07-08;412;790;66455;47968;17.6;12.7
971;2021-07-09;432;795;66887;48763;17.7;12.9
971;2021-07-10;245;294;67132;49057;17.8;13.0
971;2021-07-11;170;137;67302;49194;17.9;13.1
971;2021-07-12;477;607;67779;49801;18.0;13.2
971;2021-07-13;865;1010;68644;50811;18.2;13.5
971;2021-07-14;474;283;69118;51094;18.3;13.6
971;2021-07-15;875;844;69993;51938;18.6;13.8
971;2021-07-16;1088;1042;71081;52980;18.9;14.1
971;2021-07-17;649;443;71730;53423;19.0;14.2
971;2021-07-18;400;217;72130;53640;19.1;14.2
971;2021-07-19;574;580;72704;54220;19.3;14.4
971;2021-07-20;828;732;73532;54952;19.5;14.6
971;2021-07-21;764;497;74296;55449;19.7;14.7
971;2021-07-22;982;870;75278;56319;20.0;14.9
971;2021-07-23;1021;757;76299;57076;20.2;15.1
971;2021-07-24;416;381;76715;57457;20.4;15.2
971;2021-07-25;248;259;76963;57716;20.4;15.3
971;2021-07-26;635;560;77598;58276;20.6;15.5
971;2021-07-27;834;581;78432;58857;20.8;15.6
971;2021-07-28;792;651;79224;59508;21.0;15.8
971;2021-07-29;917;660;80141;60168;21.3;16.0
971;2021-07-30;1302;749;81443;60917;21.6;16.2
971;2021-07-31;553;411;81996;61328;21.8;16.3
971;2021-08-01;308;248;82304;61576;21.8;16.3
971;2021-08-02;752;421;83056;61997;22.0;16.5
971;2021-08-03;737;672;83793;62669;22.2;16.6
971;2021-08-04;662;666;84455;63335;22.4;16.8
971;2021-08-05;653;585;85108;63920;22.6;17.0
971;2021-08-06;905;636;86013;64556;22.8;17.1
971;2021-08-07;447;391;86460;64947;22.9;17.2
971;2021-08-08;271;313;86731;65260;23.0;17.3
971;2021-08-09;581;586;87312;65846;23.2;17.5
971;2021-08-10;738;800;88050;66646;23.4;17.7
971;2021-08-11;918;791;88968;67437;23.6;17.9
971;2021-08-12;933;791;89901;68228;23.9;18.1
971;2021-08-13;910;439;90811;68667;24.1;18.2
971;2021-08-14;619;699;91430;69366;24.3;18.4
971;2021-08-15;435;410;91865;69776;24.4;18.5
971;2021-08-16;753;733;92618;70509;24.6;18.7
971;2021-08-17;863;867;93481;71376;24.8;18.9
971;2021-08-18;1216;958;94697;72334;25.1;19.2
971;2021-08-19;1268;922;95965;73256;25.5;19.4
971;2021-08-20;1478;1035;97443;74291;25.9;19.7
971;2021-08-21;702;507;98145;74798;26.0;19.8
971;2021-08-22;349;270;98494;75068;26.1;19.9
971;2021-08-23;851;622;99345;75690;26.4;20.1
971;2021-08-24;1210;790;100555;76480;26.7;20.3
971;2021-08-25;1338;795;101893;77275;27.0;20.5
971;2021-08-26;1227;760;103120;78035;27.4;20.7
972;2020-12-27;0;0;0;0;0.0;0.0
972;2020-12-28;0;0;0;0;0.0;0.0
972;2020-12-29;0;0;0;0;0.0;0.0
972;2020-12-30;0;0;0;0;0.0;0.0
972;2020-12-31;0;0;0;0;0.0;0.0
972;2021-01-01;0;0;0;0;0.0;0.0
972;2021-01-02;0;0;0;0;0.0;0.0
972;2021-01-03;0;0;0;0;0.0;0.0
972;2021-01-04;0;0;0;0;0.0;0.0
972;2021-01-05;0;0;0;0;0.0;0.0
972;2021-01-06;5;0;5;0;0.0;0.0
972;2021-01-07;31;0;36;0;0.0;0.0
972;2021-01-08;90;1;126;1;0.0;0.0
972;2021-01-09;20;0;146;1;0.0;0.0
972;2021-01-10;0;0;146;1;0.0;0.0
972;2021-01-11;122;0;268;1;0.1;0.0
972;2021-01-12;79;0;347;1;0.1;0.0
972;2021-01-13;65;0;412;1;0.1;0.0
972;2021-01-14;88;1;500;2;0.1;0.0
972;2021-01-15;164;0;664;2;0.2;0.0
972;2021-01-16;51;0;715;2;0.2;0.0
972;2021-01-17;0;0;715;2;0.2;0.0
972;2021-01-18;158;0;873;2;0.2;0.0
972;2021-01-19;168;1;1041;3;0.3;0.0
972;2021-01-20;170;0;1211;3;0.3;0.0
972;2021-01-21;181;2;1392;5;0.4;0.0
972;2021-01-22;173;0;1565;5;0.4;0.0
972;2021-01-23;58;0;1623;5;0.5;0.0
972;2021-01-24;0;0;1623;5;0.5;0.0
972;2021-01-25;161;0;1784;5;0.5;0.0
972;2021-01-26;137;1;1921;6;0.5;0.0
972;2021-01-27;163;5;2084;11;0.6;0.0
972;2021-01-28;152;12;2236;23;0.6;0.0
972;2021-01-29;143;41;2379;64;0.7;0.0
972;2021-01-30;96;16;2475;80;0.7;0.0
972;2021-01-31;0;0;2475;80;0.7;0.0
972;2021-02-01;119;73;2594;153;0.7;0.0
972;2021-02-02;184;94;2778;247;0.8;0.1
972;2021-02-03;132;77;2910;324;0.8;0.1
972;2021-02-04;160;71;3070;395;0.9;0.1
972;2021-02-05;123;93;3193;488;0.9;0.1
972;2021-02-06;62;26;3255;514;0.9;0.1
972;2021-02-07;1;0;3256;514;0.9;0.1
972;2021-02-08;137;79;3393;593;0.9;0.2
972;2021-02-09;177;77;3570;670;1.0;0.2
972;2021-02-10;153;90;3723;760;1.0;0.2
972;2021-02-11;150;101;3873;861;1.1;0.2
972;2021-02-12;148;127;4021;988;1.1;0.3
972;2021-02-13;47;37;4068;1025;1.1;0.3
972;2021-02-14;0;0;4068;1025;1.1;0.3
972;2021-02-15;51;67;4119;1092;1.1;0.3
972;2021-02-16;0;1;4119;1093;1.1;0.3
972;2021-02-17;1;3;4120;1096;1.1;0.3
972;2021-02-18;69;127;4189;1223;1.2;0.3
972;2021-02-19;69;130;4258;1353;1.2;0.4
972;2021-02-20;48;68;4306;1421;1.2;0.4
972;2021-02-21;0;0;4306;1421;1.2;0.4
972;2021-02-22;102;60;4408;1481;1.2;0.4
972;2021-02-23;113;235;4521;1716;1.3;0.5
972;2021-02-24;106;220;4627;1936;1.3;0.5
972;2021-02-25;93;150;4720;2086;1.3;0.6
972;2021-02-26;132;168;4852;2254;1.4;0.6
972;2021-02-27;69;52;4921;2306;1.4;0.6
972;2021-02-28;0;0;4921;2306;1.4;0.6
972;2021-03-01;137;144;5058;2450;1.4;0.7
972;2021-03-02;158;79;5216;2529;1.5;0.7
972;2021-03-03;179;145;5395;2674;1.5;0.7
972;2021-03-04;152;135;5547;2809;1.5;0.8
972;2021-03-05;238;128;5785;2937;1.6;0.8
972;2021-03-06;119;58;5904;2995;1.6;0.8
972;2021-03-07;100;3;6004;2998;1.7;0.8
972;2021-03-08;196;133;6200;3131;1.7;0.9
972;2021-03-09;283;100;6483;3231;1.8;0.9
972;2021-03-10;322;134;6805;3365;1.9;0.9
972;2021-03-11;336;81;7141;3446;2.0;1.0
972;2021-03-12;413;55;7554;3501;2.1;1.0
972;2021-03-13;155;21;7709;3522;2.1;1.0
972;2021-03-14;4;1;7713;3523;2.1;1.0
972;2021-03-15;277;90;7990;3613;2.2;1.0
972;2021-03-16;305;56;8295;3669;2.3;1.0
972;2021-03-17;388;48;8683;3717;2.4;1.0
972;2021-03-18;435;44;9118;3761;2.5;1.0
972;2021-03-19;401;63;9519;3824;2.7;1.1
972;2021-03-20;149;48;9668;3872;2.7;1.1
972;2021-03-21;25;1;9693;3873;2.7;1.1
972;2021-03-22;362;118;10055;3991;2.8;1.1
972;2021-03-23;403;122;10458;4113;2.9;1.1
972;2021-03-24;429;108;10887;4221;3.0;1.2
972;2021-03-25;485;97;11372;4318;3.2;1.2
972;2021-03-26;634;102;12006;4420;3.3;1.2
972;2021-03-27;154;71;12160;4491;3.4;1.3
972;2021-03-28;81;2;12241;4493;3.4;1.3
972;2021-03-29;422;164;12663;4657;3.5;1.3
972;2021-03-30;469;244;13132;4901;3.7;1.4
972;2021-03-31;1150;191;14282;5092;4.0;1.4
972;2021-04-01;955;172;15237;5264;4.2;1.5
972;2021-04-02;895;14;16132;5278;4.5;1.5
972;2021-04-03;788;55;16920;5333;4.7;1.5
972;2021-04-04;751;13;17671;5346;4.9;1.5
972;2021-04-05;829;44;18500;5390;5.2;1.5
972;2021-04-06;885;136;19385;5526;5.4;1.5
972;2021-04-07;1436;326;20821;5852;5.8;1.6
972;2021-04-08;1308;271;22129;6123;6.2;1.7
972;2021-04-09;1240;316;23369;6439;6.5;1.8
972;2021-04-10;838;164;24207;6603;6.7;1.8
972;2021-04-11;620;14;24827;6617;6.9;1.8
972;2021-04-12;868;317;25695;6934;7.2;1.9
972;2021-04-13;881;328;26576;7262;7.4;2.0
972;2021-04-14;960;321;27536;7583;7.7;2.1
972;2021-04-15;959;299;28495;7882;7.9;2.2
972;2021-04-16;996;300;29491;8182;8.2;2.3
972;2021-04-17;530;161;30021;8343;8.4;2.3
972;2021-04-18;339;56;30360;8399;8.5;2.3
972;2021-04-19;668;343;31028;8742;8.6;2.4
972;2021-04-20;868;309;31896;9051;8.9;2.5
972;2021-04-21;1002;354;32898;9405;9.2;2.6
972;2021-04-22;605;312;33503;9717;9.3;2.7
972;2021-04-23;613;465;34116;10182;9.5;2.8
972;2021-04-24;363;197;34479;10379;9.6;2.9
972;2021-04-25;168;199;34647;10578;9.7;2.9
972;2021-04-26;516;541;35163;11119;9.8;3.1
972;2021-04-27;568;607;35731;11726;10.0;3.3
972;2021-04-28;448;690;36179;12416;10.1;3.5
972;2021-04-29;653;642;36832;13058;10.3;3.6
972;2021-04-30;771;686;37603;13744;10.5;3.8
972;2021-05-01;244;246;37847;13990;10.5;3.9
972;2021-05-02;227;513;38074;14503;10.6;4.0
972;2021-05-03;569;771;38643;15274;10.8;4.3
972;2021-05-04;526;678;39169;15952;10.9;4.4
972;2021-05-05;548;896;39717;16848;11.1;4.7
972;2021-05-06;546;785;40263;17633;11.2;4.9
972;2021-05-07;629;1014;40892;18647;11.4;5.2
972;2021-05-08;226;526;41118;19173;11.5;5.3
972;2021-05-09;172;506;41290;19679;11.5;5.5
972;2021-05-10;519;856;41809;20535;11.7;5.7
972;2021-05-11;476;871;42285;21406;11.8;6.0
972;2021-05-12;560;910;42845;22316;11.9;6.2
972;2021-05-13;274;533;43119;22849;12.0;6.4
972;2021-05-14;388;752;43507;23601;12.1;6.6
972;2021-05-15;233;578;43740;24179;12.2;6.7
972;2021-05-16;155;442;43895;24621;12.2;6.9
972;2021-05-17;474;753;44369;25374;12.4;7.1
972;2021-05-18;446;680;44815;26054;12.5;7.3
972;2021-05-19;453;743;45268;26797;12.6;7.5
972;2021-05-20;595;500;45863;27297;12.8;7.6
972;2021-05-21;545;704;46408;28001;12.9;7.8
972;2021-05-22;186;363;46594;28364;13.0;7.9
972;2021-05-23;111;182;46705;28546;13.0;8.0
972;2021-05-24;136;241;46841;28787;13.1;8.0
972;2021-05-25;351;698;47192;29485;13.2;8.2
972;2021-05-26;382;714;47574;30199;13.3;8.4
972;2021-05-27;270;647;47844;30846;13.3;8.6
972;2021-05-28;279;816;48123;31662;13.4;8.8
972;2021-05-29;154;513;48277;32175;13.5;9.0
972;2021-05-30;17;33;48294;32208;13.5;9.0
972;2021-05-31;347;681;48641;32889;13.6;9.2
972;2021-06-01;300;547;48941;33436;13.6;9.3
972;2021-06-02;325;575;49266;34011;13.7;9.5
972;2021-06-03;247;425;49513;34436;13.8;9.6
972;2021-06-04;350;643;49863;35079;13.9;9.8
972;2021-06-05;260;373;50123;35452;14.0;9.9
972;2021-06-06;25;32;50148;35484;14.0;9.9
972;2021-06-07;260;736;50408;36220;14.1;10.1
972;2021-06-08;256;589;50664;36809;14.1;10.3
972;2021-06-09;303;698;50967;37507;14.2;10.5
972;2021-06-10;308;453;51275;37960;14.3;10.6
972;2021-06-11;361;534;51636;38494;14.4;10.7
972;2021-06-12;246;321;51882;38815;14.5;10.8
972;2021-06-13;32;29;51914;38844;14.5;10.8
972;2021-06-14;367;551;52281;39395;14.6;11.0
972;2021-06-15;410;488;52691;39883;14.7;11.1
972;2021-06-16;436;436;53127;40319;14.8;11.2
972;2021-06-17;355;576;53482;40895;14.9;11.4
972;2021-06-18;458;538;53940;41433;15.0;11.5
972;2021-06-19;225;196;54165;41629;15.1;11.6
972;2021-06-20;25;17;54190;41646;15.1;11.6
972;2021-06-21;332;580;54522;42226;15.2;11.8
972;2021-06-22;297;463;54819;42689;15.3;11.9
972;2021-06-23;425;562;55244;43251;15.4;12.1
972;2021-06-24;327;437;55571;43688;15.5;12.2
972;2021-06-25;313;387;55884;44075;15.6;12.3
972;2021-06-26;221;201;56105;44276;15.6;12.3
972;2021-06-27;16;23;56121;44299;15.6;12.3
972;2021-06-28;337;425;56458;44724;15.7;12.5
972;2021-06-29;329;431;56787;45155;15.8;12.6
972;2021-06-30;441;421;57228;45576;16.0;12.7
972;2021-07-01;350;393;57578;45969;16.0;12.8
972;2021-07-02;124;201;57702;46170;16.1;12.9
972;2021-07-03;100;118;57802;46288;16.1;12.9
972;2021-07-04;24;36;57826;46324;16.1;12.9
972;2021-07-05;494;580;58320;46904;16.3;13.1
972;2021-07-06;486;428;58806;47332;16.4;13.2
972;2021-07-07;611;493;59417;47825;16.6;13.3
972;2021-07-08;494;422;59911;48247;16.7;13.4
972;2021-07-09;627;582;60538;48829;16.9;13.6
972;2021-07-10;404;308;60942;49137;17.0;13.7
972;2021-07-11;52;38;60994;49175;17.0;13.7
972;2021-07-12;847;698;61841;49873;17.2;13.9
972;2021-07-13;1473;707;63314;50580;17.6;14.1
972;2021-07-14;133;64;63447;50644;17.7;14.1
972;2021-07-15;1604;680;65051;51324;18.1;14.3
972;2021-07-16;1638;658;66689;51982;18.6;14.5
972;2021-07-17;1096;369;67785;52351;18.9;14.6
972;2021-07-18;56;39;67841;52390;18.9;14.6
972;2021-07-19;1142;653;68983;53043;19.2;14.8
972;2021-07-20;1131;577;70114;53620;19.5;14.9
972;2021-07-21;1093;597;71207;54217;19.8;15.1
972;2021-07-22;905;519;72112;54736;20.1;15.3
972;2021-07-23;963;481;73075;55217;20.4;15.4
972;2021-07-24;501;223;73576;55440;20.5;15.5
972;2021-07-25;51;63;73627;55503;20.5;15.5
972;2021-07-26;685;521;74312;56024;20.7;15.6
972;2021-07-27;1026;511;75338;56535;21.0;15.8
972;2021-07-28;635;562;75973;57097;21.2;15.9
972;2021-07-29;837;546;76810;57643;21.4;16.1
972;2021-07-30;899;618;77709;58261;21.7;16.2
972;2021-07-31;557;273;78266;58534;21.8;16.3
972;2021-08-01;82;33;78348;58567;21.8;16.3
972;2021-08-02;810;811;79158;59378;22.1;16.6
972;2021-08-03;726;740;79884;60118;22.3;16.8
972;2021-08-04;765;567;80649;60685;22.5;16.9
972;2021-08-05;905;590;81554;61275;22.7;17.1
972;2021-08-06;1177;894;82731;62169;23.1;17.3
972;2021-08-07;667;570;83398;62739;23.2;17.5
972;2021-08-08;84;83;83482;62822;23.3;17.5
972;2021-08-09;1120;1064;84602;63886;23.6;17.8
972;2021-08-10;1188;1041;85790;64927;23.9;18.1
972;2021-08-11;1231;920;87021;65847;24.3;18.4
972;2021-08-12;1445;928;88466;66775;24.7;18.6
972;2021-08-13;1275;634;89741;67409;25.0;18.8
972;2021-08-14;768;315;90509;67724;25.2;18.9
972;2021-08-15;70;55;90579;67779;25.2;18.9
972;2021-08-16;1264;1040;91843;68819;25.6;19.2
972;2021-08-17;1165;1184;93008;70003;25.9;19.5
972;2021-08-18;1227;1173;94235;71176;26.3;19.8
972;2021-08-19;1243;889;95478;72065;26.6;20.1
972;2021-08-20;1312;891;96790;72956;27.0;20.3
972;2021-08-21;753;622;97543;73578;27.2;20.5
972;2021-08-22;46;81;97589;73659;27.2;20.5
972;2021-08-23;1158;856;98747;74515;27.5;20.8
972;2021-08-24;1344;875;100091;75390;27.9;21.0
972;2021-08-25;1041;765;101132;76155;28.2;21.2
972;2021-08-26;1164;776;102296;76931;28.5;21.4
973;2020-12-27;0;0;0;0;0.0;0.0
973;2020-12-28;0;0;0;0;0.0;0.0
973;2020-12-29;0;0;0;0;0.0;0.0
973;2020-12-30;0;0;0;0;0.0;0.0
973;2020-12-31;0;0;0;0;0.0;0.0
973;2021-01-01;0;0;0;0;0.0;0.0
973;2021-01-02;1;1;1;1;0.0;0.0
973;2021-01-03;0;0;1;1;0.0;0.0
973;2021-01-04;0;0;1;1;0.0;0.0
973;2021-01-05;0;0;1;1;0.0;0.0
973;2021-01-06;0;0;1;1;0.0;0.0
973;2021-01-07;0;0;1;1;0.0;0.0
973;2021-01-08;0;0;1;1;0.0;0.0
973;2021-01-09;0;0;1;1;0.0;0.0
973;2021-01-10;0;0;1;1;0.0;0.0
973;2021-01-11;0;0;1;1;0.0;0.0
973;2021-01-12;0;0;1;1;0.0;0.0
973;2021-01-13;30;0;31;1;0.0;0.0
973;2021-01-14;46;0;77;1;0.0;0.0
973;2021-01-15;35;0;112;1;0.0;0.0
973;2021-01-16;18;1;130;2;0.0;0.0
973;2021-01-17;0;0;130;2;0.0;0.0
973;2021-01-18;63;0;193;2;0.1;0.0
973;2021-01-19;150;1;343;3;0.1;0.0
973;2021-01-20;134;0;477;3;0.2;0.0
973;2021-01-21;118;0;595;3;0.2;0.0
973;2021-01-22;76;0;671;3;0.2;0.0
973;2021-01-23;0;0;671;3;0.2;0.0
973;2021-01-24;0;0;671;3;0.2;0.0
973;2021-01-25;56;0;727;3;0.3;0.0
973;2021-01-26;100;2;827;5;0.3;0.0
973;2021-01-27;109;1;936;6;0.3;0.0
973;2021-01-28;96;3;1032;9;0.4;0.0
973;2021-01-29;104;3;1136;12;0.4;0.0
973;2021-01-30;0;0;1136;12;0.4;0.0
973;2021-01-31;0;0;1136;12;0.4;0.0
973;2021-02-01;54;0;1190;12;0.4;0.0
973;2021-02-02;122;4;1312;16;0.5;0.0
973;2021-02-03;119;7;1431;23;0.5;0.0
973;2021-02-04;79;25;1510;48;0.5;0.0
973;2021-02-05;66;8;1576;56;0.5;0.0
973;2021-02-06;0;0;1576;56;0.5;0.0
973;2021-02-07;0;0;1576;56;0.5;0.0
973;2021-02-08;52;12;1628;68;0.6;0.0
973;2021-02-09;92;39;1720;107;0.6;0.0
973;2021-02-10;101;41;1821;148;0.6;0.1
973;2021-02-11;105;93;1926;241;0.7;0.1
973;2021-02-12;89;63;2015;304;0.7;0.1
973;2021-02-13;0;0;2015;304;0.7;0.1
973;2021-02-14;0;0;2015;304;0.7;0.1
973;2021-02-15;27;65;2042;369;0.7;0.1
973;2021-02-16;123;54;2165;423;0.7;0.1
973;2021-02-17;145;118;2310;541;0.8;0.2
973;2021-02-18;103;139;2413;680;0.8;0.2
973;2021-02-19;122;73;2535;753;0.9;0.3
973;2021-02-20;0;0;2535;753;0.9;0.3
973;2021-02-21;0;0;2535;753;0.9;0.3
973;2021-02-22;78;48;2613;801;0.9;0.3
973;2021-02-23;158;102;2771;903;1.0;0.3
973;2021-02-24;190;123;2961;1026;1.0;0.4
973;2021-02-25;259;92;3220;1118;1.1;0.4
973;2021-02-26;264;69;3484;1187;1.2;0.4
973;2021-02-27;120;1;3604;1188;1.2;0.4
973;2021-02-28;0;0;3604;1188;1.2;0.4
973;2021-03-01;182;87;3786;1275;1.3;0.4
973;2021-03-02;256;107;4042;1382;1.4;0.5
973;2021-03-03;255;132;4297;1514;1.5;0.5
973;2021-03-04;281;83;4578;1597;1.6;0.5
973;2021-03-05;274;48;4852;1645;1.7;0.6
973;2021-03-06;118;2;4970;1647;1.7;0.6
973;2021-03-07;0;0;4970;1647;1.7;0.6
973;2021-03-08;188;41;5158;1688;1.8;0.6
973;2021-03-09;351;93;5509;1781;1.9;0.6
973;2021-03-10;359;105;5868;1886;2.0;0.6
973;2021-03-11;270;111;6138;1997;2.1;0.7
973;2021-03-12;288;92;6426;2089;2.2;0.7
973;2021-03-13;112;4;6538;2093;2.2;0.7
973;2021-03-14;0;0;6538;2093;2.2;0.7
973;2021-03-15;181;27;6719;2120;2.3;0.7
973;2021-03-16;243;139;6962;2259;2.4;0.8
973;2021-03-17;274;129;7236;2388;2.5;0.8
973;2021-03-18;249;155;7485;2543;2.6;0.9
973;2021-03-19;283;129;7768;2672;2.7;0.9
973;2021-03-20;259;17;8027;2689;2.8;0.9
973;2021-03-21;119;2;8146;2691;2.8;0.9
973;2021-03-22;219;109;8365;2800;2.9;1.0
973;2021-03-23;275;194;8640;2994;3.0;1.0
973;2021-03-24;235;215;8875;3209;3.1;1.1
973;2021-03-25;168;180;9043;3389;3.1;1.2
973;2021-03-26;189;307;9232;3696;3.2;1.3
973;2021-03-27;58;94;9290;3790;3.2;1.3
973;2021-03-28;0;0;9290;3790;3.2;1.3
973;2021-03-29;175;247;9465;4037;3.3;1.4
973;2021-03-30;445;237;9910;4274;3.4;1.5
973;2021-03-31;319;293;10229;4567;3.5;1.6
973;2021-04-01;446;261;10675;4828;3.7;1.7
973;2021-04-02;307;279;10982;5107;3.8;1.8
973;2021-04-03;153;121;11135;5228;3.8;1.8
973;2021-04-04;1;0;11136;5228;3.8;1.8
973;2021-04-05;118;14;11254;5242;3.9;1.8
973;2021-04-06;438;335;11692;5577;4.0;1.9
973;2021-04-07;503;345;12195;5922;4.2;2.0
973;2021-04-08;514;269;12709;6191;4.4;2.1
973;2021-04-09;497;226;13206;6417;4.5;2.2
973;2021-04-10;146;90;13352;6507;4.6;2.2
973;2021-04-11;2;0;13354;6507;4.6;2.2
973;2021-04-12;551;268;13905;6775;4.8;2.3
973;2021-04-13;673;244;14578;7019;5.0;2.4
973;2021-04-14;721;314;15299;7333;5.3;2.5
973;2021-04-15;777;247;16076;7580;5.5;2.6
973;2021-04-16;760;301;16836;7881;5.8;2.7
973;2021-04-17;499;136;17335;8017;6.0;2.8
973;2021-04-18;499;46;17834;8063;6.1;2.8
973;2021-04-19;714;251;18548;8314;6.4;2.9
973;2021-04-20;607;280;19155;8594;6.6;3.0
973;2021-04-21;874;251;20029;8845;6.9;3.0
973;2021-04-22;728;231;20757;9076;7.1;3.1
973;2021-04-23;705;232;21462;9308;7.4;3.2
973;2021-04-24;524;97;21986;9405;7.6;3.2
973;2021-04-25;611;50;22597;9455;7.8;3.3
973;2021-04-26;780;232;23377;9687;8.0;3.3
973;2021-04-27;819;344;24196;10031;8.3;3.5
973;2021-04-28;746;332;24942;10363;8.6;3.6
973;2021-04-29;665;285;25607;10648;8.8;3.7
973;2021-04-30;710;260;26317;10908;9.1;3.8
973;2021-05-01;211;27;26528;10935;9.1;3.8
973;2021-05-02;602;85;27130;11020;9.3;3.8
973;2021-05-03;556;391;27686;11411;9.5;3.9
973;2021-05-04;666;326;28352;11737;9.8;4.0
973;2021-05-05;701;451;29053;12188;10.0;4.2
973;2021-05-06;694;476;29747;12664;10.2;4.4
973;2021-05-07;595;473;30342;13137;10.4;4.5
973;2021-05-08;343;59;30685;13196;10.6;4.5
973;2021-05-09;263;72;30948;13268;10.6;4.6
973;2021-05-10;439;612;31387;13880;10.8;4.8
973;2021-05-11;398;497;31785;14377;10.9;4.9
973;2021-05-12;513;647;32298;15024;11.1;5.2
973;2021-05-13;334;98;32632;15122;11.2;5.2
973;2021-05-14;486;555;33118;15677;11.4;5.4
973;2021-05-15;258;348;33376;16025;11.5;5.5
973;2021-05-16;207;210;33583;16235;11.6;5.6
973;2021-05-17;447;599;34030;16834;11.7;5.8
973;2021-05-18;563;568;34593;17402;11.9;6.0
973;2021-05-19;534;553;35127;17955;12.1;6.2
973;2021-05-20;643;452;35770;18407;12.3;6.3
973;2021-05-21;502;609;36272;19016;12.5;6.5
973;2021-05-22;167;500;36439;19516;12.5;6.7
973;2021-05-23;271;474;36710;19990;12.6;6.9
973;2021-05-24;562;248;37272;20238;12.8;7.0
973;2021-05-25;500;744;37772;20982;13.0;7.2
973;2021-05-26;451;683;38223;21665;13.1;7.5
973;2021-05-27;707;525;38930;22190;13.4;7.6
973;2021-05-28;580;553;39510;22743;13.6;7.8
973;2021-05-29;258;360;39768;23103;13.7;7.9
973;2021-05-30;151;399;39919;23502;13.7;8.1
973;2021-05-31;356;574;40275;24076;13.9;8.3
973;2021-06-01;421;466;40696;24542;14.0;8.4
973;2021-06-02;563;555;41259;25097;14.2;8.6
973;2021-06-03;526;470;41785;25567;14.4;8.8
973;2021-06-04;600;495;42385;26062;14.6;9.0
973;2021-06-05;273;292;42658;26354;14.7;9.1
973;2021-06-06;211;301;42869;26655;14.7;9.2
973;2021-06-07;488;452;43357;27107;14.9;9.3
973;2021-06-08;546;314;43903;27421;15.1;9.4
973;2021-06-09;520;389;44423;27810;15.3;9.6
973;2021-06-10;357;291;44780;28101;15.4;9.7
973;2021-06-11;434;467;45214;28568;15.6;9.8
973;2021-06-12;170;283;45384;28851;15.6;9.9
973;2021-06-13;214;268;45598;29119;15.7;10.0
973;2021-06-14;377;549;45975;29668;15.8;10.2
973;2021-06-15;376;444;46351;30112;15.9;10.4
973;2021-06-16;487;459;46838;30571;16.1;10.5
973;2021-06-17;436;579;47274;31150;16.3;10.7
973;2021-06-18;394;564;47668;31714;16.4;10.9
973;2021-06-19;235;260;47903;31974;16.5;11.0
973;2021-06-20;127;270;48030;32244;16.5;11.1
973;2021-06-21;331;603;48361;32847;16.6;11.3
973;2021-06-22;371;462;48732;33309;16.8;11.5
973;2021-06-23;342;538;49074;33847;16.9;11.6
973;2021-06-24;442;500;49516;34347;17.0;11.8
973;2021-06-25;443;557;49959;34904;17.2;12.0
973;2021-06-26;172;320;50131;35224;17.2;12.1
973;2021-06-27;121;170;50252;35394;17.3;12.2
973;2021-06-28;316;593;50568;35987;17.4;12.4
973;2021-06-29;379;507;50947;36494;17.5;12.6
973;2021-06-30;409;680;51356;37174;17.7;12.8
973;2021-07-01;424;399;51780;37573;17.8;12.9
973;2021-07-02;502;524;52282;38097;18.0;13.1
973;2021-07-03;209;274;52491;38371;18.1;13.2
973;2021-07-04;86;243;52577;38614;18.1;13.3
973;2021-07-05;360;547;52937;39161;18.2;13.5
973;2021-07-06;349;473;53286;39634;18.3;13.6
973;2021-07-07;361;415;53647;40049;18.5;13.8
973;2021-07-08;298;329;53945;40378;18.6;13.9
973;2021-07-09;388;435;54333;40813;18.7;14.0
973;2021-07-10;167;277;54500;41090;18.7;14.1
973;2021-07-11;102;163;54602;41253;18.8;14.2
973;2021-07-12;398;497;55000;41750;18.9;14.4
973;2021-07-13;668;559;55668;42309;19.2;14.6
973;2021-07-14;389;161;56057;42470;19.3;14.6
973;2021-07-15;648;527;56705;42997;19.5;14.8
973;2021-07-16;592;486;57297;43483;19.7;15.0
973;2021-07-17;345;284;57642;43767;19.8;15.1
973;2021-07-18;252;123;57894;43890;19.9;15.1
973;2021-07-19;518;457;58412;44347;20.1;15.3
973;2021-07-20;557;493;58969;44840;20.3;15.4
973;2021-07-21;666;397;59635;45237;20.5;15.6
973;2021-07-22;652;451;60287;45688;20.7;15.7
973;2021-07-23;591;367;60878;46055;20.9;15.8
973;2021-07-24;327;240;61205;46295;21.1;15.9
973;2021-07-25;165;110;61370;46405;21.1;16.0
973;2021-07-26;441;345;61811;46750;21.3;16.1
973;2021-07-27;518;356;62329;47106;21.4;16.2
973;2021-07-28;409;371;62738;47477;21.6;16.3
973;2021-07-29;511;430;63249;47907;21.8;16.5
973;2021-07-30;465;407;63714;48314;21.9;16.6
973;2021-07-31;204;163;63918;48477;22.0;16.7
973;2021-08-01;139;132;64057;48609;22.0;16.7
973;2021-08-02;385;431;64442;49040;22.2;16.9
973;2021-08-03;421;402;64863;49442;22.3;17.0
973;2021-08-04;297;372;65160;49814;22.4;17.1
973;2021-08-05;325;359;65485;50173;22.5;17.3
973;2021-08-06;346;522;65831;50695;22.6;17.4
973;2021-08-07;161;267;65992;50962;22.7;17.5
973;2021-08-08;114;177;66106;51139;22.7;17.6
973;2021-08-09;326;472;66432;51611;22.9;17.8
973;2021-08-10;350;515;66782;52126;23.0;17.9
973;2021-08-11;519;510;67301;52636;23.2;18.1
973;2021-08-12;529;580;67830;53216;23.3;18.3
973;2021-08-13;350;233;68180;53449;23.5;18.4
973;2021-08-14;254;401;68434;53850;23.5;18.5
973;2021-08-15;121;139;68555;53989;23.6;18.6
973;2021-08-16;291;470;68846;54459;23.7;18.7
973;2021-08-17;344;396;69190;54855;23.8;18.9
973;2021-08-18;289;440;69479;55295;23.9;19.0
973;2021-08-19;317;478;69796;55773;24.0;19.2
973;2021-08-20;302;399;70098;56172;24.1;19.3
973;2021-08-21;159;256;70257;56428;24.2;19.4
973;2021-08-22;114;183;70371;56611;24.2;19.5
973;2021-08-23;258;375;70629;56986;24.3;19.6
973;2021-08-24;279;458;70908;57444;24.4;19.8
973;2021-08-25;274;341;71182;57785;24.5;19.9
973;2021-08-26;295;390;71477;58175;24.6;20.0
974;2020-12-27;0;0;0;0;0.0;0.0
974;2020-12-28;0;0;0;0;0.0;0.0
974;2020-12-29;0;0;0;0;0.0;0.0
974;2020-12-30;0;0;0;0;0.0;0.0
974;2020-12-31;0;0;0;0;0.0;0.0
974;2021-01-01;1;0;1;0;0.0;0.0
974;2021-01-02;0;0;1;0;0.0;0.0
974;2021-01-03;0;0;1;0;0.0;0.0
974;2021-01-04;0;0;1;0;0.0;0.0
974;2021-01-05;2;0;3;0;0.0;0.0
974;2021-01-06;0;0;3;0;0.0;0.0
974;2021-01-07;0;0;3;0;0.0;0.0
974;2021-01-08;0;0;3;0;0.0;0.0
974;2021-01-09;1;0;4;0;0.0;0.0
974;2021-01-10;0;0;4;0;0.0;0.0
974;2021-01-11;0;0;4;0;0.0;0.0
974;2021-01-12;0;0;4;0;0.0;0.0
974;2021-01-13;0;0;4;0;0.0;0.0
974;2021-01-14;0;0;4;0;0.0;0.0
974;2021-01-15;333;0;337;0;0.0;0.0
974;2021-01-16;27;0;364;0;0.0;0.0
974;2021-01-17;0;0;364;0;0.0;0.0
974;2021-01-18;49;1;413;1;0.0;0.0
974;2021-01-19;394;0;807;1;0.1;0.0
974;2021-01-20;482;1;1289;2;0.1;0.0
974;2021-01-21;614;2;1903;4;0.2;0.0
974;2021-01-22;414;1;2317;5;0.3;0.0
974;2021-01-23;75;0;2392;5;0.3;0.0
974;2021-01-24;0;0;2392;5;0.3;0.0
974;2021-01-25;273;2;2665;7;0.3;0.0
974;2021-01-26;429;0;3094;7;0.4;0.0
974;2021-01-27;316;0;3410;7;0.4;0.0
974;2021-01-28;409;0;3819;7;0.4;0.0
974;2021-01-29;422;3;4241;10;0.5;0.0
974;2021-01-30;421;1;4662;11;0.5;0.0
974;2021-01-31;0;0;4662;11;0.5;0.0
974;2021-02-01;373;4;5035;15;0.6;0.0
974;2021-02-02;500;4;5535;19;0.6;0.0
974;2021-02-03;602;14;6137;33;0.7;0.0
974;2021-02-04;629;21;6766;54;0.8;0.0
974;2021-02-05;564;97;7330;151;0.9;0.0
974;2021-02-06;501;5;7831;156;0.9;0.0
974;2021-02-07;0;8;7831;164;0.9;0.0
974;2021-02-08;470;34;8301;198;1.0;0.0
974;2021-02-09;787;93;9088;291;1.1;0.0
974;2021-02-10;820;87;9908;378;1.2;0.0
974;2021-02-11;796;88;10704;466;1.2;0.1
974;2021-02-12;638;93;11342;559;1.3;0.1
974;2021-02-13;653;75;11995;634;1.4;0.1
974;2021-02-14;1;0;11996;634;1.4;0.1
974;2021-02-15;526;126;12522;760;1.5;0.1
974;2021-02-16;651;533;13173;1293;1.5;0.2
974;2021-02-17;592;326;13765;1619;1.6;0.2
974;2021-02-18;494;408;14259;2027;1.7;0.2
974;2021-02-19;497;319;14756;2346;1.7;0.3
974;2021-02-20;577;117;15333;2463;1.8;0.3
974;2021-02-21;0;0;15333;2463;1.8;0.3
974;2021-02-22;403;236;15736;2699;1.8;0.3
974;2021-02-23;607;239;16343;2938;1.9;0.3
974;2021-02-24;584;251;16927;3189;2.0;0.4
974;2021-02-25;648;295;17575;3484;2.0;0.4
974;2021-02-26;485;470;18060;3954;2.1;0.5
974;2021-02-27;384;466;18444;4420;2.1;0.5
974;2021-02-28;0;0;18444;4420;2.1;0.5
974;2021-03-01;293;384;18737;4804;2.2;0.6
974;2021-03-02;486;500;19223;5304;2.2;0.6
974;2021-03-03;757;537;19980;5841;2.3;0.7
974;2021-03-04;777;492;20757;6333;2.4;0.7
974;2021-03-05;729;522;21486;6855;2.5;0.8
974;2021-03-06;812;524;22298;7379;2.6;0.9
974;2021-03-07;0;0;22298;7379;2.6;0.9
974;2021-03-08;436;554;22734;7933;2.6;0.9
974;2021-03-09;671;770;23405;8703;2.7;1.0
974;2021-03-10;643;835;24048;9538;2.8;1.1
974;2021-03-11;701;626;24749;10164;2.9;1.2
974;2021-03-12;731;654;25480;10818;3.0;1.3
974;2021-03-13;669;600;26149;11418;3.0;1.3
974;2021-03-14;2;0;26151;11418;3.0;1.3
974;2021-03-15;509;493;26660;11911;3.1;1.4
974;2021-03-16;681;691;27341;12602;3.2;1.5
974;2021-03-17;848;521;28189;13123;3.3;1.5
974;2021-03-18;1022;505;29211;13628;3.4;1.6
974;2021-03-19;786;528;29997;14156;3.5;1.6
974;2021-03-20;578;593;30575;14749;3.6;1.7
974;2021-03-21;0;0;30575;14749;3.6;1.7
974;2021-03-22;566;467;31141;15216;3.6;1.8
974;2021-03-23;780;635;31921;15851;3.7;1.8
974;2021-03-24;792;644;32713;16495;3.8;1.9
974;2021-03-25;933;539;33646;17034;3.9;2.0
974;2021-03-26;922;451;34568;17485;4.0;2.0
974;2021-03-27;782;337;35350;17822;4.1;2.1
974;2021-03-28;1;0;35351;17822;4.1;2.1
974;2021-03-29;961;270;36312;18092;4.2;2.1
974;2021-03-30;884;495;37196;18587;4.3;2.2
974;2021-03-31;739;660;37935;19247;4.4;2.2
974;2021-04-01;718;705;38653;19952;4.5;2.3
974;2021-04-02;688;757;39341;20709;4.6;2.4
974;2021-04-03;699;698;40040;21407;4.7;2.5
974;2021-04-04;0;0;40040;21407;4.7;2.5
974;2021-04-05;0;0;40040;21407;4.7;2.5
974;2021-04-06;796;635;40836;22042;4.7;2.6
974;2021-04-07;1368;782;42204;22824;4.9;2.7
974;2021-04-08;1792;769;43996;23593;5.1;2.7
974;2021-04-09;1509;775;45505;24368;5.3;2.8
974;2021-04-10;1138;647;46643;25015;5.4;2.9
974;2021-04-11;2;0;46645;25015;5.4;2.9
974;2021-04-12;1238;546;47883;25561;5.6;3.0
974;2021-04-13;1439;751;49322;26312;5.7;3.1
974;2021-04-14;2070;765;51392;27077;6.0;3.1
974;2021-04-15;2506;954;53898;28031;6.3;3.3
974;2021-04-16;1935;783;55833;28814;6.5;3.4
974;2021-04-17;1290;603;57123;29417;6.6;3.4
974;2021-04-18;0;0;57123;29417;6.6;3.4
974;2021-04-19;1375;563;58498;29980;6.8;3.5
974;2021-04-20;1651;804;60149;30784;7.0;3.6
974;2021-04-21;2126;626;62275;31410;7.2;3.7
974;2021-04-22;2953;821;65228;32231;7.6;3.7
974;2021-04-23;2312;818;67540;33049;7.9;3.8
974;2021-04-24;1109;804;68649;33853;8.0;3.9
974;2021-04-25;3;0;68652;33853;8.0;3.9
974;2021-04-26;1173;914;69825;34767;8.1;4.0
974;2021-04-27;1686;1027;71511;35794;8.3;4.2
974;2021-04-28;2900;750;74411;36544;8.7;4.2
974;2021-04-29;3950;816;78361;37360;9.1;4.3
974;2021-04-30;3447;905;81808;38265;9.5;4.4
974;2021-05-01;2106;226;83914;38491;9.8;4.5
974;2021-05-02;1;0;83915;38491;9.8;4.5
974;2021-05-03;1865;575;85780;39066;10.0;4.5
974;2021-05-04;2127;1094;87907;40160;10.2;4.7
974;2021-05-05;3121;1643;91028;41803;10.6;4.9
974;2021-05-06;4004;1586;95032;43389;11.1;5.0
974;2021-05-07;3229;1524;98261;44913;11.4;5.2
974;2021-05-08;1575;503;99836;45416;11.6;5.3
974;2021-05-09;2;1;99838;45417;11.6;5.3
974;2021-05-10;2413;1000;102251;46417;11.9;5.4
974;2021-05-11;3653;1640;105904;48057;12.3;5.6
974;2021-05-12;4724;2404;110628;50461;12.9;5.9
974;2021-05-13;3557;598;114185;51059;13.3;5.9
974;2021-05-14;5277;2515;119462;53574;13.9;6.2
974;2021-05-15;3159;1536;122621;55110;14.3;6.4
974;2021-05-16;16;19;122637;55129;14.3;6.4
974;2021-05-17;2998;1498;125635;56627;14.6;6.6
974;2021-05-18;3765;1797;129400;58424;15.0;6.8
974;2021-05-19;4693;2434;134093;60858;15.6;7.1
974;2021-05-20;5139;2853;139232;63711;16.2;7.4
974;2021-05-21;4995;2634;144227;66345;16.8;7.7
974;2021-05-22;3371;1256;147598;67601;17.2;7.9
974;2021-05-23;5;3;147603;67604;17.2;7.9
974;2021-05-24;3645;1078;151248;68682;17.6;8.0
974;2021-05-25;4247;1913;155495;70595;18.1;8.2
974;2021-05-26;4992;2993;160487;73588;18.7;8.6
974;2021-05-27;4619;4098;165106;77686;19.2;9.0
974;2021-05-28;4386;3835;169492;81521;19.7;9.5
974;2021-05-29;2555;2455;172047;83976;20.0;9.8
974;2021-05-30;8;14;172055;83990;20.0;9.8
974;2021-05-31;2348;2254;174403;86244;20.3;10.0
974;2021-06-01;3302;2760;177705;89004;20.7;10.3
974;2021-06-02;3971;3364;181676;92368;21.1;10.7
974;2021-06-03;4043;3648;185719;96016;21.6;11.2
974;2021-06-04;3850;3757;189569;99773;22.0;11.6
974;2021-06-05;2214;1925;191783;101698;22.3;11.8
974;2021-06-06;1073;134;192856;101832;22.4;11.8
974;2021-06-07;2013;2527;194869;104359;22.7;12.1
974;2021-06-08;2557;3338;197426;107697;23.0;12.5
974;2021-06-09;2984;4836;200410;112533;23.3;13.1
974;2021-06-10;3413;4465;203823;116998;23.7;13.6
974;2021-06-11;2842;4622;206665;121620;24.0;14.1
974;2021-06-12;1727;3378;208392;124998;24.2;14.5
974;2021-06-13;1324;246;209716;125244;24.4;14.6
974;2021-06-14;1490;3183;211206;128427;24.6;14.9
974;2021-06-15;2058;3614;213264;132041;24.8;15.4
974;2021-06-16;2751;4656;216015;136697;25.1;15.9
974;2021-06-17;2522;4895;218537;141592;25.4;16.5
974;2021-06-18;2599;4892;221136;146484;25.7;17.0
974;2021-06-19;1303;3517;222439;150001;25.9;17.4
974;2021-06-20;632;288;223071;150289;25.9;17.5
974;2021-06-21;1265;3235;224336;153524;26.1;17.9
974;2021-06-22;1624;3763;225960;157287;26.3;18.3
974;2021-06-23;2257;4994;228217;162281;26.5;18.9
974;2021-06-24;2283;4070;230500;166351;26.8;19.3
974;2021-06-25;2189;4105;232689;170456;27.1;19.8
974;2021-06-26;1400;2711;234089;173167;27.2;20.1
974;2021-06-27;665;268;234754;173435;27.3;20.2
974;2021-06-28;1306;2478;236060;175913;27.5;20.5
974;2021-06-29;1757;2847;237817;178760;27.7;20.8
974;2021-06-30;2562;3846;240379;182606;28.0;21.2
974;2021-07-01;2698;3826;243077;186432;28.3;21.7
974;2021-07-02;2511;3716;245588;190148;28.6;22.1
974;2021-07-03;1614;2459;247202;192607;28.7;22.4
974;2021-07-04;881;1039;248083;193646;28.8;22.5
974;2021-07-05;1695;2222;249778;195868;29.0;22.8
974;2021-07-06;2576;2542;252354;198410;29.3;23.1
974;2021-07-07;2663;3135;255017;201545;29.7;23.4
974;2021-07-08;2413;3174;257430;204719;29.9;23.8
974;2021-07-09;2761;3427;260191;208146;30.3;24.2
974;2021-07-10;1620;2192;261811;210338;30.4;24.5
974;2021-07-11;729;1016;262540;211354;30.5;24.6
974;2021-07-12;1747;2604;264287;213958;30.7;24.9
974;2021-07-13;4430;3340;268717;217298;31.2;25.3
974;2021-07-14;3296;606;272013;217904;31.6;25.3
974;2021-07-15;5556;4016;277569;221920;32.3;25.8
974;2021-07-16;6237;3297;283806;225217;33.0;26.2
974;2021-07-17;4374;1912;288180;227129;33.5;26.4
974;2021-07-18;2673;764;290853;227893;33.8;26.5
974;2021-07-19;4649;2029;295502;229922;34.4;26.7
974;2021-07-20;6233;2426;301735;232348;35.1;27.0
974;2021-07-21;6740;2854;308475;235202;35.9;27.4
974;2021-07-22;7140;2807;315615;238009;36.7;27.7
974;2021-07-23;6636;2980;322251;240989;37.5;28.0
974;2021-07-24;3799;2060;326050;243049;37.9;28.3
974;2021-07-25;2521;756;328571;243805;38.2;28.4
974;2021-07-26;4369;2087;332940;245892;38.7;28.6
974;2021-07-27;5437;2559;338377;248451;39.3;28.9
974;2021-07-28;5387;2898;343764;251349;40.0;29.2
974;2021-07-29;5740;2802;349504;254151;40.6;29.6
974;2021-07-30;5865;2578;355369;256729;41.3;29.9
974;2021-07-31;3933;1641;359302;258370;41.8;30.0
974;2021-08-01;1897;716;361199;259086;42.0;30.1
974;2021-08-02;3386;1870;364585;260956;42.4;30.3
974;2021-08-03;4282;4073;368867;265029;42.9;30.8
974;2021-08-04;4856;4227;373723;269256;43.5;31.3
974;2021-08-05;4425;4675;378148;273931;44.0;31.9
974;2021-08-06;4048;5098;382196;279029;44.4;32.4
974;2021-08-07;2735;4046;384931;283075;44.8;32.9
974;2021-08-08;1470;2264;386401;285339;44.9;33.2
974;2021-08-09;2542;4530;388943;289869;45.2;33.7
974;2021-08-10;3748;4963;392691;294832;45.7;34.3
974;2021-08-11;4580;5433;397271;300265;46.2;34.9
974;2021-08-12;4679;5922;401950;306187;46.7;35.6
974;2021-08-13;4437;5835;406387;312022;47.3;36.3
974;2021-08-14;2568;4324;408955;316346;47.6;36.8
974;2021-08-15;1566;2177;410521;318523;47.7;37.0
974;2021-08-16;2326;4170;412847;322693;48.0;37.5
974;2021-08-17;3125;4530;415972;327223;48.4;38.1
974;2021-08-18;3305;5893;419277;333116;48.8;38.7
974;2021-08-19;3251;4892;422528;338008;49.1;39.3
974;2021-08-20;3409;5270;425937;343278;49.5;39.9
974;2021-08-21;1803;4617;427740;347895;49.7;40.5
974;2021-08-22;1017;1942;428757;349837;49.9;40.7
974;2021-08-23;1788;3320;430545;353157;50.1;41.1
974;2021-08-24;2392;3750;432937;356907;50.3;41.5
974;2021-08-25;2813;5172;435750;362079;50.7;42.1
974;2021-08-26;2632;3855;438382;365934;51.0;42.6
975;2020-12-27;0;0;0;0;0.0;0.0
975;2020-12-28;0;0;0;0;0.0;0.0
975;2020-12-29;0;0;0;0;0.0;0.0
975;2020-12-30;0;0;0;0;0.0;0.0
975;2020-12-31;0;0;0;0;0.0;0.0
975;2021-01-01;0;0;0;0;0.0;0.0
975;2021-01-02;0;0;0;0;0.0;0.0
975;2021-01-03;0;0;0;0;0.0;0.0
975;2021-01-04;0;0;0;0;0.0;0.0
975;2021-01-05;0;0;0;0;0.0;0.0
975;2021-01-06;0;0;0;0;0.0;0.0
975;2021-01-07;0;0;0;0;0.0;0.0
975;2021-01-08;0;0;0;0;0.0;0.0
975;2021-01-09;0;0;0;0;0.0;0.0
975;2021-01-10;0;0;0;0;0.0;0.0
975;2021-01-11;0;0;0;0;0.0;0.0
975;2021-01-12;0;0;0;0;0.0;0.0
975;2021-01-13;0;0;0;0;0.0;0.0
975;2021-01-14;0;0;0;0;0.0;0.0
975;2021-01-15;0;0;0;0;0.0;0.0
975;2021-01-16;0;0;0;0;0.0;0.0
975;2021-01-17;0;0;0;0;0.0;0.0
975;2021-01-18;0;0;0;0;0.0;0.0
975;2021-01-19;0;0;0;0;0.0;0.0
975;2021-01-20;0;0;0;0;0.0;0.0
975;2021-01-21;0;0;0;0;0.0;0.0
975;2021-01-22;0;0;0;0;0.0;0.0
975;2021-01-23;0;0;0;0;0.0;0.0
975;2021-01-24;0;0;0;0;0.0;0.0
975;2021-01-25;0;0;0;0;0.0;0.0
975;2021-01-26;0;0;0;0;0.0;0.0
975;2021-01-27;0;0;0;0;0.0;0.0
975;2021-01-28;0;0;0;0;0.0;0.0
975;2021-01-29;0;0;0;0;0.0;0.0
975;2021-01-30;0;0;0;0;0.0;0.0
975;2021-01-31;0;0;0;0;0.0;0.0
975;2021-02-01;0;0;0;0;0.0;0.0
975;2021-02-02;0;0;0;0;0.0;0.0
975;2021-02-03;0;0;0;0;0.0;0.0
975;2021-02-04;0;0;0;0;0.0;0.0
975;2021-02-05;0;0;0;0;0.0;0.0
975;2021-02-06;0;0;0;0;0.0;0.0
975;2021-02-07;0;0;0;0;0.0;0.0
975;2021-02-08;0;0;0;0;0.0;0.0
975;2021-02-09;0;0;0;0;0.0;0.0
975;2021-02-10;0;0;0;0;0.0;0.0
975;2021-02-11;0;0;0;0;0.0;0.0
975;2021-02-12;0;0;0;0;0.0;0.0
975;2021-02-13;0;0;0;0;0.0;0.0
975;2021-02-14;0;0;0;0;0.0;0.0
975;2021-02-15;0;0;0;0;0.0;0.0
975;2021-02-16;0;0;0;0;0.0;0.0
975;2021-02-17;0;0;0;0;0.0;0.0
975;2021-02-18;0;0;0;0;0.0;0.0
975;2021-02-19;0;0;0;0;0.0;0.0
975;2021-02-20;0;0;0;0;0.0;0.0
975;2021-02-21;0;0;0;0;0.0;0.0
975;2021-02-22;0;0;0;0;0.0;0.0
975;2021-02-23;0;0;0;0;0.0;0.0
975;2021-02-24;0;0;0;0;0.0;0.0
975;2021-02-25;0;0;0;0;0.0;0.0
975;2021-02-26;0;0;0;0;0.0;0.0
975;2021-02-27;0;0;0;0;0.0;0.0
975;2021-02-28;0;0;0;0;0.0;0.0
975;2021-03-01;0;0;0;0;0.0;0.0
975;2021-03-02;0;0;0;0;0.0;0.0
975;2021-03-03;0;0;0;0;0.0;0.0
975;2021-03-04;0;0;0;0;0.0;0.0
975;2021-03-05;0;0;0;0;0.0;0.0
975;2021-03-06;0;0;0;0;0.0;0.0
975;2021-03-07;0;0;0;0;0.0;0.0
975;2021-03-08;0;0;0;0;0.0;0.0
975;2021-03-09;0;0;0;0;0.0;0.0
975;2021-03-10;0;0;0;0;0.0;0.0
975;2021-03-11;0;0;0;0;0.0;0.0
975;2021-03-12;0;0;0;0;0.0;0.0
975;2021-03-13;0;0;0;0;0.0;0.0
975;2021-03-14;0;0;0;0;0.0;0.0
975;2021-03-15;0;0;0;0;0.0;0.0
975;2021-03-16;0;0;0;0;0.0;0.0
975;2021-03-17;0;0;0;0;0.0;0.0
975;2021-03-18;0;0;0;0;0.0;0.0
975;2021-03-19;0;0;0;0;0.0;0.0
975;2021-03-20;0;0;0;0;0.0;0.0
975;2021-03-21;0;0;0;0;0.0;0.0
975;2021-03-22;0;0;0;0;0.0;0.0
975;2021-03-23;0;0;0;0;0.0;0.0
975;2021-03-24;0;0;0;0;0.0;0.0
975;2021-03-25;0;0;0;0;0.0;0.0
975;2021-03-26;0;0;0;0;0.0;0.0
975;2021-03-27;0;0;0;0;0.0;0.0
975;2021-03-28;0;0;0;0;0.0;0.0
975;2021-03-29;2;0;2;0;0.0;0.0
975;2021-03-30;0;0;2;0;0.0;0.0
975;2021-03-31;0;0;2;0;0.0;0.0
975;2021-04-01;0;0;2;0;0.0;0.0
975;2021-04-02;0;0;2;0;0.0;0.0
975;2021-04-03;0;0;2;0;0.0;0.0
975;2021-04-04;0;0;2;0;0.0;0.0
975;2021-04-05;0;0;2;0;0.0;0.0
975;2021-04-06;0;0;2;0;0.0;0.0
975;2021-04-07;0;0;2;0;0.0;0.0
975;2021-04-08;1;0;3;0;0.1;0.0
975;2021-04-09;0;0;3;0;0.1;0.0
975;2021-04-10;0;0;3;0;0.1;0.0
975;2021-04-11;0;0;3;0;0.1;0.0
975;2021-04-12;0;0;3;0;0.1;0.0
975;2021-04-13;0;0;3;0;0.1;0.0
975;2021-04-14;0;0;3;0;0.1;0.0
975;2021-04-15;0;0;3;0;0.1;0.0
975;2021-04-16;0;0;3;0;0.1;0.0
975;2021-04-17;0;0;3;0;0.1;0.0
975;2021-04-18;0;0;3;0;0.1;0.0
975;2021-04-19;0;0;3;0;0.1;0.0
975;2021-04-20;0;0;3;0;0.1;0.0
975;2021-04-21;0;0;3;0;0.1;0.0
975;2021-04-22;0;0;3;0;0.1;0.0
975;2021-04-23;0;0;3;0;0.1;0.0
975;2021-04-24;0;0;3;0;0.1;0.0
975;2021-04-25;0;0;3;0;0.1;0.0
975;2021-04-26;0;0;3;0;0.1;0.0
975;2021-04-27;0;0;3;0;0.1;0.0
975;2021-04-28;0;0;3;0;0.1;0.0
975;2021-04-29;0;0;3;0;0.1;0.0
975;2021-04-30;0;0;3;0;0.1;0.0
975;2021-05-01;0;0;3;0;0.1;0.0
975;2021-05-02;0;0;3;0;0.1;0.0
975;2021-05-03;0;0;3;0;0.1;0.0
975;2021-05-04;0;0;3;0;0.1;0.0
975;2021-05-05;0;0;3;0;0.1;0.0
975;2021-05-06;0;0;3;0;0.1;0.0
975;2021-05-07;0;0;3;0;0.1;0.0
975;2021-05-08;0;0;3;0;0.1;0.0
975;2021-05-09;0;0;3;0;0.1;0.0
975;2021-05-10;0;0;3;0;0.1;0.0
975;2021-05-11;0;0;3;0;0.1;0.0
975;2021-05-12;0;0;3;0;0.1;0.0
975;2021-05-13;0;0;3;0;0.1;0.0
975;2021-05-14;0;0;3;0;0.1;0.0
975;2021-05-15;0;0;3;0;0.1;0.0
975;2021-05-16;0;0;3;0;0.1;0.0
975;2021-05-17;0;0;3;0;0.1;0.0
975;2021-05-18;0;0;3;0;0.1;0.0
975;2021-05-19;0;0;3;0;0.1;0.0
975;2021-05-20;0;0;3;0;0.1;0.0
975;2021-05-21;0;0;3;0;0.1;0.0
975;2021-05-22;0;0;3;0;0.1;0.0
975;2021-05-23;0;0;3;0;0.1;0.0
975;2021-05-24;0;0;3;0;0.1;0.0
975;2021-05-25;0;0;3;0;0.1;0.0
975;2021-05-26;0;0;3;0;0.1;0.0
975;2021-05-27;0;0;3;0;0.1;0.0
975;2021-05-28;0;0;3;0;0.1;0.0
975;2021-05-29;0;2;3;2;0.1;0.0
975;2021-05-30;0;0;3;2;0.1;0.0
975;2021-05-31;0;0;3;2;0.1;0.0
975;2021-06-01;0;0;3;2;0.1;0.0
975;2021-06-02;0;0;3;2;0.1;0.0
975;2021-06-03;0;0;3;2;0.1;0.0
975;2021-06-04;0;0;3;2;0.1;0.0
975;2021-06-05;0;0;3;2;0.1;0.0
975;2021-06-06;0;0;3;2;0.1;0.0
975;2021-06-07;0;0;3;2;0.1;0.0
975;2021-06-08;0;0;3;2;0.1;0.0
975;2021-06-09;0;0;3;2;0.1;0.0
975;2021-06-10;0;0;3;2;0.1;0.0
975;2021-06-11;0;0;3;2;0.1;0.0
975;2021-06-12;0;0;3;2;0.1;0.0
975;2021-06-13;0;0;3;2;0.1;0.0
975;2021-06-14;0;0;3;2;0.1;0.0
975;2021-06-15;0;0;3;2;0.1;0.0
975;2021-06-16;0;0;3;2;0.1;0.0
975;2021-06-17;0;0;3;2;0.1;0.0
975;2021-06-18;0;0;3;2;0.1;0.0
975;2021-06-19;0;0;3;2;0.1;0.0
975;2021-06-20;0;0;3;2;0.1;0.0
975;2021-06-21;1;0;4;2;0.1;0.0
975;2021-06-22;0;0;4;2;0.1;0.0
975;2021-06-23;0;0;4;2;0.1;0.0
975;2021-06-24;0;0;4;2;0.1;0.0
975;2021-06-25;0;0;4;2;0.1;0.0
975;2021-06-26;0;0;4;2;0.1;0.0
975;2021-06-27;0;0;4;2;0.1;0.0
975;2021-06-28;0;0;4;2;0.1;0.0
975;2021-06-29;0;0;4;2;0.1;0.0
975;2021-06-30;0;0;4;2;0.1;0.0
975;2021-07-01;0;0;4;2;0.1;0.0
975;2021-07-02;0;0;4;2;0.1;0.0
975;2021-07-03;0;0;4;2;0.1;0.0
975;2021-07-04;0;0;4;2;0.1;0.0
975;2021-07-05;0;0;4;2;0.1;0.0
975;2021-07-06;1;0;5;2;0.1;0.0
975;2021-07-07;7;0;12;2;0.2;0.0
975;2021-07-08;0;0;12;2;0.2;0.0
975;2021-07-09;1;0;13;2;0.2;0.0
975;2021-07-10;0;0;13;2;0.2;0.0
975;2021-07-11;0;0;13;2;0.2;0.0
975;2021-07-12;1;0;14;2;0.2;0.0
975;2021-07-13;0;0;14;2;0.2;0.0
975;2021-07-14;0;0;14;2;0.2;0.0
975;2021-07-15;0;0;14;2;0.2;0.0
975;2021-07-16;0;0;14;2;0.2;0.0
975;2021-07-17;0;0;14;2;0.2;0.0
975;2021-07-18;0;0;14;2;0.2;0.0
975;2021-07-19;0;0;14;2;0.2;0.0
975;2021-07-20;0;0;14;2;0.2;0.0
975;2021-07-21;0;0;14;2;0.2;0.0
975;2021-07-22;0;0;14;2;0.2;0.0
975;2021-07-23;0;0;14;2;0.2;0.0
975;2021-07-24;0;0;14;2;0.2;0.0
975;2021-07-25;0;0;14;2;0.2;0.0
975;2021-07-26;0;0;14;2;0.2;0.0
975;2021-07-27;0;0;14;2;0.2;0.0
975;2021-07-28;0;0;14;2;0.2;0.0
975;2021-07-29;0;0;14;2;0.2;0.0
975;2021-07-30;0;0;14;2;0.2;0.0
975;2021-07-31;0;0;14;2;0.2;0.0
975;2021-08-01;0;0;14;2;0.2;0.0
975;2021-08-02;1;0;15;2;0.3;0.0
975;2021-08-03;0;0;15;2;0.3;0.0
975;2021-08-04;0;0;15;2;0.3;0.0
975;2021-08-05;0;0;15;2;0.3;0.0
975;2021-08-06;0;0;15;2;0.3;0.0
975;2021-08-07;0;0;15;2;0.3;0.0
975;2021-08-08;0;0;15;2;0.3;0.0
975;2021-08-09;0;0;15;2;0.3;0.0
975;2021-08-10;0;0;15;2;0.3;0.0
975;2021-08-11;0;0;15;2;0.3;0.0
975;2021-08-12;0;0;15;2;0.3;0.0
975;2021-08-13;0;0;15;2;0.3;0.0
975;2021-08-14;0;0;15;2;0.3;0.0
975;2021-08-15;0;0;15;2;0.3;0.0
975;2021-08-16;0;0;15;2;0.3;0.0
975;2021-08-17;0;0;15;2;0.3;0.0
975;2021-08-18;0;0;15;2;0.3;0.0
975;2021-08-19;0;1;15;3;0.3;0.1
975;2021-08-20;0;0;15;3;0.3;0.1
975;2021-08-21;0;0;15;3;0.3;0.1
975;2021-08-22;0;0;15;3;0.3;0.1
975;2021-08-23;0;0;15;3;0.3;0.1
975;2021-08-24;0;0;15;3;0.3;0.1
975;2021-08-25;0;0;15;3;0.3;0.1
975;2021-08-26;0;0;15;3;0.3;0.1
976;2020-12-27;0;0;0;0;0.0;0.0
976;2020-12-28;0;0;0;0;0.0;0.0
976;2020-12-29;0;0;0;0;0.0;0.0
976;2020-12-30;0;0;0;0;0.0;0.0
976;2020-12-31;0;0;0;0;0.0;0.0
976;2021-01-01;0;0;0;0;0.0;0.0
976;2021-01-02;0;0;0;0;0.0;0.0
976;2021-01-03;0;0;0;0;0.0;0.0
976;2021-01-04;0;0;0;0;0.0;0.0
976;2021-01-05;0;0;0;0;0.0;0.0
976;2021-01-06;0;0;0;0;0.0;0.0
976;2021-01-07;0;0;0;0;0.0;0.0
976;2021-01-08;0;0;0;0;0.0;0.0
976;2021-01-09;0;0;0;0;0.0;0.0
976;2021-01-10;0;0;0;0;0.0;0.0
976;2021-01-11;9;0;9;0;0.0;0.0
976;2021-01-12;0;0;9;0;0.0;0.0
976;2021-01-13;0;0;9;0;0.0;0.0
976;2021-01-14;0;0;9;0;0.0;0.0
976;2021-01-15;1;0;10;0;0.0;0.0
976;2021-01-16;1;0;11;0;0.0;0.0
976;2021-01-17;0;0;11;0;0.0;0.0
976;2021-01-18;1;0;12;0;0.0;0.0
976;2021-01-19;0;0;12;0;0.0;0.0
976;2021-01-20;0;0;12;0;0.0;0.0
976;2021-01-21;1;1;13;1;0.0;0.0
976;2021-01-22;0;0;13;1;0.0;0.0
976;2021-01-23;1;0;14;1;0.0;0.0
976;2021-01-24;0;0;14;1;0.0;0.0
976;2021-01-25;143;3;157;4;0.1;0.0
976;2021-01-26;167;3;324;7;0.1;0.0
976;2021-01-27;250;3;574;10;0.2;0.0
976;2021-01-28;102;8;676;18;0.2;0.0
976;2021-01-29;231;2;907;20;0.3;0.0
976;2021-01-30;285;11;1192;31;0.4;0.0
976;2021-01-31;1;0;1193;31;0.4;0.0
976;2021-02-01;161;1;1354;32;0.5;0.0
976;2021-02-02;330;9;1684;41;0.6;0.0
976;2021-02-03;228;3;1912;44;0.7;0.0
976;2021-02-04;216;9;2128;53;0.8;0.0
976;2021-02-05;213;0;2341;53;0.8;0.0
976;2021-02-06;83;10;2424;63;0.9;0.0
976;2021-02-07;0;0;2424;63;0.9;0.0
976;2021-02-08;82;4;2506;67;0.9;0.0
976;2021-02-09;194;1;2700;68;1.0;0.0
976;2021-02-10;187;5;2887;73;1.0;0.0
976;2021-02-11;236;4;3123;77;1.1;0.0
976;2021-02-12;288;4;3411;81;1.2;0.0
976;2021-02-13;56;0;3467;81;1.2;0.0
976;2021-02-14;1;0;3468;81;1.2;0.0
976;2021-02-15;359;7;3827;88;1.4;0.0
976;2021-02-16;266;9;4093;97;1.5;0.0
976;2021-02-17;167;8;4260;105;1.5;0.0
976;2021-02-18;218;12;4478;117;1.6;0.0
976;2021-02-19;237;24;4715;141;1.7;0.1
976;2021-02-20;139;9;4854;150;1.7;0.1
976;2021-02-21;0;0;4854;150;1.7;0.1
976;2021-02-22;130;121;4984;271;1.8;0.1
976;2021-02-23;185;156;5169;427;1.8;0.2
976;2021-02-24;176;145;5345;572;1.9;0.2
976;2021-02-25;227;277;5572;849;2.0;0.3
976;2021-02-26;242;246;5814;1095;2.1;0.4
976;2021-02-27;0;0;5814;1095;2.1;0.4
976;2021-02-28;0;0;5814;1095;2.1;0.4
976;2021-03-01;146;259;5960;1354;2.1;0.5
976;2021-03-02;228;260;6188;1614;2.2;0.6
976;2021-03-03;202;189;6390;1803;2.3;0.6
976;2021-03-04;205;144;6595;1947;2.4;0.7
976;2021-03-05;224;116;6819;2063;2.4;0.7
976;2021-03-06;1;0;6820;2063;2.4;0.7
976;2021-03-07;1;0;6821;2063;2.4;0.7
976;2021-03-08;189;110;7010;2173;2.5;0.8
976;2021-03-09;391;162;7401;2335;2.6;0.8
976;2021-03-10;180;178;7581;2513;2.7;0.9
976;2021-03-11;167;207;7748;2720;2.8;1.0
976;2021-03-12;237;294;7985;3014;2.9;1.1
976;2021-03-13;2;0;7987;3014;2.9;1.1
976;2021-03-14;0;0;7987;3014;2.9;1.1
976;2021-03-15;157;294;8144;3308;2.9;1.2
976;2021-03-16;237;226;8381;3534;3.0;1.3
976;2021-03-17;264;145;8645;3679;3.1;1.3
976;2021-03-18;174;236;8819;3915;3.2;1.4
976;2021-03-19;173;298;8992;4213;3.2;1.5
976;2021-03-20;0;0;8992;4213;3.2;1.5
976;2021-03-21;0;0;8992;4213;3.2;1.5
976;2021-03-22;97;136;9089;4349;3.3;1.6
976;2021-03-23;136;239;9225;4588;3.3;1.6
976;2021-03-24;160;147;9385;4735;3.4;1.7
976;2021-03-25;185;206;9570;4941;3.4;1.8
976;2021-03-26;160;212;9730;5153;3.5;1.8
976;2021-03-27;18;0;9748;5153;3.5;1.8
976;2021-03-28;1;0;9749;5153;3.5;1.8
976;2021-03-29;0;2;9749;5155;3.5;1.8
976;2021-03-30;273;336;10022;5491;3.6;2.0
976;2021-03-31;225;125;10247;5616;3.7;2.0
976;2021-04-01;245;103;10492;5719;3.8;2.0
976;2021-04-02;289;262;10781;5981;3.9;2.1
976;2021-04-03;905;309;11686;6290;4.2;2.3
976;2021-04-04;2;0;11688;6290;4.2;2.3
976;2021-04-05;1;0;11689;6290;4.2;2.3
976;2021-04-06;162;277;11851;6567;4.2;2.3
976;2021-04-07;237;266;12088;6833;4.3;2.4
976;2021-04-08;285;140;12373;6973;4.4;2.5
976;2021-04-09;249;171;12622;7144;4.5;2.6
976;2021-04-10;181;114;12803;7258;4.6;2.6
976;2021-04-11;7;0;12810;7258;4.6;2.6
976;2021-04-12;0;19;12810;7277;4.6;2.6
976;2021-04-13;394;345;13204;7622;4.7;2.7
976;2021-04-14;239;205;13443;7827;4.8;2.8
976;2021-04-15;209;117;13652;7944;4.9;2.8
976;2021-04-16;214;127;13866;8071;5.0;2.9
976;2021-04-17;226;131;14092;8202;5.0;2.9
976;2021-04-18;1;0;14093;8202;5.0;2.9
976;2021-04-19;7;1;14100;8203;5.0;2.9
976;2021-04-20;369;223;14469;8426;5.2;3.0
976;2021-04-21;413;150;14882;8576;5.3;3.1
976;2021-04-22;410;150;15292;8726;5.5;3.1
976;2021-04-23;367;166;15659;8892;5.6;3.2
976;2021-04-24;413;128;16072;9020;5.8;3.2
976;2021-04-25;2;0;16074;9020;5.8;3.2
976;2021-04-26;55;8;16129;9028;5.8;3.2
976;2021-04-27;351;293;16480;9321;5.9;3.3
976;2021-04-28;357;513;16837;9834;6.0;3.5
976;2021-04-29;559;344;17396;10178;6.2;3.6
976;2021-04-30;408;238;17804;10416;6.4;3.7
976;2021-05-01;673;286;18477;10702;6.6;3.8
976;2021-05-02;0;0;18477;10702;6.6;3.8
976;2021-05-03;141;6;18618;10708;6.7;3.8
976;2021-05-04;353;426;18971;11134;6.8;4.0
976;2021-05-05;448;318;19419;11452;6.9;4.1
976;2021-05-06;320;202;19739;11654;7.1;4.2
976;2021-05-07;341;133;20080;11787;7.2;4.2
976;2021-05-08;305;139;20385;11926;7.3;4.3
976;2021-05-09;0;0;20385;11926;7.3;4.3
976;2021-05-10;9;9;20394;11935;7.3;4.3
976;2021-05-11;363;490;20757;12425;7.4;4.4
976;2021-05-12;334;310;21091;12735;7.5;4.6
976;2021-05-13;126;96;21217;12831;7.6;4.6
976;2021-05-14;0;0;21217;12831;7.6;4.6
976;2021-05-15;486;283;21703;13114;7.8;4.7
976;2021-05-16;1;0;21704;13114;7.8;4.7
976;2021-05-17;124;51;21828;13165;7.8;4.7
976;2021-05-18;517;430;22345;13595;8.0;4.9
976;2021-05-19;653;663;22998;14258;8.2;5.1
976;2021-05-20;1057;498;24055;14756;8.6;5.3
976;2021-05-21;1046;313;25101;15069;9.0;5.4
976;2021-05-22;1243;299;26344;15368;9.4;5.5
976;2021-05-23;0;0;26344;15368;9.4;5.5
976;2021-05-24;1;0;26345;15368;9.4;5.5
976;2021-05-25;890;623;27235;15991;9.7;5.7
976;2021-05-26;1036;842;28271;16833;10.1;6.0
976;2021-05-27;1325;512;29596;17345;10.6;6.2
976;2021-05-28;957;375;30553;17720;10.9;6.3
976;2021-05-29;1131;392;31684;18112;11.3;6.5
976;2021-05-30;1;1;31685;18113;11.3;6.5
976;2021-05-31;105;6;31790;18119;11.4;6.5
976;2021-06-01;1153;652;32943;18771;11.8;6.7
976;2021-06-02;1240;530;34183;19301;12.2;6.9
976;2021-06-03;810;352;34993;19653;12.5;7.0
976;2021-06-04;1002;323;35995;19976;12.9;7.1
976;2021-06-05;679;299;36674;20275;13.1;7.3
976;2021-06-06;1;0;36675;20275;13.1;7.3
976;2021-06-07;91;12;36766;20287;13.2;7.3
976;2021-06-08;960;444;37726;20731;13.5;7.4
976;2021-06-09;972;550;38698;21281;13.8;7.6
976;2021-06-10;703;232;39401;21513;14.1;7.7
976;2021-06-11;849;366;40250;21879;14.4;7.8
976;2021-06-12;585;276;40835;22155;14.6;7.9
976;2021-06-13;2;0;40837;22155;14.6;7.9
976;2021-06-14;187;112;41024;22267;14.7;8.0
976;2021-06-15;415;839;41439;23106;14.8;8.3
976;2021-06-16;892;1442;42331;24548;15.1;8.8
976;2021-06-17;792;660;43123;25208;15.4;9.0
976;2021-06-18;709;621;43832;25829;15.7;9.2
976;2021-06-19;538;643;44370;26472;15.9;9.5
976;2021-06-20;1;0;44371;26472;15.9;9.5
976;2021-06-21;128;132;44499;26604;15.9;9.5
976;2021-06-22;431;1150;44930;27754;16.1;9.9
976;2021-06-23;664;1186;45594;28940;16.3;10.4
976;2021-06-24;470;546;46064;29486;16.5;10.6
976;2021-06-25;544;479;46608;29965;16.7;10.7
976;2021-06-26;388;692;46996;30657;16.8;11.0
976;2021-06-27;1;0;46997;30657;16.8;11.0
976;2021-06-28;107;191;47104;30848;16.9;11.0
976;2021-06-29;736;974;47840;31822;17.1;11.4
976;2021-06-30;699;947;48539;32769;17.4;11.7
976;2021-07-01;581;546;49120;33315;17.6;11.9
976;2021-07-02;452;431;49572;33746;17.7;12.1
976;2021-07-03;446;422;50018;34168;17.9;12.2
976;2021-07-04;2;0;50020;34168;17.9;12.2
976;2021-07-05;121;224;50141;34392;17.9;12.3
976;2021-07-06;503;865;50644;35257;18.1;12.6
976;2021-07-07;771;1013;51415;36270;18.4;13.0
976;2021-07-08;808;634;52223;36904;18.7;13.2
976;2021-07-09;791;519;53014;37423;19.0;13.4
976;2021-07-10;441;320;53455;37743;19.1;13.5
976;2021-07-11;0;0;53455;37743;19.1;13.5
976;2021-07-12;164;172;53619;37915;19.2;13.6
976;2021-07-13;856;1001;54475;38916;19.5;13.9
976;2021-07-14;0;5;54475;38921;19.5;13.9
976;2021-07-15;1229;816;55704;39737;19.9;14.2
976;2021-07-16;1310;660;57014;40397;20.4;14.5
976;2021-07-17;1049;377;58063;40774;20.8;14.6
976;2021-07-18;0;0;58063;40774;20.8;14.6
976;2021-07-19;205;134;58268;40908;20.8;14.6
976;2021-07-20;1160;879;59428;41787;21.3;15.0
976;2021-07-21;32;28;59460;41815;21.3;15.0
976;2021-07-22;1127;664;60587;42479;21.7;15.2
976;2021-07-23;1209;546;61796;43025;22.1;15.4
976;2021-07-24;862;440;62658;43465;22.4;15.6
976;2021-07-25;2;0;62660;43465;22.4;15.6
976;2021-07-26;181;36;62841;43501;22.5;15.6
976;2021-07-27;1140;821;63981;44322;22.9;15.9
976;2021-07-28;1037;636;65018;44958;23.3;16.1
976;2021-07-29;1240;566;66258;45524;23.7;16.3
976;2021-07-30;1209;411;67467;45935;24.1;16.4
976;2021-07-31;764;277;68231;46212;24.4;16.5
976;2021-08-01;0;0;68231;46212;24.4;16.5
976;2021-08-02;310;180;68541;46392;24.5;16.6
976;2021-08-03;1500;931;70041;47323;25.1;16.9
976;2021-08-04;1821;810;71862;48133;25.7;17.2
976;2021-08-05;1461;500;73323;48633;26.2;17.4
976;2021-08-06;1676;500;74999;49133;26.8;17.6
976;2021-08-07;912;355;75911;49488;27.2;17.7
976;2021-08-08;6;1;75917;49489;27.2;17.7
976;2021-08-09;518;235;76435;49724;27.3;17.8
976;2021-08-10;1620;1377;78055;51101;27.9;18.3
976;2021-08-11;2023;1237;80078;52338;28.7;18.7
976;2021-08-12;1692;610;81770;52948;29.3;18.9
976;2021-08-13;1530;530;83300;53478;29.8;19.1
976;2021-08-14;827;450;84127;53928;30.1;19.3
976;2021-08-15;0;0;84127;53928;30.1;19.3
976;2021-08-16;537;287;84664;54215;30.3;19.4
976;2021-08-17;1792;1300;86456;55515;30.9;19.9
976;2021-08-18;2183;1206;88639;56721;31.7;20.3
976;2021-08-19;1941;542;90580;57263;32.4;20.5
976;2021-08-20;1725;538;92305;57801;33.0;20.7
976;2021-08-21;1027;517;93332;58318;33.4;20.9
976;2021-08-22;7;0;93339;58318;33.4;20.9
976;2021-08-23;509;270;93848;58588;33.6;21.0
976;2021-08-24;1024;1000;94872;59588;33.9;21.3
976;2021-08-25;1030;1285;95902;60873;34.3;21.8
976;2021-08-26;690;567;96592;61440;34.6;22.0
977;2020-12-27;0;0;0;0;0.0;0.0
977;2020-12-28;0;0;0;0;0.0;0.0
977;2020-12-29;0;0;0;0;0.0;0.0
977;2020-12-30;0;0;0;0;0.0;0.0
977;2020-12-31;0;0;0;0;0.0;0.0
977;2021-01-01;0;0;0;0;0.0;0.0
977;2021-01-02;0;0;0;0;0.0;0.0
977;2021-01-03;0;0;0;0;0.0;0.0
977;2021-01-04;0;0;0;0;0.0;0.0
977;2021-01-05;0;0;0;0;0.0;0.0
977;2021-01-06;0;0;0;0;0.0;0.0
977;2021-01-07;0;0;0;0;0.0;0.0
977;2021-01-08;0;0;0;0;0.0;0.0
977;2021-01-09;0;0;0;0;0.0;0.0
977;2021-01-10;0;0;0;0;0.0;0.0
977;2021-01-11;0;0;0;0;0.0;0.0
977;2021-01-12;0;0;0;0;0.0;0.0
977;2021-01-13;0;0;0;0;0.0;0.0
977;2021-01-14;0;0;0;0;0.0;0.0
977;2021-01-15;0;0;0;0;0.0;0.0
977;2021-01-16;0;0;0;0;0.0;0.0
977;2021-01-17;0;0;0;0;0.0;0.0
977;2021-01-18;1;0;1;0;0.0;0.0
977;2021-01-19;0;0;1;0;0.0;0.0
977;2021-01-20;0;0;1;0;0.0;0.0
977;2021-01-21;12;0;13;0;0.1;0.0
977;2021-01-22;12;0;25;0;0.3;0.0
977;2021-01-23;0;0;25;0;0.3;0.0
977;2021-01-24;0;0;25;0;0.3;0.0
977;2021-01-25;0;0;25;0;0.3;0.0
977;2021-01-26;0;0;25;0;0.3;0.0
977;2021-01-27;12;0;37;0;0.4;0.0
977;2021-01-28;1;0;38;0;0.4;0.0
977;2021-01-29;6;0;44;0;0.4;0.0
977;2021-01-30;0;0;44;0;0.4;0.0
977;2021-01-31;0;0;44;0;0.4;0.0
977;2021-02-01;0;0;44;0;0.4;0.0
977;2021-02-02;0;0;44;0;0.4;0.0
977;2021-02-03;11;0;55;0;0.6;0.0
977;2021-02-04;12;0;67;0;0.7;0.0
977;2021-02-05;11;0;78;0;0.8;0.0
977;2021-02-06;0;0;78;0;0.8;0.0
977;2021-02-07;0;0;78;0;0.8;0.0
977;2021-02-08;0;0;78;0;0.8;0.0
977;2021-02-09;14;0;92;0;0.9;0.0
977;2021-02-10;0;0;92;0;0.9;0.0
977;2021-02-11;17;0;109;0;1.1;0.0
977;2021-02-12;45;0;154;0;1.5;0.0
977;2021-02-13;0;0;154;0;1.5;0.0
977;2021-02-14;0;0;154;0;1.5;0.0
977;2021-02-15;0;0;154;0;1.5;0.0
977;2021-02-16;0;0;154;0;1.5;0.0
977;2021-02-17;0;0;154;0;1.5;0.0
977;2021-02-18;18;0;172;0;1.7;0.0
977;2021-02-19;35;0;207;0;2.1;0.0
977;2021-02-20;0;0;207;0;2.1;0.0
977;2021-02-21;0;0;207;0;2.1;0.0
977;2021-02-22;0;0;207;0;2.1;0.0
977;2021-02-23;0;21;207;21;2.1;0.2
977;2021-02-24;0;0;207;21;2.1;0.2
977;2021-02-25;15;9;222;30;2.2;0.3
977;2021-02-26;33;18;255;48;2.6;0.5
977;2021-02-27;0;0;255;48;2.6;0.5
977;2021-02-28;0;0;255;48;2.6;0.5
977;2021-03-01;0;0;255;48;2.6;0.5
977;2021-03-02;19;11;274;59;2.8;0.6
977;2021-03-03;0;0;274;59;2.8;0.6
977;2021-03-04;16;12;290;71;2.9;0.7
977;2021-03-05;35;18;325;89;3.3;0.9
977;2021-03-06;0;0;325;89;3.3;0.9
977;2021-03-07;0;0;325;89;3.3;0.9
977;2021-03-08;0;0;325;89;3.3;0.9
977;2021-03-09;1;0;326;89;3.3;0.9
977;2021-03-10;0;0;326;89;3.3;0.9
977;2021-03-11;20;30;346;119;3.5;1.2
977;2021-03-12;62;41;408;160;4.1;1.6
977;2021-03-13;0;0;408;160;4.1;1.6
977;2021-03-14;0;0;408;160;4.1;1.6
977;2021-03-15;0;0;408;160;4.1;1.6
977;2021-03-16;30;10;438;170;4.4;1.7
977;2021-03-17;0;0;438;170;4.4;1.7
977;2021-03-18;30;16;468;186;4.7;1.9
977;2021-03-19;57;27;525;213;5.3;2.1
977;2021-03-20;0;0;525;213;5.3;2.1
977;2021-03-21;0;0;525;213;5.3;2.1
977;2021-03-22;0;0;525;213;5.3;2.1
977;2021-03-23;0;0;525;213;5.3;2.1
977;2021-03-24;0;0;525;213;5.3;2.1
977;2021-03-25;65;17;590;230;5.9;2.3
977;2021-03-26;73;26;663;256;6.7;2.6
977;2021-03-27;0;0;663;256;6.7;2.6
977;2021-03-28;0;0;663;256;6.7;2.6
977;2021-03-29;0;0;663;256;6.7;2.6
977;2021-03-30;40;18;703;274;7.1;2.8
977;2021-03-31;26;15;729;289;7.3;2.9
977;2021-04-01;25;32;754;321;7.6;3.2
977;2021-04-02;0;0;754;321;7.6;3.2
977;2021-04-03;0;0;754;321;7.6;3.2
977;2021-04-04;0;0;754;321;7.6;3.2
977;2021-04-05;9;0;763;321;7.7;3.2
977;2021-04-06;0;0;763;321;7.7;3.2
977;2021-04-07;0;0;763;321;7.7;3.2
977;2021-04-08;57;46;820;367;8.2;3.7
977;2021-04-09;58;31;878;398;8.8;4.0
977;2021-04-10;0;0;878;398;8.8;4.0
977;2021-04-11;0;0;878;398;8.8;4.0
977;2021-04-12;0;0;878;398;8.8;4.0
977;2021-04-13;0;0;878;398;8.8;4.0
977;2021-04-14;5;5;883;403;8.9;4.0
977;2021-04-15;57;70;940;473;9.4;4.7
977;2021-04-16;90;35;1030;508;10.3;5.1
977;2021-04-17;0;1;1030;509;10.3;5.1
977;2021-04-18;0;0;1030;509;10.3;5.1
977;2021-04-19;1;0;1031;509;10.4;5.1
977;2021-04-20;335;62;1366;571;13.7;5.7
977;2021-04-21;337;30;1703;601;17.1;6.0
977;2021-04-22;284;48;1987;649;19.9;6.5
977;2021-04-23;260;42;2247;691;22.6;6.9
977;2021-04-24;231;1;2478;692;24.9;6.9
977;2021-04-25;0;0;2478;692;24.9;6.9
977;2021-04-26;283;19;2761;711;27.7;7.1
977;2021-04-27;224;68;2985;779;30.0;7.8
977;2021-04-28;192;26;3177;805;31.9;8.1
977;2021-04-29;170;23;3347;828;33.6;8.3
977;2021-04-30;172;17;3519;845;35.3;8.5
977;2021-05-01;203;11;3722;856;37.4;8.6
977;2021-05-02;0;0;3722;856;37.4;8.6
977;2021-05-03;135;9;3857;865;38.7;8.7
977;2021-05-04;161;53;4018;918;40.3;9.2
977;2021-05-05;221;28;4239;946;42.6;9.5
977;2021-05-06;175;33;4414;979;44.3;9.8
977;2021-05-07;149;31;4563;1010;45.8;10.1
977;2021-05-08;1;0;4564;1010;45.8;10.1
977;2021-05-09;0;0;4564;1010;45.8;10.1
977;2021-05-10;0;0;4564;1010;45.8;10.1
977;2021-05-11;3;41;4567;1051;45.8;10.6
977;2021-05-12;6;36;4573;1087;45.9;10.9
977;2021-05-13;0;0;4573;1087;45.9;10.9
977;2021-05-14;28;98;4601;1185;46.2;11.9
977;2021-05-15;0;0;4601;1185;46.2;11.9
977;2021-05-16;1;0;4602;1185;46.2;11.9
977;2021-05-17;1;14;4603;1199;46.2;12.0
977;2021-05-18;17;32;4620;1231;46.4;12.4
977;2021-05-19;0;1;4620;1232;46.4;12.4
977;2021-05-20;0;8;4620;1240;46.4;12.4
977;2021-05-21;12;31;4632;1271;46.5;12.8
977;2021-05-22;0;0;4632;1271;46.5;12.8
977;2021-05-23;0;0;4632;1271;46.5;12.8
977;2021-05-24;0;0;4632;1271;46.5;12.8
977;2021-05-25;50;331;4682;1602;47.0;16.1
977;2021-05-26;54;360;4736;1962;47.5;19.7
977;2021-05-27;34;317;4770;2279;47.9;22.9
977;2021-05-28;27;256;4797;2535;48.2;25.4
977;2021-05-29;35;375;4832;2910;48.5;29.2
977;2021-05-30;1;0;4833;2910;48.5;29.2
977;2021-05-31;45;216;4878;3126;49.0;31.4
977;2021-06-01;48;227;4926;3353;49.5;33.7
977;2021-06-02;69;273;4995;3626;50.1;36.4
977;2021-06-03;41;252;5036;3878;50.6;38.9
977;2021-06-04;80;270;5116;4148;51.4;41.6
977;2021-06-05;1;0;5117;4148;51.4;41.6
977;2021-06-06;0;0;5117;4148;51.4;41.6
977;2021-06-07;1;1;5118;4149;51.4;41.7
977;2021-06-08;8;2;5126;4151;51.5;41.7
977;2021-06-09;0;3;5126;4154;51.5;41.7
977;2021-06-10;8;4;5134;4158;51.5;41.7
977;2021-06-11;4;8;5138;4166;51.6;41.8
977;2021-06-12;16;59;5154;4225;51.7;42.4
977;2021-06-13;0;0;5154;4225;51.7;42.4
977;2021-06-14;0;0;5154;4225;51.7;42.4
977;2021-06-15;0;1;5154;4226;51.7;42.4
977;2021-06-16;0;0;5154;4226;51.7;42.4
977;2021-06-17;2;6;5156;4232;51.8;42.5
977;2021-06-18;0;2;5156;4234;51.8;42.5
977;2021-06-19;25;49;5181;4283;52.0;43.0
977;2021-06-20;0;0;5181;4283;52.0;43.0
977;2021-06-21;1;2;5182;4285;52.0;43.0
977;2021-06-22;9;0;5191;4285;52.1;43.0
977;2021-06-23;15;9;5206;4294;52.3;43.1
977;2021-06-24;10;5;5216;4299;52.4;43.2
977;2021-06-25;0;0;5216;4299;52.4;43.2
977;2021-06-26;25;45;5241;4344;52.6;43.6
977;2021-06-27;0;0;5241;4344;52.6;43.6
977;2021-06-28;0;0;5241;4344;52.6;43.6
977;2021-06-29;0;0;5241;4344;52.6;43.6
977;2021-06-30;0;0;5241;4344;52.6;43.6
977;2021-07-01;28;36;5269;4380;52.9;44.0
977;2021-07-02;26;31;5295;4411;53.2;44.3
977;2021-07-03;29;215;5324;4626;53.4;46.4
977;2021-07-04;0;0;5324;4626;53.4;46.4
977;2021-07-05;4;8;5328;4634;53.5;46.5
977;2021-07-06;0;0;5328;4634;53.5;46.5
977;2021-07-07;8;0;5336;4634;53.6;46.5
977;2021-07-08;33;23;5369;4657;53.9;46.8
977;2021-07-09;23;32;5392;4689;54.1;47.1
977;2021-07-10;33;45;5425;4734;54.5;47.5
977;2021-07-11;0;0;5425;4734;54.5;47.5
977;2021-07-12;0;1;5425;4735;54.5;47.5
977;2021-07-13;10;10;5435;4745;54.6;47.6
977;2021-07-14;0;0;5435;4745;54.6;47.6
977;2021-07-15;1;11;5436;4756;54.6;47.7
977;2021-07-16;44;51;5480;4807;55.0;48.3
977;2021-07-17;34;39;5514;4846;55.4;48.6
977;2021-07-18;1;0;5515;4846;55.4;48.6
977;2021-07-19;3;2;5518;4848;55.4;48.7
977;2021-07-20;3;1;5521;4849;55.4;48.7
977;2021-07-21;33;16;5554;4865;55.8;48.8
977;2021-07-22;36;33;5590;4898;56.1;49.2
977;2021-07-23;32;29;5622;4927;56.4;49.5
977;2021-07-24;43;26;5665;4953;56.9;49.7
977;2021-07-25;0;0;5665;4953;56.9;49.7
977;2021-07-26;13;9;5678;4962;57.0;49.8
977;2021-07-27;0;10;5678;4972;57.0;49.9
977;2021-07-28;31;14;5709;4986;57.3;50.1
977;2021-07-29;33;32;5742;5018;57.6;50.4
977;2021-07-30;31;28;5773;5046;58.0;50.7
977;2021-07-31;53;24;5826;5070;58.5;50.9
977;2021-08-01;0;0;5826;5070;58.5;50.9
977;2021-08-02;11;1;5837;5071;58.6;50.9
977;2021-08-03;0;0;5837;5071;58.6;50.9
977;2021-08-04;41;14;5878;5085;59.0;51.0
977;2021-08-05;28;30;5906;5115;59.3;51.4
977;2021-08-06;35;35;5941;5150;59.6;51.7
977;2021-08-07;56;27;5997;5177;60.2;52.0
977;2021-08-08;0;0;5997;5177;60.2;52.0
977;2021-08-09;7;5;6004;5182;60.3;52.0
977;2021-08-10;14;9;6018;5191;60.4;52.1
977;2021-08-11;36;18;6054;5209;60.8;52.3
977;2021-08-12;24;30;6078;5239;61.0;52.6
977;2021-08-13;32;14;6110;5253;61.3;52.7
977;2021-08-14;20;27;6130;5280;61.5;53.0
977;2021-08-15;0;0;6130;5280;61.5;53.0
977;2021-08-16;14;31;6144;5311;61.7;53.3
977;2021-08-17;15;8;6159;5319;61.8;53.4
977;2021-08-18;24;28;6183;5347;62.1;53.7
977;2021-08-19;31;35;6214;5382;62.4;54.0
977;2021-08-20;27;41;6241;5423;62.7;54.4
977;2021-08-21;34;39;6275;5462;63.0;54.8
977;2021-08-22;6;0;6281;5462;63.1;54.8
977;2021-08-23;3;11;6284;5473;63.1;54.9
977;2021-08-24;8;3;6292;5476;63.2;55.0
977;2021-08-25;20;37;6312;5513;63.4;55.3
977;2021-08-26;27;38;6339;5551;63.6;55.7
978;2020-12-27;0;0;0;0;0.0;0.0
978;2020-12-28;0;0;0;0;0.0;0.0
978;2020-12-29;0;0;0;0;0.0;0.0
978;2020-12-30;0;0;0;0;0.0;0.0
978;2020-12-31;0;0;0;0;0.0;0.0
978;2021-01-01;0;0;0;0;0.0;0.0
978;2021-01-02;0;0;0;0;0.0;0.0
978;2021-01-03;0;0;0;0;0.0;0.0
978;2021-01-04;0;0;0;0;0.0;0.0
978;2021-01-05;0;0;0;0;0.0;0.0
978;2021-01-06;0;0;0;0;0.0;0.0
978;2021-01-07;0;0;0;0;0.0;0.0
978;2021-01-08;0;0;0;0;0.0;0.0
978;2021-01-09;0;0;0;0;0.0;0.0
978;2021-01-10;0;0;0;0;0.0;0.0
978;2021-01-11;0;0;0;0;0.0;0.0
978;2021-01-12;0;0;0;0;0.0;0.0
978;2021-01-13;10;0;10;0;0.0;0.0
978;2021-01-14;12;0;22;0;0.1;0.0
978;2021-01-15;9;0;31;0;0.1;0.0
978;2021-01-16;0;0;31;0;0.1;0.0
978;2021-01-17;0;0;31;0;0.1;0.0
978;2021-01-18;0;0;31;0;0.1;0.0
978;2021-01-19;12;0;43;0;0.1;0.0
978;2021-01-20;13;0;56;0;0.2;0.0
978;2021-01-21;6;0;62;0;0.2;0.0
978;2021-01-22;0;0;62;0;0.2;0.0
978;2021-01-23;0;0;62;0;0.2;0.0
978;2021-01-24;0;0;62;0;0.2;0.0
978;2021-01-25;0;0;62;0;0.2;0.0
978;2021-01-26;9;0;71;0;0.2;0.0
978;2021-01-27;10;0;81;0;0.2;0.0
978;2021-01-28;6;1;87;1;0.2;0.0
978;2021-01-29;0;0;87;1;0.2;0.0
978;2021-01-30;0;0;87;1;0.2;0.0
978;2021-01-31;0;0;87;1;0.2;0.0
978;2021-02-01;1;0;88;1;0.2;0.0
978;2021-02-02;39;0;127;1;0.4;0.0
978;2021-02-03;11;0;138;1;0.4;0.0
978;2021-02-04;31;0;169;1;0.5;0.0
978;2021-02-05;6;0;175;1;0.5;0.0
978;2021-02-06;0;0;175;1;0.5;0.0
978;2021-02-07;0;0;175;1;0.5;0.0
978;2021-02-08;0;0;175;1;0.5;0.0
978;2021-02-09;38;0;213;1;0.6;0.0
978;2021-02-10;27;1;240;2;0.7;0.0
978;2021-02-11;0;0;240;2;0.7;0.0
978;2021-02-12;36;0;276;2;0.8;0.0
978;2021-02-13;0;0;276;2;0.8;0.0
978;2021-02-14;0;0;276;2;0.8;0.0
978;2021-02-15;50;1;326;3;0.9;0.0
978;2021-02-16;0;0;326;3;0.9;0.0
978;2021-02-17;0;0;326;3;0.9;0.0
978;2021-02-18;28;0;354;3;1.0;0.0
978;2021-02-19;44;0;398;3;1.1;0.0
978;2021-02-20;0;0;398;3;1.1;0.0
978;2021-02-21;0;0;398;3;1.1;0.0
978;2021-02-22;45;4;443;7;1.3;0.0
978;2021-02-23;41;29;484;36;1.4;0.1
978;2021-02-24;35;1;519;37;1.5;0.1
978;2021-02-25;55;36;574;73;1.6;0.2
978;2021-02-26;39;5;613;78;1.7;0.2
978;2021-02-27;0;0;613;78;1.7;0.2
978;2021-02-28;0;0;613;78;1.7;0.2
978;2021-03-01;49;5;662;83;1.9;0.2
978;2021-03-02;7;27;669;110;1.9;0.3
978;2021-03-03;52;28;721;138;2.0;0.4
978;2021-03-04;31;26;752;164;2.1;0.5
978;2021-03-05;46;10;798;174;2.3;0.5
978;2021-03-06;0;0;798;174;2.3;0.5
978;2021-03-07;0;0;798;174;2.3;0.5
978;2021-03-08;32;7;830;181;2.3;0.5
978;2021-03-09;19;27;849;208;2.4;0.6
978;2021-03-10;35;28;884;236;2.5;0.7
978;2021-03-11;2;0;886;236;2.5;0.7
978;2021-03-12;52;21;938;257;2.7;0.7
978;2021-03-13;13;0;951;257;2.7;0.7
978;2021-03-14;0;0;951;257;2.7;0.7
978;2021-03-15;31;41;982;298;2.8;0.8
978;2021-03-16;73;6;1055;304;3.0;0.9
978;2021-03-17;67;13;1122;317;3.2;0.9
978;2021-03-18;82;39;1204;356;3.4;1.0
978;2021-03-19;32;50;1236;406;3.5;1.1
978;2021-03-20;0;0;1236;406;3.5;1.1
978;2021-03-21;0;0;1236;406;3.5;1.1
978;2021-03-22;35;45;1271;451;3.6;1.3
978;2021-03-23;30;43;1301;494;3.7;1.4
978;2021-03-24;38;42;1339;536;3.8;1.5
978;2021-03-25;95;34;1434;570;4.1;1.6
978;2021-03-26;45;33;1479;603;4.2;1.7
978;2021-03-27;94;3;1573;606;4.5;1.7
978;2021-03-28;0;0;1573;606;4.5;1.7
978;2021-03-29;69;48;1642;654;4.6;1.9
978;2021-03-30;98;24;1740;678;4.9;1.9
978;2021-03-31;90;49;1830;727;5.2;2.1
978;2021-04-01;57;48;1887;775;5.3;2.2
978;2021-04-02;0;0;1887;775;5.3;2.2
978;2021-04-03;1;0;1888;775;5.3;2.2
978;2021-04-04;0;0;1888;775;5.3;2.2
978;2021-04-05;2;0;1890;775;5.3;2.2
978;2021-04-06;49;63;1939;838;5.5;2.4
978;2021-04-07;93;33;2032;871;5.8;2.5
978;2021-04-08;120;7;2152;878;6.1;2.5
978;2021-04-09;90;39;2242;917;6.3;2.6
978;2021-04-10;169;12;2411;929;6.8;2.6
978;2021-04-11;0;0;2411;929;6.8;2.6
978;2021-04-12;42;75;2453;1004;6.9;2.8
978;2021-04-13;49;71;2502;1075;7.1;3.0
978;2021-04-14;82;45;2584;1120;7.3;3.2
978;2021-04-15;92;22;2676;1142;7.6;3.2
978;2021-04-16;77;42;2753;1184;7.8;3.4
978;2021-04-17;165;4;2918;1188;8.3;3.4
978;2021-04-18;0;0;2918;1188;8.3;3.4
978;2021-04-19;52;67;2970;1255;8.4;3.6
978;2021-04-20;83;27;3053;1282;8.6;3.6
978;2021-04-21;91;29;3144;1311;8.9;3.7
978;2021-04-22;101;20;3245;1331;9.2;3.8
978;2021-04-23;45;66;3290;1397;9.3;4.0
978;2021-04-24;99;78;3389;1475;9.6;4.2
978;2021-04-25;0;0;3389;1475;9.6;4.2
978;2021-04-26;29;91;3418;1566;9.7;4.4
978;2021-04-27;59;63;3477;1629;9.8;4.6
978;2021-04-28;93;39;3570;1668;10.1;4.7
978;2021-04-29;89;31;3659;1699;10.4;4.8
978;2021-04-30;104;14;3763;1713;10.6;4.8
978;2021-05-01;0;8;3763;1721;10.6;4.9
978;2021-05-02;0;0;3763;1721;10.6;4.9
978;2021-05-03;25;99;3788;1820;10.7;5.2
978;2021-05-04;159;102;3947;1922;11.2;5.4
978;2021-05-05;142;59;4089;1981;11.6;5.6
978;2021-05-06;199;49;4288;2030;12.1;5.7
978;2021-05-07;127;71;4415;2101;12.5;5.9
978;2021-05-08;69;122;4484;2223;12.7;6.3
978;2021-05-09;0;0;4484;2223;12.7;6.3
978;2021-05-10;124;99;4608;2322;13.0;6.6
978;2021-05-11;132;72;4740;2394;13.4;6.8
978;2021-05-12;156;78;4896;2472;13.9;7.0
978;2021-05-13;83;6;4979;2478;14.1;7.0
978;2021-05-14;130;62;5109;2540;14.5;7.2
978;2021-05-15;87;4;5196;2544;14.7;7.2
978;2021-05-16;0;0;5196;2544;14.7;7.2
978;2021-05-17;146;115;5342;2659;15.1;7.5
978;2021-05-18;151;94;5493;2753;15.5;7.8
978;2021-05-19;84;69;5577;2822;15.8;8.0
978;2021-05-20;104;26;5681;2848;16.1;8.1
978;2021-05-21;98;52;5779;2900;16.4;8.2
978;2021-05-22;100;11;5879;2911;16.6;8.2
978;2021-05-23;0;0;5879;2911;16.6;8.2
978;2021-05-24;33;7;5912;2918;16.7;8.3
978;2021-05-25;119;78;6031;2996;17.1;8.5
978;2021-05-26;109;49;6140;3045;17.4;8.6
978;2021-05-27;112;42;6252;3087;17.7;8.7
978;2021-05-28;33;1;6285;3088;17.8;8.7
978;2021-05-29;60;213;6345;3301;18.0;9.3
978;2021-05-30;0;0;6345;3301;18.0;9.3
978;2021-05-31;112;63;6457;3364;18.3;9.5
978;2021-06-01;116;62;6573;3426;18.6;9.7
978;2021-06-02;131;33;6704;3459;19.0;9.8
978;2021-06-03;102;38;6806;3497;19.3;9.9
978;2021-06-04;128;70;6934;3567;19.6;10.1
978;2021-06-05;83;21;7017;3588;19.9;10.2
978;2021-06-06;0;0;7017;3588;19.9;10.2
978;2021-06-07;96;96;7113;3684;20.1;10.4
978;2021-06-08;82;89;7195;3773;20.4;10.7
978;2021-06-09;99;73;7294;3846;20.6;10.9
978;2021-06-10;112;63;7406;3909;21.0;11.1
978;2021-06-11;116;106;7522;4015;21.3;11.4
978;2021-06-12;57;30;7579;4045;21.4;11.4
978;2021-06-13;0;0;7579;4045;21.4;11.4
978;2021-06-14;106;127;7685;4172;21.7;11.8
978;2021-06-15;88;120;7773;4292;22.0;12.1
978;2021-06-16;105;148;7878;4440;22.3;12.6
978;2021-06-17;85;72;7963;4512;22.5;12.8
978;2021-06-18;67;99;8030;4611;22.7;13.0
978;2021-06-19;65;79;8095;4690;22.9;13.3
978;2021-06-20;0;0;8095;4690;22.9;13.3
978;2021-06-21;78;150;8173;4840;23.1;13.7
978;2021-06-22;71;103;8244;4943;23.3;14.0
978;2021-06-23;68;115;8312;5058;23.5;14.3
978;2021-06-24;44;75;8356;5133;23.6;14.5
978;2021-06-25;63;100;8419;5233;23.8;14.8
978;2021-06-26;35;61;8454;5294;23.9;15.0
978;2021-06-27;0;0;8454;5294;23.9;15.0
978;2021-06-28;74;131;8528;5425;24.1;15.4
978;2021-06-29;62;104;8590;5529;24.3;15.6
978;2021-06-30;56;110;8646;5639;24.5;16.0
978;2021-07-01;42;87;8688;5726;24.6;16.2
978;2021-07-02;52;90;8740;5816;24.7;16.5
978;2021-07-03;40;90;8780;5906;24.8;16.7
978;2021-07-04;0;1;8780;5907;24.8;16.7
978;2021-07-05;67;93;8847;6000;25.0;17.0
978;2021-07-06;55;75;8902;6075;25.2;17.2
978;2021-07-07;55;123;8957;6198;25.3;17.5
978;2021-07-08;54;107;9011;6305;25.5;17.8
978;2021-07-09;46;92;9057;6397;25.6;18.1
978;2021-07-10;38;85;9095;6482;25.7;18.3
978;2021-07-11;0;4;9095;6486;25.7;18.4
978;2021-07-12;71;130;9166;6616;25.9;18.7
978;2021-07-13;146;162;9312;6778;26.4;19.2
978;2021-07-14;3;0;9315;6778;26.4;19.2
978;2021-07-15;162;195;9477;6973;26.8;19.7
978;2021-07-16;113;113;9590;7086;27.1;20.1
978;2021-07-17;52;100;9642;7186;27.3;20.3
978;2021-07-18;0;0;9642;7186;27.3;20.3
978;2021-07-19;99;133;9741;7319;27.6;20.7
978;2021-07-20;80;74;9821;7393;27.8;20.9
978;2021-07-21;63;50;9884;7443;28.0;21.1
978;2021-07-22;99;115;9983;7558;28.3;21.4
978;2021-07-23;67;98;10050;7656;28.4;21.7
978;2021-07-24;20;35;10070;7691;28.5;21.8
978;2021-07-25;0;0;10070;7691;28.5;21.8
978;2021-07-26;99;116;10169;7807;28.8;22.1
978;2021-07-27;69;144;10238;7951;29.0;22.5
978;2021-07-28;72;127;10310;8078;29.2;22.9
978;2021-07-29;80;99;10390;8177;29.4;23.1
978;2021-07-30;82;116;10472;8293;29.6;23.5
978;2021-07-31;49;67;10521;8360;29.8;23.7
978;2021-08-01;0;0;10521;8360;29.8;23.7
978;2021-08-02;65;95;10586;8455;30.0;23.9
978;2021-08-03;60;94;10646;8549;30.1;24.2
978;2021-08-04;63;55;10709;8604;30.3;24.4
978;2021-08-05;48;70;10757;8674;30.4;24.5
978;2021-08-06;74;128;10831;8802;30.7;24.9
978;2021-08-07;43;45;10874;8847;30.8;25.0
978;2021-08-08;0;0;10874;8847;30.8;25.0
978;2021-08-09;138;150;11012;8997;31.2;25.5
978;2021-08-10;82;93;11094;9090;31.4;25.7
978;2021-08-11;106;100;11200;9190;31.7;26.0
978;2021-08-12;99;99;11299;9289;32.0;26.3
978;2021-08-13;131;74;11430;9363;32.3;26.5
978;2021-08-14;74;99;11504;9462;32.6;26.8
978;2021-08-15;0;0;11504;9462;32.6;26.8
978;2021-08-16;45;70;11549;9532;32.7;27.0
978;2021-08-17;32;33;11581;9565;32.8;27.1
978;2021-08-18;35;55;11616;9620;32.9;27.2
978;2021-08-19;34;25;11650;9645;33.0;27.3
978;2021-08-20;46;60;11696;9705;33.1;27.5
978;2021-08-21;0;0;11696;9705;33.1;27.5
978;2021-08-22;0;0;11696;9705;33.1;27.5
978;2021-08-23;51;86;11747;9791;33.2;27.7
978;2021-08-24;31;51;11778;9842;33.3;27.9
978;2021-08-25;26;51;11804;9893;33.4;28.0
978;2021-08-26;30;24;11834;9917;33.5;28.1
