dep;jour;n_dose1;n_complet;n_cum_dose1;n_cum_complet;couv_dose1;couv_complet
01;2020-12-27;0;0;0;0;0.0;0.0
01;2020-12-28;0;0;0;0;0.0;0.0
01;2020-12-29;0;0;0;0;0.0;0.0
01;2020-12-30;0;0;0;0;0.0;0.0
01;2020-12-31;0;0;0;0;0.0;0.0
01;2021-01-01;0;0;0;0;0.0;0.0
01;2021-01-02;0;0;0;0;0.0;0.0
01;2021-01-03;0;0;0;0;0.0;0.0
01;2021-01-04;0;0;0;0;0.0;0.0
01;2021-01-05;1;0;1;0;0.0;0.0
01;2021-01-06;1;0;2;0;0.0;0.0
01;2021-01-07;67;0;69;0;0.0;0.0
01;2021-01-08;159;0;228;0;0.0;0.0
01;2021-01-09;2;1;230;1;0.0;0.0
01;2021-01-10;0;0;230;1;0.0;0.0
01;2021-01-11;147;0;377;1;0.1;0.0
01;2021-01-12;317;2;694;3;0.1;0.0
01;2021-01-13;444;1;1138;4;0.2;0.0
01;2021-01-14;527;3;1665;7;0.3;0.0
01;2021-01-15;396;3;2061;10;0.3;0.0
01;2021-01-16;202;0;2263;10;0.3;0.0
01;2021-01-17;128;0;2391;10;0.4;0.0
01;2021-01-18;378;1;2769;11;0.4;0.0
01;2021-01-19;1039;1;3808;12;0.6;0.0
01;2021-01-20;1260;2;5068;14;0.8;0.0
01;2021-01-21;1095;4;6163;18;0.9;0.0
01;2021-01-22;645;0;6808;18;1.0;0.0
01;2021-01-23;222;0;7030;18;1.1;0.0
01;2021-01-24;71;1;7101;19;1.1;0.0
01;2021-01-25;481;1;7582;20;1.2;0.0
01;2021-01-26;738;3;8320;23;1.3;0.0
01;2021-01-27;517;5;8837;28;1.3;0.0
01;2021-01-28;680;54;9517;82;1.4;0.0
01;2021-01-29;636;101;10153;183;1.5;0.0
01;2021-01-30;234;15;10387;198;1.6;0.0
01;2021-01-31;60;0;10447;198;1.6;0.0
01;2021-02-01;449;75;10896;273;1.7;0.0
01;2021-02-02;512;184;11408;457;1.7;0.1
01;2021-02-03;373;298;11781;755;1.8;0.1
01;2021-02-04;477;418;12258;1173;1.9;0.2
01;2021-02-05;436;281;12694;1454;1.9;0.2
01;2021-02-06;260;139;12954;1593;2.0;0.2
01;2021-02-07;2;113;12956;1706;2.0;0.3
01;2021-02-08;504;407;13460;2113;2.0;0.3
01;2021-02-09;771;857;14231;2970;2.2;0.5
01;2021-02-10;946;716;15177;3686;2.3;0.6
01;2021-02-11;787;769;15964;4455;2.4;0.7
01;2021-02-12;636;554;16600;5009;2.5;0.8
01;2021-02-13;159;149;16759;5158;2.6;0.8
01;2021-02-14;0;9;16759;5167;2.6;0.8
01;2021-02-15;437;445;17196;5612;2.6;0.9
01;2021-02-16;656;414;17852;6026;2.7;0.9
01;2021-02-17;519;244;18371;6270;2.8;1.0
01;2021-02-18;589;564;18960;6834;2.9;1.0
01;2021-02-19;577;245;19537;7079;3.0;1.1
01;2021-02-20;200;154;19737;7233;3.0;1.1
01;2021-02-21;0;1;19737;7234;3.0;1.1
01;2021-02-22;427;555;20164;7789;3.1;1.2
01;2021-02-23;482;522;20646;8311;3.1;1.3
01;2021-02-24;435;465;21081;8776;3.2;1.3
01;2021-02-25;817;607;21898;9383;3.3;1.4
01;2021-02-26;869;545;22767;9928;3.5;1.5
01;2021-02-27;480;113;23247;10041;3.5;1.5
01;2021-02-28;20;3;23267;10044;3.5;1.5
01;2021-03-01;625;451;23892;10495;3.6;1.6
01;2021-03-02;954;554;24846;11049;3.8;1.7
01;2021-03-03;934;662;25780;11711;3.9;1.8
01;2021-03-04;1194;632;26974;12343;4.1;1.9
01;2021-03-05;1354;491;28328;12834;4.3;2.0
01;2021-03-06;780;92;29108;12926;4.4;2.0
01;2021-03-07;43;1;29151;12927;4.4;2.0
01;2021-03-08;665;621;29816;13548;4.5;2.1
01;2021-03-09;1332;604;31148;14152;4.7;2.2
01;2021-03-10;1161;530;32309;14682;4.9;2.2
01;2021-03-11;1675;633;33984;15315;5.2;2.3
01;2021-03-12;2001;625;35985;15940;5.5;2.4
01;2021-03-13;1498;81;37483;16021;5.7;2.4
01;2021-03-14;131;57;37614;16078;5.7;2.4
01;2021-03-15;1154;396;38768;16474;5.9;2.5
01;2021-03-16;1006;555;39774;17029;6.1;2.6
01;2021-03-17;836;339;40610;17368;6.2;2.6
01;2021-03-18;1285;459;41895;17827;6.4;2.7
01;2021-03-19;1744;525;43639;18352;6.6;2.8
01;2021-03-20;1446;124;45085;18476;6.9;2.8
01;2021-03-21;97;10;45182;18486;6.9;2.8
01;2021-03-22;1575;486;46757;18972;7.1;2.9
01;2021-03-23;2194;641;48951;19613;7.5;3.0
01;2021-03-24;1609;402;50560;20015;7.7;3.0
01;2021-03-25;2906;593;53466;20608;8.1;3.1
01;2021-03-26;2867;594;56333;21202;8.6;3.2
01;2021-03-27;1308;148;57641;21350;8.8;3.2
01;2021-03-28;21;1;57662;21351;8.8;3.2
01;2021-03-29;1928;543;59590;21894;9.1;3.3
01;2021-03-30;2511;749;62101;22643;9.5;3.4
01;2021-03-31;1864;618;63965;23261;9.7;3.5
01;2021-04-01;2562;831;66527;24092;10.1;3.7
01;2021-04-02;2815;695;69342;24787;10.6;3.8
01;2021-04-03;1256;123;70598;24910;10.7;3.8
01;2021-04-04;1;0;70599;24910;10.7;3.8
01;2021-04-05;1260;56;71859;24966;10.9;3.8
01;2021-04-06;2814;785;74673;25751;11.4;3.9
01;2021-04-07;2735;698;77408;26449;11.8;4.0
01;2021-04-08;3239;986;80647;27435;12.3;4.2
01;2021-04-09;3976;1317;84623;28752;12.9;4.4
01;2021-04-10;1822;293;86445;29045;13.2;4.4
01;2021-04-11;44;22;86489;29067;13.2;4.4
01;2021-04-12;2712;1214;89201;30281;13.6;4.6
01;2021-04-13;2930;1304;92131;31585;14.0;4.8
01;2021-04-14;3115;1075;95246;32660;14.5;5.0
01;2021-04-15;3071;1464;98317;34124;15.0;5.2
01;2021-04-16;2860;1566;101177;35690;15.4;5.4
01;2021-04-17;1653;675;102830;36365;15.7;5.5
01;2021-04-18;13;0;102843;36365;15.7;5.5
01;2021-04-19;2037;1520;104880;37885;16.0;5.8
01;2021-04-20;2659;1566;107539;39451;16.4;6.0
01;2021-04-21;2684;1340;110223;40791;16.8;6.2
01;2021-04-22;2830;1522;113053;42313;17.2;6.4
01;2021-04-23;2758;1515;115811;43828;17.6;6.7
01;2021-04-24;1445;647;117256;44475;17.8;6.8
01;2021-04-25;9;0;117265;44475;17.8;6.8
01;2021-04-26;1970;1718;119235;46193;18.1;7.0
01;2021-04-27;2569;1543;121804;47736;18.5;7.3
01;2021-04-28;2499;1566;124303;49302;18.9;7.5
01;2021-04-29;2718;1766;127021;51068;19.3;7.8
01;2021-04-30;2981;2234;130002;53302;19.8;8.1
01;2021-05-01;1470;857;131472;54159;20.0;8.2
01;2021-05-02;545;73;132017;54232;20.1;8.3
01;2021-05-03;2293;2476;134310;56708;20.4;8.6
01;2021-05-04;2543;2649;136853;59357;20.8;9.0
01;2021-05-05;2526;2490;139379;61847;21.2;9.4
01;2021-05-06;2993;2513;142372;64360;21.7;9.8
01;2021-05-07;3220;2782;145592;67142;22.2;10.2
01;2021-05-08;1642;922;147234;68064;22.4;10.4
01;2021-05-09;1023;158;148257;68222;22.6;10.4
01;2021-05-10;2499;3067;150756;71289;22.9;10.9
01;2021-05-11;3578;3049;154334;74338;23.5;11.3
01;2021-05-12;3650;2988;157984;77326;24.0;11.8
01;2021-05-13;4087;1496;162071;78822;24.7;12.0
01;2021-05-14;4270;2341;166341;81163;25.3;12.4
01;2021-05-15;3156;1431;169497;82594;25.8;12.6
01;2021-05-16;1410;150;170907;82744;26.0;12.6
01;2021-05-17;3433;2464;174340;85208;26.5;13.0
01;2021-05-18;4067;1951;178407;87159;27.2;13.3
01;2021-05-19;3970;1896;182377;89055;27.8;13.6
01;2021-05-20;4525;2010;186902;91065;28.4;13.9
01;2021-05-21;4613;2196;191515;93261;29.2;14.2
01;2021-05-22;3365;949;194880;94210;29.7;14.3
01;2021-05-23;831;82;195711;94292;29.8;14.4
01;2021-05-24;2765;499;198476;94791;30.2;14.4
01;2021-05-25;3555;2422;202031;97213;30.8;14.8
01;2021-05-26;3568;2246;205599;99459;31.3;15.1
01;2021-05-27;3847;2097;209446;101556;31.9;15.5
01;2021-05-28;3662;2639;213108;104195;32.4;15.9
01;2021-05-29;3058;1298;216166;105493;32.9;16.1
01;2021-05-30;613;88;216779;105581;33.0;16.1
01;2021-05-31;2402;2514;219181;108095;33.4;16.5
01;2021-06-01;2764;2577;221945;110672;33.8;16.8
01;2021-06-02;2872;2178;224817;112850;34.2;17.2
01;2021-06-03;3359;2423;228176;115273;34.7;17.5
01;2021-06-04;4500;3347;232676;118620;35.4;18.1
01;2021-06-05;3249;1718;235925;120338;35.9;18.3
01;2021-06-06;669;78;236594;120416;36.0;18.3
01;2021-06-07;3388;2870;239982;123286;36.5;18.8
01;2021-06-08;3642;2704;243624;125990;37.1;19.2
01;2021-06-09;2934;2628;246558;128618;37.5;19.6
01;2021-06-10;2753;2038;249311;130656;37.9;19.9
01;2021-06-11;3066;3363;252377;134019;38.4;20.4
01;2021-06-12;2401;2195;254778;136214;38.8;20.7
01;2021-06-13;200;478;254978;136692;38.8;20.8
01;2021-06-14;2119;3161;257097;139853;39.1;21.3
01;2021-06-15;1998;3356;259095;143209;39.4;21.8
01;2021-06-16;2171;3282;261266;146491;39.8;22.3
01;2021-06-17;1951;3168;263217;149659;40.1;22.8
01;2021-06-18;2587;4157;265804;153816;40.5;23.4
01;2021-06-19;1725;2553;267529;156369;40.7;23.8
01;2021-06-20;158;497;267687;156866;40.7;23.9
01;2021-06-21;1793;3706;269480;160572;41.0;24.4
01;2021-06-22;1546;3998;271026;164570;41.3;25.1
01;2021-06-23;1581;3756;272607;168326;41.5;25.6
01;2021-06-24;1464;3565;274071;171891;41.7;26.2
01;2021-06-25;1883;4568;275954;176459;42.0;26.9
01;2021-06-26;1203;2945;277157;179404;42.2;27.3
01;2021-06-27;170;340;277327;179744;42.2;27.4
01;2021-06-28;1373;4022;278700;183766;42.4;28.0
01;2021-06-29;1385;3850;280085;187616;42.6;28.6
01;2021-06-30;1359;4156;281444;191772;42.8;29.2
01;2021-07-01;1370;4089;282814;195861;43.0;29.8
01;2021-07-02;1571;4990;284385;200851;43.3;30.6
01;2021-07-03;855;3378;285240;204229;43.4;31.1
01;2021-07-04;102;498;285342;204727;43.4;31.2
01;2021-07-05;1462;4087;286804;208814;43.7;31.8
01;2021-07-06;1090;4286;287894;213100;43.8;32.4
01;2021-07-07;1626;3705;289520;216805;44.1;33.0
01;2021-07-08;1446;3680;290966;220485;44.3;33.6
01;2021-07-09;1873;4365;292839;224850;44.6;34.2
01;2021-07-10;1111;3447;293950;228297;44.7;34.8
01;2021-07-11;104;419;294054;228716;44.8;34.8
01;2021-07-12;1409;3846;295463;232562;45.0;35.4
01;2021-07-13;2042;4120;297505;236682;45.3;36.0
01;2021-07-14;136;180;297641;236862;45.3;36.1
01;2021-07-15;3073;4183;300714;241045;45.8;36.7
01;2021-07-16;3730;4826;304444;245871;46.3;37.4
01;2021-07-17;2172;3033;306616;248904;46.7;37.9
01;2021-07-18;286;553;306902;249457;46.7;38.0
01;2021-07-19;2901;3849;309803;253306;47.2;38.6
01;2021-07-20;3271;3685;313074;256991;47.7;39.1
01;2021-07-21;3909;3552;316983;260543;48.3;39.7
01;2021-07-22;4164;3463;321147;264006;48.9;40.2
01;2021-07-23;3912;4194;325059;268200;49.5;40.8
01;2021-07-24;2712;2695;327771;270895;49.9;41.2
01;2021-07-25;47;57;327818;270952;49.9;41.2
01;2021-07-26;3326;3233;331144;274185;50.4;41.7
01;2021-07-27;4073;2748;335217;276933;51.0;42.2
01;2021-07-28;3960;2612;339177;279545;51.6;42.6
02;2020-12-27;0;0;0;0;0.0;0.0
02;2020-12-28;0;0;0;0;0.0;0.0
02;2020-12-29;0;0;0;0;0.0;0.0
02;2020-12-30;0;0;0;0;0.0;0.0
02;2020-12-31;0;0;0;0;0.0;0.0
02;2021-01-01;0;0;0;0;0.0;0.0
02;2021-01-02;0;0;0;0;0.0;0.0
02;2021-01-03;0;0;0;0;0.0;0.0
02;2021-01-04;0;0;0;0;0.0;0.0
02;2021-01-05;0;0;0;0;0.0;0.0
02;2021-01-06;22;0;22;0;0.0;0.0
02;2021-01-07;261;1;283;1;0.1;0.0
02;2021-01-08;489;3;772;4;0.1;0.0
02;2021-01-09;74;0;846;4;0.2;0.0
02;2021-01-10;49;0;895;4;0.2;0.0
02;2021-01-11;267;0;1162;4;0.2;0.0
02;2021-01-12;355;1;1517;5;0.3;0.0
02;2021-01-13;468;4;1985;9;0.4;0.0
02;2021-01-14;651;10;2636;19;0.5;0.0
02;2021-01-15;629;6;3265;25;0.6;0.0
02;2021-01-16;333;4;3598;29;0.7;0.0
02;2021-01-17;62;0;3660;29;0.7;0.0
02;2021-01-18;810;4;4470;33;0.8;0.0
02;2021-01-19;942;5;5412;38;1.0;0.0
02;2021-01-20;1429;5;6841;43;1.3;0.0
02;2021-01-21;2597;3;9438;46;1.8;0.0
02;2021-01-22;1419;1;10857;47;2.1;0.0
02;2021-01-23;291;1;11148;48;2.1;0.0
02;2021-01-24;67;0;11215;48;2.1;0.0
02;2021-01-25;432;10;11647;58;2.2;0.0
02;2021-01-26;704;14;12351;72;2.3;0.0
02;2021-01-27;159;2;12510;74;2.4;0.0
02;2021-01-28;69;247;12579;321;2.4;0.1
02;2021-01-29;119;421;12698;742;2.4;0.1
02;2021-01-30;4;14;12702;756;2.4;0.1
02;2021-01-31;0;10;12702;766;2.4;0.1
02;2021-02-01;11;214;12713;980;2.4;0.2
02;2021-02-02;45;331;12758;1311;2.4;0.2
02;2021-02-03;124;339;12882;1650;2.4;0.3
02;2021-02-04;225;359;13107;2009;2.5;0.4
02;2021-02-05;178;418;13285;2427;2.5;0.5
02;2021-02-06;65;175;13350;2602;2.5;0.5
02;2021-02-07;9;0;13359;2602;2.5;0.5
02;2021-02-08;305;436;13664;3038;2.6;0.6
02;2021-02-09;322;681;13986;3719;2.7;0.7
02;2021-02-10;485;1046;14471;4765;2.8;0.9
02;2021-02-11;940;1908;15411;6673;2.9;1.3
02;2021-02-12;885;1121;16296;7794;3.1;1.5
02;2021-02-13;290;129;16586;7923;3.2;1.5
02;2021-02-14;1;5;16587;7928;3.2;1.5
02;2021-02-15;344;681;16931;8609;3.2;1.6
02;2021-02-16;411;570;17342;9179;3.3;1.7
02;2021-02-17;498;636;17840;9815;3.4;1.9
02;2021-02-18;507;446;18347;10261;3.5;2.0
02;2021-02-19;443;572;18790;10833;3.6;2.1
02;2021-02-20;372;231;19162;11064;3.6;2.1
02;2021-02-21;39;17;19201;11081;3.7;2.1
02;2021-02-22;377;316;19578;11397;3.7;2.2
02;2021-02-23;432;362;20010;11759;3.8;2.2
02;2021-02-24;600;145;20610;11904;3.9;2.3
02;2021-02-25;869;136;21479;12040;4.1;2.3
02;2021-02-26;808;70;22287;12110;4.2;2.3
02;2021-02-27;443;11;22730;12121;4.3;2.3
02;2021-02-28;54;2;22784;12123;4.3;2.3
02;2021-03-01;637;24;23421;12147;4.5;2.3
02;2021-03-02;1033;101;24454;12248;4.6;2.3
02;2021-03-03;752;204;25206;12452;4.8;2.4
02;2021-03-04;1160;667;26366;13119;5.0;2.5
02;2021-03-05;1048;504;27414;13623;5.2;2.6
02;2021-03-06;2138;94;29552;13717;5.6;2.6
02;2021-03-07;1503;38;31055;13755;5.9;2.6
02;2021-03-08;570;366;31625;14121;6.0;2.7
02;2021-03-09;997;397;32622;14518;6.2;2.8
02;2021-03-10;893;464;33515;14982;6.4;2.8
02;2021-03-11;1294;387;34809;15369;6.6;2.9
02;2021-03-12;1704;407;36513;15776;6.9;3.0
02;2021-03-13;2591;221;39104;15997;7.4;3.0
02;2021-03-14;1455;36;40559;16033;7.7;3.0
02;2021-03-15;612;448;41171;16481;7.8;3.1
02;2021-03-16;863;394;42034;16875;8.0;3.2
02;2021-03-17;758;450;42792;17325;8.1;3.3
02;2021-03-18;607;620;43399;17945;8.2;3.4
02;2021-03-19;1172;298;44571;18243;8.5;3.5
02;2021-03-20;2428;148;46999;18391;8.9;3.5
02;2021-03-21;1488;70;48487;18461;9.2;3.5
02;2021-03-22;761;498;49248;18959;9.4;3.6
02;2021-03-23;1194;543;50442;19502;9.6;3.7
02;2021-03-24;1581;492;52023;19994;9.9;3.8
02;2021-03-25;1693;592;53716;20586;10.2;3.9
02;2021-03-26;2412;477;56128;21063;10.7;4.0
02;2021-03-27;2495;119;58623;21182;11.1;4.0
02;2021-03-28;637;12;59260;21194;11.3;4.0
02;2021-03-29;1037;858;60297;22052;11.5;4.2
02;2021-03-30;1554;838;61851;22890;11.8;4.4
02;2021-03-31;1299;719;63150;23609;12.0;4.5
02;2021-04-01;1290;847;64440;24456;12.2;4.6
02;2021-04-02;1180;1226;65620;25682;12.5;4.9
02;2021-04-03;2646;844;68266;26526;13.0;5.0
02;2021-04-04;727;237;68993;26763;13.1;5.1
02;2021-04-05;1508;127;70501;26890;13.4;5.1
02;2021-04-06;1541;850;72042;27740;13.7;5.3
02;2021-04-07;1862;773;73904;28513;14.0;5.4
02;2021-04-08;1919;1100;75823;29613;14.4;5.6
02;2021-04-09;2432;1079;78255;30692;14.9;5.8
02;2021-04-10;2429;1199;80684;31891;15.3;6.1
02;2021-04-11;476;415;81160;32306;15.4;6.1
02;2021-04-12;1824;626;82984;32932;15.8;6.3
02;2021-04-13;1598;919;84582;33851;16.1;6.4
02;2021-04-14;2584;953;87166;34804;16.6;6.6
02;2021-04-15;2495;762;89661;35566;17.0;6.8
02;2021-04-16;2437;1115;92098;36681;17.5;7.0
02;2021-04-17;1889;2140;93987;38821;17.9;7.4
02;2021-04-18;270;813;94257;39634;17.9;7.5
02;2021-04-19;1159;631;95416;40265;18.1;7.7
02;2021-04-20;1676;758;97092;41023;18.5;7.8
02;2021-04-21;1549;985;98641;42008;18.8;8.0
02;2021-04-22;1749;699;100390;42707;19.1;8.1
02;2021-04-23;1929;1405;102319;44112;19.5;8.4
02;2021-04-24;1713;1635;104032;45747;19.8;8.7
02;2021-04-25;462;235;104494;45982;19.9;8.7
02;2021-04-26;1340;557;105834;46539;20.1;8.8
02;2021-04-27;1627;1092;107461;47631;20.4;9.1
02;2021-04-28;1594;1432;109055;49063;20.7;9.3
02;2021-04-29;1884;1173;110939;50236;21.1;9.5
02;2021-04-30;2716;1650;113655;51886;21.6;9.9
02;2021-05-01;1990;1220;115645;53106;22.0;10.1
02;2021-05-02;1983;406;117628;53512;22.4;10.2
02;2021-05-03;2223;981;119851;54493;22.8;10.4
02;2021-05-04;1525;1317;121376;55810;23.1;10.6
02;2021-05-05;2330;1835;123706;57645;23.5;11.0
02;2021-05-06;2121;1729;125827;59374;23.9;11.3
02;2021-05-07;2357;2172;128184;61546;24.4;11.7
02;2021-05-08;2917;935;131101;62481;24.9;11.9
02;2021-05-09;1822;421;132923;62902;25.3;12.0
02;2021-05-10;2374;1477;135297;64379;25.7;12.2
02;2021-05-11;2876;1564;138173;65943;26.3;12.5
02;2021-05-12;2671;1621;140844;67564;26.8;12.8
02;2021-05-13;2989;1036;143833;68600;27.3;13.0
02;2021-05-14;3378;1205;147211;69805;28.0;13.3
02;2021-05-15;4375;1079;151586;70884;28.8;13.5
02;2021-05-16;2797;210;154383;71094;29.3;13.5
02;2021-05-17;2146;658;156529;71752;29.8;13.6
02;2021-05-18;2634;965;159163;72717;30.3;13.8
02;2021-05-19;2851;987;162014;73704;30.8;14.0
02;2021-05-20;3552;1224;165566;74928;31.5;14.2
02;2021-05-21;3816;1057;169382;75985;32.2;14.4
02;2021-05-22;5849;957;175231;76942;33.3;14.6
02;2021-05-23;2659;237;177890;77179;33.8;14.7
02;2021-05-24;3541;538;181431;77717;34.5;14.8
02;2021-05-25;2261;1153;183692;78870;34.9;15.0
02;2021-05-26;3080;1490;186772;80360;35.5;15.3
02;2021-05-27;3651;1485;190423;81845;36.2;15.6
02;2021-05-28;3513;1579;193936;83424;36.9;15.9
02;2021-05-29;4081;1575;198017;84999;37.6;16.2
02;2021-05-30;1449;185;199466;85184;37.9;16.2
02;2021-05-31;2579;1194;202045;86378;38.4;16.4
02;2021-06-01;2866;1867;204911;88245;39.0;16.8
02;2021-06-02;3160;1643;208071;89888;39.6;17.1
02;2021-06-03;2846;1831;210917;91719;40.1;17.4
02;2021-06-04;3140;2052;214057;93771;40.7;17.8
02;2021-06-05;3432;1728;217489;95499;41.3;18.2
02;2021-06-06;1733;258;219222;95757;41.7;18.2
02;2021-06-07;1613;1497;220835;97254;42.0;18.5
02;2021-06-08;2060;1844;222895;99098;42.4;18.8
02;2021-06-09;2053;1650;224948;100748;42.8;19.2
02;2021-06-10;1998;1830;226946;102578;43.1;19.5
02;2021-06-11;2197;3069;229143;105647;43.6;20.1
02;2021-06-12;2312;2590;231455;108237;44.0;20.6
02;2021-06-13;683;1387;232138;109624;44.1;20.8
02;2021-06-14;1047;2393;233185;112017;44.3;21.3
02;2021-06-15;1518;2461;234703;114478;44.6;21.8
02;2021-06-16;1532;2746;236235;117224;44.9;22.3
02;2021-06-17;1777;2853;238012;120077;45.2;22.8
02;2021-06-18;2311;3564;240323;123641;45.7;23.5
02;2021-06-19;1839;3818;242162;127459;46.0;24.2
02;2021-06-20;643;1521;242805;128980;46.2;24.5
02;2021-06-21;805;3198;243610;132178;46.3;25.1
02;2021-06-22;1148;3668;244758;135846;46.5;25.8
02;2021-06-23;1213;3589;245971;139435;46.8;26.5
02;2021-06-24;1321;3152;247292;142587;47.0;27.1
02;2021-06-25;1393;4548;248685;147135;47.3;28.0
02;2021-06-26;1344;4223;250029;151358;47.5;28.8
02;2021-06-27;599;2329;250628;153687;47.6;29.2
02;2021-06-28;876;3024;251504;156711;47.8;29.8
02;2021-06-29;908;2927;252412;159638;48.0;30.3
02;2021-06-30;1407;3156;253819;162794;48.2;30.9
02;2021-07-01;1187;3589;255006;166383;48.5;31.6
02;2021-07-02;1310;5144;256316;171527;48.7;32.6
02;2021-07-03;991;5989;257307;177516;48.9;33.7
02;2021-07-04;507;2374;257814;179890;49.0;34.2
02;2021-07-05;653;3944;258467;183834;49.1;34.9
02;2021-07-06;665;3046;259132;186880;49.3;35.5
02;2021-07-07;1313;3734;260445;190614;49.5;36.2
02;2021-07-08;1386;3879;261831;194493;49.8;37.0
02;2021-07-09;1274;4216;263105;198709;50.0;37.8
02;2021-07-10;1328;4612;264433;203321;50.3;38.7
02;2021-07-11;479;1965;264912;205286;50.4;39.0
02;2021-07-12;1405;3726;266317;209012;50.6;39.7
02;2021-07-13;2058;3659;268375;212671;51.0;40.4
02;2021-07-14;1752;1592;270127;214263;51.4;40.7
02;2021-07-15;2711;3544;272838;217807;51.9;41.4
02;2021-07-16;3140;4214;275978;222021;52.5;42.2
02;2021-07-17;3548;4206;279526;226227;53.1;43.0
02;2021-07-18;2035;1608;281561;227835;53.5;43.3
02;2021-07-19;3426;3017;284987;230852;54.2;43.9
02;2021-07-20;3487;3291;288474;234143;54.8;44.5
02;2021-07-21;3899;2929;292373;237072;55.6;45.1
02;2021-07-22;3302;2800;295675;239872;56.2;45.6
02;2021-07-23;3166;3539;298841;243411;56.8;46.3
02;2021-07-24;4433;3695;303274;247106;57.7;47.0
02;2021-07-25;2179;1075;305453;248181;58.1;47.2
02;2021-07-26;3858;2223;309311;250404;58.8;47.6
02;2021-07-27;3601;2120;312912;252524;59.5;48.0
02;2021-07-28;3240;2071;316152;254595;60.1;48.4
03;2020-12-27;0;0;0;0;0.0;0.0
03;2020-12-28;0;0;0;0;0.0;0.0
03;2020-12-29;0;0;0;0;0.0;0.0
03;2020-12-30;0;0;0;0;0.0;0.0
03;2020-12-31;0;0;0;0;0.0;0.0
03;2021-01-01;0;0;0;0;0.0;0.0
03;2021-01-02;0;0;0;0;0.0;0.0
03;2021-01-03;0;0;0;0;0.0;0.0
03;2021-01-04;0;0;0;0;0.0;0.0
03;2021-01-05;0;0;0;0;0.0;0.0
03;2021-01-06;10;0;10;0;0.0;0.0
03;2021-01-07;61;0;71;0;0.0;0.0
03;2021-01-08;146;1;217;1;0.1;0.0
03;2021-01-09;122;0;339;1;0.1;0.0
03;2021-01-10;6;0;345;1;0.1;0.0
03;2021-01-11;412;1;757;2;0.2;0.0
03;2021-01-12;631;0;1388;2;0.4;0.0
03;2021-01-13;669;2;2057;4;0.6;0.0
03;2021-01-14;860;5;2917;9;0.9;0.0
03;2021-01-15;388;2;3305;11;1.0;0.0
03;2021-01-16;278;0;3583;11;1.1;0.0
03;2021-01-17;42;0;3625;11;1.1;0.0
03;2021-01-18;879;0;4504;11;1.4;0.0
03;2021-01-19;1149;1;5653;12;1.7;0.0
03;2021-01-20;1289;2;6942;14;2.1;0.0
03;2021-01-21;1199;8;8141;22;2.5;0.0
03;2021-01-22;1117;5;9258;27;2.8;0.0
03;2021-01-23;466;0;9724;27;2.9;0.0
03;2021-01-24;0;0;9724;27;2.9;0.0
03;2021-01-25;187;0;9911;27;3.0;0.0
03;2021-01-26;678;14;10589;41;3.2;0.0
03;2021-01-27;695;10;11284;51;3.4;0.0
03;2021-01-28;1018;45;12302;96;3.7;0.0
03;2021-01-29;855;83;13157;179;4.0;0.1
03;2021-01-30;600;2;13757;181;4.2;0.1
03;2021-01-31;0;0;13757;181;4.2;0.1
03;2021-02-01;160;76;13917;257;4.2;0.1
03;2021-02-02;765;269;14682;526;4.4;0.2
03;2021-02-03;1055;490;15737;1016;4.7;0.3
03;2021-02-04;1545;632;17282;1648;5.2;0.5
03;2021-02-05;944;317;18226;1965;5.5;0.6
03;2021-02-06;151;13;18377;1978;5.5;0.6
03;2021-02-07;5;0;18382;1978;5.5;0.6
03;2021-02-08;128;56;18510;2034;5.6;0.6
03;2021-02-09;611;444;19121;2478;5.8;0.7
03;2021-02-10;483;340;19604;2818;5.9;0.9
03;2021-02-11;1025;581;20629;3399;6.2;1.0
03;2021-02-12;1074;550;21703;3949;6.6;1.2
03;2021-02-13;126;168;21829;4117;6.6;1.2
03;2021-02-14;0;1;21829;4118;6.6;1.2
03;2021-02-15;308;862;22137;4980;6.7;1.5
03;2021-02-16;547;1172;22684;6152;6.8;1.9
03;2021-02-17;453;1364;23137;7516;7.0;2.3
03;2021-02-18;367;1273;23504;8789;7.1;2.7
03;2021-02-19;496;799;24000;9588;7.2;2.9
03;2021-02-20;128;184;24128;9772;7.3;2.9
03;2021-02-21;2;1;24130;9773;7.3;2.9
03;2021-02-22;159;205;24289;9978;7.3;3.0
03;2021-02-23;721;950;25010;10928;7.5;3.3
03;2021-02-24;609;1022;25619;11950;7.7;3.6
03;2021-02-25;1090;1835;26709;13785;8.1;4.2
03;2021-02-26;819;1374;27528;15159;8.3;4.6
03;2021-02-27;96;258;27624;15417;8.3;4.7
03;2021-02-28;0;15;27624;15432;8.3;4.7
03;2021-03-01;178;240;27802;15672;8.4;4.7
03;2021-03-02;818;662;28620;16334;8.6;4.9
03;2021-03-03;893;446;29513;16780;8.9;5.1
03;2021-03-04;1528;583;31041;17363;9.4;5.2
03;2021-03-05;1120;721;32161;18084;9.7;5.5
03;2021-03-06;915;110;33076;18194;10.0;5.5
03;2021-03-07;2;0;33078;18194;10.0;5.5
03;2021-03-08;239;245;33317;18439;10.1;5.6
03;2021-03-09;1016;436;34333;18875;10.4;5.7
03;2021-03-10;941;548;35274;19423;10.6;5.9
03;2021-03-11;1676;643;36950;20066;11.2;6.1
03;2021-03-12;1301;862;38251;20928;11.5;6.3
03;2021-03-13;861;108;39112;21036;11.8;6.3
03;2021-03-14;2;9;39114;21045;11.8;6.4
03;2021-03-15;249;200;39363;21245;11.9;6.4
03;2021-03-16;650;398;40013;21643;12.1;6.5
03;2021-03-17;1300;440;41313;22083;12.5;6.7
03;2021-03-18;1720;390;43033;22473;13.0;6.8
03;2021-03-19;1726;355;44759;22828;13.5;6.9
03;2021-03-20;301;23;45060;22851;13.6;6.9
03;2021-03-21;0;0;45060;22851;13.6;6.9
03;2021-03-22;222;395;45282;23246;13.7;7.0
03;2021-03-23;1352;352;46634;23598;14.1;7.1
03;2021-03-24;1821;349;48455;23947;14.6;7.2
03;2021-03-25;2366;559;50821;24506;15.3;7.4
03;2021-03-26;2232;436;53053;24942;16.0;7.5
03;2021-03-27;817;20;53870;24962;16.3;7.5
03;2021-03-28;1;39;53871;25001;16.3;7.5
03;2021-03-29;657;176;54528;25177;16.5;7.6
03;2021-03-30;1908;444;56436;25621;17.0;7.7
03;2021-03-31;1011;987;57447;26608;17.3;8.0
03;2021-04-01;1332;1087;58779;27695;17.7;8.4
03;2021-04-02;1707;607;60486;28302;18.3;8.5
03;2021-04-03;365;95;60851;28397;18.4;8.6
03;2021-04-04;2;0;60853;28397;18.4;8.6
03;2021-04-05;17;14;60870;28411;18.4;8.6
03;2021-04-06;1072;405;61942;28816;18.7;8.7
03;2021-04-07;1562;505;63504;29321;19.2;8.8
03;2021-04-08;2120;470;65624;29791;19.8;9.0
03;2021-04-09;2057;1153;67681;30944;20.4;9.3
03;2021-04-10;1012;71;68693;31015;20.7;9.4
03;2021-04-11;477;9;69170;31024;20.9;9.4
03;2021-04-12;985;223;70155;31247;21.2;9.4
03;2021-04-13;1871;962;72026;32209;21.7;9.7
03;2021-04-14;2333;1206;74359;33415;22.4;10.1
03;2021-04-15;2620;1390;76979;34805;23.2;10.5
03;2021-04-16;2832;1163;79811;35968;24.1;10.9
03;2021-04-17;1082;433;80893;36401;24.4;11.0
03;2021-04-18;0;0;80893;36401;24.4;11.0
03;2021-04-19;1192;584;82085;36985;24.8;11.2
03;2021-04-20;1751;1268;83836;38253;25.3;11.5
03;2021-04-21;1123;1288;84959;39541;25.6;11.9
03;2021-04-22;1673;987;86632;40528;26.1;12.2
03;2021-04-23;2474;1245;89106;41773;26.9;12.6
03;2021-04-24;1301;903;90407;42676;27.3;12.9
03;2021-04-25;350;15;90757;42691;27.4;12.9
03;2021-04-26;1331;458;92088;43149;27.8;13.0
03;2021-04-27;1764;1513;93852;44662;28.3;13.5
03;2021-04-28;1929;1112;95781;45774;28.9;13.8
03;2021-04-29;2371;1236;98152;47010;29.6;14.2
03;2021-04-30;1931;798;100083;47808;30.2;14.4
03;2021-05-01;437;483;100520;48291;30.3;14.6
03;2021-05-02;1;1;100521;48292;30.3;14.6
03;2021-05-03;1909;771;102430;49063;30.9;14.8
03;2021-05-04;2840;1618;105270;50681;31.8;15.3
03;2021-05-05;2603;1313;107873;51994;32.6;15.7
03;2021-05-06;3095;2005;110968;53999;33.5;16.3
03;2021-05-07;4727;1782;115695;55781;34.9;16.8
03;2021-05-08;659;379;116354;56160;35.1;17.0
03;2021-05-09;48;512;116402;56672;35.1;17.1
03;2021-05-10;1890;1460;118292;58132;35.7;17.5
03;2021-05-11;3901;1828;122193;59960;36.9;18.1
03;2021-05-12;2970;1518;125163;61478;37.8;18.6
03;2021-05-13;4377;398;129540;61876;39.1;18.7
03;2021-05-14;3654;1689;133194;63565;40.2;19.2
03;2021-05-15;1942;488;135136;64053;40.8;19.3
03;2021-05-16;517;56;135653;64109;40.9;19.3
03;2021-05-17;1276;860;136929;64969;41.3;19.6
03;2021-05-18;3070;1495;139999;66464;42.3;20.1
03;2021-05-19;2616;960;142615;67424;43.0;20.4
03;2021-05-20;3330;1130;145945;68554;44.1;20.7
03;2021-05-21;4190;1275;150135;69829;45.3;21.1
03;2021-05-22;2012;357;152147;70186;45.9;21.2
03;2021-05-23;639;73;152786;70259;46.1;21.2
03;2021-05-24;2653;209;155439;70468;46.9;21.3
03;2021-05-25;3069;1683;158508;72151;47.8;21.8
03;2021-05-26;2338;1042;160846;73193;48.5;22.1
03;2021-05-27;2944;1121;163790;74314;49.4;22.4
03;2021-05-28;3843;2271;167633;76585;50.6;23.1
03;2021-05-29;1746;598;169379;77183;51.1;23.3
03;2021-05-30;242;23;169621;77206;51.2;23.3
03;2021-05-31;694;571;170315;77777;51.4;23.5
03;2021-06-01;2300;2343;172615;80120;52.1;24.2
03;2021-06-02;1532;1747;174147;81867;52.6;24.7
03;2021-06-03;2055;2753;176202;84620;53.2;25.5
03;2021-06-04;1698;2503;177900;87123;53.7;26.3
03;2021-06-05;1076;1141;178976;88264;54.0;26.6
03;2021-06-06;57;6;179033;88270;54.0;26.6
03;2021-06-07;782;1810;179815;90080;54.3;27.2
03;2021-06-08;1449;2549;181264;92629;54.7;28.0
03;2021-06-09;1251;1871;182515;94500;55.1;28.5
03;2021-06-10;1353;2117;183868;96617;55.5;29.2
03;2021-06-11;1458;3448;185326;100065;55.9;30.2
03;2021-06-12;829;822;186155;100887;56.2;30.5
03;2021-06-13;19;10;186174;100897;56.2;30.5
03;2021-06-14;379;2178;186553;103075;56.3;31.1
03;2021-06-15;1219;3835;187772;106910;56.7;32.3
03;2021-06-16;782;2886;188554;109796;56.9;33.1
03;2021-06-17;1080;3333;189634;113129;57.2;34.1
03;2021-06-18;1106;3979;190740;117108;57.6;35.3
03;2021-06-19;640;1617;191380;118725;57.8;35.8
03;2021-06-20;15;8;191395;118733;57.8;35.8
03;2021-06-21;421;2637;191816;121370;57.9;36.6
03;2021-06-22;952;3999;192768;125369;58.2;37.8
03;2021-06-23;675;3281;193443;128650;58.4;38.8
03;2021-06-24;970;3862;194413;132512;58.7;40.0
03;2021-06-25;980;3889;195393;136401;59.0;41.2
03;2021-06-26;492;2039;195885;138440;59.1;41.8
03;2021-06-27;51;486;195936;138926;59.1;41.9
03;2021-06-28;631;2096;196567;141022;59.3;42.6
03;2021-06-29;1016;3335;197583;144357;59.6;43.6
03;2021-06-30;827;3117;198410;147474;59.9;44.5
03;2021-07-01;964;2939;199374;150413;60.2;45.4
03;2021-07-02;891;4093;200265;154506;60.4;46.6
03;2021-07-03;470;1883;200735;156389;60.6;47.2
03;2021-07-04;19;333;200754;156722;60.6;47.3
03;2021-07-05;759;2381;201513;159103;60.8;48.0
03;2021-07-06;1095;3456;202608;162559;61.2;49.1
03;2021-07-07;797;2613;203405;165172;61.4;49.9
03;2021-07-08;1046;3038;204451;168210;61.7;50.8
03;2021-07-09;1424;3627;205875;171837;62.1;51.9
03;2021-07-10;487;1930;206362;173767;62.3;52.4
03;2021-07-11;60;493;206422;174260;62.3;52.6
03;2021-07-12;919;1152;207341;175412;62.6;52.9
03;2021-07-13;2514;3152;209855;178564;63.3;53.9
03;2021-07-14;193;22;210048;178586;63.4;53.9
03;2021-07-15;2554;2449;212602;181035;64.2;54.6
03;2021-07-16;2688;2263;215290;183298;65.0;55.3
03;2021-07-17;1023;1624;216313;184922;65.3;55.8
03;2021-07-18;31;6;216344;184928;65.3;55.8
03;2021-07-19;2377;1262;218721;186190;66.0;56.2
03;2021-07-20;3062;3031;221783;189221;66.9;57.1
03;2021-07-21;3199;1429;224982;190650;67.9;57.5
03;2021-07-22;2843;1865;227825;192515;68.8;58.1
03;2021-07-23;3176;1279;231001;193794;69.7;58.5
03;2021-07-24;586;578;231587;194372;69.9;58.7
03;2021-07-25;17;5;231604;194377;69.9;58.7
03;2021-07-26;2035;1574;233639;195951;70.5;59.1
03;2021-07-27;3299;2208;236938;198159;71.5;59.8
03;2021-07-28;2694;1097;239632;199256;72.3;60.1
04;2020-12-27;0;0;0;0;0.0;0.0
04;2020-12-28;0;0;0;0;0.0;0.0
04;2020-12-29;0;0;0;0;0.0;0.0
04;2020-12-30;0;0;0;0;0.0;0.0
04;2020-12-31;0;0;0;0;0.0;0.0
04;2021-01-01;0;0;0;0;0.0;0.0
04;2021-01-02;0;0;0;0;0.0;0.0
04;2021-01-03;0;0;0;0;0.0;0.0
04;2021-01-04;0;0;0;0;0.0;0.0
04;2021-01-05;4;0;4;0;0.0;0.0
04;2021-01-06;0;0;4;0;0.0;0.0
04;2021-01-07;61;0;65;0;0.0;0.0
04;2021-01-08;88;0;153;0;0.1;0.0
04;2021-01-09;56;0;209;0;0.1;0.0
04;2021-01-10;0;0;209;0;0.1;0.0
04;2021-01-11;76;0;285;0;0.2;0.0
04;2021-01-12;418;1;703;1;0.4;0.0
04;2021-01-13;245;1;948;2;0.6;0.0
04;2021-01-14;90;2;1038;4;0.6;0.0
04;2021-01-15;165;3;1203;7;0.7;0.0
04;2021-01-16;105;2;1308;9;0.8;0.0
04;2021-01-17;14;0;1322;9;0.8;0.0
04;2021-01-18;235;9;1557;18;0.9;0.0
04;2021-01-19;466;4;2023;22;1.2;0.0
04;2021-01-20;572;6;2595;28;1.6;0.0
04;2021-01-21;612;6;3207;34;1.9;0.0
04;2021-01-22;637;1;3844;35;2.3;0.0
04;2021-01-23;109;0;3953;35;2.4;0.0
04;2021-01-24;0;0;3953;35;2.4;0.0
04;2021-01-25;239;0;4192;35;2.5;0.0
04;2021-01-26;656;0;4848;35;2.9;0.0
04;2021-01-27;480;0;5328;35;3.2;0.0
04;2021-01-28;665;21;5993;56;3.6;0.0
04;2021-01-29;367;41;6360;97;3.8;0.1
04;2021-01-30;65;41;6425;138;3.9;0.1
04;2021-01-31;1;5;6426;143;3.9;0.1
04;2021-02-01;236;149;6662;292;4.0;0.2
04;2021-02-02;537;224;7199;516;4.4;0.3
04;2021-02-03;367;162;7566;678;4.6;0.4
04;2021-02-04;355;53;7921;731;4.8;0.4
04;2021-02-05;379;224;8300;955;5.0;0.6
04;2021-02-06;50;95;8350;1050;5.1;0.6
04;2021-02-07;2;22;8352;1072;5.1;0.6
04;2021-02-08;163;71;8515;1143;5.2;0.7
04;2021-02-09;193;144;8708;1287;5.3;0.8
04;2021-02-10;252;171;8960;1458;5.4;0.9
04;2021-02-11;364;291;9324;1749;5.6;1.1
04;2021-02-12;292;318;9616;2067;5.8;1.3
04;2021-02-13;26;94;9642;2161;5.8;1.3
04;2021-02-14;0;0;9642;2161;5.8;1.3
04;2021-02-15;31;165;9673;2326;5.9;1.4
04;2021-02-16;80;521;9753;2847;5.9;1.7
04;2021-02-17;67;433;9820;3280;5.9;2.0
04;2021-02-18;45;613;9865;3893;6.0;2.4
04;2021-02-19;51;379;9916;4272;6.0;2.6
04;2021-02-20;5;71;9921;4343;6.0;2.6
04;2021-02-21;0;0;9921;4343;6.0;2.6
04;2021-02-22;7;298;9928;4641;6.0;2.8
04;2021-02-23;19;595;9947;5236;6.0;3.2
04;2021-02-24;38;428;9985;5664;6.0;3.4
04;2021-02-25;70;378;10055;6042;6.1;3.7
04;2021-02-26;215;332;10270;6374;6.2;3.9
04;2021-02-27;179;75;10449;6449;6.3;3.9
04;2021-02-28;1;0;10450;6449;6.3;3.9
04;2021-03-01;18;74;10468;6523;6.3;3.9
04;2021-03-02;135;41;10603;6564;6.4;4.0
04;2021-03-03;375;643;10978;7207;6.6;4.4
04;2021-03-04;208;491;11186;7698;6.8;4.7
04;2021-03-05;234;359;11420;8057;6.9;4.9
04;2021-03-06;912;67;12332;8124;7.5;4.9
04;2021-03-07;498;24;12830;8148;7.8;4.9
04;2021-03-08;44;83;12874;8231;7.8;5.0
04;2021-03-09;215;257;13089;8488;7.9;5.1
04;2021-03-10;401;371;13490;8859;8.2;5.4
04;2021-03-11;495;341;13985;9200;8.5;5.6
04;2021-03-12;699;204;14684;9404;8.9;5.7
04;2021-03-13;1087;60;15771;9464;9.5;5.7
04;2021-03-14;459;3;16230;9467;9.8;5.7
04;2021-03-15;92;13;16322;9480;9.9;5.7
04;2021-03-16;74;9;16396;9489;9.9;5.7
04;2021-03-17;531;73;16927;9562;10.2;5.8
04;2021-03-18;814;22;17741;9584;10.7;5.8
04;2021-03-19;722;30;18463;9614;11.2;5.8
04;2021-03-20;158;2;18621;9616;11.3;5.8
04;2021-03-21;0;0;18621;9616;11.3;5.8
04;2021-03-22;105;12;18726;9628;11.3;5.8
04;2021-03-23;243;6;18969;9634;11.5;5.8
04;2021-03-24;1022;51;19991;9685;12.1;5.9
04;2021-03-25;1324;43;21315;9728;12.9;5.9
04;2021-03-26;1448;66;22763;9794;13.8;5.9
04;2021-03-27;264;19;23027;9813;13.9;5.9
04;2021-03-28;2;0;23029;9813;13.9;5.9
04;2021-03-29;678;11;23707;9824;14.4;5.9
04;2021-03-30;1085;144;24792;9968;15.0;6.0
04;2021-03-31;1327;100;26119;10068;15.8;6.1
04;2021-04-01;1131;122;27250;10190;16.5;6.2
04;2021-04-02;1184;107;28434;10297;17.2;6.2
04;2021-04-03;250;20;28684;10317;17.4;6.2
04;2021-04-04;1;0;28685;10317;17.4;6.2
04;2021-04-05;34;1;28719;10318;17.4;6.2
04;2021-04-06;927;143;29646;10461;17.9;6.3
04;2021-04-07;882;431;30528;10892;18.5;6.6
04;2021-04-08;924;697;31452;11589;19.0;7.0
04;2021-04-09;675;415;32127;12004;19.4;7.3
04;2021-04-10;231;192;32358;12196;19.6;7.4
04;2021-04-11;153;65;32511;12261;19.7;7.4
04;2021-04-12;594;98;33105;12359;20.0;7.5
04;2021-04-13;1190;237;34295;12596;20.8;7.6
04;2021-04-14;990;498;35285;13094;21.4;7.9
04;2021-04-15;921;664;36206;13758;21.9;8.3
04;2021-04-16;817;456;37023;14214;22.4;8.6
04;2021-04-17;211;69;37234;14283;22.5;8.6
04;2021-04-18;0;13;37234;14296;22.5;8.7
04;2021-04-19;338;290;37572;14586;22.7;8.8
04;2021-04-20;1006;443;38578;15029;23.4;9.1
04;2021-04-21;654;747;39232;15776;23.7;9.5
04;2021-04-22;760;856;39992;16632;24.2;10.1
04;2021-04-23;695;532;40687;17164;24.6;10.4
04;2021-04-24;161;65;40848;17229;24.7;10.4
04;2021-04-25;0;0;40848;17229;24.7;10.4
04;2021-04-26;171;612;41019;17841;24.8;10.8
04;2021-04-27;394;967;41413;18808;25.1;11.4
04;2021-04-28;431;1088;41844;19896;25.3;12.0
04;2021-04-29;687;1127;42531;21023;25.7;12.7
04;2021-04-30;434;849;42965;21872;26.0;13.2
04;2021-05-01;104;22;43069;21894;26.1;13.3
04;2021-05-02;8;132;43077;22026;26.1;13.3
04;2021-05-03;151;552;43228;22578;26.2;13.7
04;2021-05-04;564;838;43792;23416;26.5;14.2
04;2021-05-05;513;928;44305;24344;26.8;14.7
04;2021-05-06;1160;589;45465;24933;27.5;15.1
04;2021-05-07;657;761;46122;25694;27.9;15.6
04;2021-05-08;48;98;46170;25792;27.9;15.6
04;2021-05-09;0;0;46170;25792;27.9;15.6
04;2021-05-10;466;297;46636;26089;28.2;15.8
04;2021-05-11;1203;907;47839;26996;29.0;16.3
04;2021-05-12;1389;736;49228;27732;29.8;16.8
04;2021-05-13;378;130;49606;27862;30.0;16.9
04;2021-05-14;441;295;50047;28157;30.3;17.0
04;2021-05-15;98;163;50145;28320;30.4;17.1
04;2021-05-16;1;6;50146;28326;30.4;17.1
04;2021-05-17;154;298;50300;28624;30.4;17.3
04;2021-05-18;392;975;50692;29599;30.7;17.9
04;2021-05-19;770;688;51462;30287;31.2;18.3
04;2021-05-20;1258;553;52720;30840;31.9;18.7
04;2021-05-21;849;786;53569;31626;32.4;19.1
04;2021-05-22;105;146;53674;31772;32.5;19.2
04;2021-05-23;1;1;53675;31773;32.5;19.2
04;2021-05-24;0;36;53675;31809;32.5;19.3
04;2021-05-25;867;595;54542;32404;33.0;19.6
04;2021-05-26;1047;787;55589;33191;33.7;20.1
04;2021-05-27;1357;631;56946;33822;34.5;20.5
04;2021-05-28;1120;659;58066;34481;35.1;20.9
04;2021-05-29;88;397;58154;34878;35.2;21.1
04;2021-05-30;3;1;58157;34879;35.2;21.1
04;2021-05-31;421;418;58578;35297;35.5;21.4
04;2021-06-01;641;636;59219;35933;35.8;21.8
04;2021-06-02;867;1062;60086;36995;36.4;22.4
04;2021-06-03;1195;853;61281;37848;37.1;22.9
04;2021-06-04;977;778;62258;38626;37.7;23.4
04;2021-06-05;141;201;62399;38827;37.8;23.5
04;2021-06-06;6;13;62405;38840;37.8;23.5
04;2021-06-07;564;318;62969;39158;38.1;23.7
04;2021-06-08;843;597;63812;39755;38.6;24.1
04;2021-06-09;1149;687;64961;40442;39.3;24.5
04;2021-06-10;1146;583;66107;41025;40.0;24.8
04;2021-06-11;945;611;67052;41636;40.6;25.2
04;2021-06-12;210;148;67262;41784;40.7;25.3
04;2021-06-13;1;1;67263;41785;40.7;25.3
04;2021-06-14;478;303;67741;42088;41.0;25.5
04;2021-06-15;642;1001;68383;43089;41.4;26.1
04;2021-06-16;1019;784;69402;43873;42.0;26.6
04;2021-06-17;996;959;70398;44832;42.6;27.1
04;2021-06-18;760;886;71158;45718;43.1;27.7
04;2021-06-19;39;85;71197;45803;43.1;27.7
04;2021-06-20;7;9;71204;45812;43.1;27.7
04;2021-06-21;306;613;71510;46425;43.3;28.1
04;2021-06-22;359;1305;71869;47730;43.5;28.9
04;2021-06-23;472;1313;72341;49043;43.8;29.7
04;2021-06-24;848;816;73189;49859;44.3;30.2
04;2021-06-25;461;636;73650;50495;44.6;30.6
04;2021-06-26;56;130;73706;50625;44.6;30.6
04;2021-06-27;4;4;73710;50629;44.6;30.6
04;2021-06-28;160;341;73870;50970;44.7;30.9
04;2021-06-29;369;833;74239;51803;44.9;31.4
04;2021-06-30;539;1121;74778;52924;45.3;32.0
04;2021-07-01;574;1212;75352;54136;45.6;32.8
04;2021-07-02;555;1085;75907;55221;45.9;33.4
04;2021-07-03;65;162;75972;55383;46.0;33.5
04;2021-07-04;6;6;75978;55389;46.0;33.5
04;2021-07-05;105;295;76083;55684;46.1;33.7
04;2021-07-06;498;1382;76581;57066;46.4;34.5
04;2021-07-07;486;1344;77067;58410;46.7;35.4
04;2021-07-08;712;1345;77779;59755;47.1;36.2
04;2021-07-09;579;1063;78358;60818;47.4;36.8
04;2021-07-10;91;175;78449;60993;47.5;36.9
04;2021-07-11;0;21;78449;61014;47.5;36.9
04;2021-07-12;125;654;78574;61668;47.6;37.3
04;2021-07-13;871;1538;79445;63206;48.1;38.3
04;2021-07-14;24;43;79469;63249;48.1;38.3
04;2021-07-15;1211;1730;80680;64979;48.8;39.3
04;2021-07-16;1076;1109;81756;66088;49.5;40.0
04;2021-07-17;442;231;82198;66319;49.8;40.1
04;2021-07-18;112;18;82310;66337;49.8;40.2
04;2021-07-19;483;651;82793;66988;50.1;40.6
04;2021-07-20;1301;1455;84094;68443;50.9;41.4
04;2021-07-21;1120;1166;85214;69609;51.6;42.1
04;2021-07-22;1495;1356;86709;70965;52.5;43.0
04;2021-07-23;1151;1139;87860;72104;53.2;43.6
04;2021-07-24;679;207;88539;72311;53.6;43.8
04;2021-07-25;42;20;88581;72331;53.6;43.8
04;2021-07-26;439;638;89020;72969;53.9;44.2
04;2021-07-27;1358;1037;90378;74006;54.7;44.8
04;2021-07-28;1029;1030;91407;75036;55.3;45.4
05;2020-12-27;0;0;0;0;0.0;0.0
05;2020-12-28;1;0;1;0;0.0;0.0
05;2020-12-29;1;0;2;0;0.0;0.0
05;2020-12-30;0;0;2;0;0.0;0.0
05;2020-12-31;0;0;2;0;0.0;0.0
05;2021-01-01;2;0;4;0;0.0;0.0
05;2021-01-02;2;0;6;0;0.0;0.0
05;2021-01-03;1;0;7;0;0.0;0.0
05;2021-01-04;2;0;9;0;0.0;0.0
05;2021-01-05;0;0;9;0;0.0;0.0
05;2021-01-06;21;0;30;0;0.0;0.0
05;2021-01-07;128;0;158;0;0.1;0.0
05;2021-01-08;146;0;304;0;0.2;0.0
05;2021-01-09;11;0;315;0;0.2;0.0
05;2021-01-10;0;0;315;0;0.2;0.0
05;2021-01-11;43;0;358;0;0.3;0.0
05;2021-01-12;105;0;463;0;0.3;0.0
05;2021-01-13;140;0;603;0;0.4;0.0
05;2021-01-14;166;0;769;0;0.5;0.0
05;2021-01-15;128;1;897;1;0.6;0.0
05;2021-01-16;13;0;910;1;0.6;0.0
05;2021-01-17;0;0;910;1;0.6;0.0
05;2021-01-18;225;1;1135;2;0.8;0.0
05;2021-01-19;227;0;1362;2;1.0;0.0
05;2021-01-20;212;0;1574;2;1.1;0.0
05;2021-01-21;255;0;1829;2;1.3;0.0
05;2021-01-22;194;1;2023;3;1.4;0.0
05;2021-01-23;112;0;2135;3;1.5;0.0
05;2021-01-24;0;0;2135;3;1.5;0.0
05;2021-01-25;315;0;2450;3;1.7;0.0
05;2021-01-26;485;0;2935;3;2.1;0.0
05;2021-01-27;389;4;3324;7;2.3;0.0
05;2021-01-28;363;55;3687;62;2.6;0.0
05;2021-01-29;363;112;4050;174;2.9;0.1
05;2021-01-30;97;8;4147;182;2.9;0.1
05;2021-01-31;4;0;4151;182;2.9;0.1
05;2021-02-01;175;21;4326;203;3.1;0.1
05;2021-02-02;186;122;4512;325;3.2;0.2
05;2021-02-03;206;65;4718;390;3.3;0.3
05;2021-02-04;197;128;4915;518;3.5;0.4
05;2021-02-05;183;111;5098;629;3.6;0.4
05;2021-02-06;73;23;5171;652;3.6;0.5
05;2021-02-07;0;5;5171;657;3.6;0.5
05;2021-02-08;84;125;5255;782;3.7;0.6
05;2021-02-09;97;118;5352;900;3.8;0.6
05;2021-02-10;81;178;5433;1078;3.8;0.8
05;2021-02-11;87;138;5520;1216;3.9;0.9
05;2021-02-12;84;150;5604;1366;4.0;1.0
05;2021-02-13;75;32;5679;1398;4.0;1.0
05;2021-02-14;0;0;5679;1398;4.0;1.0
05;2021-02-15;97;191;5776;1589;4.1;1.1
05;2021-02-16;110;286;5886;1875;4.2;1.3
05;2021-02-17;136;233;6022;2108;4.2;1.5
05;2021-02-18;154;299;6176;2407;4.4;1.7
05;2021-02-19;158;322;6334;2729;4.5;1.9
05;2021-02-20;31;87;6365;2816;4.5;2.0
05;2021-02-21;0;0;6365;2816;4.5;2.0
05;2021-02-22;70;245;6435;3061;4.5;2.2
05;2021-02-23;18;239;6453;3300;4.6;2.3
05;2021-02-24;21;196;6474;3496;4.6;2.5
05;2021-02-25;56;177;6530;3673;4.6;2.6
05;2021-02-26;145;213;6675;3886;4.7;2.7
05;2021-02-27;65;171;6740;4057;4.8;2.9
05;2021-02-28;10;0;6750;4057;4.8;2.9
05;2021-03-01;90;170;6840;4227;4.8;3.0
05;2021-03-02;92;198;6932;4425;4.9;3.1
05;2021-03-03;111;230;7043;4655;5.0;3.3
05;2021-03-04;241;165;7284;4820;5.1;3.4
05;2021-03-05;577;189;7861;5009;5.5;3.5
05;2021-03-06;668;59;8529;5068;6.0;3.6
05;2021-03-07;515;16;9044;5084;6.4;3.6
05;2021-03-08;556;135;9600;5219;6.8;3.7
05;2021-03-09;517;159;10117;5378;7.1;3.8
05;2021-03-10;497;141;10614;5519;7.5;3.9
05;2021-03-11;373;135;10987;5654;7.8;4.0
05;2021-03-12;435;86;11422;5740;8.1;4.0
05;2021-03-13;794;85;12216;5825;8.6;4.1
05;2021-03-14;668;7;12884;5832;9.1;4.1
05;2021-03-15;353;125;13237;5957;9.3;4.2
05;2021-03-16;148;140;13385;6097;9.4;4.3
05;2021-03-17;262;120;13647;6217;9.6;4.4
05;2021-03-18;364;34;14011;6251;9.9;4.4
05;2021-03-19;449;59;14460;6310;10.2;4.5
05;2021-03-20;167;32;14627;6342;10.3;4.5
05;2021-03-21;0;0;14627;6342;10.3;4.5
05;2021-03-22;715;29;15342;6371;10.8;4.5
05;2021-03-23;804;10;16146;6381;11.4;4.5
05;2021-03-24;786;73;16932;6454;11.9;4.6
05;2021-03-25;899;55;17831;6509;12.6;4.6
05;2021-03-26;1022;42;18853;6551;13.3;4.6
05;2021-03-27;466;34;19319;6585;13.6;4.6
05;2021-03-28;10;0;19329;6585;13.6;4.6
05;2021-03-29;903;62;20232;6647;14.3;4.7
05;2021-03-30;1142;68;21374;6715;15.1;4.7
05;2021-03-31;823;251;22197;6966;15.7;4.9
05;2021-04-01;899;237;23096;7203;16.3;5.1
05;2021-04-02;665;375;23761;7578;16.8;5.3
05;2021-04-03;550;182;24311;7760;17.1;5.5
05;2021-04-04;350;63;24661;7823;17.4;5.5
05;2021-04-05;156;11;24817;7834;17.5;5.5
05;2021-04-06;646;267;25463;8101;18.0;5.7
05;2021-04-07;773;324;26236;8425;18.5;5.9
05;2021-04-08;734;333;26970;8758;19.0;6.2
05;2021-04-09;882;397;27852;9155;19.6;6.5
05;2021-04-10;713;385;28565;9540;20.2;6.7
05;2021-04-11;190;174;28755;9714;20.3;6.9
05;2021-04-12;732;258;29487;9972;20.8;7.0
05;2021-04-13;918;226;30405;10198;21.4;7.2
05;2021-04-14;665;326;31070;10524;21.9;7.4
05;2021-04-15;764;397;31834;10921;22.5;7.7
05;2021-04-16;730;409;32564;11330;23.0;8.0
05;2021-04-17;670;236;33234;11566;23.4;8.2
05;2021-04-18;305;23;33539;11589;23.7;8.2
05;2021-04-19;363;537;33902;12126;23.9;8.6
05;2021-04-20;480;629;34382;12755;24.3;9.0
05;2021-04-21;494;629;34876;13384;24.6;9.4
05;2021-04-22;385;546;35261;13930;24.9;9.8
05;2021-04-23;522;649;35783;14579;25.2;10.3
05;2021-04-24;346;383;36129;14962;25.5;10.6
05;2021-04-25;288;23;36417;14985;25.7;10.6
05;2021-04-26;365;706;36782;15691;25.9;11.1
05;2021-04-27;657;749;37439;16440;26.4;11.6
05;2021-04-28;468;719;37907;17159;26.7;12.1
05;2021-04-29;701;749;38608;17908;27.2;12.6
05;2021-04-30;508;751;39116;18659;27.6;13.2
05;2021-05-01;138;110;39254;18769;27.7;13.2
05;2021-05-02;266;114;39520;18883;27.9;13.3
05;2021-05-03;457;495;39977;19378;28.2;13.7
05;2021-05-04;384;502;40361;19880;28.5;14.0
05;2021-05-05;462;670;40823;20550;28.8;14.5
05;2021-05-06;647;717;41470;21267;29.3;15.0
05;2021-05-07;595;802;42065;22069;29.7;15.6
05;2021-05-08;481;174;42546;22243;30.0;15.7
05;2021-05-09;208;57;42754;22300;30.2;15.7
05;2021-05-10;498;693;43252;22993;30.5;16.2
05;2021-05-11;668;912;43920;23905;31.0;16.9
05;2021-05-12;647;732;44567;24637;31.4;17.4
05;2021-05-13;959;114;45526;24751;32.1;17.5
05;2021-05-14;826;492;46352;25243;32.7;17.8
05;2021-05-15;1042;354;47394;25597;33.4;18.1
05;2021-05-16;235;52;47629;25649;33.6;18.1
05;2021-05-17;484;431;48113;26080;33.9;18.4
05;2021-05-18;516;419;48629;26499;34.3;18.7
05;2021-05-19;724;457;49353;26956;34.8;19.0
05;2021-05-20;746;433;50099;27389;35.3;19.3
05;2021-05-21;705;511;50804;27900;35.8;19.7
05;2021-05-22;606;238;51410;28138;36.3;19.8
05;2021-05-23;277;59;51687;28197;36.5;19.9
05;2021-05-24;508;156;52195;28353;36.8;20.0
05;2021-05-25;514;482;52709;28835;37.2;20.3
05;2021-05-26;694;360;53403;29195;37.7;20.6
05;2021-05-27;799;571;54202;29766;38.2;21.0
05;2021-05-28;664;646;54866;30412;38.7;21.5
05;2021-05-29;567;546;55433;30958;39.1;21.8
05;2021-05-30;212;82;55645;31040;39.3;21.9
05;2021-05-31;575;496;56220;31536;39.7;22.2
05;2021-06-01;588;584;56808;32120;40.1;22.7
05;2021-06-02;683;702;57491;32822;40.6;23.2
05;2021-06-03;714;651;58205;33473;41.1;23.6
05;2021-06-04;1017;816;59222;34289;41.8;24.2
05;2021-06-05;807;505;60029;34794;42.3;24.5
05;2021-06-06;200;88;60229;34882;42.5;24.6
05;2021-06-07;605;835;60834;35717;42.9;25.2
05;2021-06-08;697;655;61531;36372;43.4;25.7
05;2021-06-09;648;782;62179;37154;43.9;26.2
05;2021-06-10;542;717;62721;37871;44.2;26.7
05;2021-06-11;763;721;63484;38592;44.8;27.2
05;2021-06-12;588;484;64072;39076;45.2;27.6
05;2021-06-13;112;91;64184;39167;45.3;27.6
05;2021-06-14;400;670;64584;39837;45.6;28.1
05;2021-06-15;543;912;65127;40749;45.9;28.7
05;2021-06-16;433;672;65560;41421;46.2;29.2
05;2021-06-17;359;802;65919;42223;46.5;29.8
05;2021-06-18;396;724;66315;42947;46.8;30.3
05;2021-06-19;421;572;66736;43519;47.1;30.7
05;2021-06-20;62;77;66798;43596;47.1;30.8
05;2021-06-21;319;643;67117;44239;47.3;31.2
05;2021-06-22;353;830;67470;45069;47.6;31.8
05;2021-06-23;353;761;67823;45830;47.8;32.3
05;2021-06-24;384;1020;68207;46850;48.1;33.0
05;2021-06-25;226;894;68433;47744;48.3;33.7
05;2021-06-26;291;1074;68724;48818;48.5;34.4
05;2021-06-27;128;170;68852;48988;48.6;34.6
05;2021-06-28;251;792;69103;49780;48.7;35.1
05;2021-06-29;250;785;69353;50565;48.9;35.7
05;2021-06-30;323;790;69676;51355;49.2;36.2
05;2021-07-01;379;791;70055;52146;49.4;36.8
05;2021-07-02;367;869;70422;53015;49.7;37.4
05;2021-07-03;302;739;70724;53754;49.9;37.9
05;2021-07-04;178;176;70902;53930;50.0;38.0
05;2021-07-05;263;783;71165;54713;50.2;38.6
05;2021-07-06;333;860;71498;55573;50.4;39.2
05;2021-07-07;392;782;71890;56355;50.7;39.8
05;2021-07-08;423;853;72313;57208;51.0;40.4
05;2021-07-09;417;999;72730;58207;51.3;41.1
05;2021-07-10;311;727;73041;58934;51.5;41.6
05;2021-07-11;174;117;73215;59051;51.6;41.7
05;2021-07-12;412;1013;73627;60064;51.9;42.4
05;2021-07-13;478;871;74105;60935;52.3;43.0
05;2021-07-14;834;299;74939;61234;52.9;43.2
05;2021-07-15;704;993;75643;62227;53.4;43.9
05;2021-07-16;1020;1448;76663;63675;54.1;44.9
05;2021-07-17;667;1297;77330;64972;54.6;45.8
05;2021-07-18;284;126;77614;65098;54.8;45.9
05;2021-07-19;566;794;78180;65892;55.2;46.5
05;2021-07-20;753;800;78933;66692;55.7;47.0
05;2021-07-21;878;842;79811;67534;56.3;47.6
05;2021-07-22;805;864;80616;68398;56.9;48.3
05;2021-07-23;1441;1229;82057;69627;57.9;49.1
05;2021-07-24;855;826;82912;70453;58.5;49.7
05;2021-07-25;304;157;83216;70610;58.7;49.8
05;2021-07-26;771;556;83987;71166;59.2;50.2
05;2021-07-27;1253;739;85240;71905;60.1;50.7
05;2021-07-28;1499;697;86739;72602;61.2;51.2
06;2020-12-27;3;0;3;0;0.0;0.0
06;2020-12-28;2;0;5;0;0.0;0.0
06;2020-12-29;0;0;5;0;0.0;0.0
06;2020-12-30;3;0;8;0;0.0;0.0
06;2020-12-31;20;0;28;0;0.0;0.0
06;2021-01-01;10;0;38;0;0.0;0.0
06;2021-01-02;4;0;42;0;0.0;0.0
06;2021-01-03;3;0;45;0;0.0;0.0
06;2021-01-04;138;1;183;1;0.0;0.0
06;2021-01-05;174;1;357;2;0.0;0.0
06;2021-01-06;213;0;570;2;0.1;0.0
06;2021-01-07;499;0;1069;2;0.1;0.0
06;2021-01-08;666;2;1735;4;0.2;0.0
06;2021-01-09;391;2;2126;6;0.2;0.0
06;2021-01-10;71;0;2197;6;0.2;0.0
06;2021-01-11;1130;0;3327;6;0.3;0.0
06;2021-01-12;2203;4;5530;10;0.5;0.0
06;2021-01-13;1725;6;7255;16;0.7;0.0
06;2021-01-14;2065;16;9320;32;0.9;0.0
06;2021-01-15;1847;5;11167;37;1.0;0.0
06;2021-01-16;971;3;12138;40;1.1;0.0
06;2021-01-17;232;0;12370;40;1.1;0.0
06;2021-01-18;2455;7;14825;47;1.4;0.0
06;2021-01-19;2732;7;17557;54;1.6;0.0
06;2021-01-20;3325;6;20882;60;1.9;0.0
06;2021-01-21;3006;26;23888;86;2.2;0.0
06;2021-01-22;2803;12;26691;98;2.5;0.0
06;2021-01-23;1295;3;27986;101;2.6;0.0
06;2021-01-24;29;0;28015;101;2.6;0.0
06;2021-01-25;2052;15;30067;116;2.8;0.0
06;2021-01-26;3358;37;33425;153;3.1;0.0
06;2021-01-27;2534;98;35959;251;3.3;0.0
06;2021-01-28;2788;207;38747;458;3.6;0.0
06;2021-01-29;2487;311;41234;769;3.8;0.1
06;2021-01-30;666;43;41900;812;3.9;0.1
06;2021-01-31;2;0;41902;812;3.9;0.1
06;2021-02-01;1022;480;42924;1292;4.0;0.1
06;2021-02-02;1485;428;44409;1720;4.1;0.2
06;2021-02-03;330;136;44739;1856;4.1;0.2
06;2021-02-04;708;899;45447;2755;4.2;0.3
06;2021-02-05;1008;1119;46455;3874;4.3;0.4
06;2021-02-06;148;462;46603;4336;4.3;0.4
06;2021-02-07;6;49;46609;4385;4.3;0.4
06;2021-02-08;525;1089;47134;5474;4.4;0.5
06;2021-02-09;309;740;47443;6214;4.4;0.6
06;2021-02-10;366;672;47809;6886;4.4;0.6
06;2021-02-11;464;1075;48273;7961;4.5;0.7
06;2021-02-12;648;1313;48921;9274;4.5;0.9
06;2021-02-13;204;525;49125;9799;4.6;0.9
06;2021-02-14;2;2;49127;9801;4.6;0.9
06;2021-02-15;457;1283;49584;11084;4.6;1.0
06;2021-02-16;859;2034;50443;13118;4.7;1.2
06;2021-02-17;821;2158;51264;15276;4.7;1.4
06;2021-02-18;1789;2708;53053;17984;4.9;1.7
06;2021-02-19;1751;2152;54804;20136;5.1;1.9
06;2021-02-20;275;532;55079;20668;5.1;1.9
06;2021-02-21;20;55;55099;20723;5.1;1.9
06;2021-02-22;1072;1628;56171;22351;5.2;2.1
06;2021-02-23;1743;1561;57914;23912;5.4;2.2
06;2021-02-24;2097;1300;60011;25212;5.6;2.3
06;2021-02-25;3824;1716;63835;26928;5.9;2.5
06;2021-02-26;3380;1604;67215;28532;6.2;2.6
06;2021-02-27;1414;327;68629;28859;6.4;2.7
06;2021-02-28;81;23;68710;28882;6.4;2.7
06;2021-03-01;2390;816;71100;29698;6.6;2.8
06;2021-03-02;2438;985;73538;30683;6.8;2.8
06;2021-03-03;2824;560;76362;31243;7.1;2.9
06;2021-03-04;4584;605;80946;31848;7.5;3.0
06;2021-03-05;3881;1015;84827;32863;7.9;3.0
06;2021-03-06;11845;328;96672;33191;9.0;3.1
06;2021-03-07;10140;271;106812;33462;9.9;3.1
06;2021-03-08;4120;1185;110932;34647;10.3;3.2
06;2021-03-09;4946;914;115878;35561;10.7;3.3
06;2021-03-10;4657;823;120535;36384;11.2;3.4
06;2021-03-11;6693;865;127228;37249;11.8;3.5
06;2021-03-12;6838;982;134066;38231;12.4;3.5
06;2021-03-13;11163;306;145229;38537;13.5;3.6
06;2021-03-14;490;48;145719;38585;13.5;3.6
06;2021-03-15;4805;753;150524;39338;13.9;3.6
06;2021-03-16;3721;1037;154245;40375;14.3;3.7
06;2021-03-17;6177;1870;160422;42245;14.9;3.9
06;2021-03-18;5092;1806;165514;44051;15.3;4.1
06;2021-03-19;6783;1994;172297;46045;16.0;4.3
06;2021-03-20;2354;558;174651;46603;16.2;4.3
06;2021-03-21;403;24;175054;46627;16.2;4.3
06;2021-03-22;3940;685;178994;47312;16.6;4.4
06;2021-03-23;5956;1195;184950;48507;17.1;4.5
06;2021-03-24;4193;3328;189143;51835;17.5;4.8
06;2021-03-25;5826;3225;194969;55060;18.1;5.1
06;2021-03-26;6330;1986;201299;57046;18.6;5.3
06;2021-03-27;2025;364;203324;57410;18.8;5.3
06;2021-03-28;204;3;203528;57413;18.9;5.3
06;2021-03-29;3184;2084;206712;59497;19.2;5.5
06;2021-03-30;5168;2528;211880;62025;19.6;5.7
06;2021-03-31;7987;1623;219867;63648;20.4;5.9
06;2021-04-01;7606;2431;227473;66079;21.1;6.1
06;2021-04-02;7189;2677;234662;68756;21.7;6.4
06;2021-04-03;2702;1363;237364;70119;22.0;6.5
06;2021-04-04;296;547;237660;70666;22.0;6.5
06;2021-04-05;1388;690;239048;71356;22.1;6.6
06;2021-04-06;6603;3293;245651;74649;22.8;6.9
06;2021-04-07;6196;3871;251847;78520;23.3;7.3
06;2021-04-08;5707;5627;257554;84147;23.9;7.8
06;2021-04-09;9292;5789;266846;89936;24.7;8.3
06;2021-04-10;2384;2782;269230;92718;24.9;8.6
06;2021-04-11;176;56;269406;92774;25.0;8.6
06;2021-04-12;4356;3516;273762;96290;25.4;8.9
06;2021-04-13;6279;5090;280041;101380;25.9;9.4
06;2021-04-14;5428;4469;285469;105849;26.4;9.8
06;2021-04-15;5522;4360;290991;110209;27.0;10.2
06;2021-04-16;7034;5161;298025;115370;27.6;10.7
06;2021-04-17;2766;3080;300791;118450;27.9;11.0
06;2021-04-18;259;222;301050;118672;27.9;11.0
06;2021-04-19;5448;4037;306498;122709;28.4;11.4
06;2021-04-20;5609;4833;312107;127542;28.9;11.8
06;2021-04-21;8263;4131;320370;131673;29.7;12.2
06;2021-04-22;8512;4145;328882;135818;30.5;12.6
06;2021-04-23;8674;4136;337556;139954;31.3;13.0
06;2021-04-24;2324;1476;339880;141430;31.5;13.1
06;2021-04-25;118;28;339998;141458;31.5;13.1
06;2021-04-26;4122;2289;344120;143747;31.9;13.3
06;2021-04-27;4558;3989;348678;147736;32.3;13.7
06;2021-04-28;4116;4544;352794;152280;32.7;14.1
06;2021-04-29;6037;5414;358831;157694;33.2;14.6
06;2021-04-30;6712;5135;365543;162829;33.9;15.1
06;2021-05-01;4116;791;369659;163620;34.2;15.2
06;2021-05-02;485;156;370144;163776;34.3;15.2
06;2021-05-03;6850;3495;376994;167271;34.9;15.5
06;2021-05-04;5708;5333;382702;172604;35.5;16.0
06;2021-05-05;4509;3870;387211;176474;35.9;16.3
06;2021-05-06;5188;4707;392399;181181;36.4;16.8
06;2021-05-07;5619;5645;398018;186826;36.9;17.3
06;2021-05-08;4823;1283;402841;188109;37.3;17.4
06;2021-05-09;186;307;403027;188416;37.3;17.5
06;2021-05-10;4785;5024;407812;193440;37.8;17.9
06;2021-05-11;4897;5528;412709;198968;38.2;18.4
06;2021-05-12;9017;4791;421726;203759;39.1;18.9
06;2021-05-13;9167;2055;430893;205814;39.9;19.1
06;2021-05-14;10772;3280;441665;209094;40.9;19.4
06;2021-05-15;9171;2168;450836;211262;41.8;19.6
06;2021-05-16;1492;285;452328;211547;41.9;19.6
06;2021-05-17;7465;3727;459793;215274;42.6;19.9
06;2021-05-18;9644;3142;469437;218416;43.5;20.2
06;2021-05-19;7618;2888;477055;221304;44.2;20.5
06;2021-05-20;7744;3617;484799;224921;44.9;20.8
06;2021-05-21;8733;3873;493532;228794;45.7;21.2
06;2021-05-22;3012;1318;496544;230112;46.0;21.3
06;2021-05-23;126;628;496670;230740;46.0;21.4
06;2021-05-24;3164;990;499834;231730;46.3;21.5
06;2021-05-25;4752;4929;504586;236659;46.7;21.9
06;2021-05-26;5601;6571;510187;243230;47.3;22.5
06;2021-05-27;5516;6251;515703;249481;47.8;23.1
06;2021-05-28;4905;7252;520608;256733;48.2;23.8
06;2021-05-29;1623;2933;522231;259666;48.4;24.1
06;2021-05-30;255;1124;522486;260790;48.4;24.2
06;2021-05-31;4375;5081;526861;265871;48.8;24.6
06;2021-06-01;5640;7367;532501;273238;49.3;25.3
06;2021-06-02;3238;8520;535739;281758;49.6;26.1
06;2021-06-03;4435;8290;540174;290048;50.0;26.9
06;2021-06-04;5421;7712;545595;297760;50.5;27.6
06;2021-06-05;2429;3339;548024;301099;50.8;27.9
06;2021-06-06;175;235;548199;301334;50.8;27.9
06;2021-06-07;4113;5582;552312;306916;51.2;28.4
06;2021-06-08;4423;5160;556735;312076;51.6;28.9
06;2021-06-09;4034;7330;560769;319406;52.0;29.6
06;2021-06-10;4627;6835;565396;326241;52.4;30.2
06;2021-06-11;3797;8345;569193;334586;52.7;31.0
06;2021-06-12;1722;3742;570915;338328;52.9;31.3
06;2021-06-13;143;436;571058;338764;52.9;31.4
06;2021-06-14;2659;8578;573717;347342;53.2;32.2
06;2021-06-15;3167;9462;576884;356804;53.4;33.1
06;2021-06-16;3437;6976;580321;363780;53.8;33.7
06;2021-06-17;3557;7146;583878;370926;54.1;34.4
06;2021-06-18;2492;5919;586370;376845;54.3;34.9
06;2021-06-19;1222;1659;587592;378504;54.4;35.1
06;2021-06-20;205;345;587797;378849;54.5;35.1
06;2021-06-21;1571;6279;589368;385128;54.6;35.7
06;2021-06-22;2218;7353;591586;392481;54.8;36.4
06;2021-06-23;2006;6536;593592;399017;55.0;37.0
06;2021-06-24;3362;8940;596954;407957;55.3;37.8
06;2021-06-25;2205;9594;599159;417551;55.5;38.7
06;2021-06-26;870;2279;600029;419830;55.6;38.9
06;2021-06-27;373;1185;600402;421015;55.6;39.0
06;2021-06-28;2409;8112;602811;429127;55.8;39.8
06;2021-06-29;2299;7702;605110;436829;56.1;40.5
06;2021-06-30;1310;7680;606420;444509;56.2;41.2
06;2021-07-01;2990;7444;609410;451953;56.5;41.9
06;2021-07-02;3860;8193;613270;460146;56.8;42.6
06;2021-07-03;1172;4309;614442;464455;56.9;43.0
06;2021-07-04;300;298;614742;464753;57.0;43.1
06;2021-07-05;3505;5097;618247;469850;57.3;43.5
06;2021-07-06;1886;5823;620133;475673;57.5;44.1
06;2021-07-07;3324;5935;623457;481608;57.8;44.6
06;2021-07-08;3304;6278;626761;487886;58.1;45.2
06;2021-07-09;3673;6194;630434;494080;58.4;45.8
06;2021-07-10;1640;2322;632074;496402;58.6;46.0
06;2021-07-11;313;320;632387;496722;58.6;46.0
06;2021-07-12;3658;7106;636045;503828;58.9;46.7
06;2021-07-13;5569;8928;641614;512756;59.4;47.5
06;2021-07-14;941;420;642555;513176;59.5;47.5
06;2021-07-15;6174;7949;648729;521125;60.1;48.3
06;2021-07-16;7215;8942;655944;530067;60.8;49.1
06;2021-07-17;3058;5429;659002;535496;61.1;49.6
06;2021-07-18;1045;5325;660047;540821;61.1;50.1
06;2021-07-19;5599;7967;665646;548788;61.7;50.8
06;2021-07-20;7080;10159;672726;558947;62.3;51.8
06;2021-07-21;7540;8613;680266;567560;63.0;52.6
06;2021-07-22;9775;7708;690041;575268;63.9;53.3
06;2021-07-23;8692;6751;698733;582019;64.7;53.9
06;2021-07-24;3180;3187;701913;585206;65.0;54.2
06;2021-07-25;967;461;702880;585667;65.1;54.3
06;2021-07-26;6922;6758;709802;592425;65.8;54.9
06;2021-07-27;8095;5388;717897;597813;66.5;55.4
06;2021-07-28;5635;5247;723532;603060;67.0;55.9
07;2020-12-27;0;0;0;0;0.0;0.0
07;2020-12-28;0;0;0;0;0.0;0.0
07;2020-12-29;0;0;0;0;0.0;0.0
07;2020-12-30;0;0;0;0;0.0;0.0
07;2020-12-31;0;0;0;0;0.0;0.0
07;2021-01-01;7;0;7;0;0.0;0.0
07;2021-01-02;0;0;7;0;0.0;0.0
07;2021-01-03;0;0;7;0;0.0;0.0
07;2021-01-04;0;0;7;0;0.0;0.0
07;2021-01-05;0;0;7;0;0.0;0.0
07;2021-01-06;31;0;38;0;0.0;0.0
07;2021-01-07;129;1;167;1;0.1;0.0
07;2021-01-08;45;1;212;2;0.1;0.0
07;2021-01-09;17;0;229;2;0.1;0.0
07;2021-01-10;0;0;229;2;0.1;0.0
07;2021-01-11;157;1;386;3;0.1;0.0
07;2021-01-12;308;0;694;3;0.2;0.0
07;2021-01-13;304;1;998;4;0.3;0.0
07;2021-01-14;478;0;1476;4;0.5;0.0
07;2021-01-15;187;0;1663;4;0.5;0.0
07;2021-01-16;17;0;1680;4;0.5;0.0
07;2021-01-17;2;0;1682;4;0.5;0.0
07;2021-01-18;363;1;2045;5;0.6;0.0
07;2021-01-19;829;1;2874;6;0.9;0.0
07;2021-01-20;596;1;3470;7;1.1;0.0
07;2021-01-21;451;1;3921;8;1.2;0.0
07;2021-01-22;291;0;4212;8;1.3;0.0
07;2021-01-23;107;0;4319;8;1.3;0.0
07;2021-01-24;0;0;4319;8;1.3;0.0
07;2021-01-25;164;0;4483;8;1.4;0.0
07;2021-01-26;489;1;4972;9;1.5;0.0
07;2021-01-27;552;7;5524;16;1.7;0.0
07;2021-01-28;1201;100;6725;116;2.1;0.0
07;2021-01-29;704;17;7429;133;2.3;0.0
07;2021-01-30;213;4;7642;137;2.3;0.0
07;2021-01-31;7;0;7649;137;2.3;0.0
07;2021-02-01;267;32;7916;169;2.4;0.1
07;2021-02-02;645;241;8561;410;2.6;0.1
07;2021-02-03;1044;222;9605;632;2.9;0.2
07;2021-02-04;719;261;10324;893;3.2;0.3
07;2021-02-05;482;254;10806;1147;3.3;0.4
07;2021-02-06;96;2;10902;1149;3.3;0.4
07;2021-02-07;12;1;10914;1150;3.3;0.4
07;2021-02-08;239;179;11153;1329;3.4;0.4
07;2021-02-09;485;326;11638;1655;3.6;0.5
07;2021-02-10;537;397;12175;2052;3.7;0.6
07;2021-02-11;400;285;12575;2337;3.8;0.7
07;2021-02-12;266;160;12841;2497;3.9;0.8
07;2021-02-13;68;20;12909;2517;3.9;0.8
07;2021-02-14;0;0;12909;2517;3.9;0.8
07;2021-02-15;270;131;13179;2648;4.0;0.8
07;2021-02-16;345;365;13524;3013;4.1;0.9
07;2021-02-17;466;334;13990;3347;4.3;1.0
07;2021-02-18;561;766;14551;4113;4.5;1.3
07;2021-02-19;455;505;15006;4618;4.6;1.4
07;2021-02-20;108;68;15114;4686;4.6;1.4
07;2021-02-21;15;0;15129;4686;4.6;1.4
07;2021-02-22;423;216;15552;4902;4.8;1.5
07;2021-02-23;644;617;16196;5519;5.0;1.7
07;2021-02-24;927;701;17123;6220;5.2;1.9
07;2021-02-25;709;531;17832;6751;5.5;2.1
07;2021-02-26;843;292;18675;7043;5.7;2.2
07;2021-02-27;190;142;18865;7185;5.8;2.2
07;2021-02-28;1;0;18866;7185;5.8;2.2
07;2021-03-01;433;216;19299;7401;5.9;2.3
07;2021-03-02;654;565;19953;7966;6.1;2.4
07;2021-03-03;689;534;20642;8500;6.3;2.6
07;2021-03-04;1098;356;21740;8856;6.7;2.7
07;2021-03-05;1083;368;22823;9224;7.0;2.8
07;2021-03-06;1124;91;23947;9315;7.3;2.8
07;2021-03-07;717;20;24664;9335;7.5;2.9
07;2021-03-08;349;314;25013;9649;7.7;3.0
07;2021-03-09;1087;429;26100;10078;8.0;3.1
07;2021-03-10;857;512;26957;10590;8.2;3.2
07;2021-03-11;1368;456;28325;11046;8.7;3.4
07;2021-03-12;1613;555;29938;11601;9.2;3.5
07;2021-03-13;679;99;30617;11700;9.4;3.6
07;2021-03-14;4;0;30621;11700;9.4;3.6
07;2021-03-15;527;293;31148;11993;9.5;3.7
07;2021-03-16;1202;479;32350;12472;9.9;3.8
07;2021-03-17;1186;778;33536;13250;10.3;4.1
07;2021-03-18;1218;410;34754;13660;10.6;4.2
07;2021-03-19;1265;419;36019;14079;11.0;4.3
07;2021-03-20;467;106;36486;14185;11.2;4.3
07;2021-03-21;3;2;36489;14187;11.2;4.3
07;2021-03-22;789;532;37278;14719;11.4;4.5
07;2021-03-23;1513;714;38791;15433;11.9;4.7
07;2021-03-24;1259;661;40050;16094;12.3;4.9
07;2021-03-25;1847;505;41897;16599;12.8;5.1
07;2021-03-26;1834;427;43731;17026;13.4;5.2
07;2021-03-27;383;96;44114;17122;13.5;5.2
07;2021-03-28;6;1;44120;17123;13.5;5.2
07;2021-03-29;784;353;44904;17476;13.7;5.3
07;2021-03-30;1524;507;46428;17983;14.2;5.5
07;2021-03-31;1653;496;48081;18479;14.7;5.7
07;2021-04-01;1572;655;49653;19134;15.2;5.9
07;2021-04-02;1520;424;51173;19558;15.7;6.0
07;2021-04-03;228;105;51401;19663;15.7;6.0
07;2021-04-04;1;1;51402;19664;15.7;6.0
07;2021-04-05;0;66;51402;19730;15.7;6.0
07;2021-04-06;1161;754;52563;20484;16.1;6.3
07;2021-04-07;1317;886;53880;21370;16.5;6.5
07;2021-04-08;1971;1165;55851;22535;17.1;6.9
07;2021-04-09;2421;563;58272;23098;17.8;7.1
07;2021-04-10;808;157;59080;23255;18.1;7.1
07;2021-04-11;339;13;59419;23268;18.2;7.1
07;2021-04-12;1276;580;60695;23848;18.6;7.3
07;2021-04-13;1765;1328;62460;25176;19.1;7.7
07;2021-04-14;1666;977;64126;26153;19.6;8.0
07;2021-04-15;1443;840;65569;26993;20.1;8.3
07;2021-04-16;1506;895;67075;27888;20.5;8.5
07;2021-04-17;868;212;67943;28100;20.8;8.6
07;2021-04-18;700;35;68643;28135;21.0;8.6
07;2021-04-19;1160;567;69803;28702;21.4;8.8
07;2021-04-20;1440;1314;71243;30016;21.8;9.2
07;2021-04-21;1712;911;72955;30927;22.3;9.5
07;2021-04-22;1815;957;74770;31884;22.9;9.8
07;2021-04-23;1409;969;76179;32853;23.3;10.1
07;2021-04-24;958;245;77137;33098;23.6;10.1
07;2021-04-25;715;66;77852;33164;23.8;10.1
07;2021-04-26;1138;681;78990;33845;24.2;10.4
07;2021-04-27;1393;1564;80383;35409;24.6;10.8
07;2021-04-28;1632;1748;82015;37157;25.1;11.4
07;2021-04-29;1938;1531;83953;38688;25.7;11.8
07;2021-04-30;1660;1478;85613;40166;26.2;12.3
07;2021-05-01;960;113;86573;40279;26.5;12.3
07;2021-05-02;845;152;87418;40431;26.7;12.4
07;2021-05-03;1282;431;88700;40862;27.1;12.5
07;2021-05-04;2169;1558;90869;42420;27.8;13.0
07;2021-05-05;1743;1385;92612;43805;28.3;13.4
07;2021-05-06;2103;1585;94715;45390;29.0;13.9
07;2021-05-07;1592;1554;96307;46944;29.5;14.4
07;2021-05-08;1224;406;97531;47350;29.8;14.5
07;2021-05-09;1030;325;98561;47675;30.2;14.6
07;2021-05-10;1402;1174;99963;48849;30.6;14.9
07;2021-05-11;2471;1699;102434;50548;31.3;15.5
07;2021-05-12;2161;1275;104595;51823;32.0;15.9
07;2021-05-13;1711;269;106306;52092;32.5;15.9
07;2021-05-14;1733;998;108039;53090;33.1;16.2
07;2021-05-15;1626;495;109665;53585;33.5;16.4
07;2021-05-16;1442;207;111107;53792;34.0;16.5
07;2021-05-17;1771;857;112878;54649;34.5;16.7
07;2021-05-18;2292;1301;115170;55950;35.2;17.1
07;2021-05-19;2376;994;117546;56944;36.0;17.4
07;2021-05-20;2161;1311;119707;58255;36.6;17.8
07;2021-05-21;1758;1318;121465;59573;37.2;18.2
07;2021-05-22;937;544;122402;60117;37.4;18.4
07;2021-05-23;858;156;123260;60273;37.7;18.4
07;2021-05-24;1650;341;124910;60614;38.2;18.5
07;2021-05-25;2187;1478;127097;62092;38.9;19.0
07;2021-05-26;1527;1383;128624;63475;39.3;19.4
07;2021-05-27;2020;1403;130644;64878;40.0;19.8
07;2021-05-28;1768;2083;132412;66961;40.5;20.5
07;2021-05-29;943;683;133355;67644;40.8;20.7
07;2021-05-30;623;570;133978;68214;41.0;20.9
07;2021-05-31;1132;1286;135110;69500;41.3;21.3
07;2021-06-01;2153;2005;137263;71505;42.0;21.9
07;2021-06-02;1529;1652;138792;73157;42.5;22.4
07;2021-06-03;1711;1259;140503;74416;43.0;22.8
07;2021-06-04;1675;1595;142178;76011;43.5;23.3
07;2021-06-05;989;956;143167;76967;43.8;23.5
07;2021-06-06;597;623;143764;77590;44.0;23.7
07;2021-06-07;958;1196;144722;78786;44.3;24.1
07;2021-06-08;1547;1770;146269;80556;44.7;24.6
07;2021-06-09;1027;1422;147296;81978;45.1;25.1
07;2021-06-10;789;1391;148085;83369;45.3;25.5
07;2021-06-11;1153;2036;149238;85405;45.7;26.1
07;2021-06-12;643;1218;149881;86623;45.9;26.5
07;2021-06-13;393;444;150274;87067;46.0;26.6
07;2021-06-14;566;1964;150840;89031;46.1;27.2
07;2021-06-15;933;2553;151773;91584;46.4;28.0
07;2021-06-16;1019;1852;152792;93436;46.7;28.6
07;2021-06-17;884;1951;153676;95387;47.0;29.2
07;2021-06-18;870;2285;154546;97672;47.3;29.9
07;2021-06-19;605;1457;155151;99129;47.5;30.3
07;2021-06-20;369;729;155520;99858;47.6;30.5
07;2021-06-21;512;2145;156032;102003;47.7;31.2
07;2021-06-22;654;2664;156686;104667;47.9;32.0
07;2021-06-23;676;1961;157362;106628;48.1;32.6
07;2021-06-24;646;1855;158008;108483;48.3;33.2
07;2021-06-25;699;2177;158707;110660;48.6;33.9
07;2021-06-26;354;1429;159061;112089;48.7;34.3
07;2021-06-27;281;1072;159342;113161;48.7;34.6
07;2021-06-28;503;2244;159845;115405;48.9;35.3
07;2021-06-29;540;2992;160385;118397;49.1;36.2
07;2021-06-30;818;2290;161203;120687;49.3;36.9
07;2021-07-01;769;1978;161972;122665;49.6;37.5
07;2021-07-02;878;2304;162850;124969;49.8;38.2
07;2021-07-03;418;1140;163268;126109;49.9;38.6
07;2021-07-04;209;854;163477;126963;50.0;38.8
07;2021-07-05;666;1686;164143;128649;50.2;39.4
07;2021-07-06;876;2637;165019;131286;50.5;40.2
07;2021-07-07;955;1950;165974;133236;50.8;40.8
07;2021-07-08;923;1970;166897;135206;51.1;41.4
07;2021-07-09;992;2262;167889;137468;51.4;42.1
07;2021-07-10;594;1104;168483;138572;51.5;42.4
07;2021-07-11;238;615;168721;139187;51.6;42.6
07;2021-07-12;801;1768;169522;140955;51.9;43.1
07;2021-07-13;1746;3171;171268;144126;52.4;44.1
07;2021-07-14;166;132;171434;144258;52.4;44.1
07;2021-07-15;1936;2450;173370;146708;53.0;44.9
07;2021-07-16;2049;1974;175419;148682;53.7;45.5
07;2021-07-17;1479;1241;176898;149923;54.1;45.9
07;2021-07-18;770;483;177668;150406;54.4;46.0
07;2021-07-19;1513;1706;179181;152112;54.8;46.5
07;2021-07-20;2454;2660;181635;154772;55.6;47.3
07;2021-07-21;1847;1900;183482;156672;56.1;47.9
07;2021-07-22;1906;1360;185388;158032;56.7;48.3
07;2021-07-23;2250;1680;187638;159712;57.4;48.9
07;2021-07-24;1631;1091;189269;160803;57.9;49.2
07;2021-07-25;32;21;189301;160824;57.9;49.2
07;2021-07-26;2184;1529;191485;162353;58.6;49.7
07;2021-07-27;2844;1867;194329;164220;59.5;50.2
07;2021-07-28;1616;1289;195945;165509;59.9;50.6
08;2020-12-27;0;0;0;0;0.0;0.0
08;2020-12-28;0;0;0;0;0.0;0.0
08;2020-12-29;0;0;0;0;0.0;0.0
08;2020-12-30;0;0;0;0;0.0;0.0
08;2020-12-31;0;0;0;0;0.0;0.0
08;2021-01-01;0;0;0;0;0.0;0.0
08;2021-01-02;0;0;0;0;0.0;0.0
08;2021-01-03;1;0;1;0;0.0;0.0
08;2021-01-04;22;0;23;0;0.0;0.0
08;2021-01-05;1;0;24;0;0.0;0.0
08;2021-01-06;0;0;24;0;0.0;0.0
08;2021-01-07;188;0;212;0;0.1;0.0
08;2021-01-08;314;0;526;0;0.2;0.0
08;2021-01-09;113;0;639;0;0.2;0.0
08;2021-01-10;1;0;640;0;0.2;0.0
08;2021-01-11;67;0;707;0;0.3;0.0
08;2021-01-12;156;0;863;0;0.3;0.0
08;2021-01-13;477;1;1340;1;0.5;0.0
08;2021-01-14;533;9;1873;10;0.7;0.0
08;2021-01-15;287;2;2160;12;0.8;0.0
08;2021-01-16;106;0;2266;12;0.9;0.0
08;2021-01-17;1;0;2267;12;0.9;0.0
08;2021-01-18;365;2;2632;14;1.0;0.0
08;2021-01-19;868;1;3500;15;1.3;0.0
08;2021-01-20;910;2;4410;17;1.7;0.0
08;2021-01-21;741;1;5151;18;1.9;0.0
08;2021-01-22;678;0;5829;18;2.2;0.0
08;2021-01-23;237;0;6066;18;2.3;0.0
08;2021-01-24;0;0;6066;18;2.3;0.0
08;2021-01-25;205;0;6271;18;2.4;0.0
08;2021-01-26;302;2;6573;20;2.5;0.0
08;2021-01-27;411;0;6984;20;2.6;0.0
08;2021-01-28;565;185;7549;205;2.8;0.1
08;2021-01-29;587;183;8136;388;3.1;0.1
08;2021-01-30;222;63;8358;451;3.1;0.2
08;2021-01-31;0;0;8358;451;3.1;0.2
08;2021-02-01;80;46;8438;497;3.2;0.2
08;2021-02-02;190;174;8628;671;3.2;0.3
08;2021-02-03;140;170;8768;841;3.3;0.3
08;2021-02-04;309;287;9077;1128;3.4;0.4
08;2021-02-05;499;359;9576;1487;3.6;0.6
08;2021-02-06;148;75;9724;1562;3.7;0.6
08;2021-02-07;8;0;9732;1562;3.7;0.6
08;2021-02-08;40;174;9772;1736;3.7;0.7
08;2021-02-09;215;648;9987;2384;3.8;0.9
08;2021-02-10;333;640;10320;3024;3.9;1.1
08;2021-02-11;463;364;10783;3388;4.1;1.3
08;2021-02-12;674;386;11457;3774;4.3;1.4
08;2021-02-13;140;118;11597;3892;4.4;1.5
08;2021-02-14;3;60;11600;3952;4.4;1.5
08;2021-02-15;228;210;11828;4162;4.5;1.6
08;2021-02-16;131;376;11959;4538;4.5;1.7
08;2021-02-17;112;418;12071;4956;4.5;1.9
08;2021-02-18;215;521;12286;5477;4.6;2.1
08;2021-02-19;304;425;12590;5902;4.7;2.2
08;2021-02-20;7;209;12597;6111;4.7;2.3
08;2021-02-21;0;0;12597;6111;4.7;2.3
08;2021-02-22;132;180;12729;6291;4.8;2.4
08;2021-02-23;150;321;12879;6612;4.9;2.5
08;2021-02-24;164;388;13043;7000;4.9;2.6
08;2021-02-25;499;526;13542;7526;5.1;2.8
08;2021-02-26;603;628;14145;8154;5.3;3.1
08;2021-02-27;317;193;14462;8347;5.4;3.1
08;2021-02-28;19;1;14481;8348;5.5;3.1
08;2021-03-01;197;105;14678;8453;5.5;3.2
08;2021-03-02;653;278;15331;8731;5.8;3.3
08;2021-03-03;895;200;16226;8931;6.1;3.4
08;2021-03-04;733;327;16959;9258;6.4;3.5
08;2021-03-05;1022;539;17981;9797;6.8;3.7
08;2021-03-06;691;136;18672;9933;7.0;3.7
08;2021-03-07;75;1;18747;9934;7.1;3.7
08;2021-03-08;217;114;18964;10048;7.1;3.8
08;2021-03-09;686;136;19650;10184;7.4;3.8
08;2021-03-10;1037;113;20687;10297;7.8;3.9
08;2021-03-11;980;245;21667;10542;8.2;4.0
08;2021-03-12;1630;505;23297;11047;8.8;4.2
08;2021-03-13;792;120;24089;11167;9.1;4.2
08;2021-03-14;22;0;24111;11167;9.1;4.2
08;2021-03-15;291;72;24402;11239;9.2;4.2
08;2021-03-16;563;35;24965;11274;9.4;4.2
08;2021-03-17;802;57;25767;11331;9.7;4.3
08;2021-03-18;813;154;26580;11485;10.0;4.3
08;2021-03-19;1133;280;27713;11765;10.4;4.4
08;2021-03-20;506;15;28219;11780;10.6;4.4
08;2021-03-21;13;0;28232;11780;10.6;4.4
08;2021-03-22;364;42;28596;11822;10.8;4.5
08;2021-03-23;733;61;29329;11883;11.0;4.5
08;2021-03-24;1327;64;30656;11947;11.5;4.5
08;2021-03-25;1903;87;32559;12034;12.3;4.5
08;2021-03-26;2563;166;35122;12200;13.2;4.6
08;2021-03-27;898;120;36020;12320;13.6;4.6
08;2021-03-28;228;5;36248;12325;13.7;4.6
08;2021-03-29;260;180;36508;12505;13.7;4.7
08;2021-03-30;832;483;37340;12988;14.1;4.9
08;2021-03-31;852;528;38192;13516;14.4;5.1
08;2021-04-01;1681;446;39873;13962;15.0;5.3
08;2021-04-02;1498;513;41371;14475;15.6;5.5
08;2021-04-03;1327;193;42698;14668;16.1;5.5
08;2021-04-04;134;4;42832;14672;16.1;5.5
08;2021-04-05;16;0;42848;14672;16.1;5.5
08;2021-04-06;701;477;43549;15149;16.4;5.7
08;2021-04-07;910;700;44459;15849;16.7;6.0
08;2021-04-08;1742;515;46201;16364;17.4;6.2
08;2021-04-09;2347;715;48548;17079;18.3;6.4
08;2021-04-10;1449;216;49997;17295;18.8;6.5
08;2021-04-11;10;6;50007;17301;18.8;6.5
08;2021-04-12;671;226;50678;17527;19.1;6.6
08;2021-04-13;1306;609;51984;18136;19.6;6.8
08;2021-04-14;1281;863;53265;18999;20.1;7.2
08;2021-04-15;1607;791;54872;19790;20.7;7.5
08;2021-04-16;1873;871;56745;20661;21.4;7.8
08;2021-04-17;1112;400;57857;21061;21.8;7.9
08;2021-04-18;23;14;57880;21075;21.8;7.9
08;2021-04-19;1147;299;59027;21374;22.2;8.0
08;2021-04-20;1118;541;60145;21915;22.7;8.3
08;2021-04-21;1139;737;61284;22652;23.1;8.5
08;2021-04-22;1328;877;62612;23529;23.6;8.9
08;2021-04-23;1674;1170;64286;24699;24.2;9.3
08;2021-04-24;1323;642;65609;25341;24.7;9.5
08;2021-04-25;26;198;65635;25539;24.7;9.6
08;2021-04-26;1040;155;66675;25694;25.1;9.7
08;2021-04-27;1337;599;68012;26293;25.6;9.9
08;2021-04-28;1452;680;69464;26973;26.2;10.2
08;2021-04-29;1174;1309;70638;28282;26.6;10.7
08;2021-04-30;1769;1618;72407;29900;27.3;11.3
08;2021-05-01;1049;488;73456;30388;27.7;11.4
08;2021-05-02;626;180;74082;30568;27.9;11.5
08;2021-05-03;1168;368;75250;30936;28.3;11.7
08;2021-05-04;1328;861;76578;31797;28.8;12.0
08;2021-05-05;1567;1327;78145;33124;29.4;12.5
08;2021-05-06;1970;1650;80115;34774;30.2;13.1
08;2021-05-07;1859;2095;81974;36869;30.9;13.9
08;2021-05-08;923;765;82897;37634;31.2;14.2
08;2021-05-09;443;71;83340;37705;31.4;14.2
08;2021-05-10;1191;663;84531;38368;31.8;14.4
08;2021-05-11;1909;938;86440;39306;32.6;14.8
08;2021-05-12;1810;1233;88250;40539;33.2;15.3
08;2021-05-13;1306;617;89556;41156;33.7;15.5
08;2021-05-14;2535;1032;92091;42188;34.7;15.9
08;2021-05-15;1821;712;93912;42900;35.4;16.2
08;2021-05-16;820;102;94732;43002;35.7;16.2
08;2021-05-17;699;908;95431;43910;35.9;16.5
08;2021-05-18;1250;838;96681;44748;36.4;16.9
08;2021-05-19;1610;957;98291;45705;37.0;17.2
08;2021-05-20;2147;960;100438;46665;37.8;17.6
08;2021-05-21;2336;1276;102774;47941;38.7;18.1
08;2021-05-22;1820;761;104594;48702;39.4;18.3
08;2021-05-23;863;90;105457;48792;39.7;18.4
08;2021-05-24;714;103;106171;48895;40.0;18.4
08;2021-05-25;1453;672;107624;49567;40.5;18.7
08;2021-05-26;1513;1006;109137;50573;41.1;19.0
08;2021-05-27;2006;1146;111143;51719;41.9;19.5
08;2021-05-28;1973;1823;113116;53542;42.6;20.2
08;2021-05-29;1768;967;114884;54509;43.3;20.5
08;2021-05-30;836;101;115720;54610;43.6;20.6
08;2021-05-31;755;574;116475;55184;43.9;20.8
08;2021-06-01;1349;880;117824;56064;44.4;21.1
08;2021-06-02;1296;1194;119120;57258;44.9;21.6
08;2021-06-03;1386;1520;120506;58778;45.4;22.1
08;2021-06-04;1777;2426;122283;61204;46.1;23.0
08;2021-06-05;1177;1378;123460;62582;46.5;23.6
08;2021-06-06;906;107;124366;62689;46.8;23.6
08;2021-06-07;659;1173;125025;63862;47.1;24.1
08;2021-06-08;924;1496;125949;65358;47.4;24.6
08;2021-06-09;824;1392;126773;66750;47.7;25.1
08;2021-06-10;1716;1554;128489;68304;48.4;25.7
08;2021-06-11;1720;2211;130209;70515;49.0;26.6
08;2021-06-12;1416;1528;131625;72043;49.6;27.1
08;2021-06-13;386;598;132011;72641;49.7;27.4
08;2021-06-14;380;1303;132391;73944;49.9;27.8
08;2021-06-15;740;1554;133131;75498;50.1;28.4
08;2021-06-16;804;2055;133935;77553;50.4;29.2
08;2021-06-17;1281;1852;135216;79405;50.9;29.9
08;2021-06-18;1608;2597;136824;82002;51.5;30.9
08;2021-06-19;1323;1407;138147;83409;52.0;31.4
08;2021-06-20;116;423;138263;83832;52.1;31.6
08;2021-06-21;494;1398;138757;85230;52.3;32.1
08;2021-06-22;807;2021;139564;87251;52.6;32.9
08;2021-06-23;850;1673;140414;88924;52.9;33.5
08;2021-06-24;1037;1925;141451;90849;53.3;34.2
08;2021-06-25;1079;2738;142530;93587;53.7;35.2
08;2021-06-26;1013;1785;143543;95372;54.1;35.9
08;2021-06-27;351;646;143894;96018;54.2;36.2
08;2021-06-28;397;1321;144291;97339;54.3;36.7
08;2021-06-29;627;1470;144918;98809;54.6;37.2
08;2021-06-30;851;1687;145769;100496;54.9;37.8
08;2021-07-01;878;2194;146647;102690;55.2;38.7
08;2021-07-02;935;2644;147582;105334;55.6;39.7
08;2021-07-03;781;2145;148363;107479;55.9;40.5
08;2021-07-04;128;861;148491;108340;55.9;40.8
08;2021-07-05;102;1196;148593;109536;56.0;41.3
08;2021-07-06;424;1835;149017;111371;56.1;41.9
08;2021-07-07;365;1782;149382;113153;56.3;42.6
08;2021-07-08;712;2014;150094;115167;56.5;43.4
08;2021-07-09;729;2441;150823;117608;56.8;44.3
08;2021-07-10;652;1998;151475;119606;57.0;45.0
08;2021-07-11;237;727;151712;120333;57.1;45.3
08;2021-07-12;308;1194;152020;121527;57.3;45.8
08;2021-07-13;939;1789;152959;123316;57.6;46.4
08;2021-07-14;177;331;153136;123647;57.7;46.6
08;2021-07-15;756;2451;153892;126098;58.0;47.5
08;2021-07-16;1074;2414;154966;128512;58.4;48.4
08;2021-07-17;991;2108;155957;130620;58.7;49.2
08;2021-07-18;344;737;156301;131357;58.9;49.5
08;2021-07-19;455;921;156756;132278;59.0;49.8
08;2021-07-20;875;1438;157631;133716;59.4;50.4
08;2021-07-21;1227;1718;158858;135434;59.8;51.0
08;2021-07-22;1140;2165;159998;137599;60.3;51.8
08;2021-07-23;1579;2448;161577;140047;60.9;52.7
08;2021-07-24;1305;1922;162882;141969;61.3;53.5
08;2021-07-25;771;439;163653;142408;61.6;53.6
08;2021-07-26;1304;837;164957;143245;62.1;53.9
08;2021-07-27;2148;1376;167105;144621;62.9;54.5
08;2021-07-28;2404;1434;169509;146055;63.8;55.0
09;2020-12-27;0;0;0;0;0.0;0.0
09;2020-12-28;1;0;1;0;0.0;0.0
09;2020-12-29;0;0;1;0;0.0;0.0
09;2020-12-30;0;0;1;0;0.0;0.0
09;2020-12-31;0;0;1;0;0.0;0.0
09;2021-01-01;0;0;1;0;0.0;0.0
09;2021-01-02;0;0;1;0;0.0;0.0
09;2021-01-03;0;0;1;0;0.0;0.0
09;2021-01-04;2;1;3;1;0.0;0.0
09;2021-01-05;0;0;3;1;0.0;0.0
09;2021-01-06;3;0;6;1;0.0;0.0
09;2021-01-07;256;2;262;3;0.2;0.0
09;2021-01-08;227;0;489;3;0.3;0.0
09;2021-01-09;103;0;592;3;0.4;0.0
09;2021-01-10;59;0;651;3;0.4;0.0
09;2021-01-11;175;0;826;3;0.5;0.0
09;2021-01-12;304;0;1130;3;0.7;0.0
09;2021-01-13;196;0;1326;3;0.9;0.0
09;2021-01-14;432;8;1758;11;1.2;0.0
09;2021-01-15;223;1;1981;12;1.3;0.0
09;2021-01-16;194;2;2175;14;1.4;0.0
09;2021-01-17;123;0;2298;14;1.5;0.0
09;2021-01-18;267;1;2565;15;1.7;0.0
09;2021-01-19;257;0;2822;15;1.9;0.0
09;2021-01-20;346;1;3168;16;2.1;0.0
09;2021-01-21;333;1;3501;17;2.3;0.0
09;2021-01-22;330;1;3831;18;2.5;0.0
09;2021-01-23;236;0;4067;18;2.7;0.0
09;2021-01-24;85;1;4152;19;2.7;0.0
09;2021-01-25;204;12;4356;31;2.9;0.0
09;2021-01-26;633;25;4989;56;3.3;0.0
09;2021-01-27;471;41;5460;97;3.6;0.1
09;2021-01-28;285;206;5745;303;3.8;0.2
09;2021-01-29;251;129;5996;432;3.9;0.3
09;2021-01-30;143;57;6139;489;4.0;0.3
09;2021-01-31;56;10;6195;499;4.1;0.3
09;2021-02-01;82;143;6277;642;4.1;0.4
09;2021-02-02;57;295;6334;937;4.2;0.6
09;2021-02-03;87;206;6421;1143;4.2;0.8
09;2021-02-04;49;299;6470;1442;4.2;0.9
09;2021-02-05;89;157;6559;1599;4.3;1.0
09;2021-02-06;68;50;6627;1649;4.3;1.1
09;2021-02-07;6;73;6633;1722;4.4;1.1
09;2021-02-08;22;177;6655;1899;4.4;1.2
09;2021-02-09;54;289;6709;2188;4.4;1.4
09;2021-02-10;15;196;6724;2384;4.4;1.6
09;2021-02-11;6;221;6730;2605;4.4;1.7
09;2021-02-12;149;174;6879;2779;4.5;1.8
09;2021-02-13;7;144;6886;2923;4.5;1.9
09;2021-02-14;0;54;6886;2977;4.5;2.0
09;2021-02-15;75;134;6961;3111;4.6;2.0
09;2021-02-16;227;510;7188;3621;4.7;2.4
09;2021-02-17;82;388;7270;4009;4.8;2.6
09;2021-02-18;88;450;7358;4459;4.8;2.9
09;2021-02-19;65;285;7423;4744;4.9;3.1
09;2021-02-20;58;200;7481;4944;4.9;3.2
09;2021-02-21;0;51;7481;4995;4.9;3.3
09;2021-02-22;127;218;7608;5213;5.0;3.4
09;2021-02-23;161;145;7769;5358;5.1;3.5
09;2021-02-24;74;178;7843;5536;5.1;3.6
09;2021-02-25;211;169;8054;5705;5.3;3.7
09;2021-02-26;162;174;8216;5879;5.4;3.9
09;2021-02-27;65;71;8281;5950;5.4;3.9
09;2021-02-28;43;17;8324;5967;5.5;3.9
09;2021-03-01;247;97;8571;6064;5.6;4.0
09;2021-03-02;284;76;8855;6140;5.8;4.0
09;2021-03-03;252;132;9107;6272;6.0;4.1
09;2021-03-04;413;31;9520;6303;6.2;4.1
09;2021-03-05;332;64;9852;6367;6.5;4.2
09;2021-03-06;396;45;10248;6412;6.7;4.2
09;2021-03-07;124;4;10372;6416;6.8;4.2
09;2021-03-08;380;63;10752;6479;7.1;4.3
09;2021-03-09;437;139;11189;6618;7.3;4.3
09;2021-03-10;562;71;11751;6689;7.7;4.4
09;2021-03-11;695;74;12446;6763;8.2;4.4
09;2021-03-12;658;31;13104;6794;8.6;4.5
09;2021-03-13;384;3;13488;6797;8.9;4.5
09;2021-03-14;120;3;13608;6800;8.9;4.5
09;2021-03-15;467;48;14075;6848;9.2;4.5
09;2021-03-16;370;80;14445;6928;9.5;4.5
09;2021-03-17;399;72;14844;7000;9.7;4.6
09;2021-03-18;453;42;15297;7042;10.0;4.6
09;2021-03-19;524;54;15821;7096;10.4;4.7
09;2021-03-20;313;39;16134;7135;10.6;4.7
09;2021-03-21;105;0;16239;7135;10.7;4.7
09;2021-03-22;424;117;16663;7252;10.9;4.8
09;2021-03-23;564;172;17227;7424;11.3;4.9
09;2021-03-24;711;40;17938;7464;11.8;4.9
09;2021-03-25;869;137;18807;7601;12.3;5.0
09;2021-03-26;751;44;19558;7645;12.8;5.0
09;2021-03-27;622;69;20180;7714;13.2;5.1
09;2021-03-28;132;24;20312;7738;13.3;5.1
09;2021-03-29;497;278;20809;8016;13.7;5.3
09;2021-03-30;729;154;21538;8170;14.1;5.4
09;2021-03-31;801;180;22339;8350;14.7;5.5
09;2021-04-01;734;254;23073;8604;15.1;5.6
09;2021-04-02;692;266;23765;8870;15.6;5.8
09;2021-04-03;770;117;24535;8987;16.1;5.9
09;2021-04-04;122;57;24657;9044;16.2;5.9
09;2021-04-05;237;58;24894;9102;16.3;6.0
09;2021-04-06;1056;390;25950;9492;17.0;6.2
09;2021-04-07;1209;359;27159;9851;17.8;6.5
09;2021-04-08;1467;395;28626;10246;18.8;6.7
09;2021-04-09;1139;411;29765;10657;19.5;7.0
09;2021-04-10;1349;192;31114;10849;20.4;7.1
09;2021-04-11;173;102;31287;10951;20.5;7.2
09;2021-04-12;736;342;32023;11293;21.0;7.4
09;2021-04-13;1047;407;33070;11700;21.7;7.7
09;2021-04-14;1331;507;34401;12207;22.6;8.0
09;2021-04-15;1148;500;35549;12707;23.3;8.3
09;2021-04-16;1033;414;36582;13121;24.0;8.6
09;2021-04-17;1194;355;37776;13476;24.8;8.8
09;2021-04-18;102;96;37878;13572;24.9;8.9
09;2021-04-19;697;404;38575;13976;25.3;9.2
09;2021-04-20;766;533;39341;14509;25.8;9.5
09;2021-04-21;941;591;40282;15100;26.4;9.9
09;2021-04-22;667;608;40949;15708;26.9;10.3
09;2021-04-23;771;424;41720;16132;27.4;10.6
09;2021-04-24;740;669;42460;16801;27.9;11.0
09;2021-04-25;74;112;42534;16913;27.9;11.1
09;2021-04-26;382;535;42916;17448;28.2;11.4
09;2021-04-27;443;720;43359;18168;28.5;11.9
09;2021-04-28;806;795;44165;18963;29.0;12.4
09;2021-04-29;550;771;44715;19734;29.3;12.9
09;2021-04-30;622;723;45337;20457;29.7;13.4
09;2021-05-01;478;453;45815;20910;30.1;13.7
09;2021-05-02;51;100;45866;21010;30.1;13.8
09;2021-05-03;522;663;46388;21673;30.4;14.2
09;2021-05-04;557;1346;46945;23019;30.8;15.1
09;2021-05-05;823;1347;47768;24366;31.3;16.0
09;2021-05-06;849;1033;48617;25399;31.9;16.7
09;2021-05-07;978;822;49595;26221;32.5;17.2
09;2021-05-08;395;461;49990;26682;32.8;17.5
09;2021-05-09;264;84;50254;26766;33.0;17.6
09;2021-05-10;504;967;50758;27733;33.3;18.2
09;2021-05-11;740;1052;51498;28785;33.8;18.9
09;2021-05-12;1534;1407;53032;30192;34.8;19.8
09;2021-05-13;1383;425;54415;30617;35.7;20.1
09;2021-05-14;987;653;55402;31270;36.4;20.5
09;2021-05-15;1236;790;56638;32060;37.2;21.0
09;2021-05-16;296;48;56934;32108;37.4;21.1
09;2021-05-17;875;413;57809;32521;37.9;21.3
09;2021-05-18;1290;392;59099;32913;38.8;21.6
09;2021-05-19;1495;366;60594;33279;39.8;21.8
09;2021-05-20;1380;406;61974;33685;40.7;22.1
09;2021-05-21;1164;496;63138;34181;41.4;22.4
09;2021-05-22;1546;363;64684;34544;42.4;22.7
09;2021-05-23;272;25;64956;34569;42.6;22.7
09;2021-05-24;177;99;65133;34668;42.7;22.7
09;2021-05-25;997;499;66130;35167;43.4;23.1
09;2021-05-26;1286;445;67416;35612;44.2;23.4
09;2021-05-27;966;403;68382;36015;44.9;23.6
09;2021-05-28;958;512;69340;36527;45.5;24.0
09;2021-05-29;1797;596;71137;37123;46.7;24.4
09;2021-05-30;541;197;71678;37320;47.0;24.5
09;2021-05-31;717;594;72395;37914;47.5;24.9
09;2021-06-01;966;641;73361;38555;48.1;25.3
09;2021-06-02;1006;896;74367;39451;48.8;25.9
09;2021-06-03;810;682;75177;40133;49.3;26.3
09;2021-06-04;877;798;76054;40931;49.9;26.9
09;2021-06-05;1320;874;77374;41805;50.8;27.4
09;2021-06-06;304;108;77678;41913;51.0;27.5
09;2021-06-07;624;516;78302;42429;51.4;27.8
09;2021-06-08;823;490;79125;42919;51.9;28.2
09;2021-06-09;807;829;79932;43748;52.4;28.7
09;2021-06-10;638;532;80570;44280;52.9;29.1
09;2021-06-11;830;760;81400;45040;53.4;29.6
09;2021-06-12;634;807;82034;45847;53.8;30.1
09;2021-06-13;94;130;82128;45977;53.9;30.2
09;2021-06-14;626;707;82754;46684;54.3;30.6
09;2021-06-15;824;889;83578;47573;54.8;31.2
09;2021-06-16;627;1078;84205;48651;55.3;31.9
09;2021-06-17;780;856;84985;49507;55.8;32.5
09;2021-06-18;635;1149;85620;50656;56.2;33.2
09;2021-06-19;514;1575;86134;52231;56.5;34.3
09;2021-06-20;8;279;86142;52510;56.5;34.5
09;2021-06-21;474;699;86616;53209;56.8;34.9
09;2021-06-22;461;1066;87077;54275;57.1;35.6
09;2021-06-23;434;1224;87511;55499;57.4;36.4
09;2021-06-24;580;771;88091;56270;57.8;36.9
09;2021-06-25;411;1062;88502;57332;58.1;37.6
09;2021-06-26;442;1089;88944;58421;58.4;38.3
09;2021-06-27;2;276;88946;58697;58.4;38.5
09;2021-06-28;238;1049;89184;59746;58.5;39.2
09;2021-06-29;311;1231;89495;60977;58.7;40.0
09;2021-06-30;456;1491;89951;62468;59.0;41.0
09;2021-07-01;382;1431;90333;63899;59.3;41.9
09;2021-07-02;308;1163;90641;65062;59.5;42.7
09;2021-07-03;209;1619;90850;66681;59.6;43.8
09;2021-07-04;3;254;90853;66935;59.6;43.9
09;2021-07-05;187;714;91040;67649;59.7;44.4
09;2021-07-06;292;1225;91332;68874;59.9;45.2
09;2021-07-07;414;1395;91746;70269;60.2;46.1
09;2021-07-08;319;1061;92065;71330;60.4;46.8
09;2021-07-09;290;1157;92355;72487;60.6;47.6
09;2021-07-10;344;1726;92699;74213;60.8;48.7
09;2021-07-11;147;391;92846;74604;60.9;49.0
09;2021-07-12;182;1072;93028;75676;61.0;49.7
09;2021-07-13;642;1304;93670;76980;61.5;50.5
09;2021-07-14;485;220;94155;77200;61.8;50.7
09;2021-07-15;814;1167;94969;78367;62.3;51.4
09;2021-07-16;608;1193;95577;79560;62.7;52.2
09;2021-07-17;1016;1445;96593;81005;63.4;53.2
09;2021-07-18;299;220;96892;81225;63.6;53.3
09;2021-07-19;482;969;97374;82194;63.9;53.9
09;2021-07-20;828;1256;98202;83450;64.4;54.8
09;2021-07-21;1013;1167;99215;84617;65.1;55.5
09;2021-07-22;844;906;100059;85523;65.7;56.1
09;2021-07-23;721;906;100780;86429;66.1;56.7
09;2021-07-24;919;460;101699;86889;66.7;57.0
09;2021-07-25;555;131;102254;87020;67.1;57.1
09;2021-07-26;645;766;102899;87786;67.5;57.6
09;2021-07-27;1164;941;104063;88727;68.3;58.2
09;2021-07-28;1180;980;105243;89707;69.1;58.9
10;2020-12-27;0;0;0;0;0.0;0.0
10;2020-12-28;0;0;0;0;0.0;0.0
10;2020-12-29;0;0;0;0;0.0;0.0
10;2020-12-30;0;0;0;0;0.0;0.0
10;2020-12-31;0;0;0;0;0.0;0.0
10;2021-01-01;0;0;0;0;0.0;0.0
10;2021-01-02;0;0;0;0;0.0;0.0
10;2021-01-03;0;0;0;0;0.0;0.0
10;2021-01-04;0;0;0;0;0.0;0.0
10;2021-01-05;1;0;1;0;0.0;0.0
10;2021-01-06;0;0;1;0;0.0;0.0
10;2021-01-07;84;0;85;0;0.0;0.0
10;2021-01-08;254;0;339;0;0.1;0.0
10;2021-01-09;0;0;339;0;0.1;0.0
10;2021-01-10;0;0;339;0;0.1;0.0
10;2021-01-11;117;0;456;0;0.1;0.0
10;2021-01-12;191;0;647;0;0.2;0.0
10;2021-01-13;313;0;960;0;0.3;0.0
10;2021-01-14;391;7;1351;7;0.4;0.0
10;2021-01-15;359;2;1710;9;0.6;0.0
10;2021-01-16;55;0;1765;9;0.6;0.0
10;2021-01-17;0;0;1765;9;0.6;0.0
10;2021-01-18;699;1;2464;10;0.8;0.0
10;2021-01-19;1361;2;3825;12;1.2;0.0
10;2021-01-20;1070;5;4895;17;1.6;0.0
10;2021-01-21;1145;1;6040;18;1.9;0.0
10;2021-01-22;818;0;6858;18;2.2;0.0
10;2021-01-23;309;0;7167;18;2.3;0.0
10;2021-01-24;0;0;7167;18;2.3;0.0
10;2021-01-25;445;9;7612;27;2.5;0.0
10;2021-01-26;487;17;8099;44;2.6;0.0
10;2021-01-27;459;15;8558;59;2.8;0.0
10;2021-01-28;357;48;8915;107;2.9;0.0
10;2021-01-29;430;194;9345;301;3.0;0.1
10;2021-01-30;30;0;9375;301;3.0;0.1
10;2021-01-31;0;0;9375;301;3.0;0.1
10;2021-02-01;404;141;9779;442;3.2;0.1
10;2021-02-02;182;152;9961;594;3.2;0.2
10;2021-02-03;345;217;10306;811;3.3;0.3
10;2021-02-04;342;271;10648;1082;3.4;0.3
10;2021-02-05;327;321;10975;1403;3.5;0.5
10;2021-02-06;3;35;10978;1438;3.5;0.5
10;2021-02-07;0;0;10978;1438;3.5;0.5
10;2021-02-08;190;411;11168;1849;3.6;0.6
10;2021-02-09;480;585;11648;2434;3.8;0.8
10;2021-02-10;666;472;12314;2906;4.0;0.9
10;2021-02-11;763;598;13077;3504;4.2;1.1
10;2021-02-12;580;552;13657;4056;4.4;1.3
10;2021-02-13;36;120;13693;4176;4.4;1.3
10;2021-02-14;0;0;13693;4176;4.4;1.3
10;2021-02-15;142;449;13835;4625;4.5;1.5
10;2021-02-16;116;545;13951;5170;4.5;1.7
10;2021-02-17;129;605;14080;5775;4.5;1.9
10;2021-02-18;216;554;14296;6329;4.6;2.0
10;2021-02-19;187;472;14483;6801;4.7;2.2
10;2021-02-20;24;183;14507;6984;4.7;2.3
10;2021-02-21;0;0;14507;6984;4.7;2.3
10;2021-02-22;77;449;14584;7433;4.7;2.4
10;2021-02-23;76;563;14660;7996;4.7;2.6
10;2021-02-24;104;375;14764;8371;4.8;2.7
10;2021-02-25;323;375;15087;8746;4.9;2.8
10;2021-02-26;351;283;15438;9029;5.0;2.9
10;2021-02-27;275;130;15713;9159;5.1;3.0
10;2021-02-28;0;0;15713;9159;5.1;3.0
10;2021-03-01;257;334;15970;9493;5.2;3.1
10;2021-03-02;434;370;16404;9863;5.3;3.2
10;2021-03-03;453;581;16857;10444;5.4;3.4
10;2021-03-04;634;500;17491;10944;5.6;3.5
10;2021-03-05;677;251;18168;11195;5.9;3.6
10;2021-03-06;948;40;19116;11235;6.2;3.6
10;2021-03-07;769;4;19885;11239;6.4;3.6
10;2021-03-08;502;442;20387;11681;6.6;3.8
10;2021-03-09;673;435;21060;12116;6.8;3.9
10;2021-03-10;661;362;21721;12478;7.0;4.0
10;2021-03-11;1174;234;22895;12712;7.4;4.1
10;2021-03-12;1338;234;24233;12946;7.8;4.2
10;2021-03-13;891;36;25124;12982;8.1;4.2
10;2021-03-14;1381;12;26505;12994;8.6;4.2
10;2021-03-15;821;80;27326;13074;8.8;4.2
10;2021-03-16;687;58;28013;13132;9.0;4.2
10;2021-03-17;831;63;28844;13195;9.3;4.3
10;2021-03-18;885;78;29729;13273;9.6;4.3
10;2021-03-19;951;67;30680;13340;9.9;4.3
10;2021-03-20;552;16;31232;13356;10.1;4.3
10;2021-03-21;1845;34;33077;13390;10.7;4.3
10;2021-03-22;879;68;33956;13458;11.0;4.3
10;2021-03-23;1245;89;35201;13547;11.4;4.4
10;2021-03-24;1308;53;36509;13600;11.8;4.4
10;2021-03-25;1677;226;38186;13826;12.3;4.5
10;2021-03-26;1431;113;39617;13939;12.8;4.5
10;2021-03-27;762;77;40379;14016;13.0;4.5
10;2021-03-28;1221;26;41600;14042;13.4;4.5
10;2021-03-29;648;304;42248;14346;13.6;4.6
10;2021-03-30;926;374;43174;14720;13.9;4.7
10;2021-03-31;617;359;43791;15079;14.1;4.9
10;2021-04-01;882;681;44673;15760;14.4;5.1
10;2021-04-02;1068;587;45741;16347;14.8;5.3
10;2021-04-03;540;608;46281;16955;14.9;5.5
10;2021-04-04;1826;255;48107;17210;15.5;5.6
10;2021-04-05;1843;34;49950;17244;16.1;5.6
10;2021-04-06;514;648;50464;17892;16.3;5.8
10;2021-04-07;589;538;51053;18430;16.5;5.9
10;2021-04-08;1057;602;52110;19032;16.8;6.1
10;2021-04-09;1130;608;53240;19640;17.2;6.3
10;2021-04-10;1770;348;55010;19988;17.8;6.4
10;2021-04-11;55;1224;55065;21212;17.8;6.8
10;2021-04-12;1004;807;56069;22019;18.1;7.1
10;2021-04-13;1505;883;57574;22902;18.6;7.4
10;2021-04-14;820;598;58394;23500;18.8;7.6
10;2021-04-15;1430;888;59824;24388;19.3;7.9
10;2021-04-16;1107;695;60931;25083;19.7;8.1
10;2021-04-17;2391;353;63322;25436;20.4;8.2
10;2021-04-18;1421;1781;64743;27217;20.9;8.8
10;2021-04-19;835;836;65578;28053;21.2;9.1
10;2021-04-20;545;1034;66123;29087;21.3;9.4
10;2021-04-21;637;985;66760;30072;21.5;9.7
10;2021-04-22;932;970;67692;31042;21.8;10.0
10;2021-04-23;2171;774;69863;31816;22.5;10.3
10;2021-04-24;2296;371;72159;32187;23.3;10.4
10;2021-04-25;1989;1216;74148;33403;23.9;10.8
10;2021-04-26;773;619;74921;34022;24.2;11.0
10;2021-04-27;895;534;75816;34556;24.5;11.2
10;2021-04-28;873;402;76689;34958;24.7;11.3
10;2021-04-29;1433;669;78122;35627;25.2;11.5
10;2021-04-30;2172;758;80294;36385;25.9;11.7
10;2021-05-01;1987;2163;82281;38548;26.6;12.4
10;2021-05-02;1948;1891;84229;40439;27.2;13.0
10;2021-05-03;622;445;84851;40884;27.4;13.2
10;2021-05-04;1145;1248;85996;42132;27.7;13.6
10;2021-05-05;1754;1017;87750;43149;28.3;13.9
10;2021-05-06;2255;938;90005;44087;29.0;14.2
10;2021-05-07;2216;1133;92221;45220;29.8;14.6
10;2021-05-08;2270;856;94491;46076;30.5;14.9
10;2021-05-09;2004;99;96495;46175;31.1;14.9
10;2021-05-10;528;1092;97023;47267;31.3;15.3
10;2021-05-11;1051;1023;98074;48290;31.6;15.6
10;2021-05-12;2061;882;100135;49172;32.3;15.9
10;2021-05-13;2182;431;102317;49603;33.0;16.0
10;2021-05-14;2729;666;105046;50269;33.9;16.2
10;2021-05-15;2427;2037;107473;52306;34.7;16.9
10;2021-05-16;2081;1449;109554;53755;35.4;17.3
10;2021-05-17;1451;439;111005;54194;35.8;17.5
10;2021-05-18;2510;634;113515;54828;36.6;17.7
10;2021-05-19;1553;639;115068;55467;37.1;17.9
10;2021-05-20;1891;848;116959;56315;37.7;18.2
10;2021-05-21;2318;615;119277;56930;38.5;18.4
10;2021-05-22;2181;419;121458;57349;39.2;18.5
10;2021-05-23;1817;139;123275;57488;39.8;18.6
10;2021-05-24;1968;179;125243;57667;40.4;18.6
10;2021-05-25;2193;488;127436;58155;41.1;18.8
10;2021-05-26;1676;419;129112;58574;41.7;18.9
10;2021-05-27;1659;753;130771;59327;42.2;19.1
10;2021-05-28;1719;1184;132490;60511;42.8;19.5
10;2021-05-29;2170;638;134660;61149;43.5;19.7
10;2021-05-30;1029;133;135689;61282;43.8;19.8
10;2021-05-31;1038;746;136727;62028;44.1;20.0
10;2021-06-01;1133;884;137860;62912;44.5;20.3
10;2021-06-02;1032;714;138892;63626;44.8;20.5
10;2021-06-03;1472;1070;140364;64696;45.3;20.9
10;2021-06-04;1768;2601;142132;67297;45.9;21.7
10;2021-06-05;1512;2450;143644;69747;46.4;22.5
10;2021-06-06;1004;1874;144648;71621;46.7;23.1
10;2021-06-07;698;1112;145346;72733;46.9;23.5
10;2021-06-08;894;1168;146240;73901;47.2;23.8
10;2021-06-09;877;910;147117;74811;47.5;24.1
10;2021-06-10;676;1070;147793;75881;47.7;24.5
10;2021-06-11;1199;2210;148992;78091;48.1;25.2
10;2021-06-12;855;2385;149847;80476;48.4;26.0
10;2021-06-13;401;1837;150248;82313;48.5;26.6
10;2021-06-14;534;741;150782;83054;48.7;26.8
10;2021-06-15;740;2132;151522;85186;48.9;27.5
10;2021-06-16;740;1856;152262;87042;49.1;28.1
10;2021-06-17;847;2458;153109;89500;49.4;28.9
10;2021-06-18;1030;2474;154139;91974;49.7;29.7
10;2021-06-19;980;2595;155119;94569;50.1;30.5
10;2021-06-20;549;1600;155668;96169;50.2;31.0
10;2021-06-21;680;1046;156348;97215;50.4;31.4
10;2021-06-22;741;1525;157089;98740;50.7;31.9
10;2021-06-23;647;2408;157736;101148;50.9;32.6
10;2021-06-24;781;2617;158517;103765;51.1;33.5
10;2021-06-25;731;3036;159248;106801;51.4;34.5
10;2021-06-26;514;2742;159762;109543;51.6;35.3
10;2021-06-27;402;1940;160164;111483;51.7;36.0
10;2021-06-28;683;1786;160847;113269;51.9;36.5
10;2021-06-29;615;2695;161462;115964;52.1;37.4
10;2021-06-30;534;1526;161996;117490;52.3;37.9
10;2021-07-01;549;2173;162545;119663;52.4;38.6
10;2021-07-02;665;2730;163210;122393;52.7;39.5
10;2021-07-03;522;2600;163732;124993;52.8;40.3
10;2021-07-04;411;1730;164143;126723;53.0;40.9
10;2021-07-05;665;2223;164808;128946;53.2;41.6
10;2021-07-06;647;2187;165455;131133;53.4;42.3
10;2021-07-07;629;1703;166084;132836;53.6;42.9
10;2021-07-08;744;1454;166828;134290;53.8;43.3
10;2021-07-09;814;1945;167642;136235;54.1;44.0
10;2021-07-10;631;2096;168273;138331;54.3;44.6
10;2021-07-11;500;1377;168773;139708;54.5;45.1
10;2021-07-12;776;1624;169549;141332;54.7;45.6
10;2021-07-13;1121;1874;170670;143206;55.1;46.2
10;2021-07-14;1171;1055;171841;144261;55.4;46.5
10;2021-07-15;1470;1978;173311;146239;55.9;47.2
10;2021-07-16;1239;2272;174550;148511;56.3;47.9
10;2021-07-17;1284;1735;175834;150246;56.7;48.5
10;2021-07-18;942;1223;176776;151469;57.0;48.9
10;2021-07-19;1356;1615;178132;153084;57.5;49.4
10;2021-07-20;1680;1426;179812;154510;58.0;49.9
10;2021-07-21;1391;1482;181203;155992;58.5;50.3
10;2021-07-22;1932;1589;183135;157581;59.1;50.8
10;2021-07-23;1592;1539;184727;159120;59.6;51.3
10;2021-07-24;1386;1214;186113;160334;60.1;51.7
10;2021-07-25;1251;783;187364;161117;60.5;52.0
10;2021-07-26;1909;1312;189273;162429;61.1;52.4
10;2021-07-27;2112;1076;191385;163505;61.8;52.8
10;2021-07-28;2069;990;193454;164495;62.4;53.1
11;2020-12-27;0;0;0;0;0.0;0.0
11;2020-12-28;1;0;1;0;0.0;0.0
11;2020-12-29;1;0;2;0;0.0;0.0
11;2020-12-30;0;0;2;0;0.0;0.0
11;2020-12-31;0;0;2;0;0.0;0.0
11;2021-01-01;0;0;2;0;0.0;0.0
11;2021-01-02;5;0;7;0;0.0;0.0
11;2021-01-03;0;0;7;0;0.0;0.0
11;2021-01-04;0;0;7;0;0.0;0.0
11;2021-01-05;94;0;101;0;0.0;0.0
11;2021-01-06;25;0;126;0;0.0;0.0
11;2021-01-07;119;0;245;0;0.1;0.0
11;2021-01-08;90;1;335;1;0.1;0.0
11;2021-01-09;86;0;421;1;0.1;0.0
11;2021-01-10;67;0;488;1;0.1;0.0
11;2021-01-11;136;0;624;1;0.2;0.0
11;2021-01-12;544;3;1168;4;0.3;0.0
11;2021-01-13;410;1;1578;5;0.4;0.0
11;2021-01-14;643;8;2221;13;0.6;0.0
11;2021-01-15;342;4;2563;17;0.7;0.0
11;2021-01-16;77;1;2640;18;0.7;0.0
11;2021-01-17;46;1;2686;19;0.7;0.0
11;2021-01-18;387;0;3073;19;0.8;0.0
11;2021-01-19;525;3;3598;22;1.0;0.0
11;2021-01-20;691;6;4289;28;1.2;0.0
11;2021-01-21;646;4;4935;32;1.3;0.0
11;2021-01-22;524;1;5459;33;1.5;0.0
11;2021-01-23;155;0;5614;33;1.5;0.0
11;2021-01-24;139;0;5753;33;1.5;0.0
11;2021-01-25;372;20;6125;53;1.6;0.0
11;2021-01-26;837;84;6962;137;1.9;0.0
11;2021-01-27;798;23;7760;160;2.1;0.0
11;2021-01-28;642;62;8402;222;2.3;0.1
11;2021-01-29;433;124;8835;346;2.4;0.1
11;2021-01-30;130;0;8965;346;2.4;0.1
11;2021-01-31;81;0;9046;346;2.4;0.1
11;2021-02-01;344;196;9390;542;2.5;0.1
11;2021-02-02;406;407;9796;949;2.6;0.3
11;2021-02-03;390;353;10186;1302;2.7;0.3
11;2021-02-04;373;497;10559;1799;2.8;0.5
11;2021-02-05;309;338;10868;2137;2.9;0.6
11;2021-02-06;204;62;11072;2199;3.0;0.6
11;2021-02-07;108;13;11180;2212;3.0;0.6
11;2021-02-08;311;160;11491;2372;3.1;0.6
11;2021-02-09;295;280;11786;2652;3.2;0.7
11;2021-02-10;334;447;12120;3099;3.3;0.8
11;2021-02-11;610;631;12730;3730;3.4;1.0
11;2021-02-12;397;378;13127;4108;3.5;1.1
11;2021-02-13;192;120;13319;4228;3.6;1.1
11;2021-02-14;66;27;13385;4255;3.6;1.1
11;2021-02-15;238;210;13623;4465;3.7;1.2
11;2021-02-16;262;514;13885;4979;3.7;1.3
11;2021-02-17;451;619;14336;5598;3.8;1.5
11;2021-02-18;456;575;14792;6173;4.0;1.7
11;2021-02-19;300;542;15092;6715;4.0;1.8
11;2021-02-20;146;75;15238;6790;4.1;1.8
11;2021-02-21;57;45;15295;6835;4.1;1.8
11;2021-02-22;125;333;15420;7168;4.1;1.9
11;2021-02-23;283;323;15703;7491;4.2;2.0
11;2021-02-24;251;374;15954;7865;4.3;2.1
11;2021-02-25;560;324;16514;8189;4.4;2.2
11;2021-02-26;523;321;17037;8510;4.6;2.3
11;2021-02-27;318;98;17355;8608;4.7;2.3
11;2021-02-28;95;24;17450;8632;4.7;2.3
11;2021-03-01;339;321;17789;8953;4.8;2.4
11;2021-03-02;562;390;18351;9343;4.9;2.5
11;2021-03-03;599;435;18950;9778;5.1;2.6
11;2021-03-04;1075;407;20025;10185;5.4;2.7
11;2021-03-05;1002;408;21027;10593;5.6;2.8
11;2021-03-06;1094;201;22121;10794;5.9;2.9
11;2021-03-07;657;35;22778;10829;6.1;2.9
11;2021-03-08;377;353;23155;11182;6.2;3.0
11;2021-03-09;995;393;24150;11575;6.5;3.1
11;2021-03-10;1169;547;25319;12122;6.8;3.3
11;2021-03-11;1570;439;26889;12561;7.2;3.4
11;2021-03-12;1453;438;28342;12999;7.6;3.5
11;2021-03-13;1157;236;29499;13235;7.9;3.6
11;2021-03-14;524;51;30023;13286;8.1;3.6
11;2021-03-15;651;241;30674;13527;8.2;3.6
11;2021-03-16;852;199;31526;13726;8.5;3.7
11;2021-03-17;907;220;32433;13946;8.7;3.7
11;2021-03-18;1172;283;33605;14229;9.0;3.8
11;2021-03-19;1370;244;34975;14473;9.4;3.9
11;2021-03-20;787;169;35762;14642;9.6;3.9
11;2021-03-21;225;65;35987;14707;9.7;3.9
11;2021-03-22;809;215;36796;14922;9.9;4.0
11;2021-03-23;1800;389;38596;15311;10.4;4.1
11;2021-03-24;1843;317;40439;15628;10.9;4.2
11;2021-03-25;2190;371;42629;15999;11.4;4.3
11;2021-03-26;2124;440;44753;16439;12.0;4.4
11;2021-03-27;1177;144;45930;16583;12.3;4.4
11;2021-03-28;265;43;46195;16626;12.4;4.5
11;2021-03-29;1181;218;47376;16844;12.7;4.5
11;2021-03-30;1990;317;49366;17161;13.2;4.6
11;2021-03-31;1612;381;50978;17542;13.7;4.7
11;2021-04-01;2146;423;53124;17965;14.3;4.8
11;2021-04-02;1641;430;54765;18395;14.7;4.9
11;2021-04-03;719;143;55484;18538;14.9;5.0
11;2021-04-04;198;73;55682;18611;14.9;5.0
11;2021-04-05;257;4;55939;18615;15.0;5.0
11;2021-04-06;1570;547;57509;19162;15.4;5.1
11;2021-04-07;1776;571;59285;19733;15.9;5.3
11;2021-04-08;1785;681;61070;20414;16.4;5.5
11;2021-04-09;2259;596;63329;21010;17.0;5.6
11;2021-04-10;1168;176;64497;21186;17.3;5.7
11;2021-04-11;547;107;65044;21293;17.5;5.7
11;2021-04-12;1610;525;66654;21818;17.9;5.9
11;2021-04-13;2259;881;68913;22699;18.5;6.1
11;2021-04-14;1661;1008;70574;23707;18.9;6.4
11;2021-04-15;1838;1124;72412;24831;19.4;6.7
11;2021-04-16;1833;843;74245;25674;19.9;6.9
11;2021-04-17;1771;559;76016;26233;20.4;7.0
11;2021-04-18;114;155;76130;26388;20.4;7.1
11;2021-04-19;1382;734;77512;27122;20.8;7.3
11;2021-04-20;1726;1284;79238;28406;21.3;7.6
11;2021-04-21;1777;1318;81015;29724;21.7;8.0
11;2021-04-22;1748;1319;82763;31043;22.2;8.3
11;2021-04-23;2007;1225;84770;32268;22.7;8.7
11;2021-04-24;1734;467;86504;32735;23.2;8.8
11;2021-04-25;658;178;87162;32913;23.4;8.8
11;2021-04-26;1376;836;88538;33749;23.8;9.1
11;2021-04-27;1834;1544;90372;35293;24.2;9.5
11;2021-04-28;2000;1466;92372;36759;24.8;9.9
11;2021-04-29;2246;1634;94618;38393;25.4;10.3
11;2021-04-30;2150;1422;96768;39815;26.0;10.7
11;2021-05-01;1337;341;98105;40156;26.3;10.8
11;2021-05-02;586;336;98691;40492;26.5;10.9
11;2021-05-03;1486;737;100177;41229;26.9;11.1
11;2021-05-04;1878;1430;102055;42659;27.4;11.4
11;2021-05-05;1891;1432;103946;44091;27.9;11.8
11;2021-05-06;2190;1472;106136;45563;28.5;12.2
11;2021-05-07;2103;1554;108239;47117;29.0;12.6
11;2021-05-08;893;725;109132;47842;29.3;12.8
11;2021-05-09;627;543;109759;48385;29.4;13.0
11;2021-05-10;1327;1650;111086;50035;29.8;13.4
11;2021-05-11;2036;1864;113122;51899;30.4;13.9
11;2021-05-12;1830;1631;114952;53530;30.8;14.4
11;2021-05-13;1405;413;116357;53943;31.2;14.5
11;2021-05-14;1712;1184;118069;55127;31.7;14.8
11;2021-05-15;1156;901;119225;56028;32.0;15.0
11;2021-05-16;806;165;120031;56193;32.2;15.1
11;2021-05-17;1468;1048;121499;57241;32.6;15.4
11;2021-05-18;1899;1196;123398;58437;33.1;15.7
11;2021-05-19;1848;1120;125246;59557;33.6;16.0
11;2021-05-20;1969;1091;127215;60648;34.1;16.3
11;2021-05-21;2277;1088;129492;61736;34.7;16.6
11;2021-05-22;1483;723;130975;62459;35.1;16.8
11;2021-05-23;768;67;131743;62526;35.3;16.8
11;2021-05-24;1410;226;133153;62752;35.7;16.8
11;2021-05-25;1810;1354;134963;64106;36.2;17.2
11;2021-05-26;1932;1305;136895;65411;36.7;17.6
11;2021-05-27;1984;1720;138879;67131;37.3;18.0
11;2021-05-28;1758;1895;140637;69026;37.7;18.5
11;2021-05-29;1428;1597;142065;70623;38.1;18.9
11;2021-05-30;486;395;142551;71018;38.2;19.1
11;2021-05-31;1259;1621;143810;72639;38.6;19.5
11;2021-06-01;1855;1906;145665;74545;39.1;20.0
11;2021-06-02;1758;2075;147423;76620;39.6;20.6
11;2021-06-03;2598;2412;150021;79032;40.3;21.2
11;2021-06-04;2143;2669;152164;81701;40.8;21.9
11;2021-06-05;1589;1903;153753;83604;41.3;22.4
11;2021-06-06;877;861;154630;84465;41.5;22.7
11;2021-06-07;1526;1713;156156;86178;41.9;23.1
11;2021-06-08;2036;1992;158192;88170;42.4;23.7
11;2021-06-09;1788;2191;159980;90361;42.9;24.2
11;2021-06-10;1806;2426;161786;92787;43.4;24.9
11;2021-06-11;1862;2489;163648;95276;43.9;25.6
11;2021-06-12;1452;1621;165100;96897;44.3;26.0
11;2021-06-13;711;722;165811;97619;44.5;26.2
11;2021-06-14;1032;1966;166843;99585;44.8;26.7
11;2021-06-15;1392;2682;168235;102267;45.1;27.4
11;2021-06-16;1335;2529;169570;104796;45.5;28.1
11;2021-06-17;1465;2537;171035;107333;45.9;28.8
11;2021-06-18;1517;2490;172552;109823;46.3;29.5
11;2021-06-19;1233;1407;173785;111230;46.6;29.8
11;2021-06-20;299;600;174084;111830;46.7;30.0
11;2021-06-21;840;2120;174924;113950;46.9;30.6
11;2021-06-22;1014;2605;175938;116555;47.2;31.3
11;2021-06-23;1094;2086;177032;118641;47.5;31.8
11;2021-06-24;902;2247;177934;120888;47.7;32.4
11;2021-06-25;988;2542;178922;123430;48.0;33.1
11;2021-06-26;772;1654;179694;125084;48.2;33.6
11;2021-06-27;208;686;179902;125770;48.3;33.7
11;2021-06-28;696;2299;180598;128069;48.5;34.4
11;2021-06-29;960;2597;181558;130666;48.7;35.1
11;2021-06-30;900;2521;182458;133187;49.0;35.7
11;2021-07-01;989;1886;183447;135073;49.2;36.2
11;2021-07-02;960;2537;184407;137610;49.5;36.9
11;2021-07-03;726;1801;185133;139411;49.7;37.4
11;2021-07-04;334;1109;185467;140520;49.8;37.7
11;2021-07-05;692;2131;186159;142651;49.9;38.3
11;2021-07-06;966;2519;187125;145170;50.2;39.0
11;2021-07-07;937;2514;188062;147684;50.5;39.6
11;2021-07-08;1178;1900;189240;149584;50.8;40.1
11;2021-07-09;821;1791;190061;151375;51.0;40.6
11;2021-07-10;366;1300;190427;152675;51.1;41.0
11;2021-07-11;311;561;190738;153236;51.2;41.1
11;2021-07-12;494;2666;191232;155902;51.3;41.8
11;2021-07-13;1292;3066;192524;158968;51.7;42.7
11;2021-07-14;204;234;192728;159202;51.7;42.7
11;2021-07-15;1408;2960;194136;162162;52.1;43.5
11;2021-07-16;1834;2723;195970;164885;52.6;44.2
11;2021-07-17;1073;2161;197043;167046;52.9;44.8
11;2021-07-18;650;944;197693;167990;53.0;45.1
11;2021-07-19;1324;2091;199017;170081;53.4;45.6
11;2021-07-20;1968;2400;200985;172481;53.9;46.3
11;2021-07-21;1984;2425;202969;174906;54.5;46.9
11;2021-07-22;2381;1854;205350;176760;55.1;47.4
11;2021-07-23;2212;2262;207562;179022;55.7;48.0
11;2021-07-24;1269;1618;208831;180640;56.0;48.5
11;2021-07-25;746;688;209577;181328;56.2;48.7
11;2021-07-26;1652;1411;211229;182739;56.7;49.0
11;2021-07-27;2302;1980;213531;184719;57.3;49.6
11;2021-07-28;2423;1960;215954;186679;57.9;50.1
12;2020-12-27;0;0;0;0;0.0;0.0
12;2020-12-28;0;0;0;0;0.0;0.0
12;2020-12-29;0;0;0;0;0.0;0.0
12;2020-12-30;0;0;0;0;0.0;0.0
12;2020-12-31;0;0;0;0;0.0;0.0
12;2021-01-01;0;0;0;0;0.0;0.0
12;2021-01-02;0;0;0;0;0.0;0.0
12;2021-01-03;0;0;0;0;0.0;0.0
12;2021-01-04;1;0;1;0;0.0;0.0
12;2021-01-05;0;0;1;0;0.0;0.0
12;2021-01-06;12;0;13;0;0.0;0.0
12;2021-01-07;202;0;215;0;0.1;0.0
12;2021-01-08;64;0;279;0;0.1;0.0
12;2021-01-09;0;0;279;0;0.1;0.0
12;2021-01-10;1;0;280;0;0.1;0.0
12;2021-01-11;99;0;379;0;0.1;0.0
12;2021-01-12;360;1;739;1;0.3;0.0
12;2021-01-13;285;0;1024;1;0.4;0.0
12;2021-01-14;593;9;1617;10;0.6;0.0
12;2021-01-15;366;10;1983;20;0.7;0.0
12;2021-01-16;138;2;2121;22;0.8;0.0
12;2021-01-17;0;0;2121;22;0.8;0.0
12;2021-01-18;452;0;2573;22;0.9;0.0
12;2021-01-19;603;3;3176;25;1.1;0.0
12;2021-01-20;877;2;4053;27;1.5;0.0
12;2021-01-21;728;0;4781;27;1.7;0.0
12;2021-01-22;798;1;5579;28;2.0;0.0
12;2021-01-23;381;0;5960;28;2.1;0.0
12;2021-01-24;0;0;5960;28;2.1;0.0
12;2021-01-25;451;0;6411;28;2.3;0.0
12;2021-01-26;648;0;7059;28;2.5;0.0
12;2021-01-27;1876;17;8935;45;3.2;0.0
12;2021-01-28;1883;210;10818;255;3.9;0.1
12;2021-01-29;1329;43;12147;298;4.4;0.1
12;2021-01-30;359;2;12506;300;4.5;0.1
12;2021-01-31;0;0;12506;300;4.5;0.1
12;2021-02-01;333;89;12839;389;4.6;0.1
12;2021-02-02;457;243;13296;632;4.8;0.2
12;2021-02-03;457;166;13753;798;4.9;0.3
12;2021-02-04;458;525;14211;1323;5.1;0.5
12;2021-02-05;447;183;14658;1506;5.3;0.5
12;2021-02-06;219;68;14877;1574;5.3;0.6
12;2021-02-07;8;0;14885;1574;5.3;0.6
12;2021-02-08;105;316;14990;1890;5.4;0.7
12;2021-02-09;208;341;15198;2231;5.5;0.8
12;2021-02-10;464;471;15662;2702;5.6;1.0
12;2021-02-11;538;346;16200;3048;5.8;1.1
12;2021-02-12;570;343;16770;3391;6.0;1.2
12;2021-02-13;175;133;16945;3524;6.1;1.3
12;2021-02-14;0;0;16945;3524;6.1;1.3
12;2021-02-15;174;379;17119;3903;6.1;1.4
12;2021-02-16;170;513;17289;4416;6.2;1.6
12;2021-02-17;363;1436;17652;5852;6.3;2.1
12;2021-02-18;675;1660;18327;7512;6.6;2.7
12;2021-02-19;593;972;18920;8484;6.8;3.0
12;2021-02-20;102;397;19022;8881;6.8;3.2
12;2021-02-21;0;0;19022;8881;6.8;3.2
12;2021-02-22;149;404;19171;9285;6.9;3.3
12;2021-02-23;157;561;19328;9846;6.9;3.5
12;2021-02-24;157;689;19485;10535;7.0;3.8
12;2021-02-25;200;768;19685;11303;7.1;4.1
12;2021-02-26;320;652;20005;11955;7.2;4.3
12;2021-02-27;190;350;20195;12305;7.3;4.4
12;2021-02-28;13;0;20208;12305;7.3;4.4
12;2021-03-01;50;350;20258;12655;7.3;4.5
12;2021-03-02;190;505;20448;13160;7.3;4.7
12;2021-03-03;243;388;20691;13548;7.4;4.9
12;2021-03-04;277;361;20968;13909;7.5;5.0
12;2021-03-05;421;369;21389;14278;7.7;5.1
12;2021-03-06;793;125;22182;14403;8.0;5.2
12;2021-03-07;140;31;22322;14434;8.0;5.2
12;2021-03-08;234;210;22556;14644;8.1;5.3
12;2021-03-09;715;234;23271;14878;8.4;5.3
12;2021-03-10;782;732;24053;15610;8.6;5.6
12;2021-03-11;917;656;24970;16266;9.0;5.8
12;2021-03-12;1257;522;26227;16788;9.4;6.0
12;2021-03-13;896;136;27123;16924;9.7;6.1
12;2021-03-14;45;2;27168;16926;9.8;6.1
12;2021-03-15;558;153;27726;17079;10.0;6.1
12;2021-03-16;817;158;28543;17237;10.3;6.2
12;2021-03-17;1504;160;30047;17397;10.8;6.2
12;2021-03-18;995;249;31042;17646;11.2;6.3
12;2021-03-19;1381;273;32423;17919;11.6;6.4
12;2021-03-20;724;79;33147;17998;11.9;6.5
12;2021-03-21;263;10;33410;18008;12.0;6.5
12;2021-03-22;606;172;34016;18180;12.2;6.5
12;2021-03-23;1215;171;35231;18351;12.7;6.6
12;2021-03-24;1421;196;36652;18547;13.2;6.7
12;2021-03-25;1844;200;38496;18747;13.8;6.7
12;2021-03-26;1977;221;40473;18968;14.5;6.8
12;2021-03-27;979;65;41452;19033;14.9;6.8
12;2021-03-28;60;1;41512;19034;14.9;6.8
12;2021-03-29;961;80;42473;19114;15.3;6.9
12;2021-03-30;1736;115;44209;19229;15.9;6.9
12;2021-03-31;1459;97;45668;19326;16.4;6.9
12;2021-04-01;1958;152;47626;19478;17.1;7.0
12;2021-04-02;1614;338;49240;19816;17.7;7.1
12;2021-04-03;882;94;50122;19910;18.0;7.2
12;2021-04-04;1;0;50123;19910;18.0;7.2
12;2021-04-05;645;11;50768;19921;18.2;7.2
12;2021-04-06;1153;536;51921;20457;18.7;7.3
12;2021-04-07;1649;627;53570;21084;19.2;7.6
12;2021-04-08;2096;553;55666;21637;20.0;7.8
12;2021-04-09;2111;632;57777;22269;20.8;8.0
12;2021-04-10;1427;215;59204;22484;21.3;8.1
12;2021-04-11;120;1;59324;22485;21.3;8.1
12;2021-04-12;1837;500;61161;22985;22.0;8.3
12;2021-04-13;1905;774;63066;23759;22.7;8.5
12;2021-04-14;1831;1317;64897;25076;23.3;9.0
12;2021-04-15;1938;897;66835;25973;24.0;9.3
12;2021-04-16;1675;1199;68510;27172;24.6;9.8
12;2021-04-17;1554;564;70064;27736;25.2;10.0
12;2021-04-18;0;0;70064;27736;25.2;10.0
12;2021-04-19;1687;546;71751;28282;25.8;10.2
12;2021-04-20;1546;982;73297;29264;26.3;10.5
12;2021-04-21;1690;1178;74987;30442;26.9;10.9
12;2021-04-22;1689;1094;76676;31536;27.5;11.3
12;2021-04-23;1384;1329;78060;32865;28.0;11.8
12;2021-04-24;1451;719;79511;33584;28.6;12.1
12;2021-04-25;60;0;79571;33584;28.6;12.1
12;2021-04-26;1460;898;81031;34482;29.1;12.4
12;2021-04-27;1320;1279;82351;35761;29.6;12.8
12;2021-04-28;1113;1869;83464;37630;30.0;13.5
12;2021-04-29;1570;1911;85034;39541;30.5;14.2
12;2021-04-30;1812;1823;86846;41364;31.2;14.9
12;2021-05-01;1614;259;88460;41623;31.8;15.0
12;2021-05-02;1;0;88461;41623;31.8;15.0
12;2021-05-03;1713;1245;90174;42868;32.4;15.4
12;2021-05-04;1480;1391;91654;44259;32.9;15.9
12;2021-05-05;1290;1675;92944;45934;33.4;16.5
12;2021-05-06;1753;1377;94697;47311;34.0;17.0
12;2021-05-07;1480;1773;96177;49084;34.6;17.6
12;2021-05-08;1330;461;97507;49545;35.0;17.8
12;2021-05-09;13;34;97520;49579;35.0;17.8
12;2021-05-10;826;2214;98346;51793;35.3;18.6
12;2021-05-11;931;1852;99277;53645;35.7;19.3
12;2021-05-12;949;1821;100226;55466;36.0;19.9
12;2021-05-13;1587;811;101813;56277;36.6;20.2
12;2021-05-14;1236;1532;103049;57809;37.0;20.8
12;2021-05-15;1066;1112;104115;58921;37.4;21.2
12;2021-05-16;2;19;104117;58940;37.4;21.2
12;2021-05-17;1082;1811;105199;60751;37.8;21.8
12;2021-05-18;1426;1534;106625;62285;38.3;22.4
12;2021-05-19;1914;1327;108539;63612;39.0;22.9
12;2021-05-20;2112;872;110651;64484;39.8;23.2
12;2021-05-21;1823;1253;112474;65737;40.4;23.6
12;2021-05-22;1205;1013;113679;66750;40.8;24.0
12;2021-05-23;7;12;113686;66762;40.8;24.0
12;2021-05-24;1955;539;115641;67301;41.5;24.2
12;2021-05-25;1737;1161;117378;68462;42.2;24.6
12;2021-05-26;1997;778;119375;69240;42.9;24.9
12;2021-05-27;2161;742;121536;69982;43.7;25.1
12;2021-05-28;1928;1031;123464;71013;44.4;25.5
12;2021-05-29;1636;804;125100;71817;44.9;25.8
12;2021-05-30;9;43;125109;71860;44.9;25.8
12;2021-05-31;1699;814;126808;72674;45.6;26.1
12;2021-06-01;1889;1027;128697;73701;46.2;26.5
12;2021-06-02;1977;1048;130674;74749;46.9;26.9
12;2021-06-03;2120;830;132794;75579;47.7;27.2
12;2021-06-04;1966;1415;134760;76994;48.4;27.7
12;2021-06-05;1737;982;136497;77976;49.0;28.0
12;2021-06-06;5;6;136502;77982;49.0;28.0
12;2021-06-07;1091;1802;137593;79784;49.4;28.7
12;2021-06-08;1333;1200;138926;80984;49.9;29.1
12;2021-06-09;894;1289;139820;82273;50.2;29.6
12;2021-06-10;1021;917;140841;83190;50.6;29.9
12;2021-06-11;1199;2080;142040;85270;51.0;30.6
12;2021-06-12;1033;1319;143073;86589;51.4;31.1
12;2021-06-13;6;47;143079;86636;51.4;31.1
12;2021-06-14;660;1830;143739;88466;51.6;31.8
12;2021-06-15;745;1883;144484;90349;51.9;32.5
12;2021-06-16;821;1815;145305;92164;52.2;33.1
12;2021-06-17;673;992;145978;93156;52.4;33.5
12;2021-06-18;1132;1836;147110;94992;52.8;34.1
12;2021-06-19;914;1404;148024;96396;53.2;34.6
12;2021-06-20;3;10;148027;96406;53.2;34.6
12;2021-06-21;509;1738;148536;98144;53.4;35.3
12;2021-06-22;501;1475;149037;99619;53.5;35.8
12;2021-06-23;579;1307;149616;100926;53.7;36.3
12;2021-06-24;246;543;149862;101469;53.8;36.5
12;2021-06-25;869;1836;150731;103305;54.1;37.1
12;2021-06-26;671;1527;151402;104832;54.4;37.7
12;2021-06-27;1;9;151403;104841;54.4;37.7
12;2021-06-28;468;2453;151871;107294;54.6;38.5
12;2021-06-29;564;1958;152435;109252;54.8;39.2
12;2021-06-30;829;2133;153264;111385;55.1;40.0
12;2021-07-01;342;1085;153606;112470;55.2;40.4
12;2021-07-02;792;2626;154398;115096;55.5;41.3
12;2021-07-03;563;1872;154961;116968;55.7;42.0
12;2021-07-04;0;0;154961;116968;55.7;42.0
12;2021-07-05;438;2410;155399;119378;55.8;42.9
12;2021-07-06;637;2502;156036;121880;56.1;43.8
12;2021-07-07;682;2120;156718;124000;56.3;44.5
12;2021-07-08;291;913;157009;124913;56.4;44.9
12;2021-07-09;714;2593;157723;127506;56.7;45.8
12;2021-07-10;442;2076;158165;129582;56.8;46.6
12;2021-07-11;0;0;158165;129582;56.8;46.6
12;2021-07-12;578;2442;158743;132024;57.0;47.4
12;2021-07-13;834;2590;159577;134614;57.3;48.4
12;2021-07-14;43;25;159620;134639;57.3;48.4
12;2021-07-15;787;2109;160407;136748;57.6;49.1
12;2021-07-16;1237;2554;161644;139302;58.1;50.0
12;2021-07-17;783;2009;162427;141311;58.4;50.8
12;2021-07-18;22;11;162449;141322;58.4;50.8
12;2021-07-19;1306;2001;163755;143323;58.8;51.5
12;2021-07-20;1416;1472;165171;144795;59.3;52.0
12;2021-07-21;1006;937;166177;145732;59.7;52.4
12;2021-07-22;2214;1291;168391;147023;60.5;52.8
12;2021-07-23;1854;2064;170245;149087;61.2;53.6
12;2021-07-24;1597;1564;171842;150651;61.7;54.1
12;2021-07-25;95;28;171937;150679;61.8;54.1
12;2021-07-26;1908;1432;173845;152111;62.5;54.6
12;2021-07-27;2203;1006;176048;153117;63.2;55.0
12;2021-07-28;1694;662;177742;153779;63.9;55.2
13;2020-12-27;2;0;2;0;0.0;0.0
13;2020-12-28;1;0;3;0;0.0;0.0
13;2020-12-29;0;0;3;0;0.0;0.0
13;2020-12-30;0;0;3;0;0.0;0.0
13;2020-12-31;2;0;5;0;0.0;0.0
13;2021-01-01;3;0;8;0;0.0;0.0
13;2021-01-02;3;0;11;0;0.0;0.0
13;2021-01-03;2;0;13;0;0.0;0.0
13;2021-01-04;0;0;13;0;0.0;0.0
13;2021-01-05;77;0;90;0;0.0;0.0
13;2021-01-06;118;0;208;0;0.0;0.0
13;2021-01-07;173;1;381;1;0.0;0.0
13;2021-01-08;185;0;566;1;0.0;0.0
13;2021-01-09;10;0;576;1;0.0;0.0
13;2021-01-10;2;0;578;1;0.0;0.0
13;2021-01-11;480;2;1058;3;0.1;0.0
13;2021-01-12;812;1;1870;4;0.1;0.0
13;2021-01-13;1083;1;2953;5;0.1;0.0
13;2021-01-14;1564;17;4517;22;0.2;0.0
13;2021-01-15;1532;6;6049;28;0.3;0.0
13;2021-01-16;407;2;6456;30;0.3;0.0
13;2021-01-17;41;0;6497;30;0.3;0.0
13;2021-01-18;2371;9;8868;39;0.4;0.0
13;2021-01-19;7399;26;16267;65;0.8;0.0
13;2021-01-20;5547;16;21814;81;1.1;0.0
13;2021-01-21;5346;24;27160;105;1.3;0.0
13;2021-01-22;3987;17;31147;122;1.5;0.0
13;2021-01-23;1335;6;32482;128;1.6;0.0
13;2021-01-24;489;3;32971;131;1.6;0.0
13;2021-01-25;2331;24;35302;155;1.7;0.0
13;2021-01-26;2947;89;38249;244;1.9;0.0
13;2021-01-27;3111;121;41360;365;2.0;0.0
13;2021-01-28;3233;191;44593;556;2.2;0.0
13;2021-01-29;2505;123;47098;679;2.3;0.0
13;2021-01-30;1021;8;48119;687;2.4;0.0
13;2021-01-31;246;0;48365;687;2.4;0.0
13;2021-02-01;1852;296;50217;983;2.5;0.0
13;2021-02-02;2253;616;52470;1599;2.6;0.1
13;2021-02-03;1859;580;54329;2179;2.7;0.1
13;2021-02-04;1897;931;56226;3110;2.8;0.2
13;2021-02-05;2623;1560;58849;4670;2.9;0.2
13;2021-02-06;845;313;59694;4983;2.9;0.2
13;2021-02-07;274;6;59968;4989;2.9;0.2
13;2021-02-08;1895;1551;61863;6540;3.0;0.3
13;2021-02-09;3303;4453;65166;10993;3.2;0.5
13;2021-02-10;3217;3429;68383;14422;3.4;0.7
13;2021-02-11;3570;3580;71953;18002;3.5;0.9
13;2021-02-12;2826;3157;74779;21159;3.7;1.0
13;2021-02-13;730;597;75509;21756;3.7;1.1
13;2021-02-14;71;378;75580;22134;3.7;1.1
13;2021-02-15;964;2036;76544;24170;3.8;1.2
13;2021-02-16;1391;2646;77935;26816;3.8;1.3
13;2021-02-17;1343;3010;79278;29826;3.9;1.5
13;2021-02-18;1894;2688;81172;32514;4.0;1.6
13;2021-02-19;1513;2195;82685;34709;4.1;1.7
13;2021-02-20;456;788;83141;35497;4.1;1.7
13;2021-02-21;30;286;83171;35783;4.1;1.8
13;2021-02-22;1022;2275;84193;38058;4.1;1.9
13;2021-02-23;1276;2681;85469;40739;4.2;2.0
13;2021-02-24;1504;2627;86973;43366;4.3;2.1
13;2021-02-25;2381;2157;89354;45523;4.4;2.2
13;2021-02-26;2455;2115;91809;47638;4.5;2.3
13;2021-02-27;980;747;92789;48385;4.6;2.4
13;2021-02-28;192;204;92981;48589;4.6;2.4
13;2021-03-01;1913;1533;94894;50122;4.7;2.5
13;2021-03-02;3002;2617;97896;52739;4.8;2.6
13;2021-03-03;3476;2622;101372;55361;5.0;2.7
13;2021-03-04;4188;3159;105560;58520;5.2;2.9
13;2021-03-05;4044;2787;109604;61307;5.4;3.0
13;2021-03-06;5293;822;114897;62129;5.6;3.1
13;2021-03-07;4289;358;119186;62487;5.9;3.1
13;2021-03-08;3922;1989;123108;64476;6.1;3.2
13;2021-03-09;5064;2257;128172;66733;6.3;3.3
13;2021-03-10;5170;1963;133342;68696;6.6;3.4
13;2021-03-11;7295;2107;140637;70803;6.9;3.5
13;2021-03-12;8312;2068;148949;72871;7.3;3.6
13;2021-03-13;6372;698;155321;73569;7.6;3.6
13;2021-03-14;2309;147;157630;73716;7.7;3.6
13;2021-03-15;6349;1281;163979;74997;8.1;3.7
13;2021-03-16;5066;1507;169045;76504;8.3;3.8
13;2021-03-17;5171;1381;174216;77885;8.6;3.8
13;2021-03-18;5814;1851;180030;79736;8.8;3.9
13;2021-03-19;6797;1599;186827;81335;9.2;4.0
13;2021-03-20;4034;689;190861;82024;9.4;4.0
13;2021-03-21;719;81;191580;82105;9.4;4.0
13;2021-03-22;7289;1546;198869;83651;9.8;4.1
13;2021-03-23;9114;1721;207983;85372;10.2;4.2
13;2021-03-24;8846;2170;216829;87542;10.7;4.3
13;2021-03-25;10898;2076;227727;89618;11.2;4.4
13;2021-03-26;10704;1864;238431;91482;11.7;4.5
13;2021-03-27;4862;823;243293;92305;12.0;4.5
13;2021-03-28;1115;80;244408;92385;12.0;4.5
13;2021-03-29;7571;1972;251979;94357;12.4;4.6
13;2021-03-30;12590;2467;264569;96824;13.0;4.8
13;2021-03-31;10800;3111;275369;99935;13.5;4.9
13;2021-04-01;12248;3029;287617;102964;14.1;5.1
13;2021-04-02;9786;3858;297403;106822;14.6;5.3
13;2021-04-03;4000;2802;301403;109624;14.8;5.4
13;2021-04-04;627;305;302030;109929;14.8;5.4
13;2021-04-05;3521;714;305551;110643;15.0;5.4
13;2021-04-06;8502;4228;314053;114871;15.4;5.6
13;2021-04-07;10071;4657;324124;119528;15.9;5.9
13;2021-04-08;10098;5437;334222;124965;16.4;6.1
13;2021-04-09;11249;5085;345471;130050;17.0;6.4
13;2021-04-10;7295;2074;352766;132124;17.3;6.5
13;2021-04-11;1378;532;354144;132656;17.4;6.5
13;2021-04-12;7971;4769;362115;137425;17.8;6.8
13;2021-04-13;9136;5453;371251;142878;18.2;7.0
13;2021-04-14;9523;5787;380774;148665;18.7;7.3
13;2021-04-15;9865;5929;390639;154594;19.2;7.6
13;2021-04-16;9960;5538;400599;160132;19.7;7.9
13;2021-04-17;4077;2010;404676;162142;19.9;8.0
13;2021-04-18;2520;1419;407196;163561;20.0;8.0
13;2021-04-19;6443;6395;413639;169956;20.3;8.4
13;2021-04-20;7394;7591;421033;177547;20.7;8.7
13;2021-04-21;7768;7351;428801;184898;21.1;9.1
13;2021-04-22;8458;7907;437259;192805;21.5;9.5
13;2021-04-23;8350;6748;445609;199553;21.9;9.8
13;2021-04-24;4618;3814;450227;203367;22.1;10.0
13;2021-04-25;872;523;451099;203890;22.2;10.0
13;2021-04-26;6164;7108;457263;210998;22.5;10.4
13;2021-04-27;7254;8014;464517;219012;22.8;10.8
13;2021-04-28;9445;7703;473962;226715;23.3;11.1
13;2021-04-29;11399;7526;485361;234241;23.9;11.5
13;2021-04-30;10916;7298;496277;241539;24.4;11.9
13;2021-05-01;5368;3783;501645;245322;24.7;12.1
13;2021-05-02;2096;746;503741;246068;24.8;12.1
13;2021-05-03;7300;7851;511041;253919;25.1;12.5
13;2021-05-04;8439;8508;519480;262427;25.5;12.9
13;2021-05-05;8223;8956;527703;271383;25.9;13.3
13;2021-05-06;10130;8570;537833;279953;26.4;13.8
13;2021-05-07;8844;10019;546677;289972;26.9;14.3
13;2021-05-08;4561;3921;551238;293893;27.1;14.4
13;2021-05-09;935;684;552173;294577;27.1;14.5
13;2021-05-10;7710;8760;559883;303337;27.5;14.9
13;2021-05-11;10973;9558;570856;312895;28.1;15.4
13;2021-05-12;12837;8707;583693;321602;28.7;15.8
13;2021-05-13;9507;3624;593200;325226;29.2;16.0
13;2021-05-14;13653;6441;606853;331667;29.8;16.3
13;2021-05-15;10201;4525;617054;336192;30.3;16.5
13;2021-05-16;3123;788;620177;336980;30.5;16.6
13;2021-05-17;10838;6804;631015;343784;31.0;16.9
13;2021-05-18;11905;6455;642920;350239;31.6;17.2
13;2021-05-19;12154;6327;655074;356566;32.2;17.5
13;2021-05-20;13440;6443;668514;363009;32.9;17.8
13;2021-05-21;12982;6767;681496;369776;33.5;18.2
13;2021-05-22;7514;3632;689010;373408;33.9;18.4
13;2021-05-23;863;638;689873;374046;33.9;18.4
13;2021-05-24;6763;2474;696636;376520;34.2;18.5
13;2021-05-25;9269;7589;705905;384109;34.7;18.9
13;2021-05-26;10132;7837;716037;391946;35.2;19.3
13;2021-05-27;10347;8411;726384;400357;35.7;19.7
13;2021-05-28;8982;9159;735366;409516;36.1;20.1
13;2021-05-29;7171;4627;742537;414143;36.5;20.4
13;2021-05-30;890;527;743427;414670;36.5;20.4
13;2021-05-31;8184;8025;751611;422695;36.9;20.8
13;2021-06-01;9575;9296;761186;431991;37.4;21.2
13;2021-06-02;10071;8780;771257;440771;37.9;21.7
13;2021-06-03;12276;9467;783533;450238;38.5;22.1
13;2021-06-04;12029;10032;795562;460270;39.1;22.6
13;2021-06-05;7807;5575;803369;465845;39.5;22.9
13;2021-06-06;1666;882;805035;466727;39.6;22.9
13;2021-06-07;6676;9879;811711;476606;39.9;23.4
13;2021-06-08;8310;9978;820021;486584;40.3;23.9
13;2021-06-09;8376;9721;828397;496305;40.7;24.4
13;2021-06-10;8926;9748;837323;506053;41.2;24.9
13;2021-06-11;8228;12689;845551;518742;41.6;25.5
13;2021-06-12;5770;6696;851321;525438;41.8;25.8
13;2021-06-13;950;1213;852271;526651;41.9;25.9
13;2021-06-14;5989;11130;858260;537781;42.2;26.4
13;2021-06-15;7264;11391;865524;549172;42.5;27.0
13;2021-06-16;7327;9868;872851;559040;42.9;27.5
13;2021-06-17;7416;10693;880267;569733;43.3;28.0
13;2021-06-18;7478;11063;887745;580796;43.6;28.5
13;2021-06-19;4600;7476;892345;588272;43.9;28.9
13;2021-06-20;953;1044;893298;589316;43.9;29.0
13;2021-06-21;4448;12246;897746;601562;44.1;29.6
13;2021-06-22;4921;13863;902667;615425;44.4;30.2
13;2021-06-23;5117;13558;907784;628983;44.6;30.9
13;2021-06-24;5295;12826;913079;641809;44.9;31.5
13;2021-06-25;5168;14670;918247;656479;45.1;32.3
13;2021-06-26;3008;9658;921255;666137;45.3;32.7
13;2021-06-27;532;928;921787;667065;45.3;32.8
13;2021-06-28;3704;12553;925491;679618;45.5;33.4
13;2021-06-29;4402;12882;929893;692500;45.7;34.0
13;2021-06-30;4790;12685;934683;705185;45.9;34.7
13;2021-07-01;5360;11472;940043;716657;46.2;35.2
13;2021-07-02;5432;12391;945475;729048;46.5;35.8
13;2021-07-03;3476;9155;948951;738203;46.6;36.3
13;2021-07-04;468;869;949419;739072;46.7;36.3
13;2021-07-05;3670;11775;953089;750847;46.8;36.9
13;2021-07-06;5398;11671;958487;762518;47.1;37.5
13;2021-07-07;5549;10673;964036;773191;47.4;38.0
13;2021-07-08;6137;10282;970173;783473;47.7;38.5
13;2021-07-09;5832;11894;976005;795367;48.0;39.1
13;2021-07-10;3131;8627;979136;803994;48.1;39.5
13;2021-07-11;425;1012;979561;805006;48.1;39.6
13;2021-07-12;4417;10948;983978;815954;48.4;40.1
13;2021-07-13;8861;13082;992839;829036;48.8;40.7
13;2021-07-14;5563;4812;998402;833848;49.1;41.0
13;2021-07-15;11304;12836;1009706;846684;49.6;41.6
13;2021-07-16;12054;12815;1021760;859499;50.2;42.2
13;2021-07-17;6531;8418;1028291;867917;50.5;42.7
13;2021-07-18;716;1055;1029007;868972;50.6;42.7
13;2021-07-19;9714;11098;1038721;880070;51.1;43.3
13;2021-07-20;12162;11580;1050883;891650;51.7;43.8
13;2021-07-21;12535;10211;1063418;901861;52.3;44.3
13;2021-07-22;14436;10308;1077854;912169;53.0;44.8
13;2021-07-23;14278;10782;1092132;922951;53.7;45.4
13;2021-07-24;8265;7888;1100397;930839;54.1;45.8
13;2021-07-25;1007;776;1101404;931615;54.1;45.8
13;2021-07-26;11512;8943;1112916;940558;54.7;46.2
13;2021-07-27;13361;9183;1126277;949741;55.4;46.7
13;2021-07-28;12059;7957;1138336;957698;56.0;47.1
14;2020-12-27;0;0;0;0;0.0;0.0
14;2020-12-28;1;1;1;1;0.0;0.0
14;2020-12-29;0;0;1;1;0.0;0.0
14;2020-12-30;0;0;1;1;0.0;0.0
14;2020-12-31;3;0;4;1;0.0;0.0
14;2021-01-01;1;0;5;1;0.0;0.0
14;2021-01-02;1;0;6;1;0.0;0.0
14;2021-01-03;0;0;6;1;0.0;0.0
14;2021-01-04;2;0;8;1;0.0;0.0
14;2021-01-05;13;0;21;1;0.0;0.0
14;2021-01-06;348;0;369;1;0.1;0.0
14;2021-01-07;396;1;765;2;0.1;0.0
14;2021-01-08;613;2;1378;4;0.2;0.0
14;2021-01-09;125;0;1503;4;0.2;0.0
14;2021-01-10;41;0;1544;4;0.2;0.0
14;2021-01-11;663;1;2207;5;0.3;0.0
14;2021-01-12;934;0;3141;5;0.5;0.0
14;2021-01-13;846;1;3987;6;0.6;0.0
14;2021-01-14;2799;17;6786;23;1.0;0.0
14;2021-01-15;1877;21;8663;44;1.3;0.0
14;2021-01-16;271;2;8934;46;1.3;0.0
14;2021-01-17;145;4;9079;50;1.3;0.0
14;2021-01-18;1084;2;10163;52;1.5;0.0
14;2021-01-19;1148;1;11311;53;1.6;0.0
14;2021-01-20;1987;4;13298;57;1.9;0.0
14;2021-01-21;1811;5;15109;62;2.2;0.0
14;2021-01-22;1487;2;16596;64;2.4;0.0
14;2021-01-23;297;1;16893;65;2.4;0.0
14;2021-01-24;71;0;16964;65;2.5;0.0
14;2021-01-25;910;10;17874;75;2.6;0.0
14;2021-01-26;846;36;18720;111;2.7;0.0
14;2021-01-27;880;158;19600;269;2.8;0.0
14;2021-01-28;781;144;20381;413;2.9;0.1
14;2021-01-29;781;229;21162;642;3.1;0.1
14;2021-01-30;269;12;21431;654;3.1;0.1
14;2021-01-31;58;3;21489;657;3.1;0.1
14;2021-02-01;725;230;22214;887;3.2;0.1
14;2021-02-02;823;423;23037;1310;3.3;0.2
14;2021-02-03;745;389;23782;1699;3.4;0.2
14;2021-02-04;1168;2061;24950;3760;3.6;0.5
14;2021-02-05;1293;1316;26243;5076;3.8;0.7
14;2021-02-06;393;240;26636;5316;3.9;0.8
14;2021-02-07;178;73;26814;5389;3.9;0.8
14;2021-02-08;773;825;27587;6214;4.0;0.9
14;2021-02-09;719;1009;28306;7223;4.1;1.0
14;2021-02-10;824;1611;29130;8834;4.2;1.3
14;2021-02-11;1350;1433;30480;10267;4.4;1.5
14;2021-02-12;1380;1083;31860;11350;4.6;1.6
14;2021-02-13;307;185;32167;11535;4.7;1.7
14;2021-02-14;84;68;32251;11603;4.7;1.7
14;2021-02-15;442;1087;32693;12690;4.7;1.8
14;2021-02-16;675;983;33368;13673;4.8;2.0
14;2021-02-17;405;984;33773;14657;4.9;2.1
14;2021-02-18;705;879;34478;15536;5.0;2.2
14;2021-02-19;733;780;35211;16316;5.1;2.4
14;2021-02-20;88;271;35299;16587;5.1;2.4
14;2021-02-21;6;90;35305;16677;5.1;2.4
14;2021-02-22;432;1049;35737;17726;5.2;2.6
14;2021-02-23;485;920;36222;18646;5.2;2.7
14;2021-02-24;439;896;36661;19542;5.3;2.8
14;2021-02-25;1221;1175;37882;20717;5.5;3.0
14;2021-02-26;1576;1165;39458;21882;5.7;3.2
14;2021-02-27;505;269;39963;22151;5.8;3.2
14;2021-02-28;27;42;39990;22193;5.8;3.2
14;2021-03-01;520;928;40510;23121;5.9;3.3
14;2021-03-02;967;811;41477;23932;6.0;3.5
14;2021-03-03;1078;831;42555;24763;6.2;3.6
14;2021-03-04;1948;777;44503;25540;6.4;3.7
14;2021-03-05;2429;868;46932;26408;6.8;3.8
14;2021-03-06;3074;195;50006;26603;7.2;3.8
14;2021-03-07;1195;60;51201;26663;7.4;3.9
14;2021-03-08;1250;813;52451;27476;7.6;4.0
14;2021-03-09;1741;694;54192;28170;7.8;4.1
14;2021-03-10;1834;585;56026;28755;8.1;4.2
14;2021-03-11;2748;468;58774;29223;8.5;4.2
14;2021-03-12;4042;554;62816;29777;9.1;4.3
14;2021-03-13;1849;169;64665;29946;9.4;4.3
14;2021-03-14;30;39;64695;29985;9.4;4.3
14;2021-03-15;2005;134;66700;30119;9.6;4.4
14;2021-03-16;1399;277;68099;30396;9.8;4.4
14;2021-03-17;1155;194;69254;30590;10.0;4.4
14;2021-03-18;1479;304;70733;30894;10.2;4.5
14;2021-03-19;2601;265;73334;31159;10.6;4.5
14;2021-03-20;2655;33;75989;31192;11.0;4.5
14;2021-03-21;453;8;76442;31200;11.1;4.5
14;2021-03-22;1870;356;78312;31556;11.3;4.6
14;2021-03-23;2173;320;80485;31876;11.6;4.6
14;2021-03-24;2430;190;82915;32066;12.0;4.6
14;2021-03-25;3290;313;86205;32379;12.5;4.7
14;2021-03-26;4604;462;90809;32841;13.1;4.7
14;2021-03-27;2231;225;93040;33066;13.5;4.8
14;2021-03-28;36;1;93076;33067;13.5;4.8
14;2021-03-29;1606;478;94682;33545;13.7;4.9
14;2021-03-30;2715;514;97397;34059;14.1;4.9
14;2021-03-31;2319;909;99716;34968;14.4;5.1
14;2021-04-01;4171;1663;103887;36631;15.0;5.3
14;2021-04-02;3864;1259;107751;37890;15.6;5.5
14;2021-04-03;1129;1201;108880;39091;15.7;5.7
14;2021-04-04;25;483;108905;39574;15.8;5.7
14;2021-04-05;1217;321;110122;39895;15.9;5.8
14;2021-04-06;2383;990;112505;40885;16.3;5.9
14;2021-04-07;2721;1026;115226;41911;16.7;6.1
14;2021-04-08;4299;1104;119525;43015;17.3;6.2
14;2021-04-09;6028;1161;125553;44176;18.2;6.4
14;2021-04-10;2894;429;128447;44605;18.6;6.5
14;2021-04-11;628;119;129075;44724;18.7;6.5
14;2021-04-12;2911;1577;131986;46301;19.1;6.7
14;2021-04-13;3470;1436;135456;47737;19.6;6.9
14;2021-04-14;3110;1163;138566;48900;20.0;7.1
14;2021-04-15;4394;1510;142960;50410;20.7;7.3
14;2021-04-16;4600;1551;147560;51961;21.3;7.5
14;2021-04-17;2314;1658;149874;53619;21.7;7.8
14;2021-04-18;539;325;150413;53944;21.8;7.8
14;2021-04-19;2756;1705;153169;55649;22.2;8.0
14;2021-04-20;3387;1828;156556;57477;22.6;8.3
14;2021-04-21;3006;1465;159562;58942;23.1;8.5
14;2021-04-22;4222;2073;163784;61015;23.7;8.8
14;2021-04-23;4638;2279;168422;63294;24.4;9.2
14;2021-04-24;1850;1751;170272;65045;24.6;9.4
14;2021-04-25;456;27;170728;65072;24.7;9.4
14;2021-04-26;3372;1566;174100;66638;25.2;9.6
14;2021-04-27;3499;2568;177599;69206;25.7;10.0
14;2021-04-28;3239;1892;180838;71098;26.2;10.3
14;2021-04-29;4543;2308;185381;73406;26.8;10.6
14;2021-04-30;5120;2633;190501;76039;27.6;11.0
14;2021-05-01;3554;191;194055;76230;28.1;11.0
14;2021-05-02;1237;54;195292;76284;28.2;11.0
14;2021-05-03;2481;2764;197773;79048;28.6;11.4
14;2021-05-04;3126;2903;200899;81951;29.1;11.9
14;2021-05-05;3682;2754;204581;84705;29.6;12.3
14;2021-05-06;4931;3476;209512;88181;30.3;12.8
14;2021-05-07;4864;3852;214376;92033;31.0;13.3
14;2021-05-08;2728;1259;217104;93292;31.4;13.5
14;2021-05-09;1915;663;219019;93955;31.7;13.6
14;2021-05-10;3630;3149;222649;97104;32.2;14.0
14;2021-05-11;4345;3597;226994;100701;32.8;14.6
14;2021-05-12;4048;3210;231042;103911;33.4;15.0
14;2021-05-13;4692;1132;235734;105043;34.1;15.2
14;2021-05-14;6671;2627;242405;107670;35.1;15.6
14;2021-05-15;5141;770;247546;108440;35.8;15.7
14;2021-05-16;2318;121;249864;108561;36.1;15.7
14;2021-05-17;2821;2263;252685;110824;36.5;16.0
14;2021-05-18;4086;2241;256771;113065;37.1;16.4
14;2021-05-19;3747;2017;260518;115082;37.7;16.6
14;2021-05-20;4476;2762;264994;117844;38.3;17.0
14;2021-05-21;4269;3526;269263;121370;38.9;17.6
14;2021-05-22;1668;865;270931;122235;39.2;17.7
14;2021-05-23;648;71;271579;122306;39.3;17.7
14;2021-05-24;2843;748;274422;123054;39.7;17.8
14;2021-05-25;3627;3391;278049;126445;40.2;18.3
14;2021-05-26;3431;2406;281480;128851;40.7;18.6
14;2021-05-27;4770;3235;286250;132086;41.4;19.1
14;2021-05-28;5087;3892;291337;135978;42.1;19.7
14;2021-05-29;2339;2455;293676;138433;42.5;20.0
14;2021-05-30;757;239;294433;138672;42.6;20.1
14;2021-05-31;4091;2963;298524;141635;43.2;20.5
14;2021-06-01;5739;3215;304263;144850;44.0;20.9
14;2021-06-02;5028;2850;309291;147700;44.7;21.4
14;2021-06-03;6654;4011;315945;151711;45.7;21.9
14;2021-06-04;6443;5136;322388;156847;46.6;22.7
14;2021-06-05;4348;1865;326736;158712;47.3;23.0
14;2021-06-06;2042;83;328778;158795;47.5;23.0
14;2021-06-07;4245;3449;333023;162244;48.2;23.5
14;2021-06-08;5236;3128;338259;165372;48.9;23.9
14;2021-06-09;4271;2964;342530;168336;49.5;24.3
14;2021-06-10;5076;2965;347606;171301;50.3;24.8
14;2021-06-11;4837;4884;352443;176185;51.0;25.5
14;2021-06-12;3680;4505;356123;180690;51.5;26.1
14;2021-06-13;848;1091;356971;181781;51.6;26.3
14;2021-06-14;2184;3790;359155;185571;51.9;26.8
14;2021-06-15;3308;3967;362463;189538;52.4;27.4
14;2021-06-16;3445;4552;365908;194090;52.9;28.1
14;2021-06-17;4228;5260;370136;199350;53.5;28.8
14;2021-06-18;3726;6118;373862;205468;54.1;29.7
14;2021-06-19;2585;2949;376447;208417;54.4;30.1
14;2021-06-20;576;1557;377023;209974;54.5;30.4
14;2021-06-21;2112;4356;379135;214330;54.8;31.0
14;2021-06-22;2573;5177;381708;219507;55.2;31.7
14;2021-06-23;2495;4344;384203;223851;55.6;32.4
14;2021-06-24;3432;5798;387635;229649;56.1;33.2
14;2021-06-25;2731;7276;390366;236925;56.5;34.3
14;2021-06-26;2170;4537;392536;241462;56.8;34.9
14;2021-06-27;440;1828;392976;243290;56.8;35.2
14;2021-06-28;1299;3968;394275;247258;57.0;35.8
14;2021-06-29;1781;5367;396056;252625;57.3;36.5
14;2021-06-30;1964;4614;398020;257239;57.6;37.2
14;2021-07-01;2911;5069;400931;262308;58.0;37.9
14;2021-07-02;2576;6670;403507;268978;58.4;38.9
14;2021-07-03;1421;2651;404928;271629;58.6;39.3
14;2021-07-04;416;715;405344;272344;58.6;39.4
14;2021-07-05;1182;4787;406526;277131;58.8;40.1
14;2021-07-06;2066;6008;408592;283139;59.1;40.9
14;2021-07-07;2239;4586;410831;287725;59.4;41.6
14;2021-07-08;2879;5522;413710;293247;59.8;42.4
14;2021-07-09;2741;6451;416451;299698;60.2;43.3
14;2021-07-10;2023;3204;418474;302902;60.5;43.8
14;2021-07-11;895;873;419369;303775;60.7;43.9
14;2021-07-12;1617;5911;420986;309686;60.9;44.8
14;2021-07-13;3049;7341;424035;317027;61.3;45.8
14;2021-07-14;2232;3049;426267;320076;61.6;46.3
14;2021-07-15;4138;7658;430405;327734;62.2;47.4
14;2021-07-16;4677;7697;435082;335431;62.9;48.5
14;2021-07-17;2097;4205;437179;339636;63.2;49.1
14;2021-07-18;806;1866;437985;341502;63.3;49.4
14;2021-07-19;2563;6116;440548;347618;63.7;50.3
14;2021-07-20;3229;7257;443777;354875;64.2;51.3
14;2021-07-21;4079;5830;447856;360705;64.8;52.2
14;2021-07-22;4740;6585;452596;367290;65.5;53.1
14;2021-07-23;5352;6745;457948;374035;66.2;54.1
14;2021-07-24;3059;3774;461007;377809;66.7;54.6
14;2021-07-25;1495;1242;462502;379051;66.9;54.8
14;2021-07-26;4609;4175;467111;383226;67.6;55.4
14;2021-07-27;5345;4339;472456;387565;68.3;56.1
14;2021-07-28;5060;3945;477516;391510;69.1;56.6
15;2020-12-27;2;0;2;0;0.0;0.0
15;2020-12-28;0;0;2;0;0.0;0.0
15;2020-12-29;0;0;2;0;0.0;0.0
15;2020-12-30;0;0;2;0;0.0;0.0
15;2020-12-31;0;0;2;0;0.0;0.0
15;2021-01-01;1;0;3;0;0.0;0.0
15;2021-01-02;0;0;3;0;0.0;0.0
15;2021-01-03;0;0;3;0;0.0;0.0
15;2021-01-04;0;0;3;0;0.0;0.0
15;2021-01-05;0;0;3;0;0.0;0.0
15;2021-01-06;0;0;3;0;0.0;0.0
15;2021-01-07;71;0;74;0;0.1;0.0
15;2021-01-08;108;0;182;0;0.1;0.0
15;2021-01-09;0;0;182;0;0.1;0.0
15;2021-01-10;1;0;183;0;0.1;0.0
15;2021-01-11;99;0;282;0;0.2;0.0
15;2021-01-12;92;0;374;0;0.3;0.0
15;2021-01-13;230;0;604;0;0.4;0.0
15;2021-01-14;307;1;911;1;0.6;0.0
15;2021-01-15;138;0;1049;1;0.7;0.0
15;2021-01-16;90;0;1139;1;0.8;0.0
15;2021-01-17;0;0;1139;1;0.8;0.0
15;2021-01-18;404;2;1543;3;1.1;0.0
15;2021-01-19;550;0;2093;3;1.5;0.0
15;2021-01-20;628;0;2721;3;1.9;0.0
15;2021-01-21;575;3;3296;6;2.3;0.0
15;2021-01-22;503;2;3799;8;2.7;0.0
15;2021-01-23;432;1;4231;9;3.0;0.0
15;2021-01-24;6;0;4237;9;3.0;0.0
15;2021-01-25;399;0;4636;9;3.2;0.0
15;2021-01-26;437;0;5073;9;3.6;0.0
15;2021-01-27;726;0;5799;9;4.1;0.0
15;2021-01-28;625;51;6424;60;4.5;0.0
15;2021-01-29;332;82;6756;142;4.7;0.1
15;2021-01-30;218;3;6974;145;4.9;0.1
15;2021-01-31;0;0;6974;145;4.9;0.1
15;2021-02-01;237;89;7211;234;5.0;0.2
15;2021-02-02;189;90;7400;324;5.2;0.2
15;2021-02-03;266;158;7666;482;5.4;0.3
15;2021-02-04;663;205;8329;687;5.8;0.5
15;2021-02-05;296;256;8625;943;6.0;0.7
15;2021-02-06;98;76;8723;1019;6.1;0.7
15;2021-02-07;0;0;8723;1019;6.1;0.7
15;2021-02-08;233;107;8956;1126;6.3;0.8
15;2021-02-09;205;118;9161;1244;6.4;0.9
15;2021-02-10;338;298;9499;1542;6.7;1.1
15;2021-02-11;115;240;9614;1782;6.7;1.2
15;2021-02-12;136;160;9750;1942;6.8;1.4
15;2021-02-13;92;78;9842;2020;6.9;1.4
15;2021-02-14;0;0;9842;2020;6.9;1.4
15;2021-02-15;63;215;9905;2235;6.9;1.6
15;2021-02-16;52;294;9957;2529;7.0;1.8
15;2021-02-17;143;471;10100;3000;7.1;2.1
15;2021-02-18;87;747;10187;3747;7.1;2.6
15;2021-02-19;90;432;10277;4179;7.2;2.9
15;2021-02-20;20;259;10297;4438;7.2;3.1
15;2021-02-21;0;0;10297;4438;7.2;3.1
15;2021-02-22;23;497;10320;4935;7.2;3.5
15;2021-02-23;180;457;10500;5392;7.4;3.8
15;2021-02-24;31;456;10531;5848;7.4;4.1
15;2021-02-25;228;1002;10759;6850;7.5;4.8
15;2021-02-26;186;475;10945;7325;7.7;5.1
15;2021-02-27;146;88;11091;7413;7.8;5.2
15;2021-02-28;1;0;11092;7413;7.8;5.2
15;2021-03-01;121;222;11213;7635;7.9;5.3
15;2021-03-02;249;307;11462;7942;8.0;5.6
15;2021-03-03;207;29;11669;7971;8.2;5.6
15;2021-03-04;245;247;11914;8218;8.3;5.8
15;2021-03-05;347;170;12261;8388;8.6;5.9
15;2021-03-06;680;11;12941;8399;9.1;5.9
15;2021-03-07;80;0;13021;8399;9.1;5.9
15;2021-03-08;93;106;13114;8505;9.2;6.0
15;2021-03-09;281;285;13395;8790;9.4;6.2
15;2021-03-10;416;160;13811;8950;9.7;6.3
15;2021-03-11;434;296;14245;9246;10.0;6.5
15;2021-03-12;524;94;14769;9340;10.3;6.5
15;2021-03-13;354;8;15123;9348;10.6;6.5
15;2021-03-14;18;0;15141;9348;10.6;6.5
15;2021-03-15;542;61;15683;9409;11.0;6.6
15;2021-03-16;328;20;16011;9429;11.2;6.6
15;2021-03-17;130;53;16141;9482;11.3;6.6
15;2021-03-18;250;95;16391;9577;11.5;6.7
15;2021-03-19;668;30;17059;9607;11.9;6.7
15;2021-03-20;148;36;17207;9643;12.0;6.8
15;2021-03-21;6;0;17213;9643;12.1;6.8
15;2021-03-22;573;74;17786;9717;12.5;6.8
15;2021-03-23;775;93;18561;9810;13.0;6.9
15;2021-03-24;936;33;19497;9843;13.7;6.9
15;2021-03-25;1282;24;20779;9867;14.5;6.9
15;2021-03-26;1009;53;21788;9920;15.3;6.9
15;2021-03-27;301;6;22089;9926;15.5;7.0
15;2021-03-28;20;0;22109;9926;15.5;7.0
15;2021-03-29;781;15;22890;9941;16.0;7.0
15;2021-03-30;1133;198;24023;10139;16.8;7.1
15;2021-03-31;937;21;24960;10160;17.5;7.1
15;2021-04-01;1233;54;26193;10214;18.3;7.2
15;2021-04-02;1141;57;27334;10271;19.1;7.2
15;2021-04-03;120;18;27454;10289;19.2;7.2
15;2021-04-04;0;0;27454;10289;19.2;7.2
15;2021-04-05;33;1;27487;10290;19.2;7.2
15;2021-04-06;834;79;28321;10369;19.8;7.3
15;2021-04-07;662;101;28983;10470;20.3;7.3
15;2021-04-08;1247;132;30230;10602;21.2;7.4
15;2021-04-09;1275;95;31505;10697;22.1;7.5
15;2021-04-10;364;19;31869;10716;22.3;7.5
15;2021-04-11;13;0;31882;10716;22.3;7.5
15;2021-04-12;644;457;32526;11173;22.8;7.8
15;2021-04-13;1124;322;33650;11495;23.6;8.0
15;2021-04-14;1038;196;34688;11691;24.3;8.2
15;2021-04-15;1183;304;35871;11995;25.1;8.4
15;2021-04-16;1038;555;36909;12550;25.8;8.8
15;2021-04-17;443;11;37352;12561;26.2;8.8
15;2021-04-18;0;10;37352;12571;26.2;8.8
15;2021-04-19;540;513;37892;13084;26.5;9.2
15;2021-04-20;847;613;38739;13697;27.1;9.6
15;2021-04-21;599;649;39338;14346;27.5;10.0
15;2021-04-22;728;773;40066;15119;28.1;10.6
15;2021-04-23;729;676;40795;15795;28.6;11.1
15;2021-04-24;363;123;41158;15918;28.8;11.1
15;2021-04-25;1;3;41159;15921;28.8;11.1
15;2021-04-26;324;632;41483;16553;29.0;11.6
15;2021-04-27;469;934;41952;17487;29.4;12.2
15;2021-04-28;378;788;42330;18275;29.6;12.8
15;2021-04-29;586;1010;42916;19285;30.1;13.5
15;2021-04-30;547;1078;43463;20363;30.4;14.3
15;2021-05-01;283;30;43746;20393;30.6;14.3
15;2021-05-02;0;0;43746;20393;30.6;14.3
15;2021-05-03;881;331;44627;20724;31.2;14.5
15;2021-05-04;802;855;45429;21579;31.8;15.1
15;2021-05-05;676;678;46105;22257;32.3;15.6
15;2021-05-06;826;966;46931;23223;32.9;16.3
15;2021-05-07;1152;906;48083;24129;33.7;16.9
15;2021-05-08;491;55;48574;24184;34.0;16.9
15;2021-05-09;23;9;48597;24193;34.0;16.9
15;2021-05-10;705;911;49302;25104;34.5;17.6
15;2021-05-11;1185;1185;50487;26289;35.4;18.4
15;2021-05-12;1147;833;51634;27122;36.2;19.0
15;2021-05-13;1165;438;52799;27560;37.0;19.3
15;2021-05-14;1503;581;54302;28141;38.0;19.7
15;2021-05-15;1410;417;55712;28558;39.0;20.0
15;2021-05-16;1;10;55713;28568;39.0;20.0
15;2021-05-17;1000;606;56713;29174;39.7;20.4
15;2021-05-18;1222;970;57935;30144;40.6;21.1
15;2021-05-19;1020;458;58955;30602;41.3;21.4
15;2021-05-20;1239;776;60194;31378;42.1;22.0
15;2021-05-21;1348;748;61542;32126;43.1;22.5
15;2021-05-22;527;186;62069;32312;43.5;22.6
15;2021-05-23;2;11;62071;32323;43.5;22.6
15;2021-05-24;693;257;62764;32580;43.9;22.8
15;2021-05-25;1151;620;63915;33200;44.8;23.2
15;2021-05-26;1096;459;65011;33659;45.5;23.6
15;2021-05-27;1269;661;66280;34320;46.4;24.0
15;2021-05-28;1509;885;67789;35205;47.5;24.7
15;2021-05-29;984;361;68773;35566;48.2;24.9
15;2021-05-30;14;25;68787;35591;48.2;24.9
15;2021-05-31;1201;478;69988;36069;49.0;25.3
15;2021-06-01;1399;571;71387;36640;50.0;25.7
15;2021-06-02;865;419;72252;37059;50.6;25.9
15;2021-06-03;931;706;73183;37765;51.2;26.4
15;2021-06-04;1076;718;74259;38483;52.0;26.9
15;2021-06-05;651;263;74910;38746;52.5;27.1
15;2021-06-06;16;20;74926;38766;52.5;27.1
15;2021-06-07;785;350;75711;39116;53.0;27.4
15;2021-06-08;474;396;76185;39512;53.3;27.7
15;2021-06-09;376;376;76561;39888;53.6;27.9
15;2021-06-10;272;426;76833;40314;53.8;28.2
15;2021-06-11;661;1097;77494;41411;54.3;29.0
15;2021-06-12;377;466;77871;41877;54.5;29.3
15;2021-06-13;12;6;77883;41883;54.5;29.3
15;2021-06-14;542;976;78425;42859;54.9;30.0
15;2021-06-15;450;1163;78875;44022;55.2;30.8
15;2021-06-16;540;897;79415;44919;55.6;31.5
15;2021-06-17;287;935;79702;45854;55.8;32.1
15;2021-06-18;741;1203;80443;47057;56.3;33.0
15;2021-06-19;541;705;80984;47762;56.7;33.4
15;2021-06-20;11;1;80995;47763;56.7;33.4
15;2021-06-21;277;1036;81272;48799;56.9;34.2
15;2021-06-22;229;1479;81501;50278;57.1;35.2
15;2021-06-23;343;1445;81844;51723;57.3;36.2
15;2021-06-24;292;1093;82136;52816;57.5;37.0
15;2021-06-25;378;1640;82514;54456;57.8;38.1
15;2021-06-26;164;909;82678;55365;57.9;38.8
15;2021-06-27;0;0;82678;55365;57.9;38.8
15;2021-06-28;174;1228;82852;56593;58.0;39.6
15;2021-06-29;300;1264;83152;57857;58.2;40.5
15;2021-06-30;268;982;83420;58839;58.4;41.2
15;2021-07-01;376;1226;83796;60065;58.7;42.1
15;2021-07-02;407;1355;84203;61420;59.0;43.0
15;2021-07-03;251;711;84454;62131;59.1;43.5
15;2021-07-04;0;1;84454;62132;59.1;43.5
15;2021-07-05;246;1261;84700;63393;59.3;44.4
15;2021-07-06;269;1472;84969;64865;59.5;45.4
15;2021-07-07;252;1347;85221;66212;59.7;46.4
15;2021-07-08;488;1352;85709;67564;60.0;47.3
15;2021-07-09;478;1790;86187;69354;60.4;48.6
15;2021-07-10;214;866;86401;70220;60.5;49.2
15;2021-07-11;7;5;86408;70225;60.5;49.2
15;2021-07-12;268;1486;86676;71711;60.7;50.2
15;2021-07-13;577;1770;87253;73481;61.1;51.5
15;2021-07-14;8;130;87261;73611;61.1;51.5
15;2021-07-15;1129;729;88390;74340;61.9;52.1
15;2021-07-16;1125;1340;89515;75680;62.7;53.0
15;2021-07-17;816;949;90331;76629;63.3;53.7
15;2021-07-18;0;3;90331;76632;63.3;53.7
15;2021-07-19;1057;1270;91388;77902;64.0;54.5
15;2021-07-20;1607;568;92995;78470;65.1;54.9
15;2021-07-21;1173;601;94168;79071;65.9;55.4
15;2021-07-22;889;513;95057;79584;66.6;55.7
15;2021-07-23;1330;1058;96387;80642;67.5;56.5
15;2021-07-24;626;767;97013;81409;67.9;57.0
15;2021-07-25;1;24;97014;81433;67.9;57.0
15;2021-07-26;1234;593;98248;82026;68.8;57.4
15;2021-07-27;1682;563;99930;82589;70.0;57.8
15;2021-07-28;1225;581;101155;83170;70.8;58.2
16;2020-12-27;0;0;0;0;0.0;0.0
16;2020-12-28;0;0;0;0;0.0;0.0
16;2020-12-29;0;0;0;0;0.0;0.0
16;2020-12-30;0;0;0;0;0.0;0.0
16;2020-12-31;0;0;0;0;0.0;0.0
16;2021-01-01;0;0;0;0;0.0;0.0
16;2021-01-02;0;0;0;0;0.0;0.0
16;2021-01-03;0;0;0;0;0.0;0.0
16;2021-01-04;1;0;1;0;0.0;0.0
16;2021-01-05;1;0;2;0;0.0;0.0
16;2021-01-06;88;0;90;0;0.0;0.0
16;2021-01-07;239;0;329;0;0.1;0.0
16;2021-01-08;464;2;793;2;0.2;0.0
16;2021-01-09;1;0;794;2;0.2;0.0
16;2021-01-10;1;0;795;2;0.2;0.0
16;2021-01-11;303;0;1098;2;0.3;0.0
16;2021-01-12;436;1;1534;3;0.4;0.0
16;2021-01-13;479;0;2013;3;0.6;0.0
16;2021-01-14;596;6;2609;9;0.7;0.0
16;2021-01-15;504;4;3113;13;0.9;0.0
16;2021-01-16;0;0;3113;13;0.9;0.0
16;2021-01-17;0;0;3113;13;0.9;0.0
16;2021-01-18;430;5;3543;18;1.0;0.0
16;2021-01-19;831;2;4374;20;1.3;0.0
16;2021-01-20;1181;2;5555;22;1.6;0.0
16;2021-01-21;1349;2;6904;24;2.0;0.0
16;2021-01-22;1110;0;8014;24;2.3;0.0
16;2021-01-23;183;0;8197;24;2.4;0.0
16;2021-01-24;0;0;8197;24;2.4;0.0
16;2021-01-25;641;2;8838;26;2.5;0.0
16;2021-01-26;1025;0;9863;26;2.8;0.0
16;2021-01-27;1400;104;11263;130;3.2;0.0
16;2021-01-28;1255;60;12518;190;3.6;0.1
16;2021-01-29;743;141;13261;331;3.8;0.1
16;2021-01-30;36;0;13297;331;3.8;0.1
16;2021-01-31;0;0;13297;331;3.8;0.1
16;2021-02-01;395;205;13692;536;3.9;0.2
16;2021-02-02;576;174;14268;710;4.1;0.2
16;2021-02-03;620;352;14888;1062;4.3;0.3
16;2021-02-04;462;271;15350;1333;4.4;0.4
16;2021-02-05;504;277;15854;1610;4.6;0.5
16;2021-02-06;1;81;15855;1691;4.6;0.5
16;2021-02-07;41;2;15896;1693;4.6;0.5
16;2021-02-08;355;219;16251;1912;4.7;0.5
16;2021-02-09;649;294;16900;2206;4.9;0.6
16;2021-02-10;693;679;17593;2885;5.1;0.8
16;2021-02-11;797;615;18390;3500;5.3;1.0
16;2021-02-12;623;834;19013;4334;5.5;1.2
16;2021-02-13;42;78;19055;4412;5.5;1.3
16;2021-02-14;2;7;19057;4419;5.5;1.3
16;2021-02-15;216;667;19273;5086;5.5;1.5
16;2021-02-16;374;959;19647;6045;5.6;1.7
16;2021-02-17;351;1312;19998;7357;5.7;2.1
16;2021-02-18;510;1256;20508;8613;5.9;2.5
16;2021-02-19;389;800;20897;9413;6.0;2.7
16;2021-02-20;1;8;20898;9421;6.0;2.7
16;2021-02-21;0;0;20898;9421;6.0;2.7
16;2021-02-22;135;543;21033;9964;6.0;2.9
16;2021-02-23;206;928;21239;10892;6.1;3.1
16;2021-02-24;274;901;21513;11793;6.2;3.4
16;2021-02-25;395;690;21908;12483;6.3;3.6
16;2021-02-26;478;502;22386;12985;6.4;3.7
16;2021-02-27;249;1;22635;12986;6.5;3.7
16;2021-02-28;5;5;22640;12991;6.5;3.7
16;2021-03-01;152;327;22792;13318;6.5;3.8
16;2021-03-02;270;671;23062;13989;6.6;4.0
16;2021-03-03;392;726;23454;14715;6.7;4.2
16;2021-03-04;806;570;24260;15285;7.0;4.4
16;2021-03-05;1142;539;25402;15824;7.3;4.5
16;2021-03-06;751;13;26153;15837;7.5;4.5
16;2021-03-07;94;18;26247;15855;7.5;4.6
16;2021-03-08;436;319;26683;16174;7.7;4.6
16;2021-03-09;770;700;27453;16874;7.9;4.8
16;2021-03-10;606;668;28059;17542;8.1;5.0
16;2021-03-11;1445;531;29504;18073;8.5;5.2
16;2021-03-12;1164;460;30668;18533;8.8;5.3
16;2021-03-13;764;13;31432;18546;9.0;5.3
16;2021-03-14;1;0;31433;18546;9.0;5.3
16;2021-03-15;461;182;31894;18728;9.2;5.4
16;2021-03-16;859;421;32753;19149;9.4;5.5
16;2021-03-17;589;287;33342;19436;9.6;5.6
16;2021-03-18;1031;282;34373;19718;9.9;5.7
16;2021-03-19;1102;247;35475;19965;10.2;5.7
16;2021-03-20;395;2;35870;19967;10.3;5.7
16;2021-03-21;9;0;35879;19967;10.3;5.7
16;2021-03-22;727;100;36606;20067;10.5;5.8
16;2021-03-23;1462;102;38068;20169;10.9;5.8
16;2021-03-24;1119;184;39187;20353;11.3;5.8
16;2021-03-25;2046;90;41233;20443;11.8;5.9
16;2021-03-26;1915;94;43148;20537;12.4;5.9
16;2021-03-27;431;21;43579;20558;12.5;5.9
16;2021-03-28;0;0;43579;20558;12.5;5.9
16;2021-03-29;923;61;44502;20619;12.8;5.9
16;2021-03-30;1880;177;46382;20796;13.3;6.0
16;2021-03-31;1514;130;47896;20926;13.8;6.0
16;2021-04-01;2008;400;49904;21326;14.3;6.1
16;2021-04-02;1442;379;51346;21705;14.7;6.2
16;2021-04-03;288;4;51634;21709;14.8;6.2
16;2021-04-04;1;0;51635;21709;14.8;6.2
16;2021-04-05;2;0;51637;21709;14.8;6.2
16;2021-04-06;2010;542;53647;22251;15.4;6.4
16;2021-04-07;1952;400;55599;22651;16.0;6.5
16;2021-04-08;2823;586;58422;23237;16.8;6.7
16;2021-04-09;2694;552;61116;23789;17.6;6.8
16;2021-04-10;1290;37;62406;23826;17.9;6.8
16;2021-04-11;2;0;62408;23826;17.9;6.8
16;2021-04-12;1430;316;63838;24142;18.3;6.9
16;2021-04-13;2121;839;65959;24981;18.9;7.2
16;2021-04-14;1951;632;67910;25613;19.5;7.4
16;2021-04-15;2101;981;70011;26594;20.1;7.6
16;2021-04-16;2035;776;72046;27370;20.7;7.9
16;2021-04-17;1504;83;73550;27453;21.1;7.9
16;2021-04-18;197;3;73747;27456;21.2;7.9
16;2021-04-19;1439;522;75186;27978;21.6;8.0
16;2021-04-20;2053;1231;77239;29209;22.2;8.4
16;2021-04-21;1775;739;79014;29948;22.7;8.6
16;2021-04-22;2291;1000;81305;30948;23.4;8.9
16;2021-04-23;2360;1166;83665;32114;24.0;9.2
16;2021-04-24;827;37;84492;32151;24.3;9.2
16;2021-04-25;117;9;84609;32160;24.3;9.2
16;2021-04-26;1399;806;86008;32966;24.7;9.5
16;2021-04-27;2057;1417;88065;34383;25.3;9.9
16;2021-04-28;1590;1125;89655;35508;25.7;10.2
16;2021-04-29;2243;1495;91898;37003;26.4;10.6
16;2021-04-30;2852;1338;94750;38341;27.2;11.0
16;2021-05-01;353;59;95103;38400;27.3;11.0
16;2021-05-02;155;13;95258;38413;27.4;11.0
16;2021-05-03;2610;533;97868;38946;28.1;11.2
16;2021-05-04;2062;2045;99930;40991;28.7;11.8
16;2021-05-05;1689;1832;101619;42823;29.2;12.3
16;2021-05-06;1885;2238;103504;45061;29.7;12.9
16;2021-05-07;3069;2124;106573;47185;30.6;13.6
16;2021-05-08;1196;469;107769;47654;31.0;13.7
16;2021-05-09;530;26;108299;47680;31.1;13.7
16;2021-05-10;1929;1626;110228;49306;31.7;14.2
16;2021-05-11;2355;1960;112583;51266;32.3;14.7
16;2021-05-12;1730;1799;114313;53065;32.8;15.2
16;2021-05-13;1461;355;115774;53420;33.3;15.3
16;2021-05-14;1989;1560;117763;54980;33.8;15.8
16;2021-05-15;595;897;118358;55877;34.0;16.0
16;2021-05-16;132;6;118490;55883;34.0;16.1
16;2021-05-17;1609;1286;120099;57169;34.5;16.4
16;2021-05-18;2760;1420;122859;58589;35.3;16.8
16;2021-05-19;2005;1237;124864;59826;35.9;17.2
16;2021-05-20;2836;1387;127700;61213;36.7;17.6
16;2021-05-21;2946;1396;130646;62609;37.5;18.0
16;2021-05-22;412;710;131058;63319;37.6;18.2
16;2021-05-23;210;11;131268;63330;37.7;18.2
16;2021-05-24;1261;236;132529;63566;38.1;18.3
16;2021-05-25;2765;1458;135294;65024;38.9;18.7
16;2021-05-26;1831;1186;137125;66210;39.4;19.0
16;2021-05-27;2419;1586;139544;67796;40.1;19.5
16;2021-05-28;2893;1568;142437;69364;40.9;19.9
16;2021-05-29;814;883;143251;70247;41.1;20.2
16;2021-05-30;1;4;143252;70251;41.1;20.2
16;2021-05-31;1984;1103;145236;71354;41.7;20.5
16;2021-06-01;2345;1715;147581;73069;42.4;21.0
16;2021-06-02;1822;1505;149403;74574;42.9;21.4
16;2021-06-03;2620;1761;152023;76335;43.7;21.9
16;2021-06-04;2835;2034;154858;78369;44.5;22.5
16;2021-06-05;1003;549;155861;78918;44.8;22.7
16;2021-06-06;160;28;156021;78946;44.8;22.7
16;2021-06-07;1990;1284;158011;80230;45.4;23.0
16;2021-06-08;2392;1994;160403;82224;46.1;23.6
16;2021-06-09;2528;1610;162931;83834;46.8;24.1
16;2021-06-10;2571;2001;165502;85835;47.5;24.7
16;2021-06-11;2151;2734;167653;88569;48.2;25.4
16;2021-06-12;1610;515;169263;89084;48.6;25.6
16;2021-06-13;260;72;169523;89156;48.7;25.6
16;2021-06-14;796;2797;170319;91953;48.9;26.4
16;2021-06-15;1864;2622;172183;94575;49.5;27.2
16;2021-06-16;1573;2089;173756;96664;49.9;27.8
16;2021-06-17;2020;2505;175776;99169;50.5;28.5
16;2021-06-18;2057;3221;177833;102390;51.1;29.4
16;2021-06-19;1347;1312;179180;103702;51.5;29.8
16;2021-06-20;243;28;179423;103730;51.5;29.8
16;2021-06-21;1406;2174;180829;105904;51.9;30.4
16;2021-06-22;1670;2942;182499;108846;52.4;31.3
16;2021-06-23;1562;2019;184061;110865;52.9;31.8
16;2021-06-24;1919;2170;185980;113035;53.4;32.5
16;2021-06-25;1984;2725;187964;115760;54.0;33.2
16;2021-06-26;1054;719;189018;116479;54.3;33.5
16;2021-06-27;130;25;189148;116504;54.3;33.5
16;2021-06-28;1158;1964;190306;118468;54.7;34.0
16;2021-06-29;1272;3361;191578;121829;55.0;35.0
16;2021-06-30;1332;2713;192910;124542;55.4;35.8
16;2021-07-01;1851;3154;194761;127696;55.9;36.7
16;2021-07-02;1420;3588;196181;131284;56.3;37.7
16;2021-07-03;690;1116;196871;132400;56.5;38.0
16;2021-07-04;1;13;196872;132413;56.5;38.0
16;2021-07-05;811;2303;197683;134716;56.8;38.7
16;2021-07-06;1273;3368;198956;138084;57.1;39.7
16;2021-07-07;858;2277;199814;140361;57.4;40.3
16;2021-07-08;1229;2737;201043;143098;57.7;41.1
16;2021-07-09;1110;3717;202153;146815;58.1;42.2
16;2021-07-10;337;1341;202490;148156;58.2;42.6
16;2021-07-11;2;13;202492;148169;58.2;42.6
16;2021-07-12;631;2445;203123;150614;58.3;43.3
16;2021-07-13;1370;3532;204493;154146;58.7;44.3
16;2021-07-14;797;875;205290;155021;59.0;44.5
16;2021-07-15;1236;3409;206526;158430;59.3;45.5
16;2021-07-16;1489;3386;208015;161816;59.7;46.5
16;2021-07-17;530;1190;208545;163006;59.9;46.8
16;2021-07-18;13;6;208558;163012;59.9;46.8
16;2021-07-19;614;2860;209172;165872;60.1;47.6
16;2021-07-20;1120;3296;210292;169168;60.4;48.6
16;2021-07-21;1115;2618;211407;171786;60.7;49.3
16;2021-07-22;1861;2863;213268;174649;61.3;50.2
16;2021-07-23;1540;3544;214808;178193;61.7;51.2
16;2021-07-24;636;1210;215444;179403;61.9;51.5
16;2021-07-25;11;11;215455;179414;61.9;51.5
16;2021-07-26;1525;2126;216980;181540;62.3;52.1
16;2021-07-27;1847;2820;218827;184360;62.8;52.9
16;2021-07-28;1844;2305;220671;186665;63.4;53.6
17;2020-12-27;0;0;0;0;0.0;0.0
17;2020-12-28;0;0;0;0;0.0;0.0
17;2020-12-29;0;0;0;0;0.0;0.0
17;2020-12-30;1;0;1;0;0.0;0.0
17;2020-12-31;0;0;1;0;0.0;0.0
17;2021-01-01;0;0;1;0;0.0;0.0
17;2021-01-02;0;0;1;0;0.0;0.0
17;2021-01-03;0;0;1;0;0.0;0.0
17;2021-01-04;56;0;57;0;0.0;0.0
17;2021-01-05;98;0;155;0;0.0;0.0
17;2021-01-06;132;0;287;0;0.0;0.0
17;2021-01-07;485;2;772;2;0.1;0.0
17;2021-01-08;418;0;1190;2;0.2;0.0
17;2021-01-09;0;0;1190;2;0.2;0.0
17;2021-01-10;1;0;1191;2;0.2;0.0
17;2021-01-11;380;1;1571;3;0.2;0.0
17;2021-01-12;746;1;2317;4;0.4;0.0
17;2021-01-13;652;2;2969;6;0.5;0.0
17;2021-01-14;615;9;3584;15;0.6;0.0
17;2021-01-15;679;1;4263;16;0.7;0.0
17;2021-01-16;127;2;4390;18;0.7;0.0
17;2021-01-17;17;0;4407;18;0.7;0.0
17;2021-01-18;880;1;5287;19;0.8;0.0
17;2021-01-19;1907;2;7194;21;1.1;0.0
17;2021-01-20;2390;2;9584;23;1.5;0.0
17;2021-01-21;2497;2;12081;25;1.9;0.0
17;2021-01-22;1880;5;13961;30;2.2;0.0
17;2021-01-23;738;1;14699;31;2.3;0.0
17;2021-01-24;48;0;14747;31;2.3;0.0
17;2021-01-25;1383;5;16130;36;2.5;0.0
17;2021-01-26;2109;2;18239;38;2.8;0.0
17;2021-01-27;1674;31;19913;69;3.1;0.0
17;2021-01-28;2474;230;22387;299;3.5;0.0
17;2021-01-29;1737;220;24124;519;3.7;0.1
17;2021-01-30;528;5;24652;524;3.8;0.1
17;2021-01-31;36;1;24688;525;3.8;0.1
17;2021-02-01;740;211;25428;736;3.9;0.1
17;2021-02-02;1200;348;26628;1084;4.1;0.2
17;2021-02-03;1283;409;27911;1493;4.3;0.2
17;2021-02-04;1157;503;29068;1996;4.5;0.3
17;2021-02-05;601;756;29669;2752;4.6;0.4
17;2021-02-06;18;42;29687;2794;4.6;0.4
17;2021-02-07;31;13;29718;2807;4.6;0.4
17;2021-02-08;707;402;30425;3209;4.7;0.5
17;2021-02-09;1099;1318;31524;4527;4.9;0.7
17;2021-02-10;863;1285;32387;5812;5.0;0.9
17;2021-02-11;1238;1399;33625;7211;5.2;1.1
17;2021-02-12;772;968;34397;8179;5.3;1.3
17;2021-02-13;42;104;34439;8283;5.3;1.3
17;2021-02-14;0;10;34439;8293;5.3;1.3
17;2021-02-15;619;1226;35058;9519;5.4;1.5
17;2021-02-16;748;1836;35806;11355;5.5;1.8
17;2021-02-17;796;1361;36602;12716;5.7;2.0
17;2021-02-18;965;2185;37567;14901;5.8;2.3
17;2021-02-19;1065;1545;38632;16446;6.0;2.5
17;2021-02-20;103;308;38735;16754;6.0;2.6
17;2021-02-21;9;2;38744;16756;6.0;2.6
17;2021-02-22;645;1631;39389;18387;6.1;2.8
17;2021-02-23;777;1536;40166;19923;6.2;3.1
17;2021-02-24;1077;1594;41243;21517;6.4;3.3
17;2021-02-25;1084;1710;42327;23227;6.5;3.6
17;2021-02-26;1306;1295;43633;24522;6.7;3.8
17;2021-02-27;525;246;44158;24768;6.8;3.8
17;2021-02-28;19;9;44177;24777;6.8;3.8
17;2021-03-01;634;1044;44811;25821;6.9;4.0
17;2021-03-02;1090;869;45901;26690;7.1;4.1
17;2021-03-03;1612;794;47513;27484;7.3;4.2
17;2021-03-04;2423;1136;49936;28620;7.7;4.4
17;2021-03-05;2659;678;52595;29298;8.1;4.5
17;2021-03-06;1025;25;53620;29323;8.3;4.5
17;2021-03-07;179;47;53799;29370;8.3;4.5
17;2021-03-08;1015;834;54814;30204;8.5;4.7
17;2021-03-09;1745;613;56559;30817;8.7;4.8
17;2021-03-10;2045;642;58604;31459;9.1;4.9
17;2021-03-11;3229;995;61833;32454;9.6;5.0
17;2021-03-12;3352;626;65185;33080;10.1;5.1
17;2021-03-13;1198;11;66383;33091;10.3;5.1
17;2021-03-14;31;0;66414;33091;10.3;5.1
17;2021-03-15;1239;993;67653;34084;10.5;5.3
17;2021-03-16;891;535;68544;34619;10.6;5.4
17;2021-03-17;1456;701;70000;35320;10.8;5.5
17;2021-03-18;1681;762;71681;36082;11.1;5.6
17;2021-03-19;2095;541;73776;36623;11.4;5.7
17;2021-03-20;1080;56;74856;36679;11.6;5.7
17;2021-03-21;36;42;74892;36721;11.6;5.7
17;2021-03-22;1574;688;76466;37409;11.8;5.8
17;2021-03-23;2487;580;78953;37989;12.2;5.9
17;2021-03-24;3540;849;82493;38838;12.7;6.0
17;2021-03-25;4702;637;87195;39475;13.5;6.1
17;2021-03-26;4938;465;92133;39940;14.2;6.2
17;2021-03-27;1734;69;93867;40009;14.5;6.2
17;2021-03-28;365;45;94232;40054;14.6;6.2
17;2021-03-29;2359;562;96591;40616;14.9;6.3
17;2021-03-30;2650;984;99241;41600;15.3;6.4
17;2021-03-31;3836;902;103077;42502;15.9;6.6
17;2021-04-01;4012;1150;107089;43652;16.5;6.7
17;2021-04-02;3702;829;110791;44481;17.1;6.9
17;2021-04-03;1150;186;111941;44667;17.3;6.9
17;2021-04-04;500;6;112441;44673;17.4;6.9
17;2021-04-05;443;128;112884;44801;17.4;6.9
17;2021-04-06;3480;1026;116364;45827;18.0;7.1
17;2021-04-07;4127;1140;120491;46967;18.6;7.3
17;2021-04-08;4567;1463;125058;48430;19.3;7.5
17;2021-04-09;6492;838;131550;49268;20.3;7.6
17;2021-04-10;2581;64;134131;49332;20.7;7.6
17;2021-04-11;787;16;134918;49348;20.9;7.6
17;2021-04-12;2886;1612;137804;50960;21.3;7.9
17;2021-04-13;4145;1281;141949;52241;21.9;8.1
17;2021-04-14;4415;1187;146364;53428;22.6;8.3
17;2021-04-15;4590;1136;150954;54564;23.3;8.4
17;2021-04-16;4291;1151;155245;55715;24.0;8.6
17;2021-04-17;1677;382;156922;56097;24.3;8.7
17;2021-04-18;471;81;157393;56178;24.3;8.7
17;2021-04-19;2341;2060;159734;58238;24.7;9.0
17;2021-04-20;2921;2549;162655;60787;25.1;9.4
17;2021-04-21;2972;1939;165627;62726;25.6;9.7
17;2021-04-22;3115;2357;168742;65083;26.1;10.1
17;2021-04-23;2441;2723;171183;67806;26.5;10.5
17;2021-04-24;1665;922;172848;68728;26.7;10.6
17;2021-04-25;663;244;173511;68972;26.8;10.7
17;2021-04-26;2571;2625;176082;71597;27.2;11.1
17;2021-04-27;3152;2671;179234;74268;27.7;11.5
17;2021-04-28;3100;2940;182334;77208;28.2;11.9
17;2021-04-29;4126;2858;186460;80066;28.8;12.4
17;2021-04-30;4348;2629;190808;82695;29.5;12.8
17;2021-05-01;849;542;191657;83237;29.6;12.9
17;2021-05-02;550;840;192207;84077;29.7;13.0
17;2021-05-03;2543;2952;194750;87029;30.1;13.4
17;2021-05-04;2319;3729;197069;90758;30.5;14.0
17;2021-05-05;2907;3698;199976;94456;30.9;14.6
17;2021-05-06;4119;3403;204095;97859;31.5;15.1
17;2021-05-07;4350;3631;208445;101490;32.2;15.7
17;2021-05-08;1292;754;209737;102244;32.4;15.8
17;2021-05-09;1306;702;211043;102946;32.6;15.9
17;2021-05-10;2721;3685;213764;106631;33.0;16.5
17;2021-05-11;3503;3996;217267;110627;33.6;17.1
17;2021-05-12;3532;3810;220799;114437;34.1;17.7
17;2021-05-13;2548;691;223347;115128;34.5;17.8
17;2021-05-14;3036;2395;226383;117523;35.0;18.2
17;2021-05-15;2124;662;228507;118185;35.3;18.3
17;2021-05-16;1734;315;230241;118500;35.6;18.3
17;2021-05-17;4285;1988;234526;120488;36.2;18.6
17;2021-05-18;4741;1633;239267;122121;37.0;18.9
17;2021-05-19;5060;1266;244327;123387;37.8;19.1
17;2021-05-20;4944;1946;249271;125333;38.5;19.4
17;2021-05-21;4994;1958;254265;127291;39.3;19.7
17;2021-05-22;2393;532;256658;127823;39.7;19.8
17;2021-05-23;1899;126;258557;127949;40.0;19.8
17;2021-05-24;1423;207;259980;128156;40.2;19.8
17;2021-05-25;4029;1767;264009;129923;40.8;20.1
17;2021-05-26;4365;2034;268374;131957;41.5;20.4
17;2021-05-27;5214;2131;273588;134088;42.3;20.7
17;2021-05-28;4460;3429;278048;137517;43.0;21.3
17;2021-05-29;1560;1703;279608;139220;43.2;21.5
17;2021-05-30;856;406;280464;139626;43.3;21.6
17;2021-05-31;2939;3014;283403;142640;43.8;22.0
17;2021-06-01;4290;2923;287693;145563;44.5;22.5
17;2021-06-02;4192;3166;291885;148729;45.1;23.0
17;2021-06-03;5056;3161;296941;151890;45.9;23.5
17;2021-06-04;4516;3853;301457;155743;46.6;24.1
17;2021-06-05;1987;1605;303444;157348;46.9;24.3
17;2021-06-06;848;732;304292;158080;47.0;24.4
17;2021-06-07;3132;4339;307424;162419;47.5;25.1
17;2021-06-08;3791;4489;311215;166908;48.1;25.8
17;2021-06-09;4347;3046;315562;169954;48.8;26.3
17;2021-06-10;4922;2786;320484;172740;49.5;26.7
17;2021-06-11;4779;3683;325263;176423;50.3;27.3
17;2021-06-12;1809;1396;327072;177819;50.5;27.5
17;2021-06-13;606;414;327678;178233;50.6;27.5
17;2021-06-14;2833;4530;330511;182763;51.1;28.2
17;2021-06-15;3623;4375;334134;187138;51.6;28.9
17;2021-06-16;4131;3682;338265;190820;52.3;29.5
17;2021-06-17;4353;4116;342618;194936;52.9;30.1
17;2021-06-18;4039;4433;346657;199369;53.6;30.8
17;2021-06-19;1447;1988;348104;201357;53.8;31.1
17;2021-06-20;592;1033;348696;202390;53.9;31.3
17;2021-06-21;2551;4366;351247;206756;54.3;32.0
17;2021-06-22;3519;4443;354766;211199;54.8;32.6
17;2021-06-23;3776;3974;358542;215173;55.4;33.3
17;2021-06-24;3578;3954;362120;219127;56.0;33.9
17;2021-06-25;2705;4980;364825;224107;56.4;34.6
17;2021-06-26;899;2336;365724;226443;56.5;35.0
17;2021-06-27;396;1905;366120;228348;56.6;35.3
17;2021-06-28;1517;5420;367637;233768;56.8;36.1
17;2021-06-29;1674;5888;369311;239656;57.1;37.0
17;2021-06-30;2021;5549;371332;245205;57.4;37.9
17;2021-07-01;2202;5564;373534;250769;57.7;38.8
17;2021-07-02;2467;5997;376001;256766;58.1;39.7
17;2021-07-03;622;2548;376623;259314;58.2;40.1
17;2021-07-04;152;1252;376775;260566;58.2;40.3
17;2021-07-05;1868;5184;378643;265750;58.5;41.1
17;2021-07-06;2122;5600;380765;271350;58.8;41.9
17;2021-07-07;2380;5504;383145;276854;59.2;42.8
17;2021-07-08;2893;5450;386038;282304;59.7;43.6
17;2021-07-09;2503;6089;388541;288393;60.0;44.6
17;2021-07-10;823;2478;389364;290871;60.2;45.0
17;2021-07-11;367;903;389731;291774;60.2;45.1
17;2021-07-12;1992;5633;391723;297407;60.5;46.0
17;2021-07-13;2347;6722;394070;304129;60.9;47.0
17;2021-07-14;63;70;394133;304199;60.9;47.0
17;2021-07-15;2167;6860;396300;311059;61.2;48.1
17;2021-07-16;2747;6976;399047;318035;61.7;49.1
17;2021-07-17;999;2278;400046;320313;61.8;49.5
17;2021-07-18;310;1040;400356;321353;61.9;49.7
17;2021-07-19;2616;5918;402972;327271;62.3;50.6
17;2021-07-20;3270;6328;406242;333599;62.8;51.6
17;2021-07-21;3749;6017;409991;339616;63.4;52.5
17;2021-07-22;4208;6277;414199;345893;64.0;53.5
17;2021-07-23;3781;6559;417980;352452;64.6;54.5
17;2021-07-24;2065;1401;420045;353853;64.9;54.7
17;2021-07-25;1034;412;421079;354265;65.1;54.7
17;2021-07-26;3664;5414;424743;359679;65.6;55.6
17;2021-07-27;4651;5431;429394;365110;66.4;56.4
17;2021-07-28;5118;5151;434512;370261;67.1;57.2
18;2020-12-27;0;0;0;0;0.0;0.0
18;2020-12-28;0;0;0;0;0.0;0.0
18;2020-12-29;0;0;0;0;0.0;0.0
18;2020-12-30;1;0;1;0;0.0;0.0
18;2020-12-31;0;0;1;0;0.0;0.0
18;2021-01-01;0;0;1;0;0.0;0.0
18;2021-01-02;0;0;1;0;0.0;0.0
18;2021-01-03;0;0;1;0;0.0;0.0
18;2021-01-04;3;0;4;0;0.0;0.0
18;2021-01-05;0;0;4;0;0.0;0.0
18;2021-01-06;1;0;5;0;0.0;0.0
18;2021-01-07;30;1;35;1;0.0;0.0
18;2021-01-08;65;0;100;1;0.0;0.0
18;2021-01-09;225;0;325;1;0.1;0.0
18;2021-01-10;146;0;471;1;0.2;0.0
18;2021-01-11;170;1;641;2;0.2;0.0
18;2021-01-12;373;0;1014;2;0.3;0.0
18;2021-01-13;270;2;1284;4;0.4;0.0
18;2021-01-14;270;2;1554;6;0.5;0.0
18;2021-01-15;332;1;1886;7;0.6;0.0
18;2021-01-16;288;3;2174;10;0.7;0.0
18;2021-01-17;1;0;2175;10;0.7;0.0
18;2021-01-18;290;0;2465;10;0.8;0.0
18;2021-01-19;1375;5;3840;15;1.3;0.0
18;2021-01-20;1239;1;5079;16;1.7;0.0
18;2021-01-21;961;0;6040;16;2.0;0.0
18;2021-01-22;780;1;6820;17;2.3;0.0
18;2021-01-23;249;2;7069;19;2.4;0.0
18;2021-01-24;0;0;7069;19;2.4;0.0
18;2021-01-25;509;0;7578;19;2.6;0.0
18;2021-01-26;395;1;7973;20;2.7;0.0
18;2021-01-27;389;2;8362;22;2.8;0.0
18;2021-01-28;566;7;8928;29;3.0;0.0
18;2021-01-29;492;72;9420;101;3.2;0.0
18;2021-01-30;432;167;9852;268;3.3;0.1
18;2021-01-31;82;121;9934;389;3.4;0.1
18;2021-02-01;328;142;10262;531;3.5;0.2
18;2021-02-02;506;244;10768;775;3.6;0.3
18;2021-02-03;398;204;11166;979;3.8;0.3
18;2021-02-04;630;226;11796;1205;4.0;0.4
18;2021-02-05;449;194;12245;1399;4.1;0.5
18;2021-02-06;283;103;12528;1502;4.2;0.5
18;2021-02-07;107;1;12635;1503;4.3;0.5
18;2021-02-08;268;231;12903;1734;4.4;0.6
18;2021-02-09;582;781;13485;2515;4.5;0.8
18;2021-02-10;739;700;14224;3215;4.8;1.1
18;2021-02-11;656;448;14880;3663;5.0;1.2
18;2021-02-12;502;326;15382;3989;5.2;1.3
18;2021-02-13;286;124;15668;4113;5.3;1.4
18;2021-02-14;364;96;16032;4209;5.4;1.4
18;2021-02-15;379;392;16411;4601;5.5;1.6
18;2021-02-16;399;399;16810;5000;5.7;1.7
18;2021-02-17;403;458;17213;5458;5.8;1.8
18;2021-02-18;344;544;17557;6002;5.9;2.0
18;2021-02-19;469;303;18026;6305;6.1;2.1
18;2021-02-20;719;238;18745;6543;6.3;2.2
18;2021-02-21;316;0;19061;6543;6.4;2.2
18;2021-02-22;217;371;19278;6914;6.5;2.3
18;2021-02-23;204;351;19482;7265;6.6;2.5
18;2021-02-24;240;271;19722;7536;6.7;2.5
18;2021-02-25;293;521;20015;8057;6.8;2.7
18;2021-02-26;582;236;20597;8293;6.9;2.8
18;2021-02-27;510;389;21107;8682;7.1;2.9
18;2021-02-28;6;68;21113;8750;7.1;3.0
18;2021-03-01;235;415;21348;9165;7.2;3.1
18;2021-03-02;283;520;21631;9685;7.3;3.3
18;2021-03-03;346;586;21977;10271;7.4;3.5
18;2021-03-04;475;573;22452;10844;7.6;3.7
18;2021-03-05;524;373;22976;11217;7.8;3.8
18;2021-03-06;1070;340;24046;11557;8.1;3.9
18;2021-03-07;7;140;24053;11697;8.1;3.9
18;2021-03-08;334;362;24387;12059;8.2;4.1
18;2021-03-09;410;368;24797;12427;8.4;4.2
18;2021-03-10;423;453;25220;12880;8.5;4.3
18;2021-03-11;517;422;25737;13302;8.7;4.5
18;2021-03-12;704;302;26441;13604;8.9;4.6
18;2021-03-13;1162;246;27603;13850;9.3;4.7
18;2021-03-14;299;212;27902;14062;9.4;4.7
18;2021-03-15;491;377;28393;14439;9.6;4.9
18;2021-03-16;392;314;28785;14753;9.7;5.0
18;2021-03-17;383;413;29168;15166;9.8;5.1
18;2021-03-18;512;229;29680;15395;10.0;5.2
18;2021-03-19;755;225;30435;15620;10.3;5.3
18;2021-03-20;985;615;31420;16235;10.6;5.5
18;2021-03-21;309;306;31729;16541;10.7;5.6
18;2021-03-22;601;296;32330;16837;10.9;5.7
18;2021-03-23;706;288;33036;17125;11.1;5.8
18;2021-03-24;1052;296;34088;17421;11.5;5.9
18;2021-03-25;1049;296;35137;17717;11.9;6.0
18;2021-03-26;1210;345;36347;18062;12.3;6.1
18;2021-03-27;1489;318;37836;18380;12.8;6.2
18;2021-03-28;215;0;38051;18380;12.8;6.2
18;2021-03-29;1101;193;39152;18573;13.2;6.3
18;2021-03-30;1085;303;40237;18876;13.6;6.4
18;2021-03-31;1305;249;41542;19125;14.0;6.5
18;2021-04-01;1374;342;42916;19467;14.5;6.6
18;2021-04-02;1229;303;44145;19770;14.9;6.7
18;2021-04-03;581;178;44726;19948;15.1;6.7
18;2021-04-04;71;5;44797;19953;15.1;6.7
18;2021-04-05;199;0;44996;19953;15.2;6.7
18;2021-04-06;1026;336;46022;20289;15.5;6.8
18;2021-04-07;1322;361;47344;20650;16.0;7.0
18;2021-04-08;1692;325;49036;20975;16.5;7.1
18;2021-04-09;1832;276;50868;21251;17.2;7.2
18;2021-04-10;2632;650;53500;21901;18.0;7.4
18;2021-04-11;1985;312;55485;22213;18.7;7.5
18;2021-04-12;1402;391;56887;22604;19.2;7.6
18;2021-04-13;1784;462;58671;23066;19.8;7.8
18;2021-04-14;1378;516;60049;23582;20.3;8.0
18;2021-04-15;1532;527;61581;24109;20.8;8.1
18;2021-04-16;1613;587;63194;24696;21.3;8.3
18;2021-04-17;1599;518;64793;25214;21.9;8.5
18;2021-04-18;377;232;65170;25446;22.0;8.6
18;2021-04-19;1316;590;66486;26036;22.4;8.8
18;2021-04-20;1446;703;67932;26739;22.9;9.0
18;2021-04-21;1271;899;69203;27638;23.3;9.3
18;2021-04-22;1401;701;70604;28339;23.8;9.6
18;2021-04-23;1386;732;71990;29071;24.3;9.8
18;2021-04-24;1355;1266;73345;30337;24.7;10.2
18;2021-04-25;288;216;73633;30553;24.8;10.3
18;2021-04-26;1206;942;74839;31495;25.2;10.6
18;2021-04-27;1544;760;76383;32255;25.8;10.9
18;2021-04-28;1357;872;77740;33127;26.2;11.2
18;2021-04-29;1845;732;79585;33859;26.9;11.4
18;2021-04-30;1569;992;81154;34851;27.4;11.8
18;2021-05-01;787;209;81941;35060;27.6;11.8
18;2021-05-02;806;56;82747;35116;27.9;11.8
18;2021-05-03;1626;1000;84373;36116;28.5;12.2
18;2021-05-04;1729;1273;86102;37389;29.0;12.6
18;2021-05-05;1734;1211;87836;38600;29.6;13.0
18;2021-05-06;2165;1353;90001;39953;30.4;13.5
18;2021-05-07;1234;1399;91235;41352;30.8;14.0
18;2021-05-08;994;1460;92229;42812;31.1;14.4
18;2021-05-09;501;2258;92730;45070;31.3;15.2
18;2021-05-10;1155;1505;93885;46575;31.7;15.7
18;2021-05-11;1694;1752;95579;48327;32.2;16.3
18;2021-05-12;1808;1490;97387;49817;32.9;16.8
18;2021-05-13;1061;371;98448;50188;33.2;16.9
18;2021-05-14;1345;943;99793;51131;33.7;17.3
18;2021-05-15;1810;1158;101603;52289;34.3;17.6
18;2021-05-16;538;582;102141;52871;34.5;17.8
18;2021-05-17;1245;1092;103386;53963;34.9;18.2
18;2021-05-18;2147;930;105533;54893;35.6;18.5
18;2021-05-19;2163;914;107696;55807;36.3;18.8
18;2021-05-20;2275;979;109971;56786;37.1;19.2
18;2021-05-21;1498;762;111469;57548;37.6;19.4
18;2021-05-22;1724;1074;113193;58622;38.2;19.8
18;2021-05-23;484;336;113677;58958;38.4;19.9
18;2021-05-24;463;292;114140;59250;38.5;20.0
18;2021-05-25;1840;1062;115980;60312;39.1;20.3
18;2021-05-26;2152;837;118132;61149;39.9;20.6
18;2021-05-27;2205;1230;120337;62379;40.6;21.0
18;2021-05-28;1713;1305;122050;63684;41.2;21.5
18;2021-05-29;2620;1659;124670;65343;42.1;22.0
18;2021-05-30;1483;503;126153;65846;42.6;22.2
18;2021-05-31;1786;693;127939;66539;43.2;22.4
18;2021-06-01;2041;948;129980;67487;43.9;22.8
18;2021-06-02;2005;1021;131985;68508;44.5;23.1
18;2021-06-03;2284;1195;134269;69703;45.3;23.5
18;2021-06-04;1909;1124;136178;70827;45.9;23.9
18;2021-06-05;2803;1450;138981;72277;46.9;24.4
18;2021-06-06;365;380;139346;72657;47.0;24.5
18;2021-06-07;1296;1227;140642;73884;47.4;24.9
18;2021-06-08;1492;1392;142134;75276;48.0;25.4
18;2021-06-09;1327;1066;143461;76342;48.4;25.8
18;2021-06-10;1630;1409;145091;77751;49.0;26.2
18;2021-06-11;1496;1403;146587;79154;49.5;26.7
18;2021-06-12;1243;2509;147830;81663;49.9;27.6
18;2021-06-13;126;262;147956;81925;49.9;27.6
18;2021-06-14;657;1828;148613;83753;50.1;28.3
18;2021-06-15;1092;1821;149705;85574;50.5;28.9
18;2021-06-16;1251;1439;150956;87013;50.9;29.4
18;2021-06-17;1204;1670;152160;88683;51.3;29.9
18;2021-06-18;1289;1663;153449;90346;51.8;30.5
18;2021-06-19;1564;1249;155013;91595;52.3;30.9
18;2021-06-20;247;159;155260;91754;52.4;31.0
18;2021-06-21;665;1597;155925;93351;52.6;31.5
18;2021-06-22;1063;1639;156988;94990;53.0;32.0
18;2021-06-23;941;1640;157929;96630;53.3;32.6
18;2021-06-24;1029;1060;158958;97690;53.6;33.0
18;2021-06-25;889;1744;159847;99434;53.9;33.5
18;2021-06-26;1095;1475;160942;100909;54.3;34.0
18;2021-06-27;30;373;160972;101282;54.3;34.2
18;2021-06-28;421;1924;161393;103206;54.5;34.8
18;2021-06-29;590;2380;161983;105586;54.6;35.6
18;2021-06-30;601;2548;162584;108134;54.9;36.5
18;2021-07-01;946;2156;163530;110290;55.2;37.2
18;2021-07-02;610;1688;164140;111978;55.4;37.8
18;2021-07-03;750;2581;164890;114559;55.6;38.6
18;2021-07-04;164;1035;165054;115594;55.7;39.0
18;2021-07-05;762;1881;165816;117475;55.9;39.6
18;2021-07-06;554;2308;166370;119783;56.1;40.4
18;2021-07-07;765;2118;167135;121901;56.4;41.1
18;2021-07-08;1025;1984;168160;123885;56.7;41.8
18;2021-07-09;701;2307;168861;126192;57.0;42.6
18;2021-07-10;777;3181;169638;129373;57.2;43.6
18;2021-07-11;79;664;169717;130037;57.3;43.9
18;2021-07-12;220;2250;169937;132287;57.3;44.6
18;2021-07-13;617;2910;170554;135197;57.5;45.6
18;2021-07-14;194;939;170748;136136;57.6;45.9
18;2021-07-15;1388;2816;172136;138952;58.1;46.9
18;2021-07-16;1174;2131;173310;141083;58.5;47.6
18;2021-07-17;1120;2474;174430;143557;58.8;48.4
18;2021-07-18;229;330;174659;143887;58.9;48.5
18;2021-07-19;1048;1660;175707;145547;59.3;49.1
18;2021-07-20;1620;2265;177327;147812;59.8;49.9
18;2021-07-21;1886;2049;179213;149861;60.5;50.6
18;2021-07-22;2204;1884;181417;151745;61.2;51.2
18;2021-07-23;1387;1608;182804;153353;61.7;51.7
18;2021-07-24;881;1531;183685;154884;62.0;52.3
18;2021-07-25;189;398;183874;155282;62.0;52.4
18;2021-07-26;1394;1501;185268;156783;62.5;52.9
18;2021-07-27;1809;1535;187077;158318;63.1;53.4
18;2021-07-28;2162;1786;189239;160104;63.8;54.0
19;2020-12-27;0;0;0;0;0.0;0.0
19;2020-12-28;0;0;0;0;0.0;0.0
19;2020-12-29;0;0;0;0;0.0;0.0
19;2020-12-30;0;0;0;0;0.0;0.0
19;2020-12-31;0;0;0;0;0.0;0.0
19;2021-01-01;0;0;0;0;0.0;0.0
19;2021-01-02;0;0;0;0;0.0;0.0
19;2021-01-03;0;0;0;0;0.0;0.0
19;2021-01-04;0;0;0;0;0.0;0.0
19;2021-01-05;0;0;0;0;0.0;0.0
19;2021-01-06;0;0;0;0;0.0;0.0
19;2021-01-07;343;1;343;1;0.1;0.0
19;2021-01-08;247;1;590;2;0.2;0.0
19;2021-01-09;0;0;590;2;0.2;0.0
19;2021-01-10;1;0;591;2;0.2;0.0
19;2021-01-11;38;0;629;2;0.3;0.0
19;2021-01-12;413;1;1042;3;0.4;0.0
19;2021-01-13;422;4;1464;7;0.6;0.0
19;2021-01-14;473;1;1937;8;0.8;0.0
19;2021-01-15;224;0;2161;8;0.9;0.0
19;2021-01-16;0;0;2161;8;0.9;0.0
19;2021-01-17;1;0;2162;8;0.9;0.0
19;2021-01-18;251;1;2413;9;1.0;0.0
19;2021-01-19;518;0;2931;9;1.2;0.0
19;2021-01-20;920;1;3851;10;1.6;0.0
19;2021-01-21;504;1;4355;11;1.8;0.0
19;2021-01-22;1316;3;5671;14;2.4;0.0
19;2021-01-23;281;0;5952;14;2.5;0.0
19;2021-01-24;36;0;5988;14;2.5;0.0
19;2021-01-25;233;0;6221;14;2.6;0.0
19;2021-01-26;607;4;6828;18;2.8;0.0
19;2021-01-27;334;3;7162;21;3.0;0.0
19;2021-01-28;297;249;7459;270;3.1;0.1
19;2021-01-29;346;60;7805;330;3.2;0.1
19;2021-01-30;130;24;7935;354;3.3;0.1
19;2021-01-31;41;0;7976;354;3.3;0.1
19;2021-02-01;155;96;8131;450;3.4;0.2
19;2021-02-02;303;429;8434;879;3.5;0.4
19;2021-02-03;283;247;8717;1126;3.6;0.5
19;2021-02-04;255;376;8972;1502;3.7;0.6
19;2021-02-05;310;75;9282;1577;3.9;0.7
19;2021-02-06;210;1;9492;1578;3.9;0.7
19;2021-02-07;48;1;9540;1579;4.0;0.7
19;2021-02-08;177;150;9717;1729;4.0;0.7
19;2021-02-09;333;275;10050;2004;4.2;0.8
19;2021-02-10;515;296;10565;2300;4.4;1.0
19;2021-02-11;410;327;10975;2627;4.6;1.1
19;2021-02-12;798;1166;11773;3793;4.9;1.6
19;2021-02-13;351;183;12124;3976;5.0;1.7
19;2021-02-14;98;13;12222;3989;5.1;1.7
19;2021-02-15;200;247;12422;4236;5.2;1.8
19;2021-02-16;385;172;12807;4408;5.3;1.8
19;2021-02-17;306;469;13113;4877;5.5;2.0
19;2021-02-18;174;510;13287;5387;5.5;2.2
19;2021-02-19;469;301;13756;5688;5.7;2.4
19;2021-02-20;133;208;13889;5896;5.8;2.5
19;2021-02-21;20;40;13909;5936;5.8;2.5
19;2021-02-22;219;211;14128;6147;5.9;2.6
19;2021-02-23;268;362;14396;6509;6.0;2.7
19;2021-02-24;359;208;14755;6717;6.1;2.8
19;2021-02-25;519;379;15274;7096;6.4;3.0
19;2021-02-26;395;317;15669;7413;6.5;3.1
19;2021-02-27;347;161;16016;7574;6.7;3.2
19;2021-02-28;68;36;16084;7610;6.7;3.2
19;2021-03-01;266;220;16350;7830;6.8;3.3
19;2021-03-02;428;257;16778;8087;7.0;3.4
19;2021-03-03;689;336;17467;8423;7.3;3.5
19;2021-03-04;824;350;18291;8773;7.6;3.7
19;2021-03-05;892;734;19183;9507;8.0;4.0
19;2021-03-06;1072;213;20255;9720;8.4;4.0
19;2021-03-07;463;37;20718;9757;8.6;4.1
19;2021-03-08;636;158;21354;9915;8.9;4.1
19;2021-03-09;835;248;22189;10163;9.2;4.2
19;2021-03-10;1153;315;23342;10478;9.7;4.4
19;2021-03-11;1272;308;24614;10786;10.2;4.5
19;2021-03-12;1134;399;25748;11185;10.7;4.7
19;2021-03-13;1109;162;26857;11347;11.2;4.7
19;2021-03-14;159;84;27016;11431;11.2;4.8
19;2021-03-15;699;135;27715;11566;11.5;4.8
19;2021-03-16;688;301;28403;11867;11.8;4.9
19;2021-03-17;837;280;29240;12147;12.2;5.1
19;2021-03-18;766;282;30006;12429;12.5;5.2
19;2021-03-19;1013;485;31019;12914;12.9;5.4
19;2021-03-20;782;130;31801;13044;13.2;5.4
19;2021-03-21;127;4;31928;13048;13.3;5.4
19;2021-03-22;547;176;32475;13224;13.5;5.5
19;2021-03-23;1044;230;33519;13454;13.9;5.6
19;2021-03-24;1169;371;34688;13825;14.4;5.8
19;2021-03-25;1187;412;35875;14237;14.9;5.9
19;2021-03-26;1322;272;37197;14509;15.5;6.0
19;2021-03-27;855;186;38052;14695;15.8;6.1
19;2021-03-28;63;60;38115;14755;15.9;6.1
19;2021-03-29;610;178;38725;14933;16.1;6.2
19;2021-03-30;970;342;39695;15275;16.5;6.4
19;2021-03-31;1156;499;40851;15774;17.0;6.6
19;2021-04-01;1493;421;42344;16195;17.6;6.7
19;2021-04-02;1006;522;43350;16717;18.0;7.0
19;2021-04-03;597;283;43947;17000;18.3;7.1
19;2021-04-04;130;3;44077;17003;18.3;7.1
19;2021-04-05;40;75;44117;17078;18.4;7.1
19;2021-04-06;737;601;44854;17679;18.7;7.4
19;2021-04-07;978;731;45832;18410;19.1;7.7
19;2021-04-08;1115;1013;46947;19423;19.5;8.1
19;2021-04-09;1641;609;48588;20032;20.2;8.3
19;2021-04-10;945;554;49533;20586;20.6;8.6
19;2021-04-11;558;74;50091;20660;20.8;8.6
19;2021-04-12;678;521;50769;21181;21.1;8.8
19;2021-04-13;915;576;51684;21757;21.5;9.1
19;2021-04-14;1333;837;53017;22594;22.1;9.4
19;2021-04-15;1229;868;54246;23462;22.6;9.8
19;2021-04-16;1504;819;55750;24281;23.2;10.1
19;2021-04-17;761;476;56511;24757;23.5;10.3
19;2021-04-18;659;69;57170;24826;23.8;10.3
19;2021-04-19;728;436;57898;25262;24.1;10.5
19;2021-04-20;976;747;58874;26009;24.5;10.8
19;2021-04-21;1271;696;60145;26705;25.0;11.1
19;2021-04-22;1189;890;61334;27595;25.5;11.5
19;2021-04-23;1127;1019;62461;28614;26.0;11.9
19;2021-04-24;678;671;63139;29285;26.3;12.2
19;2021-04-25;675;67;63814;29352;26.6;12.2
19;2021-04-26;1056;326;64870;29678;27.0;12.3
19;2021-04-27;1028;569;65898;30247;27.4;12.6
19;2021-04-28;1551;552;67449;30799;28.1;12.8
19;2021-04-29;1451;1194;68900;31993;28.7;13.3
19;2021-04-30;1877;1055;70777;33048;29.4;13.8
19;2021-05-01;669;168;71446;33216;29.7;13.8
19;2021-05-02;550;149;71996;33365;30.0;13.9
19;2021-05-03;852;547;72848;33912;30.3;14.1
19;2021-05-04;1025;705;73873;34617;30.7;14.4
19;2021-05-05;1254;740;75127;35357;31.3;14.7
19;2021-05-06;1127;1202;76254;36559;31.7;15.2
19;2021-05-07;1661;1188;77915;37747;32.4;15.7
19;2021-05-08;711;212;78626;37959;32.7;15.8
19;2021-05-09;487;545;79113;38504;32.9;16.0
19;2021-05-10;1164;670;80277;39174;33.4;16.3
19;2021-05-11;1636;856;81913;40030;34.1;16.7
19;2021-05-12;1942;1318;83855;41348;34.9;17.2
19;2021-05-13;570;242;84425;41590;35.1;17.3
19;2021-05-14;1645;987;86070;42577;35.8;17.7
19;2021-05-15;1443;589;87513;43166;36.4;18.0
19;2021-05-16;349;82;87862;43248;36.6;18.0
19;2021-05-17;1497;544;89359;43792;37.2;18.2
19;2021-05-18;1670;485;91029;44277;37.9;18.4
19;2021-05-19;1998;815;93027;45092;38.7;18.8
19;2021-05-20;1720;888;94747;45980;39.4;19.1
19;2021-05-21;1964;812;96711;46792;40.2;19.5
19;2021-05-22;1272;652;97983;47444;40.8;19.7
19;2021-05-23;324;130;98307;47574;40.9;19.8
19;2021-05-24;139;46;98446;47620;41.0;19.8
19;2021-05-25;1503;487;99949;48107;41.6;20.0
19;2021-05-26;1925;663;101874;48770;42.4;20.3
19;2021-05-27;1786;830;103660;49600;43.1;20.6
19;2021-05-28;1938;987;105598;50587;43.9;21.0
19;2021-05-29;1372;705;106970;51292;44.5;21.3
19;2021-05-30;190;497;107160;51789;44.6;21.5
19;2021-05-31;1200;537;108360;52326;45.1;21.8
19;2021-06-01;1281;883;109641;53209;45.6;22.1
19;2021-06-02;1816;958;111457;54167;46.4;22.5
19;2021-06-03;1446;1253;112903;55420;47.0;23.1
19;2021-06-04;1846;1348;114749;56768;47.7;23.6
19;2021-06-05;1209;813;115958;57581;48.2;24.0
19;2021-06-06;87;649;116045;58230;48.3;24.2
19;2021-06-07;922;933;116967;59163;48.7;24.6
19;2021-06-08;1105;907;118072;60070;49.1;25.0
19;2021-06-09;1328;1461;119400;61531;49.7;25.6
19;2021-06-10;1280;1581;120680;63112;50.2;26.3
19;2021-06-11;1315;1916;121995;65028;50.8;27.1
19;2021-06-12;1355;1317;123350;66345;51.3;27.6
19;2021-06-13;542;422;123892;66767;51.5;27.8
19;2021-06-14;735;1017;124627;67784;51.9;28.2
19;2021-06-15;979;1142;125606;68926;52.3;28.7
19;2021-06-16;1224;1360;126830;70286;52.8;29.2
19;2021-06-17;865;1793;127695;72079;53.1;30.0
19;2021-06-18;1057;2137;128752;74216;53.6;30.9
19;2021-06-19;917;1299;129669;75515;54.0;31.4
19;2021-06-20;394;325;130063;75840;54.1;31.6
19;2021-06-21;499;1075;130562;76915;54.3;32.0
19;2021-06-22;697;1492;131259;78407;54.6;32.6
19;2021-06-23;740;1984;131999;80391;54.9;33.4
19;2021-06-24;684;1663;132683;82054;55.2;34.1
19;2021-06-25;562;2214;133245;84268;55.4;35.1
19;2021-06-26;468;1739;133713;86007;55.6;35.8
19;2021-06-27;288;444;134001;86451;55.8;36.0
19;2021-06-28;315;1499;134316;87950;55.9;36.6
19;2021-06-29;351;1890;134667;89840;56.0;37.4
19;2021-06-30;785;2154;135452;91994;56.4;38.3
19;2021-07-01;356;2321;135808;94315;56.5;39.2
19;2021-07-02;775;2319;136583;96634;56.8;40.2
19;2021-07-03;511;1736;137094;98370;57.0;40.9
19;2021-07-04;1;73;137095;98443;57.0;41.0
19;2021-07-05;597;1014;137692;99457;57.3;41.4
19;2021-07-06;504;1539;138196;100996;57.5;42.0
19;2021-07-07;704;2048;138900;103044;57.8;42.9
19;2021-07-08;765;2151;139665;105195;58.1;43.8
19;2021-07-09;712;2661;140377;107856;58.4;44.9
19;2021-07-10;585;1705;140962;109561;58.7;45.6
19;2021-07-11;45;212;141007;109773;58.7;45.7
19;2021-07-12;446;1489;141453;111262;58.9;46.3
19;2021-07-13;676;1831;142129;113093;59.1;47.1
19;2021-07-14;198;272;142327;113365;59.2;47.2
19;2021-07-15;864;2051;143191;115416;59.6;48.0
19;2021-07-16;1218;2434;144409;117850;60.1;49.0
19;2021-07-17;700;1716;145109;119566;60.4;49.7
19;2021-07-18;362;665;145471;120231;60.5;50.0
19;2021-07-19;960;1402;146431;121633;60.9;50.6
19;2021-07-20;960;1672;147391;123305;61.3;51.3
19;2021-07-21;1065;1709;148456;125014;61.8;52.0
19;2021-07-22;1383;1853;149839;126867;62.3;52.8
19;2021-07-23;1772;1984;151611;128851;63.1;53.6
19;2021-07-24;904;1750;152515;130601;63.5;54.3
19;2021-07-25;157;513;152672;131114;63.5;54.6
19;2021-07-26;896;908;153568;132022;63.9;54.9
19;2021-07-27;1413;1105;154981;133127;64.5;55.4
19;2021-07-28;2034;1217;157015;134344;65.3;55.9
21;2020-12-27;4;0;4;0;0.0;0.0
21;2020-12-28;1;0;5;0;0.0;0.0
21;2020-12-29;19;0;24;0;0.0;0.0
21;2020-12-30;22;0;46;0;0.0;0.0
21;2020-12-31;0;0;46;0;0.0;0.0
21;2021-01-01;0;0;46;0;0.0;0.0
21;2021-01-02;1;0;47;0;0.0;0.0
21;2021-01-03;0;0;47;0;0.0;0.0
21;2021-01-04;22;0;69;0;0.0;0.0
21;2021-01-05;250;2;319;2;0.1;0.0
21;2021-01-06;300;0;619;2;0.1;0.0
21;2021-01-07;387;0;1006;2;0.2;0.0
21;2021-01-08;455;3;1461;5;0.3;0.0
21;2021-01-09;251;0;1712;5;0.3;0.0
21;2021-01-10;1;0;1713;5;0.3;0.0
21;2021-01-11;623;1;2336;6;0.4;0.0
21;2021-01-12;651;0;2987;6;0.6;0.0
21;2021-01-13;702;2;3689;8;0.7;0.0
21;2021-01-14;1184;5;4873;13;0.9;0.0
21;2021-01-15;715;4;5588;17;1.0;0.0
21;2021-01-16;162;0;5750;17;1.1;0.0
21;2021-01-17;4;0;5754;17;1.1;0.0
21;2021-01-18;1315;6;7069;23;1.3;0.0
21;2021-01-19;1362;1;8431;24;1.6;0.0
21;2021-01-20;1293;46;9724;70;1.8;0.0
21;2021-01-21;1533;2;11257;72;2.1;0.0
21;2021-01-22;1239;3;12496;75;2.3;0.0
21;2021-01-23;488;0;12984;75;2.4;0.0
21;2021-01-24;121;0;13105;75;2.5;0.0
21;2021-01-25;923;18;14028;93;2.6;0.0
21;2021-01-26;1536;147;15564;240;2.9;0.0
21;2021-01-27;2037;152;17601;392;3.3;0.1
21;2021-01-28;1447;224;19048;616;3.6;0.1
21;2021-01-29;1023;212;20071;828;3.8;0.2
21;2021-01-30;467;31;20538;859;3.9;0.2
21;2021-01-31;97;5;20635;864;3.9;0.2
21;2021-02-01;451;288;21086;1152;4.0;0.2
21;2021-02-02;453;441;21539;1593;4.0;0.3
21;2021-02-03;439;283;21978;1876;4.1;0.4
21;2021-02-04;417;552;22395;2428;4.2;0.5
21;2021-02-05;487;526;22882;2954;4.3;0.6
21;2021-02-06;151;224;23033;3178;4.3;0.6
21;2021-02-07;0;2;23033;3180;4.3;0.6
21;2021-02-08;434;391;23467;3571;4.4;0.7
21;2021-02-09;514;519;23981;4090;4.5;0.8
21;2021-02-10;461;585;24442;4675;4.6;0.9
21;2021-02-11;480;737;24922;5412;4.7;1.0
21;2021-02-12;356;941;25278;6353;4.7;1.2
21;2021-02-13;360;323;25638;6676;4.8;1.3
21;2021-02-14;237;147;25875;6823;4.9;1.3
21;2021-02-15;116;1432;25991;8255;4.9;1.5
21;2021-02-16;208;1579;26199;9834;4.9;1.8
21;2021-02-17;394;1986;26593;11820;5.0;2.2
21;2021-02-18;602;1360;27195;13180;5.1;2.5
21;2021-02-19;215;1145;27410;14325;5.1;2.7
21;2021-02-20;122;429;27532;14754;5.2;2.8
21;2021-02-21;1;83;27533;14837;5.2;2.8
21;2021-02-22;80;780;27613;15617;5.2;2.9
21;2021-02-23;170;1043;27783;16660;5.2;3.1
21;2021-02-24;224;750;28007;17410;5.3;3.3
21;2021-02-25;645;833;28652;18243;5.4;3.4
21;2021-02-26;925;724;29577;18967;5.6;3.6
21;2021-02-27;535;300;30112;19267;5.7;3.6
21;2021-02-28;24;133;30136;19400;5.7;3.6
21;2021-03-01;678;630;30814;20030;5.8;3.8
21;2021-03-02;1054;549;31868;20579;6.0;3.9
21;2021-03-03;1160;434;33028;21013;6.2;3.9
21;2021-03-04;1678;516;34706;21529;6.5;4.0
21;2021-03-05;2193;650;36899;22179;6.9;4.2
21;2021-03-06;1592;194;38491;22373;7.2;4.2
21;2021-03-07;4;16;38495;22389;7.2;4.2
21;2021-03-08;770;444;39265;22833;7.4;4.3
21;2021-03-09;1566;565;40831;23398;7.7;4.4
21;2021-03-10;1624;556;42455;23954;8.0;4.5
21;2021-03-11;2184;687;44639;24641;8.4;4.6
21;2021-03-12;2887;428;47526;25069;8.9;4.7
21;2021-03-13;1932;187;49458;25256;9.3;4.7
21;2021-03-14;37;50;49495;25306;9.3;4.7
21;2021-03-15;1407;79;50902;25385;9.6;4.8
21;2021-03-16;1877;142;52779;25527;9.9;4.8
21;2021-03-17;1799;106;54578;25633;10.2;4.8
21;2021-03-18;2120;253;56698;25886;10.6;4.9
21;2021-03-19;1961;139;58659;26025;11.0;4.9
21;2021-03-20;1228;35;59887;26060;11.2;4.9
21;2021-03-21;1;0;59888;26060;11.2;4.9
21;2021-03-22;1555;85;61443;26145;11.5;4.9
21;2021-03-23;2689;96;64132;26241;12.0;4.9
21;2021-03-24;2889;153;67021;26394;12.6;5.0
21;2021-03-25;3712;225;70733;26619;13.3;5.0
21;2021-03-26;3656;179;74389;26798;14.0;5.0
21;2021-03-27;1725;55;76114;26853;14.3;5.0
21;2021-03-28;200;37;76314;26890;14.3;5.0
21;2021-03-29;1789;514;78103;27404;14.7;5.1
21;2021-03-30;2349;798;80452;28202;15.1;5.3
21;2021-03-31;2715;651;83167;28853;15.6;5.4
21;2021-04-01;2689;715;85856;29568;16.1;5.5
21;2021-04-02;2243;742;88099;30310;16.5;5.7
21;2021-04-03;1017;270;89116;30580;16.7;5.7
21;2021-04-04;2;12;89118;30592;16.7;5.7
21;2021-04-05;6;0;89124;30592;16.7;5.7
21;2021-04-06;1355;1145;90479;31737;17.0;6.0
21;2021-04-07;1746;972;92225;32709;17.3;6.1
21;2021-04-08;3215;1116;95440;33825;17.9;6.3
21;2021-04-09;3478;1180;98918;35005;18.6;6.6
21;2021-04-10;1378;736;100296;35741;18.8;6.7
21;2021-04-11;143;1;100439;35742;18.8;6.7
21;2021-04-12;1115;1360;101554;37102;19.1;7.0
21;2021-04-13;1655;1785;103209;38887;19.4;7.3
21;2021-04-14;1479;1485;104688;40372;19.6;7.6
21;2021-04-15;1898;1594;106586;41966;20.0;7.9
21;2021-04-16;2316;1314;108902;43280;20.4;8.1
21;2021-04-17;1017;972;109919;44252;20.6;8.3
21;2021-04-18;14;4;109933;44256;20.6;8.3
21;2021-04-19;1110;1331;111043;45587;20.8;8.6
21;2021-04-20;1238;1841;112281;47428;21.1;8.9
21;2021-04-21;1093;1732;113374;49160;21.3;9.2
21;2021-04-22;1276;2215;114650;51375;21.5;9.6
21;2021-04-23;1978;1726;116628;53101;21.9;10.0
21;2021-04-24;1000;862;117628;53963;22.1;10.1
21;2021-04-25;8;166;117636;54129;22.1;10.2
21;2021-04-26;1011;1597;118647;55726;22.3;10.5
21;2021-04-27;1836;1949;120483;57675;22.6;10.8
21;2021-04-28;2231;2228;122714;59903;23.0;11.2
21;2021-04-29;3128;2259;125842;62162;23.6;11.7
21;2021-04-30;3555;1867;129397;64029;24.3;12.0
21;2021-05-01;963;225;130360;64254;24.5;12.1
21;2021-05-02;2;5;130362;64259;24.5;12.1
21;2021-05-03;2081;1347;132443;65606;24.9;12.3
21;2021-05-04;2578;1647;135021;67253;25.3;12.6
21;2021-05-05;2251;1689;137272;68942;25.8;12.9
21;2021-05-06;3009;2239;140281;71181;26.3;13.4
21;2021-05-07;2806;2177;143087;73358;26.9;13.8
21;2021-05-08;1063;265;144150;73623;27.1;13.8
21;2021-05-09;26;174;144176;73797;27.1;13.8
21;2021-05-10;3169;1718;147345;75515;27.7;14.2
21;2021-05-11;4916;2003;152261;77518;28.6;14.5
21;2021-05-12;4797;1736;157058;79254;29.5;14.9
21;2021-05-13;3847;362;160905;79616;30.2;14.9
21;2021-05-14;5198;1460;166103;81076;31.2;15.2
21;2021-05-15;3425;646;169528;81722;31.8;15.3
21;2021-05-16;48;4;169576;81726;31.8;15.3
21;2021-05-17;4130;1241;173706;82967;32.6;15.6
21;2021-05-18;4359;1486;178065;84453;33.4;15.8
21;2021-05-19;3473;1108;181538;85561;34.1;16.1
21;2021-05-20;3893;1343;185431;86904;34.8;16.3
21;2021-05-21;3623;2153;189054;89057;35.5;16.7
21;2021-05-22;1669;767;190723;89824;35.8;16.9
21;2021-05-23;4;17;190727;89841;35.8;16.9
21;2021-05-24;1815;266;192542;90107;36.1;16.9
21;2021-05-25;2646;1960;195188;92067;36.6;17.3
21;2021-05-26;2605;1985;197793;94052;37.1;17.6
21;2021-05-27;4012;2104;201805;96156;37.9;18.0
21;2021-05-28;3569;2813;205374;98969;38.5;18.6
21;2021-05-29;1927;1465;207301;100434;38.9;18.8
21;2021-05-30;96;13;207397;100447;38.9;18.8
21;2021-05-31;2495;1774;209892;102221;39.4;19.2
21;2021-06-01;3450;2247;213342;104468;40.0;19.6
21;2021-06-02;2612;1758;215954;106226;40.5;19.9
21;2021-06-03;3146;2070;219100;108296;41.1;20.3
21;2021-06-04;3276;2584;222376;110880;41.7;20.8
21;2021-06-05;2923;1654;225299;112534;42.3;21.1
21;2021-06-06;51;85;225350;112619;42.3;21.1
21;2021-06-07;4311;1343;229661;113962;43.1;21.4
21;2021-06-08;4938;2128;234599;116090;44.0;21.8
21;2021-06-09;4500;1607;239099;117697;44.9;22.1
21;2021-06-10;3928;2589;243027;120286;45.6;22.6
21;2021-06-11;4158;3104;247185;123390;46.4;23.2
21;2021-06-12;2198;1606;249383;124996;46.8;23.5
21;2021-06-13;29;11;249412;125007;46.8;23.5
21;2021-06-14;2196;2567;251608;127574;47.2;23.9
21;2021-06-15;2957;3090;254565;130664;47.8;24.5
21;2021-06-16;2849;2604;257414;133268;48.3;25.0
21;2021-06-17;3418;3043;260832;136311;48.9;25.6
21;2021-06-18;2422;3797;263254;140108;49.4;26.3
21;2021-06-19;2040;1862;265294;141970;49.8;26.6
21;2021-06-20;26;13;265320;141983;49.8;26.6
21;2021-06-21;1830;3407;267150;145390;50.1;27.3
21;2021-06-22;1870;5831;269020;151221;50.5;28.4
21;2021-06-23;2021;5007;271041;156228;50.9;29.3
21;2021-06-24;2355;4661;273396;160889;51.3;30.2
21;2021-06-25;1521;5896;274917;166785;51.6;31.3
21;2021-06-26;1436;3895;276353;170680;51.9;32.0
21;2021-06-27;16;125;276369;170805;51.9;32.1
21;2021-06-28;1388;4016;277757;174821;52.1;32.8
21;2021-06-29;1627;4175;279384;178996;52.4;33.6
21;2021-06-30;1564;3370;280948;182366;52.7;34.2
21;2021-07-01;1636;4145;282584;186511;53.0;35.0
21;2021-07-02;2163;4223;284747;190734;53.4;35.8
21;2021-07-03;1091;2098;285838;192832;53.6;36.2
21;2021-07-04;36;55;285874;192887;53.6;36.2
21;2021-07-05;1600;3629;287474;196516;53.9;36.9
21;2021-07-06;1344;3593;288818;200109;54.2;37.6
21;2021-07-07;1446;3239;290264;203348;54.5;38.2
21;2021-07-08;1865;4163;292129;207511;54.8;38.9
21;2021-07-09;2060;4351;294189;211862;55.2;39.8
21;2021-07-10;1087;2548;295276;214410;55.4;40.2
21;2021-07-11;19;74;295295;214484;55.4;40.2
21;2021-07-12;1641;3726;296936;218210;55.7;40.9
21;2021-07-13;2255;4889;299191;223099;56.1;41.9
21;2021-07-14;2865;2009;302056;225108;56.7;42.2
21;2021-07-15;3746;4553;305802;229661;57.4;43.1
21;2021-07-16;3874;5253;309676;234914;58.1;44.1
21;2021-07-17;2764;4161;312440;239075;58.6;44.9
21;2021-07-18;155;80;312595;239155;58.7;44.9
21;2021-07-19;2359;4623;314954;243778;59.1;45.7
21;2021-07-20;2721;5493;317675;249271;59.6;46.8
21;2021-07-21;2861;4784;320536;254055;60.2;47.7
21;2021-07-22;2942;4709;323478;258764;60.7;48.6
21;2021-07-23;4253;4860;327731;263624;61.5;49.5
21;2021-07-24;3029;2999;330760;266623;62.1;50.0
21;2021-07-25;63;39;330823;266662;62.1;50.0
21;2021-07-26;2613;3578;333436;270240;62.6;50.7
21;2021-07-27;3334;3760;336770;274000;63.2;51.4
21;2021-07-28;3489;3321;340259;277321;63.9;52.0
22;2020-12-27;0;0;0;0;0.0;0.0
22;2020-12-28;0;0;0;0;0.0;0.0
22;2020-12-29;0;0;0;0;0.0;0.0
22;2020-12-30;0;0;0;0;0.0;0.0
22;2020-12-31;0;0;0;0;0.0;0.0
22;2021-01-01;0;0;0;0;0.0;0.0
22;2021-01-02;2;0;2;0;0.0;0.0
22;2021-01-03;0;0;2;0;0.0;0.0
22;2021-01-04;4;0;6;0;0.0;0.0
22;2021-01-05;61;0;67;0;0.0;0.0
22;2021-01-06;114;1;181;1;0.0;0.0
22;2021-01-07;67;0;248;1;0.0;0.0
22;2021-01-08;174;0;422;1;0.1;0.0
22;2021-01-09;1;0;423;1;0.1;0.0
22;2021-01-10;0;0;423;1;0.1;0.0
22;2021-01-11;233;3;656;4;0.1;0.0
22;2021-01-12;627;0;1283;4;0.2;0.0
22;2021-01-13;673;1;1956;5;0.3;0.0
22;2021-01-14;713;8;2669;13;0.4;0.0
22;2021-01-15;527;2;3196;15;0.5;0.0
22;2021-01-16;97;0;3293;15;0.6;0.0
22;2021-01-17;1;0;3294;15;0.6;0.0
22;2021-01-18;309;1;3603;16;0.6;0.0
22;2021-01-19;680;1;4283;17;0.7;0.0
22;2021-01-20;598;0;4881;17;0.8;0.0
22;2021-01-21;947;1;5828;18;1.0;0.0
22;2021-01-22;835;2;6663;20;1.1;0.0
22;2021-01-23;218;0;6881;20;1.2;0.0
22;2021-01-24;1;0;6882;20;1.2;0.0
22;2021-01-25;748;10;7630;30;1.3;0.0
22;2021-01-26;1011;59;8641;89;1.4;0.0
22;2021-01-27;3852;108;12493;197;2.1;0.0
22;2021-01-28;4466;84;16959;281;2.8;0.0
22;2021-01-29;1876;128;18835;409;3.2;0.1
22;2021-01-30;287;0;19122;409;3.2;0.1
22;2021-01-31;2;0;19124;409;3.2;0.1
22;2021-02-01;641;81;19765;490;3.3;0.1
22;2021-02-02;903;436;20668;926;3.5;0.2
22;2021-02-03;690;504;21358;1430;3.6;0.2
22;2021-02-04;966;636;22324;2066;3.7;0.3
22;2021-02-05;721;563;23045;2629;3.9;0.4
22;2021-02-06;249;0;23294;2629;3.9;0.4
22;2021-02-07;0;0;23294;2629;3.9;0.4
22;2021-02-08;530;135;23824;2764;4.0;0.5
22;2021-02-09;615;344;24439;3108;4.1;0.5
22;2021-02-10;425;202;24864;3310;4.2;0.6
22;2021-02-11;1086;324;25950;3634;4.4;0.6
22;2021-02-12;594;327;26544;3961;4.5;0.7
22;2021-02-13;318;78;26862;4039;4.5;0.7
22;2021-02-14;0;5;26862;4044;4.5;0.7
22;2021-02-15;671;428;27533;4472;4.6;0.8
22;2021-02-16;1041;705;28574;5177;4.8;0.9
22;2021-02-17;1203;2460;29777;7637;5.0;1.3
22;2021-02-18;2139;3001;31916;10638;5.4;1.8
22;2021-02-19;1635;1943;33551;12581;5.6;2.1
22;2021-02-20;479;212;34030;12793;5.7;2.1
22;2021-02-21;4;49;34034;12842;5.7;2.2
22;2021-02-22;401;721;34435;13563;5.8;2.3
22;2021-02-23;661;930;35096;14493;5.9;2.4
22;2021-02-24;695;945;35791;15438;6.0;2.6
22;2021-02-25;1200;1206;36991;16644;6.2;2.8
22;2021-02-26;1065;710;38056;17354;6.4;2.9
22;2021-02-27;563;284;38619;17638;6.5;3.0
22;2021-02-28;16;8;38635;17646;6.5;3.0
22;2021-03-01;953;523;39588;18169;6.6;3.0
22;2021-03-02;1204;875;40792;19044;6.8;3.2
22;2021-03-03;1325;860;42117;19904;7.1;3.3
22;2021-03-04;1591;928;43708;20832;7.3;3.5
22;2021-03-05;2103;805;45811;21637;7.7;3.6
22;2021-03-06;1111;293;46922;21930;7.9;3.7
22;2021-03-07;219;1;47141;21931;7.9;3.7
22;2021-03-08;1291;652;48432;22583;8.1;3.8
22;2021-03-09;1823;745;50255;23328;8.4;3.9
22;2021-03-10;1982;1001;52237;24329;8.8;4.1
22;2021-03-11;2371;1649;54608;25978;9.2;4.4
22;2021-03-12;3095;954;57703;26932;9.7;4.5
22;2021-03-13;1707;288;59410;27220;10.0;4.6
22;2021-03-14;245;23;59655;27243;10.0;4.6
22;2021-03-15;1616;566;61271;27809;10.3;4.7
22;2021-03-16;1592;854;62863;28663;10.5;4.8
22;2021-03-17;2642;702;65505;29365;11.0;4.9
22;2021-03-18;2549;1110;68054;30475;11.4;5.1
22;2021-03-19;3278;801;71332;31276;12.0;5.2
22;2021-03-20;2208;284;73540;31560;12.3;5.3
22;2021-03-21;15;0;73555;31560;12.3;5.3
22;2021-03-22;2365;359;75920;31919;12.7;5.4
22;2021-03-23;3145;774;79065;32693;13.3;5.5
22;2021-03-24;3484;683;82549;33376;13.8;5.6
22;2021-03-25;3948;597;86497;33973;14.5;5.7
22;2021-03-26;4002;474;90499;34447;15.2;5.8
22;2021-03-27;2080;179;92579;34626;15.5;5.8
22;2021-03-28;67;1;92646;34627;15.5;5.8
22;2021-03-29;2769;909;95415;35536;16.0;6.0
22;2021-03-30;3559;1152;98974;36688;16.6;6.2
22;2021-03-31;3672;1088;102646;37776;17.2;6.3
22;2021-04-01;4918;1112;107564;38888;18.0;6.5
22;2021-04-02;4389;1031;111953;39919;18.8;6.7
22;2021-04-03;1996;404;113949;40323;19.1;6.8
22;2021-04-04;34;0;113983;40323;19.1;6.8
22;2021-04-05;14;0;113997;40323;19.1;6.8
22;2021-04-06;3288;1140;117285;41463;19.7;7.0
22;2021-04-07;3423;1364;120708;42827;20.2;7.2
22;2021-04-08;4443;1315;125151;44142;21.0;7.4
22;2021-04-09;5185;1346;130336;45488;21.9;7.6
22;2021-04-10;2439;364;132775;45852;22.3;7.7
22;2021-04-11;477;8;133252;45860;22.4;7.7
22;2021-04-12;2985;995;136237;46855;22.9;7.9
22;2021-04-13;3321;1515;139558;48370;23.4;8.1
22;2021-04-14;3166;2481;142724;50851;23.9;8.5
22;2021-04-15;3597;2433;146321;53284;24.5;8.9
22;2021-04-16;3625;2487;149946;55771;25.2;9.4
22;2021-04-17;1914;1784;151860;57555;25.5;9.7
22;2021-04-18;17;0;151877;57555;25.5;9.7
22;2021-04-19;3020;2140;154897;59695;26.0;10.0
22;2021-04-20;3305;2784;158202;62479;26.5;10.5
22;2021-04-21;3224;2729;161426;65208;27.1;10.9
22;2021-04-22;3588;3126;165014;68334;27.7;11.5
22;2021-04-23;3725;3156;168739;71490;28.3;12.0
22;2021-04-24;1989;1962;170728;73452;28.6;12.3
22;2021-04-25;17;0;170745;73452;28.6;12.3
22;2021-04-26;3207;2845;173952;76297;29.2;12.8
22;2021-04-27;3374;3142;177326;79439;29.7;13.3
22;2021-04-28;3490;3147;180816;82586;30.3;13.9
22;2021-04-29;4079;3272;184895;85858;31.0;14.4
22;2021-04-30;3904;3226;188799;89084;31.7;14.9
22;2021-05-01;60;69;188859;89153;31.7;15.0
22;2021-05-02;1237;57;190096;89210;31.9;15.0
22;2021-05-03;2030;2708;192126;91918;32.2;15.4
22;2021-05-04;2155;2895;194281;94813;32.6;15.9
22;2021-05-05;2046;3009;196327;97822;32.9;16.4
22;2021-05-06;2509;3494;198836;101316;33.4;17.0
22;2021-05-07;2829;3405;201665;104721;33.8;17.6
22;2021-05-08;45;122;201710;104843;33.8;17.6
22;2021-05-09;600;435;202310;105278;33.9;17.7
22;2021-05-10;4473;2720;206783;107998;34.7;18.1
22;2021-05-11;5103;2899;211886;110897;35.5;18.6
22;2021-05-12;6596;1014;218482;111911;36.6;18.8
22;2021-05-13;528;35;219010;111946;36.7;18.8
22;2021-05-14;6398;1079;225408;113025;37.8;19.0
22;2021-05-15;3987;426;229395;113451;38.5;19.0
22;2021-05-16;418;36;229813;113487;38.5;19.0
22;2021-05-17;5663;517;235476;114004;39.5;19.1
22;2021-05-18;6005;944;241481;114948;40.5;19.3
22;2021-05-19;6125;699;247606;115647;41.5;19.4
22;2021-05-20;6587;1372;254193;117019;42.6;19.6
22;2021-05-21;5887;1459;260080;118478;43.6;19.9
22;2021-05-22;4081;769;264161;119247;44.3;20.0
22;2021-05-23;405;12;264566;119259;44.4;20.0
22;2021-05-24;5303;219;269869;119478;45.3;20.0
22;2021-05-25;5630;1176;275499;120654;46.2;20.2
22;2021-05-26;4211;2804;279710;123458;46.9;20.7
22;2021-05-27;4500;3837;284210;127295;47.7;21.4
22;2021-05-28;4385;4437;288595;131732;48.4;22.1
22;2021-05-29;3045;1769;291640;133501;48.9;22.4
22;2021-05-30;19;7;291659;133508;48.9;22.4
22;2021-05-31;3647;3152;295306;136660;49.5;22.9
22;2021-06-01;3519;3688;298825;140348;50.1;23.5
22;2021-06-02;3078;3386;301903;143734;50.6;24.1
22;2021-06-03;3183;4097;305086;147831;51.2;24.8
22;2021-06-04;3363;4548;308449;152379;51.7;25.6
22;2021-06-05;3541;2026;311990;154405;52.3;25.9
22;2021-06-06;213;29;312203;154434;52.4;25.9
22;2021-06-07;3033;3250;315236;157684;52.9;26.4
22;2021-06-08;2789;3528;318025;161212;53.3;27.0
22;2021-06-09;2534;3506;320559;164718;53.8;27.6
22;2021-06-10;2511;4249;323070;168967;54.2;28.3
22;2021-06-11;2537;4227;325607;173194;54.6;29.1
22;2021-06-12;2411;1454;328018;174648;55.0;29.3
22;2021-06-13;133;1093;328151;175741;55.0;29.5
22;2021-06-14;2635;2467;330786;178208;55.5;29.9
22;2021-06-15;3091;2995;333877;181203;56.0;30.4
22;2021-06-16;3000;2808;336877;184011;56.5;30.9
22;2021-06-17;2554;3179;339431;187190;56.9;31.4
22;2021-06-18;3083;4112;342514;191302;57.5;32.1
22;2021-06-19;2966;1453;345480;192755;57.9;32.3
22;2021-06-20;145;7;345625;192762;58.0;32.3
22;2021-06-21;1762;5019;347387;197781;58.3;33.2
22;2021-06-22;2390;5552;349777;203333;58.7;34.1
22;2021-06-23;1266;6207;351043;209540;58.9;35.1
22;2021-06-24;2559;3917;353602;213457;59.3;35.8
22;2021-06-25;1542;6813;355144;220270;59.6;36.9
22;2021-06-26;779;3857;355923;224127;59.7;37.6
22;2021-06-27;4;512;355927;224639;59.7;37.7
22;2021-06-28;1044;5591;356971;230230;59.9;38.6
22;2021-06-29;1359;5958;358330;236188;60.1;39.6
22;2021-06-30;1111;5744;359441;241932;60.3;40.6
22;2021-07-01;1346;6052;360787;247984;60.5;41.6
22;2021-07-02;1650;6097;362437;254081;60.8;42.6
22;2021-07-03;980;3818;363417;257899;61.0;43.3
22;2021-07-04;144;363;363561;258262;61.0;43.3
22;2021-07-05;1548;5805;365109;264067;61.2;44.3
22;2021-07-06;2289;6000;367398;270067;61.6;45.3
22;2021-07-07;2231;4938;369629;275005;62.0;46.1
22;2021-07-08;2474;5102;372103;280107;62.4;47.0
22;2021-07-09;2452;5383;374555;285490;62.8;47.9
22;2021-07-10;1762;3354;376317;288844;63.1;48.4
22;2021-07-11;477;71;376794;288915;63.2;48.5
22;2021-07-12;2272;4733;379066;293648;63.6;49.3
22;2021-07-13;3738;5042;382804;298690;64.2;50.1
22;2021-07-14;690;2498;383494;301188;64.3;50.5
22;2021-07-15;3782;4628;387276;305816;65.0;51.3
22;2021-07-16;3777;5292;391053;311108;65.6;52.2
22;2021-07-17;2521;3411;393574;314519;66.0;52.8
22;2021-07-18;561;85;394135;314604;66.1;52.8
22;2021-07-19;2717;4104;396852;318708;66.6;53.5
22;2021-07-20;3825;4122;400677;322830;67.2;54.1
22;2021-07-21;3936;3401;404613;326231;67.9;54.7
22;2021-07-22;4780;3700;409393;329931;68.7;55.3
22;2021-07-23;4402;4206;413795;334137;69.4;56.0
22;2021-07-24;2227;2616;416022;336753;69.8;56.5
22;2021-07-25;117;150;416139;336903;69.8;56.5
22;2021-07-26;2963;3907;419102;340810;70.3;57.2
22;2021-07-27;3624;4905;422726;345715;70.9;58.0
22;2021-07-28;3628;3631;426354;349346;71.5;58.6
23;2020-12-27;0;0;0;0;0.0;0.0
23;2020-12-28;1;0;1;0;0.0;0.0
23;2020-12-29;0;0;1;0;0.0;0.0
23;2020-12-30;0;0;1;0;0.0;0.0
23;2020-12-31;0;0;1;0;0.0;0.0
23;2021-01-01;0;0;1;0;0.0;0.0
23;2021-01-02;1;0;2;0;0.0;0.0
23;2021-01-03;0;0;2;0;0.0;0.0
23;2021-01-04;1;0;3;0;0.0;0.0
23;2021-01-05;3;0;6;0;0.0;0.0
23;2021-01-06;10;0;16;0;0.0;0.0
23;2021-01-07;117;0;133;0;0.1;0.0
23;2021-01-08;116;0;249;0;0.2;0.0
23;2021-01-09;35;0;284;0;0.2;0.0
23;2021-01-10;1;0;285;0;0.2;0.0
23;2021-01-11;173;0;458;0;0.4;0.0
23;2021-01-12;234;1;692;1;0.6;0.0
23;2021-01-13;308;0;1000;1;0.9;0.0
23;2021-01-14;290;3;1290;4;1.1;0.0
23;2021-01-15;334;5;1624;9;1.4;0.0
23;2021-01-16;163;1;1787;10;1.5;0.0
23;2021-01-17;0;0;1787;10;1.5;0.0
23;2021-01-18;341;1;2128;11;1.8;0.0
23;2021-01-19;497;2;2625;13;2.3;0.0
23;2021-01-20;362;1;2987;14;2.6;0.0
23;2021-01-21;696;1;3683;15;3.2;0.0
23;2021-01-22;477;0;4160;15;3.6;0.0
23;2021-01-23;368;1;4528;16;3.9;0.0
23;2021-01-24;0;0;4528;16;3.9;0.0
23;2021-01-25;382;17;4910;33;4.2;0.0
23;2021-01-26;300;5;5210;38;4.5;0.0
23;2021-01-27;228;3;5438;41;4.7;0.0
23;2021-01-28;233;47;5671;88;4.9;0.1
23;2021-01-29;303;103;5974;191;5.1;0.2
23;2021-01-30;100;28;6074;219;5.2;0.2
23;2021-01-31;2;34;6076;253;5.2;0.2
23;2021-02-01;147;106;6223;359;5.4;0.3
23;2021-02-02;157;123;6380;482;5.5;0.4
23;2021-02-03;105;211;6485;693;5.6;0.6
23;2021-02-04;78;265;6563;958;5.6;0.8
23;2021-02-05;115;314;6678;1272;5.7;1.1
23;2021-02-06;14;168;6692;1440;5.8;1.2
23;2021-02-07;1;0;6693;1440;5.8;1.2
23;2021-02-08;125;218;6818;1658;5.9;1.4
23;2021-02-09;85;296;6903;1954;5.9;1.7
23;2021-02-10;89;283;6992;2237;6.0;1.9
23;2021-02-11;244;590;7236;2827;6.2;2.4
23;2021-02-12;173;284;7409;3111;6.4;2.7
23;2021-02-13;8;192;7417;3303;6.4;2.8
23;2021-02-14;8;0;7425;3303;6.4;2.8
23;2021-02-15;157;367;7582;3670;6.5;3.2
23;2021-02-16;103;444;7685;4114;6.6;3.5
23;2021-02-17;65;494;7750;4608;6.7;4.0
23;2021-02-18;142;372;7892;4980;6.8;4.3
23;2021-02-19;109;253;8001;5233;6.9;4.5
23;2021-02-20;2;93;8003;5326;6.9;4.6
23;2021-02-21;0;0;8003;5326;6.9;4.6
23;2021-02-22;104;212;8107;5538;7.0;4.8
23;2021-02-23;107;220;8214;5758;7.1;5.0
23;2021-02-24;174;169;8388;5927;7.2;5.1
23;2021-02-25;183;108;8571;6035;7.4;5.2
23;2021-02-26;286;165;8857;6200;7.6;5.3
23;2021-02-27;112;10;8969;6210;7.7;5.3
23;2021-02-28;1;31;8970;6241;7.7;5.4
23;2021-03-01;88;201;9058;6442;7.8;5.5
23;2021-03-02;229;132;9287;6574;8.0;5.7
23;2021-03-03;131;90;9418;6664;8.1;5.7
23;2021-03-04;307;138;9725;6802;8.4;5.9
23;2021-03-05;517;111;10242;6913;8.8;5.9
23;2021-03-06;494;4;10736;6917;9.2;5.9
23;2021-03-07;313;2;11049;6919;9.5;6.0
23;2021-03-08;196;72;11245;6991;9.7;6.0
23;2021-03-09;421;96;11666;7087;10.0;6.1
23;2021-03-10;348;39;12014;7126;10.3;6.1
23;2021-03-11;323;48;12337;7174;10.6;6.2
23;2021-03-12;616;32;12953;7206;11.1;6.2
23;2021-03-13;285;12;13238;7218;11.4;6.2
23;2021-03-14;45;34;13283;7252;11.4;6.2
23;2021-03-15;220;126;13503;7378;11.6;6.3
23;2021-03-16;192;90;13695;7468;11.8;6.4
23;2021-03-17;131;101;13826;7569;11.9;6.5
23;2021-03-18;191;96;14017;7665;12.1;6.6
23;2021-03-19;205;120;14222;7785;12.2;6.7
23;2021-03-20;630;35;14852;7820;12.8;6.7
23;2021-03-21;127;0;14979;7820;12.9;6.7
23;2021-03-22;264;147;15243;7967;13.1;6.9
23;2021-03-23;503;105;15746;8072;13.5;6.9
23;2021-03-24;422;124;16168;8196;13.9;7.0
23;2021-03-25;818;184;16986;8380;14.6;7.2
23;2021-03-26;733;195;17719;8575;15.2;7.4
23;2021-03-27;505;47;18224;8622;15.7;7.4
23;2021-03-28;3;9;18227;8631;15.7;7.4
23;2021-03-29;358;111;18585;8742;16.0;7.5
23;2021-03-30;537;175;19122;8917;16.4;7.7
23;2021-03-31;411;172;19533;9089;16.8;7.8
23;2021-04-01;600;169;20133;9258;17.3;8.0
23;2021-04-02;497;296;20630;9554;17.7;8.2
23;2021-04-03;715;42;21345;9596;18.4;8.3
23;2021-04-04;4;0;21349;9596;18.4;8.3
23;2021-04-05;0;3;21349;9599;18.4;8.3
23;2021-04-06;381;292;21730;9891;18.7;8.5
23;2021-04-07;705;307;22435;10198;19.3;8.8
23;2021-04-08;803;230;23238;10428;20.0;9.0
23;2021-04-09;939;357;24177;10785;20.8;9.3
23;2021-04-10;1097;108;25274;10893;21.7;9.4
23;2021-04-11;21;2;25295;10895;21.8;9.4
23;2021-04-12;692;231;25987;11126;22.4;9.6
23;2021-04-13;667;301;26654;11427;22.9;9.8
23;2021-04-14;586;174;27240;11601;23.4;10.0
23;2021-04-15;928;182;28168;11783;24.2;10.1
23;2021-04-16;902;205;29070;11988;25.0;10.3
23;2021-04-17;994;550;30064;12538;25.9;10.8
23;2021-04-18;4;136;30068;12674;25.9;10.9
23;2021-04-19;611;296;30679;12970;26.4;11.2
23;2021-04-20;721;289;31400;13259;27.0;11.4
23;2021-04-21;733;388;32133;13647;27.6;11.7
23;2021-04-22;657;474;32790;14121;28.2;12.1
23;2021-04-23;592;340;33382;14461;28.7;12.4
23;2021-04-24;855;448;34237;14909;29.4;12.8
23;2021-04-25;0;0;34237;14909;29.4;12.8
23;2021-04-26;615;252;34852;15161;30.0;13.0
23;2021-04-27;676;424;35528;15585;30.6;13.4
23;2021-04-28;628;274;36156;15859;31.1;13.6
23;2021-04-29;882;378;37038;16237;31.9;14.0
23;2021-04-30;719;786;37757;17023;32.5;14.6
23;2021-05-01;1223;35;38980;17058;33.5;14.7
23;2021-05-02;14;0;38994;17058;33.5;14.7
23;2021-05-03;431;519;39425;17577;33.9;15.1
23;2021-05-04;616;511;40041;18088;34.4;15.6
23;2021-05-05;538;711;40579;18799;34.9;16.2
23;2021-05-06;727;700;41306;19499;35.5;16.8
23;2021-05-07;682;641;41988;20140;36.1;17.3
23;2021-05-08;1410;586;43398;20726;37.3;17.8
23;2021-05-09;3;0;43401;20726;37.3;17.8
23;2021-05-10;555;656;43956;21382;37.8;18.4
23;2021-05-11;561;763;44517;22145;38.3;19.0
23;2021-05-12;719;661;45236;22806;38.9;19.6
23;2021-05-13;536;56;45772;22862;39.4;19.7
23;2021-05-14;788;459;46560;23321;40.0;20.1
23;2021-05-15;994;232;47554;23553;40.9;20.3
23;2021-05-16;0;0;47554;23553;40.9;20.3
23;2021-05-17;567;448;48121;24001;41.4;20.6
23;2021-05-18;773;291;48894;24292;42.1;20.9
23;2021-05-19;1050;256;49944;24548;43.0;21.1
23;2021-05-20;836;316;50780;24864;43.7;21.4
23;2021-05-21;1103;312;51883;25176;44.6;21.7
23;2021-05-22;740;125;52623;25301;45.3;21.8
23;2021-05-23;2;20;52625;25321;45.3;21.8
23;2021-05-24;361;163;52986;25484;45.6;21.9
23;2021-05-25;904;336;53890;25820;46.3;22.2
23;2021-05-26;1076;225;54966;26045;47.3;22.4
23;2021-05-27;931;432;55897;26477;48.1;22.8
23;2021-05-28;781;744;56678;27221;48.7;23.4
23;2021-05-29;638;1096;57316;28317;49.3;24.4
23;2021-05-30;6;63;57322;28380;49.3;24.4
23;2021-05-31;432;540;57754;28920;49.7;24.9
23;2021-06-01;581;824;58335;29744;50.2;25.6
23;2021-06-02;624;521;58959;30265;50.7;26.0
23;2021-06-03;705;549;59664;30814;51.3;26.5
23;2021-06-04;779;612;60443;31426;52.0;27.0
23;2021-06-05;546;778;60989;32204;52.5;27.7
23;2021-06-06;0;0;60989;32204;52.5;27.7
23;2021-06-07;393;696;61382;32900;52.8;28.3
23;2021-06-08;321;774;61703;33674;53.1;29.0
23;2021-06-09;283;649;61986;34323;53.3;29.5
23;2021-06-10;370;692;62356;35015;53.6;30.1
23;2021-06-11;379;808;62735;35823;54.0;30.8
23;2021-06-12;383;1265;63118;37088;54.3;31.9
23;2021-06-13;13;5;63131;37093;54.3;31.9
23;2021-06-14;234;590;63365;37683;54.5;32.4
23;2021-06-15;230;861;63595;38544;54.7;33.2
23;2021-06-16;362;581;63957;39125;55.0;33.7
23;2021-06-17;338;810;64295;39935;55.3;34.3
23;2021-06-18;354;767;64649;40702;55.6;35.0
23;2021-06-19;489;1524;65138;42226;56.0;36.3
23;2021-06-20;2;11;65140;42237;56.0;36.3
23;2021-06-21;203;620;65343;42857;56.2;36.9
23;2021-06-22;215;683;65558;43540;56.4;37.4
23;2021-06-23;214;749;65772;44289;56.6;38.1
23;2021-06-24;197;607;65969;44896;56.7;38.6
23;2021-06-25;304;814;66273;45710;57.0;39.3
23;2021-06-26;221;999;66494;46709;57.2;40.2
23;2021-06-27;3;0;66497;46709;57.2;40.2
23;2021-06-28;114;693;66611;47402;57.3;40.8
23;2021-06-29;188;823;66799;48225;57.5;41.5
23;2021-06-30;165;944;66964;49169;57.6;42.3
23;2021-07-01;167;870;67131;50039;57.7;43.0
23;2021-07-02;190;1071;67321;51110;57.9;44.0
23;2021-07-03;247;980;67568;52090;58.1;44.8
23;2021-07-04;1;0;67569;52090;58.1;44.8
23;2021-07-05;157;805;67726;52895;58.2;45.5
23;2021-07-06;210;1044;67936;53939;58.4;46.4
23;2021-07-07;209;854;68145;54793;58.6;47.1
23;2021-07-08;246;739;68391;55532;58.8;47.8
23;2021-07-09;270;1010;68661;56542;59.1;48.6
23;2021-07-10;233;646;68894;57188;59.3;49.2
23;2021-07-11;0;0;68894;57188;59.3;49.2
23;2021-07-12;231;700;69125;57888;59.5;49.8
23;2021-07-13;469;919;69594;58807;59.9;50.6
23;2021-07-14;208;321;69802;59128;60.0;50.9
23;2021-07-15;474;810;70276;59938;60.4;51.6
23;2021-07-16;758;570;71034;60508;61.1;52.0
23;2021-07-17;218;479;71252;60987;61.3;52.5
23;2021-07-18;0;1;71252;60988;61.3;52.5
23;2021-07-19;702;629;71954;61617;61.9;53.0
23;2021-07-20;631;567;72585;62184;62.4;53.5
23;2021-07-21;696;634;73281;62818;63.0;54.0
23;2021-07-22;935;436;74216;63254;63.8;54.4
23;2021-07-23;837;504;75053;63758;64.6;54.8
23;2021-07-24;1004;433;76057;64191;65.4;55.2
23;2021-07-25;11;16;76068;64207;65.4;55.2
23;2021-07-26;783;567;76851;64774;66.1;55.7
23;2021-07-27;905;437;77756;65211;66.9;56.1
23;2021-07-28;864;410;78620;65621;67.6;56.4
24;2020-12-27;0;0;0;0;0.0;0.0
24;2020-12-28;0;0;0;0;0.0;0.0
24;2020-12-29;2;0;2;0;0.0;0.0
24;2020-12-30;1;0;3;0;0.0;0.0
24;2020-12-31;0;0;3;0;0.0;0.0
24;2021-01-01;0;0;3;0;0.0;0.0
24;2021-01-02;0;0;3;0;0.0;0.0
24;2021-01-03;0;0;3;0;0.0;0.0
24;2021-01-04;0;0;3;0;0.0;0.0
24;2021-01-05;0;0;3;0;0.0;0.0
24;2021-01-06;0;0;3;0;0.0;0.0
24;2021-01-07;190;0;193;0;0.0;0.0
24;2021-01-08;280;0;473;0;0.1;0.0
24;2021-01-09;185;0;658;0;0.2;0.0
24;2021-01-10;35;0;693;0;0.2;0.0
24;2021-01-11;269;0;962;0;0.2;0.0
24;2021-01-12;281;0;1243;0;0.3;0.0
24;2021-01-13;233;1;1476;1;0.4;0.0
24;2021-01-14;1012;8;2488;9;0.6;0.0
24;2021-01-15;602;3;3090;12;0.8;0.0
24;2021-01-16;86;0;3176;12;0.8;0.0
24;2021-01-17;1;1;3177;13;0.8;0.0
24;2021-01-18;298;0;3475;13;0.9;0.0
24;2021-01-19;467;1;3942;14;1.0;0.0
24;2021-01-20;550;0;4492;14;1.1;0.0
24;2021-01-21;644;6;5136;20;1.3;0.0
24;2021-01-22;512;0;5648;20;1.4;0.0
24;2021-01-23;151;1;5799;21;1.4;0.0
24;2021-01-24;2;0;5801;21;1.4;0.0
24;2021-01-25;440;0;6241;21;1.5;0.0
24;2021-01-26;633;66;6874;87;1.7;0.0
24;2021-01-27;1261;12;8135;99;2.0;0.0
24;2021-01-28;983;123;9118;222;2.2;0.1
24;2021-01-29;931;138;10049;360;2.5;0.1
24;2021-01-30;281;1;10330;361;2.5;0.1
24;2021-01-31;0;0;10330;361;2.5;0.1
24;2021-02-01;377;173;10707;534;2.6;0.1
24;2021-02-02;611;313;11318;847;2.8;0.2
24;2021-02-03;650;494;11968;1341;2.9;0.3
24;2021-02-04;974;392;12942;1733;3.2;0.4
24;2021-02-05;685;449;13627;2182;3.3;0.5
24;2021-02-06;137;35;13764;2217;3.4;0.5
24;2021-02-07;33;0;13797;2217;3.4;0.5
24;2021-02-08;309;233;14106;2450;3.5;0.6
24;2021-02-09;451;230;14557;2680;3.6;0.7
24;2021-02-10;372;111;14929;2791;3.7;0.7
24;2021-02-11;556;518;15485;3309;3.8;0.8
24;2021-02-12;495;394;15980;3703;3.9;0.9
24;2021-02-13;202;46;16182;3749;4.0;0.9
24;2021-02-14;88;1;16270;3750;4.0;0.9
24;2021-02-15;186;243;16456;3993;4.0;1.0
24;2021-02-16;334;522;16790;4515;4.1;1.1
24;2021-02-17;580;827;17370;5342;4.3;1.3
24;2021-02-18;441;730;17811;6072;4.4;1.5
24;2021-02-19;461;677;18272;6749;4.5;1.7
24;2021-02-20;163;143;18435;6892;4.5;1.7
24;2021-02-21;107;0;18542;6892;4.5;1.7
24;2021-02-22;426;529;18968;7421;4.6;1.8
24;2021-02-23;563;681;19531;8102;4.8;2.0
24;2021-02-24;532;832;20063;8934;4.9;2.2
24;2021-02-25;725;863;20788;9797;5.1;2.4
24;2021-02-26;972;974;21760;10771;5.3;2.6
24;2021-02-27;359;265;22119;11036;5.4;2.7
24;2021-02-28;24;4;22143;11040;5.4;2.7
24;2021-03-01;292;374;22435;11414;5.5;2.8
24;2021-03-02;538;416;22973;11830;5.6;2.9
24;2021-03-03;676;342;23649;12172;5.8;3.0
24;2021-03-04;913;509;24562;12681;6.0;3.1
24;2021-03-05;1065;563;25627;13244;6.3;3.2
24;2021-03-06;1121;141;26748;13385;6.5;3.3
24;2021-03-07;232;62;26980;13447;6.6;3.3
24;2021-03-08;530;257;27510;13704;6.7;3.4
24;2021-03-09;1172;441;28682;14145;7.0;3.5
24;2021-03-10;1140;447;29822;14592;7.3;3.6
24;2021-03-11;1602;459;31424;15051;7.7;3.7
24;2021-03-12;2048;442;33472;15493;8.2;3.8
24;2021-03-13;1344;202;34816;15695;8.5;3.8
24;2021-03-14;142;92;34958;15787;8.6;3.9
24;2021-03-15;949;169;35907;15956;8.8;3.9
24;2021-03-16;1139;231;37046;16187;9.1;4.0
24;2021-03-17;1215;284;38261;16471;9.4;4.0
24;2021-03-18;1054;554;39315;17025;9.6;4.2
24;2021-03-19;1250;534;40565;17559;9.9;4.3
24;2021-03-20;1055;148;41620;17707;10.2;4.3
24;2021-03-21;24;11;41644;17718;10.2;4.3
24;2021-03-22;1222;420;42866;18138;10.5;4.4
24;2021-03-23;1879;399;44745;18537;11.0;4.5
24;2021-03-24;1888;384;46633;18921;11.4;4.6
24;2021-03-25;1988;467;48621;19388;11.9;4.7
24;2021-03-26;2373;282;50994;19670;12.5;4.8
24;2021-03-27;1349;40;52343;19710;12.8;4.8
24;2021-03-28;61;9;52404;19719;12.8;4.8
24;2021-03-29;1672;325;54076;20044;13.2;4.9
24;2021-03-30;2407;395;56483;20439;13.8;5.0
24;2021-03-31;2180;310;58663;20749;14.4;5.1
24;2021-04-01;2195;311;60858;21060;14.9;5.2
24;2021-04-02;2072;396;62930;21456;15.4;5.3
24;2021-04-03;1373;122;64303;21578;15.7;5.3
24;2021-04-04;73;0;64376;21578;15.8;5.3
24;2021-04-05;946;58;65322;21636;16.0;5.3
24;2021-04-06;2351;697;67673;22333;16.6;5.5
24;2021-04-07;2714;685;70387;23018;17.2;5.6
24;2021-04-08;3003;954;73390;23972;18.0;5.9
24;2021-04-09;3485;1001;76875;24973;18.8;6.1
24;2021-04-10;2592;307;79467;25280;19.5;6.2
24;2021-04-11;1101;17;80568;25297;19.7;6.2
24;2021-04-12;2493;814;83061;26111;20.3;6.4
24;2021-04-13;2903;1199;85964;27310;21.0;6.7
24;2021-04-14;2936;1185;88900;28495;21.8;7.0
24;2021-04-15;2790;1077;91690;29572;22.5;7.2
24;2021-04-16;3265;953;94955;30525;23.3;7.5
24;2021-04-17;2268;498;97223;31023;23.8;7.6
24;2021-04-18;424;5;97647;31028;23.9;7.6
24;2021-04-19;1600;1005;99247;32033;24.3;7.8
24;2021-04-20;2265;1426;101512;33459;24.9;8.2
24;2021-04-21;2144;1440;103656;34899;25.4;8.5
24;2021-04-22;2062;1252;105718;36151;25.9;8.9
24;2021-04-23;1955;1331;107673;37482;26.4;9.2
24;2021-04-24;857;723;108530;38205;26.6;9.4
24;2021-04-25;54;4;108584;38209;26.6;9.4
24;2021-04-26;1294;1481;109878;39690;26.9;9.7
24;2021-04-27;1851;1878;111729;41568;27.4;10.2
24;2021-04-28;1504;1954;113233;43522;27.7;10.7
24;2021-04-29;1725;1887;114958;45409;28.1;11.1
24;2021-04-30;2268;1776;117226;47185;28.7;11.6
24;2021-05-01;2053;1064;119279;48249;29.2;11.8
24;2021-05-02;1923;208;121202;48457;29.7;11.9
24;2021-05-03;1470;1832;122672;50289;30.0;12.3
24;2021-05-04;2227;2288;124899;52577;30.6;12.9
24;2021-05-05;1887;2718;126786;55295;31.0;13.5
24;2021-05-06;1886;2766;128672;58061;31.5;14.2
24;2021-05-07;2259;2779;130931;60840;32.1;14.9
24;2021-05-08;1282;1152;132213;61992;32.4;15.2
24;2021-05-09;1166;899;133379;62891;32.7;15.4
24;2021-05-10;1095;2629;134474;65520;32.9;16.0
24;2021-05-11;2031;2792;136505;68312;33.4;16.7
24;2021-05-12;1924;2253;138429;70565;33.9;17.3
24;2021-05-13;1461;1214;139890;71779;34.3;17.6
24;2021-05-14;2378;1331;142268;73110;34.8;17.9
24;2021-05-15;2048;810;144316;73920;35.3;18.1
24;2021-05-16;1170;347;145486;74267;35.6;18.2
24;2021-05-17;2243;1253;147729;75520;36.2;18.5
24;2021-05-18;2480;1815;150209;77335;36.8;18.9
24;2021-05-19;2284;1377;152493;78712;37.3;19.3
24;2021-05-20;2372;1578;154865;80290;37.9;19.7
24;2021-05-21;2432;1411;157297;81701;38.5;20.0
24;2021-05-22;1719;406;159016;82107;38.9;20.1
24;2021-05-23;950;73;159966;82180;39.2;20.1
24;2021-05-24;1514;335;161480;82515;39.5;20.2
24;2021-05-25;2297;1383;163777;83898;40.1;20.5
24;2021-05-26;2145;1313;165922;85211;40.6;20.9
24;2021-05-27;1748;2196;167670;87407;41.1;21.4
24;2021-05-28;2145;2002;169815;89409;41.6;21.9
24;2021-05-29;1150;2089;170965;91498;41.9;22.4
24;2021-05-30;1418;171;172383;91669;42.2;22.4
24;2021-05-31;1742;1365;174125;93034;42.6;22.8
24;2021-06-01;2571;1969;176696;95003;43.3;23.3
24;2021-06-02;2652;1785;179348;96788;43.9;23.7
24;2021-06-03;2288;1465;181636;98253;44.5;24.1
24;2021-06-04;2377;1891;184013;100144;45.1;24.5
24;2021-06-05;2004;1417;186017;101561;45.5;24.9
24;2021-06-06;766;223;186783;101784;45.7;24.9
24;2021-06-07;1431;1490;188214;103274;46.1;25.3
24;2021-06-08;1675;1909;189889;105183;46.5;25.8
24;2021-06-09;1322;1596;191211;106779;46.8;26.1
24;2021-06-10;1575;1909;192786;108688;47.2;26.6
24;2021-06-11;1325;2079;194111;110767;47.5;27.1
24;2021-06-12;1125;2544;195236;113311;47.8;27.7
24;2021-06-13;1237;921;196473;114232;48.1;28.0
24;2021-06-14;1165;1858;197638;116090;48.4;28.4
24;2021-06-15;1486;2993;199124;119083;48.8;29.2
24;2021-06-16;1670;2732;200794;121815;49.2;29.8
24;2021-06-17;1543;2182;202337;123997;49.5;30.4
24;2021-06-18;1396;2861;203733;126858;49.9;31.1
24;2021-06-19;1272;1522;205005;128380;50.2;31.4
24;2021-06-20;511;497;205516;128877;50.3;31.6
24;2021-06-21;930;1837;206446;130714;50.6;32.0
24;2021-06-22;1445;2589;207891;133303;50.9;32.6
24;2021-06-23;1424;2420;209315;135723;51.3;33.2
24;2021-06-24;1129;1913;210444;137636;51.5;33.7
24;2021-06-25;959;2815;211403;140451;51.8;34.4
24;2021-06-26;857;2105;212260;142556;52.0;34.9
24;2021-06-27;398;975;212658;143531;52.1;35.1
24;2021-06-28;811;2484;213469;146015;52.3;35.8
24;2021-06-29;933;2868;214402;148883;52.5;36.5
24;2021-06-30;1103;2460;215505;151343;52.8;37.1
24;2021-07-01;1115;2303;216620;153646;53.0;37.6
24;2021-07-02;1089;2751;217709;156397;53.3;38.3
24;2021-07-03;807;1905;218516;158302;53.5;38.8
24;2021-07-04;410;1012;218926;159314;53.6;39.0
24;2021-07-05;785;2321;219711;161635;53.8;39.6
24;2021-07-06;877;3356;220588;164991;54.0;40.4
24;2021-07-07;1076;3041;221664;168032;54.3;41.1
24;2021-07-08;1332;2121;222996;170153;54.6;41.7
24;2021-07-09;1169;3224;224165;173377;54.9;42.5
24;2021-07-10;477;1960;224642;175337;55.0;42.9
24;2021-07-11;584;1189;225226;176526;55.1;43.2
24;2021-07-12;892;2523;226118;179049;55.4;43.8
24;2021-07-13;1319;3219;227437;182268;55.7;44.6
24;2021-07-14;611;1190;228048;183458;55.8;44.9
24;2021-07-15;1683;2778;229731;186236;56.3;45.6
24;2021-07-16;2137;2602;231868;188838;56.8;46.2
24;2021-07-17;1519;2235;233387;191073;57.1;46.8
24;2021-07-18;706;885;234093;191958;57.3;47.0
24;2021-07-19;1561;2182;235654;194140;57.7;47.5
24;2021-07-20;2003;2444;237657;196584;58.2;48.1
24;2021-07-21;1871;2325;239528;198909;58.7;48.7
24;2021-07-22;2333;2445;241861;201354;59.2;49.3
24;2021-07-23;2272;2618;244133;203972;59.8;49.9
24;2021-07-24;1797;1538;245930;205510;60.2;50.3
24;2021-07-25;799;864;246729;206374;60.4;50.5
24;2021-07-26;1542;2017;248271;208391;60.8;51.0
24;2021-07-27;2813;2274;251084;210665;61.5;51.6
24;2021-07-28;2673;1919;253757;212584;62.1;52.1
25;2020-12-27;0;0;0;0;0.0;0.0
25;2020-12-28;1;0;1;0;0.0;0.0
25;2020-12-29;0;0;1;0;0.0;0.0
25;2020-12-30;0;0;1;0;0.0;0.0
25;2020-12-31;2;0;3;0;0.0;0.0
25;2021-01-01;0;0;3;0;0.0;0.0
25;2021-01-02;0;0;3;0;0.0;0.0
25;2021-01-03;0;0;3;0;0.0;0.0
25;2021-01-04;0;0;3;0;0.0;0.0
25;2021-01-05;1;0;4;0;0.0;0.0
25;2021-01-06;75;1;79;1;0.0;0.0
25;2021-01-07;236;1;315;2;0.1;0.0
25;2021-01-08;342;1;657;3;0.1;0.0
25;2021-01-09;102;0;759;3;0.1;0.0
25;2021-01-10;0;0;759;3;0.1;0.0
25;2021-01-11;499;4;1258;7;0.2;0.0
25;2021-01-12;675;2;1933;9;0.4;0.0
25;2021-01-13;626;0;2559;9;0.5;0.0
25;2021-01-14;896;15;3455;24;0.6;0.0
25;2021-01-15;782;6;4237;30;0.8;0.0
25;2021-01-16;206;1;4443;31;0.8;0.0
25;2021-01-17;112;0;4555;31;0.8;0.0
25;2021-01-18;1294;5;5849;36;1.1;0.0
25;2021-01-19;1411;4;7260;40;1.3;0.0
25;2021-01-20;1418;4;8678;44;1.6;0.0
25;2021-01-21;1794;1;10472;45;1.9;0.0
25;2021-01-22;1503;3;11975;48;2.2;0.0
25;2021-01-23;497;1;12472;49;2.3;0.0
25;2021-01-24;119;0;12591;49;2.3;0.0
25;2021-01-25;989;0;13580;49;2.5;0.0
25;2021-01-26;1487;42;15067;91;2.8;0.0
25;2021-01-27;1247;70;16314;161;3.0;0.0
25;2021-01-28;1089;75;17403;236;3.2;0.0
25;2021-01-29;905;231;18308;467;3.4;0.1
25;2021-01-30;293;92;18601;559;3.4;0.1
25;2021-01-31;2;0;18603;559;3.4;0.1
25;2021-02-01;610;221;19213;780;3.6;0.1
25;2021-02-02;674;414;19887;1194;3.7;0.2
25;2021-02-03;759;248;20646;1442;3.8;0.3
25;2021-02-04;715;445;21361;1887;4.0;0.3
25;2021-02-05;517;464;21878;2351;4.1;0.4
25;2021-02-06;198;157;22076;2508;4.1;0.5
25;2021-02-07;2;34;22078;2542;4.1;0.5
25;2021-02-08;613;507;22691;3049;4.2;0.6
25;2021-02-09;616;491;23307;3540;4.3;0.7
25;2021-02-10;817;484;24124;4024;4.5;0.7
25;2021-02-11;586;852;24710;4876;4.6;0.9
25;2021-02-12;413;550;25123;5426;4.7;1.0
25;2021-02-13;97;140;25220;5566;4.7;1.0
25;2021-02-14;0;0;25220;5566;4.7;1.0
25;2021-02-15;187;1040;25407;6606;4.7;1.2
25;2021-02-16;214;1450;25621;8056;4.7;1.5
25;2021-02-17;109;1343;25730;9399;4.8;1.7
25;2021-02-18;146;1436;25876;10835;4.8;2.0
25;2021-02-19;102;1271;25978;12106;4.8;2.2
25;2021-02-20;26;495;26004;12601;4.8;2.3
25;2021-02-21;1;143;26005;12744;4.8;2.4
25;2021-02-22;83;1067;26088;13811;4.8;2.6
25;2021-02-23;196;1082;26284;14893;4.9;2.8
25;2021-02-24;104;976;26388;15869;4.9;2.9
25;2021-02-25;522;1005;26910;16874;5.0;3.1
25;2021-02-26;607;1004;27517;17878;5.1;3.3
25;2021-02-27;227;374;27744;18252;5.1;3.4
25;2021-02-28;4;0;27748;18252;5.1;3.4
25;2021-03-01;444;622;28192;18874;5.2;3.5
25;2021-03-02;651;833;28843;19707;5.3;3.7
25;2021-03-03;541;732;29384;20439;5.4;3.8
25;2021-03-04;1153;650;30537;21089;5.7;3.9
25;2021-03-05;1852;368;32389;21457;6.0;4.0
25;2021-03-06;1168;223;33557;21680;6.2;4.0
25;2021-03-07;9;6;33566;21686;6.2;4.0
25;2021-03-08;547;708;34113;22394;6.3;4.2
25;2021-03-09;1038;771;35151;23165;6.5;4.3
25;2021-03-10;1149;640;36300;23805;6.7;4.4
25;2021-03-11;1657;572;37957;24377;7.0;4.5
25;2021-03-12;1996;434;39953;24811;7.4;4.6
25;2021-03-13;1114;92;41067;24903;7.6;4.6
25;2021-03-14;35;0;41102;24903;7.6;4.6
25;2021-03-15;1123;127;42225;25030;7.8;4.6
25;2021-03-16;1276;110;43501;25140;8.1;4.7
25;2021-03-17;1412;131;44913;25271;8.3;4.7
25;2021-03-18;1526;75;46439;25346;8.6;4.7
25;2021-03-19;1595;121;48034;25467;8.9;4.7
25;2021-03-20;821;28;48855;25495;9.1;4.7
25;2021-03-21;24;0;48879;25495;9.1;4.7
25;2021-03-22;1485;78;50364;25573;9.3;4.7
25;2021-03-23;2160;128;52524;25701;9.7;4.8
25;2021-03-24;2416;90;54940;25791;10.2;4.8
25;2021-03-25;2838;177;57778;25968;10.7;4.8
25;2021-03-26;3155;160;60933;26128;11.3;4.8
25;2021-03-27;1110;82;62043;26210;11.5;4.9
25;2021-03-28;121;62;62164;26272;11.5;4.9
25;2021-03-29;1786;275;63950;26547;11.9;4.9
25;2021-03-30;2212;385;66162;26932;12.3;5.0
25;2021-03-31;2218;343;68380;27275;12.7;5.1
25;2021-04-01;2451;513;70831;27788;13.1;5.2
25;2021-04-02;2027;588;72858;28376;13.5;5.3
25;2021-04-03;447;107;73305;28483;13.6;5.3
25;2021-04-04;39;21;73344;28504;13.6;5.3
25;2021-04-05;145;4;73489;28508;13.6;5.3
25;2021-04-06;1932;668;75421;29176;14.0;5.4
25;2021-04-07;1878;842;77299;30018;14.3;5.6
25;2021-04-08;2430;813;79729;30831;14.8;5.7
25;2021-04-09;2594;976;82323;31807;15.3;5.9
25;2021-04-10;978;287;83301;32094;15.4;5.9
25;2021-04-11;104;28;83405;32122;15.5;6.0
25;2021-04-12;1559;959;84964;33081;15.8;6.1
25;2021-04-13;1985;1305;86949;34386;16.1;6.4
25;2021-04-14;1750;1191;88699;35577;16.4;6.6
25;2021-04-15;1998;1324;90697;36901;16.8;6.8
25;2021-04-16;2084;990;92781;37891;17.2;7.0
25;2021-04-17;1103;412;93884;38303;17.4;7.1
25;2021-04-18;118;18;94002;38321;17.4;7.1
25;2021-04-19;1325;1250;95327;39571;17.7;7.3
25;2021-04-20;1613;1458;96940;41029;18.0;7.6
25;2021-04-21;1717;1623;98657;42652;18.3;7.9
25;2021-04-22;1857;1703;100514;44355;18.6;8.2
25;2021-04-23;1898;1754;102412;46109;19.0;8.5
25;2021-04-24;1280;705;103692;46814;19.2;8.7
25;2021-04-25;139;113;103831;46927;19.2;8.7
25;2021-04-26;1722;1675;105553;48602;19.6;9.0
25;2021-04-27;2802;1520;108355;50122;20.1;9.3
25;2021-04-28;2424;1549;110779;51671;20.5;9.6
25;2021-04-29;2649;1830;113428;53501;21.0;9.9
25;2021-04-30;3102;1577;116530;55078;21.6;10.2
25;2021-05-01;1788;327;118318;55405;21.9;10.3
25;2021-05-02;442;21;118760;55426;22.0;10.3
25;2021-05-03;2900;832;121660;56258;22.6;10.4
25;2021-05-04;2641;1885;124301;58143;23.0;10.8
25;2021-05-05;2590;1660;126891;59803;23.5;11.1
25;2021-05-06;2927;2161;129818;61964;24.1;11.5
25;2021-05-07;3063;2123;132881;64087;24.6;11.9
25;2021-05-08;1333;225;134214;64312;24.9;11.9
25;2021-05-09;245;87;134459;64399;24.9;11.9
25;2021-05-10;3130;1637;137589;66036;25.5;12.2
25;2021-05-11;3748;2036;141337;68072;26.2;12.6
25;2021-05-12;3686;1789;145023;69861;26.9;13.0
25;2021-05-13;3519;598;148542;70459;27.5;13.1
25;2021-05-14;4482;1301;153024;71760;28.4;13.3
25;2021-05-15;3277;703;156301;72463;29.0;13.4
25;2021-05-16;722;92;157023;72555;29.1;13.4
25;2021-05-17;4091;1089;161114;73644;29.9;13.7
25;2021-05-18;5204;1181;166318;74825;30.8;13.9
25;2021-05-19;5248;1125;171566;75950;31.8;14.1
25;2021-05-20;5131;1447;176697;77397;32.8;14.3
25;2021-05-21;5766;1969;182463;79366;33.8;14.7
25;2021-05-22;3176;722;185639;80088;34.4;14.8
25;2021-05-23;781;153;186420;80241;34.6;14.9
25;2021-05-24;1528;149;187948;80390;34.8;14.9
25;2021-05-25;3513;1642;191461;82032;35.5;15.2
25;2021-05-26;3974;1553;195435;83585;36.2;15.5
25;2021-05-27;4514;1895;199949;85480;37.1;15.8
25;2021-05-28;3990;2628;203939;88108;37.8;16.3
25;2021-05-29;2013;1017;205952;89125;38.2;16.5
25;2021-05-30;174;96;206126;89221;38.2;16.5
25;2021-05-31;2673;1710;208799;90931;38.7;16.9
25;2021-06-01;2729;2155;211528;93086;39.2;17.3
25;2021-06-02;2608;2248;214136;95334;39.7;17.7
25;2021-06-03;3275;2043;217411;97377;40.3;18.1
25;2021-06-04;3206;2408;220617;99785;40.9;18.5
25;2021-06-05;1487;1391;222104;101176;41.2;18.8
25;2021-06-06;985;254;223089;101430;41.4;18.8
25;2021-06-07;2782;2565;225871;103995;41.9;19.3
25;2021-06-08;2604;2760;228475;106755;42.4;19.8
25;2021-06-09;2381;2761;230856;109516;42.8;20.3
25;2021-06-10;2324;2649;233180;112165;43.2;20.8
25;2021-06-11;2711;3304;235891;115469;43.7;21.4
25;2021-06-12;1570;1860;237461;117329;44.0;21.7
25;2021-06-13;495;254;237956;117583;44.1;21.8
25;2021-06-14;1419;3760;239375;121343;44.4;22.5
25;2021-06-15;1640;3565;241015;124908;44.7;23.2
25;2021-06-16;1950;3265;242965;128173;45.0;23.8
25;2021-06-17;1473;3324;244438;131497;45.3;24.4
25;2021-06-18;2275;4292;246713;135789;45.7;25.2
25;2021-06-19;1346;1971;248059;137760;46.0;25.5
25;2021-06-20;57;239;248116;137999;46.0;25.6
25;2021-06-21;1131;4135;249247;142134;46.2;26.3
25;2021-06-22;1139;4676;250386;146810;46.4;27.2
25;2021-06-23;1389;4077;251775;150887;46.7;28.0
25;2021-06-24;1175;4080;252950;154967;46.9;28.7
25;2021-06-25;1629;5608;254579;160575;47.2;29.8
25;2021-06-26;624;3378;255203;163953;47.3;30.4
25;2021-06-27;450;877;255653;164830;47.4;30.6
25;2021-06-28;901;4471;256554;169301;47.6;31.4
25;2021-06-29;1117;5469;257671;174770;47.8;32.4
25;2021-06-30;1305;5367;258976;180137;48.0;33.4
25;2021-07-01;1684;5226;260660;185363;48.3;34.4
25;2021-07-02;1682;5061;262342;190424;48.6;35.3
25;2021-07-03;1030;2692;263372;193116;48.8;35.8
25;2021-07-04;409;722;263781;193838;48.9;35.9
25;2021-07-05;1274;2575;265055;196413;49.1;36.4
25;2021-07-06;1564;4744;266619;201157;49.4;37.3
25;2021-07-07;1566;4503;268185;205660;49.7;38.1
25;2021-07-08;1529;3930;269714;209590;50.0;38.9
25;2021-07-09;1726;4581;271440;214171;50.3;39.7
25;2021-07-10;776;2371;272216;216542;50.5;40.1
25;2021-07-11;123;305;272339;216847;50.5;40.2
25;2021-07-12;1386;3856;273725;220703;50.7;40.9
25;2021-07-13;2446;4766;276171;225469;51.2;41.8
25;2021-07-14;373;558;276544;226027;51.3;41.9
25;2021-07-15;2383;3656;278927;229683;51.7;42.6
25;2021-07-16;3465;3824;282392;233507;52.3;43.3
25;2021-07-17;2192;2020;284584;235527;52.8;43.7
25;2021-07-18;803;1293;285387;236820;52.9;43.9
25;2021-07-19;2527;4193;287914;241013;53.4;44.7
25;2021-07-20;3357;3706;291271;244719;54.0;45.4
25;2021-07-21;3277;3357;294548;248076;54.6;46.0
25;2021-07-22;3303;2959;297851;251035;55.2;46.5
25;2021-07-23;3544;3338;301395;254373;55.9;47.2
25;2021-07-24;1402;2257;302797;256630;56.1;47.6
25;2021-07-25;672;698;303469;257328;56.3;47.7
25;2021-07-26;3038;3004;306507;260332;56.8;48.3
25;2021-07-27;3797;2079;310304;262411;57.5;48.6
25;2021-07-28;3634;2069;313938;264480;58.2;49.0
26;2020-12-27;0;0;0;0;0.0;0.0
26;2020-12-28;0;0;0;0;0.0;0.0
26;2020-12-29;0;0;0;0;0.0;0.0
26;2020-12-30;0;0;0;0;0.0;0.0
26;2020-12-31;0;0;0;0;0.0;0.0
26;2021-01-01;0;0;0;0;0.0;0.0
26;2021-01-02;0;0;0;0;0.0;0.0
26;2021-01-03;0;0;0;0;0.0;0.0
26;2021-01-04;0;0;0;0;0.0;0.0
26;2021-01-05;0;0;0;0;0.0;0.0
26;2021-01-06;0;0;0;0;0.0;0.0
26;2021-01-07;168;0;168;0;0.0;0.0
26;2021-01-08;125;0;293;0;0.1;0.0
26;2021-01-09;2;0;295;0;0.1;0.0
26;2021-01-10;0;0;295;0;0.1;0.0
26;2021-01-11;266;1;561;1;0.1;0.0
26;2021-01-12;175;1;736;2;0.1;0.0
26;2021-01-13;416;1;1152;3;0.2;0.0
26;2021-01-14;484;1;1636;4;0.3;0.0
26;2021-01-15;561;1;2197;5;0.4;0.0
26;2021-01-16;250;0;2447;5;0.5;0.0
26;2021-01-17;0;0;2447;5;0.5;0.0
26;2021-01-18;636;1;3083;6;0.6;0.0
26;2021-01-19;779;4;3862;10;0.7;0.0
26;2021-01-20;742;0;4604;10;0.9;0.0
26;2021-01-21;805;5;5409;15;1.0;0.0
26;2021-01-22;787;3;6196;18;1.2;0.0
26;2021-01-23;563;2;6759;20;1.3;0.0
26;2021-01-24;24;0;6783;20;1.3;0.0
26;2021-01-25;696;1;7479;21;1.4;0.0
26;2021-01-26;801;2;8280;23;1.6;0.0
26;2021-01-27;822;8;9102;31;1.7;0.0
26;2021-01-28;1328;171;10430;202;2.0;0.0
26;2021-01-29;970;64;11400;266;2.2;0.1
26;2021-01-30;605;5;12005;271;2.3;0.1
26;2021-01-31;24;0;12029;271;2.3;0.1
26;2021-02-01;706;189;12735;460;2.4;0.1
26;2021-02-02;1274;202;14009;662;2.7;0.1
26;2021-02-03;1231;256;15240;918;2.9;0.2
26;2021-02-04;984;452;16224;1370;3.1;0.3
26;2021-02-05;671;334;16895;1704;3.2;0.3
26;2021-02-06;404;240;17299;1944;3.3;0.4
26;2021-02-07;57;2;17356;1946;3.3;0.4
26;2021-02-08;544;415;17900;2361;3.4;0.5
26;2021-02-09;617;478;18517;2839;3.6;0.5
26;2021-02-10;664;337;19181;3176;3.7;0.6
26;2021-02-11;753;329;19934;3505;3.8;0.7
26;2021-02-12;589;454;20523;3959;3.9;0.8
26;2021-02-13;387;338;20910;4297;4.0;0.8
26;2021-02-14;36;0;20946;4297;4.0;0.8
26;2021-02-15;413;531;21359;4828;4.1;0.9
26;2021-02-16;294;561;21653;5389;4.2;1.0
26;2021-02-17;192;742;21845;6131;4.2;1.2
26;2021-02-18;337;902;22182;7033;4.3;1.4
26;2021-02-19;339;808;22521;7841;4.3;1.5
26;2021-02-20;95;491;22616;8332;4.3;1.6
26;2021-02-21;3;24;22619;8356;4.3;1.6
26;2021-02-22;144;720;22763;9076;4.4;1.7
26;2021-02-23;397;998;23160;10074;4.4;1.9
26;2021-02-24;341;1222;23501;11296;4.5;2.2
26;2021-02-25;729;1068;24230;12364;4.7;2.4
26;2021-02-26;920;636;25150;13000;4.8;2.5
26;2021-02-27;279;513;25429;13513;4.9;2.6
26;2021-02-28;3;30;25432;13543;4.9;2.6
26;2021-03-01;456;661;25888;14204;5.0;2.7
26;2021-03-02;740;633;26628;14837;5.1;2.9
26;2021-03-03;730;687;27358;15524;5.3;3.0
26;2021-03-04;1041;581;28399;16105;5.5;3.1
26;2021-03-05;1707;514;30106;16619;5.8;3.2
26;2021-03-06;2771;489;32877;17108;6.3;3.3
26;2021-03-07;2987;196;35864;17304;6.9;3.3
26;2021-03-08;907;648;36771;17952;7.1;3.4
26;2021-03-09;1321;547;38092;18499;7.3;3.6
26;2021-03-10;1218;510;39310;19009;7.6;3.7
26;2021-03-11;1608;642;40918;19651;7.9;3.8
26;2021-03-12;2216;461;43134;20112;8.3;3.9
26;2021-03-13;1885;336;45019;20448;8.6;3.9
26;2021-03-14;68;39;45087;20487;8.7;3.9
26;2021-03-15;1652;245;46739;20732;9.0;4.0
26;2021-03-16;1232;507;47971;21239;9.2;4.1
26;2021-03-17;1365;300;49336;21539;9.5;4.1
26;2021-03-18;1587;280;50923;21819;9.8;4.2
26;2021-03-19;2441;344;53364;22163;10.3;4.3
26;2021-03-20;1289;144;54653;22307;10.5;4.3
26;2021-03-21;60;20;54713;22327;10.5;4.3
26;2021-03-22;1844;189;56557;22516;10.9;4.3
26;2021-03-23;2476;265;59033;22781;11.3;4.4
26;2021-03-24;2550;241;61583;23022;11.8;4.4
26;2021-03-25;3040;329;64623;23351;12.4;4.5
26;2021-03-26;3045;342;67668;23693;13.0;4.6
26;2021-03-27;1242;148;68910;23841;13.2;4.6
26;2021-03-28;93;6;69003;23847;13.3;4.6
26;2021-03-29;1903;401;70906;24248;13.6;4.7
26;2021-03-30;2382;537;73288;24785;14.1;4.8
26;2021-03-31;2227;572;75515;25357;14.5;4.9
26;2021-04-01;2272;770;77787;26127;14.9;5.0
26;2021-04-02;2214;979;80001;27106;15.4;5.2
26;2021-04-03;552;1204;80553;28310;15.5;5.4
26;2021-04-04;214;887;80767;29197;15.5;5.6
26;2021-04-05;554;54;81321;29251;15.6;5.6
26;2021-04-06;1486;830;82807;30081;15.9;5.8
26;2021-04-07;1791;902;84598;30983;16.3;6.0
26;2021-04-08;2995;921;87593;31904;16.8;6.1
26;2021-04-09;3411;994;91004;32898;17.5;6.3
26;2021-04-10;1355;917;92359;33815;17.7;6.5
26;2021-04-11;89;35;92448;33850;17.8;6.5
26;2021-04-12;1711;1117;94159;34967;18.1;6.7
26;2021-04-13;2794;1441;96953;36408;18.6;7.0
26;2021-04-14;2205;1462;99158;37870;19.0;7.3
26;2021-04-15;2273;1577;101431;39447;19.5;7.6
26;2021-04-16;2271;1582;103702;41029;19.9;7.9
26;2021-04-17;1097;839;104799;41868;20.1;8.0
26;2021-04-18;35;52;104834;41920;20.1;8.1
26;2021-04-19;1546;1572;106380;43492;20.4;8.4
26;2021-04-20;1798;1726;108178;45218;20.8;8.7
26;2021-04-21;2010;1505;110188;46723;21.2;9.0
26;2021-04-22;2286;1600;112474;48323;21.6;9.3
26;2021-04-23;2007;1626;114481;49949;22.0;9.6
26;2021-04-24;1653;844;116134;50793;22.3;9.8
26;2021-04-25;628;91;116762;50884;22.4;9.8
26;2021-04-26;1376;1600;118138;52484;22.7;10.1
26;2021-04-27;1984;1684;120122;54168;23.1;10.4
26;2021-04-28;1867;1537;121989;55705;23.4;10.7
26;2021-04-29;2866;1887;124855;57592;24.0;11.1
26;2021-04-30;2622;1757;127477;59349;24.5;11.4
26;2021-05-01;1537;382;129014;59731;24.8;11.5
26;2021-05-02;1086;114;130100;59845;25.0;11.5
26;2021-05-03;2201;1785;132301;61630;25.4;11.8
26;2021-05-04;2611;2350;134912;63980;25.9;12.3
26;2021-05-05;2772;2192;137684;66172;26.4;12.7
26;2021-05-06;3319;2211;141003;68383;27.1;13.1
26;2021-05-07;2854;2258;143857;70641;27.6;13.6
26;2021-05-08;1954;625;145811;71266;28.0;13.7
26;2021-05-09;710;124;146521;71390;28.1;13.7
26;2021-05-10;3020;1825;149541;73215;28.7;14.1
26;2021-05-11;4442;2189;153983;75404;29.6;14.5
26;2021-05-12;4826;1687;158809;77091;30.5;14.8
26;2021-05-13;4364;605;163173;77696;31.3;14.9
26;2021-05-14;4642;1545;167815;79241;32.2;15.2
26;2021-05-15;4469;630;172284;79871;33.1;15.3
26;2021-05-16;3630;340;175914;80211;33.8;15.4
26;2021-05-17;3656;1481;179570;81692;34.5;15.7
26;2021-05-18;4475;1741;184045;83433;35.4;16.0
26;2021-05-19;4481;1444;188526;84877;36.2;16.3
26;2021-05-20;4681;1742;193207;86619;37.1;16.6
26;2021-05-21;4727;1797;197934;88416;38.0;17.0
26;2021-05-22;3188;687;201122;89103;38.6;17.1
26;2021-05-23;1598;183;202720;89286;38.9;17.2
26;2021-05-24;3786;743;206506;90029;39.7;17.3
26;2021-05-25;3591;2335;210097;92364;40.4;17.7
26;2021-05-26;4181;2262;214278;94626;41.2;18.2
26;2021-05-27;4217;2462;218495;97088;42.0;18.7
26;2021-05-28;3773;2764;222268;99852;42.7;19.2
26;2021-05-29;3086;1644;225354;101496;43.3;19.5
26;2021-05-30;322;71;225676;101567;43.4;19.5
26;2021-05-31;3080;1854;228756;103421;43.9;19.9
26;2021-06-01;3102;2304;231858;105725;44.5;20.3
26;2021-06-02;2867;2213;234725;107938;45.1;20.7
26;2021-06-03;2848;2490;237573;110428;45.6;21.2
26;2021-06-04;2660;2905;240233;113333;46.1;21.8
26;2021-06-05;1802;1693;242035;115026;46.5;22.1
26;2021-06-06;6;0;242041;115026;46.5;22.1
26;2021-06-07;2347;2426;244388;117452;46.9;22.6
26;2021-06-08;2454;2291;246842;119743;47.4;23.0
26;2021-06-09;2093;2382;248935;122125;47.8;23.5
26;2021-06-10;1975;2760;250910;124885;48.2;24.0
26;2021-06-11;1896;3273;252806;128158;48.6;24.6
26;2021-06-12;1218;1789;254024;129947;48.8;25.0
26;2021-06-13;96;215;254120;130162;48.8;25.0
26;2021-06-14;1415;3494;255535;133656;49.1;25.7
26;2021-06-15;1584;3965;257119;137621;49.4;26.4
26;2021-06-16;1786;3465;258905;141086;49.7;27.1
26;2021-06-17;1510;3169;260415;144255;50.0;27.7
26;2021-06-18;1798;4368;262213;148623;50.4;28.6
26;2021-06-19;933;3181;263146;151804;50.6;29.2
26;2021-06-20;264;875;263410;152679;50.6;29.3
26;2021-06-21;1005;4551;264415;157230;50.8;30.2
26;2021-06-22;1061;5122;265476;162352;51.0;31.2
26;2021-06-23;1165;5074;266641;167426;51.2;32.2
26;2021-06-24;1258;4539;267899;171965;51.5;33.0
26;2021-06-25;1013;5544;268912;177509;51.7;34.1
26;2021-06-26;662;3822;269574;181331;51.8;34.8
26;2021-06-27;300;1272;269874;182603;51.8;35.1
26;2021-06-28;776;4755;270650;187358;52.0;36.0
26;2021-06-29;1097;4964;271747;192322;52.2;36.9
26;2021-06-30;1408;4887;273155;197209;52.5;37.9
26;2021-07-01;1630;4398;274785;201607;52.8;38.7
26;2021-07-02;1319;5171;276104;206778;53.0;39.7
26;2021-07-03;767;3332;276871;210110;53.2;40.4
26;2021-07-04;329;631;277200;210741;53.3;40.5
26;2021-07-05;878;4674;278078;215415;53.4;41.4
26;2021-07-06;1268;4215;279346;219630;53.7;42.2
26;2021-07-07;1405;3798;280751;223428;53.9;42.9
26;2021-07-08;2359;3330;283110;226758;54.4;43.6
26;2021-07-09;1552;4793;284662;231551;54.7;44.5
26;2021-07-10;905;2921;285567;234472;54.9;45.0
26;2021-07-11;334;352;285901;234824;54.9;45.1
26;2021-07-12;1107;4220;287008;239044;55.1;45.9
26;2021-07-13;2296;4340;289304;243384;55.6;46.8
26;2021-07-14;1054;812;290358;244196;55.8;46.9
26;2021-07-15;3155;3651;293513;247847;56.4;47.6
26;2021-07-16;2946;3687;296459;251534;57.0;48.3
26;2021-07-17;1869;1797;298328;253331;57.3;48.7
26;2021-07-18;17;24;298345;253355;57.3;48.7
26;2021-07-19;2711;3256;301056;256611;57.8;49.3
26;2021-07-20;3682;3353;304738;259964;58.5;49.9
26;2021-07-21;3559;3086;308297;263050;59.2;50.5
26;2021-07-22;4099;2942;312396;265992;60.0;51.1
26;2021-07-23;3841;3378;316237;269370;60.7;51.7
26;2021-07-24;2338;1339;318575;270709;61.2;52.0
26;2021-07-25;606;89;319181;270798;61.3;52.0
26;2021-07-26;3415;2567;322596;273365;62.0;52.5
26;2021-07-27;4779;2579;327375;275944;62.9;53.0
26;2021-07-28;4500;2353;331875;278297;63.8;53.5
27;2020-12-27;0;0;0;0;0.0;0.0
27;2020-12-28;0;0;0;0;0.0;0.0
27;2020-12-29;1;0;1;0;0.0;0.0
27;2020-12-30;0;0;1;0;0.0;0.0
27;2020-12-31;0;0;1;0;0.0;0.0
27;2021-01-01;0;0;1;0;0.0;0.0
27;2021-01-02;0;0;1;0;0.0;0.0
27;2021-01-03;1;0;2;0;0.0;0.0
27;2021-01-04;0;0;2;0;0.0;0.0
27;2021-01-05;15;0;17;0;0.0;0.0
27;2021-01-06;161;0;178;0;0.0;0.0
27;2021-01-07;370;0;548;0;0.1;0.0
27;2021-01-08;441;0;989;0;0.2;0.0
27;2021-01-09;72;1;1061;1;0.2;0.0
27;2021-01-10;101;0;1162;1;0.2;0.0
27;2021-01-11;382;0;1544;1;0.3;0.0
27;2021-01-12;409;2;1953;3;0.3;0.0
27;2021-01-13;839;1;2792;4;0.5;0.0
27;2021-01-14;1625;25;4417;29;0.7;0.0
27;2021-01-15;1220;5;5637;34;0.9;0.0
27;2021-01-16;332;2;5969;36;1.0;0.0
27;2021-01-17;204;0;6173;36;1.0;0.0
27;2021-01-18;798;2;6971;38;1.2;0.0
27;2021-01-19;773;2;7744;40;1.3;0.0
27;2021-01-20;870;0;8614;40;1.4;0.0
27;2021-01-21;654;1;9268;41;1.5;0.0
27;2021-01-22;778;4;10046;45;1.7;0.0
27;2021-01-23;350;0;10396;45;1.7;0.0
27;2021-01-24;169;8;10565;53;1.8;0.0
27;2021-01-25;635;16;11200;69;1.9;0.0
27;2021-01-26;461;17;11661;86;1.9;0.0
27;2021-01-27;505;104;12166;190;2.0;0.0
27;2021-01-28;516;298;12682;488;2.1;0.1
27;2021-01-29;507;109;13189;597;2.2;0.1
27;2021-01-30;241;31;13430;628;2.2;0.1
27;2021-01-31;27;24;13457;652;2.2;0.1
27;2021-02-01;348;196;13805;848;2.3;0.1
27;2021-02-02;307;283;14112;1131;2.3;0.2
27;2021-02-03;488;403;14600;1534;2.4;0.3
27;2021-02-04;719;890;15319;2424;2.6;0.4
27;2021-02-05;662;1156;15981;3580;2.7;0.6
27;2021-02-06;125;224;16106;3804;2.7;0.6
27;2021-02-07;25;42;16131;3846;2.7;0.6
27;2021-02-08;310;380;16441;4226;2.7;0.7
27;2021-02-09;340;562;16781;4788;2.8;0.8
27;2021-02-10;302;529;17083;5317;2.8;0.9
27;2021-02-11;318;459;17401;5776;2.9;1.0
27;2021-02-12;229;547;17630;6323;2.9;1.1
27;2021-02-13;152;134;17782;6457;3.0;1.1
27;2021-02-14;6;96;17788;6553;3.0;1.1
27;2021-02-15;388;601;18176;7154;3.0;1.2
27;2021-02-16;295;733;18471;7887;3.1;1.3
27;2021-02-17;247;640;18718;8527;3.1;1.4
27;2021-02-18;363;683;19081;9210;3.2;1.5
27;2021-02-19;219;684;19300;9894;3.2;1.6
27;2021-02-20;129;251;19429;10145;3.2;1.7
27;2021-02-21;12;140;19441;10285;3.2;1.7
27;2021-02-22;483;566;19924;10851;3.3;1.8
27;2021-02-23;496;631;20420;11482;3.4;1.9
27;2021-02-24;543;653;20963;12135;3.5;2.0
27;2021-02-25;843;756;21806;12891;3.6;2.1
27;2021-02-26;954;689;22760;13580;3.8;2.3
27;2021-02-27;406;159;23166;13739;3.9;2.3
27;2021-02-28;171;32;23337;13771;3.9;2.3
27;2021-03-01;484;443;23821;14214;4.0;2.4
27;2021-03-02;764;362;24585;14576;4.1;2.4
27;2021-03-03;851;364;25436;14940;4.2;2.5
27;2021-03-04;883;234;26319;15174;4.4;2.5
27;2021-03-05;1303;232;27622;15406;4.6;2.6
27;2021-03-06;1636;102;29258;15508;4.9;2.6
27;2021-03-07;620;8;29878;15516;5.0;2.6
27;2021-03-08;1205;306;31083;15822;5.2;2.6
27;2021-03-09;1822;262;32905;16084;5.5;2.7
27;2021-03-10;2115;338;35020;16422;5.8;2.7
27;2021-03-11;2144;216;37164;16638;6.2;2.8
27;2021-03-12;2818;181;39982;16819;6.7;2.8
27;2021-03-13;1919;112;41901;16931;7.0;2.8
27;2021-03-14;655;12;42556;16943;7.1;2.8
27;2021-03-15;1550;205;44106;17148;7.3;2.9
27;2021-03-16;1484;231;45590;17379;7.6;2.9
27;2021-03-17;1851;305;47441;17684;7.9;2.9
27;2021-03-18;1683;338;49124;18022;8.2;3.0
27;2021-03-19;1830;165;50954;18187;8.5;3.0
27;2021-03-20;900;37;51854;18224;8.6;3.0
27;2021-03-21;258;2;52112;18226;8.7;3.0
27;2021-03-22;1234;544;53346;18770;8.9;3.1
27;2021-03-23;1627;460;54973;19230;9.2;3.2
27;2021-03-24;1522;473;56495;19703;9.4;3.3
27;2021-03-25;2163;502;58658;20205;9.8;3.4
27;2021-03-26;2529;435;61187;20640;10.2;3.4
27;2021-03-27;1567;195;62754;20835;10.4;3.5
27;2021-03-28;1149;49;63903;20884;10.6;3.5
27;2021-03-29;1375;825;65278;21709;10.9;3.6
27;2021-03-30;1390;847;66668;22556;11.1;3.8
27;2021-03-31;1488;875;68156;23431;11.3;3.9
27;2021-04-01;1956;806;70112;24237;11.7;4.0
27;2021-04-02;2000;1181;72112;25418;12.0;4.2
27;2021-04-03;1560;736;73672;26154;12.3;4.4
27;2021-04-04;977;171;74649;26325;12.4;4.4
27;2021-04-05;282;6;74931;26331;12.5;4.4
27;2021-04-06;1414;1800;76345;28131;12.7;4.7
27;2021-04-07;1321;1744;77666;29875;12.9;5.0
27;2021-04-08;1682;1670;79348;31545;13.2;5.3
27;2021-04-09;2947;1550;82295;33095;13.7;5.5
27;2021-04-10;2034;981;84329;34076;14.0;5.7
27;2021-04-11;946;209;85275;34285;14.2;5.7
27;2021-04-12;2436;1499;87711;35784;14.6;6.0
27;2021-04-13;2390;1548;90101;37332;15.0;6.2
27;2021-04-14;2085;1620;92186;38952;15.3;6.5
27;2021-04-15;1878;1653;94064;40605;15.7;6.8
27;2021-04-16;2752;1110;96816;41715;16.1;6.9
27;2021-04-17;2168;486;98984;42201;16.5;7.0
27;2021-04-18;452;16;99436;42217;16.6;7.0
27;2021-04-19;1713;1169;101149;43386;16.8;7.2
27;2021-04-20;2386;1294;103535;44680;17.2;7.4
27;2021-04-21;2209;1076;105744;45756;17.6;7.6
27;2021-04-22;2180;1409;107924;47165;18.0;7.9
27;2021-04-23;2446;1170;110370;48335;18.4;8.0
27;2021-04-24;3258;1134;113628;49469;18.9;8.2
27;2021-04-25;1128;1044;114756;50513;19.1;8.4
27;2021-04-26;1921;1137;116677;51650;19.4;8.6
27;2021-04-27;2523;1084;119200;52734;19.8;8.8
27;2021-04-28;2392;1308;121592;54042;20.2;9.0
27;2021-04-29;2492;1466;124084;55508;20.7;9.2
27;2021-04-30;2370;1608;126454;57116;21.1;9.5
27;2021-05-01;2637;884;129091;58000;21.5;9.7
27;2021-05-02;1953;891;131044;58891;21.8;9.8
27;2021-05-03;3064;870;134108;59761;22.3;9.9
27;2021-05-04;2781;1638;136889;61399;22.8;10.2
27;2021-05-05;2818;1645;139707;63044;23.3;10.5
27;2021-05-06;3184;1288;142891;64332;23.8;10.7
27;2021-05-07;3321;2000;146212;66332;24.3;11.0
27;2021-05-08;2792;1324;149004;67656;24.8;11.3
27;2021-05-09;1697;295;150701;67951;25.1;11.3
27;2021-05-10;2952;2266;153653;70217;25.6;11.7
27;2021-05-11;3354;1752;157007;71969;26.1;12.0
27;2021-05-12;3459;1725;160466;73694;26.7;12.3
27;2021-05-13;1890;253;162356;73947;27.0;12.3
27;2021-05-14;3878;1783;166234;75730;27.7;12.6
27;2021-05-15;6600;950;172834;76680;28.8;12.8
27;2021-05-16;3668;433;176502;77113;29.4;12.8
27;2021-05-17;2771;1156;179273;78269;29.8;13.0
27;2021-05-18;3845;1284;183118;79553;30.5;13.2
27;2021-05-19;3967;1147;187085;80700;31.1;13.4
27;2021-05-20;3874;1163;190959;81863;31.8;13.6
27;2021-05-21;3964;1796;194923;83659;32.5;13.9
27;2021-05-22;4363;797;199286;84456;33.2;14.1
27;2021-05-23;800;173;200086;84629;33.3;14.1
27;2021-05-24;1490;337;201576;84966;33.6;14.1
27;2021-05-25;3514;1604;205090;86570;34.1;14.4
27;2021-05-26;3853;1736;208943;88306;34.8;14.7
27;2021-05-27;3787;1486;212730;89792;35.4;14.9
27;2021-05-28;3398;2629;216128;92421;36.0;15.4
27;2021-05-29;4824;2293;220952;94714;36.8;15.8
27;2021-05-30;1119;248;222071;94962;37.0;15.8
27;2021-05-31;3464;2275;225535;97237;37.5;16.2
27;2021-06-01;3812;2243;229347;99480;38.2;16.6
27;2021-06-02;3340;2181;232687;101661;38.7;16.9
27;2021-06-03;4431;2125;237118;103786;39.5;17.3
27;2021-06-04;3602;2971;240720;106757;40.1;17.8
27;2021-06-05;3210;3346;243930;110103;40.6;18.3
27;2021-06-06;2004;1010;245934;111113;40.9;18.5
27;2021-06-07;2564;2353;248498;113466;41.4;18.9
27;2021-06-08;3119;2374;251617;115840;41.9;19.3
27;2021-06-09;2301;2469;253918;118309;42.3;19.7
27;2021-06-10;2431;2036;256349;120345;42.7;20.0
27;2021-06-11;2888;3765;259237;124110;43.2;20.7
27;2021-06-12;1982;4189;261219;128299;43.5;21.4
27;2021-06-13;1081;2684;262300;130983;43.7;21.8
27;2021-06-14;1994;3113;264294;134096;44.0;22.3
27;2021-06-15;2687;3018;266981;137114;44.4;22.8
27;2021-06-16;2503;3260;269484;140374;44.9;23.4
27;2021-06-17;2294;3285;271778;143659;45.2;23.9
27;2021-06-18;2743;4417;274521;148076;45.7;24.7
27;2021-06-19;1856;3386;276377;151462;46.0;25.2
27;2021-06-20;608;711;276985;152173;46.1;25.3
27;2021-06-21;1697;3493;278682;155666;46.4;25.9
27;2021-06-22;2380;3724;281062;159390;46.8;26.5
27;2021-06-23;2070;3565;283132;162955;47.1;27.1
27;2021-06-24;2251;3415;285383;166370;47.5;27.7
27;2021-06-25;1928;4459;287311;170829;47.8;28.4
27;2021-06-26;881;5352;288192;176181;48.0;29.3
27;2021-06-27;376;1426;288568;177607;48.0;29.6
27;2021-06-28;1128;3405;289696;181012;48.2;30.1
27;2021-06-29;1692;4370;291388;185382;48.5;30.9
27;2021-06-30;2106;4095;293494;189477;48.9;31.5
27;2021-07-01;2219;3903;295713;193380;49.2;32.2
27;2021-07-02;1581;4623;297294;198003;49.5;33.0
27;2021-07-03;1288;4758;298582;202761;49.7;33.8
27;2021-07-04;504;1404;299086;204165;49.8;34.0
27;2021-07-05;1419;3530;300505;207695;50.0;34.6
27;2021-07-06;1367;4182;301872;211877;50.3;35.3
27;2021-07-07;1752;4897;303624;216774;50.5;36.1
27;2021-07-08;2073;4342;305697;221116;50.9;36.8
27;2021-07-09;1981;5282;307678;226398;51.2;37.7
27;2021-07-10;1164;4172;308842;230570;51.4;38.4
27;2021-07-11;424;1142;309266;231712;51.5;38.6
27;2021-07-12;1238;4374;310504;236086;51.7;39.3
27;2021-07-13;2753;5350;313257;241436;52.1;40.2
27;2021-07-14;1514;1747;314771;243183;52.4;40.5
27;2021-07-15;3027;5466;317798;248649;52.9;41.4
27;2021-07-16;3799;5277;321597;253926;53.5;42.3
27;2021-07-17;2721;3872;324318;257798;54.0;42.9
27;2021-07-18;550;1261;324868;259059;54.1;43.1
27;2021-07-19;3679;3785;328547;262844;54.7;43.8
27;2021-07-20;3426;3582;331973;266426;55.3;44.4
27;2021-07-21;4229;3888;336202;270314;56.0;45.0
27;2021-07-22;4726;3681;340928;273995;56.8;45.6
27;2021-07-23;3557;3384;344485;277379;57.3;46.2
27;2021-07-24;3103;2313;347588;279692;57.9;46.6
27;2021-07-25;491;545;348079;280237;57.9;46.7
27;2021-07-26;3044;3178;351123;283415;58.5;47.2
27;2021-07-27;3562;3090;354685;286505;59.0;47.7
27;2021-07-28;3545;3225;358230;289730;59.6;48.2
28;2020-12-27;0;0;0;0;0.0;0.0
28;2020-12-28;0;0;0;0;0.0;0.0
28;2020-12-29;0;0;0;0;0.0;0.0
28;2020-12-30;0;0;0;0;0.0;0.0
28;2020-12-31;0;0;0;0;0.0;0.0
28;2021-01-01;1;0;1;0;0.0;0.0
28;2021-01-02;0;0;1;0;0.0;0.0
28;2021-01-03;0;0;1;0;0.0;0.0
28;2021-01-04;0;0;1;0;0.0;0.0
28;2021-01-05;5;0;6;0;0.0;0.0
28;2021-01-06;84;0;90;0;0.0;0.0
28;2021-01-07;102;0;192;0;0.0;0.0
28;2021-01-08;134;2;326;2;0.1;0.0
28;2021-01-09;78;0;404;2;0.1;0.0
28;2021-01-10;1;0;405;2;0.1;0.0
28;2021-01-11;204;0;609;2;0.1;0.0
28;2021-01-12;265;2;874;4;0.2;0.0
28;2021-01-13;398;3;1272;7;0.3;0.0
28;2021-01-14;449;5;1721;12;0.4;0.0
28;2021-01-15;374;3;2095;15;0.5;0.0
28;2021-01-16;206;2;2301;17;0.5;0.0
28;2021-01-17;21;0;2322;17;0.5;0.0
28;2021-01-18;372;2;2694;19;0.6;0.0
28;2021-01-19;503;3;3197;22;0.7;0.0
28;2021-01-20;636;1;3833;23;0.9;0.0
28;2021-01-21;797;2;4630;25;1.1;0.0
28;2021-01-22;477;1;5107;26;1.2;0.0
28;2021-01-23;352;0;5459;26;1.3;0.0
28;2021-01-24;1;0;5460;26;1.3;0.0
28;2021-01-25;455;2;5915;28;1.4;0.0
28;2021-01-26;718;4;6633;32;1.5;0.0
28;2021-01-27;1210;47;7843;79;1.8;0.0
28;2021-01-28;1585;90;9428;169;2.2;0.0
28;2021-01-29;896;98;10324;267;2.4;0.1
28;2021-01-30;248;54;10572;321;2.5;0.1
28;2021-01-31;3;22;10575;343;2.5;0.1
28;2021-02-01;324;124;10899;467;2.5;0.1
28;2021-02-02;368;240;11267;707;2.6;0.2
28;2021-02-03;473;259;11740;966;2.7;0.2
28;2021-02-04;525;278;12265;1244;2.9;0.3
28;2021-02-05;435;226;12700;1470;3.0;0.3
28;2021-02-06;198;128;12898;1598;3.0;0.4
28;2021-02-07;0;0;12898;1598;3.0;0.4
28;2021-02-08;331;250;13229;1848;3.1;0.4
28;2021-02-09;281;347;13510;2195;3.1;0.5
28;2021-02-10;440;403;13950;2598;3.2;0.6
28;2021-02-11;562;489;14512;3087;3.4;0.7
28;2021-02-12;452;434;14964;3521;3.5;0.8
28;2021-02-13;181;192;15145;3713;3.5;0.9
28;2021-02-14;0;2;15145;3715;3.5;0.9
28;2021-02-15;280;476;15425;4191;3.6;1.0
28;2021-02-16;395;711;15820;4902;3.7;1.1
28;2021-02-17;581;1148;16401;6050;3.8;1.4
28;2021-02-18;665;1402;17066;7452;4.0;1.7
28;2021-02-19;545;763;17611;8215;4.1;1.9
28;2021-02-20;114;145;17725;8360;4.1;1.9
28;2021-02-21;7;33;17732;8393;4.1;2.0
28;2021-02-22;223;522;17955;8915;4.2;2.1
28;2021-02-23;203;379;18158;9294;4.2;2.2
28;2021-02-24;244;480;18402;9774;4.3;2.3
28;2021-02-25;574;452;18976;10226;4.4;2.4
28;2021-02-26;764;375;19740;10601;4.6;2.5
28;2021-02-27;265;86;20005;10687;4.7;2.5
28;2021-02-28;23;17;20028;10704;4.7;2.5
28;2021-03-01;291;215;20319;10919;4.7;2.5
28;2021-03-02;395;277;20714;11196;4.8;2.6
28;2021-03-03;369;400;21083;11596;4.9;2.7
28;2021-03-04;718;487;21801;12083;5.1;2.8
28;2021-03-05;1320;415;23121;12498;5.4;2.9
28;2021-03-06;1999;80;25120;12578;5.8;2.9
28;2021-03-07;974;24;26094;12602;6.1;2.9
28;2021-03-08;398;308;26492;12910;6.2;3.0
28;2021-03-09;980;352;27472;13262;6.4;3.1
28;2021-03-10;1357;538;28829;13800;6.7;3.2
28;2021-03-11;1531;693;30360;14493;7.1;3.4
28;2021-03-12;2257;635;32617;15128;7.6;3.5
28;2021-03-13;1235;131;33852;15259;7.9;3.6
28;2021-03-14;518;17;34370;15276;8.0;3.6
28;2021-03-15;755;228;35125;15504;8.2;3.6
28;2021-03-16;714;221;35839;15725;8.3;3.7
28;2021-03-17;747;287;36586;16012;8.5;3.7
28;2021-03-18;1199;278;37785;16290;8.8;3.8
28;2021-03-19;1559;328;39344;16618;9.2;3.9
28;2021-03-20;639;19;39983;16637;9.3;3.9
28;2021-03-21;28;7;40011;16644;9.3;3.9
28;2021-03-22;767;320;40778;16964;9.5;4.0
28;2021-03-23;1024;190;41802;17154;9.7;4.0
28;2021-03-24;1312;275;43114;17429;10.0;4.1
28;2021-03-25;1792;283;44906;17712;10.5;4.1
28;2021-03-26;2081;337;46987;18049;10.9;4.2
28;2021-03-27;402;37;47389;18086;11.0;4.2
28;2021-03-28;11;0;47400;18086;11.0;4.2
28;2021-03-29;1140;346;48540;18432;11.3;4.3
28;2021-03-30;1713;241;50253;18673;11.7;4.3
28;2021-03-31;2016;471;52269;19144;12.2;4.5
28;2021-04-01;1790;583;54059;19727;12.6;4.6
28;2021-04-02;1584;1316;55643;21043;13.0;4.9
28;2021-04-03;607;1073;56250;22116;13.1;5.2
28;2021-04-04;33;302;56283;22418;13.1;5.2
28;2021-04-05;40;3;56323;22421;13.1;5.2
28;2021-04-06;1227;460;57550;22881;13.4;5.3
28;2021-04-07;1892;998;59442;23879;13.8;5.6
28;2021-04-08;2075;1068;61517;24947;14.3;5.8
28;2021-04-09;3235;910;64752;25857;15.1;6.0
28;2021-04-10;1582;192;66334;26049;15.4;6.1
28;2021-04-11;140;452;66474;26501;15.5;6.2
28;2021-04-12;1673;553;68147;27054;15.9;6.3
28;2021-04-13;1875;665;70022;27719;16.3;6.5
28;2021-04-14;2773;897;72795;28616;17.0;6.7
28;2021-04-15;2548;1132;75343;29748;17.5;6.9
28;2021-04-16;2552;795;77895;30543;18.1;7.1
28;2021-04-17;2307;128;80202;30671;18.7;7.1
28;2021-04-18;45;8;80247;30679;18.7;7.1
28;2021-04-19;1578;645;81825;31324;19.1;7.3
28;2021-04-20;1840;586;83665;31910;19.5;7.4
28;2021-04-21;2678;955;86343;32865;20.1;7.7
28;2021-04-22;1782;1204;88125;34069;20.5;7.9
28;2021-04-23;2324;1100;90449;35169;21.1;8.2
28;2021-04-24;3652;123;94101;35292;21.9;8.2
28;2021-04-25;1010;28;95111;35320;22.1;8.2
28;2021-04-26;1330;919;96441;36239;22.5;8.4
28;2021-04-27;1435;1268;97876;37507;22.8;8.7
28;2021-04-28;2369;1816;100245;39323;23.3;9.2
28;2021-04-29;2130;1484;102375;40807;23.8;9.5
28;2021-04-30;2972;1209;105347;42016;24.5;9.8
28;2021-05-01;127;120;105474;42136;24.6;9.8
28;2021-05-02;2;65;105476;42201;24.6;9.8
28;2021-05-03;1045;1014;106521;43215;24.8;10.1
28;2021-05-04;1360;1669;107881;44884;25.1;10.5
28;2021-05-05;2830;1646;110711;46530;25.8;10.8
28;2021-05-06;2457;1471;113168;48001;26.4;11.2
28;2021-05-07;2310;1934;115478;49935;26.9;11.6
28;2021-05-08;1077;114;116555;50049;27.1;11.7
28;2021-05-09;104;610;116659;50659;27.2;11.8
28;2021-05-10;1305;1890;117964;52549;27.5;12.2
28;2021-05-11;2029;2345;119993;54894;27.9;12.8
28;2021-05-12;2620;3226;122613;58120;28.6;13.5
28;2021-05-13;289;451;122902;58571;28.6;13.6
28;2021-05-14;1899;1616;124801;60187;29.1;14.0
28;2021-05-15;1436;1674;126237;61861;29.4;14.4
28;2021-05-16;1985;126;128222;61987;29.9;14.4
28;2021-05-17;2876;1493;131098;63480;30.5;14.8
28;2021-05-18;3378;1377;134476;64857;31.3;15.1
28;2021-05-19;5074;1282;139550;66139;32.5;15.4
28;2021-05-20;4150;1230;143700;67369;33.5;15.7
28;2021-05-21;3466;1577;147166;68946;34.3;16.1
28;2021-05-22;725;1160;147891;70106;34.4;16.3
28;2021-05-23;1956;135;149847;70241;34.9;16.4
28;2021-05-24;1427;394;151274;70635;35.2;16.4
28;2021-05-25;1878;1408;153152;72043;35.7;16.8
28;2021-05-26;2766;1343;155918;73386;36.3;17.1
28;2021-05-27;2755;1228;158673;74614;37.0;17.4
28;2021-05-28;3081;1734;161754;76348;37.7;17.8
28;2021-05-29;1867;872;163621;77220;38.1;18.0
28;2021-05-30;16;47;163637;77267;38.1;18.0
28;2021-05-31;2013;937;165650;78204;38.6;18.2
28;2021-06-01;2133;1663;167783;79867;39.1;18.6
28;2021-06-02;2070;2455;169853;82322;39.6;19.2
28;2021-06-03;2497;1563;172350;83885;40.1;19.5
28;2021-06-04;2609;2355;174959;86240;40.7;20.1
28;2021-06-05;1910;2529;176869;88769;41.2;20.7
28;2021-06-06;1061;1041;177930;89810;41.4;20.9
28;2021-06-07;3572;1570;181502;91380;42.3;21.3
28;2021-06-08;3194;1516;184696;92896;43.0;21.6
28;2021-06-09;3675;2128;188371;95024;43.9;22.1
28;2021-06-10;3140;1264;191511;96288;44.6;22.4
28;2021-06-11;3792;2132;195303;98420;45.5;22.9
28;2021-06-12;1301;561;196604;98981;45.8;23.0
28;2021-06-13;385;107;196989;99088;45.9;23.1
28;2021-06-14;2206;1994;199195;101082;46.4;23.5
28;2021-06-15;2090;2222;201285;103304;46.9;24.1
28;2021-06-16;2506;3980;203791;107284;47.5;25.0
28;2021-06-17;1920;3132;205711;110416;47.9;25.7
28;2021-06-18;2464;3784;208175;114200;48.5;26.6
28;2021-06-19;776;1612;208951;115812;48.7;27.0
28;2021-06-20;23;22;208974;115834;48.7;27.0
28;2021-06-21;1683;1986;210657;117820;49.1;27.4
28;2021-06-22;1367;2109;212024;119929;49.4;27.9
28;2021-06-23;1777;3163;213801;123092;49.8;28.7
28;2021-06-24;731;930;214532;124022;50.0;28.9
28;2021-06-25;1881;3020;216413;127042;50.4;29.6
28;2021-06-26;311;2116;216724;129158;50.5;30.1
28;2021-06-27;588;1284;217312;130442;50.6;30.4
28;2021-06-28;1224;3656;218536;134098;50.9;31.2
28;2021-06-29;1325;3795;219861;137893;51.2;32.1
28;2021-06-30;1485;4255;221346;142148;51.5;33.1
28;2021-07-01;1223;3466;222569;145614;51.8;33.9
28;2021-07-02;1310;4660;223879;150274;52.1;35.0
28;2021-07-03;1130;2370;225009;152644;52.4;35.5
28;2021-07-04;144;1324;225153;153968;52.4;35.9
28;2021-07-05;1359;2511;226512;156479;52.7;36.4
28;2021-07-06;1502;2868;228014;159347;53.1;37.1
28;2021-07-07;1636;4145;229650;163492;53.5;38.1
28;2021-07-08;1459;3233;231109;166725;53.8;38.8
28;2021-07-09;1388;4527;232497;171252;54.1;39.9
28;2021-07-10;524;2211;233021;173463;54.3;40.4
28;2021-07-11;1;1;233022;173464;54.3;40.4
28;2021-07-12;1521;3941;234543;177405;54.6;41.3
28;2021-07-13;2250;4138;236793;181543;55.1;42.3
28;2021-07-14;1328;1394;238121;182937;55.5;42.6
28;2021-07-15;2969;3974;241090;186911;56.1;43.5
28;2021-07-16;2438;4761;243528;191672;56.7;44.6
28;2021-07-17;1259;2421;244787;194093;57.0;45.2
28;2021-07-18;373;940;245160;195033;57.1;45.4
28;2021-07-19;1795;4337;246955;199370;57.5;46.4
28;2021-07-20;2464;4083;249419;203453;58.1;47.4
28;2021-07-21;2955;4273;252374;207726;58.8;48.4
28;2021-07-22;3630;3417;256004;211143;59.6;49.2
28;2021-07-23;2916;3974;258920;215117;60.3;50.1
28;2021-07-24;1683;1463;260603;216580;60.7;50.4
28;2021-07-25;71;62;260674;216642;60.7;50.4
28;2021-07-26;2921;3366;263595;220008;61.4;51.2
28;2021-07-27;3845;2588;267440;222596;62.3;51.8
28;2021-07-28;3925;2698;271365;225294;63.2;52.5
29;2020-12-27;0;0;0;0;0.0;0.0
29;2020-12-28;0;0;0;0;0.0;0.0
29;2020-12-29;0;0;0;0;0.0;0.0
29;2020-12-30;0;0;0;0;0.0;0.0
29;2020-12-31;0;0;0;0;0.0;0.0
29;2021-01-01;1;0;1;0;0.0;0.0
29;2021-01-02;0;0;1;0;0.0;0.0
29;2021-01-03;1;0;2;0;0.0;0.0
29;2021-01-04;30;0;32;0;0.0;0.0
29;2021-01-05;31;0;63;0;0.0;0.0
29;2021-01-06;43;0;106;0;0.0;0.0
29;2021-01-07;133;0;239;0;0.0;0.0
29;2021-01-08;408;0;647;0;0.1;0.0
29;2021-01-09;1;0;648;0;0.1;0.0
29;2021-01-10;2;0;650;0;0.1;0.0
29;2021-01-11;666;0;1316;0;0.1;0.0
29;2021-01-12;1120;0;2436;0;0.3;0.0
29;2021-01-13;1097;2;3533;2;0.4;0.0
29;2021-01-14;893;4;4426;6;0.5;0.0
29;2021-01-15;1215;9;5641;15;0.6;0.0
29;2021-01-16;168;1;5809;16;0.6;0.0
29;2021-01-17;112;1;5921;17;0.7;0.0
29;2021-01-18;838;2;6759;19;0.7;0.0
29;2021-01-19;1285;0;8044;19;0.9;0.0
29;2021-01-20;2389;2;10433;21;1.2;0.0
29;2021-01-21;5538;1;15971;22;1.8;0.0
29;2021-01-22;3745;3;19716;25;2.2;0.0
29;2021-01-23;537;0;20253;25;2.2;0.0
29;2021-01-24;200;1;20453;26;2.3;0.0
29;2021-01-25;572;7;21025;33;2.3;0.0
29;2021-01-26;949;33;21974;66;2.4;0.0
29;2021-01-27;1284;54;23258;120;2.6;0.0
29;2021-01-28;799;136;24057;256;2.7;0.0
29;2021-01-29;777;206;24834;462;2.7;0.1
29;2021-01-30;280;4;25114;466;2.8;0.1
29;2021-01-31;78;5;25192;471;2.8;0.1
29;2021-02-01;429;450;25621;921;2.8;0.1
29;2021-02-02;876;825;26497;1746;2.9;0.2
29;2021-02-03;811;894;27308;2640;3.0;0.3
29;2021-02-04;865;642;28173;3282;3.1;0.4
29;2021-02-05;673;585;28846;3867;3.2;0.4
29;2021-02-06;243;102;29089;3969;3.2;0.4
29;2021-02-07;78;105;29167;4074;3.2;0.4
29;2021-02-08;382;448;29549;4522;3.3;0.5
29;2021-02-09;861;853;30410;5375;3.4;0.6
29;2021-02-10;1146;1020;31556;6395;3.5;0.7
29;2021-02-11;1778;4163;33334;10558;3.7;1.2
29;2021-02-12;2306;2505;35640;13063;3.9;1.4
29;2021-02-13;638;414;36278;13477;4.0;1.5
29;2021-02-14;12;229;36290;13706;4.0;1.5
29;2021-02-15;266;949;36556;14655;4.0;1.6
29;2021-02-16;881;1061;37437;15716;4.1;1.7
29;2021-02-17;801;860;38238;16576;4.2;1.8
29;2021-02-18;1528;850;39766;17426;4.4;1.9
29;2021-02-19;1410;1005;41176;18431;4.5;2.0
29;2021-02-20;204;367;41380;18798;4.6;2.1
29;2021-02-21;160;169;41540;18967;4.6;2.1
29;2021-02-22;774;562;42314;19529;4.7;2.2
29;2021-02-23;1268;911;43582;20440;4.8;2.3
29;2021-02-24;1467;838;45049;21278;5.0;2.3
29;2021-02-25;2499;906;47548;22184;5.2;2.4
29;2021-02-26;2672;714;50220;22898;5.5;2.5
29;2021-02-27;1283;280;51503;23178;5.7;2.6
29;2021-02-28;198;72;51701;23250;5.7;2.6
29;2021-03-01;944;488;52645;23738;5.8;2.6
29;2021-03-02;1811;801;54456;24539;6.0;2.7
29;2021-03-03;2089;1018;56545;25557;6.2;2.8
29;2021-03-04;2839;1553;59384;27110;6.6;3.0
29;2021-03-05;3537;1675;62921;28785;6.9;3.2
29;2021-03-06;1999;436;64920;29221;7.2;3.2
29;2021-03-07;412;83;65332;29304;7.2;3.2
29;2021-03-08;1273;590;66605;29894;7.3;3.3
29;2021-03-09;2602;980;69207;30874;7.6;3.4
29;2021-03-10;2426;873;71633;31747;7.9;3.5
29;2021-03-11;4504;1001;76137;32748;8.4;3.6
29;2021-03-12;5267;958;81404;33706;9.0;3.7
29;2021-03-13;2820;403;84224;34109;9.3;3.8
29;2021-03-14;364;2;84588;34111;9.3;3.8
29;2021-03-15;2050;270;86638;34381;9.6;3.8
29;2021-03-16;1821;762;88459;35143;9.8;3.9
29;2021-03-17;1857;722;90316;35865;10.0;4.0
29;2021-03-18;1861;1039;92177;36904;10.2;4.1
29;2021-03-19;3259;897;95436;37801;10.5;4.2
29;2021-03-20;1911;222;97347;38023;10.7;4.2
29;2021-03-21;132;11;97479;38034;10.8;4.2
29;2021-03-22;1643;555;99122;38589;10.9;4.3
29;2021-03-23;3443;1032;102565;39621;11.3;4.4
29;2021-03-24;3775;1025;106340;40646;11.7;4.5
29;2021-03-25;4815;1069;111155;41715;12.3;4.6
29;2021-03-26;5419;1162;116574;42877;12.9;4.7
29;2021-03-27;2428;330;119002;43207;13.1;4.8
29;2021-03-28;197;50;119199;43257;13.1;4.8
29;2021-03-29;2039;823;121238;44080;13.4;4.9
29;2021-03-30;3971;1325;125209;45405;13.8;5.0
29;2021-03-31;3929;1148;129138;46553;14.2;5.1
29;2021-04-01;5013;1140;134151;47693;14.8;5.3
29;2021-04-02;4761;1171;138912;48864;15.3;5.4
29;2021-04-03;2500;538;141412;49402;15.6;5.4
29;2021-04-04;146;30;141558;49432;15.6;5.5
29;2021-04-05;971;331;142529;49763;15.7;5.5
29;2021-04-06;3189;1234;145718;50997;16.1;5.6
29;2021-04-07;3647;938;149365;51935;16.5;5.7
29;2021-04-08;5235;2058;154600;53993;17.1;6.0
29;2021-04-09;6748;1563;161348;55556;17.8;6.1
29;2021-04-10;3494;702;164842;56258;18.2;6.2
29;2021-04-11;120;80;164962;56338;18.2;6.2
29;2021-04-12;3835;1482;168797;57820;18.6;6.4
29;2021-04-13;5860;1748;174657;59568;19.3;6.6
29;2021-04-14;4753;1743;179410;61311;19.8;6.8
29;2021-04-15;7159;1725;186569;63036;20.6;7.0
29;2021-04-16;6699;1345;193268;64381;21.3;7.1
29;2021-04-17;3823;965;197091;65346;21.7;7.2
29;2021-04-18;489;40;197580;65386;21.8;7.2
29;2021-04-19;3878;1461;201458;66847;22.2;7.4
29;2021-04-20;4392;2131;205850;68978;22.7;7.6
29;2021-04-21;4368;2190;210218;71168;23.2;7.9
29;2021-04-22;6646;2851;216864;74019;23.9;8.2
29;2021-04-23;6036;2188;222900;76207;24.6;8.4
29;2021-04-24;4004;1313;226904;77520;25.0;8.6
29;2021-04-25;432;169;227336;77689;25.1;8.6
29;2021-04-26;5260;1870;232596;79559;25.7;8.8
29;2021-04-27;5333;3193;237929;82752;26.2;9.1
29;2021-04-28;5353;2892;243282;85644;26.8;9.4
29;2021-04-29;6585;3344;249867;88988;27.6;9.8
29;2021-04-30;6256;3909;256123;92897;28.3;10.2
29;2021-05-01;1982;978;258105;93875;28.5;10.4
29;2021-05-02;1249;195;259354;94070;28.6;10.4
29;2021-05-03;4533;2286;263887;96356;29.1;10.6
29;2021-05-04;4106;3737;267993;100093;29.6;11.0
29;2021-05-05;4514;3406;272507;103499;30.1;11.4
29;2021-05-06;6231;3709;278738;107208;30.7;11.8
29;2021-05-07;5980;4612;284718;111820;31.4;12.3
29;2021-05-08;2092;564;286810;112384;31.6;12.4
29;2021-05-09;1724;137;288534;112521;31.8;12.4
29;2021-05-10;4761;3767;293295;116288;32.4;12.8
29;2021-05-11;4710;4996;298005;121284;32.9;13.4
29;2021-05-12;5019;4355;303024;125639;33.4;13.9
29;2021-05-13;3437;1501;306461;127140;33.8;14.0
29;2021-05-14;5648;3998;312109;131138;34.4;14.5
29;2021-05-15;4044;2314;316153;133452;34.9;14.7
29;2021-05-16;1586;294;317739;133746;35.0;14.8
29;2021-05-17;5558;3128;323297;136874;35.7;15.1
29;2021-05-18;5734;3093;329031;139967;36.3;15.4
29;2021-05-19;6200;2964;335231;142931;37.0;15.8
29;2021-05-20;7171;4558;342402;147489;37.8;16.3
29;2021-05-21;7209;3809;349611;151298;38.6;16.7
29;2021-05-22;5333;2128;354944;153426;39.2;16.9
29;2021-05-23;1629;65;356573;153491;39.3;16.9
29;2021-05-24;3486;533;360059;154024;39.7;17.0
29;2021-05-25;5825;3031;365884;157055;40.4;17.3
29;2021-05-26;5887;2994;371771;160049;41.0;17.7
29;2021-05-27;6823;3986;378594;164035;41.8;18.1
29;2021-05-28;6538;4452;385132;168487;42.5;18.6
29;2021-05-29;4380;2804;389512;171291;43.0;18.9
29;2021-05-30;1115;360;390627;171651;43.1;18.9
29;2021-05-31;6385;3455;397012;175106;43.8;19.3
29;2021-06-01;6601;4348;403613;179454;44.5;19.8
29;2021-06-02;6159;4130;409772;183584;45.2;20.3
29;2021-06-03;7692;4518;417464;188102;46.0;20.7
29;2021-06-04;6808;6161;424272;194263;46.8;21.4
29;2021-06-05;5350;3035;429622;197298;47.4;21.8
29;2021-06-06;1282;538;430904;197836;47.5;21.8
29;2021-06-07;4659;5560;435563;203396;48.0;22.4
29;2021-06-08;7167;5206;442730;208602;48.8;23.0
29;2021-06-09;6407;4749;449137;213351;49.5;23.5
29;2021-06-10;7775;5058;456912;218409;50.4;24.1
29;2021-06-11;8476;5873;465388;224282;51.3;24.7
29;2021-06-12;6566;2804;471954;227086;52.1;25.0
29;2021-06-13;2348;1370;474302;228456;52.3;25.2
29;2021-06-14;4029;6302;478331;234758;52.8;25.9
29;2021-06-15;5470;6168;483801;240926;53.4;26.6
29;2021-06-16;5558;5628;489359;246554;54.0;27.2
29;2021-06-17;6342;6301;495701;252855;54.7;27.9
29;2021-06-18;6099;7490;501800;260345;55.4;28.7
29;2021-06-19;4616;3526;506416;263871;55.9;29.1
29;2021-06-20;886;1457;507302;265328;56.0;29.3
29;2021-06-21;3735;6495;511037;271823;56.4;30.0
29;2021-06-22;4468;6421;515505;278244;56.9;30.7
29;2021-06-23;4649;6127;520154;284371;57.4;31.4
29;2021-06-24;4779;6744;524933;291115;57.9;32.1
29;2021-06-25;3583;7530;528516;298645;58.3;32.9
29;2021-06-26;2111;4096;530627;302741;58.5;33.4
29;2021-06-27;964;1631;531591;304372;58.6;33.6
29;2021-06-28;2816;6869;534407;311241;58.9;34.3
29;2021-06-29;2773;7734;537180;318975;59.3;35.2
29;2021-06-30;3015;7516;540195;326491;59.6;36.0
29;2021-07-01;3725;8425;543920;334916;60.0;36.9
29;2021-07-02;3584;9682;547504;344598;60.4;38.0
29;2021-07-03;2310;6069;549814;350667;60.6;38.7
29;2021-07-04;806;1773;550620;352440;60.7;38.9
29;2021-07-05;1891;7171;552511;359611;60.9;39.7
29;2021-07-06;1521;8025;554032;367636;61.1;40.6
29;2021-07-07;1683;7048;555715;374684;61.3;41.3
29;2021-07-08;2415;8215;558130;382899;61.6;42.2
29;2021-07-09;2542;9092;560672;391991;61.8;43.2
29;2021-07-10;1906;6111;562578;398102;62.1;43.9
29;2021-07-11;439;1065;563017;399167;62.1;44.0
29;2021-07-12;1950;8386;564967;407553;62.3;45.0
29;2021-07-13;2716;8656;567683;416209;62.6;45.9
29;2021-07-14;2064;3365;569747;419574;62.8;46.3
29;2021-07-15;3795;9733;573542;429307;63.3;47.4
29;2021-07-16;4566;9197;578108;438504;63.8;48.4
29;2021-07-17;3209;6112;581317;444616;64.1;49.0
29;2021-07-18;660;1078;581977;445694;64.2;49.2
29;2021-07-19;3123;7557;585100;453251;64.5;50.0
29;2021-07-20;3511;9442;588611;462693;64.9;51.0
29;2021-07-21;3616;7727;592227;470420;65.3;51.9
29;2021-07-22;3366;8539;595593;478959;65.7;52.8
29;2021-07-23;4012;10705;599605;489664;66.1;54.0
29;2021-07-24;2519;5951;602124;495615;66.4;54.7
29;2021-07-25;649;2363;602773;497978;66.5;54.9
29;2021-07-26;3329;7280;606102;505258;66.9;55.7
29;2021-07-27;3674;7108;609776;512366;67.3;56.5
29;2021-07-28;4135;6030;613911;518396;67.7;57.2
2A;2020-12-27;0;0;0;0;0.0;0.0
2A;2020-12-28;0;0;0;0;0.0;0.0
2A;2020-12-29;0;0;0;0;0.0;0.0
2A;2020-12-30;0;0;0;0;0.0;0.0
2A;2020-12-31;0;0;0;0;0.0;0.0
2A;2021-01-01;0;0;0;0;0.0;0.0
2A;2021-01-02;0;0;0;0;0.0;0.0
2A;2021-01-03;0;0;0;0;0.0;0.0
2A;2021-01-04;0;0;0;0;0.0;0.0
2A;2021-01-05;0;0;0;0;0.0;0.0
2A;2021-01-06;5;0;5;0;0.0;0.0
2A;2021-01-07;122;1;127;1;0.1;0.0
2A;2021-01-08;113;0;240;1;0.1;0.0
2A;2021-01-09;39;0;279;1;0.2;0.0
2A;2021-01-10;33;0;312;1;0.2;0.0
2A;2021-01-11;76;0;388;1;0.2;0.0
2A;2021-01-12;85;0;473;1;0.3;0.0
2A;2021-01-13;111;0;584;1;0.4;0.0
2A;2021-01-14;192;1;776;2;0.5;0.0
2A;2021-01-15;149;0;925;2;0.6;0.0
2A;2021-01-16;157;1;1082;3;0.7;0.0
2A;2021-01-17;84;1;1166;4;0.7;0.0
2A;2021-01-18;200;2;1366;6;0.8;0.0
2A;2021-01-19;486;0;1852;6;1.1;0.0
2A;2021-01-20;352;0;2204;6;1.4;0.0
2A;2021-01-21;451;1;2655;7;1.6;0.0
2A;2021-01-22;366;0;3021;7;1.9;0.0
2A;2021-01-23;183;0;3204;7;2.0;0.0
2A;2021-01-24;118;0;3322;7;2.0;0.0
2A;2021-01-25;213;0;3535;7;2.2;0.0
2A;2021-01-26;402;6;3937;13;2.4;0.0
2A;2021-01-27;322;5;4259;18;2.6;0.0
2A;2021-01-28;335;80;4594;98;2.8;0.1
2A;2021-01-29;341;64;4935;162;3.0;0.1
2A;2021-01-30;124;40;5059;202;3.1;0.1
2A;2021-01-31;92;12;5151;214;3.2;0.1
2A;2021-02-01;229;53;5380;267;3.3;0.2
2A;2021-02-02;287;118;5667;385;3.5;0.2
2A;2021-02-03;264;75;5931;460;3.7;0.3
2A;2021-02-04;256;121;6187;581;3.8;0.4
2A;2021-02-05;267;107;6454;688;4.0;0.4
2A;2021-02-06;120;60;6574;748;4.0;0.5
2A;2021-02-07;67;58;6641;806;4.1;0.5
2A;2021-02-08;91;209;6732;1015;4.1;0.6
2A;2021-02-09;127;301;6859;1316;4.2;0.8
2A;2021-02-10;158;237;7017;1553;4.3;1.0
2A;2021-02-11;296;369;7313;1922;4.5;1.2
2A;2021-02-12;345;305;7658;2227;4.7;1.4
2A;2021-02-13;224;59;7882;2286;4.9;1.4
2A;2021-02-14;133;77;8015;2363;4.9;1.5
2A;2021-02-15;190;182;8205;2545;5.1;1.6
2A;2021-02-16;380;321;8585;2866;5.3;1.8
2A;2021-02-17;283;166;8868;3032;5.5;1.9
2A;2021-02-18;335;199;9203;3231;5.7;2.0
2A;2021-02-19;146;300;9349;3531;5.8;2.2
2A;2021-02-20;243;138;9592;3669;5.9;2.3
2A;2021-02-21;58;55;9650;3724;5.9;2.3
2A;2021-02-22;77;215;9727;3939;6.0;2.4
2A;2021-02-23;122;290;9849;4229;6.1;2.6
2A;2021-02-24;71;296;9920;4525;6.1;2.8
2A;2021-02-25;105;266;10025;4791;6.2;2.9
2A;2021-02-26;123;273;10148;5064;6.2;3.1
2A;2021-02-27;308;68;10456;5132;6.4;3.2
2A;2021-02-28;69;66;10525;5198;6.5;3.2
2A;2021-03-01;116;152;10641;5350;6.6;3.3
2A;2021-03-02;197;266;10838;5616;6.7;3.5
2A;2021-03-03;237;256;11075;5872;6.8;3.6
2A;2021-03-04;507;228;11582;6100;7.1;3.8
2A;2021-03-05;970;288;12552;6388;7.7;3.9
2A;2021-03-06;1164;75;13716;6463;8.4;4.0
2A;2021-03-07;1021;45;14737;6508;9.1;4.0
2A;2021-03-08;931;87;15668;6595;9.6;4.1
2A;2021-03-09;934;151;16602;6746;10.2;4.2
2A;2021-03-10;629;135;17231;6881;10.6;4.2
2A;2021-03-11;723;281;17954;7162;11.1;4.4
2A;2021-03-12;560;318;18514;7480;11.4;4.6
2A;2021-03-13;610;198;19124;7678;11.8;4.7
2A;2021-03-14;311;126;19435;7804;12.0;4.8
2A;2021-03-15;373;202;19808;8006;12.2;4.9
2A;2021-03-16;495;368;20303;8374;12.5;5.2
2A;2021-03-17;698;273;21001;8647;12.9;5.3
2A;2021-03-18;446;306;21447;8953;13.2;5.5
2A;2021-03-19;484;156;21931;9109;13.5;5.6
2A;2021-03-20;1078;261;23009;9370;14.2;5.8
2A;2021-03-21;696;53;23705;9423;14.6;5.8
2A;2021-03-22;345;67;24050;9490;14.8;5.8
2A;2021-03-23;517;57;24567;9547;15.1;5.9
2A;2021-03-24;862;91;25429;9638;15.7;5.9
2A;2021-03-25;930;138;26359;9776;16.2;6.0
2A;2021-03-26;1075;162;27434;9938;16.9;6.1
2A;2021-03-27;1188;197;28622;10135;17.6;6.2
2A;2021-03-28;241;99;28863;10234;17.8;6.3
2A;2021-03-29;281;136;29144;10370;17.9;6.4
2A;2021-03-30;382;235;29526;10605;18.2;6.5
2A;2021-03-31;446;226;29972;10831;18.5;6.7
2A;2021-04-01;637;452;30609;11283;18.8;6.9
2A;2021-04-02;902;783;31511;12066;19.4;7.4
2A;2021-04-03;645;982;32156;13048;19.8;8.0
2A;2021-04-04;578;783;32734;13831;20.2;8.5
2A;2021-04-05;522;698;33256;14529;20.5;8.9
2A;2021-04-06;550;555;33806;15084;20.8;9.3
2A;2021-04-07;786;424;34592;15508;21.3;9.5
2A;2021-04-08;1049;355;35641;15863;21.9;9.8
2A;2021-04-09;934;394;36575;16257;22.5;10.0
2A;2021-04-10;1055;379;37630;16636;23.2;10.2
2A;2021-04-11;362;256;37992;16892;23.4;10.4
2A;2021-04-12;668;342;38660;17234;23.8;10.6
2A;2021-04-13;324;379;38984;17613;24.0;10.8
2A;2021-04-14;1045;587;40029;18200;24.6;11.2
2A;2021-04-15;1040;524;41069;18724;25.3;11.5
2A;2021-04-16;870;395;41939;19119;25.8;11.8
2A;2021-04-17;1365;936;43304;20055;26.7;12.3
2A;2021-04-18;982;943;44286;20998;27.3;12.9
2A;2021-04-19;269;343;44555;21341;27.4;13.1
2A;2021-04-20;353;344;44908;21685;27.6;13.4
2A;2021-04-21;730;733;45638;22418;28.1;13.8
2A;2021-04-22;895;650;46533;23068;28.6;14.2
2A;2021-04-23;987;776;47520;23844;29.3;14.7
2A;2021-04-24;1748;978;49268;24822;30.3;15.3
2A;2021-04-25;977;303;50245;25125;30.9;15.5
2A;2021-04-26;308;227;50553;25352;31.1;15.6
2A;2021-04-27;344;349;50897;25701;31.3;15.8
2A;2021-04-28;1669;423;52566;26124;32.4;16.1
2A;2021-04-29;1053;358;53619;26482;33.0;16.3
2A;2021-04-30;1130;1058;54749;27540;33.7;17.0
2A;2021-05-01;966;577;55715;28117;34.3;17.3
2A;2021-05-02;675;706;56390;28823;34.7;17.7
2A;2021-05-03;583;576;56973;29399;35.1;18.1
2A;2021-05-04;751;533;57724;29932;35.5;18.4
2A;2021-05-05;1008;981;58732;30913;36.2;19.0
2A;2021-05-06;906;911;59638;31824;36.7;19.6
2A;2021-05-07;1154;835;60792;32659;37.4;20.1
2A;2021-05-08;421;500;61213;33159;37.7;20.4
2A;2021-05-09;783;638;61996;33797;38.2;20.8
2A;2021-05-10;453;740;62449;34537;38.4;21.3
2A;2021-05-11;651;415;63100;34952;38.8;21.5
2A;2021-05-12;919;488;64019;35440;39.4;21.8
2A;2021-05-13;918;138;64937;35578;40.0;21.9
2A;2021-05-14;798;682;65735;36260;40.5;22.3
2A;2021-05-15;780;646;66515;36906;41.0;22.7
2A;2021-05-16;737;499;67252;37405;41.4;23.0
2A;2021-05-17;583;561;67835;37966;41.8;23.4
2A;2021-05-18;616;476;68451;38442;42.1;23.7
2A;2021-05-19;788;481;69239;38923;42.6;24.0
2A;2021-05-20;691;539;69930;39462;43.1;24.3
2A;2021-05-21;533;480;70463;39942;43.4;24.6
2A;2021-05-22;442;309;70905;40251;43.7;24.8
2A;2021-05-23;533;283;71438;40534;44.0;25.0
2A;2021-05-24;125;33;71563;40567;44.1;25.0
2A;2021-05-25;415;503;71978;41070;44.3;25.3
2A;2021-05-26;426;1167;72404;42237;44.6;26.0
2A;2021-05-27;435;1112;72839;43349;44.8;26.7
2A;2021-05-28;297;915;73136;44264;45.0;27.3
2A;2021-05-29;336;900;73472;45164;45.2;27.8
2A;2021-05-30;182;506;73654;45670;45.3;28.1
2A;2021-05-31;189;413;73843;46083;45.5;28.4
2A;2021-06-01;337;729;74180;46812;45.7;28.8
2A;2021-06-02;282;938;74462;47750;45.8;29.4
2A;2021-06-03;304;847;74766;48597;46.0;29.9
2A;2021-06-04;272;1093;75038;49690;46.2;30.6
2A;2021-06-05;319;1443;75357;51133;46.4;31.5
2A;2021-06-06;173;910;75530;52043;46.5;32.0
2A;2021-06-07;168;661;75698;52704;46.6;32.4
2A;2021-06-08;321;705;76019;53409;46.8;32.9
2A;2021-06-09;297;1318;76316;54727;47.0;33.7
2A;2021-06-10;328;856;76644;55583;47.2;34.2
2A;2021-06-11;278;1021;76922;56604;47.4;34.9
2A;2021-06-12;228;664;77150;57268;47.5;35.3
2A;2021-06-13;188;797;77338;58065;47.6;35.7
2A;2021-06-14;249;921;77587;58986;47.8;36.3
2A;2021-06-15;217;506;77804;59492;47.9;36.6
2A;2021-06-16;209;776;78013;60268;48.0;37.1
2A;2021-06-17;232;592;78245;60860;48.2;37.5
2A;2021-06-18;243;915;78488;61775;48.3;38.0
2A;2021-06-19;207;689;78695;62464;48.5;38.5
2A;2021-06-20;149;693;78844;63157;48.5;38.9
2A;2021-06-21;178;791;79022;63948;48.7;39.4
2A;2021-06-22;235;842;79257;64790;48.8;39.9
2A;2021-06-23;212;567;79469;65357;48.9;40.2
2A;2021-06-24;147;372;79616;65729;49.0;40.5
2A;2021-06-25;166;472;79782;66201;49.1;40.8
2A;2021-06-26;199;872;79981;67073;49.2;41.3
2A;2021-06-27;172;794;80153;67867;49.3;41.8
2A;2021-06-28;191;704;80344;68571;49.5;42.2
2A;2021-06-29;210;688;80554;69259;49.6;42.6
2A;2021-06-30;239;492;80793;69751;49.7;42.9
2A;2021-07-01;206;486;80999;70237;49.9;43.2
2A;2021-07-02;169;371;81168;70608;50.0;43.5
2A;2021-07-03;207;618;81375;71226;50.1;43.9
2A;2021-07-04;173;663;81548;71889;50.2;44.3
2A;2021-07-05;160;235;81708;72124;50.3;44.4
2A;2021-07-06;243;389;81951;72513;50.5;44.6
2A;2021-07-07;424;608;82375;73121;50.7;45.0
2A;2021-07-08;583;700;82958;73821;51.1;45.5
2A;2021-07-09;365;424;83323;74245;51.3;45.7
2A;2021-07-10;280;345;83603;74590;51.5;45.9
2A;2021-07-11;91;163;83694;74753;51.5;46.0
2A;2021-07-12;305;349;83999;75102;51.7;46.2
2A;2021-07-13;1174;505;85173;75607;52.4;46.6
2A;2021-07-14;1606;305;86779;75912;53.4;46.7
2A;2021-07-15;1413;821;88192;76733;54.3;47.2
2A;2021-07-16;1156;461;89348;77194;55.0;47.5
2A;2021-07-17;1094;334;90442;77528;55.7;47.7
2A;2021-07-18;632;131;91074;77659;56.1;47.8
2A;2021-07-19;911;426;91985;78085;56.6;48.1
2A;2021-07-20;1254;465;93239;78550;57.4;48.4
2A;2021-07-21;1421;703;94660;79253;58.3;48.8
2A;2021-07-22;1375;757;96035;80010;59.1;49.3
2A;2021-07-23;1424;455;97459;80465;60.0;49.5
2A;2021-07-24;870;286;98329;80751;60.5;49.7
2A;2021-07-25;446;67;98775;80818;60.8;49.8
2A;2021-07-26;1135;493;99910;81311;61.5;50.1
2A;2021-07-27;1248;503;101158;81814;62.3;50.4
2A;2021-07-28;1175;580;102333;82394;63.0;50.7
2B;2020-12-27;0;0;0;0;0.0;0.0
2B;2020-12-28;0;0;0;0;0.0;0.0
2B;2020-12-29;0;0;0;0;0.0;0.0
2B;2020-12-30;0;0;0;0;0.0;0.0
2B;2020-12-31;0;0;0;0;0.0;0.0
2B;2021-01-01;0;0;0;0;0.0;0.0
2B;2021-01-02;0;0;0;0;0.0;0.0
2B;2021-01-03;0;0;0;0;0.0;0.0
2B;2021-01-04;2;0;2;0;0.0;0.0
2B;2021-01-05;0;0;2;0;0.0;0.0
2B;2021-01-06;48;1;50;1;0.0;0.0
2B;2021-01-07;211;0;261;1;0.1;0.0
2B;2021-01-08;196;0;457;1;0.3;0.0
2B;2021-01-09;39;0;496;1;0.3;0.0
2B;2021-01-10;1;0;497;1;0.3;0.0
2B;2021-01-11;75;0;572;1;0.3;0.0
2B;2021-01-12;128;1;700;2;0.4;0.0
2B;2021-01-13;93;0;793;2;0.4;0.0
2B;2021-01-14;72;0;865;2;0.5;0.0
2B;2021-01-15;258;0;1123;2;0.6;0.0
2B;2021-01-16;43;0;1166;2;0.6;0.0
2B;2021-01-17;8;0;1174;2;0.6;0.0
2B;2021-01-18;271;0;1445;2;0.8;0.0
2B;2021-01-19;499;0;1944;2;1.1;0.0
2B;2021-01-20;461;0;2405;2;1.3;0.0
2B;2021-01-21;357;0;2762;2;1.5;0.0
2B;2021-01-22;370;0;3132;2;1.7;0.0
2B;2021-01-23;60;0;3192;2;1.8;0.0
2B;2021-01-24;29;0;3221;2;1.8;0.0
2B;2021-01-25;210;2;3431;4;1.9;0.0
2B;2021-01-26;388;1;3819;5;2.1;0.0
2B;2021-01-27;342;50;4161;55;2.3;0.0
2B;2021-01-28;365;149;4526;204;2.5;0.1
2B;2021-01-29;288;164;4814;368;2.6;0.2
2B;2021-01-30;80;33;4894;401;2.7;0.2
2B;2021-01-31;60;0;4954;401;2.7;0.2
2B;2021-02-01;229;94;5183;495;2.8;0.3
2B;2021-02-02;357;78;5540;573;3.0;0.3
2B;2021-02-03;519;92;6059;665;3.3;0.4
2B;2021-02-04;458;176;6517;841;3.6;0.5
2B;2021-02-05;393;95;6910;936;3.8;0.5
2B;2021-02-06;87;14;6997;950;3.8;0.5
2B;2021-02-07;59;0;7056;950;3.9;0.5
2B;2021-02-08;230;157;7286;1107;4.0;0.6
2B;2021-02-09;586;315;7872;1422;4.3;0.8
2B;2021-02-10;485;195;8357;1617;4.6;0.9
2B;2021-02-11;381;128;8738;1745;4.8;1.0
2B;2021-02-12;297;125;9035;1870;5.0;1.0
2B;2021-02-13;77;13;9112;1883;5.0;1.0
2B;2021-02-14;62;0;9174;1883;5.0;1.0
2B;2021-02-15;190;128;9364;2011;5.1;1.1
2B;2021-02-16;252;286;9616;2297;5.3;1.3
2B;2021-02-17;312;317;9928;2614;5.4;1.4
2B;2021-02-18;215;347;10143;2961;5.6;1.6
2B;2021-02-19;164;309;10307;3270;5.7;1.8
2B;2021-02-20;32;63;10339;3333;5.7;1.8
2B;2021-02-21;27;29;10366;3362;5.7;1.8
2B;2021-02-22;133;190;10499;3552;5.8;1.9
2B;2021-02-23;230;359;10729;3911;5.9;2.1
2B;2021-02-24;228;312;10957;4223;6.0;2.3
2B;2021-02-25;245;341;11202;4564;6.1;2.5
2B;2021-02-26;299;282;11501;4846;6.3;2.7
2B;2021-02-27;60;84;11561;4930;6.3;2.7
2B;2021-02-28;1;57;11562;4987;6.3;2.7
2B;2021-03-01;246;261;11808;5248;6.5;2.9
2B;2021-03-02;351;390;12159;5638;6.7;3.1
2B;2021-03-03;297;437;12456;6075;6.8;3.3
2B;2021-03-04;447;410;12903;6485;7.1;3.6
2B;2021-03-05;618;387;13521;6872;7.4;3.8
2B;2021-03-06;682;98;14203;6970;7.8;3.8
2B;2021-03-07;360;59;14563;7029;8.0;3.9
2B;2021-03-08;301;239;14864;7268;8.2;4.0
2B;2021-03-09;383;507;15247;7775;8.4;4.3
2B;2021-03-10;630;447;15877;8222;8.7;4.5
2B;2021-03-11;584;355;16461;8577;9.0;4.7
2B;2021-03-12;960;226;17421;8803;9.6;4.8
2B;2021-03-13;510;109;17931;8912;9.8;4.9
2B;2021-03-14;226;61;18157;8973;10.0;4.9
2B;2021-03-15;514;200;18671;9173;10.2;5.0
2B;2021-03-16;570;277;19241;9450;10.6;5.2
2B;2021-03-17;529;263;19770;9713;10.8;5.3
2B;2021-03-18;550;228;20320;9941;11.1;5.5
2B;2021-03-19;803;194;21123;10135;11.6;5.6
2B;2021-03-20;655;36;21778;10171;11.9;5.6
2B;2021-03-21;429;35;22207;10206;12.2;5.6
2B;2021-03-22;546;124;22753;10330;12.5;5.7
2B;2021-03-23;788;264;23541;10594;12.9;5.8
2B;2021-03-24;831;217;24372;10811;13.4;5.9
2B;2021-03-25;824;164;25196;10975;13.8;6.0
2B;2021-03-26;958;192;26154;11167;14.3;6.1
2B;2021-03-27;1089;36;27243;11203;14.9;6.1
2B;2021-03-28;830;123;28073;11326;15.4;6.2
2B;2021-03-29;745;180;28818;11506;15.8;6.3
2B;2021-03-30;971;323;29789;11829;16.3;6.5
2B;2021-03-31;981;265;30770;12094;16.9;6.6
2B;2021-04-01;1001;231;31771;12325;17.4;6.8
2B;2021-04-02;964;414;32735;12739;18.0;7.0
2B;2021-04-03;1246;151;33981;12890;18.6;7.1
2B;2021-04-04;196;60;34177;12950;18.8;7.1
2B;2021-04-05;108;113;34285;13063;18.8;7.2
2B;2021-04-06;1033;361;35318;13424;19.4;7.4
2B;2021-04-07;1229;430;36547;13854;20.1;7.6
2B;2021-04-08;1127;410;37674;14264;20.7;7.8
2B;2021-04-09;1168;565;38842;14829;21.3;8.1
2B;2021-04-10;1351;260;40193;15089;22.1;8.3
2B;2021-04-11;812;65;41005;15154;22.5;8.3
2B;2021-04-12;852;562;41857;15716;23.0;8.6
2B;2021-04-13;1061;631;42918;16347;23.5;9.0
2B;2021-04-14;1044;492;43962;16839;24.1;9.2
2B;2021-04-15;885;517;44847;17356;24.6;9.5
2B;2021-04-16;911;650;45758;18006;25.1;9.9
2B;2021-04-17;386;445;46144;18451;25.3;10.1
2B;2021-04-18;252;340;46396;18791;25.5;10.3
2B;2021-04-19;822;436;47218;19227;25.9;10.5
2B;2021-04-20;898;847;48116;20074;26.4;11.0
2B;2021-04-21;1054;608;49170;20682;27.0;11.3
2B;2021-04-22;938;732;50108;21414;27.5;11.7
2B;2021-04-23;661;629;50769;22043;27.9;12.1
2B;2021-04-24;287;772;51056;22815;28.0;12.5
2B;2021-04-25;285;477;51341;23292;28.2;12.8
2B;2021-04-26;708;920;52049;24212;28.6;13.3
2B;2021-04-27;965;875;53014;25087;29.1;13.8
2B;2021-04-28;918;860;53932;25947;29.6;14.2
2B;2021-04-29;921;868;54853;26815;30.1;14.7
2B;2021-04-30;1132;831;55985;27646;30.7;15.2
2B;2021-05-01;459;1115;56444;28761;31.0;15.8
2B;2021-05-02;336;244;56780;29005;31.2;15.9
2B;2021-05-03;1019;495;57799;29500;31.7;16.2
2B;2021-05-04;809;1151;58608;30651;32.2;16.8
2B;2021-05-05;804;1375;59412;32026;32.6;17.6
2B;2021-05-06;1287;904;60699;32930;33.3;18.1
2B;2021-05-07;1062;987;61761;33917;33.9;18.6
2B;2021-05-08;459;855;62220;34772;34.1;19.1
2B;2021-05-09;394;683;62614;35455;34.4;19.5
2B;2021-05-10;925;797;63539;36252;34.9;19.9
2B;2021-05-11;933;1161;64472;37413;35.4;20.5
2B;2021-05-12;856;891;65328;38304;35.8;21.0
2B;2021-05-13;1025;376;66353;38680;36.4;21.2
2B;2021-05-14;718;579;67071;39259;36.8;21.5
2B;2021-05-15;702;353;67773;39612;37.2;21.7
2B;2021-05-16;299;180;68072;39792;37.3;21.8
2B;2021-05-17;1003;406;69075;40198;37.9;22.1
2B;2021-05-18;991;383;70066;40581;38.4;22.3
2B;2021-05-19;771;416;70837;40997;38.9;22.5
2B;2021-05-20;670;359;71507;41356;39.2;22.7
2B;2021-05-21;705;502;72212;41858;39.6;23.0
2B;2021-05-22;573;391;72785;42249;39.9;23.2
2B;2021-05-23;168;46;72953;42295;40.0;23.2
2B;2021-05-24;40;115;72993;42410;40.0;23.3
2B;2021-05-25;548;353;73541;42763;40.3;23.5
2B;2021-05-26;544;789;74085;43552;40.6;23.9
2B;2021-05-27;408;1131;74493;44683;40.9;24.5
2B;2021-05-28;554;906;75047;45589;41.2;25.0
2B;2021-05-29;311;352;75358;45941;41.3;25.2
2B;2021-05-30;46;45;75404;45986;41.4;25.2
2B;2021-05-31;376;829;75780;46815;41.6;25.7
2B;2021-06-01;414;1039;76194;47854;41.8;26.3
2B;2021-06-02;365;991;76559;48845;42.0;26.8
2B;2021-06-03;497;808;77056;49653;42.3;27.2
2B;2021-06-04;344;1255;77400;50908;42.5;27.9
2B;2021-06-05;258;494;77658;51402;42.6;28.2
2B;2021-06-06;50;129;77708;51531;42.6;28.3
2B;2021-06-07;280;949;77988;52480;42.8;28.8
2B;2021-06-08;398;1169;78386;53649;43.0;29.4
2B;2021-06-09;518;1178;78904;54827;43.3;30.1
2B;2021-06-10;367;938;79271;55765;43.5;30.6
2B;2021-06-11;432;1274;79703;57039;43.7;31.3
2B;2021-06-12;151;545;79854;57584;43.8;31.6
2B;2021-06-13;24;59;79878;57643;43.8;31.6
2B;2021-06-14;195;1115;80073;58758;43.9;32.2
2B;2021-06-15;345;1220;80418;59978;44.1;32.9
2B;2021-06-16;378;937;80796;60915;44.3;33.4
2B;2021-06-17;399;1048;81195;61963;44.5;34.0
2B;2021-06-18;346;959;81541;62922;44.7;34.5
2B;2021-06-19;141;327;81682;63249;44.8;34.7
2B;2021-06-20;44;194;81726;63443;44.8;34.8
2B;2021-06-21;264;961;81990;64404;45.0;35.3
2B;2021-06-22;314;1111;82304;65515;45.2;35.9
2B;2021-06-23;209;872;82513;66387;45.3;36.4
2B;2021-06-24;335;756;82848;67143;45.5;36.8
2B;2021-06-25;211;1075;83059;68218;45.6;37.4
2B;2021-06-26;105;552;83164;68770;45.6;37.7
2B;2021-06-27;32;215;83196;68985;45.6;37.9
2B;2021-06-28;327;952;83523;69937;45.8;38.4
2B;2021-06-29;268;988;83791;70925;46.0;38.9
2B;2021-06-30;375;949;84166;71874;46.2;39.4
2B;2021-07-01;223;508;84389;72382;46.3;39.7
2B;2021-07-02;212;558;84601;72940;46.4;40.0
2B;2021-07-03;90;395;84691;73335;46.5;40.2
2B;2021-07-04;2;0;84693;73335;46.5;40.2
2B;2021-07-05;263;662;84956;73997;46.6;40.6
2B;2021-07-06;447;708;85403;74705;46.9;41.0
2B;2021-07-07;371;906;85774;75611;47.1;41.5
2B;2021-07-08;180;347;85954;75958;47.2;41.7
2B;2021-07-09;243;370;86197;76328;47.3;41.9
2B;2021-07-10;194;199;86391;76527;47.4;42.0
2B;2021-07-11;13;14;86404;76541;47.4;42.0
2B;2021-07-12;491;739;86895;77280;47.7;42.4
2B;2021-07-13;818;1010;87713;78290;48.1;43.0
2B;2021-07-14;337;97;88050;78387;48.3;43.0
2B;2021-07-15;1248;574;89298;78961;49.0;43.3
2B;2021-07-16;1105;552;90403;79513;49.6;43.6
2B;2021-07-17;706;312;91109;79825;50.0;43.8
2B;2021-07-18;179;46;91288;79871;50.1;43.8
2B;2021-07-19;839;693;92127;80564;50.5;44.2
2B;2021-07-20;1192;673;93319;81237;51.2;44.6
2B;2021-07-21;1375;715;94694;81952;52.0;45.0
2B;2021-07-22;1315;594;96009;82546;52.7;45.3
2B;2021-07-23;1310;493;97319;83039;53.4;45.6
2B;2021-07-24;528;312;97847;83351;53.7;45.7
2B;2021-07-25;203;71;98050;83422;53.8;45.8
2B;2021-07-26;910;627;98960;84049;54.3;46.1
2B;2021-07-27;1534;691;100494;84740;55.1;46.5
2B;2021-07-28;1121;611;101615;85351;55.8;46.8
30;2020-12-27;0;0;0;0;0.0;0.0
30;2020-12-28;0;0;0;0;0.0;0.0
30;2020-12-29;0;0;0;0;0.0;0.0
30;2020-12-30;0;0;0;0;0.0;0.0
30;2020-12-31;0;0;0;0;0.0;0.0
30;2021-01-01;0;0;0;0;0.0;0.0
30;2021-01-02;0;0;0;0;0.0;0.0
30;2021-01-03;0;0;0;0;0.0;0.0
30;2021-01-04;1;0;1;0;0.0;0.0
30;2021-01-05;3;0;4;0;0.0;0.0
30;2021-01-06;128;0;132;0;0.0;0.0
30;2021-01-07;311;0;443;0;0.1;0.0
30;2021-01-08;531;0;974;0;0.1;0.0
30;2021-01-09;270;0;1244;0;0.2;0.0
30;2021-01-10;0;0;1244;0;0.2;0.0
30;2021-01-11;537;0;1781;0;0.2;0.0
30;2021-01-12;796;3;2577;3;0.3;0.0
30;2021-01-13;640;0;3217;3;0.4;0.0
30;2021-01-14;647;5;3864;8;0.5;0.0
30;2021-01-15;756;2;4620;10;0.6;0.0
30;2021-01-16;313;0;4933;10;0.7;0.0
30;2021-01-17;0;0;4933;10;0.7;0.0
30;2021-01-18;936;5;5869;15;0.8;0.0
30;2021-01-19;1735;7;7604;22;1.0;0.0
30;2021-01-20;1303;2;8907;24;1.2;0.0
30;2021-01-21;1225;2;10132;26;1.4;0.0
30;2021-01-22;1074;5;11206;31;1.5;0.0
30;2021-01-23;634;2;11840;33;1.6;0.0
30;2021-01-24;0;0;11840;33;1.6;0.0
30;2021-01-25;830;4;12670;37;1.7;0.0
30;2021-01-26;1057;15;13727;52;1.8;0.0
30;2021-01-27;977;112;14704;164;2.0;0.0
30;2021-01-28;710;275;15414;439;2.1;0.1
30;2021-01-29;668;448;16082;887;2.1;0.1
30;2021-01-30;471;288;16553;1175;2.2;0.2
30;2021-01-31;3;7;16556;1182;2.2;0.2
30;2021-02-01;813;435;17369;1617;2.3;0.2
30;2021-02-02;1873;672;19242;2289;2.6;0.3
30;2021-02-03;1183;490;20425;2779;2.7;0.4
30;2021-02-04;966;663;21391;3442;2.9;0.5
30;2021-02-05;597;766;21988;4208;2.9;0.6
30;2021-02-06;289;262;22277;4470;3.0;0.6
30;2021-02-07;2;8;22279;4478;3.0;0.6
30;2021-02-08;573;738;22852;5216;3.1;0.7
30;2021-02-09;981;1007;23833;6223;3.2;0.8
30;2021-02-10;983;1102;24816;7325;3.3;1.0
30;2021-02-11;926;1037;25742;8362;3.4;1.1
30;2021-02-12;615;992;26357;9354;3.5;1.2
30;2021-02-13;434;388;26791;9742;3.6;1.3
30;2021-02-14;1;21;26792;9763;3.6;1.3
30;2021-02-15;447;623;27239;10386;3.6;1.4
30;2021-02-16;459;850;27698;11236;3.7;1.5
30;2021-02-17;681;624;28379;11860;3.8;1.6
30;2021-02-18;794;528;29173;12388;3.9;1.7
30;2021-02-19;573;672;29746;13060;4.0;1.7
30;2021-02-20;223;225;29969;13285;4.0;1.8
30;2021-02-21;5;3;29974;13288;4.0;1.8
30;2021-02-22;501;765;30475;14053;4.1;1.9
30;2021-02-23;974;1465;31449;15518;4.2;2.1
30;2021-02-24;926;1191;32375;16709;4.3;2.2
30;2021-02-25;1207;891;33582;17600;4.5;2.4
30;2021-02-26;1338;600;34920;18200;4.7;2.4
30;2021-02-27;564;547;35484;18747;4.7;2.5
30;2021-02-28;1;7;35485;18754;4.7;2.5
30;2021-03-01;1339;827;36824;19581;4.9;2.6
30;2021-03-02;1709;911;38533;20492;5.1;2.7
30;2021-03-03;2306;758;40839;21250;5.5;2.8
30;2021-03-04;2631;864;43470;22114;5.8;3.0
30;2021-03-05;2755;608;46225;22722;6.2;3.0
30;2021-03-06;2997;356;49222;23078;6.6;3.1
30;2021-03-07;1859;40;51081;23118;6.8;3.1
30;2021-03-08;1547;779;52628;23897;7.0;3.2
30;2021-03-09;2274;866;54902;24763;7.3;3.3
30;2021-03-10;2346;646;57248;25409;7.6;3.4
30;2021-03-11;3054;673;60302;26082;8.1;3.5
30;2021-03-12;3110;377;63412;26459;8.5;3.5
30;2021-03-13;2223;289;65635;26748;8.8;3.6
30;2021-03-14;83;3;65718;26751;8.8;3.6
30;2021-03-15;1565;562;67283;27313;9.0;3.6
30;2021-03-16;1299;1064;68582;28377;9.2;3.8
30;2021-03-17;1454;640;70036;29017;9.4;3.9
30;2021-03-18;1643;712;71679;29729;9.6;4.0
30;2021-03-19;2249;538;73928;30267;9.9;4.0
30;2021-03-20;1398;138;75326;30405;10.1;4.1
30;2021-03-21;57;8;75383;30413;10.1;4.1
30;2021-03-22;2390;714;77773;31127;10.4;4.2
30;2021-03-23;3505;796;81278;31923;10.9;4.3
30;2021-03-24;3633;800;84911;32723;11.3;4.4
30;2021-03-25;4402;837;89313;33560;11.9;4.5
30;2021-03-26;4358;627;93671;34187;12.5;4.6
30;2021-03-27;1970;374;95641;34561;12.8;4.6
30;2021-03-28;35;29;95676;34590;12.8;4.6
30;2021-03-29;2811;1646;98487;36236;13.2;4.8
30;2021-03-30;3779;1872;102266;38108;13.7;5.1
30;2021-03-31;3504;1634;105770;39742;14.1;5.3
30;2021-04-01;4015;1447;109785;41189;14.7;5.5
30;2021-04-02;3598;1222;113383;42411;15.1;5.7
30;2021-04-03;1061;1223;114444;43634;15.3;5.8
30;2021-04-04;29;188;114473;43822;15.3;5.9
30;2021-04-05;764;284;115237;44106;15.4;5.9
30;2021-04-06;3038;1564;118275;45670;15.8;6.1
30;2021-04-07;2716;1628;120991;47298;16.2;6.3
30;2021-04-08;3914;1478;124905;48776;16.7;6.5
30;2021-04-09;4883;1510;129788;50286;17.3;6.7
30;2021-04-10;2426;1171;132214;51457;17.7;6.9
30;2021-04-11;949;54;133163;51511;17.8;6.9
30;2021-04-12;3147;1481;136310;52992;18.2;7.1
30;2021-04-13;4015;1920;140325;54912;18.7;7.3
30;2021-04-14;3378;1533;143703;56445;19.2;7.5
30;2021-04-15;3830;1453;147533;57898;19.7;7.7
30;2021-04-16;3704;1522;151237;59420;20.2;7.9
30;2021-04-17;1492;946;152729;60366;20.4;8.1
30;2021-04-18;959;66;153688;60432;20.5;8.1
30;2021-04-19;2449;2294;156137;62726;20.9;8.4
30;2021-04-20;2812;2824;158949;65550;21.2;8.8
30;2021-04-21;2596;2562;161545;68112;21.6;9.1
30;2021-04-22;3517;2313;165062;70425;22.1;9.4
30;2021-04-23;3575;2299;168637;72724;22.5;9.7
30;2021-04-24;1346;1230;169983;73954;22.7;9.9
30;2021-04-25;748;89;170731;74043;22.8;9.9
30;2021-04-26;2014;2386;172745;76429;23.1;10.2
30;2021-04-27;2946;2604;175691;79033;23.5;10.6
30;2021-04-28;2835;2479;178526;81512;23.9;10.9
30;2021-04-29;3613;2306;182139;83818;24.3;11.2
30;2021-04-30;3406;2019;185545;85837;24.8;11.5
30;2021-05-01;1749;605;187294;86442;25.0;11.5
30;2021-05-02;663;245;187957;86687;25.1;11.6
30;2021-05-03;3752;2498;191709;89185;25.6;11.9
30;2021-05-04;3973;3517;195682;92702;26.1;12.4
30;2021-05-05;3936;3120;199618;95822;26.7;12.8
30;2021-05-06;4192;3355;203810;99177;27.2;13.3
30;2021-05-07;4075;3052;207885;102229;27.8;13.7
30;2021-05-08;1602;719;209487;102948;28.0;13.8
30;2021-05-09;372;611;209859;103559;28.0;13.8
30;2021-05-10;2913;3113;212772;106672;28.4;14.3
30;2021-05-11;5386;3650;218158;110322;29.1;14.7
30;2021-05-12;5300;3213;223458;113535;29.9;15.2
30;2021-05-13;3230;1023;226688;114558;30.3;15.3
30;2021-05-14;4886;2449;231574;117007;30.9;15.6
30;2021-05-15;3406;1202;234980;118209;31.4;15.8
30;2021-05-16;396;339;235376;118548;31.4;15.8
30;2021-05-17;3795;3033;239171;121581;32.0;16.2
30;2021-05-18;4820;3036;243991;124617;32.6;16.6
30;2021-05-19;4769;2546;248760;127163;33.2;17.0
30;2021-05-20;5004;2573;253764;129736;33.9;17.3
30;2021-05-21;4884;2466;258648;132202;34.6;17.7
30;2021-05-22;3155;1290;261803;133492;35.0;17.8
30;2021-05-23;288;345;262091;133837;35.0;17.9
30;2021-05-24;783;767;262874;134604;35.1;18.0
30;2021-05-25;2656;3161;265530;137765;35.5;18.4
30;2021-05-26;2885;2562;268415;140327;35.9;18.7
30;2021-05-27;3757;2717;272172;143044;36.4;19.1
30;2021-05-28;3325;3286;275497;146330;36.8;19.6
30;2021-05-29;1685;1801;277182;148131;37.0;19.8
30;2021-05-30;358;588;277540;148719;37.1;19.9
30;2021-05-31;2829;2292;280369;151011;37.5;20.2
30;2021-06-01;3654;2794;284023;153805;37.9;20.5
30;2021-06-02;3313;2444;287336;156249;38.4;20.9
30;2021-06-03;4129;3345;291465;159594;38.9;21.3
30;2021-06-04;3899;3395;295364;162989;39.5;21.8
30;2021-06-05;1906;1312;297270;164301;39.7;22.0
30;2021-06-06;683;263;297953;164564;39.8;22.0
30;2021-06-07;4720;2521;302673;167085;40.4;22.3
30;2021-06-08;4822;3317;307495;170402;41.1;22.8
30;2021-06-09;4145;2979;311640;173381;41.6;23.2
30;2021-06-10;4599;3347;316239;176728;42.3;23.6
30;2021-06-11;4580;3806;320819;180534;42.9;24.1
30;2021-06-12;2482;1706;323301;182240;43.2;24.3
30;2021-06-13;494;340;323795;182580;43.3;24.4
30;2021-06-14;2466;4707;326261;187287;43.6;25.0
30;2021-06-15;3199;5301;329460;192588;44.0;25.7
30;2021-06-16;3106;4640;332566;197228;44.4;26.4
30;2021-06-17;3924;4364;336490;201592;45.0;26.9
30;2021-06-18;3706;4693;340196;206285;45.5;27.6
30;2021-06-19;1435;1995;341631;208280;45.6;27.8
30;2021-06-20;357;489;341988;208769;45.7;27.9
30;2021-06-21;2371;4903;344359;213672;46.0;28.5
30;2021-06-22;2353;5738;346712;219410;46.3;29.3
30;2021-06-23;2516;5336;349228;224746;46.7;30.0
30;2021-06-24;2329;4699;351557;229445;47.0;30.7
30;2021-06-25;2604;5595;354161;235040;47.3;31.4
30;2021-06-26;904;2935;355065;237975;47.4;31.8
30;2021-06-27;220;525;355285;238500;47.5;31.9
30;2021-06-28;1662;6017;356947;244517;47.7;32.7
30;2021-06-29;1830;6024;358777;250541;47.9;33.5
30;2021-06-30;1978;5255;360755;255796;48.2;34.2
30;2021-07-01;2962;4711;363717;260507;48.6;34.8
30;2021-07-02;2821;4620;366538;265127;49.0;35.4
30;2021-07-03;1143;3044;367681;268171;49.1;35.8
30;2021-07-04;112;392;367793;268563;49.1;35.9
30;2021-07-05;2010;4024;369803;272587;49.4;36.4
30;2021-07-06;2645;4968;372448;277555;49.8;37.1
30;2021-07-07;2519;4218;374967;281773;50.1;37.6
30;2021-07-08;1994;3422;376961;285195;50.4;38.1
30;2021-07-09;2395;5311;379356;290506;50.7;38.8
30;2021-07-10;1485;2152;380841;292658;50.9;39.1
30;2021-07-11;43;416;380884;293074;50.9;39.2
30;2021-07-12;2507;5147;383391;298221;51.2;39.8
30;2021-07-13;3258;6020;386649;304241;51.7;40.6
30;2021-07-14;491;542;387140;304783;51.7;40.7
30;2021-07-15;4098;5451;391238;310234;52.3;41.4
30;2021-07-16;4936;5696;396174;315930;52.9;42.2
30;2021-07-17;1694;2455;397868;318385;53.2;42.5
30;2021-07-18;145;602;398013;318987;53.2;42.6
30;2021-07-19;3352;6281;401365;325268;53.6;43.5
30;2021-07-20;4617;6487;405982;331755;54.2;44.3
30;2021-07-21;4038;5388;410020;337143;54.8;45.0
30;2021-07-22;4856;5684;414876;342827;55.4;45.8
30;2021-07-23;4924;5819;419800;348646;56.1;46.6
30;2021-07-24;2217;3244;422017;351890;56.4;47.0
30;2021-07-25;134;308;422151;352198;56.4;47.1
30;2021-07-26;4377;4090;426528;356288;57.0;47.6
30;2021-07-27;4799;4585;431327;360873;57.6;48.2
30;2021-07-28;4689;3934;436016;364807;58.3;48.7
31;2020-12-27;0;0;0;0;0.0;0.0
31;2020-12-28;1;0;1;0;0.0;0.0
31;2020-12-29;0;0;1;0;0.0;0.0
31;2020-12-30;0;0;1;0;0.0;0.0
31;2020-12-31;0;0;1;0;0.0;0.0
31;2021-01-01;2;0;3;0;0.0;0.0
31;2021-01-02;0;0;3;0;0.0;0.0
31;2021-01-03;2;0;5;0;0.0;0.0
31;2021-01-04;2;0;7;0;0.0;0.0
31;2021-01-05;50;0;57;0;0.0;0.0
31;2021-01-06;211;1;268;1;0.0;0.0
31;2021-01-07;284;1;552;2;0.0;0.0
31;2021-01-08;544;1;1096;3;0.1;0.0
31;2021-01-09;274;0;1370;3;0.1;0.0
31;2021-01-10;286;0;1656;3;0.1;0.0
31;2021-01-11;977;3;2633;6;0.2;0.0
31;2021-01-12;1190;0;3823;6;0.3;0.0
31;2021-01-13;1156;3;4979;9;0.4;0.0
31;2021-01-14;1176;17;6155;26;0.4;0.0
31;2021-01-15;1046;3;7201;29;0.5;0.0
31;2021-01-16;243;1;7444;30;0.5;0.0
31;2021-01-17;175;0;7619;30;0.5;0.0
31;2021-01-18;1607;4;9226;34;0.7;0.0
31;2021-01-19;2929;11;12155;45;0.9;0.0
31;2021-01-20;3661;10;15816;55;1.1;0.0
31;2021-01-21;2990;5;18806;60;1.3;0.0
31;2021-01-22;2270;5;21076;65;1.5;0.0
31;2021-01-23;728;1;21804;66;1.6;0.0
31;2021-01-24;212;1;22016;67;1.6;0.0
31;2021-01-25;1741;9;23757;76;1.7;0.0
31;2021-01-26;1838;64;25595;140;1.8;0.0
31;2021-01-27;1571;153;27166;293;1.9;0.0
31;2021-01-28;1382;303;28548;596;2.0;0.0
31;2021-01-29;1355;350;29903;946;2.1;0.1
31;2021-01-30;444;187;30347;1133;2.2;0.1
31;2021-01-31;61;210;30408;1343;2.2;0.1
31;2021-02-01;1157;736;31565;2079;2.3;0.1
31;2021-02-02;3033;805;34598;2884;2.5;0.2
31;2021-02-03;1916;779;36514;3663;2.6;0.3
31;2021-02-04;1804;845;38318;4508;2.7;0.3
31;2021-02-05;1340;574;39658;5082;2.8;0.4
31;2021-02-06;378;55;40036;5137;2.9;0.4
31;2021-02-07;37;41;40073;5178;2.9;0.4
31;2021-02-08;1114;668;41187;5846;2.9;0.4
31;2021-02-09;1675;1576;42862;7422;3.1;0.5
31;2021-02-10;1958;2476;44820;9898;3.2;0.7
31;2021-02-11;1814;1822;46634;11720;3.3;0.8
31;2021-02-12;1536;799;48170;12519;3.4;0.9
31;2021-02-13;501;230;48671;12749;3.5;0.9
31;2021-02-14;55;217;48726;12966;3.5;0.9
31;2021-02-15;443;1375;49169;14341;3.5;1.0
31;2021-02-16;465;1554;49634;15895;3.5;1.1
31;2021-02-17;471;1687;50105;17582;3.6;1.3
31;2021-02-18;477;1830;50582;19412;3.6;1.4
31;2021-02-19;391;1574;50973;20986;3.6;1.5
31;2021-02-20;69;532;51042;21518;3.6;1.5
31;2021-02-21;77;161;51119;21679;3.6;1.5
31;2021-02-22;433;1758;51552;23437;3.7;1.7
31;2021-02-23;867;3017;52419;26454;3.7;1.9
31;2021-02-24;653;2199;53072;28653;3.8;2.0
31;2021-02-25;1427;1841;54499;30494;3.9;2.2
31;2021-02-26;1709;1234;56208;31728;4.0;2.3
31;2021-02-27;637;408;56845;32136;4.1;2.3
31;2021-02-28;77;54;56922;32190;4.1;2.3
31;2021-03-01;869;1135;57791;33325;4.1;2.4
31;2021-03-02;1231;1667;59022;34992;4.2;2.5
31;2021-03-03;1356;1818;60378;36810;4.3;2.6
31;2021-03-04;2420;1506;62798;38316;4.5;2.7
31;2021-03-05;3052;1600;65850;39916;4.7;2.8
31;2021-03-06;2833;411;68683;40327;4.9;2.9
31;2021-03-07;5366;97;74049;40424;5.3;2.9
31;2021-03-08;1596;1097;75645;41521;5.4;3.0
31;2021-03-09;2775;1189;78420;42710;5.6;3.0
31;2021-03-10;2570;1087;80990;43797;5.8;3.1
31;2021-03-11;4376;1166;85366;44963;6.1;3.2
31;2021-03-12;5311;1189;90677;46152;6.5;3.3
31;2021-03-13;2835;502;93512;46654;6.7;3.3
31;2021-03-14;233;49;93745;46703;6.7;3.3
31;2021-03-15;2581;426;96326;47129;6.9;3.4
31;2021-03-16;1742;814;98068;47943;7.0;3.4
31;2021-03-17;1654;555;99722;48498;7.1;3.5
31;2021-03-18;1964;710;101686;49208;7.3;3.5
31;2021-03-19;3178;523;104864;49731;7.5;3.5
31;2021-03-20;1793;141;106657;49872;7.6;3.6
31;2021-03-21;209;35;106866;49907;7.6;3.6
31;2021-03-22;2577;361;109443;50268;7.8;3.6
31;2021-03-23;4052;314;113495;50582;8.1;3.6
31;2021-03-24;4352;285;117847;50867;8.4;3.6
31;2021-03-25;6039;509;123886;51376;8.8;3.7
31;2021-03-26;5466;510;129352;51886;9.2;3.7
31;2021-03-27;4346;198;133698;52084;9.5;3.7
31;2021-03-28;2288;45;135986;52129;9.7;3.7
31;2021-03-29;4205;425;140191;52554;10.0;3.8
31;2021-03-30;6590;545;146781;53099;10.5;3.8
31;2021-03-31;5641;361;152422;53460;10.9;3.8
31;2021-04-01;6959;536;159381;53996;11.4;3.9
31;2021-04-02;6099;574;165480;54570;11.8;3.9
31;2021-04-03;3922;150;169402;54720;12.1;3.9
31;2021-04-04;2058;111;171460;54831;12.2;3.9
31;2021-04-05;480;69;171940;54900;12.3;3.9
31;2021-04-06;4157;1141;176097;56041;12.6;4.0
31;2021-04-07;5981;973;182078;57014;13.0;4.1
31;2021-04-08;7561;1024;189639;58038;13.5;4.1
31;2021-04-09;8382;1240;198021;59278;14.1;4.2
31;2021-04-10;4712;540;202733;59818;14.5;4.3
31;2021-04-11;2066;139;204799;59957;14.6;4.3
31;2021-04-12;5994;1827;210793;61784;15.0;4.4
31;2021-04-13;8028;2018;218821;63802;15.6;4.6
31;2021-04-14;6644;1923;225465;65725;16.1;4.7
31;2021-04-15;7768;2229;233233;67954;16.6;4.9
31;2021-04-16;7174;2087;240407;70041;17.2;5.0
31;2021-04-17;4412;898;244819;70939;17.5;5.1
31;2021-04-18;2510;354;247329;71293;17.7;5.1
31;2021-04-19;5215;2024;252544;73317;18.0;5.2
31;2021-04-20;6068;2846;258612;76163;18.5;5.4
31;2021-04-21;5970;2787;264582;78950;18.9;5.6
31;2021-04-22;6381;3232;270963;82182;19.3;5.9
31;2021-04-23;6268;2571;277231;84753;19.8;6.0
31;2021-04-24;1614;3132;278845;87885;19.9;6.3
31;2021-04-25;683;2094;279528;89979;20.0;6.4
31;2021-04-26;3791;3221;283319;93200;20.2;6.7
31;2021-04-27;4513;3900;287832;97100;20.5;6.9
31;2021-04-28;4543;3493;292375;100593;20.9;7.2
31;2021-04-29;5180;4024;297555;104617;21.2;7.5
31;2021-04-30;5031;4132;302586;108749;21.6;7.8
31;2021-05-01;1488;3119;304074;111868;21.7;8.0
31;2021-05-02;1412;1981;305486;113849;21.8;8.1
31;2021-05-03;5648;2418;311134;116267;22.2;8.3
31;2021-05-04;4779;4736;315913;121003;22.6;8.6
31;2021-05-05;2980;5718;318893;126721;22.8;9.0
31;2021-05-06;3627;7382;322520;134103;23.0;9.6
31;2021-05-07;5255;7175;327775;141278;23.4;10.1
31;2021-05-08;3632;3101;331407;144379;23.7;10.3
31;2021-05-09;3757;2309;335164;146688;23.9;10.5
31;2021-05-10;5684;5471;340848;152159;24.3;10.9
31;2021-05-11;6646;6694;347494;158853;24.8;11.3
31;2021-05-12;6170;5916;353664;164769;25.2;11.8
31;2021-05-13;4644;2061;358308;166830;25.6;11.9
31;2021-05-14;6906;3978;365214;170808;26.1;12.2
31;2021-05-15;5143;1752;370357;172560;26.4;12.3
31;2021-05-16;3296;631;373653;173191;26.7;12.4
31;2021-05-17;5142;4148;378795;177339;27.0;12.7
31;2021-05-18;5588;4271;384383;181610;27.4;13.0
31;2021-05-19;5778;3765;390161;185375;27.9;13.2
31;2021-05-20;6469;4799;396630;190174;28.3;13.6
31;2021-05-21;5982;4606;402612;194780;28.7;13.9
31;2021-05-22;4081;1627;406693;196407;29.0;14.0
31;2021-05-23;3583;343;410276;196750;29.3;14.0
31;2021-05-24;3876;708;414152;197458;29.6;14.1
31;2021-05-25;6189;3607;420341;201065;30.0;14.4
31;2021-05-26;5595;4637;425936;205702;30.4;14.7
31;2021-05-27;4774;6194;430710;211896;30.7;15.1
31;2021-05-28;4115;6344;434825;218240;31.0;15.6
31;2021-05-29;1917;4030;436742;222270;31.2;15.9
31;2021-05-30;746;2363;437488;224633;31.2;16.0
31;2021-05-31;4394;5085;441882;229718;31.5;16.4
31;2021-06-01;5948;6560;447830;236278;32.0;16.9
31;2021-06-02;5786;6301;453616;242579;32.4;17.3
31;2021-06-03;7300;8140;460916;250719;32.9;17.9
31;2021-06-04;7532;7159;468448;257878;33.4;18.4
31;2021-06-05;9075;2771;477523;260649;34.1;18.6
31;2021-06-06;8106;1576;485629;262225;34.7;18.7
31;2021-06-07;7984;5464;493613;267689;35.2;19.1
31;2021-06-08;9098;6047;502711;273736;35.9;19.5
31;2021-06-09;8914;5515;511625;279251;36.5;19.9
31;2021-06-10;9769;6331;521394;285582;37.2;20.4
31;2021-06-11;10044;6630;531438;292212;37.9;20.9
31;2021-06-12;8794;3004;540232;295216;38.6;21.1
31;2021-06-13;8372;1998;548604;297214;39.2;21.2
31;2021-06-14;8414;6725;557018;303939;39.8;21.7
31;2021-06-15;9747;7427;566765;311366;40.5;22.2
31;2021-06-16;8718;5249;575483;316615;41.1;22.6
31;2021-06-17;8261;6587;583744;323202;41.7;23.1
31;2021-06-18;8518;7735;592262;330937;42.3;23.6
31;2021-06-19;7352;5429;599614;336366;42.8;24.0
31;2021-06-20;5564;3722;605178;340088;43.2;24.3
31;2021-06-21;5364;6905;610542;346993;43.6;24.8
31;2021-06-22;4963;8219;615505;355212;43.9;25.4
31;2021-06-23;5094;7261;620599;362473;44.3;25.9
31;2021-06-24;4611;8316;625210;370789;44.6;26.5
31;2021-06-25;5006;9305;630216;380094;45.0;27.1
31;2021-06-26;4277;6390;634493;386484;45.3;27.6
31;2021-06-27;3594;4097;638087;390581;45.5;27.9
31;2021-06-28;4088;6642;642175;397223;45.8;28.4
31;2021-06-29;3781;7556;645956;404779;46.1;28.9
31;2021-06-30;4252;7797;650208;412576;46.4;29.5
31;2021-07-01;4010;8464;654218;421040;46.7;30.1
31;2021-07-02;4089;9327;658307;430367;47.0;30.7
31;2021-07-03;4088;6116;662395;436483;47.3;31.2
31;2021-07-04;3197;4799;665592;441282;47.5;31.5
31;2021-07-05;4027;7090;669619;448372;47.8;32.0
31;2021-07-06;3772;8359;673391;456731;48.1;32.6
31;2021-07-07;3934;7980;677325;464711;48.3;33.2
31;2021-07-08;4008;8537;681333;473248;48.6;33.8
31;2021-07-09;4421;8792;685754;482040;48.9;34.4
31;2021-07-10;3900;5479;689654;487519;49.2;34.8
31;2021-07-11;3132;4123;692786;491642;49.5;35.1
31;2021-07-12;3796;8610;696582;500252;49.7;35.7
31;2021-07-13;6875;9402;703457;509654;50.2;36.4
31;2021-07-14;6115;3891;709572;513545;50.6;36.7
31;2021-07-15;8423;9389;717995;522934;51.3;37.3
31;2021-07-16;7712;9862;725707;532796;51.8;38.0
31;2021-07-17;8318;10494;734025;543290;52.4;38.8
31;2021-07-18;6603;9418;740628;552708;52.9;39.5
31;2021-07-19;4768;10763;745396;563471;53.2;40.2
31;2021-07-20;7104;11436;752500;574907;53.7;41.0
31;2021-07-21;6970;11493;759470;586400;54.2;41.9
31;2021-07-22;8122;11700;767592;598100;54.8;42.7
31;2021-07-23;7390;11752;774982;609852;55.3;43.5
31;2021-07-24;10250;10466;785232;620318;56.1;44.3
31;2021-07-25;7523;8736;792755;629054;56.6;44.9
31;2021-07-26;5485;9487;798240;638541;57.0;45.6
31;2021-07-27;7886;9123;806126;647664;57.5;46.2
31;2021-07-28;8559;8191;814685;655855;58.2;46.8
32;2020-12-27;0;0;0;0;0.0;0.0
32;2020-12-28;0;0;0;0;0.0;0.0
32;2020-12-29;0;0;0;0;0.0;0.0
32;2020-12-30;0;0;0;0;0.0;0.0
32;2020-12-31;0;0;0;0;0.0;0.0
32;2021-01-01;0;0;0;0;0.0;0.0
32;2021-01-02;0;0;0;0;0.0;0.0
32;2021-01-03;0;0;0;0;0.0;0.0
32;2021-01-04;3;0;3;0;0.0;0.0
32;2021-01-05;1;0;4;0;0.0;0.0
32;2021-01-06;2;0;6;0;0.0;0.0
32;2021-01-07;152;0;158;0;0.1;0.0
32;2021-01-08;70;0;228;0;0.1;0.0
32;2021-01-09;5;0;233;0;0.1;0.0
32;2021-01-10;0;0;233;0;0.1;0.0
32;2021-01-11;11;0;244;0;0.1;0.0
32;2021-01-12;95;0;339;0;0.2;0.0
32;2021-01-13;325;0;664;0;0.3;0.0
32;2021-01-14;377;3;1041;3;0.5;0.0
32;2021-01-15;448;0;1489;3;0.8;0.0
32;2021-01-16;16;2;1505;5;0.8;0.0
32;2021-01-17;1;0;1506;5;0.8;0.0
32;2021-01-18;344;1;1850;6;1.0;0.0
32;2021-01-19;417;0;2267;6;1.2;0.0
32;2021-01-20;358;0;2625;6;1.4;0.0
32;2021-01-21;582;0;3207;6;1.7;0.0
32;2021-01-22;371;0;3578;6;1.9;0.0
32;2021-01-23;180;0;3758;6;2.0;0.0
32;2021-01-24;4;0;3762;6;2.0;0.0
32;2021-01-25;462;1;4224;7;2.2;0.0
32;2021-01-26;604;0;4828;7;2.5;0.0
32;2021-01-27;705;4;5533;11;2.9;0.0
32;2021-01-28;685;17;6218;28;3.3;0.0
32;2021-01-29;460;52;6678;80;3.5;0.0
32;2021-01-30;260;0;6938;80;3.7;0.0
32;2021-01-31;4;5;6942;85;3.7;0.0
32;2021-02-01;288;58;7230;143;3.8;0.1
32;2021-02-02;639;140;7869;283;4.1;0.1
32;2021-02-03;338;201;8207;484;4.3;0.3
32;2021-02-04;424;278;8631;762;4.5;0.4
32;2021-02-05;348;360;8979;1122;4.7;0.6
32;2021-02-06;147;0;9126;1122;4.8;0.6
32;2021-02-07;0;36;9126;1158;4.8;0.6
32;2021-02-08;275;123;9401;1281;4.9;0.7
32;2021-02-09;309;229;9710;1510;5.1;0.8
32;2021-02-10;267;253;9977;1763;5.2;0.9
32;2021-02-11;380;318;10357;2081;5.4;1.1
32;2021-02-12;297;280;10654;2361;5.6;1.2
32;2021-02-13;249;1;10903;2362;5.7;1.2
32;2021-02-14;0;28;10903;2390;5.7;1.3
32;2021-02-15;25;212;10928;2602;5.8;1.4
32;2021-02-16;393;368;11321;2970;6.0;1.6
32;2021-02-17;190;474;11511;3444;6.1;1.8
32;2021-02-18;330;492;11841;3936;6.2;2.1
32;2021-02-19;183;282;12024;4218;6.3;2.2
32;2021-02-20;1;120;12025;4338;6.3;2.3
32;2021-02-21;0;0;12025;4338;6.3;2.3
32;2021-02-22;158;386;12183;4724;6.4;2.5
32;2021-02-23;431;562;12614;5286;6.6;2.8
32;2021-02-24;277;380;12891;5666;6.8;3.0
32;2021-02-25;480;520;13371;6186;7.0;3.3
32;2021-02-26;443;386;13814;6572;7.3;3.5
32;2021-02-27;157;246;13971;6818;7.4;3.6
32;2021-02-28;4;0;13975;6818;7.4;3.6
32;2021-03-01;51;299;14026;7117;7.4;3.7
32;2021-03-02;413;445;14439;7562;7.6;4.0
32;2021-03-03;274;292;14713;7854;7.7;4.1
32;2021-03-04;538;338;15251;8192;8.0;4.3
32;2021-03-05;436;249;15687;8441;8.3;4.4
32;2021-03-06;521;167;16208;8608;8.5;4.5
32;2021-03-07;25;5;16233;8613;8.5;4.5
32;2021-03-08;233;293;16466;8906;8.7;4.7
32;2021-03-09;642;330;17108;9236;9.0;4.9
32;2021-03-10;482;328;17590;9564;9.3;5.0
32;2021-03-11;853;293;18443;9857;9.7;5.2
32;2021-03-12;881;342;19324;10199;10.2;5.4
32;2021-03-13;490;248;19814;10447;10.4;5.5
32;2021-03-14;1;0;19815;10447;10.4;5.5
32;2021-03-15;265;25;20080;10472;10.6;5.5
32;2021-03-16;312;306;20392;10778;10.7;5.7
32;2021-03-17;149;155;20541;10933;10.8;5.8
32;2021-03-18;374;308;20915;11241;11.0;5.9
32;2021-03-19;402;183;21317;11424;11.2;6.0
32;2021-03-20;136;33;21453;11457;11.3;6.0
32;2021-03-21;0;0;21453;11457;11.3;6.0
32;2021-03-22;340;167;21793;11624;11.5;6.1
32;2021-03-23;559;399;22352;12023;11.8;6.3
32;2021-03-24;645;270;22997;12293;12.1;6.5
32;2021-03-25;894;417;23891;12710;12.6;6.7
32;2021-03-26;657;294;24548;13004;12.9;6.8
32;2021-03-27;165;3;24713;13007;13.0;6.8
32;2021-03-28;0;1;24713;13008;13.0;6.8
32;2021-03-29;371;48;25084;13056;13.2;6.9
32;2021-03-30;766;288;25850;13344;13.6;7.0
32;2021-03-31;654;172;26504;13516;13.9;7.1
32;2021-04-01;1238;320;27742;13836;14.6;7.3
32;2021-04-02;575;168;28317;14004;14.9;7.4
32;2021-04-03;114;0;28431;14004;15.0;7.4
32;2021-04-04;0;0;28431;14004;15.0;7.4
32;2021-04-05;0;0;28431;14004;15.0;7.4
32;2021-04-06;2642;306;31073;14310;16.4;7.5
32;2021-04-07;1176;201;32249;14511;17.0;7.6
32;2021-04-08;1737;405;33986;14916;17.9;7.8
32;2021-04-09;882;217;34868;15133;18.3;8.0
32;2021-04-10;808;28;35676;15161;18.8;8.0
32;2021-04-11;14;0;35690;15161;18.8;8.0
32;2021-04-12;476;20;36166;15181;19.0;8.0
32;2021-04-13;2467;381;38633;15562;20.3;8.2
32;2021-04-14;1227;264;39860;15826;21.0;8.3
32;2021-04-15;1702;391;41562;16217;21.9;8.5
32;2021-04-16;638;282;42200;16499;22.2;8.7
32;2021-04-17;781;37;42981;16536;22.6;8.7
32;2021-04-18;11;1;42992;16537;22.6;8.7
32;2021-04-19;502;44;43494;16581;22.9;8.7
32;2021-04-20;2472;385;45966;16966;24.2;8.9
32;2021-04-21;1009;294;46975;17260;24.7;9.1
32;2021-04-22;1662;320;48637;17580;25.6;9.3
32;2021-04-23;546;158;49183;17738;25.9;9.3
32;2021-04-24;1391;54;50574;17792;26.6;9.4
32;2021-04-25;0;11;50574;17803;26.6;9.4
32;2021-04-26;387;359;50961;18162;26.8;9.6
32;2021-04-27;2548;550;53509;18712;28.2;9.8
32;2021-04-28;969;353;54478;19065;28.7;10.0
32;2021-04-29;1007;884;55485;19949;29.2;10.5
32;2021-04-30;450;361;55935;20310;29.4;10.7
32;2021-05-01;2604;95;58539;20405;30.8;10.7
32;2021-05-02;0;0;58539;20405;30.8;10.7
32;2021-05-03;170;321;58709;20726;30.9;10.9
32;2021-05-04;794;2496;59503;23222;31.3;12.2
32;2021-05-05;2360;1094;61863;24316;32.6;12.8
32;2021-05-06;516;1662;62379;25978;32.8;13.7
32;2021-05-07;2285;534;64664;26512;34.0;14.0
32;2021-05-08;71;518;64735;27030;34.1;14.2
32;2021-05-09;21;179;64756;27209;34.1;14.3
32;2021-05-10;1989;550;66745;27759;35.1;14.6
32;2021-05-11;654;2275;67399;30034;35.5;15.8
32;2021-05-12;2312;1137;69711;31171;36.7;16.4
32;2021-05-13;280;1414;69991;32585;36.8;17.1
32;2021-05-14;2222;325;72213;32910;38.0;17.3
32;2021-05-15;134;712;72347;33622;38.1;17.7
32;2021-05-16;1;0;72348;33622;38.1;17.7
32;2021-05-17;353;170;72701;33792;38.3;17.8
32;2021-05-18;1641;296;74342;34088;39.1;17.9
32;2021-05-19;2472;273;76814;34361;40.4;18.1
32;2021-05-20;2887;469;79701;34830;41.9;18.3
32;2021-05-21;2533;498;82234;35328;43.3;18.6
32;2021-05-22;335;111;82569;35439;43.4;18.6
32;2021-05-23;1;13;82570;35452;43.4;18.7
32;2021-05-24;2;0;82572;35452;43.4;18.7
32;2021-05-25;1980;372;84552;35824;44.5;18.9
32;2021-05-26;2545;555;87097;36379;45.8;19.1
32;2021-05-27;2876;626;89973;37005;47.3;19.5
32;2021-05-28;2310;767;92283;37772;48.6;19.9
32;2021-05-29;372;312;92655;38084;48.8;20.0
32;2021-05-30;4;6;92659;38090;48.8;20.0
32;2021-05-31;1412;625;94071;38715;49.5;20.4
32;2021-06-01;564;2888;94635;41603;49.8;21.9
32;2021-06-02;1577;1355;96212;42958;50.6;22.6
32;2021-06-03;397;2087;96609;45045;50.8;23.7
32;2021-06-04;1837;830;98446;45875;51.8;24.1
32;2021-06-05;208;1662;98654;47537;51.9;25.0
32;2021-06-06;8;14;98662;47551;51.9;25.0
32;2021-06-07;103;418;98765;47969;52.0;25.2
32;2021-06-08;662;2540;99427;50509;52.3;26.6
32;2021-06-09;1191;1052;100618;51561;52.9;27.1
32;2021-06-10;683;1218;101301;52779;53.3;27.8
32;2021-06-11;927;661;102228;53440;53.8;28.1
32;2021-06-12;152;2679;102380;56119;53.9;29.5
32;2021-06-13;1;1;102381;56120;53.9;29.5
32;2021-06-14;527;208;102908;56328;54.2;29.6
32;2021-06-15;1727;1024;104635;57352;55.1;30.2
32;2021-06-16;849;2777;105484;60129;55.5;31.6
32;2021-06-17;858;829;106342;60958;56.0;32.1
32;2021-06-18;313;2722;106655;63680;56.1;33.5
32;2021-06-19;913;436;107568;64116;56.6;33.7
32;2021-06-20;5;13;107573;64129;56.6;33.7
32;2021-06-21;68;1994;107641;66123;56.6;34.8
32;2021-06-22;1040;963;108681;67086;57.2;35.3
32;2021-06-23;511;2184;109192;69270;57.5;36.5
32;2021-06-24;522;518;109714;69788;57.7;36.7
32;2021-06-25;482;2359;110196;72147;58.0;38.0
32;2021-06-26;107;171;110303;72318;58.0;38.1
32;2021-06-27;2;5;110305;72323;58.0;38.1
32;2021-06-28;626;602;110931;72925;58.4;38.4
32;2021-06-29;800;1984;111731;74909;58.8;39.4
32;2021-06-30;756;2721;112487;77630;59.2;40.8
32;2021-07-01;537;2637;113024;80267;59.5;42.2
32;2021-07-02;638;2334;113662;82601;59.8;43.5
32;2021-07-03;479;509;114141;83110;60.1;43.7
32;2021-07-04;1;12;114142;83122;60.1;43.7
32;2021-07-05;68;390;114210;83512;60.1;43.9
32;2021-07-06;869;2080;115079;85592;60.6;45.0
32;2021-07-07;775;2751;115854;88343;61.0;46.5
32;2021-07-08;473;2263;116327;90606;61.2;47.7
32;2021-07-09;608;2222;116935;92828;61.5;48.8
32;2021-07-10;532;520;117467;93348;61.8;49.1
32;2021-07-11;0;5;117467;93353;61.8;49.1
32;2021-07-12;522;1238;117989;94591;62.1;49.8
32;2021-07-13;1685;1813;119674;96404;63.0;50.7
32;2021-07-14;482;32;120156;96436;63.2;50.7
32;2021-07-15;2085;874;122241;97310;64.3;51.2
32;2021-07-16;1161;1904;123402;99214;64.9;52.2
32;2021-07-17;76;127;123478;99341;65.0;52.3
32;2021-07-18;2;5;123480;99346;65.0;52.3
32;2021-07-19;1987;145;125467;99491;66.0;52.4
32;2021-07-20;2022;1253;127489;100744;67.1;53.0
32;2021-07-21;1605;1676;129094;102420;67.9;53.9
32;2021-07-22;1942;493;131036;102913;69.0;54.2
32;2021-07-23;1396;1720;132432;104633;69.7;55.1
32;2021-07-24;138;119;132570;104752;69.8;55.1
32;2021-07-25;34;10;132604;104762;69.8;55.1
32;2021-07-26;1067;1054;133671;105816;70.3;55.7
32;2021-07-27;1713;2082;135384;107898;71.2;56.8
32;2021-07-28;677;972;136061;108870;71.6;57.3
33;2020-12-27;2;0;2;0;0.0;0.0
33;2020-12-28;1;0;3;0;0.0;0.0
33;2020-12-29;0;0;3;0;0.0;0.0
33;2020-12-30;0;0;3;0;0.0;0.0
33;2020-12-31;0;0;3;0;0.0;0.0
33;2021-01-01;0;0;3;0;0.0;0.0
33;2021-01-02;1;0;4;0;0.0;0.0
33;2021-01-03;0;0;4;0;0.0;0.0
33;2021-01-04;1;0;5;0;0.0;0.0
33;2021-01-05;0;0;5;0;0.0;0.0
33;2021-01-06;134;0;139;0;0.0;0.0
33;2021-01-07;1305;1;1444;1;0.1;0.0
33;2021-01-08;1199;2;2643;3;0.2;0.0
33;2021-01-09;296;1;2939;4;0.2;0.0
33;2021-01-10;229;0;3168;4;0.2;0.0
33;2021-01-11;625;0;3793;4;0.2;0.0
33;2021-01-12;1415;2;5208;6;0.3;0.0
33;2021-01-13;1313;8;6521;14;0.4;0.0
33;2021-01-14;1278;13;7799;27;0.5;0.0
33;2021-01-15;1596;9;9395;36;0.6;0.0
33;2021-01-16;565;8;9960;44;0.6;0.0
33;2021-01-17;406;4;10366;48;0.6;0.0
33;2021-01-18;1194;10;11560;58;0.7;0.0
33;2021-01-19;2919;4;14479;62;0.9;0.0
33;2021-01-20;3393;8;17872;70;1.1;0.0
33;2021-01-21;2854;5;20726;75;1.3;0.0
33;2021-01-22;2319;8;23045;83;1.4;0.0
33;2021-01-23;847;0;23892;83;1.5;0.0
33;2021-01-24;525;2;24417;85;1.5;0.0
33;2021-01-25;2167;61;26584;146;1.6;0.0
33;2021-01-26;2230;160;28814;306;1.8;0.0
33;2021-01-27;2248;210;31062;516;1.9;0.0
33;2021-01-28;2153;443;33215;959;2.0;0.1
33;2021-01-29;1815;694;35030;1653;2.1;0.1
33;2021-01-30;702;175;35732;1828;2.2;0.1
33;2021-01-31;387;157;36119;1985;2.2;0.1
33;2021-02-01;1456;654;37575;2639;2.3;0.2
33;2021-02-02;2641;1105;40216;3744;2.5;0.2
33;2021-02-03;2906;865;43122;4609;2.6;0.3
33;2021-02-04;4018;1350;47140;5959;2.9;0.4
33;2021-02-05;2186;1166;49326;7125;3.0;0.4
33;2021-02-06;642;201;49968;7326;3.1;0.4
33;2021-02-07;218;232;50186;7558;3.1;0.5
33;2021-02-08;1257;762;51443;8320;3.1;0.5
33;2021-02-09;1321;1692;52764;10012;3.2;0.6
33;2021-02-10;1259;1754;54023;11766;3.3;0.7
33;2021-02-11;1288;1449;55311;13215;3.4;0.8
33;2021-02-12;1115;1261;56426;14476;3.5;0.9
33;2021-02-13;199;294;56625;14770;3.5;0.9
33;2021-02-14;44;247;56669;15017;3.5;0.9
33;2021-02-15;689;1734;57358;16751;3.5;1.0
33;2021-02-16;804;2053;58162;18804;3.6;1.2
33;2021-02-17;666;2049;58828;20853;3.6;1.3
33;2021-02-18;898;2270;59726;23123;3.7;1.4
33;2021-02-19;916;2028;60642;25151;3.7;1.5
33;2021-02-20;77;660;60719;25811;3.7;1.6
33;2021-02-21;35;463;60754;26274;3.7;1.6
33;2021-02-22;702;1896;61456;28170;3.8;1.7
33;2021-02-23;1235;2750;62691;30920;3.8;1.9
33;2021-02-24;1360;2534;64051;33454;3.9;2.0
33;2021-02-25;2829;3761;66880;37215;4.1;2.3
33;2021-02-26;4054;2331;70934;39546;4.3;2.4
33;2021-02-27;1359;724;72293;40270;4.4;2.5
33;2021-02-28;123;521;72416;40791;4.4;2.5
33;2021-03-01;1530;1852;73946;42643;4.5;2.6
33;2021-03-02;2323;1747;76269;44390;4.7;2.7
33;2021-03-03;2296;1706;78565;46096;4.8;2.8
33;2021-03-04;3931;1671;82496;47767;5.1;2.9
33;2021-03-05;5752;1745;88248;49512;5.4;3.0
33;2021-03-06;3411;557;91659;50069;5.6;3.1
33;2021-03-07;738;158;92397;50227;5.7;3.1
33;2021-03-08;2708;1153;95105;51380;5.8;3.1
33;2021-03-09;4392;1336;99497;52716;6.1;3.2
33;2021-03-10;5113;1234;104610;53950;6.4;3.3
33;2021-03-11;7534;1224;112144;55174;6.9;3.4
33;2021-03-12;10105;1150;122249;56324;7.5;3.4
33;2021-03-13;5147;205;127396;56529;7.8;3.5
33;2021-03-14;710;22;128106;56551;7.8;3.5
33;2021-03-15;4435;680;132541;57231;8.1;3.5
33;2021-03-16;3580;874;136121;58105;8.3;3.6
33;2021-03-17;3626;937;139747;59042;8.6;3.6
33;2021-03-18;4030;1406;143777;60448;8.8;3.7
33;2021-03-19;6261;1011;150038;61459;9.2;3.8
33;2021-03-20;3359;96;153397;61555;9.4;3.8
33;2021-03-21;456;27;153853;61582;9.4;3.8
33;2021-03-22;4894;438;158747;62020;9.7;3.8
33;2021-03-23;6310;601;165057;62621;10.1;3.8
33;2021-03-24;7070;522;172127;63143;10.5;3.9
33;2021-03-25;8826;644;180953;63787;11.1;3.9
33;2021-03-26;10030;844;190983;64631;11.7;4.0
33;2021-03-27;3618;79;194601;64710;11.9;4.0
33;2021-03-28;576;32;195177;64742;11.9;4.0
33;2021-03-29;6760;692;201937;65434;12.4;4.0
33;2021-03-30;8088;1033;210025;66467;12.9;4.1
33;2021-03-31;7571;1056;217596;67523;13.3;4.1
33;2021-04-01;8804;1179;226400;68702;13.9;4.2
33;2021-04-02;8397;1540;234797;70242;14.4;4.3
33;2021-04-03;2829;521;237626;70763;14.5;4.3
33;2021-04-04;214;160;237840;70923;14.6;4.3
33;2021-04-05;687;122;238527;71045;14.6;4.3
33;2021-04-06;6045;2700;244572;73745;15.0;4.5
33;2021-04-07;7413;2559;251985;76304;15.4;4.7
33;2021-04-08;10317;2779;262302;79083;16.1;4.8
33;2021-04-09;12675;3077;274977;82160;16.8;5.0
33;2021-04-10;5345;1392;280322;83552;17.2;5.1
33;2021-04-11;1001;352;281323;83904;17.2;5.1
33;2021-04-12;7413;3275;288736;87179;17.7;5.3
33;2021-04-13;9306;3468;298042;90647;18.2;5.5
33;2021-04-14;9029;3630;307071;94277;18.8;5.8
33;2021-04-15;10081;3860;317152;98137;19.4;6.0
33;2021-04-16;9712;4227;326864;102364;20.0;6.3
33;2021-04-17;4651;1657;331515;104021;20.3;6.4
33;2021-04-18;927;414;332442;104435;20.4;6.4
33;2021-04-19;5604;3838;338046;108273;20.7;6.6
33;2021-04-20;7287;4251;345333;112524;21.1;6.9
33;2021-04-21;6592;4346;351925;116870;21.5;7.2
33;2021-04-22;7342;4463;359267;121333;22.0;7.4
33;2021-04-23;7690;4793;366957;126126;22.5;7.7
33;2021-04-24;4493;1800;371450;127926;22.7;7.8
33;2021-04-25;1647;418;373097;128344;22.8;7.9
33;2021-04-26;5257;5080;378354;133424;23.2;8.2
33;2021-04-27;6561;5592;384915;139016;23.6;8.5
33;2021-04-28;6771;5564;391686;144580;24.0;8.9
33;2021-04-29;8408;6217;400094;150797;24.5;9.2
33;2021-04-30;8728;6139;408822;156936;25.0;9.6
33;2021-05-01;2895;513;411717;157449;25.2;9.6
33;2021-05-02;1834;344;413551;157793;25.3;9.7
33;2021-05-03;7008;5222;420559;163015;25.7;10.0
33;2021-05-04;6824;6659;427383;169674;26.2;10.4
33;2021-05-05;7138;7566;434521;177240;26.6;10.9
33;2021-05-06;8697;8231;443218;185471;27.1;11.4
33;2021-05-07;8599;8906;451817;194377;27.7;11.9
33;2021-05-08;3541;1596;455358;195973;27.9;12.0
33;2021-05-09;1115;968;456473;196941;27.9;12.1
33;2021-05-10;6872;7289;463345;204230;28.4;12.5
33;2021-05-11;8635;7816;471980;212046;28.9;13.0
33;2021-05-12;9168;6686;481148;218732;29.5;13.4
33;2021-05-13;5205;2106;486353;220838;29.8;13.5
33;2021-05-14;8125;5359;494478;226197;30.3;13.8
33;2021-05-15;5172;2874;499650;229071;30.6;14.0
33;2021-05-16;1838;805;501488;229876;30.7;14.1
33;2021-05-17;8853;5091;510341;234967;31.2;14.4
33;2021-05-18;10609;4866;520950;239833;31.9;14.7
33;2021-05-19;10897;4780;531847;244613;32.6;15.0
33;2021-05-20;10895;5585;542742;250198;33.2;15.3
33;2021-05-21;10915;6260;553657;256458;33.9;15.7
33;2021-05-22;5113;2750;558770;259208;34.2;15.9
33;2021-05-23;1743;381;560513;259589;34.3;15.9
33;2021-05-24;5409;994;565922;260583;34.6;16.0
33;2021-05-25;9381;5767;575303;266350;35.2;16.3
33;2021-05-26;9676;6026;584979;272376;35.8;16.7
33;2021-05-27;10900;7720;595879;280096;36.5;17.1
33;2021-05-28;10063;9539;605942;289635;37.1;17.7
33;2021-05-29;5037;4109;610979;293744;37.4;18.0
33;2021-05-30;1700;665;612679;294409;37.5;18.0
33;2021-05-31;8551;6426;621230;300835;38.0;18.4
33;2021-06-01;11790;8723;633020;309558;38.8;19.0
33;2021-06-02;11709;8215;644729;317773;39.5;19.5
33;2021-06-03;12699;9188;657428;326961;40.2;20.0
33;2021-06-04;12926;10945;670354;337906;41.0;20.7
33;2021-06-05;5268;5062;675622;342968;41.4;21.0
33;2021-06-06;2522;1192;678144;344160;41.5;21.1
33;2021-06-07;9752;8486;687896;352646;42.1;21.6
33;2021-06-08;11929;9452;699825;362098;42.8;22.2
33;2021-06-09;11763;8530;711588;370628;43.6;22.7
33;2021-06-10;12940;8378;724528;379006;44.4;23.2
33;2021-06-11;12503;11181;737031;390187;45.1;23.9
33;2021-06-12;6180;4474;743211;394661;45.5;24.2
33;2021-06-13;2613;1279;745824;395940;45.7;24.2
33;2021-06-14;8574;10151;754398;406091;46.2;24.9
33;2021-06-15;12009;10265;766407;416356;46.9;25.5
33;2021-06-16;12029;8849;778436;425205;47.7;26.0
33;2021-06-17;13057;9607;791493;434812;48.5;26.6
33;2021-06-18;11765;11436;803258;446248;49.2;27.3
33;2021-06-19;5604;4811;808862;451059;49.5;27.6
33;2021-06-20;2938;1467;811800;452526;49.7;27.7
33;2021-06-21;7844;10156;819644;462682;50.2;28.3
33;2021-06-22;9022;11077;828666;473759;50.7;29.0
33;2021-06-23;8616;10833;837282;484592;51.3;29.7
33;2021-06-24;9699;9967;846981;494559;51.9;30.3
33;2021-06-25;8003;13709;854984;508268;52.3;31.1
33;2021-06-26;4326;5917;859310;514185;52.6;31.5
33;2021-06-27;2457;1957;861767;516142;52.8;31.6
33;2021-06-28;4857;12776;866624;528918;53.1;32.4
33;2021-06-29;6403;13643;873027;542561;53.4;33.2
33;2021-06-30;6619;13388;879646;555949;53.9;34.0
33;2021-07-01;7934;11806;887580;567755;54.3;34.8
33;2021-07-02;6756;15114;894336;582869;54.8;35.7
33;2021-07-03;3150;6774;897486;589643;54.9;36.1
33;2021-07-04;2055;2379;899541;592022;55.1;36.2
33;2021-07-05;4301;12914;903842;604936;55.3;37.0
33;2021-07-06;6077;14608;909919;619544;55.7;37.9
33;2021-07-07;6657;13053;916576;632597;56.1;38.7
33;2021-07-08;7862;12749;924438;645346;56.6;39.5
33;2021-07-09;6290;15106;930728;660452;57.0;40.4
33;2021-07-10;3059;7156;933787;667608;57.2;40.9
33;2021-07-11;1829;2299;935616;669907;57.3;41.0
33;2021-07-12;3875;14710;939491;684617;57.5;41.9
33;2021-07-13;7076;16104;946567;700721;57.9;42.9
33;2021-07-14;3652;5306;950219;706027;58.2;43.2
33;2021-07-15;7510;15960;957729;721987;58.6;44.2
33;2021-07-16;8462;15133;966191;737120;59.2;45.1
33;2021-07-17;3084;6424;969275;743544;59.3;45.5
33;2021-07-18;1677;3202;970952;746746;59.4;45.7
33;2021-07-19;5768;15096;976720;761842;59.8;46.6
33;2021-07-20;7350;16113;984070;777955;60.2;47.6
33;2021-07-21;8295;14525;992365;792480;60.8;48.5
33;2021-07-22;9279;15094;1001644;807574;61.3;49.4
33;2021-07-23;9553;16329;1011197;823903;61.9;50.4
33;2021-07-24;3789;7543;1014986;831446;62.1;50.9
33;2021-07-25;2079;2656;1017065;834102;62.3;51.1
33;2021-07-26;6855;13395;1023920;847497;62.7;51.9
33;2021-07-27;9932;13352;1033852;860849;63.3;52.7
33;2021-07-28;10774;11924;1044626;872773;64.0;53.4
34;2020-12-27;0;0;0;0;0.0;0.0
34;2020-12-28;1;0;1;0;0.0;0.0
34;2020-12-29;0;0;1;0;0.0;0.0
34;2020-12-30;0;0;1;0;0.0;0.0
34;2020-12-31;0;0;1;0;0.0;0.0
34;2021-01-01;1;0;2;0;0.0;0.0
34;2021-01-02;2;0;4;0;0.0;0.0
34;2021-01-03;0;0;4;0;0.0;0.0
34;2021-01-04;21;0;25;0;0.0;0.0
34;2021-01-05;106;1;131;1;0.0;0.0
34;2021-01-06;198;1;329;2;0.0;0.0
34;2021-01-07;363;0;692;2;0.1;0.0
34;2021-01-08;606;0;1298;2;0.1;0.0
34;2021-01-09;244;0;1542;2;0.1;0.0
34;2021-01-10;93;1;1635;3;0.1;0.0
34;2021-01-11;559;1;2194;4;0.2;0.0
34;2021-01-12;1006;1;3200;5;0.3;0.0
34;2021-01-13;1097;6;4297;11;0.4;0.0
34;2021-01-14;1946;13;6243;24;0.5;0.0
34;2021-01-15;1468;5;7711;29;0.7;0.0
34;2021-01-16;330;6;8041;35;0.7;0.0
34;2021-01-17;233;0;8274;35;0.7;0.0
34;2021-01-18;1124;4;9398;39;0.8;0.0
34;2021-01-19;1609;7;11007;46;0.9;0.0
34;2021-01-20;2061;6;13068;52;1.1;0.0
34;2021-01-21;4203;9;17271;61;1.5;0.0
34;2021-01-22;2547;8;19818;69;1.7;0.0
34;2021-01-23;598;1;20416;70;1.7;0.0
34;2021-01-24;2;0;20418;70;1.7;0.0
34;2021-01-25;1242;5;21660;75;1.8;0.0
34;2021-01-26;1458;21;23118;96;2.0;0.0
34;2021-01-27;1466;23;24584;119;2.1;0.0
34;2021-01-28;1390;124;25974;243;2.2;0.0
34;2021-01-29;1258;138;27232;381;2.3;0.0
34;2021-01-30;479;25;27711;406;2.4;0.0
34;2021-01-31;4;0;27715;406;2.4;0.0
34;2021-02-01;1027;253;28742;659;2.4;0.1
34;2021-02-02;1455;446;30197;1105;2.6;0.1
34;2021-02-03;2639;527;32836;1632;2.8;0.1
34;2021-02-04;2303;886;35139;2518;3.0;0.2
34;2021-02-05;1887;1185;37026;3703;3.1;0.3
34;2021-02-06;489;242;37515;3945;3.2;0.3
34;2021-02-07;31;108;37546;4053;3.2;0.3
34;2021-02-08;860;1067;38406;5120;3.3;0.4
34;2021-02-09;1031;1312;39437;6432;3.4;0.5
34;2021-02-10;1287;1515;40724;7947;3.5;0.7
34;2021-02-11;1776;2711;42500;10658;3.6;0.9
34;2021-02-12;1911;1646;44411;12304;3.8;1.0
34;2021-02-13;353;513;44764;12817;3.8;1.1
34;2021-02-14;22;287;44786;13104;3.8;1.1
34;2021-02-15;666;1213;45452;14317;3.9;1.2
34;2021-02-16;666;1535;46118;15852;3.9;1.3
34;2021-02-17;710;1533;46828;17385;4.0;1.5
34;2021-02-18;835;1500;47663;18885;4.1;1.6
34;2021-02-19;817;1231;48480;20116;4.1;1.7
34;2021-02-20;301;485;48781;20601;4.1;1.8
34;2021-02-21;61;18;48842;20619;4.2;1.8
34;2021-02-22;629;1317;49471;21936;4.2;1.9
34;2021-02-23;560;1485;50031;23421;4.3;2.0
34;2021-02-24;929;2339;50960;25760;4.3;2.2
34;2021-02-25;1599;2282;52559;28042;4.5;2.4
34;2021-02-26;1848;1622;54407;29664;4.6;2.5
34;2021-02-27;701;433;55108;30097;4.7;2.6
34;2021-02-28;86;64;55194;30161;4.7;2.6
34;2021-03-01;928;1167;56122;31328;4.8;2.7
34;2021-03-02;1588;1290;57710;32618;4.9;2.8
34;2021-03-03;1829;1411;59539;34029;5.1;2.9
34;2021-03-04;2858;1621;62397;35650;5.3;3.0
34;2021-03-05;3677;1541;66074;37191;5.6;3.2
34;2021-03-06;2639;201;68713;37392;5.8;3.2
34;2021-03-07;1242;74;69955;37466;5.9;3.2
34;2021-03-08;2775;1013;72730;38479;6.2;3.3
34;2021-03-09;4009;1452;76739;39931;6.5;3.4
34;2021-03-10;3990;1329;80729;41260;6.9;3.5
34;2021-03-11;5424;1284;86153;42544;7.3;3.6
34;2021-03-12;6490;917;92643;43461;7.9;3.7
34;2021-03-13;3130;173;95773;43634;8.1;3.7
34;2021-03-14;999;54;96772;43688;8.2;3.7
34;2021-03-15;3294;560;100066;44248;8.5;3.8
34;2021-03-16;2905;655;102971;44903;8.8;3.8
34;2021-03-17;3301;724;106272;45627;9.0;3.9
34;2021-03-18;3442;903;109714;46530;9.3;4.0
34;2021-03-19;4689;777;114403;47307;9.7;4.0
34;2021-03-20;3138;58;117541;47365;10.0;4.0
34;2021-03-21;1991;53;119532;47418;10.2;4.0
34;2021-03-22;3680;463;123212;47881;10.5;4.1
34;2021-03-23;4953;527;128165;48408;10.9;4.1
34;2021-03-24;5209;637;133374;49045;11.3;4.2
34;2021-03-25;7188;703;140562;49748;12.0;4.2
34;2021-03-26;7164;562;147726;50310;12.6;4.3
34;2021-03-27;2366;73;150092;50383;12.8;4.3
34;2021-03-28;697;15;150789;50398;12.8;4.3
34;2021-03-29;4177;750;154966;51148;13.2;4.3
34;2021-03-30;5214;961;160180;52109;13.6;4.4
34;2021-03-31;5063;1191;165243;53300;14.0;4.5
34;2021-04-01;7027;992;172270;54292;14.6;4.6
34;2021-04-02;5815;1168;178085;55460;15.1;4.7
34;2021-04-03;1137;85;179222;55545;15.2;4.7
34;2021-04-04;162;5;179384;55550;15.3;4.7
34;2021-04-05;428;26;179812;55576;15.3;4.7
34;2021-04-06;3129;2453;182941;58029;15.6;4.9
34;2021-04-07;3382;2641;186323;60670;15.8;5.2
34;2021-04-08;5246;2817;191569;63487;16.3;5.4
34;2021-04-09;8064;2483;199633;65970;17.0;5.6
34;2021-04-10;3165;1362;202798;67332;17.2;5.7
34;2021-04-11;1712;805;204510;68137;17.4;5.8
34;2021-04-12;4477;2519;208987;70656;17.8;6.0
34;2021-04-13;5235;3052;214222;73708;18.2;6.3
34;2021-04-14;5614;3227;219836;76935;18.7;6.5
34;2021-04-15;6988;3151;226824;80086;19.3;6.8
34;2021-04-16;6565;3154;233389;83240;19.8;7.1
34;2021-04-17;2369;2068;235758;85308;20.0;7.3
34;2021-04-18;989;1715;236747;87023;20.1;7.4
34;2021-04-19;3416;3129;240163;90152;20.4;7.7
34;2021-04-20;3762;3670;243925;93822;20.7;8.0
34;2021-04-21;4237;3715;248162;97537;21.1;8.3
34;2021-04-22;4482;4613;252644;102150;21.5;8.7
34;2021-04-23;5360;3511;258004;105661;21.9;9.0
34;2021-04-24;3160;1573;261164;107234;22.2;9.1
34;2021-04-25;1920;642;263084;107876;22.4;9.2
34;2021-04-26;4213;3474;267297;111350;22.7;9.5
34;2021-04-27;5124;4015;272421;115365;23.2;9.8
34;2021-04-28;5758;3540;278179;118905;23.7;10.1
34;2021-04-29;6417;3938;284596;122843;24.2;10.4
34;2021-04-30;7860;3288;292456;126131;24.9;10.7
34;2021-05-01;2403;499;294859;126630;25.1;10.8
34;2021-05-02;3257;316;298116;126946;25.3;10.8
34;2021-05-03;6572;2889;304688;129835;25.9;11.0
34;2021-05-04;7108;3789;311796;133624;26.5;11.4
34;2021-05-05;6495;4527;318291;138151;27.1;11.7
34;2021-05-06;6940;5208;325231;143359;27.7;12.2
34;2021-05-07;6922;5669;332153;149028;28.2;12.7
34;2021-05-08;3604;1163;335757;150191;28.5;12.8
34;2021-05-09;2176;1286;337933;151477;28.7;12.9
34;2021-05-10;5861;4799;343794;156276;29.2;13.3
34;2021-05-11;7413;5315;351207;161591;29.9;13.7
34;2021-05-12;7745;4461;358952;166052;30.5;14.1
34;2021-05-13;6118;773;365070;166825;31.0;14.2
34;2021-05-14;7481;3728;372551;170553;31.7;14.5
34;2021-05-15;4866;1683;377417;172236;32.1;14.6
34;2021-05-16;4945;456;382362;172692;32.5;14.7
34;2021-05-17;8690;1981;391052;174673;33.2;14.9
34;2021-05-18;9134;1965;400186;176638;34.0;15.0
34;2021-05-19;8621;1801;408807;178439;34.8;15.2
34;2021-05-20;8863;2503;417670;180942;35.5;15.4
34;2021-05-21;8778;3218;426448;184160;36.3;15.7
34;2021-05-22;5786;1146;432234;185306;36.8;15.8
34;2021-05-23;3881;542;436115;185848;37.1;15.8
34;2021-05-24;1897;853;438012;186701;37.2;15.9
34;2021-05-25;7138;3808;445150;190509;37.8;16.2
34;2021-05-26;8315;3017;453465;193526;38.6;16.5
34;2021-05-27;8318;4295;461783;197821;39.3;16.8
34;2021-05-28;8040;5440;469823;203261;39.9;17.3
34;2021-05-29;4002;3103;473825;206364;40.3;17.5
34;2021-05-30;1988;1392;475813;207756;40.5;17.7
34;2021-05-31;5876;5247;481689;213003;41.0;18.1
34;2021-06-01;6940;6107;488629;219110;41.5;18.6
34;2021-06-02;6125;5804;494754;224914;42.1;19.1
34;2021-06-03;7706;6491;502460;231405;42.7;19.7
34;2021-06-04;7652;7592;510112;238997;43.4;20.3
34;2021-06-05;4134;3670;514246;242667;43.7;20.6
34;2021-06-06;3267;1866;517513;244533;44.0;20.8
34;2021-06-07;4410;6760;521923;251293;44.4;21.4
34;2021-06-08;5854;6815;527777;258108;44.9;21.9
34;2021-06-09;5821;6821;533598;264929;45.4;22.5
34;2021-06-10;6308;6868;539906;271797;45.9;23.1
34;2021-06-11;5394;9268;545300;281065;46.4;23.9
34;2021-06-12;3168;4722;548468;285787;46.6;24.3
34;2021-06-13;1077;1904;549545;287691;46.7;24.5
34;2021-06-14;3439;7812;552984;295503;47.0;25.1
34;2021-06-15;3943;8787;556927;304290;47.4;25.9
34;2021-06-16;4598;7846;561525;312136;47.7;26.5
34;2021-06-17;4204;7955;565729;320091;48.1;27.2
34;2021-06-18;4336;9320;570065;329411;48.5;28.0
34;2021-06-19;2729;4399;572794;333810;48.7;28.4
34;2021-06-20;888;2870;573682;336680;48.8;28.6
34;2021-06-21;2162;8553;575844;345233;49.0;29.4
34;2021-06-22;2965;9406;578809;354639;49.2;30.2
34;2021-06-23;3503;8965;582312;363604;49.5;30.9
34;2021-06-24;3539;8671;585851;372275;49.8;31.7
34;2021-06-25;3329;10428;589180;382703;50.1;32.5
34;2021-06-26;1634;6191;590814;388894;50.2;33.1
34;2021-06-27;305;4269;591119;393163;50.3;33.4
34;2021-06-28;2254;9430;593373;402593;50.5;34.2
34;2021-06-29;2665;10289;596038;412882;50.7;35.1
34;2021-06-30;3252;9550;599290;422432;51.0;35.9
34;2021-07-01;3405;9437;602695;431869;51.2;36.7
34;2021-07-02;3328;9736;606023;441605;51.5;37.5
34;2021-07-03;1657;6167;607680;447772;51.7;38.1
34;2021-07-04;307;2764;607987;450536;51.7;38.3
34;2021-07-05;3176;7997;611163;458533;52.0;39.0
34;2021-07-06;3401;9169;614564;467702;52.3;39.8
34;2021-07-07;3218;8623;617782;476325;52.5;40.5
34;2021-07-08;4223;8834;622005;485159;52.9;41.2
34;2021-07-09;3873;9322;625878;494481;53.2;42.0
34;2021-07-10;2090;5699;627968;500180;53.4;42.5
34;2021-07-11;917;2574;628885;502754;53.5;42.7
34;2021-07-12;2821;8960;631706;511714;53.7;43.5
34;2021-07-13;4504;10000;636210;521714;54.1;44.4
34;2021-07-14;736;344;636946;522058;54.2;44.4
34;2021-07-15;5764;10347;642710;532405;54.6;45.3
34;2021-07-16;5675;10662;648385;543067;55.1;46.2
34;2021-07-17;4441;4383;652826;547450;55.5;46.5
34;2021-07-18;226;196;653052;547646;55.5;46.6
34;2021-07-19;5021;8279;658073;555925;56.0;47.3
34;2021-07-20;6746;8339;664819;564264;56.5;48.0
34;2021-07-21;7474;7750;672293;572014;57.2;48.6
34;2021-07-22;7344;8110;679637;580124;57.8;49.3
34;2021-07-23;7723;8074;687360;588198;58.4;50.0
34;2021-07-24;5964;2996;693324;591194;58.9;50.3
34;2021-07-25;3191;520;696515;591714;59.2;50.3
34;2021-07-26;6185;6388;702700;598102;59.7;50.9
34;2021-07-27;8292;5957;710992;604059;60.5;51.4
34;2021-07-28;9053;5796;720045;609855;61.2;51.9
35;2020-12-27;0;0;0;0;0.0;0.0
35;2020-12-28;0;0;0;0;0.0;0.0
35;2020-12-29;2;0;2;0;0.0;0.0
35;2020-12-30;0;0;2;0;0.0;0.0
35;2020-12-31;1;0;3;0;0.0;0.0
35;2021-01-01;2;0;5;0;0.0;0.0
35;2021-01-02;0;0;5;0;0.0;0.0
35;2021-01-03;0;0;5;0;0.0;0.0
35;2021-01-04;10;0;15;0;0.0;0.0
35;2021-01-05;108;0;123;0;0.0;0.0
35;2021-01-06;175;0;298;0;0.0;0.0
35;2021-01-07;438;1;736;1;0.1;0.0
35;2021-01-08;513;1;1249;2;0.1;0.0
35;2021-01-09;31;0;1280;2;0.1;0.0
35;2021-01-10;1;0;1281;2;0.1;0.0
35;2021-01-11;538;0;1819;2;0.2;0.0
35;2021-01-12;885;2;2704;4;0.2;0.0
35;2021-01-13;967;1;3671;5;0.3;0.0
35;2021-01-14;1259;18;4930;23;0.5;0.0
35;2021-01-15;728;2;5658;25;0.5;0.0
35;2021-01-16;186;2;5844;27;0.5;0.0
35;2021-01-17;43;0;5887;27;0.5;0.0
35;2021-01-18;1221;2;7108;29;0.7;0.0
35;2021-01-19;5369;10;12477;39;1.2;0.0
35;2021-01-20;3200;7;15677;46;1.4;0.0
35;2021-01-21;3625;5;19302;51;1.8;0.0
35;2021-01-22;2086;10;21388;61;2.0;0.0
35;2021-01-23;420;1;21808;62;2.0;0.0
35;2021-01-24;49;0;21857;62;2.0;0.0
35;2021-01-25;914;17;22771;79;2.1;0.0
35;2021-01-26;1127;137;23898;216;2.2;0.0
35;2021-01-27;1031;129;24929;345;2.3;0.0
35;2021-01-28;915;300;25844;645;2.4;0.1
35;2021-01-29;724;292;26568;937;2.5;0.1
35;2021-01-30;139;20;26707;957;2.5;0.1
35;2021-01-31;0;0;26707;957;2.5;0.1
35;2021-02-01;667;335;27374;1292;2.5;0.1
35;2021-02-02;723;489;28097;1781;2.6;0.2
35;2021-02-03;658;506;28755;2287;2.7;0.2
35;2021-02-04;589;657;29344;2944;2.7;0.3
35;2021-02-05;622;563;29966;3507;2.8;0.3
35;2021-02-06;165;5;30131;3512;2.8;0.3
35;2021-02-07;1;0;30132;3512;2.8;0.3
35;2021-02-08;447;659;30579;4171;2.8;0.4
35;2021-02-09;1713;3553;32292;7724;3.0;0.7
35;2021-02-10;1370;2708;33662;10432;3.1;1.0
35;2021-02-11;1918;3218;35580;13650;3.3;1.3
35;2021-02-12;1635;1742;37215;15392;3.4;1.4
35;2021-02-13;57;254;37272;15646;3.4;1.4
35;2021-02-14;7;68;37279;15714;3.4;1.5
35;2021-02-15;771;1103;38050;16817;3.5;1.6
35;2021-02-16;918;1029;38968;17846;3.6;1.6
35;2021-02-17;888;1100;39856;18946;3.7;1.8
35;2021-02-18;1015;1001;40871;19947;3.8;1.8
35;2021-02-19;1010;972;41881;20919;3.9;1.9
35;2021-02-20;142;49;42023;20968;3.9;1.9
35;2021-02-21;4;0;42027;20968;3.9;1.9
35;2021-02-22;772;834;42799;21802;4.0;2.0
35;2021-02-23;1286;864;44085;22666;4.1;2.1
35;2021-02-24;1403;818;45488;23484;4.2;2.2
35;2021-02-25;2243;780;47731;24264;4.4;2.2
35;2021-02-26;2597;734;50328;24998;4.7;2.3
35;2021-02-27;868;103;51196;25101;4.7;2.3
35;2021-02-28;7;0;51203;25101;4.7;2.3
35;2021-03-01;959;693;52162;25794;4.8;2.4
35;2021-03-02;1632;1995;53794;27789;5.0;2.6
35;2021-03-03;1907;967;55701;28756;5.1;2.7
35;2021-03-04;2914;1408;58615;30164;5.4;2.8
35;2021-03-05;3710;1329;62325;31493;5.8;2.9
35;2021-03-06;1338;86;63663;31579;5.9;2.9
35;2021-03-07;1;40;63664;31619;5.9;2.9
35;2021-03-08;1469;579;65133;32198;6.0;3.0
35;2021-03-09;3228;591;68361;32789;6.3;3.0
35;2021-03-10;2899;559;71260;33348;6.6;3.1
35;2021-03-11;4191;700;75451;34048;7.0;3.1
35;2021-03-12;6047;587;81498;34635;7.5;3.2
35;2021-03-13;2424;131;83922;34766;7.8;3.2
35;2021-03-14;18;25;83940;34791;7.8;3.2
35;2021-03-15;1964;667;85904;35458;7.9;3.3
35;2021-03-16;2500;726;88404;36184;8.2;3.3
35;2021-03-17;2389;599;90793;36783;8.4;3.4
35;2021-03-18;2329;594;93122;37377;8.6;3.5
35;2021-03-19;3541;497;96663;37874;8.9;3.5
35;2021-03-20;1536;111;98199;37985;9.1;3.5
35;2021-03-21;36;1;98235;37986;9.1;3.5
35;2021-03-22;1746;841;99981;38827;9.2;3.6
35;2021-03-23;3618;1178;103599;40005;9.6;3.7
35;2021-03-24;3724;986;107323;40991;9.9;3.8
35;2021-03-25;5330;984;112653;41975;10.4;3.9
35;2021-03-26;5839;804;118492;42779;11.0;4.0
35;2021-03-27;1414;205;119906;42984;11.1;4.0
35;2021-03-28;4;0;119910;42984;11.1;4.0
35;2021-03-29;2777;910;122687;43894;11.3;4.1
35;2021-03-30;4288;1330;126975;45224;11.7;4.2
35;2021-03-31;3466;1334;130441;46558;12.1;4.3
35;2021-04-01;4247;1227;134688;47785;12.4;4.4
35;2021-04-02;4860;1204;139548;48989;12.9;4.5
35;2021-04-03;762;214;140310;49203;13.0;4.5
35;2021-04-04;5;0;140315;49203;13.0;4.5
35;2021-04-05;18;1;140333;49204;13.0;4.5
35;2021-04-06;3269;2041;143602;51245;13.3;4.7
35;2021-04-07;3955;1844;147557;53089;13.6;4.9
35;2021-04-08;5803;1581;153360;54670;14.2;5.1
35;2021-04-09;7420;1405;160780;56075;14.9;5.2
35;2021-04-10;1858;248;162638;56323;15.0;5.2
35;2021-04-11;35;23;162673;56346;15.0;5.2
35;2021-04-12;5132;1596;167805;57942;15.5;5.4
35;2021-04-13;7612;2779;175417;60721;16.2;5.6
35;2021-04-14;6314;2292;181731;63013;16.8;5.8
35;2021-04-15;7559;2154;189290;65167;17.5;6.0
35;2021-04-16;8078;1734;197368;66901;18.2;6.2
35;2021-04-17;1569;217;198937;67118;18.4;6.2
35;2021-04-18;10;4;198947;67122;18.4;6.2
35;2021-04-19;4813;1670;203760;68792;18.8;6.4
35;2021-04-20;5157;2632;208917;71424;19.3;6.6
35;2021-04-21;5127;2198;214044;73622;19.8;6.8
35;2021-04-22;6419;2312;220463;75934;20.4;7.0
35;2021-04-23;6809;2345;227272;78279;21.0;7.2
35;2021-04-24;1126;261;228398;78540;21.1;7.3
35;2021-04-25;5;16;228403;78556;21.1;7.3
35;2021-04-26;5092;2148;233495;80704;21.6;7.5
35;2021-04-27;6083;3199;239578;83903;22.1;7.8
35;2021-04-28;6168;2555;245746;86458;22.7;8.0
35;2021-04-29;7113;2747;252859;89205;23.4;8.2
35;2021-04-30;7547;2527;260406;91732;24.1;8.5
35;2021-05-01;616;237;261022;91969;24.1;8.5
35;2021-05-02;12;21;261034;91990;24.1;8.5
35;2021-05-03;5307;2329;266341;94319;24.6;8.7
35;2021-05-04;5079;5337;271420;99656;25.1;9.2
35;2021-05-05;4875;4439;276295;104095;25.5;9.6
35;2021-05-06;6162;5265;282457;109360;26.1;10.1
35;2021-05-07;5613;5248;288070;114608;26.6;10.6
35;2021-05-08;1720;136;289790;114744;26.8;10.6
35;2021-05-09;695;75;290485;114819;26.8;10.6
35;2021-05-10;3712;4962;294197;119781;27.2;11.1
35;2021-05-11;4763;5798;298960;125579;27.6;11.6
35;2021-05-12;5280;5496;304240;131075;28.1;12.1
35;2021-05-13;2691;1427;306931;132502;28.4;12.2
35;2021-05-14;5456;4280;312387;136782;28.9;12.6
35;2021-05-15;2928;715;315315;137497;29.1;12.7
35;2021-05-16;995;60;316310;137557;29.2;12.7
35;2021-05-17;4478;3884;320788;141441;29.6;13.1
35;2021-05-18;5833;4321;326621;145762;30.2;13.5
35;2021-05-19;5860;3618;332481;149380;30.7;13.8
35;2021-05-20;6442;4010;338923;153390;31.3;14.2
35;2021-05-21;6128;4766;345051;158156;31.9;14.6
35;2021-05-22;2111;739;347162;158895;32.1;14.7
35;2021-05-23;688;46;347850;158941;32.1;14.7
35;2021-05-24;3204;1295;351054;160236;32.4;14.8
35;2021-05-25;5539;4273;356593;164509;33.0;15.2
35;2021-05-26;5720;4161;362313;168670;33.5;15.6
35;2021-05-27;6522;4777;368835;173447;34.1;16.0
35;2021-05-28;6329;5579;375164;179026;34.7;16.5
35;2021-05-29;2873;1148;378037;180174;34.9;16.7
35;2021-05-30;876;39;378913;180213;35.0;16.7
35;2021-05-31;6309;4387;385222;184600;35.6;17.1
35;2021-06-01;7363;5117;392585;189717;36.3;17.5
35;2021-06-02;7210;3787;399795;193504;36.9;17.9
35;2021-06-03;8152;4992;407947;198496;37.7;18.3
35;2021-06-04;7268;7464;415215;205960;38.4;19.0
35;2021-06-05;4140;1578;419355;207538;38.8;19.2
35;2021-06-06;3052;148;422407;207686;39.0;19.2
35;2021-06-07;5774;5769;428181;213455;39.6;19.7
35;2021-06-08;7591;5948;435772;219403;40.3;20.3
35;2021-06-09;8454;4817;444226;224220;41.1;20.7
35;2021-06-10;9336;4742;453562;228962;41.9;21.2
35;2021-06-11;8632;7470;462194;236432;42.7;21.8
35;2021-06-12;4686;1205;466880;237637;43.1;22.0
35;2021-06-13;3383;222;470263;237859;43.5;22.0
35;2021-06-14;6227;6512;476490;244371;44.0;22.6
35;2021-06-15;7498;6957;483988;251328;44.7;23.2
35;2021-06-16;8312;5622;492300;256950;45.5;23.7
35;2021-06-17;8859;5899;501159;262849;46.3;24.3
35;2021-06-18;8674;8098;509833;270947;47.1;25.0
35;2021-06-19;1498;2510;511331;273457;47.3;25.3
35;2021-06-20;2950;883;514281;274340;47.5;25.4
35;2021-06-21;5892;6372;520173;280712;48.1;25.9
35;2021-06-22;6780;7497;526953;288209;48.7;26.6
35;2021-06-23;7202;6141;534155;294350;49.4;27.2
35;2021-06-24;8308;5905;542463;300255;50.1;27.7
35;2021-06-25;6582;8464;549045;308719;50.7;28.5
35;2021-06-26;1098;3079;550143;311798;50.8;28.8
35;2021-06-27;2624;1025;552767;312823;51.1;28.9
35;2021-06-28;4261;7753;557028;320576;51.5;29.6
35;2021-06-29;5042;7976;562070;328552;51.9;30.4
35;2021-06-30;5551;7891;567621;336443;52.5;31.1
35;2021-07-01;6438;7546;574059;343989;53.1;31.8
35;2021-07-02;5292;9861;579351;353850;53.5;32.7
35;2021-07-03;1067;2845;580418;356695;53.6;33.0
35;2021-07-04;2142;1552;582560;358247;53.8;33.1
35;2021-07-05;3701;8212;586261;366459;54.2;33.9
35;2021-07-06;4711;9475;590972;375934;54.6;34.7
35;2021-07-07;4980;8338;595952;384272;55.1;35.5
35;2021-07-08;5283;8491;601235;392763;55.6;36.3
35;2021-07-09;3839;11544;605074;404307;55.9;37.4
35;2021-07-10;880;3147;605954;407454;56.0;37.7
35;2021-07-11;1290;2359;607244;409813;56.1;37.9
35;2021-07-12;3029;9159;610273;418972;56.4;38.7
35;2021-07-13;3937;10744;614210;429716;56.8;39.7
35;2021-07-14;2133;4450;616343;434166;57.0;40.1
35;2021-07-15;4235;10180;620578;444346;57.4;41.1
35;2021-07-16;4674;11001;625252;455347;57.8;42.1
35;2021-07-17;1967;4067;627219;459414;58.0;42.5
35;2021-07-18;841;2569;628060;461983;58.0;42.7
35;2021-07-19;3222;8981;631282;470964;58.3;43.5
35;2021-07-20;4174;10591;635456;481555;58.7;44.5
35;2021-07-21;4271;9372;639727;490927;59.1;45.4
35;2021-07-22;4783;9656;644510;500583;59.6;46.3
35;2021-07-23;4511;11002;649021;511585;60.0;47.3
35;2021-07-24;1580;4264;650601;515849;60.1;47.7
35;2021-07-25;809;2843;651410;518692;60.2;47.9
35;2021-07-26;3832;8731;655242;527423;60.6;48.7
35;2021-07-27;5123;9635;660365;537058;61.0;49.6
35;2021-07-28;5238;8651;665603;545709;61.5;50.4
36;2020-12-27;0;0;0;0;0.0;0.0
36;2020-12-28;0;0;0;0;0.0;0.0
36;2020-12-29;0;0;0;0;0.0;0.0
36;2020-12-30;0;0;0;0;0.0;0.0
36;2020-12-31;0;0;0;0;0.0;0.0
36;2021-01-01;0;0;0;0;0.0;0.0
36;2021-01-02;0;0;0;0;0.0;0.0
36;2021-01-03;0;0;0;0;0.0;0.0
36;2021-01-04;0;0;0;0;0.0;0.0
36;2021-01-05;0;0;0;0;0.0;0.0
36;2021-01-06;23;0;23;0;0.0;0.0
36;2021-01-07;51;0;74;0;0.0;0.0
36;2021-01-08;111;0;185;0;0.1;0.0
36;2021-01-09;83;0;268;0;0.1;0.0
36;2021-01-10;142;0;410;0;0.2;0.0
36;2021-01-11;238;1;648;1;0.3;0.0
36;2021-01-12;282;0;930;1;0.4;0.0
36;2021-01-13;198;1;1128;2;0.5;0.0
36;2021-01-14;505;4;1633;6;0.8;0.0
36;2021-01-15;179;1;1812;7;0.8;0.0
36;2021-01-16;24;0;1836;7;0.8;0.0
36;2021-01-17;17;2;1853;9;0.9;0.0
36;2021-01-18;613;5;2466;14;1.1;0.0
36;2021-01-19;1158;3;3624;17;1.7;0.0
36;2021-01-20;1096;3;4720;20;2.2;0.0
36;2021-01-21;720;0;5440;20;2.5;0.0
36;2021-01-22;856;4;6296;24;2.9;0.0
36;2021-01-23;295;0;6591;24;3.0;0.0
36;2021-01-24;185;1;6776;25;3.1;0.0
36;2021-01-25;640;5;7416;30;3.4;0.0
36;2021-01-26;609;1;8025;31;3.7;0.0
36;2021-01-27;847;18;8872;49;4.1;0.0
36;2021-01-28;477;47;9349;96;4.3;0.0
36;2021-01-29;573;98;9922;194;4.6;0.1
36;2021-01-30;288;73;10210;267;4.7;0.1
36;2021-01-31;115;136;10325;403;4.8;0.2
36;2021-02-01;378;100;10703;503;4.9;0.2
36;2021-02-02;410;175;11113;678;5.1;0.3
36;2021-02-03;471;264;11584;942;5.3;0.4
36;2021-02-04;275;280;11859;1222;5.5;0.6
36;2021-02-05;302;164;12161;1386;5.6;0.6
36;2021-02-06;0;0;12161;1386;5.6;0.6
36;2021-02-07;1;0;12162;1386;5.6;0.6
36;2021-02-08;280;259;12442;1645;5.7;0.8
36;2021-02-09;327;609;12769;2254;5.9;1.0
36;2021-02-10;487;658;13256;2912;6.1;1.3
36;2021-02-11;385;600;13641;3512;6.3;1.6
36;2021-02-12;301;461;13942;3973;6.4;1.8
36;2021-02-13;126;83;14068;4056;6.5;1.9
36;2021-02-14;22;45;14090;4101;6.5;1.9
36;2021-02-15;42;576;14132;4677;6.5;2.2
36;2021-02-16;105;419;14237;5096;6.6;2.3
36;2021-02-17;117;626;14354;5722;6.6;2.6
36;2021-02-18;162;620;14516;6342;6.7;2.9
36;2021-02-19;181;541;14697;6883;6.8;3.2
36;2021-02-20;85;239;14782;7122;6.8;3.3
36;2021-02-21;87;157;14869;7279;6.8;3.4
36;2021-02-22;162;507;15031;7786;6.9;3.6
36;2021-02-23;62;575;15093;8361;7.0;3.9
36;2021-02-24;112;682;15205;9043;7.0;4.2
36;2021-02-25;251;283;15456;9326;7.1;4.3
36;2021-02-26;339;474;15795;9800;7.3;4.5
36;2021-02-27;72;278;15867;10078;7.3;4.6
36;2021-02-28;14;97;15881;10175;7.3;4.7
36;2021-03-01;218;342;16099;10517;7.4;4.8
36;2021-03-02;352;362;16451;10879;7.6;5.0
36;2021-03-03;393;530;16844;11409;7.8;5.3
36;2021-03-04;662;357;17506;11766;8.1;5.4
36;2021-03-05;799;295;18305;12061;8.4;5.6
36;2021-03-06;410;16;18715;12077;8.6;5.6
36;2021-03-07;340;7;19055;12084;8.8;5.6
36;2021-03-08;251;315;19306;12399;8.9;5.7
36;2021-03-09;446;268;19752;12667;9.1;5.8
36;2021-03-10;722;409;20474;13076;9.4;6.0
36;2021-03-11;837;242;21311;13318;9.8;6.1
36;2021-03-12;1445;288;22756;13606;10.5;6.3
36;2021-03-13;573;123;23329;13729;10.7;6.3
36;2021-03-14;113;0;23442;13729;10.8;6.3
36;2021-03-15;648;157;24090;13886;11.1;6.4
36;2021-03-16;447;65;24537;13951;11.3;6.4
36;2021-03-17;764;88;25301;14039;11.7;6.5
36;2021-03-18;414;70;25715;14109;11.8;6.5
36;2021-03-19;738;39;26453;14148;12.2;6.5
36;2021-03-20;451;26;26904;14174;12.4;6.5
36;2021-03-21;0;0;26904;14174;12.4;6.5
36;2021-03-22;496;58;27400;14232;12.6;6.6
36;2021-03-23;777;56;28177;14288;13.0;6.6
36;2021-03-24;1088;73;29265;14361;13.5;6.6
36;2021-03-25;1333;88;30598;14449;14.1;6.7
36;2021-03-26;1419;151;32017;14600;14.7;6.7
36;2021-03-27;475;42;32492;14642;15.0;6.7
36;2021-03-28;68;57;32560;14699;15.0;6.8
36;2021-03-29;461;183;33021;14882;15.2;6.9
36;2021-03-30;582;264;33603;15146;15.5;7.0
36;2021-03-31;1262;168;34865;15314;16.1;7.1
36;2021-04-01;1084;428;35949;15742;16.6;7.2
36;2021-04-02;964;136;36913;15878;17.0;7.3
36;2021-04-03;282;175;37195;16053;17.1;7.4
36;2021-04-04;42;2;37237;16055;17.1;7.4
36;2021-04-05;15;46;37252;16101;17.2;7.4
36;2021-04-06;821;362;38073;16463;17.5;7.6
36;2021-04-07;1072;537;39145;17000;18.0;7.8
36;2021-04-08;1347;477;40492;17477;18.6;8.0
36;2021-04-09;1938;400;42430;17877;19.5;8.2
36;2021-04-10;591;240;43021;18117;19.8;8.3
36;2021-04-11;256;91;43277;18208;19.9;8.4
36;2021-04-12;849;561;44126;18769;20.3;8.6
36;2021-04-13;1138;519;45264;19288;20.8;8.9
36;2021-04-14;1581;860;46845;20148;21.6;9.3
36;2021-04-15;1653;467;48498;20615;22.3;9.5
36;2021-04-16;1488;466;49986;21081;23.0;9.7
36;2021-04-17;892;247;50878;21328;23.4;9.8
36;2021-04-18;383;7;51261;21335;23.6;9.8
36;2021-04-19;874;440;52135;21775;24.0;10.0
36;2021-04-20;1145;520;53280;22295;24.5;10.3
36;2021-04-21;1240;875;54520;23170;25.1;10.7
36;2021-04-22;1593;865;56113;24035;25.8;11.1
36;2021-04-23;1326;615;57439;24650;26.5;11.4
36;2021-04-24;678;379;58117;25029;26.8;11.5
36;2021-04-25;413;95;58530;25124;27.0;11.6
36;2021-04-26;1134;447;59664;25571;27.5;11.8
36;2021-04-27;1280;553;60944;26124;28.1;12.0
36;2021-04-28;1490;1061;62434;27185;28.8;12.5
36;2021-04-29;2015;704;64449;27889;29.7;12.8
36;2021-04-30;1553;453;66002;28342;30.4;13.1
36;2021-05-01;724;63;66726;28405;30.7;13.1
36;2021-05-02;498;61;67224;28466;31.0;13.1
36;2021-05-03;1292;306;68516;28772;31.6;13.3
36;2021-05-04;780;807;69296;29579;31.9;13.6
36;2021-05-05;1282;1307;70578;30886;32.5;14.2
36;2021-05-06;2138;793;72716;31679;33.5;14.6
36;2021-05-07;1468;764;74184;32443;34.2;14.9
36;2021-05-08;306;104;74490;32547;34.3;15.0
36;2021-05-09;175;343;74665;32890;34.4;15.1
36;2021-05-10;1215;813;75880;33703;34.9;15.5
36;2021-05-11;1723;1240;77603;34943;35.7;16.1
36;2021-05-12;1814;1479;79417;36422;36.6;16.8
36;2021-05-13;548;305;79965;36727;36.8;16.9
36;2021-05-14;700;1038;80665;37765;37.1;17.4
36;2021-05-15;635;591;81300;38356;37.4;17.7
36;2021-05-16;337;377;81637;38733;37.6;17.8
36;2021-05-17;614;944;82251;39677;37.9;18.3
36;2021-05-18;874;938;83125;40615;38.3;18.7
36;2021-05-19;1332;844;84457;41459;38.9;19.1
36;2021-05-20;1610;1209;86067;42668;39.6;19.7
36;2021-05-21;1106;1069;87173;43737;40.1;20.1
36;2021-05-22;678;342;87851;44079;40.5;20.3
36;2021-05-23;425;294;88276;44373;40.7;20.4
36;2021-05-24;504;468;88780;44841;40.9;20.7
36;2021-05-25;1045;685;89825;45526;41.4;21.0
36;2021-05-26;1473;1165;91298;46691;42.0;21.5
36;2021-05-27;1397;976;92695;47667;42.7;22.0
36;2021-05-28;921;1480;93616;49147;43.1;22.6
36;2021-05-29;700;507;94316;49654;43.4;22.9
36;2021-05-30;111;574;94427;50228;43.5;23.1
36;2021-05-31;1137;762;95564;50990;44.0;23.5
36;2021-06-01;1410;824;96974;51814;44.7;23.9
36;2021-06-02;2058;613;99032;52427;45.6;24.1
36;2021-06-03;1895;1198;100927;53625;46.5;24.7
36;2021-06-04;1773;1046;102700;54671;47.3;25.2
36;2021-06-05;690;657;103390;55328;47.6;25.5
36;2021-06-06;336;272;103726;55600;47.8;25.6
36;2021-06-07;983;809;104709;56409;48.2;26.0
36;2021-06-08;957;979;105666;57388;48.7;26.4
36;2021-06-09;1672;1068;107338;58456;49.4;26.9
36;2021-06-10;1533;1374;108871;59830;50.1;27.6
36;2021-06-11;1288;1499;110159;61329;50.7;28.2
36;2021-06-12;919;782;111078;62111;51.2;28.6
36;2021-06-13;343;270;111421;62381;51.3;28.7
36;2021-06-14;605;1269;112026;63650;51.6;29.3
36;2021-06-15;731;1216;112757;64866;51.9;29.9
36;2021-06-16;901;1518;113658;66384;52.3;30.6
36;2021-06-17;748;1905;114406;68289;52.7;31.4
36;2021-06-18;703;1881;115109;70170;53.0;32.3
36;2021-06-19;293;395;115402;70565;53.1;32.5
36;2021-06-20;235;325;115637;70890;53.3;32.6
36;2021-06-21;684;1450;116321;72340;53.6;33.3
36;2021-06-22;840;1550;117161;73890;54.0;34.0
36;2021-06-23;772;1793;117933;75683;54.3;34.9
36;2021-06-24;851;1522;118784;77205;54.7;35.6
36;2021-06-25;939;1222;119723;78427;55.1;36.1
36;2021-06-26;322;601;120045;79028;55.3;36.4
36;2021-06-27;105;267;120150;79295;55.3;36.5
36;2021-06-28;696;929;120846;80224;55.7;36.9
36;2021-06-29;682;1458;121528;81682;56.0;37.6
36;2021-06-30;827;2159;122355;83841;56.3;38.6
36;2021-07-01;350;1087;122705;84928;56.5;39.1
36;2021-07-02;738;1848;123443;86776;56.8;40.0
36;2021-07-03;465;884;123908;87660;57.1;40.4
36;2021-07-04;183;327;124091;87987;57.1;40.5
36;2021-07-05;493;1334;124584;89321;57.4;41.1
36;2021-07-06;490;1221;125074;90542;57.6;41.7
36;2021-07-07;581;1795;125655;92337;57.9;42.5
36;2021-07-08;540;1703;126195;94040;58.1;43.3
36;2021-07-09;777;1656;126972;95696;58.5;44.1
36;2021-07-10;464;1120;127436;96816;58.7;44.6
36;2021-07-11;256;154;127692;96970;58.8;44.7
36;2021-07-12;326;1631;128018;98601;59.0;45.4
36;2021-07-13;308;1938;128326;100539;59.1;46.3
36;2021-07-14;375;763;128701;101302;59.3;46.7
36;2021-07-15;912;2168;129613;103470;59.7;47.7
36;2021-07-16;625;1879;130238;105349;60.0;48.5
36;2021-07-17;396;859;130634;106208;60.2;48.9
36;2021-07-18;194;407;130828;106615;60.3;49.1
36;2021-07-19;549;1458;131377;108073;60.5;49.8
36;2021-07-20;776;1406;132153;109479;60.9;50.4
36;2021-07-21;703;1973;132856;111452;61.2;51.3
36;2021-07-22;1131;1685;133987;113137;61.7;52.1
36;2021-07-23;964;1743;134951;114880;62.1;52.9
36;2021-07-24;607;804;135558;115684;62.4;53.3
36;2021-07-25;147;402;135705;116086;62.5;53.5
36;2021-07-26;944;1083;136649;117169;62.9;54.0
36;2021-07-27;786;1342;137435;118511;63.3;54.6
36;2021-07-28;1369;1392;138804;119903;63.9;55.2
37;2020-12-27;0;0;0;0;0.0;0.0
37;2020-12-28;17;0;17;0;0.0;0.0
37;2020-12-29;10;0;27;0;0.0;0.0
37;2020-12-30;0;0;27;0;0.0;0.0
37;2020-12-31;0;0;27;0;0.0;0.0
37;2021-01-01;0;0;27;0;0.0;0.0
37;2021-01-02;0;0;27;0;0.0;0.0
37;2021-01-03;0;0;27;0;0.0;0.0
37;2021-01-04;21;0;48;0;0.0;0.0
37;2021-01-05;47;0;95;0;0.0;0.0
37;2021-01-06;79;0;174;0;0.0;0.0
37;2021-01-07;115;0;289;0;0.0;0.0
37;2021-01-08;442;0;731;0;0.1;0.0
37;2021-01-09;79;0;810;0;0.1;0.0
37;2021-01-10;83;0;893;0;0.1;0.0
37;2021-01-11;280;0;1173;0;0.2;0.0
37;2021-01-12;657;4;1830;4;0.3;0.0
37;2021-01-13;560;1;2390;5;0.4;0.0
37;2021-01-14;521;3;2911;8;0.5;0.0
37;2021-01-15;627;1;3538;9;0.6;0.0
37;2021-01-16;303;2;3841;11;0.6;0.0
37;2021-01-17;262;1;4103;12;0.7;0.0
37;2021-01-18;733;8;4836;20;0.8;0.0
37;2021-01-19;1244;10;6080;30;1.0;0.0
37;2021-01-20;1038;3;7118;33;1.2;0.0
37;2021-01-21;854;0;7972;33;1.3;0.0
37;2021-01-22;767;1;8739;34;1.4;0.0
37;2021-01-23;173;0;8912;34;1.5;0.0
37;2021-01-24;0;0;8912;34;1.5;0.0
37;2021-01-25;536;12;9448;46;1.6;0.0
37;2021-01-26;1812;65;11260;111;1.9;0.0
37;2021-01-27;1520;76;12780;187;2.1;0.0
37;2021-01-28;1528;92;14308;279;2.4;0.0
37;2021-01-29;631;309;14939;588;2.5;0.1
37;2021-01-30;202;63;15141;651;2.5;0.1
37;2021-01-31;15;65;15156;716;2.5;0.1
37;2021-02-01;332;200;15488;916;2.6;0.2
37;2021-02-02;523;529;16011;1445;2.6;0.2
37;2021-02-03;661;355;16672;1800;2.8;0.3
37;2021-02-04;546;411;17218;2211;2.8;0.4
37;2021-02-05;465;443;17683;2654;2.9;0.4
37;2021-02-06;189;2;17872;2656;3.0;0.4
37;2021-02-07;20;1;17892;2657;3.0;0.4
37;2021-02-08;331;329;18223;2986;3.0;0.5
37;2021-02-09;625;723;18848;3709;3.1;0.6
37;2021-02-10;663;513;19511;4222;3.2;0.7
37;2021-02-11;611;561;20122;4783;3.3;0.8
37;2021-02-12;489;553;20611;5336;3.4;0.9
37;2021-02-13;154;207;20765;5543;3.4;0.9
37;2021-02-14;1;71;20766;5614;3.4;0.9
37;2021-02-15;425;490;21191;6104;3.5;1.0
37;2021-02-16;842;1454;22033;7558;3.6;1.2
37;2021-02-17;633;1376;22666;8934;3.7;1.5
37;2021-02-18;903;1416;23569;10350;3.9;1.7
37;2021-02-19;795;840;24364;11190;4.0;1.8
37;2021-02-20;245;212;24609;11402;4.1;1.9
37;2021-02-21;5;1;24614;11403;4.1;1.9
37;2021-02-22;337;584;24951;11987;4.1;2.0
37;2021-02-23;604;631;25555;12618;4.2;2.1
37;2021-02-24;571;620;26126;13238;4.3;2.2
37;2021-02-25;874;613;27000;13851;4.5;2.3
37;2021-02-26;1114;579;28114;14430;4.6;2.4
37;2021-02-27;583;187;28697;14617;4.7;2.4
37;2021-02-28;23;0;28720;14617;4.7;2.4
37;2021-03-01;603;361;29323;14978;4.8;2.5
37;2021-03-02;1090;541;30413;15519;5.0;2.6
37;2021-03-03;970;548;31383;16067;5.2;2.7
37;2021-03-04;1603;478;32986;16545;5.4;2.7
37;2021-03-05;2128;554;35114;17099;5.8;2.8
37;2021-03-06;1166;210;36280;17309;6.0;2.9
37;2021-03-07;471;63;36751;17372;6.1;2.9
37;2021-03-08;666;404;37417;17776;6.2;2.9
37;2021-03-09;1651;706;39068;18482;6.5;3.1
37;2021-03-10;1607;744;40675;19226;6.7;3.2
37;2021-03-11;2045;695;42720;19921;7.1;3.3
37;2021-03-12;3207;465;45927;20386;7.6;3.4
37;2021-03-13;1951;190;47878;20576;7.9;3.4
37;2021-03-14;206;4;48084;20580;7.9;3.4
37;2021-03-15;1069;249;49153;20829;8.1;3.4
37;2021-03-16;1048;526;50201;21355;8.3;3.5
37;2021-03-17;934;276;51135;21631;8.4;3.6
37;2021-03-18;1031;525;52166;22156;8.6;3.7
37;2021-03-19;2216;335;54382;22491;9.0;3.7
37;2021-03-20;1331;139;55713;22630;9.2;3.7
37;2021-03-21;202;4;55915;22634;9.2;3.7
37;2021-03-22;1287;241;57202;22875;9.4;3.8
37;2021-03-23;2251;563;59453;23438;9.8;3.9
37;2021-03-24;2244;456;61697;23894;10.2;3.9
37;2021-03-25;2981;444;64678;24338;10.7;4.0
37;2021-03-26;3524;399;68202;24737;11.3;4.1
37;2021-03-27;1172;127;69374;24864;11.5;4.1
37;2021-03-28;139;1;69513;24865;11.5;4.1
37;2021-03-29;1603;341;71116;25206;11.7;4.2
37;2021-03-30;2522;622;73638;25828;12.2;4.3
37;2021-03-31;2045;483;75683;26311;12.5;4.3
37;2021-04-01;2600;968;78283;27279;12.9;4.5
37;2021-04-02;2813;658;81096;27937;13.4;4.6
37;2021-04-03;817;220;81913;28157;13.5;4.7
37;2021-04-04;102;1;82015;28158;13.5;4.7
37;2021-04-05;3;0;82018;28158;13.5;4.7
37;2021-04-06;2234;778;84252;28936;13.9;4.8
37;2021-04-07;3167;851;87419;29787;14.4;4.9
37;2021-04-08;4038;963;91457;30750;15.1;5.1
37;2021-04-09;4541;936;95998;31686;15.9;5.2
37;2021-04-10;1326;429;97324;32115;16.1;5.3
37;2021-04-11;104;1;97428;32116;16.1;5.3
37;2021-04-12;2640;671;100068;32787;16.5;5.4
37;2021-04-13;4112;1150;104180;33937;17.2;5.6
37;2021-04-14;3043;892;107223;34829;17.7;5.8
37;2021-04-15;3754;1009;110977;35838;18.3;5.9
37;2021-04-16;4357;1213;115334;37051;19.1;6.1
37;2021-04-17;1148;217;116482;37268;19.2;6.2
37;2021-04-18;96;3;116578;37271;19.3;6.2
37;2021-04-19;2481;848;119059;38119;19.7;6.3
37;2021-04-20;3235;1330;122294;39449;20.2;6.5
37;2021-04-21;2930;1153;125224;40602;20.7;6.7
37;2021-04-22;3455;1398;128679;42000;21.3;6.9
37;2021-04-23;3689;1804;132368;43804;21.9;7.2
37;2021-04-24;1006;386;133374;44190;22.0;7.3
37;2021-04-25;45;2;133419;44192;22.0;7.3
37;2021-04-26;2968;1331;136387;45523;22.5;7.5
37;2021-04-27;4181;1804;140568;47327;23.2;7.8
37;2021-04-28;3460;1940;144028;49267;23.8;8.1
37;2021-04-29;4580;2013;148608;51280;24.5;8.5
37;2021-04-30;5055;1981;153663;53261;25.4;8.8
37;2021-05-01;639;210;154302;53471;25.5;8.8
37;2021-05-02;103;15;154405;53486;25.5;8.8
37;2021-05-03;2670;1941;157075;55427;25.9;9.2
37;2021-05-04;3734;2700;160809;58127;26.6;9.6
37;2021-05-05;3497;2077;164306;60204;27.1;9.9
37;2021-05-06;4995;1945;169301;62149;28.0;10.3
37;2021-05-07;4686;2882;173987;65031;28.7;10.7
37;2021-05-08;533;312;174520;65343;28.8;10.8
37;2021-05-09;63;41;174583;65384;28.8;10.8
37;2021-05-10;2161;3489;176744;68873;29.2;11.4
37;2021-05-11;3865;3877;180609;72750;29.8;12.0
37;2021-05-12;4033;2536;184642;75286;30.5;12.4
37;2021-05-13;1136;517;185778;75803;30.7;12.5
37;2021-05-14;4045;2679;189823;78482;31.4;13.0
37;2021-05-15;2320;743;192143;79225;31.7;13.1
37;2021-05-16;22;71;192165;79296;31.7;13.1
37;2021-05-17;2764;2057;194929;81353;32.2;13.4
37;2021-05-18;3873;2356;198802;83709;32.8;13.8
37;2021-05-19;3494;1805;202296;85514;33.4;14.1
37;2021-05-20;4749;1775;207045;87289;34.2;14.4
37;2021-05-21;4525;2567;211570;89856;34.9;14.8
37;2021-05-22;1077;752;212647;90608;35.1;15.0
37;2021-05-23;71;89;212718;90697;35.1;15.0
37;2021-05-24;512;106;213230;90803;35.2;15.0
37;2021-05-25;5121;2175;218351;92978;36.1;15.4
37;2021-05-26;4929;2091;223280;95069;36.9;15.7
37;2021-05-27;5988;2369;229268;97438;37.9;16.1
37;2021-05-28;6023;3262;235291;100700;38.9;16.6
37;2021-05-29;1518;1167;236809;101867;39.1;16.8
37;2021-05-30;55;160;236864;102027;39.1;16.9
37;2021-05-31;3648;2528;240512;104555;39.7;17.3
37;2021-06-01;5843;3622;246355;108177;40.7;17.9
37;2021-06-02;5073;2450;251428;110627;41.5;18.3
37;2021-06-03;6086;2883;257514;113510;42.5;18.8
37;2021-06-04;5507;4201;263021;117711;43.4;19.4
37;2021-06-05;1855;1304;264876;119015;43.8;19.7
37;2021-06-06;49;196;264925;119211;43.8;19.7
37;2021-06-07;3019;4166;267944;123377;44.3;20.4
37;2021-06-08;4198;4655;272142;128032;45.0;21.1
37;2021-06-09;3884;3568;276026;131600;45.6;21.7
37;2021-06-10;5262;3618;281288;135218;46.5;22.3
37;2021-06-11;4975;4836;286263;140054;47.3;23.1
37;2021-06-12;3552;1348;289815;141402;47.9;23.4
37;2021-06-13;15;164;289830;141566;47.9;23.4
37;2021-06-14;2668;4041;292498;145607;48.3;24.1
37;2021-06-15;3897;4779;296395;150386;49.0;24.8
37;2021-06-16;3254;3599;299649;153985;49.5;25.4
37;2021-06-17;4000;4497;303649;158482;50.2;26.2
37;2021-06-18;4702;5071;308351;163553;50.9;27.0
37;2021-06-19;2515;1100;310866;164653;51.4;27.2
37;2021-06-20;8;183;310874;164836;51.4;27.2
37;2021-06-21;2416;3826;313290;168662;51.8;27.9
37;2021-06-22;2957;5011;316247;173673;52.2;28.7
37;2021-06-23;2613;3643;318860;177316;52.7;29.3
37;2021-06-24;2854;3542;321714;180858;53.1;29.9
37;2021-06-25;3293;4873;325007;185731;53.7;30.7
37;2021-06-26;1232;3085;326239;188816;53.9;31.2
37;2021-06-27;23;142;326262;188958;53.9;31.2
37;2021-06-28;1695;4510;327957;193468;54.2;32.0
37;2021-06-29;1886;6228;329843;199696;54.5;33.0
37;2021-06-30;1848;4440;331691;204136;54.8;33.7
37;2021-07-01;2090;4805;333781;208941;55.1;34.5
37;2021-07-02;2670;5592;336451;214533;55.6;35.4
37;2021-07-03;942;2139;337393;216672;55.7;35.8
37;2021-07-04;3;104;337396;216776;55.7;35.8
37;2021-07-05;1698;5153;339094;221929;56.0;36.7
37;2021-07-06;1988;6768;341082;228697;56.3;37.8
37;2021-07-07;1938;5470;343020;234167;56.7;38.7
37;2021-07-08;2438;6668;345458;240835;57.1;39.8
37;2021-07-09;1969;7643;347427;248478;57.4;41.0
37;2021-07-10;1010;2618;348437;251096;57.6;41.5
37;2021-07-11;25;96;348462;251192;57.6;41.5
37;2021-07-12;1117;5985;349579;257177;57.7;42.5
37;2021-07-13;1603;7826;351182;265003;58.0;43.8
37;2021-07-14;522;405;351704;265408;58.1;43.8
37;2021-07-15;2599;7488;354303;272896;58.5;45.1
37;2021-07-16;2753;7804;357056;280700;59.0;46.4
37;2021-07-17;1199;2442;358255;283142;59.2;46.8
37;2021-07-18;50;53;358305;283195;59.2;46.8
37;2021-07-19;1640;6128;359945;289323;59.5;47.8
37;2021-07-20;2900;7059;362845;296382;59.9;49.0
37;2021-07-21;2966;5771;365811;302153;60.4;49.9
37;2021-07-22;4026;6526;369837;308679;61.1;51.0
37;2021-07-23;3793;7098;373630;315777;61.7;52.2
37;2021-07-24;1772;3297;375402;319074;62.0;52.7
37;2021-07-25;65;77;375467;319151;62.0;52.7
37;2021-07-26;3226;4293;378693;323444;62.6;53.4
37;2021-07-27;4396;4920;383089;328364;63.3;54.2
37;2021-07-28;4063;3611;387152;331975;64.0;54.8
38;2020-12-27;0;0;0;0;0.0;0.0
38;2020-12-28;0;0;0;0;0.0;0.0
38;2020-12-29;0;0;0;0;0.0;0.0
38;2020-12-30;0;0;0;0;0.0;0.0
38;2020-12-31;5;0;5;0;0.0;0.0
38;2021-01-01;1;0;6;0;0.0;0.0
38;2021-01-02;0;0;6;0;0.0;0.0
38;2021-01-03;0;0;6;0;0.0;0.0
38;2021-01-04;162;0;168;0;0.0;0.0
38;2021-01-05;257;1;425;1;0.0;0.0
38;2021-01-06;364;0;789;1;0.1;0.0
38;2021-01-07;636;1;1425;2;0.1;0.0
38;2021-01-08;694;0;2119;2;0.2;0.0
38;2021-01-09;30;0;2149;2;0.2;0.0
38;2021-01-10;0;0;2149;2;0.2;0.0
38;2021-01-11;798;2;2947;4;0.2;0.0
38;2021-01-12;1468;2;4415;6;0.3;0.0
38;2021-01-13;1079;4;5494;10;0.4;0.0
38;2021-01-14;1676;15;7170;25;0.6;0.0
38;2021-01-15;1672;6;8842;31;0.7;0.0
38;2021-01-16;306;2;9148;33;0.7;0.0
38;2021-01-17;3;0;9151;33;0.7;0.0
38;2021-01-18;1176;4;10327;37;0.8;0.0
38;2021-01-19;2235;5;12562;42;1.0;0.0
38;2021-01-20;1877;3;14439;45;1.1;0.0
38;2021-01-21;1620;6;16059;51;1.3;0.0
38;2021-01-22;1396;7;17455;58;1.4;0.0
38;2021-01-23;379;3;17834;61;1.4;0.0
38;2021-01-24;1;0;17835;61;1.4;0.0
38;2021-01-25;788;108;18623;169;1.5;0.0
38;2021-01-26;854;184;19477;353;1.5;0.0
38;2021-01-27;1088;278;20565;631;1.6;0.0
38;2021-01-28;1154;478;21719;1109;1.7;0.1
38;2021-01-29;947;380;22666;1489;1.8;0.1
38;2021-01-30;304;1;22970;1490;1.8;0.1
38;2021-01-31;0;0;22970;1490;1.8;0.1
38;2021-02-01;703;598;23673;2088;1.9;0.2
38;2021-02-02;966;964;24639;3052;1.9;0.2
38;2021-02-03;1230;695;25869;3747;2.0;0.3
38;2021-02-04;1278;973;27147;4720;2.1;0.4
38;2021-02-05;1398;847;28545;5567;2.3;0.4
38;2021-02-06;187;95;28732;5662;2.3;0.4
38;2021-02-07;1;48;28733;5710;2.3;0.5
38;2021-02-08;859;798;29592;6508;2.3;0.5
38;2021-02-09;1539;1311;31131;7819;2.5;0.6
38;2021-02-10;1577;1282;32708;9101;2.6;0.7
38;2021-02-11;1869;1154;34577;10255;2.7;0.8
38;2021-02-12;1508;1124;36085;11379;2.9;0.9
38;2021-02-13;467;190;36552;11569;2.9;0.9
38;2021-02-14;1;7;36553;11576;2.9;0.9
38;2021-02-15;974;944;37527;12520;3.0;1.0
38;2021-02-16;1380;979;38907;13499;3.1;1.1
38;2021-02-17;1370;1067;40277;14566;3.2;1.2
38;2021-02-18;1781;1070;42058;15636;3.3;1.2
38;2021-02-19;1255;867;43313;16503;3.4;1.3
38;2021-02-20;470;312;43783;16815;3.5;1.3
38;2021-02-21;0;0;43783;16815;3.5;1.3
38;2021-02-22;1074;907;44857;17722;3.5;1.4
38;2021-02-23;1539;949;46396;18671;3.7;1.5
38;2021-02-24;1729;1130;48125;19801;3.8;1.6
38;2021-02-25;2493;1049;50618;20850;4.0;1.6
38;2021-02-26;3303;977;53921;21827;4.3;1.7
38;2021-02-27;1510;427;55431;22254;4.4;1.8
38;2021-02-28;33;2;55464;22256;4.4;1.8
38;2021-03-01;2493;774;57957;23030;4.6;1.8
38;2021-03-02;4046;1047;62003;24077;4.9;1.9
38;2021-03-03;3356;1227;65359;25304;5.2;2.0
38;2021-03-04;4478;1366;69837;26670;5.5;2.1
38;2021-03-05;5228;1190;75065;27860;5.9;2.2
38;2021-03-06;3040;254;78105;28114;6.2;2.2
38;2021-03-07;113;1;78218;28115;6.2;2.2
38;2021-03-08;2438;904;80656;29019;6.4;2.3
38;2021-03-09;4024;1302;84680;30321;6.7;2.4
38;2021-03-10;3498;1073;88178;31394;7.0;2.5
38;2021-03-11;5139;1512;93317;32906;7.4;2.6
38;2021-03-12;7086;1149;100403;34055;7.9;2.7
38;2021-03-13;3770;199;104173;34254;8.2;2.7
38;2021-03-14;544;12;104717;34266;8.3;2.7
38;2021-03-15;2698;1000;107415;35266;8.5;2.8
38;2021-03-16;2083;1370;109498;36636;8.7;2.9
38;2021-03-17;2025;1203;111523;37839;8.8;3.0
38;2021-03-18;2636;1363;114159;39202;9.0;3.1
38;2021-03-19;4004;1053;118163;40255;9.3;3.2
38;2021-03-20;1823;235;119986;40490;9.5;3.2
38;2021-03-21;129;8;120115;40498;9.5;3.2
38;2021-03-22;2860;1004;122975;41502;9.7;3.3
38;2021-03-23;4774;1493;127749;42995;10.1;3.4
38;2021-03-24;3708;1571;131457;44566;10.4;3.5
38;2021-03-25;5786;1533;137243;46099;10.8;3.6
38;2021-03-26;6599;1740;143842;47839;11.4;3.8
38;2021-03-27;2509;744;146351;48583;11.6;3.8
38;2021-03-28;926;40;147277;48623;11.6;3.8
38;2021-03-29;2672;1854;149949;50477;11.9;4.0
38;2021-03-30;4562;2545;154511;53022;12.2;4.2
38;2021-03-31;3658;2225;158169;55247;12.5;4.4
38;2021-04-01;5128;2495;163297;57742;12.9;4.6
38;2021-04-02;3866;2522;167163;60264;13.2;4.8
38;2021-04-03;1416;939;168579;61203;13.3;4.8
38;2021-04-04;426;46;169005;61249;13.4;4.8
38;2021-04-05;2170;330;171175;61579;13.5;4.9
38;2021-04-06;4342;2392;175517;63971;13.9;5.1
38;2021-04-07;4413;2724;179930;66695;14.2;5.3
38;2021-04-08;5643;2657;185573;69352;14.7;5.5
38;2021-04-09;8549;2716;194122;72068;15.3;5.7
38;2021-04-10;3597;1465;197719;73533;15.6;5.8
38;2021-04-11;1046;99;198765;73632;15.7;5.8
38;2021-04-12;4193;2251;202958;75883;16.0;6.0
38;2021-04-13;6120;2465;209078;78348;16.5;6.2
38;2021-04-14;5109;2452;214187;80800;16.9;6.4
38;2021-04-15;6357;2746;220544;83546;17.4;6.6
38;2021-04-16;6215;2722;226759;86268;17.9;6.8
38;2021-04-17;2587;985;229346;87253;18.1;6.9
38;2021-04-18;1333;72;230679;87325;18.2;6.9
38;2021-04-19;3943;2810;234622;90135;18.5;7.1
38;2021-04-20;5418;2835;240040;92970;19.0;7.3
38;2021-04-21;4978;2685;245018;95655;19.4;7.6
38;2021-04-22;5775;2812;250793;98467;19.8;7.8
38;2021-04-23;6026;2784;256819;101251;20.3;8.0
38;2021-04-24;2662;1340;259481;102591;20.5;8.1
38;2021-04-25;804;592;260285;103183;20.6;8.2
38;2021-04-26;4479;2452;264764;105635;20.9;8.4
38;2021-04-27;6037;2703;270801;108338;21.4;8.6
38;2021-04-28;6190;2483;276991;110821;21.9;8.8
38;2021-04-29;8325;3037;285316;113858;22.6;9.0
38;2021-04-30;7670;4032;292986;117890;23.2;9.3
38;2021-05-01;1540;196;294526;118086;23.3;9.3
38;2021-05-02;842;72;295368;118158;23.3;9.3
38;2021-05-03;5295;3573;300663;121731;23.8;9.6
38;2021-05-04;6185;5048;306848;126779;24.3;10.0
38;2021-05-05;6060;4579;312908;131358;24.7;10.4
38;2021-05-06;6711;5278;319619;136636;25.3;10.8
38;2021-05-07;7264;6424;326883;143060;25.8;11.3
38;2021-05-08;3726;709;330609;143769;26.1;11.4
38;2021-05-09;2849;1929;333458;145698;26.4;11.5
38;2021-05-10;6148;5275;339606;150973;26.8;11.9
38;2021-05-11;8218;5993;347824;156966;27.5;12.4
38;2021-05-12;9042;4668;356866;161634;28.2;12.8
38;2021-05-13;6632;1408;363498;163042;28.7;12.9
38;2021-05-14;9560;3407;373058;166449;29.5;13.2
38;2021-05-15;6850;1452;379908;167901;30.0;13.3
38;2021-05-16;5475;651;385383;168552;30.5;13.3
38;2021-05-17;7666;2976;393049;171528;31.1;13.6
38;2021-05-18;8616;4007;401665;175535;31.8;13.9
38;2021-05-19;8144;3334;409809;178869;32.4;14.1
38;2021-05-20;8972;4474;418781;183343;33.1;14.5
38;2021-05-21;9952;4585;428733;187928;33.9;14.9
38;2021-05-22;7448;1905;436181;189833;34.5;15.0
38;2021-05-23;5583;575;441764;190408;34.9;15.1
38;2021-05-24;7494;1617;449258;192025;35.5;15.2
38;2021-05-25;9537;4839;458795;196864;36.3;15.6
38;2021-05-26;8108;4711;466903;201575;36.9;15.9
38;2021-05-27;9127;5633;476030;207208;37.6;16.4
38;2021-05-28;8780;6475;484810;213683;38.3;16.9
38;2021-05-29;5814;3258;490624;216941;38.8;17.1
38;2021-05-30;2691;1596;493315;218537;39.0;17.3
38;2021-05-31;8264;5117;501579;223654;39.7;17.7
38;2021-06-01;7938;6410;509517;230064;40.3;18.2
38;2021-06-02;7131;5606;516648;235670;40.8;18.6
38;2021-06-03;7393;6820;524041;242490;41.4;19.2
38;2021-06-04;8113;7606;532154;250096;42.1;19.8
38;2021-06-05;5795;3939;537949;254035;42.5;20.1
38;2021-06-06;2501;1461;540450;255496;42.7;20.2
38;2021-06-07;5555;6854;546005;262350;43.2;20.7
38;2021-06-08;5874;7525;551879;269875;43.6;21.3
38;2021-06-09;5042;6461;556921;276336;44.0;21.8
38;2021-06-10;5422;6783;562343;283119;44.5;22.4
38;2021-06-11;5879;7780;568222;290899;44.9;23.0
38;2021-06-12;3947;3254;572169;294153;45.2;23.3
38;2021-06-13;1253;1304;573422;295457;45.3;23.4
38;2021-06-14;3868;7664;577290;303121;45.6;24.0
38;2021-06-15;5239;8140;582529;311261;46.1;24.6
38;2021-06-16;5119;7394;587648;318655;46.5;25.2
38;2021-06-17;4505;7059;592153;325714;46.8;25.7
38;2021-06-18;6028;9213;598181;334927;47.3;26.5
38;2021-06-19;3596;4962;601777;339889;47.6;26.9
38;2021-06-20;1039;2903;602816;342792;47.7;27.1
38;2021-06-21;3742;8693;606558;351485;48.0;27.8
38;2021-06-22;3781;10093;610339;361578;48.2;28.6
38;2021-06-23;3144;9554;613483;371132;48.5;29.3
38;2021-06-24;3366;8589;616849;379721;48.8;30.0
38;2021-06-25;3760;11484;620609;391205;49.1;30.9
38;2021-06-26;2210;7856;622819;399061;49.2;31.5
38;2021-06-27;1095;4354;623914;403415;49.3;31.9
38;2021-06-28;2942;10305;626856;413720;49.6;32.7
38;2021-06-29;3767;10434;630623;424154;49.9;33.5
38;2021-06-30;4031;9936;634654;434090;50.2;34.3
38;2021-07-01;3423;9011;638077;443101;50.4;35.0
38;2021-07-02;3530;11618;641607;454719;50.7;35.9
38;2021-07-03;1694;8783;643301;463502;50.9;36.6
38;2021-07-04;1195;3205;644496;466707;50.9;36.9
38;2021-07-05;2621;10538;647117;477245;51.2;37.7
38;2021-07-06;3309;10240;650426;487485;51.4;38.5
38;2021-07-07;3300;9399;653726;496884;51.7;39.3
38;2021-07-08;3442;8225;657168;505109;52.0;39.9
38;2021-07-09;3521;10745;660689;515854;52.2;40.8
38;2021-07-10;2330;7795;663019;523649;52.4;41.4
38;2021-07-11;747;2020;663766;525669;52.5;41.6
38;2021-07-12;3354;10655;667120;536324;52.7;42.4
38;2021-07-13;6481;10906;673601;547230;53.2;43.3
38;2021-07-14;4556;3325;678157;550555;53.6;43.5
38;2021-07-15;8589;9644;686746;560199;54.3;44.3
38;2021-07-16;8668;10674;695414;570873;55.0;45.1
38;2021-07-17;4652;7456;700066;578329;55.3;45.7
38;2021-07-18;2554;2484;702620;580813;55.5;45.9
38;2021-07-19;5762;9200;708382;590013;56.0;46.6
38;2021-07-20;6171;8282;714553;598295;56.5;47.3
38;2021-07-21;7798;8012;722351;606307;57.1;47.9
38;2021-07-22;7507;6967;729858;613274;57.7;48.5
38;2021-07-23;8845;8976;738703;622250;58.4;49.2
38;2021-07-24;5519;5502;744222;627752;58.8;49.6
38;2021-07-25;2809;1641;747031;629393;59.1;49.8
38;2021-07-26;7756;7467;754787;636860;59.7;50.3
38;2021-07-27;7450;6215;762237;643075;60.3;50.8
38;2021-07-28;8415;5627;770652;648702;60.9;51.3
39;2020-12-27;0;0;0;0;0.0;0.0
39;2020-12-28;0;0;0;0;0.0;0.0
39;2020-12-29;0;0;0;0;0.0;0.0
39;2020-12-30;0;0;0;0;0.0;0.0
39;2020-12-31;0;0;0;0;0.0;0.0
39;2021-01-01;0;0;0;0;0.0;0.0
39;2021-01-02;0;0;0;0;0.0;0.0
39;2021-01-03;0;0;0;0;0.0;0.0
39;2021-01-04;3;0;3;0;0.0;0.0
39;2021-01-05;3;0;6;0;0.0;0.0
39;2021-01-06;56;0;62;0;0.0;0.0
39;2021-01-07;330;2;392;2;0.2;0.0
39;2021-01-08;654;1;1046;3;0.4;0.0
39;2021-01-09;169;0;1215;3;0.5;0.0
39;2021-01-10;1;0;1216;3;0.5;0.0
39;2021-01-11;476;1;1692;4;0.7;0.0
39;2021-01-12;431;1;2123;5;0.8;0.0
39;2021-01-13;408;2;2531;7;1.0;0.0
39;2021-01-14;573;3;3104;10;1.2;0.0
39;2021-01-15;470;1;3574;11;1.4;0.0
39;2021-01-16;141;1;3715;12;1.4;0.0
39;2021-01-17;0;1;3715;13;1.4;0.0
39;2021-01-18;924;7;4639;20;1.8;0.0
39;2021-01-19;1181;4;5820;24;2.3;0.0
39;2021-01-20;905;5;6725;29;2.6;0.0
39;2021-01-21;1177;2;7902;31;3.1;0.0
39;2021-01-22;985;1;8887;32;3.4;0.0
39;2021-01-23;382;1;9269;33;3.6;0.0
39;2021-01-24;0;0;9269;33;3.6;0.0
39;2021-01-25;642;2;9911;35;3.8;0.0
39;2021-01-26;1120;12;11031;47;4.3;0.0
39;2021-01-27;925;17;11956;64;4.6;0.0
39;2021-01-28;740;244;12696;308;4.9;0.1
39;2021-01-29;582;423;13278;731;5.1;0.3
39;2021-01-30;265;109;13543;840;5.3;0.3
39;2021-01-31;1;0;13544;840;5.3;0.3
39;2021-02-01;562;262;14106;1102;5.5;0.4
39;2021-02-02;753;322;14859;1424;5.8;0.6
39;2021-02-03;531;516;15390;1940;6.0;0.8
39;2021-02-04;553;462;15943;2402;6.2;0.9
39;2021-02-05;438;431;16381;2833;6.4;1.1
39;2021-02-06;265;110;16646;2943;6.5;1.1
39;2021-02-07;0;1;16646;2944;6.5;1.1
39;2021-02-08;321;372;16967;3316;6.6;1.3
39;2021-02-09;383;485;17350;3801;6.7;1.5
39;2021-02-10;250;338;17600;4139;6.8;1.6
39;2021-02-11;586;510;18186;4649;7.1;1.8
39;2021-02-12;386;416;18572;5065;7.2;2.0
39;2021-02-13;98;69;18670;5134;7.2;2.0
39;2021-02-14;0;0;18670;5134;7.2;2.0
39;2021-02-15;99;759;18769;5893;7.3;2.3
39;2021-02-16;99;912;18868;6805;7.3;2.6
39;2021-02-17;58;695;18926;7500;7.3;2.9
39;2021-02-18;109;859;19035;8359;7.4;3.2
39;2021-02-19;100;487;19135;8846;7.4;3.4
39;2021-02-20;18;364;19153;9210;7.4;3.6
39;2021-02-21;0;0;19153;9210;7.4;3.6
39;2021-02-22;100;730;19253;9940;7.5;3.9
39;2021-02-23;4;764;19257;10704;7.5;4.2
39;2021-02-24;125;872;19382;11576;7.5;4.5
39;2021-02-25;212;751;19594;12327;7.6;4.8
39;2021-02-26;218;468;19812;12795;7.7;5.0
39;2021-02-27;169;298;19981;13093;7.7;5.1
39;2021-02-28;1;0;19982;13093;7.7;5.1
39;2021-03-01;218;639;20200;13732;7.8;5.3
39;2021-03-02;327;826;20527;14558;8.0;5.6
39;2021-03-03;600;523;21127;15081;8.2;5.8
39;2021-03-04;657;473;21784;15554;8.4;6.0
39;2021-03-05;670;326;22454;15880;8.7;6.2
39;2021-03-06;777;244;23231;16124;9.0;6.3
39;2021-03-07;242;80;23473;16204;9.1;6.3
39;2021-03-08;286;439;23759;16643;9.2;6.5
39;2021-03-09;843;454;24602;17097;9.5;6.6
39;2021-03-10;985;334;25587;17431;9.9;6.8
39;2021-03-11;828;460;26415;17891;10.2;6.9
39;2021-03-12;805;285;27220;18176;10.6;7.0
39;2021-03-13;788;100;28008;18276;10.9;7.1
39;2021-03-14;35;10;28043;18286;10.9;7.1
39;2021-03-15;512;92;28555;18378;11.1;7.1
39;2021-03-16;555;64;29110;18442;11.3;7.2
39;2021-03-17;612;52;29722;18494;11.5;7.2
39;2021-03-18;595;66;30317;18560;11.8;7.2
39;2021-03-19;393;70;30710;18630;11.9;7.2
39;2021-03-20;311;9;31021;18639;12.0;7.2
39;2021-03-21;3;0;31024;18639;12.0;7.2
39;2021-03-22;754;114;31778;18753;12.3;7.3
39;2021-03-23;1130;39;32908;18792;12.8;7.3
39;2021-03-24;1178;90;34086;18882;13.2;7.3
39;2021-03-25;2041;119;36127;19001;14.0;7.4
39;2021-03-26;797;110;36924;19111;14.3;7.4
39;2021-03-27;345;4;37269;19115;14.5;7.4
39;2021-03-28;36;4;37305;19119;14.5;7.4
39;2021-03-29;1037;190;38342;19309;14.9;7.5
39;2021-03-30;1401;263;39743;19572;15.4;7.6
39;2021-03-31;658;516;40401;20088;15.7;7.8
39;2021-04-01;1309;305;41710;20393;16.2;7.9
39;2021-04-02;625;130;42335;20523;16.4;8.0
39;2021-04-03;180;6;42515;20529;16.5;8.0
39;2021-04-04;4;1;42519;20530;16.5;8.0
39;2021-04-05;1;0;42520;20530;16.5;8.0
39;2021-04-06;824;631;43344;21161;16.8;8.2
39;2021-04-07;1129;674;44473;21835;17.2;8.5
39;2021-04-08;1789;564;46262;22399;17.9;8.7
39;2021-04-09;1676;284;47938;22683;18.6;8.8
39;2021-04-10;344;178;48282;22861;18.7;8.9
39;2021-04-11;2;0;48284;22861;18.7;8.9
39;2021-04-12;679;393;48963;23254;19.0;9.0
39;2021-04-13;1202;576;50165;23830;19.5;9.2
39;2021-04-14;844;635;51009;24465;19.8;9.5
39;2021-04-15;1480;708;52489;25173;20.4;9.8
39;2021-04-16;1090;171;53579;25344;20.8;9.8
39;2021-04-17;196;58;53775;25402;20.9;9.9
39;2021-04-18;0;0;53775;25402;20.9;9.9
39;2021-04-19;524;699;54299;26101;21.1;10.1
39;2021-04-20;765;541;55064;26642;21.4;10.3
39;2021-04-21;1142;715;56206;27357;21.8;10.6
39;2021-04-22;1012;1132;57218;28489;22.2;11.0
39;2021-04-23;458;357;57676;28846;22.4;11.2
39;2021-04-24;275;149;57951;28995;22.5;11.2
39;2021-04-25;12;2;57963;28997;22.5;11.2
39;2021-04-26;569;1032;58532;30029;22.7;11.6
39;2021-04-27;788;981;59320;31010;23.0;12.0
39;2021-04-28;1719;416;61039;31426;23.7;12.2
39;2021-04-29;2571;965;63610;32391;24.7;12.6
39;2021-04-30;2475;382;66085;32773;25.6;12.7
39;2021-05-01;41;53;66126;32826;25.6;12.7
39;2021-05-02;0;0;66126;32826;25.6;12.7
39;2021-05-03;917;805;67043;33631;26.0;13.0
39;2021-05-04;949;1127;67992;34758;26.4;13.5
39;2021-05-05;1952;886;69944;35644;27.1;13.8
39;2021-05-06;2425;1333;72369;36977;28.1;14.3
39;2021-05-07;1287;571;73656;37548;28.6;14.6
39;2021-05-08;179;55;73835;37603;28.6;14.6
39;2021-05-09;10;5;73845;37608;28.6;14.6
39;2021-05-10;1762;843;75607;38451;29.3;14.9
39;2021-05-11;1772;1510;77379;39961;30.0;15.5
39;2021-05-12;1800;1484;79179;41445;30.7;16.1
39;2021-05-13;246;23;79425;41468;30.8;16.1
39;2021-05-14;2392;327;81817;41795;31.7;16.2
39;2021-05-15;1848;256;83665;42051;32.4;16.3
39;2021-05-16;0;0;83665;42051;32.4;16.3
39;2021-05-17;1989;722;85654;42773;33.2;16.6
39;2021-05-18;1691;1182;87345;43955;33.9;17.0
39;2021-05-19;2496;555;89841;44510;34.8;17.3
39;2021-05-20;2467;753;92308;45263;35.8;17.6
39;2021-05-21;1798;561;94106;45824;36.5;17.8
39;2021-05-22;323;221;94429;46045;36.6;17.9
39;2021-05-23;7;36;94436;46081;36.6;17.9
39;2021-05-24;8;28;94444;46109;36.6;17.9
39;2021-05-25;1726;1196;96170;47305;37.3;18.3
39;2021-05-26;1642;1375;97812;48680;37.9;18.9
39;2021-05-27;1487;1621;99299;50301;38.5;19.5
39;2021-05-28;856;1216;100155;51517;38.8;20.0
39;2021-05-29;261;273;100416;51790;38.9;20.1
39;2021-05-30;2;40;100418;51830;38.9;20.1
39;2021-05-31;1626;1246;102044;53076;39.6;20.6
39;2021-06-01;1894;1317;103938;54393;40.3;21.1
39;2021-06-02;1702;1175;105640;55568;41.0;21.6
39;2021-06-03;1326;1159;106966;56727;41.5;22.0
39;2021-06-04;941;1068;107907;57795;41.8;22.4
39;2021-06-05;765;514;108672;58309;42.1;22.6
39;2021-06-06;1;36;108673;58345;42.1;22.6
39;2021-06-07;2104;913;110777;59258;43.0;23.0
39;2021-06-08;2210;1154;112987;60412;43.8;23.4
39;2021-06-09;1724;1242;114711;61654;44.5;23.9
39;2021-06-10;1614;2082;116325;63736;45.1;24.7
39;2021-06-11;1559;1271;117884;65007;45.7;25.2
39;2021-06-12;1263;346;119147;65353;46.2;25.3
39;2021-06-13;10;18;119157;65371;46.2;25.4
39;2021-06-14;1334;1894;120491;67265;46.7;26.1
39;2021-06-15;1380;1252;121871;68517;47.3;26.6
39;2021-06-16;1158;1539;123029;70056;47.7;27.2
39;2021-06-17;1042;1716;124071;71772;48.1;27.8
39;2021-06-18;1631;1176;125702;72948;48.8;28.3
39;2021-06-19;249;411;125951;73359;48.8;28.5
39;2021-06-20;1;18;125952;73377;48.8;28.5
39;2021-06-21;350;2495;126302;75872;49.0;29.4
39;2021-06-22;801;2291;127103;78163;49.3;30.3
39;2021-06-23;1163;1300;128266;79463;49.7;30.8
39;2021-06-24;723;1048;128989;80511;50.0;31.2
39;2021-06-25;679;2962;129668;83473;50.3;32.4
39;2021-06-26;204;1566;129872;85039;50.4;33.0
39;2021-06-27;0;0;129872;85039;50.4;33.0
39;2021-06-28;303;2746;130175;87785;50.5;34.0
39;2021-06-29;490;2700;130665;90485;50.7;35.1
39;2021-06-30;866;2417;131531;92902;51.0;36.0
39;2021-07-01;615;1939;132146;94841;51.2;36.8
39;2021-07-02;1072;1403;133218;96244;51.7;37.3
39;2021-07-03;538;524;133756;96768;51.9;37.5
39;2021-07-04;1;2;133757;96770;51.9;37.5
39;2021-07-05;576;2589;134333;99359;52.1;38.5
39;2021-07-06;819;1886;135152;101245;52.4;39.3
39;2021-07-07;579;1388;135731;102633;52.6;39.8
39;2021-07-08;689;905;136420;103538;52.9;40.2
39;2021-07-09;1075;1585;137495;105123;53.3;40.8
39;2021-07-10;736;475;138231;105598;53.6;41.0
39;2021-07-11;27;8;138258;105606;53.6;41.0
39;2021-07-12;558;2596;138816;108202;53.8;42.0
39;2021-07-13;1625;2645;140441;110847;54.5;43.0
39;2021-07-14;12;20;140453;110867;54.5;43.0
39;2021-07-15;1891;1837;142344;112704;55.2;43.7
39;2021-07-16;3214;2025;145558;114729;56.5;44.5
39;2021-07-17;2218;1142;147776;115871;57.3;44.9
39;2021-07-18;164;52;147940;115923;57.4;45.0
39;2021-07-19;1394;2953;149334;118876;57.9;46.1
39;2021-07-20;1832;2808;151166;121684;58.6;47.2
39;2021-07-21;2581;2572;153747;124256;59.6;48.2
39;2021-07-22;1931;1831;155678;126087;60.4;48.9
39;2021-07-23;1801;1911;157479;127998;61.1;49.6
39;2021-07-24;1397;1420;158876;129418;61.6;50.2
39;2021-07-25;0;1;158876;129419;61.6;50.2
39;2021-07-26;1319;1996;160195;131415;62.1;51.0
39;2021-07-27;2321;1888;162516;133303;63.0;51.7
39;2021-07-28;2668;1459;165184;134762;64.1;52.3
40;2020-12-27;0;0;0;0;0.0;0.0
40;2020-12-28;0;0;0;0;0.0;0.0
40;2020-12-29;0;0;0;0;0.0;0.0
40;2020-12-30;0;0;0;0;0.0;0.0
40;2020-12-31;0;0;0;0;0.0;0.0
40;2021-01-01;0;0;0;0;0.0;0.0
40;2021-01-02;0;0;0;0;0.0;0.0
40;2021-01-03;0;0;0;0;0.0;0.0
40;2021-01-04;0;0;0;0;0.0;0.0
40;2021-01-05;0;0;0;0;0.0;0.0
40;2021-01-06;1;0;1;0;0.0;0.0
40;2021-01-07;212;0;213;0;0.1;0.0
40;2021-01-08;392;2;605;2;0.1;0.0
40;2021-01-09;0;0;605;2;0.1;0.0
40;2021-01-10;1;0;606;2;0.1;0.0
40;2021-01-11;110;0;716;2;0.2;0.0
40;2021-01-12;0;0;716;2;0.2;0.0
40;2021-01-13;681;0;1397;2;0.3;0.0
40;2021-01-14;901;5;2298;7;0.6;0.0
40;2021-01-15;809;3;3107;10;0.8;0.0
40;2021-01-16;157;0;3264;10;0.8;0.0
40;2021-01-17;1;1;3265;11;0.8;0.0
40;2021-01-18;402;0;3667;11;0.9;0.0
40;2021-01-19;1204;2;4871;13;1.2;0.0
40;2021-01-20;878;2;5749;15;1.4;0.0
40;2021-01-21;1265;3;7014;18;1.7;0.0
40;2021-01-22;809;2;7823;20;1.9;0.0
40;2021-01-23;288;0;8111;20;2.0;0.0
40;2021-01-24;1;0;8112;20;2.0;0.0
40;2021-01-25;393;1;8505;21;2.1;0.0
40;2021-01-26;802;6;9307;27;2.3;0.0
40;2021-01-27;1118;12;10425;39;2.5;0.0
40;2021-01-28;704;118;11129;157;2.7;0.0
40;2021-01-29;602;228;11731;385;2.8;0.1
40;2021-01-30;234;3;11965;388;2.9;0.1
40;2021-01-31;1;0;11966;388;2.9;0.1
40;2021-02-01;358;132;12324;520;3.0;0.1
40;2021-02-02;923;52;13247;572;3.2;0.1
40;2021-02-03;891;297;14138;869;3.4;0.2
40;2021-02-04;1058;603;15196;1472;3.7;0.4
40;2021-02-05;793;421;15989;1893;3.9;0.5
40;2021-02-06;378;84;16367;1977;4.0;0.5
40;2021-02-07;10;0;16377;1977;4.0;0.5
40;2021-02-08;370;123;16747;2100;4.1;0.5
40;2021-02-09;809;540;17556;2640;4.3;0.6
40;2021-02-10;746;472;18302;3112;4.4;0.8
40;2021-02-11;738;684;19040;3796;4.6;0.9
40;2021-02-12;628;643;19668;4439;4.8;1.1
40;2021-02-13;399;94;20067;4533;4.9;1.1
40;2021-02-14;0;0;20067;4533;4.9;1.1
40;2021-02-15;48;386;20115;4919;4.9;1.2
40;2021-02-16;283;593;20398;5512;5.0;1.3
40;2021-02-17;360;895;20758;6407;5.0;1.6
40;2021-02-18;383;696;21141;7103;5.1;1.7
40;2021-02-19;143;645;21284;7748;5.2;1.9
40;2021-02-20;39;95;21323;7843;5.2;1.9
40;2021-02-21;1;66;21324;7909;5.2;1.9
40;2021-02-22;52;565;21376;8474;5.2;2.1
40;2021-02-23;179;835;21555;9309;5.2;2.3
40;2021-02-24;282;687;21837;9996;5.3;2.4
40;2021-02-25;725;997;22562;10993;5.5;2.7
40;2021-02-26;655;638;23217;11631;5.6;2.8
40;2021-02-27;384;101;23601;11732;5.7;2.8
40;2021-02-28;2;0;23603;11732;5.7;2.8
40;2021-03-01;418;508;24021;12240;5.8;3.0
40;2021-03-02;735;1042;24756;13282;6.0;3.2
40;2021-03-03;933;911;25689;14193;6.2;3.4
40;2021-03-04;1307;821;26996;15014;6.6;3.6
40;2021-03-05;1230;746;28226;15760;6.9;3.8
40;2021-03-06;864;394;29090;16154;7.1;3.9
40;2021-03-07;90;9;29180;16163;7.1;3.9
40;2021-03-08;838;500;30018;16663;7.3;4.0
40;2021-03-09;1504;641;31522;17304;7.7;4.2
40;2021-03-10;1746;699;33268;18003;8.1;4.4
40;2021-03-11;1983;692;35251;18695;8.6;4.5
40;2021-03-12;2047;549;37298;19244;9.1;4.7
40;2021-03-13;969;254;38267;19498;9.3;4.7
40;2021-03-14;98;0;38365;19498;9.3;4.7
40;2021-03-15;924;88;39289;19586;9.5;4.8
40;2021-03-16;986;268;40275;19854;9.8;4.8
40;2021-03-17;1574;342;41849;20196;10.2;4.9
40;2021-03-18;1559;334;43408;20530;10.5;5.0
40;2021-03-19;1806;146;45214;20676;11.0;5.0
40;2021-03-20;706;10;45920;20686;11.1;5.0
40;2021-03-21;52;1;45972;20687;11.2;5.0
40;2021-03-22;1173;30;47145;20717;11.4;5.0
40;2021-03-23;2322;165;49467;20882;12.0;5.1
40;2021-03-24;2323;227;51790;21109;12.6;5.1
40;2021-03-25;2763;374;54553;21483;13.2;5.2
40;2021-03-26;3120;203;57673;21686;14.0;5.3
40;2021-03-27;921;44;58594;21730;14.2;5.3
40;2021-03-28;178;47;58772;21777;14.3;5.3
40;2021-03-29;1151;381;59923;22158;14.5;5.4
40;2021-03-30;2296;381;62219;22539;15.1;5.5
40;2021-03-31;1999;297;64218;22836;15.6;5.5
40;2021-04-01;2403;326;66621;23162;16.2;5.6
40;2021-04-02;2360;216;68981;23378;16.7;5.7
40;2021-04-03;742;121;69723;23499;16.9;5.7
40;2021-04-04;362;8;70085;23507;17.0;5.7
40;2021-04-05;523;38;70608;23545;17.1;5.7
40;2021-04-06;2096;802;72704;24347;17.6;5.9
40;2021-04-07;2665;870;75369;25217;18.3;6.1
40;2021-04-08;3056;894;78425;26111;19.0;6.3
40;2021-04-09;3826;596;82251;26707;20.0;6.5
40;2021-04-10;1599;343;83850;27050;20.4;6.6
40;2021-04-11;51;5;83901;27055;20.4;6.6
40;2021-04-12;2176;730;86077;27785;20.9;6.7
40;2021-04-13;2567;1085;88644;28870;21.5;7.0
40;2021-04-14;2570;1374;91214;30244;22.1;7.3
40;2021-04-15;2980;1506;94194;31750;22.9;7.7
40;2021-04-16;2876;1185;97070;32935;23.6;8.0
40;2021-04-17;1464;346;98534;33281;23.9;8.1
40;2021-04-18;57;24;98591;33305;23.9;8.1
40;2021-04-19;1056;1016;99647;34321;24.2;8.3
40;2021-04-20;1618;1741;101265;36062;24.6;8.8
40;2021-04-21;1774;1738;103039;37800;25.0;9.2
40;2021-04-22;2113;1775;105152;39575;25.5;9.6
40;2021-04-23;2158;1390;107310;40965;26.0;9.9
40;2021-04-24;1325;621;108635;41586;26.4;10.1
40;2021-04-25;37;57;108672;41643;26.4;10.1
40;2021-04-26;1249;1133;109921;42776;26.7;10.4
40;2021-04-27;1484;2030;111405;44806;27.0;10.9
40;2021-04-28;2051;1364;113456;46170;27.5;11.2
40;2021-04-29;2604;1895;116060;48065;28.2;11.7
40;2021-04-30;2699;1613;118759;49678;28.8;12.1
40;2021-05-01;1225;778;119984;50456;29.1;12.2
40;2021-05-02;142;322;120126;50778;29.2;12.3
40;2021-05-03;1858;1498;121984;52276;29.6;12.7
40;2021-05-04;1881;2467;123865;54743;30.1;13.3
40;2021-05-05;2188;2671;126053;57414;30.6;13.9
40;2021-05-06;2233;2860;128286;60274;31.1;14.6
40;2021-05-07;1904;3007;130190;63281;31.6;15.4
40;2021-05-08;675;467;130865;63748;31.8;15.5
40;2021-05-09;316;20;131181;63768;31.8;15.5
40;2021-05-10;1399;2054;132580;65822;32.2;16.0
40;2021-05-11;2195;2510;134775;68332;32.7;16.6
40;2021-05-12;2731;1941;137506;70273;33.4;17.1
40;2021-05-13;1984;514;139490;70787;33.9;17.2
40;2021-05-14;2322;1653;141812;72440;34.4;17.6
40;2021-05-15;1339;962;143151;73402;34.7;17.8
40;2021-05-16;435;25;143586;73427;34.9;17.8
40;2021-05-17;2119;1313;145705;74740;35.4;18.1
40;2021-05-18;2510;1415;148215;76155;36.0;18.5
40;2021-05-19;2954;1098;151169;77253;36.7;18.8
40;2021-05-20;3584;1165;154753;78418;37.6;19.0
40;2021-05-21;2923;1330;157676;79748;38.3;19.4
40;2021-05-22;1146;796;158822;80544;38.6;19.6
40;2021-05-23;631;29;159453;80573;38.7;19.6
40;2021-05-24;1211;332;160664;80905;39.0;19.6
40;2021-05-25;2166;1301;162830;82206;39.5;20.0
40;2021-05-26;2613;1558;165443;83764;40.2;20.3
40;2021-05-27;2734;2008;168177;85772;40.8;20.8
40;2021-05-28;2570;2277;170747;88049;41.4;21.4
40;2021-05-29;1556;1252;172303;89301;41.8;21.7
40;2021-05-30;2;52;172305;89353;41.8;21.7
40;2021-05-31;2562;1205;174867;90558;42.4;22.0
40;2021-06-01;3011;1768;177878;92326;43.2;22.4
40;2021-06-02;3173;1985;181051;94311;43.9;22.9
40;2021-06-03;3591;2333;184642;96644;44.8;23.5
40;2021-06-04;3014;2804;187656;99448;45.5;24.1
40;2021-06-05;1778;1393;189434;100841;46.0;24.5
40;2021-06-06;458;78;189892;100919;46.1;24.5
40;2021-06-07;2184;2024;192076;102943;46.6;25.0
40;2021-06-08;2949;2099;195025;105042;47.3;25.5
40;2021-06-09;3211;2257;198236;107299;48.1;26.0
40;2021-06-10;2992;2090;201228;109389;48.8;26.6
40;2021-06-11;3137;2794;204365;112183;49.6;27.2
40;2021-06-12;1965;1635;206330;113818;50.1;27.6
40;2021-06-13;643;161;206973;113979;50.2;27.7
40;2021-06-14;1456;2496;208429;116475;50.6;28.3
40;2021-06-15;2233;2817;210662;119292;51.1;29.0
40;2021-06-16;2597;2454;213259;121746;51.8;29.6
40;2021-06-17;2429;2435;215688;124181;52.4;30.1
40;2021-06-18;2318;2908;218006;127089;52.9;30.8
40;2021-06-19;1796;1230;219802;128319;53.4;31.1
40;2021-06-20;344;275;220146;128594;53.4;31.2
40;2021-06-21;1389;2321;221535;130915;53.8;31.8
40;2021-06-22;1678;2995;223213;133910;54.2;32.5
40;2021-06-23;1597;3346;224810;137256;54.6;33.3
40;2021-06-24;1722;2378;226532;139634;55.0;33.9
40;2021-06-25;1750;3259;228282;142893;55.4;34.7
40;2021-06-26;1325;1709;229607;144602;55.7;35.1
40;2021-06-27;259;353;229866;144955;55.8;35.2
40;2021-06-28;1330;2822;231196;147777;56.1;35.9
40;2021-06-29;1698;3385;232894;151162;56.5;36.7
40;2021-06-30;1762;3636;234656;154798;57.0;37.6
40;2021-07-01;1699;3951;236355;158749;57.4;38.5
40;2021-07-02;1546;3815;237901;162564;57.7;39.5
40;2021-07-03;667;1922;238568;164486;57.9;39.9
40;2021-07-04;218;483;238786;164969;58.0;40.0
40;2021-07-05;1460;3020;240246;167989;58.3;40.8
40;2021-07-06;1743;3617;241989;171606;58.7;41.7
40;2021-07-07;1957;3848;243946;175454;59.2;42.6
40;2021-07-08;2055;3404;246001;178858;59.7;43.4
40;2021-07-09;1876;3941;247877;182799;60.2;44.4
40;2021-07-10;989;2158;248866;184957;60.4;44.9
40;2021-07-11;201;294;249067;185251;60.5;45.0
40;2021-07-12;1297;4044;250364;189295;60.8;45.9
40;2021-07-13;2402;4692;252766;193987;61.4;47.1
40;2021-07-14;2167;2050;254933;196037;61.9;47.6
40;2021-07-15;2811;4854;257744;200891;62.6;48.8
40;2021-07-16;3293;3939;261037;204830;63.4;49.7
40;2021-07-17;2096;2588;263133;207418;63.9;50.3
40;2021-07-18;465;540;263598;207958;64.0;50.5
40;2021-07-19;2552;3699;266150;211657;64.6;51.4
40;2021-07-20;3020;4050;269170;215707;65.3;52.4
40;2021-07-21;3177;3869;272347;219576;66.1;53.3
40;2021-07-22;3819;3920;276166;223496;67.0;54.2
40;2021-07-23;4056;4099;280222;227595;68.0;55.2
40;2021-07-24;2773;2091;282995;229686;68.7;55.8
40;2021-07-25;945;487;283940;230173;68.9;55.9
40;2021-07-26;2914;3071;286854;233244;69.6;56.6
40;2021-07-27;3475;3590;290329;236834;70.5;57.5
40;2021-07-28;3325;3378;293654;240212;71.3;58.3
41;2020-12-27;0;0;0;0;0.0;0.0
41;2020-12-28;0;0;0;0;0.0;0.0
41;2020-12-29;0;0;0;0;0.0;0.0
41;2020-12-30;0;0;0;0;0.0;0.0
41;2020-12-31;0;0;0;0;0.0;0.0
41;2021-01-01;0;0;0;0;0.0;0.0
41;2021-01-02;0;0;0;0;0.0;0.0
41;2021-01-03;0;0;0;0;0.0;0.0
41;2021-01-04;0;0;0;0;0.0;0.0
41;2021-01-05;35;0;35;0;0.0;0.0
41;2021-01-06;72;0;107;0;0.0;0.0
41;2021-01-07;21;0;128;0;0.0;0.0
41;2021-01-08;1;0;129;0;0.0;0.0
41;2021-01-09;0;0;129;0;0.0;0.0
41;2021-01-10;0;0;129;0;0.0;0.0
41;2021-01-11;133;0;262;0;0.1;0.0
41;2021-01-12;321;1;583;1;0.2;0.0
41;2021-01-13;270;0;853;1;0.3;0.0
41;2021-01-14;282;1;1135;2;0.3;0.0
41;2021-01-15;213;1;1348;3;0.4;0.0
41;2021-01-16;0;0;1348;3;0.4;0.0
41;2021-01-17;0;0;1348;3;0.4;0.0
41;2021-01-18;397;1;1745;4;0.5;0.0
41;2021-01-19;856;0;2601;4;0.8;0.0
41;2021-01-20;1055;1;3656;5;1.1;0.0
41;2021-01-21;1567;1;5223;6;1.6;0.0
41;2021-01-22;835;0;6058;6;1.8;0.0
41;2021-01-23;92;0;6150;6;1.9;0.0
41;2021-01-24;0;0;6150;6;1.9;0.0
41;2021-01-25;421;1;6571;7;2.0;0.0
41;2021-01-26;473;0;7044;7;2.1;0.0
41;2021-01-27;440;1;7484;8;2.3;0.0
41;2021-01-28;604;56;8088;64;2.5;0.0
41;2021-01-29;258;30;8346;94;2.5;0.0
41;2021-01-30;0;0;8346;94;2.5;0.0
41;2021-01-31;0;0;8346;94;2.5;0.0
41;2021-02-01;350;148;8696;242;2.7;0.1
41;2021-02-02;470;231;9166;473;2.8;0.1
41;2021-02-03;341;202;9507;675;2.9;0.2
41;2021-02-04;559;154;10066;829;3.1;0.3
41;2021-02-05;329;191;10395;1020;3.2;0.3
41;2021-02-06;4;0;10399;1020;3.2;0.3
41;2021-02-07;2;0;10401;1020;3.2;0.3
41;2021-02-08;306;311;10707;1331;3.3;0.4
41;2021-02-09;598;454;11305;1785;3.4;0.5
41;2021-02-10;486;695;11791;2480;3.6;0.8
41;2021-02-11;1065;1155;12856;3635;3.9;1.1
41;2021-02-12;688;354;13544;3989;4.1;1.2
41;2021-02-13;9;5;13553;3994;4.1;1.2
41;2021-02-14;0;27;13553;4021;4.1;1.2
41;2021-02-15;314;309;13867;4330;4.2;1.3
41;2021-02-16;354;564;14221;4894;4.3;1.5
41;2021-02-17;318;460;14539;5354;4.4;1.6
41;2021-02-18;617;318;15156;5672;4.6;1.7
41;2021-02-19;455;336;15611;6008;4.8;1.8
41;2021-02-20;68;58;15679;6066;4.8;1.9
41;2021-02-21;0;0;15679;6066;4.8;1.9
41;2021-02-22;310;421;15989;6487;4.9;2.0
41;2021-02-23;454;350;16443;6837;5.0;2.1
41;2021-02-24;281;442;16724;7279;5.1;2.2
41;2021-02-25;674;457;17398;7736;5.3;2.4
41;2021-02-26;629;253;18027;7989;5.5;2.4
41;2021-02-27;161;4;18188;7993;5.5;2.4
41;2021-02-28;2;31;18190;8024;5.5;2.4
41;2021-03-01;310;312;18500;8336;5.6;2.5
41;2021-03-02;646;414;19146;8750;5.8;2.7
41;2021-03-03;497;410;19643;9160;6.0;2.8
41;2021-03-04;782;836;20425;9996;6.2;3.0
41;2021-03-05;838;671;21263;10667;6.5;3.3
41;2021-03-06;715;18;21978;10685;6.7;3.3
41;2021-03-07;498;13;22476;10698;6.9;3.3
41;2021-03-08;297;377;22773;11075;6.9;3.4
41;2021-03-09;1042;449;23815;11524;7.3;3.5
41;2021-03-10;721;454;24536;11978;7.5;3.7
41;2021-03-11;1181;678;25717;12656;7.8;3.9
41;2021-03-12;1114;409;26831;13065;8.2;4.0
41;2021-03-13;1222;9;28053;13074;8.6;4.0
41;2021-03-14;392;3;28445;13077;8.7;4.0
41;2021-03-15;795;350;29240;13427;8.9;4.1
41;2021-03-16;1060;406;30300;13833;9.2;4.2
41;2021-03-17;587;241;30887;14074;9.4;4.3
41;2021-03-18;925;405;31812;14479;9.7;4.4
41;2021-03-19;911;331;32723;14810;10.0;4.5
41;2021-03-20;539;17;33262;14827;10.1;4.5
41;2021-03-21;1;0;33263;14827;10.1;4.5
41;2021-03-22;809;265;34072;15092;10.4;4.6
41;2021-03-23;1307;489;35379;15581;10.8;4.8
41;2021-03-24;1231;364;36610;15945;11.2;4.9
41;2021-03-25;2026;434;38636;16379;11.8;5.0
41;2021-03-26;1655;321;40291;16700;12.3;5.1
41;2021-03-27;452;56;40743;16756;12.4;5.1
41;2021-03-28;1;0;40744;16756;12.4;5.1
41;2021-03-29;938;305;41682;17061;12.7;5.2
41;2021-03-30;1497;591;43179;17652;13.2;5.4
41;2021-03-31;1146;474;44325;18126;13.5;5.5
41;2021-04-01;2250;556;46575;18682;14.2;5.7
41;2021-04-02;1241;470;47816;19152;14.6;5.8
41;2021-04-03;320;5;48136;19157;14.7;5.8
41;2021-04-04;36;0;48172;19157;14.7;5.8
41;2021-04-05;139;2;48311;19159;14.7;5.8
41;2021-04-06;1298;621;49609;19780;15.1;6.0
41;2021-04-07;1851;697;51460;20477;15.7;6.2
41;2021-04-08;2290;913;53750;21390;16.4;6.5
41;2021-04-09;2567;602;56317;21992;17.2;6.7
41;2021-04-10;950;495;57267;22487;17.5;6.9
41;2021-04-11;275;376;57542;22863;17.6;7.0
41;2021-04-12;1687;643;59229;23506;18.1;7.2
41;2021-04-13;2260;975;61489;24481;18.8;7.5
41;2021-04-14;1794;545;63283;25026;19.3;7.6
41;2021-04-15;2384;967;65667;25993;20.0;7.9
41;2021-04-16;1930;619;67597;26612;20.6;8.1
41;2021-04-17;647;134;68244;26746;20.8;8.2
41;2021-04-18;5;0;68249;26746;20.8;8.2
41;2021-04-19;1262;743;69511;27489;21.2;8.4
41;2021-04-20;2004;1199;71515;28688;21.8;8.8
41;2021-04-21;1502;908;73017;29596;22.3;9.0
41;2021-04-22;2235;1587;75252;31183;23.0;9.5
41;2021-04-23;1731;1072;76983;32255;23.5;9.8
41;2021-04-24;1543;276;78526;32531;24.0;9.9
41;2021-04-25;1007;19;79533;32550;24.3;9.9
41;2021-04-26;1356;625;80889;33175;24.7;10.1
41;2021-04-27;2094;1039;82983;34214;25.3;10.4
41;2021-04-28;1560;854;84543;35068;25.8;10.7
41;2021-04-29;2210;1371;86753;36439;26.5;11.1
41;2021-04-30;1961;856;88714;37295;27.1;11.4
41;2021-05-01;189;12;88903;37307;27.1;11.4
41;2021-05-02;107;17;89010;37324;27.2;11.4
41;2021-05-03;1867;889;90877;38213;27.7;11.7
41;2021-05-04;2094;1540;92971;39753;28.4;12.1
41;2021-05-05;1881;1189;94852;40942;28.9;12.5
41;2021-05-06;2448;1694;97300;42636;29.7;13.0
41;2021-05-07;2019;1795;99319;44431;30.3;13.6
41;2021-05-08;203;152;99522;44583;30.4;13.6
41;2021-05-09;10;354;99532;44937;30.4;13.7
41;2021-05-10;1589;1557;101121;46494;30.8;14.2
41;2021-05-11;2090;2097;103211;48591;31.5;14.8
41;2021-05-12;1952;1673;105163;50264;32.1;15.3
41;2021-05-13;1484;945;106647;51209;32.5;15.6
41;2021-05-14;1576;1304;108223;52513;33.0;16.0
41;2021-05-15;206;294;108429;52807;33.1;16.1
41;2021-05-16;4;0;108433;52807;33.1;16.1
41;2021-05-17;2483;561;110916;53368;33.8;16.3
41;2021-05-18;3138;1023;114054;54391;34.8;16.6
41;2021-05-19;2553;669;116607;55060;35.6;16.8
41;2021-05-20;3349;1151;119956;56211;36.6;17.1
41;2021-05-21;2724;966;122680;57177;37.4;17.4
41;2021-05-22;396;236;123076;57413;37.5;17.5
41;2021-05-23;6;2;123082;57415;37.5;17.5
41;2021-05-24;2605;145;125687;57560;38.3;17.6
41;2021-05-25;2989;575;128676;58135;39.3;17.7
41;2021-05-26;3038;644;131714;58779;40.2;17.9
41;2021-05-27;3297;1109;135011;59888;41.2;18.3
41;2021-05-28;3143;980;138154;60868;42.1;18.6
41;2021-05-29;2075;427;140229;61295;42.8;18.7
41;2021-05-30;342;21;140571;61316;42.9;18.7
41;2021-05-31;1711;1507;142282;62823;43.4;19.2
41;2021-06-01;2262;2013;144544;64836;44.1;19.8
41;2021-06-02;1831;1288;146375;66124;44.6;20.2
41;2021-06-03;2596;1941;148971;68065;45.4;20.8
41;2021-06-04;2306;1963;151277;70028;46.1;21.4
41;2021-06-05;611;1582;151888;71610;46.3;21.8
41;2021-06-06;108;927;151996;72537;46.4;22.1
41;2021-06-07;1517;1533;153513;74070;46.8;22.6
41;2021-06-08;1711;2414;155224;76484;47.3;23.3
41;2021-06-09;1615;1642;156839;78126;47.8;23.8
41;2021-06-10;1917;1818;158756;79944;48.4;24.4
41;2021-06-11;1571;1796;160327;81740;48.9;24.9
41;2021-06-12;663;649;160990;82389;49.1;25.1
41;2021-06-13;12;77;161002;82466;49.1;25.2
41;2021-06-14;1268;1964;162270;84430;49.5;25.8
41;2021-06-15;1834;2760;164104;87190;50.1;26.6
41;2021-06-16;1724;2309;165828;89499;50.6;27.3
41;2021-06-17;1811;2580;167639;92079;51.1;28.1
41;2021-06-18;1664;2397;169303;94476;51.6;28.8
41;2021-06-19;412;531;169715;95007;51.8;29.0
41;2021-06-20;11;32;169726;95039;51.8;29.0
41;2021-06-21;1322;1780;171048;96819;52.2;29.5
41;2021-06-22;1615;2565;172663;99384;52.7;30.3
41;2021-06-23;1374;2046;174037;101430;53.1;30.9
41;2021-06-24;1479;2313;175516;103743;53.5;31.6
41;2021-06-25;1294;2613;176810;106356;53.9;32.4
41;2021-06-26;433;613;177243;106969;54.1;32.6
41;2021-06-27;0;4;177243;106973;54.1;32.6
41;2021-06-28;403;2703;177646;109676;54.2;33.5
41;2021-06-29;664;3441;178310;113117;54.4;34.5
41;2021-06-30;549;3077;178859;116194;54.6;35.4
41;2021-07-01;767;3113;179626;119307;54.8;36.4
41;2021-07-02;588;3507;180214;122814;55.0;37.5
41;2021-07-03;158;648;180372;123462;55.0;37.7
41;2021-07-04;1;2;180373;123464;55.0;37.7
41;2021-07-05;287;2828;180660;126292;55.1;38.5
41;2021-07-06;665;3638;181325;129930;55.3;39.6
41;2021-07-07;478;3141;181803;133071;55.5;40.6
41;2021-07-08;942;3384;182745;136455;55.7;41.6
41;2021-07-09;528;3645;183273;140100;55.9;42.7
41;2021-07-10;246;2087;183519;142187;56.0;43.4
41;2021-07-11;6;281;183525;142468;56.0;43.5
41;2021-07-12;857;2297;184382;144765;56.2;44.2
41;2021-07-13;1194;3287;185576;148052;56.6;45.2
41;2021-07-14;140;1081;185716;149133;56.6;45.5
41;2021-07-15;1327;3324;187043;152457;57.1;46.5
41;2021-07-16;1087;3396;188130;155853;57.4;47.5
41;2021-07-17;340;806;188470;156659;57.5;47.8
41;2021-07-18;24;32;188494;156691;57.5;47.8
41;2021-07-19;1188;2316;189682;159007;57.9;48.5
41;2021-07-20;1637;2741;191319;161748;58.4;49.3
41;2021-07-21;1701;2087;193020;163835;58.9;50.0
41;2021-07-22;2258;2302;195278;166137;59.6;50.7
41;2021-07-23;2092;2473;197370;168610;60.2;51.4
41;2021-07-24;327;839;197697;169449;60.3;51.7
41;2021-07-25;17;23;197714;169472;60.3;51.7
41;2021-07-26;1895;1674;199609;171146;60.9;52.2
41;2021-07-27;2515;2326;202124;173472;61.7;52.9
41;2021-07-28;2143;1812;204267;175284;62.3;53.5
42;2020-12-27;1;0;1;0;0.0;0.0
42;2020-12-28;0;0;1;0;0.0;0.0
42;2020-12-29;0;0;1;0;0.0;0.0
42;2020-12-30;0;0;1;0;0.0;0.0
42;2020-12-31;0;0;1;0;0.0;0.0
42;2021-01-01;0;0;1;0;0.0;0.0
42;2021-01-02;0;0;1;0;0.0;0.0
42;2021-01-03;0;0;1;0;0.0;0.0
42;2021-01-04;0;0;1;0;0.0;0.0
42;2021-01-05;1;0;2;0;0.0;0.0
42;2021-01-06;178;1;180;1;0.0;0.0
42;2021-01-07;256;0;436;1;0.1;0.0
42;2021-01-08;262;1;698;2;0.1;0.0
42;2021-01-09;136;0;834;2;0.1;0.0
42;2021-01-10;0;0;834;2;0.1;0.0
42;2021-01-11;293;2;1127;4;0.1;0.0
42;2021-01-12;412;1;1539;5;0.2;0.0
42;2021-01-13;527;2;2066;7;0.3;0.0
42;2021-01-14;768;4;2834;11;0.4;0.0
42;2021-01-15;704;4;3538;15;0.5;0.0
42;2021-01-16;298;1;3836;16;0.5;0.0
42;2021-01-17;219;0;4055;16;0.5;0.0
42;2021-01-18;968;1;5023;17;0.7;0.0
42;2021-01-19;1328;10;6351;27;0.8;0.0
42;2021-01-20;955;4;7306;31;1.0;0.0
42;2021-01-21;983;5;8289;36;1.1;0.0
42;2021-01-22;991;4;9280;40;1.2;0.0
42;2021-01-23;401;0;9681;40;1.3;0.0
42;2021-01-24;358;0;10039;40;1.3;0.0
42;2021-01-25;1098;10;11137;50;1.5;0.0
42;2021-01-26;1742;19;12879;69;1.7;0.0
42;2021-01-27;1456;123;14335;192;1.9;0.0
42;2021-01-28;1663;140;15998;332;2.1;0.0
42;2021-01-29;944;117;16942;449;2.2;0.1
42;2021-01-30;256;115;17198;564;2.2;0.1
42;2021-01-31;258;2;17456;566;2.3;0.1
42;2021-02-01;726;62;18182;628;2.4;0.1
42;2021-02-02;1797;289;19979;917;2.6;0.1
42;2021-02-03;1514;484;21493;1401;2.8;0.2
42;2021-02-04;1283;612;22776;2013;3.0;0.3
42;2021-02-05;683;526;23459;2539;3.1;0.3
42;2021-02-06;303;148;23762;2687;3.1;0.4
42;2021-02-07;275;152;24037;2839;3.1;0.4
42;2021-02-08;508;628;24545;3467;3.2;0.5
42;2021-02-09;703;801;25248;4268;3.3;0.6
42;2021-02-10;738;689;25986;4957;3.4;0.6
42;2021-02-11;765;673;26751;5630;3.5;0.7
42;2021-02-12;675;753;27426;6383;3.6;0.8
42;2021-02-13;426;302;27852;6685;3.6;0.9
42;2021-02-14;186;229;28038;6914;3.7;0.9
42;2021-02-15;520;818;28558;7732;3.7;1.0
42;2021-02-16;488;1247;29046;8979;3.8;1.2
42;2021-02-17;518;1536;29564;10515;3.9;1.4
42;2021-02-18;754;1379;30318;11894;4.0;1.6
42;2021-02-19;766;1015;31084;12909;4.1;1.7
42;2021-02-20;247;411;31331;13320;4.1;1.7
42;2021-02-21;63;328;31394;13648;4.1;1.8
42;2021-02-22;574;966;31968;14614;4.2;1.9
42;2021-02-23;1197;1415;33165;16029;4.3;2.1
42;2021-02-24;1233;1219;34398;17248;4.5;2.3
42;2021-02-25;1666;1411;36064;18659;4.7;2.4
42;2021-02-26;1644;908;37708;19567;4.9;2.6
42;2021-02-27;580;293;38288;19860;5.0;2.6
42;2021-02-28;167;126;38455;19986;5.0;2.6
42;2021-03-01;815;846;39270;20832;5.1;2.7
42;2021-03-02;1273;810;40543;21642;5.3;2.8
42;2021-03-03;1366;793;41909;22435;5.5;2.9
42;2021-03-04;1704;698;43613;23133;5.7;3.0
42;2021-03-05;2626;650;46239;23783;6.0;3.1
42;2021-03-06;1932;249;48171;24032;6.3;3.1
42;2021-03-07;1492;78;49663;24110;6.5;3.2
42;2021-03-08;1403;501;51066;24611;6.7;3.2
42;2021-03-09;1983;436;53049;25047;6.9;3.3
42;2021-03-10;2053;484;55102;25531;7.2;3.3
42;2021-03-11;3046;586;58148;26117;7.6;3.4
42;2021-03-12;3006;808;61154;26925;8.0;3.5
42;2021-03-13;1479;345;62633;27270;8.2;3.6
42;2021-03-14;472;174;63105;27444;8.3;3.6
42;2021-03-15;1571;590;64676;28034;8.5;3.7
42;2021-03-16;1470;771;66146;28805;8.6;3.8
42;2021-03-17;1715;1058;67861;29863;8.9;3.9
42;2021-03-18;1805;1019;69666;30882;9.1;4.0
42;2021-03-19;2562;663;72228;31545;9.4;4.1
42;2021-03-20;1671;219;73899;31764;9.7;4.2
42;2021-03-21;527;94;74426;31858;9.7;4.2
42;2021-03-22;1428;732;75854;32590;9.9;4.3
42;2021-03-23;2506;837;78360;33427;10.2;4.4
42;2021-03-24;2783;773;81143;34200;10.6;4.5
42;2021-03-25;3721;925;84864;35125;11.1;4.6
42;2021-03-26;3759;765;88623;35890;11.6;4.7
42;2021-03-27;1803;430;90426;36320;11.8;4.7
42;2021-03-28;1040;199;91466;36519;12.0;4.8
42;2021-03-29;2062;912;93528;37431;12.2;4.9
42;2021-03-30;3144;848;96672;38279;12.6;5.0
42;2021-03-31;2441;1052;99113;39331;13.0;5.1
42;2021-04-01;3389;1030;102502;40361;13.4;5.3
42;2021-04-02;2849;1209;105351;41570;13.8;5.4
42;2021-04-03;1416;597;106767;42167;14.0;5.5
42;2021-04-04;1400;384;108167;42551;14.1;5.6
42;2021-04-05;1900;282;110067;42833;14.4;5.6
42;2021-04-06;2292;1392;112359;44225;14.7;5.8
42;2021-04-07;2755;1806;115114;46031;15.1;6.0
42;2021-04-08;4021;1578;119135;47609;15.6;6.2
42;2021-04-09;5123;1512;124258;49121;16.2;6.4
42;2021-04-10;2586;744;126844;49865;16.6;6.5
42;2021-04-11;1955;415;128799;50280;16.8;6.6
42;2021-04-12;3691;1528;132490;51808;17.3;6.8
42;2021-04-13;4657;1783;137147;53591;17.9;7.0
42;2021-04-14;4311;1883;141458;55474;18.5;7.3
42;2021-04-15;4801;1789;146259;57263;19.1;7.5
42;2021-04-16;4615;1854;150874;59117;19.7;7.7
42;2021-04-17;2977;1063;153851;60180;20.1;7.9
42;2021-04-18;1883;410;155734;60590;20.4;7.9
42;2021-04-19;3090;1527;158824;62117;20.8;8.1
42;2021-04-20;3467;1928;162291;64045;21.2;8.4
42;2021-04-21;3470;1734;165761;65779;21.7;8.6
42;2021-04-22;3767;1934;169528;67713;22.2;8.9
42;2021-04-23;3833;1992;173361;69705;22.7;9.1
42;2021-04-24;2356;1508;175717;71213;23.0;9.3
42;2021-04-25;1656;941;177373;72154;23.2;9.4
42;2021-04-26;3274;1717;180647;73871;23.6;9.7
42;2021-04-27;3256;2193;183903;76064;24.0;9.9
42;2021-04-28;3463;2611;187366;78675;24.5;10.3
42;2021-04-29;3770;2795;191136;81470;25.0;10.7
42;2021-04-30;3360;3026;194496;84496;25.4;11.0
42;2021-05-01;2970;1037;197466;85533;25.8;11.2
42;2021-05-02;1934;1253;199400;86786;26.1;11.3
42;2021-05-03;2869;2760;202269;89546;26.4;11.7
42;2021-05-04;3419;3118;205688;92664;26.9;12.1
42;2021-05-05;3327;3387;209015;96051;27.3;12.6
42;2021-05-06;3889;3756;212904;99807;27.8;13.1
42;2021-05-07;3730;4029;216634;103836;28.3;13.6
42;2021-05-08;3165;1057;219799;104893;28.7;13.7
42;2021-05-09;1506;2208;221305;107101;28.9;14.0
42;2021-05-10;3247;3819;224552;110920;29.4;14.5
42;2021-05-11;5574;3902;230126;114822;30.1;15.0
42;2021-05-12;5341;3563;235467;118385;30.8;15.5
42;2021-05-13;5456;1131;240923;119516;31.5;15.6
42;2021-05-14;5244;2919;246167;122435;32.2;16.0
42;2021-05-15;4879;2107;251046;124542;32.8;16.3
42;2021-05-16;2869;1036;253915;125578;33.2;16.4
42;2021-05-17;5886;2836;259801;128414;34.0;16.8
42;2021-05-18;6251;2977;266052;131391;34.8;17.2
42;2021-05-19;6525;2746;272577;134137;35.6;17.5
42;2021-05-20;7105;2887;279682;137024;36.6;17.9
42;2021-05-21;6352;3258;286034;140282;37.4;18.3
42;2021-05-22;5839;2118;291873;142400;38.2;18.6
42;2021-05-23;2833;869;294706;143269;38.5;18.7
42;2021-05-24;5250;1416;299956;144685;39.2;18.9
42;2021-05-25;5152;3945;305108;148630;39.9;19.4
42;2021-05-26;5155;3446;310263;152076;40.6;19.9
42;2021-05-27;5364;3629;315627;155705;41.3;20.4
42;2021-05-28;5036;4195;320663;159900;41.9;20.9
42;2021-05-29;4336;2983;324999;162883;42.5;21.3
42;2021-05-30;1980;1208;326979;164091;42.8;21.5
42;2021-05-31;4240;3422;331219;167513;43.3;21.9
42;2021-06-01;4590;3568;335809;171081;43.9;22.4
42;2021-06-02;4466;3005;340275;174086;44.5;22.8
42;2021-06-03;4925;3832;345200;177918;45.1;23.3
42;2021-06-04;4766;4216;349966;182134;45.8;23.8
42;2021-06-05;3685;2423;353651;184557;46.2;24.1
42;2021-06-06;1445;1292;355096;185849;46.4;24.3
42;2021-06-07;3985;3371;359081;189220;47.0;24.7
42;2021-06-08;3461;3237;362542;192457;47.4;25.2
42;2021-06-09;2955;3199;365497;195656;47.8;25.6
42;2021-06-10;3237;2929;368734;198585;48.2;26.0
42;2021-06-11;3584;4117;372318;202702;48.7;26.5
42;2021-06-12;2860;2877;375178;205579;49.1;26.9
42;2021-06-13;942;1275;376120;206854;49.2;27.0
42;2021-06-14;2301;4063;378421;210917;49.5;27.6
42;2021-06-15;2831;4067;381252;214984;49.9;28.1
42;2021-06-16;2924;3548;384176;218532;50.2;28.6
42;2021-06-17;2634;3741;386810;222273;50.6;29.1
42;2021-06-18;3089;5152;389899;227425;51.0;29.7
42;2021-06-19;2839;4240;392738;231665;51.4;30.3
42;2021-06-20;856;1841;393594;233506;51.5;30.5
42;2021-06-21;1901;6276;395495;239782;51.7;31.4
42;2021-06-22;1872;5902;397367;245684;52.0;32.1
42;2021-06-23;1835;5321;399202;251005;52.2;32.8
42;2021-06-24;1778;4676;400980;255681;52.4;33.4
42;2021-06-25;2023;6952;403003;262633;52.7;34.3
42;2021-06-26;1402;5819;404405;268452;52.9;35.1
42;2021-06-27;755;2852;405160;271304;53.0;35.5
42;2021-06-28;1737;7059;406897;278363;53.2;36.4
42;2021-06-29;1524;6566;408421;284929;53.4;37.3
42;2021-06-30;1961;5769;410382;290698;53.7;38.0
42;2021-07-01;1764;5119;412146;295817;53.9;38.7
42;2021-07-02;2037;6747;414183;302564;54.2;39.6
42;2021-07-03;1748;5974;415931;308538;54.4;40.3
42;2021-07-04;849;2508;416780;311046;54.5;40.7
42;2021-07-05;1709;6290;418489;317336;54.7;41.5
42;2021-07-06;2101;5574;420590;322910;55.0;42.2
42;2021-07-07;2313;4658;422903;327568;55.3;42.8
42;2021-07-08;2260;3959;425163;331527;55.6;43.4
42;2021-07-09;2356;6099;427519;337626;55.9;44.1
42;2021-07-10;1688;5582;429207;343208;56.1;44.9
42;2021-07-11;915;2293;430122;345501;56.2;45.2
42;2021-07-12;1759;6287;431881;351788;56.5;46.0
42;2021-07-13;3578;6278;435459;358066;56.9;46.8
42;2021-07-14;4459;2044;439918;360110;57.5;47.1
42;2021-07-15;4515;5604;444433;365714;58.1;47.8
42;2021-07-16;4328;6177;448761;371891;58.7;48.6
42;2021-07-17;3187;4693;451948;376584;59.1;49.2
42;2021-07-18;1830;1736;453778;378320;59.3;49.5
42;2021-07-19;3778;5051;457556;383371;59.8;50.1
42;2021-07-20;4683;4848;462239;388219;60.4;50.8
42;2021-07-21;5131;4688;467370;392907;61.1;51.4
42;2021-07-22;5470;3916;472840;396823;61.8;51.9
42;2021-07-23;5441;5069;478281;401892;62.5;52.6
42;2021-07-24;4002;3784;482283;405676;63.1;53.0
42;2021-07-25;1638;1373;483921;407049;63.3;53.2
42;2021-07-26;4695;4296;488616;411345;63.9;53.8
42;2021-07-27;5282;3920;493898;415265;64.6;54.3
42;2021-07-28;5733;3616;499631;418881;65.3;54.8
43;2020-12-27;0;0;0;0;0.0;0.0
43;2020-12-28;0;0;0;0;0.0;0.0
43;2020-12-29;0;0;0;0;0.0;0.0
43;2020-12-30;0;0;0;0;0.0;0.0
43;2020-12-31;0;0;0;0;0.0;0.0
43;2021-01-01;0;0;0;0;0.0;0.0
43;2021-01-02;0;0;0;0;0.0;0.0
43;2021-01-03;0;0;0;0;0.0;0.0
43;2021-01-04;1;0;1;0;0.0;0.0
43;2021-01-05;0;0;1;0;0.0;0.0
43;2021-01-06;0;0;1;0;0.0;0.0
43;2021-01-07;167;0;168;0;0.1;0.0
43;2021-01-08;151;0;319;0;0.1;0.0
43;2021-01-09;0;0;319;0;0.1;0.0
43;2021-01-10;0;0;319;0;0.1;0.0
43;2021-01-11;137;0;456;0;0.2;0.0
43;2021-01-12;244;1;700;1;0.3;0.0
43;2021-01-13;244;1;944;2;0.4;0.0
43;2021-01-14;293;1;1237;3;0.5;0.0
43;2021-01-15;303;2;1540;5;0.7;0.0
43;2021-01-16;32;0;1572;5;0.7;0.0
43;2021-01-17;0;0;1572;5;0.7;0.0
43;2021-01-18;760;5;2332;10;1.0;0.0
43;2021-01-19;776;6;3108;16;1.4;0.0
43;2021-01-20;517;0;3625;16;1.6;0.0
43;2021-01-21;446;1;4071;17;1.8;0.0
43;2021-01-22;465;8;4536;25;2.0;0.0
43;2021-01-23;1;0;4537;25;2.0;0.0
43;2021-01-24;1;0;4538;25;2.0;0.0
43;2021-01-25;539;0;5077;25;2.2;0.0
43;2021-01-26;616;3;5693;28;2.5;0.0
43;2021-01-27;740;0;6433;28;2.8;0.0
43;2021-01-28;747;32;7180;60;3.2;0.0
43;2021-01-29;719;85;7899;145;3.5;0.1
43;2021-01-30;109;0;8008;145;3.5;0.1
43;2021-01-31;0;0;8008;145;3.5;0.1
43;2021-02-01;404;100;8412;245;3.7;0.1
43;2021-02-02;709;151;9121;396;4.0;0.2
43;2021-02-03;691;43;9812;439;4.3;0.2
43;2021-02-04;523;171;10335;610;4.6;0.3
43;2021-02-05;543;173;10878;783;4.8;0.3
43;2021-02-06;163;19;11041;802;4.9;0.4
43;2021-02-07;0;0;11041;802;4.9;0.4
43;2021-02-08;411;305;11452;1107;5.0;0.5
43;2021-02-09;369;434;11821;1541;5.2;0.7
43;2021-02-10;399;361;12220;1902;5.4;0.8
43;2021-02-11;390;395;12610;2297;5.6;1.0
43;2021-02-12;426;200;13036;2497;5.7;1.1
43;2021-02-13;572;37;13608;2534;6.0;1.1
43;2021-02-14;0;0;13608;2534;6.0;1.1
43;2021-02-15;68;480;13676;3014;6.0;1.3
43;2021-02-16;41;375;13717;3389;6.0;1.5
43;2021-02-17;87;484;13804;3873;6.1;1.7
43;2021-02-18;147;380;13951;4253;6.1;1.9
43;2021-02-19;277;508;14228;4761;6.3;2.1
43;2021-02-20;22;4;14250;4765;6.3;2.1
43;2021-02-21;0;0;14250;4765;6.3;2.1
43;2021-02-22;16;503;14266;5268;6.3;2.3
43;2021-02-23;202;800;14468;6068;6.4;2.7
43;2021-02-24;147;714;14615;6782;6.4;3.0
43;2021-02-25;227;694;14842;7476;6.5;3.3
43;2021-02-26;222;675;15064;8151;6.6;3.6
43;2021-02-27;138;75;15202;8226;6.7;3.6
43;2021-02-28;1;0;15203;8226;6.7;3.6
43;2021-03-01;210;479;15413;8705;6.8;3.8
43;2021-03-02;342;580;15755;9285;6.9;4.1
43;2021-03-03;337;593;16092;9878;7.1;4.4
43;2021-03-04;551;458;16643;10336;7.3;4.6
43;2021-03-05;566;448;17209;10784;7.6;4.8
43;2021-03-06;489;177;17698;10961;7.8;4.8
43;2021-03-07;12;0;17710;10961;7.8;4.8
43;2021-03-08;445;443;18155;11404;8.0;5.0
43;2021-03-09;621;349;18776;11753;8.3;5.2
43;2021-03-10;673;491;19449;12244;8.6;5.4
43;2021-03-11;953;436;20402;12680;9.0;5.6
43;2021-03-12;945;418;21347;13098;9.4;5.8
43;2021-03-13;792;111;22139;13209;9.8;5.8
43;2021-03-14;2;0;22141;13209;9.8;5.8
43;2021-03-15;706;139;22847;13348;10.1;5.9
43;2021-03-16;847;277;23694;13625;10.4;6.0
43;2021-03-17;638;131;24332;13756;10.7;6.1
43;2021-03-18;675;129;25007;13885;11.0;6.1
43;2021-03-19;838;97;25845;13982;11.4;6.2
43;2021-03-20;450;60;26295;14042;11.6;6.2
43;2021-03-21;0;0;26295;14042;11.6;6.2
43;2021-03-22;744;35;27039;14077;11.9;6.2
43;2021-03-23;870;30;27909;14107;12.3;6.2
43;2021-03-24;1173;73;29082;14180;12.8;6.2
43;2021-03-25;1594;136;30676;14316;13.5;6.3
43;2021-03-26;1609;178;32285;14494;14.2;6.4
43;2021-03-27;1449;68;33734;14562;14.9;6.4
43;2021-03-28;420;20;34154;14582;15.1;6.4
43;2021-03-29;1094;164;35248;14746;15.5;6.5
43;2021-03-30;1312;231;36560;14977;16.1;6.6
43;2021-03-31;1305;246;37865;15223;16.7;6.7
43;2021-04-01;1345;333;39210;15556;17.3;6.9
43;2021-04-02;1051;345;40261;15901;17.7;7.0
43;2021-04-03;338;193;40599;16094;17.9;7.1
43;2021-04-04;0;0;40599;16094;17.9;7.1
43;2021-04-05;3;0;40602;16094;17.9;7.1
43;2021-04-06;687;601;41289;16695;18.2;7.4
43;2021-04-07;867;571;42156;17266;18.6;7.6
43;2021-04-08;1086;458;43242;17724;19.1;7.8
43;2021-04-09;1146;648;44388;18372;19.6;8.1
43;2021-04-10;625;258;45013;18630;19.8;8.2
43;2021-04-11;0;0;45013;18630;19.8;8.2
43;2021-04-12;682;647;45695;19277;20.1;8.5
43;2021-04-13;917;720;46612;19997;20.5;8.8
43;2021-04-14;724;664;47336;20661;20.9;9.1
43;2021-04-15;959;691;48295;21352;21.3;9.4
43;2021-04-16;1006;686;49301;22038;21.7;9.7
43;2021-04-17;423;302;49724;22340;21.9;9.8
43;2021-04-18;3;5;49727;22345;21.9;9.8
43;2021-04-19;629;561;50356;22906;22.2;10.1
43;2021-04-20;840;665;51196;23571;22.6;10.4
43;2021-04-21;321;987;51517;24558;22.7;10.8
43;2021-04-22;679;1010;52196;25568;23.0;11.3
43;2021-04-23;401;1099;52597;26667;23.2;11.8
43;2021-04-24;347;1038;52944;27705;23.3;12.2
43;2021-04-25;23;403;52967;28108;23.3;12.4
43;2021-04-26;385;964;53352;29072;23.5;12.8
43;2021-04-27;824;990;54176;30062;23.9;13.2
43;2021-04-28;794;1100;54970;31162;24.2;13.7
43;2021-04-29;1236;1136;56206;32298;24.8;14.2
43;2021-04-30;1199;1059;57405;33357;25.3;14.7
43;2021-05-01;400;21;57805;33378;25.5;14.7
43;2021-05-02;1;0;57806;33378;25.5;14.7
43;2021-05-03;1218;399;59024;33777;26.0;14.9
43;2021-05-04;1236;944;60260;34721;26.6;15.3
43;2021-05-05;1144;846;61404;35567;27.1;15.7
43;2021-05-06;1403;935;62807;36502;27.7;16.1
43;2021-05-07;1089;1168;63896;37670;28.2;16.6
43;2021-05-08;518;136;64414;37806;28.4;16.7
43;2021-05-09;0;2;64414;37808;28.4;16.7
43;2021-05-10;1085;721;65499;38529;28.9;17.0
43;2021-05-11;1555;1001;67054;39530;29.6;17.4
43;2021-05-12;1480;807;68534;40337;30.2;17.8
43;2021-05-13;936;379;69470;40716;30.6;17.9
43;2021-05-14;2202;1100;71672;41816;31.6;18.4
43;2021-05-15;1269;318;72941;42134;32.1;18.6
43;2021-05-16;272;47;73213;42181;32.3;18.6
43;2021-05-17;1624;624;74837;42805;33.0;18.9
43;2021-05-18;1966;672;76803;43477;33.8;19.2
43;2021-05-19;2068;569;78871;44046;34.8;19.4
43;2021-05-20;2337;797;81208;44843;35.8;19.8
43;2021-05-21;2383;704;83591;45547;36.8;20.1
43;2021-05-22;1208;340;84799;45887;37.4;20.2
43;2021-05-23;1;0;84800;45887;37.4;20.2
43;2021-05-24;381;100;85181;45987;37.5;20.3
43;2021-05-25;1407;652;86588;46639;38.2;20.6
43;2021-05-26;1349;556;87937;47195;38.8;20.8
43;2021-05-27;1389;710;89326;47905;39.4;21.1
43;2021-05-28;1347;731;90673;48636;40.0;21.4
43;2021-05-29;1135;598;91808;49234;40.5;21.7
43;2021-05-30;149;16;91957;49250;40.5;21.7
43;2021-05-31;1208;442;93165;49692;41.1;21.9
43;2021-06-01;1277;983;94442;50675;41.6;22.3
43;2021-06-02;1085;694;95527;51369;42.1;22.6
43;2021-06-03;1193;854;96720;52223;42.6;23.0
43;2021-06-04;1348;859;98068;53082;43.2;23.4
43;2021-06-05;824;450;98892;53532;43.6;23.6
43;2021-06-06;10;5;98902;53537;43.6;23.6
43;2021-06-07;747;514;99649;54051;43.9;23.8
43;2021-06-08;664;703;100313;54754;44.2;24.1
43;2021-06-09;539;758;100852;55512;44.4;24.5
43;2021-06-10;806;1118;101658;56630;44.8;25.0
43;2021-06-11;758;1347;102416;57977;45.1;25.6
43;2021-06-12;914;513;103330;58490;45.5;25.8
43;2021-06-13;3;27;103333;58517;45.5;25.8
43;2021-06-14;447;1087;103780;59604;45.7;26.3
43;2021-06-15;630;1193;104410;60797;46.0;26.8
43;2021-06-16;549;975;104959;61772;46.3;27.2
43;2021-06-17;598;1498;105557;63270;46.5;27.9
43;2021-06-18;898;1461;106455;64731;46.9;28.5
43;2021-06-19;447;779;106902;65510;47.1;28.9
43;2021-06-20;0;12;106902;65522;47.1;28.9
43;2021-06-21;422;1306;107324;66828;47.3;29.5
43;2021-06-22;531;1958;107855;68786;47.5;30.3
43;2021-06-23;343;1743;108198;70529;47.7;31.1
43;2021-06-24;512;1494;108710;72023;47.9;31.7
43;2021-06-25;594;2344;109304;74367;48.2;32.8
43;2021-06-26;505;1245;109809;75612;48.4;33.3
43;2021-06-27;9;20;109818;75632;48.4;33.3
43;2021-06-28;341;1786;110159;77418;48.5;34.1
43;2021-06-29;525;2379;110684;79797;48.8;35.2
43;2021-06-30;458;2278;111142;82075;49.0;36.2
43;2021-07-01;469;1912;111611;83987;49.2;37.0
43;2021-07-02;496;1962;112107;85949;49.4;37.9
43;2021-07-03;256;1109;112363;87058;49.5;38.4
43;2021-07-04;0;0;112363;87058;49.5;38.4
43;2021-07-05;523;1199;112886;88257;49.8;38.9
43;2021-07-06;630;1682;113516;89939;50.0;39.6
43;2021-07-07;521;1421;114037;91360;50.3;40.3
43;2021-07-08;834;1422;114871;92782;50.6;40.9
43;2021-07-09;544;1498;115415;94280;50.9;41.6
43;2021-07-10;401;1334;115816;95614;51.0;42.1
43;2021-07-11;23;98;115839;95712;51.1;42.2
43;2021-07-12;601;1685;116440;97397;51.3;42.9
43;2021-07-13;1184;1848;117624;99245;51.8;43.7
43;2021-07-14;843;150;118467;99395;52.2;43.8
43;2021-07-15;1922;1836;120389;101231;53.1;44.6
43;2021-07-16;1748;1614;122137;102845;53.8;45.3
43;2021-07-17;1532;1190;123669;104035;54.5;45.9
43;2021-07-18;4;19;123673;104054;54.5;45.9
43;2021-07-19;1436;1252;125109;105306;55.1;46.4
43;2021-07-20;1888;1441;126997;106747;56.0;47.0
43;2021-07-21;1843;1102;128840;107849;56.8;47.5
43;2021-07-22;2100;1313;130940;109162;57.7;48.1
43;2021-07-23;1613;1311;132553;110473;58.4;48.7
43;2021-07-24;573;987;133126;111460;58.7;49.1
43;2021-07-25;0;1;133126;111461;58.7;49.1
43;2021-07-26;1637;1062;134763;112523;59.4;49.6
43;2021-07-27;2266;1211;137029;113734;60.4;50.1
43;2021-07-28;1952;1075;138981;114809;61.3;50.6
44;2020-12-27;1;0;1;0;0.0;0.0
44;2020-12-28;0;0;1;0;0.0;0.0
44;2020-12-29;0;0;1;0;0.0;0.0
44;2020-12-30;1;0;2;0;0.0;0.0
44;2020-12-31;0;0;2;0;0.0;0.0
44;2021-01-01;0;0;2;0;0.0;0.0
44;2021-01-02;0;0;2;0;0.0;0.0
44;2021-01-03;2;0;4;0;0.0;0.0
44;2021-01-04;0;0;4;0;0.0;0.0
44;2021-01-05;0;0;4;0;0.0;0.0
44;2021-01-06;20;1;24;1;0.0;0.0
44;2021-01-07;186;0;210;1;0.0;0.0
44;2021-01-08;527;0;737;1;0.1;0.0
44;2021-01-09;473;0;1210;1;0.1;0.0
44;2021-01-10;455;1;1665;2;0.1;0.0
44;2021-01-11;801;0;2466;2;0.2;0.0
44;2021-01-12;906;1;3372;3;0.2;0.0
44;2021-01-13;1087;1;4459;4;0.3;0.0
44;2021-01-14;1110;8;5569;12;0.4;0.0
44;2021-01-15;987;1;6556;13;0.5;0.0
44;2021-01-16;335;2;6891;15;0.5;0.0
44;2021-01-17;327;1;7218;16;0.5;0.0
44;2021-01-18;855;3;8073;19;0.6;0.0
44;2021-01-19;2606;3;10679;22;0.7;0.0
44;2021-01-20;2719;4;13398;26;0.9;0.0
44;2021-01-21;4527;3;17925;29;1.2;0.0
44;2021-01-22;2415;6;20340;35;1.4;0.0
44;2021-01-23;763;1;21103;36;1.5;0.0
44;2021-01-24;119;0;21222;36;1.5;0.0
44;2021-01-25;829;0;22051;36;1.5;0.0
44;2021-01-26;2532;18;24583;54;1.7;0.0
44;2021-01-27;2090;61;26673;115;1.9;0.0
44;2021-01-28;3731;191;30404;306;2.1;0.0
44;2021-01-29;2367;492;32771;798;2.3;0.1
44;2021-01-30;628;218;33399;1016;2.3;0.1
44;2021-01-31;14;214;33413;1230;2.3;0.1
44;2021-02-01;591;545;34004;1775;2.4;0.1
44;2021-02-02;878;762;34882;2537;2.4;0.2
44;2021-02-03;889;899;35771;3436;2.5;0.2
44;2021-02-04;935;724;36706;4160;2.6;0.3
44;2021-02-05;894;631;37600;4791;2.6;0.3
44;2021-02-06;463;269;38063;5060;2.6;0.4
44;2021-02-07;72;208;38135;5268;2.7;0.4
44;2021-02-08;522;460;38657;5728;2.7;0.4
44;2021-02-09;987;1255;39644;6983;2.8;0.5
44;2021-02-10;1135;1313;40779;8296;2.8;0.6
44;2021-02-11;2287;3012;43066;11308;3.0;0.8
44;2021-02-12;1662;1742;44728;13050;3.1;0.9
44;2021-02-13;432;517;45160;13567;3.1;0.9
44;2021-02-14;10;180;45170;13747;3.1;1.0
44;2021-02-15;505;1104;45675;14851;3.2;1.0
44;2021-02-16;1441;2569;47116;17420;3.3;1.2
44;2021-02-17;1102;2175;48218;19595;3.4;1.4
44;2021-02-18;1961;3718;50179;23313;3.5;1.6
44;2021-02-19;1578;2540;51757;25853;3.6;1.8
44;2021-02-20;409;648;52166;26501;3.6;1.8
44;2021-02-21;6;178;52172;26679;3.6;1.9
44;2021-02-22;713;838;52885;27517;3.7;1.9
44;2021-02-23;1241;1131;54126;28648;3.8;2.0
44;2021-02-24;1238;1091;55364;29739;3.9;2.1
44;2021-02-25;2440;1082;57804;30821;4.0;2.1
44;2021-02-26;2290;967;60094;31788;4.2;2.2
44;2021-02-27;974;454;61068;32242;4.2;2.2
44;2021-02-28;6;32;61074;32274;4.2;2.2
44;2021-03-01;989;560;62063;32834;4.3;2.3
44;2021-03-02;1797;1055;63860;33889;4.4;2.4
44;2021-03-03;1857;1133;65717;35022;4.6;2.4
44;2021-03-04;2878;1561;68595;36583;4.8;2.5
44;2021-03-05;3474;1330;72069;37913;5.0;2.6
44;2021-03-06;2508;495;74577;38408;5.2;2.7
44;2021-03-07;986;84;75563;38492;5.3;2.7
44;2021-03-08;1784;610;77347;39102;5.4;2.7
44;2021-03-09;3351;1151;80698;40253;5.6;2.8
44;2021-03-10;3077;1112;83775;41365;5.8;2.9
44;2021-03-11;4434;1783;88209;43148;6.1;3.0
44;2021-03-12;5887;1283;94096;44431;6.5;3.1
44;2021-03-13;3627;295;97723;44726;6.8;3.1
44;2021-03-14;430;63;98153;44789;6.8;3.1
44;2021-03-15;2685;357;100838;45146;7.0;3.1
44;2021-03-16;2148;624;102986;45770;7.2;3.2
44;2021-03-17;1964;677;104950;46447;7.3;3.2
44;2021-03-18;2166;636;107116;47083;7.5;3.3
44;2021-03-19;3776;357;110892;47440;7.7;3.3
44;2021-03-20;3210;285;114102;47725;7.9;3.3
44;2021-03-21;910;18;115012;47743;8.0;3.3
44;2021-03-22;2459;439;117471;48182;8.2;3.4
44;2021-03-23;3959;697;121430;48879;8.4;3.4
44;2021-03-24;4303;623;125733;49502;8.7;3.4
44;2021-03-25;5614;920;131347;50422;9.1;3.5
44;2021-03-26;6500;753;137847;51175;9.6;3.6
44;2021-03-27;3214;423;141061;51598;9.8;3.6
44;2021-03-28;1244;38;142305;51636;9.9;3.6
44;2021-03-29;3116;787;145421;52423;10.1;3.6
44;2021-03-30;5135;1110;150556;53533;10.5;3.7
44;2021-03-31;4610;1311;155166;54844;10.8;3.8
44;2021-04-01;6131;990;161297;55834;11.2;3.9
44;2021-04-02;5792;944;167089;56778;11.6;4.0
44;2021-04-03;2434;649;169523;57427;11.8;4.0
44;2021-04-04;665;19;170188;57446;11.8;4.0
44;2021-04-05;690;285;170878;57731;11.9;4.0
44;2021-04-06;4200;1370;175078;59101;12.2;4.1
44;2021-04-07;5071;1643;180149;60744;12.5;4.2
44;2021-04-08;7178;1648;187327;62392;13.0;4.3
44;2021-04-09;10055;1784;197382;64176;13.7;4.5
44;2021-04-10;4558;1436;201940;65612;14.1;4.6
44;2021-04-11;2145;420;204085;66032;14.2;4.6
44;2021-04-12;5461;1582;209546;67614;14.6;4.7
44;2021-04-13;6725;2248;216271;69862;15.0;4.9
44;2021-04-14;5901;2224;222172;72086;15.5;5.0
44;2021-04-15;6700;2202;228872;74288;15.9;5.2
44;2021-04-16;7777;2029;236649;76317;16.5;5.3
44;2021-04-17;4295;1373;240944;77690;16.8;5.4
44;2021-04-18;2254;816;243198;78506;16.9;5.5
44;2021-04-19;5043;1898;248241;80404;17.3;5.6
44;2021-04-20;6278;2646;254519;83050;17.7;5.8
44;2021-04-21;6004;2775;260523;85825;18.1;6.0
44;2021-04-22;6952;2507;267475;88332;18.6;6.1
44;2021-04-23;7324;3157;274799;91489;19.1;6.4
44;2021-04-24;3973;2041;278772;93530;19.4;6.5
44;2021-04-25;2076;1057;280848;94587;19.5;6.6
44;2021-04-26;5647;2757;286495;97344;19.9;6.8
44;2021-04-27;7414;4100;293909;101444;20.5;7.1
44;2021-04-28;7602;3773;301511;105217;21.0;7.3
44;2021-04-29;8963;4260;310474;109477;21.6;7.6
44;2021-04-30;9567;4687;320041;114164;22.3;7.9
44;2021-05-01;2846;921;322887;115085;22.5;8.0
44;2021-05-02;1895;616;324782;115701;22.6;8.1
44;2021-05-03;5547;4074;330329;119775;23.0;8.3
44;2021-05-04;6330;5128;336659;124903;23.4;8.7
44;2021-05-05;6066;4622;342725;129525;23.8;9.0
44;2021-05-06;7249;4879;349974;134404;24.4;9.4
44;2021-05-07;7451;5713;357425;140117;24.9;9.7
44;2021-05-08;2581;1261;360006;141378;25.1;9.8
44;2021-05-09;1800;1812;361806;143190;25.2;10.0
44;2021-05-10;6569;5770;368375;148960;25.6;10.4
44;2021-05-11;7785;6256;376160;155216;26.2;10.8
44;2021-05-12;8189;5723;384349;160939;26.7;11.2
44;2021-05-13;5291;1183;389640;162122;27.1;11.3
44;2021-05-14;7579;3971;397219;166093;27.6;11.6
44;2021-05-15;5003;2228;402222;168321;28.0;11.7
44;2021-05-16;2795;740;405017;169061;28.2;11.8
44;2021-05-17;6742;5151;411759;174212;28.7;12.1
44;2021-05-18;7971;5240;419730;179452;29.2;12.5
44;2021-05-19;8159;4285;427889;183737;29.8;12.8
44;2021-05-20;8364;4652;436253;188389;30.4;13.1
44;2021-05-21;8830;5206;445083;193595;31.0;13.5
44;2021-05-22;5098;2231;450181;195826;31.3;13.6
44;2021-05-23;1760;824;451941;196650;31.4;13.7
44;2021-05-24;4886;1616;456827;198266;31.8;13.8
44;2021-05-25;7737;5541;464564;203807;32.3;14.2
44;2021-05-26;8171;5037;472735;208844;32.9;14.5
44;2021-05-27;9652;5352;482387;214196;33.6;14.9
44;2021-05-28;9180;6915;491567;221111;34.2;15.4
44;2021-05-29;5881;3329;497448;224440;34.6;15.6
44;2021-05-30;1773;703;499221;225143;34.7;15.7
44;2021-05-31;8063;6180;507284;231323;35.3;16.1
44;2021-06-01;9895;6536;517179;237859;36.0;16.6
44;2021-06-02;9511;5688;526690;243547;36.6;16.9
44;2021-06-03;10854;5874;537544;249421;37.4;17.4
44;2021-06-04;9931;8066;547475;257487;38.1;17.9
44;2021-06-05;5771;4344;553246;261831;38.5;18.2
44;2021-06-06;2362;1130;555608;262961;38.7;18.3
44;2021-06-07;9548;6923;565156;269884;39.3;18.8
44;2021-06-08;10897;7491;576053;277375;40.1;19.3
44;2021-06-09;10539;6321;586592;283696;40.8;19.7
44;2021-06-10;11391;6031;597983;289727;41.6;20.2
44;2021-06-11;11905;8628;609888;298355;42.4;20.8
44;2021-06-12;7758;4079;617646;302434;43.0;21.0
44;2021-06-13;2789;1009;620435;303443;43.2;21.1
44;2021-06-14;8666;8395;629101;311838;43.8;21.7
44;2021-06-15;11199;8233;640300;320071;44.6;22.3
44;2021-06-16;10899;7641;651199;327712;45.3;22.8
44;2021-06-17;11663;8668;662862;336380;46.1;23.4
44;2021-06-18;10599;10094;673461;346474;46.9;24.1
44;2021-06-19;5862;4319;679323;350793;47.3;24.4
44;2021-06-20;2532;1332;681855;352125;47.4;24.5
44;2021-06-21;7203;10010;689058;362135;47.9;25.2
44;2021-06-22;8420;10618;697478;372753;48.5;25.9
44;2021-06-23;8503;9124;705981;381877;49.1;26.6
44;2021-06-24;9083;8570;715064;390447;49.8;27.2
44;2021-06-25;7584;10805;722648;401252;50.3;27.9
44;2021-06-26;2950;6469;725598;407721;50.5;28.4
44;2021-06-27;812;2404;726410;410125;50.5;28.5
44;2021-06-28;5199;10063;731609;420188;50.9;29.2
44;2021-06-29;6165;12088;737774;432276;51.3;30.1
44;2021-06-30;6073;10459;743847;442735;51.8;30.8
44;2021-07-01;6802;10505;750649;453240;52.2;31.5
44;2021-07-02;6353;12551;757002;465791;52.7;32.4
44;2021-07-03;2555;7008;759557;472799;52.9;32.9
44;2021-07-04;982;2234;760539;475033;52.9;33.1
44;2021-07-05;5213;11876;765752;486909;53.3;33.9
44;2021-07-06;5876;12619;771628;499528;53.7;34.8
44;2021-07-07;6352;11097;777980;510625;54.1;35.5
44;2021-07-08;7217;11974;785197;522599;54.6;36.4
44;2021-07-09;6027;14262;791224;536861;55.1;37.4
44;2021-07-10;2359;7020;793583;543881;55.2;37.8
44;2021-07-11;719;2262;794302;546143;55.3;38.0
44;2021-07-12;4319;14053;798621;560196;55.6;39.0
44;2021-07-13;5682;14856;804303;575052;56.0;40.0
44;2021-07-14;3613;5807;807916;580859;56.2;40.4
44;2021-07-15;7107;14258;815023;595117;56.7;41.4
44;2021-07-16;8055;14986;823078;610103;57.3;42.5
44;2021-07-17;3345;7574;826423;617677;57.5;43.0
44;2021-07-18;1422;2548;827845;620225;57.6;43.2
44;2021-07-19;4661;14700;832506;634925;57.9;44.2
44;2021-07-20;5960;15675;838466;650600;58.3;45.3
44;2021-07-21;5797;14001;844263;664601;58.7;46.2
44;2021-07-22;6668;13740;850931;678341;59.2;47.2
44;2021-07-23;6109;15633;857040;693974;59.6;48.3
44;2021-07-24;2814;8720;859854;702694;59.8;48.9
44;2021-07-25;930;3093;860784;705787;59.9;49.1
44;2021-07-26;6024;12687;866808;718474;60.3;50.0
44;2021-07-27;9589;12156;876397;730630;61.0;50.8
44;2021-07-28;9104;10789;885501;741419;61.6;51.6
45;2020-12-27;0;0;0;0;0.0;0.0
45;2020-12-28;0;0;0;0;0.0;0.0
45;2020-12-29;0;0;0;0;0.0;0.0
45;2020-12-30;0;0;0;0;0.0;0.0
45;2020-12-31;1;0;1;0;0.0;0.0
45;2021-01-01;0;0;1;0;0.0;0.0
45;2021-01-02;0;0;1;0;0.0;0.0
45;2021-01-03;0;0;1;0;0.0;0.0
45;2021-01-04;0;0;1;0;0.0;0.0
45;2021-01-05;76;0;77;0;0.0;0.0
45;2021-01-06;69;0;146;0;0.0;0.0
45;2021-01-07;179;0;325;0;0.0;0.0
45;2021-01-08;199;1;524;1;0.1;0.0
45;2021-01-09;42;0;566;1;0.1;0.0
45;2021-01-10;23;0;589;1;0.1;0.0
45;2021-01-11;254;0;843;1;0.1;0.0
45;2021-01-12;679;2;1522;3;0.2;0.0
45;2021-01-13;496;2;2018;5;0.3;0.0
45;2021-01-14;482;38;2500;43;0.4;0.0
45;2021-01-15;391;3;2891;46;0.4;0.0
45;2021-01-16;39;0;2930;46;0.4;0.0
45;2021-01-17;24;0;2954;46;0.4;0.0
45;2021-01-18;814;1;3768;47;0.6;0.0
45;2021-01-19;1196;6;4964;53;0.7;0.0
45;2021-01-20;2109;6;7073;59;1.0;0.0
45;2021-01-21;2522;4;9595;63;1.4;0.0
45;2021-01-22;1409;2;11004;65;1.6;0.0
45;2021-01-23;121;0;11125;65;1.6;0.0
45;2021-01-24;39;0;11164;65;1.6;0.0
45;2021-01-25;556;3;11720;68;1.7;0.0
45;2021-01-26;847;18;12567;86;1.8;0.0
45;2021-01-27;648;44;13215;130;1.9;0.0
45;2021-01-28;882;219;14097;349;2.1;0.1
45;2021-01-29;576;125;14673;474;2.1;0.1
45;2021-01-30;40;41;14713;515;2.2;0.1
45;2021-01-31;37;23;14750;538;2.2;0.1
45;2021-02-01;462;209;15212;747;2.2;0.1
45;2021-02-02;758;469;15970;1216;2.3;0.2
45;2021-02-03;771;480;16741;1696;2.5;0.2
45;2021-02-04;701;267;17442;1963;2.6;0.3
45;2021-02-05;416;151;17858;2114;2.6;0.3
45;2021-02-06;36;28;17894;2142;2.6;0.3
45;2021-02-07;5;31;17899;2173;2.6;0.3
45;2021-02-08;455;194;18354;2367;2.7;0.3
45;2021-02-09;1004;405;19358;2772;2.8;0.4
45;2021-02-10;1276;792;20634;3564;3.0;0.5
45;2021-02-11;1382;1523;22016;5087;3.2;0.7
45;2021-02-12;1052;1141;23068;6228;3.4;0.9
45;2021-02-13;85;158;23153;6386;3.4;0.9
45;2021-02-14;39;11;23192;6397;3.4;0.9
45;2021-02-15;523;612;23715;7009;3.5;1.0
45;2021-02-16;756;939;24471;7948;3.6;1.2
45;2021-02-17;641;1049;25112;8997;3.7;1.3
45;2021-02-18;841;856;25953;9853;3.8;1.4
45;2021-02-19;826;760;26779;10613;3.9;1.6
45;2021-02-20;58;94;26837;10707;3.9;1.6
45;2021-02-21;17;46;26854;10753;3.9;1.6
45;2021-02-22;407;634;27261;11387;4.0;1.7
45;2021-02-23;815;808;28076;12195;4.1;1.8
45;2021-02-24;647;929;28723;13124;4.2;1.9
45;2021-02-25;961;806;29684;13930;4.3;2.0
45;2021-02-26;1044;697;30728;14627;4.5;2.1
45;2021-02-27;290;52;31018;14679;4.5;2.1
45;2021-02-28;28;5;31046;14684;4.5;2.2
45;2021-03-01;533;337;31579;15021;4.6;2.2
45;2021-03-02;670;728;32249;15749;4.7;2.3
45;2021-03-03;982;891;33231;16640;4.9;2.4
45;2021-03-04;1107;984;34338;17624;5.0;2.6
45;2021-03-05;1439;860;35777;18484;5.2;2.7
45;2021-03-06;2023;123;37800;18607;5.5;2.7
45;2021-03-07;143;59;37943;18666;5.6;2.7
45;2021-03-08;752;852;38695;19518;5.7;2.9
45;2021-03-09;1256;712;39951;20230;5.9;3.0
45;2021-03-10;1595;895;41546;21125;6.1;3.1
45;2021-03-11;1720;750;43266;21875;6.3;3.2
45;2021-03-12;2074;605;45340;22480;6.6;3.3
45;2021-03-13;987;46;46327;22526;6.8;3.3
45;2021-03-14;24;43;46351;22569;6.8;3.3
45;2021-03-15;811;600;47162;23169;6.9;3.4
45;2021-03-16;943;839;48105;24008;7.0;3.5
45;2021-03-17;1051;682;49156;24690;7.2;3.6
45;2021-03-18;997;580;50153;25270;7.3;3.7
45;2021-03-19;1619;428;51772;25698;7.6;3.8
45;2021-03-20;497;81;52269;25779;7.7;3.8
45;2021-03-21;19;35;52288;25814;7.7;3.8
45;2021-03-22;913;528;53201;26342;7.8;3.9
45;2021-03-23;1982;718;55183;27060;8.1;4.0
45;2021-03-24;1897;546;57080;27606;8.4;4.0
45;2021-03-25;2983;446;60063;28052;8.8;4.1
45;2021-03-26;3388;467;63451;28519;9.3;4.2
45;2021-03-27;1793;116;65244;28635;9.6;4.2
45;2021-03-28;89;40;65333;28675;9.6;4.2
45;2021-03-29;1528;536;66861;29211;9.8;4.3
45;2021-03-30;2781;780;69642;29991;10.2;4.4
45;2021-03-31;2134;572;71776;30563;10.5;4.5
45;2021-04-01;2973;557;74749;31120;10.9;4.6
45;2021-04-02;2824;504;77573;31624;11.4;4.6
45;2021-04-03;810;73;78383;31697;11.5;4.6
45;2021-04-04;112;33;78495;31730;11.5;4.6
45;2021-04-05;13;2;78508;31732;11.5;4.6
45;2021-04-06;1734;788;80242;32520;11.8;4.8
45;2021-04-07;1776;1109;82018;33629;12.0;4.9
45;2021-04-08;2772;1021;84790;34650;12.4;5.1
45;2021-04-09;3673;637;88463;35287;13.0;5.2
45;2021-04-10;2322;105;90785;35392;13.3;5.2
45;2021-04-11;153;24;90938;35416;13.3;5.2
45;2021-04-12;2605;659;93543;36075;13.7;5.3
45;2021-04-13;3842;1080;97385;37155;14.3;5.4
45;2021-04-14;2929;1214;100314;38369;14.7;5.6
45;2021-04-15;3520;1027;103834;39396;15.2;5.8
45;2021-04-16;3775;684;107609;40080;15.8;5.9
45;2021-04-17;1613;109;109222;40189;16.0;5.9
45;2021-04-18;200;37;109422;40226;16.0;5.9
45;2021-04-19;1937;944;111359;41170;16.3;6.0
45;2021-04-20;3075;1690;114434;42860;16.8;6.3
45;2021-04-21;2723;1296;117157;44156;17.2;6.5
45;2021-04-22;3425;1838;120582;45994;17.7;6.7
45;2021-04-23;3275;1793;123857;47787;18.1;7.0
45;2021-04-24;2023;865;125880;48652;18.4;7.1
45;2021-04-25;290;85;126170;48737;18.5;7.1
45;2021-04-26;2227;1162;128397;49899;18.8;7.3
45;2021-04-27;3351;2349;131748;52248;19.3;7.7
45;2021-04-28;2801;1943;134549;54191;19.7;7.9
45;2021-04-29;3828;2333;138377;56524;20.3;8.3
45;2021-04-30;4388;1800;142765;58324;20.9;8.5
45;2021-05-01;451;61;143216;58385;21.0;8.5
45;2021-05-02;627;119;143843;58504;21.1;8.6
45;2021-05-03;2821;985;146664;59489;21.5;8.7
45;2021-05-04;3160;2342;149824;61831;21.9;9.1
45;2021-05-05;2712;2160;152536;63991;22.3;9.4
45;2021-05-06;3330;2534;155866;66525;22.8;9.7
45;2021-05-07;2873;3202;158739;69727;23.2;10.2
45;2021-05-08;607;244;159346;69971;23.3;10.2
45;2021-05-09;1498;125;160844;70096;23.6;10.3
45;2021-05-10;4140;2968;164984;73064;24.2;10.7
45;2021-05-11;5030;2963;170014;76027;24.9;11.1
45;2021-05-12;6076;2774;176090;78801;25.8;11.5
45;2021-05-13;2450;595;178540;79396;26.1;11.6
45;2021-05-14;4967;1623;183507;81019;26.9;11.9
45;2021-05-15;4066;604;187573;81623;27.5;12.0
45;2021-05-16;287;33;187860;81656;27.5;12.0
45;2021-05-17;3354;1534;191214;83190;28.0;12.2
45;2021-05-18;5118;1680;196332;84870;28.8;12.4
45;2021-05-19;4493;2058;200825;86928;29.4;12.7
45;2021-05-20;5264;2132;206089;89060;30.2;13.0
45;2021-05-21;5146;2225;211235;91285;30.9;13.4
45;2021-05-22;3041;629;214276;91914;31.4;13.5
45;2021-05-23;15;94;214291;92008;31.4;13.5
45;2021-05-24;2829;205;217120;92213;31.8;13.5
45;2021-05-25;4960;3030;222080;95243;32.5;13.9
45;2021-05-26;5106;2314;227186;97557;33.3;14.3
45;2021-05-27;5311;3197;232497;100754;34.0;14.8
45;2021-05-28;5667;3541;238164;104295;34.9;15.3
45;2021-05-29;3671;1283;241835;105578;35.4;15.5
45;2021-05-30;33;182;241868;105760;35.4;15.5
45;2021-05-31;4328;2519;246196;108279;36.1;15.9
45;2021-06-01;6089;2993;252285;111272;36.9;16.3
45;2021-06-02;4936;3091;257221;114363;37.7;16.7
45;2021-06-03;5617;3199;262838;117562;38.5;17.2
45;2021-06-04;5894;3187;268732;120749;39.4;17.7
45;2021-06-05;2028;1334;270760;122083;39.6;17.9
45;2021-06-06;86;198;270846;122281;39.7;17.9
45;2021-06-07;4082;2724;274928;125005;40.3;18.3
45;2021-06-08;4644;4071;279572;129076;40.9;18.9
45;2021-06-09;4348;3335;283920;132411;41.6;19.4
45;2021-06-10;4632;2677;288552;135088;42.3;19.8
45;2021-06-11;4108;3661;292660;138749;42.9;20.3
45;2021-06-12;2440;1504;295100;140253;43.2;20.5
45;2021-06-13;21;424;295121;140677;43.2;20.6
45;2021-06-14;3130;4150;298251;144827;43.7;21.2
45;2021-06-15;3384;4323;301635;149150;44.2;21.8
45;2021-06-16;3898;3452;305533;152602;44.7;22.3
45;2021-06-17;3524;3541;309057;156143;45.3;22.9
45;2021-06-18;3799;5025;312856;161168;45.8;23.6
45;2021-06-19;2390;1761;315246;162929;46.2;23.9
45;2021-06-20;45;140;315291;163069;46.2;23.9
45;2021-06-21;2160;5851;317451;168920;46.5;24.7
45;2021-06-22;2414;6529;319865;175449;46.8;25.7
45;2021-06-23;2283;5605;322148;181054;47.2;26.5
45;2021-06-24;2130;3531;324278;184585;47.5;27.0
45;2021-06-25;2439;6447;326717;191032;47.8;28.0
45;2021-06-26;1934;3094;328651;194126;48.1;28.4
45;2021-06-27;51;139;328702;194265;48.1;28.4
45;2021-06-28;2074;4832;330776;199097;48.4;29.2
45;2021-06-29;2828;6822;333604;205919;48.9;30.2
45;2021-06-30;2864;5847;336468;211766;49.3;31.0
45;2021-07-01;2376;5025;338844;216791;49.6;31.7
45;2021-07-02;2354;6283;341198;223074;50.0;32.7
45;2021-07-03;751;2541;341949;225615;50.1;33.0
45;2021-07-04;4;10;341953;225625;50.1;33.0
45;2021-07-05;2134;4988;344087;230613;50.4;33.8
45;2021-07-06;2790;6785;346877;237398;50.8;34.8
45;2021-07-07;2432;6077;349309;243475;51.2;35.7
45;2021-07-08;2805;5397;352114;248872;51.6;36.4
45;2021-07-09;2137;6991;354251;255863;51.9;37.5
45;2021-07-10;1539;3861;355790;259724;52.1;38.0
45;2021-07-11;23;31;355813;259755;52.1;38.0
45;2021-07-12;1582;6001;357395;265756;52.3;38.9
45;2021-07-13;2983;8234;360378;273990;52.8;40.1
45;2021-07-14;1465;1513;361843;275503;53.0;40.3
45;2021-07-15;3701;7282;365544;282785;53.5;41.4
45;2021-07-16;3236;7445;368780;290230;54.0;42.5
45;2021-07-17;1273;2330;370053;292560;54.2;42.8
45;2021-07-18;15;19;370068;292579;54.2;42.8
45;2021-07-19;1856;5957;371924;298536;54.5;43.7
45;2021-07-20;4686;6898;376610;305434;55.1;44.7
45;2021-07-21;5136;5457;381746;310891;55.9;45.5
45;2021-07-22;6155;4890;387901;315781;56.8;46.2
45;2021-07-23;4241;5473;392142;321254;57.4;47.0
45;2021-07-24;1850;2812;393992;324066;57.7;47.5
45;2021-07-25;5;14;393997;324080;57.7;47.5
45;2021-07-26;2881;4970;396878;329050;58.1;48.2
45;2021-07-27;5426;5046;402304;334096;58.9;48.9
45;2021-07-28;4957;4129;407261;338225;59.6;49.5
46;2020-12-27;1;0;1;0;0.0;0.0
46;2020-12-28;0;0;1;0;0.0;0.0
46;2020-12-29;0;0;1;0;0.0;0.0
46;2020-12-30;0;0;1;0;0.0;0.0
46;2020-12-31;0;0;1;0;0.0;0.0
46;2021-01-01;0;0;1;0;0.0;0.0
46;2021-01-02;0;0;1;0;0.0;0.0
46;2021-01-03;1;0;2;0;0.0;0.0
46;2021-01-04;0;0;2;0;0.0;0.0
46;2021-01-05;0;0;2;0;0.0;0.0
46;2021-01-06;3;0;5;0;0.0;0.0
46;2021-01-07;135;0;140;0;0.1;0.0
46;2021-01-08;180;0;320;0;0.2;0.0
46;2021-01-09;1;0;321;0;0.2;0.0
46;2021-01-10;1;0;322;0;0.2;0.0
46;2021-01-11;117;0;439;0;0.3;0.0
46;2021-01-12;140;0;579;0;0.3;0.0
46;2021-01-13;234;0;813;0;0.5;0.0
46;2021-01-14;236;2;1049;2;0.6;0.0
46;2021-01-15;304;2;1353;4;0.8;0.0
46;2021-01-16;18;0;1371;4;0.8;0.0
46;2021-01-17;0;0;1371;4;0.8;0.0
46;2021-01-18;274;2;1645;6;0.9;0.0
46;2021-01-19;388;0;2033;6;1.2;0.0
46;2021-01-20;934;1;2967;7;1.7;0.0
46;2021-01-21;995;0;3962;7;2.3;0.0
46;2021-01-22;390;2;4352;9;2.5;0.0
46;2021-01-23;0;0;4352;9;2.5;0.0
46;2021-01-24;0;0;4352;9;2.5;0.0
46;2021-01-25;203;1;4555;10;2.6;0.0
46;2021-01-26;262;1;4817;11;2.8;0.0
46;2021-01-27;276;0;5093;11;2.9;0.0
46;2021-01-28;278;43;5371;54;3.1;0.0
46;2021-01-29;233;93;5604;147;3.2;0.1
46;2021-01-30;1;0;5605;147;3.2;0.1
46;2021-01-31;1;0;5606;147;3.2;0.1
46;2021-02-01;233;175;5839;322;3.4;0.2
46;2021-02-02;209;238;6048;560;3.5;0.3
46;2021-02-03;222;95;6270;655;3.6;0.4
46;2021-02-04;372;87;6642;742;3.8;0.4
46;2021-02-05;226;179;6868;921;4.0;0.5
46;2021-02-06;7;0;6875;921;4.0;0.5
46;2021-02-07;42;0;6917;921;4.0;0.5
46;2021-02-08;196;156;7113;1077;4.1;0.6
46;2021-02-09;269;230;7382;1307;4.3;0.8
46;2021-02-10;277;545;7659;1852;4.4;1.1
46;2021-02-11;653;558;8312;2410;4.8;1.4
46;2021-02-12;319;340;8631;2750;5.0;1.6
46;2021-02-13;0;0;8631;2750;5.0;1.6
46;2021-02-14;0;62;8631;2812;5.0;1.6
46;2021-02-15;195;299;8826;3111;5.1;1.8
46;2021-02-16;217;282;9043;3393;5.2;2.0
46;2021-02-17;200;328;9243;3721;5.3;2.1
46;2021-02-18;336;268;9579;3989;5.5;2.3
46;2021-02-19;277;233;9856;4222;5.7;2.4
46;2021-02-20;0;0;9856;4222;5.7;2.4
46;2021-02-21;1;0;9857;4222;5.7;2.4
46;2021-02-22;131;191;9988;4413;5.8;2.5
46;2021-02-23;225;168;10213;4581;5.9;2.6
46;2021-02-24;180;326;10393;4907;6.0;2.8
46;2021-02-25;244;341;10637;5248;6.1;3.0
46;2021-02-26;401;346;11038;5594;6.4;3.2
46;2021-02-27;120;0;11158;5594;6.4;3.2
46;2021-02-28;0;3;11158;5597;6.4;3.2
46;2021-03-01;168;180;11326;5777;6.5;3.3
46;2021-03-02;405;233;11731;6010;6.8;3.5
46;2021-03-03;456;331;12187;6341;7.0;3.7
46;2021-03-04;608;455;12795;6796;7.4;3.9
46;2021-03-05;809;364;13604;7160;7.9;4.1
46;2021-03-06;474;17;14078;7177;8.1;4.1
46;2021-03-07;101;19;14179;7196;8.2;4.2
46;2021-03-08;348;248;14527;7444;8.4;4.3
46;2021-03-09;743;270;15270;7714;8.8;4.5
46;2021-03-10;686;247;15956;7961;9.2;4.6
46;2021-03-11;842;254;16798;8215;9.7;4.7
46;2021-03-12;926;228;17724;8443;10.2;4.9
46;2021-03-13;512;3;18236;8446;10.5;4.9
46;2021-03-14;0;0;18236;8446;10.5;4.9
46;2021-03-15;495;165;18731;8611;10.8;5.0
46;2021-03-16;751;175;19482;8786;11.3;5.1
46;2021-03-17;671;202;20153;8988;11.6;5.2
46;2021-03-18;747;216;20900;9204;12.1;5.3
46;2021-03-19;809;150;21709;9354;12.5;5.4
46;2021-03-20;286;2;21995;9356;12.7;5.4
46;2021-03-21;2;0;21997;9356;12.7;5.4
46;2021-03-22;553;240;22550;9596;13.0;5.5
46;2021-03-23;701;213;23251;9809;13.4;5.7
46;2021-03-24;673;240;23924;10049;13.8;5.8
46;2021-03-25;1133;181;25057;10230;14.5;5.9
46;2021-03-26;1026;338;26083;10568;15.1;6.1
46;2021-03-27;420;71;26503;10639;15.3;6.1
46;2021-03-28;126;1;26629;10640;15.4;6.1
46;2021-03-29;730;251;27359;10891;15.8;6.3
46;2021-03-30;768;361;28127;11252;16.2;6.5
46;2021-03-31;863;420;28990;11672;16.7;6.7
46;2021-04-01;1166;342;30156;12014;17.4;6.9
46;2021-04-02;925;395;31081;12409;17.9;7.2
46;2021-04-03;167;166;31248;12575;18.0;7.3
46;2021-04-04;0;71;31248;12646;18.0;7.3
46;2021-04-05;1;0;31249;12646;18.0;7.3
46;2021-04-06;544;519;31793;13165;18.4;7.6
46;2021-04-07;782;644;32575;13809;18.8;8.0
46;2021-04-08;961;542;33536;14351;19.4;8.3
46;2021-04-09;1016;501;34552;14852;20.0;8.6
46;2021-04-10;497;208;35049;15060;20.2;8.7
46;2021-04-11;232;1;35281;15061;20.4;8.7
46;2021-04-12;844;546;36125;15607;20.9;9.0
46;2021-04-13;1184;716;37309;16323;21.5;9.4
46;2021-04-14;1532;614;38841;16937;22.4;9.8
46;2021-04-15;1494;664;40335;17601;23.3;10.2
46;2021-04-16;1577;563;41912;18164;24.2;10.5
46;2021-04-17;992;132;42904;18296;24.8;10.6
46;2021-04-18;515;8;43419;18304;25.1;10.6
46;2021-04-19;1067;571;44486;18875;25.7;10.9
46;2021-04-20;1222;725;45708;19600;26.4;11.3
46;2021-04-21;1228;713;46936;20313;27.1;11.7
46;2021-04-22;1388;726;48324;21039;27.9;12.1
46;2021-04-23;1132;730;49456;21769;28.6;12.6
46;2021-04-24;472;18;49928;21787;28.8;12.6
46;2021-04-25;351;9;50279;21796;29.0;12.6
46;2021-04-26;854;730;51133;22526;29.5;13.0
46;2021-04-27;1220;664;52353;23190;30.2;13.4
46;2021-04-28;1289;668;53642;23858;31.0;13.8
46;2021-04-29;1415;523;55057;24381;31.8;14.1
46;2021-04-30;1434;559;56491;24940;32.6;14.4
46;2021-05-01;697;71;57188;25011;33.0;14.4
46;2021-05-02;346;3;57534;25014;33.2;14.4
46;2021-05-03;853;568;58387;25582;33.7;14.8
46;2021-05-04;1036;1060;59423;26642;34.3;15.4
46;2021-05-05;1376;784;60799;27426;35.1;15.8
46;2021-05-06;1376;739;62175;28165;35.9;16.3
46;2021-05-07;1395;790;63570;28955;36.7;16.7
46;2021-05-08;283;413;63853;29368;36.9;17.0
46;2021-05-09;23;225;63876;29593;36.9;17.1
46;2021-05-10;519;1140;64395;30733;37.2;17.7
46;2021-05-11;1037;1259;65432;31992;37.8;18.5
46;2021-05-12;994;1559;66426;33551;38.4;19.4
46;2021-05-13;599;143;67025;33694;38.7;19.5
46;2021-05-14;962;1096;67987;34790;39.3;20.1
46;2021-05-15;256;653;68243;35443;39.4;20.5
46;2021-05-16;78;298;68321;35741;39.5;20.6
46;2021-05-17;652;958;68973;36699;39.8;21.2
46;2021-05-18;1404;1019;70377;37718;40.6;21.8
46;2021-05-19;1305;899;71682;38617;41.4;22.3
46;2021-05-20;1451;810;73133;39427;42.2;22.8
46;2021-05-21;997;1158;74130;40585;42.8;23.4
46;2021-05-22;145;369;74275;40954;42.9;23.7
46;2021-05-23;448;24;74723;40978;43.2;23.7
46;2021-05-24;409;113;75132;41091;43.4;23.7
46;2021-05-25;962;1330;76094;42421;43.9;24.5
46;2021-05-26;1236;1151;77330;43572;44.7;25.2
46;2021-05-27;1432;1192;78762;44764;45.5;25.9
46;2021-05-28;1436;1208;80198;45972;46.3;26.5
46;2021-05-29;1052;398;81250;46370;46.9;26.8
46;2021-05-30;408;39;81658;46409;47.2;26.8
46;2021-05-31;970;975;82628;47384;47.7;27.4
46;2021-06-01;1277;996;83905;48380;48.5;27.9
46;2021-06-02;1316;1114;85221;49494;49.2;28.6
46;2021-06-03;1414;1007;86635;50501;50.0;29.2
46;2021-06-04;1330;976;87965;51477;50.8;29.7
46;2021-06-05;380;413;88345;51890;51.0;30.0
46;2021-06-06;207;95;88552;51985;51.1;30.0
46;2021-06-07;813;617;89365;52602;51.6;30.4
46;2021-06-08;1021;896;90386;53498;52.2;30.9
46;2021-06-09;1505;971;91891;54469;53.1;31.5
46;2021-06-10;974;847;92865;55316;53.6;31.9
46;2021-06-11;970;1322;93835;56638;54.2;32.7
46;2021-06-12;460;548;94295;57186;54.5;33.0
46;2021-06-13;27;86;94322;57272;54.5;33.1
46;2021-06-14;589;1138;94911;58410;54.8;33.7
46;2021-06-15;748;1248;95659;59658;55.2;34.5
46;2021-06-16;997;1113;96656;60771;55.8;35.1
46;2021-06-17;523;895;97179;61666;56.1;35.6
46;2021-06-18;649;1252;97828;62918;56.5;36.3
46;2021-06-19;453;312;98281;63230;56.8;36.5
46;2021-06-20;39;161;98320;63391;56.8;36.6
46;2021-06-21;428;945;98748;64336;57.0;37.2
46;2021-06-22;348;1179;99096;65515;57.2;37.8
46;2021-06-23;517;1074;99613;66589;57.5;38.5
46;2021-06-24;250;822;99863;67411;57.7;38.9
46;2021-06-25;492;1119;100355;68530;58.0;39.6
46;2021-06-26;394;551;100749;69081;58.2;39.9
46;2021-06-27;2;4;100751;69085;58.2;39.9
46;2021-06-28;313;1338;101064;70423;58.4;40.7
46;2021-06-29;374;1686;101438;72109;58.6;41.6
46;2021-06-30;507;1581;101945;73690;58.9;42.6
46;2021-07-01;303;1153;102248;74843;59.0;43.2
46;2021-07-02;447;1087;102695;75930;59.3;43.8
46;2021-07-03;119;456;102814;76386;59.4;44.1
46;2021-07-04;55;127;102869;76513;59.4;44.2
46;2021-07-05;340;1189;103209;77702;59.6;44.9
46;2021-07-06;368;1459;103577;79161;59.8;45.7
46;2021-07-07;573;1720;104150;80881;60.1;46.7
46;2021-07-08;339;1168;104489;82049;60.3;47.4
46;2021-07-09;394;1703;104883;83752;60.6;48.4
46;2021-07-10;281;1043;105164;84795;60.7;49.0
46;2021-07-11;15;375;105179;85170;60.7;49.2
46;2021-07-12;245;1262;105424;86432;60.9;49.9
46;2021-07-13;622;1673;106046;88105;61.2;50.9
46;2021-07-14;63;144;106109;88249;61.3;51.0
46;2021-07-15;887;1463;106996;89712;61.8;51.8
46;2021-07-16;763;1396;107759;91108;62.2;52.6
46;2021-07-17;346;531;108105;91639;62.4;52.9
46;2021-07-18;0;0;108105;91639;62.4;52.9
46;2021-07-19;663;1184;108768;92823;62.8;53.6
46;2021-07-20;975;1425;109743;94248;63.4;54.4
46;2021-07-21;995;1382;110738;95630;63.9;55.2
46;2021-07-22;1363;1107;112101;96737;64.7;55.9
46;2021-07-23;728;1316;112829;98053;65.2;56.6
46;2021-07-24;926;661;113755;98714;65.7;57.0
46;2021-07-25;134;16;113889;98730;65.8;57.0
46;2021-07-26;816;876;114705;99606;66.2;57.5
46;2021-07-27;1190;972;115895;100578;66.9;58.1
46;2021-07-28;1228;1093;117123;101671;67.6;58.7
47;2020-12-27;0;0;0;0;0.0;0.0
47;2020-12-28;0;0;0;0;0.0;0.0
47;2020-12-29;0;0;0;0;0.0;0.0
47;2020-12-30;0;0;0;0;0.0;0.0
47;2020-12-31;0;0;0;0;0.0;0.0
47;2021-01-01;4;0;4;0;0.0;0.0
47;2021-01-02;0;0;4;0;0.0;0.0
47;2021-01-03;0;0;4;0;0.0;0.0
47;2021-01-04;0;0;4;0;0.0;0.0
47;2021-01-05;0;0;4;0;0.0;0.0
47;2021-01-06;0;0;4;0;0.0;0.0
47;2021-01-07;71;1;75;1;0.0;0.0
47;2021-01-08;314;0;389;1;0.1;0.0
47;2021-01-09;113;0;502;1;0.2;0.0
47;2021-01-10;0;0;502;1;0.2;0.0
47;2021-01-11;249;0;751;1;0.2;0.0
47;2021-01-12;325;0;1076;1;0.3;0.0
47;2021-01-13;349;0;1425;1;0.4;0.0
47;2021-01-14;364;4;1789;5;0.5;0.0
47;2021-01-15;286;1;2075;6;0.6;0.0
47;2021-01-16;176;4;2251;10;0.7;0.0
47;2021-01-17;0;0;2251;10;0.7;0.0
47;2021-01-18;482;1;2733;11;0.8;0.0
47;2021-01-19;469;2;3202;13;1.0;0.0
47;2021-01-20;511;0;3713;13;1.1;0.0
47;2021-01-21;584;0;4297;13;1.3;0.0
47;2021-01-22;463;0;4760;13;1.4;0.0
47;2021-01-23;389;1;5149;14;1.6;0.0
47;2021-01-24;0;0;5149;14;1.6;0.0
47;2021-01-25;425;0;5574;14;1.7;0.0
47;2021-01-26;788;4;6362;18;1.9;0.0
47;2021-01-27;730;1;7092;19;2.1;0.0
47;2021-01-28;575;68;7667;87;2.3;0.0
47;2021-01-29;462;170;8129;257;2.5;0.1
47;2021-01-30;301;39;8430;296;2.6;0.1
47;2021-01-31;0;0;8430;296;2.6;0.1
47;2021-02-01;374;116;8804;412;2.7;0.1
47;2021-02-02;757;317;9561;729;2.9;0.2
47;2021-02-03;424;163;9985;892;3.0;0.3
47;2021-02-04;370;317;10355;1209;3.1;0.4
47;2021-02-05;300;311;10655;1520;3.2;0.5
47;2021-02-06;294;99;10949;1619;3.3;0.5
47;2021-02-07;0;0;10949;1619;3.3;0.5
47;2021-02-08;184;287;11133;1906;3.4;0.6
47;2021-02-09;231;260;11364;2166;3.4;0.7
47;2021-02-10;255;245;11619;2411;3.5;0.7
47;2021-02-11;357;378;11976;2789;3.6;0.8
47;2021-02-12;242;414;12218;3203;3.7;1.0
47;2021-02-13;224;111;12442;3314;3.8;1.0
47;2021-02-14;0;0;12442;3314;3.8;1.0
47;2021-02-15;195;385;12637;3699;3.8;1.1
47;2021-02-16;303;590;12940;4289;3.9;1.3
47;2021-02-17;326;456;13266;4745;4.0;1.4
47;2021-02-18;200;598;13466;5343;4.1;1.6
47;2021-02-19;194;368;13660;5711;4.1;1.7
47;2021-02-20;117;269;13777;5980;4.2;1.8
47;2021-02-21;0;0;13777;5980;4.2;1.8
47;2021-02-22;75;408;13852;6388;4.2;1.9
47;2021-02-23;151;649;14003;7037;4.2;2.1
47;2021-02-24;260;561;14263;7598;4.3;2.3
47;2021-02-25;305;413;14568;8011;4.4;2.4
47;2021-02-26;468;323;15036;8334;4.6;2.5
47;2021-02-27;324;213;15360;8547;4.6;2.6
47;2021-02-28;0;0;15360;8547;4.6;2.6
47;2021-03-01;124;397;15484;8944;4.7;2.7
47;2021-03-02;200;366;15684;9310;4.7;2.8
47;2021-03-03;244;349;15928;9659;4.8;2.9
47;2021-03-04;590;329;16518;9988;5.0;3.0
47;2021-03-05;844;288;17362;10276;5.3;3.1
47;2021-03-06;507;195;17869;10471;5.4;3.2
47;2021-03-07;331;5;18200;10476;5.5;3.2
47;2021-03-08;457;227;18657;10703;5.6;3.2
47;2021-03-09;509;493;19166;11196;5.8;3.4
47;2021-03-10;666;301;19832;11497;6.0;3.5
47;2021-03-11;937;376;20769;11873;6.3;3.6
47;2021-03-12;1370;294;22139;12167;6.7;3.7
47;2021-03-13;948;105;23087;12272;7.0;3.7
47;2021-03-14;51;0;23138;12272;7.0;3.7
47;2021-03-15;591;163;23729;12435;7.2;3.8
47;2021-03-16;750;176;24479;12611;7.4;3.8
47;2021-03-17;859;207;25338;12818;7.7;3.9
47;2021-03-18;915;173;26253;12991;7.9;3.9
47;2021-03-19;1270;123;27523;13114;8.3;4.0
47;2021-03-20;1084;56;28607;13170;8.7;4.0
47;2021-03-21;343;1;28950;13171;8.8;4.0
47;2021-03-22;1011;93;29961;13264;9.1;4.0
47;2021-03-23;1148;146;31109;13410;9.4;4.1
47;2021-03-24;1211;130;32320;13540;9.8;4.1
47;2021-03-25;1567;145;33887;13685;10.3;4.1
47;2021-03-26;1881;197;35768;13882;10.8;4.2
47;2021-03-27;977;129;36745;14011;11.1;4.2
47;2021-03-28;698;4;37443;14015;11.3;4.2
47;2021-03-29;1511;79;38954;14094;11.8;4.3
47;2021-03-30;1639;124;40593;14218;12.3;4.3
47;2021-03-31;1603;144;42196;14362;12.8;4.3
47;2021-04-01;1684;265;43880;14627;13.3;4.4
47;2021-04-02;1931;455;45811;15082;13.9;4.6
47;2021-04-03;1200;176;47011;15258;14.2;4.6
47;2021-04-04;473;11;47484;15269;14.4;4.6
47;2021-04-05;1295;54;48779;15323;14.8;4.6
47;2021-04-06;1384;385;50163;15708;15.2;4.8
47;2021-04-07;1691;585;51854;16293;15.7;4.9
47;2021-04-08;1832;470;53686;16763;16.3;5.1
47;2021-04-09;2081;538;55767;17301;16.9;5.2
47;2021-04-10;1564;321;57331;17622;17.4;5.3
47;2021-04-11;530;8;57861;17630;17.5;5.3
47;2021-04-12;1437;607;59298;18237;18.0;5.5
47;2021-04-13;1817;758;61115;18995;18.5;5.8
47;2021-04-14;1749;717;62864;19712;19.0;6.0
47;2021-04-15;2012;842;64876;20554;19.6;6.2
47;2021-04-16;1764;893;66640;21447;20.2;6.5
47;2021-04-17;1472;970;68112;22417;20.6;6.8
47;2021-04-18;23;0;68135;22417;20.6;6.8
47;2021-04-19;1332;930;69467;23347;21.0;7.1
47;2021-04-20;1624;900;71091;24247;21.5;7.3
47;2021-04-21;1621;769;72712;25016;22.0;7.6
47;2021-04-22;1869;1057;74581;26073;22.6;7.9
47;2021-04-23;1722;1068;76303;27141;23.1;8.2
47;2021-04-24;1546;798;77849;27939;23.6;8.5
47;2021-04-25;242;344;78091;28283;23.6;8.6
47;2021-04-26;1485;1361;79576;29644;24.1;9.0
47;2021-04-27;1923;1469;81499;31113;24.7;9.4
47;2021-04-28;2090;1587;83589;32700;25.3;9.9
47;2021-04-29;2530;1504;86119;34204;26.1;10.4
47;2021-04-30;2040;1777;88159;35981;26.7;10.9
47;2021-05-01;2263;982;90422;36963;27.4;11.2
47;2021-05-02;21;358;90443;37321;27.4;11.3
47;2021-05-03;1596;1418;92039;38739;27.9;11.7
47;2021-05-04;1651;1727;93690;40466;28.4;12.2
47;2021-05-05;1927;1641;95617;42107;28.9;12.7
47;2021-05-06;2103;1507;97720;43614;29.6;13.2
47;2021-05-07;1994;1623;99714;45237;30.2;13.7
47;2021-05-08;2095;464;101809;45701;30.8;13.8
47;2021-05-09;24;362;101833;46063;30.8;13.9
47;2021-05-10;1203;1671;103036;47734;31.2;14.5
47;2021-05-11;2171;1990;105207;49724;31.8;15.1
47;2021-05-12;2626;1449;107833;51173;32.6;15.5
47;2021-05-13;2379;656;110212;51829;33.4;15.7
47;2021-05-14;2062;858;112274;52687;34.0;15.9
47;2021-05-15;1934;861;114208;53548;34.6;16.2
47;2021-05-16;367;8;114575;53556;34.7;16.2
47;2021-05-17;1882;1124;116457;54680;35.3;16.6
47;2021-05-18;2355;1136;118812;55816;36.0;16.9
47;2021-05-19;2344;760;121156;56576;36.7;17.1
47;2021-05-20;2581;963;123737;57539;37.5;17.4
47;2021-05-21;1537;1129;125274;58668;37.9;17.8
47;2021-05-22;2365;834;127639;59502;38.6;18.0
47;2021-05-23;25;183;127664;59685;38.6;18.1
47;2021-05-24;1550;232;129214;59917;39.1;18.1
47;2021-05-25;1481;1316;130695;61233;39.6;18.5
47;2021-05-26;1599;1081;132294;62314;40.0;18.9
47;2021-05-27;1943;1266;134237;63580;40.6;19.2
47;2021-05-28;1458;1538;135695;65118;41.1;19.7
47;2021-05-29;1152;1127;136847;66245;41.4;20.1
47;2021-05-30;12;45;136859;66290;41.4;20.1
47;2021-05-31;1867;1421;138726;67711;42.0;20.5
47;2021-06-01;1920;1335;140646;69046;42.6;20.9
47;2021-06-02;2099;1333;142745;70379;43.2;21.3
47;2021-06-03;2481;1608;145226;71987;44.0;21.8
47;2021-06-04;1968;2110;147194;74097;44.6;22.4
47;2021-06-05;1637;1474;148831;75571;45.1;22.9
47;2021-06-06;212;71;149043;75642;45.1;22.9
47;2021-06-07;1664;2245;150707;77887;45.6;23.6
47;2021-06-08;1627;1905;152334;79792;46.1;24.2
47;2021-06-09;1821;2125;154155;81917;46.7;24.8
47;2021-06-10;2367;1609;156522;83526;47.4;25.3
47;2021-06-11;1822;2099;158344;85625;47.9;25.9
47;2021-06-12;1351;2101;159695;87726;48.3;26.6
47;2021-06-13;4;10;159699;87736;48.3;26.6
47;2021-06-14;1280;2448;160979;90184;48.7;27.3
47;2021-06-15;1464;2032;162443;92216;49.2;27.9
47;2021-06-16;1205;2182;163648;94398;49.5;28.6
47;2021-06-17;1649;1524;165297;95922;50.0;29.0
47;2021-06-18;1438;2494;166735;98416;50.5;29.8
47;2021-06-19;1527;2456;168262;100872;50.9;30.5
47;2021-06-20;4;33;168266;100905;50.9;30.5
47;2021-06-21;1132;2509;169398;103414;51.3;31.3
47;2021-06-22;759;2502;170157;105916;51.5;32.1
47;2021-06-23;996;2014;171153;107930;51.8;32.7
47;2021-06-24;1206;1935;172359;109865;52.2;33.3
47;2021-06-25;1003;2609;173362;112474;52.5;34.0
47;2021-06-26;981;2784;174343;115258;52.8;34.9
47;2021-06-27;14;349;174357;115607;52.8;35.0
47;2021-06-28;867;2399;175224;118006;53.0;35.7
47;2021-06-29;794;2316;176018;120322;53.3;36.4
47;2021-06-30;727;2311;176745;122633;53.5;37.1
47;2021-07-01;816;2108;177561;124741;53.8;37.8
47;2021-07-02;886;2277;178447;127018;54.0;38.5
47;2021-07-03;722;3043;179169;130061;54.2;39.4
47;2021-07-04;34;12;179203;130073;54.2;39.4
47;2021-07-05;973;2143;180176;132216;54.5;40.0
47;2021-07-06;910;1962;181086;134178;54.8;40.6
47;2021-07-07;1293;2061;182379;136239;55.2;41.2
47;2021-07-08;1139;2193;183518;138432;55.6;41.9
47;2021-07-09;1045;2409;184563;140841;55.9;42.6
47;2021-07-10;950;2132;185513;142973;56.2;43.3
47;2021-07-11;0;6;185513;142979;56.2;43.3
47;2021-07-12;554;2585;186067;145564;56.3;44.1
47;2021-07-13;1085;2590;187152;148154;56.7;44.8
47;2021-07-14;1156;1576;188308;149730;57.0;45.3
47;2021-07-15;1705;3133;190013;152863;57.5;46.3
47;2021-07-16;1710;2679;191723;155542;58.0;47.1
47;2021-07-17;1173;2455;192896;157997;58.4;47.8
47;2021-07-18;36;188;192932;158185;58.4;47.9
47;2021-07-19;1113;2563;194045;160748;58.7;48.7
47;2021-07-20;1608;2336;195653;163084;59.2;49.4
47;2021-07-21;2170;2237;197823;165321;59.9;50.0
47;2021-07-22;2145;2286;199968;167607;60.5;50.7
47;2021-07-23;2098;2244;202066;169851;61.2;51.4
47;2021-07-24;1108;1910;203174;171761;61.5;52.0
47;2021-07-25;11;1;203185;171762;61.5;52.0
47;2021-07-26;1223;1940;204408;173702;61.9;52.6
47;2021-07-27;2081;1619;206489;175321;62.5;53.1
47;2021-07-28;1857;1590;208346;176911;63.1;53.6
48;2020-12-27;0;0;0;0;0.0;0.0
48;2020-12-28;0;0;0;0;0.0;0.0
48;2020-12-29;0;0;0;0;0.0;0.0
48;2020-12-30;0;0;0;0;0.0;0.0
48;2020-12-31;0;0;0;0;0.0;0.0
48;2021-01-01;0;0;0;0;0.0;0.0
48;2021-01-02;0;0;0;0;0.0;0.0
48;2021-01-03;0;0;0;0;0.0;0.0
48;2021-01-04;0;0;0;0;0.0;0.0
48;2021-01-05;0;0;0;0;0.0;0.0
48;2021-01-06;0;0;0;0;0.0;0.0
48;2021-01-07;54;0;54;0;0.1;0.0
48;2021-01-08;87;0;141;0;0.2;0.0
48;2021-01-09;1;0;142;0;0.2;0.0
48;2021-01-10;0;0;142;0;0.2;0.0
48;2021-01-11;13;0;155;0;0.2;0.0
48;2021-01-12;19;1;174;1;0.2;0.0
48;2021-01-13;104;0;278;1;0.4;0.0
48;2021-01-14;90;1;368;2;0.5;0.0
48;2021-01-15;63;0;431;2;0.6;0.0
48;2021-01-16;0;0;431;2;0.6;0.0
48;2021-01-17;0;0;431;2;0.6;0.0
48;2021-01-18;117;0;548;2;0.7;0.0
48;2021-01-19;345;0;893;2;1.2;0.0
48;2021-01-20;364;0;1257;2;1.6;0.0
48;2021-01-21;465;0;1722;2;2.3;0.0
48;2021-01-22;269;0;1991;2;2.6;0.0
48;2021-01-23;36;0;2027;2;2.7;0.0
48;2021-01-24;0;0;2027;2;2.7;0.0
48;2021-01-25;109;0;2136;2;2.8;0.0
48;2021-01-26;261;1;2397;3;3.1;0.0
48;2021-01-27;257;2;2654;5;3.5;0.0
48;2021-01-28;270;10;2924;15;3.8;0.0
48;2021-01-29;175;60;3099;75;4.1;0.1
48;2021-01-30;1;7;3100;82;4.1;0.1
48;2021-01-31;0;6;3100;88;4.1;0.1
48;2021-02-01;97;48;3197;136;4.2;0.2
48;2021-02-02;188;36;3385;172;4.4;0.2
48;2021-02-03;177;82;3562;254;4.7;0.3
48;2021-02-04;234;13;3796;267;5.0;0.3
48;2021-02-05;144;35;3940;302;5.2;0.4
48;2021-02-06;34;0;3974;302;5.2;0.4
48;2021-02-07;0;0;3974;302;5.2;0.4
48;2021-02-08;50;61;4024;363;5.3;0.5
48;2021-02-09;66;167;4090;530;5.4;0.7
48;2021-02-10;65;303;4155;833;5.4;1.1
48;2021-02-11;165;407;4320;1240;5.7;1.6
48;2021-02-12;119;156;4439;1396;5.8;1.8
48;2021-02-13;8;55;4447;1451;5.8;1.9
48;2021-02-14;0;0;4447;1451;5.8;1.9
48;2021-02-15;51;106;4498;1557;5.9;2.0
48;2021-02-16;43;173;4541;1730;6.0;2.3
48;2021-02-17;35;284;4576;2014;6.0;2.6
48;2021-02-18;252;95;4828;2109;6.3;2.8
48;2021-02-19;60;183;4888;2292;6.4;3.0
48;2021-02-20;0;1;4888;2293;6.4;3.0
48;2021-02-21;0;14;4888;2307;6.4;3.0
48;2021-02-22;24;129;4912;2436;6.4;3.2
48;2021-02-23;74;221;4986;2657;6.5;3.5
48;2021-02-24;66;265;5052;2922;6.6;3.8
48;2021-02-25;148;263;5200;3185;6.8;4.2
48;2021-02-26;51;226;5251;3411;6.9;4.5
48;2021-02-27;28;1;5279;3412;6.9;4.5
48;2021-02-28;3;14;5282;3426;6.9;4.5
48;2021-03-01;102;96;5384;3522;7.1;4.6
48;2021-03-02;199;87;5583;3609;7.3;4.7
48;2021-03-03;155;111;5738;3720;7.5;4.9
48;2021-03-04;192;183;5930;3903;7.8;5.1
48;2021-03-05;137;141;6067;4044;8.0;5.3
48;2021-03-06;180;53;6247;4097;8.2;5.4
48;2021-03-07;75;1;6322;4098;8.3;5.4
48;2021-03-08;351;121;6673;4219;8.7;5.5
48;2021-03-09;377;86;7050;4305;9.2;5.6
48;2021-03-10;262;61;7312;4366;9.6;5.7
48;2021-03-11;334;90;7646;4456;10.0;5.8
48;2021-03-12;256;155;7902;4611;10.4;6.0
48;2021-03-13;301;5;8203;4616;10.8;6.1
48;2021-03-14;8;0;8211;4616;10.8;6.1
48;2021-03-15;174;63;8385;4679;11.0;6.1
48;2021-03-16;164;65;8549;4744;11.2;6.2
48;2021-03-17;156;110;8705;4854;11.4;6.4
48;2021-03-18;190;103;8895;4957;11.7;6.5
48;2021-03-19;116;95;9011;5052;11.8;6.6
48;2021-03-20;101;0;9112;5052;11.9;6.6
48;2021-03-21;0;0;9112;5052;11.9;6.6
48;2021-03-22;160;22;9272;5074;12.2;6.7
48;2021-03-23;328;102;9600;5176;12.6;6.8
48;2021-03-24;284;100;9884;5276;13.0;6.9
48;2021-03-25;757;112;10641;5388;13.9;7.1
48;2021-03-26;269;57;10910;5445;14.3;7.1
48;2021-03-27;104;0;11014;5445;14.4;7.1
48;2021-03-28;78;19;11092;5464;14.5;7.2
48;2021-03-29;304;78;11396;5542;14.9;7.3
48;2021-03-30;362;128;11758;5670;15.4;7.4
48;2021-03-31;447;83;12205;5753;16.0;7.5
48;2021-04-01;729;66;12934;5819;17.0;7.6
48;2021-04-02;486;124;13420;5943;17.6;7.8
48;2021-04-03;140;83;13560;6026;17.8;7.9
48;2021-04-04;0;0;13560;6026;17.8;7.9
48;2021-04-05;43;1;13603;6027;17.8;7.9
48;2021-04-06;464;155;14067;6182;18.4;8.1
48;2021-04-07;465;139;14532;6321;19.0;8.3
48;2021-04-08;618;183;15150;6504;19.9;8.5
48;2021-04-09;446;116;15596;6620;20.4;8.7
48;2021-04-10;95;58;15691;6678;20.6;8.8
48;2021-04-11;1;0;15692;6678;20.6;8.8
48;2021-04-12;364;70;16056;6748;21.0;8.8
48;2021-04-13;361;92;16417;6840;21.5;9.0
48;2021-04-14;624;185;17041;7025;22.3;9.2
48;2021-04-15;698;353;17739;7378;23.3;9.7
48;2021-04-16;538;220;18277;7598;24.0;10.0
48;2021-04-17;89;69;18366;7667;24.1;10.1
48;2021-04-18;0;0;18366;7667;24.1;10.1
48;2021-04-19;197;104;18563;7771;24.3;10.2
48;2021-04-20;216;177;18779;7948;24.6;10.4
48;2021-04-21;284;205;19063;8153;25.0;10.7
48;2021-04-22;308;479;19371;8632;25.4;11.3
48;2021-04-23;254;241;19625;8873;25.7;11.6
48;2021-04-24;97;93;19722;8966;25.9;11.8
48;2021-04-25;1;9;19723;8975;25.9;11.8
48;2021-04-26;87;207;19810;9182;26.0;12.0
48;2021-04-27;172;292;19982;9474;26.2;12.4
48;2021-04-28;149;413;20131;9887;26.4;13.0
48;2021-04-29;204;490;20335;10377;26.7;13.6
48;2021-04-30;171;223;20506;10600;26.9;13.9
48;2021-05-01;0;0;20506;10600;26.9;13.9
48;2021-05-02;0;0;20506;10600;26.9;13.9
48;2021-05-03;105;386;20611;10986;27.0;14.4
48;2021-05-04;227;420;20838;11406;27.3;15.0
48;2021-05-05;84;484;20922;11890;27.4;15.6
48;2021-05-06;742;633;21664;12523;28.4;16.4
48;2021-05-07;96;504;21760;13027;28.5;17.1
48;2021-05-08;309;43;22069;13070;28.9;17.1
48;2021-05-09;285;9;22354;13079;29.3;17.1
48;2021-05-10;55;325;22409;13404;29.4;17.6
48;2021-05-11;220;290;22629;13694;29.7;18.0
48;2021-05-12;249;312;22878;14006;30.0;18.4
48;2021-05-13;471;157;23349;14163;30.6;18.6
48;2021-05-14;244;221;23593;14384;30.9;18.9
48;2021-05-15;84;47;23677;14431;31.0;18.9
48;2021-05-16;0;8;23677;14439;31.0;18.9
48;2021-05-17;474;265;24151;14704;31.7;19.3
48;2021-05-18;263;228;24414;14932;32.0;19.6
48;2021-05-19;207;278;24621;15210;32.3;19.9
48;2021-05-20;320;253;24941;15463;32.7;20.3
48;2021-05-21;172;267;25113;15730;32.9;20.6
48;2021-05-22;25;50;25138;15780;33.0;20.7
48;2021-05-23;0;6;25138;15786;33.0;20.7
48;2021-05-24;0;14;25138;15800;33.0;20.7
48;2021-05-25;180;265;25318;16065;33.2;21.1
48;2021-05-26;416;298;25734;16363;33.7;21.4
48;2021-05-27;1176;373;26910;16736;35.3;21.9
48;2021-05-28;315;343;27225;17079;35.7;22.4
48;2021-05-29;79;50;27304;17129;35.8;22.5
48;2021-05-30;0;1;27304;17130;35.8;22.5
48;2021-05-31;625;262;27929;17392;36.6;22.8
48;2021-06-01;271;302;28200;17694;37.0;23.2
48;2021-06-02;407;422;28607;18116;37.5;23.7
48;2021-06-03;628;428;29235;18544;38.3;24.3
48;2021-06-04;291;281;29526;18825;38.7;24.7
48;2021-06-05;121;75;29647;18900;38.9;24.8
48;2021-06-06;1;1;29648;18901;38.9;24.8
48;2021-06-07;440;161;30088;19062;39.4;25.0
48;2021-06-08;613;303;30701;19365;40.2;25.4
48;2021-06-09;378;188;31079;19553;40.7;25.6
48;2021-06-10;1000;231;32079;19784;42.1;25.9
48;2021-06-11;372;159;32451;19943;42.5;26.1
48;2021-06-12;74;56;32525;19999;42.6;26.2
48;2021-06-13;0;2;32525;20001;42.6;26.2
48;2021-06-14;124;115;32649;20116;42.8;26.4
48;2021-06-15;406;384;33055;20500;43.3;26.9
48;2021-06-16;259;143;33314;20643;43.7;27.1
48;2021-06-17;487;572;33801;21215;44.3;27.8
48;2021-06-18;254;313;34055;21528;44.6;28.2
48;2021-06-19;35;291;34090;21819;44.7;28.6
48;2021-06-20;123;224;34213;22043;44.8;28.9
48;2021-06-21;125;132;34338;22175;45.0;29.1
48;2021-06-22;257;331;34595;22506;45.3;29.5
48;2021-06-23;111;546;34706;23052;45.5;30.2
48;2021-06-24;361;603;35067;23655;46.0;31.0
48;2021-06-25;148;274;35215;23929;46.2;31.4
48;2021-06-26;14;45;35229;23974;46.2;31.4
48;2021-06-27;1;1;35230;23975;46.2;31.4
48;2021-06-28;81;179;35311;24154;46.3;31.7
48;2021-06-29;296;412;35607;24566;46.7;32.2
48;2021-06-30;95;465;35702;25031;46.8;32.8
48;2021-07-01;196;666;35898;25697;47.1;33.7
48;2021-07-02;147;368;36045;26065;47.2;34.2
48;2021-07-03;41;88;36086;26153;47.3;34.3
48;2021-07-04;7;0;36093;26153;47.3;34.3
48;2021-07-05;40;116;36133;26269;47.4;34.4
48;2021-07-06;277;596;36410;26865;47.7;35.2
48;2021-07-07;200;483;36610;27348;48.0;35.8
48;2021-07-08;222;1186;36832;28534;48.3;37.4
48;2021-07-09;156;552;36988;29086;48.5;38.1
48;2021-07-10;95;146;37083;29232;48.6;38.3
48;2021-07-11;0;4;37083;29236;48.6;38.3
48;2021-07-12;138;672;37221;29908;48.8;39.2
48;2021-07-13;212;431;37433;30339;49.1;39.8
48;2021-07-14;178;142;37611;30481;49.3;40.0
48;2021-07-15;185;458;37796;30939;49.5;40.6
48;2021-07-16;233;310;38029;31249;49.9;41.0
48;2021-07-17;121;117;38150;31366;50.0;41.1
48;2021-07-18;4;4;38154;31370;50.0;41.1
48;2021-07-19;97;302;38251;31672;50.1;41.5
48;2021-07-20;598;992;38849;32664;50.9;42.8
48;2021-07-21;68;370;38917;33034;51.0;43.3
48;2021-07-22;775;1118;39692;34152;52.0;44.8
48;2021-07-23;352;433;40044;34585;52.5;45.3
48;2021-07-24;504;166;40548;34751;53.2;45.6
48;2021-07-25;137;46;40685;34797;53.3;45.6
48;2021-07-26;100;198;40785;34995;53.5;45.9
48;2021-07-27;1188;640;41973;35635;55.0;46.7
48;2021-07-28;136;314;42109;35949;55.2;47.1
49;2020-12-27;0;0;0;0;0.0;0.0
49;2020-12-28;2;0;2;0;0.0;0.0
49;2020-12-29;0;0;2;0;0.0;0.0
49;2020-12-30;0;0;2;0;0.0;0.0
49;2020-12-31;0;0;2;0;0.0;0.0
49;2021-01-01;2;0;4;0;0.0;0.0
49;2021-01-02;1;1;5;1;0.0;0.0
49;2021-01-03;0;0;5;1;0.0;0.0
49;2021-01-04;9;0;14;1;0.0;0.0
49;2021-01-05;92;0;106;1;0.0;0.0
49;2021-01-06;232;0;338;1;0.0;0.0
49;2021-01-07;366;0;704;1;0.1;0.0
49;2021-01-08;330;1;1034;2;0.1;0.0
49;2021-01-09;118;0;1152;2;0.1;0.0
49;2021-01-10;114;0;1266;2;0.2;0.0
49;2021-01-11;287;0;1553;2;0.2;0.0
49;2021-01-12;622;0;2175;2;0.3;0.0
49;2021-01-13;601;2;2776;4;0.3;0.0
49;2021-01-14;587;6;3363;10;0.4;0.0
49;2021-01-15;774;1;4137;11;0.5;0.0
49;2021-01-16;147;0;4284;11;0.5;0.0
49;2021-01-17;111;2;4395;13;0.5;0.0
49;2021-01-18;691;0;5086;13;0.6;0.0
49;2021-01-19;1204;1;6290;14;0.8;0.0
49;2021-01-20;1507;3;7797;17;1.0;0.0
49;2021-01-21;1937;4;9734;21;1.2;0.0
49;2021-01-22;1315;4;11049;25;1.4;0.0
49;2021-01-23;263;1;11312;26;1.4;0.0
49;2021-01-24;0;0;11312;26;1.4;0.0
49;2021-01-25;549;5;11861;31;1.5;0.0
49;2021-01-26;987;75;12848;106;1.6;0.0
49;2021-01-27;1842;37;14690;143;1.8;0.0
49;2021-01-28;2872;85;17562;228;2.2;0.0
49;2021-01-29;1587;94;19149;322;2.3;0.0
49;2021-01-30;299;47;19448;369;2.4;0.0
49;2021-01-31;62;51;19510;420;2.4;0.1
49;2021-02-01;658;156;20168;576;2.5;0.1
49;2021-02-02;743;386;20911;962;2.6;0.1
49;2021-02-03;674;381;21585;1343;2.6;0.2
49;2021-02-04;755;445;22340;1788;2.7;0.2
49;2021-02-05;706;598;23046;2386;2.8;0.3
49;2021-02-06;229;111;23275;2497;2.9;0.3
49;2021-02-07;59;86;23334;2583;2.9;0.3
49;2021-02-08;549;481;23883;3064;2.9;0.4
49;2021-02-09;711;648;24594;3712;3.0;0.5
49;2021-02-10;801;951;25395;4663;3.1;0.6
49;2021-02-11;1000;1407;26395;6070;3.2;0.7
49;2021-02-12;869;975;27264;7045;3.3;0.9
49;2021-02-13;266;117;27530;7162;3.4;0.9
49;2021-02-14;9;106;27539;7268;3.4;0.9
49;2021-02-15;733;664;28272;7932;3.5;1.0
49;2021-02-16;1110;1124;29382;9056;3.6;1.1
49;2021-02-17;1156;1868;30538;10924;3.7;1.3
49;2021-02-18;1809;2437;32347;13361;4.0;1.6
49;2021-02-19;1391;1107;33738;14468;4.1;1.8
49;2021-02-20;233;383;33971;14851;4.2;1.8
49;2021-02-21;0;64;33971;14915;4.2;1.8
49;2021-02-22;646;586;34617;15501;4.2;1.9
49;2021-02-23;734;864;35351;16365;4.3;2.0
49;2021-02-24;802;646;36153;17011;4.4;2.1
49;2021-02-25;1208;822;37361;17833;4.6;2.2
49;2021-02-26;1667;849;39028;18682;4.8;2.3
49;2021-02-27;435;283;39463;18965;4.8;2.3
49;2021-02-28;49;38;39512;19003;4.8;2.3
49;2021-03-01;766;582;40278;19585;4.9;2.4
49;2021-03-02;1082;702;41360;20287;5.1;2.5
49;2021-03-03;1555;673;42915;20960;5.3;2.6
49;2021-03-04;1763;937;44678;21897;5.5;2.7
49;2021-03-05;2212;699;46890;22596;5.7;2.8
49;2021-03-06;715;187;47605;22783;5.8;2.8
49;2021-03-07;627;10;48232;22793;5.9;2.8
49;2021-03-08;1395;711;49627;23504;6.1;2.9
49;2021-03-09;2050;744;51677;24248;6.3;3.0
49;2021-03-10;2525;859;54202;25107;6.6;3.1
49;2021-03-11;3191;1467;57393;26574;7.0;3.3
49;2021-03-12;3765;1005;61158;27579;7.5;3.4
49;2021-03-13;1499;216;62657;27795;7.7;3.4
49;2021-03-14;6;0;62663;27795;7.7;3.4
49;2021-03-15;2084;547;64747;28342;7.9;3.5
49;2021-03-16;1731;962;66478;29304;8.1;3.6
49;2021-03-17;1811;673;68289;29977;8.4;3.7
49;2021-03-18;2199;726;70488;30703;8.6;3.8
49;2021-03-19;3328;561;73816;31264;9.0;3.8
49;2021-03-20;1741;210;75557;31474;9.3;3.9
49;2021-03-21;497;25;76054;31499;9.3;3.9
49;2021-03-22;2246;548;78300;32047;9.6;3.9
49;2021-03-23;3398;677;81698;32724;10.0;4.0
49;2021-03-24;3602;495;85300;33219;10.5;4.1
49;2021-03-25;4224;640;89524;33859;11.0;4.1
49;2021-03-26;4879;500;94403;34359;11.6;4.2
49;2021-03-27;1673;98;96076;34457;11.8;4.2
49;2021-03-28;398;33;96474;34490;11.8;4.2
49;2021-03-29;2369;614;98843;35104;12.1;4.3
49;2021-03-30;3266;939;102109;36043;12.5;4.4
49;2021-03-31;2976;748;105085;36791;12.9;4.5
49;2021-04-01;4120;861;109205;37652;13.4;4.6
49;2021-04-02;4285;931;113490;38583;13.9;4.7
49;2021-04-03;971;194;114461;38777;14.0;4.8
49;2021-04-04;314;3;114775;38780;14.1;4.8
49;2021-04-05;940;21;115715;38801;14.2;4.8
49;2021-04-06;2331;1323;118046;40124;14.5;4.9
49;2021-04-07;3308;1369;121354;41493;14.9;5.1
49;2021-04-08;5179;1398;126533;42891;15.5;5.3
49;2021-04-09;6208;1409;132741;44300;16.3;5.4
49;2021-04-10;2067;493;134808;44793;16.5;5.5
49;2021-04-11;389;7;135197;44800;16.6;5.5
49;2021-04-12;4071;1579;139268;46379;17.1;5.7
49;2021-04-13;5379;1911;144647;48290;17.7;5.9
49;2021-04-14;4538;1866;149185;50156;18.3;6.1
49;2021-04-15;5378;1887;154563;52043;18.9;6.4
49;2021-04-16;5756;2130;160319;54173;19.6;6.6
49;2021-04-17;3335;839;163654;55012;20.1;6.7
49;2021-04-18;381;476;164035;55488;20.1;6.8
49;2021-04-19;3709;2058;167744;57546;20.6;7.1
49;2021-04-20;4372;2109;172116;59655;21.1;7.3
49;2021-04-21;3954;2209;176070;61864;21.6;7.6
49;2021-04-22;4835;2102;180905;63966;22.2;7.8
49;2021-04-23;4810;2329;185715;66295;22.8;8.1
49;2021-04-24;2935;1155;188650;67450;23.1;8.3
49;2021-04-25;41;283;188691;67733;23.1;8.3
49;2021-04-26;3738;2113;192429;69846;23.6;8.6
49;2021-04-27;4473;2491;196902;72337;24.1;8.9
49;2021-04-28;4614;2478;201516;74815;24.7;9.2
49;2021-04-29;5207;3003;206723;77818;25.3;9.5
49;2021-04-30;5554;3183;212277;81001;26.0;9.9
49;2021-05-01;2364;664;214641;81665;26.3;10.0
49;2021-05-02;4;40;214645;81705;26.3;10.0
49;2021-05-03;5011;2389;219656;84094;26.9;10.3
49;2021-05-04;4969;3038;224625;87132;27.5;10.7
49;2021-05-05;4783;2994;229408;90126;28.1;11.0
49;2021-05-06;5328;3076;234736;93202;28.8;11.4
49;2021-05-07;4273;5012;239009;98214;29.3;12.0
49;2021-05-08;3576;435;242585;98649;29.7;12.1
49;2021-05-09;9;41;242594;98690;29.7;12.1
49;2021-05-10;4830;4265;247424;102955;30.3;12.6
49;2021-05-11;5396;5083;252820;108038;31.0;13.2
49;2021-05-12;4801;4587;257621;112625;31.6;13.8
49;2021-05-13;4778;684;262399;113309;32.2;13.9
49;2021-05-14;5171;3267;267570;116576;32.8;14.3
49;2021-05-15;4156;1807;271726;118383;33.3;14.5
49;2021-05-16;2788;116;274514;118499;33.6;14.5
49;2021-05-17;4831;3683;279345;122182;34.2;15.0
49;2021-05-18;5462;3758;284807;125940;34.9;15.4
49;2021-05-19;5915;3213;290722;129153;35.6;15.8
49;2021-05-20;6766;2957;297488;132110;36.5;16.2
49;2021-05-21;6456;3737;303944;135847;37.3;16.7
49;2021-05-22;5183;1190;309127;137037;37.9;16.8
49;2021-05-23;1;12;309128;137049;37.9;16.8
49;2021-05-24;4218;444;313346;137493;38.4;16.9
49;2021-05-25;6331;3304;319677;140797;39.2;17.3
49;2021-05-26;6273;2658;325950;143455;40.0;17.6
49;2021-05-27;7108;2720;333058;146175;40.8;17.9
49;2021-05-28;6874;4011;339932;150186;41.7;18.4
49;2021-05-29;5022;1894;344954;152080;42.3;18.6
49;2021-05-30;20;13;344974;152093;42.3;18.6
49;2021-05-31;6038;3216;351012;155309;43.0;19.0
49;2021-06-01;6589;3970;357601;159279;43.8;19.5
49;2021-06-02;5789;3738;363390;163017;44.5;20.0
49;2021-06-03;6603;3417;369993;166434;45.3;20.4
49;2021-06-04;6470;4857;376463;171291;46.1;21.0
49;2021-06-05;4384;2692;380847;173983;46.7;21.3
49;2021-06-06;35;52;380882;174035;46.7;21.3
49;2021-06-07;4628;4759;385510;178794;47.3;21.9
49;2021-06-08;5182;5094;390692;183888;47.9;22.5
49;2021-06-09;5320;4497;396012;188385;48.5;23.1
49;2021-06-10;5981;3784;401993;192169;49.3;23.6
49;2021-06-11;4851;6031;406844;198200;49.9;24.3
49;2021-06-12;4099;3201;410943;201401;50.4;24.7
49;2021-06-13;19;989;410962;202390;50.4;24.8
49;2021-06-14;3408;6011;414370;208401;50.8;25.5
49;2021-06-15;4240;6394;418610;214795;51.3;26.3
49;2021-06-16;4144;5679;422754;220474;51.8;27.0
49;2021-06-17;5068;5074;427822;225548;52.4;27.6
49;2021-06-18;4129;6883;431951;232431;52.9;28.5
49;2021-06-19;3525;3974;435476;236405;53.4;29.0
49;2021-06-20;25;23;435501;236428;53.4;29.0
49;2021-06-21;2823;6508;438324;242936;53.7;29.8
49;2021-06-22;3195;7002;441519;249938;54.1;30.6
49;2021-06-23;3248;6310;444767;256248;54.5;31.4
49;2021-06-24;4304;4969;449071;261217;55.0;32.0
49;2021-06-25;3317;7440;452388;268657;55.4;32.9
49;2021-06-26;2565;4629;454953;273286;55.8;33.5
49;2021-06-27;13;1543;454966;274829;55.8;33.7
49;2021-06-28;2229;7172;457195;282001;56.0;34.6
49;2021-06-29;3010;7255;460205;289256;56.4;35.5
49;2021-06-30;2798;6807;463003;296063;56.7;36.3
49;2021-07-01;3068;6270;466071;302333;57.1;37.1
49;2021-07-02;2888;8085;468959;310418;57.5;38.0
49;2021-07-03;1987;5491;470946;315909;57.7;38.7
49;2021-07-04;5;52;470951;315961;57.7;38.7
49;2021-07-05;1620;7088;472571;323049;57.9;39.6
49;2021-07-06;1877;7564;474448;330613;58.2;40.5
49;2021-07-07;2050;6629;476498;337242;58.4;41.3
49;2021-07-08;2497;6354;478995;343596;58.7;42.1
49;2021-07-09;2292;8255;481287;351851;59.0;43.1
49;2021-07-10;1771;5341;483058;357192;59.2;43.8
49;2021-07-11;11;35;483069;357227;59.2;43.8
49;2021-07-12;1907;7725;484976;364952;59.4;44.7
49;2021-07-13;2543;8307;487519;373259;59.8;45.7
49;2021-07-14;2875;3369;490394;376628;60.1;46.2
49;2021-07-15;3105;7556;493499;384184;60.5;47.1
49;2021-07-16;3300;8302;496799;392486;60.9;48.1
49;2021-07-17;2067;5485;498866;397971;61.1;48.8
49;2021-07-18;3737;567;502603;398538;61.6;48.8
49;2021-07-19;2556;7453;505159;405991;61.9;49.8
49;2021-07-20;3344;7483;508503;413474;62.3;50.7
49;2021-07-21;4140;6460;512643;419934;62.8;51.5
49;2021-07-22;4637;5841;517280;425775;63.4;52.2
49;2021-07-23;4903;6616;522183;432391;64.0;53.0
49;2021-07-24;3588;4990;525771;437381;64.4;53.6
49;2021-07-25;37;32;525808;437413;64.4;53.6
49;2021-07-26;4165;5883;529973;443296;65.0;54.3
49;2021-07-27;5539;5425;535512;448721;65.6;55.0
49;2021-07-28;5881;4315;541393;453036;66.4;55.5
50;2020-12-27;0;0;0;0;0.0;0.0
50;2020-12-28;0;0;0;0;0.0;0.0
50;2020-12-29;1;0;1;0;0.0;0.0
50;2020-12-30;0;0;1;0;0.0;0.0
50;2020-12-31;0;0;1;0;0.0;0.0
50;2021-01-01;0;0;1;0;0.0;0.0
50;2021-01-02;0;0;1;0;0.0;0.0
50;2021-01-03;0;0;1;0;0.0;0.0
50;2021-01-04;0;0;1;0;0.0;0.0
50;2021-01-05;0;0;1;0;0.0;0.0
50;2021-01-06;126;0;127;0;0.0;0.0
50;2021-01-07;306;0;433;0;0.1;0.0
50;2021-01-08;436;2;869;2;0.2;0.0
50;2021-01-09;236;0;1105;2;0.2;0.0
50;2021-01-10;23;0;1128;2;0.2;0.0
50;2021-01-11;388;2;1516;4;0.3;0.0
50;2021-01-12;600;0;2116;4;0.4;0.0
50;2021-01-13;693;4;2809;8;0.6;0.0
50;2021-01-14;1039;7;3848;15;0.8;0.0
50;2021-01-15;706;2;4554;17;0.9;0.0
50;2021-01-16;214;3;4768;20;1.0;0.0
50;2021-01-17;0;0;4768;20;1.0;0.0
50;2021-01-18;619;0;5387;20;1.1;0.0
50;2021-01-19;892;1;6279;21;1.3;0.0
50;2021-01-20;931;0;7210;21;1.5;0.0
50;2021-01-21;916;4;8126;25;1.7;0.0
50;2021-01-22;713;2;8839;27;1.8;0.0
50;2021-01-23;667;4;9506;31;1.9;0.0
50;2021-01-24;880;2;10386;33;2.1;0.0
50;2021-01-25;2662;10;13048;43;2.7;0.0
50;2021-01-26;1335;13;14383;56;2.9;0.0
50;2021-01-27;746;55;15129;111;3.1;0.0
50;2021-01-28;718;169;15847;280;3.2;0.1
50;2021-01-29;580;306;16427;586;3.3;0.1
50;2021-01-30;381;166;16808;752;3.4;0.2
50;2021-01-31;0;0;16808;752;3.4;0.2
50;2021-02-01;449;226;17257;978;3.5;0.2
50;2021-02-02;416;236;17673;1214;3.6;0.2
50;2021-02-03;390;379;18063;1593;3.7;0.3
50;2021-02-04;481;453;18544;2046;3.8;0.4
50;2021-02-05;422;450;18966;2496;3.9;0.5
50;2021-02-06;178;113;19144;2609;3.9;0.5
50;2021-02-07;0;0;19144;2609;3.9;0.5
50;2021-02-08;255;510;19399;3119;4.0;0.6
50;2021-02-09;245;644;19644;3763;4.0;0.8
50;2021-02-10;569;556;20213;4319;4.1;0.9
50;2021-02-11;438;917;20651;5236;4.2;1.1
50;2021-02-12;325;673;20976;5909;4.3;1.2
50;2021-02-13;303;489;21279;6398;4.3;1.3
50;2021-02-14;185;826;21464;7224;4.4;1.5
50;2021-02-15;660;2021;22124;9245;4.5;1.9
50;2021-02-16;743;1624;22867;10869;4.7;2.2
50;2021-02-17;632;828;23499;11697;4.8;2.4
50;2021-02-18;568;809;24067;12506;4.9;2.5
50;2021-02-19;628;524;24695;13030;5.0;2.7
50;2021-02-20;422;194;25117;13224;5.1;2.7
50;2021-02-21;85;29;25202;13253;5.1;2.7
50;2021-02-22;291;728;25493;13981;5.2;2.8
50;2021-02-23;502;570;25995;14551;5.3;3.0
50;2021-02-24;623;570;26618;15121;5.4;3.1
50;2021-02-25;778;589;27396;15710;5.6;3.2
50;2021-02-26;999;401;28395;16111;5.8;3.3
50;2021-02-27;887;112;29282;16223;6.0;3.3
50;2021-02-28;111;0;29393;16223;6.0;3.3
50;2021-03-01;489;558;29882;16781;6.1;3.4
50;2021-03-02;650;521;30532;17302;6.2;3.5
50;2021-03-03;797;458;31329;17760;6.4;3.6
50;2021-03-04;1248;339;32577;18099;6.6;3.7
50;2021-03-05;1550;350;34127;18449;7.0;3.8
50;2021-03-06;1319;156;35446;18605;7.2;3.8
50;2021-03-07;549;40;35995;18645;7.3;3.8
50;2021-03-08;1021;621;37016;19266;7.5;3.9
50;2021-03-09;1553;573;38569;19839;7.9;4.0
50;2021-03-10;1603;322;40172;20161;8.2;4.1
50;2021-03-11;2351;351;42523;20512;8.7;4.2
50;2021-03-12;2865;240;45388;20752;9.3;4.2
50;2021-03-13;1990;131;47378;20883;9.7;4.3
50;2021-03-14;279;41;47657;20924;9.7;4.3
50;2021-03-15;1376;297;49033;21221;10.0;4.3
50;2021-03-16;1339;276;50372;21497;10.3;4.4
50;2021-03-17;1272;407;51644;21904;10.5;4.5
50;2021-03-18;1159;424;52803;22328;10.8;4.6
50;2021-03-19;1731;588;54534;22916;11.1;4.7
50;2021-03-20;1683;223;56217;23139;11.5;4.7
50;2021-03-21;794;10;57011;23149;11.6;4.7
50;2021-03-22;1506;334;58517;23483;11.9;4.8
50;2021-03-23;2069;394;60586;23877;12.3;4.9
50;2021-03-24;2278;553;62864;24430;12.8;5.0
50;2021-03-25;2808;462;65672;24892;13.4;5.1
50;2021-03-26;3204;462;68876;25354;14.0;5.2
50;2021-03-27;1819;374;70695;25728;14.4;5.2
50;2021-03-28;403;18;71098;25746;14.5;5.2
50;2021-03-29;2137;719;73235;26465;14.9;5.4
50;2021-03-30;2281;642;75516;27107;15.4;5.5
50;2021-03-31;2477;569;77993;27676;15.9;5.6
50;2021-04-01;3099;860;81092;28536;16.5;5.8
50;2021-04-02;2962;933;84054;29469;17.1;6.0
50;2021-04-03;1244;690;85298;30159;17.4;6.1
50;2021-04-04;321;135;85619;30294;17.4;6.2
50;2021-04-05;399;27;86018;30321;17.5;6.2
50;2021-04-06;2124;1222;88142;31543;18.0;6.4
50;2021-04-07;2560;1179;90702;32722;18.5;6.7
50;2021-04-08;3593;1215;94295;33937;19.2;6.9
50;2021-04-09;3928;1290;98223;35227;20.0;7.2
50;2021-04-10;2535;877;100758;36104;20.5;7.4
50;2021-04-11;410;147;101168;36251;20.6;7.4
50;2021-04-12;2438;1380;103606;37631;21.1;7.7
50;2021-04-13;2675;1535;106281;39166;21.7;8.0
50;2021-04-14;2608;1350;108889;40516;22.2;8.3
50;2021-04-15;3161;1109;112050;41625;22.8;8.5
50;2021-04-16;3364;1104;115414;42729;23.5;8.7
50;2021-04-17;2399;1182;117813;43911;24.0;8.9
50;2021-04-18;425;662;118238;44573;24.1;9.1
50;2021-04-19;2000;1474;120238;46047;24.5;9.4
50;2021-04-20;2277;1589;122515;47636;25.0;9.7
50;2021-04-21;2552;1756;125067;49392;25.5;10.1
50;2021-04-22;3078;1822;128145;51214;26.1;10.4
50;2021-04-23;2748;1906;130893;53120;26.7;10.8
50;2021-04-24;1895;1434;132788;54554;27.1;11.1
50;2021-04-25;470;273;133258;54827;27.2;11.2
50;2021-04-26;2118;1889;135376;56716;27.6;11.6
50;2021-04-27;2410;1997;137786;58713;28.1;12.0
50;2021-04-28;2706;1966;140492;60679;28.6;12.4
50;2021-04-29;3285;2037;143777;62716;29.3;12.8
50;2021-04-30;2997;1927;146774;64643;29.9;13.2
50;2021-05-01;1013;592;147787;65235;30.1;13.3
50;2021-05-02;523;450;148310;65685;30.2;13.4
50;2021-05-03;1766;1805;150076;67490;30.6;13.8
50;2021-05-04;1772;2320;151848;69810;30.9;14.2
50;2021-05-05;1659;2951;153507;72761;31.3;14.8
50;2021-05-06;2532;2581;156039;75342;31.8;15.4
50;2021-05-07;2149;2861;158188;78203;32.2;15.9
50;2021-05-08;1166;790;159354;78993;32.5;16.1
50;2021-05-09;621;359;159975;79352;32.6;16.2
50;2021-05-10;1705;2600;161680;81952;33.0;16.7
50;2021-05-11;2543;2840;164223;84792;33.5;17.3
50;2021-05-12;3176;2436;167399;87228;34.1;17.8
50;2021-05-13;3381;611;170780;87839;34.8;17.9
50;2021-05-14;3572;2278;174352;90117;35.5;18.4
50;2021-05-15;3999;1870;178351;91987;36.3;18.7
50;2021-05-16;946;265;179297;92252;36.5;18.8
50;2021-05-17;2137;1875;181434;94127;37.0;19.2
50;2021-05-18;2523;1620;183957;95747;37.5;19.5
50;2021-05-19;2504;1439;186461;97186;38.0;19.8
50;2021-05-20;3243;1625;189704;98811;38.7;20.1
50;2021-05-21;3157;1915;192861;100726;39.3;20.5
50;2021-05-22;2649;1323;195510;102049;39.8;20.8
50;2021-05-23;604;282;196114;102331;40.0;20.9
50;2021-05-24;1527;491;197641;102822;40.3;21.0
50;2021-05-25;2447;1674;200088;104496;40.8;21.3
50;2021-05-26;2992;1444;203080;105940;41.4;21.6
50;2021-05-27;3027;1973;206107;107913;42.0;22.0
50;2021-05-28;2946;2122;209053;110035;42.6;22.4
50;2021-05-29;2757;1399;211810;111434;43.2;22.7
50;2021-05-30;812;322;212622;111756;43.3;22.8
50;2021-05-31;2651;1814;215273;113570;43.9;23.1
50;2021-06-01;3330;2062;218603;115632;44.6;23.6
50;2021-06-02;3257;1782;221860;117414;45.2;23.9
50;2021-06-03;3910;2085;225770;119499;46.0;24.4
50;2021-06-04;3823;2876;229593;122375;46.8;24.9
50;2021-06-05;2958;1845;232551;124220;47.4;25.3
50;2021-06-06;813;443;233364;124663;47.6;25.4
50;2021-06-07;3516;2077;236880;126740;48.3;25.8
50;2021-06-08;4071;2221;240951;128961;49.1;26.3
50;2021-06-09;4249;1985;245200;130946;50.0;26.7
50;2021-06-10;4190;2108;249390;133054;50.8;27.1
50;2021-06-11;4219;2709;253609;135763;51.7;27.7
50;2021-06-12;3734;1600;257343;137363;52.4;28.0
50;2021-06-13;1143;448;258486;137811;52.7;28.1
50;2021-06-14;2687;2964;261173;140775;53.2;28.7
50;2021-06-15;3018;2601;264191;143376;53.8;29.2
50;2021-06-16;3097;1969;267288;145345;54.5;29.6
50;2021-06-17;2793;2482;270081;147827;55.0;30.1
50;2021-06-18;3228;3037;273309;150864;55.7;30.7
50;2021-06-19;3174;1917;276483;152781;56.3;31.1
50;2021-06-20;730;709;277213;153490;56.5;31.3
50;2021-06-21;1810;3132;279023;156622;56.9;31.9
50;2021-06-22;2057;3389;281080;160011;57.3;32.6
50;2021-06-23;1862;3872;282942;163883;57.7;33.4
50;2021-06-24;1706;4012;284648;167895;58.0;34.2
50;2021-06-25;2122;4003;286770;171898;58.4;35.0
50;2021-06-26;2130;3695;288900;175593;58.9;35.8
50;2021-06-27;610;889;289510;176482;59.0;36.0
50;2021-06-28;1918;3354;291428;179836;59.4;36.7
50;2021-06-29;1868;3398;293296;183234;59.8;37.3
50;2021-06-30;2160;3406;295456;186640;60.2;38.0
50;2021-07-01;1933;3267;297389;189907;60.6;38.7
50;2021-07-02;1882;3944;299271;193851;61.0;39.5
50;2021-07-03;1434;3455;300705;197306;61.3;40.2
50;2021-07-04;441;1071;301146;198377;61.4;40.4
50;2021-07-05;1257;3418;302403;201795;61.6;41.1
50;2021-07-06;1549;3894;303952;205689;61.9;41.9
50;2021-07-07;1776;3621;305728;209310;62.3;42.7
50;2021-07-08;1350;4110;307078;213420;62.6;43.5
50;2021-07-09;1378;4587;308456;218007;62.9;44.4
50;2021-07-10;1014;3612;309470;221619;63.1;45.2
50;2021-07-11;364;1022;309834;222641;63.1;45.4
50;2021-07-12;1295;4638;311129;227279;63.4;46.3
50;2021-07-13;1603;4872;312732;232151;63.7;47.3
50;2021-07-14;1473;2356;314205;234507;64.0;47.8
50;2021-07-15;1666;5060;315871;239567;64.4;48.8
50;2021-07-16;2961;5250;318832;244817;65.0;49.9
50;2021-07-17;2127;3733;320959;248550;65.4;50.7
50;2021-07-18;402;1090;321361;249640;65.5;50.9
50;2021-07-19;1558;5188;322919;254828;65.8;51.9
50;2021-07-20;1912;5415;324831;260243;66.2;53.0
50;2021-07-21;1775;5260;326606;265503;66.6;54.1
50;2021-07-22;1918;5000;328524;270503;67.0;55.1
50;2021-07-23;2045;5391;330569;275894;67.4;56.2
50;2021-07-24;1301;3835;331870;279729;67.6;57.0
50;2021-07-25;267;1040;332137;280769;67.7;57.2
50;2021-07-26;2271;3494;334408;284263;68.2;57.9
50;2021-07-27;2867;3351;337275;287614;68.7;58.6
50;2021-07-28;2932;3679;340207;291293;69.3;59.4
51;2020-12-27;0;0;0;0;0.0;0.0
51;2020-12-28;0;0;0;0;0.0;0.0
51;2020-12-29;0;0;0;0;0.0;0.0
51;2020-12-30;0;0;0;0;0.0;0.0
51;2020-12-31;1;0;1;0;0.0;0.0
51;2021-01-01;0;0;1;0;0.0;0.0
51;2021-01-02;0;0;1;0;0.0;0.0
51;2021-01-03;0;0;1;0;0.0;0.0
51;2021-01-04;1;0;2;0;0.0;0.0
51;2021-01-05;1;0;3;0;0.0;0.0
51;2021-01-06;6;0;9;0;0.0;0.0
51;2021-01-07;261;1;270;1;0.0;0.0
51;2021-01-08;505;1;775;2;0.1;0.0
51;2021-01-09;91;0;866;2;0.2;0.0
51;2021-01-10;0;0;866;2;0.2;0.0
51;2021-01-11;544;2;1410;4;0.3;0.0
51;2021-01-12;1534;4;2944;8;0.5;0.0
51;2021-01-13;1287;5;4231;13;0.8;0.0
51;2021-01-14;1464;6;5695;19;1.0;0.0
51;2021-01-15;605;3;6300;22;1.1;0.0
51;2021-01-16;177;1;6477;23;1.1;0.0
51;2021-01-17;101;0;6578;23;1.2;0.0
51;2021-01-18;842;2;7420;25;1.3;0.0
51;2021-01-19;997;4;8417;29;1.5;0.0
51;2021-01-20;954;7;9371;36;1.7;0.0
51;2021-01-21;790;2;10161;38;1.8;0.0
51;2021-01-22;392;2;10553;40;1.9;0.0
51;2021-01-23;294;0;10847;40;1.9;0.0
51;2021-01-24;129;1;10976;41;1.9;0.0
51;2021-01-25;712;1;11688;42;2.1;0.0
51;2021-01-26;776;5;12464;47;2.2;0.0
51;2021-01-27;656;3;13120;50;2.3;0.0
51;2021-01-28;644;70;13764;120;2.4;0.0
51;2021-01-29;471;142;14235;262;2.5;0.0
51;2021-01-30;126;5;14361;267;2.5;0.0
51;2021-01-31;83;0;14444;267;2.6;0.0
51;2021-02-01;275;58;14719;325;2.6;0.1
51;2021-02-02;738;722;15457;1047;2.7;0.2
51;2021-02-03;642;469;16099;1516;2.9;0.3
51;2021-02-04;969;821;17068;2337;3.0;0.4
51;2021-02-05;971;512;18039;2849;3.2;0.5
51;2021-02-06;30;149;18069;2998;3.2;0.5
51;2021-02-07;0;18;18069;3016;3.2;0.5
51;2021-02-08;115;415;18184;3431;3.2;0.6
51;2021-02-09;222;472;18406;3903;3.3;0.7
51;2021-02-10;219;642;18625;4545;3.3;0.8
51;2021-02-11;298;528;18923;5073;3.4;0.9
51;2021-02-12;340;567;19263;5640;3.4;1.0
51;2021-02-13;8;117;19271;5757;3.4;1.0
51;2021-02-14;8;173;19279;5930;3.4;1.1
51;2021-02-15;265;854;19544;6784;3.5;1.2
51;2021-02-16;400;968;19944;7752;3.5;1.4
51;2021-02-17;366;881;20310;8633;3.6;1.5
51;2021-02-18;435;594;20745;9227;3.7;1.6
51;2021-02-19;528;421;21273;9648;3.8;1.7
51;2021-02-20;205;296;21478;9944;3.8;1.8
51;2021-02-21;10;101;21488;10045;3.8;1.8
51;2021-02-22;195;691;21683;10736;3.8;1.9
51;2021-02-23;261;1101;21944;11837;3.9;2.1
51;2021-02-24;412;696;22356;12533;4.0;2.2
51;2021-02-25;1050;884;23406;13417;4.2;2.4
51;2021-02-26;1224;667;24630;14084;4.4;2.5
51;2021-02-27;590;124;25220;14208;4.5;2.5
51;2021-02-28;7;71;25227;14279;4.5;2.5
51;2021-03-01;766;310;25993;14589;4.6;2.6
51;2021-03-02;1123;449;27116;15038;4.8;2.7
51;2021-03-03;1194;464;28310;15502;5.0;2.7
51;2021-03-04;1058;701;29368;16203;5.2;2.9
51;2021-03-05;1558;670;30926;16873;5.5;3.0
51;2021-03-06;1433;48;32359;16921;5.7;3.0
51;2021-03-07;250;4;32609;16925;5.8;3.0
51;2021-03-08;989;96;33598;17021;6.0;3.0
51;2021-03-09;1663;179;35261;17200;6.3;3.1
51;2021-03-10;1992;100;37253;17300;6.6;3.1
51;2021-03-11;2370;160;39623;17460;7.0;3.1
51;2021-03-12;3247;149;42870;17609;7.6;3.1
51;2021-03-13;2549;46;45419;17655;8.1;3.1
51;2021-03-14;190;3;45609;17658;8.1;3.1
51;2021-03-15;1576;143;47185;17801;8.4;3.2
51;2021-03-16;1478;182;48663;17983;8.6;3.2
51;2021-03-17;1495;204;50158;18187;8.9;3.2
51;2021-03-18;1612;280;51770;18467;9.2;3.3
51;2021-03-19;2310;293;54080;18760;9.6;3.3
51;2021-03-20;1660;209;55740;18969;9.9;3.4
51;2021-03-21;133;1;55873;18970;9.9;3.4
51;2021-03-22;1415;118;57288;19088;10.2;3.4
51;2021-03-23;2466;155;59754;19243;10.6;3.4
51;2021-03-24;2838;125;62592;19368;11.1;3.4
51;2021-03-25;3251;327;65843;19695;11.7;3.5
51;2021-03-26;3408;497;69251;20192;12.3;3.6
51;2021-03-27;1843;251;71094;20443;12.6;3.6
51;2021-03-28;213;2;71307;20445;12.6;3.6
51;2021-03-29;991;640;72298;21085;12.8;3.7
51;2021-03-30;1751;853;74049;21938;13.1;3.9
51;2021-03-31;1734;757;75783;22695;13.4;4.0
51;2021-04-01;2280;439;78063;23134;13.8;4.1
51;2021-04-02;2424;637;80487;23771;14.3;4.2
51;2021-04-03;1302;408;81789;24179;14.5;4.3
51;2021-04-04;105;2;81894;24181;14.5;4.3
51;2021-04-05;71;141;81965;24322;14.5;4.3
51;2021-04-06;764;1236;82729;25558;14.7;4.5
51;2021-04-07;1312;1409;84041;26967;14.9;4.8
51;2021-04-08;2203;1766;86244;28733;15.3;5.1
51;2021-04-09;2863;1730;89107;30463;15.8;5.4
51;2021-04-10;2215;496;91322;30959;16.2;5.5
51;2021-04-11;105;85;91427;31044;16.2;5.5
51;2021-04-12;1449;1341;92876;32385;16.5;5.7
51;2021-04-13;1936;1681;94812;34066;16.8;6.0
51;2021-04-14;2459;1550;97271;35616;17.3;6.3
51;2021-04-15;2853;1667;100124;37283;17.8;6.6
51;2021-04-16;3213;1604;103337;38887;18.3;6.9
51;2021-04-17;1966;773;105303;39660;18.7;7.0
51;2021-04-18;296;109;105599;39769;18.7;7.1
51;2021-04-19;1563;1159;107162;40928;19.0;7.3
51;2021-04-20;1792;1662;108954;42590;19.3;7.6
51;2021-04-21;2006;1738;110960;44328;19.7;7.9
51;2021-04-22;2384;1646;113344;45974;20.1;8.2
51;2021-04-23;2975;1824;116319;47798;20.6;8.5
51;2021-04-24;1749;950;118068;48748;20.9;8.6
51;2021-04-25;123;162;118191;48910;21.0;8.7
51;2021-04-26;1848;761;120039;49671;21.3;8.8
51;2021-04-27;2441;1229;122480;50900;21.7;9.0
51;2021-04-28;2551;1307;125031;52207;22.2;9.3
51;2021-04-29;2673;1457;127704;53664;22.6;9.5
51;2021-04-30;2975;1669;130679;55333;23.2;9.8
51;2021-05-01;1453;412;132132;55745;23.4;9.9
51;2021-05-02;107;100;132239;55845;23.5;9.9
51;2021-05-03;2484;760;134723;56605;23.9;10.0
51;2021-05-04;2786;1347;137509;57952;24.4;10.3
51;2021-05-05;2858;1635;140367;59587;24.9;10.6
51;2021-05-06;5343;1941;145710;61528;25.8;10.9
51;2021-05-07;3692;1930;149402;63458;26.5;11.3
51;2021-05-08;2859;821;152261;64279;27.0;11.4
51;2021-05-09;211;89;152472;64368;27.0;11.4
51;2021-05-10;3215;1862;155687;66230;27.6;11.7
51;2021-05-11;3627;2041;159314;68271;28.3;12.1
51;2021-05-12;4183;2240;163497;70511;29.0;12.5
51;2021-05-13;1778;501;165275;71012;29.3;12.6
51;2021-05-14;5403;1740;170678;72752;30.3;12.9
51;2021-05-15;4228;1353;174906;74105;31.0;13.1
51;2021-05-16;284;47;175190;74152;31.1;13.2
51;2021-05-17;3133;1526;178323;75678;31.6;13.4
51;2021-05-18;3916;1770;182239;77448;32.3;13.7
51;2021-05-19;4015;1731;186254;79179;33.0;14.0
51;2021-05-20;4648;1968;190902;81147;33.9;14.4
51;2021-05-21;3595;2481;194497;83628;34.5;14.8
51;2021-05-22;2076;1547;196573;85175;34.9;15.1
51;2021-05-23;306;210;196879;85385;34.9;15.1
51;2021-05-24;2018;720;198897;86105;35.3;15.3
51;2021-05-25;3126;1825;202023;87930;35.8;15.6
51;2021-05-26;3296;1707;205319;89637;36.4;15.9
51;2021-05-27;3270;2063;208589;91700;37.0;16.3
51;2021-05-28;3605;2825;212194;94525;37.6;16.8
51;2021-05-29;2401;1998;214595;96523;38.1;17.1
51;2021-05-30;400;133;214995;96656;38.1;17.1
51;2021-05-31;3350;1782;218345;98438;38.7;17.5
51;2021-06-01;3854;2333;222199;100771;39.4;17.9
51;2021-06-02;6098;2322;228297;103093;40.5;18.3
51;2021-06-03;3579;2427;231876;105520;41.1;18.7
51;2021-06-04;6346;2946;238222;108466;42.3;19.2
51;2021-06-05;2598;1818;240820;110284;42.7;19.6
51;2021-06-06;171;156;240991;110440;42.7;19.6
51;2021-06-07;4300;2168;245291;112608;43.5;20.0
51;2021-06-08;3924;2532;249215;115140;44.2;20.4
51;2021-06-09;4017;2749;253232;117889;44.9;20.9
51;2021-06-10;3200;2480;256432;120369;45.5;21.3
51;2021-06-11;3357;3424;259789;123793;46.1;22.0
51;2021-06-12;2164;2173;261953;125966;46.5;22.3
51;2021-06-13;190;148;262143;126114;46.5;22.4
51;2021-06-14;1626;3337;263769;129451;46.8;23.0
51;2021-06-15;3185;3579;266954;133030;47.3;23.6
51;2021-06-16;2204;3684;269158;136714;47.7;24.2
51;2021-06-17;2605;5407;271763;142121;48.2;25.2
51;2021-06-18;2355;5214;274118;147335;48.6;26.1
51;2021-06-19;1684;4429;275802;151764;48.9;26.9
51;2021-06-20;184;228;275986;151992;48.9;27.0
51;2021-06-21;1228;4442;277214;156434;49.2;27.7
51;2021-06-22;1556;4042;278770;160476;49.4;28.5
51;2021-06-23;3655;4231;282425;164707;50.1;29.2
51;2021-06-24;2237;3230;284662;167937;50.5;29.8
51;2021-06-25;1905;6524;286567;174461;50.8;30.9
51;2021-06-26;1195;5068;287762;179529;51.0;31.8
51;2021-06-27;103;335;287865;179864;51.1;31.9
51;2021-06-28;1392;4406;289257;184270;51.3;32.7
51;2021-06-29;1171;4473;290428;188743;51.5;33.5
51;2021-06-30;1681;6042;292109;194785;51.8;34.5
51;2021-07-01;1963;3771;294072;198556;52.2;35.2
51;2021-07-02;1825;6893;295897;205449;52.5;36.4
51;2021-07-03;999;3204;296896;208653;52.7;37.0
51;2021-07-04;169;253;297065;208906;52.7;37.1
51;2021-07-05;761;5533;297826;214439;52.8;38.0
51;2021-07-06;1244;4787;299070;219226;53.0;38.9
51;2021-07-07;1601;4946;300671;224172;53.3;39.8
51;2021-07-08;2051;3428;302722;227600;53.7;40.4
51;2021-07-09;1846;5055;304568;232655;54.0;41.3
51;2021-07-10;1221;3208;305789;235863;54.2;41.8
51;2021-07-11;186;279;305975;236142;54.3;41.9
51;2021-07-12;982;4381;306957;240523;54.4;42.7
51;2021-07-13;1464;4781;308421;245304;54.7;43.5
51;2021-07-14;1062;1685;309483;246989;54.9;43.8
51;2021-07-15;2916;4905;312399;251894;55.4;44.7
51;2021-07-16;2346;5281;314745;257175;55.8;45.6
51;2021-07-17;1805;3482;316550;260657;56.1;46.2
51;2021-07-18;162;329;316712;260986;56.2;46.3
51;2021-07-19;1885;3977;318597;264963;56.5;47.0
51;2021-07-20;2573;5143;321170;270106;57.0;47.9
51;2021-07-21;3600;4048;324770;274154;57.6;48.6
51;2021-07-22;4384;3744;329154;277898;58.4;49.3
51;2021-07-23;3619;4374;332773;282272;59.0;50.1
51;2021-07-24;2068;2712;334841;284984;59.4;50.5
51;2021-07-25;346;257;335187;285241;59.4;50.6
51;2021-07-26;3092;2793;338279;288034;60.0;51.1
51;2021-07-27;5806;3223;344085;291257;61.0;51.7
51;2021-07-28;4112;4287;348197;295544;61.8;52.4
52;2020-12-27;0;0;0;0;0.0;0.0
52;2020-12-28;0;0;0;0;0.0;0.0
52;2020-12-29;0;0;0;0;0.0;0.0
52;2020-12-30;0;0;0;0;0.0;0.0
52;2020-12-31;0;0;0;0;0.0;0.0
52;2021-01-01;0;0;0;0;0.0;0.0
52;2021-01-02;0;0;0;0;0.0;0.0
52;2021-01-03;0;0;0;0;0.0;0.0
52;2021-01-04;0;0;0;0;0.0;0.0
52;2021-01-05;0;0;0;0;0.0;0.0
52;2021-01-06;2;0;2;0;0.0;0.0
52;2021-01-07;0;0;2;0;0.0;0.0
52;2021-01-08;201;1;203;1;0.1;0.0
52;2021-01-09;93;0;296;1;0.2;0.0
52;2021-01-10;0;0;296;1;0.2;0.0
52;2021-01-11;206;0;502;1;0.3;0.0
52;2021-01-12;171;0;673;1;0.4;0.0
52;2021-01-13;561;2;1234;3;0.7;0.0
52;2021-01-14;677;8;1911;11;1.1;0.0
52;2021-01-15;410;1;2321;12;1.4;0.0
52;2021-01-16;16;1;2337;13;1.4;0.0
52;2021-01-17;0;0;2337;13;1.4;0.0
52;2021-01-18;426;0;2763;13;1.6;0.0
52;2021-01-19;439;0;3202;13;1.9;0.0
52;2021-01-20;419;1;3621;14;2.1;0.0
52;2021-01-21;424;1;4045;15;2.4;0.0
52;2021-01-22;321;0;4366;15;2.6;0.0
52;2021-01-23;72;0;4438;15;2.6;0.0
52;2021-01-24;0;0;4438;15;2.6;0.0
52;2021-01-25;235;0;4673;15;2.8;0.0
52;2021-01-26;306;1;4979;16;2.9;0.0
52;2021-01-27;237;1;5216;17;3.1;0.0
52;2021-01-28;174;4;5390;21;3.2;0.0
52;2021-01-29;74;125;5464;146;3.2;0.1
52;2021-01-30;91;95;5555;241;3.3;0.1
52;2021-01-31;0;0;5555;241;3.3;0.1
52;2021-02-01;117;193;5672;434;3.4;0.3
52;2021-02-02;61;178;5733;612;3.4;0.4
52;2021-02-03;90;416;5823;1028;3.4;0.6
52;2021-02-04;231;597;6054;1625;3.6;1.0
52;2021-02-05;113;505;6167;2130;3.6;1.3
52;2021-02-06;22;0;6189;2130;3.7;1.3
52;2021-02-07;0;1;6189;2131;3.7;1.3
52;2021-02-08;34;207;6223;2338;3.7;1.4
52;2021-02-09;47;216;6270;2554;3.7;1.5
52;2021-02-10;88;191;6358;2745;3.8;1.6
52;2021-02-11;129;146;6487;2891;3.8;1.7
52;2021-02-12;189;128;6676;3019;3.9;1.8
52;2021-02-13;5;1;6681;3020;3.9;1.8
52;2021-02-14;0;16;6681;3036;3.9;1.8
52;2021-02-15;80;277;6761;3313;4.0;2.0
52;2021-02-16;50;357;6811;3670;4.0;2.2
52;2021-02-17;37;316;6848;3986;4.0;2.4
52;2021-02-18;83;281;6931;4267;4.1;2.5
52;2021-02-19;51;193;6982;4460;4.1;2.6
52;2021-02-20;14;111;6996;4571;4.1;2.7
52;2021-02-21;0;0;6996;4571;4.1;2.7
52;2021-02-22;42;384;7038;4955;4.2;2.9
52;2021-02-23;56;277;7094;5232;4.2;3.1
52;2021-02-24;82;248;7176;5480;4.2;3.2
52;2021-02-25;161;236;7337;5716;4.3;3.4
52;2021-02-26;296;182;7633;5898;4.5;3.5
52;2021-02-27;149;48;7782;5946;4.6;3.5
52;2021-02-28;0;0;7782;5946;4.6;3.5
52;2021-03-01;163;14;7945;5960;4.7;3.5
52;2021-03-02;196;51;8141;6011;4.8;3.6
52;2021-03-03;356;34;8497;6045;5.0;3.6
52;2021-03-04;376;56;8873;6101;5.2;3.6
52;2021-03-05;531;51;9404;6152;5.6;3.6
52;2021-03-06;409;32;9813;6184;5.8;3.7
52;2021-03-07;0;0;9813;6184;5.8;3.7
52;2021-03-08;397;109;10210;6293;6.0;3.7
52;2021-03-09;548;105;10758;6398;6.4;3.8
52;2021-03-10;308;108;11066;6506;6.5;3.8
52;2021-03-11;585;34;11651;6540;6.9;3.9
52;2021-03-12;579;62;12230;6602;7.2;3.9
52;2021-03-13;488;6;12718;6608;7.5;3.9
52;2021-03-14;15;3;12733;6611;7.5;3.9
52;2021-03-15;315;22;13048;6633;7.7;3.9
52;2021-03-16;203;14;13251;6647;7.8;3.9
52;2021-03-17;360;13;13611;6660;8.0;3.9
52;2021-03-18;442;7;14053;6667;8.3;3.9
52;2021-03-19;450;52;14503;6719;8.6;4.0
52;2021-03-20;259;11;14762;6730;8.7;4.0
52;2021-03-21;15;1;14777;6731;8.7;4.0
52;2021-03-22;375;47;15152;6778;9.0;4.0
52;2021-03-23;681;89;15833;6867;9.4;4.1
52;2021-03-24;771;69;16604;6936;9.8;4.1
52;2021-03-25;1136;79;17740;7015;10.5;4.1
52;2021-03-26;1030;139;18770;7154;11.1;4.2
52;2021-03-27;476;75;19246;7229;11.4;4.3
52;2021-03-28;53;0;19299;7229;11.4;4.3
52;2021-03-29;506;186;19805;7415;11.7;4.4
52;2021-03-30;867;288;20672;7703;12.2;4.6
52;2021-03-31;958;289;21630;7992;12.8;4.7
52;2021-04-01;1146;176;22776;8168;13.5;4.8
52;2021-04-02;957;101;23733;8269;14.0;4.9
52;2021-04-03;457;3;24190;8272;14.3;4.9
52;2021-04-04;1;1;24191;8273;14.3;4.9
52;2021-04-05;1;0;24192;8273;14.3;4.9
52;2021-04-06;428;292;24620;8565;14.5;5.1
52;2021-04-07;503;450;25123;9015;14.8;5.3
52;2021-04-08;844;210;25967;9225;15.3;5.5
52;2021-04-09;1060;124;27027;9349;16.0;5.5
52;2021-04-10;852;100;27879;9449;16.5;5.6
52;2021-04-11;96;1;27975;9450;16.5;5.6
52;2021-04-12;931;272;28906;9722;17.1;5.7
52;2021-04-13;1248;377;30154;10099;17.8;6.0
52;2021-04-14;1346;451;31500;10550;18.6;6.2
52;2021-04-15;1511;433;33011;10983;19.5;6.5
52;2021-04-16;1573;365;34584;11348;20.4;6.7
52;2021-04-17;1306;127;35890;11475;21.2;6.8
52;2021-04-18;509;29;36399;11504;21.5;6.8
52;2021-04-19;696;611;37095;12115;21.9;7.2
52;2021-04-20;1078;670;38173;12785;22.6;7.6
52;2021-04-21;1059;676;39232;13461;23.2;8.0
52;2021-04-22;1468;724;40700;14185;24.0;8.4
52;2021-04-23;1254;658;41954;14843;24.8;8.8
52;2021-04-24;477;292;42431;15135;25.1;8.9
52;2021-04-25;3;77;42434;15212;25.1;9.0
52;2021-04-26;630;560;43064;15772;25.4;9.3
52;2021-04-27;933;673;43997;16445;26.0;9.7
52;2021-04-28;1440;559;45437;17004;26.8;10.0
52;2021-04-29;1451;572;46888;17576;27.7;10.4
52;2021-04-30;1315;604;48203;18180;28.5;10.7
52;2021-05-01;8;232;48211;18412;28.5;10.9
52;2021-05-02;0;1;48211;18413;28.5;10.9
52;2021-05-03;1160;625;49371;19038;29.2;11.2
52;2021-05-04;1446;718;50817;19756;30.0;11.7
52;2021-05-05;1769;645;52586;20401;31.1;12.1
52;2021-05-06;1974;501;54560;20902;32.2;12.3
52;2021-05-07;1443;1155;56003;22057;33.1;13.0
52;2021-05-08;588;315;56591;22372;33.4;13.2
52;2021-05-09;1;47;56592;22419;33.4;13.2
52;2021-05-10;791;1101;57383;23520;33.9;13.9
52;2021-05-11;867;1396;58250;24916;34.4;14.7
52;2021-05-12;1206;1383;59456;26299;35.1;15.5
52;2021-05-13;67;184;59523;26483;35.2;15.6
52;2021-05-14;1183;1361;60706;27844;35.9;16.5
52;2021-05-15;492;929;61198;28773;36.2;17.0
52;2021-05-16;8;43;61206;28816;36.2;17.0
52;2021-05-17;1145;706;62351;29522;36.8;17.4
52;2021-05-18;1217;671;63568;30193;37.6;17.8
52;2021-05-19;1543;414;65111;30607;38.5;18.1
52;2021-05-20;1546;420;66657;31027;39.4;18.3
52;2021-05-21;1624;614;68281;31641;40.3;18.7
52;2021-05-22;1089;208;69370;31849;41.0;18.8
52;2021-05-23;1;0;69371;31849;41.0;18.8
52;2021-05-24;403;33;69774;31882;41.2;18.8
52;2021-05-25;1351;383;71125;32265;42.0;19.1
52;2021-05-26;1478;669;72603;32934;42.9;19.5
52;2021-05-27;1566;789;74169;33723;43.8;19.9
52;2021-05-28;1491;671;75660;34394;44.7;20.3
52;2021-05-29;696;834;76356;35228;45.1;20.8
52;2021-05-30;17;550;76373;35778;45.1;21.1
52;2021-05-31;823;830;77196;36608;45.6;21.6
52;2021-06-01;957;814;78153;37422;46.2;22.1
52;2021-06-02;894;743;79047;38165;46.7;22.5
52;2021-06-03;825;825;79872;38990;47.2;23.0
52;2021-06-04;885;1341;80757;40331;47.7;23.8
52;2021-06-05;579;638;81336;40969;48.1;24.2
52;2021-06-06;27;55;81363;41024;48.1;24.2
52;2021-06-07;359;931;81722;41955;48.3;24.8
52;2021-06-08;552;1467;82274;43422;48.6;25.7
52;2021-06-09;613;1474;82887;44896;49.0;26.5
52;2021-06-10;793;1157;83680;46053;49.4;27.2
52;2021-06-11;829;1349;84509;47402;49.9;28.0
52;2021-06-12;422;586;84931;47988;50.2;28.4
52;2021-06-13;1;6;84932;47994;50.2;28.4
52;2021-06-14;170;1413;85102;49407;50.3;29.2
52;2021-06-15;221;1810;85323;51217;50.4;30.3
52;2021-06-16;354;1996;85677;53213;50.6;31.4
52;2021-06-17;262;1156;85939;54369;50.8;32.1
52;2021-06-18;305;1553;86244;55922;51.0;33.0
52;2021-06-19;501;690;86745;56612;51.3;33.4
52;2021-06-20;0;17;86745;56629;51.3;33.5
52;2021-06-21;524;896;87269;57525;51.6;34.0
52;2021-06-22;503;1049;87772;58574;51.9;34.6
52;2021-06-23;552;1044;88324;59618;52.2;35.2
52;2021-06-24;607;717;88931;60335;52.5;35.6
52;2021-06-25;654;1312;89585;61647;52.9;36.4
52;2021-06-26;264;721;89849;62368;53.1;36.8
52;2021-06-27;1;8;89850;62376;53.1;36.9
52;2021-06-28;182;1444;90032;63820;53.2;37.7
52;2021-06-29;163;1417;90195;65237;53.3;38.5
52;2021-06-30;215;1471;90410;66708;53.4;39.4
52;2021-07-01;310;1023;90720;67731;53.6;40.0
52;2021-07-02;430;1455;91150;69186;53.9;40.9
52;2021-07-03;300;1150;91450;70336;54.0;41.6
52;2021-07-04;0;11;91450;70347;54.0;41.6
52;2021-07-05;171;1456;91621;71803;54.1;42.4
52;2021-07-06;283;1454;91904;73257;54.3;43.3
52;2021-07-07;302;1165;92206;74422;54.5;44.0
52;2021-07-08;470;1165;92676;75587;54.8;44.7
52;2021-07-09;285;1621;92961;77208;54.9;45.6
52;2021-07-10;139;822;93100;78030;55.0;46.1
52;2021-07-11;11;12;93111;78042;55.0;46.1
52;2021-07-12;280;1467;93391;79509;55.2;47.0
52;2021-07-13;589;1371;93980;80880;55.5;47.8
52;2021-07-14;436;151;94416;81031;55.8;47.9
52;2021-07-15;590;1427;95006;82458;56.1;48.7
52;2021-07-16;889;1340;95895;83798;56.7;49.5
52;2021-07-17;527;340;96422;84138;57.0;49.7
52;2021-07-18;3;12;96425;84150;57.0;49.7
52;2021-07-19;681;983;97106;85133;57.4;50.3
52;2021-07-20;1097;834;98203;85967;58.0;50.8
52;2021-07-21;1145;735;99348;86702;58.7;51.2
52;2021-07-22;1426;859;100774;87561;59.5;51.7
52;2021-07-23;1383;953;102157;88514;60.4;52.3
52;2021-07-24;866;486;103023;89000;60.9;52.6
52;2021-07-25;13;17;103036;89017;60.9;52.6
52;2021-07-26;995;613;104031;89630;61.5;53.0
52;2021-07-27;1325;648;105356;90278;62.2;53.3
52;2021-07-28;1363;627;106719;90905;63.1;53.7
53;2020-12-27;0;0;0;0;0.0;0.0
53;2020-12-28;0;0;0;0;0.0;0.0
53;2020-12-29;0;0;0;0;0.0;0.0
53;2020-12-30;0;0;0;0;0.0;0.0
53;2020-12-31;0;0;0;0;0.0;0.0
53;2021-01-01;0;0;0;0;0.0;0.0
53;2021-01-02;0;0;0;0;0.0;0.0
53;2021-01-03;0;0;0;0;0.0;0.0
53;2021-01-04;0;0;0;0;0.0;0.0
53;2021-01-05;0;0;0;0;0.0;0.0
53;2021-01-06;0;0;0;0;0.0;0.0
53;2021-01-07;102;0;102;0;0.0;0.0
53;2021-01-08;284;1;386;1;0.1;0.0
53;2021-01-09;134;1;520;2;0.2;0.0
53;2021-01-10;15;0;535;2;0.2;0.0
53;2021-01-11;176;0;711;2;0.2;0.0
53;2021-01-12;453;1;1164;3;0.4;0.0
53;2021-01-13;252;0;1416;3;0.5;0.0
53;2021-01-14;289;7;1705;10;0.6;0.0
53;2021-01-15;343;4;2048;14;0.7;0.0
53;2021-01-16;61;0;2109;14;0.7;0.0
53;2021-01-17;24;1;2133;15;0.7;0.0
53;2021-01-18;364;0;2497;15;0.8;0.0
53;2021-01-19;593;0;3090;15;1.0;0.0
53;2021-01-20;742;0;3832;15;1.3;0.0
53;2021-01-21;769;2;4601;17;1.5;0.0
53;2021-01-22;705;2;5306;19;1.7;0.0
53;2021-01-23;160;1;5466;20;1.8;0.0
53;2021-01-24;6;0;5472;20;1.8;0.0
53;2021-01-25;550;0;6022;20;2.0;0.0
53;2021-01-26;1198;6;7220;26;2.4;0.0
53;2021-01-27;696;6;7916;32;2.6;0.0
53;2021-01-28;738;96;8654;128;2.8;0.0
53;2021-01-29;422;189;9076;317;3.0;0.1
53;2021-01-30;128;0;9204;317;3.0;0.1
53;2021-01-31;0;0;9204;317;3.0;0.1
53;2021-02-01;297;149;9501;466;3.1;0.2
53;2021-02-02;309;231;9810;697;3.2;0.2
53;2021-02-03;226;378;10036;1075;3.3;0.4
53;2021-02-04;184;333;10220;1408;3.3;0.5
53;2021-02-05;234;303;10454;1711;3.4;0.6
53;2021-02-06;152;23;10606;1734;3.5;0.6
53;2021-02-07;0;0;10606;1734;3.5;0.6
53;2021-02-08;166;108;10772;1842;3.5;0.6
53;2021-02-09;369;213;11141;2055;3.6;0.7
53;2021-02-10;266;435;11407;2490;3.7;0.8
53;2021-02-11;432;490;11839;2980;3.9;1.0
53;2021-02-12;318;572;12157;3552;4.0;1.2
53;2021-02-13;95;66;12252;3618;4.0;1.2
53;2021-02-14;0;99;12252;3717;4.0;1.2
53;2021-02-15;240;433;12492;4150;4.1;1.4
53;2021-02-16;528;847;13020;4997;4.3;1.6
53;2021-02-17;390;619;13410;5616;4.4;1.8
53;2021-02-18;546;577;13956;6193;4.6;2.0
53;2021-02-19;895;419;14851;6612;4.9;2.2
53;2021-02-20;139;112;14990;6724;4.9;2.2
53;2021-02-21;1;20;14991;6744;4.9;2.2
53;2021-02-22;161;588;15152;7332;5.0;2.4
53;2021-02-23;59;658;15211;7990;5.0;2.6
53;2021-02-24;137;517;15348;8507;5.0;2.8
53;2021-02-25;457;358;15805;8865;5.2;2.9
53;2021-02-26;439;262;16244;9127;5.3;3.0
53;2021-02-27;86;115;16330;9242;5.3;3.0
53;2021-02-28;0;0;16330;9242;5.3;3.0
53;2021-03-01;230;280;16560;9522;5.4;3.1
53;2021-03-02;246;254;16806;9776;5.5;3.2
53;2021-03-03;319;392;17125;10168;5.6;3.3
53;2021-03-04;858;333;17983;10501;5.9;3.4
53;2021-03-05;659;277;18642;10778;6.1;3.5
53;2021-03-06;445;213;19087;10991;6.3;3.6
53;2021-03-07;276;4;19363;10995;6.3;3.6
53;2021-03-08;375;177;19738;11172;6.5;3.7
53;2021-03-09;878;240;20616;11412;6.8;3.7
53;2021-03-10;807;106;21423;11518;7.0;3.8
53;2021-03-11;1247;219;22670;11737;7.4;3.8
53;2021-03-12;1601;140;24271;11877;7.9;3.9
53;2021-03-13;824;5;25095;11882;8.2;3.9
53;2021-03-14;1;0;25096;11882;8.2;3.9
53;2021-03-15;1001;298;26097;12180;8.5;4.0
53;2021-03-16;1033;324;27130;12504;8.9;4.1
53;2021-03-17;684;262;27814;12766;9.1;4.2
53;2021-03-18;972;339;28786;13105;9.4;4.3
53;2021-03-19;1341;593;30127;13698;9.9;4.5
53;2021-03-20;591;14;30718;13712;10.1;4.5
53;2021-03-21;2;0;30720;13712;10.1;4.5
53;2021-03-22;1209;151;31929;13863;10.5;4.5
53;2021-03-23;1696;60;33625;13923;11.0;4.6
53;2021-03-24;1322;115;34947;14038;11.4;4.6
53;2021-03-25;2321;223;37268;14261;12.2;4.7
53;2021-03-26;1882;146;39150;14407;12.8;4.7
53;2021-03-27;339;2;39489;14409;12.9;4.7
53;2021-03-28;2;0;39491;14409;12.9;4.7
53;2021-03-29;1474;205;40965;14614;13.4;4.8
53;2021-03-30;1945;197;42910;14811;14.1;4.9
53;2021-03-31;1789;216;44699;15027;14.6;4.9
53;2021-04-01;1945;666;46644;15693;15.3;5.1
53;2021-04-02;2074;218;48718;15911;16.0;5.2
53;2021-04-03;414;1;49132;15912;16.1;5.2
53;2021-04-04;10;0;49142;15912;16.1;5.2
53;2021-04-05;9;15;49151;15927;16.1;5.2
53;2021-04-06;1304;498;50455;16425;16.5;5.4
53;2021-04-07;1177;922;51632;17347;16.9;5.7
53;2021-04-08;1661;1006;53293;18353;17.5;6.0
53;2021-04-09;1957;395;55250;18748;18.1;6.1
53;2021-04-10;543;11;55793;18759;18.3;6.1
53;2021-04-11;12;0;55805;18759;18.3;6.1
53;2021-04-12;695;1066;56500;19825;18.5;6.5
53;2021-04-13;1472;1106;57972;20931;19.0;6.9
53;2021-04-14;1021;733;58993;21664;19.3;7.1
53;2021-04-15;1159;1109;60152;22773;19.7;7.5
53;2021-04-16;1272;816;61424;23589;20.1;7.7
53;2021-04-17;280;273;61704;23862;20.2;7.8
53;2021-04-18;0;0;61704;23862;20.2;7.8
53;2021-04-19;679;1067;62383;24929;20.4;8.2
53;2021-04-20;936;1452;63319;26381;20.7;8.6
53;2021-04-21;850;1014;64169;27395;21.0;9.0
53;2021-04-22;1046;1613;65215;29008;21.4;9.5
53;2021-04-23;1326;1050;66541;30058;21.8;9.8
53;2021-04-24;68;7;66609;30065;21.8;9.8
53;2021-04-25;6;39;66615;30104;21.8;9.9
53;2021-04-26;368;1239;66983;31343;21.9;10.3
53;2021-04-27;724;1971;67707;33314;22.2;10.9
53;2021-04-28;979;1390;68686;34704;22.5;11.4
53;2021-04-29;1050;1710;69736;36414;22.8;11.9
53;2021-04-30;1366;1309;71102;37723;23.3;12.4
53;2021-05-01;35;50;71137;37773;23.3;12.4
53;2021-05-02;0;0;71137;37773;23.3;12.4
53;2021-05-03;1570;701;72707;38474;23.8;12.6
53;2021-05-04;1305;1438;74012;39912;24.2;13.1
53;2021-05-05;1608;823;75620;40735;24.8;13.3
53;2021-05-06;1393;1392;77013;42127;25.2;13.8
53;2021-05-07;1538;1299;78551;43426;25.7;14.2
53;2021-05-08;939;36;79490;43462;26.0;14.2
53;2021-05-09;11;2;79501;43464;26.0;14.2
53;2021-05-10;2416;808;81917;44272;26.8;14.5
53;2021-05-11;3096;1286;85013;45558;27.8;14.9
53;2021-05-12;2749;1084;87762;46642;28.7;15.3
53;2021-05-13;350;26;88112;46668;28.9;15.3
53;2021-05-14;2018;675;90130;47343;29.5;15.5
53;2021-05-15;1058;61;91188;47404;29.9;15.5
53;2021-05-16;2;0;91190;47404;29.9;15.5
53;2021-05-17;1701;1195;92891;48599;30.4;15.9
53;2021-05-18;1881;1541;94772;50140;31.0;16.4
53;2021-05-19;2302;736;97074;50876;31.8;16.7
53;2021-05-20;3217;854;100291;51730;32.8;16.9
53;2021-05-21;2796;822;103087;52552;33.8;17.2
53;2021-05-22;19;60;103106;52612;33.8;17.2
53;2021-05-23;0;0;103106;52612;33.8;17.2
53;2021-05-24;8;6;103114;52618;33.8;17.2
53;2021-05-25;1819;804;104933;53422;34.4;17.5
53;2021-05-26;1852;900;106785;54322;35.0;17.8
53;2021-05-27;3072;1071;109857;55393;36.0;18.1
53;2021-05-28;2562;872;112419;56265;36.8;18.4
53;2021-05-29;844;244;113263;56509;37.1;18.5
53;2021-05-30;18;6;113281;56515;37.1;18.5
53;2021-05-31;2565;800;115846;57315;37.9;18.8
53;2021-06-01;3491;1256;119337;58571;39.1;19.2
53;2021-06-02;3183;517;122520;59088;40.1;19.3
53;2021-06-03;4192;780;126712;59868;41.5;19.6
53;2021-06-04;3181;1263;129893;61131;42.5;20.0
53;2021-06-05;136;245;130029;61376;42.6;20.1
53;2021-06-06;0;4;130029;61380;42.6;20.1
53;2021-06-07;2628;922;132657;62302;43.4;20.4
53;2021-06-08;3581;1123;136238;63425;44.6;20.8
53;2021-06-09;2453;935;138691;64360;45.4;21.1
53;2021-06-10;3520;845;142211;65205;46.6;21.4
53;2021-06-11;2963;1208;145174;66413;47.5;21.7
53;2021-06-12;108;138;145282;66551;47.6;21.8
53;2021-06-13;10;2;145292;66553;47.6;21.8
53;2021-06-14;1600;1791;146892;68344;48.1;22.4
53;2021-06-15;1896;2260;148788;70604;48.7;23.1
53;2021-06-16;1829;1729;150617;72333;49.3;23.7
53;2021-06-17;3014;1651;153631;73984;50.3;24.2
53;2021-06-18;2701;1807;156332;75791;51.2;24.8
53;2021-06-19;762;1166;157094;76957;51.4;25.2
53;2021-06-20;3;479;157097;77436;51.4;25.4
53;2021-06-21;915;2528;158012;79964;51.7;26.2
53;2021-06-22;1298;3454;159310;83418;52.2;27.3
53;2021-06-23;1358;2892;160668;86310;52.6;28.3
53;2021-06-24;1804;2032;162472;88342;53.2;28.9
53;2021-06-25;1782;2044;164254;90386;53.8;29.6
53;2021-06-26;976;350;165230;90736;54.1;29.7
53;2021-06-27;8;8;165238;90744;54.1;29.7
53;2021-06-28;660;2901;165898;93645;54.3;30.7
53;2021-06-29;856;3650;166754;97295;54.6;31.9
53;2021-06-30;746;1519;167500;98814;54.9;32.4
53;2021-07-01;1495;2636;168995;101450;55.3;33.2
53;2021-07-02;1480;2021;170475;103471;55.8;33.9
53;2021-07-03;855;571;171330;104042;56.1;34.1
53;2021-07-04;0;4;171330;104046;56.1;34.1
53;2021-07-05;532;2062;171862;106108;56.3;34.7
53;2021-07-06;851;3616;172713;109724;56.6;35.9
53;2021-07-07;1011;2656;173724;112380;56.9;36.8
53;2021-07-08;1305;3119;175029;115499;57.3;37.8
53;2021-07-09;1114;3398;176143;118897;57.7;38.9
53;2021-07-10;422;1001;176565;119898;57.8;39.3
53;2021-07-11;12;20;176577;119918;57.8;39.3
53;2021-07-12;502;3715;177079;123633;58.0;40.5
53;2021-07-13;892;4771;177971;128404;58.3;42.0
53;2021-07-14;104;284;178075;128688;58.3;42.1
53;2021-07-15;1109;4354;179184;133042;58.7;43.6
53;2021-07-16;1238;3844;180422;136886;59.1;44.8
53;2021-07-17;1313;292;181735;137178;59.5;44.9
53;2021-07-18;25;19;181760;137197;59.5;44.9
53;2021-07-19;734;3436;182494;140633;59.8;46.1
53;2021-07-20;974;4125;183468;144758;60.1;47.4
53;2021-07-21;679;3279;184147;148037;60.3;48.5
53;2021-07-22;1482;3517;185629;151554;60.8;49.6
53;2021-07-23;1600;3756;187229;155310;61.3;50.9
53;2021-07-24;953;279;188182;155589;61.6;51.0
53;2021-07-25;60;25;188242;155614;61.6;51.0
53;2021-07-26;1721;1936;189963;157550;62.2;51.6
53;2021-07-27;2347;2824;192310;160374;63.0;52.5
53;2021-07-28;2075;2801;194385;163175;63.7;53.4
54;2020-12-27;0;0;0;0;0.0;0.0
54;2020-12-28;1;0;1;0;0.0;0.0
54;2020-12-29;0;0;1;0;0.0;0.0
54;2020-12-30;0;0;1;0;0.0;0.0
54;2020-12-31;10;0;11;0;0.0;0.0
54;2021-01-01;0;0;11;0;0.0;0.0
54;2021-01-02;0;0;11;0;0.0;0.0
54;2021-01-03;1;0;12;0;0.0;0.0
54;2021-01-04;162;0;174;0;0.0;0.0
54;2021-01-05;395;0;569;0;0.1;0.0
54;2021-01-06;647;1;1216;1;0.2;0.0
54;2021-01-07;816;2;2032;3;0.3;0.0
54;2021-01-08;704;3;2736;6;0.4;0.0
54;2021-01-09;81;0;2817;6;0.4;0.0
54;2021-01-10;78;0;2895;6;0.4;0.0
54;2021-01-11;974;3;3869;9;0.5;0.0
54;2021-01-12;1180;1;5049;10;0.7;0.0
54;2021-01-13;2366;8;7415;18;1.0;0.0
54;2021-01-14;3374;30;10789;48;1.5;0.0
54;2021-01-15;2682;13;13471;61;1.8;0.0
54;2021-01-16;814;3;14285;64;2.0;0.0
54;2021-01-17;210;0;14495;64;2.0;0.0
54;2021-01-18;1557;6;16052;70;2.2;0.0
54;2021-01-19;1695;0;17747;70;2.4;0.0
54;2021-01-20;1489;6;19236;76;2.6;0.0
54;2021-01-21;1341;3;20577;79;2.8;0.0
54;2021-01-22;1088;8;21665;87;3.0;0.0
54;2021-01-23;476;0;22141;87;3.0;0.0
54;2021-01-24;66;0;22207;87;3.0;0.0
54;2021-01-25;940;29;23147;116;3.2;0.0
54;2021-01-26;142;5;23289;121;3.2;0.0
54;2021-01-27;12;173;23301;294;3.2;0.0
54;2021-01-28;30;236;23331;530;3.2;0.1
54;2021-01-29;16;279;23347;809;3.2;0.1
54;2021-01-30;4;0;23351;809;3.2;0.1
54;2021-01-31;1;0;23352;809;3.2;0.1
54;2021-02-01;13;787;23365;1596;3.2;0.2
54;2021-02-02;22;972;23387;2568;3.2;0.4
54;2021-02-03;360;1536;23747;4104;3.3;0.6
54;2021-02-04;729;2455;24476;6559;3.4;0.9
54;2021-02-05;793;1900;25269;8459;3.5;1.2
54;2021-02-06;203;338;25472;8797;3.5;1.2
54;2021-02-07;4;126;25476;8923;3.5;1.2
54;2021-02-08;116;1002;25592;9925;3.5;1.4
54;2021-02-09;303;1073;25895;10998;3.5;1.5
54;2021-02-10;386;801;26281;11799;3.6;1.6
54;2021-02-11;292;820;26573;12619;3.6;1.7
54;2021-02-12;449;1303;27022;13922;3.7;1.9
54;2021-02-13;146;237;27168;14159;3.7;1.9
54;2021-02-14;9;11;27177;14170;3.7;1.9
54;2021-02-15;432;1139;27609;15309;3.8;2.1
54;2021-02-16;402;1226;28011;16535;3.8;2.3
54;2021-02-17;518;960;28529;17495;3.9;2.4
54;2021-02-18;592;798;29121;18293;4.0;2.5
54;2021-02-19;521;776;29642;19069;4.1;2.6
54;2021-02-20;35;284;29677;19353;4.1;2.6
54;2021-02-21;3;25;29680;19378;4.1;2.7
54;2021-02-22;485;606;30165;19984;4.1;2.7
54;2021-02-23;678;567;30843;20551;4.2;2.8
54;2021-02-24;727;367;31570;20918;4.3;2.9
54;2021-02-25;1475;736;33045;21654;4.5;3.0
54;2021-02-26;1764;781;34809;22435;4.8;3.1
54;2021-02-27;699;106;35508;22541;4.9;3.1
54;2021-02-28;11;28;35519;22569;4.9;3.1
54;2021-03-01;645;216;36164;22785;5.0;3.1
54;2021-03-02;1501;138;37665;22923;5.2;3.1
54;2021-03-03;1756;58;39421;22981;5.4;3.1
54;2021-03-04;2025;98;41446;23079;5.7;3.2
54;2021-03-05;2796;142;44242;23221;6.1;3.2
54;2021-03-06;4038;99;48280;23320;6.6;3.2
54;2021-03-07;2623;62;50903;23382;7.0;3.2
54;2021-03-08;1336;62;52239;23444;7.2;3.2
54;2021-03-09;2644;100;54883;23544;7.5;3.2
54;2021-03-10;3195;107;58078;23651;8.0;3.2
54;2021-03-11;3386;88;61464;23739;8.4;3.3
54;2021-03-12;4981;169;66445;23908;9.1;3.3
54;2021-03-13;4201;112;70646;24020;9.7;3.3
54;2021-03-14;543;37;71189;24057;9.7;3.3
54;2021-03-15;1718;99;72907;24156;10.0;3.3
54;2021-03-16;1732;170;74639;24326;10.2;3.3
54;2021-03-17;2081;148;76720;24474;10.5;3.4
54;2021-03-18;2054;159;78774;24633;10.8;3.4
54;2021-03-19;3318;248;82092;24881;11.2;3.4
54;2021-03-20;2302;75;84394;24956;11.6;3.4
54;2021-03-21;295;15;84689;24971;11.6;3.4
54;2021-03-22;1033;331;85722;25302;11.7;3.5
54;2021-03-23;1936;519;87658;25821;12.0;3.5
54;2021-03-24;2193;710;89851;26531;12.3;3.6
54;2021-03-25;3167;724;93018;27255;12.7;3.7
54;2021-03-26;3514;804;96532;28059;13.2;3.8
54;2021-03-27;2414;286;98946;28345;13.5;3.9
54;2021-03-28;278;3;99224;28348;13.6;3.9
54;2021-03-29;1667;384;100891;28732;13.8;3.9
54;2021-03-30;2551;977;103442;29709;14.2;4.1
54;2021-03-31;2594;1129;106036;30838;14.5;4.2
54;2021-04-01;3216;1245;109252;32083;15.0;4.4
54;2021-04-02;2968;1668;112220;33751;15.4;4.6
54;2021-04-03;1258;1313;113478;35064;15.5;4.8
54;2021-04-04;136;421;113614;35485;15.6;4.9
54;2021-04-05;144;574;113758;36059;15.6;4.9
54;2021-04-06;1260;1653;115018;37712;15.7;5.2
54;2021-04-07;907;2268;115925;39980;15.9;5.5
54;2021-04-08;2300;2444;118225;42424;16.2;5.8
54;2021-04-09;4118;3150;122343;45574;16.8;6.2
54;2021-04-10;3206;1666;125549;47240;17.2;6.5
54;2021-04-11;206;1001;125755;48241;17.2;6.6
54;2021-04-12;2196;1536;127951;49777;17.5;6.8
54;2021-04-13;3003;1966;130954;51743;17.9;7.1
54;2021-04-14;3256;1856;134210;53599;18.4;7.3
54;2021-04-15;2881;2286;137091;55885;18.8;7.7
54;2021-04-16;3140;2590;140231;58475;19.2;8.0
54;2021-04-17;3473;1482;143704;59957;19.7;8.2
54;2021-04-18;61;245;143765;60202;19.7;8.2
54;2021-04-19;2460;1067;146225;61269;20.0;8.4
54;2021-04-20;3012;1231;149237;62500;20.4;8.6
54;2021-04-21;4399;1606;153636;64106;21.0;8.8
54;2021-04-22;3717;2359;157353;66465;21.5;9.1
54;2021-04-23;3865;2051;161218;68516;22.1;9.4
54;2021-04-24;2343;1027;163561;69543;22.4;9.5
54;2021-04-25;284;276;163845;69819;22.4;9.6
54;2021-04-26;2301;1264;166146;71083;22.7;9.7
54;2021-04-27;3230;1390;169376;72473;23.2;9.9
54;2021-04-28;2971;1930;172347;74403;23.6;10.2
54;2021-04-29;3792;2074;176139;76477;24.1;10.5
54;2021-04-30;4489;1943;180628;78420;24.7;10.7
54;2021-05-01;2262;800;182890;79220;25.0;10.8
54;2021-05-02;228;68;183118;79288;25.1;10.9
54;2021-05-03;3093;931;186211;80219;25.5;11.0
54;2021-05-04;3512;1431;189723;81650;26.0;11.2
54;2021-05-05;4887;1385;194610;83035;26.6;11.4
54;2021-05-06;4434;2785;199044;85820;27.3;11.7
54;2021-05-07;4823;3390;203867;89210;27.9;12.2
54;2021-05-08;2022;634;205889;89844;28.2;12.3
54;2021-05-09;374;134;206263;89978;28.2;12.3
54;2021-05-10;3205;2238;209468;92216;28.7;12.6
54;2021-05-11;5482;2922;214950;95138;29.4;13.0
54;2021-05-12;4142;3378;219092;98516;30.0;13.5
54;2021-05-13;2642;483;221734;98999;30.4;13.6
54;2021-05-14;6877;1970;228611;100969;31.3;13.8
54;2021-05-15;5476;1303;234087;102272;32.0;14.0
54;2021-05-16;943;107;235030;102379;32.2;14.0
54;2021-05-17;3790;804;238820;103183;32.7;14.1
54;2021-05-18;3287;1094;242107;104277;33.1;14.3
54;2021-05-19;3462;1511;245569;105788;33.6;14.5
54;2021-05-20;4535;1608;250104;107396;34.2;14.7
54;2021-05-21;6728;2482;256832;109878;35.2;15.0
54;2021-05-22;5635;1358;262467;111236;35.9;15.2
54;2021-05-23;504;52;262971;111288;36.0;15.2
54;2021-05-24;1443;340;264414;111628;36.2;15.3
54;2021-05-25;4127;1528;268541;113156;36.8;15.5
54;2021-05-26;3527;2203;272068;115359;37.2;15.8
54;2021-05-27;4171;2432;276239;117791;37.8;16.1
54;2021-05-28;4941;3552;281180;121343;38.5;16.6
54;2021-05-29;3839;3977;285019;125320;39.0;17.2
54;2021-05-30;127;83;285146;125403;39.0;17.2
54;2021-05-31;2929;3060;288075;128463;39.4;17.6
54;2021-06-01;2612;4187;290687;132650;39.8;18.2
54;2021-06-02;2140;4072;292827;136722;40.1;18.7
54;2021-06-03;3099;5652;295926;142374;40.5;19.5
54;2021-06-04;5060;5464;300986;147838;41.2;20.2
54;2021-06-05;2345;3286;303331;151124;41.5;20.7
54;2021-06-06;69;236;303400;151360;41.5;20.7
54;2021-06-07;3702;2929;307102;154289;42.0;21.1
54;2021-06-08;4520;4256;311622;158545;42.7;21.7
54;2021-06-09;5962;3277;317584;161822;43.5;22.2
54;2021-06-10;5288;4417;322872;166239;44.2;22.8
54;2021-06-11;4999;4891;327871;171130;44.9;23.4
54;2021-06-12;4212;3217;332083;174347;45.5;23.9
54;2021-06-13;56;211;332139;174558;45.5;23.9
54;2021-06-14;2322;3585;334461;178143;45.8;24.4
54;2021-06-15;2815;4724;337276;182867;46.2;25.0
54;2021-06-16;3474;5626;340750;188493;46.7;25.8
54;2021-06-17;3127;5215;343877;193708;47.1;26.5
54;2021-06-18;4121;6222;347998;199930;47.6;27.4
54;2021-06-19;2636;3127;350634;203057;48.0;27.8
54;2021-06-20;122;338;350756;203395;48.0;27.8
54;2021-06-21;2541;4754;353297;208149;48.4;28.5
54;2021-06-22;2027;6219;355324;214368;48.6;29.3
54;2021-06-23;2195;5592;357519;219960;48.9;30.1
54;2021-06-24;2086;3460;359605;223420;49.2;30.6
54;2021-06-25;2187;7038;361792;230458;49.5;31.6
54;2021-06-26;2373;5652;364165;236110;49.9;32.3
54;2021-06-27;134;609;364299;236719;49.9;32.4
54;2021-06-28;1949;4336;366248;241055;50.1;33.0
54;2021-06-29;1929;5209;368177;246264;50.4;33.7
54;2021-06-30;1963;5120;370140;251384;50.7;34.4
54;2021-07-01;2113;5989;372253;257373;51.0;35.2
54;2021-07-02;2779;7544;375032;264917;51.3;36.3
54;2021-07-03;2782;4053;377814;268970;51.7;36.8
54;2021-07-04;196;498;378010;269468;51.8;36.9
54;2021-07-05;1661;4249;379671;273717;52.0;37.5
54;2021-07-06;2009;5040;381680;278757;52.3;38.2
54;2021-07-07;1789;4843;383469;283600;52.5;38.8
54;2021-07-08;1663;4110;385132;287710;52.7;39.4
54;2021-07-09;3133;6005;388265;293715;53.2;40.2
54;2021-07-10;2504;4351;390769;298066;53.5;40.8
54;2021-07-11;10;104;390779;298170;53.5;40.8
54;2021-07-12;2064;4655;392843;302825;53.8;41.5
54;2021-07-13;2584;4950;395427;307775;54.1;42.1
54;2021-07-14;1440;1490;396867;309265;54.3;42.3
54;2021-07-15;3160;4827;400027;314092;54.8;43.0
54;2021-07-16;4603;6211;404630;320303;55.4;43.9
54;2021-07-17;3982;4760;408612;325063;55.9;44.5
54;2021-07-18;1798;1657;410410;326720;56.2;44.7
54;2021-07-19;2535;4014;412945;330734;56.5;45.3
54;2021-07-20;2867;4805;415812;335539;56.9;45.9
54;2021-07-21;3089;6317;418901;341856;57.4;46.8
54;2021-07-22;3198;5697;422099;347553;57.8;47.6
54;2021-07-23;3917;6993;426016;354546;58.3;48.5
54;2021-07-24;2908;5276;428924;359822;58.7;49.3
54;2021-07-25;57;45;428981;359867;58.7;49.3
54;2021-07-26;2937;4125;431918;363992;59.1;49.8
54;2021-07-27;3626;3973;435544;367965;59.6;50.4
54;2021-07-28;4670;3770;440214;371735;60.3;50.9
55;2020-12-27;0;0;0;0;0.0;0.0
55;2020-12-28;0;0;0;0;0.0;0.0
55;2020-12-29;0;0;0;0;0.0;0.0
55;2020-12-30;0;0;0;0;0.0;0.0
55;2020-12-31;0;0;0;0;0.0;0.0
55;2021-01-01;0;0;0;0;0.0;0.0
55;2021-01-02;0;0;0;0;0.0;0.0
55;2021-01-03;0;0;0;0;0.0;0.0
55;2021-01-04;1;0;1;0;0.0;0.0
55;2021-01-05;0;0;1;0;0.0;0.0
55;2021-01-06;0;0;1;0;0.0;0.0
55;2021-01-07;122;0;123;0;0.1;0.0
55;2021-01-08;127;0;250;0;0.1;0.0
55;2021-01-09;52;0;302;0;0.2;0.0
55;2021-01-10;0;0;302;0;0.2;0.0
55;2021-01-11;127;1;429;1;0.2;0.0
55;2021-01-12;119;0;548;1;0.3;0.0
55;2021-01-13;134;0;682;1;0.4;0.0
55;2021-01-14;641;5;1323;6;0.7;0.0
55;2021-01-15;237;0;1560;6;0.9;0.0
55;2021-01-16;62;0;1622;6;0.9;0.0
55;2021-01-17;1;0;1623;6;0.9;0.0
55;2021-01-18;413;0;2036;6;1.1;0.0
55;2021-01-19;351;2;2387;8;1.3;0.0
55;2021-01-20;451;2;2838;10;1.6;0.0
55;2021-01-21;430;0;3268;10;1.8;0.0
55;2021-01-22;392;0;3660;10;2.0;0.0
55;2021-01-23;49;0;3709;10;2.0;0.0
55;2021-01-24;0;0;3709;10;2.0;0.0
55;2021-01-25;436;0;4145;10;2.3;0.0
55;2021-01-26;429;0;4574;10;2.5;0.0
55;2021-01-27;424;0;4998;10;2.8;0.0
55;2021-01-28;485;100;5483;110;3.0;0.1
55;2021-01-29;159;54;5642;164;3.1;0.1
55;2021-01-30;92;28;5734;192;3.2;0.1
55;2021-01-31;0;0;5734;192;3.2;0.1
55;2021-02-01;153;177;5887;369;3.2;0.2
55;2021-02-02;159;148;6046;517;3.3;0.3
55;2021-02-03;53;161;6099;678;3.4;0.4
55;2021-02-04;233;398;6332;1076;3.5;0.6
55;2021-02-05;174;140;6506;1216;3.6;0.7
55;2021-02-06;59;55;6565;1271;3.6;0.7
55;2021-02-07;2;53;6567;1324;3.6;0.7
55;2021-02-08;0;19;6567;1343;3.6;0.7
55;2021-02-09;92;114;6659;1457;3.7;0.8
55;2021-02-10;64;22;6723;1479;3.7;0.8
55;2021-02-11;175;97;6898;1576;3.8;0.9
55;2021-02-12;95;27;6993;1603;3.8;0.9
55;2021-02-13;0;0;6993;1603;3.8;0.9
55;2021-02-14;0;0;6993;1603;3.8;0.9
55;2021-02-15;15;418;7008;2021;3.9;1.1
55;2021-02-16;143;396;7151;2417;3.9;1.3
55;2021-02-17;26;493;7177;2910;4.0;1.6
55;2021-02-18;20;344;7197;3254;4.0;1.8
55;2021-02-19;120;291;7317;3545;4.0;2.0
55;2021-02-20;11;0;7328;3545;4.0;2.0
55;2021-02-21;0;0;7328;3545;4.0;2.0
55;2021-02-22;55;458;7383;4003;4.1;2.2
55;2021-02-23;85;443;7468;4446;4.1;2.4
55;2021-02-24;72;416;7540;4862;4.2;2.7
55;2021-02-25;270;683;7810;5545;4.3;3.1
55;2021-02-26;325;234;8135;5779;4.5;3.2
55;2021-02-27;125;86;8260;5865;4.5;3.2
55;2021-02-28;2;8;8262;5873;4.5;3.2
55;2021-03-01;77;139;8339;6012;4.6;3.3
55;2021-03-02;124;172;8463;6184;4.7;3.4
55;2021-03-03;198;3;8661;6187;4.8;3.4
55;2021-03-04;237;43;8898;6230;4.9;3.4
55;2021-03-05;363;45;9261;6275;5.1;3.5
55;2021-03-06;223;5;9484;6280;5.2;3.5
55;2021-03-07;69;1;9553;6281;5.3;3.5
55;2021-03-08;327;49;9880;6330;5.4;3.5
55;2021-03-09;634;49;10514;6379;5.8;3.5
55;2021-03-10;396;24;10910;6403;6.0;3.5
55;2021-03-11;595;137;11505;6540;6.3;3.6
55;2021-03-12;815;89;12320;6629;6.8;3.6
55;2021-03-13;523;11;12843;6640;7.1;3.7
55;2021-03-14;14;0;12857;6640;7.1;3.7
55;2021-03-15;392;23;13249;6663;7.3;3.7
55;2021-03-16;568;108;13817;6771;7.6;3.7
55;2021-03-17;683;18;14500;6789;8.0;3.7
55;2021-03-18;320;22;14820;6811;8.2;3.7
55;2021-03-19;471;59;15291;6870;8.4;3.8
55;2021-03-20;253;14;15544;6884;8.6;3.8
55;2021-03-21;1;1;15545;6885;8.6;3.8
55;2021-03-22;474;18;16019;6903;8.8;3.8
55;2021-03-23;972;61;16991;6964;9.4;3.8
55;2021-03-24;802;37;17793;7001;9.8;3.9
55;2021-03-25;1096;77;18889;7078;10.4;3.9
55;2021-03-26;601;34;19490;7112;10.7;3.9
55;2021-03-27;255;21;19745;7133;10.9;3.9
55;2021-03-28;0;0;19745;7133;10.9;3.9
55;2021-03-29;943;37;20688;7170;11.4;3.9
55;2021-03-30;1423;68;22111;7238;12.2;4.0
55;2021-03-31;1480;64;23591;7302;13.0;4.0
55;2021-04-01;1202;114;24793;7416;13.6;4.1
55;2021-04-02;897;71;25690;7487;14.1;4.1
55;2021-04-03;81;3;25771;7490;14.2;4.1
55;2021-04-04;2;0;25773;7490;14.2;4.1
55;2021-04-05;6;12;25779;7502;14.2;4.1
55;2021-04-06;933;274;26712;7776;14.7;4.3
55;2021-04-07;993;235;27705;8011;15.3;4.4
55;2021-04-08;1647;415;29352;8426;16.2;4.6
55;2021-04-09;1429;262;30781;8688;16.9;4.8
55;2021-04-10;240;174;31021;8862;17.1;4.9
55;2021-04-11;452;20;31473;8882;17.3;4.9
55;2021-04-12;855;327;32328;9209;17.8;5.1
55;2021-04-13;1356;525;33684;9734;18.5;5.4
55;2021-04-14;1371;728;35055;10462;19.3;5.8
55;2021-04-15;1634;455;36689;10917;20.2;6.0
55;2021-04-16;705;378;37394;11295;20.6;6.2
55;2021-04-17;677;28;38071;11323;21.0;6.2
55;2021-04-18;38;18;38109;11341;21.0;6.2
55;2021-04-19;961;345;39070;11686;21.5;6.4
55;2021-04-20;1172;771;40242;12457;22.2;6.9
55;2021-04-21;990;638;41232;13095;22.7;7.2
55;2021-04-22;1072;648;42304;13743;23.3;7.6
55;2021-04-23;1414;575;43718;14318;24.1;7.9
55;2021-04-24;312;123;44030;14441;24.2;8.0
55;2021-04-25;384;48;44414;14489;24.5;8.0
55;2021-04-26;478;817;44892;15306;24.7;8.4
55;2021-04-27;570;993;45462;16299;25.0;9.0
55;2021-04-28;931;816;46393;17115;25.5;9.4
55;2021-04-29;1118;855;47511;17970;26.2;9.9
55;2021-04-30;1279;618;48790;18588;26.9;10.2
55;2021-05-01;153;132;48943;18720;26.9;10.3
55;2021-05-02;2;3;48945;18723;26.9;10.3
55;2021-05-03;1208;629;50153;19352;27.6;10.7
55;2021-05-04;683;1176;50836;20528;28.0;11.3
55;2021-05-05;658;1074;51494;21602;28.3;11.9
55;2021-05-06;1347;1160;52841;22762;29.1;12.5
55;2021-05-07;1432;553;54273;23315;29.9;12.8
55;2021-05-08;156;77;54429;23392;30.0;12.9
55;2021-05-09;61;522;54490;23914;30.0;13.2
55;2021-05-10;861;1029;55351;24943;30.5;13.7
55;2021-05-11;1070;1379;56421;26322;31.1;14.5
55;2021-05-12;1032;1770;57453;28092;31.6;15.5
55;2021-05-13;99;75;57552;28167;31.7;15.5
55;2021-05-14;352;558;57904;28725;31.9;15.8
55;2021-05-15;291;492;58195;29217;32.0;16.1
55;2021-05-16;3;10;58198;29227;32.0;16.1
55;2021-05-17;1028;840;59226;30067;32.6;16.6
55;2021-05-18;1569;892;60795;30959;33.5;17.0
55;2021-05-19;1810;782;62605;31741;34.5;17.5
55;2021-05-20;2215;732;64820;32473;35.7;17.9
55;2021-05-21;2007;798;66827;33271;36.8;18.3
55;2021-05-22;198;167;67025;33438;36.9;18.4
55;2021-05-23;23;120;67048;33558;36.9;18.5
55;2021-05-24;0;0;67048;33558;36.9;18.5
55;2021-05-25;1348;651;68396;34209;37.7;18.8
55;2021-05-26;1671;1016;70067;35225;38.6;19.4
55;2021-05-27;1318;981;71385;36206;39.3;19.9
55;2021-05-28;1520;932;72905;37138;40.1;20.4
55;2021-05-29;1401;697;74306;37835;40.9;20.8
55;2021-05-30;15;206;74321;38041;40.9;20.9
55;2021-05-31;1049;1131;75370;39172;41.5;21.6
55;2021-06-01;912;955;76282;40127;42.0;22.1
55;2021-06-02;1159;984;77441;41111;42.6;22.6
55;2021-06-03;700;545;78141;41656;43.0;22.9
55;2021-06-04;1389;1100;79530;42756;43.8;23.5
55;2021-06-05;1364;277;80894;43033;44.5;23.7
55;2021-06-06;0;2;80894;43035;44.5;23.7
55;2021-06-07;790;714;81684;43749;45.0;24.1
55;2021-06-08;697;1074;82381;44823;45.4;24.7
55;2021-06-09;851;870;83232;45693;45.8;25.2
55;2021-06-10;378;275;83610;45968;46.0;25.3
55;2021-06-11;527;1287;84137;47255;46.3;26.0
55;2021-06-12;760;519;84897;47774;46.7;26.3
55;2021-06-13;265;33;85162;47807;46.9;26.3
55;2021-06-14;368;1364;85530;49171;47.1;27.1
55;2021-06-15;572;1213;86102;50384;47.4;27.7
55;2021-06-16;734;830;86836;51214;47.8;28.2
55;2021-06-17;425;858;87261;52072;48.0;28.7
55;2021-06-18;659;1471;87920;53543;48.4;29.5
55;2021-06-19;589;457;88509;54000;48.7;29.7
55;2021-06-20;0;0;88509;54000;48.7;29.7
55;2021-06-21;434;1022;88943;55022;49.0;30.3
55;2021-06-22;335;1014;89278;56036;49.2;30.8
55;2021-06-23;617;1211;89895;57247;49.5;31.5
55;2021-06-24;163;433;90058;57680;49.6;31.8
55;2021-06-25;642;1224;90700;58904;49.9;32.4
55;2021-06-26;418;340;91118;59244;50.2;32.6
55;2021-06-27;1;2;91119;59246;50.2;32.6
55;2021-06-28;146;1380;91265;60626;50.2;33.4
55;2021-06-29;200;1289;91465;61915;50.4;34.1
55;2021-06-30;269;1934;91734;63849;50.5;35.2
55;2021-07-01;382;1983;92116;65832;50.7;36.2
55;2021-07-02;389;1722;92505;67554;50.9;37.2
55;2021-07-03;108;261;92613;67815;51.0;37.3
55;2021-07-04;12;19;92625;67834;51.0;37.3
55;2021-07-05;221;1510;92846;69344;51.1;38.2
55;2021-07-06;315;892;93161;70236;51.3;38.7
55;2021-07-07;386;1802;93547;72038;51.5;39.7
55;2021-07-08;529;1593;94076;73631;51.8;40.5
55;2021-07-09;443;1478;94519;75109;52.0;41.4
55;2021-07-10;351;1111;94870;76220;52.2;42.0
55;2021-07-11;0;9;94870;76229;52.2;42.0
55;2021-07-12;601;1167;95471;77396;52.6;42.6
55;2021-07-13;597;1488;96068;78884;52.9;43.4
55;2021-07-14;0;13;96068;78897;52.9;43.4
55;2021-07-15;774;1644;96842;80541;53.3;44.3
55;2021-07-16;1251;1809;98093;82350;54.0;45.3
55;2021-07-17;1275;813;99368;83163;54.7;45.8
55;2021-07-18;1;2;99369;83165;54.7;45.8
55;2021-07-19;595;785;99964;83950;55.0;46.2
55;2021-07-20;995;1024;100959;84974;55.6;46.8
55;2021-07-21;1471;1368;102430;86342;56.4;47.5
55;2021-07-22;1163;562;103593;86904;57.0;47.8
55;2021-07-23;1102;1352;104695;88256;57.6;48.6
55;2021-07-24;807;761;105502;89017;58.1;49.0
55;2021-07-25;119;229;105621;89246;58.1;49.1
55;2021-07-26;665;436;106286;89682;58.5;49.4
55;2021-07-27;1142;472;107428;90154;59.1;49.6
55;2021-07-28;1031;1063;108459;91217;59.7;50.2
56;2020-12-27;0;0;0;0;0.0;0.0
56;2020-12-28;1;0;1;0;0.0;0.0
56;2020-12-29;0;0;1;0;0.0;0.0
56;2020-12-30;0;0;1;0;0.0;0.0
56;2020-12-31;0;0;1;0;0.0;0.0
56;2021-01-01;0;0;1;0;0.0;0.0
56;2021-01-02;1;0;2;0;0.0;0.0
56;2021-01-03;0;0;2;0;0.0;0.0
56;2021-01-04;1;0;3;0;0.0;0.0
56;2021-01-05;1;0;4;0;0.0;0.0
56;2021-01-06;1;0;5;0;0.0;0.0
56;2021-01-07;198;0;203;0;0.0;0.0
56;2021-01-08;119;0;322;0;0.0;0.0
56;2021-01-09;1;0;323;0;0.0;0.0
56;2021-01-10;1;0;324;0;0.0;0.0
56;2021-01-11;242;0;566;0;0.1;0.0
56;2021-01-12;753;0;1319;0;0.2;0.0
56;2021-01-13;637;1;1956;1;0.3;0.0
56;2021-01-14;968;2;2924;3;0.4;0.0
56;2021-01-15;839;5;3763;8;0.5;0.0
56;2021-01-16;233;3;3996;11;0.5;0.0
56;2021-01-17;26;0;4022;11;0.5;0.0
56;2021-01-18;1003;1;5025;12;0.7;0.0
56;2021-01-19;850;1;5875;13;0.8;0.0
56;2021-01-20;883;1;6758;14;0.9;0.0
56;2021-01-21;1459;2;8217;16;1.1;0.0
56;2021-01-22;1170;1;9387;17;1.2;0.0
56;2021-01-23;319;2;9706;19;1.3;0.0
56;2021-01-24;6;0;9712;19;1.3;0.0
56;2021-01-25;824;0;10536;19;1.4;0.0
56;2021-01-26;1030;4;11566;23;1.5;0.0
56;2021-01-27;1082;61;12648;84;1.7;0.0
56;2021-01-28;972;125;13620;209;1.8;0.0
56;2021-01-29;865;106;14485;315;1.9;0.0
56;2021-01-30;138;19;14623;334;1.9;0.0
56;2021-01-31;0;0;14623;334;1.9;0.0
56;2021-02-01;477;158;15100;492;2.0;0.1
56;2021-02-02;942;257;16042;749;2.1;0.1
56;2021-02-03;1021;270;17063;1019;2.3;0.1
56;2021-02-04;4690;346;21753;1365;2.9;0.2
56;2021-02-05;3578;429;25331;1794;3.4;0.2
56;2021-02-06;548;169;25879;1963;3.4;0.3
56;2021-02-07;135;26;26014;1989;3.4;0.3
56;2021-02-08;296;288;26310;2277;3.5;0.3
56;2021-02-09;793;509;27103;2786;3.6;0.4
56;2021-02-10;863;700;27966;3486;3.7;0.5
56;2021-02-11;972;1077;28938;4563;3.8;0.6
56;2021-02-12;1149;643;30087;5206;4.0;0.7
56;2021-02-13;220;104;30307;5310;4.0;0.7
56;2021-02-14;6;46;30313;5356;4.0;0.7
56;2021-02-15;621;1089;30934;6445;4.1;0.9
56;2021-02-16;1219;738;32153;7183;4.3;1.0
56;2021-02-17;1190;960;33343;8143;4.4;1.1
56;2021-02-18;1351;884;34694;9027;4.6;1.2
56;2021-02-19;1320;914;36014;9941;4.8;1.3
56;2021-02-20;365;261;36379;10202;4.8;1.4
56;2021-02-21;0;0;36379;10202;4.8;1.4
56;2021-02-22;374;700;36753;10902;4.9;1.4
56;2021-02-23;739;965;37492;11867;5.0;1.6
56;2021-02-24;913;1182;38405;13049;5.1;1.7
56;2021-02-25;2026;4244;40431;17293;5.4;2.3
56;2021-02-26;2351;2259;42782;19552;5.7;2.6
56;2021-02-27;744;446;43526;19998;5.8;2.6
56;2021-02-28;14;114;43540;20112;5.8;2.7
56;2021-03-01;645;559;44185;20671;5.8;2.7
56;2021-03-02;977;789;45162;21460;6.0;2.8
56;2021-03-03;1147;912;46309;22372;6.1;3.0
56;2021-03-04;1963;1039;48272;23411;6.4;3.1
56;2021-03-05;2576;1429;50848;24840;6.7;3.3
56;2021-03-06;1204;216;52052;25056;6.9;3.3
56;2021-03-07;282;24;52334;25080;6.9;3.3
56;2021-03-08;1138;392;53472;25472;7.1;3.4
56;2021-03-09;2029;630;55501;26102;7.3;3.5
56;2021-03-10;2001;937;57502;27039;7.6;3.6
56;2021-03-11;3252;732;60754;27771;8.0;3.7
56;2021-03-12;4207;823;64961;28594;8.6;3.8
56;2021-03-13;1878;145;66839;28739;8.8;3.8
56;2021-03-14;190;2;67029;28741;8.9;3.8
56;2021-03-15;1280;528;68309;29269;9.0;3.9
56;2021-03-16;1088;1039;69397;30308;9.2;4.0
56;2021-03-17;1357;778;70754;31086;9.4;4.1
56;2021-03-18;1998;1877;72752;32963;9.6;4.4
56;2021-03-19;2938;1396;75690;34359;10.0;4.5
56;2021-03-20;1487;206;77177;34565;10.2;4.6
56;2021-03-21;206;22;77383;34587;10.2;4.6
56;2021-03-22;1608;397;78991;34984;10.5;4.6
56;2021-03-23;2803;686;81794;35670;10.8;4.7
56;2021-03-24;3447;527;85241;36197;11.3;4.8
56;2021-03-25;4228;713;89469;36910;11.8;4.9
56;2021-03-26;5085;775;94554;37685;12.5;5.0
56;2021-03-27;1497;293;96051;37978;12.7;5.0
56;2021-03-28;263;10;96314;37988;12.7;5.0
56;2021-03-29;2225;503;98539;38491;13.0;5.1
56;2021-03-30;3516;783;102055;39274;13.5;5.2
56;2021-03-31;3113;709;105168;39983;13.9;5.3
56;2021-04-01;4064;814;109232;40797;14.5;5.4
56;2021-04-02;3915;931;113147;41728;15.0;5.5
56;2021-04-03;1186;269;114333;41997;15.1;5.6
56;2021-04-04;231;3;114564;42000;15.2;5.6
56;2021-04-05;244;8;114808;42008;15.2;5.6
56;2021-04-06;2815;1232;117623;43240;15.6;5.7
56;2021-04-07;4020;1178;121643;44418;16.1;5.9
56;2021-04-08;5287;1159;126930;45577;16.8;6.0
56;2021-04-09;7385;1280;134315;46857;17.8;6.2
56;2021-04-10;2580;420;136895;47277;18.1;6.3
56;2021-04-11;192;102;137087;47379;18.1;6.3
56;2021-04-12;3932;832;141019;48211;18.7;6.4
56;2021-04-13;5963;1254;146982;49465;19.5;6.5
56;2021-04-14;5165;1421;152147;50886;20.1;6.7
56;2021-04-15;7132;1754;159279;52640;21.1;7.0
56;2021-04-16;7838;1998;167117;54638;22.1;7.2
56;2021-04-17;3129;636;170246;55274;22.5;7.3
56;2021-04-18;528;106;170774;55380;22.6;7.3
56;2021-04-19;3717;1262;174491;56642;23.1;7.5
56;2021-04-20;4100;1973;178591;58615;23.6;7.8
56;2021-04-21;4060;2321;182651;60936;24.2;8.1
56;2021-04-22;5169;1917;187820;62853;24.9;8.3
56;2021-04-23;5156;2400;192976;65253;25.5;8.6
56;2021-04-24;2898;642;195874;65895;25.9;8.7
56;2021-04-25;463;148;196337;66043;26.0;8.7
56;2021-04-26;4704;1660;201041;67703;26.6;9.0
56;2021-04-27;5091;2544;206132;70247;27.3;9.3
56;2021-04-28;4966;2243;211098;72490;27.9;9.6
56;2021-04-29;5834;2930;216932;75420;28.7;10.0
56;2021-04-30;6243;2799;223175;78219;29.5;10.4
56;2021-05-01;2484;360;225659;78579;29.9;10.4
56;2021-05-02;306;254;225965;78833;29.9;10.4
56;2021-05-03;3864;2068;229829;80901;30.4;10.7
56;2021-05-04;4382;3902;234211;84803;31.0;11.2
56;2021-05-05;3523;3866;237734;88669;31.5;11.7
56;2021-05-06;4379;5424;242113;94093;32.0;12.5
56;2021-05-07;4267;5010;246380;99103;32.6;13.1
56;2021-05-08;1641;315;248021;99418;32.8;13.2
56;2021-05-09;495;221;248516;99639;32.9;13.2
56;2021-05-10;3748;3805;252264;103444;33.4;13.7
56;2021-05-11;4163;5046;256427;108490;33.9;14.4
56;2021-05-12;4340;4774;260767;113264;34.5;15.0
56;2021-05-13;2394;1007;263161;114271;34.8;15.1
56;2021-05-14;4220;4356;267381;118627;35.4;15.7
56;2021-05-15;2482;1892;269863;120519;35.7;16.0
56;2021-05-16;234;488;270097;121007;35.7;16.0
56;2021-05-17;2509;3664;272606;124671;36.1;16.5
56;2021-05-18;3516;4076;276122;128747;36.5;17.0
56;2021-05-19;3528;3388;279650;132135;37.0;17.5
56;2021-05-20;3796;4804;283446;136939;37.5;18.1
56;2021-05-21;3740;5221;287186;142160;38.0;18.8
56;2021-05-22;1697;2208;288883;144368;38.2;19.1
56;2021-05-23;284;197;289167;144565;38.3;19.1
56;2021-05-24;2056;499;291223;145064;38.5;19.2
56;2021-05-25;3134;4462;294357;149526;39.0;19.8
56;2021-05-26;3734;3899;298091;153425;39.5;20.3
56;2021-05-27;4359;4869;302450;158294;40.0;21.0
56;2021-05-28;4631;5958;307081;164252;40.6;21.7
56;2021-05-29;1885;1634;308966;165886;40.9;22.0
56;2021-05-30;317;66;309283;165952;40.9;22.0
56;2021-05-31;4501;3220;313784;169172;41.5;22.4
56;2021-06-01;5663;3385;319447;172557;42.3;22.8
56;2021-06-02;5637;2952;325084;175509;43.0;23.2
56;2021-06-03;6186;3305;331270;178814;43.8;23.7
56;2021-06-04;5806;4414;337076;183228;44.6;24.3
56;2021-06-05;4344;2385;341420;185613;45.2;24.6
56;2021-06-06;496;615;341916;186228;45.3;24.6
56;2021-06-07;5104;3173;347020;189401;45.9;25.1
56;2021-06-08;6063;3377;353083;192778;46.7;25.5
56;2021-06-09;6433;2812;359516;195590;47.6;25.9
56;2021-06-10;7475;2865;366991;198455;48.6;26.3
56;2021-06-11;6760;3867;373751;202322;49.5;26.8
56;2021-06-12;5098;2068;378849;204390;50.1;27.1
56;2021-06-13;1976;437;380825;204827;50.4;27.1
56;2021-06-14;3307;4591;384132;209418;50.8;27.7
56;2021-06-15;4204;4897;388336;214315;51.4;28.4
56;2021-06-16;4485;4503;392821;218818;52.0;29.0
56;2021-06-17;4248;4753;397069;223571;52.6;29.6
56;2021-06-18;4509;5967;401578;229538;53.1;30.4
56;2021-06-19;3826;2142;405404;231680;53.7;30.7
56;2021-06-20;1501;339;406905;232019;53.9;30.7
56;2021-06-21;3295;4468;410200;236487;54.3;31.3
56;2021-06-22;3472;5441;413672;241928;54.7;32.0
56;2021-06-23;3743;5062;417415;246990;55.2;32.7
56;2021-06-24;3462;5315;420877;252305;55.7;33.4
56;2021-06-25;3866;6276;424743;258581;56.2;34.2
56;2021-06-26;3179;2912;427922;261493;56.6;34.6
56;2021-06-27;303;163;428225;261656;56.7;34.6
56;2021-06-28;1563;3981;429788;265637;56.9;35.2
56;2021-06-29;2384;5739;432172;271376;57.2;35.9
56;2021-06-30;2473;5560;434645;276936;57.5;36.7
56;2021-07-01;2713;4960;437358;281896;57.9;37.3
56;2021-07-02;2640;6214;439998;288110;58.2;38.1
56;2021-07-03;2188;2685;442186;290795;58.5;38.5
56;2021-07-04;772;811;442958;291606;58.6;38.6
56;2021-07-05;1853;5453;444811;297059;58.9;39.3
56;2021-07-06;2169;5951;446980;303010;59.2;40.1
56;2021-07-07;2827;5644;449807;308654;59.5;40.9
56;2021-07-08;3052;6041;452859;314695;59.9;41.7
56;2021-07-09;2207;7107;455066;321802;60.2;42.6
56;2021-07-10;1123;3002;456189;324804;60.4;43.0
56;2021-07-11;254;343;456443;325147;60.4;43.0
56;2021-07-12;2163;6603;458606;331750;60.7;43.9
56;2021-07-13;3223;7471;461829;339221;61.1;44.9
56;2021-07-14;1772;2583;463601;341804;61.4;45.2
56;2021-07-15;3800;7065;467401;348869;61.9;46.2
56;2021-07-16;4054;8090;471455;356959;62.4;47.2
56;2021-07-17;2303;3520;473758;360479;62.7;47.7
56;2021-07-18;253;477;474011;360956;62.7;47.8
56;2021-07-19;2845;6351;476856;367307;63.1;48.6
56;2021-07-20;3695;7920;480551;375227;63.6;49.7
56;2021-07-21;3062;7526;483613;382753;64.0;50.7
56;2021-07-22;4334;8019;487947;390772;64.6;51.7
56;2021-07-23;4341;8392;492288;399164;65.2;52.8
56;2021-07-24;1681;4595;493969;403759;65.4;53.4
56;2021-07-25;547;1918;494516;405677;65.4;53.7
56;2021-07-26;3652;5451;498168;411128;65.9;54.4
56;2021-07-27;5322;6188;503490;417316;66.6;55.2
56;2021-07-28;4631;5447;508121;422763;67.3;56.0
57;2020-12-27;2;0;2;0;0.0;0.0
57;2020-12-28;0;0;2;0;0.0;0.0
57;2020-12-29;1;0;3;0;0.0;0.0
57;2020-12-30;1;0;4;0;0.0;0.0
57;2020-12-31;0;0;4;0;0.0;0.0
57;2021-01-01;0;0;4;0;0.0;0.0
57;2021-01-02;2;0;6;0;0.0;0.0
57;2021-01-03;0;0;6;0;0.0;0.0
57;2021-01-04;15;0;21;0;0.0;0.0
57;2021-01-05;199;0;220;0;0.0;0.0
57;2021-01-06;226;1;446;1;0.0;0.0
57;2021-01-07;583;2;1029;3;0.1;0.0
57;2021-01-08;508;2;1537;5;0.1;0.0
57;2021-01-09;196;0;1733;5;0.2;0.0
57;2021-01-10;108;1;1841;6;0.2;0.0
57;2021-01-11;469;1;2310;7;0.2;0.0
57;2021-01-12;613;5;2923;12;0.3;0.0
57;2021-01-13;695;2;3618;14;0.3;0.0
57;2021-01-14;706;6;4324;20;0.4;0.0
57;2021-01-15;634;1;4958;21;0.5;0.0
57;2021-01-16;449;1;5407;22;0.5;0.0
57;2021-01-17;492;1;5899;23;0.6;0.0
57;2021-01-18;2702;17;8601;40;0.8;0.0
57;2021-01-19;2568;17;11169;57;1.1;0.0
57;2021-01-20;2760;16;13929;73;1.3;0.0
57;2021-01-21;1790;5;15719;78;1.5;0.0
57;2021-01-22;1320;6;17039;84;1.6;0.0
57;2021-01-23;543;16;17582;100;1.7;0.0
57;2021-01-24;0;0;17582;100;1.7;0.0
57;2021-01-25;869;184;18451;284;1.8;0.0
57;2021-01-26;1112;216;19563;500;1.9;0.0
57;2021-01-27;1069;182;20632;682;2.0;0.1
57;2021-01-28;1039;299;21671;981;2.1;0.1
57;2021-01-29;982;396;22653;1377;2.2;0.1
57;2021-01-30;440;94;23093;1471;2.2;0.1
57;2021-01-31;10;27;23103;1498;2.2;0.1
57;2021-02-01;825;353;23928;1851;2.3;0.2
57;2021-02-02;989;364;24917;2215;2.4;0.2
57;2021-02-03;986;320;25903;2535;2.5;0.2
57;2021-02-04;1138;809;27041;3344;2.6;0.3
57;2021-02-05;928;357;27969;3701;2.7;0.4
57;2021-02-06;480;350;28449;4051;2.7;0.4
57;2021-02-07;103;334;28552;4385;2.8;0.4
57;2021-02-08;1254;1559;29806;5944;2.9;0.6
57;2021-02-09;1762;1674;31568;7618;3.0;0.7
57;2021-02-10;1709;2075;33277;9693;3.2;0.9
57;2021-02-11;1484;1332;34761;11025;3.4;1.1
57;2021-02-12;1226;677;35987;11702;3.5;1.1
57;2021-02-13;1151;177;37138;11879;3.6;1.1
57;2021-02-14;1210;26;38348;11905;3.7;1.1
57;2021-02-15;765;863;39113;12768;3.8;1.2
57;2021-02-16;1071;801;40184;13569;3.9;1.3
57;2021-02-17;1007;965;41191;14534;4.0;1.4
57;2021-02-18;974;1161;42165;15695;4.1;1.5
57;2021-02-19;953;938;43118;16633;4.2;1.6
57;2021-02-20;1174;615;44292;17248;4.3;1.7
57;2021-02-21;323;11;44615;17259;4.3;1.7
57;2021-02-22;1230;911;45845;18170;4.4;1.8
57;2021-02-23;2234;1088;48079;19258;4.6;1.9
57;2021-02-24;2267;997;50346;20255;4.9;2.0
57;2021-02-25;3293;1115;53639;21370;5.2;2.1
57;2021-02-26;3575;958;57214;22328;5.5;2.2
57;2021-02-27;3689;531;60903;22859;5.9;2.2
57;2021-02-28;1895;54;62798;22913;6.1;2.2
57;2021-03-01;2048;1334;64846;24247;6.3;2.3
57;2021-03-02;2849;1596;67695;25843;6.5;2.5
57;2021-03-03;2802;1602;70497;27445;6.8;2.6
57;2021-03-04;3266;1300;73763;28745;7.1;2.8
57;2021-03-05;4449;1231;78212;29976;7.6;2.9
57;2021-03-06;7233;774;85445;30750;8.2;3.0
57;2021-03-07;6071;268;91516;31018;8.8;3.0
57;2021-03-08;2297;998;93813;32016;9.1;3.1
57;2021-03-09;3381;1297;97194;33313;9.4;3.2
57;2021-03-10;3570;954;100764;34267;9.7;3.3
57;2021-03-11;4032;1237;104796;35504;10.1;3.4
57;2021-03-12;5103;1204;109899;36708;10.6;3.5
57;2021-03-13;6281;969;116180;37677;11.2;3.6
57;2021-03-14;2423;417;118603;38094;11.4;3.7
57;2021-03-15;2957;869;121560;38963;11.7;3.8
57;2021-03-16;3060;1261;124620;40224;12.0;3.9
57;2021-03-17;3050;1135;127670;41359;12.3;4.0
57;2021-03-18;3400;1071;131070;42430;12.7;4.1
57;2021-03-19;4604;1021;135674;43451;13.1;4.2
57;2021-03-20;4694;1016;140368;44467;13.6;4.3
57;2021-03-21;1894;253;142262;44720;13.7;4.3
57;2021-03-22;2479;1469;144741;46189;14.0;4.5
57;2021-03-23;3438;2334;148179;48523;14.3;4.7
57;2021-03-24;3891;2142;152070;50665;14.7;4.9
57;2021-03-25;4736;2578;156806;53243;15.1;5.1
57;2021-03-26;4838;2251;161644;55494;15.6;5.4
57;2021-03-27;3710;3148;165354;58642;16.0;5.7
57;2021-03-28;1400;1845;166754;60487;16.1;5.8
57;2021-03-29;1937;2170;168691;62657;16.3;6.0
57;2021-03-30;3297;2481;171988;65138;16.6;6.3
57;2021-03-31;2820;2304;174808;67442;16.9;6.5
57;2021-04-01;3221;3166;178029;70608;17.2;6.8
57;2021-04-02;2390;2571;180419;73179;17.4;7.1
57;2021-04-03;2568;2661;182987;75840;17.7;7.3
57;2021-04-04;591;974;183578;76814;17.7;7.4
57;2021-04-05;1921;665;185499;77479;17.9;7.5
57;2021-04-06;2450;2828;187949;80307;18.1;7.8
57;2021-04-07;3807;3048;191756;83355;18.5;8.0
57;2021-04-08;5601;2860;197357;86215;19.1;8.3
57;2021-04-09;5007;2715;202364;88930;19.5;8.6
57;2021-04-10;2351;3632;204715;92562;19.8;8.9
57;2021-04-11;1097;1885;205812;94447;19.9;9.1
57;2021-04-12;1787;2753;207599;97200;20.0;9.4
57;2021-04-13;1974;3023;209573;100223;20.2;9.7
57;2021-04-14;1918;2983;211491;103206;20.4;10.0
57;2021-04-15;2362;3425;213853;106631;20.6;10.3
57;2021-04-16;2702;3282;216555;109913;20.9;10.6
57;2021-04-17;2471;3184;219026;113097;21.1;10.9
57;2021-04-18;1244;1775;220270;114872;21.3;11.1
57;2021-04-19;2137;2258;222407;117130;21.5;11.3
57;2021-04-20;2511;2778;224918;119908;21.7;11.6
57;2021-04-21;2567;2376;227485;122284;22.0;11.8
57;2021-04-22;3205;2248;230690;124532;22.3;12.0
57;2021-04-23;4054;2573;234744;127105;22.7;12.3
57;2021-04-24;3391;2554;238135;129659;23.0;12.5
57;2021-04-25;755;1127;238890;130786;23.1;12.6
57;2021-04-26;2970;1989;241860;132775;23.3;12.8
57;2021-04-27;3896;2370;245756;135145;23.7;13.0
57;2021-04-28;4209;2584;249965;137729;24.1;13.3
57;2021-04-29;5248;3435;255213;141164;24.6;13.6
57;2021-04-30;4724;3545;259937;144709;25.1;14.0
57;2021-05-01;2351;1682;262288;146391;25.3;14.1
57;2021-05-02;789;911;263077;147302;25.4;14.2
57;2021-05-03;3561;2985;266638;150287;25.7;14.5
57;2021-05-04;4870;3164;271508;153451;26.2;14.8
57;2021-05-05;6118;3167;277626;156618;26.8;15.1
57;2021-05-06;5982;3284;283608;159902;27.4;15.4
57;2021-05-07;6851;3442;290459;163344;28.0;15.8
57;2021-05-08;4048;1604;294507;164948;28.4;15.9
57;2021-05-09;2047;1107;296554;166055;28.6;16.0
57;2021-05-10;5124;3070;301678;169125;29.1;16.3
57;2021-05-11;7446;2849;309124;171974;29.8;16.6
57;2021-05-12;7838;3240;316962;175214;30.6;16.9
57;2021-05-13;4509;911;321471;176125;31.0;17.0
57;2021-05-14;7837;2634;329308;178759;31.8;17.3
57;2021-05-15;5957;2043;335265;180802;32.4;17.5
57;2021-05-16;3309;578;338574;181380;32.7;17.5
57;2021-05-17;3862;2067;342436;183447;33.1;17.7
57;2021-05-18;6287;2100;348723;185547;33.7;17.9
57;2021-05-19;7016;2326;355739;187873;34.3;18.1
57;2021-05-20;6043;2179;361782;190052;34.9;18.3
57;2021-05-21;7559;2912;369341;192964;35.7;18.6
57;2021-05-22;4893;2157;374234;195121;36.1;18.8
57;2021-05-23;1964;430;376198;195551;36.3;18.9
57;2021-05-24;3030;1068;379228;196619;36.6;19.0
57;2021-05-25;5576;2800;384804;199419;37.1;19.3
57;2021-05-26;6369;3176;391173;202595;37.8;19.6
57;2021-05-27;5786;3124;396959;205719;38.3;19.9
57;2021-05-28;7024;4743;403983;210462;39.0;20.3
57;2021-05-29;5224;4253;409207;214715;39.5;20.7
57;2021-05-30;1968;1744;411175;216459;39.7;20.9
57;2021-05-31;4317;3339;415492;219798;40.1;21.2
57;2021-06-01;5933;3706;421425;223504;40.7;21.6
57;2021-06-02;6339;3902;427764;227406;41.3;22.0
57;2021-06-03;6211;3696;433975;231102;41.9;22.3
57;2021-06-04;7557;4986;441532;236088;42.6;22.8
57;2021-06-05;4764;4029;446296;240117;43.1;23.2
57;2021-06-06;1993;889;448289;241006;43.3;23.3
57;2021-06-07;4319;4034;452608;245040;43.7;23.7
57;2021-06-08;6703;4303;459311;249343;44.3;24.1
57;2021-06-09;6866;4153;466177;253496;45.0;24.5
57;2021-06-10;6211;4578;472388;258074;45.6;24.9
57;2021-06-11;5354;5349;477742;263423;46.1;25.4
57;2021-06-12;5736;4451;483478;267874;46.7;25.9
57;2021-06-13;1493;1135;484971;269009;46.8;26.0
57;2021-06-14;3366;4709;488337;273718;47.1;26.4
57;2021-06-15;3798;6012;492135;279730;47.5;27.0
57;2021-06-16;4384;6594;496519;286324;47.9;27.6
57;2021-06-17;4185;6075;500704;292399;48.3;28.2
57;2021-06-18;4266;7304;504970;299703;48.7;28.9
57;2021-06-19;4126;6282;509096;305985;49.1;29.5
57;2021-06-20;962;1668;510058;307653;49.2;29.7
57;2021-06-21;2059;5973;512117;313626;49.4;30.3
57;2021-06-22;2634;7992;514751;321618;49.7;31.0
57;2021-06-23;3063;8383;517814;330001;50.0;31.9
57;2021-06-24;2445;5289;520259;335290;50.2;32.4
57;2021-06-25;2850;7826;523109;343116;50.5;33.1
57;2021-06-26;2850;7261;525959;350377;50.8;33.8
57;2021-06-27;748;2984;526707;353361;50.8;34.1
57;2021-06-28;1585;5076;528292;358437;51.0;34.6
57;2021-06-29;2068;6828;530360;365265;51.2;35.3
57;2021-06-30;3032;7315;533392;372580;51.5;36.0
57;2021-07-01;2656;5949;536048;378529;51.7;36.5
57;2021-07-02;2636;8082;538684;386611;52.0;37.3
57;2021-07-03;3219;6531;541903;393142;52.3;38.0
57;2021-07-04;938;2463;542841;395605;52.4;38.2
57;2021-07-05;1669;4608;544510;400213;52.6;38.6
57;2021-07-06;2395;6481;546905;406694;52.8;39.3
57;2021-07-07;2704;7082;549609;413776;53.1;39.9
57;2021-07-08;2454;5872;552063;419648;53.3;40.5
57;2021-07-09;3403;8416;555466;428064;53.6;41.3
57;2021-07-10;3075;6929;558541;434993;53.9;42.0
57;2021-07-11;841;2228;559382;437221;54.0;42.2
57;2021-07-12;2381;6413;561763;443634;54.2;42.8
57;2021-07-13;4371;7493;566134;451127;54.7;43.6
57;2021-07-14;2811;3849;568945;454976;54.9;43.9
57;2021-07-15;3913;7760;572858;462736;55.3;44.7
57;2021-07-16;5611;9805;578469;472541;55.8;45.6
57;2021-07-17;5786;7264;584255;479805;56.4;46.3
57;2021-07-18;1478;2649;585733;482454;56.5;46.6
57;2021-07-19;2349;6202;588082;488656;56.8;47.2
57;2021-07-20;4299;6900;592381;495556;57.2;47.8
57;2021-07-21;5263;6870;597644;502426;57.7;48.5
57;2021-07-22;5922;5937;603566;508363;58.3;49.1
57;2021-07-23;6987;6353;610553;514716;58.9;49.7
57;2021-07-24;4514;7008;615067;521724;59.4;50.4
57;2021-07-25;1333;1762;616400;523486;59.5;50.5
57;2021-07-26;3695;4480;620095;527966;59.9;51.0
57;2021-07-27;6785;4878;626880;532844;60.5;51.4
57;2021-07-28;7406;4488;634286;537332;61.2;51.9
58;2020-12-27;0;0;0;0;0.0;0.0
58;2020-12-28;0;0;0;0;0.0;0.0
58;2020-12-29;0;0;0;0;0.0;0.0
58;2020-12-30;0;0;0;0;0.0;0.0
58;2020-12-31;0;0;0;0;0.0;0.0
58;2021-01-01;0;0;0;0;0.0;0.0
58;2021-01-02;0;0;0;0;0.0;0.0
58;2021-01-03;1;0;1;0;0.0;0.0
58;2021-01-04;0;0;1;0;0.0;0.0
58;2021-01-05;0;0;1;0;0.0;0.0
58;2021-01-06;145;0;146;0;0.1;0.0
58;2021-01-07;241;0;387;0;0.2;0.0
58;2021-01-08;63;0;450;0;0.2;0.0
58;2021-01-09;1;0;451;0;0.2;0.0
58;2021-01-10;0;0;451;0;0.2;0.0
58;2021-01-11;54;0;505;0;0.3;0.0
58;2021-01-12;255;0;760;0;0.4;0.0
58;2021-01-13;402;0;1162;0;0.6;0.0
58;2021-01-14;291;1;1453;1;0.7;0.0
58;2021-01-15;141;0;1594;1;0.8;0.0
58;2021-01-16;10;1;1604;2;0.8;0.0
58;2021-01-17;0;0;1604;2;0.8;0.0
58;2021-01-18;413;1;2017;3;1.0;0.0
58;2021-01-19;986;2;3003;5;1.5;0.0
58;2021-01-20;1203;1;4206;6;2.1;0.0
58;2021-01-21;961;4;5167;10;2.6;0.0
58;2021-01-22;769;2;5936;12;3.0;0.0
58;2021-01-23;251;0;6187;12;3.1;0.0
58;2021-01-24;2;0;6189;12;3.1;0.0
58;2021-01-25;438;0;6627;12;3.3;0.0
58;2021-01-26;648;3;7275;15;3.6;0.0
58;2021-01-27;604;44;7879;59;3.9;0.0
58;2021-01-28;756;66;8635;125;4.3;0.1
58;2021-01-29;837;7;9472;132;4.7;0.1
58;2021-01-30;281;0;9753;132;4.9;0.1
58;2021-01-31;10;0;9763;132;4.9;0.1
58;2021-02-01;201;71;9964;203;5.0;0.1
58;2021-02-02;565;85;10529;288;5.3;0.1
58;2021-02-03;278;149;10807;437;5.4;0.2
58;2021-02-04;285;93;11092;530;5.6;0.3
58;2021-02-05;184;94;11276;624;5.6;0.3
58;2021-02-06;89;0;11365;624;5.7;0.3
58;2021-02-07;0;0;11365;624;5.7;0.3
58;2021-02-08;306;74;11671;698;5.8;0.3
58;2021-02-09;503;315;12174;1013;6.1;0.5
58;2021-02-10;349;381;12523;1394;6.3;0.7
58;2021-02-11;287;383;12810;1777;6.4;0.9
58;2021-02-12;242;201;13052;1978;6.5;1.0
58;2021-02-13;83;29;13135;2007;6.6;1.0
58;2021-02-14;0;3;13135;2010;6.6;1.0
58;2021-02-15;114;533;13249;2543;6.6;1.3
58;2021-02-16;208;941;13457;3484;6.7;1.7
58;2021-02-17;217;768;13674;4252;6.9;2.1
58;2021-02-18;187;791;13861;5043;6.9;2.5
58;2021-02-19;241;725;14102;5768;7.1;2.9
58;2021-02-20;62;230;14164;5998;7.1;3.0
58;2021-02-21;0;30;14164;6028;7.1;3.0
58;2021-02-22;76;405;14240;6433;7.1;3.2
58;2021-02-23;48;624;14288;7057;7.2;3.5
58;2021-02-24;39;635;14327;7692;7.2;3.9
58;2021-02-25;252;702;14579;8394;7.3;4.2
58;2021-02-26;245;624;14824;9018;7.4;4.5
58;2021-02-27;104;189;14928;9207;7.5;4.6
58;2021-02-28;11;8;14939;9215;7.5;4.6
58;2021-03-01;145;246;15084;9461;7.6;4.7
58;2021-03-02;415;642;15499;10103;7.8;5.1
58;2021-03-03;518;290;16017;10393;8.0;5.2
58;2021-03-04;722;276;16739;10669;8.4;5.3
58;2021-03-05;866;203;17605;10872;8.8;5.4
58;2021-03-06;574;84;18179;10956;9.1;5.5
58;2021-03-07;63;11;18242;10967;9.1;5.5
58;2021-03-08;151;298;18393;11265;9.2;5.6
58;2021-03-09;541;547;18934;11812;9.5;5.9
58;2021-03-10;837;239;19771;12051;9.9;6.0
58;2021-03-11;857;272;20628;12323;10.3;6.2
58;2021-03-12;862;198;21490;12521;10.8;6.3
58;2021-03-13;506;67;21996;12588;11.0;6.3
58;2021-03-14;34;0;22030;12588;11.0;6.3
58;2021-03-15;528;107;22558;12695;11.3;6.4
58;2021-03-16;726;221;23284;12916;11.7;6.5
58;2021-03-17;756;191;24040;13107;12.0;6.6
58;2021-03-18;582;175;24622;13282;12.3;6.7
58;2021-03-19;529;102;25151;13384;12.6;6.7
58;2021-03-20;322;63;25473;13447;12.8;6.7
58;2021-03-21;17;0;25490;13447;12.8;6.7
58;2021-03-22;794;21;26284;13468;13.2;6.7
58;2021-03-23;1637;40;27921;13508;14.0;6.8
58;2021-03-24;1359;71;29280;13579;14.7;6.8
58;2021-03-25;1840;41;31120;13620;15.6;6.8
58;2021-03-26;1413;49;32533;13669;16.3;6.8
58;2021-03-27;358;6;32891;13675;16.5;6.9
58;2021-03-28;20;0;32911;13675;16.5;6.9
58;2021-03-29;639;152;33550;13827;16.8;6.9
58;2021-03-30;1185;247;34735;14074;17.4;7.1
58;2021-03-31;1116;393;35851;14467;18.0;7.2
58;2021-04-01;1544;397;37395;14864;18.7;7.4
58;2021-04-02;1458;360;38853;15224;19.5;7.6
58;2021-04-03;566;148;39419;15372;19.7;7.7
58;2021-04-04;0;0;39419;15372;19.7;7.7
58;2021-04-05;46;0;39465;15372;19.8;7.7
58;2021-04-06;818;343;40283;15715;20.2;7.9
58;2021-04-07;695;548;40978;16263;20.5;8.1
58;2021-04-08;1493;420;42471;16683;21.3;8.4
58;2021-04-09;1773;480;44244;17163;22.2;8.6
58;2021-04-10;652;201;44896;17364;22.5;8.7
58;2021-04-11;17;3;44913;17367;22.5;8.7
58;2021-04-12;1117;502;46030;17869;23.1;9.0
58;2021-04-13;1436;622;47466;18491;23.8;9.3
58;2021-04-14;1338;670;48804;19161;24.5;9.6
58;2021-04-15;1432;598;50236;19759;25.2;9.9
58;2021-04-16;1734;508;51970;20267;26.0;10.2
58;2021-04-17;721;231;52691;20498;26.4;10.3
58;2021-04-18;20;7;52711;20505;26.4;10.3
58;2021-04-19;533;605;53244;21110;26.7;10.6
58;2021-04-20;486;1120;53730;22230;26.9;11.1
58;2021-04-21;625;970;54355;23200;27.2;11.6
58;2021-04-22;767;1522;55122;24722;27.6;12.4
58;2021-04-23;919;784;56041;25506;28.1;12.8
58;2021-04-24;211;204;56252;25710;28.2;12.9
58;2021-04-25;109;9;56361;25719;28.2;12.9
58;2021-04-26;762;246;57123;25965;28.6;13.0
58;2021-04-27;1497;1110;58620;27075;29.4;13.6
58;2021-04-28;1535;1048;60155;28123;30.1;14.1
58;2021-04-29;1443;1039;61598;29162;30.9;14.6
58;2021-04-30;1257;938;62855;30100;31.5;15.1
58;2021-05-01;6;17;62861;30117;31.5;15.1
58;2021-05-02;4;2;62865;30119;31.5;15.1
58;2021-05-03;1044;399;63909;30518;32.0;15.3
58;2021-05-04;1079;1346;64988;31864;32.6;16.0
58;2021-05-05;952;1090;65940;32954;33.0;16.5
58;2021-05-06;1358;1057;67298;34011;33.7;17.0
58;2021-05-07;1110;1086;68408;35097;34.3;17.6
58;2021-05-08;59;60;68467;35157;34.3;17.6
58;2021-05-09;5;19;68472;35176;34.3;17.6
58;2021-05-10;875;988;69347;36164;34.7;18.1
58;2021-05-11;1185;1981;70532;38145;35.3;19.1
58;2021-05-12;1663;1552;72195;39697;36.2;19.9
58;2021-05-13;50;180;72245;39877;36.2;20.0
58;2021-05-14;2307;906;74552;40783;37.4;20.4
58;2021-05-15;1725;457;76277;41240;38.2;20.7
58;2021-05-16;118;29;76395;41269;38.3;20.7
58;2021-05-17;792;606;77187;41875;38.7;21.0
58;2021-05-18;1332;1183;78519;43058;39.3;21.6
58;2021-05-19;1736;540;80255;43598;40.2;21.8
58;2021-05-20;1699;666;81954;44264;41.1;22.2
58;2021-05-21;855;726;82809;44990;41.5;22.5
58;2021-05-22;304;239;83113;45229;41.6;22.7
58;2021-05-23;2;21;83115;45250;41.6;22.7
58;2021-05-24;21;43;83136;45293;41.7;22.7
58;2021-05-25;1385;1152;84521;46445;42.3;23.3
58;2021-05-26;844;840;85365;47285;42.8;23.7
58;2021-05-27;750;942;86115;48227;43.1;24.2
58;2021-05-28;430;912;86545;49139;43.4;24.6
58;2021-05-29;151;212;86696;49351;43.4;24.7
58;2021-05-30;20;19;86716;49370;43.4;24.7
58;2021-05-31;757;397;87473;49767;43.8;24.9
58;2021-06-01;1372;1658;88845;51425;44.5;25.8
58;2021-06-02;1462;1042;90307;52467;45.2;26.3
58;2021-06-03;1025;958;91332;53425;45.8;26.8
58;2021-06-04;844;912;92176;54337;46.2;27.2
58;2021-06-05;272;262;92448;54599;46.3;27.4
58;2021-06-06;24;49;92472;54648;46.3;27.4
58;2021-06-07;713;788;93185;55436;46.7;27.8
58;2021-06-08;1324;1756;94509;57192;47.4;28.7
58;2021-06-09;1401;1005;95910;58197;48.1;29.2
58;2021-06-10;1108;982;97018;59179;48.6;29.6
58;2021-06-11;1029;906;98047;60085;49.1;30.1
58;2021-06-12;1054;415;99101;60500;49.7;30.3
58;2021-06-13;35;33;99136;60533;49.7;30.3
58;2021-06-14;516;1016;99652;61549;49.9;30.8
58;2021-06-15;1594;1754;101246;63303;50.7;31.7
58;2021-06-16;1801;992;103047;64295;51.6;32.2
58;2021-06-17;2020;1111;105067;65406;52.6;32.8
58;2021-06-18;983;1063;106050;66469;53.1;33.3
58;2021-06-19;579;319;106629;66788;53.4;33.5
58;2021-06-20;8;2;106637;66790;53.4;33.5
58;2021-06-21;472;551;107109;67341;53.7;33.7
58;2021-06-22;1027;1963;108136;69304;54.2;34.7
58;2021-06-23;1473;1511;109609;70815;54.9;35.5
58;2021-06-24;728;1027;110337;71842;55.3;36.0
58;2021-06-25;824;1714;111161;73556;55.7;36.9
58;2021-06-26;553;1227;111714;74783;56.0;37.5
58;2021-06-27;17;26;111731;74809;56.0;37.5
58;2021-06-28;459;989;112190;75798;56.2;38.0
58;2021-06-29;620;2167;112810;77965;56.5;39.1
58;2021-06-30;996;1624;113806;79589;57.0;39.9
58;2021-07-01;754;1677;114560;81266;57.4;40.7
58;2021-07-02;450;849;115010;82115;57.6;41.1
58;2021-07-03;248;512;115258;82627;57.7;41.4
58;2021-07-04;12;30;115270;82657;57.8;41.4
58;2021-07-05;509;770;115779;83427;58.0;41.8
58;2021-07-06;691;2125;116470;85552;58.4;42.9
58;2021-07-07;379;960;116849;86512;58.5;43.3
58;2021-07-08;391;1022;117240;87534;58.7;43.9
58;2021-07-09;707;1421;117947;88955;59.1;44.6
58;2021-07-10;260;413;118207;89368;59.2;44.8
58;2021-07-11;175;51;118382;89419;59.3;44.8
58;2021-07-12;198;969;118580;90388;59.4;45.3
58;2021-07-13;927;2503;119507;92891;59.9;46.5
58;2021-07-14;27;62;119534;92953;59.9;46.6
58;2021-07-15;1125;1941;120659;94894;60.5;47.5
58;2021-07-16;1405;1444;122064;96338;61.2;48.3
58;2021-07-17;461;285;122525;96623;61.4;48.4
58;2021-07-18;101;21;122626;96644;61.4;48.4
58;2021-07-19;1641;993;124267;97637;62.3;48.9
58;2021-07-20;1400;2455;125667;100092;63.0;50.1
58;2021-07-21;1172;2032;126839;102124;63.5;51.2
58;2021-07-22;1131;1667;127970;103791;64.1;52.0
58;2021-07-23;1256;1443;129226;105234;64.7;52.7
58;2021-07-24;990;1267;130216;106501;65.2;53.4
58;2021-07-25;88;39;130304;106540;65.3;53.4
58;2021-07-26;976;859;131280;107399;65.8;53.8
58;2021-07-27;1553;2572;132833;109971;66.6;55.1
58;2021-07-28;1549;1954;134382;111925;67.3;56.1
59;2020-12-27;0;0;0;0;0.0;0.0
59;2020-12-28;26;0;26;0;0.0;0.0
59;2020-12-29;0;0;26;0;0.0;0.0
59;2020-12-30;0;0;26;0;0.0;0.0
59;2020-12-31;0;0;26;0;0.0;0.0
59;2021-01-01;2;0;28;0;0.0;0.0
59;2021-01-02;1;0;29;0;0.0;0.0
59;2021-01-03;2;0;31;0;0.0;0.0
59;2021-01-04;79;0;110;0;0.0;0.0
59;2021-01-05;217;0;327;0;0.0;0.0
59;2021-01-06;428;2;755;2;0.0;0.0
59;2021-01-07;1310;0;2065;2;0.1;0.0
59;2021-01-08;1262;4;3327;6;0.1;0.0
59;2021-01-09;609;3;3936;9;0.2;0.0
59;2021-01-10;427;0;4363;9;0.2;0.0
59;2021-01-11;1840;5;6203;14;0.2;0.0
59;2021-01-12;2466;2;8669;16;0.3;0.0
59;2021-01-13;2358;3;11027;19;0.4;0.0
59;2021-01-14;2750;21;13777;40;0.5;0.0
59;2021-01-15;2272;16;16049;56;0.6;0.0
59;2021-01-16;770;1;16819;57;0.6;0.0
59;2021-01-17;559;1;17378;58;0.7;0.0
59;2021-01-18;3505;14;20883;72;0.8;0.0
59;2021-01-19;4744;9;25627;81;1.0;0.0
59;2021-01-20;4129;12;29756;93;1.1;0.0
59;2021-01-21;4722;39;34478;132;1.3;0.0
59;2021-01-22;4011;11;38489;143;1.5;0.0
59;2021-01-23;1211;3;39700;146;1.5;0.0
59;2021-01-24;168;0;39868;146;1.5;0.0
59;2021-01-25;2728;59;42596;205;1.6;0.0
59;2021-01-26;2799;136;45395;341;1.8;0.0
59;2021-01-27;1735;308;47130;649;1.8;0.0
59;2021-01-28;3394;765;50524;1414;2.0;0.1
59;2021-01-29;2538;792;53062;2206;2.0;0.1
59;2021-01-30;287;178;53349;2384;2.1;0.1
59;2021-01-31;24;0;53373;2384;2.1;0.1
59;2021-02-01;74;865;53447;3249;2.1;0.1
59;2021-02-02;679;1434;54126;4683;2.1;0.2
59;2021-02-03;3736;1437;57862;6120;2.2;0.2
59;2021-02-04;2955;1743;60817;7863;2.3;0.3
59;2021-02-05;1048;1410;61865;9273;2.4;0.4
59;2021-02-06;205;355;62070;9628;2.4;0.4
59;2021-02-07;266;49;62336;9677;2.4;0.4
59;2021-02-08;681;1627;63017;11304;2.4;0.4
59;2021-02-09;1006;1858;64023;13162;2.5;0.5
59;2021-02-10;973;1638;64996;14800;2.5;0.6
59;2021-02-11;1339;1812;66335;16612;2.6;0.6
59;2021-02-12;1405;1644;67740;18256;2.6;0.7
59;2021-02-13;207;749;67947;19005;2.6;0.7
59;2021-02-14;13;42;67960;19047;2.6;0.7
59;2021-02-15;1390;3130;69350;22177;2.7;0.9
59;2021-02-16;1433;3779;70783;25956;2.7;1.0
59;2021-02-17;1620;3836;72403;29792;2.8;1.2
59;2021-02-18;3099;5195;75502;34987;2.9;1.4
59;2021-02-19;3206;3616;78708;38603;3.0;1.5
59;2021-02-20;1411;1590;80119;40193;3.1;1.6
59;2021-02-21;242;262;80361;40455;3.1;1.6
59;2021-02-22;1431;2592;81792;43047;3.2;1.7
59;2021-02-23;2657;2859;84449;45906;3.3;1.8
59;2021-02-24;4104;4052;88553;49958;3.4;1.9
59;2021-02-25;6913;3712;95466;53670;3.7;2.1
59;2021-02-26;6493;1875;101959;55545;3.9;2.1
59;2021-02-27;3093;171;105052;55716;4.1;2.2
59;2021-02-28;207;59;105259;55775;4.1;2.2
59;2021-03-01;3690;654;108949;56429;4.2;2.2
59;2021-03-02;4786;557;113735;56986;4.4;2.2
59;2021-03-03;5739;974;119474;57960;4.6;2.2
59;2021-03-04;7068;918;126542;58878;4.9;2.3
59;2021-03-05;7809;950;134351;59828;5.2;2.3
59;2021-03-06;11550;490;145901;60318;5.6;2.3
59;2021-03-07;7580;327;153481;60645;5.9;2.3
59;2021-03-08;4495;1086;157976;61731;6.1;2.4
59;2021-03-09;6576;1383;164552;63114;6.4;2.4
59;2021-03-10;7017;1155;171569;64269;6.6;2.5
59;2021-03-11;9464;1828;181033;66097;7.0;2.6
59;2021-03-12;12129;1475;193162;67572;7.5;2.6
59;2021-03-13;16545;1009;209707;68581;8.1;2.6
59;2021-03-14;6959;297;216666;68878;8.4;2.7
59;2021-03-15;5607;1479;222273;70357;8.6;2.7
59;2021-03-16;3734;1309;226007;71666;8.7;2.8
59;2021-03-17;3847;2076;229854;73742;8.9;2.8
59;2021-03-18;3948;2484;233802;76226;9.0;2.9
59;2021-03-19;7717;1802;241519;78028;9.3;3.0
59;2021-03-20;16005;1213;257524;79241;9.9;3.1
59;2021-03-21;6308;420;263832;79661;10.2;3.1
59;2021-03-22;5441;1764;269273;81425;10.4;3.1
59;2021-03-23;7765;2799;277038;84224;10.7;3.3
59;2021-03-24;6860;2947;283898;87171;11.0;3.4
59;2021-03-25;10519;2505;294417;89676;11.4;3.5
59;2021-03-26;12243;2815;306660;92491;11.8;3.6
59;2021-03-27;15265;1073;321925;93564;12.4;3.6
59;2021-03-28;7977;328;329902;93892;12.7;3.6
59;2021-03-29;5491;3197;335393;97089;13.0;3.8
59;2021-03-30;7532;3707;342925;100796;13.2;3.9
59;2021-03-31;6139;4081;349064;104877;13.5;4.1
59;2021-04-01;7484;4893;356548;109770;13.8;4.2
59;2021-04-02;7627;5499;364175;115269;14.1;4.5
59;2021-04-03;13012;4277;377187;119546;14.6;4.6
59;2021-04-04;5347;2174;382534;121720;14.8;4.7
59;2021-04-05;6006;1531;388540;123251;15.0;4.8
59;2021-04-06;5394;4482;393934;127733;15.2;4.9
59;2021-04-07;7624;5398;401558;133131;15.5;5.1
59;2021-04-08;10383;5701;411941;138832;15.9;5.4
59;2021-04-09;13416;5880;425357;144712;16.4;5.6
59;2021-04-10;11469;6111;436826;150823;16.9;5.8
59;2021-04-11;4632;3564;441458;154387;17.1;6.0
59;2021-04-12;6309;4333;447767;158720;17.3;6.1
59;2021-04-13;8928;4766;456695;163486;17.6;6.3
59;2021-04-14;8791;4314;465486;167800;18.0;6.5
59;2021-04-15;10298;4806;475784;172606;18.4;6.7
59;2021-04-16;10881;5483;486665;178089;18.8;6.9
59;2021-04-17;7296;9067;493961;187156;19.1;7.2
59;2021-04-18;3230;4168;497191;191324;19.2;7.4
59;2021-04-19;5044;4296;502235;195620;19.4;7.6
59;2021-04-20;6892;4204;509127;199824;19.7;7.7
59;2021-04-21;6241;4409;515368;204233;19.9;7.9
59;2021-04-22;8588;5495;523956;209728;20.2;8.1
59;2021-04-23;8450;5662;532406;215390;20.6;8.3
59;2021-04-24;5538;8064;537944;223454;20.8;8.6
59;2021-04-25;3237;6077;541181;229531;20.9;8.9
59;2021-04-26;6490;3784;547671;233315;21.2;9.0
59;2021-04-27;8360;5176;556031;238491;21.5;9.2
59;2021-04-28;8760;6555;564791;245046;21.8;9.5
59;2021-04-29;9405;8546;574196;253592;22.2;9.8
59;2021-04-30;10592;8522;584788;262114;22.6;10.1
59;2021-05-01;11995;7574;596783;269688;23.1;10.4
59;2021-05-02;8645;5980;605428;275668;23.4;10.6
59;2021-05-03;9554;5059;614982;280727;23.8;10.8
59;2021-05-04;11425;6001;626407;286728;24.2;11.1
59;2021-05-05;10292;6204;636699;292932;24.6;11.3
59;2021-05-06;11193;8440;647892;301372;25.0;11.6
59;2021-05-07;13289;9610;661181;310982;25.5;12.0
59;2021-05-08;14722;4149;675903;315131;26.1;12.2
59;2021-05-09;11493;3331;687396;318462;26.6;12.3
59;2021-05-10;12727;6626;700123;325088;27.0;12.6
59;2021-05-11;15110;8325;715233;333413;27.6;12.9
59;2021-05-12;16619;8622;731852;342035;28.3;13.2
59;2021-05-13;18436;3437;750288;345472;29.0;13.3
59;2021-05-14;15773;6952;766061;352424;29.6;13.6
59;2021-05-15;23437;5298;789498;357722;30.5;13.8
59;2021-05-16;21184;2401;810682;360123;31.3;13.9
59;2021-05-17;15071;5266;825753;365389;31.9;14.1
59;2021-05-18;16914;5654;842667;371043;32.5;14.3
59;2021-05-19;18318;5085;860985;376128;33.3;14.5
59;2021-05-20;17920;7009;878905;383137;33.9;14.8
59;2021-05-21;18365;8277;897270;391414;34.7;15.1
59;2021-05-22;23809;5683;921079;397097;35.6;15.3
59;2021-05-23;17923;2258;939002;399355;36.3;15.4
59;2021-05-24;16691;2114;955693;401469;36.9;15.5
59;2021-05-25;14988;6668;970681;408137;37.5;15.8
59;2021-05-26;15890;7036;986571;415173;38.1;16.0
59;2021-05-27;16141;9178;1002712;424351;38.7;16.4
59;2021-05-28;15881;11470;1018593;435821;39.3;16.8
59;2021-05-29;14360;8728;1032953;444549;39.9;17.2
59;2021-05-30;8401;1834;1041354;446383;40.2;17.2
59;2021-05-31;14201;7954;1055555;454337;40.8;17.5
59;2021-06-01;15083;10417;1070638;464754;41.4;18.0
59;2021-06-02;14758;9923;1085396;474677;41.9;18.3
59;2021-06-03;15628;12121;1101024;486798;42.5;18.8
59;2021-06-04;15588;13489;1116612;500287;43.1;19.3
59;2021-06-05;14970;9328;1131582;509615;43.7;19.7
59;2021-06-06;8826;3198;1140408;512813;44.0;19.8
59;2021-06-07;10524;9442;1150932;522255;44.5;20.2
59;2021-06-08;11752;11073;1162684;533328;44.9;20.6
59;2021-06-09;10753;11914;1173437;545242;45.3;21.1
59;2021-06-10;11486;12310;1184923;557552;45.8;21.5
59;2021-06-11;10972;16023;1195895;573575;46.2;22.2
59;2021-06-12;11068;13667;1206963;587242;46.6;22.7
59;2021-06-13;6336;7024;1213299;594266;46.9;23.0
59;2021-06-14;6496;12692;1219795;606958;47.1;23.4
59;2021-06-15;8229;15955;1228024;622913;47.4;24.1
59;2021-06-16;9197;13549;1237221;636462;47.8;24.6
59;2021-06-17;9168;15640;1246389;652102;48.1;25.2
59;2021-06-18;9061;20041;1255450;672143;48.5;26.0
59;2021-06-19;8939;17472;1264389;689615;48.8;26.6
59;2021-06-20;4893;10194;1269282;699809;49.0;27.0
59;2021-06-21;5268;15981;1274550;715790;49.2;27.6
59;2021-06-22;6311;18691;1280861;734481;49.5;28.4
59;2021-06-23;6136;19066;1286997;753547;49.7;29.1
59;2021-06-24;7314;20525;1294311;774072;50.0;29.9
59;2021-06-25;6487;21204;1300798;795276;50.2;30.7
59;2021-06-26;6466;23764;1307264;819040;50.5;31.6
59;2021-06-27;4744;17080;1312008;836120;50.7;32.3
59;2021-06-28;4974;19838;1316982;855958;50.9;33.1
59;2021-06-29;5511;20371;1322493;876329;51.1;33.8
59;2021-06-30;6096;20110;1328589;896439;51.3;34.6
59;2021-07-01;6710;20872;1335299;917311;51.6;35.4
59;2021-07-02;6790;23257;1342089;940568;51.8;36.3
59;2021-07-03;5541;24637;1347630;965205;52.1;37.3
59;2021-07-04;4398;15991;1352028;981196;52.2;37.9
59;2021-07-05;5631;17489;1357659;998685;52.4;38.6
59;2021-07-06;6566;18821;1364225;1017506;52.7;39.3
59;2021-07-07;6793;17483;1371018;1034989;53.0;40.0
59;2021-07-08;7960;17719;1378978;1052708;53.3;40.7
59;2021-07-09;7672;20298;1386650;1073006;53.6;41.4
59;2021-07-10;7408;18543;1394058;1091549;53.8;42.2
59;2021-07-11;4435;10236;1398493;1101785;54.0;42.6
59;2021-07-12;5822;18045;1404315;1119830;54.2;43.3
59;2021-07-13;9848;20746;1414163;1140576;54.6;44.1
59;2021-07-14;9755;8447;1423918;1149023;55.0;44.4
59;2021-07-15;11571;20395;1435489;1169418;55.4;45.2
59;2021-07-16;13132;20466;1448621;1189884;56.0;46.0
59;2021-07-17;12342;17416;1460963;1207300;56.4;46.6
59;2021-07-18;7923;8672;1468886;1215972;56.7;47.0
59;2021-07-19;10337;16422;1479223;1232394;57.1;47.6
59;2021-07-20;13331;17089;1492554;1249483;57.7;48.3
59;2021-07-21;14448;15532;1507002;1265015;58.2;48.9
59;2021-07-22;16938;15131;1523940;1280146;58.9;49.4
59;2021-07-23;15643;15764;1539583;1295910;59.5;50.1
59;2021-07-24;16288;12170;1555871;1308080;60.1;50.5
59;2021-07-25;11894;7235;1567765;1315315;60.6;50.8
59;2021-07-26;12975;12506;1580740;1327821;61.1;51.3
59;2021-07-27;16052;11826;1596792;1339647;61.7;51.7
59;2021-07-28;17171;11428;1613963;1351075;62.3;52.2
60;2020-12-27;0;0;0;0;0.0;0.0
60;2020-12-28;0;0;0;0;0.0;0.0
60;2020-12-29;1;0;1;0;0.0;0.0
60;2020-12-30;0;0;1;0;0.0;0.0
60;2020-12-31;0;0;1;0;0.0;0.0
60;2021-01-01;0;0;1;0;0.0;0.0
60;2021-01-02;5;0;6;0;0.0;0.0
60;2021-01-03;1;0;7;0;0.0;0.0
60;2021-01-04;1;0;8;0;0.0;0.0
60;2021-01-05;37;0;45;0;0.0;0.0
60;2021-01-06;188;4;233;4;0.0;0.0
60;2021-01-07;236;4;469;8;0.1;0.0
60;2021-01-08;379;3;848;11;0.1;0.0
60;2021-01-09;3;0;851;11;0.1;0.0
60;2021-01-10;60;0;911;11;0.1;0.0
60;2021-01-11;341;2;1252;13;0.2;0.0
60;2021-01-12;534;2;1786;15;0.2;0.0
60;2021-01-13;475;4;2261;19;0.3;0.0
60;2021-01-14;507;5;2768;24;0.3;0.0
60;2021-01-15;700;6;3468;30;0.4;0.0
60;2021-01-16;124;1;3592;31;0.4;0.0
60;2021-01-17;31;0;3623;31;0.4;0.0
60;2021-01-18;859;5;4482;36;0.5;0.0
60;2021-01-19;1168;10;5650;46;0.7;0.0
60;2021-01-20;1685;10;7335;56;0.9;0.0
60;2021-01-21;2185;9;9520;65;1.2;0.0
60;2021-01-22;1523;13;11043;78;1.3;0.0
60;2021-01-23;498;3;11541;81;1.4;0.0
60;2021-01-24;61;1;11602;82;1.4;0.0
60;2021-01-25;893;12;12495;94;1.5;0.0
60;2021-01-26;947;13;13442;107;1.6;0.0
60;2021-01-27;640;8;14082;115;1.7;0.0
60;2021-01-28;395;169;14477;284;1.8;0.0
60;2021-01-29;77;106;14554;390;1.8;0.0
60;2021-01-30;0;1;14554;391;1.8;0.0
60;2021-01-31;22;61;14576;452;1.8;0.1
60;2021-02-01;38;108;14614;560;1.8;0.1
60;2021-02-02;26;161;14640;721;1.8;0.1
60;2021-02-03;161;238;14801;959;1.8;0.1
60;2021-02-04;169;340;14970;1299;1.8;0.2
60;2021-02-05;313;476;15283;1775;1.9;0.2
60;2021-02-06;63;79;15346;1854;1.9;0.2
60;2021-02-07;31;32;15377;1886;1.9;0.2
60;2021-02-08;326;519;15703;2405;1.9;0.3
60;2021-02-09;317;466;16020;2871;1.9;0.3
60;2021-02-10;552;992;16572;3863;2.0;0.5
60;2021-02-11;935;1128;17507;4991;2.1;0.6
60;2021-02-12;911;858;18418;5849;2.2;0.7
60;2021-02-13;90;309;18508;6158;2.2;0.7
60;2021-02-14;24;92;18532;6250;2.2;0.8
60;2021-02-15;613;808;19145;7058;2.3;0.9
60;2021-02-16;581;931;19726;7989;2.4;1.0
60;2021-02-17;631;930;20357;8919;2.5;1.1
60;2021-02-18;684;823;21041;9742;2.6;1.2
60;2021-02-19;640;763;21681;10505;2.6;1.3
60;2021-02-20;103;190;21784;10695;2.6;1.3
60;2021-02-21;22;121;21806;10816;2.6;1.3
60;2021-02-22;463;877;22269;11693;2.7;1.4
60;2021-02-23;533;787;22802;12480;2.8;1.5
60;2021-02-24;793;546;23595;13026;2.9;1.6
60;2021-02-25;1095;307;24690;13333;3.0;1.6
60;2021-02-26;1296;182;25986;13515;3.1;1.6
60;2021-02-27;666;35;26652;13550;3.2;1.6
60;2021-02-28;7;10;26659;13560;3.2;1.6
60;2021-03-01;893;46;27552;13606;3.3;1.6
60;2021-03-02;1012;156;28564;13762;3.5;1.7
60;2021-03-03;1318;443;29882;14205;3.6;1.7
60;2021-03-04;1721;514;31603;14719;3.8;1.8
60;2021-03-05;1820;283;33423;15002;4.1;1.8
60;2021-03-06;1919;129;35342;15131;4.3;1.8
60;2021-03-07;885;30;36227;15161;4.4;1.8
60;2021-03-08;977;312;37204;15473;4.5;1.9
60;2021-03-09;1638;357;38842;15830;4.7;1.9
60;2021-03-10;1937;418;40779;16248;4.9;2.0
60;2021-03-11;2323;380;43102;16628;5.2;2.0
60;2021-03-12;2591;537;45693;17165;5.5;2.1
60;2021-03-13;3834;199;49527;17364;6.0;2.1
60;2021-03-14;1779;51;51306;17415;6.2;2.1
60;2021-03-15;2091;495;53397;17910;6.5;2.2
60;2021-03-16;1583;619;54980;18529;6.7;2.2
60;2021-03-17;1656;609;56636;19138;6.9;2.3
60;2021-03-18;1759;722;58395;19860;7.1;2.4
60;2021-03-19;2588;520;60983;20380;7.4;2.5
60;2021-03-20;3233;180;64216;20560;7.8;2.5
60;2021-03-21;2123;92;66339;20652;8.0;2.5
60;2021-03-22;2133;708;68472;21360;8.3;2.6
60;2021-03-23;3307;714;71779;22074;8.7;2.7
60;2021-03-24;3071;868;74850;22942;9.1;2.8
60;2021-03-25;3849;836;78699;23778;9.5;2.9
60;2021-03-26;4211;868;82910;24646;10.0;3.0
60;2021-03-27;4141;300;87051;24946;10.6;3.0
60;2021-03-28;2446;72;89497;25018;10.8;3.0
60;2021-03-29;2608;1075;92105;26093;11.2;3.2
60;2021-03-30;3281;1064;95386;27157;11.6;3.3
60;2021-03-31;2668;1137;98054;28294;11.9;3.4
60;2021-04-01;2561;1097;100615;29391;12.2;3.6
60;2021-04-02;3310;1092;103925;30483;12.6;3.7
60;2021-04-03;3167;1001;107092;31484;13.0;3.8
60;2021-04-04;874;482;107966;31966;13.1;3.9
60;2021-04-05;458;81;108424;32047;13.1;3.9
60;2021-04-06;1963;1620;110387;33667;13.4;4.1
60;2021-04-07;1980;1746;112367;35413;13.6;4.3
60;2021-04-08;2612;1483;114979;36896;13.9;4.5
60;2021-04-09;2996;1510;117975;38406;14.3;4.7
60;2021-04-10;2926;1584;120901;39990;14.7;4.8
60;2021-04-11;1049;991;121950;40981;14.8;5.0
60;2021-04-12;2047;1718;123997;42699;15.0;5.2
60;2021-04-13;2746;1779;126743;44478;15.4;5.4
60;2021-04-14;3115;1803;129858;46281;15.7;5.6
60;2021-04-15;3540;1879;133398;48160;16.2;5.8
60;2021-04-16;3285;1939;136683;50099;16.6;6.1
60;2021-04-17;2846;2160;139529;52259;16.9;6.3
60;2021-04-18;572;1834;140101;54093;17.0;6.6
60;2021-04-19;1741;2208;141842;56301;17.2;6.8
60;2021-04-20;2128;2669;143970;58970;17.4;7.1
60;2021-04-21;2654;2200;146624;61170;17.8;7.4
60;2021-04-22;2628;2505;149252;63675;18.1;7.7
60;2021-04-23;2644;2496;151896;66171;18.4;8.0
60;2021-04-24;2471;3455;154367;69626;18.7;8.4
60;2021-04-25;1161;1965;155528;71591;18.9;8.7
60;2021-04-26;1889;2525;157417;74116;19.1;9.0
60;2021-04-27;2308;2843;159725;76959;19.4;9.3
60;2021-04-28;3065;2395;162790;79354;19.7;9.6
60;2021-04-29;3150;2622;165940;81976;20.1;9.9
60;2021-04-30;3458;2967;169398;84943;20.5;10.3
60;2021-05-01;2353;1121;171751;86064;20.8;10.4
60;2021-05-02;2145;835;173896;86899;21.1;10.5
60;2021-05-03;2955;1847;176851;88746;21.4;10.8
60;2021-05-04;3018;2354;179869;91100;21.8;11.0
60;2021-05-05;3255;2804;183124;93904;22.2;11.4
60;2021-05-06;3648;2475;186772;96379;22.6;11.7
60;2021-05-07;3986;2518;190758;98897;23.1;12.0
60;2021-05-08;3582;966;194340;99863;23.6;12.1
60;2021-05-09;3457;948;197797;100811;24.0;12.2
60;2021-05-10;2391;2293;200188;103104;24.3;12.5
60;2021-05-11;3661;2469;203849;105573;24.7;12.8
60;2021-05-12;4716;2548;208565;108121;25.3;13.1
60;2021-05-13;5294;1122;213859;109243;25.9;13.2
60;2021-05-14;5603;1805;219462;111048;26.6;13.5
60;2021-05-15;6172;1704;225634;112752;27.3;13.7
60;2021-05-16;4858;684;230492;113436;27.9;13.7
60;2021-05-17;3715;1671;234207;115107;28.4;14.0
60;2021-05-18;4049;2078;238256;117185;28.9;14.2
60;2021-05-19;5095;1852;243351;119037;29.5;14.4
60;2021-05-20;5458;1792;248809;120829;30.2;14.6
60;2021-05-21;5970;1969;254779;122798;30.9;14.9
60;2021-05-22;5352;1978;260131;124776;31.5;15.1
60;2021-05-23;4267;650;264398;125426;32.0;15.2
60;2021-05-24;2949;534;267347;125960;32.4;15.3
60;2021-05-25;4137;1996;271484;127956;32.9;15.5
60;2021-05-26;4465;1830;275949;129786;33.4;15.7
60;2021-05-27;4611;1993;280560;131779;34.0;16.0
60;2021-05-28;4620;2509;285180;134288;34.6;16.3
60;2021-05-29;4613;2273;289793;136561;35.1;16.6
60;2021-05-30;1086;351;290879;136912;35.3;16.6
60;2021-05-31;3829;2080;294708;138992;35.7;16.8
60;2021-06-01;4440;2850;299148;141842;36.3;17.2
60;2021-06-02;3908;2444;303056;144286;36.7;17.5
60;2021-06-03;3903;2378;306959;146664;37.2;17.8
60;2021-06-04;4649;2902;311608;149566;37.8;18.1
60;2021-06-05;4301;3415;315909;152981;38.3;18.5
60;2021-06-06;2154;792;318063;153773;38.5;18.6
60;2021-06-07;2776;2749;320839;156522;38.9;19.0
60;2021-06-08;3800;3004;324639;159526;39.3;19.3
60;2021-06-09;3245;3393;327884;162919;39.7;19.7
60;2021-06-10;3451;3365;331335;166284;40.2;20.2
60;2021-06-11;3879;4194;335214;170478;40.6;20.7
60;2021-06-12;3778;4275;338992;174753;41.1;21.2
60;2021-06-13;1156;2226;340148;176979;41.2;21.4
60;2021-06-14;1907;3305;342055;180284;41.5;21.9
60;2021-06-15;3015;4164;345070;184448;41.8;22.4
60;2021-06-16;3251;4495;348321;188943;42.2;22.9
60;2021-06-17;2975;4779;351296;193722;42.6;23.5
60;2021-06-18;2984;4597;354280;198319;42.9;24.0
60;2021-06-19;3139;4724;357419;203043;43.3;24.6
60;2021-06-20;1432;1934;358851;204977;43.5;24.8
60;2021-06-21;1408;4040;360259;209017;43.7;25.3
60;2021-06-22;1755;5289;362014;214306;43.9;26.0
60;2021-06-23;1862;5241;363876;219547;44.1;26.6
60;2021-06-24;1799;5598;365675;225145;44.3;27.3
60;2021-06-25;1891;5731;367566;230876;44.5;28.0
60;2021-06-26;1850;6985;369416;237861;44.8;28.8
60;2021-06-27;713;2594;370129;240455;44.9;29.1
60;2021-06-28;1779;4143;371908;244598;45.1;29.6
60;2021-06-29;2006;5466;373914;250064;45.3;30.3
60;2021-06-30;2279;5362;376193;255426;45.6;31.0
60;2021-07-01;1876;4935;378069;260361;45.8;31.6
60;2021-07-02;2354;5891;380423;266252;46.1;32.3
60;2021-07-03;2391;6174;382814;272426;46.4;33.0
60;2021-07-04;790;2732;383604;275158;46.5;33.3
60;2021-07-05;1650;4406;385254;279564;46.7;33.9
60;2021-07-06;2130;4505;387384;284069;47.0;34.4
60;2021-07-07;2163;5128;389547;289197;47.2;35.1
60;2021-07-08;2664;4698;392211;293895;47.5;35.6
60;2021-07-09;2634;5558;394845;299453;47.9;36.3
60;2021-07-10;2571;5875;397416;305328;48.2;37.0
60;2021-07-11;1210;1942;398626;307270;48.3;37.2
60;2021-07-12;1421;4757;400047;312027;48.5;37.8
60;2021-07-13;2903;5021;402950;317048;48.8;38.4
60;2021-07-14;2571;1400;405521;318448;49.1;38.6
60;2021-07-15;3420;4858;408941;323306;49.6;39.2
60;2021-07-16;3670;5237;412611;328543;50.0;39.8
60;2021-07-17;4065;5126;416676;333669;50.5;40.4
60;2021-07-18;2178;2117;418854;335786;50.8;40.7
60;2021-07-19;2532;3894;421386;339680;51.1;41.2
60;2021-07-20;4169;4895;425555;344575;51.6;41.8
60;2021-07-21;4312;4260;429867;348835;52.1;42.3
60;2021-07-22;4612;4299;434479;353134;52.7;42.8
60;2021-07-23;4956;4870;439435;358004;53.3;43.4
60;2021-07-24;4284;4638;443719;362642;53.8;44.0
60;2021-07-25;2596;1811;446315;364453;54.1;44.2
60;2021-07-26;3353;3748;449668;368201;54.5;44.6
60;2021-07-27;4347;4586;454015;372787;55.0;45.2
60;2021-07-28;4495;3726;458510;376513;55.6;45.6
61;2020-12-27;0;0;0;0;0.0;0.0
61;2020-12-28;0;0;0;0;0.0;0.0
61;2020-12-29;0;0;0;0;0.0;0.0
61;2020-12-30;0;0;0;0;0.0;0.0
61;2020-12-31;0;0;0;0;0.0;0.0
61;2021-01-01;1;0;1;0;0.0;0.0
61;2021-01-02;1;0;2;0;0.0;0.0
61;2021-01-03;0;0;2;0;0.0;0.0
61;2021-01-04;1;0;3;0;0.0;0.0
61;2021-01-05;3;0;6;0;0.0;0.0
61;2021-01-06;76;0;82;0;0.0;0.0
61;2021-01-07;175;2;257;2;0.1;0.0
61;2021-01-08;406;1;663;3;0.2;0.0
61;2021-01-09;165;1;828;4;0.3;0.0
61;2021-01-10;49;0;877;4;0.3;0.0
61;2021-01-11;396;1;1273;5;0.5;0.0
61;2021-01-12;680;2;1953;7;0.7;0.0
61;2021-01-13;739;1;2692;8;1.0;0.0
61;2021-01-14;526;8;3218;16;1.2;0.0
61;2021-01-15;538;4;3756;20;1.4;0.0
61;2021-01-16;289;1;4045;21;1.5;0.0
61;2021-01-17;832;6;4877;27;1.8;0.0
61;2021-01-18;1913;3;6790;30;2.5;0.0
61;2021-01-19;1321;4;8111;34;2.9;0.0
61;2021-01-20;683;0;8794;34;3.2;0.0
61;2021-01-21;844;1;9638;35;3.5;0.0
61;2021-01-22;764;1;10402;36;3.8;0.0
61;2021-01-23;256;2;10658;38;3.8;0.0
61;2021-01-24;228;0;10886;38;3.9;0.0
61;2021-01-25;577;2;11463;40;4.1;0.0
61;2021-01-26;554;0;12017;40;4.3;0.0
61;2021-01-27;569;14;12586;54;4.5;0.0
61;2021-01-28;463;53;13049;107;4.7;0.0
61;2021-01-29;478;204;13527;311;4.9;0.1
61;2021-01-30;212;3;13739;314;5.0;0.1
61;2021-01-31;106;0;13845;314;5.0;0.1
61;2021-02-01;430;190;14275;504;5.2;0.2
61;2021-02-02;387;425;14662;929;5.3;0.3
61;2021-02-03;412;490;15074;1419;5.4;0.5
61;2021-02-04;388;338;15462;1757;5.6;0.6
61;2021-02-05;538;362;16000;2119;5.8;0.8
61;2021-02-06;195;91;16195;2210;5.8;0.8
61;2021-02-07;45;200;16240;2410;5.9;0.9
61;2021-02-08;540;1409;16780;3819;6.1;1.4
61;2021-02-09;404;808;17184;4627;6.2;1.7
61;2021-02-10;277;562;17461;5189;6.3;1.9
61;2021-02-11;432;563;17893;5752;6.5;2.1
61;2021-02-12;402;737;18295;6489;6.6;2.3
61;2021-02-13;132;431;18427;6920;6.7;2.5
61;2021-02-14;2;315;18429;7235;6.7;2.6
61;2021-02-15;171;848;18600;8083;6.7;2.9
61;2021-02-16;203;683;18803;8766;6.8;3.2
61;2021-02-17;44;639;18847;9405;6.8;3.4
61;2021-02-18;161;528;19008;9933;6.9;3.6
61;2021-02-19;101;391;19109;10324;6.9;3.7
61;2021-02-20;40;242;19149;10566;6.9;3.8
61;2021-02-21;1;155;19150;10721;6.9;3.9
61;2021-02-22;89;567;19239;11288;6.9;4.1
61;2021-02-23;114;495;19353;11783;7.0;4.3
61;2021-02-24;173;572;19526;12355;7.1;4.5
61;2021-02-25;265;447;19791;12802;7.1;4.6
61;2021-02-26;266;465;20057;13267;7.2;4.8
61;2021-02-27;108;225;20165;13492;7.3;4.9
61;2021-02-28;4;119;20169;13611;7.3;4.9
61;2021-03-01;214;610;20383;14221;7.4;5.1
61;2021-03-02;147;699;20530;14920;7.4;5.4
61;2021-03-03;141;449;20671;15369;7.5;5.6
61;2021-03-04;431;445;21102;15814;7.6;5.7
61;2021-03-05;701;293;21803;16107;7.9;5.8
61;2021-03-06;431;230;22234;16337;8.0;5.9
61;2021-03-07;154;2;22388;16339;8.1;5.9
61;2021-03-08;299;314;22687;16653;8.2;6.0
61;2021-03-09;622;184;23309;16837;8.4;6.1
61;2021-03-10;672;173;23981;17010;8.7;6.1
61;2021-03-11;1118;128;25099;17138;9.1;6.2
61;2021-03-12;1465;95;26564;17233;9.6;6.2
61;2021-03-13;770;52;27334;17285;9.9;6.2
61;2021-03-14;226;3;27560;17288;10.0;6.2
61;2021-03-15;814;30;28374;17318;10.2;6.3
61;2021-03-16;721;21;29095;17339;10.5;6.3
61;2021-03-17;760;10;29855;17349;10.8;6.3
61;2021-03-18;854;18;30709;17367;11.1;6.3
61;2021-03-19;1025;44;31734;17411;11.5;6.3
61;2021-03-20;470;12;32204;17423;11.6;6.3
61;2021-03-21;71;2;32275;17425;11.7;6.3
61;2021-03-22;796;86;33071;17511;11.9;6.3
61;2021-03-23;921;39;33992;17550;12.3;6.3
61;2021-03-24;1372;64;35364;17614;12.8;6.4
61;2021-03-25;1875;55;37239;17669;13.4;6.4
61;2021-03-26;1792;39;39031;17708;14.1;6.4
61;2021-03-27;1083;17;40114;17725;14.5;6.4
61;2021-03-28;359;9;40473;17734;14.6;6.4
61;2021-03-29;1270;177;41743;17911;15.1;6.5
61;2021-03-30;1470;92;43213;18003;15.6;6.5
61;2021-03-31;1683;46;44896;18049;16.2;6.5
61;2021-04-01;2048;218;46944;18267;17.0;6.6
61;2021-04-02;1514;423;48458;18690;17.5;6.7
61;2021-04-03;638;287;49096;18977;17.7;6.9
61;2021-04-04;193;1;49289;18978;17.8;6.9
61;2021-04-05;531;7;49820;18985;18.0;6.9
61;2021-04-06;1352;619;51172;19604;18.5;7.1
61;2021-04-07;1694;661;52866;20265;19.1;7.3
61;2021-04-08;2268;815;55134;21080;19.9;7.6
61;2021-04-09;2134;832;57268;21912;20.7;7.9
61;2021-04-10;1536;483;58804;22395;21.2;8.1
61;2021-04-11;238;197;59042;22592;21.3;8.2
61;2021-04-12;1289;735;60331;23327;21.8;8.4
61;2021-04-13;1743;701;62074;24028;22.4;8.7
61;2021-04-14;1728;782;63802;24810;23.0;9.0
61;2021-04-15;2266;772;66068;25582;23.9;9.2
61;2021-04-16;2224;682;68292;26264;24.7;9.5
61;2021-04-17;1486;320;69778;26584;25.2;9.6
61;2021-04-18;538;99;70316;26683;25.4;9.6
61;2021-04-19;938;746;71254;27429;25.7;9.9
61;2021-04-20;1525;781;72779;28210;26.3;10.2
61;2021-04-21;1349;1037;74128;29247;26.8;10.6
61;2021-04-22;1293;1209;75421;30456;27.2;11.0
61;2021-04-23;1218;1149;76639;31605;27.7;11.4
61;2021-04-24;1437;813;78076;32418;28.2;11.7
61;2021-04-25;361;330;78437;32748;28.3;11.8
61;2021-04-26;667;1142;79104;33890;28.6;12.2
61;2021-04-27;1464;1140;80568;35030;29.1;12.7
61;2021-04-28;1387;1386;81955;36416;29.6;13.2
61;2021-04-29;1253;1858;83208;38274;30.0;13.8
61;2021-04-30;1717;1167;84925;39441;30.7;14.2
61;2021-05-01;787;319;85712;39760;31.0;14.4
61;2021-05-02;438;223;86150;39983;31.1;14.4
61;2021-05-03;845;1247;86995;41230;31.4;14.9
61;2021-05-04;1325;1751;88320;42981;31.9;15.5
61;2021-05-05;1011;2025;89331;45006;32.3;16.3
61;2021-05-06;1771;2212;91102;47218;32.9;17.1
61;2021-05-07;1378;1965;92480;49183;33.4;17.8
61;2021-05-08;925;471;93405;49654;33.7;17.9
61;2021-05-09;393;291;93798;49945;33.9;18.0
61;2021-05-10;987;1752;94785;51697;34.2;18.7
61;2021-05-11;1373;1511;96158;53208;34.7;19.2
61;2021-05-12;1868;1588;98026;54796;35.4;19.8
61;2021-05-13;888;490;98914;55286;35.7;20.0
61;2021-05-14;1850;1192;100764;56478;36.4;20.4
61;2021-05-15;2092;1115;102856;57593;37.1;20.8
61;2021-05-16;983;300;103839;57893;37.5;20.9
61;2021-05-17;1311;913;105150;58806;38.0;21.2
61;2021-05-18;2423;891;107573;59697;38.8;21.6
61;2021-05-19;2402;798;109975;60495;39.7;21.8
61;2021-05-20;2214;808;112189;61303;40.5;22.1
61;2021-05-21;2147;855;114336;62158;41.3;22.4
61;2021-05-22;1780;718;116116;62876;41.9;22.7
61;2021-05-23;714;52;116830;62928;42.2;22.7
61;2021-05-24;913;109;117743;63037;42.5;22.8
61;2021-05-25;1991;919;119734;63956;43.2;23.1
61;2021-05-26;2034;927;121768;64883;44.0;23.4
61;2021-05-27;2036;1095;123804;65978;44.7;23.8
61;2021-05-28;2052;1378;125856;67356;45.5;24.3
61;2021-05-29;1462;552;127318;67908;46.0;24.5
61;2021-05-30;450;44;127768;67952;46.1;24.5
61;2021-05-31;1559;936;129327;68888;46.7;24.9
61;2021-06-01;1873;1388;131200;70276;47.4;25.4
61;2021-06-02;1672;1132;132872;71408;48.0;25.8
61;2021-06-03;2247;1107;135119;72515;48.8;26.2
61;2021-06-04;1895;1339;137014;73854;49.5;26.7
61;2021-06-05;1667;1238;138681;75092;50.1;27.1
61;2021-06-06;318;229;138999;75321;50.2;27.2
61;2021-06-07;2188;867;141187;76188;51.0;27.5
61;2021-06-08;1843;1566;143030;77754;51.7;28.1
61;2021-06-09;1973;1184;145003;78938;52.4;28.5
61;2021-06-10;1971;1184;146974;80122;53.1;28.9
61;2021-06-11;1819;1573;148793;81695;53.7;29.5
61;2021-06-12;1423;999;150216;82694;54.2;29.9
61;2021-06-13;340;377;150556;83071;54.4;30.0
61;2021-06-14;1104;1187;151660;84258;54.8;30.4
61;2021-06-15;1211;1693;152871;85951;55.2;31.0
61;2021-06-16;1109;1355;153980;87306;55.6;31.5
61;2021-06-17;1018;1726;154998;89032;56.0;32.2
61;2021-06-18;1511;1665;156509;90697;56.5;32.8
61;2021-06-19;1241;1303;157750;92000;57.0;33.2
61;2021-06-20;285;345;158035;92345;57.1;33.3
61;2021-06-21;806;1629;158841;93974;57.4;33.9
61;2021-06-22;1020;1689;159861;95663;57.7;34.5
61;2021-06-23;973;2438;160834;98101;58.1;35.4
61;2021-06-24;644;1359;161478;99460;58.3;35.9
61;2021-06-25;833;2169;162311;101629;58.6;36.7
61;2021-06-26;616;1952;162927;103581;58.8;37.4
61;2021-06-27;137;801;163064;104382;58.9;37.7
61;2021-06-28;478;2247;163542;106629;59.1;38.5
61;2021-06-29;694;2860;164236;109489;59.3;39.5
61;2021-06-30;767;2463;165003;111952;59.6;40.4
61;2021-07-01;631;1695;165634;113647;59.8;41.0
61;2021-07-02;831;2501;166465;116148;60.1;41.9
61;2021-07-03;414;1912;166879;118060;60.3;42.6
61;2021-07-04;74;639;166953;118699;60.3;42.9
61;2021-07-05;681;1774;167634;120473;60.5;43.5
61;2021-07-06;986;2795;168620;123268;60.9;44.5
61;2021-07-07;726;2360;169346;125628;61.2;45.4
61;2021-07-08;833;1953;170179;127581;61.5;46.1
61;2021-07-09;712;2377;170891;129958;61.7;46.9
61;2021-07-10;463;1773;171354;131731;61.9;47.6
61;2021-07-11;238;489;171592;132220;62.0;47.7
61;2021-07-12;430;2295;172022;134515;62.1;48.6
61;2021-07-13;637;2493;172659;137008;62.4;49.5
61;2021-07-14;147;333;172806;137341;62.4;49.6
61;2021-07-15;805;2816;173611;140157;62.7;50.6
61;2021-07-16;956;2573;174567;142730;63.0;51.5
61;2021-07-17;700;2230;175267;144960;63.3;52.4
61;2021-07-18;335;367;175602;145327;63.4;52.5
61;2021-07-19;931;2402;176533;147729;63.8;53.4
61;2021-07-20;1317;2356;177850;150085;64.2;54.2
61;2021-07-21;1495;2178;179345;152263;64.8;55.0
61;2021-07-22;1737;2183;181082;154446;65.4;55.8
61;2021-07-23;1773;2297;182855;156743;66.0;56.6
61;2021-07-24;1441;1998;184296;158741;66.6;57.3
61;2021-07-25;323;394;184619;159135;66.7;57.5
61;2021-07-26;1240;1923;185859;161058;67.1;58.2
61;2021-07-27;2393;1567;188252;162625;68.0;58.7
61;2021-07-28;2348;1317;190600;163942;68.8;59.2
62;2020-12-27;3;0;3;0;0.0;0.0
62;2020-12-28;2;0;5;0;0.0;0.0
62;2020-12-29;0;0;5;0;0.0;0.0
62;2020-12-30;0;0;5;0;0.0;0.0
62;2020-12-31;0;0;5;0;0.0;0.0
62;2021-01-01;0;0;5;0;0.0;0.0
62;2021-01-02;0;0;5;0;0.0;0.0
62;2021-01-03;0;0;5;0;0.0;0.0
62;2021-01-04;2;0;7;0;0.0;0.0
62;2021-01-05;47;0;54;0;0.0;0.0
62;2021-01-06;123;0;177;0;0.0;0.0
62;2021-01-07;351;0;528;0;0.0;0.0
62;2021-01-08;712;6;1240;6;0.1;0.0
62;2021-01-09;163;1;1403;7;0.1;0.0
62;2021-01-10;84;0;1487;7;0.1;0.0
62;2021-01-11;553;1;2040;8;0.1;0.0
62;2021-01-12;1246;0;3286;8;0.2;0.0
62;2021-01-13;1137;4;4423;12;0.3;0.0
62;2021-01-14;1385;9;5808;21;0.4;0.0
62;2021-01-15;1295;8;7103;29;0.5;0.0
62;2021-01-16;307;3;7410;32;0.5;0.0
62;2021-01-17;107;1;7517;33;0.5;0.0
62;2021-01-18;1663;9;9180;42;0.6;0.0
62;2021-01-19;2098;5;11278;47;0.8;0.0
62;2021-01-20;2054;6;13332;53;0.9;0.0
62;2021-01-21;2227;5;15559;58;1.1;0.0
62;2021-01-22;1831;6;17390;64;1.2;0.0
62;2021-01-23;512;0;17902;64;1.2;0.0
62;2021-01-24;0;0;17902;64;1.2;0.0
62;2021-01-25;1279;6;19181;70;1.3;0.0
62;2021-01-26;1539;15;20720;85;1.4;0.0
62;2021-01-27;1487;172;22207;257;1.5;0.0
62;2021-01-28;4136;345;26343;602;1.8;0.0
62;2021-01-29;2022;336;28365;938;2.0;0.1
62;2021-01-30;159;153;28524;1091;2.0;0.1
62;2021-01-31;22;3;28546;1094;2.0;0.1
62;2021-02-01;45;359;28591;1453;2.0;0.1
62;2021-02-02;57;789;28648;2242;2.0;0.2
62;2021-02-03;44;629;28692;2871;2.0;0.2
62;2021-02-04;81;823;28773;3694;2.0;0.3
62;2021-02-05;79;754;28852;4448;2.0;0.3
62;2021-02-06;25;195;28877;4643;2.0;0.3
62;2021-02-07;236;27;29113;4670;2.0;0.3
62;2021-02-08;131;849;29244;5519;2.0;0.4
62;2021-02-09;225;1102;29469;6621;2.0;0.5
62;2021-02-10;383;1172;29852;7793;2.1;0.5
62;2021-02-11;721;1002;30573;8795;2.1;0.6
62;2021-02-12;966;782;31539;9577;2.2;0.7
62;2021-02-13;159;271;31698;9848;2.2;0.7
62;2021-02-14;0;0;31698;9848;2.2;0.7
62;2021-02-15;663;1277;32361;11125;2.2;0.8
62;2021-02-16;920;1788;33281;12913;2.3;0.9
62;2021-02-17;1074;2129;34355;15042;2.4;1.0
62;2021-02-18;2204;3796;36559;18838;2.5;1.3
62;2021-02-19;2302;2545;38861;21383;2.7;1.5
62;2021-02-20;613;479;39474;21862;2.7;1.5
62;2021-02-21;86;49;39560;21911;2.7;1.5
62;2021-02-22;847;973;40407;22884;2.8;1.6
62;2021-02-23;1419;1220;41826;24104;2.9;1.7
62;2021-02-24;1544;641;43370;24745;3.0;1.7
62;2021-02-25;3165;405;46535;25150;3.2;1.7
62;2021-02-26;2907;333;49442;25483;3.4;1.8
62;2021-02-27;1827;93;51269;25576;3.5;1.8
62;2021-02-28;52;42;51321;25618;3.5;1.8
62;2021-03-01;1314;116;52635;25734;3.6;1.8
62;2021-03-02;3148;166;55783;25900;3.8;1.8
62;2021-03-03;3258;116;59041;26016;4.1;1.8
62;2021-03-04;3803;197;62844;26213;4.3;1.8
62;2021-03-05;4644;204;67488;26417;4.6;1.8
62;2021-03-06;9613;210;77101;26627;5.3;1.8
62;2021-03-07;8069;186;85170;26813;5.9;1.8
62;2021-03-08;2188;246;87358;27059;6.0;1.9
62;2021-03-09;3798;364;91156;27423;6.3;1.9
62;2021-03-10;4226;595;95382;28018;6.6;1.9
62;2021-03-11;5985;1510;101367;29528;7.0;2.0
62;2021-03-12;6629;1391;107996;30919;7.4;2.1
62;2021-03-13;14710;740;122706;31659;8.4;2.2
62;2021-03-14;9574;348;132280;32007;9.1;2.2
62;2021-03-15;3760;1007;136040;33014;9.4;2.3
62;2021-03-16;2734;846;138774;33860;9.6;2.3
62;2021-03-17;2802;714;141576;34574;9.7;2.4
62;2021-03-18;2722;924;144298;35498;9.9;2.4
62;2021-03-19;4780;907;149078;36405;10.3;2.5
62;2021-03-20;11060;560;160138;36965;11.0;2.5
62;2021-03-21;9443;317;169581;37282;11.7;2.6
62;2021-03-22;2937;1103;172518;38385;11.9;2.6
62;2021-03-23;4989;1498;177507;39883;12.2;2.7
62;2021-03-24;4691;1414;182198;41297;12.5;2.8
62;2021-03-25;6548;1471;188746;42768;13.0;2.9
62;2021-03-26;7049;1482;195795;44250;13.5;3.0
62;2021-03-27;12588;698;208383;44948;14.3;3.1
62;2021-03-28;6938;254;215321;45202;14.8;3.1
62;2021-03-29;3474;1203;218795;46405;15.1;3.2
62;2021-03-30;4548;2208;223343;48613;15.4;3.3
62;2021-03-31;4219;2477;227562;51090;15.7;3.5
62;2021-04-01;4967;2761;232529;53851;16.0;3.7
62;2021-04-02;5067;3224;237596;57075;16.4;3.9
62;2021-04-03;8202;3321;245798;60396;16.9;4.2
62;2021-04-04;4577;1914;250375;62310;17.2;4.3
62;2021-04-05;943;462;251318;62772;17.3;4.3
62;2021-04-06;4119;2988;255437;65760;17.6;4.5
62;2021-04-07;5028;3488;260465;69248;17.9;4.8
62;2021-04-08;6479;3956;266944;73204;18.4;5.0
62;2021-04-09;7620;3452;274564;76656;18.9;5.3
62;2021-04-10;6638;8057;281202;84713;19.4;5.8
62;2021-04-11;2811;6893;284013;91606;19.5;6.3
62;2021-04-12;3418;2361;287431;93967;19.8;6.5
62;2021-04-13;6169;3148;293600;97115;20.2;6.7
62;2021-04-14;5299;3055;298899;100170;20.6;6.9
62;2021-04-15;5737;2973;304636;103143;21.0;7.1
62;2021-04-16;5417;3177;310053;106320;21.3;7.3
62;2021-04-17;4360;7358;314413;113678;21.6;7.8
62;2021-04-18;1962;6848;316375;120526;21.8;8.3
62;2021-04-19;2779;1922;319154;122448;22.0;8.4
62;2021-04-20;4143;3882;323297;126330;22.3;8.7
62;2021-04-21;3751;3976;327048;130306;22.5;9.0
62;2021-04-22;3946;5185;330994;135491;22.8;9.3
62;2021-04-23;4048;5289;335042;140780;23.1;9.7
62;2021-04-24;4404;6717;339446;147497;23.4;10.2
62;2021-04-25;1908;3498;341354;150995;23.5;10.4
62;2021-04-26;2224;2430;343578;153425;23.6;10.6
62;2021-04-27;4408;3694;347986;157119;24.0;10.8
62;2021-04-28;4588;4341;352574;161460;24.3;11.1
62;2021-04-29;4783;5865;357357;167325;24.6;11.5
62;2021-04-30;5211;5703;362568;173028;25.0;11.9
62;2021-05-01;5732;3459;368300;176487;25.4;12.1
62;2021-05-02;7819;3127;376119;179614;25.9;12.4
62;2021-05-03;4495;2296;380614;181910;26.2;12.5
62;2021-05-04;5390;4964;386004;186874;26.6;12.9
62;2021-05-05;4728;4833;390732;191707;26.9;13.2
62;2021-05-06;5619;4909;396351;196616;27.3;13.5
62;2021-05-07;7678;4652;404029;201268;27.8;13.9
62;2021-05-08;10640;2283;414669;203551;28.5;14.0
62;2021-05-09;8625;1632;423294;205183;29.1;14.1
62;2021-05-10;4869;4010;428163;209193;29.5;14.4
62;2021-05-11;6407;5024;434570;214217;29.9;14.7
62;2021-05-12;8621;4600;443191;218817;30.5;15.1
62;2021-05-13;9994;1472;453185;220289;31.2;15.2
62;2021-05-14;11875;3381;465060;223670;32.0;15.4
62;2021-05-15;19779;3250;484839;226920;33.4;15.6
62;2021-05-16;16395;1395;501234;228315;34.5;15.7
62;2021-05-17;8183;2656;509417;230971;35.1;15.9
62;2021-05-18;9323;3116;518740;234087;35.7;16.1
62;2021-05-19;8614;2905;527354;236992;36.3;16.3
62;2021-05-20;8337;3834;535691;240826;36.9;16.6
62;2021-05-21;9395;4206;545086;245032;37.5;16.9
62;2021-05-22;17869;3503;562955;248535;38.8;17.1
62;2021-05-23;12377;1131;575332;249666;39.6;17.2
62;2021-05-24;3910;584;579242;250250;39.9;17.2
62;2021-05-25;7217;4085;586459;254335;40.4;17.5
62;2021-05-26;6773;4903;593232;259238;40.8;17.8
62;2021-05-27;6383;5684;599615;264922;41.3;18.2
62;2021-05-28;6518;6761;606133;271683;41.7;18.7
62;2021-05-29;10849;5532;616982;277215;42.5;19.1
62;2021-05-30;4037;980;621019;278195;42.7;19.1
62;2021-05-31;4789;3968;625808;282163;43.1;19.4
62;2021-06-01;6499;6525;632307;288688;43.5;19.9
62;2021-06-02;7416;5800;639723;294488;44.0;20.3
62;2021-06-03;7852;5892;647575;300380;44.6;20.7
62;2021-06-04;7899;6246;655474;306626;45.1;21.1
62;2021-06-05;8273;6227;663747;312853;45.7;21.5
62;2021-06-06;3121;1285;666868;314138;45.9;21.6
62;2021-06-07;4611;3759;671479;317897;46.2;21.9
62;2021-06-08;6202;5888;677681;323785;46.6;22.3
62;2021-06-09;5486;4757;683167;328542;47.0;22.6
62;2021-06-10;5201;5874;688368;334416;47.4;23.0
62;2021-06-11;6211;8871;694579;343287;47.8;23.6
62;2021-06-12;5932;8647;700511;351934;48.2;24.2
62;2021-06-13;3223;3784;703734;355718;48.4;24.5
62;2021-06-14;2605;6772;706339;362490;48.6;25.0
62;2021-06-15;4668;8536;711007;371026;48.9;25.5
62;2021-06-16;5070;7422;716077;378448;49.3;26.0
62;2021-06-17;5219;8044;721296;386492;49.6;26.6
62;2021-06-18;4809;10485;726105;396977;50.0;27.3
62;2021-06-19;5795;13443;731900;410420;50.4;28.3
62;2021-06-20;2096;4372;733996;414792;50.5;28.6
62;2021-06-21;2964;8935;736960;423727;50.7;29.2
62;2021-06-22;3416;10173;740376;433900;51.0;29.9
62;2021-06-23;3378;10325;743754;444225;51.2;30.6
62;2021-06-24;3322;11786;747076;456011;51.4;31.4
62;2021-06-25;3695;15770;750771;471781;51.7;32.5
62;2021-06-26;3536;18424;754307;490205;51.9;33.7
62;2021-06-27;1117;9827;755424;500032;52.0;34.4
62;2021-06-28;1907;8872;757331;508904;52.1;35.0
62;2021-06-29;2955;11456;760286;520360;52.3;35.8
62;2021-06-30;4111;10806;764397;531166;52.6;36.6
62;2021-07-01;4431;10479;768828;541645;52.9;37.3
62;2021-07-02;4120;11982;772948;553627;53.2;38.1
62;2021-07-03;2987;18072;775935;571699;53.4;39.4
62;2021-07-04;1437;9190;777372;580889;53.5;40.0
62;2021-07-05;2402;6934;779774;587823;53.7;40.5
62;2021-07-06;3787;10027;783561;597850;53.9;41.2
62;2021-07-07;3894;8917;787455;606767;54.2;41.8
62;2021-07-08;5208;9105;792663;615872;54.6;42.4
62;2021-07-09;4378;10861;797041;626733;54.9;43.1
62;2021-07-10;4904;11870;801945;638603;55.2;44.0
62;2021-07-11;1328;2086;803273;640689;55.3;44.1
62;2021-07-12;2297;7135;805570;647824;55.5;44.6
62;2021-07-13;5032;12149;810602;659973;55.8;45.4
62;2021-07-14;3600;3151;814202;663124;56.0;45.6
62;2021-07-15;7507;11518;821709;674642;56.6;46.4
62;2021-07-16;7557;11040;829266;685682;57.1;47.2
62;2021-07-17;9610;10238;838876;695920;57.7;47.9
62;2021-07-18;2696;3458;841572;699378;57.9;48.1
62;2021-07-19;5965;7011;847537;706389;58.3;48.6
62;2021-07-20;7881;10699;855418;717088;58.9;49.4
62;2021-07-21;9679;9375;865097;726463;59.5;50.0
62;2021-07-22;9703;8980;874800;735443;60.2;50.6
62;2021-07-23;10560;8370;885360;743813;60.9;51.2
62;2021-07-24;9590;10232;894950;754045;61.6;51.9
62;2021-07-25;5488;1815;900438;755860;62.0;52.0
62;2021-07-26;6180;5361;906618;761221;62.4;52.4
62;2021-07-27;9684;8087;916302;769308;63.1;53.0
62;2021-07-28;10158;7393;926460;776701;63.8;53.5
63;2020-12-27;0;0;0;0;0.0;0.0
63;2020-12-28;0;0;0;0;0.0;0.0
63;2020-12-29;0;0;0;0;0.0;0.0
63;2020-12-30;0;0;0;0;0.0;0.0
63;2020-12-31;0;0;0;0;0.0;0.0
63;2021-01-01;0;0;0;0;0.0;0.0
63;2021-01-02;0;0;0;0;0.0;0.0
63;2021-01-03;1;0;1;0;0.0;0.0
63;2021-01-04;0;0;1;0;0.0;0.0
63;2021-01-05;1;0;2;0;0.0;0.0
63;2021-01-06;4;1;6;1;0.0;0.0
63;2021-01-07;300;0;306;1;0.0;0.0
63;2021-01-08;207;1;513;2;0.1;0.0
63;2021-01-09;91;0;604;2;0.1;0.0
63;2021-01-10;81;0;685;2;0.1;0.0
63;2021-01-11;422;0;1107;2;0.2;0.0
63;2021-01-12;641;1;1748;3;0.3;0.0
63;2021-01-13;848;3;2596;6;0.4;0.0
63;2021-01-14;521;8;3117;14;0.5;0.0
63;2021-01-15;428;2;3545;16;0.5;0.0
63;2021-01-16;157;0;3702;16;0.6;0.0
63;2021-01-17;132;0;3834;16;0.6;0.0
63;2021-01-18;605;2;4439;18;0.7;0.0
63;2021-01-19;855;1;5294;19;0.8;0.0
63;2021-01-20;1041;1;6335;20;1.0;0.0
63;2021-01-21;999;3;7334;23;1.1;0.0
63;2021-01-22;967;3;8301;26;1.3;0.0
63;2021-01-23;190;0;8491;26;1.3;0.0
63;2021-01-24;162;0;8653;26;1.3;0.0
63;2021-01-25;790;1;9443;27;1.4;0.0
63;2021-01-26;956;2;10399;29;1.6;0.0
63;2021-01-27;999;5;11398;34;1.7;0.0
63;2021-01-28;1309;67;12707;101;1.9;0.0
63;2021-01-29;1064;66;13771;167;2.1;0.0
63;2021-01-30;68;0;13839;167;2.1;0.0
63;2021-01-31;6;0;13845;167;2.1;0.0
63;2021-02-01;563;182;14408;349;2.2;0.1
63;2021-02-02;877;235;15285;584;2.3;0.1
63;2021-02-03;1466;282;16751;866;2.5;0.1
63;2021-02-04;2114;514;18865;1380;2.9;0.2
63;2021-02-05;1142;271;20007;1651;3.0;0.3
63;2021-02-06;116;0;20123;1651;3.0;0.3
63;2021-02-07;9;1;20132;1652;3.0;0.3
63;2021-02-08;532;408;20664;2060;3.1;0.3
63;2021-02-09;668;436;21332;2496;3.2;0.4
63;2021-02-10;606;600;21938;3096;3.3;0.5
63;2021-02-11;749;467;22687;3563;3.4;0.5
63;2021-02-12;823;811;23510;4374;3.6;0.7
63;2021-02-13;82;1;23592;4375;3.6;0.7
63;2021-02-14;0;65;23592;4440;3.6;0.7
63;2021-02-15;204;792;23796;5232;3.6;0.8
63;2021-02-16;410;1138;24206;6370;3.7;1.0
63;2021-02-17;347;875;24553;7245;3.7;1.1
63;2021-02-18;594;827;25147;8072;3.8;1.2
63;2021-02-19;446;977;25593;9049;3.9;1.4
63;2021-02-20;37;32;25630;9081;3.9;1.4
63;2021-02-21;2;17;25632;9098;3.9;1.4
63;2021-02-22;292;931;25924;10029;3.9;1.5
63;2021-02-23;575;1143;26499;11172;4.0;1.7
63;2021-02-24;697;1427;27196;12599;4.1;1.9
63;2021-02-25;1585;1674;28781;14273;4.4;2.2
63;2021-02-26;1623;1367;30404;15640;4.6;2.4
63;2021-02-27;642;65;31046;15705;4.7;2.4
63;2021-02-28;4;178;31050;15883;4.7;2.4
63;2021-03-01;583;521;31633;16404;4.8;2.5
63;2021-03-02;899;796;32532;17200;4.9;2.6
63;2021-03-03;1034;725;33566;17925;5.1;2.7
63;2021-03-04;1750;495;35316;18420;5.3;2.8
63;2021-03-05;2612;684;37928;19104;5.7;2.9
63;2021-03-06;1551;40;39479;19144;6.0;2.9
63;2021-03-07;511;15;39990;19159;6.1;2.9
63;2021-03-08;966;648;40956;19807;6.2;3.0
63;2021-03-09;1537;1064;42493;20871;6.4;3.2
63;2021-03-10;1644;608;44137;21479;6.7;3.3
63;2021-03-11;3050;886;47187;22365;7.1;3.4
63;2021-03-12;3509;374;50696;22739;7.7;3.4
63;2021-03-13;2050;79;52746;22818;8.0;3.5
63;2021-03-14;61;21;52807;22839;8.0;3.5
63;2021-03-15;1739;365;54546;23204;8.3;3.5
63;2021-03-16;1742;412;56288;23616;8.5;3.6
63;2021-03-17;1636;677;57924;24293;8.8;3.7
63;2021-03-18;1933;740;59857;25033;9.1;3.8
63;2021-03-19;2736;489;62593;25522;9.5;3.9
63;2021-03-20;1121;66;63714;25588;9.7;3.9
63;2021-03-21;50;45;63764;25633;9.7;3.9
63;2021-03-22;1982;255;65746;25888;10.0;3.9
63;2021-03-23;2878;362;68624;26250;10.4;4.0
63;2021-03-24;3215;336;71839;26586;10.9;4.0
63;2021-03-25;4585;378;76424;26964;11.6;4.1
63;2021-03-26;4688;554;81112;27518;12.3;4.2
63;2021-03-27;2454;223;83566;27741;12.7;4.2
63;2021-03-28;1042;82;84608;27823;12.8;4.2
63;2021-03-29;2479;511;87087;28334;13.2;4.3
63;2021-03-30;3278;623;90365;28957;13.7;4.4
63;2021-03-31;2962;747;93327;29704;14.1;4.5
63;2021-04-01;3828;527;97155;30231;14.7;4.6
63;2021-04-02;3481;705;100636;30936;15.2;4.7
63;2021-04-03;1171;182;101807;31118;15.4;4.7
63;2021-04-04;877;27;102684;31145;15.6;4.7
63;2021-04-05;802;86;103486;31231;15.7;4.7
63;2021-04-06;2463;928;105949;32159;16.0;4.9
63;2021-04-07;3207;864;109156;33023;16.5;5.0
63;2021-04-08;4717;1206;113873;34229;17.2;5.2
63;2021-04-09;5311;978;119184;35207;18.1;5.3
63;2021-04-10;2221;472;121405;35679;18.4;5.4
63;2021-04-11;834;37;122239;35716;18.5;5.4
63;2021-04-12;1621;1311;123860;37027;18.8;5.6
63;2021-04-13;1984;1966;125844;38993;19.1;5.9
63;2021-04-14;2628;1433;128472;40426;19.5;6.1
63;2021-04-15;3786;1522;132258;41948;20.0;6.4
63;2021-04-16;2840;2154;135098;44102;20.5;6.7
63;2021-04-17;1232;671;136330;44773;20.6;6.8
63;2021-04-18;802;59;137132;44832;20.8;6.8
63;2021-04-19;1654;2110;138786;46942;21.0;7.1
63;2021-04-20;1697;2299;140483;49241;21.3;7.5
63;2021-04-21;1513;2406;141996;51647;21.5;7.8
63;2021-04-22;1912;2266;143908;53913;21.8;8.2
63;2021-04-23;2015;3109;145923;57022;22.1;8.6
63;2021-04-24;1188;1129;147111;58151;22.3;8.8
63;2021-04-25;553;413;147664;58564;22.4;8.9
63;2021-04-26;1436;2242;149100;60806;22.6;9.2
63;2021-04-27;2308;2601;151408;63407;22.9;9.6
63;2021-04-28;2330;3149;153738;66556;23.3;10.1
63;2021-04-29;2866;2837;156604;69393;23.7;10.5
63;2021-04-30;2863;2813;159467;72206;24.2;10.9
63;2021-05-01;1127;1050;160594;73256;24.3;11.1
63;2021-05-02;897;639;161491;73895;24.5;11.2
63;2021-05-03;2686;2248;164177;76143;24.9;11.5
63;2021-05-04;2876;2677;167053;78820;25.3;11.9
63;2021-05-05;2937;3116;169990;81936;25.7;12.4
63;2021-05-06;3666;3046;173656;84982;26.3;12.9
63;2021-05-07;4029;3540;177685;88522;26.9;13.4
63;2021-05-08;1997;649;179682;89171;27.2;13.5
63;2021-05-09;1803;607;181485;89778;27.5;13.6
63;2021-05-10;4197;2758;185682;92536;28.1;14.0
63;2021-05-11;5335;2754;191017;95290;28.9;14.4
63;2021-05-12;5259;2897;196276;98187;29.7;14.9
63;2021-05-13;4126;696;200402;98883;30.4;15.0
63;2021-05-14;4769;1507;205171;100390;31.1;15.2
63;2021-05-15;3717;983;208888;101373;31.6;15.4
63;2021-05-16;3517;445;212405;101818;32.2;15.4
63;2021-05-17;3892;1983;216297;103801;32.8;15.7
63;2021-05-18;5114;1616;221411;105417;33.5;16.0
63;2021-05-19;5217;1618;226628;107035;34.3;16.2
63;2021-05-20;6791;2075;233419;109110;35.4;16.5
63;2021-05-21;6250;2318;239669;111428;36.3;16.9
63;2021-05-22;3350;845;243019;112273;36.8;17.0
63;2021-05-23;2381;244;245400;112517;37.2;17.0
63;2021-05-24;2635;579;248035;113096;37.6;17.1
63;2021-05-25;4265;2633;252300;115729;38.2;17.5
63;2021-05-26;5442;2403;257742;118132;39.0;17.9
63;2021-05-27;6488;2797;264230;120929;40.0;18.3
63;2021-05-28;5417;3892;269647;124821;40.8;18.9
63;2021-05-29;3358;1504;273005;126325;41.3;19.1
63;2021-05-30;1579;217;274584;126542;41.6;19.2
63;2021-05-31;4144;2278;278728;128820;42.2;19.5
63;2021-06-01;3797;2952;282525;131772;42.8;20.0
63;2021-06-02;3879;2518;286404;134290;43.4;20.3
63;2021-06-03;4896;3144;291300;137434;44.1;20.8
63;2021-06-04;5095;3624;296395;141058;44.9;21.4
63;2021-06-05;2806;1742;299201;142800;45.3;21.6
63;2021-06-06;1304;696;300505;143496;45.5;21.7
63;2021-06-07;3162;2516;303667;146012;46.0;22.1
63;2021-06-08;2873;2756;306540;148768;46.4;22.5
63;2021-06-09;3016;2274;309556;151042;46.9;22.9
63;2021-06-10;3207;2688;312763;153730;47.4;23.3
63;2021-06-11;3095;4047;315858;157777;47.8;23.9
63;2021-06-12;1631;1968;317489;159745;48.1;24.2
63;2021-06-13;478;1095;317967;160840;48.2;24.4
63;2021-06-14;1822;3474;319789;164314;48.4;24.9
63;2021-06-15;2200;3475;321989;167789;48.8;25.4
63;2021-06-16;2562;3312;324551;171101;49.2;25.9
63;2021-06-17;2383;4304;326934;175405;49.5;26.6
63;2021-06-18;2460;5827;329394;181232;49.9;27.4
63;2021-06-19;1611;2828;331005;184060;50.1;27.9
63;2021-06-20;659;2441;331664;186501;50.2;28.2
63;2021-06-21;1269;5389;332933;191890;50.4;29.1
63;2021-06-22;1228;5535;334161;197425;50.6;29.9
63;2021-06-23;1523;4758;335684;202183;50.8;30.6
63;2021-06-24;1909;5380;337593;207563;51.1;31.4
63;2021-06-25;1723;5902;339316;213465;51.4;32.3
63;2021-06-26;1069;3352;340385;216817;51.6;32.8
63;2021-06-27;701;3486;341086;220303;51.7;33.4
63;2021-06-28;1134;5662;342220;225965;51.8;34.2
63;2021-06-29;1224;5163;343444;231128;52.0;35.0
63;2021-06-30;1581;5286;345025;236414;52.3;35.8
63;2021-07-01;1893;8073;346918;244487;52.5;37.0
63;2021-07-02;2027;6543;348945;251030;52.9;38.0
63;2021-07-03;945;2928;349890;253958;53.0;38.5
63;2021-07-04;997;1882;350887;255840;53.1;38.7
63;2021-07-05;1484;6286;352371;262126;53.4;39.7
63;2021-07-06;1582;4801;353953;266927;53.6;40.4
63;2021-07-07;1949;4084;355902;271011;53.9;41.0
63;2021-07-08;2180;4583;358082;275594;54.2;41.7
63;2021-07-09;1895;5726;359977;281320;54.5;42.6
63;2021-07-10;1518;3408;361495;284728;54.8;43.1
63;2021-07-11;891;1529;362386;286257;54.9;43.4
63;2021-07-12;1564;8709;363950;294966;55.1;44.7
63;2021-07-13;3564;6132;367514;301098;55.7;45.6
63;2021-07-14;3587;1782;371101;302880;56.2;45.9
63;2021-07-15;4357;5029;375458;307909;56.9;46.6
63;2021-07-16;4645;5773;380103;313682;57.6;47.5
63;2021-07-17;2984;2462;383087;316144;58.0;47.9
63;2021-07-18;2798;1086;385885;317230;58.4;48.0
63;2021-07-19;3948;4835;389833;322065;59.0;48.8
63;2021-07-20;4677;5440;394510;327505;59.8;49.6
63;2021-07-21;4742;3970;399252;331475;60.5;50.2
63;2021-07-22;5467;4369;404719;335844;61.3;50.9
63;2021-07-23;5113;4634;409832;340478;62.1;51.6
63;2021-07-24;3582;1935;413414;342413;62.6;51.9
63;2021-07-25;2956;1410;416370;343823;63.1;52.1
63;2021-07-26;3872;3195;420242;347018;63.6;52.6
63;2021-07-27;3223;3034;423465;350052;64.1;53.0
63;2021-07-28;3440;2670;426905;352722;64.7;53.4
64;2020-12-27;0;0;0;0;0.0;0.0
64;2020-12-28;2;0;2;0;0.0;0.0
64;2020-12-29;0;0;2;0;0.0;0.0
64;2020-12-30;0;0;2;0;0.0;0.0
64;2020-12-31;0;0;2;0;0.0;0.0
64;2021-01-01;0;0;2;0;0.0;0.0
64;2021-01-02;0;0;2;0;0.0;0.0
64;2021-01-03;0;0;2;0;0.0;0.0
64;2021-01-04;29;0;31;0;0.0;0.0
64;2021-01-05;22;0;53;0;0.0;0.0
64;2021-01-06;187;1;240;1;0.0;0.0
64;2021-01-07;839;0;1079;1;0.2;0.0
64;2021-01-08;879;2;1958;3;0.3;0.0
64;2021-01-09;54;0;2012;3;0.3;0.0
64;2021-01-10;0;0;2012;3;0.3;0.0
64;2021-01-11;538;0;2550;3;0.4;0.0
64;2021-01-12;758;2;3308;5;0.5;0.0
64;2021-01-13;865;2;4173;7;0.6;0.0
64;2021-01-14;1045;3;5218;10;0.8;0.0
64;2021-01-15;928;5;6146;15;0.9;0.0
64;2021-01-16;68;0;6214;15;0.9;0.0
64;2021-01-17;5;0;6219;15;0.9;0.0
64;2021-01-18;942;8;7161;23;1.0;0.0
64;2021-01-19;1441;4;8602;27;1.3;0.0
64;2021-01-20;1616;2;10218;29;1.5;0.0
64;2021-01-21;2601;1;12819;30;1.9;0.0
64;2021-01-22;1645;3;14464;33;2.1;0.0
64;2021-01-23;524;1;14988;34;2.2;0.0
64;2021-01-24;88;0;15076;34;2.2;0.0
64;2021-01-25;968;8;16044;42;2.3;0.0
64;2021-01-26;1354;21;17398;63;2.5;0.0
64;2021-01-27;1240;120;18638;183;2.7;0.0
64;2021-01-28;1648;633;20286;816;3.0;0.1
64;2021-01-29;971;653;21257;1469;3.1;0.2
64;2021-01-30;466;60;21723;1529;3.2;0.2
64;2021-01-31;91;0;21814;1529;3.2;0.2
64;2021-02-01;673;313;22487;1842;3.3;0.3
64;2021-02-02;1131;556;23618;2398;3.5;0.4
64;2021-02-03;1039;631;24657;3029;3.6;0.4
64;2021-02-04;1026;535;25683;3564;3.8;0.5
64;2021-02-05;866;456;26549;4020;3.9;0.6
64;2021-02-06;499;35;27048;4055;4.0;0.6
64;2021-02-07;131;4;27179;4059;4.0;0.6
64;2021-02-08;767;311;27946;4370;4.1;0.6
64;2021-02-09;947;713;28893;5083;4.2;0.7
64;2021-02-10;911;806;29804;5889;4.4;0.9
64;2021-02-11;1199;1481;31003;7370;4.5;1.1
64;2021-02-12;1074;1068;32077;8438;4.7;1.2
64;2021-02-13;224;321;32301;8759;4.7;1.3
64;2021-02-14;36;49;32337;8808;4.7;1.3
64;2021-02-15;221;1130;32558;9938;4.8;1.5
64;2021-02-16;257;1407;32815;11345;4.8;1.7
64;2021-02-17;289;1255;33104;12600;4.8;1.8
64;2021-02-18;506;1717;33610;14317;4.9;2.1
64;2021-02-19;415;1291;34025;15608;5.0;2.3
64;2021-02-20;119;440;34144;16048;5.0;2.3
64;2021-02-21;20;83;34164;16131;5.0;2.4
64;2021-02-22;475;989;34639;17120;5.1;2.5
64;2021-02-23;714;1145;35353;18265;5.2;2.7
64;2021-02-24;729;1016;36082;19281;5.3;2.8
64;2021-02-25;1092;955;37174;20236;5.4;3.0
64;2021-02-26;1214;915;38388;21151;5.6;3.1
64;2021-02-27;864;405;39252;21556;5.7;3.2
64;2021-02-28;41;85;39293;21641;5.8;3.2
64;2021-03-01;761;799;40054;22440;5.9;3.3
64;2021-03-02;1077;916;41131;23356;6.0;3.4
64;2021-03-03;1245;1003;42376;24359;6.2;3.6
64;2021-03-04;1877;1183;44253;25542;6.5;3.7
64;2021-03-05;2191;1067;46444;26609;6.8;3.9
64;2021-03-06;1539;519;47983;27128;7.0;4.0
64;2021-03-07;594;110;48577;27238;7.1;4.0
64;2021-03-08;1531;763;50108;28001;7.3;4.1
64;2021-03-09;2060;845;52168;28846;7.6;4.2
64;2021-03-10;2076;760;54244;29606;7.9;4.3
64;2021-03-11;2968;1073;57212;30679;8.4;4.5
64;2021-03-12;3481;586;60693;31265;8.9;4.6
64;2021-03-13;2254;167;62947;31432;9.2;4.6
64;2021-03-14;231;15;63178;31447;9.2;4.6
64;2021-03-15;2330;227;65508;31674;9.6;4.6
64;2021-03-16;1980;262;67488;31936;9.9;4.7
64;2021-03-17;2063;232;69551;32168;10.2;4.7
64;2021-03-18;2459;201;72010;32369;10.5;4.7
64;2021-03-19;3006;280;75016;32649;11.0;4.8
64;2021-03-20;2462;86;77478;32735;11.3;4.8
64;2021-03-21;1274;24;78752;32759;11.5;4.8
64;2021-03-22;2584;549;81336;33308;11.9;4.9
64;2021-03-23;3194;652;84530;33960;12.4;5.0
64;2021-03-24;3561;696;88091;34656;12.9;5.1
64;2021-03-25;4347;803;92438;35459;13.5;5.2
64;2021-03-26;4416;696;96854;36155;14.2;5.3
64;2021-03-27;2967;421;99821;36576;14.6;5.4
64;2021-03-28;518;54;100339;36630;14.7;5.4
64;2021-03-29;3019;878;103358;37508;15.1;5.5
64;2021-03-30;4129;864;107487;38372;15.7;5.6
64;2021-03-31;3579;778;111066;39150;16.3;5.7
64;2021-04-01;4764;926;115830;40076;17.0;5.9
64;2021-04-02;4436;735;120266;40811;17.6;6.0
64;2021-04-03;2057;581;122323;41392;17.9;6.1
64;2021-04-04;304;49;122627;41441;17.9;6.1
64;2021-04-05;1683;138;124310;41579;18.2;6.1
64;2021-04-06;3653;1385;127963;42964;18.7;6.3
64;2021-04-07;3940;1507;131903;44471;19.3;6.5
64;2021-04-08;5186;1590;137089;46061;20.1;6.7
64;2021-04-09;5878;1617;142967;47678;20.9;7.0
64;2021-04-10;3219;1043;146186;48721;21.4;7.1
64;2021-04-11;442;252;146628;48973;21.5;7.2
64;2021-04-12;4039;1852;150667;50825;22.1;7.4
64;2021-04-13;4458;2151;155125;52976;22.7;7.8
64;2021-04-14;4082;2129;159207;55105;23.3;8.1
64;2021-04-15;4393;2289;163600;57394;23.9;8.4
64;2021-04-16;4285;2254;167885;59648;24.6;8.7
64;2021-04-17;2478;1496;170363;61144;24.9;9.0
64;2021-04-18;1096;1182;171459;62326;25.1;9.1
64;2021-04-19;2725;2440;174184;64766;25.5;9.5
64;2021-04-20;3206;2419;177390;67185;26.0;9.8
64;2021-04-21;3211;2557;180601;69742;26.4;10.2
64;2021-04-22;3384;2772;183985;72514;26.9;10.6
64;2021-04-23;3426;2589;187411;75103;27.4;11.0
64;2021-04-24;2067;1584;189478;76687;27.7;11.2
64;2021-04-25;289;238;189767;76925;27.8;11.3
64;2021-04-26;2657;2649;192424;79574;28.2;11.6
64;2021-04-27;3056;3128;195480;82702;28.6;12.1
64;2021-04-28;3598;3060;199078;85762;29.1;12.6
64;2021-04-29;4645;3444;203723;89206;29.8;13.1
64;2021-04-30;4067;3609;207790;92815;30.4;13.6
64;2021-05-01;1479;1027;209269;93842;30.6;13.7
64;2021-05-02;444;327;209713;94169;30.7;13.8
64;2021-05-03;2907;3488;212620;97657;31.1;14.3
64;2021-05-04;3641;3981;216261;101638;31.7;14.9
64;2021-05-05;3357;4012;219618;105650;32.1;15.5
64;2021-05-06;4108;3982;223726;109632;32.7;16.0
64;2021-05-07;3916;4187;227642;113819;33.3;16.7
64;2021-05-08;2615;1230;230257;115049;33.7;16.8
64;2021-05-09;718;306;230975;115355;33.8;16.9
64;2021-05-10;2860;4233;233835;119588;34.2;17.5
64;2021-05-11;4182;4150;238017;123738;34.8;18.1
64;2021-05-12;4484;3941;242501;127679;35.5;18.7
64;2021-05-13;3197;883;245698;128562;36.0;18.8
64;2021-05-14;5134;3145;250832;131707;36.7;19.3
64;2021-05-15;3524;1865;254356;133572;37.2;19.6
64;2021-05-16;497;225;254853;133797;37.3;19.6
64;2021-05-17;4191;2376;259044;136173;37.9;19.9
64;2021-05-18;5164;2297;264208;138470;38.7;20.3
64;2021-05-19;4976;2159;269184;140629;39.4;20.6
64;2021-05-20;5556;2155;274740;142784;40.2;20.9
64;2021-05-21;5262;2242;280002;145026;41.0;21.2
64;2021-05-22;3575;1505;283577;146531;41.5;21.4
64;2021-05-23;431;207;284008;146738;41.6;21.5
64;2021-05-24;2995;1232;287003;147970;42.0;21.7
64;2021-05-25;4327;2841;291330;150811;42.6;22.1
64;2021-05-26;4346;2712;295676;153523;43.3;22.5
64;2021-05-27;5282;3151;300958;156674;44.1;22.9
64;2021-05-28;4604;3430;305562;160104;44.7;23.4
64;2021-05-29;2805;2115;308367;162219;45.1;23.7
64;2021-05-30;436;204;308803;162423;45.2;23.8
64;2021-05-31;3890;3663;312693;166086;45.8;24.3
64;2021-06-01;5331;3560;318024;169646;46.6;24.8
64;2021-06-02;4934;3169;322958;172815;47.3;25.3
64;2021-06-03;6362;3257;329320;176072;48.2;25.8
64;2021-06-04;5141;4547;334461;180619;49.0;26.4
64;2021-06-05;3482;2521;337943;183140;49.5;26.8
64;2021-06-06;2012;328;339955;183468;49.8;26.9
64;2021-06-07;4123;4319;344078;187787;50.4;27.5
64;2021-06-08;5150;4123;349228;191910;51.1;28.1
64;2021-06-09;5147;3646;354375;195556;51.9;28.6
64;2021-06-10;6171;3132;360546;198688;52.8;29.1
64;2021-06-11;5576;4862;366122;203550;53.6;29.8
64;2021-06-12;3940;2322;370062;205872;54.2;30.1
64;2021-06-13;1554;390;371616;206262;54.4;30.2
64;2021-06-14;3665;4786;375281;211048;54.9;30.9
64;2021-06-15;4571;4700;379852;215748;55.6;31.6
64;2021-06-16;4469;4655;384321;220403;56.3;32.3
64;2021-06-17;3631;4299;387952;224702;56.8;32.9
64;2021-06-18;4414;5167;392366;229869;57.4;33.6
64;2021-06-19;2969;3273;395335;233142;57.9;34.1
64;2021-06-20;877;536;396212;233678;58.0;34.2
64;2021-06-21;2307;5126;398519;238804;58.3;35.0
64;2021-06-22;2550;5725;401069;244529;58.7;35.8
64;2021-06-23;3097;5474;404166;250003;59.2;36.6
64;2021-06-24;2701;3801;406867;253804;59.6;37.2
64;2021-06-25;2870;6428;409737;260232;60.0;38.1
64;2021-06-26;1791;3832;411528;264064;60.2;38.7
64;2021-06-27;490;710;412018;264774;60.3;38.8
64;2021-06-28;1923;6060;413941;270834;60.6;39.6
64;2021-06-29;1936;6262;415877;277096;60.9;40.6
64;2021-06-30;2235;6010;418112;283106;61.2;41.4
64;2021-07-01;2377;5341;420489;288447;61.5;42.2
64;2021-07-02;2287;6401;422776;294848;61.9;43.2
64;2021-07-03;1251;3783;424027;298631;62.1;43.7
64;2021-07-04;407;843;424434;299474;62.1;43.8
64;2021-07-05;1360;5413;425794;304887;62.3;44.6
64;2021-07-06;1971;6152;427765;311039;62.6;45.5
64;2021-07-07;2034;5747;429799;316786;62.9;46.4
64;2021-07-08;1764;4387;431563;321173;63.2;47.0
64;2021-07-09;1802;6528;433365;327701;63.4;48.0
64;2021-07-10;1163;3877;434528;331578;63.6;48.5
64;2021-07-11;250;859;434778;332437;63.6;48.7
64;2021-07-12;1483;6093;436261;338530;63.9;49.6
64;2021-07-13;2324;7244;438585;345774;64.2;50.6
64;2021-07-14;2346;3383;440931;349157;64.5;51.1
64;2021-07-15;2061;5473;442992;354630;64.8;51.9
64;2021-07-16;2805;6765;445797;361395;65.3;52.9
64;2021-07-17;2323;4576;448120;365971;65.6;53.6
64;2021-07-18;703;2048;448823;368019;65.7;53.9
64;2021-07-19;2313;6115;451136;374134;66.0;54.8
64;2021-07-20;3097;6545;454233;380679;66.5;55.7
64;2021-07-21;3309;6034;457542;386713;67.0;56.6
64;2021-07-22;3785;5708;461327;392421;67.5;57.4
64;2021-07-23;3698;5594;465025;398015;68.1;58.3
64;2021-07-24;2529;4418;467554;402433;68.4;58.9
64;2021-07-25;750;1056;468304;403489;68.5;59.1
64;2021-07-26;3060;5112;471364;408601;69.0;59.8
64;2021-07-27;4199;5118;475563;413719;69.6;60.6
64;2021-07-28;4193;4558;479756;418277;70.2;61.2
65;2020-12-27;0;0;0;0;0.0;0.0
65;2020-12-28;0;0;0;0;0.0;0.0
65;2020-12-29;0;0;0;0;0.0;0.0
65;2020-12-30;0;0;0;0;0.0;0.0
65;2020-12-31;0;0;0;0;0.0;0.0
65;2021-01-01;0;0;0;0;0.0;0.0
65;2021-01-02;0;0;0;0;0.0;0.0
65;2021-01-03;0;0;0;0;0.0;0.0
65;2021-01-04;0;0;0;0;0.0;0.0
65;2021-01-05;1;0;1;0;0.0;0.0
65;2021-01-06;3;0;4;0;0.0;0.0
65;2021-01-07;167;0;171;0;0.1;0.0
65;2021-01-08;253;1;424;1;0.2;0.0
65;2021-01-09;175;1;599;2;0.3;0.0
65;2021-01-10;1;0;600;2;0.3;0.0
65;2021-01-11;275;3;875;5;0.4;0.0
65;2021-01-12;270;1;1145;6;0.5;0.0
65;2021-01-13;586;1;1731;7;0.8;0.0
65;2021-01-14;577;4;2308;11;1.0;0.0
65;2021-01-15;528;2;2836;13;1.3;0.0
65;2021-01-16;221;2;3057;15;1.3;0.0
65;2021-01-17;1;0;3058;15;1.3;0.0
65;2021-01-18;549;4;3607;19;1.6;0.0
65;2021-01-19;570;2;4177;21;1.8;0.0
65;2021-01-20;582;2;4759;23;2.1;0.0
65;2021-01-21;582;0;5341;23;2.4;0.0
65;2021-01-22;596;0;5937;23;2.6;0.0
65;2021-01-23;174;1;6111;24;2.7;0.0
65;2021-01-24;3;1;6114;25;2.7;0.0
65;2021-01-25;550;3;6664;28;2.9;0.0
65;2021-01-26;879;2;7543;30;3.3;0.0
65;2021-01-27;587;12;8130;42;3.6;0.0
65;2021-01-28;501;71;8631;113;3.8;0.0
65;2021-01-29;426;138;9057;251;4.0;0.1
65;2021-01-30;183;74;9240;325;4.1;0.1
65;2021-01-31;15;0;9255;325;4.1;0.1
65;2021-02-01;319;90;9574;415;4.2;0.2
65;2021-02-02;418;195;9992;610;4.4;0.3
65;2021-02-03;463;245;10455;855;4.6;0.4
65;2021-02-04;307;333;10762;1188;4.7;0.5
65;2021-02-05;282;362;11044;1550;4.9;0.7
65;2021-02-06;99;103;11143;1653;4.9;0.7
65;2021-02-07;10;0;11153;1653;4.9;0.7
65;2021-02-08;424;223;11577;1876;5.1;0.8
65;2021-02-09;271;379;11848;2255;5.2;1.0
65;2021-02-10;296;272;12144;2527;5.4;1.1
65;2021-02-11;320;273;12464;2800;5.5;1.2
65;2021-02-12;276;232;12740;3032;5.6;1.3
65;2021-02-13;124;97;12864;3129;5.7;1.4
65;2021-02-14;2;16;12866;3145;5.7;1.4
65;2021-02-15;201;414;13067;3559;5.8;1.6
65;2021-02-16;487;582;13554;4141;6.0;1.8
65;2021-02-17;229;500;13783;4641;6.1;2.0
65;2021-02-18;284;586;14067;5227;6.2;2.3
65;2021-02-19;154;479;14221;5706;6.3;2.5
65;2021-02-20;53;158;14274;5864;6.3;2.6
65;2021-02-21;2;48;14276;5912;6.3;2.6
65;2021-02-22;166;539;14442;6451;6.4;2.8
65;2021-02-23;247;529;14689;6980;6.5;3.1
65;2021-02-24;232;637;14921;7617;6.6;3.4
65;2021-02-25;211;178;15132;7795;6.7;3.4
65;2021-02-26;350;777;15482;8572;6.8;3.8
65;2021-02-27;107;202;15589;8774;6.9;3.9
65;2021-02-28;1;0;15590;8774;6.9;3.9
65;2021-03-01;375;375;15965;9149;7.0;4.0
65;2021-03-02;452;361;16417;9510;7.2;4.2
65;2021-03-03;380;390;16797;9900;7.4;4.4
65;2021-03-04;695;329;17492;10229;7.7;4.5
65;2021-03-05;674;284;18166;10513;8.0;4.6
65;2021-03-06;1183;82;19349;10595;8.5;4.7
65;2021-03-07;257;9;19606;10604;8.6;4.7
65;2021-03-08;410;344;20016;10948;8.8;4.8
65;2021-03-09;666;322;20682;11270;9.1;5.0
65;2021-03-10;625;370;21307;11640;9.4;5.1
65;2021-03-11;781;352;22088;11992;9.7;5.3
65;2021-03-12;1057;188;23145;12180;10.2;5.4
65;2021-03-13;353;92;23498;12272;10.4;5.4
65;2021-03-14;3;31;23501;12303;10.4;5.4
65;2021-03-15;813;183;24314;12486;10.7;5.5
65;2021-03-16;692;217;25006;12703;11.0;5.6
65;2021-03-17;709;206;25715;12909;11.3;5.7
65;2021-03-18;530;233;26245;13142;11.6;5.8
65;2021-03-19;877;161;27122;13303;12.0;5.9
65;2021-03-20;244;45;27366;13348;12.1;5.9
65;2021-03-21;8;2;27374;13350;12.1;5.9
65;2021-03-22;732;153;28106;13503;12.4;6.0
65;2021-03-23;834;366;28940;13869;12.8;6.1
65;2021-03-24;868;252;29808;14121;13.1;6.2
65;2021-03-25;1250;192;31058;14313;13.7;6.3
65;2021-03-26;1220;137;32278;14450;14.2;6.4
65;2021-03-27;1357;77;33635;14527;14.8;6.4
65;2021-03-28;1;2;33636;14529;14.8;6.4
65;2021-03-29;1488;357;35124;14886;15.5;6.6
65;2021-03-30;1354;401;36478;15287;16.1;6.7
65;2021-03-31;1204;368;37682;15655;16.6;6.9
65;2021-04-01;1509;394;39191;16049;17.3;7.1
65;2021-04-02;1681;287;40872;16336;18.0;7.2
65;2021-04-03;247;42;41119;16378;18.1;7.2
65;2021-04-04;4;2;41123;16380;18.1;7.2
65;2021-04-05;157;44;41280;16424;18.2;7.2
65;2021-04-06;1286;489;42566;16913;18.8;7.5
65;2021-04-07;1953;445;44519;17358;19.6;7.7
65;2021-04-08;1632;411;46151;17769;20.3;7.8
65;2021-04-09;1643;468;47794;18237;21.1;8.0
65;2021-04-10;1588;143;49382;18380;21.8;8.1
65;2021-04-11;3;0;49385;18380;21.8;8.1
65;2021-04-12;1348;735;50733;19115;22.4;8.4
65;2021-04-13;1575;591;52308;19706;23.1;8.7
65;2021-04-14;1904;736;54212;20442;23.9;9.0
65;2021-04-15;1698;661;55910;21103;24.6;9.3
65;2021-04-16;1825;525;57735;21628;25.5;9.5
65;2021-04-17;2153;123;59888;21751;26.4;9.6
65;2021-04-18;6;27;59894;21778;26.4;9.6
65;2021-04-19;1338;775;61232;22553;27.0;9.9
65;2021-04-20;1525;703;62757;23256;27.7;10.3
65;2021-04-21;1045;1048;63802;24304;28.1;10.7
65;2021-04-22;1644;723;65446;25027;28.9;11.0
65;2021-04-23;1160;1144;66606;26171;29.4;11.5
65;2021-04-24;1260;601;67866;26772;29.9;11.8
65;2021-04-25;31;15;67897;26787;29.9;11.8
65;2021-04-26;1603;1294;69500;28081;30.6;12.4
65;2021-04-27;1423;1335;70923;29416;31.3;13.0
65;2021-04-28;1729;1023;72652;30439;32.0;13.4
65;2021-04-29;1961;1024;74613;31463;32.9;13.9
65;2021-04-30;1779;924;76392;32387;33.7;14.3
65;2021-05-01;1572;216;77964;32603;34.4;14.4
65;2021-05-02;670;21;78634;32624;34.7;14.4
65;2021-05-03;1282;1618;79916;34242;35.2;15.1
65;2021-05-04;1538;1240;81454;35482;35.9;15.6
65;2021-05-05;1372;1643;82826;37125;36.5;16.4
65;2021-05-06;1551;1179;84377;38304;37.2;16.9
65;2021-05-07;1270;1568;85647;39872;37.8;17.6
65;2021-05-08;1649;438;87296;40310;38.5;17.8
65;2021-05-09;0;90;87296;40400;38.5;17.8
65;2021-05-10;951;1882;88247;42282;38.9;18.6
65;2021-05-11;1058;1810;89305;44092;39.4;19.4
65;2021-05-12;1233;1635;90538;45727;39.9;20.2
65;2021-05-13;1341;166;91879;45893;40.5;20.2
65;2021-05-14;1576;1095;93455;46988;41.2;20.7
65;2021-05-15;1400;504;94855;47492;41.8;20.9
65;2021-05-16;1445;70;96300;47562;42.5;21.0
65;2021-05-17;1037;1614;97337;49176;42.9;21.7
65;2021-05-18;1610;1202;98947;50378;43.6;22.2
65;2021-05-19;1685;1005;100632;51383;44.4;22.7
65;2021-05-20;1844;1046;102476;52429;45.2;23.1
65;2021-05-21;1793;1233;104269;53662;46.0;23.7
65;2021-05-22;1286;637;105555;54299;46.5;23.9
65;2021-05-23;689;32;106244;54331;46.8;24.0
65;2021-05-24;703;77;106947;54408;47.1;24.0
65;2021-05-25;1354;1543;108301;55951;47.7;24.7
65;2021-05-26;1470;1354;109771;57305;48.4;25.3
65;2021-05-27;1618;1454;111389;58759;49.1;25.9
65;2021-05-28;1598;1672;112987;60431;49.8;26.6
65;2021-05-29;1183;1510;114170;61941;50.3;27.3
65;2021-05-30;6;10;114176;61951;50.3;27.3
65;2021-05-31;1321;1298;115497;63249;50.9;27.9
65;2021-06-01;1829;931;117326;64180;51.7;28.3
65;2021-06-02;1572;948;118898;65128;52.4;28.7
65;2021-06-03;1339;1102;120237;66230;53.0;29.2
65;2021-06-04;1787;1562;122024;67792;53.8;29.9
65;2021-06-05;433;1239;122457;69031;54.0;30.4
65;2021-06-06;3;13;122460;69044;54.0;30.4
65;2021-06-07;672;1984;123132;71028;54.3;31.3
65;2021-06-08;953;1536;124085;72564;54.7;32.0
65;2021-06-09;823;1549;124908;74113;55.1;32.7
65;2021-06-10;738;1156;125646;75269;55.4;33.2
65;2021-06-11;911;1809;126557;77078;55.8;34.0
65;2021-06-12;150;639;126707;77717;55.9;34.3
65;2021-06-13;5;7;126712;77724;55.9;34.3
65;2021-06-14;505;2422;127217;80146;56.1;35.3
65;2021-06-15;938;1806;128155;81952;56.5;36.1
65;2021-06-16;1057;1370;129212;83322;57.0;36.7
65;2021-06-17;812;1046;130024;84368;57.3;37.2
65;2021-06-18;985;1628;131009;85996;57.8;37.9
65;2021-06-19;686;1687;131695;87683;58.1;38.7
65;2021-06-20;1;2;131696;87685;58.1;38.7
65;2021-06-21;740;1937;132436;89622;58.4;39.5
65;2021-06-22;1035;1478;133471;91100;58.8;40.2
65;2021-06-23;1059;1234;134530;92334;59.3;40.7
65;2021-06-24;953;1140;135483;93474;59.7;41.2
65;2021-06-25;821;1964;136304;95438;60.1;42.1
65;2021-06-26;169;1658;136473;97096;60.2;42.8
65;2021-06-27;15;1101;136488;98197;60.2;43.3
65;2021-06-28;443;2303;136931;100500;60.4;44.3
65;2021-06-29;682;1911;137613;102411;60.7;45.1
65;2021-06-30;927;1681;138540;104092;61.1;45.9
65;2021-07-01;593;744;139133;104836;61.3;46.2
65;2021-07-02;1152;1730;140285;106566;61.8;47.0
65;2021-07-03;185;1915;140470;108481;61.9;47.8
65;2021-07-04;411;181;140881;108662;62.1;47.9
65;2021-07-05;634;1992;141515;110654;62.4;48.8
65;2021-07-06;890;2124;142405;112778;62.8;49.7
65;2021-07-07;950;1510;143355;114288;63.2;50.4
65;2021-07-08;313;662;143668;114950;63.3;50.7
65;2021-07-09;539;1594;144207;116544;63.6;51.4
65;2021-07-10;287;956;144494;117500;63.7;51.8
65;2021-07-11;0;0;144494;117500;63.7;51.8
65;2021-07-12;467;2222;144961;119722;63.9;52.8
65;2021-07-13;679;2146;145640;121868;64.2;53.7
65;2021-07-14;207;49;145847;121917;64.3;53.7
65;2021-07-15;1018;1660;146865;123577;64.7;54.5
65;2021-07-16;1166;1874;148031;125451;65.3;55.3
65;2021-07-17;406;538;148437;125989;65.4;55.5
65;2021-07-18;22;12;148459;126001;65.4;55.5
65;2021-07-19;620;1491;149079;127492;65.7;56.2
65;2021-07-20;1409;1687;150488;129179;66.3;56.9
65;2021-07-21;1373;1646;151861;130825;66.9;57.7
65;2021-07-22;2129;1262;153990;132087;67.9;58.2
65;2021-07-23;1568;1781;155558;133868;68.6;59.0
65;2021-07-24;1026;646;156584;134514;69.0;59.3
65;2021-07-25;20;21;156604;134535;69.0;59.3
65;2021-07-26;1107;1240;157711;135775;69.5;59.9
65;2021-07-27;1748;1947;159459;137722;70.3;60.7
65;2021-07-28;1546;1307;161005;139029;71.0;61.3
66;2020-12-27;0;0;0;0;0.0;0.0
66;2020-12-28;2;0;2;0;0.0;0.0
66;2020-12-29;0;0;2;0;0.0;0.0
66;2020-12-30;0;0;2;0;0.0;0.0
66;2020-12-31;1;0;3;0;0.0;0.0
66;2021-01-01;0;0;3;0;0.0;0.0
66;2021-01-02;0;0;3;0;0.0;0.0
66;2021-01-03;0;0;3;0;0.0;0.0
66;2021-01-04;30;0;33;0;0.0;0.0
66;2021-01-05;135;0;168;0;0.0;0.0
66;2021-01-06;195;0;363;0;0.1;0.0
66;2021-01-07;180;0;543;0;0.1;0.0
66;2021-01-08;212;0;755;0;0.2;0.0
66;2021-01-09;231;0;986;0;0.2;0.0
66;2021-01-10;11;0;997;0;0.2;0.0
66;2021-01-11;404;2;1401;2;0.3;0.0
66;2021-01-12;586;2;1987;4;0.4;0.0
66;2021-01-13;877;4;2864;8;0.6;0.0
66;2021-01-14;891;11;3755;19;0.8;0.0
66;2021-01-15;584;1;4339;20;0.9;0.0
66;2021-01-16;106;2;4445;22;0.9;0.0
66;2021-01-17;46;1;4491;23;0.9;0.0
66;2021-01-18;654;2;5145;25;1.1;0.0
66;2021-01-19;713;3;5858;28;1.2;0.0
66;2021-01-20;1168;3;7026;31;1.5;0.0
66;2021-01-21;2402;3;9428;34;2.0;0.0
66;2021-01-22;1435;8;10863;42;2.3;0.0
66;2021-01-23;399;3;11262;45;2.4;0.0
66;2021-01-24;226;9;11488;54;2.4;0.0
66;2021-01-25;737;43;12225;97;2.6;0.0
66;2021-01-26;785;68;13010;165;2.7;0.0
66;2021-01-27;864;104;13874;269;2.9;0.1
66;2021-01-28;869;128;14743;397;3.1;0.1
66;2021-01-29;816;126;15559;523;3.2;0.1
66;2021-01-30;480;71;16039;594;3.3;0.1
66;2021-01-31;202;27;16241;621;3.4;0.1
66;2021-02-01;562;190;16803;811;3.5;0.2
66;2021-02-02;618;293;17421;1104;3.6;0.2
66;2021-02-03;736;630;18157;1734;3.8;0.4
66;2021-02-04;688;621;18845;2355;3.9;0.5
66;2021-02-05;775;417;19620;2772;4.1;0.6
66;2021-02-06;413;148;20033;2920;4.2;0.6
66;2021-02-07;169;139;20202;3059;4.2;0.6
66;2021-02-08;500;395;20702;3454;4.3;0.7
66;2021-02-09;529;401;21231;3855;4.4;0.8
66;2021-02-10;614;774;21845;4629;4.6;1.0
66;2021-02-11;1105;1574;22950;6203;4.8;1.3
66;2021-02-12;1120;1202;24070;7405;5.0;1.5
66;2021-02-13;366;307;24436;7712;5.1;1.6
66;2021-02-14;111;199;24547;7911;5.1;1.7
66;2021-02-15;424;701;24971;8612;5.2;1.8
66;2021-02-16;303;792;25274;9404;5.3;2.0
66;2021-02-17;377;703;25651;10107;5.4;2.1
66;2021-02-18;366;779;26017;10886;5.4;2.3
66;2021-02-19;400;705;26417;11591;5.5;2.4
66;2021-02-20;184;414;26601;12005;5.6;2.5
66;2021-02-21;40;173;26641;12178;5.6;2.5
66;2021-02-22;415;646;27056;12824;5.6;2.7
66;2021-02-23;508;660;27564;13484;5.8;2.8
66;2021-02-24;340;752;27904;14236;5.8;3.0
66;2021-02-25;718;717;28622;14953;6.0;3.1
66;2021-02-26;951;748;29573;15701;6.2;3.3
66;2021-02-27;363;433;29936;16134;6.2;3.4
66;2021-02-28;59;173;29995;16307;6.3;3.4
66;2021-03-01;378;655;30373;16962;6.3;3.5
66;2021-03-02;332;657;30705;17619;6.4;3.7
66;2021-03-03;524;643;31229;18262;6.5;3.8
66;2021-03-04;987;1053;32216;19315;6.7;4.0
66;2021-03-05;1525;791;33741;20106;7.0;4.2
66;2021-03-06;1145;342;34886;20448;7.3;4.3
66;2021-03-07;1096;96;35982;20544;7.5;4.3
66;2021-03-08;694;545;36676;21089;7.7;4.4
66;2021-03-09;1220;595;37896;21684;7.9;4.5
66;2021-03-10;1300;499;39196;22183;8.2;4.6
66;2021-03-11;1473;595;40669;22778;8.5;4.8
66;2021-03-12;2393;578;43062;23356;9.0;4.9
66;2021-03-13;1081;306;44143;23662;9.2;4.9
66;2021-03-14;190;85;44333;23747;9.3;5.0
66;2021-03-15;1108;393;45441;24140;9.5;5.0
66;2021-03-16;952;260;46393;24400;9.7;5.1
66;2021-03-17;866;395;47259;24795;9.9;5.2
66;2021-03-18;967;343;48226;25138;10.1;5.2
66;2021-03-19;1292;315;49518;25453;10.3;5.3
66;2021-03-20;836;121;50354;25574;10.5;5.3
66;2021-03-21;185;44;50539;25618;10.6;5.3
66;2021-03-22;1105;397;51644;26015;10.8;5.4
66;2021-03-23;1754;389;53398;26404;11.1;5.5
66;2021-03-24;1789;513;55187;26917;11.5;5.6
66;2021-03-25;2528;464;57715;27381;12.0;5.7
66;2021-03-26;2576;356;60291;27737;12.6;5.8
66;2021-03-27;1206;293;61497;28030;12.8;5.9
66;2021-03-28;320;3;61817;28033;12.9;5.9
66;2021-03-29;1824;254;63641;28287;13.3;5.9
66;2021-03-30;2234;170;65875;28457;13.8;5.9
66;2021-03-31;1984;249;67859;28706;14.2;6.0
66;2021-04-01;2669;301;70528;29007;14.7;6.1
66;2021-04-02;2415;253;72943;29260;15.2;6.1
66;2021-04-03;1148;334;74091;29594;15.5;6.2
66;2021-04-04;105;126;74196;29720;15.5;6.2
66;2021-04-05;194;141;74390;29861;15.5;6.2
66;2021-04-06;1329;651;75719;30512;15.8;6.4
66;2021-04-07;1395;593;77114;31105;16.1;6.5
66;2021-04-08;2066;546;79180;31651;16.5;6.6
66;2021-04-09;3472;653;82652;32304;17.3;6.7
66;2021-04-10;2305;517;84957;32821;17.7;6.9
66;2021-04-11;1200;166;86157;32987;18.0;6.9
66;2021-04-12;2699;1021;88856;34008;18.6;7.1
66;2021-04-13;3608;1057;92464;35065;19.3;7.3
66;2021-04-14;3288;920;95752;35985;20.0;7.5
66;2021-04-15;3547;1046;99299;37031;20.7;7.7
66;2021-04-16;3591;1031;102890;38062;21.5;7.9
66;2021-04-17;2261;586;105151;38648;22.0;8.1
66;2021-04-18;1445;130;106596;38778;22.3;8.1
66;2021-04-19;2256;1121;108852;39899;22.7;8.3
66;2021-04-20;2370;1079;111222;40978;23.2;8.6
66;2021-04-21;2866;1180;114088;42158;23.8;8.8
66;2021-04-22;2655;1229;116743;43387;24.4;9.1
66;2021-04-23;2376;1231;119119;44618;24.9;9.3
66;2021-04-24;2743;873;121862;45491;25.4;9.5
66;2021-04-25;1207;267;123069;45758;25.7;9.6
66;2021-04-26;1995;1253;125064;47011;26.1;9.8
66;2021-04-27;2747;1297;127811;48308;26.7;10.1
66;2021-04-28;2416;1662;130227;49970;27.2;10.4
66;2021-04-29;2698;2122;132925;52092;27.8;10.9
66;2021-04-30;3055;1557;135980;53649;28.4;11.2
66;2021-05-01;2000;469;137980;54118;28.8;11.3
66;2021-05-02;1528;262;139508;54380;29.1;11.4
66;2021-05-03;2938;1109;142446;55489;29.7;11.6
66;2021-05-04;3170;1341;145616;56830;30.4;11.9
66;2021-05-05;3052;1535;148668;58365;31.0;12.2
66;2021-05-06;3758;2073;152426;60438;31.8;12.6
66;2021-05-07;2965;3083;155391;63521;32.4;13.3
66;2021-05-08;1728;1170;157119;64691;32.8;13.5
66;2021-05-09;886;1374;158005;66065;33.0;13.8
66;2021-05-10;1803;2975;159808;69040;33.4;14.4
66;2021-05-11;2739;3121;162547;72161;33.9;15.1
66;2021-05-12;2428;2567;164975;74728;34.4;15.6
66;2021-05-13;2254;1381;167229;76109;34.9;15.9
66;2021-05-14;2772;2116;170001;78225;35.5;16.3
66;2021-05-15;2328;1577;172329;79802;36.0;16.7
66;2021-05-16;2286;1251;174615;81053;36.5;16.9
66;2021-05-17;2047;1823;176662;82876;36.9;17.3
66;2021-05-18;3237;1808;179899;84684;37.6;17.7
66;2021-05-19;2876;1336;182775;86020;38.2;18.0
66;2021-05-20;4376;1441;187151;87461;39.1;18.3
66;2021-05-21;3269;1459;190420;88920;39.8;18.6
66;2021-05-22;3065;767;193485;89687;40.4;18.7
66;2021-05-23;1508;236;194993;89923;40.7;18.8
66;2021-05-24;1954;425;196947;90348;41.1;18.9
66;2021-05-25;2792;1688;199739;92036;41.7;19.2
66;2021-05-26;2782;1492;202521;93528;42.3;19.5
66;2021-05-27;3381;2251;205902;95779;43.0;20.0
66;2021-05-28;2680;3049;208582;98828;43.5;20.6
66;2021-05-29;2146;1519;210728;100347;44.0;20.9
66;2021-05-30;784;989;211512;101336;44.2;21.2
66;2021-05-31;2119;1787;213631;103123;44.6;21.5
66;2021-06-01;2623;2002;216254;105125;45.1;21.9
66;2021-06-02;2803;2337;219057;107462;45.7;22.4
66;2021-06-03;2472;2975;221529;110437;46.2;23.1
66;2021-06-04;1851;3350;223380;113787;46.6;23.8
66;2021-06-05;1407;2600;224787;116387;46.9;24.3
66;2021-06-06;291;1224;225078;117611;47.0;24.6
66;2021-06-07;1331;2957;226409;120568;47.3;25.2
66;2021-06-08;1737;3018;228146;123586;47.6;25.8
66;2021-06-09;2066;2785;230212;126371;48.1;26.4
66;2021-06-10;2073;2951;232285;129322;48.5;27.0
66;2021-06-11;2093;3866;234378;133188;48.9;27.8
66;2021-06-12;867;2410;235245;135598;49.1;28.3
66;2021-06-13;515;1333;235760;136931;49.2;28.6
66;2021-06-14;1360;3492;237120;140423;49.5;29.3
66;2021-06-15;2125;3569;239245;143992;49.9;30.1
66;2021-06-16;1784;3566;241029;147558;50.3;30.8
66;2021-06-17;2427;3601;243456;151159;50.8;31.6
66;2021-06-18;2223;3822;245679;154981;51.3;32.4
66;2021-06-19;1538;2316;247217;157297;51.6;32.8
66;2021-06-20;989;1257;248206;158554;51.8;33.1
66;2021-06-21;1159;2877;249365;161431;52.1;33.7
66;2021-06-22;1501;3762;250866;165193;52.4;34.5
66;2021-06-23;1319;3023;252185;168216;52.6;35.1
66;2021-06-24;1506;3230;253691;171446;53.0;35.8
66;2021-06-25;1392;3531;255083;174977;53.3;36.5
66;2021-06-26;962;2680;256045;177657;53.5;37.1
66;2021-06-27;677;1556;256722;179213;53.6;37.4
66;2021-06-28;977;2976;257699;182189;53.8;38.0
66;2021-06-29;1137;3792;258836;185981;54.0;38.8
66;2021-06-30;1269;3294;260105;189275;54.3;39.5
66;2021-07-01;1341;4044;261446;193319;54.6;40.4
66;2021-07-02;1290;3605;262736;196924;54.9;41.1
66;2021-07-03;1147;3900;263883;200824;55.1;41.9
66;2021-07-04;710;1789;264593;202613;55.2;42.3
66;2021-07-05;1082;3000;265675;205613;55.5;42.9
66;2021-07-06;1362;3783;267037;209396;55.7;43.7
66;2021-07-07;1374;3251;268411;212647;56.0;44.4
66;2021-07-08;1253;3375;269664;216022;56.3;45.1
66;2021-07-09;1406;3458;271070;219480;56.6;45.8
66;2021-07-10;998;2404;272068;221884;56.8;46.3
66;2021-07-11;537;1538;272605;223422;56.9;46.6
66;2021-07-12;980;3636;273585;227058;57.1;47.4
66;2021-07-13;2109;4261;275694;231319;57.6;48.3
66;2021-07-14;1935;1219;277629;232538;58.0;48.5
66;2021-07-15;2753;3093;280382;235631;58.5;49.2
66;2021-07-16;3291;3170;283673;238801;59.2;49.9
66;2021-07-17;2102;2024;285775;240825;59.7;50.3
66;2021-07-18;1193;1055;286968;241880;59.9;50.5
66;2021-07-19;2773;3064;289741;244944;60.5;51.1
66;2021-07-20;3625;2854;293366;247798;61.2;51.7
66;2021-07-21;3942;2919;297308;250717;62.1;52.3
66;2021-07-22;3817;2785;301125;253502;62.9;52.9
66;2021-07-23;3849;3008;304974;256510;63.7;53.6
66;2021-07-24;2579;1904;307553;258414;64.2;53.9
66;2021-07-25;2013;1231;309566;259645;64.6;54.2
66;2021-07-26;2760;2615;312326;262260;65.2;54.8
66;2021-07-27;3166;2853;315492;265113;65.9;55.3
66;2021-07-28;3293;2544;318785;267657;66.6;55.9
67;2020-12-27;2;0;2;0;0.0;0.0
67;2020-12-28;2;0;4;0;0.0;0.0
67;2020-12-29;0;0;4;0;0.0;0.0
67;2020-12-30;0;0;4;0;0.0;0.0
67;2020-12-31;0;0;4;0;0.0;0.0
67;2021-01-01;2;0;6;0;0.0;0.0
67;2021-01-02;1;0;7;0;0.0;0.0
67;2021-01-03;1;0;8;0;0.0;0.0
67;2021-01-04;41;0;49;0;0.0;0.0
67;2021-01-05;166;0;215;0;0.0;0.0
67;2021-01-06;121;0;336;0;0.0;0.0
67;2021-01-07;235;1;571;1;0.1;0.0
67;2021-01-08;232;1;803;2;0.1;0.0
67;2021-01-09;113;1;916;3;0.1;0.0
67;2021-01-10;66;0;982;3;0.1;0.0
67;2021-01-11;182;1;1164;4;0.1;0.0
67;2021-01-12;511;1;1675;5;0.1;0.0
67;2021-01-13;651;2;2326;7;0.2;0.0
67;2021-01-14;1072;7;3398;14;0.3;0.0
67;2021-01-15;936;8;4334;22;0.4;0.0
67;2021-01-16;196;3;4530;25;0.4;0.0
67;2021-01-17;98;0;4628;25;0.4;0.0
67;2021-01-18;891;2;5519;27;0.5;0.0
67;2021-01-19;1422;5;6941;32;0.6;0.0
67;2021-01-20;1848;12;8789;44;0.8;0.0
67;2021-01-21;2199;8;10988;52;1.0;0.0
67;2021-01-22;1987;5;12975;57;1.1;0.0
67;2021-01-23;811;3;13786;60;1.2;0.0
67;2021-01-24;380;1;14166;61;1.3;0.0
67;2021-01-25;525;32;14691;93;1.3;0.0
67;2021-01-26;157;108;14848;201;1.3;0.0
67;2021-01-27;1391;90;16239;291;1.4;0.0
67;2021-01-28;3047;226;19286;517;1.7;0.0
67;2021-01-29;2024;156;21310;673;1.9;0.1
67;2021-01-30;1094;83;22404;756;2.0;0.1
67;2021-01-31;1159;30;23563;786;2.1;0.1
67;2021-02-01;3388;247;26951;1033;2.4;0.1
67;2021-02-02;2685;427;29636;1460;2.6;0.1
67;2021-02-03;1568;404;31204;1864;2.8;0.2
67;2021-02-04;1192;764;32396;2628;2.9;0.2
67;2021-02-05;1193;646;33589;3274;3.0;0.3
67;2021-02-06;788;148;34377;3422;3.0;0.3
67;2021-02-07;289;44;34666;3466;3.1;0.3
67;2021-02-08;837;452;35503;3918;3.1;0.3
67;2021-02-09;955;742;36458;4660;3.2;0.4
67;2021-02-10;928;796;37386;5456;3.3;0.5
67;2021-02-11;1147;1131;38533;6587;3.4;0.6
67;2021-02-12;1242;778;39775;7365;3.5;0.7
67;2021-02-13;765;281;40540;7646;3.6;0.7
67;2021-02-14;243;95;40783;7741;3.6;0.7
67;2021-02-15;778;838;41561;8579;3.7;0.8
67;2021-02-16;925;1149;42486;9728;3.8;0.9
67;2021-02-17;782;1198;43268;10926;3.8;1.0
67;2021-02-18;1397;2568;44665;13494;3.9;1.2
67;2021-02-19;1371;2126;46036;15620;4.1;1.4
67;2021-02-20;626;912;46662;16532;4.1;1.5
67;2021-02-21;208;1197;46870;17729;4.1;1.6
67;2021-02-22;1400;2174;48270;19903;4.3;1.8
67;2021-02-23;1456;1582;49726;21485;4.4;1.9
67;2021-02-24;1432;1067;51158;22552;4.5;2.0
67;2021-02-25;1613;1496;52771;24048;4.7;2.1
67;2021-02-26;2218;1411;54989;25459;4.9;2.2
67;2021-02-27;1254;786;56243;26245;5.0;2.3
67;2021-02-28;145;364;56388;26609;5.0;2.3
67;2021-03-01;635;1008;57023;27617;5.0;2.4
67;2021-03-02;888;1198;57911;28815;5.1;2.5
67;2021-03-03;1408;1287;59319;30102;5.2;2.7
67;2021-03-04;1955;1057;61274;31159;5.4;2.8
67;2021-03-05;3250;1111;64524;32270;5.7;2.8
67;2021-03-06;2331;772;66855;33042;5.9;2.9
67;2021-03-07;465;281;67320;33323;5.9;2.9
67;2021-03-08;1183;794;68503;34117;6.0;3.0
67;2021-03-09;2214;899;70717;35016;6.2;3.1
67;2021-03-10;2440;1188;73157;36204;6.5;3.2
67;2021-03-11;3203;1348;76360;37552;6.7;3.3
67;2021-03-12;5244;1363;81604;38915;7.2;3.4
67;2021-03-13;3995;882;85599;39797;7.6;3.5
67;2021-03-14;483;385;86082;40182;7.6;3.5
67;2021-03-15;2188;1152;88270;41334;7.8;3.6
67;2021-03-16;1543;1233;89813;42567;7.9;3.8
67;2021-03-17;2060;919;91873;43486;8.1;3.8
67;2021-03-18;2383;723;94256;44209;8.3;3.9
67;2021-03-19;3667;743;97923;44952;8.6;4.0
67;2021-03-20;3065;500;100988;45452;8.9;4.0
67;2021-03-21;330;13;101318;45465;8.9;4.0
67;2021-03-22;2326;771;103644;46236;9.2;4.1
67;2021-03-23;3394;759;107038;46995;9.5;4.1
67;2021-03-24;3900;804;110938;47799;9.8;4.2
67;2021-03-25;5310;523;116248;48322;10.3;4.3
67;2021-03-26;6865;462;123113;48784;10.9;4.3
67;2021-03-27;3920;330;127033;49114;11.2;4.3
67;2021-03-28;576;98;127609;49212;11.3;4.3
67;2021-03-29;3809;426;131418;49638;11.6;4.4
67;2021-03-30;4828;662;136246;50300;12.0;4.4
67;2021-03-31;4839;682;141085;50982;12.5;4.5
67;2021-04-01;5135;908;146220;51890;12.9;4.6
67;2021-04-02;998;168;147218;52058;13.0;4.6
67;2021-04-03;1689;284;148907;52342;13.1;4.6
67;2021-04-04;326;5;149233;52347;13.2;4.6
67;2021-04-05;364;3;149597;52350;13.2;4.6
67;2021-04-06;3470;1168;153067;53518;13.5;4.7
67;2021-04-07;4530;1268;157597;54786;13.9;4.8
67;2021-04-08;5646;1391;163243;56177;14.4;5.0
67;2021-04-09;7102;1314;170345;57491;15.0;5.1
67;2021-04-10;4326;880;174671;58371;15.4;5.2
67;2021-04-11;855;424;175526;58795;15.5;5.2
67;2021-04-12;3877;1398;179403;60193;15.8;5.3
67;2021-04-13;4889;1570;184292;61763;16.3;5.5
67;2021-04-14;5232;1892;189524;63655;16.7;5.6
67;2021-04-15;6062;2097;195586;65752;17.3;5.8
67;2021-04-16;7830;2395;203416;68147;18.0;6.0
67;2021-04-17;4003;1574;207419;69721;18.3;6.2
67;2021-04-18;1113;643;208532;70364;18.4;6.2
67;2021-04-19;3626;2140;212158;72504;18.7;6.4
67;2021-04-20;4253;1918;216411;74422;19.1;6.6
67;2021-04-21;4067;2510;220478;76932;19.5;6.8
67;2021-04-22;4473;2902;224951;79834;19.9;7.0
67;2021-04-23;5234;2987;230185;82821;20.3;7.3
67;2021-04-24;3097;2009;233282;84830;20.6;7.5
67;2021-04-25;1026;446;234308;85276;20.7;7.5
67;2021-04-26;3183;2612;237491;87888;21.0;7.8
67;2021-04-27;4021;2920;241512;90808;21.3;8.0
67;2021-04-28;4246;3411;245758;94219;21.7;8.3
67;2021-04-29;5121;3512;250879;97731;22.2;8.6
67;2021-04-30;7172;2469;258051;100200;22.8;8.8
67;2021-05-01;2680;781;260731;100981;23.0;8.9
67;2021-05-02;2180;671;262911;101652;23.2;9.0
67;2021-05-03;5557;2613;268468;104265;23.7;9.2
67;2021-05-04;5847;3607;274315;107872;24.2;9.5
67;2021-05-05;5207;4195;279522;112067;24.7;9.9
67;2021-05-06;6706;4908;286228;116975;25.3;10.3
67;2021-05-07;6423;6911;292651;123886;25.8;10.9
67;2021-05-08;3558;1018;296209;124904;26.2;11.0
67;2021-05-09;3367;598;299576;125502;26.5;11.1
67;2021-05-10;4693;4528;304269;130030;26.9;11.5
67;2021-05-11;5647;4927;309916;134957;27.4;11.9
67;2021-05-12;6586;4831;316502;139788;27.9;12.3
67;2021-05-13;7302;1698;323804;141486;28.6;12.5
67;2021-05-14;8880;5370;332684;146856;29.4;13.0
67;2021-05-15;8186;3650;340870;150506;30.1;13.3
67;2021-05-16;6171;972;347041;151478;30.6;13.4
67;2021-05-17;5687;3907;352728;155385;31.1;13.7
67;2021-05-18;6897;3977;359625;159362;31.8;14.1
67;2021-05-19;7373;4158;366998;163520;32.4;14.4
67;2021-05-20;8686;4216;375684;167736;33.2;14.8
67;2021-05-21;8159;5844;383843;173580;33.9;15.3
67;2021-05-22;5935;3428;389778;177008;34.4;15.6
67;2021-05-23;2655;591;392433;177599;34.6;15.7
67;2021-05-24;4416;860;396849;178459;35.0;15.8
67;2021-05-25;5414;4766;402263;183225;35.5;16.2
67;2021-05-26;6053;4879;408316;188104;36.1;16.6
67;2021-05-27;7304;4894;415620;192998;36.7;17.0
67;2021-05-28;7962;6492;423582;199490;37.4;17.6
67;2021-05-29;6643;3872;430225;203362;38.0;18.0
67;2021-05-30;1146;809;431371;204171;38.1;18.0
67;2021-05-31;6401;4055;437772;208226;38.7;18.4
67;2021-06-01;7328;4397;445100;212623;39.3;18.8
67;2021-06-02;8054;4166;453154;216789;40.0;19.1
67;2021-06-03;8830;4860;461984;221649;40.8;19.6
67;2021-06-04;8584;6115;470568;227764;41.5;20.1
67;2021-06-05;6555;3987;477123;231751;42.1;20.5
67;2021-06-06;3476;873;480599;232624;42.4;20.5
67;2021-06-07;7413;4257;488012;236881;43.1;20.9
67;2021-06-08;8621;4917;496633;241798;43.8;21.3
67;2021-06-09;9259;4795;505892;246593;44.7;21.8
67;2021-06-10;9765;5009;515657;251602;45.5;22.2
67;2021-06-11;8061;8328;523718;259930;46.2;22.9
67;2021-06-12;6778;5187;530496;265117;46.8;23.4
67;2021-06-13;3101;1042;533597;266159;47.1;23.5
67;2021-06-14;5502;6458;539099;272617;47.6;24.1
67;2021-06-15;6685;6745;545784;279362;48.2;24.7
67;2021-06-16;6936;6697;552720;286059;48.8;25.3
67;2021-06-17;7259;9044;559979;295103;49.4;26.1
67;2021-06-18;7590;8507;567569;303610;50.1;26.8
67;2021-06-19;6377;5955;573946;309565;50.7;27.3
67;2021-06-20;1450;1410;575396;310975;50.8;27.5
67;2021-06-21;4258;6763;579654;317738;51.2;28.1
67;2021-06-22;4227;9093;583881;326831;51.6;28.9
67;2021-06-23;5254;8163;589135;334994;52.0;29.6
67;2021-06-24;4506;9084;593641;344078;52.4;30.4
67;2021-06-25;5321;9947;598962;354025;52.9;31.3
67;2021-06-26;3442;9103;602404;363128;53.2;32.1
67;2021-06-27;1016;3518;603420;366646;53.3;32.4
67;2021-06-28;2843;8737;606263;375383;53.5;33.1
67;2021-06-29;2882;8590;609145;383973;53.8;33.9
67;2021-06-30;3362;8738;612507;392711;54.1;34.7
67;2021-07-01;3576;8426;616083;401137;54.4;35.4
67;2021-07-02;3721;10936;619804;412073;54.7;36.4
67;2021-07-03;2960;7747;622764;419820;55.0;37.1
67;2021-07-04;758;1867;623522;421687;55.1;37.2
67;2021-07-05;2602;8253;626124;429940;55.3;38.0
67;2021-07-06;3037;8443;629161;438383;55.5;38.7
67;2021-07-07;3873;8733;633034;447116;55.9;39.5
67;2021-07-08;4157;7786;637191;454902;56.3;40.2
67;2021-07-09;3739;11364;640930;466266;56.6;41.2
67;2021-07-10;2827;8203;643757;474469;56.8;41.9
67;2021-07-11;925;1993;644682;476462;56.9;42.1
67;2021-07-12;2416;9715;647098;486177;57.1;42.9
67;2021-07-13;4070;9884;651168;496061;57.5;43.8
67;2021-07-14;3471;4391;654639;500452;57.8;44.2
67;2021-07-15;5092;12218;659731;512670;58.2;45.3
67;2021-07-16;4790;12281;664521;524951;58.7;46.3
67;2021-07-17;3719;8825;668240;533776;59.0;47.1
67;2021-07-18;1445;2540;669685;536316;59.1;47.4
67;2021-07-19;4594;9733;674279;546049;59.5;48.2
67;2021-07-20;5714;9810;679993;555859;60.0;49.1
67;2021-07-21;5788;10628;685781;566487;60.5;50.0
67;2021-07-22;6386;10213;692167;576700;61.1;50.9
67;2021-07-23;7341;11192;699508;587892;61.8;51.9
67;2021-07-24;5396;7563;704904;595455;62.2;52.6
67;2021-07-25;2300;1953;707204;597408;62.4;52.7
67;2021-07-26;4946;7225;712150;604633;62.9;53.4
67;2021-07-27;6490;7273;718640;611906;63.5;54.0
67;2021-07-28;7457;7148;726097;619054;64.1;54.7
68;2020-12-27;0;0;0;0;0.0;0.0
68;2020-12-28;0;0;0;0;0.0;0.0
68;2020-12-29;0;0;0;0;0.0;0.0
68;2020-12-30;0;0;0;0;0.0;0.0
68;2020-12-31;0;0;0;0;0.0;0.0
68;2021-01-01;0;0;0;0;0.0;0.0
68;2021-01-02;0;0;0;0;0.0;0.0
68;2021-01-03;0;0;0;0;0.0;0.0
68;2021-01-04;1;0;1;0;0.0;0.0
68;2021-01-05;11;0;12;0;0.0;0.0
68;2021-01-06;244;1;256;1;0.0;0.0
68;2021-01-07;75;0;331;1;0.0;0.0
68;2021-01-08;118;1;449;2;0.1;0.0
68;2021-01-09;20;0;469;2;0.1;0.0
68;2021-01-10;1;0;470;2;0.1;0.0
68;2021-01-11;82;0;552;2;0.1;0.0
68;2021-01-12;386;1;938;3;0.1;0.0
68;2021-01-13;703;1;1641;4;0.2;0.0
68;2021-01-14;372;2;2013;6;0.3;0.0
68;2021-01-15;204;1;2217;7;0.3;0.0
68;2021-01-16;1;0;2218;7;0.3;0.0
68;2021-01-17;0;0;2218;7;0.3;0.0
68;2021-01-18;379;5;2597;12;0.3;0.0
68;2021-01-19;559;5;3156;17;0.4;0.0
68;2021-01-20;706;9;3862;26;0.5;0.0
68;2021-01-21;1382;12;5244;38;0.7;0.0
68;2021-01-22;1499;12;6743;50;0.9;0.0
68;2021-01-23;215;3;6958;53;0.9;0.0
68;2021-01-24;697;0;7655;53;1.0;0.0
68;2021-01-25;1388;46;9043;99;1.2;0.0
68;2021-01-26;1551;80;10594;179;1.4;0.0
68;2021-01-27;2731;142;13325;321;1.7;0.0
68;2021-01-28;2346;57;15671;378;2.1;0.0
68;2021-01-29;1504;116;17175;494;2.3;0.1
68;2021-01-30;164;2;17339;496;2.3;0.1
68;2021-01-31;0;0;17339;496;2.3;0.1
68;2021-02-01;736;103;18075;599;2.4;0.1
68;2021-02-02;867;305;18942;904;2.5;0.1
68;2021-02-03;998;620;19940;1524;2.6;0.2
68;2021-02-04;1000;324;20940;1848;2.7;0.2
68;2021-02-05;946;236;21886;2084;2.9;0.3
68;2021-02-06;137;1;22023;2085;2.9;0.3
68;2021-02-07;1;16;22024;2101;2.9;0.3
68;2021-02-08;894;21;22918;2122;3.0;0.3
68;2021-02-09;1357;45;24275;2167;3.2;0.3
68;2021-02-10;1452;61;25727;2228;3.4;0.3
68;2021-02-11;1488;469;27215;2697;3.6;0.4
68;2021-02-12;1546;452;28761;3149;3.8;0.4
68;2021-02-13;132;0;28893;3149;3.8;0.4
68;2021-02-14;57;231;28950;3380;3.8;0.4
68;2021-02-15;662;1089;29612;4469;3.9;0.6
68;2021-02-16;862;1370;30474;5839;4.0;0.8
68;2021-02-17;1281;2134;31755;7973;4.2;1.0
68;2021-02-18;1634;2046;33389;10019;4.4;1.3
68;2021-02-19;984;1367;34373;11386;4.5;1.5
68;2021-02-20;93;125;34466;11511;4.5;1.5
68;2021-02-21;1;40;34467;11551;4.5;1.5
68;2021-02-22;446;798;34913;12349;4.6;1.6
68;2021-02-23;639;1060;35552;13409;4.7;1.8
68;2021-02-24;852;1158;36404;14567;4.8;1.9
68;2021-02-25;1209;1246;37613;15813;4.9;2.1
68;2021-02-26;1200;987;38813;16800;5.1;2.2
68;2021-02-27;547;172;39360;16972;5.2;2.2
68;2021-02-28;10;1;39370;16973;5.2;2.2
68;2021-03-01;937;766;40307;17739;5.3;2.3
68;2021-03-02;1215;924;41522;18663;5.4;2.4
68;2021-03-03;1590;966;43112;19629;5.6;2.6
68;2021-03-04;1988;1043;45100;20672;5.9;2.7
68;2021-03-05;2354;1046;47454;21718;6.2;2.8
68;2021-03-06;2283;239;49737;21957;6.5;2.9
68;2021-03-07;838;102;50575;22059;6.6;2.9
68;2021-03-08;1472;975;52047;23034;6.8;3.0
68;2021-03-09;1692;1325;53739;24359;7.0;3.2
68;2021-03-10;1960;1793;55699;26152;7.3;3.4
68;2021-03-11;2635;1910;58334;28062;7.6;3.7
68;2021-03-12;2625;1412;60959;29474;8.0;3.9
68;2021-03-13;3341;231;64300;29705;8.4;3.9
68;2021-03-14;1541;62;65841;29767;8.6;3.9
68;2021-03-15;1793;618;67634;30385;8.9;4.0
68;2021-03-16;1998;599;69632;30984;9.1;4.1
68;2021-03-17;1954;724;71586;31708;9.4;4.2
68;2021-03-18;2219;946;73805;32654;9.7;4.3
68;2021-03-19;3084;733;76889;33387;10.1;4.4
68;2021-03-20;972;121;77861;33508;10.2;4.4
68;2021-03-21;67;1;77928;33509;10.2;4.4
68;2021-03-22;1965;588;79893;34097;10.5;4.5
68;2021-03-23;2856;612;82749;34709;10.8;4.5
68;2021-03-24;3172;809;85921;35518;11.3;4.7
68;2021-03-25;3500;783;89421;36301;11.7;4.8
68;2021-03-26;3893;711;93314;37012;12.2;4.8
68;2021-03-27;1100;162;94414;37174;12.4;4.9
68;2021-03-28;55;3;94469;37177;12.4;4.9
68;2021-03-29;2264;1378;96733;38555;12.7;5.1
68;2021-03-30;2934;1297;99667;39852;13.1;5.2
68;2021-03-31;2641;1361;102308;41213;13.4;5.4
68;2021-04-01;2748;1549;105056;42762;13.8;5.6
68;2021-04-02;244;87;105300;42849;13.8;5.6
68;2021-04-03;239;123;105539;42972;13.8;5.6
68;2021-04-04;4;0;105543;42972;13.8;5.6
68;2021-04-05;48;2;105591;42974;13.8;5.6
68;2021-04-06;1793;1324;107384;44298;14.1;5.8
68;2021-04-07;2583;1534;109967;45832;14.4;6.0
68;2021-04-08;3230;1497;113197;47329;14.8;6.2
68;2021-04-09;4197;1525;117394;48854;15.4;6.4
68;2021-04-10;1200;1976;118594;50830;15.5;6.7
68;2021-04-11;125;1318;118719;52148;15.6;6.8
68;2021-04-12;2666;1635;121385;53783;15.9;7.0
68;2021-04-13;2758;2110;124143;55893;16.3;7.3
68;2021-04-14;3599;2265;127742;58158;16.7;7.6
68;2021-04-15;4041;2149;131783;60307;17.3;7.9
68;2021-04-16;3938;2074;135721;62381;17.8;8.2
68;2021-04-17;1069;439;136790;62820;17.9;8.2
68;2021-04-18;85;9;136875;62829;17.9;8.2
68;2021-04-19;2357;1835;139232;64664;18.2;8.5
68;2021-04-20;2439;2325;141671;66989;18.6;8.8
68;2021-04-21;2822;2481;144493;69470;18.9;9.1
68;2021-04-22;3285;1977;147778;71447;19.4;9.4
68;2021-04-23;3411;2076;151189;73523;19.8;9.6
68;2021-04-24;842;487;152031;74010;19.9;9.7
68;2021-04-25;214;20;152245;74030;19.9;9.7
68;2021-04-26;2328;2109;154573;76139;20.3;10.0
68;2021-04-27;2597;2213;157170;78352;20.6;10.3
68;2021-04-28;3573;1765;160743;80117;21.1;10.5
68;2021-04-29;4164;1746;164907;81863;21.6;10.7
68;2021-04-30;4832;1365;169739;83228;22.2;10.9
68;2021-05-01;944;121;170683;83349;22.4;10.9
68;2021-05-02;731;70;171414;83419;22.5;10.9
68;2021-05-03;3618;1816;175032;85235;22.9;11.2
68;2021-05-04;3935;2363;178967;87598;23.4;11.5
68;2021-05-05;3633;3236;182600;90834;23.9;11.9
68;2021-05-06;4805;2866;187405;93700;24.6;12.3
68;2021-05-07;4517;2908;191922;96608;25.1;12.7
68;2021-05-08;1670;211;193592;96819;25.4;12.7
68;2021-05-09;1076;106;194668;96925;25.5;12.7
68;2021-05-10;3157;3720;197825;100645;25.9;13.2
68;2021-05-11;4715;3618;202540;104263;26.5;13.7
68;2021-05-12;5779;3289;208319;107552;27.3;14.1
68;2021-05-13;4764;841;213083;108393;27.9;14.2
68;2021-05-14;5959;2129;219042;110522;28.7;14.5
68;2021-05-15;3555;909;222597;111431;29.2;14.6
68;2021-05-16;669;121;223266;111552;29.3;14.6
68;2021-05-17;4448;2499;227714;114051;29.8;14.9
68;2021-05-18;6137;2306;233851;116357;30.6;15.2
68;2021-05-19;5865;2885;239716;119242;31.4;15.6
68;2021-05-20;5927;2421;245643;121663;32.2;15.9
68;2021-05-21;5777;2873;251420;124536;32.9;16.3
68;2021-05-22;2577;925;253997;125461;33.3;16.4
68;2021-05-23;15;17;254012;125478;33.3;16.4
68;2021-05-24;2307;968;256319;126446;33.6;16.6
68;2021-05-25;4342;3434;260661;129880;34.2;17.0
68;2021-05-26;4883;3382;265544;133262;34.8;17.5
68;2021-05-27;5406;3397;270950;136659;35.5;17.9
68;2021-05-28;5619;3728;276569;140387;36.2;18.4
68;2021-05-29;1535;1187;278104;141574;36.4;18.5
68;2021-05-30;41;46;278145;141620;36.4;18.6
68;2021-05-31;5161;2362;283306;143982;37.1;18.9
68;2021-06-01;5969;2798;289275;146780;37.9;19.2
68;2021-06-02;4886;3002;294161;149782;38.5;19.6
68;2021-06-03;5938;3100;300099;152882;39.3;20.0
68;2021-06-04;4891;3304;304990;156186;40.0;20.5
68;2021-06-05;778;1169;305768;157355;40.1;20.6
68;2021-06-06;66;115;305834;157470;40.1;20.6
68;2021-06-07;4757;3036;310591;160506;40.7;21.0
68;2021-06-08;4942;3559;315533;164065;41.3;21.5
68;2021-06-09;4987;3436;320520;167501;42.0;21.9
68;2021-06-10;5198;3131;325718;170632;42.7;22.4
68;2021-06-11;5054;4151;330772;174783;43.3;22.9
68;2021-06-12;3034;1766;333806;176549;43.7;23.1
68;2021-06-13;515;683;334321;177232;43.8;23.2
68;2021-06-14;2516;4391;336837;181623;44.1;23.8
68;2021-06-15;3110;4726;339947;186349;44.5;24.4
68;2021-06-16;3386;4431;343333;190780;45.0;25.0
68;2021-06-17;2356;4461;345689;195241;45.3;25.6
68;2021-06-18;3346;5183;349035;200424;45.7;26.3
68;2021-06-19;2252;2172;351287;202596;46.0;26.5
68;2021-06-20;257;894;351544;203490;46.1;26.7
68;2021-06-21;2059;5153;353603;208643;46.3;27.3
68;2021-06-22;1899;5175;355502;213818;46.6;28.0
68;2021-06-23;2315;5744;357817;219562;46.9;28.8
68;2021-06-24;2149;4895;359966;224457;47.2;29.4
68;2021-06-25;2281;6657;362247;231114;47.5;30.3
68;2021-06-26;1295;2602;363542;233716;47.6;30.6
68;2021-06-27;152;880;363694;234596;47.7;30.7
68;2021-06-28;1600;6446;365294;241042;47.9;31.6
68;2021-06-29;1532;6638;366826;247680;48.1;32.5
68;2021-06-30;1785;6559;368611;254239;48.3;33.3
68;2021-07-01;2072;5347;370683;259586;48.6;34.0
68;2021-07-02;2093;6487;372776;266073;48.8;34.9
68;2021-07-03;971;1931;373747;268004;49.0;35.1
68;2021-07-04;241;201;373988;268205;49.0;35.1
68;2021-07-05;1455;5522;375443;273727;49.2;35.9
68;2021-07-06;1993;5887;377436;279614;49.5;36.6
68;2021-07-07;2451;4977;379887;284591;49.8;37.3
68;2021-07-08;2425;4742;382312;289333;50.1;37.9
68;2021-07-09;2090;7358;384402;296691;50.4;38.9
68;2021-07-10;1019;2003;385421;298694;50.5;39.1
68;2021-07-11;144;155;385565;298849;50.5;39.2
68;2021-07-12;1635;6780;387200;305629;50.7;40.0
68;2021-07-13;2896;6546;390096;312175;51.1;40.9
68;2021-07-14;1838;974;391934;313149;51.4;41.0
68;2021-07-15;3173;6646;395107;319795;51.8;41.9
68;2021-07-16;3800;6754;398907;326549;52.3;42.8
68;2021-07-17;3353;2290;402260;328839;52.7;43.1
68;2021-07-18;1053;228;403313;329067;52.8;43.1
68;2021-07-19;3017;6079;406330;335146;53.2;43.9
68;2021-07-20;3986;5661;410316;340807;53.8;44.7
68;2021-07-21;4283;5807;414599;346614;54.3;45.4
68;2021-07-22;4144;4821;418743;351435;54.9;46.0
68;2021-07-23;5017;5738;423760;357173;55.5;46.8
68;2021-07-24;3291;2113;427051;359286;56.0;47.1
68;2021-07-25;811;525;427862;359811;56.1;47.1
68;2021-07-26;4722;4413;432584;364224;56.7;47.7
68;2021-07-27;6309;3705;438893;367929;57.5;48.2
68;2021-07-28;6790;3840;445683;371769;58.4;48.7
69;2020-12-27;0;0;0;0;0.0;0.0
69;2020-12-28;7;0;7;0;0.0;0.0
69;2020-12-29;5;0;12;0;0.0;0.0
69;2020-12-30;6;0;18;0;0.0;0.0
69;2020-12-31;10;0;28;0;0.0;0.0
69;2021-01-01;1;0;29;0;0.0;0.0
69;2021-01-02;1;0;30;0;0.0;0.0
69;2021-01-03;1;0;31;0;0.0;0.0
69;2021-01-04;10;0;41;0;0.0;0.0
69;2021-01-05;215;0;256;0;0.0;0.0
69;2021-01-06;507;0;763;0;0.0;0.0
69;2021-01-07;810;1;1573;1;0.1;0.0
69;2021-01-08;824;0;2397;1;0.1;0.0
69;2021-01-09;36;0;2433;1;0.1;0.0
69;2021-01-10;2;1;2435;2;0.1;0.0
69;2021-01-11;1133;2;3568;4;0.2;0.0
69;2021-01-12;1396;7;4964;11;0.3;0.0
69;2021-01-13;1387;4;6351;15;0.3;0.0
69;2021-01-14;2265;22;8616;37;0.5;0.0
69;2021-01-15;1825;8;10441;45;0.6;0.0
69;2021-01-16;927;3;11368;48;0.6;0.0
69;2021-01-17;258;2;11626;50;0.6;0.0
69;2021-01-18;1692;16;13318;66;0.7;0.0
69;2021-01-19;3505;64;16823;130;0.9;0.0
69;2021-01-20;4430;28;21253;158;1.1;0.0
69;2021-01-21;4036;23;25289;181;1.3;0.0
69;2021-01-22;3149;19;28438;200;1.5;0.0
69;2021-01-23;1280;4;29718;204;1.6;0.0
69;2021-01-24;101;1;29819;205;1.6;0.0
69;2021-01-25;2232;39;32051;244;1.7;0.0
69;2021-01-26;2558;86;34609;330;1.8;0.0
69;2021-01-27;2351;179;36960;509;2.0;0.0
69;2021-01-28;2234;376;39194;885;2.1;0.0
69;2021-01-29;2107;283;41301;1168;2.2;0.1
69;2021-01-30;889;2;42190;1170;2.2;0.1
69;2021-01-31;64;0;42254;1170;2.3;0.1
69;2021-02-01;1113;402;43367;1572;2.3;0.1
69;2021-02-02;1547;411;44914;1983;2.4;0.1
69;2021-02-03;1439;535;46353;2518;2.5;0.1
69;2021-02-04;1787;946;48140;3464;2.6;0.2
69;2021-02-05;819;808;48959;4272;2.6;0.2
69;2021-02-06;365;54;49324;4326;2.6;0.2
69;2021-02-07;0;0;49324;4326;2.6;0.2
69;2021-02-08;1133;1078;50457;5404;2.7;0.3
69;2021-02-09;2048;2107;52505;7511;2.8;0.4
69;2021-02-10;1845;2649;54350;10160;2.9;0.5
69;2021-02-11;1860;3291;56210;13451;3.0;0.7
69;2021-02-12;1898;2114;58108;15565;3.1;0.8
69;2021-02-13;458;804;58566;16369;3.1;0.9
69;2021-02-14;88;40;58654;16409;3.1;0.9
69;2021-02-15;1016;1774;59670;18183;3.2;1.0
69;2021-02-16;984;2451;60654;20634;3.2;1.1
69;2021-02-17;1026;2393;61680;23027;3.3;1.2
69;2021-02-18;966;2341;62646;25368;3.3;1.4
69;2021-02-19;894;1895;63540;27263;3.4;1.5
69;2021-02-20;326;913;63866;28176;3.4;1.5
69;2021-02-21;51;68;63917;28244;3.4;1.5
69;2021-02-22;605;2099;64522;30343;3.4;1.6
69;2021-02-23;739;2229;65261;32572;3.5;1.7
69;2021-02-24;975;2251;66236;34823;3.5;1.9
69;2021-02-25;2215;2674;68451;37497;3.6;2.0
69;2021-02-26;2775;1917;71226;39414;3.8;2.1
69;2021-02-27;924;573;72150;39987;3.8;2.1
69;2021-02-28;148;102;72298;40089;3.9;2.1
69;2021-03-01;2161;902;74459;40991;4.0;2.2
69;2021-03-02;3289;1386;77748;42377;4.1;2.3
69;2021-03-03;3664;1205;81412;43582;4.3;2.3
69;2021-03-04;4871;1257;86283;44839;4.6;2.4
69;2021-03-05;5852;1237;92135;46076;4.9;2.5
69;2021-03-06;3410;408;95545;46484;5.1;2.5
69;2021-03-07;637;41;96182;46525;5.1;2.5
69;2021-03-08;2950;1112;99132;47637;5.3;2.5
69;2021-03-09;4610;1243;103742;48880;5.5;2.6
69;2021-03-10;5062;1019;108804;49899;5.8;2.7
69;2021-03-11;6587;1002;115391;50901;6.2;2.7
69;2021-03-12;8851;1168;124242;52069;6.6;2.8
69;2021-03-13;4921;221;129163;52290;6.9;2.8
69;2021-03-14;2741;127;131904;52417;7.0;2.8
69;2021-03-15;4807;686;136711;53103;7.3;2.8
69;2021-03-16;3810;632;140521;53735;7.5;2.9
69;2021-03-17;3946;853;144467;54588;7.7;2.9
69;2021-03-18;4965;1594;149432;56182;8.0;3.0
69;2021-03-19;6679;1035;156111;57217;8.3;3.0
69;2021-03-20;3583;260;159694;57477;8.5;3.1
69;2021-03-21;1971;88;161665;57565;8.6;3.1
69;2021-03-22;4543;799;166208;58364;8.9;3.1
69;2021-03-23;7351;798;173559;59162;9.3;3.2
69;2021-03-24;6447;964;180006;60126;9.6;3.2
69;2021-03-25;8577;1092;188583;61218;10.1;3.3
69;2021-03-26;8812;1223;197395;62441;10.5;3.3
69;2021-03-27;3149;779;200544;63220;10.7;3.4
69;2021-03-28;2211;174;202755;63394;10.8;3.4
69;2021-03-29;4096;2188;206851;65582;11.0;3.5
69;2021-03-30;7633;2501;214484;68083;11.4;3.6
69;2021-03-31;6346;3152;220830;71235;11.8;3.8
69;2021-04-01;8432;2702;229262;73937;12.2;3.9
69;2021-04-02;8309;3098;237571;77035;12.7;4.1
69;2021-04-03;5421;2159;242992;79194;13.0;4.2
69;2021-04-04;6606;548;249598;79742;13.3;4.3
69;2021-04-05;6187;811;255785;80553;13.6;4.3
69;2021-04-06;5098;3477;260883;84030;13.9;4.5
69;2021-04-07;5157;3878;266040;87908;14.2;4.7
69;2021-04-08;6425;4050;272465;91958;14.5;4.9
69;2021-04-09;9165;3763;281630;95721;15.0;5.1
69;2021-04-10;3050;2497;284680;98218;15.2;5.2
69;2021-04-11;2039;1895;286719;100113;15.3;5.3
69;2021-04-12;5461;3574;292180;103687;15.6;5.5
69;2021-04-13;7065;4113;299245;107800;16.0;5.7
69;2021-04-14;6712;4135;305957;111935;16.3;6.0
69;2021-04-15;7926;4574;313883;116509;16.7;6.2
69;2021-04-16;7856;4489;321739;120998;17.1;6.4
69;2021-04-17;5037;2333;326776;123331;17.4;6.6
69;2021-04-18;1715;1793;328491;125124;17.5;6.7
69;2021-04-19;7015;3768;335506;128892;17.9;6.9
69;2021-04-20;6483;4746;341989;133638;18.2;7.1
69;2021-04-21;5687;4408;347676;138046;18.5;7.4
69;2021-04-22;6420;5424;354096;143470;18.9;7.6
69;2021-04-23;6714;4858;360810;148328;19.2;7.9
69;2021-04-24;3152;2022;363962;150350;19.4;8.0
69;2021-04-25;2117;1547;366079;151897;19.5;8.1
69;2021-04-26;4494;3877;370573;155774;19.8;8.3
69;2021-04-27;6515;5323;377088;161097;20.1;8.6
69;2021-04-28;6274;4847;383362;165944;20.4;8.8
69;2021-04-29;6695;5352;390057;171296;20.8;9.1
69;2021-04-30;6931;6166;396988;177462;21.2;9.5
69;2021-05-01;3297;643;400285;178105;21.3;9.5
69;2021-05-02;1624;5890;401909;183995;21.4;9.8
69;2021-05-03;5857;8242;407766;192237;21.7;10.2
69;2021-05-04;7597;8163;415363;200400;22.1;10.7
69;2021-05-05;11204;5634;426567;206034;22.7;11.0
69;2021-05-06;12472;6276;439039;212310;23.4;11.3
69;2021-05-07;11680;7154;450719;219464;24.0;11.7
69;2021-05-08;4298;1652;455017;221116;24.3;11.8
69;2021-05-09;6633;2680;461650;223796;24.6;11.9
69;2021-05-10;6926;6056;468576;229852;25.0;12.3
69;2021-05-11;9824;7040;478400;236892;25.5;12.6
69;2021-05-12;12461;6811;490861;243703;26.2;13.0
69;2021-05-13;10832;2562;501693;246265;26.7;13.1
69;2021-05-14;12578;5223;514271;251488;27.4;13.4
69;2021-05-15;9144;2600;523415;254088;27.9;13.5
69;2021-05-16;8400;1871;531815;255959;28.3;13.6
69;2021-05-17;11303;5637;543118;261596;29.0;13.9
69;2021-05-18;13215;6382;556333;267978;29.7;14.3
69;2021-05-19;13697;5887;570030;273865;30.4;14.6
69;2021-05-20;11376;6085;581406;279950;31.0;14.9
69;2021-05-21;11032;6565;592438;286515;31.6;15.3
69;2021-05-22;5577;2571;598015;289086;31.9;15.4
69;2021-05-23;4567;1542;602582;290628;32.1;15.5
69;2021-05-24;8430;1863;611012;292491;32.6;15.6
69;2021-05-25;9738;6181;620750;298672;33.1;15.9
69;2021-05-26;10279;6116;631029;304788;33.6;16.2
69;2021-05-27;10426;6775;641455;311563;34.2;16.6
69;2021-05-28;11607;8745;653062;320308;34.8;17.1
69;2021-05-29;7388;6037;660450;326345;35.2;17.4
69;2021-05-30;7385;3171;667835;329516;35.6;17.6
69;2021-05-31;10958;6372;678793;335888;36.2;17.9
69;2021-06-01;12638;7522;691431;343410;36.9;18.3
69;2021-06-02;14813;6706;706244;350116;37.6;18.7
69;2021-06-03;16604;7423;722848;357539;38.5;19.1
69;2021-06-04;15706;8553;738554;366092;39.4;19.5
69;2021-06-05;10101;3415;748655;369507;39.9;19.7
69;2021-06-06;7483;1709;756138;371216;40.3;19.8
69;2021-06-07;12771;7040;768909;378256;41.0;20.2
69;2021-06-08;16311;8266;785220;386522;41.9;20.6
69;2021-06-09;15080;7364;800300;393886;42.7;21.0
69;2021-06-10;16178;7315;816478;401201;43.5;21.4
69;2021-06-11;16551;9683;833029;410884;44.4;21.9
69;2021-06-12;8508;4188;841537;415072;44.9;22.1
69;2021-06-13;5620;2140;847157;417212;45.2;22.2
69;2021-06-14;8197;9092;855354;426304;45.6;22.7
69;2021-06-15;10446;10994;865800;437298;46.2;23.3
69;2021-06-16;11124;12309;876924;449607;46.7;24.0
69;2021-06-17;11255;13246;888179;462853;47.3;24.7
69;2021-06-18;11821;14759;900000;477612;48.0;25.5
69;2021-06-19;6792;8340;906792;485952;48.3;25.9
69;2021-06-20;5233;4756;912025;490708;48.6;26.2
69;2021-06-21;6336;12130;918361;502838;49.0;26.8
69;2021-06-22;6990;13832;925351;516670;49.3;27.5
69;2021-06-23;8024;13029;933375;529699;49.8;28.2
69;2021-06-24;9120;13726;942495;543425;50.2;29.0
69;2021-06-25;6950;16307;949445;559732;50.6;29.8
69;2021-06-26;3606;9076;953051;568808;50.8;30.3
69;2021-06-27;3257;7415;956308;576223;51.0;30.7
69;2021-06-28;3816;14889;960124;591112;51.2;31.5
69;2021-06-29;4657;15653;964781;606765;51.4;32.3
69;2021-06-30;5646;14454;970427;621219;51.7;33.1
69;2021-07-01;6387;11936;976814;633155;52.1;33.7
69;2021-07-02;5527;14126;982341;647281;52.4;34.5
69;2021-07-03;5748;7780;988089;655061;52.7;34.9
69;2021-07-04;3908;5560;991997;660621;52.9;35.2
69;2021-07-05;5375;13024;997372;673645;53.2;35.9
69;2021-07-06;5143;14283;1002515;687928;53.4;36.7
69;2021-07-07;6948;13541;1009463;701469;53.8;37.4
69;2021-07-08;7335;13422;1016798;714891;54.2;38.1
69;2021-07-09;7087;16463;1023885;731354;54.6;39.0
69;2021-07-10;2724;10325;1026609;741679;54.7;39.5
69;2021-07-11;4247;5835;1030856;747514;54.9;39.8
69;2021-07-12;3550;16975;1034406;764489;55.1;40.7
69;2021-07-13;5870;20733;1040276;785222;55.5;41.9
69;2021-07-14;4694;8481;1044970;793703;55.7;42.3
69;2021-07-15;7265;22592;1052235;816295;56.1;43.5
69;2021-07-16;9398;20107;1061633;836402;56.6;44.6
69;2021-07-17;4830;12234;1066463;848636;56.8;45.2
69;2021-07-18;3380;8905;1069843;857541;57.0;45.7
69;2021-07-19;6295;16454;1076138;873995;57.4;46.6
69;2021-07-20;9007;19275;1085145;893270;57.8;47.6
69;2021-07-21;9243;17382;1094388;910652;58.3;48.5
69;2021-07-22;11292;16388;1105680;927040;58.9;49.4
69;2021-07-23;10821;17612;1116501;944652;59.5;50.4
69;2021-07-24;5523;11012;1122024;955664;59.8;50.9
69;2021-07-25;4670;6611;1126694;962275;60.1;51.3
69;2021-07-26;8500;12885;1135194;975160;60.5;52.0
69;2021-07-27;12562;12056;1147756;987216;61.2;52.6
69;2021-07-28;11776;12013;1159532;999229;61.8;53.3
70;2020-12-27;0;0;0;0;0.0;0.0
70;2020-12-28;0;0;0;0;0.0;0.0
70;2020-12-29;0;0;0;0;0.0;0.0
70;2020-12-30;0;0;0;0;0.0;0.0
70;2020-12-31;0;0;0;0;0.0;0.0
70;2021-01-01;0;0;0;0;0.0;0.0
70;2021-01-02;0;0;0;0;0.0;0.0
70;2021-01-03;0;0;0;0;0.0;0.0
70;2021-01-04;0;0;0;0;0.0;0.0
70;2021-01-05;0;0;0;0;0.0;0.0
70;2021-01-06;24;0;24;0;0.0;0.0
70;2021-01-07;121;0;145;0;0.1;0.0
70;2021-01-08;21;0;166;0;0.1;0.0
70;2021-01-09;0;0;166;0;0.1;0.0
70;2021-01-10;0;0;166;0;0.1;0.0
70;2021-01-11;147;1;313;1;0.1;0.0
70;2021-01-12;195;1;508;2;0.2;0.0
70;2021-01-13;171;1;679;3;0.3;0.0
70;2021-01-14;149;5;828;8;0.4;0.0
70;2021-01-15;153;0;981;8;0.4;0.0
70;2021-01-16;65;0;1046;8;0.4;0.0
70;2021-01-17;0;0;1046;8;0.4;0.0
70;2021-01-18;388;0;1434;8;0.6;0.0
70;2021-01-19;501;2;1935;10;0.8;0.0
70;2021-01-20;494;2;2429;12;1.0;0.0
70;2021-01-21;673;2;3102;14;1.3;0.0
70;2021-01-22;458;3;3560;17;1.5;0.0
70;2021-01-23;261;2;3821;19;1.6;0.0
70;2021-01-24;4;0;3825;19;1.6;0.0
70;2021-01-25;371;1;4196;20;1.8;0.0
70;2021-01-26;335;1;4531;21;1.9;0.0
70;2021-01-27;328;10;4859;31;2.1;0.0
70;2021-01-28;365;36;5224;67;2.2;0.0
70;2021-01-29;329;53;5553;120;2.4;0.1
70;2021-01-30;228;1;5781;121;2.5;0.1
70;2021-01-31;0;0;5781;121;2.5;0.1
70;2021-02-01;260;51;6041;172;2.6;0.1
70;2021-02-02;272;98;6313;270;2.7;0.1
70;2021-02-03;252;61;6565;331;2.8;0.1
70;2021-02-04;264;122;6829;453;2.9;0.2
70;2021-02-05;254;75;7083;528;3.0;0.2
70;2021-02-06;209;37;7292;565;3.1;0.2
70;2021-02-07;0;0;7292;565;3.1;0.2
70;2021-02-08;179;234;7471;799;3.2;0.3
70;2021-02-09;206;231;7677;1030;3.3;0.4
70;2021-02-10;196;302;7873;1332;3.4;0.6
70;2021-02-11;351;327;8224;1659;3.5;0.7
70;2021-02-12;239;492;8463;2151;3.6;0.9
70;2021-02-13;75;211;8538;2362;3.7;1.0
70;2021-02-14;0;29;8538;2391;3.7;1.0
70;2021-02-15;70;340;8608;2731;3.7;1.2
70;2021-02-16;113;364;8721;3095;3.7;1.3
70;2021-02-17;167;305;8888;3400;3.8;1.5
70;2021-02-18;202;258;9090;3658;3.9;1.6
70;2021-02-19;197;204;9287;3862;4.0;1.7
70;2021-02-20;192;70;9479;3932;4.1;1.7
70;2021-02-21;1;0;9480;3932;4.1;1.7
70;2021-02-22;107;236;9587;4168;4.1;1.8
70;2021-02-23;125;260;9712;4428;4.2;1.9
70;2021-02-24;129;232;9841;4660;4.2;2.0
70;2021-02-25;315;257;10156;4917;4.4;2.1
70;2021-02-26;394;148;10550;5065;4.5;2.2
70;2021-02-27;147;202;10697;5267;4.6;2.3
70;2021-02-28;0;0;10697;5267;4.6;2.3
70;2021-03-01;249;241;10946;5508;4.7;2.4
70;2021-03-02;481;275;11427;5783;4.9;2.5
70;2021-03-03;467;254;11894;6037;5.1;2.6
70;2021-03-04;659;273;12553;6310;5.4;2.7
70;2021-03-05;766;257;13319;6567;5.7;2.8
70;2021-03-06;540;115;13859;6682;5.9;2.9
70;2021-03-07;216;23;14075;6705;6.0;2.9
70;2021-03-08;552;218;14627;6923;6.3;3.0
70;2021-03-09;865;189;15492;7112;6.6;3.0
70;2021-03-10;660;177;16152;7289;6.9;3.1
70;2021-03-11;698;252;16850;7541;7.2;3.2
70;2021-03-12;985;179;17835;7720;7.6;3.3
70;2021-03-13;581;114;18416;7834;7.9;3.4
70;2021-03-14;19;0;18435;7834;7.9;3.4
70;2021-03-15;774;105;19209;7939;8.2;3.4
70;2021-03-16;654;89;19863;8028;8.5;3.4
70;2021-03-17;596;176;20459;8204;8.8;3.5
70;2021-03-18;633;141;21092;8345;9.0;3.6
70;2021-03-19;1017;136;22109;8481;9.5;3.6
70;2021-03-20;641;184;22750;8665;9.8;3.7
70;2021-03-21;9;0;22759;8665;9.8;3.7
70;2021-03-22;753;98;23512;8763;10.1;3.8
70;2021-03-23;1305;155;24817;8918;10.6;3.8
70;2021-03-24;1259;98;26076;9016;11.2;3.9
70;2021-03-25;1244;190;27320;9206;11.7;3.9
70;2021-03-26;1487;295;28807;9501;12.4;4.1
70;2021-03-27;957;125;29764;9626;12.8;4.1
70;2021-03-28;0;10;29764;9636;12.8;4.1
70;2021-03-29;718;410;30482;10046;13.1;4.3
70;2021-03-30;1093;315;31575;10361;13.5;4.4
70;2021-03-31;878;317;32453;10678;13.9;4.6
70;2021-04-01;1153;424;33606;11102;14.4;4.8
70;2021-04-02;1310;336;34916;11438;15.0;4.9
70;2021-04-03;639;320;35555;11758;15.2;5.0
70;2021-04-04;10;0;35565;11758;15.3;5.0
70;2021-04-05;3;2;35568;11760;15.3;5.0
70;2021-04-06;830;555;36398;12315;15.6;5.3
70;2021-04-07;857;583;37255;12898;16.0;5.5
70;2021-04-08;1317;555;38572;13453;16.5;5.8
70;2021-04-09;1402;526;39974;13979;17.1;6.0
70;2021-04-10;858;347;40832;14326;17.5;6.1
70;2021-04-11;19;1;40851;14327;17.5;6.1
70;2021-04-12;692;659;41543;14986;17.8;6.4
70;2021-04-13;921;766;42464;15752;18.2;6.8
70;2021-04-14;815;576;43279;16328;18.6;7.0
70;2021-04-15;1078;603;44357;16931;19.0;7.3
70;2021-04-16;1243;544;45600;17475;19.6;7.5
70;2021-04-17;690;468;46290;17943;19.9;7.7
70;2021-04-18;56;4;46346;17947;19.9;7.7
70;2021-04-19;538;805;46884;18752;20.1;8.0
70;2021-04-20;664;852;47548;19604;20.4;8.4
70;2021-04-21;484;933;48032;20537;20.6;8.8
70;2021-04-22;776;796;48808;21333;20.9;9.1
70;2021-04-23;875;741;49683;22074;21.3;9.5
70;2021-04-24;431;640;50114;22714;21.5;9.7
70;2021-04-25;11;0;50125;22714;21.5;9.7
70;2021-04-26;924;598;51049;23312;21.9;10.0
70;2021-04-27;1209;748;52258;24060;22.4;10.3
70;2021-04-28;889;804;53147;24864;22.8;10.7
70;2021-04-29;1343;920;54490;25784;23.4;11.1
70;2021-04-30;1531;873;56021;26657;24.0;11.4
70;2021-05-01;1693;118;57714;26775;24.7;11.5
70;2021-05-02;2;0;57716;26775;24.8;11.5
70;2021-05-03;1188;563;58904;27338;25.3;11.7
70;2021-05-04;1356;739;60260;28077;25.8;12.0
70;2021-05-05;1190;871;61450;28948;26.4;12.4
70;2021-05-06;1849;1266;63299;30214;27.1;13.0
70;2021-05-07;2125;1227;65424;31441;28.1;13.5
70;2021-05-08;1340;186;66764;31627;28.6;13.6
70;2021-05-09;6;58;66770;31685;28.6;13.6
70;2021-05-10;957;945;67727;32630;29.0;14.0
70;2021-05-11;1239;1067;68966;33697;29.6;14.5
70;2021-05-12;1175;866;70141;34563;30.1;14.8
70;2021-05-13;1544;146;71685;34709;30.7;14.9
70;2021-05-14;2062;753;73747;35462;31.6;15.2
70;2021-05-15;2658;528;76405;35990;32.8;15.4
70;2021-05-16;999;72;77404;36062;33.2;15.5
70;2021-05-17;1237;383;78641;36445;33.7;15.6
70;2021-05-18;1296;590;79937;37035;34.3;15.9
70;2021-05-19;1476;480;81413;37515;34.9;16.1
70;2021-05-20;1780;628;83193;38143;35.7;16.4
70;2021-05-21;1690;818;84883;38961;36.4;16.7
70;2021-05-22;1221;663;86104;39624;36.9;17.0
70;2021-05-23;8;14;86112;39638;36.9;17.0
70;2021-05-24;222;25;86334;39663;37.0;17.0
70;2021-05-25;834;925;87168;40588;37.4;17.4
70;2021-05-26;1047;943;88215;41531;37.8;17.8
70;2021-05-27;1263;996;89478;42527;38.4;18.2
70;2021-05-28;1546;1165;91024;43692;39.0;18.7
70;2021-05-29;1371;587;92395;44279;39.6;19.0
70;2021-05-30;1;8;92396;44287;39.6;19.0
70;2021-05-31;969;678;93365;44965;40.0;19.3
70;2021-06-01;1213;851;94578;45816;40.6;19.6
70;2021-06-02;1263;673;95841;46489;41.1;19.9
70;2021-06-03;1430;841;97271;47330;41.7;20.3
70;2021-06-04;1336;1107;98607;48437;42.3;20.8
70;2021-06-05;1025;662;99632;49099;42.7;21.1
70;2021-06-06;600;79;100232;49178;43.0;21.1
70;2021-06-07;941;850;101173;50028;43.4;21.5
70;2021-06-08;1217;1176;102390;51204;43.9;22.0
70;2021-06-09;1155;988;103545;52192;44.4;22.4
70;2021-06-10;1565;824;105110;53016;45.1;22.7
70;2021-06-11;1587;1956;106697;54972;45.8;23.6
70;2021-06-12;829;1970;107526;56942;46.1;24.4
70;2021-06-13;142;13;107668;56955;46.2;24.4
70;2021-06-14;557;1244;108225;58199;46.4;25.0
70;2021-06-15;450;1505;108675;59704;46.6;25.6
70;2021-06-16;798;1391;109473;61095;46.9;26.2
70;2021-06-17;1147;2093;110620;63188;47.4;27.1
70;2021-06-18;992;2254;111612;65442;47.9;28.1
70;2021-06-19;1089;1638;112701;67080;48.3;28.8
70;2021-06-20;1;3;112702;67083;48.3;28.8
70;2021-06-21;689;1454;113391;68537;48.6;29.4
70;2021-06-22;652;1510;114043;70047;48.9;30.0
70;2021-06-23;652;1570;114695;71617;49.2;30.7
70;2021-06-24;872;2051;115567;73668;49.6;31.6
70;2021-06-25;680;2643;116247;76311;49.8;32.7
70;2021-06-26;943;2138;117190;78449;50.3;33.6
70;2021-06-27;140;760;117330;79209;50.3;34.0
70;2021-06-28;336;1349;117666;80558;50.5;34.5
70;2021-06-29;409;1609;118075;82167;50.6;35.2
70;2021-06-30;389;1634;118464;83801;50.8;35.9
70;2021-07-01;640;1752;119104;85553;51.1;36.7
70;2021-07-02;814;1575;119918;87128;51.4;37.4
70;2021-07-03;836;1079;120754;88207;51.8;37.8
70;2021-07-04;28;70;120782;88277;51.8;37.9
70;2021-07-05;609;1036;121391;89313;52.1;38.3
70;2021-07-06;681;1274;122072;90587;52.3;38.8
70;2021-07-07;503;1425;122575;92012;52.6;39.5
70;2021-07-08;812;1575;123387;93587;52.9;40.1
70;2021-07-09;867;1663;124254;95250;53.3;40.8
70;2021-07-10;830;1031;125084;96281;53.6;41.3
70;2021-07-11;6;20;125090;96301;53.6;41.3
70;2021-07-12;429;1398;125519;97699;53.8;41.9
70;2021-07-13;906;1864;126425;99563;54.2;42.7
70;2021-07-14;33;6;126458;99569;54.2;42.7
70;2021-07-15;1374;1695;127832;101264;54.8;43.4
70;2021-07-16;1616;2060;129448;103324;55.5;44.3
70;2021-07-17;1498;1444;130946;104768;56.2;44.9
70;2021-07-18;1138;635;132084;105403;56.6;45.2
70;2021-07-19;875;970;132959;106373;57.0;45.6
70;2021-07-20;1350;1359;134309;107732;57.6;46.2
70;2021-07-21;1278;1395;135587;109127;58.1;46.8
70;2021-07-22;1862;1817;137449;110944;58.9;47.6
70;2021-07-23;1824;2486;139273;113430;59.7;48.6
70;2021-07-24;1363;1799;140636;115229;60.3;49.4
70;2021-07-25;25;2;140661;115231;60.3;49.4
70;2021-07-26;1050;968;141711;116199;60.8;49.8
70;2021-07-27;1386;968;143097;117167;61.4;50.2
70;2021-07-28;1383;1154;144480;118321;62.0;50.7
71;2020-12-27;0;0;0;0;0.0;0.0
71;2020-12-28;0;0;0;0;0.0;0.0
71;2020-12-29;0;0;0;0;0.0;0.0
71;2020-12-30;0;0;0;0;0.0;0.0
71;2020-12-31;0;0;0;0;0.0;0.0
71;2021-01-01;0;0;0;0;0.0;0.0
71;2021-01-02;0;0;0;0;0.0;0.0
71;2021-01-03;1;0;1;0;0.0;0.0
71;2021-01-04;1;0;2;0;0.0;0.0
71;2021-01-05;10;0;12;0;0.0;0.0
71;2021-01-06;72;0;84;0;0.0;0.0
71;2021-01-07;66;1;150;1;0.0;0.0
71;2021-01-08;146;0;296;1;0.1;0.0
71;2021-01-09;117;0;413;1;0.1;0.0
71;2021-01-10;1;0;414;1;0.1;0.0
71;2021-01-11;245;0;659;1;0.1;0.0
71;2021-01-12;843;1;1502;2;0.3;0.0
71;2021-01-13;562;1;2064;3;0.4;0.0
71;2021-01-14;578;9;2642;12;0.5;0.0
71;2021-01-15;666;1;3308;13;0.6;0.0
71;2021-01-16;9;0;3317;13;0.6;0.0
71;2021-01-17;0;0;3317;13;0.6;0.0
71;2021-01-18;1094;6;4411;19;0.8;0.0
71;2021-01-19;1679;8;6090;27;1.1;0.0
71;2021-01-20;1507;4;7597;31;1.4;0.0
71;2021-01-21;2056;12;9653;43;1.8;0.0
71;2021-01-22;1411;6;11064;49;2.0;0.0
71;2021-01-23;814;5;11878;54;2.2;0.0
71;2021-01-24;0;0;11878;54;2.2;0.0
71;2021-01-25;1061;6;12939;60;2.4;0.0
71;2021-01-26;1504;18;14443;78;2.6;0.0
71;2021-01-27;1247;32;15690;110;2.9;0.0
71;2021-01-28;1081;94;16771;204;3.1;0.0
71;2021-01-29;1014;145;17785;349;3.2;0.1
71;2021-01-30;604;2;18389;351;3.4;0.1
71;2021-01-31;1;15;18390;366;3.4;0.1
71;2021-02-01;750;239;19140;605;3.5;0.1
71;2021-02-02;752;356;19892;961;3.6;0.2
71;2021-02-03;818;425;20710;1386;3.8;0.3
71;2021-02-04;780;572;21490;1958;3.9;0.4
71;2021-02-05;706;525;22196;2483;4.1;0.5
71;2021-02-06;535;9;22731;2492;4.1;0.5
71;2021-02-07;3;50;22734;2542;4.1;0.5
71;2021-02-08;603;700;23337;3242;4.3;0.6
71;2021-02-09;372;1013;23709;4255;4.3;0.8
71;2021-02-10;409;997;24118;5252;4.4;1.0
71;2021-02-11;473;1178;24591;6430;4.5;1.2
71;2021-02-12;534;1036;25125;7466;4.6;1.4
71;2021-02-13;125;515;25250;7981;4.6;1.5
71;2021-02-14;1;7;25251;7988;4.6;1.5
71;2021-02-15;323;914;25574;8902;4.7;1.6
71;2021-02-16;442;1367;26016;10269;4.7;1.9
71;2021-02-17;426;1111;26442;11380;4.8;2.1
71;2021-02-18;548;938;26990;12318;4.9;2.2
71;2021-02-19;574;856;27564;13174;5.0;2.4
71;2021-02-20;223;381;27787;13555;5.1;2.5
71;2021-02-21;3;13;27790;13568;5.1;2.5
71;2021-02-22;237;879;28027;14447;5.1;2.6
71;2021-02-23;451;916;28478;15363;5.2;2.8
71;2021-02-24;443;722;28921;16085;5.3;2.9
71;2021-02-25;530;726;29451;16811;5.4;3.1
71;2021-02-26;830;530;30281;17341;5.5;3.2
71;2021-02-27;456;339;30737;17680;5.6;3.2
71;2021-02-28;54;14;30791;17694;5.6;3.2
71;2021-03-01;1187;680;31978;18374;5.8;3.4
71;2021-03-02;1574;641;33552;19015;6.1;3.5
71;2021-03-03;1817;765;35369;19780;6.5;3.6
71;2021-03-04;1997;809;37366;20589;6.8;3.8
71;2021-03-05;2284;687;39650;21276;7.2;3.9
71;2021-03-06;755;60;40405;21336;7.4;3.9
71;2021-03-07;39;21;40444;21357;7.4;3.9
71;2021-03-08;1452;775;41896;22132;7.6;4.0
71;2021-03-09;2159;517;44055;22649;8.0;4.1
71;2021-03-10;2166;454;46221;23103;8.4;4.2
71;2021-03-11;2633;643;48854;23746;8.9;4.3
71;2021-03-12;2605;605;51459;24351;9.4;4.4
71;2021-03-13;992;96;52451;24447;9.6;4.5
71;2021-03-14;34;0;52485;24447;9.6;4.5
71;2021-03-15;1799;489;54284;24936;9.9;4.6
71;2021-03-16;1821;193;56105;25129;10.2;4.6
71;2021-03-17;2131;243;58236;25372;10.6;4.6
71;2021-03-18;1951;427;60187;25799;11.0;4.7
71;2021-03-19;2365;321;62552;26120;11.4;4.8
71;2021-03-20;1082;34;63634;26154;11.6;4.8
71;2021-03-21;16;5;63650;26159;11.6;4.8
71;2021-03-22;2575;361;66225;26520;12.1;4.8
71;2021-03-23;3345;491;69570;27011;12.7;4.9
71;2021-03-24;3345;445;72915;27456;13.3;5.0
71;2021-03-25;4018;578;76933;28034;14.0;5.1
71;2021-03-26;4047;325;80980;28359;14.8;5.2
71;2021-03-27;998;105;81978;28464;15.0;5.2
71;2021-03-28;55;8;82033;28472;15.0;5.2
71;2021-03-29;2400;1172;84433;29644;15.4;5.4
71;2021-03-30;2952;1341;87385;30985;16.0;5.7
71;2021-03-31;2552;1508;89937;32493;16.4;5.9
71;2021-04-01;2716;1293;92653;33786;16.9;6.2
71;2021-04-02;2502;1411;95155;35197;17.4;6.4
71;2021-04-03;266;33;95421;35230;17.4;6.4
71;2021-04-04;4;0;95425;35230;17.4;6.4
71;2021-04-05;60;0;95485;35230;17.4;6.4
71;2021-04-06;2261;1870;97746;37100;17.8;6.8
71;2021-04-07;2391;1790;100137;38890;18.3;7.1
71;2021-04-08;3281;1805;103418;40695;18.9;7.4
71;2021-04-09;4038;1667;107456;42362;19.6;7.7
71;2021-04-10;769;42;108225;42404;19.8;7.7
71;2021-04-11;99;3;108324;42407;19.8;7.7
71;2021-04-12;2349;1697;110673;44104;20.2;8.1
71;2021-04-13;2580;1890;113253;45994;20.7;8.4
71;2021-04-14;2364;1915;115617;47909;21.1;8.7
71;2021-04-15;2775;1684;118392;49593;21.6;9.1
71;2021-04-16;2624;1643;121016;51236;22.1;9.4
71;2021-04-17;951;342;121967;51578;22.3;9.4
71;2021-04-18;106;4;122073;51582;22.3;9.4
71;2021-04-19;1758;2577;123831;54159;22.6;9.9
71;2021-04-20;2218;2593;126049;56752;23.0;10.4
71;2021-04-21;2124;2596;128173;59348;23.4;10.8
71;2021-04-22;2513;2435;130686;61783;23.9;11.3
71;2021-04-23;2914;2259;133600;64042;24.4;11.7
71;2021-04-24;517;49;134117;64091;24.5;11.7
71;2021-04-25;24;0;134141;64091;24.5;11.7
71;2021-04-26;2565;2124;136706;66215;25.0;12.1
71;2021-04-27;2982;2255;139688;68470;25.5;12.5
71;2021-04-28;3074;2123;142762;70593;26.1;12.9
71;2021-04-29;3779;2228;146541;72821;26.7;13.3
71;2021-04-30;3927;1723;150468;74544;27.5;13.6
71;2021-05-01;37;52;150505;74596;27.5;13.6
71;2021-05-02;23;18;150528;74614;27.5;13.6
71;2021-05-03;4287;1378;154815;75992;28.3;13.9
71;2021-05-04;2958;2345;157773;78337;28.8;14.3
71;2021-05-05;3427;2088;161200;80425;29.4;14.7
71;2021-05-06;3459;2360;164659;82785;30.1;15.1
71;2021-05-07;3671;2811;168330;85596;30.7;15.6
71;2021-05-08;176;183;168506;85779;30.8;15.7
71;2021-05-09;43;47;168549;85826;30.8;15.7
71;2021-05-10;3697;2281;172246;88107;31.4;16.1
71;2021-05-11;4648;2329;176894;90436;32.3;16.5
71;2021-05-12;3975;2582;180869;93018;33.0;17.0
71;2021-05-13;1574;151;182443;93169;33.3;17.0
71;2021-05-14;3761;2186;186204;95355;34.0;17.4
71;2021-05-15;242;327;186446;95682;34.0;17.5
71;2021-05-16;1;0;186447;95682;34.0;17.5
71;2021-05-17;3863;1882;190310;97564;34.7;17.8
71;2021-05-18;3497;2421;193807;99985;35.4;18.3
71;2021-05-19;3720;2280;197527;102265;36.1;18.7
71;2021-05-20;4180;2292;201707;104557;36.8;19.1
71;2021-05-21;3719;2572;205426;107129;37.5;19.6
71;2021-05-22;168;306;205594;107435;37.5;19.6
71;2021-05-23;13;56;205607;107491;37.5;19.6
71;2021-05-24;18;96;205625;107587;37.5;19.6
71;2021-05-25;2691;3006;208316;110593;38.0;20.2
71;2021-05-26;2968;2429;211284;113022;38.6;20.6
71;2021-05-27;3388;2584;214672;115606;39.2;21.1
71;2021-05-28;2918;3160;217590;118766;39.7;21.7
71;2021-05-29;481;659;218071;119425;39.8;21.8
71;2021-05-30;75;57;218146;119482;39.8;21.8
71;2021-05-31;2772;3458;220918;122940;40.3;22.4
71;2021-06-01;3659;3542;224577;126482;41.0;23.1
71;2021-06-02;3993;2623;228570;129105;41.7;23.6
71;2021-06-03;4434;2529;233004;131634;42.5;24.0
71;2021-06-04;3715;3713;236719;135347;43.2;24.7
71;2021-06-05;675;643;237394;135990;43.3;24.8
71;2021-06-06;57;91;237451;136081;43.3;24.8
71;2021-06-07;3278;4144;240729;140225;43.9;25.6
71;2021-06-08;3896;4011;244625;144236;44.7;26.3
71;2021-06-09;4690;2748;249315;146984;45.5;26.8
71;2021-06-10;5265;2737;254580;149721;46.5;27.3
71;2021-06-11;4434;3718;259014;153439;47.3;28.0
71;2021-06-12;709;592;259723;154031;47.4;28.1
71;2021-06-13;103;186;259826;154217;47.4;28.2
71;2021-06-14;3510;3778;263336;157995;48.1;28.8
71;2021-06-15;4204;3561;267540;161556;48.8;29.5
71;2021-06-16;4594;2719;272134;164275;49.7;30.0
71;2021-06-17;4264;3000;276398;167275;50.5;30.5
71;2021-06-18;4319;3767;280717;171042;51.2;31.2
71;2021-06-19;1264;650;281981;171692;51.5;31.3
71;2021-06-20;37;27;282018;171719;51.5;31.3
71;2021-06-21;2270;4280;284288;175999;51.9;32.1
71;2021-06-22;2681;4352;286969;180351;52.4;32.9
71;2021-06-23;3061;3414;290030;183765;52.9;33.5
71;2021-06-24;3325;3021;293355;186786;53.5;34.1
71;2021-06-25;2646;4471;296001;191257;54.0;34.9
71;2021-06-26;370;550;296371;191807;54.1;35.0
71;2021-06-27;30;68;296401;191875;54.1;35.0
71;2021-06-28;1530;4623;297931;196498;54.4;35.9
71;2021-06-29;1982;4820;299913;201318;54.7;36.7
71;2021-06-30;2479;3929;302392;205247;55.2;37.5
71;2021-07-01;2624;3905;305016;209152;55.7;38.2
71;2021-07-02;2873;3981;307889;213133;56.2;38.9
71;2021-07-03;315;709;308204;213842;56.3;39.0
71;2021-07-04;28;133;308232;213975;56.3;39.1
71;2021-07-05;2465;4323;310697;218298;56.7;39.8
71;2021-07-06;2452;4577;313149;222875;57.2;40.7
71;2021-07-07;2942;3732;316091;226607;57.7;41.4
71;2021-07-08;2752;4117;318843;230724;58.2;42.1
71;2021-07-09;2283;5027;321126;235751;58.6;43.0
71;2021-07-10;199;654;321325;236405;58.7;43.2
71;2021-07-11;14;65;321339;236470;58.7;43.2
71;2021-07-12;1898;5317;323237;241787;59.0;44.1
71;2021-07-13;2511;5869;325748;247656;59.5;45.2
71;2021-07-14;945;399;326693;248055;59.6;45.3
71;2021-07-15;3008;5737;329701;253792;60.2;46.3
71;2021-07-16;3281;6016;332982;259808;60.8;47.4
71;2021-07-17;500;776;333482;260584;60.9;47.6
71;2021-07-18;87;92;333569;260676;60.9;47.6
71;2021-07-19;2854;5696;336423;266372;61.4;48.6
71;2021-07-20;3320;5919;339743;272291;62.0;49.7
71;2021-07-21;3390;5464;343133;277755;62.6;50.7
71;2021-07-22;3930;5330;347063;283085;63.4;51.7
71;2021-07-23;3209;5994;350272;289079;63.9;52.8
71;2021-07-24;584;580;350856;289659;64.0;52.9
71;2021-07-25;145;80;351001;289739;64.1;52.9
71;2021-07-26;3510;4888;354511;294627;64.7;53.8
71;2021-07-27;3976;5090;358487;299717;65.4;54.7
71;2021-07-28;4159;4799;362646;304516;66.2;55.6
72;2020-12-27;0;0;0;0;0.0;0.0
72;2020-12-28;0;0;0;0;0.0;0.0
72;2020-12-29;0;0;0;0;0.0;0.0
72;2020-12-30;0;0;0;0;0.0;0.0
72;2020-12-31;0;0;0;0;0.0;0.0
72;2021-01-01;2;0;2;0;0.0;0.0
72;2021-01-02;0;0;2;0;0.0;0.0
72;2021-01-03;0;0;2;0;0.0;0.0
72;2021-01-04;0;0;2;0;0.0;0.0
72;2021-01-05;14;0;16;0;0.0;0.0
72;2021-01-06;27;0;43;0;0.0;0.0
72;2021-01-07;110;0;153;0;0.0;0.0
72;2021-01-08;232;0;385;0;0.1;0.0
72;2021-01-09;36;0;421;0;0.1;0.0
72;2021-01-10;0;0;421;0;0.1;0.0
72;2021-01-11;485;1;906;1;0.2;0.0
72;2021-01-12;614;0;1520;1;0.3;0.0
72;2021-01-13;500;1;2020;2;0.4;0.0
72;2021-01-14;643;3;2663;5;0.5;0.0
72;2021-01-15;478;1;3141;6;0.6;0.0
72;2021-01-16;93;0;3234;6;0.6;0.0
72;2021-01-17;0;0;3234;6;0.6;0.0
72;2021-01-18;292;0;3526;6;0.6;0.0
72;2021-01-19;773;2;4299;8;0.8;0.0
72;2021-01-20;1518;3;5817;11;1.0;0.0
72;2021-01-21;1741;5;7558;16;1.3;0.0
72;2021-01-22;1149;5;8707;21;1.6;0.0
72;2021-01-23;32;0;8739;21;1.6;0.0
72;2021-01-24;0;0;8739;21;1.6;0.0
72;2021-01-25;502;7;9241;28;1.6;0.0
72;2021-01-26;1165;22;10406;50;1.9;0.0
72;2021-01-27;882;19;11288;69;2.0;0.0
72;2021-01-28;776;68;12064;137;2.2;0.0
72;2021-01-29;712;70;12776;207;2.3;0.0
72;2021-01-30;58;0;12834;207;2.3;0.0
72;2021-01-31;1;0;12835;207;2.3;0.0
72;2021-02-01;498;229;13333;436;2.4;0.1
72;2021-02-02;506;296;13839;732;2.5;0.1
72;2021-02-03;482;229;14321;961;2.6;0.2
72;2021-02-04;475;342;14796;1303;2.6;0.2
72;2021-02-05;508;409;15304;1712;2.7;0.3
72;2021-02-06;83;14;15387;1726;2.7;0.3
72;2021-02-07;19;3;15406;1729;2.7;0.3
72;2021-02-08;309;407;15715;2136;2.8;0.4
72;2021-02-09;489;535;16204;2671;2.9;0.5
72;2021-02-10;551;927;16755;3598;3.0;0.6
72;2021-02-11;852;1350;17607;4948;3.1;0.9
72;2021-02-12;849;595;18456;5543;3.3;1.0
72;2021-02-13;108;38;18564;5581;3.3;1.0
72;2021-02-14;1;22;18565;5603;3.3;1.0
72;2021-02-15;220;504;18785;6107;3.4;1.1
72;2021-02-16;498;1030;19283;7137;3.4;1.3
72;2021-02-17;464;718;19747;7855;3.5;1.4
72;2021-02-18;594;638;20341;8493;3.6;1.5
72;2021-02-19;519;599;20860;9092;3.7;1.6
72;2021-02-20;79;57;20939;9149;3.7;1.6
72;2021-02-21;0;0;20939;9149;3.7;1.6
72;2021-02-22;325;584;21264;9733;3.8;1.7
72;2021-02-23;566;530;21830;10263;3.9;1.8
72;2021-02-24;433;470;22263;10733;4.0;1.9
72;2021-02-25;921;566;23184;11299;4.1;2.0
72;2021-02-26;600;514;23784;11813;4.2;2.1
72;2021-02-27;322;67;24106;11880;4.3;2.1
72;2021-02-28;15;17;24121;11897;4.3;2.1
72;2021-03-01;377;483;24498;12380;4.4;2.2
72;2021-03-02;503;605;25001;12985;4.5;2.3
72;2021-03-03;731;647;25732;13632;4.6;2.4
72;2021-03-04;736;782;26468;14414;4.7;2.6
72;2021-03-05;936;770;27404;15184;4.9;2.7
72;2021-03-06;757;132;28161;15316;5.0;2.7
72;2021-03-07;447;24;28608;15340;5.1;2.7
72;2021-03-08;559;466;29167;15806;5.2;2.8
72;2021-03-09;1037;654;30204;16460;5.4;2.9
72;2021-03-10;1133;664;31337;17124;5.6;3.1
72;2021-03-11;1606;490;32943;17614;5.9;3.1
72;2021-03-12;1361;515;34304;18129;6.1;3.2
72;2021-03-13;980;115;35284;18244;6.3;3.3
72;2021-03-14;14;10;35298;18254;6.3;3.3
72;2021-03-15;1157;220;36455;18474;6.5;3.3
72;2021-03-16;1051;189;37506;18663;6.7;3.3
72;2021-03-17;1029;257;38535;18920;6.9;3.4
72;2021-03-18;1087;369;39622;19289;7.1;3.4
72;2021-03-19;1273;288;40895;19577;7.3;3.5
72;2021-03-20;486;91;41381;19668;7.4;3.5
72;2021-03-21;19;0;41400;19668;7.4;3.5
72;2021-03-22;1348;342;42748;20010;7.6;3.6
72;2021-03-23;1722;478;44470;20488;7.9;3.7
72;2021-03-24;1838;301;46308;20789;8.3;3.7
72;2021-03-25;2445;455;48753;21244;8.7;3.8
72;2021-03-26;2333;371;51086;21615;9.1;3.9
72;2021-03-27;611;28;51697;21643;9.2;3.9
72;2021-03-28;22;0;51719;21643;9.2;3.9
72;2021-03-29;1614;378;53333;22021;9.5;3.9
72;2021-03-30;2493;383;55826;22404;10.0;4.0
72;2021-03-31;2133;359;57959;22763;10.3;4.1
72;2021-04-01;2834;333;60793;23096;10.9;4.1
72;2021-04-02;2247;391;63040;23487;11.3;4.2
72;2021-04-03;289;37;63329;23524;11.3;4.2
72;2021-04-04;14;3;63343;23527;11.3;4.2
72;2021-04-05;51;49;63394;23576;11.3;4.2
72;2021-04-06;1759;465;65153;24041;11.6;4.3
72;2021-04-07;2558;588;67711;24629;12.1;4.4
72;2021-04-08;2714;767;70425;25396;12.6;4.5
72;2021-04-09;3860;567;74285;25963;13.3;4.6
72;2021-04-10;1111;46;75396;26009;13.5;4.6
72;2021-04-11;7;1;75403;26010;13.5;4.6
72;2021-04-12;1846;894;77249;26904;13.8;4.8
72;2021-04-13;2361;1068;79610;27972;14.2;5.0
72;2021-04-14;2247;1090;81857;29062;14.6;5.2
72;2021-04-15;2420;1109;84277;30171;15.0;5.4
72;2021-04-16;2563;957;86840;31128;15.5;5.6
72;2021-04-17;707;141;87547;31269;15.6;5.6
72;2021-04-18;57;2;87604;31271;15.6;5.6
72;2021-04-19;1396;1094;89000;32365;15.9;5.8
72;2021-04-20;3000;1292;92000;33657;16.4;6.0
72;2021-04-21;2515;1557;94515;35214;16.9;6.3
72;2021-04-22;2814;1790;97329;37004;17.4;6.6
72;2021-04-23;3206;1445;100535;38449;17.9;6.9
72;2021-04-24;1400;263;101935;38712;18.2;6.9
72;2021-04-25;881;19;102816;38731;18.4;6.9
72;2021-04-26;3509;1469;106325;40200;19.0;7.2
72;2021-04-27;4087;1857;110412;42057;19.7;7.5
72;2021-04-28;3832;1859;114244;43916;20.4;7.8
72;2021-04-29;4157;1808;118401;45724;21.1;8.2
72;2021-04-30;3609;1708;122010;47432;21.8;8.5
72;2021-05-01;1642;221;123652;47653;22.1;8.5
72;2021-05-02;1532;156;125184;47809;22.3;8.5
72;2021-05-03;3458;1150;128642;48959;23.0;8.7
72;2021-05-04;4013;1795;132655;50754;23.7;9.1
72;2021-05-05;3867;2178;136522;52932;24.4;9.4
72;2021-05-06;3596;1934;140118;54866;25.0;9.8
72;2021-05-07;3545;2150;143663;57016;25.6;10.2
72;2021-05-08;1902;149;145565;57165;26.0;10.2
72;2021-05-09;2082;204;147647;57369;26.4;10.2
72;2021-05-10;3771;1519;151418;58888;27.0;10.5
72;2021-05-11;4597;1991;156015;60879;27.8;10.9
72;2021-05-12;4079;1820;160094;62699;28.6;11.2
72;2021-05-13;3032;268;163126;62967;29.1;11.2
72;2021-05-14;3663;1382;166789;64349;29.8;11.5
72;2021-05-15;3121;358;169910;64707;30.3;11.6
72;2021-05-16;2501;152;172411;64859;30.8;11.6
72;2021-05-17;3724;1278;176135;66137;31.4;11.8
72;2021-05-18;4332;1683;180467;67820;32.2;12.1
72;2021-05-19;3978;1505;184445;69325;32.9;12.4
72;2021-05-20;4259;1449;188704;70774;33.7;12.6
72;2021-05-21;3791;1384;192495;72158;34.4;12.9
72;2021-05-22;2560;506;195055;72664;34.8;13.0
72;2021-05-23;1391;162;196446;72826;35.1;13.0
72;2021-05-24;2351;294;198797;73120;35.5;13.1
72;2021-05-25;4073;1408;202870;74528;36.2;13.3
72;2021-05-26;4097;1406;206967;75934;36.9;13.6
72;2021-05-27;4345;2043;211312;77977;37.7;13.9
72;2021-05-28;4105;2014;215417;79991;38.5;14.3
72;2021-05-29;2667;808;218084;80799;38.9;14.4
72;2021-05-30;1142;871;219226;81670;39.1;14.6
72;2021-05-31;3119;2329;222345;83999;39.7;15.0
72;2021-06-01;3564;2667;225909;86666;40.3;15.5
72;2021-06-02;3608;2777;229517;89443;41.0;16.0
72;2021-06-03;4240;2999;233757;92442;41.7;16.5
72;2021-06-04;3892;2751;237649;95193;42.4;17.0
72;2021-06-05;1438;2567;239087;97760;42.7;17.5
72;2021-06-06;909;1538;239996;99298;42.8;17.7
72;2021-06-07;1749;3417;241745;102715;43.2;18.3
72;2021-06-08;2926;3829;244671;106544;43.7;19.0
72;2021-06-09;2648;3363;247319;109907;44.1;19.6
72;2021-06-10;2828;3309;250147;113216;44.7;20.2
72;2021-06-11;2839;3770;252986;116986;45.2;20.9
72;2021-06-12;1242;2598;254228;119584;45.4;21.3
72;2021-06-13;388;1858;254616;121442;45.4;21.7
72;2021-06-14;1326;4125;255942;125567;45.7;22.4
72;2021-06-15;2752;3509;258694;129076;46.2;23.0
72;2021-06-16;2429;3569;261123;132645;46.6;23.7
72;2021-06-17;2319;3872;263442;136517;47.0;24.4
72;2021-06-18;2306;4305;265748;140822;47.4;25.1
72;2021-06-19;1127;2762;266875;143584;47.6;25.6
72;2021-06-20;338;2056;267213;145640;47.7;26.0
72;2021-06-21;1564;4030;268777;149670;48.0;26.7
72;2021-06-22;1708;4993;270485;154663;48.3;27.6
72;2021-06-23;1999;4223;272484;158886;48.6;28.4
72;2021-06-24;2223;4012;274707;162898;49.0;29.1
72;2021-06-25;1765;4842;276472;167740;49.3;29.9
72;2021-06-26;1186;2875;277658;170615;49.6;30.5
72;2021-06-27;391;2113;278049;172728;49.6;30.8
72;2021-06-28;1438;4291;279487;177019;49.9;31.6
72;2021-06-29;1758;4748;281245;181767;50.2;32.4
72;2021-06-30;1971;4174;283216;185941;50.6;33.2
72;2021-07-01;1934;4424;285150;190365;50.9;34.0
72;2021-07-02;1844;4723;286994;195088;51.2;34.8
72;2021-07-03;1287;3125;288281;198213;51.5;35.4
72;2021-07-04;581;1951;288862;200164;51.6;35.7
72;2021-07-05;1185;4174;290047;204338;51.8;36.5
72;2021-07-06;1454;5170;291501;209508;52.0;37.4
72;2021-07-07;1577;4617;293078;214125;52.3;38.2
72;2021-07-08;1644;4334;294722;218459;52.6;39.0
72;2021-07-09;2096;4626;296818;223085;53.0;39.8
72;2021-07-10;1583;2694;298401;225779;53.3;40.3
72;2021-07-11;948;1590;299349;227369;53.4;40.6
72;2021-07-12;1592;3756;300941;231125;53.7;41.3
72;2021-07-13;2080;4778;303021;235903;54.1;42.1
72;2021-07-14;1315;2366;304336;238269;54.3;42.5
72;2021-07-15;3473;3426;307809;241695;54.9;43.1
72;2021-07-16;3159;4126;310968;245821;55.5;43.9
72;2021-07-17;2626;1763;313594;247584;56.0;44.2
72;2021-07-18;1704;815;315298;248399;56.3;44.3
72;2021-07-19;2903;3511;318201;251910;56.8;45.0
72;2021-07-20;3023;4286;321224;256196;57.3;45.7
72;2021-07-21;2869;3595;324093;259791;57.9;46.4
72;2021-07-22;3745;2907;327838;262698;58.5;46.9
72;2021-07-23;3445;3778;331283;266476;59.1;47.6
72;2021-07-24;2811;1458;334094;267934;59.6;47.8
72;2021-07-25;1445;1073;335539;269007;59.9;48.0
72;2021-07-26;2713;2914;338252;271921;60.4;48.5
72;2021-07-27;3820;3798;342072;275719;61.1;49.2
72;2021-07-28;3555;3107;345627;278826;61.7;49.8
73;2020-12-27;0;0;0;0;0.0;0.0
73;2020-12-28;0;0;0;0;0.0;0.0
73;2020-12-29;0;0;0;0;0.0;0.0
73;2020-12-30;0;0;0;0;0.0;0.0
73;2020-12-31;0;0;0;0;0.0;0.0
73;2021-01-01;0;0;0;0;0.0;0.0
73;2021-01-02;0;0;0;0;0.0;0.0
73;2021-01-03;0;0;0;0;0.0;0.0
73;2021-01-04;1;0;1;0;0.0;0.0
73;2021-01-05;0;0;1;0;0.0;0.0
73;2021-01-06;1;0;2;0;0.0;0.0
73;2021-01-07;30;0;32;0;0.0;0.0
73;2021-01-08;81;0;113;0;0.0;0.0
73;2021-01-09;0;0;113;0;0.0;0.0
73;2021-01-10;0;0;113;0;0.0;0.0
73;2021-01-11;85;0;198;0;0.0;0.0
73;2021-01-12;303;1;501;1;0.1;0.0
73;2021-01-13;356;1;857;2;0.2;0.0
73;2021-01-14;511;2;1368;4;0.3;0.0
73;2021-01-15;616;1;1984;5;0.5;0.0
73;2021-01-16;127;0;2111;5;0.5;0.0
73;2021-01-17;0;0;2111;5;0.5;0.0
73;2021-01-18;624;0;2735;5;0.6;0.0
73;2021-01-19;1237;3;3972;8;0.9;0.0
73;2021-01-20;951;1;4923;9;1.1;0.0
73;2021-01-21;981;5;5904;14;1.4;0.0
73;2021-01-22;944;0;6848;14;1.6;0.0
73;2021-01-23;387;0;7235;14;1.7;0.0
73;2021-01-24;0;0;7235;14;1.7;0.0
73;2021-01-25;656;5;7891;19;1.8;0.0
73;2021-01-26;761;2;8652;21;2.0;0.0
73;2021-01-27;1104;4;9756;25;2.3;0.0
73;2021-01-28;960;5;10716;30;2.5;0.0
73;2021-01-29;684;5;11400;35;2.6;0.0
73;2021-01-30;345;3;11745;38;2.7;0.0
73;2021-01-31;0;0;11745;38;2.7;0.0
73;2021-02-01;620;40;12365;78;2.9;0.0
73;2021-02-02;751;321;13116;399;3.0;0.1
73;2021-02-03;653;349;13769;748;3.2;0.2
73;2021-02-04;624;234;14393;982;3.3;0.2
73;2021-02-05;678;409;15071;1391;3.5;0.3
73;2021-02-06;261;38;15332;1429;3.5;0.3
73;2021-02-07;0;0;15332;1429;3.5;0.3
73;2021-02-08;521;254;15853;1683;3.7;0.4
73;2021-02-09;793;445;16646;2128;3.8;0.5
73;2021-02-10;892;393;17538;2521;4.1;0.6
73;2021-02-11;957;708;18495;3229;4.3;0.7
73;2021-02-12;810;497;19305;3726;4.5;0.9
73;2021-02-13;263;58;19568;3784;4.5;0.9
73;2021-02-14;1;0;19569;3784;4.5;0.9
73;2021-02-15;346;530;19915;4314;4.6;1.0
73;2021-02-16;453;743;20368;5057;4.7;1.2
73;2021-02-17;450;960;20818;6017;4.8;1.4
73;2021-02-18;469;555;21287;6572;4.9;1.5
73;2021-02-19;444;635;21731;7207;5.0;1.7
73;2021-02-20;70;249;21801;7456;5.0;1.7
73;2021-02-21;0;0;21801;7456;5.0;1.7
73;2021-02-22;240;441;22041;7897;5.1;1.8
73;2021-02-23;324;518;22365;8415;5.2;1.9
73;2021-02-24;485;747;22850;9162;5.3;2.1
73;2021-02-25;502;501;23352;9663;5.4;2.2
73;2021-02-26;730;566;24082;10229;5.6;2.4
73;2021-02-27;331;238;24413;10467;5.6;2.4
73;2021-02-28;1;1;24414;10468;5.6;2.4
73;2021-03-01;556;515;24970;10983;5.8;2.5
73;2021-03-02;666;893;25636;11876;5.9;2.7
73;2021-03-03;642;1192;26278;13068;6.1;3.0
73;2021-03-04;1031;894;27309;13962;6.3;3.2
73;2021-03-05;1237;603;28546;14565;6.6;3.4
73;2021-03-06;1092;328;29638;14893;6.9;3.4
73;2021-03-07;454;88;30092;14981;7.0;3.5
73;2021-03-08;606;425;30698;15406;7.1;3.6
73;2021-03-09;984;535;31682;15941;7.3;3.7
73;2021-03-10;1035;863;32717;16804;7.6;3.9
73;2021-03-11;1554;654;34271;17458;7.9;4.0
73;2021-03-12;2016;528;36287;17986;8.4;4.2
73;2021-03-13;1178;200;37465;18186;8.7;4.2
73;2021-03-14;65;3;37530;18189;8.7;4.2
73;2021-03-15;1182;390;38712;18579;8.9;4.3
73;2021-03-16;791;397;39503;18976;9.1;4.4
73;2021-03-17;875;475;40378;19451;9.3;4.5
73;2021-03-18;1350;256;41728;19707;9.6;4.6
73;2021-03-19;1765;389;43493;20096;10.1;4.6
73;2021-03-20;886;127;44379;20223;10.3;4.7
73;2021-03-21;123;2;44502;20225;10.3;4.7
73;2021-03-22;1182;387;45684;20612;10.6;4.8
73;2021-03-23;1446;230;47130;20842;10.9;4.8
73;2021-03-24;1592;342;48722;21184;11.3;4.9
73;2021-03-25;2055;379;50777;21563;11.7;5.0
73;2021-03-26;2470;354;53247;21917;12.3;5.1
73;2021-03-27;886;141;54133;22058;12.5;5.1
73;2021-03-28;309;10;54442;22068;12.6;5.1
73;2021-03-29;1509;234;55951;22302;12.9;5.2
73;2021-03-30;2085;475;58036;22777;13.4;5.3
73;2021-03-31;2088;390;60124;23167;13.9;5.4
73;2021-04-01;2086;327;62210;23494;14.4;5.4
73;2021-04-02;2355;214;64565;23708;14.9;5.5
73;2021-04-03;848;144;65413;23852;15.1;5.5
73;2021-04-04;187;18;65600;23870;15.2;5.5
73;2021-04-05;212;25;65812;23895;15.2;5.5
73;2021-04-06;1503;496;67315;24391;15.6;5.6
73;2021-04-07;1945;637;69260;25028;16.0;5.8
73;2021-04-08;2489;807;71749;25835;16.6;6.0
73;2021-04-09;3060;499;74809;26334;17.3;6.1
73;2021-04-10;1134;309;75943;26643;17.6;6.2
73;2021-04-11;163;8;76106;26651;17.6;6.2
73;2021-04-12;1697;970;77803;27621;18.0;6.4
73;2021-04-13;1891;1122;79694;28743;18.4;6.6
73;2021-04-14;2016;1082;81710;29825;18.9;6.9
73;2021-04-15;2415;1165;84125;30990;19.4;7.2
73;2021-04-16;1892;920;86017;31910;19.9;7.4
73;2021-04-17;1175;553;87192;32463;20.2;7.5
73;2021-04-18;155;75;87347;32538;20.2;7.5
73;2021-04-19;1380;1050;88727;33588;20.5;7.8
73;2021-04-20;1789;1306;90516;34894;20.9;8.1
73;2021-04-21;1573;1297;92089;36191;21.3;8.4
73;2021-04-22;1814;1220;93903;37411;21.7;8.6
73;2021-04-23;1889;1245;95792;38656;22.1;8.9
73;2021-04-24;980;669;96772;39325;22.4;9.1
73;2021-04-25;79;97;96851;39422;22.4;9.1
73;2021-04-26;1165;1315;98016;40737;22.7;9.4
73;2021-04-27;1441;1465;99457;42202;23.0;9.8
73;2021-04-28;1732;1459;101189;43661;23.4;10.1
73;2021-04-29;2413;1562;103602;45223;24.0;10.5
73;2021-04-30;2390;1434;105992;46657;24.5;10.8
73;2021-05-01;1068;304;107060;46961;24.8;10.9
73;2021-05-02;34;165;107094;47126;24.8;10.9
73;2021-05-03;1392;1590;108486;48716;25.1;11.3
73;2021-05-04;1705;1827;110191;50543;25.5;11.7
73;2021-05-05;1973;1685;112164;52228;25.9;12.1
73;2021-05-06;2428;1698;114592;53926;26.5;12.5
73;2021-05-07;2261;1849;116853;55775;27.0;12.9
73;2021-05-08;1835;376;118688;56151;27.4;13.0
73;2021-05-09;127;122;118815;56273;27.5;13.0
73;2021-05-10;1607;1886;120422;58159;27.8;13.4
73;2021-05-11;2378;2363;122800;60522;28.4;14.0
73;2021-05-12;3553;2088;126353;62610;29.2;14.5
73;2021-05-13;1554;272;127907;62882;29.6;14.5
73;2021-05-14;1585;1490;129492;64372;29.9;14.9
73;2021-05-15;1442;942;130934;65314;30.3;15.1
73;2021-05-16;131;62;131065;65376;30.3;15.1
73;2021-05-17;1707;1949;132772;67325;30.7;15.6
73;2021-05-18;2495;1732;135267;69057;31.3;16.0
73;2021-05-19;2540;1623;137807;70680;31.9;16.3
73;2021-05-20;3162;1501;140969;72181;32.6;16.7
73;2021-05-21;2471;1847;143440;74028;33.2;17.1
73;2021-05-22;1989;921;145429;74949;33.6;17.3
73;2021-05-23;211;14;145640;74963;33.7;17.3
73;2021-05-24;2565;329;148205;75292;34.3;17.4
73;2021-05-25;2137;1739;150342;77031;34.8;17.8
73;2021-05-26;2343;1999;152685;79030;35.3;18.3
73;2021-05-27;3081;1711;155766;80741;36.0;18.7
73;2021-05-28;2917;2372;158683;83113;36.7;19.2
73;2021-05-29;2317;1322;161000;84435;37.2;19.5
73;2021-05-30;185;14;161185;84449;37.3;19.5
73;2021-05-31;2411;1627;163596;86076;37.8;19.9
73;2021-06-01;3177;1789;166773;87865;38.6;20.3
73;2021-06-02;3095;1459;169868;89324;39.3;20.7
73;2021-06-03;4420;1743;174288;91067;40.3;21.1
73;2021-06-04;4272;2179;178560;93246;41.3;21.6
73;2021-06-05;3157;1279;181717;94525;42.0;21.9
73;2021-06-06;1881;297;183598;94822;42.4;21.9
73;2021-06-07;2753;2147;186351;96969;43.1;22.4
73;2021-06-08;2685;1876;189036;98845;43.7;22.9
73;2021-06-09;2359;1788;191395;100633;44.2;23.3
73;2021-06-10;1989;1652;193384;102285;44.7;23.6
73;2021-06-11;2190;2442;195574;104727;45.2;24.2
73;2021-06-12;2244;1330;197818;106057;45.7;24.5
73;2021-06-13;44;82;197862;106139;45.7;24.5
73;2021-06-14;1347;2930;199209;109069;46.1;25.2
73;2021-06-15;1591;2753;200800;111822;46.4;25.9
73;2021-06-16;1463;2571;202263;114393;46.8;26.4
73;2021-06-17;940;1728;203203;116121;47.0;26.8
73;2021-06-18;1877;2932;205080;119053;47.4;27.5
73;2021-06-19;1411;1986;206491;121039;47.7;28.0
73;2021-06-20;447;306;206938;121345;47.8;28.1
73;2021-06-21;1109;2939;208047;124284;48.1;28.7
73;2021-06-22;1090;2872;209137;127156;48.4;29.4
73;2021-06-23;1081;3135;210218;130291;48.6;30.1
73;2021-06-24;873;1792;211091;132083;48.8;30.5
73;2021-06-25;1254;2801;212345;134884;49.1;31.2
73;2021-06-26;936;2395;213281;137279;49.3;31.7
73;2021-06-27;318;548;213599;137827;49.4;31.9
73;2021-06-28;961;3557;214560;141384;49.6;32.7
73;2021-06-29;1068;3341;215628;144725;49.9;33.5
73;2021-06-30;1183;3126;216811;147851;50.1;34.2
73;2021-07-01;1131;2365;217942;150216;50.4;34.7
73;2021-07-02;1205;3627;219147;153843;50.7;35.6
73;2021-07-03;956;2796;220103;156639;50.9;36.2
73;2021-07-04;300;618;220403;157257;51.0;36.4
73;2021-07-05;1148;3687;221551;160944;51.2;37.2
73;2021-07-06;1242;2948;222793;163892;51.5;37.9
73;2021-07-07;1427;2953;224220;166845;51.8;38.6
73;2021-07-08;1361;2301;225581;169146;52.2;39.1
73;2021-07-09;1415;4027;226996;173173;52.5;40.0
73;2021-07-10;876;3012;227872;176185;52.7;40.7
73;2021-07-11;559;1469;228431;177654;52.8;41.1
73;2021-07-12;1048;4207;229479;181861;53.1;42.0
73;2021-07-13;1715;4229;231194;186090;53.4;43.0
73;2021-07-14;1835;1912;233029;188002;53.9;43.5
73;2021-07-15;2723;3799;235752;191801;54.5;44.3
73;2021-07-16;2393;4003;238145;195804;55.1;45.3
73;2021-07-17;1500;2598;239645;198402;55.4;45.9
73;2021-07-18;1175;1215;240820;199617;55.7;46.1
73;2021-07-19;2420;3237;243240;202854;56.2;46.9
73;2021-07-20;3345;2844;246585;205698;57.0;47.6
73;2021-07-21;3360;2764;249945;208462;57.8;48.2
73;2021-07-22;2709;2206;252654;210668;58.4;48.7
73;2021-07-23;3377;2883;256031;213551;59.2;49.4
73;2021-07-24;2041;2262;258072;215813;59.7;49.9
73;2021-07-25;620;790;258692;216603;59.8;50.1
73;2021-07-26;2609;2473;261301;219076;60.4;50.6
73;2021-07-27;3777;2235;265078;221311;61.3;51.2
73;2021-07-28;3509;2068;268587;223379;62.1;51.6
74;2020-12-27;2;0;2;0;0.0;0.0
74;2020-12-28;1;0;3;0;0.0;0.0
74;2020-12-29;0;0;3;0;0.0;0.0
74;2020-12-30;0;0;3;0;0.0;0.0
74;2020-12-31;0;0;3;0;0.0;0.0
74;2021-01-01;0;0;3;0;0.0;0.0
74;2021-01-02;1;1;4;1;0.0;0.0
74;2021-01-03;0;0;4;1;0.0;0.0
74;2021-01-04;0;0;4;1;0.0;0.0
74;2021-01-05;0;0;4;1;0.0;0.0
74;2021-01-06;44;0;48;1;0.0;0.0
74;2021-01-07;218;1;266;2;0.0;0.0
74;2021-01-08;291;1;557;3;0.1;0.0
74;2021-01-09;78;0;635;3;0.1;0.0
74;2021-01-10;73;0;708;3;0.1;0.0
74;2021-01-11;373;0;1081;3;0.1;0.0
74;2021-01-12;403;3;1484;6;0.2;0.0
74;2021-01-13;395;0;1879;6;0.2;0.0
74;2021-01-14;457;1;2336;7;0.3;0.0
74;2021-01-15;638;4;2974;11;0.4;0.0
74;2021-01-16;250;1;3224;12;0.4;0.0
74;2021-01-17;130;1;3354;13;0.4;0.0
74;2021-01-18;521;0;3875;13;0.5;0.0
74;2021-01-19;809;2;4684;15;0.6;0.0
74;2021-01-20;1274;4;5958;19;0.7;0.0
74;2021-01-21;1541;1;7499;20;0.9;0.0
74;2021-01-22;1214;6;8713;26;1.1;0.0
74;2021-01-23;342;1;9055;27;1.1;0.0
74;2021-01-24;90;0;9145;27;1.1;0.0
74;2021-01-25;795;2;9940;29;1.2;0.0
74;2021-01-26;1352;11;11292;40;1.4;0.0
74;2021-01-27;1072;10;12364;50;1.5;0.0
74;2021-01-28;984;30;13348;80;1.6;0.0
74;2021-01-29;875;42;14223;122;1.7;0.0
74;2021-01-30;303;1;14526;123;1.8;0.0
74;2021-01-31;84;1;14610;124;1.8;0.0
74;2021-02-01;626;44;15236;168;1.8;0.0
74;2021-02-02;640;155;15876;323;1.9;0.0
74;2021-02-03;602;124;16478;447;2.0;0.1
74;2021-02-04;610;135;17088;582;2.1;0.1
74;2021-02-05;544;227;17632;809;2.1;0.1
74;2021-02-06;266;140;17898;949;2.2;0.1
74;2021-02-07;93;127;17991;1076;2.2;0.1
74;2021-02-08;616;350;18607;1426;2.2;0.2
74;2021-02-09;534;534;19141;1960;2.3;0.2
74;2021-02-10;684;523;19825;2483;2.4;0.3
74;2021-02-11;1055;1020;20880;3503;2.5;0.4
74;2021-02-12;904;617;21784;4120;2.6;0.5
74;2021-02-13;399;240;22183;4360;2.7;0.5
74;2021-02-14;316;112;22499;4472;2.7;0.5
74;2021-02-15;275;856;22774;5328;2.7;0.6
74;2021-02-16;487;1069;23261;6397;2.8;0.8
74;2021-02-17;535;1114;23796;7511;2.9;0.9
74;2021-02-18;471;994;24267;8505;2.9;1.0
74;2021-02-19;618;656;24885;9161;3.0;1.1
74;2021-02-20;114;192;24999;9353;3.0;1.1
74;2021-02-21;46;62;25045;9415;3.0;1.1
74;2021-02-22;316;786;25361;10201;3.1;1.2
74;2021-02-23;302;827;25663;11028;3.1;1.3
74;2021-02-24;239;682;25902;11710;3.1;1.4
74;2021-02-25;517;751;26419;12461;3.2;1.5
74;2021-02-26;969;701;27388;13162;3.3;1.6
74;2021-02-27;253;186;27641;13348;3.3;1.6
74;2021-02-28;124;70;27765;13418;3.4;1.6
74;2021-03-01;718;627;28483;14045;3.4;1.7
74;2021-03-02;1087;684;29570;14729;3.6;1.8
74;2021-03-03;1010;630;30580;15359;3.7;1.9
74;2021-03-04;1606;1007;32186;16366;3.9;2.0
74;2021-03-05;2082;889;34268;17255;4.1;2.1
74;2021-03-06;1749;317;36017;17572;4.3;2.1
74;2021-03-07;1382;103;37399;17675;4.5;2.1
74;2021-03-08;1193;955;38592;18630;4.7;2.2
74;2021-03-09;1934;657;40526;19287;4.9;2.3
74;2021-03-10;1738;896;42264;20183;5.1;2.4
74;2021-03-11;2439;705;44703;20888;5.4;2.5
74;2021-03-12;3236;1000;47939;21888;5.8;2.6
74;2021-03-13;1993;264;49932;22152;6.0;2.7
74;2021-03-14;607;99;50539;22251;6.1;2.7
74;2021-03-15;2118;547;52657;22798;6.4;2.8
74;2021-03-16;1950;394;54607;23192;6.6;2.8
74;2021-03-17;1969;303;56576;23495;6.8;2.8
74;2021-03-18;2124;277;58700;23772;7.1;2.9
74;2021-03-19;2622;274;61322;24046;7.4;2.9
74;2021-03-20;1373;87;62695;24133;7.6;2.9
74;2021-03-21;286;29;62981;24162;7.6;2.9
74;2021-03-22;2042;309;65023;24471;7.8;3.0
74;2021-03-23;2713;312;67736;24783;8.2;3.0
74;2021-03-24;2932;280;70668;25063;8.5;3.0
74;2021-03-25;3863;284;74531;25347;9.0;3.1
74;2021-03-26;4088;360;78619;25707;9.5;3.1
74;2021-03-27;1936;244;80555;25951;9.7;3.1
74;2021-03-28;436;76;80991;26027;9.8;3.1
74;2021-03-29;3026;700;84017;26727;10.1;3.2
74;2021-03-30;3536;744;87553;27471;10.6;3.3
74;2021-03-31;3133;706;90686;28177;10.9;3.4
74;2021-04-01;4210;856;94896;29033;11.5;3.5
74;2021-04-02;3689;761;98585;29794;11.9;3.6
74;2021-04-03;1690;530;100275;30324;12.1;3.7
74;2021-04-04;235;119;100510;30443;12.1;3.7
74;2021-04-05;431;15;100941;30458;12.2;3.7
74;2021-04-06;2618;1195;103559;31653;12.5;3.8
74;2021-04-07;3180;1215;106739;32868;12.9;4.0
74;2021-04-08;3852;1163;110591;34031;13.3;4.1
74;2021-04-09;4090;1154;114681;35185;13.8;4.2
74;2021-04-10;1941;1027;116622;36212;14.1;4.4
74;2021-04-11;252;182;116874;36394;14.1;4.4
74;2021-04-12;2710;1763;119584;38157;14.4;4.6
74;2021-04-13;3103;2076;122687;40233;14.8;4.9
74;2021-04-14;2889;1941;125576;42174;15.2;5.1
74;2021-04-15;3411;1884;128987;44058;15.6;5.3
74;2021-04-16;3372;1753;132359;45811;16.0;5.5
74;2021-04-17;1927;1027;134286;46838;16.2;5.7
74;2021-04-18;216;204;134502;47042;16.2;5.7
74;2021-04-19;2096;2085;136598;49127;16.5;5.9
74;2021-04-20;3056;2406;139654;51533;16.9;6.2
74;2021-04-21;2457;2364;142111;53897;17.2;6.5
74;2021-04-22;2620;2303;144731;56200;17.5;6.8
74;2021-04-23;2556;2233;147287;58433;17.8;7.1
74;2021-04-24;1483;1533;148770;59966;18.0;7.2
74;2021-04-25;224;149;148994;60115;18.0;7.3
74;2021-04-26;2386;2443;151380;62558;18.3;7.6
74;2021-04-27;3262;2890;154642;65448;18.7;7.9
74;2021-04-28;3457;2612;158099;68060;19.1;8.2
74;2021-04-29;3907;2651;162006;70711;19.6;8.5
74;2021-04-30;4075;2193;166081;72904;20.0;8.8
74;2021-05-01;2117;361;168198;73265;20.3;8.8
74;2021-05-02;203;234;168401;73499;20.3;8.9
74;2021-05-03;2594;2993;170995;76492;20.6;9.2
74;2021-05-04;3220;3082;174215;79574;21.0;9.6
74;2021-05-05;3396;3003;177611;82577;21.4;10.0
74;2021-05-06;3852;2617;181463;85194;21.9;10.3
74;2021-05-07;3594;3532;185057;88726;22.3;10.7
74;2021-05-08;1149;818;186206;89544;22.5;10.8
74;2021-05-09;192;248;186398;89792;22.5;10.8
74;2021-05-10;3468;3132;189866;92924;22.9;11.2
74;2021-05-11;4318;3421;194184;96345;23.4;11.6
74;2021-05-12;5288;2951;199472;99296;24.1;12.0
74;2021-05-13;2359;943;201831;100239;24.4;12.1
74;2021-05-14;5942;2382;207773;102621;25.1;12.4
74;2021-05-15;4513;1851;212286;104472;25.6;12.6
74;2021-05-16;3000;329;215286;104801;26.0;12.7
74;2021-05-17;5395;2870;220681;107671;26.6;13.0
74;2021-05-18;6772;2794;227453;110465;27.5;13.3
74;2021-05-19;6224;2286;233677;112751;28.2;13.6
74;2021-05-20;6638;2536;240315;115287;29.0;13.9
74;2021-05-21;6519;2973;246834;118260;29.8;14.3
74;2021-05-22;5288;1566;252122;119826;30.4;14.5
74;2021-05-23;2050;281;254172;120107;30.7;14.5
74;2021-05-24;2357;658;256529;120765;31.0;14.6
74;2021-05-25;5065;3330;261594;124095;31.6;15.0
74;2021-05-26;5243;2555;266837;126650;32.2;15.3
74;2021-05-27;5997;2980;272834;129630;32.9;15.6
74;2021-05-28;5660;3582;278494;133212;33.6;16.1
74;2021-05-29;3795;2147;282289;135359;34.1;16.3
74;2021-05-30;485;306;282774;135665;34.1;16.4
74;2021-05-31;5066;3547;287840;139212;34.7;16.8
74;2021-06-01;4920;3719;292760;142931;35.3;17.3
74;2021-06-02;5253;3193;298013;146124;36.0;17.6
74;2021-06-03;6883;3241;304896;149365;36.8;18.0
74;2021-06-04;6894;4423;311790;153788;37.6;18.6
74;2021-06-05;4608;2711;316398;156499;38.2;18.9
74;2021-06-06;122;112;316520;156611;38.2;18.9
74;2021-06-07;5026;4145;321546;160756;38.8;19.4
74;2021-06-08;5014;3941;326560;164697;39.4;19.9
74;2021-06-09;5064;3483;331624;168180;40.0;20.3
74;2021-06-10;5106;2863;336730;171043;40.6;20.6
74;2021-06-11;5204;3799;341934;174842;41.3;21.1
74;2021-06-12;3568;2380;345502;177222;41.7;21.4
74;2021-06-13;118;88;345620;177310;41.7;21.4
74;2021-06-14;3588;4482;349208;181792;42.2;21.9
74;2021-06-15;3659;3895;352867;185687;42.6;22.4
74;2021-06-16;4807;3117;357674;188804;43.2;22.8
74;2021-06-17;3806;2947;361480;191751;43.6;23.1
74;2021-06-18;4101;4662;365581;196413;44.1;23.7
74;2021-06-19;2983;3100;368564;199513;44.5;24.1
74;2021-06-20;121;97;368685;199610;44.5;24.1
74;2021-06-21;2379;5426;371064;205036;44.8;24.8
74;2021-06-22;2478;5312;373542;210348;45.1;25.4
74;2021-06-23;2943;4614;376485;214962;45.4;25.9
74;2021-06-24;2832;4626;379317;219588;45.8;26.5
74;2021-06-25;2900;6764;382217;226352;46.1;27.3
74;2021-06-26;1688;5397;383905;231749;46.3;28.0
74;2021-06-27;61;1664;383966;233413;46.4;28.2
74;2021-06-28;1907;7218;385873;240631;46.6;29.0
74;2021-06-29;2293;7419;388166;248050;46.9;29.9
74;2021-06-30;2714;6539;390880;254589;47.2;30.7
74;2021-07-01;3013;5399;393893;259988;47.5;31.4
74;2021-07-02;2979;6633;396872;266621;47.9;32.2
74;2021-07-03;1693;5083;398565;271704;48.1;32.8
74;2021-07-04;75;1021;398640;272725;48.1;32.9
74;2021-07-05;2025;6845;400665;279570;48.4;33.7
74;2021-07-06;2543;6491;403208;286061;48.7;34.5
74;2021-07-07;2920;5442;406128;291503;49.0;35.2
74;2021-07-08;3738;4895;409866;296398;49.5;35.8
74;2021-07-09;2577;6967;412443;303365;49.8;36.6
74;2021-07-10;1592;5127;414035;308492;50.0;37.2
74;2021-07-11;71;141;414106;308633;50.0;37.3
74;2021-07-12;2039;7899;416145;316532;50.2;38.2
74;2021-07-13;3919;7572;420064;324104;50.7;39.1
74;2021-07-14;1949;2230;422013;326334;50.9;39.4
74;2021-07-15;3545;6848;425558;333182;51.4;40.2
74;2021-07-16;4141;7735;429699;340917;51.9;41.2
74;2021-07-17;2818;5315;432517;346232;52.2;41.8
74;2021-07-18;149;157;432666;346389;52.2;41.8
74;2021-07-19;4231;7320;436897;353709;52.7;42.7
74;2021-07-20;5748;6434;442645;360143;53.4;43.5
74;2021-07-21;5497;6643;448142;366786;54.1;44.3
74;2021-07-22;4712;5309;452854;372095;54.7;44.9
74;2021-07-23;6055;6934;458909;379029;55.4;45.8
74;2021-07-24;3020;4298;461929;383327;55.8;46.3
74;2021-07-25;160;174;462089;383501;55.8;46.3
74;2021-07-26;5404;6099;467493;389600;56.4;47.0
74;2021-07-27;6688;5107;474181;394707;57.2;47.6
74;2021-07-28;6363;5041;480544;399748;58.0;48.3
75;2020-12-27;15;1;15;1;0.0;0.0
75;2020-12-28;32;0;47;1;0.0;0.0
75;2020-12-29;13;0;60;1;0.0;0.0
75;2020-12-30;38;0;98;1;0.0;0.0
75;2020-12-31;25;0;123;1;0.0;0.0
75;2021-01-01;27;0;150;1;0.0;0.0
75;2021-01-02;54;1;204;2;0.0;0.0
75;2021-01-03;85;0;289;2;0.0;0.0
75;2021-01-04;289;1;578;3;0.0;0.0
75;2021-01-05;853;13;1431;16;0.1;0.0
75;2021-01-06;1343;15;2774;31;0.1;0.0
75;2021-01-07;2058;18;4832;49;0.2;0.0
75;2021-01-08;2851;31;7683;80;0.4;0.0
75;2021-01-09;1088;2;8771;82;0.4;0.0
75;2021-01-10;1092;5;9863;87;0.5;0.0
75;2021-01-11;3068;46;12931;133;0.6;0.0
75;2021-01-12;3462;53;16393;186;0.8;0.0
75;2021-01-13;3535;44;19928;230;0.9;0.0
75;2021-01-14;3627;59;23555;289;1.1;0.0
75;2021-01-15;3291;44;26846;333;1.2;0.0
75;2021-01-16;1120;16;27966;349;1.3;0.0
75;2021-01-17;538;14;28504;363;1.3;0.0
75;2021-01-18;3240;78;31744;441;1.5;0.0
75;2021-01-19;3834;47;35578;488;1.7;0.0
75;2021-01-20;4372;72;39950;560;1.9;0.0
75;2021-01-21;4864;80;44814;640;2.1;0.0
75;2021-01-22;4546;83;49360;723;2.3;0.0
75;2021-01-23;1741;18;51101;741;2.4;0.0
75;2021-01-24;729;6;51830;747;2.4;0.0
75;2021-01-25;1686;25;53516;772;2.5;0.0
75;2021-01-26;2530;87;56046;859;2.6;0.0
75;2021-01-27;3081;159;59127;1018;2.8;0.0
75;2021-01-28;4734;258;63861;1276;3.0;0.1
75;2021-01-29;4023;267;67884;1543;3.2;0.1
75;2021-01-30;1342;32;69226;1575;3.2;0.1
75;2021-01-31;200;3;69426;1578;3.2;0.1
75;2021-02-01;1597;380;71023;1958;3.3;0.1
75;2021-02-02;2114;651;73137;2609;3.4;0.1
75;2021-02-03;1858;686;74995;3295;3.5;0.2
75;2021-02-04;2115;1134;77110;4429;3.6;0.2
75;2021-02-05;2179;871;79289;5300;3.7;0.2
75;2021-02-06;1075;94;80364;5394;3.7;0.3
75;2021-02-07;163;6;80527;5400;3.7;0.3
75;2021-02-08;1227;1475;81754;6875;3.8;0.3
75;2021-02-09;1737;2386;83491;9261;3.9;0.4
75;2021-02-10;2378;2402;85869;11663;4.0;0.5
75;2021-02-11;2901;6463;88770;18126;4.1;0.8
75;2021-02-12;3079;2414;91849;20540;4.3;1.0
75;2021-02-13;830;1059;92679;21599;4.3;1.0
75;2021-02-14;187;42;92866;21641;4.3;1.0
75;2021-02-15;979;2479;93845;24120;4.4;1.1
75;2021-02-16;1418;6567;95263;30687;4.4;1.4
75;2021-02-17;1294;3243;96557;33930;4.5;1.6
75;2021-02-18;1733;5877;98290;39807;4.6;1.9
75;2021-02-19;2189;4147;100479;43954;4.7;2.0
75;2021-02-20;465;1693;100944;45647;4.7;2.1
75;2021-02-21;182;160;101126;45807;4.7;2.1
75;2021-02-22;1195;1935;102321;47742;4.8;2.2
75;2021-02-23;1418;2728;103739;50470;4.8;2.3
75;2021-02-24;1656;2340;105395;52810;4.9;2.5
75;2021-02-25;2730;5349;108125;58159;5.0;2.7
75;2021-02-26;3329;2730;111454;60889;5.2;2.8
75;2021-02-27;1383;936;112837;61825;5.3;2.9
75;2021-02-28;305;141;113142;61966;5.3;2.9
75;2021-03-01;2550;1685;115692;63651;5.4;3.0
75;2021-03-02;4128;2200;119820;65851;5.6;3.1
75;2021-03-03;5370;2337;125190;68188;5.8;3.2
75;2021-03-04;7965;2578;133155;70766;6.2;3.3
75;2021-03-05;10489;2733;143644;73499;6.7;3.4
75;2021-03-06;11017;1056;154661;74555;7.2;3.5
75;2021-03-07;9455;1503;164116;76058;7.6;3.5
75;2021-03-08;5844;1556;169960;77614;7.9;3.6
75;2021-03-09;7464;2117;177424;79731;8.3;3.7
75;2021-03-10;7429;2099;184853;81830;8.6;3.8
75;2021-03-11;10275;2496;195128;84326;9.1;3.9
75;2021-03-12;11994;2512;207122;86838;9.6;4.0
75;2021-03-13;8505;749;215627;87587;10.0;4.1
75;2021-03-14;4137;227;219764;87814;10.2;4.1
75;2021-03-15;7398;956;227162;88770;10.6;4.1
75;2021-03-16;5093;669;232255;89439;10.8;4.2
75;2021-03-17;5368;822;237623;90261;11.1;4.2
75;2021-03-18;6550;858;244173;91119;11.4;4.2
75;2021-03-19;9685;969;253858;92088;11.8;4.3
75;2021-03-20;5887;600;259745;92688;12.1;4.3
75;2021-03-21;1554;434;261299;93122;12.2;4.3
75;2021-03-22;8565;1009;269864;94131;12.6;4.4
75;2021-03-23;10888;1228;280752;95359;13.1;4.4
75;2021-03-24;10916;1297;291668;96656;13.6;4.5
75;2021-03-25;14133;1484;305801;98140;14.2;4.6
75;2021-03-26;13897;1661;319698;99801;14.9;4.6
75;2021-03-27;7227;771;326925;100572;15.2;4.7
75;2021-03-28;1742;146;328667;100718;15.3;4.7
75;2021-03-29;7910;2216;336577;102934;15.7;4.8
75;2021-03-30;10847;3233;347424;106167;16.2;4.9
75;2021-03-31;9665;3605;357089;109772;16.6;5.1
75;2021-04-01;10599;5192;367688;114964;17.1;5.4
75;2021-04-02;8993;5564;376681;120528;17.5;5.6
75;2021-04-03;4081;4884;380762;125412;17.7;5.8
75;2021-04-04;1396;1500;382158;126912;17.8;5.9
75;2021-04-05;2199;1437;384357;128349;17.9;6.0
75;2021-04-06;6816;4301;391173;132650;18.2;6.2
75;2021-04-07;8008;4416;399181;137066;18.6;6.4
75;2021-04-08;10992;4147;410173;141213;19.1;6.6
75;2021-04-09;12124;4585;422297;145798;19.7;6.8
75;2021-04-10;5794;4272;428091;150070;19.9;7.0
75;2021-04-11;1896;1792;429987;151862;20.0;7.1
75;2021-04-12;7416;3777;437403;155639;20.4;7.2
75;2021-04-13;8507;6881;445910;162520;20.8;7.6
75;2021-04-14;8216;5220;454126;167740;21.1;7.8
75;2021-04-15;8830;6132;462956;173872;21.6;8.1
75;2021-04-16;9307;6106;472263;179978;22.0;8.4
75;2021-04-17;4796;3649;477059;183627;22.2;8.5
75;2021-04-18;1639;877;478698;184504;22.3;8.6
75;2021-04-19;5531;4937;484229;189441;22.5;8.8
75;2021-04-20;6412;5946;490641;195387;22.8;9.1
75;2021-04-21;6811;5575;497452;200962;23.2;9.4
75;2021-04-22;7485;5911;504937;206873;23.5;9.6
75;2021-04-23;8392;6200;513329;213073;23.9;9.9
75;2021-04-24;6142;3339;519471;216412;24.2;10.1
75;2021-04-25;2942;756;522413;217168;24.3;10.1
75;2021-04-26;6994;4710;529407;221878;24.6;10.3
75;2021-04-27;10552;6408;539959;228286;25.1;10.6
75;2021-04-28;12153;6017;552112;234303;25.7;10.9
75;2021-04-29;13718;6317;565830;240620;26.3;11.2
75;2021-04-30;13617;6162;579447;246782;27.0;11.5
75;2021-05-01;5052;1323;584499;248105;27.2;11.5
75;2021-05-02;2369;792;586868;248897;27.3;11.6
75;2021-05-03;10237;13554;597105;262451;27.8;12.2
75;2021-05-04;11129;8069;608234;270520;28.3;12.6
75;2021-05-05;13492;6704;621726;277224;28.9;12.9
75;2021-05-06;13953;8181;635679;285405;29.6;13.3
75;2021-05-07;13939;8580;649618;293985;30.2;13.7
75;2021-05-08;10039;5527;659657;299512;30.7;13.9
75;2021-05-09;3795;3198;663452;302710;30.9;14.1
75;2021-05-10;14260;6719;677712;309429;31.5;14.4
75;2021-05-11;16804;8421;694516;317850;32.3;14.8
75;2021-05-12;17901;8152;712417;326002;33.2;15.2
75;2021-05-13;13590;2497;726007;328499;33.8;15.3
75;2021-05-14;18341;5135;744348;333634;34.6;15.5
75;2021-05-15;12263;2635;756611;336269;35.2;15.7
75;2021-05-16;3832;762;760443;337031;35.4;15.7
75;2021-05-17;15946;4646;776389;341677;36.1;15.9
75;2021-05-18;19098;5320;795487;346997;37.0;16.2
75;2021-05-19;20682;10728;816169;357725;38.0;16.7
75;2021-05-20;21526;8670;837695;366395;39.0;17.1
75;2021-05-21;20978;6536;858673;372931;40.0;17.4
75;2021-05-22;15901;3310;874574;376241;40.7;17.5
75;2021-05-23;5610;1339;880184;377580;41.0;17.6
75;2021-05-24;15613;2565;895797;380145;41.7;17.7
75;2021-05-25;17969;9606;913766;389751;42.5;18.1
75;2021-05-26;18811;8193;932577;397944;43.4;18.5
75;2021-05-27;20099;9814;952676;407758;44.3;19.0
75;2021-05-28;19310;10872;971986;418630;45.2;19.5
75;2021-05-29;16087;5840;988073;424470;46.0;19.8
75;2021-05-30;7016;2142;995089;426612;46.3;19.9
75;2021-05-31;18067;9456;1013156;436068;47.2;20.3
75;2021-06-01;18521;12989;1031677;449057;48.0;20.9
75;2021-06-02;18039;10289;1049716;459346;48.9;21.4
75;2021-06-03;20114;11968;1069830;471314;49.8;21.9
75;2021-06-04;17938;12877;1087768;484191;50.6;22.5
75;2021-06-05;11924;9623;1099692;493814;51.2;23.0
75;2021-06-06;6688;3158;1106380;496972;51.5;23.1
75;2021-06-07;13830;11838;1120210;508810;52.1;23.7
75;2021-06-08;14723;13961;1134933;522771;52.8;24.3
75;2021-06-09;16403;15245;1151336;538016;53.6;25.0
75;2021-06-10;18236;26332;1169572;564348;54.4;26.3
75;2021-06-11;15144;16461;1184716;580809;55.1;27.0
75;2021-06-12;13249;9996;1197965;590805;55.8;27.5
75;2021-06-13;6252;3784;1204217;594589;56.1;27.7
75;2021-06-14;11749;15421;1215966;610010;56.6;28.4
75;2021-06-15;12461;19531;1228427;629541;57.2;29.3
75;2021-06-16;12027;17214;1240454;646755;57.7;30.1
75;2021-06-17;12517;17663;1252971;664418;58.3;30.9
75;2021-06-18;10517;22597;1263488;687015;58.8;32.0
75;2021-06-19;7488;11827;1270976;698842;59.2;32.5
75;2021-06-20;2796;5489;1273772;704331;59.3;32.8
75;2021-06-21;8352;16331;1282124;720662;59.7;33.5
75;2021-06-22;8692;21803;1290816;742465;60.1;34.6
75;2021-06-23;10134;21414;1300950;763879;60.6;35.6
75;2021-06-24;11193;20616;1312143;784495;61.1;36.5
75;2021-06-25;9353;24686;1321496;809181;61.5;37.7
75;2021-06-26;7879;15420;1329375;824601;61.9;38.4
75;2021-06-27;2674;6328;1332049;830929;62.0;38.7
75;2021-06-28;8329;20131;1340378;851060;62.4;39.6
75;2021-06-29;9201;23841;1349579;874901;62.8;40.7
75;2021-06-30;9833;23599;1359412;898500;63.3;41.8
75;2021-07-01;10884;23424;1370296;921924;63.8;42.9
75;2021-07-02;10140;24743;1380436;946667;64.3;44.1
75;2021-07-03;7688;19810;1388124;966477;64.6;45.0
75;2021-07-04;3841;9553;1391965;976030;64.8;45.4
75;2021-07-05;8727;21539;1400692;997569;65.2;46.4
75;2021-07-06;9741;23999;1410433;1021568;65.7;47.6
75;2021-07-07;9706;25067;1420139;1046635;66.1;48.7
75;2021-07-08;10300;24984;1430439;1071619;66.6;49.9
75;2021-07-09;10186;23990;1440625;1095609;67.1;51.0
75;2021-07-10;7784;18515;1448409;1114124;67.4;51.9
75;2021-07-11;4304;8535;1452713;1122659;67.6;52.3
75;2021-07-12;9111;23037;1461824;1145696;68.0;53.3
75;2021-07-13;13954;24746;1475778;1170442;68.7;54.5
75;2021-07-14;8047;9676;1483825;1180118;69.1;54.9
75;2021-07-15;14839;25589;1498664;1205707;69.8;56.1
75;2021-07-16;15156;22038;1513820;1227745;70.5;57.2
75;2021-07-17;11378;16844;1525198;1244589;71.0;57.9
75;2021-07-18;6187;6793;1531385;1251382;71.3;58.3
75;2021-07-19;14061;21223;1545446;1272605;71.9;59.2
75;2021-07-20;15822;21786;1561268;1294391;72.7;60.3
75;2021-07-21;15443;20605;1576711;1314996;73.4;61.2
75;2021-07-22;16814;19980;1593525;1334976;74.2;62.1
75;2021-07-23;16663;18903;1610188;1353879;75.0;63.0
75;2021-07-24;10876;13974;1621064;1367853;75.5;63.7
75;2021-07-25;4927;5042;1625991;1372895;75.7;63.9
75;2021-07-26;14731;16733;1640722;1389628;76.4;64.7
75;2021-07-27;17496;16401;1658218;1406029;77.2;65.4
75;2021-07-28;16455;15184;1674673;1421213;78.0;66.2
76;2020-12-27;0;0;0;0;0.0;0.0
76;2020-12-28;0;0;0;0;0.0;0.0
76;2020-12-29;0;0;0;0;0.0;0.0
76;2020-12-30;0;0;0;0;0.0;0.0
76;2020-12-31;0;0;0;0;0.0;0.0
76;2021-01-01;0;0;0;0;0.0;0.0
76;2021-01-02;0;0;0;0;0.0;0.0
76;2021-01-03;0;0;0;0;0.0;0.0
76;2021-01-04;17;0;17;0;0.0;0.0
76;2021-01-05;138;0;155;0;0.0;0.0
76;2021-01-06;682;2;837;2;0.1;0.0
76;2021-01-07;1355;6;2192;8;0.2;0.0
76;2021-01-08;1534;1;3726;9;0.3;0.0
76;2021-01-09;736;1;4462;10;0.4;0.0
76;2021-01-10;492;1;4954;11;0.4;0.0
76;2021-01-11;1358;2;6312;13;0.5;0.0
76;2021-01-12;1357;1;7669;14;0.6;0.0
76;2021-01-13;1188;5;8857;19;0.7;0.0
76;2021-01-14;2170;21;11027;40;0.9;0.0
76;2021-01-15;1910;6;12937;46;1.0;0.0
76;2021-01-16;985;5;13922;51;1.1;0.0
76;2021-01-17;2898;19;16820;70;1.4;0.0
76;2021-01-18;4387;13;21207;83;1.7;0.0
76;2021-01-19;3012;7;24219;90;1.9;0.0
76;2021-01-20;2068;9;26287;99;2.1;0.0
76;2021-01-21;1773;4;28060;103;2.3;0.0
76;2021-01-22;1703;4;29763;107;2.4;0.0
76;2021-01-23;449;1;30212;108;2.4;0.0
76;2021-01-24;99;0;30311;108;2.4;0.0
76;2021-01-25;1474;140;31785;248;2.6;0.0
76;2021-01-26;1389;335;33174;583;2.7;0.0
76;2021-01-27;1340;432;34514;1015;2.8;0.1
76;2021-01-28;1283;384;35797;1399;2.9;0.1
76;2021-01-29;1152;462;36949;1861;3.0;0.1
76;2021-01-30;283;304;37232;2165;3.0;0.2
76;2021-01-31;4;99;37236;2264;3.0;0.2
76;2021-02-01;838;817;38074;3081;3.1;0.2
76;2021-02-02;1056;1018;39130;4099;3.1;0.3
76;2021-02-03;916;1002;40046;5101;3.2;0.4
76;2021-02-04;975;1458;41021;6559;3.3;0.5
76;2021-02-05;974;1105;41995;7664;3.4;0.6
76;2021-02-06;259;878;42254;8542;3.4;0.7
76;2021-02-07;467;1659;42721;10201;3.4;0.8
76;2021-02-08;1923;3732;44644;13933;3.6;1.1
76;2021-02-09;1754;2997;46398;16930;3.7;1.4
76;2021-02-10;1488;1817;47886;18747;3.9;1.5
76;2021-02-11;1675;1530;49561;20277;4.0;1.6
76;2021-02-12;1709;1576;51270;21853;4.1;1.8
76;2021-02-13;230;336;51500;22189;4.1;1.8
76;2021-02-14;9;82;51509;22271;4.1;1.8
76;2021-02-15;554;1724;52063;23995;4.2;1.9
76;2021-02-16;741;1638;52804;25633;4.2;2.1
76;2021-02-17;625;1456;53429;27089;4.3;2.2
76;2021-02-18;779;1388;54208;28477;4.4;2.3
76;2021-02-19;868;1343;55076;29820;4.4;2.4
76;2021-02-20;270;291;55346;30111;4.4;2.4
76;2021-02-21;0;0;55346;30111;4.4;2.4
76;2021-02-22;371;1313;55717;31424;4.5;2.5
76;2021-02-23;573;1244;56290;32668;4.5;2.6
76;2021-02-24;598;1202;56888;33870;4.6;2.7
76;2021-02-25;1666;1259;58554;35129;4.7;2.8
76;2021-02-26;2171;1049;60725;36178;4.9;2.9
76;2021-02-27;1108;270;61833;36448;5.0;2.9
76;2021-02-28;27;197;61860;36645;5.0;2.9
76;2021-03-01;823;2109;62683;38754;5.0;3.1
76;2021-03-02;1378;1715;64061;40469;5.2;3.3
76;2021-03-03;1937;1392;65998;41861;5.3;3.4
76;2021-03-04;2811;1096;68809;42957;5.5;3.5
76;2021-03-05;4173;791;72982;43748;5.9;3.5
76;2021-03-06;3361;150;76343;43898;6.1;3.5
76;2021-03-07;1257;30;77600;43928;6.2;3.5
76;2021-03-08;2097;1250;79697;45178;6.4;3.6
76;2021-03-09;3569;1153;83266;46331;6.7;3.7
76;2021-03-10;3592;1052;86858;47383;7.0;3.8
76;2021-03-11;5627;926;92485;48309;7.4;3.9
76;2021-03-12;6823;575;99308;48884;8.0;3.9
76;2021-03-13;4638;126;103946;49010;8.4;3.9
76;2021-03-14;1069;25;105015;49035;8.4;3.9
76;2021-03-15;2914;219;107929;49254;8.7;4.0
76;2021-03-16;2551;392;110480;49646;8.9;4.0
76;2021-03-17;2694;305;113174;49951;9.1;4.0
76;2021-03-18;2996;299;116170;50250;9.3;4.0
76;2021-03-19;4392;411;120562;50661;9.7;4.1
76;2021-03-20;3973;264;124535;50925;10.0;4.1
76;2021-03-21;837;13;125372;50938;10.1;4.1
76;2021-03-22;3986;337;129358;51275;10.4;4.1
76;2021-03-23;5708;337;135066;51612;10.9;4.1
76;2021-03-24;5668;374;140734;51986;11.3;4.2
76;2021-03-25;7507;549;148241;52535;11.9;4.2
76;2021-03-26;8714;558;156955;53093;12.6;4.3
76;2021-03-27;4810;359;161765;53452;13.0;4.3
76;2021-03-28;1020;26;162785;53478;13.1;4.3
76;2021-03-29;5389;806;168174;54284;13.5;4.4
76;2021-03-30;6581;1031;174755;55315;14.1;4.4
76;2021-03-31;6449;1236;181204;56551;14.6;4.5
76;2021-04-01;6778;2029;187982;58580;15.1;4.7
76;2021-04-02;6483;2647;194465;61227;15.6;4.9
76;2021-04-03;2441;1072;196906;62299;15.8;5.0
76;2021-04-04;263;11;197169;62310;15.9;5.0
76;2021-04-05;866;376;198035;62686;15.9;5.0
76;2021-04-06;3554;2783;201589;65469;16.2;5.3
76;2021-04-07;4414;2393;206003;67862;16.6;5.5
76;2021-04-08;5839;2769;211842;70631;17.0;5.7
76;2021-04-09;8802;3060;220644;73691;17.7;5.9
76;2021-04-10;4868;1395;225512;75086;18.1;6.0
76;2021-04-11;813;526;226325;75612;18.2;6.1
76;2021-04-12;4724;2846;231049;78458;18.6;6.3
76;2021-04-13;5921;2868;236970;81326;19.1;6.5
76;2021-04-14;4806;3136;241776;84462;19.4;6.8
76;2021-04-15;5560;3358;247336;87820;19.9;7.1
76;2021-04-16;7348;3431;254684;91251;20.5;7.3
76;2021-04-17;4386;1425;259070;92676;20.8;7.5
76;2021-04-18;339;140;259409;92816;20.9;7.5
76;2021-04-19;3477;3767;262886;96583;21.1;7.8
76;2021-04-20;4339;4278;267225;100861;21.5;8.1
76;2021-04-21;4184;4674;271409;105535;21.8;8.5
76;2021-04-22;4556;5428;275965;110963;22.2;8.9
76;2021-04-23;5435;5927;281400;116890;22.6;9.4
76;2021-04-24;4163;2175;285563;119065;23.0;9.6
76;2021-04-25;890;267;286453;119332;23.0;9.6
76;2021-04-26;4478;4470;290931;123802;23.4;10.0
76;2021-04-27;4993;4997;295924;128799;23.8;10.4
76;2021-04-28;5345;4154;301269;132953;24.2;10.7
76;2021-04-29;6925;4158;308194;137111;24.8;11.0
76;2021-04-30;8219;4630;316413;141741;25.4;11.4
76;2021-05-01;4828;1003;321241;142744;25.8;11.5
76;2021-05-02;1843;253;323084;142997;26.0;11.5
76;2021-05-03;4703;3317;327787;146314;26.4;11.8
76;2021-05-04;4818;4558;332605;150872;26.7;12.1
76;2021-05-05;4785;5168;337390;156040;27.1;12.5
76;2021-05-06;5915;5577;343305;161617;27.6;13.0
76;2021-05-07;6136;6755;349441;168372;28.1;13.5
76;2021-05-08;5056;893;354497;169265;28.5;13.6
76;2021-05-09;2535;234;357032;169499;28.7;13.6
76;2021-05-10;4947;5055;361979;174554;29.1;14.0
76;2021-05-11;6518;5670;368497;180224;29.6;14.5
76;2021-05-12;6266;5063;374763;185287;30.1;14.9
76;2021-05-13;8846;1273;383609;186560;30.8;15.0
76;2021-05-14;10415;4671;394024;191231;31.7;15.4
76;2021-05-15;9118;2448;403142;193679;32.4;15.6
76;2021-05-16;6233;473;409375;194152;32.9;15.6
76;2021-05-17;7224;3263;416599;197415;33.5;15.9
76;2021-05-18;8306;2801;424905;200216;34.2;16.1
76;2021-05-19;8403;3180;433308;203396;34.8;16.4
76;2021-05-20;9644;3392;442952;206788;35.6;16.6
76;2021-05-21;8356;4077;451308;210865;36.3;17.0
76;2021-05-22;7159;2352;458467;213217;36.9;17.1
76;2021-05-23;6390;399;464857;213616;37.4;17.2
76;2021-05-24;6862;1526;471719;215142;37.9;17.3
76;2021-05-25;8015;4080;479734;219222;38.6;17.6
76;2021-05-26;7566;3601;487300;222823;39.2;17.9
76;2021-05-27;8342;4694;495642;227517;39.8;18.3
76;2021-05-28;8232;6568;503874;234085;40.5;18.8
76;2021-05-29;6221;3518;510095;237603;41.0;19.1
76;2021-05-30;3146;430;513241;238033;41.3;19.1
76;2021-05-31;8164;3969;521405;242002;41.9;19.5
76;2021-06-01;9209;5023;530614;247025;42.7;19.9
76;2021-06-02;7916;4436;538530;251461;43.3;20.2
76;2021-06-03;9534;5398;548064;256859;44.1;20.7
76;2021-06-04;9246;6669;557310;263528;44.8;21.2
76;2021-06-05;6286;3808;563596;267336;45.3;21.5
76;2021-06-06;2549;649;566145;267985;45.5;21.5
76;2021-06-07;6978;5448;573123;273433;46.1;22.0
76;2021-06-08;8645;6279;581768;279712;46.8;22.5
76;2021-06-09;7209;6078;588977;285790;47.4;23.0
76;2021-06-10;7988;6562;596965;292352;48.0;23.5
76;2021-06-11;7579;8225;604544;300577;48.6;24.2
76;2021-06-12;7167;5872;611711;306449;49.2;24.6
76;2021-06-13;2961;1291;614672;307740;49.4;24.7
76;2021-06-14;6474;6712;621146;314452;49.9;25.3
76;2021-06-15;6125;7452;627271;321904;50.4;25.9
76;2021-06-16;6645;7473;633916;329377;51.0;26.5
76;2021-06-17;6994;7752;640910;337129;51.5;27.1
76;2021-06-18;7680;9226;648590;346355;52.1;27.8
76;2021-06-19;5981;6261;654571;352616;52.6;28.4
76;2021-06-20;2806;1811;657377;354427;52.9;28.5
76;2021-06-21;5557;8170;662934;362597;53.3;29.2
76;2021-06-22;4914;9873;667848;372470;53.7;29.9
76;2021-06-23;4722;9431;672570;381901;54.1;30.7
76;2021-06-24;4775;9914;677345;391815;54.5;31.5
76;2021-06-25;5180;11569;682525;403384;54.9;32.4
76;2021-06-26;3448;7874;685973;411258;55.2;33.1
76;2021-06-27;1362;5164;687335;416422;55.3;33.5
76;2021-06-28;3594;9935;690929;426357;55.6;34.3
76;2021-06-29;3858;10232;694787;436589;55.9;35.1
76;2021-06-30;4224;9840;699011;446429;56.2;35.9
76;2021-07-01;4568;9902;703579;456331;56.6;36.7
76;2021-07-02;4349;12019;707928;468350;56.9;37.7
76;2021-07-03;3581;8447;711509;476797;57.2;38.3
76;2021-07-04;1476;5307;712985;482104;57.3;38.8
76;2021-07-05;3925;9334;716910;491438;57.6;39.5
76;2021-07-06;4026;10080;720936;501518;58.0;40.3
76;2021-07-07;3980;9331;724916;510849;58.3;41.1
76;2021-07-08;4449;9461;729365;520310;58.6;41.8
76;2021-07-09;4338;12409;733703;532719;59.0;42.8
76;2021-07-10;3128;8551;736831;541270;59.2;43.5
76;2021-07-11;1771;2819;738602;544089;59.4;43.7
76;2021-07-12;3133;11148;741735;555237;59.6;44.6
76;2021-07-13;4902;12250;746637;567487;60.0;45.6
76;2021-07-14;4789;5527;751426;573014;60.4;46.1
76;2021-07-15;5852;11771;757278;584785;60.9;47.0
76;2021-07-16;6689;12005;763967;596790;61.4;48.0
76;2021-07-17;5260;8689;769227;605479;61.8;48.7
76;2021-07-18;2253;3348;771480;608827;62.0;48.9
76;2021-07-19;5142;11132;776622;619959;62.4;49.8
76;2021-07-20;6259;11619;782881;631578;62.9;50.8
76;2021-07-21;6320;10537;789201;642115;63.5;51.6
76;2021-07-22;8191;9642;797392;651757;64.1;52.4
76;2021-07-23;7596;11948;804988;663705;64.7;53.4
76;2021-07-24;4976;7696;809964;671401;65.1;54.0
76;2021-07-25;2847;3140;812811;674541;65.3;54.2
76;2021-07-26;5416;10115;818227;684656;65.8;55.0
76;2021-07-27;8289;9512;826516;694168;66.5;55.8
76;2021-07-28;8178;7720;834694;701888;67.1;56.4
77;2020-12-27;1;0;1;0;0.0;0.0
77;2020-12-28;1;0;2;0;0.0;0.0
77;2020-12-29;0;0;2;0;0.0;0.0
77;2020-12-30;0;0;2;0;0.0;0.0
77;2020-12-31;0;0;2;0;0.0;0.0
77;2021-01-01;2;0;4;0;0.0;0.0
77;2021-01-02;0;0;4;0;0.0;0.0
77;2021-01-03;0;0;4;0;0.0;0.0
77;2021-01-04;6;0;10;0;0.0;0.0
77;2021-01-05;199;0;209;0;0.0;0.0
77;2021-01-06;222;2;431;2;0.0;0.0
77;2021-01-07;517;3;948;5;0.1;0.0
77;2021-01-08;612;1;1560;6;0.1;0.0
77;2021-01-09;273;1;1833;7;0.1;0.0
77;2021-01-10;235;2;2068;9;0.1;0.0
77;2021-01-11;783;3;2851;12;0.2;0.0
77;2021-01-12;882;1;3733;13;0.3;0.0
77;2021-01-13;935;1;4668;14;0.3;0.0
77;2021-01-14;846;7;5514;21;0.4;0.0
77;2021-01-15;849;10;6363;31;0.4;0.0
77;2021-01-16;168;1;6531;32;0.5;0.0
77;2021-01-17;131;2;6662;34;0.5;0.0
77;2021-01-18;1193;4;7855;38;0.6;0.0
77;2021-01-19;1718;8;9573;46;0.7;0.0
77;2021-01-20;2534;5;12107;51;0.9;0.0
77;2021-01-21;2052;20;14159;71;1.0;0.0
77;2021-01-22;1147;7;15306;78;1.1;0.0
77;2021-01-23;349;0;15655;78;1.1;0.0
77;2021-01-24;43;0;15698;78;1.1;0.0
77;2021-01-25;938;65;16636;143;1.2;0.0
77;2021-01-26;1702;30;18338;173;1.3;0.0
77;2021-01-27;1362;42;19700;215;1.4;0.0
77;2021-01-28;1695;89;21395;304;1.5;0.0
77;2021-01-29;1276;147;22671;451;1.6;0.0
77;2021-01-30;211;2;22882;453;1.6;0.0
77;2021-01-31;0;0;22882;453;1.6;0.0
77;2021-02-01;568;212;23450;665;1.6;0.0
77;2021-02-02;866;270;24316;935;1.7;0.1
77;2021-02-03;794;539;25110;1474;1.8;0.1
77;2021-02-04;789;808;25899;2282;1.8;0.2
77;2021-02-05;856;854;26755;3136;1.9;0.2
77;2021-02-06;165;103;26920;3239;1.9;0.2
77;2021-02-07;16;92;26936;3331;1.9;0.2
77;2021-02-08;489;943;27425;4274;1.9;0.3
77;2021-02-09;589;1474;28014;5748;2.0;0.4
77;2021-02-10;1030;1853;29044;7601;2.0;0.5
77;2021-02-11;1058;1656;30102;9257;2.1;0.7
77;2021-02-12;1096;1168;31198;10425;2.2;0.7
77;2021-02-13;187;175;31385;10600;2.2;0.7
77;2021-02-14;12;57;31397;10657;2.2;0.7
77;2021-02-15;553;1030;31950;11687;2.2;0.8
77;2021-02-16;599;1540;32549;13227;2.3;0.9
77;2021-02-17;515;1192;33064;14419;2.3;1.0
77;2021-02-18;839;1617;33903;16036;2.4;1.1
77;2021-02-19;775;1174;34678;17210;2.4;1.2
77;2021-02-20;52;176;34730;17386;2.4;1.2
77;2021-02-21;7;31;34737;17417;2.4;1.2
77;2021-02-22;302;775;35039;18192;2.5;1.3
77;2021-02-23;358;1134;35397;19326;2.5;1.4
77;2021-02-24;510;901;35907;20227;2.5;1.4
77;2021-02-25;791;979;36698;21206;2.6;1.5
77;2021-02-26;840;845;37538;22051;2.6;1.5
77;2021-02-27;460;169;37998;22220;2.7;1.6
77;2021-02-28;31;5;38029;22225;2.7;1.6
77;2021-03-01;673;710;38702;22935;2.7;1.6
77;2021-03-02;1093;1030;39795;23965;2.8;1.7
77;2021-03-03;1952;1177;41747;25142;2.9;1.8
77;2021-03-04;2795;1134;44542;26276;3.1;1.8
77;2021-03-05;3377;1032;47919;27308;3.4;1.9
77;2021-03-06;4821;245;52740;27553;3.7;1.9
77;2021-03-07;3190;95;55930;27648;3.9;1.9
77;2021-03-08;1228;501;57158;28149;4.0;2.0
77;2021-03-09;2504;627;59662;28776;4.2;2.0
77;2021-03-10;2396;566;62058;29342;4.4;2.1
77;2021-03-11;3498;760;65556;30102;4.6;2.1
77;2021-03-12;3888;672;69444;30774;4.9;2.2
77;2021-03-13;4480;191;73924;30965;5.2;2.2
77;2021-03-14;2150;105;76074;31070;5.3;2.2
77;2021-03-15;2509;269;78583;31339;5.5;2.2
77;2021-03-16;2441;368;81024;31707;5.7;2.2
77;2021-03-17;2547;418;83571;32125;5.9;2.3
77;2021-03-18;3007;398;86578;32523;6.1;2.3
77;2021-03-19;3356;427;89934;32950;6.3;2.3
77;2021-03-20;1964;72;91898;33022;6.5;2.3
77;2021-03-21;242;13;92140;33035;6.5;2.3
77;2021-03-22;3018;399;95158;33434;6.7;2.3
77;2021-03-23;4513;510;99671;33944;7.0;2.4
77;2021-03-24;4150;620;103821;34564;7.3;2.4
77;2021-03-25;5903;410;109724;34974;7.7;2.5
77;2021-03-26;6263;424;115987;35398;8.1;2.5
77;2021-03-27;3321;110;119308;35508;8.4;2.5
77;2021-03-28;1731;43;121039;35551;8.5;2.5
77;2021-03-29;2653;683;123692;36234;8.7;2.5
77;2021-03-30;3991;1202;127683;37436;9.0;2.6
77;2021-03-31;3752;1211;131435;38647;9.2;2.7
77;2021-04-01;4140;1801;135575;40448;9.5;2.8
77;2021-04-02;3987;2009;139562;42457;9.8;3.0
77;2021-04-03;1745;2275;141307;44732;9.9;3.1
77;2021-04-04;425;1427;141732;46159;10.0;3.2
77;2021-04-05;158;162;141890;46321;10.0;3.3
77;2021-04-06;2711;1919;144601;48240;10.2;3.4
77;2021-04-07;3313;2084;147914;50324;10.4;3.5
77;2021-04-08;4530;2361;152444;52685;10.7;3.7
77;2021-04-09;4846;2076;157290;54761;11.0;3.8
77;2021-04-10;3072;2741;160362;57502;11.3;4.0
77;2021-04-11;586;716;160948;58218;11.3;4.1
77;2021-04-12;2231;1824;163179;60042;11.5;4.2
77;2021-04-13;3357;2632;166536;62674;11.7;4.4
77;2021-04-14;2520;2646;169056;65320;11.9;4.6
77;2021-04-15;3318;3107;172374;68427;12.1;4.8
77;2021-04-16;3572;2715;175946;71142;12.4;5.0
77;2021-04-17;1388;472;177334;71614;12.5;5.0
77;2021-04-18;150;11;177484;71625;12.5;5.0
77;2021-04-19;2082;2509;179566;74134;12.6;5.2
77;2021-04-20;2566;3378;182132;77512;12.8;5.4
77;2021-04-21;2191;3471;184323;80983;12.9;5.7
77;2021-04-22;3001;3841;187324;84824;13.2;6.0
77;2021-04-23;3523;3617;190847;88441;13.4;6.2
77;2021-04-24;4897;2507;195744;90948;13.7;6.4
77;2021-04-25;4082;1231;199826;92179;14.0;6.5
77;2021-04-26;3229;2033;203055;94212;14.3;6.6
77;2021-04-27;3992;2503;207047;96715;14.5;6.8
77;2021-04-28;4073;2599;211120;99314;14.8;7.0
77;2021-04-29;4476;3066;215596;102380;15.1;7.2
77;2021-04-30;4904;3327;220500;105707;15.5;7.4
77;2021-05-01;2461;590;222961;106297;15.7;7.5
77;2021-05-02;3141;272;226102;106569;15.9;7.5
77;2021-05-03;5985;2062;232087;108631;16.3;7.6
77;2021-05-04;6435;2981;238522;111612;16.8;7.8
77;2021-05-05;6014;3019;244536;114631;17.2;8.1
77;2021-05-06;6888;3587;251424;118218;17.7;8.3
77;2021-05-07;8202;3255;259626;121473;18.2;8.5
77;2021-05-08;5703;804;265329;122277;18.6;8.6
77;2021-05-09;4906;472;270235;122749;19.0;8.6
77;2021-05-10;8086;2318;278321;125067;19.6;8.8
77;2021-05-11;9576;2902;287897;127969;20.2;9.0
77;2021-05-12;8976;2278;296873;130247;20.9;9.1
77;2021-05-13;9301;865;306174;131112;21.5;9.2
77;2021-05-14;10424;1645;316598;132757;22.2;9.3
77;2021-05-15;8987;1245;325585;134002;22.9;9.4
77;2021-05-16;5150;462;330735;134464;23.2;9.4
77;2021-05-17;10368;1469;341103;135933;24.0;9.5
77;2021-05-18;11773;1791;352876;137724;24.8;9.7
77;2021-05-19;10905;1590;363781;139314;25.6;9.8
77;2021-05-20;12202;2158;375983;141472;26.4;9.9
77;2021-05-21;11651;2678;387634;144150;27.2;10.1
77;2021-05-22;9816;1723;397450;145873;27.9;10.2
77;2021-05-23;6983;806;404433;146679;28.4;10.3
77;2021-05-24;6760;773;411193;147452;28.9;10.4
77;2021-05-25;8304;2804;419497;150256;29.5;10.6
77;2021-05-26;7560;2964;427057;153220;30.0;10.8
77;2021-05-27;7545;3950;434602;157170;30.5;11.0
77;2021-05-28;7638;4012;442240;161182;31.1;11.3
77;2021-05-29;7355;2336;449595;163518;31.6;11.5
77;2021-05-30;4354;890;453949;164408;31.9;11.5
77;2021-05-31;8383;3828;462332;168236;32.5;11.8
77;2021-06-01;9635;4342;471967;172578;33.2;12.1
77;2021-06-02;8903;3884;480870;176462;33.8;12.4
77;2021-06-03;8999;5252;489869;181714;34.4;12.8
77;2021-06-04;9107;5484;498976;187198;35.1;13.1
77;2021-06-05;6641;4993;505617;192191;35.5;13.5
77;2021-06-06;4904;3207;510521;195398;35.9;13.7
77;2021-06-07;6417;4536;516938;199934;36.3;14.0
77;2021-06-08;5721;5207;522659;205141;36.7;14.4
77;2021-06-09;5053;4951;527712;210092;37.1;14.8
77;2021-06-10;5010;5452;532722;215544;37.4;15.1
77;2021-06-11;5749;6029;538471;221573;37.8;15.6
77;2021-06-12;6546;4746;545017;226319;38.3;15.9
77;2021-06-13;3504;3048;548521;229367;38.5;16.1
77;2021-06-14;3212;7922;551733;237289;38.8;16.7
77;2021-06-15;4122;8480;555855;245769;39.0;17.3
77;2021-06-16;4796;8374;560651;254143;39.4;17.9
77;2021-06-17;4454;9021;565105;263164;39.7;18.5
77;2021-06-18;4351;9778;569456;272942;40.0;19.2
77;2021-06-19;5295;6916;574751;279858;40.4;19.7
77;2021-06-20;2090;3800;576841;283658;40.5;19.9
77;2021-06-21;3215;9574;580056;293232;40.7;20.6
77;2021-06-22;3666;11365;583722;304597;41.0;21.4
77;2021-06-23;3429;10044;587151;314641;41.2;22.1
77;2021-06-24;3358;10904;590509;325545;41.5;22.9
77;2021-06-25;3617;10799;594126;336344;41.7;23.6
77;2021-06-26;4078;10064;598204;346408;42.0;24.3
77;2021-06-27;2121;6432;600325;352840;42.2;24.8
77;2021-06-28;2784;10827;603109;363667;42.4;25.5
77;2021-06-29;3346;12515;606455;376182;42.6;26.4
77;2021-06-30;3266;11446;609721;387628;42.8;27.2
77;2021-07-01;3260;11662;612981;399290;43.1;28.0
77;2021-07-02;3418;12242;616399;411532;43.3;28.9
77;2021-07-03;3160;10795;619559;422327;43.5;29.7
77;2021-07-04;1987;6491;621546;428818;43.7;30.1
77;2021-07-05;3575;9537;625121;438355;43.9;30.8
77;2021-07-06;3710;9523;628831;447878;44.2;31.5
77;2021-07-07;3987;8953;632818;456831;44.5;32.1
77;2021-07-08;3884;8750;636702;465581;44.7;32.7
77;2021-07-09;4665;10338;641367;475919;45.1;33.4
77;2021-07-10;4014;9835;645381;485754;45.3;34.1
77;2021-07-11;3054;5074;648435;490828;45.5;34.5
77;2021-07-12;3257;10860;651692;501688;45.8;35.2
77;2021-07-13;6032;11997;657724;513685;46.2;36.1
77;2021-07-14;3531;6435;661255;520120;46.4;36.5
77;2021-07-15;7110;11942;668365;532062;46.9;37.4
77;2021-07-16;7755;9865;676120;541927;47.5;38.1
77;2021-07-17;5759;9444;681879;551371;47.9;38.7
77;2021-07-18;4134;5314;686013;556685;48.2;39.1
77;2021-07-19;7455;8920;693468;565605;48.7;39.7
77;2021-07-20;9494;7973;702962;573578;49.4;40.3
77;2021-07-21;9436;7419;712398;580997;50.0;40.8
77;2021-07-22;10403;7437;722801;588434;50.8;41.3
77;2021-07-23;9737;8128;732538;596562;51.5;41.9
77;2021-07-24;7153;7811;739691;604373;52.0;42.5
77;2021-07-25;5852;3982;745543;608355;52.4;42.7
77;2021-07-26;9140;5903;754683;614258;53.0;43.1
77;2021-07-27;10784;5952;765467;620210;53.8;43.6
77;2021-07-28;9294;6310;774761;626520;54.4;44.0
78;2020-12-27;2;0;2;0;0.0;0.0
78;2020-12-28;0;0;2;0;0.0;0.0
78;2020-12-29;0;0;2;0;0.0;0.0
78;2020-12-30;0;0;2;0;0.0;0.0
78;2020-12-31;15;0;17;0;0.0;0.0
78;2021-01-01;0;0;17;0;0.0;0.0
78;2021-01-02;1;0;18;0;0.0;0.0
78;2021-01-03;0;0;18;0;0.0;0.0
78;2021-01-04;143;3;161;3;0.0;0.0
78;2021-01-05;175;1;336;4;0.0;0.0
78;2021-01-06;208;4;544;8;0.0;0.0
78;2021-01-07;468;2;1012;10;0.1;0.0
78;2021-01-08;651;3;1663;13;0.1;0.0
78;2021-01-09;22;0;1685;13;0.1;0.0
78;2021-01-10;1;0;1686;13;0.1;0.0
78;2021-01-11;791;4;2477;17;0.2;0.0
78;2021-01-12;946;7;3423;24;0.2;0.0
78;2021-01-13;735;8;4158;32;0.3;0.0
78;2021-01-14;810;9;4968;41;0.3;0.0
78;2021-01-15;845;7;5813;48;0.4;0.0
78;2021-01-16;32;1;5845;49;0.4;0.0
78;2021-01-17;0;0;5845;49;0.4;0.0
78;2021-01-18;1380;20;7225;69;0.5;0.0
78;2021-01-19;1840;25;9065;94;0.6;0.0
78;2021-01-20;1645;12;10710;106;0.7;0.0
78;2021-01-21;3242;13;13952;119;1.0;0.0
78;2021-01-22;2212;17;16164;136;1.1;0.0
78;2021-01-23;279;0;16443;136;1.1;0.0
78;2021-01-24;5;0;16448;136;1.1;0.0
78;2021-01-25;958;31;17406;167;1.2;0.0
78;2021-01-26;1558;18;18964;185;1.3;0.0
78;2021-01-27;2058;45;21022;230;1.5;0.0
78;2021-01-28;2433;104;23455;334;1.6;0.0
78;2021-01-29;1488;64;24943;398;1.7;0.0
78;2021-01-30;210;3;25153;401;1.7;0.0
78;2021-01-31;3;0;25156;401;1.7;0.0
78;2021-02-01;786;225;25942;626;1.8;0.0
78;2021-02-02;968;346;26910;972;1.9;0.1
78;2021-02-03;975;241;27885;1213;1.9;0.1
78;2021-02-04;1116;447;29001;1660;2.0;0.1
78;2021-02-05;1189;514;30190;2174;2.1;0.2
78;2021-02-06;197;44;30387;2218;2.1;0.2
78;2021-02-07;139;13;30526;2231;2.1;0.2
78;2021-02-08;760;612;31286;2843;2.2;0.2
78;2021-02-09;1120;942;32406;3785;2.2;0.3
78;2021-02-10;1246;1180;33652;4965;2.3;0.3
78;2021-02-11;1817;1900;35469;6865;2.4;0.5
78;2021-02-12;1818;1416;37287;8281;2.6;0.6
78;2021-02-13;172;80;37459;8361;2.6;0.6
78;2021-02-14;26;25;37485;8386;2.6;0.6
78;2021-02-15;446;1443;37931;9829;2.6;0.7
78;2021-02-16;627;1560;38558;11389;2.7;0.8
78;2021-02-17;582;2223;39140;13612;2.7;0.9
78;2021-02-18;996;2283;40136;15895;2.8;1.1
78;2021-02-19;818;1738;40954;17633;2.8;1.2
78;2021-02-20;146;124;41100;17757;2.8;1.2
78;2021-02-21;0;12;41100;17769;2.8;1.2
78;2021-02-22;498;1060;41598;18829;2.9;1.3
78;2021-02-23;540;1123;42138;19952;2.9;1.4
78;2021-02-24;619;1235;42757;21187;3.0;1.5
78;2021-02-25;861;1160;43618;22347;3.0;1.5
78;2021-02-26;1131;1245;44749;23592;3.1;1.6
78;2021-02-27;739;147;45488;23739;3.1;1.6
78;2021-02-28;65;18;45553;23757;3.1;1.6
78;2021-03-01;963;904;46516;24661;3.2;1.7
78;2021-03-02;1722;1050;48238;25711;3.3;1.8
78;2021-03-03;1960;1221;50198;26932;3.5;1.9
78;2021-03-04;2942;1576;53140;28508;3.7;2.0
78;2021-03-05;3250;1644;56390;30152;3.9;2.1
78;2021-03-06;6238;266;62628;30418;4.3;2.1
78;2021-03-07;3444;84;66072;30502;4.6;2.1
78;2021-03-08;1451;757;67523;31259;4.7;2.2
78;2021-03-09;2934;896;70457;32155;4.9;2.2
78;2021-03-10;3067;1096;73524;33251;5.1;2.3
78;2021-03-11;4175;1299;77699;34550;5.4;2.4
78;2021-03-12;5369;1320;83068;35870;5.7;2.5
78;2021-03-13;4650;178;87718;36048;6.1;2.5
78;2021-03-14;1033;35;88751;36083;6.1;2.5
78;2021-03-15;3621;261;92372;36344;6.4;2.5
78;2021-03-16;2562;552;94934;36896;6.6;2.5
78;2021-03-17;2965;424;97899;37320;6.8;2.6
78;2021-03-18;3777;420;101676;37740;7.0;2.6
78;2021-03-19;5314;475;106990;38215;7.4;2.6
78;2021-03-20;2256;119;109246;38334;7.5;2.6
78;2021-03-21;162;7;109408;38341;7.6;2.6
78;2021-03-22;3521;373;112929;38714;7.8;2.7
78;2021-03-23;5224;532;118153;39246;8.2;2.7
78;2021-03-24;4891;533;123044;39779;8.5;2.7
78;2021-03-25;6932;548;129976;40327;9.0;2.8
78;2021-03-26;6931;694;136907;41021;9.5;2.8
78;2021-03-27;3742;179;140649;41200;9.7;2.8
78;2021-03-28;1917;40;142566;41240;9.8;2.8
78;2021-03-29;3864;754;146430;41994;10.1;2.9
78;2021-03-30;5520;1052;151950;43046;10.5;3.0
78;2021-03-31;5324;1274;157274;44320;10.9;3.1
78;2021-04-01;5589;2321;162863;46641;11.2;3.2
78;2021-04-02;5189;2618;168052;49259;11.6;3.4
78;2021-04-03;2197;2554;170249;51813;11.8;3.6
78;2021-04-04;172;14;170421;51827;11.8;3.6
78;2021-04-05;194;18;170615;51845;11.8;3.6
78;2021-04-06;3616;2301;174231;54146;12.0;3.7
78;2021-04-07;4354;2580;178585;56726;12.3;3.9
78;2021-04-08;5515;2653;184100;59379;12.7;4.1
78;2021-04-09;6901;2431;191001;61810;13.2;4.3
78;2021-04-10;3992;1891;194993;63701;13.5;4.4
78;2021-04-11;371;605;195364;64306;13.5;4.4
78;2021-04-12;3526;2365;198890;66671;13.7;4.6
78;2021-04-13;5458;2484;204348;69155;14.1;4.8
78;2021-04-14;4950;3369;209298;72524;14.4;5.0
78;2021-04-15;4607;3836;213905;76360;14.8;5.3
78;2021-04-16;5629;4011;219534;80371;15.2;5.5
78;2021-04-17;3612;710;223146;81081;15.4;5.6
78;2021-04-18;272;42;223418;81123;15.4;5.6
78;2021-04-19;3239;2810;226657;83933;15.6;5.8
78;2021-04-20;4704;3686;231361;87619;16.0;6.0
78;2021-04-21;4528;3500;235889;91119;16.3;6.3
78;2021-04-22;4568;4677;240457;95796;16.6;6.6
78;2021-04-23;5041;4412;245498;100208;16.9;6.9
78;2021-04-24;4866;2622;250364;102830;17.3;7.1
78;2021-04-25;3042;1728;253406;104558;17.5;7.2
78;2021-04-26;4768;3315;258174;107873;17.8;7.4
78;2021-04-27;5464;4307;263638;112180;18.2;7.7
78;2021-04-28;5646;4781;269284;116961;18.6;8.1
78;2021-04-29;6254;4054;275538;121015;19.0;8.4
78;2021-04-30;7204;4441;282742;125456;19.5;8.7
78;2021-05-01;612;252;283354;125708;19.6;8.7
78;2021-05-02;2006;163;285360;125871;19.7;8.7
78;2021-05-03;7455;1271;292815;127142;20.2;8.8
78;2021-05-04;6075;3980;298890;131122;20.6;9.1
78;2021-05-05;7290;4542;306180;135664;21.1;9.4
78;2021-05-06;6474;5169;312654;140833;21.6;9.7
78;2021-05-07;8310;5141;320964;145974;22.2;10.1
78;2021-05-08;2916;1450;323880;147424;22.4;10.2
78;2021-05-09;2817;345;326697;147769;22.6;10.2
78;2021-05-10;7344;4455;334041;152224;23.1;10.5
78;2021-05-11;8140;5405;342181;157629;23.6;10.9
78;2021-05-12;8724;3905;350905;161534;24.2;11.2
78;2021-05-13;6630;599;357535;162133;24.7;11.2
78;2021-05-14;10213;2213;367748;164346;25.4;11.3
78;2021-05-15;4932;2368;372680;166714;25.7;11.5
78;2021-05-16;3695;792;376375;167506;26.0;11.6
78;2021-05-17;8739;1337;385114;168843;26.6;11.7
78;2021-05-18;9881;1865;394995;170708;27.3;11.8
78;2021-05-19;11643;1700;406638;172408;28.1;11.9
78;2021-05-20;11584;2261;418222;174669;28.9;12.1
78;2021-05-21;12124;2627;430346;177296;29.7;12.2
78;2021-05-22;6543;1374;436889;178670;30.2;12.3
78;2021-05-23;3124;384;440013;179054;30.4;12.4
78;2021-05-24;3521;416;443534;179470;30.6;12.4
78;2021-05-25;9980;2499;453514;181969;31.3;12.6
78;2021-05-26;10161;3776;463675;185745;32.0;12.8
78;2021-05-27;10952;4644;474627;190389;32.8;13.1
78;2021-05-28;11415;6011;486042;196400;33.6;13.6
78;2021-05-29;4224;3383;490266;199783;33.8;13.8
78;2021-05-30;134;346;490400;200129;33.9;13.8
78;2021-05-31;7970;5357;498370;205486;34.4;14.2
78;2021-06-01;10025;6526;508395;212012;35.1;14.6
78;2021-06-02;8561;6209;516956;218221;35.7;15.1
78;2021-06-03;9868;6471;526824;224692;36.4;15.5
78;2021-06-04;9789;8147;536613;232839;37.0;16.1
78;2021-06-05;5511;6139;542124;238978;37.4;16.5
78;2021-06-06;2146;2012;544270;240990;37.6;16.6
78;2021-06-07;8118;6516;552388;247506;38.1;17.1
78;2021-06-08;8056;7307;560444;254813;38.7;17.6
78;2021-06-09;7315;6723;567759;261536;39.2;18.1
78;2021-06-10;7073;7095;574832;268631;39.7;18.5
78;2021-06-11;7573;8176;582405;276807;40.2;19.1
78;2021-06-12;6367;2916;588772;279723;40.6;19.3
78;2021-06-13;943;2457;589715;282180;40.7;19.5
78;2021-06-14;3399;9812;593114;291992;40.9;20.2
78;2021-06-15;5782;8287;598896;300279;41.3;20.7
78;2021-06-16;5409;8633;604305;308912;41.7;21.3
78;2021-06-17;5476;8529;609781;317441;42.1;21.9
78;2021-06-18;6083;9785;615864;327226;42.5;22.6
78;2021-06-19;5216;4815;621080;332041;42.9;22.9
78;2021-06-20;624;2835;621704;334876;42.9;23.1
78;2021-06-21;4068;9463;625772;344339;43.2;23.8
78;2021-06-22;3334;10311;629106;354650;43.4;24.5
78;2021-06-23;3830;10386;632936;365036;43.7;25.2
78;2021-06-24;3784;9967;636720;375003;44.0;25.9
78;2021-06-25;3994;13155;640714;388158;44.2;26.8
78;2021-06-26;4207;7953;644921;396111;44.5;27.3
78;2021-06-27;1037;2542;645958;398653;44.6;27.5
78;2021-06-28;3267;10901;649225;409554;44.8;28.3
78;2021-06-29;3533;11250;652758;420804;45.1;29.0
78;2021-06-30;4107;13231;656865;434035;45.3;30.0
78;2021-07-01;3919;12692;660784;446727;45.6;30.8
78;2021-07-02;4169;13929;664953;460656;45.9;31.8
78;2021-07-03;3138;8628;668091;469284;46.1;32.4
78;2021-07-04;757;1742;668848;471026;46.2;32.5
78;2021-07-05;3268;9684;672116;480710;46.4;33.2
78;2021-07-06;3491;12038;675607;492748;46.6;34.0
78;2021-07-07;3738;11603;679345;504351;46.9;34.8
78;2021-07-08;3850;11678;683195;516029;47.2;35.6
78;2021-07-09;4378;12726;687573;528755;47.5;36.5
78;2021-07-10;2611;6595;690184;535350;47.6;37.0
78;2021-07-11;745;2052;690929;537402;47.7;37.1
78;2021-07-12;2982;11740;693911;549142;47.9;37.9
78;2021-07-13;5267;11958;699178;561100;48.3;38.7
78;2021-07-14;2521;4968;701699;566068;48.4;39.1
78;2021-07-15;5636;11929;707335;577997;48.8;39.9
78;2021-07-16;7239;10746;714574;588743;49.3;40.6
78;2021-07-17;4703;4869;719277;593612;49.7;41.0
78;2021-07-18;1119;447;720396;594059;49.7;41.0
78;2021-07-19;3821;10335;724217;604394;50.0;41.7
78;2021-07-20;5545;9891;729762;614285;50.4;42.4
78;2021-07-21;5873;9828;735635;624113;50.8;43.1
78;2021-07-22;5925;9276;741560;633389;51.2;43.7
78;2021-07-23;6153;9166;747713;642555;51.6;44.4
78;2021-07-24;2916;4936;750629;647491;51.8;44.7
78;2021-07-25;980;370;751609;647861;51.9;44.7
78;2021-07-26;4816;6932;756425;654793;52.2;45.2
78;2021-07-27;7510;6839;763935;661632;52.7;45.7
78;2021-07-28;6896;5878;770831;667510;53.2;46.1
79;2020-12-27;0;0;0;0;0.0;0.0
79;2020-12-28;0;0;0;0;0.0;0.0
79;2020-12-29;0;0;0;0;0.0;0.0
79;2020-12-30;0;0;0;0;0.0;0.0
79;2020-12-31;0;0;0;0;0.0;0.0
79;2021-01-01;0;0;0;0;0.0;0.0
79;2021-01-02;0;0;0;0;0.0;0.0
79;2021-01-03;0;0;0;0;0.0;0.0
79;2021-01-04;1;0;1;0;0.0;0.0
79;2021-01-05;0;0;1;0;0.0;0.0
79;2021-01-06;0;0;1;0;0.0;0.0
79;2021-01-07;158;0;159;0;0.0;0.0
79;2021-01-08;165;0;324;0;0.1;0.0
79;2021-01-09;98;0;422;0;0.1;0.0
79;2021-01-10;3;0;425;0;0.1;0.0
79;2021-01-11;184;1;609;1;0.2;0.0
79;2021-01-12;246;1;855;2;0.2;0.0
79;2021-01-13;258;0;1113;2;0.3;0.0
79;2021-01-14;499;6;1612;8;0.4;0.0
79;2021-01-15;615;4;2227;12;0.6;0.0
79;2021-01-16;66;0;2293;12;0.6;0.0
79;2021-01-17;0;0;2293;12;0.6;0.0
79;2021-01-18;477;1;2770;13;0.7;0.0
79;2021-01-19;1343;0;4113;13;1.1;0.0
79;2021-01-20;1644;1;5757;14;1.5;0.0
79;2021-01-21;1997;2;7754;16;2.1;0.0
79;2021-01-22;873;3;8627;19;2.3;0.0
79;2021-01-23;65;0;8692;19;2.3;0.0
79;2021-01-24;0;0;8692;19;2.3;0.0
79;2021-01-25;643;7;9335;26;2.5;0.0
79;2021-01-26;571;12;9906;38;2.7;0.0
79;2021-01-27;741;81;10647;119;2.9;0.0
79;2021-01-28;730;150;11377;269;3.1;0.1
79;2021-01-29;490;88;11867;357;3.2;0.1
79;2021-01-30;0;0;11867;357;3.2;0.1
79;2021-01-31;0;0;11867;357;3.2;0.1
79;2021-02-01;206;111;12073;468;3.2;0.1
79;2021-02-02;324;73;12397;541;3.3;0.1
79;2021-02-03;389;60;12786;601;3.4;0.2
79;2021-02-04;323;109;13109;710;3.5;0.2
79;2021-02-05;356;274;13465;984;3.6;0.3
79;2021-02-06;3;0;13468;984;3.6;0.3
79;2021-02-07;22;0;13490;984;3.6;0.3
79;2021-02-08;283;170;13773;1154;3.7;0.3
79;2021-02-09;456;786;14229;1940;3.8;0.5
79;2021-02-10;615;1197;14844;3137;4.0;0.8
79;2021-02-11;776;1234;15620;4371;4.2;1.2
79;2021-02-12;468;771;16088;5142;4.3;1.4
79;2021-02-13;53;74;16141;5216;4.3;1.4
79;2021-02-14;0;0;16141;5216;4.3;1.4
79;2021-02-15;186;507;16327;5723;4.4;1.5
79;2021-02-16;331;734;16658;6457;4.5;1.7
79;2021-02-17;247;880;16905;7337;4.5;2.0
79;2021-02-18;354;947;17259;8284;4.6;2.2
79;2021-02-19;267;566;17526;8850;4.7;2.4
79;2021-02-20;4;22;17530;8872;4.7;2.4
79;2021-02-21;0;0;17530;8872;4.7;2.4
79;2021-02-22;137;464;17667;9336;4.7;2.5
79;2021-02-23;246;571;17913;9907;4.8;2.7
79;2021-02-24;245;543;18158;10450;4.9;2.8
79;2021-02-25;516;472;18674;10922;5.0;2.9
79;2021-02-26;598;401;19272;11323;5.2;3.0
79;2021-02-27;406;5;19678;11328;5.3;3.0
79;2021-02-28;34;0;19712;11328;5.3;3.0
79;2021-03-01;89;360;19801;11688;5.3;3.1
79;2021-03-02;303;507;20104;12195;5.4;3.3
79;2021-03-03;659;542;20763;12737;5.6;3.4
79;2021-03-04;903;568;21666;13305;5.8;3.6
79;2021-03-05;1216;440;22882;13745;6.1;3.7
79;2021-03-06;610;4;23492;13749;6.3;3.7
79;2021-03-07;77;0;23569;13749;6.3;3.7
79;2021-03-08;344;308;23913;14057;6.4;3.8
79;2021-03-09;839;341;24752;14398;6.6;3.9
79;2021-03-10;1140;401;25892;14799;6.9;4.0
79;2021-03-11;1636;317;27528;15116;7.4;4.1
79;2021-03-12;1717;114;29245;15230;7.8;4.1
79;2021-03-13;1135;10;30380;15240;8.2;4.1
79;2021-03-14;50;0;30430;15240;8.2;4.1
79;2021-03-15;494;158;30924;15398;8.3;4.1
79;2021-03-16;734;141;31658;15539;8.5;4.2
79;2021-03-17;576;108;32234;15647;8.7;4.2
79;2021-03-18;551;199;32785;15846;8.8;4.3
79;2021-03-19;662;254;33447;16100;9.0;4.3
79;2021-03-20;1006;12;34453;16112;9.2;4.3
79;2021-03-21;3;0;34456;16112;9.2;4.3
79;2021-03-22;953;201;35409;16313;9.5;4.4
79;2021-03-23;1586;172;36995;16485;9.9;4.4
79;2021-03-24;1828;151;38823;16636;10.4;4.5
79;2021-03-25;2498;181;41321;16817;11.1;4.5
79;2021-03-26;2401;132;43722;16949;11.7;4.5
79;2021-03-27;769;15;44491;16964;11.9;4.6
79;2021-03-28;1;0;44492;16964;11.9;4.6
79;2021-03-29;2147;111;46639;17075;12.5;4.6
79;2021-03-30;2816;57;49455;17132;13.3;4.6
79;2021-03-31;2778;380;52233;17512;14.0;4.7
79;2021-04-01;2694;372;54927;17884;14.7;4.8
79;2021-04-02;2824;384;57751;18268;15.5;4.9
79;2021-04-03;633;53;58384;18321;15.7;4.9
79;2021-04-04;3;0;58387;18321;15.7;4.9
79;2021-04-05;380;4;58767;18325;15.8;4.9
79;2021-04-06;1792;577;60559;18902;16.3;5.1
79;2021-04-07;3116;714;63675;19616;17.1;5.3
79;2021-04-08;2627;687;66302;20303;17.8;5.4
79;2021-04-09;3735;530;70037;20833;18.8;5.6
79;2021-04-10;1461;376;71498;21209;19.2;5.7
79;2021-04-11;4;0;71502;21209;19.2;5.7
79;2021-04-12;1752;351;73254;21560;19.7;5.8
79;2021-04-13;2173;744;75427;22304;20.2;6.0
79;2021-04-14;2479;666;77906;22970;20.9;6.2
79;2021-04-15;2215;661;80121;23631;21.5;6.3
79;2021-04-16;1414;438;81535;24069;21.9;6.5
79;2021-04-17;582;350;82117;24419;22.0;6.6
79;2021-04-18;1;14;82118;24433;22.0;6.6
79;2021-04-19;1089;843;83207;25276;22.3;6.8
79;2021-04-20;1506;1229;84713;26505;22.7;7.1
79;2021-04-21;1416;1433;86129;27938;23.1;7.5
79;2021-04-22;1569;1079;87698;29017;23.5;7.8
79;2021-04-23;1318;1186;89016;30203;23.9;8.1
79;2021-04-24;651;460;89667;30663;24.1;8.2
79;2021-04-25;0;0;89667;30663;24.1;8.2
79;2021-04-26;1343;1812;91010;32475;24.4;8.7
79;2021-04-27;1893;2345;92903;34820;24.9;9.3
79;2021-04-28;1456;2862;94359;37682;25.3;10.1
79;2021-04-29;2104;2251;96463;39933;25.9;10.7
79;2021-04-30;2112;2450;98575;42383;26.5;11.4
79;2021-05-01;517;376;99092;42759;26.6;11.5
79;2021-05-02;1;11;99093;42770;26.6;11.5
79;2021-05-03;1181;1290;100274;44060;26.9;11.8
79;2021-05-04;1734;2322;102008;46382;27.4;12.4
79;2021-05-05;1696;2483;103704;48865;27.8;13.1
79;2021-05-06;2314;2209;106018;51074;28.5;13.7
79;2021-05-07;2083;2801;108101;53875;29.0;14.5
79;2021-05-08;200;508;108301;54383;29.1;14.6
79;2021-05-09;0;0;108301;54383;29.1;14.6
79;2021-05-10;1584;1782;109885;56165;29.5;15.1
79;2021-05-11;2309;1648;112194;57813;30.1;15.5
79;2021-05-12;1996;2676;114190;60489;30.6;16.2
79;2021-05-13;640;289;114830;60778;30.8;16.3
79;2021-05-14;2100;669;116930;61447;31.4;16.5
79;2021-05-15;1399;498;118329;61945;31.8;16.6
79;2021-05-16;1;22;118330;61967;31.8;16.6
79;2021-05-17;1873;1078;120203;63045;32.3;16.9
79;2021-05-18;2970;1266;123173;64311;33.1;17.3
79;2021-05-19;2893;965;126066;65276;33.8;17.5
79;2021-05-20;3103;1243;129169;66519;34.7;17.9
79;2021-05-21;2764;1059;131933;67578;35.4;18.1
79;2021-05-22;1085;258;133018;67836;35.7;18.2
79;2021-05-23;1;0;133019;67836;35.7;18.2
79;2021-05-24;161;20;133180;67856;35.7;18.2
79;2021-05-25;3199;983;136379;68839;36.6;18.5
79;2021-05-26;3314;849;139693;69688;37.5;18.7
79;2021-05-27;3585;1714;143278;71402;38.5;19.2
79;2021-05-28;3328;1818;146606;73220;39.3;19.6
79;2021-05-29;1073;450;147679;73670;39.6;19.8
79;2021-05-30;3;1;147682;73671;39.6;19.8
79;2021-05-31;2379;731;150061;74402;40.3;20.0
79;2021-06-01;3017;1572;153078;75974;41.1;20.4
79;2021-06-02;4061;1166;157139;77140;42.2;20.7
79;2021-06-03;4080;1749;161219;78889;43.3;21.2
79;2021-06-04;4144;2030;165363;80919;44.4;21.7
79;2021-06-05;2800;755;168163;81674;45.1;21.9
79;2021-06-06;695;37;168858;81711;45.3;21.9
79;2021-06-07;2810;1412;171668;83123;46.1;22.3
79;2021-06-08;2981;2064;174649;85187;46.9;22.9
79;2021-06-09;3628;1934;178277;87121;47.8;23.4
79;2021-06-10;3017;1973;181294;89094;48.7;23.9
79;2021-06-11;3766;2313;185060;91407;49.7;24.5
79;2021-06-12;1709;607;186769;92014;50.1;24.7
79;2021-06-13;212;24;186981;92038;50.2;24.7
79;2021-06-14;1244;1692;188225;93730;50.5;25.2
79;2021-06-15;1880;2360;190105;96090;51.0;25.8
79;2021-06-16;2199;2246;192304;98336;51.6;26.4
79;2021-06-17;2235;2609;194539;100945;52.2;27.1
79;2021-06-18;2407;2319;196946;103264;52.9;27.7
79;2021-06-19;1243;581;198189;103845;53.2;27.9
79;2021-06-20;2;2;198191;103847;53.2;27.9
79;2021-06-21;1228;2279;199419;106126;53.5;28.5
79;2021-06-22;1539;2874;200958;109000;53.9;29.3
79;2021-06-23;1757;2547;202715;111547;54.4;29.9
79;2021-06-24;2087;2002;204802;113549;55.0;30.5
79;2021-06-25;1479;2840;206281;116389;55.4;31.2
79;2021-06-26;863;808;207144;117197;55.6;31.5
79;2021-06-27;13;6;207157;117203;55.6;31.5
79;2021-06-28;1048;2621;208205;119824;55.9;32.2
79;2021-06-29;1446;3548;209651;123372;56.3;33.1
79;2021-06-30;1340;3448;210991;126820;56.6;34.0
79;2021-07-01;1156;3793;212147;130613;56.9;35.1
79;2021-07-02;1455;3345;213602;133958;57.3;35.9
79;2021-07-03;396;1504;213998;135462;57.4;36.4
79;2021-07-04;1;9;213999;135471;57.4;36.4
79;2021-07-05;739;2123;214738;137594;57.6;36.9
79;2021-07-06;939;3668;215677;141262;57.9;37.9
79;2021-07-07;1317;4311;216994;145573;58.2;39.1
79;2021-07-08;1069;4050;218063;149623;58.5;40.2
79;2021-07-09;828;3720;218891;153343;58.7;41.2
79;2021-07-10;510;1318;219401;154661;58.9;41.5
79;2021-07-11;0;12;219401;154673;58.9;41.5
79;2021-07-12;539;3696;219940;158369;59.0;42.5
79;2021-07-13;995;5196;220935;163565;59.3;43.9
79;2021-07-14;131;875;221066;164440;59.3;44.1
79;2021-07-15;1217;4680;222283;169120;59.7;45.4
79;2021-07-16;1317;4358;223600;173478;60.0;46.6
79;2021-07-17;564;2419;224164;175897;60.2;47.2
79;2021-07-18;43;498;224207;176395;60.2;47.3
79;2021-07-19;729;3318;224936;179713;60.4;48.2
79;2021-07-20;1221;3950;226157;183663;60.7;49.3
79;2021-07-21;1175;4197;227332;187860;61.0;50.4
79;2021-07-22;1340;3986;228672;191846;61.4;51.5
79;2021-07-23;1346;4561;230018;196407;61.7;52.7
79;2021-07-24;864;1496;230882;197903;62.0;53.1
79;2021-07-25;55;326;230937;198229;62.0;53.2
79;2021-07-26;1365;2594;232302;200823;62.3;53.9
79;2021-07-27;2076;2988;234378;203811;62.9;54.7
79;2021-07-28;2482;2482;236860;206293;63.6;55.4
80;2020-12-27;0;0;0;0;0.0;0.0
80;2020-12-28;0;0;0;0;0.0;0.0
80;2020-12-29;11;0;11;0;0.0;0.0
80;2020-12-30;0;0;11;0;0.0;0.0
80;2020-12-31;0;0;11;0;0.0;0.0
80;2021-01-01;0;0;11;0;0.0;0.0
80;2021-01-02;0;0;11;0;0.0;0.0
80;2021-01-03;1;0;12;0;0.0;0.0
80;2021-01-04;0;0;12;0;0.0;0.0
80;2021-01-05;0;0;12;0;0.0;0.0
80;2021-01-06;30;0;42;0;0.0;0.0
80;2021-01-07;276;2;318;2;0.1;0.0
80;2021-01-08;330;0;648;2;0.1;0.0
80;2021-01-09;108;0;756;2;0.1;0.0
80;2021-01-10;21;0;777;2;0.1;0.0
80;2021-01-11;276;0;1053;2;0.2;0.0
80;2021-01-12;427;2;1480;4;0.3;0.0
80;2021-01-13;514;3;1994;7;0.3;0.0
80;2021-01-14;453;4;2447;11;0.4;0.0
80;2021-01-15;330;1;2777;12;0.5;0.0
80;2021-01-16;103;1;2880;13;0.5;0.0
80;2021-01-17;102;1;2982;14;0.5;0.0
80;2021-01-18;412;2;3394;16;0.6;0.0
80;2021-01-19;962;16;4356;32;0.8;0.0
80;2021-01-20;1086;4;5442;36;1.0;0.0
80;2021-01-21;1011;8;6453;44;1.1;0.0
80;2021-01-22;1113;3;7566;47;1.3;0.0
80;2021-01-23;908;0;8474;47;1.5;0.0
80;2021-01-24;823;4;9297;51;1.6;0.0
80;2021-01-25;1539;7;10836;58;1.9;0.0
80;2021-01-26;1479;11;12315;69;2.2;0.0
80;2021-01-27;822;28;13137;97;2.3;0.0
80;2021-01-28;623;175;13760;272;2.4;0.0
80;2021-01-29;637;218;14397;490;2.5;0.1
80;2021-01-30;85;61;14482;551;2.5;0.1
80;2021-01-31;0;0;14482;551;2.5;0.1
80;2021-02-01;26;258;14508;809;2.5;0.1
80;2021-02-02;21;446;14529;1255;2.5;0.2
80;2021-02-03;29;543;14558;1798;2.6;0.3
80;2021-02-04;275;348;14833;2146;2.6;0.4
80;2021-02-05;346;211;15179;2357;2.7;0.4
80;2021-02-06;167;70;15346;2427;2.7;0.4
80;2021-02-07;1;0;15347;2427;2.7;0.4
80;2021-02-08;425;241;15772;2668;2.8;0.5
80;2021-02-09;684;245;16456;2913;2.9;0.5
80;2021-02-10;606;494;17062;3407;3.0;0.6
80;2021-02-11;861;352;17923;3759;3.1;0.7
80;2021-02-12;943;314;18866;4073;3.3;0.7
80;2021-02-13;195;428;19061;4501;3.3;0.8
80;2021-02-14;78;572;19139;5073;3.4;0.9
80;2021-02-15;605;1017;19744;6090;3.5;1.1
80;2021-02-16;688;1142;20432;7232;3.6;1.3
80;2021-02-17;484;1173;20916;8405;3.7;1.5
80;2021-02-18;569;1138;21485;9543;3.8;1.7
80;2021-02-19;503;850;21988;10393;3.9;1.8
80;2021-02-20;22;516;22010;10909;3.9;1.9
80;2021-02-21;47;49;22057;10958;3.9;1.9
80;2021-02-22;149;576;22206;11534;3.9;2.0
80;2021-02-23;471;694;22677;12228;4.0;2.1
80;2021-02-24;431;688;23108;12916;4.1;2.3
80;2021-02-25;815;566;23923;13482;4.2;2.4
80;2021-02-26;1062;524;24985;14006;4.4;2.5
80;2021-02-27;476;73;25461;14079;4.5;2.5
80;2021-02-28;48;23;25509;14102;4.5;2.5
80;2021-03-01;728;64;26237;14166;4.6;2.5
80;2021-03-02;1014;90;27251;14256;4.8;2.5
80;2021-03-03;980;53;28231;14309;5.0;2.5
80;2021-03-04;1390;232;29621;14541;5.2;2.6
80;2021-03-05;1869;323;31490;14864;5.5;2.6
80;2021-03-06;2918;311;34408;15175;6.0;2.7
80;2021-03-07;1841;68;36249;15243;6.4;2.7
80;2021-03-08;714;605;36963;15848;6.5;2.8
80;2021-03-09;1309;907;38272;16755;6.7;2.9
80;2021-03-10;1722;734;39994;17489;7.0;3.1
80;2021-03-11;1906;811;41900;18300;7.4;3.2
80;2021-03-12;3136;725;45036;19025;7.9;3.3
80;2021-03-13;4007;186;49043;19211;8.6;3.4
80;2021-03-14;350;12;49393;19223;8.7;3.4
80;2021-03-15;1014;247;50407;19470;8.8;3.4
80;2021-03-16;882;336;51289;19806;9.0;3.5
80;2021-03-17;663;276;51952;20082;9.1;3.5
80;2021-03-18;1000;293;52952;20375;9.3;3.6
80;2021-03-19;1738;391;54690;20766;9.6;3.6
80;2021-03-20;3821;102;58511;20868;10.3;3.7
80;2021-03-21;487;30;58998;20898;10.4;3.7
80;2021-03-22;902;287;59900;21185;10.5;3.7
80;2021-03-23;1713;407;61613;21592;10.8;3.8
80;2021-03-24;1753;461;63366;22053;11.1;3.9
80;2021-03-25;2713;445;66079;22498;11.6;3.9
80;2021-03-26;3102;422;69181;22920;12.1;4.0
80;2021-03-27;2229;219;71410;23139;12.5;4.1
80;2021-03-28;675;90;72085;23229;12.7;4.1
80;2021-03-29;1980;744;74065;23973;13.0;4.2
80;2021-03-30;1970;871;76035;24844;13.3;4.4
80;2021-03-31;1495;982;77530;25826;13.6;4.5
80;2021-04-01;1949;1483;79479;27309;13.9;4.8
80;2021-04-02;2810;1570;82289;28879;14.4;5.1
80;2021-04-03;3040;854;85329;29733;15.0;5.2
80;2021-04-04;133;6;85462;29739;15.0;5.2
80;2021-04-05;684;199;86146;29938;15.1;5.3
80;2021-04-06;1280;967;87426;30905;15.3;5.4
80;2021-04-07;1622;1194;89048;32099;15.6;5.6
80;2021-04-08;2156;838;91204;32937;16.0;5.8
80;2021-04-09;3528;1345;94732;34282;16.6;6.0
80;2021-04-10;2735;1939;97467;36221;17.1;6.4
80;2021-04-11;189;174;97656;36395;17.1;6.4
80;2021-04-12;1807;484;99463;36879;17.5;6.5
80;2021-04-13;2381;1036;101844;37915;17.9;6.7
80;2021-04-14;2765;1139;104609;39054;18.4;6.9
80;2021-04-15;3729;859;108338;39913;19.0;7.0
80;2021-04-16;3334;856;111672;40769;19.6;7.2
80;2021-04-17;1652;2303;113324;43072;19.9;7.6
80;2021-04-18;370;384;113694;43456;20.0;7.6
80;2021-04-19;954;777;114648;44233;20.1;7.8
80;2021-04-20;1611;809;116259;45042;20.4;7.9
80;2021-04-21;1613;996;117872;46038;20.7;8.1
80;2021-04-22;2160;1250;120032;47288;21.1;8.3
80;2021-04-23;2636;1246;122668;48534;21.5;8.5
80;2021-04-24;1357;1187;124025;49721;21.8;8.7
80;2021-04-25;209;530;124234;50251;21.8;8.8
80;2021-04-26;1295;1441;125529;51692;22.0;9.1
80;2021-04-27;2024;1395;127553;53087;22.4;9.3
80;2021-04-28;2200;1397;129753;54484;22.8;9.6
80;2021-04-29;3216;1877;132969;56361;23.3;9.9
80;2021-04-30;3076;2848;136045;59209;23.9;10.4
80;2021-05-01;987;658;137032;59867;24.1;10.5
80;2021-05-02;370;52;137402;59919;24.1;10.5
80;2021-05-03;2719;1177;140121;61096;24.6;10.7
80;2021-05-04;2498;1709;142619;62805;25.0;11.0
80;2021-05-05;3363;1890;145982;64695;25.6;11.4
80;2021-05-06;3175;2501;149157;67196;26.2;11.8
80;2021-05-07;3453;2690;152610;69886;26.8;12.3
80;2021-05-08;2782;919;155392;70805;27.3;12.4
80;2021-05-09;1407;262;156799;71067;27.5;12.5
80;2021-05-10;1881;1826;158680;72893;27.8;12.8
80;2021-05-11;3274;1783;161954;74676;28.4;13.1
80;2021-05-12;4698;1561;166652;76237;29.2;13.4
80;2021-05-13;3835;361;170487;76598;29.9;13.4
80;2021-05-14;5190;1393;175677;77991;30.8;13.7
80;2021-05-15;5919;1051;181596;79042;31.9;13.9
80;2021-05-16;2679;305;184275;79347;32.3;13.9
80;2021-05-17;2369;817;186644;80164;32.8;14.1
80;2021-05-18;3946;847;190590;81011;33.5;14.2
80;2021-05-19;4014;944;194604;81955;34.2;14.4
80;2021-05-20;4566;1210;199170;83165;35.0;14.6
80;2021-05-21;4892;1665;204062;84830;35.8;14.9
80;2021-05-22;5032;1148;209094;85978;36.7;15.1
80;2021-05-23;1784;239;210878;86217;37.0;15.1
80;2021-05-24;1466;159;212344;86376;37.3;15.2
80;2021-05-25;2621;1135;214965;87511;37.7;15.4
80;2021-05-26;4247;1694;219212;89205;38.5;15.7
80;2021-05-27;3976;2469;223188;91674;39.2;16.1
80;2021-05-28;3865;2976;227053;94650;39.9;16.6
80;2021-05-29;3696;1619;230749;96269;40.5;16.9
80;2021-05-30;1181;197;231930;96466;40.7;16.9
80;2021-05-31;2599;1374;234529;97840;41.2;17.2
80;2021-06-01;4029;2427;238558;100267;41.9;17.6
80;2021-06-02;3334;2004;241892;102271;42.5;17.9
80;2021-06-03;4265;2924;246157;105195;43.2;18.5
80;2021-06-04;4793;3075;250950;108270;44.0;19.0
80;2021-06-05;3556;2077;254506;110347;44.7;19.4
80;2021-06-06;801;209;255307;110556;44.8;19.4
80;2021-06-07;1746;1942;257053;112498;45.1;19.7
80;2021-06-08;2743;2553;259796;115051;45.6;20.2
80;2021-06-09;3004;2723;262800;117774;46.1;20.7
80;2021-06-10;3163;3165;265963;120939;46.7;21.2
80;2021-06-11;3218;3883;269181;124822;47.2;21.9
80;2021-06-12;3041;2327;272222;127149;47.8;22.3
80;2021-06-13;472;404;272694;127553;47.9;22.4
80;2021-06-14;1262;2848;273956;130401;48.1;22.9
80;2021-06-15;2309;3421;276265;133822;48.5;23.5
80;2021-06-16;1562;4219;277827;138041;48.8;24.2
80;2021-06-17;2353;3621;280180;141662;49.2;24.9
80;2021-06-18;2548;3897;282728;145559;49.6;25.5
80;2021-06-19;2981;4343;285709;149902;50.1;26.3
80;2021-06-20;203;1077;285912;150979;50.2;26.5
80;2021-06-21;1007;2617;286919;153596;50.4;27.0
80;2021-06-22;1141;3934;288060;157530;50.6;27.6
80;2021-06-23;1844;5287;289904;162817;50.9;28.6
80;2021-06-24;1690;4682;291594;167499;51.2;29.4
80;2021-06-25;1374;6120;292968;173619;51.4;30.5
80;2021-06-26;1928;6188;294896;179807;51.8;31.6
80;2021-06-27;330;2028;295226;181835;51.8;31.9
80;2021-06-28;901;3171;296127;185006;52.0;32.5
80;2021-06-29;1909;4618;298036;189624;52.3;33.3
80;2021-06-30;1226;4784;299262;194408;52.5;34.1
80;2021-07-01;1547;5002;300809;199410;52.8;35.0
80;2021-07-02;1849;5988;302658;205398;53.1;36.0
80;2021-07-03;1289;5276;303947;210674;53.3;37.0
80;2021-07-04;688;1473;304635;212147;53.5;37.2
80;2021-07-05;866;2959;305501;215106;53.6;37.8
80;2021-07-06;1841;3989;307342;219095;53.9;38.5
80;2021-07-07;1537;4510;308879;223605;54.2;39.2
80;2021-07-08;2068;5005;310947;228610;54.6;40.1
80;2021-07-09;2585;5465;313532;234075;55.0;41.1
80;2021-07-10;1592;3987;315124;238062;55.3;41.8
80;2021-07-11;397;795;315521;238857;55.4;41.9
80;2021-07-12;860;3384;316381;242241;55.5;42.5
80;2021-07-13;2046;5090;318427;247331;55.9;43.4
80;2021-07-14;2772;1737;321199;249068;56.4;43.7
80;2021-07-15;2758;5296;323957;254364;56.9;44.6
80;2021-07-16;3865;5882;327822;260246;57.5;45.7
80;2021-07-17;3357;4454;331179;264700;58.1;46.5
80;2021-07-18;872;890;332051;265590;58.3;46.6
80;2021-07-19;2144;2872;334195;268462;58.7;47.1
80;2021-07-20;3300;4889;337495;273351;59.2;48.0
80;2021-07-21;3472;4483;340967;277834;59.8;48.8
80;2021-07-22;4323;4549;345290;282383;60.6;49.6
80;2021-07-23;5329;4793;350619;287176;61.5;50.4
80;2021-07-24;4222;4313;354841;291489;62.3;51.2
80;2021-07-25;1182;634;356023;292123;62.5;51.3
80;2021-07-26;2667;2324;358690;294447;63.0;51.7
80;2021-07-27;4335;3673;363025;298120;63.7;52.3
80;2021-07-28;5049;2762;368074;300882;64.6;52.8
81;2020-12-27;0;0;0;0;0.0;0.0
81;2020-12-28;0;0;0;0;0.0;0.0
81;2020-12-29;0;0;0;0;0.0;0.0
81;2020-12-30;0;0;0;0;0.0;0.0
81;2020-12-31;0;0;0;0;0.0;0.0
81;2021-01-01;0;0;0;0;0.0;0.0
81;2021-01-02;0;0;0;0;0.0;0.0
81;2021-01-03;0;0;0;0;0.0;0.0
81;2021-01-04;1;0;1;0;0.0;0.0
81;2021-01-05;0;0;1;0;0.0;0.0
81;2021-01-06;5;0;6;0;0.0;0.0
81;2021-01-07;266;0;272;0;0.1;0.0
81;2021-01-08;312;1;584;1;0.2;0.0
81;2021-01-09;74;1;658;2;0.2;0.0
81;2021-01-10;1;0;659;2;0.2;0.0
81;2021-01-11;133;0;792;2;0.2;0.0
81;2021-01-12;167;0;959;2;0.2;0.0
81;2021-01-13;233;1;1192;3;0.3;0.0
81;2021-01-14;959;7;2151;10;0.6;0.0
81;2021-01-15;524;1;2675;11;0.7;0.0
81;2021-01-16;72;0;2747;11;0.7;0.0
81;2021-01-17;0;0;2747;11;0.7;0.0
81;2021-01-18;579;3;3326;14;0.9;0.0
81;2021-01-19;662;4;3988;18;1.0;0.0
81;2021-01-20;752;2;4740;20;1.2;0.0
81;2021-01-21;1174;3;5914;23;1.5;0.0
81;2021-01-22;852;2;6766;25;1.7;0.0
81;2021-01-23;221;1;6987;26;1.8;0.0
81;2021-01-24;102;0;7089;26;1.8;0.0
81;2021-01-25;566;3;7655;29;2.0;0.0
81;2021-01-26;634;5;8289;34;2.1;0.0
81;2021-01-27;551;4;8840;38;2.3;0.0
81;2021-01-28;685;215;9525;253;2.5;0.1
81;2021-01-29;300;183;9825;436;2.5;0.1
81;2021-01-30;202;37;10027;473;2.6;0.1
81;2021-01-31;104;1;10131;474;2.6;0.1
81;2021-02-01;319;130;10450;604;2.7;0.2
81;2021-02-02;446;142;10896;746;2.8;0.2
81;2021-02-03;476;223;11372;969;2.9;0.2
81;2021-02-04;1397;690;12769;1659;3.3;0.4
81;2021-02-05;868;315;13637;1974;3.5;0.5
81;2021-02-06;274;21;13911;1995;3.6;0.5
81;2021-02-07;103;0;14014;1995;3.6;0.5
81;2021-02-08;274;219;14288;2214;3.7;0.6
81;2021-02-09;418;221;14706;2435;3.8;0.6
81;2021-02-10;371;283;15077;2718;3.9;0.7
81;2021-02-11;651;388;15728;3106;4.1;0.8
81;2021-02-12;576;547;16304;3653;4.2;0.9
81;2021-02-13;187;159;16491;3812;4.3;1.0
81;2021-02-14;100;1;16591;3813;4.3;1.0
81;2021-02-15;234;484;16825;4297;4.3;1.1
81;2021-02-16;281;617;17106;4914;4.4;1.3
81;2021-02-17;242;520;17348;5434;4.5;1.4
81;2021-02-18;483;674;17831;6108;4.6;1.6
81;2021-02-19;566;410;18397;6518;4.7;1.7
81;2021-02-20;322;281;18719;6799;4.8;1.8
81;2021-02-21;22;80;18741;6879;4.8;1.8
81;2021-02-22;232;536;18973;7415;4.9;1.9
81;2021-02-23;168;594;19141;8009;4.9;2.1
81;2021-02-24;291;631;19432;8640;5.0;2.2
81;2021-02-25;708;1056;20140;9696;5.2;2.5
81;2021-02-26;908;956;21048;10652;5.4;2.7
81;2021-02-27;275;243;21323;10895;5.5;2.8
81;2021-02-28;21;89;21344;10984;5.5;2.8
81;2021-03-01;208;410;21552;11394;5.6;2.9
81;2021-03-02;363;542;21915;11936;5.6;3.1
81;2021-03-03;463;422;22378;12358;5.8;3.2
81;2021-03-04;1061;459;23439;12817;6.0;3.3
81;2021-03-05;1407;387;24846;13204;6.4;3.4
81;2021-03-06;981;163;25827;13367;6.7;3.4
81;2021-03-07;154;102;25981;13469;6.7;3.5
81;2021-03-08;465;359;26446;13828;6.8;3.6
81;2021-03-09;809;388;27255;14216;7.0;3.7
81;2021-03-10;898;391;28153;14607;7.3;3.8
81;2021-03-11;1346;354;29499;14961;7.6;3.9
81;2021-03-12;1688;296;31187;15257;8.0;3.9
81;2021-03-13;1030;187;32217;15444;8.3;4.0
81;2021-03-14;64;82;32281;15526;8.3;4.0
81;2021-03-15;1094;209;33375;15735;8.6;4.1
81;2021-03-16;724;228;34099;15963;8.8;4.1
81;2021-03-17;888;272;34987;16235;9.0;4.2
81;2021-03-18;968;580;35955;16815;9.3;4.3
81;2021-03-19;1270;451;37225;17266;9.6;4.5
81;2021-03-20;676;277;37901;17543;9.8;4.5
81;2021-03-21;139;22;38040;17565;9.8;4.5
81;2021-03-22;932;283;38972;17848;10.0;4.6
81;2021-03-23;1418;221;40390;18069;10.4;4.7
81;2021-03-24;1601;272;41991;18341;10.8;4.7
81;2021-03-25;2028;321;44019;18662;11.3;4.8
81;2021-03-26;2099;277;46118;18939;11.9;4.9
81;2021-03-27;1092;34;47210;18973;12.2;4.9
81;2021-03-28;733;39;47943;19012;12.4;4.9
81;2021-03-29;2863;176;50806;19188;13.1;4.9
81;2021-03-30;3053;203;53859;19391;13.9;5.0
81;2021-03-31;2690;290;56549;19681;14.6;5.1
81;2021-04-01;3311;551;59860;20232;15.4;5.2
81;2021-04-02;2613;360;62473;20592;16.1;5.3
81;2021-04-03;1146;298;63619;20890;16.4;5.4
81;2021-04-04;1401;17;65020;20907;16.8;5.4
81;2021-04-05;717;18;65737;20925;16.9;5.4
81;2021-04-06;1593;507;67330;21432;17.4;5.5
81;2021-04-07;1814;578;69144;22010;17.8;5.7
81;2021-04-08;2614;823;71758;22833;18.5;5.9
81;2021-04-09;3049;462;74807;23295;19.3;6.0
81;2021-04-10;1476;504;76283;23799;19.7;6.1
81;2021-04-11;1297;59;77580;23858;20.0;6.2
81;2021-04-12;1217;684;78797;24542;20.3;6.3
81;2021-04-13;2531;777;81328;25319;21.0;6.5
81;2021-04-14;2505;822;83833;26141;21.6;6.7
81;2021-04-15;3095;1188;86928;27329;22.4;7.0
81;2021-04-16;2819;1076;89747;28405;23.1;7.3
81;2021-04-17;1145;289;90892;28694;23.4;7.4
81;2021-04-18;518;145;91410;28839;23.6;7.4
81;2021-04-19;913;821;92323;29660;23.8;7.6
81;2021-04-20;2270;1166;94593;30826;24.4;7.9
81;2021-04-21;2224;998;96817;31824;25.0;8.2
81;2021-04-22;2817;1055;99634;32879;25.7;8.5
81;2021-04-23;2877;964;102511;33843;26.4;8.7
81;2021-04-24;1326;743;103837;34586;26.8;8.9
81;2021-04-25;454;716;104291;35302;26.9;9.1
81;2021-04-26;1060;2424;105351;37726;27.2;9.7
81;2021-04-27;1598;2352;106949;40078;27.6;10.3
81;2021-04-28;1419;2392;108368;42470;27.9;10.9
81;2021-04-29;1816;2746;110184;45216;28.4;11.7
81;2021-04-30;2012;2352;112196;47568;28.9;12.3
81;2021-05-01;361;685;112557;48253;29.0;12.4
81;2021-05-02;291;1381;112848;49634;29.1;12.8
81;2021-05-03;1115;1168;113963;50802;29.4;13.1
81;2021-05-04;2618;1902;116581;52704;30.1;13.6
81;2021-05-05;2015;1929;118596;54633;30.6;14.1
81;2021-05-06;2738;3410;121334;58043;31.3;15.0
81;2021-05-07;2112;2855;123446;60898;31.8;15.7
81;2021-05-08;963;876;124409;61774;32.1;15.9
81;2021-05-09;534;1353;124943;63127;32.2;16.3
81;2021-05-10;823;1602;125766;64729;32.4;16.7
81;2021-05-11;1661;2575;127427;67304;32.9;17.4
81;2021-05-12;1635;2458;129062;69762;33.3;18.0
81;2021-05-13;1216;564;130278;70326;33.6;18.1
81;2021-05-14;1890;1722;132168;72048;34.1;18.6
81;2021-05-15;1511;618;133679;72666;34.5;18.7
81;2021-05-16;1368;415;135047;73081;34.8;18.8
81;2021-05-17;1166;862;136213;73943;35.1;19.1
81;2021-05-18;1699;1431;137912;75374;35.6;19.4
81;2021-05-19;2642;1244;140554;76618;36.2;19.8
81;2021-05-20;2968;1347;143522;77965;37.0;20.1
81;2021-05-21;2737;1117;146259;79082;37.7;20.4
81;2021-05-22;2816;518;149075;79600;38.4;20.5
81;2021-05-23;1179;74;150254;79674;38.7;20.5
81;2021-05-24;838;79;151092;79753;39.0;20.6
81;2021-05-25;2492;1104;153584;80857;39.6;20.8
81;2021-05-26;1888;795;155472;81652;40.1;21.0
81;2021-05-27;2556;1534;158028;83186;40.7;21.4
81;2021-05-28;2562;1664;160590;84850;41.4;21.9
81;2021-05-29;1401;540;161991;85390;41.8;22.0
81;2021-05-30;933;220;162924;85610;42.0;22.1
81;2021-05-31;1183;1337;164107;86947;42.3;22.4
81;2021-06-01;1780;2699;165887;89646;42.8;23.1
81;2021-06-02;1991;2442;167878;92088;43.3;23.7
81;2021-06-03;2001;2533;169879;94621;43.8;24.4
81;2021-06-04;1845;2949;171724;97570;44.3;25.2
81;2021-06-05;1754;1306;173478;98876;44.7;25.5
81;2021-06-06;370;366;173848;99242;44.8;25.6
81;2021-06-07;1208;1540;175056;100782;45.1;26.0
81;2021-06-08;2363;2386;177419;103168;45.7;26.6
81;2021-06-09;2439;1864;179858;105032;46.4;27.1
81;2021-06-10;1280;1565;181138;106597;46.7;27.5
81;2021-06-11;2652;2201;183790;108798;47.4;28.0
81;2021-06-12;1658;1035;185448;109833;47.8;28.3
81;2021-06-13;442;476;185890;110309;47.9;28.4
81;2021-06-14;771;1421;186661;111730;48.1;28.8
81;2021-06-15;1678;3504;188339;115234;48.6;29.7
81;2021-06-16;1266;3010;189605;118244;48.9;30.5
81;2021-06-17;1339;2523;190944;120767;49.2;31.1
81;2021-06-18;1833;2767;192777;123534;49.7;31.8
81;2021-06-19;825;947;193602;124481;49.9;32.1
81;2021-06-20;405;537;194007;125018;50.0;32.2
81;2021-06-21;423;1037;194430;126055;50.1;32.5
81;2021-06-22;1059;2565;195489;128620;50.4;33.2
81;2021-06-23;1133;2155;196622;130775;50.7;33.7
81;2021-06-24;1106;1938;197728;132713;51.0;34.2
81;2021-06-25;1220;2861;198948;135574;51.3;35.0
81;2021-06-26;722;1706;199670;137280;51.5;35.4
81;2021-06-27;526;1648;200196;138928;51.6;35.8
81;2021-06-28;475;1542;200671;140470;51.7;36.2
81;2021-06-29;1080;2635;201751;143105;52.0;36.9
81;2021-06-30;1037;3157;202788;146262;52.3;37.7
81;2021-07-01;873;2625;203661;148887;52.5;38.4
81;2021-07-02;987;2858;204648;151745;52.8;39.1
81;2021-07-03;730;2826;205378;154571;52.9;39.8
81;2021-07-04;268;1009;205646;155580;53.0;40.1
81;2021-07-05;687;1620;206333;157200;53.2;40.5
81;2021-07-06;970;3176;207303;160376;53.4;41.3
81;2021-07-07;1056;2438;208359;162814;53.7;42.0
81;2021-07-08;1025;2233;209384;165047;54.0;42.5
81;2021-07-09;1143;2699;210527;167746;54.3;43.2
81;2021-07-10;802;1523;211329;169269;54.5;43.6
81;2021-07-11;434;1012;211763;170281;54.6;43.9
81;2021-07-12;724;1727;212487;172008;54.8;44.3
81;2021-07-13;2050;3139;214537;175147;55.3;45.2
81;2021-07-14;1437;1560;215974;176707;55.7;45.6
81;2021-07-15;2527;2754;218501;179461;56.3;46.3
81;2021-07-16;2016;3018;220517;182479;56.8;47.0
81;2021-07-17;1214;2453;221731;184932;57.2;47.7
81;2021-07-18;673;1125;222404;186057;57.3;48.0
81;2021-07-19;1160;1728;223564;187785;57.6;48.4
81;2021-07-20;3036;2787;226600;190572;58.4;49.1
81;2021-07-21;3462;2323;230062;192895;59.3;49.7
81;2021-07-22;3544;2086;233606;194981;60.2;50.3
81;2021-07-23;3156;3221;236762;198202;61.0;51.1
81;2021-07-24;2513;1700;239275;199902;61.7;51.5
81;2021-07-25;1684;705;240959;200607;62.1;51.7
81;2021-07-26;1998;1532;242957;202139;62.6;52.1
81;2021-07-27;3560;2521;246517;204660;63.6;52.8
81;2021-07-28;3020;2181;249537;206841;64.3;53.3
82;2020-12-27;0;0;0;0;0.0;0.0
82;2020-12-28;1;0;1;0;0.0;0.0
82;2020-12-29;0;0;1;0;0.0;0.0
82;2020-12-30;0;0;1;0;0.0;0.0
82;2020-12-31;0;0;1;0;0.0;0.0
82;2021-01-01;0;0;1;0;0.0;0.0
82;2021-01-02;0;0;1;0;0.0;0.0
82;2021-01-03;0;0;1;0;0.0;0.0
82;2021-01-04;0;0;1;0;0.0;0.0
82;2021-01-05;86;0;87;0;0.0;0.0
82;2021-01-06;1;0;88;0;0.0;0.0
82;2021-01-07;75;0;163;0;0.1;0.0
82;2021-01-08;46;0;209;0;0.1;0.0
82;2021-01-09;77;0;286;0;0.1;0.0
82;2021-01-10;0;0;286;0;0.1;0.0
82;2021-01-11;94;0;380;0;0.1;0.0
82;2021-01-12;284;0;664;0;0.3;0.0
82;2021-01-13;336;1;1000;1;0.4;0.0
82;2021-01-14;441;4;1441;5;0.5;0.0
82;2021-01-15;612;2;2053;7;0.8;0.0
82;2021-01-16;229;3;2282;10;0.9;0.0
82;2021-01-17;89;0;2371;10;0.9;0.0
82;2021-01-18;433;2;2804;12;1.1;0.0
82;2021-01-19;479;1;3283;13;1.3;0.0
82;2021-01-20;663;1;3946;14;1.5;0.0
82;2021-01-21;446;1;4392;15;1.7;0.0
82;2021-01-22;482;2;4874;17;1.9;0.0
82;2021-01-23;151;0;5025;17;1.9;0.0
82;2021-01-24;0;0;5025;17;1.9;0.0
82;2021-01-25;376;0;5401;17;2.1;0.0
82;2021-01-26;468;0;5869;17;2.2;0.0
82;2021-01-27;519;1;6388;18;2.4;0.0
82;2021-01-28;585;34;6973;52;2.7;0.0
82;2021-01-29;405;108;7378;160;2.8;0.1
82;2021-01-30;44;22;7422;182;2.8;0.1
82;2021-01-31;0;0;7422;182;2.8;0.1
82;2021-02-01;292;55;7714;237;2.9;0.1
82;2021-02-02;344;100;8058;337;3.1;0.1
82;2021-02-03;462;66;8520;403;3.2;0.2
82;2021-02-04;763;219;9283;622;3.5;0.2
82;2021-02-05;478;148;9761;770;3.7;0.3
82;2021-02-06;93;39;9854;809;3.8;0.3
82;2021-02-07;29;79;9883;888;3.8;0.3
82;2021-02-08;149;227;10032;1115;3.8;0.4
82;2021-02-09;238;393;10270;1508;3.9;0.6
82;2021-02-10;271;602;10541;2110;4.0;0.8
82;2021-02-11;224;402;10765;2512;4.1;1.0
82;2021-02-12;190;610;10955;3122;4.2;1.2
82;2021-02-13;59;119;11014;3241;4.2;1.2
82;2021-02-14;4;81;11018;3322;4.2;1.3
82;2021-02-15;217;306;11235;3628;4.3;1.4
82;2021-02-16;280;392;11515;4020;4.4;1.5
82;2021-02-17;358;519;11873;4539;4.5;1.7
82;2021-02-18;507;509;12380;5048;4.7;1.9
82;2021-02-19;489;544;12869;5592;4.9;2.1
82;2021-02-20;78;139;12947;5731;4.9;2.2
82;2021-02-21;0;0;12947;5731;4.9;2.2
82;2021-02-22;198;407;13145;6138;5.0;2.3
82;2021-02-23;275;469;13420;6607;5.1;2.5
82;2021-02-24;282;458;13702;7065;5.2;2.7
82;2021-02-25;637;508;14339;7573;5.5;2.9
82;2021-02-26;648;375;14987;7948;5.7;3.0
82;2021-02-27;214;73;15201;8021;5.8;3.1
82;2021-02-28;30;7;15231;8028;5.8;3.1
82;2021-03-01;291;229;15522;8257;5.9;3.1
82;2021-03-02;495;401;16017;8658;6.1;3.3
82;2021-03-03;441;386;16458;9044;6.3;3.4
82;2021-03-04;600;300;17058;9344;6.5;3.6
82;2021-03-05;680;380;17738;9724;6.8;3.7
82;2021-03-06;687;39;18425;9763;7.0;3.7
82;2021-03-07;300;3;18725;9766;7.1;3.7
82;2021-03-08;603;155;19328;9921;7.4;3.8
82;2021-03-09;582;257;19910;10178;7.6;3.9
82;2021-03-10;778;246;20688;10424;7.9;4.0
82;2021-03-11;970;282;21658;10706;8.2;4.1
82;2021-03-12;992;104;22650;10810;8.6;4.1
82;2021-03-13;564;53;23214;10863;8.8;4.1
82;2021-03-14;61;5;23275;10868;8.9;4.1
82;2021-03-15;485;327;23760;11195;9.0;4.3
82;2021-03-16;195;334;23955;11529;9.1;4.4
82;2021-03-17;190;296;24145;11825;9.2;4.5
82;2021-03-18;279;350;24424;12175;9.3;4.6
82;2021-03-19;533;312;24957;12487;9.5;4.8
82;2021-03-20;252;58;25209;12545;9.6;4.8
82;2021-03-21;23;0;25232;12545;9.6;4.8
82;2021-03-22;405;317;25637;12862;9.8;4.9
82;2021-03-23;602;311;26239;13173;10.0;5.0
82;2021-03-24;620;334;26859;13507;10.2;5.1
82;2021-03-25;928;244;27787;13751;10.6;5.2
82;2021-03-26;1214;268;29001;14019;11.0;5.3
82;2021-03-27;478;78;29479;14097;11.2;5.4
82;2021-03-28;136;1;29615;14098;11.3;5.4
82;2021-03-29;924;378;30539;14476;11.6;5.5
82;2021-03-30;1187;277;31726;14753;12.1;5.6
82;2021-03-31;1018;259;32744;15012;12.5;5.7
82;2021-04-01;1072;196;33816;15208;12.9;5.8
82;2021-04-02;1210;285;35026;15493;13.3;5.9
82;2021-04-03;715;130;35741;15623;13.6;5.9
82;2021-04-04;275;13;36016;15636;13.7;6.0
82;2021-04-05;388;19;36404;15655;13.9;6.0
82;2021-04-06;952;511;37356;16166;14.2;6.2
82;2021-04-07;1017;497;38373;16663;14.6;6.3
82;2021-04-08;1454;413;39827;17076;15.2;6.5
82;2021-04-09;1655;469;41482;17545;15.8;6.7
82;2021-04-10;1711;98;43193;17643;16.4;6.7
82;2021-04-11;559;17;43752;17660;16.7;6.7
82;2021-04-12;1348;290;45100;17950;17.2;6.8
82;2021-04-13;1625;264;46725;18214;17.8;6.9
82;2021-04-14;1408;296;48133;18510;18.3;7.0
82;2021-04-15;1780;320;49913;18830;19.0;7.2
82;2021-04-16;1541;330;51454;19160;19.6;7.3
82;2021-04-17;1243;68;52697;19228;20.1;7.3
82;2021-04-18;560;14;53257;19242;20.3;7.3
82;2021-04-19;959;359;54216;19601;20.6;7.5
82;2021-04-20;1267;401;55483;20002;21.1;7.6
82;2021-04-21;1218;375;56701;20377;21.6;7.8
82;2021-04-22;1448;293;58149;20670;22.1;7.9
82;2021-04-23;1075;680;59224;21350;22.6;8.1
82;2021-04-24;1185;263;60409;21613;23.0;8.2
82;2021-04-25;736;48;61145;21661;23.3;8.2
82;2021-04-26;748;808;61893;22469;23.6;8.6
82;2021-04-27;905;924;62798;23393;23.9;8.9
82;2021-04-28;921;870;63719;24263;24.3;9.2
82;2021-04-29;1106;905;64825;25168;24.7;9.6
82;2021-04-30;1039;888;65864;26056;25.1;9.9
82;2021-05-01;1140;257;67004;26313;25.5;10.0
82;2021-05-02;697;144;67701;26457;25.8;10.1
82;2021-05-03;410;1215;68111;27672;25.9;10.5
82;2021-05-04;864;1169;68975;28841;26.3;11.0
82;2021-05-05;568;1172;69543;30013;26.5;11.4
82;2021-05-06;851;1419;70394;31432;26.8;12.0
82;2021-05-07;734;1453;71128;32885;27.1;12.5
82;2021-05-08;934;520;72062;33405;27.4;12.7
82;2021-05-09;753;580;72815;33985;27.7;12.9
82;2021-05-10;850;1365;73665;35350;28.1;13.5
82;2021-05-11;1158;1350;74823;36700;28.5;14.0
82;2021-05-12;1014;1345;75837;38045;28.9;14.5
82;2021-05-13;1455;430;77292;38475;29.4;14.7
82;2021-05-14;1691;1239;78983;39714;30.1;15.1
82;2021-05-15;1934;690;80917;40404;30.8;15.4
82;2021-05-16;557;115;81474;40519;31.0;15.4
82;2021-05-17;1090;1173;82564;41692;31.4;15.9
82;2021-05-18;1466;1189;84030;42881;32.0;16.3
82;2021-05-19;1267;978;85297;43859;32.5;16.7
82;2021-05-20;1407;1159;86704;45018;33.0;17.1
82;2021-05-21;1411;1215;88115;46233;33.6;17.6
82;2021-05-22;2070;631;90185;46864;34.3;17.8
82;2021-05-23;704;117;90889;46981;34.6;17.9
82;2021-05-24;1441;262;92330;47243;35.2;18.0
82;2021-05-25;1444;963;93774;48206;35.7;18.4
82;2021-05-26;1413;921;95187;49127;36.2;18.7
82;2021-05-27;1460;1027;96647;50154;36.8;19.1
82;2021-05-28;1538;1145;98185;51299;37.4;19.5
82;2021-05-29;1496;546;99681;51845;38.0;19.7
82;2021-05-30;403;101;100084;51946;38.1;19.8
82;2021-05-31;1489;990;101573;52936;38.7;20.2
82;2021-06-01;1749;1052;103322;53988;39.3;20.6
82;2021-06-02;1473;1004;104795;54992;39.9;20.9
82;2021-06-03;1489;1181;106284;56173;40.5;21.4
82;2021-06-04;2249;1306;108533;57479;41.3;21.9
82;2021-06-05;2270;984;110803;58463;42.2;22.3
82;2021-06-06;328;134;111131;58597;42.3;22.3
82;2021-06-07;958;1275;112089;59872;42.7;22.8
82;2021-06-08;1446;1141;113535;61013;43.2;23.2
82;2021-06-09;1707;1141;115242;62154;43.9;23.7
82;2021-06-10;1440;1208;116682;63362;44.4;24.1
82;2021-06-11;1922;1123;118604;64485;45.2;24.6
82;2021-06-12;2394;1398;120998;65883;46.1;25.1
82;2021-06-13;377;113;121375;65996;46.2;25.1
82;2021-06-14;1209;1081;122584;67077;46.7;25.5
82;2021-06-15;1461;1243;124045;68320;47.2;26.0
82;2021-06-16;1750;1164;125795;69484;47.9;26.5
82;2021-06-17;1221;1474;127016;70958;48.4;27.0
82;2021-06-18;1469;1441;128485;72399;48.9;27.6
82;2021-06-19;2270;973;130755;73372;49.8;27.9
82;2021-06-20;268;174;131023;73546;49.9;28.0
82;2021-06-21;484;1362;131507;74908;50.1;28.5
82;2021-06-22;890;1706;132397;76614;50.4;29.2
82;2021-06-23;1233;1588;133630;78202;50.9;29.8
82;2021-06-24;752;1901;134382;80103;51.2;30.5
82;2021-06-25;738;1940;135120;82043;51.5;31.2
82;2021-06-26;1239;2149;136359;84192;51.9;32.1
82;2021-06-27;195;438;136554;84630;52.0;32.2
82;2021-06-28;330;1412;136884;86042;52.1;32.8
82;2021-06-29;516;1841;137400;87883;52.3;33.5
82;2021-06-30;947;1909;138347;89792;52.7;34.2
82;2021-07-01;650;1634;138997;91426;52.9;34.8
82;2021-07-02;929;2310;139926;93736;53.3;35.7
82;2021-07-03;858;2339;140784;96075;53.6;36.6
82;2021-07-04;118;435;140902;96510;53.7;36.7
82;2021-07-05;438;1564;141340;98074;53.8;37.3
82;2021-07-06;511;1868;141851;99942;54.0;38.1
82;2021-07-07;786;1769;142637;101711;54.3;38.7
82;2021-07-08;503;1499;143140;103210;54.5;39.3
82;2021-07-09;779;2152;143919;105362;54.8;40.1
82;2021-07-10;704;2219;144623;107581;55.1;41.0
82;2021-07-11;38;382;144661;107963;55.1;41.1
82;2021-07-12;576;1881;145237;109844;55.3;41.8
82;2021-07-13;708;2003;145945;111847;55.6;42.6
82;2021-07-14;616;739;146561;112586;55.8;42.9
82;2021-07-15;850;1750;147411;114336;56.1;43.5
82;2021-07-16;1434;2630;148845;116966;56.7;44.5
82;2021-07-17;559;2193;149404;119159;56.9;45.4
82;2021-07-18;14;41;149418;119200;56.9;45.4
82;2021-07-19;725;2070;150143;121270;57.2;46.2
82;2021-07-20;917;1884;151060;123154;57.5;46.9
82;2021-07-21;1282;1752;152342;124906;58.0;47.6
82;2021-07-22;1070;1761;153412;126667;58.4;48.2
82;2021-07-23;1049;2982;154461;129649;58.8;49.4
82;2021-07-24;1096;1471;155557;131120;59.2;49.9
82;2021-07-25;301;71;155858;131191;59.3;50.0
82;2021-07-26;946;1897;156804;133088;59.7;50.7
82;2021-07-27;1217;1634;158021;134722;60.2;51.3
82;2021-07-28;1438;1474;159459;136196;60.7;51.9
83;2020-12-27;1;0;1;0;0.0;0.0
83;2020-12-28;0;0;1;0;0.0;0.0
83;2020-12-29;0;0;1;0;0.0;0.0
83;2020-12-30;1;0;2;0;0.0;0.0
83;2020-12-31;0;0;2;0;0.0;0.0
83;2021-01-01;1;0;3;0;0.0;0.0
83;2021-01-02;0;0;3;0;0.0;0.0
83;2021-01-03;0;0;3;0;0.0;0.0
83;2021-01-04;1;0;4;0;0.0;0.0
83;2021-01-05;2;0;6;0;0.0;0.0
83;2021-01-06;69;0;75;0;0.0;0.0
83;2021-01-07;324;1;399;1;0.0;0.0
83;2021-01-08;410;0;809;1;0.1;0.0
83;2021-01-09;48;0;857;1;0.1;0.0
83;2021-01-10;1;0;858;1;0.1;0.0
83;2021-01-11;475;0;1333;1;0.1;0.0
83;2021-01-12;975;2;2308;3;0.2;0.0
83;2021-01-13;961;7;3269;10;0.3;0.0
83;2021-01-14;836;6;4105;16;0.4;0.0
83;2021-01-15;702;1;4807;17;0.4;0.0
83;2021-01-16;41;0;4848;17;0.5;0.0
83;2021-01-17;1;0;4849;17;0.5;0.0
83;2021-01-18;1216;3;6065;20;0.6;0.0
83;2021-01-19;2014;6;8079;26;0.8;0.0
83;2021-01-20;1655;10;9734;36;0.9;0.0
83;2021-01-21;2098;7;11832;43;1.1;0.0
83;2021-01-22;1653;5;13485;48;1.3;0.0
83;2021-01-23;242;0;13727;48;1.3;0.0
83;2021-01-24;21;1;13748;49;1.3;0.0
83;2021-01-25;1551;5;15299;54;1.4;0.0
83;2021-01-26;1746;15;17045;69;1.6;0.0
83;2021-01-27;2152;80;19197;149;1.8;0.0
83;2021-01-28;5075;356;24272;505;2.3;0.0
83;2021-01-29;2946;350;27218;855;2.5;0.1
83;2021-01-30;233;45;27451;900;2.6;0.1
83;2021-01-31;46;0;27497;900;2.6;0.1
83;2021-02-01;1277;422;28774;1322;2.7;0.1
83;2021-02-02;1432;729;30206;2051;2.8;0.2
83;2021-02-03;1520;637;31726;2688;3.0;0.3
83;2021-02-04;1483;749;33209;3437;3.1;0.3
83;2021-02-05;1217;682;34426;4119;3.2;0.4
83;2021-02-06;21;14;34447;4133;3.2;0.4
83;2021-02-07;1;0;34448;4133;3.2;0.4
83;2021-02-08;1086;631;35534;4764;3.3;0.4
83;2021-02-09;1323;914;36857;5678;3.4;0.5
83;2021-02-10;1526;805;38383;6483;3.6;0.6
83;2021-02-11;1603;1020;39986;7503;3.7;0.7
83;2021-02-12;1343;827;41329;8330;3.8;0.8
83;2021-02-13;52;25;41381;8355;3.9;0.8
83;2021-02-14;0;0;41381;8355;3.9;0.8
83;2021-02-15;667;1058;42048;9413;3.9;0.9
83;2021-02-16;541;1378;42589;10791;4.0;1.0
83;2021-02-17;803;1843;43392;12634;4.0;1.2
83;2021-02-18;1619;3871;45011;16505;4.2;1.5
83;2021-02-19;1473;2337;46484;18842;4.3;1.8
83;2021-02-20;60;170;46544;19012;4.3;1.8
83;2021-02-21;23;35;46567;19047;4.3;1.8
83;2021-02-22;499;1759;47066;20806;4.4;1.9
83;2021-02-23;670;1448;47736;22254;4.4;2.1
83;2021-02-24;719;1490;48455;23744;4.5;2.2
83;2021-02-25;1245;1413;49700;25157;4.6;2.3
83;2021-02-26;1297;1258;50997;26415;4.7;2.5
83;2021-02-27;551;55;51548;26470;4.8;2.5
83;2021-02-28;8;13;51556;26483;4.8;2.5
83;2021-03-01;806;1247;52362;27730;4.9;2.6
83;2021-03-02;984;1309;53346;29039;5.0;2.7
83;2021-03-03;1429;1533;54775;30572;5.1;2.8
83;2021-03-04;1876;1377;56651;31949;5.3;3.0
83;2021-03-05;2212;1232;58863;33181;5.5;3.1
83;2021-03-06;2999;103;61862;33284;5.8;3.1
83;2021-03-07;2225;29;64087;33313;6.0;3.1
83;2021-03-08;845;1319;64932;34632;6.0;3.2
83;2021-03-09;1924;1222;66856;35854;6.2;3.3
83;2021-03-10;2368;1353;69224;37207;6.4;3.5
83;2021-03-11;3664;2216;72888;39423;6.8;3.7
83;2021-03-12;3638;1505;76526;40928;7.1;3.8
83;2021-03-13;4588;171;81114;41099;7.6;3.8
83;2021-03-14;2322;43;83436;41142;7.8;3.8
83;2021-03-15;3335;666;86771;41808;8.1;3.9
83;2021-03-16;2596;696;89367;42504;8.3;4.0
83;2021-03-17;2842;779;92209;43283;8.6;4.0
83;2021-03-18;3548;794;95757;44077;8.9;4.1
83;2021-03-19;4168;577;99925;44654;9.3;4.2
83;2021-03-20;3468;60;103393;44714;9.6;4.2
83;2021-03-21;2010;26;105403;44740;9.8;4.2
83;2021-03-22;3957;887;109360;45627;10.2;4.2
83;2021-03-23;4737;583;114097;46210;10.6;4.3
83;2021-03-24;5035;708;119132;46918;11.1;4.4
83;2021-03-25;6524;832;125656;47750;11.7;4.4
83;2021-03-26;7169;736;132825;48486;12.4;4.5
83;2021-03-27;3964;381;136789;48867;12.7;4.6
83;2021-03-28;2183;25;138972;48892;12.9;4.6
83;2021-03-29;4544;755;143516;49647;13.4;4.6
83;2021-03-30;5951;921;149467;50568;13.9;4.7
83;2021-03-31;5548;1059;155015;51627;14.4;4.8
83;2021-04-01;5964;1243;160979;52870;15.0;4.9
83;2021-04-02;5750;1055;166729;53925;15.5;5.0
83;2021-04-03;1797;627;168526;54552;15.7;5.1
83;2021-04-04;853;345;169379;54897;15.8;5.1
83;2021-04-05;186;66;169565;54963;15.8;5.1
83;2021-04-06;4723;1375;174288;56338;16.2;5.2
83;2021-04-07;5827;1645;180115;57983;16.8;5.4
83;2021-04-08;7862;1972;187977;59955;17.5;5.6
83;2021-04-09;7582;2172;195559;62127;18.2;5.8
83;2021-04-10;2944;2643;198503;64770;18.5;6.0
83;2021-04-11;1722;2131;200225;66901;18.6;6.2
83;2021-04-12;4943;2857;205168;69758;19.1;6.5
83;2021-04-13;5402;2992;210570;72750;19.6;6.8
83;2021-04-14;5893;2934;216463;75684;20.2;7.0
83;2021-04-15;6765;3011;223228;78695;20.8;7.3
83;2021-04-16;6116;3495;229344;82190;21.4;7.7
83;2021-04-17;3506;2184;232850;84374;21.7;7.9
83;2021-04-18;2173;1294;235023;85668;21.9;8.0
83;2021-04-19;4102;3896;239125;89564;22.3;8.3
83;2021-04-20;4356;3862;243481;93426;22.7;8.7
83;2021-04-21;4297;4154;247778;97580;23.1;9.1
83;2021-04-22;4998;4292;252776;101872;23.5;9.5
83;2021-04-23;4510;4538;257286;106410;24.0;9.9
83;2021-04-24;2627;2710;259913;109120;24.2;10.2
83;2021-04-25;1927;1569;261840;110689;24.4;10.3
83;2021-04-26;3568;3846;265408;114535;24.7;10.7
83;2021-04-27;4130;4541;269538;119076;25.1;11.1
83;2021-04-28;4317;4364;273855;123440;25.5;11.5
83;2021-04-29;5805;5101;279660;128541;26.0;12.0
83;2021-04-30;5785;4298;285445;132839;26.6;12.4
83;2021-05-01;1693;425;287138;133264;26.7;12.4
83;2021-05-02;1235;752;288373;134016;26.9;12.5
83;2021-05-03;3749;4273;292122;138289;27.2;12.9
83;2021-05-04;3344;5096;295466;143385;27.5;13.4
83;2021-05-05;3636;4950;299102;148335;27.9;13.8
83;2021-05-06;4662;4939;303764;153274;28.3;14.3
83;2021-05-07;4167;5313;307931;158587;28.7;14.8
83;2021-05-08;2759;1002;310690;159589;28.9;14.9
83;2021-05-09;2149;1232;312839;160821;29.1;15.0
83;2021-05-10;3203;5418;316042;166239;29.4;15.5
83;2021-05-11;5115;5655;321157;171894;29.9;16.0
83;2021-05-12;6289;4843;327446;176737;30.5;16.5
83;2021-05-13;6576;1328;334022;178065;31.1;16.6
83;2021-05-14;7416;4107;341438;182172;31.8;17.0
83;2021-05-15;7751;2194;349189;184366;32.5;17.2
83;2021-05-16;6626;1242;355815;185608;33.1;17.3
83;2021-05-17;4894;4208;360709;189816;33.6;17.7
83;2021-05-18;5519;3849;366228;193665;34.1;18.0
83;2021-05-19;6203;3397;372431;197062;34.7;18.4
83;2021-05-20;6741;3781;379172;200843;35.3;18.7
83;2021-05-21;7904;3853;387076;204696;36.0;19.1
83;2021-05-22;6088;1712;393164;206408;36.6;19.2
83;2021-05-23;4681;703;397845;207111;37.0;19.3
83;2021-05-24;5808;968;403653;208079;37.6;19.4
83;2021-05-25;5506;4752;409159;212831;38.1;19.8
83;2021-05-26;4849;4426;414008;217257;38.6;20.2
83;2021-05-27;5066;5255;419074;222512;39.0;20.7
83;2021-05-28;4501;5762;423575;228274;39.4;21.3
83;2021-05-29;2702;4270;426277;232544;39.7;21.7
83;2021-05-30;1253;1371;427530;233915;39.8;21.8
83;2021-05-31;5488;4761;433018;238676;40.3;22.2
83;2021-06-01;5722;5299;438740;243975;40.9;22.7
83;2021-06-02;5239;4565;443979;248540;41.3;23.1
83;2021-06-03;5727;5118;449706;253658;41.9;23.6
83;2021-06-04;5437;6040;455143;259698;42.4;24.2
83;2021-06-05;3923;3188;459066;262886;42.8;24.5
83;2021-06-06;1928;1377;460994;264263;42.9;24.6
83;2021-06-07;3905;5086;464899;269349;43.3;25.1
83;2021-06-08;4161;4800;469060;274149;43.7;25.5
83;2021-06-09;3999;4699;473059;278848;44.1;26.0
83;2021-06-10;3986;4250;477045;283098;44.4;26.4
83;2021-06-11;3651;5440;480696;288538;44.8;26.9
83;2021-06-12;2902;2984;483598;291522;45.0;27.1
83;2021-06-13;992;1390;484590;292912;45.1;27.3
83;2021-06-14;2855;5661;487445;298573;45.4;27.8
83;2021-06-15;3157;4857;490602;303430;45.7;28.3
83;2021-06-16;2952;4504;493554;307934;46.0;28.7
83;2021-06-17;2755;5277;496309;313211;46.2;29.2
83;2021-06-18;3148;5955;499457;319166;46.5;29.7
83;2021-06-19;2313;4090;501770;323256;46.7;30.1
83;2021-06-20;668;1888;502438;325144;46.8;30.3
83;2021-06-21;2101;7580;504539;332724;47.0;31.0
83;2021-06-22;2095;7162;506634;339886;47.2;31.7
83;2021-06-23;1922;6932;508556;346818;47.4;32.3
83;2021-06-24;1938;7366;510494;354184;47.5;33.0
83;2021-06-25;2086;8391;512580;362575;47.7;33.8
83;2021-06-26;1460;6812;514040;369387;47.9;34.4
83;2021-06-27;687;3189;514727;372576;47.9;34.7
83;2021-06-28;1557;7879;516284;380455;48.1;35.4
83;2021-06-29;1882;7799;518166;388254;48.3;36.2
83;2021-06-30;2198;7256;520364;395510;48.5;36.8
83;2021-07-01;2520;6565;522884;402075;48.7;37.4
83;2021-07-02;2224;7790;525108;409865;48.9;38.2
83;2021-07-03;1493;5696;526601;415561;49.0;38.7
83;2021-07-04;558;2748;527159;418309;49.1;39.0
83;2021-07-05;1882;7534;529041;425843;49.3;39.7
83;2021-07-06;2543;5931;531584;431774;49.5;40.2
83;2021-07-07;2650;4657;534234;436431;49.8;40.6
83;2021-07-08;3208;4465;537442;440896;50.0;41.1
83;2021-07-09;3007;6958;540449;447854;50.3;41.7
83;2021-07-10;1557;4924;542006;452778;50.5;42.2
83;2021-07-11;987;1758;542993;454536;50.6;42.3
83;2021-07-12;2098;7671;545091;462207;50.8;43.0
83;2021-07-13;3974;7049;549065;469256;51.1;43.7
83;2021-07-14;2074;1298;551139;470554;51.3;43.8
83;2021-07-15;4510;6823;555649;477377;51.7;44.5
83;2021-07-16;5221;7093;560870;484470;52.2;45.1
83;2021-07-17;3573;4966;564443;489436;52.6;45.6
83;2021-07-18;1593;1302;566036;490738;52.7;45.7
83;2021-07-19;3923;6286;569959;497024;53.1;46.3
83;2021-07-20;5918;6121;575877;503145;53.6;46.9
83;2021-07-21;5966;5163;581843;508308;54.2;47.3
83;2021-07-22;6980;5479;588823;513787;54.8;47.8
83;2021-07-23;6973;5814;595796;519601;55.5;48.4
83;2021-07-24;4576;4502;600372;524103;55.9;48.8
83;2021-07-25;1311;721;601683;524824;56.0;48.9
83;2021-07-26;5450;4854;607133;529678;56.5;49.3
83;2021-07-27;6708;4816;613841;534494;57.2;49.8
83;2021-07-28;6460;4327;620301;538821;57.8;50.2
84;2020-12-27;0;0;0;0;0.0;0.0
84;2020-12-28;0;0;0;0;0.0;0.0
84;2020-12-29;0;0;0;0;0.0;0.0
84;2020-12-30;0;0;0;0;0.0;0.0
84;2020-12-31;0;0;0;0;0.0;0.0
84;2021-01-01;0;0;0;0;0.0;0.0
84;2021-01-02;0;0;0;0;0.0;0.0
84;2021-01-03;0;0;0;0;0.0;0.0
84;2021-01-04;0;0;0;0;0.0;0.0
84;2021-01-05;0;0;0;0;0.0;0.0
84;2021-01-06;0;0;0;0;0.0;0.0
84;2021-01-07;69;0;69;0;0.0;0.0
84;2021-01-08;81;0;150;0;0.0;0.0
84;2021-01-09;30;0;180;0;0.0;0.0
84;2021-01-10;0;0;180;0;0.0;0.0
84;2021-01-11;219;0;399;0;0.1;0.0
84;2021-01-12;623;0;1022;0;0.2;0.0
84;2021-01-13;352;0;1374;0;0.2;0.0
84;2021-01-14;923;13;2297;13;0.4;0.0
84;2021-01-15;616;8;2913;21;0.5;0.0
84;2021-01-16;166;0;3079;21;0.5;0.0
84;2021-01-17;27;1;3106;22;0.6;0.0
84;2021-01-18;695;3;3801;25;0.7;0.0
84;2021-01-19;876;1;4677;26;0.8;0.0
84;2021-01-20;1016;3;5693;29;1.0;0.0
84;2021-01-21;1048;4;6741;33;1.2;0.0
84;2021-01-22;1132;0;7873;33;1.4;0.0
84;2021-01-23;248;0;8121;33;1.4;0.0
84;2021-01-24;3;0;8124;33;1.4;0.0
84;2021-01-25;804;0;8928;33;1.6;0.0
84;2021-01-26;937;5;9865;38;1.8;0.0
84;2021-01-27;1070;2;10935;40;1.9;0.0
84;2021-01-28;1622;18;12557;58;2.2;0.0
84;2021-01-29;1198;63;13755;121;2.5;0.0
84;2021-01-30;171;21;13926;142;2.5;0.0
84;2021-01-31;7;0;13933;142;2.5;0.0
84;2021-02-01;654;150;14587;292;2.6;0.1
84;2021-02-02;787;268;15374;560;2.7;0.1
84;2021-02-03;757;240;16131;800;2.9;0.1
84;2021-02-04;910;408;17041;1208;3.0;0.2
84;2021-02-05;723;420;17764;1628;3.2;0.3
84;2021-02-06;124;50;17888;1678;3.2;0.3
84;2021-02-07;0;0;17888;1678;3.2;0.3
84;2021-02-08;566;278;18454;1956;3.3;0.3
84;2021-02-09;690;718;19144;2674;3.4;0.5
84;2021-02-10;550;570;19694;3244;3.5;0.6
84;2021-02-11;548;588;20242;3832;3.6;0.7
84;2021-02-12;557;683;20799;4515;3.7;0.8
84;2021-02-13;46;171;20845;4686;3.7;0.8
84;2021-02-14;3;0;20848;4686;3.7;0.8
84;2021-02-15;207;893;21055;5579;3.8;1.0
84;2021-02-16;220;834;21275;6413;3.8;1.1
84;2021-02-17;446;781;21721;7194;3.9;1.3
84;2021-02-18;554;1109;22275;8303;4.0;1.5
84;2021-02-19;737;1189;23012;9492;4.1;1.7
84;2021-02-20;65;155;23077;9647;4.1;1.7
84;2021-02-21;3;37;23080;9684;4.1;1.7
84;2021-02-22;369;743;23449;10427;4.2;1.9
84;2021-02-23;267;707;23716;11134;4.2;2.0
84;2021-02-24;390;741;24106;11875;4.3;2.1
84;2021-02-25;710;844;24816;12719;4.4;2.3
84;2021-02-26;820;683;25636;13402;4.6;2.4
84;2021-02-27;133;126;25769;13528;4.6;2.4
84;2021-02-28;16;0;25785;13528;4.6;2.4
84;2021-03-01;455;672;26240;14200;4.7;2.5
84;2021-03-02;629;809;26869;15009;4.8;2.7
84;2021-03-03;821;960;27690;15969;4.9;2.8
84;2021-03-04;1089;707;28779;16676;5.1;3.0
84;2021-03-05;1305;514;30084;17190;5.4;3.1
84;2021-03-06;1459;60;31543;17250;5.6;3.1
84;2021-03-07;479;14;32022;17264;5.7;3.1
84;2021-03-08;811;606;32833;17870;5.9;3.2
84;2021-03-09;1381;788;34214;18658;6.1;3.3
84;2021-03-10;1471;663;35685;19321;6.4;3.4
84;2021-03-11;1982;639;37667;19960;6.7;3.6
84;2021-03-12;2078;626;39745;20586;7.1;3.7
84;2021-03-13;743;34;40488;20620;7.2;3.7
84;2021-03-14;247;53;40735;20673;7.3;3.7
84;2021-03-15;1066;308;41801;20981;7.5;3.7
84;2021-03-16;1179;333;42980;21314;7.7;3.8
84;2021-03-17;1141;454;44121;21768;7.9;3.9
84;2021-03-18;1453;434;45574;22202;8.1;4.0
84;2021-03-19;2172;475;47746;22677;8.5;4.0
84;2021-03-20;837;24;48583;22701;8.7;4.0
84;2021-03-21;148;9;48731;22710;8.7;4.0
84;2021-03-22;1152;457;49883;23167;8.9;4.1
84;2021-03-23;1905;457;51788;23624;9.2;4.2
84;2021-03-24;2175;393;53963;24017;9.6;4.3
84;2021-03-25;3649;390;57612;24407;10.3;4.4
84;2021-03-26;3313;475;60925;24882;10.9;4.4
84;2021-03-27;913;56;61838;24938;11.0;4.4
84;2021-03-28;71;2;61909;24940;11.0;4.4
84;2021-03-29;1714;522;63623;25462;11.3;4.5
84;2021-03-30;2663;675;66286;26137;11.8;4.7
84;2021-03-31;2397;642;68683;26779;12.2;4.8
84;2021-04-01;3015;561;71698;27340;12.8;4.9
84;2021-04-02;2449;521;74147;27861;13.2;5.0
84;2021-04-03;507;28;74654;27889;13.3;5.0
84;2021-04-04;10;0;74664;27889;13.3;5.0
84;2021-04-05;809;97;75473;27986;13.5;5.0
84;2021-04-06;2139;830;77612;28816;13.8;5.1
84;2021-04-07;2400;858;80012;29674;14.3;5.3
84;2021-04-08;3646;1019;83658;30693;14.9;5.5
84;2021-04-09;4111;933;87769;31626;15.6;5.6
84;2021-04-10;1304;127;89073;31753;15.9;5.7
84;2021-04-11;37;12;89110;31765;15.9;5.7
84;2021-04-12;2088;803;91198;32568;16.3;5.8
84;2021-04-13;2940;1360;94138;33928;16.8;6.0
84;2021-04-14;2809;1348;96947;35276;17.3;6.3
84;2021-04-15;3269;1405;100216;36681;17.9;6.5
84;2021-04-16;3426;1543;103642;38224;18.5;6.8
84;2021-04-17;1663;192;105305;38416;18.8;6.8
84;2021-04-18;33;0;105338;38416;18.8;6.8
84;2021-04-19;2497;915;107835;39331;19.2;7.0
84;2021-04-20;2626;1522;110461;40853;19.7;7.3
84;2021-04-21;2649;1484;113110;42337;20.2;7.5
84;2021-04-22;3006;1732;116116;44069;20.7;7.9
84;2021-04-23;3024;1885;119140;45954;21.2;8.2
84;2021-04-24;1530;286;120670;46240;21.5;8.2
84;2021-04-25;27;2;120697;46242;21.5;8.2
84;2021-04-26;2174;1360;122871;47602;21.9;8.5
84;2021-04-27;2552;1981;125423;49583;22.4;8.8
84;2021-04-28;2816;1837;128239;51420;22.9;9.2
84;2021-04-29;3419;2025;131658;53445;23.5;9.5
84;2021-04-30;3129;2410;134787;55855;24.0;10.0
84;2021-05-01;454;260;135241;56115;24.1;10.0
84;2021-05-02;1;0;135242;56115;24.1;10.0
84;2021-05-03;2165;1628;137407;57743;24.5;10.3
84;2021-05-04;2488;2525;139895;60268;24.9;10.7
84;2021-05-05;2346;2215;142241;62483;25.4;11.1
84;2021-05-06;3222;2248;145463;64731;25.9;11.5
84;2021-05-07;2764;2562;148227;67293;26.4;12.0
84;2021-05-08;1156;527;149383;67820;26.6;12.1
84;2021-05-09;5;52;149388;67872;26.6;12.1
84;2021-05-10;2151;2461;151539;70333;27.0;12.5
84;2021-05-11;2907;3161;154446;73494;27.5;13.1
84;2021-05-12;2847;2913;157293;76407;28.0;13.6
84;2021-05-13;2158;843;159451;77250;28.4;13.8
84;2021-05-14;2723;2030;162174;79280;28.9;14.1
84;2021-05-15;2001;982;164175;80262;29.3;14.3
84;2021-05-16;1340;181;165515;80443;29.5;14.3
84;2021-05-17;2222;2153;167737;82596;29.9;14.7
84;2021-05-18;2903;2099;170640;84695;30.4;15.1
84;2021-05-19;3229;1662;173869;86357;31.0;15.4
84;2021-05-20;3693;2199;177562;88556;31.7;15.8
84;2021-05-21;3468;2328;181030;90884;32.3;16.2
84;2021-05-22;1583;675;182613;91559;32.6;16.3
84;2021-05-23;3;9;182616;91568;32.6;16.3
84;2021-05-24;1838;425;184454;91993;32.9;16.4
84;2021-05-25;2985;2182;187439;94175;33.4;16.8
84;2021-05-26;3073;2085;190512;96260;34.0;17.2
84;2021-05-27;3855;2318;194367;98578;34.6;17.6
84;2021-05-28;3184;3299;197551;101877;35.2;18.2
84;2021-05-29;1090;1650;198641;103527;35.4;18.5
84;2021-05-30;7;85;198648;103612;35.4;18.5
84;2021-05-31;2190;2634;200838;106246;35.8;18.9
84;2021-06-01;3144;3158;203982;109404;36.4;19.5
84;2021-06-02;3172;2615;207154;112019;36.9;20.0
84;2021-06-03;4106;2978;211260;114997;37.7;20.5
84;2021-06-04;3609;3033;214869;118030;38.3;21.0
84;2021-06-05;1784;1494;216653;119524;38.6;21.3
84;2021-06-06;985;205;217638;119729;38.8;21.3
84;2021-06-07;2451;2745;220089;122474;39.2;21.8
84;2021-06-08;3314;3049;223403;125523;39.8;22.4
84;2021-06-09;3019;2674;226422;128197;40.4;22.9
84;2021-06-10;3500;2757;229922;130954;41.0;23.3
84;2021-06-11;3019;3057;232941;134011;41.5;23.9
84;2021-06-12;1962;1311;234903;135322;41.9;24.1
84;2021-06-13;413;211;235316;135533;41.9;24.2
84;2021-06-14;1926;3158;237242;138691;42.3;24.7
84;2021-06-15;2569;3448;239811;142139;42.7;25.3
84;2021-06-16;2522;2940;242333;145079;43.2;25.9
84;2021-06-17;2983;3450;245316;148529;43.7;26.5
84;2021-06-18;2420;3545;247736;152074;44.2;27.1
84;2021-06-19;1286;1542;249022;153616;44.4;27.4
84;2021-06-20;547;353;249569;153969;44.5;27.4
84;2021-06-21;1568;3130;251137;157099;44.8;28.0
84;2021-06-22;2162;4009;253299;161108;45.2;28.7
84;2021-06-23;2106;3277;255405;164385;45.5;29.3
84;2021-06-24;2189;3469;257594;167854;45.9;29.9
84;2021-06-25;1833;3862;259427;171716;46.2;30.6
84;2021-06-26;1127;1793;260554;173509;46.4;30.9
84;2021-06-27;294;345;260848;173854;46.5;31.0
84;2021-06-28;1206;3219;262054;177073;46.7;31.6
84;2021-06-29;1460;4049;263514;181122;47.0;32.3
84;2021-06-30;1707;3958;265221;185080;47.3;33.0
84;2021-07-01;1783;3944;267004;189024;47.6;33.7
84;2021-07-02;1742;3897;268746;192921;47.9;34.4
84;2021-07-03;1094;2031;269840;194952;48.1;34.8
84;2021-07-04;380;413;270220;195365;48.2;34.8
84;2021-07-05;1425;3546;271645;198911;48.4;35.5
84;2021-07-06;1549;4169;273194;203080;48.7;36.2
84;2021-07-07;1628;3101;274822;206181;49.0;36.8
84;2021-07-08;2089;3748;276911;209929;49.4;37.4
84;2021-07-09;1806;3968;278717;213897;49.7;38.1
84;2021-07-10;1236;2154;279953;216051;49.9;38.5
84;2021-07-11;332;305;280285;216356;50.0;38.6
84;2021-07-12;1370;3839;281655;220195;50.2;39.3
84;2021-07-13;2308;5001;283963;225196;50.6;40.1
84;2021-07-14;1865;1235;285828;226431;51.0;40.4
84;2021-07-15;2591;4543;288419;230974;51.4;41.2
84;2021-07-16;2756;4583;291175;235557;51.9;42.0
84;2021-07-17;1567;2430;292742;237987;52.2;42.4
84;2021-07-18;1007;540;293749;238527;52.4;42.5
84;2021-07-19;2389;3731;296138;242258;52.8;43.2
84;2021-07-20;2923;4141;299061;246399;53.3;43.9
84;2021-07-21;3156;3631;302217;250030;53.9;44.6
84;2021-07-22;3745;3756;305962;253786;54.5;45.2
84;2021-07-23;3491;3656;309453;257442;55.2;45.9
84;2021-07-24;1451;2244;310904;259686;55.4;46.3
84;2021-07-25;1033;506;311937;260192;55.6;46.4
84;2021-07-26;2706;3002;314643;263194;56.1;46.9
84;2021-07-27;3393;3522;318036;266716;56.7;47.5
84;2021-07-28;3781;3257;321817;269973;57.4;48.1
85;2020-12-27;1;0;1;0;0.0;0.0
85;2020-12-28;0;0;1;0;0.0;0.0
85;2020-12-29;0;0;1;0;0.0;0.0
85;2020-12-30;0;0;1;0;0.0;0.0
85;2020-12-31;0;0;1;0;0.0;0.0
85;2021-01-01;0;0;1;0;0.0;0.0
85;2021-01-02;0;0;1;0;0.0;0.0
85;2021-01-03;0;0;1;0;0.0;0.0
85;2021-01-04;25;0;26;0;0.0;0.0
85;2021-01-05;62;0;88;0;0.0;0.0
85;2021-01-06;107;1;195;1;0.0;0.0
85;2021-01-07;202;0;397;1;0.1;0.0
85;2021-01-08;291;1;688;2;0.1;0.0
85;2021-01-09;288;2;976;4;0.1;0.0
85;2021-01-10;59;0;1035;4;0.2;0.0
85;2021-01-11;453;0;1488;4;0.2;0.0
85;2021-01-12;586;2;2074;6;0.3;0.0
85;2021-01-13;544;1;2618;7;0.4;0.0
85;2021-01-14;679;3;3297;10;0.5;0.0
85;2021-01-15;437;3;3734;13;0.5;0.0
85;2021-01-16;263;3;3997;16;0.6;0.0
85;2021-01-17;37;0;4034;16;0.6;0.0
85;2021-01-18;996;2;5030;18;0.7;0.0
85;2021-01-19;1427;16;6457;34;0.9;0.0
85;2021-01-20;1873;2;8330;36;1.2;0.0
85;2021-01-21;3220;6;11550;42;1.7;0.0
85;2021-01-22;1694;17;13244;59;1.9;0.0
85;2021-01-23;466;2;13710;61;2.0;0.0
85;2021-01-24;49;0;13759;61;2.0;0.0
85;2021-01-25;577;1;14336;62;2.1;0.0
85;2021-01-26;875;34;15211;96;2.2;0.0
85;2021-01-27;1787;33;16998;129;2.5;0.0
85;2021-01-28;1630;37;18628;166;2.7;0.0
85;2021-01-29;873;63;19501;229;2.9;0.0
85;2021-01-30;148;5;19649;234;2.9;0.0
85;2021-01-31;2;48;19651;282;2.9;0.0
85;2021-02-01;479;103;20130;385;2.9;0.1
85;2021-02-02;537;176;20667;561;3.0;0.1
85;2021-02-03;413;261;21080;822;3.1;0.1
85;2021-02-04;621;267;21701;1089;3.2;0.2
85;2021-02-05;624;265;22325;1354;3.3;0.2
85;2021-02-06;153;246;22478;1600;3.3;0.2
85;2021-02-07;1;0;22479;1600;3.3;0.2
85;2021-02-08;387;655;22866;2255;3.3;0.3
85;2021-02-09;661;1061;23527;3316;3.4;0.5
85;2021-02-10;583;1131;24110;4447;3.5;0.7
85;2021-02-11;1544;3042;25654;7489;3.8;1.1
85;2021-02-12;1012;1260;26666;8749;3.9;1.3
85;2021-02-13;250;506;26916;9255;3.9;1.4
85;2021-02-14;2;133;26918;9388;3.9;1.4
85;2021-02-15;335;816;27253;10204;4.0;1.5
85;2021-02-16;570;1190;27823;11394;4.1;1.7
85;2021-02-17;783;1571;28606;12965;4.2;1.9
85;2021-02-18;1277;1932;29883;14897;4.4;2.2
85;2021-02-19;953;1205;30836;16102;4.5;2.4
85;2021-02-20;173;263;31009;16365;4.5;2.4
85;2021-02-21;1;11;31010;16376;4.5;2.4
85;2021-02-22;813;886;31823;17262;4.7;2.5
85;2021-02-23;830;486;32653;17748;4.8;2.6
85;2021-02-24;755;313;33408;18061;4.9;2.6
85;2021-02-25;1337;394;34745;18455;5.1;2.7
85;2021-02-26;1227;327;35972;18782;5.3;2.7
85;2021-02-27;400;99;36372;18881;5.3;2.8
85;2021-02-28;7;1;36379;18882;5.3;2.8
85;2021-03-01;761;429;37140;19311;5.4;2.8
85;2021-03-02;1100;789;38240;20100;5.6;2.9
85;2021-03-03;842;512;39082;20612;5.7;3.0
85;2021-03-04;1573;1172;40655;21784;6.0;3.2
85;2021-03-05;1735;846;42390;22630;6.2;3.3
85;2021-03-06;1226;128;43616;22758;6.4;3.3
85;2021-03-07;332;33;43948;22791;6.4;3.3
85;2021-03-08;1737;457;45685;23248;6.7;3.4
85;2021-03-09;2240;568;47925;23816;7.0;3.5
85;2021-03-10;1859;646;49784;24462;7.3;3.6
85;2021-03-11;3113;1079;52897;25541;7.7;3.7
85;2021-03-12;2726;863;55623;26404;8.1;3.9
85;2021-03-13;1370;159;56993;26563;8.3;3.9
85;2021-03-14;178;0;57171;26563;8.4;3.9
85;2021-03-15;1917;512;59088;27075;8.6;4.0
85;2021-03-16;1625;516;60713;27591;8.9;4.0
85;2021-03-17;980;522;61693;28113;9.0;4.1
85;2021-03-18;1899;456;63592;28569;9.3;4.2
85;2021-03-19;2201;369;65793;28938;9.6;4.2
85;2021-03-20;1066;176;66859;29114;9.8;4.3
85;2021-03-21;269;5;67128;29119;9.8;4.3
85;2021-03-22;1757;558;68885;29677;10.1;4.3
85;2021-03-23;2412;727;71297;30404;10.4;4.5
85;2021-03-24;2207;527;73504;30931;10.8;4.5
85;2021-03-25;3645;583;77149;31514;11.3;4.6
85;2021-03-26;3357;644;80506;32158;11.8;4.7
85;2021-03-27;1725;120;82231;32278;12.0;4.7
85;2021-03-28;539;3;82770;32281;12.1;4.7
85;2021-03-29;2411;756;85181;33037;12.5;4.8
85;2021-03-30;2863;1019;88044;34056;12.9;5.0
85;2021-03-31;2196;667;90240;34723;13.2;5.1
85;2021-04-01;3868;905;94108;35628;13.8;5.2
85;2021-04-02;2704;1091;96812;36719;14.2;5.4
85;2021-04-03;1408;318;98220;37037;14.4;5.4
85;2021-04-04;323;27;98543;37064;14.4;5.4
85;2021-04-05;104;175;98647;37239;14.4;5.5
85;2021-04-06;2201;1596;100848;38835;14.8;5.7
85;2021-04-07;3092;1186;103940;40021;15.2;5.9
85;2021-04-08;4525;1593;108465;41614;15.9;6.1
85;2021-04-09;4597;1221;113062;42835;16.5;6.3
85;2021-04-10;1865;397;114927;43232;16.8;6.3
85;2021-04-11;26;10;114953;43242;16.8;6.3
85;2021-04-12;4285;1478;119238;44720;17.5;6.5
85;2021-04-13;4829;1867;124067;46587;18.2;6.8
85;2021-04-14;3956;1004;128023;47591;18.7;7.0
85;2021-04-15;5512;1730;133535;49321;19.5;7.2
85;2021-04-16;5240;1531;138775;50852;20.3;7.4
85;2021-04-17;1382;436;140157;51288;20.5;7.5
85;2021-04-18;349;9;140506;51297;20.6;7.5
85;2021-04-19;3362;1699;143868;52996;21.1;7.8
85;2021-04-20;3697;1920;147565;54916;21.6;8.0
85;2021-04-21;2688;1694;150253;56610;22.0;8.3
85;2021-04-22;3805;2228;154058;58838;22.5;8.6
85;2021-04-23;3901;2078;157959;60916;23.1;8.9
85;2021-04-24;1659;1529;159618;62445;23.4;9.1
85;2021-04-25;980;560;160598;63005;23.5;9.2
85;2021-04-26;3589;2351;164187;65356;24.0;9.6
85;2021-04-27;4391;2155;168578;67511;24.7;9.9
85;2021-04-28;5743;1246;174321;68757;25.5;10.1
85;2021-04-29;5632;1995;179953;70752;26.3;10.4
85;2021-04-30;5574;1665;185527;72417;27.2;10.6
85;2021-05-01;1734;636;187261;73053;27.4;10.7
85;2021-05-02;872;470;188133;73523;27.5;10.8
85;2021-05-03;3491;2379;191624;75902;28.0;11.1
85;2021-05-04;3488;3083;195112;78985;28.6;11.6
85;2021-05-05;4531;2167;199643;81152;29.2;11.9
85;2021-05-06;4919;2588;204562;83740;29.9;12.3
85;2021-05-07;3928;3856;208490;87596;30.5;12.8
85;2021-05-08;2245;229;210735;87825;30.8;12.9
85;2021-05-09;1508;181;212243;88006;31.1;12.9
85;2021-05-10;3206;4929;215449;92935;31.5;13.6
85;2021-05-11;4026;4972;219475;97907;32.1;14.3
85;2021-05-12;5015;3928;224490;101835;32.9;14.9
85;2021-05-13;5140;608;229630;102443;33.6;15.0
85;2021-05-14;4354;3166;233984;105609;34.2;15.5
85;2021-05-15;2323;774;236307;106383;34.6;15.6
85;2021-05-16;2212;162;238519;106545;34.9;15.6
85;2021-05-17;4145;3377;242664;109922;35.5;16.1
85;2021-05-18;5216;2857;247880;112779;36.3;16.5
85;2021-05-19;6491;1762;254371;114541;37.2;16.8
85;2021-05-20;6772;2169;261143;116710;38.2;17.1
85;2021-05-21;5499;2746;266642;119456;39.0;17.5
85;2021-05-22;2582;750;269224;120206;39.4;17.6
85;2021-05-23;1330;156;270554;120362;39.6;17.6
85;2021-05-24;4571;431;275125;120793;40.3;17.7
85;2021-05-25;4517;3565;279642;124358;40.9;18.2
85;2021-05-26;4942;2677;284584;127035;41.7;18.6
85;2021-05-27;4958;3686;289542;130721;42.4;19.1
85;2021-05-28;5250;4068;294792;134789;43.1;19.7
85;2021-05-29;3958;1524;298750;136313;43.7;20.0
85;2021-05-30;1291;125;300041;136438;43.9;20.0
85;2021-05-31;4688;3380;304729;139818;44.6;20.5
85;2021-06-01;5398;3400;310127;143218;45.4;21.0
85;2021-06-02;5552;2521;315679;145739;46.2;21.3
85;2021-06-03;5915;3235;321594;148974;47.1;21.8
85;2021-06-04;5836;3819;327430;152793;47.9;22.4
85;2021-06-05;2851;1937;330281;154730;48.3;22.6
85;2021-06-06;1510;802;331791;155532;48.6;22.8
85;2021-06-07;3233;4856;335024;160388;49.0;23.5
85;2021-06-08;4086;4520;339110;164908;49.6;24.1
85;2021-06-09;4839;3513;343949;168421;50.3;24.7
85;2021-06-10;5195;3698;349144;172119;51.1;25.2
85;2021-06-11;4503;4660;353647;176779;51.8;25.9
85;2021-06-12;1488;1797;355135;178576;52.0;26.1
85;2021-06-13;1220;671;356355;179247;52.2;26.2
85;2021-06-14;2681;5092;359036;184339;52.6;27.0
85;2021-06-15;3710;4930;362746;189269;53.1;27.7
85;2021-06-16;4082;3904;366828;193173;53.7;28.3
85;2021-06-17;3939;3898;370767;197071;54.3;28.8
85;2021-06-18;3623;5674;374390;202745;54.8;29.7
85;2021-06-19;1213;2029;375603;204774;55.0;30.0
85;2021-06-20;137;520;375740;205294;55.0;30.0
85;2021-06-21;2372;5812;378112;211106;55.3;30.9
85;2021-06-22;2839;5727;380951;216833;55.8;31.7
85;2021-06-23;3382;4489;384333;221322;56.3;32.4
85;2021-06-24;3636;4557;387969;225879;56.8;33.1
85;2021-06-25;2281;6177;390250;232056;57.1;34.0
85;2021-06-26;788;3765;391038;235821;57.2;34.5
85;2021-06-27;125;1371;391163;237192;57.3;34.7
85;2021-06-28;1172;6717;392335;243909;57.4;35.7
85;2021-06-29;1752;6877;394087;250786;57.7;36.7
85;2021-06-30;2174;6206;396261;256992;58.0;37.6
85;2021-07-01;2804;6066;399065;263058;58.4;38.5
85;2021-07-02;2257;7032;401322;270090;58.7;39.5
85;2021-07-03;613;3171;401935;273261;58.8;40.0
85;2021-07-04;143;1086;402078;274347;58.9;40.2
85;2021-07-05;1054;6669;403132;281016;59.0;41.1
85;2021-07-06;1563;6464;404695;287480;59.2;42.1
85;2021-07-07;1633;5863;406328;293343;59.5;42.9
85;2021-07-08;2145;5449;408473;298792;59.8;43.7
85;2021-07-09;1631;7105;410104;305897;60.0;44.8
85;2021-07-10;557;2839;410661;308736;60.1;45.2
85;2021-07-11;524;1289;411185;310025;60.2;45.4
85;2021-07-12;1402;7059;412587;317084;60.4;46.4
85;2021-07-13;2044;7393;414631;324477;60.7;47.5
85;2021-07-14;1450;2049;416081;326526;60.9;47.8
85;2021-07-15;2660;6946;418741;333472;61.3;48.8
85;2021-07-16;3406;6839;422147;340311;61.8;49.8
85;2021-07-17;1552;2154;423699;342465;62.0;50.1
85;2021-07-18;1142;1154;424841;343619;62.2;50.3
85;2021-07-19;3525;6233;428366;349852;62.7;51.2
85;2021-07-20;4280;6218;432646;356070;63.3;52.1
85;2021-07-21;3978;6199;436624;362269;63.9;53.0
85;2021-07-22;3882;6174;440506;368443;64.5;53.9
85;2021-07-23;4504;6701;445010;375144;65.1;54.9
85;2021-07-24;1038;2294;446048;377438;65.3;55.2
85;2021-07-25;489;305;446537;377743;65.4;55.3
85;2021-07-26;4481;5344;451018;383087;66.0;56.1
85;2021-07-27;5264;5378;456282;388465;66.8;56.9
85;2021-07-28;4908;4961;461190;393426;67.5;57.6
86;2020-12-27;0;0;0;0;0.0;0.0
86;2020-12-28;0;0;0;0;0.0;0.0
86;2020-12-29;1;0;1;0;0.0;0.0
86;2020-12-30;0;0;1;0;0.0;0.0
86;2020-12-31;0;0;1;0;0.0;0.0
86;2021-01-01;0;0;1;0;0.0;0.0
86;2021-01-02;0;0;1;0;0.0;0.0
86;2021-01-03;0;0;1;0;0.0;0.0
86;2021-01-04;0;0;1;0;0.0;0.0
86;2021-01-05;0;0;1;0;0.0;0.0
86;2021-01-06;178;0;179;0;0.0;0.0
86;2021-01-07;671;0;850;0;0.2;0.0
86;2021-01-08;595;3;1445;3;0.3;0.0
86;2021-01-09;0;0;1445;3;0.3;0.0
86;2021-01-10;173;0;1618;3;0.4;0.0
86;2021-01-11;304;1;1922;4;0.4;0.0
86;2021-01-12;458;0;2380;4;0.5;0.0
86;2021-01-13;336;0;2716;4;0.6;0.0
86;2021-01-14;551;1;3267;5;0.7;0.0
86;2021-01-15;536;1;3803;6;0.9;0.0
86;2021-01-16;0;0;3803;6;0.9;0.0
86;2021-01-17;0;0;3803;6;0.9;0.0
86;2021-01-18;564;0;4367;6;1.0;0.0
86;2021-01-19;1876;0;6243;6;1.4;0.0
86;2021-01-20;1447;18;7690;24;1.8;0.0
86;2021-01-21;1289;0;8979;24;2.1;0.0
86;2021-01-22;828;0;9807;24;2.2;0.0
86;2021-01-23;312;0;10119;24;2.3;0.0
86;2021-01-24;0;0;10119;24;2.3;0.0
86;2021-01-25;583;110;10702;134;2.4;0.0
86;2021-01-26;748;122;11450;256;2.6;0.1
86;2021-01-27;763;156;12213;412;2.8;0.1
86;2021-01-28;1040;427;13253;839;3.0;0.2
86;2021-01-29;877;219;14130;1058;3.2;0.2
86;2021-01-30;275;104;14405;1162;3.3;0.3
86;2021-01-31;57;157;14462;1319;3.3;0.3
86;2021-02-01;433;207;14895;1526;3.4;0.3
86;2021-02-02;574;386;15469;1912;3.5;0.4
86;2021-02-03;525;224;15994;2136;3.7;0.5
86;2021-02-04;477;365;16471;2501;3.8;0.6
86;2021-02-05;439;745;16910;3246;3.9;0.7
86;2021-02-06;147;206;17057;3452;3.9;0.8
86;2021-02-07;120;7;17177;3459;3.9;0.8
86;2021-02-08;361;328;17538;3787;4.0;0.9
86;2021-02-09;747;1123;18285;4910;4.2;1.1
86;2021-02-10;976;939;19261;5849;4.4;1.3
86;2021-02-11;1001;976;20262;6825;4.6;1.6
86;2021-02-12;749;376;21011;7201;4.8;1.6
86;2021-02-13;191;95;21202;7296;4.8;1.7
86;2021-02-14;1;34;21203;7330;4.8;1.7
86;2021-02-15;244;508;21447;7838;4.9;1.8
86;2021-02-16;385;866;21832;8704;5.0;2.0
86;2021-02-17;449;895;22281;9599;5.1;2.2
86;2021-02-18;420;875;22701;10474;5.2;2.4
86;2021-02-19;600;644;23301;11118;5.3;2.5
86;2021-02-20;115;176;23416;11294;5.4;2.6
86;2021-02-21;0;0;23416;11294;5.4;2.6
86;2021-02-22;240;429;23656;11723;5.4;2.7
86;2021-02-23;369;607;24025;12330;5.5;2.8
86;2021-02-24;408;587;24433;12917;5.6;3.0
86;2021-02-25;900;667;25333;13584;5.8;3.1
86;2021-02-26;1028;539;26361;14123;6.0;3.2
86;2021-02-27;459;147;26820;14270;6.1;3.3
86;2021-02-28;3;2;26823;14272;6.1;3.3
86;2021-03-01;232;526;27055;14798;6.2;3.4
86;2021-03-02;1141;849;28196;15647;6.4;3.6
86;2021-03-03;792;623;28988;16270;6.6;3.7
86;2021-03-04;1495;616;30483;16886;7.0;3.9
86;2021-03-05;1577;312;32060;17198;7.3;3.9
86;2021-03-06;994;169;33054;17367;7.6;4.0
86;2021-03-07;370;29;33424;17396;7.6;4.0
86;2021-03-08;470;539;33894;17935;7.7;4.1
86;2021-03-09;1368;526;35262;18461;8.1;4.2
86;2021-03-10;950;609;36212;19070;8.3;4.4
86;2021-03-11;1794;473;38006;19543;8.7;4.5
86;2021-03-12;2204;433;40210;19976;9.2;4.6
86;2021-03-13;1446;96;41656;20072;9.5;4.6
86;2021-03-14;133;15;41789;20087;9.6;4.6
86;2021-03-15;783;159;42572;20246;9.7;4.6
86;2021-03-16;846;203;43418;20449;9.9;4.7
86;2021-03-17;786;202;44204;20651;10.1;4.7
86;2021-03-18;1002;99;45206;20750;10.3;4.7
86;2021-03-19;2138;320;47344;21070;10.8;4.8
86;2021-03-20;592;130;47936;21200;11.0;4.8
86;2021-03-21;10;0;47946;21200;11.0;4.8
86;2021-03-22;851;274;48797;21474;11.2;4.9
86;2021-03-23;2012;327;50809;21801;11.6;5.0
86;2021-03-24;1554;287;52363;22088;12.0;5.0
86;2021-03-25;2483;351;54846;22439;12.5;5.1
86;2021-03-26;3035;352;57881;22791;13.2;5.2
86;2021-03-27;731;143;58612;22934;13.4;5.2
86;2021-03-28;5;128;58617;23062;13.4;5.3
86;2021-03-29;1257;391;59874;23453;13.7;5.4
86;2021-03-30;2392;817;62266;24270;14.2;5.5
86;2021-03-31;1510;621;63776;24891;14.6;5.7
86;2021-04-01;2235;936;66011;25827;15.1;5.9
86;2021-04-02;1899;553;67910;26380;15.5;6.0
86;2021-04-03;827;322;68737;26702;15.7;6.1
86;2021-04-04;82;108;68819;26810;15.7;6.1
86;2021-04-05;314;4;69133;26814;15.8;6.1
86;2021-04-06;1528;959;70661;27773;16.2;6.3
86;2021-04-07;1632;624;72293;28397;16.5;6.5
86;2021-04-08;2566;759;74859;29156;17.1;6.7
86;2021-04-09;3247;643;78106;29799;17.9;6.8
86;2021-04-10;1663;190;79769;29989;18.2;6.9
86;2021-04-11;442;9;80211;29998;18.3;6.9
86;2021-04-12;824;764;81035;30762;18.5;7.0
86;2021-04-13;2450;940;83485;31702;19.1;7.2
86;2021-04-14;1871;873;85356;32575;19.5;7.4
86;2021-04-15;2272;723;87628;33298;20.0;7.6
86;2021-04-16;2468;1225;90096;34523;20.6;7.9
86;2021-04-17;1040;260;91136;34783;20.8;8.0
86;2021-04-18;118;2;91254;34785;20.9;8.0
86;2021-04-19;745;794;91999;35579;21.0;8.1
86;2021-04-20;2300;1500;94299;37079;21.6;8.5
86;2021-04-21;2110;1115;96409;38194;22.0;8.7
86;2021-04-22;2331;1441;98740;39635;22.6;9.1
86;2021-04-23;2392;1570;101132;41205;23.1;9.4
86;2021-04-24;1299;508;102431;41713;23.4;9.5
86;2021-04-25;825;25;103256;41738;23.6;9.5
86;2021-04-26;2080;886;105336;42624;24.1;9.7
86;2021-04-27;3151;1661;108487;44285;24.8;10.1
86;2021-04-28;3002;1516;111489;45801;25.5;10.5
86;2021-04-29;3554;1819;115043;47620;26.3;10.9
86;2021-04-30;2969;1478;118012;49098;27.0;11.2
86;2021-05-01;1579;197;119591;49295;27.3;11.3
86;2021-05-02;1280;42;120871;49337;27.6;11.3
86;2021-05-03;2562;996;123433;50333;28.2;11.5
86;2021-05-04;3510;1895;126943;52228;29.0;11.9
86;2021-05-05;3989;1472;130932;53700;29.9;12.3
86;2021-05-06;4289;1652;135221;55352;30.9;12.7
86;2021-05-07;4044;1820;139265;57172;31.8;13.1
86;2021-05-08;1976;396;141241;57568;32.3;13.2
86;2021-05-09;1642;204;142883;57772;32.7;13.2
86;2021-05-10;1956;1172;144839;58944;33.1;13.5
86;2021-05-11;3603;2681;148442;61625;33.9;14.1
86;2021-05-12;2246;1646;150688;63271;34.5;14.5
86;2021-05-13;1685;297;152373;63568;34.8;14.5
86;2021-05-14;2099;791;154472;64359;35.3;14.7
86;2021-05-15;1467;502;155939;64861;35.7;14.8
86;2021-05-16;778;164;156717;65025;35.8;14.9
86;2021-05-17;3221;1062;159938;66087;36.6;15.1
86;2021-05-18;4303;1664;164241;67751;37.5;15.5
86;2021-05-19;3590;1433;167831;69184;38.4;15.8
86;2021-05-20;4375;1623;172206;70807;39.4;16.2
86;2021-05-21;3441;1771;175647;72578;40.2;16.6
86;2021-05-22;2077;661;177724;73239;40.6;16.7
86;2021-05-23;1440;183;179164;73422;41.0;16.8
86;2021-05-24;1844;201;181008;73623;41.4;16.8
86;2021-05-25;2848;1641;183856;75264;42.0;17.2
86;2021-05-26;2727;1525;186583;76789;42.7;17.6
86;2021-05-27;3543;1843;190126;78632;43.5;18.0
86;2021-05-28;2161;2540;192287;81172;44.0;18.6
86;2021-05-29;1527;1285;193814;82457;44.3;18.9
86;2021-05-30;935;130;194749;82587;44.5;18.9
86;2021-05-31;1921;1820;196670;84407;45.0;19.3
86;2021-06-01;2662;2590;199332;86997;45.6;19.9
86;2021-06-02;2299;2665;201631;89662;46.1;20.5
86;2021-06-03;3330;2408;204961;92070;46.9;21.0
86;2021-06-04;2238;2864;207199;94934;47.4;21.7
86;2021-06-05;1503;1579;208702;96513;47.7;22.1
86;2021-06-06;819;899;209521;97412;47.9;22.3
86;2021-06-07;1117;2464;210638;99876;48.2;22.8
86;2021-06-08;1986;3693;212624;103569;48.6;23.7
86;2021-06-09;1900;3316;214524;106885;49.0;24.4
86;2021-06-10;2345;3234;216869;110119;49.6;25.2
86;2021-06-11;1517;2789;218386;112908;49.9;25.8
86;2021-06-12;747;2249;219133;115157;50.1;26.3
86;2021-06-13;213;1477;219346;116634;50.1;26.7
86;2021-06-14;1157;2905;220503;119539;50.4;27.3
86;2021-06-15;1687;4258;222190;123797;50.8;28.3
86;2021-06-16;1807;3131;223997;126928;51.2;29.0
86;2021-06-17;1773;4444;225770;131372;51.6;30.0
86;2021-06-18;1876;4582;227646;135954;52.0;31.1
86;2021-06-19;632;2098;228278;138052;52.2;31.6
86;2021-06-20;172;1321;228450;139373;52.2;31.9
86;2021-06-21;1100;2238;229550;141611;52.5;32.4
86;2021-06-22;1294;3457;230844;145068;52.8;33.2
86;2021-06-23;1359;2399;232203;147467;53.1;33.7
86;2021-06-24;1585;2720;233788;150187;53.4;34.3
86;2021-06-25;1189;3555;234977;153742;53.7;35.1
86;2021-06-26;391;2656;235368;156398;53.8;35.8
86;2021-06-27;135;1635;235503;158033;53.8;36.1
86;2021-06-28;266;3340;235769;161373;53.9;36.9
86;2021-06-29;858;4605;236627;165978;54.1;37.9
86;2021-06-30;1043;2976;237670;168954;54.3;38.6
86;2021-07-01;1536;3004;239206;171958;54.7;39.3
86;2021-07-02;1106;3654;240312;175612;54.9;40.1
86;2021-07-03;516;2397;240828;178009;55.1;40.7
86;2021-07-04;115;1348;240943;179357;55.1;41.0
86;2021-07-05;465;2837;241408;182194;55.2;41.7
86;2021-07-06;982;4102;242390;186296;55.4;42.6
86;2021-07-07;1249;2630;243639;188926;55.7;43.2
86;2021-07-08;1608;3158;245247;192084;56.1;43.9
86;2021-07-09;1734;3084;246981;195168;56.5;44.6
86;2021-07-10;1294;1954;248275;197122;56.8;45.1
86;2021-07-11;480;840;248755;197962;56.9;45.3
86;2021-07-12;823;2403;249578;200365;57.1;45.8
86;2021-07-13;1767;3372;251345;203737;57.5;46.6
86;2021-07-14;763;1231;252108;204968;57.6;46.9
86;2021-07-15;1876;3294;253984;208262;58.1;47.6
86;2021-07-16;1659;2661;255643;210923;58.4;48.2
86;2021-07-17;1343;1601;256986;212524;58.8;48.6
86;2021-07-18;376;904;257362;213428;58.8;48.8
86;2021-07-19;1366;1886;258728;215314;59.2;49.2
86;2021-07-20;2331;2727;261059;218041;59.7;49.8
86;2021-07-21;2291;2151;263350;220192;60.2;50.3
86;2021-07-22;2888;2786;266238;222978;60.9;51.0
86;2021-07-23;2453;2158;268691;225136;61.4;51.5
86;2021-07-24;1536;1220;270227;226356;61.8;51.8
86;2021-07-25;713;320;270940;226676;61.9;51.8
86;2021-07-26;1578;2099;272518;228775;62.3;52.3
86;2021-07-27;3529;2746;276047;231521;63.1;52.9
86;2021-07-28;3229;2097;279276;233618;63.8;53.4
87;2020-12-27;0;0;0;0;0.0;0.0
87;2020-12-28;1;0;1;0;0.0;0.0
87;2020-12-29;0;0;1;0;0.0;0.0
87;2020-12-30;0;0;1;0;0.0;0.0
87;2020-12-31;0;0;1;0;0.0;0.0
87;2021-01-01;0;0;1;0;0.0;0.0
87;2021-01-02;0;0;1;0;0.0;0.0
87;2021-01-03;0;0;1;0;0.0;0.0
87;2021-01-04;1;0;2;0;0.0;0.0
87;2021-01-05;1;0;3;0;0.0;0.0
87;2021-01-06;10;0;13;0;0.0;0.0
87;2021-01-07;301;0;314;0;0.1;0.0
87;2021-01-08;407;0;721;0;0.2;0.0
87;2021-01-09;64;0;785;0;0.2;0.0
87;2021-01-10;35;0;820;0;0.2;0.0
87;2021-01-11;424;0;1244;0;0.3;0.0
87;2021-01-12;651;0;1895;0;0.5;0.0
87;2021-01-13;658;1;2553;1;0.7;0.0
87;2021-01-14;515;11;3068;12;0.8;0.0
87;2021-01-15;532;3;3600;15;1.0;0.0
87;2021-01-16;203;1;3803;16;1.0;0.0
87;2021-01-17;1;0;3804;16;1.0;0.0
87;2021-01-18;645;4;4449;20;1.2;0.0
87;2021-01-19;654;1;5103;21;1.4;0.0
87;2021-01-20;674;1;5777;22;1.6;0.0
87;2021-01-21;715;1;6492;23;1.8;0.0
87;2021-01-22;758;4;7250;27;2.0;0.0
87;2021-01-23;285;0;7535;27;2.0;0.0
87;2021-01-24;0;0;7535;27;2.0;0.0
87;2021-01-25;621;10;8156;37;2.2;0.0
87;2021-01-26;570;53;8726;90;2.4;0.0
87;2021-01-27;572;40;9298;130;2.5;0.0
87;2021-01-28;856;109;10154;239;2.7;0.1
87;2021-01-29;740;272;10894;511;2.9;0.1
87;2021-01-30;327;75;11221;586;3.0;0.2
87;2021-01-31;33;71;11254;657;3.0;0.2
87;2021-02-01;412;309;11666;966;3.1;0.3
87;2021-02-02;452;483;12118;1449;3.3;0.4
87;2021-02-03;542;419;12660;1868;3.4;0.5
87;2021-02-04;613;593;13273;2461;3.6;0.7
87;2021-02-05;342;384;13615;2845;3.7;0.8
87;2021-02-06;48;154;13663;2999;3.7;0.8
87;2021-02-07;20;0;13683;2999;3.7;0.8
87;2021-02-08;246;445;13929;3444;3.8;0.9
87;2021-02-09;218;546;14147;3990;3.8;1.1
87;2021-02-10;261;626;14408;4616;3.9;1.2
87;2021-02-11;285;540;14693;5156;4.0;1.4
87;2021-02-12;284;539;14977;5695;4.0;1.5
87;2021-02-13;25;169;15002;5864;4.0;1.6
87;2021-02-14;0;3;15002;5867;4.0;1.6
87;2021-02-15;237;391;15239;6258;4.1;1.7
87;2021-02-16;329;333;15568;6591;4.2;1.8
87;2021-02-17;330;383;15898;6974;4.3;1.9
87;2021-02-18;475;646;16373;7620;4.4;2.1
87;2021-02-19;400;480;16773;8100;4.5;2.2
87;2021-02-20;122;197;16895;8297;4.6;2.2
87;2021-02-21;2;9;16897;8306;4.6;2.2
87;2021-02-22;438;575;17335;8881;4.7;2.4
87;2021-02-23;556;632;17891;9513;4.8;2.6
87;2021-02-24;451;585;18342;10098;4.9;2.7
87;2021-02-25;789;706;19131;10804;5.2;2.9
87;2021-02-26;840;476;19971;11280;5.4;3.0
87;2021-02-27;404;212;20375;11492;5.5;3.1
87;2021-02-28;3;0;20378;11492;5.5;3.1
87;2021-03-01;514;371;20892;11863;5.6;3.2
87;2021-03-02;1030;385;21922;12248;5.9;3.3
87;2021-03-03;1173;338;23095;12586;6.2;3.4
87;2021-03-04;1406;333;24501;12919;6.6;3.5
87;2021-03-05;1766;285;26267;13204;7.1;3.6
87;2021-03-06;1041;34;27308;13238;7.4;3.6
87;2021-03-07;257;5;27565;13243;7.4;3.6
87;2021-03-08;858;242;28423;13485;7.7;3.6
87;2021-03-09;1288;227;29711;13712;8.0;3.7
87;2021-03-10;1297;228;31008;13940;8.4;3.8
87;2021-03-11;1753;251;32761;14191;8.8;3.8
87;2021-03-12;2119;284;34880;14475;9.4;3.9
87;2021-03-13;1308;17;36188;14492;9.8;3.9
87;2021-03-14;80;1;36268;14493;9.8;3.9
87;2021-03-15;986;357;37254;14850;10.0;4.0
87;2021-03-16;1061;240;38315;15090;10.3;4.1
87;2021-03-17;1070;216;39385;15306;10.6;4.1
87;2021-03-18;1179;332;40564;15638;10.9;4.2
87;2021-03-19;1682;272;42246;15910;11.4;4.3
87;2021-03-20;921;86;43167;15996;11.6;4.3
87;2021-03-21;32;0;43199;15996;11.7;4.3
87;2021-03-22;1041;378;44240;16374;11.9;4.4
87;2021-03-23;1384;424;45624;16798;12.3;4.5
87;2021-03-24;1508;364;47132;17162;12.7;4.6
87;2021-03-25;2495;390;49627;17552;13.4;4.7
87;2021-03-26;2528;452;52155;18004;14.1;4.9
87;2021-03-27;889;125;53044;18129;14.3;4.9
87;2021-03-28;269;16;53313;18145;14.4;4.9
87;2021-03-29;1115;416;54428;18561;14.7;5.0
87;2021-03-30;1905;659;56333;19220;15.2;5.2
87;2021-03-31;1658;692;57991;19912;15.6;5.4
87;2021-04-01;2227;571;60218;20483;16.2;5.5
87;2021-04-02;1837;627;62055;21110;16.7;5.7
87;2021-04-03;455;265;62510;21375;16.9;5.8
87;2021-04-04;1;0;62511;21375;16.9;5.8
87;2021-04-05;81;1;62592;21376;16.9;5.8
87;2021-04-06;993;898;63585;22274;17.1;6.0
87;2021-04-07;1481;923;65066;23197;17.5;6.3
87;2021-04-08;1781;1031;66847;24228;18.0;6.5
87;2021-04-09;2641;735;69488;24963;18.7;6.7
87;2021-04-10;1190;306;70678;25269;19.1;6.8
87;2021-04-11;67;0;70745;25269;19.1;6.8
87;2021-04-12;1622;824;72367;26093;19.5;7.0
87;2021-04-13;2281;1054;74648;27147;20.1;7.3
87;2021-04-14;2526;1181;77174;28328;20.8;7.6
87;2021-04-15;2215;1067;79389;29395;21.4;7.9
87;2021-04-16;2733;1067;82122;30462;22.1;8.2
87;2021-04-17;730;385;82852;30847;22.3;8.3
87;2021-04-18;111;140;82963;30987;22.4;8.4
87;2021-04-19;1657;828;84620;31815;22.8;8.6
87;2021-04-20;2084;876;86704;32691;23.4;8.8
87;2021-04-21;2291;989;88995;33680;24.0;9.1
87;2021-04-22;2562;1153;91557;34833;24.7;9.4
87;2021-04-23;1994;1178;93551;36011;25.2;9.7
87;2021-04-24;825;617;94376;36628;25.5;9.9
87;2021-04-25;64;103;94440;36731;25.5;9.9
87;2021-04-26;1356;915;95796;37646;25.8;10.2
87;2021-04-27;2397;1202;98193;38848;26.5;10.5
87;2021-04-28;3867;1434;102060;40282;27.5;10.9
87;2021-04-29;3072;1837;105132;42119;28.4;11.4
87;2021-04-30;3170;1352;108302;43471;29.2;11.7
87;2021-05-01;613;56;108915;43527;29.4;11.7
87;2021-05-02;360;3;109275;43530;29.5;11.7
87;2021-05-03;2301;934;111576;44464;30.1;12.0
87;2021-05-04;2905;1069;114481;45533;30.9;12.3
87;2021-05-05;2989;1506;117470;47039;31.7;12.7
87;2021-05-06;2530;1722;120000;48761;32.4;13.2
87;2021-05-07;2946;1713;122946;50474;33.2;13.6
87;2021-05-08;770;292;123716;50766;33.4;13.7
87;2021-05-09;19;133;123735;50899;33.4;13.7
87;2021-05-10;1928;1601;125663;52500;33.9;14.2
87;2021-05-11;2466;1903;128129;54403;34.6;14.7
87;2021-05-12;2614;2058;130743;56461;35.3;15.2
87;2021-05-13;1084;291;131827;56752;35.6;15.3
87;2021-05-14;2245;1769;134072;58521;36.2;15.8
87;2021-05-15;950;404;135022;58925;36.4;15.9
87;2021-05-16;141;73;135163;58998;36.5;15.9
87;2021-05-17;1627;1759;136790;60757;36.9;16.4
87;2021-05-18;2632;1808;139422;62565;37.6;16.9
87;2021-05-19;2816;1546;142238;64111;38.4;17.3
87;2021-05-20;3304;1718;145542;65829;39.3;17.8
87;2021-05-21;2761;1829;148303;67658;40.0;18.2
87;2021-05-22;1457;620;149760;68278;40.4;18.4
87;2021-05-23;210;92;149970;68370;40.4;18.4
87;2021-05-24;1056;139;151026;68509;40.7;18.5
87;2021-05-25;2117;1814;153143;70323;41.3;19.0
87;2021-05-26;3220;2473;156363;72796;42.2;19.6
87;2021-05-27;3016;2353;159379;75149;43.0;20.3
87;2021-05-28;2669;2518;162048;77667;43.7;20.9
87;2021-05-29;1062;1315;163110;78982;44.0;21.3
87;2021-05-30;257;58;163367;79040;44.1;21.3
87;2021-05-31;2289;1358;165656;80398;44.7;21.7
87;2021-06-01;2547;1863;168203;82261;45.4;22.2
87;2021-06-02;2516;1850;170719;84111;46.0;22.7
87;2021-06-03;3206;2526;173925;86637;46.9;23.4
87;2021-06-04;2837;2052;176762;88689;47.7;23.9
87;2021-06-05;1310;574;178072;89263;48.0;24.1
87;2021-06-06;263;95;178335;89358;48.1;24.1
87;2021-06-07;2099;1900;180434;91258;48.7;24.6
87;2021-06-08;2932;2570;183366;93828;49.5;25.3
87;2021-06-09;2304;2811;185670;96639;50.1;26.1
87;2021-06-10;2972;2552;188642;99191;50.9;26.8
87;2021-06-11;2365;3070;191007;102261;51.5;27.6
87;2021-06-12;1221;1102;192228;103363;51.8;27.9
87;2021-06-13;291;484;192519;103847;51.9;28.0
87;2021-06-14;977;2731;193496;106578;52.2;28.7
87;2021-06-15;1361;3319;194857;109897;52.6;29.6
87;2021-06-16;1650;3422;196507;113319;53.0;30.6
87;2021-06-17;2436;2314;198943;115633;53.7;31.2
87;2021-06-18;1783;3015;200726;118648;54.1;32.0
87;2021-06-19;1044;1176;201770;119824;54.4;32.3
87;2021-06-20;205;205;201975;120029;54.5;32.4
87;2021-06-21;1039;2643;203014;122672;54.8;33.1
87;2021-06-22;1027;2884;204041;125556;55.0;33.9
87;2021-06-23;1254;3080;205295;128636;55.4;34.7
87;2021-06-24;1616;2551;206911;131187;55.8;35.4
87;2021-06-25;1444;2715;208355;133902;56.2;36.1
87;2021-06-26;529;1202;208884;135104;56.3;36.4
87;2021-06-27;25;212;208909;135316;56.3;36.5
87;2021-06-28;712;2573;209621;137889;56.5;37.2
87;2021-06-29;1152;3410;210773;141299;56.8;38.1
87;2021-06-30;1118;2650;211891;143949;57.1;38.8
87;2021-07-01;1347;2553;213238;146502;57.5;39.5
87;2021-07-02;1196;3462;214434;149964;57.8;40.4
87;2021-07-03;410;1508;214844;151472;57.9;40.9
87;2021-07-04;22;383;214866;151855;58.0;41.0
87;2021-07-05;684;2395;215550;154250;58.1;41.6
87;2021-07-06;581;3230;216131;157480;58.3;42.5
87;2021-07-07;861;3351;216992;160831;58.5;43.4
87;2021-07-08;1117;3665;218109;164496;58.8;44.4
87;2021-07-09;1104;3702;219213;168198;59.1;45.4
87;2021-07-10;282;1358;219495;169556;59.2;45.7
87;2021-07-11;49;284;219544;169840;59.2;45.8
87;2021-07-12;545;3188;220089;173028;59.4;46.7
87;2021-07-13;824;3519;220913;176547;59.6;47.6
87;2021-07-14;513;539;221426;177086;59.7;47.8
87;2021-07-15;1346;3461;222772;180547;60.1;48.7
87;2021-07-16;1721;3595;224493;184142;60.5;49.7
87;2021-07-17;648;1369;225141;185511;60.7;50.0
87;2021-07-18;81;283;225222;185794;60.7;50.1
87;2021-07-19;1423;3401;226645;189195;61.1;51.0
87;2021-07-20;1797;3591;228442;192786;61.6;52.0
87;2021-07-21;1443;3146;229885;195932;62.0;52.8
87;2021-07-22;1871;3246;231756;199178;62.5;53.7
87;2021-07-23;1859;3166;233615;202344;63.0;54.6
87;2021-07-24;808;1280;234423;203624;63.2;54.9
87;2021-07-25;105;241;234528;203865;63.3;55.0
87;2021-07-26;1531;2316;236059;206181;63.7;55.6
87;2021-07-27;2513;2043;238572;208224;64.3;56.2
87;2021-07-28;2380;1988;240952;210212;65.0;56.7
88;2020-12-27;0;0;0;0;0.0;0.0
88;2020-12-28;0;0;0;0;0.0;0.0
88;2020-12-29;0;0;0;0;0.0;0.0
88;2020-12-30;0;0;0;0;0.0;0.0
88;2020-12-31;0;0;0;0;0.0;0.0
88;2021-01-01;2;0;2;0;0.0;0.0
88;2021-01-02;0;0;2;0;0.0;0.0
88;2021-01-03;0;0;2;0;0.0;0.0
88;2021-01-04;0;0;2;0;0.0;0.0
88;2021-01-05;1;0;3;0;0.0;0.0
88;2021-01-06;3;0;6;0;0.0;0.0
88;2021-01-07;70;1;76;1;0.0;0.0
88;2021-01-08;189;2;265;3;0.1;0.0
88;2021-01-09;190;0;455;3;0.1;0.0
88;2021-01-10;0;0;455;3;0.1;0.0
88;2021-01-11;226;0;681;3;0.2;0.0
88;2021-01-12;422;1;1103;4;0.3;0.0
88;2021-01-13;490;2;1593;6;0.4;0.0
88;2021-01-14;344;2;1937;8;0.5;0.0
88;2021-01-15;379;2;2316;10;0.6;0.0
88;2021-01-16;62;0;2378;10;0.7;0.0
88;2021-01-17;0;0;2378;10;0.7;0.0
88;2021-01-18;460;0;2838;10;0.8;0.0
88;2021-01-19;447;0;3285;10;0.9;0.0
88;2021-01-20;461;1;3746;11;1.0;0.0
88;2021-01-21;1543;1;5289;12;1.5;0.0
88;2021-01-22;1160;1;6449;13;1.8;0.0
88;2021-01-23;284;0;6733;13;1.9;0.0
88;2021-01-24;298;2;7031;15;2.0;0.0
88;2021-01-25;938;3;7969;18;2.2;0.0
88;2021-01-26;388;6;8357;24;2.3;0.0
88;2021-01-27;3;0;8360;24;2.3;0.0
88;2021-01-28;162;37;8522;61;2.4;0.0
88;2021-01-29;526;163;9048;224;2.5;0.1
88;2021-01-30;288;127;9336;351;2.6;0.1
88;2021-01-31;0;0;9336;351;2.6;0.1
88;2021-02-01;405;283;9741;634;2.7;0.2
88;2021-02-02;333;364;10074;998;2.8;0.3
88;2021-02-03;437;239;10511;1237;2.9;0.3
88;2021-02-04;316;230;10827;1467;3.0;0.4
88;2021-02-05;458;251;11285;1718;3.1;0.5
88;2021-02-06;108;56;11393;1774;3.2;0.5
88;2021-02-07;0;0;11393;1774;3.2;0.5
88;2021-02-08;359;206;11752;1980;3.3;0.6
88;2021-02-09;294;288;12046;2268;3.4;0.6
88;2021-02-10;414;347;12460;2615;3.5;0.7
88;2021-02-11;848;1092;13308;3707;3.7;1.0
88;2021-02-12;941;703;14249;4410;4.0;1.2
88;2021-02-13;162;212;14411;4622;4.0;1.3
88;2021-02-14;81;216;14492;4838;4.0;1.3
88;2021-02-15;641;1076;15133;5914;4.2;1.6
88;2021-02-16;472;727;15605;6641;4.3;1.8
88;2021-02-17;456;439;16061;7080;4.5;2.0
88;2021-02-18;515;385;16576;7465;4.6;2.1
88;2021-02-19;535;460;17111;7925;4.8;2.2
88;2021-02-20;155;102;17266;8027;4.8;2.2
88;2021-02-21;1;25;17267;8052;4.8;2.2
88;2021-02-22;425;344;17692;8396;4.9;2.3
88;2021-02-23;402;234;18094;8630;5.0;2.4
88;2021-02-24;506;210;18600;8840;5.2;2.5
88;2021-02-25;675;281;19275;9121;5.4;2.5
88;2021-02-26;861;275;20136;9396;5.6;2.6
88;2021-02-27;265;33;20401;9429;5.7;2.6
88;2021-02-28;30;1;20431;9430;5.7;2.6
88;2021-03-01;359;466;20790;9896;5.8;2.8
88;2021-03-02;432;497;21222;10393;5.9;2.9
88;2021-03-03;648;460;21870;10853;6.1;3.0
88;2021-03-04;1029;749;22899;11602;6.4;3.2
88;2021-03-05;934;688;23833;12290;6.6;3.4
88;2021-03-06;1870;113;25703;12403;7.1;3.4
88;2021-03-07;1058;76;26761;12479;7.4;3.5
88;2021-03-08;726;690;27487;13169;7.6;3.7
88;2021-03-09;1094;531;28581;13700;7.9;3.8
88;2021-03-10;1077;494;29658;14194;8.2;3.9
88;2021-03-11;1436;400;31094;14594;8.6;4.1
88;2021-03-12;1309;485;32403;15079;9.0;4.2
88;2021-03-13;1209;120;33612;15199;9.3;4.2
88;2021-03-14;166;5;33778;15204;9.4;4.2
88;2021-03-15;930;448;34708;15652;9.7;4.4
88;2021-03-16;1024;342;35732;15994;9.9;4.4
88;2021-03-17;901;421;36633;16415;10.2;4.6
88;2021-03-18;1302;396;37935;16811;10.6;4.7
88;2021-03-19;1463;497;39398;17308;11.0;4.8
88;2021-03-20;1314;46;40712;17354;11.3;4.8
88;2021-03-21;37;0;40749;17354;11.3;4.8
88;2021-03-22;1230;538;41979;17892;11.7;5.0
88;2021-03-23;1781;435;43760;18327;12.2;5.1
88;2021-03-24;1872;471;45632;18798;12.7;5.2
88;2021-03-25;2497;482;48129;19280;13.4;5.4
88;2021-03-26;2475;450;50604;19730;14.1;5.5
88;2021-03-27;880;292;51484;20022;14.3;5.6
88;2021-03-28;60;4;51544;20026;14.3;5.6
88;2021-03-29;1304;437;52848;20463;14.7;5.7
88;2021-03-30;2061;391;54909;20854;15.3;5.8
88;2021-03-31;1616;571;56525;21425;15.7;6.0
88;2021-04-01;2116;705;58641;22130;16.3;6.2
88;2021-04-02;2813;627;61454;22757;17.1;6.3
88;2021-04-03;741;206;62195;22963;17.3;6.4
88;2021-04-04;16;1;62211;22964;17.3;6.4
88;2021-04-05;23;2;62234;22966;17.3;6.4
88;2021-04-06;1134;675;63368;23641;17.6;6.6
88;2021-04-07;1599;705;64967;24346;18.1;6.8
88;2021-04-08;1859;777;66826;25123;18.6;7.0
88;2021-04-09;3078;728;69904;25851;19.4;7.2
88;2021-04-10;724;645;70628;26496;19.6;7.4
88;2021-04-11;33;1;70661;26497;19.7;7.4
88;2021-04-12;1537;978;72198;27475;20.1;7.6
88;2021-04-13;2037;1091;74235;28566;20.6;7.9
88;2021-04-14;1908;949;76143;29515;21.2;8.2
88;2021-04-15;1967;1240;78110;30755;21.7;8.6
88;2021-04-16;2108;1047;80218;31802;22.3;8.8
88;2021-04-17;1429;766;81647;32568;22.7;9.1
88;2021-04-18;268;22;81915;32590;22.8;9.1
88;2021-04-19;1174;1235;83089;33825;23.1;9.4
88;2021-04-20;1191;1393;84280;35218;23.4;9.8
88;2021-04-21;1504;1298;85784;36516;23.9;10.2
88;2021-04-22;1898;1626;87682;38142;24.4;10.6
88;2021-04-23;1821;2039;89503;40181;24.9;11.2
88;2021-04-24;1184;778;90687;40959;25.2;11.4
88;2021-04-25;33;2;90720;40961;25.2;11.4
88;2021-04-26;1181;1171;91901;42132;25.6;11.7
88;2021-04-27;1277;1734;93178;43866;25.9;12.2
88;2021-04-28;1633;1493;94811;45359;26.4;12.6
88;2021-04-29;2082;1456;96893;46815;27.0;13.0
88;2021-04-30;2449;1619;99342;48434;27.6;13.5
88;2021-05-01;2004;265;101346;48699;28.2;13.5
88;2021-05-02;1300;120;102646;48819;28.6;13.6
88;2021-05-03;1560;1218;104206;50037;29.0;13.9
88;2021-05-04;1445;1462;105651;51499;29.4;14.3
88;2021-05-05;2425;1591;108076;53090;30.1;14.8
88;2021-05-06;3208;1209;111284;54299;31.0;15.1
88;2021-05-07;2939;1349;114223;55648;31.8;15.5
88;2021-05-08;1531;458;115754;56106;32.2;15.6
88;2021-05-09;1733;149;117487;56255;32.7;15.6
88;2021-05-10;1765;1573;119252;57828;33.2;16.1
88;2021-05-11;2658;1906;121910;59734;33.9;16.6
88;2021-05-12;2531;1850;124441;61584;34.6;17.1
88;2021-05-13;3258;670;127699;62254;35.5;17.3
88;2021-05-14;2499;1535;130198;63789;36.2;17.7
88;2021-05-15;1625;734;131823;64523;36.7;17.9
88;2021-05-16;1334;101;133157;64624;37.0;18.0
88;2021-05-17;1987;940;135144;65564;37.6;18.2
88;2021-05-18;2256;1109;137400;66673;38.2;18.5
88;2021-05-19;2723;1138;140123;67811;39.0;18.9
88;2021-05-20;3345;1229;143468;69040;39.9;19.2
88;2021-05-21;2872;1140;146340;70180;40.7;19.5
88;2021-05-22;1432;706;147772;70886;41.1;19.7
88;2021-05-23;557;73;148329;70959;41.3;19.7
88;2021-05-24;1673;424;150002;71383;41.7;19.9
88;2021-05-25;1646;1172;151648;72555;42.2;20.2
88;2021-05-26;2368;1133;154016;73688;42.8;20.5
88;2021-05-27;2200;1360;156216;75048;43.5;20.9
88;2021-05-28;1892;1986;158108;77034;44.0;21.4
88;2021-05-29;1232;1752;159340;78786;44.3;21.9
88;2021-05-30;588;417;159928;79203;44.5;22.0
88;2021-05-31;1328;1850;161256;81053;44.9;22.5
88;2021-06-01;1718;1988;162974;83041;45.3;23.1
88;2021-06-02;2075;1864;165049;84905;45.9;23.6
88;2021-06-03;2736;1613;167785;86518;46.7;24.1
88;2021-06-04;2040;1936;169825;88454;47.2;24.6
88;2021-06-05;1529;1139;171354;89593;47.7;24.9
88;2021-06-06;691;155;172045;89748;47.9;25.0
88;2021-06-07;1289;1701;173334;91449;48.2;25.4
88;2021-06-08;1658;1930;174992;93379;48.7;26.0
88;2021-06-09;1617;1903;176609;95282;49.1;26.5
88;2021-06-10;1778;2044;178387;97326;49.6;27.1
88;2021-06-11;1546;2214;179933;99540;50.0;27.7
88;2021-06-12;667;1653;180600;101193;50.2;28.1
88;2021-06-13;464;377;181064;101570;50.4;28.3
88;2021-06-14;1029;2243;182093;103813;50.6;28.9
88;2021-06-15;1924;2449;184017;106262;51.2;29.6
88;2021-06-16;1483;2867;185500;109129;51.6;30.4
88;2021-06-17;1597;2727;187097;111856;52.0;31.1
88;2021-06-18;1359;2456;188456;114312;52.4;31.8
88;2021-06-19;700;1089;189156;115401;52.6;32.1
88;2021-06-20;77;79;189233;115480;52.6;32.1
88;2021-06-21;671;2579;189904;118059;52.8;32.8
88;2021-06-22;865;3432;190769;121491;53.1;33.8
88;2021-06-23;1141;2879;191910;124370;53.4;34.6
88;2021-06-24;701;2604;192611;126974;53.6;35.3
88;2021-06-25;1430;3175;194041;130149;54.0;36.2
88;2021-06-26;902;2073;194943;132222;54.2;36.8
88;2021-06-27;543;634;195486;132856;54.4;37.0
88;2021-06-28;754;2504;196240;135360;54.6;37.7
88;2021-06-29;955;3356;197195;138716;54.8;38.6
88;2021-06-30;1130;3111;198325;141827;55.2;39.4
88;2021-07-01;1053;2691;199378;144518;55.5;40.2
88;2021-07-02;985;3143;200363;147661;55.7;41.1
88;2021-07-03;688;1701;201051;149362;55.9;41.5
88;2021-07-04;257;817;201308;150179;56.0;41.8
88;2021-07-05;991;2027;202299;152206;56.3;42.3
88;2021-07-06;1019;2416;203318;154622;56.6;43.0
88;2021-07-07;1178;2587;204496;157209;56.9;43.7
88;2021-07-08;1069;2083;205565;159292;57.2;44.3
88;2021-07-09;1576;2701;207141;161993;57.6;45.1
88;2021-07-10;704;1814;207845;163807;57.8;45.6
88;2021-07-11;466;695;208311;164502;57.9;45.8
88;2021-07-12;1043;2514;209354;167016;58.2;46.5
88;2021-07-13;1308;2656;210662;169672;58.6;47.2
88;2021-07-14;1185;794;211847;170466;58.9;47.4
88;2021-07-15;1731;3313;213578;173779;59.4;48.3
88;2021-07-16;1467;2960;215045;176739;59.8;49.2
88;2021-07-17;796;1587;215841;178326;60.0;49.6
88;2021-07-18;180;680;216021;179006;60.1;49.8
88;2021-07-19;1552;2231;217573;181237;60.5;50.4
88;2021-07-20;2134;2390;219707;183627;61.1;51.1
88;2021-07-21;1928;2224;221635;185851;61.6;51.7
88;2021-07-22;1691;2101;223326;187952;62.1;52.3
88;2021-07-23;2493;2775;225819;190727;62.8;53.1
88;2021-07-24;1055;1178;226874;191905;63.1;53.4
88;2021-07-25;430;605;227304;192510;63.2;53.5
88;2021-07-26;1703;2055;229007;194565;63.7;54.1
88;2021-07-27;2298;2045;231305;196610;64.3;54.7
88;2021-07-28;2109;2226;233414;198836;64.9;55.3
89;2020-12-27;0;0;0;0;0.0;0.0
89;2020-12-28;0;0;0;0;0.0;0.0
89;2020-12-29;0;0;0;0;0.0;0.0
89;2020-12-30;0;0;0;0;0.0;0.0
89;2020-12-31;0;0;0;0;0.0;0.0
89;2021-01-01;0;0;0;0;0.0;0.0
89;2021-01-02;0;0;0;0;0.0;0.0
89;2021-01-03;0;0;0;0;0.0;0.0
89;2021-01-04;0;0;0;0;0.0;0.0
89;2021-01-05;0;0;0;0;0.0;0.0
89;2021-01-06;48;0;48;0;0.0;0.0
89;2021-01-07;201;0;249;0;0.1;0.0
89;2021-01-08;48;0;297;0;0.1;0.0
89;2021-01-09;1;0;298;0;0.1;0.0
89;2021-01-10;0;0;298;0;0.1;0.0
89;2021-01-11;220;0;518;0;0.2;0.0
89;2021-01-12;349;0;867;0;0.3;0.0
89;2021-01-13;533;1;1400;1;0.4;0.0
89;2021-01-14;707;7;2107;8;0.6;0.0
89;2021-01-15;275;2;2382;10;0.7;0.0
89;2021-01-16;90;3;2472;13;0.7;0.0
89;2021-01-17;0;0;2472;13;0.7;0.0
89;2021-01-18;503;0;2975;13;0.9;0.0
89;2021-01-19;839;3;3814;16;1.1;0.0
89;2021-01-20;758;1;4572;17;1.4;0.0
89;2021-01-21;939;4;5511;21;1.7;0.0
89;2021-01-22;1015;0;6526;21;2.0;0.0
89;2021-01-23;200;0;6726;21;2.0;0.0
89;2021-01-24;105;0;6831;21;2.1;0.0
89;2021-01-25;482;4;7313;25;2.2;0.0
89;2021-01-26;581;12;7894;37;2.4;0.0
89;2021-01-27;472;38;8366;75;2.5;0.0
89;2021-01-28;547;126;8913;201;2.7;0.1
89;2021-01-29;958;43;9871;244;3.0;0.1
89;2021-01-30;184;67;10055;311;3.0;0.1
89;2021-01-31;24;2;10079;313;3.0;0.1
89;2021-02-01;255;153;10334;466;3.1;0.1
89;2021-02-02;282;339;10616;805;3.2;0.2
89;2021-02-03;290;345;10906;1150;3.3;0.3
89;2021-02-04;433;595;11339;1745;3.4;0.5
89;2021-02-05;387;201;11726;1946;3.5;0.6
89;2021-02-06;77;67;11803;2013;3.6;0.6
89;2021-02-07;0;0;11803;2013;3.6;0.6
89;2021-02-08;288;189;12091;2202;3.6;0.7
89;2021-02-09;285;443;12376;2645;3.7;0.8
89;2021-02-10;395;313;12771;2958;3.8;0.9
89;2021-02-11;332;563;13103;3521;3.9;1.1
89;2021-02-12;427;597;13530;4118;4.1;1.2
89;2021-02-13;52;143;13582;4261;4.1;1.3
89;2021-02-14;20;116;13602;4377;4.1;1.3
89;2021-02-15;216;415;13818;4792;4.2;1.4
89;2021-02-16;134;537;13952;5329;4.2;1.6
89;2021-02-17;262;437;14214;5766;4.3;1.7
89;2021-02-18;225;557;14439;6323;4.3;1.9
89;2021-02-19;243;656;14682;6979;4.4;2.1
89;2021-02-20;33;140;14715;7119;4.4;2.1
89;2021-02-21;0;10;14715;7129;4.4;2.1
89;2021-02-22;229;451;14944;7580;4.5;2.3
89;2021-02-23;171;471;15115;8051;4.6;2.4
89;2021-02-24;340;389;15455;8440;4.7;2.5
89;2021-02-25;369;466;15824;8906;4.8;2.7
89;2021-02-26;382;337;16206;9243;4.9;2.8
89;2021-02-27;137;80;16343;9323;4.9;2.8
89;2021-02-28;6;13;16349;9336;4.9;2.8
89;2021-03-01;541;237;16890;9573;5.1;2.9
89;2021-03-02;751;342;17641;9915;5.3;3.0
89;2021-03-03;648;275;18289;10190;5.5;3.1
89;2021-03-04;632;377;18921;10567;5.7;3.2
89;2021-03-05;728;501;19649;11068;5.9;3.3
89;2021-03-06;543;126;20192;11194;6.1;3.4
89;2021-03-07;287;39;20479;11233;6.2;3.4
89;2021-03-08;556;325;21035;11558;6.3;3.5
89;2021-03-09;997;269;22032;11827;6.6;3.6
89;2021-03-10;976;248;23008;12075;6.9;3.6
89;2021-03-11;1073;301;24081;12376;7.3;3.7
89;2021-03-12;1280;332;25361;12708;7.6;3.8
89;2021-03-13;635;42;25996;12750;7.8;3.8
89;2021-03-14;1;0;25997;12750;7.8;3.8
89;2021-03-15;812;304;26809;13054;8.1;3.9
89;2021-03-16;946;220;27755;13274;8.4;4.0
89;2021-03-17;917;265;28672;13539;8.6;4.1
89;2021-03-18;880;253;29552;13792;8.9;4.2
89;2021-03-19;1146;190;30698;13982;9.2;4.2
89;2021-03-20;844;24;31542;14006;9.5;4.2
89;2021-03-21;171;5;31713;14011;9.5;4.2
89;2021-03-22;1042;221;32755;14232;9.9;4.3
89;2021-03-23;1739;250;34494;14482;10.4;4.4
89;2021-03-24;1956;321;36450;14803;11.0;4.5
89;2021-03-25;1815;164;38265;14967;11.5;4.5
89;2021-03-26;2625;180;40890;15147;12.3;4.6
89;2021-03-27;1774;44;42664;15191;12.8;4.6
89;2021-03-28;32;3;42696;15194;12.9;4.6
89;2021-03-29;963;580;43659;15774;13.1;4.7
89;2021-03-30;1153;564;44812;16338;13.5;4.9
89;2021-03-31;2005;465;46817;16803;14.1;5.1
89;2021-04-01;2117;454;48934;17257;14.7;5.2
89;2021-04-02;2138;444;51072;17701;15.4;5.3
89;2021-04-03;1001;239;52073;17940;15.7;5.4
89;2021-04-04;16;1;52089;17941;15.7;5.4
89;2021-04-05;92;2;52181;17943;15.7;5.4
89;2021-04-06;1032;756;53213;18699;16.0;5.6
89;2021-04-07;1034;803;54247;19502;16.3;5.9
89;2021-04-08;1730;719;55977;20221;16.9;6.1
89;2021-04-09;2161;729;58138;20950;17.5;6.3
89;2021-04-10;891;177;59029;21127;17.8;6.4
89;2021-04-11;37;50;59066;21177;17.8;6.4
89;2021-04-12;1014;787;60080;21964;18.1;6.6
89;2021-04-13;1357;1077;61437;23041;18.5;6.9
89;2021-04-14;1211;1035;62648;24076;18.9;7.2
89;2021-04-15;1414;942;64062;25018;19.3;7.5
89;2021-04-16;1331;938;65393;25956;19.7;7.8
89;2021-04-17;1064;454;66457;26410;20.0;8.0
89;2021-04-18;27;154;66484;26564;20.0;8.0
89;2021-04-19;750;1028;67234;27592;20.2;8.3
89;2021-04-20;1019;1533;68253;29125;20.6;8.8
89;2021-04-21;814;1100;69067;30225;20.8;9.1
89;2021-04-22;1099;1164;70166;31389;21.1;9.5
89;2021-04-23;1821;1964;71987;33353;21.7;10.0
89;2021-04-24;1171;1175;73158;34528;22.0;10.4
89;2021-04-25;139;6;73297;34534;22.1;10.4
89;2021-04-26;1497;766;74794;35300;22.5;10.6
89;2021-04-27;1732;1054;76526;36354;23.0;10.9
89;2021-04-28;1587;1849;78113;38203;23.5;11.5
89;2021-04-29;1971;1913;80084;40116;24.1;12.1
89;2021-04-30;1806;1760;81890;41876;24.7;12.6
89;2021-05-01;846;722;82736;42598;24.9;12.8
89;2021-05-02;133;31;82869;42629;25.0;12.8
89;2021-05-03;1603;759;84472;43388;25.4;13.1
89;2021-05-04;1622;1128;86094;44516;25.9;13.4
89;2021-05-05;2318;1259;88412;45775;26.6;13.8
89;2021-05-06;2413;1375;90825;47150;27.3;14.2
89;2021-05-07;2724;1314;93549;48464;28.2;14.6
89;2021-05-08;1784;530;95333;48994;28.7;14.8
89;2021-05-09;196;18;95529;49012;28.8;14.8
89;2021-05-10;1199;939;96728;49951;29.1;15.0
89;2021-05-11;2484;1441;99212;51392;29.9;15.5
89;2021-05-12;2061;1214;101273;52606;30.5;15.8
89;2021-05-13;414;333;101687;52939;30.6;15.9
89;2021-05-14;1879;1088;103566;54027;31.2;16.3
89;2021-05-15;2246;391;105812;54418;31.9;16.4
89;2021-05-16;10;35;105822;54453;31.9;16.4
89;2021-05-17;2089;634;107911;55087;32.5;16.6
89;2021-05-18;2323;823;110234;55910;33.2;16.8
89;2021-05-19;2860;877;113094;56787;34.1;17.1
89;2021-05-20;2927;883;116021;57670;34.9;17.4
89;2021-05-21;2481;873;118502;58543;35.7;17.6
89;2021-05-22;1427;570;119929;59113;36.1;17.8
89;2021-05-23;108;10;120037;59123;36.1;17.8
89;2021-05-24;286;223;120323;59346;36.2;17.9
89;2021-05-25;1557;983;121880;60329;36.7;18.2
89;2021-05-26;1815;1019;123695;61348;37.2;18.5
89;2021-05-27;2112;1351;125807;62699;37.9;18.9
89;2021-05-28;2141;1422;127948;64121;38.5;19.3
89;2021-05-29;540;658;128488;64779;38.7;19.5
89;2021-05-30;25;22;128513;64801;38.7;19.5
89;2021-05-31;1244;968;129757;65769;39.1;19.8
89;2021-06-01;1504;981;131261;66750;39.5;20.1
89;2021-06-02;1948;1277;133209;68027;40.1;20.5
89;2021-06-03;2425;1520;135634;69547;40.8;20.9
89;2021-06-04;2139;1882;137773;71429;41.5;21.5
89;2021-06-05;1183;1224;138956;72653;41.8;21.9
89;2021-06-06;22;37;138978;72690;41.8;21.9
89;2021-06-07;2109;1446;141087;74136;42.5;22.3
89;2021-06-08;2195;1453;143282;75589;43.1;22.8
89;2021-06-09;2319;1506;145601;77095;43.8;23.2
89;2021-06-10;2787;1599;148388;78694;44.7;23.7
89;2021-06-11;1944;1746;150332;80440;45.3;24.2
89;2021-06-12;1103;758;151435;81198;45.6;24.5
89;2021-06-13;155;424;151590;81622;45.6;24.6
89;2021-06-14;1310;1822;152900;83444;46.0;25.1
89;2021-06-15;1399;2012;154299;85456;46.5;25.7
89;2021-06-16;1139;2581;155438;88037;46.8;26.5
89;2021-06-17;1427;2338;156865;90375;47.2;27.2
89;2021-06-18;1623;2872;158488;93247;47.7;28.1
89;2021-06-19;685;1662;159173;94909;47.9;28.6
89;2021-06-20;53;127;159226;95036;47.9;28.6
89;2021-06-21;759;1526;159985;96562;48.2;29.1
89;2021-06-22;1048;2680;161033;99242;48.5;29.9
89;2021-06-23;1151;1796;162184;101038;48.8;30.4
89;2021-06-24;1076;1497;163260;102535;49.2;30.9
89;2021-06-25;1002;2429;164262;104964;49.5;31.6
89;2021-06-26;560;2486;164822;107450;49.6;32.4
89;2021-06-27;12;28;164834;107478;49.6;32.4
89;2021-06-28;1009;2494;165843;109972;49.9;33.1
89;2021-06-29;681;2403;166524;112375;50.1;33.8
89;2021-06-30;1071;3178;167595;115553;50.5;34.8
89;2021-07-01;1019;2990;168614;118543;50.8;35.7
89;2021-07-02;1102;2753;169716;121296;51.1;36.5
89;2021-07-03;553;1574;170269;122870;51.3;37.0
89;2021-07-04;11;36;170280;122906;51.3;37.0
89;2021-07-05;1292;1837;171572;124743;51.7;37.6
89;2021-07-06;1048;2308;172620;127051;52.0;38.3
89;2021-07-07;663;1789;173283;128840;52.2;38.8
89;2021-07-08;787;1878;174070;130718;52.4;39.4
89;2021-07-09;1128;2604;175198;133322;52.8;40.1
89;2021-07-10;714;816;175912;134138;53.0;40.4
89;2021-07-11;25;39;175937;134177;53.0;40.4
89;2021-07-12;1421;1900;177358;136077;53.4;41.0
89;2021-07-13;2120;2739;179478;138816;54.0;41.8
89;2021-07-14;312;324;179790;139140;54.1;41.9
89;2021-07-15;2227;3225;182017;142365;54.8;42.9
89;2021-07-16;2381;2854;184398;145219;55.5;43.7
89;2021-07-17;1228;1226;185626;146445;55.9;44.1
89;2021-07-18;276;96;185902;146541;56.0;44.1
89;2021-07-19;1559;2812;187461;149353;56.4;45.0
89;2021-07-20;1911;3277;189372;152630;57.0;46.0
89;2021-07-21;2072;2718;191444;155348;57.6;46.8
89;2021-07-22;2440;2979;193884;158327;58.4;47.7
89;2021-07-23;2459;3092;196343;161419;59.1;48.6
89;2021-07-24;1215;1247;197558;162666;59.5;49.0
89;2021-07-25;66;184;197624;162850;59.5;49.0
89;2021-07-26;1708;2315;199332;165165;60.0;49.7
89;2021-07-27;2303;1896;201635;167061;60.7;50.3
89;2021-07-28;2373;1282;204008;168343;61.4;50.7
90;2020-12-27;0;0;0;0;0.0;0.0
90;2020-12-28;0;0;0;0;0.0;0.0
90;2020-12-29;0;0;0;0;0.0;0.0
90;2020-12-30;1;0;1;0;0.0;0.0
90;2020-12-31;0;0;1;0;0.0;0.0
90;2021-01-01;0;0;1;0;0.0;0.0
90;2021-01-02;0;0;1;0;0.0;0.0
90;2021-01-03;0;0;1;0;0.0;0.0
90;2021-01-04;2;0;3;0;0.0;0.0
90;2021-01-05;0;0;3;0;0.0;0.0
90;2021-01-06;0;0;3;0;0.0;0.0
90;2021-01-07;1;0;4;0;0.0;0.0
90;2021-01-08;170;0;174;0;0.1;0.0
90;2021-01-09;46;0;220;0;0.2;0.0
90;2021-01-10;0;0;220;0;0.2;0.0
90;2021-01-11;200;0;420;0;0.3;0.0
90;2021-01-12;430;0;850;0;0.6;0.0
90;2021-01-13;468;2;1318;2;0.9;0.0
90;2021-01-14;414;1;1732;3;1.2;0.0
90;2021-01-15;405;9;2137;12;1.5;0.0
90;2021-01-16;111;2;2248;14;1.6;0.0
90;2021-01-17;1;0;2249;14;1.6;0.0
90;2021-01-18;363;2;2612;16;1.9;0.0
90;2021-01-19;461;5;3073;21;2.2;0.0
90;2021-01-20;390;2;3463;23;2.5;0.0
90;2021-01-21;349;1;3812;24;2.7;0.0
90;2021-01-22;346;2;4158;26;3.0;0.0
90;2021-01-23;98;0;4256;26;3.0;0.0
90;2021-01-24;0;0;4256;26;3.0;0.0
90;2021-01-25;322;3;4578;29;3.3;0.0
90;2021-01-26;224;0;4802;29;3.4;0.0
90;2021-01-27;254;0;5056;29;3.6;0.0
90;2021-01-28;328;33;5384;62;3.8;0.0
90;2021-01-29;291;163;5675;225;4.0;0.2
90;2021-01-30;176;45;5851;270;4.2;0.2
90;2021-01-31;118;0;5969;270;4.3;0.2
90;2021-02-01;275;112;6244;382;4.5;0.3
90;2021-02-02;290;163;6534;545;4.7;0.4
90;2021-02-03;255;368;6789;913;4.8;0.7
90;2021-02-04;256;302;7045;1215;5.0;0.9
90;2021-02-05;266;271;7311;1486;5.2;1.1
90;2021-02-06;89;68;7400;1554;5.3;1.1
90;2021-02-07;0;0;7400;1554;5.3;1.1
90;2021-02-08;170;218;7570;1772;5.4;1.3
90;2021-02-09;139;166;7709;1938;5.5;1.4
90;2021-02-10;182;28;7891;1966;5.6;1.4
90;2021-02-11;228;109;8119;2075;5.8;1.5
90;2021-02-12;127;240;8246;2315;5.9;1.7
90;2021-02-13;95;45;8341;2360;6.0;1.7
90;2021-02-14;0;0;8341;2360;6.0;1.7
90;2021-02-15;113;280;8454;2640;6.0;1.9
90;2021-02-16;92;277;8546;2917;6.1;2.1
90;2021-02-17;178;205;8724;3122;6.2;2.2
90;2021-02-18;130;242;8854;3364;6.3;2.4
90;2021-02-19;64;272;8918;3636;6.4;2.6
90;2021-02-20;40;72;8958;3708;6.4;2.6
90;2021-02-21;0;0;8958;3708;6.4;2.6
90;2021-02-22;77;333;9035;4041;6.4;2.9
90;2021-02-23;40;259;9075;4300;6.5;3.1
90;2021-02-24;109;289;9184;4589;6.6;3.3
90;2021-02-25;88;313;9272;4902;6.6;3.5
90;2021-02-26;89;396;9361;5298;6.7;3.8
90;2021-02-27;140;178;9501;5476;6.8;3.9
90;2021-02-28;8;113;9509;5589;6.8;4.0
90;2021-03-01;212;233;9721;5822;6.9;4.2
90;2021-03-02;178;285;9899;6107;7.1;4.4
90;2021-03-03;239;354;10138;6461;7.2;4.6
90;2021-03-04;258;274;10396;6735;7.4;4.8
90;2021-03-05;357;269;10753;7004;7.7;5.0
90;2021-03-06;291;102;11044;7106;7.9;5.1
90;2021-03-07;18;1;11062;7107;7.9;5.1
90;2021-03-08;246;245;11308;7352;8.1;5.2
90;2021-03-09;425;162;11733;7514;8.4;5.4
90;2021-03-10;348;195;12081;7709;8.6;5.5
90;2021-03-11;348;116;12429;7825;8.9;5.6
90;2021-03-12;519;126;12948;7951;9.2;5.7
90;2021-03-13;539;46;13487;7997;9.6;5.7
90;2021-03-14;20;0;13507;7997;9.6;5.7
90;2021-03-15;386;116;13893;8113;9.9;5.8
90;2021-03-16;401;97;14294;8210;10.2;5.9
90;2021-03-17;323;73;14617;8283;10.4;5.9
90;2021-03-18;348;77;14965;8360;10.7;6.0
90;2021-03-19;468;77;15433;8437;11.0;6.0
90;2021-03-20;426;48;15859;8485;11.3;6.1
90;2021-03-21;7;2;15866;8487;11.3;6.1
90;2021-03-22;399;29;16265;8516;11.6;6.1
90;2021-03-23;734;72;16999;8588;12.1;6.1
90;2021-03-24;815;45;17814;8633;12.7;6.2
90;2021-03-25;945;69;18759;8702;13.4;6.2
90;2021-03-26;1227;57;19986;8759;14.3;6.2
90;2021-03-27;437;29;20423;8788;14.6;6.3
90;2021-03-28;34;0;20457;8788;14.6;6.3
90;2021-03-29;712;139;21169;8927;15.1;6.4
90;2021-03-30;670;152;21839;9079;15.6;6.5
90;2021-03-31;728;78;22567;9157;16.1;6.5
90;2021-04-01;601;117;23168;9274;16.5;6.6
90;2021-04-02;657;90;23825;9364;17.0;6.7
90;2021-04-03;370;39;24195;9403;17.3;6.7
90;2021-04-04;1;0;24196;9403;17.3;6.7
90;2021-04-05;0;0;24196;9403;17.3;6.7
90;2021-04-06;527;248;24723;9651;17.6;6.9
90;2021-04-07;484;260;25207;9911;18.0;7.1
90;2021-04-08;509;244;25716;10155;18.3;7.2
90;2021-04-09;749;264;26465;10419;18.9;7.4
90;2021-04-10;222;8;26687;10427;19.0;7.4
90;2021-04-11;7;0;26694;10427;19.0;7.4
90;2021-04-12;551;479;27245;10906;19.4;7.8
90;2021-04-13;630;529;27875;11435;19.9;8.2
90;2021-04-14;527;348;28402;11783;20.3;8.4
90;2021-04-15;905;281;29307;12064;20.9;8.6
90;2021-04-16;370;403;29677;12467;21.2;8.9
90;2021-04-17;189;127;29866;12594;21.3;9.0
90;2021-04-18;21;0;29887;12594;21.3;9.0
90;2021-04-19;435;567;30322;13161;21.6;9.4
90;2021-04-20;494;620;30816;13781;22.0;9.8
90;2021-04-21;353;495;31169;14276;22.2;10.2
90;2021-04-22;567;599;31736;14875;22.6;10.6
90;2021-04-23;503;744;32239;15619;23.0;11.1
90;2021-04-24;305;203;32544;15822;23.2;11.3
90;2021-04-25;1;0;32545;15822;23.2;11.3
90;2021-04-26;508;751;33053;16573;23.6;11.8
90;2021-04-27;641;679;33694;17252;24.0;12.3
90;2021-04-28;765;445;34459;17697;24.6;12.6
90;2021-04-29;1003;448;35462;18145;25.3;12.9
90;2021-04-30;1121;457;36583;18602;26.1;13.3
90;2021-05-01;60;42;36643;18644;26.1;13.3
90;2021-05-02;4;0;36647;18644;26.1;13.3
90;2021-05-03;903;286;37550;18930;26.8;13.5
90;2021-05-04;786;638;38336;19568;27.4;14.0
90;2021-05-05;894;506;39230;20074;28.0;14.3
90;2021-05-06;851;625;40081;20699;28.6;14.8
90;2021-05-07;440;510;40521;21209;28.9;15.1
90;2021-05-08;26;26;40547;21235;28.9;15.2
90;2021-05-09;5;33;40552;21268;28.9;15.2
90;2021-05-10;505;585;41057;21853;29.3;15.6
90;2021-05-11;778;633;41835;22486;29.9;16.0
90;2021-05-12;530;596;42365;23082;30.2;16.5
90;2021-05-13;1112;264;43477;23346;31.0;16.7
90;2021-05-14;866;402;44343;23748;31.6;16.9
90;2021-05-15;14;125;44357;23873;31.7;17.0
90;2021-05-16;2;7;44359;23880;31.7;17.0
90;2021-05-17;793;288;45152;24168;32.2;17.2
90;2021-05-18;1023;469;46175;24637;32.9;17.6
90;2021-05-19;1264;383;47439;25020;33.8;17.9
90;2021-05-20;1200;266;48639;25286;34.7;18.0
90;2021-05-21;1264;430;49903;25716;35.6;18.3
90;2021-05-22;9;131;49912;25847;35.6;18.4
90;2021-05-23;1;0;49913;25847;35.6;18.4
90;2021-05-24;368;266;50281;26113;35.9;18.6
90;2021-05-25;637;792;50918;26905;36.3;19.2
90;2021-05-26;631;568;51549;27473;36.8;19.6
90;2021-05-27;963;381;52512;27854;37.5;19.9
90;2021-05-28;668;826;53180;28680;37.9;20.5
90;2021-05-29;93;296;53273;28976;38.0;20.7
90;2021-05-30;4;1;53277;28977;38.0;20.7
90;2021-05-31;809;713;54086;29690;38.6;21.2
90;2021-06-01;969;742;55055;30432;39.3;21.7
90;2021-06-02;759;675;55814;31107;39.8;22.2
90;2021-06-03;757;743;56571;31850;40.4;22.7
90;2021-06-04;833;973;57404;32823;41.0;23.4
90;2021-06-05;53;425;57457;33248;41.0;23.7
90;2021-06-06;1;16;57458;33264;41.0;23.7
90;2021-06-07;1265;1081;58723;34345;41.9;24.5
90;2021-06-08;1481;935;60204;35280;43.0;25.2
90;2021-06-09;964;658;61168;35938;43.6;25.6
90;2021-06-10;623;495;61791;36433;44.1;26.0
90;2021-06-11;787;1127;62578;37560;44.7;26.8
90;2021-06-12;805;298;63383;37858;45.2;27.0
90;2021-06-13;10;12;63393;37870;45.2;27.0
90;2021-06-14;260;973;63653;38843;45.4;27.7
90;2021-06-15;563;879;64216;39722;45.8;28.3
90;2021-06-16;505;547;64721;40269;46.2;28.7
90;2021-06-17;436;636;65157;40905;46.5;29.2
90;2021-06-18;609;994;65766;41899;46.9;29.9
90;2021-06-19;449;169;66215;42068;47.2;30.0
90;2021-06-20;0;28;66215;42096;47.2;30.0
90;2021-06-21;253;1178;66468;43274;47.4;30.9
90;2021-06-22;381;949;66849;44223;47.7;31.6
90;2021-06-23;411;632;67260;44855;48.0;32.0
90;2021-06-24;313;602;67573;45457;48.2;32.4
90;2021-06-25;420;1271;67993;46728;48.5;33.3
90;2021-06-26;420;561;68413;47289;48.8;33.7
90;2021-06-27;2;6;68415;47295;48.8;33.7
90;2021-06-28;372;1297;68787;48592;49.1;34.7
90;2021-06-29;302;1304;69089;49896;49.3;35.6
90;2021-06-30;479;1227;69568;51123;49.6;36.5
90;2021-07-01;340;919;69908;52042;49.9;37.1
90;2021-07-02;502;1206;70410;53248;50.2;38.0
90;2021-07-03;42;129;70452;53377;50.3;38.1
90;2021-07-04;0;21;70452;53398;50.3;38.1
90;2021-07-05;393;1017;70845;54415;50.6;38.8
90;2021-07-06;506;969;71351;55384;50.9;39.5
90;2021-07-07;369;998;71720;56382;51.2;40.2
90;2021-07-08;301;608;72021;56990;51.4;40.7
90;2021-07-09;432;950;72453;57940;51.7;41.3
90;2021-07-10;27;90;72480;58030;51.7;41.4
90;2021-07-11;5;17;72485;58047;51.7;41.4
90;2021-07-12;238;1077;72723;59124;51.9;42.2
90;2021-07-13;474;1159;73197;60283;52.2;43.0
90;2021-07-14;0;8;73197;60291;52.2;43.0
90;2021-07-15;783;1443;73980;61734;52.8;44.1
90;2021-07-16;814;1685;74794;63419;53.4;45.3
90;2021-07-17;480;955;75274;64374;53.7;45.9
90;2021-07-18;4;2;75278;64376;53.7;45.9
90;2021-07-19;1179;1458;76457;65834;54.6;47.0
90;2021-07-20;1334;1132;77791;66966;55.5;47.8
90;2021-07-21;1388;976;79179;67942;56.5;48.5
90;2021-07-22;1111;692;80290;68634;57.3;49.0
90;2021-07-23;959;1017;81249;69651;58.0;49.7
90;2021-07-24;116;64;81365;69715;58.1;49.7
90;2021-07-25;2;1;81367;69716;58.1;49.7
90;2021-07-26;1068;801;82435;70517;58.8;50.3
90;2021-07-27;1073;739;83508;71256;59.6;50.8
90;2021-07-28;808;705;84316;71961;60.2;51.3
91;2020-12-27;0;0;0;0;0.0;0.0
91;2020-12-28;0;0;0;0;0.0;0.0
91;2020-12-29;1;0;1;0;0.0;0.0
91;2020-12-30;0;0;1;0;0.0;0.0
91;2020-12-31;0;0;1;0;0.0;0.0
91;2021-01-01;5;0;6;0;0.0;0.0
91;2021-01-02;0;0;6;0;0.0;0.0
91;2021-01-03;0;0;6;0;0.0;0.0
91;2021-01-04;1;0;7;0;0.0;0.0
91;2021-01-05;71;0;78;0;0.0;0.0
91;2021-01-06;188;1;266;1;0.0;0.0
91;2021-01-07;523;6;789;7;0.1;0.0
91;2021-01-08;393;0;1182;7;0.1;0.0
91;2021-01-09;89;3;1271;10;0.1;0.0
91;2021-01-10;0;0;1271;10;0.1;0.0
91;2021-01-11;595;3;1866;13;0.1;0.0
91;2021-01-12;899;8;2765;21;0.2;0.0
91;2021-01-13;702;6;3467;27;0.3;0.0
91;2021-01-14;721;9;4188;36;0.3;0.0
91;2021-01-15;568;3;4756;39;0.4;0.0
91;2021-01-16;316;8;5072;47;0.4;0.0
91;2021-01-17;116;1;5188;48;0.4;0.0
91;2021-01-18;991;4;6179;52;0.5;0.0
91;2021-01-19;1861;12;8040;64;0.6;0.0
91;2021-01-20;2368;18;10408;82;0.8;0.0
91;2021-01-21;2092;15;12500;97;0.9;0.0
91;2021-01-22;1820;8;14320;105;1.1;0.0
91;2021-01-23;413;1;14733;106;1.1;0.0
91;2021-01-24;51;0;14784;106;1.1;0.0
91;2021-01-25;1047;3;15831;109;1.2;0.0
91;2021-01-26;1571;40;17402;149;1.3;0.0
91;2021-01-27;2411;97;19813;246;1.5;0.0
91;2021-01-28;1971;223;21784;469;1.7;0.0
91;2021-01-29;1747;63;23531;532;1.8;0.0
91;2021-01-30;422;7;23953;539;1.8;0.0
91;2021-01-31;54;0;24007;539;1.8;0.0
91;2021-02-01;959;219;24966;758;1.9;0.1
91;2021-02-02;858;365;25824;1123;2.0;0.1
91;2021-02-03;936;571;26760;1694;2.0;0.1
91;2021-02-04;883;282;27643;1976;2.1;0.1
91;2021-02-05;1033;355;28676;2331;2.2;0.2
91;2021-02-06;335;91;29011;2422;2.2;0.2
91;2021-02-07;13;0;29024;2422;2.2;0.2
91;2021-02-08;902;605;29926;3027;2.3;0.2
91;2021-02-09;961;862;30887;3889;2.3;0.3
91;2021-02-10;1066;990;31953;4879;2.4;0.4
91;2021-02-11;1120;997;33073;5876;2.5;0.4
91;2021-02-12;1056;836;34129;6712;2.6;0.5
91;2021-02-13;331;360;34460;7072;2.6;0.5
91;2021-02-14;18;112;34478;7184;2.6;0.5
91;2021-02-15;365;1265;34843;8449;2.6;0.6
91;2021-02-16;548;1765;35391;10214;2.7;0.8
91;2021-02-17;810;2680;36201;12894;2.7;1.0
91;2021-02-18;938;2014;37139;14908;2.8;1.1
91;2021-02-19;864;1387;38003;16295;2.9;1.2
91;2021-02-20;165;362;38168;16657;2.9;1.3
91;2021-02-21;11;50;38179;16707;2.9;1.3
91;2021-02-22;335;1209;38514;17916;2.9;1.4
91;2021-02-23;396;1074;38910;18990;2.9;1.4
91;2021-02-24;473;1060;39383;20050;3.0;1.5
91;2021-02-25;728;1020;40111;21070;3.0;1.6
91;2021-02-26;1095;1057;41206;22127;3.1;1.7
91;2021-02-27;610;326;41816;22453;3.2;1.7
91;2021-02-28;65;66;41881;22519;3.2;1.7
91;2021-03-01;931;1069;42812;23588;3.2;1.8
91;2021-03-02;1254;1092;44066;24680;3.3;1.9
91;2021-03-03;1465;1278;45531;25958;3.5;2.0
91;2021-03-04;2417;1113;47948;27071;3.6;2.1
91;2021-03-05;3346;1162;51294;28233;3.9;2.1
91;2021-03-06;4902;450;56196;28683;4.3;2.2
91;2021-03-07;3209;104;59405;28787;4.5;2.2
91;2021-03-08;1472;1063;60877;29850;4.6;2.3
91;2021-03-09;2623;988;63500;30838;4.8;2.3
91;2021-03-10;2615;1017;66115;31855;5.0;2.4
91;2021-03-11;3782;1109;69897;32964;5.3;2.5
91;2021-03-12;4777;1031;74674;33995;5.7;2.6
91;2021-03-13;5253;314;79927;34309;6.1;2.6
91;2021-03-14;302;25;80229;34334;6.1;2.6
91;2021-03-15;2977;433;83206;34767;6.3;2.6
91;2021-03-16;2602;377;85808;35144;6.5;2.7
91;2021-03-17;2221;345;88029;35489;6.7;2.7
91;2021-03-18;2385;401;90414;35890;6.9;2.7
91;2021-03-19;4092;377;94506;36267;7.2;2.7
91;2021-03-20;3608;172;98114;36439;7.4;2.8
91;2021-03-21;138;30;98252;36469;7.4;2.8
91;2021-03-22;3148;602;101400;37071;7.7;2.8
91;2021-03-23;4135;695;105535;37766;8.0;2.9
91;2021-03-24;3935;490;109470;38256;8.3;2.9
91;2021-03-25;5052;519;114522;38775;8.7;2.9
91;2021-03-26;5545;537;120067;39312;9.1;3.0
91;2021-03-27;4987;326;125054;39638;9.5;3.0
91;2021-03-28;282;57;125336;39695;9.5;3.0
91;2021-03-29;3302;1035;128638;40730;9.7;3.1
91;2021-03-30;4420;1206;133058;41936;10.1;3.2
91;2021-03-31;3363;1334;136421;43270;10.3;3.3
91;2021-04-01;3737;1668;140158;44938;10.6;3.4
91;2021-04-02;3882;2307;144040;47245;10.9;3.6
91;2021-04-03;1870;2874;145910;50119;11.1;3.8
91;2021-04-04;648;1319;146558;51438;11.1;3.9
91;2021-04-05;560;129;147118;51567;11.2;3.9
91;2021-04-06;3399;1786;150517;53353;11.4;4.0
91;2021-04-07;3413;1931;153930;55284;11.7;4.2
91;2021-04-08;4653;2139;158583;57423;12.0;4.4
91;2021-04-09;5336;2128;163919;59551;12.4;4.5
91;2021-04-10;2727;2817;166646;62368;12.6;4.7
91;2021-04-11;189;141;166835;62509;12.6;4.7
91;2021-04-12;2851;2280;169686;64789;12.9;4.9
91;2021-04-13;3755;2642;173441;67431;13.1;5.1
91;2021-04-14;3706;2316;177147;69747;13.4;5.3
91;2021-04-15;4475;2501;181622;72248;13.8;5.5
91;2021-04-16;4550;2790;186172;75038;14.1;5.7
91;2021-04-17;2981;2077;189153;77115;14.3;5.8
91;2021-04-18;266;70;189419;77185;14.4;5.9
91;2021-04-19;2303;2730;191722;79915;14.5;6.1
91;2021-04-20;3182;2984;194904;82899;14.8;6.3
91;2021-04-21;2985;2895;197889;85794;15.0;6.5
91;2021-04-22;3155;3360;201044;89154;15.2;6.8
91;2021-04-23;3709;3346;204753;92500;15.5;7.0
91;2021-04-24;3480;3724;208233;96224;15.8;7.3
91;2021-04-25;2615;641;210848;96865;16.0;7.3
91;2021-04-26;3486;2798;214334;99663;16.2;7.6
91;2021-04-27;4479;2922;218813;102585;16.6;7.8
91;2021-04-28;4564;2701;223377;105286;16.9;8.0
91;2021-04-29;5739;3042;229116;108328;17.4;8.2
91;2021-04-30;5382;2844;234498;111172;17.8;8.4
91;2021-05-01;3512;520;238010;111692;18.0;8.5
91;2021-05-02;623;132;238633;111824;18.1;8.5
91;2021-05-03;5203;2285;243836;114109;18.5;8.6
91;2021-05-04;5585;3166;249421;117275;18.9;8.9
91;2021-05-05;4846;2863;254267;120138;19.3;9.1
91;2021-05-06;5239;3368;259506;123506;19.7;9.4
91;2021-05-07;6124;3738;265630;127244;20.1;9.6
91;2021-05-08;6511;957;272141;128201;20.6;9.7
91;2021-05-09;4803;560;276944;128761;21.0;9.8
91;2021-05-10;5894;3003;282838;131764;21.4;10.0
91;2021-05-11;6830;3824;289668;135588;22.0;10.3
91;2021-05-12;5876;3432;295544;139020;22.4;10.5
91;2021-05-13;4820;1079;300364;140099;22.8;10.6
91;2021-05-14;6545;2385;306909;142484;23.3;10.8
91;2021-05-15;7794;1918;314703;144402;23.9;10.9
91;2021-05-16;4582;369;319285;144771;24.2;11.0
91;2021-05-17;6952;1711;326237;146482;24.7;11.1
91;2021-05-18;8110;1736;334347;148218;25.3;11.2
91;2021-05-19;7098;1694;341445;149912;25.9;11.4
91;2021-05-20;8195;2141;349640;152053;26.5;11.5
91;2021-05-21;8136;2575;357776;154628;27.1;11.7
91;2021-05-22;7659;1543;365435;156171;27.7;11.8
91;2021-05-23;4797;522;370232;156693;28.1;11.9
91;2021-05-24;5013;600;375245;157293;28.4;11.9
91;2021-05-25;7624;2645;382869;159938;29.0;12.1
91;2021-05-26;6866;2937;389735;162875;29.5;12.3
91;2021-05-27;7964;3445;397699;166320;30.1;12.6
91;2021-05-28;7528;4313;405227;170633;30.7;12.9
91;2021-05-29;9293;3498;414520;174131;31.4;13.2
91;2021-05-30;5953;963;420473;175094;31.9;13.3
91;2021-05-31;6738;3695;427211;178789;32.4;13.6
91;2021-06-01;7779;4770;434990;183559;33.0;13.9
91;2021-06-02;7443;3954;442433;187513;33.5;14.2
91;2021-06-03;7855;4780;450288;192293;34.1;14.6
91;2021-06-04;7173;5714;457461;198007;34.7;15.0
91;2021-06-05;6380;5803;463841;203810;35.2;15.4
91;2021-06-06;4087;2506;467928;206316;35.5;15.6
91;2021-06-07;5882;5474;473810;211790;35.9;16.1
91;2021-06-08;7040;5791;480850;217581;36.4;16.5
91;2021-06-09;6462;5134;487312;222715;36.9;16.9
91;2021-06-10;7165;5768;494477;228483;37.5;17.3
91;2021-06-11;6539;7109;501016;235592;38.0;17.9
91;2021-06-12;6221;7353;507237;242945;38.4;18.4
91;2021-06-13;2849;2315;510086;245260;38.7;18.6
91;2021-06-14;4224;7196;514310;252456;39.0;19.1
91;2021-06-15;5560;7249;519870;259705;39.4;19.7
91;2021-06-16;5297;6440;525167;266145;39.8;20.2
91;2021-06-17;6225;7131;531392;273276;40.3;20.7
91;2021-06-18;4608;8729;536000;282005;40.6;21.4
91;2021-06-19;4163;7148;540163;289153;40.9;21.9
91;2021-06-20;1000;4211;541163;293364;41.0;22.2
91;2021-06-21;3223;7235;544386;300599;41.3;22.8
91;2021-06-22;4150;9221;548536;309820;41.6;23.5
91;2021-06-23;4293;7960;552829;317780;41.9;24.1
91;2021-06-24;4843;8472;557672;326252;42.3;24.7
91;2021-06-25;3460;9170;561132;335422;42.5;25.4
91;2021-06-26;2948;8033;564080;343455;42.8;26.0
91;2021-06-27;547;2998;564627;346453;42.8;26.3
91;2021-06-28;3113;8226;567740;354679;43.0;26.9
91;2021-06-29;3557;9630;571297;364309;43.3;27.6
91;2021-06-30;3931;8682;575228;372991;43.6;28.3
91;2021-07-01;4027;8861;579255;381852;43.9;28.9
91;2021-07-02;3741;9304;582996;391156;44.2;29.6
91;2021-07-03;2810;9785;585806;400941;44.4;30.4
91;2021-07-04;832;4721;586638;405662;44.5;30.7
91;2021-07-05;2635;7259;589273;412921;44.7;31.3
91;2021-07-06;3666;9423;592939;422344;44.9;32.0
91;2021-07-07;3762;8582;596701;430926;45.2;32.7
91;2021-07-08;4308;8984;601009;439910;45.6;33.3
91;2021-07-09;3913;9947;604922;449857;45.8;34.1
91;2021-07-10;3318;10221;608240;460078;46.1;34.9
91;2021-07-11;979;4794;609219;464872;46.2;35.2
91;2021-07-12;2782;8883;612001;473755;46.4;35.9
91;2021-07-13;4433;10368;616434;484123;46.7;36.7
91;2021-07-14;2267;3574;618701;487697;46.9;37.0
91;2021-07-15;4508;9803;623209;497500;47.2;37.7
91;2021-07-16;6238;9719;629447;507219;47.7;38.4
91;2021-07-17;5641;9032;635088;516251;48.1;39.1
91;2021-07-18;3380;3642;638468;519893;48.4;39.4
91;2021-07-19;3738;7523;642206;527416;48.7;40.0
91;2021-07-20;6035;9268;648241;536684;49.1;40.7
91;2021-07-21;6188;7693;654429;544377;49.6;41.3
91;2021-07-22;6417;8346;660846;552723;50.1;41.9
91;2021-07-23;6879;8236;667725;560959;50.6;42.5
91;2021-07-24;4934;6442;672659;567401;51.0;43.0
91;2021-07-25;3235;1348;675894;568749;51.2;43.1
91;2021-07-26;4888;6555;680782;575304;51.6;43.6
91;2021-07-27;7428;6992;688210;582296;52.2;44.1
91;2021-07-28;7102;5802;695312;588098;52.7;44.6
92;2020-12-27;6;0;6;0;0.0;0.0
92;2020-12-28;7;0;13;0;0.0;0.0
92;2020-12-29;53;0;66;0;0.0;0.0
92;2020-12-30;25;0;91;0;0.0;0.0
92;2020-12-31;2;0;93;0;0.0;0.0
92;2021-01-01;11;0;104;0;0.0;0.0
92;2021-01-02;2;0;106;0;0.0;0.0
92;2021-01-03;4;0;110;0;0.0;0.0
92;2021-01-04;55;1;165;1;0.0;0.0
92;2021-01-05;220;1;385;2;0.0;0.0
92;2021-01-06;406;3;791;5;0.0;0.0
92;2021-01-07;654;5;1445;10;0.1;0.0
92;2021-01-08;833;4;2278;14;0.1;0.0
92;2021-01-09;117;1;2395;15;0.1;0.0
92;2021-01-10;37;0;2432;15;0.2;0.0
92;2021-01-11;834;5;3266;20;0.2;0.0
92;2021-01-12;1285;10;4551;30;0.3;0.0
92;2021-01-13;1227;15;5778;45;0.4;0.0
92;2021-01-14;1187;17;6965;62;0.4;0.0
92;2021-01-15;962;6;7927;68;0.5;0.0
92;2021-01-16;175;1;8102;69;0.5;0.0
92;2021-01-17;13;0;8115;69;0.5;0.0
92;2021-01-18;1531;23;9646;92;0.6;0.0
92;2021-01-19;1545;21;11191;113;0.7;0.0
92;2021-01-20;1795;14;12986;127;0.8;0.0
92;2021-01-21;3393;20;16379;147;1.0;0.0
92;2021-01-22;2598;43;18977;190;1.2;0.0
92;2021-01-23;131;0;19108;190;1.2;0.0
92;2021-01-24;14;0;19122;190;1.2;0.0
92;2021-01-25;833;16;19955;206;1.2;0.0
92;2021-01-26;1204;12;21159;218;1.3;0.0
92;2021-01-27;2205;95;23364;313;1.4;0.0
92;2021-01-28;4045;184;27409;497;1.7;0.0
92;2021-01-29;2703;264;30112;761;1.9;0.0
92;2021-01-30;319;14;30431;775;1.9;0.0
92;2021-01-31;17;2;30448;777;1.9;0.0
92;2021-02-01;853;324;31301;1101;1.9;0.1
92;2021-02-02;1044;356;32345;1457;2.0;0.1
92;2021-02-03;994;449;33339;1906;2.1;0.1
92;2021-02-04;1033;548;34372;2454;2.1;0.2
92;2021-02-05;1324;503;35696;2957;2.2;0.2
92;2021-02-06;107;17;35803;2974;2.2;0.2
92;2021-02-07;6;14;35809;2988;2.2;0.2
92;2021-02-08;564;735;36373;3723;2.3;0.2
92;2021-02-09;1054;1302;37427;5025;2.3;0.3
92;2021-02-10;1057;1306;38484;6331;2.4;0.4
92;2021-02-11;1486;1928;39970;8259;2.5;0.5
92;2021-02-12;1403;1482;41373;9741;2.6;0.6
92;2021-02-13;65;61;41438;9802;2.6;0.6
92;2021-02-14;13;0;41451;9802;2.6;0.6
92;2021-02-15;563;1667;42014;11469;2.6;0.7
92;2021-02-16;777;2063;42791;13532;2.7;0.8
92;2021-02-17;604;1757;43395;15289;2.7;0.9
92;2021-02-18;1557;3670;44952;18959;2.8;1.2
92;2021-02-19;1714;2653;46666;21612;2.9;1.3
92;2021-02-20;138;401;46804;22013;2.9;1.4
92;2021-02-21;23;53;46827;22066;2.9;1.4
92;2021-02-22;484;1225;47311;23291;2.9;1.4
92;2021-02-23;720;1364;48031;24655;3.0;1.5
92;2021-02-24;600;1300;48631;25955;3.0;1.6
92;2021-02-25;902;1817;49533;27772;3.1;1.7
92;2021-02-26;1442;1368;50975;29140;3.2;1.8
92;2021-02-27;492;189;51467;29329;3.2;1.8
92;2021-02-28;58;55;51525;29384;3.2;1.8
92;2021-03-01;1086;1044;52611;30428;3.3;1.9
92;2021-03-02;1953;1364;54564;31792;3.4;2.0
92;2021-03-03;2776;1090;57340;32882;3.6;2.0
92;2021-03-04;3571;1521;60911;34403;3.8;2.1
92;2021-03-05;4960;1713;65871;36116;4.1;2.2
92;2021-03-06;5705;316;71576;36432;4.4;2.3
92;2021-03-07;2893;226;74469;36658;4.6;2.3
92;2021-03-08;2403;818;76872;37476;4.8;2.3
92;2021-03-09;3420;1019;80292;38495;5.0;2.4
92;2021-03-10;3922;921;84214;39416;5.2;2.4
92;2021-03-11;4999;1377;89213;40793;5.5;2.5
92;2021-03-12;6751;1537;95964;42330;5.9;2.6
92;2021-03-13;5145;215;101109;42545;6.3;2.6
92;2021-03-14;1728;69;102837;42614;6.4;2.6
92;2021-03-15;3774;586;106611;43200;6.6;2.7
92;2021-03-16;3679;584;110290;43784;6.8;2.7
92;2021-03-17;3860;404;114150;44188;7.1;2.7
92;2021-03-18;4109;735;118259;44923;7.3;2.8
92;2021-03-19;5900;699;124159;45622;7.7;2.8
92;2021-03-20;2529;69;126688;45691;7.9;2.8
92;2021-03-21;139;30;126827;45721;7.9;2.8
92;2021-03-22;4102;476;130929;46197;8.1;2.9
92;2021-03-23;6083;864;137012;47061;8.5;2.9
92;2021-03-24;6361;627;143373;47688;8.9;3.0
92;2021-03-25;8419;622;151792;48310;9.4;3.0
92;2021-03-26;8342;883;160134;49193;9.9;3.0
92;2021-03-27;2818;258;162952;49451;10.1;3.1
92;2021-03-28;533;36;163485;49487;10.1;3.1
92;2021-03-29;4647;1051;168132;50538;10.4;3.1
92;2021-03-30;6380;1538;174512;52076;10.8;3.2
92;2021-03-31;5525;2245;180037;54321;11.2;3.4
92;2021-04-01;6246;3674;186283;57995;11.5;3.6
92;2021-04-02;5610;3410;191893;61405;11.9;3.8
92;2021-04-03;872;1418;192765;62823;11.9;3.9
92;2021-04-04;481;1062;193246;63885;12.0;4.0
92;2021-04-05;805;155;194051;64040;12.0;4.0
92;2021-04-06;3634;1954;197685;65994;12.2;4.1
92;2021-04-07;4983;2881;202668;68875;12.6;4.3
92;2021-04-08;5951;3170;208619;72045;12.9;4.5
92;2021-04-09;8023;3029;216642;75074;13.4;4.7
92;2021-04-10;2623;1290;219265;76364;13.6;4.7
92;2021-04-11;147;807;219412;77171;13.6;4.8
92;2021-04-12;3664;2514;223076;79685;13.8;4.9
92;2021-04-13;4371;4431;227447;84116;14.1;5.2
92;2021-04-14;4860;4036;232307;88152;14.4;5.5
92;2021-04-15;5287;3945;237594;92097;14.7;5.7
92;2021-04-16;5037;3846;242631;95943;15.0;5.9
92;2021-04-17;1790;1189;244421;97132;15.1;6.0
92;2021-04-18;338;94;244759;97226;15.2;6.0
92;2021-04-19;2792;2839;247551;100065;15.3;6.2
92;2021-04-20;4184;3749;251735;103814;15.6;6.4
92;2021-04-21;4601;4513;256336;108327;15.9;6.7
92;2021-04-22;4653;5118;260989;113445;16.2;7.0
92;2021-04-23;5208;4663;266197;118108;16.5;7.3
92;2021-04-24;4933;1907;271130;120015;16.8;7.4
92;2021-04-25;1788;149;272918;120164;16.9;7.4
92;2021-04-26;3987;3620;276905;123784;17.2;7.7
92;2021-04-27;6039;5258;282944;129042;17.5;8.0
92;2021-04-28;7368;4499;290312;133541;18.0;8.3
92;2021-04-29;7976;4774;298288;138315;18.5;8.6
92;2021-04-30;8829;4829;307117;143144;19.0;8.9
92;2021-05-01;1195;406;308312;143550;19.1;8.9
92;2021-05-02;658;137;308970;143687;19.1;8.9
92;2021-05-03;6773;3892;315743;147579;19.6;9.1
92;2021-05-04;10403;4363;326146;151942;20.2;9.4
92;2021-05-05;10067;5259;336213;157201;20.8;9.7
92;2021-05-06;11412;4908;347625;162109;21.5;10.0
92;2021-05-07;9852;5289;357477;167398;22.2;10.4
92;2021-05-08;7205;1923;364682;169321;22.6;10.5
92;2021-05-09;3783;601;368465;169922;22.8;10.5
92;2021-05-10;9523;3997;377988;173919;23.4;10.8
92;2021-05-11;13968;5691;391956;179610;24.3;11.1
92;2021-05-12;14262;4572;406218;184182;25.2;11.4
92;2021-05-13;9154;910;415372;185092;25.7;11.5
92;2021-05-14;12017;2313;427389;187405;26.5;11.6
92;2021-05-15;8380;1229;435769;188634;27.0;11.7
92;2021-05-16;4130;449;439899;189083;27.3;11.7
92;2021-05-17;10639;2220;450538;191303;27.9;11.9
92;2021-05-18;16370;3124;466908;194427;28.9;12.0
92;2021-05-19;16014;3722;482922;198149;29.9;12.3
92;2021-05-20;16824;3979;499746;202128;31.0;12.5
92;2021-05-21;14071;3639;513817;205767;31.8;12.8
92;2021-05-22;8306;1521;522123;207288;32.4;12.8
92;2021-05-23;4080;453;526203;207741;32.6;12.9
92;2021-05-24;6111;853;532314;208594;33.0;12.9
92;2021-05-25;13094;4551;545408;213145;33.8;13.2
92;2021-05-26;11917;5042;557325;218187;34.5;13.5
92;2021-05-27;12720;6320;570045;224507;35.3;13.9
92;2021-05-28;11217;6276;581262;230783;36.0;14.3
92;2021-05-29;5441;2301;586703;233084;36.4;14.4
92;2021-05-30;2245;387;588948;233471;36.5;14.5
92;2021-05-31;12046;5305;600994;238776;37.2;14.8
92;2021-06-01;12573;7641;613567;246417;38.0;15.3
92;2021-06-02;14353;7202;627920;253619;38.9;15.7
92;2021-06-03;14574;8021;642494;261640;39.8;16.2
92;2021-06-04;12214;8222;654708;269862;40.6;16.7
92;2021-06-05;7383;6255;662091;276117;41.0;17.1
92;2021-06-06;3582;1677;665673;277794;41.2;17.2
92;2021-06-07;11430;7630;677103;285424;42.0;17.7
92;2021-06-08;12742;9583;689845;295007;42.7;18.3
92;2021-06-09;11631;9465;701476;304472;43.5;18.9
92;2021-06-10;11937;10560;713413;315032;44.2;19.5
92;2021-06-11;8134;11028;721547;326060;44.7;20.2
92;2021-06-12;6353;5093;727900;331153;45.1;20.5
92;2021-06-13;3955;2712;731855;333865;45.4;20.7
92;2021-06-14;5003;11168;736858;345033;45.7;21.4
92;2021-06-15;6467;13133;743325;358166;46.1;22.2
92;2021-06-16;6923;12993;750248;371159;46.5;23.0
92;2021-06-17;7393;14003;757641;385162;46.9;23.9
92;2021-06-18;6878;14380;764519;399542;47.4;24.8
92;2021-06-19;3947;9106;768466;408648;47.6;25.3
92;2021-06-20;1958;5612;770424;414260;47.7;25.7
92;2021-06-21;4787;12269;775211;426529;48.0;26.4
92;2021-06-22;5855;17553;781066;444082;48.4;27.5
92;2021-06-23;5461;16003;786527;460085;48.7;28.5
92;2021-06-24;6163;15119;792690;475204;49.1;29.4
92;2021-06-25;5088;16090;797778;491294;49.4;30.4
92;2021-06-26;4062;10447;801840;501741;49.7;31.1
92;2021-06-27;1853;6050;803693;507791;49.8;31.5
92;2021-06-28;3648;12050;807341;519841;50.0;32.2
92;2021-06-29;4651;18154;811992;537995;50.3;33.3
92;2021-06-30;4332;16216;816324;554211;50.6;34.3
92;2021-07-01;5297;16305;821621;570516;50.9;35.4
92;2021-07-02;4770;15267;826391;585783;51.2;36.3
92;2021-07-03;3288;10178;829679;595961;51.4;36.9
92;2021-07-04;1109;4205;830788;600166;51.5;37.2
92;2021-07-05;4742;12322;835530;612488;51.8;38.0
92;2021-07-06;5189;15791;840719;628279;52.1;38.9
92;2021-07-07;4205;11444;844924;639723;52.4;39.6
92;2021-07-08;5359;14640;850283;654363;52.7;40.5
92;2021-07-09;5811;14185;856094;668548;53.0;41.4
92;2021-07-10;4160;8427;860254;676975;53.3;42.0
92;2021-07-11;1460;2617;861714;679592;53.4;42.1
92;2021-07-12;4313;14614;866027;694206;53.7;43.0
92;2021-07-13;7784;17424;873811;711630;54.1;44.1
92;2021-07-14;5034;5724;878845;717354;54.5;44.5
92;2021-07-15;9475;16220;888320;733574;55.0;45.5
92;2021-07-16;8969;14132;897289;747706;55.6;46.3
92;2021-07-17;6487;7577;903776;755283;56.0;46.8
92;2021-07-18;1811;2476;905587;757759;56.1;47.0
92;2021-07-19;6408;13162;911995;770921;56.5;47.8
92;2021-07-20;9948;14032;921943;784953;57.1;48.6
92;2021-07-21;10342;12044;932285;796997;57.8;49.4
92;2021-07-22;11863;12895;944148;809892;58.5;50.2
92;2021-07-23;11481;11256;955629;821148;59.2;50.9
92;2021-07-24;6579;6187;962208;827335;59.6;51.3
92;2021-07-25;2753;2294;964961;829629;59.8;51.4
92;2021-07-26;9373;9157;974334;838786;60.4;52.0
92;2021-07-27;11371;9505;985705;848291;61.1;52.6
92;2021-07-28;11154;8020;996859;856311;61.8;53.1
93;2020-12-27;10;3;10;3;0.0;0.0
93;2020-12-28;2;0;12;3;0.0;0.0
93;2020-12-29;0;0;12;3;0.0;0.0
93;2020-12-30;43;0;55;3;0.0;0.0
93;2020-12-31;4;0;59;3;0.0;0.0
93;2021-01-01;5;0;64;3;0.0;0.0
93;2021-01-02;0;0;64;3;0.0;0.0
93;2021-01-03;1;0;65;3;0.0;0.0
93;2021-01-04;0;0;65;3;0.0;0.0
93;2021-01-05;59;0;124;3;0.0;0.0
93;2021-01-06;179;0;303;3;0.0;0.0
93;2021-01-07;374;3;677;6;0.0;0.0
93;2021-01-08;630;1;1307;7;0.1;0.0
93;2021-01-09;21;0;1328;7;0.1;0.0
93;2021-01-10;2;0;1330;7;0.1;0.0
93;2021-01-11;500;5;1830;12;0.1;0.0
93;2021-01-12;750;5;2580;17;0.2;0.0
93;2021-01-13;750;4;3330;21;0.2;0.0
93;2021-01-14;681;17;4011;38;0.2;0.0
93;2021-01-15;513;2;4524;40;0.3;0.0
93;2021-01-16;135;3;4659;43;0.3;0.0
93;2021-01-17;5;1;4664;44;0.3;0.0
93;2021-01-18;1193;7;5857;51;0.4;0.0
93;2021-01-19;1609;15;7466;66;0.4;0.0
93;2021-01-20;1555;11;9021;77;0.5;0.0
93;2021-01-21;1916;15;10937;92;0.7;0.0
93;2021-01-22;1382;14;12319;106;0.7;0.0
93;2021-01-23;711;8;13030;114;0.8;0.0
93;2021-01-24;0;0;13030;114;0.8;0.0
93;2021-01-25;1202;13;14232;127;0.9;0.0
93;2021-01-26;1289;36;15521;163;0.9;0.0
93;2021-01-27;2152;53;17673;216;1.1;0.0
93;2021-01-28;2260;201;19933;417;1.2;0.0
93;2021-01-29;1618;230;21551;647;1.3;0.0
93;2021-01-30;925;45;22476;692;1.3;0.0
93;2021-01-31;3;7;22479;699;1.3;0.0
93;2021-02-01;1178;171;23657;870;1.4;0.1
93;2021-02-02;1162;311;24819;1181;1.5;0.1
93;2021-02-03;1229;398;26048;1579;1.6;0.1
93;2021-02-04;921;565;26969;2144;1.6;0.1
93;2021-02-05;798;435;27767;2579;1.7;0.2
93;2021-02-06;693;70;28460;2649;1.7;0.2
93;2021-02-07;2;0;28462;2649;1.7;0.2
93;2021-02-08;909;648;29371;3297;1.8;0.2
93;2021-02-09;851;601;30222;3898;1.8;0.2
93;2021-02-10;879;679;31101;4577;1.9;0.3
93;2021-02-11;1239;831;32340;5408;1.9;0.3
93;2021-02-12;1040;639;33380;6047;2.0;0.4
93;2021-02-13;393;263;33773;6310;2.0;0.4
93;2021-02-14;12;59;33785;6369;2.0;0.4
93;2021-02-15;410;1284;34195;7653;2.0;0.5
93;2021-02-16;543;1240;34738;8893;2.1;0.5
93;2021-02-17;544;1771;35282;10664;2.1;0.6
93;2021-02-18;1133;1880;36415;12544;2.2;0.8
93;2021-02-19;990;1540;37405;14084;2.2;0.8
93;2021-02-20;303;668;37708;14752;2.3;0.9
93;2021-02-21;7;23;37715;14775;2.3;0.9
93;2021-02-22;598;1299;38313;16074;2.3;1.0
93;2021-02-23;562;1127;38875;17201;2.3;1.0
93;2021-02-24;642;1230;39517;18431;2.4;1.1
93;2021-02-25;896;1075;40413;19506;2.4;1.2
93;2021-02-26;1119;981;41532;20487;2.5;1.2
93;2021-02-27;541;623;42073;21110;2.5;1.3
93;2021-02-28;88;56;42161;21166;2.5;1.3
93;2021-03-01;1083;1076;43244;22242;2.6;1.3
93;2021-03-02;1443;1147;44687;23389;2.7;1.4
93;2021-03-03;1733;1189;46420;24578;2.8;1.5
93;2021-03-04;2708;1111;49128;25689;2.9;1.5
93;2021-03-05;3812;878;52940;26567;3.2;1.6
93;2021-03-06;5047;556;57987;27123;3.5;1.6
93;2021-03-07;4298;181;62285;27304;3.7;1.6
93;2021-03-08;2031;1249;64316;28553;3.9;1.7
93;2021-03-09;2913;952;67229;29505;4.0;1.8
93;2021-03-10;2854;1094;70083;30599;4.2;1.8
93;2021-03-11;3532;1226;73615;31825;4.4;1.9
93;2021-03-12;4126;1267;77741;33092;4.7;2.0
93;2021-03-13;4288;608;82029;33700;4.9;2.0
93;2021-03-14;876;63;82905;33763;5.0;2.0
93;2021-03-15;3550;669;86455;34432;5.2;2.1
93;2021-03-16;3152;612;89607;35044;5.4;2.1
93;2021-03-17;2643;590;92250;35634;5.5;2.1
93;2021-03-18;3305;709;95555;36343;5.7;2.2
93;2021-03-19;3764;628;99319;36971;5.9;2.2
93;2021-03-20;3461;273;102780;37244;6.2;2.2
93;2021-03-21;811;269;103591;37513;6.2;2.2
93;2021-03-22;3844;599;107435;38112;6.4;2.3
93;2021-03-23;4750;780;112185;38892;6.7;2.3
93;2021-03-24;4107;669;116292;39561;7.0;2.4
93;2021-03-25;5574;824;121866;40385;7.3;2.4
93;2021-03-26;5542;871;127408;41256;7.6;2.5
93;2021-03-27;4276;299;131684;41555;7.9;2.5
93;2021-03-28;608;40;132292;41595;7.9;2.5
93;2021-03-29;3853;955;136145;42550;8.2;2.5
93;2021-03-30;4724;1253;140869;43803;8.4;2.6
93;2021-03-31;3911;1227;144780;45030;8.7;2.7
93;2021-04-01;4050;3127;148830;48157;8.9;2.9
93;2021-04-02;3217;3548;152047;51705;9.1;3.1
93;2021-04-03;2517;2248;154564;53953;9.3;3.2
93;2021-04-04;760;153;155324;54106;9.3;3.2
93;2021-04-05;706;87;156030;54193;9.3;3.2
93;2021-04-06;4556;2330;160586;56523;9.6;3.4
93;2021-04-07;4899;2077;165485;58600;9.9;3.5
93;2021-04-08;5807;2666;171292;61266;10.3;3.7
93;2021-04-09;6088;3159;177380;64425;10.6;3.9
93;2021-04-10;4194;2468;181574;66893;10.9;4.0
93;2021-04-11;575;426;182149;67319;10.9;4.0
93;2021-04-12;4094;2927;186243;70246;11.2;4.2
93;2021-04-13;4602;3651;190845;73897;11.4;4.4
93;2021-04-14;4360;2463;195205;76360;11.7;4.6
93;2021-04-15;4555;3020;199760;79380;12.0;4.8
93;2021-04-16;4430;2985;204190;82365;12.2;4.9
93;2021-04-17;3514;2505;207704;84870;12.4;5.1
93;2021-04-18;289;435;207993;85305;12.5;5.1
93;2021-04-19;3767;2849;211760;88154;12.7;5.3
93;2021-04-20;4301;3273;216061;91427;12.9;5.5
93;2021-04-21;4140;2765;220201;94192;13.2;5.6
93;2021-04-22;4507;4007;224708;98199;13.5;5.9
93;2021-04-23;5610;3220;230318;101419;13.8;6.1
93;2021-04-24;5926;3319;236244;104738;14.1;6.3
93;2021-04-25;1732;587;237976;105325;14.2;6.3
93;2021-04-26;4853;3075;242829;108400;14.5;6.5
93;2021-04-27;6453;3628;249282;112028;14.9;6.7
93;2021-04-28;6070;3417;255352;115445;15.3;6.9
93;2021-04-29;7297;3233;262649;118678;15.7;7.1
93;2021-04-30;8258;3103;270907;121781;16.2;7.3
93;2021-05-01;4946;1183;275853;122964;16.5;7.4
93;2021-05-02;417;647;276270;123611;16.5;7.4
93;2021-05-03;8152;5106;284422;128717;17.0;7.7
93;2021-05-04;7824;5405;292246;134122;17.5;8.0
93;2021-05-05;7573;4800;299819;138922;18.0;8.3
93;2021-05-06;8233;4762;308052;143684;18.4;8.6
93;2021-05-07;6997;5416;315049;149100;18.9;8.9
93;2021-05-08;8349;2381;323398;151481;19.4;9.1
93;2021-05-09;6117;1363;329515;152844;19.7;9.2
93;2021-05-10;8246;4066;337761;156910;20.2;9.4
93;2021-05-11;9294;4799;347055;161709;20.8;9.7
93;2021-05-12;9175;3652;356230;165361;21.3;9.9
93;2021-05-13;8288;1654;364518;167015;21.8;10.0
93;2021-05-14;10420;3535;374938;170550;22.4;10.2
93;2021-05-15;11125;2997;386063;173547;23.1;10.4
93;2021-05-16;5554;727;391617;174274;23.4;10.4
93;2021-05-17;11894;2256;403511;176530;24.2;10.6
93;2021-05-18;14093;2378;417604;178908;25.0;10.7
93;2021-05-19;11430;2941;429034;181849;25.7;10.9
93;2021-05-20;12609;3474;441643;185323;26.4;11.1
93;2021-05-21;13001;2881;454644;188204;27.2;11.3
93;2021-05-22;12375;2195;467019;190399;28.0;11.4
93;2021-05-23;8479;1099;475498;191498;28.5;11.5
93;2021-05-24;11197;1940;486695;193438;29.1;11.6
93;2021-05-25;12282;4305;498977;197743;29.9;11.8
93;2021-05-26;11060;3742;510037;201485;30.5;12.1
93;2021-05-27;12690;3873;522727;205358;31.3;12.3
93;2021-05-28;12648;5244;535375;210602;32.1;12.6
93;2021-05-29;11390;4257;546765;214859;32.7;12.9
93;2021-05-30;8210;1368;554975;216227;33.2;12.9
93;2021-05-31;9174;5169;564149;221396;33.8;13.3
93;2021-06-01;11305;6262;575454;227658;34.5;13.6
93;2021-06-02;10110;5170;585564;232828;35.1;13.9
93;2021-06-03;10757;5504;596321;238332;35.7;14.3
93;2021-06-04;10521;7782;606842;246114;36.3;14.7
93;2021-06-05;8984;7343;615826;253457;36.9;15.2
93;2021-06-06;8379;1734;624205;255191;37.4;15.3
93;2021-06-07;9970;7506;634175;262697;38.0;15.7
93;2021-06-08;10331;7363;644506;270060;38.6;16.2
93;2021-06-09;10191;7276;654697;277336;39.2;16.6
93;2021-06-10;8854;8160;663551;285496;39.7;17.1
93;2021-06-11;8759;8804;672310;294300;40.3;17.6
93;2021-06-12;9844;6638;682154;300938;40.8;18.0
93;2021-06-13;7154;2107;689308;303045;41.3;18.1
93;2021-06-14;5335;9716;694643;312761;41.6;18.7
93;2021-06-15;6174;9649;700817;322410;42.0;19.3
93;2021-06-16;6605;9048;707422;331458;42.4;19.8
93;2021-06-17;5696;8459;713118;339917;42.7;20.4
93;2021-06-18;7111;11122;720229;351039;43.1;21.0
93;2021-06-19;7043;11085;727272;362124;43.5;21.7
93;2021-06-20;4920;6861;732192;368985;43.8;22.1
93;2021-06-21;3909;10720;736101;379705;44.1;22.7
93;2021-06-22;4601;11301;740702;391006;44.3;23.4
93;2021-06-23;4485;10587;745187;401593;44.6;24.0
93;2021-06-24;4128;10298;749315;411891;44.9;24.7
93;2021-06-25;5087;13053;754402;424944;45.2;25.4
93;2021-06-26;5277;13917;759679;438861;45.5;26.3
93;2021-06-27;3269;7109;762948;445970;45.7;26.7
93;2021-06-28;3626;12499;766574;458469;45.9;27.5
93;2021-06-29;3967;12339;770541;470808;46.1;28.2
93;2021-06-30;4075;11291;774616;482099;46.4;28.9
93;2021-07-01;4820;11113;779436;493212;46.7;29.5
93;2021-07-02;4528;12315;783964;505527;46.9;30.3
93;2021-07-03;5222;13427;789186;518954;47.3;31.1
93;2021-07-04;3071;7882;792257;526836;47.4;31.5
93;2021-07-05;4282;10835;796539;537671;47.7;32.2
93;2021-07-06;4511;11745;801050;549416;48.0;32.9
93;2021-07-07;4882;11384;805932;560800;48.3;33.6
93;2021-07-08;4778;10252;810710;571052;48.5;34.2
93;2021-07-09;5328;12991;816038;584043;48.9;35.0
93;2021-07-10;5784;14259;821822;598302;49.2;35.8
93;2021-07-11;3645;9082;825467;607384;49.4;36.4
93;2021-07-12;5331;12043;830798;619427;49.7;37.1
93;2021-07-13;10877;13219;841675;632646;50.4;37.9
93;2021-07-14;10490;6725;852165;639371;51.0;38.3
93;2021-07-15;12135;14059;864300;653430;51.7;39.1
93;2021-07-16;12899;13602;877199;667032;52.5;39.9
93;2021-07-17;11171;13818;888370;680850;53.2;40.8
93;2021-07-18;7307;8890;895677;689740;53.6;41.3
93;2021-07-19;9478;10850;905155;700590;54.2;41.9
93;2021-07-20;12430;10599;917585;711189;54.9;42.6
93;2021-07-21;13989;10815;931574;722004;55.8;43.2
93;2021-07-22;13908;9321;945482;731325;56.6;43.8
93;2021-07-23;14277;10535;959759;741860;57.5;44.4
93;2021-07-24;13738;10511;973497;752371;58.3;45.0
93;2021-07-25;8864;6226;982361;758597;58.8;45.4
93;2021-07-26;12172;7655;994533;766252;59.5;45.9
93;2021-07-27;13212;7053;1007745;773305;60.3;46.3
93;2021-07-28;14160;7952;1021905;781257;61.2;46.8
94;2020-12-27;3;0;3;0;0.0;0.0
94;2020-12-28;7;0;10;0;0.0;0.0
94;2020-12-29;0;0;10;0;0.0;0.0
94;2020-12-30;0;0;10;0;0.0;0.0
94;2020-12-31;4;0;14;0;0.0;0.0
94;2021-01-01;2;0;16;0;0.0;0.0
94;2021-01-02;0;0;16;0;0.0;0.0
94;2021-01-03;1;0;17;0;0.0;0.0
94;2021-01-04;35;2;52;2;0.0;0.0
94;2021-01-05;230;2;282;4;0.0;0.0
94;2021-01-06;329;4;611;8;0.0;0.0
94;2021-01-07;689;9;1300;17;0.1;0.0
94;2021-01-08;921;9;2221;26;0.2;0.0
94;2021-01-09;47;0;2268;26;0.2;0.0
94;2021-01-10;18;0;2286;26;0.2;0.0
94;2021-01-11;1013;9;3299;35;0.2;0.0
94;2021-01-12;1341;27;4640;62;0.3;0.0
94;2021-01-13;1407;22;6047;84;0.4;0.0
94;2021-01-14;1535;26;7582;110;0.5;0.0
94;2021-01-15;1219;22;8801;132;0.6;0.0
94;2021-01-16;196;2;8997;134;0.6;0.0
94;2021-01-17;90;1;9087;135;0.6;0.0
94;2021-01-18;1486;28;10573;163;0.8;0.0
94;2021-01-19;1946;26;12519;189;0.9;0.0
94;2021-01-20;2174;19;14693;208;1.0;0.0
94;2021-01-21;2991;16;17684;224;1.3;0.0
94;2021-01-22;2171;17;19855;241;1.4;0.0
94;2021-01-23;728;2;20583;243;1.5;0.0
94;2021-01-24;284;0;20867;243;1.5;0.0
94;2021-01-25;1465;18;22332;261;1.6;0.0
94;2021-01-26;1558;18;23890;279;1.7;0.0
94;2021-01-27;1799;26;25689;305;1.8;0.0
94;2021-01-28;1532;132;27221;437;1.9;0.0
94;2021-01-29;1379;149;28600;586;2.0;0.0
94;2021-01-30;579;4;29179;590;2.1;0.0
94;2021-01-31;119;8;29298;598;2.1;0.0
94;2021-02-01;926;156;30224;754;2.1;0.1
94;2021-02-02;851;253;31075;1007;2.2;0.1
94;2021-02-03;759;377;31834;1384;2.3;0.1
94;2021-02-04;899;435;32733;1819;2.3;0.1
94;2021-02-05;870;577;33603;2396;2.4;0.2
94;2021-02-06;405;78;34008;2474;2.4;0.2
94;2021-02-07;118;0;34126;2474;2.4;0.2
94;2021-02-08;631;549;34757;3023;2.5;0.2
94;2021-02-09;1034;993;35791;4016;2.5;0.3
94;2021-02-10;1097;1373;36888;5389;2.6;0.4
94;2021-02-11;1425;1557;38313;6946;2.7;0.5
94;2021-02-12;1386;1658;39699;8604;2.8;0.6
94;2021-02-13;300;263;39999;8867;2.8;0.6
94;2021-02-14;29;72;40028;8939;2.8;0.6
94;2021-02-15;751;1786;40779;10725;2.9;0.8
94;2021-02-16;699;2763;41478;13488;2.9;1.0
94;2021-02-17;713;1590;42191;15078;3.0;1.1
94;2021-02-18;785;1741;42976;16819;3.1;1.2
94;2021-02-19;957;1469;43933;18288;3.1;1.3
94;2021-02-20;134;924;44067;19212;3.1;1.4
94;2021-02-21;20;186;44087;19398;3.1;1.4
94;2021-02-22;520;1352;44607;20750;3.2;1.5
94;2021-02-23;624;1288;45231;22038;3.2;1.6
94;2021-02-24;692;928;45923;22966;3.3;1.6
94;2021-02-25;1068;1578;46991;24544;3.3;1.7
94;2021-02-26;1315;1073;48306;25617;3.4;1.8
94;2021-02-27;514;553;48820;26170;3.5;1.9
94;2021-02-28;89;84;48909;26254;3.5;1.9
94;2021-03-01;877;947;49786;27201;3.5;1.9
94;2021-03-02;1565;995;51351;28196;3.7;2.0
94;2021-03-03;1940;1020;53291;29216;3.8;2.1
94;2021-03-04;2855;1188;56146;30404;4.0;2.2
94;2021-03-05;3828;1337;59974;31741;4.3;2.3
94;2021-03-06;4812;574;64786;32315;4.6;2.3
94;2021-03-07;3686;553;68472;32868;4.9;2.3
94;2021-03-08;1908;806;70380;33674;5.0;2.4
94;2021-03-09;2548;931;72928;34605;5.2;2.5
94;2021-03-10;3192;1034;76120;35639;5.4;2.5
94;2021-03-11;3832;929;79952;36568;5.7;2.6
94;2021-03-12;4567;807;84519;37375;6.0;2.7
94;2021-03-13;4127;381;88646;37756;6.3;2.7
94;2021-03-14;2112;143;90758;37899;6.5;2.7
94;2021-03-15;3164;781;93922;38680;6.7;2.8
94;2021-03-16;2771;446;96693;39126;6.9;2.8
94;2021-03-17;2854;452;99547;39578;7.1;2.8
94;2021-03-18;3254;429;102801;40007;7.3;2.8
94;2021-03-19;4267;695;107068;40702;7.6;2.9
94;2021-03-20;3693;290;110761;40992;7.9;2.9
94;2021-03-21;1458;386;112219;41378;8.0;2.9
94;2021-03-22;3214;671;115433;42049;8.2;3.0
94;2021-03-23;4507;726;119940;42775;8.5;3.0
94;2021-03-24;4619;610;124559;43385;8.9;3.1
94;2021-03-25;6320;653;130879;44038;9.3;3.1
94;2021-03-26;6081;828;136960;44866;9.7;3.2
94;2021-03-27;4472;262;141432;45128;10.1;3.2
94;2021-03-28;1888;108;143320;45236;10.2;3.2
94;2021-03-29;4124;1221;147444;46457;10.5;3.3
94;2021-03-30;5295;1348;152739;47805;10.9;3.4
94;2021-03-31;4898;1801;157637;49606;11.2;3.5
94;2021-04-01;5814;2308;163451;51914;11.6;3.7
94;2021-04-02;5240;2324;168691;54238;12.0;3.9
94;2021-04-03;3087;2516;171778;56754;12.2;4.0
94;2021-04-04;1050;780;172828;57534;12.3;4.1
94;2021-04-05;832;157;173660;57691;12.4;4.1
94;2021-04-06;3570;2599;177230;60290;12.6;4.3
94;2021-04-07;3840;2257;181070;62547;12.9;4.4
94;2021-04-08;4615;2046;185685;64593;13.2;4.6
94;2021-04-09;5353;2468;191038;67061;13.6;4.8
94;2021-04-10;2954;2998;193992;70059;13.8;5.0
94;2021-04-11;1264;1765;195256;71824;13.9;5.1
94;2021-04-12;3436;2275;198692;74099;14.1;5.3
94;2021-04-13;4306;3427;202998;77526;14.4;5.5
94;2021-04-14;3894;2693;206892;80219;14.7;5.7
94;2021-04-15;4439;2983;211331;83202;15.0;5.9
94;2021-04-16;4701;2835;216032;86037;15.4;6.1
94;2021-04-17;2458;2762;218490;88799;15.5;6.3
94;2021-04-18;917;1250;219407;90049;15.6;6.4
94;2021-04-19;2972;2438;222379;92487;15.8;6.6
94;2021-04-20;3268;2702;225647;95189;16.0;6.8
94;2021-04-21;3216;3157;228863;98346;16.3;7.0
94;2021-04-22;3903;3641;232766;101987;16.6;7.3
94;2021-04-23;4106;3982;236872;105969;16.8;7.5
94;2021-04-24;4264;3398;241136;109367;17.1;7.8
94;2021-04-25;2411;1499;243547;110866;17.3;7.9
94;2021-04-26;4004;3270;247551;114136;17.6;8.1
94;2021-04-27;5086;3362;252637;117498;18.0;8.4
94;2021-04-28;4826;3620;257463;121118;18.3;8.6
94;2021-04-29;6407;3787;263870;124905;18.8;8.9
94;2021-04-30;6478;3924;270348;128829;19.2;9.2
94;2021-05-01;4055;1053;274403;129882;19.5;9.2
94;2021-05-02;3053;1468;277456;131350;19.7;9.3
94;2021-05-03;5731;5347;283187;136697;20.1;9.7
94;2021-05-04;6093;3565;289280;140262;20.6;10.0
94;2021-05-05;6178;3417;295458;143679;21.0;10.2
94;2021-05-06;7152;3530;302610;147209;21.5;10.5
94;2021-05-07;6659;4115;309269;151324;22.0;10.8
94;2021-05-08;4893;2541;314162;153865;22.3;10.9
94;2021-05-09;4226;2241;318388;156106;22.6;11.1
94;2021-05-10;7712;3124;326100;159230;23.2;11.3
94;2021-05-11;8969;3929;335069;163159;23.8;11.6
94;2021-05-12;9570;3604;344639;166763;24.5;11.9
94;2021-05-13;8674;1370;353313;168133;25.1;12.0
94;2021-05-14;9860;3316;363173;171449;25.8;12.2
94;2021-05-15;8936;2165;372109;173614;26.5;12.3
94;2021-05-16;5067;905;377176;174519;26.8;12.4
94;2021-05-17;10838;2244;388014;176763;27.6;12.6
94;2021-05-18;11290;2448;399304;179211;28.4;12.7
94;2021-05-19;11667;3593;410971;182804;29.2;13.0
94;2021-05-20;12139;4358;423110;187162;30.1;13.3
94;2021-05-21;11856;3147;434966;190309;30.9;13.5
94;2021-05-22;10291;1969;445257;192278;31.7;13.7
94;2021-05-23;5000;714;450257;192992;32.0;13.7
94;2021-05-24;9657;1346;459914;194338;32.7;13.8
94;2021-05-25;9988;4262;469902;198600;33.4;14.1
94;2021-05-26;10265;3302;480167;201902;34.2;14.4
94;2021-05-27;10854;4572;491021;206474;34.9;14.7
94;2021-05-28;10443;4955;501464;211429;35.7;15.0
94;2021-05-29;9874;3446;511338;214875;36.4;15.3
94;2021-05-30;4785;926;516123;215801;36.7;15.3
94;2021-05-31;9975;4228;526098;220029;37.4;15.6
94;2021-06-01;10225;5100;536323;225129;38.1;16.0
94;2021-06-02;9299;4585;545622;229714;38.8;16.3
94;2021-06-03;9513;5587;555135;235301;39.5;16.7
94;2021-06-04;10354;6522;565489;241823;40.2;17.2
94;2021-06-05;9192;6255;574681;248078;40.9;17.6
94;2021-06-06;3976;1848;578657;249926;41.2;17.8
94;2021-06-07;8649;5964;587306;255890;41.8;18.2
94;2021-06-08;8978;7525;596284;263415;42.4;18.7
94;2021-06-09;8915;8154;605199;271569;43.0;19.3
94;2021-06-10;8768;10972;613967;282541;43.7;20.1
94;2021-06-11;7811;8381;621778;290922;44.2;20.7
94;2021-06-12;10243;6822;632021;297744;45.0;21.2
94;2021-06-13;3467;3253;635488;300997;45.2;21.4
94;2021-06-14;6919;8219;642407;309216;45.7;22.0
94;2021-06-15;7692;8803;650099;318019;46.2;22.6
94;2021-06-16;7198;8266;657297;326285;46.7;23.2
94;2021-06-17;6657;9051;663954;335336;47.2;23.8
94;2021-06-18;6447;11947;670401;347283;47.7;24.7
94;2021-06-19;5999;9580;676400;356863;48.1;25.4
94;2021-06-20;1884;4007;678284;360870;48.2;25.7
94;2021-06-21;4437;11186;682721;372056;48.6;26.5
94;2021-06-22;4774;10814;687495;382870;48.9;27.2
94;2021-06-23;4103;11151;691598;394021;49.2;28.0
94;2021-06-24;4932;10318;696530;404339;49.5;28.8
94;2021-06-25;4240;13738;700770;418077;49.8;29.7
94;2021-06-26;3127;11984;703897;430061;50.1;30.6
94;2021-06-27;1039;5003;704936;435064;50.1;30.9
94;2021-06-28;3397;12074;708333;447138;50.4;31.8
94;2021-06-29;3994;12173;712327;459311;50.7;32.7
94;2021-06-30;3950;11619;716277;470930;50.9;33.5
94;2021-07-01;4272;11088;720549;482018;51.2;34.3
94;2021-07-02;4084;12174;724633;494192;51.5;35.1
94;2021-07-03;3573;11796;728206;505988;51.8;36.0
94;2021-07-04;1501;5079;729707;511067;51.9;36.3
94;2021-07-05;3425;11410;733132;522477;52.1;37.2
94;2021-07-06;3766;10876;736898;533353;52.4;37.9
94;2021-07-07;4112;11057;741010;544410;52.7;38.7
94;2021-07-08;4435;10006;745445;554416;53.0;39.4
94;2021-07-09;4181;11823;749626;566239;53.3;40.3
94;2021-07-10;3566;11358;753192;577597;53.6;41.1
94;2021-07-11;1464;4715;754656;582312;53.7;41.4
94;2021-07-12;3545;11942;758201;594254;53.9;42.3
94;2021-07-13;5691;11973;763892;606227;54.3;43.1
94;2021-07-14;3997;5266;767889;611493;54.6;43.5
94;2021-07-15;6245;12322;774134;623815;55.1;44.4
94;2021-07-16;6712;11250;780846;635065;55.5;45.2
94;2021-07-17;5590;11294;786436;646359;55.9;46.0
94;2021-07-18;2585;4009;789021;650368;56.1;46.3
94;2021-07-19;5821;10399;794842;660767;56.5;47.0
94;2021-07-20;7780;10311;802622;671078;57.1;47.7
94;2021-07-21;8321;9481;810943;680559;57.7;48.4
94;2021-07-22;9250;9327;820193;689886;58.3;49.1
94;2021-07-23;8629;9326;828822;699212;58.9;49.7
94;2021-07-24;7100;8807;835922;708019;59.5;50.4
94;2021-07-25;2179;2722;838101;710741;59.6;50.5
94;2021-07-26;7511;7970;845612;718711;60.1;51.1
94;2021-07-27;8505;7029;854117;725740;60.7;51.6
94;2021-07-28;8637;6413;862754;732153;61.4;52.1
95;2020-12-27;2;0;2;0;0.0;0.0
95;2020-12-28;4;0;6;0;0.0;0.0
95;2020-12-29;0;0;6;0;0.0;0.0
95;2020-12-30;0;0;6;0;0.0;0.0
95;2020-12-31;1;0;7;0;0.0;0.0
95;2021-01-01;0;0;7;0;0.0;0.0
95;2021-01-02;12;0;19;0;0.0;0.0
95;2021-01-03;1;0;20;0;0.0;0.0
95;2021-01-04;48;0;68;0;0.0;0.0
95;2021-01-05;290;0;358;0;0.0;0.0
95;2021-01-06;183;0;541;0;0.0;0.0
95;2021-01-07;130;0;671;0;0.1;0.0
95;2021-01-08;270;1;941;1;0.1;0.0
95;2021-01-09;251;0;1192;1;0.1;0.0
95;2021-01-10;382;1;1574;2;0.1;0.0
95;2021-01-11;482;1;2056;3;0.2;0.0
95;2021-01-12;862;1;2918;4;0.2;0.0
95;2021-01-13;781;13;3699;17;0.3;0.0
95;2021-01-14;879;11;4578;28;0.4;0.0
95;2021-01-15;754;4;5332;32;0.4;0.0
95;2021-01-16;297;3;5629;35;0.5;0.0
95;2021-01-17;218;1;5847;36;0.5;0.0
95;2021-01-18;1336;4;7183;40;0.6;0.0
95;2021-01-19;1570;4;8753;44;0.7;0.0
95;2021-01-20;2033;5;10786;49;0.9;0.0
95;2021-01-21;1852;3;12638;52;1.0;0.0
95;2021-01-22;1318;5;13956;57;1.1;0.0
95;2021-01-23;647;0;14603;57;1.2;0.0
95;2021-01-24;181;0;14784;57;1.2;0.0
95;2021-01-25;795;37;15579;94;1.2;0.0
95;2021-01-26;982;159;16561;253;1.3;0.0
95;2021-01-27;1248;191;17809;444;1.4;0.0
95;2021-01-28;1718;36;19527;480;1.6;0.0
95;2021-01-29;1245;210;20772;690;1.7;0.1
95;2021-01-30;477;5;21249;695;1.7;0.1
95;2021-01-31;211;2;21460;697;1.7;0.1
95;2021-02-01;564;276;22024;973;1.8;0.1
95;2021-02-02;528;268;22552;1241;1.8;0.1
95;2021-02-03;611;520;23163;1761;1.9;0.1
95;2021-02-04;1064;368;24227;2129;1.9;0.2
95;2021-02-05;731;309;24958;2438;2.0;0.2
95;2021-02-06;335;258;25293;2696;2.0;0.2
95;2021-02-07;140;421;25433;3117;2.0;0.2
95;2021-02-08;762;345;26195;3462;2.1;0.3
95;2021-02-09;1127;1090;27322;4552;2.2;0.4
95;2021-02-10;1254;1411;28576;5963;2.3;0.5
95;2021-02-11;1383;1146;29959;7109;2.4;0.6
95;2021-02-12;1030;992;30989;8101;2.5;0.6
95;2021-02-13;329;318;31318;8419;2.5;0.7
95;2021-02-14;37;194;31355;8613;2.5;0.7
95;2021-02-15;423;1066;31778;9679;2.5;0.8
95;2021-02-16;492;926;32270;10605;2.6;0.8
95;2021-02-17;652;1141;32922;11746;2.6;0.9
95;2021-02-18;721;1699;33643;13445;2.7;1.1
95;2021-02-19;783;1310;34426;14755;2.8;1.2
95;2021-02-20;305;493;34731;15248;2.8;1.2
95;2021-02-21;165;319;34896;15567;2.8;1.2
95;2021-02-22;327;1027;35223;16594;2.8;1.3
95;2021-02-23;367;731;35590;17325;2.9;1.4
95;2021-02-24;308;884;35898;18209;2.9;1.5
95;2021-02-25;721;1133;36619;19342;2.9;1.5
95;2021-02-26;987;888;37606;20230;3.0;1.6
95;2021-02-27;365;432;37971;20662;3.0;1.7
95;2021-02-28;61;236;38032;20898;3.0;1.7
95;2021-03-01;769;595;38801;21493;3.1;1.7
95;2021-03-02;1315;854;40116;22347;3.2;1.8
95;2021-03-03;1590;981;41706;23328;3.3;1.9
95;2021-03-04;3187;1193;44893;24521;3.6;2.0
95;2021-03-05;3652;1090;48545;25611;3.9;2.1
95;2021-03-06;4001;493;52546;26104;4.2;2.1
95;2021-03-07;4213;305;56759;26409;4.5;2.1
95;2021-03-08;1541;859;58300;27268;4.7;2.2
95;2021-03-09;2622;496;60922;27764;4.9;2.2
95;2021-03-10;2341;846;63263;28610;5.1;2.3
95;2021-03-11;3137;1138;66400;29748;5.3;2.4
95;2021-03-12;3515;783;69915;30531;5.6;2.4
95;2021-03-13;3514;407;73429;30938;5.9;2.5
95;2021-03-14;1982;287;75411;31225;6.0;2.5
95;2021-03-15;2370;318;77781;31543;6.2;2.5
95;2021-03-16;1570;409;79351;31952;6.4;2.6
95;2021-03-17;2100;409;81451;32361;6.5;2.6
95;2021-03-18;2795;363;84246;32724;6.7;2.6
95;2021-03-19;3467;351;87713;33075;7.0;2.6
95;2021-03-20;2590;198;90303;33273;7.2;2.7
95;2021-03-21;1198;230;91501;33503;7.3;2.7
95;2021-03-22;2936;361;94437;33864;7.6;2.7
95;2021-03-23;3431;449;97868;34313;7.8;2.7
95;2021-03-24;3930;495;101798;34808;8.2;2.8
95;2021-03-25;5852;635;107650;35443;8.6;2.8
95;2021-03-26;5427;663;113077;36106;9.1;2.9
95;2021-03-27;3745;199;116822;36305;9.4;2.9
95;2021-03-28;1531;109;118353;36414;9.5;2.9
95;2021-03-29;2891;572;121244;36986;9.7;3.0
95;2021-03-30;3878;1212;125122;38198;10.0;3.1
95;2021-03-31;3653;1653;128775;39851;10.3;3.2
95;2021-04-01;5475;2249;134250;42100;10.8;3.4
95;2021-04-02;3543;2747;137793;44847;11.0;3.6
95;2021-04-03;2091;2484;139884;47331;11.2;3.8
95;2021-04-04;1246;1183;141130;48514;11.3;3.9
95;2021-04-05;592;64;141722;48578;11.4;3.9
95;2021-04-06;1856;1535;143578;50113;11.5;4.0
95;2021-04-07;4946;2158;148524;52271;11.9;4.2
95;2021-04-08;4886;2447;153410;54718;12.3;4.4
95;2021-04-09;5427;2318;158837;57036;12.7;4.6
95;2021-04-10;3706;1426;162543;58462;13.0;4.7
95;2021-04-11;1565;1030;164108;59492;13.1;4.8
95;2021-04-12;3240;1607;167348;61099;13.4;4.9
95;2021-04-13;3140;1672;170488;62771;13.7;5.0
95;2021-04-14;2745;1988;173233;64759;13.9;5.2
95;2021-04-15;3892;3317;177125;68076;14.2;5.5
95;2021-04-16;4063;3018;181188;71094;14.5;5.7
95;2021-04-17;2373;1755;183561;72849;14.7;5.8
95;2021-04-18;1508;1021;185069;73870;14.8;5.9
95;2021-04-19;2565;2365;187634;76235;15.0;6.1
95;2021-04-20;2115;2452;189749;78687;15.2;6.3
95;2021-04-21;3927;2629;193676;81316;15.5;6.5
95;2021-04-22;3410;4618;197086;85934;15.8;6.9
95;2021-04-23;2765;3554;199851;89488;16.0;7.2
95;2021-04-24;3568;2576;203419;92064;16.3;7.4
95;2021-04-25;1959;1548;205378;93612;16.5;7.5
95;2021-04-26;2747;2701;208125;96313;16.7;7.7
95;2021-04-27;3847;2162;211972;98475;17.0;7.9
95;2021-04-28;3887;2664;215859;101139;17.3;8.1
95;2021-04-29;6135;4535;221994;105674;17.8;8.5
95;2021-04-30;6903;2931;228897;108605;18.3;8.7
95;2021-05-01;2366;915;231263;109520;18.5;8.8
95;2021-05-02;2444;1495;233707;111015;18.7;8.9
95;2021-05-03;5077;1906;238784;112921;19.1;9.0
95;2021-05-04;6348;2715;245132;115636;19.6;9.3
95;2021-05-05;5141;3809;250273;119445;20.0;9.6
95;2021-05-06;8199;4923;258472;124368;20.7;10.0
95;2021-05-07;5776;4747;264248;129115;21.2;10.3
95;2021-05-08;5739;1526;269987;130641;21.6;10.5
95;2021-05-09;2827;1566;272814;132207;21.9;10.6
95;2021-05-10;9943;3167;282757;135374;22.7;10.8
95;2021-05-11;8445;3452;291202;138826;23.3;11.1
95;2021-05-12;9458;3212;300660;142038;24.1;11.4
95;2021-05-13;7953;1201;308613;143239;24.7;11.5
95;2021-05-14;7010;1901;315623;145140;25.3;11.6
95;2021-05-15;4510;1067;320133;146207;25.6;11.7
95;2021-05-16;4817;819;324950;147026;26.0;11.8
95;2021-05-17;7729;1340;332679;148366;26.6;11.9
95;2021-05-18;9456;1854;342135;150220;27.4;12.0
95;2021-05-19;9242;2512;351377;152732;28.1;12.2
95;2021-05-20;12577;2434;363954;155166;29.2;12.4
95;2021-05-21;10174;2532;374128;157698;30.0;12.6
95;2021-05-22;9399;1541;383527;159239;30.7;12.8
95;2021-05-23;4138;939;387665;160178;31.1;12.8
95;2021-05-24;2394;539;390059;160717;31.2;12.9
95;2021-05-25;7203;2076;397262;162793;31.8;13.0
95;2021-05-26;8846;3113;406108;165906;32.5;13.3
95;2021-05-27;10356;4422;416464;170328;33.4;13.6
95;2021-05-28;7681;4422;424145;174750;34.0;14.0
95;2021-05-29;5260;2761;429405;177511;34.4;14.2
95;2021-05-30;3728;1691;433133;179202;34.7;14.4
95;2021-05-31;6422;3323;439555;182525;35.2;14.6
95;2021-06-01;8619;3790;448174;186315;35.9;14.9
95;2021-06-02;8647;4734;456821;191049;36.6;15.3
95;2021-06-03;8472;6549;465293;197598;37.3;15.8
95;2021-06-04;8822;4399;474115;201997;38.0;16.2
95;2021-06-05;8335;3734;482450;205731;38.6;16.5
95;2021-06-06;4824;1590;487274;207321;39.0;16.6
95;2021-06-07;5981;4537;493255;211858;39.5;17.0
95;2021-06-08;6469;5510;499724;217368;40.0;17.4
95;2021-06-09;5866;6460;505590;223828;40.5;17.9
95;2021-06-10;6265;6798;511855;230626;41.0;18.5
95;2021-06-11;7084;6430;518939;237056;41.6;19.0
95;2021-06-12;5996;4371;524935;241427;42.1;19.3
95;2021-06-13;2068;3282;527003;244709;42.2;19.6
95;2021-06-14;4632;5968;531635;250677;42.6;20.1
95;2021-06-15;3999;8025;535634;258702;42.9;20.7
95;2021-06-16;5113;7530;540747;266232;43.3;21.3
95;2021-06-17;6364;8149;547111;274381;43.8;22.0
95;2021-06-18;5333;7842;552444;282223;44.3;22.6
95;2021-06-19;4952;8922;557396;291145;44.7;23.3
95;2021-06-20;1410;3307;558806;294452;44.8;23.6
95;2021-06-21;2980;7699;561786;302151;45.0;24.2
95;2021-06-22;4706;9022;566492;311173;45.4;24.9
95;2021-06-23;4627;10868;571119;322041;45.7;25.8
95;2021-06-24;4859;10708;575978;332749;46.1;26.7
95;2021-06-25;4753;10344;580731;343093;46.5;27.5
95;2021-06-26;4254;8471;584985;351564;46.9;28.2
95;2021-06-27;976;3988;585961;355552;46.9;28.5
95;2021-06-28;2643;9482;588604;365034;47.2;29.2
95;2021-06-29;2481;8772;591085;373806;47.3;29.9
95;2021-06-30;3854;9982;594939;383788;47.7;30.7
95;2021-07-01;4120;11147;599059;394935;48.0;31.6
95;2021-07-02;4021;10532;603080;405467;48.3;32.5
95;2021-07-03;3515;9150;606595;414617;48.6;33.2
95;2021-07-04;1252;3398;607847;418015;48.7;33.5
95;2021-07-05;2276;4372;610123;422387;48.9;33.8
95;2021-07-06;2596;7747;612719;430134;49.1;34.5
95;2021-07-07;3912;9614;616631;439748;49.4;35.2
95;2021-07-08;5215;9773;621846;449521;49.8;36.0
95;2021-07-09;4451;10049;626297;459570;50.2;36.8
95;2021-07-10;3379;7391;629676;466961;50.4;37.4
95;2021-07-11;1474;3608;631150;470569;50.6;37.7
95;2021-07-12;2918;9671;634068;480240;50.8;38.5
95;2021-07-13;5011;10033;639079;490273;51.2;39.3
95;2021-07-14;4309;5694;643388;495967;51.5;39.7
95;2021-07-15;7148;12251;650536;508218;52.1;40.7
95;2021-07-16;7851;11937;658387;520155;52.7;41.7
95;2021-07-17;5020;7801;663407;527956;53.1;42.3
95;2021-07-18;3318;2859;666725;530815;53.4;42.5
95;2021-07-19;4722;6827;671447;537642;53.8;43.1
95;2021-07-20;6789;8329;678236;545971;54.3;43.7
95;2021-07-21;9137;9371;687373;555342;55.1;44.5
95;2021-07-22;9847;9629;697220;564971;55.9;45.3
95;2021-07-23;10749;10141;707969;575112;56.7;46.1
95;2021-07-24;5219;6206;713188;581318;57.1;46.6
95;2021-07-25;2138;2264;715326;583582;57.3;46.7
95;2021-07-26;4455;3985;719781;587567;57.7;47.1
95;2021-07-27;8354;6987;728135;594554;58.3;47.6
95;2021-07-28;9574;7456;737709;602010;59.1;48.2
971;2020-12-27;0;0;0;0;0.0;0.0
971;2020-12-28;0;0;0;0;0.0;0.0
971;2020-12-29;0;0;0;0;0.0;0.0
971;2020-12-30;0;0;0;0;0.0;0.0
971;2020-12-31;0;0;0;0;0.0;0.0
971;2021-01-01;1;0;1;0;0.0;0.0
971;2021-01-02;0;0;1;0;0.0;0.0
971;2021-01-03;0;0;1;0;0.0;0.0
971;2021-01-04;1;0;2;0;0.0;0.0
971;2021-01-05;0;0;2;0;0.0;0.0
971;2021-01-06;1;0;3;0;0.0;0.0
971;2021-01-07;0;0;3;0;0.0;0.0
971;2021-01-08;56;1;59;1;0.0;0.0
971;2021-01-09;19;0;78;1;0.0;0.0
971;2021-01-10;0;0;78;1;0.0;0.0
971;2021-01-11;59;0;137;1;0.0;0.0
971;2021-01-12;45;0;182;1;0.0;0.0
971;2021-01-13;46;1;228;2;0.1;0.0
971;2021-01-14;63;0;291;2;0.1;0.0
971;2021-01-15;77;0;368;2;0.1;0.0
971;2021-01-16;0;0;368;2;0.1;0.0
971;2021-01-17;0;0;368;2;0.1;0.0
971;2021-01-18;79;0;447;2;0.1;0.0
971;2021-01-19;144;0;591;2;0.2;0.0
971;2021-01-20;135;0;726;2;0.2;0.0
971;2021-01-21;151;1;877;3;0.2;0.0
971;2021-01-22;134;0;1011;3;0.3;0.0
971;2021-01-23;1;0;1012;3;0.3;0.0
971;2021-01-24;0;0;1012;3;0.3;0.0
971;2021-01-25;202;1;1214;4;0.3;0.0
971;2021-01-26;214;1;1428;5;0.4;0.0
971;2021-01-27;234;0;1662;5;0.4;0.0
971;2021-01-28;239;3;1901;8;0.5;0.0
971;2021-01-29;198;2;2099;10;0.6;0.0
971;2021-01-30;22;0;2121;10;0.6;0.0
971;2021-01-31;1;0;2122;10;0.6;0.0
971;2021-02-01;227;4;2349;14;0.6;0.0
971;2021-02-02;243;26;2592;40;0.7;0.0
971;2021-02-03;220;3;2812;43;0.7;0.0
971;2021-02-04;299;21;3111;64;0.8;0.0
971;2021-02-05;272;32;3383;96;0.9;0.0
971;2021-02-06;49;1;3432;97;0.9;0.0
971;2021-02-07;0;0;3432;97;0.9;0.0
971;2021-02-08;243;22;3675;119;1.0;0.0
971;2021-02-09;310;29;3985;148;1.1;0.0
971;2021-02-10;236;29;4221;177;1.1;0.0
971;2021-02-11;296;112;4517;289;1.2;0.1
971;2021-02-12;285;26;4802;315;1.3;0.1
971;2021-02-13;50;7;4852;322;1.3;0.1
971;2021-02-14;19;36;4871;358;1.3;0.1
971;2021-02-15;79;46;4950;404;1.3;0.1
971;2021-02-16;16;1;4966;405;1.3;0.1
971;2021-02-17;17;1;4983;406;1.3;0.1
971;2021-02-18;236;18;5219;424;1.4;0.1
971;2021-02-19;235;21;5454;445;1.4;0.1
971;2021-02-20;48;0;5502;445;1.5;0.1
971;2021-02-21;1;0;5503;445;1.5;0.1
971;2021-02-22;170;65;5673;510;1.5;0.1
971;2021-02-23;195;74;5868;584;1.6;0.2
971;2021-02-24;329;125;6197;709;1.6;0.2
971;2021-02-25;376;79;6573;788;1.7;0.2
971;2021-02-26;218;84;6791;872;1.8;0.2
971;2021-02-27;62;0;6853;872;1.8;0.2
971;2021-02-28;1;0;6854;872;1.8;0.2
971;2021-03-01;168;82;7022;954;1.9;0.3
971;2021-03-02;267;132;7289;1086;1.9;0.3
971;2021-03-03;236;121;7525;1207;2.0;0.3
971;2021-03-04;326;86;7851;1293;2.1;0.3
971;2021-03-05;363;152;8214;1445;2.2;0.4
971;2021-03-06;592;6;8806;1451;2.3;0.4
971;2021-03-07;1;0;8807;1451;2.3;0.4
971;2021-03-08;298;141;9105;1592;2.4;0.4
971;2021-03-09;366;155;9471;1747;2.5;0.5
971;2021-03-10;418;164;9889;1911;2.6;0.5
971;2021-03-11;123;45;10012;1956;2.7;0.5
971;2021-03-12;494;227;10506;2183;2.8;0.6
971;2021-03-13;133;2;10639;2185;2.8;0.6
971;2021-03-14;14;24;10653;2209;2.8;0.6
971;2021-03-15;419;45;11072;2254;2.9;0.6
971;2021-03-16;469;83;11541;2337;3.1;0.6
971;2021-03-17;451;89;11992;2426;3.2;0.6
971;2021-03-18;557;107;12549;2533;3.3;0.7
971;2021-03-19;568;99;13117;2632;3.5;0.7
971;2021-03-20;177;44;13294;2676;3.5;0.7
971;2021-03-21;8;0;13302;2676;3.5;0.7
971;2021-03-22;352;87;13654;2763;3.6;0.7
971;2021-03-23;519;157;14173;2920;3.8;0.8
971;2021-03-24;465;108;14638;3028;3.9;0.8
971;2021-03-25;757;181;15395;3209;4.1;0.9
971;2021-03-26;640;121;16035;3330;4.3;0.9
971;2021-03-27;283;47;16318;3377;4.3;0.9
971;2021-03-28;21;1;16339;3378;4.3;0.9
971;2021-03-29;379;83;16718;3461;4.4;0.9
971;2021-03-30;621;164;17339;3625;4.6;1.0
971;2021-03-31;547;132;17886;3757;4.7;1.0
971;2021-04-01;652;198;18538;3955;4.9;1.0
971;2021-04-02;38;35;18576;3990;4.9;1.1
971;2021-04-03;51;2;18627;3992;4.9;1.1
971;2021-04-04;4;18;18631;4010;4.9;1.1
971;2021-04-05;12;0;18643;4010;4.9;1.1
971;2021-04-06;477;193;19120;4203;5.1;1.1
971;2021-04-07;579;118;19699;4321;5.2;1.1
971;2021-04-08;498;162;20197;4483;5.4;1.2
971;2021-04-09;481;210;20678;4693;5.5;1.2
971;2021-04-10;100;4;20778;4697;5.5;1.2
971;2021-04-11;6;23;20784;4720;5.5;1.3
971;2021-04-12;296;262;21080;4982;5.6;1.3
971;2021-04-13;554;322;21634;5304;5.7;1.4
971;2021-04-14;437;223;22071;5527;5.9;1.5
971;2021-04-15;550;313;22621;5840;6.0;1.5
971;2021-04-16;561;272;23182;6112;6.2;1.6
971;2021-04-17;207;4;23389;6116;6.2;1.6
971;2021-04-18;5;14;23394;6130;6.2;1.6
971;2021-04-19;398;242;23792;6372;6.3;1.7
971;2021-04-20;723;344;24515;6716;6.5;1.8
971;2021-04-21;625;312;25140;7028;6.7;1.9
971;2021-04-22;810;334;25950;7362;6.9;2.0
971;2021-04-23;846;250;26796;7612;7.1;2.0
971;2021-04-24;388;75;27184;7687;7.2;2.0
971;2021-04-25;598;63;27782;7750;7.4;2.1
971;2021-04-26;954;216;28736;7966;7.6;2.1
971;2021-04-27;681;234;29417;8200;7.8;2.2
971;2021-04-28;858;266;30275;8466;8.0;2.2
971;2021-04-29;1198;202;31473;8668;8.4;2.3
971;2021-04-30;1263;188;32736;8856;8.7;2.3
971;2021-05-01;600;43;33336;8899;8.8;2.4
971;2021-05-02;352;18;33688;8917;8.9;2.4
971;2021-05-03;915;179;34603;9096;9.2;2.4
971;2021-05-04;956;205;35559;9301;9.4;2.5
971;2021-05-05;1009;248;36568;9549;9.7;2.5
971;2021-05-06;1146;173;37714;9722;10.0;2.6
971;2021-05-07;1251;266;38965;9988;10.3;2.7
971;2021-05-08;320;37;39285;10025;10.4;2.7
971;2021-05-09;182;10;39467;10035;10.5;2.7
971;2021-05-10;837;214;40304;10249;10.7;2.7
971;2021-05-11;962;313;41266;10562;10.9;2.8
971;2021-05-12;905;325;42171;10887;11.2;2.9
971;2021-05-13;210;79;42381;10966;11.2;2.9
971;2021-05-14;861;275;43242;11241;11.5;3.0
971;2021-05-15;480;14;43722;11255;11.6;3.0
971;2021-05-16;181;36;43903;11291;11.6;3.0
971;2021-05-17;715;275;44618;11566;11.8;3.1
971;2021-05-18;742;388;45360;11954;12.0;3.2
971;2021-05-19;701;529;46061;12483;12.2;3.3
971;2021-05-20;796;377;46857;12860;12.4;3.4
971;2021-05-21;821;408;47678;13268;12.7;3.5
971;2021-05-22;501;214;48179;13482;12.8;3.6
971;2021-05-23;203;114;48382;13596;12.8;3.6
971;2021-05-24;201;175;48583;13771;12.9;3.7
971;2021-05-25;540;660;49123;14431;13.0;3.8
971;2021-05-26;593;491;49716;14922;13.2;4.0
971;2021-05-27;131;185;49847;15107;13.2;4.0
971;2021-05-28;517;526;50364;15633;13.4;4.1
971;2021-05-29;236;136;50600;15769;13.4;4.2
971;2021-05-30;76;113;50676;15882;13.4;4.2
971;2021-05-31;453;535;51129;16417;13.6;4.4
971;2021-06-01;585;709;51714;17126;13.7;4.5
971;2021-06-02;577;707;52291;17833;13.9;4.7
971;2021-06-03;506;564;52797;18397;14.0;4.9
971;2021-06-04;790;806;53587;19203;14.2;5.1
971;2021-06-05;315;645;53902;19848;14.3;5.3
971;2021-06-06;133;528;54035;20376;14.3;5.4
971;2021-06-07;426;784;54461;21160;14.5;5.6
971;2021-06-08;519;893;54980;22053;14.6;5.9
971;2021-06-09;497;860;55477;22913;14.7;6.1
971;2021-06-10;532;845;56009;23758;14.9;6.3
971;2021-06-11;463;1241;56472;24999;15.0;6.6
971;2021-06-12;297;663;56769;25662;15.1;6.8
971;2021-06-13;128;314;56897;25976;15.1;6.9
971;2021-06-14;366;3795;57263;29771;15.2;7.9
971;2021-06-15;487;2011;57750;31782;15.3;8.4
971;2021-06-16;476;1484;58226;33266;15.4;8.8
971;2021-06-17;427;1014;58653;34280;15.6;9.1
971;2021-06-18;468;1019;59121;35299;15.7;9.4
971;2021-06-19;312;509;59433;35808;15.8;9.5
971;2021-06-20;108;230;59541;36038;15.8;9.6
971;2021-06-21;325;681;59866;36719;15.9;9.7
971;2021-06-22;324;873;60190;37592;16.0;10.0
971;2021-06-23;361;887;60551;38479;16.1;10.2
971;2021-06-24;392;723;60943;39202;16.2;10.4
971;2021-06-25;448;764;61391;39966;16.3;10.6
971;2021-06-26;296;514;61687;40480;16.4;10.7
971;2021-06-27;114;148;61801;40628;16.4;10.8
971;2021-06-28;302;689;62103;41317;16.5;11.0
971;2021-06-29;369;780;62472;42097;16.6;11.2
971;2021-06-30;420;919;62892;43016;16.7;11.4
971;2021-07-01;347;652;63239;43668;16.8;11.6
971;2021-07-02;416;694;63655;44362;16.9;11.8
971;2021-07-03;265;463;63920;44825;17.0;11.9
971;2021-07-04;111;239;64031;45064;17.0;12.0
971;2021-07-05;316;508;64347;45572;17.1;12.1
971;2021-07-06;374;764;64721;46336;17.2;12.3
971;2021-07-07;370;845;65091;47181;17.3;12.5
971;2021-07-08;397;792;65488;47973;17.4;12.7
971;2021-07-09;424;797;65912;48770;17.5;12.9
971;2021-07-10;241;294;66153;49064;17.6;13.0
971;2021-07-11;168;135;66321;49199;17.6;13.1
971;2021-07-12;473;610;66794;49809;17.7;13.2
971;2021-07-13;832;1004;67626;50813;17.9;13.5
971;2021-07-14;456;281;68082;51094;18.1;13.6
971;2021-07-15;842;833;68924;51927;18.3;13.8
971;2021-07-16;1064;1035;69988;52962;18.6;14.1
971;2021-07-17;641;441;70629;53403;18.7;14.2
971;2021-07-18;398;215;71027;53618;18.8;14.2
971;2021-07-19;570;575;71597;54193;19.0;14.4
971;2021-07-20;774;722;72371;54915;19.2;14.6
971;2021-07-21;753;490;73124;55405;19.4;14.7
971;2021-07-22;844;857;73968;56262;19.6;14.9
971;2021-07-23;937;743;74905;57005;19.9;15.1
971;2021-07-24;401;377;75306;57382;20.0;15.2
971;2021-07-25;248;259;75554;57641;20.0;15.3
971;2021-07-26;543;552;76097;58193;20.2;15.4
971;2021-07-27;690;564;76787;58757;20.4;15.6
971;2021-07-28;650;620;77437;59377;20.5;15.8
972;2020-12-27;0;0;0;0;0.0;0.0
972;2020-12-28;0;0;0;0;0.0;0.0
972;2020-12-29;0;0;0;0;0.0;0.0
972;2020-12-30;0;0;0;0;0.0;0.0
972;2020-12-31;0;0;0;0;0.0;0.0
972;2021-01-01;0;0;0;0;0.0;0.0
972;2021-01-02;0;0;0;0;0.0;0.0
972;2021-01-03;0;0;0;0;0.0;0.0
972;2021-01-04;0;0;0;0;0.0;0.0
972;2021-01-05;0;0;0;0;0.0;0.0
972;2021-01-06;5;0;5;0;0.0;0.0
972;2021-01-07;31;0;36;0;0.0;0.0
972;2021-01-08;87;1;123;1;0.0;0.0
972;2021-01-09;20;0;143;1;0.0;0.0
972;2021-01-10;0;0;143;1;0.0;0.0
972;2021-01-11;122;0;265;1;0.1;0.0
972;2021-01-12;79;0;344;1;0.1;0.0
972;2021-01-13;64;0;408;1;0.1;0.0
972;2021-01-14;88;1;496;2;0.1;0.0
972;2021-01-15;153;0;649;2;0.2;0.0
972;2021-01-16;51;0;700;2;0.2;0.0
972;2021-01-17;0;0;700;2;0.2;0.0
972;2021-01-18;158;0;858;2;0.2;0.0
972;2021-01-19;168;1;1026;3;0.3;0.0
972;2021-01-20;165;0;1191;3;0.3;0.0
972;2021-01-21;181;2;1372;5;0.4;0.0
972;2021-01-22;163;0;1535;5;0.4;0.0
972;2021-01-23;58;0;1593;5;0.4;0.0
972;2021-01-24;0;0;1593;5;0.4;0.0
972;2021-01-25;161;0;1754;5;0.5;0.0
972;2021-01-26;137;1;1891;6;0.5;0.0
972;2021-01-27;163;5;2054;11;0.6;0.0
972;2021-01-28;149;12;2203;23;0.6;0.0
972;2021-01-29;143;41;2346;64;0.7;0.0
972;2021-01-30;96;16;2442;80;0.7;0.0
972;2021-01-31;0;0;2442;80;0.7;0.0
972;2021-02-01;119;74;2561;154;0.7;0.0
972;2021-02-02;184;96;2745;250;0.8;0.1
972;2021-02-03;132;80;2877;330;0.8;0.1
972;2021-02-04;158;73;3035;403;0.8;0.1
972;2021-02-05;124;96;3159;499;0.9;0.1
972;2021-02-06;62;26;3221;525;0.9;0.1
972;2021-02-07;1;0;3222;525;0.9;0.1
972;2021-02-08;137;80;3359;605;0.9;0.2
972;2021-02-09;176;78;3535;683;1.0;0.2
972;2021-02-10;151;90;3686;773;1.0;0.2
972;2021-02-11;150;103;3836;876;1.1;0.2
972;2021-02-12;146;131;3982;1007;1.1;0.3
972;2021-02-13;47;37;4029;1044;1.1;0.3
972;2021-02-14;0;0;4029;1044;1.1;0.3
972;2021-02-15;51;67;4080;1111;1.1;0.3
972;2021-02-16;0;1;4080;1112;1.1;0.3
972;2021-02-17;1;3;4081;1115;1.1;0.3
972;2021-02-18;69;127;4150;1242;1.2;0.3
972;2021-02-19;69;131;4219;1373;1.2;0.4
972;2021-02-20;48;68;4267;1441;1.2;0.4
972;2021-02-21;0;0;4267;1441;1.2;0.4
972;2021-02-22;102;60;4369;1501;1.2;0.4
972;2021-02-23;113;237;4482;1738;1.2;0.5
972;2021-02-24;106;223;4588;1961;1.3;0.5
972;2021-02-25;89;150;4677;2111;1.3;0.6
972;2021-02-26;130;169;4807;2280;1.3;0.6
972;2021-02-27;69;52;4876;2332;1.4;0.7
972;2021-02-28;0;0;4876;2332;1.4;0.7
972;2021-03-01;137;146;5013;2478;1.4;0.7
972;2021-03-02;157;79;5170;2557;1.4;0.7
972;2021-03-03;179;145;5349;2702;1.5;0.8
972;2021-03-04;150;135;5499;2837;1.5;0.8
972;2021-03-05;238;128;5737;2965;1.6;0.8
972;2021-03-06;119;59;5856;3024;1.6;0.8
972;2021-03-07;100;1;5956;3025;1.7;0.8
972;2021-03-08;196;133;6152;3158;1.7;0.9
972;2021-03-09;281;101;6433;3259;1.8;0.9
972;2021-03-10;322;134;6755;3393;1.9;0.9
972;2021-03-11;335;83;7090;3476;2.0;1.0
972;2021-03-12;412;54;7502;3530;2.1;1.0
972;2021-03-13;155;21;7657;3551;2.1;1.0
972;2021-03-14;4;1;7661;3552;2.1;1.0
972;2021-03-15;276;90;7937;3642;2.2;1.0
972;2021-03-16;305;55;8242;3697;2.3;1.0
972;2021-03-17;388;49;8630;3746;2.4;1.0
972;2021-03-18;434;44;9064;3790;2.5;1.1
972;2021-03-19;397;62;9461;3852;2.6;1.1
972;2021-03-20;149;48;9610;3900;2.7;1.1
972;2021-03-21;25;1;9635;3901;2.7;1.1
972;2021-03-22;362;118;9997;4019;2.8;1.1
972;2021-03-23;403;123;10400;4142;2.9;1.2
972;2021-03-24;429;106;10829;4248;3.0;1.2
972;2021-03-25;476;100;11305;4348;3.2;1.2
972;2021-03-26;633;102;11938;4450;3.3;1.2
972;2021-03-27;152;70;12090;4520;3.4;1.3
972;2021-03-28;81;2;12171;4522;3.4;1.3
972;2021-03-29;422;165;12593;4687;3.5;1.3
972;2021-03-30;469;244;13062;4931;3.6;1.4
972;2021-03-31;1145;191;14207;5122;4.0;1.4
972;2021-04-01;955;171;15162;5293;4.2;1.5
972;2021-04-02;895;11;16057;5304;4.5;1.5
972;2021-04-03;788;53;16845;5357;4.7;1.5
972;2021-04-04;750;11;17595;5368;4.9;1.5
972;2021-04-05;829;43;18424;5411;5.1;1.5
972;2021-04-06;883;135;19307;5546;5.4;1.5
972;2021-04-07;1435;326;20742;5872;5.8;1.6
972;2021-04-08;1306;271;22048;6143;6.1;1.7
972;2021-04-09;1240;316;23288;6459;6.5;1.8
972;2021-04-10;838;165;24126;6624;6.7;1.8
972;2021-04-11;621;14;24747;6638;6.9;1.9
972;2021-04-12;867;315;25614;6953;7.1;1.9
972;2021-04-13;880;327;26494;7280;7.4;2.0
972;2021-04-14;958;323;27452;7603;7.7;2.1
972;2021-04-15;959;297;28411;7900;7.9;2.2
972;2021-04-16;994;300;29405;8200;8.2;2.3
972;2021-04-17;529;161;29934;8361;8.3;2.3
972;2021-04-18;339;56;30273;8417;8.4;2.3
972;2021-04-19;668;344;30941;8761;8.6;2.4
972;2021-04-20;868;309;31809;9070;8.9;2.5
972;2021-04-21;999;354;32808;9424;9.1;2.6
972;2021-04-22;604;314;33412;9738;9.3;2.7
972;2021-04-23;606;465;34018;10203;9.5;2.8
972;2021-04-24;362;197;34380;10400;9.6;2.9
972;2021-04-25;168;199;34548;10599;9.6;3.0
972;2021-04-26;516;541;35064;11140;9.8;3.1
972;2021-04-27;568;609;35632;11749;9.9;3.3
972;2021-04-28;449;691;36081;12440;10.1;3.5
972;2021-04-29;653;641;36734;13081;10.2;3.6
972;2021-04-30;771;687;37505;13768;10.5;3.8
972;2021-05-01;244;246;37749;14014;10.5;3.9
972;2021-05-02;226;513;37975;14527;10.6;4.0
972;2021-05-03;569;772;38544;15299;10.7;4.3
972;2021-05-04;525;678;39069;15977;10.9;4.5
972;2021-05-05;546;896;39615;16873;11.0;4.7
972;2021-05-06;546;784;40161;17657;11.2;4.9
972;2021-05-07;629;1016;40790;18673;11.4;5.2
972;2021-05-08;225;526;41015;19199;11.4;5.4
972;2021-05-09;172;506;41187;19705;11.5;5.5
972;2021-05-10;520;858;41707;20563;11.6;5.7
972;2021-05-11;477;872;42184;21435;11.8;6.0
972;2021-05-12;557;912;42741;22347;11.9;6.2
972;2021-05-13;274;534;43015;22881;12.0;6.4
972;2021-05-14;389;752;43404;23633;12.1;6.6
972;2021-05-15;233;578;43637;24211;12.2;6.7
972;2021-05-16;155;442;43792;24653;12.2;6.9
972;2021-05-17;474;753;44266;25406;12.3;7.1
972;2021-05-18;446;680;44712;26086;12.5;7.3
972;2021-05-19;453;744;45165;26830;12.6;7.5
972;2021-05-20;594;500;45759;27330;12.8;7.6
972;2021-05-21;545;705;46304;28035;12.9;7.8
972;2021-05-22;186;364;46490;28399;13.0;7.9
972;2021-05-23;111;182;46601;28581;13.0;8.0
972;2021-05-24;135;241;46736;28822;13.0;8.0
972;2021-05-25;351;698;47087;29520;13.1;8.2
972;2021-05-26;383;714;47470;30234;13.2;8.4
972;2021-05-27;269;647;47739;30881;13.3;8.6
972;2021-05-28;279;816;48018;31697;13.4;8.8
972;2021-05-29;154;513;48172;32210;13.4;9.0
972;2021-05-30;17;33;48189;32243;13.4;9.0
972;2021-05-31;345;682;48534;32925;13.5;9.2
972;2021-06-01;300;547;48834;33472;13.6;9.3
972;2021-06-02;324;575;49158;34047;13.7;9.5
972;2021-06-03;247;425;49405;34472;13.8;9.6
972;2021-06-04;350;644;49755;35116;13.9;9.8
972;2021-06-05;261;373;50016;35489;13.9;9.9
972;2021-06-06;24;31;50040;35520;13.9;9.9
972;2021-06-07;259;737;50299;36257;14.0;10.1
972;2021-06-08;255;589;50554;36846;14.1;10.3
972;2021-06-09;303;699;50857;37545;14.2;10.5
972;2021-06-10;307;453;51164;37998;14.3;10.6
972;2021-06-11;359;534;51523;38532;14.4;10.7
972;2021-06-12;246;322;51769;38854;14.4;10.8
972;2021-06-13;32;29;51801;38883;14.4;10.8
972;2021-06-14;367;552;52168;39435;14.5;11.0
972;2021-06-15;410;488;52578;39923;14.7;11.1
972;2021-06-16;436;436;53014;40359;14.8;11.2
972;2021-06-17;354;576;53368;40935;14.9;11.4
972;2021-06-18;457;538;53825;41473;15.0;11.6
972;2021-06-19;225;196;54050;41669;15.1;11.6
972;2021-06-20;25;17;54075;41686;15.1;11.6
972;2021-06-21;329;578;54404;42264;15.2;11.8
972;2021-06-22;297;464;54701;42728;15.2;11.9
972;2021-06-23;424;563;55125;43291;15.4;12.1
972;2021-06-24;326;436;55451;43727;15.5;12.2
972;2021-06-25;313;387;55764;44114;15.5;12.3
972;2021-06-26;221;199;55985;44313;15.6;12.4
972;2021-06-27;16;23;56001;44336;15.6;12.4
972;2021-06-28;326;425;56327;44761;15.7;12.5
972;2021-06-29;324;431;56651;45192;15.8;12.6
972;2021-06-30;435;420;57086;45612;15.9;12.7
972;2021-07-01;343;391;57429;46003;16.0;12.8
972;2021-07-02;123;202;57552;46205;16.0;12.9
972;2021-07-03;100;118;57652;46323;16.1;12.9
972;2021-07-04;24;35;57676;46358;16.1;12.9
972;2021-07-05;487;580;58163;46938;16.2;13.1
972;2021-07-06;479;430;58642;47368;16.3;13.2
972;2021-07-07;597;495;59239;47863;16.5;13.3
972;2021-07-08;488;421;59727;48284;16.6;13.5
972;2021-07-09;619;585;60346;48869;16.8;13.6
972;2021-07-10;400;307;60746;49176;16.9;13.7
972;2021-07-11;48;37;60794;49213;16.9;13.7
972;2021-07-12;838;692;61632;49905;17.2;13.9
972;2021-07-13;1469;712;63101;50617;17.6;14.1
972;2021-07-14;132;63;63233;50680;17.6;14.1
972;2021-07-15;1590;678;64823;51358;18.1;14.3
972;2021-07-16;1629;651;66452;52009;18.5;14.5
972;2021-07-17;1048;356;67500;52365;18.8;14.6
972;2021-07-18;56;39;67556;52404;18.8;14.6
972;2021-07-19;1137;651;68693;53055;19.1;14.8
972;2021-07-20;1100;569;69793;53624;19.5;14.9
972;2021-07-21;1074;595;70867;54219;19.8;15.1
972;2021-07-22;877;511;71744;54730;20.0;15.3
972;2021-07-23;915;478;72659;55208;20.3;15.4
972;2021-07-24;493;222;73152;55430;20.4;15.5
972;2021-07-25;50;62;73202;55492;20.4;15.5
972;2021-07-26;681;514;73883;56006;20.6;15.6
972;2021-07-27;1006;505;74889;56511;20.9;15.8
972;2021-07-28;537;559;75426;57070;21.0;15.9
973;2020-12-27;0;0;0;0;0.0;0.0
973;2020-12-28;0;0;0;0;0.0;0.0
973;2020-12-29;0;0;0;0;0.0;0.0
973;2020-12-30;0;0;0;0;0.0;0.0
973;2020-12-31;0;0;0;0;0.0;0.0
973;2021-01-01;0;0;0;0;0.0;0.0
973;2021-01-02;2;2;2;2;0.0;0.0
973;2021-01-03;0;0;2;2;0.0;0.0
973;2021-01-04;0;0;2;2;0.0;0.0
973;2021-01-05;0;0;2;2;0.0;0.0
973;2021-01-06;0;0;2;2;0.0;0.0
973;2021-01-07;0;0;2;2;0.0;0.0
973;2021-01-08;0;0;2;2;0.0;0.0
973;2021-01-09;0;0;2;2;0.0;0.0
973;2021-01-10;0;0;2;2;0.0;0.0
973;2021-01-11;0;0;2;2;0.0;0.0
973;2021-01-12;0;0;2;2;0.0;0.0
973;2021-01-13;30;0;32;2;0.0;0.0
973;2021-01-14;46;0;78;2;0.0;0.0
973;2021-01-15;35;0;113;2;0.0;0.0
973;2021-01-16;18;1;131;3;0.0;0.0
973;2021-01-17;0;0;131;3;0.0;0.0
973;2021-01-18;63;0;194;3;0.1;0.0
973;2021-01-19;150;1;344;4;0.1;0.0
973;2021-01-20;134;0;478;4;0.2;0.0
973;2021-01-21;118;0;596;4;0.2;0.0
973;2021-01-22;76;0;672;4;0.2;0.0
973;2021-01-23;0;0;672;4;0.2;0.0
973;2021-01-24;0;0;672;4;0.2;0.0
973;2021-01-25;56;0;728;4;0.3;0.0
973;2021-01-26;100;2;828;6;0.3;0.0
973;2021-01-27;109;1;937;7;0.3;0.0
973;2021-01-28;96;3;1033;10;0.4;0.0
973;2021-01-29;104;3;1137;13;0.4;0.0
973;2021-01-30;0;0;1137;13;0.4;0.0
973;2021-01-31;0;0;1137;13;0.4;0.0
973;2021-02-01;54;0;1191;13;0.4;0.0
973;2021-02-02;122;4;1313;17;0.5;0.0
973;2021-02-03;118;7;1431;24;0.5;0.0
973;2021-02-04;79;26;1510;50;0.5;0.0
973;2021-02-05;65;8;1575;58;0.5;0.0
973;2021-02-06;0;0;1575;58;0.5;0.0
973;2021-02-07;0;0;1575;58;0.5;0.0
973;2021-02-08;52;12;1627;70;0.6;0.0
973;2021-02-09;92;39;1719;109;0.6;0.0
973;2021-02-10;101;41;1820;150;0.6;0.1
973;2021-02-11;105;93;1925;243;0.7;0.1
973;2021-02-12;88;64;2013;307;0.7;0.1
973;2021-02-13;0;0;2013;307;0.7;0.1
973;2021-02-14;0;0;2013;307;0.7;0.1
973;2021-02-15;27;65;2040;372;0.7;0.1
973;2021-02-16;123;55;2163;427;0.7;0.1
973;2021-02-17;145;120;2308;547;0.8;0.2
973;2021-02-18;103;142;2411;689;0.8;0.2
973;2021-02-19;122;72;2533;761;0.9;0.3
973;2021-02-20;0;0;2533;761;0.9;0.3
973;2021-02-21;0;0;2533;761;0.9;0.3
973;2021-02-22;78;49;2611;810;0.9;0.3
973;2021-02-23;158;102;2769;912;1.0;0.3
973;2021-02-24;190;122;2959;1034;1.0;0.4
973;2021-02-25;259;88;3218;1122;1.1;0.4
973;2021-02-26;264;70;3482;1192;1.2;0.4
973;2021-02-27;120;1;3602;1193;1.2;0.4
973;2021-02-28;0;0;3602;1193;1.2;0.4
973;2021-03-01;180;86;3782;1279;1.3;0.4
973;2021-03-02;255;108;4037;1387;1.4;0.5
973;2021-03-03;255;132;4292;1519;1.5;0.5
973;2021-03-04;281;83;4573;1602;1.6;0.6
973;2021-03-05;274;47;4847;1649;1.7;0.6
973;2021-03-06;118;2;4965;1651;1.7;0.6
973;2021-03-07;0;0;4965;1651;1.7;0.6
973;2021-03-08;187;40;5152;1691;1.8;0.6
973;2021-03-09;350;93;5502;1784;1.9;0.6
973;2021-03-10;358;101;5860;1885;2.0;0.6
973;2021-03-11;270;114;6130;1999;2.1;0.7
973;2021-03-12;287;88;6417;2087;2.2;0.7
973;2021-03-13;111;4;6528;2091;2.2;0.7
973;2021-03-14;0;0;6528;2091;2.2;0.7
973;2021-03-15;181;27;6709;2118;2.3;0.7
973;2021-03-16;242;139;6951;2257;2.4;0.8
973;2021-03-17;273;129;7224;2386;2.5;0.8
973;2021-03-18;249;154;7473;2540;2.6;0.9
973;2021-03-19;284;127;7757;2667;2.7;0.9
973;2021-03-20;256;14;8013;2681;2.8;0.9
973;2021-03-21;119;2;8132;2683;2.8;0.9
973;2021-03-22;219;110;8351;2793;2.9;1.0
973;2021-03-23;274;195;8625;2988;3.0;1.0
973;2021-03-24;235;214;8860;3202;3.0;1.1
973;2021-03-25;168;179;9028;3381;3.1;1.2
973;2021-03-26;188;307;9216;3688;3.2;1.3
973;2021-03-27;58;94;9274;3782;3.2;1.3
973;2021-03-28;0;0;9274;3782;3.2;1.3
973;2021-03-29;175;246;9449;4028;3.3;1.4
973;2021-03-30;445;238;9894;4266;3.4;1.5
973;2021-03-31;320;291;10214;4557;3.5;1.6
973;2021-04-01;445;260;10659;4817;3.7;1.7
973;2021-04-02;306;279;10965;5096;3.8;1.8
973;2021-04-03;153;122;11118;5218;3.8;1.8
973;2021-04-04;1;0;11119;5218;3.8;1.8
973;2021-04-05;118;14;11237;5232;3.9;1.8
973;2021-04-06;438;335;11675;5567;4.0;1.9
973;2021-04-07;503;344;12178;5911;4.2;2.0
973;2021-04-08;513;268;12691;6179;4.4;2.1
973;2021-04-09;497;226;13188;6405;4.5;2.2
973;2021-04-10;147;91;13335;6496;4.6;2.2
973;2021-04-11;2;0;13337;6496;4.6;2.2
973;2021-04-12;551;267;13888;6763;4.8;2.3
973;2021-04-13;674;244;14562;7007;5.0;2.4
973;2021-04-14;720;312;15282;7319;5.3;2.5
973;2021-04-15;774;246;16056;7565;5.5;2.6
973;2021-04-16;756;297;16812;7862;5.8;2.7
973;2021-04-17;499;130;17311;7992;6.0;2.7
973;2021-04-18;499;39;17810;8031;6.1;2.8
973;2021-04-19;714;250;18524;8281;6.4;2.8
973;2021-04-20;606;278;19130;8559;6.6;2.9
973;2021-04-21;868;249;19998;8808;6.9;3.0
973;2021-04-22;723;229;20721;9037;7.1;3.1
973;2021-04-23;705;227;21426;9264;7.4;3.2
973;2021-04-24;524;97;21950;9361;7.6;3.2
973;2021-04-25;611;50;22561;9411;7.8;3.2
973;2021-04-26;780;230;23341;9641;8.0;3.3
973;2021-04-27;789;343;24130;9984;8.3;3.4
973;2021-04-28;695;329;24825;10313;8.5;3.5
973;2021-04-29;622;281;25447;10594;8.8;3.6
973;2021-04-30;673;252;26120;10846;9.0;3.7
973;2021-05-01;210;27;26330;10873;9.1;3.7
973;2021-05-02;602;85;26932;10958;9.3;3.8
973;2021-05-03;553;391;27485;11349;9.5;3.9
973;2021-05-04;623;312;28108;11661;9.7;4.0
973;2021-05-05;657;448;28765;12109;9.9;4.2
973;2021-05-06;655;467;29420;12576;10.1;4.3
973;2021-05-07;556;467;29976;13043;10.3;4.5
973;2021-05-08;341;57;30317;13100;10.4;4.5
973;2021-05-09;262;73;30579;13173;10.5;4.5
973;2021-05-10;425;611;31004;13784;10.7;4.7
973;2021-05-11;392;494;31396;14278;10.8;4.9
973;2021-05-12;508;647;31904;14925;11.0;5.1
973;2021-05-13;333;98;32237;15023;11.1;5.2
973;2021-05-14;481;549;32718;15572;11.3;5.4
973;2021-05-15;258;348;32976;15920;11.3;5.5
973;2021-05-16;207;210;33183;16130;11.4;5.5
973;2021-05-17;443;600;33626;16730;11.6;5.8
973;2021-05-18;560;564;34186;17294;11.8;5.9
973;2021-05-19;525;553;34711;17847;11.9;6.1
973;2021-05-20;642;453;35353;18300;12.2;6.3
973;2021-05-21;497;606;35850;18906;12.3;6.5
973;2021-05-22;167;502;36017;19408;12.4;6.7
973;2021-05-23;270;474;36287;19882;12.5;6.8
973;2021-05-24;561;248;36848;20130;12.7;6.9
973;2021-05-25;498;742;37346;20872;12.8;7.2
973;2021-05-26;441;683;37787;21555;13.0;7.4
973;2021-05-27;697;523;38484;22078;13.2;7.6
973;2021-05-28;560;553;39044;22631;13.4;7.8
973;2021-05-29;240;360;39284;22991;13.5;7.9
973;2021-05-30;151;399;39435;23390;13.6;8.0
973;2021-05-31;341;573;39776;23963;13.7;8.2
973;2021-06-01;398;461;40174;24424;13.8;8.4
973;2021-06-02;542;552;40716;24976;14.0;8.6
973;2021-06-03;518;469;41234;25445;14.2;8.8
973;2021-06-04;596;495;41830;25940;14.4;8.9
973;2021-06-05;273;293;42103;26233;14.5;9.0
973;2021-06-06;211;299;42314;26532;14.6;9.1
973;2021-06-07;485;450;42799;26982;14.7;9.3
973;2021-06-08;544;312;43343;27294;14.9;9.4
973;2021-06-09;516;384;43859;27678;15.1;9.5
973;2021-06-10;355;289;44214;27967;15.2;9.6
973;2021-06-11;434;468;44648;28435;15.4;9.8
973;2021-06-12;170;284;44818;28719;15.4;9.9
973;2021-06-13;214;268;45032;28987;15.5;10.0
973;2021-06-14;376;549;45408;29536;15.6;10.2
973;2021-06-15;365;443;45773;29979;15.7;10.3
973;2021-06-16;447;452;46220;30431;15.9;10.5
973;2021-06-17;402;576;46622;31007;16.0;10.7
973;2021-06-18;360;562;46982;31569;16.2;10.9
973;2021-06-19;234;260;47216;31829;16.2;10.9
973;2021-06-20;126;270;47342;32099;16.3;11.0
973;2021-06-21;276;598;47618;32697;16.4;11.2
973;2021-06-22;327;458;47945;33155;16.5;11.4
973;2021-06-23;290;537;48235;33692;16.6;11.6
973;2021-06-24;396;495;48631;34187;16.7;11.8
973;2021-06-25;391;544;49022;34731;16.9;11.9
973;2021-06-26;172;320;49194;35051;16.9;12.1
973;2021-06-27;121;170;49315;35221;17.0;12.1
973;2021-06-28;283;591;49598;35812;17.1;12.3
973;2021-06-29;333;502;49931;36314;17.2;12.5
973;2021-06-30;319;668;50250;36982;17.3;12.7
973;2021-07-01;353;395;50603;37377;17.4;12.9
973;2021-07-02;399;515;51002;37892;17.5;13.0
973;2021-07-03;206;274;51208;38166;17.6;13.1
973;2021-07-04;84;242;51292;38408;17.6;13.2
973;2021-07-05;307;542;51599;38950;17.8;13.4
973;2021-07-06;312;474;51911;39424;17.9;13.6
973;2021-07-07;307;408;52218;39832;18.0;13.7
973;2021-07-08;257;324;52475;40156;18.1;13.8
973;2021-07-09;354;435;52829;40591;18.2;14.0
973;2021-07-10;163;277;52992;40868;18.2;14.1
973;2021-07-11;102;164;53094;41032;18.3;14.1
973;2021-07-12;355;492;53449;41524;18.4;14.3
973;2021-07-13;649;557;54098;42081;18.6;14.5
973;2021-07-14;373;157;54471;42238;18.7;14.5
973;2021-07-15;613;523;55084;42761;18.9;14.7
973;2021-07-16;563;476;55647;43237;19.1;14.9
973;2021-07-17;336;282;55983;43519;19.3;15.0
973;2021-07-18;249;120;56232;43639;19.3;15.0
973;2021-07-19;489;444;56721;44083;19.5;15.2
973;2021-07-20;514;482;57235;44565;19.7;15.3
973;2021-07-21;506;385;57741;44950;19.9;15.5
973;2021-07-22;610;440;58351;45390;20.1;15.6
973;2021-07-23;571;356;58922;45746;20.3;15.7
973;2021-07-24;321;237;59243;45983;20.4;15.8
973;2021-07-25;161;110;59404;46093;20.4;15.9
973;2021-07-26;415;341;59819;46434;20.6;16.0
973;2021-07-27;460;345;60279;46779;20.7;16.1
973;2021-07-28;374;366;60653;47145;20.9;16.2
974;2020-12-27;0;0;0;0;0.0;0.0
974;2020-12-28;0;0;0;0;0.0;0.0
974;2020-12-29;0;0;0;0;0.0;0.0
974;2020-12-30;0;0;0;0;0.0;0.0
974;2020-12-31;0;0;0;0;0.0;0.0
974;2021-01-01;1;0;1;0;0.0;0.0
974;2021-01-02;0;0;1;0;0.0;0.0
974;2021-01-03;0;0;1;0;0.0;0.0
974;2021-01-04;0;0;1;0;0.0;0.0
974;2021-01-05;2;0;3;0;0.0;0.0
974;2021-01-06;0;0;3;0;0.0;0.0
974;2021-01-07;0;0;3;0;0.0;0.0
974;2021-01-08;0;0;3;0;0.0;0.0
974;2021-01-09;1;0;4;0;0.0;0.0
974;2021-01-10;0;0;4;0;0.0;0.0
974;2021-01-11;0;0;4;0;0.0;0.0
974;2021-01-12;0;0;4;0;0.0;0.0
974;2021-01-13;0;0;4;0;0.0;0.0
974;2021-01-14;0;0;4;0;0.0;0.0
974;2021-01-15;332;0;336;0;0.0;0.0
974;2021-01-16;28;0;364;0;0.0;0.0
974;2021-01-17;0;0;364;0;0.0;0.0
974;2021-01-18;49;1;413;1;0.0;0.0
974;2021-01-19;393;0;806;1;0.1;0.0
974;2021-01-20;481;1;1287;2;0.1;0.0
974;2021-01-21;614;2;1901;4;0.2;0.0
974;2021-01-22;410;1;2311;5;0.3;0.0
974;2021-01-23;75;0;2386;5;0.3;0.0
974;2021-01-24;0;0;2386;5;0.3;0.0
974;2021-01-25;273;2;2659;7;0.3;0.0
974;2021-01-26;429;0;3088;7;0.4;0.0
974;2021-01-27;317;0;3405;7;0.4;0.0
974;2021-01-28;407;0;3812;7;0.4;0.0
974;2021-01-29;422;3;4234;10;0.5;0.0
974;2021-01-30;420;1;4654;11;0.5;0.0
974;2021-01-31;0;0;4654;11;0.5;0.0
974;2021-02-01;372;3;5026;14;0.6;0.0
974;2021-02-02;500;4;5526;18;0.6;0.0
974;2021-02-03;602;14;6128;32;0.7;0.0
974;2021-02-04;626;21;6754;53;0.8;0.0
974;2021-02-05;564;97;7318;150;0.9;0.0
974;2021-02-06;501;5;7819;155;0.9;0.0
974;2021-02-07;0;8;7819;163;0.9;0.0
974;2021-02-08;472;34;8291;197;1.0;0.0
974;2021-02-09;785;92;9076;289;1.1;0.0
974;2021-02-10;820;87;9896;376;1.2;0.0
974;2021-02-11;796;87;10692;463;1.2;0.1
974;2021-02-12;637;94;11329;557;1.3;0.1
974;2021-02-13;652;75;11981;632;1.4;0.1
974;2021-02-14;1;0;11982;632;1.4;0.1
974;2021-02-15;524;126;12506;758;1.5;0.1
974;2021-02-16;651;535;13157;1293;1.5;0.2
974;2021-02-17;592;329;13749;1622;1.6;0.2
974;2021-02-18;493;412;14242;2034;1.7;0.2
974;2021-02-19;497;319;14739;2353;1.7;0.3
974;2021-02-20;577;117;15316;2470;1.8;0.3
974;2021-02-21;0;0;15316;2470;1.8;0.3
974;2021-02-22;402;238;15718;2708;1.8;0.3
974;2021-02-23;607;239;16325;2947;1.9;0.3
974;2021-02-24;584;252;16909;3199;2.0;0.4
974;2021-02-25;645;297;17554;3496;2.0;0.4
974;2021-02-26;483;471;18037;3967;2.1;0.5
974;2021-02-27;384;469;18421;4436;2.1;0.5
974;2021-02-28;0;0;18421;4436;2.1;0.5
974;2021-03-01;291;388;18712;4824;2.2;0.6
974;2021-03-02;485;504;19197;5328;2.2;0.6
974;2021-03-03;756;541;19953;5869;2.3;0.7
974;2021-03-04;777;494;20730;6363;2.4;0.7
974;2021-03-05;727;524;21457;6887;2.5;0.8
974;2021-03-06;812;525;22269;7412;2.6;0.9
974;2021-03-07;0;0;22269;7412;2.6;0.9
974;2021-03-08;435;558;22704;7970;2.6;0.9
974;2021-03-09;671;770;23375;8740;2.7;1.0
974;2021-03-10;643;839;24018;9579;2.8;1.1
974;2021-03-11;699;637;24717;10216;2.9;1.2
974;2021-03-12;729;654;25446;10870;3.0;1.3
974;2021-03-13;668;606;26114;11476;3.0;1.3
974;2021-03-14;2;0;26116;11476;3.0;1.3
974;2021-03-15;506;504;26622;11980;3.1;1.4
974;2021-03-16;681;708;27303;12688;3.2;1.5
974;2021-03-17;848;531;28151;13219;3.3;1.5
974;2021-03-18;1023;546;29174;13765;3.4;1.6
974;2021-03-19;785;533;29959;14298;3.5;1.7
974;2021-03-20;576;596;30535;14894;3.6;1.7
974;2021-03-21;0;0;30535;14894;3.6;1.7
974;2021-03-22;565;468;31100;15362;3.6;1.8
974;2021-03-23;780;640;31880;16002;3.7;1.9
974;2021-03-24;792;645;32672;16647;3.8;1.9
974;2021-03-25;931;543;33603;17190;3.9;2.0
974;2021-03-26;921;451;34524;17641;4.0;2.1
974;2021-03-27;782;337;35306;17978;4.1;2.1
974;2021-03-28;1;0;35307;17978;4.1;2.1
974;2021-03-29;961;270;36268;18248;4.2;2.1
974;2021-03-30;883;497;37151;18745;4.3;2.2
974;2021-03-31;740;662;37891;19407;4.4;2.3
974;2021-04-01;716;706;38607;20113;4.5;2.3
974;2021-04-02;688;757;39295;20870;4.6;2.4
974;2021-04-03;699;704;39994;21574;4.7;2.5
974;2021-04-04;0;0;39994;21574;4.7;2.5
974;2021-04-05;0;0;39994;21574;4.7;2.5
974;2021-04-06;795;634;40789;22208;4.7;2.6
974;2021-04-07;1368;787;42157;22995;4.9;2.7
974;2021-04-08;1792;771;43949;23766;5.1;2.8
974;2021-04-09;1509;782;45458;24548;5.3;2.9
974;2021-04-10;1137;651;46595;25199;5.4;2.9
974;2021-04-11;2;0;46597;25199;5.4;2.9
974;2021-04-12;1238;544;47835;25743;5.6;3.0
974;2021-04-13;1439;755;49274;26498;5.7;3.1
974;2021-04-14;2070;770;51344;27268;6.0;3.2
974;2021-04-15;2506;955;53850;28223;6.3;3.3
974;2021-04-16;1933;781;55783;29004;6.5;3.4
974;2021-04-17;1290;603;57073;29607;6.6;3.4
974;2021-04-18;0;0;57073;29607;6.6;3.4
974;2021-04-19;1375;563;58448;30170;6.8;3.5
974;2021-04-20;1650;804;60098;30974;7.0;3.6
974;2021-04-21;2127;627;62225;31601;7.2;3.7
974;2021-04-22;2948;818;65173;32419;7.6;3.8
974;2021-04-23;2311;817;67484;33236;7.8;3.9
974;2021-04-24;1106;800;68590;34036;8.0;4.0
974;2021-04-25;2;0;68592;34036;8.0;4.0
974;2021-04-26;1166;916;69758;34952;8.1;4.1
974;2021-04-27;1685;1028;71443;35980;8.3;4.2
974;2021-04-28;2897;750;74340;36730;8.6;4.3
974;2021-04-29;3947;811;78287;37541;9.1;4.4
974;2021-04-30;3441;904;81728;38445;9.5;4.5
974;2021-05-01;2106;225;83834;38670;9.7;4.5
974;2021-05-02;1;0;83835;38670;9.7;4.5
974;2021-05-03;1865;574;85700;39244;10.0;4.6
974;2021-05-04;2128;1098;87828;40342;10.2;4.7
974;2021-05-05;3120;1638;90948;41980;10.6;4.9
974;2021-05-06;4004;1587;94952;43567;11.0;5.1
974;2021-05-07;3229;1524;98181;45091;11.4;5.2
974;2021-05-08;1571;503;99752;45594;11.6;5.3
974;2021-05-09;1;0;99753;45594;11.6;5.3
974;2021-05-10;2412;998;102165;46592;11.9;5.4
974;2021-05-11;3652;1640;105817;48232;12.3;5.6
974;2021-05-12;4721;2401;110538;50633;12.9;5.9
974;2021-05-13;3554;596;114092;51229;13.3;6.0
974;2021-05-14;5269;2509;119361;53738;13.9;6.2
974;2021-05-15;3162;1539;122523;55277;14.2;6.4
974;2021-05-16;15;18;122538;55295;14.2;6.4
974;2021-05-17;2999;1496;125537;56791;14.6;6.6
974;2021-05-18;3760;1792;129297;58583;15.0;6.8
974;2021-05-19;4688;2406;133985;60989;15.6;7.1
974;2021-05-20;5139;2845;139124;63834;16.2;7.4
974;2021-05-21;4992;2636;144116;66470;16.8;7.7
974;2021-05-22;3369;1257;147485;67727;17.2;7.9
974;2021-05-23;5;3;147490;67730;17.2;7.9
974;2021-05-24;3643;1076;151133;68806;17.6;8.0
974;2021-05-25;4246;1909;155379;70715;18.1;8.2
974;2021-05-26;4992;2977;160371;73692;18.6;8.6
974;2021-05-27;4614;4095;164985;77787;19.2;9.0
974;2021-05-28;4380;3828;169365;81615;19.7;9.5
974;2021-05-29;2555;2455;171920;84070;20.0;9.8
974;2021-05-30;8;14;171928;84084;20.0;9.8
974;2021-05-31;2348;2253;174276;86337;20.3;10.0
974;2021-06-01;3302;2724;177578;89061;20.6;10.4
974;2021-06-02;3975;3352;181553;92413;21.1;10.7
974;2021-06-03;4045;3653;185598;96066;21.6;11.2
974;2021-06-04;3850;3751;189448;99817;22.0;11.6
974;2021-06-05;2211;1924;191659;101741;22.3;11.8
974;2021-06-06;1072;132;192731;101873;22.4;11.8
974;2021-06-07;2013;2527;194744;104400;22.6;12.1
974;2021-06-08;2556;3333;197300;107733;22.9;12.5
974;2021-06-09;2982;4794;200282;112527;23.3;13.1
974;2021-06-10;3409;4455;203691;116982;23.7;13.6
974;2021-06-11;2842;4622;206533;121604;24.0;14.1
974;2021-06-12;1727;3376;208260;124980;24.2;14.5
974;2021-06-13;1323;243;209583;125223;24.4;14.6
974;2021-06-14;1491;3184;211074;128407;24.5;14.9
974;2021-06-15;2058;3615;213132;132022;24.8;15.4
974;2021-06-16;2748;4651;215880;136673;25.1;15.9
974;2021-06-17;2518;4897;218398;141570;25.4;16.5
974;2021-06-18;2592;4893;220990;146463;25.7;17.0
974;2021-06-19;1305;3517;222295;149980;25.8;17.4
974;2021-06-20;632;288;222927;150268;25.9;17.5
974;2021-06-21;1266;3233;224193;153501;26.1;17.8
974;2021-06-22;1622;3765;225815;157266;26.3;18.3
974;2021-06-23;2251;4991;228066;162257;26.5;18.9
974;2021-06-24;2283;4072;230349;166329;26.8;19.3
974;2021-06-25;2190;4109;232539;170438;27.0;19.8
974;2021-06-26;1400;2709;233939;173147;27.2;20.1
974;2021-06-27;665;265;234604;173412;27.3;20.2
974;2021-06-28;1306;2481;235910;175893;27.4;20.5
974;2021-06-29;1756;2842;237666;178735;27.6;20.8
974;2021-06-30;2547;3846;240213;182581;27.9;21.2
974;2021-07-01;2667;3828;242880;186409;28.2;21.7
974;2021-07-02;2498;3727;245378;190136;28.5;22.1
974;2021-07-03;1608;2460;246986;192596;28.7;22.4
974;2021-07-04;876;1037;247862;193633;28.8;22.5
974;2021-07-05;1683;2228;249545;195861;29.0;22.8
974;2021-07-06;2558;2533;252103;198394;29.3;23.1
974;2021-07-07;2651;3139;254754;201533;29.6;23.4
974;2021-07-08;2382;3173;257136;204706;29.9;23.8
974;2021-07-09;2740;3426;259876;208132;30.2;24.2
974;2021-07-10;1609;2187;261485;210319;30.4;24.5
974;2021-07-11;727;1020;262212;211339;30.5;24.6
974;2021-07-12;1731;2611;263943;213950;30.7;24.9
974;2021-07-13;4366;3331;268309;217281;31.2;25.3
974;2021-07-14;3264;596;271573;217877;31.6;25.3
974;2021-07-15;5506;4003;277079;221880;32.2;25.8
974;2021-07-16;6183;3289;283262;225169;32.9;26.2
974;2021-07-17;4297;1902;287559;227071;33.4;26.4
974;2021-07-18;2659;753;290218;227824;33.7;26.5
974;2021-07-19;4595;2017;294813;229841;34.3;26.7
974;2021-07-20;6176;2401;300989;232242;35.0;27.0
974;2021-07-21;6684;2843;307673;235085;35.8;27.3
974;2021-07-22;7019;2802;314692;237887;36.6;27.7
974;2021-07-23;6577;2971;321269;240858;37.4;28.0
974;2021-07-24;3757;2049;325026;242907;37.8;28.2
974;2021-07-25;2513;753;327539;243660;38.1;28.3
974;2021-07-26;4304;2072;331843;245732;38.6;28.6
974;2021-07-27;5316;2529;337159;248261;39.2;28.9
974;2021-07-28;5168;2830;342327;251091;39.8;29.2
975;2020-12-27;0;0;0;0;0.0;0.0
975;2020-12-28;0;0;0;0;0.0;0.0
975;2020-12-29;0;0;0;0;0.0;0.0
975;2020-12-30;0;0;0;0;0.0;0.0
975;2020-12-31;0;0;0;0;0.0;0.0
975;2021-01-01;0;0;0;0;0.0;0.0
975;2021-01-02;0;0;0;0;0.0;0.0
975;2021-01-03;0;0;0;0;0.0;0.0
975;2021-01-04;0;0;0;0;0.0;0.0
975;2021-01-05;0;0;0;0;0.0;0.0
975;2021-01-06;0;0;0;0;0.0;0.0
975;2021-01-07;0;0;0;0;0.0;0.0
975;2021-01-08;0;0;0;0;0.0;0.0
975;2021-01-09;0;0;0;0;0.0;0.0
975;2021-01-10;0;0;0;0;0.0;0.0
975;2021-01-11;0;0;0;0;0.0;0.0
975;2021-01-12;0;0;0;0;0.0;0.0
975;2021-01-13;0;0;0;0;0.0;0.0
975;2021-01-14;0;0;0;0;0.0;0.0
975;2021-01-15;0;0;0;0;0.0;0.0
975;2021-01-16;0;0;0;0;0.0;0.0
975;2021-01-17;0;0;0;0;0.0;0.0
975;2021-01-18;0;0;0;0;0.0;0.0
975;2021-01-19;0;0;0;0;0.0;0.0
975;2021-01-20;0;0;0;0;0.0;0.0
975;2021-01-21;0;0;0;0;0.0;0.0
975;2021-01-22;0;0;0;0;0.0;0.0
975;2021-01-23;0;0;0;0;0.0;0.0
975;2021-01-24;0;0;0;0;0.0;0.0
975;2021-01-25;0;0;0;0;0.0;0.0
975;2021-01-26;0;0;0;0;0.0;0.0
975;2021-01-27;0;0;0;0;0.0;0.0
975;2021-01-28;0;0;0;0;0.0;0.0
975;2021-01-29;0;0;0;0;0.0;0.0
975;2021-01-30;0;0;0;0;0.0;0.0
975;2021-01-31;0;0;0;0;0.0;0.0
975;2021-02-01;0;0;0;0;0.0;0.0
975;2021-02-02;0;0;0;0;0.0;0.0
975;2021-02-03;0;0;0;0;0.0;0.0
975;2021-02-04;0;0;0;0;0.0;0.0
975;2021-02-05;0;0;0;0;0.0;0.0
975;2021-02-06;0;0;0;0;0.0;0.0
975;2021-02-07;0;0;0;0;0.0;0.0
975;2021-02-08;0;0;0;0;0.0;0.0
975;2021-02-09;0;0;0;0;0.0;0.0
975;2021-02-10;0;0;0;0;0.0;0.0
975;2021-02-11;0;0;0;0;0.0;0.0
975;2021-02-12;0;0;0;0;0.0;0.0
975;2021-02-13;0;0;0;0;0.0;0.0
975;2021-02-14;0;0;0;0;0.0;0.0
975;2021-02-15;0;0;0;0;0.0;0.0
975;2021-02-16;0;0;0;0;0.0;0.0
975;2021-02-17;0;0;0;0;0.0;0.0
975;2021-02-18;0;0;0;0;0.0;0.0
975;2021-02-19;0;0;0;0;0.0;0.0
975;2021-02-20;0;0;0;0;0.0;0.0
975;2021-02-21;0;0;0;0;0.0;0.0
975;2021-02-22;0;0;0;0;0.0;0.0
975;2021-02-23;0;0;0;0;0.0;0.0
975;2021-02-24;0;0;0;0;0.0;0.0
975;2021-02-25;0;0;0;0;0.0;0.0
975;2021-02-26;0;0;0;0;0.0;0.0
975;2021-02-27;0;0;0;0;0.0;0.0
975;2021-02-28;0;0;0;0;0.0;0.0
975;2021-03-01;0;0;0;0;0.0;0.0
975;2021-03-02;0;0;0;0;0.0;0.0
975;2021-03-03;0;0;0;0;0.0;0.0
975;2021-03-04;0;0;0;0;0.0;0.0
975;2021-03-05;0;0;0;0;0.0;0.0
975;2021-03-06;0;0;0;0;0.0;0.0
975;2021-03-07;0;0;0;0;0.0;0.0
975;2021-03-08;0;0;0;0;0.0;0.0
975;2021-03-09;0;0;0;0;0.0;0.0
975;2021-03-10;0;0;0;0;0.0;0.0
975;2021-03-11;0;0;0;0;0.0;0.0
975;2021-03-12;0;0;0;0;0.0;0.0
975;2021-03-13;0;0;0;0;0.0;0.0
975;2021-03-14;0;0;0;0;0.0;0.0
975;2021-03-15;0;0;0;0;0.0;0.0
975;2021-03-16;0;0;0;0;0.0;0.0
975;2021-03-17;0;0;0;0;0.0;0.0
975;2021-03-18;0;0;0;0;0.0;0.0
975;2021-03-19;0;0;0;0;0.0;0.0
975;2021-03-20;0;0;0;0;0.0;0.0
975;2021-03-21;0;0;0;0;0.0;0.0
975;2021-03-22;0;0;0;0;0.0;0.0
975;2021-03-23;0;0;0;0;0.0;0.0
975;2021-03-24;0;0;0;0;0.0;0.0
975;2021-03-25;0;0;0;0;0.0;0.0
975;2021-03-26;0;0;0;0;0.0;0.0
975;2021-03-27;0;0;0;0;0.0;0.0
975;2021-03-28;0;0;0;0;0.0;0.0
975;2021-03-29;2;0;2;0;0.0;0.0
975;2021-03-30;0;0;2;0;0.0;0.0
975;2021-03-31;0;0;2;0;0.0;0.0
975;2021-04-01;0;0;2;0;0.0;0.0
975;2021-04-02;0;0;2;0;0.0;0.0
975;2021-04-03;0;0;2;0;0.0;0.0
975;2021-04-04;0;0;2;0;0.0;0.0
975;2021-04-05;0;0;2;0;0.0;0.0
975;2021-04-06;0;0;2;0;0.0;0.0
975;2021-04-07;0;0;2;0;0.0;0.0
975;2021-04-08;1;0;3;0;0.1;0.0
975;2021-04-09;0;0;3;0;0.1;0.0
975;2021-04-10;0;0;3;0;0.1;0.0
975;2021-04-11;0;0;3;0;0.1;0.0
975;2021-04-12;0;0;3;0;0.1;0.0
975;2021-04-13;0;0;3;0;0.1;0.0
975;2021-04-14;0;0;3;0;0.1;0.0
975;2021-04-15;0;0;3;0;0.1;0.0
975;2021-04-16;0;0;3;0;0.1;0.0
975;2021-04-17;0;0;3;0;0.1;0.0
975;2021-04-18;0;0;3;0;0.1;0.0
975;2021-04-19;0;0;3;0;0.1;0.0
975;2021-04-20;0;0;3;0;0.1;0.0
975;2021-04-21;0;0;3;0;0.1;0.0
975;2021-04-22;0;0;3;0;0.1;0.0
975;2021-04-23;0;0;3;0;0.1;0.0
975;2021-04-24;0;0;3;0;0.1;0.0
975;2021-04-25;0;0;3;0;0.1;0.0
975;2021-04-26;0;0;3;0;0.1;0.0
975;2021-04-27;0;0;3;0;0.1;0.0
975;2021-04-28;0;0;3;0;0.1;0.0
975;2021-04-29;0;0;3;0;0.1;0.0
975;2021-04-30;0;0;3;0;0.1;0.0
975;2021-05-01;0;0;3;0;0.1;0.0
975;2021-05-02;0;0;3;0;0.1;0.0
975;2021-05-03;0;0;3;0;0.1;0.0
975;2021-05-04;0;0;3;0;0.1;0.0
975;2021-05-05;0;0;3;0;0.1;0.0
975;2021-05-06;0;0;3;0;0.1;0.0
975;2021-05-07;0;0;3;0;0.1;0.0
975;2021-05-08;0;0;3;0;0.1;0.0
975;2021-05-09;0;0;3;0;0.1;0.0
975;2021-05-10;0;0;3;0;0.1;0.0
975;2021-05-11;0;0;3;0;0.1;0.0
975;2021-05-12;0;0;3;0;0.1;0.0
975;2021-05-13;0;0;3;0;0.1;0.0
975;2021-05-14;0;0;3;0;0.1;0.0
975;2021-05-15;0;0;3;0;0.1;0.0
975;2021-05-16;0;0;3;0;0.1;0.0
975;2021-05-17;0;0;3;0;0.1;0.0
975;2021-05-18;0;0;3;0;0.1;0.0
975;2021-05-19;0;0;3;0;0.1;0.0
975;2021-05-20;0;0;3;0;0.1;0.0
975;2021-05-21;0;0;3;0;0.1;0.0
975;2021-05-22;0;0;3;0;0.1;0.0
975;2021-05-23;0;0;3;0;0.1;0.0
975;2021-05-24;0;0;3;0;0.1;0.0
975;2021-05-25;0;0;3;0;0.1;0.0
975;2021-05-26;0;0;3;0;0.1;0.0
975;2021-05-27;0;0;3;0;0.1;0.0
975;2021-05-28;0;0;3;0;0.1;0.0
975;2021-05-29;0;2;3;2;0.1;0.0
975;2021-05-30;0;0;3;2;0.1;0.0
975;2021-05-31;0;0;3;2;0.1;0.0
975;2021-06-01;0;0;3;2;0.1;0.0
975;2021-06-02;0;0;3;2;0.1;0.0
975;2021-06-03;0;0;3;2;0.1;0.0
975;2021-06-04;0;0;3;2;0.1;0.0
975;2021-06-05;0;0;3;2;0.1;0.0
975;2021-06-06;0;0;3;2;0.1;0.0
975;2021-06-07;0;0;3;2;0.1;0.0
975;2021-06-08;0;0;3;2;0.1;0.0
975;2021-06-09;0;0;3;2;0.1;0.0
975;2021-06-10;0;0;3;2;0.1;0.0
975;2021-06-11;0;0;3;2;0.1;0.0
975;2021-06-12;0;0;3;2;0.1;0.0
975;2021-06-13;0;0;3;2;0.1;0.0
975;2021-06-14;0;0;3;2;0.1;0.0
975;2021-06-15;0;0;3;2;0.1;0.0
975;2021-06-16;0;0;3;2;0.1;0.0
975;2021-06-17;0;0;3;2;0.1;0.0
975;2021-06-18;0;0;3;2;0.1;0.0
975;2021-06-19;0;0;3;2;0.1;0.0
975;2021-06-20;0;0;3;2;0.1;0.0
975;2021-06-21;1;0;4;2;0.1;0.0
975;2021-06-22;0;0;4;2;0.1;0.0
975;2021-06-23;0;0;4;2;0.1;0.0
975;2021-06-24;0;0;4;2;0.1;0.0
975;2021-06-25;0;0;4;2;0.1;0.0
975;2021-06-26;0;0;4;2;0.1;0.0
975;2021-06-27;0;0;4;2;0.1;0.0
975;2021-06-28;0;0;4;2;0.1;0.0
975;2021-06-29;0;0;4;2;0.1;0.0
975;2021-06-30;0;0;4;2;0.1;0.0
975;2021-07-01;0;0;4;2;0.1;0.0
975;2021-07-02;0;0;4;2;0.1;0.0
975;2021-07-03;0;0;4;2;0.1;0.0
975;2021-07-04;0;0;4;2;0.1;0.0
975;2021-07-05;0;0;4;2;0.1;0.0
975;2021-07-06;0;0;4;2;0.1;0.0
975;2021-07-07;1;0;5;2;0.1;0.0
975;2021-07-08;0;0;5;2;0.1;0.0
975;2021-07-09;0;0;5;2;0.1;0.0
975;2021-07-10;0;0;5;2;0.1;0.0
975;2021-07-11;0;0;5;2;0.1;0.0
975;2021-07-12;0;0;5;2;0.1;0.0
975;2021-07-13;0;0;5;2;0.1;0.0
975;2021-07-14;0;0;5;2;0.1;0.0
975;2021-07-15;0;0;5;2;0.1;0.0
975;2021-07-16;0;0;5;2;0.1;0.0
975;2021-07-17;0;0;5;2;0.1;0.0
975;2021-07-18;0;0;5;2;0.1;0.0
975;2021-07-19;0;0;5;2;0.1;0.0
975;2021-07-20;0;0;5;2;0.1;0.0
975;2021-07-21;0;0;5;2;0.1;0.0
975;2021-07-22;0;0;5;2;0.1;0.0
975;2021-07-23;0;0;5;2;0.1;0.0
975;2021-07-24;0;0;5;2;0.1;0.0
975;2021-07-25;0;0;5;2;0.1;0.0
975;2021-07-26;0;0;5;2;0.1;0.0
975;2021-07-27;0;0;5;2;0.1;0.0
975;2021-07-28;0;0;5;2;0.1;0.0
976;2020-12-27;0;0;0;0;0.0;0.0
976;2020-12-28;0;0;0;0;0.0;0.0
976;2020-12-29;0;0;0;0;0.0;0.0
976;2020-12-30;0;0;0;0;0.0;0.0
976;2020-12-31;0;0;0;0;0.0;0.0
976;2021-01-01;0;0;0;0;0.0;0.0
976;2021-01-02;0;0;0;0;0.0;0.0
976;2021-01-03;0;0;0;0;0.0;0.0
976;2021-01-04;0;0;0;0;0.0;0.0
976;2021-01-05;0;0;0;0;0.0;0.0
976;2021-01-06;0;0;0;0;0.0;0.0
976;2021-01-07;0;0;0;0;0.0;0.0
976;2021-01-08;0;0;0;0;0.0;0.0
976;2021-01-09;0;0;0;0;0.0;0.0
976;2021-01-10;0;0;0;0;0.0;0.0
976;2021-01-11;9;0;9;0;0.0;0.0
976;2021-01-12;0;0;9;0;0.0;0.0
976;2021-01-13;0;0;9;0;0.0;0.0
976;2021-01-14;0;0;9;0;0.0;0.0
976;2021-01-15;1;0;10;0;0.0;0.0
976;2021-01-16;1;0;11;0;0.0;0.0
976;2021-01-17;0;0;11;0;0.0;0.0
976;2021-01-18;1;0;12;0;0.0;0.0
976;2021-01-19;0;0;12;0;0.0;0.0
976;2021-01-20;0;0;12;0;0.0;0.0
976;2021-01-21;0;0;12;0;0.0;0.0
976;2021-01-22;0;0;12;0;0.0;0.0
976;2021-01-23;1;0;13;0;0.0;0.0
976;2021-01-24;0;0;13;0;0.0;0.0
976;2021-01-25;141;1;154;1;0.1;0.0
976;2021-01-26;165;3;319;4;0.1;0.0
976;2021-01-27;251;2;570;6;0.2;0.0
976;2021-01-28;102;7;672;13;0.2;0.0
976;2021-01-29;231;2;903;15;0.3;0.0
976;2021-01-30;285;11;1188;26;0.4;0.0
976;2021-01-31;1;0;1189;26;0.4;0.0
976;2021-02-01;160;0;1349;26;0.5;0.0
976;2021-02-02;330;8;1679;34;0.6;0.0
976;2021-02-03;228;2;1907;36;0.7;0.0
976;2021-02-04;216;9;2123;45;0.8;0.0
976;2021-02-05;214;1;2337;46;0.8;0.0
976;2021-02-06;83;10;2420;56;0.9;0.0
976;2021-02-07;0;0;2420;56;0.9;0.0
976;2021-02-08;82;3;2502;59;0.9;0.0
976;2021-02-09;193;0;2695;59;1.0;0.0
976;2021-02-10;187;4;2882;63;1.0;0.0
976;2021-02-11;236;3;3118;66;1.1;0.0
976;2021-02-12;287;4;3405;70;1.2;0.0
976;2021-02-13;56;0;3461;70;1.2;0.0
976;2021-02-14;1;0;3462;70;1.2;0.0
976;2021-02-15;359;6;3821;76;1.4;0.0
976;2021-02-16;266;8;4087;84;1.5;0.0
976;2021-02-17;167;6;4254;90;1.5;0.0
976;2021-02-18;217;12;4471;102;1.6;0.0
976;2021-02-19;237;24;4708;126;1.7;0.0
976;2021-02-20;139;8;4847;134;1.7;0.0
976;2021-02-21;0;0;4847;134;1.7;0.0
976;2021-02-22;130;122;4977;256;1.8;0.1
976;2021-02-23;185;155;5162;411;1.8;0.1
976;2021-02-24;176;145;5338;556;1.9;0.2
976;2021-02-25;227;277;5565;833;2.0;0.3
976;2021-02-26;242;246;5807;1079;2.1;0.4
976;2021-02-27;0;0;5807;1079;2.1;0.4
976;2021-02-28;0;0;5807;1079;2.1;0.4
976;2021-03-01;145;259;5952;1338;2.1;0.5
976;2021-03-02;228;259;6180;1597;2.2;0.6
976;2021-03-03;202;189;6382;1786;2.3;0.6
976;2021-03-04;205;142;6587;1928;2.4;0.7
976;2021-03-05;224;113;6811;2041;2.4;0.7
976;2021-03-06;1;0;6812;2041;2.4;0.7
976;2021-03-07;0;0;6812;2041;2.4;0.7
976;2021-03-08;189;110;7001;2151;2.5;0.8
976;2021-03-09;391;161;7392;2312;2.6;0.8
976;2021-03-10;180;178;7572;2490;2.7;0.9
976;2021-03-11;167;207;7739;2697;2.8;1.0
976;2021-03-12;237;292;7976;2989;2.9;1.1
976;2021-03-13;2;0;7978;2989;2.9;1.1
976;2021-03-14;0;0;7978;2989;2.9;1.1
976;2021-03-15;157;293;8135;3282;2.9;1.2
976;2021-03-16;236;223;8371;3505;3.0;1.3
976;2021-03-17;264;143;8635;3648;3.1;1.3
976;2021-03-18;173;236;8808;3884;3.2;1.4
976;2021-03-19;172;298;8980;4182;3.2;1.5
976;2021-03-20;0;0;8980;4182;3.2;1.5
976;2021-03-21;0;0;8980;4182;3.2;1.5
976;2021-03-22;98;136;9078;4318;3.2;1.5
976;2021-03-23;136;240;9214;4558;3.3;1.6
976;2021-03-24;160;146;9374;4704;3.4;1.7
976;2021-03-25;186;206;9560;4910;3.4;1.8
976;2021-03-26;160;211;9720;5121;3.5;1.8
976;2021-03-27;18;0;9738;5121;3.5;1.8
976;2021-03-28;0;0;9738;5121;3.5;1.8
976;2021-03-29;0;2;9738;5123;3.5;1.8
976;2021-03-30;272;334;10010;5457;3.6;2.0
976;2021-03-31;224;125;10234;5582;3.7;2.0
976;2021-04-01;244;103;10478;5685;3.7;2.0
976;2021-04-02;288;263;10766;5948;3.9;2.1
976;2021-04-03;906;307;11672;6255;4.2;2.2
976;2021-04-04;1;0;11673;6255;4.2;2.2
976;2021-04-05;1;0;11674;6255;4.2;2.2
976;2021-04-06;162;278;11836;6533;4.2;2.3
976;2021-04-07;237;266;12073;6799;4.3;2.4
976;2021-04-08;286;140;12359;6939;4.4;2.5
976;2021-04-09;248;171;12607;7110;4.5;2.5
976;2021-04-10;181;114;12788;7224;4.6;2.6
976;2021-04-11;7;0;12795;7224;4.6;2.6
976;2021-04-12;0;19;12795;7243;4.6;2.6
976;2021-04-13;394;344;13189;7587;4.7;2.7
976;2021-04-14;239;205;13428;7792;4.8;2.8
976;2021-04-15;207;117;13635;7909;4.9;2.8
976;2021-04-16;214;127;13849;8036;5.0;2.9
976;2021-04-17;226;131;14075;8167;5.0;2.9
976;2021-04-18;1;0;14076;8167;5.0;2.9
976;2021-04-19;7;1;14083;8168;5.0;2.9
976;2021-04-20;369;224;14452;8392;5.2;3.0
976;2021-04-21;413;150;14865;8542;5.3;3.1
976;2021-04-22;410;151;15275;8693;5.5;3.1
976;2021-04-23;367;166;15642;8859;5.6;3.2
976;2021-04-24;413;128;16055;8987;5.7;3.2
976;2021-04-25;2;0;16057;8987;5.7;3.2
976;2021-04-26;54;8;16111;8995;5.8;3.2
976;2021-04-27;351;293;16462;9288;5.9;3.3
976;2021-04-28;355;515;16817;9803;6.0;3.5
976;2021-04-29;559;344;17376;10147;6.2;3.6
976;2021-04-30;404;238;17780;10385;6.4;3.7
976;2021-05-01;671;285;18451;10670;6.6;3.8
976;2021-05-02;0;0;18451;10670;6.6;3.8
976;2021-05-03;140;6;18591;10676;6.7;3.8
976;2021-05-04;353;426;18944;11102;6.8;4.0
976;2021-05-05;447;318;19391;11420;6.9;4.1
976;2021-05-06;320;201;19711;11621;7.1;4.2
976;2021-05-07;341;133;20052;11754;7.2;4.2
976;2021-05-08;301;139;20353;11893;7.3;4.3
976;2021-05-09;0;0;20353;11893;7.3;4.3
976;2021-05-10;9;9;20362;11902;7.3;4.3
976;2021-05-11;361;488;20723;12390;7.4;4.4
976;2021-05-12;333;310;21056;12700;7.5;4.5
976;2021-05-13;127;97;21183;12797;7.6;4.6
976;2021-05-14;0;0;21183;12797;7.6;4.6
976;2021-05-15;485;283;21668;13080;7.8;4.7
976;2021-05-16;1;0;21669;13080;7.8;4.7
976;2021-05-17;123;51;21792;13131;7.8;4.7
976;2021-05-18;516;430;22308;13561;8.0;4.9
976;2021-05-19;650;663;22958;14224;8.2;5.1
976;2021-05-20;1054;496;24012;14720;8.6;5.3
976;2021-05-21;1046;314;25058;15034;9.0;5.4
976;2021-05-22;1242;299;26300;15333;9.4;5.5
976;2021-05-23;0;0;26300;15333;9.4;5.5
976;2021-05-24;1;0;26301;15333;9.4;5.5
976;2021-05-25;887;623;27188;15956;9.7;5.7
976;2021-05-26;1036;841;28224;16797;10.1;6.0
976;2021-05-27;1322;510;29546;17307;10.6;6.2
976;2021-05-28;957;374;30503;17681;10.9;6.3
976;2021-05-29;1130;391;31633;18072;11.3;6.5
976;2021-05-30;0;1;31633;18073;11.3;6.5
976;2021-05-31;105;6;31738;18079;11.4;6.5
976;2021-06-01;1151;651;32889;18730;11.8;6.7
976;2021-06-02;1227;531;34116;19261;12.2;6.9
976;2021-06-03;807;352;34923;19613;12.5;7.0
976;2021-06-04;997;321;35920;19934;12.9;7.1
976;2021-06-05;677;300;36597;20234;13.1;7.2
976;2021-06-06;1;0;36598;20234;13.1;7.2
976;2021-06-07;89;12;36687;20246;13.1;7.2
976;2021-06-08;955;444;37642;20690;13.5;7.4
976;2021-06-09;972;551;38614;21241;13.8;7.6
976;2021-06-10;692;230;39306;21471;14.1;7.7
976;2021-06-11;848;366;40154;21837;14.4;7.8
976;2021-06-12;581;276;40735;22113;14.6;7.9
976;2021-06-13;1;0;40736;22113;14.6;7.9
976;2021-06-14;186;112;40922;22225;14.6;8.0
976;2021-06-15;412;839;41334;23064;14.8;8.3
976;2021-06-16;889;1441;42223;24505;15.1;8.8
976;2021-06-17;774;656;42997;25161;15.4;9.0
976;2021-06-18;706;621;43703;25782;15.6;9.2
976;2021-06-19;536;643;44239;26425;15.8;9.5
976;2021-06-20;1;0;44240;26425;15.8;9.5
976;2021-06-21;126;130;44366;26555;15.9;9.5
976;2021-06-22;429;1150;44795;27705;16.0;9.9
976;2021-06-23;659;1185;45454;28890;16.3;10.3
976;2021-06-24;465;545;45919;29435;16.4;10.5
976;2021-06-25;539;474;46458;29909;16.6;10.7
976;2021-06-26;388;689;46846;30598;16.8;10.9
976;2021-06-27;0;0;46846;30598;16.8;10.9
976;2021-06-28;106;191;46952;30789;16.8;11.0
976;2021-06-29;691;974;47643;31763;17.0;11.4
976;2021-06-30;670;946;48313;32709;17.3;11.7
976;2021-07-01;568;544;48881;33253;17.5;11.9
976;2021-07-02;449;429;49330;33682;17.7;12.1
976;2021-07-03;442;415;49772;34097;17.8;12.2
976;2021-07-04;1;0;49773;34097;17.8;12.2
976;2021-07-05;114;225;49887;34322;17.9;12.3
976;2021-07-06;494;857;50381;35179;18.0;12.6
976;2021-07-07;755;1001;51136;36180;18.3;12.9
976;2021-07-08;792;628;51928;36808;18.6;13.2
976;2021-07-09;781;514;52709;37322;18.9;13.4
976;2021-07-10;434;315;53143;37637;19.0;13.5
976;2021-07-11;0;0;53143;37637;19.0;13.5
976;2021-07-12;160;171;53303;37808;19.1;13.5
976;2021-07-13;829;993;54132;38801;19.4;13.9
976;2021-07-14;0;5;54132;38806;19.4;13.9
976;2021-07-15;1203;807;55335;39613;19.8;14.2
976;2021-07-16;1284;648;56619;40261;20.3;14.4
976;2021-07-17;1031;366;57650;40627;20.6;14.5
976;2021-07-18;0;0;57650;40627;20.6;14.5
976;2021-07-19;203;133;57853;40760;20.7;14.6
976;2021-07-20;1149;864;59002;41624;21.1;14.9
976;2021-07-21;32;28;59034;41652;21.1;14.9
976;2021-07-22;1119;648;60153;42300;21.5;15.1
976;2021-07-23;1198;531;61351;42831;22.0;15.3
976;2021-07-24;845;432;62196;43263;22.3;15.5
976;2021-07-25;0;0;62196;43263;22.3;15.5
976;2021-07-26;177;36;62373;43299;22.3;15.5
976;2021-07-27;1102;815;63475;44114;22.7;15.8
976;2021-07-28;866;622;64341;44736;23.0;16.0
977;2020-12-27;0;0;0;0;0.0;0.0
977;2020-12-28;0;0;0;0;0.0;0.0
977;2020-12-29;0;0;0;0;0.0;0.0
977;2020-12-30;0;0;0;0;0.0;0.0
977;2020-12-31;0;0;0;0;0.0;0.0
977;2021-01-01;0;0;0;0;0.0;0.0
977;2021-01-02;0;0;0;0;0.0;0.0
977;2021-01-03;0;0;0;0;0.0;0.0
977;2021-01-04;0;0;0;0;0.0;0.0
977;2021-01-05;0;0;0;0;0.0;0.0
977;2021-01-06;0;0;0;0;0.0;0.0
977;2021-01-07;0;0;0;0;0.0;0.0
977;2021-01-08;0;0;0;0;0.0;0.0
977;2021-01-09;0;0;0;0;0.0;0.0
977;2021-01-10;0;0;0;0;0.0;0.0
977;2021-01-11;0;0;0;0;0.0;0.0
977;2021-01-12;0;0;0;0;0.0;0.0
977;2021-01-13;0;0;0;0;0.0;0.0
977;2021-01-14;0;0;0;0;0.0;0.0
977;2021-01-15;0;0;0;0;0.0;0.0
977;2021-01-16;0;0;0;0;0.0;0.0
977;2021-01-17;0;0;0;0;0.0;0.0
977;2021-01-18;1;0;1;0;0.0;0.0
977;2021-01-19;0;0;1;0;0.0;0.0
977;2021-01-20;0;0;1;0;0.0;0.0
977;2021-01-21;12;0;13;0;0.1;0.0
977;2021-01-22;12;0;25;0;0.3;0.0
977;2021-01-23;0;0;25;0;0.3;0.0
977;2021-01-24;0;0;25;0;0.3;0.0
977;2021-01-25;0;0;25;0;0.3;0.0
977;2021-01-26;0;0;25;0;0.3;0.0
977;2021-01-27;12;0;37;0;0.4;0.0
977;2021-01-28;1;0;38;0;0.4;0.0
977;2021-01-29;6;0;44;0;0.4;0.0
977;2021-01-30;0;0;44;0;0.4;0.0
977;2021-01-31;0;0;44;0;0.4;0.0
977;2021-02-01;0;0;44;0;0.4;0.0
977;2021-02-02;0;0;44;0;0.4;0.0
977;2021-02-03;11;0;55;0;0.6;0.0
977;2021-02-04;12;0;67;0;0.7;0.0
977;2021-02-05;11;0;78;0;0.8;0.0
977;2021-02-06;0;0;78;0;0.8;0.0
977;2021-02-07;0;0;78;0;0.8;0.0
977;2021-02-08;0;0;78;0;0.8;0.0
977;2021-02-09;13;0;91;0;0.9;0.0
977;2021-02-10;0;0;91;0;0.9;0.0
977;2021-02-11;17;0;108;0;1.1;0.0
977;2021-02-12;45;0;153;0;1.5;0.0
977;2021-02-13;0;0;153;0;1.5;0.0
977;2021-02-14;0;0;153;0;1.5;0.0
977;2021-02-15;0;0;153;0;1.5;0.0
977;2021-02-16;0;0;153;0;1.5;0.0
977;2021-02-17;0;0;153;0;1.5;0.0
977;2021-02-18;18;0;171;0;1.7;0.0
977;2021-02-19;35;0;206;0;2.1;0.0
977;2021-02-20;0;0;206;0;2.1;0.0
977;2021-02-21;0;0;206;0;2.1;0.0
977;2021-02-22;0;0;206;0;2.1;0.0
977;2021-02-23;0;22;206;22;2.1;0.2
977;2021-02-24;0;0;206;22;2.1;0.2
977;2021-02-25;15;10;221;32;2.2;0.3
977;2021-02-26;33;20;254;52;2.5;0.5
977;2021-02-27;0;0;254;52;2.5;0.5
977;2021-02-28;0;0;254;52;2.5;0.5
977;2021-03-01;0;0;254;52;2.5;0.5
977;2021-03-02;19;11;273;63;2.7;0.6
977;2021-03-03;0;0;273;63;2.7;0.6
977;2021-03-04;16;12;289;75;2.9;0.8
977;2021-03-05;35;19;324;94;3.3;0.9
977;2021-03-06;0;0;324;94;3.3;0.9
977;2021-03-07;0;0;324;94;3.3;0.9
977;2021-03-08;0;0;324;94;3.3;0.9
977;2021-03-09;1;0;325;94;3.3;0.9
977;2021-03-10;0;0;325;94;3.3;0.9
977;2021-03-11;20;30;345;124;3.5;1.2
977;2021-03-12;62;41;407;165;4.1;1.7
977;2021-03-13;0;0;407;165;4.1;1.7
977;2021-03-14;0;0;407;165;4.1;1.7
977;2021-03-15;0;0;407;165;4.1;1.7
977;2021-03-16;30;9;437;174;4.4;1.7
977;2021-03-17;0;0;437;174;4.4;1.7
977;2021-03-18;30;16;467;190;4.7;1.9
977;2021-03-19;55;30;522;220;5.2;2.2
977;2021-03-20;0;0;522;220;5.2;2.2
977;2021-03-21;0;0;522;220;5.2;2.2
977;2021-03-22;0;0;522;220;5.2;2.2
977;2021-03-23;0;0;522;220;5.2;2.2
977;2021-03-24;0;0;522;220;5.2;2.2
977;2021-03-25;65;17;587;237;5.9;2.4
977;2021-03-26;73;26;660;263;6.6;2.6
977;2021-03-27;0;0;660;263;6.6;2.6
977;2021-03-28;0;0;660;263;6.6;2.6
977;2021-03-29;0;0;660;263;6.6;2.6
977;2021-03-30;40;18;700;281;7.0;2.8
977;2021-03-31;26;15;726;296;7.3;3.0
977;2021-04-01;25;32;751;328;7.5;3.3
977;2021-04-02;0;0;751;328;7.5;3.3
977;2021-04-03;0;0;751;328;7.5;3.3
977;2021-04-04;0;0;751;328;7.5;3.3
977;2021-04-05;9;0;760;328;7.6;3.3
977;2021-04-06;0;0;760;328;7.6;3.3
977;2021-04-07;0;0;760;328;7.6;3.3
977;2021-04-08;57;46;817;374;8.2;3.8
977;2021-04-09;58;31;875;405;8.8;4.1
977;2021-04-10;0;0;875;405;8.8;4.1
977;2021-04-11;0;0;875;405;8.8;4.1
977;2021-04-12;0;0;875;405;8.8;4.1
977;2021-04-13;0;0;875;405;8.8;4.1
977;2021-04-14;5;6;880;411;8.8;4.1
977;2021-04-15;56;71;936;482;9.4;4.8
977;2021-04-16;90;35;1026;517;10.3;5.2
977;2021-04-17;0;1;1026;518;10.3;5.2
977;2021-04-18;0;0;1026;518;10.3;5.2
977;2021-04-19;1;0;1027;518;10.3;5.2
977;2021-04-20;335;66;1362;584;13.7;5.9
977;2021-04-21;337;29;1699;613;17.1;6.2
977;2021-04-22;284;50;1983;663;19.9;6.7
977;2021-04-23;259;42;2242;705;22.5;7.1
977;2021-04-24;231;1;2473;706;24.8;7.1
977;2021-04-25;0;0;2473;706;24.8;7.1
977;2021-04-26;283;20;2756;726;27.7;7.3
977;2021-04-27;224;69;2980;795;29.9;8.0
977;2021-04-28;192;26;3172;821;31.8;8.2
977;2021-04-29;170;23;3342;844;33.6;8.5
977;2021-04-30;172;16;3514;860;35.3;8.6
977;2021-05-01;202;12;3716;872;37.3;8.8
977;2021-05-02;0;0;3716;872;37.3;8.8
977;2021-05-03;135;9;3851;881;38.7;8.8
977;2021-05-04;161;53;4012;934;40.3;9.4
977;2021-05-05;221;30;4233;964;42.5;9.7
977;2021-05-06;175;33;4408;997;44.3;10.0
977;2021-05-07;149;31;4557;1028;45.7;10.3
977;2021-05-08;1;0;4558;1028;45.8;10.3
977;2021-05-09;0;2;4558;1030;45.8;10.3
977;2021-05-10;0;0;4558;1030;45.8;10.3
977;2021-05-11;3;41;4561;1071;45.8;10.8
977;2021-05-12;6;36;4567;1107;45.8;11.1
977;2021-05-13;0;0;4567;1107;45.8;11.1
977;2021-05-14;28;98;4595;1205;46.1;12.1
977;2021-05-15;0;0;4595;1205;46.1;12.1
977;2021-05-16;1;0;4596;1205;46.1;12.1
977;2021-05-17;1;14;4597;1219;46.1;12.2
977;2021-05-18;17;32;4614;1251;46.3;12.6
977;2021-05-19;0;1;4614;1252;46.3;12.6
977;2021-05-20;0;8;4614;1260;46.3;12.6
977;2021-05-21;12;32;4626;1292;46.4;13.0
977;2021-05-22;0;0;4626;1292;46.4;13.0
977;2021-05-23;0;0;4626;1292;46.4;13.0
977;2021-05-24;0;0;4626;1292;46.4;13.0
977;2021-05-25;50;333;4676;1625;46.9;16.3
977;2021-05-26;54;360;4730;1985;47.5;19.9
977;2021-05-27;34;317;4764;2302;47.8;23.1
977;2021-05-28;27;256;4791;2558;48.1;25.7
977;2021-05-29;35;375;4826;2933;48.4;29.4
977;2021-05-30;1;0;4827;2933;48.5;29.4
977;2021-05-31;45;217;4872;3150;48.9;31.6
977;2021-06-01;48;227;4920;3377;49.4;33.9
977;2021-06-02;69;274;4989;3651;50.1;36.7
977;2021-06-03;41;252;5030;3903;50.5;39.2
977;2021-06-04;79;270;5109;4173;51.3;41.9
977;2021-06-05;1;0;5110;4173;51.3;41.9
977;2021-06-06;0;0;5110;4173;51.3;41.9
977;2021-06-07;1;1;5111;4174;51.3;41.9
977;2021-06-08;3;2;5114;4176;51.3;41.9
977;2021-06-09;0;3;5114;4179;51.3;42.0
977;2021-06-10;8;4;5122;4183;51.4;42.0
977;2021-06-11;4;8;5126;4191;51.5;42.1
977;2021-06-12;16;59;5142;4250;51.6;42.7
977;2021-06-13;0;0;5142;4250;51.6;42.7
977;2021-06-14;0;0;5142;4250;51.6;42.7
977;2021-06-15;0;1;5142;4251;51.6;42.7
977;2021-06-16;0;0;5142;4251;51.6;42.7
977;2021-06-17;2;6;5144;4257;51.6;42.7
977;2021-06-18;0;2;5144;4259;51.6;42.8
977;2021-06-19;25;49;5169;4308;51.9;43.2
977;2021-06-20;0;0;5169;4308;51.9;43.2
977;2021-06-21;0;2;5169;4310;51.9;43.3
977;2021-06-22;8;0;5177;4310;52.0;43.3
977;2021-06-23;15;9;5192;4319;52.1;43.4
977;2021-06-24;10;5;5202;4324;52.2;43.4
977;2021-06-25;0;0;5202;4324;52.2;43.4
977;2021-06-26;25;45;5227;4369;52.5;43.9
977;2021-06-27;0;0;5227;4369;52.5;43.9
977;2021-06-28;0;0;5227;4369;52.5;43.9
977;2021-06-29;0;0;5227;4369;52.5;43.9
977;2021-06-30;0;0;5227;4369;52.5;43.9
977;2021-07-01;26;35;5253;4404;52.7;44.2
977;2021-07-02;26;32;5279;4436;53.0;44.5
977;2021-07-03;27;212;5306;4648;53.3;46.7
977;2021-07-04;0;0;5306;4648;53.3;46.7
977;2021-07-05;4;8;5310;4656;53.3;46.7
977;2021-07-06;0;0;5310;4656;53.3;46.7
977;2021-07-07;8;0;5318;4656;53.4;46.7
977;2021-07-08;33;23;5351;4679;53.7;47.0
977;2021-07-09;23;34;5374;4713;54.0;47.3
977;2021-07-10;28;40;5402;4753;54.2;47.7
977;2021-07-11;0;0;5402;4753;54.2;47.7
977;2021-07-12;0;1;5402;4754;54.2;47.7
977;2021-07-13;10;9;5412;4763;54.3;47.8
977;2021-07-14;0;0;5412;4763;54.3;47.8
977;2021-07-15;1;11;5413;4774;54.3;47.9
977;2021-07-16;44;50;5457;4824;54.8;48.4
977;2021-07-17;34;36;5491;4860;55.1;48.8
977;2021-07-18;0;0;5491;4860;55.1;48.8
977;2021-07-19;3;2;5494;4862;55.2;48.8
977;2021-07-20;3;1;5497;4863;55.2;48.8
977;2021-07-21;33;16;5530;4879;55.5;49.0
977;2021-07-22;35;33;5565;4912;55.9;49.3
977;2021-07-23;32;28;5597;4940;56.2;49.6
977;2021-07-24;43;26;5640;4966;56.6;49.9
977;2021-07-25;0;0;5640;4966;56.6;49.9
977;2021-07-26;13;9;5653;4975;56.8;49.9
977;2021-07-27;0;10;5653;4985;56.8;50.0
977;2021-07-28;31;14;5684;4999;57.1;50.2
978;2020-12-27;0;0;0;0;0.0;0.0
978;2020-12-28;0;0;0;0;0.0;0.0
978;2020-12-29;0;0;0;0;0.0;0.0
978;2020-12-30;0;0;0;0;0.0;0.0
978;2020-12-31;0;0;0;0;0.0;0.0
978;2021-01-01;0;0;0;0;0.0;0.0
978;2021-01-02;0;0;0;0;0.0;0.0
978;2021-01-03;0;0;0;0;0.0;0.0
978;2021-01-04;0;0;0;0;0.0;0.0
978;2021-01-05;0;0;0;0;0.0;0.0
978;2021-01-06;0;0;0;0;0.0;0.0
978;2021-01-07;0;0;0;0;0.0;0.0
978;2021-01-08;0;0;0;0;0.0;0.0
978;2021-01-09;0;0;0;0;0.0;0.0
978;2021-01-10;0;0;0;0;0.0;0.0
978;2021-01-11;0;0;0;0;0.0;0.0
978;2021-01-12;0;0;0;0;0.0;0.0
978;2021-01-13;10;0;10;0;0.0;0.0
978;2021-01-14;12;0;22;0;0.1;0.0
978;2021-01-15;9;0;31;0;0.1;0.0
978;2021-01-16;0;0;31;0;0.1;0.0
978;2021-01-17;0;0;31;0;0.1;0.0
978;2021-01-18;0;0;31;0;0.1;0.0
978;2021-01-19;12;0;43;0;0.1;0.0
978;2021-01-20;13;0;56;0;0.2;0.0
978;2021-01-21;6;0;62;0;0.2;0.0
978;2021-01-22;0;0;62;0;0.2;0.0
978;2021-01-23;0;0;62;0;0.2;0.0
978;2021-01-24;0;0;62;0;0.2;0.0
978;2021-01-25;0;0;62;0;0.2;0.0
978;2021-01-26;9;0;71;0;0.2;0.0
978;2021-01-27;10;0;81;0;0.2;0.0
978;2021-01-28;6;0;87;0;0.2;0.0
978;2021-01-29;0;0;87;0;0.2;0.0
978;2021-01-30;0;0;87;0;0.2;0.0
978;2021-01-31;0;0;87;0;0.2;0.0
978;2021-02-01;0;0;87;0;0.2;0.0
978;2021-02-02;38;0;125;0;0.4;0.0
978;2021-02-03;10;0;135;0;0.4;0.0
978;2021-02-04;31;0;166;0;0.5;0.0
978;2021-02-05;6;0;172;0;0.5;0.0
978;2021-02-06;0;0;172;0;0.5;0.0
978;2021-02-07;0;0;172;0;0.5;0.0
978;2021-02-08;0;0;172;0;0.5;0.0
978;2021-02-09;38;0;210;0;0.6;0.0
978;2021-02-10;27;1;237;1;0.7;0.0
978;2021-02-11;0;0;237;1;0.7;0.0
978;2021-02-12;36;0;273;1;0.8;0.0
978;2021-02-13;0;0;273;1;0.8;0.0
978;2021-02-14;0;0;273;1;0.8;0.0
978;2021-02-15;50;1;323;2;0.9;0.0
978;2021-02-16;0;0;323;2;0.9;0.0
978;2021-02-17;0;0;323;2;0.9;0.0
978;2021-02-18;28;0;351;2;1.0;0.0
978;2021-02-19;44;0;395;2;1.1;0.0
978;2021-02-20;0;0;395;2;1.1;0.0
978;2021-02-21;0;0;395;2;1.1;0.0
978;2021-02-22;45;4;440;6;1.2;0.0
978;2021-02-23;41;29;481;35;1.4;0.1
978;2021-02-24;35;1;516;36;1.5;0.1
978;2021-02-25;55;36;571;72;1.6;0.2
978;2021-02-26;39;5;610;77;1.7;0.2
978;2021-02-27;0;0;610;77;1.7;0.2
978;2021-02-28;0;0;610;77;1.7;0.2
978;2021-03-01;49;5;659;82;1.9;0.2
978;2021-03-02;7;27;666;109;1.9;0.3
978;2021-03-03;42;28;708;137;2.0;0.4
978;2021-03-04;30;26;738;163;2.1;0.5
978;2021-03-05;46;10;784;173;2.2;0.5
978;2021-03-06;0;0;784;173;2.2;0.5
978;2021-03-07;0;0;784;173;2.2;0.5
978;2021-03-08;32;7;816;180;2.3;0.5
978;2021-03-09;19;27;835;207;2.4;0.6
978;2021-03-10;33;28;868;235;2.5;0.7
978;2021-03-11;2;0;870;235;2.5;0.7
978;2021-03-12;52;21;922;256;2.6;0.7
978;2021-03-13;13;0;935;256;2.6;0.7
978;2021-03-14;0;0;935;256;2.6;0.7
978;2021-03-15;31;41;966;297;2.7;0.8
978;2021-03-16;73;6;1039;303;2.9;0.9
978;2021-03-17;67;13;1106;316;3.1;0.9
978;2021-03-18;82;39;1188;355;3.4;1.0
978;2021-03-19;32;50;1220;405;3.5;1.1
978;2021-03-20;0;0;1220;405;3.5;1.1
978;2021-03-21;0;0;1220;405;3.5;1.1
978;2021-03-22;34;45;1254;450;3.5;1.3
978;2021-03-23;30;43;1284;493;3.6;1.4
978;2021-03-24;38;42;1322;535;3.7;1.5
978;2021-03-25;93;34;1415;569;4.0;1.6
978;2021-03-26;45;33;1460;602;4.1;1.7
978;2021-03-27;94;3;1554;605;4.4;1.7
978;2021-03-28;0;0;1554;605;4.4;1.7
978;2021-03-29;69;48;1623;653;4.6;1.8
978;2021-03-30;98;24;1721;677;4.9;1.9
978;2021-03-31;90;49;1811;726;5.1;2.1
978;2021-04-01;56;48;1867;774;5.3;2.2
978;2021-04-02;0;0;1867;774;5.3;2.2
978;2021-04-03;0;0;1867;774;5.3;2.2
978;2021-04-04;0;0;1867;774;5.3;2.2
978;2021-04-05;2;0;1869;774;5.3;2.2
978;2021-04-06;49;63;1918;837;5.4;2.4
978;2021-04-07;91;33;2009;870;5.7;2.5
978;2021-04-08;120;7;2129;877;6.0;2.5
978;2021-04-09;90;39;2219;916;6.3;2.6
978;2021-04-10;168;11;2387;927;6.8;2.6
978;2021-04-11;0;0;2387;927;6.8;2.6
978;2021-04-12;41;75;2428;1002;6.9;2.8
978;2021-04-13;49;71;2477;1073;7.0;3.0
978;2021-04-14;82;45;2559;1118;7.2;3.2
978;2021-04-15;92;24;2651;1142;7.5;3.2
978;2021-04-16;77;42;2728;1184;7.7;3.4
978;2021-04-17;165;4;2893;1188;8.2;3.4
978;2021-04-18;0;0;2893;1188;8.2;3.4
978;2021-04-19;52;67;2945;1255;8.3;3.6
978;2021-04-20;83;27;3028;1282;8.6;3.6
978;2021-04-21;91;29;3119;1311;8.8;3.7
978;2021-04-22;101;20;3220;1331;9.1;3.8
978;2021-04-23;45;66;3265;1397;9.2;4.0
978;2021-04-24;99;78;3364;1475;9.5;4.2
978;2021-04-25;0;0;3364;1475;9.5;4.2
978;2021-04-26;29;91;3393;1566;9.6;4.4
978;2021-04-27;59;63;3452;1629;9.8;4.6
978;2021-04-28;90;39;3542;1668;10.0;4.7
978;2021-04-29;89;33;3631;1701;10.3;4.8
978;2021-04-30;104;14;3735;1715;10.6;4.9
978;2021-05-01;0;8;3735;1723;10.6;4.9
978;2021-05-02;0;0;3735;1723;10.6;4.9
978;2021-05-03;25;99;3760;1822;10.6;5.2
978;2021-05-04;159;102;3919;1924;11.1;5.4
978;2021-05-05;141;58;4060;1982;11.5;5.6
978;2021-05-06;200;49;4260;2031;12.1;5.7
978;2021-05-07;127;71;4387;2102;12.4;5.9
978;2021-05-08;69;122;4456;2224;12.6;6.3
978;2021-05-09;0;0;4456;2224;12.6;6.3
978;2021-05-10;124;99;4580;2323;13.0;6.6
978;2021-05-11;132;72;4712;2395;13.3;6.8
978;2021-05-12;156;78;4868;2473;13.8;7.0
978;2021-05-13;83;6;4951;2479;14.0;7.0
978;2021-05-14;130;62;5081;2541;14.4;7.2
978;2021-05-15;87;4;5168;2545;14.6;7.2
978;2021-05-16;0;0;5168;2545;14.6;7.2
978;2021-05-17;146;115;5314;2660;15.0;7.5
978;2021-05-18;151;94;5465;2754;15.5;7.8
978;2021-05-19;84;69;5549;2823;15.7;8.0
978;2021-05-20;103;26;5652;2849;16.0;8.1
978;2021-05-21;98;53;5750;2902;16.3;8.2
978;2021-05-22;100;11;5850;2913;16.6;8.2
978;2021-05-23;0;0;5850;2913;16.6;8.2
978;2021-05-24;33;7;5883;2920;16.6;8.3
978;2021-05-25;119;78;6002;2998;17.0;8.5
978;2021-05-26;109;49;6111;3047;17.3;8.6
978;2021-05-27;112;42;6223;3089;17.6;8.7
978;2021-05-28;33;1;6256;3090;17.7;8.7
978;2021-05-29;60;213;6316;3303;17.9;9.3
978;2021-05-30;0;0;6316;3303;17.9;9.3
978;2021-05-31;112;63;6428;3366;18.2;9.5
978;2021-06-01;116;62;6544;3428;18.5;9.7
978;2021-06-02;131;33;6675;3461;18.9;9.8
978;2021-06-03;102;38;6777;3499;19.2;9.9
978;2021-06-04;128;70;6905;3569;19.5;10.1
978;2021-06-05;83;21;6988;3590;19.8;10.2
978;2021-06-06;0;0;6988;3590;19.8;10.2
978;2021-06-07;96;96;7084;3686;20.0;10.4
978;2021-06-08;82;89;7166;3775;20.3;10.7
978;2021-06-09;99;73;7265;3848;20.6;10.9
978;2021-06-10;112;65;7377;3913;20.9;11.1
978;2021-06-11;116;106;7493;4019;21.2;11.4
978;2021-06-12;57;30;7550;4049;21.4;11.5
978;2021-06-13;0;0;7550;4049;21.4;11.5
978;2021-06-14;106;127;7656;4176;21.7;11.8
978;2021-06-15;87;119;7743;4295;21.9;12.2
978;2021-06-16;105;148;7848;4443;22.2;12.6
978;2021-06-17;85;72;7933;4515;22.5;12.8
978;2021-06-18;66;99;7999;4614;22.6;13.1
978;2021-06-19;64;79;8063;4693;22.8;13.3
978;2021-06-20;0;0;8063;4693;22.8;13.3
978;2021-06-21;78;152;8141;4845;23.0;13.7
978;2021-06-22;71;103;8212;4948;23.2;14.0
978;2021-06-23;68;115;8280;5063;23.4;14.3
978;2021-06-24;43;75;8323;5138;23.6;14.5
978;2021-06-25;63;100;8386;5238;23.7;14.8
978;2021-06-26;35;61;8421;5299;23.8;15.0
978;2021-06-27;0;0;8421;5299;23.8;15.0
978;2021-06-28;72;129;8493;5428;24.0;15.4
978;2021-06-29;60;105;8553;5533;24.2;15.7
978;2021-06-30;56;110;8609;5643;24.4;16.0
978;2021-07-01;42;87;8651;5730;24.5;16.2
978;2021-07-02;52;91;8703;5821;24.6;16.5
978;2021-07-03;40;90;8743;5911;24.7;16.7
978;2021-07-04;0;1;8743;5912;24.7;16.7
978;2021-07-05;66;93;8809;6005;24.9;17.0
978;2021-07-06;55;76;8864;6081;25.1;17.2
978;2021-07-07;55;123;8919;6204;25.2;17.6
978;2021-07-08;52;106;8971;6310;25.4;17.9
978;2021-07-09;45;93;9016;6403;25.5;18.1
978;2021-07-10;38;84;9054;6487;25.6;18.4
978;2021-07-11;0;4;9054;6491;25.6;18.4
978;2021-07-12;69;130;9123;6621;25.8;18.7
978;2021-07-13;146;162;9269;6783;26.2;19.2
978;2021-07-14;3;0;9272;6783;26.2;19.2
978;2021-07-15;161;194;9433;6977;26.7;19.7
978;2021-07-16;112;113;9545;7090;27.0;20.1
978;2021-07-17;51;100;9596;7190;27.2;20.3
978;2021-07-18;0;0;9596;7190;27.2;20.3
978;2021-07-19;98;134;9694;7324;27.4;20.7
978;2021-07-20;80;73;9774;7397;27.7;20.9
978;2021-07-21;61;49;9835;7446;27.8;21.1
978;2021-07-22;97;115;9932;7561;28.1;21.4
978;2021-07-23;67;100;9999;7661;28.3;21.7
978;2021-07-24;20;35;10019;7696;28.4;21.8
978;2021-07-25;0;0;10019;7696;28.4;21.8
978;2021-07-26;91;116;10110;7812;28.6;22.1
978;2021-07-27;67;145;10177;7957;28.8;22.5
978;2021-07-28;72;125;10249;8082;29.0;22.9
